[name]
unknown

[dist]
# distance from previous block
# <min> <max>
12	140

[block]
# block no. 0 follows, 46 sequences, length 7
# corresponding to MSA columns:
# 163-169
name=unknown_A
#
# <colnr> <probs for GDERKNQSTAVLIFYWHMCP>
#	G	D	E	R	K	N	Q	S	T	A	V	L	I	F	Y	W	H	M	C	P
0	0.01181	0.05616	0.02842	0.05173	0.03598	0.05174	0.00751	0.05607	0.09209	0.06107	0.06800	0.05949	0.05916	0.06377	0.04852	0.05148	0.00519	0.00590	0.04490	0.14102
1	0.08247	0.05701	0.04870	0.03708	0.01455	0.01019	0.11259	0.10595	0.03785	0.04093	0.04257	0.07046	0.05294	0.09258	0.00816	0.04363	0.00526	0.00596	0.00368	0.12744
2	0.01340	0.05664	0.01407	0.06317	0.01504	0.01056	0.05918	0.15544	0.01378	0.09447	0.04850	0.09451	0.01369	0.05411	0.00716	0.00170	0.05809	0.00580	0.00399	0.21669
3	0.00954	0.00789	0.01008	0.00901	0.01103	0.00791	0.05033	0.05841	0.13138	0.01758	0.11757	0.25434	0.11970	0.03523	0.00706	0.00188	0.03903	0.00932	0.00463	0.09809
4	0.05916	0.10341	0.01507	0.15450	0.05089	0.01139	0.05472	0.08742	0.01177	0.01661	0.01333	0.17583	0.01314	0.00802	0.00648	0.02621	0.06530	0.00638	0.00334	0.11702
5	0.01244	0.00818	0.05284	0.00740	0.00982	0.00734	0.00622	0.08910	0.04693	0.10687	0.01687	0.04641	0.01327	0.00822	0.04551	0.00176	0.00411	0.00527	0.46846	0.04299
6	0.34760	0.01175	0.03138	0.21337	0.01878	0.05500	0.00964	0.09446	0.01175	0.05591	0.00922	0.01131	0.00701	0.00556	0.00532	0.00167	0.06646	0.00385	0.00327	0.03669

[dist]
# distance from previous block
# <min> <max>
7	55

[block]
# block no. 1 follows, 46 sequences, length 269
# corresponding to MSA columns:
# 225-493
name=unknown_B
#
# <colnr> <probs for GDERKNQSTAVLIFYWHMCP>
#	G	D	E	R	K	N	Q	S	T	A	V	L	I	F	Y	W	H	M	C	P
0	0.19825	0.12583	0.07327	0.03033	0.15708	0.07001	0.01026	0.10017	0.02706	0.01949	0.06158	0.05149	0.01154	0.00610	0.00484	0.00156	0.02002	0.00471	0.00337	0.02305
1	0.12051	0.02701	0.06775	0.23924	0.22878	0.01182	0.04900	0.04813	0.02586	0.04584	0.03860	0.02908	0.00985	0.00551	0.00503	0.00164	0.00604	0.00483	0.00308	0.03241
2	0.20358	0.02946	0.01341	0.01044	0.01405	0.01390	0.02255	0.46850	0.01927	0.02848	0.07598	0.05149	0.01283	0.00680	0.00496	0.00162	0.00508	0.00521	0.00475	0.00763
3	0.02699	0.00592	0.00796	0.02313	0.02309	0.00575	0.02777	0.00996	0.00996	0.07229	0.12772	0.15378	0.03501	0.31407	0.01591	0.11971	0.00441	0.00832	0.00397	0.00429
4	0.19955	0.00997	0.05016	0.43449	0.03923	0.01076	0.01140	0.01404	0.01040	0.05218	0.01218	0.01580	0.04861	0.00652	0.00571	0.04571	0.00588	0.01863	0.00293	0.00585
5	0.16055	0.22066	0.18667	0.01273	0.05358	0.04293	0.07964	0.06063	0.04768	0.04871	0.01046	0.03530	0.00844	0.00541	0.00451	0.00154	0.00614	0.00422	0.00308	0.00712
6	0.03667	0.00697	0.00861	0.04994	0.01021	0.04424	0.00602	0.04581	0.00999	0.08548	0.05472	0.10834	0.01460	0.03115	0.01413	0.45481	0.00472	0.00610	0.00340	0.00412
7	0.00754	0.00534	0.00635	0.00640	0.00776	0.00472	0.00467	0.00899	0.01231	0.05300	0.22598	0.22553	0.36005	0.01332	0.00675	0.02738	0.00287	0.01119	0.00514	0.00471
8	0.01073	0.01996	0.49280	0.01342	0.01923	0.01037	0.08070	0.01557	0.01222	0.06062	0.16441	0.04671	0.01682	0.00663	0.00545	0.00170	0.00649	0.00573	0.00333	0.00713
9	0.01168	0.00803	0.01187	0.14455	0.01581	0.00822	0.07169	0.04777	0.06254	0.13498	0.17308	0.14440	0.02292	0.07945	0.00822	0.03167	0.00478	0.00785	0.00453	0.00598
10	0.00864	0.00564	0.00704	0.00667	0.00814	0.00508	0.00495	0.01058	0.01357	0.08912	0.45075	0.11419	0.19385	0.04930	0.00717	0.00190	0.00290	0.00994	0.00549	0.00510
11	0.74174	0.01083	0.00884	0.00764	0.01104	0.01246	0.00630	0.11433	0.01109	0.02499	0.00807	0.00913	0.00616	0.00510	0.00354	0.00163	0.00432	0.00311	0.00354	0.00616
12	0.05541	0.05533	0.71766	0.01442	0.02187	0.01257	0.01842	0.01664	0.01103	0.01696	0.00930	0.01093	0.00665	0.00500	0.00487	0.00165	0.00754	0.00381	0.00229	0.00766
13	0.03535	0.00825	0.01064	0.00873	0.01185	0.00766	0.00700	0.02126	0.10046	0.46433	0.22361	0.03786	0.02352	0.00790	0.00555	0.00167	0.00389	0.00665	0.00612	0.00770
14	0.00659	0.00492	0.00612	0.00676	0.00759	0.00446	0.00471	0.00789	0.01146	0.01509	0.17249	0.49161	0.21149	0.01476	0.00654	0.00197	0.00287	0.01312	0.00508	0.00446
15	0.02010	0.01481	0.01587	0.01216	0.01639	0.01639	0.01005	0.76360	0.02486	0.03332	0.01269	0.01269	0.00899	0.00635	0.00529	0.00159	0.00582	0.00476	0.00529	0.00899
16	0.01270	0.01017	0.01100	0.01001	0.01249	0.02906	0.00777	0.13112	0.38627	0.04043	0.08806	0.15671	0.02174	0.00932	0.00576	0.00183	0.00426	0.04878	0.00526	0.00724
17	0.22518	0.00852	0.01007	0.00844	0.01166	0.00817	0.00676	0.01999	0.01273	0.46062	0.01898	0.15567	0.01513	0.00791	0.00506	0.00173	0.00414	0.00643	0.00545	0.00736
18	0.00769	0.00513	0.00577	0.00577	0.00577	0.00513	0.00320	0.00769	0.00769	0.01025	0.01666	0.03460	0.01922	0.81421	0.02691	0.00513	0.00513	0.00769	0.00320	0.00320
19	0.01096	0.00940	0.01096	0.00783	0.01253	0.00705	0.00626	0.01331	0.01096	0.01723	0.00940	0.01096	0.00783	0.00392	0.00392	0.00078	0.00392	0.00313	0.00313	0.84653
20	0.00669	0.00506	0.00617	0.00656	0.00758	0.00455	0.00467	0.00819	0.01210	0.01596	0.25362	0.36197	0.25979	0.01395	0.00645	0.00190	0.00279	0.01230	0.00517	0.00455
21	0.00918	0.00459	0.00689	0.00689	0.00689	0.00459	0.00459	0.00689	0.00689	0.00918	0.00918	0.01607	0.00918	0.01837	0.02066	0.84619	0.00459	0.00459	0.00230	0.00230
22	0.00744	0.00540	0.00700	0.00660	0.00787	0.00497	0.00495	0.00989	0.01486	0.02095	0.75193	0.03991	0.07655	0.01090	0.00624	0.00167	0.00250	0.00962	0.00579	0.00497
23	0.11421	0.01061	0.01255	0.00985	0.01380	0.01056	0.00810	0.18955	0.07376	0.47478	0.01758	0.01589	0.01158	0.00636	0.00509	0.00164	0.00472	0.00497	0.00581	0.00858
24	0.00983	0.00686	0.00816	0.00805	0.00952	0.00678	0.00588	0.15122	0.01352	0.05379	0.04335	0.49564	0.13948	0.01358	0.00632	0.00195	0.00359	0.01196	0.00507	0.00544
25	0.47565	0.00967	0.00981	0.00807	0.01171	0.01000	0.00665	0.02018	0.01178	0.36935	0.01349	0.01286	0.00907	0.00565	0.00420	0.00164	0.00428	0.00398	0.00476	0.00721
26	0.01036	0.00542	0.00547	0.00529	0.00667	0.00550	0.00401	0.04962	0.01177	0.02038	0.01702	0.01936	0.01332	0.00617	0.00377	0.00125	0.00263	0.00492	0.80194	0.00513
27	0.00913	0.00548	0.00718	0.00723	0.00833	0.00504	0.00514	0.01062	0.01211	0.11657	0.26132	0.38603	0.04806	0.08254	0.00814	0.00218	0.00325	0.01135	0.00526	0.00503
28	0.00859	0.00547	0.00697	0.00734	0.00842	0.00503	0.00523	0.02506	0.01166	0.09200	0.10068	0.50559	0.14008	0.02662	0.00678	0.00204	0.00323	0.02913	0.00514	0.00495
29	0.55820	0.00979	0.00936	0.00782	0.01138	0.01041	0.00645	0.01916	0.01117	0.29345	0.01214	0.01192	0.00833	0.00549	0.00400	0.00164	0.00423	0.00373	0.00443	0.00688
30	0.00644	0.00460	0.00613	0.00736	0.00767	0.00429	0.00491	0.00736	0.01012	0.01350	0.02914	0.81076	0.03497	0.01656	0.00675	0.00215	0.00307	0.01503	0.00491	0.00429
31	0.00780	0.00518	0.00692	0.00713	0.00787	0.00498	0.00520	0.00868	0.01106	0.01500	0.26157	0.14758	0.07602	0.08511	0.03533	0.19284	0.00397	0.10932	0.00439	0.00407
32	0.01175	0.01093	0.01845	0.35364	0.39928	0.01194	0.02843	0.03207	0.01148	0.01567	0.00975	0.01367	0.00786	0.00565	0.00602	0.04257	0.00656	0.00473	0.00255	0.00702
33	0.01096	0.00940	0.01096	0.00783	0.01253	0.00705	0.00626	0.01331	0.01096	0.01723	0.00940	0.01096	0.00783	0.00392	0.00392	0.00078	0.00392	0.00313	0.00313	0.84653
34	0.01849	0.07189	0.01541	0.02655	0.01562	0.07475	0.00928	0.41387	0.07165	0.12465	0.01322	0.01316	0.00953	0.00596	0.00498	0.00148	0.00564	0.00450	0.00476	0.09461
35	0.01914	0.01198	0.01361	0.01078	0.01453	0.01276	0.00880	0.41012	0.11232	0.22792	0.01619	0.01565	0.01135	0.00814	0.04436	0.00195	0.00554	0.00511	0.04123	0.00853
36	0.00793	0.00550	0.00643	0.00637	0.00665	0.00571	0.00391	0.00891	0.04481	0.01110	0.01656	0.03202	0.01826	0.67099	0.12888	0.00542	0.00629	0.00733	0.00326	0.00366
37	0.01477	0.03042	0.01207	0.01100	0.01312	0.38519	0.00824	0.07467	0.04964	0.02997	0.04355	0.23026	0.01709	0.01048	0.04362	0.00197	0.00703	0.00716	0.00383	0.00591
38	0.00918	0.00459	0.00689	0.00689	0.00689	0.00459	0.00459	0.00689	0.00689	0.00918	0.00918	0.01607	0.00918	0.01837	0.02066	0.84619	0.00459	0.00459	0.00230	0.00230
39	0.00822	0.00562	0.00712	0.00668	0.00818	0.00509	0.00509	0.01049	0.01441	0.06271	0.59307	0.04078	0.16814	0.01111	0.00622	0.00170	0.00271	0.03186	0.00568	0.00512
40	0.07524	0.06856	0.01880	0.01721	0.16883	0.04237	0.15214	0.04743	0.26115	0.01905	0.01334	0.01458	0.01041	0.00587	0.00602	0.00170	0.06096	0.00510	0.00364	0.00759
41	0.09560	0.01006	0.01255	0.04062	0.05717	0.00861	0.04382	0.03658	0.01130	0.01821	0.00939	0.01118	0.00766	0.00421	0.00413	0.00102	0.00449	0.00345	0.00313	0.61682
42	0.01357	0.03231	0.03215	0.10199	0.27169	0.12815	0.18855	0.03234	0.08426	0.01677	0.01154	0.01513	0.00941	0.00545	0.00545	0.00165	0.00721	0.03203	0.00300	0.00733
43	0.01008	0.00551	0.00753	0.00744	0.00824	0.00531	0.00522	0.02462	0.02583	0.09768	0.09027	0.25174	0.02143	0.03390	0.01305	0.37172	0.00396	0.00831	0.00401	0.00415
44	0.01422	0.01375	0.02008	0.01601	0.04259	0.06291	0.29088	0.13373	0.28790	0.02097	0.01562	0.01643	0.02731	0.00598	0.00566	0.00172	0.00657	0.00580	0.00409	0.00777
45	0.00708	0.00549	0.00648	0.00664	0.00809	0.00494	0.00519	0.00891	0.01273	0.01637	0.24466	0.06487	0.39640	0.03167	0.00695	0.00197	0.00313	0.15866	0.00511	0.00465
46	0.00881	0.00594	0.00725	0.00722	0.00848	0.00567	0.00530	0.02503	0.04993	0.06660	0.17990	0.20295	0.16520	0.13691	0.00985	0.02142	0.00361	0.08012	0.00490	0.00491
47	0.85155	0.01022	0.00777	0.00695	0.01022	0.01186	0.00573	0.01554	0.00900	0.02372	0.00736	0.00859	0.00573	0.00491	0.00327	0.00164	0.00409	0.00286	0.00327	0.00573
48	0.00634	0.00498	0.00574	0.00635	0.00740	0.00438	0.00446	0.00748	0.01109	0.01389	0.04146	0.42737	0.41040	0.01496	0.00650	0.00196	0.00287	0.01308	0.00491	0.00438
49	0.01567	0.01284	0.01312	0.01121	0.01455	0.05249	0.00887	0.21650	0.51295	0.05418	0.01856	0.01735	0.01372	0.00685	0.00532	0.00171	0.00488	0.00551	0.00527	0.00844
50	0.00679	0.00508	0.00605	0.00638	0.00728	0.00462	0.00441	0.00804	0.01138	0.01491	0.19608	0.30354	0.25703	0.13264	0.00948	0.00238	0.00313	0.01161	0.00485	0.00433
51	0.01249	0.01079	0.01133	0.01025	0.01312	0.01232	0.00795	0.02615	0.69957	0.02137	0.02456	0.02268	0.08856	0.00776	0.00546	0.00179	0.00404	0.00647	0.00533	0.00800
52	0.00852	0.00608	0.00852	0.00974	0.01095	0.00608	0.00852	0.01095	0.01217	0.01582	0.02799	0.05963	0.03042	0.01460	0.00730	0.00243	0.00487	0.74565	0.00487	0.00487
53	0.00644	0.00460	0.00613	0.00736	0.00767	0.00429	0.00491	0.00736	0.01012	0.01350	0.02914	0.81076	0.03497	0.01656	0.00675	0.00215	0.00307	0.01503	0.00491	0.00429
54	0.85155	0.01022	0.00777	0.00695	0.01022	0.01186	0.00573	0.01554	0.00900	0.02372	0.00736	0.00859	0.00573	0.00491	0.00327	0.00164	0.00409	0.00286	0.00327	0.00573
55	0.00852	0.00608	0.00852	0.00974	0.01095	0.00608	0.00852	0.01095	0.01217	0.01582	0.02799	0.05963	0.03042	0.01460	0.00730	0.00243	0.00487	0.74565	0.00487	0.00487
56	0.85155	0.01022	0.00777	0.00695	0.01022	0.01186	0.00573	0.01554	0.00900	0.02372	0.00736	0.00859	0.00573	0.00491	0.00327	0.00164	0.00409	0.00286	0.00327	0.00573
57	0.00852	0.00608	0.00852	0.00974	0.01095	0.00608	0.00852	0.01095	0.01217	0.01582	0.02799	0.05963	0.03042	0.01460	0.00730	0.00243	0.00487	0.74565	0.00487	0.00487
58	0.01315	0.01136	0.01195	0.01076	0.01375	0.01315	0.00837	0.02809	0.77168	0.02211	0.02152	0.01972	0.01614	0.00717	0.00538	0.00179	0.00418	0.00598	0.00538	0.00837
59	0.00654	0.00467	0.00625	0.00747	0.00782	0.00438	0.00508	0.00753	0.01022	0.01360	0.02908	0.77542	0.03475	0.01647	0.00677	0.00216	0.00315	0.04940	0.00491	0.00432
60	0.01423	0.01189	0.01256	0.01098	0.01416	0.01365	0.00863	0.14261	0.65541	0.02386	0.02014	0.01863	0.01502	0.00704	0.00537	0.00176	0.00444	0.00579	0.00537	0.00846
61	0.00701	0.00505	0.00619	0.00674	0.00729	0.00469	0.00439	0.00777	0.00960	0.01278	0.02651	0.47816	0.09102	0.25255	0.01256	0.00294	0.00369	0.01195	0.00432	0.04479
62	0.01443	0.67984	0.02634	0.01148	0.07447	0.07718	0.02437	0.01627	0.01119	0.01294	0.00768	0.00903	0.00694	0.00460	0.00369	0.00120	0.00605	0.00308	0.00233	0.00687
63	0.01413	0.81739	0.02770	0.00905	0.01357	0.02092	0.00905	0.01583	0.01074	0.01244	0.00735	0.00848	0.00678	0.00452	0.00339	0.00113	0.00565	0.00283	0.00226	0.00678
64	0.00650	0.00463	0.00612	0.00728	0.00758	0.00433	0.00482	0.00738	0.01000	0.01334	0.02853	0.77316	0.03420	0.05521	0.00772	0.00229	0.00317	0.01467	0.00482	0.00424
65	0.02922	0.01070	0.01768	0.45132	0.24089	0.01219	0.05052	0.04668	0.01159	0.01595	0.00987	0.01373	0.00771	0.00527	0.00559	0.00170	0.03080	0.00474	0.02711	0.00673
66	0.49645	0.03075	0.07103	0.00943	0.03490	0.01216	0.00799	0.07782	0.09510	0.08998	0.02352	0.01181	0.00869	0.00551	0.00409	0.00164	0.00464	0.00382	0.00387	0.00682
67	0.02291	0.00882	0.01201	0.00927	0.01322	0.00763	0.00763	0.02498	0.01512	0.74698	0.05847	0.01906	0.01491	0.00675	0.00536	0.00164	0.00440	0.00553	0.00651	0.00880
68	0.00660	0.00469	0.00618	0.00729	0.00762	0.00441	0.00487	0.00752	0.01010	0.01349	0.04408	0.72445	0.03410	0.07097	0.00813	0.00235	0.00324	0.03087	0.00481	0.00425
69	0.01870	0.00928	0.01194	0.01038	0.04256	0.00886	0.00790	0.16530	0.01578	0.43436	0.02071	0.19557	0.01704	0.00869	0.00563	0.00174	0.00450	0.00737	0.00578	0.00791
70	0.00841	0.00605	0.00836	0.00952	0.01076	0.00600	0.00830	0.01079	0.01216	0.01574	0.02926	0.05920	0.06760	0.01454	0.00725	0.00240	0.00476	0.70918	0.00487	0.00485
71	0.01096	0.00940	0.01096	0.00783	0.01253	0.00705	0.00626	0.01331	0.01096	0.01723	0.00940	0.01096	0.00783	0.00392	0.00392	0.00078	0.00392	0.00313	0.00313	0.84653
72	0.01268	0.01214	0.02072	0.13389	0.68299	0.01245	0.01602	0.01587	0.01184	0.01677	0.00987	0.01322	0.00820	0.00479	0.00524	0.00160	0.00638	0.00471	0.00258	0.00804
73	0.01079	0.02558	0.69168	0.01555	0.02279	0.01255	0.07503	0.01656	0.01111	0.01656	0.00945	0.01141	0.00681	0.00519	0.00573	0.00171	0.04745	0.00412	0.00227	0.00766
74	0.00668	0.00483	0.00631	0.00708	0.00769	0.00447	0.00488	0.00799	0.01137	0.01536	0.20748	0.58655	0.07965	0.01503	0.00660	0.00201	0.00291	0.01352	0.00512	0.00447
75	0.01078	0.00598	0.00749	0.00721	0.00856	0.00551	0.00509	0.01214	0.02572	0.18543	0.07487	0.28864	0.11030	0.21418	0.01139	0.00270	0.00385	0.01006	0.00491	0.00521
76	0.01942	0.00957	0.01167	0.00933	0.01281	0.00930	0.00757	0.17936	0.05755	0.43598	0.02033	0.05410	0.04144	0.00720	0.00523	0.00162	0.00440	0.00584	0.09916	0.00813
77	0.85155	0.01022	0.00777	0.00695	0.01022	0.01186	0.00573	0.01554	0.00900	0.02372	0.00736	0.00859	0.00573	0.00491	0.00327	0.00164	0.00409	0.00286	0.00327	0.00573
78	0.00766	0.00517	0.00596	0.00590	0.00608	0.00510	0.00347	0.00803	0.00877	0.01188	0.12987	0.03532	0.02378	0.69481	0.02384	0.00461	0.00473	0.00797	0.00359	0.00347
79	0.00750	0.00528	0.00661	0.00659	0.00764	0.00485	0.00470	0.00921	0.01273	0.03521	0.41863	0.20395	0.14024	0.10254	0.00865	0.00217	0.00298	0.01063	0.00523	0.00466
80	0.00643	0.00464	0.00610	0.00726	0.00764	0.00430	0.00486	0.00737	0.01022	0.01353	0.03035	0.77303	0.07191	0.01640	0.00672	0.00213	0.00305	0.01484	0.00491	0.00430
81	0.01248	0.01426	0.03119	0.02228	0.02763	0.01337	0.76203	0.01693	0.01248	0.01693	0.01070	0.01426	0.00802	0.00446	0.00624	0.00178	0.00891	0.00624	0.00267	0.00713
82	0.00756	0.00565	0.00844	0.00844	0.00936	0.00658	0.00654	0.00940	0.00848	0.01223	0.01421	0.02106	0.01334	0.05601	0.77707	0.00842	0.01397	0.00571	0.00284	0.00469
83	0.01734	0.01344	0.01431	0.01161	0.01534	0.01511	0.00938	0.47159	0.32136	0.02887	0.01620	0.01548	0.01183	0.00667	0.00532	0.00167	0.00517	0.00524	0.00532	0.00874
84	0.00738	0.00540	0.00692	0.00654	0.00783	0.00494	0.00491	0.00978	0.01472	0.02062	0.71800	0.04044	0.11069	0.01102	0.00624	0.00167	0.00251	0.00969	0.00574	0.00494
85	0.00852	0.00608	0.00852	0.00974	0.01095	0.00608	0.00852	0.01095	0.01217	0.01582	0.02799	0.05963	0.03042	0.01460	0.00730	0.00243	0.00487	0.74565	0.00487	0.00487
86	0.01096	0.00940	0.01096	0.00783	0.01253	0.00705	0.00626	0.01331	0.01096	0.01723	0.00940	0.01096	0.00783	0.00392	0.00392	0.00078	0.00392	0.00313	0.00313	0.84653
87	0.00706	0.00533	0.00660	0.00746	0.00819	0.00516	0.00514	0.00937	0.08306	0.01441	0.03116	0.64979	0.11683	0.01531	0.00656	0.00207	0.00313	0.01373	0.00495	0.00470
88	0.01950	0.01405	0.01520	0.01182	0.01586	0.01546	0.00970	0.66777	0.06365	0.06750	0.01402	0.03658	0.01032	0.00670	0.00534	0.00162	0.00559	0.00515	0.00534	0.00882
89	0.67223	0.00996	0.00874	0.00748	0.01093	0.01097	0.00617	0.01775	0.01033	0.18860	0.01028	0.01063	0.00732	0.00526	0.00371	0.00164	0.00418	0.00339	0.00398	0.00643
90	0.00974	0.00577	0.00734	0.00697	0.00775	0.00586	0.00470	0.01051	0.00887	0.11182	0.01654	0.02875	0.01682	0.50294	0.22784	0.00557	0.00745	0.00684	0.00354	0.00436
91	0.00816	0.00537	0.00658	0.00695	0.00742	0.00527	0.00449	0.00938	0.04967	0.04575	0.02243	0.38133	0.02550	0.34877	0.01554	0.03422	0.00410	0.01068	0.00420	0.00418
92	0.00718	0.00538	0.00666	0.00637	0.00772	0.00485	0.00477	0.00938	0.01420	0.01947	0.59822	0.05788	0.21544	0.01151	0.00625	0.00170	0.00255	0.01004	0.00559	0.00485
93	0.02029	0.01450	0.01567	0.01202	0.01624	0.01594	0.00993	0.72440	0.02434	0.07325	0.01313	0.01297	0.00921	0.00636	0.00529	0.00159	0.00575	0.00479	0.00536	0.00899
94	0.01259	0.01206	0.02057	0.15381	0.66369	0.01243	0.01598	0.01580	0.01181	0.01668	0.00986	0.01324	0.00816	0.00480	0.00524	0.00160	0.00640	0.00471	0.00257	0.00798
95	0.00660	0.00470	0.00614	0.00715	0.00751	0.00441	0.00475	0.00753	0.01020	0.01364	0.06829	0.68992	0.04706	0.08498	0.00845	0.00237	0.00321	0.01404	0.00481	0.00424
96	0.00652	0.00465	0.00622	0.00745	0.00779	0.00436	0.00504	0.00749	0.01020	0.01358	0.02910	0.78328	0.03480	0.01649	0.00677	0.00216	0.00313	0.04175	0.00491	0.00431
97	0.08056	0.03585	0.01626	0.04002	0.13696	0.50522	0.04719	0.01933	0.02665	0.01493	0.00895	0.01075	0.00734	0.00526	0.00478	0.00145	0.00819	0.00381	0.02000	0.00652
98	0.00644	0.00460	0.00613	0.00736	0.00767	0.00429	0.00491	0.00736	0.01012	0.01350	0.02914	0.81076	0.03497	0.01656	0.00675	0.00215	0.00307	0.01503	0.00491	0.00429
99	0.01096	0.00940	0.01096	0.00783	0.01253	0.00705	0.00626	0.01331	0.01096	0.01723	0.00940	0.01096	0.00783	0.00392	0.00392	0.00078	0.00392	0.00313	0.00313	0.84653
100	0.01913	0.01381	0.01486	0.01142	0.01563	0.03069	0.00938	0.57793	0.04484	0.09349	0.01317	0.01308	0.00937	0.00609	0.00512	0.00150	0.00552	0.00463	0.00509	0.10525
101	0.01110	0.01096	0.01451	0.01273	0.01306	0.05071	0.01046	0.01243	0.00850	0.01264	0.00852	0.01341	0.00826	0.01548	0.18036	0.00357	0.60048	0.00479	0.00244	0.00558
102	0.00818	0.00609	0.00873	0.00855	0.00961	0.00702	0.00661	0.04680	0.00927	0.01322	0.01421	0.02104	0.01330	0.07552	0.71701	0.00799	0.01331	0.00572	0.00297	0.00486
103	0.02372	0.00900	0.01227	0.00941	0.01350	0.00777	0.00777	0.02576	0.01513	0.78489	0.02086	0.01799	0.01309	0.00654	0.00532	0.00164	0.00450	0.00532	0.00654	0.00900
104	0.02372	0.00900	0.01227	0.00941	0.01350	0.00777	0.00777	0.02576	0.01513	0.78489	0.02086	0.01799	0.01309	0.00654	0.00532	0.00164	0.00450	0.00532	0.00654	0.00900
105	0.85155	0.01022	0.00777	0.00695	0.01022	0.01186	0.00573	0.01554	0.00900	0.02372	0.00736	0.00859	0.00573	0.00491	0.00327	0.00164	0.00409	0.00286	0.00327	0.00573
106	0.00644	0.00460	0.00613	0.00736	0.00767	0.00429	0.00491	0.00736	0.01012	0.01350	0.02914	0.81076	0.03497	0.01656	0.00675	0.00215	0.00307	0.01503	0.00491	0.00429
107	0.00634	0.00536	0.00548	0.00545	0.00720	0.00450	0.00409	0.00776	0.01226	0.01478	0.10593	0.05005	0.72640	0.01320	0.00625	0.00178	0.00266	0.01104	0.00497	0.00450
108	0.00644	0.00460	0.00613	0.00736	0.00767	0.00429	0.00491	0.00736	0.01012	0.01350	0.02914	0.81076	0.03497	0.01656	0.00675	0.00215	0.00307	0.01503	0.00491	0.00429
109	0.00743	0.00536	0.00702	0.00669	0.00789	0.00495	0.00498	0.00985	0.01472	0.02082	0.74124	0.07778	0.04914	0.01109	0.00626	0.00169	0.00252	0.00983	0.00577	0.00495
110	0.48153	0.01113	0.01067	0.00874	0.01241	0.01219	0.00721	0.20450	0.01416	0.17528	0.01134	0.01146	0.00798	0.00559	0.00418	0.00162	0.00460	0.00382	0.00442	0.00718
111	0.00985	0.00493	0.00493	0.00493	0.00616	0.00493	0.00370	0.01232	0.01109	0.01971	0.01725	0.01971	0.01355	0.00616	0.00370	0.00123	0.00246	0.00493	0.84356	0.00493
112	0.00985	0.00493	0.00493	0.00493	0.00616	0.00493	0.00370	0.01232	0.01109	0.01971	0.01725	0.01971	0.01355	0.00616	0.00370	0.00123	0.00246	0.00493	0.84356	0.00493
113	0.01096	0.00940	0.01096	0.00783	0.01253	0.00705	0.00626	0.01331	0.01096	0.01723	0.00940	0.01096	0.00783	0.00392	0.00392	0.00078	0.00392	0.00313	0.00313	0.84653
114	0.82701	0.01007	0.00769	0.00689	0.01011	0.01166	0.00567	0.01545	0.00906	0.02360	0.00765	0.00891	0.00595	0.00494	0.00328	0.00162	0.00404	0.00292	0.02777	0.00570
115	0.85155	0.01022	0.00777	0.00695	0.01022	0.01186	0.00573	0.01554	0.00900	0.02372	0.00736	0.00859	0.00573	0.00491	0.00327	0.00164	0.00409	0.00286	0.00327	0.00573
116	0.01315	0.01136	0.01195	0.01076	0.01375	0.01315	0.00837	0.02809	0.77168	0.02211	0.02152	0.01972	0.01614	0.00717	0.00538	0.00179	0.00418	0.00598	0.00538	0.00837
117	0.02361	0.00917	0.01237	0.00949	0.01358	0.00802	0.00784	0.04728	0.01541	0.76298	0.02062	0.01784	0.01297	0.00654	0.00532	0.00163	0.00454	0.00530	0.00651	0.00900
118	0.02010	0.01481	0.01587	0.01216	0.01639	0.01639	0.01005	0.76360	0.02486	0.03332	0.01269	0.01269	0.00899	0.00635	0.00529	0.00159	0.00582	0.00476	0.00529	0.00899
119	0.01975	0.02520	0.01498	0.01362	0.01634	0.79299	0.01021	0.02111	0.01498	0.01294	0.00817	0.00953	0.00681	0.00545	0.00477	0.00136	0.00953	0.00340	0.00272	0.00613
120	0.00637	0.00536	0.00553	0.00549	0.00722	0.00452	0.00411	0.00783	0.01234	0.01497	0.12617	0.04974	0.70604	0.01313	0.00625	0.00177	0.00266	0.01100	0.00500	0.00452
121	0.00735	0.00540	0.00688	0.00651	0.00781	0.00493	0.00488	0.00971	0.01464	0.02043	0.69810	0.04075	0.13070	0.01109	0.00624	0.00168	0.00251	0.00974	0.00572	0.00493
122	0.01315	0.01136	0.01195	0.01076	0.01375	0.01315	0.00837	0.02809	0.77168	0.02211	0.02152	0.01972	0.01614	0.00717	0.00538	0.00179	0.00418	0.00598	0.00538	0.00837
123	0.00756	0.00564	0.00840	0.00840	0.00931	0.00655	0.00648	0.00938	0.00847	0.01220	0.01425	0.02127	0.01344	0.06798	0.76523	0.00837	0.01383	0.00574	0.00285	0.00466
124	0.00636	0.00492	0.00580	0.00651	0.00744	0.00437	0.00453	0.00746	0.01094	0.01383	0.03947	0.48910	0.34995	0.01522	0.00654	0.00199	0.00290	0.01339	0.00491	0.00437
125	0.02359	0.00921	0.01240	0.00951	0.01360	0.00809	0.00785	0.05275	0.01549	0.75740	0.02056	0.01780	0.01294	0.00654	0.00532	0.00163	0.00455	0.00530	0.00650	0.00900
126	0.00998	0.00940	0.01586	0.80150	0.03641	0.01175	0.01468	0.01351	0.01057	0.01351	0.00940	0.01409	0.00705	0.00529	0.00529	0.00176	0.00705	0.00470	0.00235	0.00587
127	0.72981	0.01004	0.00843	0.00731	0.01070	0.01126	0.00603	0.01704	0.00990	0.13566	0.00935	0.00997	0.00681	0.00515	0.00357	0.00164	0.00415	0.00322	0.00375	0.00621
128	0.01975	0.02520	0.01498	0.01362	0.01634	0.79299	0.01021	0.02111	0.01498	0.01294	0.00817	0.00953	0.00681	0.00545	0.00477	0.00136	0.00953	0.00340	0.00272	0.00613
129	0.00748	0.00540	0.00707	0.00665	0.00790	0.00499	0.00499	0.00998	0.01496	0.02120	0.77844	0.03949	0.04988	0.01081	0.00624	0.00166	0.00249	0.00956	0.00582	0.00499
130	0.02372	0.00900	0.01227	0.00941	0.01350	0.00777	0.00777	0.02576	0.01513	0.78489	0.02086	0.01799	0.01309	0.00654	0.00532	0.00164	0.00450	0.00532	0.00654	0.00900
131	0.00644	0.00460	0.00613	0.00736	0.00767	0.00429	0.00491	0.00736	0.01012	0.01350	0.02914	0.81076	0.03497	0.01656	0.00675	0.00215	0.00307	0.01503	0.00491	0.00429
132	0.02010	0.01481	0.01587	0.01216	0.01639	0.01639	0.01005	0.76360	0.02486	0.03332	0.01269	0.01269	0.00899	0.00635	0.00529	0.00159	0.00582	0.00476	0.00529	0.00899
133	0.00748	0.00540	0.00707	0.00665	0.00790	0.00499	0.00499	0.00998	0.01496	0.02120	0.77844	0.03949	0.04988	0.01081	0.00624	0.00166	0.00249	0.00956	0.00582	0.00499
134	0.00643	0.00475	0.00602	0.00699	0.00758	0.00434	0.00475	0.00745	0.01056	0.01379	0.04892	0.66121	0.16611	0.01589	0.00665	0.00207	0.00299	0.01424	0.00493	0.00434
135	0.00852	0.00608	0.00852	0.00974	0.01095	0.00608	0.00852	0.01095	0.01217	0.01582	0.02799	0.05963	0.03042	0.01460	0.00730	0.00243	0.00487	0.74565	0.00487	0.00487
136	0.01315	0.01136	0.01195	0.01076	0.01375	0.01315	0.00837	0.02809	0.77168	0.02211	0.02152	0.01972	0.01614	0.00717	0.00538	0.00179	0.00418	0.00598	0.00538	0.00837
137	0.02319	0.00911	0.01225	0.00947	0.01351	0.00804	0.00780	0.02588	0.05269	0.74702	0.02089	0.01808	0.01324	0.00657	0.00532	0.00164	0.00448	0.00535	0.00649	0.00897
138	0.02056	0.00890	0.01159	0.00918	0.01282	0.00808	0.00747	0.06013	0.05910	0.59572	0.07249	0.03774	0.05665	0.00743	0.00546	0.00166	0.00429	0.00612	0.00624	0.00835
139	0.02010	0.01481	0.01587	0.01216	0.01639	0.01639	0.01005	0.76360	0.02486	0.03332	0.01269	0.01269	0.00899	0.00635	0.00529	0.00159	0.00582	0.00476	0.00529	0.00899
140	0.01315	0.01136	0.01195	0.01076	0.01375	0.01315	0.00837	0.02809	0.77168	0.02211	0.02152	0.01972	0.01614	0.00717	0.00538	0.00179	0.00418	0.00598	0.00538	0.00837
141	0.00704	0.00500	0.00608	0.00652	0.00702	0.00473	0.00427	0.00790	0.01011	0.01343	0.12233	0.33605	0.11255	0.30269	0.01390	0.00312	0.00373	0.02509	0.00441	0.00402
142	0.01782	0.01149	0.01300	0.01056	0.01397	0.01220	0.00848	0.40309	0.09998	0.18286	0.01786	0.13331	0.01456	0.00799	0.00548	0.00169	0.00488	0.00653	0.02612	0.00813
143	0.02372	0.00900	0.01227	0.00941	0.01350	0.00777	0.00777	0.02576	0.01513	0.78489	0.02086	0.01799	0.01309	0.00654	0.00532	0.00164	0.00450	0.00532	0.00654	0.00900
144	0.01033	0.00606	0.00806	0.00733	0.00907	0.00554	0.00571	0.01274	0.01480	0.15130	0.59713	0.03721	0.04225	0.01034	0.00615	0.00171	0.00300	0.05973	0.00588	0.00566
145	0.00744	0.00545	0.00630	0.00605	0.00745	0.00486	0.00441	0.00909	0.01275	0.03902	0.34040	0.04319	0.36296	0.11693	0.00892	0.00217	0.00298	0.00989	0.00510	0.00464
146	0.00828	0.00595	0.00821	0.00937	0.01056	0.00589	0.00807	0.01056	0.01203	0.01560	0.02928	0.10836	0.06616	0.01467	0.00722	0.00238	0.00465	0.66308	0.00487	0.00481
147	0.01315	0.01136	0.01195	0.01076	0.01375	0.01315	0.00837	0.02809	0.77168	0.02211	0.02152	0.01972	0.01614	0.00717	0.00538	0.00179	0.00418	0.00598	0.00538	0.00837
148	0.01096	0.00940	0.01096	0.00783	0.01253	0.00705	0.00626	0.01331	0.01096	0.01723	0.00940	0.01096	0.00783	0.00392	0.00392	0.00078	0.00392	0.00313	0.00313	0.84653
149	0.00755	0.00522	0.00626	0.00661	0.00694	0.00512	0.00422	0.02268	0.00942	0.01258	0.05858	0.27581	0.04043	0.45995	0.01793	0.00378	0.00432	0.04477	0.00401	0.00384
150	0.00644	0.00460	0.00613	0.00736	0.00767	0.00429	0.00491	0.00736	0.01012	0.01350	0.02914	0.81076	0.03497	0.01656	0.00675	0.00215	0.00307	0.01503	0.00491	0.00429
151	0.01334	0.01131	0.01196	0.01073	0.01374	0.01305	0.00836	0.02805	0.75795	0.03596	0.02150	0.01969	0.01608	0.00716	0.00538	0.00179	0.00419	0.00596	0.00540	0.00838
152	0.02125	0.01237	0.08139	0.01074	0.01517	0.01082	0.00948	0.24063	0.03623	0.47899	0.01749	0.01589	0.01140	0.00637	0.00528	0.00163	0.00517	0.00505	0.00577	0.00888
153	0.01285	0.01233	0.02092	0.04892	0.73590	0.01245	0.01587	0.01593	0.01194	0.01705	0.01074	0.01382	0.02344	0.00497	0.00547	0.00159	0.02013	0.00484	0.00265	0.00820
154	0.00644	0.00460	0.00613	0.00736	0.00767	0.00429	0.00491	0.00736	0.01012	0.01350	0.02914	0.81076	0.03497	0.01656	0.00675	0.00215	0.00307	0.01503	0.00491	0.00429
155	0.02217	0.00865	0.01177	0.00914	0.01296	0.00750	0.00750	0.02426	0.01512	0.71197	0.09320	0.02005	0.01660	0.00695	0.00540	0.00164	0.00431	0.00572	0.00647	0.00861
156	0.76451	0.01041	0.00910	0.02231	0.07790	0.01192	0.00679	0.01557	0.00929	0.02299	0.00762	0.00907	0.00598	0.00490	0.00348	0.00163	0.00433	0.00305	0.00320	0.00596
157	0.01255	0.01407	0.03008	0.02345	0.11395	0.01328	0.67660	0.01685	0.01243	0.01697	0.01061	0.01413	0.00806	0.00449	0.00612	0.00176	0.00861	0.00606	0.00267	0.00727
158	0.00755	0.00550	0.00773	0.00777	0.00845	0.00616	0.00569	0.00893	0.00834	0.01180	0.01525	0.04818	0.01540	0.23571	0.57479	0.00745	0.01153	0.00646	0.00299	0.00432
159	0.00734	0.00540	0.00687	0.00650	0.00781	0.00493	0.00488	0.00971	0.01463	0.02041	0.69622	0.04078	0.13259	0.01110	0.00624	0.00168	0.00251	0.00974	0.00572	0.00493
160	0.02206	0.00950	0.01235	0.00959	0.01361	0.00863	0.00787	0.06016	0.08318	0.64885	0.02005	0.01760	0.01295	0.00648	0.00526	0.00161	0.00451	0.00526	0.00624	0.04424
161	0.00748	0.00540	0.00707	0.00665	0.00790	0.00499	0.00499	0.00998	0.01496	0.02120	0.77844	0.03949	0.04988	0.01081	0.00624	0.00166	0.00249	0.00956	0.00582	0.00499
162	0.01413	0.81739	0.02770	0.00905	0.01357	0.02092	0.00905	0.01583	0.01074	0.01244	0.00735	0.00848	0.00678	0.00452	0.00339	0.00113	0.00565	0.00283	0.00226	0.00678
163	0.02084	0.00909	0.01197	0.00905	0.01328	0.00761	0.00743	0.02296	0.01419	0.61175	0.01827	0.01641	0.01190	0.00595	0.00500	0.00144	0.00437	0.00482	0.00577	0.19790
164	0.01639	0.00909	0.01066	0.00933	0.01216	0.06494	0.00754	0.03690	0.03104	0.36335	0.07171	0.11055	0.03369	0.00933	0.00581	0.00179	0.00462	0.14691	0.00547	0.04873
165	0.65714	0.01049	0.00917	0.00779	0.01127	0.01172	0.00642	0.08839	0.01136	0.13039	0.00975	0.01029	0.00706	0.00527	0.00375	0.00163	0.00431	0.00338	0.00392	0.00649
166	0.00649	0.00464	0.00619	0.00742	0.00774	0.00434	0.00499	0.00744	0.01017	0.01355	0.02911	0.79325	0.03486	0.01652	0.00676	0.00215	0.00311	0.03206	0.00491	0.00431
167	0.00711	0.00491	0.00603	0.00655	0.00678	0.00474	0.00410	0.00771	0.00933	0.01253	0.07967	0.38332	0.02860	0.39566	0.01630	0.00353	0.00400	0.01112	0.00417	0.00383
168	0.00876	0.00676	0.00821	0.00869	0.02668	0.02172	0.00669	0.04600	0.04051	0.01687	0.16181	0.11497	0.14652	0.08146	0.00832	0.00230	0.00411	0.27972	0.00485	0.00506
169	0.02010	0.01481	0.01587	0.01216	0.01639	0.01639	0.01005	0.76360	0.02486	0.03332	0.01269	0.01269	0.00899	0.00635	0.00529	0.00159	0.00582	0.00476	0.00529	0.00899
170	0.01315	0.01136	0.01195	0.01076	0.01375	0.01315	0.00837	0.02809	0.77168	0.02211	0.02152	0.01972	0.01614	0.00717	0.00538	0.00179	0.00418	0.00598	0.00538	0.00837
171	0.00844	0.00610	0.00761	0.00791	0.00890	0.00603	0.00565	0.10682	0.01292	0.01746	0.15690	0.56017	0.03408	0.01420	0.00648	0.00199	0.00336	0.02482	0.00511	0.00504
172	0.01248	0.01426	0.03119	0.02228	0.02763	0.01337	0.76203	0.01693	0.01248	0.01693	0.01070	0.01426	0.00802	0.00446	0.00624	0.00178	0.00891	0.00624	0.00267	0.00713
173	0.00746	0.00540	0.00703	0.00663	0.00788	0.00498	0.00497	0.00993	0.01491	0.02107	0.76473	0.03970	0.06367	0.01086	0.00624	0.00167	0.00250	0.00959	0.00580	0.00498
174	0.00748	0.00540	0.00707	0.00665	0.00790	0.00499	0.00499	0.00998	0.01496	0.02120	0.77844	0.03949	0.04988	0.01081	0.00624	0.00166	0.00249	0.00956	0.00582	0.00499
175	0.00644	0.00460	0.00613	0.00736	0.00767	0.00429	0.00491	0.00736	0.01012	0.01350	0.02914	0.81076	0.03497	0.01656	0.00675	0.00215	0.00307	0.01503	0.00491	0.00429
176	0.01065	0.00573	0.00764	0.00771	0.00897	0.00521	0.00551	0.01193	0.01161	0.19527	0.09251	0.52154	0.03042	0.04982	0.00728	0.00212	0.00345	0.01193	0.00529	0.00541
177	0.01096	0.00940	0.01096	0.00783	0.01253	0.00705	0.00626	0.01331	0.01096	0.01723	0.00940	0.01096	0.00783	0.00392	0.00392	0.00078	0.00392	0.00313	0.00313	0.84653
178	0.00748	0.00540	0.00707	0.00665	0.00790	0.00499	0.00499	0.00998	0.01496	0.02120	0.77844	0.03949	0.04988	0.01081	0.00624	0.00166	0.00249	0.00956	0.00582	0.00499
179	0.00677	0.00495	0.00641	0.00746	0.00795	0.00473	0.00505	0.00840	0.04609	0.01408	0.04484	0.73989	0.05174	0.01593	0.00666	0.00211	0.00310	0.01440	0.00495	0.00450
180	0.14520	0.00787	0.00948	0.00822	0.01089	0.00757	0.00642	0.01812	0.05315	0.35326	0.11969	0.16985	0.02129	0.03732	0.00616	0.00187	0.00391	0.00745	0.00545	0.00684
181	0.85155	0.01022	0.00777	0.00695	0.01022	0.01186	0.00573	0.01554	0.00900	0.02372	0.00736	0.00859	0.00573	0.00491	0.00327	0.00164	0.00409	0.00286	0.00327	0.00573
182	0.02296	0.00883	0.01202	0.00928	0.01323	0.00764	0.00764	0.02502	0.01512	0.74897	0.05649	0.01900	0.01482	0.00674	0.00536	0.00164	0.00440	0.00552	0.00651	0.00881
183	0.05211	0.00525	0.00603	0.00633	0.00668	0.00522	0.00393	0.00809	0.00886	0.01245	0.05034	0.26684	0.03925	0.48468	0.01839	0.00385	0.00430	0.00978	0.00385	0.00376
184	0.00672	0.00480	0.00642	0.00762	0.00803	0.00453	0.00531	0.00781	0.01032	0.01371	0.02872	0.70085	0.03405	0.03429	0.00727	0.00225	0.00334	0.10477	0.00486	0.00434
185	0.02015	0.02357	0.01471	0.01320	0.01606	0.71433	0.00997	0.02158	0.01500	0.09027	0.00944	0.01038	0.00744	0.00556	0.00482	0.00139	0.00903	0.00360	0.00311	0.00642
186	0.01215	0.01357	0.02859	0.02077	0.02537	0.01332	0.65026	0.01615	0.01185	0.01629	0.01049	0.01431	0.00816	0.00664	0.04548	0.00216	0.08887	0.00605	0.00265	0.00688
187	0.00757	0.00559	0.00810	0.00810	0.00891	0.00639	0.00611	0.00919	0.00838	0.01198	0.01452	0.02278	0.01409	0.15207	0.68203	0.00801	0.01285	0.00596	0.00289	0.00450
188	0.00817	0.00504	0.00563	0.00577	0.00616	0.00501	0.00361	0.00898	0.00894	0.01325	0.01829	0.10878	0.01947	0.49922	0.01820	0.00372	0.00419	0.02189	0.23188	0.00381
189	0.02984	0.01480	0.02196	0.04785	0.19140	0.14342	0.28664	0.03124	0.01245	0.01641	0.00965	0.01254	0.00774	0.00503	0.00619	0.00159	0.06244	0.00485	0.00274	0.09120
190	0.40883	0.01127	0.01223	0.08069	0.08080	0.01236	0.02417	0.18047	0.01312	0.02336	0.00924	0.01085	0.00710	0.00538	0.00450	0.01688	0.00501	0.00373	0.00354	0.08647
191	0.00741	0.00495	0.00645	0.00721	0.00786	0.00457	0.00493	0.00851	0.01082	0.05147	0.09584	0.62509	0.08309	0.04602	0.00738	0.00217	0.00314	0.01354	0.00500	0.00455
192	0.00748	0.00540	0.00707	0.00665	0.00790	0.00499	0.00499	0.00998	0.01496	0.02120	0.77844	0.03949	0.04988	0.01081	0.00624	0.00166	0.00249	0.00956	0.00582	0.00499
193	0.01233	0.01387	0.09584	0.19450	0.45203	0.03884	0.07042	0.01585	0.01170	0.01616	0.00972	0.01305	0.00782	0.00495	0.00550	0.00164	0.02101	0.00469	0.00252	0.00757
194	0.00770	0.00576	0.00732	0.04508	0.04587	0.00566	0.00523	0.02295	0.01013	0.01335	0.06699	0.26750	0.13427	0.32208	0.01425	0.00316	0.00417	0.01015	0.00408	0.00430
195	0.00731	0.00536	0.00685	0.00656	0.00781	0.00490	0.00489	0.00960	0.01442	0.02011	0.66752	0.08158	0.12062	0.01137	0.00626	0.00170	0.00254	0.01001	0.00568	0.00490
196	0.01993	0.01499	0.01576	0.01217	0.01633	0.03543	0.01001	0.72898	0.04122	0.03257	0.01278	0.01277	0.00910	0.00634	0.00528	0.00159	0.00587	0.00475	0.00523	0.00891
197	0.01090	0.00930	0.01078	0.00779	0.01234	0.00709	0.00622	0.02640	0.01126	0.01737	0.01159	0.01293	0.04522	0.00442	0.00405	0.00085	0.00389	0.00355	0.00326	0.79082
198	0.00729	0.00490	0.00645	0.00723	0.00778	0.00457	0.00491	0.00840	0.01077	0.04249	0.12570	0.62787	0.03503	0.07023	0.00801	0.00227	0.00319	0.01346	0.00497	0.00448
199	0.01073	0.00648	0.00902	0.00963	0.01126	0.00630	0.00833	0.01307	0.01256	0.13007	0.02696	0.07036	0.02795	0.01345	0.00699	0.00231	0.00477	0.61916	0.00512	0.00547
200	0.01125	0.00939	0.01099	0.00787	0.01255	0.00706	0.00630	0.01359	0.01106	0.03430	0.00965	0.01112	0.00795	0.00397	0.00395	0.00080	0.00393	0.00318	0.00321	0.82790
201	0.01148	0.00919	0.01043	0.00832	0.01161	0.00837	0.00635	0.11521	0.08863	0.01840	0.01400	0.08512	0.01309	0.14300	0.00839	0.00185	0.00433	0.00544	0.00382	0.43299
202	0.00682	0.00558	0.00606	0.00599	0.00767	0.00491	0.00456	0.00886	0.03565	0.01604	0.20409	0.04793	0.56854	0.01271	0.00627	0.00179	0.00278	0.04392	0.00511	0.00471
203	0.02361	0.00917	0.01238	0.00949	0.01358	0.00803	0.00784	0.04809	0.01543	0.76215	0.02061	0.01783	0.01296	0.00654	0.00532	0.00163	0.00454	0.00530	0.00651	0.00900
204	0.00748	0.00540	0.00707	0.00665	0.00790	0.00499	0.00499	0.00998	0.01496	0.02120	0.77844	0.03949	0.04988	0.01081	0.00624	0.00166	0.00249	0.00956	0.00582	0.00499
205	0.25196	0.00861	0.00973	0.00814	0.01122	0.00854	0.00651	0.01926	0.05044	0.36054	0.12814	0.04338	0.01752	0.04617	0.00597	0.00183	0.00406	0.00569	0.00525	0.00704
206	0.01357	0.01124	0.01201	0.01075	0.01375	0.01286	0.00845	0.06844	0.67440	0.04120	0.02132	0.02122	0.01635	0.00747	0.00547	0.00181	0.00432	0.04173	0.00538	0.00825
207	0.00742	0.00540	0.00698	0.00658	0.00786	0.00496	0.00494	0.00985	0.01481	0.02083	0.73993	0.04009	0.08862	0.01094	0.00624	0.00167	0.00250	0.00965	0.00577	0.00496
208	0.05926	0.00905	0.01208	0.00930	0.01335	0.00795	0.00768	0.02532	0.01487	0.75221	0.02028	0.01759	0.01277	0.00647	0.00523	0.00164	0.00448	0.00521	0.00640	0.00886
209	0.00874	0.00587	0.00702	0.00661	0.00833	0.00526	0.00499	0.01101	0.03562	0.09460	0.35692	0.09267	0.31926	0.01163	0.00616	0.00174	0.00285	0.01000	0.00547	0.00524
210	0.00654	0.00472	0.00619	0.00719	0.00767	0.00437	0.00487	0.00764	0.01070	0.01431	0.10640	0.69667	0.07149	0.01583	0.00667	0.00208	0.00299	0.01429	0.00500	0.00437
211	0.00985	0.00493	0.00493	0.00493	0.00616	0.00493	0.00370	0.01232	0.01109	0.01971	0.01725	0.01971	0.01355	0.00616	0.00370	0.00123	0.00246	0.00493	0.84356	0.00493
212	0.72852	0.01004	0.00844	0.00732	0.01071	0.01125	0.00603	0.01706	0.00991	0.13684	0.00937	0.00999	0.00682	0.00515	0.00358	0.00164	0.00415	0.00323	0.00376	0.00621
213	0.14199	0.01924	0.01376	0.01261	0.03715	0.46062	0.00948	0.11202	0.03140	0.01737	0.00931	0.01092	0.00760	0.00786	0.05633	0.00194	0.03704	0.00378	0.00317	0.00644
214	0.02372	0.00900	0.01227	0.00941	0.01350	0.00777	0.00777	0.02576	0.01513	0.78489	0.02086	0.01799	0.01309	0.00654	0.00532	0.00164	0.00450	0.00532	0.00654	0.00900
215	0.00631	0.00536	0.00544	0.00542	0.00718	0.00449	0.00406	0.00770	0.01219	0.01462	0.08867	0.05033	0.74376	0.01326	0.00625	0.00178	0.00267	0.01108	0.00495	0.00449
216	0.13566	0.00975	0.01202	0.00935	0.01334	0.00919	0.00772	0.09875	0.01528	0.60586	0.01820	0.01618	0.01167	0.00630	0.00504	0.00163	0.00458	0.00493	0.00597	0.00855
217	0.01223	0.01407	0.04431	0.07289	0.02747	0.01337	0.66311	0.01651	0.01212	0.01651	0.01041	0.01406	0.00788	0.00475	0.00668	0.00180	0.04620	0.00602	0.00263	0.00700
218	0.01996	0.01895	0.01551	0.01274	0.01637	0.32613	0.01011	0.46747	0.02092	0.02519	0.01089	0.01143	0.00812	0.00599	0.00508	0.00150	0.00730	0.00422	0.00427	0.00785
219	0.02229	0.01128	0.01368	0.01049	0.01464	0.01116	0.00867	0.31586	0.01895	0.48940	0.01765	0.01591	0.01148	0.00647	0.00531	0.00162	0.00502	0.00510	0.00605	0.00899
220	0.02003	0.01437	0.01553	0.01197	0.01614	0.01582	0.00987	0.69750	0.05166	0.07284	0.01345	0.01323	0.00947	0.00639	0.00529	0.00160	0.00569	0.00483	0.00536	0.00897
221	0.02322	0.00911	0.01225	0.00947	0.01351	0.00802	0.00780	0.02587	0.05072	0.74901	0.02089	0.01808	0.01323	0.00657	0.00532	0.00164	0.00448	0.00535	0.00649	0.00897
222	0.00636	0.00539	0.00551	0.00557	0.00733	0.00454	0.00424	0.00775	0.01206	0.01436	0.05229	0.05131	0.74192	0.01345	0.00630	0.00182	0.00279	0.04763	0.00491	0.00448
223	0.00721	0.00549	0.00748	0.08813	0.01092	0.00556	0.00609	0.00922	0.05087	0.01434	0.06393	0.64956	0.03187	0.01463	0.00650	0.00207	0.00350	0.01323	0.00472	0.00471
224	0.01407	0.00963	0.01230	0.02372	0.01386	0.01006	0.04399	0.19152	0.10324	0.13173	0.05949	0.03286	0.05292	0.00968	0.00633	0.00194	0.02001	0.25058	0.00512	0.00696
225	0.01973	0.01462	0.01566	0.01209	0.01625	0.01622	0.00996	0.72453	0.06453	0.03272	0.01316	0.01307	0.00937	0.00639	0.00529	0.00160	0.00573	0.00482	0.00529	0.00896
226	0.85155	0.01022	0.00777	0.00695	0.01022	0.01186	0.00573	0.01554	0.00900	0.02372	0.00736	0.00859	0.00573	0.00491	0.00327	0.00164	0.00409	0.00286	0.00327	0.00573
227	0.17148	0.01032	0.01678	0.04594	0.10685	0.01040	0.22878	0.02767	0.01143	0.05844	0.04191	0.15632	0.01457	0.03684	0.00648	0.00189	0.02212	0.00693	0.00355	0.02129
228	0.01248	0.01426	0.03119	0.02228	0.02763	0.01337	0.76203	0.01693	0.01248	0.01693	0.01070	0.01426	0.00802	0.00446	0.00624	0.00178	0.00891	0.00624	0.00267	0.00713
229	0.00737	0.00536	0.00693	0.00662	0.00785	0.00493	0.00493	0.00972	0.01457	0.02046	0.70363	0.07746	0.08790	0.01122	0.00626	0.00169	0.00253	0.00991	0.00573	0.00493
230	0.00760	0.00534	0.00682	0.00661	0.00771	0.00494	0.00479	0.00958	0.01350	0.03239	0.55827	0.12776	0.08800	0.09315	0.00838	0.00208	0.00287	0.01002	0.00541	0.00477
231	0.00670	0.00485	0.00627	0.00723	0.00778	0.00452	0.00501	0.00781	0.01060	0.01399	0.07058	0.60208	0.10587	0.05541	0.00772	0.00226	0.00324	0.06888	0.00487	0.00434
232	0.02310	0.00998	0.01288	0.00987	0.01399	0.00923	0.00816	0.15108	0.01678	0.65725	0.01947	0.01709	0.01239	0.00651	0.00531	0.00163	0.00472	0.00522	0.00633	0.00900
233	0.01535	0.00862	0.01053	0.00872	0.01151	0.00848	0.00695	0.15523	0.06540	0.26174	0.31792	0.02568	0.02705	0.00821	0.00560	0.00163	0.00384	0.00691	0.04342	0.00719
