[name]
unknown

[dist]
# distance from previous block
# <min> <max>
0	96

[block]
# block no. 0 follows, 48 sequences, length 23
# corresponding to MSA columns:
# 131-153
name=unknown_A
#
# <colnr> <probs for GDERKNQSTAVLIFYWHMCP>
#	G	D	E	R	K	N	Q	S	T	A	V	L	I	F	Y	W	H	M	C	P
0	0.09030	0.01027	0.02335	0.01100	0.06279	0.03695	0.00820	0.02074	0.39868	0.06594	0.04081	0.06844	0.03922	0.00809	0.00533	0.00177	0.00436	0.09202	0.00471	0.00703
1	0.01321	0.01290	0.14428	0.03135	0.28475	0.01046	0.04255	0.03077	0.09214	0.14292	0.05835	0.06152	0.01381	0.00649	0.00532	0.00165	0.00553	0.03069	0.00379	0.00754
2	0.00866	0.00594	0.00748	0.00678	0.00844	0.00541	0.00515	0.03603	0.01420	0.06573	0.57671	0.06799	0.10464	0.01017	0.00586	0.00159	0.00276	0.00888	0.00542	0.05215
3	0.02788	0.00882	0.02936	0.00943	0.01268	0.00783	0.06863	0.01778	0.05961	0.31789	0.19575	0.02266	0.06390	0.00730	0.00568	0.00155	0.02992	0.00622	0.00508	0.10204
4	0.01187	0.00939	0.01138	0.07357	0.01434	0.00778	0.00705	0.05691	0.01164	0.06755	0.01002	0.01143	0.00793	0.00421	0.00407	0.00094	0.00419	0.00339	0.00331	0.67902
5	0.07627	0.00921	0.01177	0.00918	0.01304	0.00850	0.00755	0.05924	0.06018	0.66023	0.01906	0.01673	0.01223	0.00628	0.00503	0.00159	0.00438	0.00502	0.00602	0.00849
6	0.00824	0.00553	0.00677	0.00629	0.00790	0.00491	0.00478	0.01027	0.01366	0.08438	0.49076	0.03999	0.27547	0.01092	0.00598	0.00165	0.00264	0.00941	0.00543	0.00502
7	0.00625	0.00521	0.00546	0.00540	0.00705	0.00441	0.00405	0.00773	0.01214	0.01492	0.16785	0.04763	0.66905	0.01260	0.00606	0.00171	0.00257	0.01058	0.00490	0.00441
8	0.00745	0.00575	0.00811	0.00725	0.00874	0.00528	0.05023	0.00989	0.01414	0.01976	0.67616	0.03782	0.10907	0.01034	0.00605	0.00163	0.00281	0.00922	0.00539	0.00492
9	0.80941	0.01253	0.01033	0.00942	0.01278	0.01348	0.00725	0.01760	0.01123	0.02607	0.01106	0.01373	0.00927	0.00730	0.00490	0.00228	0.00529	0.00410	0.00445	0.00753
10	0.66677	0.01247	0.01134	0.05424	0.01462	0.01320	0.00801	0.03520	0.01221	0.09677	0.01250	0.01496	0.01007	0.00750	0.00523	0.00229	0.00553	0.00446	0.00474	0.00790
11	0.80941	0.01253	0.01033	0.00942	0.01278	0.01348	0.00725	0.01760	0.01123	0.02607	0.01106	0.01373	0.00927	0.00730	0.00490	0.00228	0.00529	0.00410	0.00445	0.00753
12	0.01353	0.01177	0.01771	0.76238	0.03669	0.01337	0.01543	0.01574	0.01267	0.01674	0.01292	0.01875	0.01048	0.00764	0.00674	0.00239	0.00799	0.00577	0.00361	0.00767
13	0.01108	0.00812	0.00945	0.00897	0.01056	0.00713	0.00645	0.01219	0.01628	0.02282	0.63905	0.04350	0.15372	0.01304	0.00761	0.00232	0.00386	0.01043	0.00665	0.00679
14	0.80941	0.01253	0.01033	0.00942	0.01278	0.01348	0.00725	0.01760	0.01123	0.02607	0.01106	0.01373	0.00927	0.00730	0.00490	0.00228	0.00529	0.00410	0.00445	0.00753
15	0.01618	0.01476	0.02138	0.28459	0.16733	0.05923	0.16852	0.08148	0.07727	0.02034	0.01443	0.01869	0.01177	0.00762	0.00690	0.00233	0.00804	0.00611	0.00422	0.00882
16	0.02522	0.01124	0.01423	0.01168	0.01563	0.00965	0.00916	0.02611	0.01667	0.70397	0.02378	0.02463	0.01696	0.00924	0.00688	0.00232	0.00569	0.04932	0.00735	0.01029
17	0.01037	0.00743	0.00881	0.00969	0.01033	0.00662	0.00640	0.01015	0.01211	0.01653	0.03016	0.72287	0.03497	0.07006	0.00934	0.00293	0.00449	0.01474	0.00584	0.00616
18	0.01490	0.01721	0.15918	0.04225	0.08873	0.02803	0.40641	0.01765	0.01387	0.01930	0.01593	0.11515	0.01429	0.00846	0.00733	0.00241	0.00858	0.00760	0.00408	0.00865
19	0.09013	0.24808	0.16470	0.01400	0.13009	0.01481	0.03315	0.14512	0.03509	0.06474	0.01004	0.01111	0.00773	0.00503	0.00440	0.00144	0.00584	0.00386	0.00317	0.00745
20	0.00781	0.00558	0.00775	0.00893	0.00991	0.00551	0.00748	0.00984	0.01136	0.01485	0.02742	0.22883	0.03052	0.01460	0.00697	0.00230	0.00433	0.58667	0.00473	0.00460
21	0.85592	0.00992	0.00754	0.00675	0.00992	0.01151	0.00556	0.01508	0.00873	0.02302	0.00714	0.00834	0.00556	0.00476	0.00318	0.00159	0.00397	0.00278	0.00318	0.00556
22	0.18928	0.12220	0.01458	0.01140	0.06771	0.19804	0.00862	0.08771	0.02594	0.03980	0.00890	0.01020	0.00719	0.00512	0.00480	0.00136	0.05051	0.00345	0.00311	0.14006

[dist]
# distance from previous block
# <min> <max>
0	1

[block]
# block no. 1 follows, 48 sequences, length 17
# corresponding to MSA columns:
# 155-171
name=unknown_B
#
# <colnr> <probs for GDERKNQSTAVLIFYWHMCP>
#	G	D	E	R	K	N	Q	S	T	A	V	L	I	F	Y	W	H	M	C	P
0	0.74035	0.01145	0.06728	0.00765	0.01122	0.01181	0.00683	0.06195	0.00984	0.02309	0.00762	0.00877	0.00582	0.00486	0.00342	0.00159	0.00435	0.00297	0.00322	0.00591
1	0.14506	0.17594	0.08058	0.22322	0.04138	0.04822	0.09969	0.02828	0.03790	0.06038	0.00963	0.01170	0.00737	0.00495	0.00452	0.00153	0.00622	0.00405	0.00284	0.00653
2	0.01372	0.82276	0.02689	0.00878	0.01317	0.02030	0.00878	0.01536	0.01043	0.01207	0.00713	0.00823	0.00658	0.00439	0.00329	0.00110	0.00549	0.00274	0.00219	0.00658
3	0.00682	0.00499	0.00640	0.00656	0.00752	0.00457	0.00472	0.00863	0.01272	0.01750	0.46810	0.29208	0.11522	0.01255	0.00621	0.00178	0.00262	0.01115	0.00528	0.00457
4	0.00650	0.00465	0.00620	0.00720	0.00766	0.00436	0.00499	0.00766	0.01051	0.01414	0.11964	0.67585	0.03542	0.01528	0.00652	0.00204	0.00302	0.05920	0.00487	0.00428
5	0.00689	0.00509	0.00643	0.00639	0.00751	0.00464	0.00468	0.00885	0.01322	0.01815	0.53103	0.18375	0.16056	0.01191	0.00615	0.00172	0.00255	0.01050	0.00535	0.00464
6	0.18744	0.01020	0.01527	0.26557	0.33434	0.01122	0.01235	0.01416	0.01049	0.01667	0.01033	0.07095	0.00908	0.00563	0.00481	0.00164	0.00565	0.00493	0.00275	0.00655
7	0.00969	0.00912	0.01539	0.80734	0.03534	0.01140	0.01425	0.01311	0.01026	0.01311	0.00912	0.01368	0.00684	0.00513	0.00513	0.00171	0.00684	0.00456	0.00228	0.00570
8	0.79281	0.01102	0.00807	0.00724	0.01037	0.07091	0.00589	0.01549	0.00917	0.02223	0.00720	0.00840	0.00564	0.00480	0.00328	0.00157	0.00437	0.00282	0.00314	0.00559
9	0.01099	0.11057	0.57341	0.01525	0.02205	0.01302	0.15220	0.01619	0.01102	0.01583	0.00919	0.01109	0.00674	0.00472	0.00491	0.00159	0.00755	0.00408	0.00225	0.00736
10	0.01609	0.01073	0.01374	0.01216	0.09983	0.01013	0.03137	0.19255	0.05146	0.21449	0.01366	0.02856	0.01008	0.00547	0.00478	0.00133	0.00477	0.00455	0.00442	0.26984
11	0.00706	0.00517	0.00650	0.00627	0.00741	0.00474	0.00459	0.00907	0.01336	0.01848	0.58841	0.08756	0.13927	0.07042	0.00755	0.00190	0.00266	0.00967	0.00529	0.00461
12	0.01064	0.00912	0.01064	0.00760	0.01216	0.00684	0.00608	0.01292	0.01064	0.01672	0.00912	0.01064	0.00760	0.00380	0.00380	0.00076	0.00380	0.00304	0.00304	0.85104
13	0.02922	0.05324	0.06094	0.00873	0.01152	0.02431	0.00729	0.11835	0.07110	0.10383	0.08162	0.22522	0.09599	0.00939	0.00540	0.00164	0.00414	0.00797	0.00457	0.07552
14	0.03463	0.60661	0.04192	0.00946	0.01368	0.04682	0.00906	0.09173	0.01212	0.06272	0.00853	0.00938	0.00716	0.00484	0.00397	0.00123	0.02328	0.00317	0.00279	0.00689
15	0.03665	0.00630	0.00738	0.00671	0.00783	0.00613	0.00447	0.04717	0.00980	0.14700	0.01711	0.08571	0.01757	0.53452	0.01876	0.00380	0.00469	0.00719	0.00389	0.02733
16	0.01335	0.13067	0.18850	0.01121	0.03154	0.01129	0.05571	0.09594	0.01295	0.11199	0.06453	0.01350	0.01081	0.00520	0.00459	0.00132	0.00539	0.00424	0.00349	0.22380

[dist]
# distance from previous block
# <min> <max>
0	1

[block]
# block no. 2 follows, 48 sequences, length 27
# corresponding to MSA columns:
# 173-199
name=unknown_C
#
# <colnr> <probs for GDERKNQSTAVLIFYWHMCP>
#	G	D	E	R	K	N	Q	S	T	A	V	L	I	F	Y	W	H	M	C	P
0	0.85592	0.00992	0.00754	0.00675	0.00992	0.01151	0.00556	0.01508	0.00873	0.02302	0.00714	0.00834	0.00556	0.00476	0.00318	0.00159	0.00397	0.00278	0.00318	0.00556
1	0.01064	0.00912	0.01064	0.00760	0.01216	0.00684	0.00608	0.01292	0.01064	0.01672	0.00912	0.01064	0.00760	0.00380	0.00380	0.00076	0.00380	0.00304	0.00304	0.85104
2	0.00606	0.00520	0.00520	0.00520	0.00693	0.00433	0.00390	0.00736	0.01170	0.01386	0.05198	0.04938	0.78558	0.01299	0.00606	0.00173	0.00260	0.01083	0.00476	0.00433
3	0.00656	0.00471	0.00584	0.00661	0.00704	0.00442	0.00437	0.00733	0.00957	0.01253	0.02838	0.52507	0.12183	0.19861	0.01096	0.00271	0.00343	0.03168	0.00439	0.00396
4	0.00712	0.00524	0.00666	0.00630	0.00758	0.00478	0.00473	0.00940	0.01418	0.01976	0.69574	0.03967	0.13814	0.01079	0.00605	0.00163	0.00244	0.00947	0.00554	0.00478
5	0.00956	0.00478	0.00478	0.00478	0.00598	0.00478	0.00359	0.01196	0.01076	0.01913	0.01674	0.01913	0.01315	0.00598	0.00359	0.00120	0.00239	0.00478	0.84816	0.00478
6	0.01276	0.01102	0.01160	0.01044	0.01334	0.01276	0.00812	0.02727	0.77840	0.02146	0.02088	0.01914	0.01566	0.00696	0.00522	0.00174	0.00406	0.00580	0.00522	0.00812
7	0.00969	0.00912	0.01539	0.80734	0.03534	0.01140	0.01425	0.01311	0.01026	0.01311	0.00912	0.01368	0.00684	0.00513	0.00513	0.00171	0.00684	0.00456	0.00228	0.00570
8	0.01917	0.02445	0.01454	0.01322	0.01586	0.79907	0.00991	0.02049	0.01454	0.01256	0.00793	0.00925	0.00661	0.00529	0.00463	0.00132	0.00925	0.00330	0.00264	0.00595
9	0.01401	0.78066	0.02624	0.00901	0.01331	0.06137	0.00884	0.01563	0.01064	0.01210	0.00718	0.00828	0.00659	0.00444	0.00336	0.00111	0.00569	0.00277	0.00222	0.00655
10	0.01403	0.67486	0.02428	0.00901	0.01317	0.01883	0.00866	0.10694	0.01234	0.01505	0.05486	0.01055	0.00938	0.00497	0.00368	0.00118	0.00532	0.00337	0.00276	0.00674
11	0.00625	0.00447	0.00595	0.00714	0.00744	0.00417	0.00476	0.00714	0.00982	0.01310	0.02828	0.81633	0.03394	0.01608	0.00655	0.00208	0.00298	0.01459	0.00476	0.00417
12	0.06466	0.39950	0.28849	0.01072	0.01609	0.01532	0.01195	0.01683	0.01098	0.10902	0.00945	0.01026	0.00724	0.00482	0.00406	0.00137	0.00598	0.00340	0.00275	0.00713
13	0.16438	0.00954	0.01137	0.00903	0.01277	0.00930	0.00741	0.07385	0.08917	0.53302	0.01753	0.01572	0.01150	0.00613	0.00482	0.00160	0.00435	0.00478	0.00561	0.00813
14	0.00704	0.00524	0.00656	0.00623	0.00753	0.00475	0.00467	0.00926	0.01401	0.01935	0.65136	0.04034	0.18278	0.01095	0.00605	0.00164	0.00245	0.00956	0.00549	0.00475
15	0.00638	0.00468	0.00600	0.00680	0.00741	0.00429	0.00467	0.00756	0.01078	0.01435	0.14816	0.60268	0.12767	0.01484	0.00641	0.00197	0.00284	0.01331	0.00490	0.00429
16	0.01258	0.37261	0.29831	0.01304	0.01864	0.03544	0.13494	0.01619	0.01104	0.03108	0.00869	0.01028	0.00688	0.00462	0.00437	0.00140	0.00681	0.00372	0.00235	0.00702
17	0.05815	0.01015	0.01243	0.00965	0.01351	0.00987	0.00794	0.21105	0.03624	0.52438	0.04063	0.01644	0.01254	0.00637	0.00509	0.00158	0.00460	0.00506	0.00586	0.00846
18	0.01276	0.01102	0.01160	0.01044	0.01334	0.01276	0.00812	0.02727	0.77840	0.02146	0.02088	0.01914	0.01566	0.00696	0.00522	0.00174	0.00406	0.00580	0.00522	0.00812
19	0.01045	0.00891	0.01043	0.00758	0.01195	0.00672	0.00602	0.01267	0.01060	0.01656	0.00997	0.04618	0.00876	0.00434	0.00392	0.00082	0.00376	0.00355	0.00312	0.81368
20	0.01482	0.01085	0.01751	0.13162	0.21078	0.01086	0.12805	0.09218	0.01327	0.19947	0.01331	0.05463	0.01028	0.00581	0.00548	0.00160	0.02034	0.00537	0.00380	0.04997
21	0.01863	0.01371	0.01502	0.01155	0.01547	0.01509	0.00954	0.66135	0.02215	0.05307	0.01206	0.01231	0.00867	0.00617	0.00567	0.00153	0.04793	0.00453	0.00489	0.06067
22	0.00981	0.00925	0.01561	0.77528	0.06643	0.01143	0.01431	0.01322	0.01032	0.01326	0.00914	0.01364	0.00689	0.00511	0.00513	0.00170	0.00681	0.00456	0.00229	0.00580
23	0.00913	0.00575	0.00909	0.22793	0.01460	0.00638	0.00716	0.00846	0.00767	0.01007	0.00897	0.01507	0.00834	0.01432	0.01593	0.61611	0.00511	0.00448	0.00224	0.00319
24	0.06598	0.06142	0.15141	0.12722	0.08650	0.19111	0.01218	0.19410	0.01464	0.01899	0.00944	0.01110	0.00721	0.00523	0.00472	0.00149	0.00686	0.00392	0.00310	0.02337
25	0.01330	0.72584	0.12015	0.00949	0.01427	0.01928	0.01002	0.01547	0.01048	0.01258	0.00739	0.00855	0.00657	0.00445	0.00348	0.00116	0.00574	0.00287	0.00219	0.00671
26	0.00639	0.00467	0.00605	0.00710	0.00764	0.00433	0.00495	0.00746	0.01021	0.01338	0.03107	0.66082	0.12507	0.01554	0.00653	0.00206	0.00307	0.07465	0.00476	0.00423

[dist]
# distance from previous block
# <min> <max>
0	13

[block]
# block no. 3 follows, 48 sequences, length 19
# corresponding to MSA columns:
# 213-231
name=unknown_D
#
# <colnr> <probs for GDERKNQSTAVLIFYWHMCP>
#	G	D	E	R	K	N	Q	S	T	A	V	L	I	F	Y	W	H	M	C	P
0	0.00709	0.00524	0.00662	0.00627	0.00756	0.00477	0.00471	0.00935	0.01412	0.01961	0.67908	0.03992	0.15489	0.01085	0.00605	0.00163	0.00245	0.00950	0.00552	0.00477
1	0.00729	0.00490	0.00565	0.00582	0.00586	0.00486	0.00335	0.00742	0.00780	0.01040	0.01792	0.14664	0.02086	0.70360	0.02329	0.00456	0.00469	0.00849	0.00335	0.00326
2	0.00724	0.00491	0.00564	0.00581	0.00590	0.00484	0.00337	0.00741	0.00793	0.01052	0.01900	0.14712	0.04404	0.67922	0.02268	0.00446	0.00461	0.00859	0.00340	0.00330
3	0.01313	0.01537	0.02800	0.02041	0.02523	0.12652	0.65938	0.01702	0.01246	0.01588	0.01003	0.01318	0.00762	0.00446	0.00585	0.00167	0.00874	0.00566	0.00260	0.00678
4	0.01917	0.02445	0.01454	0.01322	0.01586	0.79907	0.00991	0.02049	0.01454	0.01256	0.00793	0.00925	0.00661	0.00529	0.00463	0.00132	0.00925	0.00330	0.00264	0.00595
5	0.85592	0.00992	0.00754	0.00675	0.00992	0.01151	0.00556	0.01508	0.00873	0.02302	0.00714	0.00834	0.00556	0.00476	0.00318	0.00159	0.00397	0.00278	0.00318	0.00556
6	0.00827	0.00591	0.00827	0.00945	0.01063	0.00591	0.00827	0.01063	0.01181	0.01536	0.02717	0.05788	0.02953	0.01417	0.00709	0.00236	0.00472	0.75313	0.00472	0.00472
7	0.00659	0.00473	0.00632	0.00747	0.00796	0.00447	0.00533	0.00774	0.01022	0.01350	0.02884	0.66442	0.05675	0.01566	0.00662	0.00212	0.00326	0.13898	0.00476	0.00427
8	0.01109	0.21160	0.61501	0.01327	0.02011	0.01387	0.01659	0.01604	0.01074	0.01528	0.00873	0.01023	0.00652	0.00476	0.00451	0.00150	0.00710	0.00355	0.00217	0.00735
9	0.01064	0.00912	0.01064	0.00760	0.01216	0.00684	0.00608	0.01292	0.01064	0.01672	0.00912	0.01064	0.00760	0.00380	0.00380	0.00076	0.00380	0.00304	0.00304	0.85104
10	0.00870	0.00453	0.00653	0.00653	0.00653	0.00453	0.00426	0.00680	0.00680	0.00906	0.00996	0.01819	0.01032	0.13365	0.02093	0.72855	0.00453	0.00489	0.00236	0.00236
11	0.00681	0.00472	0.00587	0.00651	0.00670	0.00459	0.00410	0.00735	0.00875	0.01169	0.02255	0.45044	0.02661	0.36574	0.04094	0.00354	0.00420	0.01120	0.00398	0.00372
12	0.01068	0.02251	0.56743	0.06468	0.02409	0.01213	0.19386	0.01610	0.01110	0.01610	0.00948	0.01171	0.00682	0.00476	0.00517	0.00165	0.00779	0.00437	0.00227	0.00731
13	0.01846	0.01471	0.03847	0.03572	0.04028	0.04081	0.01028	0.64881	0.05279	0.02974	0.01225	0.01250	0.00880	0.00605	0.00511	0.00155	0.00581	0.00460	0.00480	0.00847
14	0.01244	0.01193	0.02036	0.09815	0.72303	0.01212	0.01562	0.01552	0.01156	0.01645	0.00961	0.01278	0.00802	0.00462	0.00508	0.00154	0.00616	0.00457	0.00252	0.00792
15	0.85592	0.00992	0.00754	0.00675	0.00992	0.01151	0.00556	0.01508	0.00873	0.02302	0.00714	0.00834	0.00556	0.00476	0.00318	0.00159	0.00397	0.00278	0.00318	0.00556
16	0.00625	0.00447	0.00595	0.00714	0.00744	0.00417	0.00476	0.00714	0.00982	0.01310	0.02828	0.81633	0.03394	0.01608	0.00655	0.00208	0.00298	0.01459	0.00476	0.00417
17	0.34572	0.03405	0.01153	0.01064	0.08731	0.05113	0.02213	0.05294	0.01219	0.20748	0.08560	0.03453	0.01262	0.00603	0.00443	0.00157	0.00459	0.00462	0.00418	0.00670
18	0.04910	0.61219	0.05813	0.00953	0.01392	0.04339	0.00928	0.12464	0.01248	0.01565	0.00800	0.00897	0.00685	0.00471	0.00367	0.00121	0.00566	0.00308	0.00267	0.00688

[dist]
# distance from previous block
# <min> <max>
0	1

[block]
# block no. 4 follows, 48 sequences, length 55
# corresponding to MSA columns:
# 233-287
name=unknown_E
#
# <colnr> <probs for GDERKNQSTAVLIFYWHMCP>
#	G	D	E	R	K	N	Q	S	T	A	V	L	I	F	Y	W	H	M	C	P
0	0.06460	0.00908	0.01162	0.00907	0.01290	0.00831	0.00745	0.04991	0.06633	0.63891	0.01970	0.01740	0.02767	0.00637	0.00505	0.00158	0.00432	0.00512	0.00596	0.02864
1	0.06505	0.34949	0.03475	0.01075	0.01427	0.33291	0.00919	0.01872	0.09475	0.01401	0.00898	0.00988	0.00751	0.00506	0.00406	0.00130	0.00681	0.00332	0.00276	0.00645
2	0.01211	0.01384	0.03028	0.02163	0.02682	0.01298	0.76903	0.01644	0.01211	0.01644	0.01038	0.01384	0.00779	0.00433	0.00606	0.00173	0.00865	0.00606	0.00260	0.00692
3	0.00726	0.00524	0.00686	0.00646	0.00767	0.00484	0.00484	0.00968	0.01452	0.02058	0.78496	0.03833	0.04841	0.01049	0.00605	0.00161	0.00242	0.00928	0.00565	0.00484
4	0.00625	0.00447	0.00595	0.00714	0.00744	0.00417	0.00476	0.00714	0.00982	0.01310	0.02828	0.81633	0.03394	0.01608	0.00655	0.00208	0.00298	0.01459	0.00476	0.00417
5	0.02132	0.00836	0.01136	0.00884	0.01251	0.00725	0.00725	0.02335	0.01467	0.70818	0.10264	0.01971	0.01655	0.00680	0.00526	0.00159	0.00416	0.00560	0.00628	0.00831
6	0.00733	0.00550	0.00825	0.00825	0.00916	0.00641	0.00641	0.00916	0.00825	0.01191	0.01374	0.02016	0.01283	0.03848	0.79934	0.00825	0.01374	0.00550	0.00275	0.00458
7	0.00746	0.00497	0.00560	0.00560	0.00560	0.00497	0.00311	0.00746	0.00746	0.00995	0.01617	0.03358	0.01865	0.81967	0.02612	0.00497	0.00497	0.00746	0.00311	0.00311
8	0.02302	0.00873	0.01191	0.00913	0.01310	0.00754	0.00754	0.02501	0.01469	0.79122	0.02024	0.01746	0.01270	0.00635	0.00516	0.00159	0.00437	0.00516	0.00635	0.00873
9	0.00720	0.00524	0.00677	0.00639	0.00762	0.00481	0.00479	0.00955	0.01437	0.02020	0.74411	0.03894	0.08950	0.01063	0.00605	0.00162	0.00243	0.00937	0.00560	0.00481
10	0.02015	0.01334	0.01476	0.01131	0.01540	0.01438	0.00935	0.63373	0.02239	0.17161	0.01377	0.01326	0.00946	0.00619	0.00514	0.00155	0.00541	0.00472	0.00536	0.00873
11	0.01270	0.01219	0.02083	0.03149	0.78767	0.01219	0.01575	0.01575	0.01168	0.01676	0.00965	0.01270	0.00813	0.00457	0.00508	0.00152	0.00610	0.00457	0.00254	0.00813
12	0.00690	0.00468	0.00618	0.00711	0.00764	0.00433	0.00483	0.00791	0.01027	0.04214	0.05848	0.72372	0.06587	0.01537	0.00646	0.00203	0.00299	0.01387	0.00486	0.00437
13	0.85592	0.00992	0.00754	0.00675	0.00992	0.01151	0.00556	0.01508	0.00873	0.02302	0.00714	0.00834	0.00556	0.00476	0.00318	0.00159	0.00397	0.00278	0.00318	0.00556
14	0.01066	0.11234	0.71053	0.01399	0.02123	0.01282	0.01786	0.01615	0.01079	0.01580	0.00898	0.01055	0.00651	0.00482	0.00470	0.00157	0.00736	0.00368	0.00217	0.00748
15	0.01335	0.02501	0.03765	0.02595	0.01347	0.00831	0.00730	0.06893	0.03891	0.14206	0.01151	0.01218	0.00871	0.00456	0.00422	0.00104	0.00425	0.00364	0.00373	0.56521
16	0.01064	0.00912	0.01064	0.00760	0.01216	0.00684	0.00608	0.01292	0.01064	0.01672	0.00912	0.01064	0.00760	0.00380	0.00380	0.00076	0.00380	0.00304	0.00304	0.85104
17	0.00756	0.00601	0.00688	0.00658	0.00819	0.00575	0.00495	0.01121	0.12116	0.01793	0.37649	0.06895	0.31696	0.01113	0.00596	0.00169	0.00274	0.00956	0.00523	0.00509
18	0.01372	0.82276	0.02689	0.00878	0.01317	0.02030	0.00878	0.01536	0.01043	0.01207	0.00713	0.00823	0.00658	0.00439	0.00329	0.00110	0.00549	0.00274	0.00219	0.00658
19	0.85592	0.00992	0.00754	0.00675	0.00992	0.01151	0.00556	0.01508	0.00873	0.02302	0.00714	0.00834	0.00556	0.00476	0.00318	0.00159	0.00397	0.00278	0.00318	0.00556
20	0.01080	0.01014	0.01595	0.02305	0.53065	0.00996	0.01202	0.01384	0.04448	0.01613	0.02227	0.02349	0.23141	0.00709	0.00537	0.00159	0.00501	0.00642	0.00329	0.00704
21	0.01276	0.01102	0.01160	0.01044	0.01334	0.01276	0.00812	0.02727	0.77840	0.02146	0.02088	0.01914	0.01566	0.00696	0.00522	0.00174	0.00406	0.00580	0.00522	0.00812
22	0.01372	0.82276	0.02689	0.00878	0.01317	0.02030	0.00878	0.01536	0.01043	0.01207	0.00713	0.00823	0.00658	0.00439	0.00329	0.00110	0.00549	0.00274	0.00219	0.00658
23	0.01310	0.01061	0.01144	0.01031	0.01318	0.01209	0.00810	0.02622	0.69270	0.06480	0.02120	0.02119	0.01626	0.00733	0.00532	0.00177	0.00411	0.04707	0.00526	0.00797
24	0.01917	0.02445	0.01454	0.01322	0.01586	0.79907	0.00991	0.02049	0.01454	0.01256	0.00793	0.00925	0.00661	0.00529	0.00463	0.00132	0.00925	0.00330	0.00264	0.00595
25	0.01064	0.00912	0.01064	0.00760	0.01216	0.00684	0.00608	0.01292	0.01064	0.01672	0.00912	0.01064	0.00760	0.00380	0.00380	0.00076	0.00380	0.00304	0.00304	0.85104
26	0.01038	0.04751	0.77291	0.01447	0.02197	0.01214	0.01869	0.01623	0.01082	0.01614	0.00915	0.01076	0.00650	0.00486	0.00483	0.00161	0.00753	0.00376	0.00217	0.00756
27	0.85592	0.00992	0.00754	0.00675	0.00992	0.01151	0.00556	0.01508	0.00873	0.02302	0.00714	0.00834	0.00556	0.00476	0.00318	0.00159	0.00397	0.00278	0.00318	0.00556
28	0.00625	0.00447	0.00595	0.00714	0.00744	0.00417	0.00476	0.00714	0.00982	0.01310	0.02828	0.81633	0.03394	0.01608	0.00655	0.00208	0.00298	0.01459	0.00476	0.00417
29	0.01276	0.01102	0.01160	0.01044	0.01334	0.01276	0.00812	0.02727	0.77840	0.02146	0.02088	0.01914	0.01566	0.00696	0.00522	0.00174	0.00406	0.00580	0.00522	0.00812
30	0.02302	0.00873	0.01191	0.00913	0.01310	0.00754	0.00754	0.02501	0.01469	0.79122	0.02024	0.01746	0.01270	0.00635	0.00516	0.00159	0.00437	0.00516	0.00635	0.00873
31	0.04359	0.00919	0.01206	0.00927	0.01323	0.00828	0.00766	0.08160	0.01526	0.71414	0.01931	0.01684	0.01222	0.00630	0.00511	0.00158	0.00445	0.00506	0.00618	0.00865
32	0.00830	0.00618	0.00812	0.00793	0.00896	0.00696	0.00592	0.02994	0.09273	0.01336	0.01539	0.04106	0.01466	0.18227	0.49950	0.00636	0.01017	0.00607	0.03133	0.00479
33	0.85592	0.00992	0.00754	0.00675	0.00992	0.01151	0.00556	0.01508	0.00873	0.02302	0.00714	0.00834	0.00556	0.00476	0.00318	0.00159	0.00397	0.00278	0.00318	0.00556
34	0.01375	0.01321	0.01991	0.02847	0.66552	0.06515	0.01481	0.08505	0.01301	0.01791	0.00978	0.01243	0.00808	0.00476	0.00505	0.00151	0.00627	0.00449	0.00278	0.00804
35	0.00891	0.00446	0.00668	0.00668	0.00668	0.00446	0.00446	0.00668	0.00668	0.00891	0.00891	0.01560	0.00891	0.01783	0.02005	0.85071	0.00446	0.00446	0.00223	0.00223
36	0.08093	0.00895	0.01169	0.00903	0.01295	0.00802	0.00746	0.04246	0.01450	0.71926	0.01914	0.01670	0.01211	0.00624	0.00502	0.00159	0.00437	0.00498	0.00610	0.00851
37	0.01662	0.01242	0.01425	0.01153	0.04375	0.01292	0.02352	0.50424	0.01950	0.05234	0.01268	0.05388	0.00997	0.00668	0.01845	0.00154	0.00532	0.00489	0.00456	0.17094
38	0.02039	0.03957	0.05140	0.00912	0.01300	0.00796	0.00788	0.02261	0.01432	0.64298	0.09868	0.01895	0.01587	0.00663	0.00517	0.00157	0.00437	0.00543	0.00591	0.00819
39	0.00731	0.00547	0.00681	0.00648	0.00784	0.00509	0.00490	0.01000	0.04271	0.01943	0.62272	0.03982	0.16191	0.01084	0.00605	0.00166	0.00257	0.02803	0.00547	0.00488
40	0.02293	0.00889	0.01200	0.00920	0.01318	0.00777	0.00760	0.04537	0.01494	0.77049	0.02003	0.01732	0.01259	0.00635	0.00516	0.00159	0.00440	0.00515	0.00632	0.00873
41	0.06796	0.04410	0.10405	0.00991	0.01416	0.00984	0.00900	0.06097	0.10442	0.49529	0.01734	0.01573	0.01146	0.00607	0.00494	0.00159	0.00479	0.00481	0.00531	0.00826
42	0.00969	0.00912	0.01539	0.80734	0.03534	0.01140	0.01425	0.01311	0.01026	0.01311	0.00912	0.01368	0.00684	0.00513	0.00513	0.00171	0.00684	0.00456	0.00228	0.00570
43	0.00625	0.00449	0.00593	0.00709	0.00743	0.00417	0.00474	0.00715	0.00988	0.01312	0.02896	0.79426	0.05556	0.01599	0.00654	0.00207	0.00297	0.01448	0.00476	0.00417
44	0.01246	0.01451	0.06329	0.05292	0.02074	0.11151	0.33361	0.03171	0.01118	0.01480	0.00946	0.03169	0.00798	0.00684	0.02463	0.00195	0.23658	0.00524	0.00257	0.00633
45	0.05134	0.01326	0.01280	0.01038	0.01386	0.18092	0.00831	0.19696	0.01647	0.36561	0.05004	0.01506	0.01175	0.00643	0.00530	0.01843	0.00562	0.00472	0.00503	0.00770
46	0.77143	0.00980	0.00798	0.00699	0.01025	0.01111	0.00576	0.01609	0.00934	0.10095	0.00847	0.00926	0.00628	0.00492	0.00338	0.00159	0.00401	0.00302	0.00350	0.00588
47	0.83363	0.00990	0.00775	0.02783	0.01059	0.01151	0.00579	0.01503	0.00877	0.02276	0.00720	0.00848	0.00559	0.00477	0.00323	0.00159	0.00404	0.00283	0.00315	0.00556
48	0.00625	0.00447	0.00595	0.00714	0.00744	0.00417	0.00476	0.00714	0.00982	0.01310	0.02828	0.81633	0.03394	0.01608	0.00655	0.00208	0.00298	0.01459	0.00476	0.00417
49	0.01806	0.01366	0.01459	0.01151	0.01536	0.01524	0.00940	0.61142	0.18561	0.03001	0.01415	0.01378	0.01021	0.00633	0.00515	0.00158	0.00531	0.00487	0.00515	0.00860
50	0.00956	0.00478	0.00478	0.00478	0.00598	0.00478	0.00359	0.01196	0.01076	0.01913	0.01674	0.01913	0.01315	0.00598	0.00359	0.00120	0.00239	0.00478	0.84816	0.00478
51	0.01270	0.01219	0.02083	0.03149	0.78767	0.01219	0.01575	0.01575	0.01168	0.01676	0.00965	0.01270	0.00813	0.00457	0.00508	0.00152	0.00610	0.00457	0.00254	0.00813
52	0.00726	0.00524	0.00686	0.00646	0.00767	0.00484	0.00484	0.00968	0.01452	0.02058	0.78496	0.03833	0.04841	0.01049	0.00605	0.00161	0.00242	0.00928	0.00565	0.00484
53	0.00629	0.00449	0.00599	0.00712	0.00745	0.00419	0.00477	0.00723	0.00999	0.01336	0.05457	0.78929	0.03444	0.01588	0.00653	0.00207	0.00296	0.01440	0.00479	0.00419
54	0.03550	0.45593	0.28630	0.01144	0.01682	0.05946	0.04101	0.01598	0.01081	0.01398	0.00801	0.00939	0.00657	0.00461	0.00400	0.00133	0.00648	0.00326	0.00225	0.00687

[dist]
# distance from previous block
# <min> <max>
0	1

[block]
# block no. 5 follows, 48 sequences, length 121
# corresponding to MSA columns:
# 289-409
name=unknown_F
#
# <colnr> <probs for GDERKNQSTAVLIFYWHMCP>
#	G	D	E	R	K	N	Q	S	T	A	V	L	I	F	Y	W	H	M	C	P
0	0.01422	0.01168	0.01951	0.02820	0.67371	0.01151	0.01454	0.01711	0.01213	0.13070	0.01121	0.01340	0.00880	0.00483	0.00509	0.00153	0.00584	0.00466	0.00310	0.00822
1	0.01219	0.05390	0.65676	0.05770	0.04187	0.03139	0.01822	0.01729	0.02494	0.01731	0.01080	0.01311	0.00816	0.00590	0.00548	0.00187	0.00785	0.00433	0.00277	0.00816
2	0.01825	0.03145	0.15960	0.01003	0.01479	0.00892	0.00959	0.05413	0.01362	0.46810	0.01571	0.01467	0.01039	0.00561	0.00484	0.00145	0.00496	0.00448	0.00488	0.14454
3	0.00746	0.00497	0.00560	0.00560	0.00560	0.00497	0.00311	0.00746	0.00746	0.00995	0.01617	0.03358	0.01865	0.81967	0.02612	0.00497	0.00497	0.00746	0.00311	0.00311
4	0.01254	0.01497	0.12634	0.02150	0.13664	0.01244	0.52176	0.01677	0.01202	0.05762	0.01065	0.01348	0.00793	0.00454	0.00571	0.00168	0.00791	0.00550	0.00273	0.00728
5	0.01261	0.01210	0.02067	0.05430	0.76556	0.01217	0.01570	0.01567	0.01164	0.01666	0.00964	0.01273	0.00809	0.00459	0.00508	0.00153	0.00612	0.00457	0.00253	0.00806
6	0.01159	0.01266	0.02612	0.01881	0.02365	0.01161	0.61698	0.01543	0.01178	0.01630	0.01113	0.05516	0.00912	0.00486	0.00575	0.00161	0.00764	0.00606	0.00277	0.13097
7	0.00845	0.00635	0.00947	0.01006	0.01149	0.00628	0.05191	0.01090	0.01183	0.01539	0.02670	0.05518	0.04345	0.01358	0.00701	0.00231	0.00491	0.69530	0.00460	0.00484
8	0.00631	0.00449	0.00594	0.00706	0.00735	0.00421	0.00468	0.00716	0.00970	0.01293	0.02765	0.77556	0.03314	0.05792	0.00757	0.00223	0.00308	0.01422	0.00468	0.00411
9	0.01029	0.02654	0.79309	0.01462	0.02221	0.01192	0.01896	0.01625	0.01083	0.01625	0.00921	0.01083	0.00650	0.00487	0.00487	0.00162	0.00758	0.00379	0.00217	0.00758
10	0.01270	0.01219	0.02083	0.03149	0.78767	0.01219	0.01575	0.01575	0.01168	0.01676	0.00965	0.01270	0.00813	0.00457	0.00508	0.00152	0.00610	0.00457	0.00254	0.00813
11	0.00625	0.00447	0.00595	0.00714	0.00744	0.00417	0.00476	0.00714	0.00982	0.01310	0.02828	0.81633	0.03394	0.01608	0.00655	0.00208	0.00298	0.01459	0.00476	0.00417
12	0.00620	0.00531	0.00533	0.00530	0.00706	0.00450	0.00398	0.00776	0.02695	0.01401	0.05136	0.04878	0.77027	0.01287	0.00605	0.00173	0.00263	0.01073	0.00477	0.00441
13	0.00891	0.00446	0.00668	0.00668	0.00668	0.00446	0.00446	0.00668	0.00668	0.00891	0.00891	0.01560	0.00891	0.01783	0.02005	0.85071	0.00446	0.00446	0.00223	0.00223
14	0.00606	0.00520	0.00520	0.00520	0.00693	0.00433	0.00390	0.00736	0.01170	0.01386	0.05198	0.04938	0.78558	0.01299	0.00606	0.00173	0.00260	0.01083	0.00476	0.00433
15	0.01534	0.00990	0.01058	0.00860	0.01143	0.01063	0.00695	0.40145	0.01781	0.06481	0.01465	0.01555	0.01086	0.00609	0.00446	0.00139	0.00416	0.00472	0.37362	0.00700
16	0.02246	0.00963	0.01246	0.00956	0.01355	0.00887	0.00789	0.14368	0.01619	0.67042	0.01898	0.01665	0.01207	0.00632	0.00516	0.00158	0.00457	0.00507	0.00616	0.00873
17	0.00744	0.00500	0.00573	0.00569	0.00582	0.00496	0.00329	0.00770	0.00822	0.01109	0.09851	0.03409	0.02184	0.73301	0.02397	0.00461	0.00470	0.00766	0.00338	0.00329
18	0.00827	0.00591	0.00827	0.00945	0.01063	0.00591	0.00827	0.01063	0.01181	0.01536	0.02717	0.05788	0.02953	0.01417	0.00709	0.00236	0.00472	0.75313	0.00472	0.00472
19	0.00627	0.00448	0.00597	0.00713	0.00745	0.00418	0.00476	0.00720	0.00992	0.01325	0.04346	0.80072	0.03423	0.01596	0.00654	0.00207	0.00297	0.01448	0.00478	0.00418
20	0.00726	0.00524	0.00686	0.00646	0.00767	0.00484	0.00484	0.00968	0.01452	0.02058	0.78496	0.03833	0.04841	0.01049	0.00605	0.00161	0.00242	0.00928	0.00565	0.00484
21	0.85592	0.00992	0.00754	0.00675	0.00992	0.01151	0.00556	0.01508	0.00873	0.02302	0.00714	0.00834	0.00556	0.00476	0.00318	0.00159	0.00397	0.00278	0.00318	0.00556
22	0.02161	0.00868	0.01163	0.00907	0.01283	0.00770	0.00743	0.02434	0.05857	0.70684	0.06010	0.01865	0.01473	0.00660	0.00521	0.00160	0.00425	0.00541	0.00625	0.00849
23	0.00972	0.00916	0.01540	0.79278	0.03494	0.01148	0.01419	0.01310	0.01022	0.01310	0.00908	0.01363	0.00684	0.00520	0.00534	0.00172	0.02158	0.00456	0.00228	0.00570
24	0.01123	0.01123	0.01572	0.01347	0.01347	0.01572	0.01123	0.01235	0.00786	0.01235	0.00674	0.01123	0.00674	0.00898	0.01684	0.00225	0.81028	0.00449	0.00225	0.00561
25	0.10110	0.00912	0.01020	0.00756	0.01182	0.00740	0.00603	0.01331	0.02728	0.01740	0.00968	0.03230	0.00827	0.00430	0.00384	0.00091	0.00380	0.00338	0.00315	0.71914
26	0.85592	0.00992	0.00754	0.00675	0.00992	0.01151	0.00556	0.01508	0.00873	0.02302	0.00714	0.00834	0.00556	0.00476	0.00318	0.00159	0.00397	0.00278	0.00318	0.00556
27	0.02114	0.00839	0.01131	0.00883	0.01250	0.00732	0.00723	0.02333	0.02641	0.69656	0.08062	0.02005	0.03824	0.00688	0.00526	0.00160	0.00416	0.00566	0.00623	0.00829
28	0.01354	0.01136	0.01206	0.01046	0.01362	0.01284	0.00822	0.12634	0.63154	0.02264	0.01904	0.01772	0.01425	0.00667	0.00513	0.00166	0.00426	0.00548	0.00508	0.05812
29	0.00740	0.00524	0.00675	0.00642	0.00763	0.00486	0.00484	0.00979	0.01418	0.02022	0.70635	0.03796	0.06006	0.01038	0.00594	0.00161	0.00248	0.02904	0.05403	0.00483
30	0.85592	0.00992	0.00754	0.00675	0.00992	0.01151	0.00556	0.01508	0.00873	0.02302	0.00714	0.00834	0.00556	0.00476	0.00318	0.00159	0.00397	0.00278	0.00318	0.00556
31	0.03961	0.15469	0.01236	0.00809	0.01084	0.00905	0.00677	0.01628	0.03799	0.26254	0.27335	0.04170	0.02477	0.00894	0.02888	0.00176	0.00417	0.04673	0.00500	0.00649
32	0.00754	0.00531	0.00695	0.00650	0.00776	0.00489	0.00489	0.00995	0.01453	0.03424	0.77140	0.03796	0.04778	0.01042	0.00604	0.00161	0.00246	0.00921	0.00566	0.00491
33	0.01029	0.02654	0.79309	0.01462	0.02221	0.01192	0.01896	0.01625	0.01083	0.01625	0.00921	0.01083	0.00650	0.00487	0.00487	0.00162	0.00758	0.00379	0.00217	0.00758
34	0.01331	0.01278	0.03216	0.02936	0.70163	0.02456	0.01522	0.07689	0.01272	0.01795	0.00983	0.01259	0.00813	0.00472	0.00507	0.00152	0.00613	0.00454	0.00275	0.00813
35	0.01087	0.12458	0.59321	0.05713	0.06587	0.01298	0.03481	0.01595	0.01083	0.01559	0.00900	0.01083	0.00665	0.00480	0.00473	0.00156	0.00722	0.00380	0.00221	0.00737
36	0.00778	0.00603	0.00855	0.00831	0.00895	0.00716	0.00630	0.00918	0.00805	0.01158	0.01344	0.02177	0.01328	0.18591	0.56434	0.00696	0.09947	0.00577	0.00276	0.00441
37	0.00978	0.00926	0.01566	0.77000	0.03454	0.01156	0.02729	0.01315	0.01022	0.01315	0.00907	0.01361	0.00685	0.00523	0.00550	0.00173	0.03083	0.00458	0.00228	0.00572
38	0.01716	0.12730	0.06133	0.01200	0.04362	0.01549	0.01008	0.51362	0.06756	0.03829	0.01245	0.03616	0.00952	0.00613	0.00491	0.00151	0.00555	0.00469	0.00447	0.00817
39	0.01029	0.02654	0.79309	0.01462	0.02221	0.01192	0.01896	0.01625	0.01083	0.01625	0.00921	0.01083	0.00650	0.00487	0.00487	0.00162	0.00758	0.00379	0.00217	0.00758
40	0.00741	0.00522	0.00684	0.00657	0.00773	0.00481	0.00488	0.00966	0.01402	0.03238	0.69140	0.12131	0.04628	0.01102	0.00609	0.00166	0.00251	0.00978	0.00557	0.00483
41	0.05529	0.01341	0.09527	0.01071	0.01474	0.01263	0.00950	0.43424	0.03957	0.14457	0.05787	0.01485	0.01169	0.00625	0.00499	0.00155	0.00516	0.00484	0.05487	0.00799
42	0.01632	0.05694	0.08120	0.09036	0.05253	0.05161	0.03615	0.40290	0.05797	0.05751	0.01257	0.01332	0.02100	0.00584	0.00501	0.00155	0.00597	0.00461	0.01880	0.00783
43	0.00625	0.00447	0.00595	0.00714	0.00744	0.00417	0.00476	0.00714	0.00982	0.01310	0.02828	0.81633	0.03394	0.01608	0.00655	0.00208	0.00298	0.01459	0.00476	0.00417
44	0.00606	0.00520	0.00520	0.00520	0.00693	0.00433	0.00390	0.00736	0.01170	0.01386	0.05198	0.04938	0.78558	0.01299	0.00606	0.00173	0.00260	0.01083	0.00476	0.00433
45	0.05260	0.01084	0.01549	0.01214	0.02863	0.03877	0.13816	0.06228	0.05467	0.46466	0.01631	0.01559	0.01091	0.00603	0.00582	0.00164	0.04731	0.00511	0.00504	0.00799
46	0.01029	0.02654	0.79309	0.01462	0.02221	0.01192	0.01896	0.01625	0.01083	0.01625	0.00921	0.01083	0.00650	0.00487	0.00487	0.00162	0.00758	0.00379	0.00217	0.00758
47	0.00625	0.00447	0.00595	0.00714	0.00744	0.00417	0.00476	0.00714	0.00982	0.01310	0.02828	0.81633	0.03394	0.01608	0.00655	0.00208	0.00298	0.01459	0.00476	0.00417
48	0.04029	0.00924	0.03287	0.00923	0.01328	0.00774	0.00781	0.02456	0.01446	0.75409	0.01967	0.01709	0.01238	0.00628	0.00511	0.00159	0.00444	0.00507	0.00617	0.00863
49	0.05080	0.01139	0.01317	0.01025	0.01407	0.01173	0.00841	0.39989	0.01898	0.33783	0.01602	0.04555	0.01127	0.00657	0.00510	0.00158	0.00491	0.00516	0.01893	0.00837
50	0.02158	0.00865	0.01160	0.00904	0.01280	0.00766	0.00742	0.02424	0.05445	0.70684	0.06423	0.01875	0.01491	0.00662	0.00521	0.00160	0.00424	0.00543	0.00625	0.00848
51	0.02168	0.00856	0.01156	0.00898	0.01274	0.00750	0.00737	0.02403	0.03519	0.71837	0.07203	0.01892	0.01520	0.00665	0.00522	0.00159	0.00423	0.00546	0.00627	0.00845
52	0.02065	0.01178	0.12625	0.01015	0.01463	0.00889	0.00938	0.07467	0.03529	0.60555	0.01811	0.01619	0.01160	0.00614	0.00512	0.00159	0.00492	0.00494	0.00563	0.00855
53	0.04880	0.01047	0.03730	0.00969	0.01358	0.00969	0.00819	0.19861	0.03046	0.49517	0.06991	0.01719	0.01382	0.00650	0.00514	0.00158	0.00462	0.00520	0.00575	0.00831
54	0.01012	0.02532	0.74790	0.01416	0.02137	0.01151	0.01815	0.01587	0.01105	0.01650	0.05380	0.01241	0.00891	0.00520	0.00494	0.00162	0.00729	0.00411	0.00237	0.00743
55	0.01242	0.01206	0.01984	0.14727	0.65419	0.03321	0.01537	0.01548	0.01155	0.01610	0.00953	0.01275	0.00789	0.00467	0.00508	0.00155	0.00629	0.00454	0.00250	0.00771
56	0.65342	0.01148	0.01060	0.00928	0.03288	0.05728	0.06113	0.07991	0.01070	0.02257	0.00793	0.00924	0.00612	0.00488	0.00368	0.00158	0.00481	0.00325	0.00325	0.00602
57	0.00751	0.00533	0.00638	0.00679	0.00790	0.00492	0.00481	0.00940	0.05494	0.05532	0.05685	0.45389	0.26599	0.02674	0.00655	0.00196	0.00301	0.01214	0.00487	0.00469
58	0.01149	0.00869	0.01062	0.01076	0.08392	0.00917	0.00753	0.01908	0.34183	0.08779	0.28394	0.02649	0.04915	0.00819	0.00554	0.00167	0.00368	0.01837	0.00519	0.00688
59	0.00746	0.00497	0.00560	0.00560	0.00560	0.00497	0.00311	0.00746	0.00746	0.00995	0.01617	0.03358	0.01865	0.81967	0.02612	0.00497	0.00497	0.00746	0.00311	0.00311
60	0.05635	0.29011	0.49688	0.01226	0.01855	0.01468	0.01487	0.01589	0.01059	0.01522	0.00841	0.00984	0.00648	0.00471	0.00426	0.00145	0.00670	0.00339	0.00223	0.00714
61	0.05814	0.11795	0.46568	0.01236	0.01852	0.01234	0.02815	0.05970	0.01170	0.07026	0.00979	0.01096	0.00715	0.00487	0.00454	0.00147	0.00644	0.00372	0.00278	0.09349
62	0.39526	0.02588	0.01054	0.00855	0.01201	0.10495	0.00696	0.01984	0.01193	0.33937	0.01266	0.01222	0.00866	0.00548	0.00417	0.00155	0.00480	0.00383	0.00441	0.00694
63	0.00750	0.00560	0.00723	0.00799	0.00927	0.00532	0.00668	0.00950	0.01184	0.01516	0.08137	0.09464	0.23584	0.01373	0.00672	0.00213	0.00391	0.46618	0.00480	0.00460
64	0.00977	0.02285	0.65673	0.01321	0.01969	0.01069	0.01651	0.01511	0.01147	0.01700	0.14375	0.01560	0.01377	0.00585	0.00508	0.00162	0.00669	0.00474	0.00277	0.00711
65	0.01171	0.35555	0.47649	0.01221	0.01847	0.01538	0.01475	0.01588	0.01066	0.01452	0.00835	0.00976	0.00653	0.00467	0.00422	0.00141	0.00672	0.00336	0.00218	0.00717
66	0.00969	0.00912	0.01539	0.80734	0.03534	0.01140	0.01425	0.01311	0.01026	0.01311	0.00912	0.01368	0.00684	0.00513	0.00513	0.00171	0.00684	0.00456	0.00228	0.00570
67	0.00625	0.00447	0.00595	0.00714	0.00744	0.00417	0.00476	0.00714	0.00982	0.01310	0.02828	0.81633	0.03394	0.01608	0.00655	0.00208	0.00298	0.01459	0.00476	0.00417
68	0.00956	0.00478	0.00478	0.00478	0.00598	0.00478	0.00359	0.01196	0.01076	0.01913	0.01674	0.01913	0.01315	0.00598	0.00359	0.00120	0.00239	0.00478	0.84816	0.00478
69	0.02283	0.00903	0.01209	0.00927	0.01325	0.00799	0.00766	0.06461	0.01519	0.75091	0.01982	0.01719	0.01249	0.00634	0.00516	0.00159	0.00443	0.00513	0.00629	0.00873
70	0.00733	0.00550	0.00825	0.00825	0.00916	0.00641	0.00641	0.00916	0.00825	0.01191	0.01374	0.02016	0.01283	0.03848	0.79934	0.00825	0.01374	0.00550	0.00275	0.00458
71	0.02009	0.01344	0.01482	0.01136	0.01545	0.01453	0.00939	0.64730	0.02256	0.15779	0.01363	0.01317	0.00938	0.00619	0.00514	0.00155	0.00543	0.00471	0.00533	0.00873
72	0.00969	0.00912	0.01539	0.80734	0.03534	0.01140	0.01425	0.01311	0.01026	0.01311	0.00912	0.01368	0.00684	0.00513	0.00513	0.00171	0.00684	0.00456	0.00228	0.00570
73	0.02250	0.00956	0.01242	0.00952	0.01351	0.00877	0.00787	0.13469	0.01607	0.67957	0.01908	0.01671	0.01212	0.00632	0.00516	0.00158	0.00455	0.00508	0.00617	0.00873
74	0.00726	0.00524	0.00686	0.00646	0.00767	0.00484	0.00484	0.00968	0.01452	0.02058	0.78496	0.03833	0.04841	0.01049	0.00605	0.00161	0.00242	0.00928	0.00565	0.00484
75	0.02229	0.00990	0.01263	0.00968	0.01368	0.00927	0.00800	0.17920	0.01664	0.63426	0.01860	0.01640	0.01188	0.00631	0.00515	0.00158	0.00463	0.00505	0.00610	0.00873
76	0.01140	0.01152	0.01569	0.01347	0.01352	0.03293	0.01120	0.01253	0.00800	0.01235	0.00676	0.01118	0.00673	0.00890	0.01657	0.00222	0.79268	0.00446	0.00225	0.00562
77	0.00745	0.00500	0.00575	0.00575	0.00580	0.00506	0.00330	0.00756	0.00751	0.01006	0.01603	0.03281	0.01832	0.77477	0.07056	0.00516	0.00548	0.00735	0.00309	0.00319
78	0.01064	0.00912	0.01064	0.00760	0.01216	0.00684	0.00608	0.01292	0.01064	0.01672	0.00912	0.01064	0.00760	0.00380	0.00380	0.00076	0.00380	0.00304	0.00304	0.85104
79	0.01276	0.01102	0.01160	0.01044	0.01334	0.01276	0.00812	0.02727	0.77840	0.02146	0.02088	0.01914	0.01566	0.00696	0.00522	0.00174	0.00406	0.00580	0.00522	0.00812
80	0.06640	0.00879	0.01168	0.00901	0.01293	0.00775	0.00744	0.02449	0.01438	0.75122	0.01956	0.01699	0.01233	0.00627	0.00506	0.00159	0.00435	0.00504	0.00619	0.00857
81	0.00772	0.00536	0.00694	0.00648	0.00781	0.00490	0.00488	0.01007	0.01438	0.04578	0.72143	0.03821	0.08562	0.01048	0.00602	0.00162	0.00249	0.00922	0.00563	0.00494
82	0.01270	0.01219	0.02083	0.03149	0.78767	0.01219	0.01575	0.01575	0.01168	0.01676	0.00965	0.01270	0.00813	0.00457	0.00508	0.00152	0.00610	0.00457	0.00254	0.00813
83	0.01047	0.06801	0.75319	0.01432	0.02174	0.01235	0.01843	0.01620	0.01081	0.01603	0.00910	0.01070	0.00650	0.00485	0.00479	0.00160	0.00747	0.00374	0.00217	0.00753
84	0.00746	0.00497	0.00560	0.00560	0.00560	0.00497	0.00311	0.00746	0.00746	0.00995	0.01617	0.03358	0.01865	0.81967	0.02612	0.00497	0.00497	0.00746	0.00311	0.00311
85	0.01235	0.01430	0.13444	0.02901	0.67505	0.01215	0.01622	0.01582	0.01156	0.01669	0.00959	0.01242	0.00789	0.00462	0.00505	0.00154	0.00631	0.00446	0.00248	0.00805
86	0.00891	0.00446	0.00668	0.00668	0.00668	0.00446	0.00446	0.00668	0.00668	0.00891	0.00891	0.01560	0.00891	0.01783	0.02005	0.85071	0.00446	0.00446	0.00223	0.00223
87	0.00985	0.00928	0.01567	0.76694	0.07452	0.01144	0.01433	0.01325	0.01033	0.01330	0.00915	0.01363	0.00691	0.00510	0.00513	0.00170	0.00680	0.00456	0.00229	0.00583
88	0.01917	0.02445	0.01454	0.01322	0.01586	0.79907	0.00991	0.02049	0.01454	0.01256	0.00793	0.00925	0.00661	0.00529	0.00463	0.00132	0.00925	0.00330	0.00264	0.00595
89	0.85592	0.00992	0.00754	0.00675	0.00992	0.01151	0.00556	0.01508	0.00873	0.02302	0.00714	0.00834	0.00556	0.00476	0.00318	0.00159	0.00397	0.00278	0.00318	0.00556
90	0.00876	0.00455	0.00683	0.00683	0.00692	0.00464	0.00464	0.00692	0.00683	0.00920	0.00937	0.01603	0.00928	0.01978	0.09387	0.77091	0.00534	0.00455	0.00228	0.00245
91	0.00746	0.00497	0.00560	0.00560	0.00560	0.00497	0.00311	0.00746	0.00746	0.00995	0.01617	0.03358	0.01865	0.81967	0.02612	0.00497	0.00497	0.00746	0.00311	0.00311
92	0.00733	0.00550	0.00825	0.00825	0.00916	0.00641	0.00641	0.00916	0.00825	0.01191	0.01374	0.02016	0.01283	0.03848	0.79934	0.00825	0.01374	0.00550	0.00275	0.00458
93	0.06327	0.06104	0.04405	0.01147	0.01567	0.01578	0.00981	0.65947	0.02203	0.03009	0.01163	0.01182	0.00835	0.00594	0.00491	0.00152	0.00562	0.00438	0.00475	0.00839
94	0.00621	0.00462	0.00580	0.00674	0.00734	0.00420	0.00458	0.00719	0.01021	0.01326	0.03320	0.65704	0.19004	0.01544	0.00645	0.00201	0.00290	0.01381	0.00476	0.00420
