[name]
unknown

[dist]
# distance from previous block
# <min> <max>
0	40

[block]
# block no. 0 follows, 43 sequences, length 11
# corresponding to MSA columns:
# 40-50
name=unknown_A
#
# <colnr> <probs for GDERKNQSTAVLIFYWHMCP>
#	G	D	E	R	K	N	Q	S	T	A	V	L	I	F	Y	W	H	M	C	P
0	0.02979	0.07448	0.17900	0.04400	0.03038	0.01139	0.01128	0.08437	0.05905	0.15874	0.01439	0.01726	0.01118	0.00625	0.00513	0.00155	0.00569	0.05755	0.00410	0.19442
1	0.09749	0.05265	0.10760	0.09504	0.05068	0.01067	0.03042	0.03461	0.06853	0.11665	0.03310	0.01969	0.11472	0.00677	0.00515	0.00160	0.00526	0.00552	0.00401	0.13980
2	0.06062	0.00882	0.01206	0.09237	0.11075	0.00887	0.00881	0.03477	0.06417	0.18898	0.30248	0.02642	0.04123	0.00825	0.00582	0.00174	0.00438	0.00712	0.00525	0.00708
3	0.01377	0.01347	0.02182	0.08320	0.69230	0.04395	0.01664	0.01701	0.01263	0.01765	0.01031	0.01363	0.00862	0.00501	0.00547	0.00165	0.00677	0.00488	0.00273	0.00851
4	0.69496	0.01133	0.00967	0.04197	0.01279	0.01307	0.00703	0.11760	0.01179	0.02577	0.00857	0.00984	0.00653	0.00537	0.00381	0.00171	0.00467	0.00336	0.00368	0.00648
5	0.01333	0.01401	0.11782	0.03164	0.01620	0.01334	0.01051	0.05786	0.56809	0.02230	0.02109	0.02088	0.03380	0.00748	0.00565	0.00187	0.00504	0.02558	0.00507	0.00845
6	0.00996	0.00607	0.00788	0.00736	0.00900	0.00549	0.00554	0.01218	0.01475	0.12587	0.50238	0.14398	0.10452	0.01175	0.00647	0.00182	0.00301	0.01032	0.00599	0.00567
7	0.01222	0.01044	0.01109	0.01009	0.01287	0.01172	0.00780	0.02468	0.58748	0.02195	0.09743	0.02711	0.12380	0.00877	0.00585	0.00186	0.00400	0.00736	0.00561	0.00787
8	0.01575	0.01255	0.01463	0.01083	0.01557	0.01196	0.03954	0.33835	0.01794	0.02544	0.01142	0.01243	0.00875	0.00524	0.00484	0.00123	0.00520	0.00417	0.00425	0.43992
9	0.00699	0.00506	0.00677	0.00770	0.00822	0.00490	0.00530	0.00817	0.01063	0.01430	0.06644	0.60234	0.06368	0.04370	0.11461	0.00322	0.00483	0.01371	0.00484	0.00457
10	0.13825	0.05369	0.14916	0.01156	0.01648	0.01351	0.01093	0.28500	0.01765	0.22975	0.01395	0.01369	0.00955	0.00615	0.00510	0.00168	0.00582	0.00460	0.00488	0.00860

[dist]
# distance from previous block
# <min> <max>
0	2

[block]
# block no. 1 follows, 43 sequences, length 137
# corresponding to MSA columns:
# 53-110,112-190
name=unknown_B
#
# <colnr> <probs for GDERKNQSTAVLIFYWHMCP>
#	G	D	E	R	K	N	Q	S	T	A	V	L	I	F	Y	W	H	M	C	P
0	0.00794	0.00545	0.00635	0.00635	0.00659	0.00551	0.00383	0.00827	0.00844	0.01125	0.01952	0.03557	0.06548	0.66593	0.11653	0.00557	0.00634	0.00803	0.00342	0.00363
1	0.01525	0.01208	0.01351	0.00999	0.01472	0.01124	0.00812	0.30488	0.01722	0.02469	0.01120	0.01220	0.00868	0.00511	0.00467	0.00115	0.00489	0.00395	0.00417	0.51227
2	0.01331	0.01063	0.10480	0.00948	0.01323	0.00769	0.02549	0.01644	0.02843	0.19873	0.25765	0.04683	0.02479	0.02435	0.00605	0.00163	0.00440	0.00669	0.00501	0.19436
3	0.01186	0.10898	0.65108	0.01553	0.03602	0.01375	0.03825	0.01762	0.01178	0.03173	0.00998	0.01166	0.00722	0.00522	0.00513	0.00169	0.00788	0.00408	0.00245	0.00809
4	0.01222	0.18945	0.60260	0.01433	0.02170	0.01461	0.01788	0.01758	0.01171	0.03592	0.00978	0.01129	0.00721	0.00519	0.00492	0.00164	0.00763	0.00390	0.00246	0.00799
5	0.02101	0.00997	0.01252	0.01002	0.01385	0.00953	0.00813	0.07623	0.15301	0.51873	0.06656	0.02114	0.03842	0.00744	0.00567	0.00175	0.00457	0.00610	0.00644	0.00892
6	0.01206	0.01272	0.03796	0.28583	0.07131	0.01314	0.35229	0.02872	0.01217	0.01637	0.01100	0.01603	0.00873	0.00594	0.00710	0.02020	0.05130	0.02746	0.00276	0.00688
7	0.01308	0.01247	0.02123	0.15078	0.63799	0.01285	0.01654	0.01642	0.01238	0.01744	0.01081	0.01511	0.00915	0.00529	0.00555	0.00170	0.00667	0.02351	0.00276	0.00827
8	0.02380	0.00919	0.01252	0.00968	0.01378	0.00796	0.00796	0.02597	0.01584	0.72831	0.06779	0.02024	0.01608	0.00713	0.00563	0.00172	0.00458	0.00584	0.00681	0.00917
9	0.01893	0.01039	0.03501	0.00983	0.01351	0.00954	0.00821	0.18842	0.01780	0.38074	0.16955	0.02421	0.07253	0.00814	0.00581	0.00172	0.00459	0.00670	0.00615	0.00823
10	0.03290	0.01318	0.07116	0.10082	0.29854	0.01239	0.06782	0.12202	0.02851	0.10808	0.03450	0.03979	0.03262	0.00632	0.00563	0.00173	0.00629	0.00571	0.00386	0.00814
11	0.01006	0.00916	0.01518	0.58105	0.07724	0.01105	0.01362	0.01331	0.01090	0.01428	0.01227	0.07100	0.01072	0.01091	0.10129	0.00274	0.00792	0.01850	0.00277	0.00603
12	0.00775	0.00565	0.00729	0.00698	0.00830	0.00520	0.00525	0.01023	0.01525	0.02134	0.67940	0.06307	0.10101	0.01178	0.00658	0.00179	0.00271	0.02929	0.00598	0.00516
13	0.01380	0.01957	0.32498	0.01881	0.11098	0.03097	0.19956	0.04633	0.01303	0.09281	0.01202	0.03460	0.00913	0.00582	0.00627	0.00180	0.04305	0.00531	0.00316	0.00801
14	0.02910	0.34239	0.38634	0.01300	0.01927	0.01625	0.04738	0.01714	0.01155	0.03564	0.00955	0.01146	0.00761	0.02547	0.00518	0.00162	0.00708	0.00386	0.00254	0.00758
15	0.01905	0.01237	0.06776	0.03559	0.10128	0.01126	0.03041	0.09752	0.16237	0.36049	0.01899	0.01795	0.02561	0.00667	0.00559	0.00175	0.00540	0.00559	0.00545	0.00891
16	0.00665	0.00552	0.00581	0.00594	0.00759	0.00469	0.00438	0.00807	0.01257	0.01530	0.09622	0.13978	0.63992	0.01425	0.00661	0.00191	0.00284	0.01206	0.00520	0.00469
17	0.11984	0.01198	0.05985	0.03221	0.01528	0.01115	0.00921	0.18848	0.05198	0.35996	0.03747	0.05021	0.01338	0.00707	0.00538	0.00174	0.00513	0.00561	0.00559	0.00849
18	0.02807	0.25460	0.40390	0.01370	0.02007	0.01593	0.05461	0.06897	0.05873	0.01791	0.01032	0.01166	0.00787	0.00531	0.00484	0.00159	0.00713	0.00407	0.00282	0.00791
19	0.01231	0.01342	0.07221	0.33834	0.29754	0.05061	0.06105	0.01588	0.01189	0.01594	0.01014	0.01406	0.00808	0.00633	0.02675	0.00195	0.02865	0.00493	0.00261	0.00729
20	0.01178	0.03201	0.07498	0.33878	0.08142	0.03533	0.23744	0.01604	0.03452	0.01603	0.01344	0.01680	0.05491	0.00578	0.00582	0.00181	0.00765	0.00572	0.00284	0.00689
21	0.04848	0.01546	0.14964	0.05701	0.26019	0.07755	0.04158	0.03005	0.01339	0.13812	0.06311	0.03407	0.01248	0.00611	0.00545	0.00168	0.00649	0.00530	0.00369	0.03014
22	0.01216	0.03968	0.49597	0.01861	0.09566	0.01301	0.16720	0.01761	0.01220	0.03882	0.01105	0.01404	0.00832	0.00541	0.00558	0.00177	0.00804	0.02417	0.00267	0.00803
23	0.00711	0.00515	0.00680	0.00794	0.00855	0.00483	0.00568	0.00840	0.01122	0.01480	0.05190	0.61126	0.08708	0.01663	0.00711	0.00226	0.00347	0.13003	0.00516	0.00463
24	0.11100	0.25358	0.14001	0.02718	0.06332	0.17567	0.03158	0.03196	0.01238	0.03218	0.00936	0.02616	0.00788	0.00570	0.00531	0.00156	0.05126	0.00397	0.00284	0.00709
25	0.01157	0.01172	0.02054	0.43877	0.03127	0.03092	0.22506	0.01601	0.05779	0.01568	0.01172	0.04710	0.00945	0.00608	0.00644	0.00189	0.04262	0.00587	0.00287	0.00663
26	0.00817	0.00526	0.00699	0.00773	0.00844	0.00486	0.00532	0.00940	0.01154	0.06784	0.12102	0.63687	0.03662	0.03268	0.00735	0.00222	0.00329	0.01416	0.00534	0.00491
27	0.03518	0.01439	0.03764	0.24171	0.08548	0.09454	0.33805	0.01674	0.01245	0.01630	0.01072	0.03248	0.00855	0.00549	0.00619	0.00181	0.02688	0.00568	0.00276	0.00695
28	0.39877	0.09132	0.05412	0.03284	0.01575	0.01332	0.11417	0.03488	0.03331	0.09029	0.01091	0.03535	0.00862	0.00587	0.00508	0.00174	0.03876	0.00445	0.00359	0.00687
29	0.00805	0.00538	0.00612	0.00612	0.00614	0.00541	0.00345	0.00810	0.00808	0.01079	0.01738	0.03586	0.01997	0.78530	0.04803	0.00546	0.00562	0.00800	0.00335	0.00340
30	0.01169	0.00719	0.00866	0.00772	0.00986	0.00673	0.00591	0.07747	0.02674	0.15342	0.28659	0.09676	0.22065	0.04646	0.00727	0.00197	0.00353	0.00952	0.00574	0.00611
31	0.02053	0.19066	0.01761	0.01085	0.01490	0.03465	0.00929	0.17337	0.03603	0.35808	0.01556	0.01481	0.01080	0.00652	0.00597	0.00163	0.06026	0.00478	0.00513	0.00857
32	0.01376	0.58729	0.24123	0.01127	0.01698	0.01934	0.01259	0.01685	0.01138	0.01431	0.00834	0.00968	0.00708	0.00489	0.00404	0.00135	0.00656	0.00328	0.00236	0.00741
33	0.02069	0.02640	0.01569	0.01427	0.01712	0.78313	0.01070	0.02212	0.01569	0.01355	0.00856	0.00999	0.00713	0.00571	0.00499	0.00143	0.00999	0.00357	0.00285	0.00642
34	0.01774	0.10066	0.03546	0.05945	0.01655	0.14821	0.00977	0.07607	0.24046	0.19419	0.01734	0.01674	0.02975	0.00665	0.00528	0.00166	0.00598	0.00517	0.00477	0.00810
35	0.02050	0.03842	0.06822	0.01286	0.01676	0.35539	0.01067	0.16715	0.05526	0.18173	0.01313	0.01318	0.00948	0.00618	0.00524	0.00157	0.00758	0.00444	0.00434	0.00791
36	0.00683	0.00490	0.00650	0.00771	0.00812	0.00457	0.00522	0.00789	0.01084	0.01444	0.05077	0.74510	0.05340	0.01706	0.00706	0.00224	0.00324	0.03441	0.00517	0.00454
37	0.00730	0.00591	0.00701	0.05472	0.00982	0.00539	0.00546	0.00925	0.01340	0.01712	0.26144	0.06174	0.45810	0.01283	0.00655	0.00187	0.00316	0.04873	0.00526	0.00495
38	0.01938	0.04307	0.01709	0.02971	0.10935	0.49692	0.01152	0.15621	0.01688	0.01805	0.00964	0.01115	0.00776	0.00585	0.00541	0.00152	0.02588	0.00403	0.00331	0.00727
39	0.00675	0.00482	0.00643	0.00771	0.00803	0.00450	0.00514	0.00771	0.01060	0.01414	0.03053	0.80175	0.03663	0.01735	0.00707	0.00225	0.00321	0.01574	0.00514	0.00450
40	0.00768	0.00561	0.00722	0.00692	0.00820	0.00514	0.00515	0.01011	0.01515	0.02121	0.67309	0.08903	0.10100	0.01188	0.00657	0.00178	0.00266	0.01048	0.00597	0.00514
41	0.03293	0.01382	0.02464	0.08428	0.11555	0.05613	0.39231	0.03208	0.01269	0.03846	0.01194	0.06263	0.01004	0.00619	0.00723	0.00188	0.08063	0.00631	0.00306	0.00721
42	0.01209	0.01254	0.06568	0.32912	0.35297	0.01291	0.01580	0.01581	0.02632	0.01633	0.01034	0.01417	0.00828	0.00560	0.00634	0.00178	0.06159	0.00490	0.01997	0.00744
43	0.00675	0.00482	0.00643	0.00771	0.00803	0.00450	0.00514	0.00771	0.01060	0.01414	0.03053	0.80175	0.03663	0.01735	0.00707	0.00225	0.00321	0.01574	0.00514	0.00450
44	0.01148	0.00984	0.01148	0.00820	0.01312	0.00738	0.00656	0.01395	0.01148	0.01805	0.00984	0.01148	0.00820	0.00410	0.00410	0.00082	0.00410	0.00328	0.00328	0.83922
45	0.01377	0.58992	0.23871	0.01125	0.01695	0.01938	0.01256	0.01685	0.01138	0.01429	0.00833	0.00967	0.00708	0.00489	0.00403	0.00134	0.00656	0.00328	0.00236	0.00741
46	0.02940	0.02079	0.40585	0.01857	0.09576	0.01295	0.19114	0.01658	0.01175	0.01727	0.01130	0.06129	0.00934	0.00617	0.00664	0.00185	0.06751	0.00550	0.00269	0.00764
47	0.00724	0.00542	0.00732	0.06210	0.01027	0.00531	0.00591	0.00887	0.02799	0.01501	0.08828	0.64670	0.05732	0.01573	0.00687	0.00216	0.00347	0.01420	0.00504	0.00477
48	0.01534	0.01316	0.01627	0.01347	0.01527	0.01654	0.01111	0.27927	0.06697	0.02169	0.01073	0.01370	0.00901	0.02723	0.01301	0.00218	0.43879	0.00507	0.00379	0.00739
49	0.01157	0.01131	0.01591	0.01380	0.01393	0.01565	0.01144	0.01288	0.00854	0.01327	0.00826	0.01338	0.00813	0.01386	0.11840	0.00327	0.69301	0.00499	0.00249	0.00591
50	0.01556	0.40552	0.13881	0.01194	0.01673	0.22517	0.02690	0.01807	0.01258	0.01431	0.00850	0.00992	0.00720	0.00503	0.00431	0.00133	0.00731	0.00340	0.00257	0.06484
51	0.00687	0.00562	0.00607	0.00596	0.00768	0.00482	0.00447	0.00859	0.01340	0.01681	0.23737	0.05026	0.58615	0.01334	0.00654	0.00184	0.00276	0.01126	0.00539	0.00482
52	0.00892	0.00637	0.00892	0.01020	0.01147	0.00637	0.00892	0.01147	0.01275	0.01657	0.02932	0.06247	0.03187	0.01530	0.00765	0.00255	0.00510	0.73354	0.00510	0.00510
53	0.00784	0.00566	0.00740	0.00697	0.00827	0.00523	0.00523	0.01045	0.01568	0.02221	0.76789	0.04137	0.05226	0.01132	0.00653	0.00174	0.00261	0.01002	0.00610	0.00523
54	0.01148	0.00984	0.01148	0.00820	0.01312	0.00738	0.00656	0.01395	0.01148	0.01805	0.00984	0.01148	0.00820	0.00410	0.00410	0.00082	0.00410	0.00328	0.00328	0.83922
55	0.00801	0.00537	0.00611	0.00615	0.00618	0.00538	0.00348	0.00808	0.00814	0.01088	0.01776	0.05748	0.02047	0.76695	0.04365	0.00536	0.00551	0.00823	0.00340	0.00342
56	0.82738	0.01060	0.00808	0.00724	0.01062	0.01228	0.00595	0.01621	0.00947	0.02476	0.00792	0.00924	0.00617	0.00517	0.00344	0.00171	0.00425	0.00304	0.02050	0.00598
57	0.14315	0.01380	0.01955	0.02761	0.56953	0.06664	0.01459	0.04775	0.01289	0.01952	0.00999	0.01270	0.00826	0.00509	0.00513	0.00164	0.00644	0.00454	0.00297	0.00821
58	0.04155	0.00890	0.01193	0.00955	0.01335	0.00784	0.00786	0.02413	0.01525	0.64117	0.04556	0.04521	0.03753	0.00801	0.00576	0.00179	0.00457	0.05485	0.00654	0.00866
59	0.02485	0.00943	0.01285	0.00985	0.01414	0.00814	0.00814	0.02699	0.01585	0.77465	0.02185	0.01885	0.01371	0.00685	0.00557	0.00171	0.00471	0.00557	0.00685	0.00943
60	0.00805	0.00540	0.00622	0.00622	0.00628	0.00546	0.00358	0.00817	0.00811	0.01087	0.01729	0.03535	0.01975	0.75832	0.07470	0.00559	0.00595	0.00792	0.00333	0.00345
61	0.00837	0.00564	0.00646	0.00648	0.00666	0.00567	0.00389	0.02454	0.00879	0.01169	0.01835	0.05226	0.02094	0.72389	0.02602	0.00505	0.00533	0.05282	0.00355	0.00362
62	0.01148	0.00984	0.01148	0.00820	0.01312	0.00738	0.00656	0.01395	0.01148	0.01805	0.00984	0.01148	0.00820	0.00410	0.00410	0.00082	0.00410	0.00328	0.00328	0.83922
63	0.84448	0.01071	0.00814	0.00728	0.01071	0.01242	0.00600	0.01628	0.00943	0.02485	0.00771	0.00900	0.00600	0.00514	0.00343	0.00171	0.00428	0.00300	0.00343	0.00600
64	0.01190	0.01145	0.01671	0.65845	0.05470	0.06618	0.01476	0.05772	0.01226	0.01541	0.00992	0.01427	0.00752	0.00567	0.00572	0.00181	0.02159	0.00483	0.00267	0.00643
65	0.00674	0.00484	0.00640	0.00766	0.00802	0.00450	0.00512	0.00772	0.01066	0.01416	0.03121	0.78175	0.05619	0.01726	0.00705	0.00224	0.00320	0.01564	0.00514	0.00450
66	0.00683	0.00562	0.00601	0.00591	0.00766	0.00480	0.00443	0.00850	0.01330	0.01656	0.21295	0.05067	0.61073	0.01343	0.00654	0.00184	0.00276	0.01132	0.00535	0.00480
67	0.01212	0.01212	0.01696	0.01454	0.01454	0.01696	0.01212	0.01333	0.00848	0.01333	0.00727	0.01212	0.00727	0.00969	0.01818	0.00242	0.79523	0.00485	0.00242	0.00606
68	0.01395	0.01198	0.01262	0.01131	0.01447	0.01386	0.00881	0.04649	0.74347	0.02344	0.02232	0.02049	0.01673	0.00749	0.00563	0.00187	0.00442	0.00623	0.00563	0.00878
69	0.02069	0.02640	0.01569	0.01427	0.01712	0.78313	0.01070	0.02212	0.01569	0.01355	0.00856	0.00999	0.00713	0.00571	0.00499	0.00143	0.00999	0.00357	0.00285	0.00642
70	0.01115	0.02833	0.75933	0.01596	0.02409	0.01289	0.03748	0.01754	0.01172	0.01754	0.00997	0.01177	0.00705	0.00525	0.00529	0.00176	0.00821	0.00415	0.00235	0.00817
71	0.00806	0.00526	0.00602	0.00622	0.00640	0.00521	0.00369	0.00846	0.00880	0.01222	0.01960	0.15709	0.02221	0.60372	0.02251	0.00448	0.00476	0.00901	0.08256	0.00371
72	0.00768	0.00581	0.00797	0.02580	0.05105	0.00568	0.00644	0.00959	0.04401	0.01493	0.02855	0.65305	0.03327	0.01584	0.00693	0.00221	0.00368	0.06753	0.00497	0.00500
73	0.00784	0.00566	0.00740	0.00697	0.00827	0.00523	0.00523	0.01045	0.01568	0.02221	0.76789	0.04137	0.05226	0.01132	0.00653	0.00174	0.00261	0.01002	0.00610	0.00523
74	0.00691	0.00489	0.00638	0.00751	0.00779	0.00460	0.00493	0.00775	0.01030	0.01373	0.02895	0.70932	0.03464	0.11249	0.00962	0.00263	0.00347	0.01482	0.00493	0.00436
75	0.00675	0.00482	0.00643	0.00771	0.00803	0.00450	0.00514	0.00771	0.01060	0.01414	0.03053	0.80175	0.03663	0.01735	0.00707	0.00225	0.00321	0.01574	0.00514	0.00450
76	0.84448	0.01071	0.00814	0.00728	0.01071	0.01242	0.00600	0.01628	0.00943	0.02485	0.00771	0.00900	0.00600	0.00514	0.00343	0.00171	0.00428	0.00300	0.00343	0.00600
77	0.01148	0.10652	0.70203	0.01516	0.02300	0.01377	0.01937	0.01744	0.01165	0.01709	0.00972	0.01141	0.00702	0.00521	0.00509	0.00170	0.00796	0.00398	0.00234	0.00808
78	0.69083	0.01323	0.00958	0.00853	0.01191	0.12792	0.00687	0.04432	0.01098	0.02353	0.00804	0.00930	0.00629	0.00528	0.00374	0.00167	0.00520	0.00316	0.00342	0.00619
79	0.00813	0.00625	0.00931	0.00919	0.01013	0.00743	0.00719	0.01006	0.00888	0.01288	0.01445	0.02127	0.01351	0.03992	0.74452	0.00857	0.05450	0.00588	0.00294	0.00500
80	0.00800	0.00605	0.00901	0.00895	0.00990	0.00710	0.00695	0.00992	0.00887	0.01282	0.01473	0.02189	0.01385	0.05884	0.74932	0.00868	0.03125	0.00596	0.00296	0.00493
81	0.02098	0.00912	0.01197	0.00957	0.01326	0.00832	0.00776	0.02471	0.09941	0.57395	0.13732	0.02254	0.02003	0.00762	0.00573	0.00174	0.00435	0.00633	0.00660	0.00870
82	0.01237	0.29534	0.52106	0.01363	0.02063	0.01596	0.01671	0.01721	0.01154	0.01600	0.00917	0.01073	0.00705	0.00508	0.00468	0.00156	0.00741	0.00371	0.00235	0.00782
83	0.01071	0.01033	0.01814	0.71911	0.03727	0.01247	0.08516	0.01449	0.01126	0.01449	0.00997	0.01478	0.00748	0.00545	0.00563	0.00185	0.00757	0.00508	0.00249	0.00628
84	0.01577	0.01289	0.01365	0.01167	0.01516	0.01471	0.00925	0.22789	0.55910	0.02639	0.02000	0.01864	0.01485	0.00728	0.00561	0.00182	0.00485	0.00591	0.00561	0.00895
85	0.02227	0.01221	0.01433	0.01104	0.01525	0.01243	0.00910	0.38282	0.02065	0.37403	0.01746	0.01621	0.01162	0.00673	0.00547	0.00167	0.00529	0.00526	0.04693	0.00921
86	0.01362	0.01307	0.02232	0.05425	0.75124	0.01314	0.01695	0.01692	0.01257	0.01799	0.01040	0.01374	0.00874	0.00495	0.00548	0.00165	0.00660	0.00493	0.00273	0.00870
87	0.01307	0.01494	0.03268	0.02334	0.02894	0.01401	0.75070	0.01774	0.01307	0.01774	0.01120	0.01494	0.00840	0.00467	0.00654	0.00187	0.00934	0.00654	0.00280	0.00747
88	0.01467	0.01170	0.01255	0.01116	0.01438	0.01332	0.00872	0.02923	0.70042	0.08408	0.02249	0.02052	0.01665	0.00746	0.00563	0.00187	0.00441	0.00621	0.00573	0.00882
89	0.01126	0.00767	0.00905	0.00820	0.01041	0.00759	0.00634	0.03803	0.16788	0.11224	0.33234	0.05656	0.17480	0.01062	0.00624	0.00182	0.00344	0.02322	0.00585	0.00646
90	0.10760	0.19839	0.52377	0.01342	0.02030	0.01481	0.01638	0.01718	0.01134	0.01739	0.00919	0.01076	0.00692	0.00513	0.00467	0.00162	0.00724	0.00372	0.00247	0.00770
91	0.00673	0.00556	0.00577	0.00580	0.00745	0.00475	0.00425	0.00809	0.01241	0.01505	0.09230	0.08207	0.64847	0.06700	0.00802	0.00211	0.00298	0.01152	0.00508	0.00461
92	0.00675	0.00482	0.00643	0.00771	0.00803	0.00450	0.00514	0.00771	0.01060	0.01414	0.03053	0.80175	0.03663	0.01735	0.00707	0.00225	0.00321	0.01574	0.00514	0.00450
93	0.01347	0.02627	0.01989	0.05750	0.30355	0.08865	0.10004	0.03674	0.01250	0.01674	0.01223	0.01954	0.01124	0.00729	0.00817	0.00191	0.15354	0.10037	0.00307	0.00728
94	0.01046	0.00984	0.01661	0.79205	0.03814	0.01230	0.01538	0.01415	0.01107	0.01415	0.00984	0.01477	0.00738	0.00554	0.00554	0.00185	0.00738	0.00492	0.00246	0.00615
95	0.01046	0.00984	0.01661	0.79205	0.03814	0.01230	0.01538	0.01415	0.01107	0.01415	0.00984	0.01477	0.00738	0.00554	0.00554	0.00185	0.00738	0.00492	0.00246	0.00615
96	0.66724	0.10905	0.01137	0.00797	0.01164	0.01375	0.00677	0.06197	0.01087	0.04647	0.00848	0.00954	0.00658	0.00524	0.00364	0.00165	0.00461	0.00319	0.00353	0.00645
97	0.01299	0.01353	0.06716	0.02836	0.56293	0.03273	0.04619	0.01637	0.01274	0.01782	0.02828	0.02023	0.01240	0.00640	0.00579	0.00177	0.00662	0.09653	0.00309	0.00809
98	0.01649	0.08088	0.11852	0.01082	0.01485	0.01186	0.00983	0.11599	0.17108	0.22559	0.06078	0.02057	0.01557	0.07506	0.00740	0.00204	0.00535	0.02425	0.00504	0.00805
99	0.00678	0.00490	0.00643	0.00764	0.00808	0.00455	0.00517	0.00781	0.01078	0.01424	0.03207	0.73880	0.08160	0.01710	0.00705	0.00223	0.00323	0.03186	0.00514	0.00452
100	0.01252	0.20385	0.41067	0.01721	0.08618	0.01516	0.14554	0.01731	0.01191	0.01659	0.00969	0.01179	0.00743	0.00501	0.00511	0.00163	0.00773	0.00433	0.00246	0.00786
101	0.03646	0.01255	0.01418	0.01109	0.01497	0.01323	0.00901	0.44371	0.03718	0.22509	0.05426	0.01784	0.01355	0.06235	0.00713	0.00194	0.00543	0.00560	0.00572	0.00871
102	0.01313	0.01465	0.03103	0.02452	0.12392	0.01396	0.64048	0.01755	0.01291	0.01769	0.01102	0.01472	0.00843	0.00481	0.00665	0.00185	0.02599	0.00629	0.00279	0.00761
103	0.00783	0.00573	0.00700	0.00676	0.00825	0.00516	0.00510	0.00998	0.01436	0.03501	0.47394	0.06316	0.26318	0.02929	0.00704	0.00190	0.00290	0.04262	0.00570	0.00509
104	0.01265	0.33586	0.38682	0.03501	0.01961	0.01682	0.01517	0.01667	0.01120	0.01526	0.00880	0.01071	0.00709	0.00548	0.00582	0.00159	0.08185	0.00374	0.00236	0.00750
105	0.04630	0.01417	0.01537	0.01189	0.01617	0.03542	0.00979	0.54053	0.02288	0.19430	0.02789	0.01477	0.01093	0.00670	0.00549	0.00167	0.00578	0.00510	0.00570	0.00916
106	0.00802	0.00586	0.00737	0.00801	0.00895	0.00564	0.00578	0.06001	0.01254	0.01663	0.09939	0.53348	0.10924	0.01553	0.00692	0.00215	0.00349	0.08076	0.00525	0.00498
107	0.01522	0.01659	0.03842	0.02876	0.55979	0.18914	0.03716	0.01820	0.01331	0.01703	0.01001	0.01285	0.00835	0.00511	0.00540	0.00160	0.00748	0.00465	0.00276	0.00818
108	0.02451	0.01060	0.01311	0.01019	0.01439	0.05606	0.00835	0.04239	0.01606	0.71177	0.02085	0.01818	0.01321	0.00678	0.00553	0.00169	0.00507	0.00543	0.00658	0.00924
109	0.01083	0.01202	0.10528	0.01094	0.01392	0.06112	0.05464	0.01691	0.19584	0.01898	0.17275	0.07191	0.11000	0.01004	0.00624	0.00192	0.00504	0.11027	0.00480	0.00655
110	0.00735	0.00579	0.00678	0.00728	0.00882	0.00522	0.00581	0.00911	0.01257	0.01558	0.06224	0.11602	0.45778	0.01464	0.00694	0.00211	0.00357	0.24244	0.00515	0.00481
111	0.01446	0.07856	0.11000	0.01919	0.18240	0.01287	0.19588	0.09084	0.01412	0.09963	0.02889	0.07118	0.01269	0.00669	0.00580	0.00177	0.00678	0.03667	0.00373	0.00786
112	0.01496	0.78809	0.02867	0.00960	0.01429	0.04197	0.00951	0.01673	0.01137	0.01304	0.00772	0.00891	0.00711	0.00476	0.00359	0.00119	0.00603	0.00298	0.00238	0.00709
113	0.00702	0.00498	0.00656	0.00772	0.00808	0.00471	0.00523	0.00801	0.01051	0.01398	0.02918	0.67647	0.03471	0.09337	0.00915	0.00257	0.00355	0.06481	0.00497	0.00443
114	0.01320	0.01922	0.26346	0.04089	0.34676	0.06661	0.13524	0.01758	0.01257	0.01746	0.01025	0.01303	0.00801	0.00506	0.00555	0.00170	0.00779	0.00483	0.00262	0.00816
115	0.02191	0.00947	0.01239	0.00993	0.01377	0.00875	0.00805	0.02595	0.12310	0.60862	0.02218	0.05723	0.01529	0.00839	0.02653	0.00196	0.00486	0.00617	0.00649	0.00897
116	0.01106	0.02734	0.72393	0.06965	0.02495	0.01282	0.02011	0.01730	0.01165	0.01730	0.00993	0.01191	0.00704	0.00528	0.00528	0.00176	0.00813	0.00415	0.00235	0.00804
117	0.02331	0.00924	0.01247	0.00967	0.01370	0.00809	0.00794	0.04145	0.01606	0.69417	0.08541	0.02065	0.01691	0.00723	0.00565	0.00171	0.00456	0.00594	0.00676	0.00907
118	0.01910	0.01489	0.01818	0.01839	0.21745	0.01611	0.01225	0.55693	0.02247	0.03044	0.01253	0.01341	0.00925	0.00619	0.00553	0.00166	0.00622	0.00497	0.00480	0.00925
119	0.00802	0.00535	0.00605	0.00609	0.00610	0.00534	0.00341	0.00804	0.00813	0.01084	0.01783	0.05870	0.02062	0.78225	0.02757	0.00528	0.00531	0.00828	0.00341	0.00339
120	0.00905	0.00560	0.00647	0.00632	0.00659	0.00552	0.00370	0.00921	0.00860	0.05787	0.01807	0.05562	0.02018	0.73513	0.02623	0.00506	0.00527	0.00811	0.00362	0.00376
121	0.10799	0.35211	0.12499	0.01246	0.06219	0.12821	0.01112	0.01897	0.06878	0.05210	0.01009	0.01110	0.00813	0.00532	0.00435	0.00146	0.00651	0.00370	0.00304	0.00737
122	0.02016	0.06149	0.03544	0.02983	0.03201	0.03380	0.00955	0.22262	0.09841	0.33609	0.03503	0.01751	0.02882	0.00685	0.00546	0.00168	0.00538	0.00543	0.00561	0.00881
123	0.01378	0.01190	0.01252	0.01127	0.01440	0.01378	0.00877	0.02943	0.76081	0.02317	0.02254	0.02066	0.01691	0.00751	0.00564	0.00188	0.00438	0.00626	0.00564	0.00877
124	0.02485	0.00943	0.01285	0.00985	0.01414	0.00814	0.00814	0.02699	0.01585	0.77465	0.02185	0.01885	0.01371	0.00685	0.00557	0.00171	0.00471	0.00557	0.00685	0.00943
125	0.02144	0.03149	0.01497	0.01149	0.01557	0.06672	0.00938	0.36365	0.06739	0.29342	0.01656	0.01598	0.01147	0.02704	0.00605	0.00176	0.00574	0.00521	0.00570	0.00896
126	0.01115	0.02833	0.75971	0.01596	0.02408	0.01289	0.03711	0.01754	0.01172	0.01754	0.00997	0.01177	0.00705	0.00525	0.00529	0.00176	0.00821	0.00415	0.00235	0.00817
127	0.02317	0.00969	0.01277	0.00989	0.01396	0.00874	0.00813	0.09236	0.01677	0.64767	0.07955	0.02011	0.01634	0.00719	0.00564	0.00171	0.00468	0.00586	0.00667	0.00910
128	0.07976	0.01127	0.05535	0.01029	0.01463	0.00983	0.00889	0.12465	0.01657	0.54912	0.04857	0.01790	0.01374	0.00680	0.00544	0.00171	0.00498	0.00540	0.00616	0.00895
129	0.01199	0.08519	0.67489	0.01513	0.02283	0.01379	0.01904	0.06272	0.01254	0.01828	0.00998	0.01159	0.00717	0.00531	0.00515	0.00171	0.00789	0.00406	0.00254	0.00818
130	0.84448	0.01071	0.00814	0.00728	0.01071	0.01242	0.00600	0.01628	0.00943	0.02485	0.00771	0.00900	0.00600	0.00514	0.00343	0.00171	0.00428	0.00300	0.00343	0.00600
131	0.00695	0.00500	0.00663	0.00778	0.00827	0.00467	0.00538	0.00813	0.01109	0.01477	0.07148	0.68695	0.05862	0.01678	0.00706	0.00223	0.00330	0.06512	0.00519	0.00459
132	0.00776	0.00563	0.00725	0.00690	0.00816	0.00518	0.00512	0.01019	0.01517	0.02131	0.69214	0.06291	0.08384	0.03539	0.00720	0.00187	0.00272	0.01019	0.00594	0.00512
133	0.01111	0.02865	0.77667	0.01579	0.02397	0.01286	0.02046	0.01754	0.01169	0.01754	0.00994	0.01169	0.00702	0.00526	0.00526	0.00175	0.00818	0.00409	0.00234	0.00818
134	0.00655	0.00561	0.00561	0.00561	0.00748	0.00468	0.00421	0.00795	0.01262	0.01496	0.05610	0.05330	0.76857	0.01403	0.00655	0.00187	0.00281	0.01169	0.00514	0.00468
135	0.01069	0.00998	0.01677	0.67817	0.10688	0.01207	0.01519	0.01428	0.01131	0.01466	0.01093	0.01719	0.00881	0.00600	0.00564	0.00186	0.00719	0.04342	0.00263	0.00635
136	0.01111	0.02865	0.77667	0.01579	0.02397	0.01286	0.02046	0.01754	0.01169	0.01754	0.00994	0.01169	0.00702	0.00526	0.00526	0.00175	0.00818	0.00409	0.00234	0.00818

[dist]
# distance from previous block
# <min> <max>
0	1

[block]
# block no. 2 follows, 43 sequences, length 10
# corresponding to MSA columns:
# 192-201
name=unknown_C
#
# <colnr> <probs for GDERKNQSTAVLIFYWHMCP>
#	G	D	E	R	K	N	Q	S	T	A	V	L	I	F	Y	W	H	M	C	P
0	0.00774	0.00576	0.00853	0.00872	0.00961	0.00655	0.00665	0.00956	0.00916	0.01305	0.01722	0.14015	0.01730	0.03787	0.66558	0.00789	0.01307	0.00742	0.00330	0.00488
1	0.03660	0.09568	0.11091	0.00936	0.01256	0.00993	0.00862	0.07218	0.06970	0.05603	0.30223	0.03076	0.10003	0.00930	0.00584	0.00175	0.00441	0.05260	0.00494	0.00656
2	0.07673	0.13111	0.61706	0.01428	0.02164	0.01403	0.01787	0.01731	0.01146	0.01751	0.00947	0.01111	0.00695	0.00518	0.00489	0.00167	0.00758	0.00386	0.00243	0.00787
3	0.01281	0.17992	0.45031	0.01481	0.04999	0.04128	0.04824	0.06271	0.01253	0.01725	0.01014	0.01274	0.00804	0.04902	0.00625	0.00182	0.00750	0.00426	0.00265	0.00771
4	0.04456	0.08866	0.14593	0.01192	0.01629	0.12366	0.01093	0.13235	0.19052	0.07030	0.03672	0.03368	0.01225	0.00652	0.00517	0.00163	0.00616	0.00503	0.00424	0.05348
5	0.01555	0.07296	0.10693	0.01177	0.01598	0.01376	0.02799	0.34806	0.06834	0.02527	0.05579	0.04265	0.01436	0.04056	0.00646	0.00183	0.00578	0.05080	0.00459	0.07058
6	0.04191	0.14437	0.09513	0.01297	0.05089	0.04841	0.05661	0.23612	0.08552	0.03967	0.01479	0.01541	0.05190	0.00626	0.00510	0.00157	0.00603	0.00495	0.02732	0.05507
7	0.07508	0.07851	0.26621	0.01519	0.11684	0.06207	0.03532	0.04646	0.03648	0.07997	0.01419	0.01523	0.05919	0.00593	0.00509	0.00161	0.00651	0.00474	0.00338	0.07200
8	0.22064	0.04309	0.06409	0.12496	0.08467	0.01177	0.03089	0.06894	0.04566	0.12337	0.05272	0.05780	0.01256	0.00656	0.00504	0.00172	0.00544	0.00532	0.00404	0.03071
9	0.06692	0.05828	0.14445	0.01183	0.01627	0.01302	0.03978	0.23883	0.08694	0.06952	0.06508	0.01902	0.01407	0.02987	0.00606	0.00180	0.00577	0.04919	0.00448	0.05880

[dist]
# distance from previous block
# <min> <max>
4	37

[block]
# block no. 3 follows, 43 sequences, length 25
# corresponding to MSA columns:
# 244-268
name=unknown_D
#
# <colnr> <probs for GDERKNQSTAVLIFYWHMCP>
#	G	D	E	R	K	N	Q	S	T	A	V	L	I	F	Y	W	H	M	C	P
0	0.04349	0.01339	0.09495	0.01184	0.03831	0.02532	0.01003	0.17536	0.15028	0.19041	0.04365	0.04921	0.02758	0.00722	0.00586	0.00171	0.03010	0.00576	0.00504	0.07051
1	0.01364	0.28661	0.03913	0.00919	0.01269	0.04424	0.00811	0.06848	0.01394	0.09308	0.18014	0.05683	0.06088	0.00859	0.02543	0.00168	0.00514	0.00613	0.00423	0.06182
2	0.04035	0.05131	0.37483	0.01828	0.18722	0.03900	0.01608	0.06467	0.09540	0.01923	0.01279	0.01419	0.03092	0.00577	0.00527	0.00171	0.00696	0.00470	0.00313	0.00818
3	0.01477	0.68866	0.06813	0.01149	0.06077	0.05010	0.01057	0.01687	0.01153	0.01360	0.00802	0.00937	0.00720	0.00482	0.00382	0.00125	0.00624	0.00316	0.00241	0.00724
4	0.03981	0.19410	0.38442	0.06795	0.04760	0.01379	0.01494	0.01654	0.01191	0.03901	0.05647	0.01522	0.01102	0.00591	0.00499	0.00163	0.00676	0.03211	0.00290	0.03294
5	0.01123	0.10281	0.65582	0.01464	0.02203	0.01324	0.01844	0.01692	0.01175	0.01715	0.03479	0.03653	0.00939	0.00578	0.00519	0.00171	0.00763	0.00453	0.00255	0.00787
6	0.00890	0.00709	0.01005	0.00954	0.01011	0.00868	0.00733	0.01018	0.00859	0.01245	0.01341	0.02185	0.01328	0.15834	0.46140	0.04803	0.17709	0.00600	0.00289	0.00479
7	0.02242	0.06279	0.05404	0.01026	0.01469	0.00996	0.00895	0.07369	0.03765	0.59434	0.02065	0.01841	0.03249	0.00683	0.00545	0.00169	0.00501	0.00546	0.00616	0.00907
8	0.01134	0.01064	0.01788	0.66700	0.03562	0.01284	0.07284	0.05922	0.01208	0.01567	0.01010	0.01463	0.00758	0.00563	0.00590	0.00185	0.02499	0.00505	0.00267	0.00645
9	0.00758	0.00641	0.00677	0.00719	0.00871	0.03467	0.00552	0.00913	0.01242	0.01508	0.04473	0.18253	0.47153	0.01453	0.00679	0.00205	0.00359	0.15094	0.00505	0.00479
10	0.00920	0.00700	0.00857	0.00956	0.01072	0.04433	0.00781	0.01120	0.01229	0.02950	0.02868	0.23221	0.04832	0.04103	0.00799	0.00248	0.00485	0.47423	0.00497	0.00504
11	0.02216	0.01197	0.01424	0.01106	0.01521	0.01208	0.00907	0.35797	0.02024	0.39617	0.01839	0.05739	0.01295	0.00731	0.00563	0.00172	0.00527	0.00584	0.00616	0.00916
12	0.01050	0.00987	0.01637	0.64107	0.11865	0.01177	0.01464	0.01396	0.01138	0.01466	0.01374	0.01783	0.07051	0.00617	0.00561	0.00182	0.00691	0.00548	0.00271	0.00633
13	0.00729	0.00525	0.00679	0.00774	0.00838	0.00496	0.00553	0.00854	0.01114	0.01468	0.06773	0.49439	0.09928	0.09666	0.00925	0.00256	0.00369	0.13661	0.00500	0.00454
14	0.01718	0.54721	0.05434	0.01026	0.01487	0.09176	0.00977	0.01918	0.01259	0.16148	0.01062	0.01104	0.00839	0.00526	0.00415	0.00133	0.00617	0.00357	0.00329	0.00754
15	0.01111	0.02865	0.77667	0.01579	0.02397	0.01286	0.02046	0.01754	0.01169	0.01754	0.00994	0.01169	0.00702	0.00526	0.00526	0.00175	0.00818	0.00409	0.00234	0.00818
16	0.00675	0.00482	0.00643	0.00771	0.00803	0.00450	0.00514	0.00771	0.01060	0.01414	0.03053	0.80175	0.03663	0.01735	0.00707	0.00225	0.00321	0.01574	0.00514	0.00450
17	0.01111	0.02865	0.77667	0.01579	0.02397	0.01286	0.02046	0.01754	0.01169	0.01754	0.00994	0.01169	0.00702	0.00526	0.00526	0.00175	0.00818	0.00409	0.00234	0.00818
18	0.01183	0.01075	0.01769	0.05938	0.50115	0.01080	0.01390	0.01478	0.01256	0.01747	0.04526	0.07460	0.03637	0.00814	0.00605	0.00187	0.00588	0.14056	0.00351	0.00747
19	0.01175	0.02612	0.66979	0.01570	0.02328	0.01243	0.06369	0.01769	0.01194	0.05406	0.01125	0.03766	0.00838	0.00569	0.00541	0.00177	0.00793	0.00469	0.00268	0.00808
20	0.01111	0.02865	0.77667	0.01579	0.02397	0.01286	0.02046	0.01754	0.01169	0.01754	0.00994	0.01169	0.00702	0.00526	0.00526	0.00175	0.00818	0.00409	0.00234	0.00818
21	0.01117	0.01505	0.24922	0.03803	0.07098	0.06096	0.01194	0.02708	0.01223	0.06397	0.02041	0.29262	0.04387	0.01045	0.00609	0.00194	0.00583	0.04761	0.00397	0.00658
22	0.01548	0.05420	0.32075	0.03832	0.01918	0.01079	0.06461	0.01941	0.01301	0.26978	0.01629	0.10613	0.01281	0.00714	0.00559	0.00178	0.00640	0.00608	0.00421	0.00800
23	0.02097	0.09760	0.13016	0.01084	0.01564	0.01086	0.01021	0.07539	0.01519	0.50325	0.01756	0.01625	0.01157	0.00675	0.00580	0.02725	0.00547	0.00500	0.00547	0.00878
24	0.30727	0.05835	0.35024	0.01190	0.01762	0.02825	0.02698	0.01824	0.01146	0.10775	0.01042	0.01146	0.00747	0.00538	0.00458	0.00170	0.00635	0.00386	0.00327	0.00745

[dist]
# distance from previous block
# <min> <max>
48	221

[block]
# block no. 4 follows, 43 sequences, length 26
# corresponding to MSA columns:
# 554-579
name=unknown_E
#
# <colnr> <probs for GDERKNQSTAVLIFYWHMCP>
#	G	D	E	R	K	N	Q	S	T	A	V	L	I	F	Y	W	H	M	C	P
0	0.06415	0.03068	0.05560	0.01375	0.12775	0.01184	0.00996	0.18624	0.02814	0.05786	0.01172	0.01409	0.00946	0.05413	0.00677	0.00165	0.03650	0.00446	0.00384	0.27140
1	0.01351	0.01294	0.10578	0.06774	0.03898	0.04683	0.01009	0.14492	0.01498	0.07858	0.09186	0.07030	0.07402	0.00791	0.00604	0.00164	0.03551	0.02336	0.00430	0.15073
2	0.07623	0.06620	0.09105	0.11374	0.04931	0.01299	0.25702	0.03029	0.01215	0.01757	0.05555	0.03416	0.04091	0.00637	0.00670	0.00179	0.07467	0.00583	0.00311	0.04436
3	0.03124	0.08802	0.05836	0.01288	0.06809	0.01306	0.05206	0.14382	0.21713	0.06313	0.05913	0.03602	0.05137	0.00702	0.00540	0.00165	0.00526	0.00587	0.00458	0.07590
4	0.01565	0.01404	0.03629	0.10249	0.01988	0.06438	0.11694	0.31103	0.04933	0.02378	0.01521	0.03617	0.05340	0.02459	0.00610	0.00173	0.00647	0.00569	0.00423	0.09261
5	0.04505	0.03412	0.11635	0.03742	0.29355	0.05884	0.04136	0.06298	0.04059	0.07177	0.06292	0.06332	0.01350	0.00652	0.00549	0.00169	0.00625	0.00573	0.00366	0.02891
6	0.01188	0.03913	0.01166	0.05755	0.01396	0.00884	0.00728	0.03123	0.11712	0.06258	0.02055	0.04860	0.13368	0.00699	0.00500	0.00134	0.00425	0.00577	0.00415	0.40843
7	0.07893	0.02930	0.10629	0.07732	0.08429	0.05839	0.04223	0.14756	0.01485	0.04578	0.05283	0.03883	0.10171	0.00746	0.00550	0.00170	0.00589	0.03476	0.00399	0.06239
8	0.01318	0.00980	0.01160	0.00955	0.01212	0.02876	0.05168	0.15165	0.07998	0.07680	0.03530	0.02567	0.06526	0.29271	0.01362	0.00294	0.00535	0.00666	0.00436	0.10302
9	0.03689	0.35124	0.05175	0.01032	0.01472	0.01623	0.00944	0.19038	0.01548	0.18281	0.01275	0.01385	0.00984	0.05440	0.00602	0.00170	0.00572	0.00436	0.00416	0.00794
10	0.19263	0.01513	0.06696	0.08900	0.04916	0.06639	0.09824	0.25838	0.07075	0.02463	0.01155	0.01294	0.00858	0.00583	0.00516	0.00172	0.00651	0.00468	0.00397	0.00779
11	0.01466	0.01344	0.02999	0.15378	0.04292	0.09209	0.07132	0.24406	0.05884	0.02148	0.01602	0.10867	0.04234	0.00909	0.03514	0.00207	0.02613	0.00658	0.00411	0.00727
12	0.01323	0.01349	0.05180	0.10880	0.57799	0.01315	0.06673	0.01740	0.04990	0.01790	0.01100	0.01417	0.00894	0.00512	0.00556	0.00170	0.00680	0.00508	0.00285	0.00839
13	0.02485	0.00943	0.01285	0.00985	0.01414	0.00814	0.00814	0.02699	0.01585	0.77465	0.02185	0.01885	0.01371	0.00685	0.00557	0.00171	0.00471	0.00557	0.00685	0.00943
14	0.00805	0.00537	0.00604	0.00604	0.00604	0.00537	0.00336	0.00805	0.00805	0.01074	0.01745	0.03624	0.02013	0.80536	0.02819	0.00537	0.00537	0.00805	0.00336	0.00336
15	0.01369	0.01182	0.01248	0.01115	0.01435	0.01353	0.00868	0.02884	0.73221	0.02297	0.02206	0.02031	0.01657	0.00738	0.00558	0.00184	0.00437	0.00615	0.00555	0.04046
16	0.81336	0.01138	0.03684	0.00760	0.01121	0.01244	0.00654	0.01633	0.00951	0.02458	0.00779	0.00910	0.00604	0.00515	0.00350	0.00172	0.00443	0.00304	0.00339	0.00608
17	0.01939	0.01427	0.01545	0.01209	0.01608	0.01569	0.00988	0.66240	0.02448	0.03288	0.06026	0.06243	0.01366	0.00758	0.00569	0.00170	0.00571	0.00594	0.00555	0.00887
18	0.00673	0.00562	0.00587	0.00580	0.00759	0.00475	0.00435	0.00831	0.01306	0.01600	0.15774	0.05160	0.66628	0.01364	0.00654	0.00185	0.00278	0.01145	0.00528	0.00475
19	0.00745	0.00568	0.00686	0.00668	0.00818	0.00510	0.00508	0.00963	0.01444	0.01934	0.47600	0.04676	0.30230	0.01250	0.00660	0.00183	0.00282	0.05202	0.00571	0.00503
20	0.01111	0.02865	0.77667	0.01579	0.02397	0.01286	0.02046	0.01754	0.01169	0.01754	0.00994	0.01169	0.00702	0.00526	0.00526	0.00175	0.00818	0.00409	0.00234	0.00818
21	0.01149	0.01125	0.01683	0.30964	0.02350	0.01520	0.01336	0.01364	0.00947	0.01364	0.00825	0.01312	0.00731	0.00812	0.01338	0.00220	0.49620	0.00488	0.00244	0.00609
22	0.06853	0.19169	0.01648	0.01052	0.01433	0.13514	0.00876	0.05507	0.14660	0.21467	0.04489	0.01533	0.01244	0.00628	0.00489	0.00155	0.00569	0.00470	0.00458	0.03785
23	0.06734	0.13204	0.10826	0.02428	0.01491	0.01399	0.02102	0.06283	0.05403	0.01682	0.01200	0.08084	0.01126	0.03947	0.05415	0.00239	0.22047	0.00549	0.00321	0.05521
24	0.09223	0.09498	0.05861	0.01181	0.01533	0.36765	0.00978	0.10239	0.01535	0.06809	0.03126	0.01486	0.06175	0.00645	0.00495	0.00153	0.00734	0.00454	0.02421	0.00691
25	0.00953	0.00748	0.00933	0.00927	0.02793	0.00769	0.02003	0.09787	0.04648	0.01775	0.09032	0.33409	0.15957	0.06579	0.00869	0.00226	0.04919	0.02631	0.00492	0.00554

[dist]
# distance from previous block
# <min> <max>
7	17

[block]
# block no. 5 follows, 43 sequences, length 15
# corresponding to MSA columns:
# 622-636
name=unknown_F
#
# <colnr> <probs for GDERKNQSTAVLIFYWHMCP>
#	G	D	E	R	K	N	Q	S	T	A	V	L	I	F	Y	W	H	M	C	P
0	0.05310	0.03250	0.01460	0.01142	0.01509	0.06214	0.00924	0.46869	0.05318	0.07517	0.07880	0.05404	0.01484	0.02434	0.00601	0.00176	0.00565	0.00587	0.00528	0.00829
1	0.01608	0.03615	0.02159	0.09221	0.02248	0.08817	0.28033	0.11585	0.01490	0.12343	0.01222	0.01412	0.00896	0.00545	0.00586	0.00164	0.02220	0.00522	0.00373	0.10939
2	0.01621	0.01212	0.01364	0.01020	0.01478	0.01154	0.00830	0.32919	0.01804	0.06740	0.03227	0.01347	0.01021	0.00553	0.00486	0.00125	0.00494	0.00432	0.00452	0.41720
3	0.01937	0.01453	0.01619	0.01358	0.06335	0.01583	0.01045	0.61700	0.04895	0.03171	0.01358	0.03086	0.01018	0.00697	0.00586	0.01984	0.00589	0.00518	0.00519	0.04547
4	0.01286	0.01230	0.02095	0.23148	0.57994	0.01294	0.01658	0.01626	0.01221	0.01707	0.01027	0.01398	0.00841	0.00509	0.00550	0.00170	0.00679	0.00493	0.00267	0.00809
5	0.01159	0.00997	0.01173	0.03650	0.01410	0.00796	0.00702	0.01492	0.05807	0.01823	0.01063	0.01217	0.00871	0.00437	0.00425	0.00092	0.00424	0.00353	0.00340	0.75770
6	0.00790	0.00569	0.00752	0.00740	0.00864	0.00531	0.00566	0.01039	0.01499	0.02101	0.63126	0.09397	0.04880	0.01219	0.00670	0.00187	0.00295	0.09667	0.00591	0.00516
7	0.02105	0.01551	0.01662	0.01274	0.01717	0.01717	0.01053	0.75235	0.02604	0.03490	0.01330	0.01330	0.00942	0.00665	0.00554	0.00166	0.00609	0.00499	0.00554	0.00942
8	0.01074	0.01013	0.01711	0.72743	0.10061	0.01238	0.01552	0.01439	0.01121	0.01449	0.00989	0.01468	0.00750	0.00549	0.00553	0.00183	0.00731	0.00492	0.00248	0.00638
9	0.00805	0.00537	0.00604	0.00604	0.00604	0.00537	0.00336	0.00805	0.00805	0.01074	0.01745	0.03624	0.02013	0.80536	0.02819	0.00537	0.00537	0.00805	0.00336	0.00336
10	0.01329	0.01267	0.02156	0.08961	0.68916	0.01285	0.01659	0.01659	0.01250	0.01775	0.01105	0.01552	0.00949	0.00535	0.00556	0.00169	0.00659	0.03091	0.00280	0.00845
11	0.01126	0.00743	0.01134	0.01116	0.01315	0.00717	0.07188	0.01386	0.01308	0.11587	0.02686	0.08805	0.02772	0.01338	0.00725	0.00237	0.00532	0.54187	0.00514	0.00584
12	0.01278	0.01423	0.03024	0.11779	0.06435	0.01376	0.62692	0.01727	0.01281	0.01732	0.01100	0.01486	0.00830	0.00479	0.00637	0.00185	0.00897	0.00626	0.00276	0.00737
13	0.01166	0.01097	0.01852	0.45263	0.32543	0.01233	0.01568	0.01513	0.01177	0.01583	0.01108	0.01683	0.00921	0.00581	0.00563	0.00180	0.00695	0.04290	0.00271	0.00713
14	0.29282	0.01187	0.01565	0.19818	0.22258	0.04915	0.05035	0.01603	0.01136	0.01912	0.01050	0.01529	0.00885	0.00581	0.00497	0.00177	0.00621	0.04960	0.00306	0.00682

[dist]
# distance from previous block
# <min> <max>
0	4

# created by:
# /st0/software/busco_prod/Augustus/scripts/msa2prfl.pl ./align_prep/147832.fa
