[name]
unknown

[dist]
# distance from previous block
# <min> <max>
0	74

[block]
# block no. 0 follows, 46 sequences, length 30
# corresponding to MSA columns:
# 89-118
name=unknown_A
#
# <colnr> <probs for GDERKNQSTAVLIFYWHMCP>
#	G	D	E	R	K	N	Q	S	T	A	V	L	I	F	Y	W	H	M	C	P
0	0.01758	0.00945	0.01182	0.02378	0.01341	0.00889	0.00785	0.16166	0.01553	0.35383	0.03776	0.06453	0.01549	0.02714	0.00593	0.00170	0.00463	0.08188	0.00536	0.13177
1	0.12824	0.00916	0.01103	0.06767	0.01420	0.00975	0.00873	0.16012	0.03681	0.13429	0.01935	0.03217	0.01788	0.01006	0.02061	0.00209	0.00520	0.30128	0.00477	0.00657
2	0.01881	0.01128	0.02828	0.09261	0.01668	0.01124	0.00929	0.30146	0.01770	0.31361	0.01643	0.07309	0.01214	0.00692	0.00534	0.00163	0.00519	0.00562	0.00527	0.04739
3	0.11523	0.01176	0.01326	0.12740	0.01731	0.01313	0.00946	0.35794	0.10642	0.04347	0.02719	0.01750	0.04028	0.00735	0.01831	0.00179	0.00546	0.03905	0.00455	0.02314
4	0.01522	0.01167	0.01358	0.11853	0.01715	0.01267	0.00937	0.42723	0.05351	0.02536	0.03166	0.13207	0.01370	0.00762	0.00540	0.00163	0.00525	0.00628	0.00464	0.08745
5	0.00961	0.00587	0.00763	0.00697	0.00861	0.00531	0.00530	0.01189	0.01459	0.12634	0.59200	0.06731	0.09674	0.01063	0.00613	0.00169	0.00281	0.00930	0.00582	0.00548
6	0.00998	0.00940	0.01586	0.80150	0.03641	0.01175	0.01468	0.01351	0.01057	0.01351	0.00940	0.01409	0.00705	0.00529	0.00529	0.00176	0.00705	0.00470	0.00235	0.00587
7	0.00634	0.00534	0.00550	0.00551	0.00721	0.00450	0.00411	0.00775	0.01220	0.01476	0.10524	0.07241	0.70448	0.01330	0.00626	0.00179	0.00268	0.01116	0.00497	0.00450
8	0.02109	0.00842	0.01143	0.00896	0.01259	0.00732	0.00732	0.02321	0.01510	0.66124	0.14352	0.02147	0.01904	0.00723	0.00547	0.00164	0.00417	0.00600	0.00643	0.00835
9	0.00724	0.00539	0.00673	0.00640	0.00775	0.00489	0.00480	0.00951	0.01440	0.01985	0.63730	0.04171	0.19186	0.01131	0.00624	0.00169	0.00253	0.00987	0.00564	0.00489
10	0.00744	0.00540	0.00700	0.00660	0.00787	0.00497	0.00495	0.00989	0.01485	0.02094	0.75082	0.03992	0.07767	0.01091	0.00624	0.00167	0.00250	0.00962	0.00578	0.00497
11	0.85155	0.01022	0.00777	0.00695	0.01022	0.01186	0.00573	0.01554	0.00900	0.02372	0.00736	0.00859	0.00573	0.00491	0.00327	0.00164	0.00409	0.00286	0.00327	0.00573
12	0.01413	0.81739	0.02770	0.00905	0.01357	0.02092	0.00905	0.01583	0.01074	0.01244	0.00735	0.00848	0.00678	0.00452	0.00339	0.00113	0.00565	0.00283	0.00226	0.00678
13	0.00855	0.00566	0.00727	0.00672	0.00823	0.00514	0.00509	0.01089	0.01468	0.07634	0.65015	0.03906	0.12053	0.01076	0.00617	0.00167	0.00266	0.00941	0.00578	0.00523
14	0.01157	0.01157	0.01619	0.01388	0.01388	0.01619	0.01157	0.01272	0.00810	0.01272	0.00694	0.01157	0.00694	0.00925	0.01735	0.00231	0.80453	0.00463	0.00231	0.00578
15	0.13613	0.55761	0.07895	0.00967	0.01406	0.10158	0.00946	0.01642	0.01097	0.01444	0.00760	0.00880	0.00663	0.00471	0.00364	0.00127	0.00600	0.00297	0.00246	0.00664
16	0.01211	0.46983	0.04311	0.00924	0.01255	0.03656	0.04801	0.01382	0.01021	0.01271	0.01037	0.01527	0.01000	0.15402	0.08501	0.00263	0.00660	0.00430	0.03776	0.00589
17	0.00918	0.00459	0.00689	0.00689	0.00689	0.00459	0.00459	0.00689	0.00689	0.00918	0.00918	0.01607	0.00918	0.01837	0.02066	0.84619	0.00459	0.00459	0.00230	0.00230
18	0.01668	0.26049	0.05405	0.01175	0.01520	0.37776	0.00999	0.03946	0.05194	0.04081	0.01051	0.01150	0.03028	0.00571	0.00505	0.00140	0.04409	0.00377	0.00295	0.00663
19	0.00679	0.00491	0.00629	0.00713	0.00765	0.00453	0.00474	0.00768	0.00992	0.01330	0.02742	0.65895	0.05301	0.11189	0.00903	0.00243	0.00334	0.01349	0.00462	0.04289
20	0.02822	0.13174	0.41357	0.10207	0.04297	0.01296	0.09158	0.01600	0.01149	0.03355	0.05931	0.01342	0.00985	0.00532	0.00500	0.00161	0.00700	0.00448	0.00266	0.00720
21	0.01108	0.06787	0.64221	0.01620	0.05768	0.01285	0.08631	0.01669	0.01130	0.01655	0.00950	0.01139	0.00690	0.00493	0.00506	0.00165	0.00773	0.00410	0.00229	0.00772
22	0.01413	0.81739	0.02770	0.00905	0.01357	0.02092	0.00905	0.01583	0.01074	0.01244	0.00735	0.00848	0.00678	0.00452	0.00339	0.00113	0.00565	0.00283	0.00226	0.00678
23	0.07733	0.01290	0.03233	0.13093	0.03105	0.01404	0.04228	0.34552	0.18438	0.05473	0.01386	0.01439	0.01009	0.00613	0.00520	0.00167	0.00565	0.00494	0.00454	0.00803
24	0.01328	0.01275	0.02089	0.06832	0.70734	0.03017	0.01585	0.03674	0.01239	0.01743	0.00995	0.01304	0.00829	0.00480	0.00523	0.00158	0.00638	0.00468	0.00268	0.00822
25	0.02372	0.00900	0.01227	0.00941	0.01350	0.00777	0.00777	0.02576	0.01513	0.78489	0.02086	0.01799	0.01309	0.00654	0.00532	0.00164	0.00450	0.00532	0.00654	0.00900
26	0.00643	0.00466	0.00608	0.00721	0.00763	0.00431	0.00484	0.00738	0.01026	0.01355	0.03092	0.75520	0.08937	0.01633	0.00671	0.00212	0.00304	0.01475	0.00491	0.00431
27	0.07315	0.01413	0.09971	0.11948	0.02445	0.01347	0.39654	0.01558	0.01103	0.01618	0.00946	0.01301	0.00739	0.00555	0.00785	0.00186	0.15664	0.00526	0.00256	0.00668
28	0.00724	0.00499	0.00610	0.00653	0.00677	0.00487	0.00411	0.00783	0.00916	0.01232	0.07454	0.31062	0.02702	0.44159	0.03620	0.00386	0.00442	0.02402	0.00401	0.00378
29	0.00644	0.00460	0.00613	0.00736	0.00767	0.00429	0.00491	0.00736	0.01012	0.01350	0.02914	0.81076	0.03497	0.01656	0.00675	0.00215	0.00307	0.01503	0.00491	0.00429

[dist]
# distance from previous block
# <min> <max>
13	70

[block]
# block no. 1 follows, 46 sequences, length 30
# corresponding to MSA columns:
# 196-225
name=unknown_B
#
# <colnr> <probs for GDERKNQSTAVLIFYWHMCP>
#	G	D	E	R	K	N	Q	S	T	A	V	L	I	F	Y	W	H	M	C	P
0	0.01060	0.02735	0.78682	0.01507	0.02288	0.01228	0.01953	0.01674	0.01116	0.01674	0.00949	0.01116	0.00670	0.00502	0.00502	0.00167	0.00781	0.00391	0.00223	0.00781
1	0.01956	0.05184	0.01541	0.01347	0.01625	0.76701	0.01018	0.02093	0.01484	0.01292	0.00814	0.00950	0.00681	0.00542	0.00472	0.00135	0.00940	0.00339	0.00271	0.00615
2	0.00789	0.00547	0.00713	0.00674	0.00804	0.00502	0.00504	0.01026	0.01464	0.04399	0.69715	0.07949	0.06698	0.01105	0.00623	0.00169	0.00259	0.00976	0.00577	0.00506
3	0.01177	0.16553	0.46399	0.01470	0.05912	0.01356	0.07345	0.03465	0.01155	0.01646	0.00929	0.01104	0.00706	0.00481	0.00474	0.00150	0.00703	0.00388	0.00245	0.08341
4	0.00654	0.00470	0.00620	0.00723	0.00767	0.00437	0.00489	0.00762	0.01065	0.01427	0.10296	0.71230	0.05917	0.01590	0.00668	0.00209	0.00300	0.01438	0.00500	0.00437
5	0.00748	0.00540	0.00707	0.00665	0.00790	0.00499	0.00499	0.00998	0.01496	0.02120	0.77844	0.03949	0.04988	0.01081	0.00624	0.00166	0.00249	0.00956	0.00582	0.00499
6	0.01140	0.01269	0.06755	0.35525	0.15139	0.01248	0.28111	0.01535	0.01152	0.01552	0.00995	0.01382	0.00758	0.00488	0.00560	0.00173	0.00763	0.00520	0.00250	0.00683
7	0.01973	0.06214	0.01651	0.01205	0.01623	0.05310	0.01000	0.68512	0.02357	0.03114	0.01217	0.01230	0.00876	0.00620	0.00515	0.00155	0.00598	0.00458	0.00499	0.00873
8	0.00689	0.00538	0.00624	0.00603	0.00753	0.00473	0.00452	0.00882	0.01356	0.01786	0.42889	0.04498	0.40152	0.01205	0.00624	0.00172	0.00258	0.01033	0.00538	0.00473
9	0.02289	0.01033	0.01309	0.01004	0.01416	0.00975	0.00829	0.19511	0.01736	0.61239	0.01898	0.01678	0.01215	0.00650	0.00531	0.00162	0.00480	0.00519	0.00626	0.00900
10	0.01652	0.30137	0.09258	0.01302	0.08620	0.18489	0.01078	0.04512	0.01297	0.13674	0.01034	0.01118	0.00804	0.00526	0.00471	0.00139	0.02399	0.00374	0.00320	0.02798
11	0.00648	0.00472	0.00611	0.00714	0.00763	0.00435	0.00483	0.00753	0.01057	0.01400	0.07360	0.69728	0.10439	0.01595	0.00667	0.00209	0.00300	0.01436	0.00496	0.00435
12	0.02860	0.09062	0.29620	0.03730	0.13521	0.06587	0.12035	0.01731	0.06355	0.01666	0.01022	0.01213	0.00788	0.00494	0.00497	0.00154	0.00702	0.00431	0.00270	0.07262
13	0.00786	0.00533	0.00631	0.00652	0.00708	0.00514	0.00435	0.00857	0.00948	0.03085	0.04398	0.12096	0.12163	0.47969	0.01844	0.00385	0.00448	0.10763	0.00397	0.00389
14	0.01482	0.00973	0.01157	0.00880	0.01301	0.00846	0.00708	0.05711	0.11217	0.21055	0.03382	0.01469	0.01137	0.00530	0.00459	0.00119	0.00416	0.00430	0.00446	0.46283
15	0.01308	0.01256	0.02146	0.03245	0.78123	0.01256	0.01622	0.01622	0.01204	0.01727	0.00994	0.01308	0.00837	0.00471	0.00523	0.00157	0.00628	0.00471	0.00262	0.00837
16	0.02320	0.00888	0.01210	0.00932	0.01331	0.00768	0.00768	0.02526	0.01513	0.76029	0.04526	0.01869	0.01427	0.00668	0.00535	0.00164	0.00443	0.00545	0.00652	0.00887
17	0.01286	0.00673	0.00881	0.00760	0.00984	0.00609	0.00594	0.01550	0.03602	0.26889	0.47745	0.03249	0.07104	0.00944	0.00591	0.00166	0.00320	0.00816	0.00600	0.00636
18	0.00625	0.00536	0.00536	0.00536	0.00714	0.00446	0.00402	0.00759	0.01205	0.01428	0.05355	0.05088	0.77909	0.01339	0.00625	0.00179	0.00268	0.01116	0.00491	0.00446
19	0.00644	0.00460	0.00613	0.00736	0.00767	0.00429	0.00491	0.00736	0.01012	0.01350	0.02914	0.81076	0.03497	0.01656	0.00675	0.00215	0.00307	0.01503	0.00491	0.00429
20	0.85155	0.01022	0.00777	0.00695	0.01022	0.01186	0.00573	0.01554	0.00900	0.02372	0.00736	0.00859	0.00573	0.00491	0.00327	0.00164	0.00409	0.00286	0.00327	0.00573
21	0.01975	0.02520	0.01498	0.01362	0.01634	0.79299	0.01021	0.02111	0.01498	0.01294	0.00817	0.00953	0.00681	0.00545	0.00477	0.00136	0.00953	0.00340	0.00272	0.00613
22	0.01157	0.01157	0.01619	0.01388	0.01388	0.01619	0.01157	0.01272	0.00810	0.01272	0.00694	0.01157	0.00694	0.00925	0.01735	0.00231	0.80453	0.00463	0.00231	0.00578
23	0.01413	0.81739	0.02770	0.00905	0.01357	0.02092	0.00905	0.01583	0.01074	0.01244	0.00735	0.00848	0.00678	0.00452	0.00339	0.00113	0.00565	0.00283	0.00226	0.00678
24	0.01869	0.00908	0.01085	0.00867	0.01192	0.00886	0.00705	0.18872	0.01610	0.38233	0.01791	0.01731	0.01230	0.00638	0.00482	0.00150	0.00418	0.00507	0.26049	0.00776
25	0.00918	0.00459	0.00689	0.00689	0.00689	0.00459	0.00459	0.00689	0.00689	0.00918	0.00918	0.01607	0.00918	0.01837	0.02066	0.84619	0.00459	0.00459	0.00230	0.00230
26	0.03065	0.01390	0.03725	0.05834	0.03762	0.21052	0.00927	0.05449	0.06947	0.01469	0.01147	0.01724	0.01068	0.18331	0.03140	0.00265	0.17783	0.00507	0.01836	0.00578
27	0.01315	0.01136	0.01195	0.01076	0.01375	0.01315	0.00837	0.02809	0.77168	0.02211	0.02152	0.01972	0.01614	0.00717	0.00538	0.00179	0.00418	0.00598	0.00538	0.00837
28	0.01188	0.01209	0.02273	0.05098	0.15597	0.01231	0.35971	0.03810	0.01182	0.01656	0.03479	0.01505	0.00983	0.00902	0.09059	0.00246	0.09460	0.00560	0.00283	0.04309
29	0.01288	0.07686	0.09203	0.04667	0.23813	0.01356	0.35041	0.05506	0.01266	0.01746	0.01032	0.01324	0.00805	0.00474	0.00550	0.00164	0.00747	0.00519	0.02061	0.00752

[dist]
# distance from previous block
# <min> <max>
0	11

[block]
# block no. 2 follows, 46 sequences, length 10
# corresponding to MSA columns:
# 237-246
name=unknown_C
#
# <colnr> <probs for GDERKNQSTAVLIFYWHMCP>
#	G	D	E	R	K	N	Q	S	T	A	V	L	I	F	Y	W	H	M	C	P
0	0.04646	0.03576	0.16694	0.14329	0.41622	0.01230	0.01547	0.01593	0.03032	0.01679	0.01068	0.01479	0.00887	0.00536	0.00517	0.00165	0.00647	0.03726	0.00269	0.00758
1	0.01221	0.01193	0.07005	0.02193	0.38078	0.01070	0.11154	0.01595	0.04869	0.06577	0.10632	0.05751	0.04965	0.00663	0.00560	0.00167	0.00575	0.00633	0.00358	0.00743
2	0.01481	0.65856	0.02496	0.00976	0.01395	0.12230	0.00915	0.01735	0.06254	0.01316	0.00841	0.00938	0.00742	0.00482	0.00371	0.00121	0.00607	0.00312	0.00253	0.00680
3	0.26790	0.03108	0.01328	0.25563	0.10431	0.01146	0.01028	0.03252	0.01097	0.10607	0.01139	0.06610	0.00940	0.00620	0.00527	0.00172	0.04174	0.00486	0.00338	0.00645
4	0.00748	0.00540	0.00707	0.00665	0.00790	0.00499	0.00499	0.00998	0.01496	0.02120	0.77844	0.03949	0.04988	0.01081	0.00624	0.00166	0.00249	0.00956	0.00582	0.00499
5	0.01176	0.01294	0.02682	0.15828	0.02775	0.01289	0.56656	0.01578	0.01192	0.01603	0.01189	0.01547	0.03657	0.00516	0.00660	0.00180	0.04626	0.00607	0.00268	0.00675
6	0.00779	0.00606	0.04173	0.00809	0.00908	0.00509	0.00618	0.00927	0.01090	0.05192	0.06087	0.60302	0.03269	0.01504	0.00665	0.00212	0.00356	0.11025	0.00490	0.00479
7	0.01248	0.01426	0.03119	0.02228	0.02763	0.01337	0.76203	0.01693	0.01248	0.01693	0.01070	0.01426	0.00802	0.00446	0.00624	0.00178	0.00891	0.00624	0.00267	0.00713
8	0.00644	0.00460	0.00613	0.00736	0.00767	0.00429	0.00491	0.00736	0.01012	0.01350	0.02914	0.81076	0.03497	0.01656	0.00675	0.00215	0.00307	0.01503	0.00491	0.00429
9	0.05017	0.15083	0.59884	0.01351	0.02044	0.01344	0.01675	0.01692	0.01116	0.04832	0.00952	0.01090	0.00693	0.00500	0.00470	0.00158	0.00716	0.00375	0.00246	0.00760

[dist]
# distance from previous block
# <min> <max>
0	2

[block]
# block no. 3 follows, 46 sequences, length 36
# corresponding to MSA columns:
# 249-284
name=unknown_D
#
# <colnr> <probs for GDERKNQSTAVLIFYWHMCP>
#	G	D	E	R	K	N	Q	S	T	A	V	L	I	F	Y	W	H	M	C	P
0	0.01147	0.00702	0.00737	0.00666	0.00851	0.00725	0.00515	0.16875	0.01408	0.02182	0.03839	0.06712	0.07310	0.00747	0.00446	0.00141	0.00322	0.00607	0.53499	0.00571
1	0.00654	0.00464	0.00611	0.00724	0.00752	0.00436	0.00478	0.00739	0.00993	0.01325	0.02818	0.75122	0.03376	0.07775	0.00829	0.00238	0.00322	0.01447	0.00478	0.00421
2	0.85155	0.01022	0.00777	0.00695	0.01022	0.01186	0.00573	0.01554	0.00900	0.02372	0.00736	0.00859	0.00573	0.00491	0.00327	0.00164	0.00409	0.00286	0.00327	0.00573
3	0.01239	0.28559	0.39884	0.01472	0.09182	0.01494	0.04095	0.01653	0.01128	0.03666	0.00957	0.01178	0.00761	0.00505	0.00460	0.00150	0.00684	0.01939	0.00247	0.00747
4	0.01137	0.05097	0.55258	0.01471	0.02114	0.03607	0.09362	0.01645	0.01163	0.04001	0.05487	0.02825	0.01009	0.00568	0.00555	0.00168	0.03053	0.00470	0.00269	0.00740
5	0.01157	0.01157	0.01619	0.01388	0.01388	0.01619	0.01157	0.01272	0.00810	0.01272	0.00694	0.01157	0.00694	0.00925	0.01735	0.00231	0.80453	0.00463	0.00231	0.00578
6	0.00780	0.00549	0.00710	0.00665	0.00799	0.00503	0.00500	0.01023	0.01482	0.03891	0.72350	0.03956	0.08625	0.01084	0.00621	0.00167	0.00255	0.00954	0.00579	0.00506
7	0.63226	0.00990	0.00896	0.00760	0.01109	0.01078	0.00627	0.01825	0.01062	0.22536	0.01094	0.01108	0.00768	0.00534	0.00381	0.00164	0.00420	0.00351	0.00414	0.00659
8	0.00756	0.00563	0.00834	0.00834	0.00923	0.00652	0.00641	0.00934	0.00845	0.01215	0.01431	0.02157	0.01357	0.08471	0.74868	0.00830	0.01363	0.00578	0.00285	0.00463
9	0.06066	0.03644	0.04504	0.35139	0.11487	0.02597	0.17690	0.05241	0.01191	0.01666	0.01011	0.01356	0.00774	0.00508	0.00521	0.00167	0.00692	0.00484	0.04597	0.00663
10	0.01050	0.00979	0.01469	0.66378	0.03183	0.05135	0.01326	0.01376	0.01080	0.01410	0.01009	0.01439	0.00770	0.00546	0.00533	0.00170	0.02203	0.00465	0.08898	0.00579
11	0.00783	0.00562	0.00734	0.00821	0.00900	0.00551	0.00608	0.05727	0.01166	0.01549	0.04456	0.56805	0.03256	0.01532	0.00677	0.00217	0.00365	0.18324	0.00494	0.00475
12	0.01413	0.81739	0.02770	0.00905	0.01357	0.02092	0.00905	0.01583	0.01074	0.01244	0.00735	0.00848	0.00678	0.00452	0.00339	0.00113	0.00565	0.00283	0.00226	0.00678
13	0.00754	0.00512	0.00610	0.00629	0.00644	0.00515	0.00383	0.00787	0.00820	0.01099	0.01845	0.13690	0.02118	0.62860	0.08004	0.00490	0.00551	0.02993	0.00345	0.00351
14	0.01144	0.01003	0.01147	0.02963	0.01342	0.02889	0.00684	0.03432	0.01137	0.01734	0.00939	0.01107	0.00779	0.00420	0.00435	0.00089	0.02439	0.00326	0.00314	0.75676
15	0.01293	0.01078	0.05812	0.01095	0.01378	0.02677	0.05263	0.14434	0.17557	0.08527	0.03368	0.18297	0.02027	0.00990	0.00600	0.00191	0.00496	0.13739	0.00488	0.00689
16	0.00682	0.00521	0.00684	0.00730	0.00817	0.00479	0.02799	0.00801	0.01075	0.01396	0.06542	0.48218	0.20585	0.07802	0.00821	0.00228	0.00337	0.04570	0.00474	0.00439
17	0.01277	0.01231	0.02125	0.10578	0.68460	0.01251	0.04110	0.01599	0.01191	0.01690	0.00992	0.01322	0.00823	0.00476	0.00527	0.00160	0.00644	0.00476	0.00259	0.00809
18	0.00663	0.00476	0.00626	0.00723	0.00770	0.00444	0.00492	0.00775	0.01071	0.01436	0.11527	0.66269	0.05886	0.03724	0.00723	0.00217	0.00308	0.02938	0.00497	0.00436
19	0.01939	0.01421	0.01520	0.01176	0.01580	0.01572	0.00968	0.70630	0.04306	0.03233	0.01315	0.01323	0.00941	0.00636	0.00521	0.00157	0.00560	0.00480	0.04845	0.00877
20	0.00710	0.00539	0.00654	0.00625	0.00766	0.00483	0.00469	0.00924	0.01406	0.01905	0.55368	0.04302	0.27598	0.01161	0.00624	0.00170	0.00255	0.01006	0.00554	0.00483
21	0.00743	0.00536	0.00702	0.00669	0.00789	0.00495	0.00498	0.00984	0.01472	0.02080	0.73986	0.07920	0.04911	0.01110	0.00626	0.00169	0.00252	0.00984	0.00577	0.00495
22	0.85155	0.01022	0.00777	0.00695	0.01022	0.01186	0.00573	0.01554	0.00900	0.02372	0.00736	0.00859	0.00573	0.00491	0.00327	0.00164	0.00409	0.00286	0.00327	0.00573
23	0.85155	0.01022	0.00777	0.00695	0.01022	0.01186	0.00573	0.01554	0.00900	0.02372	0.00736	0.00859	0.00573	0.00491	0.00327	0.00164	0.00409	0.00286	0.00327	0.00573
24	0.00998	0.00940	0.01586	0.80150	0.03641	0.01175	0.01468	0.01351	0.01057	0.01351	0.00940	0.01409	0.00705	0.00529	0.00529	0.00176	0.00705	0.00470	0.00235	0.00587
25	0.01096	0.00940	0.01096	0.00783	0.01253	0.00705	0.00626	0.01331	0.01096	0.01723	0.00940	0.01096	0.00783	0.00392	0.00392	0.00078	0.00392	0.00313	0.00313	0.84653
26	0.00769	0.00513	0.00577	0.00577	0.00577	0.00513	0.00320	0.00769	0.00769	0.01025	0.01666	0.03460	0.01922	0.81421	0.02691	0.00513	0.00513	0.00769	0.00320	0.00320
27	0.02010	0.01481	0.01587	0.01216	0.01639	0.01639	0.01005	0.76360	0.02486	0.03332	0.01269	0.01269	0.00899	0.00635	0.00529	0.00159	0.00582	0.00476	0.00529	0.00899
28	0.01162	0.00780	0.00863	0.00781	0.00930	0.02938	0.00623	0.09791	0.01259	0.03584	0.04181	0.02092	0.02850	0.00743	0.00640	0.00155	0.12759	0.04819	0.48487	0.00563
29	0.85155	0.01022	0.00777	0.00695	0.01022	0.01186	0.00573	0.01554	0.00900	0.02372	0.00736	0.00859	0.00573	0.00491	0.00327	0.00164	0.00409	0.00286	0.00327	0.00573
30	0.85155	0.01022	0.00777	0.00695	0.01022	0.01186	0.00573	0.01554	0.00900	0.02372	0.00736	0.00859	0.00573	0.00491	0.00327	0.00164	0.00409	0.00286	0.00327	0.00573
31	0.03892	0.23094	0.18579	0.09426	0.15333	0.11561	0.07902	0.01664	0.01169	0.01511	0.00886	0.01106	0.00715	0.00486	0.00467	0.00149	0.00710	0.00395	0.00245	0.00711
32	0.01246	0.01101	0.01841	0.33299	0.08802	0.01159	0.16552	0.05643	0.03143	0.06713	0.01090	0.01386	0.00820	0.00514	0.00554	0.00160	0.02370	0.00486	0.00306	0.12813
33	0.00660	0.00482	0.00624	0.00732	0.00789	0.00447	0.00511	0.00770	0.01054	0.01380	0.03210	0.65013	0.12777	0.01599	0.00673	0.00213	0.00318	0.07821	0.00490	0.00437
34	0.00881	0.00629	0.00728	0.00685	0.00713	0.00677	0.00434	0.05710	0.00883	0.01195	0.01560	0.03127	0.01754	0.69531	0.02472	0.00466	0.07124	0.00725	0.00326	0.00379
35	0.01068	0.00986	0.01614	0.70457	0.03415	0.01190	0.03629	0.05724	0.01147	0.01489	0.00963	0.01391	0.00722	0.00527	0.00527	0.00172	0.00692	0.00469	0.00256	0.03564

[dist]
# distance from previous block
# <min> <max>
5	11

[block]
# block no. 4 follows, 46 sequences, length 36
# corresponding to MSA columns:
# 296-331
name=unknown_E
#
# <colnr> <probs for GDERKNQSTAVLIFYWHMCP>
#	G	D	E	R	K	N	Q	S	T	A	V	L	I	F	Y	W	H	M	C	P
0	0.03517	0.00921	0.01520	0.69753	0.05937	0.01129	0.01379	0.01321	0.01033	0.01365	0.00934	0.01403	0.00720	0.00614	0.00626	0.05879	0.00677	0.00464	0.00238	0.00571
1	0.00762	0.00557	0.00813	0.00813	0.00894	0.00637	0.00616	0.00915	0.00835	0.01194	0.01427	0.02216	0.01375	0.12603	0.68037	0.03706	0.01281	0.00585	0.00286	0.00447
2	0.81150	0.01018	0.00815	0.04477	0.01147	0.01185	0.00615	0.01544	0.00907	0.02323	0.00746	0.00885	0.00579	0.00493	0.00337	0.00164	0.00423	0.00295	0.00323	0.00573
3	0.00731	0.00540	0.00683	0.00647	0.00779	0.00492	0.00485	0.00964	0.01456	0.02024	0.67786	0.04107	0.15107	0.01117	0.00624	0.00168	0.00252	0.00978	0.00569	0.00492
4	0.01305	0.07441	0.04306	0.13059	0.11443	0.12911	0.14091	0.01557	0.01099	0.01425	0.00859	0.01204	0.00728	0.00626	0.00896	0.00180	0.25512	0.00459	0.00247	0.00653
5	0.01534	0.63230	0.02477	0.00993	0.01417	0.12170	0.00927	0.07852	0.02648	0.01441	0.00816	0.00917	0.00714	0.00484	0.00377	0.00121	0.00615	0.00312	0.00263	0.00691
6	0.00836	0.00594	0.00819	0.00931	0.01039	0.00593	0.00793	0.01053	0.01171	0.01526	0.02710	0.08888	0.02969	0.08074	0.00890	0.00264	0.00481	0.65422	0.00473	0.00471
7	0.04015	0.36826	0.16248	0.07704	0.04301	0.06043	0.02935	0.03951	0.01203	0.10810	0.00992	0.01107	0.00767	0.00505	0.00434	0.00142	0.00630	0.00372	0.00295	0.00722
8	0.38223	0.01593	0.26806	0.03450	0.02936	0.01152	0.04665	0.01734	0.01081	0.12399	0.01016	0.01122	0.00724	0.00515	0.00436	0.00166	0.00573	0.00379	0.00331	0.00698
9	0.02010	0.01481	0.01587	0.01216	0.01639	0.01639	0.01005	0.76360	0.02486	0.03332	0.01269	0.01269	0.00899	0.00635	0.00529	0.00159	0.00582	0.00476	0.00529	0.00899
10	0.02256	0.00909	0.01249	0.01031	0.04535	0.00801	0.00805	0.02495	0.03157	0.71354	0.04287	0.01846	0.01405	0.00661	0.00534	0.00164	0.00451	0.00543	0.00633	0.00884
11	0.06866	0.03847	0.11436	0.06198	0.41830	0.02935	0.09872	0.01587	0.01181	0.01721	0.03080	0.01542	0.00995	0.00540	0.00525	0.00165	0.00654	0.03997	0.00279	0.00751
12	0.01187	0.01091	0.01773	0.47782	0.28395	0.01241	0.01481	0.07747	0.01226	0.01643	0.00986	0.01364	0.00765	0.00518	0.00527	0.00168	0.00669	0.00471	0.00269	0.00697
13	0.00644	0.00542	0.00562	0.00572	0.00746	0.00460	0.00439	0.00786	0.01206	0.01441	0.05144	0.05160	0.71724	0.01349	0.00634	0.00184	0.00286	0.07183	0.00491	0.00450
14	0.00832	0.00638	0.00961	0.00888	0.01016	0.00693	0.06281	0.01040	0.01007	0.01479	0.09143	0.08901	0.04988	0.02466	0.40224	0.00512	0.05081	0.00694	0.12658	0.00497
15	0.01278	0.15285	0.23900	0.08477	0.20479	0.08568	0.07764	0.01642	0.01157	0.01535	0.00909	0.01155	0.00728	0.00508	0.00549	0.00158	0.04519	0.00417	0.00243	0.00730
16	0.02166	0.01070	0.01244	0.00994	0.01372	0.07346	0.00805	0.04284	0.11041	0.59259	0.03447	0.01781	0.01357	0.00661	0.00530	0.00163	0.00487	0.00531	0.00604	0.00860
17	0.02273	0.00878	0.01195	0.00924	0.01315	0.00760	0.00760	0.02480	0.01512	0.73846	0.06692	0.01930	0.01532	0.00680	0.00537	0.00164	0.00438	0.00557	0.00650	0.00875
18	0.00968	0.00754	0.01047	0.02732	0.09778	0.00785	0.02075	0.02681	0.08888	0.05023	0.04756	0.35668	0.06538	0.01213	0.00704	0.00201	0.05760	0.09401	0.00454	0.00574
19	0.62728	0.01117	0.01026	0.06932	0.07648	0.04811	0.00768	0.04185	0.01037	0.04482	0.00835	0.00984	0.00642	0.00504	0.00378	0.00163	0.00482	0.00332	0.00329	0.00618
20	0.01664	0.01019	0.01189	0.02472	0.01376	0.01077	0.00808	0.04147	0.42582	0.29431	0.05071	0.02029	0.03272	0.00717	0.00541	0.00173	0.00429	0.00594	0.00574	0.00834
21	0.01096	0.00940	0.01096	0.00783	0.01253	0.00705	0.00626	0.01331	0.01096	0.01723	0.00940	0.01096	0.00783	0.00392	0.00392	0.00078	0.00392	0.00313	0.00313	0.84653
22	0.01122	0.13480	0.58601	0.01435	0.05190	0.01306	0.01685	0.01631	0.01112	0.01621	0.00920	0.01085	0.00687	0.00485	0.00471	0.00152	0.00713	0.00373	0.00233	0.07698
23	0.19842	0.50862	0.12857	0.00954	0.01420	0.03810	0.00980	0.01603	0.01053	0.01554	0.00767	0.00890	0.00654	0.00470	0.00363	0.00132	0.00571	0.00300	0.00249	0.00668
24	0.01217	0.01173	0.01636	0.01382	0.01434	0.01581	0.03405	0.07474	0.00967	0.01457	0.00810	0.03247	0.00787	0.00906	0.01574	0.00223	0.69361	0.00496	0.00264	0.00605
25	0.01451	0.01067	0.01148	0.00975	0.01232	0.04325	0.00758	0.36674	0.01797	0.05925	0.10936	0.17126	0.03946	0.08098	0.00764	0.00203	0.00484	0.01907	0.00503	0.00681
26	0.00858	0.00556	0.00699	0.00680	0.00823	0.00499	0.00503	0.01041	0.01323	0.09339	0.37267	0.21640	0.20317	0.01227	0.00626	0.00180	0.00286	0.01074	0.00548	0.00511
27	0.00660	0.00534	0.00586	0.00579	0.00737	0.00460	0.00432	0.00824	0.01279	0.01617	0.25368	0.07489	0.55029	0.01279	0.00626	0.00176	0.00264	0.01085	0.00516	0.00460
28	0.00708	0.00498	0.00590	0.00631	0.00668	0.00475	0.00397	0.00765	0.00934	0.01230	0.05632	0.30869	0.11364	0.40955	0.01662	0.00356	0.00401	0.01074	0.00410	0.00380
29	0.00644	0.00460	0.00613	0.00736	0.00767	0.00429	0.00491	0.00736	0.01012	0.01350	0.02914	0.81076	0.03497	0.01656	0.00675	0.00215	0.00307	0.01503	0.00491	0.00429
30	0.06312	0.00906	0.01205	0.00929	0.01334	0.00796	0.00767	0.02528	0.01484	0.74867	0.02021	0.01755	0.01274	0.00647	0.00522	0.00164	0.00448	0.00520	0.00639	0.00884
31	0.01157	0.01157	0.01619	0.01388	0.01388	0.01619	0.01157	0.01272	0.00810	0.01272	0.00694	0.01157	0.00694	0.00925	0.01735	0.00231	0.80453	0.00463	0.00231	0.00578
32	0.01975	0.02520	0.01498	0.01362	0.01634	0.79299	0.01021	0.02111	0.01498	0.01294	0.00817	0.00953	0.00681	0.00545	0.00477	0.00136	0.00953	0.00340	0.00272	0.00613
33	0.85155	0.01022	0.00777	0.00695	0.01022	0.01186	0.00573	0.01554	0.00900	0.02372	0.00736	0.00859	0.00573	0.00491	0.00327	0.00164	0.00409	0.00286	0.00327	0.00573
34	0.01096	0.00940	0.01096	0.00783	0.01253	0.00705	0.00626	0.01331	0.01096	0.01723	0.00940	0.01096	0.00783	0.00392	0.00392	0.00078	0.00392	0.00313	0.00313	0.84653
35	0.01311	0.01113	0.01230	0.07602	0.01556	0.01282	0.00892	0.08534	0.60143	0.02188	0.02086	0.02092	0.03511	0.00738	0.00546	0.00180	0.00454	0.03235	0.00509	0.00799

[dist]
# distance from previous block
# <min> <max>
0	7

[block]
# block no. 5 follows, 46 sequences, length 17
# corresponding to MSA columns:
# 339-355
name=unknown_F
#
# <colnr> <probs for GDERKNQSTAVLIFYWHMCP>
#	G	D	E	R	K	N	Q	S	T	A	V	L	I	F	Y	W	H	M	C	P
0	0.85155	0.01022	0.00777	0.00695	0.01022	0.01186	0.00573	0.01554	0.00900	0.02372	0.00736	0.00859	0.00573	0.00491	0.00327	0.00164	0.00409	0.00286	0.00327	0.00573
1	0.00644	0.00460	0.00613	0.00736	0.00767	0.00429	0.00491	0.00736	0.01012	0.01350	0.02914	0.81076	0.03497	0.01656	0.00675	0.00215	0.00307	0.01503	0.00491	0.00429
2	0.85155	0.01022	0.00777	0.00695	0.01022	0.01186	0.00573	0.01554	0.00900	0.02372	0.00736	0.00859	0.00573	0.00491	0.00327	0.00164	0.00409	0.00286	0.00327	0.00573
3	0.02019	0.01354	0.01497	0.01154	0.01558	0.01465	0.00949	0.62423	0.02269	0.14298	0.01375	0.01361	0.00960	0.00686	0.00592	0.03592	0.00557	0.00483	0.00535	0.00872
4	0.05592	0.08073	0.09808	0.12041	0.18910	0.22420	0.10691	0.03507	0.01266	0.01584	0.00917	0.01161	0.00732	0.00502	0.00498	0.00154	0.00758	0.00423	0.00265	0.00699
5	0.01054	0.00659	0.00839	0.00801	0.00986	0.00617	0.00637	0.05408	0.01377	0.12813	0.24180	0.14540	0.12853	0.01174	0.00630	0.00189	0.00364	0.17592	0.00537	0.02750
6	0.01570	0.37914	0.13104	0.01161	0.01586	0.24647	0.01101	0.05268	0.01272	0.03417	0.00848	0.00975	0.00705	0.00520	0.00475	0.00136	0.04012	0.00338	0.00265	0.00686
7	0.01413	0.81739	0.02770	0.00905	0.01357	0.02092	0.00905	0.01583	0.01074	0.01244	0.00735	0.00848	0.00678	0.00452	0.00339	0.00113	0.00565	0.00283	0.00226	0.00678
8	0.00625	0.00536	0.00536	0.00536	0.00714	0.00446	0.00402	0.00759	0.01205	0.01428	0.05355	0.05088	0.77909	0.01339	0.00625	0.00179	0.00268	0.01116	0.00491	0.00446
9	0.00985	0.00493	0.00493	0.00493	0.00616	0.00493	0.00370	0.01232	0.01109	0.01971	0.01725	0.01971	0.01355	0.00616	0.00370	0.00123	0.00246	0.00493	0.84356	0.00493
10	0.85155	0.01022	0.00777	0.00695	0.01022	0.01186	0.00573	0.01554	0.00900	0.02372	0.00736	0.00859	0.00573	0.00491	0.00327	0.00164	0.00409	0.00286	0.00327	0.00573
11	0.01155	0.01094	0.01853	0.36358	0.43241	0.01194	0.01516	0.01483	0.01151	0.01578	0.03678	0.01445	0.00926	0.00517	0.00529	0.00166	0.00648	0.00488	0.00261	0.00717
12	0.01413	0.81739	0.02770	0.00905	0.01357	0.02092	0.00905	0.01583	0.01074	0.01244	0.00735	0.00848	0.00678	0.00452	0.00339	0.00113	0.00565	0.00283	0.00226	0.00678
13	0.00911	0.00462	0.00683	0.00683	0.00683	0.00462	0.00453	0.00692	0.00692	0.00923	0.00953	0.01694	0.00966	0.05583	0.02096	0.80660	0.00462	0.00474	0.00234	0.00234
14	0.08386	0.03958	0.10916	0.00785	0.01019	0.00742	0.00695	0.01196	0.03102	0.03565	0.41190	0.03050	0.05214	0.12946	0.00876	0.00217	0.00393	0.00756	0.00458	0.00538
15	0.01078	0.05956	0.05827	0.05940	0.01164	0.00789	0.00685	0.03938	0.01098	0.10479	0.07943	0.04748	0.06777	0.27933	0.08761	0.00341	0.00577	0.00671	0.00383	0.04912
16	0.48850	0.10938	0.22370	0.04228	0.01516	0.01303	0.01026	0.01582	0.00986	0.02007	0.00803	0.00951	0.00617	0.00491	0.00385	0.00159	0.00541	0.00322	0.00283	0.00643

[dist]
# distance from previous block
# <min> <max>
0	1

[block]
# block no. 6 follows, 46 sequences, length 19
# corresponding to MSA columns:
# 357-375
name=unknown_G
#
# <colnr> <probs for GDERKNQSTAVLIFYWHMCP>
#	G	D	E	R	K	N	Q	S	T	A	V	L	I	F	Y	W	H	M	C	P
0	0.73941	0.03427	0.00896	0.00748	0.01081	0.05115	0.00616	0.01640	0.00969	0.06524	0.00815	0.00916	0.00622	0.00501	0.00346	0.00161	0.00443	0.00303	0.00340	0.00596
1	0.85155	0.01022	0.00777	0.00695	0.01022	0.01186	0.00573	0.01554	0.00900	0.02372	0.00736	0.00859	0.00573	0.00491	0.00327	0.00164	0.00409	0.00286	0.00327	0.00573
2	0.01413	0.81739	0.02770	0.00905	0.01357	0.02092	0.00905	0.01583	0.01074	0.01244	0.00735	0.00848	0.00678	0.00452	0.00339	0.00113	0.00565	0.00283	0.00226	0.00678
3	0.01141	0.01124	0.01527	0.01323	0.01336	0.03515	0.01092	0.01248	0.00825	0.01255	0.00755	0.01232	0.00745	0.01157	0.06947	0.03680	0.69839	0.00466	0.00236	0.00558
4	0.85155	0.01022	0.00777	0.00695	0.01022	0.01186	0.00573	0.01554	0.00900	0.02372	0.00736	0.00859	0.00573	0.00491	0.00327	0.00164	0.00409	0.00286	0.00327	0.00573
5	0.01413	0.81739	0.02770	0.00905	0.01357	0.02092	0.00905	0.01583	0.01074	0.01244	0.00735	0.00848	0.00678	0.00452	0.00339	0.00113	0.00565	0.00283	0.00226	0.00678
6	0.01195	0.01048	0.04268	0.00847	0.01324	0.00792	0.00711	0.06555	0.01205	0.04103	0.00997	0.01130	0.00802	0.00421	0.00410	0.00090	0.00422	0.00334	0.00335	0.73013
7	0.01413	0.81739	0.02770	0.00905	0.01357	0.02092	0.00905	0.01583	0.01074	0.01244	0.00735	0.00848	0.00678	0.00452	0.00339	0.00113	0.00565	0.00283	0.00226	0.00678
8	0.00654	0.00464	0.00611	0.00724	0.00752	0.00436	0.00478	0.00739	0.00993	0.01324	0.02817	0.75051	0.03374	0.07848	0.00831	0.00238	0.00323	0.01446	0.00478	0.00421
9	0.01859	0.01574	0.29349	0.01151	0.01691	0.00959	0.01206	0.02257	0.03988	0.47958	0.01675	0.01557	0.01087	0.00601	0.00521	0.00166	0.00569	0.00483	0.00494	0.00855
10	0.01203	0.05072	0.08490	0.08293	0.11417	0.01330	0.42296	0.01588	0.01173	0.01625	0.02761	0.01404	0.00879	0.00521	0.00677	0.00175	0.07950	0.00550	0.01894	0.00700
11	0.02372	0.00900	0.01227	0.00941	0.01350	0.00777	0.00777	0.02576	0.01513	0.78489	0.02086	0.01799	0.01309	0.00654	0.00532	0.00164	0.00450	0.00532	0.00654	0.00900
12	0.00630	0.00515	0.00557	0.00591	0.00729	0.00442	0.00426	0.00752	0.01151	0.01406	0.04678	0.26178	0.57256	0.01427	0.00639	0.00189	0.00279	0.01223	0.00491	0.00442
13	0.01901	0.01235	0.01428	0.06564	0.01645	0.01325	0.00946	0.47374	0.04617	0.19413	0.01568	0.06921	0.01178	0.00705	0.00540	0.00166	0.00537	0.00563	0.00534	0.00843
14	0.01153	0.19310	0.10061	0.01625	0.13362	0.02745	0.18141	0.01435	0.01113	0.01487	0.01313	0.16774	0.01296	0.00806	0.02491	0.00185	0.05089	0.00656	0.00295	0.00661
15	0.00652	0.00466	0.00621	0.00731	0.00769	0.00435	0.00491	0.00756	0.01050	0.01409	0.08730	0.75089	0.03612	0.01612	0.00671	0.00211	0.00302	0.01460	0.00498	0.00435
16	0.01273	0.01259	0.02252	0.08329	0.58512	0.01274	0.13821	0.01606	0.01190	0.01683	0.00995	0.01330	0.00818	0.00483	0.00574	0.00164	0.02888	0.00496	0.00260	0.00793
17	0.01182	0.02205	0.47798	0.13516	0.05535	0.06631	0.09310	0.04693	0.01206	0.01671	0.00965	0.01195	0.00705	0.00508	0.00519	0.00167	0.00778	0.00430	0.00247	0.00740
18	0.01564	0.04937	0.16127	0.01376	0.06932	0.17637	0.02779	0.05796	0.24525	0.10834	0.01434	0.01440	0.01061	0.00596	0.00510	0.00161	0.00641	0.00470	0.00399	0.00781

[dist]
# distance from previous block
# <min> <max>
4	6

[block]
# block no. 7 follows, 46 sequences, length 15
# corresponding to MSA columns:
# 382-396
name=unknown_H
#
# <colnr> <probs for GDERKNQSTAVLIFYWHMCP>
#	G	D	E	R	K	N	Q	S	T	A	V	L	I	F	Y	W	H	M	C	P
0	0.01140	0.00950	0.01163	0.04686	0.04253	0.00750	0.00709	0.01383	0.01112	0.04142	0.00978	0.01142	0.00798	0.00409	0.00407	0.00089	0.00417	0.00334	0.00318	0.74820
1	0.00653	0.00470	0.00619	0.00722	0.00767	0.00436	0.00488	0.00761	0.01064	0.01424	0.09972	0.71155	0.06325	0.01591	0.00668	0.00209	0.00300	0.01438	0.00499	0.00436
2	0.00748	0.00540	0.00707	0.00665	0.00790	0.00499	0.00499	0.00998	0.01496	0.02120	0.77844	0.03949	0.04988	0.01081	0.00624	0.00166	0.00249	0.00956	0.00582	0.00499
3	0.00725	0.00539	0.00674	0.00641	0.00775	0.00489	0.00480	0.00952	0.01441	0.01989	0.64107	0.04165	0.18807	0.01130	0.00624	0.00169	0.00253	0.00986	0.00565	0.00489
4	0.00769	0.00513	0.00577	0.00577	0.00577	0.00513	0.00320	0.00769	0.00769	0.01025	0.01666	0.03460	0.01922	0.81421	0.02691	0.00513	0.00513	0.00769	0.00320	0.00320
5	0.85155	0.01022	0.00777	0.00695	0.01022	0.01186	0.00573	0.01554	0.00900	0.02372	0.00736	0.00859	0.00573	0.00491	0.00327	0.00164	0.00409	0.00286	0.00327	0.00573
6	0.01157	0.01157	0.01619	0.01388	0.01388	0.01619	0.01157	0.01272	0.00810	0.01272	0.00694	0.01157	0.00694	0.00925	0.01735	0.00231	0.80453	0.00463	0.00231	0.00578
7	0.00852	0.00608	0.00852	0.00974	0.01095	0.00608	0.00852	0.01095	0.01217	0.01582	0.02799	0.05963	0.03042	0.01460	0.00730	0.00243	0.00487	0.74565	0.00487	0.00487
8	0.01157	0.01157	0.01619	0.01388	0.01388	0.01619	0.01157	0.01272	0.00810	0.01272	0.00694	0.01157	0.00694	0.00925	0.01735	0.00231	0.80453	0.00463	0.00231	0.00578
9	0.01332	0.01313	0.02160	0.03128	0.71954	0.04366	0.04691	0.01645	0.01217	0.01708	0.00990	0.01299	0.00830	0.00473	0.00526	0.00157	0.00652	0.00472	0.00262	0.00823
10	0.06004	0.02131	0.43249	0.01635	0.05347	0.04240	0.17096	0.08722	0.01288	0.03888	0.01019	0.01200	0.00737	0.00507	0.00521	0.00167	0.00756	0.00446	0.00282	0.00765
11	0.00644	0.00460	0.00613	0.00736	0.00767	0.00429	0.00491	0.00736	0.01012	0.01350	0.02914	0.81076	0.03497	0.01656	0.00675	0.00215	0.00307	0.01503	0.00491	0.00429
12	0.02091	0.01070	0.04551	0.01193	0.01635	0.00909	0.14077	0.02394	0.03773	0.59687	0.01865	0.01713	0.01204	0.00614	0.00547	0.00167	0.00539	0.00544	0.00566	0.00860
13	0.04241	0.04130	0.01109	0.07246	0.01261	0.00964	0.00781	0.09674	0.01070	0.01524	0.01393	0.09471	0.01359	0.08783	0.35379	0.00503	0.09630	0.00621	0.00324	0.00538
14	0.75603	0.01013	0.00869	0.09714	0.01320	0.01185	0.00674	0.01531	0.00918	0.02256	0.00759	0.00921	0.00588	0.00495	0.00350	0.00165	0.00443	0.00307	0.00317	0.00574

[dist]
# distance from previous block
# <min> <max>
0	1

[block]
# block no. 8 follows, 46 sequences, length 9
# corresponding to MSA columns:
# 398-406
name=unknown_I
#
# <colnr> <probs for GDERKNQSTAVLIFYWHMCP>
#	G	D	E	R	K	N	Q	S	T	A	V	L	I	F	Y	W	H	M	C	P
0	0.57348	0.01058	0.03726	0.00759	0.01142	0.01049	0.00647	0.01557	0.00987	0.06134	0.00863	0.00975	0.00665	0.00476	0.00360	0.00143	0.00420	0.00309	0.00337	0.21044
1	0.00942	0.00879	0.00925	0.00919	0.01037	0.12178	0.03759	0.01131	0.04837	0.01386	0.02221	0.47041	0.02511	0.07354	0.04089	0.00245	0.02047	0.02672	0.00419	0.03408
2	0.01074	0.01017	0.01722	0.61448	0.21754	0.01194	0.01506	0.01417	0.01093	0.01442	0.00953	0.01385	0.00737	0.00515	0.00527	0.00172	0.00686	0.00470	0.00241	0.00648
3	0.01204	0.01246	0.06238	0.25652	0.52111	0.01231	0.01596	0.01546	0.01156	0.01614	0.00976	0.01327	0.00789	0.00490	0.00524	0.00163	0.00659	0.00466	0.00252	0.00761
4	0.00964	0.00737	0.00935	0.00998	0.01163	0.00780	0.00848	0.01512	0.19687	0.01735	0.02642	0.04993	0.02695	0.01280	0.00683	0.00228	0.00470	0.56577	0.00499	0.00572
5	0.00702	0.00545	0.00649	0.00686	0.00825	0.00492	0.00537	0.00876	0.01232	0.01566	0.15940	0.14024	0.39423	0.01365	0.00656	0.00197	0.00323	0.18997	0.00504	0.00462
6	0.00957	0.00573	0.00759	0.00722	0.00865	0.00522	0.00537	0.01162	0.01381	0.12941	0.48702	0.22395	0.04095	0.01159	0.00623	0.00178	0.00292	0.01028	0.00570	0.00540
7	0.00775	0.00683	0.03530	0.00885	0.01037	0.00593	0.09152	0.00979	0.01216	0.01670	0.31047	0.31199	0.06559	0.07231	0.00793	0.00211	0.00381	0.01088	0.00478	0.00492
8	0.36622	0.14047	0.03886	0.02618	0.01187	0.01210	0.00722	0.07980	0.03398	0.02160	0.19586	0.01698	0.01728	0.00648	0.00435	0.00157	0.00430	0.00482	0.00391	0.00615

[dist]
# distance from previous block
# <min> <max>
1	3

[block]
# block no. 9 follows, 46 sequences, length 17
# corresponding to MSA columns:
# 410-426
name=unknown_J
#
# <colnr> <probs for GDERKNQSTAVLIFYWHMCP>
#	G	D	E	R	K	N	Q	S	T	A	V	L	I	F	Y	W	H	M	C	P
0	0.01584	0.49110	0.05103	0.01099	0.01487	0.28435	0.00991	0.01757	0.01212	0.01278	0.00770	0.00904	0.00679	0.00501	0.00438	0.00127	0.03314	0.00312	0.00242	0.00657
1	0.09563	0.04446	0.01856	0.05790	0.16656	0.31663	0.12501	0.06359	0.01353	0.01666	0.00910	0.01129	0.00734	0.00521	0.00527	0.00154	0.02783	0.00420	0.00286	0.00685
2	0.01211	0.01031	0.01091	0.00984	0.01260	0.01160	0.00764	0.04773	0.60069	0.02139	0.07380	0.02481	0.11729	0.00819	0.00554	0.00178	0.00393	0.00684	0.00534	0.00766
3	0.00670	0.00550	0.00593	0.00602	0.00760	0.00484	0.00449	0.00860	0.03764	0.01525	0.12836	0.13270	0.57184	0.01328	0.00630	0.00183	0.00281	0.03065	0.00502	0.00464
4	0.00755	0.00566	0.00850	0.00850	0.00944	0.00661	0.00661	0.00944	0.00850	0.01227	0.01416	0.02077	0.01322	0.03965	0.79326	0.00850	0.01416	0.00566	0.00283	0.00472
5	0.00661	0.00473	0.00628	0.00725	0.00770	0.00440	0.00492	0.00778	0.01089	0.01472	0.14805	0.68836	0.03733	0.01565	0.00667	0.00207	0.00298	0.01416	0.00505	0.00440
6	0.01975	0.02520	0.01498	0.01362	0.01634	0.79299	0.01021	0.02111	0.01498	0.01294	0.00817	0.00953	0.00681	0.00545	0.00477	0.00136	0.00953	0.00340	0.00272	0.00613
7	0.75285	0.01008	0.00831	0.00724	0.01061	0.01137	0.00597	0.01676	0.00973	0.11447	0.00897	0.00971	0.00660	0.00510	0.00352	0.00164	0.00414	0.00316	0.00366	0.00612
8	0.02372	0.00900	0.01227	0.00941	0.01350	0.00777	0.00777	0.02576	0.01513	0.78489	0.02086	0.01799	0.01309	0.00654	0.00532	0.00164	0.00450	0.00532	0.00654	0.00900
9	0.00652	0.00537	0.00573	0.00564	0.00731	0.00458	0.00423	0.00812	0.01269	0.01581	0.21377	0.04836	0.61792	0.01282	0.00625	0.00176	0.00264	0.01080	0.00511	0.00458
10	0.00748	0.00540	0.00707	0.00665	0.00790	0.00499	0.00499	0.00998	0.01496	0.02120	0.77844	0.03949	0.04988	0.01081	0.00624	0.00166	0.00249	0.00956	0.00582	0.00499
11	0.01096	0.00940	0.01096	0.00783	0.01253	0.00705	0.00626	0.01331	0.01096	0.01723	0.00940	0.01096	0.00783	0.00392	0.00392	0.00078	0.00392	0.00313	0.00313	0.84653
12	0.00998	0.00940	0.01586	0.80150	0.03641	0.01175	0.01468	0.01351	0.01057	0.01351	0.00940	0.01409	0.00705	0.00529	0.00529	0.00176	0.00705	0.00470	0.00235	0.00587
13	0.00796	0.00553	0.00720	0.00677	0.00813	0.00509	0.00514	0.01040	0.01477	0.04440	0.70261	0.03990	0.07831	0.01090	0.00624	0.00169	0.00263	0.03148	0.00578	0.00509
14	0.01222	0.01180	0.01871	0.22387	0.50074	0.03697	0.01476	0.01586	0.04617	0.01627	0.01215	0.01515	0.04144	0.00536	0.00528	0.00163	0.00633	0.00500	0.00278	0.00750
15	0.11809	0.01219	0.10433	0.17257	0.06710	0.01148	0.03073	0.06445	0.05129	0.01767	0.01148	0.01482	0.02396	0.00837	0.06228	0.00214	0.08594	0.02198	0.00308	0.11605
16	0.01211	0.00777	0.03120	0.00806	0.01059	0.00659	0.00634	0.05736	0.01252	0.19241	0.04282	0.25595	0.12613	0.04846	0.02670	0.00201	0.00413	0.00880	0.00485	0.13521

[dist]
# distance from previous block
# <min> <max>
1	25

[block]
# block no. 10 follows, 46 sequences, length 27
# corresponding to MSA columns:
# 458-470,472-485
name=unknown_K
#
# <colnr> <probs for GDERKNQSTAVLIFYWHMCP>
#	G	D	E	R	K	N	Q	S	T	A	V	L	I	F	Y	W	H	M	C	P
0	0.18297	0.05917	0.10525	0.03604	0.12676	0.07209	0.02460	0.03276	0.08305	0.08285	0.03799	0.01505	0.04236	0.00610	0.00537	0.00163	0.04692	0.00466	0.02739	0.00697
1	0.65171	0.01047	0.00836	0.00742	0.01059	0.05122	0.00595	0.01495	0.00961	0.02166	0.00933	0.07178	0.00830	0.00574	0.00369	0.00157	0.00427	0.00387	0.00336	0.09616
2	0.01366	0.01152	0.01222	0.01086	0.01391	0.01324	0.00853	0.09697	0.67785	0.02298	0.02088	0.02029	0.01590	0.00732	0.00543	0.00179	0.00436	0.02861	0.00535	0.00832
3	0.01208	0.00957	0.01297	0.05393	0.07831	0.00992	0.06737	0.20484	0.05377	0.03857	0.09192	0.18220	0.09930	0.01016	0.01960	0.00192	0.00497	0.03742	0.00461	0.00657
4	0.00998	0.00940	0.01586	0.80150	0.03641	0.01175	0.01468	0.01351	0.01057	0.01351	0.00940	0.01409	0.00705	0.00529	0.00529	0.00176	0.00705	0.00470	0.00235	0.00587
5	0.02192	0.00934	0.01325	0.01023	0.01399	0.00860	0.03965	0.02401	0.01446	0.67464	0.03670	0.01783	0.01323	0.00677	0.00632	0.00170	0.06735	0.00540	0.00603	0.00857
6	0.00805	0.00543	0.00617	0.00606	0.00623	0.00552	0.00354	0.03014	0.00823	0.01101	0.01644	0.03340	0.01868	0.75967	0.05656	0.00515	0.00550	0.00752	0.00325	0.00343
7	0.01343	0.01125	0.01198	0.01058	0.01357	0.01285	0.00828	0.10373	0.63411	0.02322	0.07993	0.02054	0.01803	0.00737	0.00544	0.00176	0.00422	0.00613	0.00540	0.00817
8	0.00706	0.00540	0.00653	0.00701	0.00802	0.00508	0.00496	0.00935	0.06497	0.01568	0.17050	0.43967	0.20796	0.01412	0.00644	0.00195	0.00295	0.01251	0.00511	0.00475
