[name]
unknown

[dist]
# distance from previous block
# <min> <max>
32	68

[block]
# block no. 0 follows, 44 sequences, length 7
# corresponding to MSA columns:
# 96-102
name=unknown_A
#
# <colnr> <probs for GDERKNQSTAVLIFYWHMCP>
#	G	D	E	R	K	N	Q	S	T	A	V	L	I	F	Y	W	H	M	C	P
0	0.12546	0.09706	0.07706	0.04182	0.08085	0.01351	0.10431	0.18008	0.05206	0.02198	0.06469	0.04787	0.01252	0.00629	0.00513	0.00163	0.00584	0.00532	0.00383	0.05270
1	0.05197	0.02837	0.10526	0.17650	0.06237	0.01155	0.16850	0.04627	0.04279	0.05156	0.01275	0.01715	0.01019	0.00588	0.00538	0.00168	0.00651	0.05127	0.05482	0.08920
2	0.17558	0.01096	0.04046	0.03983	0.10929	0.03532	0.03961	0.09556	0.01308	0.12051	0.01544	0.05034	0.03198	0.04990	0.05570	0.00234	0.00593	0.03820	0.06314	0.00682
3	0.16802	0.03692	0.02867	0.13038	0.02839	0.01151	0.02568	0.12016	0.06917	0.04375	0.04381	0.01922	0.10621	0.00704	0.00556	0.00167	0.04044	0.00549	0.04730	0.06061
4	0.01031	0.03513	0.01041	0.00907	0.01086	0.00883	0.00717	0.15131	0.01283	0.01758	0.06582	0.06814	0.07160	0.02790	0.46043	0.00582	0.01038	0.00679	0.00386	0.00575
5	0.01152	0.05744	0.04444	0.51688	0.14247	0.01284	0.03795	0.05301	0.01204	0.01576	0.01150	0.01522	0.03481	0.00564	0.00539	0.00174	0.00693	0.00500	0.00272	0.00672
6	0.54806	0.01011	0.00993	0.05882	0.01329	0.01097	0.00713	0.01903	0.01127	0.24815	0.01187	0.01211	0.00825	0.00559	0.00414	0.00170	0.00454	0.00383	0.00432	0.00692

[dist]
# distance from previous block
# <min> <max>
0	5

[block]
# block no. 1 follows, 44 sequences, length 46
# corresponding to MSA columns:
# 108-140,143-155
name=unknown_B
#
# <colnr> <probs for GDERKNQSTAVLIFYWHMCP>
#	G	D	E	R	K	N	Q	S	T	A	V	L	I	F	Y	W	H	M	C	P
0	0.01133	0.01092	0.01887	0.42386	0.16944	0.01223	0.12160	0.01564	0.05870	0.01623	0.06174	0.01643	0.01121	0.00580	0.00591	0.00179	0.02302	0.00549	0.00296	0.00682
1	0.01451	0.41780	0.26298	0.01217	0.01755	0.16184	0.01296	0.01764	0.01203	0.01432	0.00843	0.00982	0.00697	0.00501	0.00429	0.00139	0.00728	0.00338	0.00241	0.00720
2	0.06567	0.00638	0.00792	0.01948	0.00897	0.00659	0.00552	0.08609	0.01059	0.01498	0.04114	0.25583	0.01956	0.09396	0.01406	0.32256	0.00438	0.00836	0.00378	0.00418
3	0.11856	0.00615	0.00687	0.00664	0.00825	0.00589	0.00499	0.01021	0.01344	0.01977	0.43065	0.10710	0.21898	0.01151	0.00607	0.00179	0.00289	0.00984	0.00534	0.00505
4	0.11746	0.11755	0.07870	0.03047	0.01504	0.01103	0.00921	0.04197	0.01406	0.48562	0.01653	0.01529	0.01092	0.00610	0.00495	0.00162	0.00514	0.00469	0.00525	0.00840
5	0.13875	0.57347	0.08773	0.00982	0.01441	0.03385	0.00984	0.03134	0.01115	0.01539	0.00788	0.00919	0.00688	0.00496	0.00408	0.00134	0.02733	0.00312	0.00256	0.00693
6	0.00929	0.00478	0.00699	0.00702	0.00702	0.00477	0.00463	0.00718	0.00723	0.00964	0.01048	0.03297	0.01080	0.08218	0.02155	0.75854	0.00475	0.00519	0.00249	0.00248
7	0.00757	0.00557	0.00708	0.00670	0.00805	0.00508	0.00503	0.01000	0.01508	0.02103	0.68754	0.04210	0.13595	0.01146	0.00643	0.00173	0.00259	0.01005	0.00589	0.00508
8	0.01785	0.01262	0.01491	0.12938	0.01872	0.01383	0.01029	0.47188	0.02069	0.10278	0.06341	0.01668	0.01264	0.00811	0.03558	0.00195	0.00612	0.01633	0.00502	0.02122
9	0.01594	0.01886	0.11897	0.15601	0.14571	0.24982	0.04614	0.14919	0.01532	0.01861	0.01007	0.01228	0.00777	0.00553	0.00529	0.00162	0.00789	0.00441	0.00312	0.00745
10	0.02019	0.02522	0.01567	0.01451	0.03738	0.73596	0.01070	0.04988	0.01576	0.01427	0.00866	0.01006	0.00715	0.00563	0.00495	0.00142	0.00959	0.00360	0.00291	0.00650
11	0.01539	0.73640	0.02715	0.00949	0.01407	0.04273	0.00928	0.01715	0.01150	0.06305	0.00852	0.00942	0.00742	0.00483	0.00367	0.00121	0.00587	0.00310	0.00264	0.00713
12	0.07283	0.44931	0.14344	0.01053	0.01527	0.03940	0.01062	0.01865	0.12470	0.03608	0.02666	0.01190	0.00947	0.00540	0.00422	0.00143	0.00586	0.00382	0.00309	0.00734
13	0.01113	0.00725	0.00881	0.00849	0.01020	0.00727	0.00625	0.03728	0.16290	0.12353	0.13936	0.34445	0.04950	0.04827	0.00728	0.00210	0.00368	0.01062	0.00547	0.00615
14	0.00924	0.00591	0.00778	0.00712	0.00867	0.00541	0.00541	0.01177	0.01545	0.09088	0.70308	0.03870	0.04798	0.01074	0.00634	0.00171	0.00276	0.00946	0.00607	0.00552
15	0.01030	0.00969	0.01635	0.79530	0.03755	0.01211	0.01514	0.01393	0.01090	0.01393	0.00969	0.01453	0.00727	0.00545	0.00545	0.00182	0.00727	0.00484	0.00242	0.00606
16	0.10550	0.01446	0.01522	0.01185	0.01605	0.01603	0.00976	0.62678	0.05768	0.05302	0.01317	0.01314	0.00938	0.00644	0.00524	0.00165	0.00570	0.00478	0.00528	0.00890
17	0.00832	0.00568	0.00731	0.00796	0.00881	0.00544	0.00562	0.05316	0.01201	0.04517	0.07797	0.62681	0.05407	0.01550	0.00679	0.00213	0.00342	0.04365	0.00521	0.00498
18	0.01130	0.00969	0.01130	0.00807	0.01292	0.00727	0.00646	0.01373	0.01130	0.01776	0.00969	0.01130	0.00807	0.00404	0.00404	0.00081	0.00404	0.00323	0.00323	0.84173
19	0.00651	0.00542	0.00569	0.00584	0.00746	0.00460	0.00430	0.00787	0.01226	0.01485	0.07488	0.15183	0.65147	0.01416	0.00651	0.00189	0.00281	0.01198	0.00509	0.00460
20	0.00764	0.00556	0.00783	0.00802	0.00870	0.00615	0.00585	0.00905	0.00885	0.01243	0.01744	0.14212	0.01824	0.19089	0.51760	0.00708	0.01102	0.00771	0.00332	0.00449
21	0.08077	0.00616	0.00753	0.00697	0.00858	0.00586	0.00530	0.01141	0.01482	0.05416	0.65320	0.03736	0.06645	0.01051	0.00613	0.00171	0.00281	0.00912	0.00578	0.00537
22	0.84691	0.01054	0.00801	0.00717	0.01054	0.01223	0.00590	0.01603	0.00928	0.02446	0.00759	0.00886	0.00590	0.00506	0.00337	0.00169	0.00422	0.00295	0.00337	0.00590
23	0.73351	0.01079	0.00891	0.00772	0.01122	0.01228	0.00636	0.06899	0.01086	0.07563	0.00891	0.00980	0.00665	0.00528	0.00366	0.00168	0.00437	0.00326	0.00375	0.00637
24	0.12626	0.00790	0.00955	0.00826	0.01099	0.00746	0.00646	0.01802	0.03327	0.35208	0.10483	0.13298	0.07795	0.05772	0.00697	0.00201	0.00405	0.02075	0.00559	0.00690
25	0.07625	0.01464	0.01561	0.01203	0.01632	0.01613	0.00994	0.66846	0.02401	0.07262	0.01316	0.01309	0.00927	0.00646	0.00532	0.00164	0.00581	0.00481	0.00538	0.00905
26	0.00664	0.00474	0.00633	0.00759	0.00791	0.00443	0.00506	0.00759	0.01044	0.01392	0.03005	0.80485	0.03606	0.01708	0.00696	0.00221	0.00316	0.01550	0.00506	0.00443
27	0.00808	0.00518	0.00673	0.00742	0.00799	0.00484	0.00497	0.00904	0.01065	0.06395	0.06953	0.58348	0.03278	0.14605	0.01025	0.00266	0.00357	0.01328	0.00494	0.00460
28	0.04525	0.00930	0.01232	0.00960	0.01361	0.00829	0.00788	0.03873	0.03581	0.68852	0.04277	0.03310	0.01480	0.00703	0.00548	0.00170	0.00456	0.00573	0.00655	0.00896
29	0.00808	0.00567	0.00732	0.00685	0.00825	0.00519	0.00516	0.01056	0.01524	0.04175	0.70435	0.04090	0.09770	0.01120	0.00641	0.00172	0.00264	0.00985	0.00596	0.00522
30	0.00664	0.00474	0.00633	0.00759	0.00791	0.00443	0.00506	0.00759	0.01044	0.01392	0.03005	0.80485	0.03606	0.01708	0.00696	0.00221	0.00316	0.01550	0.00506	0.00443
31	0.00722	0.00503	0.00611	0.00674	0.00698	0.00483	0.00421	0.00776	0.00938	0.01242	0.02531	0.41773	0.06249	0.37958	0.01646	0.00360	0.00412	0.01185	0.00426	0.00392
32	0.02037	0.02598	0.01545	0.01404	0.01685	0.78652	0.01053	0.02177	0.01545	0.01334	0.00843	0.00983	0.00702	0.00562	0.00492	0.00140	0.00983	0.00351	0.00281	0.00632
33	0.01030	0.00969	0.01635	0.79530	0.03755	0.01211	0.01514	0.01393	0.01090	0.01393	0.00969	0.01453	0.00727	0.00545	0.00545	0.00182	0.00727	0.00484	0.00242	0.00606
34	0.02005	0.01069	0.01284	0.01046	0.01426	0.01084	0.00844	0.08818	0.29792	0.43239	0.02106	0.01877	0.01433	0.00697	0.00550	0.00174	0.00463	0.00569	0.00619	0.00903
35	0.00854	0.00559	0.00702	0.00688	0.00794	0.00518	0.00484	0.01012	0.01263	0.06621	0.36258	0.18622	0.09326	0.18545	0.01110	0.00259	0.00342	0.01037	0.00521	0.00483
36	0.02072	0.01527	0.01636	0.01254	0.01691	0.01691	0.01036	0.75622	0.02563	0.03436	0.01309	0.01309	0.00927	0.00654	0.00545	0.00164	0.00600	0.00491	0.00545	0.00927
37	0.79649	0.05908	0.00926	0.00730	0.01075	0.01280	0.00611	0.01604	0.00939	0.02376	0.00759	0.00885	0.00597	0.00504	0.00338	0.00166	0.00431	0.00295	0.00331	0.00597
38	0.00653	0.00553	0.00565	0.00562	0.00742	0.00464	0.00421	0.00800	0.01264	0.01523	0.10576	0.05164	0.72133	0.01362	0.00644	0.00183	0.00275	0.01139	0.00513	0.00464
39	0.02397	0.01006	0.01313	0.01007	0.01431	0.00917	0.00832	0.12159	0.01691	0.68130	0.02041	0.01784	0.01295	0.00672	0.00548	0.00168	0.00482	0.00541	0.00658	0.00928
40	0.01335	0.00940	0.01127	0.00858	0.01275	0.00771	0.00681	0.06365	0.01275	0.13273	0.01390	0.09492	0.01198	0.00672	0.02070	0.00130	0.00438	0.00500	0.00409	0.55802
41	0.00761	0.00557	0.00713	0.00674	0.00808	0.00510	0.00506	0.01007	0.01517	0.02124	0.70940	0.04174	0.11395	0.01138	0.00643	0.00173	0.00259	0.01000	0.00592	0.00510
42	0.02375	0.00958	0.01273	0.00985	0.01401	0.00856	0.00811	0.04653	0.05762	0.71586	0.02132	0.01851	0.01356	0.00678	0.00549	0.00169	0.00466	0.00550	0.00665	0.00924
43	0.01484	0.77553	0.02796	0.00955	0.01412	0.05677	0.00938	0.01658	0.01128	0.01285	0.00762	0.00880	0.00700	0.00471	0.00356	0.00118	0.00601	0.00294	0.00235	0.00697
44	0.02421	0.00968	0.01290	0.00989	0.01412	0.00861	0.00817	0.07543	0.01628	0.72836	0.02094	0.01819	0.01321	0.00673	0.00548	0.00168	0.00473	0.00544	0.00666	0.00928
45	0.10262	0.01480	0.01553	0.01201	0.01628	0.01644	0.00992	0.68285	0.02401	0.03338	0.01254	0.01267	0.00894	0.00640	0.00525	0.00164	0.00582	0.00471	0.00525	0.00894

[dist]
# distance from previous block
# <min> <max>
0	13

[block]
# block no. 2 follows, 44 sequences, length 91
# corresponding to MSA columns:
# 169-259
name=unknown_C
#
# <colnr> <probs for GDERKNQSTAVLIFYWHMCP>
#	G	D	E	R	K	N	Q	S	T	A	V	L	I	F	Y	W	H	M	C	P
0	0.02072	0.01527	0.01636	0.01254	0.01691	0.01691	0.01036	0.75622	0.02563	0.03436	0.01309	0.01309	0.00927	0.00654	0.00545	0.00164	0.00600	0.00491	0.00545	0.00927
1	0.02126	0.01441	0.01583	0.01214	0.01648	0.01564	0.01003	0.65199	0.02420	0.14061	0.01429	0.01387	0.00987	0.00657	0.00546	0.00164	0.00580	0.00499	0.00564	0.00927
2	0.01287	0.01471	0.03217	0.02298	0.02849	0.01379	0.75460	0.01746	0.01287	0.01746	0.01103	0.01471	0.00827	0.00460	0.00643	0.00184	0.00919	0.00643	0.00276	0.00735
3	0.02072	0.01527	0.01636	0.01254	0.01691	0.01691	0.01036	0.75622	0.02563	0.03436	0.01309	0.01309	0.00927	0.00654	0.00545	0.00164	0.00600	0.00491	0.00545	0.00927
4	0.01030	0.00969	0.01635	0.79530	0.03755	0.01211	0.01514	0.01393	0.01090	0.01393	0.00969	0.01453	0.00727	0.00545	0.00545	0.00182	0.00727	0.00484	0.00242	0.00606
5	0.02338	0.00973	0.01279	0.00990	0.01402	0.00882	0.00815	0.08137	0.04392	0.67640	0.03856	0.01873	0.01419	0.00686	0.00550	0.00169	0.00468	0.00557	0.00659	0.00916
6	0.01458	0.81168	0.02857	0.00933	0.01399	0.02157	0.00933	0.01632	0.01108	0.01283	0.00758	0.00875	0.00700	0.00466	0.00350	0.00117	0.00583	0.00292	0.00233	0.00700
7	0.00675	0.00504	0.00628	0.00701	0.00782	0.00457	0.00486	0.00803	0.01161	0.01524	0.14174	0.52311	0.20710	0.01548	0.00676	0.00206	0.00299	0.01378	0.00520	0.00457
8	0.00664	0.00474	0.00633	0.00759	0.00791	0.00443	0.00506	0.00759	0.01044	0.01392	0.03005	0.80485	0.03606	0.01708	0.00696	0.00221	0.00316	0.01550	0.00506	0.00443
9	0.01726	0.01088	0.01244	0.01062	0.01409	0.01168	0.00842	0.02815	0.51019	0.27935	0.02196	0.01973	0.01557	0.00718	0.00553	0.00179	0.00442	0.00593	0.00595	0.00885
10	0.00663	0.00479	0.00628	0.00748	0.00788	0.00444	0.00501	0.00760	0.01055	0.01396	0.03143	0.76354	0.07647	0.01690	0.00693	0.00219	0.00314	0.01528	0.00506	0.00444
11	0.52442	0.01033	0.01000	0.00829	0.01201	0.01099	0.00684	0.05438	0.01223	0.28495	0.01265	0.01240	0.00868	0.00571	0.00420	0.00168	0.00445	0.00392	0.00464	0.00723
12	0.00664	0.00474	0.00633	0.00759	0.00791	0.00443	0.00506	0.00759	0.01044	0.01392	0.03005	0.80485	0.03606	0.01708	0.00696	0.00221	0.00316	0.01550	0.00506	0.00443
13	0.02366	0.01056	0.01345	0.01031	0.01456	0.00992	0.00852	0.18297	0.01775	0.61873	0.01970	0.01738	0.01259	0.00670	0.00548	0.00168	0.00493	0.00536	0.00647	0.00928
14	0.01008	0.00610	0.00801	0.00723	0.00895	0.00554	0.00553	0.01256	0.01539	0.12973	0.64751	0.03783	0.06300	0.01058	0.00629	0.00171	0.00287	0.00927	0.00609	0.00572
15	0.01356	0.01171	0.01233	0.01109	0.01418	0.01356	0.00863	0.02897	0.76455	0.02281	0.02219	0.02034	0.01664	0.00740	0.00555	0.00185	0.00431	0.00616	0.00555	0.00863
16	0.01775	0.13459	0.01620	0.01227	0.01520	0.52889	0.00958	0.05459	0.01531	0.01549	0.11754	0.01425	0.01347	0.00632	0.00496	0.00143	0.00804	0.00440	0.00332	0.00639
17	0.00674	0.00536	0.00605	0.00624	0.00764	0.00467	0.00454	0.00826	0.01259	0.01597	0.19174	0.21430	0.46868	0.01399	0.00655	0.00190	0.00281	0.01205	0.00525	0.00467
18	0.00664	0.00474	0.00633	0.00759	0.00791	0.00443	0.00506	0.00759	0.01044	0.01392	0.03005	0.80485	0.03606	0.01708	0.00696	0.00221	0.00316	0.01550	0.00506	0.00443
19	0.01874	0.01268	0.01440	0.01181	0.01552	0.09939	0.06497	0.04288	0.31100	0.31890	0.01931	0.01785	0.01351	0.00671	0.00551	0.00173	0.00548	0.00559	0.00550	0.00854
20	0.84691	0.01054	0.00801	0.00717	0.01054	0.01223	0.00590	0.01603	0.00928	0.02446	0.00759	0.00886	0.00590	0.00506	0.00337	0.00169	0.00422	0.00295	0.00337	0.00590
21	0.00664	0.00474	0.00633	0.00759	0.00791	0.00443	0.00506	0.00759	0.01044	0.01392	0.03005	0.80485	0.03606	0.01708	0.00696	0.00221	0.00316	0.01550	0.00506	0.00443
22	0.00769	0.00557	0.00725	0.00683	0.00813	0.00513	0.00512	0.01023	0.01536	0.02169	0.75468	0.04100	0.06838	0.01121	0.00643	0.00172	0.00258	0.00990	0.00598	0.00513
23	0.00947	0.00473	0.00710	0.00710	0.00710	0.00473	0.00473	0.00710	0.00710	0.00947	0.00947	0.01657	0.00947	0.01894	0.02131	0.84138	0.00473	0.00473	0.00237	0.00237
24	0.00762	0.00592	0.00858	0.01129	0.11740	0.00565	0.00673	0.00890	0.01072	0.01447	0.02722	0.69180	0.03214	0.01533	0.00674	0.00213	0.00364	0.01398	0.00472	0.00503
25	0.02056	0.01519	0.01627	0.01251	0.01685	0.01683	0.01032	0.73999	0.04212	0.03410	0.01329	0.01325	0.00944	0.00656	0.00546	0.00164	0.00596	0.00494	0.00546	0.00926
26	0.00649	0.00552	0.00559	0.00557	0.00739	0.00462	0.00418	0.00791	0.01254	0.01499	0.08159	0.05203	0.74566	0.01371	0.00644	0.00184	0.00275	0.01145	0.00510	0.00462
27	0.01110	0.06448	0.01927	0.60225	0.09300	0.01299	0.09164	0.01468	0.01124	0.01453	0.00973	0.01408	0.00746	0.00526	0.00542	0.00176	0.00731	0.00488	0.00247	0.00646
28	0.01194	0.01007	0.01165	0.00838	0.01319	0.00792	0.00672	0.06373	0.01227	0.01888	0.00992	0.01143	0.00816	0.00421	0.00413	0.00086	0.00417	0.00334	0.00338	0.78567
29	0.01325	0.01271	0.02169	0.09099	0.71876	0.01289	0.01661	0.01652	0.01230	0.01752	0.01021	0.01357	0.00853	0.00490	0.00540	0.00163	0.00654	0.00486	0.00268	0.00844
30	0.01699	0.01293	0.01418	0.01113	0.01508	0.01377	0.00905	0.47434	0.10247	0.02857	0.05882	0.01565	0.01261	0.00822	0.04434	0.00189	0.00572	0.00511	0.00501	0.14412
31	0.00732	0.00638	0.00783	0.00710	0.00915	0.00563	0.05499	0.00961	0.04057	0.01625	0.15575	0.04702	0.58757	0.01256	0.00641	0.00182	0.00322	0.01073	0.00506	0.00501
32	0.01731	0.01281	0.01407	0.01140	0.01499	0.01418	0.00923	0.45578	0.18620	0.05659	0.07279	0.01761	0.01457	0.00970	0.06505	0.00223	0.00597	0.00565	0.00537	0.00848
33	0.01243	0.00923	0.01151	0.01025	0.06848	0.00815	0.00738	0.09720	0.01441	0.08138	0.21596	0.05142	0.02141	0.00702	0.00517	0.00133	0.00406	0.00598	0.00454	0.36270
34	0.00772	0.00557	0.00729	0.00686	0.00814	0.00514	0.00514	0.01029	0.01543	0.02186	0.77152	0.04072	0.05144	0.01115	0.00643	0.00171	0.00257	0.00986	0.00600	0.00514
35	0.03273	0.08316	0.10303	0.01255	0.03364	0.29658	0.04024	0.05999	0.01470	0.08117	0.12477	0.01692	0.03522	0.00656	0.00519	0.00152	0.00695	0.00506	0.00375	0.03628
36	0.01063	0.00892	0.01060	0.00817	0.01228	0.00690	0.00649	0.01290	0.01131	0.01725	0.01326	0.09774	0.01275	0.00623	0.00461	0.00108	0.00402	0.05996	0.00356	0.69135
37	0.01373	0.06469	0.13300	0.15185	0.06273	0.20031	0.20127	0.01718	0.01267	0.01548	0.01080	0.04895	0.00897	0.00571	0.00544	0.00166	0.00805	0.00519	0.02548	0.00683
38	0.84691	0.01054	0.00801	0.00717	0.01054	0.01223	0.00590	0.01603	0.00928	0.02446	0.00759	0.00886	0.00590	0.00506	0.00337	0.00169	0.00422	0.00295	0.00337	0.00590
39	0.00769	0.00557	0.00725	0.00683	0.00813	0.00513	0.00512	0.01024	0.01537	0.02171	0.75659	0.04097	0.06646	0.01120	0.00643	0.00172	0.00258	0.00989	0.00598	0.00513
40	0.01201	0.07216	0.63330	0.01564	0.05050	0.07164	0.01841	0.01780	0.02890	0.01686	0.00985	0.01150	0.00721	0.00522	0.00508	0.00167	0.00792	0.00400	0.00243	0.00790
41	0.01023	0.00528	0.00544	0.00537	0.00663	0.00533	0.00401	0.02578	0.01145	0.01994	0.01742	0.02046	0.01390	0.02405	0.02442	0.02012	0.00301	0.00515	0.76694	0.00505
42	0.01140	0.01298	0.09964	0.18311	0.22763	0.01162	0.19760	0.01496	0.01165	0.01601	0.01264	0.07008	0.01139	0.06672	0.00749	0.00207	0.00713	0.02606	0.00288	0.00694
43	0.01053	0.01020	0.02917	0.49993	0.02761	0.06870	0.01221	0.01345	0.01181	0.01504	0.12056	0.02058	0.03260	0.00754	0.00648	0.04758	0.00641	0.03316	0.00314	0.02333
44	0.00710	0.00558	0.00635	0.00645	0.00793	0.00496	0.00489	0.00877	0.01273	0.01616	0.20212	0.07646	0.45546	0.06353	0.00793	0.00212	0.00317	0.09845	0.00515	0.00468
45	0.08502	0.02869	0.08289	0.04551	0.03136	0.06199	0.00919	0.05478	0.04023	0.14114	0.02971	0.03699	0.06907	0.01027	0.07363	0.00232	0.08354	0.00558	0.10134	0.00672
46	0.01774	0.01335	0.01521	0.01307	0.07288	0.01415	0.00987	0.45138	0.11403	0.05972	0.01389	0.01418	0.01024	0.00694	0.02298	0.00170	0.00567	0.00486	0.00492	0.13322
47	0.15139	0.19272	0.03082	0.01153	0.03150	0.12117	0.03031	0.13340	0.03930	0.01875	0.01015	0.01297	0.00872	0.06132	0.03771	0.00212	0.09183	0.00425	0.00329	0.00677
48	0.00685	0.00497	0.00636	0.00718	0.00778	0.00460	0.00488	0.00802	0.01122	0.01495	0.13762	0.57611	0.11337	0.05925	0.00797	0.00227	0.00315	0.01387	0.00510	0.00449
49	0.01375	0.01063	0.01341	0.00980	0.01449	0.00899	0.05747	0.11210	0.01366	0.08888	0.01165	0.02619	0.00922	0.00488	0.00457	0.00109	0.00468	0.00408	0.00384	0.58661
50	0.03219	0.31439	0.11707	0.01093	0.01552	0.06366	0.01049	0.07043	0.03818	0.21127	0.01236	0.01253	0.00913	0.00574	0.00511	0.00149	0.03836	0.00408	0.00384	0.02324
51	0.01319	0.11002	0.07161	0.04767	0.01425	0.01212	0.00888	0.23454	0.04856	0.02022	0.04060	0.08314	0.01460	0.12778	0.07503	0.02653	0.00629	0.00615	0.00399	0.03483
52	0.01251	0.00662	0.00873	0.00772	0.00984	0.00593	0.00599	0.01478	0.01496	0.24281	0.45383	0.08320	0.07704	0.01044	0.00621	0.00176	0.00327	0.02197	0.00609	0.00628
53	0.00873	0.06696	0.00912	0.00744	0.00908	0.00704	0.00570	0.05142	0.03318	0.01948	0.42227	0.18576	0.12979	0.01178	0.00624	0.00178	0.00319	0.01026	0.00539	0.00539
54	0.01712	0.01299	0.01480	0.09462	0.01735	0.04089	0.01009	0.44220	0.01921	0.05358	0.01285	0.04965	0.01023	0.00805	0.00779	0.06513	0.07842	0.00531	0.01779	0.02192
55	0.01093	0.02820	0.78016	0.01554	0.02360	0.01266	0.02014	0.01727	0.01151	0.01727	0.00978	0.01151	0.00691	0.00518	0.00518	0.00173	0.00806	0.00403	0.00230	0.00806
56	0.00663	0.00478	0.00629	0.00749	0.00788	0.00444	0.00502	0.00760	0.01053	0.01396	0.03127	0.76845	0.07167	0.01692	0.00693	0.00220	0.00314	0.01531	0.00506	0.00444
57	0.00748	0.00772	0.08828	0.03058	0.03727	0.00585	0.00722	0.00919	0.01081	0.01455	0.04547	0.58180	0.08073	0.03712	0.00722	0.00218	0.00392	0.01301	0.00459	0.00500
58	0.00947	0.00473	0.00710	0.00710	0.00710	0.00473	0.00473	0.00710	0.00710	0.00947	0.00947	0.01657	0.00947	0.01894	0.02131	0.84138	0.00473	0.00473	0.00237	0.00237
59	0.01597	0.00843	0.01057	0.00883	0.01168	0.00808	0.00698	0.06915	0.10563	0.32477	0.29234	0.02767	0.04468	0.03212	0.00651	0.00182	0.00392	0.00731	0.00611	0.00743
60	0.00947	0.00473	0.00710	0.00710	0.00710	0.00473	0.00473	0.00710	0.00710	0.00947	0.00947	0.01657	0.00947	0.01894	0.02131	0.84138	0.00473	0.00473	0.00237	0.00237
61	0.01247	0.24154	0.46767	0.01469	0.05655	0.04925	0.03790	0.01706	0.01172	0.01599	0.02304	0.01140	0.00787	0.00513	0.00478	0.00156	0.00738	0.00392	0.00243	0.00764
62	0.02072	0.01527	0.01636	0.01254	0.01691	0.01691	0.01036	0.75622	0.02563	0.03436	0.01309	0.01309	0.00927	0.00654	0.00545	0.00164	0.00600	0.00491	0.00545	0.00927
63	0.00669	0.00477	0.00634	0.00754	0.00787	0.00446	0.00502	0.00765	0.01048	0.01399	0.04392	0.77326	0.03599	0.03446	0.00741	0.00227	0.00320	0.01522	0.00504	0.00442
64	0.01679	0.01511	0.09553	0.07351	0.08868	0.01480	0.01190	0.43562	0.10968	0.02725	0.01404	0.04771	0.01084	0.00671	0.00550	0.00171	0.00603	0.00541	0.00464	0.00856
65	0.04530	0.19265	0.03576	0.01202	0.07938	0.07138	0.00930	0.04044	0.14268	0.18072	0.10172	0.01750	0.01548	0.00736	0.02376	0.00174	0.00551	0.00519	0.00445	0.00764
66	0.01524	0.00785	0.01006	0.00851	0.01123	0.00735	0.00672	0.01920	0.10942	0.32997	0.35159	0.02946	0.05201	0.00896	0.00593	0.00172	0.00364	0.00766	0.00622	0.00725
67	0.01356	0.01171	0.01233	0.01109	0.01418	0.01356	0.00863	0.02897	0.76455	0.02281	0.02219	0.02034	0.01664	0.00740	0.00555	0.00185	0.00431	0.00616	0.00555	0.00863
68	0.01040	0.00588	0.00642	0.06515	0.00923	0.00618	0.00499	0.01389	0.06211	0.02001	0.01747	0.01989	0.01365	0.00635	0.00405	0.00135	0.00302	0.00514	0.71942	0.00539
69	0.01197	0.00643	0.00676	0.00626	0.00804	0.00657	0.00482	0.05595	0.06936	0.07233	0.01811	0.01981	0.01388	0.00647	0.00415	0.00136	0.00301	0.00518	0.67370	0.00586
70	0.01185	0.01119	0.01849	0.42485	0.34319	0.01256	0.01537	0.01611	0.06229	0.01615	0.01077	0.01449	0.00847	0.00533	0.00543	0.00174	0.00674	0.00494	0.00275	0.00730
71	0.02038	0.01451	0.01573	0.01220	0.01644	0.01594	0.01003	0.63776	0.08925	0.08951	0.01452	0.01413	0.01023	0.00663	0.00546	0.00166	0.00575	0.00506	0.00556	0.00922
72	0.00688	0.00490	0.00651	0.00766	0.00806	0.00461	0.00524	0.00795	0.01065	0.01421	0.05553	0.69491	0.03559	0.05064	0.00787	0.00235	0.00336	0.06361	0.00502	0.00445
73	0.00766	0.00557	0.00721	0.00680	0.00811	0.00512	0.00510	0.01018	0.01530	0.02156	0.74110	0.04122	0.08205	0.01126	0.00643	0.00172	0.00258	0.00993	0.00596	0.00512
74	0.00738	0.00563	0.00642	0.00618	0.00784	0.00491	0.00465	0.00928	0.01376	0.03475	0.35485	0.04679	0.45302	0.01253	0.00642	0.00178	0.00272	0.01068	0.00549	0.00493
75	0.00751	0.00548	0.00692	0.00671	0.00788	0.00504	0.00489	0.00962	0.01412	0.01958	0.57569	0.10678	0.12382	0.07213	0.00809	0.00204	0.00285	0.01037	0.00562	0.00489
76	0.00798	0.00610	0.00904	0.00893	0.00983	0.00722	0.00694	0.00984	0.00872	0.01262	0.01434	0.02140	0.01352	0.06202	0.72945	0.00837	0.05005	0.00585	0.00291	0.00487
77	0.25738	0.35046	0.09669	0.06320	0.01638	0.07555	0.04174	0.01664	0.01099	0.01698	0.00816	0.00978	0.00674	0.00496	0.00400	0.00147	0.00613	0.00336	0.00269	0.00668
78	0.47108	0.05544	0.06897	0.02356	0.01320	0.10796	0.00812	0.08542	0.01205	0.02230	0.00933	0.01070	0.00724	0.00538	0.00398	0.00159	0.00535	0.00351	0.07841	0.00642
79	0.01473	0.03142	0.01497	0.06502	0.15582	0.14278	0.02519	0.14113	0.01512	0.07605	0.03837	0.02199	0.16777	0.00845	0.02383	0.00184	0.03824	0.00618	0.00402	0.00706
80	0.01041	0.00558	0.00533	0.00530	0.00660	0.02382	0.00397	0.01292	0.01153	0.02016	0.01756	0.02007	0.01381	0.00633	0.00384	0.00127	0.00272	0.00504	0.81862	0.00511
81	0.00704	0.00553	0.00651	0.00689	0.02377	0.00492	0.00481	0.00862	0.01260	0.01630	0.23532	0.19424	0.38551	0.05387	0.00760	0.00205	0.00300	0.01153	0.00517	0.00473
82	0.00745	0.00504	0.00655	0.00745	0.00811	0.00466	0.00514	0.00863	0.01108	0.04152	0.06710	0.64594	0.08991	0.01583	0.00676	0.00212	0.00318	0.02917	0.02966	0.00468
83	0.01287	0.01471	0.03217	0.02298	0.02849	0.01379	0.75460	0.01746	0.01287	0.01746	0.01103	0.01471	0.00827	0.00460	0.00643	0.00184	0.00919	0.00643	0.00276	0.00735
84	0.00936	0.00633	0.00689	0.00640	0.00862	0.00550	0.00492	0.01150	0.04623	0.12432	0.06697	0.04591	0.61224	0.01245	0.00627	0.00182	0.00309	0.01037	0.00535	0.00546
85	0.84691	0.01054	0.00801	0.00717	0.01054	0.01223	0.00590	0.01603	0.00928	0.02446	0.00759	0.00886	0.00590	0.00506	0.00337	0.00169	0.00422	0.00295	0.00337	0.00590
86	0.00820	0.00568	0.00708	0.00722	0.00823	0.00541	0.00532	0.00972	0.01177	0.03714	0.21523	0.09517	0.14016	0.23691	0.04011	0.00317	0.00435	0.14977	0.00477	0.00458
87	0.04739	0.00904	0.01212	0.00941	0.01339	0.00792	0.00774	0.02505	0.01541	0.69987	0.07678	0.01992	0.01609	0.00702	0.00549	0.00169	0.00447	0.00573	0.00659	0.00887
88	0.02414	0.02477	0.01309	0.00979	0.01402	0.00858	0.00812	0.05207	0.01587	0.73740	0.02095	0.01818	0.01322	0.00670	0.00544	0.00168	0.00471	0.00541	0.00662	0.00923
89	0.11457	0.04642	0.34689	0.01495	0.11157	0.03898	0.01418	0.01923	0.01251	0.19631	0.02671	0.01349	0.00940	0.00560	0.00502	0.00167	0.00648	0.00440	0.00361	0.00800
90	0.01990	0.01511	0.04270	0.01231	0.01663	0.01599	0.01039	0.67896	0.02423	0.05080	0.01370	0.03323	0.01006	0.00676	0.00545	0.00165	0.00590	0.00516	0.02205	0.00902

[dist]
# distance from previous block
# <min> <max>
0	2

[block]
# block no. 3 follows, 44 sequences, length 43
# corresponding to MSA columns:
# 262-304
name=unknown_D
#
# <colnr> <probs for GDERKNQSTAVLIFYWHMCP>
#	G	D	E	R	K	N	Q	S	T	A	V	L	I	F	Y	W	H	M	C	P
0	0.11085	0.09435	0.20407	0.01309	0.02976	0.30632	0.02511	0.05163	0.01353	0.01707	0.04670	0.01274	0.02498	0.00588	0.00509	0.00156	0.02322	0.00415	0.00301	0.00685
1	0.13930	0.39490	0.06762	0.01064	0.03591	0.02890	0.04506	0.05309	0.03330	0.01761	0.09158	0.01468	0.03568	0.00592	0.00436	0.00145	0.00549	0.00442	0.00325	0.00684
2	0.53112	0.05491	0.02656	0.01031	0.06977	0.03508	0.00787	0.09051	0.01194	0.05752	0.01112	0.01281	0.03310	0.00579	0.00412	0.00167	0.00488	0.02058	0.00368	0.00665
3	0.01325	0.14243	0.34877	0.01533	0.09062	0.16233	0.03606	0.01720	0.01265	0.01619	0.06830	0.01422	0.02821	0.00579	0.00506	0.00157	0.00740	0.00452	0.00280	0.00729
4	0.03649	0.00940	0.01212	0.00923	0.01351	0.00799	0.00755	0.02292	0.03235	0.54200	0.03183	0.01700	0.01275	0.00613	0.00510	0.00147	0.00444	0.00497	0.00576	0.21700
5	0.00800	0.00827	0.10011	0.00815	0.01016	0.00605	0.00716	0.01067	0.01368	0.01898	0.44386	0.11424	0.10739	0.03626	0.00710	0.00197	0.00364	0.08381	0.00520	0.00531
6	0.01328	0.02483	0.01024	0.03301	0.01189	0.03524	0.00687	0.07319	0.06881	0.18177	0.13466	0.06871	0.19494	0.04590	0.00686	0.00189	0.00422	0.03157	0.00524	0.04690
7	0.00772	0.00557	0.00729	0.00686	0.00814	0.00514	0.00514	0.01029	0.01543	0.02186	0.77152	0.04072	0.05144	0.01115	0.00643	0.00171	0.00257	0.00986	0.00600	0.00514
8	0.01518	0.66663	0.05021	0.01071	0.03288	0.11984	0.01000	0.01707	0.01169	0.01315	0.00782	0.00909	0.00704	0.00481	0.00378	0.00123	0.00643	0.00307	0.00240	0.00698
9	0.01797	0.00934	0.01160	0.00950	0.01292	0.00901	0.00761	0.04744	0.18998	0.39738	0.16567	0.02274	0.02117	0.00762	0.00561	0.00169	0.00418	0.00637	0.00612	0.04607
10	0.04338	0.16717	0.01918	0.01276	0.01641	0.13482	0.10039	0.12234	0.05777	0.15214	0.02806	0.01365	0.01008	0.00626	0.00641	0.00164	0.09133	0.00470	0.00397	0.00756
11	0.05340	0.01343	0.05782	0.06587	0.66788	0.01287	0.01630	0.01660	0.01215	0.01793	0.01008	0.01322	0.00836	0.00491	0.00529	0.00164	0.00648	0.00473	0.00270	0.00836
12	0.00693	0.00489	0.00630	0.00725	0.00755	0.00462	0.00474	0.00778	0.01021	0.01367	0.06338	0.62409	0.03376	0.16486	0.01082	0.00276	0.00353	0.01381	0.00478	0.00425
13	0.00817	0.00632	0.00772	0.00827	0.00980	0.00612	0.00676	0.01125	0.07436	0.01637	0.07008	0.11071	0.28234	0.01399	0.00691	0.00217	0.00395	0.34445	0.00512	0.00514
14	0.01342	0.01635	0.13182	0.02171	0.10263	0.01383	0.48695	0.08689	0.03557	0.01921	0.01129	0.01415	0.00846	0.00497	0.00604	0.00178	0.00832	0.00579	0.00302	0.00780
15	0.81527	0.01072	0.00833	0.00738	0.01079	0.01241	0.00607	0.04437	0.00990	0.02484	0.00780	0.00902	0.00603	0.00512	0.00345	0.00168	0.00429	0.00303	0.00345	0.00603
16	0.01886	0.01503	0.05244	0.01216	0.01656	0.01549	0.01032	0.61565	0.05211	0.03126	0.01357	0.03791	0.01019	0.00666	0.00539	0.00161	0.00580	0.00513	0.00513	0.06874
17	0.00685	0.00493	0.00650	0.00740	0.00794	0.00457	0.00506	0.00813	0.01148	0.01552	0.17814	0.63472	0.05686	0.01582	0.00684	0.00211	0.00304	0.01428	0.00525	0.00457
18	0.00793	0.00579	0.00849	0.00848	0.00948	0.00666	0.00658	0.00993	0.00912	0.01339	0.03648	0.02190	0.01473	0.03790	0.71606	0.00810	0.01351	0.00591	0.05466	0.00489
19	0.01205	0.01320	0.05372	0.20842	0.18544	0.03822	0.28718	0.01605	0.02956	0.01640	0.01309	0.05401	0.03544	0.00590	0.00588	0.00179	0.00751	0.00613	0.00290	0.00710
20	0.54853	0.01193	0.01067	0.00888	0.01257	0.02914	0.00730	0.20153	0.01406	0.09571	0.01025	0.01082	0.00746	0.00560	0.00412	0.00167	0.00482	0.00368	0.00419	0.00706
21	0.01065	0.00620	0.00810	0.00733	0.00914	0.00559	0.00560	0.01296	0.01497	0.16008	0.54108	0.08142	0.09365	0.01086	0.00629	0.00175	0.00300	0.00949	0.00602	0.00583
22	0.00927	0.00715	0.01061	0.01223	0.10402	0.00686	0.04417	0.01141	0.01207	0.04114	0.02934	0.19930	0.13865	0.03619	0.00745	0.00226	0.00468	0.31305	0.00465	0.00549
23	0.03633	0.05388	0.14304	0.07664	0.53405	0.02885	0.01639	0.01670	0.01208	0.01733	0.00990	0.01281	0.00808	0.00496	0.00521	0.00162	0.00675	0.00455	0.00262	0.00818
24	0.02072	0.01527	0.01636	0.01254	0.01691	0.01691	0.01036	0.75622	0.02563	0.03436	0.01309	0.01309	0.00927	0.00654	0.00545	0.00164	0.00600	0.00491	0.00545	0.00927
25	0.40706	0.01187	0.03992	0.04683	0.25801	0.01208	0.03382	0.01737	0.01120	0.10065	0.01017	0.01185	0.00774	0.00518	0.00448	0.00168	0.00539	0.00405	0.00342	0.00726
26	0.01866	0.01116	0.01592	0.05506	0.24220	0.01096	0.01115	0.14217	0.01587	0.33415	0.04148	0.03460	0.01274	0.00642	0.00549	0.00166	0.00542	0.00551	0.00499	0.02438
27	0.01287	0.01471	0.03217	0.02298	0.02849	0.01379	0.75460	0.01746	0.01287	0.01746	0.01103	0.01471	0.00827	0.00460	0.00643	0.00184	0.00919	0.00643	0.00276	0.00735
28	0.02007	0.01597	0.01627	0.05938	0.01813	0.09091	0.01066	0.64104	0.02377	0.03111	0.01244	0.01286	0.00893	0.00639	0.00540	0.00162	0.00644	0.00477	0.00502	0.00879
29	0.00779	0.00584	0.00876	0.00876	0.00974	0.00681	0.00681	0.00974	0.00876	0.01266	0.01460	0.02142	0.01363	0.04089	0.78680	0.00876	0.01460	0.00584	0.00292	0.00487
30	0.00671	0.00479	0.00640	0.00767	0.00801	0.00449	0.00518	0.00771	0.01050	0.01399	0.03001	0.78190	0.03591	0.01702	0.00698	0.00222	0.00322	0.03779	0.00506	0.00445
31	0.02446	0.00928	0.01265	0.00970	0.01392	0.00801	0.00801	0.02657	0.01560	0.77817	0.02151	0.01856	0.01350	0.00675	0.00548	0.00169	0.00464	0.00548	0.00675	0.00928
32	0.02037	0.02598	0.01545	0.01404	0.01685	0.78652	0.01053	0.02177	0.01545	0.01334	0.00843	0.00983	0.00702	0.00562	0.00492	0.00140	0.00983	0.00351	0.00281	0.00632
33	0.00664	0.00474	0.00633	0.00759	0.00791	0.00443	0.00506	0.00759	0.01044	0.01392	0.03005	0.80485	0.03606	0.01708	0.00696	0.00221	0.00316	0.01550	0.00506	0.00443
34	0.02018	0.01324	0.01483	0.01154	0.01556	0.01418	0.00947	0.55175	0.02257	0.17038	0.05177	0.03599	0.01286	0.00773	0.02040	0.00180	0.00567	0.00554	0.00566	0.00886
35	0.00680	0.00491	0.00649	0.00761	0.00808	0.00452	0.00511	0.00780	0.01047	0.01405	0.02936	0.77795	0.03511	0.01664	0.00686	0.00217	0.00319	0.01508	0.00500	0.03280
36	0.00779	0.00584	0.00876	0.00876	0.00974	0.00681	0.00681	0.00974	0.00876	0.01266	0.01460	0.02142	0.01363	0.04089	0.78680	0.00876	0.01460	0.00584	0.00292	0.00487
37	0.01130	0.00969	0.01130	0.00807	0.01292	0.00727	0.00646	0.01373	0.01130	0.01776	0.00969	0.01130	0.00807	0.00404	0.00404	0.00081	0.00404	0.00323	0.00323	0.84173
38	0.79532	0.01046	0.00830	0.00733	0.01075	0.01197	0.00604	0.01669	0.00967	0.07175	0.00846	0.00946	0.00638	0.00517	0.00351	0.00169	0.00424	0.00311	0.00359	0.00612
39	0.01142	0.01084	0.01838	0.52720	0.29686	0.01241	0.01570	0.01492	0.01143	0.01530	0.00989	0.01417	0.00775	0.00524	0.00543	0.00175	0.00699	0.00485	0.00252	0.00696
40	0.01845	0.01366	0.01476	0.01164	0.01535	0.01512	0.00941	0.60469	0.06933	0.03036	0.01412	0.01610	0.01095	0.08556	0.04304	0.00232	0.00622	0.00532	0.00514	0.00846
41	0.01125	0.06268	0.68810	0.01583	0.02354	0.01315	0.07658	0.01724	0.01160	0.01708	0.00978	0.01163	0.00702	0.00511	0.00520	0.00171	0.00804	0.00416	0.00234	0.00795
42	0.00664	0.00474	0.00633	0.00759	0.00791	0.00443	0.00506	0.00759	0.01044	0.01392	0.03005	0.80485	0.03606	0.01708	0.00696	0.00221	0.00316	0.01550	0.00506	0.00443

[dist]
# distance from previous block
# <min> <max>
0	1

[block]
# block no. 4 follows, 44 sequences, length 8
# corresponding to MSA columns:
# 306-313
name=unknown_E
#
# <colnr> <probs for GDERKNQSTAVLIFYWHMCP>
#	G	D	E	R	K	N	Q	S	T	A	V	L	I	F	Y	W	H	M	C	P
0	0.01196	0.01019	0.01220	0.00977	0.05628	0.00814	0.00726	0.05596	0.01218	0.01871	0.00991	0.01153	0.00817	0.00423	0.00419	0.00090	0.00429	0.00342	0.00333	0.74738
1	0.00793	0.00529	0.00595	0.00595	0.00595	0.00529	0.00330	0.00793	0.00793	0.01057	0.01718	0.03568	0.01982	0.80840	0.02775	0.00529	0.00529	0.00793	0.00330	0.00330
2	0.00675	0.00479	0.00629	0.00746	0.00775	0.00450	0.00492	0.00762	0.01023	0.01364	0.02900	0.74214	0.03473	0.08159	0.00865	0.00246	0.00334	0.01488	0.00492	0.00434
3	0.01130	0.00969	0.01130	0.00807	0.01292	0.00727	0.00646	0.01373	0.01130	0.01776	0.00969	0.01130	0.00807	0.00404	0.00404	0.00081	0.00404	0.00323	0.00323	0.84173
4	0.01807	0.01213	0.01410	0.03571	0.03893	0.01252	0.00920	0.38297	0.05393	0.16529	0.01679	0.06411	0.03537	0.00710	0.00541	0.00160	0.00521	0.00572	0.00521	0.11063
5	0.01940	0.02443	0.01493	0.01364	0.01631	0.72646	0.01025	0.02084	0.01493	0.01329	0.00890	0.01072	0.00753	0.00833	0.06514	0.00197	0.01020	0.00369	0.00282	0.00621
6	0.01356	0.01171	0.01233	0.01109	0.01418	0.01356	0.00863	0.02897	0.76455	0.02281	0.02219	0.02034	0.01664	0.00740	0.00555	0.00185	0.00431	0.00616	0.00555	0.00863
7	0.01287	0.01471	0.03217	0.02298	0.02849	0.01379	0.75460	0.01746	0.01287	0.01746	0.01103	0.01471	0.00827	0.00460	0.00643	0.00184	0.00919	0.00643	0.00276	0.00735

[dist]
# distance from previous block
# <min> <max>
0	3

[block]
# block no. 5 follows, 44 sequences, length 45
# corresponding to MSA columns:
# 317-361
name=unknown_F
#
# <colnr> <probs for GDERKNQSTAVLIFYWHMCP>
#	G	D	E	R	K	N	Q	S	T	A	V	L	I	F	Y	W	H	M	C	P
0	0.02407	0.00991	0.01304	0.01000	0.01423	0.00895	0.00826	0.10329	0.01666	0.69996	0.02062	0.01798	0.01305	0.00673	0.00548	0.00168	0.00478	0.00542	0.00661	0.00928
1	0.00878	0.00570	0.00752	0.00720	0.00853	0.00523	0.00534	0.01103	0.01458	0.07681	0.58661	0.17206	0.04594	0.01185	0.00645	0.00180	0.00283	0.01051	0.00589	0.00533
2	0.00646	0.00546	0.00558	0.00568	0.00740	0.00459	0.00421	0.00781	0.01228	0.01467	0.05334	0.10899	0.71688	0.01405	0.00648	0.00187	0.00279	0.01181	0.00506	0.00459
3	0.00664	0.00474	0.00633	0.00759	0.00791	0.00443	0.00506	0.00759	0.01044	0.01392	0.03005	0.80485	0.03606	0.01708	0.00696	0.00221	0.00316	0.01550	0.00506	0.00443
4	0.01287	0.01471	0.03217	0.02298	0.02849	0.01379	0.75460	0.01746	0.01287	0.01746	0.01103	0.01471	0.00827	0.00460	0.00643	0.00184	0.00919	0.00643	0.00276	0.00735
5	0.01130	0.00969	0.01130	0.00807	0.01292	0.00727	0.00646	0.01373	0.01130	0.01776	0.00969	0.01130	0.00807	0.00404	0.00404	0.00081	0.00404	0.00323	0.00323	0.84173
6	0.00664	0.00489	0.00622	0.00725	0.00783	0.00447	0.00492	0.00769	0.01087	0.01423	0.05125	0.66909	0.15184	0.01643	0.00687	0.00214	0.00309	0.01474	0.00508	0.00447
7	0.82756	0.01051	0.00812	0.00723	0.01062	0.01213	0.00595	0.01627	0.00943	0.04220	0.00792	0.00908	0.00608	0.00510	0.00342	0.00169	0.00423	0.00301	0.00345	0.00598
8	0.01443	0.67962	0.07507	0.01169	0.07256	0.04167	0.01061	0.01657	0.01133	0.01350	0.00795	0.00931	0.00712	0.00474	0.00379	0.00124	0.00613	0.00315	0.00237	0.00717
9	0.01412	0.19374	0.02249	0.06224	0.48408	0.05209	0.01423	0.03777	0.03819	0.01692	0.01002	0.01252	0.00841	0.00501	0.00495	0.00152	0.00644	0.00440	0.00278	0.00805
10	0.84691	0.01054	0.00801	0.00717	0.01054	0.01223	0.00590	0.01603	0.00928	0.02446	0.00759	0.00886	0.00590	0.00506	0.00337	0.00169	0.00422	0.00295	0.00337	0.00590
11	0.00682	0.00560	0.00605	0.00612	0.00784	0.00483	0.00471	0.00845	0.01279	0.01571	0.13569	0.05199	0.61595	0.01362	0.00655	0.00189	0.00296	0.08256	0.00517	0.00471
12	0.02008	0.00844	0.01141	0.00952	0.01292	0.00752	0.00783	0.02243	0.03077	0.57078	0.02411	0.08450	0.03684	0.00896	0.00593	0.00186	0.00453	0.11714	0.00629	0.00814
13	0.00682	0.00554	0.00605	0.00592	0.00760	0.00476	0.00444	0.00855	0.01332	0.01684	0.26740	0.04899	0.55869	0.01302	0.00644	0.00180	0.00271	0.01102	0.00534	0.00476
14	0.00679	0.00539	0.00610	0.00623	0.00766	0.00470	0.00456	0.00839	0.01280	0.01633	0.22621	0.18775	0.46032	0.01376	0.00653	0.00188	0.00279	0.01184	0.00529	0.00470
15	0.78512	0.01045	0.00836	0.00736	0.01080	0.01191	0.00606	0.01682	0.00975	0.08109	0.00864	0.00958	0.00647	0.00519	0.00353	0.00169	0.00425	0.00314	0.00363	0.00616
16	0.72331	0.01125	0.00926	0.00797	0.01150	0.01293	0.00657	0.12677	0.01172	0.02594	0.00841	0.00949	0.00641	0.00528	0.00369	0.00168	0.00448	0.00324	0.00369	0.00641
17	0.01561	0.67089	0.02622	0.01017	0.01451	0.15864	0.00954	0.01730	0.01186	0.01292	0.00773	0.00894	0.00700	0.00484	0.00375	0.00121	0.00655	0.00302	0.00242	0.00688
18	0.01321	0.01150	0.01274	0.01253	0.07171	0.01308	0.00903	0.02700	0.67054	0.02203	0.02290	0.02139	0.05295	0.00752	0.00558	0.00183	0.00440	0.00633	0.00531	0.00843
19	0.00651	0.00547	0.00566	0.00574	0.00744	0.00461	0.00425	0.00792	0.01241	0.01498	0.08485	0.10799	0.68566	0.01393	0.00648	0.00186	0.00278	0.01173	0.00510	0.00461
20	0.01030	0.00969	0.01635	0.79530	0.03755	0.01211	0.01514	0.01393	0.01090	0.01393	0.00969	0.01453	0.00727	0.00545	0.00545	0.00182	0.00727	0.00484	0.00242	0.00606
21	0.84691	0.01054	0.00801	0.00717	0.01054	0.01223	0.00590	0.01603	0.00928	0.02446	0.00759	0.00886	0.00590	0.00506	0.00337	0.00169	0.00422	0.00295	0.00337	0.00590
22	0.00792	0.00531	0.00606	0.00606	0.00609	0.00535	0.00344	0.00800	0.00796	0.01065	0.01708	0.03512	0.01958	0.77834	0.05748	0.00542	0.00565	0.00785	0.00329	0.00336
23	0.07579	0.01170	0.01209	0.01083	0.01396	0.01353	0.00846	0.04369	0.69236	0.02318	0.02091	0.01933	0.01568	0.00720	0.00538	0.00183	0.00434	0.00590	0.00538	0.00844
24	0.01681	0.01440	0.01347	0.01115	0.01473	0.15962	0.00881	0.21393	0.19933	0.08328	0.07230	0.01650	0.01400	0.00657	0.00524	0.00153	0.00566	0.00512	0.00478	0.13279
25	0.01745	0.09092	0.01451	0.01051	0.01396	0.07046	0.00854	0.34170	0.01845	0.14251	0.01922	0.10355	0.08009	0.03544	0.00624	0.00179	0.00544	0.00653	0.00500	0.00769
26	0.01502	0.75188	0.02757	0.00969	0.01421	0.07980	0.00942	0.01674	0.01141	0.01287	0.00764	0.00883	0.00700	0.00474	0.00361	0.00118	0.00613	0.00296	0.00237	0.00694
27	0.01287	0.01471	0.03217	0.02298	0.02849	0.01379	0.75460	0.01746	0.01287	0.01746	0.01103	0.01471	0.00827	0.00460	0.00643	0.00184	0.00919	0.00643	0.00276	0.00735
28	0.08487	0.00949	0.01224	0.00955	0.01360	0.00863	0.00786	0.03820	0.04362	0.66392	0.03684	0.01829	0.01381	0.00674	0.00535	0.00169	0.00457	0.00541	0.00641	0.00891
29	0.00947	0.00473	0.00710	0.00710	0.00710	0.00473	0.00473	0.00710	0.00710	0.00947	0.00947	0.01657	0.00947	0.01894	0.02131	0.84138	0.00473	0.00473	0.00237	0.00237
30	0.00646	0.00546	0.00558	0.00568	0.00741	0.00459	0.00421	0.00781	0.01227	0.01467	0.05331	0.10974	0.71615	0.01406	0.00648	0.00187	0.00279	0.01181	0.00506	0.00459
31	0.09391	0.01204	0.01255	0.01062	0.01402	0.03909	0.00846	0.17866	0.35320	0.13032	0.07417	0.01866	0.01592	0.00713	0.00536	0.00174	0.00476	0.00569	0.00543	0.00826
32	0.01021	0.00672	0.00854	0.00871	0.01002	0.00678	0.00651	0.05998	0.06854	0.08534	0.02520	0.38678	0.02708	0.07893	0.06839	0.00289	0.00490	0.12398	0.00497	0.00553
33	0.00660	0.00549	0.00575	0.00587	0.00753	0.00467	0.00437	0.00799	0.01225	0.01480	0.06868	0.10816	0.65799	0.03191	0.00700	0.00197	0.00292	0.03644	0.00504	0.00459
34	0.50268	0.01001	0.00995	0.00823	0.01196	0.01046	0.00679	0.02044	0.01193	0.33992	0.01342	0.01292	0.00908	0.00577	0.00426	0.00169	0.00439	0.00401	0.00479	0.00732
35	0.01172	0.19627	0.61893	0.01421	0.02154	0.01457	0.01782	0.01706	0.01142	0.01631	0.00931	0.01092	0.00693	0.00507	0.00482	0.00161	0.00758	0.00379	0.00231	0.00783
36	0.01349	0.01295	0.02213	0.03346	0.77440	0.01295	0.01673	0.01673	0.01241	0.01781	0.01025	0.01349	0.00864	0.00486	0.00540	0.00162	0.00648	0.00486	0.00270	0.00864
37	0.00683	0.00489	0.00650	0.00746	0.00795	0.00455	0.00508	0.00807	0.01132	0.01532	0.16066	0.67025	0.03877	0.01603	0.00687	0.00213	0.00306	0.01451	0.00523	0.00455
38	0.03777	0.78936	0.02800	0.00927	0.01390	0.02131	0.00923	0.01632	0.01103	0.01315	0.00758	0.00875	0.00697	0.00468	0.00349	0.00118	0.00579	0.00292	0.00236	0.00697
39	0.02256	0.01035	0.01309	0.01020	0.01427	0.00982	0.00837	0.14709	0.07353	0.57720	0.04107	0.01840	0.01409	0.00689	0.00551	0.00169	0.00478	0.00556	0.00642	0.00911
40	0.01529	0.01184	0.01276	0.01111	0.01443	0.01338	0.00874	0.10149	0.62068	0.09451	0.02122	0.01945	0.01561	0.00725	0.00553	0.00181	0.00451	0.00597	0.00565	0.00875
