[name]
unknown

[dist]
# distance from previous block
# <min> <max>
2	37

[block]
# block no. 0 follows, 40 sequences, length 6
# corresponding to MSA columns:
# 37-42
name=unknown_A
#
# <colnr> <probs for GDERKNQSTAVLIFYWHMCP>
#	G	D	E	R	K	N	Q	S	T	A	V	L	I	F	Y	W	H	M	C	P
0	0.05317	0.01176	0.01828	0.52235	0.03294	0.01414	0.06768	0.11070	0.01354	0.01848	0.01058	0.01478	0.00803	0.00625	0.00690	0.00196	0.07318	0.00520	0.00308	0.00700
1	0.01748	0.01526	0.01714	0.27217	0.02518	0.15015	0.03509	0.19400	0.06559	0.09469	0.01302	0.01494	0.00957	0.00658	0.00637	0.00183	0.04378	0.00514	0.00413	0.00790
2	0.06899	0.00676	0.00795	0.00813	0.00937	0.00668	0.00575	0.06610	0.01290	0.04518	0.10316	0.43806	0.08301	0.09911	0.00927	0.00252	0.00390	0.01252	0.00527	0.00538
3	0.06014	0.00956	0.01258	0.07419	0.01495	0.03622	0.04903	0.05141	0.06504	0.01760	0.07342	0.13630	0.01907	0.04132	0.22732	0.00425	0.08979	0.00770	0.00398	0.00612
4	0.05665	0.01106	0.01782	0.41820	0.08730	0.01255	0.07299	0.01773	0.03352	0.12780	0.01316	0.03973	0.01010	0.00656	0.00657	0.00194	0.04976	0.00569	0.00356	0.00731
5	0.01627	0.01137	0.01278	0.01062	0.01423	0.01169	0.00837	0.17485	0.24768	0.13723	0.02208	0.08018	0.06003	0.03682	0.00668	0.00190	0.00484	0.00689	0.00557	0.12992

[dist]
# distance from previous block
# <min> <max>
67	146

[block]
# block no. 1 follows, 40 sequences, length 21
# corresponding to MSA columns:
# 234-254
name=unknown_B
#
# <colnr> <probs for GDERKNQSTAVLIFYWHMCP>
#	G	D	E	R	K	N	Q	S	T	A	V	L	I	F	Y	W	H	M	C	P
0	0.01214	0.01110	0.01781	0.01786	0.14875	0.01120	0.14817	0.01696	0.10578	0.01865	0.01918	0.05774	0.01843	0.00945	0.00742	0.00207	0.05540	0.22281	0.00415	0.09493
1	0.36521	0.00934	0.00972	0.00998	0.05805	0.01013	0.00733	0.01579	0.07344	0.02369	0.25024	0.02757	0.02578	0.00879	0.00544	0.00191	0.00419	0.08222	0.00482	0.00636
2	0.30925	0.01119	0.01347	0.01349	0.13106	0.01126	0.00930	0.04488	0.01407	0.36407	0.01555	0.01512	0.01059	0.00624	0.00504	0.00179	0.00514	0.00477	0.00521	0.00852
3	0.00918	0.00689	0.00963	0.00955	0.01091	0.00673	0.04942	0.01244	0.08482	0.03754	0.17253	0.41485	0.03643	0.03177	0.00764	0.00228	0.00403	0.08218	0.00550	0.00567
4	0.01353	0.01355	0.02478	0.18407	0.40934	0.01388	0.19907	0.01778	0.03246	0.01820	0.01136	0.01514	0.00904	0.00531	0.00605	0.00184	0.00775	0.00564	0.00291	0.00831
5	0.00793	0.00588	0.00739	0.00712	0.00853	0.00534	0.00530	0.01034	0.01558	0.02148	0.59117	0.09281	0.17406	0.01277	0.00690	0.00189	0.00282	0.01120	0.00617	0.00534
6	0.01829	0.01346	0.01440	0.01176	0.01529	0.05267	0.00943	0.39489	0.09469	0.09046	0.09085	0.01984	0.01638	0.03954	0.08836	0.00272	0.00689	0.00610	0.00549	0.00849
7	0.00899	0.00650	0.00889	0.01013	0.01143	0.00639	0.00867	0.01144	0.01319	0.01706	0.03305	0.12459	0.08924	0.01614	0.00789	0.00260	0.00501	0.60817	0.00536	0.00527
8	0.09834	0.00858	0.01119	0.01028	0.01246	0.00870	0.06525	0.07027	0.06890	0.02088	0.16411	0.25800	0.03032	0.01215	0.00660	0.00208	0.00452	0.10736	0.00520	0.03481
9	0.02211	0.01629	0.01745	0.01338	0.01803	0.01803	0.01105	0.73997	0.02734	0.03665	0.01396	0.01396	0.00989	0.00698	0.00582	0.00175	0.00640	0.00524	0.00582	0.00989
10	0.01206	0.01034	0.01206	0.00861	0.01378	0.00775	0.00689	0.01464	0.01206	0.01895	0.01034	0.01206	0.00861	0.00431	0.00431	0.00086	0.00431	0.00345	0.00345	0.83118
11	0.83671	0.01125	0.00855	0.00765	0.01125	0.01305	0.00630	0.01709	0.00990	0.02609	0.00810	0.00945	0.00630	0.00540	0.00360	0.00180	0.00450	0.00315	0.00360	0.00630
12	0.00813	0.00572	0.00641	0.00636	0.00688	0.00548	0.00390	0.00870	0.01022	0.01340	0.10458	0.04203	0.16467	0.56372	0.02286	0.00453	0.00482	0.00940	0.00419	0.00400
13	0.00763	0.00592	0.00694	0.00669	0.00832	0.00523	0.00502	0.00982	0.01505	0.01997	0.44899	0.04896	0.36426	0.01314	0.00686	0.00189	0.00283	0.01129	0.00596	0.00523
14	0.09639	0.00671	0.00889	0.00879	0.01011	0.00765	0.00679	0.01087	0.00961	0.01487	0.01766	0.02429	0.06085	0.07625	0.60435	0.00789	0.01309	0.00640	0.00333	0.00521
15	0.01187	0.07024	0.72712	0.01623	0.02463	0.01400	0.02088	0.01836	0.01225	0.01817	0.01031	0.01212	0.00737	0.00550	0.00543	0.00181	0.00847	0.00424	0.00246	0.00854
16	0.01206	0.01034	0.01206	0.00861	0.01378	0.00775	0.00689	0.01464	0.01206	0.01895	0.01034	0.01206	0.00861	0.00431	0.00431	0.00086	0.00431	0.00345	0.00345	0.83118
17	0.00850	0.00610	0.00916	0.00916	0.01009	0.00703	0.00703	0.01009	0.00916	0.01314	0.01499	0.02230	0.01407	0.04112	0.69278	0.09677	0.01446	0.00610	0.00305	0.00491
18	0.03526	0.01376	0.10474	0.01566	0.14429	0.01173	0.01175	0.10650	0.10537	0.30647	0.04293	0.01819	0.01379	0.00682	0.00573	0.00179	0.00568	0.00566	0.03472	0.00916
19	0.01093	0.00920	0.01101	0.03091	0.01332	0.00725	0.00678	0.01328	0.01212	0.01824	0.04221	0.13147	0.04635	0.00714	0.00501	0.00120	0.00415	0.00607	0.00390	0.61945
20	0.02888	0.01015	0.01693	0.60115	0.03423	0.01214	0.05529	0.01437	0.01160	0.01540	0.01261	0.09785	0.01107	0.00714	0.00628	0.00197	0.02600	0.00638	0.00295	0.02760

[dist]
# distance from previous block
# <min> <max>
0	1

[block]
# block no. 2 follows, 40 sequences, length 37
# corresponding to MSA columns:
# 256-292
name=unknown_C
#
# <colnr> <probs for GDERKNQSTAVLIFYWHMCP>
#	G	D	E	R	K	N	Q	S	T	A	V	L	I	F	Y	W	H	M	C	P
0	0.01198	0.02408	0.54135	0.03594	0.02267	0.01201	0.03551	0.01759	0.01260	0.03944	0.04989	0.01426	0.01031	0.00570	0.00544	0.00168	0.00748	0.00461	0.00297	0.14448
1	0.01299	0.01148	0.01662	0.06696	0.25767	0.01018	0.02919	0.01596	0.01254	0.03447	0.01127	0.02876	0.00947	0.00504	0.00503	0.00129	0.00550	0.00451	0.00331	0.45776
2	0.00703	0.00578	0.00620	0.00644	0.00810	0.00495	0.00476	0.00850	0.01302	0.01589	0.07881	0.17752	0.59265	0.01524	0.00700	0.00204	0.00308	0.03265	0.00543	0.00491
3	0.01525	0.01201	0.01362	0.01001	0.01501	0.01068	0.00811	0.22037	0.01650	0.04249	0.01168	0.01279	0.00912	0.00514	0.00477	0.00113	0.00492	0.00401	0.00421	0.57817
4	0.00840	0.00564	0.00635	0.00635	0.00647	0.00558	0.00362	0.00843	0.00873	0.01152	0.02060	0.03861	0.06619	0.72653	0.02801	0.02774	0.00546	0.00860	0.00361	0.00358
5	0.00937	0.00507	0.00735	0.00765	0.00772	0.00500	0.00507	0.00772	0.00841	0.01121	0.01532	0.19203	0.01686	0.04770	0.01954	0.61527	0.00470	0.00775	0.00321	0.00305
6	0.01317	0.01278	0.02237	0.29018	0.45366	0.01358	0.07600	0.01689	0.01273	0.01755	0.01080	0.01488	0.00868	0.00538	0.00587	0.00182	0.00743	0.00531	0.00278	0.00816
7	0.01098	0.01034	0.01744	0.78165	0.04005	0.01292	0.01615	0.01486	0.01163	0.01486	0.01034	0.01550	0.00775	0.00581	0.00581	0.00194	0.00775	0.00517	0.00258	0.00646
8	0.00987	0.00526	0.00752	0.00755	0.00788	0.00540	0.00524	0.00876	0.00852	0.01222	0.01259	0.03874	0.01207	0.02163	0.12383	0.58672	0.00616	0.00556	0.11114	0.00333
9	0.00894	0.00601	0.00673	0.00659	0.00675	0.00607	0.00379	0.03414	0.00912	0.01217	0.01817	0.03721	0.02075	0.76794	0.02876	0.00550	0.00566	0.00834	0.00360	0.00375
10	0.01446	0.01249	0.01315	0.01183	0.01512	0.01446	0.00920	0.03090	0.74885	0.02433	0.02367	0.02170	0.01775	0.00789	0.00592	0.00197	0.00460	0.00657	0.00592	0.00920
11	0.01145	0.01061	0.01707	0.50757	0.15360	0.01188	0.01451	0.01492	0.01197	0.01611	0.01235	0.04578	0.02590	0.00618	0.00569	0.00178	0.00687	0.00554	0.00292	0.11731
12	0.01910	0.03554	0.14083	0.02975	0.01915	0.07869	0.01258	0.46899	0.06556	0.02954	0.01458	0.01495	0.03029	0.00686	0.00571	0.00175	0.00692	0.00518	0.00489	0.00911
13	0.83671	0.01125	0.00855	0.00765	0.01125	0.01305	0.00630	0.01709	0.00990	0.02609	0.00810	0.00945	0.00630	0.00540	0.00360	0.00180	0.00450	0.00315	0.00360	0.00630
14	0.01010	0.00505	0.00758	0.00758	0.00758	0.00505	0.00505	0.00758	0.00758	0.01010	0.01010	0.01768	0.01010	0.02020	0.02273	0.83081	0.00505	0.00505	0.00253	0.00253
15	0.01241	0.01171	0.01938	0.46804	0.29522	0.01334	0.01633	0.01691	0.05760	0.01692	0.01137	0.01549	0.00889	0.00572	0.00580	0.00186	0.00726	0.00526	0.00289	0.00761
16	0.01037	0.00974	0.01596	0.63410	0.03448	0.01164	0.03253	0.01388	0.01195	0.01509	0.01841	0.02220	0.13173	0.00727	0.00602	0.00194	0.00701	0.00639	0.00306	0.00624
17	0.01389	0.01214	0.01386	0.13919	0.01925	0.01421	0.01035	0.02825	0.62688	0.02276	0.02146	0.02067	0.01610	0.00755	0.00590	0.00197	0.00512	0.00634	0.00537	0.00875
18	0.01439	0.01382	0.02360	0.03569	0.75936	0.01382	0.01785	0.01785	0.01324	0.01900	0.01094	0.01439	0.00921	0.00518	0.00576	0.00173	0.00691	0.00518	0.00288	0.00921
19	0.01276	0.14216	0.48030	0.01662	0.02370	0.03146	0.13751	0.01812	0.01254	0.01763	0.02672	0.01306	0.00868	0.00562	0.00588	0.00178	0.02999	0.00469	0.00264	0.00813
20	0.01628	0.61433	0.08281	0.01128	0.01619	0.14626	0.01102	0.01845	0.01262	0.01412	0.00841	0.00974	0.00746	0.00518	0.00411	0.00133	0.00710	0.00330	0.00257	0.00743
21	0.00754	0.00596	0.00663	0.00684	0.00830	0.00535	0.00500	0.00933	0.02903	0.01615	0.11434	0.15397	0.44723	0.09805	0.00943	0.00245	0.00347	0.06071	0.00530	0.00492
22	0.00948	0.00854	0.01246	0.01118	0.05021	0.00792	0.12703	0.03971	0.03955	0.01833	0.14009	0.04197	0.41529	0.04288	0.00765	0.00207	0.00455	0.01016	0.00496	0.00598
23	0.14688	0.00827	0.00969	0.09112	0.01365	0.00887	0.00753	0.11186	0.01336	0.01982	0.02424	0.42863	0.05261	0.01304	0.00639	0.00213	0.00447	0.02668	0.00486	0.00591
24	0.01128	0.02621	0.64041	0.01560	0.02300	0.01238	0.01948	0.01736	0.01246	0.01825	0.01380	0.02110	0.01168	0.00727	0.00594	0.00198	0.00806	0.12274	0.00294	0.00806
25	0.00763	0.00545	0.00737	0.00872	0.00930	0.00519	0.00635	0.00904	0.01167	0.01546	0.03175	0.61850	0.03727	0.01770	0.00757	0.00244	0.00385	0.18448	0.00539	0.00487
26	0.01403	0.01345	0.02295	0.11515	0.68274	0.01372	0.01767	0.01753	0.01307	0.01856	0.01087	0.01451	0.00906	0.00525	0.00576	0.00175	0.00700	0.00518	0.00285	0.00892
27	0.02054	0.01821	0.01640	0.01345	0.01746	0.19250	0.01074	0.43661	0.16412	0.02906	0.01468	0.01465	0.01085	0.00693	0.00570	0.00173	0.00700	0.00515	0.00518	0.00903
28	0.16020	0.01012	0.01268	0.00990	0.01425	0.00929	0.00817	0.02648	0.01553	0.64141	0.02049	0.01808	0.01306	0.00690	0.00548	0.00180	0.00487	0.00540	0.00660	0.00930
29	0.00833	0.00613	0.00885	0.00885	0.00972	0.00700	0.00665	0.01007	0.00920	0.01313	0.01603	0.02536	0.01563	0.16803	0.64967	0.00873	0.01393	0.00660	0.00318	0.00492
30	0.02417	0.01033	0.01344	0.01059	0.01489	0.00953	0.00866	0.02876	0.13778	0.64111	0.02306	0.02011	0.01495	0.00731	0.00586	0.00183	0.00489	0.00597	0.00699	0.00978
31	0.00714	0.00576	0.00635	0.00650	0.00809	0.00498	0.00476	0.00875	0.01345	0.01686	0.17329	0.17557	0.51849	0.01482	0.00696	0.00201	0.00298	0.01268	0.00557	0.00498
32	0.02415	0.01226	0.01456	0.01141	0.01565	0.05041	0.00935	0.16593	0.04725	0.52738	0.01995	0.01800	0.01305	0.00723	0.00629	0.00181	0.03361	0.00562	0.00649	0.00958
33	0.01358	0.01299	0.02213	0.21373	0.58768	0.01360	0.01744	0.01713	0.01286	0.01801	0.01079	0.01466	0.00886	0.00533	0.00577	0.00178	0.00711	0.00518	0.00281	0.00855
34	0.00705	0.00520	0.00661	0.00773	0.00834	0.00475	0.00524	0.00814	0.01148	0.01499	0.03649	0.67009	0.15733	0.01764	0.00733	0.00230	0.00330	0.01583	0.00540	0.00475
35	0.01108	0.01044	0.01763	0.75934	0.06157	0.01295	0.01620	0.01495	0.01168	0.01498	0.01035	0.01547	0.00780	0.00580	0.00581	0.00193	0.00773	0.00517	0.00259	0.00654
36	0.01420	0.01404	0.02522	0.05257	0.62070	0.01394	0.13698	0.01790	0.01328	0.01883	0.01106	0.01463	0.00911	0.00515	0.00594	0.00177	0.00741	0.00546	0.00288	0.00892

[dist]
# distance from previous block
# <min> <max>
0	2

[block]
# block no. 3 follows, 40 sequences, length 145
# corresponding to MSA columns:
# 295-345,347-412,456-483
name=unknown_D
#
# <colnr> <probs for GDERKNQSTAVLIFYWHMCP>
#	G	D	E	R	K	N	Q	S	T	A	V	L	I	F	Y	W	H	M	C	P
0	0.03014	0.01284	0.01604	0.01721	0.19280	0.01375	0.01115	0.18632	0.26142	0.10412	0.01886	0.01960	0.03499	0.04595	0.00701	0.00202	0.00560	0.00606	0.00514	0.00898
1	0.79996	0.01136	0.00922	0.00890	0.04467	0.01308	0.00681	0.01713	0.01005	0.02577	0.00822	0.00967	0.00643	0.00539	0.00370	0.00180	0.00461	0.00324	0.00357	0.00643
2	0.00831	0.00623	0.00935	0.00935	0.01038	0.00727	0.00727	0.01038	0.00935	0.01350	0.01558	0.02285	0.01454	0.04361	0.77259	0.00935	0.01558	0.00623	0.00312	0.00519
3	0.02099	0.01574	0.01683	0.01315	0.01761	0.01751	0.01078	0.63676	0.13235	0.03486	0.01537	0.01509	0.01103	0.00711	0.00583	0.00178	0.00614	0.00543	0.00583	0.00979
4	0.01424	0.01388	0.02436	0.05635	0.67481	0.01387	0.08073	0.01783	0.01324	0.01885	0.01099	0.01454	0.00914	0.00518	0.00586	0.00175	0.00719	0.00533	0.00288	0.00901
5	0.01548	0.01672	0.02474	0.02653	0.33971	0.14735	0.23772	0.02017	0.07822	0.01851	0.01196	0.01474	0.00954	0.00547	0.00602	0.00178	0.00823	0.00557	0.00318	0.00836
6	0.03340	0.01327	0.05506	0.02455	0.32668	0.01236	0.21140	0.01701	0.05300	0.01879	0.03617	0.14113	0.01542	0.00756	0.00630	0.00192	0.00690	0.00761	0.00357	0.00791
7	0.00846	0.00564	0.00634	0.00634	0.00634	0.00564	0.00352	0.00846	0.00846	0.01128	0.01832	0.03805	0.02114	0.79563	0.02960	0.00564	0.00564	0.00846	0.00352	0.00352
8	0.00831	0.00623	0.00935	0.00935	0.01038	0.00727	0.00727	0.01038	0.00935	0.01350	0.01558	0.02285	0.01454	0.04361	0.77259	0.00935	0.01558	0.00623	0.00312	0.00519
9	0.01480	0.09603	0.05307	0.10270	0.13030	0.05915	0.07537	0.02079	0.17550	0.09130	0.01888	0.01974	0.08085	0.00710	0.00613	0.00182	0.02833	0.00602	0.00412	0.00801
10	0.01271	0.11464	0.53524	0.01690	0.02431	0.03625	0.12398	0.01835	0.01247	0.01768	0.01025	0.01240	0.00760	0.00551	0.00586	0.00180	0.02871	0.00454	0.00255	0.00825
11	0.02579	0.00996	0.01349	0.01039	0.01485	0.00870	0.00856	0.02841	0.03566	0.74419	0.02296	0.01984	0.01448	0.00722	0.00585	0.00180	0.00494	0.00587	0.00716	0.00988
12	0.00876	0.00636	0.00768	0.00762	0.00888	0.00611	0.00544	0.01174	0.07770	0.03488	0.31678	0.20713	0.13912	0.12335	0.01008	0.00251	0.00353	0.01135	0.00561	0.00538
13	0.04187	0.18915	0.12306	0.07235	0.10377	0.17571	0.07071	0.06514	0.05429	0.01799	0.01170	0.01348	0.02475	0.00585	0.00524	0.00165	0.00771	0.00461	0.00317	0.00778
14	0.00720	0.00534	0.00675	0.00778	0.00853	0.00489	0.00542	0.00844	0.01183	0.01539	0.05648	0.58300	0.18372	0.01723	0.00733	0.00228	0.00338	0.05477	0.00542	0.00482
15	0.00831	0.00622	0.00929	0.00929	0.01031	0.00724	0.00720	0.01035	0.00933	0.01346	0.01563	0.02313	0.01466	0.05747	0.75890	0.00928	0.01539	0.00627	0.00312	0.00516
16	0.01439	0.01382	0.02360	0.03569	0.75936	0.01382	0.01785	0.01785	0.01324	0.01900	0.01094	0.01439	0.00921	0.00518	0.00576	0.00173	0.00691	0.00518	0.00288	0.00921
17	0.01190	0.02857	0.69259	0.01786	0.05826	0.01358	0.06030	0.01840	0.01240	0.01845	0.01053	0.01256	0.00753	0.00548	0.00561	0.00184	0.00858	0.00448	0.00250	0.00858
18	0.00710	0.00590	0.00621	0.00613	0.00800	0.00501	0.00460	0.00879	0.01380	0.01700	0.17700	0.05384	0.63810	0.01425	0.00687	0.00194	0.00291	0.01198	0.00557	0.00501
19	0.02173	0.02744	0.01650	0.01494	0.01798	0.75407	0.01123	0.04053	0.01674	0.01477	0.00911	0.01057	0.00755	0.00602	0.00526	0.00150	0.01039	0.00378	0.00306	0.00682
20	0.01450	0.01287	0.01329	0.01204	0.03157	0.07900	0.02935	0.06540	0.45314	0.04107	0.05786	0.02521	0.10269	0.02751	0.00660	0.00199	0.00518	0.00709	0.00544	0.00821
21	0.01002	0.00738	0.01193	0.01104	0.01264	0.00702	0.11652	0.01185	0.01218	0.08112	0.04789	0.53667	0.03132	0.01477	0.00753	0.00225	0.02586	0.04113	0.00513	0.00574
22	0.00837	0.00615	0.00811	0.00917	0.01039	0.00589	0.00748	0.01045	0.01291	0.01665	0.05353	0.23305	0.16203	0.01623	0.00766	0.00246	0.00441	0.41453	0.00540	0.00513
23	0.02599	0.01006	0.01360	0.01043	0.01493	0.00879	0.00861	0.04684	0.01692	0.74449	0.02271	0.01964	0.01428	0.00719	0.00585	0.00180	0.00499	0.00583	0.00716	0.00990
24	0.01954	0.05473	0.01789	0.03527	0.05315	0.46607	0.04241	0.02220	0.05437	0.08060	0.01106	0.01262	0.00880	0.00651	0.00684	0.00169	0.09109	0.00443	0.00343	0.00730
25	0.79056	0.01137	0.00905	0.02893	0.01223	0.01319	0.00670	0.03800	0.01045	0.02609	0.00833	0.00974	0.00644	0.00546	0.00372	0.00180	0.00464	0.00326	0.00364	0.00641
26	0.07941	0.68041	0.04214	0.01004	0.01492	0.04112	0.00988	0.01788	0.01194	0.03649	0.00859	0.00973	0.00757	0.00511	0.00386	0.00132	0.00621	0.00323	0.00272	0.00745
27	0.01343	0.01258	0.01982	0.15516	0.47031	0.01330	0.01535	0.01908	0.13940	0.01904	0.01561	0.01807	0.05068	0.00627	0.00585	0.00182	0.00644	0.00580	0.00349	0.00852
28	0.07812	0.01385	0.01569	0.04305	0.12974	0.04772	0.01101	0.18545	0.30922	0.07922	0.01723	0.01710	0.01279	0.00688	0.00566	0.00184	0.00574	0.00558	0.00511	0.00899
29	0.01977	0.01441	0.02946	0.01242	0.01668	0.01531	0.01022	0.44726	0.17808	0.10933	0.01754	0.04816	0.01313	0.00755	0.00585	0.00180	0.00571	0.00598	0.00583	0.03550
30	0.00707	0.00514	0.00667	0.00789	0.00838	0.00474	0.00531	0.00812	0.01133	0.01493	0.03456	0.72309	0.10559	0.01789	0.00737	0.00232	0.00333	0.01613	0.00540	0.00474
31	0.01098	0.01034	0.01744	0.78165	0.04005	0.01292	0.01615	0.01486	0.01163	0.01486	0.01034	0.01550	0.00775	0.00581	0.00581	0.00194	0.00775	0.00517	0.00258	0.00646
32	0.01433	0.01398	0.02454	0.03472	0.69567	0.01389	0.08078	0.01792	0.01328	0.01897	0.01101	0.01451	0.00918	0.00516	0.00585	0.00175	0.00716	0.00533	0.00288	0.00909
33	0.01658	0.01048	0.01158	0.01009	0.01281	0.07973	0.00791	0.08280	0.01559	0.26061	0.10229	0.15313	0.08500	0.02716	0.00740	0.00201	0.03981	0.04214	0.00569	0.02720
34	0.00815	0.00588	0.00771	0.00748	0.00875	0.00544	0.00558	0.01072	0.01585	0.02233	0.66598	0.11811	0.05270	0.01262	0.00694	0.00190	0.00287	0.02931	0.00628	0.00541
35	0.01446	0.01249	0.01315	0.01183	0.01512	0.01446	0.00920	0.03090	0.74885	0.02433	0.02367	0.02170	0.01775	0.00789	0.00592	0.00197	0.00460	0.00657	0.00592	0.00920
36	0.01221	0.13847	0.66190	0.01564	0.02373	0.01484	0.01986	0.01827	0.01221	0.01775	0.01010	0.01186	0.00738	0.00545	0.00527	0.00176	0.00826	0.00413	0.00246	0.00843
37	0.01583	0.01720	0.01974	0.19568	0.27757	0.24076	0.03381	0.03492	0.01382	0.01662	0.01004	0.01336	0.00824	0.00601	0.00675	0.00178	0.07259	0.00479	0.00289	0.00759
38	0.00927	0.00663	0.00923	0.01041	0.01175	0.00659	0.00903	0.01195	0.01366	0.01792	0.09417	0.06366	0.03534	0.01570	0.00793	0.00260	0.00513	0.65822	0.00545	0.00537
39	0.00878	0.00683	0.00962	0.00942	0.01007	0.00806	0.00709	0.01028	0.00928	0.01327	0.01654	0.09158	0.01699	0.17678	0.47394	0.00720	0.10857	0.00740	0.00332	0.00499
40	0.02144	0.01596	0.01708	0.01324	0.01778	0.01772	0.01089	0.67802	0.09037	0.03557	0.01481	0.01464	0.01058	0.00706	0.00583	0.00177	0.00624	0.00535	0.00583	0.00983
41	0.02123	0.01158	0.04612	0.01095	0.01519	0.01062	0.00921	0.05946	0.21558	0.46268	0.02387	0.02141	0.04953	0.00765	0.00590	0.00185	0.00498	0.00625	0.00650	0.00942
42	0.00734	0.00532	0.00698	0.00818	0.00878	0.00497	0.00575	0.00861	0.01167	0.01538	0.05061	0.63657	0.09725	0.01756	0.00743	0.00235	0.00354	0.09148	0.00542	0.00482
43	0.01439	0.01382	0.02360	0.03569	0.75936	0.01382	0.01785	0.01785	0.01324	0.01900	0.01094	0.01439	0.00921	0.00518	0.00576	0.00173	0.00691	0.00518	0.00288	0.00921
44	0.02109	0.02625	0.01712	0.01676	0.08274	0.68969	0.01181	0.03827	0.01643	0.01513	0.00927	0.01090	0.00769	0.00594	0.00530	0.00152	0.01009	0.00390	0.00305	0.00703
45	0.04872	0.06714	0.69545	0.01585	0.02404	0.01395	0.02024	0.01831	0.01215	0.01853	0.01022	0.01201	0.00732	0.00549	0.00535	0.00181	0.00829	0.00419	0.00251	0.00844
46	0.00694	0.00563	0.00616	0.00659	0.00804	0.00485	0.00473	0.00827	0.01259	0.01544	0.05045	0.28785	0.53058	0.01583	0.00705	0.00209	0.00308	0.01361	0.00540	0.00485
47	0.01439	0.01382	0.02360	0.03569	0.75936	0.01382	0.01785	0.01785	0.01324	0.01900	0.01094	0.01439	0.00921	0.00518	0.00576	0.00173	0.00691	0.00518	0.00288	0.00921
48	0.01255	0.01321	0.02601	0.19329	0.07597	0.01372	0.39978	0.01652	0.01257	0.01708	0.01242	0.04833	0.01046	0.00741	0.02777	0.00222	0.07666	0.02383	0.00299	0.00723
49	0.01098	0.01034	0.01744	0.78165	0.04005	0.01292	0.01615	0.01486	0.01163	0.01486	0.01034	0.01550	0.00775	0.00581	0.00581	0.00194	0.00775	0.00517	0.00258	0.00646
50	0.01193	0.02822	0.67106	0.01760	0.02584	0.01366	0.11406	0.01844	0.01246	0.01844	0.01061	0.01272	0.00755	0.00544	0.00570	0.00186	0.00875	0.00463	0.00252	0.00850
51	0.02111	0.01447	0.01596	0.01253	0.01676	0.01567	0.01022	0.57746	0.03911	0.12065	0.01680	0.08276	0.01308	0.00801	0.00596	0.00181	0.00593	0.00632	0.00595	0.00943
52	0.01218	0.00801	0.01128	0.02912	0.09591	0.00773	0.00919	0.02936	0.01467	0.12571	0.17119	0.04599	0.09379	0.01224	0.00704	0.00218	0.00482	0.30752	0.00550	0.00654
53	0.01010	0.00505	0.00758	0.00758	0.00758	0.00505	0.00505	0.00758	0.00758	0.01010	0.01010	0.01768	0.01010	0.02020	0.02273	0.83081	0.00505	0.00505	0.00253	0.00253
54	0.05230	0.08061	0.01759	0.01340	0.04841	0.09084	0.01059	0.41133	0.02106	0.09284	0.01295	0.01340	0.00951	0.00648	0.00577	0.00164	0.02903	0.00474	0.00489	0.07259
55	0.07890	0.01503	0.03675	0.10630	0.16583	0.03212	0.02614	0.35884	0.07637	0.02765	0.01303	0.01440	0.00971	0.00635	0.00565	0.00179	0.00658	0.00514	0.00451	0.00890
56	0.00816	0.00594	0.00767	0.00724	0.00864	0.00546	0.00543	0.01084	0.01629	0.02292	0.71986	0.04409	0.09155	0.01204	0.00686	0.00184	0.00275	0.01061	0.00635	0.00546
57	0.01103	0.01015	0.01222	0.01138	0.01247	0.08701	0.00902	0.03122	0.01042	0.01428	0.01304	0.01904	0.01212	0.03119	0.50230	0.00680	0.19183	0.00569	0.00304	0.00574
58	0.00995	0.00505	0.00753	0.00760	0.00762	0.00503	0.00507	0.00760	0.00775	0.01034	0.01120	0.05643	0.01152	0.02010	0.02196	0.78934	0.00497	0.00563	0.00267	0.00264
59	0.01176	0.04940	0.74703	0.01641	0.02491	0.01374	0.02120	0.01839	0.01227	0.01830	0.01038	0.01220	0.00737	0.00551	0.00548	0.00183	0.00853	0.00427	0.00246	0.00857
60	0.00789	0.00563	0.00767	0.00901	0.00970	0.00541	0.00679	0.00948	0.01192	0.01574	0.03161	0.53738	0.03671	0.01746	0.00764	0.00247	0.00407	0.26308	0.00538	0.00494
61	0.00767	0.00592	0.00700	0.00673	0.00834	0.00525	0.00505	0.00989	0.01514	0.02017	0.46800	0.04862	0.34512	0.01306	0.00686	0.00188	0.00283	0.01124	0.00599	0.00525
62	0.10104	0.02690	0.64707	0.01525	0.02296	0.01310	0.01917	0.01794	0.01214	0.01933	0.02693	0.01405	0.00897	0.00593	0.00541	0.00186	0.00794	0.02309	0.00274	0.00819
63	0.01206	0.01034	0.01206	0.00861	0.01378	0.00775	0.00689	0.01464	0.01206	0.01895	0.01034	0.01206	0.00861	0.00431	0.00431	0.00086	0.00431	0.00345	0.00345	0.83118
64	0.01147	0.00681	0.00852	0.00771	0.00990	0.00596	0.00588	0.01360	0.01489	0.16694	0.32174	0.12691	0.21625	0.01205	0.00661	0.00187	0.00337	0.01040	0.00606	0.04303
65	0.00876	0.00751	0.02947	0.01023	0.07512	0.00656	0.02603	0.01150	0.01542	0.02133	0.52699	0.04160	0.17428	0.01146	0.00673	0.00185	0.00348	0.01011	0.00572	0.00585
66	0.01625	0.01408	0.02011	0.08618	0.41598	0.02960	0.01486	0.22699	0.03124	0.02379	0.01286	0.01644	0.01042	0.00625	0.00582	0.00178	0.00671	0.03149	0.02023	0.00892
67	0.00733	0.00598	0.00652	0.00659	0.00840	0.00518	0.00508	0.00911	0.01375	0.01703	0.16113	0.05505	0.57836	0.01443	0.00699	0.00202	0.00316	0.08330	0.00555	0.00504
68	0.01127	0.01063	0.01796	0.71919	0.10028	0.01300	0.01629	0.01511	0.01176	0.01520	0.01039	0.01541	0.00787	0.00576	0.00581	0.00192	0.00768	0.00517	0.00261	0.00669
69	0.01446	0.01249	0.01315	0.01183	0.01512	0.01446	0.00920	0.03090	0.74885	0.02433	0.02367	0.02170	0.01775	0.00789	0.00592	0.00197	0.00460	0.00657	0.00592	0.00920
70	0.00709	0.00506	0.00675	0.00810	0.00843	0.00472	0.00540	0.00810	0.01113	0.01484	0.03205	0.79184	0.03846	0.01822	0.00742	0.00236	0.00337	0.01653	0.00540	0.00472
71	0.01148	0.01130	0.02049	0.64478	0.03831	0.01324	0.14669	0.01554	0.01201	0.01554	0.01059	0.01554	0.00795	0.00565	0.00600	0.00194	0.00812	0.00547	0.00265	0.00671
72	0.09690	0.01001	0.01306	0.01011	0.01453	0.00894	0.00835	0.02736	0.01605	0.69897	0.02165	0.01889	0.01369	0.00704	0.00565	0.00180	0.00491	0.00561	0.00688	0.00958
73	0.01098	0.01034	0.01744	0.78165	0.04005	0.01292	0.01615	0.01486	0.01163	0.01486	0.01034	0.01550	0.00775	0.00581	0.00581	0.00194	0.00775	0.00517	0.00258	0.00646
74	0.00790	0.00565	0.00768	0.00898	0.00969	0.00542	0.00677	0.00954	0.01205	0.01595	0.05069	0.52173	0.03717	0.01731	0.00762	0.00246	0.00404	0.25899	0.00541	0.00496
75	0.00687	0.00589	0.00589	0.00589	0.00785	0.00491	0.00442	0.00835	0.01325	0.01571	0.05891	0.05596	0.75700	0.01473	0.00687	0.00196	0.00295	0.01227	0.00540	0.00491
76	0.72601	0.01125	0.00934	0.00810	0.01183	0.01271	0.00668	0.03927	0.01113	0.10560	0.00986	0.01069	0.00727	0.00564	0.00390	0.00180	0.00460	0.00350	0.00405	0.00679
77	0.00790	0.00604	0.00729	0.00729	0.00870	0.00557	0.00534	0.01056	0.04722	0.01956	0.38518	0.19914	0.24120	0.01378	0.00694	0.00198	0.00301	0.01205	0.00590	0.00534
78	0.01555	0.79913	0.03047	0.00995	0.01493	0.02301	0.00995	0.01741	0.01182	0.01368	0.00808	0.00933	0.00746	0.00498	0.00373	0.00124	0.00622	0.00311	0.00249	0.00746
79	0.01268	0.01226	0.02136	0.38241	0.34008	0.01332	0.07970	0.01643	0.01250	0.01703	0.01071	0.01496	0.00848	0.00543	0.00584	0.00182	0.00749	0.00528	0.00276	0.02946
80	0.01878	0.07240	0.01849	0.01854	0.17484	0.42237	0.01227	0.05635	0.11714	0.01765	0.01160	0.01295	0.00938	0.00606	0.00537	0.00161	0.00844	0.00447	0.00347	0.00780
81	0.01622	0.71562	0.02896	0.01049	0.01526	0.10412	0.01009	0.01804	0.01232	0.01374	0.00818	0.00945	0.00747	0.00509	0.00390	0.00127	0.00668	0.00318	0.00254	0.00738
82	0.00738	0.00536	0.00702	0.00817	0.00881	0.00500	0.00577	0.00870	0.01181	0.01558	0.06478	0.60872	0.10416	0.01738	0.00742	0.00234	0.00354	0.09777	0.00544	0.00485
83	0.01812	0.32830	0.07176	0.01447	0.07620	0.23539	0.01189	0.14572	0.01601	0.01859	0.00975	0.01107	0.00803	0.00567	0.00481	0.00148	0.00768	0.00391	0.00325	0.00789
84	0.01440	0.01370	0.02269	0.03361	0.69434	0.01387	0.01709	0.01899	0.07750	0.01946	0.01205	0.01503	0.00996	0.00542	0.00577	0.00175	0.00671	0.00530	0.00314	0.00921
85	0.03559	0.00887	0.01132	0.00930	0.01250	0.00825	0.00741	0.06580	0.04299	0.38777	0.27194	0.02859	0.04408	0.03044	0.00681	0.00192	0.00424	0.00758	0.00658	0.00802
86	0.00846	0.00564	0.00634	0.00634	0.00634	0.00564	0.00352	0.00846	0.00846	0.01128	0.01832	0.03805	0.02114	0.79563	0.02960	0.00564	0.00564	0.00846	0.00352	0.00352
87	0.00891	0.00628	0.00707	0.00675	0.00879	0.00543	0.00517	0.01073	0.01408	0.08246	0.18586	0.05004	0.52488	0.01415	0.02215	0.00209	0.00340	0.03057	0.00570	0.00547
88	0.01373	0.01569	0.03431	0.02451	0.03039	0.01471	0.73824	0.01863	0.01373	0.01863	0.01176	0.01569	0.00882	0.00490	0.00686	0.00196	0.00980	0.00686	0.00294	0.00784
89	0.00714	0.00512	0.00679	0.00811	0.00851	0.00478	0.00548	0.00821	0.01125	0.01493	0.03273	0.75360	0.05726	0.01807	0.00742	0.00236	0.00341	0.03469	0.00540	0.00474
90	0.01443	0.01263	0.01409	0.01240	0.01580	0.01447	0.04178	0.03035	0.71600	0.02407	0.02314	0.02143	0.01735	0.00776	0.00596	0.00197	0.00483	0.00659	0.00578	0.00914
91	0.00710	0.00516	0.00670	0.00787	0.00839	0.00476	0.00531	0.00820	0.01148	0.01516	0.05492	0.70336	0.10472	0.01772	0.00736	0.00231	0.00332	0.01597	0.00543	0.00476
92	0.01160	0.02836	0.70015	0.08341	0.02647	0.01345	0.02102	0.01811	0.01222	0.01811	0.01043	0.01256	0.00740	0.00555	0.00555	0.00185	0.00852	0.00437	0.00247	0.00841
93	0.00805	0.00570	0.00623	0.00623	0.00673	0.00545	0.00375	0.00843	0.00969	0.01241	0.02874	0.04265	0.21001	0.59520	0.02377	0.00469	0.00495	0.00944	0.00401	0.00388
94	0.00762	0.00556	0.00720	0.00795	0.00872	0.00523	0.00556	0.00954	0.03183	0.01741	0.22336	0.52757	0.07375	0.01609	0.00722	0.00220	0.00326	0.02921	0.00567	0.00506
95	0.01922	0.01254	0.01411	0.01173	0.01563	0.01355	0.00940	0.17319	0.40100	0.23104	0.02151	0.01961	0.01524	0.00752	0.00588	0.00188	0.00506	0.00610	0.00625	0.00953
96	0.01440	0.01370	0.02269	0.03361	0.69434	0.01387	0.01709	0.01899	0.07750	0.01946	0.01205	0.01503	0.00996	0.00542	0.00577	0.00175	0.00671	0.00530	0.00314	0.00921
97	0.01368	0.01603	0.05197	0.02432	0.03027	0.01468	0.72093	0.01862	0.01369	0.01862	0.01173	0.01560	0.00879	0.00492	0.00683	0.00196	0.00977	0.00680	0.00293	0.00786
98	0.01509	0.01293	0.02171	0.13869	0.58260	0.01316	0.01667	0.01848	0.01336	0.09338	0.01206	0.01509	0.00953	0.00547	0.00577	0.00176	0.00683	0.00525	0.00327	0.00889
99	0.00979	0.00786	0.00736	0.00721	0.00751	0.08285	0.00430	0.00994	0.00926	0.01157	0.01738	0.03528	0.01977	0.71611	0.02715	0.00522	0.00613	0.00798	0.00347	0.00385
100	0.01327	0.02496	0.58803	0.01501	0.02229	0.01221	0.01831	0.01894	0.01257	0.11829	0.01264	0.01435	0.00904	0.00959	0.08282	0.00259	0.00881	0.00470	0.00316	0.00843
101	0.02419	0.00966	0.01302	0.01012	0.01431	0.00849	0.00830	0.04509	0.01690	0.66996	0.09656	0.02202	0.01835	0.00766	0.00595	0.00180	0.00476	0.00630	0.00708	0.00945
102	0.00869	0.00664	0.00962	0.00927	0.01073	0.00732	0.00723	0.01081	0.00962	0.01405	0.01505	0.02176	0.01394	0.03966	0.69521	0.00849	0.01444	0.00595	0.00315	0.08838
103	0.01591	0.56682	0.02532	0.01076	0.01487	0.16913	0.00975	0.01762	0.01267	0.01391	0.01068	0.08836	0.01059	0.00651	0.00440	0.00141	0.00678	0.00459	0.00288	0.00704
104	0.06980	0.01351	0.01559	0.01380	0.08071	0.01441	0.01028	0.43066	0.03642	0.13132	0.08995	0.03643	0.01560	0.00754	0.00583	0.00178	0.00565	0.00602	0.00566	0.00903
105	0.02896	0.01457	0.03774	0.04964	0.48631	0.07847	0.07859	0.03701	0.01361	0.01862	0.01297	0.09235	0.01186	0.00662	0.00594	0.00180	0.00712	0.00629	0.00322	0.00830
106	0.73199	0.03133	0.00881	0.00748	0.01089	0.01254	0.00617	0.01675	0.01018	0.02532	0.00919	0.01068	0.00720	0.00553	0.00365	0.00174	0.00436	0.00338	0.08659	0.00624
107	0.01884	0.01550	0.09545	0.09168	0.08378	0.11754	0.01192	0.11383	0.05127	0.24590	0.05957	0.01759	0.01356	0.00681	0.00573	0.00176	0.00654	0.00548	0.02878	0.00849
108	0.00954	0.00708	0.00865	0.00793	0.00975	0.00671	0.00600	0.08399	0.01647	0.02282	0.50264	0.12147	0.11394	0.01201	0.00670	0.00185	0.00327	0.01049	0.00601	0.04269
109	0.00835	0.00591	0.00764	0.00737	0.00872	0.00542	0.00547	0.01079	0.01562	0.03612	0.60975	0.13314	0.09834	0.01274	0.00691	0.00190	0.00287	0.01126	0.00623	0.00544
110	0.02356	0.01246	0.01586	0.01393	0.09091	0.01230	0.01033	0.26901	0.01994	0.44155	0.01868	0.01727	0.01234	0.00692	0.00583	0.00177	0.00564	0.00557	0.00629	0.00983
111	0.75372	0.01139	0.00948	0.00841	0.01165	0.01353	0.00694	0.01678	0.00980	0.02487	0.00805	0.00978	0.00643	0.00588	0.00516	0.00187	0.08310	0.00334	0.00349	0.00630
112	0.01522	0.68284	0.02769	0.01026	0.01478	0.05680	0.00995	0.01715	0.01219	0.01408	0.01041	0.01505	0.01008	0.00614	0.00424	0.00140	0.00633	0.07536	0.00280	0.00722
113	0.01334	0.01236	0.01930	0.15841	0.45533	0.03155	0.01483	0.01651	0.01303	0.03736	0.01588	0.01861	0.08431	0.00625	0.00574	0.00171	0.00647	0.00572	0.00325	0.08006
114	0.01754	0.08032	0.10445	0.01592	0.06204	0.17541	0.08545	0.19764	0.16123	0.02282	0.01356	0.01439	0.01030	0.00632	0.00562	0.00173	0.00752	0.00507	0.00414	0.00851
115	0.01439	0.01382	0.02360	0.03569	0.75936	0.01382	0.01785	0.01785	0.01324	0.01900	0.01094	0.01439	0.00921	0.00518	0.00576	0.00173	0.00691	0.00518	0.00288	0.00921
116	0.01132	0.02765	0.68919	0.01564	0.02351	0.01270	0.01987	0.01767	0.01270	0.01891	0.08555	0.01542	0.01215	0.00617	0.00566	0.00184	0.00801	0.00492	0.00285	0.00828
117	0.00950	0.00691	0.00862	0.00797	0.00959	0.00667	0.00602	0.08408	0.01703	0.02377	0.60408	0.10610	0.06318	0.01200	0.00680	0.00187	0.00317	0.01055	0.00623	0.00585
118	0.00803	0.00618	0.00854	0.00916	0.01000	0.00602	0.03848	0.01056	0.07570	0.01584	0.03041	0.68988	0.03533	0.01672	0.00727	0.00231	0.00377	0.01523	0.00533	0.00525
119	0.00812	0.00586	0.00767	0.00739	0.00866	0.00541	0.00548	0.01068	0.01592	0.02247	0.68335	0.11881	0.05322	0.01253	0.00692	0.00188	0.00281	0.01112	0.00630	0.00541
120	0.01173	0.01266	0.08331	0.50900	0.15950	0.01260	0.01597	0.01566	0.01200	0.01629	0.01045	0.01468	0.00806	0.00553	0.00563	0.00178	0.00733	0.00492	0.00271	0.09017
121	0.01531	0.70278	0.10418	0.01070	0.01603	0.02193	0.01114	0.03496	0.01224	0.01471	0.00846	0.00974	0.00751	0.00508	0.00396	0.00132	0.00646	0.00328	0.00256	0.00764
122	0.00691	0.00589	0.00595	0.00593	0.00788	0.00493	0.00445	0.00842	0.01335	0.01593	0.07913	0.05560	0.73663	0.01465	0.00687	0.00196	0.00294	0.01222	0.00543	0.00493
123	0.01053	0.00593	0.00919	0.01041	0.08329	0.00593	0.00634	0.00861	0.00815	0.01100	0.01019	0.01735	0.01001	0.01869	0.02102	0.74731	0.00524	0.00506	0.00256	0.00320
124	0.00809	0.00585	0.00764	0.00737	0.00865	0.00540	0.00546	0.01064	0.01587	0.02233	0.67091	0.11903	0.06574	0.01258	0.00692	0.00189	0.00281	0.01115	0.00628	0.00540
125	0.00871	0.00611	0.00746	0.08442	0.00974	0.00637	0.00480	0.00910	0.00878	0.01164	0.01752	0.03578	0.01979	0.71609	0.02720	0.00527	0.00585	0.00813	0.00343	0.00382
126	0.01159	0.02809	0.69016	0.09362	0.02667	0.01345	0.02095	0.01806	0.01221	0.01806	0.01043	0.01260	0.00741	0.00555	0.00555	0.00185	0.00851	0.00438	0.00247	0.00838
127	0.01255	0.01159	0.01929	0.28178	0.42135	0.01246	0.01545	0.01578	0.01219	0.01691	0.01171	0.01735	0.01008	0.08504	0.00813	0.00218	0.00694	0.00551	0.02609	0.00761
128	0.01986	0.01511	0.01785	0.01382	0.01815	0.01640	0.07401	0.60324	0.02452	0.03288	0.01559	0.09245	0.01267	0.00793	0.00607	0.00183	0.00639	0.00652	0.00552	0.00919
129	0.00905	0.00676	0.00863	0.00898	0.01013	0.00664	0.02202	0.08276	0.02785	0.01745	0.03152	0.55139	0.09652	0.03736	0.00781	0.00236	0.00399	0.05802	0.00534	0.00542
130	0.00962	0.00661	0.00753	0.00713	0.00770	0.00675	0.00447	0.07266	0.01093	0.01476	0.09219	0.03611	0.02339	0.62891	0.04390	0.00501	0.00566	0.00833	0.00400	0.00432
131	0.01290	0.01270	0.01734	0.01492	0.01525	0.01747	0.01237	0.01570	0.08342	0.01504	0.00925	0.01363	0.00865	0.00995	0.01776	0.00249	0.70640	0.00524	0.00288	0.00665
132	0.01440	0.02612	0.03088	0.02590	0.03398	0.01138	0.02798	0.15449	0.11009	0.02281	0.01276	0.01384	0.00999	0.00538	0.00495	0.00127	0.00514	0.00437	0.00413	0.48015
133	0.66956	0.01429	0.10937	0.01025	0.04599	0.03385	0.00894	0.01747	0.01054	0.02444	0.00855	0.01007	0.00660	0.00542	0.00399	0.00179	0.00531	0.00341	0.00340	0.00674
134	0.02217	0.00983	0.01267	0.01012	0.01382	0.00908	0.00807	0.11172	0.01665	0.53325	0.02217	0.08836	0.01663	0.08754	0.00837	0.00223	0.00506	0.00697	0.00650	0.00880
135	0.00978	0.08673	0.02809	0.08989	0.01406	0.00983	0.00857	0.02546	0.01039	0.01438	0.01570	0.09831	0.01543	0.07878	0.41067	0.00605	0.04536	0.00686	0.02003	0.00561
136	0.01053	0.00593	0.00919	0.01041	0.08329	0.00593	0.00634	0.00861	0.00815	0.01100	0.01019	0.01735	0.01001	0.01869	0.02102	0.74731	0.00524	0.00506	0.00256	0.00320
137	0.01236	0.01239	0.01788	0.63928	0.10067	0.08947	0.01580	0.01596	0.01226	0.01516	0.01025	0.01490	0.00785	0.00578	0.00575	0.00188	0.00795	0.00503	0.00265	0.00673
138	0.00728	0.00521	0.00692	0.00796	0.00848	0.00485	0.00541	0.00858	0.01204	0.01628	0.15469	0.66510	0.04124	0.01715	0.00733	0.00227	0.00327	0.01551	0.00557	0.00485
139	0.01197	0.00651	0.00663	0.00622	0.00791	0.00669	0.00477	0.08671	0.01372	0.02319	0.01847	0.02090	0.01440	0.00680	0.00424	0.00139	0.00308	0.00540	0.74512	0.00587
140	0.63518	0.01048	0.00905	0.00791	0.01128	0.01164	0.00635	0.01786	0.01073	0.13203	0.01129	0.01384	0.00897	0.08524	0.00654	0.00219	0.00468	0.00408	0.00412	0.00654
141	0.01077	0.01021	0.01718	0.65167	0.05376	0.01221	0.04728	0.01444	0.01192	0.01521	0.01531	0.01956	0.08329	0.00666	0.00597	0.00194	0.00734	0.00596	0.00289	0.00643
142	0.00694	0.00561	0.00618	0.00663	0.00805	0.00485	0.00475	0.00826	0.01255	0.01542	0.04995	0.30159	0.51716	0.01589	0.00706	0.00210	0.00309	0.01369	0.00540	0.00485
143	0.09946	0.01404	0.03046	0.01756	0.20020	0.02856	0.01159	0.22792	0.17353	0.04165	0.03240	0.01587	0.01203	0.00646	0.00551	0.00173	0.00581	0.00527	0.00465	0.06529
144	0.00848	0.00633	0.00822	0.00806	0.00952	0.00576	0.01863	0.01073	0.02917	0.01870	0.27506	0.35787	0.05344	0.02805	0.00710	0.00201	0.00341	0.01193	0.04221	0.09530

[dist]
# distance from previous block
# <min> <max>
0	20

# created by:
# /st0/software/busco_prod/Augustus/scripts/msa2prfl.pl ./align_prep/149386.fa
