[name]
unknown

[dist]
# distance from previous block
# <min> <max>
3	115

[block]
# block no. 0 follows, 43 sequences, length 8
# corresponding to MSA columns:
# 159-166
name=unknown_A
#
# <colnr> <probs for GDERKNQSTAVLIFYWHMCP>
#	G	D	E	R	K	N	Q	S	T	A	V	L	I	F	Y	W	H	M	C	P
0	0.04111	0.01225	0.05562	0.03579	0.04090	0.01222	0.00950	0.18396	0.27188	0.09789	0.02021	0.10038	0.04669	0.00808	0.00564	0.00179	0.00497	0.00671	0.00512	0.03929
1	0.08298	0.05846	0.09775	0.03289	0.01792	0.01444	0.13015	0.01857	0.13676	0.07339	0.01211	0.01429	0.00955	0.00779	0.02642	0.00212	0.24863	0.00510	0.00344	0.00724
2	0.01669	0.09571	0.01521	0.04017	0.01553	0.01442	0.00920	0.28919	0.24628	0.08854	0.01966	0.01897	0.07251	0.00727	0.00541	0.00170	0.00514	0.00575	0.02427	0.00838
3	0.00892	0.00597	0.00707	0.00690	0.00867	0.00524	0.00525	0.01067	0.01337	0.09608	0.20175	0.14374	0.39494	0.01320	0.00658	0.00192	0.00316	0.05578	0.00553	0.00530
4	0.01527	0.01784	0.21642	0.01322	0.03779	0.10171	0.01225	0.08802	0.28265	0.09279	0.05307	0.01705	0.01370	0.00668	0.00549	0.00175	0.00620	0.00534	0.00449	0.00829
5	0.00855	0.00735	0.00780	0.00799	0.00931	0.07001	0.00568	0.01000	0.01207	0.01578	0.13848	0.46650	0.10533	0.01377	0.00645	0.00192	0.00374	0.01217	0.00490	0.09219
6	0.01277	0.01193	0.07645	0.00972	0.01481	0.00884	0.02977	0.05688	0.03860	0.05638	0.01112	0.01239	0.00875	0.00461	0.00448	0.00106	0.00475	0.00376	0.00357	0.62936
7	0.20420	0.01339	0.01416	0.01284	0.07787	0.07000	0.02924	0.25449	0.08882	0.11793	0.03200	0.01445	0.01083	0.00626	0.00504	0.00168	0.00558	0.00480	0.02836	0.00804

[dist]
# distance from previous block
# <min> <max>
0	5

[block]
# block no. 1 follows, 43 sequences, length 35
# corresponding to MSA columns:
# 172-206
name=unknown_B
#
# <colnr> <probs for GDERKNQSTAVLIFYWHMCP>
#	G	D	E	R	K	N	Q	S	T	A	V	L	I	F	Y	W	H	M	C	P
0	0.14620	0.08313	0.20182	0.04135	0.02058	0.04575	0.20175	0.01860	0.01235	0.13406	0.01164	0.01331	0.00848	0.00646	0.02957	0.00194	0.00740	0.00474	0.00337	0.00751
1	0.04544	0.01006	0.01203	0.00915	0.01331	0.00883	0.00737	0.05222	0.02684	0.15154	0.01299	0.04668	0.01046	0.00576	0.00552	0.00124	0.05812	0.00445	0.00409	0.51393
2	0.00794	0.00580	0.00733	0.00702	0.00825	0.00546	0.00514	0.01064	0.04026	0.02053	0.60735	0.08236	0.08232	0.07530	0.00827	0.00207	0.00294	0.01012	0.00576	0.00513
3	0.01210	0.01508	0.16385	0.10600	0.03685	0.02561	0.17982	0.05442	0.07932	0.01800	0.03028	0.08496	0.01221	0.00695	0.00688	0.00181	0.07779	0.00616	0.00336	0.07854
4	0.00724	0.00564	0.00658	0.00634	0.00791	0.00497	0.00476	0.00930	0.01427	0.01887	0.44008	0.04686	0.38215	0.01257	0.00654	0.00180	0.00270	0.01079	0.00566	0.00497
5	0.00980	0.02023	0.00928	0.07478	0.01170	0.00715	0.00653	0.07223	0.01523	0.04969	0.47918	0.06257	0.09201	0.05627	0.00755	0.00197	0.00364	0.00909	0.00545	0.00567
6	0.18363	0.00967	0.01194	0.00936	0.01347	0.00897	0.00773	0.02492	0.01461	0.62940	0.01911	0.01694	0.01222	0.00652	0.00515	0.00171	0.00463	0.00507	0.00619	0.00876
7	0.11142	0.00926	0.01175	0.00932	0.01316	0.00850	0.00762	0.02417	0.04260	0.58629	0.09911	0.02023	0.01706	0.00717	0.00544	0.00172	0.00443	0.00579	0.00636	0.00859
8	0.01433	0.07860	0.01365	0.03361	0.01440	0.00951	0.00757	0.05511	0.02438	0.13464	0.01188	0.01273	0.00913	0.00481	0.00442	0.00108	0.00456	0.00379	0.00388	0.55792
9	0.78026	0.01121	0.00861	0.00764	0.01108	0.03964	0.00626	0.01694	0.00992	0.05641	0.00834	0.00945	0.00637	0.00523	0.00357	0.00170	0.00451	0.00313	0.00355	0.00616
10	0.00724	0.00540	0.00676	0.00704	0.00815	0.00491	0.00512	0.00905	0.01325	0.01779	0.34560	0.29508	0.19909	0.01403	0.00675	0.00197	0.00294	0.03941	0.00554	0.00486
11	0.01871	0.01425	0.01533	0.01199	0.01624	0.01551	0.00978	0.54203	0.15840	0.03097	0.01461	0.01445	0.01065	0.00654	0.00540	0.00161	0.00557	0.00504	0.00532	0.09759
12	0.02743	0.23422	0.28616	0.01274	0.01820	0.04314	0.01352	0.14549	0.03757	0.04482	0.01046	0.01165	0.00803	0.00574	0.00560	0.00159	0.05552	0.00405	0.00323	0.03085
13	0.01854	0.01342	0.03838	0.01154	0.01547	0.01386	0.00955	0.44795	0.10989	0.12235	0.01656	0.06753	0.01298	0.04140	0.00657	0.00187	0.00550	0.00597	0.00542	0.03524
14	0.05024	0.43190	0.22354	0.01243	0.01754	0.01809	0.05676	0.01653	0.01109	0.01505	0.00845	0.01035	0.00713	0.00544	0.00581	0.00154	0.09476	0.00368	0.00244	0.00725
15	0.00767	0.00534	0.00602	0.00616	0.00649	0.00516	0.00369	0.00800	0.00905	0.01177	0.02488	0.12560	0.13710	0.59438	0.02247	0.00448	0.00473	0.00948	0.00383	0.00369
16	0.01141	0.01014	0.01605	0.62685	0.05886	0.01229	0.01414	0.06483	0.04940	0.01588	0.01072	0.01505	0.00818	0.00651	0.00651	0.05203	0.00696	0.00499	0.00284	0.00637
17	0.01727	0.05847	0.01827	0.04144	0.13182	0.29236	0.07471	0.13820	0.08380	0.03267	0.01221	0.02628	0.00990	0.00616	0.00537	0.00161	0.00759	0.01847	0.01583	0.00757
18	0.02485	0.00943	0.01285	0.00985	0.01414	0.00814	0.00814	0.02699	0.01585	0.77465	0.02185	0.01885	0.01371	0.00685	0.00557	0.00171	0.00471	0.00557	0.00685	0.00943
19	0.00702	0.00565	0.00630	0.00637	0.00801	0.00493	0.00486	0.00875	0.01317	0.01655	0.19842	0.08360	0.52752	0.01372	0.00666	0.00192	0.00298	0.07341	0.00533	0.00482
20	0.05863	0.34293	0.26249	0.01370	0.06906	0.09824	0.01347	0.05374	0.01259	0.01657	0.00896	0.01044	0.00725	0.00514	0.00447	0.00147	0.00704	0.00362	0.00265	0.00754
21	0.02047	0.01495	0.01600	0.01233	0.01659	0.01652	0.01016	0.71196	0.02525	0.03413	0.01356	0.01370	0.00968	0.00664	0.00545	0.00164	0.00590	0.00500	0.05091	0.00919
22	0.07602	0.01329	0.01486	0.01166	0.01550	0.01454	0.00958	0.44379	0.04813	0.15488	0.01412	0.01449	0.01016	0.02279	0.00688	0.00179	0.07323	0.00497	0.00521	0.04413
23	0.00721	0.00527	0.00691	0.00773	0.00847	0.00480	0.00532	0.00845	0.01114	0.01515	0.09231	0.66727	0.03594	0.01589	0.00683	0.00211	0.00326	0.02946	0.00510	0.06138
24	0.00802	0.00535	0.00605	0.00609	0.00610	0.00534	0.00341	0.00804	0.00813	0.01084	0.01783	0.05870	0.02062	0.78224	0.02757	0.00528	0.00531	0.00828	0.00341	0.00339
25	0.01270	0.01229	0.02128	0.25099	0.50165	0.01304	0.05964	0.01615	0.01212	0.01685	0.01024	0.01405	0.00832	0.00519	0.00581	0.00173	0.02240	0.00502	0.00266	0.00789
26	0.01366	0.01570	0.03023	0.05561	0.04591	0.08260	0.63578	0.01796	0.01321	0.01722	0.01089	0.01446	0.00826	0.00480	0.00633	0.00182	0.00925	0.00616	0.00279	0.00735
27	0.00962	0.00481	0.00722	0.00722	0.00722	0.00481	0.00481	0.00722	0.00722	0.00962	0.00962	0.01684	0.00962	0.01924	0.02165	0.83886	0.00481	0.00481	0.00241	0.00241
28	0.00684	0.00489	0.00651	0.00765	0.00805	0.00456	0.00515	0.00795	0.01104	0.01483	0.09374	0.73656	0.03797	0.01683	0.00702	0.00221	0.00316	0.01525	0.00522	0.00456
29	0.01336	0.06815	0.07131	0.13527	0.46687	0.03843	0.01571	0.03313	0.01240	0.01708	0.01026	0.01401	0.00861	0.00555	0.00613	0.00170	0.05412	0.01719	0.00274	0.00796
30	0.01874	0.02278	0.01469	0.01338	0.01601	0.63106	0.01011	0.05142	0.01509	0.01436	0.00973	0.01194	0.00826	0.01126	0.12472	0.00259	0.01057	0.00399	0.00299	0.00632
31	0.00748	0.00548	0.00718	0.00828	0.00916	0.00518	0.00633	0.00906	0.01164	0.01511	0.03372	0.43736	0.13841	0.01616	0.00720	0.00230	0.00382	0.26627	0.00513	0.00473
32	0.01284	0.01661	0.14552	0.02161	0.07701	0.01383	0.50325	0.01854	0.07681	0.01808	0.01182	0.01476	0.00891	0.00516	0.00651	0.00185	0.03021	0.00598	0.00296	0.00774
33	0.21136	0.01333	0.05112	0.03231	0.01540	0.01390	0.00932	0.29716	0.16481	0.08529	0.01439	0.01440	0.01043	0.00638	0.00499	0.00172	0.00524	0.00478	0.03550	0.00818
34	0.01220	0.10418	0.55709	0.01526	0.02236	0.01388	0.08072	0.06720	0.01289	0.01846	0.03850	0.01291	0.00901	0.00548	0.00527	0.00170	0.00770	0.00447	0.00274	0.00799

[dist]
# distance from previous block
# <min> <max>
0	1

[block]
# block no. 2 follows, 43 sequences, length 7
# corresponding to MSA columns:
# 208-214
name=unknown_C
#
# <colnr> <probs for GDERKNQSTAVLIFYWHMCP>
#	G	D	E	R	K	N	Q	S	T	A	V	L	I	F	Y	W	H	M	C	P
0	0.01658	0.01480	0.01556	0.05289	0.13284	0.13431	0.01103	0.18926	0.27266	0.05032	0.01599	0.01737	0.01238	0.00679	0.00555	0.00174	0.00617	0.03082	0.00461	0.00832
1	0.84448	0.01071	0.00814	0.00728	0.01071	0.01242	0.00600	0.01628	0.00943	0.02485	0.00771	0.00900	0.00600	0.00514	0.00343	0.00171	0.00428	0.00300	0.00343	0.00600
2	0.00775	0.00557	0.00658	0.00671	0.00813	0.00491	0.00488	0.00932	0.01284	0.05250	0.19870	0.26723	0.36661	0.01408	0.00665	0.00195	0.00297	0.01222	0.00543	0.00497
3	0.00673	0.00490	0.00635	0.00750	0.00798	0.00452	0.00505	0.00774	0.01080	0.01422	0.03306	0.72748	0.10926	0.01702	0.00702	0.00221	0.00317	0.01534	0.00514	0.00452
4	0.17101	0.01046	0.01197	0.03386	0.01415	0.01092	0.00814	0.08862	0.17795	0.32013	0.05225	0.01795	0.01419	0.00812	0.03412	0.00202	0.00505	0.00539	0.00553	0.00819
5	0.07825	0.13122	0.01770	0.07073	0.03518	0.23217	0.08329	0.04821	0.06353	0.01666	0.01133	0.04145	0.00970	0.00857	0.05907	0.00210	0.03800	0.00479	0.02180	0.02624
6	0.73557	0.01074	0.00892	0.00780	0.01112	0.01237	0.00642	0.01594	0.00950	0.02366	0.00783	0.00936	0.00623	0.00536	0.00441	0.00170	0.05431	0.00313	0.00335	0.06227

[dist]
# distance from previous block
# <min> <max>
0	5

[block]
# block no. 3 follows, 43 sequences, length 36
# corresponding to MSA columns:
# 220-239,241-256
name=unknown_D
#
# <colnr> <probs for GDERKNQSTAVLIFYWHMCP>
#	G	D	E	R	K	N	Q	S	T	A	V	L	I	F	Y	W	H	M	C	P
0	0.03918	0.07620	0.01773	0.16429	0.06712	0.03602	0.09457	0.08051	0.10249	0.16987	0.04967	0.01664	0.01230	0.00697	0.02032	0.00187	0.02689	0.00540	0.00424	0.00771
1	0.02301	0.00591	0.00775	0.00871	0.00978	0.00582	0.00706	0.01054	0.01204	0.01646	0.06252	0.21560	0.05430	0.05196	0.00803	0.00244	0.00430	0.41615	0.07271	0.00490
2	0.01719	0.03486	0.01478	0.01183	0.01522	0.06031	0.00956	0.37994	0.21322	0.02690	0.01555	0.03075	0.01195	0.00797	0.02437	0.00190	0.05492	0.00541	0.05501	0.00835
3	0.00678	0.00484	0.00645	0.00769	0.00804	0.00452	0.00514	0.00779	0.01075	0.01437	0.05174	0.77987	0.03708	0.01718	0.00705	0.00223	0.00320	0.01558	0.00517	0.00452
4	0.01292	0.01301	0.03373	0.27248	0.38134	0.04925	0.06125	0.01737	0.07186	0.01699	0.01115	0.01446	0.00884	0.00536	0.00555	0.00173	0.00702	0.00506	0.00288	0.00773
5	0.01224	0.01415	0.07487	0.27756	0.09721	0.03631	0.35654	0.01641	0.01231	0.01637	0.01089	0.02964	0.00851	0.00530	0.00599	0.00183	0.00827	0.00579	0.00270	0.00711
6	0.00765	0.00565	0.00714	0.00677	0.00816	0.00515	0.00508	0.01009	0.01523	0.02115	0.66382	0.04311	0.15700	0.01172	0.00653	0.00176	0.00264	0.01026	0.00596	0.00515
7	0.00751	0.00694	0.05548	0.00871	0.00977	0.00585	0.02367	0.00907	0.01106	0.01504	0.09233	0.58694	0.05234	0.02870	0.02788	0.00239	0.03318	0.01342	0.00481	0.00492
8	0.00674	0.00562	0.00587	0.00581	0.00760	0.00476	0.00436	0.00832	0.01307	0.01603	0.16058	0.05155	0.66343	0.01363	0.00654	0.00185	0.00278	0.01144	0.00528	0.00476
9	0.01307	0.01494	0.03268	0.02334	0.02894	0.01401	0.75070	0.01774	0.01307	0.01774	0.01120	0.01494	0.00840	0.00467	0.00654	0.00187	0.00934	0.00654	0.00280	0.00747
10	0.77743	0.01110	0.00883	0.00773	0.01124	0.01281	0.00637	0.07622	0.01078	0.02567	0.00817	0.00935	0.00628	0.00526	0.00360	0.00171	0.00443	0.00316	0.00360	0.00628
11	0.00763	0.00562	0.00713	0.00682	0.00816	0.00513	0.00509	0.01002	0.01509	0.02096	0.64752	0.07100	0.14542	0.01190	0.00655	0.00178	0.00266	0.01045	0.00594	0.00513
12	0.01481	0.80869	0.02902	0.00948	0.01421	0.02191	0.00948	0.01658	0.01125	0.01303	0.00770	0.00888	0.00711	0.00474	0.00355	0.00118	0.00592	0.00296	0.00237	0.00711
13	0.00900	0.00649	0.00901	0.01017	0.01147	0.00659	0.00883	0.01185	0.03151	0.01657	0.02847	0.05950	0.03065	0.01634	0.04414	0.00283	0.00554	0.68085	0.00501	0.00519
14	0.00805	0.00537	0.00604	0.00604	0.00604	0.00537	0.00336	0.00805	0.00805	0.01074	0.01745	0.03624	0.02013	0.80536	0.02819	0.00537	0.00537	0.00805	0.00336	0.00336
15	0.79275	0.01097	0.00967	0.00828	0.01185	0.01252	0.05234	0.01637	0.00965	0.02441	0.00793	0.00937	0.00615	0.00511	0.00362	0.00172	0.00460	0.00322	0.00339	0.00609
16	0.01479	0.06642	0.10698	0.11185	0.29374	0.14264	0.04910	0.08197	0.01391	0.01795	0.01008	0.01260	0.00805	0.00526	0.00526	0.00159	0.00737	0.00449	0.00293	0.04301
17	0.08829	0.01008	0.01598	0.67387	0.05238	0.01250	0.01443	0.01439	0.01087	0.01521	0.00957	0.01411	0.00728	0.00563	0.00578	0.00185	0.03428	0.00474	0.00256	0.00620
18	0.00712	0.00556	0.00645	0.00639	0.00787	0.00490	0.00473	0.00900	0.01375	0.01799	0.35910	0.11675	0.39423	0.01317	0.00659	0.00185	0.00276	0.01134	0.00555	0.00490
19	0.84448	0.01071	0.00814	0.00728	0.01071	0.01242	0.00600	0.01628	0.00943	0.02485	0.00771	0.00900	0.00600	0.00514	0.00343	0.00171	0.00428	0.00300	0.00343	0.00600
20	0.00805	0.00537	0.00604	0.00604	0.00604	0.00537	0.00336	0.00805	0.00805	0.01074	0.01745	0.03624	0.02013	0.80536	0.02819	0.00537	0.00537	0.00805	0.00336	0.00336
21	0.00689	0.00493	0.00655	0.00762	0.00806	0.00459	0.00515	0.00806	0.01125	0.01517	0.12497	0.70435	0.03863	0.01658	0.00700	0.00218	0.00314	0.01501	0.00526	0.00459
22	0.01371	0.01316	0.02248	0.03399	0.77081	0.01316	0.01700	0.01700	0.01261	0.01809	0.01042	0.01371	0.00877	0.00493	0.00548	0.00164	0.00658	0.00493	0.00274	0.00877
23	0.00805	0.00537	0.00604	0.00604	0.00604	0.00537	0.00336	0.00805	0.00805	0.01074	0.01745	0.03624	0.02013	0.80536	0.02819	0.00537	0.00537	0.00805	0.00336	0.00336
24	0.01338	0.01321	0.03952	0.06873	0.70347	0.01295	0.01676	0.01674	0.01258	0.01798	0.02567	0.01427	0.00954	0.00510	0.00550	0.00166	0.00657	0.00502	0.00279	0.00856
25	0.02447	0.00951	0.01284	0.00990	0.01415	0.00833	0.00816	0.02707	0.04158	0.74870	0.02187	0.01891	0.01382	0.00688	0.00557	0.00172	0.00470	0.00559	0.00681	0.00940
26	0.01435	0.71330	0.12045	0.01025	0.01541	0.02081	0.01082	0.01670	0.01131	0.01358	0.00797	0.00923	0.00710	0.00480	0.00376	0.00125	0.00620	0.00310	0.00237	0.00724
27	0.00700	0.00560	0.00625	0.00614	0.00777	0.00486	0.00459	0.00880	0.01361	0.01742	0.29977	0.07247	0.49980	0.01320	0.00656	0.00184	0.00275	0.01124	0.00547	0.00486
28	0.00721	0.00551	0.00636	0.00642	0.00757	0.00509	0.00452	0.00852	0.01163	0.01497	0.15615	0.12192	0.35593	0.18263	0.07816	0.00323	0.00439	0.01058	0.00473	0.00449
29	0.01422	0.70583	0.07241	0.00964	0.01434	0.02024	0.00981	0.01632	0.01125	0.01366	0.00849	0.00990	0.00759	0.00566	0.02085	0.00139	0.00610	0.00320	0.04209	0.00703
30	0.01384	0.01711	0.14780	0.02538	0.43440	0.11116	0.05043	0.01816	0.05935	0.01755	0.01174	0.04671	0.00993	0.00576	0.00551	0.00169	0.00714	0.00523	0.00297	0.00813
31	0.04126	0.02476	0.58027	0.01806	0.08503	0.01304	0.12531	0.01748	0.01189	0.01787	0.01008	0.01223	0.00732	0.00515	0.00540	0.00176	0.00808	0.00448	0.00248	0.00805
32	0.01402	0.01187	0.01262	0.01132	0.01444	0.01365	0.00889	0.07544	0.67795	0.02362	0.02226	0.02215	0.01713	0.00782	0.00572	0.00190	0.00453	0.04043	0.00560	0.00864
33	0.64804	0.01212	0.03473	0.01205	0.11053	0.02796	0.05052	0.01661	0.01024	0.02312	0.00835	0.01005	0.00655	0.00510	0.00396	0.00171	0.00510	0.00350	0.00326	0.00652
34	0.01592	0.01266	0.02065	0.04933	0.23215	0.02847	0.19032	0.07185	0.06455	0.16488	0.01487	0.01839	0.01154	0.00634	0.00622	0.00181	0.02695	0.05084	0.00407	0.00819
35	0.01371	0.01316	0.02248	0.03399	0.77081	0.01316	0.01700	0.01700	0.01261	0.01809	0.01042	0.01371	0.00877	0.00493	0.00548	0.00164	0.00658	0.00493	0.00274	0.00877

[dist]
# distance from previous block
# <min> <max>
0	25

[block]
# block no. 4 follows, 43 sequences, length 20
# corresponding to MSA columns:
# 282-301
name=unknown_E
#
# <colnr> <probs for GDERKNQSTAVLIFYWHMCP>
#	G	D	E	R	K	N	Q	S	T	A	V	L	I	F	Y	W	H	M	C	P
0	0.00738	0.00554	0.00684	0.00673	0.00805	0.00500	0.00497	0.00948	0.01427	0.01939	0.49787	0.14400	0.22462	0.01277	0.00661	0.00184	0.00274	0.01117	0.00574	0.00500
1	0.01148	0.00984	0.01148	0.00820	0.01312	0.00738	0.00656	0.01395	0.01148	0.01805	0.00984	0.01148	0.00820	0.00410	0.00410	0.00082	0.00410	0.00328	0.00328	0.83922
2	0.84448	0.01071	0.00814	0.00728	0.01071	0.01242	0.00600	0.01628	0.00943	0.02485	0.00771	0.00900	0.00600	0.00514	0.00343	0.00171	0.00428	0.00300	0.00343	0.00600
3	0.00655	0.00561	0.00561	0.00561	0.00748	0.00468	0.00421	0.00795	0.01262	0.01496	0.05610	0.05330	0.76857	0.01403	0.00655	0.00187	0.00281	0.01169	0.00514	0.00468
4	0.00784	0.00566	0.00740	0.00697	0.00827	0.00523	0.00523	0.01045	0.01568	0.02221	0.76789	0.04137	0.05226	0.01132	0.00653	0.00174	0.00261	0.01002	0.00610	0.00523
5	0.00805	0.00537	0.00604	0.00604	0.00604	0.00537	0.00336	0.00805	0.00805	0.01074	0.01745	0.03624	0.02013	0.80536	0.02819	0.00537	0.00537	0.00805	0.00336	0.00336
6	0.08481	0.01023	0.01294	0.01000	0.01424	0.00951	0.00826	0.11062	0.01656	0.63330	0.01981	0.01748	0.01264	0.00670	0.00541	0.00171	0.00484	0.00531	0.00645	0.00917
7	0.01046	0.00984	0.01661	0.79205	0.03814	0.01230	0.01538	0.01415	0.01107	0.01415	0.00984	0.01477	0.00738	0.00554	0.00554	0.00185	0.00738	0.00492	0.00246	0.00615
8	0.84448	0.01071	0.00814	0.00728	0.01071	0.01242	0.00600	0.01628	0.00943	0.02485	0.00771	0.00900	0.00600	0.00514	0.00343	0.00171	0.00428	0.00300	0.00343	0.00600
9	0.12085	0.01032	0.01256	0.00916	0.01393	0.00852	0.05948	0.01452	0.01133	0.01892	0.00966	0.01140	0.00793	0.00428	0.00419	0.00101	0.00450	0.00348	0.00327	0.67071
10	0.02437	0.01018	0.01332	0.01021	0.01452	0.00927	0.00844	0.11748	0.01712	0.68236	0.02078	0.01816	0.01317	0.00683	0.00557	0.00171	0.00489	0.00550	0.00669	0.00942
11	0.00784	0.00566	0.00740	0.00697	0.00827	0.00523	0.00523	0.01045	0.01568	0.02221	0.76789	0.04137	0.05226	0.01132	0.00653	0.00174	0.00261	0.01002	0.00610	0.00523
12	0.15465	0.00995	0.01219	0.00961	0.01370	0.00941	0.00791	0.04672	0.05816	0.59009	0.01939	0.01722	0.01254	0.00661	0.00523	0.00172	0.00467	0.00518	0.00620	0.00884
13	0.00761	0.00565	0.00709	0.00673	0.00813	0.00513	0.00505	0.01001	0.01514	0.02094	0.64294	0.04346	0.17800	0.01180	0.00653	0.00176	0.00265	0.01031	0.00593	0.00513
14	0.00675	0.00482	0.00643	0.00771	0.00803	0.00450	0.00514	0.00771	0.01060	0.01414	0.03053	0.80175	0.03663	0.01735	0.00707	0.00225	0.00321	0.01574	0.00514	0.00450
15	0.00686	0.00571	0.00605	0.00621	0.00800	0.00490	0.00483	0.00841	0.01264	0.01517	0.05259	0.05450	0.67195	0.01419	0.00669	0.00196	0.00311	0.10636	0.00514	0.00473
16	0.00673	0.00488	0.00637	0.00756	0.00799	0.00451	0.00507	0.00773	0.01075	0.01420	0.03235	0.74845	0.08875	0.01711	0.00703	0.00222	0.00318	0.01546	0.00514	0.00451
17	0.00675	0.00482	0.00643	0.00771	0.00803	0.00450	0.00514	0.00771	0.01060	0.01414	0.03053	0.80175	0.03663	0.01735	0.00707	0.00225	0.00321	0.01574	0.00514	0.00450
18	0.01238	0.22093	0.54505	0.01409	0.02106	0.01536	0.01718	0.04105	0.01196	0.01687	0.00942	0.01106	0.00712	0.00530	0.00522	0.00163	0.03011	0.00386	0.00245	0.00790
19	0.01883	0.01317	0.01426	0.01123	0.01498	0.01442	0.00919	0.57190	0.02254	0.05766	0.01445	0.01508	0.01055	0.00821	0.04075	0.00193	0.00587	0.00508	0.14138	0.00852

[dist]
# distance from previous block
# <min> <max>
0	1

[block]
# block no. 5 follows, 43 sequences, length 29
# corresponding to MSA columns:
# 303-321,326-335
name=unknown_F
#
# <colnr> <probs for GDERKNQSTAVLIFYWHMCP>
#	G	D	E	R	K	N	Q	S	T	A	V	L	I	F	Y	W	H	M	C	P
0	0.06753	0.15646	0.38321	0.07953	0.09156	0.05650	0.03805	0.01705	0.01186	0.01692	0.02733	0.01218	0.00828	0.00531	0.00495	0.00164	0.00733	0.00416	0.00259	0.00756
1	0.74446	0.04509	0.03269	0.04487	0.01256	0.01283	0.00703	0.01623	0.00965	0.02362	0.00788	0.00935	0.00614	0.00515	0.00359	0.00170	0.00462	0.00312	0.00330	0.00612
2	0.01190	0.08227	0.45519	0.01835	0.13301	0.01334	0.10975	0.01729	0.02913	0.01769	0.05224	0.01403	0.01018	0.00549	0.00540	0.00171	0.00753	0.00481	0.00274	0.00795
3	0.01384	0.01222	0.01332	0.04965	0.06243	0.03742	0.00954	0.05814	0.59230	0.02229	0.02176	0.02067	0.04684	0.00744	0.00564	0.00184	0.00484	0.00620	0.00519	0.00843
4	0.00799	0.00591	0.00877	0.00877	0.00977	0.00686	0.00682	0.00999	0.00899	0.01312	0.01495	0.02172	0.01386	0.04034	0.75675	0.00864	0.01442	0.00591	0.03147	0.00495
5	0.02228	0.00921	0.01226	0.00966	0.01355	0.00824	0.00788	0.02545	0.06957	0.64212	0.09955	0.02133	0.01795	0.00737	0.00567	0.00173	0.00447	0.00608	0.00669	0.00894
6	0.00777	0.00566	0.00730	0.00689	0.00823	0.00519	0.00517	0.01031	0.01551	0.02180	0.72787	0.04204	0.09253	0.01147	0.00653	0.00175	0.00262	0.01011	0.00604	0.00519
7	0.00675	0.00482	0.00643	0.00771	0.00803	0.00450	0.00514	0.00771	0.01060	0.01414	0.03053	0.80175	0.03663	0.01735	0.00707	0.00225	0.00321	0.01574	0.00514	0.00450
8	0.01378	0.01190	0.01252	0.01127	0.01440	0.01378	0.00877	0.02943	0.76081	0.02317	0.02254	0.02066	0.01691	0.00751	0.00564	0.00188	0.00438	0.00626	0.00564	0.00877
9	0.01124	0.02788	0.73929	0.01669	0.06098	0.01288	0.02029	0.01751	0.01174	0.01757	0.00996	0.01179	0.00710	0.00525	0.00527	0.00175	0.00811	0.00413	0.00236	0.00821
10	0.01307	0.01494	0.03268	0.02334	0.02894	0.01401	0.75070	0.01774	0.01307	0.01774	0.01120	0.01494	0.00840	0.00467	0.00654	0.00187	0.00934	0.00654	0.00280	0.00747
11	0.01345	0.00709	0.00936	0.00795	0.01041	0.00627	0.00623	0.01590	0.01550	0.26115	0.48835	0.03254	0.03754	0.00950	0.00609	0.00168	0.00336	0.00823	0.00618	0.05321
12	0.01046	0.00984	0.01661	0.79205	0.03814	0.01230	0.01538	0.01415	0.01107	0.01415	0.00984	0.01477	0.00738	0.00554	0.00554	0.00185	0.00738	0.00492	0.00246	0.00615
13	0.00778	0.00566	0.00733	0.00691	0.00824	0.00520	0.00518	0.01035	0.01555	0.02190	0.73767	0.04188	0.08267	0.01144	0.00653	0.00175	0.00262	0.01009	0.00606	0.00520
14	0.01148	0.00984	0.01148	0.00820	0.01312	0.00738	0.00656	0.01395	0.01148	0.01805	0.00984	0.01148	0.00820	0.00410	0.00410	0.00082	0.00410	0.00328	0.00328	0.83922
15	0.00906	0.00700	0.00844	0.00794	0.00966	0.00705	0.00607	0.01435	0.17246	0.02173	0.53586	0.03864	0.08649	0.01086	0.00639	0.00181	0.00311	0.04124	0.00590	0.00593
16	0.84448	0.01071	0.00814	0.00728	0.01071	0.01242	0.00600	0.01628	0.00943	0.02485	0.00771	0.00900	0.00600	0.00514	0.00343	0.00171	0.00428	0.00300	0.00343	0.00600
17	0.01202	0.01144	0.01944	0.42684	0.39112	0.01272	0.01616	0.01552	0.01181	0.01605	0.01012	0.01426	0.00805	0.00525	0.00551	0.00175	0.00700	0.00493	0.00260	0.00741
18	0.00882	0.00719	0.00789	0.04046	0.00993	0.04304	0.00570	0.03300	0.05850	0.01590	0.13407	0.25971	0.16376	0.17394	0.01089	0.00265	0.00415	0.01069	0.00474	0.00498
19	0.00701	0.00555	0.00632	0.00637	0.00788	0.00486	0.00473	0.00875	0.01330	0.01707	0.26532	0.13705	0.45156	0.01364	0.00663	0.00189	0.00285	0.02895	0.00543	0.00483
20	0.00688	0.00492	0.00658	0.00787	0.00825	0.00461	0.00538	0.00795	0.01074	0.01429	0.03045	0.75582	0.03633	0.01722	0.00711	0.00227	0.00333	0.06033	0.00514	0.00454
21	0.01111	0.02865	0.77667	0.01579	0.02397	0.01286	0.02046	0.01754	0.01169	0.01754	0.00994	0.01169	0.00702	0.00526	0.00526	0.00175	0.00818	0.00409	0.00234	0.00818
22	0.00675	0.00482	0.00643	0.00771	0.00803	0.00450	0.00514	0.00771	0.01060	0.01414	0.03053	0.80175	0.03663	0.01735	0.00707	0.00225	0.00321	0.01574	0.00514	0.00450
23	0.01148	0.00984	0.01148	0.00820	0.01312	0.00738	0.00656	0.01395	0.01148	0.01805	0.00984	0.01148	0.00820	0.00410	0.00410	0.00082	0.00410	0.00328	0.00328	0.83922
24	0.02485	0.00943	0.01285	0.00985	0.01414	0.00814	0.00814	0.02699	0.01585	0.77465	0.02185	0.01885	0.01371	0.00685	0.00557	0.00171	0.00471	0.00557	0.00685	0.00943
25	0.84448	0.01071	0.00814	0.00728	0.01071	0.01242	0.00600	0.01628	0.00943	0.02485	0.00771	0.00900	0.00600	0.00514	0.00343	0.00171	0.00428	0.00300	0.00343	0.00600
26	0.00892	0.00637	0.00892	0.01020	0.01147	0.00637	0.00892	0.01147	0.01275	0.01657	0.02932	0.06247	0.03187	0.01530	0.00765	0.00255	0.00510	0.73354	0.00510	0.00510
27	0.00674	0.00487	0.00638	0.00758	0.00800	0.00451	0.00508	0.00773	0.01073	0.01419	0.03210	0.75559	0.08177	0.01715	0.00704	0.00223	0.00319	0.01549	0.00514	0.00451
28	0.05402	0.73812	0.05939	0.00964	0.01446	0.02108	0.00977	0.01661	0.01118	0.01378	0.00779	0.00901	0.00705	0.00478	0.00362	0.00123	0.00594	0.00301	0.00242	0.00710

[dist]
# distance from previous block
# <min> <max>
0	1

[block]
# block no. 6 follows, 43 sequences, length 119
# corresponding to MSA columns:
# 337-343,345-456
name=unknown_G
#
# <colnr> <probs for GDERKNQSTAVLIFYWHMCP>
#	G	D	E	R	K	N	Q	S	T	A	V	L	I	F	Y	W	H	M	C	P
0	0.01437	0.54174	0.19549	0.01228	0.04833	0.07654	0.01235	0.01723	0.01174	0.01429	0.00838	0.00980	0.00716	0.00494	0.00413	0.00135	0.00676	0.00334	0.00241	0.00737
1	0.05954	0.04552	0.08475	0.05701	0.41672	0.05953	0.09103	0.01746	0.01264	0.05157	0.03196	0.01403	0.00964	0.00536	0.00560	0.00168	0.02001	0.00493	0.00301	0.00801
2	0.80943	0.01051	0.00817	0.00735	0.01068	0.01219	0.00604	0.01601	0.00940	0.02435	0.00801	0.00953	0.00633	0.00667	0.03611	0.00201	0.00473	0.00312	0.00341	0.00595
3	0.01495	0.78983	0.02870	0.00959	0.01428	0.04027	0.00951	0.01672	0.01136	0.01304	0.00772	0.00891	0.00711	0.00476	0.00359	0.00119	0.00602	0.00298	0.00238	0.00709
4	0.00785	0.00543	0.00625	0.00629	0.00667	0.00527	0.00388	0.00840	0.00962	0.01279	0.10947	0.07280	0.09741	0.58045	0.02209	0.00440	0.00470	0.02846	0.00397	0.00380
5	0.00937	0.00598	0.00776	0.00720	0.00878	0.00544	0.00544	0.01176	0.01522	0.09542	0.60623	0.07971	0.09759	0.01139	0.00647	0.00177	0.00286	0.00999	0.00605	0.00556
6	0.84448	0.01071	0.00814	0.00728	0.01071	0.01242	0.00600	0.01628	0.00943	0.02485	0.00771	0.00900	0.00600	0.00514	0.00343	0.00171	0.00428	0.00300	0.00343	0.00600
7	0.01378	0.01190	0.01252	0.01127	0.01440	0.01378	0.00877	0.02943	0.76081	0.02317	0.02254	0.02066	0.01691	0.00751	0.00564	0.00188	0.00438	0.00626	0.00564	0.00877
8	0.02485	0.00943	0.01285	0.00985	0.01414	0.00814	0.00814	0.02699	0.01585	0.77465	0.02185	0.01885	0.01371	0.00685	0.00557	0.00171	0.00471	0.00557	0.00685	0.00943
9	0.00993	0.00615	0.00790	0.00718	0.00895	0.00554	0.00549	0.01233	0.01533	0.12067	0.58223	0.03986	0.13487	0.01106	0.00641	0.00175	0.00291	0.00963	0.00608	0.00571
10	0.01046	0.00973	0.01632	0.77225	0.03735	0.01212	0.01509	0.01412	0.01109	0.01431	0.01005	0.01491	0.00755	0.00556	0.00550	0.00183	0.00726	0.00493	0.02344	0.00613
11	0.01111	0.02865	0.77667	0.01579	0.02397	0.01286	0.02046	0.01754	0.01169	0.01754	0.00994	0.01169	0.00702	0.00526	0.00526	0.00175	0.00818	0.00409	0.00234	0.00818
12	0.00779	0.00566	0.00733	0.00692	0.00824	0.00520	0.00519	0.01035	0.01556	0.02193	0.74039	0.04183	0.07994	0.01143	0.00653	0.00175	0.00262	0.01008	0.00606	0.00520
13	0.01111	0.02865	0.77667	0.01579	0.02397	0.01286	0.02046	0.01754	0.01169	0.01754	0.00994	0.01169	0.00702	0.00526	0.00526	0.00175	0.00818	0.00409	0.00234	0.00818
14	0.01111	0.02865	0.77667	0.01579	0.02397	0.01286	0.02046	0.01754	0.01169	0.01754	0.00994	0.01169	0.00702	0.00526	0.00526	0.00175	0.00818	0.00409	0.00234	0.00818
15	0.01111	0.02865	0.77667	0.01579	0.02397	0.01286	0.02046	0.01754	0.01169	0.01754	0.00994	0.01169	0.00702	0.00526	0.00526	0.00175	0.00818	0.00409	0.00234	0.00818
16	0.01165	0.01005	0.01049	0.00961	0.01237	0.01110	0.00742	0.02311	0.54067	0.02075	0.03242	0.03027	0.23807	0.00943	0.00590	0.00188	0.00392	0.00786	0.00549	0.00756
17	0.84448	0.01071	0.00814	0.00728	0.01071	0.01242	0.00600	0.01628	0.00943	0.02485	0.00771	0.00900	0.00600	0.00514	0.00343	0.00171	0.00428	0.00300	0.00343	0.00600
18	0.00666	0.00563	0.00579	0.00589	0.00769	0.00475	0.00446	0.00811	0.01258	0.01502	0.05415	0.07369	0.71391	0.01418	0.00661	0.00191	0.00293	0.04624	0.00514	0.00469
19	0.01392	0.01379	0.02048	0.05475	0.25256	0.07796	0.14170	0.06773	0.01271	0.01763	0.01030	0.01369	0.00854	0.00640	0.00873	0.00185	0.20604	0.00510	0.05876	0.00736
20	0.00678	0.00491	0.00640	0.00753	0.00800	0.00454	0.00508	0.00783	0.01095	0.01451	0.06089	0.71776	0.09063	0.01688	0.00701	0.00220	0.00316	0.01523	0.00518	0.00454
21	0.01811	0.02158	0.01798	0.03934	0.26939	0.50760	0.01292	0.02022	0.01455	0.01508	0.00921	0.01134	0.00769	0.00545	0.00517	0.00151	0.00879	0.00406	0.00281	0.00720
22	0.00975	0.00736	0.01102	0.01259	0.12341	0.00704	0.04627	0.01221	0.04127	0.06486	0.13988	0.39932	0.05791	0.01269	0.00657	0.00201	0.00412	0.03089	0.00494	0.00590
23	0.03082	0.07356	0.48017	0.03997	0.02155	0.03579	0.03331	0.07915	0.04421	0.03891	0.01068	0.01231	0.00786	0.00580	0.00610	0.00176	0.06286	0.00432	0.00292	0.00795
24	0.01481	0.80869	0.02902	0.00948	0.01421	0.02191	0.00948	0.01658	0.01125	0.01303	0.00770	0.00888	0.00711	0.00474	0.00355	0.00118	0.00592	0.00296	0.00237	0.00711
25	0.00871	0.00623	0.00868	0.00991	0.01110	0.00619	0.00851	0.01113	0.01265	0.01652	0.04911	0.12350	0.03281	0.01536	0.00757	0.00250	0.00488	0.65445	0.00513	0.00505
26	0.00761	0.00565	0.00709	0.00673	0.00813	0.00513	0.00505	0.01001	0.01514	0.02093	0.64203	0.04348	0.17892	0.01180	0.00653	0.00176	0.00265	0.01031	0.00593	0.00513
27	0.01565	0.66220	0.04744	0.01042	0.01495	0.14335	0.00997	0.01749	0.01198	0.01324	0.00790	0.00914	0.00711	0.00491	0.00383	0.00124	0.00663	0.00309	0.00245	0.00703
28	0.00675	0.00482	0.00643	0.00771	0.00803	0.00450	0.00514	0.00771	0.01060	0.01414	0.03053	0.80175	0.03663	0.01735	0.00707	0.00225	0.00321	0.01574	0.00514	0.00450
29	0.01378	0.01190	0.01252	0.01127	0.01440	0.01378	0.00877	0.02943	0.76081	0.02317	0.02254	0.02066	0.01691	0.00751	0.00564	0.00188	0.00438	0.00626	0.00564	0.00877
30	0.08060	0.01004	0.01286	0.00993	0.01417	0.00922	0.00820	0.08961	0.01630	0.65873	0.02014	0.01769	0.01281	0.00672	0.00542	0.00171	0.00480	0.00534	0.00651	0.00919
31	0.00771	0.00522	0.00614	0.00649	0.00657	0.00514	0.00383	0.00796	0.00873	0.01164	0.02093	0.23992	0.02452	0.59570	0.02257	0.00454	0.00480	0.01010	0.00383	0.00366
32	0.00675	0.00482	0.00643	0.00771	0.00803	0.00450	0.00514	0.00771	0.01060	0.01414	0.03053	0.80175	0.03663	0.01735	0.00707	0.00225	0.00321	0.01574	0.00514	0.00450
33	0.01462	0.65175	0.09390	0.01046	0.01517	0.06772	0.01054	0.01677	0.01144	0.01347	0.00810	0.00958	0.00726	0.00580	0.02164	0.00146	0.02762	0.00322	0.00241	0.00708
34	0.01329	0.01270	0.09162	0.01075	0.01580	0.00971	0.06505	0.09552	0.03780	0.05885	0.01154	0.01321	0.00907	0.02321	0.00524	0.00127	0.00520	0.00412	0.00366	0.51239
35	0.01992	0.04636	0.01636	0.01264	0.03531	0.01594	0.01017	0.55935	0.09537	0.09160	0.03128	0.01491	0.01133	0.00673	0.00549	0.00167	0.00575	0.00519	0.00547	0.00915
36	0.01378	0.01190	0.01252	0.01127	0.01440	0.01378	0.00877	0.02943	0.76081	0.02317	0.02254	0.02066	0.01691	0.00751	0.00564	0.00188	0.00438	0.00626	0.00564	0.00877
37	0.81761	0.01087	0.00842	0.00746	0.01092	0.01258	0.00615	0.04030	0.00997	0.02518	0.00789	0.00914	0.00611	0.00519	0.00350	0.00171	0.00434	0.00306	0.00350	0.00611
38	0.17542	0.00720	0.00784	0.07211	0.01074	0.00815	0.00603	0.01325	0.01055	0.01938	0.01431	0.01807	0.01178	0.04635	0.06525	0.00227	0.05903	0.00489	0.44201	0.00537
39	0.01193	0.01104	0.01849	0.49578	0.29200	0.01256	0.01566	0.01573	0.02893	0.02997	0.01056	0.01461	0.00820	0.00540	0.00552	0.00177	0.00698	0.00497	0.00271	0.00719
40	0.00788	0.00575	0.00741	0.00756	0.00880	0.00539	0.00587	0.01010	0.01394	0.01897	0.42779	0.09654	0.13095	0.05071	0.00786	0.00215	0.00338	0.17840	0.00556	0.00499
41	0.00782	0.00536	0.00602	0.00610	0.00631	0.00524	0.00355	0.00802	0.00869	0.01139	0.02232	0.08488	0.09985	0.67392	0.02462	0.00481	0.00497	0.00891	0.00365	0.00356
42	0.01148	0.00984	0.01148	0.00820	0.01312	0.00738	0.00656	0.01395	0.01148	0.01805	0.00984	0.01148	0.00820	0.00410	0.00410	0.00082	0.00410	0.00328	0.00328	0.83922
43	0.02105	0.01551	0.01662	0.01274	0.01717	0.01717	0.01053	0.75235	0.02604	0.03490	0.01330	0.01330	0.00942	0.00665	0.00554	0.00166	0.00609	0.00499	0.00554	0.00942
44	0.05085	0.01001	0.01148	0.00831	0.01313	0.00787	0.00667	0.03219	0.01184	0.03571	0.01010	0.01158	0.00825	0.00427	0.00414	0.00090	0.00417	0.00336	0.00342	0.76175
45	0.84448	0.01071	0.00814	0.00728	0.01071	0.01242	0.00600	0.01628	0.00943	0.02485	0.00771	0.00900	0.00600	0.00514	0.00343	0.00171	0.00428	0.00300	0.00343	0.00600
46	0.84448	0.01071	0.00814	0.00728	0.01071	0.01242	0.00600	0.01628	0.00943	0.02485	0.00771	0.00900	0.00600	0.00514	0.00343	0.00171	0.00428	0.00300	0.00343	0.00600
47	0.01122	0.00602	0.00612	0.00579	0.00735	0.00616	0.00443	0.07451	0.01282	0.02184	0.01767	0.02004	0.01380	0.00647	0.00401	0.00132	0.00287	0.00515	0.76691	0.00552
48	0.01494	0.79104	0.02872	0.00958	0.01428	0.03909	0.00950	0.01671	0.01135	0.01304	0.00772	0.00891	0.00711	0.00476	0.00359	0.00119	0.00601	0.00298	0.00238	0.00709
49	0.01111	0.02865	0.77667	0.01579	0.02397	0.01286	0.02046	0.01754	0.01169	0.01754	0.00994	0.01169	0.00702	0.00526	0.00526	0.00175	0.00818	0.00409	0.00234	0.00818
50	0.03112	0.07155	0.71688	0.01523	0.02311	0.01335	0.01951	0.01746	0.01161	0.01746	0.00976	0.01147	0.00700	0.00523	0.00512	0.00172	0.00797	0.00400	0.00237	0.00807
51	0.00691	0.00553	0.00624	0.00671	0.00814	0.00486	0.00506	0.00837	0.01217	0.01499	0.04658	0.22795	0.50008	0.01497	0.00682	0.00205	0.00321	0.10953	0.00514	0.00469
52	0.21753	0.01442	0.01422	0.01136	0.01539	0.04075	0.00930	0.49211	0.08294	0.03082	0.01258	0.01277	0.00915	0.00633	0.00502	0.00168	0.00565	0.00457	0.00495	0.00845
53	0.00694	0.00504	0.00650	0.00735	0.00797	0.00466	0.00502	0.00819	0.01155	0.01544	0.15309	0.58862	0.10546	0.03723	0.00750	0.00222	0.00314	0.01423	0.00525	0.00460
54	0.00805	0.00539	0.00612	0.00612	0.00615	0.00541	0.00346	0.00811	0.00808	0.01080	0.01738	0.03584	0.01996	0.78387	0.04944	0.00547	0.00564	0.00799	0.00334	0.00340
55	0.00675	0.00482	0.00643	0.00771	0.00803	0.00450	0.00514	0.00771	0.01060	0.01414	0.03053	0.80175	0.03663	0.01735	0.00707	0.00225	0.00321	0.01574	0.00514	0.00450
56	0.00792	0.00591	0.00876	0.00876	0.00970	0.00685	0.00675	0.00980	0.00886	0.01275	0.01496	0.02247	0.01415	0.07899	0.74638	0.00873	0.01437	0.00604	0.00299	0.00487
57	0.01081	0.01075	0.03793	0.68985	0.09572	0.01243	0.03586	0.01457	0.01127	0.01465	0.00993	0.01460	0.00751	0.00546	0.00555	0.00183	0.00739	0.00494	0.00249	0.00645
58	0.73276	0.01055	0.00855	0.02354	0.01133	0.01215	0.00629	0.05102	0.01037	0.02469	0.00898	0.02696	0.00722	0.00554	0.00367	0.00171	0.00433	0.00351	0.04074	0.00609
59	0.01384	0.02629	0.01781	0.14857	0.03538	0.08568	0.12635	0.13766	0.01391	0.01871	0.03187	0.02802	0.01029	0.00816	0.03806	0.00209	0.16230	0.00533	0.05567	0.03400
60	0.00893	0.00590	0.00775	0.00715	0.00865	0.00541	0.00541	0.01151	0.01569	0.07041	0.72010	0.03993	0.04979	0.01104	0.00647	0.00174	0.00275	0.00973	0.00615	0.00549
61	0.03719	0.37471	0.14829	0.01424	0.10663	0.05497	0.01236	0.15768	0.01448	0.01889	0.00951	0.01082	0.00770	0.00527	0.00451	0.00145	0.00656	0.00380	0.00307	0.00786
62	0.01335	0.01482	0.12613	0.09867	0.45397	0.01274	0.06153	0.04754	0.01296	0.03536	0.01116	0.01479	0.00905	0.00535	0.00552	0.00168	0.00685	0.02247	0.00295	0.04312
63	0.02870	0.07985	0.58394	0.01615	0.05167	0.04946	0.06290	0.01786	0.01201	0.03354	0.01003	0.01180	0.00730	0.00523	0.00519	0.00170	0.00797	0.00418	0.00253	0.00799
64	0.01001	0.00850	0.00974	0.00999	0.06384	0.00878	0.00701	0.01711	0.29289	0.01970	0.18272	0.03593	0.29097	0.01041	0.00613	0.00183	0.00362	0.00885	0.00535	0.00660
65	0.00664	0.00560	0.00576	0.00575	0.00755	0.00471	0.00430	0.00812	0.01280	0.01546	0.10628	0.06888	0.70144	0.01391	0.00656	0.00187	0.00280	0.01166	0.00521	0.00471
66	0.01372	0.08258	0.07168	0.13811	0.11131	0.04684	0.07053	0.05202	0.25833	0.03705	0.01533	0.01800	0.01212	0.00651	0.00553	0.00178	0.00627	0.04054	0.00393	0.00783
67	0.01605	0.01518	0.09568	0.04032	0.03905	0.01347	0.38604	0.14049	0.01537	0.14385	0.01302	0.01491	0.00926	0.00555	0.00631	0.00181	0.02589	0.00578	0.00385	0.00814
68	0.00675	0.00482	0.00643	0.00771	0.00803	0.00450	0.00514	0.00771	0.01060	0.01414	0.03053	0.80175	0.03663	0.01735	0.00707	0.00225	0.00321	0.01574	0.00514	0.00450
69	0.01295	0.01551	0.06744	0.02275	0.02832	0.01403	0.69633	0.01761	0.01288	0.01761	0.01104	0.01471	0.00831	0.00483	0.00679	0.00188	0.03039	0.00638	0.00277	0.00747
70	0.84448	0.01071	0.00814	0.00728	0.01071	0.01242	0.00600	0.01628	0.00943	0.02485	0.00771	0.00900	0.00600	0.00514	0.00343	0.00171	0.00428	0.00300	0.00343	0.00600
71	0.01352	0.01317	0.02308	0.06487	0.67831	0.01319	0.07805	0.01694	0.01258	0.01790	0.01046	0.01385	0.00868	0.00494	0.00557	0.00167	0.00684	0.00507	0.00273	0.00855
72	0.01145	0.06235	0.68606	0.01661	0.06110	0.01331	0.03885	0.01747	0.01176	0.01737	0.00990	0.01175	0.00714	0.00521	0.00523	0.00173	0.00803	0.00415	0.00237	0.00815
73	0.01322	0.01126	0.01211	0.01115	0.01406	0.01292	0.00878	0.02736	0.67444	0.02241	0.02332	0.02549	0.01863	0.00841	0.00587	0.00196	0.00447	0.09023	0.00557	0.00834
74	0.84448	0.01071	0.00814	0.00728	0.01071	0.01242	0.00600	0.01628	0.00943	0.02485	0.00771	0.00900	0.00600	0.00514	0.00343	0.00171	0.00428	0.00300	0.00343	0.00600
75	0.00683	0.00485	0.00637	0.00759	0.00798	0.00452	0.00508	0.00785	0.01069	0.01433	0.03092	0.76051	0.05664	0.01698	0.00697	0.00221	0.00319	0.01536	0.02661	0.00452
76	0.01050	0.00996	0.01696	0.69121	0.03549	0.01220	0.05085	0.01407	0.01119	0.01451	0.02984	0.03183	0.00920	0.00603	0.00607	0.00187	0.03409	0.00536	0.00263	0.00616
77	0.01313	0.37433	0.40058	0.01341	0.03871	0.04202	0.01518	0.01725	0.01165	0.01542	0.00891	0.01044	0.00711	0.00504	0.00450	0.00149	0.00720	0.00360	0.00238	0.00766
78	0.01185	0.01176	0.01651	0.03186	0.01480	0.01634	0.01190	0.01311	0.00863	0.01338	0.00830	0.04527	0.00850	0.00992	0.01742	0.00240	0.74420	0.00531	0.00254	0.00600
79	0.84448	0.01071	0.00814	0.00728	0.01071	0.01242	0.00600	0.01628	0.00943	0.02485	0.00771	0.00900	0.00600	0.00514	0.00343	0.00171	0.00428	0.00300	0.00343	0.00600
80	0.01111	0.02865	0.77667	0.01579	0.02397	0.01286	0.02046	0.01754	0.01169	0.01754	0.00994	0.01169	0.00702	0.00526	0.00526	0.00175	0.00818	0.00409	0.00234	0.00818
81	0.00700	0.00496	0.00652	0.00768	0.00802	0.00469	0.00517	0.00795	0.01047	0.01393	0.02916	0.68557	0.03473	0.09545	0.00920	0.00258	0.00353	0.05401	0.00496	0.00442
82	0.00655	0.00561	0.00561	0.00561	0.00748	0.00468	0.00421	0.00795	0.01262	0.01496	0.05610	0.05330	0.76857	0.01403	0.00655	0.00187	0.00281	0.01169	0.00514	0.00468
83	0.01334	0.01370	0.05996	0.08715	0.68102	0.01308	0.01706	0.01682	0.01245	0.01778	0.01035	0.01368	0.00859	0.00499	0.00548	0.00166	0.00672	0.00489	0.00270	0.00856
84	0.00769	0.00555	0.00727	0.00707	0.00824	0.00513	0.00521	0.01007	0.01498	0.02110	0.66630	0.14613	0.05010	0.01215	0.00661	0.00181	0.00270	0.01081	0.00596	0.00513
85	0.01123	0.01035	0.01537	0.32343	0.02296	0.01365	0.01240	0.01360	0.00990	0.01456	0.00963	0.01422	0.00817	0.00764	0.01137	0.00205	0.38346	0.00492	0.10509	0.00599
86	0.00769	0.00558	0.00726	0.00700	0.00823	0.00514	0.00519	0.01011	0.01509	0.02120	0.67457	0.11717	0.07097	0.01200	0.00659	0.00180	0.00268	0.01063	0.00597	0.00514
87	0.00764	0.00563	0.00714	0.00681	0.00816	0.00513	0.00509	0.01005	0.01514	0.02104	0.65457	0.06431	0.14498	0.01184	0.00655	0.00177	0.00265	0.01039	0.00595	0.00513
88	0.01148	0.00984	0.01148	0.00820	0.01312	0.00738	0.00656	0.01395	0.01148	0.01805	0.00984	0.01148	0.00820	0.00410	0.00410	0.00082	0.00410	0.00328	0.00328	0.83922
89	0.00791	0.00593	0.00890	0.00890	0.00989	0.00692	0.00692	0.00989	0.00890	0.01286	0.01483	0.02176	0.01385	0.04154	0.78341	0.00890	0.01483	0.00593	0.00297	0.00494
90	0.03107	0.21953	0.19450	0.12332	0.11288	0.08723	0.01387	0.10218	0.01371	0.03858	0.00996	0.01182	0.00776	0.00537	0.00487	0.00157	0.00706	0.00410	0.00298	0.00767
91	0.01407	0.01619	0.11408	0.02585	0.41682	0.06682	0.12462	0.04713	0.08444	0.01879	0.01161	0.01403	0.00919	0.00530	0.00559	0.00170	0.00719	0.00510	0.00309	0.00837
92	0.00675	0.00482	0.00643	0.00771	0.00803	0.00450	0.00514	0.00771	0.01060	0.01414	0.03053	0.80175	0.03663	0.01735	0.00707	0.00225	0.00321	0.01574	0.00514	0.00450
93	0.00962	0.00481	0.00722	0.00722	0.00722	0.00481	0.00481	0.00722	0.00722	0.00962	0.00962	0.01684	0.00962	0.01924	0.02165	0.83886	0.00481	0.00481	0.00241	0.00241
94	0.01067	0.00998	0.01660	0.70454	0.06697	0.01239	0.01502	0.01420	0.01103	0.01443	0.00994	0.01474	0.00760	0.00573	0.00609	0.00185	0.04449	0.00492	0.02257	0.00623
95	0.01414	0.00915	0.01191	0.01229	0.08773	0.00922	0.00901	0.08838	0.11892	0.17142	0.08937	0.06018	0.06123	0.01032	0.00636	0.00200	0.00477	0.22093	0.00542	0.00722
96	0.01410	0.01206	0.01271	0.01134	0.01453	0.01393	0.00884	0.06172	0.72799	0.02369	0.02213	0.02033	0.01657	0.00748	0.00563	0.00187	0.00446	0.00620	0.00563	0.00880
97	0.05476	0.00980	0.01259	0.00959	0.01396	0.00855	0.00789	0.05412	0.01528	0.58751	0.01892	0.01700	0.01230	0.00632	0.00524	0.00156	0.00465	0.00506	0.00606	0.14884
98	0.01481	0.80869	0.02902	0.00948	0.01421	0.02191	0.00948	0.01658	0.01125	0.01303	0.00770	0.00888	0.00711	0.00474	0.00355	0.00118	0.00592	0.00296	0.00237	0.00711
