[name]
unknown

[dist]
# distance from previous block
# <min> <max>
0	61

[block]
# block no. 0 follows, 45 sequences, length 158
# corresponding to MSA columns:
# 66-223
name=unknown_A
#
# <colnr> <probs for GDERKNQSTAVLIFYWHMCP>
#	G	D	E	R	K	N	Q	S	T	A	V	L	I	F	Y	W	H	M	C	P
0	0.09051	0.06307	0.04087	0.00852	0.03338	0.00850	0.00682	0.03989	0.07188	0.08380	0.19657	0.04785	0.25203	0.00973	0.00563	0.00172	0.00378	0.02452	0.00486	0.00606
1	0.06707	0.43774	0.12924	0.01123	0.04575	0.01720	0.01066	0.11844	0.02709	0.03853	0.04474	0.01170	0.00955	0.00535	0.00423	0.00139	0.00579	0.00382	0.00314	0.00735
2	0.01014	0.00954	0.01610	0.79845	0.03697	0.01193	0.01491	0.01371	0.01073	0.01371	0.00954	0.01431	0.00716	0.00537	0.00537	0.00179	0.00716	0.00477	0.00239	0.00596
3	0.05208	0.06811	0.10767	0.01245	0.10330	0.00956	0.02215	0.01842	0.01333	0.29922	0.13108	0.06483	0.01777	0.00710	0.00529	0.00161	0.00491	0.00600	0.00474	0.05037
4	0.06632	0.76453	0.02687	0.00905	0.01357	0.02067	0.00898	0.01606	0.01080	0.01334	0.00746	0.00862	0.00682	0.00462	0.00344	0.00118	0.00564	0.00287	0.00236	0.00682
5	0.84927	0.01038	0.00789	0.00706	0.01038	0.01204	0.00581	0.01578	0.00914	0.02408	0.00747	0.00872	0.00581	0.00498	0.00332	0.00166	0.00415	0.00291	0.00332	0.00581
6	0.01014	0.00954	0.01610	0.79845	0.03697	0.01193	0.01491	0.01371	0.01073	0.01371	0.00954	0.01431	0.00716	0.00537	0.00537	0.00179	0.00716	0.00477	0.00239	0.00596
7	0.04573	0.01484	0.01366	0.01219	0.03560	0.16101	0.00931	0.17646	0.40410	0.04481	0.01660	0.01597	0.01243	0.00661	0.00524	0.00168	0.00568	0.00515	0.00481	0.00812
8	0.01511	0.00963	0.02585	0.02220	0.01398	0.00768	0.03746	0.01754	0.01265	0.26526	0.02844	0.03719	0.01184	0.00569	0.00479	0.00125	0.00447	0.02545	0.00440	0.44912
9	0.01993	0.02436	0.01522	0.01364	0.01654	0.70621	0.01031	0.08460	0.03316	0.01511	0.00900	0.01019	0.00732	0.00565	0.00490	0.00141	0.00923	0.00363	0.00305	0.00652
10	0.01258	0.01429	0.03115	0.02234	0.02767	0.01341	0.74135	0.01706	0.01266	0.01717	0.01126	0.01553	0.00866	0.00476	0.00636	0.00182	0.00896	0.02303	0.00277	0.00719
11	0.00678	0.00491	0.00666	0.03040	0.00884	0.00469	0.00550	0.00788	0.01042	0.01385	0.02894	0.73808	0.03440	0.01636	0.00684	0.00219	0.00335	0.06057	0.00491	0.00444
12	0.01014	0.00954	0.01610	0.79845	0.03697	0.01193	0.01491	0.01371	0.01073	0.01371	0.00954	0.01431	0.00716	0.00537	0.00537	0.00179	0.00716	0.00477	0.00239	0.00596
13	0.01148	0.00953	0.01117	0.00799	0.01275	0.00718	0.00640	0.01386	0.01125	0.03822	0.00986	0.01132	0.00810	0.00405	0.00401	0.00082	0.00399	0.00324	0.00327	0.82151
14	0.00680	0.00482	0.00631	0.00725	0.00760	0.00458	0.00481	0.00774	0.01023	0.01375	0.07519	0.63866	0.03383	0.11865	0.03068	0.00271	0.00365	0.01369	0.00476	0.00428
15	0.02088	0.03953	0.01424	0.01112	0.03384	0.01176	0.00890	0.23536	0.12597	0.41296	0.01815	0.01652	0.01220	0.00656	0.00533	0.00165	0.00499	0.00523	0.00586	0.00895
16	0.00971	0.00497	0.00511	0.00521	0.00638	0.00495	0.00386	0.01208	0.01117	0.01947	0.01854	0.08722	0.01561	0.00716	0.00402	0.00133	0.00255	0.00588	0.76982	0.00495
17	0.01880	0.01395	0.01499	0.01189	0.01587	0.01551	0.00970	0.55216	0.20837	0.05869	0.01541	0.01485	0.01108	0.00666	0.00539	0.00166	0.00545	0.00516	0.00544	0.00897
18	0.06593	0.00931	0.01468	0.65806	0.03205	0.01150	0.01331	0.01362	0.01062	0.01477	0.01081	0.01504	0.02490	0.00570	0.00553	0.00177	0.03037	0.00481	0.05138	0.00586
19	0.13034	0.02281	0.01430	0.01282	0.01577	0.63114	0.00975	0.07345	0.01512	0.01607	0.00852	0.00978	0.00693	0.00552	0.00468	0.00144	0.00868	0.00348	0.00303	0.00638
20	0.00763	0.00596	0.00716	0.00671	0.00850	0.00512	0.00499	0.00955	0.01293	0.01767	0.33469	0.16967	0.23721	0.01159	0.00606	0.00167	0.00291	0.01008	0.00508	0.13483
21	0.00654	0.00467	0.00623	0.00747	0.00779	0.00436	0.00498	0.00747	0.01028	0.01370	0.02959	0.80785	0.03550	0.01682	0.00685	0.00218	0.00311	0.01526	0.00498	0.00436
22	0.01574	0.06678	0.03700	0.01326	0.01541	0.30743	0.01083	0.06560	0.09803	0.01550	0.00966	0.01177	0.00817	0.00710	0.00945	0.00179	0.29257	0.00426	0.00304	0.00663
23	0.01014	0.00954	0.01610	0.79845	0.03697	0.01193	0.01491	0.01371	0.01073	0.01371	0.00954	0.01431	0.00716	0.00537	0.00537	0.00179	0.00716	0.00477	0.00239	0.00596
24	0.02267	0.00918	0.01231	0.00938	0.01360	0.00781	0.00772	0.02478	0.01490	0.69789	0.01990	0.01749	0.01270	0.00635	0.00524	0.00157	0.00450	0.00516	0.00626	0.10060
25	0.01174	0.01174	0.01644	0.01409	0.01409	0.01644	0.01174	0.01292	0.00822	0.01292	0.00705	0.01174	0.00705	0.00940	0.01762	0.00235	0.80153	0.00470	0.00235	0.00587
26	0.84927	0.01038	0.00789	0.00706	0.01038	0.01204	0.00581	0.01578	0.00914	0.02408	0.00747	0.00872	0.00581	0.00498	0.00332	0.00166	0.00415	0.00291	0.00332	0.00581
27	0.02041	0.01504	0.01611	0.01235	0.01665	0.01665	0.01020	0.75997	0.02524	0.03383	0.01289	0.01289	0.00913	0.00644	0.00537	0.00161	0.00591	0.00483	0.00537	0.00913
28	0.02401	0.00926	0.01253	0.00961	0.01377	0.00808	0.00794	0.04170	0.01557	0.76575	0.02100	0.01816	0.01320	0.00664	0.00540	0.00166	0.00460	0.00539	0.00662	0.00914
29	0.01596	0.01269	0.01565	0.29005	0.02352	0.01460	0.01167	0.41188	0.10574	0.02541	0.01274	0.01421	0.00927	0.00616	0.00538	0.00170	0.00616	0.00495	0.00433	0.00794
30	0.00935	0.00467	0.00692	0.00692	0.00697	0.00467	0.00463	0.00719	0.00714	0.00970	0.00961	0.01645	0.00948	0.01821	0.02037	0.81424	0.00459	0.00467	0.03178	0.00242
31	0.02021	0.01270	0.01425	0.01105	0.01501	0.01351	0.00909	0.51683	0.02154	0.20626	0.01521	0.01485	0.01054	0.00706	0.01883	0.00172	0.00547	0.00499	0.07215	0.00873
32	0.01264	0.01438	0.03114	0.02232	0.02756	0.01368	0.73216	0.01704	0.01251	0.01704	0.01073	0.01438	0.00811	0.00470	0.00673	0.00183	0.03687	0.00628	0.00270	0.00719
33	0.77773	0.01186	0.07406	0.00776	0.01148	0.01208	0.00701	0.01588	0.00932	0.02348	0.00766	0.00894	0.00590	0.00499	0.00347	0.00166	0.00447	0.00300	0.00323	0.00599
34	0.01421	0.52414	0.20930	0.01122	0.01642	0.10180	0.01191	0.03091	0.01174	0.01414	0.00818	0.00947	0.00691	0.00485	0.00403	0.00132	0.00670	0.00324	0.00240	0.00711
35	0.01335	0.01153	0.01214	0.01092	0.01396	0.01335	0.00850	0.02852	0.76817	0.02245	0.02185	0.02003	0.01639	0.00728	0.00546	0.00182	0.00425	0.00607	0.00546	0.00850
36	0.01142	0.01037	0.01580	0.04846	0.40061	0.01043	0.02571	0.04485	0.07754	0.01833	0.10786	0.02460	0.16620	0.00754	0.00567	0.00168	0.00509	0.00679	0.00383	0.00723
37	0.00760	0.00549	0.00718	0.00675	0.00802	0.00506	0.00506	0.01013	0.01519	0.02153	0.77503	0.04010	0.05065	0.01097	0.00633	0.00169	0.00253	0.00971	0.00591	0.00506
38	0.00653	0.00469	0.00621	0.00742	0.00777	0.00436	0.00496	0.00748	0.01033	0.01373	0.03030	0.78607	0.05682	0.01672	0.00684	0.00217	0.00310	0.01515	0.00498	0.00436
39	0.02379	0.00907	0.01236	0.00950	0.01360	0.00784	0.00784	0.02587	0.01536	0.76805	0.03460	0.01866	0.01395	0.00672	0.00541	0.00166	0.00453	0.00547	0.00663	0.00906
40	0.02386	0.00949	0.01268	0.00972	0.01388	0.00842	0.00803	0.07025	0.01596	0.73666	0.02068	0.01795	0.01304	0.00663	0.00540	0.00166	0.00465	0.00536	0.00657	0.00913
41	0.00760	0.00549	0.00718	0.00675	0.00802	0.00506	0.00506	0.01013	0.01519	0.02153	0.77503	0.04010	0.05065	0.01097	0.00633	0.00169	0.00253	0.00971	0.00591	0.00506
42	0.00767	0.00572	0.00849	0.00849	0.00941	0.00664	0.00654	0.00950	0.00859	0.01236	0.01450	0.02176	0.01371	0.07743	0.75331	0.00846	0.01394	0.00585	0.00289	0.00472
43	0.84927	0.01038	0.00789	0.00706	0.01038	0.01204	0.00581	0.01578	0.00914	0.02408	0.00747	0.00872	0.00581	0.00498	0.00332	0.00166	0.00415	0.00291	0.00332	0.00581
44	0.01113	0.00954	0.01113	0.00795	0.01272	0.00716	0.00636	0.01352	0.01113	0.01749	0.00954	0.01113	0.00795	0.00398	0.00398	0.00080	0.00398	0.00318	0.00318	0.84417
45	0.01306	0.01253	0.02138	0.08732	0.72525	0.01270	0.01636	0.01628	0.01212	0.01727	0.01006	0.01336	0.00841	0.00482	0.00532	0.00161	0.00643	0.00478	0.00264	0.00832
46	0.02002	0.00940	0.01209	0.00914	0.01338	0.00798	0.00746	0.05179	0.01443	0.52453	0.01755	0.01647	0.01179	0.02391	0.00550	0.00150	0.00447	0.00482	0.00557	0.23820
47	0.77887	0.01027	0.00828	0.00727	0.01066	0.01169	0.00599	0.01666	0.00967	0.08871	0.00864	0.00953	0.00645	0.00512	0.00350	0.00166	0.00419	0.00312	0.00361	0.00610
48	0.01442	0.01117	0.01207	0.01065	0.01378	0.01258	0.00834	0.04781	0.64355	0.10051	0.03543	0.02057	0.03005	0.00737	0.00548	0.00180	0.00427	0.00612	0.00558	0.00845
49	0.01208	0.01166	0.01828	0.30821	0.40573	0.05017	0.01494	0.01526	0.01184	0.01581	0.01137	0.01751	0.00985	0.00589	0.00549	0.00173	0.00670	0.06758	0.00276	0.00716
50	0.01323	0.01270	0.02169	0.04684	0.76442	0.01274	0.01645	0.01642	0.01220	0.01747	0.01009	0.01330	0.00848	0.00479	0.00532	0.00160	0.00639	0.00478	0.00265	0.00846
51	0.25337	0.04161	0.01406	0.01342	0.07971	0.48313	0.00957	0.01927	0.01312	0.01659	0.00820	0.00969	0.00674	0.00529	0.00441	0.00147	0.00773	0.00340	0.00290	0.00632
52	0.01085	0.04552	0.76649	0.01516	0.02302	0.01266	0.01959	0.01698	0.01132	0.01690	0.00958	0.01127	0.00680	0.00509	0.00506	0.00169	0.00788	0.00394	0.00227	0.00791
53	0.01993	0.04310	0.01553	0.01368	0.01653	0.75108	0.01034	0.04173	0.01539	0.01370	0.00841	0.00974	0.00698	0.00554	0.00482	0.00138	0.00949	0.00348	0.00283	0.00632
54	0.01285	0.00949	0.01131	0.00816	0.01285	0.00725	0.00656	0.01519	0.01169	0.11867	0.01108	0.01208	0.00866	0.00433	0.00416	0.00091	0.00405	0.00347	0.00364	0.73360
55	0.01077	0.02777	0.78354	0.01530	0.02323	0.01247	0.01983	0.01700	0.01133	0.01700	0.00963	0.01133	0.00680	0.00510	0.00510	0.00170	0.00793	0.00397	0.00227	0.00793
56	0.01295	0.01241	0.02118	0.11539	0.69808	0.01266	0.01631	0.01618	0.01206	0.01713	0.01004	0.01340	0.00836	0.00485	0.00532	0.00162	0.00646	0.00478	0.00263	0.00823
57	0.02408	0.00914	0.01246	0.00955	0.01370	0.00789	0.00789	0.02616	0.01536	0.78158	0.02118	0.01827	0.01329	0.00664	0.00540	0.00166	0.00457	0.00540	0.00664	0.00914
58	0.01448	0.00966	0.01016	0.00842	0.01113	0.01033	0.00675	0.35636	0.01778	0.02591	0.01853	0.01943	0.07663	0.00697	0.00472	0.00146	0.00409	0.00546	0.38488	0.00686
59	0.00681	0.00540	0.00577	0.00571	0.00709	0.00474	0.00406	0.00807	0.01179	0.01470	0.15036	0.04674	0.52240	0.17070	0.01048	0.00246	0.00318	0.01040	0.00478	0.00436
60	0.01085	0.04538	0.76663	0.01516	0.02302	0.01266	0.01959	0.01698	0.01132	0.01690	0.00958	0.01127	0.00680	0.00509	0.00506	0.00169	0.00788	0.00394	0.00227	0.00791
61	0.00748	0.00547	0.00702	0.00666	0.00795	0.00501	0.00498	0.00989	0.01487	0.02082	0.70379	0.05376	0.10965	0.01128	0.00634	0.00171	0.00256	0.00993	0.00582	0.00501
62	0.00692	0.00564	0.00615	0.00603	0.00770	0.00497	0.00451	0.00906	0.03949	0.01658	0.23950	0.06846	0.54047	0.01278	0.00632	0.00179	0.00274	0.01083	0.00524	0.00480
63	0.00932	0.00466	0.00699	0.00699	0.00699	0.00466	0.00466	0.00699	0.00699	0.00932	0.00932	0.01632	0.00932	0.01865	0.02098	0.84382	0.00466	0.00466	0.00233	0.00233
64	0.01302	0.01248	0.02130	0.09825	0.71466	0.01268	0.01634	0.01624	0.01210	0.01721	0.01005	0.01337	0.00839	0.00483	0.00532	0.00161	0.00644	0.00478	0.00263	0.00829
65	0.01224	0.00951	0.01124	0.00809	0.01280	0.00722	0.00649	0.01459	0.01149	0.08268	0.01053	0.01174	0.00841	0.00420	0.00410	0.00087	0.00403	0.00337	0.00348	0.77293
66	0.01311	0.01268	0.02072	0.07779	0.67947	0.03571	0.01588	0.01624	0.01223	0.01711	0.01074	0.01514	0.00927	0.00524	0.00539	0.00163	0.00647	0.03430	0.00274	0.00814
67	0.01470	0.01220	0.01290	0.01120	0.01447	0.01398	0.00882	0.16801	0.62649	0.02462	0.02014	0.01867	0.01500	0.00712	0.00544	0.00178	0.00456	0.00583	0.00544	0.00862
68	0.82577	0.01051	0.00812	0.00721	0.01056	0.01217	0.00594	0.03687	0.00959	0.02436	0.00763	0.00884	0.00591	0.00502	0.00338	0.00166	0.00420	0.00296	0.00338	0.00591
69	0.01179	0.01299	0.02741	0.02007	0.02456	0.01243	0.61754	0.01570	0.01227	0.01673	0.03445	0.10429	0.01237	0.00632	0.00692	0.00187	0.04509	0.00736	0.00304	0.00679
70	0.00926	0.00744	0.00773	0.00697	0.00927	0.00712	0.00541	0.14870	0.04138	0.01866	0.07384	0.04287	0.57763	0.01194	0.00613	0.00177	0.00336	0.00987	0.00511	0.00555
71	0.84927	0.01038	0.00789	0.00706	0.01038	0.01204	0.00581	0.01578	0.00914	0.02408	0.00747	0.00872	0.00581	0.00498	0.00332	0.00166	0.00415	0.00291	0.00332	0.00581
72	0.01349	0.01261	0.02091	0.12429	0.60007	0.01301	0.03796	0.07959	0.01316	0.01845	0.01029	0.01341	0.00838	0.00499	0.00536	0.00163	0.00651	0.00483	0.00286	0.00821
73	0.01250	0.00997	0.04847	0.01188	0.01532	0.00863	0.17603	0.01600	0.05784	0.15276	0.10353	0.13871	0.01892	0.01066	0.07267	0.00226	0.00600	0.00729	0.00435	0.12621
74	0.01087	0.05133	0.76092	0.01512	0.02295	0.01273	0.01951	0.01697	0.01132	0.01687	0.00957	0.01125	0.00680	0.00508	0.00505	0.00168	0.00787	0.00393	0.00227	0.00790
75	0.01256	0.01201	0.02048	0.20924	0.60724	0.01256	0.01611	0.01584	0.01188	0.01666	0.00997	0.01352	0.00819	0.00492	0.00533	0.00164	0.00656	0.00478	0.00259	0.00792
76	0.02877	0.09402	0.68505	0.01441	0.02181	0.01304	0.01829	0.01674	0.01134	0.01688	0.02676	0.01170	0.00778	0.00519	0.00495	0.00165	0.00754	0.00398	0.00237	0.00773
77	0.00918	0.00598	0.00865	0.00840	0.00959	0.00666	0.00650	0.01103	0.00927	0.07830	0.01523	0.02155	0.01375	0.07701	0.64794	0.00753	0.01253	0.00580	0.04002	0.00509
78	0.01077	0.02777	0.78354	0.01530	0.02323	0.01247	0.01983	0.01700	0.01133	0.01700	0.00963	0.01133	0.00680	0.00510	0.00510	0.00170	0.00793	0.00397	0.00227	0.00793
79	0.00845	0.00608	0.00837	0.00939	0.01065	0.00600	0.00810	0.01089	0.01265	0.01657	0.10741	0.05807	0.06166	0.01438	0.00726	0.00236	0.00461	0.63713	0.00505	0.00494
80	0.00760	0.00639	0.00671	0.00646	0.00839	0.00597	0.00489	0.01125	0.12977	0.01667	0.14516	0.04522	0.56162	0.01227	0.00621	0.00180	0.00293	0.01030	0.00518	0.00522
81	0.00677	0.00484	0.00646	0.00749	0.00797	0.00453	0.00516	0.00797	0.01099	0.01479	0.12299	0.67780	0.03719	0.01599	0.00681	0.00213	0.00312	0.04742	0.00510	0.00447
82	0.01284	0.01227	0.02072	0.14012	0.65243	0.01265	0.01603	0.01642	0.03292	0.01713	0.01034	0.01362	0.00853	0.00493	0.00533	0.00163	0.00643	0.00482	0.00270	0.00814
83	0.04429	0.00999	0.01651	0.66664	0.13267	0.01204	0.01475	0.01416	0.01086	0.01463	0.00953	0.01395	0.00728	0.00528	0.00528	0.00176	0.00693	0.00470	0.00246	0.00629
84	0.01395	0.01183	0.01248	0.01105	0.01419	0.01363	0.00864	0.09092	0.70479	0.02343	0.02108	0.01942	0.01577	0.00721	0.00545	0.00180	0.00439	0.00596	0.00545	0.00855
85	0.00663	0.00483	0.00624	0.00720	0.00776	0.00445	0.00490	0.00776	0.01096	0.01455	0.10564	0.65743	0.11003	0.01592	0.00675	0.00210	0.00302	0.01432	0.00507	0.00445
86	0.01229	0.01698	0.17739	0.02124	0.04122	0.01340	0.58698	0.01706	0.01232	0.01709	0.01054	0.01380	0.00787	0.00473	0.00628	0.00179	0.02321	0.00581	0.00262	0.00737
87	0.01918	0.01498	0.01534	0.01212	0.01600	0.07398	0.00989	0.62863	0.03494	0.03027	0.01281	0.01346	0.00944	0.00927	0.07228	0.00220	0.00689	0.00483	0.00496	0.00853
88	0.00637	0.00544	0.00548	0.00547	0.00727	0.00454	0.00410	0.00776	0.01230	0.01466	0.07087	0.05140	0.75910	0.01353	0.00634	0.00181	0.00271	0.01129	0.00501	0.00454
89	0.00968	0.00525	0.00529	0.00522	0.00656	0.00517	0.00390	0.02581	0.01155	0.01931	0.02204	0.02427	0.10947	0.02944	0.00476	0.00144	0.00267	0.00587	0.69732	0.00497
90	0.00676	0.00512	0.00625	0.00675	0.00775	0.00461	0.00481	0.00822	0.01201	0.01574	0.20248	0.38997	0.26450	0.01449	0.00659	0.00197	0.00291	0.02931	0.00519	0.00458
91	0.00782	0.00595	0.00782	0.06985	0.01090	0.00609	0.00627	0.03063	0.07542	0.01505	0.02687	0.64290	0.03084	0.01478	0.00659	0.00211	0.00364	0.02664	0.00483	0.00498
92	0.01574	0.01398	0.01276	0.01134	0.01444	0.16172	0.00879	0.02692	0.54606	0.09901	0.01918	0.01786	0.01425	0.00688	0.00534	0.00172	0.00532	0.00550	0.00507	0.00813
93	0.00769	0.00659	0.03817	0.00708	0.00872	0.00555	0.00560	0.02675	0.02661	0.01907	0.45813	0.13376	0.21244	0.01189	0.00631	0.00178	0.00297	0.01035	0.00542	0.00512
94	0.01476	0.01682	0.01543	0.01362	0.01478	0.32198	0.01086	0.01607	0.01102	0.01297	0.00804	0.01156	0.00742	0.00995	0.06475	0.00239	0.43483	0.00428	0.00255	0.00594
95	0.01111	0.00954	0.01122	0.02280	0.01318	0.00725	0.00652	0.01352	0.01112	0.01742	0.00954	0.01119	0.00794	0.00400	0.00400	0.00081	0.00404	0.00321	0.00317	0.82842
96	0.02005	0.02558	0.01521	0.01383	0.01659	0.78980	0.01037	0.02143	0.01521	0.01314	0.00830	0.00968	0.00691	0.00553	0.00484	0.00138	0.00968	0.00346	0.00277	0.00622
97	0.01335	0.01153	0.01214	0.01092	0.01396	0.01335	0.00850	0.02852	0.76817	0.02245	0.02185	0.02003	0.01639	0.00728	0.00546	0.00182	0.00425	0.00607	0.00546	0.00850
98	0.01427	0.01133	0.01217	0.01081	0.01394	0.01289	0.00844	0.02832	0.70395	0.08722	0.02179	0.01988	0.01612	0.00723	0.00546	0.00181	0.00428	0.00601	0.00556	0.00855
99	0.01275	0.01101	0.01157	0.01046	0.01339	0.01260	0.00812	0.02675	0.70368	0.02178	0.02462	0.02273	0.08116	0.00782	0.00554	0.00182	0.00412	0.00652	0.00542	0.00816
100	0.02041	0.01504	0.01611	0.01235	0.01665	0.01665	0.01020	0.75997	0.02524	0.03383	0.01289	0.01289	0.00913	0.00644	0.00537	0.00161	0.00591	0.00483	0.00537	0.00913
101	0.00712	0.00546	0.00648	0.00623	0.00768	0.00486	0.00465	0.00915	0.01390	0.01859	0.48122	0.04446	0.33011	0.02825	0.00676	0.00181	0.00266	0.01030	0.00550	0.00482
102	0.00675	0.00569	0.00587	0.00578	0.00759	0.00494	0.00435	0.00877	0.04292	0.01549	0.12178	0.04929	0.67603	0.01309	0.00631	0.00180	0.00276	0.01096	0.00509	0.00474
103	0.00677	0.00520	0.00619	0.00648	0.00765	0.00463	0.00466	0.00832	0.01245	0.01626	0.25295	0.29449	0.32685	0.01389	0.00651	0.00190	0.00279	0.01214	0.00525	0.00463
104	0.01267	0.01448	0.03167	0.02262	0.02805	0.01357	0.75837	0.01719	0.01267	0.01719	0.01086	0.01448	0.00814	0.00452	0.00633	0.00181	0.00905	0.00633	0.00271	0.00724
105	0.00760	0.00549	0.00718	0.00675	0.00802	0.00506	0.00506	0.01013	0.01519	0.02153	0.77503	0.04010	0.05065	0.01097	0.00633	0.00169	0.00253	0.00971	0.00591	0.00506
106	0.00748	0.00552	0.00701	0.00692	0.00821	0.00509	0.00529	0.00972	0.01407	0.01928	0.53192	0.07404	0.16143	0.02669	0.00686	0.00188	0.00291	0.09519	0.00557	0.00491
107	0.21843	0.01737	0.01384	0.01218	0.01439	0.33751	0.00965	0.06150	0.01236	0.01695	0.00802	0.01022	0.00682	0.00654	0.00811	0.00174	0.23149	0.00376	0.00294	0.00620
108	0.01448	0.79742	0.02785	0.00929	0.01384	0.03795	0.00921	0.01619	0.01100	0.01264	0.00748	0.00863	0.00689	0.00461	0.00347	0.00115	0.00583	0.00288	0.00231	0.00687
109	0.01435	0.81458	0.02813	0.00918	0.01378	0.02124	0.00918	0.01607	0.01091	0.01263	0.00746	0.00861	0.00689	0.00459	0.00344	0.00115	0.00574	0.00287	0.00230	0.00689
110	0.84927	0.01038	0.00789	0.00706	0.01038	0.01204	0.00581	0.01578	0.00914	0.02408	0.00747	0.00872	0.00581	0.00498	0.00332	0.00166	0.00415	0.00291	0.00332	0.00581
111	0.02216	0.01222	0.01437	0.01101	0.01524	0.01246	0.00910	0.40955	0.02052	0.39091	0.01685	0.01546	0.01111	0.00654	0.00538	0.00163	0.00527	0.00510	0.00598	0.00913
112	0.00654	0.00467	0.00623	0.00747	0.00779	0.00436	0.00498	0.00747	0.01028	0.01370	0.02959	0.80785	0.03550	0.01682	0.00685	0.00218	0.00311	0.01526	0.00498	0.00436
113	0.00654	0.00467	0.00623	0.00747	0.00779	0.00436	0.00498	0.00747	0.01028	0.01370	0.02959	0.80785	0.03550	0.01682	0.00685	0.00218	0.00311	0.01526	0.00498	0.00436
114	0.01269	0.00980	0.01148	0.00837	0.01301	0.00782	0.00672	0.04513	0.03838	0.08351	0.01110	0.01212	0.00875	0.00442	0.00420	0.00094	0.00411	0.00354	0.00364	0.71029
115	0.01024	0.00523	0.00526	0.00517	0.00649	0.00527	0.00390	0.02961	0.01158	0.02033	0.01741	0.01985	0.01365	0.00626	0.00379	0.00126	0.00258	0.00500	0.82202	0.00510
116	0.05727	0.00919	0.01227	0.00945	0.01357	0.00806	0.00781	0.02574	0.01511	0.75112	0.02063	0.01789	0.01299	0.00658	0.00531	0.00166	0.00455	0.00530	0.00651	0.00900
117	0.00654	0.00550	0.00571	0.00582	0.00758	0.00467	0.00447	0.00800	0.01225	0.01463	0.05216	0.05242	0.71215	0.01370	0.00644	0.00187	0.00291	0.07364	0.00498	0.00457
118	0.01976	0.02510	0.01525	0.01384	0.01651	0.76265	0.01042	0.02114	0.01497	0.01313	0.00825	0.00975	0.00692	0.00567	0.00529	0.00142	0.03748	0.00350	0.00275	0.00621
119	0.02408	0.00914	0.01246	0.00955	0.01370	0.00789	0.00789	0.02616	0.01536	0.78158	0.02118	0.01827	0.01329	0.00664	0.00540	0.00166	0.00457	0.00540	0.00664	0.00914
120	0.02141	0.01034	0.01284	0.01004	0.01389	0.00998	0.00821	0.22684	0.01774	0.49847	0.04168	0.05623	0.01435	0.00721	0.00545	0.00166	0.00476	0.00585	0.02434	0.00869
121	0.01010	0.00518	0.00520	0.00516	0.00646	0.00523	0.00388	0.01294	0.03180	0.02008	0.01763	0.02001	0.01383	0.00628	0.00380	0.00127	0.00255	0.00503	0.81847	0.00510
122	0.02271	0.00896	0.01212	0.00947	0.01339	0.00786	0.00779	0.02514	0.03426	0.71024	0.05577	0.02028	0.01547	0.00704	0.00549	0.00168	0.00448	0.02246	0.00654	0.00884
123	0.02408	0.00914	0.01246	0.00955	0.01370	0.00789	0.00789	0.02616	0.01536	0.78158	0.02118	0.01827	0.01329	0.00664	0.00540	0.00166	0.00457	0.00540	0.00664	0.00914
124	0.00654	0.00467	0.00623	0.00747	0.00779	0.00436	0.00498	0.00747	0.01028	0.01370	0.02959	0.80785	0.03550	0.01682	0.00685	0.00218	0.00311	0.01526	0.00498	0.00436
125	0.00850	0.00582	0.00752	0.00704	0.00844	0.00541	0.00529	0.02945	0.01503	0.05254	0.65577	0.09654	0.05973	0.01117	0.00631	0.00172	0.00275	0.00985	0.00584	0.00527
126	0.01334	0.68916	0.02468	0.00867	0.01255	0.01875	0.00827	0.01479	0.01043	0.01228	0.00893	0.01272	0.00885	0.12961	0.00714	0.00178	0.00566	0.00364	0.00244	0.00633
127	0.02408	0.00914	0.01246	0.00955	0.01370	0.00789	0.00789	0.02616	0.01536	0.78158	0.02118	0.01827	0.01329	0.00664	0.00540	0.00166	0.00457	0.00540	0.00664	0.00914
128	0.81956	0.01044	0.00811	0.00720	0.01055	0.01204	0.00593	0.02847	0.00952	0.03875	0.00783	0.00897	0.00601	0.00504	0.00340	0.00166	0.00419	0.00299	0.00342	0.00593
129	0.00672	0.00561	0.00583	0.00575	0.00749	0.00486	0.00429	0.00857	0.03421	0.01539	0.13028	0.04908	0.65651	0.03323	0.00685	0.00188	0.00281	0.01091	0.00505	0.00467
130	0.01119	0.00974	0.01196	0.00854	0.01334	0.00741	0.03660	0.01366	0.01119	0.01748	0.00959	0.01127	0.00796	0.00400	0.00407	0.00084	0.00418	0.00331	0.00316	0.81051
131	0.00705	0.00503	0.00681	0.00805	0.00859	0.00480	0.00586	0.00835	0.01078	0.01427	0.02931	0.62869	0.03440	0.01634	0.00699	0.00225	0.00355	0.18942	0.00497	0.00450
132	0.01386	0.01385	0.02123	0.03132	0.71292	0.07905	0.01595	0.01690	0.01248	0.01716	0.00994	0.01298	0.00837	0.00485	0.00527	0.00158	0.00666	0.00467	0.00267	0.00831
133	0.08333	0.01162	0.01604	0.01360	0.01425	0.01561	0.04104	0.03387	0.00896	0.01461	0.00766	0.01196	0.00727	0.00982	0.04273	0.00247	0.65200	0.00465	0.00255	0.00597
134	0.00654	0.00467	0.00623	0.00747	0.00779	0.00436	0.00498	0.00747	0.01028	0.01370	0.02959	0.80785	0.03550	0.01682	0.00685	0.00218	0.00311	0.01526	0.00498	0.00436
135	0.02246	0.00896	0.01205	0.00947	0.01330	0.00789	0.00772	0.04995	0.01527	0.69021	0.02161	0.08544	0.01504	0.00750	0.00552	0.00170	0.00449	0.00622	0.00646	0.00873
136	0.00860	0.00630	0.00782	0.00714	0.00870	0.00602	0.00544	0.07393	0.01585	0.02209	0.66028	0.03857	0.09714	0.01077	0.00625	0.00169	0.00283	0.00940	0.00580	0.00537
137	0.02391	0.00942	0.01263	0.00969	0.01384	0.00831	0.00800	0.06154	0.01584	0.74554	0.02078	0.01801	0.01309	0.00663	0.00540	0.00166	0.00463	0.00537	0.00658	0.00913
138	0.00652	0.00544	0.00568	0.00562	0.00736	0.00460	0.00421	0.00803	0.01264	0.01546	0.15278	0.05008	0.67669	0.01324	0.00634	0.00180	0.00269	0.01111	0.00511	0.00460
139	0.12585	0.00687	0.00673	0.00616	0.00808	0.00723	0.00480	0.08962	0.01251	0.04264	0.01577	0.01770	0.01219	0.00611	0.00390	0.00135	0.00313	0.00471	0.61899	0.00565
140	0.01001	0.00500	0.00500	0.00500	0.00625	0.00500	0.00375	0.01251	0.01126	0.02001	0.01751	0.02001	0.01376	0.00625	0.00375	0.00125	0.00250	0.00500	0.84115	0.00500
141	0.36537	0.00820	0.00724	0.00656	0.00897	0.00906	0.00522	0.07464	0.02410	0.02289	0.01297	0.01467	0.01007	0.00575	0.00373	0.00146	0.00350	0.00412	0.40574	0.00574
142	0.00724	0.00525	0.00679	0.00728	0.00811	0.00492	0.00517	0.02381	0.01246	0.01695	0.29026	0.46128	0.08066	0.01434	0.00663	0.00199	0.00300	0.03382	0.00531	0.00473
143	0.01682	0.01075	0.04547	0.01032	0.01373	0.01040	0.00856	0.09669	0.27603	0.29275	0.03824	0.09021	0.01725	0.00813	0.00564	0.00180	0.00458	0.03878	0.00568	0.00816
144	0.03024	0.17285	0.44198	0.01436	0.05001	0.04565	0.02807	0.01719	0.03272	0.03674	0.00960	0.01130	0.00736	0.00547	0.00585	0.00164	0.07497	0.00395	0.00255	0.00751
145	0.06410	0.17102	0.01759	0.03306	0.01617	0.19497	0.00985	0.35232	0.05252	0.02338	0.01080	0.01146	0.00828	0.00581	0.00477	0.00149	0.00661	0.00409	0.00399	0.00773
146	0.82444	0.01084	0.00811	0.00726	0.01057	0.03533	0.00595	0.01595	0.00932	0.02376	0.00750	0.00875	0.00585	0.00500	0.00337	0.00165	0.00432	0.00292	0.00331	0.00583
147	0.03211	0.01130	0.04488	0.01189	0.01448	0.05561	0.09427	0.10236	0.05530	0.08793	0.01368	0.03132	0.01128	0.01690	0.24339	0.00384	0.10974	0.00543	0.04773	0.00656
148	0.00761	0.00551	0.00678	0.00647	0.00789	0.00496	0.00485	0.00980	0.01424	0.03344	0.54783	0.06684	0.22377	0.01162	0.00628	0.00172	0.00263	0.01010	0.02265	0.00499
149	0.00673	0.00525	0.00597	0.00625	0.00744	0.00465	0.00445	0.00804	0.01176	0.01492	0.14105	0.23881	0.41404	0.08213	0.00828	0.00219	0.00305	0.02557	0.00496	0.00446
150	0.00654	0.00467	0.00623	0.00747	0.00779	0.00436	0.00498	0.00747	0.01028	0.01370	0.02959	0.80785	0.03550	0.01682	0.00685	0.00218	0.00311	0.01526	0.00498	0.00436
151	0.01435	0.81458	0.02813	0.00918	0.01378	0.02124	0.00918	0.01607	0.01091	0.01263	0.00746	0.00861	0.00689	0.00459	0.00344	0.00115	0.00574	0.00287	0.00230	0.00689
152	0.01136	0.00971	0.01120	0.00839	0.01284	0.00794	0.00670	0.01540	0.10940	0.01810	0.01161	0.01353	0.00962	0.00468	0.00425	0.00097	0.00404	0.02217	0.00352	0.71458
153	0.01698	0.01517	0.01406	0.01192	0.01535	0.14758	0.00942	0.28406	0.37835	0.02485	0.01638	0.01575	0.01222	0.00669	0.00532	0.00167	0.00576	0.00519	0.00497	0.00833
154	0.01299	0.01232	0.02039	0.03019	0.68803	0.01241	0.01542	0.01691	0.06253	0.01775	0.01254	0.01588	0.03127	0.00542	0.00540	0.00164	0.00610	0.02155	0.00296	0.00831
155	0.01110	0.02457	0.01127	0.00950	0.01184	0.00705	0.08763	0.03964	0.01234	0.13452	0.05628	0.37294	0.08875	0.01140	0.00608	0.00182	0.00417	0.01028	0.00480	0.09401
156	0.01077	0.02777	0.78354	0.01530	0.02323	0.01247	0.01983	0.01700	0.01133	0.01700	0.00963	0.01133	0.00680	0.00510	0.00510	0.00170	0.00793	0.00397	0.00227	0.00793
157	0.01077	0.02777	0.78354	0.01530	0.02323	0.01247	0.01983	0.01700	0.01133	0.01700	0.00963	0.01133	0.00680	0.00510	0.00510	0.00170	0.00793	0.00397	0.00227	0.00793

[dist]
# distance from previous block
# <min> <max>
0	1

[block]
# block no. 1 follows, 45 sequences, length 22
# corresponding to MSA columns:
# 225-246
name=unknown_B
#
# <colnr> <probs for GDERKNQSTAVLIFYWHMCP>
#	G	D	E	R	K	N	Q	S	T	A	V	L	I	F	Y	W	H	M	C	P
0	0.01255	0.01561	0.11422	0.02144	0.07372	0.01338	0.56302	0.01811	0.07804	0.01765	0.01163	0.01453	0.00873	0.00485	0.00606	0.00178	0.00834	0.00595	0.00290	0.00751
1	0.01278	0.01380	0.07960	0.05079	0.53663	0.01266	0.12493	0.01686	0.04225	0.01749	0.01117	0.01501	0.00926	0.00518	0.00552	0.00167	0.00678	0.02673	0.00281	0.00810
2	0.00878	0.00581	0.00777	0.00849	0.00964	0.00562	0.00689	0.01081	0.01213	0.04900	0.10685	0.19922	0.05102	0.04559	0.00764	0.00231	0.00412	0.39737	0.05598	0.00495
3	0.01286	0.03406	0.02104	0.11387	0.55339	0.01281	0.06453	0.01688	0.05984	0.01727	0.01074	0.01371	0.00877	0.00496	0.00530	0.00161	0.00641	0.00486	0.00282	0.03427
4	0.05871	0.01034	0.01297	0.00999	0.01413	0.00977	0.00825	0.16842	0.01702	0.60372	0.01898	0.01681	0.01216	0.00653	0.00530	0.00165	0.00481	0.00518	0.00625	0.00899
5	0.00803	0.00549	0.00647	0.00642	0.00670	0.00558	0.00395	0.02740	0.00888	0.01201	0.05991	0.07725	0.02135	0.63043	0.09398	0.00506	0.00579	0.00807	0.00352	0.00371
6	0.01728	0.00792	0.01049	0.00870	0.01165	0.00717	0.00696	0.03978	0.03592	0.44603	0.25304	0.07025	0.02639	0.00875	0.00581	0.00172	0.00390	0.02453	0.00622	0.00750
7	0.01014	0.00832	0.01055	0.00976	0.01083	0.04117	0.00776	0.05686	0.01017	0.01489	0.01288	0.01797	0.01157	0.02565	0.44026	0.00558	0.18140	0.00528	0.11359	0.00538
8	0.00673	0.00475	0.00617	0.00724	0.00750	0.00448	0.00473	0.00752	0.00991	0.01322	0.02771	0.69375	0.03314	0.13413	0.00987	0.00263	0.00342	0.01416	0.00473	0.00420
9	0.00992	0.00601	0.00788	0.00711	0.00881	0.00545	0.00544	0.01235	0.01513	0.12999	0.64600	0.03732	0.06669	0.01043	0.00620	0.00169	0.00283	0.00914	0.00599	0.00563
10	0.00765	0.00521	0.00583	0.00586	0.00602	0.00512	0.00337	0.00779	0.00825	0.01084	0.02048	0.05572	0.08552	0.72244	0.02499	0.00483	0.00494	0.00830	0.00345	0.00339
11	0.01132	0.00971	0.01122	0.00821	0.01283	0.00769	0.00655	0.01482	0.07681	0.01792	0.01061	0.01190	0.00868	0.00426	0.00410	0.00088	0.00400	0.00343	0.00338	0.77166
12	0.02009	0.02439	0.01531	0.01366	0.01660	0.70264	0.01035	0.10469	0.01634	0.01547	0.00881	0.01004	0.00716	0.00563	0.00490	0.00141	0.00925	0.00361	0.00306	0.00655
13	0.01858	0.01369	0.01518	0.05966	0.01717	0.01500	0.00995	0.56655	0.08902	0.06093	0.01387	0.02533	0.01014	0.00647	0.00532	0.00160	0.00563	0.00502	0.00512	0.05575
14	0.01074	0.00884	0.01102	0.16873	0.01646	0.00894	0.00817	0.06538	0.12779	0.03354	0.11648	0.02590	0.16066	0.00795	0.00543	0.00157	0.00441	0.02461	0.00431	0.18905
15	0.00855	0.00687	0.00990	0.01217	0.13627	0.00700	0.00752	0.01007	0.01106	0.02959	0.09125	0.47520	0.07334	0.01324	0.00748	0.00202	0.07701	0.01164	0.00447	0.00535
16	0.01976	0.01408	0.01531	0.01186	0.01593	0.01541	0.00974	0.67176	0.02391	0.07375	0.03949	0.03819	0.01155	0.00692	0.00545	0.00163	0.00564	0.00534	0.00545	0.00885
17	0.01064	0.00645	0.00801	0.00723	0.00910	0.01831	0.00554	0.01284	0.01462	0.16091	0.49379	0.06769	0.14241	0.01068	0.00616	0.00171	0.00308	0.00925	0.00583	0.00574
18	0.05118	0.06737	0.02400	0.00808	0.00940	0.00729	0.00614	0.02461	0.01101	0.01544	0.08956	0.50125	0.05988	0.01329	0.00678	0.00195	0.04836	0.01155	0.00451	0.03835
19	0.01365	0.01130	0.01374	0.01021	0.01454	0.01051	0.04683	0.21422	0.01494	0.02171	0.02853	0.01250	0.00924	0.00514	0.00530	0.00118	0.04956	0.00403	0.00376	0.50911
20	0.05877	0.06300	0.46822	0.01921	0.22024	0.01310	0.02986	0.03609	0.01181	0.01775	0.00963	0.01165	0.00728	0.00501	0.00500	0.00164	0.00717	0.00413	0.00252	0.00793
21	0.22595	0.03194	0.22925	0.04313	0.03228	0.01118	0.01098	0.07661	0.03634	0.10143	0.08879	0.06329	0.01392	0.00671	0.00492	0.00170	0.00539	0.00527	0.00389	0.00704

[dist]
# distance from previous block
# <min> <max>
1	6

[block]
# block no. 2 follows, 45 sequences, length 21
# corresponding to MSA columns:
# 253-273
name=unknown_C
#
# <colnr> <probs for GDERKNQSTAVLIFYWHMCP>
#	G	D	E	R	K	N	Q	S	T	A	V	L	I	F	Y	W	H	M	C	P
0	0.49145	0.20588	0.04251	0.00853	0.01247	0.01453	0.00769	0.09077	0.01157	0.06070	0.00879	0.00969	0.00682	0.00512	0.00373	0.00153	0.00487	0.00326	0.00341	0.00665
1	0.05065	0.04966	0.61663	0.01488	0.05978	0.01211	0.01738	0.01630	0.01159	0.01761	0.07502	0.01368	0.01060	0.00556	0.00508	0.00167	0.00714	0.00441	0.00265	0.00758
2	0.01247	0.08326	0.10413	0.01102	0.04526	0.01052	0.03956	0.08533	0.01260	0.03178	0.01121	0.02265	0.02606	0.00501	0.00476	0.00117	0.02299	0.00401	0.00327	0.46293
3	0.01019	0.00869	0.04911	0.01022	0.04469	0.00801	0.00814	0.10652	0.05413	0.01882	0.12963	0.10873	0.07914	0.07177	0.00798	0.00224	0.00458	0.24753	0.00476	0.02511
4	0.06290	0.04265	0.66273	0.01424	0.02154	0.01230	0.01786	0.01758	0.01149	0.07380	0.01031	0.01163	0.00722	0.00520	0.00498	0.00168	0.00741	0.00398	0.00265	0.00787
5	0.01215	0.04735	0.01653	0.16945	0.01889	0.08517	0.02483	0.01399	0.00971	0.01338	0.00809	0.01223	0.00731	0.00861	0.03611	0.00220	0.45827	0.00450	0.00246	0.04875
6	0.82123	0.01034	0.00804	0.00714	0.01049	0.01190	0.00588	0.01613	0.00935	0.04982	0.00794	0.00904	0.00607	0.00504	0.00339	0.00166	0.00417	0.00299	0.00343	0.00593
7	0.00647	0.00521	0.00578	0.00622	0.00753	0.00452	0.00449	0.00772	0.01161	0.01429	0.04569	0.29537	0.51702	0.01467	0.00654	0.00195	0.00291	0.03256	0.00498	0.00449
8	0.00654	0.00541	0.00575	0.00587	0.00751	0.00462	0.00441	0.00800	0.01230	0.01499	0.10110	0.10885	0.63835	0.01371	0.00643	0.00186	0.00283	0.04187	0.00505	0.00457
9	0.01412	0.01170	0.01241	0.01098	0.01413	0.01342	0.00859	0.07760	0.69784	0.04381	0.02123	0.01950	0.01581	0.00721	0.00545	0.00180	0.00437	0.00597	0.00549	0.00856
10	0.01971	0.01436	0.01536	0.01186	0.01595	0.01586	0.00977	0.70975	0.02430	0.03290	0.01320	0.01337	0.00944	0.00643	0.00526	0.00159	0.00568	0.00484	0.06152	0.00885
11	0.00788	0.00591	0.00708	0.00669	0.00815	0.00548	0.00499	0.04704	0.01440	0.01951	0.48488	0.07502	0.23465	0.04578	0.00720	0.00189	0.00289	0.01004	0.00549	0.00502
12	0.01386	0.01221	0.01240	0.01109	0.01416	0.04429	0.00863	0.05353	0.71260	0.02248	0.02100	0.01937	0.01576	0.00718	0.00543	0.00180	0.00452	0.00592	0.00535	0.00843
13	0.01123	0.01117	0.01744	0.09595	0.01772	0.01449	0.10607	0.01316	0.00909	0.01349	0.00863	0.01343	0.00793	0.01191	0.10378	0.00294	0.52813	0.00503	0.00246	0.00593
14	0.84927	0.01038	0.00789	0.00706	0.01038	0.01204	0.00581	0.01578	0.00914	0.02408	0.00747	0.00872	0.00581	0.00498	0.00332	0.00166	0.00415	0.00291	0.00332	0.00581
15	0.01294	0.00729	0.00925	0.00809	0.01034	0.00690	0.00628	0.05389	0.06585	0.22521	0.39994	0.09343	0.05852	0.00989	0.00602	0.00173	0.00342	0.00855	0.00594	0.00652
16	0.00865	0.00618	0.00865	0.00989	0.01112	0.00618	0.00865	0.01112	0.01236	0.01606	0.02842	0.06055	0.03089	0.01483	0.00741	0.00247	0.00494	0.74174	0.00494	0.00494
17	0.01793	0.01431	0.03956	0.04674	0.01767	0.01494	0.04863	0.56702	0.03914	0.02939	0.01302	0.03868	0.00985	0.00642	0.00535	0.00159	0.00591	0.00512	0.00483	0.07391
18	0.03767	0.01310	0.26166	0.00968	0.01332	0.00784	0.01004	0.01324	0.01373	0.05172	0.46720	0.02871	0.03323	0.00867	0.00579	0.00169	0.00444	0.00742	0.00466	0.00620
19	0.04206	0.51249	0.15616	0.03110	0.01592	0.01799	0.01096	0.09205	0.01243	0.01615	0.02748	0.01095	0.00839	0.02047	0.00450	0.00142	0.00603	0.00357	0.00275	0.00712
20	0.03676	0.56769	0.09513	0.01040	0.01488	0.07094	0.01029	0.04622	0.01177	0.04012	0.00838	0.00959	0.00717	0.00510	0.00455	0.00133	0.04676	0.00327	0.00262	0.00703

[dist]
# distance from previous block
# <min> <max>
0	31

[block]
# block no. 3 follows, 45 sequences, length 24
# corresponding to MSA columns:
# 305-328
name=unknown_D
#
# <colnr> <probs for GDERKNQSTAVLIFYWHMCP>
#	G	D	E	R	K	N	Q	S	T	A	V	L	I	F	Y	W	H	M	C	P
0	0.00767	0.00573	0.00854	0.00854	0.00947	0.00666	0.00660	0.00953	0.00860	0.01240	0.01446	0.02154	0.01361	0.06494	0.76566	0.00852	0.01408	0.00582	0.00289	0.00474
1	0.00733	0.00577	0.02723	0.00632	0.00706	0.00507	0.00426	0.00807	0.00952	0.01242	0.02816	0.19226	0.20194	0.42434	0.01715	0.00362	0.00422	0.00997	0.02136	0.00394
2	0.01514	0.04875	0.01716	0.06551	0.01755	0.13115	0.08893	0.23814	0.01531	0.01976	0.01167	0.07958	0.01035	0.00842	0.02980	0.00200	0.18467	0.00557	0.00359	0.00694
3	0.01001	0.00500	0.00500	0.00500	0.00625	0.00500	0.00375	0.01251	0.01126	0.02001	0.01751	0.02001	0.01376	0.00625	0.00375	0.00125	0.00250	0.00500	0.84115	0.00500
4	0.00673	0.00492	0.00633	0.00710	0.00777	0.00452	0.00490	0.00803	0.01148	0.01535	0.18084	0.56849	0.12318	0.01529	0.00669	0.00204	0.00295	0.01370	0.00517	0.00452
5	0.03477	0.06437	0.53120	0.01899	0.19715	0.01300	0.03320	0.01680	0.01148	0.01710	0.00959	0.01164	0.00720	0.00499	0.00504	0.00165	0.00738	0.00412	0.00240	0.00794
6	0.01262	0.01211	0.01609	0.43860	0.02749	0.09753	0.06436	0.11948	0.02834	0.01691	0.01303	0.05317	0.04209	0.00653	0.00583	0.00176	0.02892	0.00555	0.00317	0.00644
7	0.69489	0.01079	0.00892	0.00771	0.01108	0.01237	0.00634	0.12030	0.01150	0.02527	0.00869	0.00981	0.00664	0.00525	0.00363	0.00164	0.00432	0.00327	0.04135	0.00624
8	0.01125	0.01126	0.01465	0.51220	0.02818	0.12043	0.02519	0.01411	0.01137	0.01408	0.02571	0.07772	0.02370	0.00676	0.00598	0.00177	0.04531	0.00565	0.03886	0.00581
9	0.02060	0.00874	0.01181	0.00935	0.01300	0.00786	0.00764	0.04326	0.01449	0.59511	0.04019	0.01878	0.01396	0.01136	0.11572	0.00260	0.00590	0.00544	0.00589	0.04830
10	0.02248	0.00989	0.01516	0.01139	0.01572	0.00869	0.11344	0.02490	0.01498	0.67408	0.01973	0.01774	0.01256	0.00635	0.00553	0.00168	0.00520	0.00553	0.00609	0.00887
11	0.01644	0.01169	0.01264	0.01043	0.01383	0.01278	0.00837	0.32600	0.26684	0.09680	0.01995	0.01913	0.06573	0.00722	0.00531	0.00166	0.00468	0.00576	0.08655	0.00820
12	0.03233	0.01316	0.12137	0.01098	0.01542	0.01097	0.00999	0.18962	0.09139	0.38455	0.03035	0.03831	0.01287	0.00677	0.00538	0.00169	0.00523	0.00544	0.00551	0.00865
13	0.01282	0.01235	0.05497	0.27218	0.37358	0.01232	0.01474	0.07838	0.01279	0.03219	0.01031	0.01343	0.00810	0.00510	0.00523	0.00161	0.00646	0.00464	0.00289	0.06591
14	0.00720	0.00507	0.00610	0.00675	0.00770	0.00467	0.00486	0.00868	0.01137	0.01546	0.08137	0.40325	0.21914	0.01400	0.00630	0.00195	0.00303	0.06588	0.12264	0.00458
15	0.01896	0.01426	0.01611	0.12291	0.01951	0.01598	0.01086	0.65501	0.02320	0.03100	0.01242	0.01309	0.00885	0.00629	0.00537	0.00164	0.00608	0.00482	0.00495	0.00868
16	0.05130	0.30247	0.19160	0.01272	0.01792	0.06908	0.11663	0.01850	0.01222	0.14431	0.01079	0.01175	0.00808	0.00512	0.00464	0.00149	0.00670	0.00407	0.00316	0.00746
17	0.00753	0.00515	0.00588	0.00605	0.00622	0.00504	0.00355	0.00775	0.00846	0.01116	0.02130	0.14496	0.07441	0.64406	0.02298	0.00454	0.00474	0.00910	0.00362	0.00350
18	0.00957	0.00702	0.00847	0.00852	0.00974	0.00719	0.00630	0.14778	0.01316	0.01745	0.02638	0.43972	0.07667	0.08460	0.00865	0.00235	0.02105	0.09527	0.00484	0.00526
19	0.01080	0.01022	0.01730	0.63749	0.19276	0.01210	0.01524	0.01430	0.01105	0.01452	0.00966	0.01410	0.00744	0.00524	0.00536	0.00175	0.00699	0.00477	0.00244	0.00650
20	0.01336	0.01260	0.01880	0.24265	0.42117	0.05002	0.01471	0.08216	0.05899	0.01799	0.01081	0.01377	0.00858	0.00528	0.00532	0.00165	0.00658	0.00480	0.00300	0.00774
21	0.01667	0.01615	0.01467	0.04737	0.06917	0.25341	0.01018	0.24880	0.11313	0.02097	0.01248	0.01405	0.00985	0.01086	0.11558	0.00256	0.00814	0.00469	0.00391	0.00736
22	0.00714	0.00491	0.00630	0.00720	0.00770	0.00456	0.00481	0.00804	0.01031	0.03466	0.03000	0.64366	0.09250	0.10034	0.00894	0.00246	0.00334	0.01388	0.00485	0.00439
23	0.03011	0.01723	0.20603	0.02177	0.12559	0.01323	0.45610	0.01694	0.01213	0.01726	0.01032	0.01341	0.00781	0.00480	0.00607	0.00176	0.02385	0.00547	0.00261	0.00751

[dist]
# distance from previous block
# <min> <max>
0	40

# created by:
# /st0/software/busco_prod/Augustus/scripts/msa2prfl.pl ./align_prep/150034.fa
