[name]
unknown

[dist]
# distance from previous block
# <min> <max>
39	232

[block]
# block no. 0 follows, 50 sequences, length 7
# corresponding to MSA columns:
# 285-291
name=unknown_A
#
# <colnr> <probs for GDERKNQSTAVLIFYWHMCP>
#	G	D	E	R	K	N	Q	S	T	A	V	L	I	F	Y	W	H	M	C	P
0	0.01377	0.00849	0.01206	0.24722	0.06203	0.00896	0.00921	0.09529	0.01278	0.24386	0.05916	0.01886	0.05509	0.04511	0.05965	0.00215	0.00556	0.00539	0.02886	0.00650
1	0.01003	0.00589	0.00642	0.06257	0.00884	0.00614	0.00483	0.08707	0.01176	0.01910	0.01754	0.01947	0.06260	0.00621	0.00390	0.00126	0.00295	0.00500	0.65335	0.00506
2	0.01281	0.01223	0.03678	0.01563	0.04520	0.01203	0.35398	0.20121	0.09102	0.02026	0.06209	0.04409	0.03193	0.00618	0.00558	0.00165	0.00632	0.03030	0.00374	0.00697
3	0.09888	0.01045	0.01173	0.00985	0.03255	0.03722	0.02566	0.14021	0.16815	0.19496	0.01655	0.01667	0.05364	0.00611	0.00471	0.00146	0.00447	0.02138	0.00453	0.14083
4	0.06169	0.08235	0.14442	0.01343	0.12061	0.21985	0.01062	0.01733	0.06861	0.06322	0.01028	0.02832	0.00826	0.00508	0.00441	0.00134	0.00617	0.00387	0.00298	0.12716
5	0.01201	0.01211	0.06053	0.06640	0.01527	0.08753	0.03591	0.08202	0.06229	0.01720	0.00981	0.01122	0.00778	0.00441	0.00421	0.00107	0.00499	0.00354	0.00311	0.49857
6	0.01343	0.18701	0.11255	0.01327	0.09908	0.11940	0.05350	0.11927	0.09457	0.01698	0.01131	0.06571	0.00968	0.00568	0.00458	0.00141	0.00591	0.00459	0.00316	0.05892

[dist]
# distance from previous block
# <min> <max>
21	50

[block]
# block no. 1 follows, 50 sequences, length 33
# corresponding to MSA columns:
# 353-385
name=unknown_B
#
# <colnr> <probs for GDERKNQSTAVLIFYWHMCP>
#	G	D	E	R	K	N	Q	S	T	A	V	L	I	F	Y	W	H	M	C	P
0	0.40823	0.01104	0.06841	0.00824	0.01127	0.03895	0.00702	0.11942	0.04622	0.06716	0.02623	0.06137	0.01051	0.08905	0.00624	0.00190	0.00457	0.00457	0.00366	0.00594
1	0.07949	0.00947	0.07919	0.00816	0.01016	0.07326	0.03666	0.01089	0.02471	0.01350	0.01720	0.19731	0.05576	0.26202	0.01134	0.00258	0.00479	0.00737	0.00335	0.09280
2	0.01104	0.03878	0.01168	0.00831	0.01236	0.00810	0.03686	0.06197	0.05922	0.02870	0.03539	0.02845	0.03204	0.00478	0.00413	0.00098	0.00399	0.00397	0.00337	0.60587
3	0.04200	0.03201	0.38375	0.01226	0.03231	0.01009	0.07800	0.01572	0.04346	0.09108	0.01251	0.01447	0.03948	0.05571	0.00598	0.00167	0.00600	0.00444	0.00297	0.11610
4	0.09460	0.00622	0.00722	0.00698	0.00807	0.00656	0.00500	0.07113	0.02590	0.01551	0.14365	0.17031	0.02247	0.24296	0.14815	0.00366	0.00547	0.00775	0.00386	0.00451
5	0.01034	0.00886	0.01034	0.00738	0.01181	0.00664	0.00591	0.01255	0.01034	0.01624	0.00886	0.01034	0.00738	0.00369	0.00369	0.00074	0.00369	0.00295	0.00295	0.85530
6	0.06931	0.07468	0.01419	0.01159	0.01451	0.48984	0.00901	0.10970	0.13041	0.01637	0.01000	0.01066	0.00792	0.00539	0.00446	0.00137	0.00725	0.00366	0.00323	0.00643
7	0.01195	0.01145	0.01953	0.13481	0.69256	0.01174	0.01510	0.01496	0.01117	0.01581	0.00931	0.01246	0.00773	0.00451	0.00494	0.00150	0.00602	0.00444	0.00243	0.00758
8	0.04780	0.42395	0.04255	0.05999	0.01567	0.07561	0.06732	0.07628	0.11807	0.01548	0.00963	0.01065	0.00783	0.00487	0.00404	0.00132	0.00574	0.00364	0.00286	0.00668
9	0.10806	0.00576	0.00614	0.00613	0.00747	0.00561	0.00448	0.02375	0.02262	0.01515	0.12877	0.14331	0.30013	0.15008	0.00896	0.00226	0.00329	0.04936	0.00429	0.00435
10	0.01864	0.02314	0.01418	0.01276	0.01541	0.75548	0.00962	0.06723	0.01471	0.01340	0.00797	0.00917	0.00655	0.00519	0.00453	0.00130	0.00877	0.00329	0.00272	0.00595
11	0.01045	0.01017	0.01662	0.57375	0.16613	0.03484	0.06080	0.01409	0.03831	0.01384	0.00940	0.01319	0.00722	0.00491	0.00502	0.00162	0.00660	0.00453	0.00239	0.00612
12	0.08331	0.00894	0.01455	0.43326	0.07862	0.00998	0.09915	0.01247	0.01021	0.01435	0.01369	0.09719	0.06478	0.00640	0.00508	0.00165	0.00579	0.00582	0.00278	0.03197
13	0.00646	0.00505	0.00586	0.00571	0.00710	0.00444	0.00426	0.00823	0.01262	0.01659	0.40735	0.07061	0.40477	0.01156	0.00590	0.00164	0.00245	0.00992	0.00504	0.00444
14	0.04548	0.00851	0.01145	0.00880	0.01264	0.00743	0.00727	0.02403	0.01411	0.77580	0.01931	0.01672	0.01215	0.00613	0.00496	0.00154	0.00423	0.00495	0.00608	0.00840
15	0.00752	0.00491	0.00639	0.00671	0.00758	0.00451	0.00473	0.00889	0.01124	0.06897	0.25370	0.46022	0.07975	0.04229	0.00678	0.00194	0.00287	0.01155	0.00493	0.00452
16	0.08574	0.00650	0.00797	0.00715	0.00915	0.00617	0.00551	0.01394	0.04725	0.21404	0.36320	0.12788	0.06694	0.00934	0.00544	0.00163	0.00310	0.00803	0.00528	0.00575
17	0.01852	0.01353	0.01455	0.01128	0.01517	0.01496	0.00928	0.69287	0.08488	0.05434	0.01288	0.01266	0.00914	0.00605	0.00499	0.00151	0.00532	0.00460	0.00503	0.00843
18	0.01131	0.00853	0.00967	0.00864	0.01096	0.00924	0.00670	0.03618	0.42525	0.07916	0.30525	0.02523	0.02663	0.00797	0.00536	0.00163	0.00341	0.00681	0.00531	0.00677
19	0.00761	0.00530	0.00656	0.00688	0.00793	0.00500	0.00491	0.00986	0.06987	0.05925	0.15617	0.46034	0.15534	0.01303	0.00603	0.00184	0.00290	0.01156	0.00489	0.00473
20	0.11171	0.00826	0.01039	0.00822	0.01163	0.00754	0.00669	0.03614	0.01336	0.59537	0.04188	0.01901	0.06085	0.03907	0.00569	0.00168	0.00409	0.00529	0.00557	0.00756
21	0.02236	0.00848	0.01157	0.00887	0.01272	0.00733	0.00733	0.02429	0.01427	0.79719	0.01966	0.01697	0.01234	0.00617	0.00501	0.00154	0.00424	0.00501	0.00617	0.00848
22	0.00684	0.00496	0.00643	0.00658	0.00745	0.00466	0.00471	0.00889	0.03137	0.01712	0.47690	0.31703	0.04039	0.03529	0.00659	0.00183	0.00265	0.01072	0.00510	0.00450
23	0.63681	0.00941	0.00824	0.00707	0.01021	0.01044	0.00581	0.05644	0.01029	0.14309	0.00972	0.01028	0.00706	0.00501	0.00351	0.00152	0.00392	0.00326	0.05195	0.00600
24	0.00612	0.00436	0.00577	0.00688	0.00716	0.00408	0.00457	0.00695	0.00946	0.01261	0.02703	0.79210	0.03241	0.04584	0.00707	0.00213	0.00296	0.01391	0.00457	0.00401
25	0.00725	0.00483	0.00544	0.00544	0.00544	0.00483	0.00302	0.00725	0.00725	0.00966	0.01571	0.03262	0.01812	0.82483	0.02537	0.00483	0.00483	0.00725	0.00302	0.00302
26	0.03496	0.00660	0.00822	0.00780	0.00946	0.00639	0.00583	0.10389	0.01272	0.17291	0.11016	0.42487	0.03894	0.01156	0.00578	0.00180	0.00347	0.02403	0.00503	0.00559
27	0.01702	0.01210	0.01324	0.01049	0.01385	0.01322	0.00847	0.58811	0.04810	0.07143	0.01396	0.06410	0.01122	0.06489	0.02461	0.00192	0.00533	0.00537	0.00484	0.00771
28	0.17048	0.01176	0.01522	0.01231	0.03234	0.05657	0.17732	0.08134	0.21175	0.13177	0.01347	0.01379	0.00983	0.00541	0.00479	0.00156	0.00540	0.00471	0.00402	0.03614
29	0.00941	0.00886	0.01495	0.81285	0.03433	0.01107	0.01384	0.01274	0.00997	0.01274	0.00886	0.01329	0.00664	0.00498	0.00498	0.00166	0.00664	0.00443	0.00221	0.00554
30	0.05471	0.00474	0.00593	0.00678	0.00737	0.00453	0.00465	0.00763	0.01000	0.01402	0.10330	0.66913	0.06024	0.01434	0.00611	0.00194	0.00288	0.01287	0.00463	0.00420
31	0.06581	0.54823	0.12698	0.01002	0.01457	0.04873	0.05013	0.01581	0.01056	0.05782	0.00812	0.00918	0.00672	0.00449	0.00369	0.00123	0.00576	0.00313	0.00245	0.00658
32	0.14200	0.00549	0.00590	0.00603	0.00666	0.00564	0.00389	0.00849	0.00845	0.01310	0.06943	0.21563	0.02157	0.44860	0.01603	0.00343	0.00405	0.00828	0.00358	0.00375

[dist]
# distance from previous block
# <min> <max>
2	4

[block]
# block no. 2 follows, 50 sequences, length 14
# corresponding to MSA columns:
# 391-404
name=unknown_C
#
# <colnr> <probs for GDERKNQSTAVLIFYWHMCP>
#	G	D	E	R	K	N	Q	S	T	A	V	L	I	F	Y	W	H	M	C	P
0	0.06551	0.01439	0.01448	0.01129	0.01513	0.06876	0.00926	0.68352	0.02198	0.02961	0.01140	0.01155	0.00817	0.00585	0.00485	0.00148	0.00563	0.00430	0.00472	0.00812
1	0.00607	0.00434	0.00578	0.00694	0.00723	0.00405	0.00463	0.00694	0.00954	0.01272	0.02747	0.82157	0.03297	0.01562	0.00636	0.00202	0.00289	0.01417	0.00463	0.00405
2	0.04345	0.01184	0.01850	0.02593	0.62117	0.01194	0.01364	0.10897	0.01267	0.01836	0.00958	0.01201	0.00785	0.00459	0.00480	0.00144	0.00566	0.00429	0.00283	0.06047
3	0.01284	0.65975	0.09631	0.01051	0.01514	0.01815	0.09951	0.01513	0.01036	0.01259	0.00748	0.00886	0.00653	0.00430	0.00365	0.00118	0.00588	0.00314	0.00218	0.00652
4	0.00605	0.00444	0.00568	0.00668	0.00716	0.00407	0.00451	0.00697	0.00980	0.01283	0.03069	0.71347	0.13900	0.01520	0.00630	0.00198	0.00284	0.01366	0.00463	0.00407
5	0.01758	0.01166	0.01301	0.01038	0.01394	0.01256	0.00844	0.41111	0.19766	0.18723	0.05183	0.01572	0.01264	0.00640	0.00505	0.00155	0.00472	0.00507	0.00527	0.00817
6	0.02088	0.00849	0.01133	0.00881	0.01245	0.00757	0.00723	0.04712	0.03941	0.69446	0.07252	0.01825	0.01470	0.00646	0.00507	0.00155	0.00414	0.00529	0.00605	0.00820
7	0.05686	0.01181	0.01309	0.01162	0.06642	0.14805	0.05571	0.06883	0.05648	0.34131	0.05891	0.04509	0.03045	0.00640	0.00500	0.00153	0.00530	0.00528	0.00465	0.00722
8	0.02198	0.00910	0.01195	0.00916	0.01303	0.00824	0.00757	0.10879	0.01530	0.71123	0.01880	0.01640	0.01191	0.00615	0.00501	0.00154	0.00438	0.00495	0.00604	0.00848
9	0.00674	0.00503	0.00633	0.00677	0.00770	0.00473	0.00494	0.00874	0.04136	0.01545	0.25261	0.37755	0.15316	0.01308	0.00614	0.00185	0.00286	0.07559	0.00489	0.00446
10	0.01034	0.00886	0.01034	0.00738	0.01181	0.00664	0.00591	0.01255	0.01034	0.01624	0.00886	0.01034	0.00738	0.00369	0.00369	0.00074	0.00369	0.00295	0.00295	0.85530
11	0.00712	0.00534	0.00801	0.00801	0.00890	0.00623	0.00623	0.00890	0.00801	0.01157	0.01335	0.01958	0.01246	0.03738	0.80507	0.00801	0.01335	0.00534	0.00267	0.00445
12	0.01000	0.02578	0.79900	0.01421	0.02157	0.01158	0.01842	0.01579	0.01052	0.01579	0.00895	0.01052	0.00631	0.00474	0.00474	0.00158	0.00737	0.00368	0.00210	0.00737
13	0.01017	0.02312	0.65886	0.01551	0.07502	0.01139	0.07103	0.01551	0.01081	0.01600	0.04038	0.01193	0.00814	0.00490	0.00488	0.00158	0.00714	0.00410	0.00229	0.00725

[dist]
# distance from previous block
# <min> <max>
0	6

[block]
# block no. 3 follows, 50 sequences, length 35
# corresponding to MSA columns:
# 411-445
name=unknown_D
#
# <colnr> <probs for GDERKNQSTAVLIFYWHMCP>
#	G	D	E	R	K	N	Q	S	T	A	V	L	I	F	Y	W	H	M	C	P
0	0.02236	0.00848	0.01157	0.00887	0.01272	0.00733	0.00733	0.02429	0.01427	0.79719	0.01966	0.01697	0.01234	0.00617	0.00501	0.00154	0.00424	0.00501	0.00617	0.00848
1	0.00606	0.00438	0.00574	0.00683	0.00720	0.00406	0.00458	0.00695	0.00965	0.01277	0.02883	0.77596	0.07770	0.01544	0.00633	0.00200	0.00287	0.01395	0.00463	0.00406
2	0.05463	0.01261	0.01386	0.01090	0.01445	0.01398	0.00895	0.55332	0.07330	0.10872	0.01311	0.02854	0.00958	0.00635	0.00561	0.00157	0.05290	0.00473	0.00486	0.00804
3	0.01862	0.02376	0.01413	0.01284	0.01541	0.80482	0.00963	0.01990	0.01413	0.01220	0.00770	0.00899	0.00642	0.00514	0.00449	0.00128	0.00899	0.00321	0.00257	0.00578
4	0.86003	0.00964	0.00733	0.00655	0.00964	0.01118	0.00540	0.01465	0.00848	0.02236	0.00694	0.00810	0.00540	0.00463	0.00308	0.00154	0.00386	0.00270	0.00308	0.00540
5	0.01163	0.01094	0.01847	0.09106	0.64713	0.01111	0.01439	0.01455	0.01125	0.01585	0.01119	0.01721	0.01007	0.00550	0.00515	0.00158	0.00583	0.08705	0.00268	0.00734
6	0.01034	0.00886	0.01034	0.00738	0.01181	0.00664	0.00591	0.01255	0.01034	0.01624	0.00886	0.01034	0.00738	0.00369	0.00369	0.00074	0.00369	0.00295	0.00295	0.85530
7	0.01240	0.01071	0.01127	0.01014	0.01296	0.01240	0.00789	0.02649	0.78473	0.02085	0.02029	0.01860	0.01522	0.00676	0.00507	0.00169	0.00394	0.00564	0.00507	0.00789
8	0.00701	0.00509	0.00660	0.00622	0.00742	0.00468	0.00467	0.00932	0.01400	0.01974	0.76248	0.03765	0.07581	0.01028	0.00588	0.00157	0.00236	0.00907	0.00545	0.00468
9	0.00702	0.00507	0.00663	0.00629	0.00744	0.00468	0.00470	0.00932	0.01395	0.01973	0.76367	0.06541	0.04653	0.01039	0.00590	0.00158	0.00237	0.00920	0.00546	0.00468
10	0.01000	0.02578	0.79900	0.01421	0.02157	0.01158	0.01842	0.01579	0.01052	0.01579	0.00895	0.01052	0.00631	0.00474	0.00474	0.00158	0.00737	0.00368	0.00210	0.00737
11	0.00725	0.00483	0.00544	0.00544	0.00544	0.00483	0.00302	0.00725	0.00725	0.00966	0.01571	0.03262	0.01812	0.82483	0.02537	0.00483	0.00483	0.00725	0.00302	0.00302
12	0.00712	0.00534	0.00801	0.00801	0.00890	0.00623	0.00623	0.00890	0.00801	0.01157	0.01335	0.01958	0.01246	0.03738	0.80507	0.00801	0.01335	0.00534	0.00267	0.00445
13	0.02236	0.00848	0.01157	0.00887	0.01272	0.00733	0.00733	0.02429	0.01427	0.79719	0.01966	0.01697	0.01234	0.00617	0.00501	0.00154	0.00424	0.00501	0.00617	0.00848
14	0.01333	0.82783	0.02612	0.00853	0.01279	0.01972	0.00853	0.01493	0.01013	0.01173	0.00693	0.00800	0.00640	0.00426	0.00320	0.00107	0.00533	0.00267	0.00213	0.00640
15	0.00866	0.00433	0.00649	0.00649	0.00649	0.00433	0.00433	0.00649	0.00649	0.00866	0.00866	0.01515	0.00866	0.01732	0.01948	0.85498	0.00433	0.00433	0.00216	0.00216
16	0.00929	0.00465	0.00465	0.00465	0.00581	0.00465	0.00348	0.01161	0.01045	0.01858	0.01626	0.01858	0.01278	0.00581	0.00348	0.00116	0.00232	0.00465	0.85250	0.00465
17	0.01000	0.02578	0.79900	0.01421	0.02157	0.01158	0.01842	0.01579	0.01052	0.01579	0.00895	0.01052	0.00631	0.00474	0.00474	0.00158	0.00737	0.00368	0.00210	0.00737
18	0.00705	0.00510	0.00666	0.00627	0.00745	0.00470	0.00470	0.00941	0.01411	0.01999	0.79110	0.03723	0.04703	0.01019	0.00588	0.00157	0.00235	0.00901	0.00549	0.00470
19	0.00929	0.00465	0.00465	0.00465	0.00581	0.00465	0.00348	0.01161	0.01045	0.01858	0.01626	0.01858	0.01278	0.00581	0.00348	0.00116	0.00232	0.00465	0.85250	0.00465
20	0.00950	0.00894	0.01510	0.79088	0.05566	0.01110	0.01388	0.01281	0.01001	0.01283	0.00887	0.01326	0.00668	0.00497	0.00498	0.00166	0.00662	0.00443	0.00222	0.00560
21	0.01000	0.02578	0.79900	0.01421	0.02157	0.01158	0.01842	0.01579	0.01052	0.01579	0.00895	0.01052	0.00631	0.00474	0.00474	0.00158	0.00737	0.00368	0.00210	0.00737
22	0.00635	0.00453	0.00610	0.00725	0.00766	0.00428	0.00510	0.00741	0.00981	0.01303	0.02732	0.71499	0.03237	0.01536	0.00643	0.00206	0.00313	0.11806	0.00462	0.00412
23	0.02185	0.00837	0.01140	0.00878	0.01255	0.00724	0.00724	0.02380	0.01426	0.77133	0.04533	0.01764	0.01349	0.00630	0.00504	0.00154	0.00418	0.00515	0.00615	0.00836
24	0.01062	0.00921	0.01150	0.05682	0.07600	0.00751	0.00720	0.02890	0.01067	0.01636	0.00897	0.01071	0.00740	0.00388	0.00389	0.00087	0.00408	0.00319	0.00291	0.71931
25	0.01314	0.76787	0.05611	0.00919	0.01360	0.01915	0.03619	0.01500	0.01020	0.01203	0.00712	0.00829	0.00643	0.00428	0.00335	0.00111	0.00552	0.00282	0.00214	0.00645
26	0.00679	0.00508	0.00630	0.00599	0.00729	0.00459	0.00450	0.00890	0.01349	0.01851	0.62379	0.03966	0.21526	0.01074	0.00588	0.00159	0.00239	0.00935	0.00529	0.00459
27	0.00713	0.00529	0.00776	0.00776	0.00856	0.00609	0.00592	0.00874	0.00794	0.01139	0.01358	0.02085	0.01301	0.11416	0.72905	0.00770	0.01252	0.00553	0.00270	0.00431
28	0.01233	0.01174	0.02010	0.05551	0.60595	0.01180	0.09415	0.05994	0.01218	0.01718	0.04352	0.01355	0.00955	0.00478	0.00508	0.00151	0.00603	0.00479	0.00274	0.00758
29	0.00687	0.00509	0.00640	0.00607	0.00733	0.00462	0.00455	0.00904	0.01366	0.01893	0.67131	0.03897	0.16748	0.01058	0.00588	0.00159	0.00238	0.00926	0.00535	0.00462
30	0.01010	0.02515	0.76362	0.01495	0.05666	0.01159	0.01827	0.01576	0.01056	0.01581	0.00896	0.01061	0.00639	0.00472	0.00474	0.00157	0.00730	0.00372	0.00212	0.00739
31	0.01154	0.01452	0.10284	0.03889	0.02582	0.01247	0.68522	0.01587	0.01160	0.01587	0.00995	0.01316	0.00742	0.00427	0.00575	0.00167	0.00826	0.00564	0.00247	0.00676
32	0.01152	0.01435	0.10412	0.02079	0.08520	0.01226	0.62527	0.01571	0.01156	0.01591	0.01028	0.03010	0.00800	0.00451	0.00571	0.00166	0.00799	0.00573	0.00252	0.00682
33	0.00713	0.00530	0.00779	0.00779	0.00860	0.00611	0.00595	0.00876	0.00794	0.01140	0.01356	0.02072	0.01296	0.10636	0.73677	0.00773	0.01260	0.00551	0.00270	0.00433
34	0.01155	0.01104	0.01881	0.24061	0.58985	0.01164	0.01491	0.01461	0.01098	0.01533	0.00924	0.01259	0.00756	0.00459	0.00495	0.00153	0.00612	0.00444	0.00240	0.00726

[dist]
# distance from previous block
# <min> <max>
0	21

[block]
# block no. 4 follows, 50 sequences, length 93
# corresponding to MSA columns:
# 467-559
name=unknown_E
#
# <colnr> <probs for GDERKNQSTAVLIFYWHMCP>
#	G	D	E	R	K	N	Q	S	T	A	V	L	I	F	Y	W	H	M	C	P
0	0.06130	0.73680	0.02439	0.00866	0.01276	0.06314	0.00841	0.01519	0.01026	0.01235	0.00697	0.00806	0.00634	0.00433	0.00326	0.00111	0.00545	0.00270	0.00221	0.00631
1	0.01019	0.00989	0.01647	0.63449	0.15031	0.02926	0.05234	0.01345	0.01036	0.01343	0.00897	0.01305	0.00688	0.00486	0.00501	0.00163	0.00668	0.00448	0.00228	0.00597
2	0.00689	0.00509	0.00644	0.00610	0.00735	0.00464	0.00458	0.00910	0.01373	0.01909	0.68931	0.03871	0.14939	0.01052	0.00588	0.00158	0.00238	0.00922	0.00537	0.00464
3	0.01862	0.02376	0.01413	0.01284	0.01541	0.80482	0.00963	0.01990	0.01413	0.01220	0.00770	0.00899	0.00642	0.00514	0.00449	0.00128	0.00899	0.00321	0.00257	0.00578
4	0.00725	0.00483	0.00544	0.00544	0.00544	0.00483	0.00302	0.00725	0.00725	0.00966	0.01571	0.03262	0.01812	0.82483	0.02537	0.00483	0.00483	0.00725	0.00302	0.00302
5	0.00705	0.00510	0.00666	0.00627	0.00745	0.00470	0.00470	0.00941	0.01411	0.01999	0.79110	0.03723	0.04703	0.01019	0.00588	0.00157	0.00235	0.00901	0.00549	0.00470
6	0.00798	0.00570	0.00797	0.00911	0.01024	0.00569	0.00793	0.01023	0.01142	0.01485	0.02642	0.07839	0.02881	0.01382	0.00687	0.00229	0.00454	0.73858	0.00459	0.00457
7	0.00618	0.00442	0.00591	0.00707	0.00741	0.00414	0.00482	0.00713	0.00965	0.01285	0.02741	0.77806	0.03272	0.01551	0.00639	0.00204	0.00299	0.05659	0.00462	0.00408
8	0.01862	0.02376	0.01413	0.01284	0.01541	0.80482	0.00963	0.01990	0.01413	0.01220	0.00770	0.00899	0.00642	0.00514	0.00449	0.00128	0.00899	0.00321	0.00257	0.00578
9	0.00705	0.00510	0.00666	0.00627	0.00745	0.00470	0.00470	0.00941	0.01411	0.01999	0.79110	0.03723	0.04703	0.01019	0.00588	0.00157	0.00235	0.00901	0.00549	0.00470
10	0.01333	0.82783	0.02612	0.00853	0.01279	0.01972	0.00853	0.01493	0.01013	0.01173	0.00693	0.00800	0.00640	0.00426	0.00320	0.00107	0.00533	0.00267	0.00213	0.00640
11	0.01862	0.02376	0.01413	0.01284	0.01541	0.80482	0.00963	0.01990	0.01413	0.01220	0.00770	0.00899	0.00642	0.00514	0.00449	0.00128	0.00899	0.00321	0.00257	0.00578
12	0.01258	0.01075	0.01138	0.01006	0.01301	0.01223	0.00786	0.05870	0.71126	0.02108	0.01933	0.01788	0.01451	0.00657	0.00500	0.00163	0.00400	0.00545	0.00496	0.05175
13	0.01247	0.01210	0.02010	0.03021	0.77669	0.02920	0.01517	0.01540	0.01141	0.01619	0.00934	0.01226	0.00786	0.00446	0.00492	0.00148	0.00599	0.00441	0.00247	0.00785
14	0.00866	0.00433	0.00649	0.00649	0.00649	0.00433	0.00433	0.00649	0.00649	0.00866	0.00866	0.01515	0.00866	0.01732	0.01948	0.85498	0.00433	0.00433	0.00216	0.00216
15	0.01000	0.02578	0.79900	0.01421	0.02157	0.01158	0.01842	0.01579	0.01052	0.01579	0.00895	0.01052	0.00631	0.00474	0.00474	0.00158	0.00737	0.00368	0.00210	0.00737
16	0.05347	0.01281	0.02657	0.01907	0.02393	0.01200	0.66459	0.01609	0.01164	0.05057	0.01029	0.01318	0.00766	0.00428	0.00559	0.00162	0.00776	0.00554	0.00273	0.05063
17	0.01000	0.02578	0.79900	0.01421	0.02157	0.01158	0.01842	0.01579	0.01052	0.01579	0.00895	0.01052	0.00631	0.00474	0.00474	0.00158	0.00737	0.00368	0.00210	0.00737
18	0.00607	0.00435	0.00577	0.00690	0.00722	0.00405	0.00461	0.00695	0.00959	0.01274	0.02802	0.80329	0.05090	0.01555	0.00635	0.00202	0.00288	0.01408	0.00463	0.00405
19	0.01343	0.81242	0.02589	0.00861	0.01284	0.03476	0.00855	0.01502	0.01020	0.01174	0.00694	0.00801	0.00640	0.00428	0.00322	0.00107	0.00540	0.00268	0.00214	0.00638
20	0.01000	0.02578	0.79900	0.01421	0.02157	0.01158	0.01842	0.01579	0.01052	0.01579	0.00895	0.01052	0.00631	0.00474	0.00474	0.00158	0.00737	0.00368	0.00210	0.00737
21	0.00725	0.00483	0.00544	0.00544	0.00544	0.00483	0.00302	0.00725	0.00725	0.00966	0.01571	0.03262	0.01812	0.82483	0.02537	0.00483	0.00483	0.00725	0.00302	0.00302
22	0.86003	0.00964	0.00733	0.00655	0.00964	0.01118	0.00540	0.01465	0.00848	0.02236	0.00694	0.00810	0.00540	0.00463	0.00308	0.00154	0.00386	0.00270	0.00308	0.00540
23	0.00705	0.00510	0.00666	0.00627	0.00745	0.00470	0.00470	0.00941	0.01411	0.01999	0.79110	0.03723	0.04703	0.01019	0.00588	0.00157	0.00235	0.00901	0.00549	0.00470
24	0.01000	0.02578	0.79900	0.01421	0.02157	0.01158	0.01842	0.01579	0.01052	0.01579	0.00895	0.01052	0.00631	0.00474	0.00474	0.00158	0.00737	0.00368	0.00210	0.00737
25	0.86003	0.00964	0.00733	0.00655	0.00964	0.01118	0.00540	0.01465	0.00848	0.02236	0.00694	0.00810	0.00540	0.00463	0.00308	0.00154	0.00386	0.00270	0.00308	0.00540
26	0.00589	0.00505	0.00505	0.00505	0.00673	0.00421	0.00379	0.00715	0.01136	0.01347	0.05049	0.04797	0.79171	0.01262	0.00589	0.00168	0.00252	0.01052	0.00463	0.00421
27	0.01034	0.00886	0.01034	0.00738	0.01181	0.00664	0.00591	0.01255	0.01034	0.01624	0.00886	0.01034	0.00738	0.00369	0.00369	0.00074	0.00369	0.00295	0.00295	0.85530
28	0.01091	0.01091	0.01527	0.01309	0.01309	0.01527	0.01091	0.01200	0.00763	0.01200	0.00654	0.01091	0.00654	0.00872	0.01636	0.00218	0.81570	0.00436	0.00218	0.00545
29	0.00725	0.00483	0.00544	0.00544	0.00544	0.00483	0.00302	0.00725	0.00725	0.00966	0.01571	0.03262	0.01812	0.82483	0.02537	0.00483	0.00483	0.00725	0.00302	0.00302
30	0.02204	0.00868	0.01165	0.00897	0.01280	0.00766	0.00740	0.04495	0.03198	0.75863	0.01947	0.01687	0.01230	0.00618	0.00501	0.00154	0.00427	0.00501	0.00611	0.00847
31	0.00725	0.00483	0.00544	0.00544	0.00544	0.00483	0.00302	0.00725	0.00725	0.00966	0.01571	0.03262	0.01812	0.82483	0.02537	0.00483	0.00483	0.00725	0.00302	0.00302
32	0.00607	0.00434	0.00578	0.00694	0.00723	0.00405	0.00463	0.00694	0.00954	0.01272	0.02747	0.82157	0.03297	0.01562	0.00636	0.00202	0.00289	0.01417	0.00463	0.00405
33	0.01333	0.82783	0.02612	0.00853	0.01279	0.01972	0.00853	0.01493	0.01013	0.01173	0.00693	0.00800	0.00640	0.00426	0.00320	0.00107	0.00533	0.00267	0.00213	0.00640
34	0.09065	0.01076	0.01734	0.21192	0.50145	0.01137	0.01363	0.01510	0.01091	0.05640	0.00956	0.01241	0.00760	0.00468	0.00478	0.00153	0.00581	0.00431	0.00266	0.00714
35	0.01290	0.18479	0.28132	0.01703	0.20783	0.16029	0.03797	0.01626	0.01135	0.01442	0.00845	0.01026	0.00678	0.00463	0.00446	0.00140	0.00693	0.00364	0.00230	0.00698
36	0.86003	0.00964	0.00733	0.00655	0.00964	0.01118	0.00540	0.01465	0.00848	0.02236	0.00694	0.00810	0.00540	0.00463	0.00308	0.00154	0.00386	0.00270	0.00308	0.00540
37	0.01845	0.04910	0.01450	0.01271	0.01533	0.78007	0.00960	0.01975	0.01400	0.01218	0.00768	0.00896	0.00642	0.00511	0.00445	0.00128	0.00887	0.00319	0.00255	0.00580
38	0.01000	0.02578	0.79900	0.01421	0.02157	0.01158	0.01842	0.01579	0.01052	0.01579	0.00895	0.01052	0.00631	0.00474	0.00474	0.00158	0.00737	0.00368	0.00210	0.00737
39	0.01000	0.02578	0.79900	0.01421	0.02157	0.01158	0.01842	0.01579	0.01052	0.01579	0.00895	0.01052	0.00631	0.00474	0.00474	0.00158	0.00737	0.00368	0.00210	0.00737
40	0.86003	0.00964	0.00733	0.00655	0.00964	0.01118	0.00540	0.01465	0.00848	0.02236	0.00694	0.00810	0.00540	0.00463	0.00308	0.00154	0.00386	0.00270	0.00308	0.00540
41	0.01862	0.02376	0.01413	0.01284	0.01541	0.80482	0.00963	0.01990	0.01413	0.01220	0.00770	0.00899	0.00642	0.00514	0.00449	0.00128	0.00899	0.00321	0.00257	0.00578
42	0.00685	0.00509	0.00638	0.00606	0.00732	0.00462	0.00454	0.00901	0.01363	0.01884	0.66088	0.03912	0.17797	0.01062	0.00588	0.00159	0.00238	0.00928	0.00534	0.00462
43	0.00705	0.00510	0.00666	0.00627	0.00745	0.00470	0.00470	0.00941	0.01411	0.01999	0.79110	0.03723	0.04703	0.01019	0.00588	0.00157	0.00235	0.00901	0.00549	0.00470
44	0.86003	0.00964	0.00733	0.00655	0.00964	0.01118	0.00540	0.01465	0.00848	0.02236	0.00694	0.00810	0.00540	0.00463	0.00308	0.00154	0.00386	0.00270	0.00308	0.00540
45	0.00966	0.00912	0.01540	0.74568	0.09954	0.01114	0.01397	0.01296	0.01009	0.01304	0.00890	0.01321	0.00675	0.00494	0.00498	0.00165	0.00658	0.00443	0.00224	0.00574
46	0.00612	0.00436	0.00577	0.00688	0.00716	0.00408	0.00457	0.00695	0.00945	0.01261	0.02702	0.79128	0.03240	0.04668	0.00709	0.00213	0.00297	0.01390	0.00457	0.00401
47	0.01034	0.00886	0.01034	0.00738	0.01181	0.00664	0.00591	0.01255	0.01034	0.01624	0.00886	0.01034	0.00738	0.00369	0.00369	0.00074	0.00369	0.00295	0.00295	0.85530
48	0.02744	0.01062	0.04290	0.41448	0.32250	0.01118	0.01387	0.01410	0.02453	0.01471	0.00923	0.01267	0.00728	0.00473	0.00485	0.00154	0.00614	0.00432	0.00241	0.05050
49	0.01190	0.01284	0.02617	0.03973	0.27380	0.01233	0.51538	0.01569	0.01160	0.01601	0.00983	0.01308	0.00765	0.00429	0.00556	0.00162	0.00757	0.00539	0.00250	0.00708
50	0.00707	0.00530	0.00773	0.00773	0.00862	0.00606	0.00595	0.00873	0.00813	0.01156	0.01528	0.02164	0.05071	0.07691	0.72582	0.00754	0.01238	0.00569	0.00278	0.00436
51	0.00640	0.00448	0.00569	0.00652	0.00672	0.00427	0.00417	0.00703	0.00889	0.01186	0.02415	0.59870	0.02877	0.24421	0.01173	0.00282	0.00344	0.01221	0.00417	0.00376
52	0.00813	0.00573	0.00844	0.06454	0.04850	0.00554	0.03048	0.00966	0.01066	0.07105	0.11557	0.53279	0.02921	0.01260	0.00604	0.00188	0.00354	0.02631	0.00450	0.00484
53	0.01040	0.12163	0.70664	0.01353	0.02052	0.01255	0.01723	0.01568	0.01048	0.01530	0.00870	0.01022	0.00632	0.00468	0.00455	0.00152	0.00712	0.00356	0.00211	0.00725
54	0.01862	0.02376	0.01413	0.01284	0.01541	0.80482	0.00963	0.01990	0.01413	0.01220	0.00770	0.00899	0.00642	0.00514	0.00449	0.00128	0.00899	0.00321	0.00257	0.00578
55	0.00695	0.00506	0.00655	0.00625	0.00740	0.00465	0.00466	0.00918	0.01376	0.01934	0.72042	0.07592	0.08003	0.01056	0.00590	0.00160	0.00239	0.00933	0.00541	0.00465
56	0.01376	0.43660	0.05461	0.00949	0.01316	0.09819	0.03267	0.02943	0.01186	0.09944	0.10286	0.01541	0.01310	0.00581	0.00423	0.00131	0.00540	0.04310	0.00321	0.00636
57	0.02226	0.00864	0.01167	0.00894	0.01280	0.00756	0.00739	0.04609	0.01453	0.77501	0.01944	0.01682	0.01223	0.00616	0.00501	0.00154	0.00428	0.00500	0.00614	0.00848
58	0.00607	0.00434	0.00578	0.00694	0.00723	0.00405	0.00463	0.00694	0.00954	0.01272	0.02747	0.82157	0.03297	0.01562	0.00636	0.00202	0.00289	0.01417	0.00463	0.00405
59	0.02156	0.00919	0.03322	0.00911	0.01301	0.00783	0.00770	0.06413	0.01465	0.72020	0.03339	0.01690	0.01262	0.00620	0.00502	0.00154	0.00436	0.00502	0.00598	0.00838
60	0.01299	0.01155	0.01540	0.39592	0.13586	0.08928	0.02601	0.13067	0.02826	0.05802	0.01025	0.01292	0.00771	0.00524	0.00509	0.00156	0.01924	0.00441	0.02307	0.00655
61	0.86003	0.00964	0.00733	0.00655	0.00964	0.01118	0.00540	0.01465	0.00848	0.02236	0.00694	0.00810	0.00540	0.00463	0.00308	0.00154	0.00386	0.00270	0.00308	0.00540
62	0.01135	0.17588	0.39916	0.01769	0.21143	0.01329	0.07294	0.01551	0.01075	0.01514	0.00875	0.01071	0.00682	0.00453	0.00458	0.00146	0.00669	0.00384	0.00223	0.00726
63	0.02912	0.03317	0.18532	0.01120	0.02886	0.04833	0.06268	0.03070	0.08137	0.22716	0.01282	0.01302	0.00912	0.00505	0.00461	0.00136	0.00536	0.00416	0.00378	0.20280
64	0.01745	0.01331	0.01413	0.01126	0.01491	0.05403	0.02574	0.49361	0.20289	0.07876	0.01420	0.01376	0.01021	0.00610	0.00500	0.00154	0.00528	0.00476	0.00491	0.00816
65	0.00623	0.00506	0.00552	0.00540	0.00694	0.00435	0.00405	0.00781	0.01216	0.01536	0.26525	0.04486	0.57578	0.01192	0.00589	0.00165	0.00247	0.01008	0.00488	0.00435
66	0.01034	0.00886	0.01034	0.00738	0.01181	0.00664	0.00591	0.01255	0.01034	0.01624	0.00886	0.01034	0.00738	0.00369	0.00369	0.00074	0.00369	0.00295	0.00295	0.85530
67	0.01040	0.01016	0.01430	0.01241	0.01253	0.01406	0.01028	0.01158	0.00768	0.01194	0.00745	0.01207	0.00733	0.01256	0.12183	0.00296	0.70840	0.00449	0.00225	0.00532
68	0.02127	0.01024	0.01266	0.00970	0.01360	0.00993	0.00801	0.26576	0.01721	0.55156	0.01720	0.01536	0.01110	0.00611	0.00500	0.00153	0.00464	0.00484	0.00579	0.00848
69	0.01011	0.00934	0.01533	0.71565	0.08747	0.01136	0.01372	0.05246	0.01076	0.01395	0.00906	0.01315	0.00683	0.00500	0.00498	0.00164	0.00653	0.00443	0.00238	0.00586
70	0.01122	0.00603	0.00801	0.00705	0.00896	0.00544	0.00550	0.01344	0.01402	0.23070	0.54517	0.03251	0.04952	0.00925	0.00568	0.00159	0.00294	0.03163	0.00563	0.00572
71	0.00702	0.00509	0.00662	0.00624	0.00743	0.00469	0.00468	0.00934	0.01403	0.01981	0.77082	0.03753	0.06742	0.01026	0.00588	0.00157	0.00236	0.00906	0.00546	0.00469
72	0.86003	0.00964	0.00733	0.00655	0.00964	0.01118	0.00540	0.01465	0.00848	0.02236	0.00694	0.00810	0.00540	0.00463	0.00308	0.00154	0.00386	0.00270	0.00308	0.00540
73	0.01216	0.01339	0.02822	0.02098	0.06289	0.01272	0.69897	0.05531	0.01235	0.01678	0.01015	0.01331	0.00763	0.00431	0.00579	0.00166	0.00813	0.00574	0.00265	0.00687
74	0.00716	0.00519	0.00723	0.00723	0.00785	0.00581	0.00526	0.00840	0.00778	0.01100	0.01406	0.02352	0.01417	0.27517	0.56963	0.00705	0.01078	0.00592	0.00278	0.00402
75	0.01779	0.01339	0.01431	0.01123	0.01502	0.01492	0.00919	0.64424	0.15820	0.02954	0.01344	0.01314	0.00967	0.00612	0.00500	0.00153	0.00521	0.00469	0.00500	0.00837
76	0.01818	0.08942	0.01597	0.03153	0.01569	0.03439	0.00950	0.66929	0.02164	0.02866	0.01132	0.01156	0.00819	0.00578	0.00481	0.00146	0.00558	0.00429	0.00459	0.00815
77	0.02181	0.00870	0.01162	0.00898	0.01279	0.00774	0.00740	0.03950	0.05197	0.74401	0.01954	0.01694	0.01240	0.00619	0.00501	0.00155	0.00425	0.00503	0.00609	0.00845
78	0.01037	0.10606	0.70422	0.01379	0.02079	0.01242	0.03430	0.01570	0.01051	0.01538	0.00877	0.01033	0.00635	0.00468	0.00461	0.00153	0.00719	0.00363	0.00212	0.00725
79	0.03376	0.01181	0.01292	0.01019	0.01368	0.03926	0.00825	0.45106	0.03154	0.23002	0.01478	0.04987	0.01108	0.05087	0.00611	0.00171	0.00507	0.00514	0.00506	0.00783
80	0.00941	0.00886	0.01495	0.81285	0.03433	0.01107	0.01384	0.01274	0.00997	0.01274	0.00886	0.01329	0.00664	0.00498	0.00498	0.00166	0.00664	0.00443	0.00221	0.00554
81	0.01234	0.01229	0.02132	0.04313	0.65171	0.02961	0.12487	0.01545	0.01145	0.01608	0.00943	0.01244	0.00779	0.00443	0.00506	0.00151	0.00636	0.00462	0.00247	0.00764
82	0.00936	0.00589	0.00754	0.00675	0.00840	0.00547	0.00519	0.04478	0.01441	0.11358	0.62974	0.03419	0.07583	0.00964	0.00574	0.00157	0.00272	0.00840	0.00551	0.00530
83	0.01103	0.01096	0.01451	0.03252	0.01351	0.03880	0.01022	0.01234	0.00829	0.01263	0.00697	0.01082	0.00666	0.00779	0.01387	0.00193	0.65259	0.00412	0.00231	0.12811
84	0.01147	0.01273	0.02682	0.08452	0.02567	0.01204	0.65657	0.01545	0.01151	0.01572	0.00989	0.01320	0.00747	0.00423	0.00565	0.00161	0.00791	0.00555	0.00253	0.06946
85	0.00701	0.00508	0.00662	0.00639	0.00754	0.00470	0.00481	0.00924	0.01366	0.01917	0.69289	0.07900	0.07079	0.01071	0.00595	0.00163	0.00248	0.04229	0.00537	0.00465
86	0.01278	0.00825	0.01009	0.00890	0.03532	0.00828	0.00676	0.17155	0.08216	0.15411	0.39605	0.02576	0.02859	0.00806	0.00541	0.00154	0.00359	0.00687	0.00533	0.02061
87	0.05721	0.71073	0.06230	0.00883	0.01317	0.01870	0.00889	0.04840	0.01065	0.01334	0.00725	0.00830	0.00643	0.00438	0.00335	0.00113	0.00536	0.00280	0.00231	0.00648
88	0.01034	0.00886	0.01034	0.00738	0.01181	0.00664	0.00591	0.01255	0.01034	0.01624	0.00886	0.01034	0.00738	0.00369	0.00369	0.00074	0.00369	0.00295	0.00295	0.85530
89	0.00913	0.00847	0.01416	0.74356	0.03200	0.01047	0.01305	0.01224	0.00993	0.01273	0.01046	0.08278	0.00891	0.00590	0.00510	0.00169	0.00632	0.00527	0.00242	0.00541
90	0.01865	0.01400	0.01478	0.01144	0.01535	0.02982	0.00941	0.73027	0.05667	0.03060	0.01225	0.01220	0.00873	0.00600	0.00498	0.00150	0.00548	0.00451	0.00495	0.00840
91	0.01091	0.01091	0.01527	0.01309	0.01309	0.01527	0.01091	0.01200	0.00763	0.01200	0.00654	0.01091	0.00654	0.00872	0.01636	0.00218	0.81570	0.00436	0.00218	0.00545
92	0.71932	0.00999	0.00828	0.00717	0.01031	0.01141	0.00589	0.10441	0.01052	0.03736	0.03218	0.00962	0.00718	0.00499	0.00343	0.00154	0.00401	0.00315	0.00344	0.00579

[dist]
# distance from previous block
# <min> <max>
0	3

# created by:
# /st0/software/busco_prod/Augustus/scripts/msa2prfl.pl ./align_prep/150284.fa
