[name]
unknown

[dist]
# distance from previous block
# <min> <max>
9	66

[block]
# block no. 0 follows, 44 sequences, length 23
# corresponding to MSA columns:
# 85-107
name=unknown_A
#
# <colnr> <probs for GDERKNQSTAVLIFYWHMCP>
#	G	D	E	R	K	N	Q	S	T	A	V	L	I	F	Y	W	H	M	C	P
0	0.04144	0.01473	0.01505	0.01178	0.01596	0.06153	0.00959	0.52742	0.09409	0.02960	0.01311	0.01325	0.00960	0.00621	0.00519	0.00154	0.00577	0.00468	0.00496	0.11448
1	0.19479	0.00977	0.01152	0.00911	0.01313	0.00924	0.00746	0.02322	0.07057	0.48461	0.01742	0.01591	0.01158	0.00616	0.00490	0.00161	0.00446	0.00477	0.00559	0.09418
2	0.01346	0.01049	0.02682	0.00976	0.01188	0.08378	0.02181	0.13611	0.08064	0.10238	0.01967	0.21344	0.01950	0.17629	0.01077	0.01705	0.00528	0.03007	0.00462	0.00620
3	0.01303	0.15824	0.53746	0.01408	0.02096	0.03470	0.01684	0.11064	0.01332	0.01858	0.00980	0.01120	0.00722	0.00528	0.00492	0.00161	0.00747	0.00394	0.00272	0.00799
4	0.02055	0.01129	0.01249	0.01012	0.01381	0.08424	0.00815	0.08863	0.10334	0.46808	0.04704	0.02075	0.07160	0.00738	0.00554	0.00169	0.00501	0.00592	0.00596	0.00842
5	0.01030	0.00969	0.01635	0.79530	0.03755	0.01211	0.01514	0.01393	0.01090	0.01393	0.00969	0.01453	0.00727	0.00545	0.00545	0.00182	0.00727	0.00484	0.00242	0.00606
6	0.02905	0.00643	0.00761	0.00720	0.00900	0.00593	0.00539	0.04903	0.01363	0.11008	0.21586	0.20362	0.27523	0.02841	0.00674	0.00193	0.00328	0.01063	0.00544	0.00551
7	0.02060	0.01466	0.01618	0.01299	0.04177	0.01603	0.01036	0.65983	0.04127	0.08989	0.01384	0.01368	0.00974	0.00652	0.00546	0.00164	0.00587	0.00498	0.00546	0.00924
8	0.00664	0.00474	0.00633	0.00759	0.00791	0.00443	0.00506	0.00759	0.01044	0.01392	0.03005	0.80485	0.03606	0.01708	0.00696	0.00221	0.00316	0.01550	0.00506	0.00443
9	0.00754	0.00552	0.00710	0.00705	0.00827	0.00509	0.00531	0.00978	0.01430	0.01975	0.55190	0.13618	0.12194	0.01243	0.00658	0.00185	0.00285	0.06585	0.00572	0.00499
10	0.00824	0.00619	0.00886	0.00835	0.00947	0.00579	0.07691	0.00943	0.01055	0.03775	0.04842	0.31535	0.14070	0.25857	0.01318	0.00304	0.00440	0.02584	0.00438	0.00458
11	0.02446	0.00928	0.01265	0.00970	0.01392	0.00801	0.00801	0.02657	0.01560	0.77817	0.02151	0.01856	0.01350	0.00675	0.00548	0.00169	0.00464	0.00548	0.00675	0.00928
12	0.00664	0.00474	0.00633	0.00759	0.00791	0.00443	0.00506	0.00759	0.01044	0.01392	0.03005	0.80485	0.03606	0.01708	0.00696	0.00221	0.00316	0.01550	0.00506	0.00443
13	0.02211	0.00994	0.01270	0.00987	0.01383	0.00924	0.00810	0.15058	0.01722	0.57445	0.07309	0.02018	0.03837	0.00723	0.00557	0.00168	0.00467	0.00587	0.00642	0.00885
14	0.01984	0.01467	0.01746	0.01331	0.01771	0.01590	0.08198	0.60445	0.06002	0.07781	0.01385	0.01394	0.00980	0.00641	0.00555	0.00167	0.00614	0.00515	0.00528	0.00906
15	0.01293	0.01442	0.03025	0.02183	0.02711	0.01376	0.68258	0.01857	0.08543	0.01798	0.01211	0.01525	0.00908	0.00487	0.00635	0.00184	0.00872	0.00641	0.00303	0.00748
16	0.02179	0.01014	0.01277	0.01016	0.01413	0.00973	0.00827	0.06409	0.18684	0.56828	0.02124	0.01869	0.01400	0.00689	0.00550	0.00172	0.00463	0.00561	0.00641	0.00913
17	0.01734	0.01179	0.01266	0.01055	0.01362	0.05805	0.00827	0.31364	0.08155	0.17307	0.01810	0.13113	0.01553	0.08304	0.02409	0.00222	0.00552	0.00687	0.00525	0.00770
18	0.01900	0.01307	0.01462	0.07078	0.01697	0.04062	0.00973	0.44070	0.05501	0.16135	0.08778	0.01704	0.01419	0.00695	0.00554	0.00167	0.00558	0.00549	0.00542	0.00850
19	0.01110	0.00789	0.01333	0.01117	0.01351	0.00726	0.17293	0.01346	0.01307	0.13645	0.21432	0.30958	0.03026	0.01115	0.00647	0.00192	0.00459	0.01046	0.00505	0.00602
20	0.02036	0.01509	0.01616	0.01247	0.01677	0.01674	0.01027	0.71911	0.06334	0.03377	0.01355	0.01346	0.00965	0.00659	0.00546	0.00165	0.00591	0.00497	0.00546	0.00924
21	0.01283	0.01459	0.03151	0.02261	0.02789	0.01391	0.72282	0.01728	0.01267	0.01728	0.01086	0.01459	0.00822	0.00481	0.00692	0.00186	0.04295	0.00636	0.00274	0.00729
22	0.01076	0.01017	0.01720	0.68409	0.14511	0.01224	0.01537	0.01434	0.01112	0.01450	0.00977	0.01438	0.00747	0.00536	0.00544	0.00179	0.00715	0.00485	0.00246	0.00643

[dist]
# distance from previous block
# <min> <max>
2	30

[block]
# block no. 1 follows, 44 sequences, length 11
# corresponding to MSA columns:
# 138-148
name=unknown_B
#
# <colnr> <probs for GDERKNQSTAVLIFYWHMCP>
#	G	D	E	R	K	N	Q	S	T	A	V	L	I	F	Y	W	H	M	C	P
0	0.09439	0.00824	0.01034	0.00842	0.01173	0.00744	0.00681	0.02026	0.01459	0.47457	0.16081	0.02601	0.11629	0.00829	0.00558	0.00171	0.00399	0.00681	0.00609	0.00762
1	0.08298	0.02844	0.01337	0.01132	0.03189	0.05948	0.00898	0.26398	0.14362	0.13038	0.07118	0.02161	0.01603	0.00770	0.00553	0.00176	0.00527	0.08339	0.00519	0.00791
2	0.01140	0.12795	0.68446	0.01475	0.02237	0.01380	0.01877	0.01715	0.01146	0.01670	0.00950	0.01116	0.00692	0.00511	0.00497	0.00166	0.00777	0.00389	0.00231	0.00792
3	0.01529	0.01082	0.01190	0.01027	0.01352	0.01174	0.00811	0.09421	0.46455	0.15879	0.02542	0.02343	0.11158	0.00802	0.00564	0.00180	0.00433	0.00660	0.00569	0.00829
4	0.02003	0.00979	0.01219	0.00986	0.01348	0.00951	0.00793	0.06261	0.19482	0.48501	0.06667	0.02069	0.01658	0.03722	0.00639	0.00186	0.00453	0.00597	0.00622	0.00865
5	0.01320	0.01265	0.02160	0.10318	0.70696	0.01288	0.01659	0.01647	0.01228	0.01746	0.01020	0.01359	0.00851	0.00491	0.00540	0.00164	0.00655	0.00486	0.00267	0.00840
6	0.00779	0.00584	0.00876	0.00876	0.00974	0.00681	0.00681	0.00974	0.00876	0.01266	0.01460	0.02142	0.01363	0.04089	0.78680	0.00876	0.01460	0.00584	0.00292	0.00487
7	0.01152	0.00632	0.00830	0.00760	0.00946	0.00567	0.00576	0.01359	0.01435	0.20442	0.40293	0.17789	0.08766	0.01135	0.00630	0.00181	0.00320	0.00995	0.00595	0.00598
8	0.00929	0.00789	0.00721	0.00714	0.00768	0.10462	0.00451	0.00974	0.00966	0.01189	0.04646	0.10631	0.06608	0.55517	0.02083	0.00417	0.00542	0.00837	0.00361	0.00394
9	0.01130	0.00969	0.01130	0.00807	0.01292	0.00727	0.00646	0.01373	0.01130	0.01776	0.00969	0.01130	0.00807	0.00404	0.00404	0.00081	0.00404	0.00323	0.00323	0.84173
10	0.01383	0.01341	0.02223	0.13665	0.36857	0.03740	0.17668	0.09827	0.01381	0.01887	0.01058	0.01366	0.00836	0.00506	0.00557	0.00166	0.00714	0.00510	0.00300	0.04016

[dist]
# distance from previous block
# <min> <max>
2	3

[block]
# block no. 2 follows, 44 sequences, length 86
# corresponding to MSA columns:
# 152-186,188-190,193-219,221-241
name=unknown_C
#
# <colnr> <probs for GDERKNQSTAVLIFYWHMCP>
#	G	D	E	R	K	N	Q	S	T	A	V	L	I	F	Y	W	H	M	C	P
0	0.01292	0.08745	0.50365	0.05495	0.03713	0.10834	0.01670	0.03811	0.01240	0.02942	0.00973	0.01143	0.00721	0.00521	0.00499	0.00160	0.00773	0.00395	0.00258	0.04449
1	0.07615	0.01300	0.01408	0.01080	0.01513	0.03110	0.00885	0.40769	0.01958	0.16286	0.01342	0.01334	0.00950	0.00595	0.00502	0.00148	0.00533	0.00450	0.00503	0.17719
2	0.01197	0.01112	0.01854	0.57062	0.03319	0.01295	0.12188	0.10079	0.03385	0.01705	0.01063	0.01455	0.00791	0.00551	0.00560	0.00180	0.00732	0.00512	0.00291	0.00669
3	0.01890	0.02236	0.01481	0.01333	0.01627	0.58118	0.01011	0.05860	0.17913	0.01641	0.01165	0.01228	0.00923	0.00605	0.00508	0.00151	0.00845	0.00416	0.00353	0.00696
4	0.00708	0.00513	0.00663	0.00747	0.00807	0.00470	0.00499	0.00804	0.01026	0.01387	0.02745	0.67875	0.03263	0.08992	0.00870	0.00240	0.00342	0.01395	0.00477	0.06175
5	0.01093	0.02820	0.78016	0.01554	0.02360	0.01266	0.02014	0.01727	0.01151	0.01727	0.00978	0.01151	0.00691	0.00518	0.00518	0.00173	0.00806	0.00403	0.00230	0.00806
6	0.01093	0.02820	0.78016	0.01554	0.02360	0.01266	0.02014	0.01727	0.01151	0.01727	0.00978	0.01151	0.00691	0.00518	0.00518	0.00173	0.00806	0.00403	0.00230	0.00806
7	0.04189	0.00930	0.01255	0.00965	0.01385	0.00810	0.00797	0.02635	0.01547	0.76220	0.02121	0.01835	0.01333	0.00671	0.00544	0.00169	0.00463	0.00543	0.00668	0.00921
8	0.00682	0.00482	0.00627	0.00736	0.00764	0.00455	0.00482	0.00764	0.01009	0.01346	0.02827	0.69866	0.03382	0.12632	0.00983	0.00264	0.00346	0.01445	0.00482	0.00427
9	0.00879	0.00628	0.00879	0.01004	0.01130	0.00628	0.00879	0.01130	0.01255	0.01632	0.02887	0.06150	0.03138	0.01506	0.00753	0.00251	0.00502	0.73770	0.00502	0.00502
10	0.02135	0.01374	0.01535	0.01183	0.01611	0.01470	0.00975	0.55953	0.04937	0.20828	0.01538	0.01463	0.01052	0.00662	0.00546	0.00166	0.00562	0.00509	0.00576	0.00925
11	0.00772	0.00557	0.00729	0.00686	0.00814	0.00514	0.00514	0.01029	0.01543	0.02186	0.77152	0.04072	0.05144	0.01115	0.00643	0.00171	0.00257	0.00986	0.00600	0.00514
12	0.01130	0.00969	0.01130	0.00807	0.01292	0.00727	0.00646	0.01373	0.01130	0.01776	0.00969	0.01130	0.00807	0.00404	0.00404	0.00081	0.00404	0.00323	0.00323	0.84173
13	0.01487	0.77114	0.02789	0.00957	0.01414	0.06105	0.00939	0.01661	0.01130	0.01285	0.00762	0.00880	0.00700	0.00471	0.00357	0.00118	0.00604	0.00295	0.00236	0.00696
14	0.00663	0.00478	0.00629	0.00749	0.00788	0.00444	0.00502	0.00760	0.01053	0.01396	0.03126	0.76855	0.07157	0.01692	0.00693	0.00220	0.00314	0.01531	0.00506	0.00444
15	0.01093	0.02820	0.78016	0.01554	0.02360	0.01266	0.02014	0.01727	0.01151	0.01727	0.00978	0.01151	0.00691	0.00518	0.00518	0.00173	0.00806	0.00403	0.00230	0.00806
16	0.01373	0.01179	0.01242	0.01113	0.01424	0.01364	0.00867	0.04603	0.74722	0.02308	0.02198	0.02017	0.01647	0.00738	0.00555	0.00184	0.00435	0.00613	0.00555	0.00864
17	0.00759	0.00562	0.00712	0.00698	0.00833	0.00515	0.00535	0.00991	0.01451	0.01991	0.55740	0.06274	0.17039	0.01213	0.00656	0.00183	0.00287	0.08488	0.00572	0.00502
18	0.01358	0.01572	0.11776	0.06415	0.31840	0.10720	0.03126	0.04917	0.01299	0.01775	0.02162	0.01281	0.00869	0.00502	0.00507	0.00145	0.00661	0.00436	0.00293	0.18347
19	0.00790	0.00539	0.00646	0.00646	0.00663	0.00556	0.00394	0.00825	0.00808	0.01095	0.01671	0.03310	0.01870	0.66967	0.16495	0.00591	0.00697	0.00755	0.00323	0.00359
20	0.01292	0.05699	0.01957	0.30789	0.34146	0.05586	0.03332	0.03443	0.05408	0.01653	0.01055	0.01381	0.00841	0.00528	0.00532	0.00167	0.00685	0.00478	0.00281	0.00746
21	0.00753	0.00545	0.00711	0.00694	0.00809	0.00503	0.00511	0.00983	0.01462	0.02052	0.64562	0.15664	0.06283	0.01209	0.00651	0.00179	0.00267	0.01074	0.00584	0.00503
22	0.00674	0.00494	0.00634	0.00726	0.00787	0.00453	0.00496	0.00794	0.01126	0.01495	0.12012	0.62471	0.12634	0.01599	0.00683	0.00211	0.00305	0.01436	0.00517	0.00453
23	0.03320	0.01324	0.01817	0.13691	0.33140	0.02878	0.01337	0.27569	0.03264	0.02300	0.01152	0.01410	0.00905	0.02795	0.00600	0.00176	0.00636	0.00492	0.00372	0.00823
24	0.01068	0.01028	0.01803	0.65112	0.08654	0.01215	0.08579	0.01431	0.01118	0.01453	0.01032	0.03256	0.00812	0.00559	0.00558	0.00181	0.00730	0.00524	0.00253	0.00632
25	0.03269	0.01598	0.19332	0.15337	0.03330	0.04804	0.01268	0.07845	0.31474	0.02028	0.01507	0.01581	0.01123	0.00626	0.00532	0.00176	0.00610	0.00509	0.02269	0.00783
26	0.02963	0.50290	0.08689	0.05054	0.01600	0.05090	0.01017	0.01759	0.01184	0.10789	0.00977	0.01071	0.00786	0.00501	0.00408	0.00131	0.00597	0.00347	0.00298	0.06452
27	0.07019	0.10889	0.10987	0.03555	0.09981	0.03214	0.39024	0.01694	0.01200	0.01702	0.00989	0.01288	0.00774	0.00502	0.00617	0.00173	0.04876	0.00517	0.00267	0.00730
28	0.00779	0.00584	0.00876	0.00876	0.00974	0.00681	0.00681	0.00974	0.00876	0.01266	0.01460	0.02142	0.01363	0.04089	0.78680	0.00876	0.01460	0.00584	0.00292	0.00487
29	0.01098	0.06763	0.70729	0.01484	0.02242	0.01279	0.01892	0.01691	0.01166	0.01724	0.04326	0.01266	0.00887	0.00542	0.00515	0.00170	0.00770	0.00423	0.00247	0.00787
30	0.00647	0.00552	0.00556	0.00555	0.00738	0.00461	0.00416	0.00788	0.01249	0.01488	0.07080	0.05221	0.75652	0.01375	0.00644	0.00184	0.00276	0.01147	0.00508	0.00461
31	0.01030	0.00969	0.01635	0.79530	0.03755	0.01211	0.01514	0.01393	0.01090	0.01393	0.00969	0.01453	0.00727	0.00545	0.00545	0.00182	0.00727	0.00484	0.00242	0.00606
32	0.01113	0.08049	0.52308	0.01534	0.02198	0.01265	0.13383	0.01640	0.01200	0.01728	0.07421	0.03418	0.01159	0.00585	0.00541	0.00171	0.00749	0.00510	0.00276	0.00753
33	0.00784	0.00571	0.00739	0.00698	0.00829	0.00534	0.00523	0.01070	0.03413	0.02172	0.73698	0.05642	0.05024	0.01118	0.00642	0.00173	0.00263	0.00989	0.00597	0.00522
34	0.01090	0.02717	0.73761	0.05897	0.02437	0.01263	0.01986	0.01708	0.01148	0.01708	0.00978	0.01168	0.00693	0.00519	0.00519	0.00173	0.00801	0.00407	0.00231	0.00795
35	0.01386	0.01102	0.01255	0.00918	0.01390	0.00959	0.00743	0.19162	0.01483	0.03910	0.01077	0.01190	0.00848	0.00470	0.00441	0.00103	0.00452	0.00368	0.00384	0.62360
36	0.00802	0.00618	0.00920	0.00907	0.00999	0.00737	0.00710	0.00992	0.00874	0.01268	0.01419	0.02089	0.01327	0.03914	0.74397	0.00841	0.05826	0.00578	0.00289	0.00493
37	0.00813	0.00574	0.00707	0.00703	0.00731	0.00605	0.00464	0.00876	0.00879	0.01199	0.05921	0.03476	0.02098	0.57099	0.12696	0.00524	0.04135	0.05767	0.00348	0.00385
38	0.00712	0.00555	0.00646	0.00623	0.00778	0.00489	0.00467	0.00913	0.01402	0.01850	0.43426	0.04625	0.39079	0.01240	0.00644	0.00177	0.00266	0.01063	0.00556	0.00489
39	0.02446	0.00928	0.01265	0.00970	0.01392	0.00801	0.00801	0.02657	0.01560	0.77817	0.02151	0.01856	0.01350	0.00675	0.00548	0.00169	0.00464	0.00548	0.00675	0.00928
40	0.01099	0.02787	0.76393	0.01592	0.03967	0.01267	0.02007	0.01725	0.01153	0.01728	0.00979	0.01155	0.00694	0.00517	0.00518	0.00172	0.00802	0.00405	0.00231	0.00807
41	0.01473	0.01111	0.01214	0.01072	0.01387	0.01245	0.00839	0.02781	0.63197	0.12228	0.05602	0.02103	0.01780	0.00748	0.00558	0.00182	0.00428	0.00624	0.00573	0.00856
42	0.01315	0.06584	0.01293	0.01063	0.01362	0.01311	0.00845	0.02577	0.60832	0.03574	0.02197	0.02211	0.03736	0.00941	0.04583	0.00218	0.00494	0.03536	0.00518	0.00808
43	0.00866	0.00623	0.00861	0.00976	0.01105	0.00617	0.00849	0.01112	0.01261	0.01638	0.04788	0.06060	0.06453	0.01491	0.00746	0.00246	0.00486	0.68818	0.00505	0.00500
44	0.01284	0.01060	0.01213	0.00880	0.01357	0.00884	0.00710	0.13482	0.01364	0.02047	0.01024	0.01160	0.00827	0.00445	0.00427	0.00094	0.00436	0.00350	0.00359	0.70596
45	0.82838	0.01065	0.00820	0.00729	0.01069	0.01234	0.00600	0.03263	0.00964	0.02468	0.00771	0.00895	0.00598	0.00509	0.00342	0.00169	0.00426	0.00300	0.00342	0.00598
46	0.02941	0.01465	0.13535	0.16936	0.49263	0.01276	0.03476	0.01630	0.01195	0.01714	0.01005	0.01332	0.00806	0.00501	0.00536	0.00168	0.00688	0.00473	0.00260	0.00799
47	0.03490	0.04862	0.03291	0.04105	0.05460	0.08044	0.00980	0.19639	0.28401	0.02219	0.01547	0.01653	0.01207	0.02410	0.10007	0.00260	0.00683	0.00524	0.00440	0.00779
48	0.80387	0.01076	0.00926	0.00799	0.01147	0.01231	0.04454	0.01610	0.00946	0.02410	0.00777	0.00916	0.00603	0.00504	0.00353	0.00169	0.00447	0.00313	0.00334	0.00598
49	0.00790	0.00527	0.00595	0.00598	0.00599	0.00527	0.00334	0.00792	0.00798	0.01064	0.01744	0.05153	0.02016	0.79209	0.02732	0.00522	0.00524	0.00808	0.00334	0.00333
50	0.01483	0.77703	0.02799	0.00954	0.01412	0.05531	0.00938	0.01656	0.01127	0.01285	0.00762	0.00879	0.00700	0.00471	0.00356	0.00118	0.00601	0.00294	0.00235	0.00697
51	0.00809	0.00549	0.00632	0.00640	0.00659	0.00548	0.00380	0.02873	0.00894	0.01196	0.03350	0.15149	0.02259	0.65110	0.02357	0.00465	0.00493	0.00903	0.00368	0.00367
52	0.07109	0.01773	0.01325	0.01166	0.01448	0.39232	0.00898	0.13099	0.01570	0.07866	0.06408	0.01560	0.02444	0.02942	0.08578	0.00236	0.00824	0.00476	0.00384	0.00665
53	0.74423	0.01113	0.00905	0.00784	0.01133	0.01281	0.00646	0.10802	0.01131	0.02569	0.00827	0.00938	0.00632	0.00525	0.00363	0.00168	0.00444	0.00320	0.00363	0.00632
54	0.02286	0.01185	0.01424	0.01092	0.01520	0.01183	0.00902	0.33975	0.01991	0.45891	0.01789	0.01621	0.01168	0.00666	0.00547	0.00167	0.00522	0.00524	0.00619	0.00928
55	0.12341	0.01468	0.01532	0.01188	0.01612	0.01633	0.00981	0.66422	0.02360	0.03313	0.01241	0.01256	0.00885	0.00636	0.00520	0.00164	0.00578	0.00467	0.00520	0.00885
56	0.01240	0.01392	0.04290	0.16607	0.07826	0.01340	0.55639	0.01676	0.01245	0.01683	0.01071	0.01453	0.00808	0.00478	0.00616	0.00182	0.00864	0.00599	0.00268	0.00721
57	0.04188	0.01359	0.01519	0.01167	0.01597	0.01447	0.00964	0.54786	0.02262	0.22808	0.01515	0.01441	0.01029	0.00656	0.00541	0.00165	0.00560	0.00501	0.00574	0.00919
58	0.00793	0.00529	0.00595	0.00595	0.00595	0.00529	0.00330	0.00793	0.00793	0.01057	0.01718	0.03568	0.01982	0.80840	0.02775	0.00529	0.00529	0.00793	0.00330	0.00330
59	0.02037	0.02598	0.01545	0.01404	0.01685	0.78652	0.01053	0.02177	0.01545	0.01334	0.00843	0.00983	0.00702	0.00562	0.00492	0.00140	0.00983	0.00351	0.00281	0.00632
60	0.01005	0.00746	0.00887	0.00812	0.01007	0.00762	0.00621	0.01617	0.22650	0.05519	0.49769	0.03448	0.06965	0.01000	0.00614	0.00176	0.00316	0.00869	0.00587	0.00629
61	0.00664	0.00474	0.00633	0.00759	0.00791	0.00443	0.00506	0.00759	0.01044	0.01392	0.03005	0.80485	0.03606	0.01708	0.00696	0.00221	0.00316	0.01550	0.00506	0.00443
62	0.02446	0.00928	0.01265	0.00970	0.01392	0.00801	0.00801	0.02657	0.01560	0.77817	0.02151	0.01856	0.01350	0.00675	0.00548	0.00169	0.00464	0.00548	0.00675	0.00928
63	0.07828	0.02245	0.51108	0.01367	0.02034	0.01252	0.01604	0.11563	0.01378	0.12857	0.01172	0.01252	0.00808	0.00557	0.00512	0.00171	0.00700	0.00427	0.00343	0.00823
64	0.00779	0.00583	0.00870	0.00870	0.00965	0.00678	0.00673	0.00969	0.00874	0.01261	0.01466	0.02174	0.01377	0.05844	0.76944	0.00868	0.01439	0.00589	0.00293	0.00483
65	0.00663	0.00480	0.00627	0.00745	0.00787	0.00444	0.00500	0.00761	0.01057	0.01397	0.03178	0.75324	0.08655	0.01686	0.00692	0.00219	0.00314	0.01522	0.00506	0.00444
66	0.00793	0.00529	0.00595	0.00595	0.00595	0.00529	0.00330	0.00793	0.00793	0.01057	0.01718	0.03568	0.01982	0.80840	0.02775	0.00529	0.00529	0.00793	0.00330	0.00330
67	0.84691	0.01054	0.00801	0.00717	0.01054	0.01223	0.00590	0.01603	0.00928	0.02446	0.00759	0.00886	0.00590	0.00506	0.00337	0.00169	0.00422	0.00295	0.00337	0.00590
68	0.01343	0.01332	0.04016	0.03304	0.75653	0.01295	0.01681	0.01674	0.01239	0.01780	0.01024	0.01345	0.00859	0.00487	0.00539	0.00162	0.00651	0.00484	0.00269	0.00862
69	0.02037	0.02598	0.01545	0.01404	0.01685	0.78652	0.01053	0.02177	0.01545	0.01334	0.00843	0.00983	0.00702	0.00562	0.00492	0.00140	0.00983	0.00351	0.00281	0.00632
70	0.01333	0.01132	0.01242	0.03043	0.03225	0.01291	0.00888	0.06698	0.61346	0.02263	0.04708	0.02282	0.03229	0.00784	0.00567	0.00186	0.00447	0.03974	0.00538	0.00824
71	0.01455	0.01140	0.02788	0.12694	0.20854	0.01177	0.01142	0.12737	0.14495	0.11293	0.05937	0.03544	0.04936	0.00688	0.00555	0.00171	0.00542	0.00593	0.00440	0.02817
72	0.03310	0.05689	0.05649	0.14948	0.29352	0.14077	0.02600	0.14444	0.01477	0.01914	0.01014	0.01257	0.00802	0.00538	0.00520	0.00161	0.00712	0.00449	0.00312	0.00775
73	0.01197	0.04540	0.64910	0.01640	0.07394	0.03204	0.01887	0.05847	0.01244	0.01805	0.00991	0.01162	0.00716	0.00523	0.00516	0.00169	0.00782	0.00409	0.00252	0.00810
74	0.01408	0.01516	0.10383	0.03576	0.29008	0.01377	0.19987	0.12756	0.10634	0.02065	0.01227	0.01438	0.00941	0.00540	0.00566	0.00172	0.00700	0.00533	0.00342	0.00830
75	0.00866	0.00624	0.00862	0.00981	0.01109	0.00619	0.00855	0.01112	0.01254	0.01623	0.03023	0.06103	0.06960	0.01500	0.00747	0.00248	0.00490	0.70023	0.00502	0.00500
76	0.01386	0.02292	0.55127	0.01384	0.02081	0.01172	0.01655	0.05980	0.01300	0.15071	0.01200	0.01281	0.00827	0.00545	0.00517	0.00165	0.00707	0.00428	0.00332	0.06552
77	0.00879	0.00628	0.00879	0.01004	0.01130	0.00628	0.00879	0.01130	0.01255	0.01632	0.02887	0.06150	0.03138	0.01506	0.00753	0.00251	0.00502	0.73770	0.00502	0.00502
78	0.01403	0.01269	0.01254	0.01130	0.01436	0.06658	0.00876	0.02848	0.71317	0.02216	0.02125	0.01962	0.01598	0.00727	0.00550	0.00182	0.00469	0.00598	0.00536	0.00847
79	0.01356	0.01171	0.01233	0.01109	0.01418	0.01356	0.00863	0.02897	0.76455	0.02281	0.02219	0.02034	0.01664	0.00740	0.00555	0.00185	0.00431	0.00616	0.00555	0.00863
80	0.01130	0.00969	0.01130	0.00807	0.01292	0.00727	0.00646	0.01373	0.01130	0.01776	0.00969	0.01130	0.00807	0.00404	0.00404	0.00081	0.00404	0.00323	0.00323	0.84173
81	0.00772	0.00557	0.00729	0.00686	0.00814	0.00514	0.00514	0.01029	0.01543	0.02186	0.77152	0.04072	0.05144	0.01115	0.00643	0.00171	0.00257	0.00986	0.00600	0.00514
82	0.00725	0.00537	0.00646	0.00664	0.00749	0.00517	0.00457	0.00836	0.01052	0.01380	0.10700	0.17259	0.23559	0.24824	0.13289	0.00396	0.00537	0.01012	0.00432	0.00429
83	0.01309	0.01123	0.01192	0.01085	0.01375	0.01293	0.00838	0.02750	0.71282	0.02220	0.02273	0.07415	0.01797	0.00806	0.00564	0.00187	0.00424	0.00680	0.00551	0.00834
84	0.01247	0.01178	0.01768	0.58052	0.03286	0.05603	0.07855	0.11340	0.01328	0.01692	0.01019	0.01410	0.00761	0.00553	0.00551	0.00177	0.00741	0.00492	0.00288	0.00661
85	0.01229	0.01178	0.02022	0.31595	0.48345	0.01266	0.03344	0.01571	0.01186	0.01636	0.01006	0.01391	0.00812	0.00507	0.00544	0.00170	0.00683	0.00489	0.00260	0.00765

[dist]
# distance from previous block
# <min> <max>
0	1

[block]
# block no. 3 follows, 44 sequences, length 17
# corresponding to MSA columns:
# 243-259
name=unknown_D
#
# <colnr> <probs for GDERKNQSTAVLIFYWHMCP>
#	G	D	E	R	K	N	Q	S	T	A	V	L	I	F	Y	W	H	M	C	P
0	0.01214	0.01803	0.24525	0.07042	0.05003	0.01316	0.43841	0.01730	0.02805	0.01731	0.01076	0.01377	0.00800	0.00487	0.00590	0.00177	0.00843	0.00550	0.00267	0.02822
1	0.01850	0.01392	0.01499	0.01169	0.01579	0.01516	0.00956	0.58496	0.09873	0.03104	0.03724	0.01577	0.03561	0.00682	0.00542	0.00161	0.00549	0.00527	0.00531	0.06711
2	0.08632	0.39358	0.06956	0.06076	0.07818	0.04944	0.01026	0.05533	0.01250	0.01682	0.09476	0.02789	0.01269	0.00589	0.00443	0.00144	0.00574	0.00441	0.00311	0.00688
3	0.72907	0.01122	0.00920	0.00794	0.01145	0.01290	0.00654	0.12161	0.01161	0.02587	0.00838	0.00946	0.00638	0.00527	0.00367	0.00168	0.00447	0.00323	0.00367	0.00638
4	0.04784	0.02224	0.53320	0.01587	0.08346	0.01169	0.05898	0.01621	0.01211	0.01828	0.11550	0.01579	0.01326	0.00594	0.00536	0.00172	0.00706	0.00500	0.00292	0.00757
5	0.01332	0.01236	0.01939	0.15762	0.51237	0.03186	0.01503	0.01787	0.09503	0.03714	0.01211	0.01547	0.00985	0.00552	0.00546	0.00169	0.00638	0.02034	0.00312	0.00808
6	0.00879	0.00628	0.00879	0.01004	0.01130	0.00628	0.00879	0.01130	0.01255	0.01632	0.02887	0.06150	0.03138	0.01506	0.00753	0.00251	0.00502	0.73770	0.00502	0.00502
7	0.01219	0.29940	0.52000	0.01339	0.02027	0.01575	0.01640	0.01694	0.01136	0.01573	0.00902	0.01055	0.00694	0.00500	0.00460	0.00153	0.00729	0.00364	0.00231	0.00769
8	0.00879	0.00628	0.00879	0.01004	0.01130	0.00628	0.00879	0.01130	0.01255	0.01632	0.02887	0.06150	0.03138	0.01506	0.00753	0.00251	0.00502	0.73770	0.00502	0.00502
9	0.01356	0.01177	0.01276	0.01207	0.04745	0.01353	0.00898	0.02843	0.73162	0.02259	0.02167	0.02004	0.01629	0.00729	0.00554	0.00184	0.00441	0.00611	0.00542	0.00863
10	0.01409	0.01159	0.01234	0.01103	0.01416	0.01329	0.00860	0.02885	0.72840	0.05926	0.02216	0.02025	0.01649	0.00737	0.00554	0.00184	0.00433	0.00613	0.00561	0.00866
11	0.01130	0.00969	0.01130	0.00807	0.01292	0.00727	0.00646	0.01373	0.01130	0.01776	0.00969	0.01130	0.00807	0.00404	0.00404	0.00081	0.00404	0.00323	0.00323	0.84173
12	0.00767	0.00554	0.00725	0.00689	0.00813	0.00511	0.00514	0.01017	0.01521	0.02151	0.73892	0.07432	0.05076	0.01141	0.00645	0.00174	0.00260	0.01011	0.00596	0.00511
13	0.00657	0.00546	0.00564	0.00571	0.00734	0.00465	0.00418	0.00788	0.01213	0.01464	0.07094	0.09652	0.66546	0.05919	0.00769	0.00206	0.00292	0.01150	0.00499	0.00453
14	0.01371	0.01196	0.01353	0.01252	0.04840	0.01363	0.03393	0.04639	0.68751	0.02270	0.02106	0.01967	0.01582	0.00717	0.00557	0.00183	0.00462	0.00608	0.00533	0.00860
15	0.01384	0.01318	0.02108	0.09656	0.50172	0.03091	0.08192	0.07184	0.07952	0.01898	0.01149	0.01418	0.00919	0.00525	0.00550	0.00167	0.00664	0.00509	0.00313	0.00828
16	0.01316	0.01289	0.02146	0.18051	0.49064	0.03677	0.09367	0.03643	0.01259	0.01732	0.01023	0.01366	0.00828	0.00500	0.00547	0.00166	0.00696	0.00495	0.00274	0.02560

[dist]
# distance from previous block
# <min> <max>
2	4

[block]
# block no. 4 follows, 44 sequences, length 14
# corresponding to MSA columns:
# 264-277
name=unknown_E
#
# <colnr> <probs for GDERKNQSTAVLIFYWHMCP>
#	G	D	E	R	K	N	Q	S	T	A	V	L	I	F	Y	W	H	M	C	P
0	0.21166	0.24001	0.15671	0.01094	0.01535	0.16631	0.01057	0.03723	0.04384	0.01782	0.03807	0.01131	0.00889	0.00545	0.00430	0.00150	0.00646	0.00370	0.00302	0.00686
1	0.01356	0.01355	0.02211	0.02676	0.46539	0.04292	0.15004	0.01846	0.11142	0.01797	0.01172	0.01439	0.00948	0.00544	0.00631	0.00173	0.05227	0.00526	0.00307	0.00816
2	0.00947	0.00473	0.00710	0.00710	0.00710	0.00473	0.00473	0.00710	0.00710	0.00947	0.00947	0.01657	0.00947	0.01894	0.02131	0.84138	0.00473	0.00473	0.00237	0.00237
3	0.01216	0.01232	0.02315	0.30306	0.28076	0.01291	0.24345	0.01595	0.01201	0.01631	0.01029	0.01424	0.00803	0.00499	0.00574	0.00176	0.00760	0.00534	0.00262	0.00732
4	0.00879	0.00628	0.00879	0.01004	0.01130	0.00628	0.00879	0.01130	0.01255	0.01632	0.02887	0.06150	0.03138	0.01506	0.00753	0.00251	0.00502	0.73770	0.00502	0.00502
5	0.02135	0.01427	0.01574	0.01207	0.01641	0.01542	0.00997	0.63388	0.02395	0.15907	0.01450	0.01401	0.00998	0.00658	0.00546	0.00164	0.00577	0.00500	0.00567	0.00927
6	0.00793	0.00529	0.00595	0.00595	0.00595	0.00529	0.00330	0.00793	0.00793	0.01057	0.01718	0.03568	0.01982	0.80840	0.02775	0.00529	0.00529	0.00793	0.00330	0.00330
7	0.00756	0.00545	0.00715	0.00696	0.00811	0.00504	0.00513	0.00990	0.01472	0.02073	0.66567	0.14981	0.04924	0.01199	0.00651	0.00179	0.00266	0.01066	0.00587	0.00504
8	0.00818	0.00598	0.00800	0.00906	0.01030	0.00580	0.00764	0.01033	0.01229	0.01579	0.03311	0.14470	0.14751	0.01509	0.00730	0.00237	0.00446	0.54218	0.00503	0.00489
9	0.01130	0.00969	0.01130	0.00807	0.01292	0.00727	0.00646	0.01373	0.01130	0.01776	0.00969	0.01130	0.00807	0.00404	0.00404	0.00081	0.00404	0.00323	0.00323	0.84173
10	0.02057	0.01412	0.01587	0.06096	0.01779	0.01542	0.01035	0.61253	0.02338	0.13239	0.01400	0.01391	0.00971	0.00650	0.00546	0.00165	0.00590	0.00498	0.00544	0.00907
11	0.01349	0.01295	0.02213	0.03346	0.77440	0.01295	0.01673	0.01673	0.01241	0.01781	0.01025	0.01349	0.00864	0.00486	0.00540	0.00162	0.00648	0.00486	0.00270	0.00864
12	0.00859	0.00704	0.00887	0.00878	0.00976	0.05525	0.00666	0.01029	0.00909	0.01247	0.01450	0.02227	0.01390	0.12332	0.65437	0.00792	0.01328	0.00593	0.00296	0.00479
13	0.70849	0.09975	0.01070	0.00780	0.01128	0.05696	0.00654	0.01638	0.00982	0.02255	0.00764	0.00890	0.00609	0.00505	0.00347	0.00161	0.00471	0.00298	0.00323	0.00605

[dist]
# distance from previous block
# <min> <max>
0	1

[block]
# block no. 5 follows, 44 sequences, length 63
# corresponding to MSA columns:
# 279-341
name=unknown_F
#
# <colnr> <probs for GDERKNQSTAVLIFYWHMCP>
#	G	D	E	R	K	N	Q	S	T	A	V	L	I	F	Y	W	H	M	C	P
0	0.02101	0.01314	0.01484	0.01146	0.01571	0.05610	0.02719	0.35191	0.04201	0.30663	0.01592	0.01506	0.01082	0.00637	0.00536	0.00159	0.00560	0.00500	0.00556	0.06873
1	0.01823	0.26077	0.01960	0.01319	0.04350	0.47196	0.01034	0.05627	0.03258	0.01461	0.00880	0.01005	0.00742	0.00539	0.00455	0.00136	0.00819	0.00351	0.00286	0.00681
2	0.00801	0.00531	0.00692	0.00774	0.00846	0.00497	0.00532	0.02785	0.01127	0.05764	0.04039	0.69675	0.06668	0.01600	0.00681	0.00215	0.00329	0.01441	0.00518	0.00484
3	0.01130	0.00969	0.01130	0.00807	0.01292	0.00727	0.00646	0.01373	0.01130	0.01776	0.00969	0.01130	0.00807	0.00404	0.00404	0.00081	0.00404	0.00323	0.00323	0.84173
4	0.00804	0.00617	0.00851	0.04870	0.03012	0.00604	0.02592	0.04522	0.01204	0.01609	0.11966	0.50948	0.08371	0.03321	0.00716	0.00213	0.00373	0.02415	0.00490	0.00501
5	0.01199	0.00967	0.01138	0.00816	0.01297	0.00731	0.00654	0.01440	0.01153	0.05745	0.01031	0.01168	0.00836	0.00418	0.00411	0.00085	0.00407	0.00335	0.00341	0.79829
6	0.01334	0.06850	0.06540	0.04560	0.64739	0.01353	0.03425	0.01670	0.01225	0.01735	0.01005	0.01311	0.00839	0.00487	0.00528	0.00160	0.00660	0.00472	0.00265	0.00841
7	0.01518	0.72927	0.02719	0.00982	0.01429	0.10181	0.00945	0.01690	0.01154	0.01288	0.00767	0.00886	0.00700	0.00476	0.00365	0.00119	0.00625	0.00298	0.00238	0.00693
8	0.01434	0.01154	0.01335	0.01061	0.03213	0.01101	0.02102	0.25196	0.08572	0.02331	0.01312	0.05753	0.01084	0.00591	0.00487	0.00128	0.00479	0.00482	0.00424	0.41763
9	0.02019	0.01457	0.01569	0.01215	0.01635	0.01606	0.01000	0.67192	0.06078	0.06044	0.01398	0.01386	0.00993	0.00659	0.00541	0.00164	0.00576	0.00500	0.03057	0.00911
10	0.00779	0.00625	0.03050	0.00709	0.00859	0.00536	0.00558	0.01045	0.01525	0.02158	0.73412	0.04008	0.06467	0.01102	0.00639	0.00172	0.00274	0.00972	0.00587	0.00522
11	0.01387	0.01207	0.03562	0.21183	0.17861	0.01294	0.03383	0.07431	0.27789	0.06913	0.01526	0.01645	0.01142	0.00614	0.00550	0.00176	0.00588	0.00538	0.00409	0.00803
12	0.00652	0.00553	0.00563	0.00560	0.00741	0.00463	0.00420	0.00797	0.01260	0.01515	0.09726	0.05178	0.72989	0.01365	0.00644	0.00183	0.00275	0.01141	0.00512	0.00463
13	0.01275	0.01340	0.05816	0.12429	0.45909	0.01288	0.15453	0.01696	0.04727	0.01740	0.01119	0.02722	0.00914	0.00522	0.00562	0.00171	0.00700	0.00535	0.00283	0.00798
14	0.01148	0.03885	0.61287	0.06886	0.02378	0.05620	0.05403	0.01708	0.01187	0.01689	0.03240	0.01260	0.00833	0.00536	0.00525	0.00171	0.00796	0.00433	0.00247	0.00768
15	0.00764	0.00557	0.00719	0.00678	0.00810	0.00511	0.00509	0.01015	0.01526	0.02146	0.73117	0.04139	0.09204	0.01130	0.00643	0.00172	0.00258	0.00995	0.00595	0.00511
16	0.01136	0.00988	0.01211	0.00865	0.01352	0.00752	0.03520	0.01387	0.01136	0.01775	0.00974	0.01144	0.00808	0.00406	0.00413	0.00085	0.00424	0.00335	0.00321	0.80968
17	0.16989	0.01187	0.03748	0.34543	0.12690	0.01302	0.01261	0.15595	0.01378	0.04810	0.01045	0.01312	0.00779	0.00554	0.00505	0.00172	0.00628	0.00450	0.00337	0.00716
18	0.01325	0.01271	0.02170	0.09045	0.71927	0.01289	0.01661	0.01652	0.01230	0.01752	0.01021	0.01357	0.00853	0.00490	0.00540	0.00163	0.00654	0.00486	0.00268	0.00844
19	0.00874	0.00732	0.00837	0.00874	0.05227	0.00723	0.00608	0.01358	0.18609	0.01775	0.15745	0.08835	0.37357	0.03165	0.00675	0.00192	0.00339	0.00980	0.00515	0.00580
20	0.00807	0.00563	0.00735	0.00693	0.00826	0.00518	0.00519	0.01054	0.01518	0.04048	0.70812	0.07054	0.06522	0.01133	0.00643	0.00174	0.00265	0.01001	0.00596	0.00521
21	0.02396	0.00917	0.01249	0.00961	0.01374	0.00793	0.00793	0.02608	0.01560	0.75542	0.04407	0.01922	0.01464	0.00688	0.00551	0.00169	0.00458	0.00561	0.00673	0.00915
22	0.00812	0.00567	0.00739	0.00691	0.00828	0.00521	0.00520	0.01066	0.01538	0.04107	0.73887	0.04038	0.06402	0.01108	0.00641	0.00172	0.00263	0.00978	0.00600	0.00524
23	0.01200	0.00727	0.00920	0.00826	0.01036	0.00699	0.00648	0.05824	0.06690	0.16211	0.43652	0.06605	0.05094	0.01039	0.00624	0.00180	0.00349	0.06448	0.00595	0.00634
24	0.02335	0.00934	0.01252	0.00967	0.01373	0.00826	0.00796	0.05896	0.01605	0.70161	0.06338	0.01956	0.01544	0.00699	0.00553	0.00169	0.00458	0.00570	0.00665	0.00904
25	0.00793	0.00529	0.00595	0.00595	0.00595	0.00529	0.00330	0.00793	0.00793	0.01057	0.01718	0.03568	0.01982	0.80840	0.02775	0.00529	0.00529	0.00793	0.00330	0.00330
26	0.02023	0.01498	0.01610	0.01231	0.01670	0.01640	0.01016	0.71747	0.02488	0.03349	0.01291	0.01300	0.00921	0.00641	0.00538	0.00159	0.00590	0.00482	0.00534	0.05271
27	0.84691	0.01054	0.00801	0.00717	0.01054	0.01223	0.00590	0.01603	0.00928	0.02446	0.00759	0.00886	0.00590	0.00506	0.00337	0.00169	0.00422	0.00295	0.00337	0.00590
28	0.00773	0.00528	0.00626	0.00641	0.00659	0.00532	0.00388	0.00806	0.00841	0.01127	0.01930	0.12887	0.03701	0.61954	0.09914	0.00518	0.00589	0.00873	0.00352	0.00362
29	0.00768	0.00555	0.00726	0.00688	0.00814	0.00512	0.00514	0.01021	0.01528	0.02163	0.74945	0.06347	0.05098	0.01132	0.00645	0.00173	0.00259	0.01003	0.00597	0.00512
30	0.01481	0.01391	0.01293	0.01158	0.01466	0.12597	0.00897	0.05439	0.62883	0.02185	0.01986	0.01855	0.01498	0.00711	0.00545	0.00178	0.00518	0.00573	0.00515	0.00832
31	0.01444	0.74278	0.07980	0.00985	0.01471	0.03580	0.01009	0.01649	0.01119	0.01314	0.00775	0.00896	0.00699	0.00472	0.00364	0.00121	0.00606	0.00300	0.00234	0.00706
32	0.01197	0.25014	0.56725	0.01378	0.02088	0.01519	0.01708	0.01700	0.01139	0.01601	0.00916	0.01073	0.00693	0.00503	0.00470	0.00157	0.00743	0.00371	0.00231	0.00776
33	0.01178	0.25949	0.47465	0.01309	0.01950	0.01469	0.03031	0.01639	0.01175	0.01634	0.07475	0.01327	0.01080	0.00553	0.00481	0.00156	0.00694	0.00425	0.00264	0.00748
34	0.00776	0.00570	0.00695	0.00669	0.00815	0.00517	0.00499	0.01013	0.02837	0.03540	0.49754	0.09538	0.24337	0.01211	0.00643	0.00178	0.00274	0.01053	0.00569	0.00510
35	0.01320	0.01588	0.17540	0.02430	0.43297	0.02797	0.03287	0.09202	0.01375	0.01922	0.03521	0.01673	0.05278	0.00595	0.00550	0.00167	0.00654	0.01676	0.00317	0.00812
36	0.01274	0.01140	0.02098	0.35563	0.12362	0.01215	0.22840	0.01634	0.01208	0.08877	0.01197	0.02940	0.00930	0.00573	0.00605	0.00182	0.02335	0.02019	0.00307	0.00701
37	0.01051	0.00991	0.01675	0.74311	0.08802	0.01217	0.01525	0.01412	0.01100	0.01420	0.00973	0.01446	0.00736	0.00541	0.00545	0.00180	0.00721	0.00485	0.00244	0.00623
38	0.01093	0.02820	0.78016	0.01554	0.02360	0.01266	0.02014	0.01727	0.01151	0.01727	0.00978	0.01151	0.00691	0.00518	0.00518	0.00173	0.00806	0.00403	0.00230	0.00806
39	0.01576	0.01226	0.01624	0.08161	0.01830	0.01313	0.11011	0.40789	0.01906	0.04333	0.01645	0.17068	0.01489	0.00848	0.00594	0.00182	0.00593	0.02569	0.00477	0.00767
40	0.01377	0.01453	0.14550	0.19103	0.35972	0.02537	0.01553	0.01792	0.04125	0.10542	0.01179	0.01418	0.00890	0.00537	0.00538	0.00169	0.00667	0.00482	0.00316	0.00802
41	0.00663	0.00480	0.00627	0.00745	0.00787	0.00444	0.00500	0.00761	0.01057	0.01397	0.03177	0.75331	0.08648	0.01686	0.00692	0.00219	0.00314	0.01522	0.00506	0.00444
42	0.01030	0.00969	0.01635	0.79530	0.03755	0.01211	0.01514	0.01393	0.01090	0.01393	0.00969	0.01453	0.00727	0.00545	0.00545	0.00182	0.00727	0.00484	0.00242	0.00606
43	0.04589	0.19302	0.20732	0.18807	0.06022	0.09309	0.03275	0.03025	0.02363	0.06293	0.01008	0.01208	0.00770	0.00529	0.00485	0.00158	0.00707	0.00411	0.00284	0.00723
44	0.02295	0.03282	0.01319	0.00988	0.01395	0.00915	0.00815	0.08922	0.03077	0.64712	0.02071	0.04804	0.01387	0.00708	0.00548	0.00169	0.00473	0.00576	0.00642	0.00901
45	0.00676	0.00483	0.00646	0.00773	0.00809	0.00453	0.00527	0.00780	0.01055	0.01405	0.02998	0.76385	0.03580	0.01697	0.00699	0.00223	0.00327	0.05533	0.00506	0.00446
46	0.01249	0.01404	0.08695	0.12549	0.37526	0.04214	0.14976	0.01604	0.01215	0.01668	0.01166	0.05910	0.01018	0.00594	0.00594	0.00175	0.02294	0.02111	0.00282	0.00756
47	0.08922	0.01863	0.03281	0.01837	0.22305	0.32775	0.01191	0.15888	0.01578	0.01957	0.00991	0.01168	0.00795	0.00637	0.02366	0.00171	0.00778	0.00416	0.00332	0.00748
48	0.01458	0.81168	0.02857	0.00933	0.01399	0.02157	0.00933	0.01632	0.01108	0.01283	0.00758	0.00875	0.00700	0.00466	0.00350	0.00117	0.00583	0.00292	0.00233	0.00700
49	0.08390	0.01211	0.01366	0.09533	0.10410	0.08267	0.00977	0.09699	0.12374	0.10491	0.01443	0.03339	0.01168	0.03025	0.00582	0.00171	0.00558	0.03567	0.00414	0.13015
50	0.01177	0.01814	0.27784	0.02001	0.09802	0.01249	0.36626	0.01658	0.01250	0.01766	0.06570	0.03390	0.01161	0.00558	0.00593	0.00178	0.00793	0.00594	0.00289	0.00749
51	0.00786	0.00536	0.00637	0.00635	0.00661	0.00538	0.00389	0.00837	0.00900	0.01225	0.11145	0.05478	0.02364	0.62059	0.09179	0.00507	0.00572	0.00818	0.00365	0.00370
52	0.01182	0.01214	0.02149	0.42347	0.11223	0.04296	0.23387	0.01546	0.01170	0.01528	0.01003	0.01426	0.00773	0.00545	0.00626	0.01491	0.02645	0.00526	0.00256	0.00667
53	0.00839	0.00608	0.00759	0.00709	0.00862	0.00574	0.00535	0.01172	0.06646	0.03926	0.63281	0.03994	0.11809	0.01104	0.00635	0.00174	0.00276	0.00966	0.00590	0.00543
54	0.01311	0.01302	0.04095	0.10767	0.68298	0.01286	0.01666	0.01647	0.01224	0.01742	0.01019	0.01354	0.00846	0.00492	0.00540	0.00164	0.00659	0.00484	0.00266	0.00837
55	0.07065	0.21888	0.32330	0.03577	0.03596	0.03056	0.01347	0.04403	0.01223	0.07837	0.02715	0.01294	0.02653	0.00559	0.00491	0.00156	0.01932	0.00414	0.00305	0.03158
56	0.58310	0.12370	0.01227	0.00898	0.03380	0.05733	0.00724	0.06698	0.01124	0.02263	0.02650	0.01009	0.00753	0.00528	0.00375	0.00159	0.00491	0.00333	0.00338	0.00637
57	0.01905	0.00983	0.01208	0.00972	0.01324	0.00958	0.00786	0.14767	0.10623	0.40642	0.14633	0.02283	0.04861	0.00779	0.00568	0.00171	0.00442	0.00643	0.00620	0.00833
58	0.01499	0.01151	0.02957	0.01113	0.01435	0.01172	0.05046	0.36806	0.03795	0.05104	0.09759	0.16405	0.01977	0.02843	0.00643	0.00185	0.00512	0.02932	0.00511	0.04154
59	0.00811	0.00619	0.00766	0.00691	0.00879	0.00542	0.00525	0.01044	0.01419	0.01992	0.52699	0.03831	0.14268	0.02596	0.00651	0.00168	0.00293	0.02610	0.00538	0.13057
60	0.01093	0.02820	0.78016	0.01554	0.02360	0.01266	0.02014	0.01727	0.01151	0.01727	0.00978	0.01151	0.00691	0.00518	0.00518	0.00173	0.00806	0.00403	0.00230	0.00806
61	0.00747	0.00556	0.00695	0.00660	0.00800	0.00504	0.00495	0.00982	0.01486	0.02050	0.63457	0.04297	0.18924	0.01165	0.00643	0.00174	0.00261	0.01017	0.00582	0.00504
62	0.02437	0.00942	0.01274	0.00977	0.01399	0.00823	0.00807	0.04416	0.01585	0.76024	0.02131	0.01842	0.01339	0.00674	0.00548	0.00169	0.00467	0.00547	0.00672	0.00928

[dist]
# distance from previous block
# <min> <max>
0	4

[block]
# block no. 6 follows, 44 sequences, length 7
# corresponding to MSA columns:
# 346-352
name=unknown_G
#
# <colnr> <probs for GDERKNQSTAVLIFYWHMCP>
#	G	D	E	R	K	N	Q	S	T	A	V	L	I	F	Y	W	H	M	C	P
0	0.01287	0.01471	0.03217	0.02298	0.02849	0.01379	0.75460	0.01746	0.01287	0.01746	0.01103	0.01471	0.00827	0.00460	0.00643	0.00184	0.00919	0.00643	0.00276	0.00735
1	0.00781	0.00574	0.00827	0.00827	0.00907	0.00655	0.00620	0.00942	0.00862	0.01229	0.01505	0.02391	0.01471	0.17497	0.65420	0.00815	0.01298	0.00621	0.00299	0.00459
2	0.02037	0.02598	0.01545	0.01404	0.01685	0.78652	0.01053	0.02177	0.01545	0.01334	0.00843	0.00983	0.00702	0.00562	0.00492	0.00140	0.00983	0.00351	0.00281	0.00632
3	0.01130	0.00969	0.01130	0.00807	0.01292	0.00727	0.00646	0.01373	0.01130	0.01776	0.00969	0.01130	0.00807	0.00404	0.00404	0.00081	0.00404	0.00323	0.00323	0.84173
4	0.01130	0.00969	0.01130	0.00807	0.01292	0.00727	0.00646	0.01373	0.01130	0.01776	0.00969	0.01130	0.00807	0.00404	0.00404	0.00081	0.00404	0.00323	0.00323	0.84173
5	0.00793	0.00529	0.00595	0.00595	0.00595	0.00529	0.00330	0.00793	0.00793	0.01057	0.01718	0.03568	0.01982	0.80840	0.02775	0.00529	0.00529	0.00793	0.00330	0.00330
6	0.01439	0.01154	0.01244	0.01106	0.01420	0.01310	0.00873	0.07866	0.63232	0.06385	0.02188	0.02195	0.01675	0.00771	0.00564	0.00186	0.00449	0.04535	0.00558	0.00851

[dist]
# distance from previous block
# <min> <max>
0	1

[block]
# block no. 7 follows, 44 sequences, length 17
# corresponding to MSA columns:
# 354-370
name=unknown_H
#
# <colnr> <probs for GDERKNQSTAVLIFYWHMCP>
#	G	D	E	R	K	N	Q	S	T	A	V	L	I	F	Y	W	H	M	C	P
0	0.00693	0.00505	0.00663	0.00762	0.00821	0.00460	0.00515	0.00797	0.01049	0.01415	0.02881	0.75641	0.03435	0.01628	0.00678	0.00213	0.00322	0.01475	0.00495	0.05553
1	0.01130	0.00969	0.01130	0.00807	0.01292	0.00727	0.00646	0.01373	0.01130	0.01776	0.00969	0.01130	0.00807	0.00404	0.00404	0.00081	0.00404	0.00323	0.00323	0.84173
2	0.00793	0.00529	0.00595	0.00595	0.00595	0.00529	0.00330	0.00793	0.00793	0.01057	0.01718	0.03568	0.01982	0.80840	0.02775	0.00529	0.00529	0.00793	0.00330	0.00330
3	0.01378	0.01185	0.01446	0.01250	0.01565	0.05286	0.10113	0.04570	0.43726	0.06099	0.02095	0.02604	0.01731	0.00825	0.00597	0.00193	0.00540	0.13516	0.00503	0.00777
4	0.01030	0.00969	0.01635	0.79530	0.03755	0.01211	0.01514	0.01393	0.01090	0.01393	0.00969	0.01453	0.00727	0.00545	0.00545	0.00182	0.00727	0.00484	0.00242	0.00606
5	0.01030	0.00969	0.01635	0.79530	0.03755	0.01211	0.01514	0.01393	0.01090	0.01393	0.00969	0.01453	0.00727	0.00545	0.00545	0.00182	0.00727	0.00484	0.00242	0.00606
6	0.02037	0.02598	0.01545	0.01404	0.01685	0.78652	0.01053	0.02177	0.01545	0.01334	0.00843	0.00983	0.00702	0.00562	0.00492	0.00140	0.00983	0.00351	0.00281	0.00632
7	0.01093	0.02820	0.78016	0.01554	0.02360	0.01266	0.02014	0.01727	0.01151	0.01727	0.00978	0.01151	0.00691	0.00518	0.00518	0.00173	0.00806	0.00403	0.00230	0.00806
8	0.00681	0.00549	0.00607	0.00602	0.00762	0.00474	0.00448	0.00851	0.01316	0.01669	0.25571	0.09279	0.52630	0.01325	0.00647	0.00183	0.00273	0.01127	0.00533	0.00474
9	0.02259	0.01164	0.01403	0.01083	0.01505	0.01159	0.00892	0.30118	0.05108	0.46635	0.01837	0.01657	0.01204	0.00670	0.00547	0.00167	0.00514	0.00530	0.00621	0.00925
10	0.00679	0.00489	0.00645	0.00752	0.00801	0.00455	0.00515	0.00794	0.01100	0.01470	0.09412	0.68867	0.06522	0.01639	0.00691	0.00217	0.00315	0.03671	0.00514	0.00451
11	0.01093	0.02820	0.78016	0.01554	0.02360	0.01266	0.02014	0.01727	0.01151	0.01727	0.00978	0.01151	0.00691	0.00518	0.00518	0.00173	0.00806	0.00403	0.00230	0.00806
