[name]
unknown

[dist]
# distance from previous block
# <min> <max>
0	49

[block]
# block no. 0 follows, 46 sequences, length 11
# corresponding to MSA columns:
# 51-61
name=unknown_A
#
# <colnr> <probs for GDERKNQSTAVLIFYWHMCP>
#	G	D	E	R	K	N	Q	S	T	A	V	L	I	F	Y	W	H	M	C	P
0	0.00698	0.00525	0.00641	0.00712	0.00812	0.00485	0.00533	0.00832	0.01106	0.01405	0.03605	0.31154	0.28282	0.08052	0.00837	0.00234	0.00354	0.18816	0.00476	0.00440
1	0.01844	0.01413	0.01619	0.01421	0.09736	0.01557	0.01060	0.60258	0.04428	0.02979	0.01228	0.01283	0.00900	0.00625	0.00579	0.00160	0.04242	0.00473	0.00480	0.03714
2	0.08258	0.27910	0.16015	0.01156	0.01637	0.06555	0.05149	0.13126	0.04119	0.09834	0.01070	0.01140	0.00808	0.00528	0.00448	0.00147	0.00620	0.00391	0.00341	0.00749
3	0.00646	0.00519	0.00566	0.00589	0.00722	0.00450	0.00422	0.00771	0.01157	0.01433	0.09495	0.20775	0.52752	0.06356	0.00763	0.00206	0.00290	0.01164	0.00486	0.00438
4	0.05355	0.00962	0.01392	0.01062	0.01462	0.00872	0.08777	0.05645	0.01503	0.58849	0.06986	0.01844	0.01455	0.00654	0.00540	0.00165	0.00488	0.00558	0.00590	0.00840
5	0.01377	0.01114	0.01652	0.23403	0.27360	0.04197	0.02632	0.08049	0.01325	0.11532	0.05388	0.05687	0.01220	0.00630	0.00562	0.00168	0.02064	0.00556	0.00357	0.00727
6	0.01232	0.01178	0.02008	0.22147	0.59816	0.01236	0.01585	0.01556	0.01168	0.01635	0.00981	0.01333	0.00805	0.00485	0.00525	0.00162	0.00647	0.00471	0.00255	0.00776
7	0.00644	0.00460	0.00613	0.00736	0.00767	0.00429	0.00491	0.00736	0.01012	0.01350	0.02914	0.81076	0.03497	0.01656	0.00675	0.00215	0.00307	0.01503	0.00491	0.00429
8	0.61461	0.10573	0.01069	0.00763	0.01095	0.04241	0.00641	0.06066	0.01053	0.02229	0.00838	0.00961	0.00661	0.00505	0.00349	0.00154	0.00448	0.00313	0.05980	0.00601
9	0.00700	0.00528	0.00705	0.00787	0.00813	0.00546	0.00542	0.00788	0.00978	0.01322	0.02627	0.68656	0.03134	0.06693	0.00903	0.00235	0.07793	0.01359	0.00456	0.00436
10	0.06946	0.07501	0.01450	0.01064	0.02946	0.01318	0.00863	0.35954	0.06639	0.14394	0.01549	0.01519	0.04976	0.00626	0.00492	0.00150	0.00502	0.00481	0.00481	0.10150

[dist]
# distance from previous block
# <min> <max>
0	4

[block]
# block no. 1 follows, 46 sequences, length 40
# corresponding to MSA columns:
# 66-105
name=unknown_B
#
# <colnr> <probs for GDERKNQSTAVLIFYWHMCP>
#	G	D	E	R	K	N	Q	S	T	A	V	L	I	F	Y	W	H	M	C	P
0	0.01218	0.01177	0.03869	0.11800	0.52554	0.01151	0.01421	0.04326	0.01214	0.01710	0.01236	0.06184	0.03238	0.00576	0.00527	0.00159	0.00594	0.00539	0.00291	0.06213
1	0.01163	0.01080	0.01570	0.02992	0.13294	0.02628	0.09269	0.06316	0.03753	0.01656	0.01297	0.14221	0.01256	0.00832	0.02205	0.00184	0.18651	0.00627	0.00330	0.16677
2	0.00677	0.00497	0.00635	0.00686	0.00768	0.00455	0.00482	0.00827	0.01200	0.01619	0.28417	0.45201	0.13745	0.01421	0.00651	0.00194	0.00282	0.01268	0.00521	0.00455
3	0.00731	0.00572	0.00666	0.00641	0.00794	0.00525	0.00481	0.01005	0.05897	0.01833	0.42843	0.06277	0.33448	0.01176	0.00620	0.00173	0.00268	0.01012	0.00541	0.00497
4	0.00998	0.00940	0.01586	0.80150	0.03641	0.01175	0.01468	0.01351	0.01057	0.01351	0.00940	0.01409	0.00705	0.00529	0.00529	0.00176	0.00705	0.00470	0.00235	0.00587
5	0.01296	0.01248	0.02146	0.06003	0.73814	0.01255	0.03216	0.01614	0.01199	0.01713	0.00994	0.01315	0.00832	0.00473	0.00526	0.00158	0.00636	0.00474	0.00261	0.00826
6	0.02372	0.00900	0.01227	0.00941	0.01350	0.00777	0.00777	0.02576	0.01513	0.78489	0.02086	0.01799	0.01309	0.00654	0.00532	0.00164	0.00450	0.00532	0.00654	0.00900
7	0.08390	0.01374	0.19704	0.01137	0.01622	0.00956	0.05930	0.03578	0.01353	0.44925	0.01660	0.04532	0.01141	0.00629	0.00520	0.00167	0.00551	0.00521	0.00493	0.00816
8	0.01060	0.02735	0.78682	0.01507	0.02288	0.01228	0.01953	0.01674	0.01116	0.01674	0.00949	0.01116	0.00670	0.00502	0.00502	0.00167	0.00781	0.00391	0.00223	0.00781
9	0.00645	0.00473	0.00601	0.00702	0.00753	0.00435	0.00472	0.00740	0.01032	0.01350	0.03227	0.67408	0.14277	0.04287	0.00735	0.00219	0.00308	0.01422	0.00485	0.00428
10	0.00999	0.00955	0.01668	0.67588	0.03371	0.01142	0.08509	0.01343	0.01072	0.01383	0.01080	0.06582	0.00895	0.00594	0.00547	0.00179	0.00697	0.00552	0.00255	0.00589
11	0.00998	0.00940	0.01586	0.80150	0.03641	0.01175	0.01468	0.01351	0.01057	0.01351	0.00940	0.01409	0.00705	0.00529	0.00529	0.00176	0.00705	0.00470	0.00235	0.00587
12	0.00664	0.00482	0.00651	0.03526	0.00864	0.00461	0.00521	0.00769	0.01027	0.01373	0.05870	0.73140	0.03419	0.03631	0.00719	0.00219	0.00324	0.01425	0.00481	0.00435
13	0.01564	0.00921	0.01007	0.00828	0.01103	0.00964	0.00665	0.29686	0.01683	0.13171	0.01604	0.01683	0.01177	0.00628	0.00452	0.00142	0.00401	0.00492	0.41126	0.00702
14	0.01378	0.69334	0.02585	0.10804	0.01650	0.04244	0.00978	0.01570	0.01084	0.01259	0.00763	0.00921	0.00682	0.00465	0.00367	0.00122	0.00594	0.00308	0.00229	0.00665
15	0.00861	0.00557	0.00708	0.00684	0.00826	0.00502	0.00507	0.01054	0.01349	0.09122	0.43022	0.19761	0.16633	0.01202	0.00625	0.00178	0.00283	0.01055	0.00555	0.00514
16	0.01284	0.01425	0.02568	0.01971	0.04860	0.06718	0.49195	0.01687	0.04937	0.01605	0.01025	0.01361	0.00813	0.00567	0.00838	0.00186	0.17436	0.00565	0.00273	0.00688
17	0.00764	0.00511	0.00578	0.00583	0.00584	0.00509	0.00327	0.00768	0.00778	0.01037	0.01713	0.06400	0.01982	0.78399	0.02614	0.00501	0.00505	0.00797	0.00327	0.00324
18	0.01524	0.61985	0.02458	0.01019	0.01417	0.18561	0.00938	0.01685	0.01155	0.01255	0.00751	0.00881	0.00680	0.00489	0.00418	0.00122	0.03462	0.00301	0.00236	0.00661
19	0.02010	0.01481	0.01587	0.01216	0.01639	0.01639	0.01005	0.76360	0.02486	0.03332	0.01269	0.01269	0.00899	0.00635	0.00529	0.00159	0.00582	0.00476	0.00529	0.00899
20	0.02010	0.01481	0.01587	0.01216	0.01639	0.01639	0.01005	0.76360	0.02486	0.03332	0.01269	0.01269	0.00899	0.00635	0.00529	0.00159	0.00582	0.00476	0.00529	0.00899
21	0.01050	0.00750	0.00816	0.00731	0.00940	0.03836	0.00564	0.08662	0.01474	0.10181	0.29295	0.05793	0.31703	0.01081	0.00600	0.00170	0.00342	0.00912	0.00535	0.00565
22	0.00730	0.00545	0.00610	0.00629	0.00778	0.00477	0.00471	0.00863	0.01163	0.04551	0.04367	0.16781	0.51217	0.06165	0.00763	0.00210	0.00318	0.08417	0.00487	0.00459
23	0.85155	0.01022	0.00777	0.00695	0.01022	0.01186	0.00573	0.01554	0.00900	0.02372	0.00736	0.00859	0.00573	0.00491	0.00327	0.00164	0.00409	0.00286	0.00327	0.00573
24	0.00719	0.00539	0.00666	0.00634	0.00772	0.00486	0.00476	0.00941	0.01427	0.01956	0.60638	0.04219	0.22297	0.01142	0.00624	0.00169	0.00254	0.00994	0.00560	0.00486
25	0.85155	0.01022	0.00777	0.00695	0.01022	0.01186	0.00573	0.01554	0.00900	0.02372	0.00736	0.00859	0.00573	0.00491	0.00327	0.00164	0.00409	0.00286	0.00327	0.00573
26	0.01060	0.02735	0.78682	0.01507	0.02288	0.01228	0.01953	0.01674	0.01116	0.01674	0.00949	0.01116	0.00670	0.00502	0.00502	0.00167	0.00781	0.00391	0.00223	0.00781
27	0.02946	0.00614	0.00693	0.00659	0.00828	0.00583	0.00499	0.01111	0.09436	0.01864	0.39234	0.04106	0.33225	0.01128	0.00607	0.00172	0.00279	0.00963	0.00535	0.00516
28	0.01046	0.00526	0.00547	0.00531	0.00670	0.00523	0.00402	0.01316	0.02695	0.05413	0.04359	0.02031	0.01483	0.00636	0.00389	0.00128	0.00259	0.00513	0.76015	0.00518
29	0.01308	0.01256	0.02146	0.03245	0.78123	0.01256	0.01622	0.01622	0.01204	0.01727	0.00994	0.01308	0.00837	0.00471	0.00523	0.00157	0.00628	0.00471	0.00262	0.00837
30	0.02348	0.00937	0.01250	0.00958	0.01368	0.00833	0.00792	0.07366	0.01576	0.73611	0.02033	0.01765	0.01282	0.00653	0.00531	0.00163	0.00458	0.00528	0.00646	0.00900
31	0.00680	0.00535	0.00615	0.00601	0.00750	0.00469	0.00448	0.00864	0.01327	0.01732	0.37448	0.07682	0.42488	0.01237	0.00626	0.00175	0.00261	0.01061	0.00531	0.00469
32	0.00633	0.00531	0.00549	0.00554	0.00721	0.00448	0.00412	0.00770	0.01209	0.01460	0.09085	0.09574	0.69557	0.01344	0.00628	0.00180	0.00269	0.01130	0.00496	0.00448
33	0.00985	0.00493	0.00493	0.00493	0.00616	0.00493	0.00370	0.01232	0.01109	0.01971	0.01725	0.01971	0.01355	0.00616	0.00370	0.00123	0.00246	0.00493	0.84356	0.00493
34	0.00670	0.00477	0.00618	0.00716	0.00754	0.00449	0.00480	0.00763	0.01012	0.01347	0.05405	0.63421	0.05832	0.11569	0.00925	0.00250	0.00336	0.04081	0.00472	0.00421
35	0.01060	0.02735	0.78682	0.01507	0.02288	0.01228	0.01953	0.01674	0.01116	0.01674	0.00949	0.01116	0.00670	0.00502	0.00502	0.00167	0.00781	0.00391	0.00223	0.00781
36	0.00634	0.00522	0.00559	0.00587	0.00734	0.00447	0.00430	0.00762	0.01166	0.01416	0.04797	0.20625	0.60948	0.01407	0.00637	0.00187	0.00281	0.02927	0.00491	0.00444
37	0.02372	0.00900	0.01227	0.00941	0.01350	0.00777	0.00777	0.02576	0.01513	0.78489	0.02086	0.01799	0.01309	0.00654	0.00532	0.00164	0.00450	0.00532	0.00654	0.00900
38	0.02190	0.00862	0.01144	0.00891	0.01265	0.00762	0.00731	0.04132	0.01485	0.67188	0.02022	0.01808	0.01305	0.00649	0.00511	0.00158	0.00428	0.00525	0.11093	0.00849
39	0.07078	0.01394	0.01307	0.01096	0.01431	0.11471	0.00872	0.32862	0.24599	0.02511	0.01700	0.01664	0.05687	0.00680	0.00512	0.00162	0.00540	0.00522	0.03128	0.00782

[dist]
# distance from previous block
# <min> <max>
3	33

[block]
# block no. 2 follows, 46 sequences, length 140
# corresponding to MSA columns:
# 140-279
name=unknown_C
#
# <colnr> <probs for GDERKNQSTAVLIFYWHMCP>
#	G	D	E	R	K	N	Q	S	T	A	V	L	I	F	Y	W	H	M	C	P
0	0.00735	0.00539	0.00692	0.00680	0.00803	0.00496	0.00515	0.00959	0.01406	0.01943	0.58309	0.10109	0.12803	0.01183	0.00636	0.00177	0.00274	0.06697	0.00558	0.00487
1	0.00825	0.00602	0.00695	0.00679	0.00845	0.00545	0.00509	0.05208	0.01291	0.05130	0.15137	0.21463	0.37917	0.01281	0.00624	0.00183	0.00311	0.03699	0.00510	0.02546
2	0.00762	0.00510	0.00579	0.00586	0.00587	0.00508	0.00330	0.00767	0.00783	0.01044	0.01737	0.07884	0.02012	0.76874	0.02576	0.00496	0.00501	0.00811	0.00330	0.00327
3	0.01413	0.81739	0.02770	0.00905	0.01357	0.02092	0.00905	0.01583	0.01074	0.01244	0.00735	0.00848	0.00678	0.00452	0.00339	0.00113	0.00565	0.00283	0.00226	0.00678
4	0.00998	0.00940	0.01586	0.80150	0.03641	0.01175	0.01468	0.01351	0.01057	0.01351	0.00940	0.01409	0.00705	0.00529	0.00529	0.00176	0.00705	0.00470	0.00235	0.00587
5	0.01433	0.01341	0.02588	0.01996	0.08260	0.01274	0.51046	0.09690	0.01393	0.09228	0.01175	0.01418	0.00863	0.00485	0.00584	0.00168	0.00768	0.00570	0.00334	0.05385
6	0.01709	0.03481	0.11990	0.01523	0.15616	0.04299	0.01154	0.15093	0.11675	0.23337	0.01534	0.01613	0.01115	0.00620	0.00525	0.00164	0.00570	0.02690	0.00455	0.00834
7	0.04385	0.00903	0.01216	0.00935	0.01342	0.00787	0.00772	0.02552	0.01498	0.76638	0.02053	0.01776	0.01291	0.00650	0.00527	0.00164	0.00449	0.00526	0.00646	0.00892
8	0.00664	0.00537	0.00590	0.00577	0.00738	0.00463	0.00432	0.00834	0.01297	0.01647	0.28305	0.04727	0.54822	0.01257	0.00624	0.00175	0.00262	0.01065	0.00520	0.00463
9	0.01158	0.01103	0.01874	0.40515	0.42027	0.01217	0.01548	0.01491	0.01133	0.01545	0.00968	0.01357	0.00773	0.00499	0.00526	0.00166	0.00665	0.00470	0.00249	0.00716
10	0.00701	0.00490	0.00648	0.00752	0.00805	0.00466	0.00535	0.00829	0.01068	0.01447	0.07077	0.59421	0.03369	0.03921	0.00726	0.00221	0.00334	0.12455	0.04293	0.00442
11	0.01974	0.01419	0.01526	0.01175	0.01585	0.01562	0.00969	0.70788	0.02395	0.05476	0.01314	0.01317	0.00932	0.00634	0.00522	0.00157	0.00563	0.00478	0.04334	0.00881
12	0.85155	0.01022	0.00777	0.00695	0.01022	0.01186	0.00573	0.01554	0.00900	0.02372	0.00736	0.00859	0.00573	0.00491	0.00327	0.00164	0.00409	0.00286	0.00327	0.00573
13	0.00827	0.00591	0.00823	0.00945	0.01056	0.00587	0.00808	0.01052	0.01192	0.01554	0.02813	0.15025	0.03097	0.01484	0.00724	0.00240	0.00465	0.65751	0.00487	0.00480
14	0.02010	0.01481	0.01587	0.01216	0.01639	0.01639	0.01005	0.76360	0.02486	0.03332	0.01269	0.01269	0.00899	0.00635	0.00529	0.00159	0.00582	0.00476	0.00529	0.00899
15	0.01073	0.05577	0.75951	0.01485	0.02255	0.01259	0.01916	0.01671	0.01115	0.01659	0.00941	0.01106	0.00670	0.00500	0.00496	0.00165	0.00774	0.00387	0.00223	0.00778
16	0.01298	0.01246	0.02128	0.05709	0.75736	0.01253	0.01617	0.01614	0.01199	0.01715	0.00993	0.01312	0.00833	0.00473	0.00524	0.00158	0.00630	0.00471	0.00261	0.00829
17	0.02372	0.00900	0.01227	0.00941	0.01350	0.00777	0.00777	0.02576	0.01513	0.78489	0.02086	0.01799	0.01309	0.00654	0.00532	0.00164	0.00450	0.00532	0.00654	0.00900
18	0.00755	0.00566	0.00850	0.00850	0.00944	0.00661	0.00661	0.00944	0.00850	0.01227	0.01416	0.02077	0.01322	0.03965	0.79326	0.00850	0.01416	0.00566	0.00283	0.00472
19	0.01369	0.01379	0.01125	0.01018	0.01275	0.24195	0.00788	0.10762	0.18776	0.01844	0.06777	0.02675	0.20006	0.00869	0.00555	0.00167	0.00554	0.04775	0.00446	0.00644
20	0.00998	0.00940	0.01586	0.80150	0.03641	0.01175	0.01468	0.01351	0.01057	0.01351	0.00940	0.01409	0.00705	0.00529	0.00529	0.00176	0.00705	0.00470	0.00235	0.00587
21	0.01949	0.01422	0.01522	0.01173	0.01579	0.01571	0.00967	0.71909	0.02404	0.03251	0.01296	0.01311	0.00926	0.00634	0.00519	0.00157	0.00562	0.00477	0.05496	0.00875
22	0.00809	0.00553	0.00641	0.00639	0.00667	0.00561	0.00390	0.04202	0.00881	0.01180	0.01790	0.12947	0.02041	0.63862	0.06270	0.00477	0.00536	0.00836	0.00349	0.00368
23	0.01712	0.02082	0.01331	0.01215	0.01478	0.59099	0.00915	0.02013	0.10709	0.01424	0.01594	0.01637	0.11241	0.00673	0.00504	0.00147	0.00795	0.00477	0.00334	0.00618
24	0.04452	0.01127	0.01306	0.01027	0.01399	0.01159	0.00839	0.37400	0.01923	0.30436	0.06201	0.05298	0.01413	0.00711	0.00532	0.00163	0.00488	0.00567	0.02726	0.00834
25	0.00732	0.00523	0.00715	0.00837	0.00907	0.00506	0.00644	0.00889	0.01099	0.01448	0.02865	0.49126	0.03303	0.01573	0.00698	0.00227	0.00383	0.32581	0.00489	0.00454
26	0.01246	0.01413	0.03047	0.02226	0.04574	0.01344	0.71962	0.01678	0.01233	0.01681	0.01056	0.01414	0.00800	0.00462	0.00657	0.00179	0.03434	0.00615	0.00266	0.00712
27	0.01976	0.02489	0.01501	0.01358	0.01634	0.76987	0.01021	0.04321	0.01528	0.01354	0.00831	0.00963	0.00687	0.00547	0.00478	0.00137	0.00942	0.00345	0.00280	0.00621
28	0.56473	0.01001	0.00906	0.00776	0.01096	0.01108	0.00633	0.10096	0.01219	0.10240	0.10758	0.01395	0.01248	0.00599	0.00409	0.00163	0.00412	0.00418	0.00416	0.00634
29	0.00637	0.00487	0.00586	0.00665	0.00748	0.00435	0.00459	0.00744	0.01080	0.01377	0.03778	0.54167	0.29847	0.01544	0.00657	0.00202	0.00293	0.01366	0.00491	0.00435
30	0.76118	0.03222	0.00888	0.00756	0.01082	0.07674	0.00618	0.01601	0.00954	0.02254	0.00743	0.00866	0.00584	0.00494	0.00340	0.00160	0.00458	0.00291	0.00320	0.00579
31	0.00724	0.00528	0.00672	0.00657	0.00768	0.00486	0.00479	0.00930	0.01370	0.01900	0.57500	0.13658	0.11672	0.05400	0.00739	0.00192	0.00272	0.01030	0.00548	0.00476
32	0.01259	0.01198	0.02037	0.11026	0.67438	0.01222	0.01576	0.01574	0.01189	0.01683	0.01061	0.01504	0.00911	0.00516	0.00532	0.00162	0.00630	0.03416	0.00268	0.00798
33	0.01589	0.01547	0.01289	0.01193	0.04876	0.29164	0.00878	0.05783	0.20957	0.08867	0.01756	0.04242	0.07378	0.00688	0.00514	0.00153	0.00613	0.00535	0.00417	0.07562
34	0.01353	0.01335	0.03622	0.11389	0.45456	0.06786	0.01405	0.05870	0.14000	0.01820	0.01183	0.01400	0.00941	0.00534	0.00523	0.00162	0.00626	0.00481	0.00319	0.00795
35	0.00653	0.00467	0.00621	0.00730	0.00769	0.00435	0.00491	0.00757	0.01052	0.01412	0.09008	0.74803	0.03618	0.01609	0.00671	0.00211	0.00302	0.01458	0.00498	0.00435
36	0.01470	0.73685	0.02641	0.00951	0.01385	0.09942	0.00916	0.01637	0.01117	0.01249	0.00743	0.00859	0.00679	0.00462	0.00353	0.00115	0.00605	0.00289	0.00231	0.00672
37	0.00696	0.00538	0.00634	0.00610	0.00758	0.00477	0.00458	0.00897	0.01373	0.01828	0.47235	0.04430	0.35780	0.01190	0.00624	0.00171	0.00257	0.01023	0.00544	0.00477
38	0.01012	0.00953	0.01609	0.76886	0.06802	0.01178	0.01475	0.01362	0.01063	0.01367	0.00942	0.01405	0.00710	0.00526	0.00528	0.00175	0.00701	0.00470	0.00236	0.00598
39	0.01065	0.02702	0.76822	0.01525	0.02300	0.01230	0.03781	0.01675	0.01119	0.01675	0.00952	0.01124	0.00673	0.00501	0.00505	0.00168	0.00784	0.00396	0.00224	0.00780
40	0.00644	0.00460	0.00613	0.00736	0.00767	0.00429	0.00491	0.00736	0.01012	0.01350	0.02914	0.81076	0.03497	0.01656	0.00675	0.00215	0.00307	0.01503	0.00491	0.00429
41	0.36812	0.00951	0.01040	0.00839	0.01213	0.00947	0.00692	0.02151	0.01258	0.46823	0.01524	0.01408	0.01002	0.00586	0.00447	0.00164	0.00433	0.00430	0.00518	0.00764
42	0.00636	0.00536	0.00551	0.00547	0.00721	0.00451	0.00410	0.00780	0.01231	0.01489	0.11777	0.04987	0.71449	0.01316	0.00625	0.00177	0.00266	0.01102	0.00499	0.00451
43	0.01232	0.01396	0.03025	0.07004	0.02817	0.01327	0.71622	0.01672	0.01236	0.01672	0.01062	0.01425	0.00796	0.00451	0.00618	0.00178	0.00880	0.00614	0.00265	0.00705
44	0.00769	0.00513	0.00577	0.00577	0.00577	0.00513	0.00320	0.00769	0.00769	0.01025	0.01666	0.03460	0.01922	0.81421	0.02691	0.00513	0.00513	0.00769	0.00320	0.00320
45	0.85155	0.01022	0.00777	0.00695	0.01022	0.01186	0.00573	0.01554	0.00900	0.02372	0.00736	0.00859	0.00573	0.00491	0.00327	0.00164	0.00409	0.00286	0.00327	0.00573
46	0.00985	0.00493	0.00493	0.00493	0.00616	0.00493	0.00370	0.01232	0.01109	0.01971	0.01725	0.01971	0.01355	0.00616	0.00370	0.00123	0.00246	0.00493	0.84356	0.00493
47	0.00729	0.00540	0.00681	0.00645	0.00778	0.00491	0.00484	0.00961	0.01452	0.02015	0.66827	0.04122	0.16071	0.01120	0.00624	0.00168	0.00252	0.00980	0.00568	0.00491
48	0.00998	0.00940	0.01586	0.80150	0.03641	0.01175	0.01468	0.01351	0.01057	0.01351	0.00940	0.01409	0.00705	0.00529	0.00529	0.00176	0.00705	0.00470	0.00235	0.00587
49	0.00642	0.00477	0.00599	0.00693	0.00756	0.00434	0.00473	0.00746	0.01062	0.01381	0.04949	0.63892	0.18809	0.01579	0.00663	0.00206	0.00298	0.01412	0.00493	0.00434
50	0.00628	0.00536	0.00541	0.00539	0.00716	0.00448	0.00405	0.00766	0.01214	0.01448	0.07483	0.05054	0.75768	0.01331	0.00625	0.00178	0.00267	0.01111	0.00494	0.00448
51	0.05984	0.01006	0.01251	0.01157	0.12555	0.00843	0.00785	0.03636	0.01154	0.04061	0.00979	0.01140	0.00798	0.00424	0.00415	0.00100	0.00435	0.00346	0.00323	0.62609
52	0.01058	0.00698	0.00807	0.00745	0.00851	0.00717	0.00506	0.14204	0.01156	0.05907	0.01816	0.15659	0.01945	0.47009	0.04312	0.00392	0.00516	0.00817	0.00403	0.00478
53	0.00833	0.00571	0.00739	0.00685	0.00828	0.00530	0.00518	0.01109	0.03332	0.05573	0.71235	0.03824	0.06080	0.01057	0.00617	0.00167	0.00263	0.00931	0.00582	0.00524
54	0.01231	0.01330	0.02692	0.09753	0.18047	0.01321	0.49748	0.01623	0.01196	0.01644	0.01021	0.01385	0.00794	0.00486	0.00658	0.00177	0.05347	0.00569	0.00261	0.00719
55	0.01389	0.07638	0.02075	0.07193	0.57587	0.11876	0.01477	0.01670	0.01225	0.01610	0.00947	0.01231	0.00796	0.00483	0.00503	0.00152	0.00672	0.00439	0.00259	0.00780
56	0.64398	0.00929	0.00790	0.00713	0.01000	0.01045	0.00578	0.02822	0.01049	0.04172	0.13311	0.03150	0.01424	0.00638	0.00400	0.00167	0.00387	0.02071	0.00387	0.00570
57	0.00643	0.00464	0.00609	0.00725	0.00764	0.00430	0.00486	0.00737	0.01023	0.01354	0.03053	0.76753	0.07730	0.01638	0.00672	0.00213	0.00304	0.01481	0.00491	0.00430
58	0.01880	0.01356	0.01516	0.03258	0.04063	0.01483	0.00987	0.61193	0.04118	0.07298	0.04824	0.03026	0.01169	0.00670	0.00536	0.00161	0.00554	0.00524	0.00522	0.00860
59	0.00775	0.00561	0.00705	0.00776	0.00849	0.00546	0.00537	0.08013	0.01160	0.01543	0.02834	0.70963	0.05631	0.01548	0.00659	0.00208	0.00332	0.01392	0.00494	0.00475
60	0.00756	0.00564	0.00836	0.00836	0.00926	0.00653	0.00644	0.00935	0.00846	0.01217	0.01429	0.02146	0.01352	0.07863	0.75469	0.00833	0.01371	0.00577	0.00285	0.00464
61	0.01271	0.01228	0.02127	0.11883	0.66295	0.01251	0.04987	0.01595	0.01189	0.01683	0.00992	0.01325	0.00821	0.00476	0.00529	0.00160	0.00649	0.00478	0.00259	0.00804
62	0.01304	0.36063	0.30088	0.01296	0.03341	0.01635	0.06873	0.06519	0.05320	0.01630	0.00953	0.01085	0.00753	0.00496	0.00446	0.00145	0.00662	0.00380	0.00265	0.00744
63	0.01003	0.00948	0.01613	0.78753	0.03625	0.01177	0.02808	0.01357	0.01061	0.01357	0.00942	0.01410	0.00706	0.00527	0.00530	0.00176	0.00708	0.00473	0.00235	0.00590
64	0.00769	0.00513	0.00577	0.00577	0.00577	0.00513	0.00320	0.00769	0.00769	0.01025	0.01666	0.03460	0.01922	0.81421	0.02691	0.00513	0.00513	0.00769	0.00320	0.00320
65	0.00713	0.00532	0.00700	0.04493	0.00936	0.00521	0.00558	0.00902	0.04241	0.01492	0.12742	0.55124	0.07116	0.03516	0.00707	0.00212	0.00333	0.04211	0.00488	0.00463
66	0.02175	0.01066	0.05101	0.01004	0.01422	0.00927	0.00861	0.11391	0.05655	0.60089	0.03392	0.01752	0.01315	0.00656	0.00532	0.00164	0.00477	0.00530	0.00610	0.00883
67	0.02169	0.01226	0.01429	0.01095	0.01512	0.01261	0.00905	0.43990	0.02059	0.36305	0.01627	0.01502	0.01079	0.00643	0.00530	0.00161	0.00524	0.00500	0.00584	0.00899
68	0.00644	0.00460	0.00613	0.00736	0.00767	0.00429	0.00491	0.00736	0.01012	0.01350	0.02914	0.81076	0.03497	0.01656	0.00675	0.00215	0.00307	0.01503	0.00491	0.00429
69	0.01085	0.00928	0.01084	0.00782	0.01241	0.00698	0.00623	0.01317	0.01094	0.01714	0.00988	0.03050	0.00849	0.00422	0.00398	0.00082	0.00389	0.00342	0.00318	0.82595
70	0.01767	0.01023	0.05582	0.00913	0.01352	0.00797	0.00786	0.04938	0.01379	0.41359	0.03414	0.01640	0.03240	0.00584	0.00487	0.00135	0.00445	0.00473	0.00503	0.29182
71	0.01994	0.01395	0.01523	0.01174	0.01579	0.01526	0.00965	0.67642	0.02339	0.09052	0.01318	0.01324	0.00932	0.00684	0.00590	0.03516	0.00567	0.00480	0.00527	0.00872
72	0.00998	0.00940	0.01586	0.80150	0.03641	0.01175	0.01468	0.01351	0.01057	0.01351	0.00940	0.01409	0.00705	0.00529	0.00529	0.00176	0.00705	0.00470	0.00235	0.00587
73	0.01024	0.00975	0.01666	0.72406	0.06499	0.01194	0.04263	0.01372	0.01064	0.01377	0.00941	0.01400	0.00713	0.00532	0.00559	0.00177	0.02523	0.00475	0.00237	0.00602
74	0.04252	0.00981	0.01228	0.00969	0.01355	0.00935	0.00791	0.09649	0.11934	0.55283	0.04185	0.01799	0.01391	0.00665	0.00527	0.00164	0.00450	0.00538	0.00610	0.02294
75	0.03952	0.01580	0.01507	0.01208	0.01592	0.12974	0.00976	0.54811	0.11276	0.02875	0.01296	0.01297	0.00945	0.00628	0.00517	0.00158	0.00612	0.00466	0.00487	0.00842
76	0.02035	0.00975	0.01217	0.00984	0.01358	0.00948	0.00796	0.02651	0.25631	0.54172	0.02107	0.01855	0.01406	0.00674	0.00534	0.00169	0.00440	0.00553	0.00617	0.00880
77	0.01413	0.81739	0.02770	0.00905	0.01357	0.02092	0.00905	0.01583	0.01074	0.01244	0.00735	0.00848	0.00678	0.00452	0.00339	0.00113	0.00565	0.00283	0.00226	0.00678
78	0.00808	0.00535	0.00598	0.00589	0.00604	0.00539	0.00339	0.02636	0.00824	0.01119	0.01658	0.03347	0.01874	0.76233	0.02546	0.00488	0.00504	0.00751	0.03666	0.00341
79	0.10926	0.01409	0.01285	0.01106	0.01435	0.13460	0.00872	0.19186	0.38006	0.04409	0.01586	0.01527	0.01183	0.00645	0.00503	0.00166	0.00538	0.00494	0.00474	0.00788
80	0.01011	0.00952	0.01608	0.77093	0.06602	0.01178	0.01474	0.01362	0.01063	0.01366	0.00942	0.01405	0.00710	0.00526	0.00528	0.00175	0.00702	0.00470	0.00236	0.00597
81	0.01096	0.00940	0.01096	0.00783	0.01253	0.00705	0.00626	0.01331	0.01096	0.01723	0.00940	0.01096	0.00783	0.00392	0.00392	0.00078	0.00392	0.00313	0.00313	0.84653
82	0.00833	0.00559	0.00726	0.00676	0.00818	0.00511	0.00510	0.01071	0.01473	0.06425	0.68581	0.05585	0.08052	0.01081	0.00619	0.00168	0.00263	0.00951	0.00580	0.00518
83	0.00769	0.00513	0.00577	0.00577	0.00577	0.00513	0.00320	0.00769	0.00769	0.01025	0.01666	0.03460	0.01922	0.81421	0.02691	0.00513	0.00513	0.00769	0.00320	0.00320
84	0.01253	0.01069	0.01138	0.01031	0.01313	0.01220	0.00804	0.03710	0.66624	0.02169	0.05851	0.02322	0.05235	0.00785	0.00552	0.00180	0.00408	0.03006	0.00536	0.00793
85	0.02364	0.00913	0.01235	0.00947	0.01356	0.00796	0.00782	0.04209	0.01535	0.76826	0.02068	0.01788	0.01300	0.00654	0.00532	0.00163	0.00453	0.00530	0.00652	0.00900
86	0.01511	0.00709	0.00951	0.00794	0.01053	0.00629	0.00629	0.01739	0.01504	0.37974	0.42277	0.02940	0.03261	0.00881	0.00580	0.00165	0.00344	0.00757	0.00616	0.00687
87	0.05663	0.00905	0.01209	0.00931	0.01337	0.00793	0.00769	0.02536	0.01489	0.75464	0.02032	0.01762	0.01279	0.00648	0.00524	0.00164	0.00448	0.00522	0.00641	0.00887
88	0.00769	0.00513	0.00577	0.00577	0.00577	0.00513	0.00320	0.00769	0.00769	0.01025	0.01666	0.03460	0.01922	0.81421	0.02691	0.00513	0.00513	0.00769	0.00320	0.00320
89	0.00756	0.00562	0.00828	0.00828	0.00916	0.00649	0.00634	0.00930	0.00843	0.01212	0.01435	0.02184	0.01368	0.09973	0.73382	0.00823	0.01346	0.00582	0.00286	0.00460
90	0.00644	0.00460	0.00613	0.00736	0.00767	0.00429	0.00491	0.00736	0.01012	0.01350	0.02914	0.81076	0.03497	0.01656	0.00675	0.00215	0.00307	0.01503	0.00491	0.00429
91	0.00985	0.00493	0.00493	0.00493	0.00616	0.00493	0.00370	0.01232	0.01109	0.01971	0.01725	0.01971	0.01355	0.00616	0.00370	0.00123	0.00246	0.00493	0.84356	0.00493
92	0.02351	0.00933	0.01247	0.00956	0.01366	0.00826	0.00790	0.06782	0.01569	0.74205	0.02039	0.01769	0.01285	0.00653	0.00531	0.00163	0.00457	0.00528	0.00647	0.00900
93	0.01251	0.01197	0.02035	0.14290	0.65959	0.01229	0.01578	0.01567	0.01183	0.01667	0.01066	0.01392	0.02232	0.00495	0.00526	0.00160	0.00632	0.00483	0.00262	0.00794
94	0.01201	0.01154	0.01905	0.30507	0.48413	0.02762	0.01539	0.01524	0.01158	0.01581	0.01011	0.01440	0.00836	0.00515	0.00529	0.00165	0.00659	0.02107	0.00257	0.00736
95	0.01301	0.01417	0.01869	0.01534	0.01672	0.13689	0.14563	0.01478	0.00995	0.01351	0.00780	0.01173	0.00711	0.00780	0.01340	0.00207	0.53814	0.00472	0.00244	0.00608
96	0.01308	0.01256	0.02146	0.03245	0.78123	0.01256	0.01622	0.01622	0.01204	0.01727	0.00994	0.01308	0.00837	0.00471	0.00523	0.00157	0.00628	0.00471	0.00262	0.00837
97	0.00644	0.00460	0.00613	0.00736	0.00767	0.00429	0.00491	0.00736	0.01012	0.01350	0.02914	0.81076	0.03497	0.01656	0.00675	0.00215	0.00307	0.01503	0.00491	0.00429
98	0.01308	0.01256	0.02146	0.03245	0.78123	0.01256	0.01622	0.01622	0.01204	0.01727	0.00994	0.01308	0.00837	0.00471	0.00523	0.00157	0.00628	0.00471	0.00262	0.00837
99	0.00819	0.00559	0.00714	0.00664	0.00810	0.00507	0.00502	0.01052	0.01462	0.06073	0.65133	0.03972	0.13553	0.01089	0.00619	0.00168	0.00262	0.00953	0.00575	0.00514
100	0.01413	0.81739	0.02770	0.00905	0.01357	0.02092	0.00905	0.01583	0.01074	0.01244	0.00735	0.00848	0.00678	0.00452	0.00339	0.00113	0.00565	0.00283	0.00226	0.00678
101	0.01299	0.01247	0.02129	0.05513	0.75927	0.01254	0.01618	0.01614	0.01199	0.01716	0.00993	0.01311	0.00833	0.00473	0.00524	0.00158	0.00630	0.00471	0.00261	0.00830
102	0.00833	0.00624	0.00727	0.00757	0.00868	0.02887	0.00555	0.01020	0.04162	0.04969	0.10081	0.35681	0.18499	0.06098	0.00790	0.00217	0.02176	0.08086	0.00486	0.00485
103	0.01240	0.01186	0.02022	0.20219	0.61684	0.01238	0.01588	0.01562	0.01171	0.01644	0.00982	0.01331	0.00808	0.00484	0.00525	0.00161	0.00645	0.00471	0.00256	0.00782
104	0.00644	0.00460	0.00613	0.00736	0.00767	0.00429	0.00491	0.00736	0.01012	0.01350	0.02914	0.81076	0.03497	0.01656	0.00675	0.00215	0.00307	0.01503	0.00491	0.00429
105	0.00640	0.00540	0.00557	0.00563	0.00737	0.00457	0.00429	0.00783	0.01212	0.01452	0.06812	0.05112	0.72029	0.01340	0.00631	0.00182	0.00280	0.05299	0.00493	0.00450
106	0.01116	0.15103	0.66798	0.01413	0.02142	0.01363	0.01789	0.01660	0.01110	0.01607	0.00915	0.01074	0.00671	0.00494	0.00477	0.00159	0.00747	0.00374	0.00224	0.00765
107	0.00667	0.00483	0.00631	0.00708	0.00769	0.00447	0.00488	0.00799	0.01137	0.01535	0.20659	0.58622	0.08089	0.01503	0.00660	0.00201	0.00291	0.01352	0.00512	0.00447
108	0.01165	0.00641	0.00664	0.00605	0.00778	0.00660	0.00469	0.11690	0.01311	0.04235	0.01671	0.01869	0.01291	0.00620	0.00396	0.00129	0.00298	0.00491	0.70457	0.00560
109	0.85155	0.01022	0.00777	0.00695	0.01022	0.01186	0.00573	0.01554	0.00900	0.02372	0.00736	0.00859	0.00573	0.00491	0.00327	0.00164	0.00409	0.00286	0.00327	0.00573
110	0.01446	0.01126	0.01214	0.01068	0.01383	0.01275	0.00838	0.05710	0.66759	0.09758	0.02110	0.01927	0.01555	0.00708	0.00537	0.00177	0.00428	0.00586	0.00549	0.00845
111	0.02010	0.01481	0.01587	0.01216	0.01639	0.01639	0.01005	0.76360	0.02486	0.03332	0.01269	0.01269	0.00899	0.00635	0.00529	0.00159	0.00582	0.00476	0.00529	0.00899
112	0.01210	0.12479	0.60612	0.01399	0.02099	0.01382	0.01717	0.09968	0.01263	0.01805	0.00958	0.01100	0.00696	0.00511	0.00485	0.00160	0.00732	0.00387	0.00258	0.00782
113	0.01827	0.06507	0.01549	0.01118	0.01536	0.01482	0.00927	0.51814	0.09249	0.07519	0.01332	0.01322	0.00965	0.00605	0.00503	0.00149	0.00536	0.00461	0.00494	0.10104
114	0.01060	0.02735	0.78682	0.01507	0.02288	0.01228	0.01953	0.01674	0.01116	0.01674	0.00949	0.01116	0.00670	0.00502	0.00502	0.00167	0.00781	0.00391	0.00223	0.00781
115	0.00769	0.00513	0.00577	0.00577	0.00577	0.00513	0.00320	0.00769	0.00769	0.01025	0.01666	0.03460	0.01922	0.81421	0.02691	0.00513	0.00513	0.00769	0.00320	0.00320
116	0.01935	0.01270	0.01426	0.01183	0.04074	0.03224	0.00928	0.40284	0.13087	0.22076	0.01634	0.03854	0.01177	0.00674	0.00534	0.00164	0.00527	0.00535	0.00546	0.00867
117	0.01647	0.01396	0.01258	0.01061	0.01367	0.15909	0.00838	0.31832	0.16674	0.02437	0.01456	0.01499	0.01096	0.00630	0.00487	0.00151	0.00547	0.00478	0.18492	0.00746
118	0.00738	0.00540	0.00692	0.00654	0.00783	0.00494	0.00490	0.00977	0.01471	0.02060	0.71574	0.04047	0.11295	0.01103	0.00624	0.00167	0.00251	0.00970	0.00574	0.00494
119	0.01830	0.01277	0.01390	0.01093	0.01464	0.01384	0.00890	0.56982	0.04219	0.09154	0.01669	0.03984	0.05461	0.02673	0.00585	0.00170	0.00526	0.00558	0.03863	0.00828
120	0.01485	0.01199	0.01211	0.01071	0.01377	0.07283	0.00835	0.02682	0.59979	0.11681	0.03889	0.01920	0.01586	0.00705	0.00534	0.00174	0.00460	0.00578	0.00533	0.00819
121	0.01971	0.01462	0.01565	0.01209	0.01625	0.01622	0.00996	0.72297	0.06612	0.03270	0.01318	0.01308	0.00939	0.00639	0.00529	0.00160	0.00573	0.00483	0.00529	0.00896
122	0.00852	0.00608	0.00852	0.00974	0.01095	0.00608	0.00852	0.01095	0.01217	0.01582	0.02799	0.05963	0.03042	0.01460	0.00730	0.00243	0.00487	0.74565	0.00487	0.00487
123	0.06284	0.01396	0.01575	0.01973	0.33357	0.18228	0.01153	0.01847	0.10791	0.06595	0.03136	0.05206	0.02894	0.00644	0.00521	0.00162	0.00614	0.02534	0.00356	0.00732
124	0.01413	0.81739	0.02770	0.00905	0.01357	0.02092	0.00905	0.01583	0.01074	0.01244	0.00735	0.00848	0.00678	0.00452	0.00339	0.00113	0.00565	0.00283	0.00226	0.00678
125	0.00644	0.00460	0.00613	0.00736	0.00767	0.00429	0.00491	0.00736	0.01012	0.01350	0.02914	0.81076	0.03497	0.01656	0.00675	0.00215	0.00307	0.01503	0.00491	0.00429
126	0.00985	0.00493	0.00493	0.00493	0.00616	0.00493	0.00370	0.01232	0.01109	0.01971	0.01725	0.01971	0.01355	0.00616	0.00370	0.00123	0.00246	0.00493	0.84356	0.00493
127	0.00866	0.00675	0.00839	0.00781	0.00781	0.00791	0.00531	0.00895	0.00779	0.01087	0.01421	0.02880	0.01613	0.61162	0.02450	0.00442	0.20632	0.00692	0.00298	0.00385
128	0.01413	0.81739	0.02770	0.00905	0.01357	0.02092	0.00905	0.01583	0.01074	0.01244	0.00735	0.00848	0.00678	0.00452	0.00339	0.00113	0.00565	0.00283	0.00226	0.00678
129	0.00883	0.00617	0.00796	0.00736	0.00889	0.00594	0.02373	0.01221	0.08024	0.05117	0.49390	0.10188	0.06567	0.02671	0.00638	0.00176	0.00299	0.00911	0.07371	0.00538
130	0.00759	0.00516	0.00603	0.00602	0.00633	0.00508	0.00368	0.00816	0.00917	0.01249	0.13914	0.07043	0.04695	0.59249	0.04038	0.00435	0.00471	0.00832	0.01989	0.00364
131	0.83289	0.01033	0.00795	0.00707	0.01036	0.01196	0.00582	0.03233	0.00935	0.02393	0.00748	0.00868	0.00580	0.00494	0.00332	0.00163	0.00413	0.00291	0.00332	0.00580
132	0.00746	0.00611	0.00669	0.00653	0.00830	0.00569	0.00500	0.01072	0.10165	0.01684	0.21111	0.04517	0.48334	0.01215	0.00620	0.00180	0.00294	0.05206	0.00517	0.00506
133	0.01868	0.01369	0.09281	0.01202	0.01638	0.01253	0.06235	0.35019	0.05403	0.24655	0.01553	0.03558	0.01113	0.02633	0.00591	0.00173	0.00569	0.00533	0.00511	0.00845
134	0.01340	0.01274	0.02157	0.03106	0.71411	0.01278	0.04557	0.05257	0.01268	0.01804	0.01011	0.01311	0.00839	0.00478	0.00528	0.00158	0.00636	0.00477	0.00275	0.00835
135	0.01045	0.02630	0.74963	0.01467	0.02217	0.01193	0.01884	0.01642	0.01134	0.01695	0.04616	0.01251	0.00876	0.00530	0.00508	0.00167	0.00756	0.00418	0.00240	0.00768
136	0.01308	0.01256	0.02146	0.03245	0.78123	0.01256	0.01622	0.01622	0.01204	0.01727	0.00994	0.01308	0.00837	0.00471	0.00523	0.00157	0.00628	0.00471	0.00262	0.00837
137	0.01291	0.01235	0.02091	0.07576	0.72000	0.01253	0.01594	0.01636	0.03054	0.01718	0.01020	0.01330	0.00849	0.00480	0.00524	0.00159	0.00627	0.00474	0.00267	0.00823
138	0.01472	0.73684	0.02646	0.00944	0.01385	0.06375	0.00916	0.05003	0.01162	0.01341	0.00764	0.00873	0.00689	0.00466	0.00355	0.00116	0.00588	0.00295	0.00242	0.00685
139	0.01416	0.00958	0.01137	0.00849	0.01278	0.00804	0.00684	0.07075	0.04743	0.17325	0.03535	0.01394	0.01072	0.00502	0.00443	0.00109	0.00411	0.00405	0.02328	0.53532

[dist]
# distance from previous block
# <min> <max>
0	3

[block]
# block no. 3 follows, 46 sequences, length 16
# corresponding to MSA columns:
# 283-298
name=unknown_D
#
# <colnr> <probs for GDERKNQSTAVLIFYWHMCP>
#	G	D	E	R	K	N	Q	S	T	A	V	L	I	F	Y	W	H	M	C	P
0	0.01305	0.01265	0.02196	0.03192	0.74230	0.01260	0.05475	0.01626	0.01206	0.01725	0.00998	0.01314	0.00836	0.00470	0.00529	0.00158	0.00642	0.00479	0.00262	0.00831
1	0.54581	0.01086	0.00988	0.00829	0.01176	0.01213	0.00681	0.16618	0.03349	0.10682	0.01059	0.01109	0.00771	0.00547	0.00396	0.00162	0.00443	0.00366	0.03266	0.00677
2	0.01799	0.02092	0.01509	0.01332	0.01570	0.53682	0.01031	0.11195	0.01482	0.01542	0.00872	0.01064	0.00731	0.00732	0.03244	0.00178	0.14624	0.00386	0.00298	0.00638
3	0.01040	0.01227	0.12525	0.60832	0.11412	0.01191	0.01553	0.01425	0.01081	0.01437	0.00947	0.01357	0.00714	0.00519	0.00524	0.00173	0.00707	0.00459	0.00236	0.00641
4	0.10165	0.28322	0.45592	0.01224	0.01849	0.01505	0.01464	0.01632	0.01079	0.01608	0.00856	0.01001	0.00662	0.00485	0.00430	0.00149	0.00671	0.00344	0.00235	0.00725
5	0.00644	0.00460	0.00613	0.00736	0.00767	0.00429	0.00491	0.00736	0.01012	0.01350	0.02914	0.81076	0.03497	0.01656	0.00675	0.00215	0.00307	0.01503	0.00491	0.00429
6	0.00644	0.00460	0.00613	0.00736	0.00767	0.00429	0.00491	0.00736	0.01012	0.01350	0.02914	0.81076	0.03497	0.01656	0.00675	0.00215	0.00307	0.01503	0.00491	0.00429
7	0.01376	0.65038	0.07666	0.00969	0.01422	0.01924	0.00966	0.01762	0.11815	0.01409	0.00949	0.01025	0.00810	0.00493	0.00378	0.00126	0.00559	0.00334	0.00270	0.00708
8	0.01285	0.00799	0.03144	0.00828	0.01075	0.00729	0.00670	0.04607	0.10193	0.21600	0.44686	0.02989	0.03381	0.00897	0.00583	0.00167	0.00348	0.00772	0.00583	0.00663
9	0.00914	0.00829	0.00803	0.00850	0.00946	0.11660	0.00595	0.01164	0.09230	0.01450	0.05533	0.54534	0.02885	0.05111	0.00725	0.00212	0.00417	0.01185	0.00461	0.00497
10	0.01145	0.00941	0.01094	0.00813	0.01229	0.00776	0.00649	0.09305	0.01301	0.01951	0.11827	0.01517	0.01389	0.00515	0.00439	0.00099	0.00392	0.00421	0.00374	0.63824
11	0.18325	0.01843	0.31724	0.01197	0.01730	0.01341	0.01266	0.28941	0.01573	0.02432	0.01054	0.01154	0.00761	0.00553	0.00471	0.00162	0.00612	0.00405	0.03684	0.00771
12	0.13140	0.01223	0.01953	0.02885	0.67243	0.01246	0.01474	0.01613	0.01161	0.01818	0.00958	0.01245	0.00800	0.00474	0.00496	0.00158	0.00597	0.00445	0.00271	0.00800
13	0.01032	0.00962	0.01615	0.63960	0.13980	0.01148	0.01448	0.01372	0.01089	0.01419	0.01073	0.01702	0.00881	0.00583	0.00541	0.00178	0.00679	0.05466	0.00256	0.00616
14	0.03726	0.01077	0.01790	0.34582	0.33627	0.01182	0.04618	0.01523	0.04131	0.01600	0.01134	0.01681	0.00952	0.00571	0.00538	0.00173	0.00646	0.05472	0.00279	0.00697
15	0.01214	0.00932	0.01195	0.13960	0.01568	0.01061	0.00880	0.19814	0.02990	0.04970	0.07161	0.15657	0.03927	0.07205	0.03314	0.00232	0.10949	0.01934	0.00419	0.00618

[dist]
# distance from previous block
# <min> <max>
0	2

[block]
# block no. 4 follows, 46 sequences, length 6
# corresponding to MSA columns:
# 301-306
name=unknown_E
#
# <colnr> <probs for GDERKNQSTAVLIFYWHMCP>
#	G	D	E	R	K	N	Q	S	T	A	V	L	I	F	Y	W	H	M	C	P
0	0.28603	0.32809	0.01650	0.00840	0.01208	0.01491	0.00745	0.04743	0.08806	0.01895	0.07382	0.01256	0.01115	0.00549	0.00390	0.00141	0.00464	0.00382	0.00338	0.05194
1	0.43817	0.09598	0.12998	0.00972	0.01397	0.04726	0.00921	0.16477	0.01291	0.02297	0.00878	0.00982	0.00668	0.00520	0.00401	0.00157	0.00539	0.00342	0.00339	0.00682
2	0.04514	0.31854	0.09502	0.00957	0.01284	0.01328	0.00907	0.01409	0.01008	0.06573	0.01101	0.01410	0.00957	0.01801	0.29897	0.00403	0.03773	0.00423	0.00280	0.00619
3	0.04013	0.01022	0.05285	0.00967	0.01232	0.00984	0.00798	0.22832	0.01536	0.12206	0.10300	0.18122	0.02025	0.06400	0.00779	0.00200	0.05099	0.02561	0.00482	0.03154
4	0.02010	0.01481	0.01587	0.01216	0.01639	0.01639	0.01005	0.76360	0.02486	0.03332	0.01269	0.01269	0.00899	0.00635	0.00529	0.00159	0.00582	0.00476	0.00529	0.00899
5	0.07987	0.39965	0.25266	0.01091	0.01628	0.01623	0.01190	0.06238	0.01196	0.08070	0.00945	0.01035	0.00734	0.00498	0.00415	0.00140	0.00609	0.00348	0.00288	0.00733

[dist]
# distance from previous block
# <min> <max>
1	12

[block]
# block no. 5 follows, 46 sequences, length 8
# corresponding to MSA columns:
# 319-326
name=unknown_F
#
# <colnr> <probs for GDERKNQSTAVLIFYWHMCP>
#	G	D	E	R	K	N	Q	S	T	A	V	L	I	F	Y	W	H	M	C	P
0	0.01207	0.15083	0.46604	0.01291	0.01871	0.12116	0.01484	0.01640	0.01207	0.01605	0.09990	0.01386	0.01183	0.00569	0.00487	0.00154	0.00708	0.00433	0.00273	0.00708
1	0.03070	0.00846	0.00969	0.00863	0.01066	0.00873	0.00657	0.22225	0.01474	0.02020	0.09964	0.23578	0.09095	0.08820	0.00827	0.00209	0.03213	0.02820	0.00468	0.06945
2	0.01651	0.01269	0.01394	0.01046	0.01488	0.01273	0.00856	0.46931	0.01941	0.02701	0.01140	0.01201	0.00854	0.00539	0.00475	0.00127	0.00507	0.00412	0.00444	0.33751
3	0.09603	0.00994	0.01081	0.06087	0.01340	0.03898	0.00759	0.15638	0.10296	0.18438	0.01644	0.03725	0.01245	0.00667	0.00480	0.00158	0.00451	0.02382	0.20403	0.00711
4	0.00982	0.00711	0.00990	0.00928	0.01047	0.00833	0.00733	0.06026	0.01009	0.05847	0.01455	0.06688	0.01347	0.02920	0.52423	0.00624	0.11164	0.00600	0.03137	0.00536
5	0.01304	0.01268	0.02216	0.03172	0.72724	0.01262	0.06966	0.01628	0.01207	0.01725	0.01000	0.01317	0.00835	0.00469	0.00531	0.00159	0.00647	0.00482	0.00262	0.00828
6	0.01104	0.01047	0.01756	0.43987	0.34088	0.01166	0.01471	0.01429	0.01126	0.01510	0.01215	0.01578	0.05175	0.00551	0.00532	0.00168	0.00648	0.00507	0.00261	0.00682
7	0.01190	0.01045	0.01598	0.32717	0.02355	0.01253	0.08237	0.10221	0.01202	0.03514	0.01204	0.03769	0.03251	0.00694	0.00823	0.00185	0.19759	0.00536	0.05818	0.00626

[dist]
# distance from previous block
# <min> <max>
0	1

[block]
# block no. 6 follows, 46 sequences, length 21
# corresponding to MSA columns:
# 328-348
name=unknown_G
#
# <colnr> <probs for GDERKNQSTAVLIFYWHMCP>
#	G	D	E	R	K	N	Q	S	T	A	V	L	I	F	Y	W	H	M	C	P
0	0.01308	0.01256	0.02146	0.03245	0.78123	0.01256	0.01622	0.01622	0.01204	0.01727	0.00994	0.01308	0.00837	0.00471	0.00523	0.00157	0.00628	0.00471	0.00262	0.00837
1	0.01316	0.01142	0.01863	0.21040	0.33372	0.01204	0.07982	0.06807	0.03498	0.06756	0.01154	0.03144	0.00920	0.00552	0.00567	0.00165	0.02959	0.00510	0.01502	0.03545
2	0.00888	0.00758	0.04442	0.01006	0.03302	0.00684	0.00854	0.01227	0.06303	0.01677	0.09830	0.04954	0.07785	0.01264	0.00674	0.00217	0.00460	0.50211	0.00476	0.02990
3	0.01264	0.20336	0.42403	0.04440	0.04309	0.06517	0.07775	0.01700	0.01156	0.04102	0.00941	0.01110	0.00711	0.00494	0.00476	0.00154	0.00734	0.00392	0.00247	0.00740
4	0.01323	0.07156	0.16471	0.04343	0.48324	0.03063	0.01559	0.06544	0.03031	0.01781	0.01007	0.01248	0.00810	0.00495	0.00506	0.00157	0.00654	0.00443	0.00275	0.00809
5	0.01279	0.01153	0.08069	0.06067	0.08416	0.01091	0.15106	0.01559	0.01190	0.14541	0.11284	0.08308	0.01619	0.00773	0.00814	0.00185	0.16843	0.00650	0.00379	0.00675
6	0.03332	0.08454	0.06090	0.01208	0.09461	0.00993	0.00940	0.02285	0.03927	0.53176	0.03557	0.01661	0.01249	0.00617	0.00511	0.00159	0.00493	0.00502	0.00537	0.00849
7	0.00749	0.00561	0.00837	0.00844	0.00935	0.00649	0.00652	0.00933	0.00858	0.01234	0.01495	0.06256	0.01437	0.03843	0.75165	0.00816	0.01357	0.00616	0.00294	0.00470
8	0.01297	0.07698	0.47577	0.01556	0.03798	0.15360	0.10300	0.03466	0.01231	0.01619	0.00933	0.01113	0.00697	0.00502	0.00502	0.00159	0.00803	0.00405	0.00245	0.00740
9	0.02823	0.23924	0.40089	0.01454	0.05789	0.03369	0.08176	0.03877	0.01176	0.03381	0.00932	0.01092	0.00712	0.00490	0.00467	0.00152	0.00708	0.00389	0.00252	0.00748
10	0.00918	0.00459	0.00689	0.00689	0.00689	0.00459	0.00459	0.00689	0.00689	0.00918	0.00918	0.01607	0.00918	0.01837	0.02066	0.84619	0.00459	0.00459	0.00230	0.00230
11	0.01308	0.01256	0.02146	0.03245	0.78123	0.01256	0.01622	0.01622	0.01204	0.01727	0.00994	0.01308	0.00837	0.00471	0.00523	0.00157	0.00628	0.00471	0.00262	0.00837
12	0.01981	0.01321	0.01486	0.01199	0.03798	0.01417	0.00955	0.53968	0.06813	0.17276	0.01568	0.01506	0.02886	0.00656	0.00532	0.00161	0.00541	0.00509	0.00544	0.00883
