[name]
unknown

[dist]
# distance from previous block
# <min> <max>
1	212

[block]
# block no. 0 follows, 45 sequences, length 45
# corresponding to MSA columns:
# 220-264
name=unknown_A
#
# <colnr> <probs for GDERKNQSTAVLIFYWHMCP>
#	G	D	E	R	K	N	Q	S	T	A	V	L	I	F	Y	W	H	M	C	P
0	0.09790	0.01624	0.20858	0.02672	0.07709	0.04907	0.06431	0.10658	0.12368	0.08347	0.03130	0.01533	0.01084	0.00710	0.02890	0.00192	0.02114	0.01834	0.00381	0.00767
1	0.08030	0.04100	0.12503	0.01760	0.16892	0.09384	0.16489	0.01708	0.01255	0.08020	0.05803	0.03630	0.01175	0.00582	0.00529	0.00162	0.00667	0.01609	0.00332	0.05371
2	0.09336	0.03490	0.06098	0.04304	0.03166	0.01052	0.03498	0.12650	0.08099	0.07867	0.03939	0.16864	0.02893	0.02288	0.00623	0.00183	0.02871	0.04374	0.00436	0.05971
3	0.17232	0.10272	0.25575	0.03550	0.04260	0.03405	0.16905	0.05822	0.01214	0.01878	0.03174	0.02493	0.00882	0.00534	0.00493	0.00165	0.00684	0.00457	0.00292	0.00712
4	0.02871	0.00773	0.00910	0.00855	0.01047	0.00761	0.00634	0.15349	0.03796	0.04084	0.04613	0.45823	0.04276	0.01225	0.00605	0.00185	0.00382	0.01077	0.00490	0.10245
5	0.50751	0.06548	0.10051	0.03209	0.03617	0.01227	0.00847	0.06154	0.01075	0.03405	0.00973	0.05499	0.00823	0.00620	0.00459	0.02883	0.00492	0.00405	0.00333	0.00628
6	0.00800	0.00541	0.00618	0.00623	0.00638	0.00541	0.00365	0.02828	0.00858	0.01144	0.01832	0.12722	0.02115	0.69408	0.02427	0.00474	0.00497	0.00862	0.00352	0.00355
7	0.11168	0.00982	0.01185	0.07482	0.03228	0.00841	0.02350	0.01395	0.01092	0.01796	0.00933	0.01123	0.00764	0.00424	0.00409	0.00102	0.00443	0.00339	0.00311	0.63632
8	0.00891	0.00585	0.00787	0.00766	0.00844	0.00636	0.00554	0.01009	0.00898	0.05564	0.02833	0.04629	0.01628	0.28125	0.37926	0.02903	0.03453	0.00661	0.04854	0.00451
9	0.00932	0.00466	0.00699	0.00699	0.00699	0.00466	0.00466	0.00699	0.00699	0.00932	0.00932	0.01632	0.00932	0.01865	0.02098	0.84382	0.00466	0.00466	0.00233	0.00233
10	0.01295	0.01200	0.06643	0.03572	0.17314	0.05635	0.01005	0.12002	0.10348	0.05725	0.08178	0.06598	0.08824	0.08368	0.00765	0.00203	0.00533	0.00673	0.00422	0.00699
11	0.04278	0.01010	0.01193	0.00897	0.01324	0.00890	0.00728	0.13679	0.01469	0.22005	0.06017	0.01498	0.01209	0.00553	0.00470	0.00124	0.00436	0.00442	0.00461	0.41317
12	0.01318	0.00896	0.01031	0.00925	0.01150	0.00870	0.00701	0.09201	0.07256	0.12621	0.18146	0.09828	0.25343	0.03088	0.00784	0.00219	0.04403	0.00938	0.00583	0.00699
13	0.01035	0.00936	0.01534	0.66322	0.03273	0.01129	0.03129	0.03328	0.01119	0.01479	0.01087	0.04434	0.00869	0.00582	0.00532	0.00174	0.00667	0.00517	0.05028	0.02826
14	0.01014	0.00954	0.01610	0.79845	0.03697	0.01193	0.01491	0.01371	0.01073	0.01371	0.00954	0.01431	0.00716	0.00537	0.00537	0.00179	0.00716	0.00477	0.00239	0.00596
15	0.01074	0.01007	0.01661	0.62114	0.14848	0.01181	0.01454	0.01442	0.02608	0.01469	0.00987	0.01409	0.00759	0.00524	0.00528	0.00170	0.00680	0.00471	0.00253	0.05362
16	0.00761	0.00515	0.00605	0.00624	0.00633	0.00516	0.00369	0.00785	0.00821	0.01100	0.01865	0.14818	0.02155	0.65445	0.06379	0.00494	0.00537	0.00880	0.00349	0.00350
17	0.21038	0.11259	0.05348	0.03858	0.09429	0.01205	0.04895	0.04879	0.03628	0.11807	0.01268	0.05083	0.01056	0.02453	0.00540	0.00168	0.01837	0.02482	0.01806	0.05959
18	0.01093	0.00931	0.01091	0.00788	0.01246	0.00704	0.00629	0.01333	0.01136	0.01772	0.05266	0.01276	0.01036	0.00437	0.00411	0.00085	0.00389	0.00355	0.00333	0.79690
19	0.03621	0.64609	0.10993	0.01082	0.01581	0.01945	0.06779	0.01625	0.01104	0.01376	0.00796	0.00936	0.00695	0.00465	0.00384	0.00127	0.00619	0.00326	0.00235	0.00700
20	0.01827	0.33954	0.02067	0.01081	0.01522	0.01773	0.00958	0.39190	0.01853	0.09211	0.01142	0.01163	0.00859	0.00571	0.00459	0.00143	0.00572	0.00409	0.00423	0.00822
21	0.01144	0.00945	0.01106	0.00808	0.01261	0.00729	0.00643	0.03352	0.01156	0.03428	0.01084	0.04954	0.00942	0.00472	0.00418	0.00090	0.00400	0.00385	0.00340	0.76342
22	0.00781	0.00520	0.00585	0.00585	0.00585	0.00520	0.00325	0.00781	0.00781	0.01041	0.01691	0.03513	0.01952	0.81135	0.02732	0.00520	0.00520	0.00781	0.00325	0.00325
23	0.00781	0.00520	0.00585	0.00585	0.00585	0.00520	0.00325	0.00781	0.00781	0.01041	0.01691	0.03513	0.01952	0.81135	0.02732	0.00520	0.00520	0.00781	0.00325	0.00325
24	0.02145	0.00970	0.01245	0.00990	0.01373	0.00912	0.00814	0.09651	0.09048	0.57534	0.04102	0.02062	0.01507	0.00721	0.00553	0.00171	0.00463	0.04233	0.00630	0.00875
25	0.02003	0.01142	0.01352	0.01051	0.01447	0.01152	0.00863	0.34636	0.01888	0.33057	0.01721	0.01655	0.03142	0.00897	0.06119	0.00209	0.00577	0.00520	0.00556	0.06014
26	0.82436	0.01052	0.00814	0.00722	0.01057	0.01218	0.00595	0.03815	0.00962	0.02438	0.00764	0.00885	0.00591	0.00503	0.00338	0.00166	0.00421	0.00296	0.00338	0.00591
27	0.01940	0.11816	0.01678	0.01321	0.01626	0.66047	0.01022	0.05771	0.01520	0.01411	0.00843	0.00971	0.00702	0.00547	0.00470	0.00137	0.00903	0.00346	0.00284	0.00645
28	0.00717	0.00563	0.00656	0.00662	0.00813	0.00507	0.00508	0.00930	0.02926	0.01699	0.27293	0.09510	0.39915	0.01299	0.00648	0.00188	0.00298	0.09858	0.00528	0.00482
29	0.01101	0.02609	0.68842	0.01623	0.02384	0.01261	0.11326	0.01702	0.01150	0.01702	0.00979	0.01173	0.00697	0.00503	0.00526	0.00171	0.00807	0.00427	0.00232	0.00785
30	0.01014	0.00954	0.01610	0.79845	0.03697	0.01193	0.01491	0.01371	0.01073	0.01371	0.00954	0.01431	0.00716	0.00537	0.00537	0.00179	0.00716	0.00477	0.00239	0.00596
31	0.01084	0.02728	0.75576	0.01557	0.02341	0.01251	0.04711	0.01701	0.01138	0.01701	0.00968	0.01145	0.00685	0.00508	0.00515	0.00170	0.00797	0.00405	0.00228	0.00791
32	0.00659	0.00473	0.00617	0.00730	0.00766	0.00441	0.00485	0.00750	0.01024	0.01358	0.03010	0.73419	0.06900	0.05638	0.00785	0.00231	0.00320	0.01471	0.00490	0.00431
33	0.00667	0.00479	0.00622	0.00724	0.00765	0.00446	0.00484	0.00766	0.01049	0.01397	0.07193	0.68037	0.06993	0.06662	0.00809	0.00233	0.00320	0.01429	0.00493	0.00434
34	0.02280	0.00905	0.01219	0.00943	0.01338	0.00794	0.00776	0.04651	0.01564	0.70537	0.07481	0.01967	0.01584	0.00695	0.00546	0.00166	0.00446	0.00569	0.00655	0.00884
35	0.01329	0.01275	0.02179	0.03295	0.77787	0.01275	0.01647	0.01647	0.01222	0.01754	0.01010	0.01329	0.00850	0.00478	0.00531	0.00159	0.00638	0.00478	0.00266	0.00850
36	0.01257	0.01417	0.02996	0.02166	0.02648	0.01390	0.67422	0.01671	0.01217	0.01671	0.01043	0.01417	0.00802	0.00507	0.00761	0.00187	0.09837	0.00615	0.00267	0.00709
37	0.00731	0.00539	0.00683	0.00664	0.00789	0.00491	0.00492	0.00950	0.01426	0.01970	0.59394	0.12219	0.15268	0.01196	0.00639	0.00176	0.00262	0.01052	0.00568	0.00491
38	0.02325	0.00961	0.01264	0.00979	0.01388	0.00870	0.00806	0.06763	0.06021	0.69481	0.02075	0.01807	0.01324	0.00667	0.00540	0.00167	0.00462	0.00541	0.00650	0.00910
39	0.00657	0.00471	0.00624	0.00741	0.00778	0.00438	0.00497	0.00756	0.01046	0.01395	0.05253	0.76990	0.05047	0.01658	0.00683	0.00216	0.00309	0.01502	0.00501	0.00438
40	0.01383	0.70087	0.13730	0.01007	0.01514	0.01997	0.01072	0.01621	0.01097	0.01326	0.00778	0.00900	0.00688	0.00467	0.00368	0.00123	0.00606	0.00303	0.00229	0.00704
41	0.00661	0.00483	0.00611	0.00708	0.00759	0.00445	0.00475	0.00757	0.01048	0.01374	0.04475	0.64122	0.13782	0.06609	0.00806	0.00231	0.00318	0.01415	0.00489	0.00433
42	0.04508	0.01173	0.01230	0.01076	0.01385	0.01342	0.00841	0.14411	0.58320	0.02373	0.01964	0.01922	0.01499	0.04725	0.00646	0.00195	0.00456	0.00584	0.00526	0.00824
43	0.01179	0.09841	0.59148	0.01466	0.02166	0.01286	0.07115	0.01713	0.01173	0.05499	0.03837	0.01272	0.00885	0.00531	0.00510	0.00165	0.00744	0.00432	0.00266	0.00774
44	0.01324	0.57155	0.26146	0.01107	0.01670	0.01853	0.01247	0.01636	0.01104	0.01398	0.00813	0.00945	0.00686	0.00475	0.00396	0.00132	0.00642	0.00321	0.00229	0.00721

[dist]
# distance from previous block
# <min> <max>
11	15

[block]
# block no. 1 follows, 45 sequences, length 102
# corresponding to MSA columns:
# 280-381
name=unknown_B
#
# <colnr> <probs for GDERKNQSTAVLIFYWHMCP>
#	G	D	E	R	K	N	Q	S	T	A	V	L	I	F	Y	W	H	M	C	P
0	0.22096	0.05040	0.01120	0.02849	0.02663	0.03260	0.00737	0.14471	0.06030	0.06308	0.06286	0.08247	0.08189	0.00865	0.02537	0.00186	0.02576	0.00607	0.05282	0.00651
1	0.05356	0.01182	0.03183	0.40325	0.02557	0.05454	0.01194	0.21374	0.01454	0.01932	0.01151	0.01455	0.02922	0.00695	0.00653	0.07000	0.00650	0.00478	0.00332	0.00653
2	0.14854	0.07299	0.20094	0.09487	0.03797	0.10470	0.01170	0.03781	0.07129	0.03428	0.03865	0.01477	0.01033	0.04030	0.00606	0.00179	0.02580	0.01846	0.00320	0.02556
3	0.00707	0.00538	0.00638	0.00629	0.00758	0.00482	0.00458	0.00887	0.01319	0.01756	0.39950	0.11436	0.30401	0.06707	0.00782	0.00202	0.00283	0.01066	0.00532	0.00469
4	0.00971	0.00671	0.00764	0.00713	0.00784	0.00712	0.00474	0.10567	0.01056	0.01464	0.01679	0.07973	0.01805	0.53570	0.03592	0.00414	0.03914	0.00749	0.07690	0.00438
5	0.01001	0.00500	0.00500	0.00500	0.00625	0.00500	0.00375	0.01251	0.01126	0.02001	0.01751	0.02001	0.01376	0.00625	0.00375	0.00125	0.00250	0.00500	0.84115	0.00500
6	0.01118	0.00959	0.01115	0.00802	0.01275	0.00730	0.00641	0.01387	0.02885	0.01761	0.00983	0.01134	0.00815	0.00405	0.00401	0.00082	0.00398	0.00325	0.00323	0.82461
7	0.00634	0.00544	0.00544	0.00544	0.00725	0.00453	0.00408	0.00770	0.01224	0.01450	0.05438	0.05166	0.77569	0.01359	0.00634	0.00181	0.00272	0.01133	0.00498	0.00453
8	0.01066	0.00645	0.00828	0.00735	0.00923	0.00595	0.00567	0.04284	0.01546	0.14213	0.58476	0.03618	0.08325	0.01025	0.00615	0.00169	0.00300	0.00892	0.00595	0.00584
9	0.81384	0.01058	0.00824	0.00729	0.01065	0.01224	0.00600	0.04759	0.00982	0.02450	0.00771	0.00890	0.00596	0.00505	0.00341	0.00166	0.00423	0.00299	0.00341	0.00596
10	0.01001	0.00500	0.00500	0.00500	0.00625	0.00500	0.00375	0.01251	0.01126	0.02001	0.01751	0.02001	0.01376	0.00625	0.00375	0.00125	0.00250	0.00500	0.84115	0.00500
11	0.64504	0.01036	0.00927	0.09916	0.01377	0.02504	0.00702	0.01557	0.00973	0.03903	0.00856	0.02357	0.00682	0.00521	0.00374	0.00162	0.00458	0.00342	0.00330	0.06520
12	0.02110	0.01138	0.08044	0.01032	0.01463	0.00944	0.00910	0.09270	0.07697	0.55586	0.04705	0.01810	0.01395	0.00670	0.00541	0.00167	0.00489	0.00543	0.00602	0.00883
13	0.01108	0.01100	0.03889	0.39430	0.10683	0.01258	0.08481	0.01428	0.02984	0.01449	0.00969	0.01400	0.00783	0.00677	0.00861	0.04680	0.15975	0.00492	0.01732	0.00624
14	0.00683	0.00488	0.00656	0.00781	0.00825	0.00461	0.00549	0.00798	0.01056	0.01403	0.02943	0.70488	0.03487	0.01654	0.00693	0.00222	0.00337	0.11536	0.00498	0.00444
15	0.01382	0.11230	0.01807	0.08242	0.30050	0.06078	0.01197	0.07822	0.14664	0.03077	0.01517	0.01645	0.06312	0.00606	0.00514	0.00159	0.00582	0.00513	0.00355	0.02249
16	0.08482	0.01263	0.01280	0.01036	0.01376	0.04215	0.00839	0.46611	0.06015	0.02834	0.01393	0.02702	0.01054	0.00707	0.01894	0.00168	0.00528	0.00491	0.16332	0.00778
17	0.00678	0.00485	0.00648	0.00759	0.00805	0.00455	0.00526	0.00796	0.01083	0.01451	0.08996	0.69115	0.03640	0.01620	0.00685	0.00216	0.00320	0.06773	0.00506	0.00446
18	0.08000	0.28075	0.45621	0.01254	0.01889	0.01530	0.01496	0.01690	0.03042	0.01630	0.00907	0.01046	0.00699	0.00498	0.00443	0.00152	0.00682	0.00358	0.00244	0.00744
19	0.09155	0.50889	0.11800	0.01055	0.01493	0.09221	0.01049	0.01644	0.01101	0.01430	0.00778	0.00929	0.00679	0.00513	0.00480	0.00137	0.06403	0.00320	0.00244	0.00678
20	0.00770	0.00516	0.00588	0.00599	0.00601	0.00514	0.00339	0.00778	0.00801	0.01068	0.01794	0.09780	0.02081	0.74691	0.02566	0.00496	0.00503	0.00841	0.00339	0.00334
21	0.01077	0.02777	0.78354	0.01530	0.02323	0.01247	0.01983	0.01700	0.01133	0.01700	0.00963	0.01133	0.00680	0.00510	0.00510	0.00170	0.00793	0.00397	0.00227	0.00793
22	0.03836	0.65615	0.02545	0.00981	0.01413	0.07651	0.00930	0.07673	0.01229	0.01471	0.00796	0.00909	0.00705	0.00490	0.00394	0.00124	0.01970	0.00310	0.00261	0.00697
23	0.01174	0.01174	0.01644	0.01409	0.01409	0.01644	0.01174	0.01292	0.00822	0.01292	0.00705	0.01174	0.00705	0.00940	0.01762	0.00235	0.80153	0.00470	0.00235	0.00587
24	0.00767	0.00575	0.00863	0.00863	0.00959	0.00671	0.00671	0.00959	0.00863	0.01246	0.01438	0.02109	0.01342	0.04026	0.79008	0.00863	0.01438	0.00575	0.00288	0.00479
25	0.01641	0.01695	0.01435	0.04479	0.07053	0.36147	0.01012	0.06445	0.03495	0.07822	0.04073	0.09851	0.01267	0.00755	0.00682	0.00168	0.10405	0.00557	0.00360	0.00657
26	0.02114	0.01059	0.01296	0.01029	0.01422	0.01047	0.00839	0.14164	0.18306	0.49690	0.02003	0.01782	0.01332	0.00675	0.00541	0.00169	0.00471	0.00546	0.00618	0.00899
27	0.01013	0.00930	0.01551	0.75611	0.03533	0.01156	0.01431	0.01365	0.01076	0.01405	0.00997	0.01462	0.00751	0.00541	0.00528	0.00176	0.00691	0.00478	0.04714	0.00591
28	0.01174	0.01174	0.01644	0.01409	0.01409	0.01644	0.01174	0.01292	0.00822	0.01292	0.00705	0.01174	0.00705	0.00940	0.01762	0.00235	0.80153	0.00470	0.00235	0.00587
29	0.01438	0.01169	0.01254	0.01105	0.01419	0.01329	0.00876	0.14050	0.58976	0.04006	0.02086	0.02143	0.01611	0.00761	0.00557	0.00183	0.00456	0.05200	0.00544	0.00839
30	0.02383	0.00954	0.01271	0.00974	0.01390	0.00849	0.00805	0.07634	0.01604	0.73045	0.02061	0.01790	0.01300	0.00663	0.00540	0.00166	0.00466	0.00536	0.00656	0.00913
31	0.01970	0.01422	0.01532	0.01191	0.01601	0.01568	0.00979	0.64842	0.08468	0.06448	0.01410	0.01390	0.01002	0.00652	0.00533	0.00162	0.00562	0.00496	0.02875	0.00896
32	0.01001	0.00500	0.00500	0.00500	0.00625	0.00500	0.00375	0.01251	0.01126	0.02001	0.01751	0.02001	0.01376	0.00625	0.00375	0.00125	0.00250	0.00500	0.84115	0.00500
33	0.02056	0.01478	0.01595	0.01223	0.01652	0.01627	0.01010	0.72860	0.02482	0.06579	0.01324	0.01312	0.00931	0.00645	0.00537	0.00161	0.00585	0.00486	0.00542	0.00913
34	0.00742	0.00548	0.00692	0.00656	0.00791	0.00499	0.00492	0.00978	0.01476	0.02050	0.67022	0.04178	0.15610	0.01136	0.00633	0.00171	0.00256	0.00994	0.00577	0.00499
35	0.01001	0.00500	0.00500	0.00500	0.00625	0.00500	0.00375	0.01251	0.01126	0.02001	0.01751	0.02001	0.01376	0.00625	0.00375	0.00125	0.00250	0.00500	0.84115	0.00500
36	0.01764	0.01315	0.01449	0.05337	0.01622	0.01455	0.00949	0.54626	0.09734	0.02876	0.01370	0.01511	0.01038	0.05024	0.00713	0.03585	0.00562	0.00508	0.01954	0.02611
37	0.01031	0.00971	0.01640	0.75760	0.07651	0.01197	0.01499	0.01386	0.01081	0.01392	0.00957	0.01426	0.00723	0.00534	0.00536	0.00178	0.00711	0.00477	0.00240	0.00610
38	0.00848	0.00568	0.00746	0.00690	0.00832	0.00522	0.00522	0.01099	0.01520	0.06208	0.73481	0.03893	0.04866	0.01074	0.00628	0.00169	0.00264	0.00948	0.00595	0.00528
39	0.00768	0.00569	0.00834	0.00834	0.00920	0.00655	0.00635	0.00940	0.00854	0.01225	0.01464	0.02254	0.01405	0.12009	0.71111	0.00827	0.01343	0.00596	0.00291	0.00463
40	0.01113	0.00954	0.01113	0.00795	0.01272	0.00716	0.00636	0.01352	0.01113	0.01749	0.00954	0.01113	0.00795	0.00398	0.00398	0.00080	0.00398	0.00318	0.00318	0.84417
41	0.01335	0.01153	0.01214	0.01092	0.01396	0.01335	0.00850	0.02852	0.76817	0.02245	0.02185	0.02003	0.01639	0.00728	0.00546	0.00182	0.00425	0.00607	0.00546	0.00850
42	0.01957	0.01447	0.01647	0.01267	0.01691	0.01585	0.04989	0.63031	0.08441	0.06330	0.01385	0.01378	0.00984	0.00642	0.00543	0.00164	0.00588	0.00504	0.00529	0.00898
43	0.01017	0.00959	0.01611	0.78223	0.03650	0.01202	0.01484	0.01370	0.01068	0.01370	0.00949	0.01426	0.00715	0.00545	0.00562	0.00180	0.02359	0.00477	0.00238	0.00596
44	0.00654	0.00467	0.00623	0.00747	0.00779	0.00436	0.00498	0.00747	0.01028	0.01370	0.02959	0.80785	0.03550	0.01682	0.00685	0.00218	0.00311	0.01526	0.00498	0.00436
45	0.00654	0.00467	0.00623	0.00747	0.00779	0.00436	0.00498	0.00747	0.01028	0.01370	0.02959	0.80785	0.03550	0.01682	0.00685	0.00218	0.00311	0.01526	0.00498	0.00436
46	0.05760	0.01596	0.01564	0.01227	0.01636	0.09957	0.01002	0.64712	0.02344	0.03117	0.01215	0.01236	0.00874	0.00628	0.00522	0.00159	0.00623	0.00460	0.00500	0.00867
47	0.00637	0.00534	0.00554	0.00569	0.00732	0.00451	0.00419	0.00767	0.01199	0.01440	0.05126	0.14687	0.68249	0.01400	0.00641	0.00186	0.00277	0.01182	0.00498	0.00451
48	0.01174	0.01174	0.01644	0.01409	0.01409	0.01644	0.01174	0.01292	0.00822	0.01292	0.00705	0.01174	0.00705	0.00940	0.01762	0.00235	0.80153	0.00470	0.00235	0.00587
49	0.00730	0.00546	0.00677	0.00648	0.00784	0.00493	0.00485	0.00953	0.01443	0.01979	0.59841	0.06062	0.21044	0.01169	0.00635	0.00173	0.00259	0.01020	0.00568	0.00493
50	0.02041	0.01504	0.01611	0.01235	0.01665	0.01665	0.01020	0.75997	0.02524	0.03383	0.01289	0.01289	0.00913	0.00644	0.00537	0.00161	0.00591	0.00483	0.00537	0.00913
51	0.01077	0.02777	0.78354	0.01530	0.02323	0.01247	0.01983	0.01700	0.01133	0.01700	0.00963	0.01133	0.00680	0.00510	0.00510	0.00170	0.00793	0.00397	0.00227	0.00793
52	0.02074	0.00894	0.01179	0.00949	0.01313	0.00816	0.00777	0.02431	0.09725	0.59593	0.08319	0.02250	0.01762	0.00750	0.00559	0.00172	0.00439	0.04512	0.00636	0.00851
53	0.01174	0.01174	0.01644	0.01409	0.01409	0.01644	0.01174	0.01292	0.00822	0.01292	0.00705	0.01174	0.00705	0.00940	0.01762	0.00235	0.80153	0.00470	0.00235	0.00587
54	0.01449	0.79647	0.02786	0.00926	0.01384	0.02114	0.00921	0.03292	0.01123	0.01311	0.00759	0.00871	0.00694	0.00463	0.00349	0.00116	0.00574	0.00291	0.00237	0.00694
55	0.02041	0.01504	0.01611	0.01235	0.01665	0.01665	0.01020	0.75997	0.02524	0.03383	0.01289	0.01289	0.00913	0.00644	0.00537	0.00161	0.00591	0.00483	0.00537	0.00913
56	0.00780	0.00523	0.00600	0.00600	0.00605	0.00528	0.00344	0.00790	0.00785	0.01052	0.01678	0.03438	0.01919	0.77020	0.06802	0.00539	0.00569	0.00770	0.00323	0.00333
57	0.00781	0.00520	0.00585	0.00585	0.00585	0.00520	0.00325	0.00781	0.00781	0.01041	0.01691	0.03513	0.01952	0.81135	0.02732	0.00520	0.00520	0.00781	0.00325	0.00325
58	0.01295	0.01405	0.04727	0.08556	0.08304	0.01311	0.59351	0.01724	0.01256	0.04961	0.01111	0.01446	0.00828	0.00472	0.00611	0.00178	0.00848	0.00600	0.00284	0.00733
59	0.02408	0.00914	0.01246	0.00955	0.01370	0.00789	0.00789	0.02616	0.01536	0.78158	0.02118	0.01827	0.01329	0.00664	0.00540	0.00166	0.00457	0.00540	0.00664	0.00914
60	0.01329	0.01275	0.02179	0.03295	0.77787	0.01275	0.01647	0.01647	0.01222	0.01754	0.01010	0.01329	0.00850	0.00478	0.00531	0.00159	0.00638	0.00478	0.00266	0.00850
61	0.00939	0.00588	0.00775	0.00706	0.00864	0.00537	0.00537	0.01188	0.01521	0.10436	0.69287	0.03772	0.04658	0.01050	0.00623	0.00169	0.00275	0.00924	0.00599	0.00551
62	0.02371	0.00967	0.02971	0.00974	0.01398	0.00817	0.00820	0.04103	0.01548	0.74919	0.02075	0.01801	0.01306	0.00661	0.00539	0.00166	0.00467	0.00535	0.00652	0.00911
63	0.00988	0.00920	0.01531	0.71510	0.03404	0.01142	0.01403	0.01319	0.01063	0.01369	0.01111	0.07861	0.00945	0.00639	0.00579	0.00183	0.02627	0.00562	0.00259	0.00583
64	0.78202	0.01161	0.00848	0.00761	0.01088	0.07512	0.00618	0.01624	0.00963	0.02320	0.00754	0.00880	0.00590	0.00503	0.00345	0.00164	0.00460	0.00295	0.00328	0.00585
65	0.00792	0.02398	0.00812	0.00765	0.00834	0.00662	0.00553	0.00910	0.00846	0.01177	0.01599	0.02651	0.03404	0.32043	0.45926	0.00692	0.02547	0.00655	0.00304	0.00429
66	0.01472	0.17215	0.01477	0.00857	0.01305	0.01011	0.00726	0.01687	0.01206	0.19581	0.01230	0.03016	0.00961	0.00501	0.00427	0.00110	0.00445	0.00391	0.00386	0.45997
67	0.00851	0.00609	0.00847	0.00959	0.01080	0.00605	0.00828	0.01095	0.01251	0.01640	0.08374	0.07975	0.03248	0.01460	0.00732	0.00241	0.00471	0.66739	0.00502	0.00494
68	0.00767	0.00575	0.00863	0.00863	0.00959	0.00671	0.00671	0.00959	0.00863	0.01246	0.01438	0.02109	0.01342	0.04026	0.79008	0.00863	0.01438	0.00575	0.00288	0.00479
69	0.01077	0.02777	0.78354	0.01530	0.02323	0.01247	0.01983	0.01700	0.01133	0.01700	0.00963	0.01133	0.00680	0.00510	0.00510	0.00170	0.00793	0.00397	0.00227	0.00793
70	0.01001	0.00500	0.00500	0.00500	0.00625	0.00500	0.00375	0.01251	0.01126	0.02001	0.01751	0.02001	0.01376	0.00625	0.00375	0.00125	0.00250	0.00500	0.84115	0.00500
71	0.00654	0.00467	0.00623	0.00747	0.00779	0.00436	0.00498	0.00747	0.01028	0.01370	0.02959	0.80785	0.03550	0.01682	0.00685	0.00218	0.00311	0.01526	0.00498	0.00436
72	0.00768	0.00554	0.00729	0.00701	0.00827	0.00516	0.00536	0.01021	0.01496	0.02108	0.71448	0.04176	0.04905	0.01129	0.00642	0.00175	0.00273	0.06908	0.00583	0.00505
73	0.01077	0.02777	0.78354	0.01530	0.02323	0.01247	0.01983	0.01700	0.01133	0.01700	0.00963	0.01133	0.00680	0.00510	0.00510	0.00170	0.00793	0.00397	0.00227	0.00793
74	0.74241	0.01064	0.00884	0.02319	0.02640	0.01229	0.00650	0.04307	0.05031	0.02402	0.00853	0.00967	0.00657	0.00516	0.00359	0.00167	0.00432	0.00322	0.00348	0.00613
75	0.01001	0.00500	0.00500	0.00500	0.00625	0.00500	0.00375	0.01251	0.01126	0.02001	0.01751	0.02001	0.01376	0.00625	0.00375	0.00125	0.00250	0.00500	0.84115	0.00500
76	0.59363	0.13570	0.01206	0.00805	0.01165	0.01388	0.00688	0.11033	0.01161	0.02348	0.02695	0.01000	0.00750	0.00525	0.00368	0.00158	0.00458	0.00331	0.00349	0.00638
77	0.01070	0.00669	0.02340	0.00837	0.01008	0.00590	0.02455	0.02575	0.01292	0.16148	0.20089	0.36200	0.05860	0.01260	0.00640	0.00194	0.00363	0.05299	0.00541	0.00569
78	0.01303	0.01249	0.02133	0.09503	0.71778	0.01269	0.01635	0.01625	0.01210	0.01723	0.01005	0.01337	0.00839	0.00483	0.00532	0.00161	0.00644	0.00478	0.00264	0.00830
79	0.00720	0.00497	0.00611	0.00676	0.00695	0.00481	0.00425	0.00773	0.00915	0.01219	0.02349	0.41806	0.02773	0.39725	0.01667	0.00364	0.00416	0.03088	0.00415	0.00385
80	0.01247	0.01174	0.01959	0.02912	0.65929	0.01174	0.01486	0.01574	0.03204	0.01725	0.01342	0.07992	0.02854	0.00627	0.00552	0.00167	0.00594	0.02385	0.00303	0.00799
81	0.01939	0.01627	0.01560	0.01292	0.03734	0.14524	0.01015	0.54285	0.08392	0.02875	0.01286	0.01307	0.00942	0.00631	0.00526	0.00158	0.00635	0.00471	0.01951	0.00850
82	0.00857	0.11451	0.01125	0.00870	0.01015	0.00866	0.00704	0.01046	0.00893	0.01248	0.01345	0.01941	0.01254	0.03546	0.68430	0.00762	0.01322	0.00536	0.00280	0.00507
83	0.03748	0.01326	0.02022	0.07009	0.60446	0.04334	0.01517	0.09741	0.01359	0.01912	0.01023	0.01303	0.00836	0.00503	0.00525	0.00160	0.00643	0.00468	0.00296	0.00827
84	0.07342	0.05768	0.01574	0.04228	0.01656	0.09711	0.00982	0.48760	0.02077	0.10832	0.01251	0.01268	0.00893	0.00613	0.00508	0.00158	0.00609	0.00452	0.00482	0.00837
85	0.01014	0.00954	0.01610	0.79845	0.03697	0.01193	0.01491	0.01371	0.01073	0.01371	0.00954	0.01431	0.00716	0.00537	0.00537	0.00179	0.00716	0.00477	0.00239	0.00596
86	0.01237	0.01345	0.02590	0.02007	0.05520	0.01455	0.46449	0.01566	0.01109	0.01571	0.00949	0.01347	0.00777	0.00625	0.01025	0.00199	0.28720	0.00569	0.00258	0.00681
87	0.01245	0.01404	0.03029	0.09141	0.02884	0.01343	0.69245	0.01689	0.01250	0.01689	0.01074	0.01446	0.00806	0.00460	0.00625	0.00181	0.00888	0.00620	0.00269	0.00713
88	0.01174	0.01174	0.01644	0.01409	0.01409	0.01644	0.01174	0.01292	0.00822	0.01292	0.00705	0.01174	0.00705	0.00940	0.01762	0.00235	0.80153	0.00470	0.00235	0.00587
89	0.00654	0.00467	0.00623	0.00747	0.00779	0.00436	0.00498	0.00747	0.01028	0.01370	0.02959	0.80785	0.03550	0.01682	0.00685	0.00218	0.00311	0.01526	0.00498	0.00436
90	0.00742	0.00548	0.00694	0.00666	0.00798	0.00500	0.00501	0.00975	0.01459	0.02022	0.63703	0.05889	0.15317	0.01157	0.00637	0.00174	0.00263	0.02883	0.00573	0.00497
91	0.01414	0.75845	0.04857	0.00956	0.01405	0.02079	0.00959	0.01596	0.01080	0.01276	0.00751	0.00882	0.00689	0.00481	0.00410	0.00121	0.03982	0.00298	0.00230	0.00687
92	0.01329	0.01275	0.02179	0.03295	0.77787	0.01275	0.01647	0.01647	0.01222	0.01754	0.01010	0.01329	0.00850	0.00478	0.00531	0.00159	0.00638	0.00478	0.00266	0.00850
93	0.01174	0.01174	0.01644	0.01409	0.01409	0.01644	0.01174	0.01292	0.00822	0.01292	0.00705	0.01174	0.00705	0.00940	0.01762	0.00235	0.80153	0.00470	0.00235	0.00587
94	0.01311	0.01282	0.02219	0.03055	0.65293	0.01312	0.07842	0.01625	0.01194	0.01713	0.00991	0.01326	0.00835	0.00514	0.00640	0.00167	0.07109	0.00491	0.00264	0.00818
95	0.00781	0.00520	0.00585	0.00585	0.00585	0.00520	0.00325	0.00781	0.00781	0.01041	0.01691	0.03513	0.01952	0.81135	0.02732	0.00520	0.00520	0.00781	0.00325	0.00325
96	0.01155	0.00980	0.01135	0.00819	0.01290	0.00767	0.00656	0.04356	0.02804	0.01825	0.00994	0.01139	0.00818	0.00415	0.00406	0.00085	0.00406	0.00331	0.00332	0.79287
97	0.01528	0.03268	0.01407	0.09022	0.08444	0.02731	0.00977	0.13535	0.31717	0.12846	0.03426	0.01911	0.05400	0.00696	0.00542	0.00171	0.00505	0.00576	0.00491	0.00807
98	0.01864	0.01385	0.01489	0.01185	0.01580	0.01541	0.00965	0.53289	0.22595	0.06039	0.01564	0.01503	0.01126	0.00668	0.00540	0.00167	0.00540	0.00519	0.00545	0.00896
99	0.00779	0.00528	0.00626	0.00626	0.00639	0.00542	0.00375	0.00806	0.00792	0.01070	0.01655	0.03310	0.01863	0.69996	0.13751	0.00570	0.00653	0.00751	0.00320	0.00348
100	0.01079	0.02587	0.70004	0.07931	0.04540	0.01243	0.01934	0.01672	0.01131	0.01675	0.00964	0.01163	0.00688	0.00511	0.00513	0.00170	0.00783	0.00405	0.00229	0.00779
101	0.00781	0.00520	0.00585	0.00585	0.00585	0.00520	0.00325	0.00781	0.00781	0.01041	0.01691	0.03513	0.01952	0.81135	0.02732	0.00520	0.00520	0.00781	0.00325	0.00325

[dist]
# distance from previous block
# <min> <max>
0	1

[block]
# block no. 2 follows, 45 sequences, length 16
# corresponding to MSA columns:
# 383-386,389-400
name=unknown_C
#
# <colnr> <probs for GDERKNQSTAVLIFYWHMCP>
#	G	D	E	R	K	N	Q	S	T	A	V	L	I	F	Y	W	H	M	C	P
0	0.01245	0.01178	0.01991	0.11357	0.63124	0.01200	0.01532	0.01563	0.01232	0.01747	0.07602	0.01571	0.01199	0.00538	0.00541	0.00162	0.00613	0.00521	0.00291	0.00793
1	0.01283	0.01345	0.07163	0.10211	0.65990	0.01266	0.01655	0.01626	0.01203	0.01715	0.01002	0.01325	0.00827	0.00486	0.00530	0.00162	0.00655	0.00473	0.00261	0.00823
2	0.03854	0.01019	0.01351	0.01201	0.07977	0.00984	0.00894	0.06909	0.09565	0.54339	0.01895	0.01725	0.01255	0.00661	0.00583	0.00170	0.03621	0.00530	0.00586	0.00881
3	0.01127	0.01126	0.01864	0.15037	0.08646	0.01348	0.15262	0.01366	0.01009	0.01443	0.01064	0.08832	0.01012	0.00798	0.01104	0.00204	0.35584	0.00600	0.00272	0.02302
4	0.01183	0.00896	0.01068	0.00813	0.01221	0.00706	0.00639	0.03205	0.01172	0.08327	0.01343	0.12325	0.01229	0.00606	0.00453	0.00108	0.00395	0.00510	0.00378	0.63419
5	0.02041	0.01504	0.01611	0.01235	0.01665	0.01665	0.01020	0.75997	0.02524	0.03383	0.01289	0.01289	0.00913	0.00644	0.00537	0.00161	0.00591	0.00483	0.00537	0.00913
6	0.01307	0.01298	0.02348	0.05464	0.61365	0.01288	0.15627	0.01652	0.01226	0.01735	0.01022	0.01354	0.00839	0.00475	0.00551	0.00164	0.00690	0.00507	0.00266	0.00819
7	0.01265	0.01231	0.02111	0.13889	0.54855	0.01305	0.06485	0.01578	0.01165	0.01652	0.00977	0.01336	0.00815	0.00530	0.00659	0.00171	0.08449	0.00488	0.00259	0.00780
8	0.01257	0.01454	0.10894	0.14661	0.02667	0.01319	0.43360	0.01663	0.01187	0.05801	0.01066	0.01402	0.00800	0.00537	0.00722	0.00185	0.09482	0.00559	0.00279	0.00706
9	0.01014	0.00954	0.01610	0.79845	0.03697	0.01193	0.01491	0.01371	0.01073	0.01371	0.00954	0.01431	0.00716	0.00537	0.00537	0.00179	0.00716	0.00477	0.00239	0.00596
10	0.01166	0.01487	0.12890	0.01813	0.02251	0.03377	0.43865	0.01551	0.01196	0.01644	0.04558	0.08602	0.01258	0.00676	0.00743	0.00188	0.09490	0.02267	0.00300	0.00676
11	0.01257	0.01201	0.02035	0.14343	0.64124	0.01233	0.01578	0.01575	0.01201	0.01687	0.01167	0.01486	0.03688	0.00520	0.00536	0.00163	0.00635	0.00502	0.00270	0.00798
12	0.01244	0.01256	0.01484	0.09616	0.05023	0.16040	0.09899	0.07401	0.01279	0.01599	0.03258	0.13526	0.05701	0.01132	0.07839	0.00240	0.07999	0.01897	0.00347	0.03220
13	0.01163	0.01211	0.02358	0.04582	0.10353	0.01255	0.40643	0.01489	0.01117	0.01559	0.01109	0.03730	0.00945	0.01050	0.10723	0.02112	0.13065	0.00601	0.00272	0.00663
14	0.01266	0.01063	0.01625	0.30476	0.07766	0.03776	0.07189	0.01519	0.01117	0.11052	0.01364	0.01671	0.05907	0.00782	0.02313	0.02503	0.17115	0.00537	0.00315	0.00642
15	0.01221	0.01174	0.02063	0.16498	0.38430	0.01242	0.14358	0.01547	0.01161	0.01660	0.01048	0.01410	0.00851	0.00536	0.00643	0.00170	0.07525	0.00506	0.07226	0.00731

[dist]
# distance from previous block
# <min> <max>
14	68

[block]
# block no. 3 follows, 45 sequences, length 15
# corresponding to MSA columns:
# 477-491
name=unknown_D
#
# <colnr> <probs for GDERKNQSTAVLIFYWHMCP>
#	G	D	E	R	K	N	Q	S	T	A	V	L	I	F	Y	W	H	M	C	P
0	0.03363	0.06920	0.06379	0.03841	0.08732	0.01277	0.04345	0.11686	0.27131	0.07455	0.01838	0.02129	0.04261	0.00727	0.00547	0.00176	0.00533	0.07428	0.00451	0.00779
1	0.00712	0.00551	0.00658	0.00695	0.00833	0.00497	0.00541	0.00888	0.01254	0.01603	0.17770	0.15532	0.37420	0.01383	0.00665	0.00199	0.00324	0.17490	0.00515	0.00470
2	0.01427	0.60833	0.11318	0.01029	0.01508	0.04598	0.01044	0.04324	0.06857	0.01463	0.00901	0.00997	0.00767	0.00495	0.00390	0.00129	0.00602	0.00333	0.00265	0.00719
3	0.32193	0.13474	0.19740	0.01090	0.01548	0.14533	0.01076	0.07612	0.01222	0.01965	0.00856	0.00982	0.00665	0.00516	0.00418	0.00154	0.00636	0.00340	0.00299	0.00681
4	0.00654	0.00467	0.00623	0.00747	0.00779	0.00436	0.00498	0.00747	0.01028	0.01370	0.02959	0.80785	0.03550	0.01682	0.00685	0.00218	0.00311	0.01526	0.00498	0.00436
5	0.01045	0.00698	0.00863	0.00770	0.00961	0.00679	0.00593	0.06352	0.07971	0.09353	0.56157	0.03495	0.06908	0.01005	0.00611	0.00170	0.00310	0.00873	0.00587	0.00599
6	0.01946	0.01441	0.01544	0.01198	0.01602	0.01596	0.00980	0.68656	0.06516	0.03217	0.01356	0.01426	0.00999	0.04217	0.00635	0.00178	0.00578	0.00503	0.00528	0.00883
7	0.07378	0.00952	0.01262	0.01029	0.03977	0.00859	0.00813	0.04874	0.01519	0.68535	0.01970	0.01735	0.01254	0.00647	0.00527	0.00166	0.00465	0.00521	0.00626	0.00891
8	0.00740	0.00539	0.00696	0.00675	0.00794	0.00495	0.00499	0.00967	0.01445	0.02019	0.64444	0.12874	0.09442	0.01181	0.00639	0.00175	0.00261	0.01045	0.00574	0.00495
9	0.02041	0.01504	0.01611	0.01235	0.01665	0.01665	0.01020	0.75997	0.02524	0.03383	0.01289	0.01289	0.00913	0.00644	0.00537	0.00161	0.00591	0.00483	0.00537	0.00913
10	0.01272	0.01201	0.01994	0.18103	0.47557	0.01263	0.06166	0.03920	0.07618	0.01762	0.01161	0.01541	0.00951	0.00542	0.00546	0.00169	0.00647	0.02506	0.00299	0.00784
11	0.00654	0.00467	0.00623	0.00747	0.00779	0.00436	0.00498	0.00747	0.01028	0.01370	0.02959	0.80785	0.03550	0.01682	0.00685	0.00218	0.00311	0.01526	0.00498	0.00436
12	0.01826	0.01441	0.01505	0.03651	0.01659	0.04833	0.00992	0.51788	0.21496	0.02941	0.01489	0.01463	0.01084	0.00659	0.00537	0.00166	0.00568	0.00509	0.00519	0.00875
13	0.01300	0.01113	0.01188	0.01085	0.01375	0.01281	0.00851	0.02721	0.71131	0.02197	0.02234	0.02308	0.01748	0.00785	0.00561	0.00187	0.00430	0.06141	0.00542	0.00823
14	0.01984	0.07370	0.01593	0.01135	0.01548	0.01494	0.00947	0.54416	0.02201	0.15260	0.05557	0.01493	0.01191	0.00659	0.00528	0.00159	0.00549	0.00504	0.00537	0.00874

[dist]
# distance from previous block
# <min> <max>
0	3

[block]
# block no. 4 follows, 45 sequences, length 10
# corresponding to MSA columns:
# 497-506
name=unknown_E
#
# <colnr> <probs for GDERKNQSTAVLIFYWHMCP>
#	G	D	E	R	K	N	Q	S	T	A	V	L	I	F	Y	W	H	M	C	P
0	0.01728	0.18288	0.10475	0.01187	0.01649	0.01677	0.01089	0.44011	0.10281	0.02625	0.01238	0.01261	0.00920	0.00600	0.00495	0.00155	0.00592	0.00446	0.00439	0.00846
1	0.01607	0.01263	0.01353	0.01124	0.01470	0.01418	0.00899	0.35600	0.37504	0.02750	0.07688	0.01839	0.01581	0.00719	0.00549	0.00172	0.00486	0.00580	0.00546	0.00851
2	0.01113	0.00954	0.01113	0.00795	0.01272	0.00716	0.00636	0.01352	0.01113	0.01749	0.00954	0.01113	0.00795	0.00398	0.00398	0.00080	0.00398	0.00318	0.00318	0.84417
3	0.01995	0.01481	0.01585	0.01226	0.01647	0.01643	0.01009	0.71237	0.07358	0.03309	0.01347	0.01335	0.00960	0.00650	0.00538	0.00162	0.00580	0.00491	0.00538	0.00909
4	0.01856	0.01388	0.01389	0.01120	0.01475	0.11208	0.00901	0.40840	0.05723	0.13606	0.13217	0.01782	0.01624	0.00710	0.00546	0.00161	0.00559	0.00556	0.00531	0.00810
5	0.00676	0.00537	0.00607	0.00608	0.00755	0.00468	0.00449	0.00843	0.01294	0.01660	0.27643	0.13335	0.46598	0.01314	0.00640	0.00182	0.00271	0.01127	0.00527	0.00468
6	0.01866	0.01413	0.01578	0.10091	0.01872	0.01584	0.01059	0.61518	0.08516	0.03062	0.01325	0.01364	0.00951	0.00639	0.00538	0.00165	0.00591	0.00493	0.00504	0.00872
7	0.00781	0.00520	0.00585	0.00585	0.00585	0.00520	0.00325	0.00781	0.00781	0.01041	0.01691	0.03513	0.01952	0.81135	0.02732	0.00520	0.00520	0.00781	0.00325	0.00325
8	0.84927	0.01038	0.00789	0.00706	0.01038	0.01204	0.00581	0.01578	0.00914	0.02408	0.00747	0.00872	0.00581	0.00498	0.00332	0.00166	0.00415	0.00291	0.00332	0.00581
9	0.01066	0.01025	0.01621	0.54565	0.02960	0.01338	0.01389	0.01346	0.00992	0.01346	0.00874	0.01348	0.00712	0.00667	0.00931	0.00197	0.26318	0.00475	0.00237	0.00593

[dist]
# distance from previous block
# <min> <max>
1	2

[block]
# block no. 5 follows, 45 sequences, length 14
# corresponding to MSA columns:
# 509-522
name=unknown_F
#
# <colnr> <probs for GDERKNQSTAVLIFYWHMCP>
#	G	D	E	R	K	N	Q	S	T	A	V	L	I	F	Y	W	H	M	C	P
0	0.20491	0.01277	0.01218	0.01022	0.01378	0.09044	0.00818	0.14827	0.23114	0.15766	0.01510	0.01455	0.01093	0.00620	0.00483	0.00163	0.00510	0.00465	0.00481	0.04266
1	0.01067	0.01012	0.01690	0.64348	0.13727	0.01233	0.01492	0.01404	0.01078	0.01419	0.00946	0.01401	0.00733	0.00554	0.00614	0.00180	0.05752	0.00477	0.00242	0.00631
2	0.78120	0.01015	0.00807	0.00716	0.01045	0.01160	0.00588	0.01605	0.00964	0.05871	0.03568	0.01029	0.00777	0.00527	0.00353	0.00166	0.00411	0.00327	0.00357	0.00594
3	0.00697	0.00493	0.00640	0.00723	0.00766	0.00466	0.00488	0.00805	0.01067	0.01439	0.13191	0.55141	0.03499	0.13715	0.00993	0.00258	0.00343	0.04358	0.00485	0.00431
4	0.01541	0.01147	0.01323	0.01192	0.06266	0.01206	0.00890	0.15353	0.35806	0.11540	0.01773	0.01797	0.01336	0.00661	0.00526	0.00161	0.00469	0.02728	0.00504	0.13781
5	0.00775	0.00518	0.00587	0.00592	0.00594	0.00517	0.00333	0.00779	0.00791	0.01055	0.01746	0.06841	0.02020	0.77713	0.02644	0.00507	0.00511	0.00813	0.00333	0.00330
6	0.12558	0.00647	0.00743	0.00708	0.00867	0.00648	0.00534	0.01173	0.06157	0.02088	0.51651	0.11230	0.06894	0.01059	0.00591	0.00175	0.00293	0.00915	0.00539	0.00530
7	0.01135	0.01023	0.01401	0.01000	0.01487	0.00805	0.11159	0.01403	0.01135	0.01745	0.00973	0.01160	0.00798	0.00405	0.00431	0.00094	0.00469	0.00362	0.00312	0.72706
8	0.01068	0.01020	0.01755	0.65890	0.14027	0.01211	0.04621	0.01425	0.01102	0.01440	0.00967	0.01417	0.00739	0.00525	0.00540	0.00176	0.00713	0.00484	0.00244	0.00637
9	0.02071	0.01285	0.01435	0.01121	0.01524	0.03330	0.00918	0.42466	0.07858	0.27620	0.03684	0.01585	0.01211	0.00667	0.00540	0.00164	0.00535	0.00521	0.00574	0.00890
10	0.00797	0.00599	0.00811	0.11752	0.01205	0.00588	0.00634	0.01017	0.01323	0.03676	0.40090	0.17382	0.15793	0.01154	0.00627	0.00181	0.00336	0.01016	0.00512	0.00508
11	0.12991	0.01374	0.02210	0.13490	0.04100	0.08419	0.34927	0.01623	0.01147	0.01666	0.00939	0.01279	0.00741	0.00551	0.00723	0.00182	0.12200	0.00509	0.00270	0.00659
12	0.01281	0.01212	0.01941	0.34140	0.12763	0.02918	0.14184	0.11918	0.01316	0.01765	0.01005	0.01358	0.00779	0.00564	0.00663	0.00176	0.08204	0.00497	0.00292	0.03022
13	0.31200	0.04621	0.21090	0.04902	0.01787	0.13928	0.07933	0.03449	0.01158	0.01902	0.00875	0.01049	0.00670	0.00507	0.00446	0.00160	0.00670	0.00372	0.00287	0.02994

[dist]
# distance from previous block
# <min> <max>
0	26

# created by:
# /st0/software/busco_prod/Augustus/scripts/msa2prfl.pl ./align_prep/150771.fa
