[name]
unknown

[dist]
# distance from previous block
# <min> <max>
17	302

[block]
# block no. 0 follows, 45 sequences, length 10
# corresponding to MSA columns:
# 306-315
name=unknown_A
#
# <colnr> <probs for GDERKNQSTAVLIFYWHMCP>
#	G	D	E	R	K	N	Q	S	T	A	V	L	I	F	Y	W	H	M	C	P
0	0.01058	0.00893	0.04499	0.01026	0.07412	0.03081	0.00727	0.04035	0.06845	0.04712	0.05534	0.20178	0.04040	0.10226	0.04432	0.00236	0.00482	0.00785	0.08382	0.11416
1	0.11020	0.03753	0.01459	0.10168	0.05169	0.15835	0.01038	0.04091	0.01139	0.07846	0.00993	0.01288	0.00824	0.01042	0.09481	0.00256	0.23216	0.00440	0.00307	0.00635
2	0.07847	0.00677	0.00838	0.07291	0.01132	0.00709	0.00645	0.07178	0.01226	0.01744	0.13743	0.42853	0.07331	0.01276	0.00650	0.00197	0.02560	0.01115	0.00473	0.00517
3	0.00772	0.00551	0.00641	0.00646	0.00764	0.00502	0.00464	0.00903	0.01164	0.04048	0.16607	0.11259	0.31486	0.20391	0.01146	0.00268	0.00356	0.07105	0.00478	0.00449
4	0.07527	0.01085	0.01230	0.01010	0.01382	0.01125	0.00812	0.10543	0.31600	0.28196	0.01864	0.01714	0.01311	0.00654	0.00516	0.00165	0.00451	0.00525	0.00552	0.07738
5	0.03416	0.01148	0.01170	0.01012	0.01319	0.07396	0.00796	0.09238	0.35618	0.15491	0.09198	0.02245	0.08044	0.00777	0.00550	0.00172	0.00461	0.00633	0.00540	0.00778
6	0.07634	0.07534	0.01271	0.00917	0.01251	0.00978	0.00751	0.03538	0.06461	0.44904	0.05032	0.01970	0.03354	0.07431	0.00756	0.00196	0.04151	0.00555	0.00540	0.00775
7	0.01973	0.00966	0.01210	0.00967	0.01326	0.00931	0.00784	0.12316	0.10906	0.47025	0.13629	0.02112	0.01886	0.00736	0.00555	0.00168	0.00440	0.00607	0.00621	0.00843
8	0.21146	0.01221	0.01414	0.01313	0.10580	0.01325	0.00956	0.29181	0.01669	0.18632	0.01265	0.01303	0.00902	0.00615	0.00574	0.00168	0.06017	0.00449	0.00463	0.00806
9	0.00903	0.00587	0.00754	0.00760	0.00887	0.00545	0.00551	0.01041	0.01165	0.10210	0.11348	0.45505	0.14110	0.01367	0.00683	0.00196	0.03334	0.01199	0.00509	0.04346

[dist]
# distance from previous block
# <min> <max>
39	90

[block]
# block no. 1 follows, 45 sequences, length 9
# corresponding to MSA columns:
# 416-424
name=unknown_B
#
# <colnr> <probs for GDERKNQSTAVLIFYWHMCP>
#	G	D	E	R	K	N	Q	S	T	A	V	L	I	F	Y	W	H	M	C	P
0	0.00860	0.00605	0.00756	0.00763	0.00847	0.00615	0.00536	0.08060	0.01135	0.01532	0.09269	0.30546	0.04967	0.19206	0.10754	0.05434	0.00528	0.02697	0.00431	0.00459
1	0.01297	0.02977	0.01070	0.01013	0.06062	0.00895	0.00749	0.14109	0.02836	0.09764	0.04151	0.09845	0.01757	0.02329	0.03643	0.00203	0.03377	0.09602	0.23680	0.00640
2	0.11115	0.00726	0.00686	0.00687	0.00753	0.06430	0.00439	0.00974	0.00894	0.01284	0.01726	0.16078	0.01961	0.51854	0.01926	0.00398	0.00506	0.00815	0.00352	0.00397
3	0.00864	0.00626	0.00709	0.00643	0.00755	0.00584	0.00416	0.03434	0.00974	0.01335	0.06781	0.03212	0.07565	0.54448	0.01995	0.00390	0.00467	0.00736	0.00361	0.13703
4	0.07732	0.11504	0.06857	0.01355	0.01766	0.28492	0.10172	0.22176	0.01644	0.02027	0.00979	0.01105	0.00758	0.00548	0.00491	0.00151	0.00759	0.00411	0.00342	0.00730
5	0.59562	0.01202	0.04691	0.00999	0.06870	0.05847	0.00770	0.01689	0.01059	0.08633	0.03781	0.01123	0.00844	0.00537	0.00394	0.00164	0.00481	0.00360	0.00357	0.00639
6	0.19330	0.06311	0.06369	0.15891	0.04458	0.25292	0.10218	0.03286	0.01240	0.01685	0.00885	0.01114	0.00696	0.00518	0.00476	0.00159	0.00744	0.00400	0.00280	0.00649
7	0.21140	0.10097	0.23768	0.13445	0.06586	0.10818	0.01297	0.04109	0.01166	0.01783	0.00885	0.01086	0.00682	0.00514	0.00454	0.00160	0.00674	0.00374	0.00272	0.00688
8	0.07369	0.01396	0.07500	0.01338	0.08597	0.04302	0.02309	0.36003	0.06358	0.02529	0.04292	0.11081	0.01375	0.00745	0.00539	0.00168	0.00558	0.00609	0.00452	0.02478

[dist]
# distance from previous block
# <min> <max>
9	24

[block]
# block no. 2 follows, 45 sequences, length 22
# corresponding to MSA columns:
# 449-452,456-473
name=unknown_C
#
# <colnr> <probs for GDERKNQSTAVLIFYWHMCP>
#	G	D	E	R	K	N	Q	S	T	A	V	L	I	F	Y	W	H	M	C	P
0	0.03045	0.01115	0.01249	0.08769	0.01587	0.02627	0.00899	0.18107	0.32200	0.07602	0.04783	0.02302	0.07189	0.00787	0.00560	0.00179	0.00488	0.05236	0.00508	0.00770
1	0.06855	0.05269	0.01518	0.03020	0.01572	0.01447	0.00927	0.47481	0.01969	0.04497	0.01156	0.01221	0.00857	0.00588	0.00532	0.00147	0.03389	0.00431	0.00453	0.16673
2	0.07382	0.05122	0.05862	0.35681	0.10551	0.01282	0.03934	0.08624	0.07957	0.01774	0.01110	0.01414	0.00859	0.00760	0.05311	0.00213	0.00696	0.00473	0.00307	0.00687
3	0.21193	0.05802	0.01555	0.29284	0.16609	0.01304	0.01176	0.08924	0.04330	0.01921	0.01075	0.01328	0.02281	0.00547	0.00478	0.00167	0.00588	0.00441	0.00313	0.00685
4	0.05223	0.06000	0.01447	0.03407	0.14654	0.29530	0.00964	0.08264	0.01385	0.01621	0.01705	0.01951	0.13080	0.07691	0.00704	0.00185	0.00674	0.00542	0.00337	0.00636
5	0.06549	0.04537	0.01335	0.03116	0.01413	0.05412	0.04453	0.17237	0.06625	0.07698	0.01357	0.05090	0.01163	0.10916	0.00773	0.00191	0.00530	0.00520	0.00405	0.20679
6	0.01177	0.00841	0.00936	0.00814	0.00975	0.00880	0.00580	0.24559	0.01420	0.01917	0.08268	0.07816	0.01971	0.41528	0.01664	0.00345	0.00503	0.00740	0.00426	0.02639
7	0.05043	0.10363	0.01644	0.07912	0.11185	0.26069	0.01050	0.16058	0.01513	0.01841	0.01175	0.05873	0.02683	0.00624	0.00494	0.00150	0.00685	0.00477	0.00340	0.04821
8	0.37153	0.01242	0.08015	0.14374	0.14101	0.01259	0.01091	0.06106	0.02262	0.02055	0.02523	0.01188	0.00794	0.00553	0.00520	0.00171	0.05209	0.00403	0.00312	0.00669
9	0.05925	0.00959	0.01562	0.75213	0.03541	0.01193	0.01438	0.01384	0.01064	0.01432	0.00942	0.01398	0.00708	0.00534	0.00525	0.00178	0.00698	0.00466	0.00244	0.00595
10	0.10678	0.01132	0.01491	0.11720	0.16318	0.09603	0.08980	0.01397	0.01135	0.01602	0.01513	0.20074	0.03055	0.02163	0.00626	0.00182	0.03216	0.00717	0.00333	0.04066
11	0.00887	0.00470	0.00676	0.00695	0.00704	0.00465	0.00462	0.00730	0.00767	0.01041	0.01296	0.13544	0.01381	0.05057	0.01851	0.65345	0.00438	0.00639	0.03278	0.00277
12	0.01335	0.01153	0.01214	0.01092	0.01396	0.01335	0.00850	0.02852	0.76817	0.02245	0.02185	0.02003	0.01639	0.00728	0.00546	0.00182	0.00425	0.00607	0.00546	0.00850
13	0.01943	0.06014	0.01562	0.01346	0.01632	0.71242	0.01021	0.02159	0.05668	0.01363	0.00901	0.01020	0.00744	0.00559	0.00481	0.00140	0.00920	0.00358	0.00289	0.00638
14	0.00925	0.00652	0.00755	0.00694	0.00878	0.00610	0.00525	0.05486	0.04794	0.07064	0.32287	0.05650	0.31333	0.05076	0.00722	0.00192	0.00316	0.00960	0.00541	0.00543
15	0.00663	0.00479	0.00612	0.00714	0.00757	0.00445	0.00475	0.00752	0.01025	0.01349	0.03082	0.66932	0.10379	0.08576	0.00859	0.00241	0.00326	0.01424	0.00483	0.00428
16	0.00652	0.00476	0.00614	0.00724	0.00772	0.00438	0.00488	0.00750	0.01051	0.01380	0.03250	0.71911	0.12236	0.01644	0.00679	0.00214	0.00307	0.01480	0.00498	0.00438
17	0.14388	0.00914	0.01154	0.00905	0.01294	0.00836	0.00745	0.02387	0.01445	0.63424	0.05551	0.01793	0.01400	0.00661	0.00514	0.00166	0.00441	0.00524	0.00612	0.00845
18	0.00812	0.00552	0.00675	0.00671	0.00808	0.00493	0.00490	0.00981	0.01291	0.07074	0.29973	0.23320	0.26391	0.03134	0.00688	0.00193	0.00294	0.01124	0.00539	0.00497
19	0.02005	0.02558	0.01521	0.01383	0.01659	0.78980	0.01037	0.02143	0.01521	0.01314	0.00830	0.00968	0.00691	0.00553	0.00484	0.00138	0.00968	0.00346	0.00277	0.00622
20	0.00706	0.00542	0.00647	0.00631	0.00772	0.00482	0.00469	0.00906	0.01379	0.01842	0.46002	0.09135	0.32081	0.01231	0.00637	0.00176	0.00264	0.01065	0.00551	0.00482
21	0.00662	0.00480	0.00620	0.00720	0.00769	0.00444	0.00485	0.00765	0.01064	0.01410	0.07265	0.67172	0.10251	0.04243	0.00745	0.00222	0.00312	0.01435	0.00498	0.00438

[dist]
# distance from previous block
# <min> <max>
0	7

[block]
# block no. 3 follows, 45 sequences, length 77
# corresponding to MSA columns:
# 481-557
name=unknown_D
#
# <colnr> <probs for GDERKNQSTAVLIFYWHMCP>
#	G	D	E	R	K	N	Q	S	T	A	V	L	I	F	Y	W	H	M	C	P
0	0.01076	0.00633	0.00821	0.00765	0.00944	0.00583	0.00597	0.01318	0.02888	0.15986	0.39749	0.06709	0.10108	0.04617	0.00723	0.00197	0.00342	0.10804	0.00568	0.00572
1	0.00775	0.00563	0.00803	0.00803	0.00882	0.00639	0.00601	0.00933	0.00854	0.01226	0.01492	0.02364	0.01455	0.18106	0.63173	0.00783	0.01242	0.00611	0.02244	0.00451
2	0.03584	0.00599	0.00680	0.00637	0.00828	0.00528	0.00486	0.01064	0.01326	0.09933	0.25568	0.06698	0.43727	0.01192	0.00616	0.00177	0.00292	0.01008	0.00538	0.00522
3	0.06567	0.00908	0.01195	0.00932	0.01326	0.00811	0.00766	0.02489	0.03563	0.68391	0.05789	0.01891	0.01484	0.00679	0.00534	0.00167	0.00444	0.00550	0.00640	0.00874
4	0.01267	0.01448	0.03167	0.02262	0.02805	0.01357	0.75837	0.01719	0.01267	0.01719	0.01086	0.01448	0.00814	0.00452	0.00633	0.00181	0.00905	0.00633	0.00271	0.00724
5	0.00842	0.00594	0.00721	0.00706	0.00856	0.00549	0.00536	0.02658	0.02748	0.05517	0.31639	0.13000	0.24973	0.04304	0.00722	0.00199	0.00319	0.08070	0.00536	0.00510
6	0.05472	0.00930	0.01227	0.00952	0.01359	0.00832	0.00784	0.02588	0.05218	0.71562	0.02069	0.01800	0.01316	0.00661	0.00532	0.00167	0.00454	0.00534	0.00646	0.00898
7	0.01558	0.01264	0.01339	0.01137	0.01481	0.01439	0.00904	0.25940	0.53367	0.02605	0.01902	0.01777	0.01410	0.00702	0.00543	0.00175	0.00477	0.00568	0.00543	0.00870
8	0.01307	0.15138	0.09910	0.01947	0.06136	0.03012	0.46734	0.03163	0.01235	0.01650	0.00997	0.01290	0.00778	0.00485	0.00607	0.00169	0.03921	0.00530	0.00264	0.00727
9	0.78188	0.04570	0.00904	0.00741	0.01076	0.04181	0.00613	0.01601	0.00944	0.02318	0.00750	0.00875	0.00590	0.00499	0.00338	0.00163	0.00443	0.00293	0.00326	0.00588
10	0.01282	0.04305	0.03927	0.13108	0.59407	0.01300	0.05651	0.01615	0.01198	0.01682	0.00996	0.01326	0.00821	0.00485	0.00530	0.00162	0.00664	0.00477	0.00260	0.00803
11	0.00671	0.00480	0.00640	0.00747	0.00791	0.00448	0.00510	0.00785	0.01084	0.01458	0.10624	0.70752	0.03693	0.01616	0.00681	0.00214	0.00311	0.03545	0.00508	0.00445
12	0.00708	0.00516	0.00676	0.00788	0.00846	0.00496	0.00560	0.00878	0.03924	0.01438	0.02981	0.65431	0.05439	0.01609	0.00686	0.00220	0.00340	0.11504	0.00500	0.00460
13	0.00872	0.00624	0.00757	0.00794	0.00890	0.00626	0.00566	0.05398	0.07400	0.03053	0.02647	0.41449	0.06480	0.16713	0.01058	0.00270	0.00398	0.09039	0.00474	0.00494
14	0.00969	0.00488	0.00723	0.00723	0.00744	0.00483	0.00497	0.00784	0.00764	0.03520	0.01130	0.04410	0.01135	0.01801	0.01935	0.74790	0.00462	0.04098	0.00269	0.00275
15	0.84927	0.01038	0.00789	0.00706	0.01038	0.01204	0.00581	0.01578	0.00914	0.02408	0.00747	0.00872	0.00581	0.00498	0.00332	0.00166	0.00415	0.00291	0.00332	0.00581
16	0.02408	0.00914	0.01246	0.00955	0.01370	0.00789	0.00789	0.02616	0.01536	0.78158	0.02118	0.01827	0.01329	0.00664	0.00540	0.00166	0.00457	0.00540	0.00664	0.00914
17	0.01329	0.01275	0.02179	0.03295	0.77787	0.01275	0.01647	0.01647	0.01222	0.01754	0.01010	0.01329	0.00850	0.00478	0.00531	0.00159	0.00638	0.00478	0.00266	0.00850
18	0.00677	0.00545	0.00602	0.00588	0.00751	0.00471	0.00441	0.00852	0.01323	0.01687	0.29706	0.04777	0.53153	0.01271	0.00634	0.00177	0.00266	0.01078	0.00530	0.00471
19	0.02005	0.02558	0.01521	0.01383	0.01659	0.78980	0.01037	0.02143	0.01521	0.01314	0.00830	0.00968	0.00691	0.00553	0.00484	0.00138	0.00968	0.00346	0.00277	0.00622
20	0.03777	0.01472	0.01584	0.06000	0.01760	0.03754	0.01041	0.63924	0.03715	0.03091	0.01241	0.01289	0.00894	0.00643	0.00572	0.00164	0.03237	0.00477	0.00497	0.00866
21	0.00664	0.00475	0.00635	0.00759	0.00795	0.00445	0.00516	0.00765	0.01038	0.01382	0.02953	0.77107	0.03528	0.01672	0.00688	0.00219	0.00320	0.05101	0.00498	0.00439
22	0.00634	0.00544	0.00544	0.00544	0.00725	0.00453	0.00408	0.00770	0.01224	0.01450	0.05438	0.05166	0.77569	0.01359	0.00634	0.00181	0.00272	0.01133	0.00498	0.00453
23	0.01451	0.68226	0.07460	0.00993	0.01459	0.05907	0.00992	0.03298	0.03530	0.01370	0.00821	0.00929	0.00723	0.00480	0.00373	0.00123	0.00603	0.00311	0.00248	0.00702
24	0.01240	0.01230	0.04783	0.26764	0.48413	0.01242	0.03931	0.01585	0.01180	0.03055	0.01014	0.01366	0.00810	0.00500	0.00536	0.00167	0.00672	0.00481	0.00264	0.00767
25	0.84927	0.01038	0.00789	0.00706	0.01038	0.01204	0.00581	0.01578	0.00914	0.02408	0.00747	0.00872	0.00581	0.00498	0.00332	0.00166	0.00415	0.00291	0.00332	0.00581
26	0.01249	0.01576	0.10420	0.02192	0.02759	0.01347	0.68713	0.01718	0.01254	0.01718	0.01074	0.01418	0.00802	0.00458	0.00622	0.00180	0.00894	0.00611	0.00267	0.00731
27	0.00699	0.00486	0.00612	0.00690	0.00725	0.00459	0.00449	0.00754	0.00967	0.01273	0.02750	0.51392	0.09411	0.19844	0.01242	0.05790	0.00366	0.01252	0.00441	0.00399
28	0.00932	0.00466	0.00699	0.00699	0.00699	0.00466	0.00466	0.00699	0.00699	0.00932	0.00932	0.01632	0.00932	0.01865	0.02098	0.84382	0.00466	0.00466	0.00233	0.00233
29	0.01014	0.00954	0.01610	0.79845	0.03697	0.01193	0.01491	0.01371	0.01073	0.01371	0.00954	0.01431	0.00716	0.00537	0.00537	0.00179	0.00716	0.00477	0.00239	0.00596
30	0.00663	0.00471	0.00620	0.00736	0.00765	0.00442	0.00486	0.00750	0.01010	0.01347	0.02868	0.75232	0.03435	0.07392	0.00832	0.00240	0.00326	0.01472	0.00486	0.00428
31	0.01625	0.00750	0.00982	0.00820	0.01105	0.00663	0.00651	0.01857	0.02997	0.42331	0.23452	0.06923	0.11680	0.00922	0.00585	0.00172	0.00370	0.00783	0.00613	0.00719
32	0.01357	0.01164	0.01226	0.01097	0.01404	0.01345	0.00855	0.05137	0.74496	0.02281	0.02157	0.01980	0.01616	0.00726	0.00546	0.00181	0.00430	0.00603	0.00546	0.00852
33	0.01979	0.01413	0.01541	0.01182	0.01607	0.01529	0.00974	0.65065	0.02338	0.07976	0.01322	0.01327	0.00940	0.00693	0.02006	0.00169	0.00586	0.00478	0.00526	0.06349
34	0.02094	0.01377	0.01528	0.01176	0.01599	0.01482	0.00970	0.59460	0.04380	0.18144	0.01477	0.01415	0.01015	0.00651	0.00538	0.00163	0.00560	0.00498	0.00562	0.00911
35	0.00738	0.00514	0.00617	0.00640	0.00681	0.00493	0.00406	0.00815	0.01004	0.01352	0.16377	0.22653	0.07083	0.42300	0.01722	0.00362	0.00406	0.01018	0.00427	0.00393
36	0.00654	0.00467	0.00623	0.00747	0.00779	0.00436	0.00498	0.00747	0.01028	0.01370	0.02959	0.80785	0.03550	0.01682	0.00685	0.00218	0.00311	0.01526	0.00498	0.00436
37	0.01174	0.01174	0.01644	0.01409	0.01409	0.01644	0.01174	0.01292	0.00822	0.01292	0.00705	0.01174	0.00705	0.00940	0.01762	0.00235	0.80153	0.00470	0.00235	0.00587
38	0.10211	0.00938	0.01201	0.00938	0.01340	0.00857	0.00772	0.02529	0.05345	0.67045	0.01991	0.01745	0.01274	0.00652	0.00520	0.00167	0.00451	0.00520	0.00627	0.00879
39	0.01992	0.04408	0.01551	0.01372	0.01653	0.77178	0.01034	0.02131	0.01511	0.01313	0.00828	0.00966	0.00691	0.00551	0.00481	0.00138	0.00959	0.00344	0.00275	0.00624
40	0.00774	0.00585	0.00673	0.00644	0.00822	0.00500	0.00476	0.00933	0.01231	0.04128	0.17844	0.17502	0.38538	0.03524	0.00675	0.00184	0.00301	0.01057	0.00498	0.09109
41	0.44630	0.00911	0.00870	0.00807	0.01082	0.01001	0.00659	0.01649	0.09335	0.08858	0.05500	0.02335	0.03884	0.03415	0.00547	0.00194	0.00424	0.12859	0.00430	0.00609
42	0.01174	0.01174	0.01644	0.01409	0.01409	0.01644	0.01174	0.01292	0.00822	0.01292	0.00705	0.01174	0.00705	0.00940	0.01762	0.00235	0.80153	0.00470	0.00235	0.00587
43	0.00654	0.00467	0.00623	0.00747	0.00779	0.00436	0.00498	0.00747	0.01028	0.01370	0.02959	0.80785	0.03550	0.01682	0.00685	0.00218	0.00311	0.01526	0.00498	0.00436
44	0.01045	0.00619	0.00852	0.00910	0.01052	0.00590	0.00742	0.01239	0.01220	0.13649	0.02763	0.28071	0.02951	0.01414	0.00692	0.00225	0.00433	0.40468	0.00522	0.00543
45	0.00730	0.00543	0.00651	0.00626	0.00747	0.00495	0.00452	0.00912	0.01324	0.01791	0.46449	0.04237	0.23745	0.13832	0.00966	0.00228	0.00300	0.00984	0.00524	0.00464
46	0.02005	0.02558	0.01521	0.01383	0.01659	0.78980	0.01037	0.02143	0.01521	0.01314	0.00830	0.00968	0.00691	0.00553	0.00484	0.00138	0.00968	0.00346	0.00277	0.00622
47	0.01100	0.00596	0.00606	0.00570	0.00724	0.00611	0.00437	0.08362	0.01259	0.02133	0.01707	0.01933	0.01332	0.00627	0.00391	0.00129	0.00283	0.00499	0.76163	0.00540
48	0.00770	0.00565	0.00809	0.00809	0.00886	0.00642	0.00604	0.00924	0.00847	0.01206	0.01487	0.02381	0.01460	0.18950	0.64245	0.00796	0.01260	0.00615	0.00295	0.00449
49	0.02041	0.01504	0.01611	0.01235	0.01665	0.01665	0.01020	0.75997	0.02524	0.03383	0.01289	0.01289	0.00913	0.00644	0.00537	0.00161	0.00591	0.00483	0.00537	0.00913
50	0.00654	0.00467	0.00623	0.00747	0.00779	0.00436	0.00498	0.00747	0.01028	0.01370	0.02959	0.80785	0.03550	0.01682	0.00685	0.00218	0.00311	0.01526	0.00498	0.00436
51	0.01975	0.02508	0.01526	0.01384	0.01650	0.76172	0.01042	0.02113	0.01496	0.01313	0.00825	0.00976	0.00692	0.00567	0.00530	0.00142	0.03843	0.00350	0.00275	0.00621
52	0.02039	0.01543	0.01608	0.01241	0.01664	0.04584	0.01021	0.73208	0.02486	0.03305	0.01271	0.01277	0.00905	0.00641	0.00535	0.00160	0.00605	0.00478	0.00527	0.00902
53	0.00677	0.00545	0.00602	0.00588	0.00751	0.00471	0.00441	0.00852	0.01323	0.01687	0.29750	0.04776	0.53109	0.01271	0.00634	0.00177	0.00266	0.01078	0.00530	0.00471
54	0.84927	0.01038	0.00789	0.00706	0.01038	0.01204	0.00581	0.01578	0.00914	0.02408	0.00747	0.00872	0.00581	0.00498	0.00332	0.00166	0.00415	0.00291	0.00332	0.00581
55	0.01150	0.00953	0.01117	0.00800	0.01275	0.00718	0.00640	0.01388	0.01125	0.03932	0.00987	0.01133	0.00810	0.00405	0.00402	0.00082	0.00399	0.00324	0.00328	0.82031
56	0.09878	0.01068	0.01143	0.01020	0.01322	0.01186	0.00817	0.09935	0.42817	0.05994	0.03468	0.02392	0.03126	0.00798	0.00547	0.00182	0.00444	0.09945	0.00515	0.03403
57	0.00936	0.00596	0.00785	0.00746	0.00904	0.00550	0.00586	0.01178	0.01463	0.09669	0.54956	0.04163	0.07760	0.01126	0.00641	0.00181	0.00312	0.12326	0.00579	0.00543
58	0.01077	0.02777	0.78354	0.01530	0.02323	0.01247	0.01983	0.01700	0.01133	0.01700	0.00963	0.01133	0.00680	0.00510	0.00510	0.00170	0.00793	0.00397	0.00227	0.00793
59	0.03789	0.01353	0.01622	0.03792	0.23536	0.14591	0.05209	0.13088	0.01474	0.06932	0.01487	0.07483	0.01358	0.00756	0.00565	0.00175	0.00643	0.11036	0.00386	0.00724
60	0.00679	0.00507	0.00616	0.00668	0.00751	0.00466	0.00460	0.00796	0.01108	0.01446	0.12427	0.39636	0.23865	0.10467	0.03340	0.00256	0.00352	0.01238	0.00484	0.00438
61	0.13402	0.01285	0.01335	0.01070	0.01442	0.01427	0.00873	0.46660	0.12517	0.05431	0.01405	0.01409	0.01021	0.00635	0.00496	0.00162	0.00510	0.00477	0.07621	0.00823
62	0.84927	0.01038	0.00789	0.00706	0.01038	0.01204	0.00581	0.01578	0.00914	0.02408	0.00747	0.00872	0.00581	0.00498	0.00332	0.00166	0.00415	0.00291	0.00332	0.00581
63	0.03892	0.01002	0.01141	0.00833	0.01296	0.00820	0.00669	0.06582	0.03953	0.01902	0.01015	0.01150	0.00827	0.00430	0.00410	0.00092	0.00412	0.00339	0.00342	0.72893
64	0.03803	0.01155	0.01907	0.39195	0.34604	0.03019	0.05602	0.01531	0.01152	0.01582	0.00975	0.01361	0.00773	0.00507	0.00532	0.00170	0.00690	0.00477	0.00256	0.00710
65	0.01024	0.00965	0.01629	0.77309	0.06151	0.01195	0.01496	0.01381	0.01078	0.01384	0.00956	0.01428	0.00720	0.00535	0.00536	0.00178	0.00713	0.00477	0.00239	0.00605
66	0.00776	0.00540	0.00683	0.00683	0.00717	0.00574	0.00447	0.00843	0.00810	0.01113	0.01602	0.03017	0.01736	0.53894	0.29679	0.00641	0.00845	0.00708	0.00312	0.00380
67	0.00685	0.00494	0.00645	0.00735	0.00792	0.00461	0.00511	0.00809	0.01110	0.01483	0.13093	0.58461	0.08063	0.04456	0.00753	0.00222	0.00320	0.05957	0.00504	0.00446
68	0.03872	0.00928	0.01211	0.00960	0.01344	0.00850	0.00788	0.04057	0.08310	0.63129	0.04631	0.02025	0.01516	0.00708	0.00546	0.00170	0.00450	0.02993	0.00636	0.00873
69	0.00713	0.00537	0.00660	0.00649	0.00779	0.00484	0.00479	0.00916	0.01380	0.01869	0.49104	0.13889	0.24097	0.01240	0.00640	0.00178	0.00265	0.01083	0.00555	0.00484
70	0.00767	0.00575	0.00863	0.00863	0.00959	0.00671	0.00671	0.00959	0.00863	0.01246	0.01438	0.02109	0.01342	0.04026	0.79008	0.00863	0.01438	0.00575	0.00288	0.00479
71	0.00863	0.00554	0.00665	0.00681	0.00739	0.00539	0.00440	0.00966	0.03435	0.06254	0.02309	0.26392	0.05881	0.44265	0.01770	0.00375	0.00439	0.02593	0.00418	0.00423
72	0.01441	0.01061	0.01165	0.01012	0.01319	0.01163	0.00796	0.09921	0.47691	0.11959	0.08092	0.02323	0.08087	0.00792	0.00558	0.00177	0.00420	0.00657	0.00560	0.00805
73	0.02041	0.01504	0.01611	0.01235	0.01665	0.01665	0.01020	0.75997	0.02524	0.03383	0.01289	0.01289	0.00913	0.00644	0.00537	0.00161	0.00591	0.00483	0.00537	0.00913
74	0.02399	0.00928	0.01255	0.00962	0.01378	0.00811	0.00795	0.04468	0.01561	0.76271	0.02097	0.01813	0.01318	0.00664	0.00540	0.00166	0.00460	0.00538	0.00661	0.00914
75	0.00657	0.00528	0.00586	0.00606	0.00748	0.00457	0.00441	0.00801	0.01226	0.01537	0.15592	0.20872	0.51288	0.01388	0.00645	0.00187	0.00277	0.01191	0.00512	0.00457
76	0.02269	0.00974	0.01264	0.00987	0.01390	0.00900	0.00809	0.06924	0.09881	0.65439	0.02077	0.01815	0.01339	0.00670	0.00540	0.00168	0.00461	0.00544	0.00644	0.00906

[dist]
# distance from previous block
# <min> <max>
0	7

[block]
# block no. 4 follows, 45 sequences, length 96
# corresponding to MSA columns:
# 565-660
name=unknown_E
#
# <colnr> <probs for GDERKNQSTAVLIFYWHMCP>
#	G	D	E	R	K	N	Q	S	T	A	V	L	I	F	Y	W	H	M	C	P
0	0.16371	0.01402	0.01456	0.01134	0.01546	0.01554	0.00936	0.60534	0.02211	0.05872	0.01225	0.01236	0.00870	0.00620	0.00502	0.00162	0.00556	0.00452	0.00506	0.00856
1	0.02023	0.01413	0.01538	0.01188	0.01605	0.01546	0.00979	0.64355	0.05811	0.10328	0.01416	0.01385	0.00994	0.00650	0.00535	0.00162	0.00564	0.00495	0.02111	0.00902
2	0.05070	0.00833	0.01068	0.00909	0.01212	0.00778	0.00719	0.02126	0.09617	0.46813	0.04168	0.19105	0.01944	0.00913	0.00570	0.00181	0.00416	0.02192	0.00597	0.00771
3	0.00973	0.00669	0.00894	0.00968	0.01117	0.00676	0.00820	0.01323	0.08256	0.05873	0.04566	0.11749	0.02945	0.01375	0.00705	0.00232	0.00464	0.55338	0.00511	0.00546
4	0.02041	0.01504	0.01611	0.01235	0.01665	0.01665	0.01020	0.75997	0.02524	0.03383	0.01289	0.01289	0.00913	0.00644	0.00537	0.00161	0.00591	0.00483	0.00537	0.00913
5	0.00767	0.00575	0.00863	0.00863	0.00959	0.00671	0.00671	0.00959	0.00863	0.01246	0.01438	0.02109	0.01342	0.04026	0.79008	0.00863	0.01438	0.00575	0.00288	0.00479
6	0.00994	0.00675	0.01035	0.20528	0.01554	0.00760	0.02661	0.01051	0.03829	0.01221	0.01050	0.01602	0.00930	0.01306	0.01449	0.46957	0.04127	0.00482	0.07392	0.00399
7	0.00755	0.00502	0.00606	0.00653	0.00683	0.00495	0.00415	0.00827	0.00913	0.01275	0.02156	0.32116	0.02454	0.38721	0.06085	0.00386	0.00467	0.01018	0.09078	0.00394
8	0.01459	0.01112	0.00981	0.00851	0.01088	0.13080	0.00665	0.23040	0.01592	0.02294	0.01473	0.01634	0.01135	0.00620	0.00439	0.00138	0.00461	0.00471	0.46828	0.00639
9	0.01370	0.01455	0.09398	0.02627	0.45691	0.03303	0.15596	0.01775	0.04200	0.06114	0.01119	0.01375	0.00879	0.00508	0.00572	0.00167	0.02236	0.00505	0.00297	0.00814
10	0.03839	0.01127	0.01351	0.01057	0.01455	0.01129	0.00872	0.31548	0.01890	0.42088	0.01811	0.03749	0.01273	0.00711	0.00546	0.00169	0.00507	0.03405	0.00596	0.00878
11	0.01151	0.00976	0.01133	0.00813	0.01288	0.00754	0.00652	0.04385	0.01170	0.01816	0.00968	0.01120	0.00800	0.00408	0.00403	0.00083	0.00405	0.00325	0.00327	0.81024
12	0.02302	0.01084	0.01351	0.01036	0.01455	0.01042	0.00856	0.23813	0.01822	0.56558	0.01878	0.01672	0.01209	0.00659	0.00539	0.00165	0.00495	0.00523	0.00628	0.00913
13	0.00760	0.00549	0.00718	0.00675	0.00802	0.00506	0.00506	0.01013	0.01519	0.02153	0.77503	0.04010	0.05065	0.01097	0.00633	0.00169	0.00253	0.00971	0.00591	0.00506
14	0.84927	0.01038	0.00789	0.00706	0.01038	0.01204	0.00581	0.01578	0.00914	0.02408	0.00747	0.00872	0.00581	0.00498	0.00332	0.00166	0.00415	0.00291	0.00332	0.00581
15	0.02408	0.00914	0.01246	0.00955	0.01370	0.00789	0.00789	0.02616	0.01536	0.78158	0.02118	0.01827	0.01329	0.00664	0.00540	0.00166	0.00457	0.00540	0.00664	0.00914
16	0.02041	0.01504	0.01611	0.01235	0.01665	0.01665	0.01020	0.75997	0.02524	0.03383	0.01289	0.01289	0.00913	0.00644	0.00537	0.00161	0.00591	0.00483	0.00537	0.00913
17	0.84927	0.01038	0.00789	0.00706	0.01038	0.01204	0.00581	0.01578	0.00914	0.02408	0.00747	0.00872	0.00581	0.00498	0.00332	0.00166	0.00415	0.00291	0.00332	0.00581
18	0.02408	0.00914	0.01246	0.00955	0.01370	0.00789	0.00789	0.02616	0.01536	0.78158	0.02118	0.01827	0.01329	0.00664	0.00540	0.00166	0.00457	0.00540	0.00664	0.00914
19	0.00640	0.00544	0.00552	0.00550	0.00729	0.00456	0.00413	0.00782	0.01238	0.01484	0.08923	0.05110	0.74062	0.01347	0.00634	0.00181	0.00271	0.01125	0.00503	0.00456
20	0.00776	0.00518	0.00587	0.00591	0.00592	0.00517	0.00332	0.00779	0.00790	0.01053	0.01737	0.06316	0.02010	0.78252	0.02658	0.00509	0.00513	0.00808	0.00332	0.00329
21	0.84927	0.01038	0.00789	0.00706	0.01038	0.01204	0.00581	0.01578	0.00914	0.02408	0.00747	0.00872	0.00581	0.00498	0.00332	0.00166	0.00415	0.00291	0.00332	0.00581
22	0.00654	0.00467	0.00623	0.00747	0.00779	0.00436	0.00498	0.00747	0.01028	0.01370	0.02959	0.80785	0.03550	0.01682	0.00685	0.00218	0.00311	0.01526	0.00498	0.00436
23	0.00760	0.00549	0.00718	0.00675	0.00802	0.00506	0.00506	0.01013	0.01519	0.02153	0.77503	0.04010	0.05065	0.01097	0.00633	0.00169	0.00253	0.00971	0.00591	0.00506
24	0.84927	0.01038	0.00789	0.00706	0.01038	0.01204	0.00581	0.01578	0.00914	0.02408	0.00747	0.00872	0.00581	0.00498	0.00332	0.00166	0.00415	0.00291	0.00332	0.00581
25	0.02052	0.01342	0.01501	0.01162	0.01573	0.01443	0.00957	0.57087	0.03395	0.18300	0.01475	0.01441	0.01025	0.00787	0.03726	0.00191	0.00596	0.00500	0.00553	0.00894
26	0.00798	0.00580	0.00751	0.00753	0.00820	0.00604	0.00535	0.02720	0.01074	0.01484	0.18928	0.19087	0.02840	0.24924	0.15143	0.00409	0.03782	0.03901	0.00422	0.00447
27	0.02369	0.00935	0.01254	0.00966	0.01378	0.00826	0.00796	0.04446	0.03706	0.74137	0.02099	0.01819	0.01327	0.00666	0.00540	0.00166	0.00459	0.00540	0.00658	0.00912
28	0.00755	0.00549	0.00713	0.00688	0.00814	0.00507	0.00521	0.00996	0.01471	0.02058	0.66985	0.06973	0.08671	0.01153	0.00641	0.00176	0.00269	0.04982	0.00577	0.00500
29	0.00778	0.00530	0.00634	0.00634	0.00651	0.00547	0.00386	0.00812	0.00795	0.01077	0.01647	0.03265	0.01844	0.67540	0.16181	0.00581	0.00682	0.00744	0.00319	0.00352
30	0.00862	0.00630	0.00772	0.00745	0.00899	0.00607	0.00569	0.03505	0.07228	0.03801	0.42628	0.12512	0.15052	0.01178	0.00636	0.00183	0.00310	0.06790	0.00556	0.00539
31	0.00857	0.00573	0.00734	0.00783	0.00881	0.00554	0.00578	0.02506	0.04169	0.04436	0.02858	0.35451	0.12966	0.04350	0.00938	0.11644	0.00384	0.14410	0.00465	0.00463
32	0.01014	0.00954	0.01610	0.79845	0.03697	0.01193	0.01491	0.01371	0.01073	0.01371	0.00954	0.01431	0.00716	0.00537	0.00537	0.00179	0.00716	0.00477	0.00239	0.00596
33	0.01174	0.01174	0.01644	0.01409	0.01409	0.01644	0.01174	0.01292	0.00822	0.01292	0.00705	0.01174	0.00705	0.00940	0.01762	0.00235	0.80153	0.00470	0.00235	0.00587
34	0.01122	0.01081	0.01753	0.58025	0.22646	0.03378	0.01518	0.01464	0.01124	0.01468	0.00965	0.01392	0.00749	0.00522	0.00534	0.00173	0.00703	0.00474	0.00247	0.00662
35	0.21416	0.04487	0.01556	0.07270	0.08711	0.12770	0.07321	0.12369	0.04319	0.07039	0.01086	0.01256	0.00836	0.00734	0.04528	0.00199	0.02606	0.00434	0.00356	0.00704
36	0.00732	0.00531	0.00701	0.00801	0.00877	0.00511	0.00605	0.00878	0.01094	0.01431	0.03034	0.41605	0.10543	0.06225	0.03880	0.00266	0.00423	0.24933	0.00479	0.00452
37	0.00839	0.00657	0.00776	0.03238	0.00957	0.02818	0.00580	0.03675	0.02797	0.01788	0.34337	0.13829	0.14670	0.07930	0.02290	0.00226	0.00379	0.07208	0.00506	0.00500
38	0.39854	0.01227	0.03437	0.11979	0.16354	0.08639	0.00984	0.01564	0.01100	0.01967	0.04543	0.01365	0.03885	0.00566	0.00444	0.00165	0.00550	0.00425	0.00317	0.00637
39	0.50906	0.10619	0.03964	0.04277	0.01338	0.05910	0.00800	0.04021	0.03808	0.04260	0.00875	0.01008	0.00687	0.00542	0.00460	0.00164	0.05059	0.00340	0.00327	0.00635
40	0.56011	0.01071	0.00967	0.00825	0.01176	0.01192	0.00673	0.07461	0.10634	0.10814	0.01128	0.01160	0.00829	0.00553	0.00400	0.00165	0.00434	0.00373	0.00411	0.03726
41	0.04376	0.04756	0.11460	0.08212	0.31120	0.15493	0.04792	0.01733	0.02759	0.04051	0.03135	0.01329	0.00922	0.00567	0.00559	0.02559	0.00700	0.00454	0.00288	0.00735
42	0.15035	0.05445	0.40147	0.05175	0.06675	0.01305	0.13658	0.03456	0.01153	0.01830	0.00948	0.01159	0.00703	0.00499	0.00497	0.00168	0.00722	0.00424	0.00262	0.00740
43	0.09918	0.45368	0.10719	0.01041	0.01518	0.01823	0.01028	0.19546	0.01423	0.01937	0.00901	0.00996	0.00731	0.00513	0.00408	0.00137	0.00587	0.00347	0.00314	0.00744
44	0.00660	0.00470	0.00621	0.00740	0.00770	0.00440	0.00490	0.00749	0.01016	0.01355	0.02900	0.77242	0.03477	0.05325	0.00779	0.00232	0.00321	0.01492	0.00490	0.00431
45	0.01197	0.01380	0.12540	0.11881	0.18630	0.01165	0.26771	0.01584	0.01209	0.04644	0.01337	0.06301	0.01166	0.00645	0.00591	0.00182	0.00721	0.07033	0.00308	0.00715
46	0.01158	0.01197	0.02006	0.01596	0.01787	0.02806	0.24626	0.01392	0.00981	0.01420	0.00936	0.01396	0.00834	0.01238	0.12857	0.00309	0.42057	0.00535	0.00255	0.00615
47	0.00656	0.00543	0.00575	0.00571	0.00739	0.00462	0.00427	0.00811	0.01268	0.01567	0.17536	0.06950	0.63394	0.01324	0.00636	0.00180	0.00270	0.01116	0.00514	0.00462
48	0.18746	0.00938	0.01155	0.00906	0.01305	0.00871	0.00748	0.02410	0.01413	0.63161	0.01846	0.01638	0.01181	0.00631	0.00499	0.00166	0.00449	0.00490	0.00599	0.00848
49	0.01234	0.01322	0.02150	0.29766	0.07813	0.09262	0.26509	0.01567	0.01161	0.01497	0.00974	0.01371	0.00770	0.00639	0.02679	0.00198	0.09661	0.00518	0.00256	0.00655
50	0.00747	0.00548	0.00700	0.00662	0.00794	0.00501	0.00497	0.00989	0.01490	0.02082	0.70264	0.04126	0.12349	0.01124	0.00633	0.00170	0.00255	0.00987	0.00582	0.00501
51	0.00657	0.00543	0.00576	0.00570	0.00739	0.00462	0.00427	0.00812	0.01272	0.01572	0.18026	0.06302	0.63550	0.01319	0.00635	0.00180	0.00269	0.01111	0.00515	0.00462
52	0.03307	0.00680	0.00853	0.00769	0.00977	0.00630	0.00591	0.01483	0.04806	0.22708	0.28072	0.11274	0.12453	0.05465	0.00721	0.00197	0.00352	0.03487	0.00563	0.00611
53	0.00658	0.00479	0.00616	0.00720	0.00768	0.00442	0.00484	0.00757	0.01054	0.01388	0.04917	0.68879	0.11479	0.03713	0.00732	0.00221	0.00311	0.01452	0.00496	0.00437
54	0.02005	0.02558	0.01521	0.01383	0.01659	0.78980	0.01037	0.02143	0.01521	0.01314	0.00830	0.00968	0.00691	0.00553	0.00484	0.00138	0.00968	0.00346	0.00277	0.00622
55	0.00884	0.00606	0.00836	0.00941	0.01064	0.00594	0.00798	0.01105	0.01218	0.04290	0.02914	0.16013	0.05443	0.01477	0.00723	0.00238	0.00461	0.59395	0.00501	0.00500
56	0.18041	0.00785	0.00893	0.00782	0.01031	0.00784	0.00615	0.01651	0.07669	0.20407	0.31277	0.02746	0.05123	0.03769	0.00622	0.00183	0.00364	0.02080	0.00539	0.00640
57	0.00692	0.00547	0.00625	0.00670	0.00810	0.00488	0.00515	0.00840	0.01180	0.01455	0.04371	0.16571	0.47780	0.04557	0.00747	0.00214	0.00335	0.16658	0.00491	0.00454
58	0.84927	0.01038	0.00789	0.00706	0.01038	0.01204	0.00581	0.01578	0.00914	0.02408	0.00747	0.00872	0.00581	0.00498	0.00332	0.00166	0.00415	0.00291	0.00332	0.00581
59	0.00690	0.00497	0.00637	0.00740	0.00790	0.00472	0.00502	0.00829	0.03194	0.01404	0.02985	0.67743	0.07295	0.05072	0.00763	0.00227	0.00325	0.03191	0.02195	0.00447
60	0.00975	0.00673	0.00836	0.00852	0.00976	0.00674	0.00632	0.12696	0.01322	0.04535	0.06392	0.47726	0.02993	0.05268	0.00761	0.00223	0.00392	0.11032	0.00506	0.00534
61	0.01868	0.01442	0.01497	0.01186	0.01575	0.04363	0.00963	0.58715	0.13477	0.03034	0.01523	0.01536	0.03043	0.02535	0.00590	0.00172	0.00570	0.00521	0.00523	0.00867
62	0.01329	0.01190	0.01893	0.27550	0.35309	0.02707	0.05305	0.06890	0.02800	0.05248	0.01084	0.01387	0.00842	0.00520	0.00534	0.00164	0.00658	0.00483	0.00302	0.03804
63	0.76124	0.01045	0.00875	0.06848	0.01261	0.01216	0.00664	0.03633	0.00971	0.02355	0.00778	0.00927	0.00601	0.00505	0.00354	0.00167	0.00443	0.00310	0.00331	0.00592
64	0.00634	0.00544	0.00544	0.00544	0.00725	0.00453	0.00408	0.00770	0.01224	0.01450	0.05438	0.05166	0.77569	0.01359	0.00634	0.00181	0.00272	0.01133	0.00498	0.00453
65	0.01435	0.81458	0.02813	0.00918	0.01378	0.02124	0.00918	0.01607	0.01091	0.01263	0.00746	0.00861	0.00689	0.00459	0.00344	0.00115	0.00574	0.00287	0.00230	0.00689
66	0.02006	0.02532	0.01523	0.01379	0.01660	0.77031	0.01037	0.04006	0.01546	0.01366	0.00841	0.00976	0.00697	0.00555	0.00485	0.00139	0.00959	0.00349	0.00283	0.00630
67	0.00932	0.00466	0.00699	0.00699	0.00699	0.00466	0.00466	0.00699	0.00699	0.00932	0.00932	0.01632	0.00932	0.01865	0.02098	0.84382	0.00466	0.00466	0.00233	0.00233
68	0.81126	0.01059	0.00827	0.00730	0.01067	0.01225	0.00601	0.04990	0.00987	0.02453	0.00772	0.00891	0.00597	0.00505	0.00342	0.00166	0.00423	0.00299	0.00342	0.00597
69	0.01174	0.01174	0.01644	0.01409	0.01409	0.01644	0.01174	0.01292	0.00822	0.01292	0.00705	0.01174	0.00705	0.00940	0.01762	0.00235	0.80153	0.00470	0.00235	0.00587
70	0.00691	0.00498	0.00633	0.00703	0.00762	0.00464	0.00479	0.00807	0.01101	0.01472	0.15425	0.49874	0.10071	0.11450	0.00928	0.00245	0.00329	0.03137	0.00492	0.00437
71	0.84927	0.01038	0.00789	0.00706	0.01038	0.01204	0.00581	0.01578	0.00914	0.02408	0.00747	0.00872	0.00581	0.00498	0.00332	0.00166	0.00415	0.00291	0.00332	0.00581
72	0.84927	0.01038	0.00789	0.00706	0.01038	0.01204	0.00581	0.01578	0.00914	0.02408	0.00747	0.00872	0.00581	0.00498	0.00332	0.00166	0.00415	0.00291	0.00332	0.00581
73	0.00676	0.00476	0.00616	0.00720	0.00746	0.00450	0.00469	0.00753	0.00986	0.01314	0.02743	0.67636	0.03278	0.15202	0.01033	0.00269	0.00347	0.01399	0.00469	0.00417
74	0.00664	0.00493	0.00613	0.00697	0.00766	0.00450	0.00478	0.00774	0.01090	0.01420	0.07333	0.55902	0.19803	0.04688	0.00752	0.00220	0.00311	0.02610	0.00496	0.00440
75	0.84927	0.01038	0.00789	0.00706	0.01038	0.01204	0.00581	0.01578	0.00914	0.02408	0.00747	0.00872	0.00581	0.00498	0.00332	0.00166	0.00415	0.00291	0.00332	0.00581
76	0.84927	0.01038	0.00789	0.00706	0.01038	0.01204	0.00581	0.01578	0.00914	0.02408	0.00747	0.00872	0.00581	0.00498	0.00332	0.00166	0.00415	0.00291	0.00332	0.00581
77	0.03097	0.00770	0.00983	0.00842	0.01115	0.00715	0.00673	0.01858	0.08059	0.34834	0.25759	0.04601	0.08387	0.00921	0.00587	0.00175	0.00375	0.04942	0.00599	0.00707
78	0.08241	0.00900	0.01181	0.00920	0.01312	0.00802	0.00757	0.02444	0.01491	0.68076	0.06618	0.01892	0.01503	0.00679	0.00531	0.00166	0.00441	0.00548	0.00636	0.00865
79	0.01116	0.00757	0.00910	0.00858	0.01070	0.00763	0.00680	0.01660	0.20491	0.11769	0.22326	0.06886	0.13270	0.01077	0.00621	0.00190	0.00371	0.13997	0.00555	0.00634
80	0.02047	0.01315	0.01476	0.01140	0.01560	0.01392	0.00937	0.50361	0.07050	0.21436	0.01535	0.01459	0.01056	0.00645	0.00533	0.00160	0.00539	0.00498	0.00560	0.04302
81	0.00924	0.00466	0.00697	0.00701	0.00702	0.00465	0.00467	0.00701	0.00710	0.00946	0.00996	0.04133	0.01015	0.01859	0.02053	0.81723	0.00461	0.00500	0.00241	0.00240
82	0.00685	0.00480	0.00614	0.00708	0.00731	0.00457	0.00456	0.00756	0.00967	0.01290	0.02648	0.61842	0.03158	0.21160	0.01187	0.00292	0.00363	0.01343	0.00456	0.00409
83	0.00667	0.00489	0.00626	0.00711	0.00775	0.00448	0.00488	0.00789	0.01123	0.01493	0.13998	0.60105	0.13201	0.01557	0.00671	0.00206	0.00298	0.01396	0.00512	0.00448
84	0.81534	0.04306	0.00871	0.00715	0.01052	0.01242	0.00595	0.01579	0.00921	0.02362	0.00747	0.00872	0.00586	0.00497	0.00333	0.00164	0.00422	0.00291	0.00328	0.00586
85	0.01113	0.00954	0.01113	0.00795	0.01272	0.00716	0.00636	0.01352	0.01113	0.01749	0.00954	0.01113	0.00795	0.00398	0.00398	0.00080	0.00398	0.00318	0.00318	0.84417
86	0.02161	0.02548	0.01404	0.01077	0.02775	0.00876	0.06056	0.05072	0.01538	0.61893	0.07257	0.01906	0.01519	0.00672	0.00549	0.00166	0.00484	0.00568	0.00611	0.00866
87	0.00901	0.00473	0.00698	0.00705	0.00712	0.00476	0.00472	0.00717	0.00731	0.00978	0.01112	0.06677	0.01155	0.05056	0.05561	0.72006	0.00503	0.00550	0.00256	0.00261
88	0.01326	0.01437	0.10161	0.09393	0.38019	0.01317	0.13059	0.09368	0.03720	0.01879	0.01103	0.01434	0.00883	0.00538	0.00581	0.00170	0.02692	0.01823	0.00300	0.00796
89	0.00798	0.00626	0.00816	0.02752	0.00938	0.02180	0.00602	0.00938	0.00920	0.01253	0.03747	0.05905	0.09329	0.20834	0.42172	0.00617	0.04075	0.00715	0.00330	0.00450
90	0.06208	0.04619	0.43615	0.01704	0.06371	0.01265	0.21136	0.01653	0.01171	0.01745	0.03251	0.01366	0.02413	0.00525	0.00534	0.00171	0.00758	0.00485	0.00263	0.00747
91	0.01378	0.01038	0.01234	0.04235	0.01394	0.01153	0.00852	0.30303	0.07950	0.03427	0.01458	0.01914	0.01235	0.07344	0.23295	0.00392	0.03073	0.03152	0.00420	0.04751
92	0.06512	0.00865	0.01095	0.11021	0.01477	0.00903	0.03747	0.05472	0.15215	0.04898	0.14704	0.11546	0.10551	0.00911	0.00570	0.00176	0.00433	0.03033	0.00465	0.06407
93	0.03510	0.01252	0.01406	0.01174	0.04258	0.01334	0.00913	0.36812	0.18680	0.13498	0.01566	0.01558	0.01140	0.02636	0.00578	0.00169	0.00515	0.00508	0.00519	0.07974
94	0.13174	0.09956	0.01627	0.12290	0.14804	0.12931	0.01082	0.13546	0.03293	0.03341	0.01216	0.03260	0.03841	0.00611	0.00521	0.00160	0.02834	0.00467	0.00341	0.00705
95	0.05204	0.54995	0.10101	0.01021	0.01451	0.03728	0.01015	0.03406	0.03269	0.01446	0.00908	0.04086	0.00829	0.00561	0.00485	0.00139	0.06032	0.00375	0.00262	0.00686

[dist]
# distance from previous block
# <min> <max>
1	3

[block]
# block no. 5 follows, 45 sequences, length 11
# corresponding to MSA columns:
# 664-674
name=unknown_F
#
# <colnr> <probs for GDERKNQSTAVLIFYWHMCP>
#	G	D	E	R	K	N	Q	S	T	A	V	L	I	F	Y	W	H	M	C	P
0	0.01062	0.00896	0.01460	0.50219	0.07962	0.01025	0.02978	0.01362	0.01125	0.05639	0.05239	0.08538	0.01341	0.04133	0.00652	0.00193	0.00620	0.02418	0.00317	0.02821
1	0.00969	0.00731	0.00909	0.00808	0.01007	0.00709	0.03470	0.11547	0.03579	0.03765	0.33619	0.12591	0.21948	0.01122	0.00622	0.00177	0.00346	0.00974	0.00538	0.00569
2	0.00734	0.00520	0.00603	0.00622	0.00665	0.00505	0.00390	0.00785	0.00902	0.01178	0.02524	0.16009	0.15242	0.49580	0.07097	0.00436	0.00505	0.00947	0.00380	0.00375
3	0.01329	0.00942	0.01185	0.01222	0.11202	0.00965	0.00841	0.11648	0.16846	0.12242	0.17201	0.06536	0.09842	0.00899	0.00585	0.00177	0.00428	0.04670	0.00523	0.00720
4	0.01435	0.81458	0.02813	0.00918	0.01378	0.02124	0.00918	0.01607	0.01091	0.01263	0.00746	0.00861	0.00689	0.00459	0.00344	0.00115	0.00574	0.00287	0.00230	0.00689
5	0.01219	0.01180	0.04034	0.30229	0.10564	0.06662	0.05146	0.08850	0.06042	0.03509	0.01916	0.02092	0.14886	0.00702	0.00555	0.00172	0.00620	0.00604	0.00352	0.00667
6	0.02082	0.00970	0.01359	0.01261	0.12069	0.00847	0.00889	0.02309	0.01435	0.57102	0.01805	0.01661	0.01189	0.00602	0.00519	0.00153	0.00474	0.00501	0.00562	0.12211
7	0.12862	0.00966	0.01068	0.00783	0.01239	0.00784	0.00628	0.01383	0.01085	0.01842	0.00925	0.01079	0.00765	0.00412	0.00388	0.00092	0.00400	0.00314	0.00320	0.72665
8	0.00716	0.00604	0.00736	0.11717	0.01182	0.00573	0.00609	0.00898	0.01213	0.01496	0.09348	0.08661	0.51721	0.01254	0.00632	0.00188	0.00353	0.07150	0.00468	0.00479
9	0.02779	0.00885	0.01124	0.03335	0.14743	0.03541	0.00777	0.04152	0.04303	0.05181	0.01542	0.09363	0.01561	0.31172	0.03986	0.00323	0.03796	0.00679	0.00355	0.06404
10	0.01213	0.12328	0.01612	0.13606	0.07194	0.06431	0.05561	0.10611	0.01241	0.01608	0.01291	0.09157	0.01209	0.04897	0.17295	0.00329	0.02886	0.00587	0.00320	0.00624

[dist]
# distance from previous block
# <min> <max>
4	12

# created by:
# /st0/software/busco_prod/Augustus/scripts/msa2prfl.pl ./align_prep/150871.fa
