[name]
unknown

[dist]
# distance from previous block
# <min> <max>
38	84

[block]
# block no. 0 follows, 48 sequences, length 22
# corresponding to MSA columns:
# 131-152
name=unknown_A
#
# <colnr> <probs for GDERKNQSTAVLIFYWHMCP>
#	G	D	E	R	K	N	Q	S	T	A	V	L	I	F	Y	W	H	M	C	P
0	0.03420	0.00880	0.01296	0.40107	0.02309	0.01003	0.01059	0.05410	0.01187	0.15906	0.06965	0.04019	0.01239	0.02572	0.00638	0.00176	0.05802	0.00532	0.03441	0.02041
1	0.03188	0.01031	0.01287	0.19580	0.01832	0.01113	0.00934	0.24191	0.09400	0.13808	0.06776	0.06166	0.01365	0.00671	0.00516	0.00159	0.00503	0.00556	0.00449	0.06475
2	0.04028	0.04932	0.00972	0.03803	0.01069	0.04729	0.00625	0.14180	0.02238	0.01647	0.01844	0.30153	0.03165	0.14875	0.00939	0.02699	0.00448	0.00845	0.02114	0.04695
3	0.02761	0.00634	0.00743	0.02430	0.00906	0.00633	0.00535	0.04402	0.09621	0.04379	0.21168	0.21573	0.15513	0.07223	0.00732	0.00199	0.00329	0.00944	0.04757	0.00516
4	0.00899	0.00579	0.00690	0.00638	0.00812	0.00521	0.00486	0.02952	0.01338	0.10484	0.34589	0.07102	0.30557	0.01082	0.00583	0.00165	0.00281	0.00925	0.04800	0.00516
5	0.01391	0.00803	0.00992	0.00829	0.01088	0.00780	0.00657	0.12395	0.07196	0.23874	0.38749	0.02677	0.02946	0.00831	0.00556	0.00159	0.00358	0.00707	0.00569	0.02444
6	0.01788	0.01061	0.01221	0.00978	0.01305	0.01101	0.00784	0.35752	0.05708	0.25732	0.01679	0.07288	0.01303	0.06819	0.00675	0.00184	0.00477	0.00577	0.04794	0.00775
7	0.06468	0.00959	0.01218	0.00939	0.01334	0.00893	0.00776	0.13038	0.01573	0.64456	0.01845	0.01627	0.01178	0.00624	0.00506	0.00158	0.00453	0.00496	0.00602	0.00857
8	0.00752	0.00520	0.00679	0.00695	0.00768	0.00503	0.00489	0.00895	0.01147	0.04149	0.32369	0.35807	0.03610	0.11473	0.00912	0.00225	0.02973	0.01095	0.00487	0.00450
9	0.12649	0.01264	0.01851	0.04350	0.44860	0.04864	0.08292	0.08063	0.05603	0.01887	0.01015	0.01242	0.00813	0.00489	0.00491	0.00156	0.00606	0.00448	0.00300	0.00756
10	0.01465	0.01390	0.01873	0.02496	0.52781	0.10083	0.01367	0.15217	0.04908	0.01930	0.01045	0.01254	0.00841	0.00505	0.00505	0.00151	0.00628	0.00449	0.00314	0.00799
11	0.00627	0.00456	0.00586	0.00689	0.00733	0.00421	0.00462	0.00718	0.00993	0.01307	0.03026	0.71177	0.10954	0.04336	0.00717	0.00215	0.00301	0.01396	0.00471	0.00415
12	0.09578	0.04287	0.01398	0.01058	0.01436	0.01384	0.00872	0.47924	0.08526	0.13531	0.01402	0.03967	0.01034	0.00639	0.00494	0.00157	0.00508	0.00489	0.00501	0.00815
13	0.01062	0.10250	0.72000	0.01407	0.02135	0.01272	0.01799	0.01617	0.01079	0.01585	0.00901	0.01058	0.00651	0.00483	0.00472	0.00157	0.00738	0.00369	0.00217	0.00749
14	0.01470	0.00974	0.01116	0.00963	0.01256	0.01042	0.00763	0.08979	0.39682	0.19737	0.12360	0.03679	0.01955	0.00761	0.00539	0.00170	0.00405	0.02828	0.00551	0.00770
15	0.01196	0.17577	0.49293	0.01304	0.01929	0.01344	0.04681	0.07505	0.01204	0.03511	0.03196	0.01153	0.00814	0.00503	0.00466	0.00150	0.00676	0.00392	0.00264	0.02840
16	0.01116	0.00746	0.00980	0.00841	0.01102	0.00649	0.03758	0.04960	0.01174	0.13927	0.02052	0.33374	0.04511	0.00975	0.00541	0.00156	0.00384	0.02514	0.00443	0.25796
17	0.00766	0.00600	0.00701	0.00690	0.00804	0.03149	0.00503	0.01018	0.05171	0.01797	0.48810	0.19281	0.08997	0.04543	0.00691	0.00185	0.00296	0.00999	0.00518	0.00480
18	0.01420	0.09268	0.01318	0.00895	0.01305	0.03889	0.00734	0.08539	0.12579	0.13238	0.01254	0.01276	0.00950	0.00497	0.00431	0.00115	0.00446	0.00388	0.00394	0.41064
19	0.00685	0.00512	0.00623	0.00615	0.00729	0.00464	0.00446	0.00862	0.01271	0.01718	0.45075	0.13188	0.23252	0.07347	0.00764	0.00196	0.00273	0.01016	0.00513	0.00450
20	0.01372	0.02683	0.01227	0.00893	0.01323	0.00977	0.00725	0.20112	0.06481	0.06419	0.01127	0.01195	0.00867	0.00474	0.00429	0.00107	0.00434	0.00372	0.00387	0.52396
21	0.08540	0.04134	0.14794	0.01127	0.03953	0.05003	0.05582	0.10932	0.01281	0.08244	0.02490	0.10090	0.01131	0.00619	0.00475	0.00143	0.00533	0.00513	0.00358	0.20057

[dist]
# distance from previous block
# <min> <max>
2	10

[block]
# block no. 1 follows, 48 sequences, length 39
# corresponding to MSA columns:
# 163-201
name=unknown_B
#
# <colnr> <probs for GDERKNQSTAVLIFYWHMCP>
#	G	D	E	R	K	N	Q	S	T	A	V	L	I	F	Y	W	H	M	C	P
0	0.01542	0.01516	0.14868	0.04230	0.20870	0.08752	0.01227	0.18804	0.01514	0.13333	0.05512	0.03195	0.01128	0.00592	0.00511	0.00156	0.00605	0.00490	0.00385	0.00770
1	0.00695	0.00484	0.00578	0.00621	0.00649	0.00466	0.00389	0.00746	0.00885	0.01170	0.04173	0.31126	0.07895	0.44364	0.01693	0.00359	0.00404	0.02547	0.00390	0.00364
2	0.01072	0.00920	0.01068	0.00771	0.01221	0.00708	0.00616	0.01349	0.04136	0.01691	0.00959	0.01098	0.00792	0.00393	0.00386	0.00080	0.00381	0.00315	0.00313	0.81732
3	0.01780	0.04503	0.01485	0.01206	0.07255	0.02653	0.00919	0.41398	0.03517	0.15190	0.01282	0.01286	0.00919	0.00563	0.00484	0.00141	0.00520	0.00439	0.00465	0.13993
4	0.12846	0.27114	0.19745	0.04693	0.07799	0.01368	0.01126	0.01732	0.01120	0.16488	0.01043	0.01122	0.00774	0.00498	0.00423	0.00144	0.00566	0.00368	0.00315	0.00717
5	0.01831	0.01154	0.01325	0.01012	0.01422	0.01153	0.00829	0.36874	0.05501	0.23993	0.01427	0.01373	0.00993	0.00576	0.00487	0.00140	0.00483	0.00450	0.00504	0.18475
6	0.85592	0.00992	0.00754	0.00675	0.00992	0.01151	0.00556	0.01508	0.00873	0.02302	0.00714	0.00834	0.00556	0.00476	0.00318	0.00159	0.00397	0.00278	0.00318	0.00556
7	0.00718	0.00524	0.00675	0.00637	0.00762	0.00481	0.00478	0.00953	0.01433	0.02012	0.73558	0.03907	0.09807	0.01066	0.00605	0.00162	0.00243	0.00938	0.00559	0.00481
8	0.00733	0.00550	0.00825	0.00825	0.00916	0.00641	0.00641	0.00916	0.00825	0.01191	0.01374	0.02016	0.01283	0.03848	0.79934	0.00825	0.01374	0.00550	0.00275	0.00458
9	0.22235	0.00902	0.01086	0.00856	0.01234	0.00849	0.00707	0.02263	0.01326	0.60738	0.01711	0.01528	0.01099	0.00597	0.00469	0.00159	0.00427	0.00459	0.00559	0.00797
10	0.00710	0.00524	0.00663	0.00628	0.00756	0.00477	0.00471	0.00936	0.01414	0.01966	0.68449	0.03984	0.14946	0.01083	0.00605	0.00163	0.00245	0.00949	0.00553	0.00477
11	0.00735	0.00540	0.00776	0.00776	0.00851	0.00615	0.00581	0.00885	0.00810	0.01155	0.01419	0.02260	0.01389	0.18075	0.65853	0.00765	0.01215	0.00586	0.00281	0.00431
12	0.01394	0.79060	0.02639	0.00896	0.01328	0.05168	0.00883	0.01557	0.01059	0.01209	0.00717	0.00827	0.00659	0.00443	0.00335	0.00111	0.00564	0.00277	0.00221	0.00656
13	0.04482	0.04574	0.03765	0.02100	0.36281	0.04905	0.09222	0.12630	0.03511	0.04544	0.01046	0.01238	0.00823	0.00488	0.00491	0.00147	0.00606	0.00444	0.00318	0.08385
14	0.01810	0.08851	0.08329	0.01179	0.01540	0.37760	0.00999	0.13811	0.01539	0.14290	0.04316	0.01234	0.00967	0.00570	0.00476	0.00142	0.00713	0.00406	0.00368	0.00699
15	0.55420	0.18760	0.05522	0.00812	0.01182	0.04556	0.00736	0.05099	0.01017	0.02030	0.00753	0.00867	0.00602	0.00478	0.00344	0.00147	0.00479	0.00293	0.00298	0.00605
16	0.02970	0.29832	0.37774	0.01234	0.05043	0.01422	0.01341	0.01543	0.01101	0.03106	0.07410	0.01243	0.01025	0.00529	0.00468	0.00145	0.02463	0.00395	0.00260	0.00697
17	0.00640	0.00460	0.00609	0.00711	0.00755	0.00429	0.00486	0.00748	0.01035	0.01384	0.09489	0.70449	0.05469	0.01545	0.00651	0.00204	0.00297	0.03732	0.00484	0.00425
18	0.01211	0.01384	0.03028	0.02163	0.02682	0.01298	0.76903	0.01644	0.01211	0.01644	0.01038	0.01384	0.00779	0.00433	0.00606	0.00173	0.00865	0.00606	0.00260	0.00692
19	0.00745	0.00502	0.00582	0.00582	0.00590	0.00510	0.00339	0.00761	0.00753	0.01012	0.01596	0.03244	0.01816	0.75356	0.09155	0.00525	0.00572	0.00730	0.00308	0.00323
20	0.00658	0.00519	0.00594	0.00582	0.00727	0.00454	0.00434	0.00834	0.01282	0.01668	0.36246	0.07847	0.43917	0.01207	0.00608	0.00170	0.00254	0.01034	0.00514	0.00454
21	0.85592	0.00992	0.00754	0.00675	0.00992	0.01151	0.00556	0.01508	0.00873	0.02302	0.00714	0.00834	0.00556	0.00476	0.00318	0.00159	0.00397	0.00278	0.00318	0.00556
22	0.00616	0.00505	0.00544	0.00566	0.00707	0.00432	0.00412	0.00743	0.01144	0.01403	0.08246	0.20862	0.59337	0.01352	0.00616	0.00180	0.00267	0.01154	0.00481	0.00432
23	0.01866	0.01395	0.01492	0.01163	0.01559	0.01552	0.00955	0.67698	0.11909	0.03097	0.01340	0.01318	0.00960	0.00626	0.00514	0.00157	0.00545	0.00477	0.00514	0.00865
24	0.00981	0.00924	0.01561	0.77630	0.06544	0.01143	0.01431	0.01322	0.01032	0.01326	0.00914	0.01364	0.00689	0.00511	0.00513	0.00170	0.00681	0.00456	0.00229	0.00580
25	0.01819	0.05214	0.01514	0.08015	0.01741	0.64116	0.01023	0.07924	0.01479	0.01416	0.00835	0.00983	0.00680	0.00531	0.00466	0.00136	0.00862	0.00349	0.00279	0.00617
26	0.00644	0.00518	0.00574	0.00566	0.00718	0.00448	0.00422	0.00806	0.01248	0.01588	0.27488	0.07690	0.53017	0.01235	0.00608	0.00171	0.00256	0.01051	0.00503	0.00448
27	0.07536	0.00950	0.01293	0.10887	0.01633	0.00916	0.03245	0.08570	0.01446	0.55540	0.01702	0.01585	0.01101	0.00601	0.00505	0.00160	0.00489	0.00491	0.00541	0.00809
28	0.06947	0.00961	0.01216	0.00938	0.01332	0.00897	0.00775	0.13175	0.01571	0.63870	0.01836	0.01621	0.01173	0.00623	0.00504	0.00158	0.00453	0.00495	0.00600	0.00855
29	0.01920	0.01422	0.01523	0.01174	0.01580	0.01577	0.00968	0.73703	0.05815	0.03185	0.01271	0.01263	0.00904	0.00620	0.00514	0.00155	0.00557	0.00467	0.00514	0.00870
30	0.00691	0.00515	0.00643	0.00629	0.00750	0.00466	0.00465	0.00894	0.01343	0.01840	0.55469	0.12985	0.19094	0.01162	0.00611	0.00169	0.00252	0.01019	0.00537	0.00466
31	0.01263	0.04312	0.10921	0.01020	0.01323	0.00907	0.07242	0.11725	0.03383	0.15210	0.04823	0.21161	0.02983	0.10382	0.00796	0.00210	0.00497	0.00771	0.00433	0.00635
32	0.13447	0.01168	0.01224	0.01002	0.01344	0.03974	0.00810	0.28961	0.17196	0.17007	0.04916	0.01542	0.01227	0.00735	0.02995	0.00180	0.00509	0.00489	0.00497	0.00776
33	0.01123	0.01123	0.01572	0.01347	0.01347	0.01572	0.01123	0.01235	0.00786	0.01235	0.00674	0.01123	0.00674	0.00898	0.01684	0.00225	0.81028	0.00449	0.00225	0.00561
34	0.01062	0.00909	0.01492	0.27077	0.21704	0.00976	0.05593	0.04683	0.01122	0.03163	0.02630	0.14334	0.01353	0.00826	0.00673	0.07203	0.00568	0.03719	0.00313	0.00601
35	0.01288	0.01286	0.01937	0.16868	0.51488	0.08480	0.04735	0.03233	0.02772	0.01613	0.00972	0.01273	0.00791	0.00481	0.00509	0.00155	0.00658	0.00454	0.00262	0.00745
36	0.01676	0.04866	0.04819	0.01513	0.16244	0.01417	0.01084	0.44486	0.07020	0.06047	0.01281	0.01434	0.00976	0.02468	0.00557	0.00163	0.00560	0.02127	0.00439	0.00821
37	0.00712	0.00515	0.00673	0.00661	0.00770	0.00476	0.00490	0.00929	0.01370	0.01920	0.63853	0.15308	0.06078	0.01146	0.00615	0.00171	0.00257	0.03035	0.00548	0.00473
38	0.01095	0.00930	0.01081	0.00775	0.01229	0.00716	0.00621	0.03948	0.01111	0.01727	0.00923	0.01070	0.00764	0.00388	0.00385	0.00079	0.00386	0.00310	0.00311	0.82151

[dist]
# distance from previous block
# <min> <max>
0	1

[block]
# block no. 2 follows, 48 sequences, length 13
# corresponding to MSA columns:
# 203-215
name=unknown_C
#
# <colnr> <probs for GDERKNQSTAVLIFYWHMCP>
#	G	D	E	R	K	N	Q	S	T	A	V	L	I	F	Y	W	H	M	C	P
0	0.01155	0.23388	0.44164	0.01343	0.01936	0.03781	0.09301	0.01583	0.01105	0.01514	0.03854	0.01148	0.00828	0.00501	0.00487	0.00150	0.02424	0.00396	0.00237	0.00705
1	0.00631	0.00449	0.00594	0.00707	0.00735	0.00421	0.00468	0.00716	0.00971	0.01295	0.02769	0.77841	0.03320	0.05500	0.00750	0.00222	0.00307	0.01424	0.00468	0.00412
2	0.00956	0.00478	0.00478	0.00478	0.00598	0.00478	0.00359	0.01196	0.01076	0.01913	0.01674	0.01913	0.01315	0.00598	0.00359	0.00120	0.00239	0.00478	0.84816	0.00478
3	0.19096	0.00909	0.00988	0.00824	0.01091	0.00972	0.00661	0.17304	0.01365	0.19057	0.03457	0.01616	0.01151	0.05908	0.02780	0.00193	0.04513	0.00471	0.16987	0.00656
4	0.01971	0.01404	0.01520	0.01165	0.01575	0.01543	0.00962	0.72728	0.02358	0.07639	0.01278	0.01262	0.00896	0.00617	0.00513	0.00154	0.00557	0.00465	0.00520	0.00873
5	0.00800	0.00542	0.00703	0.00652	0.00790	0.00495	0.00493	0.01034	0.01438	0.05940	0.70721	0.03785	0.08569	0.01041	0.00601	0.00162	0.00253	0.00915	0.00564	0.00501
6	0.01255	0.01204	0.02056	0.06948	0.75083	0.01215	0.01567	0.01562	0.01161	0.01658	0.00963	0.01275	0.00806	0.00460	0.00508	0.00153	0.00613	0.00457	0.00253	0.00801
7	0.00802	0.00538	0.00697	0.00650	0.00771	0.00498	0.00480	0.01018	0.01383	0.05580	0.67206	0.03687	0.04376	0.09122	0.00802	0.00195	0.00277	0.00890	0.00543	0.00485
8	0.62321	0.01057	0.00912	0.00776	0.01112	0.03820	0.00636	0.07525	0.01112	0.15198	0.00976	0.01020	0.00703	0.00515	0.00371	0.00157	0.00435	0.00334	0.00384	0.00635
9	0.00674	0.00509	0.00623	0.00624	0.00742	0.00457	0.00457	0.00856	0.01286	0.01731	0.43924	0.18771	0.25027	0.01224	0.00615	0.00174	0.00257	0.01071	0.00524	0.00457
10	0.00888	0.00606	0.00770	0.00696	0.00862	0.00563	0.00535	0.04817	0.01467	0.06465	0.62405	0.03574	0.06914	0.00998	0.00590	0.00160	0.00282	0.03017	0.00550	0.03841
11	0.03665	0.61480	0.17611	0.01003	0.01495	0.04698	0.01073	0.01572	0.01061	0.01321	0.00757	0.00878	0.00654	0.00453	0.00365	0.00122	0.00599	0.00297	0.00223	0.00673
12	0.04497	0.08123	0.55437	0.01349	0.01988	0.07977	0.03555	0.01726	0.01140	0.08188	0.00984	0.01106	0.00704	0.00498	0.00473	0.00156	0.00719	0.00381	0.00262	0.00737

[dist]
# distance from previous block
# <min> <max>
0	2

[block]
# block no. 3 follows, 48 sequences, length 39
# corresponding to MSA columns:
# 218-256
name=unknown_D
#
# <colnr> <probs for GDERKNQSTAVLIFYWHMCP>
#	G	D	E	R	K	N	Q	S	T	A	V	L	I	F	Y	W	H	M	C	P
0	0.01174	0.00909	0.01075	0.00774	0.01224	0.00690	0.00621	0.01400	0.01100	0.08569	0.01011	0.01125	0.00805	0.00403	0.00392	0.00083	0.00385	0.00323	0.00333	0.77603
1	0.01392	0.73680	0.06001	0.00929	0.01374	0.05070	0.00930	0.03346	0.01093	0.01275	0.00738	0.00848	0.00663	0.00449	0.00346	0.00114	0.00573	0.00286	0.00228	0.00665
2	0.01056	0.01001	0.01697	0.58222	0.25364	0.01163	0.01468	0.01388	0.01067	0.01417	0.00927	0.01340	0.00721	0.00497	0.00512	0.00166	0.00662	0.00456	0.00236	0.00640
3	0.01558	0.01202	0.09052	0.01049	0.01419	0.01125	0.00907	0.06854	0.43074	0.23151	0.03700	0.01790	0.01430	0.00662	0.00518	0.00167	0.00455	0.00544	0.00523	0.00819
4	0.01636	0.00801	0.01030	0.00844	0.01135	0.00750	0.00676	0.06713	0.07337	0.40793	0.29405	0.02475	0.02548	0.00787	0.00548	0.00161	0.00373	0.00665	0.00594	0.00729
5	0.00625	0.00447	0.00595	0.00714	0.00744	0.00417	0.00476	0.00714	0.00982	0.01310	0.02828	0.81633	0.03394	0.01608	0.00655	0.00208	0.00298	0.01459	0.00476	0.00417
6	0.01296	0.01144	0.01169	0.01053	0.01342	0.03717	0.00818	0.02706	0.75469	0.02119	0.02048	0.01884	0.01538	0.00691	0.00520	0.00173	0.00422	0.00572	0.00514	0.00805
7	0.01329	0.11228	0.21299	0.01646	0.02153	0.15687	0.32268	0.03482	0.01223	0.01546	0.00923	0.01152	0.00711	0.00480	0.00543	0.00157	0.02781	0.00455	0.00250	0.00688
8	0.02261	0.00940	0.01232	0.00944	0.01343	0.00853	0.00780	0.11262	0.01580	0.70204	0.01931	0.01686	0.01223	0.00633	0.00516	0.00158	0.00452	0.00510	0.00621	0.00873
9	0.00891	0.00446	0.00668	0.00668	0.00668	0.00446	0.00446	0.00668	0.00668	0.00891	0.00891	0.01560	0.00891	0.01783	0.02005	0.85071	0.00446	0.00446	0.00223	0.00223
10	0.01249	0.01197	0.02044	0.08673	0.73410	0.01214	0.01564	0.01556	0.01158	0.01650	0.00961	0.01277	0.00804	0.00461	0.00508	0.00154	0.00615	0.00457	0.00252	0.00795
11	0.01820	0.01476	0.07035	0.01180	0.01597	0.01509	0.01020	0.67822	0.02242	0.03019	0.01255	0.03333	0.00932	0.00712	0.02472	0.00173	0.00591	0.00484	0.00485	0.00842
12	0.00891	0.00446	0.00668	0.00668	0.00668	0.00446	0.00446	0.00668	0.00668	0.00891	0.00891	0.01560	0.00891	0.01783	0.02005	0.85071	0.00446	0.00446	0.00223	0.00223
13	0.00769	0.00561	0.00752	0.00844	0.00960	0.00544	0.00708	0.00976	0.01178	0.01529	0.08445	0.13736	0.12915	0.01396	0.00682	0.00220	0.00410	0.52433	0.00480	0.00462
14	0.01056	0.02465	0.67963	0.01567	0.02289	0.01207	0.13052	0.01628	0.01102	0.01628	0.00938	0.01128	0.00669	0.00479	0.00505	0.00164	0.00774	0.00413	0.00223	0.00748
15	0.01029	0.02654	0.79309	0.01462	0.02221	0.01192	0.01896	0.01625	0.01083	0.01625	0.00921	0.01083	0.00650	0.00487	0.00487	0.00162	0.00758	0.00379	0.00217	0.00758
16	0.01035	0.00994	0.01410	0.03363	0.01313	0.01360	0.01027	0.01168	0.00801	0.01228	0.00830	0.01321	0.00805	0.01521	0.18452	0.00352	0.61773	0.00471	0.00235	0.00539
17	0.00621	0.00518	0.00543	0.00549	0.00710	0.00440	0.00411	0.00759	0.01180	0.01433	0.10235	0.08869	0.67622	0.01300	0.00611	0.00176	0.00266	0.02837	0.00483	0.00437
18	0.04582	0.01466	0.17158	0.01742	0.24505	0.04594	0.02442	0.06415	0.07341	0.22663	0.01330	0.01380	0.00950	0.00543	0.00500	0.00158	0.00584	0.00458	0.00388	0.00801
19	0.01584	0.00844	0.01117	0.00908	0.01206	0.00806	0.04047	0.06658	0.11009	0.35983	0.23184	0.02422	0.04333	0.02777	0.00600	0.00170	0.00403	0.00659	0.00565	0.00724
20	0.05110	0.01181	0.01183	0.01043	0.01342	0.05404	0.00816	0.09869	0.59520	0.03684	0.03923	0.01796	0.01488	0.00678	0.00511	0.00169	0.00445	0.00550	0.00502	0.00788
21	0.85592	0.00992	0.00754	0.00675	0.00992	0.01151	0.00556	0.01508	0.00873	0.02302	0.00714	0.00834	0.00556	0.00476	0.00318	0.00159	0.00397	0.00278	0.00318	0.00556
22	0.01281	0.01376	0.07553	0.02949	0.69904	0.04697	0.01572	0.01599	0.01175	0.01654	0.00954	0.01241	0.00794	0.00463	0.00505	0.00152	0.00634	0.00446	0.00252	0.00799
23	0.00935	0.00573	0.00737	0.00668	0.00835	0.00516	0.00511	0.01157	0.01419	0.12930	0.58419	0.03675	0.13590	0.01022	0.00593	0.00163	0.00272	0.00889	0.00564	0.00533
24	0.01064	0.00912	0.01064	0.00760	0.01216	0.00684	0.00608	0.01292	0.01064	0.01672	0.00912	0.01064	0.00760	0.00380	0.00380	0.00076	0.00380	0.00304	0.00304	0.85104
25	0.01102	0.00911	0.01068	0.00765	0.01219	0.00686	0.00612	0.01329	0.01076	0.04049	0.00946	0.01085	0.00776	0.00388	0.00384	0.00079	0.00382	0.00311	0.00314	0.82519
26	0.85592	0.00992	0.00754	0.00675	0.00992	0.01151	0.00556	0.01508	0.00873	0.02302	0.00714	0.00834	0.00556	0.00476	0.00318	0.00159	0.00397	0.00278	0.00318	0.00556
27	0.01917	0.02445	0.01454	0.01322	0.01586	0.79907	0.00991	0.02049	0.01454	0.01256	0.00793	0.00925	0.00661	0.00529	0.00463	0.00132	0.00925	0.00330	0.00264	0.00595
28	0.00991	0.01858	0.45209	0.01490	0.10552	0.01020	0.06505	0.01451	0.01197	0.01743	0.20917	0.01833	0.01757	0.00625	0.00528	0.00162	0.00616	0.00544	0.00313	0.00689
29	0.01746	0.01252	0.01544	0.01176	0.01589	0.01297	0.08617	0.41816	0.09545	0.13556	0.01371	0.01368	0.00975	0.00578	0.00507	0.00149	0.00538	0.00476	0.00479	0.11418
30	0.85592	0.00992	0.00754	0.00675	0.00992	0.01151	0.00556	0.01508	0.00873	0.02302	0.00714	0.00834	0.00556	0.00476	0.00318	0.00159	0.00397	0.00278	0.00318	0.00556
31	0.01917	0.02445	0.01454	0.01322	0.01586	0.79907	0.00991	0.02049	0.01454	0.01256	0.00793	0.00925	0.00661	0.00529	0.00463	0.00132	0.00925	0.00330	0.00264	0.00595
32	0.04620	0.01459	0.01279	0.01113	0.01399	0.23627	0.00872	0.09055	0.28241	0.12982	0.01476	0.01467	0.01106	0.00754	0.03541	0.00185	0.05197	0.00470	0.00431	0.00728
33	0.01253	0.01082	0.01138	0.01026	0.01312	0.01246	0.00797	0.02656	0.75128	0.02120	0.02198	0.02021	0.04289	0.00717	0.00525	0.00174	0.00401	0.00598	0.00520	0.00799
34	0.00882	0.00449	0.00661	0.00661	0.00661	0.00449	0.00437	0.00674	0.00674	0.00898	0.00940	0.01680	0.00956	0.07144	0.02046	0.79416	0.00449	0.00466	0.00229	0.00229
35	0.00807	0.00595	0.00731	0.00691	0.00832	0.00578	0.00519	0.01164	0.10198	0.03143	0.55718	0.05236	0.09927	0.04876	0.00693	0.00182	0.00284	0.02773	0.00538	0.00514
36	0.11648	0.01034	0.01461	0.41977	0.14081	0.03902	0.01207	0.05023	0.01160	0.10567	0.01049	0.01320	0.00775	0.00521	0.00484	0.00162	0.00603	0.00437	0.01935	0.00653
37	0.01215	0.01184	0.04120	0.20482	0.04172	0.01124	0.39194	0.01578	0.01165	0.08251	0.01118	0.03274	0.00856	0.00493	0.00548	0.00161	0.00713	0.00542	0.00293	0.09515
38	0.01246	0.00989	0.01307	0.03129	0.10315	0.00866	0.04221	0.01645	0.10749	0.09688	0.01186	0.01287	0.00919	0.00460	0.00440	0.00112	0.00445	0.00395	0.00356	0.50245

[dist]
# distance from previous block
# <min> <max>
1	5

[block]
# block no. 4 follows, 48 sequences, length 35
# corresponding to MSA columns:
# 262-296
name=unknown_E
#
# <colnr> <probs for GDERKNQSTAVLIFYWHMCP>
#	G	D	E	R	K	N	Q	S	T	A	V	L	I	F	Y	W	H	M	C	P
0	0.01250	0.01189	0.01982	0.02912	0.71072	0.01166	0.01479	0.01547	0.01158	0.01676	0.00960	0.01250	0.00808	0.00450	0.00495	0.00145	0.00587	0.00442	0.00259	0.09176
1	0.01383	0.00981	0.01148	0.00853	0.01284	0.00841	0.00688	0.10882	0.05731	0.14284	0.01197	0.01243	0.00902	0.00468	0.00426	0.00104	0.00413	0.00373	0.00395	0.56402
2	0.01315	0.69152	0.15318	0.00974	0.01466	0.01892	0.01046	0.01551	0.01049	0.01276	0.00748	0.00866	0.00657	0.00447	0.00355	0.00118	0.00583	0.00292	0.00219	0.00675
3	0.00622	0.00458	0.00584	0.00684	0.00736	0.00419	0.00463	0.00718	0.01012	0.01322	0.03198	0.69655	0.15132	0.01559	0.00647	0.00203	0.00292	0.01400	0.00476	0.00419
4	0.01027	0.00971	0.01643	0.65873	0.17945	0.01155	0.01454	0.01362	0.01053	0.01381	0.00922	0.01349	0.00709	0.00502	0.00512	0.00167	0.00670	0.00456	0.00233	0.00616
5	0.00625	0.00449	0.00593	0.00708	0.00742	0.00417	0.00473	0.00715	0.00989	0.01312	0.02910	0.78990	0.05983	0.01597	0.00653	0.00207	0.00296	0.01446	0.00476	0.00417
6	0.01263	0.01087	0.01150	0.01041	0.01326	0.01256	0.00813	0.02677	0.75566	0.02128	0.02107	0.02029	0.01607	0.00718	0.00528	0.00176	0.00408	0.02797	0.00521	0.00802
7	0.01057	0.00912	0.01099	0.06584	0.01385	0.00717	0.00667	0.01293	0.01061	0.01646	0.00912	0.01086	0.00754	0.00390	0.00390	0.00083	0.00402	0.00315	0.00298	0.78948
8	0.85592	0.00992	0.00754	0.00675	0.00992	0.01151	0.00556	0.01508	0.00873	0.02302	0.00714	0.00834	0.00556	0.00476	0.00318	0.00159	0.00397	0.00278	0.00318	0.00556
9	0.01086	0.00919	0.01469	0.66135	0.03123	0.01078	0.01292	0.02749	0.01085	0.06651	0.00993	0.01362	0.00734	0.00510	0.00500	0.00161	0.00636	0.00445	0.00268	0.08804
10	0.01211	0.01270	0.01559	0.01344	0.01374	0.10287	0.01108	0.01325	0.00860	0.01237	0.00687	0.01101	0.00672	0.00857	0.01548	0.00214	0.72117	0.00436	0.00229	0.00565
11	0.00744	0.00541	0.00704	0.00671	0.00796	0.00508	0.00511	0.01013	0.03131	0.02030	0.72554	0.03900	0.04663	0.01062	0.00609	0.00166	0.00259	0.05090	0.00559	0.00491
12	0.01208	0.01458	0.10095	0.02116	0.12525	0.01275	0.52346	0.01738	0.08633	0.01695	0.01119	0.01391	0.00847	0.00467	0.00573	0.00169	0.00777	0.00562	0.00280	0.00726
13	0.00625	0.00447	0.00595	0.00714	0.00744	0.00417	0.00476	0.00714	0.00982	0.01310	0.02828	0.81633	0.03394	0.01608	0.00655	0.00208	0.00298	0.01459	0.00476	0.00417
14	0.01377	0.01202	0.01201	0.01068	0.01363	0.06600	0.00835	0.08052	0.64048	0.03552	0.01951	0.01882	0.01480	0.00694	0.00522	0.00171	0.00455	0.02246	0.00505	0.00795
15	0.00708	0.00519	0.00664	0.00638	0.00758	0.00475	0.00474	0.00929	0.01393	0.01942	0.66274	0.09189	0.11901	0.01111	0.00609	0.00166	0.00248	0.00979	0.00550	0.00475
16	0.01086	0.00925	0.01076	0.00770	0.01225	0.00706	0.00617	0.03162	0.01097	0.01711	0.00920	0.01068	0.00763	0.00386	0.00383	0.00078	0.00385	0.00308	0.00309	0.83025
17	0.00624	0.00451	0.00590	0.00701	0.00741	0.00418	0.00470	0.00716	0.00995	0.01315	0.02989	0.76438	0.08484	0.01587	0.00652	0.00206	0.00295	0.01433	0.00476	0.00418
18	0.01000	0.02447	0.71675	0.01383	0.02080	0.01123	0.01759	0.01561	0.01119	0.01667	0.08453	0.01350	0.01057	0.00542	0.00499	0.00162	0.00708	0.00432	0.00250	0.00732
19	0.01212	0.17498	0.38394	0.01430	0.02013	0.04159	0.15963	0.01745	0.08023	0.03337	0.01029	0.01175	0.00773	0.00491	0.00483	0.00154	0.00706	0.00422	0.00264	0.00728
20	0.00625	0.00447	0.00595	0.00714	0.00744	0.00417	0.00476	0.00714	0.00982	0.01310	0.02828	0.81633	0.03394	0.01608	0.00655	0.00208	0.00298	0.01459	0.00476	0.00417
21	0.00610	0.00518	0.00525	0.00527	0.00696	0.00434	0.00394	0.00741	0.01172	0.01400	0.06849	0.06510	0.75282	0.01300	0.00607	0.00174	0.00260	0.01087	0.00479	0.00434
22	0.03568	0.76775	0.04019	0.00894	0.01332	0.03867	0.00891	0.01550	0.01049	0.01245	0.00719	0.00831	0.00656	0.00443	0.00335	0.00113	0.00558	0.00278	0.00223	0.00656
23	0.01086	0.01071	0.01925	0.47367	0.17867	0.01191	0.16331	0.01478	0.03811	0.01477	0.00989	0.01372	0.00759	0.00493	0.00531	0.00168	0.00695	0.00490	0.00250	0.00650
24	0.00649	0.00464	0.00618	0.00711	0.00759	0.00434	0.00490	0.00768	0.01067	0.01441	0.15296	0.66196	0.03617	0.01509	0.00649	0.00202	0.00295	0.03916	0.00491	0.00430
25	0.00726	0.00524	0.00686	0.00646	0.00767	0.00484	0.00484	0.00968	0.01452	0.02058	0.78496	0.03833	0.04841	0.01049	0.00605	0.00161	0.00242	0.00928	0.00565	0.00484
26	0.01270	0.01219	0.02083	0.03149	0.78767	0.01219	0.01575	0.01575	0.01168	0.01676	0.00965	0.01270	0.00813	0.00457	0.00508	0.00152	0.00610	0.00457	0.00254	0.00813
27	0.09277	0.10223	0.62775	0.01342	0.02022	0.01271	0.03087	0.01605	0.01061	0.01650	0.00883	0.01039	0.00644	0.00481	0.00458	0.00157	0.00705	0.00363	0.00228	0.00728
28	0.01687	0.01949	0.01357	0.01334	0.07569	0.54922	0.00940	0.07234	0.01432	0.01499	0.01062	0.06537	0.00937	0.00609	0.00473	0.00139	0.00765	0.00441	0.08505	0.00609
29	0.01250	0.01272	0.05631	0.04709	0.63864	0.01224	0.03470	0.01684	0.08607	0.01710	0.01073	0.01329	0.00874	0.00483	0.00511	0.00156	0.00605	0.00469	0.00278	0.00801
30	0.02988	0.00537	0.00679	0.00640	0.00769	0.00499	0.00481	0.00971	0.01423	0.02031	0.72765	0.03808	0.08400	0.01046	0.00598	0.00162	0.00247	0.00918	0.00554	0.00484
31	0.00723	0.00524	0.00681	0.00642	0.00765	0.00483	0.00482	0.00962	0.01445	0.02039	0.76512	0.03863	0.06837	0.01056	0.00605	0.00162	0.00243	0.00932	0.00562	0.00483
32	0.02213	0.00876	0.01177	0.00913	0.01298	0.00774	0.00751	0.02475	0.05274	0.73439	0.03860	0.01805	0.01370	0.00648	0.00518	0.00160	0.00430	0.00529	0.00628	0.00861
33	0.00746	0.00497	0.00560	0.00560	0.00560	0.00497	0.00311	0.00746	0.00746	0.00995	0.01617	0.03358	0.01865	0.81967	0.02612	0.00497	0.00497	0.00746	0.00311	0.00311
34	0.00618	0.00520	0.00536	0.00532	0.00700	0.00438	0.00399	0.00759	0.01197	0.01451	0.12315	0.04831	0.71401	0.01275	0.00606	0.00172	0.00258	0.01068	0.00485	0.00438

[dist]
# distance from previous block
# <min> <max>
0	12

[block]
# block no. 5 follows, 48 sequences, length 83
# corresponding to MSA columns:
# 309-391
name=unknown_F
#
# <colnr> <probs for GDERKNQSTAVLIFYWHMCP>
#	G	D	E	R	K	N	Q	S	T	A	V	L	I	F	Y	W	H	M	C	P
0	0.01270	0.01219	0.02083	0.03149	0.78767	0.01219	0.01575	0.01575	0.01168	0.01676	0.00965	0.01270	0.00813	0.00457	0.00508	0.00152	0.00610	0.00457	0.00254	0.00813
1	0.85592	0.00992	0.00754	0.00675	0.00992	0.01151	0.00556	0.01508	0.00873	0.02302	0.00714	0.00834	0.00556	0.00476	0.00318	0.00159	0.00397	0.00278	0.00318	0.00556
2	0.01829	0.01373	0.01472	0.01146	0.01543	0.01514	0.00939	0.64519	0.11900	0.03032	0.01327	0.01311	0.00956	0.00616	0.00509	0.00153	0.00537	0.00470	0.00506	0.04347
3	0.00969	0.00912	0.01539	0.80734	0.03534	0.01140	0.01425	0.01311	0.01026	0.01311	0.00912	0.01368	0.00684	0.00513	0.00513	0.00171	0.00684	0.00456	0.00228	0.00570
4	0.01850	0.01425	0.01481	0.01166	0.01553	0.04441	0.00952	0.63284	0.13537	0.03000	0.01342	0.01322	0.00967	0.00625	0.00513	0.00156	0.00555	0.00475	0.00505	0.00853
5	0.02255	0.00949	0.01238	0.00949	0.01348	0.00867	0.00784	0.12536	0.01596	0.68908	0.01918	0.01677	0.01217	0.00632	0.00516	0.00158	0.00454	0.00509	0.00619	0.00873
6	0.01064	0.00912	0.01064	0.00760	0.01216	0.00684	0.00608	0.01292	0.01064	0.01672	0.00912	0.01064	0.00760	0.00380	0.00380	0.00076	0.00380	0.00304	0.00304	0.85104
7	0.00999	0.01022	0.02072	0.01605	0.01937	0.00962	0.46030	0.01310	0.01143	0.01536	0.01749	0.24645	0.01783	0.00885	0.00632	0.00191	0.00657	0.09910	0.00347	0.00587
8	0.00956	0.00478	0.00478	0.00478	0.00598	0.00478	0.00359	0.01196	0.01076	0.01913	0.01674	0.01913	0.01315	0.00598	0.00359	0.00120	0.00239	0.00478	0.84816	0.00478
9	0.85592	0.00992	0.00754	0.00675	0.00992	0.01151	0.00556	0.01508	0.00873	0.02302	0.00714	0.00834	0.00556	0.00476	0.00318	0.00159	0.00397	0.00278	0.00318	0.00556
10	0.00746	0.00497	0.00560	0.00560	0.00560	0.00497	0.00311	0.00746	0.00746	0.00995	0.01617	0.03358	0.01865	0.81967	0.02612	0.00497	0.00497	0.00746	0.00311	0.00311
11	0.01951	0.01437	0.01540	0.01181	0.01591	0.01591	0.00975	0.77056	0.02412	0.03234	0.01232	0.01232	0.00873	0.00616	0.00513	0.00154	0.00565	0.00462	0.00513	0.00873
12	0.01200	0.01351	0.02843	0.02059	0.02513	0.01332	0.67315	0.01592	0.01157	0.01592	0.00992	0.01351	0.00765	0.00491	0.00742	0.00180	0.11008	0.00586	0.00255	0.00675
13	0.00991	0.00934	0.01578	0.75174	0.08925	0.01146	0.01436	0.01330	0.01036	0.01337	0.00916	0.01361	0.00693	0.00509	0.00513	0.00170	0.00679	0.00456	0.00230	0.00587
14	0.00726	0.00524	0.00686	0.00646	0.00767	0.00484	0.00484	0.00968	0.01452	0.02058	0.78496	0.03833	0.04841	0.01049	0.00605	0.00161	0.00242	0.00928	0.00565	0.00484
15	0.00683	0.00513	0.00633	0.00623	0.00745	0.00463	0.00459	0.00878	0.01322	0.01794	0.50500	0.13954	0.23186	0.01183	0.00612	0.00170	0.00254	0.01034	0.00531	0.00463
16	0.58020	0.01006	0.00909	0.00781	0.01112	0.01122	0.00638	0.05013	0.10772	0.14654	0.01120	0.01134	0.00812	0.00536	0.00384	0.00160	0.00412	0.00362	0.00403	0.00652
17	0.00622	0.00525	0.00541	0.00549	0.00718	0.00444	0.00420	0.00759	0.01170	0.01396	0.05028	0.04996	0.73367	0.01308	0.00613	0.00178	0.00274	0.06180	0.00476	0.00436
18	0.00625	0.00447	0.00595	0.00714	0.00744	0.00417	0.00476	0.00714	0.00982	0.01310	0.02828	0.81633	0.03394	0.01608	0.00655	0.00208	0.00298	0.01459	0.00476	0.00417
19	0.01181	0.04327	0.64993	0.01427	0.02098	0.14024	0.01727	0.01692	0.01143	0.01556	0.00896	0.01052	0.00652	0.00493	0.00480	0.00156	0.00781	0.00369	0.00224	0.00730
20	0.01803	0.01603	0.14145	0.01239	0.03411	0.06253	0.01103	0.45349	0.05019	0.13000	0.01289	0.01286	0.00903	0.00592	0.00507	0.00155	0.00596	0.00452	0.00460	0.00833
21	0.01213	0.01784	0.27476	0.01647	0.02104	0.06079	0.27337	0.01598	0.01094	0.04328	0.00936	0.01210	0.00723	0.00572	0.00806	0.00179	0.19504	0.00475	0.00251	0.00684
22	0.82116	0.00980	0.00762	0.00679	0.00994	0.01129	0.00558	0.01518	0.00898	0.03885	0.02349	0.00914	0.00659	0.00491	0.00328	0.00159	0.00395	0.00296	0.00329	0.00561
23	0.00903	0.00564	0.00737	0.00671	0.00826	0.00513	0.00511	0.01135	0.01442	0.10904	0.66590	0.03639	0.07547	0.01012	0.00595	0.00162	0.00265	0.00887	0.00569	0.00527
24	0.01379	0.78576	0.04192	0.00901	0.01342	0.04066	0.00901	0.01552	0.01054	0.01217	0.00720	0.00831	0.00658	0.00442	0.00336	0.00111	0.00563	0.00278	0.00221	0.00659
25	0.00736	0.00537	0.00761	0.00761	0.00830	0.00607	0.00562	0.00875	0.00806	0.01144	0.01433	0.02340	0.01423	0.22710	0.61265	0.00746	0.01163	0.00597	0.00284	0.00423
26	0.01048	0.02392	0.69191	0.01367	0.02053	0.01110	0.01724	0.01597	0.01131	0.04535	0.08090	0.01361	0.01058	0.00545	0.00499	0.00162	0.00699	0.00435	0.00264	0.00737
27	0.01622	0.01212	0.01309	0.01053	0.01390	0.01338	0.00852	0.49991	0.16057	0.02819	0.11187	0.01720	0.01524	0.00685	0.00519	0.00157	0.00478	0.00543	0.04751	0.00793
28	0.00712	0.00518	0.00671	0.00645	0.00761	0.00476	0.00479	0.00936	0.01400	0.01964	0.68749	0.10348	0.08201	0.01107	0.00609	0.00166	0.00248	0.00979	0.00553	0.00476
29	0.01493	0.64453	0.02413	0.00977	0.01377	0.19418	0.00903	0.01651	0.01134	0.01218	0.00731	0.00846	0.00659	0.00459	0.00359	0.00115	0.00633	0.00287	0.00230	0.00644
30	0.00718	0.00524	0.00674	0.00637	0.00761	0.00481	0.00478	0.00952	0.01433	0.02011	0.73398	0.03910	0.09969	0.01066	0.00605	0.00162	0.00243	0.00939	0.00559	0.00481
31	0.00625	0.00447	0.00595	0.00714	0.00744	0.00417	0.00476	0.00714	0.00982	0.01310	0.02828	0.81633	0.03394	0.01608	0.00655	0.00208	0.00298	0.01459	0.00476	0.00417
32	0.01372	0.82276	0.02689	0.00878	0.01317	0.02030	0.00878	0.01536	0.01043	0.01207	0.00713	0.00823	0.00658	0.00439	0.00329	0.00110	0.00549	0.00274	0.00219	0.00658
33	0.01095	0.18036	0.64506	0.01350	0.02046	0.01354	0.01699	0.01608	0.01075	0.01544	0.00881	0.01033	0.00652	0.00478	0.00457	0.00152	0.00718	0.00359	0.00217	0.00739
34	0.01078	0.12693	0.64840	0.01381	0.02053	0.01321	0.01719	0.01590	0.01060	0.01548	0.00879	0.01053	0.00652	0.00506	0.00540	0.00160	0.05605	0.00370	0.00217	0.00734
35	0.00886	0.00771	0.01102	0.01014	0.01065	0.00997	0.00811	0.01031	0.00805	0.01197	0.01114	0.01741	0.01077	0.06988	0.45129	0.00572	0.32431	0.00521	0.00257	0.00490
36	0.01917	0.02445	0.01454	0.01322	0.01586	0.79907	0.00991	0.02049	0.01454	0.01256	0.00793	0.00925	0.00661	0.00529	0.00463	0.00132	0.00925	0.00330	0.00264	0.00595
37	0.02925	0.00955	0.01157	0.00991	0.01184	0.05250	0.02258	0.09916	0.01091	0.02660	0.01116	0.01558	0.00999	0.05987	0.28008	0.00402	0.16977	0.00471	0.01686	0.14408
38	0.83823	0.00991	0.00771	0.02348	0.01045	0.01151	0.00574	0.01504	0.00876	0.02281	0.00719	0.00845	0.00558	0.00477	0.00322	0.00159	0.00403	0.00282	0.00316	0.00556
39	0.00625	0.00447	0.00595	0.00714	0.00744	0.00417	0.00476	0.00714	0.00982	0.01310	0.02828	0.81633	0.03394	0.01608	0.00655	0.00208	0.00298	0.01459	0.00476	0.00417
40	0.00969	0.00912	0.01539	0.80734	0.03534	0.01140	0.01425	0.01311	0.01026	0.01311	0.00912	0.01368	0.00684	0.00513	0.00513	0.00171	0.00684	0.00456	0.00228	0.00570
41	0.01042	0.05663	0.76413	0.01440	0.02187	0.01223	0.01857	0.01622	0.01082	0.01609	0.00913	0.01073	0.00650	0.00486	0.00482	0.00161	0.00750	0.00375	0.00217	0.00755
42	0.01338	0.01055	0.01174	0.01091	0.04284	0.01184	0.00818	0.03862	0.62133	0.08582	0.07054	0.01990	0.01716	0.00704	0.00526	0.00171	0.00408	0.00591	0.00524	0.00797
43	0.00627	0.00459	0.00591	0.00695	0.00744	0.00422	0.00473	0.00725	0.01010	0.01324	0.03126	0.70345	0.12895	0.01565	0.00650	0.00205	0.00297	0.02953	0.00476	0.00420
44	0.01270	0.01219	0.02083	0.03149	0.78767	0.01219	0.01575	0.01575	0.01168	0.01676	0.00965	0.01270	0.00813	0.00457	0.00508	0.00152	0.00610	0.00457	0.00254	0.00813
45	0.01397	0.01479	0.06413	0.05172	0.31624	0.14261	0.03816	0.08879	0.15307	0.01814	0.01228	0.01487	0.00992	0.00565	0.00513	0.00158	0.00636	0.03174	0.00334	0.00753
46	0.00733	0.00550	0.00825	0.00825	0.00916	0.00641	0.00641	0.00916	0.00825	0.01191	0.01374	0.02016	0.01283	0.03848	0.79934	0.00825	0.01374	0.00550	0.00275	0.00458
47	0.01951	0.01437	0.01540	0.01181	0.01591	0.01591	0.00975	0.77056	0.02412	0.03234	0.01232	0.01232	0.00873	0.00616	0.00513	0.00154	0.00565	0.00462	0.00513	0.00873
48	0.01828	0.02291	0.01655	0.01425	0.01725	0.68431	0.10596	0.03463	0.01442	0.01343	0.00833	0.00989	0.00680	0.00518	0.00482	0.00138	0.00911	0.00368	0.00269	0.00613
49	0.00891	0.00446	0.00668	0.00668	0.00668	0.00446	0.00446	0.00668	0.00668	0.00891	0.00891	0.01560	0.00891	0.01783	0.02005	0.85071	0.00446	0.00446	0.00223	0.00223
50	0.01064	0.00912	0.01064	0.00760	0.01216	0.00684	0.00608	0.01292	0.01064	0.01672	0.00912	0.01064	0.00760	0.00380	0.00380	0.00076	0.00380	0.00304	0.00304	0.85104
51	0.01276	0.01102	0.01160	0.01044	0.01334	0.01276	0.00812	0.02727	0.77840	0.02146	0.02088	0.01914	0.01566	0.00696	0.00522	0.00174	0.00406	0.00580	0.00522	0.00812
52	0.00728	0.00500	0.00555	0.00555	0.00577	0.00489	0.00321	0.00745	0.00800	0.01044	0.02070	0.03558	0.11569	0.71761	0.02358	0.00456	0.00467	0.00789	0.00332	0.00326
53	0.01064	0.00912	0.01064	0.00760	0.01216	0.00684	0.00608	0.01292	0.01064	0.01672	0.00912	0.01064	0.00760	0.00380	0.00380	0.00076	0.00380	0.00304	0.00304	0.85104
54	0.01211	0.01384	0.03028	0.02163	0.02682	0.01298	0.76903	0.01644	0.01211	0.01644	0.01038	0.01384	0.00779	0.00433	0.00606	0.00173	0.00865	0.00606	0.00260	0.00692
55	0.00665	0.00516	0.00605	0.00596	0.00732	0.00456	0.00442	0.00844	0.01288	0.01698	0.39685	0.10822	0.37396	0.01207	0.00610	0.00171	0.00255	0.01041	0.00518	0.00456
56	0.00745	0.00504	0.00593	0.00593	0.00605	0.00516	0.00353	0.00768	0.00756	0.01020	0.01586	0.03188	0.01792	0.72083	0.12395	0.00539	0.00608	0.00721	0.00306	0.00330
57	0.00754	0.00528	0.00689	0.00653	0.00776	0.00486	0.00488	0.00985	0.01421	0.03773	0.71127	0.08117	0.06109	0.01075	0.00606	0.00164	0.00250	0.00951	0.00560	0.00488
58	0.15292	0.08088	0.01670	0.03972	0.31575	0.26671	0.01140	0.01693	0.01198	0.01591	0.00917	0.01114	0.01993	0.00497	0.00449	0.00144	0.00668	0.00382	0.00268	0.00675
59	0.85592	0.00992	0.00754	0.00675	0.00992	0.01151	0.00556	0.01508	0.00873	0.02302	0.00714	0.00834	0.00556	0.00476	0.00318	0.00159	0.00397	0.00278	0.00318	0.00556
60	0.01046	0.05633	0.74819	0.01455	0.02196	0.01226	0.03429	0.01622	0.01084	0.01610	0.00915	0.01080	0.00653	0.00485	0.00484	0.00161	0.00753	0.00380	0.00218	0.00753
61	0.00640	0.00453	0.00591	0.00695	0.00721	0.00427	0.00455	0.00718	0.00952	0.01270	0.02675	0.71729	0.03200	0.11775	0.00902	0.00245	0.00323	0.01369	0.00455	0.00403
62	0.00706	0.00516	0.00664	0.00644	0.00759	0.00473	0.00476	0.00924	0.01381	0.01928	0.64939	0.12275	0.10142	0.01128	0.00611	0.00167	0.00249	0.00996	0.00549	0.00473
63	0.85592	0.00992	0.00754	0.00675	0.00992	0.01151	0.00556	0.01508	0.00873	0.02302	0.00714	0.00834	0.00556	0.00476	0.00318	0.00159	0.00397	0.00278	0.00318	0.00556
64	0.85592	0.00992	0.00754	0.00675	0.00992	0.01151	0.00556	0.01508	0.00873	0.02302	0.00714	0.00834	0.00556	0.00476	0.00318	0.00159	0.00397	0.00278	0.00318	0.00556
65	0.01176	0.00543	0.00594	0.00549	0.00714	0.00523	0.00423	0.01408	0.01140	0.14482	0.01731	0.01886	0.01308	0.00604	0.00384	0.00126	0.00271	0.00484	0.71112	0.00543
66	0.01372	0.82276	0.02689	0.00878	0.01317	0.02030	0.00878	0.01536	0.01043	0.01207	0.00713	0.00823	0.00658	0.00439	0.00329	0.00110	0.00549	0.00274	0.00219	0.00658
67	0.00614	0.00520	0.00531	0.00528	0.00698	0.00437	0.00396	0.00752	0.01188	0.01430	0.10022	0.04865	0.73706	0.01283	0.00606	0.00172	0.00259	0.01073	0.00482	0.00437
68	0.00626	0.00462	0.00585	0.00678	0.00736	0.00422	0.00461	0.00728	0.01033	0.01351	0.06052	0.65235	0.16689	0.01533	0.00645	0.00200	0.00289	0.01373	0.00480	0.00422
69	0.01517	0.11452	0.01453	0.01042	0.01385	0.01429	0.00854	0.28062	0.36834	0.03729	0.03120	0.01577	0.01264	0.00639	0.00491	0.00157	0.00471	0.00503	0.03224	0.00797
70	0.01845	0.01573	0.11368	0.01208	0.01662	0.01513	0.01085	0.65088	0.02214	0.05498	0.01218	0.01230	0.00857	0.00600	0.00510	0.00155	0.00585	0.00453	0.00480	0.00858
71	0.00827	0.00591	0.00827	0.00945	0.01063	0.00591	0.00827	0.01063	0.01181	0.01536	0.02717	0.05788	0.02953	0.01417	0.00709	0.00236	0.00472	0.75313	0.00472	0.00472
72	0.01215	0.00819	0.03645	0.00972	0.01163	0.00842	0.03431	0.01416	0.01078	0.20779	0.11157	0.02009	0.01604	0.03762	0.29970	0.00423	0.14154	0.00573	0.00391	0.00597
73	0.01065	0.05381	0.66879	0.01530	0.02246	0.01235	0.11349	0.01624	0.01098	0.01612	0.00928	0.01112	0.00667	0.00479	0.00497	0.00162	0.00764	0.00404	0.00222	0.00746
74	0.01477	0.01478	0.01893	0.02489	0.51216	0.16052	0.02865	0.11242	0.03141	0.01805	0.00994	0.01217	0.00808	0.00496	0.00502	0.00150	0.00664	0.00440	0.00295	0.00777
75	0.85592	0.00992	0.00754	0.00675	0.00992	0.01151	0.00556	0.01508	0.00873	0.02302	0.00714	0.00834	0.00556	0.00476	0.00318	0.00159	0.00397	0.00278	0.00318	0.00556
76	0.01063	0.02610	0.76489	0.01452	0.02198	0.01206	0.01862	0.04360	0.01132	0.01683	0.00932	0.01089	0.00658	0.00492	0.00488	0.00162	0.00751	0.00382	0.00227	0.00762
77	0.00628	0.00459	0.00587	0.00684	0.00733	0.00423	0.00461	0.00724	0.01011	0.01328	0.04828	0.68085	0.12897	0.03674	0.00699	0.00210	0.00297	0.01380	0.00474	0.00418
78	0.07761	0.00988	0.01298	0.01209	0.11108	0.00947	0.00865	0.09655	0.05754	0.50937	0.03046	0.01618	0.01202	0.00610	0.00503	0.00158	0.00463	0.00498	0.00546	0.00834
79	0.21974	0.08193	0.01419	0.01033	0.01405	0.11035	0.03577	0.24959	0.02991	0.16958	0.01169	0.01180	0.00837	0.00555	0.00449	0.00151	0.00551	0.00403	0.00425	0.00737
80	0.00637	0.00460	0.00603	0.00708	0.00752	0.00428	0.00483	0.00738	0.01012	0.01344	0.05577	0.70629	0.07384	0.02894	0.00685	0.00211	0.00304	0.04255	0.00477	0.00420
81	0.00738	0.00502	0.00587	0.00610	0.00625	0.00497	0.00365	0.02132	0.00836	0.01115	0.01914	0.22982	0.02231	0.60294	0.02082	0.00419	0.00448	0.00920	0.00356	0.00348
82	0.03504	0.01370	0.04714	0.05490	0.48669	0.06601	0.18903	0.01613	0.01182	0.01642	0.00960	0.01259	0.00778	0.00460	0.00522	0.00157	0.00692	0.00475	0.00255	0.00753

[dist]
# distance from previous block
# <min> <max>
0	5

# created by:
# /st0/software/busco_prod/Augustus/scripts/msa2prfl.pl ./align_prep/150913.fa
