[name]
unknown

[dist]
# distance from previous block
# <min> <max>
0	243

[block]
# block no. 0 follows, 39 sequences, length 88
# corresponding to MSA columns:
# 243-330
name=unknown_A
#
# <colnr> <probs for GDERKNQSTAVLIFYWHMCP>
#	G	D	E	R	K	N	Q	S	T	A	V	L	I	F	Y	W	H	M	C	P
0	0.03123	0.03530	0.04341	0.01105	0.01430	0.03107	0.00943	0.09970	0.16039	0.10041	0.09333	0.03457	0.04400	0.01023	0.00646	0.00203	0.00526	0.20359	0.00548	0.05876
1	0.01377	0.24718	0.40080	0.01397	0.02059	0.01584	0.03782	0.01921	0.05375	0.05677	0.05759	0.01464	0.01154	0.00606	0.00526	0.00171	0.00729	0.00471	0.00322	0.00829
2	0.01935	0.04578	0.06431	0.01145	0.01561	0.05301	0.00981	0.17181	0.09358	0.26837	0.11508	0.04530	0.01891	0.00797	0.00594	0.00179	0.00554	0.00646	0.00586	0.03407
3	0.01103	0.02775	0.00949	0.00835	0.00992	0.02845	0.00592	0.08107	0.05795	0.03254	0.10563	0.12315	0.08406	0.31569	0.03692	0.00359	0.00527	0.00911	0.00469	0.03942
4	0.01302	0.01358	0.12386	0.01160	0.03933	0.00997	0.01018	0.01653	0.03393	0.06338	0.03060	0.03770	0.01123	0.00604	0.00627	0.00137	0.07535	0.00467	0.00369	0.48771
5	0.06005	0.01117	0.01505	0.01185	0.03501	0.03334	0.09880	0.01831	0.01416	0.17658	0.11925	0.01882	0.01660	0.00632	0.00544	0.00145	0.00527	0.00552	0.00465	0.34236
6	0.00887	0.05553	0.00946	0.00889	0.01047	0.00705	0.00710	0.01111	0.03031	0.01672	0.05730	0.27671	0.18045	0.01531	0.00726	0.00228	0.00425	0.25399	0.00527	0.03165
7	0.01373	0.03441	0.04871	0.02334	0.02919	0.01461	0.65573	0.01854	0.01392	0.01898	0.03542	0.01651	0.01040	0.00521	0.00679	0.00194	0.00946	0.00684	0.00310	0.03317
8	0.01265	0.18352	0.61551	0.01551	0.02351	0.01567	0.01951	0.01852	0.01239	0.01777	0.01013	0.01189	0.00751	0.00551	0.00525	0.00175	0.00826	0.00413	0.00250	0.00851
9	0.00927	0.00762	0.00840	0.00784	0.01006	0.00738	0.00597	0.01450	0.17296	0.02036	0.26231	0.04390	0.35424	0.01222	0.00668	0.00192	0.00335	0.01036	0.00585	0.03482
10	0.00872	0.00621	0.00853	0.00984	0.01082	0.00610	0.00796	0.01078	0.01267	0.01661	0.03130	0.30818	0.03530	0.04412	0.00872	0.00272	0.00478	0.45609	0.00540	0.00516
11	0.00814	0.00544	0.00696	0.00805	0.00865	0.00521	0.00567	0.00957	0.01159	0.01622	0.02960	0.53981	0.03385	0.06474	0.00852	0.00250	0.00372	0.10025	0.12661	0.00491
12	0.01175	0.02983	0.73831	0.01657	0.02508	0.01348	0.02135	0.01850	0.01262	0.01888	0.03345	0.01346	0.00898	0.00582	0.00566	0.00187	0.00856	0.00456	0.00262	0.00864
13	0.00860	0.00573	0.00645	0.00645	0.00645	0.00573	0.00358	0.00860	0.00860	0.01147	0.01863	0.03870	0.02150	0.79217	0.03010	0.00573	0.00573	0.00860	0.00358	0.00358
14	0.01117	0.01051	0.01774	0.77795	0.04073	0.01314	0.01642	0.01511	0.01182	0.01511	0.01051	0.01577	0.00788	0.00591	0.00591	0.00197	0.00788	0.00526	0.00263	0.00657
15	0.02653	0.01006	0.01372	0.01052	0.01510	0.00869	0.00869	0.02882	0.01693	0.75937	0.02333	0.02013	0.01464	0.00732	0.00595	0.00183	0.00503	0.00595	0.00732	0.01006
16	0.83394	0.01144	0.00869	0.00778	0.01144	0.01327	0.00640	0.01738	0.01006	0.02653	0.00823	0.00961	0.00640	0.00549	0.00366	0.00183	0.00457	0.00320	0.00366	0.00640
17	0.01443	0.01384	0.02363	0.08089	0.71231	0.01400	0.01805	0.01797	0.01337	0.01907	0.01109	0.01470	0.00928	0.00531	0.00586	0.00177	0.00708	0.00527	0.00291	0.00920
18	0.00953	0.00681	0.00953	0.01089	0.01225	0.00681	0.00953	0.01225	0.01361	0.01770	0.03131	0.06671	0.03403	0.01634	0.00817	0.00272	0.00545	0.71547	0.00545	0.00545
19	0.01343	0.01092	0.01171	0.03697	0.01331	0.06488	0.00808	0.18005	0.05431	0.03404	0.10062	0.09713	0.09661	0.13857	0.05338	0.00300	0.04881	0.02270	0.00488	0.00659
20	0.00802	0.00579	0.00759	0.03180	0.00979	0.00561	0.00612	0.00937	0.01169	0.01548	0.07545	0.43093	0.07049	0.15221	0.01147	0.00297	0.00424	0.13102	0.00513	0.00481
21	0.01274	0.11917	0.47300	0.06434	0.02529	0.01521	0.11786	0.01880	0.04268	0.01806	0.01097	0.01321	0.00818	0.00572	0.00602	0.00185	0.03110	0.00476	0.00273	0.00832
22	0.80770	0.01205	0.03272	0.00807	0.01189	0.01328	0.00690	0.01743	0.01014	0.02628	0.00831	0.00970	0.00644	0.00549	0.00372	0.00183	0.00471	0.00324	0.00362	0.00648
23	0.01483	0.01352	0.01740	0.02113	0.29074	0.02990	0.01267	0.02633	0.45765	0.02251	0.01895	0.01907	0.01461	0.00696	0.00594	0.00190	0.00568	0.00610	0.00481	0.00931
24	0.01200	0.01142	0.01899	0.56408	0.17713	0.01377	0.01644	0.01562	0.01189	0.01585	0.01038	0.01529	0.00816	0.00619	0.00714	0.00199	0.07864	0.00525	0.00268	0.00710
25	0.00837	0.00604	0.00790	0.00744	0.00883	0.00558	0.00558	0.01116	0.01674	0.02371	0.75216	0.04417	0.05580	0.01209	0.00697	0.00186	0.00279	0.01069	0.00651	0.00558
26	0.00970	0.00744	0.00860	0.00801	0.00986	0.02416	0.00607	0.01389	0.10283	0.04204	0.51573	0.04221	0.16312	0.01181	0.00680	0.00189	0.00329	0.01022	0.00623	0.00608
27	0.01272	0.01050	0.01231	0.00882	0.01405	0.00791	0.00706	0.01534	0.01241	0.04312	0.01092	0.01252	0.00895	0.00447	0.00443	0.00091	0.00440	0.00358	0.00363	0.80196
28	0.01581	0.79572	0.03099	0.01012	0.01518	0.02340	0.01012	0.01771	0.01202	0.01391	0.00822	0.00949	0.00759	0.00506	0.00379	0.00126	0.00632	0.00316	0.00253	0.00759
29	0.01674	0.01243	0.01373	0.01163	0.01537	0.01347	0.00920	0.14707	0.42835	0.11021	0.02115	0.04633	0.01609	0.00864	0.02339	0.00203	0.00521	0.00642	0.00583	0.08672
30	0.01117	0.01051	0.01774	0.77795	0.04073	0.01314	0.01642	0.01511	0.01182	0.01511	0.01051	0.01577	0.00788	0.00591	0.00591	0.00197	0.00788	0.00526	0.00263	0.00657
31	0.01464	0.01405	0.02400	0.03630	0.75528	0.01405	0.01815	0.01815	0.01347	0.01932	0.01112	0.01464	0.00937	0.00527	0.00585	0.00176	0.00703	0.00527	0.00293	0.00937
32	0.83394	0.01144	0.00869	0.00778	0.01144	0.01327	0.00640	0.01738	0.01006	0.02653	0.00823	0.00961	0.00640	0.00549	0.00366	0.00183	0.00457	0.00320	0.00366	0.00640
33	0.00721	0.00515	0.00686	0.00823	0.00858	0.00480	0.00549	0.00823	0.01132	0.01510	0.03259	0.78831	0.03911	0.01853	0.00755	0.00240	0.00343	0.01681	0.00549	0.00480
34	0.00821	0.00604	0.00768	0.00727	0.00874	0.00551	0.00545	0.01085	0.01636	0.02281	0.67097	0.04567	0.13755	0.01243	0.00698	0.00188	0.00281	0.01090	0.00639	0.00551
35	0.01117	0.01051	0.01774	0.77795	0.04073	0.01314	0.01642	0.01511	0.01182	0.01511	0.01051	0.01577	0.00788	0.00591	0.00591	0.00197	0.00788	0.00526	0.00263	0.00657
36	0.00709	0.00594	0.00616	0.00622	0.00808	0.00502	0.00462	0.00863	0.01354	0.01638	0.09948	0.10173	0.66684	0.01503	0.00702	0.00201	0.00301	0.01264	0.00555	0.00502
37	0.38944	0.01058	0.01104	0.00913	0.01298	0.01090	0.00747	0.04371	0.02935	0.32458	0.08179	0.01740	0.01455	0.00693	0.00501	0.00183	0.00466	0.00513	0.00552	0.00799
38	0.01164	0.01099	0.01858	0.67791	0.13712	0.01326	0.01666	0.01552	0.01205	0.01568	0.01059	0.01561	0.00808	0.00583	0.00590	0.00194	0.00777	0.00526	0.00267	0.00695
39	0.74113	0.01144	0.00937	0.00817	0.01194	0.01298	0.00673	0.03628	0.01112	0.09271	0.00974	0.01067	0.00724	0.00569	0.00392	0.00183	0.00466	0.00350	0.00405	0.00682
40	0.01224	0.10369	0.69173	0.01621	0.02460	0.01466	0.02073	0.01863	0.01244	0.01827	0.01038	0.01220	0.00750	0.00557	0.00544	0.00181	0.00851	0.00425	0.00250	0.00863
41	0.01213	0.07781	0.69698	0.01640	0.02469	0.01445	0.02089	0.01855	0.01237	0.01831	0.01039	0.01231	0.00750	0.00570	0.00586	0.00185	0.02836	0.00432	0.00250	0.00861
42	0.78289	0.01152	0.00898	0.00804	0.01168	0.01336	0.00659	0.01826	0.05583	0.02642	0.00922	0.01038	0.00713	0.00565	0.00381	0.00184	0.00458	0.00342	0.00381	0.00659
43	0.00721	0.00515	0.00686	0.00823	0.00858	0.00480	0.00549	0.00823	0.01132	0.01510	0.03259	0.78831	0.03911	0.01853	0.00755	0.00240	0.00343	0.01681	0.00549	0.00480
44	0.00823	0.00618	0.00766	0.00750	0.00892	0.00575	0.00554	0.01112	0.04543	0.02121	0.50141	0.15229	0.17004	0.01334	0.00702	0.00197	0.00299	0.01171	0.00617	0.00552
45	0.01294	0.01294	0.01811	0.01553	0.01553	0.01811	0.01294	0.01423	0.00906	0.01423	0.00776	0.01294	0.00776	0.01035	0.01941	0.00259	0.78134	0.00518	0.00259	0.00647
46	0.00851	0.00572	0.00645	0.00649	0.00656	0.00568	0.00367	0.00859	0.00884	0.01172	0.02037	0.06138	0.04558	0.74433	0.02869	0.00551	0.00558	0.00897	0.00370	0.00366
47	0.01383	0.01570	0.03419	0.02453	0.03039	0.01473	0.71355	0.01876	0.01395	0.01891	0.01250	0.01737	0.00967	0.00530	0.00701	0.00201	0.00984	0.02679	0.00306	0.00791
48	0.01027	0.00514	0.00770	0.00770	0.00770	0.00514	0.00514	0.00770	0.00770	0.01027	0.01027	0.01798	0.01027	0.02054	0.02311	0.82794	0.00514	0.00514	0.00257	0.00257
49	0.00736	0.00528	0.00677	0.00783	0.00843	0.00486	0.00530	0.00824	0.01145	0.01494	0.03569	0.62012	0.15461	0.01807	0.00843	0.05377	0.00347	0.01537	0.00531	0.00470
50	0.01581	0.79572	0.03099	0.01012	0.01518	0.02340	0.01012	0.01771	0.01202	0.01391	0.00822	0.00949	0.00759	0.00506	0.00379	0.00126	0.00632	0.00316	0.00253	0.00759
51	0.01117	0.01051	0.01774	0.77795	0.04073	0.01314	0.01642	0.01511	0.01182	0.01511	0.01051	0.01577	0.00788	0.00591	0.00591	0.00197	0.00788	0.00526	0.00263	0.00657
52	0.12430	0.01661	0.01412	0.01224	0.01580	0.20935	0.00959	0.12402	0.26544	0.09939	0.03897	0.01690	0.01355	0.00712	0.00554	0.00180	0.00645	0.00535	0.00508	0.00838
53	0.01341	0.01414	0.02502	0.06346	0.04373	0.05924	0.40403	0.04078	0.05930	0.01854	0.01595	0.15108	0.01467	0.00796	0.00731	0.00205	0.04004	0.00822	0.00368	0.00740
54	0.05443	0.02560	0.01581	0.03570	0.01789	0.66865	0.01087	0.02218	0.01584	0.01480	0.00973	0.01251	0.00844	0.05504	0.00682	0.00181	0.01003	0.00412	0.00309	0.00663
55	0.01297	0.00923	0.01024	0.02970	0.01234	0.03968	0.00721	0.03983	0.15584	0.13063	0.23196	0.06745	0.20699	0.01101	0.00654	0.00193	0.00414	0.00931	0.00598	0.00701
56	0.00805	0.00591	0.00755	0.00740	0.00871	0.00541	0.00545	0.01045	0.01561	0.02164	0.57413	0.15208	0.12895	0.01332	0.00706	0.00195	0.00290	0.01176	0.00625	0.00541
57	0.01186	0.03059	0.76153	0.01686	0.02560	0.01373	0.02185	0.01873	0.01249	0.01873	0.01061	0.01249	0.00749	0.00562	0.00562	0.00187	0.00874	0.00437	0.00250	0.00874
58	0.01540	0.73182	0.07439	0.01046	0.01566	0.02241	0.01072	0.01762	0.01215	0.01443	0.02523	0.01045	0.00868	0.00525	0.00398	0.00131	0.00639	0.00341	0.00262	0.00761
59	0.01581	0.79572	0.03099	0.01012	0.01518	0.02340	0.01012	0.01771	0.01202	0.01391	0.00822	0.00949	0.00759	0.00506	0.00379	0.00126	0.00632	0.00316	0.00253	0.00759
60	0.01396	0.01595	0.03490	0.02493	0.03091	0.01496	0.73380	0.01894	0.01396	0.01894	0.01196	0.01595	0.00897	0.00499	0.00698	0.00199	0.00997	0.00698	0.00299	0.00798
61	0.00699	0.00599	0.00599	0.00599	0.00799	0.00499	0.00449	0.00849	0.01348	0.01598	0.05991	0.05691	0.75288	0.01498	0.00699	0.00200	0.00300	0.01248	0.00549	0.00499
62	0.00781	0.00602	0.00713	0.00685	0.00849	0.00534	0.00514	0.01008	0.01542	0.02058	0.47184	0.04933	0.33807	0.01326	0.00698	0.00192	0.00287	0.01142	0.00610	0.00534
63	0.00860	0.00573	0.00645	0.00645	0.00645	0.00573	0.00358	0.00860	0.00860	0.01147	0.01863	0.03870	0.02150	0.79217	0.03010	0.00573	0.00573	0.00860	0.00358	0.00358
64	0.01226	0.01051	0.01226	0.00876	0.01401	0.00788	0.00701	0.01489	0.01226	0.01927	0.01051	0.01226	0.00876	0.00438	0.00438	0.00088	0.00438	0.00350	0.00350	0.82832
65	0.01553	0.47976	0.22573	0.01253	0.01826	0.08492	0.01342	0.01873	0.01262	0.03724	0.00938	0.01080	0.00778	0.00550	0.00488	0.00150	0.02715	0.00368	0.00271	0.00788
66	0.01186	0.03059	0.76153	0.01686	0.02560	0.01373	0.02185	0.01873	0.01249	0.01873	0.01061	0.01249	0.00749	0.00562	0.00562	0.00187	0.00874	0.00437	0.00250	0.00874
67	0.05455	0.01031	0.01367	0.01052	0.01507	0.00915	0.00869	0.05008	0.01702	0.71169	0.02252	0.01958	0.01421	0.00725	0.00587	0.00183	0.00506	0.00583	0.00715	0.00994
68	0.00929	0.00699	0.00844	0.00798	0.00960	0.00682	0.00594	0.04223	0.08354	0.02213	0.47556	0.11058	0.12531	0.04939	0.00799	0.00212	0.00334	0.01077	0.00609	0.00588
69	0.00854	0.00571	0.00647	0.00652	0.00654	0.00569	0.00366	0.00858	0.00871	0.01162	0.01921	0.06961	0.02223	0.76026	0.02917	0.00560	0.00564	0.00894	0.00366	0.00363
70	0.01186	0.03059	0.76153	0.01686	0.02560	0.01373	0.02185	0.01873	0.01249	0.01873	0.01061	0.01249	0.00749	0.00562	0.00562	0.00187	0.00874	0.00437	0.00250	0.00874
71	0.01462	0.01411	0.02431	0.03597	0.73460	0.01408	0.03858	0.01817	0.01348	0.01931	0.01115	0.01467	0.00936	0.00526	0.00589	0.00176	0.00711	0.00532	0.00293	0.00933
72	0.00833	0.00604	0.00785	0.00740	0.00881	0.00556	0.00555	0.01109	0.01665	0.02350	0.73303	0.04453	0.07506	0.01217	0.00698	0.00186	0.00280	0.01074	0.00648	0.00556
73	0.09635	0.02148	0.03774	0.01338	0.01687	0.41953	0.01053	0.07742	0.16360	0.01995	0.03437	0.01422	0.01124	0.00661	0.00538	0.00167	0.00808	0.00466	0.00402	0.03288
74	0.01383	0.01718	0.10682	0.02335	0.02946	0.01468	0.62370	0.03799	0.01426	0.01954	0.03125	0.01629	0.01008	0.00529	0.00681	0.00197	0.00957	0.00677	0.00311	0.00805
75	0.02319	0.01451	0.01636	0.01264	0.01725	0.01540	0.01041	0.49584	0.06499	0.24108	0.01734	0.01632	0.01180	0.00721	0.00593	0.00180	0.00599	0.00558	0.00632	0.01002
76	0.02240	0.01633	0.01733	0.01333	0.01803	0.03767	0.01098	0.65559	0.02644	0.07663	0.01447	0.01438	0.01021	0.00700	0.00586	0.00174	0.00647	0.00527	0.00585	0.03401
77	0.57016	0.13322	0.14041	0.00968	0.01442	0.01488	0.00960	0.01766	0.01077	0.02330	0.00864	0.01008	0.00677	0.00545	0.00401	0.00175	0.00555	0.00340	0.00329	0.00698
78	0.01117	0.01051	0.01774	0.77795	0.04073	0.01314	0.01642	0.01511	0.01182	0.01511	0.01051	0.01577	0.00788	0.00591	0.00591	0.00197	0.00788	0.00526	0.00263	0.00657
79	0.00833	0.00604	0.00785	0.00740	0.00881	0.00556	0.00555	0.01109	0.01665	0.02351	0.73406	0.04451	0.07402	0.01217	0.00698	0.00186	0.00280	0.01074	0.00648	0.00556
80	0.00846	0.00628	0.00922	0.00922	0.01018	0.00724	0.00704	0.01038	0.00942	0.01352	0.01610	0.02465	0.01540	0.11286	0.70107	0.00916	0.01491	0.00654	0.00321	0.00512
81	0.00701	0.00592	0.00607	0.00619	0.00804	0.00498	0.00458	0.00846	0.01329	0.01590	0.05748	0.12206	0.68930	0.01529	0.00704	0.00203	0.00303	0.01287	0.00549	0.00498
82	0.00721	0.00515	0.00686	0.00823	0.00858	0.00480	0.00549	0.00823	0.01132	0.01510	0.03259	0.78831	0.03911	0.01853	0.00755	0.00240	0.00343	0.01681	0.00549	0.00480
83	0.01464	0.01405	0.02400	0.03630	0.75528	0.01405	0.01815	0.01815	0.01347	0.01932	0.01112	0.01464	0.00937	0.00527	0.00585	0.00176	0.00703	0.00527	0.00293	0.00937
84	0.00860	0.00573	0.00645	0.00645	0.00645	0.00573	0.00358	0.00860	0.00860	0.01147	0.01863	0.03870	0.02150	0.79217	0.03010	0.00573	0.00573	0.00860	0.00358	0.00358
85	0.01822	0.04011	0.01865	0.08326	0.10992	0.34500	0.06066	0.11566	0.01644	0.01897	0.01147	0.01465	0.00943	0.00651	0.00618	0.00172	0.04045	0.02381	0.05138	0.00753
86	0.01680	0.01401	0.01590	0.01336	0.01637	0.01668	0.01081	0.25479	0.34015	0.02632	0.01705	0.01738	0.01305	0.00827	0.00913	0.00207	0.18789	0.00589	0.00518	0.00891
87	0.01581	0.79572	0.03099	0.01012	0.01518	0.02340	0.01012	0.01771	0.01202	0.01391	0.00822	0.00949	0.00759	0.00506	0.00379	0.00126	0.00632	0.00316	0.00253	0.00759

[dist]
# distance from previous block
# <min> <max>
0	1

[block]
# block no. 1 follows, 39 sequences, length 31
# corresponding to MSA columns:
# 332-362
name=unknown_B
#
# <colnr> <probs for GDERKNQSTAVLIFYWHMCP>
#	G	D	E	R	K	N	Q	S	T	A	V	L	I	F	Y	W	H	M	C	P
0	0.03769	0.46096	0.02483	0.01184	0.01637	0.18233	0.01053	0.15839	0.01606	0.01887	0.00958	0.01066	0.00805	0.00569	0.00453	0.00143	0.00725	0.00372	0.00333	0.00788
1	0.01117	0.01051	0.01774	0.77795	0.04073	0.01314	0.01642	0.01511	0.01182	0.01511	0.01051	0.01577	0.00788	0.00591	0.00591	0.00197	0.00788	0.00526	0.00263	0.00657
2	0.01411	0.01351	0.02305	0.14868	0.64700	0.01391	0.01789	0.01769	0.01322	0.01868	0.01103	0.01481	0.00914	0.00537	0.00586	0.00179	0.00716	0.00527	0.00288	0.00894
3	0.00968	0.00658	0.00747	0.00732	0.00784	0.00669	0.00457	0.07246	0.01084	0.01466	0.02045	0.15330	0.02304	0.57552	0.02357	0.00472	0.00534	0.00949	0.03206	0.00441
4	0.00852	0.00575	0.00643	0.00643	0.00653	0.00569	0.00363	0.00859	0.00886	0.01170	0.02080	0.03966	0.05987	0.75140	0.02889	0.00554	0.00559	0.00880	0.00368	0.00366
5	0.00843	0.00566	0.00650	0.00667	0.00671	0.00562	0.00381	0.00856	0.00893	0.01191	0.02032	0.12939	0.02363	0.69857	0.02737	0.00533	0.00545	0.00959	0.00381	0.00373
6	0.01027	0.00514	0.00770	0.00770	0.00770	0.00514	0.00514	0.00770	0.00770	0.01027	0.01027	0.01798	0.01027	0.02054	0.02311	0.82794	0.00514	0.00514	0.00257	0.00257
7	0.00928	0.00666	0.00923	0.01056	0.01186	0.00660	0.00908	0.01184	0.01343	0.01745	0.03217	0.12194	0.05361	0.01647	0.00809	0.00268	0.00523	0.64298	0.00545	0.00538
8	0.01396	0.01595	0.03490	0.02493	0.03091	0.01496	0.73380	0.01894	0.01396	0.01894	0.01196	0.01595	0.00897	0.00499	0.00698	0.00199	0.00997	0.00698	0.00299	0.00798
9	0.01175	0.02981	0.73760	0.01656	0.02506	0.01348	0.02133	0.01849	0.01262	0.01889	0.03416	0.01349	0.00903	0.00582	0.00566	0.00187	0.00855	0.00457	0.00262	0.00864
10	0.01493	0.01073	0.01273	0.00931	0.01439	0.00860	0.00749	0.04510	0.03382	0.13441	0.01301	0.01382	0.00997	0.00504	0.00473	0.00109	0.00457	0.00404	0.00425	0.64797
11	0.01748	0.08946	0.02032	0.17487	0.24306	0.17142	0.01408	0.10002	0.01558	0.08147	0.01169	0.01397	0.00906	0.00593	0.00558	0.00171	0.00766	0.00483	0.00356	0.00825
12	0.02498	0.01162	0.01517	0.01275	0.06187	0.01097	0.00979	0.17040	0.01890	0.56792	0.02073	0.01859	0.01339	0.00715	0.00594	0.00181	0.00545	0.00578	0.00676	0.01002
13	0.01492	0.54435	0.24116	0.01227	0.01831	0.05038	0.01356	0.01824	0.01234	0.01532	0.00895	0.01040	0.00756	0.00526	0.00438	0.00145	0.00719	0.00354	0.00254	0.00789
14	0.34539	0.12274	0.08573	0.04846	0.01670	0.16915	0.02655	0.01877	0.01253	0.04178	0.01072	0.01439	0.00901	0.00631	0.00474	0.00176	0.00680	0.04808	0.00342	0.00697
15	0.01581	0.79572	0.03099	0.01012	0.01518	0.02340	0.01012	0.01771	0.01202	0.01391	0.00822	0.00949	0.00759	0.00506	0.00379	0.00126	0.00632	0.00316	0.00253	0.00759
16	0.01984	0.01256	0.03974	0.01168	0.01574	0.01215	0.02417	0.29818	0.03524	0.25849	0.02349	0.05543	0.08921	0.00917	0.00656	0.01635	0.00558	0.05157	0.00604	0.00881
17	0.03778	0.08877	0.14444	0.02165	0.02778	0.01555	0.52335	0.01866	0.01334	0.01858	0.01122	0.01459	0.00852	0.00521	0.00664	0.00192	0.02505	0.00609	0.00289	0.00798
18	0.00741	0.00583	0.00673	0.00738	0.00858	0.00528	0.00520	0.00927	0.04159	0.01588	0.04454	0.42870	0.35934	0.01651	0.00724	0.00220	0.00328	0.01446	0.00551	0.00507
19	0.01093	0.00552	0.00555	0.00555	0.00687	0.00552	0.00411	0.01358	0.01225	0.02163	0.01927	0.02270	0.01541	0.03770	0.00515	0.00155	0.00287	0.00563	0.79277	0.00544
20	0.01810	0.01701	0.01589	0.11013	0.04477	0.20965	0.01132	0.26917	0.09851	0.02415	0.01705	0.01929	0.05751	0.00758	0.00589	0.00180	0.00723	0.03389	0.02295	0.00809
21	0.01972	0.01471	0.01947	0.01482	0.01940	0.01548	0.14462	0.43667	0.05783	0.10438	0.06155	0.03401	0.01418	0.00733	0.00622	0.00185	0.00662	0.00634	0.00555	0.00925
22	0.00830	0.00603	0.00777	0.00734	0.00873	0.00555	0.00547	0.01095	0.01636	0.02300	0.69706	0.04470	0.09149	0.03221	0.00757	0.00197	0.00288	0.01073	0.00638	0.00550
23	0.02163	0.02722	0.01655	0.01504	0.01810	0.72146	0.01130	0.02410	0.06211	0.01511	0.01007	0.01137	0.00827	0.00621	0.00538	0.00155	0.01029	0.00399	0.00323	0.00701
24	0.01450	0.07513	0.01553	0.01188	0.01443	0.06272	0.07991	0.06869	0.01320	0.12224	0.01648	0.08598	0.01488	0.08448	0.19342	0.00406	0.07255	0.00681	0.03631	0.00679
25	0.00933	0.00742	0.01056	0.01014	0.01096	0.00903	0.00793	0.01118	0.00969	0.01426	0.01628	0.05605	0.02973	0.06701	0.51011	0.00718	0.15462	0.00676	0.04634	0.00541
26	0.00708	0.00564	0.00635	0.00693	0.00823	0.00491	0.00491	0.00838	0.01258	0.01561	0.04853	0.36149	0.45564	0.01646	0.00722	0.00217	0.00318	0.01428	0.00549	0.00491
27	0.02209	0.02819	0.01676	0.01524	0.01828	0.76843	0.01143	0.02361	0.01676	0.01447	0.00914	0.01066	0.00762	0.00609	0.00533	0.00152	0.01066	0.00381	0.00305	0.00686
28	0.01216	0.01247	0.02361	0.39783	0.03343	0.01382	0.28177	0.01613	0.01236	0.01646	0.01189	0.05303	0.00979	0.00655	0.00751	0.00205	0.07279	0.00645	0.00290	0.00700
29	0.01271	0.01078	0.01250	0.00897	0.01420	0.00834	0.00719	0.04637	0.01294	0.02006	0.01067	0.01235	0.00882	0.00450	0.00445	0.00092	0.00447	0.00358	0.00361	0.79257
30	0.00726	0.00529	0.00686	0.00809	0.00863	0.00489	0.00551	0.00839	0.01162	0.01527	0.03535	0.69078	0.11203	0.01810	0.00751	0.00237	0.00345	0.03830	0.00549	0.00484

[dist]
# distance from previous block
# <min> <max>
7	22

[block]
# block no. 2 follows, 39 sequences, length 14
# corresponding to MSA columns:
# 389-402
name=unknown_C
#
# <colnr> <probs for GDERKNQSTAVLIFYWHMCP>
#	G	D	E	R	K	N	Q	S	T	A	V	L	I	F	Y	W	H	M	C	P
0	0.01291	0.23444	0.56690	0.01506	0.02282	0.01631	0.01872	0.01846	0.01236	0.01745	0.00998	0.01169	0.00752	0.00547	0.00513	0.00171	0.00810	0.00405	0.00251	0.00843
1	0.07968	0.51039	0.05067	0.01069	0.01552	0.08452	0.01012	0.02011	0.01313	0.14113	0.01094	0.01150	0.00869	0.00558	0.00435	0.00145	0.00644	0.00373	0.00347	0.00789
2	0.01049	0.00814	0.01005	0.01054	0.01245	0.00851	0.00882	0.01652	0.19293	0.01946	0.05817	0.05394	0.10572	0.01401	0.00748	0.00244	0.00491	0.44343	0.00563	0.00636
3	0.12743	0.00886	0.01092	0.00914	0.01235	0.00835	0.00725	0.02100	0.03445	0.38713	0.20556	0.06861	0.02565	0.03831	0.00690	0.00202	0.00433	0.00751	0.00635	0.00789
4	0.28300	0.11249	0.42943	0.01309	0.01973	0.01469	0.01541	0.01817	0.01163	0.02074	0.00955	0.01119	0.00714	0.00551	0.00476	0.00179	0.00709	0.00385	0.00288	0.00784
5	0.01592	0.60949	0.13103	0.01159	0.01695	0.09962	0.01189	0.01846	0.01258	0.01464	0.00865	0.01003	0.00758	0.00524	0.00421	0.00138	0.00711	0.00340	0.00258	0.00767
6	0.01403	0.46435	0.16483	0.01143	0.01625	0.06910	0.01166	0.01670	0.01231	0.01507	0.01286	0.14183	0.01290	0.00751	0.00488	0.00159	0.00659	0.00574	0.00306	0.00729
7	0.00820	0.00621	0.00704	0.00709	0.00868	0.00560	0.00516	0.01041	0.04375	0.03714	0.17404	0.19748	0.39979	0.05236	0.00815	0.00223	0.00330	0.01242	0.00565	0.00531
8	0.02034	0.01877	0.14332	0.01409	0.01944	0.01740	0.01295	0.58323	0.05689	0.03358	0.01403	0.01426	0.00998	0.00689	0.00587	0.00180	0.00680	0.00522	0.00534	0.00980
9	0.02317	0.01547	0.01707	0.01309	0.01779	0.01671	0.01081	0.61605	0.02597	0.15937	0.01574	0.01520	0.01083	0.00714	0.00592	0.00178	0.00626	0.00543	0.00615	0.01006
10	0.01294	0.01151	0.01700	0.56887	0.03411	0.01395	0.01469	0.09287	0.13740	0.01904	0.01319	0.01667	0.00983	0.00639	0.00593	0.00196	0.00720	0.00550	0.00354	0.00740
11	0.02592	0.05479	0.01471	0.01050	0.01510	0.00953	0.00877	0.02819	0.01665	0.71694	0.02247	0.01952	0.01424	0.00719	0.00582	0.00180	0.00511	0.00579	0.00705	0.00992
12	0.55746	0.01169	0.01030	0.00912	0.01275	0.01336	0.00736	0.02197	0.21118	0.07384	0.01355	0.01370	0.01012	0.00630	0.00445	0.00188	0.00463	0.00433	0.00454	0.00745
13	0.02070	0.06763	0.01694	0.01400	0.01737	0.54406	0.01082	0.14256	0.01812	0.01841	0.01365	0.01457	0.06246	0.00685	0.00547	0.00159	0.00916	0.00466	0.00368	0.00730

[dist]
# distance from previous block
# <min> <max>
2	5

[block]
# block no. 3 follows, 39 sequences, length 7
# corresponding to MSA columns:
# 408-414
name=unknown_D
#
# <colnr> <probs for GDERKNQSTAVLIFYWHMCP>
#	G	D	E	R	K	N	Q	S	T	A	V	L	I	F	Y	W	H	M	C	P
0	0.11866	0.01374	0.04322	0.01381	0.01893	0.01266	0.17660	0.15263	0.04348	0.08094	0.01276	0.01413	0.00952	0.00557	0.00540	0.00157	0.00630	0.00495	0.00421	0.26088
1	0.02279	0.02095	0.01682	0.01396	0.01792	0.35044	0.01102	0.33428	0.02159	0.11395	0.01305	0.01334	0.00952	0.00668	0.00566	0.00167	0.00818	0.00473	0.00481	0.00864
2	0.01016	0.00742	0.00934	0.00974	0.01114	0.00757	0.00757	0.10142	0.03408	0.01906	0.05133	0.34156	0.05812	0.03760	0.04670	0.00283	0.00512	0.22803	0.00541	0.00580
3	0.25199	0.01198	0.01171	0.03769	0.01422	0.07037	0.00833	0.08257	0.14615	0.08554	0.10343	0.01931	0.01666	0.01197	0.10091	0.00280	0.00659	0.00566	0.00479	0.00737
4	0.07854	0.01001	0.01224	0.01029	0.01382	0.00979	0.00824	0.06962	0.12277	0.39357	0.06508	0.11837	0.02031	0.00924	0.00612	0.00195	0.00473	0.03025	0.00644	0.00863
5	0.01299	0.18592	0.42794	0.01541	0.02261	0.01516	0.10313	0.01806	0.01254	0.01782	0.01026	0.01225	0.00785	0.00527	0.00525	0.00164	0.00784	0.00432	0.00269	0.11106
6	0.05735	0.00959	0.01148	0.01003	0.01278	0.00970	0.00790	0.19238	0.01757	0.17860	0.16259	0.19422	0.02735	0.01223	0.03192	0.00225	0.00497	0.04362	0.00600	0.00747

[dist]
# distance from previous block
# <min> <max>
3	7

[block]
# block no. 4 follows, 39 sequences, length 18
# corresponding to MSA columns:
# 422-439
name=unknown_E
#
# <colnr> <probs for GDERKNQSTAVLIFYWHMCP>
#	G	D	E	R	K	N	Q	S	T	A	V	L	I	F	Y	W	H	M	C	P
0	0.02361	0.01389	0.01603	0.01226	0.01696	0.01431	0.01012	0.44241	0.02312	0.30793	0.01749	0.01635	0.01173	0.00708	0.00587	0.00176	0.00587	0.00549	0.00635	0.04137
1	0.76658	0.01159	0.01015	0.03964	0.01343	0.01333	0.03705	0.01736	0.01030	0.02576	0.00848	0.01012	0.00657	0.00549	0.00389	0.00184	0.00493	0.00344	0.00359	0.00648
2	0.01192	0.01016	0.01209	0.03817	0.01461	0.00806	0.00731	0.01497	0.03386	0.01944	0.05738	0.03518	0.01271	0.00540	0.00473	0.00105	0.00440	0.00446	0.00378	0.70032
3	0.00837	0.00604	0.00790	0.00744	0.00883	0.00558	0.00558	0.01116	0.01674	0.02371	0.75216	0.04417	0.05580	0.01209	0.00697	0.00186	0.00279	0.01069	0.00651	0.00558
4	0.01357	0.01346	0.02447	0.18132	0.43880	0.01377	0.16587	0.01740	0.01317	0.01827	0.01185	0.03934	0.00992	0.00575	0.00615	0.00187	0.00770	0.00598	0.00296	0.00838
5	0.00743	0.00531	0.00712	0.00849	0.00894	0.00500	0.00588	0.00863	0.01155	0.01535	0.03247	0.71807	0.03862	0.01831	0.00761	0.00243	0.00363	0.08481	0.00549	0.00487
6	0.01928	0.01946	0.32810	0.01351	0.01977	0.01204	0.01448	0.12115	0.01655	0.32765	0.03807	0.01681	0.01221	0.00671	0.00583	0.00184	0.00673	0.00534	0.00508	0.00938
7	0.01581	0.79572	0.03099	0.01012	0.01518	0.02340	0.01012	0.01771	0.01202	0.01391	0.00822	0.00949	0.00759	0.00506	0.00379	0.00126	0.00632	0.00316	0.00253	0.00759
8	0.00721	0.00515	0.00686	0.00823	0.00858	0.00480	0.00549	0.00823	0.01132	0.01510	0.03259	0.78831	0.03911	0.01853	0.00755	0.00240	0.00343	0.01681	0.00549	0.00480
9	0.01396	0.01595	0.03490	0.02493	0.03091	0.01496	0.73380	0.01894	0.01396	0.01894	0.01196	0.01595	0.00897	0.00499	0.00698	0.00199	0.00997	0.00698	0.00299	0.00798
10	0.01117	0.01051	0.01774	0.77795	0.04073	0.01314	0.01642	0.01511	0.01182	0.01511	0.01051	0.01577	0.00788	0.00591	0.00591	0.00197	0.00788	0.00526	0.00263	0.00657
11	0.00699	0.00599	0.00599	0.00599	0.00799	0.00499	0.00449	0.00849	0.01348	0.01598	0.05991	0.05691	0.75288	0.01498	0.00699	0.00200	0.00300	0.01248	0.00549	0.00499
12	0.00726	0.00517	0.00684	0.00816	0.00849	0.00484	0.00541	0.00825	0.01121	0.01494	0.03200	0.75630	0.03836	0.05156	0.00851	0.00254	0.00353	0.01646	0.00541	0.00475
13	0.02073	0.01732	0.01760	0.12857	0.02169	0.12497	0.01204	0.52546	0.02382	0.03068	0.01292	0.01393	0.00938	0.00678	0.00583	0.00177	0.00731	0.00510	0.00501	0.00908
14	0.07281	0.05157	0.01656	0.01357	0.01729	0.43468	0.01063	0.16458	0.01837	0.12773	0.01211	0.01263	0.00904	0.00639	0.00537	0.00163	0.00848	0.00436	0.00425	0.00795
15	0.00713	0.00585	0.00630	0.00663	0.00826	0.00502	0.00488	0.00858	0.01305	0.01586	0.05334	0.20485	0.58221	0.01574	0.00715	0.00211	0.00317	0.03942	0.00549	0.00497
16	0.35912	0.07158	0.05112	0.01470	0.01958	0.01530	0.24318	0.12081	0.01411	0.02438	0.01039	0.01243	0.00789	0.00553	0.00515	0.00184	0.00690	0.00477	0.00364	0.00762
17	0.05821	0.01218	0.01494	0.03055	0.01660	0.01135	0.05336	0.15369	0.05335	0.07316	0.01269	0.01386	0.00973	0.00555	0.00536	0.00135	0.02260	0.00446	0.00428	0.44271

[dist]
# distance from previous block
# <min> <max>
4	7

[block]
# block no. 5 follows, 39 sequences, length 28
# corresponding to MSA columns:
# 450-474,476-478
name=unknown_F
#
# <colnr> <probs for GDERKNQSTAVLIFYWHMCP>
#	G	D	E	R	K	N	Q	S	T	A	V	L	I	F	Y	W	H	M	C	P
0	0.27554	0.01337	0.15202	0.01048	0.01456	0.01049	0.01008	0.03159	0.01338	0.15395	0.10221	0.06300	0.01909	0.00869	0.00564	0.00198	0.00533	0.09655	0.00479	0.00727
1	0.05020	0.58208	0.04796	0.01047	0.01533	0.02003	0.01016	0.01951	0.01269	0.14196	0.01086	0.01151	0.00875	0.00565	0.00472	0.00145	0.03159	0.00374	0.00339	0.00796
2	0.01266	0.01317	0.10426	0.10932	0.01987	0.00988	0.06084	0.03286	0.01283	0.04321	0.01220	0.05089	0.01020	0.00561	0.00515	0.00134	0.00577	0.00484	0.00351	0.48159
3	0.01543	0.74143	0.05960	0.01037	0.01546	0.02253	0.01051	0.01753	0.01196	0.01410	0.00855	0.01002	0.00780	0.00626	0.02679	0.00154	0.00671	0.00331	0.00255	0.00757
4	0.21484	0.01483	0.16796	0.01118	0.01614	0.01145	0.01079	0.02343	0.10721	0.30331	0.01873	0.01784	0.04341	0.00695	0.00538	0.00187	0.00556	0.00534	0.00519	0.00860
5	0.83394	0.01144	0.00869	0.00778	0.01144	0.01327	0.00640	0.01738	0.01006	0.02653	0.00823	0.00961	0.00640	0.00549	0.00366	0.00183	0.00457	0.00320	0.00366	0.00640
6	0.00794	0.00594	0.00745	0.00799	0.00907	0.00528	0.00546	0.00913	0.01142	0.01543	0.03094	0.57479	0.09143	0.07362	0.00877	0.00242	0.00369	0.01416	0.00510	0.10998
7	0.63522	0.01187	0.02398	0.02295	0.01308	0.01296	0.00746	0.07162	0.01237	0.10579	0.02954	0.01214	0.00888	0.00599	0.00424	0.00183	0.00486	0.00391	0.00425	0.00709
8	0.00738	0.00522	0.00681	0.00801	0.00831	0.00492	0.00525	0.00828	0.01097	0.01463	0.03081	0.69250	0.03686	0.11741	0.01043	0.00283	0.00373	0.01576	0.00525	0.00465
9	0.62511	0.03580	0.04893	0.02735	0.01393	0.01412	0.00821	0.10949	0.01272	0.04526	0.00955	0.01075	0.00720	0.00575	0.00416	0.00181	0.00517	0.00365	0.00392	0.00712
10	0.01531	0.69793	0.12436	0.01098	0.01651	0.02216	0.01162	0.01784	0.01208	0.01453	0.00853	0.00987	0.00758	0.00513	0.00403	0.00134	0.00663	0.00332	0.00253	0.00774
11	0.00703	0.00583	0.00615	0.00641	0.00810	0.00496	0.00468	0.00844	0.01308	0.01581	0.05483	0.19297	0.62010	0.01564	0.00709	0.00207	0.00308	0.01329	0.00549	0.00496
12	0.00721	0.00515	0.00686	0.00823	0.00858	0.00480	0.00549	0.00823	0.01132	0.01510	0.03259	0.78831	0.03911	0.01853	0.00755	0.00240	0.00343	0.01681	0.00549	0.00480
13	0.01394	0.01326	0.02219	0.18556	0.57286	0.01390	0.01735	0.01820	0.05012	0.01874	0.01165	0.01524	0.00951	0.00554	0.00587	0.00181	0.00708	0.00534	0.00302	0.00880
14	0.01251	0.01036	0.01216	0.00879	0.01390	0.00782	0.00701	0.01508	0.01236	0.03872	0.01144	0.03313	0.00972	0.00483	0.00451	0.00094	0.00437	0.00392	0.00366	0.78477
15	0.01447	0.53638	0.27861	0.01240	0.01871	0.02012	0.01410	0.01805	0.01218	0.01555	0.00903	0.01050	0.00756	0.00525	0.00441	0.00147	0.00714	0.00357	0.00252	0.00798
16	0.00718	0.00525	0.00675	0.00795	0.00850	0.00483	0.00536	0.00827	0.01160	0.01521	0.03609	0.69483	0.13034	0.01807	0.00748	0.00235	0.00338	0.01626	0.00549	0.00483
17	0.00746	0.00598	0.00667	0.00655	0.00829	0.00519	0.00489	0.00938	0.01451	0.01857	0.29348	0.07599	0.49397	0.01411	0.00700	0.00196	0.00294	0.01201	0.00584	0.00519
18	0.00840	0.00632	0.00904	0.10740	0.01378	0.00646	0.00808	0.01030	0.01207	0.01587	0.02939	0.47574	0.03362	0.01627	0.00752	0.00244	0.00460	0.22236	0.00511	0.00522
19	0.01226	0.01051	0.01226	0.00876	0.01401	0.00788	0.00701	0.01489	0.01226	0.01927	0.01051	0.01226	0.00876	0.00438	0.00438	0.00088	0.00438	0.00350	0.00350	0.82832
20	0.00729	0.00520	0.00690	0.00815	0.00853	0.00486	0.00544	0.00837	0.01148	0.01537	0.06321	0.73589	0.03935	0.03927	0.00814	0.00247	0.00347	0.01633	0.00548	0.00480
21	0.00747	0.00582	0.00683	0.00733	0.00870	0.00518	0.00543	0.00909	0.01319	0.01672	0.12336	0.27968	0.38607	0.01589	0.00728	0.00218	0.00336	0.08579	0.00560	0.00504
22	0.01344	0.16477	0.58718	0.01528	0.02312	0.01514	0.01898	0.01916	0.01267	0.06249	0.01096	0.01242	0.00794	0.00562	0.00532	0.00176	0.00809	0.00425	0.00279	0.00862
23	0.01511	0.01464	0.06960	0.01253	0.01616	0.06535	0.01050	0.05072	0.53387	0.04305	0.02234	0.02415	0.01759	0.00839	0.00612	0.00201	0.00553	0.06797	0.00553	0.00884
24	0.00731	0.00529	0.00693	0.00820	0.00872	0.00492	0.00562	0.00846	0.01160	0.01529	0.03458	0.69688	0.09245	0.01815	0.00754	0.00239	0.00350	0.05183	0.00549	0.00485
25	0.01324	0.01176	0.01607	0.01155	0.01687	0.00969	0.11725	0.06620	0.01361	0.02049	0.01099	0.01296	0.00888	0.00466	0.00488	0.00111	0.00537	0.00416	0.00360	0.64666
26	0.00747	0.00547	0.00697	0.00781	0.00857	0.00503	0.00541	0.00886	0.01247	0.01658	0.15337	0.52663	0.13767	0.04081	0.00809	0.00237	0.00339	0.03250	0.00560	0.00493
27	0.01225	0.02790	0.62784	0.01834	0.02657	0.01396	0.15284	0.01877	0.01276	0.01877	0.01086	0.01312	0.00776	0.00550	0.00587	0.00190	0.00897	0.00485	0.00259	0.00860

[dist]
# distance from previous block
# <min> <max>
1	2

[block]
# block no. 6 follows, 39 sequences, length 34
# corresponding to MSA columns:
# 481-514
name=unknown_G
#
# <colnr> <probs for GDERKNQSTAVLIFYWHMCP>
#	G	D	E	R	K	N	Q	S	T	A	V	L	I	F	Y	W	H	M	C	P
0	0.00730	0.00522	0.00695	0.00817	0.00860	0.00487	0.00550	0.00848	0.01178	0.01582	0.09316	0.72567	0.04052	0.01799	0.00750	0.00236	0.00338	0.01630	0.00558	0.00487
1	0.04792	0.01277	0.07773	0.01143	0.01628	0.01075	0.01008	0.10970	0.06238	0.54573	0.02079	0.01860	0.01347	0.00714	0.00585	0.00184	0.00548	0.00570	0.00656	0.00980
2	0.01920	0.01457	0.01637	0.01254	0.01714	0.01529	0.03208	0.50769	0.04492	0.03171	0.01434	0.03394	0.01092	0.00681	0.00563	0.00161	0.00593	0.00536	0.03362	0.17032
3	0.00993	0.00840	0.01188	0.01104	0.01161	0.01065	0.00867	0.01148	0.00923	0.01358	0.01360	0.02203	0.01343	0.13677	0.42301	0.00673	0.26322	0.00627	0.00304	0.00543
4	0.00721	0.00515	0.00686	0.00823	0.00858	0.00480	0.00549	0.00823	0.01132	0.01510	0.03259	0.78831	0.03911	0.01853	0.00755	0.00240	0.00343	0.01681	0.00549	0.00480
5	0.01226	0.01051	0.01226	0.00876	0.01401	0.00788	0.00701	0.01489	0.01226	0.01927	0.01051	0.01226	0.00876	0.00438	0.00438	0.00088	0.00438	0.00350	0.00350	0.82832
6	0.01186	0.03059	0.76153	0.01686	0.02560	0.01373	0.02185	0.01873	0.01249	0.01873	0.01061	0.01249	0.00749	0.00562	0.00562	0.00187	0.00874	0.00437	0.00250	0.00874
7	0.83394	0.01144	0.00869	0.00778	0.01144	0.01327	0.00640	0.01738	0.01006	0.02653	0.00823	0.00961	0.00640	0.00549	0.00366	0.00183	0.00457	0.00320	0.00366	0.00640
8	0.01479	0.01432	0.04407	0.06153	0.03688	0.01480	0.24209	0.16803	0.02980	0.02222	0.07114	0.01698	0.01280	0.00709	0.00874	0.00195	0.15206	0.00611	0.00387	0.07071
9	0.01128	0.00707	0.01121	0.07127	0.01284	0.00728	0.07050	0.04305	0.00984	0.01349	0.01125	0.01773	0.01030	0.01642	0.01819	0.59292	0.00568	0.00534	0.06042	0.00392
10	0.01663	0.01422	0.01529	0.07834	0.04132	0.05106	0.01078	0.19867	0.45285	0.02628	0.01944	0.01887	0.01450	0.00745	0.00595	0.00192	0.00575	0.00606	0.00547	0.00917
11	0.01540	0.01037	0.01337	0.03275	0.07427	0.00853	0.00846	0.01796	0.01336	0.18886	0.01484	0.06119	0.01197	0.00602	0.00509	0.00129	0.00478	0.00506	0.00443	0.50201
12	0.07972	0.06624	0.37361	0.01501	0.02097	0.01397	0.07362	0.03411	0.01272	0.10904	0.01200	0.01396	0.00888	0.00835	0.04797	0.00232	0.09118	0.00482	0.00334	0.00819
13	0.01666	0.56383	0.14622	0.01126	0.01684	0.01981	0.01181	0.01941	0.01277	0.11783	0.01070	0.01144	0.00855	0.00546	0.00439	0.00144	0.00653	0.00374	0.00319	0.00812
14	0.00709	0.00560	0.00639	0.00703	0.00826	0.00490	0.00495	0.00837	0.01248	0.01557	0.04726	0.39564	0.42231	0.01662	0.00725	0.00218	0.00320	0.01449	0.00549	0.00490
15	0.00940	0.00612	0.00807	0.00889	0.01008	0.00571	0.00678	0.01107	0.01270	0.07579	0.03494	0.42777	0.12602	0.01655	0.00753	0.00240	0.00408	0.21505	0.00562	0.00543
16	0.01208	0.07275	0.72127	0.01648	0.02502	0.01427	0.02120	0.01867	0.01246	0.01846	0.01048	0.01232	0.00750	0.00559	0.00552	0.00184	0.00861	0.00430	0.00250	0.00868
17	0.00727	0.00523	0.00690	0.00812	0.00858	0.00486	0.00547	0.00842	0.01171	0.01564	0.07684	0.72142	0.06157	0.01803	0.00750	0.00236	0.00338	0.01631	0.00555	0.00486
18	0.00752	0.00533	0.00704	0.00828	0.00868	0.00505	0.00564	0.00859	0.01126	0.01497	0.03121	0.66132	0.03708	0.08953	0.00967	0.00273	0.00380	0.07223	0.00531	0.00474
19	0.01396	0.01595	0.03490	0.02493	0.03091	0.01496	0.73380	0.01894	0.01396	0.01894	0.01196	0.01595	0.00897	0.00499	0.00698	0.00199	0.00997	0.00698	0.00299	0.00798
20	0.02179	0.01590	0.01701	0.01312	0.01765	0.01757	0.01081	0.69200	0.02688	0.03635	0.01451	0.01467	0.01036	0.00709	0.00581	0.00175	0.00628	0.00534	0.05535	0.00978
21	0.01275	0.01050	0.01231	0.00882	0.01405	0.00791	0.00706	0.01536	0.01242	0.04447	0.01095	0.01253	0.00896	0.00448	0.00443	0.00091	0.00440	0.00359	0.00363	0.80046
22	0.01245	0.01112	0.01478	0.01055	0.01589	0.00867	0.08769	0.01534	0.01245	0.01923	0.01067	0.01267	0.00878	0.00445	0.00467	0.00100	0.00500	0.00389	0.00345	0.73725
23	0.00841	0.00565	0.00651	0.00670	0.00675	0.00560	0.00385	0.00855	0.00898	0.01197	0.02057	0.14293	0.02395	0.68459	0.02696	0.00527	0.00541	0.00974	0.00385	0.00375
24	0.01131	0.01057	0.01744	0.69579	0.03779	0.01333	0.01581	0.01500	0.01162	0.01523	0.01053	0.01571	0.00807	0.00630	0.00695	0.00200	0.06993	0.00526	0.02484	0.00653
25	0.01396	0.01595	0.03490	0.02493	0.03091	0.01496	0.73380	0.01894	0.01396	0.01894	0.01196	0.01595	0.00897	0.00499	0.00698	0.00199	0.00997	0.00698	0.00299	0.00798
26	0.01396	0.01595	0.03490	0.02493	0.03091	0.01496	0.73380	0.01894	0.01396	0.01894	0.01196	0.01595	0.00897	0.00499	0.00698	0.00199	0.00997	0.00698	0.00299	0.00798
27	0.00810	0.00586	0.00769	0.00786	0.00899	0.00545	0.00581	0.01038	0.01497	0.02074	0.48636	0.24401	0.07138	0.01420	0.00722	0.00207	0.00316	0.06427	0.00613	0.00535
28	0.01514	0.66533	0.15549	0.01127	0.01695	0.02175	0.01212	0.01788	0.01210	0.01473	0.00863	0.01000	0.00757	0.00515	0.00411	0.00137	0.00674	0.00337	0.00252	0.00779
29	0.02298	0.01382	0.01582	0.01234	0.01685	0.01452	0.01012	0.40400	0.10881	0.28942	0.01857	0.01721	0.01261	0.00729	0.00594	0.00182	0.00577	0.00570	0.00642	0.00998
30	0.00860	0.00573	0.00645	0.00645	0.00645	0.00573	0.00358	0.00860	0.00860	0.01147	0.01863	0.03870	0.02150	0.79217	0.03010	0.00573	0.00573	0.00860	0.00358	0.00358
31	0.01665	0.01447	0.01422	0.01247	0.01599	0.08094	0.00976	0.11840	0.57179	0.04541	0.02151	0.02003	0.01605	0.00772	0.00594	0.00193	0.00544	0.00624	0.00578	0.00925
32	0.01022	0.00911	0.01460	0.01280	0.01415	0.01097	0.09227	0.01245	0.00990	0.01445	0.01335	0.01980	0.01234	0.03124	0.49192	0.00689	0.20852	0.00612	0.00300	0.00589
33	0.00853	0.00630	0.00847	0.05210	0.01068	0.00602	0.00621	0.01139	0.01646	0.02322	0.70917	0.04253	0.05302	0.01173	0.00691	0.00187	0.00309	0.01038	0.00628	0.00564

[dist]
# distance from previous block
# <min> <max>
0	8

[block]
# block no. 7 follows, 39 sequences, length 38
# corresponding to MSA columns:
# 544-581
name=unknown_H
#
# <colnr> <probs for GDERKNQSTAVLIFYWHMCP>
#	G	D	E	R	K	N	Q	S	T	A	V	L	I	F	Y	W	H	M	C	P
0	0.00718	0.00523	0.00678	0.00802	0.00852	0.00482	0.00539	0.00826	0.01153	0.01518	0.03523	0.71787	0.10785	0.01819	0.00749	0.00236	0.00339	0.01639	0.00549	0.00482
1	0.01023	0.00953	0.01511	0.51137	0.06567	0.01095	0.02790	0.01349	0.01241	0.01563	0.02436	0.02720	0.21598	0.00839	0.00623	0.00197	0.00652	0.00731	0.00345	0.00629
2	0.01406	0.01080	0.01137	0.01029	0.01312	0.01217	0.00803	0.07317	0.47272	0.02464	0.02227	0.02272	0.01713	0.00787	0.00554	0.00183	0.00429	0.02509	0.23466	0.00823
3	0.60452	0.01118	0.00969	0.00805	0.01216	0.01176	0.00657	0.01669	0.01068	0.02451	0.00887	0.01035	0.00706	0.00518	0.00386	0.00156	0.00452	0.00329	0.00362	0.23589
4	0.01618	0.01652	0.05718	0.04353	0.02748	0.01580	0.48401	0.21891	0.01771	0.02394	0.01249	0.01533	0.00919	0.00563	0.00660	0.00193	0.00890	0.00637	0.00378	0.00854
5	0.00709	0.00576	0.00628	0.00666	0.00817	0.00496	0.00480	0.00849	0.01296	0.01594	0.07067	0.26079	0.53507	0.01589	0.00714	0.00211	0.00311	0.01364	0.00552	0.00496
6	0.01471	0.58209	0.23496	0.01200	0.01809	0.02070	0.01339	0.01799	0.01215	0.01526	0.00889	0.01032	0.00756	0.00522	0.00430	0.00143	0.00700	0.00350	0.00252	0.00791
7	0.00721	0.00515	0.00686	0.00823	0.00858	0.00480	0.00549	0.00823	0.01132	0.01510	0.03259	0.78831	0.03911	0.01853	0.00755	0.00240	0.00343	0.01681	0.00549	0.00480
8	0.01959	0.01367	0.01504	0.01235	0.01642	0.01501	0.00994	0.28961	0.35687	0.15498	0.02032	0.01884	0.01453	0.00756	0.00597	0.00189	0.00541	0.00606	0.00620	0.00974
9	0.01207	0.01294	0.02707	0.02027	0.02467	0.01212	0.53045	0.01595	0.01322	0.01787	0.01772	0.23160	0.01739	0.00877	0.00714	0.00211	0.00814	0.00972	0.00369	0.00709
10	0.01361	0.00694	0.00848	0.00759	0.00886	0.00656	0.00501	0.01425	0.01092	0.22029	0.01994	0.03351	0.01958	0.57303	0.02336	0.00464	0.00554	0.00786	0.00463	0.00539
11	0.60727	0.01611	0.01094	0.00986	0.01335	0.22411	0.00781	0.01912	0.01193	0.02317	0.00849	0.00990	0.00674	0.00566	0.00413	0.00174	0.00628	0.00337	0.00349	0.00653
12	0.00724	0.00600	0.00635	0.00626	0.00814	0.00510	0.00469	0.00898	0.01408	0.01741	0.18809	0.05455	0.62380	0.01444	0.00699	0.00197	0.00296	0.01215	0.00568	0.00510
