[name]
unknown

[dist]
# distance from previous block
# <min> <max>
1	225

[block]
# block no. 0 follows, 47 sequences, length 251
# corresponding to MSA columns:
# 240-490
name=unknown_A
#
# <colnr> <probs for GDERKNQSTAVLIFYWHMCP>
#	G	D	E	R	K	N	Q	S	T	A	V	L	I	F	Y	W	H	M	C	P
0	0.01798	0.01344	0.01533	0.01303	0.07113	0.03550	0.02959	0.55444	0.02111	0.06270	0.05789	0.01437	0.01128	0.00671	0.00579	0.03177	0.00562	0.00496	0.00483	0.02252
1	0.01380	0.73283	0.04612	0.00916	0.01363	0.03466	0.00909	0.01596	0.03158	0.01280	0.00776	0.00883	0.00697	0.00454	0.00348	0.00114	0.00560	0.00292	0.00235	0.03679
2	0.01322	0.00953	0.01129	0.00821	0.01272	0.00763	0.00662	0.06244	0.01227	0.13186	0.01113	0.01193	0.00855	0.00439	0.00415	0.00095	0.00406	0.00350	0.00372	0.67183
3	0.01324	0.34012	0.31690	0.01180	0.01699	0.08854	0.01291	0.02828	0.01130	0.04188	0.00891	0.01071	0.00725	0.02726	0.00545	0.00153	0.04388	0.00358	0.00248	0.00698
4	0.01296	0.01304	0.04156	0.04215	0.70265	0.03475	0.01560	0.01651	0.03912	0.01699	0.01013	0.01299	0.00841	0.00476	0.00514	0.00155	0.00626	0.00463	0.00266	0.00813
5	0.00711	0.00496	0.00663	0.00758	0.00806	0.00480	0.00530	0.02835	0.01024	0.01366	0.02622	0.64443	0.03078	0.01682	0.03582	0.06372	0.00374	0.07292	0.00458	0.00427
6	0.00746	0.02781	0.00746	0.00763	0.00903	0.00558	0.00627	0.00928	0.01177	0.01486	0.06093	0.13620	0.30747	0.01376	0.00661	0.00207	0.00375	0.35264	0.00477	0.00464
7	0.01608	0.01034	0.03961	0.01096	0.06866	0.00979	0.00833	0.16611	0.11733	0.27223	0.03698	0.03788	0.14430	0.02988	0.00600	0.00175	0.00454	0.00643	0.00521	0.00762
8	0.01263	0.01217	0.02083	0.03074	0.73605	0.01211	0.03605	0.01570	0.01187	0.01690	0.01135	0.01425	0.03586	0.00494	0.00522	0.00156	0.00613	0.00491	0.00266	0.00808
9	0.04419	0.00864	0.01158	0.00903	0.01280	0.00757	0.00738	0.02398	0.01437	0.71905	0.02037	0.04632	0.01363	0.02892	0.00582	0.00172	0.00439	0.00558	0.00621	0.00846
10	0.01363	0.73504	0.05929	0.00975	0.03481	0.01953	0.00945	0.01555	0.01064	0.01273	0.00747	0.00868	0.00676	0.00446	0.00348	0.00114	0.00562	0.00289	0.00227	0.03681
11	0.01323	0.01310	0.02020	0.02975	0.69822	0.07198	0.01526	0.01616	0.01208	0.01664	0.01030	0.01426	0.00891	0.00504	0.00519	0.00156	0.00638	0.03111	0.00266	0.00796
12	0.03690	0.00506	0.00681	0.00776	0.00835	0.00485	0.01976	0.00808	0.01018	0.01395	0.02747	0.69224	0.03245	0.01548	0.00657	0.00212	0.00335	0.08949	0.00473	0.00439
13	0.01295	0.01119	0.01178	0.01060	0.01354	0.01295	0.00824	0.02767	0.77509	0.02178	0.02120	0.01943	0.01590	0.00707	0.00530	0.00177	0.00412	0.00589	0.00530	0.00824
14	0.01273	0.01209	0.01993	0.07109	0.66896	0.01239	0.01514	0.01699	0.08662	0.01728	0.01088	0.01358	0.00893	0.00491	0.00517	0.00158	0.00602	0.00476	0.00283	0.00812
15	0.00634	0.00453	0.00604	0.00725	0.00755	0.00423	0.00483	0.00725	0.00997	0.01329	0.02870	0.81358	0.03444	0.01632	0.00665	0.00211	0.00302	0.01480	0.00483	0.00423
16	0.01879	0.01408	0.01506	0.01178	0.01576	0.01568	0.00965	0.65791	0.13536	0.03119	0.01379	0.01353	0.00990	0.00637	0.00522	0.00159	0.00549	0.00487	0.00522	0.00877
17	0.00705	0.00485	0.00597	0.00658	0.00677	0.00472	0.00416	0.00757	0.00887	0.01181	0.02255	0.39269	0.02654	0.41364	0.01653	0.00358	0.00411	0.04429	0.00400	0.00372
18	0.01295	0.01119	0.01178	0.01060	0.01354	0.01295	0.00824	0.02767	0.77509	0.02178	0.02120	0.01943	0.01590	0.00707	0.00530	0.00177	0.00412	0.00589	0.00530	0.00824
19	0.00983	0.00926	0.01562	0.80447	0.03587	0.01157	0.01446	0.01331	0.01041	0.01331	0.00926	0.01388	0.00694	0.00521	0.00521	0.00174	0.00694	0.00463	0.00231	0.00579
20	0.00905	0.00452	0.00678	0.00678	0.00678	0.00452	0.00452	0.00678	0.00678	0.00905	0.00905	0.01583	0.00905	0.01809	0.02035	0.84848	0.00452	0.00452	0.00226	0.00226
21	0.01967	0.01668	0.01498	0.01210	0.01582	0.21765	0.00971	0.48744	0.05412	0.08190	0.01231	0.01238	0.00890	0.00607	0.00508	0.00152	0.00652	0.00443	0.00465	0.00810
22	0.02197	0.00902	0.01185	0.00919	0.01305	0.00809	0.00756	0.06939	0.03082	0.67833	0.02093	0.01848	0.03594	0.00664	0.00521	0.00160	0.00438	0.00538	0.03359	0.00858
23	0.01392	0.82012	0.02729	0.00891	0.01337	0.02061	0.00891	0.01559	0.01058	0.01225	0.00724	0.00835	0.00668	0.00446	0.00334	0.00111	0.00557	0.00278	0.00223	0.00668
24	0.00905	0.00452	0.00678	0.00678	0.00678	0.00452	0.00452	0.00678	0.00678	0.00905	0.00905	0.01583	0.00905	0.01809	0.02035	0.84848	0.00452	0.00452	0.00226	0.00226
25	0.01229	0.01132	0.01840	0.34277	0.41071	0.01240	0.01481	0.08412	0.01244	0.01697	0.00983	0.01326	0.00778	0.00502	0.00518	0.00162	0.00645	0.00464	0.00271	0.00731
26	0.13244	0.01653	0.07008	0.01159	0.01547	0.17607	0.00982	0.37082	0.08508	0.04541	0.01161	0.01195	0.00854	0.00586	0.00482	0.00155	0.00622	0.00422	0.00424	0.00770
27	0.02325	0.00905	0.01220	0.00935	0.01339	0.00793	0.00773	0.04950	0.01522	0.76355	0.02028	0.01756	0.01276	0.00644	0.00524	0.00161	0.00447	0.00522	0.00641	0.00886
28	0.01328	0.01111	0.01179	0.01056	0.01353	0.01279	0.00822	0.02760	0.75130	0.04577	0.02118	0.01938	0.01580	0.00705	0.00530	0.00176	0.00413	0.00587	0.00533	0.00826
29	0.09550	0.01098	0.08780	0.00973	0.01307	0.00956	0.04215	0.19025	0.01480	0.09300	0.12906	0.14030	0.06462	0.00833	0.00535	0.00164	0.00456	0.00703	0.00456	0.06771
30	0.00637	0.00456	0.00611	0.00728	0.00760	0.00429	0.00488	0.00731	0.00993	0.01326	0.02830	0.79195	0.03386	0.01694	0.02819	0.00229	0.00332	0.01455	0.00478	0.00424
31	0.00744	0.00557	0.00830	0.00830	0.00921	0.00647	0.00642	0.00925	0.00835	0.01204	0.01401	0.02081	0.01317	0.05905	0.77656	0.00828	0.01372	0.00563	0.00280	0.00461
32	0.01045	0.02694	0.79000	0.01484	0.02254	0.01209	0.01924	0.01649	0.01099	0.01649	0.00935	0.01099	0.00660	0.00495	0.00495	0.00165	0.00770	0.00385	0.00220	0.00770
33	0.01260	0.01386	0.02998	0.02187	0.04678	0.01300	0.72559	0.01690	0.01235	0.03731	0.01078	0.01412	0.00804	0.00445	0.00610	0.00175	0.00860	0.00608	0.00273	0.00711
34	0.02336	0.00886	0.01209	0.00927	0.01329	0.00765	0.00765	0.02538	0.01491	0.78810	0.02055	0.01773	0.01289	0.00645	0.00524	0.00161	0.00443	0.00524	0.00645	0.00886
35	0.10957	0.00899	0.01163	0.00901	0.01296	0.00807	0.00744	0.02433	0.01428	0.70872	0.01917	0.01676	0.01214	0.00628	0.00503	0.00161	0.00439	0.00499	0.00611	0.00853
36	0.01274	0.01444	0.01021	0.00960	0.01166	0.36555	0.00716	0.01490	0.05593	0.01456	0.10742	0.09991	0.23693	0.00930	0.00549	0.00159	0.00581	0.00741	0.00398	0.00540
37	0.50302	0.00990	0.03023	0.00855	0.03635	0.01006	0.00687	0.01787	0.01119	0.24335	0.06738	0.01355	0.01100	0.00572	0.00412	0.00161	0.00420	0.00408	0.00429	0.00666
38	0.00752	0.00527	0.00680	0.00680	0.00719	0.00566	0.00455	0.00829	0.00790	0.01093	0.01539	0.02841	0.01647	0.49328	0.34684	0.00643	0.00875	0.00674	0.00300	0.00378
39	0.01012	0.00955	0.01614	0.73152	0.10656	0.01165	0.01461	0.01356	0.01055	0.01366	0.00931	0.01379	0.00707	0.00515	0.00520	0.00172	0.00687	0.00463	0.00234	0.00602
40	0.00967	0.00627	0.00759	0.00725	0.00865	0.00612	0.00523	0.01268	0.10694	0.10683	0.20193	0.18226	0.10891	0.17294	0.03090	0.00261	0.00385	0.00921	0.00490	0.00525
41	0.03412	0.01002	0.01373	0.17308	0.05751	0.01007	0.00978	0.13592	0.01520	0.46158	0.01623	0.01573	0.01070	0.00604	0.00519	0.00163	0.00522	0.00496	0.00516	0.00815
42	0.01340	0.01338	0.01983	0.10626	0.61598	0.09221	0.01510	0.03185	0.01227	0.01654	0.00962	0.01262	0.00797	0.00480	0.00511	0.00154	0.00658	0.00451	0.00262	0.00779
43	0.01457	0.30612	0.05519	0.01533	0.17333	0.14959	0.03452	0.10141	0.01317	0.01606	0.01026	0.06862	0.00930	0.00573	0.00456	0.00141	0.00638	0.00450	0.00292	0.00702
44	0.01105	0.01139	0.01030	0.00976	0.01111	0.23102	0.00743	0.01253	0.01035	0.01231	0.01477	0.01982	0.06724	0.08190	0.40307	0.00522	0.06742	0.00541	0.00290	0.00499
45	0.01036	0.04843	0.72715	0.01426	0.02150	0.01194	0.01819	0.01605	0.01106	0.01641	0.03043	0.03229	0.00845	0.00538	0.00498	0.00165	0.00738	0.00425	0.00236	0.00750
46	0.01266	0.01218	0.02092	0.08686	0.71763	0.01233	0.02924	0.01580	0.01176	0.01674	0.00977	0.01298	0.00815	0.00468	0.00518	0.00156	0.00629	0.00467	0.00256	0.00805
47	0.09903	0.00897	0.01168	0.00905	0.01300	0.00802	0.00747	0.02446	0.01435	0.71842	0.01933	0.01688	0.01223	0.00630	0.00505	0.00161	0.00439	0.00502	0.00615	0.00857
48	0.01289	0.01237	0.02114	0.03196	0.78450	0.01237	0.01598	0.01598	0.01186	0.01701	0.00980	0.01289	0.00825	0.00464	0.00516	0.00155	0.00619	0.00464	0.00258	0.00825
49	0.01042	0.11234	0.25030	0.01027	0.01405	0.01053	0.01056	0.01457	0.07578	0.05288	0.16375	0.07447	0.10416	0.00819	0.00615	0.00168	0.06310	0.00659	0.00381	0.00640
50	0.02231	0.00867	0.01162	0.00899	0.01282	0.00760	0.00740	0.03746	0.01478	0.71909	0.02015	0.01776	0.01285	0.00641	0.00512	0.00158	0.00431	0.00520	0.06729	0.00857
51	0.00736	0.00502	0.00601	0.00621	0.00635	0.00506	0.00377	0.00770	0.00804	0.01082	0.01816	0.15941	0.02086	0.60809	0.10120	0.00491	0.00562	0.00855	0.00339	0.00348
52	0.01045	0.02694	0.79000	0.01484	0.02254	0.01209	0.01924	0.01649	0.01099	0.01649	0.00935	0.01099	0.00660	0.00495	0.00495	0.00165	0.00770	0.00385	0.00220	0.00770
53	0.01271	0.01211	0.02062	0.03106	0.75312	0.01211	0.01567	0.01577	0.01186	0.01696	0.01052	0.01475	0.00913	0.00504	0.00524	0.00158	0.00613	0.03484	0.00267	0.00811
54	0.02336	0.00886	0.01209	0.00927	0.01329	0.00765	0.00765	0.02538	0.01491	0.78810	0.02055	0.01773	0.01289	0.00645	0.00524	0.00161	0.00443	0.00524	0.00645	0.00886
55	0.02015	0.01402	0.01528	0.01171	0.01587	0.01531	0.00968	0.69382	0.02354	0.10748	0.01330	0.01302	0.00926	0.00627	0.00521	0.00157	0.00560	0.00474	0.00533	0.00886
56	0.01235	0.01201	0.02085	0.02913	0.65988	0.01187	0.08266	0.01543	0.01190	0.01677	0.01298	0.01569	0.06435	0.00524	0.00532	0.00158	0.00616	0.00524	0.00275	0.00786
57	0.85377	0.01007	0.00765	0.00685	0.01007	0.01168	0.00564	0.01531	0.00886	0.02336	0.00725	0.00846	0.00564	0.00483	0.00322	0.00161	0.00403	0.00282	0.00322	0.00564
58	0.01229	0.01405	0.03073	0.02195	0.02722	0.01317	0.76558	0.01668	0.01229	0.01668	0.01054	0.01405	0.00790	0.00439	0.00615	0.00176	0.00878	0.00615	0.00263	0.00702
59	0.01045	0.02603	0.74661	0.01492	0.02240	0.01198	0.04557	0.01636	0.01112	0.01659	0.02547	0.01168	0.00753	0.00505	0.00502	0.00165	0.00763	0.00405	0.00229	0.00761
60	0.00829	0.00614	0.00865	0.06690	0.01227	0.00624	0.00845	0.01065	0.01179	0.01525	0.02771	0.08316	0.07106	0.01372	0.00697	0.00230	0.00476	0.62623	0.00462	0.00482
61	0.00689	0.00564	0.00829	0.00823	0.00937	0.00515	0.07958	0.00823	0.01065	0.01381	0.03258	0.55497	0.20801	0.01440	0.00648	0.00200	0.00350	0.01305	0.00462	0.00454
62	0.02005	0.01390	0.01517	0.01166	0.01579	0.01517	0.00962	0.67291	0.03820	0.11375	0.01354	0.01320	0.00943	0.00629	0.00521	0.00157	0.00556	0.00477	0.00534	0.00884
63	0.01980	0.01459	0.01563	0.01198	0.01615	0.01615	0.00990	0.76713	0.02448	0.03282	0.01250	0.01250	0.00886	0.00625	0.00521	0.00156	0.00573	0.00469	0.00521	0.00886
64	0.01093	0.00969	0.01259	0.00899	0.01368	0.00750	0.07431	0.01343	0.01093	0.01694	0.00937	0.01109	0.00773	0.00390	0.00406	0.00086	0.00430	0.00336	0.00304	0.77329
65	0.00905	0.00452	0.00678	0.00678	0.00678	0.00452	0.00452	0.00678	0.00678	0.00905	0.00905	0.01583	0.00905	0.01809	0.02035	0.84848	0.00452	0.00452	0.00226	0.00226
66	0.01385	0.76146	0.02616	0.00903	0.01338	0.02005	0.00886	0.01647	0.06602	0.01294	0.00825	0.00916	0.00735	0.00464	0.00348	0.00116	0.00546	0.00301	0.00245	0.00680
67	0.02336	0.00886	0.01209	0.00927	0.01329	0.00765	0.00765	0.02538	0.01491	0.78810	0.02055	0.01773	0.01289	0.00645	0.00524	0.00161	0.00443	0.00524	0.00645	0.00886
68	0.02336	0.00886	0.01209	0.00927	0.01329	0.00765	0.00765	0.02538	0.01491	0.78810	0.02055	0.01773	0.01289	0.00645	0.00524	0.00161	0.00443	0.00524	0.00645	0.00886
69	0.01289	0.01237	0.02114	0.03196	0.78450	0.01237	0.01598	0.01598	0.01186	0.01701	0.00980	0.01289	0.00825	0.00464	0.00516	0.00155	0.00619	0.00464	0.00258	0.00825
70	0.01162	0.01178	0.01592	0.01366	0.01374	0.03822	0.01136	0.01277	0.00817	0.01254	0.00687	0.01134	0.00683	0.00901	0.01674	0.00225	0.78467	0.00452	0.00229	0.00571
71	0.00824	0.00589	0.00822	0.00942	0.01055	0.00587	0.00813	0.01053	0.01184	0.01542	0.02765	0.11348	0.03029	0.01453	0.00715	0.00238	0.00467	0.69618	0.00480	0.00475
72	0.01045	0.02694	0.79000	0.01484	0.02254	0.01209	0.01924	0.01649	0.01099	0.01649	0.00935	0.01099	0.00660	0.00495	0.00495	0.00165	0.00770	0.00385	0.00220	0.00770
73	0.01911	0.01443	0.01523	0.01187	0.01589	0.02949	0.00974	0.68068	0.09881	0.03137	0.01329	0.01314	0.00952	0.00632	0.00521	0.00158	0.00563	0.00478	0.00517	0.00875
74	0.02300	0.00876	0.01189	0.00915	0.01310	0.00758	0.00755	0.02503	0.01480	0.76756	0.02045	0.01777	0.01290	0.00644	0.00519	0.00160	0.00438	0.00523	0.02888	0.00876
75	0.28959	0.00925	0.01066	0.00849	0.01226	0.00895	0.00701	0.02215	0.01297	0.54293	0.01628	0.01475	0.01057	0.00593	0.00459	0.00161	0.00430	0.00446	0.00541	0.00783
76	0.09527	0.00965	0.01163	0.00928	0.01299	0.02976	0.00756	0.03828	0.10090	0.57300	0.04370	0.01746	0.01352	0.00648	0.00508	0.00162	0.00445	0.00517	0.00588	0.00830
77	0.00709	0.00493	0.00653	0.00757	0.00818	0.00464	0.00543	0.00828	0.01048	0.03065	0.02937	0.60965	0.07258	0.03106	0.00707	0.00219	0.00338	0.14168	0.00483	0.00442
78	0.03917	0.00910	0.01209	0.00932	0.01332	0.00808	0.00769	0.04641	0.03062	0.73601	0.02007	0.01743	0.01270	0.00642	0.00520	0.00161	0.00445	0.00519	0.00632	0.00879
79	0.01268	0.01235	0.02170	0.03028	0.68871	0.01225	0.08953	0.01588	0.01198	0.01709	0.03092	0.01371	0.00933	0.00478	0.00528	0.00157	0.00634	0.00492	0.00267	0.00804
80	0.01105	0.10885	0.63411	0.01591	0.09664	0.01302	0.01783	0.01635	0.01104	0.01610	0.00917	0.01090	0.00677	0.00487	0.00480	0.00158	0.00732	0.00381	0.00224	0.00764
81	0.00653	0.00476	0.00637	0.00744	0.00775	0.00461	0.00504	0.00747	0.01001	0.01344	0.04454	0.77148	0.03390	0.01597	0.00696	0.00211	0.02818	0.01437	0.00477	0.00429
82	0.47569	0.01274	0.06731	0.08958	0.01517	0.04625	0.00869	0.16477	0.01262	0.03710	0.00892	0.01026	0.00668	0.00529	0.00429	0.00162	0.01949	0.00355	0.00347	0.00652
83	0.01553	0.01613	0.01376	0.13331	0.07521	0.35775	0.01005	0.07622	0.01401	0.07114	0.01597	0.04541	0.10606	0.00688	0.00535	0.00155	0.02064	0.00528	0.00343	0.00632
84	0.00898	0.00452	0.00677	0.00680	0.00680	0.00452	0.00453	0.00680	0.00686	0.00915	0.00952	0.03512	0.00966	0.01805	0.02002	0.82802	0.00449	0.00477	0.00232	0.00231
85	0.05316	0.03496	0.01569	0.09620	0.10509	0.41328	0.03851	0.04745	0.04649	0.02760	0.00944	0.01115	0.00755	0.00520	0.00475	0.00142	0.00759	0.00387	0.00294	0.06766
86	0.01058	0.04930	0.75157	0.01483	0.02238	0.01236	0.03532	0.01647	0.01101	0.01638	0.00931	0.01099	0.00663	0.00492	0.00493	0.00164	0.00766	0.00387	0.00221	0.00765
87	0.00737	0.00532	0.00696	0.00655	0.00778	0.00491	0.00491	0.00983	0.01474	0.02088	0.78175	0.03890	0.04914	0.01065	0.00614	0.00164	0.00246	0.00942	0.00573	0.00491
88	0.07568	0.01039	0.01244	0.00972	0.01356	0.01022	0.00798	0.24287	0.01710	0.46705	0.01864	0.03798	0.03859	0.00678	0.00517	0.00162	0.00469	0.00537	0.00577	0.00837
89	0.01392	0.82012	0.02729	0.00891	0.01337	0.02061	0.00891	0.01559	0.01058	0.01225	0.00724	0.00835	0.00668	0.00446	0.00334	0.00111	0.00557	0.00278	0.00223	0.00668
90	0.00732	0.00506	0.00611	0.00638	0.00651	0.00511	0.00393	0.00768	0.00824	0.01108	0.01926	0.23327	0.02236	0.55114	0.06685	0.00444	0.01889	0.00926	0.00355	0.00356
91	0.00751	0.00568	0.00846	0.00842	0.00932	0.00666	0.00654	0.00933	0.00835	0.01206	0.01386	0.02053	0.01301	0.05220	0.76851	0.00820	0.02835	0.00560	0.00279	0.00464
92	0.01040	0.00989	0.01669	0.64871	0.12202	0.01183	0.04119	0.01418	0.03454	0.01411	0.00970	0.01391	0.00741	0.00523	0.00543	0.00172	0.01968	0.00472	0.00245	0.00619
93	0.01063	0.01007	0.01715	0.56636	0.22792	0.01165	0.03034	0.01399	0.01087	0.01440	0.00994	0.01491	0.00796	0.00531	0.00527	0.00171	0.00672	0.02593	0.00246	0.00642
94	0.02329	0.00899	0.01216	0.00933	0.01336	0.00784	0.00770	0.04165	0.01512	0.77153	0.02037	0.01761	0.01280	0.00644	0.00524	0.00161	0.00446	0.00522	0.00642	0.00886
95	0.01980	0.01459	0.01563	0.01198	0.01615	0.01615	0.00990	0.76713	0.02448	0.03282	0.01250	0.01250	0.00886	0.00625	0.00521	0.00156	0.00573	0.00469	0.00521	0.00886
96	0.01040	0.02650	0.77371	0.01473	0.02229	0.01197	0.01901	0.01637	0.01102	0.01647	0.00973	0.01199	0.00708	0.00514	0.00499	0.00166	0.00764	0.01939	0.00225	0.00764
97	0.00656	0.00467	0.00619	0.00734	0.00769	0.00440	0.00500	0.00753	0.00999	0.01329	0.02795	0.71637	0.03327	0.05980	0.00777	0.00230	0.00326	0.06768	0.00474	0.00421
98	0.00745	0.00555	0.00820	0.00820	0.00907	0.00642	0.00630	0.00919	0.00832	0.01196	0.01410	0.02131	0.01339	0.08761	0.74830	0.00816	0.01339	0.00570	0.00281	0.00456
99	0.01075	0.01061	0.01029	0.13261	0.01481	0.17416	0.00830	0.02886	0.04106	0.01566	0.13264	0.03430	0.17965	0.00983	0.00588	0.00179	0.00532	0.17400	0.00413	0.00536
100	0.01009	0.02355	0.65852	0.01393	0.02057	0.01116	0.04318	0.01538	0.01091	0.01612	0.03918	0.03322	0.00980	0.06430	0.00664	0.00191	0.00723	0.00467	0.00248	0.00716
101	0.00971	0.00485	0.00485	0.00485	0.00607	0.00485	0.00364	0.01213	0.01092	0.01942	0.01699	0.01942	0.01335	0.00607	0.00364	0.00121	0.00243	0.00485	0.84589	0.00485
102	0.79853	0.03824	0.00848	0.00700	0.01029	0.01187	0.00582	0.01563	0.00911	0.04691	0.00767	0.00875	0.00590	0.00487	0.00329	0.00159	0.00409	0.00289	0.00329	0.00578
103	0.01006	0.00948	0.01602	0.74845	0.09015	0.01163	0.01457	0.01350	0.01052	0.01357	0.00930	0.01381	0.00704	0.00517	0.00520	0.00172	0.00689	0.00463	0.00233	0.00596
104	0.01860	0.01156	0.01335	0.01015	0.01430	0.01145	0.00833	0.37318	0.01857	0.24811	0.03471	0.01436	0.01086	0.00592	0.00496	0.00141	0.00487	0.00464	0.00513	0.18553
105	0.01229	0.01405	0.03073	0.02195	0.02722	0.01317	0.76558	0.01668	0.01229	0.01668	0.01054	0.01405	0.00790	0.00439	0.00615	0.00176	0.00878	0.00615	0.00263	0.00702
106	0.01080	0.00926	0.01080	0.00771	0.01234	0.00694	0.00617	0.01311	0.01080	0.01697	0.00926	0.01080	0.00771	0.00386	0.00386	0.00077	0.00386	0.00309	0.00309	0.84882
107	0.02336	0.00886	0.01209	0.00927	0.01329	0.00765	0.00765	0.02538	0.01491	0.78810	0.02055	0.01773	0.01289	0.00645	0.00524	0.00161	0.00443	0.00524	0.00645	0.00886
108	0.02023	0.01389	0.01520	0.01165	0.01580	0.01512	0.00963	0.67726	0.02332	0.12433	0.01348	0.01314	0.00935	0.00627	0.00521	0.00157	0.00557	0.00476	0.00536	0.00886
109	0.01392	0.82012	0.02729	0.00891	0.01337	0.02061	0.00891	0.01559	0.01058	0.01225	0.00724	0.00835	0.00668	0.00446	0.00334	0.00111	0.00557	0.00278	0.00223	0.00668
110	0.02330	0.00897	0.01215	0.00932	0.01335	0.00782	0.00770	0.03949	0.01509	0.77373	0.02039	0.01763	0.01281	0.00644	0.00524	0.00161	0.00446	0.00523	0.00642	0.00886
111	0.00634	0.00453	0.00604	0.00725	0.00755	0.00423	0.00483	0.00725	0.00997	0.01329	0.02870	0.81358	0.03444	0.01632	0.00665	0.00211	0.00302	0.01480	0.00483	0.00423
112	0.16476	0.00900	0.01103	0.00874	0.01241	0.00845	0.00717	0.04050	0.02860	0.56802	0.07327	0.01757	0.01423	0.00648	0.00496	0.00162	0.00424	0.00512	0.00579	0.00801
113	0.01267	0.01215	0.02074	0.08798	0.73021	0.01232	0.01587	0.01579	0.01175	0.01674	0.00976	0.01296	0.00815	0.00468	0.00516	0.00156	0.00624	0.00464	0.00256	0.00807
114	0.66801	0.00967	0.00841	0.00724	0.01056	0.01069	0.00596	0.01712	0.01008	0.16903	0.01010	0.01058	0.00727	0.00518	0.00362	0.00160	0.00405	0.00335	0.03123	0.00623
115	0.02336	0.00886	0.01209	0.00927	0.01329	0.00765	0.00765	0.02538	0.01491	0.78810	0.02055	0.01773	0.01289	0.00645	0.00524	0.00161	0.00443	0.00524	0.00645	0.00886
116	0.01164	0.01036	0.01603	0.60625	0.08655	0.01245	0.01379	0.13056	0.01264	0.01659	0.00974	0.01354	0.00733	0.00542	0.00549	0.00171	0.02606	0.00464	0.00278	0.00644
117	0.02154	0.00909	0.02867	0.00915	0.01298	0.00772	0.00763	0.04318	0.01470	0.68294	0.03552	0.01950	0.03858	0.03645	0.00606	0.00174	0.00446	0.00554	0.00613	0.00841
118	0.00633	0.00459	0.00599	0.00711	0.00752	0.00424	0.00477	0.00727	0.01011	0.01335	0.03045	0.75822	0.08868	0.01609	0.00661	0.00209	0.00299	0.01453	0.00483	0.00424
119	0.01045	0.02694	0.79000	0.01484	0.02254	0.01209	0.01924	0.01649	0.01099	0.01649	0.00935	0.01099	0.00660	0.00495	0.00495	0.00165	0.00770	0.00385	0.00220	0.00770
120	0.01346	0.66952	0.15507	0.01001	0.01497	0.03617	0.01067	0.01586	0.01074	0.01297	0.00761	0.00882	0.00667	0.00456	0.00364	0.00121	0.00601	0.00298	0.00223	0.00684
121	0.11197	0.01077	0.01241	0.01133	0.07846	0.03931	0.00832	0.19644	0.04306	0.22398	0.14979	0.01817	0.01672	0.00676	0.00532	0.00158	0.02041	0.00539	0.00496	0.03486
122	0.01376	0.00856	0.01194	0.01234	0.12731	0.00833	0.02761	0.08938	0.04236	0.21030	0.20351	0.09997	0.02386	0.00864	0.00569	0.00170	0.00427	0.06113	0.03245	0.00688
123	0.01080	0.00926	0.01080	0.00771	0.01234	0.00694	0.00617	0.01311	0.01080	0.01697	0.00926	0.01080	0.00771	0.00386	0.00386	0.00077	0.00386	0.00309	0.00309	0.84882
124	0.01250	0.49649	0.33848	0.01133	0.01711	0.01713	0.01313	0.01596	0.01075	0.01398	0.00810	0.00943	0.00665	0.00466	0.00400	0.00133	0.00644	0.00322	0.00222	0.00710
125	0.01164	0.21668	0.49021	0.01232	0.01842	0.01325	0.01477	0.01607	0.01145	0.05445	0.08394	0.01338	0.01104	0.00545	0.00469	0.00152	0.00651	0.00420	0.00276	0.00724
126	0.02336	0.00886	0.01209	0.00927	0.01329	0.00765	0.00765	0.02538	0.01491	0.78810	0.02055	0.01773	0.01289	0.00645	0.00524	0.00161	0.00443	0.00524	0.00645	0.00886
127	0.00714	0.00550	0.00605	0.00584	0.00754	0.00479	0.00440	0.00902	0.02610	0.04025	0.24636	0.04556	0.54857	0.01219	0.00611	0.00172	0.00267	0.01030	0.00513	0.00474
128	0.01206	0.01220	0.02328	0.21878	0.18117	0.01249	0.35669	0.01666	0.06693	0.03117	0.01103	0.01423	0.00841	0.00488	0.00563	0.00171	0.00737	0.00543	0.00281	0.00708
129	0.00682	0.00487	0.00659	0.00780	0.00831	0.00464	0.00567	0.00808	0.01044	0.01383	0.02844	0.63708	0.03340	0.01586	0.00677	0.00218	0.00344	0.18659	0.00483	0.00436
130	0.00745	0.00555	0.00822	0.00822	0.00910	0.00643	0.00633	0.00921	0.00833	0.01198	0.01408	0.02120	0.01334	0.08140	0.75444	0.00819	0.01346	0.00569	0.00281	0.00457
131	0.01235	0.10965	0.01306	0.03578	0.01349	0.06433	0.00813	0.02200	0.47922	0.01845	0.02097	0.07798	0.06391	0.00786	0.00523	0.00170	0.00459	0.02954	0.00458	0.00719
132	0.01299	0.54274	0.26969	0.01094	0.01637	0.04217	0.01224	0.01604	0.01084	0.01362	0.00794	0.00923	0.00666	0.00464	0.00390	0.00129	0.00637	0.00314	0.00223	0.00699
133	0.02297	0.00950	0.01248	0.00957	0.01361	0.00859	0.00790	0.10735	0.01596	0.70464	0.01966	0.01715	0.01245	0.00642	0.00523	0.00161	0.00457	0.00518	0.00631	0.00886
134	0.00958	0.00487	0.00487	0.00487	0.00610	0.00484	0.00365	0.01197	0.01095	0.01922	0.01826	0.02051	0.04079	0.00632	0.00373	0.00123	0.00243	0.00507	0.81589	0.00484
135	0.03625	0.10460	0.10263	0.01013	0.01385	0.02699	0.00911	0.13124	0.19566	0.14897	0.11387	0.04009	0.03019	0.00703	0.00511	0.00160	0.00482	0.00567	0.00470	0.00749
136	0.00760	0.00569	0.00636	0.00639	0.00792	0.00517	0.00476	0.00968	0.05393	0.04667	0.09115	0.14650	0.45619	0.07117	0.00768	0.00207	0.00315	0.05833	0.00486	0.00474
137	0.00634	0.00453	0.00604	0.00725	0.00755	0.00423	0.00483	0.00725	0.00997	0.01329	0.02870	0.81358	0.03444	0.01632	0.00665	0.00211	0.00302	0.01480	0.00483	0.00423
138	0.01045	0.02694	0.79000	0.01484	0.02254	0.01209	0.01924	0.01649	0.01099	0.01649	0.00935	0.01099	0.00660	0.00495	0.00495	0.00165	0.00770	0.00385	0.00220	0.00770
139	0.01134	0.23148	0.59331	0.01331	0.02017	0.01429	0.01658	0.01626	0.01089	0.01540	0.00880	0.01031	0.00662	0.00482	0.00453	0.00151	0.00715	0.00357	0.00221	0.00744
140	0.01392	0.82012	0.02729	0.00891	0.01337	0.02061	0.00891	0.01559	0.01058	0.01225	0.00724	0.00835	0.00668	0.00446	0.00334	0.00111	0.00557	0.00278	0.00223	0.00668
141	0.74016	0.06630	0.06139	0.00752	0.01113	0.01232	0.00677	0.01541	0.00912	0.02215	0.00739	0.00862	0.00577	0.00482	0.00335	0.00158	0.00438	0.00289	0.00309	0.00585
142	0.03605	0.01145	0.01923	0.24444	0.55579	0.01213	0.01527	0.01522	0.01137	0.01617	0.00957	0.01304	0.00781	0.00480	0.00511	0.00160	0.00633	0.00458	0.00252	0.00749
143	0.01090	0.13114	0.68980	0.01406	0.02133	0.01321	0.01788	0.01637	0.01094	0.01594	0.00907	0.01065	0.00661	0.00488	0.00474	0.00158	0.00742	0.00371	0.00220	0.00756
144	0.01247	0.01430	0.03004	0.02157	0.02668	0.03457	0.73200	0.01672	0.01228	0.01650	0.01040	0.01387	0.00785	0.00450	0.00629	0.00175	0.02254	0.00604	0.00263	0.00697
145	0.00839	0.00599	0.00839	0.00959	0.01079	0.00599	0.00839	0.01079	0.01199	0.01558	0.02757	0.05874	0.02997	0.01439	0.00719	0.00240	0.00480	0.74945	0.00480	0.00480
146	0.02207	0.00913	0.01205	0.00938	0.01326	0.00826	0.00770	0.05158	0.06878	0.68626	0.04107	0.01824	0.01395	0.00660	0.00527	0.00162	0.00440	0.00538	0.00630	0.00871
147	0.00757	0.00505	0.00568	0.00568	0.00568	0.00505	0.00316	0.00757	0.00757	0.01010	0.01641	0.03408	0.01893	0.81698	0.02651	0.00505	0.00505	0.00757	0.00316	0.00316
148	0.01383	0.79973	0.04689	0.00906	0.01360	0.02039	0.00918	0.01562	0.01059	0.01236	0.00729	0.00842	0.00668	0.00447	0.00338	0.00113	0.00562	0.00281	0.00223	0.00671
149	0.00682	0.00503	0.00644	0.00744	0.00797	0.00487	0.00506	0.00874	0.06550	0.01393	0.02881	0.73518	0.05350	0.01556	0.00654	0.00208	0.00309	0.01405	0.00487	0.00453
150	0.00744	0.00557	0.00832	0.00832	0.00923	0.00648	0.00645	0.00927	0.00835	0.01205	0.01400	0.02072	0.01313	0.05386	0.78170	0.00831	0.01378	0.00562	0.00280	0.00462
151	0.00983	0.00926	0.01562	0.80447	0.03587	0.01157	0.01446	0.01331	0.01041	0.01331	0.00926	0.01388	0.00694	0.00521	0.00521	0.00174	0.00694	0.00463	0.00231	0.00579
152	0.04724	0.16324	0.01497	0.00925	0.01333	0.01067	0.00793	0.05334	0.02671	0.57366	0.01729	0.01547	0.01137	0.00602	0.00481	0.00152	0.00468	0.00468	0.00547	0.00834
153	0.04208	0.00818	0.01061	0.00843	0.01183	0.00731	0.00687	0.03801	0.01441	0.57877	0.08275	0.02069	0.04985	0.00700	0.00514	0.00158	0.00401	0.00572	0.08891	0.00786
154	0.01704	0.01003	0.01169	0.00987	0.01323	0.01048	0.00786	0.02607	0.43547	0.33888	0.02195	0.01972	0.03957	0.00701	0.00530	0.00170	0.00420	0.00578	0.00576	0.00837
155	0.03428	0.01591	0.01511	0.10210	0.01812	0.19009	0.01026	0.46365	0.01994	0.06301	0.01143	0.01214	0.00830	0.00592	0.00506	0.00154	0.00659	0.00437	0.00434	0.00782
156	0.00733	0.00520	0.00669	0.00665	0.00777	0.00476	0.00486	0.00931	0.01336	0.03353	0.52259	0.22236	0.11182	0.01213	0.00624	0.00176	0.00265	0.01075	0.00545	0.00478
157	0.00751	0.00567	0.00844	0.00840	0.00929	0.00664	0.00651	0.00931	0.00834	0.01205	0.01389	0.02063	0.01306	0.05735	0.76429	0.00818	0.02742	0.00561	0.00279	0.00463
158	0.00647	0.00516	0.00580	0.00590	0.00729	0.00449	0.00433	0.00798	0.01222	0.01552	0.21827	0.17475	0.48721	0.01312	0.00623	0.00179	0.00266	0.01126	0.00504	0.00449
159	0.01289	0.01237	0.02114	0.03196	0.78450	0.01237	0.01598	0.01598	0.01186	0.01701	0.00980	0.01289	0.00825	0.00464	0.00516	0.00155	0.00619	0.00464	0.00258	0.00825
160	0.00694	0.00534	0.00802	0.00851	0.00924	0.00502	0.06029	0.00822	0.01030	0.01373	0.02729	0.69400	0.03215	0.01529	0.00666	0.00211	0.00358	0.07413	0.00467	0.00448
161	0.01065	0.02550	0.70530	0.01564	0.02306	0.01221	0.10249	0.01651	0.01114	0.01651	0.00948	0.01134	0.00674	0.00489	0.00508	0.00166	0.00782	0.00410	0.00225	0.00762
162	0.01218	0.01165	0.01987	0.21012	0.61185	0.01219	0.01563	0.01536	0.01152	0.01616	0.00967	0.01312	0.00795	0.00477	0.00517	0.00159	0.00636	0.00464	0.00252	0.00768
163	0.00746	0.00551	0.00800	0.00800	0.00880	0.00631	0.00605	0.00906	0.00826	0.01182	0.01429	0.02232	0.01383	0.14536	0.69115	0.00792	0.01273	0.00585	0.00284	0.00445
164	0.01451	0.01381	0.14566	0.01116	0.01514	0.01221	0.01012	0.13257	0.40400	0.11758	0.01878	0.03410	0.03298	0.00686	0.00527	0.00170	0.00495	0.00560	0.00488	0.00813
165	0.01392	0.82012	0.02729	0.00891	0.01337	0.02061	0.00891	0.01559	0.01058	0.01225	0.00724	0.00835	0.00668	0.00446	0.00334	0.00111	0.00557	0.00278	0.00223	0.00668
166	0.02336	0.00886	0.01209	0.00927	0.01329	0.00765	0.00765	0.02538	0.01491	0.78810	0.02055	0.01773	0.01289	0.00645	0.00524	0.00161	0.00443	0.00524	0.00645	0.00886
167	0.02309	0.00892	0.01208	0.00930	0.01330	0.00779	0.00767	0.02544	0.03492	0.76793	0.02056	0.01777	0.01297	0.00646	0.00524	0.00162	0.00442	0.00525	0.00642	0.00885
168	0.08605	0.03793	0.03162	0.01031	0.01394	0.01250	0.00852	0.17707	0.33826	0.20161	0.01737	0.01615	0.01239	0.00643	0.00502	0.00165	0.00465	0.00509	0.00520	0.00823
169	0.00848	0.00606	0.00683	0.00667	0.00751	0.00610	0.00452	0.05575	0.05287	0.01400	0.06083	0.07165	0.12202	0.45898	0.01739	0.00362	0.00441	0.06190	0.02614	0.00425
170	0.00693	0.00509	0.00686	0.00750	0.00785	0.00501	0.02035	0.00776	0.00950	0.01273	0.02507	0.59721	0.02973	0.17828	0.01103	0.00271	0.03082	0.02707	0.00436	0.00413
171	0.00633	0.00459	0.00599	0.00711	0.00752	0.00424	0.00477	0.00727	0.01011	0.01335	0.03042	0.75901	0.08790	0.01609	0.00661	0.00209	0.00299	0.01453	0.00483	0.00424
172	0.01050	0.00967	0.01572	0.72363	0.05877	0.01186	0.01416	0.05184	0.02619	0.01458	0.00967	0.01389	0.00726	0.00528	0.00521	0.00172	0.00680	0.00466	0.00253	0.00607
173	0.00758	0.00453	0.00638	0.00704	0.00720	0.00436	0.00469	0.00704	0.00851	0.01134	0.01968	0.44741	0.02279	0.01713	0.01294	0.39061	0.00371	0.01009	0.00365	0.00333
174	0.71856	0.00987	0.00838	0.00724	0.01060	0.01103	0.00597	0.01695	0.00985	0.14788	0.00942	0.00997	0.00682	0.00510	0.00355	0.00161	0.00409	0.00321	0.00375	0.00616
175	0.00864	0.00664	0.00919	0.00870	0.01007	0.00649	0.06062	0.10118	0.01301	0.01764	0.19496	0.47092	0.04544	0.01290	0.00631	0.00191	0.00364	0.01167	0.00492	0.00515
176	0.02312	0.00925	0.01233	0.00945	0.01349	0.00823	0.00781	0.07596	0.01556	0.73660	0.02000	0.01737	0.01262	0.00643	0.00524	0.00161	0.00452	0.00520	0.00636	0.00886
177	0.02336	0.00886	0.01209	0.00927	0.01329	0.00765	0.00765	0.02538	0.01491	0.78810	0.02055	0.01773	0.01289	0.00645	0.00524	0.00161	0.00443	0.00524	0.00645	0.00886
178	0.01418	0.78337	0.02673	0.00909	0.01349	0.04167	0.00896	0.02978	0.01096	0.01265	0.00736	0.00846	0.00672	0.00451	0.00341	0.00113	0.00568	0.00284	0.00230	0.00671
179	0.01319	0.01246	0.02048	0.02995	0.70465	0.02711	0.01539	0.01611	0.01176	0.03648	0.00986	0.01286	0.00826	0.00497	0.00586	0.00159	0.05367	0.00463	0.00266	0.00807
180	0.00991	0.00505	0.00507	0.00500	0.00627	0.00508	0.00377	0.02758	0.01120	0.01969	0.01690	0.01927	0.01326	0.00607	0.00367	0.00122	0.00249	0.00485	0.82869	0.00494
181	0.01779	0.10086	0.03709	0.01458	0.08485	0.54318	0.01076	0.07220	0.01441	0.01459	0.00843	0.00994	0.00700	0.00541	0.00513	0.00140	0.03951	0.00357	0.00278	0.00653
182	0.02336	0.00886	0.01209	0.00927	0.01329	0.00765	0.00765	0.02538	0.01491	0.78810	0.02055	0.01773	0.01289	0.00645	0.00524	0.00161	0.00443	0.00524	0.00645	0.00886
183	0.01047	0.00857	0.00987	0.03701	0.03589	0.00923	0.00716	0.01866	0.38053	0.03638	0.19726	0.05063	0.14566	0.00908	0.00569	0.00175	0.00366	0.02073	0.00514	0.00664
184	0.01682	0.02052	0.01623	0.01410	0.01627	0.53498	0.06520	0.01833	0.01280	0.01298	0.00791	0.01025	0.00683	0.00628	0.00805	0.00162	0.21837	0.00387	0.00257	0.00602
185	0.01980	0.01459	0.01563	0.01198	0.01615	0.01615	0.00990	0.76713	0.02448	0.03282	0.01250	0.01250	0.00886	0.00625	0.00521	0.00156	0.00573	0.00469	0.00521	0.00886
186	0.01229	0.01405	0.03073	0.02195	0.02722	0.01317	0.76558	0.01668	0.01229	0.01668	0.01054	0.01405	0.00790	0.00439	0.00615	0.00176	0.00878	0.00615	0.00263	0.00702
187	0.03086	0.00594	0.00599	0.00569	0.00721	0.00618	0.00433	0.05589	0.06066	0.02026	0.01676	0.01901	0.01317	0.02007	0.00422	0.00134	0.00281	0.00491	0.70941	0.00529
188	0.01289	0.01237	0.02114	0.03196	0.78450	0.01237	0.01598	0.01598	0.01186	0.01701	0.00980	0.01289	0.00825	0.00464	0.00516	0.00155	0.00619	0.00464	0.00258	0.00825
189	0.06930	0.00893	0.01184	0.00913	0.01312	0.00788	0.00754	0.02482	0.01457	0.74580	0.01981	0.01721	0.01249	0.00636	0.00513	0.00161	0.00441	0.00510	0.00627	0.00868
190	0.00744	0.00558	0.00837	0.00837	0.00930	0.00651	0.00651	0.00930	0.00837	0.01209	0.01395	0.02046	0.01302	0.03906	0.79635	0.00837	0.01395	0.00558	0.00279	0.00465
191	0.00642	0.00459	0.00611	0.00720	0.00757	0.00428	0.00484	0.00744	0.01032	0.01384	0.08331	0.75741	0.03551	0.01590	0.00661	0.00208	0.00298	0.01441	0.00490	0.00428
192	0.08335	0.01424	0.01502	0.01159	0.01569	0.01581	0.00957	0.70984	0.02329	0.03210	0.01210	0.01219	0.00861	0.00614	0.00506	0.00157	0.00560	0.00455	0.00506	0.00861
193	0.02301	0.00892	0.01207	0.00927	0.01326	0.00778	0.00765	0.04028	0.01510	0.75915	0.03377	0.01799	0.01345	0.00652	0.00525	0.00161	0.00442	0.00530	0.00641	0.00879
194	0.00615	0.00528	0.00528	0.00528	0.00703	0.00440	0.00396	0.00747	0.01187	0.01407	0.05276	0.05012	0.78238	0.01319	0.00615	0.00176	0.00264	0.01099	0.00484	0.00440
195	0.00627	0.00519	0.00550	0.00560	0.00715	0.00442	0.00413	0.00764	0.01189	0.01453	0.10901	0.13628	0.63774	0.01334	0.00621	0.00179	0.00267	0.01130	0.00491	0.00442
196	0.00711	0.00528	0.00662	0.00636	0.00764	0.00479	0.00474	0.00929	0.01402	0.01934	0.61882	0.07536	0.17866	0.01135	0.00617	0.00168	0.00251	0.00994	0.00553	0.00479
197	0.00744	0.00558	0.00837	0.00837	0.00930	0.00651	0.00651	0.00930	0.00837	0.01209	0.01395	0.02046	0.01302	0.03906	0.79635	0.00837	0.01395	0.00558	0.00279	0.00465
198	0.00634	0.00453	0.00604	0.00725	0.00755	0.00423	0.00483	0.00725	0.00997	0.01329	0.02870	0.81358	0.03444	0.01632	0.00665	0.00211	0.00302	0.01480	0.00483	0.00423
199	0.00744	0.00557	0.00832	0.00832	0.00923	0.00648	0.00644	0.00927	0.00835	0.01205	0.01400	0.02073	0.01314	0.05434	0.78122	0.00830	0.01377	0.00562	0.00280	0.00462
200	0.03772	0.00994	0.01192	0.01006	0.03700	0.06508	0.00783	0.05814	0.01480	0.55382	0.05796	0.05457	0.03013	0.00719	0.00531	0.00163	0.00471	0.01843	0.00576	0.00801
201	0.01184	0.02788	0.01762	0.01441	0.01513	0.04593	0.08751	0.01333	0.00872	0.01295	0.00726	0.01153	0.00694	0.00840	0.01524	0.00217	0.68031	0.00464	0.00233	0.00586
202	0.01392	0.82012	0.02729	0.00891	0.01337	0.02061	0.00891	0.01559	0.01058	0.01225	0.00724	0.00835	0.00668	0.00446	0.00334	0.00111	0.00557	0.00278	0.00223	0.00668
203	0.00744	0.00512	0.00600	0.00624	0.00648	0.00506	0.00381	0.02203	0.00868	0.01153	0.02077	0.23238	0.05105	0.55246	0.03541	0.00418	0.00463	0.00945	0.00368	0.00361
204	0.01284	0.02989	0.02312	0.06136	0.50068	0.03821	0.20905	0.01642	0.02655	0.01662	0.01007	0.01315	0.00817	0.00467	0.00536	0.00160	0.00694	0.00497	0.00263	0.00772
205	0.01295	0.01466	0.08784	0.02048	0.02585	0.01269	0.65316	0.01730	0.01238	0.07260	0.01117	0.01408	0.00816	0.00458	0.00599	0.00174	0.00838	0.00590	0.00288	0.00721
206	0.02336	0.00886	0.01209	0.00927	0.01329	0.00765	0.00765	0.02538	0.01491	0.78810	0.02055	0.01773	0.01289	0.00645	0.00524	0.00161	0.00443	0.00524	0.00645	0.00886
207	0.01088	0.03839	0.56336	0.06226	0.02417	0.01246	0.18276	0.01633	0.01124	0.01627	0.00956	0.01178	0.00691	0.00483	0.00519	0.00167	0.00785	0.00438	0.00230	0.00742
208	0.01281	0.01259	0.02235	0.03069	0.68842	0.01247	0.11109	0.01607	0.01191	0.01697	0.00989	0.01304	0.00820	0.00461	0.00528	0.00157	0.00652	0.00483	0.00258	0.00809
209	0.00971	0.00485	0.00485	0.00485	0.00607	0.00485	0.00364	0.01213	0.01092	0.01942	0.01699	0.01942	0.01335	0.00607	0.00364	0.00121	0.00243	0.00485	0.84589	0.00485
210	0.00796	0.00627	0.00922	0.00894	0.00977	0.00762	0.00705	0.00974	0.00837	0.01228	0.01315	0.01934	0.01228	0.03483	0.68747	0.00750	0.10958	0.00544	0.01842	0.00478
211	0.01931	0.04526	0.01508	0.01330	0.01603	0.77615	0.01003	0.02066	0.01465	0.01273	0.00803	0.00936	0.00671	0.00534	0.00466	0.00134	0.00929	0.00334	0.00267	0.00605
212	0.01392	0.82012	0.02729	0.00891	0.01337	0.02061	0.00891	0.01559	0.01058	0.01225	0.00724	0.00835	0.00668	0.00446	0.00334	0.00111	0.00557	0.00278	0.00223	0.00668
213	0.00971	0.00485	0.00485	0.00485	0.00607	0.00485	0.00364	0.01213	0.01092	0.01942	0.01699	0.01942	0.01335	0.00607	0.00364	0.00121	0.00243	0.00485	0.84589	0.00485
214	0.01729	0.01247	0.01328	0.01054	0.01404	0.01376	0.00859	0.55823	0.09245	0.02931	0.01415	0.01443	0.01035	0.00629	0.00493	0.00152	0.00497	0.00483	0.16052	0.00806
215	0.01207	0.01562	0.12331	0.02108	0.02665	0.01304	0.67458	0.01666	0.01213	0.01666	0.01039	0.01368	0.00774	0.00446	0.00600	0.00174	0.00865	0.00587	0.00258	0.00711
216	0.00691	0.00548	0.00623	0.00601	0.00757	0.00489	0.00452	0.00916	0.03704	0.01735	0.37712	0.04415	0.43115	0.01186	0.00612	0.00170	0.00260	0.01013	0.00525	0.00475
217	0.02764	0.54946	0.15896	0.01124	0.01632	0.01762	0.08895	0.01606	0.01092	0.03366	0.00833	0.00969	0.00695	0.00458	0.00397	0.00129	0.00618	0.00339	0.00241	0.02238
218	0.05880	0.00939	0.03669	0.00917	0.01292	0.00818	0.00772	0.04618	0.04895	0.58255	0.10582	0.01940	0.01648	0.00682	0.00524	0.00162	0.00432	0.00557	0.00599	0.00820
219	0.00757	0.00505	0.00568	0.00568	0.00568	0.00505	0.00316	0.00757	0.00757	0.01010	0.01641	0.03408	0.01893	0.81698	0.02651	0.00505	0.00505	0.00757	0.00316	0.00316
220	0.00741	0.00514	0.00671	0.00759	0.00820	0.00491	0.00528	0.03970	0.01091	0.03142	0.04762	0.70600	0.03307	0.01544	0.00657	0.00208	0.00324	0.04925	0.00491	0.00457
221	0.09427	0.01623	0.01569	0.14621	0.17080	0.27161	0.01151	0.17838	0.01501	0.01898	0.00948	0.01140	0.00741	0.00534	0.00484	0.00152	0.00707	0.00405	0.00319	0.00700
222	0.01962	0.01471	0.01552	0.01198	0.01609	0.03138	0.00986	0.73461	0.04244	0.03216	0.01263	0.01261	0.00898	0.00625	0.00520	0.00156	0.00576	0.00469	0.00516	0.00879
223	0.01367	0.76260	0.08259	0.00934	0.01403	0.01999	0.00966	0.01566	0.01061	0.01256	0.00739	0.00855	0.00668	0.00449	0.00346	0.00115	0.00572	0.00286	0.00223	0.00676
224	0.01222	0.01382	0.02949	0.02126	0.02608	0.01340	0.70234	0.01633	0.01193	0.01633	0.01023	0.01382	0.00781	0.00479	0.00706	0.00180	0.07575	0.00601	0.00260	0.00691
225	0.16783	0.01892	0.01283	0.01137	0.01419	0.47133	0.00872	0.12690	0.01460	0.01769	0.00927	0.01106	0.00759	0.03164	0.02430	0.00170	0.00763	0.00369	0.03253	0.00621
226	0.02385	0.00968	0.01659	0.71312	0.03421	0.01181	0.06870	0.01356	0.01046	0.01369	0.00925	0.01374	0.00699	0.00525	0.00557	0.00175	0.02886	0.00471	0.00235	0.00587
227	0.01152	0.00621	0.00670	0.00619	0.00786	0.00629	0.00473	0.08582	0.02832	0.07966	0.01776	0.07646	0.01456	0.02121	0.00457	0.00142	0.00303	0.00566	0.60649	0.00555
228	0.02276	0.00873	0.01189	0.00916	0.01308	0.00755	0.00755	0.02479	0.01490	0.75895	0.04947	0.01853	0.01427	0.00661	0.00527	0.00161	0.00436	0.00540	0.00642	0.00871
229	0.14107	0.01295	0.06890	0.01075	0.01443	0.01305	0.00936	0.37530	0.11797	0.04209	0.03490	0.01916	0.01286	0.00717	0.00517	0.00171	0.00518	0.09567	0.00470	0.00761
230	0.01265	0.01231	0.02013	0.14478	0.65056	0.03678	0.01557	0.01574	0.01174	0.01634	0.00966	0.01293	0.00801	0.00475	0.00515	0.00157	0.00640	0.00460	0.00254	0.00782
231	0.00650	0.00463	0.00607	0.00707	0.00744	0.00433	0.00472	0.00746	0.01019	0.01365	0.08288	0.69606	0.04568	0.06716	0.00788	0.00226	0.00310	0.01389	0.00479	0.00421
232	0.00640	0.00460	0.00599	0.00707	0.00743	0.00428	0.00470	0.00728	0.00994	0.01317	0.02927	0.73465	0.07129	0.05776	0.00765	0.00225	0.00311	0.01424	0.00475	0.00418
233	0.01892	0.01366	0.01600	0.01231	0.01642	0.01480	0.06432	0.56878	0.09663	0.10295	0.01399	0.01380	0.00987	0.00622	0.00529	0.00160	0.00567	0.00496	0.00515	0.00866
234	0.02336	0.00886	0.01209	0.00927	0.01329	0.00765	0.00765	0.02538	0.01491	0.78810	0.02055	0.01773	0.01289	0.00645	0.00524	0.00161	0.00443	0.00524	0.00645	0.00886
235	0.00744	0.00556	0.00829	0.00829	0.00920	0.00647	0.00641	0.00925	0.00835	0.01203	0.01402	0.02085	0.01319	0.06127	0.77437	0.00827	0.01369	0.00564	0.00280	0.00461
236	0.01446	0.01494	0.17308	0.18648	0.06279	0.08854	0.01235	0.02046	0.18323	0.16985	0.01410	0.01480	0.01011	0.00580	0.00513	0.00165	0.00617	0.00475	0.00383	0.00750
237	0.01143	0.25183	0.57374	0.01316	0.01994	0.01451	0.01631	0.01624	0.01088	0.01529	0.00875	0.01025	0.00662	0.00481	0.00449	0.00150	0.00709	0.00355	0.00221	0.00741
238	0.75541	0.01034	0.00843	0.00733	0.01066	0.01182	0.00604	0.07028	0.01027	0.05894	0.00824	0.00918	0.00620	0.00501	0.00346	0.00161	0.00417	0.00307	0.00351	0.00602
239	0.01392	0.82012	0.02729	0.00891	0.01337	0.02061	0.00891	0.01559	0.01058	0.01225	0.00724	0.00835	0.00668	0.00446	0.00334	0.00111	0.00557	0.00278	0.00223	0.00668
240	0.07141	0.00641	0.00746	0.00670	0.00881	0.00587	0.00520	0.01261	0.02592	0.16293	0.31147	0.03636	0.29851	0.01028	0.00575	0.00168	0.00303	0.00865	0.00536	0.00558
241	0.01093	0.13854	0.68269	0.01401	0.02125	0.01329	0.01779	0.01637	0.01094	0.01590	0.00905	0.01062	0.00661	0.00488	0.00472	0.00157	0.00740	0.00370	0.00220	0.00755
