[name]
unknown

[dist]
# distance from previous block
# <min> <max>
0	108

[block]
# block no. 0 follows, 38 sequences, length 9
# corresponding to MSA columns:
# 109-117
name=unknown_A
#
# <colnr> <probs for GDERKNQSTAVLIFYWHMCP>
#	G	D	E	R	K	N	Q	S	T	A	V	L	I	F	Y	W	H	M	C	P
0	0.06735	0.01239	0.10741	0.05330	0.01646	0.01037	0.01070	0.07397	0.08274	0.10646	0.10664	0.05771	0.02306	0.01001	0.00646	0.00206	0.00554	0.17486	0.00517	0.06734
1	0.02040	0.00984	0.01250	0.01010	0.01372	0.00928	0.00815	0.10218	0.05482	0.41570	0.21600	0.02651	0.02575	0.00874	0.00626	0.00186	0.00457	0.00729	0.03752	0.00881
2	0.01396	0.01157	0.01258	0.01123	0.01426	0.01300	0.00873	0.07504	0.51838	0.02579	0.19677	0.02727	0.02699	0.00909	0.00635	0.00199	0.00443	0.00768	0.00623	0.00865
3	0.00837	0.00660	0.00970	0.19142	0.01656	0.00697	0.00825	0.01025	0.01202	0.01596	0.07646	0.55050	0.03335	0.01533	0.00724	0.00230	0.00453	0.01387	0.00496	0.00537
4	0.00733	0.00524	0.00698	0.00838	0.00873	0.00489	0.00558	0.00838	0.01152	0.01536	0.03316	0.78466	0.03979	0.01885	0.00768	0.00244	0.00349	0.01710	0.00558	0.00489
5	0.00753	0.00590	0.00681	0.00702	0.00849	0.00519	0.00510	0.00928	0.01405	0.01808	0.23230	0.22831	0.39986	0.01534	0.00724	0.00209	0.00310	0.01328	0.00585	0.00519
6	0.01199	0.01134	0.01919	0.64172	0.16888	0.01353	0.01702	0.01593	0.01233	0.01614	0.01080	0.01583	0.00829	0.00590	0.00600	0.00197	0.00786	0.00535	0.00273	0.00719
7	0.01548	0.01404	0.01834	0.01533	0.01648	0.01848	0.01275	0.18581	0.01377	0.02008	0.00946	0.01347	0.00845	0.00974	0.01646	0.00243	0.59323	0.00530	0.00344	0.00745
8	0.00808	0.00523	0.00719	0.00825	0.00851	0.00497	0.00550	0.00825	0.01064	0.01418	0.02773	0.60141	0.03277	0.01934	0.01146	0.19912	0.00390	0.01426	0.00487	0.00434

[dist]
# distance from previous block
# <min> <max>
0	1

[block]
# block no. 1 follows, 38 sequences, length 6
# corresponding to MSA columns:
# 119-124
name=unknown_B
#
# <colnr> <probs for GDERKNQSTAVLIFYWHMCP>
#	G	D	E	R	K	N	Q	S	T	A	V	L	I	F	Y	W	H	M	C	P
0	0.01248	0.14109	0.47548	0.01347	0.02008	0.01356	0.01630	0.01775	0.01261	0.01908	0.01244	0.01446	0.00941	0.00592	0.00509	0.00170	0.00713	0.00452	0.18947	0.00796
1	0.21984	0.00965	0.01136	0.00930	0.01299	0.00926	0.00755	0.02237	0.01546	0.40997	0.18516	0.02343	0.02239	0.00810	0.00572	0.00187	0.00448	0.00647	0.00635	0.00828
2	0.00743	0.00606	0.00661	0.00682	0.00856	0.00523	0.00513	0.00910	0.01376	0.01695	0.11502	0.14056	0.55939	0.01549	0.00726	0.00212	0.00325	0.06046	0.00567	0.00514
3	0.01475	0.01187	0.01353	0.01059	0.01518	0.01095	0.00862	0.17967	0.08242	0.02410	0.01522	0.02016	0.01301	0.00681	0.00540	0.00142	0.00510	0.08513	0.00458	0.47148
4	0.01367	0.03447	0.05017	0.01415	0.01657	0.04248	0.12745	0.01588	0.01208	0.10032	0.01720	0.19204	0.01713	0.06333	0.01202	0.00246	0.22611	0.00839	0.00403	0.03004
5	0.01390	0.40504	0.22768	0.18642	0.02428	0.01872	0.01503	0.01770	0.01231	0.01578	0.00956	0.01194	0.00776	0.00550	0.00486	0.00162	0.00747	0.00404	0.00259	0.00780

[dist]
# distance from previous block
# <min> <max>
0	3

[block]
# block no. 2 follows, 38 sequences, length 8
# corresponding to MSA columns:
# 128-135
name=unknown_C
#
# <colnr> <probs for GDERKNQSTAVLIFYWHMCP>
#	G	D	E	R	K	N	Q	S	T	A	V	L	I	F	Y	W	H	M	C	P
0	0.01226	0.01041	0.01217	0.10223	0.01682	0.01167	0.00948	0.02262	0.40517	0.02139	0.05044	0.06313	0.11886	0.01056	0.00663	0.00215	0.00492	0.10580	0.00555	0.00774
1	0.00749	0.00536	0.00712	0.00827	0.00876	0.00499	0.00560	0.00877	0.01225	0.01653	0.12859	0.68589	0.04205	0.01797	0.00760	0.00237	0.00340	0.01627	0.00572	0.00499
2	0.02078	0.01557	0.01718	0.01402	0.03940	0.01730	0.01108	0.60041	0.04684	0.03402	0.01532	0.04571	0.01203	0.04254	0.00772	0.00205	0.03675	0.00605	0.00567	0.00954
3	0.05317	0.01052	0.01664	0.63980	0.03623	0.01287	0.01503	0.04356	0.01255	0.01686	0.01263	0.08081	0.01072	0.00713	0.00604	0.00203	0.00741	0.00624	0.00311	0.00666
4	0.00744	0.00548	0.00696	0.00791	0.00866	0.00501	0.00543	0.00877	0.01253	0.01655	0.12325	0.57866	0.15632	0.01748	0.00752	0.00231	0.00334	0.01564	0.00571	0.00501
5	0.00889	0.00574	0.00649	0.00665	0.00685	0.00570	0.00392	0.00934	0.00951	0.01336	0.02058	0.11868	0.02305	0.61096	0.02495	0.00493	0.00521	0.00928	0.10188	0.00402
6	0.02344	0.01593	0.01748	0.01340	0.01820	0.01729	0.01107	0.63335	0.02674	0.13774	0.01574	0.01528	0.01088	0.00725	0.00602	0.00181	0.00641	0.00550	0.00622	0.01023
7	0.01483	0.01591	0.01966	0.14587	0.02252	0.16913	0.10856	0.03813	0.01256	0.01597	0.01007	0.01445	0.00868	0.01075	0.07074	0.00275	0.30423	0.00534	0.00294	0.00690

[dist]
# distance from previous block
# <min> <max>
0	1

[block]
# block no. 3 follows, 38 sequences, length 10
# corresponding to MSA columns:
# 137-146
name=unknown_D
#
# <colnr> <probs for GDERKNQSTAVLIFYWHMCP>
#	G	D	E	R	K	N	Q	S	T	A	V	L	I	F	Y	W	H	M	C	P
0	0.00906	0.00681	0.00981	0.01000	0.01100	0.00774	0.00793	0.01112	0.01050	0.01469	0.01947	0.03430	0.01964	0.10079	0.50019	0.00749	0.04774	0.16267	0.00375	0.00532
1	0.60032	0.01699	0.17527	0.01042	0.01525	0.05930	0.01031	0.01837	0.01120	0.02448	0.00897	0.01049	0.00684	0.00565	0.00427	0.00185	0.00597	0.00356	0.00342	0.00707
2	0.02263	0.00913	0.01241	0.01019	0.01389	0.00796	0.00812	0.02468	0.01595	0.59122	0.02582	0.18987	0.02041	0.00997	0.00641	0.00199	0.00476	0.00850	0.00703	0.00905
3	0.01691	0.01206	0.01348	0.01124	0.01413	0.01326	0.00873	0.36147	0.12364	0.02637	0.01563	0.01936	0.01286	0.08859	0.03216	0.18490	0.00612	0.00593	0.02561	0.00754
4	0.01861	0.06134	0.01518	0.01126	0.01524	0.01412	0.00924	0.39413	0.04026	0.11702	0.02652	0.05639	0.17574	0.00940	0.00620	0.00186	0.00546	0.00749	0.00587	0.00870
5	0.00930	0.00618	0.00757	0.00724	0.00826	0.00582	0.00495	0.01088	0.01344	0.05097	0.36813	0.06302	0.08421	0.31561	0.01625	0.00345	0.00414	0.01012	0.00540	0.00503
6	0.01255	0.18420	0.02188	0.56837	0.03518	0.01577	0.04996	0.01615	0.01218	0.01529	0.01025	0.01463	0.00801	0.00578	0.00559	0.00185	0.00777	0.00496	0.00267	0.00698
7	0.01498	0.01203	0.01365	0.01022	0.01511	0.01072	0.00820	0.20933	0.01671	0.02432	0.01311	0.06107	0.01119	0.00610	0.00508	0.00124	0.00498	0.00491	0.00436	0.55270
8	0.03945	0.00627	0.00677	0.00652	0.00800	0.00631	0.00487	0.03154	0.01357	0.02239	0.18037	0.02791	0.02454	0.06010	0.03068	0.00209	0.00359	0.00692	0.51247	0.00564
9	0.08465	0.01398	0.01703	0.01752	0.17920	0.01482	0.01166	0.25391	0.16701	0.10588	0.01608	0.01632	0.01186	0.00672	0.00575	0.00180	0.00591	0.00547	0.00518	0.05924

[dist]
# distance from previous block
# <min> <max>
0	2

[block]
# block no. 4 follows, 38 sequences, length 40
# corresponding to MSA columns:
# 149-188
name=unknown_E
#
# <colnr> <probs for GDERKNQSTAVLIFYWHMCP>
#	G	D	E	R	K	N	Q	S	T	A	V	L	I	F	Y	W	H	M	C	P
0	0.69346	0.01250	0.04000	0.00868	0.01277	0.01323	0.00747	0.04325	0.01143	0.06525	0.00959	0.01073	0.00723	0.00570	0.00404	0.00182	0.00491	0.00354	0.00395	0.04045
1	0.01229	0.01163	0.01992	0.51058	0.22164	0.01331	0.04592	0.01616	0.01265	0.01678	0.01212	0.01871	0.00997	0.00641	0.00617	0.00199	0.00774	0.04567	0.00293	0.00741
2	0.00775	0.00554	0.00745	0.00876	0.00932	0.00524	0.00623	0.00915	0.01213	0.01616	0.06458	0.63976	0.03973	0.01821	0.00775	0.00247	0.00378	0.12534	0.00562	0.00502
3	0.01249	0.01197	0.01931	0.57615	0.19576	0.03181	0.01680	0.01665	0.02977	0.01653	0.01112	0.01581	0.00859	0.00593	0.00599	0.00195	0.00782	0.00535	0.00283	0.00738
4	0.02247	0.02867	0.01705	0.01550	0.01860	0.76443	0.01162	0.02402	0.01705	0.01472	0.00930	0.01085	0.00775	0.00620	0.00542	0.00155	0.01085	0.00387	0.00310	0.00697
5	0.01294	0.00611	0.00652	0.00617	0.00792	0.00596	0.00471	0.01569	0.01312	0.10272	0.02007	0.02221	0.01536	0.00706	0.00441	0.00145	0.00306	0.00566	0.73273	0.00611
6	0.02537	0.01001	0.01353	0.01052	0.01491	0.00876	0.00863	0.02809	0.03490	0.68483	0.07577	0.02228	0.01798	0.00781	0.00613	0.00187	0.00495	0.00641	0.00735	0.00989
7	0.00875	0.00583	0.00656	0.00656	0.00656	0.00583	0.00365	0.00875	0.00875	0.01166	0.01895	0.03937	0.02187	0.78858	0.03062	0.00583	0.00583	0.00875	0.00365	0.00365
8	0.00905	0.00620	0.00814	0.00776	0.00918	0.00571	0.00578	0.01169	0.01650	0.04889	0.65245	0.11658	0.05363	0.01277	0.00712	0.00194	0.00298	0.01132	0.00655	0.00576
9	0.01608	0.79220	0.03152	0.01029	0.01544	0.02380	0.01029	0.01801	0.01222	0.01415	0.00836	0.00965	0.00772	0.00515	0.00386	0.00129	0.00643	0.00322	0.00257	0.00772
10	0.00874	0.00587	0.00675	0.00675	0.00681	0.00593	0.00388	0.00887	0.00880	0.01180	0.01878	0.03842	0.02146	0.74394	0.07470	0.00606	0.00645	0.00861	0.00362	0.00375
11	0.03704	0.06065	0.02308	0.12231	0.49326	0.03090	0.04900	0.01827	0.02781	0.01898	0.01120	0.01456	0.00923	0.00544	0.00573	0.00175	0.00716	0.00514	0.00304	0.05543
12	0.01958	0.37629	0.02371	0.01302	0.01716	0.38194	0.01101	0.06358	0.01552	0.01585	0.00918	0.01052	0.00788	0.00578	0.00475	0.00145	0.00858	0.00367	0.00303	0.00751
13	0.01252	0.10459	0.66626	0.01672	0.02516	0.01496	0.04131	0.01896	0.01270	0.01858	0.01060	0.01251	0.00767	0.00564	0.00557	0.00185	0.00869	0.00440	0.00256	0.00875
14	0.10849	0.01034	0.01241	0.01044	0.01412	0.01010	0.00863	0.11436	0.03998	0.33461	0.06212	0.02970	0.06125	0.00939	0.00624	0.00200	0.00506	0.12356	0.00624	0.03098
15	0.01285	0.00761	0.00955	0.00918	0.01095	0.00731	0.00671	0.09549	0.01484	0.15300	0.08436	0.43336	0.05839	0.05635	0.00836	0.00239	0.00421	0.01266	0.00595	0.00647
16	0.02699	0.01024	0.01396	0.01070	0.01536	0.00884	0.00884	0.02932	0.01722	0.75522	0.02373	0.02048	0.01489	0.00745	0.00605	0.00186	0.00512	0.00605	0.00745	0.01024
17	0.01925	0.01443	0.01545	0.03273	0.01672	0.10429	0.01047	0.27631	0.03468	0.15159	0.01557	0.03212	0.01207	0.01441	0.14193	0.00328	0.08554	0.00577	0.00499	0.00840
18	0.01435	0.01475	0.03064	0.06572	0.02889	0.01430	0.56488	0.01876	0.01383	0.06275	0.01376	0.06076	0.01112	0.00636	0.00769	0.00207	0.05065	0.00742	0.00341	0.00789
19	0.02699	0.01024	0.01396	0.01070	0.01536	0.00884	0.00884	0.02932	0.01722	0.75522	0.02373	0.02048	0.01489	0.00745	0.00605	0.00186	0.00512	0.00605	0.00745	0.01024
20	0.01315	0.01480	0.05175	0.02115	0.02547	0.01453	0.48461	0.01704	0.01278	0.01774	0.01336	0.08027	0.01192	0.03931	0.01040	0.00233	0.15123	0.00757	0.00319	0.00740
21	0.01628	0.01349	0.01927	0.33065	0.02891	0.01522	0.09362	0.30502	0.01892	0.02528	0.01332	0.01710	0.01007	0.00673	0.00613	0.00192	0.00741	0.02504	0.03743	0.00820
22	0.01340	0.01482	0.03107	0.02277	0.02774	0.01442	0.59275	0.01773	0.01349	0.01845	0.01398	0.09569	0.01220	0.00697	0.00824	0.00212	0.07524	0.00798	0.00327	0.00765
23	0.00747	0.00534	0.00714	0.00854	0.00895	0.00501	0.00583	0.00862	0.01166	0.01552	0.03308	0.74162	0.03948	0.01871	0.00772	0.00246	0.00361	0.05874	0.00558	0.00493
24	0.02106	0.02631	0.01726	0.01554	0.01817	0.65091	0.01186	0.02257	0.01586	0.01469	0.00909	0.01120	0.00777	0.00686	0.00760	0.00171	0.12752	0.00409	0.00303	0.00691
25	0.49965	0.01125	0.01256	0.31771	0.02368	0.01344	0.01064	0.01675	0.01096	0.02229	0.00931	0.01231	0.00712	0.00576	0.00465	0.00192	0.00601	0.00410	0.00330	0.00658
26	0.00752	0.00544	0.00711	0.00811	0.00873	0.00503	0.00554	0.00889	0.01258	0.01689	0.15555	0.61760	0.08366	0.01753	0.00755	0.00233	0.00335	0.01580	0.00576	0.00503
27	0.01150	0.01063	0.01778	0.71271	0.06844	0.01308	0.01626	0.01544	0.01212	0.01583	0.01109	0.01626	0.00839	0.00603	0.00594	0.00197	0.00777	0.00536	0.03666	0.00675
28	0.00870	0.00581	0.00658	0.00663	0.00664	0.00580	0.00371	0.00874	0.00885	0.01180	0.01946	0.06579	0.02251	0.76130	0.02981	0.00571	0.00575	0.00904	0.00371	0.00369
29	0.00766	0.00573	0.00760	0.00870	0.00911	0.00568	0.00598	0.00874	0.01148	0.01535	0.03292	0.70787	0.06931	0.01821	0.00835	0.00244	0.04825	0.01622	0.00541	0.00499
30	0.75050	0.04374	0.01067	0.00969	0.05456	0.01396	0.00736	0.01774	0.01052	0.02604	0.00855	0.01006	0.00674	0.00555	0.00386	0.00183	0.00487	0.00338	0.00363	0.00674
31	0.01475	0.01415	0.02416	0.06687	0.72223	0.01426	0.01839	0.01834	0.01363	0.01948	0.01129	0.01494	0.00947	0.00539	0.00596	0.00180	0.00718	0.00536	0.00297	0.00941
32	0.00948	0.00729	0.00881	0.00823	0.01004	0.00719	0.00623	0.01460	0.13896	0.02362	0.56630	0.04225	0.11003	0.01185	0.00693	0.00193	0.00318	0.01035	0.00645	0.00627
33	0.00733	0.00524	0.00698	0.00838	0.00873	0.00489	0.00558	0.00838	0.01152	0.01536	0.03316	0.78466	0.03979	0.01885	0.00768	0.00244	0.00349	0.01710	0.00558	0.00489
34	0.01775	0.01305	0.01679	0.01486	0.08024	0.01355	0.07543	0.28133	0.11509	0.11748	0.04270	0.05235	0.11467	0.00868	0.00637	0.00192	0.00585	0.00740	0.00562	0.00886
35	0.01146	0.00678	0.00896	0.00810	0.01001	0.00616	0.00618	0.01415	0.01686	0.14185	0.60564	0.06721	0.04940	0.01175	0.00695	0.00191	0.00323	0.01032	0.00672	0.00638
36	0.01237	0.04980	0.67265	0.01771	0.02625	0.01434	0.08620	0.01904	0.01282	0.01894	0.01086	0.01294	0.00776	0.00564	0.00579	0.00190	0.00894	0.00465	0.00259	0.00879
37	0.01192	0.01129	0.01894	0.64049	0.13874	0.01370	0.01680	0.01576	0.01214	0.01593	0.01066	0.01576	0.00822	0.00611	0.00658	0.00200	0.03981	0.00534	0.00271	0.00707
38	0.02530	0.01046	0.01384	0.01075	0.01519	0.00941	0.00883	0.06841	0.04083	0.64877	0.06512	0.02161	0.01716	0.00774	0.00611	0.00187	0.00506	0.00632	0.00727	0.00995
39	0.06540	0.01953	0.01612	0.10095	0.02002	0.30622	0.01130	0.24342	0.06840	0.02354	0.01515	0.01612	0.05369	0.00714	0.00573	0.00176	0.00797	0.00522	0.00435	0.00799

[dist]
# distance from previous block
# <min> <max>
0	2

[block]
# block no. 5 follows, 38 sequences, length 7
# corresponding to MSA columns:
# 191-197
name=unknown_F
#
# <colnr> <probs for GDERKNQSTAVLIFYWHMCP>
#	G	D	E	R	K	N	Q	S	T	A	V	L	I	F	Y	W	H	M	C	P
0	0.01660	0.01695	0.05359	0.11172	0.24342	0.13994	0.08351	0.08209	0.08029	0.04976	0.01287	0.01511	0.00996	0.00601	0.00591	0.00178	0.00775	0.00530	0.00370	0.05373
1	0.04261	0.13476	0.08067	0.01054	0.01535	0.01224	0.00943	0.09495	0.03313	0.08889	0.01487	0.10382	0.01310	0.00708	0.00519	0.00148	0.00535	0.00568	0.00426	0.31661
2	0.04960	0.01609	0.01505	0.01562	0.13001	0.21235	0.01042	0.07141	0.14561	0.06807	0.01971	0.02126	0.08894	0.05852	0.00742	0.00202	0.00678	0.00608	0.00446	0.05057
3	0.04267	0.03283	0.24196	0.01373	0.04173	0.01310	0.01325	0.14144	0.07833	0.06833	0.04971	0.08116	0.04193	0.00816	0.00665	0.00190	0.04655	0.00650	0.00443	0.06564
4	0.01761	0.18260	0.03679	0.06075	0.15744	0.21835	0.03267	0.06949	0.01525	0.06585	0.01304	0.07951	0.01154	0.00701	0.00556	0.00170	0.00768	0.00559	0.00363	0.00793
5	0.08333	0.16339	0.02038	0.01576	0.08842	0.28458	0.06130	0.03984	0.08498	0.01843	0.01117	0.01266	0.00910	0.00586	0.00517	0.00158	0.00787	0.00437	0.00344	0.07837
6	0.06184	0.09754	0.06333	0.02168	0.31659	0.01385	0.01352	0.06591	0.05024	0.14495	0.03096	0.06613	0.01343	0.00701	0.00576	0.00182	0.00621	0.00604	0.00430	0.00891

[dist]
# distance from previous block
# <min> <max>
20	36

[block]
# block no. 6 follows, 38 sequences, length 27
# corresponding to MSA columns:
# 235-261
name=unknown_G
#
# <colnr> <probs for GDERKNQSTAVLIFYWHMCP>
#	G	D	E	R	K	N	Q	S	T	A	V	L	I	F	Y	W	H	M	C	P
0	0.03375	0.05086	0.01654	0.01318	0.01684	0.21180	0.04545	0.22710	0.10821	0.04092	0.06958	0.06663	0.03364	0.00807	0.00596	0.00178	0.00698	0.00641	0.00489	0.03141
1	0.04940	0.04175	0.02072	0.10574	0.23840	0.04782	0.12439	0.04577	0.06639	0.05630	0.03858	0.03638	0.05295	0.00683	0.00604	0.00184	0.00690	0.00630	0.00388	0.04364
2	0.05723	0.01479	0.06636	0.03256	0.15834	0.04116	0.03700	0.23000	0.04036	0.06984	0.04755	0.05685	0.03051	0.00740	0.00590	0.00179	0.00628	0.00620	0.02796	0.06190
3	0.26163	0.03323	0.03740	0.11542	0.12454	0.10806	0.01159	0.10175	0.06380	0.05413	0.01284	0.01442	0.02460	0.00632	0.00522	0.00183	0.00662	0.00475	0.00396	0.00789
4	0.19593	0.04786	0.05416	0.01248	0.01678	0.04088	0.06469	0.27268	0.01769	0.02667	0.01336	0.07149	0.01138	0.02944	0.00647	0.00191	0.02416	0.00568	0.00446	0.08183
5	0.03523	0.00928	0.01147	0.01026	0.01289	0.00948	0.03482	0.07361	0.15952	0.11002	0.13505	0.13355	0.13095	0.01353	0.05206	0.00252	0.00517	0.04752	0.00581	0.00724
6	0.01559	0.01157	0.01332	0.01069	0.01449	0.01138	0.00845	0.21510	0.07365	0.07334	0.04465	0.11413	0.01664	0.04204	0.00733	0.00181	0.03351	0.00677	0.00504	0.28052
7	0.15482	0.01076	0.01220	0.06087	0.01537	0.01113	0.00849	0.09976	0.12395	0.21060	0.07165	0.04358	0.10405	0.00855	0.00584	0.00189	0.00488	0.00688	0.00567	0.03904
8	0.21098	0.01243	0.01357	0.05979	0.01652	0.01314	0.00924	0.25560	0.01786	0.14024	0.01492	0.01776	0.01148	0.03096	0.00614	0.00190	0.00561	0.03976	0.02498	0.09712
9	0.01207	0.03112	0.75741	0.01715	0.02604	0.01397	0.02223	0.01905	0.01270	0.01905	0.01080	0.01270	0.00762	0.00572	0.00572	0.00191	0.00889	0.00445	0.00254	0.00889
10	0.01300	0.01068	0.01253	0.00898	0.01430	0.00805	0.00719	0.01566	0.01265	0.04634	0.01117	0.01277	0.00913	0.00456	0.00451	0.00093	0.00448	0.00365	0.00371	0.79573
11	0.00711	0.00609	0.00609	0.00609	0.00813	0.00508	0.00457	0.00863	0.01371	0.01625	0.06094	0.05789	0.74862	0.01524	0.00711	0.00203	0.00305	0.01270	0.00559	0.00508
12	0.02699	0.01024	0.01396	0.01070	0.01536	0.00884	0.00884	0.02932	0.01722	0.75522	0.02373	0.02048	0.01489	0.00745	0.00605	0.00186	0.00512	0.00605	0.00745	0.01024
13	0.01374	0.06415	0.09854	0.01037	0.01593	0.01042	0.00943	0.04458	0.01324	0.05276	0.01122	0.01277	0.00898	0.00503	0.00505	0.00115	0.02352	0.00387	0.00363	0.59161
14	0.01361	0.01194	0.01961	0.49892	0.23602	0.01363	0.01658	0.04794	0.01345	0.05411	0.01167	0.01587	0.00887	0.00596	0.00600	0.00193	0.00757	0.00539	0.00314	0.00780
15	0.00733	0.00524	0.00698	0.00838	0.00873	0.00489	0.00558	0.00838	0.01152	0.01536	0.03316	0.78466	0.03979	0.01885	0.00768	0.00244	0.00349	0.01710	0.00558	0.00489
16	0.83108	0.01163	0.00884	0.00791	0.01163	0.01350	0.00651	0.01768	0.01024	0.02699	0.00838	0.00977	0.00651	0.00558	0.00372	0.00186	0.00465	0.00326	0.00372	0.00651
17	0.00825	0.00614	0.00768	0.00729	0.00883	0.00556	0.00547	0.01084	0.01641	0.02265	0.61924	0.04736	0.18633	0.01285	0.00710	0.00192	0.00288	0.01122	0.00643	0.00556
18	0.01663	0.60158	0.07605	0.01171	0.01660	0.13030	0.01137	0.01881	0.01284	0.01457	0.00864	0.01016	0.00772	0.00555	0.00483	0.00142	0.03746	0.00347	0.00265	0.00764
19	0.00860	0.00642	0.00956	0.00956	0.01059	0.00746	0.00738	0.01067	0.00964	0.01388	0.01621	0.02420	0.01528	0.07168	0.73852	0.00953	0.01575	0.00653	0.00324	0.00531
20	0.01280	0.01070	0.01239	0.00895	0.01411	0.00831	0.00716	0.04149	0.01306	0.02040	0.01121	0.01297	0.00923	0.00467	0.00450	0.00095	0.00446	0.00372	0.03836	0.76054
21	0.00875	0.00583	0.00656	0.00656	0.00656	0.00583	0.00365	0.00875	0.00875	0.01166	0.01895	0.03937	0.02187	0.78858	0.03062	0.00583	0.00583	0.00875	0.00365	0.00365
22	0.01247	0.01069	0.01247	0.00891	0.01426	0.00802	0.00713	0.01515	0.01247	0.01960	0.01069	0.01247	0.00891	0.00446	0.00446	0.00089	0.00446	0.00356	0.00356	0.82536
23	0.01247	0.01069	0.01247	0.00891	0.01426	0.00802	0.00713	0.01515	0.01247	0.01960	0.01069	0.01247	0.00891	0.00446	0.00446	0.00089	0.00446	0.00356	0.00356	0.82536
24	0.01331	0.01354	0.01877	0.01597	0.01639	0.04375	0.04821	0.01481	0.00982	0.01476	0.00915	0.04347	0.00920	0.01043	0.01814	0.00256	0.68255	0.00577	0.00278	0.00660
25	0.00733	0.00524	0.00698	0.00838	0.00873	0.00489	0.00558	0.00838	0.01152	0.01536	0.03316	0.78466	0.03979	0.01885	0.00768	0.00244	0.00349	0.01710	0.00558	0.00489
26	0.01250	0.05506	0.63067	0.01807	0.02644	0.01448	0.12162	0.01905	0.01290	0.01891	0.01091	0.01309	0.00784	0.00560	0.00585	0.00190	0.00898	0.00478	0.00261	0.00874

[dist]
# distance from previous block
# <min> <max>
0	4

[block]
# block no. 7 follows, 38 sequences, length 56
# corresponding to MSA columns:
# 266-321
name=unknown_H
#
# <colnr> <probs for GDERKNQSTAVLIFYWHMCP>
#	G	D	E	R	K	N	Q	S	T	A	V	L	I	F	Y	W	H	M	C	P
0	0.00859	0.00645	0.00967	0.00967	0.01074	0.00752	0.00752	0.01074	0.00967	0.01396	0.01611	0.02363	0.01504	0.04512	0.76474	0.00967	0.01611	0.00645	0.00322	0.00537
1	0.02432	0.01079	0.04457	0.01071	0.01521	0.00890	0.00912	0.02724	0.03453	0.63711	0.09210	0.02252	0.01865	0.00785	0.00614	0.00187	0.00505	0.00646	0.00713	0.00973
2	0.00859	0.00645	0.00967	0.00967	0.01074	0.00752	0.00752	0.01074	0.00967	0.01396	0.01611	0.02363	0.01504	0.04512	0.76474	0.00967	0.01611	0.00645	0.00322	0.00537
3	0.01247	0.01069	0.01247	0.00891	0.01426	0.00802	0.00713	0.01515	0.01247	0.01960	0.01069	0.01247	0.00891	0.00446	0.00446	0.00089	0.00446	0.00356	0.00356	0.82536
4	0.01230	0.01051	0.01229	0.00889	0.01407	0.00791	0.00708	0.01492	0.01244	0.01946	0.01145	0.03854	0.00995	0.00494	0.00456	0.00094	0.00442	0.00402	0.00363	0.79766
5	0.01236	0.01056	0.01234	0.00887	0.01410	0.00795	0.00709	0.01504	0.01261	0.01974	0.03239	0.01343	0.01032	0.00469	0.00453	0.00092	0.00441	0.00378	0.00365	0.80123
6	0.01608	0.79220	0.03152	0.01029	0.01544	0.02380	0.01029	0.01801	0.01222	0.01415	0.00836	0.00965	0.00772	0.00515	0.00386	0.00129	0.00643	0.00322	0.00257	0.00772
7	0.64949	0.09542	0.01188	0.00849	0.01248	0.01406	0.00719	0.01908	0.01127	0.11069	0.01017	0.01101	0.00762	0.00575	0.00401	0.00180	0.00490	0.00358	0.00403	0.00708
8	0.02177	0.02750	0.01715	0.01552	0.01839	0.70834	0.01174	0.02330	0.01646	0.01470	0.00919	0.01102	0.00776	0.00652	0.00650	0.00163	0.06850	0.00398	0.00306	0.00694
9	0.00711	0.00609	0.00609	0.00609	0.00813	0.00508	0.00457	0.00863	0.01371	0.01625	0.06094	0.05789	0.74862	0.01524	0.00711	0.00203	0.00305	0.01270	0.00559	0.00508
10	0.00733	0.00524	0.00698	0.00838	0.00873	0.00489	0.00558	0.00838	0.01152	0.01536	0.03316	0.78466	0.03979	0.01885	0.00768	0.00244	0.00349	0.01710	0.00558	0.00489
11	0.01778	0.01354	0.01412	0.01226	0.01594	0.05216	0.00964	0.07578	0.54206	0.14263	0.02295	0.02103	0.01675	0.00789	0.00607	0.00197	0.00525	0.00644	0.00617	0.00955
12	0.02247	0.02867	0.01705	0.01550	0.01860	0.76443	0.01162	0.02402	0.01705	0.01472	0.00930	0.01085	0.00775	0.00620	0.00542	0.00155	0.01085	0.00387	0.00310	0.00697
13	0.00719	0.00612	0.00621	0.00625	0.00826	0.00514	0.00473	0.00876	0.01372	0.01631	0.06001	0.05821	0.72584	0.01528	0.00715	0.00205	0.00313	0.03496	0.00558	0.00509
14	0.01041	0.00787	0.00952	0.00876	0.01066	0.00796	0.00666	0.06047	0.13354	0.02472	0.54819	0.07740	0.04675	0.01165	0.00690	0.00194	0.00342	0.01020	0.00645	0.00654
15	0.02250	0.02792	0.01711	0.01539	0.01860	0.71681	0.01161	0.06917	0.01777	0.01620	0.00963	0.01108	0.00791	0.00626	0.00546	0.00157	0.01058	0.00397	0.00329	0.00718
16	0.02645	0.01065	0.01416	0.01091	0.01553	0.00951	0.00899	0.06508	0.03769	0.69863	0.02328	0.02022	0.01475	0.00745	0.00605	0.00186	0.00519	0.00604	0.00734	0.01022
17	0.00733	0.00524	0.00698	0.00838	0.00873	0.00489	0.00558	0.00838	0.01152	0.01536	0.03316	0.78466	0.03979	0.01885	0.00768	0.00244	0.00349	0.01710	0.00558	0.00489
18	0.00711	0.00609	0.00609	0.00609	0.00813	0.00508	0.00457	0.00863	0.01371	0.01625	0.06094	0.05789	0.74862	0.01524	0.00711	0.00203	0.00305	0.01270	0.00559	0.00508
19	0.02699	0.01024	0.01396	0.01070	0.01536	0.00884	0.00884	0.02932	0.01722	0.75522	0.02373	0.02048	0.01489	0.00745	0.00605	0.00186	0.00512	0.00605	0.00745	0.01024
20	0.00851	0.00615	0.00804	0.00757	0.00899	0.00568	0.00568	0.01135	0.01703	0.02412	0.74788	0.04494	0.05676	0.01230	0.00710	0.00189	0.00284	0.01088	0.00662	0.00568
21	0.01247	0.01069	0.01247	0.00891	0.01426	0.00802	0.00713	0.01515	0.01247	0.01960	0.01069	0.01247	0.00891	0.00446	0.00446	0.00089	0.00446	0.00356	0.00356	0.82536
22	0.01219	0.01092	0.01676	0.57684	0.03444	0.01259	0.01439	0.06081	0.01303	0.01736	0.01121	0.01615	0.00877	0.03226	0.00659	0.00194	0.00728	0.00518	0.00306	0.13821
23	0.00852	0.00574	0.00663	0.00685	0.00691	0.00568	0.00396	0.00869	0.00919	0.01226	0.02123	0.15900	0.02475	0.66503	0.02694	0.00529	0.00546	0.01009	0.00396	0.00384
24	0.00859	0.00645	0.00967	0.00967	0.01074	0.00752	0.00752	0.01074	0.00967	0.01396	0.01611	0.02363	0.01504	0.04512	0.76474	0.00967	0.01611	0.00645	0.00322	0.00537
25	0.01491	0.01331	0.01338	0.01208	0.01536	0.05268	0.00936	0.03022	0.65908	0.02432	0.04585	0.02363	0.04223	0.00841	0.00615	0.00201	0.00496	0.00696	0.00596	0.00914
26	0.01420	0.01623	0.03550	0.02535	0.03144	0.01521	0.72921	0.01927	0.01420	0.01927	0.01217	0.01623	0.00913	0.00507	0.00710	0.00203	0.01014	0.00710	0.00304	0.00811
27	0.00851	0.00615	0.00804	0.00757	0.00899	0.00568	0.00568	0.01135	0.01703	0.02412	0.74788	0.04494	0.05676	0.01230	0.00710	0.00189	0.00284	0.01088	0.00662	0.00568
28	0.00733	0.00524	0.00698	0.00838	0.00873	0.00489	0.00558	0.00838	0.01152	0.01536	0.03316	0.78466	0.03979	0.01885	0.00768	0.00244	0.00349	0.01710	0.00558	0.00489
29	0.01316	0.01316	0.01843	0.01579	0.01579	0.01843	0.01316	0.01448	0.00921	0.01448	0.00790	0.01316	0.00790	0.01053	0.01974	0.00263	0.77757	0.00526	0.00263	0.00658
30	0.00733	0.00524	0.00698	0.00838	0.00873	0.00489	0.00558	0.00838	0.01152	0.01536	0.03316	0.78466	0.03979	0.01885	0.00768	0.00244	0.00349	0.01710	0.00558	0.00489
31	0.00969	0.00692	0.00969	0.01108	0.01246	0.00692	0.00969	0.01246	0.01385	0.01800	0.03185	0.06786	0.03462	0.01662	0.00831	0.00277	0.00554	0.71057	0.00554	0.00554
32	0.02247	0.02867	0.01705	0.01550	0.01860	0.76443	0.01162	0.02402	0.01705	0.01472	0.00930	0.01085	0.00775	0.00620	0.00542	0.00155	0.01085	0.00387	0.00310	0.00697
33	0.01489	0.01429	0.02442	0.03692	0.75106	0.01429	0.01846	0.01846	0.01370	0.01965	0.01132	0.01489	0.00953	0.00536	0.00596	0.00179	0.00715	0.00536	0.00298	0.00953
34	0.00969	0.00692	0.00969	0.01108	0.01246	0.00692	0.00969	0.01246	0.01385	0.01800	0.03185	0.06786	0.03462	0.01662	0.00831	0.00277	0.00554	0.71057	0.00554	0.00554
35	0.02247	0.02867	0.01705	0.01550	0.01860	0.76443	0.01162	0.02402	0.01705	0.01472	0.00930	0.01085	0.00775	0.00620	0.00542	0.00155	0.01085	0.00387	0.00310	0.00697
36	0.00721	0.00572	0.00648	0.00709	0.00839	0.00499	0.00501	0.00852	0.01276	0.01586	0.04884	0.37445	0.43987	0.01681	0.00736	0.00221	0.00324	0.01462	0.00559	0.00499
37	0.01247	0.01069	0.01247	0.00891	0.01426	0.00802	0.00713	0.01515	0.01247	0.01960	0.01069	0.01247	0.00891	0.00446	0.00446	0.00089	0.00446	0.00356	0.00356	0.82536
38	0.02466	0.01031	0.01372	0.01042	0.01518	0.00871	0.00857	0.02704	0.01646	0.63715	0.02164	0.01919	0.01393	0.00697	0.00579	0.00171	0.00501	0.00565	0.00682	0.14108
39	0.01247	0.01069	0.01247	0.00891	0.01426	0.00802	0.00713	0.01515	0.01247	0.01960	0.01069	0.01247	0.00891	0.00446	0.00446	0.00089	0.00446	0.00356	0.00356	0.82536
40	0.00875	0.00583	0.00656	0.00656	0.00656	0.00583	0.00365	0.00875	0.00875	0.01166	0.01895	0.03937	0.02187	0.78858	0.03062	0.00583	0.00583	0.00875	0.00365	0.00365
41	0.01141	0.01076	0.01805	0.75322	0.04073	0.01350	0.01661	0.01535	0.01195	0.01535	0.01062	0.01596	0.00802	0.00614	0.00639	0.00202	0.02923	0.00534	0.00267	0.00668
42	0.01054	0.00728	0.00982	0.01036	0.01223	0.00683	0.00868	0.01300	0.01348	0.05567	0.02906	0.17372	0.03130	0.01502	0.00762	0.00244	0.00506	0.47675	0.00540	0.10574
43	0.02699	0.01024	0.01396	0.01070	0.01536	0.00884	0.00884	0.02932	0.01722	0.75522	0.02373	0.02048	0.01489	0.00745	0.00605	0.00186	0.00512	0.00605	0.00745	0.01024
44	0.00741	0.00529	0.00705	0.00832	0.00874	0.00494	0.00559	0.00857	0.01187	0.01592	0.07880	0.73742	0.04087	0.01843	0.00764	0.00241	0.00345	0.01670	0.00565	0.00494
45	0.01244	0.01069	0.01265	0.03236	0.01509	0.00818	0.00742	0.01515	0.01246	0.01947	0.01069	0.01258	0.00888	0.00450	0.00450	0.00093	0.00456	0.00362	0.00354	0.80027
46	0.01500	0.01296	0.01462	0.04699	0.06379	0.01465	0.01036	0.05873	0.59483	0.02463	0.02191	0.02084	0.01652	0.00766	0.00602	0.00195	0.00512	0.00642	0.00563	0.05136
47	0.01260	0.01081	0.01253	0.00908	0.01433	0.00838	0.00725	0.01601	0.04988	0.01989	0.01140	0.01299	0.00940	0.00465	0.00454	0.00095	0.00447	0.00373	0.00370	0.78342
48	0.01247	0.01069	0.01247	0.00891	0.01426	0.00802	0.00713	0.01515	0.01247	0.01960	0.01069	0.01247	0.00891	0.00446	0.00446	0.00089	0.00446	0.00356	0.00356	0.82536
49	0.00772	0.00566	0.00730	0.00851	0.00906	0.00541	0.00576	0.00960	0.04904	0.01589	0.03352	0.72440	0.05924	0.01819	0.00758	0.00241	0.00354	0.01644	0.00561	0.00513
50	0.01293	0.01096	0.01272	0.00913	0.01445	0.00848	0.00732	0.04642	0.01316	0.02040	0.01086	0.01256	0.00897	0.00458	0.00452	0.00093	0.00455	0.00365	0.00367	0.78975
51	0.01508	0.01237	0.01517	0.01445	0.13306	0.01156	0.00982	0.16262	0.07061	0.02394	0.01316	0.01465	0.01040	0.00561	0.00512	0.00134	0.00525	0.00460	0.05643	0.41475
52	0.04285	0.01489	0.06188	0.01421	0.01949	0.01363	0.13535	0.24934	0.05027	0.13000	0.01454	0.01526	0.01049	0.00615	0.00577	0.00166	0.00651	0.00531	0.00487	0.19755
53	0.11992	0.00799	0.00953	0.00834	0.01099	0.00744	0.00648	0.01583	0.01524	0.17481	0.35284	0.08690	0.07687	0.01046	0.00628	0.00185	0.00373	0.00887	0.00604	0.06959
54	0.06690	0.05184	0.01468	0.01011	0.01527	0.01077	0.02979	0.10591	0.01455	0.05263	0.01148	0.01285	0.00912	0.00505	0.00472	0.00116	0.00504	0.00397	0.00398	0.57018
55	0.01847	0.05114	0.03227	0.01251	0.01670	0.01043	0.12409	0.04566	0.03762	0.33002	0.17229	0.04568	0.02263	0.00814	0.00629	0.00184	0.00555	0.00726	0.00590	0.04548

[dist]
# distance from previous block
# <min> <max>
7	25

[block]
# block no. 8 follows, 38 sequences, length 13
# corresponding to MSA columns:
# 347-359
name=unknown_I
#
# <colnr> <probs for GDERKNQSTAVLIFYWHMCP>
#	G	D	E	R	K	N	Q	S	T	A	V	L	I	F	Y	W	H	M	C	P
0	0.02309	0.01649	0.01783	0.01367	0.01848	0.01812	0.01129	0.69298	0.02768	0.07678	0.01495	0.01477	0.01048	0.00723	0.00602	0.00181	0.00654	0.00545	0.00610	0.01023
1	0.02287	0.01685	0.01805	0.01384	0.01866	0.01866	0.01143	0.73100	0.02828	0.03791	0.01444	0.01444	0.01023	0.00722	0.00602	0.00181	0.00662	0.00542	0.00602	0.01023
2	0.13992	0.36581	0.06511	0.01155	0.01658	0.01993	0.01080	0.26279	0.01747	0.02451	0.01059	0.01149	0.00840	0.00596	0.00469	0.00159	0.00637	0.00405	0.00393	0.00847
3	0.01228	0.07124	0.71915	0.01678	0.02548	0.01449	0.02160	0.01900	0.01268	0.01879	0.01067	0.01254	0.00763	0.00569	0.00562	0.00187	0.00876	0.00438	0.00254	0.00883
4	0.02308	0.01651	0.01784	0.01368	0.01848	0.01815	0.01130	0.69471	0.02771	0.07501	0.01492	0.01476	0.01047	0.00723	0.00602	0.00181	0.00654	0.00545	0.00609	0.01023
5	0.01230	0.07621	0.71440	0.01674	0.02541	0.01455	0.02152	0.01899	0.01267	0.01876	0.01065	0.01252	0.00763	0.00568	0.00561	0.00187	0.00874	0.00437	0.00254	0.00882
6	0.00917	0.00653	0.00897	0.01027	0.01137	0.00646	0.00852	0.01144	0.01308	0.01709	0.03130	0.20592	0.03484	0.06503	0.00957	0.00290	0.00516	0.53167	0.00543	0.00529
7	0.01286	0.18174	0.61376	0.01579	0.02394	0.01592	0.01986	0.01885	0.01261	0.01808	0.01031	0.01210	0.00764	0.00560	0.00535	0.00178	0.00840	0.00420	0.00255	0.00866
8	0.02051	0.01509	0.01638	0.01301	0.01715	0.01657	0.01055	0.62152	0.02574	0.03450	0.01728	0.13113	0.01471	0.00898	0.00627	0.00190	0.00615	0.00719	0.00595	0.00942
9	0.02020	0.17135	0.02338	0.01488	0.01995	0.01916	0.11995	0.48101	0.02295	0.03035	0.01289	0.01376	0.00956	0.00648	0.00575	0.00174	0.00712	0.00523	0.00488	0.00941
10	0.01362	0.39029	0.29808	0.01296	0.01893	0.01759	0.01464	0.01756	0.01265	0.01656	0.01283	0.01960	0.01176	0.00710	0.00522	0.00174	0.00721	0.11083	0.00301	0.00782
11	0.01306	0.23681	0.44627	0.12995	0.02546	0.01658	0.01812	0.01821	0.01247	0.01715	0.01011	0.01237	0.00771	0.00560	0.00525	0.00175	0.00808	0.00424	0.00257	0.00823
12	0.03249	0.18921	0.28420	0.01284	0.01807	0.04938	0.01355	0.03423	0.10361	0.01838	0.01686	0.13162	0.03500	0.00917	0.02425	0.00204	0.00697	0.00664	0.00369	0.00780

[dist]
# distance from previous block
# <min> <max>
2	21

[block]
# block no. 9 follows, 38 sequences, length 19
# corresponding to MSA columns:
# 382-400
name=unknown_J
#
# <colnr> <probs for GDERKNQSTAVLIFYWHMCP>
#	G	D	E	R	K	N	Q	S	T	A	V	L	I	F	Y	W	H	M	C	P
0	0.15510	0.01413	0.01936	0.09776	0.42069	0.06202	0.01468	0.04351	0.03946	0.04019	0.01207	0.03349	0.00999	0.00607	0.00560	0.00183	0.00679	0.00527	0.00348	0.00850
1	0.03565	0.01292	0.01725	0.22879	0.02430	0.01379	0.05771	0.26431	0.01804	0.07600	0.01332	0.01595	0.01002	0.02922	0.02638	0.00206	0.00698	0.00533	0.00440	0.13758
2	0.26851	0.01372	0.04433	0.14058	0.22118	0.03156	0.01283	0.06958	0.06027	0.06591	0.01203	0.01409	0.00917	0.00600	0.00527	0.00187	0.00636	0.00477	0.00382	0.00814
3	0.01246	0.01163	0.01969	0.48203	0.14764	0.01321	0.08042	0.05019	0.01374	0.01830	0.08034	0.01851	0.01304	0.00647	0.00621	0.00195	0.00752	0.00603	0.00329	0.00733
4	0.01472	0.01412	0.02411	0.07229	0.71702	0.01425	0.01838	0.01831	0.01362	0.01945	0.01129	0.01494	0.00946	0.00539	0.00596	0.00180	0.00719	0.00536	0.00296	0.00939
5	0.01136	0.01069	0.01804	0.77412	0.04143	0.01337	0.01671	0.01537	0.01203	0.01537	0.01069	0.01604	0.00802	0.00601	0.00601	0.00200	0.00802	0.00535	0.00267	0.00668
6	0.01929	0.00971	0.01236	0.06799	0.01556	0.02868	0.00862	0.02253	0.05707	0.41625	0.11701	0.03010	0.11968	0.00939	0.00640	0.00194	0.00493	0.03765	0.00646	0.00838
7	0.01312	0.01249	0.02122	0.40690	0.39492	0.01383	0.01758	0.01691	0.01286	0.01750	0.01100	0.01547	0.00877	0.00569	0.00599	0.00190	0.00758	0.00535	0.00282	0.00810
8	0.01218	0.01182	0.01893	0.38263	0.07645	0.01492	0.05015	0.01511	0.01122	0.01552	0.01087	0.05132	0.00963	0.00814	0.01104	0.00224	0.28221	0.00596	0.00283	0.00682
9	0.09868	0.02775	0.63532	0.03783	0.02447	0.01367	0.01993	0.01858	0.01254	0.01993	0.03157	0.01341	0.00892	0.00590	0.00555	0.00190	0.00824	0.00453	0.00279	0.00848
10	0.02046	0.03159	0.01342	0.01055	0.01421	0.03049	0.00845	0.09125	0.11125	0.38687	0.14361	0.02483	0.02197	0.05400	0.00760	0.00209	0.00506	0.00692	0.00653	0.00884
11	0.00732	0.00594	0.00636	0.00657	0.00817	0.00512	0.00473	0.00873	0.01318	0.01618	0.08612	0.17719	0.55111	0.06534	0.00871	0.00234	0.00329	0.01309	0.00551	0.00498
12	0.00878	0.00611	0.00791	0.00770	0.00908	0.00560	0.00568	0.01121	0.01589	0.04399	0.56149	0.16991	0.09706	0.01345	0.00716	0.00199	0.00303	0.01190	0.00641	0.00564
13	0.83108	0.01163	0.00884	0.00791	0.01163	0.01350	0.00651	0.01768	0.01024	0.02699	0.00838	0.00977	0.00651	0.00558	0.00372	0.00186	0.00465	0.00326	0.00372	0.00651
14	0.01217	0.01037	0.01215	0.00888	0.01393	0.00784	0.00704	0.01475	0.01242	0.01935	0.01201	0.05771	0.01072	0.00530	0.00464	0.00098	0.00440	0.00436	0.00368	0.77729
15	0.20205	0.01054	0.01285	0.01010	0.01455	0.00985	0.00834	0.02678	0.01570	0.59668	0.02039	0.01815	0.01307	0.00704	0.00554	0.00186	0.00502	0.00544	0.00664	0.00943
16	0.00915	0.00699	0.00856	0.00838	0.01009	0.00678	0.00651	0.01330	0.09699	0.02184	0.43274	0.06864	0.16036	0.01311	0.00718	0.00207	0.00349	0.11163	0.00621	0.00597
17	0.01681	0.72998	0.03021	0.01048	0.01554	0.04706	0.01027	0.01875	0.01262	0.04972	0.00913	0.01021	0.00806	0.00529	0.00402	0.00132	0.00651	0.00337	0.00282	0.00782
18	0.01504	0.01470	0.02390	0.06397	0.69654	0.04264	0.01814	0.01856	0.01376	0.01931	0.01122	0.01478	0.00940	0.00542	0.00594	0.00179	0.00732	0.00530	0.00297	0.00932

[dist]
# distance from previous block
# <min> <max>
0	4

[block]
# block no. 10 follows, 38 sequences, length 11
# corresponding to MSA columns:
# 405-415
name=unknown_K
#
# <colnr> <probs for GDERKNQSTAVLIFYWHMCP>
#	G	D	E	R	K	N	Q	S	T	A	V	L	I	F	Y	W	H	M	C	P
0	0.01239	0.02917	0.67248	0.01944	0.11004	0.01401	0.02179	0.01898	0.01282	0.01912	0.01086	0.01295	0.00784	0.00567	0.00574	0.00189	0.00869	0.00455	0.00259	0.00896
1	0.02293	0.17060	0.01828	0.01136	0.01603	0.01430	0.00969	0.16175	0.08158	0.40330	0.01890	0.01729	0.01284	0.00700	0.00560	0.00175	0.00564	0.00542	0.00607	0.00966
2	0.01163	0.00684	0.00904	0.00810	0.01006	0.00621	0.00621	0.01438	0.01706	0.14741	0.62577	0.04081	0.04970	0.01148	0.00692	0.00189	0.00322	0.01006	0.00676	0.00645
3	0.83108	0.01163	0.00884	0.00791	0.01163	0.01350	0.00651	0.01768	0.01024	0.02699	0.00838	0.00977	0.00651	0.00558	0.00372	0.00186	0.00465	0.00326	0.00372	0.00651
4	0.00798	0.00573	0.00756	0.00793	0.00887	0.00532	0.00563	0.01000	0.01453	0.02015	0.42393	0.38022	0.04907	0.01527	0.00736	0.00214	0.00313	0.01370	0.00615	0.00532
5	0.01448	0.01388	0.02368	0.12200	0.66917	0.01419	0.01826	0.01811	0.01351	0.01916	0.01124	0.01502	0.00935	0.00544	0.00596	0.00181	0.00725	0.00536	0.00294	0.00920
6	0.01518	0.01176	0.01518	0.01131	0.01596	0.01062	0.05193	0.07532	0.01404	0.10537	0.01227	0.01386	0.00960	0.00577	0.00670	0.00135	0.09463	0.00441	0.00407	0.52067
7	0.11470	0.01040	0.01229	0.00991	0.01374	0.01005	0.00805	0.13321	0.01771	0.37358	0.12153	0.02597	0.10532	0.00876	0.00604	0.00188	0.00475	0.00706	0.00646	0.00859
8	0.01896	0.01296	0.01440	0.01200	0.01591	0.01401	0.00965	0.23647	0.32217	0.16849	0.02387	0.02333	0.06140	0.00845	0.00621	0.00196	0.00530	0.02870	0.00629	0.00947
9	0.00823	0.07389	0.00924	0.00845	0.00934	0.00663	0.00601	0.00957	0.01223	0.01629	0.11529	0.62991	0.03900	0.01688	0.00728	0.00228	0.00367	0.01516	0.00544	0.00523
10	0.00975	0.00762	0.00917	0.00858	0.01071	0.00731	0.00668	0.01448	0.12218	0.02211	0.40118	0.04321	0.13817	0.01191	0.00686	0.00195	0.00360	0.09096	0.00602	0.07754

[dist]
# distance from previous block
# <min> <max>
9	13

[block]
# block no. 11 follows, 38 sequences, length 15
# corresponding to MSA columns:
# 429-443
name=unknown_L
#
# <colnr> <probs for GDERKNQSTAVLIFYWHMCP>
#	G	D	E	R	K	N	Q	S	T	A	V	L	I	F	Y	W	H	M	C	P
0	0.00770	0.00560	0.00726	0.00839	0.00909	0.00523	0.00595	0.00904	0.01214	0.01594	0.05615	0.56252	0.11863	0.04326	0.00844	0.00254	0.00377	0.10784	0.00554	0.00498
1	0.01419	0.01588	0.03356	0.02574	0.09006	0.01533	0.62757	0.01892	0.01386	0.01901	0.01184	0.01593	0.00909	0.00542	0.00776	0.00204	0.05579	0.00685	0.00301	0.00814
2	0.00718	0.00608	0.00612	0.00612	0.00806	0.00511	0.00453	0.00864	0.01349	0.01605	0.05906	0.05706	0.71608	0.04986	0.00816	0.00220	0.00317	0.01252	0.00550	0.00501
3	0.01676	0.01623	0.02267	0.03210	0.59589	0.12782	0.01685	0.01996	0.01442	0.06289	0.01175	0.01461	0.00958	0.00561	0.00588	0.00176	0.00759	0.00518	0.00326	0.00918
4	0.00729	0.00609	0.00628	0.00624	0.00814	0.00516	0.00463	0.00887	0.01380	0.01675	0.11799	0.05607	0.66146	0.04484	0.00802	0.00217	0.00314	0.01239	0.00560	0.00507
5	0.04247	0.01086	0.01261	0.01061	0.01427	0.01103	0.00843	0.06157	0.27770	0.26644	0.08484	0.04475	0.06937	0.00871	0.00612	0.00190	0.00465	0.00722	0.00634	0.05010
6	0.01403	0.01184	0.01531	0.01116	0.01642	0.00997	0.07914	0.07491	0.05119	0.04258	0.01222	0.01375	0.00969	0.00502	0.00497	0.00116	0.00523	0.00430	0.00395	0.61315
7	0.01469	0.01409	0.02407	0.07770	0.71181	0.01424	0.01837	0.01829	0.01361	0.01942	0.01128	0.01495	0.00945	0.00540	0.00596	0.00180	0.00719	0.00536	0.00296	0.00937
8	0.01499	0.01051	0.01535	0.04149	0.01658	0.01026	0.10743	0.05581	0.08390	0.16501	0.25675	0.02640	0.02668	0.00851	0.00696	0.00184	0.03895	0.00748	0.00554	0.09955
9	0.03475	0.01142	0.05040	0.01316	0.09276	0.01063	0.00975	0.09124	0.13914	0.13606	0.14431	0.03112	0.12707	0.00961	0.00640	0.00194	0.00495	0.05217	0.00565	0.02747
10	0.01367	0.01435	0.06127	0.01838	0.02276	0.03441	0.36417	0.01817	0.05342	0.05625	0.04791	0.10626	0.01547	0.00862	0.02380	0.00219	0.07428	0.00776	0.00386	0.05299
11	0.01833	0.10308	0.05843	0.02080	0.23178	0.29983	0.01378	0.08888	0.05151	0.01902	0.01129	0.01326	0.00922	0.00710	0.02683	0.00189	0.00865	0.00463	0.00341	0.00829
12	0.01330	0.06977	0.57866	0.01741	0.06863	0.01450	0.01982	0.01992	0.04951	0.05157	0.01186	0.01352	0.00862	0.00601	0.00610	0.00189	0.03241	0.00465	0.00297	0.00888
13	0.05398	0.04033	0.10383	0.03780	0.11387	0.02740	0.05654	0.01557	0.02895	0.01762	0.04693	0.08657	0.03627	0.01197	0.07518	0.00273	0.19447	0.00671	0.00346	0.03983
14	0.01520	0.07177	0.01946	0.05597	0.33937	0.02643	0.01330	0.02085	0.14776	0.07696	0.05251	0.01847	0.02874	0.00653	0.00577	0.00174	0.00605	0.00576	0.00415	0.08321

[dist]
# distance from previous block
# <min> <max>
2	14

[block]
# block no. 12 follows, 38 sequences, length 63
# corresponding to MSA columns:
# 458-520
name=unknown_M
#
# <colnr> <probs for GDERKNQSTAVLIFYWHMCP>
#	G	D	E	R	K	N	Q	S	T	A	V	L	I	F	Y	W	H	M	C	P
0	0.01436	0.02860	0.03612	0.02699	0.06867	0.03894	0.04862	0.13902	0.01590	0.02257	0.07739	0.05133	0.01471	0.00652	0.00544	0.00141	0.00561	0.00553	0.00420	0.38807
1	0.01507	0.09323	0.18484	0.13595	0.07676	0.05537	0.01455	0.08039	0.10786	0.05970	0.03064	0.03825	0.01193	0.00712	0.00677	0.00191	0.06196	0.00556	0.00384	0.00828
2	0.01507	0.14497	0.29695	0.01860	0.14297	0.09900	0.03186	0.02100	0.10140	0.03401	0.01221	0.01381	0.00946	0.00607	0.00589	0.00179	0.02834	0.00474	0.00323	0.00863
3	0.03181	0.08900	0.47032	0.02089	0.19234	0.01465	0.03793	0.01859	0.01300	0.01911	0.03140	0.01388	0.00946	0.00575	0.00565	0.00183	0.00805	0.00478	0.00280	0.00878
