[name]
unknown

[dist]
# distance from previous block
# <min> <max>
2	34

[block]
# block no. 0 follows, 43 sequences, length 21
# corresponding to MSA columns:
# 45-58,61-67
name=unknown_A
#
# <colnr> <probs for GDERKNQSTAVLIFYWHMCP>
#	G	D	E	R	K	N	Q	S	T	A	V	L	I	F	Y	W	H	M	C	P
0	0.09182	0.03033	0.05234	0.01133	0.01540	0.12538	0.02352	0.21026	0.03585	0.24683	0.02790	0.01592	0.02937	0.02132	0.00566	0.00170	0.00599	0.00499	0.00495	0.03913
1	0.12185	0.13755	0.08696	0.01196	0.01671	0.03141	0.07720	0.21389	0.06171	0.06095	0.01165	0.01249	0.00878	0.00555	0.00483	0.00152	0.00596	0.00433	0.00395	0.12077
2	0.06149	0.24726	0.06161	0.01021	0.01432	0.06911	0.00916	0.14460	0.03383	0.06769	0.08978	0.01576	0.02950	0.00723	0.02631	0.00165	0.00581	0.00470	0.00394	0.09606
3	0.09430	0.01094	0.01184	0.03007	0.01366	0.04281	0.00765	0.17308	0.03575	0.15372	0.01624	0.07620	0.03306	0.07475	0.00706	0.00185	0.00500	0.00573	0.00462	0.20169
4	0.01628	0.16361	0.05578	0.04434	0.01556	0.35873	0.00966	0.04483	0.01388	0.01605	0.01065	0.01238	0.00867	0.00562	0.00453	0.00138	0.00720	0.00390	0.16945	0.03751
5	0.01343	0.03072	0.01167	0.00853	0.01273	0.00858	0.00686	0.07242	0.05047	0.09100	0.01328	0.03360	0.01063	0.00535	0.00446	0.00112	0.00418	0.00430	0.09981	0.51688
6	0.01032	0.00516	0.00516	0.00516	0.00645	0.00516	0.00387	0.01290	0.01161	0.02065	0.01807	0.02065	0.01420	0.00645	0.00387	0.00129	0.00258	0.00516	0.83611	0.00516
7	0.01260	0.01051	0.01209	0.00873	0.01360	0.00853	0.00703	0.10031	0.01319	0.02002	0.01025	0.01170	0.00835	0.00440	0.00427	0.00092	0.00433	0.00348	0.00355	0.74217
8	0.00655	0.00561	0.00561	0.00561	0.00748	0.00468	0.00421	0.00795	0.01262	0.01496	0.05610	0.05330	0.76857	0.01403	0.00655	0.00187	0.00281	0.01169	0.00514	0.00468
9	0.01032	0.00516	0.00516	0.00516	0.00645	0.00516	0.00387	0.01290	0.01161	0.02065	0.01807	0.02065	0.01420	0.00645	0.00387	0.00129	0.00258	0.00516	0.83611	0.00516
10	0.00674	0.00486	0.00639	0.00761	0.00801	0.00451	0.00509	0.00772	0.01070	0.01418	0.03180	0.76432	0.07323	0.01718	0.00704	0.00223	0.00319	0.01554	0.00514	0.00451
11	0.39468	0.06096	0.19041	0.01038	0.01504	0.01281	0.01040	0.05422	0.01187	0.14298	0.01076	0.01155	0.00776	0.00569	0.00494	0.00172	0.03898	0.00384	0.00372	0.00729
12	0.03967	0.01089	0.01282	0.00948	0.01413	0.00947	0.02748	0.14962	0.01431	0.05691	0.01157	0.03349	0.00939	0.00510	0.00456	0.00111	0.00462	0.00412	0.00390	0.57736
13	0.00747	0.00546	0.00646	0.00654	0.00743	0.00507	0.00448	0.00875	0.01179	0.01565	0.24490	0.15069	0.20751	0.26075	0.01340	0.00300	0.00366	0.02772	0.00486	0.00441
14	0.01249	0.04195	0.03795	0.01382	0.10447	0.09842	0.06102	0.05126	0.18760	0.01859	0.09182	0.14410	0.05911	0.04401	0.00687	0.00196	0.00549	0.00778	0.00439	0.00690
15	0.05704	0.18741	0.11670	0.03910	0.05065	0.05397	0.35635	0.01733	0.01223	0.01663	0.00978	0.01255	0.00772	0.00504	0.00584	0.00169	0.03501	0.00498	0.00266	0.00731
16	0.01199	0.13492	0.52541	0.01395	0.02042	0.04636	0.01660	0.03704	0.01216	0.01699	0.02993	0.04187	0.02781	0.00621	0.00561	0.00170	0.03594	0.00472	0.00272	0.00762
17	0.02234	0.01344	0.01534	0.01176	0.01614	0.01410	0.00971	0.50567	0.02257	0.28647	0.01621	0.01519	0.01088	0.00672	0.00555	0.00168	0.00562	0.00518	0.00599	0.00942
18	0.00792	0.00589	0.00867	0.00867	0.00958	0.00680	0.00663	0.00974	0.00883	0.01269	0.01505	0.02293	0.01435	0.10339	0.72225	0.00861	0.01407	0.00611	0.00300	0.00482
19	0.00675	0.00482	0.00643	0.00771	0.00803	0.00450	0.00514	0.00771	0.01060	0.01414	0.03053	0.80175	0.03663	0.01735	0.00707	0.00225	0.00321	0.01574	0.00514	0.00450
20	0.01502	0.78052	0.02854	0.00965	0.01432	0.04933	0.00952	0.01678	0.01141	0.01305	0.00773	0.00892	0.00711	0.00477	0.00361	0.00119	0.00607	0.00298	0.00239	0.00708

[dist]
# distance from previous block
# <min> <max>
0	3

[block]
# block no. 1 follows, 43 sequences, length 15
# corresponding to MSA columns:
# 71-85
name=unknown_B
#
# <colnr> <probs for GDERKNQSTAVLIFYWHMCP>
#	G	D	E	R	K	N	Q	S	T	A	V	L	I	F	Y	W	H	M	C	P
0	0.01212	0.01212	0.01696	0.01454	0.01454	0.01696	0.01212	0.01333	0.00848	0.01333	0.00727	0.01212	0.00727	0.00969	0.01818	0.00242	0.79523	0.00485	0.00242	0.00606
1	0.01554	0.01346	0.04789	0.13807	0.43262	0.03200	0.01488	0.11324	0.01454	0.10630	0.01195	0.01423	0.00911	0.00550	0.00549	0.00168	0.00656	0.00495	0.00352	0.00847
2	0.00804	0.00541	0.00623	0.00623	0.00629	0.00547	0.00359	0.00817	0.00811	0.01088	0.01728	0.03531	0.01973	0.75596	0.07703	0.00560	0.00598	0.00792	0.00333	0.00346
3	0.01032	0.00516	0.00516	0.00516	0.00645	0.00516	0.00387	0.01290	0.01161	0.02065	0.01807	0.02065	0.01420	0.00645	0.00387	0.00129	0.00258	0.00516	0.83611	0.00516
4	0.00793	0.00584	0.00845	0.00845	0.00928	0.00668	0.00636	0.00960	0.00877	0.01252	0.01525	0.02405	0.01484	0.16250	0.66381	0.00834	0.01334	0.00627	0.00303	0.00469
5	0.01707	0.03703	0.05749	0.08673	0.13884	0.37540	0.06045	0.07890	0.03054	0.01671	0.00981	0.01197	0.00789	0.00575	0.00584	0.00161	0.04338	0.00434	0.00302	0.00722
6	0.01032	0.00516	0.00516	0.00516	0.00645	0.00516	0.00387	0.01290	0.01161	0.02065	0.01807	0.02065	0.01420	0.00645	0.00387	0.00129	0.00258	0.00516	0.83611	0.00516
7	0.00655	0.00561	0.00561	0.00561	0.00748	0.00468	0.00421	0.00795	0.01262	0.01496	0.05610	0.05330	0.76857	0.01403	0.00655	0.00187	0.00281	0.01169	0.00514	0.00468
8	0.01024	0.00752	0.00950	0.01046	0.08187	0.00755	0.00694	0.06143	0.10012	0.04243	0.15896	0.28504	0.09211	0.01159	0.00615	0.00188	0.00370	0.01020	0.08622	0.00608
9	0.01204	0.01266	0.02433	0.29499	0.06449	0.01377	0.35370	0.01582	0.01171	0.01587	0.01014	0.01443	0.00790	0.00569	0.00775	0.00193	0.11764	0.00566	0.00263	0.00687
10	0.00962	0.00481	0.00722	0.00722	0.00722	0.00481	0.00481	0.00722	0.00722	0.00962	0.00962	0.01684	0.00962	0.01924	0.02165	0.83886	0.00481	0.00481	0.00241	0.00241
11	0.01284	0.00933	0.01037	0.00918	0.01188	0.00977	0.00715	0.09333	0.29331	0.10116	0.14608	0.06165	0.19118	0.00981	0.00602	0.00183	0.00391	0.00825	0.00570	0.00726
12	0.01379	0.01451	0.05474	0.15326	0.44399	0.07301	0.07815	0.04116	0.04080	0.01777	0.01077	0.01385	0.00863	0.00524	0.00554	0.00169	0.00718	0.00498	0.00289	0.00805
13	0.00799	0.00612	0.00736	0.00717	0.00841	0.02306	0.00532	0.01010	0.01391	0.01899	0.48891	0.07206	0.13765	0.07991	0.05423	0.00253	0.00389	0.04199	0.00540	0.00497
14	0.00996	0.00614	0.00803	0.00729	0.00899	0.00558	0.00556	0.01247	0.01559	0.11780	0.64650	0.03894	0.07386	0.01085	0.00641	0.00174	0.00289	0.00951	0.00616	0.00574

[dist]
# distance from previous block
# <min> <max>
3	9

[block]
# block no. 2 follows, 43 sequences, length 15
# corresponding to MSA columns:
# 96-110
name=unknown_C
#
# <colnr> <probs for GDERKNQSTAVLIFYWHMCP>
#	G	D	E	R	K	N	Q	S	T	A	V	L	I	F	Y	W	H	M	C	P
0	0.01350	0.05805	0.01785	0.05959	0.01701	0.05818	0.09440	0.05021	0.01150	0.05709	0.04183	0.03154	0.01068	0.00805	0.01160	0.00201	0.38851	0.00534	0.03905	0.02401
1	0.01716	0.01395	0.06283	0.07223	0.01764	0.01406	0.01055	0.43750	0.03572	0.05656	0.04135	0.03347	0.01165	0.00683	0.00596	0.00165	0.03975	0.00527	0.03604	0.07983
2	0.03271	0.03025	0.12837	0.18993	0.14701	0.01288	0.10668	0.09129	0.03183	0.01897	0.01117	0.01403	0.00862	0.00559	0.00588	0.00169	0.04104	0.00488	0.06254	0.05465
3	0.01408	0.01080	0.01522	0.10350	0.03651	0.01026	0.09592	0.12840	0.02847	0.10544	0.03788	0.08494	0.01304	0.00653	0.00534	0.00149	0.00541	0.00579	0.00416	0.28682
4	0.01122	0.01029	0.04586	0.03202	0.01509	0.00901	0.11407	0.11505	0.01402	0.01950	0.08995	0.20106	0.06312	0.00917	0.00587	0.00167	0.00499	0.02363	0.00430	0.21008
5	0.01902	0.01334	0.01504	0.01248	0.04810	0.01425	0.00966	0.46376	0.10436	0.11860	0.01524	0.01599	0.01127	0.05186	0.00674	0.00185	0.00559	0.00526	0.00532	0.06229
6	0.01822	0.01378	0.01483	0.01178	0.01569	0.01511	0.00951	0.52848	0.15189	0.03020	0.01544	0.04094	0.01199	0.04085	0.00648	0.00183	0.00556	0.00559	0.00532	0.05649
7	0.00729	0.00547	0.00676	0.00679	0.00803	0.00494	0.00496	0.00926	0.01385	0.01872	0.43701	0.20519	0.22492	0.01326	0.00665	0.00188	0.00279	0.01164	0.00566	0.00494
8	0.01296	0.01356	0.06496	0.15799	0.49657	0.01311	0.07628	0.01740	0.05960	0.01769	0.01112	0.01431	0.00892	0.00520	0.00557	0.00172	0.00689	0.00510	0.00286	0.00819
9	0.01032	0.00516	0.00516	0.00516	0.00645	0.00516	0.00387	0.01290	0.01161	0.02065	0.01807	0.02065	0.01420	0.00645	0.00387	0.00129	0.00258	0.00516	0.83611	0.00516
10	0.01148	0.00984	0.01148	0.00820	0.01312	0.00738	0.00656	0.01395	0.01148	0.01805	0.00984	0.01148	0.00820	0.00410	0.00410	0.00082	0.00410	0.00328	0.00328	0.83922
11	0.00693	0.00499	0.00661	0.00772	0.00816	0.00474	0.00527	0.00800	0.01058	0.01406	0.03021	0.66932	0.06637	0.04811	0.05192	0.00274	0.00400	0.04080	0.00495	0.00451
12	0.01032	0.00516	0.00516	0.00516	0.00645	0.00516	0.00387	0.01290	0.01161	0.02065	0.01807	0.02065	0.01420	0.00645	0.00387	0.00129	0.00258	0.00516	0.83611	0.00516
13	0.01371	0.01316	0.02248	0.03399	0.77081	0.01316	0.01700	0.01700	0.01261	0.01809	0.01042	0.01371	0.00877	0.00493	0.00548	0.00164	0.00658	0.00493	0.00274	0.00877
14	0.01362	0.01149	0.01261	0.06306	0.01563	0.01314	0.00900	0.09885	0.56443	0.02313	0.04358	0.04596	0.04502	0.00796	0.00572	0.00186	0.00461	0.00665	0.00539	0.00827

[dist]
# distance from previous block
# <min> <max>
0	23

[block]
# block no. 3 follows, 43 sequences, length 9
# corresponding to MSA columns:
# 134-142
name=unknown_D
#
# <colnr> <probs for GDERKNQSTAVLIFYWHMCP>
#	G	D	E	R	K	N	Q	S	T	A	V	L	I	F	Y	W	H	M	C	P
0	0.01194	0.16439	0.45288	0.01581	0.09302	0.01449	0.01650	0.01652	0.01161	0.01663	0.05112	0.01306	0.00972	0.00590	0.00630	0.00171	0.08374	0.00437	0.00260	0.00768
1	0.01950	0.02299	0.01516	0.01355	0.01643	0.60786	0.01031	0.11617	0.01638	0.01627	0.00979	0.01156	0.00808	0.00931	0.08065	0.00218	0.00995	0.00398	0.00322	0.00667
2	0.00962	0.00716	0.00835	0.00786	0.00903	0.00754	0.00556	0.07916	0.08448	0.01656	0.11764	0.09285	0.09026	0.32380	0.09505	0.00396	0.02316	0.00849	0.00437	0.00511
3	0.02030	0.01514	0.01620	0.01259	0.01689	0.01683	0.01035	0.67795	0.10166	0.03370	0.01425	0.01405	0.01019	0.00674	0.00555	0.00168	0.00592	0.00512	0.00555	0.00935
4	0.00664	0.00558	0.00577	0.00580	0.00756	0.00470	0.00432	0.00811	0.01274	0.01542	0.10339	0.08576	0.68730	0.01399	0.00657	0.00188	0.00281	0.01176	0.00521	0.00470
5	0.00697	0.00565	0.00624	0.00639	0.00803	0.00491	0.00489	0.00862	0.01291	0.01602	0.14484	0.09985	0.55294	0.01401	0.00669	0.00195	0.00304	0.08601	0.00526	0.00478
6	0.01124	0.00997	0.01440	0.04385	0.03718	0.01279	0.02613	0.04048	0.00980	0.03111	0.01113	0.03148	0.01046	0.03482	0.25633	0.00441	0.40005	0.00553	0.00290	0.00594
7	0.45064	0.10744	0.06091	0.00950	0.01353	0.07769	0.00841	0.09346	0.01272	0.10627	0.01006	0.01077	0.00749	0.00549	0.00414	0.00162	0.00543	0.00360	0.00378	0.00703
8	0.00795	0.00554	0.00730	0.00744	0.00806	0.00587	0.00521	0.00922	0.00946	0.01342	0.06882	0.12947	0.02151	0.28711	0.33276	0.00592	0.00862	0.00814	0.05377	0.00439

[dist]
# distance from previous block
# <min> <max>
0	1

[block]
# block no. 4 follows, 43 sequences, length 13
# corresponding to MSA columns:
# 144-156
name=unknown_E
#
# <colnr> <probs for GDERKNQSTAVLIFYWHMCP>
#	G	D	E	R	K	N	Q	S	T	A	V	L	I	F	Y	W	H	M	C	P
0	0.10775	0.49802	0.08940	0.01027	0.01504	0.04383	0.01009	0.08456	0.01291	0.07016	0.00943	0.01028	0.00765	0.00518	0.00406	0.00138	0.00600	0.00345	0.00310	0.00743
1	0.79275	0.06047	0.00944	0.00742	0.01093	0.01302	0.00621	0.01630	0.00954	0.02411	0.00771	0.00899	0.00607	0.00512	0.00344	0.00168	0.00439	0.00300	0.00336	0.00607
2	0.10216	0.04242	0.08905	0.04948	0.05364	0.03580	0.01004	0.15330	0.14454	0.02154	0.01834	0.01920	0.09819	0.00894	0.04350	0.00209	0.04287	0.00561	0.05200	0.00728
3	0.01626	0.01204	0.01374	0.01228	0.06678	0.01324	0.00906	0.42272	0.05751	0.02651	0.01457	0.01798	0.01189	0.11216	0.06158	0.00262	0.02442	0.00552	0.09136	0.00773
4	0.00797	0.00538	0.00602	0.00602	0.00612	0.00533	0.00340	0.00805	0.00829	0.01096	0.01949	0.03714	0.05955	0.76369	0.02705	0.00519	0.00523	0.00825	0.00345	0.00343
5	0.01298	0.06354	0.09581	0.02096	0.02635	0.01453	0.57741	0.01782	0.03835	0.01739	0.01106	0.01434	0.00844	0.00509	0.00684	0.00185	0.05093	0.00601	0.00281	0.00748
6	0.01134	0.01122	0.02046	0.55534	0.11697	0.01274	0.16215	0.01518	0.01164	0.01530	0.01018	0.01468	0.00774	0.00530	0.00573	0.00183	0.00768	0.00525	0.00256	0.00670
7	0.01240	0.01256	0.01761	0.03520	0.01599	0.04912	0.06522	0.01378	0.00914	0.01352	0.00778	0.01251	0.00745	0.00947	0.01659	0.03912	0.64915	0.00491	0.00247	0.00602
8	0.00863	0.00648	0.00914	0.00893	0.00993	0.00747	0.00683	0.04489	0.00968	0.01375	0.01534	0.04979	0.01486	0.11382	0.62150	0.00778	0.03657	0.00641	0.00319	0.00502
9	0.00735	0.00575	0.00658	0.00649	0.00796	0.00519	0.00476	0.00953	0.03703	0.01758	0.31179	0.11144	0.37897	0.05547	0.00772	0.00204	0.00296	0.01106	0.00541	0.00492
10	0.08968	0.16724	0.04280	0.01204	0.01531	0.41595	0.00983	0.05063	0.03076	0.01573	0.01065	0.06608	0.00965	0.00761	0.03202	0.00176	0.00807	0.00448	0.00314	0.00657
11	0.04842	0.01400	0.10263	0.04707	0.10683	0.01190	0.32813	0.01715	0.01281	0.08135	0.05083	0.01856	0.01225	0.00605	0.00616	0.00179	0.02113	0.05109	0.00343	0.05843
12	0.01608	0.33105	0.06802	0.01133	0.01541	0.28496	0.01005	0.05366	0.01367	0.01506	0.01219	0.01317	0.06425	0.00585	0.00452	0.00135	0.00713	0.00402	0.00296	0.06523

[dist]
# distance from previous block
# <min> <max>
3	14

[block]
# block no. 5 follows, 43 sequences, length 18
# corresponding to MSA columns:
# 173-190
name=unknown_F
#
# <colnr> <probs for GDERKNQSTAVLIFYWHMCP>
#	G	D	E	R	K	N	Q	S	T	A	V	L	I	F	Y	W	H	M	C	P
0	0.00980	0.00794	0.01053	0.12818	0.01389	0.00930	0.00785	0.03256	0.04240	0.01552	0.10199	0.02668	0.07633	0.20265	0.07821	0.00333	0.15151	0.00692	0.06916	0.00527
1	0.00755	0.00530	0.00664	0.00741	0.00777	0.00513	0.00482	0.03088	0.01039	0.01385	0.02642	0.56846	0.03129	0.23202	0.01278	0.00308	0.00389	0.01331	0.00467	0.00434
2	0.01896	0.01401	0.01512	0.01209	0.01605	0.01552	0.00981	0.52623	0.19491	0.06157	0.01646	0.04630	0.01240	0.00728	0.00562	0.00174	0.00553	0.00573	0.00560	0.00907
3	0.07915	0.23479	0.11768	0.07806	0.27448	0.04840	0.01379	0.02793	0.01190	0.01671	0.00917	0.01159	0.00764	0.00526	0.00532	0.00158	0.04222	0.00407	0.00265	0.00761
4	0.03730	0.03729	0.08193	0.01032	0.01473	0.00952	0.00919	0.05251	0.04921	0.55844	0.06588	0.01895	0.01511	0.00691	0.00550	0.00171	0.00497	0.00559	0.00608	0.00888
5	0.01185	0.01182	0.01738	0.01468	0.01513	0.01598	0.06087	0.01335	0.00882	0.01359	0.00813	0.01306	0.00786	0.01187	0.07762	0.00290	0.68150	0.00504	0.00249	0.00606
6	0.01203	0.09683	0.26530	0.24248	0.22890	0.01371	0.03194	0.01633	0.01175	0.01627	0.00984	0.01290	0.00763	0.00519	0.00526	0.00170	0.00732	0.00449	0.00249	0.00764
7	0.00775	0.00579	0.00829	0.06775	0.01091	0.00633	0.00650	0.00926	0.00950	0.01307	0.01988	0.27495	0.02158	0.13693	0.36890	0.00573	0.00920	0.00932	0.00368	0.00467
8	0.00960	0.00881	0.01406	0.60025	0.03072	0.01049	0.01273	0.01283	0.01169	0.01490	0.07554	0.02326	0.13838	0.00740	0.00578	0.00184	0.00625	0.00645	0.00319	0.00583
9	0.01121	0.00822	0.00968	0.00938	0.01102	0.00857	0.00699	0.21773	0.04668	0.02041	0.02501	0.48874	0.02754	0.03042	0.00706	0.00215	0.00423	0.05366	0.00523	0.00607
10	0.01380	0.01386	0.02817	0.06659	0.08865	0.01362	0.53311	0.01783	0.01277	0.07485	0.01156	0.01490	0.00869	0.00530	0.00723	0.00188	0.07049	0.00610	0.00306	0.00754
11	0.00939	0.00554	0.00606	0.00591	0.00683	0.00551	0.00405	0.02712	0.01133	0.01779	0.13385	0.02907	0.02203	0.28233	0.01269	0.00277	0.00362	0.00691	0.40255	0.00464
12	0.00791	0.00593	0.00890	0.00890	0.00989	0.00692	0.00692	0.00989	0.00890	0.01286	0.01483	0.02176	0.01385	0.04154	0.78341	0.00890	0.01483	0.00593	0.00297	0.00494
13	0.01340	0.07390	0.01317	0.01123	0.04474	0.13107	0.00853	0.09376	0.01307	0.07412	0.05701	0.01856	0.01378	0.02333	0.37927	0.00507	0.01061	0.00539	0.00365	0.00635
14	0.01352	0.01017	0.01172	0.08722	0.01534	0.01118	0.00864	0.10622	0.33190	0.07913	0.03908	0.02685	0.11263	0.00860	0.00579	0.00185	0.00461	0.06221	0.05578	0.00754
15	0.01205	0.09190	0.40048	0.08100	0.09452	0.05579	0.05878	0.01710	0.04115	0.01666	0.01183	0.07249	0.00995	0.00621	0.00536	0.00173	0.00740	0.00523	0.00279	0.00758
16	0.01312	0.11171	0.21268	0.01356	0.07456	0.01222	0.05361	0.09478	0.01337	0.05082	0.01382	0.02677	0.05282	0.00742	0.04016	0.00180	0.00649	0.00483	0.00338	0.19207
17	0.42932	0.07453	0.07058	0.00829	0.01190	0.01105	0.02201	0.01531	0.01121	0.07814	0.04746	0.02043	0.16609	0.00731	0.00457	0.00171	0.00449	0.00541	0.00396	0.00625

[dist]
# distance from previous block
# <min> <max>
3	22

[block]
# block no. 6 follows, 43 sequences, length 53
# corresponding to MSA columns:
# 213-265
name=unknown_G
#
# <colnr> <probs for GDERKNQSTAVLIFYWHMCP>
#	G	D	E	R	K	N	Q	S	T	A	V	L	I	F	Y	W	H	M	C	P
0	0.00999	0.00953	0.03774	0.01361	0.17678	0.02997	0.00877	0.01340	0.07047	0.01770	0.13569	0.05503	0.26343	0.00993	0.00603	0.00175	0.00438	0.05362	0.00447	0.07771
1	0.01021	0.00697	0.00789	0.00737	0.00835	0.00707	0.00491	0.12110	0.01184	0.03610	0.04539	0.12880	0.06848	0.48946	0.01946	0.00398	0.00494	0.00877	0.00420	0.00472
2	0.06828	0.25630	0.02165	0.01385	0.03776	0.28074	0.10227	0.12498	0.01507	0.01782	0.00931	0.01079	0.00759	0.00537	0.00475	0.00147	0.00769	0.00396	0.00312	0.00723
3	0.07972	0.00615	0.00736	0.00690	0.00849	0.00583	0.00523	0.01095	0.01481	0.03402	0.61357	0.03951	0.12502	0.01101	0.00625	0.00175	0.00281	0.00952	0.00578	0.00530
4	0.01386	0.01287	0.07320	0.01351	0.01765	0.01156	0.17588	0.18259	0.07947	0.05306	0.01661	0.14578	0.01491	0.00787	0.00586	0.00174	0.00597	0.03209	0.00433	0.13117
5	0.01156	0.01168	0.02185	0.42254	0.12189	0.01280	0.23708	0.01535	0.01178	0.01569	0.01092	0.03996	0.00880	0.00570	0.00622	0.00186	0.02909	0.00576	0.00268	0.00681
6	0.00845	0.00632	0.00857	0.00846	0.00941	0.00716	0.00628	0.01115	0.07318	0.01327	0.01608	0.02491	0.01552	0.20989	0.54739	0.00751	0.01182	0.00644	0.00328	0.00492
7	0.00969	0.00524	0.00802	0.07451	0.00987	0.00545	0.00572	0.00781	0.00755	0.01001	0.00964	0.01666	0.00943	0.01807	0.02026	0.76710	0.00503	0.00482	0.00241	0.00273
8	0.01338	0.01382	0.06748	0.07253	0.62002	0.01315	0.01641	0.01794	0.07662	0.01828	0.01140	0.01424	0.00929	0.00521	0.00549	0.00168	0.00653	0.00500	0.00295	0.00859
9	0.01375	0.01105	0.01510	0.06568	0.01677	0.01159	0.12251	0.30104	0.01712	0.02281	0.02047	0.17101	0.08080	0.06397	0.00765	0.00211	0.00572	0.02623	0.01767	0.00695
10	0.01293	0.01246	0.01866	0.32842	0.10754	0.06007	0.10638	0.07849	0.01265	0.01698	0.01031	0.01413	0.00817	0.00621	0.00763	0.00185	0.13798	0.00505	0.04725	0.00683
11	0.14028	0.01244	0.01963	0.06232	0.60007	0.01281	0.01501	0.01660	0.01206	0.01891	0.01054	0.01449	0.00898	0.00530	0.00524	0.00169	0.00622	0.02639	0.00290	0.00812
12	0.00798	0.00598	0.00862	0.00857	0.00944	0.00680	0.00651	0.00977	0.00946	0.01353	0.08009	0.05664	0.01848	0.10783	0.59420	0.00751	0.03352	0.00685	0.00335	0.00483
13	0.00785	0.00607	0.00757	0.05369	0.01016	0.02472	0.00590	0.02743	0.01170	0.01547	0.11569	0.56180	0.06289	0.05216	0.00779	0.00226	0.00371	0.01335	0.00497	0.00481
14	0.01229	0.01306	0.02671	0.19102	0.09324	0.01303	0.47979	0.01629	0.01226	0.01655	0.01087	0.01504	0.00839	0.00635	0.02574	0.03504	0.00863	0.00596	0.00271	0.00703
15	0.01406	0.01127	0.01616	0.07126	0.20994	0.01050	0.03984	0.06014	0.01302	0.09937	0.01143	0.01334	0.00892	0.00510	0.00544	0.00135	0.03596	0.00435	0.00355	0.36497
16	0.02004	0.02464	0.01604	0.01531	0.06318	0.67807	0.01101	0.05194	0.04166	0.01504	0.00935	0.01072	0.00767	0.00576	0.00507	0.00147	0.00943	0.00380	0.00305	0.00677
17	0.01155	0.01068	0.01496	0.16729	0.13470	0.05429	0.07005	0.05227	0.01301	0.01735	0.05403	0.04948	0.12033	0.00805	0.00625	0.00175	0.03631	0.05705	0.04208	0.07850
18	0.00955	0.00487	0.00702	0.00702	0.00709	0.00487	0.00466	0.00758	0.00751	0.01029	0.01063	0.01841	0.01061	0.07429	0.02116	0.73498	0.00473	0.00506	0.04706	0.00262
19	0.00683	0.00498	0.00664	0.02717	0.00876	0.00470	0.00535	0.00788	0.01071	0.01418	0.03121	0.74708	0.07018	0.01690	0.00701	0.00222	0.00330	0.01528	0.00507	0.00455
20	0.04369	0.01708	0.25332	0.01628	0.02174	0.01180	0.29879	0.02496	0.01209	0.01748	0.01445	0.02954	0.06512	0.03266	0.02873	0.00206	0.02285	0.00588	0.00298	0.07849
21	0.03370	0.08187	0.01515	0.02465	0.03548	0.10293	0.00928	0.27906	0.13280	0.10028	0.03068	0.01590	0.01197	0.02395	0.00565	0.00169	0.00574	0.00505	0.07612	0.00805
22	0.00962	0.00481	0.00722	0.00722	0.00722	0.00481	0.00481	0.00722	0.00722	0.00962	0.00962	0.01684	0.00962	0.01924	0.02165	0.83886	0.00481	0.00481	0.00241	0.00241
23	0.00692	0.00499	0.00656	0.00752	0.00806	0.00463	0.00513	0.00818	0.01152	0.01552	0.15549	0.64948	0.06299	0.01623	0.00696	0.00215	0.00310	0.01465	0.00530	0.00463
24	0.01147	0.01103	0.01917	0.57141	0.12632	0.01275	0.10377	0.02989	0.03040	0.01570	0.01046	0.01477	0.00795	0.00543	0.00565	0.00182	0.00742	0.00515	0.00268	0.00676
25	0.01059	0.01010	0.01741	0.75374	0.03769	0.01239	0.05202	0.01433	0.01117	0.01433	0.00991	0.01477	0.00743	0.00549	0.00559	0.00185	0.00748	0.00500	0.00248	0.00622
26	0.01111	0.02865	0.77667	0.01579	0.02397	0.01286	0.02046	0.01754	0.01169	0.01754	0.00994	0.01169	0.00702	0.00526	0.00526	0.00175	0.00818	0.00409	0.00234	0.00818
27	0.00676	0.00535	0.00598	0.00637	0.00761	0.00469	0.00450	0.00800	0.01185	0.01478	0.07895	0.29019	0.45649	0.06287	0.00802	0.00220	0.00308	0.01268	0.00508	0.00456
28	0.01307	0.01494	0.03268	0.02334	0.02894	0.01401	0.75070	0.01774	0.01307	0.01774	0.01120	0.01494	0.00840	0.00467	0.00654	0.00187	0.00934	0.00654	0.00280	0.00747
29	0.02304	0.00980	0.01279	0.01003	0.01412	0.00899	0.00821	0.04512	0.10639	0.64857	0.03803	0.01942	0.01483	0.00703	0.00560	0.00173	0.00466	0.00574	0.00666	0.00925
30	0.00680	0.00489	0.00644	0.00759	0.00802	0.00454	0.00511	0.00786	0.01094	0.01459	0.06958	0.73299	0.06632	0.01691	0.00702	0.00221	0.00317	0.01529	0.00519	0.00454
31	0.01038	0.00852	0.00961	0.00950	0.01169	0.00910	0.00763	0.01825	0.33473	0.01896	0.03273	0.06635	0.19854	0.01172	0.00650	0.00209	0.00419	0.22760	0.00534	0.00656
32	0.01281	0.01440	0.03075	0.08947	0.02924	0.01396	0.66165	0.01728	0.01274	0.01728	0.01095	0.01483	0.00828	0.00492	0.00685	0.00188	0.03631	0.00634	0.00276	0.00731
33	0.01204	0.25117	0.53278	0.01364	0.02057	0.01516	0.01673	0.01699	0.01172	0.01643	0.03862	0.01204	0.00879	0.00535	0.00482	0.00159	0.00732	0.00400	0.00249	0.00776
34	0.01130	0.02748	0.72000	0.01715	0.08009	0.01288	0.02020	0.01750	0.01176	0.01758	0.00997	0.01184	0.00715	0.00524	0.00528	0.00175	0.00806	0.00416	0.00237	0.00823
35	0.01581	0.67576	0.02679	0.01024	0.01471	0.12889	0.00968	0.03856	0.01230	0.01373	0.00798	0.00917	0.00718	0.00493	0.00381	0.00123	0.00650	0.00310	0.00253	0.00708
36	0.00851	0.00581	0.00762	0.00708	0.00851	0.00534	0.00534	0.01110	0.01568	0.05190	0.73845	0.04048	0.05074	0.01115	0.00649	0.00174	0.00270	0.00984	0.00613	0.00539
37	0.01470	0.61330	0.15087	0.01093	0.01607	0.08569	0.01139	0.01722	0.01171	0.01382	0.00814	0.00944	0.00709	0.00491	0.00396	0.00130	0.00664	0.00320	0.00241	0.00723
38	0.00940	0.00633	0.00714	0.00680	0.00892	0.00554	0.00531	0.01144	0.03174	0.11403	0.10586	0.04787	0.53169	0.01283	0.00649	0.00190	0.00327	0.07252	0.00545	0.00547
39	0.00690	0.00562	0.00610	0.00598	0.00770	0.00483	0.00449	0.00863	0.01346	0.01694	0.25081	0.05004	0.57263	0.01329	0.00654	0.00184	0.00275	0.01123	0.00540	0.00483
40	0.00889	0.00632	0.00807	0.00792	0.00938	0.00611	0.00610	0.01237	0.07851	0.04464	0.47574	0.12970	0.06143	0.01216	0.00664	0.00193	0.00325	0.10950	0.00581	0.00555
41	0.01147	0.01118	0.01605	0.01382	0.01412	0.01521	0.03323	0.01286	0.00867	0.01333	0.00868	0.01412	0.00853	0.03331	0.12374	0.00337	0.64477	0.00513	0.00253	0.00588
42	0.01212	0.01212	0.01696	0.01454	0.01454	0.01696	0.01212	0.01333	0.00848	0.01333	0.00727	0.01212	0.00727	0.00969	0.01818	0.00242	0.79523	0.00485	0.00242	0.00606
43	0.00702	0.00575	0.00618	0.00625	0.00787	0.00507	0.00459	0.00901	0.04152	0.01582	0.12327	0.14886	0.55442	0.03057	0.00703	0.00198	0.00295	0.01176	0.00522	0.00484
44	0.00938	0.00849	0.01091	0.01010	0.01101	0.04493	0.03661	0.01097	0.01165	0.01590	0.19612	0.26062	0.09029	0.03209	0.01032	0.00217	0.21878	0.00999	0.00438	0.00529
45	0.84448	0.01071	0.00814	0.00728	0.01071	0.01242	0.00600	0.01628	0.00943	0.02485	0.00771	0.00900	0.00600	0.00514	0.00343	0.00171	0.00428	0.00300	0.00343	0.00600
46	0.00805	0.00584	0.00753	0.00718	0.00851	0.00546	0.00540	0.02643	0.01542	0.02161	0.66386	0.08778	0.07289	0.01178	0.00657	0.00180	0.00280	0.02986	0.00597	0.00525
47	0.00808	0.00587	0.00690	0.00676	0.00847	0.00519	0.00522	0.01004	0.01379	0.05315	0.29408	0.06182	0.40286	0.01295	0.00661	0.00189	0.00306	0.08256	0.00554	0.00512
48	0.06440	0.28894	0.28082	0.01541	0.09140	0.06231	0.07740	0.01730	0.01179	0.01621	0.00907	0.01095	0.00728	0.00510	0.00491	0.00155	0.02116	0.00391	0.00253	0.00754
49	0.02111	0.01471	0.01604	0.01237	0.01673	0.01607	0.01020	0.64282	0.05939	0.11153	0.01462	0.01422	0.01022	0.00671	0.00555	0.00168	0.00587	0.00511	0.00568	0.00939
50	0.00847	0.00554	0.00660	0.00668	0.00702	0.00545	0.00412	0.02176	0.00954	0.03167	0.06786	0.18919	0.02486	0.53969	0.02140	0.02795	0.00474	0.00952	0.00399	0.00394
51	0.03683	0.00798	0.01189	0.13026	0.01600	0.00836	0.08407	0.05053	0.02845	0.01692	0.03323	0.17914	0.03472	0.06518	0.00843	0.03503	0.00527	0.17620	0.06601	0.00550
52	0.01317	0.01142	0.01793	0.30547	0.32343	0.01255	0.01434	0.06197	0.07405	0.04789	0.01216	0.01525	0.00945	0.00651	0.02495	0.00191	0.00668	0.00510	0.02809	0.00768

[dist]
# distance from previous block
# <min> <max>
11	16

[block]
# block no. 7 follows, 43 sequences, length 57
# corresponding to MSA columns:
# 285-341
name=unknown_H
#
# <colnr> <probs for GDERKNQSTAVLIFYWHMCP>
#	G	D	E	R	K	N	Q	S	T	A	V	L	I	F	Y	W	H	M	C	P
0	0.01467	0.01244	0.05603	0.02803	0.10477	0.03857	0.13083	0.02025	0.16525	0.15442	0.01684	0.08881	0.01368	0.00750	0.01921	0.00182	0.00599	0.00630	0.00435	0.11022
1	0.01466	0.01399	0.01833	0.07593	0.41305	0.10948	0.01361	0.10767	0.05072	0.01935	0.04040	0.01675	0.02449	0.02180	0.00626	0.01634	0.00660	0.01926	0.00344	0.00789
2	0.02977	0.01316	0.03763	0.32634	0.03068	0.01367	0.33955	0.10666	0.01378	0.01857	0.01083	0.01449	0.00805	0.00528	0.00593	0.00183	0.00804	0.00559	0.00301	0.00717
3	0.03183	0.08144	0.47834	0.04299	0.13930	0.01373	0.06308	0.03240	0.03386	0.01788	0.01030	0.01232	0.00770	0.00523	0.00523	0.00171	0.00757	0.00437	0.00262	0.00808
4	0.03487	0.05889	0.46938	0.04077	0.03634	0.03797	0.08581	0.10826	0.01379	0.04746	0.01072	0.01235	0.00771	0.00543	0.00531	0.00172	0.00771	0.00443	0.00300	0.00810
5	0.00822	0.00529	0.00619	0.00622	0.00623	0.00528	0.00357	0.00794	0.00800	0.01067	0.01675	0.04931	0.01917	0.69274	0.02696	0.10785	0.00526	0.00781	0.00327	0.00326
6	0.01276	0.01155	0.01914	0.20344	0.46055	0.01214	0.03821	0.03963	0.01258	0.01803	0.01135	0.01483	0.00913	0.00531	0.00533	0.00166	0.00634	0.00501	0.10529	0.00771
7	0.03420	0.01311	0.03771	0.04662	0.03244	0.10610	0.03321	0.12359	0.17474	0.15914	0.03469	0.02244	0.10549	0.00776	0.00565	0.00175	0.00560	0.02786	0.02015	0.00772
8	0.01288	0.00773	0.00971	0.00926	0.01123	0.00763	0.00713	0.10276	0.06160	0.16976	0.06988	0.35572	0.02783	0.01271	0.00654	0.00206	0.00415	0.10931	0.00561	0.00647
9	0.00810	0.00566	0.00710	0.00696	0.00832	0.00511	0.00513	0.01015	0.01414	0.05135	0.45797	0.18330	0.19048	0.01278	0.00659	0.00186	0.00285	0.01122	0.00576	0.00516
10	0.01842	0.01205	0.01368	0.01102	0.01452	0.01287	0.00888	0.41489	0.06878	0.16231	0.03609	0.04432	0.01423	0.07008	0.05344	0.00244	0.00599	0.02224	0.00546	0.00829
11	0.08528	0.30379	0.37048	0.01290	0.01904	0.03430	0.04280	0.01762	0.03739	0.01668	0.00940	0.01085	0.00736	0.00513	0.00455	0.00155	0.00700	0.00375	0.00259	0.00756
12	0.02485	0.00943	0.01285	0.00985	0.01414	0.00814	0.00814	0.02699	0.01585	0.77465	0.02185	0.01885	0.01371	0.00685	0.00557	0.00171	0.00471	0.00557	0.00685	0.00943
13	0.03801	0.00897	0.01207	0.00976	0.01353	0.00799	0.00810	0.02430	0.02705	0.62717	0.05011	0.02489	0.01727	0.00804	0.00582	0.00182	0.00467	0.09525	0.00653	0.00866
14	0.02687	0.01049	0.03103	0.58994	0.11404	0.01217	0.01467	0.01497	0.04324	0.01532	0.01207	0.01720	0.02565	0.00613	0.00578	0.00185	0.01900	0.03027	0.00279	0.00651
15	0.01262	0.01054	0.01231	0.03898	0.01459	0.00878	0.00739	0.10480	0.01326	0.01997	0.01027	0.01183	0.00832	0.00447	0.00433	0.00096	0.00447	0.00355	0.00353	0.70502
16	0.00805	0.00537	0.00604	0.00604	0.00604	0.00537	0.00336	0.00805	0.00805	0.01074	0.01745	0.03624	0.02013	0.80536	0.02819	0.00537	0.00537	0.00805	0.00336	0.00336
17	0.00680	0.00497	0.00636	0.00738	0.00793	0.00457	0.00499	0.00787	0.01102	0.01452	0.06658	0.65653	0.12697	0.03609	0.00750	0.00226	0.00319	0.01480	0.00514	0.00452
18	0.05895	0.00921	0.01004	0.02943	0.01212	0.04197	0.00734	0.04141	0.21565	0.09630	0.02310	0.18772	0.04127	0.10839	0.00879	0.00241	0.00470	0.08977	0.00498	0.00647
19	0.35503	0.01373	0.15627	0.00998	0.01458	0.01105	0.00963	0.03875	0.02587	0.27834	0.02883	0.01383	0.01003	0.00595	0.00466	0.00172	0.00519	0.00433	0.00453	0.00770
20	0.01076	0.10786	0.01764	0.60535	0.03226	0.01293	0.03020	0.01405	0.01110	0.01406	0.01184	0.01604	0.04015	0.00761	0.04479	0.00212	0.00743	0.00506	0.00260	0.00618
21	0.01559	0.01130	0.01245	0.01091	0.01420	0.01256	0.00856	0.02851	0.60946	0.15657	0.04151	0.02087	0.01724	0.00749	0.00565	0.00185	0.00440	0.00623	0.00586	0.00879
22	0.01414	0.40813	0.26306	0.01441	0.10032	0.04555	0.01380	0.03390	0.01215	0.03534	0.00923	0.01070	0.00749	0.00506	0.00445	0.00145	0.00683	0.00367	0.00261	0.00772
23	0.01056	0.00948	0.01548	0.65743	0.03363	0.01157	0.01423	0.03512	0.01164	0.01496	0.01234	0.02063	0.01050	0.00705	0.00612	0.01878	0.00701	0.09456	0.00287	0.00604
24	0.00805	0.00537	0.00604	0.00604	0.00604	0.00537	0.00336	0.00805	0.00805	0.01074	0.01745	0.03624	0.02013	0.80536	0.02819	0.00537	0.00537	0.00805	0.00336	0.00336
25	0.00986	0.00612	0.00795	0.00732	0.00899	0.00557	0.00559	0.01224	0.01514	0.11369	0.57229	0.05117	0.09918	0.02838	0.00693	0.00186	0.00303	0.03302	0.00601	0.00565
26	0.01594	0.21221	0.03154	0.01124	0.01440	0.30307	0.00925	0.03174	0.08074	0.04987	0.10476	0.04123	0.01519	0.00862	0.04555	0.00189	0.00728	0.00509	0.00368	0.00673
27	0.01111	0.02865	0.77667	0.01579	0.02397	0.01286	0.02046	0.01754	0.01169	0.01754	0.00994	0.01169	0.00702	0.00526	0.00526	0.00175	0.00818	0.00409	0.00234	0.00818
28	0.00716	0.00523	0.00677	0.00748	0.00828	0.00484	0.00533	0.00871	0.01227	0.01647	0.22303	0.47630	0.11603	0.01531	0.00692	0.00210	0.00315	0.06449	0.00538	0.00475
29	0.01106	0.02475	0.62945	0.01526	0.02226	0.01195	0.07012	0.01628	0.01124	0.01658	0.00999	0.01255	0.00743	0.00694	0.00737	0.10475	0.00785	0.00435	0.00238	0.00742
30	0.00770	0.00596	0.00849	0.01098	0.10202	0.00566	0.00675	0.00905	0.01104	0.01478	0.02908	0.63651	0.06417	0.01558	0.00688	0.00217	0.00370	0.04956	0.00484	0.00506
31	0.00805	0.00537	0.00604	0.00604	0.00604	0.00537	0.00336	0.00805	0.00805	0.01074	0.01745	0.03624	0.02013	0.80536	0.02819	0.00537	0.00537	0.00805	0.00336	0.00336
32	0.00679	0.00485	0.00646	0.00768	0.00804	0.00453	0.00514	0.00781	0.01079	0.01444	0.05781	0.77362	0.03721	0.01713	0.00705	0.00223	0.00319	0.01553	0.00518	0.00453
33	0.05067	0.10709	0.01359	0.00913	0.01289	0.00943	0.00765	0.02211	0.01494	0.51018	0.14269	0.02185	0.03857	0.00745	0.00543	0.00166	0.00445	0.00604	0.00601	0.00820
34	0.02144	0.01489	0.01624	0.01245	0.01687	0.01626	0.01028	0.67865	0.02500	0.11006	0.01417	0.01386	0.00985	0.00667	0.00554	0.00167	0.00595	0.00505	0.00567	0.00942
35	0.58995	0.01192	0.01090	0.00922	0.01261	0.04749	0.04297	0.09680	0.01188	0.03833	0.00925	0.01064	0.00711	0.00559	0.00454	0.00171	0.03706	0.00363	0.04192	0.00649
36	0.00712	0.00525	0.00685	0.02807	0.00905	0.00497	0.00564	0.00834	0.01099	0.01436	0.03243	0.57302	0.12466	0.05086	0.00795	0.00236	0.00358	0.09492	0.00499	0.00458
37	0.01859	0.11990	0.01665	0.01304	0.01616	0.54934	0.01013	0.02243	0.13905	0.01511	0.01152	0.01230	0.02065	0.00602	0.00495	0.00148	0.00844	0.00407	0.00329	0.00687
38	0.00696	0.00568	0.00620	0.00633	0.00803	0.00492	0.00487	0.00861	0.01291	0.01588	0.12688	0.07158	0.59168	0.01397	0.00668	0.00194	0.00306	0.09381	0.00524	0.00478
39	0.01368	0.20310	0.49536	0.01380	0.02066	0.01436	0.03368	0.01849	0.01214	0.10966	0.01093	0.01201	0.00789	0.00532	0.00494	0.00162	0.00727	0.00407	0.00291	0.00808
40	0.02278	0.00893	0.01201	0.00938	0.01314	0.00780	0.00755	0.02466	0.01489	0.68067	0.02131	0.02099	0.01450	0.10509	0.00835	0.00216	0.00479	0.00588	0.00642	0.00868
41	0.00793	0.00585	0.00850	0.00850	0.00934	0.00670	0.00642	0.00963	0.00878	0.01256	0.01521	0.02381	0.01474	0.14981	0.67636	0.00840	0.01349	0.00623	0.00302	0.00472
42	0.01563	0.70281	0.02732	0.00998	0.01461	0.05577	0.00963	0.08238	0.01277	0.01500	0.00824	0.00933	0.00731	0.00495	0.00380	0.00124	0.00612	0.00317	0.00267	0.00728
43	0.04477	0.01416	0.12743	0.15768	0.16665	0.01209	0.10437	0.07535	0.01399	0.20904	0.01334	0.01486	0.00942	0.00568	0.00555	0.00174	0.00671	0.00511	0.00391	0.00817
44	0.00873	0.00648	0.00846	0.00794	0.00909	0.00665	0.00602	0.01079	0.01375	0.04528	0.48324	0.12156	0.10548	0.03493	0.00862	0.00200	0.10036	0.00995	0.00540	0.00529
45	0.00831	0.00626	0.00932	0.11347	0.01317	0.00720	0.00759	0.01044	0.00963	0.01383	0.01636	0.11669	0.01581	0.03084	0.51920	0.00651	0.01139	0.00694	0.07198	0.00507
46	0.01050	0.00798	0.01057	0.03854	0.09897	0.00795	0.00820	0.10238	0.01453	0.03945	0.15633	0.16066	0.15659	0.01190	0.00654	0.00199	0.00434	0.15150	0.00502	0.00606
47	0.01320	0.11260	0.04914	0.04894	0.09041	0.01482	0.55370	0.01741	0.01271	0.01706	0.01063	0.01400	0.00821	0.00474	0.00601	0.00176	0.00859	0.00584	0.00272	0.00751
48	0.03192	0.00985	0.01511	0.38380	0.02502	0.01198	0.05618	0.04528	0.01127	0.01634	0.01097	0.01517	0.00874	0.00693	0.00817	0.03079	0.15345	0.00500	0.14798	0.00605
49	0.00931	0.00550	0.00731	0.00785	0.00867	0.00512	0.00544	0.01028	0.01106	0.10748	0.04699	0.55866	0.03140	0.08957	0.00948	0.03814	0.00371	0.03400	0.00509	0.00495
50	0.49117	0.02652	0.04982	0.04556	0.08021	0.01142	0.00820	0.02975	0.01138	0.04854	0.10434	0.01611	0.04491	0.00637	0.00443	0.00171	0.00464	0.00467	0.00381	0.00642
51	0.06648	0.01008	0.13352	0.00929	0.01136	0.00784	0.00820	0.01265	0.10135	0.01440	0.01314	0.03844	0.01210	0.01401	0.01413	0.44968	0.00521	0.05424	0.01920	0.00466
52	0.01859	0.01669	0.01634	0.01712	0.18273	0.24739	0.01127	0.20871	0.02966	0.11411	0.03343	0.05390	0.01175	0.00669	0.00547	0.00163	0.00695	0.00531	0.00426	0.00799
53	0.01487	0.01242	0.03761	0.02740	0.04050	0.09459	0.04024	0.14088	0.12691	0.11536	0.11393	0.02516	0.12286	0.05377	0.00709	0.00194	0.00541	0.00686	0.00493	0.00726
54	0.03336	0.02641	0.01340	0.06964	0.01596	0.01063	0.00843	0.19723	0.02588	0.11495	0.01302	0.04235	0.01022	0.00575	0.00485	0.00131	0.00493	0.00460	0.00430	0.39278
55	0.18463	0.13280	0.18995	0.11748	0.04660	0.01443	0.01254	0.04725	0.02642	0.01814	0.01100	0.01369	0.03229	0.00633	0.00651	0.00178	0.11204	0.01624	0.00295	0.00694
56	0.02265	0.02914	0.24205	0.01183	0.06407	0.00890	0.01107	0.02714	0.01332	0.08282	0.19164	0.08034	0.12825	0.00921	0.00592	0.00179	0.00509	0.03759	0.00439	0.02280

[dist]
# distance from previous block
# <min> <max>
9	20

[block]
# block no. 8 follows, 43 sequences, length 12
# corresponding to MSA columns:
# 362-373
name=unknown_I
#
# <colnr> <probs for GDERKNQSTAVLIFYWHMCP>
#	G	D	E	R	K	N	Q	S	T	A	V	L	I	F	Y	W	H	M	C	P
0	0.04876	0.10997	0.06776	0.00903	0.01197	0.07382	0.00779	0.03712	0.08521	0.05953	0.20487	0.04042	0.17228	0.00951	0.00621	0.03288	0.00463	0.00734	0.00461	0.00627
1	0.01273	0.01008	0.01269	0.05605	0.01472	0.00957	0.00821	0.04652	0.01207	0.08044	0.03963	0.04521	0.01129	0.00626	0.00694	0.00135	0.13701	0.00465	0.00366	0.48091
2	0.00929	0.03709	0.01028	0.07364	0.01218	0.03185	0.00733	0.03747	0.00992	0.01348	0.01501	0.06008	0.01481	0.16972	0.45276	0.00648	0.02395	0.00647	0.00316	0.00505
3	0.00802	0.00576	0.00729	0.00803	0.00872	0.00561	0.00552	0.06952	0.01197	0.01602	0.05541	0.67812	0.03428	0.04777	0.00777	0.00231	0.00352	0.01434	0.00514	0.00489
4	0.01034	0.01018	0.07555	0.01130	0.01310	0.01042	0.04203	0.07417	0.01062	0.01524	0.01288	0.01922	0.01190	0.09055	0.40805	0.00584	0.16408	0.00569	0.00305	0.00579
5	0.00716	0.00525	0.00612	0.00657	0.00725	0.00486	0.00432	0.00800	0.01056	0.01362	0.06523	0.31895	0.23157	0.26922	0.01368	0.00313	0.00377	0.01192	0.00461	0.00421
6	0.00854	0.00593	0.00688	0.00692	0.00741	0.00591	0.00437	0.05787	0.01033	0.01377	0.04925	0.22377	0.05203	0.50013	0.01990	0.00409	0.00469	0.00994	0.00411	0.00416
7	0.04603	0.46093	0.10162	0.01051	0.01486	0.12260	0.01018	0.04762	0.01237	0.01548	0.00937	0.01097	0.00799	0.00684	0.04001	0.00168	0.00683	0.00355	0.06362	0.00694
8	0.04200	0.26310	0.39595	0.01280	0.01882	0.08184	0.01463	0.01726	0.01198	0.02835	0.03311	0.01245	0.02080	0.00609	0.01769	0.00167	0.00732	0.00402	0.00267	0.00745
9	0.03904	0.54153	0.13809	0.01081	0.01572	0.01841	0.04163	0.04114	0.01195	0.01537	0.04570	0.01221	0.00983	0.03221	0.00497	0.00150	0.00618	0.00386	0.00274	0.00711
10	0.01540	0.11907	0.05171	0.01061	0.01434	0.01380	0.00911	0.28259	0.15565	0.04688	0.07955	0.05339	0.04719	0.00758	0.00535	0.00164	0.00504	0.00606	0.04359	0.03146
11	0.07522	0.49971	0.10742	0.00980	0.01417	0.03270	0.00976	0.04054	0.01175	0.01567	0.03325	0.05000	0.01061	0.03487	0.00500	0.00153	0.00578	0.00426	0.03113	0.00682

[dist]
# distance from previous block
# <min> <max>
0	6

# created by:
# /st0/software/busco_prod/Augustus/scripts/msa2prfl.pl ./align_prep/151650.fa
