[name]
unknown

[dist]
# distance from previous block
# <min> <max>
0	59

[block]
# block no. 0 follows, 48 sequences, length 19
# corresponding to MSA columns:
# 60-78
name=unknown_A
#
# <colnr> <probs for GDERKNQSTAVLIFYWHMCP>
#	G	D	E	R	K	N	Q	S	T	A	V	L	I	F	Y	W	H	M	C	P
0	0.03898	0.09971	0.10654	0.04473	0.26163	0.05547	0.01179	0.01761	0.06260	0.13480	0.03579	0.01448	0.01043	0.00542	0.00479	0.00148	0.00565	0.02021	0.00341	0.06448
1	0.01401	0.13174	0.05419	0.09035	0.07394	0.10508	0.00958	0.08032	0.07694	0.09844	0.06568	0.03374	0.01212	0.00584	0.00470	0.00140	0.00545	0.00466	0.01907	0.11273
2	0.05190	0.28481	0.09035	0.02562	0.01595	0.03329	0.06202	0.20363	0.14855	0.01990	0.01129	0.01190	0.00874	0.00537	0.00448	0.00145	0.00573	0.00411	0.00353	0.00742
3	0.02865	0.08937	0.00969	0.00709	0.00910	0.00746	0.00558	0.05617	0.01341	0.01888	0.46025	0.03040	0.05207	0.07893	0.00717	0.00178	0.00338	0.02271	0.00468	0.09323
4	0.17987	0.00853	0.02565	0.03168	0.01171	0.00798	0.00665	0.01655	0.06879	0.23736	0.01889	0.15902	0.06071	0.00779	0.00485	0.00158	0.00394	0.00641	0.01915	0.12289
5	0.01064	0.00912	0.01064	0.00760	0.01216	0.00684	0.00608	0.01292	0.01064	0.01672	0.00912	0.01064	0.00760	0.00380	0.00380	0.00076	0.00380	0.00304	0.00304	0.85104
6	0.04178	0.01227	0.03055	0.07784	0.06990	0.01244	0.00954	0.40121	0.01768	0.05357	0.01139	0.01234	0.00843	0.00539	0.00473	0.00138	0.00522	0.00422	0.03029	0.18984
7	0.01522	0.01251	0.01261	0.01084	0.01404	0.06710	0.00855	0.18166	0.52281	0.06934	0.01817	0.01694	0.01342	0.00664	0.00516	0.00166	0.00477	0.00534	0.00509	0.00814
8	0.01933	0.00853	0.01171	0.01030	0.06543	0.00768	0.00771	0.02206	0.05087	0.57955	0.14040	0.02051	0.01817	0.00691	0.00530	0.00159	0.00416	0.00580	0.00592	0.00805
9	0.01180	0.00819	0.00956	0.00882	0.01070	0.00846	0.00663	0.27495	0.01515	0.06273	0.02297	0.46818	0.04660	0.01198	0.00596	0.00186	0.00398	0.01047	0.00498	0.00602
10	0.05763	0.05935	0.06880	0.00983	0.01366	0.00990	0.00866	0.02271	0.09257	0.52066	0.01721	0.01576	0.01146	0.00630	0.00575	0.00162	0.05995	0.00483	0.00526	0.00810
11	0.00733	0.00550	0.00825	0.00825	0.00916	0.00641	0.00641	0.00916	0.00825	0.01191	0.01374	0.02016	0.01283	0.03848	0.79934	0.00825	0.01374	0.00550	0.00275	0.00458
12	0.06531	0.00484	0.00606	0.00712	0.00761	0.00468	0.00482	0.00770	0.00975	0.01379	0.02681	0.76016	0.03196	0.01529	0.00631	0.00205	0.00305	0.01377	0.00465	0.00426
13	0.01400	0.62277	0.02482	0.06491	0.01583	0.11247	0.05494	0.01589	0.01101	0.01246	0.00756	0.00906	0.00668	0.00454	0.00374	0.00120	0.00622	0.00313	0.00228	0.00647
14	0.01054	0.00912	0.01116	0.09464	0.01468	0.00734	0.00697	0.01294	0.01060	0.01633	0.00912	0.01097	0.00752	0.00394	0.00394	0.00086	0.00413	0.00321	0.00296	0.75903
15	0.01535	0.01563	0.01697	0.11784	0.05170	0.22920	0.09625	0.19231	0.04421	0.01816	0.00975	0.01192	0.00770	0.00602	0.00709	0.00165	0.14383	0.00443	0.00320	0.00679
16	0.00733	0.00550	0.00825	0.00825	0.00916	0.00641	0.00641	0.00916	0.00825	0.01191	0.01374	0.02016	0.01283	0.03848	0.79934	0.00825	0.01374	0.00550	0.00275	0.00458
17	0.00891	0.00446	0.00668	0.00668	0.00668	0.00446	0.00446	0.00668	0.00668	0.00891	0.00891	0.01560	0.00891	0.01783	0.02005	0.85071	0.00446	0.00446	0.00223	0.00223
18	0.01519	0.60990	0.02367	0.00986	0.01389	0.17284	0.00907	0.06886	0.01219	0.01358	0.00765	0.00872	0.00674	0.00469	0.00368	0.00117	0.00624	0.00298	0.00249	0.00661

[dist]
# distance from previous block
# <min> <max>
0	6

[block]
# block no. 1 follows, 48 sequences, length 31
# corresponding to MSA columns:
# 85-115
name=unknown_B
#
# <colnr> <probs for GDERKNQSTAVLIFYWHMCP>
#	G	D	E	R	K	N	Q	S	T	A	V	L	I	F	Y	W	H	M	C	P
0	0.02818	0.08361	0.45435	0.01724	0.14632	0.01243	0.11037	0.01598	0.01102	0.03139	0.00967	0.01214	0.00744	0.03147	0.00560	0.00169	0.00709	0.00425	0.00242	0.00735
1	0.00969	0.00912	0.01539	0.80734	0.03534	0.01140	0.01425	0.01311	0.01026	0.01311	0.00912	0.01368	0.00684	0.00513	0.00513	0.00171	0.00684	0.00456	0.00228	0.00570
2	0.00746	0.00497	0.00560	0.00560	0.00560	0.00497	0.00311	0.00746	0.00746	0.00995	0.01617	0.03358	0.01865	0.81967	0.02612	0.00497	0.00497	0.00746	0.00311	0.00311
3	0.14340	0.01184	0.01399	0.01162	0.04792	0.01254	0.04940	0.32126	0.10009	0.21483	0.01421	0.01383	0.00991	0.00592	0.00491	0.00159	0.00509	0.00468	0.00490	0.00807
4	0.06017	0.04505	0.01756	0.05545	0.21817	0.06539	0.08944	0.20599	0.05530	0.06272	0.01189	0.04598	0.00956	0.00585	0.00539	0.00159	0.02838	0.00499	0.00365	0.00749
5	0.01029	0.02654	0.79309	0.01462	0.02221	0.01192	0.01896	0.01625	0.01083	0.01625	0.00921	0.01083	0.00650	0.00487	0.00487	0.00162	0.00758	0.00379	0.00217	0.00758
6	0.01059	0.07258	0.70721	0.01466	0.02192	0.01247	0.05860	0.01621	0.01088	0.01601	0.00915	0.01084	0.00657	0.00482	0.00485	0.00160	0.00752	0.00385	0.00219	0.00749
7	0.01159	0.01225	0.03649	0.01424	0.03859	0.04707	0.02790	0.01298	0.00842	0.01269	0.00702	0.01124	0.00679	0.00848	0.01543	0.00216	0.71415	0.00446	0.00228	0.00579
8	0.00733	0.00550	0.00825	0.00825	0.00916	0.00641	0.00641	0.00916	0.00825	0.01191	0.01374	0.02016	0.01283	0.03848	0.79934	0.00825	0.01374	0.00550	0.00275	0.00458
9	0.01029	0.02654	0.79309	0.01462	0.02221	0.01192	0.01896	0.01625	0.01083	0.01625	0.00921	0.01083	0.00650	0.00487	0.00487	0.00162	0.00758	0.00379	0.00217	0.00758
10	0.00891	0.00446	0.00668	0.00668	0.00668	0.00446	0.00446	0.00668	0.00668	0.00891	0.00891	0.01560	0.00891	0.01783	0.02005	0.85071	0.00446	0.00446	0.00223	0.00223
11	0.00719	0.00483	0.00567	0.00599	0.00610	0.00476	0.00356	0.00749	0.00817	0.01101	0.01941	0.24162	0.02259	0.58623	0.02037	0.00411	0.00438	0.00929	0.02380	0.00343
12	0.01270	0.01219	0.02083	0.03149	0.78767	0.01219	0.01575	0.01575	0.01168	0.01676	0.00965	0.01270	0.00813	0.00457	0.00508	0.00152	0.00610	0.00457	0.00254	0.00813
13	0.01382	0.73561	0.06887	0.00934	0.01382	0.06162	0.00941	0.01569	0.01067	0.01233	0.00729	0.00843	0.00658	0.00446	0.00345	0.00114	0.00581	0.00283	0.00222	0.00661
14	0.00735	0.00543	0.00792	0.00792	0.00872	0.00624	0.00601	0.00895	0.00815	0.01167	0.01404	0.02181	0.01354	0.13459	0.70421	0.00784	0.01266	0.00574	0.00279	0.00440
15	0.01951	0.01437	0.01540	0.01181	0.01591	0.01591	0.00975	0.77056	0.02412	0.03234	0.01232	0.01232	0.00873	0.00616	0.00513	0.00154	0.00565	0.00462	0.00513	0.00873
16	0.01126	0.01132	0.01626	0.01378	0.01397	0.01561	0.03960	0.01250	0.00802	0.01250	0.00687	0.01132	0.00677	0.00881	0.01644	0.00223	0.78027	0.00455	0.00226	0.00566
17	0.00746	0.00497	0.00560	0.00560	0.00560	0.00497	0.00311	0.00746	0.00746	0.00995	0.01617	0.03358	0.01865	0.81967	0.02612	0.00497	0.00497	0.00746	0.00311	0.00311
18	0.01042	0.01076	0.04941	0.58152	0.03190	0.01167	0.16124	0.03251	0.01100	0.01452	0.00965	0.01371	0.00722	0.00501	0.00526	0.00169	0.00708	0.00483	0.02455	0.00606
19	0.01123	0.01123	0.01572	0.01347	0.01347	0.01572	0.01123	0.01235	0.00786	0.01235	0.00674	0.01123	0.00674	0.00898	0.01684	0.00225	0.81028	0.00449	0.00225	0.00561
20	0.00627	0.00454	0.00588	0.00694	0.00735	0.00420	0.00465	0.00717	0.00991	0.01307	0.02991	0.73109	0.09572	0.03816	0.00705	0.00214	0.00300	0.01408	0.00472	0.00415
21	0.00634	0.00499	0.00575	0.00614	0.00732	0.00440	0.00446	0.00767	0.01140	0.01441	0.12393	0.29974	0.42872	0.01377	0.00626	0.00186	0.00279	0.04085	0.00486	0.00435
22	0.01175	0.01021	0.01870	0.11754	0.09631	0.01019	0.28528	0.03392	0.01181	0.09666	0.02978	0.18147	0.02714	0.00758	0.00623	0.00178	0.03626	0.00744	0.00354	0.00642
23	0.01344	0.03419	0.09950	0.01316	0.05830	0.04306	0.15396	0.09935	0.01298	0.08290	0.01058	0.01202	0.00803	0.00461	0.00470	0.00127	0.00577	0.00413	0.00331	0.33475
24	0.01126	0.01163	0.01399	0.01234	0.01297	0.11872	0.04097	0.01247	0.00932	0.01264	0.01156	0.17229	0.01245	0.02752	0.01289	0.00213	0.49017	0.00648	0.00284	0.00537
25	0.00630	0.00495	0.00567	0.00609	0.00723	0.00436	0.00436	0.00754	0.01117	0.01406	0.09860	0.32041	0.42942	0.03012	0.00666	0.00193	0.00282	0.02922	0.00480	0.00430
26	0.04917	0.01301	0.01695	0.01897	0.29269	0.07261	0.06837	0.16006	0.14694	0.02039	0.01206	0.01350	0.00941	0.00547	0.00529	0.00155	0.02654	0.00470	0.03127	0.03104
27	0.01127	0.00915	0.01072	0.00794	0.01210	0.00745	0.00635	0.03478	0.04558	0.04864	0.04308	0.01323	0.02452	0.00467	0.00437	0.00094	0.02132	0.00373	0.00345	0.68673
28	0.03504	0.02836	0.04108	0.01308	0.03381	0.21575	0.06242	0.22065	0.14769	0.04922	0.01190	0.01270	0.00907	0.00611	0.00621	0.00160	0.08968	0.00449	0.00383	0.00731
29	0.01505	0.08862	0.01426	0.01048	0.01340	0.01360	0.00860	0.43380	0.03508	0.02395	0.01536	0.13467	0.03875	0.00879	0.02585	0.00182	0.08177	0.00619	0.02276	0.00719
30	0.01833	0.01366	0.01471	0.05417	0.01641	0.03651	0.00964	0.59962	0.08479	0.06319	0.01316	0.01351	0.00951	0.02199	0.00554	0.00163	0.00561	0.00476	0.00493	0.00833

[dist]
# distance from previous block
# <min> <max>
0	6

[block]
# block no. 2 follows, 48 sequences, length 21
# corresponding to MSA columns:
# 122-142
name=unknown_C
#
# <colnr> <probs for GDERKNQSTAVLIFYWHMCP>
#	G	D	E	R	K	N	Q	S	T	A	V	L	I	F	Y	W	H	M	C	P
0	0.00720	0.00524	0.00677	0.00639	0.00763	0.00481	0.00479	0.00956	0.01438	0.02023	0.74675	0.03890	0.08684	0.01062	0.00605	0.00162	0.00243	0.00936	0.00560	0.00481
1	0.00625	0.00447	0.00595	0.00714	0.00744	0.00417	0.00476	0.00714	0.00982	0.01310	0.02828	0.81633	0.03394	0.01608	0.00655	0.00208	0.00298	0.01459	0.00476	0.00417
2	0.01029	0.02654	0.79309	0.01462	0.02221	0.01192	0.01896	0.01625	0.01083	0.01625	0.00921	0.01083	0.00650	0.00487	0.00487	0.00162	0.00758	0.00379	0.00217	0.00758
3	0.00650	0.00477	0.00610	0.00671	0.00744	0.00437	0.00467	0.00785	0.01132	0.01519	0.23333	0.51149	0.13296	0.01419	0.00635	0.00191	0.00278	0.01269	0.00500	0.00437
4	0.85592	0.00992	0.00754	0.00675	0.00992	0.01151	0.00556	0.01508	0.00873	0.02302	0.00714	0.00834	0.00556	0.00476	0.00318	0.00159	0.00397	0.00278	0.00318	0.00556
5	0.01085	0.00552	0.00576	0.00541	0.00691	0.00554	0.00414	0.05397	0.01171	0.06277	0.01669	0.01867	0.01289	0.00601	0.00376	0.00124	0.00268	0.00479	0.75548	0.00522
6	0.85592	0.00992	0.00754	0.00675	0.00992	0.01151	0.00556	0.01508	0.00873	0.02302	0.00714	0.00834	0.00556	0.00476	0.00318	0.00159	0.00397	0.00278	0.00318	0.00556
7	0.01920	0.02356	0.01462	0.01309	0.01587	0.72926	0.00990	0.08735	0.01540	0.01432	0.00832	0.00953	0.00680	0.00537	0.00467	0.00134	0.00893	0.00342	0.00287	0.00620
8	0.01951	0.01437	0.01540	0.01181	0.01591	0.01591	0.00975	0.77056	0.02412	0.03234	0.01232	0.01232	0.00873	0.00616	0.00513	0.00154	0.00565	0.00462	0.00513	0.00873
9	0.01143	0.01232	0.02490	0.23641	0.06894	0.01265	0.48097	0.01527	0.01135	0.01532	0.00980	0.01359	0.00749	0.00481	0.00634	0.00174	0.05211	0.00548	0.00249	0.00658
10	0.00647	0.00462	0.00620	0.00739	0.00778	0.00435	0.00514	0.00752	0.01004	0.01334	0.02816	0.73528	0.03347	0.01587	0.00661	0.00211	0.00316	0.09351	0.00476	0.00423
11	0.11997	0.00842	0.00844	0.00722	0.00957	0.00910	0.00576	0.24865	0.01467	0.02374	0.01415	0.01564	0.01081	0.00588	0.00402	0.00135	0.00361	0.00448	0.47843	0.00611
12	0.01054	0.08388	0.73791	0.01420	0.02156	0.01252	0.01822	0.01619	0.01080	0.01595	0.00906	0.01065	0.00651	0.00484	0.00476	0.00159	0.00743	0.00372	0.00217	0.00751
13	0.11052	0.12917	0.52082	0.01329	0.01958	0.04617	0.06069	0.01619	0.01077	0.01635	0.00871	0.01031	0.00648	0.00478	0.00453	0.00154	0.00702	0.00365	0.00233	0.00710
14	0.00651	0.00465	0.00625	0.00744	0.00785	0.00439	0.00521	0.00759	0.01008	0.01339	0.02814	0.71971	0.03338	0.01583	0.00662	0.00212	0.00320	0.10867	0.00476	0.00424
15	0.00806	0.00639	0.00925	0.04609	0.01074	0.00761	0.00711	0.02887	0.00888	0.01264	0.01461	0.11993	0.01458	0.04924	0.53450	0.00623	0.10098	0.00652	0.00300	0.00477
16	0.07323	0.03095	0.01679	0.30849	0.31702	0.08409	0.01331	0.03346	0.01149	0.01571	0.00986	0.01420	0.00821	0.00529	0.00496	0.00160	0.00642	0.03558	0.00265	0.00669
17	0.03930	0.61625	0.20052	0.01005	0.01512	0.01812	0.01099	0.01556	0.01047	0.01336	0.00761	0.00883	0.00653	0.00451	0.00365	0.00123	0.00592	0.00298	0.00222	0.00678
18	0.85592	0.00992	0.00754	0.00675	0.00992	0.01151	0.00556	0.01508	0.00873	0.02302	0.00714	0.00834	0.00556	0.00476	0.00318	0.00159	0.00397	0.00278	0.00318	0.00556
19	0.00721	0.00583	0.00643	0.00617	0.00781	0.00542	0.00463	0.01024	0.09442	0.01672	0.28365	0.04214	0.44387	0.03476	0.00655	0.00179	0.00277	0.00970	0.00505	0.00487
20	0.01374	0.01008	0.01165	0.05514	0.05886	0.03627	0.00829	0.02224	0.40506	0.16131	0.08737	0.03544	0.05721	0.00734	0.00532	0.00168	0.00432	0.00618	0.00503	0.00747

[dist]
# distance from previous block
# <min> <max>
0	1

[block]
# block no. 3 follows, 48 sequences, length 21
# corresponding to MSA columns:
# 144-164
name=unknown_D
#
# <colnr> <probs for GDERKNQSTAVLIFYWHMCP>
#	G	D	E	R	K	N	Q	S	T	A	V	L	I	F	Y	W	H	M	C	P
0	0.10794	0.28042	0.22414	0.01269	0.04663	0.09749	0.06794	0.01619	0.01087	0.02955	0.00832	0.00998	0.00672	0.00498	0.00499	0.00146	0.05694	0.00355	0.00247	0.00673
1	0.00647	0.00523	0.00578	0.00597	0.00738	0.00461	0.00441	0.00816	0.02957	0.01472	0.13073	0.19009	0.51790	0.01318	0.00617	0.00181	0.00275	0.03575	0.00488	0.00446
2	0.01276	0.01102	0.01160	0.01044	0.01334	0.01276	0.00812	0.02727	0.77840	0.02146	0.02088	0.01914	0.01566	0.00696	0.00522	0.00174	0.00406	0.00580	0.00522	0.00812
3	0.01030	0.00549	0.00557	0.00530	0.00671	0.00561	0.00404	0.06816	0.01175	0.02011	0.01641	0.01863	0.01282	0.00599	0.00370	0.00122	0.00263	0.00477	0.78570	0.00507
4	0.00752	0.00626	0.00657	0.00625	0.00814	0.00586	0.00475	0.03542	0.11111	0.01629	0.13833	0.04288	0.56867	0.01168	0.00592	0.00171	0.00287	0.00978	0.00495	0.00503
5	0.01372	0.82276	0.02689	0.00878	0.01317	0.02030	0.00878	0.01536	0.01043	0.01207	0.00713	0.00823	0.00658	0.00439	0.00329	0.00110	0.00549	0.00274	0.00219	0.00658
6	0.00624	0.00450	0.00591	0.00704	0.00742	0.00418	0.00472	0.00716	0.00992	0.01314	0.02952	0.77633	0.07314	0.01591	0.00652	0.00207	0.00296	0.01439	0.00476	0.00418
7	0.01951	0.01437	0.01540	0.01181	0.01591	0.01591	0.00975	0.77056	0.02412	0.03234	0.01232	0.01232	0.00873	0.00616	0.00513	0.00154	0.00565	0.00462	0.00513	0.00873
8	0.01568	0.01044	0.01280	0.01054	0.05205	0.00995	0.00810	0.16510	0.04813	0.21144	0.01288	0.01318	0.00941	0.00544	0.00545	0.00130	0.06136	0.00418	0.00429	0.33832
9	0.00820	0.00549	0.00691	0.00641	0.00792	0.00494	0.00486	0.01037	0.01398	0.07636	0.58542	0.03894	0.18947	0.01067	0.00599	0.00164	0.00260	0.00928	0.00553	0.00503
10	0.02302	0.00873	0.01191	0.00913	0.01310	0.00754	0.00754	0.02501	0.01469	0.79122	0.02024	0.01746	0.01270	0.00635	0.00516	0.00159	0.00437	0.00516	0.00635	0.00873
11	0.00726	0.00524	0.00686	0.00646	0.00767	0.00484	0.00484	0.00968	0.01452	0.02058	0.78496	0.03833	0.04841	0.01049	0.00605	0.00161	0.00242	0.00928	0.00565	0.00484
12	0.01097	0.11085	0.53738	0.01509	0.02158	0.01299	0.15110	0.01597	0.01096	0.01571	0.00950	0.01208	0.00723	0.00502	0.00525	0.00162	0.02734	0.01980	0.00230	0.00725
13	0.01263	0.01303	0.01781	0.31519	0.38543	0.13862	0.01425	0.01554	0.01162	0.01474	0.00918	0.01251	0.00741	0.00489	0.00503	0.00156	0.00688	0.00436	0.00246	0.00688
14	0.00830	0.00611	0.00873	0.03094	0.04118	0.00614	0.00835	0.01062	0.01172	0.01537	0.05216	0.10725	0.02906	0.01357	0.00688	0.00227	0.00463	0.62724	0.00461	0.00485
15	0.01137	0.01314	0.08093	0.20904	0.17006	0.01217	0.37595	0.01529	0.01144	0.01562	0.01028	0.03207	0.00814	0.00488	0.00558	0.00169	0.00753	0.00545	0.00253	0.00684
16	0.01301	0.10566	0.10516	0.07176	0.24411	0.07749	0.13869	0.07768	0.02511	0.01679	0.01096	0.01539	0.00927	0.00552	0.00514	0.00158	0.00675	0.05991	0.00288	0.00715
17	0.00985	0.00918	0.01573	0.70863	0.06083	0.01114	0.04318	0.01301	0.01020	0.01316	0.00918	0.01375	0.00703	0.00571	0.00591	0.04416	0.00676	0.00461	0.00230	0.00566
18	0.00638	0.00455	0.00601	0.00702	0.00738	0.00425	0.00470	0.00735	0.01007	0.01352	0.08434	0.72349	0.03434	0.05123	0.00738	0.00218	0.00302	0.01387	0.00476	0.00417
19	0.01010	0.00741	0.04798	0.04552	0.02672	0.00644	0.02563	0.04012	0.02490	0.13170	0.07145	0.41391	0.08212	0.03298	0.00652	0.00194	0.00391	0.01044	0.00469	0.00551
20	0.07867	0.12161	0.07745	0.01061	0.01443	0.08552	0.00929	0.33356	0.03260	0.07561	0.01236	0.06087	0.01010	0.03421	0.00547	0.00162	0.00565	0.00478	0.00409	0.02150

[dist]
# distance from previous block
# <min> <max>
2	5

[block]
# block no. 4 follows, 48 sequences, length 27
# corresponding to MSA columns:
# 170-196
name=unknown_E
#
# <colnr> <probs for GDERKNQSTAVLIFYWHMCP>
#	G	D	E	R	K	N	Q	S	T	A	V	L	I	F	Y	W	H	M	C	P
0	0.00641	0.00525	0.00568	0.00569	0.00730	0.00452	0.00435	0.00796	0.01216	0.01506	0.16962	0.04816	0.61393	0.01267	0.00613	0.00176	0.00272	0.06128	0.00491	0.00444
1	0.01230	0.09494	0.03995	0.04543	0.61789	0.01249	0.01434	0.01524	0.01169	0.01644	0.06233	0.01397	0.01065	0.00498	0.00496	0.00149	0.00584	0.00469	0.00270	0.00767
2	0.00902	0.00563	0.00742	0.00675	0.00827	0.00514	0.00514	0.01140	0.01454	0.10677	0.69943	0.03599	0.04442	0.01003	0.00595	0.00161	0.00264	0.00882	0.00573	0.00528
3	0.00787	0.00513	0.00681	0.00719	0.00814	0.00475	0.00523	0.00945	0.01185	0.06882	0.26938	0.43633	0.05485	0.01341	0.00633	0.00191	0.00302	0.06962	0.00515	0.00474
4	0.03324	0.01852	0.41943	0.01445	0.02000	0.01070	0.20181	0.01490	0.01186	0.01738	0.17015	0.01721	0.01548	0.00590	0.00537	0.00165	0.00668	0.00546	0.00302	0.00680
5	0.06906	0.00880	0.01167	0.00900	0.01292	0.00776	0.00743	0.02446	0.01436	0.74876	0.01952	0.01696	0.01231	0.00626	0.00505	0.00159	0.00434	0.00503	0.00618	0.00856
6	0.01389	0.79801	0.02650	0.00892	0.01325	0.04445	0.00881	0.01552	0.01055	0.01209	0.00716	0.00826	0.00659	0.00442	0.00333	0.00110	0.00560	0.00276	0.00221	0.00656
7	0.00827	0.00591	0.00827	0.00945	0.01063	0.00591	0.00827	0.01063	0.01181	0.01536	0.02717	0.05788	0.02953	0.01417	0.00709	0.00236	0.00472	0.75313	0.00472	0.00472
8	0.00625	0.00447	0.00595	0.00714	0.00744	0.00417	0.00476	0.00714	0.00982	0.01310	0.02828	0.81633	0.03394	0.01608	0.00655	0.00208	0.00298	0.01459	0.00476	0.00417
9	0.01449	0.60157	0.08794	0.01013	0.01444	0.17106	0.00984	0.01643	0.01126	0.01251	0.00746	0.00865	0.00658	0.00460	0.00368	0.00118	0.00639	0.00294	0.00228	0.00654
10	0.00644	0.00460	0.00617	0.00736	0.00774	0.00433	0.00509	0.00747	0.01001	0.01331	0.02818	0.74563	0.03353	0.01590	0.00660	0.00211	0.00314	0.08343	0.00476	0.00422
11	0.01113	0.00941	0.01090	0.00783	0.01237	0.00734	0.00628	0.05480	0.01139	0.01758	0.00930	0.01073	0.00766	0.00393	0.00387	0.00080	0.00390	0.00313	0.00316	0.80448
12	0.00742	0.00498	0.00558	0.00558	0.00564	0.00495	0.00313	0.00746	0.00759	0.01007	0.01726	0.03406	0.04205	0.79507	0.02550	0.00488	0.00490	0.00756	0.00316	0.00315
13	0.17318	0.25925	0.19671	0.01060	0.01526	0.03874	0.01075	0.15925	0.04632	0.01937	0.00921	0.01018	0.00718	0.00512	0.00434	0.00145	0.01942	0.00353	0.00308	0.00706
14	0.04681	0.41376	0.03553	0.03135	0.03630	0.13668	0.03567	0.14979	0.02580	0.01676	0.00870	0.00984	0.00718	0.00491	0.00408	0.00129	0.00618	0.00345	0.00291	0.02302
15	0.17505	0.08544	0.55019	0.01290	0.03368	0.01258	0.01531	0.03068	0.01067	0.01756	0.00871	0.01021	0.00640	0.00483	0.00443	0.00157	0.00665	0.00354	0.00243	0.00714
16	0.01450	0.00896	0.00962	0.00801	0.01059	0.00952	0.00641	0.29821	0.04951	0.08517	0.01554	0.01644	0.01157	0.00612	0.00436	0.00138	0.00384	0.00480	0.42874	0.00672
17	0.00746	0.00500	0.00570	0.00570	0.00574	0.00503	0.00324	0.00753	0.00749	0.01003	0.01607	0.03304	0.01842	0.78852	0.05695	0.00510	0.00532	0.00738	0.00309	0.00317
18	0.01372	0.82276	0.02689	0.00878	0.01317	0.02030	0.00878	0.01536	0.01043	0.01207	0.00713	0.00823	0.00658	0.00439	0.00329	0.00110	0.00549	0.00274	0.00219	0.00658
19	0.00701	0.00507	0.00655	0.00651	0.00751	0.00469	0.00472	0.00898	0.01316	0.01834	0.56874	0.19810	0.07487	0.04401	0.00695	0.00185	0.00264	0.01036	0.00533	0.00461
20	0.00722	0.00524	0.00680	0.00641	0.00764	0.00482	0.00481	0.00960	0.01442	0.02033	0.75803	0.03873	0.07550	0.01058	0.00605	0.00162	0.00243	0.00934	0.00562	0.00482
21	0.00611	0.00520	0.00526	0.00524	0.00696	0.00435	0.00393	0.00745	0.01180	0.01410	0.07854	0.04898	0.75887	0.01290	0.00606	0.00173	0.00259	0.01077	0.00480	0.00435
22	0.01029	0.02654	0.79309	0.01462	0.02221	0.01192	0.01896	0.01625	0.01083	0.01625	0.00921	0.01083	0.00650	0.00487	0.00487	0.00162	0.00758	0.00379	0.00217	0.00758
23	0.01270	0.01219	0.02083	0.03149	0.78767	0.01219	0.01575	0.01575	0.01168	0.01676	0.00965	0.01270	0.00813	0.00457	0.00508	0.00152	0.00610	0.00457	0.00254	0.00813
24	0.82666	0.00988	0.00769	0.00683	0.01003	0.01137	0.00563	0.01543	0.00894	0.05001	0.00760	0.00866	0.00581	0.00482	0.00325	0.00159	0.00398	0.00286	0.00329	0.00567
25	0.01346	0.01087	0.01162	0.01035	0.01333	0.01241	0.00808	0.02711	0.72623	0.07404	0.02084	0.01903	0.01546	0.00692	0.00522	0.00173	0.00408	0.00576	0.00530	0.00816
26	0.00827	0.00591	0.00827	0.00945	0.01063	0.00591	0.00827	0.01063	0.01181	0.01536	0.02717	0.05788	0.02953	0.01417	0.00709	0.00236	0.00472	0.75313	0.00472	0.00472

[dist]
# distance from previous block
# <min> <max>
0	12

[block]
# block no. 5 follows, 48 sequences, length 55
# corresponding to MSA columns:
# 209-263
name=unknown_F
#
# <colnr> <probs for GDERKNQSTAVLIFYWHMCP>
#	G	D	E	R	K	N	Q	S	T	A	V	L	I	F	Y	W	H	M	C	P
0	0.01313	0.69507	0.10216	0.00913	0.01365	0.01855	0.00949	0.01525	0.01049	0.01290	0.00791	0.00913	0.00696	0.00453	0.00347	0.00116	0.00551	0.00297	0.05196	0.00658
1	0.00747	0.00558	0.00736	0.00688	0.00800	0.00546	0.00522	0.00978	0.01402	0.01991	0.72100	0.05542	0.04561	0.01054	0.00670	0.00166	0.04996	0.00913	0.00543	0.00487
2	0.00625	0.00447	0.00595	0.00714	0.00744	0.00417	0.00476	0.00714	0.00982	0.01310	0.02828	0.81633	0.03394	0.01608	0.00655	0.00208	0.00298	0.01459	0.00476	0.00417
3	0.00739	0.00496	0.00570	0.00577	0.00582	0.00497	0.00331	0.00750	0.00763	0.01020	0.01680	0.07919	0.01936	0.74692	0.05018	0.00491	0.00514	0.00782	0.00319	0.00322
4	0.00720	0.00520	0.00681	0.00650	0.00765	0.00480	0.00484	0.00953	0.01425	0.02014	0.74045	0.08410	0.04756	0.01082	0.00608	0.00164	0.00245	0.00959	0.00560	0.00480
5	0.01439	0.72639	0.02546	0.00923	0.01350	0.06767	0.00891	0.06010	0.01148	0.01329	0.00749	0.00853	0.00671	0.00455	0.00348	0.00114	0.00573	0.00289	0.00240	0.00667
6	0.04145	0.01288	0.01410	0.01101	0.01461	0.01427	0.00907	0.58884	0.02098	0.08777	0.01280	0.01307	0.00917	0.00629	0.00565	0.00156	0.05258	0.00462	0.07113	0.00815
7	0.77169	0.07366	0.00923	0.02409	0.01072	0.01220	0.00600	0.01506	0.00890	0.02195	0.00719	0.00844	0.00567	0.00474	0.00323	0.00155	0.00415	0.00281	0.00308	0.00564
8	0.01372	0.82276	0.02689	0.00878	0.01317	0.02030	0.00878	0.01536	0.01043	0.01207	0.00713	0.00823	0.00658	0.00439	0.00329	0.00110	0.00549	0.00274	0.00219	0.00658
9	0.01076	0.00949	0.01218	0.00870	0.01331	0.00732	0.06593	0.01320	0.01076	0.01670	0.00922	0.01089	0.00761	0.00384	0.00398	0.00084	0.00418	0.00328	0.00301	0.78483
10	0.00891	0.00446	0.00668	0.00668	0.00668	0.00446	0.00446	0.00668	0.00668	0.00891	0.00891	0.01560	0.00891	0.01783	0.02005	0.85071	0.00446	0.00446	0.00223	0.00223
11	0.01868	0.05602	0.01526	0.01327	0.02983	0.67439	0.00999	0.07885	0.01493	0.01416	0.00825	0.00956	0.00680	0.00539	0.00488	0.00135	0.02593	0.00343	0.00281	0.00623
12	0.01064	0.00912	0.01064	0.00760	0.01216	0.00684	0.00608	0.01292	0.01064	0.01672	0.00912	0.01064	0.00760	0.00380	0.00380	0.00076	0.00380	0.00304	0.00304	0.85104
13	0.01181	0.01389	0.09359	0.23672	0.13101	0.10267	0.09135	0.01469	0.01066	0.01412	0.00902	0.02713	0.00756	0.00601	0.00778	0.00174	0.18872	0.00464	0.00243	0.02448
14	0.01162	0.00979	0.02480	0.00834	0.01284	0.00768	0.02009	0.05268	0.01148	0.04850	0.00972	0.01107	0.00783	0.00414	0.00419	0.00089	0.01723	0.00330	0.00325	0.73056
15	0.01591	0.04296	0.33436	0.01155	0.01685	0.01052	0.01236	0.04149	0.09909	0.32394	0.03007	0.01489	0.01087	0.00582	0.00501	0.00160	0.00569	0.00465	0.00432	0.00804
16	0.01192	0.01019	0.01086	0.00982	0.01250	0.01160	0.00761	0.02465	0.66843	0.02107	0.10208	0.02234	0.04923	0.00757	0.00534	0.00173	0.00383	0.00636	0.00525	0.00763
17	0.00851	0.00562	0.00743	0.02870	0.00891	0.00522	0.00539	0.01082	0.01404	0.08009	0.61944	0.06408	0.07555	0.01045	0.00601	0.00166	0.00280	0.03464	0.00551	0.00512
18	0.01573	0.13199	0.14377	0.01445	0.12571	0.08794	0.01167	0.23944	0.09241	0.07060	0.01165	0.01228	0.00873	0.00548	0.00478	0.00149	0.00610	0.00424	0.00372	0.00783
19	0.01302	0.01308	0.01977	0.13380	0.56703	0.08887	0.04518	0.02875	0.01200	0.01611	0.00949	0.01254	0.00780	0.00473	0.00508	0.00154	0.00660	0.00451	0.00256	0.00755
20	0.00827	0.00547	0.00718	0.00663	0.00801	0.00501	0.00501	0.01067	0.01453	0.07008	0.73584	0.03699	0.04612	0.01022	0.00599	0.00161	0.00255	0.00901	0.00569	0.00509
21	0.00893	0.00686	0.00958	0.07294	0.04399	0.00720	0.00890	0.01254	0.08687	0.01576	0.02447	0.07482	0.02568	0.01244	0.00665	0.00221	0.00482	0.56558	0.00450	0.00525
22	0.08341	0.01059	0.01560	0.01788	0.30359	0.01031	0.03539	0.06403	0.02933	0.34110	0.01462	0.02878	0.01047	0.00567	0.00503	0.00158	0.00517	0.00493	0.00443	0.00810
23	0.00922	0.00699	0.00897	0.00966	0.01120	0.00736	0.00824	0.01415	0.17387	0.01665	0.02584	0.04969	0.02660	0.01265	0.00669	0.00223	0.00458	0.59515	0.00483	0.00544
24	0.00625	0.00447	0.00595	0.00714	0.00744	0.00417	0.00476	0.00714	0.00982	0.01310	0.02828	0.81633	0.03394	0.01608	0.00655	0.00208	0.00298	0.01459	0.00476	0.00417
25	0.02548	0.11216	0.32997	0.05582	0.13224	0.02799	0.05585	0.01670	0.03607	0.07635	0.01007	0.01187	0.00763	0.00530	0.00582	0.00161	0.07493	0.00415	0.00271	0.00729
26	0.60488	0.01351	0.16739	0.00852	0.01251	0.03059	0.00839	0.03204	0.00974	0.02141	0.00815	0.00947	0.00621	0.00489	0.00362	0.00157	0.00479	0.00313	0.04318	0.00601
27	0.00817	0.00551	0.00680	0.00632	0.00789	0.00491	0.00479	0.01025	0.01376	0.07917	0.52278	0.03974	0.24897	0.01086	0.00599	0.00164	0.00262	0.00938	0.00546	0.00501
28	0.01100	0.01089	0.01528	0.01316	0.01322	0.01517	0.01094	0.01216	0.00788	0.01232	0.00715	0.01175	0.00709	0.01072	0.06287	0.00260	0.76342	0.00455	0.00227	0.00555
29	0.01043	0.01029	0.03568	0.60080	0.21654	0.01160	0.01473	0.01382	0.01062	0.01407	0.00925	0.01337	0.00714	0.00499	0.00511	0.00166	0.00668	0.00454	0.00234	0.00633
30	0.00726	0.00524	0.00686	0.00646	0.00767	0.00484	0.00484	0.00968	0.01452	0.02058	0.78496	0.03833	0.04841	0.01049	0.00605	0.00161	0.00242	0.00928	0.00565	0.00484
31	0.00625	0.00447	0.00595	0.00714	0.00744	0.00417	0.00476	0.00714	0.00982	0.01310	0.02828	0.81633	0.03394	0.01608	0.00655	0.00208	0.00298	0.01459	0.00476	0.00417
32	0.01321	0.01315	0.02033	0.03006	0.72713	0.07391	0.01529	0.01612	0.01191	0.01643	0.00952	0.01243	0.00801	0.00463	0.00504	0.00151	0.00634	0.00447	0.00255	0.00796
33	0.01159	0.00988	0.02668	0.00898	0.03414	0.00775	0.02268	0.04485	0.02984	0.04579	0.00998	0.01129	0.00802	0.00412	0.00404	0.00090	0.00414	0.00337	0.00326	0.70868
34	0.07396	0.36287	0.25201	0.01107	0.01594	0.09788	0.01171	0.01702	0.07104	0.01491	0.00891	0.01004	0.00720	0.00495	0.00431	0.00139	0.02201	0.00339	0.00254	0.00684
35	0.85592	0.00992	0.00754	0.00675	0.00992	0.01151	0.00556	0.01508	0.00873	0.02302	0.00714	0.00834	0.00556	0.00476	0.00318	0.00159	0.00397	0.00278	0.00318	0.00556
36	0.00757	0.00633	0.00693	0.00688	0.02316	0.00603	0.00505	0.01138	0.14418	0.01647	0.18339	0.05743	0.48355	0.01139	0.00591	0.00171	0.00289	0.00963	0.00497	0.00515
37	0.00746	0.00500	0.00570	0.00570	0.00574	0.00503	0.00324	0.00753	0.00749	0.01003	0.01607	0.03304	0.01842	0.78852	0.05696	0.00510	0.00532	0.00738	0.00309	0.00317
38	0.00633	0.00521	0.00557	0.00548	0.00710	0.00445	0.00411	0.00789	0.01233	0.01537	0.21674	0.04690	0.61988	0.01243	0.00606	0.00171	0.00256	0.01048	0.00496	0.00445
39	0.01898	0.01411	0.01510	0.01170	0.01571	0.01567	0.00962	0.71225	0.08329	0.03148	0.01299	0.01285	0.00927	0.00622	0.00514	0.00156	0.00552	0.00471	0.00514	0.00868
40	0.00619	0.00520	0.00537	0.00533	0.00701	0.00438	0.00399	0.00760	0.01198	0.01454	0.12628	0.04826	0.71086	0.01274	0.00606	0.00172	0.00258	0.01067	0.00485	0.00438
41	0.01638	0.01193	0.01298	0.01077	0.01422	0.01325	0.00863	0.29042	0.41936	0.11776	0.01777	0.01652	0.01285	0.00660	0.00518	0.00165	0.00466	0.00531	0.00533	0.00841
42	0.00746	0.00497	0.00560	0.00560	0.00560	0.00497	0.00311	0.00746	0.00746	0.00995	0.01617	0.03358	0.01865	0.81967	0.02612	0.00497	0.00497	0.00746	0.00311	0.00311
43	0.85592	0.00992	0.00754	0.00675	0.00992	0.01151	0.00556	0.01508	0.00873	0.02302	0.00714	0.00834	0.00556	0.00476	0.00318	0.00159	0.00397	0.00278	0.00318	0.00556
44	0.01211	0.01384	0.03028	0.02163	0.02682	0.01298	0.76903	0.01644	0.01211	0.01644	0.01038	0.01384	0.00779	0.00433	0.00606	0.00173	0.00865	0.00606	0.00260	0.00692
45	0.01064	0.00912	0.01064	0.00760	0.01216	0.00684	0.00608	0.01292	0.01064	0.01672	0.00912	0.01064	0.00760	0.00380	0.00380	0.00076	0.00380	0.00304	0.00304	0.85104
46	0.01123	0.01123	0.01572	0.01347	0.01347	0.01572	0.01123	0.01235	0.00786	0.01235	0.00674	0.01123	0.00674	0.00898	0.01684	0.00225	0.81028	0.00449	0.00225	0.00561
47	0.00741	0.00495	0.00561	0.00566	0.00567	0.00494	0.00317	0.00745	0.00755	0.01007	0.01664	0.06422	0.01925	0.78822	0.02535	0.00486	0.00490	0.00774	0.00317	0.00315
48	0.00969	0.00912	0.01539	0.80734	0.03534	0.01140	0.01425	0.01311	0.01026	0.01311	0.00912	0.01368	0.00684	0.00513	0.00513	0.00171	0.00684	0.00456	0.00228	0.00570
49	0.00977	0.00920	0.01553	0.78762	0.05446	0.01142	0.01429	0.01318	0.01030	0.01320	0.00913	0.01365	0.00687	0.00512	0.00513	0.00171	0.00682	0.00456	0.00229	0.00576
50	0.01044	0.00927	0.01251	0.21562	0.01865	0.00822	0.03308	0.01308	0.01059	0.01577	0.00916	0.01153	0.00741	0.00416	0.00422	0.00104	0.00475	0.00353	0.00283	0.60412
51	0.00681	0.00482	0.00576	0.00627	0.00665	0.00459	0.00402	0.00740	0.00908	0.01187	0.02597	0.35320	0.12387	0.36930	0.01511	0.00332	0.00385	0.03034	0.00403	0.00374
52	0.00741	0.00495	0.00561	0.00566	0.00567	0.00494	0.00317	0.00745	0.00755	0.01007	0.01664	0.06422	0.01925	0.78822	0.02535	0.00486	0.00490	0.00774	0.00317	0.00315
53	0.01303	0.08644	0.41981	0.01402	0.05054	0.18137	0.01465	0.05793	0.01227	0.01589	0.00961	0.01223	0.00764	0.00549	0.00525	0.00155	0.03915	0.02980	0.01633	0.00702
54	0.05631	0.09412	0.01371	0.00953	0.01318	0.04121	0.00799	0.06227	0.01397	0.54654	0.01651	0.01521	0.01097	0.00679	0.02069	0.00169	0.05135	0.00467	0.00527	0.00800

[dist]
# distance from previous block
# <min> <max>
0	1

[block]
# block no. 6 follows, 48 sequences, length 31
# corresponding to MSA columns:
# 265-295
name=unknown_G
#
# <colnr> <probs for GDERKNQSTAVLIFYWHMCP>
#	G	D	E	R	K	N	Q	S	T	A	V	L	I	F	Y	W	H	M	C	P
0	0.01095	0.01104	0.08651	0.03812	0.01467	0.00800	0.04188	0.01368	0.01074	0.03533	0.00940	0.01109	0.00758	0.00416	0.00441	0.00098	0.02433	0.00339	0.00297	0.66077
1	0.15199	0.10069	0.34727	0.01479	0.12211	0.01281	0.05223	0.05976	0.02832	0.03180	0.00958	0.01113	0.00723	0.00491	0.00452	0.00154	0.00626	0.00388	0.02197	0.00722
2	0.00735	0.00497	0.00584	0.00594	0.00604	0.00502	0.00352	0.00757	0.00773	0.01038	0.01702	0.10018	0.01951	0.68776	0.08623	0.00499	0.00550	0.00792	0.00322	0.00332
3	0.01356	0.01163	0.01183	0.01053	0.01344	0.05021	0.00820	0.08214	0.64039	0.03829	0.01987	0.04719	0.01531	0.00714	0.00523	0.00171	0.00440	0.00590	0.00510	0.00793
4	0.00891	0.00446	0.00668	0.00668	0.00668	0.00446	0.00446	0.00668	0.00668	0.00891	0.00891	0.01560	0.00891	0.01783	0.02005	0.85071	0.00446	0.00446	0.00223	0.00223
5	0.01951	0.01437	0.01540	0.01181	0.01591	0.01591	0.00975	0.77056	0.02412	0.03234	0.01232	0.01232	0.00873	0.00616	0.00513	0.00154	0.00565	0.00462	0.00513	0.00873
6	0.00726	0.00532	0.00681	0.00691	0.00808	0.00497	0.00535	0.00930	0.01291	0.01753	0.43566	0.08737	0.14723	0.05371	0.00734	0.00199	0.00310	0.16940	0.00514	0.00462
7	0.01076	0.07459	0.66329	0.01605	0.10302	0.01247	0.01798	0.01614	0.01090	0.01604	0.00913	0.01087	0.00668	0.00481	0.00480	0.00158	0.00729	0.00381	0.00221	0.00758
8	0.00868	0.00496	0.00720	0.00716	0.00752	0.00525	0.00505	0.00820	0.03521	0.01040	0.01077	0.01696	0.01025	0.02224	0.21287	0.58646	0.00669	0.00477	0.02626	0.00310
9	0.01614	0.08606	0.06207	0.04871	0.11129	0.22570	0.01090	0.24233	0.09309	0.02008	0.01177	0.01266	0.02533	0.00569	0.00485	0.00148	0.00660	0.00430	0.00359	0.00737
10	0.01276	0.01102	0.01160	0.01044	0.01334	0.01276	0.00812	0.02727	0.77840	0.02146	0.02088	0.01914	0.01566	0.00696	0.00522	0.00174	0.00406	0.00580	0.00522	0.00812
11	0.00746	0.00497	0.00560	0.00560	0.00560	0.00497	0.00311	0.00746	0.00746	0.00995	0.01617	0.03358	0.01865	0.81967	0.02612	0.00497	0.00497	0.00746	0.00311	0.00311
12	0.85592	0.00992	0.00754	0.00675	0.00992	0.01151	0.00556	0.01508	0.00873	0.02302	0.00714	0.00834	0.00556	0.00476	0.00318	0.00159	0.00397	0.00278	0.00318	0.00556
13	0.01277	0.60256	0.23878	0.01040	0.01567	0.01798	0.01159	0.01561	0.01054	0.01323	0.00771	0.00895	0.00656	0.00452	0.00373	0.00124	0.00607	0.00303	0.00219	0.00686
14	0.61485	0.01091	0.00890	0.00790	0.01104	0.05797	0.00637	0.01806	0.14557	0.06135	0.01029	0.01077	0.00777	0.00526	0.00372	0.00160	0.00432	0.00347	0.00367	0.00620
15	0.00746	0.00497	0.00560	0.00560	0.00560	0.00497	0.00311	0.00746	0.00746	0.00995	0.01617	0.03358	0.01865	0.81967	0.02612	0.00497	0.00497	0.00746	0.00311	0.00311
16	0.01123	0.01123	0.01572	0.01347	0.01347	0.01572	0.01123	0.01235	0.00786	0.01235	0.00674	0.01123	0.00674	0.00898	0.01684	0.00225	0.81028	0.00449	0.00225	0.00561
17	0.00733	0.00550	0.00825	0.00825	0.00916	0.00641	0.00641	0.00916	0.00825	0.01191	0.01374	0.02016	0.01283	0.03848	0.79934	0.00825	0.01374	0.00550	0.00275	0.00458
18	0.00746	0.00497	0.00560	0.00560	0.00560	0.00497	0.00311	0.00746	0.00746	0.00995	0.01617	0.03358	0.01865	0.81967	0.02612	0.00497	0.00497	0.00746	0.00311	0.00311
19	0.00724	0.00495	0.00575	0.00585	0.00607	0.00484	0.00351	0.00764	0.00860	0.01152	0.09489	0.12953	0.05130	0.61300	0.02103	0.00417	0.00439	0.00863	0.00362	0.00345
20	0.00733	0.00550	0.00825	0.00825	0.00916	0.00641	0.00641	0.00916	0.00825	0.01191	0.01374	0.02016	0.01283	0.03848	0.79934	0.00825	0.01374	0.00550	0.00275	0.00458
21	0.00868	0.00724	0.00772	0.00728	0.00932	0.00733	0.00558	0.03363	0.24937	0.01751	0.12808	0.05594	0.40544	0.01075	0.00581	0.00174	0.00316	0.02472	0.00502	0.00568
22	0.00625	0.00447	0.00595	0.00714	0.00744	0.00417	0.00476	0.00714	0.00982	0.01310	0.02828	0.81633	0.03394	0.01608	0.00655	0.00208	0.00298	0.01459	0.00476	0.00417
23	0.01140	0.01093	0.01896	0.27445	0.45640	0.01165	0.06209	0.01457	0.01106	0.01530	0.00977	0.01352	0.00798	0.00673	0.05199	0.00199	0.00694	0.00472	0.00247	0.00708
24	0.01270	0.01219	0.02083	0.03149	0.78767	0.01219	0.01575	0.01575	0.01168	0.01676	0.00965	0.01270	0.00813	0.00457	0.00508	0.00152	0.00610	0.00457	0.00254	0.00813
25	0.85592	0.00992	0.00754	0.00675	0.00992	0.01151	0.00556	0.01508	0.00873	0.02302	0.00714	0.00834	0.00556	0.00476	0.00318	0.00159	0.00397	0.00278	0.00318	0.00556
26	0.01178	0.01207	0.03716	0.19769	0.30278	0.03247	0.19260	0.01608	0.07309	0.01610	0.01118	0.03335	0.00904	0.00517	0.00532	0.00163	0.00665	0.00522	0.02355	0.00705
27	0.01006	0.00950	0.01606	0.71168	0.12811	0.01150	0.01443	0.01344	0.01044	0.01356	0.00919	0.01356	0.00700	0.00506	0.00512	0.00169	0.00675	0.00456	0.00231	0.00600
28	0.01548	0.05920	0.01345	0.02550	0.01377	0.01294	0.00846	0.44499	0.06431	0.04327	0.01629	0.11819	0.03441	0.00782	0.00550	0.00162	0.02596	0.02536	0.05611	0.00738
29	0.03016	0.01091	0.01139	0.00948	0.01247	0.06598	0.00746	0.31149	0.01649	0.08767	0.03379	0.18814	0.04687	0.00829	0.00522	0.00155	0.00468	0.00684	0.02384	0.11728
30	0.06380	0.24817	0.24398	0.01231	0.04443	0.18688	0.01199	0.05576	0.01211	0.03225	0.00881	0.01024	0.00704	0.00618	0.03434	0.00165	0.00715	0.00349	0.00262	0.00681

[dist]
# distance from previous block
# <min> <max>
3	8

[block]
# block no. 7 follows, 48 sequences, length 26
# corresponding to MSA columns:
# 304-329
name=unknown_H
#
# <colnr> <probs for GDERKNQSTAVLIFYWHMCP>
#	G	D	E	R	K	N	Q	S	T	A	V	L	I	F	Y	W	H	M	C	P
0	0.02788	0.06361	0.26617	0.05985	0.16494	0.03136	0.03791	0.10236	0.06671	0.03255	0.02740	0.03610	0.04902	0.00593	0.00502	0.00159	0.00614	0.00497	0.00319	0.00731
1	0.03850	0.00965	0.01454	0.12639	0.30279	0.00996	0.02243	0.06579	0.02989	0.04918	0.01650	0.08067	0.05883	0.03749	0.00619	0.00182	0.00532	0.09133	0.00351	0.02922
2	0.01134	0.00791	0.02768	0.00760	0.01012	0.00710	0.00598	0.04307	0.08415	0.12566	0.08413	0.06698	0.11080	0.10963	0.00787	0.00188	0.02048	0.00653	0.08669	0.17439
3	0.01251	0.12182	0.20052	0.02153	0.03886	0.03197	0.05175	0.06701	0.01288	0.09974	0.16307	0.03029	0.01632	0.00640	0.00534	0.00150	0.03212	0.00524	0.01627	0.06486
4	0.01177	0.05348	0.02956	0.02278	0.01128	0.02404	0.00688	0.01513	0.09124	0.15880	0.16940	0.04821	0.11807	0.03000	0.00597	0.00169	0.00399	0.09030	0.00473	0.10268
5	0.01031	0.00881	0.01085	0.00822	0.01209	0.00712	0.02904	0.02983	0.01081	0.01646	0.01176	0.11967	0.01117	0.00567	0.00463	0.00103	0.02605	0.00477	0.00329	0.66843
6	0.05242	0.01308	0.01472	0.03950	0.03662	0.01439	0.02336	0.54964	0.06111	0.02809	0.01210	0.01266	0.00886	0.00597	0.00530	0.00153	0.02956	0.00453	0.02781	0.05875
7	0.00639	0.00512	0.00566	0.00595	0.00729	0.00448	0.00441	0.00769	0.01130	0.01393	0.07139	0.17836	0.53307	0.05065	0.00715	0.00199	0.00294	0.07321	0.00472	0.00430
8	0.11290	0.01519	0.01247	0.03141	0.01407	0.25732	0.00845	0.29588	0.01655	0.02200	0.01095	0.01219	0.00843	0.00684	0.03311	0.00167	0.00644	0.00405	0.12336	0.00671
9	0.00691	0.00495	0.00675	0.00790	0.00849	0.00478	0.00591	0.00829	0.01039	0.01376	0.02745	0.55439	0.03186	0.01624	0.03344	0.00238	0.00388	0.24321	0.00468	0.00435
10	0.00726	0.00742	0.09646	0.00787	0.00922	0.00581	0.00647	0.00892	0.00949	0.01309	0.06795	0.30316	0.05508	0.16449	0.20920	0.00406	0.00652	0.00930	0.00372	0.00452
11	0.01153	0.01211	0.02067	0.01624	0.01801	0.01478	0.26882	0.01374	0.00930	0.01374	0.00797	0.01211	0.00709	0.00740	0.01317	0.00207	0.53779	0.00502	0.00236	0.00606
12	0.01162	0.33530	0.49597	0.01236	0.01870	0.01517	0.01501	0.01591	0.01068	0.01463	0.00840	0.00982	0.00653	0.00469	0.00426	0.00142	0.00677	0.00339	0.00218	0.00720
13	0.01131	0.02630	0.70410	0.01446	0.02148	0.10189	0.01792	0.01673	0.01126	0.01583	0.00906	0.01065	0.00651	0.00492	0.00485	0.00159	0.00777	0.00374	0.00222	0.00740
14	0.00656	0.00468	0.00630	0.00749	0.00792	0.00443	0.00529	0.00767	0.01012	0.01344	0.02811	0.70156	0.03327	0.01579	0.00663	0.00213	0.00324	0.12634	0.00476	0.00425
15	0.01097	0.18450	0.64108	0.01347	0.02041	0.01358	0.01694	0.01607	0.01075	0.01542	0.00880	0.01032	0.00652	0.00478	0.00456	0.00152	0.00717	0.00358	0.00217	0.00739
16	0.37578	0.11464	0.01338	0.00943	0.01301	0.10291	0.00786	0.26909	0.01476	0.02360	0.00897	0.00976	0.00687	0.00524	0.00401	0.00148	0.00532	0.00345	0.00365	0.00679
17	0.01029	0.02654	0.79309	0.01462	0.02221	0.01192	0.01896	0.01625	0.01083	0.01625	0.00921	0.01083	0.00650	0.00487	0.00487	0.00162	0.00758	0.00379	0.00217	0.00758
18	0.01389	0.79689	0.02649	0.00892	0.01326	0.04554	0.00882	0.01553	0.01056	0.01209	0.00716	0.00826	0.00659	0.00442	0.00334	0.00110	0.00561	0.00276	0.00221	0.00656
19	0.00737	0.00532	0.00737	0.00737	0.00798	0.00594	0.00532	0.00860	0.00799	0.01126	0.01455	0.02461	0.01476	0.29774	0.54273	0.00716	0.01083	0.00615	0.00287	0.00409
20	0.00760	0.00522	0.00613	0.00641	0.00774	0.00457	0.00465	0.00882	0.01120	0.07798	0.03928	0.35295	0.40289	0.01370	0.00621	0.00188	0.00295	0.03030	0.00489	0.00464
21	0.00732	0.00492	0.00564	0.00577	0.00581	0.00488	0.00330	0.00743	0.00773	0.01031	0.01755	0.12305	0.02040	0.72782	0.02388	0.00464	0.00475	0.00828	0.00330	0.00323
22	0.00972	0.00932	0.01641	0.65960	0.03235	0.01106	0.09983	0.01306	0.01044	0.01349	0.01065	0.07181	0.00891	0.00583	0.00534	0.00174	0.00677	0.00546	0.00250	0.00573
23	0.01251	0.01062	0.01103	0.00984	0.01260	0.03072	0.00771	0.10838	0.52388	0.02134	0.05549	0.02385	0.10876	0.00794	0.00540	0.00172	0.00415	0.03155	0.00509	0.00743
24	0.11297	0.08635	0.01449	0.04310	0.03582	0.43701	0.00931	0.04855	0.07659	0.04161	0.01000	0.03025	0.00824	0.00566	0.00472	0.00144	0.02053	0.00390	0.00313	0.00634
25	0.00653	0.00504	0.00589	0.00602	0.00721	0.00448	0.00434	0.00803	0.01198	0.01559	0.27018	0.21152	0.36409	0.04704	0.00701	0.00191	0.00273	0.01103	0.00497	0.00440

[dist]
# distance from previous block
# <min> <max>
0	15

# created by:
# /st0/software/busco_prod/Augustus/scripts/msa2prfl.pl ./align_prep/151619.fa
