[name]
unknown

[dist]
# distance from previous block
# <min> <max>
0	40

[block]
# block no. 0 follows, 47 sequences, length 11
# corresponding to MSA columns:
# 40-50
name=unknown_A
#
# <colnr> <probs for GDERKNQSTAVLIFYWHMCP>
#	G	D	E	R	K	N	Q	S	T	A	V	L	I	F	Y	W	H	M	C	P
0	0.00871	0.00672	0.01001	0.18707	0.01639	0.00724	0.00975	0.01135	0.01164	0.01508	0.02348	0.04873	0.02483	0.01234	0.00675	0.00225	0.00527	0.58314	0.00424	0.00502
1	0.01217	0.01177	0.01929	0.12425	0.51899	0.01307	0.01477	0.01488	0.01081	0.01555	0.00907	0.01268	0.00777	0.00571	0.00783	0.00173	0.18519	0.00462	0.00248	0.00737
2	0.00640	0.00458	0.00609	0.00721	0.00757	0.00427	0.00484	0.00739	0.01023	0.01371	0.06980	0.77130	0.03525	0.01601	0.00662	0.00209	0.00299	0.01451	0.00488	0.00427
3	0.04524	0.00802	0.00943	0.00853	0.01054	0.02296	0.00662	0.10401	0.10818	0.09289	0.21370	0.09835	0.02377	0.01570	0.18212	0.00317	0.00605	0.00717	0.02744	0.00610
4	0.01088	0.00952	0.01189	0.00849	0.01315	0.00728	0.04762	0.01331	0.01088	0.01695	0.00933	0.01098	0.00772	0.00389	0.00398	0.00083	0.00413	0.00325	0.00306	0.80287
5	0.01012	0.00955	0.01614	0.73224	0.10586	0.01165	0.01460	0.01356	0.01055	0.01365	0.00931	0.01379	0.00706	0.00515	0.00520	0.00172	0.00687	0.00463	0.00234	0.00602
6	0.01253	0.02418	0.61710	0.01420	0.02111	0.01300	0.01715	0.18410	0.01401	0.02014	0.01005	0.01133	0.00710	0.00524	0.00501	0.00163	0.00726	0.00404	0.00287	0.00796
7	0.01002	0.00656	0.02825	0.00742	0.00920	0.00570	0.00577	0.01202	0.02881	0.15779	0.20216	0.26047	0.20402	0.01184	0.00632	0.00182	0.02088	0.01024	0.00522	0.00548
8	0.01100	0.11061	0.48951	0.19065	0.02445	0.03499	0.03754	0.01581	0.01096	0.01521	0.00909	0.01139	0.00672	0.00495	0.00485	0.00160	0.00737	0.00395	0.00225	0.00709
9	0.01139	0.01079	0.01760	0.02601	0.61090	0.01059	0.01330	0.01408	0.01186	0.01636	0.01939	0.02120	0.18110	0.00655	0.00538	0.00159	0.00539	0.00606	0.00308	0.00739
10	0.00715	0.00564	0.00819	0.18517	0.01387	0.00590	0.00696	0.00869	0.01028	0.01357	0.04936	0.58589	0.05249	0.01355	0.00629	0.00200	0.00387	0.01224	0.00430	0.00460

[dist]
# distance from previous block
# <min> <max>
0	8

[block]
# block no. 1 follows, 47 sequences, length 17
# corresponding to MSA columns:
# 59-75
name=unknown_B
#
# <colnr> <probs for GDERKNQSTAVLIFYWHMCP>
#	G	D	E	R	K	N	Q	S	T	A	V	L	I	F	Y	W	H	M	C	P
0	0.11868	0.02973	0.05041	0.00797	0.01065	0.00758	0.00685	0.03643	0.02979	0.16207	0.04191	0.07743	0.26397	0.01016	0.00561	0.00180	0.00399	0.12431	0.00475	0.00592
1	0.01068	0.00777	0.00913	0.00878	0.01032	0.00807	0.00647	0.25223	0.01465	0.01959	0.02348	0.55532	0.02619	0.01307	0.00618	0.00194	0.00389	0.01154	0.00496	0.00572
2	0.01139	0.01139	0.01595	0.01367	0.01367	0.01595	0.01139	0.01253	0.00798	0.01253	0.00684	0.01139	0.00684	0.00911	0.01709	0.00228	0.80745	0.00456	0.00228	0.00570
3	0.05792	0.01735	0.02999	0.01184	0.01559	0.36623	0.07261	0.05227	0.01335	0.03364	0.00913	0.01056	0.00732	0.00483	0.00451	0.00123	0.00697	0.00359	0.00303	0.27803
4	0.02174	0.01060	0.01308	0.01006	0.01405	0.01031	0.00830	0.26405	0.01799	0.52192	0.04046	0.01667	0.01266	0.00651	0.00525	0.00160	0.00479	0.00518	0.00603	0.00874
5	0.85377	0.01007	0.00765	0.00685	0.01007	0.01168	0.00564	0.01531	0.00886	0.02336	0.00725	0.00846	0.00564	0.00483	0.00322	0.00161	0.00403	0.00282	0.00322	0.00564
6	0.00832	0.00565	0.00713	0.00721	0.00789	0.00576	0.00494	0.05069	0.00996	0.03769	0.05069	0.28121	0.02325	0.30432	0.16727	0.00431	0.00604	0.00936	0.00395	0.00436
7	0.00674	0.00470	0.00593	0.00674	0.00695	0.00449	0.00429	0.00735	0.00920	0.01226	0.02474	0.56228	0.02944	0.27444	0.01305	0.00306	0.00367	0.01247	0.00429	0.00388
8	0.01821	0.00772	0.01043	0.00839	0.01152	0.00677	0.00677	0.02037	0.01485	0.54076	0.26595	0.02455	0.02458	0.00780	0.00553	0.00162	0.00379	0.00658	0.00622	0.00759
9	0.01037	0.01098	0.02277	0.01721	0.02088	0.01029	0.52032	0.01364	0.01154	0.01559	0.01639	0.27181	0.01646	0.00823	0.00631	0.00187	0.00692	0.00894	0.00334	0.00612
10	0.01501	0.01639	0.01908	0.02598	0.53677	0.26503	0.01407	0.01753	0.01279	0.01564	0.00923	0.01176	0.00775	0.00487	0.00501	0.00148	0.00722	0.00423	0.00261	0.00754
11	0.01305	0.01097	0.01562	0.54898	0.02951	0.01305	0.01299	0.25633	0.01495	0.01960	0.01030	0.01344	0.00756	0.00554	0.00521	0.00168	0.00655	0.00465	0.00325	0.00678
12	0.00674	0.00470	0.00593	0.00674	0.00695	0.00449	0.00429	0.00735	0.00920	0.01226	0.02474	0.56228	0.02944	0.27444	0.01305	0.00306	0.00367	0.01247	0.00429	0.00388
13	0.01823	0.00780	0.01089	0.00898	0.01201	0.00729	0.00729	0.02020	0.01280	0.53792	0.01842	0.01861	0.01293	0.01696	0.26028	0.00379	0.00750	0.00535	0.00527	0.00750
14	0.01044	0.01517	0.26527	0.51739	0.03076	0.01193	0.01582	0.04525	0.01118	0.01513	0.00942	0.01290	0.00691	0.00517	0.00512	0.00170	0.00714	0.00438	0.00240	0.00653
15	0.51363	0.00971	0.01059	0.26419	0.01865	0.01132	0.00865	0.01549	0.00986	0.08280	0.00899	0.01097	0.00665	0.00509	0.00403	0.00165	0.00500	0.00360	0.00319	0.00595
16	0.00668	0.00542	0.00708	0.00755	0.02550	0.00486	0.03503	0.00800	0.01104	0.01407	0.06118	0.42427	0.34204	0.01411	0.00637	0.00193	0.00315	0.01249	0.00473	0.00452

[dist]
# distance from previous block
# <min> <max>
0	8

[block]
# block no. 2 follows, 47 sequences, length 7
# corresponding to MSA columns:
# 84-90
name=unknown_C
#
# <colnr> <probs for GDERKNQSTAVLIFYWHMCP>
#	G	D	E	R	K	N	Q	S	T	A	V	L	I	F	Y	W	H	M	C	P
0	0.01904	0.00803	0.01102	0.00936	0.01257	0.00717	0.00787	0.02117	0.01406	0.56499	0.02257	0.02957	0.01782	0.00874	0.00580	0.00184	0.00454	0.22018	0.00597	0.00769
1	0.00643	0.00460	0.00612	0.00719	0.00757	0.00429	0.00484	0.00746	0.01036	0.01392	0.09034	0.75017	0.03565	0.01585	0.00661	0.00208	0.00298	0.01436	0.00491	0.00429
2	0.00625	0.00528	0.00541	0.00538	0.00709	0.00444	0.00403	0.00766	0.01210	0.01461	0.11082	0.04922	0.72398	0.01299	0.00615	0.00175	0.00262	0.01087	0.00491	0.00444
3	0.01991	0.00959	0.01320	0.01054	0.01340	0.01005	0.00873	0.02167	0.01290	0.56410	0.01659	0.01590	0.01114	0.00722	0.00866	0.00180	0.23636	0.00504	0.00524	0.00795
4	0.01243	0.00927	0.01040	0.00960	0.01196	0.01016	0.00731	0.06915	0.43678	0.08962	0.02275	0.24820	0.02053	0.00963	0.00568	0.00184	0.00394	0.00833	0.00526	0.00718
5	0.01446	0.01420	0.02637	0.01907	0.02402	0.01403	0.54733	0.23343	0.01581	0.02134	0.01110	0.01360	0.00818	0.00493	0.00588	0.00170	0.00790	0.00572	0.00338	0.00755
6	0.00678	0.00533	0.00615	0.00636	0.00764	0.00484	0.00461	0.00882	0.04587	0.01567	0.20299	0.26682	0.37279	0.01327	0.00626	0.00184	0.00278	0.01152	0.00505	0.00463

[dist]
# distance from previous block
# <min> <max>
4	8

[block]
# block no. 3 follows, 47 sequences, length 13
# corresponding to MSA columns:
# 99-111
name=unknown_D
#
# <colnr> <probs for GDERKNQSTAVLIFYWHMCP>
#	G	D	E	R	K	N	Q	S	T	A	V	L	I	F	Y	W	H	M	C	P
0	0.01251	0.01181	0.02013	0.08291	0.69946	0.01197	0.01537	0.01539	0.01153	0.01641	0.00973	0.01309	0.00820	0.00528	0.00583	0.03923	0.00616	0.00463	0.00255	0.00782
1	0.03604	0.01355	0.01559	0.01585	0.18013	0.04713	0.01068	0.36540	0.21560	0.02551	0.01387	0.01416	0.01039	0.00605	0.00515	0.00160	0.00552	0.00489	0.00452	0.00837
2	0.00713	0.00531	0.00663	0.00630	0.00764	0.00481	0.00473	0.00937	0.01418	0.01956	0.64031	0.04108	0.19140	0.01114	0.00614	0.00166	0.00249	0.00972	0.00556	0.00481
3	0.01915	0.01044	0.01410	0.01410	0.16316	0.01021	0.00955	0.11079	0.11676	0.42949	0.03544	0.01690	0.01277	0.00625	0.00525	0.00161	0.00484	0.00524	0.00538	0.00857
4	0.01163	0.16546	0.43506	0.01715	0.16835	0.01364	0.04948	0.01605	0.01108	0.01582	0.00923	0.01123	0.00715	0.00489	0.00498	0.00154	0.02368	0.00395	0.02212	0.00748
5	0.00718	0.00891	0.15817	0.00870	0.01047	0.00578	0.00763	0.00913	0.01033	0.01418	0.05092	0.63115	0.02955	0.01391	0.00630	0.00201	0.00391	0.01249	0.00435	0.00493
6	0.00926	0.00723	0.01086	0.01393	0.16090	0.00723	0.00986	0.01180	0.01196	0.01586	0.02412	0.04985	0.02576	0.01250	0.00680	0.00223	0.00507	0.60494	0.00437	0.00547
7	0.01393	0.52420	0.09124	0.01420	0.16402	0.03622	0.01127	0.06407	0.01185	0.01487	0.00828	0.00975	0.00712	0.00467	0.00398	0.00128	0.00597	0.00337	0.00250	0.00720
8	0.00660	0.00533	0.00590	0.00615	0.00752	0.00476	0.00446	0.00847	0.04454	0.01472	0.10218	0.25926	0.48444	0.01359	0.00625	0.00185	0.00279	0.01170	0.00493	0.00456
9	0.85377	0.01007	0.00765	0.00685	0.01007	0.01168	0.00564	0.01531	0.00886	0.02336	0.00725	0.00846	0.00564	0.00483	0.00322	0.00161	0.00403	0.00282	0.00322	0.00564
10	0.01199	0.16799	0.02034	0.25963	0.32206	0.01338	0.04492	0.01492	0.01112	0.01495	0.00913	0.01221	0.00750	0.00471	0.00477	0.00147	0.00624	0.00423	0.00247	0.06596
11	0.01194	0.01364	0.07432	0.10432	0.19280	0.01271	0.41526	0.01583	0.01165	0.01623	0.01012	0.01356	0.00787	0.00487	0.00629	0.00172	0.05162	0.00539	0.02279	0.00708
12	0.00775	0.00618	0.00904	0.01201	0.15836	0.00594	0.00707	0.00915	0.01044	0.01405	0.02564	0.55607	0.06314	0.04333	0.00709	0.00211	0.00378	0.04950	0.00433	0.00501

[dist]
# distance from previous block
# <min> <max>
0	2

[block]
# block no. 4 follows, 47 sequences, length 8
# corresponding to MSA columns:
# 114-121
name=unknown_E
#
# <colnr> <probs for GDERKNQSTAVLIFYWHMCP>
#	G	D	E	R	K	N	Q	S	T	A	V	L	I	F	Y	W	H	M	C	P
0	0.01060	0.01111	0.00887	0.00925	0.01033	0.26108	0.00653	0.01164	0.01152	0.01312	0.02200	0.55273	0.02545	0.01276	0.00601	0.00186	0.00509	0.01109	0.00414	0.00482
1	0.58325	0.01154	0.01024	0.00851	0.01204	0.01313	0.00702	0.25918	0.01393	0.02643	0.00895	0.00977	0.00668	0.00529	0.00387	0.00160	0.00458	0.00343	0.00387	0.00668
2	0.01116	0.01035	0.01696	0.42945	0.30389	0.01169	0.01412	0.01517	0.07224	0.01516	0.01040	0.01405	0.00822	0.00566	0.00580	0.03522	0.00635	0.00473	0.00265	0.00673
3	0.01012	0.00955	0.01613	0.73250	0.10561	0.01164	0.01460	0.01355	0.01055	0.01365	0.00931	0.01379	0.00706	0.00515	0.00520	0.00172	0.00687	0.00463	0.00234	0.00601
4	0.01162	0.01802	0.27583	0.01898	0.02461	0.01304	0.46288	0.01629	0.01152	0.01629	0.00985	0.01284	0.00739	0.00495	0.00664	0.00176	0.07261	0.00527	0.00246	0.00714
5	0.00813	0.00517	0.00628	0.00600	0.00722	0.00489	0.00450	0.01058	0.01350	0.02041	0.53368	0.03258	0.03753	0.00916	0.00533	0.00150	0.00245	0.00794	0.27826	0.00489
6	0.00685	0.00477	0.00604	0.00686	0.00711	0.00458	0.00447	0.00753	0.00929	0.01237	0.02466	0.52310	0.02919	0.27593	0.01312	0.00308	0.00377	0.04909	0.00429	0.00391
7	0.01135	0.01539	0.26391	0.01034	0.01593	0.00930	0.01069	0.07013	0.01188	0.01799	0.00953	0.01099	0.00744	0.00439	0.00431	0.00111	0.00524	0.00345	0.00296	0.51368

[dist]
# distance from previous block
# <min> <max>
0	4

[block]
# block no. 5 follows, 47 sequences, length 41
# corresponding to MSA columns:
# 126-166
name=unknown_F
#
# <colnr> <probs for GDERKNQSTAVLIFYWHMCP>
#	G	D	E	R	K	N	Q	S	T	A	V	L	I	F	Y	W	H	M	C	P
0	0.00660	0.00483	0.00630	0.00723	0.00782	0.00439	0.00489	0.00760	0.01007	0.01353	0.02818	0.74714	0.05190	0.01551	0.00647	0.00203	0.00306	0.01402	0.00473	0.05371
1	0.00642	0.00465	0.00607	0.00706	0.00754	0.00430	0.00478	0.00749	0.01052	0.01402	0.09704	0.69579	0.08383	0.01561	0.00657	0.00205	0.00295	0.01408	0.00491	0.00430
2	0.01284	0.43083	0.22589	0.01087	0.01550	0.01611	0.01160	0.01566	0.01055	0.05884	0.00906	0.01079	0.00752	0.00776	0.06596	0.00194	0.07535	0.00358	0.00251	0.00684
3	0.01403	0.01110	0.01210	0.01051	0.01346	0.01251	0.00841	0.23964	0.40937	0.02384	0.03609	0.02103	0.01548	0.00933	0.05173	0.00212	0.00513	0.06445	0.03190	0.00775
4	0.00803	0.00586	0.00737	0.00679	0.00823	0.00554	0.00515	0.05406	0.01514	0.02118	0.69390	0.03801	0.08981	0.01054	0.00609	0.00164	0.00266	0.00923	0.00565	0.00511
5	0.01206	0.01358	0.02942	0.02123	0.02625	0.01275	0.72122	0.01634	0.01227	0.01662	0.01153	0.01667	0.00919	0.00498	0.00621	0.00179	0.00855	0.04969	0.00276	0.00689
6	0.00727	0.00532	0.00682	0.00644	0.00772	0.00487	0.00483	0.00963	0.01450	0.02031	0.72036	0.03984	0.11089	0.01086	0.00614	0.00165	0.00247	0.00955	0.00566	0.00487
7	0.01045	0.02694	0.79000	0.01484	0.02254	0.01209	0.01924	0.01649	0.01099	0.01649	0.00935	0.01099	0.00660	0.00495	0.00495	0.00165	0.00770	0.00385	0.00220	0.00770
8	0.79237	0.00998	0.00798	0.00703	0.01031	0.01138	0.00579	0.01605	0.00931	0.07991	0.00823	0.00914	0.00618	0.00495	0.00337	0.00161	0.00406	0.00300	0.00346	0.00588
9	0.01295	0.01119	0.01178	0.01060	0.01354	0.01295	0.00824	0.02767	0.77509	0.02178	0.02120	0.01943	0.01590	0.00707	0.00530	0.00177	0.00412	0.00589	0.00530	0.00824
10	0.00757	0.00505	0.00568	0.00568	0.00568	0.00505	0.00316	0.00757	0.00757	0.01010	0.01641	0.03408	0.01893	0.81698	0.02651	0.00505	0.00505	0.00757	0.00316	0.00316
11	0.01056	0.00882	0.01198	0.12646	0.03020	0.00807	0.03497	0.01301	0.01106	0.03903	0.05326	0.05568	0.01297	0.00620	0.00536	0.00130	0.04441	0.05900	0.01964	0.44803
12	0.01392	0.82012	0.02729	0.00891	0.01337	0.02061	0.00891	0.01559	0.01058	0.01225	0.00724	0.00835	0.00668	0.00446	0.00334	0.00111	0.00557	0.00278	0.00223	0.00668
13	0.85377	0.01007	0.00765	0.00685	0.01007	0.01168	0.00564	0.01531	0.00886	0.02336	0.00725	0.00846	0.00564	0.00483	0.00322	0.00161	0.00403	0.00282	0.00322	0.00564
14	0.01295	0.01119	0.01178	0.01060	0.01354	0.01295	0.00824	0.02767	0.77509	0.02178	0.02120	0.01943	0.01590	0.00707	0.00530	0.00177	0.00412	0.00589	0.00530	0.00824
15	0.01289	0.01237	0.02114	0.03196	0.78450	0.01237	0.01598	0.01598	0.01186	0.01701	0.00980	0.01289	0.00825	0.00464	0.00516	0.00155	0.00619	0.00464	0.00258	0.00825
16	0.00634	0.00453	0.00604	0.00725	0.00755	0.00423	0.00483	0.00725	0.00997	0.01329	0.02870	0.81358	0.03444	0.01632	0.00665	0.00211	0.00302	0.01480	0.00483	0.00423
17	0.00668	0.00530	0.00601	0.00583	0.00736	0.00462	0.00437	0.00849	0.01311	0.01702	0.36886	0.04525	0.46443	0.01209	0.00615	0.00171	0.00256	0.01031	0.00522	0.00462
18	0.01295	0.01119	0.01178	0.01060	0.01354	0.01295	0.00824	0.02767	0.77509	0.02178	0.02120	0.01943	0.01590	0.00707	0.00530	0.00177	0.00412	0.00589	0.00530	0.00824
19	0.00683	0.00530	0.00621	0.00598	0.00745	0.00468	0.00449	0.00878	0.01346	0.01784	0.45620	0.04391	0.37658	0.01178	0.00615	0.00169	0.00254	0.01012	0.00533	0.00468
20	0.01149	0.01138	0.01568	0.01347	0.01366	0.01576	0.01119	0.01351	0.05729	0.01313	0.00776	0.01191	0.00742	0.00898	0.01633	0.00225	0.75581	0.00464	0.00247	0.00586
21	0.03184	0.50716	0.11244	0.01062	0.01486	0.17871	0.01031	0.01655	0.01133	0.01308	0.00777	0.00921	0.00679	0.00553	0.01983	0.00141	0.03050	0.00313	0.00235	0.00658
22	0.01250	0.00900	0.01080	0.00789	0.01225	0.00695	0.00633	0.01478	0.01161	0.13239	0.05027	0.01326	0.01060	0.00459	0.00418	0.00094	0.00387	0.00373	0.00372	0.68035
23	0.00641	0.00525	0.00545	0.00542	0.00693	0.00451	0.00394	0.00766	0.01159	0.01412	0.10285	0.04744	0.64029	0.10514	0.00849	0.00213	0.00290	0.01048	0.00471	0.00429
24	0.01960	0.01140	0.03349	0.01002	0.01393	0.03523	0.00838	0.26330	0.01747	0.38002	0.05324	0.01624	0.01266	0.00633	0.00509	0.00152	0.00488	0.00501	0.03981	0.06238
25	0.03571	0.06295	0.03373	0.07982	0.03746	0.01211	0.00870	0.33545	0.04383	0.02367	0.01424	0.08136	0.01178	0.00676	0.00481	0.00153	0.00484	0.00542	0.18881	0.00703
26	0.01120	0.20615	0.53780	0.01300	0.01937	0.01368	0.01579	0.01632	0.03824	0.01565	0.01046	0.01376	0.00845	0.00552	0.00474	0.00158	0.00690	0.05161	0.00248	0.00730
27	0.01705	0.34474	0.01983	0.01161	0.01494	0.46656	0.00963	0.01852	0.01293	0.01254	0.00770	0.00902	0.00670	0.00508	0.00442	0.00127	0.02553	0.00315	0.00249	0.00629
28	0.85377	0.01007	0.00765	0.00685	0.01007	0.01168	0.00564	0.01531	0.00886	0.02336	0.00725	0.00846	0.00564	0.00483	0.00322	0.00161	0.00403	0.00282	0.00322	0.00564
29	0.01784	0.16280	0.01658	0.01240	0.01531	0.61417	0.00976	0.01930	0.01387	0.01283	0.00905	0.01210	0.00807	0.00574	0.00461	0.00136	0.00845	0.04696	0.00273	0.00608
30	0.00646	0.00462	0.00618	0.00738	0.00774	0.00433	0.00504	0.00745	0.01009	0.01342	0.02864	0.77044	0.03419	0.01620	0.00668	0.00213	0.00312	0.05679	0.00483	0.00426
31	0.01153	0.10819	0.64450	0.01389	0.02081	0.01287	0.01730	0.01675	0.01106	0.05701	0.00964	0.01109	0.00695	0.00511	0.00518	0.00161	0.03265	0.00383	0.00243	0.00759
32	0.00681	0.00507	0.00707	0.00890	0.05758	0.00480	0.00564	0.00790	0.01014	0.01359	0.02746	0.74401	0.03265	0.01552	0.00656	0.00209	0.00327	0.03177	0.00469	0.00450
33	0.02336	0.00886	0.01209	0.00927	0.01329	0.00765	0.00765	0.02538	0.01491	0.78810	0.02055	0.01773	0.01289	0.00645	0.00524	0.00161	0.00443	0.00524	0.00645	0.00886
34	0.00634	0.00453	0.00604	0.00725	0.00755	0.00423	0.00483	0.00725	0.00997	0.01329	0.02870	0.81358	0.03444	0.01632	0.00665	0.00211	0.00302	0.01480	0.00483	0.00423
35	0.01103	0.02327	0.01476	0.02959	0.05139	0.01338	0.02512	0.01244	0.00864	0.03352	0.00939	0.02769	0.00907	0.05866	0.10480	0.00302	0.53649	0.00505	0.01705	0.00565
36	0.81229	0.02982	0.00831	0.00707	0.01030	0.03201	0.00583	0.01546	0.00905	0.02283	0.00727	0.00848	0.00569	0.00484	0.00326	0.00159	0.00420	0.00283	0.00319	0.00567
37	0.01980	0.01459	0.01563	0.01198	0.01615	0.01615	0.00990	0.76713	0.02448	0.03282	0.01250	0.01250	0.00886	0.00625	0.00521	0.00156	0.00573	0.00469	0.00521	0.00886
38	0.00757	0.00507	0.00579	0.00579	0.00583	0.00511	0.00330	0.00765	0.00761	0.01018	0.01631	0.03351	0.01869	0.78458	0.05857	0.00519	0.00542	0.00749	0.00314	0.00322
39	0.00638	0.00455	0.00603	0.00721	0.00751	0.00425	0.00479	0.00726	0.00991	0.01321	0.02839	0.79365	0.03405	0.03679	0.00715	0.00219	0.00307	0.01462	0.00479	0.00420
40	0.01080	0.00926	0.01080	0.00771	0.01234	0.00694	0.00617	0.01311	0.01080	0.01697	0.00926	0.01080	0.00771	0.00386	0.00386	0.00077	0.00386	0.00309	0.00309	0.84882

[dist]
# distance from previous block
# <min> <max>
0	14

[block]
# block no. 6 follows, 47 sequences, length 11
# corresponding to MSA columns:
# 181-191
name=unknown_G
#
# <colnr> <probs for GDERKNQSTAVLIFYWHMCP>
#	G	D	E	R	K	N	Q	S	T	A	V	L	I	F	Y	W	H	M	C	P
0	0.00779	0.00830	0.11487	0.00769	0.00981	0.00590	0.00689	0.01075	0.01422	0.02028	0.67531	0.03505	0.04327	0.00986	0.00598	0.00164	0.00318	0.00865	0.00525	0.00530
1	0.01109	0.00969	0.01222	0.01106	0.11875	0.00769	0.00752	0.01351	0.01094	0.01698	0.00933	0.01109	0.00779	0.00396	0.00404	0.00088	0.00418	0.00330	0.00302	0.73298
2	0.01697	0.01215	0.01355	0.01031	0.01447	0.01225	0.00842	0.45081	0.01906	0.09415	0.01278	0.03917	0.00972	0.00589	0.00486	0.00135	0.00497	0.00459	0.00467	0.25986
3	0.00874	0.00633	0.00834	0.00791	0.00958	0.00566	0.02148	0.01024	0.01080	0.06085	0.07417	0.44569	0.04253	0.02925	0.00665	0.00182	0.02674	0.03173	0.00446	0.18704
4	0.06838	0.39053	0.23028	0.01058	0.01525	0.06198	0.01124	0.01526	0.01052	0.01415	0.00879	0.01081	0.00746	0.00944	0.11314	0.00231	0.00743	0.00350	0.00239	0.00657
5	0.12841	0.01052	0.01600	0.04559	0.46519	0.01067	0.01222	0.01528	0.01172	0.06900	0.04041	0.01968	0.05578	0.00635	0.00517	0.00166	0.00534	0.07044	0.00335	0.00722
6	0.00757	0.00505	0.00568	0.00568	0.00568	0.00505	0.00316	0.00757	0.00757	0.01010	0.01641	0.03408	0.01893	0.81698	0.02651	0.00505	0.00505	0.00757	0.00316	0.00316
7	0.01297	0.01017	0.01181	0.00941	0.01269	0.01011	0.00758	0.23312	0.03845	0.03532	0.09336	0.06078	0.03662	0.00708	0.00596	0.00141	0.07030	0.02645	0.00423	0.31219
8	0.15359	0.02970	0.28545	0.02457	0.01492	0.02184	0.02772	0.04677	0.01114	0.01762	0.06293	0.14368	0.01483	0.06127	0.00638	0.00188	0.00543	0.00611	0.02036	0.04381
9	0.03546	0.15600	0.01323	0.00948	0.02401	0.11396	0.00761	0.04612	0.06984	0.05177	0.09940	0.04926	0.14032	0.03614	0.00674	0.00177	0.05837	0.07059	0.00399	0.00593
10	0.02726	0.09669	0.31041	0.01294	0.05978	0.01138	0.04848	0.01421	0.01117	0.04102	0.04250	0.02156	0.13433	0.00746	0.00646	0.00172	0.08793	0.05501	0.00312	0.00657

[dist]
# distance from previous block
# <min> <max>
1	80

[block]
# block no. 7 follows, 47 sequences, length 104
# corresponding to MSA columns:
# 272-375
name=unknown_H
#
# <colnr> <probs for GDERKNQSTAVLIFYWHMCP>
#	G	D	E	R	K	N	Q	S	T	A	V	L	I	F	Y	W	H	M	C	P
0	0.05461	0.24219	0.13503	0.01218	0.04687	0.09967	0.03914	0.13593	0.01336	0.03890	0.02138	0.01154	0.00831	0.00552	0.00529	0.00147	0.06315	0.00393	0.05453	0.00699
1	0.01092	0.11269	0.05933	0.08701	0.16736	0.04247	0.00992	0.04267	0.03979	0.01665	0.12083	0.04729	0.11749	0.00765	0.00524	0.00158	0.00499	0.04431	0.02375	0.03805
2	0.00798	0.00596	0.00686	0.00656	0.00797	0.00576	0.00487	0.03529	0.01142	0.04362	0.08748	0.07736	0.41392	0.12263	0.08596	0.00285	0.03939	0.00926	0.02019	0.00467
3	0.01080	0.00926	0.01080	0.00771	0.01234	0.00694	0.00617	0.01311	0.01080	0.01697	0.00926	0.01080	0.00771	0.00386	0.00386	0.00077	0.00386	0.00309	0.00309	0.84882
4	0.81244	0.01029	0.00805	0.00710	0.01037	0.01190	0.00585	0.05256	0.00964	0.02383	0.00751	0.00866	0.00580	0.00490	0.00332	0.00161	0.00411	0.00291	0.00332	0.00580
5	0.03070	0.10134	0.42600	0.03104	0.04176	0.02537	0.13682	0.05313	0.01203	0.01708	0.03940	0.01418	0.00945	0.00545	0.00509	0.00163	0.00714	0.03246	0.00270	0.00723
6	0.04866	0.00538	0.00620	0.00660	0.00783	0.00497	0.00491	0.00848	0.01145	0.01528	0.13564	0.27266	0.32470	0.03174	0.00673	0.00199	0.00309	0.09438	0.00483	0.00449
7	0.00839	0.00704	0.00926	0.08122	0.09438	0.00733	0.00710	0.01046	0.02351	0.01531	0.09194	0.07156	0.33992	0.02669	0.00723	0.00180	0.08614	0.00830	0.09723	0.00519
8	0.00906	0.00640	0.00755	0.00707	0.00802	0.00666	0.00484	0.08319	0.03090	0.01409	0.03497	0.05688	0.01738	0.44960	0.16636	0.00471	0.00647	0.00688	0.03956	0.03940
9	0.43063	0.01169	0.10174	0.08014	0.04573	0.01093	0.00869	0.06824	0.01106	0.04997	0.02936	0.05129	0.00940	0.00578	0.00418	0.00161	0.00477	0.00426	0.04399	0.02654
10	0.24135	0.14601	0.03373	0.00996	0.03422	0.04682	0.00829	0.18476	0.01379	0.07867	0.02466	0.01143	0.00846	0.00610	0.02242	0.00158	0.02257	0.00377	0.00368	0.09773
11	0.76384	0.03070	0.05897	0.00748	0.01102	0.01195	0.00665	0.01561	0.02268	0.02262	0.00764	0.00882	0.00591	0.00487	0.00337	0.00160	0.00431	0.00294	0.00317	0.00584
12	0.01430	0.05332	0.05225	0.11091	0.08920	0.18379	0.01055	0.15075	0.04403	0.03589	0.01336	0.08936	0.02935	0.00764	0.02280	0.00176	0.04977	0.00544	0.02883	0.00669
13	0.00623	0.00523	0.00541	0.00548	0.00711	0.00441	0.00406	0.00757	0.01188	0.01434	0.08641	0.10278	0.69473	0.01328	0.00619	0.00178	0.00266	0.01118	0.00488	0.00441
14	0.00953	0.00747	0.00860	0.02187	0.01028	0.00768	0.00631	0.08340	0.16562	0.01950	0.26773	0.03669	0.20124	0.04079	0.00676	0.00190	0.00357	0.09017	0.00513	0.00576
15	0.00629	0.00475	0.00581	0.00666	0.00740	0.00428	0.00457	0.00732	0.01054	0.01352	0.03588	0.58581	0.25759	0.01538	0.00650	0.00201	0.00291	0.01367	0.00483	0.00428
16	0.01945	0.02482	0.01476	0.01342	0.01610	0.79608	0.01006	0.02079	0.01476	0.01275	0.00805	0.00939	0.00671	0.00537	0.00470	0.00134	0.00939	0.00335	0.00268	0.00604
17	0.01231	0.00968	0.03050	0.02475	0.01292	0.02584	0.02855	0.06490	0.04502	0.11773	0.05306	0.16055	0.03429	0.00846	0.00722	0.00164	0.13542	0.02179	0.00409	0.20125
18	0.58403	0.01116	0.01083	0.00929	0.01193	0.05131	0.04932	0.01505	0.00922	0.02029	0.00761	0.00963	0.00622	0.00569	0.00614	0.00173	0.15956	0.00341	0.02184	0.00573
19	0.00991	0.00933	0.01575	0.78580	0.05395	0.01159	0.01450	0.01337	0.01045	0.01340	0.00927	0.01386	0.00697	0.00519	0.00521	0.00173	0.00692	0.00463	0.00232	0.00584
20	0.03208	0.01270	0.06955	0.20751	0.46852	0.03071	0.03319	0.01528	0.01145	0.01614	0.02765	0.01341	0.00866	0.00506	0.00544	0.00162	0.02645	0.00466	0.00258	0.00736
21	0.05387	0.00908	0.01190	0.00927	0.01319	0.00820	0.00762	0.02517	0.07111	0.70241	0.02009	0.01750	0.01284	0.00643	0.00517	0.00162	0.00439	0.00519	0.00624	0.00870
22	0.00695	0.00516	0.00647	0.00646	0.00760	0.00468	0.00472	0.00889	0.01328	0.01814	0.50002	0.19358	0.18039	0.01223	0.00624	0.00175	0.00260	0.01077	0.00539	0.00468
23	0.00939	0.00782	0.00982	0.10550	0.06516	0.00811	0.00753	0.06207	0.13350	0.01815	0.19216	0.03395	0.26993	0.00974	0.00583	0.00174	0.00390	0.04517	0.00467	0.00585
24	0.00633	0.00459	0.00598	0.00709	0.00751	0.00424	0.00476	0.00727	0.01013	0.01336	0.03068	0.75083	0.09592	0.01606	0.00661	0.00209	0.00299	0.01449	0.00483	0.00424
25	0.01304	0.01313	0.03808	0.10738	0.53405	0.06991	0.01447	0.03497	0.07570	0.01701	0.01097	0.02844	0.00911	0.00522	0.00516	0.00158	0.00630	0.00482	0.00288	0.00776
26	0.00734	0.00532	0.00692	0.00652	0.00776	0.00490	0.00489	0.00977	0.01467	0.02072	0.76413	0.03917	0.06686	0.01071	0.00614	0.00164	0.00246	0.00946	0.00571	0.00490
27	0.01012	0.00806	0.00945	0.00894	0.03355	0.00848	0.00662	0.06498	0.26474	0.02152	0.42456	0.03054	0.06889	0.00912	0.00578	0.00168	0.00334	0.00788	0.00542	0.00634
28	0.01945	0.02482	0.01476	0.01342	0.01610	0.79608	0.01006	0.02079	0.01476	0.01275	0.00805	0.00939	0.00671	0.00537	0.00470	0.00134	0.00939	0.00335	0.00268	0.00604
29	0.01378	0.01300	0.01519	0.07162	0.23226	0.09915	0.01112	0.07253	0.35545	0.01939	0.01496	0.01565	0.01157	0.00674	0.02313	0.00179	0.00581	0.00508	0.00398	0.00779
30	0.53228	0.00960	0.00937	0.00778	0.01132	0.01012	0.00642	0.01921	0.01120	0.31943	0.01240	0.01205	0.00845	0.00546	0.00400	0.00161	0.00418	0.00376	0.00447	0.00689
31	0.01407	0.79876	0.02695	0.00903	0.01344	0.04143	0.00894	0.01573	0.01069	0.01227	0.00726	0.00838	0.00668	0.00448	0.00338	0.00112	0.00567	0.00280	0.00224	0.00667
32	0.00983	0.00926	0.01562	0.80447	0.03587	0.01157	0.01446	0.01331	0.01041	0.01331	0.00926	0.01388	0.00694	0.00521	0.00521	0.00174	0.00694	0.00463	0.00231	0.00579
33	0.01080	0.00926	0.01080	0.00771	0.01234	0.00694	0.00617	0.01311	0.01080	0.01697	0.00926	0.01080	0.00771	0.00386	0.00386	0.00077	0.00386	0.00309	0.00309	0.84882
34	0.00663	0.00529	0.00594	0.00578	0.00733	0.00460	0.00433	0.00840	0.01300	0.01675	0.33971	0.04570	0.49375	0.01219	0.00615	0.00171	0.00257	0.01037	0.00519	0.00460
35	0.01229	0.01405	0.03073	0.02195	0.02722	0.01317	0.76558	0.01668	0.01229	0.01668	0.01054	0.01405	0.00790	0.00439	0.00615	0.00176	0.00878	0.00615	0.00263	0.00702
36	0.00706	0.00531	0.00652	0.00622	0.00759	0.00478	0.00467	0.00922	0.01400	0.01912	0.59278	0.04181	0.23921	0.01131	0.00615	0.00167	0.00250	0.00983	0.00550	0.00478
37	0.85377	0.01007	0.00765	0.00685	0.01007	0.01168	0.00564	0.01531	0.00886	0.02336	0.00725	0.00846	0.00564	0.00483	0.00322	0.00161	0.00403	0.00282	0.00322	0.00564
38	0.01980	0.01459	0.01563	0.01198	0.01615	0.01615	0.00990	0.76713	0.02448	0.03282	0.01250	0.01250	0.00886	0.00625	0.00521	0.00156	0.00573	0.00469	0.00521	0.00886
39	0.01139	0.01139	0.01595	0.01367	0.01367	0.01595	0.01139	0.01253	0.00798	0.01253	0.00684	0.01139	0.00684	0.00911	0.01709	0.00228	0.80745	0.00456	0.00228	0.00570
40	0.00744	0.00558	0.00837	0.00837	0.00930	0.00651	0.00651	0.00930	0.00837	0.01209	0.01395	0.02046	0.01302	0.03906	0.79635	0.00837	0.01395	0.00558	0.00279	0.00465
41	0.01139	0.01139	0.01595	0.01367	0.01367	0.01595	0.01139	0.01253	0.00798	0.01253	0.00684	0.01139	0.00684	0.00911	0.01709	0.00228	0.80745	0.00456	0.00228	0.00570
42	0.00757	0.00505	0.00568	0.00568	0.00568	0.00505	0.00316	0.00757	0.00757	0.01010	0.01641	0.03408	0.01893	0.81698	0.02651	0.00505	0.00505	0.00757	0.00316	0.00316
43	0.00620	0.00528	0.00534	0.00532	0.00706	0.00442	0.00399	0.00756	0.01198	0.01432	0.08022	0.04970	0.75476	0.01309	0.00615	0.00175	0.00263	0.01093	0.00487	0.00442
44	0.01055	0.05080	0.76705	0.01466	0.02226	0.01235	0.01893	0.01647	0.01098	0.01636	0.00928	0.01092	0.00660	0.00493	0.00490	0.00163	0.00763	0.00382	0.00220	0.00767
45	0.01134	0.00700	0.00875	0.00776	0.00981	0.00682	0.00600	0.01583	0.14599	0.16516	0.50751	0.03156	0.03659	0.00924	0.00583	0.00166	0.00311	0.00802	0.00579	0.00623
46	0.01945	0.02482	0.01476	0.01342	0.01610	0.79608	0.01006	0.02079	0.01476	0.01275	0.00805	0.00939	0.00671	0.00537	0.00470	0.00134	0.00939	0.00335	0.00268	0.00604
47	0.01078	0.00926	0.01091	0.02652	0.01290	0.00705	0.00637	0.01312	0.01079	0.01688	0.00926	0.01087	0.00770	0.00389	0.00389	0.00079	0.00393	0.00312	0.00307	0.82892
48	0.01131	0.02961	0.01049	0.00912	0.01091	0.00894	0.00717	0.17389	0.01251	0.06881	0.01567	0.11797	0.01469	0.05299	0.40582	0.00520	0.02880	0.00649	0.00380	0.00581
49	0.00639	0.00457	0.00610	0.00731	0.00763	0.00427	0.00492	0.00734	0.01002	0.01335	0.02868	0.79547	0.03434	0.01627	0.00666	0.00212	0.00306	0.03243	0.00483	0.00424
50	0.00762	0.00578	0.00700	0.00693	0.02594	0.00537	0.00506	0.00992	0.03200	0.03267	0.40270	0.04021	0.32141	0.01179	0.02414	0.00184	0.01707	0.00944	0.02815	0.00496
51	0.00762	0.00504	0.00566	0.00566	0.00569	0.00504	0.00317	0.00767	0.00764	0.01029	0.01642	0.03378	0.01882	0.80029	0.02604	0.00497	0.00499	0.00752	0.02051	0.00319
52	0.01392	0.82012	0.02729	0.00891	0.01337	0.02061	0.00891	0.01559	0.01058	0.01225	0.00724	0.00835	0.00668	0.00446	0.00334	0.00111	0.00557	0.00278	0.00223	0.00668
53	0.00983	0.00926	0.01562	0.80447	0.03587	0.01157	0.01446	0.01331	0.01041	0.01331	0.00926	0.01388	0.00694	0.00521	0.00521	0.00174	0.00694	0.00463	0.00231	0.00579
54	0.01076	0.01225	0.12028	0.39225	0.15321	0.01146	0.05734	0.03257	0.02751	0.01548	0.01153	0.01760	0.00962	0.00602	0.00557	0.00175	0.01945	0.07313	0.01568	0.00654
55	0.01168	0.01114	0.01896	0.33704	0.48885	0.01206	0.01538	0.01493	0.01129	0.01555	0.00958	0.01328	0.00773	0.00486	0.00518	0.00162	0.00648	0.00464	0.00247	0.00728
56	0.02278	0.00980	0.01267	0.00971	0.01376	0.00905	0.00802	0.14699	0.01648	0.66428	0.01923	0.01687	0.01223	0.00641	0.00523	0.00160	0.00464	0.00515	0.00624	0.00886
57	0.00796	0.00635	0.00915	0.00891	0.00957	0.00767	0.00688	0.00949	0.00841	0.01214	0.01444	0.09718	0.01454	0.08545	0.54437	0.00658	0.13686	0.00645	0.00293	0.00467
58	0.80744	0.00978	0.00750	0.00674	0.00985	0.01131	0.00553	0.01513	0.00898	0.02315	0.00779	0.00906	0.00606	0.00490	0.00325	0.00159	0.00394	0.00293	0.04947	0.00560
59	0.00879	0.00659	0.00959	0.01173	0.08637	0.00658	0.00906	0.01122	0.01193	0.01568	0.02586	0.06975	0.02794	0.01347	0.00698	0.00231	0.00489	0.66154	0.00458	0.00512
60	0.00983	0.00926	0.01562	0.80447	0.03587	0.01157	0.01446	0.01331	0.01041	0.01331	0.00926	0.01388	0.00694	0.00521	0.00521	0.00174	0.00694	0.00463	0.00231	0.00579
61	0.00634	0.00453	0.00604	0.00725	0.00755	0.00423	0.00483	0.00725	0.00997	0.01329	0.02870	0.81358	0.03444	0.01632	0.00665	0.00211	0.00302	0.01480	0.00483	0.00423
62	0.01945	0.02482	0.01476	0.01342	0.01610	0.79608	0.01006	0.02079	0.01476	0.01275	0.00805	0.00939	0.00671	0.00537	0.00470	0.00134	0.00939	0.00335	0.00268	0.00604
63	0.00615	0.00528	0.00528	0.00528	0.00703	0.00440	0.00396	0.00747	0.01187	0.01407	0.05276	0.05012	0.78238	0.01319	0.00615	0.00176	0.00264	0.01099	0.00484	0.00440
64	0.01231	0.00850	0.01035	0.02722	0.01222	0.00719	0.00653	0.06620	0.01222	0.13539	0.01612	0.18021	0.02924	0.00723	0.00482	0.00128	0.00395	0.00616	0.00413	0.44873
65	0.02319	0.00914	0.01226	0.00940	0.01343	0.00806	0.00776	0.06115	0.01537	0.75168	0.02016	0.01747	0.01270	0.00644	0.00524	0.00161	0.00449	0.00521	0.00639	0.00886
66	0.85377	0.01007	0.00765	0.00685	0.01007	0.01168	0.00564	0.01531	0.00886	0.02336	0.00725	0.00846	0.00564	0.00483	0.00322	0.00161	0.00403	0.00282	0.00322	0.00564
67	0.01423	0.01190	0.01248	0.01093	0.01403	0.04895	0.02238	0.06503	0.64080	0.06871	0.01991	0.01841	0.01478	0.00686	0.00528	0.00173	0.00455	0.00567	0.00519	0.00819
68	0.02286	0.00897	0.01207	0.00933	0.01331	0.00791	0.00768	0.02549	0.05156	0.75115	0.02058	0.01781	0.01304	0.00648	0.00524	0.00162	0.00442	0.00527	0.00639	0.00883
69	0.01062	0.00897	0.01062	0.01095	0.08623	0.00966	0.00759	0.01924	0.39925	0.02032	0.25304	0.02756	0.09714	0.00849	0.00562	0.00171	0.00368	0.00731	0.00512	0.00688
70	0.00983	0.00926	0.01562	0.80447	0.03587	0.01157	0.01446	0.01331	0.01041	0.01331	0.00926	0.01388	0.00694	0.00521	0.00521	0.00174	0.00694	0.00463	0.00231	0.00579
71	0.00757	0.00505	0.00568	0.00568	0.00568	0.00505	0.00316	0.00757	0.00757	0.01010	0.01641	0.03408	0.01893	0.81698	0.02651	0.00505	0.00505	0.00757	0.00316	0.00316
72	0.01045	0.02694	0.79000	0.01484	0.02254	0.01209	0.01924	0.01649	0.01099	0.01649	0.00935	0.01099	0.00660	0.00495	0.00495	0.00165	0.00770	0.00385	0.00220	0.00770
73	0.01142	0.00924	0.01086	0.00779	0.01239	0.00698	0.00624	0.01372	0.01100	0.05518	0.00982	0.01114	0.00797	0.00398	0.00393	0.00081	0.00389	0.00319	0.00325	0.80719
74	0.85377	0.01007	0.00765	0.00685	0.01007	0.01168	0.00564	0.01531	0.00886	0.02336	0.00725	0.00846	0.00564	0.00483	0.00322	0.00161	0.00403	0.00282	0.00322	0.00564
75	0.01191	0.36160	0.46819	0.01234	0.01867	0.01569	0.01488	0.01611	0.01082	0.01470	0.00846	0.00988	0.00663	0.00474	0.00427	0.00142	0.00680	0.00340	0.00221	0.00727
76	0.01573	0.01018	0.01226	0.08969	0.03449	0.01090	0.00866	0.13856	0.26620	0.20683	0.01766	0.01795	0.01288	0.00654	0.00510	0.00163	0.00462	0.02255	0.09195	0.02564
77	0.01261	0.01187	0.02011	0.06213	0.71539	0.01197	0.01531	0.01568	0.01175	0.01698	0.01013	0.01325	0.00845	0.00473	0.00508	0.00154	0.00603	0.00465	0.04436	0.00798
78	0.01578	0.01264	0.01379	0.07806	0.01615	0.04726	0.00931	0.41181	0.10829	0.02501	0.03150	0.01531	0.02630	0.02638	0.02062	0.00177	0.04389	0.00497	0.02161	0.06955
79	0.00737	0.00532	0.00696	0.00655	0.00778	0.00491	0.00491	0.00983	0.01474	0.02088	0.78175	0.03890	0.04914	0.01065	0.00614	0.00164	0.00246	0.00942	0.00573	0.00491
80	0.01099	0.00866	0.00993	0.00944	0.03846	0.00922	0.00698	0.05053	0.34869	0.04960	0.25776	0.04636	0.11382	0.00893	0.00568	0.00171	0.00357	0.00764	0.00531	0.00674
81	0.00634	0.00453	0.00604	0.00725	0.00755	0.00423	0.00483	0.00725	0.00997	0.01329	0.02870	0.81358	0.03444	0.01632	0.00665	0.00211	0.00302	0.01480	0.00483	0.00423
82	0.00730	0.00532	0.00686	0.00647	0.00773	0.00488	0.00486	0.00968	0.01457	0.02047	0.73722	0.03959	0.09393	0.01080	0.00614	0.00165	0.00247	0.00951	0.00568	0.00488
83	0.05190	0.01517	0.05408	0.10210	0.03527	0.08827	0.03353	0.48737	0.01981	0.04490	0.01142	0.01231	0.00825	0.00584	0.00509	0.00157	0.00631	0.00449	0.00431	0.00799
84	0.00615	0.00528	0.00528	0.00528	0.00703	0.00440	0.00396	0.00747	0.01187	0.01407	0.05276	0.05012	0.78238	0.01319	0.00615	0.00176	0.00264	0.01099	0.00484	0.00440
85	0.73638	0.01071	0.00878	0.00757	0.01093	0.01231	0.00624	0.12113	0.01106	0.02470	0.00799	0.00903	0.00609	0.00503	0.00350	0.00160	0.00427	0.00308	0.00350	0.00609
86	0.85377	0.01007	0.00765	0.00685	0.01007	0.01168	0.00564	0.01531	0.00886	0.02336	0.00725	0.00846	0.00564	0.00483	0.00322	0.00161	0.00403	0.00282	0.00322	0.00564
87	0.03013	0.01585	0.03247	0.11070	0.21396	0.26581	0.04277	0.06421	0.01299	0.03138	0.01013	0.03185	0.00864	0.00620	0.00631	0.02133	0.06510	0.02054	0.00291	0.00669
88	0.01287	0.01274	0.02200	0.11064	0.51521	0.03130	0.15677	0.04424	0.01233	0.01705	0.00994	0.01311	0.00803	0.00473	0.00534	0.00160	0.00681	0.00489	0.00266	0.00773
89	0.00744	0.00550	0.00721	0.04595	0.00908	0.00520	0.00528	0.00986	0.01421	0.01993	0.66842	0.03815	0.10546	0.01048	0.00604	0.00164	0.00269	0.00921	0.02331	0.00491
90	0.00615	0.00528	0.00528	0.00528	0.00703	0.00440	0.00396	0.00747	0.01187	0.01407	0.05276	0.05012	0.78238	0.01319	0.00615	0.00176	0.00264	0.01099	0.00484	0.00440
91	0.01021	0.00957	0.01582	0.71006	0.08812	0.01170	0.01426	0.01421	0.04841	0.01399	0.00989	0.01409	0.00748	0.00526	0.00521	0.00172	0.00675	0.00469	0.00248	0.00608
92	0.85377	0.01007	0.00765	0.00685	0.01007	0.01168	0.00564	0.01531	0.00886	0.02336	0.00725	0.00846	0.00564	0.00483	0.00322	0.00161	0.00403	0.00282	0.00322	0.00564
93	0.85377	0.01007	0.00765	0.00685	0.01007	0.01168	0.00564	0.01531	0.00886	0.02336	0.00725	0.00846	0.00564	0.00483	0.00322	0.00161	0.00403	0.00282	0.00322	0.00564
94	0.01926	0.02450	0.01479	0.01342	0.01604	0.77723	0.01009	0.02060	0.01459	0.01274	0.00802	0.00944	0.00671	0.00546	0.00500	0.00136	0.02867	0.00338	0.00267	0.00603
95	0.55651	0.01277	0.00961	0.00845	0.01163	0.16947	0.00675	0.01768	0.01090	0.12225	0.00939	0.01012	0.00699	0.00518	0.00380	0.00155	0.00513	0.00329	0.02240	0.00613
96	0.00634	0.00524	0.00551	0.00560	0.00715	0.00448	0.00415	0.00766	0.01172	0.01424	0.08520	0.10220	0.64629	0.04389	0.00699	0.00192	0.00280	0.02947	0.00482	0.00437
97	0.05036	0.00748	0.00979	0.00804	0.01091	0.00669	0.00644	0.01862	0.01453	0.44621	0.31214	0.02618	0.04370	0.00814	0.00552	0.00162	0.00362	0.00687	0.00601	0.00712
98	0.01435	0.71281	0.05488	0.00946	0.01398	0.03505	0.00940	0.07351	0.01175	0.01400	0.00774	0.00879	0.00685	0.00463	0.00357	0.00117	0.00574	0.00298	0.00246	0.00688
99	0.79782	0.02918	0.00823	0.00696	0.01019	0.01184	0.00577	0.03145	0.00928	0.02322	0.00757	0.00878	0.00590	0.00488	0.00328	0.00159	0.00407	0.00290	0.02135	0.00572
100	0.01147	0.00888	0.01118	0.02980	0.01287	0.00743	0.02224	0.01363	0.01102	0.08677	0.02541	0.09410	0.01156	0.00581	0.00510	0.00113	0.04735	0.00477	0.00354	0.58593
101	0.03015	0.00557	0.00695	0.00659	0.00791	0.00525	0.00496	0.01012	0.02953	0.02003	0.65207	0.03882	0.09909	0.03495	0.00668	0.00177	0.00268	0.02647	0.00549	0.00491
102	0.01464	0.53928	0.07674	0.02962	0.01513	0.16091	0.01006	0.03467	0.02810	0.01337	0.00800	0.00929	0.00694	0.00491	0.00425	0.00127	0.03054	0.00317	0.00245	0.00667
103	0.01440	0.44418	0.02137	0.02338	0.02746	0.03635	0.02711	0.14443	0.03139	0.03264	0.04193	0.01171	0.00947	0.00620	0.02379	0.00149	0.04702	0.00385	0.00313	0.04870

[dist]
# distance from previous block
# <min> <max>
5	9

[block]
# block no. 8 follows, 47 sequences, length 20
# corresponding to MSA columns:
# 385-404
name=unknown_I
#
# <colnr> <probs for GDERKNQSTAVLIFYWHMCP>
#	G	D	E	R	K	N	Q	S	T	A	V	L	I	F	Y	W	H	M	C	P
0	0.01709	0.03759	0.06738	0.06600	0.09416	0.04913	0.01017	0.11617	0.14891	0.28252	0.03341	0.01647	0.02475	0.00625	0.00516	0.00161	0.00531	0.00511	0.00477	0.00804
1	0.00822	0.00619	0.03389	0.00729	0.00881	0.00522	0.00579	0.01023	0.01277	0.06881	0.32876	0.21351	0.16551	0.01228	0.00627	0.00185	0.00318	0.09120	0.00520	0.00502
2	0.01226	0.01355	0.12605	0.06615	0.05368	0.05809	0.01090	0.14511	0.08831	0.01805	0.01677	0.10195	0.08623	0.00827	0.00781	0.00182	0.16846	0.00627	0.00364	0.00666
3	0.01357	0.03106	0.20401	0.08750	0.01701	0.01000	0.02066	0.08291	0.07742	0.18846	0.07051	0.09875	0.03473	0.00764	0.00543	0.00172	0.00534	0.03178	0.00434	0.00716
4	0.09817	0.01178	0.04790	0.42380	0.14594	0.08780	0.01280	0.01450	0.01117	0.01548	0.05922	0.01435	0.00982	0.00605	0.01931	0.00176	0.00663	0.00461	0.00271	0.00619
5	0.43700	0.01285	0.02943	0.07419	0.05192	0.12942	0.06657	0.02911	0.01095	0.04871	0.00894	0.01059	0.00688	0.00500	0.00410	0.00155	0.00560	0.00361	0.03172	0.03185
6	0.00752	0.00521	0.00618	0.03027	0.00701	0.00530	0.00385	0.00786	0.00802	0.01066	0.01830	0.05761	0.05873	0.66542	0.08310	0.00494	0.00560	0.00774	0.00324	0.00345
7	0.67555	0.00985	0.00912	0.08651	0.04865	0.01130	0.00701	0.01509	0.00936	0.04233	0.00878	0.04145	0.00723	0.00536	0.00370	0.00164	0.00439	0.00362	0.00325	0.00581
8	0.01358	0.01503	0.01526	0.01333	0.01410	0.23962	0.01073	0.01474	0.00991	0.01251	0.00751	0.01159	0.00721	0.03544	0.01385	0.00210	0.55105	0.00431	0.00242	0.00571
9	0.04067	0.01266	0.17188	0.01344	0.11449	0.00969	0.03655	0.10209	0.05499	0.09584	0.03735	0.25267	0.01764	0.00884	0.00557	0.00177	0.00513	0.00776	0.00412	0.00685
10	0.01141	0.14729	0.49150	0.01512	0.06316	0.01382	0.06767	0.01648	0.03971	0.01579	0.00939	0.01125	0.00716	0.00519	0.00567	0.00162	0.06398	0.00401	0.00238	0.00740
11	0.01098	0.14366	0.46618	0.01448	0.02058	0.01301	0.14214	0.01566	0.01088	0.01543	0.00969	0.01207	0.00748	0.00825	0.08536	0.00227	0.00819	0.00425	0.00234	0.00712
12	0.02690	0.03949	0.09285	0.00976	0.01342	0.07276	0.00863	0.05895	0.05166	0.15363	0.06570	0.04921	0.04301	0.00704	0.00544	0.00148	0.03362	0.05511	0.00415	0.20717
13	0.03833	0.36133	0.03696	0.01160	0.03452	0.29950	0.00973	0.04543	0.06384	0.01434	0.00876	0.00991	0.00741	0.00521	0.00458	0.00133	0.03445	0.00340	0.00274	0.00663
14	0.01927	0.06367	0.01276	0.00927	0.01294	0.00945	0.00765	0.07574	0.10489	0.49248	0.09653	0.01890	0.01610	0.00673	0.00517	0.00157	0.00435	0.00548	0.00577	0.03127
15	0.01382	0.01115	0.01346	0.24326	0.02010	0.04038	0.01025	0.34003	0.01679	0.02195	0.01605	0.12185	0.04220	0.00804	0.00555	0.00174	0.00568	0.05672	0.00418	0.00681
16	0.01206	0.02089	0.50755	0.01273	0.01877	0.03918	0.01484	0.03732	0.04258	0.08991	0.08591	0.01464	0.01183	0.00570	0.00503	0.00158	0.00648	0.00455	0.00322	0.06523
17	0.73970	0.01005	0.00814	0.00717	0.01032	0.01152	0.00588	0.06542	0.01031	0.02383	0.06073	0.01082	0.00884	0.00533	0.00356	0.00161	0.00403	0.00340	0.00353	0.00581
18	0.00816	0.00693	0.06030	0.00691	0.00879	0.00536	0.00567	0.01017	0.01270	0.06853	0.32076	0.11735	0.28461	0.05182	0.00708	0.00190	0.00320	0.00973	0.00502	0.00504
