[name]
unknown

[dist]
# distance from previous block
# <min> <max>
0	63

[block]
# block no. 0 follows, 47 sequences, length 58
# corresponding to MSA columns:
# 63-120
name=unknown_A
#
# <colnr> <probs for GDERKNQSTAVLIFYWHMCP>
#	G	D	E	R	K	N	Q	S	T	A	V	L	I	F	Y	W	H	M	C	P
0	0.00839	0.00599	0.00839	0.00959	0.01079	0.00599	0.00839	0.01079	0.01199	0.01558	0.02757	0.05874	0.02997	0.01439	0.00719	0.00240	0.00480	0.74945	0.00480	0.00480
1	0.00737	0.00532	0.00696	0.00655	0.00778	0.00491	0.00491	0.00983	0.01474	0.02088	0.78175	0.03890	0.04914	0.01065	0.00614	0.00164	0.00246	0.00942	0.00573	0.00491
2	0.01279	0.01227	0.02096	0.05741	0.75984	0.01235	0.01593	0.01589	0.01181	0.01689	0.00978	0.01292	0.00821	0.00466	0.00516	0.00155	0.00621	0.00464	0.00257	0.00817
3	0.02218	0.01077	0.01326	0.01017	0.01424	0.01048	0.00840	0.27230	0.01809	0.53668	0.01787	0.01599	0.01155	0.00638	0.00523	0.00160	0.00486	0.00505	0.00603	0.00886
4	0.00744	0.00558	0.00837	0.00837	0.00930	0.00651	0.00651	0.00930	0.00837	0.01209	0.01395	0.02046	0.01302	0.03906	0.79635	0.00837	0.01395	0.00558	0.00279	0.00465
5	0.00663	0.00498	0.00722	0.00795	0.00849	0.00465	0.04097	0.00770	0.01008	0.01345	0.02784	0.77560	0.03318	0.01575	0.00662	0.00210	0.00329	0.01439	0.00473	0.00436
6	0.00983	0.00926	0.01562	0.80447	0.03587	0.01157	0.01446	0.01331	0.01041	0.01331	0.00926	0.01388	0.00694	0.00521	0.00521	0.00174	0.00694	0.00463	0.00231	0.00579
7	0.00744	0.00557	0.00830	0.00830	0.00921	0.00647	0.00643	0.00926	0.00835	0.01204	0.01401	0.02079	0.01316	0.05820	0.77740	0.00829	0.01373	0.00563	0.00280	0.00461
8	0.01055	0.05125	0.76662	0.01466	0.02226	0.01236	0.01892	0.01646	0.01098	0.01636	0.00928	0.01091	0.00660	0.00493	0.00490	0.00163	0.00763	0.00382	0.00220	0.00767
9	0.01287	0.01187	0.10777	0.00989	0.01483	0.00840	0.05823	0.04196	0.01196	0.12174	0.01099	0.01203	0.00833	0.00446	0.00438	0.00109	0.00479	0.00373	0.00348	0.54720
10	0.17130	0.00887	0.01101	0.02900	0.01291	0.00832	0.00726	0.02244	0.01356	0.58618	0.03543	0.01651	0.01229	0.00621	0.00484	0.00160	0.00431	0.00487	0.03511	0.00797
11	0.01707	0.00895	0.01070	0.00907	0.01199	0.03552	0.00713	0.08606	0.08441	0.40069	0.03935	0.18669	0.06116	0.00899	0.00559	0.00173	0.00425	0.00761	0.00565	0.00740
12	0.04300	0.01125	0.01280	0.01014	0.01370	0.01180	0.00825	0.37164	0.07987	0.23942	0.09712	0.01766	0.01497	0.01848	0.00554	0.00164	0.00476	0.00543	0.02442	0.00812
13	0.00757	0.00505	0.00568	0.00568	0.00568	0.00505	0.00316	0.00757	0.00757	0.01010	0.01641	0.03408	0.01893	0.81698	0.02651	0.00505	0.00505	0.00757	0.00316	0.00316
14	0.85377	0.01007	0.00765	0.00685	0.01007	0.01168	0.00564	0.01531	0.00886	0.02336	0.00725	0.00846	0.00564	0.00483	0.00322	0.00161	0.00403	0.00282	0.00322	0.00564
15	0.00728	0.00525	0.00688	0.00661	0.00776	0.00485	0.00491	0.00960	0.01432	0.02022	0.71599	0.10655	0.04785	0.01114	0.00619	0.00168	0.00251	0.00989	0.00565	0.00485
16	0.00649	0.00529	0.00574	0.00563	0.00724	0.00454	0.00422	0.00812	0.01266	0.01595	0.25358	0.04703	0.58039	0.01249	0.00615	0.00173	0.00259	0.01056	0.00508	0.00454
17	0.01595	0.00792	0.01020	0.00839	0.01121	0.00738	0.00670	0.07840	0.04397	0.37544	0.34088	0.02630	0.02796	0.00822	0.00562	0.00162	0.00369	0.00698	0.00600	0.00717
18	0.01980	0.01459	0.01563	0.01198	0.01615	0.01615	0.00990	0.76713	0.02448	0.03282	0.01250	0.01250	0.00886	0.00625	0.00521	0.00156	0.00573	0.00469	0.00521	0.00886
19	0.14016	0.00775	0.00831	0.00729	0.00974	0.03432	0.00560	0.01231	0.01214	0.06745	0.26568	0.12877	0.07328	0.00867	0.00513	0.00150	0.00347	0.00729	0.00451	0.19664
20	0.05092	0.34081	0.45117	0.01212	0.01832	0.01545	0.01451	0.01608	0.01073	0.01513	0.00841	0.00983	0.00659	0.00475	0.00423	0.00144	0.00668	0.00338	0.00226	0.00720
21	0.01971	0.01340	0.01465	0.01129	0.01529	0.01455	0.00931	0.63948	0.02264	0.12297	0.01370	0.01348	0.00957	0.00627	0.00513	0.00155	0.00541	0.00476	0.04817	0.00865
22	0.01872	0.02354	0.01512	0.04679	0.05674	0.72331	0.01055	0.02024	0.01443	0.01299	0.00819	0.00976	0.00680	0.00532	0.00474	0.00137	0.00912	0.00347	0.00266	0.00614
23	0.00647	0.00526	0.00573	0.00567	0.00724	0.00452	0.00423	0.00806	0.01253	0.01576	0.23571	0.07400	0.57135	0.01266	0.00617	0.00174	0.00261	0.01073	0.00506	0.00452
24	0.01482	0.00986	0.04649	0.00902	0.01204	0.00951	0.00751	0.13621	0.19554	0.19497	0.12698	0.02036	0.01795	0.00702	0.00505	0.00157	0.00404	0.00576	0.16796	0.00732
25	0.00745	0.00552	0.00806	0.00806	0.00888	0.00634	0.00613	0.00910	0.00828	0.01186	0.01423	0.02202	0.01370	0.12823	0.70810	0.00799	0.01293	0.00581	0.00283	0.00448
26	0.01424	0.79319	0.02678	0.00892	0.01336	0.02018	0.00887	0.01592	0.01072	0.03800	0.00768	0.00866	0.00689	0.00452	0.00340	0.00113	0.00553	0.00287	0.00237	0.00676
27	0.01697	0.01418	0.01380	0.02267	0.01501	0.12595	0.00878	0.41785	0.03215	0.03577	0.01154	0.01247	0.00875	0.02033	0.00517	0.00141	0.00570	0.00422	0.02836	0.19891
28	0.01805	0.01361	0.01458	0.01156	0.01537	0.01515	0.00942	0.60168	0.16655	0.03008	0.01469	0.04020	0.01104	0.00674	0.00527	0.00162	0.00534	0.00525	0.00521	0.00859
29	0.85377	0.01007	0.00765	0.00685	0.01007	0.01168	0.00564	0.01531	0.00886	0.02336	0.00725	0.00846	0.00564	0.00483	0.00322	0.00161	0.00403	0.00282	0.00322	0.00564
30	0.01205	0.01138	0.01903	0.15704	0.58551	0.01181	0.01488	0.01552	0.03843	0.01641	0.01125	0.03831	0.00979	0.00548	0.00528	0.00163	0.00610	0.02970	0.00277	0.00761
31	0.00976	0.00916	0.01239	0.07049	0.01315	0.03072	0.00920	0.01098	0.00887	0.01266	0.01381	0.23447	0.01529	0.05410	0.03739	0.00250	0.43932	0.00755	0.00306	0.00514
32	0.00649	0.00464	0.00617	0.00716	0.00758	0.00432	0.00485	0.00760	0.01062	0.01433	0.13172	0.70760	0.03645	0.01554	0.00658	0.00205	0.00294	0.01407	0.00496	0.00432
33	0.00642	0.00460	0.00598	0.00704	0.00740	0.00429	0.00468	0.00728	0.00991	0.01312	0.02910	0.72217	0.07161	0.06999	0.00796	0.00229	0.00314	0.01412	0.00472	0.00417
34	0.02192	0.00960	0.01237	0.00961	0.01352	0.00893	0.00789	0.11251	0.06435	0.63321	0.03675	0.01769	0.01342	0.00656	0.00526	0.00162	0.00452	0.00531	0.00621	0.00873
35	0.16295	0.00930	0.01058	0.00797	0.01219	0.00797	0.00647	0.01673	0.01154	0.22129	0.01188	0.01221	0.00871	0.00471	0.00411	0.00114	0.00404	0.00361	0.00399	0.47862
36	0.04280	0.00889	0.01198	0.00921	0.01322	0.00775	0.00761	0.02514	0.01476	0.77021	0.02023	0.01751	0.01272	0.00641	0.00519	0.00161	0.00442	0.00518	0.00637	0.00879
37	0.00634	0.00453	0.00604	0.00725	0.00755	0.00423	0.00483	0.00725	0.00997	0.01329	0.02870	0.81358	0.03444	0.01632	0.00665	0.00211	0.00302	0.01480	0.00483	0.00423
38	0.01145	0.25514	0.57057	0.01314	0.01990	0.01454	0.01627	0.01623	0.01088	0.01527	0.00874	0.01023	0.00662	0.00481	0.00449	0.00150	0.00708	0.00354	0.00221	0.00740
39	0.01354	0.01362	0.01997	0.15496	0.45674	0.10587	0.08012	0.06187	0.01277	0.01683	0.00973	0.01271	0.00786	0.00490	0.00520	0.00157	0.00689	0.00462	0.00271	0.00751
40	0.00685	0.00500	0.00620	0.00648	0.00729	0.00461	0.00449	0.00824	0.01160	0.01564	0.29657	0.31281	0.15132	0.12777	0.00922	0.00231	0.00305	0.01129	0.00491	0.00434
41	0.48342	0.00982	0.00924	0.00792	0.01112	0.03599	0.00640	0.03912	0.01143	0.23914	0.03033	0.07308	0.01099	0.00635	0.00423	0.00164	0.00426	0.00464	0.00435	0.00653
42	0.00966	0.00582	0.00737	0.00681	0.00851	0.00519	0.00516	0.01166	0.01372	0.14518	0.43411	0.11323	0.19138	0.01103	0.00604	0.00170	0.00287	0.00958	0.00558	0.00539
43	0.00905	0.00452	0.00678	0.00678	0.00678	0.00452	0.00452	0.00678	0.00678	0.00905	0.00905	0.01583	0.00905	0.01809	0.02035	0.84848	0.00452	0.00452	0.00226	0.00226
44	0.01476	0.17019	0.01768	0.01267	0.01448	0.29582	0.01044	0.01607	0.01090	0.01256	0.00735	0.01010	0.00676	0.00689	0.01004	0.00172	0.36935	0.00379	0.00241	0.00601
45	0.00721	0.00524	0.00685	0.00677	0.00786	0.00480	0.00493	0.00927	0.01339	0.01881	0.56433	0.23679	0.04407	0.01189	0.00620	0.00173	0.00265	0.01060	0.00542	0.03118
46	0.01121	0.01066	0.01810	0.45769	0.37193	0.01193	0.01514	0.01451	0.01106	0.01497	0.00950	0.01344	0.00753	0.00495	0.00518	0.00165	0.00660	0.00463	0.00243	0.00689
47	0.01173	0.01294	0.02727	0.15073	0.04748	0.01262	0.60041	0.01583	0.01190	0.01603	0.01084	0.03730	0.00853	0.00488	0.00598	0.00176	0.00824	0.00611	0.00264	0.00677
48	0.80165	0.01007	0.00804	0.00713	0.01028	0.01167	0.00587	0.01556	0.00904	0.04843	0.00768	0.00885	0.00592	0.00501	0.00369	0.00163	0.02746	0.00295	0.00330	0.00575
49	0.00731	0.00591	0.00728	0.07649	0.01025	0.02819	0.00570	0.00900	0.01194	0.01574	0.26167	0.34939	0.16623	0.01274	0.00622	0.00185	0.00331	0.01126	0.00483	0.00466
50	0.01076	0.00615	0.00655	0.00578	0.00778	0.00580	0.00447	0.04768	0.01165	0.04220	0.01561	0.01763	0.01220	0.00572	0.00380	0.00117	0.00287	0.00457	0.64340	0.14423
51	0.01491	0.01193	0.01250	0.01055	0.01367	0.04074	0.00837	0.28235	0.35824	0.03866	0.13247	0.01957	0.01808	0.00725	0.00537	0.00166	0.00462	0.00590	0.00526	0.00789
52	0.01303	0.01212	0.03097	0.02492	0.53028	0.04380	0.01359	0.03906	0.01227	0.05291	0.05998	0.05376	0.01216	0.00613	0.00625	0.00164	0.07103	0.00540	0.00312	0.00758
53	0.01473	0.01215	0.01207	0.01052	0.01348	0.08146	0.00820	0.15279	0.44541	0.07252	0.01961	0.05125	0.03855	0.03581	0.00605	0.00181	0.00483	0.00600	0.00502	0.00773
54	0.00662	0.00465	0.00596	0.00689	0.00713	0.00442	0.00445	0.00732	0.00943	0.01257	0.02591	0.63657	0.03092	0.19813	0.01116	0.00278	0.00348	0.01316	0.00445	0.00399
55	0.01756	0.01130	0.03499	0.01017	0.01374	0.02469	0.00840	0.21509	0.20254	0.28071	0.08166	0.01930	0.04175	0.00706	0.00533	0.00164	0.00465	0.00572	0.00554	0.00815
56	0.01069	0.00917	0.01059	0.00774	0.01215	0.00712	0.00617	0.01357	0.04836	0.01707	0.01186	0.01304	0.04402	0.00445	0.00403	0.00087	0.00381	0.00359	0.00328	0.76842
57	0.01799	0.01317	0.01408	0.01110	0.01491	0.03617	0.00902	0.53250	0.07825	0.08261	0.01442	0.06520	0.01119	0.00678	0.00520	0.00155	0.00531	0.00532	0.00505	0.07018

[dist]
# distance from previous block
# <min> <max>
1	11

[block]
# block no. 1 follows, 47 sequences, length 11
# corresponding to MSA columns:
# 132-142
name=unknown_B
#
# <colnr> <probs for GDERKNQSTAVLIFYWHMCP>
#	G	D	E	R	K	N	Q	S	T	A	V	L	I	F	Y	W	H	M	C	P
0	0.51630	0.01039	0.00966	0.00811	0.01141	0.01149	0.00664	0.16588	0.01320	0.10763	0.08418	0.01319	0.01125	0.00585	0.00412	0.00160	0.00426	0.00409	0.00421	0.00656
1	0.01357	0.01049	0.01270	0.01085	0.06516	0.01004	0.00807	0.14950	0.06842	0.08111	0.01203	0.02929	0.00973	0.02714	0.00610	0.00136	0.06767	0.00432	0.00383	0.40860
2	0.01674	0.01284	0.01489	0.13831	0.01857	0.01445	0.01027	0.53749	0.04335	0.02718	0.01287	0.05734	0.01009	0.00672	0.00571	0.00164	0.03573	0.00524	0.00457	0.02601
3	0.00901	0.00663	0.00800	0.03736	0.01013	0.03015	0.00573	0.01047	0.01102	0.07029	0.07342	0.44516	0.06826	0.02772	0.00625	0.00180	0.00360	0.01051	0.00449	0.15999
4	0.01908	0.00858	0.01114	0.00915	0.01239	0.00794	0.00730	0.07751	0.06196	0.53064	0.02160	0.17478	0.01704	0.00842	0.00552	0.00172	0.00423	0.00713	0.00596	0.00791
5	0.00725	0.00532	0.00680	0.00643	0.00771	0.00486	0.00482	0.00960	0.01447	0.02023	0.71168	0.03998	0.11962	0.01089	0.00614	0.00165	0.00247	0.00957	0.00565	0.00486
6	0.01397	0.01169	0.01235	0.01080	0.01393	0.01343	0.00849	0.13771	0.66340	0.02343	0.01990	0.01840	0.01485	0.00694	0.00529	0.00174	0.00436	0.00571	0.00529	0.00833
7	0.01820	0.01179	0.01305	0.01026	0.01380	0.01265	0.00840	0.50303	0.02021	0.14302	0.01450	0.01472	0.01036	0.00747	0.03442	0.00177	0.00530	0.00483	0.14417	0.00804
8	0.00651	0.00523	0.00582	0.00589	0.00736	0.00454	0.00439	0.00806	0.01230	0.01552	0.20897	0.13096	0.51885	0.01301	0.00624	0.00179	0.00270	0.03233	0.00503	0.00450
9	0.02104	0.00992	0.01366	0.01047	0.01445	0.00924	0.06250	0.11877	0.04660	0.57398	0.04988	0.01773	0.01362	0.00647	0.00534	0.00162	0.00482	0.00543	0.00594	0.00854
10	0.01819	0.01232	0.01404	0.06814	0.01620	0.01341	0.00932	0.48287	0.08305	0.14116	0.02909	0.01476	0.01082	0.00669	0.00563	0.02585	0.00530	0.00496	0.03001	0.00820

[dist]
# distance from previous block
# <min> <max>
1	8

[block]
# block no. 2 follows, 47 sequences, length 42
# corresponding to MSA columns:
# 151-192
name=unknown_C
#
# <colnr> <probs for GDERKNQSTAVLIFYWHMCP>
#	G	D	E	R	K	N	Q	S	T	A	V	L	I	F	Y	W	H	M	C	P
0	0.06177	0.05585	0.01483	0.01093	0.01489	0.01458	0.00906	0.52818	0.07287	0.11636	0.01479	0.01438	0.03491	0.00639	0.00505	0.00157	0.00527	0.00484	0.00508	0.00839
1	0.01914	0.01420	0.01522	0.01181	0.01583	0.01573	0.00970	0.71019	0.06680	0.03181	0.01332	0.02867	0.00976	0.00650	0.00524	0.00159	0.00559	0.00496	0.00521	0.00873
2	0.01176	0.00892	0.01126	0.03041	0.03773	0.00935	0.03752	0.27915	0.01539	0.02060	0.02106	0.42170	0.02255	0.01152	0.00605	0.00189	0.00448	0.03774	0.00474	0.00618
3	0.00763	0.00549	0.00642	0.00608	0.00771	0.00481	0.00460	0.00952	0.01337	0.05826	0.38989	0.04319	0.40079	0.01165	0.00610	0.00169	0.00265	0.00995	0.00534	0.00487
4	0.02336	0.00886	0.01209	0.00927	0.01329	0.00765	0.00765	0.02538	0.01491	0.78810	0.02055	0.01773	0.01289	0.00645	0.00524	0.00161	0.00443	0.00524	0.00645	0.00886
5	0.04191	0.01224	0.01330	0.01055	0.01403	0.01335	0.00859	0.53209	0.06147	0.05216	0.14730	0.01769	0.01639	0.00702	0.00528	0.00158	0.00490	0.00554	0.02669	0.00794
6	0.85377	0.01007	0.00765	0.00685	0.01007	0.01168	0.00564	0.01531	0.00886	0.02336	0.00725	0.00846	0.00564	0.00483	0.00322	0.00161	0.00403	0.00282	0.00322	0.00564
7	0.00857	0.00724	0.01053	0.00988	0.01055	0.00920	0.00790	0.01022	0.00826	0.01222	0.01192	0.01787	0.01125	0.03051	0.57396	0.00663	0.24040	0.00529	0.00264	0.00495
8	0.06931	0.03608	0.01297	0.01032	0.04833	0.00905	0.00810	0.07058	0.01488	0.63700	0.01836	0.01635	0.01181	0.00619	0.00506	0.00159	0.00461	0.00496	0.00587	0.00858
9	0.01397	0.73666	0.05709	0.00965	0.01419	0.05110	0.02834	0.01586	0.01081	0.01255	0.00744	0.00864	0.00671	0.00451	0.00353	0.00116	0.00589	0.00293	0.00225	0.00671
10	0.85377	0.01007	0.00765	0.00685	0.01007	0.01168	0.00564	0.01531	0.00886	0.02336	0.00725	0.00846	0.00564	0.00483	0.00322	0.00161	0.00403	0.00282	0.00322	0.00564
11	0.01875	0.01387	0.01501	0.02752	0.01611	0.01540	0.00970	0.63168	0.12703	0.05015	0.01384	0.01361	0.00989	0.00635	0.00522	0.00160	0.00550	0.00487	0.00520	0.00871
12	0.00622	0.00525	0.00539	0.00541	0.00709	0.00442	0.00404	0.00759	0.01196	0.01440	0.09008	0.07453	0.71956	0.01316	0.00617	0.00176	0.00264	0.01103	0.00488	0.00442
13	0.00983	0.00926	0.01562	0.80447	0.03587	0.01157	0.01446	0.01331	0.01041	0.01331	0.00926	0.01388	0.00694	0.00521	0.00521	0.00174	0.00694	0.00463	0.00231	0.00579
14	0.00626	0.00507	0.00557	0.00589	0.00721	0.00437	0.00425	0.00752	0.01147	0.01416	0.07910	0.26448	0.53857	0.01395	0.00629	0.00185	0.00274	0.01199	0.00488	0.00437
15	0.00905	0.00452	0.00678	0.00678	0.00678	0.00452	0.00452	0.00678	0.00678	0.00905	0.00905	0.01583	0.00905	0.01809	0.02035	0.84848	0.00452	0.00452	0.00226	0.00226
16	0.01392	0.82012	0.02729	0.00891	0.01337	0.02061	0.00891	0.01559	0.01058	0.01225	0.00724	0.00835	0.00668	0.00446	0.00334	0.00111	0.00557	0.00278	0.00223	0.00668
17	0.03085	0.00893	0.00998	0.00848	0.01110	0.00929	0.00670	0.22837	0.07952	0.13731	0.02165	0.07234	0.11390	0.03546	0.04803	0.00206	0.00460	0.00647	0.15822	0.00673
18	0.02572	0.16768	0.43183	0.01198	0.01766	0.01298	0.01386	0.09791	0.01282	0.01801	0.09682	0.01536	0.04393	0.00598	0.00484	0.00154	0.00623	0.00464	0.00306	0.00716
19	0.01265	0.01191	0.01915	0.11599	0.53094	0.01259	0.03250	0.03472	0.11734	0.01746	0.01129	0.01388	0.00912	0.00522	0.00560	0.00163	0.03234	0.00485	0.00298	0.00787
20	0.82943	0.01004	0.00778	0.00692	0.01017	0.01156	0.00570	0.01560	0.00904	0.04578	0.00764	0.00873	0.00585	0.00488	0.00328	0.00161	0.00404	0.00289	0.00332	0.00573
21	0.03351	0.01016	0.01126	0.00966	0.01278	0.01088	0.00769	0.11512	0.38407	0.18152	0.02414	0.02314	0.11891	0.00780	0.00539	0.00172	0.00420	0.02488	0.00541	0.00778
22	0.00971	0.00508	0.00541	0.04589	0.00760	0.00520	0.00420	0.01219	0.01089	0.01910	0.01659	0.01913	0.01302	0.00602	0.00372	0.00124	0.00266	0.00484	0.80260	0.00490
23	0.01036	0.04436	0.69895	0.01430	0.02141	0.01183	0.03597	0.01601	0.01128	0.01670	0.06286	0.01294	0.00958	0.00532	0.00502	0.00164	0.00731	0.00426	0.00246	0.00746
24	0.01445	0.00971	0.01130	0.05046	0.01378	0.01053	0.00801	0.04778	0.41932	0.18429	0.07527	0.02175	0.01748	0.00735	0.00534	0.00172	0.00421	0.03963	0.04994	0.00769
25	0.05671	0.01128	0.01148	0.01026	0.01319	0.04364	0.00800	0.02582	0.62712	0.06541	0.05447	0.01925	0.01634	0.00701	0.00520	0.00173	0.00427	0.00575	0.00517	0.00791
26	0.00654	0.00466	0.00620	0.00736	0.00771	0.00439	0.00503	0.00752	0.01002	0.01333	0.02813	0.72739	0.03350	0.04830	0.00748	0.00225	0.00323	0.06796	0.00476	0.00423
27	0.01680	0.02023	0.01497	0.05472	0.05714	0.54186	0.01058	0.01895	0.04792	0.01360	0.02937	0.01135	0.00838	0.00609	0.00665	0.00154	0.12697	0.00394	0.00280	0.00616
28	0.73396	0.01054	0.00859	0.00751	0.01080	0.01215	0.00616	0.08380	0.05088	0.02413	0.00846	0.00941	0.00647	0.00508	0.00351	0.00162	0.00419	0.00315	0.00351	0.00607
29	0.01139	0.01139	0.01595	0.01367	0.01367	0.01595	0.01139	0.01253	0.00798	0.01253	0.00684	0.01139	0.00684	0.00911	0.01709	0.00228	0.80745	0.00456	0.00228	0.00570
30	0.01204	0.01219	0.05054	0.22087	0.57028	0.01217	0.01574	0.01535	0.01147	0.01608	0.00965	0.01306	0.00786	0.00479	0.00516	0.00160	0.00643	0.00461	0.00250	0.00762
31	0.58709	0.01145	0.01037	0.00909	0.03503	0.01300	0.00718	0.23302	0.01348	0.02591	0.00885	0.00976	0.00665	0.00524	0.00386	0.00160	0.00459	0.00342	0.00378	0.00665
32	0.02336	0.00886	0.01209	0.00927	0.01329	0.00765	0.00765	0.02538	0.01491	0.78810	0.02055	0.01773	0.01289	0.00645	0.00524	0.00161	0.00443	0.00524	0.00645	0.00886
33	0.01102	0.00657	0.00842	0.00747	0.00941	0.00622	0.00577	0.01457	0.08764	0.17042	0.56059	0.03291	0.03889	0.00948	0.00589	0.00165	0.00300	0.00827	0.00583	0.00600
34	0.01456	0.01199	0.01268	0.01092	0.01416	0.01371	0.00863	0.20174	0.59840	0.02438	0.01915	0.01780	0.01424	0.00687	0.00528	0.00172	0.00450	0.00561	0.00528	0.00839
35	0.02045	0.00817	0.01097	0.00864	0.01215	0.00712	0.00705	0.02252	0.01461	0.64331	0.10794	0.02092	0.03344	0.00705	0.00528	0.00160	0.00406	0.00582	0.05082	0.00810
36	0.00650	0.00469	0.00618	0.00733	0.00770	0.00444	0.00492	0.00774	0.02834	0.01350	0.02852	0.79452	0.03400	0.01609	0.00661	0.00211	0.00305	0.01459	0.00485	0.00433
37	0.01021	0.00889	0.01474	0.70681	0.03266	0.01084	0.01341	0.01345	0.01071	0.04870	0.03073	0.05574	0.00971	0.00597	0.00531	0.00175	0.00651	0.00530	0.00272	0.00582
38	0.00748	0.00543	0.00759	0.00759	0.00825	0.00609	0.00554	0.00880	0.00814	0.01151	0.01466	0.02439	0.01473	0.26388	0.57386	0.00741	0.01138	0.00616	0.00290	0.00422
39	0.11465	0.04505	0.01424	0.01215	0.01516	0.56327	0.00936	0.08950	0.01487	0.06286	0.00911	0.01005	0.00716	0.00543	0.00457	0.00140	0.00803	0.00351	0.00319	0.00644
40	0.01288	0.01249	0.01865	0.03662	0.53246	0.05609	0.02466	0.02848	0.01186	0.01678	0.00952	0.01227	0.00799	0.00477	0.00544	0.00143	0.04144	0.00431	0.00270	0.15915
41	0.01207	0.00974	0.00994	0.00920	0.01118	0.08935	0.00690	0.16839	0.09031	0.05289	0.08921	0.35078	0.03640	0.01090	0.00583	0.00178	0.00437	0.00941	0.00484	0.02651

[dist]
# distance from previous block
# <min> <max>
0	1

[block]
# block no. 3 follows, 47 sequences, length 102
# corresponding to MSA columns:
# 194-295
name=unknown_D
#
# <colnr> <probs for GDERKNQSTAVLIFYWHMCP>
#	G	D	E	R	K	N	Q	S	T	A	V	L	I	F	Y	W	H	M	C	P
0	0.81873	0.01008	0.00779	0.00693	0.01014	0.01167	0.00570	0.03311	0.00927	0.02352	0.00755	0.00875	0.00586	0.00489	0.00328	0.00160	0.00404	0.00290	0.01847	0.00570
1	0.02039	0.01363	0.01504	0.01153	0.01567	0.01474	0.00952	0.64368	0.02289	0.15853	0.01384	0.01337	0.00953	0.00628	0.00521	0.00157	0.00551	0.00478	0.00542	0.00886
2	0.00819	0.00598	0.00769	0.00838	0.02463	0.00588	0.00603	0.07872	0.01228	0.01647	0.12409	0.47559	0.04995	0.02899	0.00686	0.00208	0.00356	0.12485	0.00490	0.00490
3	0.00636	0.00457	0.00601	0.00715	0.00750	0.00425	0.00477	0.00727	0.01000	0.01326	0.02939	0.76983	0.06273	0.03117	0.00700	0.00216	0.00304	0.01452	0.00480	0.00422
4	0.02307	0.00880	0.01199	0.00922	0.01319	0.00760	0.00760	0.02510	0.01490	0.77412	0.03442	0.01811	0.01355	0.00652	0.00525	0.00161	0.00440	0.00531	0.00643	0.00879
5	0.01940	0.01439	0.01541	0.01190	0.01600	0.01597	0.00980	0.72450	0.06776	0.03218	0.01300	0.01290	0.00926	0.00630	0.00521	0.00157	0.00564	0.00476	0.00521	0.00882
6	0.85377	0.01007	0.00765	0.00685	0.01007	0.01168	0.00564	0.01531	0.00886	0.02336	0.00725	0.00846	0.00564	0.00483	0.00322	0.00161	0.00403	0.00282	0.00322	0.00564
7	0.10087	0.01415	0.01485	0.01148	0.01556	0.01572	0.00948	0.69404	0.02297	0.03190	0.01199	0.01211	0.00854	0.00611	0.00502	0.00157	0.00557	0.00451	0.00502	0.00854
8	0.01325	0.01304	0.02009	0.04556	0.67643	0.06243	0.01514	0.01689	0.05510	0.01693	0.01032	0.01306	0.00856	0.00484	0.00514	0.00155	0.00629	0.00463	0.00273	0.00806
9	0.01392	0.82012	0.02729	0.00891	0.01337	0.02061	0.00891	0.01559	0.01058	0.01225	0.00724	0.00835	0.00668	0.00446	0.00334	0.00111	0.00557	0.00278	0.00223	0.00668
10	0.01544	0.03300	0.01258	0.01201	0.06232	0.39783	0.00860	0.01973	0.16082	0.01628	0.01273	0.01383	0.01010	0.00579	0.00457	0.00140	0.00650	0.00426	0.19587	0.00635
11	0.01392	0.82012	0.02729	0.00891	0.01337	0.02061	0.00891	0.01559	0.01058	0.01225	0.00724	0.00835	0.00668	0.00446	0.00334	0.00111	0.00557	0.00278	0.00223	0.00668
12	0.00664	0.00529	0.00595	0.00578	0.00733	0.00460	0.00434	0.00841	0.01302	0.01679	0.34371	0.04564	0.48973	0.01217	0.00615	0.00171	0.00257	0.01036	0.00519	0.00460
13	0.00625	0.00530	0.00540	0.00543	0.00716	0.00445	0.00411	0.00762	0.01194	0.01426	0.06775	0.05013	0.74438	0.01317	0.00619	0.00177	0.00270	0.03272	0.00485	0.00442
14	0.00661	0.00476	0.00626	0.00701	0.00760	0.00441	0.00483	0.00793	0.01127	0.01529	0.22520	0.58950	0.06048	0.01475	0.00650	0.00198	0.00286	0.01329	0.00507	0.00441
15	0.00905	0.00452	0.00678	0.00678	0.00678	0.00452	0.00452	0.00678	0.00678	0.00905	0.00905	0.01583	0.00905	0.01809	0.02035	0.84848	0.00452	0.00452	0.00226	0.00226
16	0.01392	0.82012	0.02729	0.00891	0.01337	0.02061	0.00891	0.01559	0.01058	0.01225	0.00724	0.00835	0.00668	0.00446	0.00334	0.00111	0.00557	0.00278	0.00223	0.00668
17	0.00921	0.00600	0.00773	0.00704	0.00864	0.00564	0.00537	0.01234	0.05860	0.09393	0.66548	0.03576	0.04377	0.01004	0.00601	0.00164	0.00274	0.00882	0.00578	0.00548
18	0.00727	0.00530	0.00684	0.00650	0.00773	0.00486	0.00486	0.00962	0.01444	0.02028	0.71912	0.06253	0.08920	0.01096	0.00616	0.00166	0.00248	0.00966	0.00566	0.00486
19	0.62636	0.00974	0.00887	0.00751	0.01095	0.01058	0.00619	0.01807	0.01052	0.23279	0.01089	0.01100	0.00763	0.00528	0.00377	0.00161	0.00414	0.00348	0.00411	0.00652
20	0.01072	0.02498	0.67494	0.01592	0.02325	0.01226	0.13234	0.01652	0.01119	0.01652	0.00953	0.01146	0.00679	0.00486	0.00513	0.00167	0.00786	0.00420	0.00226	0.00759
21	0.01654	0.01115	0.01202	0.01013	0.01341	0.04841	0.00805	0.12694	0.35951	0.23494	0.03763	0.01990	0.06331	0.00717	0.00531	0.00167	0.00455	0.00582	0.00546	0.00808
22	0.79989	0.01002	0.00816	0.05777	0.01172	0.01168	0.00620	0.01518	0.00896	0.02272	0.00738	0.00881	0.00572	0.00486	0.00335	0.00162	0.00421	0.00294	0.00316	0.00565
23	0.00642	0.00464	0.00608	0.00718	0.00762	0.00431	0.00488	0.00743	0.01026	0.01359	0.04750	0.72481	0.08240	0.01593	0.00662	0.00209	0.00304	0.03609	0.00485	0.00427
24	0.00755	0.00514	0.00614	0.00614	0.00630	0.00530	0.00373	0.00787	0.00771	0.01044	0.01599	0.03176	0.01793	0.68450	0.15761	0.00561	0.00656	0.00723	0.00309	0.00341
25	0.01032	0.00924	0.01493	0.71395	0.03298	0.01137	0.01354	0.05077	0.01115	0.01467	0.00991	0.01417	0.00745	0.00531	0.00511	0.00169	0.00659	0.00465	0.05632	0.00588
26	0.00634	0.00453	0.00604	0.00725	0.00755	0.00423	0.00483	0.00725	0.00997	0.01329	0.02870	0.81358	0.03444	0.01632	0.00665	0.00211	0.00302	0.01480	0.00483	0.00423
27	0.01043	0.01009	0.01729	0.60389	0.09744	0.01217	0.07212	0.01372	0.01045	0.01381	0.00917	0.01358	0.00712	0.00546	0.00639	0.00177	0.08190	0.00474	0.00236	0.00608
28	0.85377	0.01007	0.00765	0.00685	0.01007	0.01168	0.00564	0.01531	0.00886	0.02336	0.00725	0.00846	0.00564	0.00483	0.00322	0.00161	0.00403	0.00282	0.00322	0.00564
29	0.01139	0.01139	0.01595	0.01367	0.01367	0.01595	0.01139	0.01253	0.00798	0.01253	0.00684	0.01139	0.00684	0.00911	0.01709	0.00228	0.80745	0.00456	0.00228	0.00570
30	0.01003	0.00938	0.01537	0.75378	0.03444	0.01166	0.01407	0.01422	0.05923	0.01385	0.01002	0.01424	0.00751	0.00533	0.00521	0.00174	0.00676	0.00471	0.00250	0.00594
31	0.03897	0.78070	0.02646	0.00894	0.01332	0.03531	0.00884	0.01569	0.01061	0.01259	0.00726	0.00838	0.00665	0.00448	0.00336	0.00113	0.00560	0.00280	0.00227	0.00664
32	0.01229	0.01405	0.03073	0.02195	0.02722	0.01317	0.76558	0.01668	0.01229	0.01668	0.01054	0.01405	0.00790	0.00439	0.00615	0.00176	0.00878	0.00615	0.00263	0.00702
33	0.00733	0.00532	0.00691	0.00651	0.00776	0.00490	0.00488	0.00976	0.01465	0.02067	0.75946	0.03924	0.07156	0.01072	0.00614	0.00164	0.00246	0.00947	0.00571	0.00490
34	0.01307	0.01143	0.01183	0.01065	0.01359	0.02700	0.00828	0.02755	0.76146	0.02162	0.02096	0.01925	0.01573	0.00703	0.00529	0.00176	0.00422	0.00584	0.00525	0.00820
35	0.04869	0.78659	0.02648	0.00883	0.01323	0.02024	0.00878	0.01558	0.01051	0.01271	0.00724	0.00836	0.00664	0.00447	0.00334	0.00113	0.00551	0.00279	0.00227	0.00664
36	0.00661	0.00474	0.00628	0.00707	0.00761	0.00441	0.00485	0.00792	0.01121	0.01526	0.22372	0.61297	0.03825	0.01485	0.00652	0.00199	0.00288	0.01341	0.00507	0.00441
37	0.00845	0.00550	0.00724	0.00683	0.00816	0.00504	0.00511	0.01071	0.01425	0.07688	0.64629	0.11873	0.04491	0.01093	0.00613	0.00169	0.00266	0.00967	0.00569	0.00513
38	0.00757	0.00505	0.00568	0.00568	0.00568	0.00505	0.00316	0.00757	0.00757	0.01010	0.01641	0.03408	0.01893	0.81698	0.02651	0.00505	0.00505	0.00757	0.00316	0.00316
39	0.00633	0.00457	0.00600	0.00714	0.00752	0.00424	0.00478	0.00726	0.01008	0.01334	0.03009	0.76956	0.07757	0.01613	0.00662	0.00209	0.00300	0.01458	0.00483	0.00424
40	0.01349	0.55132	0.19323	0.01061	0.01558	0.07125	0.01123	0.01675	0.04903	0.01369	0.00845	0.00956	0.00712	0.00476	0.00388	0.00128	0.00623	0.00321	0.00241	0.00694
41	0.04388	0.02941	0.01559	0.05742	0.05505	0.06025	0.01016	0.57825	0.02128	0.04609	0.01192	0.01268	0.00871	0.01886	0.00542	0.00161	0.00594	0.00457	0.00465	0.00826
42	0.66860	0.07406	0.01011	0.00757	0.01102	0.01248	0.00636	0.07556	0.01062	0.07207	0.00852	0.00936	0.00644	0.00502	0.00352	0.00157	0.00431	0.00312	0.00351	0.00618
43	0.01376	0.01408	0.02013	0.04374	0.66132	0.12375	0.01511	0.01662	0.01224	0.01634	0.00954	0.01241	0.00801	0.00475	0.00509	0.00152	0.00666	0.00446	0.00259	0.00789
44	0.01274	0.01222	0.02086	0.07043	0.74722	0.01233	0.01591	0.01585	0.01179	0.01683	0.00977	0.01294	0.00818	0.00467	0.00516	0.00156	0.00622	0.00464	0.00256	0.00813
45	0.00634	0.00453	0.00604	0.00725	0.00755	0.00423	0.00483	0.00725	0.00997	0.01329	0.02870	0.81358	0.03444	0.01632	0.00665	0.00211	0.00302	0.01480	0.00483	0.00423
46	0.00764	0.00535	0.00701	0.00665	0.00788	0.00493	0.00497	0.01000	0.01447	0.03613	0.72277	0.08313	0.04755	0.01089	0.00615	0.00166	0.00253	0.00964	0.00570	0.00496
47	0.01786	0.01362	0.01454	0.01159	0.01541	0.01524	0.00943	0.55782	0.23695	0.02970	0.01496	0.01446	0.01085	0.00648	0.00523	0.00162	0.00528	0.00503	0.00523	0.00868
48	0.06372	0.01026	0.01098	0.00887	0.01193	0.01096	0.00720	0.37489	0.01774	0.11270	0.01469	0.01530	0.01071	0.00613	0.00455	0.00145	0.00432	0.00470	0.30163	0.00726
49	0.01923	0.01404	0.01502	0.01158	0.01558	0.01551	0.00954	0.72452	0.02372	0.03206	0.01276	0.01289	0.00911	0.00624	0.00512	0.00154	0.00554	0.00470	0.05266	0.00863
50	0.01289	0.01237	0.02114	0.03196	0.78450	0.01237	0.01598	0.01598	0.01186	0.01701	0.00980	0.01289	0.00825	0.00464	0.00516	0.00155	0.00619	0.00464	0.00258	0.00825
51	0.01392	0.82012	0.02729	0.00891	0.01337	0.02061	0.00891	0.01559	0.01058	0.01225	0.00724	0.00835	0.00668	0.00446	0.00334	0.00111	0.00557	0.00278	0.00223	0.00668
52	0.01290	0.01218	0.01960	0.02846	0.65813	0.01247	0.01471	0.01790	0.13695	0.01780	0.01166	0.01396	0.00950	0.00504	0.00518	0.00158	0.00585	0.00484	0.00302	0.00825
53	0.00775	0.00544	0.00648	0.00638	0.00646	0.00576	0.00393	0.00798	0.00771	0.01047	0.01596	0.04995	0.01814	0.69112	0.08641	0.00509	0.05100	0.00741	0.00312	0.00344
54	0.00674	0.00497	0.00635	0.00698	0.00781	0.00457	0.00502	0.00822	0.01160	0.01545	0.21442	0.44108	0.15488	0.01429	0.00650	0.00197	0.00298	0.07668	0.00505	0.00447
55	0.01009	0.00952	0.01608	0.73943	0.09889	0.01164	0.01459	0.01353	0.01053	0.01362	0.00930	0.01380	0.00705	0.00516	0.00520	0.00172	0.00688	0.00463	0.00234	0.00599
56	0.00770	0.00540	0.00707	0.00661	0.00789	0.00497	0.00497	0.01015	0.01474	0.03671	0.76605	0.03846	0.04839	0.01056	0.00612	0.00164	0.00250	0.00933	0.00575	0.00500
57	0.00905	0.00452	0.00678	0.00678	0.00678	0.00452	0.00452	0.00678	0.00678	0.00905	0.00905	0.01583	0.00905	0.01809	0.02035	0.84848	0.00452	0.00452	0.00226	0.00226
58	0.01405	0.80197	0.02700	0.00901	0.01343	0.03830	0.00894	0.01571	0.01068	0.01226	0.00726	0.00838	0.00668	0.00448	0.00337	0.00112	0.00566	0.00280	0.00224	0.00667
59	0.00633	0.00459	0.00598	0.00710	0.00751	0.00424	0.00477	0.00727	0.01012	0.01335	0.03054	0.75531	0.09153	0.01608	0.00661	0.00209	0.00299	0.01451	0.00483	0.00424
60	0.01203	0.34746	0.38692	0.01277	0.01852	0.01586	0.05758	0.01589	0.01071	0.01453	0.00840	0.01012	0.00672	0.00498	0.00514	0.00148	0.05796	0.00359	0.00224	0.00712
61	0.01261	0.01079	0.01152	0.01052	0.01333	0.01242	0.00825	0.02639	0.71695	0.02131	0.02168	0.02242	0.01697	0.00762	0.00544	0.00181	0.00417	0.06254	0.00526	0.00798
62	0.06602	0.01379	0.02926	0.02098	0.02612	0.01307	0.71706	0.01659	0.01207	0.01711	0.01033	0.01369	0.00776	0.00442	0.00596	0.00175	0.00848	0.00593	0.00267	0.00694
63	0.01349	0.01244	0.01562	0.01322	0.01407	0.06530	0.01093	0.09397	0.01056	0.05942	0.00831	0.01175	0.00739	0.00842	0.01435	0.00210	0.62502	0.00453	0.00286	0.00624
64	0.00971	0.00485	0.00485	0.00485	0.00607	0.00485	0.00364	0.01213	0.01092	0.01942	0.01699	0.01942	0.01335	0.00607	0.00364	0.00121	0.00243	0.00485	0.84589	0.00485
65	0.00780	0.00569	0.00757	0.00824	0.00940	0.00553	0.00674	0.01020	0.02886	0.01660	0.21418	0.15282	0.09030	0.01348	0.00675	0.00211	0.00381	0.40007	0.00504	0.00479
66	0.01229	0.01405	0.03073	0.02195	0.02722	0.01317	0.76558	0.01668	0.01229	0.01668	0.01054	0.01405	0.00790	0.00439	0.00615	0.00176	0.00878	0.00615	0.00263	0.00702
67	0.00777	0.00672	0.00721	0.05149	0.01001	0.00657	0.00544	0.01199	0.16989	0.01562	0.04376	0.04172	0.57983	0.01147	0.00592	0.00176	0.00319	0.00957	0.00479	0.00527
68	0.00681	0.00530	0.00618	0.00596	0.00744	0.00467	0.00447	0.00874	0.01341	0.01773	0.44484	0.04408	0.38802	0.01182	0.00615	0.00169	0.00254	0.01014	0.00532	0.00467
69	0.25878	0.01149	0.01164	0.00944	0.01277	0.01268	0.00770	0.40291	0.01808	0.02777	0.15991	0.01644	0.01572	0.00669	0.00482	0.00159	0.00460	0.00506	0.00474	0.00716
70	0.75861	0.01059	0.00856	0.00743	0.01076	0.01219	0.00613	0.10110	0.01065	0.02444	0.00785	0.00892	0.00601	0.00500	0.00345	0.00161	0.00422	0.00303	0.00345	0.00601
71	0.01139	0.01139	0.01595	0.01367	0.01367	0.01595	0.01139	0.01253	0.00798	0.01253	0.00684	0.01139	0.00684	0.00911	0.01709	0.00228	0.80745	0.00456	0.00228	0.00570
72	0.01076	0.01055	0.01582	0.21882	0.01955	0.01413	0.03410	0.01265	0.00876	0.01283	0.00803	0.01270	0.00729	0.00987	0.06344	0.00251	0.52549	0.00469	0.00233	0.00569
73	0.05992	0.01366	0.01444	0.01144	0.01531	0.01527	0.00935	0.57764	0.17805	0.03008	0.01403	0.01373	0.01014	0.00635	0.00513	0.00161	0.00531	0.00484	0.00513	0.00857
74	0.01117	0.02592	0.74609	0.01453	0.02202	0.01184	0.01859	0.01699	0.01122	0.06005	0.00998	0.01137	0.00695	0.00503	0.00496	0.00165	0.00751	0.00393	0.00244	0.00776
75	0.00653	0.00529	0.00579	0.00567	0.00726	0.00456	0.00425	0.00820	0.01275	0.01616	0.27668	0.04667	0.55716	0.01241	0.00615	0.00172	0.00258	0.01051	0.00511	0.00456
76	0.00905	0.00452	0.00678	0.00678	0.00678	0.00452	0.00452	0.00678	0.00678	0.00905	0.00905	0.01583	0.00905	0.01809	0.02035	0.84848	0.00452	0.00452	0.00226	0.00226
77	0.02000	0.01426	0.01543	0.01183	0.01599	0.01567	0.00977	0.72526	0.02394	0.07545	0.01296	0.01280	0.00908	0.00626	0.00521	0.00157	0.00566	0.00472	0.00528	0.00886
78	0.00659	0.00506	0.00609	0.00668	0.00774	0.00455	0.00490	0.00796	0.01134	0.01448	0.10000	0.36327	0.32921	0.01440	0.00647	0.00197	0.00303	0.09694	0.00490	0.00442
79	0.01392	0.82012	0.02729	0.00891	0.01337	0.02061	0.00891	0.01559	0.01058	0.01225	0.00724	0.00835	0.00668	0.00446	0.00334	0.00111	0.00557	0.00278	0.00223	0.00668
80	0.00874	0.00611	0.00736	0.00676	0.00847	0.00569	0.00516	0.03687	0.04728	0.06822	0.48703	0.03869	0.23235	0.01073	0.00602	0.00167	0.00281	0.00924	0.00551	0.00531
81	0.01420	0.78051	0.02666	0.00914	0.01350	0.05922	0.00897	0.01585	0.01079	0.01228	0.00728	0.00841	0.00668	0.00450	0.00341	0.00113	0.00576	0.00281	0.00225	0.00665
82	0.01090	0.00974	0.01107	0.00825	0.01243	0.04617	0.02428	0.01318	0.01126	0.01688	0.05919	0.03901	0.01119	0.00479	0.00419	0.00092	0.00413	0.00396	0.00328	0.70518
83	0.01314	0.09366	0.43178	0.01394	0.05473	0.03650	0.01482	0.19559	0.01428	0.01975	0.01101	0.05743	0.00883	0.00587	0.00497	0.00159	0.00674	0.00461	0.00311	0.00766
84	0.01062	0.06644	0.75202	0.01455	0.02208	0.01252	0.01873	0.01645	0.01097	0.01628	0.00924	0.01086	0.00660	0.00492	0.00487	0.00162	0.00759	0.00380	0.00220	0.00765
85	0.01033	0.00971	0.01596	0.66788	0.10539	0.01185	0.01421	0.01425	0.04856	0.01406	0.00983	0.01399	0.00751	0.00536	0.00556	0.00174	0.03051	0.00469	0.00249	0.00614
86	0.00774	0.00574	0.00781	0.00766	0.00817	0.00654	0.00551	0.00883	0.00803	0.01134	0.01445	0.02519	0.01493	0.34033	0.44656	0.00669	0.06114	0.00629	0.00290	0.00413
87	0.00653	0.00468	0.00621	0.00712	0.00759	0.00435	0.00485	0.00772	0.01084	0.01467	0.16540	0.67295	0.03711	0.01529	0.00656	0.00203	0.00292	0.01383	0.00500	0.00435
88	0.00737	0.00532	0.00696	0.00655	0.00778	0.00491	0.00491	0.00983	0.01474	0.02088	0.78175	0.03890	0.04914	0.01065	0.00614	0.00164	0.00246	0.00942	0.00573	0.00491
89	0.01480	0.01182	0.01261	0.01084	0.01409	0.01343	0.00857	0.18509	0.58656	0.05302	0.01932	0.01789	0.01428	0.00687	0.00528	0.00172	0.00448	0.00561	0.00532	0.00840
90	0.85377	0.01007	0.00765	0.00685	0.01007	0.01168	0.00564	0.01531	0.00886	0.02336	0.00725	0.00846	0.00564	0.00483	0.00322	0.00161	0.00403	0.00282	0.00322	0.00564
91	0.06788	0.01433	0.01517	0.01169	0.01580	0.01589	0.00965	0.72378	0.02358	0.03228	0.01220	0.01227	0.00867	0.00617	0.00509	0.00157	0.00563	0.00458	0.00509	0.00867
92	0.03835	0.00951	0.01239	0.00952	0.01354	0.00865	0.00786	0.10569	0.01583	0.69199	0.01943	0.01699	0.01232	0.00639	0.00520	0.00161	0.00456	0.00513	0.00625	0.00880
93	0.01392	0.82012	0.02729	0.00891	0.01337	0.02061	0.00891	0.01559	0.01058	0.01225	0.00724	0.00835	0.00668	0.00446	0.00334	0.00111	0.00557	0.00278	0.00223	0.00668
94	0.01165	0.00926	0.01246	0.00984	0.01337	0.02042	0.09242	0.05408	0.03030	0.07648	0.04188	0.12507	0.01527	0.01903	0.00538	0.00142	0.00458	0.06212	0.00391	0.39104
95	0.01045	0.02694	0.79000	0.01484	0.02254	0.01209	0.01924	0.01649	0.01099	0.01649	0.00935	0.01099	0.00660	0.00495	0.00495	0.00165	0.00770	0.00385	0.00220	0.00770
96	0.00637	0.00460	0.00604	0.00718	0.00759	0.00427	0.00485	0.00733	0.01012	0.01338	0.03004	0.75603	0.07658	0.01610	0.00663	0.00210	0.00303	0.02866	0.00483	0.00425
97	0.00999	0.00949	0.01593	0.73674	0.03422	0.01189	0.02864	0.01332	0.01029	0.01332	0.00912	0.01372	0.00695	0.00545	0.00602	0.00177	0.06037	0.00465	0.00232	0.00580
98	0.00750	0.00508	0.00599	0.00596	0.00630	0.00497	0.00368	0.00819	0.00950	0.01306	0.20026	0.07987	0.02694	0.56110	0.02002	0.00398	0.00426	0.00838	0.02130	0.00367
99	0.00748	0.00541	0.00753	0.00753	0.00816	0.00605	0.00546	0.00876	0.00812	0.01146	0.01472	0.02473	0.01487	0.28314	0.55480	0.00733	0.01116	0.00621	0.00290	0.00418
100	0.06192	0.01114	0.01541	0.08566	0.05418	0.03506	0.13618	0.05068	0.24641	0.16032	0.04179	0.04066	0.02393	0.00648	0.00535	0.00170	0.00543	0.00579	0.00445	0.00746
101	0.00686	0.00542	0.00619	0.00601	0.00753	0.00482	0.00450	0.00898	0.03053	0.01728	0.37778	0.06019	0.42128	0.01198	0.00614	0.00171	0.00260	0.01025	0.00525	0.00471

[dist]
# distance from previous block
# <min> <max>
4	29

[block]
# block no. 4 follows, 47 sequences, length 19
# corresponding to MSA columns:
# 326-344
name=unknown_E
#
# <colnr> <probs for GDERKNQSTAVLIFYWHMCP>
#	G	D	E	R	K	N	Q	S	T	A	V	L	I	F	Y	W	H	M	C	P
0	0.06493	0.03990	0.12009	0.01176	0.06833	0.01141	0.00983	0.19899	0.08865	0.05299	0.01334	0.07261	0.01115	0.00627	0.00484	0.00147	0.00508	0.01979	0.00394	0.19463
1	0.04039	0.15371	0.01416	0.06493	0.01425	0.06206	0.00816	0.05374	0.24587	0.09660	0.06179	0.01884	0.07960	0.00673	0.00487	0.00152	0.00477	0.00534	0.00428	0.05838
2	0.08218	0.01346	0.16189	0.06212	0.06986	0.01091	0.13451	0.05938	0.03225	0.01705	0.02117	0.03661	0.00911	0.00692	0.00740	0.09237	0.05702	0.00477	0.00291	0.11813
3	0.13481	0.05744	0.01423	0.01139	0.01472	0.32015	0.00904	0.27304	0.05297	0.02149	0.01152	0.01209	0.03345	0.00589	0.00467	0.00148	0.00674	0.00408	0.00379	0.00702
4	0.01289	0.01237	0.02114	0.03196	0.78450	0.01237	0.01598	0.01598	0.01186	0.01701	0.00980	0.01289	0.00825	0.00464	0.00516	0.00155	0.00619	0.00464	0.00258	0.00825
5	0.00910	0.00485	0.00740	0.06256	0.00882	0.00502	0.00522	0.00724	0.00704	0.00934	0.00906	0.01569	0.00890	0.01719	0.01929	0.78928	0.00469	0.00453	0.00227	0.00251
6	0.01172	0.29200	0.48944	0.01328	0.01974	0.01501	0.05995	0.01620	0.01093	0.01508	0.00871	0.01029	0.00670	0.00475	0.00448	0.00148	0.00705	0.00363	0.00223	0.00732
7	0.00751	0.00542	0.00675	0.00643	0.00785	0.00490	0.00488	0.00969	0.01398	0.03768	0.56762	0.04169	0.21734	0.01127	0.00616	0.00169	0.00263	0.03611	0.00551	0.00489
8	0.00634	0.00453	0.00604	0.00725	0.00755	0.00423	0.00483	0.00725	0.00997	0.01329	0.02870	0.81358	0.03444	0.01632	0.00665	0.00211	0.00302	0.01480	0.00483	0.00423
9	0.01247	0.01212	0.02002	0.06317	0.59483	0.03341	0.06672	0.01592	0.03467	0.01714	0.06902	0.01510	0.01147	0.00520	0.00529	0.00158	0.00614	0.00511	0.00289	0.00774
10	0.01037	0.00941	0.01209	0.01065	0.02443	0.06186	0.07921	0.05299	0.01102	0.01501	0.01609	0.22869	0.01708	0.08948	0.04505	0.00235	0.11098	0.04272	0.00356	0.15694
11	0.00741	0.00512	0.00598	0.00613	0.00642	0.00507	0.00383	0.00783	0.00841	0.01109	0.02084	0.09033	0.08386	0.60528	0.06219	0.00458	0.00515	0.05348	0.00349	0.00351
12	0.85377	0.01007	0.00765	0.00685	0.01007	0.01168	0.00564	0.01531	0.00886	0.02336	0.00725	0.00846	0.00564	0.00483	0.00322	0.00161	0.00403	0.00282	0.00322	0.00564
13	0.01227	0.17258	0.54930	0.01348	0.02002	0.06708	0.01614	0.06238	0.01200	0.01645	0.00906	0.01049	0.00676	0.00496	0.00465	0.00152	0.00730	0.00367	0.00242	0.00747
14	0.00660	0.00551	0.00579	0.00575	0.00743	0.00483	0.00429	0.00863	0.04674	0.01510	0.12729	0.08372	0.63458	0.01279	0.00614	0.00176	0.00270	0.01077	0.00495	0.00462
15	0.01262	0.01194	0.02186	0.04445	0.20495	0.01104	0.32887	0.01602	0.01194	0.06373	0.01096	0.01409	0.00863	0.00467	0.00532	0.00148	0.00664	0.01894	0.00299	0.19887
16	0.01005	0.00947	0.01600	0.75083	0.08784	0.01163	0.01457	0.01349	0.01051	0.01356	0.00929	0.01381	0.00703	0.00517	0.00520	0.00172	0.00689	0.00463	0.00233	0.00596
17	0.06942	0.01362	0.02827	0.02185	0.09632	0.01299	0.64449	0.01652	0.01202	0.01717	0.01024	0.01356	0.00778	0.00444	0.00586	0.00173	0.00822	0.00578	0.00267	0.00704
18	0.01753	0.06831	0.01499	0.01109	0.01482	0.04085	0.00912	0.51461	0.14828	0.02797	0.01377	0.01376	0.01013	0.00622	0.00497	0.00153	0.00534	0.00473	0.06372	0.00823

[dist]
# distance from previous block
# <min> <max>
0	1

[block]
# block no. 5 follows, 47 sequences, length 51
# corresponding to MSA columns:
# 346-396
name=unknown_F
#
# <colnr> <probs for GDERKNQSTAVLIFYWHMCP>
#	G	D	E	R	K	N	Q	S	T	A	V	L	I	F	Y	W	H	M	C	P
0	0.01368	0.01319	0.03552	0.02851	0.64791	0.05943	0.01506	0.01658	0.01198	0.05467	0.01007	0.01281	0.00828	0.00499	0.00570	0.00157	0.04470	0.00457	0.00275	0.00801
1	0.08099	0.56509	0.16431	0.01008	0.01493	0.06235	0.01060	0.01603	0.01076	0.01395	0.00767	0.00890	0.00658	0.00463	0.00370	0.00126	0.00605	0.00301	0.00233	0.00675
2	0.00983	0.00926	0.01562	0.80447	0.03587	0.01157	0.01446	0.01331	0.01041	0.01331	0.00926	0.01388	0.00694	0.00521	0.00521	0.00174	0.00694	0.00463	0.00231	0.00579
3	0.00750	0.00553	0.00704	0.00662	0.00794	0.00517	0.00498	0.01033	0.04158	0.02053	0.71300	0.03885	0.08994	0.01066	0.00611	0.00165	0.00253	0.00938	0.00567	0.00500
