[name]
unknown

[dist]
# distance from previous block
# <min> <max>
0	23

[block]
# block no. 0 follows, 40 sequences, length 12
# corresponding to MSA columns:
# 23-34
name=unknown_A
#
# <colnr> <probs for GDERKNQSTAVLIFYWHMCP>
#	G	D	E	R	K	N	Q	S	T	A	V	L	I	F	Y	W	H	M	C	P
0	0.00902	0.00646	0.00892	0.00995	0.01123	0.00635	0.00844	0.01160	0.01377	0.01826	0.15622	0.10995	0.03750	0.01549	0.00779	0.00251	0.00477	0.55091	0.00554	0.00534
1	0.01031	0.00629	0.00990	0.18979	0.01522	0.00690	0.00766	0.00929	0.00853	0.01122	0.01016	0.01717	0.00955	0.01682	0.01875	0.63570	0.00569	0.00508	0.00254	0.00345
2	0.01312	0.01099	0.01290	0.04489	0.01547	0.00912	0.00778	0.09462	0.01372	0.02071	0.01074	0.01243	0.00871	0.00467	0.00454	0.00101	0.00470	0.00372	0.00367	0.70249
3	0.00905	0.00683	0.00812	0.00792	0.00947	0.00621	0.00553	0.05210	0.01199	0.01627	0.02777	0.38923	0.11022	0.15778	0.01081	0.00262	0.00408	0.01164	0.00474	0.14762
4	0.06193	0.00844	0.01049	0.19304	0.01678	0.04506	0.00855	0.01346	0.01109	0.01705	0.01447	0.01961	0.01225	0.04573	0.22592	0.00400	0.02786	0.00547	0.25312	0.00568
5	0.00852	0.00637	0.00778	0.00747	0.00892	0.00565	0.00520	0.01004	0.01214	0.01690	0.20640	0.25787	0.07624	0.18921	0.01171	0.00268	0.00386	0.01071	0.00489	0.14744
6	0.01048	0.00620	0.00762	0.00765	0.00912	0.00555	0.00543	0.01171	0.01235	0.14397	0.03630	0.35792	0.23378	0.11231	0.00976	0.00256	0.00381	0.01248	0.00548	0.00552
7	0.01316	0.00878	0.01041	0.00906	0.01159	0.00835	0.00685	0.14186	0.01486	0.10378	0.06810	0.19157	0.05258	0.14512	0.01019	0.00246	0.00467	0.04265	0.00508	0.14889
8	0.01788	0.15656	0.23199	0.01435	0.01952	0.32023	0.01391	0.12556	0.01609	0.01860	0.00997	0.01131	0.00780	0.00583	0.00515	0.00159	0.00863	0.00401	0.00317	0.00785
9	0.01455	0.01411	0.02086	0.09295	0.52708	0.05819	0.01582	0.02017	0.14039	0.01929	0.01297	0.01552	0.01046	0.00575	0.00576	0.00177	0.00679	0.00534	0.00339	0.00883
10	0.00975	0.00930	0.00819	0.00847	0.00971	0.13752	0.00594	0.01093	0.01256	0.01493	0.06337	0.34480	0.22752	0.09870	0.00926	0.00244	0.00470	0.01205	0.00482	0.00502
11	0.15158	0.00701	0.00765	0.00781	0.00913	0.00711	0.00549	0.04635	0.01176	0.01795	0.07379	0.37814	0.07093	0.14906	0.01038	0.00271	0.00406	0.01133	0.00481	0.02295

[dist]
# distance from previous block
# <min> <max>
0	1

[block]
# block no. 1 follows, 40 sequences, length 6
# corresponding to MSA columns:
# 36-41
name=unknown_B
#
# <colnr> <probs for GDERKNQSTAVLIFYWHMCP>
#	G	D	E	R	K	N	Q	S	T	A	V	L	I	F	Y	W	H	M	C	P
0	0.09435	0.01469	0.01989	0.13374	0.42828	0.08611	0.01507	0.10301	0.01466	0.02072	0.01075	0.01365	0.00864	0.00558	0.00552	0.00174	0.00708	0.00485	0.00326	0.00839
1	0.01349	0.00921	0.01093	0.00986	0.01248	0.00939	0.00784	0.10317	0.17128	0.11324	0.20399	0.08833	0.07246	0.01086	0.00654	0.00198	0.00432	0.11081	0.00595	0.03387
2	0.04789	0.10899	0.34587	0.01320	0.01918	0.01341	0.03922	0.10266	0.01442	0.07883	0.03672	0.01797	0.08028	0.00775	0.02565	0.00194	0.00703	0.00539	0.00372	0.02987
3	0.18753	0.12071	0.38562	0.01449	0.05893	0.01516	0.01540	0.10306	0.01354	0.02162	0.01009	0.01162	0.00755	0.00558	0.00494	0.00174	0.00708	0.00406	0.00312	0.00815
4	0.10235	0.14265	0.23761	0.08562	0.02292	0.03578	0.15809	0.01833	0.01246	0.06508	0.01073	0.01291	0.00809	0.00554	0.00569	0.00175	0.03005	0.00465	0.00304	0.03666
5	0.13091	0.08973	0.08108	0.14102	0.03891	0.14721	0.03481	0.12778	0.01470	0.04352	0.01127	0.01441	0.00910	0.05388	0.03631	0.00223	0.00763	0.00469	0.00351	0.00729

[dist]
# distance from previous block
# <min> <max>
18	37

[block]
# block no. 2 follows, 40 sequences, length 30
# corresponding to MSA columns:
# 79-108
name=unknown_C
#
# <colnr> <probs for GDERKNQSTAVLIFYWHMCP>
#	G	D	E	R	K	N	Q	S	T	A	V	L	I	F	Y	W	H	M	C	P
0	0.01214	0.01071	0.01520	0.07950	0.01646	0.01344	0.03704	0.10211	0.01185	0.01693	0.01259	0.06379	0.01185	0.01942	0.23391	0.00434	0.32279	0.00621	0.00330	0.00642
1	0.00959	0.00718	0.00930	0.03990	0.01016	0.00779	0.02707	0.04534	0.00994	0.01350	0.01737	0.07723	0.01911	0.52566	0.09610	0.00512	0.06337	0.00814	0.00358	0.00452
2	0.00848	0.00636	0.00774	0.00737	0.00910	0.00581	0.00565	0.01133	0.03662	0.02099	0.46679	0.04487	0.20203	0.01215	0.00669	0.00186	0.00310	0.06187	0.03771	0.04346
3	0.01339	0.27746	0.43273	0.01522	0.02222	0.03580	0.09200	0.01823	0.01238	0.01680	0.00978	0.01163	0.00755	0.00529	0.00508	0.00165	0.00800	0.00417	0.00253	0.00810
4	0.00823	0.00594	0.00777	0.00732	0.00869	0.00549	0.00549	0.01097	0.01646	0.02332	0.75629	0.04344	0.05487	0.01189	0.00686	0.00183	0.00274	0.01052	0.00640	0.00549
5	0.01206	0.01034	0.01206	0.00861	0.01378	0.00775	0.00689	0.01464	0.01206	0.01895	0.01034	0.01206	0.00861	0.00431	0.00431	0.00086	0.00431	0.00345	0.00345	0.83118
6	0.01272	0.01272	0.01781	0.01527	0.01527	0.01781	0.01272	0.01399	0.00891	0.01399	0.00763	0.01272	0.00763	0.01018	0.01908	0.00254	0.78499	0.00509	0.00254	0.00636
7	0.00757	0.00594	0.00685	0.00669	0.00837	0.00523	0.00507	0.00965	0.01470	0.01919	0.37143	0.05066	0.41699	0.01350	0.00691	0.00193	0.00294	0.03536	0.00585	0.00518
8	0.01795	0.02082	0.01956	0.10744	0.05775	0.40426	0.11003	0.06524	0.01513	0.01651	0.00976	0.01246	0.00795	0.00636	0.00729	0.00177	0.10490	0.00466	0.00306	0.00713
9	0.01373	0.01569	0.03431	0.02451	0.03039	0.01471	0.73824	0.01863	0.01373	0.01863	0.01176	0.01569	0.00882	0.00490	0.00686	0.00196	0.00980	0.00686	0.00294	0.00784
10	0.00994	0.00623	0.00863	0.03179	0.01076	0.00577	0.02458	0.01139	0.01228	0.11586	0.05200	0.56335	0.09364	0.01556	0.00709	0.00222	0.00383	0.01399	0.00552	0.00559
11	0.01367	0.06105	0.01402	0.06456	0.01440	0.04307	0.03486	0.05927	0.01187	0.10715	0.01459	0.02236	0.01350	0.24232	0.09196	0.00377	0.14781	0.00619	0.02740	0.00618
12	0.01882	0.03933	0.01680	0.01323	0.01725	0.08815	0.03667	0.38712	0.24154	0.02872	0.01620	0.01617	0.01207	0.00823	0.03109	0.00203	0.00667	0.00552	0.00529	0.00908
13	0.01010	0.00505	0.00758	0.00758	0.00758	0.00505	0.00505	0.00758	0.00758	0.01010	0.01010	0.01768	0.01010	0.02020	0.02273	0.83081	0.00505	0.00505	0.00253	0.00253
14	0.01555	0.79913	0.03047	0.00995	0.01493	0.02301	0.00995	0.01741	0.01182	0.01368	0.00808	0.00933	0.00746	0.00498	0.00373	0.00124	0.00622	0.00311	0.00249	0.00746
15	0.01084	0.00542	0.00542	0.00542	0.00678	0.00542	0.00407	0.01355	0.01220	0.02168	0.01897	0.02168	0.01491	0.00678	0.00407	0.00136	0.00271	0.00542	0.82791	0.00542
16	0.83671	0.01125	0.00855	0.00765	0.01125	0.01305	0.00630	0.01709	0.00990	0.02609	0.00810	0.00945	0.00630	0.00540	0.00360	0.00180	0.00450	0.00315	0.00360	0.00630
17	0.00709	0.00506	0.00675	0.00810	0.00843	0.00472	0.00540	0.00810	0.01113	0.01484	0.03205	0.79184	0.03846	0.01822	0.00742	0.00236	0.00337	0.01653	0.00540	0.00472
18	0.02588	0.01078	0.01364	0.01057	0.01500	0.04622	0.00868	0.02809	0.01664	0.72643	0.02225	0.01933	0.01405	0.00714	0.00582	0.00178	0.00522	0.00574	0.00699	0.00974
19	0.01084	0.00542	0.00542	0.00542	0.00678	0.00542	0.00407	0.01355	0.01220	0.02168	0.01897	0.02168	0.01491	0.00678	0.00407	0.00136	0.00271	0.00542	0.82791	0.00542
20	0.00811	0.00589	0.00764	0.00731	0.00864	0.00542	0.00544	0.01069	0.01600	0.02249	0.68370	0.09227	0.07976	0.01240	0.00690	0.00187	0.00279	0.01097	0.00630	0.00542
21	0.00716	0.00512	0.00681	0.00805	0.00845	0.00477	0.00540	0.00828	0.01148	0.01539	0.07886	0.74346	0.03952	0.01781	0.00739	0.00233	0.00333	0.01614	0.00546	0.00477
22	0.00937	0.00669	0.00937	0.01071	0.01205	0.00669	0.00937	0.01205	0.01339	0.01740	0.03079	0.06560	0.03347	0.01606	0.00803	0.00268	0.00535	0.72021	0.00535	0.00535
23	0.01001	0.00635	0.00827	0.00756	0.00928	0.00578	0.00575	0.01264	0.01632	0.09954	0.64599	0.04161	0.08531	0.01154	0.00675	0.00183	0.00298	0.01012	0.00643	0.00591
24	0.00717	0.00510	0.00672	0.00798	0.00830	0.00478	0.00528	0.00812	0.01096	0.01461	0.03116	0.74311	0.03734	0.06847	0.00886	0.00257	0.00352	0.01601	0.00528	0.00465
25	0.01307	0.01285	0.01895	0.50485	0.17985	0.07535	0.03583	0.04058	0.03137	0.01669	0.01084	0.01498	0.00837	0.00577	0.00579	0.00186	0.00774	0.00514	0.00288	0.00725
26	0.01559	0.01139	0.01255	0.01111	0.01423	0.01262	0.00859	0.05730	0.52292	0.12771	0.02334	0.06947	0.01844	0.05857	0.00750	0.00220	0.00472	0.00715	0.00591	0.00869
27	0.00872	0.00653	0.00770	0.00792	0.00921	0.00624	0.00566	0.08311	0.01378	0.01801	0.10758	0.41904	0.22692	0.04175	0.00781	0.00225	0.00358	0.01339	0.00548	0.00533
28	0.80225	0.01121	0.00892	0.03995	0.01245	0.01304	0.00671	0.01700	0.00997	0.02562	0.00819	0.00970	0.00636	0.00542	0.00369	0.00181	0.00463	0.00323	0.00356	0.00630
29	0.00786	0.03564	0.00747	0.00681	0.00861	0.02167	0.00517	0.00943	0.01319	0.01612	0.11407	0.10258	0.52235	0.05276	0.00795	0.00216	0.00351	0.05237	0.00524	0.00504

[dist]
# distance from previous block
# <min> <max>
3	5

[block]
# block no. 3 follows, 40 sequences, length 49
# corresponding to MSA columns:
# 114-124,139-176
name=unknown_D
#
# <colnr> <probs for GDERKNQSTAVLIFYWHMCP>
#	G	D	E	R	K	N	Q	S	T	A	V	L	I	F	Y	W	H	M	C	P
0	0.00724	0.00578	0.00647	0.00691	0.00837	0.00508	0.00513	0.00869	0.01263	0.01554	0.04852	0.22021	0.49439	0.04329	0.00792	0.00226	0.00339	0.08798	0.00533	0.00487
1	0.01502	0.01684	0.16976	0.01994	0.07624	0.01370	0.32227	0.01923	0.01315	0.12949	0.01272	0.01528	0.00938	0.00615	0.00798	0.00196	0.11439	0.00582	0.02254	0.00814
2	0.05464	0.26218	0.15694	0.01190	0.01667	0.04861	0.03718	0.05821	0.03041	0.11717	0.04030	0.01610	0.03946	0.00908	0.05986	0.00218	0.02269	0.00492	0.00376	0.00774
3	0.00709	0.00506	0.00675	0.00810	0.00843	0.00472	0.00540	0.00810	0.01113	0.01484	0.03205	0.79184	0.03846	0.01822	0.00742	0.00236	0.00337	0.01653	0.00540	0.00472
4	0.03954	0.06065	0.29635	0.01262	0.01845	0.01209	0.01341	0.09831	0.01554	0.29215	0.04389	0.01648	0.01225	0.00654	0.00553	0.00176	0.00636	0.00514	0.03405	0.00885
5	0.01292	0.13810	0.39996	0.06720	0.14001	0.01506	0.06914	0.01865	0.05234	0.01792	0.01097	0.01313	0.00836	0.00549	0.00543	0.00176	0.00779	0.00462	0.00276	0.00837
6	0.00729	0.00545	0.00736	0.00822	0.00886	0.00504	0.02441	0.00841	0.01131	0.01488	0.03376	0.66249	0.11236	0.05030	0.00829	0.00245	0.00359	0.01549	0.00525	0.00477
7	0.01084	0.00542	0.00542	0.00542	0.00678	0.00542	0.00407	0.01355	0.01220	0.02168	0.01897	0.02168	0.01491	0.00678	0.00407	0.00136	0.00271	0.00542	0.82791	0.00542
8	0.04072	0.03285	0.01406	0.14193	0.01795	0.04077	0.06078	0.19622	0.01599	0.02348	0.01441	0.01688	0.01105	0.00649	0.00541	0.00164	0.02579	0.00523	0.32130	0.00705
9	0.01441	0.01226	0.01300	0.01170	0.01489	0.01410	0.00908	0.06212	0.67584	0.02438	0.02368	0.06308	0.01851	0.00841	0.00599	0.00198	0.00462	0.00705	0.00588	0.00899
10	0.01517	0.01441	0.01378	0.05798	0.01693	0.12376	0.00992	0.02833	0.57935	0.02212	0.02095	0.02089	0.01610	0.00771	0.00587	0.00192	0.00566	0.02529	0.00528	0.00858
11	0.02211	0.01629	0.01745	0.01338	0.01803	0.01803	0.01105	0.73997	0.02734	0.03665	0.01396	0.01396	0.00989	0.00698	0.00582	0.00175	0.00640	0.00524	0.00582	0.00989
12	0.00694	0.00589	0.00598	0.00596	0.00789	0.00494	0.00447	0.00847	0.01341	0.01608	0.09250	0.05536	0.72318	0.01459	0.00687	0.00196	0.00294	0.01219	0.00545	0.00494
13	0.01010	0.00505	0.00758	0.00758	0.00758	0.00505	0.00505	0.00758	0.00758	0.01010	0.01010	0.01768	0.01010	0.02020	0.02273	0.83081	0.00505	0.00505	0.00253	0.00253
14	0.01446	0.01249	0.01315	0.01183	0.01512	0.01446	0.00920	0.03090	0.74885	0.02433	0.02367	0.02170	0.01775	0.00789	0.00592	0.00197	0.00460	0.00657	0.00592	0.00920
15	0.00816	0.00594	0.00767	0.00724	0.00864	0.00546	0.00543	0.01083	0.01629	0.02291	0.71849	0.04412	0.09292	0.01204	0.00686	0.00184	0.00275	0.01061	0.00635	0.00546
16	0.01555	0.79913	0.03047	0.00995	0.01493	0.02301	0.00995	0.01741	0.01182	0.01368	0.00808	0.00933	0.00746	0.00498	0.00373	0.00124	0.00622	0.00311	0.00249	0.00746
17	0.00709	0.00506	0.00675	0.00810	0.00843	0.00472	0.00540	0.00810	0.01113	0.01484	0.03205	0.79184	0.03846	0.01822	0.00742	0.00236	0.00337	0.01653	0.00540	0.00472
18	0.02609	0.00990	0.01350	0.01035	0.01484	0.00855	0.00855	0.02834	0.01664	0.76338	0.02294	0.01979	0.01439	0.00720	0.00585	0.00180	0.00495	0.00585	0.00720	0.00990
19	0.00863	0.00665	0.00972	0.00954	0.01042	0.00789	0.00737	0.01049	0.00925	0.01336	0.01522	0.02329	0.01455	0.09871	0.66225	0.00858	0.06950	0.00632	0.00311	0.00515
20	0.00709	0.00506	0.00675	0.00810	0.00843	0.00472	0.00540	0.00810	0.01113	0.01484	0.03205	0.79184	0.03846	0.01822	0.00742	0.00236	0.00337	0.01653	0.00540	0.00472
21	0.00709	0.00506	0.00675	0.00810	0.00843	0.00472	0.00540	0.00810	0.01113	0.01484	0.03205	0.79184	0.03846	0.01822	0.00742	0.00236	0.00337	0.01653	0.00540	0.00472
22	0.01390	0.01546	0.02692	0.09431	0.05769	0.09050	0.42699	0.01760	0.01294	0.01699	0.01139	0.04211	0.00947	0.00640	0.00848	0.00201	0.13021	0.00638	0.00294	0.00732
23	0.01385	0.01364	0.04056	0.15666	0.54854	0.01406	0.01711	0.03703	0.01303	0.01843	0.01067	0.01439	0.00883	0.00570	0.00671	0.00182	0.06237	0.00515	0.00288	0.00856
24	0.00841	0.00562	0.00636	0.00640	0.00641	0.00561	0.00358	0.00845	0.00854	0.01139	0.01876	0.06197	0.02169	0.77097	0.02889	0.00553	0.00557	0.00871	0.00358	0.00356
25	0.02012	0.01426	0.01601	0.03368	0.06964	0.03471	0.01054	0.47766	0.02244	0.10501	0.01482	0.01527	0.01066	0.00670	0.00556	0.00168	0.00597	0.00521	0.09178	0.03828
26	0.00816	0.00594	0.00767	0.00724	0.00864	0.00546	0.00543	0.01083	0.01629	0.02290	0.71823	0.04412	0.09319	0.01204	0.00686	0.00184	0.00275	0.01061	0.00635	0.00546
27	0.03916	0.09112	0.09633	0.09996	0.03423	0.08417	0.02485	0.31647	0.04499	0.04162	0.03315	0.01463	0.01062	0.00647	0.00546	0.00171	0.00682	0.00498	0.03486	0.00840
28	0.00844	0.00566	0.00644	0.00641	0.00651	0.00563	0.00366	0.00864	0.00903	0.01213	0.07077	0.03844	0.02354	0.73993	0.02798	0.00537	0.00543	0.00860	0.00373	0.00366
29	0.02190	0.01517	0.01657	0.01280	0.01727	0.01654	0.01051	0.61741	0.05130	0.11485	0.01540	0.01552	0.01096	0.02826	0.00646	0.00186	0.00616	0.00544	0.00591	0.00969
30	0.00837	0.00600	0.00818	0.00818	0.00881	0.00664	0.00581	0.00964	0.00900	0.01264	0.01664	0.02875	0.01710	0.33562	0.48408	0.00791	0.01172	0.00709	0.00327	0.00454
31	0.00845	0.00565	0.00672	0.00684	0.00709	0.00575	0.00422	0.00897	0.00904	0.01251	0.01931	0.10656	0.02156	0.57866	0.12237	0.00556	0.00654	0.00876	0.05150	0.00396
32	0.01446	0.01249	0.01315	0.01183	0.01512	0.01446	0.00920	0.03090	0.74885	0.02433	0.02367	0.02170	0.01775	0.00789	0.00592	0.00197	0.00460	0.00657	0.00592	0.00920
33	0.00802	0.00594	0.00748	0.00710	0.00856	0.00540	0.00532	0.01057	0.01597	0.02215	0.64868	0.04537	0.16321	0.01233	0.00686	0.00185	0.00277	0.01079	0.00625	0.00540
34	0.01446	0.01249	0.01315	0.01183	0.01512	0.01446	0.00920	0.03090	0.74885	0.02433	0.02367	0.02170	0.01775	0.00789	0.00592	0.00197	0.00460	0.00657	0.00592	0.00920
35	0.00748	0.00539	0.00653	0.00722	0.00776	0.00504	0.00471	0.00834	0.01091	0.01428	0.05819	0.43290	0.15111	0.23676	0.01357	0.00320	0.00392	0.01335	0.00491	0.00444
36	0.83671	0.01125	0.00855	0.00765	0.01125	0.01305	0.00630	0.01709	0.00990	0.02609	0.00810	0.00945	0.00630	0.00540	0.00360	0.00180	0.00450	0.00315	0.00360	0.00630
37	0.05270	0.00946	0.01262	0.00988	0.01396	0.00833	0.00809	0.02581	0.01638	0.64633	0.11245	0.02233	0.01908	0.00771	0.00589	0.00180	0.00466	0.00633	0.00697	0.00923
38	0.02153	0.05223	0.01692	0.01482	0.01788	0.74847	0.01120	0.02304	0.01633	0.01421	0.00896	0.01045	0.00749	0.00596	0.00520	0.00149	0.01035	0.00373	0.00298	0.00676
39	0.01206	0.01034	0.01206	0.00861	0.01378	0.00775	0.00689	0.01464	0.01206	0.01895	0.01034	0.01206	0.00861	0.00431	0.00431	0.00086	0.00431	0.00345	0.00345	0.83118
40	0.01901	0.12335	0.08048	0.01556	0.02002	0.35126	0.12063	0.16478	0.01731	0.01963	0.01040	0.01195	0.00816	0.00586	0.00543	0.00161	0.00887	0.00447	0.00344	0.00778
41	0.00836	0.00601	0.00822	0.00822	0.00887	0.00666	0.00587	0.00966	0.00901	0.01267	0.01660	0.02853	0.01700	0.32449	0.49508	0.00796	0.01186	0.00706	0.00327	0.00457
42	0.02075	0.01454	0.01641	0.01266	0.01696	0.01576	0.03775	0.57693	0.02429	0.08586	0.01510	0.01534	0.01076	0.00689	0.00565	0.00171	0.00599	0.00536	0.10199	0.00929
43	0.09776	0.00787	0.00941	0.00831	0.01088	0.00750	0.00656	0.01679	0.05500	0.21013	0.33706	0.03523	0.12676	0.01034	0.00626	0.00188	0.00371	0.03562	0.00612	0.00681
44	0.01166	0.03008	0.76550	0.01657	0.02517	0.01351	0.02149	0.01842	0.01228	0.01842	0.01044	0.01228	0.00737	0.00552	0.00552	0.00184	0.00859	0.00430	0.00246	0.00859
45	0.01497	0.01438	0.09231	0.01220	0.01612	0.01407	0.01054	0.17256	0.43965	0.02530	0.02265	0.03942	0.05617	0.00836	0.00602	0.00195	0.00530	0.03377	0.00547	0.00880
46	0.00844	0.00571	0.00671	0.00671	0.00684	0.00584	0.00398	0.00869	0.00857	0.01155	0.01799	0.03620	0.02034	0.70390	0.12023	0.00609	0.00685	0.00819	0.00347	0.00373
47	0.00831	0.00623	0.00935	0.00935	0.01038	0.00727	0.00727	0.01038	0.00935	0.01350	0.01558	0.02285	0.01454	0.04361	0.77259	0.00935	0.01558	0.00623	0.00312	0.00519
48	0.01359	0.01318	0.02301	0.19943	0.54890	0.01368	0.06867	0.01724	0.01292	0.01806	0.01086	0.01473	0.00886	0.00530	0.00585	0.00179	0.00730	0.00530	0.00282	0.00851

[dist]
# distance from previous block
# <min> <max>
0	8

[block]
# block no. 4 follows, 40 sequences, length 55
# corresponding to MSA columns:
# 185-239
name=unknown_E
#
# <colnr> <probs for GDERKNQSTAVLIFYWHMCP>
#	G	D	E	R	K	N	Q	S	T	A	V	L	I	F	Y	W	H	M	C	P
0	0.07049	0.15685	0.58969	0.01484	0.02248	0.01506	0.01849	0.01816	0.01203	0.01817	0.00988	0.01159	0.00731	0.00542	0.00509	0.00174	0.00791	0.00402	0.00254	0.00824
1	0.01404	0.01775	0.10237	0.02256	0.02817	0.06819	0.57736	0.01867	0.01351	0.01804	0.01121	0.01483	0.00852	0.00534	0.00731	0.00195	0.05328	0.00630	0.00288	0.00775
2	0.00725	0.00518	0.00693	0.00828	0.00869	0.00486	0.00568	0.00838	0.01129	0.01503	0.03196	0.74062	0.03811	0.01807	0.00747	0.00238	0.00351	0.06615	0.00540	0.00477
3	0.01455	0.01391	0.10487	0.01274	0.01832	0.01039	0.13199	0.06679	0.01392	0.10365	0.01225	0.01369	0.00924	0.00506	0.00516	0.00133	0.00595	0.00451	0.00383	0.44785
4	0.01638	0.12502	0.23150	0.01405	0.01891	0.24443	0.01361	0.04353	0.15445	0.03269	0.01245	0.01336	0.00962	0.00631	0.00586	0.00171	0.04016	0.00450	0.00348	0.00797
5	0.01555	0.79913	0.03047	0.00995	0.01493	0.02301	0.00995	0.01741	0.01182	0.01368	0.00808	0.00933	0.00746	0.00498	0.00373	0.00124	0.00622	0.00311	0.00249	0.00746
6	0.06581	0.00592	0.00693	0.00771	0.00873	0.00567	0.00538	0.00957	0.03421	0.01636	0.05729	0.54166	0.18150	0.01610	0.00698	0.00221	0.00339	0.01424	0.00532	0.00503
7	0.07838	0.12754	0.08258	0.01046	0.04806	0.02496	0.00868	0.03645	0.01464	0.04992	0.35953	0.08545	0.03221	0.00946	0.00589	0.00177	0.00454	0.00797	0.00493	0.00658
8	0.01098	0.01034	0.01744	0.78165	0.04005	0.01292	0.01615	0.01486	0.01163	0.01486	0.01034	0.01550	0.00775	0.00581	0.00581	0.00194	0.00775	0.00517	0.00258	0.00646
9	0.00823	0.00594	0.00777	0.00732	0.00869	0.00549	0.00549	0.01097	0.01646	0.02332	0.75629	0.04344	0.05487	0.01189	0.00686	0.00183	0.00274	0.01052	0.00640	0.00549
10	0.04133	0.69419	0.02834	0.01041	0.01513	0.10121	0.00997	0.01801	0.01225	0.01412	0.00818	0.00945	0.00743	0.00509	0.00389	0.00129	0.00661	0.00318	0.00257	0.00735
11	0.08119	0.01212	0.12934	0.07222	0.03857	0.01010	0.01139	0.06487	0.06734	0.01966	0.02197	0.13163	0.02220	0.01143	0.00664	0.00223	0.00579	0.28012	0.00454	0.00666
12	0.00709	0.00506	0.00675	0.00810	0.00843	0.00472	0.00540	0.00810	0.01113	0.01484	0.03205	0.79184	0.03846	0.01822	0.00742	0.00236	0.00337	0.01653	0.00540	0.00472
13	0.00846	0.00564	0.00634	0.00634	0.00634	0.00564	0.00352	0.00846	0.00846	0.01128	0.01832	0.03805	0.02114	0.79563	0.02960	0.00564	0.00564	0.00846	0.00352	0.00352
14	0.11801	0.01488	0.07002	0.08849	0.06855	0.01389	0.42209	0.01857	0.01298	0.07160	0.01170	0.01480	0.00870	0.00544	0.00656	0.00193	0.03493	0.00586	0.00325	0.00774
15	0.01401	0.01450	0.06483	0.08458	0.66997	0.01374	0.01794	0.01768	0.01308	0.01869	0.01087	0.01435	0.00901	0.00524	0.00575	0.00175	0.00706	0.00513	0.00284	0.00899
16	0.02573	0.01047	0.01385	0.01062	0.01513	0.00940	0.00877	0.09201	0.01760	0.69836	0.02214	0.01927	0.01399	0.00718	0.00585	0.00179	0.00508	0.00579	0.00707	0.00990
17	0.00959	0.00811	0.01183	0.20676	0.04909	0.00885	0.00968	0.01191	0.01208	0.01644	0.10971	0.23945	0.05558	0.02753	0.00817	0.00215	0.07425	0.07063	0.00426	0.06391
18	0.02951	0.18551	0.50882	0.01535	0.02270	0.01552	0.06875	0.03731	0.01275	0.03784	0.01042	0.01210	0.00772	0.00545	0.00523	0.00172	0.00796	0.00428	0.00273	0.00833
19	0.02320	0.01170	0.06256	0.01144	0.03259	0.00979	0.00965	0.10208	0.01741	0.56821	0.07261	0.02023	0.01619	0.00735	0.00589	0.00180	0.00523	0.00600	0.00659	0.00948
20	0.83671	0.01125	0.00855	0.00765	0.01125	0.01305	0.00630	0.01709	0.00990	0.02609	0.00810	0.00945	0.00630	0.00540	0.00360	0.00180	0.00450	0.00315	0.00360	0.00630
21	0.00693	0.00589	0.00596	0.00595	0.00789	0.00493	0.00446	0.00845	0.01338	0.01601	0.08612	0.05548	0.72960	0.01462	0.00687	0.00196	0.00294	0.01220	0.00544	0.00493
22	0.01718	0.11990	0.01815	0.10086	0.10128	0.17945	0.01143	0.22331	0.03256	0.02187	0.02841	0.01674	0.06266	0.00682	0.00545	0.00165	0.00700	0.00524	0.03222	0.00783
23	0.00701	0.00590	0.00608	0.00603	0.00794	0.00497	0.00453	0.00861	0.01358	0.01647	0.12903	0.05471	0.68640	0.01444	0.00687	0.00195	0.00293	0.01210	0.00550	0.00497
24	0.01298	0.02014	0.26756	0.03877	0.02800	0.03118	0.45307	0.01826	0.01320	0.01826	0.01184	0.03749	0.00918	0.00554	0.00639	0.00192	0.00919	0.00622	0.00285	0.00793
25	0.01068	0.00561	0.00612	0.03803	0.00820	0.00572	0.00461	0.01294	0.01167	0.02008	0.01795	0.02193	0.01457	0.04554	0.00668	0.06008	0.00323	0.00553	0.69568	0.00517
26	0.03280	0.01049	0.01721	0.74399	0.03880	0.01304	0.01578	0.03138	0.01194	0.01565	0.01036	0.01531	0.00776	0.00583	0.00576	0.00193	0.00764	0.00512	0.00268	0.00653
27	0.02192	0.01620	0.01735	0.01334	0.01796	0.01795	0.01101	0.72273	0.04488	0.03635	0.01420	0.01415	0.01008	0.00700	0.00582	0.00175	0.00636	0.00527	0.00582	0.00987
28	0.00714	0.00586	0.00621	0.00620	0.00793	0.00501	0.00457	0.00872	0.01343	0.01658	0.15579	0.08083	0.59948	0.04684	0.00783	0.00211	0.00304	0.01202	0.00547	0.00493
29	0.02090	0.01622	0.01725	0.01435	0.05330	0.04760	0.01119	0.60057	0.10365	0.03358	0.01466	0.01467	0.01060	0.00695	0.00580	0.00176	0.00639	0.00532	0.00557	0.00966
30	0.25837	0.01243	0.06008	0.07441	0.06653	0.01192	0.04005	0.10770	0.01457	0.19060	0.01754	0.01794	0.07588	0.00686	0.00526	0.00182	0.00556	0.00539	0.01926	0.00783
31	0.01194	0.05678	0.41401	0.01866	0.15469	0.01333	0.03315	0.01675	0.01196	0.01751	0.03038	0.01478	0.00990	0.01072	0.10323	0.00279	0.06378	0.00492	0.00274	0.00797
32	0.01267	0.21090	0.56157	0.01534	0.02297	0.01580	0.04869	0.01819	0.01223	0.01731	0.00994	0.01172	0.00745	0.00537	0.00516	0.00171	0.00808	0.00412	0.00248	0.00830
33	0.00696	0.00576	0.00610	0.00630	0.00798	0.00490	0.00462	0.00842	0.01305	0.01589	0.08358	0.17207	0.61400	0.01516	0.00696	0.00202	0.00301	0.01288	0.00544	0.00490
34	0.02144	0.01456	0.01593	0.01233	0.01670	0.01572	0.01015	0.58678	0.02473	0.12670	0.01745	0.01701	0.04651	0.00737	0.00580	0.00175	0.00591	0.00566	0.03804	0.00948
35	0.03722	0.00619	0.00726	0.02515	0.00889	0.00615	0.00520	0.04018	0.01180	0.01686	0.08400	0.28704	0.08994	0.19737	0.01228	0.02634	0.00404	0.01074	0.11850	0.00486
36	0.00817	0.00572	0.00747	0.00844	0.00902	0.00554	0.00589	0.03883	0.01168	0.01554	0.02923	0.60531	0.03430	0.06221	0.00949	0.04629	0.00391	0.08300	0.00515	0.00481
37	0.00711	0.00569	0.00638	0.00678	0.00823	0.00496	0.00495	0.00857	0.01286	0.01599	0.09286	0.26371	0.48393	0.01559	0.00707	0.00209	0.00314	0.03972	0.00546	0.00491
38	0.00718	0.00513	0.00686	0.00821	0.00859	0.00481	0.00556	0.00826	0.01123	0.01495	0.03200	0.76153	0.03825	0.01813	0.00745	0.00237	0.00346	0.04590	0.00540	0.00475
39	0.02167	0.01586	0.01698	0.01307	0.01759	0.01754	0.01078	0.71163	0.02675	0.03607	0.01416	0.01426	0.01009	0.00697	0.00575	0.00173	0.00626	0.00524	0.03789	0.00972
40	0.83671	0.01125	0.00855	0.00765	0.01125	0.01305	0.00630	0.01709	0.00990	0.02609	0.00810	0.00945	0.00630	0.00540	0.00360	0.00180	0.00450	0.00315	0.00360	0.00630
41	0.07294	0.01572	0.02005	0.08705	0.31750	0.15967	0.07111	0.01776	0.01294	0.01740	0.01171	0.01481	0.03614	0.00642	0.00746	0.00184	0.11369	0.00514	0.00298	0.00765
42	0.00899	0.00613	0.00824	0.00817	0.00908	0.00689	0.00611	0.01085	0.00980	0.01491	0.01654	0.02480	0.01551	0.15730	0.46630	0.00684	0.03159	0.00639	0.18055	0.00500
43	0.00710	0.00580	0.00627	0.00637	0.00805	0.00497	0.00469	0.00870	0.01347	0.01673	0.15874	0.14327	0.56615	0.01473	0.00694	0.00199	0.00297	0.01253	0.00555	0.00497
44	0.02442	0.00953	0.01296	0.01006	0.01427	0.00826	0.00826	0.02672	0.01663	0.69427	0.09142	0.02200	0.01817	0.00764	0.00594	0.00180	0.00474	0.00628	0.00712	0.00948
45	0.00702	0.00590	0.00610	0.00605	0.00795	0.00497	0.00454	0.00864	0.01361	0.01656	0.13704	0.05456	0.67834	0.01441	0.00687	0.00195	0.00292	0.01208	0.00551	0.00497
46	0.02298	0.00939	0.01262	0.00994	0.01392	0.00829	0.00811	0.02580	0.04222	0.62568	0.13381	0.02343	0.02063	0.00793	0.00600	0.00181	0.00460	0.00658	0.00703	0.00921
47	0.00709	0.00506	0.00675	0.00810	0.00843	0.00472	0.00540	0.00810	0.01113	0.01484	0.03205	0.79184	0.03846	0.01822	0.00742	0.00236	0.00337	0.01653	0.00540	0.00472
48	0.00819	0.00594	0.00772	0.00728	0.00867	0.00547	0.00546	0.01090	0.01637	0.02311	0.73739	0.04378	0.07389	0.01197	0.00686	0.00183	0.00275	0.01056	0.00637	0.00547
49	0.01598	0.74506	0.02949	0.01030	0.01514	0.07553	0.01004	0.01782	0.01214	0.01372	0.00815	0.00941	0.00746	0.00505	0.00384	0.00126	0.00652	0.00315	0.00252	0.00741
50	0.01366	0.01466	0.02947	0.02667	0.23703	0.01434	0.46808	0.01782	0.01323	0.01835	0.01189	0.03816	0.00974	0.00569	0.00728	0.00194	0.05440	0.00656	0.00297	0.00805
51	0.01220	0.10658	0.01367	0.06439	0.01415	0.03963	0.00866	0.09308	0.06416	0.01775	0.01624	0.02154	0.03431	0.05354	0.28611	0.00466	0.03833	0.02718	0.07741	0.00640
52	0.01360	0.01294	0.02182	0.06088	0.66516	0.01298	0.01662	0.01687	0.01309	0.01851	0.01410	0.04889	0.04627	0.00621	0.00588	0.00177	0.00660	0.00600	0.00309	0.00871
53	0.00709	0.00506	0.00675	0.00810	0.00843	0.00472	0.00540	0.00810	0.01113	0.01484	0.03205	0.79184	0.03846	0.01822	0.00742	0.00236	0.00337	0.01653	0.00540	0.00472
54	0.02061	0.01652	0.01678	0.06476	0.01895	0.09747	0.01108	0.57555	0.02418	0.03148	0.01393	0.01464	0.02399	0.00740	0.00636	0.03014	0.00681	0.00520	0.00518	0.00897

[dist]
# distance from previous block
# <min> <max>
13	17

[block]
# block no. 5 follows, 40 sequences, length 31
# corresponding to MSA columns:
# 260-290
name=unknown_F
#
# <colnr> <probs for GDERKNQSTAVLIFYWHMCP>
#	G	D	E	R	K	N	Q	S	T	A	V	L	I	F	Y	W	H	M	C	P
0	0.13065	0.08531	0.15672	0.03037	0.01818	0.15881	0.01212	0.24386	0.03571	0.02389	0.01199	0.04518	0.00962	0.00661	0.00524	0.00172	0.00716	0.00482	0.00398	0.00804
1	0.01795	0.23753	0.03836	0.03359	0.03250	0.33339	0.01098	0.08108	0.08671	0.01711	0.01104	0.01245	0.00909	0.00790	0.04495	0.00193	0.00846	0.00418	0.00335	0.00745
2	0.03526	0.01355	0.01479	0.01171	0.01586	0.01436	0.00947	0.43697	0.10783	0.05245	0.04371	0.06420	0.01415	0.00754	0.00569	0.00168	0.00546	0.00600	0.00546	0.13386
3	0.32194	0.23759	0.03694	0.00958	0.01368	0.03123	0.00855	0.13873	0.01412	0.04582	0.03094	0.01236	0.00946	0.00589	0.00428	0.00160	0.00538	0.00397	0.06060	0.00733
4	0.00831	0.00623	0.00935	0.00935	0.01038	0.00727	0.00727	0.01038	0.00935	0.01350	0.01558	0.02285	0.01454	0.04361	0.77259	0.00935	0.01558	0.00623	0.00312	0.00519
5	0.01366	0.01141	0.01251	0.01165	0.01458	0.01296	0.00930	0.05128	0.57058	0.02330	0.02482	0.03059	0.02076	0.00956	0.00636	0.00211	0.00482	0.15550	0.00580	0.00842
6	0.83671	0.01125	0.00855	0.00765	0.01125	0.01305	0.00630	0.01709	0.00990	0.02609	0.00810	0.00945	0.00630	0.00540	0.00360	0.00180	0.00450	0.00315	0.00360	0.00630
7	0.01272	0.01272	0.01781	0.01527	0.01527	0.01781	0.01272	0.01399	0.00891	0.01399	0.00763	0.01272	0.00763	0.01018	0.01908	0.00254	0.78499	0.00509	0.00254	0.00636
8	0.00832	0.00620	0.00919	0.00919	0.01018	0.00718	0.00708	0.01028	0.00930	0.01338	0.01572	0.02363	0.01488	0.08236	0.73431	0.00915	0.01506	0.00635	0.00314	0.00511
9	0.00781	0.00593	0.00719	0.00688	0.00843	0.00531	0.00516	0.01017	0.01548	0.02098	0.54205	0.04729	0.27057	0.01276	0.00686	0.00187	0.00281	0.01106	0.00609	0.00531
10	0.00796	0.00584	0.00746	0.00726	0.00857	0.00534	0.00537	0.01036	0.01550	0.02154	0.59898	0.13230	0.12602	0.01292	0.00693	0.00191	0.00284	0.01140	0.00618	0.00534
11	0.00700	0.00590	0.00606	0.00602	0.00793	0.00496	0.00451	0.00858	0.01354	0.01640	0.12184	0.05483	0.69363	0.01447	0.00687	0.00195	0.00293	0.01211	0.00549	0.00496
12	0.01084	0.00542	0.00542	0.00542	0.00678	0.00542	0.00407	0.01355	0.01220	0.02168	0.01897	0.02168	0.01491	0.00678	0.00407	0.00136	0.00271	0.00542	0.82791	0.00542
13	0.83671	0.01125	0.00855	0.00765	0.01125	0.01305	0.00630	0.01709	0.00990	0.02609	0.00810	0.00945	0.00630	0.00540	0.00360	0.00180	0.00450	0.00315	0.00360	0.00630
14	0.00831	0.00621	0.00923	0.00923	0.01023	0.00721	0.00713	0.01031	0.00931	0.01342	0.01568	0.02342	0.01479	0.07189	0.74465	0.00921	0.01520	0.00631	0.00313	0.00513
15	0.01555	0.79913	0.03047	0.00995	0.01493	0.02301	0.00995	0.01741	0.01182	0.01368	0.00808	0.00933	0.00746	0.00498	0.00373	0.00124	0.00622	0.00311	0.00249	0.00746
16	0.06435	0.01032	0.01312	0.01045	0.01459	0.00968	0.00859	0.06825	0.08129	0.56724	0.04198	0.02169	0.01593	0.00766	0.00586	0.00185	0.00494	0.03615	0.00672	0.00934
17	0.11478	0.36581	0.07413	0.03073	0.01520	0.07317	0.00991	0.01760	0.01281	0.07830	0.10020	0.03449	0.01438	0.00667	0.00512	0.00157	0.02954	0.00481	0.00359	0.00718
18	0.01993	0.06460	0.01665	0.11281	0.10715	0.05334	0.01109	0.06080	0.12250	0.34386	0.01780	0.01738	0.01235	0.00666	0.00567	0.00178	0.00595	0.00546	0.00529	0.00894
19	0.11927	0.55443	0.02362	0.00928	0.01350	0.05533	0.00875	0.01713	0.01185	0.01637	0.00961	0.01108	0.00833	0.00532	0.00383	0.00134	0.00573	0.00346	0.11477	0.00700
20	0.01158	0.05136	0.67588	0.01585	0.02369	0.01319	0.02006	0.01782	0.01236	0.01818	0.01218	0.01693	0.00969	0.00645	0.00569	0.00190	0.00823	0.06797	0.00271	0.00827
21	0.00846	0.00564	0.00634	0.00634	0.00634	0.00564	0.00352	0.00846	0.00846	0.01128	0.01832	0.03805	0.02114	0.79563	0.02960	0.00564	0.00564	0.00846	0.00352	0.00352
22	0.01186	0.06970	0.72763	0.01623	0.02464	0.01399	0.02089	0.01836	0.01225	0.01817	0.01031	0.01213	0.00737	0.00550	0.00543	0.00181	0.00847	0.00424	0.00246	0.00854
23	0.00687	0.00589	0.00589	0.00589	0.00785	0.00491	0.00442	0.00835	0.01325	0.01571	0.05891	0.05596	0.75700	0.01473	0.00687	0.00196	0.00295	0.01227	0.00540	0.00491
24	0.01098	0.01034	0.01744	0.78165	0.04005	0.01292	0.01615	0.01486	0.01163	0.01486	0.01034	0.01550	0.00775	0.00581	0.00581	0.00194	0.00775	0.00517	0.00258	0.00646
25	0.01555	0.79913	0.03047	0.00995	0.01493	0.02301	0.00995	0.01741	0.01182	0.01368	0.00808	0.00933	0.00746	0.00498	0.00373	0.00124	0.00622	0.00311	0.00249	0.00746
26	0.01206	0.01034	0.01206	0.00861	0.01378	0.00775	0.00689	0.01464	0.01206	0.01895	0.01034	0.01206	0.00861	0.00431	0.00431	0.00086	0.00431	0.00345	0.00345	0.83118
27	0.02594	0.01014	0.01364	0.01046	0.01496	0.00890	0.00864	0.05506	0.01705	0.73609	0.02260	0.01957	0.01423	0.00719	0.00585	0.00180	0.00500	0.00582	0.00715	0.00990
28	0.02168	0.01588	0.01700	0.01308	0.01761	0.01756	0.01079	0.71270	0.02677	0.03609	0.01415	0.01425	0.01008	0.00697	0.00575	0.00173	0.00626	0.00524	0.03667	0.00972
29	0.05620	0.01550	0.01652	0.01279	0.01727	0.01713	0.01054	0.65095	0.04643	0.05368	0.01435	0.01435	0.01021	0.00694	0.00568	0.00174	0.00613	0.00521	0.02878	0.00959
30	0.01203	0.01117	0.01848	0.62362	0.16010	0.01329	0.01622	0.04610	0.01257	0.01648	0.01059	0.01525	0.00809	0.00576	0.00580	0.00189	0.00755	0.00517	0.00277	0.00707

[dist]
# distance from previous block
# <min> <max>
0	10

[block]
# block no. 6 follows, 40 sequences, length 33
# corresponding to MSA columns:
# 301-316,321-337
name=unknown_G
#
# <colnr> <probs for GDERKNQSTAVLIFYWHMCP>
#	G	D	E	R	K	N	Q	S	T	A	V	L	I	F	Y	W	H	M	C	P
0	0.01341	0.01397	0.06572	0.02975	0.56041	0.01292	0.05846	0.01746	0.04198	0.01882	0.01620	0.01948	0.07707	0.00639	0.00596	0.00180	0.00670	0.02162	0.00326	0.00862
1	0.01223	0.01088	0.01542	0.15016	0.01873	0.01377	0.02785	0.09119	0.01188	0.01693	0.01316	0.01769	0.04286	0.01574	0.16541	0.00364	0.32837	0.00572	0.03192	0.00646
2	0.06390	0.10775	0.46236	0.01655	0.08175	0.01415	0.05274	0.03287	0.01291	0.06292	0.03278	0.01351	0.00939	0.00571	0.00536	0.00177	0.00758	0.00459	0.00305	0.00836
3	0.01182	0.01105	0.01839	0.54191	0.21048	0.01287	0.01602	0.01590	0.03354	0.01625	0.01189	0.01791	0.00967	0.00623	0.00591	0.00193	0.00734	0.04083	0.00289	0.00714
4	0.00757	0.00592	0.00686	0.00662	0.00828	0.00521	0.00497	0.00969	0.01490	0.01961	0.41652	0.04954	0.39695	0.01327	0.00687	0.00189	0.00284	0.01137	0.00591	0.00521
5	0.01914	0.01477	0.01580	0.01264	0.01688	0.01637	0.01025	0.47514	0.25928	0.03179	0.01691	0.01636	0.01236	0.00714	0.00577	0.00177	0.00572	0.00558	0.00573	0.05058
6	0.01681	0.01238	0.01394	0.01197	0.01521	0.01344	0.00981	0.44521	0.04700	0.02874	0.02071	0.13479	0.01959	0.01068	0.00656	0.00205	0.00567	0.17169	0.00566	0.00810
7	0.04348	0.04611	0.04943	0.06084	0.49613	0.10097	0.03061	0.01815	0.02855	0.01800	0.01071	0.01387	0.00892	0.00603	0.00632	0.03855	0.00724	0.00489	0.00292	0.00829
8	0.01448	0.00871	0.00932	0.00804	0.01035	0.00928	0.00637	0.20670	0.01628	0.05440	0.01743	0.01927	0.01332	0.00696	0.00508	0.00151	0.02894	0.00538	0.55136	0.00681
9	0.00709	0.00506	0.00675	0.00810	0.00843	0.00472	0.00540	0.00810	0.01113	0.01484	0.03205	0.79184	0.03846	0.01822	0.00742	0.00236	0.00337	0.01653	0.00540	0.00472
10	0.01291	0.26531	0.52006	0.01476	0.02218	0.01645	0.03780	0.01811	0.01218	0.01697	0.00975	0.01147	0.00744	0.00534	0.00501	0.00166	0.00790	0.00400	0.00248	0.00823
11	0.04882	0.04853	0.49543	0.01847	0.09370	0.08515	0.09295	0.01875	0.01280	0.01829	0.01031	0.01245	0.00766	0.00545	0.00552	0.00179	0.00849	0.00451	0.00265	0.00827
12	0.02586	0.01027	0.01373	0.01053	0.01503	0.00911	0.00869	0.07036	0.01728	0.72047	0.02241	0.01945	0.01413	0.00718	0.00585	0.00180	0.00503	0.00581	0.00712	0.00990
13	0.01106	0.01044	0.01746	0.74760	0.03895	0.01314	0.01600	0.01482	0.01151	0.01482	0.01022	0.01538	0.00775	0.00601	0.00640	0.00196	0.04229	0.00516	0.00258	0.00646
14	0.01439	0.01382	0.02360	0.03569	0.75936	0.01382	0.01785	0.01785	0.01324	0.01900	0.01094	0.01439	0.00921	0.00518	0.00576	0.00173	0.00691	0.00518	0.00288	0.00921
15	0.02205	0.01500	0.01640	0.01264	0.01711	0.01629	0.01042	0.61976	0.02533	0.12327	0.01528	0.01503	0.01067	0.00700	0.00574	0.00173	0.00605	0.00532	0.04524	0.00968
16	0.00845	0.00567	0.00653	0.00653	0.00659	0.00574	0.00375	0.00857	0.00851	0.01141	0.01815	0.03712	0.02074	0.74949	0.07518	0.00587	0.00625	0.00832	0.00350	0.00363
17	0.83671	0.01125	0.00855	0.00765	0.01125	0.01305	0.00630	0.01709	0.00990	0.02609	0.00810	0.00945	0.00630	0.00540	0.00360	0.00180	0.00450	0.00315	0.00360	0.00630
18	0.01446	0.01249	0.01315	0.01183	0.01512	0.01446	0.00920	0.03090	0.74885	0.02433	0.02367	0.02170	0.01775	0.00789	0.00592	0.00197	0.00460	0.00657	0.00592	0.00920
19	0.01555	0.79913	0.03047	0.00995	0.01493	0.02301	0.00995	0.01741	0.01182	0.01368	0.00808	0.00933	0.00746	0.00498	0.00373	0.00124	0.00622	0.00311	0.00249	0.00746
20	0.01166	0.03008	0.76550	0.01657	0.02517	0.01351	0.02149	0.01842	0.01228	0.01842	0.01044	0.01228	0.00737	0.00552	0.00552	0.00184	0.00859	0.00430	0.00246	0.00859
21	0.01555	0.79913	0.03047	0.00995	0.01493	0.02301	0.00995	0.01741	0.01182	0.01368	0.00808	0.00933	0.00746	0.00498	0.00373	0.00124	0.00622	0.00311	0.00249	0.00746
22	0.00701	0.00534	0.00646	0.00736	0.00824	0.00479	0.00507	0.00818	0.01184	0.01513	0.04098	0.54723	0.27730	0.01706	0.00724	0.00223	0.00323	0.01512	0.00540	0.00479
23	0.00707	0.00511	0.00670	0.00797	0.00840	0.00473	0.00534	0.00811	0.01126	0.01490	0.03362	0.74880	0.08048	0.01801	0.00739	0.00234	0.00335	0.01628	0.00540	0.00473
24	0.00709	0.00506	0.00675	0.00810	0.00843	0.00472	0.00540	0.00810	0.01113	0.01484	0.03205	0.79184	0.03846	0.01822	0.00742	0.00236	0.00337	0.01653	0.00540	0.00472
25	0.00756	0.00698	0.04025	0.00687	0.00892	0.00549	0.00555	0.00972	0.01434	0.01851	0.30248	0.04961	0.47635	0.01332	0.00681	0.00191	0.00312	0.01130	0.00562	0.00528
26	0.01994	0.01613	0.01747	0.09384	0.02028	0.08749	0.04348	0.52618	0.02327	0.03067	0.01329	0.01429	0.00966	0.00666	0.00572	0.00173	0.00688	0.00517	0.04897	0.00891
27	0.00849	0.00626	0.00832	0.00959	0.04242	0.00605	0.00638	0.05220	0.01292	0.01746	0.12300	0.59904	0.03747	0.01612	0.00720	0.00224	0.00367	0.03039	0.00544	0.00534
28	0.01342	0.12568	0.31353	0.01433	0.03496	0.08055	0.04571	0.03455	0.13204	0.01875	0.04061	0.01960	0.04560	0.00711	0.00564	0.00181	0.00713	0.04744	0.00360	0.00793
29	0.20440	0.04166	0.04998	0.09671	0.28944	0.11836	0.03652	0.01797	0.01261	0.01935	0.00983	0.01247	0.00797	0.00535	0.00507	0.00168	0.00692	0.00436	0.00304	0.05633
30	0.05194	0.04300	0.09479	0.06294	0.16828	0.08044	0.01256	0.17325	0.06992	0.02246	0.01574	0.01846	0.05065	0.00690	0.00557	0.00174	0.00648	0.03403	0.04055	0.04031
31	0.09247	0.08999	0.17222	0.09017	0.12458	0.12685	0.01349	0.08757	0.01404	0.01915	0.01311	0.05995	0.03277	0.00791	0.03005	0.00199	0.00748	0.00533	0.00333	0.00755
32	0.18200	0.04908	0.02923	0.06370	0.17698	0.11112	0.01130	0.05100	0.08464	0.05058	0.01373	0.04181	0.02853	0.00682	0.00601	0.00180	0.05221	0.00521	0.02670	0.00757

[dist]
# distance from previous block
# <min> <max>
0	64

# created by:
# /st0/software/busco_prod/Augustus/scripts/msa2prfl.pl ./align_prep/152030.fa
