[name]
unknown

[dist]
# distance from previous block
# <min> <max>
0	112

[block]
# block no. 0 follows, 47 sequences, length 24
# corresponding to MSA columns:
# 140-163
name=unknown_A
#
# <colnr> <probs for GDERKNQSTAVLIFYWHMCP>
#	G	D	E	R	K	N	Q	S	T	A	V	L	I	F	Y	W	H	M	C	P
0	0.23481	0.19920	0.02931	0.01085	0.05650	0.06922	0.05198	0.04658	0.01153	0.03674	0.06972	0.01231	0.01029	0.00538	0.00468	0.00141	0.03912	0.00392	0.00317	0.10326
1	0.01570	0.03217	0.06076	0.01333	0.07303	0.01333	0.06645	0.35878	0.11518	0.04524	0.03813	0.01414	0.01075	0.00582	0.00509	0.00150	0.00551	0.00482	0.00437	0.11591
2	0.03477	0.24079	0.28840	0.01319	0.09098	0.01381	0.01269	0.07631	0.01219	0.02961	0.05394	0.01248	0.00976	0.00615	0.02724	0.00162	0.00627	0.00401	0.00286	0.06293
3	0.01228	0.01069	0.03155	0.08246	0.03797	0.01026	0.07026	0.14012	0.08413	0.01967	0.02472	0.01614	0.02775	0.00579	0.00522	0.00138	0.03181	0.03079	0.06662	0.29039
4	0.01405	0.03372	0.06999	0.14511	0.01859	0.05544	0.05348	0.09858	0.07329	0.12820	0.04785	0.01453	0.01085	0.00549	0.00489	0.00142	0.00554	0.00458	0.00382	0.21059
5	0.01164	0.00923	0.01089	0.00782	0.01241	0.00699	0.00627	0.01394	0.01107	0.06876	0.01001	0.01126	0.00806	0.00403	0.00395	0.00083	0.00390	0.00323	0.00331	0.79241
6	0.01088	0.00913	0.01101	0.05730	0.01371	0.00718	0.00668	0.01323	0.01084	0.03214	0.00996	0.03062	0.00842	0.00430	0.00404	0.00088	0.00404	0.00351	0.00315	0.75899
7	0.00983	0.00926	0.01562	0.80447	0.03587	0.01157	0.01446	0.01331	0.01041	0.01331	0.00926	0.01388	0.00694	0.00521	0.00521	0.00174	0.00694	0.00463	0.00231	0.00579
8	0.00615	0.00528	0.00528	0.00528	0.00703	0.00440	0.00396	0.00747	0.01187	0.01407	0.05276	0.05012	0.78238	0.01319	0.00615	0.00176	0.00264	0.01099	0.00484	0.00440
9	0.01282	0.01115	0.01257	0.01260	0.08667	0.01270	0.00898	0.02608	0.68089	0.02116	0.02029	0.01993	0.01557	0.00704	0.00534	0.00176	0.00434	0.02694	0.00503	0.00815
10	0.01951	0.01445	0.01547	0.01192	0.01604	0.01602	0.00983	0.73653	0.05555	0.03236	0.01286	0.01279	0.00915	0.00629	0.00521	0.00157	0.00566	0.00474	0.00521	0.00883
11	0.01922	0.02438	0.01498	0.01407	0.04315	0.76849	0.01027	0.02063	0.01466	0.01290	0.00811	0.00951	0.00676	0.00534	0.00471	0.00135	0.00928	0.00340	0.00268	0.00612
12	0.00823	0.00542	0.00714	0.00684	0.00810	0.00498	0.00508	0.01041	0.01397	0.06913	0.60985	0.16387	0.04440	0.01130	0.00617	0.00171	0.00268	0.01003	0.00563	0.00506
13	0.01275	0.01223	0.02088	0.06745	0.75011	0.01234	0.01591	0.01586	0.01179	0.01684	0.00977	0.01293	0.00819	0.00467	0.00516	0.00156	0.00622	0.00464	0.00257	0.00814
14	0.01189	0.01358	0.05816	0.06474	0.02438	0.01319	0.52285	0.01659	0.06856	0.01626	0.01109	0.02969	0.00877	0.00550	0.00738	0.00182	0.10999	0.00591	0.00279	0.00685
15	0.01951	0.02327	0.01489	0.01320	0.01611	0.67778	0.01004	0.13400	0.01623	0.01579	0.00873	0.00986	0.00703	0.00550	0.00477	0.00138	0.00884	0.00356	0.00307	0.00646
16	0.00634	0.00453	0.00604	0.00725	0.00755	0.00423	0.00483	0.00725	0.00997	0.01329	0.02870	0.81358	0.03444	0.01632	0.00665	0.00211	0.00302	0.01480	0.00483	0.00423
17	0.01171	0.01264	0.02561	0.20611	0.08508	0.01290	0.48939	0.01560	0.01157	0.01567	0.00997	0.01377	0.00764	0.00487	0.00648	0.00177	0.05437	0.00558	0.00253	0.00675
18	0.00769	0.00512	0.00600	0.00618	0.00675	0.00484	0.00394	0.00828	0.00936	0.04469	0.04270	0.23136	0.15172	0.42916	0.01676	0.00354	0.00405	0.00990	0.00405	0.00391
19	0.00637	0.00458	0.00605	0.00716	0.00754	0.00426	0.00481	0.00734	0.01019	0.01357	0.05434	0.76248	0.05996	0.01602	0.00661	0.00209	0.00299	0.01450	0.00486	0.00426
20	0.01239	0.01177	0.01954	0.15675	0.60439	0.01229	0.01516	0.01642	0.06868	0.01676	0.01056	0.01354	0.00861	0.00491	0.00517	0.00159	0.00616	0.00473	0.00274	0.00785
21	0.00675	0.00485	0.00619	0.00709	0.00760	0.00457	0.00491	0.00774	0.01004	0.01317	0.02919	0.53252	0.10753	0.13415	0.00960	0.00255	0.00349	0.09932	0.00458	0.00415
22	0.00876	0.00455	0.00666	0.00676	0.00678	0.00453	0.00447	0.00686	0.00707	0.00942	0.01094	0.07652	0.01152	0.06419	0.01968	0.73640	0.00444	0.00547	0.00251	0.00246
23	0.01279	0.01227	0.02095	0.05790	0.75936	0.01235	0.01593	0.01589	0.01181	0.01689	0.00978	0.01292	0.00821	0.00466	0.00516	0.00155	0.00621	0.00464	0.00257	0.00817

[dist]
# distance from previous block
# <min> <max>
0	51

[block]
# block no. 1 follows, 47 sequences, length 7
# corresponding to MSA columns:
# 215-221
name=unknown_B
#
# <colnr> <probs for GDERKNQSTAVLIFYWHMCP>
#	G	D	E	R	K	N	Q	S	T	A	V	L	I	F	Y	W	H	M	C	P
0	0.01282	0.17176	0.53011	0.01307	0.01962	0.01357	0.01571	0.06734	0.01216	0.08276	0.01012	0.01118	0.00730	0.00507	0.00469	0.00154	0.00689	0.00383	0.00277	0.00769
1	0.00747	0.00539	0.00697	0.00711	0.00742	0.00580	0.00480	0.00821	0.00829	0.01140	0.01777	0.18711	0.01990	0.40647	0.22931	0.00522	0.04576	0.00835	0.00335	0.00390
2	0.13657	0.01528	0.14781	0.01799	0.02328	0.01252	0.49842	0.01686	0.01170	0.05410	0.01033	0.01291	0.00760	0.00464	0.00548	0.00171	0.00770	0.00525	0.00283	0.00701
3	0.01457	0.01515	0.01847	0.17447	0.28342	0.20450	0.07705	0.09525	0.03615	0.01700	0.00994	0.01248	0.00788	0.00515	0.00515	0.00156	0.00723	0.00449	0.00291	0.00719
4	0.01244	0.01287	0.01805	0.41218	0.13912	0.12794	0.10003	0.04333	0.01187	0.01484	0.00929	0.01291	0.00727	0.00531	0.00589	0.00168	0.05139	0.00461	0.00255	0.00643
5	0.08182	0.01330	0.02006	0.02264	0.37341	0.09236	0.16858	0.01795	0.01246	0.13069	0.01115	0.01313	0.00850	0.00494	0.00517	0.00158	0.00662	0.00476	0.00322	0.00765
6	0.01786	0.01543	0.01609	0.01279	0.01661	0.13029	0.07422	0.45811	0.15888	0.02647	0.01326	0.01344	0.00974	0.00611	0.00523	0.00158	0.00624	0.00484	0.00463	0.00817

[dist]
# distance from previous block
# <min> <max>
1	3

[block]
# block no. 2 follows, 47 sequences, length 18
# corresponding to MSA columns:
# 225-242
name=unknown_C
#
# <colnr> <probs for GDERKNQSTAVLIFYWHMCP>
#	G	D	E	R	K	N	Q	S	T	A	V	L	I	F	Y	W	H	M	C	P
0	0.15048	0.00993	0.01163	0.01005	0.01304	0.01082	0.05773	0.02145	0.37215	0.11627	0.03428	0.02096	0.05412	0.00892	0.04813	0.00211	0.00491	0.04108	0.00475	0.00719
1	0.01321	0.00954	0.01143	0.00852	0.01273	0.00806	0.00687	0.03638	0.05322	0.14136	0.01169	0.01245	0.00898	0.00476	0.00482	0.00105	0.04175	0.00370	0.00377	0.60573
2	0.01200	0.01178	0.02108	0.16305	0.49464	0.01201	0.13755	0.01534	0.01181	0.01650	0.04607	0.01447	0.00989	0.00498	0.00537	0.00162	0.00657	0.00511	0.00269	0.00747
3	0.01085	0.00943	0.01121	0.00819	0.01245	0.00766	0.00658	0.01307	0.01058	0.01662	0.00906	0.01085	0.00764	0.00427	0.00491	0.00089	0.06753	0.00320	0.00302	0.78202
4	0.02209	0.01028	0.01288	0.00995	0.01396	0.00983	0.00819	0.19532	0.05084	0.58115	0.01873	0.01661	0.01210	0.00643	0.00523	0.00161	0.00472	0.00514	0.00611	0.00883
5	0.01295	0.01119	0.01178	0.01060	0.01354	0.01295	0.00824	0.02767	0.77509	0.02178	0.02120	0.01943	0.01590	0.00707	0.00530	0.00177	0.00412	0.00589	0.00530	0.00824
6	0.01779	0.01351	0.01563	0.17145	0.02012	0.01523	0.01082	0.61545	0.02165	0.02889	0.01185	0.01278	0.00847	0.00604	0.00521	0.00160	0.00597	0.00468	0.00463	0.00824
7	0.00745	0.00554	0.00818	0.00818	0.00904	0.00641	0.00627	0.00918	0.00831	0.01195	0.01412	0.02142	0.01344	0.09382	0.74215	0.00814	0.01332	0.00572	0.00282	0.00454
8	0.00983	0.00926	0.01562	0.80447	0.03587	0.01157	0.01446	0.01331	0.01041	0.01331	0.00926	0.01388	0.00694	0.00521	0.00521	0.00174	0.00694	0.00463	0.00231	0.00579
9	0.01179	0.01125	0.01915	0.30992	0.51514	0.01208	0.01544	0.01502	0.01134	0.01568	0.00960	0.01325	0.00778	0.00484	0.00517	0.00161	0.00646	0.00464	0.00248	0.00736
10	0.01289	0.01237	0.02114	0.03196	0.78450	0.01237	0.01598	0.01598	0.01186	0.01701	0.00980	0.01289	0.00825	0.00464	0.00516	0.00155	0.00619	0.00464	0.00258	0.00825
11	0.01247	0.01194	0.02037	0.13895	0.68082	0.01226	0.01577	0.01561	0.01166	0.01650	0.00972	0.01303	0.00807	0.00472	0.00516	0.00157	0.00629	0.00464	0.00254	0.00791
12	0.00917	0.00573	0.00747	0.00689	0.00845	0.00521	0.00527	0.01146	0.01438	0.10985	0.60944	0.06058	0.08593	0.01056	0.00608	0.00168	0.00277	0.02804	0.00571	0.00532
13	0.01022	0.10318	0.34144	0.01246	0.01750	0.01097	0.10199	0.01416	0.01146	0.01595	0.06492	0.02149	0.09816	0.00696	0.00547	0.00163	0.02062	0.07200	0.00307	0.06633
14	0.01289	0.01237	0.02114	0.03196	0.78450	0.01237	0.01598	0.01598	0.01186	0.01701	0.00980	0.01289	0.00825	0.00464	0.00516	0.00155	0.00619	0.00464	0.00258	0.00825
15	0.03119	0.23108	0.50243	0.01418	0.05005	0.01436	0.05666	0.01622	0.01094	0.01558	0.00883	0.01049	0.00673	0.00477	0.00456	0.00151	0.00706	0.00370	0.00227	0.00737
16	0.01177	0.34741	0.27590	0.01111	0.01609	0.01451	0.04286	0.04442	0.01208	0.01618	0.14630	0.01507	0.01436	0.00579	0.00456	0.00143	0.00586	0.00453	0.00298	0.00680
17	0.00714	0.03700	0.00734	0.00754	0.00831	0.00542	0.00544	0.00885	0.03905	0.01427	0.07251	0.59688	0.06820	0.01484	0.00647	0.00205	0.00329	0.08603	0.00480	0.00458

[dist]
# distance from previous block
# <min> <max>
2	10

[block]
# block no. 3 follows, 47 sequences, length 18
# corresponding to MSA columns:
# 253-270
name=unknown_D
#
# <colnr> <probs for GDERKNQSTAVLIFYWHMCP>
#	G	D	E	R	K	N	Q	S	T	A	V	L	I	F	Y	W	H	M	C	P
0	0.05693	0.70493	0.02519	0.00923	0.01334	0.05626	0.00891	0.01568	0.01057	0.01286	0.00726	0.00855	0.00664	0.00473	0.00402	0.00120	0.04196	0.00289	0.00230	0.00655
1	0.01250	0.01130	0.08808	0.01020	0.02564	0.01058	0.00842	0.06453	0.38196	0.07803	0.01984	0.03366	0.04843	0.13685	0.00871	0.00225	0.00471	0.02258	0.00459	0.02714
2	0.04998	0.33903	0.45376	0.01214	0.01836	0.01543	0.01455	0.01608	0.01074	0.01513	0.00842	0.00984	0.00659	0.00475	0.00424	0.00144	0.00669	0.00338	0.00226	0.00720
3	0.00909	0.00669	0.00782	0.00753	0.00886	0.00664	0.00540	0.12952	0.01211	0.01613	0.03610	0.30399	0.12344	0.19022	0.04756	0.00285	0.00444	0.02934	0.00435	0.04791
4	0.00745	0.00555	0.00824	0.00824	0.00913	0.00644	0.00635	0.00922	0.00833	0.01199	0.01407	0.02111	0.01330	0.07615	0.75964	0.00821	0.01352	0.00567	0.00281	0.00458
5	0.06875	0.04262	0.32788	0.30899	0.05719	0.01231	0.06183	0.01510	0.01066	0.01559	0.00913	0.01208	0.00681	0.00507	0.00524	0.00168	0.02573	0.00422	0.00236	0.00675
6	0.01392	0.82012	0.02729	0.00891	0.01337	0.02061	0.00891	0.01559	0.01058	0.01225	0.00724	0.00835	0.00668	0.00446	0.00334	0.00111	0.00557	0.00278	0.00223	0.00668
7	0.01189	0.00922	0.01091	0.00785	0.01242	0.00700	0.00630	0.01418	0.01115	0.08379	0.01023	0.01140	0.00816	0.00408	0.00398	0.00084	0.00391	0.00327	0.00338	0.77603
8	0.01614	0.01157	0.01268	0.01069	0.01408	0.01282	0.00852	0.19190	0.48632	0.14691	0.01916	0.01761	0.01385	0.00678	0.00527	0.00170	0.00453	0.00552	0.00546	0.00848
9	0.01381	0.01094	0.01153	0.01024	0.01289	0.05034	0.00801	0.21640	0.29982	0.05244	0.03777	0.17530	0.01866	0.00904	0.00563	0.00179	0.00460	0.04845	0.00508	0.00726
10	0.01584	0.01263	0.01600	0.01364	0.05552	0.06450	0.13009	0.11317	0.34622	0.14972	0.01688	0.01645	0.01227	0.00620	0.00537	0.00167	0.00557	0.00544	0.00474	0.00808
11	0.00651	0.00466	0.00619	0.00714	0.00759	0.00434	0.00485	0.00766	0.01073	0.01451	0.14925	0.68958	0.03680	0.01541	0.00657	0.00204	0.00293	0.01394	0.00498	0.00434
12	0.00829	0.00694	0.00992	0.00919	0.01056	0.00788	0.04372	0.01125	0.07589	0.01351	0.02001	0.02402	0.13564	0.02784	0.49484	0.00589	0.07979	0.00641	0.00328	0.00513
13	0.00933	0.13718	0.01193	0.00885	0.01032	0.04619	0.00717	0.01103	0.00922	0.01256	0.01336	0.07991	0.01296	0.02665	0.48167	0.00566	0.06917	0.00565	0.03608	0.00509
14	0.01243	0.01017	0.01067	0.00968	0.01235	0.01166	0.00751	0.02519	0.65276	0.02141	0.02052	0.01943	0.01549	0.00691	0.00503	0.00168	0.00385	0.00572	0.13986	0.00770
15	0.15302	0.02214	0.01365	0.01232	0.01514	0.64591	0.00935	0.04346	0.01412	0.01508	0.00806	0.00934	0.00660	0.00531	0.00448	0.00139	0.00842	0.00331	0.00285	0.00606
16	0.01217	0.08815	0.12450	0.02116	0.14618	0.01339	0.46650	0.01625	0.01185	0.01624	0.01035	0.02991	0.00824	0.00476	0.00559	0.00166	0.00781	0.00549	0.00258	0.00721
17	0.49362	0.03289	0.13311	0.00814	0.01155	0.01030	0.00770	0.01400	0.01014	0.02065	0.10878	0.08712	0.01419	0.00667	0.00420	0.00165	0.00433	0.00497	0.02024	0.00576

[dist]
# distance from previous block
# <min> <max>
1	3

[block]
# block no. 4 follows, 47 sequences, length 47
# corresponding to MSA columns:
# 274-320
name=unknown_E
#
# <colnr> <probs for GDERKNQSTAVLIFYWHMCP>
#	G	D	E	R	K	N	Q	S	T	A	V	L	I	F	Y	W	H	M	C	P
0	0.01263	0.50939	0.26293	0.01078	0.01610	0.01718	0.01198	0.01642	0.05569	0.01417	0.00965	0.01068	0.02309	0.00494	0.00401	0.00133	0.00608	0.00347	0.00245	0.00704
1	0.04607	0.12173	0.01239	0.00908	0.01186	0.13239	0.00726	0.05370	0.20551	0.05934	0.02404	0.06676	0.19455	0.00822	0.00509	0.00159	0.00478	0.00654	0.02266	0.00644
2	0.04340	0.00869	0.01147	0.00893	0.01271	0.00767	0.00734	0.04122	0.01479	0.67662	0.04961	0.02003	0.05917	0.00695	0.00527	0.00162	0.00427	0.00565	0.00621	0.00837
3	0.01020	0.00770	0.01006	0.00857	0.01066	0.00767	0.05065	0.13230	0.05822	0.03564	0.54167	0.03204	0.05463	0.00936	0.00593	0.00164	0.00348	0.00824	0.00543	0.00591
4	0.01080	0.00926	0.01080	0.00771	0.01234	0.00694	0.00617	0.01311	0.01080	0.01697	0.00926	0.01080	0.00771	0.00386	0.00386	0.00077	0.00386	0.00309	0.00309	0.84882
5	0.00737	0.00532	0.00696	0.00655	0.00778	0.00491	0.00491	0.00983	0.01474	0.02088	0.78175	0.03890	0.04914	0.01065	0.00614	0.00164	0.00246	0.00942	0.00573	0.00491
6	0.00643	0.00473	0.00606	0.00707	0.00766	0.00436	0.00490	0.00749	0.01039	0.01355	0.03248	0.64827	0.15356	0.01571	0.00660	0.00207	0.00306	0.05649	0.00483	0.00429
7	0.00634	0.00453	0.00604	0.00725	0.00755	0.00423	0.00483	0.00725	0.00997	0.01329	0.02870	0.81358	0.03444	0.01632	0.00665	0.00211	0.00302	0.01480	0.00483	0.00423
8	0.00737	0.00532	0.00696	0.00655	0.00778	0.00491	0.00491	0.00983	0.01474	0.02088	0.78175	0.03890	0.04914	0.01065	0.00614	0.00164	0.00246	0.00942	0.00573	0.00491
9	0.01392	0.82012	0.02729	0.00891	0.01337	0.02061	0.00891	0.01559	0.01058	0.01225	0.00724	0.00835	0.00668	0.00446	0.00334	0.00111	0.00557	0.00278	0.00223	0.00668
10	0.85377	0.01007	0.00765	0.00685	0.01007	0.01168	0.00564	0.01531	0.00886	0.02336	0.00725	0.00846	0.00564	0.00483	0.00322	0.00161	0.00403	0.00282	0.00322	0.00564
11	0.00744	0.00558	0.00837	0.00837	0.00930	0.00651	0.00651	0.00930	0.00837	0.01209	0.01395	0.02046	0.01302	0.03906	0.79635	0.00837	0.01395	0.00558	0.00279	0.00465
12	0.01945	0.02482	0.01476	0.01342	0.01610	0.79608	0.01006	0.02079	0.01476	0.01275	0.00805	0.00939	0.00671	0.00537	0.00470	0.00134	0.00939	0.00335	0.00268	0.00604
13	0.00746	0.00540	0.00708	0.00687	0.00811	0.00502	0.00529	0.00988	0.01436	0.02011	0.67807	0.04144	0.06461	0.01113	0.00626	0.00173	0.00273	0.09397	0.00560	0.00489
14	0.00971	0.00485	0.00485	0.00485	0.00607	0.00485	0.00364	0.01213	0.01092	0.01942	0.01699	0.01942	0.01335	0.00607	0.00364	0.00121	0.00243	0.00485	0.84589	0.00485
15	0.85377	0.01007	0.00765	0.00685	0.01007	0.01168	0.00564	0.01531	0.00886	0.02336	0.00725	0.00846	0.00564	0.00483	0.00322	0.00161	0.00403	0.00282	0.00322	0.00564
16	0.00832	0.00573	0.00839	0.00821	0.00930	0.00643	0.00636	0.01016	0.00908	0.05553	0.05955	0.02190	0.01535	0.06436	0.67757	0.00748	0.01242	0.00586	0.00318	0.00484
17	0.00905	0.00452	0.00678	0.00678	0.00678	0.00452	0.00452	0.00678	0.00678	0.00905	0.00905	0.01583	0.00905	0.01809	0.02035	0.84848	0.00452	0.00452	0.00226	0.00226
18	0.12403	0.00858	0.01044	0.00914	0.03442	0.00779	0.00726	0.02994	0.01241	0.25156	0.03057	0.02410	0.03859	0.00737	0.00504	0.00155	0.00428	0.15524	0.00459	0.23310
19	0.01289	0.01237	0.02114	0.03196	0.78450	0.01237	0.01598	0.01598	0.01186	0.01701	0.00980	0.01289	0.00825	0.00464	0.00516	0.00155	0.00619	0.00464	0.00258	0.00825
20	0.00634	0.00453	0.00604	0.00725	0.00755	0.00423	0.00483	0.00725	0.00997	0.01329	0.02870	0.81358	0.03444	0.01632	0.00665	0.00211	0.00302	0.01480	0.00483	0.00423
21	0.01289	0.01237	0.02114	0.03196	0.78450	0.01237	0.01598	0.01598	0.01186	0.01701	0.00980	0.01289	0.00825	0.00464	0.00516	0.00155	0.00619	0.00464	0.00258	0.00825
22	0.01328	0.01250	0.02083	0.03084	0.74125	0.01259	0.01564	0.05826	0.01257	0.01790	0.00995	0.01287	0.00828	0.00473	0.00516	0.00155	0.00616	0.00464	0.00273	0.00828
23	0.01167	0.14028	0.01752	0.01274	0.01348	0.01639	0.01084	0.01292	0.00840	0.01247	0.00713	0.01120	0.00701	0.00934	0.04009	0.00229	0.65381	0.00431	0.00229	0.00582
24	0.00757	0.00505	0.00568	0.00568	0.00568	0.00505	0.00316	0.00757	0.00757	0.01010	0.01641	0.03408	0.01893	0.81698	0.02651	0.00505	0.00505	0.00757	0.00316	0.00316
25	0.00975	0.00644	0.00847	0.00889	0.01043	0.00629	0.00744	0.05312	0.01282	0.07861	0.06664	0.13635	0.09650	0.01322	0.00672	0.00216	0.00431	0.46160	0.00501	0.00525
26	0.05558	0.01832	0.01624	0.10811	0.21595	0.40511	0.01187	0.07873	0.01403	0.01602	0.00896	0.01101	0.00726	0.00521	0.00485	0.00147	0.00774	0.00391	0.00284	0.00679
27	0.85377	0.01007	0.00765	0.00685	0.01007	0.01168	0.00564	0.01531	0.00886	0.02336	0.00725	0.00846	0.00564	0.00483	0.00322	0.00161	0.00403	0.00282	0.00322	0.00564
28	0.01218	0.05979	0.01717	0.49461	0.04394	0.12748	0.07106	0.05254	0.01200	0.01456	0.00995	0.01459	0.00800	0.00553	0.00517	0.00166	0.00720	0.03379	0.00264	0.00613
29	0.00729	0.00605	0.00998	0.00960	0.01069	0.00566	0.12625	0.00876	0.01034	0.01383	0.02580	0.68597	0.03021	0.01441	0.00657	0.00206	0.00394	0.01342	0.00448	0.00468
30	0.06013	0.52195	0.20481	0.01011	0.01500	0.01685	0.01090	0.01551	0.01064	0.03041	0.00928	0.05653	0.00837	0.00533	0.00395	0.00134	0.00581	0.00380	0.00252	0.00677
31	0.00768	0.00624	0.00670	0.00645	0.00826	0.00582	0.00489	0.05402	0.07131	0.01656	0.13402	0.09857	0.52271	0.01225	0.00609	0.00177	0.00298	0.02366	0.00500	0.00501
32	0.02325	0.00905	0.01220	0.00935	0.01339	0.00793	0.00773	0.04936	0.01521	0.76369	0.02029	0.01756	0.01276	0.00644	0.00524	0.00161	0.00447	0.00522	0.00641	0.00886
33	0.00983	0.00926	0.01562	0.80447	0.03587	0.01157	0.01446	0.01331	0.01041	0.01331	0.00926	0.01388	0.00694	0.00521	0.00521	0.00174	0.00694	0.00463	0.00231	0.00579
34	0.01212	0.05921	0.07453	0.02042	0.02565	0.01328	0.65966	0.01636	0.01206	0.01634	0.01076	0.03470	0.00846	0.00474	0.00593	0.00172	0.00839	0.00605	0.00264	0.00697
35	0.01229	0.01149	0.01919	0.02842	0.66108	0.01153	0.01477	0.01558	0.03112	0.01694	0.01247	0.01922	0.01136	0.00601	0.00543	0.00167	0.00595	0.10477	0.00294	0.00778
36	0.00634	0.00453	0.00604	0.00725	0.00755	0.00423	0.00483	0.00725	0.00997	0.01329	0.02870	0.81358	0.03444	0.01632	0.00665	0.00211	0.00302	0.01480	0.00483	0.00423
37	0.00629	0.00525	0.00548	0.00548	0.00713	0.00444	0.00409	0.00771	0.01209	0.01474	0.12663	0.07904	0.67766	0.01305	0.00617	0.00176	0.00263	0.01098	0.00493	0.00444
38	0.01353	0.71074	0.06396	0.00962	0.01385	0.01978	0.00964	0.01537	0.01038	0.01249	0.00731	0.00875	0.00669	0.00488	0.00461	0.00124	0.07530	0.00299	0.00223	0.00665
39	0.01045	0.02694	0.79000	0.01484	0.02254	0.01209	0.01924	0.01649	0.01099	0.01649	0.00935	0.01099	0.00660	0.00495	0.00495	0.00165	0.00770	0.00385	0.00220	0.00770
40	0.00634	0.00453	0.00604	0.00725	0.00755	0.00423	0.00483	0.00725	0.00997	0.01329	0.02870	0.81358	0.03444	0.01632	0.00665	0.00211	0.00302	0.01480	0.00483	0.00423
41	0.00692	0.00529	0.00636	0.00618	0.00757	0.00473	0.00464	0.00892	0.01351	0.01810	0.48232	0.06765	0.31045	0.01181	0.00618	0.00171	0.00259	0.02500	0.00536	0.00470
42	0.01547	0.01413	0.07933	0.01173	0.01555	0.04160	0.02630	0.27088	0.40037	0.04287	0.01660	0.01591	0.01221	0.00648	0.00524	0.00167	0.00525	0.00522	0.00488	0.00831
43	0.00757	0.00505	0.00568	0.00568	0.00568	0.00505	0.00316	0.00757	0.00757	0.01010	0.01641	0.03408	0.01893	0.81698	0.02651	0.00505	0.00505	0.00757	0.00316	0.00316
44	0.04019	0.01429	0.01522	0.01178	0.01585	0.01586	0.00970	0.70744	0.06568	0.03197	0.01285	0.01279	0.00917	0.00626	0.00517	0.00158	0.00560	0.00471	0.00517	0.00874
45	0.01183	0.00751	0.02844	0.00988	0.03531	0.00708	0.00791	0.03340	0.01263	0.18480	0.10489	0.17975	0.02605	0.01156	0.00693	0.00202	0.04875	0.27032	0.00500	0.00593
46	0.00770	0.00510	0.00670	0.00710	0.00801	0.00469	0.00506	0.00922	0.01190	0.06133	0.26630	0.46828	0.07535	0.01375	0.00639	0.00192	0.00295	0.02830	0.00521	0.00474

[dist]
# distance from previous block
# <min> <max>
1	16

[block]
# block no. 5 follows, 47 sequences, length 24
# corresponding to MSA columns:
# 337-360
name=unknown_F
#
# <colnr> <probs for GDERKNQSTAVLIFYWHMCP>
#	G	D	E	R	K	N	Q	S	T	A	V	L	I	F	Y	W	H	M	C	P
0	0.12317	0.08281	0.62977	0.01334	0.02020	0.01266	0.01667	0.01627	0.01068	0.01710	0.00891	0.01046	0.00648	0.00490	0.00460	0.00160	0.00705	0.00363	0.00234	0.00735
1	0.00727	0.00531	0.00686	0.00670	0.00790	0.00489	0.00506	0.00952	0.01398	0.01944	0.61963	0.09786	0.10404	0.01151	0.00625	0.00173	0.00267	0.05901	0.00553	0.00482
2	0.01289	0.01237	0.02114	0.03196	0.78450	0.01237	0.01598	0.01598	0.01186	0.01701	0.00980	0.01289	0.00825	0.00464	0.00516	0.00155	0.00619	0.00464	0.00258	0.00825
3	0.00737	0.00532	0.00696	0.00655	0.00778	0.00491	0.00491	0.00983	0.01474	0.02088	0.78175	0.03890	0.04914	0.01065	0.00614	0.00164	0.00246	0.00942	0.00573	0.00491
4	0.00737	0.00532	0.00696	0.00655	0.00778	0.00491	0.00491	0.00983	0.01474	0.02088	0.78175	0.03890	0.04914	0.01065	0.00614	0.00164	0.00246	0.00942	0.00573	0.00491
5	0.00867	0.00568	0.00729	0.00673	0.00820	0.00528	0.00510	0.01136	0.03238	0.07319	0.66058	0.03637	0.06098	0.01013	0.00595	0.00162	0.00263	0.00888	0.04374	0.00525
6	0.00737	0.00532	0.00696	0.00655	0.00778	0.00491	0.00491	0.00983	0.01474	0.02088	0.78175	0.03890	0.04914	0.01065	0.00614	0.00164	0.00246	0.00942	0.00573	0.00491
7	0.00757	0.00505	0.00568	0.00568	0.00568	0.00505	0.00316	0.00757	0.00757	0.01010	0.01641	0.03408	0.01893	0.81698	0.02651	0.00505	0.00505	0.00757	0.00316	0.00316
8	0.01392	0.82012	0.02729	0.00891	0.01337	0.02061	0.00891	0.01559	0.01058	0.01225	0.00724	0.00835	0.00668	0.00446	0.00334	0.00111	0.00557	0.00278	0.00223	0.00668
9	0.02336	0.00886	0.01209	0.00927	0.01329	0.00765	0.00765	0.02538	0.01491	0.78810	0.02055	0.01773	0.01289	0.00645	0.00524	0.00161	0.00443	0.00524	0.00645	0.00886
10	0.01116	0.00715	0.01020	0.02816	0.06272	0.00727	0.00850	0.01328	0.01201	0.14598	0.05753	0.14191	0.02490	0.01189	0.00729	0.00211	0.06335	0.37412	0.00474	0.00573
11	0.01015	0.00891	0.06157	0.01154	0.06842	0.04094	0.00935	0.02858	0.02633	0.05278	0.02358	0.12862	0.02480	0.01218	0.00656	0.00214	0.00508	0.46843	0.00447	0.00558
12	0.01980	0.01459	0.01563	0.01198	0.01615	0.01615	0.00990	0.76713	0.02448	0.03282	0.01250	0.01250	0.00886	0.00625	0.00521	0.00156	0.00573	0.00469	0.00521	0.00886
13	0.82603	0.01022	0.00792	0.00702	0.01027	0.01183	0.00578	0.04031	0.00938	0.02368	0.00743	0.00859	0.00575	0.00488	0.00329	0.00161	0.00409	0.00288	0.00329	0.00575
14	0.00692	0.00517	0.00713	0.00773	0.00824	0.00501	0.02800	0.00795	0.00996	0.01331	0.04497	0.60486	0.04928	0.10886	0.00923	0.00244	0.02526	0.04688	0.00452	0.00428
15	0.01308	0.01025	0.01177	0.00859	0.01311	0.00872	0.00694	0.15635	0.01358	0.05532	0.01039	0.01144	0.00817	0.00443	0.00418	0.00096	0.00424	0.00349	0.00364	0.65137
16	0.01409	0.07165	0.01345	0.01079	0.01392	0.06785	0.00859	0.10244	0.57284	0.02147	0.01850	0.01803	0.01415	0.00683	0.00514	0.00168	0.00477	0.02097	0.00487	0.00797
17	0.01139	0.01139	0.01595	0.01367	0.01367	0.01595	0.01139	0.01253	0.00798	0.01253	0.00684	0.01139	0.00684	0.00911	0.01709	0.00228	0.80745	0.00456	0.00228	0.00570
18	0.01269	0.01207	0.01999	0.08141	0.67055	0.01237	0.01524	0.01678	0.07541	0.01717	0.01071	0.01350	0.00880	0.00488	0.00517	0.00158	0.00606	0.00474	0.00279	0.00808
19	0.01045	0.02694	0.79000	0.01484	0.02254	0.01209	0.01924	0.01649	0.01099	0.01649	0.00935	0.01099	0.00660	0.00495	0.00495	0.00165	0.00770	0.00385	0.00220	0.00770
20	0.01493	0.17532	0.04726	0.01063	0.01402	0.16394	0.00899	0.14620	0.22796	0.01921	0.01399	0.01436	0.02396	0.00695	0.02740	0.00167	0.00597	0.00450	0.06556	0.00717
21	0.00920	0.00598	0.00761	0.05959	0.00925	0.00623	0.00508	0.03149	0.00924	0.06880	0.05031	0.02884	0.01777	0.51244	0.15218	0.00488	0.00654	0.00687	0.00345	0.00424
22	0.01723	0.01196	0.09002	0.01350	0.14388	0.05780	0.00986	0.05153	0.02684	0.36914	0.03399	0.01908	0.05755	0.06581	0.00679	0.00185	0.00531	0.00547	0.00471	0.00769
23	0.72242	0.01078	0.00891	0.00766	0.01103	0.01239	0.00631	0.13372	0.01132	0.02485	0.00808	0.00910	0.00615	0.00506	0.00354	0.00160	0.00430	0.00311	0.00354	0.00615

[dist]
# distance from previous block
# <min> <max>
0	36

[block]
# block no. 6 follows, 47 sequences, length 18
# corresponding to MSA columns:
# 397-414
name=unknown_G
#
# <colnr> <probs for GDERKNQSTAVLIFYWHMCP>
#	G	D	E	R	K	N	Q	S	T	A	V	L	I	F	Y	W	H	M	C	P
0	0.00691	0.00526	0.00635	0.00617	0.00752	0.00470	0.00459	0.00890	0.01353	0.01820	0.49848	0.08517	0.29166	0.01180	0.00617	0.00170	0.00255	0.01024	0.00539	0.00470
1	0.01392	0.82012	0.02729	0.00891	0.01337	0.02061	0.00891	0.01559	0.01058	0.01225	0.00724	0.00835	0.00668	0.00446	0.00334	0.00111	0.00557	0.00278	0.00223	0.00668
2	0.00685	0.00530	0.00624	0.00601	0.00746	0.00469	0.00451	0.00883	0.01352	0.01799	0.47201	0.04367	0.36069	0.01173	0.00615	0.00169	0.00253	0.01009	0.00535	0.00469
3	0.00701	0.00531	0.00646	0.00617	0.00756	0.00476	0.00463	0.00912	0.01388	0.01885	0.56419	0.04225	0.26796	0.01141	0.00615	0.00167	0.00251	0.00989	0.00547	0.00476
4	0.00751	0.00531	0.00701	0.00701	0.00747	0.00577	0.00481	0.00843	0.00797	0.01108	0.01519	0.02735	0.01601	0.43292	0.40657	0.00669	0.00944	0.00659	0.00297	0.00389
5	0.01975	0.01415	0.01529	0.01178	0.01590	0.01556	0.00971	0.69906	0.05127	0.07434	0.01327	0.01304	0.00934	0.00629	0.00521	0.00157	0.00560	0.00476	0.00528	0.00883
6	0.41122	0.01084	0.01083	0.00881	0.01246	0.01170	0.00726	0.19540	0.03645	0.22971	0.01244	0.01220	0.00863	0.00566	0.00429	0.00160	0.00454	0.00399	0.00461	0.00733
7	0.01229	0.28436	0.49136	0.01268	0.01904	0.03906	0.01520	0.01663	0.01111	0.04115	0.00900	0.01031	0.00684	0.00485	0.00443	0.00146	0.00695	0.00353	0.00237	0.00735
8	0.01433	0.01093	0.01193	0.01038	0.01330	0.01216	0.00812	0.22072	0.41566	0.06594	0.02001	0.13993	0.01672	0.00824	0.00548	0.00176	0.00440	0.00691	0.00527	0.00782
9	0.01199	0.04113	0.00804	0.00651	0.00848	0.00787	0.00517	0.16965	0.01373	0.02191	0.01564	0.01751	0.01213	0.00604	0.00395	0.00128	0.00325	0.00473	0.63522	0.00576
10	0.02336	0.00886	0.01209	0.00927	0.01329	0.00765	0.00765	0.02538	0.01491	0.78810	0.02055	0.01773	0.01289	0.00645	0.00524	0.00161	0.00443	0.00524	0.00645	0.00886
11	0.01392	0.82012	0.02729	0.00891	0.01337	0.02061	0.00891	0.01559	0.01058	0.01225	0.00724	0.00835	0.00668	0.00446	0.00334	0.00111	0.00557	0.00278	0.00223	0.00668
12	0.02003	0.01049	0.01255	0.00994	0.01368	0.01053	0.00811	0.21328	0.14206	0.43020	0.01842	0.01677	0.01239	0.00648	0.00516	0.00160	0.00460	0.00518	0.04997	0.00855
13	0.00905	0.00452	0.00678	0.00678	0.00678	0.00452	0.00452	0.00678	0.00678	0.00905	0.00905	0.01583	0.00905	0.01809	0.02035	0.84848	0.00452	0.00452	0.00226	0.00226
14	0.00615	0.00528	0.00528	0.00528	0.00703	0.00440	0.00396	0.00747	0.01187	0.01407	0.05276	0.05012	0.78238	0.01319	0.00615	0.00176	0.00264	0.01099	0.00484	0.00440
15	0.01045	0.02694	0.79000	0.01484	0.02254	0.01209	0.01924	0.01649	0.01099	0.01649	0.00935	0.01099	0.00660	0.00495	0.00495	0.00165	0.00770	0.00385	0.00220	0.00770
16	0.01253	0.01196	0.02014	0.12315	0.66741	0.01230	0.01552	0.01609	0.03938	0.01675	0.01014	0.01324	0.00837	0.00480	0.00517	0.00158	0.00620	0.00468	0.00265	0.00796
17	0.01045	0.02694	0.79000	0.01484	0.02254	0.01209	0.01924	0.01649	0.01099	0.01649	0.00935	0.01099	0.00660	0.00495	0.00495	0.00165	0.00770	0.00385	0.00220	0.00770

[dist]
# distance from previous block
# <min> <max>
0	18

[block]
# block no. 7 follows, 47 sequences, length 28
# corresponding to MSA columns:
# 433-460
name=unknown_H
#
# <colnr> <probs for GDERKNQSTAVLIFYWHMCP>
#	G	D	E	R	K	N	Q	S	T	A	V	L	I	F	Y	W	H	M	C	P
0	0.00729	0.00532	0.00685	0.00646	0.00773	0.00488	0.00485	0.00967	0.01455	0.02042	0.73201	0.03967	0.09917	0.01082	0.00614	0.00165	0.00247	0.00953	0.00567	0.00488
1	0.01118	0.01039	0.14430	0.00902	0.01200	0.00768	0.00836	0.05694	0.04795	0.13125	0.39618	0.02710	0.02974	0.01101	0.07150	0.00220	0.00487	0.00710	0.00493	0.00632
2	0.04669	0.00835	0.01118	0.00893	0.01246	0.00734	0.00723	0.02275	0.01409	0.66566	0.02118	0.11909	0.01542	0.00766	0.00536	0.00168	0.00424	0.00638	0.00614	0.00817
3	0.00634	0.00453	0.00604	0.00725	0.00755	0.00423	0.00483	0.00725	0.00997	0.01329	0.02870	0.81358	0.03444	0.01632	0.00665	0.00211	0.00302	0.01480	0.00483	0.00423
4	0.01008	0.00926	0.01533	0.49684	0.19504	0.01059	0.01314	0.01329	0.01148	0.01543	0.14332	0.01800	0.01454	0.00603	0.00536	0.00168	0.00600	0.00546	0.00296	0.00617
5	0.04797	0.12771	0.41890	0.01239	0.01829	0.01197	0.04128	0.01816	0.01194	0.19606	0.03911	0.01321	0.00960	0.00541	0.00481	0.00157	0.00635	0.00427	0.00337	0.00762
6	0.01392	0.82012	0.02729	0.00891	0.01337	0.02061	0.00891	0.01559	0.01058	0.01225	0.00724	0.00835	0.00668	0.00446	0.00334	0.00111	0.00557	0.00278	0.00223	0.00668
7	0.85377	0.01007	0.00765	0.00685	0.01007	0.01168	0.00564	0.01531	0.00886	0.02336	0.00725	0.00846	0.00564	0.00483	0.00322	0.00161	0.00403	0.00282	0.00322	0.00564
8	0.00971	0.00485	0.00485	0.00485	0.00607	0.00485	0.00364	0.01213	0.01092	0.01942	0.01699	0.01942	0.01335	0.00607	0.00364	0.00121	0.00243	0.00485	0.84589	0.00485
9	0.01080	0.00926	0.01080	0.00771	0.01234	0.00694	0.00617	0.01311	0.01080	0.01697	0.00926	0.01080	0.00771	0.00386	0.00386	0.00077	0.00386	0.00309	0.00309	0.84882
10	0.01268	0.04365	0.02093	0.09344	0.69395	0.01263	0.01558	0.01575	0.01169	0.01653	0.00965	0.01279	0.00808	0.00468	0.00509	0.00155	0.00622	0.00457	0.00254	0.00799
11	0.00727	0.00532	0.00682	0.00645	0.00772	0.00487	0.00483	0.00963	0.01450	0.02032	0.72106	0.03983	0.11018	0.01086	0.00614	0.00165	0.00247	0.00955	0.00566	0.00487
12	0.00911	0.00492	0.00752	0.07320	0.00921	0.00511	0.00535	0.00733	0.00709	0.00940	0.00906	0.01567	0.00887	0.01702	0.01909	0.77799	0.00472	0.00453	0.00227	0.00255
13	0.00737	0.00532	0.00696	0.00655	0.00778	0.00491	0.00491	0.00983	0.01474	0.02088	0.78175	0.03890	0.04914	0.01065	0.00614	0.00164	0.00246	0.00942	0.00573	0.00491
14	0.00910	0.00570	0.00751	0.00684	0.00837	0.00521	0.00521	0.01150	0.01476	0.10363	0.69966	0.03662	0.04523	0.01019	0.00604	0.00164	0.00267	0.00897	0.00581	0.00534
15	0.01295	0.01119	0.01178	0.01060	0.01354	0.01295	0.00824	0.02767	0.77509	0.02178	0.02120	0.01943	0.01590	0.00707	0.00530	0.00177	0.00412	0.00589	0.00530	0.00824
16	0.01980	0.01459	0.01563	0.01198	0.01615	0.01615	0.00990	0.76713	0.02448	0.03282	0.01250	0.01250	0.00886	0.00625	0.00521	0.00156	0.00573	0.00469	0.00521	0.00886
17	0.01392	0.82012	0.02729	0.00891	0.01337	0.02061	0.00891	0.01559	0.01058	0.01225	0.00724	0.00835	0.00668	0.00446	0.00334	0.00111	0.00557	0.00278	0.00223	0.00668
18	0.01320	0.01024	0.01342	0.08601	0.01480	0.02709	0.00959	0.11027	0.01266	0.11546	0.15437	0.01786	0.01592	0.00818	0.01034	0.00189	0.34247	0.00556	0.02431	0.00635
19	0.00983	0.03872	0.00744	0.00690	0.00811	0.08412	0.00507	0.01150	0.01104	0.03086	0.04355	0.24416	0.03504	0.06512	0.00642	0.00181	0.00371	0.03293	0.34884	0.00482
20	0.01179	0.01574	0.15938	0.01904	0.02366	0.01355	0.48326	0.01581	0.01119	0.01581	0.00958	0.01298	0.00746	0.00544	0.00816	0.00184	0.17053	0.00543	0.00249	0.00687
21	0.01229	0.01405	0.03073	0.02195	0.02722	0.01317	0.76558	0.01668	0.01229	0.01668	0.01054	0.01405	0.00790	0.00439	0.00615	0.00176	0.00878	0.00615	0.00263	0.00702
22	0.01198	0.01312	0.02559	0.01907	0.02250	0.01414	0.50308	0.01524	0.01079	0.01524	0.00925	0.01312	0.00753	0.00603	0.00996	0.00194	0.28677	0.00559	0.00251	0.00656
23	0.01908	0.00782	0.01061	0.00869	0.01184	0.00683	0.00694	0.02094	0.01404	0.58988	0.08533	0.15748	0.01965	0.00851	0.00556	0.00170	0.00402	0.00724	0.00611	0.00773
24	0.02322	0.00909	0.01223	0.00937	0.01341	0.00799	0.00774	0.05468	0.01528	0.75827	0.02023	0.01752	0.01273	0.00644	0.00524	0.00161	0.00448	0.00522	0.00640	0.00886
25	0.01127	0.01140	0.01368	0.01215	0.01274	0.10870	0.00986	0.01264	0.00892	0.01243	0.00898	0.01369	0.00856	0.01706	0.23419	0.00387	0.48725	0.00470	0.00247	0.00544
26	0.85377	0.01007	0.00765	0.00685	0.01007	0.01168	0.00564	0.01531	0.00886	0.02336	0.00725	0.00846	0.00564	0.00483	0.00322	0.00161	0.00403	0.00282	0.00322	0.00564
27	0.02112	0.01200	0.14697	0.01023	0.01490	0.00842	0.00966	0.02384	0.01423	0.65431	0.01860	0.01656	0.01180	0.00619	0.00519	0.00162	0.00500	0.00500	0.00571	0.00866

[dist]
# distance from previous block
# <min> <max>
0	14

[block]
# block no. 8 follows, 47 sequences, length 14
# corresponding to MSA columns:
# 475-488
name=unknown_I
#
# <colnr> <probs for GDERKNQSTAVLIFYWHMCP>
#	G	D	E	R	K	N	Q	S	T	A	V	L	I	F	Y	W	H	M	C	P
0	0.85377	0.01007	0.00765	0.00685	0.01007	0.01168	0.00564	0.01531	0.00886	0.02336	0.00725	0.00846	0.00564	0.00483	0.00322	0.00161	0.00403	0.00282	0.00322	0.00564
1	0.02336	0.00886	0.01209	0.00927	0.01329	0.00765	0.00765	0.02538	0.01491	0.78810	0.02055	0.01773	0.01289	0.00645	0.00524	0.00161	0.00443	0.00524	0.00645	0.00886
2	0.00729	0.00507	0.00641	0.00666	0.00694	0.00524	0.00432	0.00793	0.00826	0.01123	0.01831	0.18953	0.02065	0.46413	0.21026	0.00526	0.00681	0.00856	0.00341	0.00374
3	0.00686	0.00530	0.00625	0.00601	0.00746	0.00470	0.00451	0.00883	0.01353	0.01800	0.47373	0.04364	0.35895	0.01172	0.00615	0.00169	0.00253	0.01008	0.00535	0.00470
4	0.00905	0.00452	0.00678	0.00678	0.00678	0.00452	0.00452	0.00678	0.00678	0.00905	0.00905	0.01583	0.00905	0.01809	0.02035	0.84848	0.00452	0.00452	0.00226	0.00226
5	0.01924	0.01431	0.01532	0.01187	0.01594	0.01589	0.00976	0.70707	0.08545	0.03192	0.01321	0.01307	0.00943	0.00632	0.00522	0.00158	0.00560	0.00479	0.00522	0.00881
6	0.01461	0.00925	0.00982	0.00813	0.01073	0.00988	0.00652	0.34194	0.01698	0.05365	0.01516	0.01634	0.01137	0.00616	0.00438	0.00138	0.00394	0.00480	0.44820	0.00675
7	0.01325	0.01307	0.02078	0.03093	0.74168	0.05604	0.01565	0.01625	0.01202	0.01678	0.00970	0.01269	0.00816	0.00468	0.00513	0.00154	0.00637	0.00457	0.00258	0.00813
8	0.06042	0.00985	0.01271	0.17136	0.01788	0.04695	0.00908	0.02229	0.03899	0.53013	0.01702	0.01615	0.01113	0.00608	0.00511	0.00163	0.00515	0.00493	0.00523	0.00792
9	0.00641	0.00456	0.00602	0.00717	0.00746	0.00427	0.00475	0.00727	0.00985	0.01314	0.02810	0.77535	0.03368	0.05559	0.00762	0.00226	0.00312	0.01445	0.00475	0.00418
10	0.00697	0.00531	0.00641	0.00613	0.00753	0.00474	0.00460	0.00905	0.01380	0.01864	0.54181	0.04259	0.29048	0.01148	0.00615	0.00168	0.00252	0.00994	0.00544	0.00474
11	0.05800	0.01346	0.01585	0.01562	0.17201	0.01474	0.01071	0.47928	0.12096	0.02767	0.01285	0.01331	0.00951	0.00596	0.00511	0.00159	0.00553	0.00475	0.00459	0.00849
12	0.01045	0.02694	0.79000	0.01484	0.02254	0.01209	0.01924	0.01649	0.01099	0.01649	0.00935	0.01099	0.00660	0.00495	0.00495	0.00165	0.00770	0.00385	0.00220	0.00770
13	0.00621	0.00524	0.00538	0.00541	0.00709	0.00441	0.00403	0.00756	0.01190	0.01430	0.08019	0.08332	0.72077	0.01323	0.00618	0.00177	0.00265	0.01110	0.00487	0.00441

[dist]
# distance from previous block
# <min> <max>
0	32

[block]
# block no. 9 follows, 47 sequences, length 45
# corresponding to MSA columns:
# 521-565
name=unknown_J
#
# <colnr> <probs for GDERKNQSTAVLIFYWHMCP>
#	G	D	E	R	K	N	Q	S	T	A	V	L	I	F	Y	W	H	M	C	P
0	0.01365	0.01381	0.02040	0.02982	0.69550	0.10314	0.01530	0.01654	0.01219	0.01652	0.00959	0.01248	0.00807	0.00472	0.00510	0.00152	0.00656	0.00449	0.00259	0.00799
1	0.01804	0.14620	0.17759	0.01078	0.01559	0.01205	0.01059	0.11038	0.06223	0.36184	0.01511	0.01427	0.01027	0.00582	0.00487	0.00154	0.00544	0.00452	0.00465	0.00822
2	0.01809	0.01229	0.01376	0.01093	0.01454	0.01320	0.00900	0.54360	0.02131	0.12192	0.07897	0.03506	0.01475	0.00744	0.00546	0.00165	0.00518	0.05934	0.00537	0.00814
3	0.01150	0.01534	0.18169	0.08535	0.14385	0.01303	0.26994	0.01526	0.01093	0.01555	0.00974	0.02959	0.00796	0.00577	0.00776	0.00181	0.16031	0.00519	0.00249	0.00694
4	0.01213	0.01301	0.08215	0.10171	0.59512	0.01199	0.04341	0.01546	0.01160	0.01647	0.01047	0.04374	0.00899	0.00516	0.00524	0.00160	0.00635	0.00502	0.00261	0.00777
5	0.01057	0.05627	0.76180	0.01462	0.02220	0.01241	0.01886	0.01646	0.01098	0.01634	0.00927	0.01090	0.00660	0.00493	0.00489	0.00163	0.00762	0.00381	0.00220	0.00766
6	0.00771	0.00515	0.00665	0.00688	0.00766	0.00483	0.00481	0.00914	0.01162	0.04755	0.30914	0.32879	0.03624	0.15238	0.00986	0.00243	0.00328	0.03642	0.00495	0.00451
7	0.01176	0.15800	0.54940	0.01437	0.02111	0.01345	0.09620	0.01673	0.01122	0.04755	0.00958	0.01115	0.00701	0.00487	0.00482	0.00157	0.00732	0.00397	0.00242	0.00750
8	0.01084	0.04748	0.18112	0.28604	0.06953	0.03196	0.16363	0.01490	0.02573	0.01508	0.01168	0.05814	0.00997	0.00604	0.00543	0.00173	0.00705	0.04442	0.00270	0.00653
9	0.00828	0.00934	0.13898	0.00963	0.01185	0.00678	0.00905	0.01138	0.04276	0.01536	0.02661	0.21522	0.08959	0.01283	0.00653	0.00213	0.00468	0.36932	0.00439	0.00527
10	0.00655	0.00467	0.00623	0.00737	0.00776	0.00439	0.00506	0.00759	0.01022	0.01363	0.05156	0.72008	0.03427	0.03136	0.00705	0.00218	0.00317	0.06775	0.00483	0.00427
11	0.01204	0.01303	0.03391	0.07101	0.14983	0.07010	0.32083	0.01508	0.01115	0.01504	0.01017	0.02937	0.00858	0.00851	0.07116	0.01489	0.13071	0.00541	0.00260	0.00657
12	0.01161	0.11403	0.64077	0.01395	0.02099	0.01338	0.01732	0.07891	0.01207	0.01738	0.00937	0.01083	0.00679	0.00500	0.00479	0.00158	0.00730	0.00380	0.00245	0.00768
13	0.01186	0.08112	0.11387	0.01483	0.01829	0.01403	0.22573	0.01731	0.16477	0.01610	0.01290	0.01496	0.03882	0.00662	0.00856	0.00183	0.22319	0.00529	0.00307	0.00686
14	0.01052	0.00968	0.01543	0.69460	0.04962	0.01187	0.01383	0.04239	0.07239	0.01479	0.01035	0.01426	0.00776	0.00538	0.00521	0.00173	0.00665	0.00473	0.00267	0.00615
15	0.01756	0.01316	0.01433	0.01128	0.01518	0.01422	0.00931	0.58580	0.06885	0.02918	0.01393	0.01648	0.01088	0.00672	0.00524	0.00156	0.00537	0.06443	0.00497	0.09153
16	0.01256	0.01046	0.01137	0.01021	0.01272	0.02824	0.00795	0.08312	0.50263	0.03172	0.01843	0.01926	0.01452	0.04606	0.14838	0.00307	0.02158	0.00572	0.00466	0.00735
17	0.01980	0.01459	0.01563	0.01198	0.01615	0.01615	0.00990	0.76713	0.02448	0.03282	0.01250	0.01250	0.00886	0.00625	0.00521	0.00156	0.00573	0.00469	0.00521	0.00886
18	0.00797	0.00573	0.00709	0.00743	0.00820	0.00576	0.00540	0.01027	0.07184	0.01462	0.14291	0.17055	0.02877	0.29404	0.01353	0.00311	0.00416	0.18977	0.00442	0.00442
19	0.01239	0.01377	0.02916	0.02359	0.15112	0.01304	0.64294	0.01657	0.01222	0.01674	0.01041	0.01386	0.00796	0.00443	0.00598	0.00172	0.00836	0.00590	0.00262	0.00722
20	0.85377	0.01007	0.00765	0.00685	0.01007	0.01168	0.00564	0.01531	0.00886	0.02336	0.00725	0.00846	0.00564	0.00483	0.00322	0.00161	0.00403	0.00282	0.00322	0.00564
21	0.01232	0.01179	0.02010	0.17656	0.64437	0.01222	0.01570	0.01548	0.01159	0.01632	0.00969	0.01308	0.00800	0.00475	0.00517	0.00158	0.00633	0.00464	0.00253	0.00779
22	0.00633	0.00459	0.00598	0.00710	0.00751	0.00424	0.00477	0.00727	0.01011	0.01335	0.03052	0.75590	0.09095	0.01608	0.00661	0.00209	0.00299	0.01452	0.00483	0.00424
23	0.00649	0.00459	0.00600	0.00707	0.00734	0.00432	0.00464	0.00729	0.00970	0.01293	0.02730	0.72439	0.03267	0.10793	0.00892	0.00245	0.00325	0.01398	0.00464	0.00411
24	0.01230	0.01527	0.14990	0.02607	0.42566	0.01257	0.24831	0.01628	0.01185	0.01683	0.00995	0.01294	0.00787	0.00461	0.00543	0.00163	0.00724	0.00498	0.00253	0.00778
25	0.01139	0.01139	0.01595	0.01367	0.01367	0.01595	0.01139	0.01253	0.00798	0.01253	0.00684	0.01139	0.00684	0.00911	0.01709	0.00228	0.80745	0.00456	0.00228	0.00570
26	0.01835	0.02273	0.01583	0.01653	0.14511	0.66449	0.01106	0.01999	0.01427	0.01346	0.00834	0.00998	0.00697	0.00524	0.00477	0.00138	0.00885	0.00357	0.00267	0.00641
27	0.00634	0.00453	0.00604	0.00725	0.00755	0.00423	0.00483	0.00725	0.00997	0.01329	0.02870	0.81358	0.03444	0.01632	0.00665	0.00211	0.00302	0.01480	0.00483	0.00423
28	0.09676	0.46559	0.02168	0.01206	0.10171	0.10692	0.00951	0.07889	0.01227	0.02722	0.00842	0.00966	0.00714	0.00482	0.00388	0.00128	0.00587	0.00329	0.01614	0.00687
29	0.01590	0.01104	0.01278	0.03000	0.01442	0.01046	0.00794	0.26869	0.03994	0.14714	0.01255	0.01284	0.00917	0.00521	0.00461	0.00123	0.00467	0.00410	0.00439	0.38292
30	0.02971	0.13478	0.52281	0.01685	0.14901	0.01334	0.03117	0.01626	0.01106	0.01614	0.00910	0.01095	0.00689	0.00481	0.00474	0.00156	0.00709	0.00385	0.00230	0.00759
31	0.00734	0.00532	0.00691	0.00652	0.00776	0.00490	0.00489	0.00976	0.01466	0.02070	0.76178	0.03921	0.06922	0.01072	0.00614	0.00164	0.00246	0.00946	0.00571	0.00490
