[name]
unknown

[dist]
# distance from previous block
# <min> <max>
0	87

[block]
# block no. 0 follows, 49 sequences, length 48
# corresponding to MSA columns:
# 99-146
name=unknown_A
#
# <colnr> <probs for GDERKNQSTAVLIFYWHMCP>
#	G	D	E	R	K	N	Q	S	T	A	V	L	I	F	Y	W	H	M	C	P
0	0.12671	0.00945	0.01154	0.01146	0.09228	0.06004	0.05095	0.01259	0.01035	0.06075	0.03676	0.04697	0.16412	0.09998	0.00956	0.00211	0.15292	0.03252	0.00347	0.00544
1	0.15277	0.01520	0.01484	0.03520	0.10858	0.20037	0.04016	0.30538	0.01646	0.04946	0.01009	0.01111	0.00758	0.00536	0.00466	0.00149	0.00630	0.00402	0.00373	0.00723
2	0.07822	0.01293	0.01908	0.03978	0.43340	0.08832	0.11791	0.04336	0.01231	0.09123	0.01034	0.01247	0.00805	0.00479	0.00496	0.00153	0.00634	0.00451	0.00301	0.00747
3	0.03643	0.01283	0.01634	0.01542	0.16234	0.01363	0.05737	0.44393	0.05845	0.11288	0.01272	0.01313	0.00915	0.00569	0.00507	0.00154	0.00557	0.00471	0.00452	0.00828
4	0.22189	0.01076	0.01108	0.01086	0.07369	0.03144	0.00786	0.04293	0.42518	0.05481	0.01562	0.01523	0.01175	0.00601	0.00455	0.00162	0.00426	0.00472	0.03849	0.00724
5	0.50311	0.01033	0.01237	0.09091	0.11609	0.01168	0.06587	0.01505	0.00956	0.05074	0.00829	0.01028	0.00647	0.00505	0.00486	0.00163	0.06509	0.00361	0.00298	0.00605
6	0.00649	0.00485	0.00652	0.00747	0.00774	0.00488	0.00513	0.00739	0.00955	0.01286	0.02642	0.76393	0.03162	0.01537	0.00715	0.00206	0.05814	0.01370	0.00452	0.00420
7	0.01049	0.00899	0.01049	0.00749	0.01198	0.00674	0.00599	0.01273	0.01049	0.01648	0.00899	0.01049	0.00749	0.00374	0.00374	0.00075	0.00374	0.00300	0.00300	0.85320
8	0.00977	0.00922	0.01557	0.75148	0.09173	0.01129	0.01415	0.01312	0.01022	0.01319	0.00903	0.01341	0.00684	0.00501	0.00505	0.00167	0.00669	0.00449	0.00227	0.00580
9	0.01252	0.01201	0.02053	0.03104	0.79074	0.01201	0.01552	0.01552	0.01151	0.01652	0.00951	0.01252	0.00801	0.00451	0.00501	0.00150	0.00601	0.00451	0.00250	0.00801
10	0.00955	0.00899	0.01517	0.81013	0.03483	0.01123	0.01404	0.01292	0.01011	0.01292	0.00899	0.01348	0.00674	0.00506	0.00506	0.00169	0.00674	0.00449	0.00225	0.00562
11	0.00735	0.00490	0.00552	0.00552	0.00552	0.00490	0.00306	0.00735	0.00735	0.00980	0.01593	0.03309	0.01838	0.82229	0.02574	0.00490	0.00490	0.00735	0.00306	0.00306
12	0.00723	0.00540	0.00805	0.00805	0.00893	0.00628	0.00623	0.00898	0.00810	0.01168	0.01361	0.02025	0.01281	0.06093	0.77947	0.00803	0.01329	0.00547	0.00272	0.00447
13	0.00955	0.00899	0.01517	0.81013	0.03483	0.01123	0.01404	0.01292	0.01011	0.01292	0.00899	0.01348	0.00674	0.00506	0.00506	0.00169	0.00674	0.00449	0.00225	0.00562
14	0.02269	0.00861	0.01174	0.00900	0.01291	0.00743	0.00743	0.02464	0.01447	0.79425	0.01995	0.01721	0.01252	0.00626	0.00509	0.00156	0.00430	0.00509	0.00626	0.00861
15	0.00955	0.00899	0.01517	0.81013	0.03483	0.01123	0.01404	0.01292	0.01011	0.01292	0.00899	0.01348	0.00674	0.00506	0.00506	0.00169	0.00674	0.00449	0.00225	0.00562
16	0.02269	0.00861	0.01174	0.00900	0.01291	0.00743	0.00743	0.02464	0.01447	0.79425	0.01995	0.01721	0.01252	0.00626	0.00509	0.00156	0.00430	0.00509	0.00626	0.00861
17	0.01106	0.01106	0.01549	0.01328	0.01328	0.01549	0.01106	0.01217	0.00774	0.01217	0.00664	0.01106	0.00664	0.00885	0.01659	0.00221	0.81303	0.00443	0.00221	0.00553
18	0.01922	0.01416	0.01518	0.01163	0.01568	0.01568	0.00961	0.77388	0.02378	0.03187	0.01214	0.01214	0.00860	0.00607	0.00506	0.00152	0.00556	0.00455	0.00506	0.00860
19	0.01889	0.02410	0.01433	0.01303	0.01563	0.80199	0.00977	0.02019	0.01433	0.01238	0.00782	0.00912	0.00651	0.00521	0.00456	0.00130	0.00912	0.00326	0.00261	0.00586
20	0.01049	0.00899	0.01049	0.00749	0.01198	0.00674	0.00599	0.01273	0.01049	0.01648	0.00899	0.01049	0.00749	0.00374	0.00374	0.00075	0.00374	0.00300	0.00300	0.85320
21	0.00616	0.00440	0.00587	0.00704	0.00733	0.00411	0.00469	0.00704	0.00968	0.01291	0.02787	0.81899	0.03344	0.01584	0.00645	0.00205	0.00293	0.01438	0.00469	0.00411
22	0.01922	0.01416	0.01518	0.01163	0.01568	0.01568	0.00961	0.77388	0.02378	0.03187	0.01214	0.01214	0.00860	0.00607	0.00506	0.00152	0.00556	0.00455	0.00506	0.00860
23	0.01352	0.82533	0.02650	0.00865	0.01298	0.02001	0.00865	0.01514	0.01027	0.01190	0.00703	0.00811	0.00649	0.00433	0.00324	0.00108	0.00541	0.00270	0.00216	0.00649
24	0.01849	0.01345	0.01439	0.01111	0.01494	0.01486	0.00915	0.71651	0.02278	0.03089	0.01247	0.01265	0.00893	0.00606	0.00494	0.00149	0.00532	0.00456	0.06869	0.00831
25	0.01096	0.01101	0.01624	0.01365	0.01408	0.01488	0.06817	0.01233	0.00808	0.01245	0.00721	0.01165	0.00698	0.00979	0.05050	0.00244	0.71715	0.00459	0.00226	0.00558
26	0.00735	0.00490	0.00552	0.00552	0.00552	0.00490	0.00306	0.00735	0.00735	0.00980	0.01593	0.03309	0.01838	0.82229	0.02574	0.00490	0.00490	0.00735	0.00306	0.00306
27	0.01114	0.00938	0.01084	0.00780	0.01226	0.00741	0.00626	0.07003	0.01149	0.01764	0.00923	0.01061	0.00757	0.00392	0.00384	0.00081	0.00388	0.00311	0.00315	0.78962
28	0.00667	0.00515	0.00608	0.00585	0.00725	0.00456	0.00438	0.00859	0.01315	0.01752	0.48132	0.04231	0.35619	0.01137	0.00597	0.00164	0.00246	0.00978	0.00520	0.00456
29	0.01082	0.00919	0.01067	0.00765	0.01213	0.00709	0.00613	0.04222	0.01100	0.01707	0.00911	0.01055	0.00753	0.00383	0.00380	0.00078	0.00382	0.00306	0.00308	0.82048
30	0.00770	0.00650	0.00651	0.00635	0.00803	0.04039	0.00473	0.01025	0.08250	0.03225	0.12290	0.11092	0.50142	0.02902	0.00628	0.00177	0.00309	0.00986	0.00474	0.00479
31	0.01854	0.01385	0.01445	0.01137	0.01519	0.04953	0.00928	0.59943	0.12164	0.07413	0.01351	0.01318	0.00963	0.00615	0.00505	0.00154	0.00544	0.00468	0.00503	0.00840
32	0.01049	0.00899	0.01049	0.00749	0.01198	0.00674	0.00599	0.01273	0.01049	0.01648	0.00899	0.01049	0.00749	0.00374	0.00374	0.00075	0.00374	0.00300	0.00300	0.85320
33	0.03339	0.11166	0.01498	0.01058	0.03126	0.01312	0.00866	0.37535	0.01762	0.22464	0.01368	0.02724	0.00990	0.00673	0.02118	0.00163	0.02998	0.00462	0.03594	0.00787
34	0.01147	0.18184	0.26909	0.02887	0.01753	0.03074	0.07625	0.01452	0.00972	0.01370	0.00787	0.01056	0.00662	0.00611	0.00875	0.00172	0.29200	0.00396	0.00221	0.00646
35	0.00737	0.00506	0.00631	0.00606	0.00699	0.00478	0.00432	0.00923	0.01247	0.01785	0.54814	0.05207	0.03845	0.17660	0.00982	0.00224	0.00291	0.00852	0.07640	0.00440
36	0.01357	0.76401	0.05814	0.00905	0.01344	0.04701	0.00911	0.01535	0.01043	0.01209	0.00714	0.00825	0.00649	0.00438	0.00336	0.00111	0.00562	0.00277	0.00218	0.00651
37	0.00742	0.00503	0.00721	0.00738	0.00800	0.00551	0.00542	0.00834	0.00817	0.01161	0.01523	0.14017	0.01557	0.08538	0.46808	0.14164	0.00939	0.00671	0.03974	0.00399
38	0.01828	0.01328	0.01469	0.01209	0.04931	0.01455	0.00948	0.64528	0.05278	0.06190	0.01319	0.03439	0.00975	0.00630	0.00507	0.00154	0.00534	0.00489	0.01952	0.00836
39	0.02512	0.01095	0.16633	0.01110	0.01372	0.00818	0.12372	0.03131	0.01053	0.01476	0.03274	0.39837	0.03997	0.02540	0.00698	0.00193	0.06028	0.00953	0.00366	0.00542
40	0.01168	0.01130	0.01546	0.01315	0.01346	0.01550	0.01095	0.06951	0.00895	0.01365	0.00705	0.01114	0.00679	0.00864	0.01573	0.00216	0.75225	0.00443	0.00243	0.00576
41	0.00727	0.00524	0.00722	0.00722	0.00781	0.00583	0.00519	0.00845	0.00786	0.01107	0.01437	0.02446	0.01464	0.31025	0.53265	0.00701	0.01054	0.00609	0.00283	0.00401
42	0.01049	0.00899	0.01049	0.00749	0.01198	0.00674	0.00599	0.01273	0.01049	0.01648	0.00899	0.01049	0.00749	0.00374	0.00374	0.00075	0.00374	0.00300	0.00300	0.85320
43	0.01111	0.01398	0.18213	0.12069	0.08701	0.01164	0.22403	0.01469	0.01074	0.04940	0.04129	0.01414	0.00937	0.00796	0.06580	0.00220	0.11960	0.00502	0.00267	0.00655
44	0.00714	0.00504	0.00631	0.00656	0.00704	0.00503	0.00441	0.00796	0.00878	0.01186	0.05477	0.19699	0.05127	0.39470	0.13936	0.00429	0.00560	0.05833	0.00363	0.02094
45	0.00865	0.00572	0.00678	0.00640	0.00713	0.00573	0.00425	0.05598	0.01016	0.04502	0.16095	0.03209	0.03608	0.51532	0.06017	0.00400	0.00486	0.02280	0.00383	0.00408
46	0.03111	0.01107	0.06224	0.01243	0.13577	0.03652	0.00893	0.04194	0.01171	0.12186	0.03395	0.03942	0.01014	0.00529	0.00507	0.00124	0.04647	0.00426	0.00346	0.37713
47	0.01604	0.06911	0.01434	0.01021	0.01389	0.01096	0.06528	0.26724	0.01651	0.20547	0.12888	0.01774	0.01543	0.00639	0.00503	0.00145	0.00478	0.02117	0.00477	0.10531

[dist]
# distance from previous block
# <min> <max>
1	35

[block]
# block no. 1 follows, 49 sequences, length 52
# corresponding to MSA columns:
# 182-233
name=unknown_B
#
# <colnr> <probs for GDERKNQSTAVLIFYWHMCP>
#	G	D	E	R	K	N	Q	S	T	A	V	L	I	F	Y	W	H	M	C	P
0	0.10351	0.05928	0.04313	0.02594	0.06575	0.04559	0.03102	0.18119	0.03242	0.09997	0.04791	0.03784	0.04935	0.02174	0.00506	0.00150	0.00488	0.00494	0.03614	0.10284
1	0.03613	0.05265	0.01289	0.00950	0.01304	0.03831	0.00776	0.36476	0.01744	0.10890	0.08643	0.01585	0.02761	0.02347	0.00520	0.00145	0.00474	0.00481	0.03429	0.13478
2	0.01175	0.01070	0.01665	0.08322	0.40372	0.01049	0.04468	0.06374	0.02943	0.01702	0.01134	0.07919	0.01010	0.00548	0.00492	0.00142	0.00538	0.00510	0.00300	0.18266
3	0.01168	0.01117	0.01914	0.19257	0.59101	0.01162	0.03158	0.01472	0.01117	0.01565	0.01001	0.03864	0.00855	0.00498	0.00508	0.00156	0.00612	0.00485	0.00252	0.00736
4	0.00668	0.00521	0.00573	0.00556	0.00717	0.00448	0.00418	0.00829	0.01238	0.03310	0.25773	0.04489	0.56283	0.01196	0.00595	0.00167	0.00255	0.01012	0.00498	0.00451
5	0.01052	0.01521	0.23376	0.32804	0.04571	0.01188	0.25240	0.01485	0.01087	0.01487	0.00941	0.01274	0.00697	0.00473	0.00527	0.00166	0.00748	0.00475	0.00232	0.00656
6	0.00735	0.00490	0.00552	0.00552	0.00552	0.00490	0.00306	0.00735	0.00735	0.00980	0.01593	0.03309	0.01838	0.82229	0.02574	0.00490	0.00490	0.00735	0.00306	0.00306
7	0.02269	0.00861	0.01174	0.00900	0.01291	0.00743	0.00743	0.02464	0.01447	0.79425	0.01995	0.01721	0.01252	0.00626	0.00509	0.00156	0.00430	0.00509	0.00626	0.00861
8	0.01352	0.82533	0.02650	0.00865	0.01298	0.02001	0.00865	0.01514	0.01027	0.01190	0.00703	0.00811	0.00649	0.00433	0.00324	0.00108	0.00541	0.00270	0.00216	0.00649
9	0.00649	0.00514	0.00584	0.00567	0.00715	0.00449	0.00425	0.00826	0.01275	0.01657	0.37476	0.04388	0.46334	0.01172	0.00597	0.00166	0.00248	0.01000	0.00508	0.00449
10	0.85801	0.00978	0.00743	0.00665	0.00978	0.01134	0.00548	0.01486	0.00861	0.02269	0.00704	0.00821	0.00548	0.00469	0.00313	0.00156	0.00391	0.00274	0.00313	0.00548
11	0.00943	0.00471	0.00471	0.00471	0.00589	0.00471	0.00353	0.01178	0.01060	0.01885	0.01650	0.01885	0.01296	0.00589	0.00353	0.00118	0.00236	0.00471	0.85036	0.00471
12	0.85801	0.00978	0.00743	0.00665	0.00978	0.01134	0.00548	0.01486	0.00861	0.02269	0.00704	0.00821	0.00548	0.00469	0.00313	0.00156	0.00391	0.00274	0.00313	0.00548
13	0.00735	0.00490	0.00552	0.00552	0.00552	0.00490	0.00306	0.00735	0.00735	0.00980	0.01593	0.03309	0.01838	0.82229	0.02574	0.00490	0.00490	0.00735	0.00306	0.00306
14	0.85801	0.00978	0.00743	0.00665	0.00978	0.01134	0.00548	0.01486	0.00861	0.02269	0.00704	0.00821	0.00548	0.00469	0.00313	0.00156	0.00391	0.00274	0.00313	0.00548
15	0.85801	0.00978	0.00743	0.00665	0.00978	0.01134	0.00548	0.01486	0.00861	0.02269	0.00704	0.00821	0.00548	0.00469	0.00313	0.00156	0.00391	0.00274	0.00313	0.00548
16	0.00616	0.00440	0.00587	0.00704	0.00733	0.00411	0.00469	0.00704	0.00968	0.01291	0.02787	0.81899	0.03344	0.01584	0.00645	0.00205	0.00293	0.01438	0.00469	0.00411
17	0.00615	0.00444	0.00583	0.00694	0.00731	0.00412	0.00465	0.00705	0.00978	0.01295	0.02906	0.77987	0.07180	0.01569	0.00643	0.00204	0.00291	0.01419	0.00469	0.00412
18	0.00649	0.00514	0.00583	0.00566	0.00715	0.00449	0.00425	0.00825	0.01274	0.01654	0.37169	0.04393	0.46644	0.01173	0.00597	0.00166	0.00248	0.01001	0.00507	0.00449
19	0.19366	0.01208	0.01413	0.06117	0.05515	0.01311	0.04778	0.39565	0.01735	0.12440	0.01164	0.01214	0.00825	0.00557	0.00470	0.00155	0.00530	0.00431	0.00438	0.00764
20	0.00626	0.00447	0.00598	0.00716	0.00749	0.00419	0.00487	0.00722	0.00978	0.01302	0.02781	0.78029	0.03322	0.01575	0.00648	0.00207	0.00302	0.05207	0.00469	0.00414
21	0.02035	0.01235	0.01405	0.01077	0.01478	0.01299	0.00890	0.52944	0.02074	0.28060	0.01469	0.01379	0.00988	0.00613	0.00507	0.00153	0.00515	0.00473	0.00545	0.00860
22	0.01147	0.03416	0.01170	0.00918	0.01271	0.01006	0.02529	0.01969	0.39083	0.01883	0.05410	0.01600	0.01342	0.00564	0.00459	0.00130	0.00397	0.00471	0.00415	0.34820
23	0.00616	0.00442	0.00585	0.00699	0.00732	0.00411	0.00467	0.00705	0.00973	0.01293	0.02855	0.79672	0.05528	0.01575	0.00644	0.00204	0.00292	0.01427	0.00469	0.00411
24	0.00735	0.00493	0.00567	0.00567	0.00572	0.00499	0.00326	0.00745	0.00740	0.00992	0.01579	0.03231	0.01804	0.77579	0.07177	0.00509	0.00541	0.00724	0.00304	0.00315
25	0.01049	0.00899	0.01049	0.00749	0.01198	0.00674	0.00599	0.01273	0.01049	0.01648	0.00899	0.01049	0.00749	0.00374	0.00374	0.00075	0.00374	0.00300	0.00300	0.85320
26	0.01235	0.45582	0.29948	0.01199	0.05571	0.03349	0.01258	0.01596	0.03534	0.01391	0.00834	0.00962	0.00682	0.00461	0.00398	0.00131	0.00621	0.00327	0.00228	0.00695
27	0.01266	0.01151	0.01262	0.01313	0.12121	0.05546	0.00899	0.02414	0.59985	0.01984	0.03401	0.01850	0.03219	0.00665	0.00513	0.00166	0.00450	0.00559	0.00464	0.00774
28	0.00616	0.00440	0.00587	0.00704	0.00733	0.00411	0.00469	0.00704	0.00968	0.01291	0.02787	0.81899	0.03344	0.01584	0.00645	0.00205	0.00293	0.01438	0.00469	0.00411
29	0.00815	0.00582	0.00815	0.00931	0.01048	0.00582	0.00815	0.01048	0.01164	0.01513	0.02677	0.05704	0.02910	0.01397	0.00698	0.00233	0.00466	0.75671	0.00466	0.00466
30	0.00614	0.00509	0.00538	0.00539	0.00695	0.00433	0.00401	0.00755	0.01180	0.01450	0.14793	0.08742	0.65081	0.01264	0.00600	0.00171	0.00256	0.01066	0.00481	0.00433
31	0.85801	0.00978	0.00743	0.00665	0.00978	0.01134	0.00548	0.01486	0.00861	0.02269	0.00704	0.00821	0.00548	0.00469	0.00313	0.00156	0.00391	0.00274	0.00313	0.00548
32	0.00815	0.00582	0.00815	0.00931	0.01048	0.00582	0.00815	0.01048	0.01164	0.01513	0.02677	0.05704	0.02910	0.01397	0.00698	0.00233	0.00466	0.75671	0.00466	0.00466
33	0.01014	0.02616	0.79609	0.01441	0.02189	0.01174	0.01868	0.01601	0.01068	0.01601	0.00907	0.01068	0.00641	0.00480	0.00480	0.00160	0.00747	0.00374	0.00214	0.00747
34	0.00614	0.00447	0.00580	0.00686	0.00729	0.00412	0.00461	0.00706	0.00986	0.01298	0.03008	0.74617	0.10483	0.01556	0.00641	0.00202	0.00290	0.01403	0.00469	0.00412
35	0.00955	0.00899	0.01517	0.81013	0.03483	0.01123	0.01404	0.01292	0.01011	0.01292	0.00899	0.01348	0.00674	0.00506	0.00506	0.00169	0.00674	0.00449	0.00225	0.00562
36	0.01352	0.82533	0.02650	0.00865	0.01298	0.02001	0.00865	0.01514	0.01027	0.01190	0.00703	0.00811	0.00649	0.00433	0.00324	0.00108	0.00541	0.00270	0.00216	0.00649
37	0.01252	0.01201	0.02053	0.03104	0.79074	0.01201	0.01552	0.01552	0.01151	0.01652	0.00951	0.01252	0.00801	0.00451	0.00501	0.00150	0.00601	0.00451	0.00250	0.00801
38	0.00716	0.00517	0.00676	0.00636	0.00755	0.00477	0.00477	0.00954	0.01431	0.02028	0.78808	0.03777	0.04771	0.01034	0.00596	0.00159	0.00239	0.00914	0.00557	0.00477
39	0.01356	0.01135	0.01199	0.01049	0.01352	0.01304	0.00824	0.13739	0.66948	0.02274	0.01933	0.01787	0.01442	0.00674	0.00513	0.00169	0.00423	0.00554	0.00513	0.00809
40	0.01014	0.02616	0.79609	0.01441	0.02189	0.01174	0.01868	0.01601	0.01068	0.01601	0.00907	0.01068	0.00641	0.00480	0.00480	0.00160	0.00747	0.00374	0.00214	0.00747
41	0.00722	0.00542	0.00813	0.00813	0.00903	0.00632	0.00632	0.00903	0.00813	0.01174	0.01354	0.01987	0.01264	0.03792	0.80225	0.00813	0.01354	0.00542	0.00271	0.00451
42	0.00716	0.00517	0.00676	0.00636	0.00755	0.00477	0.00477	0.00954	0.01431	0.02028	0.78808	0.03777	0.04771	0.01034	0.00596	0.00159	0.00239	0.00914	0.00557	0.00477
43	0.01252	0.01201	0.02053	0.03104	0.79074	0.01201	0.01552	0.01552	0.01151	0.01652	0.00951	0.01252	0.00801	0.00451	0.00501	0.00150	0.00601	0.00451	0.00250	0.00801
44	0.01024	0.04832	0.77474	0.01425	0.02164	0.01197	0.01840	0.01599	0.01066	0.01590	0.00902	0.01060	0.00641	0.00479	0.00476	0.00159	0.00742	0.00371	0.00214	0.00745
45	0.00955	0.00899	0.01517	0.81013	0.03483	0.01123	0.01404	0.01292	0.01011	0.01292	0.00899	0.01348	0.00674	0.00506	0.00506	0.00169	0.00674	0.00449	0.00225	0.00562
46	0.00608	0.00513	0.00527	0.00523	0.00689	0.00431	0.00392	0.00746	0.01177	0.01424	0.11563	0.04771	0.72392	0.01259	0.00598	0.00170	0.00255	0.01054	0.00477	0.00431
47	0.00794	0.00573	0.00715	0.00756	0.00843	0.00566	0.00533	0.10587	0.01195	0.01608	0.10124	0.63779	0.03167	0.01404	0.00623	0.00194	0.00322	0.01259	0.00483	0.00475
48	0.14081	0.00920	0.01146	0.02809	0.01320	0.00870	0.00748	0.07896	0.01423	0.60889	0.01727	0.01546	0.01109	0.00599	0.00480	0.00156	0.00440	0.00470	0.00563	0.00809
49	0.00616	0.00440	0.00587	0.00704	0.00733	0.00411	0.00469	0.00704	0.00968	0.01291	0.02787	0.81899	0.03344	0.01584	0.00645	0.00205	0.00293	0.01438	0.00469	0.00411
50	0.00955	0.00899	0.01517	0.81013	0.03483	0.01123	0.01404	0.01292	0.01011	0.01292	0.00899	0.01348	0.00674	0.00506	0.00506	0.00169	0.00674	0.00449	0.00225	0.00562
51	0.01285	0.05823	0.06657	0.06539	0.08211	0.00902	0.00877	0.01709	0.12329	0.20263	0.20101	0.04669	0.03800	0.00762	0.00530	0.00162	0.00434	0.03807	0.00465	0.00675

[dist]
# distance from previous block
# <min> <max>
0	1

[block]
# block no. 2 follows, 49 sequences, length 135
# corresponding to MSA columns:
# 235-369
name=unknown_C
#
# <colnr> <probs for GDERKNQSTAVLIFYWHMCP>
#	G	D	E	R	K	N	Q	S	T	A	V	L	I	F	Y	W	H	M	C	P
0	0.01830	0.01204	0.01395	0.01164	0.04271	0.05580	0.04049	0.25658	0.19061	0.27889	0.01621	0.01524	0.01126	0.00613	0.00510	0.00157	0.00513	0.00498	0.00514	0.00822
1	0.01786	0.02152	0.01401	0.01254	0.01509	0.64972	0.00954	0.08770	0.01462	0.01415	0.00941	0.01082	0.02575	0.00681	0.03403	0.00162	0.04225	0.00368	0.00287	0.00601
2	0.04739	0.02325	0.03565	0.00790	0.01241	0.00777	0.00660	0.05217	0.01109	0.01745	0.00904	0.01044	0.00741	0.00395	0.00381	0.00086	0.00399	0.00308	0.00307	0.73267
3	0.80462	0.02690	0.00813	0.00694	0.01010	0.03120	0.00572	0.02885	0.00906	0.02238	0.00715	0.00831	0.00558	0.00472	0.00320	0.00155	0.00410	0.00278	0.00313	0.00556
4	0.01183	0.01321	0.02805	0.06582	0.08346	0.01270	0.65902	0.01589	0.01172	0.01596	0.01004	0.01350	0.00763	0.00441	0.00605	0.00170	0.02394	0.00575	0.00253	0.00682
5	0.00722	0.00542	0.00813	0.00813	0.00903	0.00632	0.00632	0.00903	0.00813	0.01174	0.01354	0.01987	0.01264	0.03792	0.80225	0.00813	0.01354	0.00542	0.00271	0.00451
6	0.09503	0.11286	0.24933	0.01637	0.02188	0.01320	0.38800	0.01589	0.01105	0.01628	0.00920	0.01159	0.00695	0.00447	0.00503	0.00159	0.00740	0.00462	0.00244	0.00684
7	0.01875	0.02383	0.01447	0.01343	0.03308	0.78420	0.00990	0.02009	0.01427	0.01247	0.00785	0.00920	0.00655	0.00519	0.00457	0.00131	0.00905	0.00328	0.00260	0.00591
8	0.00661	0.00520	0.00568	0.00552	0.00714	0.00446	0.00415	0.00820	0.01231	0.03085	0.24239	0.04521	0.58046	0.01203	0.00596	0.00167	0.00255	0.01016	0.00495	0.00449
9	0.01922	0.01416	0.01518	0.01163	0.01568	0.01568	0.00961	0.77388	0.02378	0.03187	0.01214	0.01214	0.00860	0.00607	0.00506	0.00152	0.00556	0.00455	0.00506	0.00860
10	0.00724	0.00515	0.00669	0.00630	0.00749	0.00477	0.00473	0.00962	0.01418	0.02023	0.76013	0.03709	0.04645	0.01018	0.00588	0.00158	0.00238	0.00898	0.03617	0.00477
11	0.00721	0.01871	0.00700	0.00645	0.00768	0.00507	0.00483	0.00960	0.02637	0.01921	0.66235	0.09839	0.08666	0.01075	0.00594	0.00163	0.00251	0.00947	0.00539	0.00477
12	0.00955	0.00899	0.01517	0.81013	0.03483	0.01123	0.01404	0.01292	0.01011	0.01292	0.00899	0.01348	0.00674	0.00506	0.00506	0.00169	0.00674	0.00449	0.00225	0.00562
13	0.01258	0.01086	0.01143	0.01029	0.01315	0.01258	0.00800	0.02687	0.78161	0.02115	0.02058	0.01887	0.01544	0.00686	0.00515	0.00172	0.00400	0.00572	0.00515	0.00800
14	0.01889	0.02410	0.01433	0.01303	0.01563	0.80199	0.00977	0.02019	0.01433	0.01238	0.00782	0.00912	0.00651	0.00521	0.00456	0.00130	0.00912	0.00326	0.00261	0.00586
15	0.01969	0.01342	0.01472	0.01128	0.01531	0.01458	0.00932	0.67383	0.02253	0.13367	0.01318	0.01282	0.00912	0.00610	0.00506	0.00152	0.00540	0.00462	0.00522	0.00860
16	0.00815	0.00582	0.00815	0.00931	0.01048	0.00582	0.00815	0.01048	0.01164	0.01513	0.02677	0.05704	0.02910	0.01397	0.00698	0.00233	0.00466	0.75671	0.00466	0.00466
17	0.01252	0.01201	0.02053	0.03104	0.79074	0.01201	0.01552	0.01552	0.01151	0.01652	0.00951	0.01252	0.00801	0.00451	0.00501	0.00150	0.00601	0.00451	0.00250	0.00801
18	0.00723	0.00539	0.00798	0.00798	0.00883	0.00624	0.00614	0.00894	0.00808	0.01163	0.01368	0.02060	0.01296	0.08161	0.75900	0.00795	0.01306	0.00553	0.00273	0.00443
19	0.00602	0.00495	0.00530	0.00559	0.00695	0.00423	0.00405	0.00720	0.01108	0.01348	0.04553	0.23647	0.60456	0.01355	0.00609	0.00179	0.00265	0.01157	0.00470	0.00423
20	0.01049	0.00899	0.01049	0.00749	0.01198	0.00674	0.00599	0.01273	0.01049	0.01648	0.00899	0.01049	0.00749	0.00374	0.00374	0.00075	0.00374	0.00300	0.00300	0.85320
21	0.01889	0.02410	0.01433	0.01303	0.01563	0.80199	0.00977	0.02019	0.01433	0.01238	0.00782	0.00912	0.00651	0.00521	0.00456	0.00130	0.00912	0.00326	0.00261	0.00586
22	0.00738	0.00563	0.00836	0.00827	0.00912	0.00665	0.00644	0.00912	0.00810	0.01171	0.01333	0.01981	0.01253	0.05372	0.75490	0.00783	0.04449	0.00542	0.00270	0.00452
23	0.00729	0.00491	0.00550	0.00550	0.00557	0.00488	0.00310	0.00735	0.00753	0.00997	0.01745	0.03376	0.05143	0.78756	0.02489	0.00477	0.00480	0.00750	0.00313	0.00312
24	0.22621	0.06334	0.40128	0.09284	0.01897	0.01202	0.02802	0.03431	0.02897	0.01776	0.00899	0.01068	0.00666	0.00487	0.00432	0.00156	0.00615	0.00364	0.02273	0.00668
25	0.01252	0.01201	0.02053	0.03104	0.79074	0.01201	0.01552	0.01552	0.01151	0.01652	0.00951	0.01252	0.00801	0.00451	0.00501	0.00150	0.00601	0.00451	0.00250	0.00801
26	0.58530	0.00953	0.00902	0.00796	0.02945	0.01032	0.00630	0.03603	0.01051	0.21973	0.01056	0.01087	0.00748	0.00540	0.00407	0.01961	0.00411	0.00346	0.00394	0.00635
27	0.01209	0.01365	0.02953	0.02111	0.02620	0.01285	0.75615	0.03231	0.01219	0.01653	0.01027	0.01361	0.00769	0.00430	0.00595	0.00170	0.00846	0.00594	0.00261	0.00686
28	0.00616	0.00440	0.00587	0.00704	0.00733	0.00411	0.00469	0.00704	0.00968	0.01291	0.02787	0.81899	0.03344	0.01584	0.00645	0.00205	0.00293	0.01438	0.00469	0.00411
29	0.01576	0.01409	0.08706	0.01367	0.08553	0.01389	0.04328	0.43201	0.16733	0.02566	0.01371	0.02790	0.01042	0.00620	0.00515	0.00159	0.00554	0.01865	0.00446	0.00810
30	0.01252	0.01201	0.02053	0.03104	0.79074	0.01201	0.01552	0.01552	0.01151	0.01652	0.00951	0.01252	0.00801	0.00451	0.00501	0.00150	0.00601	0.00451	0.00250	0.00801
31	0.00806	0.00576	0.00805	0.00922	0.01034	0.00575	0.00800	0.01033	0.01156	0.01504	0.02682	0.08973	0.02929	0.01405	0.00696	0.00232	0.00458	0.72486	0.00466	0.00463
32	0.00735	0.00490	0.00552	0.00552	0.00552	0.00490	0.00306	0.00735	0.00735	0.00980	0.01593	0.03309	0.01838	0.82229	0.02574	0.00490	0.00490	0.00735	0.00306	0.00306
33	0.00735	0.00490	0.00552	0.00552	0.00552	0.00490	0.00306	0.00735	0.00735	0.00980	0.01593	0.03309	0.01838	0.82229	0.02574	0.00490	0.00490	0.00735	0.00306	0.00306
34	0.00616	0.00440	0.00587	0.00704	0.00733	0.00411	0.00469	0.00704	0.00968	0.01291	0.02787	0.81899	0.03344	0.01584	0.00645	0.00205	0.00293	0.01438	0.00469	0.00411
35	0.00735	0.00490	0.00552	0.00552	0.00552	0.00490	0.00306	0.00735	0.00735	0.00980	0.01593	0.03309	0.01838	0.82229	0.02574	0.00490	0.00490	0.00735	0.00306	0.00306
36	0.01049	0.00899	0.01049	0.00749	0.01198	0.00674	0.00599	0.01273	0.01049	0.01648	0.00899	0.01049	0.00749	0.00374	0.00374	0.00075	0.00374	0.00300	0.00300	0.85320
37	0.01352	0.82533	0.02650	0.00865	0.01298	0.02001	0.00865	0.01514	0.01027	0.01190	0.00703	0.00811	0.00649	0.00433	0.00324	0.00108	0.00541	0.00270	0.00216	0.00649
38	0.01049	0.00899	0.01049	0.00749	0.01198	0.00674	0.00599	0.01273	0.01049	0.01648	0.00899	0.01049	0.00749	0.00374	0.00374	0.00075	0.00374	0.00300	0.00300	0.85320
39	0.01106	0.01106	0.01549	0.01328	0.01328	0.01549	0.01106	0.01217	0.00774	0.01217	0.00664	0.01106	0.00664	0.00885	0.01659	0.00221	0.81303	0.00443	0.00221	0.00553
40	0.00735	0.00490	0.00552	0.00552	0.00552	0.00490	0.00306	0.00735	0.00735	0.00980	0.01593	0.03309	0.01838	0.82229	0.02574	0.00490	0.00490	0.00735	0.00306	0.00306
41	0.01252	0.01201	0.02053	0.03104	0.79074	0.01201	0.01552	0.01552	0.01151	0.01652	0.00951	0.01252	0.00801	0.00451	0.00501	0.00150	0.00601	0.00451	0.00250	0.00801
42	0.01014	0.02616	0.79609	0.01441	0.02189	0.01174	0.01868	0.01601	0.01068	0.01601	0.00907	0.01068	0.00641	0.00480	0.00480	0.00160	0.00747	0.00374	0.00214	0.00747
43	0.01252	0.01201	0.02053	0.03104	0.79074	0.01201	0.01552	0.01552	0.01151	0.01652	0.00951	0.01252	0.00801	0.00451	0.00501	0.00150	0.00601	0.00451	0.00250	0.00801
44	0.01889	0.02410	0.01433	0.01303	0.01563	0.80199	0.00977	0.02019	0.01433	0.01238	0.00782	0.00912	0.00651	0.00521	0.00456	0.00130	0.00912	0.00326	0.00261	0.00586
45	0.01106	0.01106	0.01549	0.01328	0.01328	0.01549	0.01106	0.01217	0.00774	0.01217	0.00664	0.01106	0.00664	0.00885	0.01659	0.00221	0.81303	0.00443	0.00221	0.00553
46	0.00955	0.00899	0.01517	0.81013	0.03483	0.01123	0.01404	0.01292	0.01011	0.01292	0.00899	0.01348	0.00674	0.00506	0.00506	0.00169	0.00674	0.00449	0.00225	0.00562
47	0.00955	0.00899	0.01517	0.81013	0.03483	0.01123	0.01404	0.01292	0.01011	0.01292	0.00899	0.01348	0.00674	0.00506	0.00506	0.00169	0.00674	0.00449	0.00225	0.00562
48	0.00955	0.00899	0.01517	0.81013	0.03483	0.01123	0.01404	0.01292	0.01011	0.01292	0.00899	0.01348	0.00674	0.00506	0.00506	0.00169	0.00674	0.00449	0.00225	0.00562
49	0.00700	0.00516	0.00654	0.00620	0.00746	0.00470	0.00465	0.00924	0.01394	0.01939	0.68968	0.03923	0.14666	0.01067	0.00597	0.00161	0.00241	0.00935	0.00545	0.00470
50	0.00598	0.00512	0.00512	0.00512	0.00683	0.00427	0.00384	0.00726	0.01153	0.01366	0.05123	0.04866	0.78869	0.01281	0.00598	0.00171	0.00256	0.01067	0.00470	0.00427
51	0.01922	0.01416	0.01518	0.01163	0.01568	0.01568	0.00961	0.77388	0.02378	0.03187	0.01214	0.01214	0.00860	0.00607	0.00506	0.00152	0.00556	0.00455	0.00506	0.00860
52	0.01046	0.00912	0.01191	0.00935	0.01305	0.00798	0.07690	0.01477	0.13376	0.01700	0.03107	0.05043	0.01294	0.00597	0.00466	0.00122	0.00425	0.08096	0.00359	0.50059
53	0.05829	0.02789	0.01493	0.01189	0.01345	0.01133	0.14642	0.01283	0.00907	0.07381	0.01084	0.01719	0.01018	0.18800	0.06519	0.00298	0.31210	0.00533	0.00286	0.00542
54	0.00616	0.00440	0.00587	0.00704	0.00733	0.00411	0.00469	0.00704	0.00968	0.01291	0.02787	0.81899	0.03344	0.01584	0.00645	0.00205	0.00293	0.01438	0.00469	0.00411
55	0.00616	0.00440	0.00587	0.00704	0.00733	0.00411	0.00469	0.00704	0.00968	0.01291	0.02787	0.81899	0.03344	0.01584	0.00645	0.00205	0.00293	0.01438	0.00469	0.00411
56	0.01509	0.66710	0.02370	0.00879	0.01297	0.01771	0.00848	0.01677	0.01097	0.14994	0.00930	0.00977	0.00756	0.00475	0.00380	0.00119	0.01922	0.00315	0.00289	0.00685
57	0.01014	0.02616	0.79609	0.01441	0.02189	0.01174	0.01868	0.01601	0.01068	0.01601	0.00907	0.01068	0.00641	0.00480	0.00480	0.00160	0.00747	0.00374	0.00214	0.00747
58	0.00722	0.00542	0.00813	0.00813	0.00903	0.00632	0.00632	0.00903	0.00813	0.01174	0.01354	0.01987	0.01264	0.03792	0.80225	0.00813	0.01354	0.00542	0.00271	0.00451
59	0.02269	0.00861	0.01174	0.00900	0.01291	0.00743	0.00743	0.02464	0.01447	0.79425	0.01995	0.01721	0.01252	0.00626	0.00509	0.00156	0.00430	0.00509	0.00626	0.00861
60	0.00723	0.00540	0.00802	0.00802	0.00888	0.00626	0.00619	0.00896	0.00809	0.01166	0.01364	0.02041	0.01288	0.07044	0.77006	0.00799	0.01319	0.00550	0.00272	0.00445
61	0.00905	0.00588	0.00745	0.00679	0.00841	0.00550	0.00518	0.01204	0.06178	0.10189	0.60159	0.03527	0.09965	0.00988	0.00582	0.00160	0.00270	0.00862	0.00555	0.00534
62	0.00670	0.00480	0.00647	0.00761	0.00817	0.00458	0.00561	0.00798	0.01026	0.01353	0.02815	0.59335	0.05099	0.01526	0.00659	0.00212	0.00339	0.21550	0.00468	0.00426
63	0.06877	0.01506	0.27478	0.14426	0.05593	0.01029	0.06070	0.01826	0.01182	0.27226	0.01260	0.01340	0.00857	0.00527	0.00491	0.00160	0.00608	0.00442	0.00362	0.00740
64	0.00900	0.00788	0.08690	0.00744	0.00973	0.00592	0.00645	0.01182	0.03186	0.08923	0.49218	0.05127	0.11543	0.00943	0.00567	0.00158	0.00320	0.00817	0.00505	0.04180
65	0.85801	0.00978	0.00743	0.00665	0.00978	0.01134	0.00548	0.01486	0.00861	0.02269	0.00704	0.00821	0.00548	0.00469	0.00313	0.00156	0.00391	0.00274	0.00313	0.00548
66	0.85801	0.00978	0.00743	0.00665	0.00978	0.01134	0.00548	0.01486	0.00861	0.02269	0.00704	0.00821	0.00548	0.00469	0.00313	0.00156	0.00391	0.00274	0.00313	0.00548
67	0.00600	0.00512	0.00515	0.00515	0.00684	0.00428	0.00386	0.00730	0.01158	0.01379	0.06544	0.04845	0.77440	0.01276	0.00598	0.00171	0.00256	0.01064	0.00471	0.00428
68	0.00602	0.00505	0.00523	0.00533	0.00689	0.00426	0.00394	0.00728	0.01140	0.01372	0.06403	0.12340	0.70004	0.01305	0.00602	0.00174	0.00259	0.01100	0.00471	0.00426
69	0.00722	0.00542	0.00813	0.00813	0.00903	0.00632	0.00632	0.00903	0.00813	0.01174	0.01354	0.01987	0.01264	0.03792	0.80225	0.00813	0.01354	0.00542	0.00271	0.00451
70	0.01258	0.01086	0.01143	0.01029	0.01315	0.01258	0.00800	0.02687	0.78161	0.02115	0.02058	0.01887	0.01544	0.00686	0.00515	0.00172	0.00400	0.00572	0.00515	0.00800
71	0.00609	0.00511	0.00531	0.00536	0.00697	0.00432	0.00402	0.00744	0.01160	0.01403	0.09077	0.08128	0.69955	0.01282	0.00602	0.00173	0.00261	0.02594	0.00474	0.00430
72	0.01258	0.01086	0.01143	0.01029	0.01315	0.01258	0.00800	0.02687	0.78161	0.02115	0.02058	0.01887	0.01544	0.00686	0.00515	0.00172	0.00400	0.00572	0.00515	0.00800
73	0.01352	0.82533	0.02650	0.00865	0.01298	0.02001	0.00865	0.01514	0.01027	0.01190	0.00703	0.00811	0.00649	0.00433	0.00324	0.00108	0.00541	0.00270	0.00216	0.00649
74	0.00716	0.00517	0.00676	0.00636	0.00755	0.00477	0.00477	0.00954	0.01431	0.02028	0.78808	0.03777	0.04771	0.01034	0.00596	0.00159	0.00239	0.00914	0.00557	0.00477
75	0.01032	0.02494	0.72152	0.01508	0.02233	0.01185	0.09203	0.01603	0.01080	0.01603	0.00919	0.01096	0.00653	0.00475	0.00492	0.00161	0.00758	0.00395	0.00218	0.00741
76	0.01014	0.02616	0.79609	0.01441	0.02189	0.01174	0.01868	0.01601	0.01068	0.01601	0.00907	0.01068	0.00641	0.00480	0.00480	0.00160	0.00747	0.00374	0.00214	0.00747
77	0.00616	0.00440	0.00587	0.00704	0.00733	0.00411	0.00469	0.00704	0.00968	0.01291	0.02787	0.81899	0.03344	0.01584	0.00645	0.00205	0.00293	0.01438	0.00469	0.00411
78	0.85801	0.00978	0.00743	0.00665	0.00978	0.01134	0.00548	0.01486	0.00861	0.02269	0.00704	0.00821	0.00548	0.00469	0.00313	0.00156	0.00391	0.00274	0.00313	0.00548
79	0.01121	0.21020	0.52557	0.01221	0.01836	0.01296	0.01482	0.01563	0.01091	0.04852	0.03997	0.01271	0.03556	0.00524	0.00454	0.00148	0.00649	0.00400	0.00254	0.00708
80	0.00878	0.00439	0.00659	0.00659	0.00659	0.00439	0.00439	0.00659	0.00659	0.00878	0.00878	0.01537	0.00878	0.01757	0.01976	0.85288	0.00439	0.00439	0.00220	0.00220
81	0.00815	0.00582	0.00815	0.00931	0.01048	0.00582	0.00815	0.01048	0.01164	0.01513	0.02677	0.05704	0.02910	0.01397	0.00698	0.00233	0.00466	0.75671	0.00466	0.00466
82	0.01189	0.01229	0.05220	0.22861	0.53625	0.04083	0.01507	0.01505	0.01122	0.01543	0.00930	0.01256	0.00756	0.00468	0.00499	0.00155	0.00637	0.00442	0.00243	0.00730
83	0.08207	0.04181	0.01388	0.01046	0.01422	0.01364	0.00861	0.48319	0.08711	0.15285	0.01367	0.01361	0.00976	0.02541	0.00535	0.00161	0.00508	0.00460	0.00496	0.00810
84	0.01036	0.00676	0.00605	0.00583	0.00709	0.07845	0.00442	0.01257	0.01083	0.01798	0.01529	0.01763	0.01211	0.00595	0.00417	0.00123	0.03671	0.00457	0.73714	0.00485
85	0.00616	0.00440	0.00587	0.00704	0.00733	0.00411	0.00469	0.00704	0.00968	0.01291	0.02787	0.81899	0.03344	0.01584	0.00645	0.00205	0.00293	0.01438	0.00469	0.00411
86	0.01163	0.19860	0.55463	0.01337	0.03593	0.01334	0.03182	0.01627	0.01083	0.05604	0.00924	0.01056	0.00681	0.00476	0.00451	0.00149	0.00685	0.00365	0.00237	0.00732
87	0.09117	0.06249	0.15443	0.01544	0.17775	0.19693	0.01169	0.06111	0.01291	0.15384	0.01067	0.01157	0.00789	0.00513	0.00462	0.00147	0.00645	0.00392	0.00331	0.00724
88	0.01106	0.01106	0.01549	0.01328	0.01328	0.01549	0.01106	0.01217	0.00774	0.01217	0.00664	0.01106	0.00664	0.00885	0.01659	0.00221	0.81303	0.00443	0.00221	0.00553
89	0.01056	0.00899	0.01047	0.00756	0.01195	0.00685	0.00603	0.02666	0.01071	0.01669	0.00945	0.02765	0.00806	0.00404	0.00383	0.00079	0.00376	0.00327	0.00307	0.81962
90	0.00703	0.00502	0.00686	0.00803	0.00870	0.00485	0.00620	0.00853	0.01053	0.01388	0.02739	0.48773	0.03156	0.01503	0.00668	0.00217	0.00368	0.33710	0.00468	0.00435
91	0.00735	0.00490	0.00552	0.00552	0.00552	0.00490	0.00306	0.00735	0.00735	0.00980	0.01593	0.03309	0.01838	0.82229	0.02574	0.00490	0.00490	0.00735	0.00306	0.00306
92	0.02705	0.02418	0.68541	0.01471	0.03439	0.01203	0.04838	0.03385	0.01089	0.01638	0.00906	0.01083	0.00653	0.00497	0.00532	0.00163	0.04090	0.00387	0.00225	0.00736
93	0.03851	0.00935	0.01176	0.05341	0.01405	0.00847	0.00756	0.08856	0.04019	0.41309	0.01519	0.01445	0.01033	0.00544	0.00465	0.00134	0.00437	0.00437	0.00488	0.25003
94	0.00636	0.00468	0.00594	0.00659	0.00727	0.00428	0.00455	0.00760	0.01086	0.01448	0.18870	0.52895	0.14590	0.03068	0.00668	0.00197	0.00281	0.01261	0.00484	0.00425
95	0.01366	0.01180	0.01206	0.01011	0.01349	0.05591	0.00797	0.15375	0.45064	0.02158	0.01605	0.01545	0.01214	0.00600	0.00481	0.00146	0.00451	0.00483	0.00455	0.17922
96	0.01157	0.10191	0.40843	0.02756	0.04165	0.06049	0.09798	0.05327	0.05666	0.01621	0.01113	0.07034	0.00922	0.00571	0.00492	0.00158	0.00680	0.00482	0.00273	0.00703
97	0.01136	0.04087	0.60837	0.01555	0.10010	0.01191	0.01697	0.02974	0.02745	0.05723	0.00988	0.01136	0.00713	0.00500	0.00510	0.00159	0.02639	0.00394	0.00251	0.00755
98	0.01014	0.02616	0.79609	0.01441	0.02189	0.01174	0.01868	0.01601	0.01068	0.01601	0.00907	0.01068	0.00641	0.00480	0.00480	0.00160	0.00747	0.00374	0.00214	0.00747
99	0.00664	0.00514	0.00725	0.00763	0.00842	0.00479	0.04739	0.00801	0.02287	0.01356	0.06152	0.63347	0.10888	0.03048	0.00672	0.00203	0.00324	0.01302	0.00459	0.00435
100	0.03786	0.09738	0.44024	0.01458	0.10962	0.01201	0.03092	0.05813	0.01177	0.06065	0.03752	0.01239	0.00881	0.00510	0.00467	0.00152	0.00633	0.00410	0.03913	0.00728
101	0.03267	0.01004	0.01252	0.01114	0.07352	0.02404	0.00829	0.13875	0.10700	0.44121	0.05756	0.03267	0.01392	0.00652	0.00511	0.00158	0.00455	0.00535	0.00546	0.00810
102	0.01352	0.82533	0.02650	0.00865	0.01298	0.02001	0.00865	0.01514	0.01027	0.01190	0.00703	0.00811	0.00649	0.00433	0.00324	0.00108	0.00541	0.00270	0.00216	0.00649
103	0.01052	0.00938	0.01263	0.00908	0.01351	0.00738	0.09688	0.01301	0.01082	0.01660	0.04156	0.01200	0.00919	0.00408	0.00410	0.00090	0.00426	0.00360	0.00305	0.71746
104	0.00875	0.00548	0.00715	0.00655	0.00800	0.00503	0.00498	0.01109	0.01417	0.09483	0.68192	0.03500	0.04287	0.00976	0.00578	0.00157	0.00257	0.00857	0.04079	0.00514
105	0.00790	0.00541	0.00700	0.00651	0.00783	0.00501	0.00489	0.01041	0.02740	0.05320	0.71563	0.03666	0.05717	0.02511	0.00628	0.00165	0.00255	0.00890	0.00553	0.00495
106	0.01243	0.04400	0.17336	0.02501	0.54470	0.01183	0.01515	0.01588	0.01139	0.04962	0.00976	0.01211	0.00781	0.00460	0.00485	0.00148	0.00611	0.00425	0.00260	0.04305
107	0.00622	0.00446	0.00582	0.00687	0.00721	0.00416	0.00457	0.00707	0.00963	0.01277	0.02821	0.74216	0.06501	0.06063	0.00751	0.00220	0.00303	0.01383	0.00460	0.00406
108	0.00616	0.00440	0.00587	0.00704	0.00733	0.00411	0.00469	0.00704	0.00968	0.01291	0.02787	0.81899	0.03344	0.01584	0.00645	0.00205	0.00293	0.01438	0.00469	0.00411
109	0.01507	0.04689	0.02892	0.01047	0.03248	0.03753	0.00840	0.39779	0.13427	0.02503	0.07669	0.01713	0.04545	0.00662	0.00492	0.00150	0.00477	0.00523	0.09344	0.00740
110	0.03803	0.01283	0.01323	0.01065	0.01419	0.06215	0.00862	0.42429	0.17292	0.12712	0.01467	0.01419	0.01049	0.00616	0.00493	0.00153	0.00511	0.00474	0.04610	0.00805
111	0.02212	0.00873	0.01172	0.00907	0.01292	0.00772	0.00746	0.02477	0.05720	0.75119	0.01998	0.01730	0.01268	0.00629	0.00509	0.00157	0.00429	0.00512	0.00620	0.00857
112	0.01295	0.01105	0.01164	0.01037	0.01329	0.01275	0.00809	0.06848	0.73940	0.02175	0.02011	0.01849	0.01506	0.00682	0.00514	0.00170	0.00409	0.00565	0.00514	0.00804
113	0.01014	0.02616	0.79609	0.01441	0.02189	0.01174	0.01868	0.01601	0.01068	0.01601	0.00907	0.01068	0.00641	0.00480	0.00480	0.00160	0.00747	0.00374	0.00214	0.00747
114	0.01014	0.02616	0.79609	0.01441	0.02189	0.01174	0.01868	0.01601	0.01068	0.01601	0.00907	0.01068	0.00641	0.00480	0.00480	0.00160	0.00747	0.00374	0.00214	0.00747
115	0.81486	0.01000	0.00783	0.00691	0.01008	0.01157	0.00569	0.05391	0.00939	0.02316	0.00730	0.00842	0.00564	0.00476	0.00323	0.00156	0.00400	0.00283	0.00323	0.00564
116	0.01194	0.01364	0.02984	0.02131	0.02643	0.01279	0.77238	0.01620	0.01194	0.01620	0.01023	0.01364	0.00767	0.00426	0.00597	0.00171	0.00853	0.00597	0.00256	0.00682
117	0.01252	0.01201	0.02053	0.03104	0.79074	0.01201	0.01552	0.01552	0.01151	0.01652	0.00951	0.01252	0.00801	0.00451	0.00501	0.00150	0.00601	0.00451	0.00250	0.00801
118	0.04537	0.00538	0.00679	0.00637	0.00765	0.00507	0.00480	0.00978	0.01406	0.02039	0.75300	0.03645	0.04582	0.01008	0.00584	0.00159	0.00245	0.00886	0.00546	0.00480
119	0.02094	0.02382	0.06387	0.00925	0.01323	0.00798	0.00805	0.03761	0.01401	0.67909	0.01867	0.01724	0.01220	0.04277	0.00596	0.00171	0.00458	0.00505	0.00575	0.00824
120	0.00954	0.00880	0.01470	0.77396	0.03353	0.01094	0.01357	0.01287	0.01013	0.01319	0.00932	0.01372	0.00702	0.00509	0.00499	0.00166	0.00654	0.00450	0.04033	0.00558
121	0.01889	0.02410	0.01433	0.01303	0.01563	0.80199	0.00977	0.02019	0.01433	0.01238	0.00782	0.00912	0.00651	0.00521	0.00456	0.00130	0.00912	0.00326	0.00261	0.00586
122	0.58689	0.06151	0.08887	0.05249	0.01268	0.01170	0.00756	0.04225	0.00962	0.03697	0.00821	0.01020	0.00655	0.04150	0.00454	0.00169	0.00463	0.00326	0.00305	0.00582
123	0.81975	0.00954	0.00736	0.00667	0.00967	0.01102	0.00544	0.01451	0.00865	0.02225	0.00798	0.04462	0.00673	0.00519	0.00328	0.00159	0.00387	0.00326	0.00320	0.00541
124	0.01222	0.05921	0.05615	0.01959	0.02448	0.01339	0.63661	0.04748	0.01210	0.01642	0.00993	0.01305	0.00755	0.00457	0.00621	0.00168	0.04432	0.00558	0.00261	0.00684
125	0.05054	0.01081	0.01125	0.01013	0.01300	0.01252	0.00789	0.02633	0.74689	0.02122	0.01997	0.01839	0.01499	0.00676	0.00505	0.00171	0.00400	0.00558	0.00505	0.00789
126	0.00734	0.00494	0.00572	0.00572	0.00579	0.00501	0.00332	0.00748	0.00741	0.00996	0.01575	0.03206	0.01794	0.76124	0.08618	0.00515	0.00558	0.00720	0.00304	0.00318
127	0.01076	0.01162	0.05538	0.28095	0.07275	0.01167	0.30676	0.01485	0.04546	0.01543	0.05347	0.01495	0.00998	0.00529	0.00601	0.00169	0.04843	0.00535	0.02286	0.00635
128	0.02209	0.00895	0.01187	0.00917	0.01304	0.00802	0.00755	0.05689	0.04932	0.72682	0.01964	0.01707	0.01248	0.00628	0.00509	0.00157	0.00434	0.00509	0.00616	0.00858
129	0.00734	0.00556	0.00664	0.00622	0.00770	0.00511	0.00470	0.04317	0.01389	0.01878	0.52824	0.03995	0.27221	0.01090	0.00593	0.00162	0.00258	0.00941	0.00528	0.00479
130	0.00727	0.00523	0.00716	0.00716	0.00772	0.00579	0.00511	0.00841	0.00784	0.01102	0.01443	0.02479	0.01478	0.32977	0.51333	0.00693	0.01033	0.00614	0.00284	0.00398
131	0.00961	0.00905	0.01528	0.79332	0.05114	0.01125	0.01408	0.01298	0.01014	0.01300	0.00900	0.01346	0.00677	0.00504	0.00505	0.00168	0.00672	0.00449	0.00225	0.00567
132	0.00969	0.00907	0.01500	0.77421	0.03385	0.01129	0.01377	0.01355	0.04476	0.01329	0.00951	0.01372	0.00713	0.00514	0.00506	0.00169	0.00662	0.00455	0.00238	0.00572
133	0.00672	0.00552	0.00607	0.04006	0.00836	0.00497	0.00457	0.02034	0.02739	0.01451	0.11904	0.04339	0.61873	0.01222	0.00652	0.03992	0.00288	0.00978	0.00458	0.00443
134	0.01728	0.00974	0.03068	0.01008	0.04438	0.00899	0.00799	0.17356	0.03058	0.37054	0.13739	0.01993	0.01715	0.00684	0.00518	0.00153	0.00437	0.03057	0.00535	0.06786

[dist]
# distance from previous block
# <min> <max>
0	122

# created by:
# /st0/software/busco_prod/Augustus/scripts/msa2prfl.pl ./align_prep/152129.fa
