[name]
unknown

[dist]
# distance from previous block
# <min> <max>
39	114

[block]
# block no. 0 follows, 44 sequences, length 36
# corresponding to MSA columns:
# 118-153
name=unknown_A
#
# <colnr> <probs for GDERKNQSTAVLIFYWHMCP>
#	G	D	E	R	K	N	Q	S	T	A	V	L	I	F	Y	W	H	M	C	P
0	0.39719	0.03537	0.26401	0.01146	0.05335	0.01198	0.01122	0.03721	0.01074	0.02056	0.01057	0.07025	0.00916	0.02995	0.00513	0.00183	0.00564	0.00454	0.00315	0.00669
1	0.14103	0.47639	0.15642	0.00982	0.01457	0.01706	0.01029	0.01597	0.01116	0.01618	0.05498	0.01156	0.00974	0.00526	0.00397	0.00138	0.00568	0.00361	0.02810	0.00685
2	0.09207	0.11034	0.03681	0.12033	0.04353	0.01133	0.00910	0.10345	0.01337	0.11795	0.05497	0.05655	0.01358	0.03212	0.03066	0.00192	0.00544	0.02024	0.05314	0.07311
3	0.01456	0.50388	0.22175	0.01141	0.01694	0.01767	0.03586	0.01762	0.01169	0.08984	0.00964	0.01062	0.00766	0.00500	0.00422	0.00138	0.00640	0.00357	0.00277	0.00751
4	0.00743	0.00545	0.00692	0.00766	0.00832	0.00531	0.00525	0.00971	0.07089	0.01560	0.13862	0.58400	0.03584	0.06200	0.00799	0.00229	0.00329	0.01348	0.00514	0.00480
5	0.01000	0.00823	0.02545	0.00830	0.01104	0.00705	0.00653	0.07069	0.02959	0.01937	0.21890	0.19677	0.02702	0.00955	0.00563	0.00154	0.00374	0.03737	0.00465	0.29858
6	0.00755	0.00554	0.00693	0.00671	0.00793	0.00509	0.00495	0.00966	0.01407	0.01938	0.55139	0.06655	0.15409	0.08282	0.00838	0.00209	0.00294	0.03352	0.00556	0.00487
7	0.01442	0.14969	0.37252	0.01395	0.02002	0.03898	0.06853	0.12703	0.06003	0.06752	0.01146	0.01246	0.00838	0.00550	0.00507	0.00163	0.00709	0.00436	0.00330	0.00807
8	0.01068	0.00873	0.01028	0.00935	0.01153	0.01920	0.03384	0.03894	0.26503	0.04154	0.16269	0.13010	0.17278	0.01063	0.00652	0.00188	0.02930	0.02526	0.00525	0.00648
9	0.01217	0.00709	0.00732	0.00657	0.00841	0.00741	0.00508	0.15860	0.01412	0.02280	0.01684	0.01934	0.01322	0.02934	0.00482	0.00146	0.00330	0.00513	0.65110	0.00585
10	0.00812	0.00882	0.09436	0.00870	0.01103	0.00665	0.06419	0.01071	0.03399	0.01625	0.18185	0.12395	0.27864	0.11749	0.00917	0.00230	0.00423	0.00977	0.00455	0.00523
11	0.01371	0.01126	0.01206	0.01079	0.01383	0.01284	0.00841	0.02781	0.68927	0.05613	0.06436	0.02141	0.01846	0.00758	0.00559	0.00183	0.00423	0.00634	0.00563	0.00846
12	0.01044	0.00983	0.01626	0.74500	0.03605	0.01233	0.01485	0.01429	0.03031	0.01413	0.00992	0.01458	0.00751	0.00566	0.00593	0.00184	0.03759	0.00488	0.00250	0.00612
13	0.01464	0.01342	0.01342	0.14059	0.01832	0.13427	0.00989	0.04629	0.44175	0.05730	0.01863	0.01837	0.03526	0.00693	0.00545	0.00176	0.00569	0.00561	0.00464	0.00778
14	0.00664	0.00474	0.00633	0.00759	0.00791	0.00443	0.00506	0.00759	0.01044	0.01392	0.03005	0.80485	0.03606	0.01708	0.00696	0.00221	0.00316	0.01550	0.00506	0.00443
15	0.01353	0.08424	0.01391	0.00922	0.01385	0.01079	0.00760	0.15552	0.06069	0.02077	0.01092	0.01197	0.00873	0.00478	0.00435	0.00106	0.00459	0.00370	0.00371	0.55607
16	0.01235	0.00966	0.01141	0.00820	0.01300	0.00733	0.00658	0.01475	0.01165	0.07812	0.01063	0.01188	0.00851	0.00425	0.00415	0.00088	0.00409	0.00341	0.00351	0.77566
17	0.02214	0.00876	0.01191	0.00931	0.01312	0.00761	0.00761	0.02431	0.01558	0.67321	0.12559	0.02163	0.01876	0.00736	0.00561	0.00169	0.00435	0.00609	0.00664	0.00870
18	0.00665	0.00483	0.00629	0.00741	0.00787	0.00446	0.00499	0.00767	0.01071	0.01417	0.04972	0.72692	0.09485	0.01668	0.00691	0.00217	0.00312	0.01505	0.00508	0.00446
19	0.01500	0.01243	0.01314	0.01139	0.01473	0.01423	0.00898	0.17522	0.61595	0.02513	0.02036	0.01888	0.01516	0.00723	0.00553	0.00181	0.00465	0.00591	0.00553	0.00876
20	0.00675	0.00482	0.00638	0.00749	0.00786	0.00450	0.00501	0.00778	0.01068	0.01433	0.07786	0.73073	0.03654	0.04182	0.00758	0.00228	0.00319	0.01489	0.00507	0.00444
21	0.08585	0.10464	0.39682	0.05572	0.08943	0.06049	0.01529	0.01785	0.03472	0.05961	0.02497	0.01244	0.00853	0.00540	0.00491	0.00164	0.00700	0.00416	0.00289	0.00763
22	0.01262	0.19563	0.17175	0.04319	0.01920	0.01489	0.15784	0.03871	0.01159	0.03753	0.02701	0.05341	0.01014	0.00752	0.02778	0.00195	0.15417	0.00524	0.00288	0.00696
23	0.68028	0.01029	0.00895	0.00768	0.01123	0.01138	0.00633	0.01816	0.01056	0.17717	0.01041	0.01082	0.00744	0.00540	0.00380	0.00169	0.00430	0.00346	0.00406	0.00659
24	0.00698	0.00502	0.00661	0.00759	0.00813	0.00475	0.00528	0.00818	0.01091	0.01456	0.08799	0.59126	0.06910	0.05610	0.03029	0.00252	0.00368	0.07155	0.00498	0.00450
25	0.03326	0.18999	0.26851	0.02784	0.01894	0.01315	0.11280	0.01754	0.01223	0.12860	0.03463	0.03441	0.02249	0.00577	0.00502	0.00157	0.00650	0.00485	0.00333	0.05855
26	0.01614	0.01177	0.01660	0.06224	0.25509	0.01214	0.03541	0.16375	0.11099	0.16007	0.06232	0.01820	0.03727	0.00654	0.00558	0.00169	0.00555	0.00571	0.00460	0.00835
27	0.00683	0.00526	0.00622	0.00681	0.00790	0.00472	0.00491	0.00814	0.01164	0.01477	0.07971	0.35978	0.34954	0.04054	0.00742	0.00215	0.00318	0.07088	0.00505	0.00455
28	0.01271	0.03898	0.06608	0.21718	0.43242	0.04348	0.01538	0.02646	0.02899	0.01671	0.01104	0.03070	0.00931	0.00560	0.00540	0.00169	0.00673	0.02068	0.00280	0.00766
29	0.01410	0.18058	0.29981	0.11730	0.02154	0.06121	0.04333	0.07617	0.01314	0.08189	0.01116	0.01369	0.00856	0.00567	0.00503	0.00162	0.00710	0.02746	0.00309	0.00755
30	0.02379	0.00934	0.01259	0.00969	0.01382	0.00820	0.00799	0.04882	0.01591	0.72995	0.04603	0.01912	0.01462	0.00689	0.00551	0.00169	0.00461	0.00561	0.00668	0.00914
31	0.02778	0.00595	0.00732	0.00697	0.00861	0.00538	0.00522	0.01120	0.01380	0.10270	0.38075	0.16153	0.21800	0.01211	0.00634	0.00182	0.00298	0.01051	0.00565	0.00537
32	0.01296	0.14625	0.38434	0.03867	0.01952	0.12109	0.03430	0.01683	0.01160	0.03125	0.00994	0.01312	0.00817	0.06923	0.00755	0.00192	0.05935	0.00426	0.00257	0.00708
33	0.06375	0.04725	0.44069	0.01594	0.09236	0.09431	0.02660	0.01807	0.05448	0.02961	0.01092	0.01355	0.00849	0.00577	0.00554	0.00172	0.03286	0.02764	0.00281	0.00764
34	0.00690	0.00493	0.00644	0.00739	0.00786	0.00462	0.00501	0.00801	0.01092	0.01464	0.11121	0.62523	0.05971	0.07200	0.00836	0.00237	0.00328	0.03165	0.00504	0.00445
35	0.01329	0.01402	0.06927	0.03153	0.66929	0.01300	0.07551	0.01682	0.01239	0.01775	0.01029	0.01347	0.00850	0.00486	0.00547	0.00164	0.00679	0.00493	0.00268	0.00850

[dist]
# distance from previous block
# <min> <max>
5	7

[block]
# block no. 1 follows, 44 sequences, length 9
# corresponding to MSA columns:
# 161-169
name=unknown_B
#
# <colnr> <probs for GDERKNQSTAVLIFYWHMCP>
#	G	D	E	R	K	N	Q	S	T	A	V	L	I	F	Y	W	H	M	C	P
0	0.05078	0.01366	0.06657	0.13091	0.08482	0.01373	0.01144	0.32838	0.09360	0.07579	0.01332	0.01424	0.00970	0.00606	0.00525	0.00165	0.00587	0.00485	0.02301	0.04636
1	0.01923	0.01447	0.01575	0.03556	0.01704	0.04631	0.02991	0.54730	0.08895	0.07569	0.01569	0.01554	0.03938	0.00679	0.00551	0.00167	0.00592	0.00529	0.00526	0.00877
2	0.84691	0.01054	0.00801	0.00717	0.01054	0.01223	0.00590	0.01603	0.00928	0.02446	0.00759	0.00886	0.00590	0.00506	0.00337	0.00169	0.00422	0.00295	0.00337	0.00590
3	0.00826	0.00605	0.00754	0.00762	0.00877	0.00593	0.00577	0.01102	0.06310	0.01762	0.32277	0.07127	0.09208	0.16905	0.01084	0.00264	0.00382	0.17584	0.00511	0.00492
4	0.00730	0.00548	0.00690	0.00732	0.00790	0.00554	0.00504	0.00825	0.00988	0.01308	0.02834	0.35423	0.15637	0.20212	0.11723	0.00375	0.04143	0.01126	0.00424	0.00433
5	0.01030	0.00969	0.01635	0.79530	0.03755	0.01211	0.01514	0.01393	0.01090	0.01393	0.00969	0.01453	0.00727	0.00545	0.00545	0.00182	0.00727	0.00484	0.00242	0.00606
6	0.00772	0.00531	0.00618	0.00626	0.00650	0.00531	0.00378	0.00805	0.00850	0.01128	0.02067	0.08728	0.07659	0.63143	0.08863	0.00511	0.00574	0.00853	0.00352	0.00361
7	0.01281	0.01649	0.14251	0.06106	0.02769	0.01368	0.57233	0.05141	0.01315	0.01803	0.01087	0.01414	0.00806	0.00482	0.00615	0.00181	0.00878	0.00592	0.00280	0.00748
8	0.00749	0.00552	0.00701	0.00673	0.00803	0.00504	0.00501	0.00983	0.01478	0.02051	0.63922	0.08324	0.14371	0.01181	0.00646	0.00176	0.00263	0.01037	0.00583	0.00504

[dist]
# distance from previous block
# <min> <max>
0	1

[block]
# block no. 2 follows, 44 sequences, length 11
# corresponding to MSA columns:
# 171-181
name=unknown_C
#
# <colnr> <probs for GDERKNQSTAVLIFYWHMCP>
#	G	D	E	R	K	N	Q	S	T	A	V	L	I	F	Y	W	H	M	C	P
0	0.03977	0.00857	0.01102	0.00892	0.01246	0.00742	0.00714	0.01992	0.02986	0.42530	0.05217	0.12920	0.01756	0.00804	0.00544	0.00161	0.00421	0.02795	0.00560	0.17783
1	0.00752	0.00542	0.00711	0.00699	0.00810	0.00501	0.00513	0.00979	0.01451	0.02040	0.63489	0.18153	0.04861	0.01224	0.00653	0.00181	0.00268	0.01090	0.00583	0.00501
2	0.01295	0.01066	0.01219	0.00886	0.01362	0.00895	0.00714	0.14345	0.01381	0.02066	0.01028	0.01162	0.00828	0.00448	0.00428	0.00095	0.00438	0.00352	0.00362	0.69629
3	0.01197	0.01000	0.01158	0.00841	0.01307	0.00801	0.00674	0.07743	0.01270	0.01936	0.04064	0.01264	0.00992	0.00454	0.00426	0.00092	0.00415	0.00364	0.00353	0.73648
4	0.20198	0.01384	0.01452	0.06596	0.01694	0.01554	0.00971	0.54140	0.02100	0.03075	0.01164	0.01226	0.00839	0.00614	0.00500	0.00166	0.00570	0.00447	0.00478	0.00831
5	0.01553	0.00959	0.01130	0.00949	0.01262	0.00965	0.00751	0.11178	0.21202	0.22933	0.15964	0.06229	0.05883	0.00839	0.00570	0.00171	0.00414	0.00705	0.00576	0.05767
6	0.01372	0.01363	0.02112	0.09962	0.65309	0.06999	0.01613	0.01685	0.01250	0.01714	0.01007	0.01332	0.00840	0.00497	0.00537	0.00162	0.00679	0.00476	0.00268	0.00824
7	0.02400	0.01002	0.01311	0.01005	0.01429	0.00911	0.00830	0.11694	0.01685	0.68605	0.02047	0.01788	0.01297	0.00672	0.00548	0.00168	0.00481	0.00541	0.00659	0.00928
8	0.00731	0.00519	0.00668	0.00764	0.00808	0.00499	0.00515	0.03194	0.01071	0.01427	0.02798	0.66774	0.03318	0.10770	0.00932	0.00256	0.00356	0.03668	0.00487	0.00447
9	0.01653	0.15408	0.05529	0.01365	0.06790	0.28288	0.04676	0.12028	0.02738	0.03831	0.01122	0.02687	0.00962	0.07405	0.00684	0.00180	0.00732	0.00459	0.02771	0.00694
10	0.00913	0.00476	0.00685	0.00702	0.00716	0.00472	0.00471	0.00758	0.00788	0.01088	0.01289	0.12443	0.01343	0.01776	0.01806	0.66484	0.00436	0.00623	0.06447	0.00285

[dist]
# distance from previous block
# <min> <max>
6	10

[block]
# block no. 3 follows, 44 sequences, length 11
# corresponding to MSA columns:
# 192-202
name=unknown_D
#
# <colnr> <probs for GDERKNQSTAVLIFYWHMCP>
#	G	D	E	R	K	N	Q	S	T	A	V	L	I	F	Y	W	H	M	C	P
0	0.05775	0.00824	0.08684	0.00776	0.00992	0.00631	0.00665	0.01121	0.01336	0.01984	0.42494	0.14150	0.06493	0.01043	0.00589	0.00171	0.00339	0.00905	0.06433	0.04595
1	0.09421	0.00589	0.00691	0.00699	0.00762	0.00627	0.00467	0.00917	0.00860	0.01296	0.01724	0.13012	0.01898	0.43154	0.21081	0.00537	0.00721	0.00789	0.00345	0.00411
2	0.01130	0.00969	0.01130	0.00807	0.01292	0.00727	0.00646	0.01373	0.01130	0.01776	0.00969	0.01130	0.00807	0.00404	0.00404	0.00081	0.00404	0.00323	0.00323	0.84173
3	0.01050	0.01067	0.02076	0.11849	0.02215	0.01064	0.37070	0.01373	0.01201	0.01620	0.06724	0.19490	0.03775	0.00862	0.00698	0.00195	0.04351	0.02346	0.00353	0.00620
4	0.00957	0.00649	0.00727	0.00684	0.00756	0.00663	0.00434	0.05493	0.06339	0.03818	0.04174	0.03343	0.04641	0.62506	0.02271	0.00448	0.00507	0.00773	0.00385	0.00433
5	0.09435	0.00611	0.00757	0.00748	0.00832	0.00677	0.00533	0.00967	0.00848	0.01305	0.01490	0.02577	0.01529	0.34130	0.40529	0.00666	0.00984	0.00637	0.00312	0.00435
6	0.00726	0.00521	0.00654	0.00711	0.00777	0.00491	0.00493	0.00846	0.01115	0.01485	0.15497	0.36936	0.11292	0.18228	0.01124	0.00276	0.00363	0.07540	0.00485	0.00438
7	0.01871	0.01358	0.01505	0.01182	0.01543	0.01518	0.00973	0.56559	0.02191	0.06651	0.01512	0.01549	0.04493	0.00719	0.00669	0.00170	0.08727	0.00524	0.05439	0.00847
8	0.01403	0.01365	0.05048	0.17569	0.27197	0.07526	0.01325	0.07149	0.14953	0.04245	0.01265	0.01456	0.00977	0.00564	0.00531	0.00164	0.00635	0.00487	0.00350	0.05789
9	0.01295	0.14307	0.24030	0.17792	0.08406	0.05421	0.01448	0.06115	0.08503	0.01703	0.01064	0.01275	0.00824	0.00569	0.00572	0.00167	0.05039	0.00436	0.00289	0.00744
10	0.01452	0.09388	0.03573	0.08196	0.11800	0.05990	0.04500	0.01882	0.12224	0.16152	0.01816	0.07898	0.04328	0.03913	0.00640	0.00188	0.00568	0.04339	0.00423	0.00728

[dist]
# distance from previous block
# <min> <max>
7	27

[block]
# block no. 4 follows, 44 sequences, length 16
# corresponding to MSA columns:
# 230-245
name=unknown_E
#
# <colnr> <probs for GDERKNQSTAVLIFYWHMCP>
#	G	D	E	R	K	N	Q	S	T	A	V	L	I	F	Y	W	H	M	C	P
0	0.04115	0.00860	0.01273	0.35582	0.02226	0.01048	0.01074	0.02625	0.01072	0.01511	0.03629	0.21657	0.01616	0.00933	0.00782	0.00198	0.14023	0.00763	0.04451	0.00561
1	0.62184	0.01368	0.14013	0.00993	0.03560	0.01220	0.03139	0.01674	0.01012	0.05402	0.00872	0.01002	0.00654	0.00513	0.00392	0.00170	0.00510	0.00340	0.00329	0.00653
2	0.00780	0.00595	0.00720	0.00682	0.00835	0.00555	0.00514	0.01091	0.06193	0.02030	0.56201	0.04210	0.21258	0.01151	0.00638	0.00175	0.00272	0.01000	0.00576	0.00524
3	0.01215	0.00726	0.00816	0.00724	0.00862	0.00738	0.00502	0.12902	0.01220	0.09934	0.01711	0.02743	0.01639	0.44723	0.01741	0.00358	0.00482	0.00666	0.15776	0.00522
4	0.79352	0.01046	0.00831	0.00733	0.01076	0.01196	0.00604	0.01671	0.00969	0.07339	0.00849	0.00949	0.00640	0.00517	0.00351	0.00169	0.00424	0.00312	0.00359	0.00612
5	0.00729	0.00564	0.00610	0.00593	0.00767	0.00483	0.00443	0.00889	0.01298	0.03914	0.19581	0.04858	0.58207	0.03784	0.00708	0.00192	0.00286	0.01088	0.00525	0.00481
6	0.84691	0.01054	0.00801	0.00717	0.01054	0.01223	0.00590	0.01603	0.00928	0.02446	0.00759	0.00886	0.00590	0.00506	0.00337	0.00169	0.00422	0.00295	0.00337	0.00590
7	0.02061	0.03666	0.02889	0.01077	0.01472	0.06753	0.00892	0.18392	0.11041	0.39164	0.05523	0.01761	0.01405	0.00683	0.00542	0.00166	0.00527	0.00541	0.00577	0.00868
8	0.02430	0.00954	0.01281	0.00982	0.01405	0.00840	0.00811	0.05822	0.01604	0.74590	0.02114	0.01832	0.01331	0.00674	0.00548	0.00168	0.00470	0.00546	0.00669	0.00928
9	0.00771	0.00559	0.00660	0.00646	0.00792	0.00496	0.00475	0.00949	0.01334	0.04572	0.33745	0.12848	0.34081	0.04721	0.00738	0.00197	0.00291	0.01090	0.00543	0.00492
10	0.01347	0.01056	0.01089	0.03004	0.01241	0.09264	0.00761	0.20827	0.03370	0.03880	0.01567	0.08004	0.01382	0.05563	0.20549	0.00360	0.00771	0.00606	0.14724	0.00634
11	0.00759	0.00522	0.00614	0.00636	0.00661	0.00511	0.00387	0.00803	0.00908	0.01212	0.06462	0.18533	0.06182	0.55318	0.03849	0.00439	0.00480	0.00963	0.00388	0.00373
12	0.01164	0.01027	0.01528	0.09318	0.19016	0.01160	0.04178	0.01581	0.11481	0.03967	0.07953	0.09426	0.04017	0.00848	0.00838	0.00192	0.17323	0.01823	0.02478	0.00681
13	0.41522	0.07211	0.01251	0.00948	0.01255	0.03586	0.03102	0.03800	0.04763	0.02045	0.00928	0.01119	0.00761	0.00709	0.03495	0.00191	0.11649	0.00374	0.02503	0.08788
14	0.01622	0.01320	0.01356	0.01077	0.01434	0.07365	0.00853	0.37873	0.04041	0.02465	0.01300	0.03872	0.01095	0.09620	0.00801	0.00188	0.02971	0.00510	0.00439	0.19796
15	0.01751	0.03660	0.01494	0.01206	0.04342	0.01444	0.00943	0.50288	0.06941	0.04048	0.01460	0.01606	0.02416	0.04861	0.06227	0.00229	0.00626	0.00522	0.02428	0.03508

[dist]
# distance from previous block
# <min> <max>
0	7

[block]
# block no. 5 follows, 44 sequences, length 26
# corresponding to MSA columns:
# 253-278
name=unknown_F
#
# <colnr> <probs for GDERKNQSTAVLIFYWHMCP>
#	G	D	E	R	K	N	Q	S	T	A	V	L	I	F	Y	W	H	M	C	P
0	0.04052	0.00904	0.01235	0.07519	0.02758	0.04479	0.07912	0.05527	0.01082	0.01543	0.01363	0.09103	0.01300	0.07501	0.11745	0.12186	0.09093	0.00624	0.09547	0.00526
1	0.08915	0.09526	0.01533	0.04948	0.07769	0.08086	0.00963	0.22062	0.12234	0.05883	0.01591	0.01658	0.06209	0.00865	0.05230	0.00206	0.00625	0.00512	0.00425	0.00760
2	0.01466	0.01265	0.08080	0.04362	0.03945	0.01213	0.02040	0.30660	0.10392	0.05063	0.01813	0.14694	0.01655	0.03735	0.00667	0.00198	0.00548	0.06968	0.00481	0.00756
3	0.00803	0.00627	0.00707	0.02446	0.00887	0.00589	0.00514	0.03413	0.03672	0.01548	0.09496	0.06144	0.37569	0.18801	0.01109	0.00262	0.00381	0.07473	0.00466	0.03091
4	0.08739	0.01325	0.04388	0.14028	0.30591	0.04024	0.12991	0.07928	0.01326	0.05375	0.01132	0.03688	0.00911	0.00555	0.00542	0.00171	0.00677	0.00521	0.00321	0.00766
5	0.01109	0.01014	0.01600	0.68874	0.03450	0.01247	0.01434	0.05118	0.07761	0.01570	0.01095	0.01497	0.00819	0.00567	0.00546	0.00181	0.00695	0.00496	0.00284	0.00644
6	0.00804	0.00561	0.00755	0.00755	0.00832	0.00617	0.00550	0.00951	0.00890	0.01294	0.01657	0.02584	0.03296	0.24209	0.48451	0.00690	0.01059	0.00645	0.08954	0.00446
7	0.00748	0.00550	0.00749	0.00783	0.00870	0.00518	0.03923	0.00910	0.02378	0.01532	0.08714	0.52746	0.09369	0.05297	0.00756	0.00219	0.00343	0.01287	0.07838	0.00471
8	0.07038	0.01372	0.01505	0.03954	0.01660	0.01503	0.00988	0.57887	0.02245	0.09749	0.01428	0.03288	0.01070	0.00695	0.00543	0.00169	0.00572	0.02933	0.00531	0.00870
9	0.01332	0.12024	0.01364	0.01091	0.05847	0.12181	0.00801	0.12092	0.05161	0.04547	0.13245	0.13053	0.08317	0.05721	0.00689	0.00188	0.00520	0.00745	0.00440	0.00643
10	0.01429	0.37520	0.22373	0.01229	0.01747	0.05794	0.05717	0.04753	0.01223	0.06189	0.00982	0.01136	0.00787	0.00692	0.04265	0.00181	0.02580	0.00388	0.00280	0.00737
11	0.02005	0.01436	0.01573	0.01213	0.01625	0.01578	0.01001	0.64088	0.02354	0.07803	0.01336	0.01349	0.00951	0.00660	0.00588	0.00164	0.03830	0.00489	0.02449	0.03509
12	0.01411	0.04069	0.01241	0.00977	0.01305	0.02862	0.00783	0.02012	0.23834	0.15228	0.04641	0.03713	0.06745	0.00731	0.00629	0.00158	0.07412	0.00574	0.00470	0.21205
13	0.01118	0.02506	0.05758	0.02831	0.01280	0.06826	0.00810	0.09591	0.02997	0.01759	0.03753	0.26525	0.05105	0.02256	0.00668	0.00182	0.04120	0.05584	0.01713	0.14618
14	0.00770	0.00590	0.00699	0.00690	0.00844	0.00540	0.00528	0.03567	0.01395	0.01836	0.33452	0.10552	0.32919	0.01286	0.00655	0.00188	0.00305	0.08138	0.00545	0.00501
15	0.03149	0.01014	0.01417	0.19626	0.15575	0.01096	0.01104	0.06560	0.14923	0.09893	0.09975	0.02310	0.04684	0.00749	0.00570	0.00179	0.00533	0.05476	0.00437	0.00730
16	0.02202	0.00937	0.01228	0.00971	0.01360	0.00856	0.00792	0.02589	0.11298	0.63380	0.06736	0.02014	0.01622	0.00710	0.00555	0.00171	0.00447	0.00584	0.00655	0.00894
17	0.00780	0.00581	0.00859	0.00859	0.00951	0.00672	0.00660	0.00963	0.00871	0.01253	0.01476	0.02228	0.01400	0.08725	0.74094	0.00855	0.01404	0.00597	0.00294	0.00477
18	0.84691	0.01054	0.00801	0.00717	0.01054	0.01223	0.00590	0.01603	0.00928	0.02446	0.00759	0.00886	0.00590	0.00506	0.00337	0.00169	0.00422	0.00295	0.00337	0.00590
19	0.01039	0.00604	0.00729	0.00693	0.00770	0.00591	0.00448	0.02731	0.00971	0.11903	0.01894	0.11383	0.02012	0.55699	0.05866	0.00454	0.00544	0.00822	0.00400	0.00447
20	0.00803	0.00596	0.00767	0.00792	0.00930	0.00549	0.00618	0.01001	0.01254	0.01699	0.22353	0.20196	0.10460	0.04975	0.00764	0.00216	0.00371	0.23342	0.00505	0.07808
21	0.19612	0.44254	0.02035	0.08919	0.01541	0.07949	0.00894	0.01624	0.01104	0.01597	0.00848	0.01015	0.00721	0.00501	0.00380	0.00137	0.00575	0.00330	0.05313	0.00649
22	0.00966	0.00733	0.00942	0.00864	0.01036	0.01972	0.05105	0.03478	0.03035	0.06723	0.11433	0.16103	0.25184	0.09348	0.00917	0.00229	0.04051	0.06861	0.00482	0.00535
23	0.01721	0.10805	0.06990	0.06763	0.13608	0.35995	0.01233	0.11586	0.01511	0.01704	0.00938	0.01118	0.00758	0.00557	0.00525	0.00151	0.02614	0.00399	0.00302	0.00723
24	0.00982	0.00723	0.00868	0.00782	0.00935	0.00724	0.00556	0.08045	0.03547	0.01498	0.01563	0.06653	0.01601	0.34230	0.18400	0.03107	0.00700	0.00667	0.00355	0.14063
25	0.04282	0.35843	0.05242	0.01198	0.03279	0.23942	0.05516	0.03109	0.01299	0.01487	0.04621	0.01384	0.05539	0.00586	0.00454	0.00140	0.00691	0.00427	0.00293	0.00668

[dist]
# distance from previous block
# <min> <max>
0	6

[block]
# block no. 6 follows, 44 sequences, length 32
# corresponding to MSA columns:
# 287-318
name=unknown_G
#
# <colnr> <probs for GDERKNQSTAVLIFYWHMCP>
#	G	D	E	R	K	N	Q	S	T	A	V	L	I	F	Y	W	H	M	C	P
0	0.01310	0.01564	0.15296	0.03519	0.32376	0.09683	0.04268	0.04866	0.01260	0.01707	0.02342	0.01619	0.01031	0.03755	0.02084	0.05692	0.00695	0.02834	0.03377	0.00723
1	0.01289	0.03726	0.13588	0.04556	0.05088	0.08977	0.08224	0.06939	0.01168	0.01597	0.01012	0.04008	0.00895	0.01012	0.07356	0.00251	0.28850	0.00511	0.00282	0.00670
2	0.04350	0.05292	0.35550	0.07676	0.18347	0.01294	0.08224	0.01645	0.01155	0.01712	0.00971	0.01223	0.00748	0.00514	0.00561	0.00166	0.03645	0.00437	0.00254	0.06238
3	0.03024	0.09994	0.04734	0.00961	0.01317	0.04430	0.00812	0.11232	0.04306	0.25565	0.04557	0.08100	0.05958	0.06008	0.00675	0.00184	0.00500	0.00626	0.00489	0.06527
4	0.66877	0.11728	0.01095	0.00758	0.01110	0.01332	0.00645	0.04305	0.01026	0.02285	0.00987	0.01090	0.03962	0.00544	0.00360	0.00162	0.00443	0.00339	0.00339	0.00612
5	0.01864	0.01382	0.01513	0.01198	0.01571	0.01533	0.00977	0.63548	0.02305	0.03098	0.01457	0.08791	0.01190	0.00896	0.03635	0.00199	0.02870	0.00594	0.00523	0.00855
6	0.01023	0.00724	0.00826	0.00747	0.00853	0.00751	0.00502	0.13553	0.01118	0.01515	0.01587	0.02922	0.01684	0.55319	0.10584	0.00485	0.00637	0.00698	0.00362	0.04108
7	0.00842	0.00613	0.00883	0.00868	0.00972	0.00703	0.00670	0.03867	0.00938	0.01347	0.01446	0.02124	0.01345	0.05865	0.68440	0.04517	0.01331	0.00580	0.02161	0.00489
8	0.00765	0.00529	0.00616	0.00640	0.00668	0.00519	0.00395	0.00806	0.00889	0.01171	0.02270	0.14814	0.08647	0.57352	0.04111	0.00452	0.00499	0.04112	0.00377	0.00369
9	0.00787	0.00528	0.00597	0.00601	0.00618	0.00521	0.00350	0.00813	0.00861	0.01159	0.04749	0.06959	0.05326	0.68784	0.02447	0.00476	0.00491	0.00840	0.02742	0.00353
10	0.00676	0.00554	0.00596	0.00585	0.00756	0.00474	0.00439	0.00844	0.01317	0.01650	0.23326	0.04955	0.59305	0.01315	0.00644	0.00181	0.00271	0.01110	0.00530	0.00474
11	0.01130	0.00969	0.01130	0.00807	0.01292	0.00727	0.00646	0.01373	0.01130	0.01776	0.00969	0.01130	0.00807	0.00404	0.00404	0.00081	0.00404	0.00323	0.00323	0.84173
12	0.01255	0.01503	0.06877	0.02207	0.02753	0.01340	0.69160	0.01711	0.01271	0.01733	0.01163	0.04213	0.00917	0.00506	0.00639	0.00185	0.00892	0.00663	0.00281	0.00729
13	0.00671	0.00550	0.00591	0.00587	0.00754	0.00470	0.00438	0.00831	0.01295	0.01612	0.19747	0.07863	0.60020	0.01340	0.00646	0.00183	0.00274	0.01133	0.00525	0.00470
14	0.01093	0.02820	0.78016	0.01554	0.02360	0.01266	0.02014	0.01727	0.01151	0.01727	0.00978	0.01151	0.00691	0.00518	0.00518	0.00173	0.00806	0.00403	0.00230	0.00806
15	0.00681	0.00485	0.00641	0.00744	0.00785	0.00454	0.00499	0.00788	0.01084	0.01459	0.10570	0.69285	0.03693	0.05089	0.00781	0.00230	0.00319	0.01459	0.00508	0.00445
16	0.01563	0.25243	0.05649	0.02241	0.01459	0.12370	0.00948	0.12739	0.05131	0.07803	0.05898	0.01563	0.04046	0.00653	0.00546	0.00151	0.04959	0.00473	0.05848	0.00715
17	0.01093	0.02820	0.78016	0.01554	0.02360	0.01266	0.02014	0.01727	0.01151	0.01727	0.00978	0.01151	0.00691	0.00518	0.00518	0.00173	0.00806	0.00403	0.00230	0.00806
18	0.00951	0.02159	0.00924	0.02807	0.00970	0.00827	0.00636	0.04269	0.00998	0.01437	0.01695	0.13192	0.01791	0.28175	0.08767	0.00371	0.14305	0.03592	0.11657	0.00477
19	0.08110	0.22602	0.46355	0.01337	0.03965	0.01461	0.01541	0.01703	0.01145	0.03964	0.02619	0.01149	0.00807	0.00521	0.00464	0.00158	0.00690	0.00385	0.00262	0.00760
20	0.45653	0.15631	0.08182	0.00951	0.01361	0.07477	0.00870	0.10974	0.01233	0.02213	0.00854	0.00968	0.00670	0.00523	0.00394	0.00157	0.00551	0.00333	0.00331	0.00675
21	0.01018	0.00602	0.00724	0.00677	0.00840	0.00564	0.00506	0.01234	0.02686	0.11636	0.22743	0.06772	0.17768	0.08580	0.05515	0.00243	0.00391	0.00848	0.16112	0.00541
22	0.02028	0.01484	0.01589	0.01223	0.01646	0.01641	0.01009	0.72487	0.02503	0.03377	0.01329	0.01339	0.00947	0.00654	0.00538	0.00162	0.00585	0.00492	0.04059	0.00909
23	0.00683	0.00548	0.00609	0.00626	0.00775	0.00478	0.00467	0.00836	0.01249	0.01562	0.14930	0.14393	0.51419	0.03448	0.00713	0.00200	0.00299	0.05786	0.00514	0.00465
24	0.00673	0.00480	0.00642	0.00769	0.00804	0.00450	0.00521	0.00774	0.01052	0.01401	0.03000	0.77591	0.03588	0.01700	0.00698	0.00223	0.00324	0.04361	0.00506	0.00445
25	0.02188	0.01199	0.01427	0.01109	0.01518	0.01228	0.00913	0.32866	0.06833	0.40105	0.01769	0.01624	0.01179	0.00678	0.00580	0.00169	0.02572	0.00527	0.00602	0.00915
26	0.08416	0.00945	0.01124	0.00947	0.01259	0.00947	0.00774	0.16044	0.05455	0.27241	0.16763	0.02737	0.04457	0.00869	0.00577	0.00180	0.00443	0.09496	0.00576	0.00750
27	0.01402	0.01230	0.01247	0.01127	0.01426	0.05870	0.00888	0.07761	0.60010	0.02246	0.02135	0.02298	0.01691	0.00793	0.00568	0.00187	0.00482	0.07283	0.00533	0.00821
28	0.00701	0.00511	0.00665	0.00750	0.00822	0.00474	0.00534	0.00843	0.01169	0.01559	0.16026	0.53087	0.10813	0.01555	0.00687	0.00212	0.00320	0.08286	0.00522	0.00462
29	0.03869	0.00833	0.01103	0.00881	0.01228	0.00732	0.00715	0.02190	0.01522	0.56230	0.17129	0.02491	0.07008	0.00804	0.00568	0.00170	0.00410	0.00668	0.00641	0.00808
30	0.00947	0.00473	0.00710	0.00710	0.00710	0.00473	0.00473	0.00710	0.00710	0.00947	0.00947	0.01657	0.00947	0.01894	0.02131	0.84138	0.00473	0.00473	0.00237	0.00237
31	0.01729	0.39229	0.02187	0.01153	0.01539	0.22783	0.01000	0.17156	0.01515	0.01746	0.00893	0.01011	0.00748	0.00556	0.00502	0.00139	0.04720	0.00359	0.00311	0.00723

[dist]
# distance from previous block
# <min> <max>
1	3

[block]
# block no. 7 follows, 44 sequences, length 20
# corresponding to MSA columns:
# 322-341
name=unknown_H
#
# <colnr> <probs for GDERKNQSTAVLIFYWHMCP>
#	G	D	E	R	K	N	Q	S	T	A	V	L	I	F	Y	W	H	M	C	P
0	0.01195	0.00850	0.00989	0.00911	0.01110	0.00883	0.00709	0.24183	0.01593	0.02188	0.09361	0.23691	0.02487	0.05844	0.00740	0.00209	0.00436	0.11938	0.08173	0.02509
1	0.01345	0.01138	0.01238	0.01081	0.01298	0.08198	0.02877	0.25250	0.01576	0.02062	0.03086	0.24530	0.05048	0.05447	0.00849	0.00208	0.08980	0.02554	0.00450	0.02786
2	0.01058	0.00725	0.00932	0.05372	0.01109	0.00829	0.00689	0.08922	0.01129	0.01714	0.01410	0.01888	0.01211	0.04012	0.24942	0.08095	0.07951	0.00530	0.26953	0.00529
3	0.02895	0.01246	0.01347	0.05310	0.05900	0.05165	0.00934	0.10436	0.43649	0.02212	0.01702	0.01676	0.01292	0.00642	0.00523	0.00163	0.00501	0.00525	0.00469	0.13414
4	0.00777	0.00537	0.00622	0.00621	0.00651	0.00537	0.00378	0.00816	0.00861	0.01143	0.03854	0.03590	0.08899	0.63867	0.10209	0.00524	0.00593	0.00809	0.00349	0.00363
5	0.01161	0.11635	0.47991	0.01584	0.07975	0.01326	0.05517	0.01722	0.05297	0.01701	0.01205	0.01657	0.00990	0.00609	0.00530	0.00174	0.00724	0.07152	0.00279	0.00769
6	0.01338	0.09840	0.26051	0.05689	0.21124	0.03781	0.16483	0.01760	0.01230	0.06070	0.01056	0.01287	0.00802	0.00505	0.00534	0.00166	0.00749	0.00471	0.00277	0.00788
7	0.02260	0.00985	0.01273	0.00996	0.01399	0.00913	0.00816	0.08025	0.09054	0.62561	0.04351	0.01900	0.01464	0.00693	0.00552	0.00170	0.00465	0.00564	0.00651	0.00909
8	0.00718	0.00532	0.00659	0.00678	0.00777	0.00493	0.00481	0.00876	0.01232	0.01655	0.30097	0.24974	0.19598	0.09555	0.04938	0.00261	0.00367	0.01134	0.00511	0.00463
9	0.01389	0.09467	0.03857	0.01482	0.06033	0.10386	0.13667	0.10730	0.01308	0.01748	0.02778	0.01434	0.00980	0.01955	0.07114	0.00236	0.18320	0.00498	0.05941	0.00676
10	0.01542	0.01171	0.01232	0.01098	0.03110	0.08195	0.00843	0.28132	0.06425	0.09311	0.10472	0.15780	0.04219	0.00953	0.00593	0.00180	0.00511	0.04984	0.00523	0.00726
11	0.00999	0.00706	0.00831	0.00794	0.00917	0.02685	0.00572	0.07849	0.01145	0.05897	0.04238	0.14781	0.09603	0.24687	0.21359	0.00462	0.00718	0.00843	0.00411	0.00503
12	0.03210	0.02255	0.56682	0.01341	0.01979	0.01132	0.01621	0.05810	0.01226	0.01787	0.01638	0.08847	0.08713	0.00722	0.00544	0.00178	0.00685	0.00586	0.00304	0.00739
13	0.01274	0.01109	0.06974	0.02778	0.06405	0.01044	0.00904	0.25495	0.03113	0.03371	0.06459	0.14452	0.10532	0.04723	0.08586	0.00265	0.00598	0.00780	0.00457	0.00682
14	0.01567	0.01092	0.01223	0.01016	0.01313	0.01180	0.00811	0.39130	0.06245	0.06414	0.08599	0.09790	0.01736	0.01075	0.06645	0.00223	0.00551	0.00663	0.09974	0.00755
15	0.00819	0.00622	0.00732	0.00763	0.00863	0.00623	0.00544	0.02730	0.08710	0.01492	0.03061	0.30935	0.17585	0.18609	0.01141	0.00278	0.01742	0.07796	0.00469	0.00484
16	0.01305	0.12426	0.01631	0.01214	0.02661	0.14502	0.09373	0.04883	0.08812	0.01566	0.01383	0.08191	0.01290	0.08131	0.10830	0.00290	0.06931	0.00595	0.03362	0.00626
17	0.01409	0.01412	0.04636	0.02091	0.06494	0.01311	0.55349	0.01940	0.08206	0.09494	0.01304	0.01547	0.00955	0.00510	0.00617	0.00181	0.00811	0.00617	0.00340	0.00775
18	0.01102	0.00632	0.00817	0.00759	0.00948	0.00569	0.00589	0.01314	0.01427	0.17816	0.36825	0.11692	0.14937	0.01156	0.00638	0.00185	0.00330	0.07097	0.00584	0.00585
19	0.03426	0.01212	0.06305	0.04943	0.01528	0.02764	0.03864	0.25587	0.11747	0.02328	0.07612	0.04233	0.12339	0.00867	0.00604	0.01852	0.00517	0.04470	0.03084	0.00716

[dist]
# distance from previous block
# <min> <max>
14	69

[block]
# block no. 8 follows, 44 sequences, length 7
# corresponding to MSA columns:
# 411-417
name=unknown_I
#
# <colnr> <probs for GDERKNQSTAVLIFYWHMCP>
#	G	D	E	R	K	N	Q	S	T	A	V	L	I	F	Y	W	H	M	C	P
0	0.27039	0.01217	0.01380	0.19016	0.04511	0.07216	0.05267	0.04608	0.15609	0.07251	0.01237	0.01374	0.00923	0.00578	0.00485	0.00173	0.00582	0.00455	0.00378	0.00702
1	0.01312	0.07626	0.09955	0.10929	0.45254	0.01303	0.06031	0.01655	0.01214	0.04798	0.01120	0.04355	0.00941	0.00547	0.00536	0.00165	0.00664	0.00515	0.00286	0.00796
2	0.04438	0.00864	0.00994	0.00874	0.01085	0.00884	0.00658	0.20433	0.01492	0.06017	0.11658	0.21817	0.04171	0.13562	0.00956	0.00233	0.02119	0.00865	0.00485	0.06394
3	0.04366	0.06452	0.09506	0.03709	0.07731	0.21646	0.03336	0.13312	0.01410	0.01801	0.00946	0.01173	0.00774	0.00711	0.02774	0.00185	0.15031	0.00423	0.00309	0.04404
4	0.00945	0.00703	0.00887	0.00961	0.05592	0.03153	0.00661	0.01112	0.01222	0.06690	0.17393	0.34351	0.08349	0.03506	0.00747	0.00205	0.03295	0.05977	0.00492	0.03759
5	0.01123	0.03554	0.04891	0.04523	0.08185	0.00882	0.04149	0.09397	0.01462	0.06545	0.26465	0.14215	0.06179	0.00999	0.00612	0.00181	0.00452	0.05063	0.00486	0.00636
6	0.01291	0.12658	0.50115	0.01550	0.08578	0.01354	0.01666	0.01866	0.06402	0.07871	0.01134	0.01250	0.00827	0.00536	0.00503	0.00165	0.00709	0.00422	0.00292	0.00811

[dist]
# distance from previous block
# <min> <max>
11	308

[block]
# block no. 9 follows, 44 sequences, length 96
# corresponding to MSA columns:
# 726-821
name=unknown_J
#
# <colnr> <probs for GDERKNQSTAVLIFYWHMCP>
#	G	D	E	R	K	N	Q	S	T	A	V	L	I	F	Y	W	H	M	C	P
0	0.10206	0.06061	0.33334	0.01809	0.15796	0.01306	0.12593	0.01689	0.02808	0.01813	0.02575	0.01297	0.00865	0.00531	0.00545	0.00170	0.02753	0.00458	0.02632	0.00758
1	0.03376	0.00793	0.00932	0.04447	0.01172	0.00819	0.00690	0.02925	0.19039	0.03224	0.09485	0.11018	0.07961	0.12850	0.00923	0.00238	0.00431	0.11688	0.00472	0.07516
2	0.05053	0.03737	0.11710	0.06798	0.01744	0.07923	0.01091	0.29607	0.07309	0.06156	0.01370	0.01449	0.02415	0.00631	0.00540	0.00163	0.02485	0.00476	0.06968	0.02377
3	0.01262	0.01063	0.01226	0.03408	0.02941	0.08650	0.04768	0.14849	0.01340	0.01850	0.01489	0.03741	0.03345	0.07027	0.17639	0.00344	0.08009	0.00572	0.15870	0.00608
4	0.01477	0.01071	0.01267	0.08896	0.03670	0.01136	0.00859	0.31793	0.03568	0.06412	0.01637	0.09421	0.02946	0.14268	0.00924	0.00227	0.00534	0.00650	0.02109	0.07137
5	0.00812	0.00615	0.02204	0.00735	0.00866	0.00544	0.00542	0.02699	0.03274	0.04559	0.14003	0.38256	0.22483	0.03390	0.00736	0.01721	0.00331	0.01217	0.00514	0.00500
6	0.02883	0.01401	0.06348	0.09463	0.36330	0.03476	0.22038	0.01680	0.02840	0.01728	0.01085	0.02873	0.00888	0.00524	0.00586	0.00171	0.02197	0.00537	0.00280	0.02674
7	0.03266	0.49578	0.11392	0.03550	0.07864	0.03504	0.04428	0.06249	0.01221	0.01560	0.00862	0.01025	0.00730	0.00501	0.00449	0.00139	0.02329	0.00359	0.00261	0.00732
8	0.02764	0.00888	0.06772	0.04584	0.01165	0.00825	0.02121	0.09662	0.01285	0.02013	0.07798	0.03767	0.01578	0.03206	0.07777	0.00229	0.03574	0.00572	0.38835	0.00584
9	0.03786	0.01031	0.01299	0.01054	0.03530	0.00978	0.00834	0.17717	0.01726	0.46947	0.09509	0.01896	0.01591	0.00693	0.00545	0.00163	0.00473	0.00563	0.00604	0.05060
10	0.02037	0.02598	0.01545	0.01404	0.01685	0.78652	0.01053	0.02177	0.01545	0.01334	0.00843	0.00983	0.00702	0.00562	0.00492	0.00140	0.00983	0.00351	0.00281	0.00632
11	0.00660	0.00556	0.00574	0.00580	0.00759	0.00471	0.00442	0.00808	0.01251	0.01501	0.07322	0.05263	0.71318	0.01380	0.00650	0.00187	0.00288	0.05016	0.00509	0.00464
12	0.02037	0.02598	0.01545	0.01404	0.01685	0.78652	0.01053	0.02177	0.01545	0.01334	0.00843	0.00983	0.00702	0.00562	0.00492	0.00140	0.00983	0.00351	0.00281	0.00632
13	0.01797	0.00957	0.02595	0.00952	0.01288	0.00889	0.00773	0.12237	0.08196	0.39133	0.02547	0.13655	0.10724	0.00910	0.00581	0.00179	0.00442	0.00762	0.00593	0.00793
14	0.00953	0.00572	0.00760	0.00756	0.00883	0.00523	0.00550	0.01134	0.01330	0.12119	0.34984	0.36726	0.03965	0.01311	0.00653	0.00193	0.00311	0.01170	0.00570	0.00540
15	0.00947	0.00473	0.00710	0.00710	0.00710	0.00473	0.00473	0.00710	0.00710	0.00947	0.00947	0.01657	0.00947	0.01894	0.02131	0.84138	0.00473	0.00473	0.00237	0.00237
16	0.02446	0.00928	0.01265	0.00970	0.01392	0.00801	0.00801	0.02657	0.01560	0.77817	0.02151	0.01856	0.01350	0.00675	0.00548	0.00169	0.00464	0.00548	0.00675	0.00928
17	0.01955	0.01460	0.01640	0.01404	0.07929	0.01602	0.01064	0.66070	0.02377	0.03195	0.01316	0.03123	0.00983	0.00693	0.00585	0.02088	0.00595	0.00514	0.00515	0.00895
18	0.00838	0.00519	0.00692	0.00774	0.00842	0.00479	0.00529	0.00941	0.01086	0.08658	0.02887	0.70795	0.03344	0.03876	0.00741	0.00225	0.00336	0.01433	0.00517	0.00486
19	0.00647	0.00543	0.00562	0.00578	0.00743	0.00458	0.00426	0.00779	0.01218	0.01463	0.05207	0.14672	0.67997	0.01422	0.00651	0.00189	0.00281	0.01201	0.00506	0.00458
20	0.00715	0.00555	0.00650	0.00627	0.00780	0.00490	0.00470	0.00919	0.01410	0.01869	0.45344	0.04594	0.37150	0.01233	0.00644	0.00177	0.00266	0.01059	0.00558	0.00490
21	0.01093	0.02820	0.78016	0.01554	0.02360	0.01266	0.02014	0.01727	0.01151	0.01727	0.00978	0.01151	0.00691	0.00518	0.00518	0.00173	0.00806	0.00403	0.00230	0.00806
22	0.01093	0.02820	0.78016	0.01554	0.02360	0.01266	0.02014	0.01727	0.01151	0.01727	0.00978	0.01151	0.00691	0.00518	0.00518	0.00173	0.00806	0.00403	0.00230	0.00806
23	0.01000	0.00508	0.00514	0.00518	0.00638	0.00507	0.00383	0.01242	0.01130	0.01986	0.01811	0.04291	0.01476	0.02963	0.00459	0.00141	0.00264	0.00546	0.79121	0.00501
24	0.01322	0.00952	0.01060	0.00923	0.01176	0.01030	0.00719	0.15707	0.26370	0.05995	0.19414	0.02440	0.02295	0.04680	0.02571	0.00203	0.00431	0.00669	0.11326	0.00716
25	0.01030	0.00969	0.01635	0.79530	0.03755	0.01211	0.01514	0.01393	0.01090	0.01393	0.00969	0.01453	0.00727	0.00545	0.00545	0.00182	0.00727	0.00484	0.00242	0.00606
26	0.00667	0.00476	0.00632	0.00755	0.00786	0.00445	0.00502	0.00760	0.01038	0.01384	0.02975	0.78693	0.03568	0.03552	0.00744	0.00229	0.00321	0.01532	0.00502	0.00440
27	0.84691	0.01054	0.00801	0.00717	0.01054	0.01223	0.00590	0.01603	0.00928	0.02446	0.00759	0.00886	0.00590	0.00506	0.00337	0.00169	0.00422	0.00295	0.00337	0.00590
28	0.00677	0.00487	0.00622	0.00723	0.00764	0.00454	0.00478	0.00765	0.01032	0.01360	0.03067	0.65456	0.09525	0.10723	0.00929	0.00253	0.00337	0.01430	0.00486	0.00431
29	0.01316	0.01129	0.01230	0.01163	0.03509	0.01293	0.00887	0.02714	0.68015	0.02212	0.02242	0.02362	0.01766	0.00797	0.00571	0.00190	0.00443	0.06786	0.00542	0.00832
30	0.00779	0.00583	0.00868	0.00868	0.00963	0.00677	0.00672	0.00968	0.00874	0.01260	0.01467	0.02181	0.01380	0.06225	0.76567	0.00866	0.01434	0.00590	0.00293	0.00482
31	0.00793	0.00529	0.00595	0.00595	0.00595	0.00529	0.00330	0.00793	0.00793	0.01057	0.01718	0.03568	0.01982	0.80840	0.02775	0.00529	0.00529	0.00793	0.00330	0.00330
32	0.01016	0.00508	0.00508	0.00508	0.00635	0.00508	0.00381	0.01270	0.01143	0.02033	0.01778	0.02033	0.01397	0.00635	0.00381	0.00127	0.00254	0.00508	0.83867	0.00508
33	0.00687	0.00554	0.00611	0.00597	0.00763	0.00478	0.00448	0.00865	0.01343	0.01711	0.29484	0.04854	0.53108	0.01292	0.00644	0.00180	0.00270	0.01096	0.00538	0.00478
34	0.02446	0.00928	0.01265	0.00970	0.01392	0.00801	0.00801	0.02657	0.01560	0.77817	0.02151	0.01856	0.01350	0.00675	0.00548	0.00169	0.00464	0.00548	0.00675	0.00928
35	0.01130	0.00969	0.01130	0.00807	0.01292	0.00727	0.00646	0.01373	0.01130	0.01776	0.00969	0.01130	0.00807	0.00404	0.00404	0.00081	0.00404	0.00323	0.00323	0.84173
36	0.84691	0.01054	0.00801	0.00717	0.01054	0.01223	0.00590	0.01603	0.00928	0.02446	0.00759	0.00886	0.00590	0.00506	0.00337	0.00169	0.00422	0.00295	0.00337	0.00590
37	0.02072	0.01527	0.01636	0.01254	0.01691	0.01691	0.01036	0.75622	0.02563	0.03436	0.01309	0.01309	0.00927	0.00654	0.00545	0.00164	0.00600	0.00491	0.00545	0.00927
38	0.01030	0.00969	0.01635	0.79530	0.03755	0.01211	0.01514	0.01393	0.01090	0.01393	0.00969	0.01453	0.00727	0.00545	0.00545	0.00182	0.00727	0.00484	0.00242	0.00606
39	0.02072	0.01527	0.01636	0.01254	0.01691	0.01691	0.01036	0.75622	0.02563	0.03436	0.01309	0.01309	0.00927	0.00654	0.00545	0.00164	0.00600	0.00491	0.00545	0.00927
40	0.02040	0.01511	0.01618	0.01248	0.01678	0.01676	0.01028	0.72361	0.05876	0.03384	0.01350	0.01341	0.00960	0.00658	0.00546	0.00165	0.00592	0.00496	0.00546	0.00924
41	0.01202	0.00988	0.01189	0.00875	0.01310	0.00820	0.00706	0.01431	0.01124	0.05525	0.01004	0.01173	0.00826	0.00470	0.00543	0.00100	0.07970	0.00349	0.00333	0.72064
42	0.00663	0.00479	0.00628	0.00748	0.00788	0.00444	0.00501	0.00760	0.01054	0.01396	0.03139	0.76475	0.07529	0.01691	0.00693	0.00219	0.00314	0.01529	0.00506	0.00444
43	0.02416	0.00934	0.01264	0.00974	0.01392	0.00816	0.00803	0.02663	0.03609	0.75751	0.02153	0.01860	0.01358	0.00677	0.00548	0.00169	0.00463	0.00550	0.00671	0.00926
44	0.00843	0.00581	0.00686	0.00682	0.00839	0.00519	0.00502	0.01038	0.03315	0.07947	0.18751	0.24115	0.35493	0.01337	0.00647	0.00190	0.00303	0.01157	0.00540	0.00516
45	0.02320	0.01057	0.01331	0.01024	0.01441	0.01001	0.00845	0.19683	0.01784	0.58370	0.01944	0.01733	0.01252	0.00669	0.00543	0.00166	0.00490	0.00534	0.02898	0.00916
46	0.02446	0.00928	0.01265	0.00970	0.01392	0.00801	0.00801	0.02657	0.01560	0.77817	0.02151	0.01856	0.01350	0.00675	0.00548	0.00169	0.00464	0.00548	0.00675	0.00928
47	0.02002	0.01175	0.01345	0.01064	0.01449	0.01226	0.00869	0.33871	0.11690	0.28568	0.01761	0.01662	0.01214	0.00671	0.00531	0.00164	0.00497	0.00528	0.08834	0.00878
48	0.13215	0.01269	0.01250	0.01044	0.01391	0.08589	0.00835	0.19677	0.19725	0.17551	0.05137	0.01664	0.01339	0.00670	0.00512	0.00167	0.00513	0.00516	0.04136	0.00800
49	0.01263	0.01309	0.01659	0.01429	0.01452	0.08054	0.01181	0.01384	0.00894	0.01314	0.00726	0.01175	0.00715	0.00922	0.01682	0.00230	0.73303	0.00467	0.00242	0.00599
50	0.01253	0.01055	0.01283	0.01003	0.04283	0.00884	0.02849	0.10925	0.01321	0.01979	0.01070	0.03162	0.00896	0.00473	0.00441	0.00101	0.00451	0.00391	0.00353	0.65826
51	0.00910	0.00655	0.00861	0.05047	0.01093	0.00686	0.00663	0.03111	0.05877	0.05817	0.02619	0.53836	0.04566	0.03419	0.00793	0.00221	0.05797	0.03018	0.00483	0.00528
52	0.01173	0.00971	0.01043	0.00949	0.01213	0.01068	0.00733	0.02257	0.51062	0.03814	0.13004	0.02885	0.15718	0.00904	0.00583	0.00183	0.00381	0.00761	0.00555	0.00745
53	0.01492	0.01298	0.01350	0.01245	0.04873	0.05213	0.00933	0.13243	0.58790	0.02377	0.01967	0.01847	0.01475	0.00707	0.00550	0.00179	0.00493	0.00579	0.00527	0.00861
54	0.01016	0.00508	0.00508	0.00508	0.00635	0.00508	0.00381	0.01270	0.01143	0.02033	0.01778	0.02033	0.01397	0.00635	0.00381	0.00127	0.00254	0.00508	0.83867	0.00508
55	0.00700	0.00580	0.00620	0.00621	0.00791	0.00517	0.00462	0.00923	0.05339	0.01573	0.11831	0.12062	0.57737	0.01406	0.02197	0.00200	0.00310	0.01133	0.00514	0.00486
56	0.02108	0.01165	0.01384	0.01066	0.01478	0.01162	0.00876	0.33921	0.01968	0.36889	0.06514	0.01723	0.01381	0.00680	0.00545	0.00162	0.00506	0.00539	0.00596	0.05337
57	0.01016	0.00508	0.00508	0.00508	0.00635	0.00508	0.00381	0.01270	0.01143	0.02033	0.01778	0.02033	0.01397	0.00635	0.00381	0.00127	0.00254	0.00508	0.83867	0.00508
58	0.00754	0.00552	0.00677	0.00677	0.00752	0.00563	0.00465	0.00850	0.00924	0.01221	0.02509	0.03486	0.19088	0.37362	0.27204	0.00563	0.00776	0.00807	0.00358	0.00412
59	0.01458	0.81168	0.02857	0.00933	0.01399	0.02157	0.00933	0.01632	0.01108	0.01283	0.00758	0.00875	0.00700	0.00466	0.00350	0.00117	0.00583	0.00292	0.00233	0.00700
60	0.01093	0.02820	0.78016	0.01554	0.02360	0.01266	0.02014	0.01727	0.01151	0.01727	0.00978	0.01151	0.00691	0.00518	0.00518	0.00173	0.00806	0.00403	0.00230	0.00806
61	0.01030	0.00969	0.01635	0.79530	0.03755	0.01211	0.01514	0.01393	0.01090	0.01393	0.00969	0.01453	0.00727	0.00545	0.00545	0.00182	0.00727	0.00484	0.00242	0.00606
