[name]
unknown

[dist]
# distance from previous block
# <min> <max>
18	126

[block]
# block no. 0 follows, 41 sequences, length 20
# corresponding to MSA columns:
# 152-171
name=unknown_A
#
# <colnr> <probs for GDERKNQSTAVLIFYWHMCP>
#	G	D	E	R	K	N	Q	S	T	A	V	L	I	F	Y	W	H	M	C	P
0	0.06683	0.01114	0.01375	0.04076	0.05233	0.03522	0.04318	0.06563	0.11133	0.06775	0.03267	0.06015	0.07193	0.00973	0.04952	0.00214	0.08735	0.00619	0.00422	0.16819
1	0.01289	0.04329	0.04564	0.04316	0.03764	0.15788	0.00903	0.02848	0.09205	0.03670	0.10410	0.09355	0.06297	0.06616	0.07355	0.00270	0.04998	0.00722	0.02665	0.00636
2	0.03646	0.01215	0.08228	0.01042	0.01347	0.04196	0.00872	0.07861	0.23788	0.06056	0.04136	0.12981	0.06136	0.09780	0.00855	0.00230	0.00511	0.02511	0.00491	0.04118
3	0.01539	0.17599	0.24519	0.03847	0.05414	0.04604	0.04588	0.12973	0.01471	0.07084	0.02288	0.01302	0.00910	0.00589	0.00579	0.00164	0.04348	0.00448	0.00343	0.05389
4	0.06825	0.08838	0.27561	0.01357	0.01880	0.01362	0.06788	0.06648	0.03657	0.11142	0.02706	0.01474	0.01013	0.03410	0.00748	0.00191	0.08647	0.00486	0.00360	0.04909
5	0.01531	0.15156	0.01563	0.01020	0.01373	0.04421	0.03377	0.15143	0.04328	0.11911	0.09831	0.07054	0.09156	0.04078	0.00653	0.00180	0.00519	0.00682	0.00482	0.07544
6	0.01147	0.00819	0.00957	0.00941	0.02824	0.03407	0.00666	0.08963	0.01348	0.07848	0.04403	0.42021	0.04068	0.05533	0.00762	0.00213	0.00427	0.01113	0.02504	0.10036
7	0.05063	0.03255	0.08619	0.01039	0.01468	0.00989	0.00919	0.02337	0.12956	0.38106	0.06783	0.04206	0.03328	0.00743	0.00559	0.00173	0.00490	0.00608	0.00572	0.07788
8	0.04712	0.09044	0.04234	0.12661	0.01862	0.01422	0.01051	0.21014	0.11134	0.06522	0.01381	0.01602	0.01081	0.04497	0.03953	0.00221	0.04959	0.00510	0.01962	0.06179
9	0.05816	0.01279	0.04723	0.31032	0.10980	0.01365	0.18283	0.04416	0.01253	0.01774	0.04176	0.01553	0.00995	0.00617	0.00728	0.00193	0.09252	0.00555	0.00298	0.00711
10	0.00743	0.00519	0.00663	0.00754	0.00793	0.00499	0.00498	0.00837	0.01044	0.01413	0.02823	0.55659	0.05157	0.16986	0.05393	0.00328	0.00438	0.01363	0.03644	0.00447
11	0.04223	0.03240	0.09554	0.01033	0.01399	0.00967	0.00906	0.10264	0.04983	0.25231	0.09022	0.18862	0.02125	0.00946	0.00595	0.00184	0.00486	0.00801	0.00548	0.04629
12	0.01618	0.01137	0.03109	0.03243	0.01480	0.01103	0.00871	0.26815	0.03734	0.13105	0.05871	0.13721	0.01729	0.00925	0.02417	0.00186	0.00523	0.00699	0.03132	0.14583
13	0.00731	0.00550	0.00664	0.00727	0.00825	0.00501	0.00517	0.00865	0.01203	0.01551	0.10283	0.36440	0.26875	0.08464	0.00904	0.00246	0.00349	0.07310	0.00523	0.00472
14	0.00785	0.00523	0.00685	0.00785	0.00830	0.00490	0.00521	0.00877	0.01085	0.04311	0.02960	0.67648	0.03492	0.10920	0.00980	0.00268	0.00364	0.01492	0.00516	0.00470
15	0.07635	0.01396	0.05991	0.24637	0.08153	0.01383	0.35736	0.01686	0.01231	0.01762	0.01059	0.01453	0.00809	0.00539	0.00657	0.00191	0.04107	0.00567	0.00280	0.00726
16	0.12607	0.05179	0.01492	0.01126	0.01531	0.01420	0.00930	0.27639	0.14009	0.23142	0.01649	0.01572	0.01157	0.00688	0.00580	0.00178	0.03135	0.00516	0.00556	0.00893
17	0.01129	0.00644	0.00719	0.00667	0.00835	0.00655	0.02911	0.04808	0.04318	0.02178	0.01884	0.04824	0.01517	0.00706	0.00436	0.00143	0.00317	0.00580	0.70154	0.00574
18	0.01807	0.01421	0.01554	0.04048	0.04152	0.05618	0.01041	0.41583	0.09925	0.05229	0.11011	0.01825	0.01601	0.00764	0.00667	0.00180	0.05601	0.00588	0.00528	0.00857
19	0.08359	0.28797	0.06094	0.01110	0.01513	0.13384	0.00990	0.10910	0.03125	0.08597	0.01334	0.01473	0.04409	0.03892	0.00625	0.00173	0.03652	0.00452	0.00369	0.00743

[dist]
# distance from previous block
# <min> <max>
0	7

[block]
# block no. 1 follows, 41 sequences, length 19
# corresponding to MSA columns:
# 179-197
name=unknown_B
#
# <colnr> <probs for GDERKNQSTAVLIFYWHMCP>
#	G	D	E	R	K	N	Q	S	T	A	V	L	I	F	Y	W	H	M	C	P
0	0.10892	0.01105	0.01344	0.01042	0.01430	0.01080	0.02690	0.07701	0.01314	0.14242	0.01237	0.03170	0.00980	0.00626	0.00689	0.00149	0.12466	0.00453	0.00410	0.36980
1	0.01830	0.01386	0.01516	0.01201	0.01601	0.03646	0.03022	0.44706	0.10084	0.04979	0.01578	0.05770	0.01234	0.00723	0.00557	0.00167	0.00567	0.00577	0.06239	0.08618
2	0.06423	0.09558	0.01214	0.00967	0.01112	0.07132	0.00754	0.01271	0.02365	0.01667	0.16552	0.23642	0.02684	0.06328	0.00962	0.00224	0.12827	0.03325	0.00433	0.00561
3	0.00706	0.00515	0.00658	0.00759	0.00817	0.00475	0.00513	0.00818	0.01145	0.01510	0.07963	0.63001	0.12830	0.04422	0.00796	0.00235	0.00330	0.01510	0.00531	0.00467
4	0.01274	0.01250	0.02233	0.19206	0.06049	0.01246	0.29875	0.06571	0.01336	0.01842	0.01236	0.06664	0.01042	0.00607	0.00627	0.00175	0.02534	0.00619	0.00324	0.15291
5	0.01223	0.01275	0.02515	0.09193	0.13603	0.01240	0.40662	0.01598	0.01268	0.01738	0.01433	0.13807	0.01321	0.00709	0.00670	0.00192	0.02267	0.00768	0.00325	0.04192
6	0.69077	0.01057	0.00880	0.00779	0.01120	0.01194	0.00636	0.01745	0.03101	0.07691	0.07237	0.01313	0.01105	0.00603	0.00402	0.00178	0.00431	0.00398	0.00408	0.00645
7	0.01175	0.01195	0.04609	0.27098	0.27789	0.01201	0.12066	0.01522	0.01222	0.01665	0.01395	0.13788	0.01302	0.00729	0.00609	0.00190	0.00699	0.00706	0.00312	0.00727
8	0.01333	0.01510	0.03273	0.07113	0.03048	0.01436	0.69763	0.01809	0.01337	0.01809	0.01149	0.01542	0.00861	0.00488	0.00669	0.00193	0.00952	0.00665	0.00287	0.00763
9	0.00879	0.00630	0.00760	0.00718	0.00886	0.00575	0.00540	0.03787	0.01532	0.04844	0.45040	0.09725	0.25431	0.01259	0.00671	0.00187	0.00301	0.01089	0.00595	0.00550
10	0.01251	0.01251	0.01752	0.01502	0.01502	0.01752	0.01251	0.01377	0.00876	0.01377	0.00751	0.01251	0.00751	0.01001	0.01877	0.00250	0.78851	0.00501	0.00250	0.00626
11	0.07802	0.01074	0.01342	0.01045	0.01478	0.01016	0.00860	0.11698	0.05406	0.58987	0.02054	0.01818	0.01325	0.00697	0.00561	0.00177	0.00500	0.00554	0.00661	0.00947
12	0.01223	0.01286	0.02520	0.15979	0.02676	0.01342	0.42362	0.01581	0.01187	0.01616	0.01160	0.01777	0.00985	0.10481	0.01090	0.00245	0.10888	0.00642	0.00285	0.00675
13	0.01265	0.00741	0.00916	0.00834	0.01049	0.00696	0.00637	0.05793	0.04245	0.18438	0.22065	0.16110	0.15602	0.05338	0.00775	0.00213	0.00384	0.03668	0.00590	0.00642
14	0.00818	0.00652	0.00742	0.00718	0.00893	0.00615	0.00538	0.01182	0.10129	0.01934	0.32844	0.09696	0.34561	0.01283	0.00668	0.00191	0.00304	0.01102	0.00576	0.00554
15	0.01012	0.00702	0.00861	0.00802	0.00974	0.00693	0.00606	0.03611	0.10733	0.05607	0.49930	0.10612	0.04235	0.01111	0.00643	0.00183	0.00319	0.00973	0.05783	0.00610
16	0.06036	0.02015	0.01624	0.07670	0.01899	0.39657	0.03378	0.16590	0.04799	0.04310	0.01116	0.01270	0.00869	0.00738	0.02912	0.00188	0.03372	0.00446	0.00374	0.00738
17	0.71569	0.01167	0.02863	0.06304	0.03308	0.01300	0.00768	0.03779	0.01049	0.02482	0.00842	0.01003	0.00650	0.00538	0.00386	0.00178	0.00486	0.00338	0.00349	0.00644
18	0.00848	0.00592	0.00706	0.00733	0.00881	0.00528	0.00548	0.01004	0.01280	0.06455	0.09883	0.24941	0.35572	0.04184	0.00774	0.00222	0.00349	0.09444	0.00543	0.00515

[dist]
# distance from previous block
# <min> <max>
3	11

[block]
# block no. 2 follows, 41 sequences, length 27
# corresponding to MSA columns:
# 209-235
name=unknown_C
#
# <colnr> <probs for GDERKNQSTAVLIFYWHMCP>
#	G	D	E	R	K	N	Q	S	T	A	V	L	I	F	Y	W	H	M	C	P
0	0.37610	0.11773	0.06909	0.01159	0.01581	0.08563	0.09061	0.05384	0.01238	0.06633	0.00996	0.01151	0.00771	0.00657	0.02578	0.00191	0.02289	0.00402	0.00348	0.00707
1	0.04606	0.01467	0.13984	0.01154	0.01614	0.01236	0.01056	0.11431	0.28178	0.10925	0.01938	0.01874	0.05413	0.00698	0.00549	0.00171	0.00531	0.00561	0.00494	0.12120
2	0.01186	0.01188	0.05449	0.46794	0.22949	0.01261	0.01570	0.04076	0.01240	0.01663	0.01189	0.06719	0.01010	0.00640	0.00580	0.00187	0.00711	0.00580	0.00291	0.00718
3	0.00697	0.00549	0.00630	0.00676	0.00802	0.00482	0.00482	0.00838	0.01256	0.01588	0.11856	0.33497	0.41517	0.01551	0.00696	0.00207	0.00304	0.01349	0.00541	0.00482
4	0.00701	0.00507	0.00663	0.00779	0.00827	0.00469	0.00525	0.00811	0.01133	0.01503	0.06614	0.71234	0.08640	0.01741	0.00724	0.00227	0.00326	0.01572	0.00535	0.00469
5	0.66993	0.01033	0.00858	0.00757	0.01097	0.01160	0.00619	0.01758	0.01065	0.10104	0.01057	0.01158	0.00789	0.00563	0.00381	0.00172	0.00429	0.00360	0.08999	0.00647
6	0.00957	0.00711	0.00991	0.01156	0.04811	0.00718	0.00931	0.01284	0.05061	0.01759	0.05047	0.09515	0.03184	0.01486	0.00762	0.00251	0.00513	0.59780	0.00521	0.00562
7	0.00817	0.00613	0.00919	0.00919	0.01021	0.00715	0.00715	0.01021	0.00919	0.01328	0.01532	0.02247	0.01430	0.04290	0.77631	0.00919	0.01532	0.00613	0.00306	0.00511
8	0.00999	0.00623	0.00795	0.00739	0.00901	0.00565	0.00551	0.01220	0.01500	0.10975	0.49684	0.09157	0.12465	0.06289	0.00812	0.00209	0.00321	0.01025	0.00603	0.00568
9	0.00796	0.00607	0.00852	0.08078	0.01203	0.00627	0.00720	0.00956	0.01150	0.01536	0.06362	0.54049	0.03377	0.01583	0.00770	0.00231	0.03698	0.12406	0.00498	0.00500
10	0.01270	0.00634	0.00696	0.00645	0.00830	0.00624	0.00496	0.01606	0.05408	0.12115	0.06554	0.02241	0.01719	0.00709	0.00450	0.00145	0.00307	0.00576	0.62361	0.00613
11	0.34821	0.01310	0.01321	0.23131	0.04687	0.11565	0.01037	0.05286	0.01265	0.07225	0.02841	0.01303	0.00874	0.00585	0.00479	0.00176	0.00629	0.00427	0.00357	0.00679
12	0.03642	0.04859	0.01745	0.22758	0.06006	0.05587	0.01229	0.36439	0.06049	0.04248	0.01269	0.01424	0.00933	0.00634	0.00556	0.00175	0.00672	0.00500	0.00440	0.00838
13	0.00791	0.00554	0.00655	0.00675	0.00715	0.00544	0.00424	0.00850	0.00966	0.01281	0.05550	0.16316	0.10372	0.49374	0.08104	0.00476	0.00555	0.00994	0.00405	0.00402
14	0.01286	0.01097	0.01266	0.11427	0.07188	0.06514	0.00938	0.15908	0.07896	0.02056	0.08696	0.13658	0.08878	0.06996	0.00796	0.00218	0.00549	0.03491	0.00466	0.00675
15	0.01596	0.74056	0.02876	0.00998	0.01478	0.04866	0.00977	0.01780	0.01199	0.04623	0.00862	0.00966	0.00764	0.00502	0.00381	0.00126	0.00621	0.00320	0.00267	0.00742
16	0.02387	0.00921	0.01232	0.00960	0.01365	0.00804	0.00788	0.02614	0.01585	0.67809	0.02210	0.01969	0.01422	0.00703	0.00554	0.00172	0.00460	0.00570	0.10554	0.00921
17	0.16135	0.01209	0.03643	0.02409	0.44217	0.01190	0.03869	0.01603	0.01273	0.02025	0.11051	0.06053	0.01602	0.00672	0.00555	0.00177	0.00577	0.00609	0.00355	0.00775
18	0.01922	0.10181	0.01906	0.01878	0.21243	0.33115	0.01221	0.06187	0.03682	0.11626	0.01175	0.01292	0.00913	0.00584	0.00526	0.00157	0.00784	0.00442	0.00365	0.00800
19	0.00795	0.00566	0.00740	0.00825	0.00918	0.00537	0.00626	0.00978	0.01260	0.01699	0.15382	0.36469	0.09135	0.02833	0.00755	0.00230	0.00374	0.21249	0.04130	0.00497
20	0.00832	0.00555	0.00624	0.00624	0.00624	0.00555	0.00347	0.00832	0.00832	0.01109	0.01802	0.03743	0.02080	0.79898	0.02911	0.00555	0.00555	0.00832	0.00347	0.00347
21	0.01063	0.00801	0.01020	0.00933	0.01051	0.00913	0.00702	0.10725	0.01137	0.01605	0.01506	0.02442	0.01478	0.25718	0.33190	0.00599	0.09263	0.00644	0.02778	0.02432
22	0.01466	0.01264	0.02067	0.33608	0.08189	0.01397	0.16454	0.14407	0.03387	0.06971	0.01217	0.01527	0.00899	0.00601	0.00648	0.00188	0.04030	0.00552	0.00357	0.00771
23	0.00726	0.00536	0.00702	0.00802	0.00858	0.00513	0.00557	0.00846	0.01148	0.01527	0.07851	0.63666	0.09932	0.01695	0.00755	0.00227	0.02445	0.04207	0.00529	0.00478
24	0.06527	0.38039	0.12205	0.04049	0.04851	0.01699	0.11198	0.01697	0.01190	0.01643	0.00923	0.01119	0.00767	0.00493	0.00454	0.00142	0.00663	0.00392	0.00272	0.11677
25	0.00921	0.00825	0.04376	0.15714	0.08826	0.00788	0.00935	0.03661	0.01173	0.01575	0.02319	0.48418	0.02607	0.01352	0.00724	0.03125	0.00485	0.01177	0.00434	0.00566
26	0.14170	0.03789	0.01269	0.18929	0.01824	0.04271	0.02563	0.06636	0.01322	0.10526	0.05821	0.01778	0.01291	0.03047	0.02416	0.02048	0.00566	0.00520	0.14777	0.02439

[dist]
# distance from previous block
# <min> <max>
1	4

[block]
# block no. 3 follows, 41 sequences, length 32
# corresponding to MSA columns:
# 240-271
name=unknown_D
#
# <colnr> <probs for GDERKNQSTAVLIFYWHMCP>
#	G	D	E	R	K	N	Q	S	T	A	V	L	I	F	Y	W	H	M	C	P
0	0.01741	0.00996	0.01191	0.02737	0.01382	0.00945	0.00783	0.12790	0.08505	0.29986	0.04929	0.02657	0.18258	0.00858	0.00585	0.00172	0.00454	0.00702	0.00584	0.09745
1	0.01208	0.00935	0.02388	0.14862	0.07686	0.00968	0.00974	0.14791	0.01446	0.05346	0.02143	0.32650	0.02243	0.04345	0.00742	0.00220	0.00527	0.05408	0.00466	0.00653
2	0.01194	0.01008	0.01217	0.05508	0.01496	0.00815	0.00745	0.01447	0.01188	0.03442	0.01205	0.01378	0.03519	0.00493	0.00490	0.00102	0.02882	0.00390	0.00346	0.71137
3	0.00994	0.00497	0.00745	0.00745	0.00745	0.00497	0.00497	0.00745	0.00745	0.00994	0.00994	0.01739	0.00994	0.01987	0.02235	0.83358	0.00497	0.00497	0.00248	0.00248
4	0.02137	0.02726	0.01621	0.01474	0.01768	0.77602	0.01105	0.02284	0.01621	0.01400	0.00884	0.01031	0.00737	0.00589	0.00516	0.00147	0.01031	0.00368	0.00295	0.00663
5	0.01158	0.00685	0.00910	0.03237	0.01007	0.00717	0.00621	0.12180	0.01104	0.01495	0.01262	0.07940	0.01226	0.01673	0.01732	0.57887	0.00503	0.00592	0.03670	0.00401
6	0.00826	0.00610	0.00799	0.00903	0.01028	0.00583	0.00742	0.01032	0.01271	0.01627	0.03639	0.20523	0.18830	0.01594	0.00754	0.00242	0.00438	0.43524	0.00528	0.00505
7	0.00676	0.00579	0.00579	0.00579	0.00773	0.00483	0.00435	0.00821	0.01304	0.01545	0.05794	0.05505	0.76098	0.01449	0.00676	0.00193	0.00290	0.01207	0.00531	0.00483
8	0.01213	0.01089	0.01695	0.66586	0.03591	0.01331	0.01502	0.09258	0.04919	0.01734	0.01118	0.01539	0.00833	0.00594	0.00572	0.00189	0.00733	0.00516	0.00304	0.00684
9	0.68730	0.01167	0.00974	0.00838	0.01202	0.01336	0.00689	0.12903	0.01259	0.02718	0.03215	0.01101	0.00822	0.00575	0.00398	0.00176	0.00466	0.00364	0.00396	0.00672
10	0.00805	0.00551	0.00668	0.00692	0.00711	0.00558	0.00426	0.00849	0.00891	0.01201	0.02016	0.17461	0.02311	0.56139	0.11829	0.00541	0.00636	0.00950	0.00375	0.00389
11	0.01411	0.01037	0.01168	0.01023	0.01314	0.01123	0.00803	0.10436	0.35806	0.09640	0.18183	0.02702	0.06983	0.01062	0.04482	0.00223	0.00481	0.00741	0.00586	0.00795
12	0.01090	0.00865	0.03076	0.13229	0.10085	0.00842	0.01046	0.01395	0.02862	0.07066	0.06673	0.07221	0.11613	0.01168	0.00682	0.00217	0.00533	0.29241	0.00470	0.00627
13	0.01139	0.04359	0.01039	0.00986	0.01167	0.04491	0.00807	0.01435	0.05790	0.08961	0.07823	0.18870	0.05596	0.01357	0.00701	0.00225	0.00484	0.33643	0.00532	0.00596
14	0.75333	0.01225	0.03270	0.03442	0.01271	0.04291	0.00718	0.01702	0.01012	0.02459	0.00815	0.00962	0.00632	0.00535	0.00374	0.00176	0.00489	0.00322	0.00345	0.00629
15	0.01121	0.02914	0.01275	0.12168	0.01577	0.03939	0.06821	0.05499	0.01177	0.01632	0.01642	0.18854	0.01622	0.01250	0.03725	0.13757	0.06142	0.00764	0.13575	0.00548
16	0.00893	0.00659	0.00820	0.00809	0.00838	0.00723	0.00550	0.02564	0.00949	0.01295	0.01921	0.15161	0.02178	0.47815	0.07490	0.00472	0.09672	0.04384	0.00375	0.00431
17	0.03607	0.29050	0.14315	0.10792	0.02008	0.17900	0.01284	0.05385	0.01312	0.01592	0.00904	0.01114	0.00747	0.00583	0.00588	0.00160	0.07270	0.00390	0.00275	0.00725
18	0.00936	0.00737	0.01095	0.01039	0.03612	0.00730	0.09423	0.04407	0.01079	0.01454	0.02056	0.25283	0.02297	0.36369	0.06569	0.00409	0.00609	0.01005	0.00399	0.00491
19	0.08143	0.01005	0.01308	0.01010	0.01447	0.00904	0.00834	0.05251	0.01629	0.69039	0.02125	0.01857	0.01345	0.00695	0.00560	0.00177	0.00489	0.00555	0.00679	0.00949
20	0.00716	0.00526	0.00674	0.00767	0.00839	0.00484	0.00534	0.00848	0.01195	0.01579	0.11980	0.57249	0.14297	0.01662	0.00718	0.00222	0.00327	0.04362	0.00542	0.00478
21	0.01008	0.00685	0.00860	0.00891	0.01012	0.00677	0.00650	0.10603	0.01367	0.05422	0.05873	0.54371	0.03289	0.03138	0.00749	0.00229	0.00398	0.07670	0.00545	0.00562
22	0.00816	0.00553	0.00650	0.00667	0.00682	0.00550	0.00401	0.00851	0.00909	0.01219	0.04897	0.13042	0.02428	0.63311	0.04606	0.00504	0.00543	0.02612	0.00383	0.00377
23	0.00819	0.00603	0.00871	0.00871	0.00957	0.00689	0.00655	0.00991	0.00905	0.01292	0.01576	0.02489	0.01535	0.16539	0.65526	0.00860	0.01374	0.00648	0.00313	0.00484
24	0.00812	0.00552	0.00651	0.00665	0.00683	0.00548	0.00399	0.00852	0.00926	0.01248	0.07248	0.13695	0.02513	0.60961	0.05486	0.00500	0.00545	0.00942	0.00389	0.00382
25	0.01403	0.01346	0.02299	0.06310	0.73629	0.01356	0.01749	0.01744	0.01296	0.01853	0.01074	0.01420	0.00901	0.00512	0.00566	0.00171	0.00683	0.00510	0.00282	0.00896
26	0.00909	0.00649	0.00907	0.01038	0.01164	0.00647	0.00899	0.01162	0.01304	0.01697	0.03036	0.10732	0.03321	0.01593	0.00787	0.00262	0.00515	0.68330	0.00527	0.00523
27	0.00757	0.00502	0.00676	0.00775	0.00810	0.00472	0.00519	0.00787	0.01033	0.01369	0.02838	0.59951	0.06733	0.01815	0.01036	0.17295	0.00364	0.01374	0.00473	0.00421
28	0.29659	0.00944	0.00959	0.00840	0.01126	0.01005	0.00672	0.10025	0.03360	0.12746	0.11021	0.03586	0.01779	0.04149	0.00601	0.00192	0.00430	0.04065	0.12166	0.00675
29	0.01210	0.00811	0.00982	0.02661	0.01051	0.02338	0.00669	0.04695	0.01127	0.08925	0.03071	0.02480	0.01566	0.26941	0.08738	0.00372	0.13322	0.00642	0.17845	0.00554
30	0.59741	0.01220	0.02676	0.01045	0.06698	0.04067	0.02270	0.01681	0.01064	0.02342	0.00863	0.01023	0.00684	0.00516	0.00396	0.00163	0.00498	0.00340	0.00341	0.12371
31	0.01217	0.00837	0.00982	0.00870	0.01111	0.00841	0.00675	0.06803	0.17390	0.10797	0.36365	0.03527	0.14176	0.01040	0.00637	0.00184	0.00362	0.00888	0.00610	0.00689

[dist]
# distance from previous block
# <min> <max>
0	2

[block]
# block no. 4 follows, 41 sequences, length 86
# corresponding to MSA columns:
# 274-359
name=unknown_E
#
# <colnr> <probs for GDERKNQSTAVLIFYWHMCP>
#	G	D	E	R	K	N	Q	S	T	A	V	L	I	F	Y	W	H	M	C	P
0	0.01531	0.01197	0.01373	0.10060	0.01699	0.07157	0.03792	0.26886	0.01715	0.05268	0.01617	0.10809	0.01414	0.03339	0.09558	0.00272	0.00709	0.00664	0.10220	0.00720
1	0.01186	0.01017	0.01186	0.00847	0.01356	0.00762	0.00678	0.01440	0.01186	0.01864	0.01017	0.01186	0.00847	0.00424	0.00424	0.00085	0.00424	0.00339	0.00339	0.83395
2	0.01529	0.80242	0.02997	0.00979	0.01468	0.02263	0.00979	0.01713	0.01162	0.01346	0.00795	0.00918	0.00734	0.00489	0.00367	0.00122	0.00612	0.00306	0.00245	0.00734
3	0.06566	0.01374	0.03529	0.07317	0.42601	0.07593	0.01402	0.06249	0.01434	0.04030	0.10967	0.01744	0.01471	0.00626	0.00564	0.00172	0.00641	0.00555	0.00361	0.00807
4	0.01069	0.00846	0.01147	0.01053	0.01179	0.01018	0.00834	0.10744	0.01141	0.01625	0.01396	0.02045	0.01291	0.07203	0.51035	0.00691	0.14176	0.00593	0.00334	0.00582
5	0.01443	0.01239	0.01305	0.01168	0.01495	0.01432	0.00910	0.04934	0.73370	0.02425	0.02303	0.02114	0.01726	0.00774	0.00582	0.00193	0.00457	0.00643	0.00582	0.00907
6	0.00816	0.00552	0.00647	0.00661	0.00671	0.00554	0.00390	0.00840	0.00867	0.01162	0.01936	0.12089	0.02229	0.66530	0.07285	0.00541	0.00590	0.00907	0.00365	0.00370
7	0.01190	0.01018	0.01180	0.00870	0.01351	0.00804	0.00691	0.01543	0.06774	0.01893	0.01175	0.03427	0.00996	0.00488	0.00444	0.00097	0.00423	0.00398	0.00363	0.74876
8	0.01080	0.00767	0.00984	0.00911	0.01082	0.00851	0.00712	0.12713	0.01245	0.01812	0.01553	0.02125	0.01374	0.06243	0.48850	0.00647	0.01132	0.00587	0.12440	0.02892
9	0.00855	0.00585	0.00769	0.00743	0.00872	0.00538	0.00549	0.01095	0.01535	0.04858	0.61521	0.16406	0.04991	0.01254	0.00680	0.00188	0.00288	0.01114	0.00616	0.00543
10	0.00733	0.00584	0.00658	0.00646	0.00815	0.00509	0.00488	0.00927	0.01420	0.01825	0.31471	0.05082	0.47895	0.01350	0.00679	0.00190	0.00290	0.03364	0.00567	0.00505
11	0.01406	0.01349	0.02305	0.05603	0.74311	0.01357	0.01751	0.01747	0.01298	0.01857	0.01074	0.01419	0.00902	0.00511	0.00566	0.00170	0.00682	0.00510	0.00282	0.00898
12	0.02479	0.01114	0.01414	0.01084	0.01530	0.01049	0.00896	0.18786	0.01872	0.60396	0.02059	0.01819	0.01317	0.00703	0.00575	0.00176	0.00519	0.00562	0.00678	0.00973
13	0.01121	0.00549	0.00562	0.00551	0.00695	0.00544	0.00416	0.01386	0.01215	0.04838	0.01880	0.02126	0.01464	0.00668	0.00406	0.00135	0.00275	0.00535	0.80086	0.00549
14	0.21963	0.01065	0.04227	0.00907	0.01257	0.01025	0.00767	0.13284	0.01550	0.21707	0.11458	0.01992	0.03421	0.00727	0.00510	0.00171	0.00449	0.00564	0.12207	0.00750
15	0.41397	0.01118	0.01115	0.02937	0.01360	0.03087	0.00765	0.07958	0.01375	0.28694	0.01404	0.01385	0.00966	0.00613	0.00461	0.00175	0.00490	0.00435	0.03493	0.00771
16	0.00712	0.00515	0.00675	0.00789	0.00842	0.00478	0.00542	0.00831	0.01149	0.01526	0.07647	0.67393	0.08352	0.01725	0.00726	0.00228	0.00334	0.04528	0.00537	0.00473
17	0.17629	0.01845	0.01606	0.07198	0.13260	0.30380	0.01148	0.14669	0.01581	0.02087	0.00989	0.01173	0.00784	0.00593	0.00543	0.00167	0.02840	0.00418	0.00349	0.00743
18	0.02255	0.03549	0.01541	0.01319	0.04724	0.31692	0.00999	0.07735	0.01683	0.34687	0.03198	0.01544	0.01163	0.00656	0.00548	0.00163	0.00721	0.00489	0.00502	0.00831
19	0.00895	0.00616	0.00768	0.00730	0.00869	0.00573	0.00534	0.03044	0.01478	0.05148	0.47764	0.11690	0.12823	0.09436	0.00906	0.00225	0.00327	0.01059	0.00581	0.00535
20	0.08240	0.03652	0.01632	0.20812	0.16403	0.06267	0.01203	0.09338	0.03422	0.08158	0.05994	0.01604	0.01196	0.00625	0.00566	0.00171	0.02337	0.00511	0.02280	0.05588
21	0.11754	0.00636	0.00727	0.00790	0.00892	0.00641	0.00554	0.04019	0.01143	0.01698	0.02736	0.53826	0.05884	0.07118	0.00820	0.00242	0.00376	0.02862	0.02783	0.00502
22	0.59999	0.00990	0.00842	0.00758	0.01057	0.01121	0.00615	0.01553	0.01072	0.04309	0.05790	0.01711	0.08838	0.00696	0.00478	0.00179	0.03686	0.00473	0.05227	0.00605
23	0.01274	0.03686	0.09669	0.25774	0.34062	0.03368	0.01596	0.01709	0.05098	0.01725	0.01282	0.01723	0.02598	0.00609	0.00570	0.00181	0.00703	0.03291	0.00300	0.00782
24	0.00940	0.00603	0.00796	0.00824	0.00898	0.00600	0.00585	0.02894	0.01117	0.05510	0.06682	0.36183	0.04431	0.12014	0.03341	0.12846	0.02842	0.05956	0.00465	0.00472
25	0.00748	0.00565	0.00685	0.00691	0.00818	0.00508	0.00501	0.00938	0.01396	0.01867	0.38191	0.19863	0.25926	0.03775	0.00754	0.00206	0.00297	0.01199	0.00572	0.00502
26	0.01288	0.01257	0.01812	0.05651	0.03760	0.01680	0.04315	0.05146	0.01016	0.01527	0.00841	0.01312	0.00788	0.01004	0.03431	0.00254	0.63480	0.00512	0.00271	0.00655
27	0.24656	0.23431	0.10376	0.12957	0.09811	0.04496	0.01177	0.01683	0.01137	0.01817	0.00911	0.01143	0.00745	0.00641	0.02793	0.00185	0.00665	0.00384	0.00284	0.00708
28	0.01294	0.01024	0.01177	0.01142	0.02773	0.01129	0.00891	0.07250	0.39922	0.04012	0.04181	0.10910	0.02332	0.01070	0.00648	0.00212	0.00472	0.18231	0.00561	0.00767
29	0.01046	0.00663	0.00802	0.00750	0.00959	0.00593	0.00588	0.01287	0.03079	0.13228	0.27606	0.04585	0.33203	0.01244	0.00669	0.00193	0.00340	0.07986	0.00590	0.00589
30	0.01328	0.04522	0.01899	0.22940	0.04109	0.05296	0.15835	0.11074	0.01414	0.01872	0.04217	0.04035	0.01266	0.00847	0.02835	0.02799	0.04591	0.04325	0.04110	0.00684
31	0.04970	0.00987	0.03399	0.02709	0.01295	0.00973	0.00797	0.21022	0.03319	0.10218	0.04459	0.31274	0.02327	0.04493	0.00725	0.00214	0.00472	0.02845	0.02812	0.00689
32	0.00867	0.00650	0.00863	0.05109	0.01183	0.00650	0.00772	0.02220	0.03247	0.01637	0.03226	0.25977	0.12497	0.03925	0.00803	0.00247	0.00456	0.34639	0.00510	0.00521
33	0.83938	0.01106	0.00841	0.00752	0.01106	0.01283	0.00619	0.01681	0.00973	0.02566	0.00796	0.00929	0.00619	0.00531	0.00354	0.00177	0.00442	0.00310	0.00354	0.00619
34	0.04296	0.00580	0.00687	0.00736	0.00783	0.00579	0.00495	0.00931	0.00989	0.01381	0.02279	0.22067	0.02598	0.43062	0.01869	0.00403	0.00483	0.12365	0.02996	0.00421
35	0.06817	0.15606	0.47575	0.01461	0.03681	0.03608	0.01676	0.01785	0.01193	0.03767	0.01030	0.01278	0.00800	0.00588	0.00585	0.00176	0.05322	0.01990	0.00271	0.00791
36	0.03012	0.08837	0.02849	0.07485	0.03352	0.02721	0.00804	0.03433	0.09329	0.01950	0.19478	0.13411	0.04943	0.00984	0.00582	0.00181	0.00441	0.04218	0.11365	0.00626
37	0.01641	0.65994	0.02744	0.01070	0.01523	0.16111	0.01002	0.01818	0.01247	0.01356	0.00812	0.00938	0.00735	0.00508	0.00394	0.00127	0.00689	0.00317	0.00254	0.00721
38	0.00893	0.00969	0.12926	0.00905	0.01153	0.00670	0.00828	0.01186	0.01414	0.03965	0.36651	0.14845	0.11382	0.01218	0.00671	0.00198	0.00406	0.08603	0.00535	0.00582
39	0.00828	0.00569	0.00697	0.00697	0.00722	0.00594	0.00437	0.00879	0.00853	0.01163	0.01736	0.03374	0.01919	0.61252	0.21338	0.00644	0.00796	0.00778	0.00337	0.00387
40	0.00879	0.00620	0.00792	0.00738	0.00892	0.00578	0.00557	0.01190	0.04277	0.04521	0.67778	0.04183	0.08504	0.01154	0.00668	0.00181	0.00284	0.01015	0.00626	0.00563
41	0.65377	0.01110	0.00973	0.00829	0.01204	0.01233	0.00683	0.05818	0.01182	0.15498	0.01081	0.01130	0.00777	0.00570	0.00404	0.00177	0.00460	0.00367	0.00427	0.00700
42	0.02174	0.01602	0.01717	0.01316	0.01774	0.01774	0.01087	0.74423	0.02689	0.03605	0.01373	0.01373	0.00973	0.00687	0.00572	0.00172	0.00629	0.00515	0.00572	0.00973
43	0.04119	0.01386	0.01570	0.01206	0.01657	0.01458	0.00996	0.49415	0.02308	0.27459	0.01649	0.01551	0.01110	0.00690	0.00568	0.00174	0.00579	0.00530	0.00612	0.00965
44	0.00718	0.00508	0.00663	0.00772	0.00805	0.00479	0.00509	0.00813	0.01085	0.01452	0.06033	0.67027	0.03640	0.11403	0.00997	0.00270	0.00357	0.01503	0.00512	0.00453
45	0.00697	0.00580	0.00611	0.00616	0.00797	0.00494	0.00465	0.00856	0.01324	0.01612	0.11460	0.07686	0.65159	0.01441	0.00682	0.00196	0.00299	0.03997	0.00539	0.00489
46	0.01472	0.01482	0.02321	0.03284	0.66236	0.07650	0.05603	0.01803	0.01331	0.01828	0.01064	0.01391	0.00890	0.00515	0.00568	0.00169	0.00724	0.00507	0.00284	0.00879
47	0.01038	0.00620	0.00819	0.00864	0.00973	0.00591	0.00647	0.01181	0.01175	0.11379	0.02708	0.31496	0.02961	0.18359	0.01196	0.00303	0.00457	0.22194	0.00513	0.00525
48	0.00817	0.00613	0.00919	0.00919	0.01021	0.00715	0.00715	0.01021	0.00919	0.01328	0.01532	0.02247	0.01430	0.04290	0.77631	0.00919	0.01532	0.00613	0.00306	0.00511
49	0.02026	0.00919	0.01196	0.00982	0.01330	0.00848	0.00784	0.05656	0.07407	0.49722	0.10146	0.12406	0.02155	0.00904	0.00607	0.00186	0.00447	0.00765	0.00660	0.00855
50	0.01278	0.17849	0.57020	0.01513	0.02254	0.05598	0.03402	0.01818	0.01224	0.01700	0.00977	0.01149	0.00730	0.00534	0.00511	0.00168	0.00813	0.00403	0.00246	0.00812
51	0.03902	0.03471	0.01505	0.01317	0.01615	0.52256	0.01010	0.05594	0.01558	0.09909	0.01142	0.01306	0.00912	0.01092	0.10682	0.00254	0.00997	0.00428	0.00356	0.00693
52	0.69530	0.10498	0.01143	0.03220	0.01254	0.03346	0.00704	0.01694	0.01018	0.02358	0.00805	0.00949	0.00640	0.00529	0.00366	0.00170	0.00487	0.00317	0.00336	0.00635
53	0.01143	0.03649	0.01056	0.01116	0.10840	0.00861	0.00734	0.06746	0.01260	0.01958	0.01777	0.12362	0.01620	0.03142	0.07263	0.00238	0.04125	0.00680	0.38817	0.00611
54	0.00713	0.00572	0.00640	0.00674	0.00816	0.00508	0.00486	0.00895	0.03313	0.01600	0.10271	0.28302	0.46153	0.01515	0.00690	0.00204	0.00306	0.01308	0.00540	0.00493
55	0.07778	0.32104	0.11882	0.08948	0.01827	0.05499	0.01175	0.06932	0.01260	0.04115	0.01004	0.03228	0.00855	0.00655	0.00644	0.02097	0.08544	0.00428	0.00303	0.00722
56	0.08001	0.46449	0.08419	0.02930	0.01546	0.05715	0.03276	0.01637	0.01239	0.01631	0.10816	0.03602	0.01428	0.00630	0.00453	0.00147	0.00601	0.00468	0.00316	0.00696
57	0.02526	0.00975	0.01323	0.01013	0.01457	0.00838	0.00836	0.02749	0.01624	0.74562	0.02221	0.01925	0.01399	0.00700	0.00571	0.00174	0.00485	0.00568	0.00697	0.03356
58	0.04898	0.01056	0.01673	0.54455	0.05254	0.01247	0.04894	0.07779	0.01277	0.01729	0.03982	0.01604	0.00980	0.00690	0.00680	0.05616	0.00707	0.00528	0.00303	0.00649
59	0.05626	0.05726	0.17769	0.03526	0.07488	0.08758	0.05715	0.01578	0.02996	0.01729	0.01468	0.12328	0.01352	0.01092	0.07671	0.00246	0.03101	0.00636	0.10519	0.00676
60	0.00790	0.00543	0.00717	0.00771	0.00851	0.00504	0.00538	0.00952	0.01290	0.03779	0.29010	0.48934	0.04254	0.03334	0.00756	0.00220	0.00319	0.01369	0.00567	0.00502
61	0.00832	0.00555	0.00624	0.00624	0.00624	0.00555	0.00347	0.00832	0.00832	0.01109	0.01802	0.03743	0.02080	0.79898	0.02911	0.00555	0.00555	0.00832	0.00347	0.00347
62	0.06108	0.70948	0.02771	0.00979	0.01445	0.05119	0.00953	0.01719	0.01180	0.01438	0.02563	0.01001	0.00837	0.00512	0.00379	0.00128	0.00611	0.00326	0.00262	0.00720
63	0.12425	0.01532	0.13075	0.13320	0.37144	0.02990	0.05658	0.01702	0.01231	0.01875	0.01154	0.01447	0.02896	0.00553	0.00543	0.00177	0.00697	0.00495	0.00290	0.00795
64	0.00876	0.00644	0.00852	0.00938	0.01067	0.00635	0.00770	0.01171	0.04965	0.01768	0.12830	0.18264	0.08672	0.01513	0.00746	0.00239	0.00440	0.42533	0.00544	0.00533
65	0.03744	0.02823	0.01311	0.03994	0.01500	0.01014	0.00803	0.15961	0.01503	0.08577	0.01348	0.07085	0.01135	0.00673	0.01733	0.00142	0.00499	0.00498	0.00425	0.45232
66	0.01214	0.04469	0.18645	0.04683	0.06507	0.01332	0.24337	0.02963	0.01251	0.01757	0.07111	0.04761	0.03015	0.00749	0.00844	0.02439	0.12251	0.00635	0.00316	0.00720
67	0.01196	0.01135	0.01926	0.52523	0.29031	0.01301	0.01646	0.01563	0.01199	0.01603	0.01037	0.01487	0.00812	0.00550	0.00570	0.00183	0.00734	0.00509	0.00264	0.00729
68	0.01529	0.80242	0.02997	0.00979	0.01468	0.02263	0.00979	0.01713	0.01162	0.01346	0.00795	0.00918	0.00734	0.00489	0.00367	0.00122	0.00612	0.00306	0.00245	0.00734
69	0.04836	0.02885	0.00878	0.00736	0.00962	0.00891	0.00582	0.15999	0.04350	0.02416	0.01832	0.02001	0.03603	0.00688	0.00447	0.00147	0.00363	0.00539	0.55203	0.00643
70	0.00802	0.00584	0.00754	0.00711	0.00850	0.00536	0.00534	0.01064	0.01601	0.02250	0.71924	0.04345	0.09528	0.01186	0.00675	0.00181	0.00271	0.01045	0.00624	0.00536
71	0.00746	0.00547	0.00692	0.00791	0.00862	0.00513	0.00547	0.03046	0.01178	0.01544	0.03443	0.65164	0.13214	0.01707	0.00720	0.00226	0.00341	0.03702	0.00532	0.00484
72	0.00995	0.00498	0.00740	0.00740	0.00743	0.00498	0.00494	0.00759	0.00756	0.01020	0.01014	0.01748	0.01005	0.01956	0.02192	0.81388	0.00491	0.00498	0.02209	0.00255
73	0.02137	0.02726	0.01621	0.01474	0.01768	0.77602	0.01105	0.02284	0.01621	0.01400	0.00884	0.01031	0.00737	0.00589	0.00516	0.00147	0.01031	0.00368	0.00295	0.00663
74	0.00810	0.00585	0.00765	0.00720	0.00855	0.00540	0.00540	0.01079	0.01619	0.02294	0.76028	0.04273	0.05397	0.01169	0.00675	0.00180	0.00270	0.01034	0.00630	0.00540
75	0.00898	0.00651	0.00889	0.01008	0.01146	0.00642	0.00875	0.01150	0.01315	0.01696	0.03294	0.06361	0.10273	0.01567	0.00779	0.00257	0.00504	0.65646	0.00527	0.00522
76	0.00729	0.00539	0.00690	0.00798	0.00877	0.00499	0.00576	0.00864	0.01169	0.01516	0.03618	0.54113	0.16998	0.01695	0.00730	0.00230	0.00356	0.12994	0.00530	0.00478
77	0.01815	0.21278	0.01983	0.01407	0.03916	0.43304	0.01107	0.02031	0.04280	0.01437	0.00906	0.01090	0.00783	0.00628	0.00675	0.00158	0.11837	0.00387	0.00287	0.00692
78	0.83938	0.01106	0.00841	0.00752	0.01106	0.01283	0.00619	0.01681	0.00973	0.02566	0.00796	0.00929	0.00619	0.00531	0.00354	0.00177	0.00442	0.00310	0.00354	0.00619
79	0.00845	0.00633	0.00927	0.00917	0.01014	0.00743	0.00712	0.01044	0.00927	0.01359	0.01524	0.02245	0.01423	0.06113	0.69231	0.00849	0.04478	0.00611	0.03895	0.00512
80	0.01319	0.00693	0.00911	0.00807	0.01029	0.00619	0.00622	0.01549	0.01551	0.24618	0.41646	0.11073	0.09011	0.01111	0.00650	0.00185	0.00343	0.00966	0.00637	0.00659
81	0.01361	0.01299	0.02191	0.15661	0.62202	0.01347	0.01702	0.01748	0.03582	0.01819	0.01105	0.01456	0.00909	0.00528	0.00568	0.00174	0.00686	0.00514	0.00288	0.00862
82	0.03121	0.11016	0.01373	0.01066	0.03521	0.17561	0.00821	0.03207	0.03089	0.10386	0.03603	0.03929	0.04165	0.00862	0.02682	0.02712	0.05704	0.00540	0.19981	0.00660
83	0.61514	0.01391	0.12750	0.04972	0.01491	0.01294	0.00931	0.01710	0.01034	0.04403	0.00882	0.01043	0.00670	0.00557	0.00456	0.00181	0.03367	0.00352	0.00337	0.00665
84	0.01587	0.43533	0.12834	0.03108	0.07223	0.01809	0.06927	0.05755	0.01325	0.09465	0.01064	0.01188	0.00840	0.00533	0.00467	0.00149	0.00667	0.00409	0.00317	0.00800
85	0.01454	0.01001	0.01166	0.02962	0.01313	0.01041	0.00779	0.27768	0.03540	0.08217	0.14785	0.16559	0.03975	0.08040	0.00857	0.01797	0.00479	0.00854	0.00544	0.02872

[dist]
# distance from previous block
# <min> <max>
0	1

[block]
# block no. 5 follows, 41 sequences, length 12
# corresponding to MSA columns:
# 361-372
name=unknown_F
#
# <colnr> <probs for GDERKNQSTAVLIFYWHMCP>
#	G	D	E	R	K	N	Q	S	T	A	V	L	I	F	Y	W	H	M	C	P
0	0.14824	0.25230	0.07656	0.03566	0.06444	0.16343	0.02752	0.06481	0.01346	0.04792	0.00983	0.01137	0.00792	0.00563	0.00497	0.00156	0.02891	0.00390	0.02419	0.00736
1	0.12221	0.11862	0.01770	0.01419	0.06762	0.26660	0.01077	0.17934	0.03851	0.02086	0.01013	0.01161	0.00817	0.00631	0.00628	0.00166	0.08407	0.00416	0.00361	0.00755
2	0.01999	0.00848	0.01146	0.00921	0.01264	0.00743	0.00743	0.02236	0.01631	0.52673	0.26097	0.02698	0.02702	0.00857	0.00607	0.00178	0.00417	0.00724	0.00683	0.00833
3	0.00805	0.00618	0.00722	0.00712	0.00856	0.00580	0.00524	0.01077	0.06106	0.01833	0.31230	0.09873	0.27744	0.10279	0.00934	0.00236	0.00337	0.04466	0.00550	0.00517
4	0.23375	0.01486	0.17365	0.18659	0.12225	0.01240	0.03300	0.03436	0.01194	0.05143	0.01185	0.06839	0.00986	0.00639	0.00521	0.00184	0.00643	0.00524	0.00330	0.00726
5	0.09721	0.00690	0.00805	0.00860	0.02864	0.00680	0.00613	0.01213	0.06577	0.04940	0.10350	0.34784	0.17442	0.01367	0.00656	0.00209	0.00363	0.04780	0.00526	0.00560
6	0.00832	0.00555	0.00624	0.00624	0.00624	0.00555	0.00347	0.00832	0.00832	0.01109	0.01802	0.03743	0.02080	0.79898	0.02911	0.00555	0.00555	0.00832	0.00347	0.00347
7	0.04593	0.01368	0.06976	0.24082	0.05545	0.08420	0.09554	0.10283	0.01434	0.01895	0.03578	0.07786	0.01463	0.00803	0.00609	0.00194	0.00710	0.09645	0.00369	0.00691
8	0.01394	0.16141	0.32784	0.05808	0.02033	0.03537	0.04493	0.05608	0.03212	0.07962	0.04139	0.03314	0.01104	0.00697	0.00628	0.04844	0.00703	0.00496	0.00334	0.00769
9	0.00922	0.00658	0.00922	0.01053	0.01185	0.00658	0.00922	0.01185	0.01317	0.01712	0.03029	0.06452	0.03292	0.01580	0.00790	0.00263	0.00527	0.72480	0.00527	0.00527
10	0.01061	0.00979	0.01632	0.67013	0.06172	0.01193	0.01496	0.01418	0.01157	0.01490	0.01255	0.06188	0.01084	0.00697	0.00593	0.00196	0.00722	0.04738	0.00287	0.00629
11	0.06356	0.01320	0.01489	0.06315	0.14884	0.11140	0.01103	0.12022	0.07942	0.09454	0.03877	0.02401	0.04619	0.00880	0.02108	0.00202	0.02382	0.10297	0.00448	0.00764

[dist]
# distance from previous block
# <min> <max>
0	1

[block]
# block no. 6 follows, 41 sequences, length 67
# corresponding to MSA columns:
# 374-440
name=unknown_G
#
# <colnr> <probs for GDERKNQSTAVLIFYWHMCP>
#	G	D	E	R	K	N	Q	S	T	A	V	L	I	F	Y	W	H	M	C	P
0	0.14744	0.13543	0.35772	0.03092	0.02052	0.07414	0.07932	0.01766	0.01191	0.01803	0.00982	0.01198	0.00761	0.00730	0.04565	0.00209	0.00806	0.00417	0.00272	0.00749
1	0.01184	0.00886	0.00956	0.00871	0.01118	0.00930	0.00679	0.08022	0.25600	0.04244	0.10983	0.03339	0.21585	0.00998	0.00595	0.00183	0.00381	0.03505	0.13249	0.00692
2	0.03501	0.04911	0.10421	0.09571	0.44273	0.02667	0.01603	0.09791	0.04203	0.02024	0.01123	0.01385	0.00895	0.00549	0.00551	0.00172	0.00688	0.00490	0.00319	0.00864
3	0.01224	0.01015	0.01190	0.00852	0.01358	0.00765	0.00682	0.01477	0.01198	0.03899	0.01050	0.01207	0.00863	0.00431	0.00428	0.00087	0.00425	0.00345	0.00349	0.81154
4	0.05843	0.05170	0.01630	0.01425	0.01728	0.71679	0.01079	0.02238	0.01577	0.01451	0.00877	0.01023	0.00731	0.00584	0.00504	0.00148	0.00991	0.00364	0.00296	0.00663
5	0.01756	0.01290	0.05604	0.01117	0.01483	0.01265	0.00933	0.37751	0.01921	0.12386	0.03146	0.01947	0.01324	0.13218	0.08749	0.00304	0.00687	0.00581	0.00502	0.04036
6	0.01036	0.00636	0.00831	0.00753	0.00931	0.00577	0.00575	0.01294	0.01609	0.12063	0.63571	0.04015	0.07637	0.01120	0.00662	0.00180	0.00299	0.00981	0.00636	0.00595
7	0.01474	0.01232	0.01306	0.01164	0.01495	0.01417	0.00909	0.04997	0.71331	0.04412	0.02300	0.02108	0.01716	0.00772	0.00582	0.00193	0.00458	0.00641	0.00585	0.00909
8	0.00805	0.00561	0.00710	0.00733	0.00766	0.00583	0.00477	0.00877	0.00900	0.01228	0.01958	0.16163	0.02192	0.46251	0.22731	0.00599	0.00781	0.00907	0.00367	0.00411
9	0.02244	0.09783	0.01527	0.01045	0.01476	0.01142	0.00876	0.10613	0.08267	0.51168	0.02120	0.01903	0.03775	0.00712	0.00556	0.00172	0.00507	0.00566	0.00625	0.00925
10	0.05444	0.00708	0.00727	0.00660	0.00858	0.00728	0.00513	0.09698	0.01381	0.06514	0.01778	0.01976	0.01365	0.00664	0.00427	0.00142	0.00329	0.00522	0.64953	0.00612
11	0.00761	0.00573	0.00679	0.00667	0.00796	0.00518	0.00479	0.00943	0.01376	0.01835	0.38231	0.09889	0.27909	0.11668	0.00973	0.00237	0.00318	0.01106	0.00553	0.00490
12	0.00701	0.00501	0.00661	0.00787	0.00822	0.00468	0.00523	0.00798	0.01090	0.01450	0.03158	0.75687	0.05072	0.04322	0.00800	0.00242	0.00338	0.01592	0.00525	0.00461
13	0.02134	0.01563	0.01673	0.01287	0.01733	0.01729	0.01062	0.71755	0.02635	0.03551	0.01391	0.01401	0.00991	0.00686	0.00566	0.00170	0.00616	0.00516	0.03583	0.00957
14	0.00854	0.00589	0.00751	0.00742	0.00881	0.00537	0.00554	0.01071	0.01462	0.05391	0.45299	0.18314	0.15420	0.01324	0.00686	0.00195	0.00306	0.04492	0.00595	0.00536
15	0.01087	0.00565	0.00580	0.00569	0.00710	0.00574	0.00430	0.03319	0.01230	0.02142	0.01840	0.02116	0.01451	0.00803	0.03308	0.00164	0.00324	0.00536	0.77707	0.00544
16	0.07452	0.01006	0.01313	0.01013	0.01451	0.00904	0.00837	0.05522	0.01638	0.69400	0.02134	0.01863	0.01351	0.00696	0.00562	0.00177	0.00490	0.00557	0.00681	0.00952
17	0.01924	0.01370	0.01505	0.01209	0.01603	0.01497	0.00983	0.47312	0.15655	0.09501	0.06075	0.03708	0.01538	0.00783	0.00590	0.00181	0.00554	0.02516	0.00587	0.00911
18	0.02927	0.07718	0.43876	0.04554	0.19915	0.01423	0.04560	0.05176	0.01295	0.01881	0.01038	0.01262	0.00784	0.00537	0.00540	0.00175	0.00774	0.00450	0.00272	0.00844
19	0.17933	0.01134	0.01255	0.01026	0.01411	0.02635	0.00835	0.15180	0.08350	0.34868	0.01912	0.05135	0.02557	0.00754	0.00545	0.00182	0.00502	0.02353	0.00581	0.00852
20	0.01082	0.11325	0.01265	0.01139	0.05150	0.07964	0.00888	0.01289	0.01275	0.01583	0.02564	0.20675	0.05436	0.01329	0.00680	0.00220	0.00542	0.34568	0.00456	0.00572
21	0.00825	0.00593	0.00713	0.00737	0.00862	0.00548	0.00525	0.01041	0.04699	0.04507	0.18552	0.33357	0.23742	0.05605	0.00806	0.00224	0.00331	0.01264	0.00550	0.00518
22	0.11880	0.23224	0.03828	0.01630	0.19557	0.06577	0.03933	0.04351	0.01255	0.01793	0.01241	0.09437	0.01169	0.02830	0.00557	0.00172	0.00606	0.00549	0.04689	0.00720
23	0.03696	0.00708	0.00845	0.00818	0.00909	0.00757	0.00573	0.08606	0.01160	0.01639	0.05885	0.21094	0.02337	0.31041	0.10304	0.00417	0.04255	0.00929	0.03530	0.00498
24	0.83938	0.01106	0.00841	0.00752	0.01106	0.01283	0.00619	0.01681	0.00973	0.02566	0.00796	0.00929	0.00619	0.00531	0.00354	0.00177	0.00442	0.00310	0.00354	0.00619
25	0.01270	0.00958	0.01019	0.00922	0.01170	0.03733	0.00716	0.06599	0.25678	0.06968	0.18849	0.04745	0.12043	0.00964	0.00600	0.00183	0.00405	0.02767	0.09703	0.00709
26	0.01313	0.01545	0.06092	0.02279	0.02846	0.01387	0.66743	0.01782	0.01331	0.01818	0.01223	0.04445	0.00971	0.00532	0.00665	0.00191	0.00922	0.00692	0.00298	0.02924
27	0.00704	0.00513	0.00663	0.00768	0.00826	0.00473	0.00522	0.00822	0.01159	0.01536	0.09327	0.65791	0.11377	0.01706	0.00720	0.00224	0.00322	0.01535	0.00539	0.00473
28	0.01251	0.01251	0.01752	0.01502	0.01502	0.01752	0.01251	0.01377	0.00876	0.01377	0.00751	0.01251	0.00751	0.01001	0.01877	0.00250	0.78851	0.00501	0.00250	0.00626
29	0.71087	0.01131	0.00919	0.00810	0.01163	0.01305	0.00663	0.06249	0.06289	0.02607	0.00966	0.01070	0.00741	0.00561	0.00385	0.00177	0.00450	0.00351	0.02416	0.00659
30	0.00728	0.00539	0.00718	0.00821	0.00861	0.00529	0.00563	0.00838	0.01115	0.01499	0.06703	0.70604	0.05218	0.01717	0.00780	0.00230	0.04002	0.01535	0.00523	0.00476
31	0.01369	0.00762	0.00975	0.00855	0.01094	0.00719	0.00664	0.01764	0.09759	0.23380	0.42523	0.06822	0.04879	0.01027	0.00639	0.00183	0.00355	0.00891	0.00641	0.00699
32	0.00836	0.00620	0.00743	0.00707	0.00867	0.00572	0.00530	0.01118	0.04846	0.03430	0.46809	0.04492	0.25034	0.04781	0.00772	0.00203	0.00305	0.02212	0.00587	0.00540
33	0.03532	0.01112	0.01683	0.26353	0.26147	0.01202	0.01329	0.09683	0.01444	0.05184	0.09598	0.01953	0.04335	0.00673	0.00574	0.00178	0.00612	0.00593	0.03063	0.00754
34	0.01245	0.00768	0.00837	0.00756	0.00944	0.00812	0.00582	0.16743	0.01476	0.02294	0.03608	0.05017	0.01572	0.05003	0.08088	0.00244	0.00483	0.00605	0.48309	0.00612
35	0.78954	0.01122	0.00885	0.00780	0.01140	0.01291	0.00642	0.04435	0.01053	0.04354	0.00852	0.00970	0.00651	0.00541	0.00367	0.00177	0.00451	0.00324	0.00371	0.00641
36	0.00738	0.00516	0.00655	0.00745	0.00772	0.00492	0.00479	0.00813	0.01032	0.01380	0.04474	0.56161	0.03335	0.24041	0.01351	0.00323	0.00394	0.01386	0.00481	0.00433
37	0.01235	0.22089	0.52130	0.01457	0.02170	0.01530	0.04579	0.01754	0.01221	0.01718	0.04390	0.01288	0.00945	0.00556	0.00511	0.00167	0.00765	0.00431	0.00262	0.00801
