[name]
unknown

[dist]
# distance from previous block
# <min> <max>
25	87

[block]
# block no. 0 follows, 45 sequences, length 19
# corresponding to MSA columns:
# 113-131
name=unknown_A
#
# <colnr> <probs for GDERKNQSTAVLIFYWHMCP>
#	G	D	E	R	K	N	Q	S	T	A	V	L	I	F	Y	W	H	M	C	P
0	0.04169	0.07890	0.01378	0.00972	0.01366	0.05530	0.02361	0.19699	0.02825	0.02092	0.03576	0.08594	0.01204	0.00623	0.00472	0.00128	0.00492	0.00500	0.00391	0.35738
1	0.11220	0.01320	0.16481	0.02513	0.04878	0.01087	0.04019	0.08946	0.03943	0.08571	0.09395	0.05606	0.02498	0.00762	0.00686	0.02809	0.08147	0.00569	0.05872	0.00680
2	0.05284	0.04540	0.00720	0.00645	0.00710	0.00614	0.00420	0.00872	0.00926	0.01287	0.06901	0.19320	0.06648	0.46783	0.01810	0.00377	0.00443	0.00916	0.00383	0.00399
3	0.01539	0.67135	0.02578	0.01003	0.01429	0.16076	0.00940	0.01705	0.01169	0.01272	0.00761	0.00880	0.00689	0.00476	0.00370	0.00119	0.00646	0.00298	0.00238	0.00677
4	0.01929	0.01371	0.01488	0.01151	0.01556	0.01488	0.00945	0.63353	0.02304	0.06885	0.01383	0.03373	0.01021	0.00661	0.00526	0.00157	0.00551	0.00507	0.05010	0.04341
5	0.01046	0.00913	0.01280	0.11138	0.01489	0.01164	0.00955	0.06395	0.00982	0.01407	0.01112	0.01760	0.01054	0.10623	0.25455	0.00448	0.31408	0.00538	0.00283	0.00549
6	0.02024	0.00979	0.01227	0.00992	0.01357	0.00946	0.00806	0.10450	0.14069	0.49788	0.04402	0.05266	0.01592	0.00752	0.00555	0.00173	0.00455	0.02693	0.00617	0.00859
7	0.04992	0.00644	0.00889	0.00864	0.00976	0.00757	0.00678	0.02582	0.00917	0.01408	0.01385	0.01972	0.01264	0.03357	0.63369	0.00724	0.05496	0.00548	0.06677	0.00501
8	0.20237	0.00954	0.01127	0.00902	0.01277	0.00925	0.00739	0.04893	0.05709	0.50372	0.06084	0.01734	0.01381	0.00656	0.00500	0.00167	0.00439	0.00512	0.00577	0.00814
9	0.05182	0.01373	0.01583	0.29007	0.06694	0.12736	0.01207	0.07890	0.07866	0.15965	0.01413	0.01629	0.01060	0.00691	0.00620	0.00196	0.03148	0.00519	0.00429	0.00794
10	0.00992	0.00663	0.00889	0.00861	0.01014	0.00639	0.03573	0.03353	0.04814	0.09355	0.11998	0.25831	0.09073	0.09685	0.00873	0.00236	0.00409	0.14703	0.00502	0.00538
11	0.00668	0.00478	0.00614	0.00717	0.00753	0.00447	0.00473	0.00753	0.01009	0.01336	0.02946	0.67575	0.07424	0.10980	0.00922	0.00251	0.00334	0.01417	0.00478	0.00424
12	0.01213	0.01326	0.02763	0.14928	0.08828	0.01298	0.55702	0.01629	0.01225	0.01656	0.01112	0.03712	0.00880	0.00503	0.00611	0.00180	0.00836	0.00621	0.00272	0.00705
13	0.07861	0.08921	0.04054	0.22651	0.03504	0.11981	0.11608	0.08135	0.01277	0.04339	0.00995	0.01293	0.00786	0.02612	0.00632	0.00173	0.05354	0.00452	0.00300	0.03071
14	0.01064	0.00566	0.00598	0.00570	0.00707	0.00578	0.00432	0.03434	0.01160	0.04586	0.01830	0.02110	0.03715	0.04005	0.00534	0.00149	0.02725	0.00531	0.70187	0.00520
15	0.00740	0.02536	0.00693	0.00632	0.00816	0.00581	0.00481	0.01020	0.07939	0.01648	0.18795	0.06713	0.53013	0.01241	0.00621	0.00178	0.00290	0.01046	0.00514	0.00504
16	0.01332	0.03086	0.10447	0.07293	0.09544	0.01080	0.23724	0.01669	0.01244	0.14647	0.04240	0.02035	0.04990	0.04949	0.00711	0.00194	0.02082	0.03654	0.02373	0.00707
17	0.03781	0.01742	0.03738	0.11298	0.07193	0.32851	0.02789	0.11602	0.06692	0.04933	0.01239	0.07454	0.01050	0.00658	0.00524	0.00161	0.00733	0.00515	0.00357	0.00693
18	0.36828	0.12272	0.04085	0.13739	0.03869	0.08156	0.00929	0.01657	0.05746	0.01889	0.03121	0.01163	0.00839	0.00550	0.00462	0.00162	0.03211	0.00380	0.00310	0.00632

[dist]
# distance from previous block
# <min> <max>
2	3

[block]
# block no. 1 follows, 45 sequences, length 14
# corresponding to MSA columns:
# 135-148
name=unknown_B
#
# <colnr> <probs for GDERKNQSTAVLIFYWHMCP>
#	G	D	E	R	K	N	Q	S	T	A	V	L	I	F	Y	W	H	M	C	P
0	0.01101	0.00921	0.01065	0.16404	0.01582	0.08347	0.02715	0.02542	0.05420	0.08317	0.05981	0.09353	0.24163	0.04878	0.01903	0.00207	0.00514	0.03585	0.00430	0.00571
1	0.10646	0.01067	0.03888	0.16660	0.03325	0.01098	0.00955	0.18415	0.05462	0.11594	0.10059	0.09819	0.01654	0.00758	0.00537	0.00172	0.00508	0.00630	0.00453	0.02298
2	0.67251	0.01020	0.00886	0.00764	0.01110	0.01134	0.00628	0.01808	0.03594	0.16032	0.01043	0.01082	0.00752	0.00536	0.00377	0.00167	0.00423	0.00346	0.00399	0.00650
3	0.04333	0.01074	0.01723	0.26780	0.37371	0.01165	0.01411	0.01558	0.05506	0.01668	0.01286	0.01992	0.01132	0.00641	0.00553	0.00178	0.00623	0.09984	0.00305	0.00714
4	0.10266	0.01018	0.01318	0.01037	0.01417	0.03579	0.06896	0.04333	0.04836	0.47616	0.05071	0.04411	0.02774	0.00688	0.00533	0.00167	0.00491	0.00574	0.00559	0.02416
5	0.00752	0.00532	0.00651	0.00669	0.00782	0.00480	0.00477	0.00905	0.01237	0.04407	0.26560	0.29479	0.23805	0.05822	0.00765	0.00208	0.00300	0.01171	0.00523	0.00474
6	0.01166	0.01169	0.01694	0.06884	0.01616	0.01603	0.03769	0.01312	0.00855	0.01312	0.00735	0.01202	0.00709	0.00895	0.01638	0.00229	0.71908	0.00476	0.00236	0.00593
7	0.13339	0.06283	0.00817	0.00632	0.00848	0.00799	0.00508	0.05435	0.01198	0.07713	0.01538	0.01708	0.01185	0.00599	0.00388	0.00135	0.00330	0.00457	0.55510	0.00578
8	0.03202	0.15322	0.10300	0.07277	0.05537	0.07805	0.08473	0.01521	0.01043	0.01427	0.00842	0.01171	0.00732	0.00755	0.03143	0.00202	0.29910	0.00436	0.00245	0.00654
9	0.00963	0.00678	0.00774	0.00697	0.00903	0.00630	0.00538	0.09269	0.01495	0.07507	0.30398	0.04084	0.37759	0.01137	0.00616	0.00174	0.00314	0.00960	0.00548	0.00556
10	0.00676	0.00503	0.00630	0.00689	0.00774	0.00457	0.00482	0.00817	0.01188	0.01579	0.21837	0.46767	0.18689	0.01473	0.00662	0.00199	0.00289	0.01311	0.00521	0.00457
11	0.01285	0.01265	0.02258	0.11600	0.58857	0.01278	0.12265	0.01627	0.01212	0.01707	0.01014	0.01357	0.00830	0.00481	0.00547	0.00165	0.00685	0.00500	0.00264	0.00804
12	0.10037	0.01155	0.04110	0.34859	0.20217	0.03925	0.01314	0.05879	0.01184	0.01697	0.01115	0.07707	0.00971	0.00629	0.00559	0.00175	0.02971	0.00535	0.00294	0.00667
13	0.78166	0.01031	0.00815	0.00713	0.01057	0.01165	0.00586	0.01560	0.00930	0.02355	0.00764	0.00891	0.00599	0.00490	0.00337	0.00159	0.00414	0.00293	0.00331	0.07344

[dist]
# distance from previous block
# <min> <max>
2	5

[block]
# block no. 2 follows, 45 sequences, length 46
# corresponding to MSA columns:
# 154-199
name=unknown_C
#
# <colnr> <probs for GDERKNQSTAVLIFYWHMCP>
#	G	D	E	R	K	N	Q	S	T	A	V	L	I	F	Y	W	H	M	C	P
0	0.01506	0.71592	0.02651	0.00977	0.01413	0.11734	0.00933	0.01674	0.01145	0.01269	0.00757	0.00874	0.00689	0.00471	0.00362	0.00118	0.00623	0.00294	0.00235	0.00681
1	0.00688	0.00513	0.00644	0.00740	0.00805	0.00486	0.00506	0.00862	0.05086	0.01427	0.03227	0.67136	0.12704	0.01591	0.00671	0.00211	0.00313	0.01428	0.00501	0.00460
2	0.00779	0.00527	0.00620	0.00620	0.00632	0.00539	0.00368	0.00803	0.00791	0.01066	0.01660	0.03337	0.01875	0.71493	0.12270	0.00563	0.00635	0.00755	0.00321	0.00345
3	0.14187	0.01074	0.10656	0.00890	0.01276	0.00844	0.00816	0.02047	0.01303	0.40583	0.01689	0.01637	0.01147	0.00612	0.00469	0.00158	0.00447	0.00476	0.18930	0.00758
4	0.01272	0.00937	0.01406	0.05561	0.01536	0.00971	0.13398	0.09753	0.11876	0.09960	0.01730	0.17335	0.01585	0.02298	0.04009	0.12486	0.02094	0.00743	0.00420	0.00629
5	0.02005	0.02558	0.01521	0.01383	0.01659	0.78980	0.01037	0.02143	0.01521	0.01314	0.00830	0.00968	0.00691	0.00553	0.00484	0.00138	0.00968	0.00346	0.00277	0.00622
6	0.00781	0.00644	0.00698	0.00667	0.00854	0.00610	0.00505	0.01171	0.13515	0.01765	0.24021	0.04348	0.46077	0.01188	0.00620	0.00178	0.00292	0.01005	0.00531	0.00531
7	0.00659	0.00471	0.00629	0.00754	0.00787	0.00441	0.00508	0.00757	0.01033	0.01376	0.02956	0.78902	0.03539	0.01677	0.00687	0.00219	0.00316	0.03356	0.00498	0.00437
8	0.00688	0.00489	0.00623	0.00718	0.00782	0.00446	0.00490	0.00791	0.01071	0.03028	0.03348	0.66666	0.15668	0.01607	0.00674	0.00211	0.00308	0.01440	0.00502	0.00449
9	0.01844	0.12932	0.01776	0.01560	0.11141	0.59003	0.01098	0.02010	0.01426	0.01362	0.00841	0.00999	0.00711	0.00531	0.00471	0.00138	0.00874	0.00354	0.00269	0.00660
10	0.01012	0.00629	0.00822	0.00855	0.00984	0.00612	0.00658	0.02470	0.05051	0.11180	0.05585	0.32867	0.02906	0.08531	0.00856	0.00243	0.00412	0.23282	0.00509	0.00536
11	0.00767	0.00575	0.00863	0.00863	0.00959	0.00671	0.00671	0.00959	0.00863	0.01246	0.01438	0.02109	0.01342	0.04026	0.79008	0.00863	0.01438	0.00575	0.00288	0.00479
12	0.08038	0.00791	0.00925	0.00805	0.01030	0.00793	0.00629	0.13365	0.03070	0.10566	0.43948	0.05969	0.06022	0.00952	0.00583	0.00170	0.00349	0.00809	0.00561	0.00625
13	0.01211	0.01161	0.01923	0.02745	0.60006	0.01169	0.03331	0.01495	0.01203	0.01682	0.01683	0.01919	0.12744	0.00638	0.00613	0.00167	0.04653	0.00583	0.00300	0.00772
14	0.01423	0.00935	0.01016	0.00884	0.01109	0.03841	0.00671	0.21260	0.05404	0.12577	0.04999	0.15092	0.01839	0.13735	0.00893	0.00224	0.00459	0.00735	0.12255	0.00651
15	0.44022	0.17111	0.13147	0.00985	0.01389	0.05458	0.02183	0.01613	0.01012	0.01927	0.00787	0.00946	0.00636	0.00527	0.00479	0.00161	0.06365	0.00328	0.00285	0.00640
16	0.01201	0.01053	0.01029	0.02999	0.01190	0.13395	0.00709	0.08605	0.02715	0.04689	0.03135	0.26185	0.03612	0.10753	0.00877	0.00214	0.03508	0.02290	0.00414	0.11426
17	0.00843	0.04447	0.00798	0.00740	0.00841	0.00581	0.00530	0.00973	0.01121	0.05170	0.16720	0.38931	0.03217	0.14786	0.00991	0.00250	0.00368	0.05272	0.00476	0.02944
18	0.08107	0.07048	0.01424	0.01186	0.05945	0.05420	0.00909	0.16280	0.12219	0.08804	0.04420	0.02989	0.03223	0.00787	0.02119	0.00183	0.09841	0.03205	0.01431	0.04460
19	0.04435	0.52286	0.15391	0.01035	0.01526	0.03337	0.01074	0.05922	0.02816	0.03993	0.00921	0.01024	0.00758	0.00499	0.00397	0.00133	0.00598	0.00340	0.02797	0.00719
20	0.05516	0.00918	0.01229	0.00946	0.01358	0.00805	0.00781	0.02577	0.01513	0.75306	0.02066	0.01791	0.01301	0.00658	0.00532	0.00166	0.00455	0.00530	0.00652	0.00901
21	0.01052	0.00984	0.06304	0.25632	0.01947	0.01007	0.01011	0.08068	0.06845	0.01766	0.09995	0.11881	0.04205	0.03333	0.00710	0.00191	0.06213	0.00700	0.07548	0.00605
22	0.01315	0.01375	0.01908	0.17548	0.23193	0.14245	0.14302	0.03230	0.03962	0.01612	0.01310	0.05104	0.03319	0.00633	0.00580	0.00172	0.01950	0.03244	0.00304	0.00694
23	0.00669	0.00492	0.00627	0.00706	0.00775	0.00450	0.00487	0.00795	0.01137	0.01511	0.15643	0.57248	0.14410	0.01539	0.00669	0.00205	0.00296	0.01378	0.00514	0.00450
24	0.00781	0.00520	0.00585	0.00585	0.00585	0.00520	0.00325	0.00781	0.00781	0.01041	0.01691	0.03513	0.01952	0.81135	0.02732	0.00520	0.00520	0.00781	0.00325	0.00325
25	0.03279	0.76461	0.04142	0.00926	0.01388	0.02058	0.00928	0.01631	0.01097	0.02985	0.00780	0.00888	0.00700	0.00466	0.00352	0.00118	0.00572	0.00295	0.00241	0.00693
26	0.10243	0.02329	0.55840	0.04385	0.03808	0.01293	0.01686	0.10963	0.01283	0.01976	0.00981	0.01140	0.00704	0.00526	0.00496	0.00169	0.00721	0.00401	0.00278	0.00779
27	0.00829	0.00596	0.00819	0.00917	0.01037	0.00586	0.00779	0.01063	0.01256	0.01653	0.12274	0.11025	0.05891	0.01444	0.00720	0.00233	0.00444	0.57437	0.00507	0.00490
28	0.01174	0.01225	0.10827	0.03900	0.01525	0.00883	0.00869	0.06472	0.03563	0.01854	0.01016	0.01167	0.00812	0.00444	0.00431	0.00103	0.00473	0.00354	0.00325	0.62581
29	0.02388	0.09566	0.36508	0.01338	0.03690	0.10976	0.01398	0.02617	0.04760	0.01619	0.01227	0.07491	0.01083	0.00690	0.00604	0.00172	0.06605	0.03754	0.02813	0.00700
30	0.01073	0.00994	0.01627	0.53677	0.18741	0.01156	0.01406	0.01448	0.04701	0.01483	0.01253	0.01634	0.04723	0.00617	0.00590	0.02794	0.00655	0.00517	0.00272	0.00643
31	0.01921	0.02383	0.01483	0.01347	0.01627	0.69271	0.01014	0.02232	0.10936	0.01430	0.00999	0.01097	0.00810	0.00575	0.00492	0.00144	0.00900	0.00378	0.00310	0.00651
32	0.01109	0.00959	0.01029	0.00976	0.01180	0.06094	0.00773	0.01862	0.31998	0.02000	0.24612	0.03321	0.02860	0.00984	0.00643	0.00190	0.02774	0.15462	0.00522	0.00653
33	0.00877	0.00580	0.00727	0.00672	0.00835	0.00520	0.00510	0.01102	0.01458	0.08664	0.55498	0.04065	0.20229	0.01115	0.00625	0.00171	0.00275	0.00968	0.00578	0.00531
34	0.01927	0.01447	0.01547	0.01212	0.01621	0.01611	0.00993	0.64179	0.14527	0.03199	0.01434	0.01404	0.01030	0.00658	0.00538	0.00164	0.00564	0.00503	0.00538	0.00903
35	0.00803	0.00519	0.00641	0.00641	0.00654	0.00532	0.00395	0.00792	0.00779	0.01051	0.01534	0.03019	0.01705	0.57917	0.12928	0.14116	0.00636	0.00702	0.00305	0.00331
36	0.00915	0.00800	0.00818	0.00764	0.00909	0.10319	0.00573	0.01154	0.01520	0.02048	0.67916	0.03629	0.04518	0.01029	0.00614	0.00165	0.00343	0.00893	0.00552	0.00521
37	0.01481	0.01158	0.01223	0.01073	0.01396	0.03582	0.00840	0.02747	0.62372	0.11692	0.02091	0.01917	0.01541	0.00703	0.00538	0.00175	0.00444	0.00580	0.00545	0.03903
38	0.00676	0.00488	0.00642	0.00754	0.00796	0.00462	0.00508	0.00813	0.03035	0.01423	0.05745	0.75826	0.03557	0.01635	0.00680	0.00215	0.00312	0.01481	0.00503	0.00450
39	0.00902	0.00628	0.00715	0.00679	0.00869	0.00567	0.00518	0.04582	0.02624	0.08595	0.15677	0.12879	0.44071	0.01251	0.00628	0.00183	0.00315	0.03257	0.00530	0.00531
40	0.01418	0.01383	0.02754	0.04316	0.02546	0.03464	0.58198	0.01810	0.01278	0.11233	0.01184	0.01467	0.00867	0.00510	0.00675	0.00181	0.05064	0.00600	0.00318	0.00734
41	0.72258	0.01014	0.00834	0.00730	0.01062	0.01147	0.00600	0.03294	0.01012	0.08952	0.00922	0.01014	0.00688	0.00521	0.00357	0.00164	0.00415	0.00326	0.04076	0.00614
42	0.00905	0.00744	0.00939	0.02620	0.01024	0.04485	0.00694	0.01058	0.00912	0.01298	0.01443	0.06628	0.01425	0.14460	0.39860	0.00572	0.12601	0.00626	0.07226	0.00481
43	0.02028	0.01004	0.01242	0.00990	0.01356	0.00971	0.00802	0.19699	0.04944	0.46354	0.03547	0.09097	0.03890	0.00786	0.00557	0.00171	0.00464	0.00647	0.00607	0.00845
44	0.01175	0.04156	0.05674	0.03722	0.07949	0.03458	0.35518	0.03576	0.01247	0.01728	0.03416	0.11689	0.01377	0.00684	0.00578	0.00174	0.00676	0.02259	0.10283	0.00661
45	0.02716	0.01122	0.07938	0.11245	0.01664	0.01043	0.03241	0.21799	0.01581	0.11104	0.11047	0.10022	0.01754	0.00881	0.02988	0.00191	0.00541	0.00657	0.07765	0.00701

[dist]
# distance from previous block
# <min> <max>
0	4

[block]
# block no. 3 follows, 45 sequences, length 36
# corresponding to MSA columns:
# 204-239
name=unknown_D
#
# <colnr> <probs for GDERKNQSTAVLIFYWHMCP>
#	G	D	E	R	K	N	Q	S	T	A	V	L	I	F	Y	W	H	M	C	P
0	0.01310	0.13283	0.45160	0.01492	0.07772	0.01352	0.01578	0.01794	0.03687	0.10164	0.01087	0.01220	0.00801	0.00556	0.00585	0.00166	0.06503	0.00416	0.00290	0.00783
1	0.03967	0.00931	0.01214	0.00927	0.01344	0.00806	0.00761	0.04505	0.01486	0.60880	0.03599	0.01731	0.01303	0.00629	0.00516	0.00153	0.00446	0.00509	0.00599	0.13696
2	0.01006	0.00628	0.00779	0.00743	0.00887	0.00603	0.00551	0.02924	0.05035	0.10468	0.28395	0.14217	0.07223	0.14077	0.00959	0.00237	0.00362	0.06042	0.04327	0.00536
3	0.14104	0.05291	0.23849	0.01312	0.06102	0.01182	0.04316	0.01785	0.01165	0.19283	0.03747	0.01381	0.00988	0.00647	0.00687	0.02586	0.10027	0.00453	0.00361	0.00734
4	0.00665	0.00472	0.00620	0.00734	0.00762	0.00443	0.00484	0.00750	0.01007	0.01343	0.02853	0.74319	0.03417	0.08330	0.00856	0.00243	0.00329	0.01464	0.00484	0.00427
5	0.00769	0.00523	0.00620	0.00630	0.00653	0.00531	0.00386	0.00810	0.00830	0.01124	0.01868	0.09369	0.04182	0.61241	0.12105	0.00522	0.00607	0.00817	0.02052	0.00361
6	0.03777	0.00869	0.01187	0.26141	0.01917	0.01973	0.02624	0.08467	0.06043	0.02818	0.10960	0.21192	0.02084	0.04977	0.00717	0.00203	0.02243	0.00814	0.00408	0.00586
7	0.03283	0.01025	0.01753	0.61383	0.04692	0.01207	0.10449	0.03226	0.02480	0.01512	0.01053	0.03697	0.00829	0.00563	0.00547	0.00179	0.00709	0.00524	0.00266	0.00624
8	0.00687	0.00496	0.00658	0.00772	0.00827	0.00466	0.00549	0.00810	0.01081	0.01428	0.04766	0.63712	0.07410	0.01621	0.00690	0.00219	0.00336	0.12524	0.00500	0.00447
9	0.01066	0.01018	0.01518	0.11702	0.01651	0.01313	0.05706	0.01247	0.00966	0.01414	0.10187	0.01772	0.01355	0.06842	0.04072	0.00258	0.46491	0.00568	0.00289	0.00564
10	0.02284	0.10710	0.01619	0.47793	0.06718	0.01231	0.01227	0.02862	0.06083	0.01472	0.01102	0.04031	0.00909	0.00678	0.00629	0.06489	0.00624	0.00494	0.02435	0.00609
11	0.01060	0.02661	0.74275	0.01495	0.02251	0.01216	0.01914	0.01661	0.01119	0.01676	0.00988	0.01185	0.00715	0.00695	0.04641	0.00206	0.00827	0.00406	0.00230	0.00777
12	0.82159	0.01035	0.00816	0.03317	0.01126	0.01204	0.00611	0.01571	0.00919	0.02374	0.00754	0.00890	0.00586	0.00500	0.00339	0.00167	0.00425	0.00297	0.00329	0.00582
13	0.01084	0.01046	0.01428	0.01261	0.01273	0.02433	0.01024	0.01196	0.00856	0.01286	0.01064	0.11006	0.01144	0.05381	0.05070	0.00274	0.61731	0.00617	0.00275	0.00551
14	0.01097	0.04783	0.72744	0.01576	0.04273	0.01273	0.03553	0.01697	0.01137	0.01690	0.00961	0.01138	0.00688	0.00507	0.00509	0.00169	0.00786	0.00401	0.00229	0.00791
15	0.00733	0.00544	0.00703	0.00737	0.00844	0.00485	0.00517	0.00879	0.01146	0.01589	0.19130	0.54201	0.03549	0.01397	0.00639	0.00190	0.00309	0.01257	0.00497	0.10653
16	0.01980	0.02347	0.01520	0.01349	0.01648	0.64652	0.01026	0.12489	0.05086	0.01645	0.00955	0.01060	0.00765	0.00574	0.00494	0.00143	0.00891	0.00377	0.00325	0.00673
17	0.01162	0.01043	0.01576	0.01202	0.03034	0.00919	0.18104	0.01490	0.04611	0.04880	0.01623	0.01760	0.10182	0.00581	0.00562	0.00133	0.04351	0.00523	0.00349	0.41915
18	0.00802	0.00589	0.00687	0.00663	0.00685	0.00625	0.00421	0.00831	0.00839	0.01116	0.02047	0.03478	0.11011	0.63374	0.02380	0.00450	0.08504	0.00792	0.00337	0.00367
19	0.00980	0.00655	0.00826	0.00751	0.00926	0.00633	0.00574	0.01382	0.10667	0.09073	0.61501	0.03567	0.04309	0.01013	0.00614	0.00170	0.00293	0.00887	0.00592	0.00585
20	0.00758	0.00511	0.00592	0.00614	0.00619	0.00506	0.00356	0.00775	0.00824	0.01099	0.01915	0.17122	0.02233	0.67142	0.02372	0.00467	0.00484	0.00912	0.00356	0.00345
21	0.01325	0.01106	0.01183	0.01065	0.01349	0.01260	0.00825	0.10142	0.59947	0.02257	0.02186	0.11499	0.01796	0.00835	0.00562	0.00184	0.00428	0.00706	0.00539	0.00806
22	0.01536	0.01191	0.01281	0.01089	0.01421	0.01332	0.00864	0.22699	0.46874	0.06463	0.05460	0.01986	0.03887	0.00738	0.00550	0.00175	0.00459	0.00602	0.00550	0.00843
23	0.00795	0.00558	0.00657	0.00654	0.00790	0.00502	0.00481	0.00946	0.01226	0.05606	0.20626	0.12583	0.33508	0.12388	0.00933	0.00233	0.00332	0.06204	0.00504	0.00473
24	0.00664	0.00474	0.00634	0.00758	0.00794	0.00444	0.00515	0.00764	0.01037	0.01381	0.02953	0.77386	0.03529	0.01673	0.00688	0.00219	0.00320	0.04830	0.00498	0.00439
25	0.01341	0.11015	0.02256	0.03006	0.68505	0.01378	0.01559	0.01643	0.01206	0.01694	0.00978	0.01272	0.00831	0.00476	0.00509	0.00154	0.00630	0.00455	0.00261	0.00831
26	0.00910	0.00539	0.00726	0.00764	0.00858	0.00498	0.00543	0.01025	0.01152	0.10801	0.14864	0.50924	0.03329	0.01470	0.00761	0.06171	0.00336	0.03322	0.00515	0.00493
27	0.00852	0.00541	0.00648	0.00671	0.00754	0.00514	0.00455	0.02430	0.01080	0.05469	0.06823	0.33348	0.10543	0.21930	0.01157	0.00274	0.00364	0.01064	0.10625	0.00455
28	0.00926	0.00680	0.00834	0.00756	0.00922	0.00669	0.00577	0.10163	0.03906	0.02263	0.61861	0.06237	0.05993	0.01057	0.00621	0.00170	0.00302	0.00923	0.00578	0.00563
29	0.03801	0.05523	0.01509	0.10688	0.01764	0.06120	0.00988	0.38811	0.01911	0.13713	0.03173	0.01704	0.04066	0.00681	0.00532	0.00164	0.00581	0.02993	0.00481	0.00796
30	0.00955	0.00689	0.00908	0.00937	0.01119	0.00662	0.00792	0.02629	0.04005	0.03698	0.07739	0.09131	0.02834	0.01271	0.00673	0.00214	0.00454	0.50085	0.00487	0.10718
31	0.08869	0.33279	0.30889	0.01161	0.01731	0.01534	0.02765	0.01764	0.01149	0.10879	0.01001	0.01094	0.00756	0.00507	0.00435	0.00148	0.00635	0.00366	0.00291	0.00747
32	0.11396	0.00945	0.05716	0.05012	0.08973	0.00874	0.02768	0.06210	0.02898	0.11243	0.01669	0.20883	0.01585	0.01003	0.00737	0.10817	0.00475	0.00722	0.05463	0.00610
33	0.04369	0.02898	0.01077	0.00850	0.01183	0.00742	0.00670	0.01738	0.03070	0.30888	0.03716	0.19775	0.01745	0.00824	0.00524	0.00153	0.00403	0.00701	0.00502	0.24172
34	0.17977	0.09368	0.40500	0.01339	0.03862	0.10743	0.03588	0.01694	0.01128	0.01737	0.00888	0.01064	0.00677	0.00541	0.00502	0.02350	0.00710	0.00370	0.00257	0.00706
35	0.00789	0.02647	0.00789	0.00798	0.00875	0.00609	0.00586	0.00934	0.04377	0.01408	0.05258	0.43455	0.10377	0.01518	0.00898	0.10436	0.04557	0.08784	0.00450	0.00454

[dist]
# distance from previous block
# <min> <max>
0	6

[block]
# block no. 4 follows, 45 sequences, length 43
# corresponding to MSA columns:
# 246-288
name=unknown_E
#
# <colnr> <probs for GDERKNQSTAVLIFYWHMCP>
#	G	D	E	R	K	N	Q	S	T	A	V	L	I	F	Y	W	H	M	C	P
0	0.40414	0.00935	0.00914	0.00778	0.01088	0.00998	0.00631	0.07690	0.02658	0.18397	0.08166	0.01563	0.01297	0.00620	0.00429	0.00161	0.00401	0.00454	0.11740	0.00665
1	0.06513	0.00827	0.01072	0.11038	0.07367	0.03692	0.00787	0.05666	0.01004	0.01453	0.01010	0.01480	0.00891	0.01217	0.02853	0.37754	0.03758	0.00451	0.06473	0.04694
2	0.07106	0.01237	0.07293	0.03807	0.01410	0.07712	0.02556	0.14431	0.08649	0.05507	0.01405	0.01590	0.02981	0.00946	0.05354	0.07428	0.04756	0.00487	0.12216	0.03130
3	0.00710	0.00533	0.00651	0.00648	0.00769	0.00481	0.00472	0.00896	0.01334	0.01797	0.43333	0.16541	0.24324	0.04210	0.00719	0.00193	0.00277	0.01096	0.00541	0.00474
4	0.01161	0.01152	0.01607	0.01381	0.01381	0.01605	0.01145	0.01274	0.00821	0.01283	0.00739	0.01256	0.00748	0.03734	0.01795	0.00245	0.77378	0.00481	0.00238	0.00578
5	0.09407	0.00985	0.01239	0.00956	0.01368	0.00910	0.00789	0.09898	0.01567	0.61328	0.01874	0.01665	0.01203	0.00638	0.00517	0.00162	0.00465	0.00505	0.00610	0.03913
6	0.03118	0.00739	0.00908	0.00766	0.00990	0.00736	0.06468	0.09238	0.01262	0.02063	0.01540	0.01809	0.01221	0.02315	0.03719	0.00169	0.00410	0.00496	0.53959	0.08075
7	0.00968	0.00606	0.00717	0.00655	0.00857	0.00526	0.00503	0.01155	0.01372	0.14342	0.28589	0.04235	0.41142	0.01159	0.00618	0.00175	0.00296	0.00982	0.00556	0.00547
8	0.00854	0.00584	0.00758	0.00739	0.00833	0.00639	0.00560	0.01037	0.01050	0.01594	0.14246	0.06289	0.04846	0.06570	0.26252	0.02598	0.06726	0.00688	0.22658	0.00479
9	0.01320	0.01257	0.02086	0.05311	0.69608	0.01278	0.01580	0.01735	0.07213	0.01782	0.01101	0.01385	0.00909	0.00500	0.00533	0.00162	0.00623	0.00488	0.00287	0.00843
10	0.00798	0.00506	0.00677	0.00761	0.00827	0.00467	0.00522	0.00908	0.01091	0.07496	0.06304	0.71009	0.03443	0.01574	0.00671	0.00212	0.00320	0.01422	0.00516	0.00477
11	0.82423	0.01034	0.00803	0.00713	0.01048	0.01192	0.00588	0.01609	0.00932	0.04707	0.00789	0.00901	0.00604	0.00503	0.00338	0.00166	0.00416	0.00298	0.00342	0.00591
12	0.01058	0.00996	0.01397	0.01217	0.01241	0.01327	0.02466	0.01171	0.00835	0.01257	0.01031	0.01730	0.02214	0.14360	0.10567	0.00350	0.55444	0.00546	0.00261	0.00533
13	0.07978	0.41966	0.14921	0.01057	0.01496	0.01656	0.02800	0.03110	0.04566	0.01612	0.08182	0.01301	0.01147	0.00578	0.00508	0.00146	0.05586	0.00409	0.00294	0.00687
14	0.01819	0.01408	0.01557	0.08409	0.03587	0.04654	0.01050	0.54372	0.03628	0.04660	0.01377	0.03428	0.02624	0.00684	0.00595	0.00167	0.04145	0.00521	0.00481	0.00833
15	0.01912	0.15418	0.01732	0.01307	0.01614	0.66453	0.01018	0.02056	0.01451	0.01305	0.00816	0.00951	0.00691	0.00538	0.00461	0.00134	0.00904	0.00336	0.00269	0.00633
16	0.02041	0.00961	0.02783	0.00939	0.01330	0.00833	0.00773	0.05294	0.05321	0.55217	0.01903	0.01856	0.01306	0.07016	0.00698	0.00185	0.00466	0.00533	0.00579	0.09966
17	0.00798	0.00560	0.00693	0.06898	0.00868	0.00588	0.00451	0.00844	0.00812	0.01087	0.01609	0.03213	0.01795	0.67370	0.09851	0.00526	0.00624	0.00737	0.00315	0.00361
18	0.00745	0.00548	0.00697	0.00660	0.00793	0.00500	0.00495	0.00984	0.01485	0.02070	0.69021	0.04146	0.13599	0.01128	0.00633	0.00170	0.00255	0.00990	0.00580	0.00500
19	0.73945	0.01065	0.00873	0.00760	0.01102	0.01218	0.00625	0.06524	0.02695	0.05903	0.00876	0.00967	0.00660	0.00520	0.00360	0.00166	0.00429	0.00321	0.00365	0.00624
20	0.01640	0.01185	0.01297	0.01099	0.01445	0.01315	0.00874	0.17147	0.50603	0.14224	0.01999	0.01836	0.01448	0.00702	0.00543	0.00175	0.00462	0.00572	0.00563	0.00872
21	0.05967	0.00991	0.01258	0.00974	0.01376	0.00924	0.00802	0.13269	0.01653	0.60733	0.04988	0.01794	0.01386	0.00672	0.00534	0.00165	0.00466	0.00538	0.00628	0.00882
22	0.00656	0.00469	0.00625	0.00746	0.00779	0.00438	0.00498	0.00753	0.01039	0.01388	0.04650	0.79043	0.03585	0.01668	0.00684	0.00217	0.00310	0.01513	0.00500	0.00438
23	0.00653	0.00536	0.00576	0.00585	0.00741	0.00458	0.00431	0.00799	0.01239	0.01533	0.14558	0.13817	0.59487	0.01363	0.00640	0.00184	0.00274	0.01157	0.00511	0.00458
24	0.03923	0.57686	0.07345	0.01030	0.01487	0.08580	0.01000	0.10640	0.01298	0.01584	0.00833	0.00940	0.00712	0.00494	0.00390	0.00127	0.00619	0.00323	0.00274	0.00714
25	0.05118	0.00922	0.01185	0.00957	0.01321	0.00861	0.00787	0.06643	0.06631	0.55080	0.06792	0.02244	0.01671	0.00753	0.00554	0.00173	0.00451	0.06398	0.00619	0.00838
26	0.00767	0.00573	0.00853	0.00853	0.00946	0.00666	0.00659	0.00952	0.00860	0.01239	0.01447	0.02158	0.01363	0.06712	0.76350	0.00851	0.01406	0.00582	0.00289	0.00474
27	0.01961	0.01360	0.01494	0.01159	0.01560	0.01476	0.00952	0.60930	0.03981	0.10911	0.07438	0.01575	0.01301	0.00684	0.00545	0.00163	0.00547	0.00530	0.00554	0.00879
28	0.00874	0.00628	0.00862	0.00947	0.06966	0.00600	0.00643	0.02814	0.01354	0.04671	0.40216	0.21842	0.05470	0.01307	0.03808	0.00212	0.00375	0.05348	0.00525	0.00539
29	0.09473	0.00751	0.00706	0.00649	0.00832	0.03592	0.00499	0.10394	0.01278	0.02147	0.01577	0.02957	0.01264	0.03006	0.00469	0.00147	0.00343	0.00495	0.58864	0.00557
30	0.78080	0.01061	0.00847	0.00742	0.01082	0.01219	0.00612	0.05796	0.01021	0.04464	0.00814	0.00921	0.00620	0.00511	0.00349	0.00166	0.00426	0.00308	0.00352	0.00609
31	0.01256	0.02883	0.01092	0.01833	0.01160	0.07410	0.02614	0.15899	0.01390	0.06677	0.04310	0.25588	0.01991	0.08642	0.04781	0.00245	0.02948	0.00837	0.07848	0.00595
32	0.00812	0.00565	0.00738	0.00704	0.00841	0.00522	0.00540	0.01059	0.01487	0.04328	0.66710	0.04150	0.07459	0.01125	0.00639	0.00175	0.00279	0.06769	0.00582	0.00516
33	0.07604	0.39624	0.06567	0.06592	0.01645	0.12350	0.01025	0.10718	0.01325	0.04975	0.00909	0.01033	0.00738	0.00525	0.00449	0.00140	0.02420	0.00354	0.00300	0.00706
34	0.03168	0.24877	0.05560	0.00909	0.01211	0.04847	0.00801	0.10632	0.01318	0.04888	0.10258	0.02232	0.04967	0.12775	0.00842	0.00207	0.01991	0.04162	0.03735	0.00621
35	0.02346	0.00978	0.01282	0.00986	0.01400	0.00890	0.00814	0.09965	0.03439	0.68857	0.02036	0.01777	0.01295	0.00664	0.00540	0.00166	0.00469	0.00536	0.00649	0.00912
36	0.01062	0.01088	0.05135	0.64734	0.10009	0.01212	0.04519	0.01458	0.02833	0.01454	0.00993	0.01423	0.00751	0.00531	0.00539	0.00177	0.00713	0.00483	0.00249	0.00638
37	0.01319	0.16042	0.18528	0.06416	0.08458	0.01349	0.11945	0.05683	0.03960	0.06791	0.01165	0.03969	0.00940	0.00634	0.00627	0.03570	0.04195	0.00492	0.03196	0.00720
38	0.00788	0.00554	0.00723	0.00681	0.00812	0.00509	0.00510	0.01034	0.01501	0.03673	0.72658	0.06014	0.06292	0.01109	0.00633	0.00170	0.00259	0.00980	0.00588	0.00512
39	0.00781	0.00520	0.00585	0.00585	0.00585	0.00520	0.00325	0.00781	0.00781	0.01041	0.01691	0.03513	0.01952	0.81135	0.02732	0.00520	0.00520	0.00781	0.00325	0.00325
40	0.03076	0.59542	0.11858	0.01096	0.03757	0.08233	0.01068	0.01648	0.01126	0.01357	0.00803	0.00946	0.00706	0.00556	0.02184	0.00143	0.00652	0.00318	0.00238	0.00694
41	0.67932	0.02928	0.05113	0.00815	0.01183	0.02982	0.00711	0.06395	0.01072	0.05602	0.00854	0.00955	0.00644	0.00516	0.00367	0.00164	0.00464	0.00320	0.00350	0.00631
42	0.00669	0.00563	0.00584	0.00587	0.00759	0.00489	0.00437	0.00862	0.04277	0.01502	0.07772	0.10992	0.65949	0.01350	0.00635	0.00184	0.00281	0.01137	0.00504	0.00470

[dist]
# distance from previous block
# <min> <max>
0	1

[block]
# block no. 5 follows, 45 sequences, length 335
# corresponding to MSA columns:
# 290-624
name=unknown_F
#
# <colnr> <probs for GDERKNQSTAVLIFYWHMCP>
#	G	D	E	R	K	N	Q	S	T	A	V	L	I	F	Y	W	H	M	C	P
0	0.09381	0.07736	0.11539	0.04422	0.01198	0.00911	0.00786	0.01351	0.01075	0.05098	0.01692	0.01960	0.08049	0.04624	0.04634	0.01840	0.04248	0.00521	0.28365	0.00572
1	0.01300	0.01246	0.02127	0.10279	0.71027	0.01268	0.01633	0.01622	0.01209	0.01719	0.01005	0.01338	0.00838	0.00484	0.00532	0.00161	0.00645	0.00478	0.00263	0.00827
2	0.01435	0.81458	0.02813	0.00918	0.01378	0.02124	0.00918	0.01607	0.01091	0.01263	0.00746	0.00861	0.00689	0.00459	0.00344	0.00115	0.00574	0.00287	0.00230	0.00689
3	0.02415	0.00711	0.00837	0.00857	0.01029	0.04066	0.00710	0.01213	0.01311	0.08469	0.14789	0.04862	0.18617	0.01267	0.00666	0.00208	0.00427	0.36501	0.00513	0.00532
4	0.00867	0.00635	0.00786	0.00717	0.00875	0.00608	0.00546	0.07837	0.01589	0.02213	0.65273	0.03846	0.09995	0.01075	0.00624	0.00169	0.00285	0.00938	0.00579	0.00540
5	0.01684	0.01113	0.01251	0.01022	0.01355	0.01188	0.00822	0.30917	0.18501	0.15656	0.13226	0.01999	0.01805	0.00734	0.00543	0.00165	0.00457	0.00595	0.06157	0.00810
6	0.00919	0.00471	0.00689	0.00689	0.00689	0.00471	0.00453	0.00707	0.00707	0.00942	0.01002	0.01803	0.01025	0.09097	0.02156	0.76731	0.00471	0.00495	0.00242	0.00242
7	0.01558	0.01300	0.01287	0.01123	0.01447	0.08411	0.00880	0.10660	0.55922	0.08344	0.01959	0.01817	0.01449	0.00698	0.00539	0.00175	0.00495	0.00564	0.00530	0.00841
8	0.65153	0.00967	0.00837	0.00733	0.01052	0.01073	0.00598	0.01642	0.01059	0.11726	0.09664	0.01347	0.01185	0.00587	0.00392	0.00166	0.00402	0.00399	0.00403	0.00614
9	0.00826	0.00605	0.00810	0.00913	0.01046	0.00590	0.00787	0.01054	0.01234	0.01580	0.03284	0.05904	0.15779	0.01462	0.00723	0.00236	0.00456	0.61729	0.00495	0.00487
10	0.02419	0.00557	0.00675	0.00651	0.00794	0.00508	0.00491	0.00957	0.01411	0.01941	0.53340	0.06050	0.23978	0.01178	0.00631	0.00175	0.00269	0.02926	0.00557	0.00492
11	0.13382	0.01220	0.01330	0.01062	0.01453	0.01309	0.00868	0.33260	0.15126	0.23068	0.01594	0.01501	0.01107	0.00644	0.00511	0.00167	0.00502	0.00494	0.00545	0.00856
12	0.08771	0.00600	0.00601	0.00566	0.00735	0.00612	0.00436	0.03263	0.01167	0.06743	0.01670	0.01869	0.01289	0.00617	0.00386	0.00132	0.00287	0.00483	0.69231	0.00544
13	0.00774	0.00571	0.00840	0.00840	0.00933	0.00659	0.00647	0.00959	0.00867	0.01259	0.01458	0.02167	0.01369	0.07286	0.73407	0.00826	0.01363	0.00582	0.02719	0.00473
14	0.02099	0.00975	0.01240	0.00969	0.01345	0.00917	0.00793	0.16565	0.01725	0.52740	0.12837	0.02038	0.01788	0.00723	0.00553	0.00166	0.00453	0.00591	0.00629	0.00855
15	0.01120	0.07010	0.67208	0.01657	0.09156	0.01298	0.01894	0.01690	0.01139	0.01681	0.00955	0.01136	0.00696	0.00504	0.00503	0.00166	0.00767	0.00398	0.00230	0.00793
16	0.02010	0.02425	0.01533	0.01364	0.01660	0.69207	0.01035	0.11479	0.01648	0.01575	0.00888	0.01009	0.00719	0.00565	0.00491	0.00141	0.00920	0.00363	0.00309	0.00659
17	0.31401	0.35615	0.06690	0.00977	0.03184	0.03508	0.00891	0.03079	0.01052	0.01759	0.00802	0.00962	0.00681	0.00627	0.03115	0.00170	0.04235	0.00324	0.00277	0.00652
18	0.02596	0.08042	0.01021	0.02322	0.06764	0.00849	0.00638	0.03761	0.01062	0.01639	0.01510	0.02065	0.02758	0.14114	0.11266	0.02056	0.04117	0.00540	0.32352	0.00528
19	0.03979	0.00727	0.00824	0.00725	0.00876	0.02027	0.00499	0.04372	0.00978	0.05129	0.01442	0.04335	0.01492	0.41673	0.03360	0.08029	0.01844	0.00621	0.00343	0.16727
20	0.02704	0.09456	0.53395	0.05022	0.06283	0.01331	0.04452	0.03526	0.01151	0.01680	0.00962	0.01175	0.00722	0.00627	0.02971	0.00188	0.02940	0.00411	0.00243	0.00759
21	0.06552	0.22668	0.37160	0.01458	0.08799	0.08662	0.01468	0.04520	0.01205	0.01665	0.00898	0.01056	0.00702	0.00502	0.00457	0.00151	0.00708	0.00368	0.00254	0.00747
22	0.02272	0.01036	0.01310	0.01015	0.01425	0.00983	0.00835	0.15971	0.06575	0.59666	0.01971	0.01741	0.01273	0.00665	0.00540	0.00166	0.00479	0.00534	0.00634	0.00909
23	0.00688	0.00492	0.00622	0.00704	0.00749	0.00462	0.00470	0.00781	0.01031	0.01366	0.07176	0.53775	0.09153	0.16523	0.01064	0.00270	0.00349	0.03429	0.00471	0.00422
24	0.10671	0.03479	0.22371	0.06923	0.07367	0.08416	0.13951	0.02905	0.02557	0.01723	0.01131	0.06434	0.00954	0.00630	0.00581	0.02084	0.02624	0.00516	0.04003	0.00679
25	0.00801	0.00538	0.00668	0.00714	0.00804	0.00508	0.00500	0.02274	0.02625	0.04250	0.13437	0.47652	0.09613	0.05127	0.00733	0.00211	0.00317	0.01223	0.07526	0.00481
26	0.00766	0.00514	0.00590	0.00604	0.00608	0.00511	0.00345	0.00777	0.00809	0.01079	0.01837	0.12396	0.02135	0.72001	0.02497	0.00486	0.00496	0.00866	0.00345	0.00338
27	0.01796	0.01353	0.01448	0.03069	0.01561	0.04748	0.00952	0.55470	0.02130	0.04235	0.01346	0.03476	0.01035	0.00979	0.07714	0.00226	0.02233	0.00515	0.04901	0.00813
28	0.01183	0.01455	0.13346	0.17459	0.14712	0.01252	0.33091	0.01602	0.01187	0.01662	0.01062	0.01407	0.00812	0.00500	0.00585	0.00173	0.02174	0.00533	0.05090	0.00714
29	0.00865	0.00618	0.00865	0.00989	0.01112	0.00618	0.00865	0.01112	0.01236	0.01606	0.02842	0.06055	0.03089	0.01483	0.00741	0.00247	0.00494	0.74174	0.00494	0.00494
30	0.07825	0.01000	0.01661	0.56083	0.03117	0.01174	0.10165	0.01452	0.03235	0.01539	0.01130	0.01753	0.00921	0.00600	0.00547	0.00183	0.00689	0.06040	0.00278	0.00610
31	0.00939	0.00833	0.03883	0.04704	0.08117	0.00764	0.07696	0.01241	0.03824	0.03295	0.11188	0.12202	0.13134	0.01140	0.00651	0.00202	0.00484	0.24681	0.00450	0.00572
32	0.01510	0.03830	0.05826	0.00907	0.01218	0.03559	0.00774	0.06754	0.03007	0.28663	0.21526	0.06425	0.09434	0.00895	0.00575	0.00171	0.00433	0.03240	0.00550	0.00703
33	0.77313	0.01020	0.00834	0.04145	0.01156	0.01177	0.00624	0.01581	0.00950	0.04202	0.02580	0.00993	0.00710	0.00518	0.00353	0.00167	0.00426	0.00321	0.00342	0.00588
34	0.00907	0.00595	0.00719	0.00717	0.00782	0.00603	0.00481	0.07014	0.01025	0.02871	0.01943	0.22886	0.02146	0.36352	0.05920	0.07437	0.00504	0.02546	0.04126	0.00426
35	0.01244	0.04715	0.01761	0.08888	0.42852	0.06052	0.01322	0.01524	0.01235	0.02924	0.03214	0.02315	0.04465	0.00709	0.00560	0.00172	0.00607	0.12936	0.00326	0.02178
36	0.01132	0.00957	0.01110	0.00807	0.01265	0.00745	0.00644	0.04633	0.01176	0.01805	0.01125	0.03077	0.02734	0.00462	0.00416	0.00089	0.00401	0.00373	0.00336	0.76711
37	0.02005	0.02558	0.01521	0.01383	0.01659	0.78980	0.01037	0.02143	0.01521	0.01314	0.00830	0.00968	0.00691	0.00553	0.00484	0.00138	0.00968	0.00346	0.00277	0.00622
38	0.01752	0.02101	0.01512	0.01452	0.08526	0.54951	0.01025	0.01924	0.01395	0.01432	0.00864	0.01035	0.00725	0.00532	0.00518	0.00133	0.03651	0.00357	0.00282	0.15833
39	0.00759	0.00539	0.00662	0.00662	0.00712	0.00557	0.00437	0.00832	0.00858	0.01150	0.02064	0.03296	0.10806	0.48841	0.24998	0.00581	0.00762	0.00762	0.00335	0.00386
40	0.01490	0.01106	0.01208	0.01047	0.01364	0.01224	0.00825	0.10591	0.52339	0.11949	0.05740	0.02137	0.05047	0.00756	0.00552	0.00177	0.00432	0.00625	0.00560	0.00831
41	0.00726	0.00506	0.00593	0.00633	0.00661	0.00487	0.00389	0.00769	0.00904	0.01187	0.02468	0.28495	0.09921	0.47749	0.01868	0.00390	0.00429	0.01055	0.00398	0.00373
42	0.01730	0.05535	0.01303	0.01013	0.01351	0.01135	0.00815	0.13026	0.27095	0.28140	0.04205	0.09022	0.01649	0.00777	0.00547	0.00173	0.00453	0.00643	0.00564	0.00824
43	0.17261	0.01315	0.01361	0.01083	0.01465	0.01458	0.00888	0.50739	0.06252	0.05575	0.01318	0.01431	0.00983	0.02359	0.00547	0.00172	0.00533	0.01948	0.02495	0.00817
44	0.03216	0.00630	0.00791	0.00735	0.00914	0.00581	0.00565	0.02701	0.01418	0.13699	0.40758	0.12350	0.13857	0.01125	0.00620	0.00179	0.00316	0.04415	0.00567	0.00564
45	0.00670	0.00484	0.00623	0.00726	0.00773	0.00451	0.00492	0.00767	0.01036	0.01363	0.03092	0.64968	0.10329	0.07474	0.00833	0.00238	0.00331	0.04430	0.00485	0.00432
46	0.01323	0.08576	0.02210	0.06727	0.67283	0.01349	0.01573	0.01631	0.01203	0.01691	0.00983	0.01291	0.00829	0.00479	0.00515	0.00156	0.00636	0.00461	0.00261	0.00823
47	0.09850	0.00972	0.01224	0.00951	0.01351	0.00904	0.00784	0.09707	0.01576	0.61514	0.04252	0.01755	0.01336	0.00661	0.00523	0.00166	0.00460	0.00525	0.00619	0.00871
48	0.01535	0.00820	0.00914	0.00766	0.01022	0.00832	0.00611	0.18956	0.01537	0.18125	0.01719	0.01799	0.01258	0.00638	0.00447	0.00142	0.00372	0.00505	0.47320	0.00682
49	0.00814	0.00552	0.00693	0.00703	0.00817	0.00512	0.00506	0.00990	0.03875	0.05229	0.25753	0.28864	0.18262	0.01376	0.00777	0.07871	0.00311	0.01105	0.00512	0.00479
50	0.49237	0.01033	0.00926	0.00800	0.01117	0.01162	0.00649	0.12594	0.08133	0.05835	0.01165	0.01244	0.00876	0.00567	0.00397	0.00161	0.00420	0.00389	0.12639	0.00657
51	0.00702	0.00516	0.00675	0.00759	0.00833	0.00467	0.00521	0.00813	0.01042	0.01412	0.02772	0.71350	0.03286	0.01559	0.00661	0.00206	0.00325	0.03521	0.00482	0.08100
52	0.12593	0.07029	0.30697	0.01318	0.04892	0.01268	0.05310	0.13545	0.01322	0.03523	0.01094	0.03679	0.00864	0.00683	0.02661	0.01937	0.00655	0.00448	0.02008	0.04472
53	0.04272	0.07525	0.01447	0.01033	0.01436	0.03153	0.00859	0.21782	0.06744	0.41686	0.03424	0.01623	0.01237	0.00650	0.00519	0.00161	0.00507	0.00508	0.00568	0.00866
54	0.00780	0.00539	0.00647	0.00665	0.00751	0.00504	0.00451	0.00912	0.02423	0.04239	0.16151	0.27373	0.17023	0.23653	0.01230	0.00284	0.00359	0.01095	0.00473	0.00445
55	0.03475	0.23402	0.10032	0.04618	0.05749	0.08507	0.01029	0.03098	0.03405	0.13854	0.09176	0.02877	0.01355	0.00637	0.00538	0.00154	0.04346	0.00483	0.02558	0.00708
56	0.00853	0.00579	0.01881	0.00746	0.00846	0.00533	0.00545	0.00980	0.01160	0.06604	0.24370	0.32026	0.06732	0.06102	0.04230	0.07922	0.01869	0.01065	0.00484	0.00474
57	0.68283	0.01013	0.00881	0.00756	0.01105	0.01120	0.00623	0.01787	0.01039	0.17687	0.01024	0.01065	0.00732	0.00532	0.00374	0.00166	0.00424	0.00341	0.00399	0.00648
58	0.01311	0.01257	0.02147	0.07603	0.73617	0.01271	0.01639	0.01632	0.01214	0.01732	0.01007	0.01334	0.00843	0.00482	0.00532	0.00161	0.00642	0.00478	0.00264	0.00836
59	0.22902	0.01263	0.01292	0.01042	0.01422	0.01400	0.00852	0.38639	0.12629	0.09771	0.01364	0.01348	0.00979	0.00621	0.00484	0.00165	0.00504	0.00458	0.02053	0.00812
60	0.00745	0.00548	0.00653	0.00633	0.00772	0.00490	0.00465	0.00930	0.01339	0.03410	0.40976	0.08937	0.30576	0.06220	0.00766	0.00198	0.00284	0.01041	0.00537	0.00481
61	0.01174	0.01174	0.01644	0.01409	0.01409	0.01644	0.01174	0.01292	0.00822	0.01292	0.00705	0.01174	0.00705	0.00940	0.01762	0.00235	0.80153	0.00470	0.00235	0.00587
62	0.58988	0.01005	0.00923	0.00780	0.01131	0.01090	0.00642	0.03872	0.01125	0.22202	0.01145	0.01161	0.00806	0.00549	0.00393	0.00165	0.00427	0.00366	0.02553	0.00675
63	0.01043	0.00677	0.00949	0.05705	0.01124	0.00684	0.10182	0.03180	0.01153	0.01891	0.01620	0.03237	0.01321	0.05644	0.00575	0.00163	0.00390	0.00550	0.59380	0.00534
64	0.01625	0.00897	0.01070	0.00876	0.01178	0.00878	0.00703	0.18368	0.03862	0.27900	0.17829	0.02557	0.10676	0.00826	0.00554	0.00164	0.00404	0.00682	0.08212	0.00738
65	0.00689	0.00509	0.00649	0.00726	0.00808	0.00469	0.00523	0.00831	0.01161	0.01531	0.14957	0.47665	0.16721	0.01513	0.00674	0.00207	0.00315	0.09083	0.00512	0.00456
66	0.01390	0.01392	0.02119	0.03120	0.70841	0.08365	0.01592	0.01693	0.01250	0.01714	0.00993	0.01296	0.00836	0.00485	0.00527	0.00157	0.00668	0.00466	0.00267	0.00829
67	0.01566	0.01121	0.01236	0.01070	0.01396	0.01240	0.00850	0.10936	0.51946	0.14735	0.02087	0.02036	0.01552	0.00733	0.00547	0.00178	0.00447	0.03167	0.02307	0.00847
68	0.10931	0.00931	0.01108	0.18674	0.01651	0.06368	0.03470	0.04096	0.01139	0.01741	0.01478	0.13196	0.01368	0.00785	0.00593	0.00172	0.06641	0.02899	0.22198	0.00560
69	0.00849	0.00688	0.00877	0.00875	0.00974	0.05131	0.00672	0.01030	0.00929	0.01303	0.01542	0.09195	0.01494	0.03361	0.61393	0.00709	0.03034	0.00642	0.04817	0.00487
70	0.02541	0.18267	0.53326	0.01299	0.01944	0.01340	0.01583	0.01603	0.01164	0.01674	0.09365	0.01392	0.01164	0.00564	0.00487	0.00159	0.00683	0.00436	0.00269	0.00737
71	0.02396	0.08237	0.01267	0.05769	0.04755	0.01082	0.00857	0.07762	0.17446	0.03660	0.03681	0.20042	0.03862	0.01074	0.02117	0.00204	0.04770	0.09925	0.00446	0.00647
72	0.01449	0.63683	0.12002	0.01041	0.01523	0.09873	0.01062	0.01674	0.01140	0.01322	0.00782	0.00906	0.00688	0.00475	0.00379	0.00124	0.00641	0.00307	0.00234	0.00695
73	0.00948	0.00878	0.03387	0.07054	0.01312	0.02755	0.00720	0.01153	0.01103	0.01559	0.04136	0.20437	0.09934	0.00995	0.03340	0.00172	0.03984	0.00741	0.00373	0.35020
74	0.00992	0.00828	0.01195	0.16413	0.01617	0.01017	0.00934	0.07385	0.01033	0.01450	0.01214	0.01797	0.01096	0.05245	0.41206	0.00551	0.14645	0.00537	0.00291	0.00552
75	0.00760	0.00549	0.00718	0.00675	0.00802	0.00506	0.00506	0.01013	0.01519	0.02153	0.77503	0.04010	0.05065	0.01097	0.00633	0.00169	0.00253	0.00971	0.00591	0.00506
76	0.63637	0.01041	0.00941	0.04862	0.01254	0.01176	0.00684	0.06789	0.01101	0.10925	0.00966	0.01066	0.00713	0.00611	0.02215	0.00183	0.00471	0.00348	0.00378	0.00640
77	0.25069	0.00805	0.00803	0.00737	0.00968	0.00852	0.00574	0.04018	0.11878	0.02128	0.26464	0.04304	0.17617	0.00920	0.00532	0.00173	0.00341	0.00749	0.00488	0.00579
