[name]
unknown

[dist]
# distance from previous block
# <min> <max>
8	182

[block]
# block no. 0 follows, 48 sequences, length 34
# corresponding to MSA columns:
# 214-247
name=unknown_A
#
# <colnr> <probs for GDERKNQSTAVLIFYWHMCP>
#	G	D	E	R	K	N	Q	S	T	A	V	L	I	F	Y	W	H	M	C	P
0	0.16203	0.03265	0.02785	0.07459	0.08005	0.04196	0.02481	0.17002	0.14049	0.07110	0.02416	0.01598	0.02921	0.00626	0.00513	0.00162	0.02581	0.03423	0.00402	0.02803
1	0.06251	0.01303	0.03540	0.08412	0.01711	0.08890	0.06812	0.23284	0.05612	0.14175	0.01316	0.02964	0.02179	0.00622	0.00593	0.00160	0.06754	0.00484	0.00411	0.04526
2	0.08318	0.04487	0.03938	0.06923	0.01701	0.32820	0.07242	0.08305	0.01370	0.10782	0.02584	0.02812	0.00893	0.00584	0.00547	0.00153	0.05118	0.00432	0.00336	0.00654
3	0.00665	0.00489	0.00673	0.05781	0.00936	0.00476	0.00551	0.00791	0.01039	0.01392	0.10078	0.65968	0.03346	0.01476	0.00643	0.00203	0.00324	0.04267	0.00469	0.00435
4	0.01228	0.01145	0.01489	0.04702	0.01435	0.05233	0.01067	0.06667	0.00973	0.04405	0.00836	0.01226	0.00758	0.01064	0.07567	0.00257	0.58635	0.00455	0.00267	0.00589
5	0.01064	0.00912	0.01064	0.00760	0.01216	0.00684	0.00608	0.01292	0.01064	0.01672	0.00912	0.01064	0.00760	0.00380	0.00380	0.00076	0.00380	0.00304	0.00304	0.85104
6	0.00652	0.00478	0.00613	0.00672	0.00745	0.00438	0.00469	0.00791	0.01141	0.01537	0.25162	0.50064	0.12527	0.01409	0.00635	0.00191	0.00277	0.01260	0.00502	0.00438
7	0.00636	0.00521	0.00560	0.00550	0.00711	0.00446	0.00413	0.00793	0.01238	0.01549	0.23006	0.04670	0.60649	0.01239	0.00606	0.00170	0.00256	0.01045	0.00498	0.00446
8	0.00627	0.00454	0.00593	0.00698	0.00741	0.00420	0.00470	0.00724	0.01011	0.01339	0.05346	0.73552	0.08998	0.01567	0.00650	0.00204	0.00293	0.01414	0.00479	0.00420
9	0.00680	0.00523	0.00622	0.00597	0.00738	0.00465	0.00448	0.00879	0.01343	0.01799	0.50269	0.04258	0.33230	0.01145	0.00606	0.00166	0.00249	0.00988	0.00531	0.00465
10	0.01064	0.00912	0.01064	0.00760	0.01216	0.00684	0.00608	0.01292	0.01064	0.01672	0.00912	0.01064	0.00760	0.00380	0.00380	0.00076	0.00380	0.00304	0.00304	0.85104
11	0.85592	0.00992	0.00754	0.00675	0.00992	0.01151	0.00556	0.01508	0.00873	0.02302	0.00714	0.00834	0.00556	0.00476	0.00318	0.00159	0.00397	0.00278	0.00318	0.00556
12	0.01984	0.01542	0.01375	0.01130	0.01482	0.24932	0.00899	0.25277	0.08760	0.25274	0.01416	0.01356	0.00992	0.00603	0.00500	0.00151	0.00621	0.00449	0.00476	0.00783
13	0.85592	0.00992	0.00754	0.00675	0.00992	0.01151	0.00556	0.01508	0.00873	0.02302	0.00714	0.00834	0.00556	0.00476	0.00318	0.00159	0.00397	0.00278	0.00318	0.00556
14	0.85592	0.00992	0.00754	0.00675	0.00992	0.01151	0.00556	0.01508	0.00873	0.02302	0.00714	0.00834	0.00556	0.00476	0.00318	0.00159	0.00397	0.00278	0.00318	0.00556
15	0.01917	0.02445	0.01454	0.01322	0.01586	0.79907	0.00991	0.02049	0.01454	0.01256	0.00793	0.00925	0.00661	0.00529	0.00463	0.00132	0.00925	0.00330	0.00264	0.00595
16	0.01186	0.01348	0.02924	0.02095	0.02599	0.01262	0.73738	0.01606	0.01209	0.01633	0.01210	0.01531	0.03996	0.00468	0.00606	0.00173	0.00840	0.00625	0.00268	0.00681
17	0.00631	0.00449	0.00594	0.00707	0.00735	0.00421	0.00468	0.00716	0.00971	0.01294	0.02769	0.77785	0.03319	0.05558	0.00751	0.00223	0.00308	0.01424	0.00468	0.00412
18	0.01029	0.02654	0.79309	0.01462	0.02221	0.01192	0.01896	0.01625	0.01083	0.01625	0.00921	0.01083	0.00650	0.00487	0.00487	0.00162	0.00758	0.00379	0.00217	0.00758
19	0.08708	0.00860	0.01124	0.00877	0.01249	0.00767	0.00721	0.02323	0.01421	0.68066	0.06936	0.01812	0.01448	0.00650	0.00506	0.00159	0.00421	0.00524	0.00606	0.00823
20	0.01019	0.00963	0.01630	0.67764	0.16110	0.01153	0.01450	0.01355	0.01050	0.01372	0.00921	0.01352	0.00706	0.00504	0.00512	0.00168	0.00672	0.00456	0.00232	0.00611
21	0.00630	0.00449	0.00594	0.00708	0.00737	0.00420	0.00470	0.00716	0.00973	0.01297	0.02780	0.78534	0.03333	0.04788	0.00732	0.00220	0.00306	0.01430	0.00470	0.00413
22	0.05120	0.07891	0.01293	0.01027	0.01335	0.03276	0.00818	0.05857	0.62775	0.02102	0.01843	0.01721	0.01392	0.00657	0.00495	0.00166	0.00437	0.00530	0.00481	0.00785
23	0.07743	0.05834	0.14319	0.13827	0.12993	0.02961	0.01196	0.13852	0.07820	0.09415	0.01151	0.01276	0.00850	0.00533	0.00478	0.00154	0.00583	0.00428	0.00350	0.04235
24	0.08592	0.22130	0.28613	0.01356	0.09751	0.04641	0.02728	0.06619	0.01195	0.06410	0.01046	0.01161	0.02646	0.00509	0.00443	0.00146	0.00623	0.00386	0.00284	0.00720
25	0.00733	0.00548	0.00817	0.00817	0.00905	0.00637	0.00631	0.00911	0.00822	0.01185	0.01382	0.02056	0.01300	0.06209	0.77597	0.00815	0.01348	0.00556	0.00276	0.00454
26	0.01258	0.01302	0.08414	0.11468	0.55826	0.01229	0.01524	0.04565	0.01184	0.03256	0.00975	0.01267	0.00790	0.00496	0.00560	0.00159	0.04240	0.00452	0.00265	0.00773
27	0.07347	0.00991	0.01132	0.00840	0.01270	0.00864	0.00681	0.12877	0.01313	0.13326	0.01110	0.01173	0.00837	0.00460	0.00416	0.00106	0.00417	0.00357	0.00385	0.54099
28	0.03859	0.01304	0.01348	0.01093	0.01449	0.04445	0.00881	0.45112	0.22506	0.04460	0.01490	0.03357	0.01120	0.00649	0.00505	0.00157	0.00511	0.00506	0.02344	0.02904
29	0.05606	0.03375	0.01533	0.04804	0.04634	0.05596	0.00992	0.58524	0.05270	0.02848	0.01184	0.01224	0.00860	0.00593	0.00498	0.00154	0.00576	0.00447	0.00462	0.00820
30	0.00692	0.00498	0.00631	0.00681	0.00748	0.00456	0.00456	0.00781	0.00978	0.01327	0.07588	0.53020	0.05003	0.14870	0.00990	0.02419	0.00336	0.01179	0.00435	0.06911
31	0.00849	0.00531	0.00673	0.00670	0.00773	0.00495	0.00475	0.00960	0.02633	0.07874	0.18440	0.23317	0.15744	0.09294	0.02307	0.12768	0.00352	0.00954	0.00452	0.00441
32	0.00956	0.00478	0.00478	0.00478	0.00598	0.00478	0.00359	0.01196	0.01076	0.01913	0.01674	0.01913	0.01315	0.00598	0.00359	0.00120	0.00239	0.00478	0.84816	0.00478
33	0.03098	0.05181	0.07878	0.18244	0.07015	0.17520	0.01111	0.14109	0.04383	0.03025	0.01072	0.01305	0.00843	0.00906	0.09316	0.00226	0.00751	0.00430	0.02927	0.00660

[dist]
# distance from previous block
# <min> <max>
2	10

[block]
# block no. 1 follows, 48 sequences, length 12
# corresponding to MSA columns:
# 258-269
name=unknown_B
#
# <colnr> <probs for GDERKNQSTAVLIFYWHMCP>
#	G	D	E	R	K	N	Q	S	T	A	V	L	I	F	Y	W	H	M	C	P
0	0.03957	0.01292	0.04114	0.16729	0.20293	0.09236	0.04061	0.18793	0.01402	0.01864	0.01136	0.01502	0.02335	0.08634	0.00711	0.00189	0.00632	0.00480	0.00321	0.02318
1	0.23132	0.12513	0.22066	0.01321	0.09101	0.05820	0.04083	0.13084	0.01260	0.01973	0.00889	0.01027	0.00682	0.00495	0.00431	0.00151	0.00607	0.00365	0.00296	0.00703
2	0.60069	0.07933	0.04053	0.00914	0.05072	0.02962	0.00735	0.01483	0.00910	0.02004	0.00739	0.00911	0.00603	0.00546	0.00494	0.02777	0.06616	0.00310	0.00291	0.00576
3	0.00873	0.00457	0.00686	0.00686	0.00697	0.00468	0.00468	0.00697	0.00686	0.00925	0.00946	0.01611	0.00936	0.02017	0.10851	0.75509	0.00551	0.00457	0.00229	0.00250
4	0.00745	0.00502	0.00582	0.00582	0.00590	0.00510	0.00339	0.00760	0.00753	0.01011	0.01596	0.03245	0.01816	0.75396	0.09116	0.00525	0.00571	0.00730	0.00308	0.00323
5	0.00969	0.00912	0.01539	0.80734	0.03534	0.01140	0.01425	0.01311	0.01026	0.01311	0.00912	0.01368	0.00684	0.00513	0.00513	0.00171	0.00684	0.00456	0.00228	0.00570
6	0.00630	0.00465	0.00592	0.00692	0.00749	0.00427	0.00476	0.00732	0.01021	0.01332	0.03215	0.65845	0.15795	0.01549	0.00649	0.00204	0.00299	0.04430	0.00476	0.00422
7	0.00891	0.00446	0.00668	0.00668	0.00668	0.00446	0.00446	0.00668	0.00668	0.00891	0.00891	0.01560	0.00891	0.01783	0.02005	0.85071	0.00446	0.00446	0.00223	0.00223
8	0.00725	0.00489	0.00566	0.00586	0.00591	0.00484	0.00339	0.00741	0.00787	0.01049	0.01824	0.16742	0.02127	0.68227	0.02277	0.00448	0.00463	0.00868	0.00339	0.00329
9	0.01376	0.63315	0.11213	0.03184	0.01506	0.06371	0.01019	0.04482	0.01123	0.01338	0.00767	0.00889	0.00667	0.00458	0.00367	0.00120	0.00598	0.00302	0.00233	0.00672
10	0.01147	0.00828	0.00987	0.00779	0.01121	0.00698	0.00612	0.05493	0.03887	0.10209	0.13158	0.08962	0.04666	0.00678	0.00474	0.00121	0.00364	0.00573	0.00420	0.44822
11	0.04436	0.01225	0.01362	0.01235	0.07907	0.04293	0.00911	0.38567	0.11931	0.11339	0.01555	0.10204	0.01264	0.00717	0.00522	0.00162	0.00512	0.00582	0.00487	0.00788

[dist]
# distance from previous block
# <min> <max>
0	1

[block]
# block no. 2 follows, 48 sequences, length 51
# corresponding to MSA columns:
# 271-321
name=unknown_C
#
# <colnr> <probs for GDERKNQSTAVLIFYWHMCP>
#	G	D	E	R	K	N	Q	S	T	A	V	L	I	F	Y	W	H	M	C	P
0	0.05562	0.00630	0.00740	0.00683	0.00845	0.00617	0.00521	0.05403	0.05288	0.02045	0.55265	0.04922	0.13509	0.01016	0.00581	0.00164	0.00281	0.00876	0.00533	0.00519
1	0.00637	0.00470	0.00586	0.00661	0.00725	0.00430	0.00450	0.00741	0.01043	0.01366	0.09311	0.55568	0.18265	0.06284	0.00758	0.00215	0.00298	0.01299	0.00474	0.00419
2	0.00649	0.00472	0.00593	0.00662	0.00721	0.00436	0.00448	0.00755	0.01047	0.01388	0.13161	0.52415	0.13859	0.09867	0.00846	0.00227	0.00306	0.01261	0.00471	0.00417
3	0.03413	0.00975	0.01217	0.05639	0.01450	0.00890	0.00779	0.13363	0.01450	0.37722	0.01471	0.01419	0.01005	0.00544	0.00470	0.00133	0.00453	0.00435	0.00485	0.26690
4	0.03730	0.00927	0.01069	0.00771	0.01221	0.00723	0.00619	0.03261	0.01101	0.03328	0.00937	0.01075	0.00767	0.00394	0.00384	0.00082	0.00386	0.00312	0.00317	0.78596
5	0.00725	0.00491	0.00577	0.00598	0.00607	0.00489	0.00354	0.00748	0.00791	0.01058	0.01817	0.16933	0.02107	0.64668	0.05541	0.00461	0.00500	0.00862	0.00338	0.00336
6	0.01325	0.01076	0.01151	0.01030	0.01321	0.01229	0.00802	0.02674	0.71804	0.06711	0.02099	0.03450	0.01584	0.00710	0.00524	0.00174	0.00406	0.00593	0.00528	0.00808
7	0.01165	0.03465	0.08104	0.23047	0.27676	0.01208	0.08903	0.02621	0.10885	0.01639	0.01091	0.01350	0.00851	0.00500	0.00507	0.00158	0.00626	0.00467	0.00284	0.05451
8	0.00956	0.00478	0.00478	0.00478	0.00598	0.00478	0.00359	0.01196	0.01076	0.01913	0.01674	0.01913	0.01315	0.00598	0.00359	0.00120	0.00239	0.00478	0.84816	0.00478
9	0.00743	0.00496	0.00561	0.00563	0.00564	0.00495	0.00315	0.00745	0.00752	0.01003	0.01646	0.05265	0.01903	0.80010	0.02564	0.00490	0.00493	0.00764	0.00315	0.00313
10	0.02217	0.01207	0.01251	0.01002	0.01371	0.17099	0.00807	0.03632	0.01481	0.61810	0.01757	0.01569	0.01138	0.00613	0.00505	0.00153	0.00540	0.00477	0.00557	0.00816
11	0.01167	0.22081	0.37827	0.05890	0.02159	0.01428	0.18028	0.02906	0.01121	0.01536	0.00900	0.01103	0.00686	0.00467	0.00476	0.00152	0.00722	0.00408	0.00233	0.00710
12	0.00976	0.00925	0.01580	0.78554	0.03510	0.01144	0.03520	0.01320	0.01031	0.01320	0.00915	0.01368	0.00687	0.00511	0.00516	0.00171	0.00689	0.00460	0.00229	0.00573
13	0.00792	0.00571	0.00784	0.00896	0.01007	0.00563	0.00764	0.01006	0.01159	0.01502	0.02868	0.14084	0.07238	0.01432	0.00697	0.00230	0.00441	0.63029	0.00473	0.00464
14	0.01173	0.01027	0.03200	0.05809	0.12713	0.01088	0.01000	0.07264	0.33502	0.01923	0.01946	0.02811	0.01725	0.00843	0.00571	0.00187	0.00490	0.21578	0.00444	0.00706
15	0.00625	0.00449	0.00593	0.00709	0.00743	0.00417	0.00474	0.00715	0.00988	0.01312	0.02895	0.79457	0.05526	0.01599	0.00654	0.00207	0.00297	0.01448	0.00476	0.00417
16	0.00886	0.04919	0.05473	0.09274	0.01330	0.00913	0.00848	0.02184	0.02852	0.01350	0.05624	0.01845	0.01300	0.03750	0.43488	0.00529	0.10073	0.00528	0.02311	0.00523
17	0.00734	0.00547	0.00809	0.00809	0.00895	0.00633	0.00622	0.00906	0.00820	0.01179	0.01389	0.02096	0.01317	0.08497	0.75332	0.00805	0.01322	0.00561	0.00277	0.00449
18	0.01422	0.51925	0.04445	0.01089	0.01468	0.16976	0.05725	0.01604	0.01115	0.01260	0.00805	0.02923	0.00736	0.00518	0.00478	0.00130	0.06156	0.00351	0.00237	0.00638
19	0.07207	0.01086	0.02619	0.03616	0.09852	0.02636	0.06984	0.04714	0.11527	0.10771	0.01271	0.01357	0.02002	0.00502	0.00458	0.00131	0.00488	0.00428	0.00370	0.31982
20	0.09993	0.34607	0.16975	0.01256	0.03665	0.01515	0.14767	0.01616	0.03011	0.04231	0.03353	0.01141	0.00848	0.00484	0.00433	0.00142	0.00615	0.00396	0.00270	0.00683
21	0.01135	0.00822	0.03185	0.01004	0.06233	0.00782	0.00720	0.14081	0.05710	0.10680	0.03575	0.40056	0.07624	0.01137	0.00589	0.00183	0.00396	0.00999	0.00483	0.00608
22	0.01344	0.71110	0.07020	0.01097	0.07689	0.01916	0.00993	0.01545	0.01055	0.01269	0.00746	0.00874	0.00671	0.00443	0.00353	0.00116	0.00566	0.00295	0.00222	0.00677
23	0.01390	0.68973	0.02513	0.05572	0.05783	0.01870	0.00942	0.01574	0.01070	0.05173	0.00805	0.00926	0.00699	0.00454	0.00359	0.00118	0.00554	0.00307	0.00243	0.00673
24	0.00736	0.00540	0.00774	0.00774	0.00848	0.00614	0.00578	0.00884	0.00810	0.01154	0.01421	0.02271	0.01394	0.18734	0.65200	0.00762	0.01207	0.00587	0.00282	0.00430
25	0.01062	0.01024	0.05864	0.26519	0.02049	0.01104	0.07392	0.08026	0.01110	0.01561	0.04057	0.01641	0.01055	0.07144	0.06851	0.00248	0.14810	0.00513	0.07390	0.00577
26	0.01917	0.02445	0.01454	0.01322	0.01586	0.79907	0.00991	0.02049	0.01454	0.01256	0.00793	0.00925	0.00661	0.00529	0.00463	0.00132	0.00925	0.00330	0.00264	0.00595
27	0.04234	0.02362	0.03284	0.00896	0.01261	0.02554	0.00745	0.04026	0.06412	0.52123	0.01967	0.01882	0.05127	0.05293	0.00622	0.00174	0.00450	0.00530	0.00544	0.05513
28	0.01034	0.00887	0.01069	0.00863	0.05082	0.00688	0.00640	0.01263	0.01097	0.01683	0.05718	0.01407	0.04380	0.00464	0.00410	0.00089	0.00378	0.00383	0.00324	0.72139
29	0.85592	0.00992	0.00754	0.00675	0.00992	0.01151	0.00556	0.01508	0.00873	0.02302	0.00714	0.00834	0.00556	0.00476	0.00318	0.00159	0.00397	0.00278	0.00318	0.00556
30	0.00711	0.00522	0.00666	0.00633	0.00758	0.00477	0.00474	0.00938	0.01412	0.01969	0.68932	0.05593	0.12826	0.01088	0.00606	0.00164	0.00245	0.00956	0.00553	0.00477
31	0.01078	0.06461	0.47296	0.01547	0.05932	0.01220	0.13297	0.01609	0.05390	0.01604	0.01115	0.06568	0.00914	0.00574	0.00549	0.00166	0.03200	0.00498	0.00260	0.00719
32	0.01281	0.01100	0.01158	0.01039	0.01330	0.01269	0.00809	0.04460	0.74750	0.02159	0.02121	0.01949	0.02852	0.00704	0.00523	0.00174	0.00407	0.00586	0.00521	0.00807
33	0.00969	0.00912	0.01539	0.80734	0.03534	0.01140	0.01425	0.01311	0.01026	0.01311	0.00912	0.01368	0.00684	0.00513	0.00513	0.00171	0.00684	0.00456	0.00228	0.00570
34	0.00755	0.00533	0.00684	0.00641	0.00774	0.00486	0.00483	0.00986	0.01428	0.03906	0.70155	0.03878	0.11238	0.01061	0.00603	0.00162	0.00248	0.00931	0.00559	0.00489
35	0.01222	0.01032	0.01134	0.02837	0.01320	0.04619	0.00694	0.08681	0.06111	0.03660	0.01061	0.01185	0.00848	0.00506	0.01836	0.00111	0.00449	0.00355	0.01980	0.60360
36	0.05820	0.11519	0.03339	0.02748	0.01323	0.03575	0.06880	0.02571	0.00927	0.01348	0.01010	0.03514	0.00983	0.12225	0.09282	0.00292	0.29594	0.00502	0.02005	0.00545
37	0.00754	0.00494	0.00566	0.00566	0.00566	0.00494	0.00319	0.00742	0.00742	0.00989	0.01575	0.03255	0.01810	0.77383	0.02577	0.05332	0.00494	0.00729	0.00306	0.00306
38	0.85592	0.00992	0.00754	0.00675	0.00992	0.01151	0.00556	0.01508	0.00873	0.02302	0.00714	0.00834	0.00556	0.00476	0.00318	0.00159	0.00397	0.00278	0.00318	0.00556
39	0.01878	0.01401	0.01499	0.01166	0.01564	0.01557	0.00958	0.69053	0.10533	0.03117	0.01324	0.01305	0.00947	0.00625	0.00514	0.00156	0.00548	0.00475	0.00514	0.00866
40	0.01246	0.01016	0.01090	0.00970	0.01253	0.01134	0.00756	0.03877	0.60827	0.05492	0.06343	0.02219	0.07935	0.00752	0.00529	0.00170	0.00389	0.00627	0.00520	0.02854
41	0.01243	0.02786	0.17253	0.05675	0.15272	0.03320	0.22440	0.08436	0.09657	0.01785	0.01161	0.03386	0.00918	0.00599	0.01944	0.00177	0.02395	0.00518	0.00305	0.00732
42	0.16327	0.01316	0.01354	0.01075	0.01454	0.01474	0.00881	0.54215	0.12066	0.02930	0.01255	0.01253	0.00909	0.00602	0.00481	0.00157	0.00515	0.00446	0.00481	0.00810
43	0.00646	0.00464	0.00618	0.00733	0.00777	0.00436	0.00511	0.00752	0.01009	0.01336	0.02890	0.71178	0.05675	0.01578	0.00659	0.00210	0.00315	0.09314	0.00476	0.00423
44	0.00794	0.00896	0.13651	0.13917	0.01457	0.00671	0.00871	0.01011	0.01020	0.03521	0.02180	0.53116	0.02443	0.01218	0.00600	0.00193	0.00440	0.01092	0.00398	0.00510
45	0.00760	0.00555	0.00806	0.00801	0.00891	0.00644	0.00621	0.00943	0.00843	0.01249	0.01390	0.02015	0.01284	0.05040	0.70143	0.00747	0.02899	0.00546	0.07365	0.00459
46	0.00704	0.00505	0.00652	0.00742	0.00795	0.00487	0.00506	0.05258	0.01067	0.01424	0.02733	0.76848	0.03244	0.01549	0.00646	0.00205	0.00314	0.01399	0.00479	0.00444
47	0.01402	0.64848	0.02378	0.00934	0.01321	0.12449	0.00875	0.01565	0.01117	0.01265	0.05352	0.01023	0.00908	0.00497	0.00393	0.00118	0.02345	0.00325	0.00246	0.00637
48	0.01064	0.00912	0.01064	0.00760	0.01216	0.00684	0.00608	0.01292	0.01064	0.01672	0.00912	0.01064	0.00760	0.00380	0.00380	0.00076	0.00380	0.00304	0.00304	0.85104
49	0.01479	0.01663	0.02919	0.14142	0.01806	0.34931	0.01045	0.05651	0.13489	0.01507	0.01064	0.01262	0.00858	0.00799	0.05381	0.00199	0.10440	0.00426	0.00307	0.00630
50	0.00649	0.00457	0.00588	0.00684	0.00708	0.00433	0.00444	0.00721	0.00936	0.01248	0.02589	0.66176	0.03092	0.17476	0.01041	0.00265	0.00337	0.01318	0.00444	0.00396

[dist]
# distance from previous block
# <min> <max>
0	2

[block]
# block no. 3 follows, 48 sequences, length 15
# corresponding to MSA columns:
# 324-338
name=unknown_D
#
# <colnr> <probs for GDERKNQSTAVLIFYWHMCP>
#	G	D	E	R	K	N	Q	S	T	A	V	L	I	F	Y	W	H	M	C	P
0	0.01223	0.01177	0.02019	0.12974	0.63810	0.01196	0.04471	0.01535	0.01149	0.01628	0.00960	0.01281	0.00793	0.00461	0.00509	0.00153	0.00622	0.00458	0.00252	0.03328
1	0.07391	0.08575	0.02891	0.06241	0.12582	0.01210	0.05651	0.06847	0.01083	0.01573	0.03360	0.10142	0.03042	0.07759	0.00955	0.00205	0.18991	0.00593	0.00309	0.00599
2	0.00822	0.00559	0.00660	0.00665	0.00806	0.00509	0.00483	0.01023	0.05231	0.08693	0.11306	0.30505	0.32124	0.03364	0.00662	0.00191	0.00301	0.01107	0.00498	0.00491
3	0.01380	0.01116	0.01191	0.01048	0.01353	0.01274	0.00822	0.08409	0.68166	0.06155	0.02020	0.01854	0.01498	0.00687	0.00521	0.00172	0.00420	0.00568	0.00527	0.00820
4	0.22846	0.03388	0.15576	0.01023	0.01461	0.02972	0.00970	0.16716	0.05779	0.22547	0.01279	0.01262	0.00886	0.00560	0.00455	0.00158	0.00523	0.00414	0.00429	0.00757
5	0.00733	0.00550	0.00825	0.00825	0.00916	0.00641	0.00641	0.00916	0.00825	0.01191	0.01374	0.02016	0.01283	0.03848	0.79934	0.00825	0.01374	0.00550	0.00275	0.00458
6	0.00827	0.00591	0.00827	0.00945	0.01063	0.00591	0.00827	0.01063	0.01181	0.01536	0.02717	0.05788	0.02953	0.01417	0.00709	0.00236	0.00472	0.75313	0.00472	0.00472
7	0.05723	0.09848	0.15488	0.01094	0.03123	0.10480	0.01009	0.05175	0.01350	0.37256	0.01512	0.01446	0.03064	0.00581	0.00478	0.00151	0.00567	0.00445	0.00440	0.00769
8	0.03007	0.01042	0.01226	0.00966	0.01315	0.02406	0.03047	0.08735	0.15759	0.05277	0.05015	0.01416	0.01133	0.00566	0.00579	0.00131	0.08799	0.00435	0.00382	0.38762
9	0.00625	0.00447	0.00595	0.00714	0.00744	0.00417	0.00476	0.00714	0.00982	0.01310	0.02828	0.81633	0.03394	0.01608	0.00655	0.00208	0.00298	0.01459	0.00476	0.00417
10	0.00929	0.00571	0.00743	0.00673	0.00834	0.00517	0.00514	0.01158	0.01436	0.12329	0.63479	0.03626	0.09172	0.01010	0.00593	0.00162	0.00269	0.00883	0.00568	0.00533
11	0.01510	0.07928	0.14560	0.01923	0.28722	0.12878	0.02792	0.17273	0.01455	0.04689	0.01008	0.01166	0.00780	0.00510	0.00487	0.00149	0.00665	0.00418	0.00314	0.00772
12	0.01956	0.01150	0.01330	0.01047	0.01426	0.01198	0.00855	0.36619	0.12110	0.31872	0.01693	0.03789	0.01188	0.00662	0.00519	0.00160	0.00487	0.00526	0.00560	0.00852
13	0.00630	0.00456	0.00587	0.00689	0.00730	0.00422	0.00460	0.00718	0.00986	0.01300	0.02967	0.70872	0.09777	0.05856	0.00755	0.00221	0.00305	0.01388	0.00468	0.00413
14	0.01096	0.02228	0.55246	0.01847	0.15111	0.01212	0.12782	0.01619	0.01116	0.01636	0.00945	0.01158	0.00696	0.00474	0.00508	0.00162	0.00749	0.00425	0.00229	0.00758

[dist]
# distance from previous block
# <min> <max>
1	2

[block]
# block no. 4 follows, 48 sequences, length 19
# corresponding to MSA columns:
# 341-359
name=unknown_E
#
# <colnr> <probs for GDERKNQSTAVLIFYWHMCP>
#	G	D	E	R	K	N	Q	S	T	A	V	L	I	F	Y	W	H	M	C	P
0	0.00961	0.00703	0.03375	0.00855	0.03647	0.00635	0.02721	0.01147	0.01154	0.10747	0.08642	0.18408	0.23435	0.01083	0.00645	0.00177	0.05513	0.05480	0.10140	0.00533
1	0.85592	0.00992	0.00754	0.00675	0.00992	0.01151	0.00556	0.01508	0.00873	0.02302	0.00714	0.00834	0.00556	0.00476	0.00318	0.00159	0.00397	0.00278	0.00318	0.00556
2	0.00733	0.00550	0.00825	0.00825	0.00916	0.00641	0.00641	0.00916	0.00825	0.01191	0.01374	0.02016	0.01283	0.03848	0.79934	0.00825	0.01374	0.00550	0.00275	0.00458
3	0.00959	0.01198	0.20851	0.14551	0.04082	0.00846	0.01058	0.01358	0.05034	0.05737	0.28988	0.02533	0.09150	0.00781	0.00548	0.00165	0.00479	0.00669	0.00403	0.00610
4	0.01456	0.36042	0.16071	0.02948	0.01601	0.14198	0.01094	0.13525	0.03016	0.01660	0.03391	0.01085	0.00846	0.00517	0.00426	0.00134	0.00640	0.00364	0.00290	0.00696
5	0.57484	0.12415	0.07452	0.00863	0.01243	0.03756	0.03390	0.05327	0.01020	0.02088	0.00770	0.00894	0.00604	0.00479	0.00357	0.00152	0.00488	0.00308	0.00302	0.00608
6	0.01180	0.03088	0.22671	0.11987	0.22348	0.05497	0.10104	0.01619	0.05509	0.03004	0.02534	0.02961	0.00936	0.02213	0.00579	0.00169	0.02132	0.00486	0.00274	0.00711
7	0.01595	0.10111	0.01469	0.01143	0.01453	0.29844	0.00902	0.10801	0.33603	0.01849	0.01379	0.01365	0.01065	0.00600	0.00479	0.00150	0.00627	0.00444	0.00396	0.00724
8	0.00638	0.00464	0.00605	0.00712	0.00762	0.00431	0.00493	0.00741	0.01014	0.01333	0.03045	0.69003	0.10500	0.01565	0.00654	0.00207	0.00306	0.06630	0.00476	0.00422
9	0.00731	0.00496	0.00588	0.00602	0.00613	0.00501	0.00360	0.00758	0.00780	0.01049	0.01734	0.12216	0.01987	0.65598	0.09464	0.00494	0.00555	0.00810	0.00327	0.00337
10	0.85592	0.00992	0.00754	0.00675	0.00992	0.01151	0.00556	0.01508	0.00873	0.02302	0.00714	0.00834	0.00556	0.00476	0.00318	0.00159	0.00397	0.00278	0.00318	0.00556
11	0.02302	0.00873	0.01191	0.00913	0.01310	0.00754	0.00754	0.02501	0.01469	0.79122	0.02024	0.01746	0.01270	0.00635	0.00516	0.00159	0.00437	0.00516	0.00635	0.00873
12	0.01064	0.00912	0.01064	0.00760	0.01216	0.00684	0.00608	0.01292	0.01064	0.01672	0.00912	0.01064	0.00760	0.00380	0.00380	0.00076	0.00380	0.00304	0.00304	0.85104
13	0.00751	0.00576	0.00859	0.00848	0.00936	0.00684	0.00663	0.00931	0.00823	0.01193	0.01342	0.01975	0.01255	0.03714	0.76367	0.00797	0.05005	0.00545	0.00273	0.00463
14	0.01372	0.82276	0.02689	0.00878	0.01317	0.02030	0.00878	0.01536	0.01043	0.01207	0.00713	0.00823	0.00658	0.00439	0.00329	0.00110	0.00549	0.00274	0.00219	0.00658
15	0.00746	0.00497	0.00560	0.00560	0.00560	0.00497	0.00311	0.00746	0.00746	0.00995	0.01617	0.03358	0.01865	0.81967	0.02612	0.00497	0.00497	0.00746	0.00311	0.00311
16	0.00969	0.00912	0.01539	0.80734	0.03534	0.01140	0.01425	0.01311	0.01026	0.01311	0.00912	0.01368	0.00684	0.00513	0.00513	0.00171	0.00684	0.00456	0.00228	0.00570
17	0.00734	0.00546	0.00808	0.00808	0.00893	0.00632	0.00620	0.00905	0.00820	0.01179	0.01390	0.02102	0.01320	0.08849	0.74984	0.00804	0.01318	0.00562	0.00277	0.00449
18	0.72707	0.00974	0.00822	0.00712	0.01041	0.01090	0.00586	0.01662	0.00965	0.14186	0.00917	0.00975	0.00666	0.00501	0.00348	0.00159	0.00403	0.00315	0.00367	0.00605

[dist]
# distance from previous block
# <min> <max>
2	7

[block]
# block no. 5 follows, 48 sequences, length 113
# corresponding to MSA columns:
# 367-479
name=unknown_F
#
# <colnr> <probs for GDERKNQSTAVLIFYWHMCP>
#	G	D	E	R	K	N	Q	S	T	A	V	L	I	F	Y	W	H	M	C	P
0	0.01878	0.01278	0.01393	0.01082	0.01460	0.01389	0.00889	0.60390	0.03665	0.11090	0.01375	0.01365	0.00971	0.00618	0.00499	0.00152	0.00517	0.00472	0.08684	0.00833
1	0.01170	0.03371	0.10892	0.18107	0.09976	0.04920	0.12490	0.03574	0.02533	0.03088	0.01023	0.01479	0.00862	0.04224	0.02226	0.00202	0.16416	0.02537	0.00268	0.00640
2	0.00766	0.00544	0.00703	0.00657	0.00788	0.00506	0.00495	0.01032	0.03093	0.03537	0.74140	0.03770	0.05942	0.01038	0.00602	0.00162	0.00250	0.00915	0.00564	0.00498
3	0.63903	0.00961	0.00868	0.00737	0.01075	0.01048	0.00607	0.01767	0.01028	0.22306	0.01056	0.01071	0.00742	0.00518	0.00369	0.00159	0.00407	0.00340	0.00400	0.00638
4	0.01624	0.03440	0.01355	0.01066	0.01403	0.01349	0.00863	0.47570	0.16086	0.04772	0.05536	0.08525	0.01437	0.00780	0.01632	0.00171	0.00503	0.00592	0.00506	0.00790
5	0.01351	0.01350	0.10038	0.04338	0.40258	0.01177	0.18677	0.01732	0.03140	0.11178	0.01134	0.01354	0.00860	0.00484	0.00530	0.00160	0.00659	0.00493	0.00304	0.00781
6	0.00741	0.00518	0.00664	0.00664	0.00700	0.00554	0.00441	0.00813	0.00777	0.01072	0.01521	0.02830	0.01636	0.51257	0.33009	0.00626	0.00842	0.00669	0.00297	0.00369
7	0.05021	0.00475	0.00604	0.00712	0.00757	0.00455	0.00480	0.00756	0.00977	0.01361	0.02719	0.77452	0.03247	0.01549	0.00637	0.00206	0.00303	0.01398	0.00468	0.00424
8	0.01269	0.05699	0.12870	0.04129	0.15452	0.05812	0.32044	0.03657	0.01207	0.03905	0.01076	0.01477	0.00870	0.00531	0.00593	0.00167	0.04122	0.04138	0.00277	0.00705
9	0.01339	0.67061	0.04108	0.10718	0.01620	0.05360	0.00972	0.01533	0.01060	0.01231	0.00746	0.00900	0.00662	0.00453	0.00361	0.00119	0.00586	0.00301	0.00222	0.00647
10	0.00625	0.00448	0.00593	0.00710	0.00743	0.00417	0.00474	0.00715	0.00987	0.01312	0.02888	0.79694	0.05293	0.01600	0.00654	0.00207	0.00297	0.01449	0.00476	0.00417
11	0.03528	0.01138	0.01894	0.12337	0.62321	0.01170	0.01461	0.01526	0.02284	0.01676	0.04979	0.01412	0.01010	0.00499	0.00509	0.00156	0.00591	0.00478	0.00273	0.00759
12	0.02510	0.16385	0.19178	0.01460	0.06248	0.08177	0.18373	0.03042	0.05568	0.01565	0.02518	0.09178	0.01101	0.00653	0.01697	0.00167	0.00675	0.00542	0.00291	0.00673
13	0.00627	0.00448	0.00597	0.00713	0.00745	0.00418	0.00476	0.00720	0.00992	0.01326	0.04442	0.79973	0.03425	0.01596	0.00654	0.00207	0.00297	0.01447	0.00478	0.00418
14	0.00642	0.00521	0.00569	0.00557	0.00715	0.00448	0.00418	0.00805	0.01253	0.01584	0.26847	0.04612	0.56785	0.01225	0.00606	0.00170	0.00255	0.01037	0.00503	0.00448
15	0.01029	0.02654	0.79309	0.01462	0.02221	0.01192	0.01896	0.01625	0.01083	0.01625	0.00921	0.01083	0.00650	0.00487	0.00487	0.00162	0.00758	0.00379	0.00217	0.00758
16	0.01546	0.01496	0.05905	0.02011	0.33611	0.11508	0.01254	0.22516	0.09932	0.03459	0.01155	0.01284	0.00891	0.00541	0.00504	0.00153	0.00621	0.00452	0.00361	0.00799
17	0.02218	0.00905	0.01198	0.00930	0.01319	0.00815	0.00764	0.04570	0.07005	0.71478	0.02007	0.01744	0.01281	0.00639	0.00516	0.00160	0.00438	0.00519	0.00624	0.00869
18	0.01642	0.01191	0.01331	0.02714	0.01426	0.01330	0.00878	0.50897	0.05169	0.04777	0.03438	0.01471	0.01083	0.00884	0.06486	0.00206	0.04738	0.00489	0.09085	0.00766
19	0.03492	0.07637	0.01414	0.05578	0.01521	0.21670	0.00881	0.12293	0.06494	0.29427	0.01399	0.01408	0.00999	0.02851	0.00542	0.00159	0.00603	0.00444	0.00444	0.00741
20	0.01743	0.01384	0.12524	0.01107	0.01528	0.01229	0.01004	0.40540	0.03761	0.18915	0.06353	0.04883	0.01300	0.00673	0.00522	0.00159	0.00530	0.00536	0.00498	0.00811
21	0.01917	0.02445	0.01454	0.01322	0.01586	0.79907	0.00991	0.02049	0.01454	0.01256	0.00793	0.00925	0.00661	0.00529	0.00463	0.00132	0.00925	0.00330	0.00264	0.00595
22	0.52034	0.10537	0.06017	0.00981	0.06924	0.04272	0.00790	0.01653	0.01015	0.10447	0.00892	0.00984	0.00675	0.00491	0.00371	0.00152	0.00477	0.00325	0.00328	0.00635
23	0.67401	0.01235	0.03071	0.02436	0.01171	0.12090	0.00677	0.01612	0.00981	0.04390	0.00774	0.00891	0.00597	0.00489	0.00352	0.00155	0.00488	0.00299	0.00315	0.00576
24	0.01164	0.01180	0.05470	0.23543	0.49871	0.01179	0.01489	0.01537	0.04245	0.01606	0.03156	0.01385	0.00914	0.00500	0.00512	0.00159	0.00618	0.00471	0.00265	0.00736
25	0.01137	0.00939	0.01092	0.00785	0.01238	0.00733	0.00630	0.05309	0.01144	0.03379	0.00952	0.01087	0.00777	0.00398	0.00390	0.00082	0.00391	0.00317	0.00322	0.78899
26	0.00978	0.00593	0.00775	0.00697	0.00864	0.00547	0.00534	0.01247	0.03585	0.13609	0.64906	0.03467	0.04215	0.00977	0.00589	0.00161	0.00276	0.00857	0.00574	0.00552
27	0.00645	0.00544	0.00562	0.00553	0.00726	0.00472	0.00416	0.00840	0.04308	0.01483	0.12288	0.04707	0.68177	0.01250	0.00603	0.00172	0.00264	0.01047	0.00487	0.00454
28	0.00622	0.00459	0.00582	0.00681	0.00735	0.00420	0.00461	0.00718	0.01015	0.01323	0.03241	0.68274	0.16486	0.01554	0.00646	0.00202	0.00291	0.01393	0.00476	0.00420
29	0.00675	0.00493	0.00637	0.00682	0.00767	0.00455	0.00492	0.00836	0.01195	0.01619	0.32105	0.38867	0.11932	0.01349	0.00634	0.00188	0.00283	0.05834	0.00510	0.00448
30	0.01999	0.01258	0.01416	0.01097	0.01495	0.01338	0.00903	0.51149	0.07572	0.24090	0.01512	0.01423	0.01032	0.00627	0.00515	0.00157	0.00518	0.00485	0.00548	0.00868
31	0.01123	0.01123	0.01572	0.01347	0.01347	0.01572	0.01123	0.01235	0.00786	0.01235	0.00674	0.01123	0.00674	0.00898	0.01684	0.00225	0.81028	0.00449	0.00225	0.00561
32	0.01951	0.01437	0.01540	0.01181	0.01591	0.01591	0.00975	0.77056	0.02412	0.03234	0.01232	0.01232	0.00873	0.00616	0.00513	0.00154	0.00565	0.00462	0.00513	0.00873
33	0.00640	0.00457	0.00612	0.00731	0.00767	0.00429	0.00501	0.00739	0.00997	0.01326	0.02820	0.76207	0.03362	0.01594	0.00659	0.00210	0.00310	0.06742	0.00476	0.00421
34	0.85592	0.00992	0.00754	0.00675	0.00992	0.01151	0.00556	0.01508	0.00873	0.02302	0.00714	0.00834	0.00556	0.00476	0.00318	0.00159	0.00397	0.00278	0.00318	0.00556
35	0.85592	0.00992	0.00754	0.00675	0.00992	0.01151	0.00556	0.01508	0.00873	0.02302	0.00714	0.00834	0.00556	0.00476	0.00318	0.00159	0.00397	0.00278	0.00318	0.00556
36	0.00625	0.00447	0.00595	0.00714	0.00744	0.00417	0.00476	0.00714	0.00982	0.01310	0.02828	0.81633	0.03394	0.01608	0.00655	0.00208	0.00298	0.01459	0.00476	0.00417
37	0.00765	0.00498	0.00631	0.00634	0.00653	0.00515	0.00403	0.00766	0.00755	0.01025	0.01477	0.04732	0.01625	0.51026	0.17867	0.14672	0.00659	0.00675	0.00293	0.00328
38	0.01386	0.00726	0.00929	0.00784	0.01031	0.00675	0.00619	0.05536	0.05063	0.30276	0.39389	0.02899	0.06768	0.00871	0.00564	0.00161	0.00338	0.00744	0.00582	0.00659
39	0.00664	0.00504	0.00715	0.00787	0.00833	0.00490	0.03116	0.00765	0.00983	0.01318	0.02687	0.75911	0.03204	0.01541	0.00691	0.00208	0.03300	0.01392	0.00460	0.00432
40	0.01152	0.01274	0.03596	0.03993	0.02179	0.03221	0.47109	0.01472	0.01072	0.01478	0.00989	0.01433	0.00824	0.04529	0.05039	0.00232	0.18965	0.00559	0.00253	0.00628
41	0.00662	0.00465	0.00598	0.00682	0.00712	0.00442	0.00448	0.00743	0.00959	0.01284	0.06470	0.58321	0.03117	0.19514	0.01090	0.00271	0.00344	0.03037	0.00444	0.00398
42	0.00630	0.00449	0.00597	0.00710	0.00741	0.00420	0.00473	0.00721	0.00989	0.01322	0.04613	0.78277	0.03399	0.03130	0.00691	0.00213	0.00300	0.01432	0.00475	0.00416
43	0.01723	0.04081	0.01289	0.01118	0.01377	0.52909	0.00852	0.01876	0.01402	0.10911	0.06699	0.03232	0.05458	0.00645	0.00483	0.00140	0.00727	0.00466	0.04006	0.00605
44	0.01024	0.00955	0.01612	0.67510	0.03257	0.01146	0.06994	0.05230	0.01110	0.01435	0.01016	0.04619	0.00811	0.00557	0.00526	0.00172	0.00676	0.00508	0.00255	0.00589
45	0.01798	0.01949	0.01672	0.01381	0.01720	0.44130	0.11527	0.20182	0.05927	0.03319	0.01029	0.01134	0.00791	0.00548	0.00499	0.00146	0.00791	0.00418	0.00345	0.00693
46	0.01295	0.01060	0.01199	0.00929	0.02482	0.00975	0.00732	0.18520	0.11650	0.02087	0.01142	0.01219	0.00894	0.00477	0.00431	0.00108	0.00428	0.00379	0.00380	0.53614
47	0.01144	0.00932	0.05938	0.01008	0.06370	0.00750	0.00776	0.06939	0.01210	0.10207	0.01773	0.20527	0.03904	0.00830	0.00516	0.00147	0.00423	0.06244	0.00405	0.29958
48	0.01753	0.01368	0.05056	0.01112	0.01528	0.01390	0.00944	0.54728	0.07962	0.06132	0.01290	0.01294	0.00929	0.00590	0.00495	0.00147	0.00529	0.00452	0.02056	0.10245
49	0.00891	0.00446	0.00668	0.00668	0.00668	0.00446	0.00446	0.00668	0.00668	0.00891	0.00891	0.01560	0.00891	0.01783	0.02005	0.85071	0.00446	0.00446	0.00223	0.00223
50	0.01058	0.00949	0.01516	0.67252	0.06293	0.01151	0.01347	0.07750	0.01150	0.01506	0.00995	0.02756	0.00769	0.00541	0.00511	0.00168	0.00652	0.00475	0.02559	0.00600
51	0.01329	0.01259	0.04335	0.20254	0.14020	0.04851	0.29087	0.01736	0.05165	0.11095	0.01159	0.01405	0.00854	0.00499	0.00544	0.00166	0.00708	0.00517	0.00310	0.00708
52	0.01356	0.01156	0.01923	0.13953	0.51339	0.02273	0.05411	0.01652	0.01181	0.11117	0.01082	0.01340	0.00843	0.00498	0.00544	0.00158	0.02639	0.00470	0.00297	0.00769
53	0.00827	0.00672	0.00835	0.00808	0.00868	0.04221	0.00592	0.00940	0.00823	0.01132	0.01363	0.02333	0.01393	0.29655	0.42946	0.00627	0.08665	0.00596	0.00282	0.00425
54	0.00642	0.00521	0.00570	0.00558	0.00715	0.00448	0.00418	0.00806	0.01255	0.01588	0.27228	0.04606	0.56402	0.01224	0.00606	0.00170	0.00255	0.01036	0.00503	0.00448
55	0.01357	0.01200	0.01986	0.04406	0.63718	0.01220	0.03051	0.05145	0.01229	0.06884	0.01037	0.01298	0.00837	0.00495	0.00559	0.00157	0.03866	0.00464	0.00290	0.00802
56	0.01129	0.01088	0.01562	0.20368	0.01884	0.01469	0.01187	0.05176	0.00928	0.01357	0.00760	0.01187	0.00686	0.00791	0.01343	0.00208	0.57607	0.00451	0.00240	0.00579
57	0.00714	0.00484	0.00569	0.00601	0.00609	0.00476	0.00355	0.00738	0.00809	0.01079	0.01941	0.24318	0.02275	0.60449	0.02088	0.00420	0.00444	0.00937	0.00355	0.00339
58	0.00682	0.00523	0.00625	0.00606	0.00745	0.00466	0.00456	0.00879	0.01334	0.01785	0.48462	0.05688	0.32151	0.01159	0.00609	0.00168	0.00254	0.02417	0.00529	0.00464
59	0.02006	0.01007	0.01232	0.00982	0.01355	0.00996	0.00799	0.12894	0.19985	0.50067	0.01930	0.01716	0.01286	0.00647	0.00517	0.00162	0.00447	0.00524	0.00591	0.00858
60	0.00633	0.00457	0.00599	0.00698	0.00744	0.00423	0.00473	0.00738	0.01033	0.01379	0.09556	0.70873	0.07409	0.01543	0.00648	0.00202	0.00291	0.01393	0.00484	0.00423
61	0.02063	0.01258	0.01429	0.01095	0.01502	0.01325	0.00905	0.53311	0.02112	0.27403	0.01484	0.01396	0.00999	0.00622	0.00514	0.00156	0.00524	0.00479	0.00552	0.00873
62	0.01960	0.00959	0.01187	0.00961	0.01323	0.00941	0.00777	0.03966	0.26499	0.52495	0.02031	0.01792	0.01360	0.00655	0.00518	0.00164	0.00429	0.00536	0.00596	0.00853
63	0.01064	0.00912	0.01064	0.00760	0.01216	0.00684	0.00608	0.01292	0.01064	0.01672	0.00912	0.01064	0.00760	0.00380	0.00380	0.00076	0.00380	0.00304	0.00304	0.85104
64	0.00891	0.00446	0.00668	0.00668	0.00668	0.00446	0.00446	0.00668	0.00668	0.00891	0.00891	0.01560	0.00891	0.01783	0.02005	0.85071	0.00446	0.00446	0.00223	0.00223
65	0.78077	0.00982	0.00794	0.00696	0.01021	0.01115	0.00574	0.01598	0.00927	0.09234	0.00833	0.00916	0.00620	0.00491	0.00335	0.00159	0.00401	0.00299	0.00346	0.00584
66	0.85592	0.00992	0.00754	0.00675	0.00992	0.01151	0.00556	0.01508	0.00873	0.02302	0.00714	0.00834	0.00556	0.00476	0.00318	0.00159	0.00397	0.00278	0.00318	0.00556
67	0.01578	0.01136	0.01244	0.01052	0.01384	0.01260	0.00837	0.18230	0.50126	0.14413	0.01899	0.01745	0.01375	0.00670	0.00519	0.00167	0.00444	0.00545	0.00538	0.00834
68	0.00757	0.00533	0.00682	0.00640	0.00774	0.00486	0.00482	0.00986	0.01424	0.04072	0.68906	0.03890	0.12310	0.01063	0.00603	0.00163	0.00249	0.00933	0.00558	0.00489
69	0.03704	0.12082	0.24806	0.01655	0.02207	0.01349	0.36370	0.05821	0.01209	0.01687	0.01021	0.01351	0.00799	0.00495	0.00526	0.00163	0.00750	0.03037	0.00265	0.00705
70	0.03187	0.02127	0.51257	0.01586	0.02228	0.01176	0.22612	0.01586	0.01136	0.01674	0.05769	0.01331	0.00944	0.00507	0.00523	0.00165	0.00747	0.00474	0.00253	0.00718
71	0.00808	0.00581	0.00802	0.00910	0.01028	0.00575	0.00786	0.01036	0.01186	0.01544	0.05801	0.07791	0.06081	0.01403	0.00699	0.00230	0.00450	0.67342	0.00476	0.00470
72	0.00734	0.00574	0.00819	0.07728	0.06632	0.00579	0.00658	0.00877	0.01036	0.01392	0.08394	0.51970	0.05036	0.04933	0.00739	0.00211	0.02144	0.04645	0.00433	0.00465
73	0.01268	0.01108	0.01147	0.01034	0.01317	0.02977	0.00803	0.02640	0.73057	0.02123	0.05160	0.01970	0.01679	0.00707	0.00524	0.00173	0.00411	0.00589	0.00518	0.00794
74	0.00738	0.00497	0.00576	0.00583	0.00590	0.00500	0.00339	0.00754	0.00765	0.01024	0.01676	0.07969	0.01925	0.72909	0.06700	0.00498	0.00533	0.00778	0.00319	0.00325
75	0.02302	0.00873	0.01191	0.00913	0.01310	0.00754	0.00754	0.02501	0.01469	0.79122	0.02024	0.01746	0.01270	0.00635	0.00516	0.00159	0.00437	0.00516	0.00635	0.00873
76	0.01950	0.01467	0.01537	0.01185	0.01591	0.03908	0.00976	0.74837	0.02384	0.03175	0.01219	0.01223	0.00866	0.00613	0.00512	0.00153	0.00575	0.00458	0.00506	0.00864
77	0.85592	0.00992	0.00754	0.00675	0.00992	0.01151	0.00556	0.01508	0.00873	0.02302	0.00714	0.00834	0.00556	0.00476	0.00318	0.00159	0.00397	0.00278	0.00318	0.00556
78	0.01548	0.01803	0.01261	0.01159	0.01377	0.51256	0.00881	0.05375	0.01304	0.01333	0.00997	0.01282	0.00866	0.01572	0.25338	0.00350	0.01048	0.00406	0.00280	0.00566
79	0.01379	0.01129	0.01204	0.01045	0.01360	0.01274	0.00822	0.12011	0.62692	0.04342	0.01924	0.01784	0.01433	0.00670	0.00514	0.00167	0.00426	0.00551	0.00514	0.04760
80	0.00689	0.00757	0.11537	0.00808	0.00938	0.00530	0.00663	0.00843	0.00981	0.01333	0.02485	0.65394	0.02914	0.06626	0.00758	0.00221	0.00375	0.01263	0.00430	0.00457
81	0.82031	0.01019	0.02142	0.02663	0.01076	0.01152	0.00600	0.01505	0.00881	0.02266	0.00723	0.00851	0.00560	0.00477	0.00325	0.00159	0.00410	0.00284	0.00314	0.00560
82	0.00809	0.00544	0.00697	0.00651	0.00792	0.00494	0.00491	0.01032	0.01410	0.06790	0.63753	0.05925	0.12532	0.01065	0.00601	0.00164	0.00258	0.00933	0.00557	0.00501
83	0.01144	0.01001	0.01104	0.00805	0.01250	0.03946	0.00643	0.05242	0.01150	0.01736	0.00924	0.01067	0.00762	0.00398	0.00390	0.00082	0.00412	0.00313	0.00313	0.77317
84	0.00661	0.00465	0.00582	0.00660	0.00686	0.00442	0.00423	0.00725	0.00917	0.01216	0.02543	0.54994	0.05607	0.26137	0.01251	0.00295	0.00357	0.01228	0.00426	0.00385
85	0.00714	0.00517	0.00673	0.00649	0.00763	0.00477	0.00481	0.00939	0.01402	0.01972	0.69703	0.11042	0.06526	0.01107	0.00610	0.00166	0.00248	0.00981	0.00554	0.00477
86	0.01541	0.51469	0.04582	0.01093	0.03103	0.27987	0.00962	0.01711	0.01184	0.01246	0.00752	0.00875	0.00662	0.00471	0.00382	0.00120	0.00682	0.00300	0.00235	0.00644
87	0.01208	0.00933	0.01097	0.00792	0.01241	0.00732	0.00637	0.04932	0.01161	0.08159	0.01019	0.01128	0.00808	0.00412	0.00397	0.00086	0.00393	0.00329	0.00341	0.74193
88	0.00790	0.00569	0.00711	0.00768	0.00844	0.00563	0.00534	0.10091	0.01153	0.01539	0.02606	0.70108	0.03052	0.03180	0.00679	0.00208	0.00335	0.01321	0.00477	0.00471
89	0.00702	0.01687	0.00695	0.02736	0.00866	0.00531	0.00527	0.00919	0.06920	0.01443	0.09451	0.60647	0.08095	0.01425	0.00629	0.00197	0.00312	0.01279	0.00478	0.00461
90	0.00700	0.00517	0.00654	0.00634	0.00754	0.00471	0.00470	0.00911	0.01368	0.01892	0.60930	0.11174	0.15350	0.01137	0.00610	0.00167	0.00250	0.00999	0.00544	0.00471
91	0.00969	0.00912	0.01539	0.80734	0.03534	0.01140	0.01425	0.01311	0.01026	0.01311	0.00912	0.01368	0.00684	0.00513	0.00513	0.00171	0.00684	0.00456	0.00228	0.00570
92	0.14643	0.25618	0.23947	0.02649	0.01592	0.04616	0.02196	0.01640	0.02999	0.06418	0.00914	0.01032	0.00711	0.00490	0.00439	0.00141	0.02581	0.00345	0.00276	0.06751
93	0.01048	0.02504	0.70597	0.01526	0.02247	0.01209	0.08924	0.01619	0.01089	0.01619	0.00927	0.01112	0.00663	0.00491	0.00522	0.00165	0.02367	0.00402	0.00221	0.00748
94	0.01211	0.01384	0.03028	0.02163	0.02682	0.01298	0.76903	0.01644	0.01211	0.01644	0.01038	0.01384	0.00779	0.00433	0.00606	0.00173	0.00865	0.00606	0.00260	0.00692
95	0.00969	0.00912	0.01539	0.80734	0.03534	0.01140	0.01425	0.01311	0.01026	0.01311	0.00912	0.01368	0.00684	0.00513	0.00513	0.00171	0.00684	0.00456	0.00228	0.00570
96	0.01790	0.01355	0.01486	0.06440	0.01684	0.01517	0.00982	0.61515	0.12990	0.02952	0.01332	0.01337	0.00958	0.00620	0.00515	0.00158	0.00550	0.00478	0.00496	0.00844
97	0.01967	0.01344	0.01476	0.01136	0.01534	0.01462	0.00935	0.66149	0.02255	0.12348	0.01319	0.01302	0.00921	0.00647	0.00551	0.02261	0.00546	0.00468	0.00521	0.00857
98	0.01060	0.02557	0.75341	0.01429	0.02163	0.01164	0.01832	0.01637	0.01102	0.03927	0.02589	0.01161	0.00757	0.00504	0.00491	0.00162	0.00738	0.00395	0.00236	0.00756
99	0.01902	0.01413	0.01512	0.01171	0.01573	0.01568	0.00963	0.71686	0.07861	0.03155	0.01294	0.01281	0.00923	0.00622	0.00514	0.00155	0.00553	0.00471	0.00514	0.00868
100	0.01917	0.02445	0.01454	0.01322	0.01586	0.79907	0.00991	0.02049	0.01454	0.01256	0.00793	0.00925	0.00661	0.00529	0.00463	0.00132	0.00925	0.00330	0.00264	0.00595
101	0.00718	0.00570	0.00895	0.00906	0.01002	0.00538	0.08923	0.00865	0.01035	0.01378	0.02616	0.62186	0.03045	0.01452	0.00657	0.00208	0.00385	0.11715	0.00452	0.00455
102	0.00891	0.00446	0.00668	0.00668	0.00668	0.00446	0.00446	0.00668	0.00668	0.00891	0.00891	0.01560	0.00891	0.01783	0.02005	0.85071	0.00446	0.00446	0.00223	0.00223
103	0.00625	0.00448	0.00594	0.00710	0.00743	0.00417	0.00474	0.00715	0.00986	0.01311	0.02879	0.79997	0.04997	0.01601	0.00654	0.00208	0.00297	0.01451	0.00476	0.00417
104	0.00660	0.00473	0.00634	0.00751	0.00799	0.00448	0.00536	0.00776	0.01021	0.01351	0.02861	0.66610	0.04973	0.01567	0.00663	0.00213	0.00328	0.14433	0.00476	0.00427
