[name]
unknown

[dist]
# distance from previous block
# <min> <max>
1	50

[block]
# block no. 0 follows, 38 sequences, length 6
# corresponding to MSA columns:
# 55-60
name=unknown_A
#
# <colnr> <probs for GDERKNQSTAVLIFYWHMCP>
#	G	D	E	R	K	N	Q	S	T	A	V	L	I	F	Y	W	H	M	C	P
0	0.01600	0.00962	0.01203	0.03096	0.01346	0.00998	0.00816	0.15223	0.01623	0.19951	0.10148	0.11239	0.05164	0.09545	0.07153	0.00302	0.05497	0.00823	0.02573	0.00738
1	0.01011	0.00620	0.00797	0.00819	0.00956	0.00559	0.00588	0.01174	0.01365	0.11452	0.17269	0.43511	0.14466	0.01556	0.00727	0.00220	0.00351	0.01381	0.00603	0.00577
2	0.03791	0.00886	0.00937	0.00892	0.01100	0.05493	0.00669	0.04206	0.04493	0.09708	0.08891	0.21391	0.18931	0.07272	0.00862	0.00235	0.00454	0.05595	0.00546	0.03648
3	0.01296	0.00875	0.01022	0.00950	0.01163	0.00887	0.00708	0.12466	0.10924	0.09888	0.08549	0.29035	0.10923	0.07373	0.00873	0.00241	0.00439	0.01118	0.00585	0.00686
4	0.01068	0.00709	0.00836	0.00796	0.00934	0.00685	0.00558	0.07470	0.01386	0.06877	0.15773	0.18730	0.14359	0.25441	0.01435	0.00324	0.00442	0.01092	0.00533	0.00551
5	0.01715	0.01025	0.01301	0.01166	0.06125	0.00950	0.00850	0.04822	0.08437	0.26575	0.02206	0.08449	0.06241	0.05786	0.00785	0.00198	0.02729	0.00697	0.00544	0.19400

[dist]
# distance from previous block
# <min> <max>
14	34

[block]
# block no. 1 follows, 38 sequences, length 22
# corresponding to MSA columns:
# 96-117
name=unknown_B
#
# <colnr> <probs for GDERKNQSTAVLIFYWHMCP>
#	G	D	E	R	K	N	Q	S	T	A	V	L	I	F	Y	W	H	M	C	P
0	0.04330	0.14021	0.05017	0.03669	0.04173	0.16344	0.12106	0.08092	0.01509	0.05537	0.04962	0.01721	0.05352	0.00727	0.00737	0.00183	0.09825	0.00561	0.00372	0.00763
1	0.03458	0.03819	0.05348	0.01346	0.01695	0.12864	0.02859	0.15694	0.01630	0.15053	0.01415	0.05953	0.01150	0.00805	0.00876	0.00191	0.17247	0.00568	0.00448	0.07580
2	0.00923	0.00797	0.05125	0.00913	0.01064	0.00681	0.00713	0.06540	0.01395	0.01884	0.15386	0.42435	0.07597	0.05750	0.00860	0.00245	0.00417	0.06160	0.00551	0.00565
3	0.01255	0.00953	0.01180	0.15286	0.01733	0.03431	0.00917	0.05738	0.05412	0.09823	0.10548	0.09024	0.21793	0.01129	0.00742	0.00207	0.04723	0.04921	0.00516	0.00670
4	0.01653	0.01334	0.01380	0.03647	0.01531	0.08697	0.00947	0.27561	0.05262	0.02531	0.01550	0.04291	0.01263	0.01160	0.08498	0.00259	0.07456	0.00581	0.17489	0.02909
5	0.01286	0.10313	0.55116	0.01801	0.02601	0.01517	0.15318	0.01899	0.01293	0.01861	0.01081	0.01306	0.00791	0.00554	0.00579	0.00187	0.00888	0.00482	0.00264	0.00863
6	0.00749	0.00560	0.00693	0.00778	0.00866	0.00509	0.00542	0.00884	0.01253	0.01631	0.10083	0.49796	0.21505	0.03895	0.00815	0.00240	0.00346	0.03794	0.00562	0.00499
7	0.01544	0.16615	0.22878	0.04998	0.02300	0.09814	0.14980	0.03562	0.01350	0.05397	0.01081	0.01322	0.00841	0.00626	0.00733	0.00186	0.10175	0.00489	0.00304	0.00804
8	0.01559	0.22347	0.30998	0.03749	0.03727	0.01620	0.11359	0.03726	0.02783	0.10865	0.01230	0.01371	0.00907	0.00578	0.00549	0.00176	0.00776	0.00480	0.00339	0.00864
9	0.01563	0.00772	0.01015	0.00945	0.01190	0.00699	0.00732	0.01787	0.03505	0.31151	0.03203	0.30262	0.10588	0.01336	0.00699	0.00219	0.00435	0.08540	0.00634	0.00725
10	0.01536	0.01629	0.04374	0.14170	0.52171	0.12059	0.01734	0.01881	0.01390	0.01831	0.01092	0.01442	0.00900	0.00559	0.00588	0.00179	0.00785	0.00512	0.00294	0.00873
11	0.00840	0.00656	0.00910	0.06843	0.01228	0.00654	0.02848	0.01083	0.05500	0.01646	0.07015	0.55727	0.06896	0.04167	0.00814	0.00243	0.00414	0.01445	0.00531	0.00541
12	0.01416	0.01428	0.04640	0.16375	0.56983	0.01417	0.05356	0.01798	0.01340	0.01887	0.01123	0.01509	0.00919	0.00547	0.00602	0.00184	0.00750	0.00542	0.00291	0.00894
13	0.00888	0.00654	0.00730	0.00701	0.00903	0.00576	0.00529	0.01125	0.03838	0.06202	0.21796	0.08134	0.48954	0.01400	0.00703	0.00201	0.00319	0.01186	0.00596	0.00566
14	0.02271	0.01405	0.05918	0.01228	0.01705	0.01319	0.01053	0.29283	0.07646	0.34524	0.01942	0.03809	0.01347	0.00754	0.00602	0.00185	0.00582	0.00600	0.00636	0.03192
15	0.01265	0.05735	0.02320	0.33337	0.05037	0.01489	0.21203	0.01615	0.01203	0.01613	0.01101	0.01660	0.00915	0.05266	0.00989	0.00229	0.13448	0.00590	0.00283	0.00702
16	0.00740	0.00526	0.00696	0.00829	0.00862	0.00493	0.00549	0.00839	0.01139	0.01518	0.03248	0.74927	0.03894	0.05539	0.00877	0.00260	0.00360	0.01671	0.00549	0.00483
17	0.01207	0.03112	0.75741	0.01715	0.02604	0.01397	0.02223	0.01905	0.01270	0.01905	0.01080	0.01270	0.00762	0.00572	0.00572	0.00191	0.00889	0.00445	0.00254	0.00889
18	0.02047	0.01387	0.01534	0.01220	0.01611	0.01495	0.00977	0.48256	0.05828	0.12371	0.01771	0.06270	0.01427	0.09903	0.00899	0.00233	0.00607	0.00662	0.00590	0.00912
19	0.00892	0.00683	0.00780	0.00742	0.00917	0.00633	0.00551	0.06281	0.01556	0.02045	0.31088	0.10330	0.33600	0.06180	0.00853	0.00223	0.00344	0.01156	0.00589	0.00558
20	0.00743	0.00537	0.00706	0.00838	0.00887	0.00500	0.00573	0.00859	0.01176	0.01554	0.03469	0.70803	0.08027	0.01853	0.00768	0.00244	0.00356	0.05058	0.00558	0.00493
21	0.01352	0.12745	0.54070	0.01634	0.02385	0.01533	0.06125	0.01918	0.01275	0.05471	0.01104	0.01292	0.00810	0.00597	0.00638	0.00187	0.05263	0.00457	0.00282	0.00863

[dist]
# distance from previous block
# <min> <max>
0	4

[block]
# block no. 2 follows, 38 sequences, length 28
# corresponding to MSA columns:
# 122-149
name=unknown_C
#
# <colnr> <probs for GDERKNQSTAVLIFYWHMCP>
#	G	D	E	R	K	N	Q	S	T	A	V	L	I	F	Y	W	H	M	C	P
0	0.01605	0.07324	0.05501	0.08748	0.13718	0.14201	0.03493	0.10469	0.11802	0.03438	0.01758	0.04571	0.06714	0.00761	0.00637	0.00185	0.03237	0.00615	0.00409	0.00812
1	0.00994	0.00668	0.00845	0.00893	0.01007	0.00644	0.00640	0.06991	0.01368	0.05893	0.06997	0.54653	0.06580	0.03692	0.00804	0.00242	0.00397	0.05551	0.00573	0.00568
2	0.01734	0.16677	0.08782	0.07207	0.12095	0.28990	0.01354	0.04390	0.03777	0.01698	0.01125	0.01486	0.00963	0.00655	0.00596	0.00172	0.03598	0.03611	0.00319	0.00773
3	0.05337	0.03891	0.11464	0.01210	0.01686	0.01278	0.01099	0.20443	0.07216	0.29348	0.04561	0.06599	0.01551	0.00795	0.00598	0.00189	0.00582	0.00639	0.00587	0.00927
4	0.01494	0.01402	0.02332	0.12052	0.62738	0.01444	0.01786	0.05890	0.01434	0.02021	0.01142	0.01500	0.00940	0.00554	0.00597	0.00181	0.00722	0.00536	0.00312	0.00924
5	0.01625	0.16029	0.07405	0.01125	0.01536	0.01447	0.00996	0.13649	0.19130	0.11224	0.06942	0.02272	0.07504	0.03655	0.02666	0.00215	0.00581	0.00643	0.00515	0.00840
6	0.01204	0.03575	0.01487	0.06689	0.01648	0.03273	0.11535	0.05794	0.06063	0.05532	0.10585	0.26819	0.03845	0.02666	0.06197	0.00270	0.00635	0.01030	0.00489	0.00665
7	0.01061	0.00964	0.01247	0.01150	0.01291	0.05938	0.04092	0.01331	0.04553	0.01514	0.01926	0.06384	0.07682	0.02949	0.42016	0.00626	0.13602	0.00723	0.00357	0.00594
8	0.00752	0.00555	0.00699	0.00800	0.00876	0.00510	0.00556	0.00878	0.01216	0.01586	0.06338	0.55246	0.17350	0.04598	0.00843	0.00249	0.00359	0.05541	0.00555	0.00494
9	0.04407	0.02155	0.37872	0.10573	0.19576	0.01351	0.01844	0.01988	0.03889	0.08882	0.01252	0.01456	0.00914	0.00591	0.00578	0.00189	0.00773	0.00495	0.00329	0.00885
10	0.01338	0.07390	0.57442	0.01820	0.06547	0.07222	0.06234	0.01935	0.01315	0.01848	0.01065	0.01271	0.00783	0.00566	0.00568	0.00184	0.00887	0.00454	0.00264	0.00866
11	0.05326	0.10642	0.01807	0.19447	0.07405	0.07032	0.06292	0.01914	0.10227	0.04723	0.01395	0.01658	0.01094	0.00783	0.03359	0.00208	0.03224	0.00529	0.12197	0.00741
12	0.01491	0.08719	0.42823	0.01522	0.02171	0.12485	0.01691	0.09861	0.04148	0.02005	0.01251	0.05115	0.01008	0.00751	0.02227	0.00199	0.00847	0.00513	0.00331	0.00841
13	0.01540	0.01558	0.02220	0.06551	0.57718	0.10711	0.01674	0.01911	0.03814	0.01891	0.01325	0.01623	0.03597	0.00594	0.00594	0.00178	0.00742	0.00549	0.00318	0.00892
14	0.01040	0.00941	0.01592	0.09824	0.12707	0.00919	0.13067	0.01303	0.01274	0.01724	0.04369	0.33933	0.06055	0.01201	0.00697	0.00213	0.00572	0.03586	0.00438	0.04546
15	0.00831	0.00707	0.00734	0.00746	0.00937	0.02243	0.00567	0.01106	0.06616	0.01719	0.07441	0.12590	0.52427	0.01491	0.00716	0.00212	0.00360	0.07451	0.00560	0.00548
16	0.08318	0.05212	0.43412	0.01758	0.05642	0.07097	0.11234	0.04409	0.01356	0.01983	0.01142	0.03691	0.00892	0.00608	0.00572	0.00188	0.00843	0.00508	0.00299	0.00835
17	0.06897	0.21768	0.29800	0.01299	0.01895	0.01548	0.01416	0.02084	0.06105	0.14260	0.04082	0.01491	0.01137	0.00641	0.00569	0.00177	0.03119	0.00475	0.00384	0.00851
18	0.01119	0.00769	0.01009	0.01101	0.04805	0.00744	0.00844	0.05268	0.01457	0.07535	0.05784	0.14214	0.16153	0.03508	0.00815	0.00248	0.00486	0.32969	0.00559	0.00615
19	0.01653	0.02221	0.35929	0.01457	0.02084	0.04158	0.01562	0.20229	0.07894	0.09325	0.01644	0.04132	0.03552	0.00723	0.00596	0.00190	0.00731	0.00571	0.00441	0.00909
20	0.01375	0.03266	0.11202	0.09396	0.08239	0.09189	0.01269	0.04761	0.08833	0.03162	0.09539	0.04748	0.05046	0.00911	0.01921	0.00211	0.13538	0.00656	0.01990	0.00747
21	0.01426	0.19302	0.15085	0.04284	0.25353	0.01623	0.11138	0.01940	0.07673	0.01878	0.03877	0.01530	0.01120	0.00585	0.00565	0.00176	0.00734	0.00528	0.00322	0.00860
22	0.00785	0.00712	0.00667	0.00667	0.00866	0.04124	0.00496	0.00935	0.01375	0.01613	0.05694	0.09606	0.67391	0.01501	0.00706	0.00203	0.00344	0.01252	0.00547	0.00516
23	0.01448	0.18756	0.07922	0.01559	0.01951	0.06486	0.17420	0.05718	0.04404	0.01775	0.01465	0.06782	0.04715	0.00797	0.00862	0.00196	0.16017	0.00632	0.00342	0.00752
24	0.01451	0.12353	0.01592	0.01186	0.01400	0.12307	0.00945	0.13110	0.01461	0.01842	0.01806	0.21353	0.03979	0.05012	0.02671	0.00240	0.15375	0.00826	0.00416	0.00674
25	0.00733	0.00524	0.00698	0.00838	0.00873	0.00489	0.00558	0.00838	0.01152	0.01536	0.03316	0.78466	0.03979	0.01885	0.00768	0.00244	0.00349	0.01710	0.00558	0.00489
26	0.01329	0.01379	0.02453	0.05650	0.08245	0.03741	0.34576	0.01809	0.06959	0.01879	0.04393	0.02438	0.05466	0.00795	0.00834	0.00213	0.09279	0.07436	0.00372	0.00756
27	0.01968	0.04771	0.01687	0.01435	0.05320	0.19663	0.01081	0.31423	0.12841	0.04030	0.01540	0.04332	0.01249	0.05080	0.00723	0.00201	0.00720	0.00577	0.00493	0.00865

[dist]
# distance from previous block
# <min> <max>
4	16

[block]
# block no. 3 follows, 38 sequences, length 64
# corresponding to MSA columns:
# 180-243
name=unknown_D
#
# <colnr> <probs for GDERKNQSTAVLIFYWHMCP>
#	G	D	E	R	K	N	Q	S	T	A	V	L	I	F	Y	W	H	M	C	P
0	0.09505	0.10995	0.24206	0.05246	0.11886	0.01571	0.01491	0.16833	0.04753	0.02364	0.04739	0.01486	0.01119	0.00634	0.00550	0.00180	0.00696	0.00497	0.00381	0.00866
1	0.01439	0.01499	0.01938	0.48712	0.11432	0.15695	0.04938	0.04152	0.01382	0.01666	0.01069	0.01488	0.00826	0.00597	0.00595	0.00189	0.00852	0.00515	0.00292	0.00724
2	0.00825	0.00703	0.00730	0.00750	0.00910	0.04107	0.00555	0.00996	0.01400	0.01743	0.16936	0.20169	0.41620	0.01511	0.00720	0.00210	0.00359	0.04666	0.00564	0.00525
3	0.01758	0.01547	0.01827	0.07723	0.23145	0.11175	0.01311	0.20412	0.07789	0.05726	0.01512	0.01734	0.03073	0.03017	0.03455	0.00223	0.02704	0.00566	0.00431	0.00869
4	0.07338	0.04709	0.07480	0.01132	0.01586	0.04771	0.00993	0.09379	0.05148	0.40865	0.04227	0.03988	0.04134	0.00776	0.00586	0.00185	0.00568	0.00616	0.00605	0.00913
5	0.00800	0.00571	0.00774	0.00914	0.00978	0.00546	0.00674	0.00953	0.01217	0.01610	0.03279	0.58272	0.03833	0.01822	0.00786	0.00254	0.00407	0.21247	0.00557	0.00507
6	0.01212	0.03073	0.73849	0.01736	0.02618	0.01400	0.04076	0.01906	0.01274	0.01906	0.01083	0.01279	0.00766	0.00570	0.00575	0.00191	0.00892	0.00451	0.00255	0.00887
7	0.01341	0.19761	0.53032	0.01528	0.02284	0.03638	0.01851	0.01978	0.05890	0.01824	0.01109	0.01260	0.00833	0.00576	0.00532	0.00177	0.00814	0.00431	0.00279	0.00862
8	0.01225	0.03000	0.70890	0.01846	0.07402	0.01399	0.02198	0.01901	0.01277	0.01909	0.01083	0.01285	0.00775	0.00569	0.00573	0.00190	0.00878	0.00451	0.00257	0.00893
9	0.00914	0.00630	0.00820	0.00764	0.00919	0.00577	0.00576	0.01193	0.01694	0.05044	0.70148	0.04443	0.07549	0.01221	0.00706	0.00190	0.00293	0.01076	0.00662	0.00582
10	0.10457	0.01341	0.02483	0.31512	0.09168	0.01423	0.31379	0.01751	0.01287	0.01865	0.01110	0.01532	0.00844	0.00552	0.00621	0.00198	0.00846	0.00585	0.00297	0.00749
11	0.00903	0.02858	0.01178	0.03144	0.02886	0.00783	0.07728	0.01122	0.03147	0.01661	0.07056	0.46033	0.12388	0.01499	0.00787	0.00226	0.04185	0.01343	0.00505	0.00570
12	0.00733	0.00524	0.00698	0.00838	0.00873	0.00489	0.00558	0.00838	0.01152	0.01536	0.03316	0.78466	0.03979	0.01885	0.00768	0.00244	0.00349	0.01710	0.00558	0.00489
13	0.01135	0.00789	0.01389	0.01352	0.08379	0.00771	0.12382	0.01074	0.00960	0.01299	0.01185	0.05257	0.01148	0.01673	0.01843	0.57429	0.00613	0.00608	0.00285	0.00428
14	0.01880	0.20502	0.05502	0.03499	0.01834	0.04324	0.09475	0.05204	0.01480	0.25796	0.01759	0.01791	0.05739	0.00720	0.00692	0.00181	0.07757	0.00562	0.00458	0.00842
15	0.01732	0.01417	0.16274	0.01255	0.01726	0.01023	0.06781	0.02241	0.08970	0.29930	0.19486	0.02468	0.02343	0.00815	0.00633	0.00191	0.00568	0.00705	0.00578	0.00863
16	0.01619	0.01079	0.01247	0.01058	0.01357	0.01114	0.00831	0.30652	0.02022	0.11290	0.16246	0.19346	0.07304	0.01129	0.00666	0.00198	0.00481	0.00957	0.00618	0.00786
17	0.01268	0.01156	0.01893	0.59898	0.05516	0.01373	0.06115	0.08542	0.01388	0.01805	0.01213	0.01823	0.00956	0.00654	0.00619	0.00202	0.00788	0.03762	0.00316	0.00714
18	0.01477	0.01421	0.04983	0.12098	0.53480	0.01406	0.01711	0.01993	0.09180	0.04436	0.01306	0.01594	0.01041	0.00582	0.00597	0.00185	0.00699	0.00550	0.00341	0.00919
19	0.01867	0.02168	0.01456	0.01319	0.01619	0.48596	0.01004	0.07958	0.06227	0.01768	0.02141	0.02270	0.15424	0.00847	0.00593	0.00173	0.00844	0.02617	0.00409	0.00699
20	0.02153	0.02747	0.05131	0.01688	0.06544	0.65760	0.01253	0.04713	0.01701	0.01601	0.00967	0.01131	0.00794	0.00616	0.00549	0.00159	0.01038	0.00405	0.00316	0.00733
21	0.01243	0.01006	0.03165	0.04444	0.05032	0.07001	0.00710	0.05694	0.01171	0.06159	0.01712	0.03083	0.01771	0.51070	0.03936	0.00457	0.00674	0.00746	0.00387	0.00538
22	0.01598	0.29851	0.22026	0.01473	0.06152	0.20739	0.01394	0.01924	0.01376	0.01607	0.01281	0.01418	0.05552	0.00623	0.00509	0.00160	0.00804	0.00445	0.00292	0.00778
23	0.01058	0.00721	0.00833	0.00814	0.01005	0.00668	0.00602	0.08098	0.01463	0.08681	0.04245	0.32464	0.34056	0.01509	0.00712	0.00215	0.00376	0.01303	0.00580	0.00599
24	0.01260	0.07556	0.01961	0.01517	0.01646	0.01634	0.08991	0.01454	0.01009	0.01487	0.01004	0.01530	0.00944	0.01639	0.16561	0.00386	0.47927	0.00553	0.00279	0.00660
25	0.01292	0.03200	0.04791	0.02289	0.03962	0.01094	0.00880	0.08485	0.22982	0.05609	0.19995	0.03307	0.17614	0.01015	0.00645	0.00194	0.00452	0.00854	0.00575	0.00767
26	0.00777	0.00580	0.00730	0.00837	0.00916	0.00548	0.00584	0.00970	0.04468	0.01608	0.03675	0.60442	0.14188	0.01772	0.00756	0.00238	0.00360	0.05475	0.00561	0.00516
27	0.05271	0.02733	0.60305	0.01841	0.09065	0.01378	0.03850	0.01940	0.01291	0.05255	0.01134	0.01320	0.00810	0.00574	0.00569	0.00189	0.00839	0.00461	0.00287	0.00887
28	0.01784	0.07659	0.01594	0.01178	0.01528	0.01520	0.00949	0.45246	0.02138	0.02854	0.01657	0.09813	0.01488	0.10291	0.07266	0.00296	0.00698	0.00693	0.00518	0.00829
29	0.01339	0.01299	0.03806	0.07360	0.42368	0.04832	0.01443	0.04853	0.01407	0.01923	0.04912	0.18314	0.01802	0.00878	0.00636	0.00194	0.00642	0.00806	0.00382	0.00806
30	0.02575	0.00996	0.01356	0.01049	0.01493	0.00863	0.00863	0.02811	0.01721	0.70620	0.07229	0.02212	0.01770	0.00777	0.00612	0.00186	0.00497	0.00637	0.00739	0.00993
31	0.01436	0.08048	0.05654	0.21307	0.04788	0.08264	0.25919	0.06291	0.01432	0.01826	0.01355	0.03908	0.03635	0.00652	0.00660	0.00192	0.02930	0.00622	0.00324	0.00757
32	0.06293	0.54433	0.17106	0.03699	0.01826	0.04783	0.01267	0.01833	0.01237	0.01592	0.00895	0.01051	0.00764	0.00535	0.00434	0.00147	0.00702	0.00355	0.00266	0.00782
33	0.06057	0.01339	0.05693	0.01161	0.01584	0.07958	0.00988	0.02672	0.14004	0.42411	0.03522	0.02243	0.01605	0.00794	0.00604	0.00192	0.00577	0.05057	0.00622	0.00918
34	0.01291	0.05430	0.63574	0.01795	0.05474	0.01458	0.05492	0.05147	0.01351	0.01978	0.01097	0.01294	0.00789	0.00572	0.00574	0.00188	0.00870	0.00461	0.00274	0.00890
35	0.06000	0.14815	0.17610	0.08480	0.26772	0.05830	0.06529	0.01888	0.01324	0.03815	0.01078	0.01338	0.00856	0.00555	0.00549	0.00175	0.00768	0.00475	0.00297	0.00847
36	0.03648	0.01261	0.04769	0.49395	0.26055	0.01368	0.01716	0.01654	0.01252	0.01718	0.01082	0.01537	0.00843	0.00579	0.00592	0.00193	0.00768	0.00526	0.00279	0.00765
37	0.00869	0.00634	0.00799	0.00844	0.00952	0.00606	0.00605	0.05520	0.01427	0.01922	0.21859	0.46052	0.09791	0.01605	0.00740	0.00224	0.00356	0.04060	0.00588	0.00547
38	0.01271	0.04560	0.50234	0.04260	0.14479	0.02892	0.06147	0.01843	0.01306	0.01870	0.01329	0.01544	0.04392	0.00608	0.00586	0.00188	0.00834	0.00513	0.00281	0.00863
39	0.01610	0.01204	0.10147	0.01136	0.03408	0.00979	0.00962	0.09262	0.07373	0.22510	0.19226	0.08548	0.03943	0.05969	0.00798	0.00218	0.00510	0.00812	0.00587	0.00799
40	0.00913	0.00702	0.00926	0.01038	0.05601	0.00688	0.00713	0.01260	0.08066	0.01985	0.27912	0.30731	0.07494	0.01438	0.00726	0.00219	0.00379	0.08033	0.00583	0.00595
41	0.02024	0.04895	0.01550	0.01203	0.01605	0.04397	0.00977	0.19939	0.24481	0.23446	0.02182	0.02037	0.04958	0.00792	0.00634	0.00189	0.02521	0.00622	0.00608	0.00943
42	0.01920	0.01460	0.01578	0.01320	0.03120	0.03660	0.01037	0.52088	0.04764	0.03164	0.01775	0.14293	0.01554	0.01085	0.04088	0.00227	0.00660	0.00741	0.00568	0.00899
43	0.01333	0.02181	0.33437	0.05679	0.17940	0.01442	0.25469	0.01884	0.01337	0.01909	0.01135	0.01447	0.00853	0.00544	0.00624	0.00193	0.00890	0.00555	0.00280	0.00867
44	0.00885	0.00626	0.00802	0.00753	0.00910	0.00573	0.00568	0.01152	0.01652	0.04226	0.63888	0.04527	0.13027	0.01317	0.02265	0.00207	0.00319	0.01086	0.00646	0.00572
45	0.03734	0.05231	0.41139	0.08433	0.21761	0.01444	0.06187	0.01853	0.01291	0.01897	0.01084	0.01356	0.00822	0.00558	0.00576	0.00186	0.00822	0.00484	0.00273	0.00872
46	0.01472	0.01515	0.04669	0.08139	0.59181	0.03449	0.09036	0.01851	0.01370	0.01919	0.01129	0.01492	0.00929	0.00541	0.00605	0.00182	0.00766	0.00547	0.00296	0.00912
47	0.00912	0.00669	0.00892	0.01005	0.01150	0.00649	0.00857	0.01158	0.01371	0.01756	0.03717	0.09968	0.16401	0.01647	0.00806	0.00262	0.00499	0.55180	0.00555	0.00543
48	0.03730	0.09110	0.29043	0.01415	0.04706	0.01322	0.01433	0.05856	0.05822	0.27475	0.03228	0.01650	0.01204	0.00661	0.00569	0.00183	0.00670	0.00522	0.00476	0.00925
49	0.08409	0.33973	0.19537	0.01256	0.01824	0.07173	0.01292	0.11238	0.01496	0.07162	0.01087	0.01185	0.00843	0.00582	0.00483	0.00161	0.00711	0.00404	0.00349	0.00835
50	0.00767	0.00615	0.00687	0.00678	0.00859	0.00535	0.00515	0.00967	0.01477	0.01882	0.27692	0.05424	0.49772	0.01437	0.00716	0.00202	0.00309	0.04345	0.00591	0.00529
51	0.00841	0.00644	0.00774	0.00736	0.00904	0.00592	0.00554	0.01151	0.04856	0.02195	0.52206	0.04757	0.24976	0.01294	0.00706	0.00194	0.00298	0.01121	0.00631	0.00568
52	0.01963	0.01447	0.01520	0.01265	0.01667	0.05054	0.01011	0.24807	0.37356	0.14133	0.02054	0.01911	0.01480	0.00767	0.00605	0.00192	0.00568	0.00612	0.00615	0.00973
53	0.01207	0.03112	0.75741	0.01715	0.02604	0.01397	0.02223	0.01905	0.01270	0.01905	0.01080	0.01270	0.00762	0.00572	0.00572	0.00191	0.00889	0.00445	0.00254	0.00889
54	0.01425	0.01609	0.03473	0.02616	0.08134	0.01515	0.67993	0.01921	0.01416	0.01930	0.01211	0.01613	0.00916	0.00509	0.00702	0.00201	0.00993	0.00698	0.00304	0.00821
55	0.01045	0.00522	0.00784	0.00784	0.00784	0.00522	0.00522	0.00784	0.00784	0.01045	0.01045	0.01829	0.01045	0.02090	0.02351	0.82497	0.00522	0.00522	0.00261	0.00261
56	0.00718	0.00610	0.00619	0.00617	0.00817	0.00511	0.00462	0.00877	0.01387	0.01663	0.09421	0.05727	0.71511	0.01509	0.00711	0.00202	0.00304	0.01261	0.00564	0.00511
57	0.01420	0.01623	0.03550	0.02535	0.03144	0.01521	0.72921	0.01927	0.01420	0.01927	0.01217	0.01623	0.00913	0.00507	0.00710	0.00203	0.01014	0.00710	0.00304	0.00811
58	0.00748	0.00610	0.00656	0.00645	0.00828	0.00524	0.00480	0.00927	0.01435	0.01795	0.21900	0.05439	0.56874	0.03536	0.00774	0.00210	0.00307	0.01217	0.00577	0.00518
59	0.01319	0.01426	0.02928	0.29193	0.03500	0.01456	0.47555	0.01788	0.01343	0.01788	0.01164	0.01616	0.00873	0.00541	0.00671	0.00202	0.00939	0.00648	0.00291	0.00760
60	0.01370	0.01501	0.02988	0.08928	0.02859	0.01582	0.49534	0.01778	0.01282	0.01778	0.01102	0.01548	0.00874	0.00646	0.01002	0.00217	0.19308	0.00651	0.00291	0.00762
61	0.00818	0.00590	0.00736	0.00819	0.00870	0.00577	0.00541	0.01010	0.05744	0.01560	0.06411	0.53729	0.03533	0.18636	0.01257	0.00313	0.00405	0.01432	0.00524	0.00495
62	0.01220	0.05634	0.73336	0.01692	0.02569	0.01430	0.02183	0.01902	0.01269	0.01889	0.01072	0.01260	0.00762	0.00570	0.00565	0.00188	0.00881	0.00440	0.00254	0.00885
63	0.01411	0.01595	0.03398	0.02450	0.03005	0.01550	0.66554	0.01884	0.01376	0.01884	0.01179	0.01595	0.00902	0.00556	0.00822	0.00208	0.07838	0.00694	0.00301	0.00798

[dist]
# distance from previous block
# <min> <max>
11	26

[block]
# block no. 4 follows, 38 sequences, length 8
# corresponding to MSA columns:
# 270-277
name=unknown_E
#
# <colnr> <probs for GDERKNQSTAVLIFYWHMCP>
#	G	D	E	R	K	N	Q	S	T	A	V	L	I	F	Y	W	H	M	C	P
0	0.01498	0.01275	0.01304	0.01090	0.01410	0.09100	0.00843	0.14759	0.08963	0.03497	0.03518	0.05698	0.01514	0.10356	0.02832	0.02682	0.04308	0.02083	0.00445	0.22823
1	0.15162	0.01222	0.01315	0.01163	0.03627	0.02855	0.00907	0.22457	0.10850	0.08982	0.08500	0.02377	0.05237	0.01074	0.05330	0.00239	0.00600	0.04920	0.00540	0.02642
2	0.01327	0.01434	0.08504	0.32192	0.41267	0.01390	0.01810	0.01731	0.01296	0.01794	0.01103	0.01515	0.00878	0.00565	0.00596	0.00188	0.00764	0.00528	0.00282	0.00837
3	0.01228	0.06295	0.05438	0.07400	0.01302	0.00933	0.00769	0.07867	0.01322	0.02045	0.01622	0.02054	0.01337	0.05695	0.06238	0.05383	0.00550	0.00556	0.41352	0.00614
4	0.01495	0.01121	0.01284	0.05821	0.01594	0.01151	0.00879	0.09174	0.28241	0.10169	0.02547	0.05252	0.11879	0.00857	0.00598	0.00180	0.00484	0.00711	0.00547	0.16015
5	0.00842	0.00604	0.00736	0.00737	0.00827	0.00580	0.00512	0.00988	0.01255	0.01693	0.25477	0.08164	0.13717	0.30408	0.06376	0.00395	0.00501	0.05208	0.00504	0.00477
6	0.01106	0.00826	0.00989	0.00957	0.01135	0.00840	0.00716	0.12033	0.08627	0.02166	0.17024	0.33805	0.03444	0.04231	0.00793	0.00229	0.00423	0.06388	0.00576	0.03692
7	0.01442	0.01484	0.06177	0.10264	0.64930	0.01419	0.01850	0.01821	0.01350	0.01923	0.01123	0.01488	0.00929	0.00544	0.00595	0.00181	0.00732	0.00531	0.00293	0.00924

[dist]
# distance from previous block
# <min> <max>
0	56

[block]
# block no. 5 follows, 38 sequences, length 7
# corresponding to MSA columns:
# 334-340
name=unknown_F
#
# <colnr> <probs for GDERKNQSTAVLIFYWHMCP>
#	G	D	E	R	K	N	Q	S	T	A	V	L	I	F	Y	W	H	M	C	P
0	0.00999	0.00687	0.00780	0.00757	0.00812	0.00701	0.00473	0.08269	0.01116	0.01490	0.02058	0.14654	0.02332	0.59521	0.02472	0.00492	0.00557	0.00964	0.00417	0.00450
1	0.00923	0.00691	0.00815	0.05058	0.01103	0.00661	0.00637	0.01100	0.01312	0.05233	0.04478	0.04989	0.45154	0.08408	0.00968	0.00246	0.03638	0.09978	0.04066	0.00544
2	0.01710	0.05510	0.02004	0.04440	0.28159	0.19694	0.03987	0.09490	0.01593	0.04632	0.01644	0.01823	0.08488	0.00704	0.00639	0.00178	0.03537	0.00574	0.00372	0.00822
3	0.13720	0.21723	0.01835	0.01214	0.04830	0.17878	0.00965	0.02130	0.01428	0.19727	0.01563	0.01594	0.05085	0.00786	0.02945	0.00190	0.00698	0.00479	0.00425	0.00786
4	0.00755	0.00582	0.00700	0.00745	0.00864	0.00535	0.00532	0.00906	0.01269	0.01638	0.11952	0.30993	0.31966	0.04839	0.08582	0.00309	0.00463	0.01327	0.00538	0.00505
5	0.01301	0.01031	0.01584	0.08684	0.01786	0.01096	0.14369	0.09161	0.03630	0.05279	0.01834	0.15004	0.01730	0.09968	0.02967	0.00266	0.06663	0.00820	0.12154	0.00673
6	0.22806	0.07594	0.04491	0.15010	0.04608	0.01413	0.01083	0.14682	0.01481	0.04980	0.03972	0.05260	0.01211	0.00872	0.03744	0.00220	0.02899	0.00546	0.02380	0.00748

[dist]
# distance from previous block
# <min> <max>
1	7

[block]
# block no. 6 follows, 38 sequences, length 11
# corresponding to MSA columns:
# 348-358
name=unknown_G
#
# <colnr> <probs for GDERKNQSTAVLIFYWHMCP>
#	G	D	E	R	K	N	Q	S	T	A	V	L	I	F	Y	W	H	M	C	P
0	0.03955	0.14210	0.01587	0.04579	0.09320	0.06382	0.00956	0.04595	0.01289	0.01706	0.01967	0.21540	0.05389	0.06026	0.00855	0.00218	0.06031	0.03573	0.00401	0.05422
1	0.24874	0.06906	0.11895	0.24717	0.06525	0.01319	0.01269	0.01611	0.01188	0.01978	0.04305	0.08461	0.01255	0.00718	0.00535	0.00192	0.00637	0.00577	0.00340	0.00697
2	0.01451	0.00932	0.01133	0.00948	0.01285	0.00839	0.00754	0.08712	0.03276	0.15073	0.09418	0.06542	0.09876	0.01033	0.00737	0.06041	0.00460	0.07618	0.00530	0.23344
3	0.01003	0.13667	0.01167	0.00893	0.01022	0.06113	0.00651	0.01111	0.01163	0.01460	0.02541	0.49841	0.02975	0.12365	0.01011	0.00267	0.00482	0.01272	0.00464	0.00532
4	0.13075	0.19331	0.09599	0.05635	0.01713	0.01629	0.01149	0.08191	0.01346	0.05106	0.08484	0.01586	0.01324	0.00831	0.02441	0.00207	0.16732	0.00507	0.00369	0.00745
5	0.01163	0.00946	0.01267	0.01060	0.01314	0.00924	0.07254	0.10340	0.01342	0.01858	0.02088	0.15216	0.07266	0.18013	0.07046	0.00327	0.04059	0.00848	0.00427	0.17242
6	0.01208	0.01071	0.01242	0.01187	0.03728	0.07792	0.00866	0.06375	0.01149	0.01545	0.01465	0.04326	0.01482	0.23458	0.23140	0.00533	0.17836	0.00676	0.00345	0.00578
7	0.07964	0.00758	0.00903	0.00883	0.01045	0.00756	0.00646	0.09184	0.01406	0.07212	0.10831	0.37221	0.07201	0.01489	0.00862	0.08933	0.00414	0.01163	0.00541	0.00586
8	0.14542	0.00973	0.03405	0.04054	0.06716	0.00983	0.00794	0.09037	0.01251	0.04351	0.01671	0.09005	0.01650	0.25416	0.09694	0.00398	0.00677	0.00722	0.04046	0.00615
9	0.43980	0.04965	0.04108	0.07256	0.01559	0.01347	0.00886	0.07048	0.06445	0.05282	0.04324	0.01472	0.01105	0.00957	0.06805	0.00251	0.00623	0.00459	0.00410	0.00718
10	0.01667	0.01771	0.13845	0.03658	0.21716	0.05992	0.04919	0.22397	0.03963	0.03935	0.01564	0.01847	0.04236	0.00790	0.02449	0.00206	0.00754	0.02979	0.00418	0.00893

[dist]
# distance from previous block
# <min> <max>
2	7

[block]
# block no. 7 follows, 38 sequences, length 8
# corresponding to MSA columns:
# 366-373
name=unknown_H
#
# <colnr> <probs for GDERKNQSTAVLIFYWHMCP>
#	G	D	E	R	K	N	Q	S	T	A	V	L	I	F	Y	W	H	M	C	P
0	0.02068	0.01550	0.01682	0.01315	0.01764	0.01700	0.01077	0.58428	0.08521	0.03424	0.01515	0.01557	0.01113	0.00952	0.05371	0.00226	0.00693	0.00548	0.00570	0.05925
1	0.01037	0.00730	0.00941	0.00896	0.01030	0.00804	0.00679	0.06638	0.01165	0.01724	0.01734	0.05873	0.01638	0.13255	0.39214	0.00627	0.03439	0.00689	0.14816	0.03073
2	0.00887	0.00718	0.00891	0.07248	0.04488	0.02621	0.00699	0.01028	0.01280	0.01621	0.10205	0.21184	0.29993	0.01504	0.00894	0.09435	0.00427	0.03864	0.00492	0.00521
3	0.04004	0.07377	0.01664	0.01215	0.01616	0.01623	0.00991	0.44839	0.09135	0.06805	0.01582	0.01808	0.01241	0.09233	0.03937	0.00254	0.00660	0.00576	0.00541	0.00897
4	0.01346	0.01412	0.05122	0.08040	0.14448	0.01338	0.37506	0.01730	0.01331	0.03918	0.01539	0.06152	0.04540	0.00746	0.00808	0.03603	0.04594	0.00722	0.00334	0.00770
5	0.02131	0.01005	0.01293	0.01020	0.01434	0.00893	0.00824	0.04143	0.06321	0.47460	0.07636	0.02317	0.01810	0.04273	0.00706	0.00193	0.00490	0.02394	0.00647	0.13011
6	0.01012	0.00771	0.01079	0.01114	0.03519	0.02716	0.05057	0.01225	0.03141	0.04639	0.02626	0.33624	0.04429	0.05792	0.12747	0.03152	0.00674	0.11635	0.00480	0.00567
7	0.01568	0.10228	0.02128	0.04117	0.06842	0.14176	0.10535	0.08550	0.01391	0.01780	0.01178	0.07711	0.01100	0.00838	0.01026	0.00205	0.24950	0.00605	0.00335	0.00738

[dist]
# distance from previous block
# <min> <max>
0	4

[block]
# block no. 8 follows, 38 sequences, length 30
# corresponding to MSA columns:
# 378-407
name=unknown_I
#
# <colnr> <probs for GDERKNQSTAVLIFYWHMCP>
#	G	D	E	R	K	N	Q	S	T	A	V	L	I	F	Y	W	H	M	C	P
0	0.01114	0.00746	0.00859	0.00832	0.00996	0.00743	0.00604	0.03834	0.10402	0.07754	0.03145	0.16610	0.17026	0.19848	0.03135	0.00317	0.00473	0.04710	0.06259	0.00593
1	0.00957	0.00682	0.00807	0.00801	0.00917	0.00677	0.00580	0.04437	0.03917	0.01591	0.05684	0.04363	0.19609	0.27622	0.05136	0.09025	0.00542	0.11708	0.00459	0.00485
2	0.03662	0.01389	0.03302	0.01213	0.01632	0.01425	0.01003	0.42542	0.04946	0.16776	0.02115	0.09326	0.06149	0.00887	0.00621	0.00190	0.00575	0.00712	0.00609	0.00925
3	0.01953	0.01180	0.01427	0.01249	0.04792	0.01209	0.00954	0.26257	0.07349	0.24099	0.08079	0.08411	0.02002	0.03690	0.00725	0.00209	0.00542	0.04364	0.00621	0.00887
4	0.01891	0.00938	0.01186	0.00997	0.01343	0.00882	0.00802	0.02367	0.13558	0.39579	0.14770	0.03139	0.10174	0.00969	0.00647	0.00196	0.00449	0.04579	0.00679	0.00856
5	0.01374	0.01379	0.02522	0.17020	0.30018	0.01413	0.24327	0.01889	0.07327	0.01902	0.01333	0.04354	0.01092	0.00610	0.00641	0.00195	0.00794	0.00645	0.00329	0.00837
6	0.03938	0.05085	0.10531	0.05391	0.35200	0.04088	0.13286	0.01887	0.01367	0.06142	0.01281	0.01722	0.01050	0.00702	0.02529	0.00207	0.00793	0.03606	0.00331	0.00862
7	0.00990	0.00729	0.00949	0.00906	0.01013	0.00824	0.00681	0.04973	0.01102	0.01579	0.01951	0.02797	0.06767	0.19162	0.38454	0.00655	0.06938	0.00715	0.08278	0.00536
8	0.01316	0.01316	0.01843	0.01579	0.01579	0.01843	0.01316	0.01448	0.00921	0.01448	0.00790	0.01316	0.00790	0.01053	0.01974	0.00263	0.77757	0.00526	0.00263	0.00658
9	0.01216	0.01178	0.01743	0.01495	0.01557	0.01569	0.05563	0.01390	0.00962	0.01465	0.01007	0.01579	0.00964	0.01825	0.19253	0.00423	0.55325	0.00565	0.00279	0.00639
10	0.01363	0.02121	0.30641	0.02632	0.28407	0.01441	0.20852	0.01890	0.01345	0.01932	0.01134	0.01441	0.00870	0.00542	0.00617	0.00190	0.00861	0.00547	0.00283	0.00891
11	0.00860	0.00573	0.00761	0.00827	0.00912	0.00529	0.00577	0.01020	0.01330	0.05337	0.22833	0.54541	0.04324	0.01651	0.00744	0.00226	0.00339	0.01487	0.00596	0.00536
12	0.01420	0.01623	0.03550	0.02535	0.03144	0.01521	0.72921	0.01927	0.01420	0.01927	0.01217	0.01623	0.00913	0.00507	0.00710	0.00203	0.01014	0.00710	0.00304	0.00811
13	0.31710	0.06224	0.05784	0.09400	0.05802	0.01173	0.00936	0.01564	0.01254	0.03824	0.15694	0.04748	0.04518	0.00953	0.03927	0.00222	0.00561	0.00619	0.00418	0.00669
14	0.00963	0.00719	0.00791	0.00781	0.00843	0.03448	0.00507	0.04192	0.01084	0.01426	0.04723	0.12331	0.05048	0.49251	0.10894	0.00526	0.00676	0.00935	0.00409	0.00453
15	0.00765	0.00597	0.00694	0.00701	0.00854	0.00526	0.00514	0.00957	0.01453	0.01893	0.30279	0.17519	0.38141	0.01479	0.00720	0.00205	0.00305	0.01278	0.00596	0.00526
16	0.01450	0.01473	0.05322	0.13339	0.46814	0.01471	0.09355	0.05220	0.01391	0.01957	0.01124	0.01498	0.00914	0.00584	0.00692	0.00190	0.05469	0.00550	0.00305	0.00882
17	0.01468	0.28434	0.02628	0.07226	0.06504	0.06403	0.16072	0.01738	0.01227	0.01572	0.00989	0.01332	0.00858	0.00850	0.04925	0.00226	0.16033	0.00493	0.00278	0.00744
18	0.04676	0.01950	0.34498	0.01393	0.01999	0.01157	0.04580	0.02177	0.05878	0.23290	0.06947	0.03867	0.01546	0.00743	0.00604	0.00194	0.00678	0.02475	0.00469	0.00878
19	0.00919	0.00668	0.00903	0.01014	0.01154	0.00652	0.00863	0.01172	0.01389	0.01802	0.07897	0.10913	0.11603	0.01634	0.00806	0.00261	0.00497	0.54748	0.00561	0.00546
20	0.10218	0.02320	0.44060	0.12681	0.11235	0.01394	0.06149	0.01832	0.01254	0.01948	0.01066	0.01332	0.00787	0.00566	0.00565	0.00191	0.00817	0.00471	0.00277	0.00834
21	0.03552	0.01316	0.01709	0.32066	0.12031	0.06959	0.01381	0.17029	0.01622	0.02128	0.01479	0.06688	0.01308	0.00798	0.00622	0.00200	0.00722	0.07234	0.00394	0.00761
22	0.02097	0.02599	0.01676	0.01518	0.01802	0.64296	0.01151	0.02351	0.06259	0.01536	0.01032	0.01206	0.00861	0.00754	0.02385	0.00185	0.06839	0.00423	0.00326	0.00707
23	0.06507	0.03968	0.41065	0.08280	0.08590	0.01400	0.08644	0.04405	0.03613	0.02007	0.02650	0.01574	0.03432	0.00620	0.00582	0.00190	0.00795	0.00526	0.00313	0.00838
24	0.00887	0.00641	0.00814	0.00824	0.00911	0.00662	0.00578	0.04174	0.01144	0.01550	0.06976	0.20318	0.08535	0.24860	0.23818	0.00547	0.00797	0.01025	0.00441	0.00497
25	0.01622	0.01333	0.01432	0.01213	0.01604	0.01466	0.00963	0.18024	0.47418	0.02702	0.02071	0.02055	0.01578	0.00769	0.00594	0.00186	0.00514	0.02347	0.00575	0.11535
26	0.03665	0.01067	0.01478	0.13976	0.04525	0.01042	0.01051	0.05921	0.04402	0.48607	0.04803	0.02110	0.01533	0.00750	0.00609	0.00191	0.00565	0.02157	0.00623	0.00925
27	0.18796	0.01220	0.01399	0.03132	0.04129	0.04518	0.02941	0.11000	0.01611	0.29374	0.03909	0.01782	0.03209	0.00702	0.00574	0.00179	0.02102	0.00543	0.03098	0.05779
28	0.00750	0.00541	0.00682	0.00788	0.00837	0.00503	0.00521	0.00846	0.01139	0.01496	0.03438	0.60268	0.11723	0.12184	0.01070	0.00285	0.00375	0.01548	0.00532	0.00474
29	0.02481	0.01012	0.01352	0.01052	0.01483	0.00897	0.00863	0.06116	0.01773	0.64229	0.10095	0.02281	0.01916	0.00796	0.00616	0.00186	0.00495	0.00654	0.00729	0.00975

[dist]
# distance from previous block
# <min> <max>
0	1

[block]
# block no. 9 follows, 38 sequences, length 17
# corresponding to MSA columns:
# 409-425
name=unknown_J
#
# <colnr> <probs for GDERKNQSTAVLIFYWHMCP>
#	G	D	E	R	K	N	Q	S	T	A	V	L	I	F	Y	W	H	M	C	P
0	0.02158	0.02650	0.01695	0.01525	0.01828	0.65363	0.01156	0.05177	0.06078	0.01625	0.01035	0.01180	0.00849	0.00657	0.00619	0.00164	0.04761	0.00418	0.00337	0.00724
1	0.01406	0.15091	0.44839	0.06346	0.05925	0.08513	0.04659	0.03296	0.01340	0.01804	0.01041	0.01252	0.00787	0.00567	0.00548	0.00178	0.00854	0.00442	0.00271	0.00841
2	0.01243	0.02395	0.50079	0.01462	0.02167	0.01246	0.01727	0.07740	0.01404	0.02034	0.01591	0.05234	0.05520	0.00727	0.00586	0.00184	0.00746	0.03175	0.00339	0.10403
3	0.00867	0.00650	0.00804	0.00797	0.00934	0.00623	0.00582	0.01209	0.07636	0.02114	0.44042	0.20839	0.11628	0.03563	0.00781	0.00215	0.00325	0.01203	0.00616	0.00571
4	0.01036	0.00775	0.00937	0.00871	0.01069	0.00787	0.00665	0.01604	0.17130	0.04637	0.43979	0.03879	0.11168	0.01432	0.07088	0.00259	0.00447	0.00965	0.00615	0.00656
5	0.00875	0.00583	0.00656	0.00656	0.00656	0.00583	0.00365	0.00875	0.00875	0.01166	0.01895	0.03937	0.02187	0.78858	0.03062	0.00583	0.00583	0.00875	0.00365	0.00365
6	0.00862	0.00577	0.00651	0.00668	0.00731	0.00554	0.00426	0.00955	0.01089	0.01506	0.06904	0.14863	0.13271	0.41112	0.01885	0.00395	0.00449	0.01024	0.11635	0.00442
7	0.00803	0.00580	0.00765	0.00824	0.00918	0.00541	0.00599	0.00999	0.01405	0.01919	0.32307	0.39187	0.06852	0.01586	0.00749	0.00224	0.00341	0.08272	0.00600	0.00528
8	0.02381	0.00987	0.01373	0.07622	0.01697	0.00892	0.00921	0.02633	0.01675	0.61889	0.09446	0.02252	0.01845	0.00780	0.00615	0.00188	0.00514	0.00647	0.00695	0.00948
9	0.01698	0.01229	0.01404	0.01164	0.01488	0.01367	0.00942	0.42110	0.02056	0.02844	0.01551	0.01828	0.01234	0.01976	0.25735	0.00437	0.00939	0.00578	0.08605	0.00816
10	0.01658	0.00817	0.01054	0.00933	0.01199	0.00749	0.00717	0.03258	0.04768	0.33186	0.10077	0.21216	0.08803	0.05877	0.00818	0.00229	0.00439	0.02812	0.00639	0.00751
11	0.00819	0.00640	0.00830	0.00888	0.00967	0.00651	0.00652	0.00966	0.01239	0.01649	0.10329	0.45090	0.15976	0.01659	0.00878	0.00237	0.08033	0.07437	0.00539	0.00522
12	0.00846	0.00835	0.07200	0.00832	0.01044	0.00636	0.00712	0.01080	0.01388	0.01817	0.21030	0.07275	0.31097	0.09078	0.00953	0.00250	0.00419	0.12425	0.00537	0.00548
13	0.01217	0.07587	0.01134	0.00873	0.01145	0.00948	0.00693	0.01763	0.17772	0.10002	0.22786	0.03828	0.25678	0.01115	0.00649	0.00191	0.00389	0.00935	0.00592	0.00702
14	0.09493	0.01014	0.01248	0.01045	0.01279	0.01057	0.06883	0.18693	0.01494	0.05431	0.03646	0.09065	0.01852	0.33331	0.01630	0.00357	0.00597	0.00789	0.00459	0.00637
15	0.01382	0.01325	0.01590	0.01337	0.07967	0.08422	0.06957	0.01666	0.01318	0.01909	0.01073	0.01284	0.00887	0.00476	0.00490	0.00113	0.00580	0.00405	0.00342	0.60476
16	0.00782	0.00597	0.00727	0.00788	0.00917	0.00542	0.00592	0.00960	0.01354	0.01746	0.15200	0.29049	0.29703	0.01617	0.00749	0.00226	0.00357	0.13001	0.00574	0.00518

[dist]
# distance from previous block
# <min> <max>
0	5

[block]
# block no. 10 follows, 38 sequences, length 9
# corresponding to MSA columns:
# 431-439
name=unknown_K
#
# <colnr> <probs for GDERKNQSTAVLIFYWHMCP>
#	G	D	E	R	K	N	Q	S	T	A	V	L	I	F	Y	W	H	M	C	P
0	0.00882	0.00592	0.00794	0.00871	0.00952	0.00574	0.00656	0.00961	0.01145	0.01491	0.02988	0.24038	0.12064	0.06081	0.04066	0.18571	0.00502	0.21845	0.00472	0.00455
1	0.13084	0.01335	0.09293	0.01220	0.05963	0.01211	0.00991	0.21450	0.04728	0.02474	0.04974	0.06955	0.15982	0.05084	0.00737	0.00215	0.00546	0.02515	0.00490	0.00754
2	0.02140	0.09437	0.01459	0.01020	0.01417	0.01026	0.00842	0.02468	0.07030	0.48691	0.06275	0.08413	0.05343	0.00879	0.00605	0.00187	0.00488	0.00726	0.00654	0.00899
3	0.01035	0.00621	0.00801	0.00797	0.00842	0.00641	0.00531	0.01096	0.08789	0.01319	0.01600	0.08124	0.01633	0.19420	0.02126	0.45244	0.00508	0.00711	0.03772	0.00389
4	0.01159	0.00924	0.01113	0.01056	0.01259	0.04826	0.04643	0.01588	0.11937	0.05333	0.09931	0.05897	0.11429	0.12952	0.01075	0.00280	0.00538	0.22911	0.00528	0.00622
5	0.00888	0.05389	0.00875	0.00805	0.00878	0.00636	0.00564	0.00924	0.01105	0.01458	0.08409	0.36070	0.07142	0.09977	0.01348	0.19260	0.00429	0.02935	0.00459	0.00449
6	0.00956	0.05733	0.09060	0.00952	0.01151	0.00817	0.00795	0.04895	0.01241	0.01682	0.04033	0.39813	0.06651	0.08157	0.08913	0.00327	0.00590	0.01180	0.02479	0.00577
7	0.01740	0.01294	0.01624	0.01306	0.01661	0.01371	0.08708	0.36183	0.07206	0.06858	0.01908	0.14711	0.01721	0.09746	0.00921	0.00241	0.00617	0.00806	0.00544	0.00831
8	0.06236	0.01492	0.01618	0.01491	0.09598	0.05722	0.01085	0.38446	0.07355	0.02906	0.01731	0.01910	0.05660	0.00788	0.00631	0.02152	0.00622	0.03024	0.00510	0.07023

[dist]
# distance from previous block
# <min> <max>
0	207

# created by:
# /st0/software/busco_prod/Augustus/scripts/msa2prfl.pl ./align_prep/152646.fa
