[name]
unknown

[dist]
# distance from previous block
# <min> <max>
26	96

[block]
# block no. 0 follows, 41 sequences, length 6
# corresponding to MSA columns:
# 161-166
name=unknown_A
#
# <colnr> <probs for GDERKNQSTAVLIFYWHMCP>
#	G	D	E	R	K	N	Q	S	T	A	V	L	I	F	Y	W	H	M	C	P
0	0.04227	0.04578	0.01360	0.07923	0.12075	0.08320	0.00952	0.05753	0.07319	0.01841	0.07062	0.17900	0.05493	0.02694	0.00671	0.00189	0.02770	0.00789	0.02646	0.05439
1	0.01049	0.08362	0.01067	0.08293	0.01190	0.08281	0.00646	0.01186	0.01141	0.01473	0.12598	0.07619	0.04461	0.32830	0.01509	0.00324	0.00543	0.00774	0.06159	0.00495
2	0.06972	0.00869	0.01083	0.00915	0.01180	0.00837	0.04089	0.11203	0.01558	0.07434	0.29517	0.11275	0.06572	0.03843	0.00690	0.00188	0.00414	0.00852	0.00534	0.09975
3	0.00826	0.00615	0.00761	0.00824	0.04665	0.00563	0.00547	0.01003	0.01277	0.01759	0.22816	0.19686	0.20411	0.10188	0.00901	0.00228	0.00347	0.01076	0.07649	0.03858
4	0.01453	0.01023	0.01591	0.39294	0.12302	0.01125	0.01301	0.01857	0.05826	0.18576	0.08514	0.01904	0.01428	0.00664	0.00582	0.00184	0.00624	0.00582	0.00416	0.00754
5	0.01936	0.01064	0.01226	0.01035	0.01362	0.06928	0.00832	0.10720	0.01678	0.38660	0.11422	0.09716	0.02205	0.00937	0.00617	0.00188	0.00509	0.07543	0.00616	0.00805

[dist]
# distance from previous block
# <min> <max>
9	48

[block]
# block no. 1 follows, 41 sequences, length 14
# corresponding to MSA columns:
# 215-228
name=unknown_B
#
# <colnr> <probs for GDERKNQSTAVLIFYWHMCP>
#	G	D	E	R	K	N	Q	S	T	A	V	L	I	F	Y	W	H	M	C	P
0	0.08056	0.06143	0.03648	0.09244	0.13006	0.10990	0.05447	0.04656	0.15109	0.08818	0.04296	0.01802	0.05001	0.00671	0.00551	0.00175	0.00635	0.00557	0.00414	0.00780
1	0.09728	0.02534	0.06188	0.11311	0.08575	0.06575	0.00947	0.01428	0.01290	0.05995	0.15717	0.10601	0.10133	0.05681	0.00727	0.00206	0.00529	0.00780	0.00428	0.00627
2	0.07970	0.03235	0.01441	0.03436	0.12484	0.03100	0.03901	0.01858	0.10049	0.14271	0.09162	0.03596	0.05806	0.03308	0.00671	0.00182	0.03041	0.00619	0.00454	0.11414
3	0.08385	0.00966	0.02332	0.04739	0.04480	0.02925	0.00841	0.06490	0.11066	0.03512	0.21404	0.14899	0.04265	0.01062	0.00692	0.00198	0.04718	0.05870	0.00504	0.00651
4	0.05878	0.18876	0.09743	0.01149	0.03536	0.14177	0.01000	0.01864	0.04424	0.12067	0.03745	0.07781	0.05196	0.00725	0.00512	0.00159	0.00612	0.00562	0.00395	0.07598
5	0.01381	0.01341	0.07159	0.01165	0.01459	0.09745	0.04016	0.18861	0.09006	0.02107	0.03460	0.26833	0.02000	0.01091	0.00703	0.04444	0.00571	0.00876	0.00468	0.03316
6	0.05675	0.07055	0.32090	0.06954	0.16952	0.01392	0.11770	0.04777	0.01305	0.01908	0.04092	0.01414	0.00978	0.00557	0.00553	0.00177	0.00755	0.00496	0.00293	0.00807
7	0.01524	0.25421	0.02097	0.14709	0.09920	0.14480	0.01202	0.06170	0.06498	0.01641	0.01044	0.01284	0.00870	0.00739	0.03487	0.00192	0.07248	0.00437	0.00305	0.00732
8	0.01543	0.01154	0.01463	0.12856	0.03852	0.01195	0.03096	0.23539	0.06766	0.08866	0.06322	0.03948	0.04558	0.00835	0.03162	0.00190	0.00586	0.00597	0.00473	0.14997
9	0.00789	0.00736	0.06032	0.00757	0.00932	0.00573	0.00613	0.01018	0.01397	0.01903	0.40344	0.14751	0.20340	0.06271	0.00815	0.00214	0.00341	0.01099	0.00549	0.00526
10	0.28661	0.06083	0.08331	0.01067	0.01482	0.03253	0.02933	0.10462	0.10669	0.14001	0.03826	0.02952	0.01193	0.02095	0.00538	0.00183	0.00544	0.00497	0.00455	0.00774
11	0.01410	0.09568	0.04454	0.13155	0.36762	0.01374	0.03790	0.07020	0.02897	0.04988	0.01320	0.08307	0.01158	0.00656	0.00565	0.00175	0.00651	0.00595	0.00341	0.00812
12	0.00808	0.00596	0.00805	0.06305	0.04272	0.00597	0.00609	0.00910	0.01026	0.01368	0.02454	0.42718	0.02857	0.27917	0.01448	0.00336	0.00459	0.03619	0.00439	0.00458
13	0.01214	0.01382	0.07631	0.26507	0.04878	0.01335	0.32289	0.01616	0.01208	0.01649	0.01093	0.01569	0.00868	0.04004	0.00807	0.00206	0.06680	0.00579	0.00276	0.04208

[dist]
# distance from previous block
# <min> <max>
0	1

[block]
# block no. 2 follows, 41 sequences, length 6
# corresponding to MSA columns:
# 230-235
name=unknown_C
#
# <colnr> <probs for GDERKNQSTAVLIFYWHMCP>
#	G	D	E	R	K	N	Q	S	T	A	V	L	I	F	Y	W	H	M	C	P
0	0.17918	0.01816	0.30972	0.04023	0.01857	0.01216	0.01325	0.10666	0.01415	0.13600	0.04445	0.05788	0.01205	0.00680	0.00531	0.00182	0.00629	0.00530	0.00408	0.00794
1	0.01124	0.00870	0.01007	0.00970	0.01181	0.00914	0.00765	0.11716	0.18011	0.02126	0.11093	0.17738	0.12301	0.01252	0.00675	0.00211	0.00430	0.16400	0.00558	0.00658
2	0.00739	0.00576	0.00671	0.00660	0.00815	0.00508	0.00490	0.00939	0.01435	0.01886	0.38156	0.10180	0.38207	0.01344	0.00679	0.00190	0.00283	0.01157	0.00577	0.00508
3	0.05024	0.01419	0.01338	0.01269	0.07710	0.18130	0.00911	0.10200	0.09516	0.15039	0.03921	0.01985	0.08327	0.00726	0.00542	0.00164	0.00589	0.00569	0.07244	0.05376
4	0.01984	0.04860	0.01640	0.01256	0.01664	0.06991	0.01023	0.49909	0.12842	0.05879	0.01567	0.05072	0.01204	0.00736	0.00568	0.00174	0.00612	0.00568	0.00544	0.00908
5	0.00898	0.00663	0.00830	0.03952	0.01050	0.00658	0.00630	0.07957	0.01347	0.01795	0.14834	0.37378	0.10517	0.08643	0.00898	0.00244	0.00398	0.06258	0.00523	0.00528

[dist]
# distance from previous block
# <min> <max>
5	7

[block]
# block no. 3 follows, 41 sequences, length 33
# corresponding to MSA columns:
# 243-275
name=unknown_D
#
# <colnr> <probs for GDERKNQSTAVLIFYWHMCP>
#	G	D	E	R	K	N	Q	S	T	A	V	L	I	F	Y	W	H	M	C	P
0	0.00914	0.00727	0.00930	0.02739	0.05770	0.00721	0.00768	0.01278	0.09206	0.01768	0.11572	0.09706	0.22174	0.04593	0.00791	0.00231	0.00432	0.24592	0.00517	0.00572
1	0.03317	0.01252	0.01883	0.16179	0.39551	0.06618	0.04212	0.01605	0.01299	0.01771	0.06150	0.06741	0.01467	0.00710	0.00593	0.00183	0.00667	0.04714	0.00333	0.00755
2	0.04785	0.01303	0.02063	0.27814	0.40576	0.04069	0.05011	0.04367	0.01302	0.01810	0.01053	0.01422	0.00842	0.00539	0.00563	0.00177	0.00721	0.00504	0.00288	0.00793
3	0.06213	0.02743	0.01547	0.07871	0.05745	0.15675	0.04235	0.09591	0.09218	0.01941	0.01284	0.03388	0.01062	0.00803	0.02595	0.00200	0.14248	0.00522	0.10415	0.00705
4	0.06732	0.01124	0.01243	0.02846	0.01423	0.01161	0.00823	0.26609	0.09448	0.10717	0.09796	0.02444	0.13816	0.00835	0.00573	0.00172	0.00476	0.00672	0.00544	0.08544
5	0.45520	0.01114	0.01222	0.07357	0.04198	0.01219	0.05554	0.04656	0.03960	0.02273	0.02563	0.01475	0.05527	0.00615	0.00488	0.00173	0.02442	0.00454	0.00369	0.08822
6	0.01630	0.01359	0.01308	0.01122	0.01437	0.13179	0.00885	0.24200	0.11091	0.06758	0.10164	0.09030	0.04954	0.00901	0.00598	0.00178	0.00565	0.04794	0.00523	0.05323
7	0.07162	0.01933	0.01634	0.01666	0.13480	0.35105	0.01147	0.18982	0.01734	0.02084	0.01182	0.01550	0.00997	0.00798	0.03464	0.00195	0.00831	0.04924	0.00377	0.00757
8	0.00942	0.05608	0.00911	0.00785	0.00902	0.00749	0.00557	0.07693	0.01212	0.01606	0.08323	0.26549	0.08885	0.26051	0.06352	0.00357	0.00516	0.01046	0.00453	0.00502
9	0.01956	0.00857	0.01135	0.00924	0.01262	0.00761	0.00741	0.02189	0.04147	0.49109	0.11355	0.02595	0.08262	0.00946	0.00734	0.07028	0.00443	0.02154	0.00629	0.02774
10	0.01078	0.00648	0.00764	0.00713	0.00921	0.00562	0.00537	0.01243	0.01366	0.16604	0.13338	0.13710	0.40763	0.04211	0.00745	0.00206	0.00342	0.01097	0.00572	0.00580
11	0.68382	0.01044	0.00877	0.00773	0.01114	0.01170	0.00630	0.01722	0.01047	0.10253	0.01166	0.01261	0.03855	0.00650	0.00471	0.03731	0.00443	0.00383	0.00394	0.00635
12	0.00749	0.00531	0.00653	0.00715	0.00760	0.00502	0.00464	0.00836	0.01075	0.01430	0.09598	0.41925	0.09371	0.27044	0.01428	0.00329	0.00395	0.01280	0.00480	0.00435
13	0.15123	0.00838	0.00838	0.00747	0.00972	0.00907	0.00586	0.15233	0.01413	0.02396	0.01569	0.01852	0.01250	0.03712	0.05524	0.00214	0.00457	0.00508	0.45238	0.00623
14	0.00838	0.00656	0.00762	0.00754	0.00913	0.00630	0.00565	0.01200	0.10461	0.01874	0.27665	0.12826	0.27380	0.05296	0.00791	0.00216	0.00337	0.05732	0.00560	0.00547
15	0.13330	0.00901	0.01059	0.00924	0.01218	0.00902	0.00736	0.03280	0.12774	0.26582	0.19910	0.07476	0.02560	0.00922	0.00591	0.00189	0.00418	0.04880	0.00596	0.00751
16	0.01240	0.00793	0.00914	0.00830	0.01076	0.00766	0.00636	0.01727	0.17480	0.16940	0.11796	0.09933	0.29074	0.03298	0.00701	0.00202	0.00373	0.00963	0.00584	0.00675
17	0.01984	0.01060	0.01280	0.01067	0.01443	0.01067	0.00860	0.04106	0.30441	0.40854	0.02419	0.02302	0.04175	0.00793	0.00589	0.00187	0.00471	0.03347	0.00643	0.00913
18	0.00796	0.00560	0.00659	0.00670	0.00760	0.00525	0.00459	0.00935	0.01205	0.01643	0.22375	0.15338	0.16904	0.25391	0.01351	0.00303	0.00376	0.02808	0.06483	0.00458
19	0.00726	0.00530	0.00679	0.00768	0.00837	0.00491	0.00535	0.00857	0.01186	0.01573	0.12393	0.54231	0.12521	0.04857	0.00809	0.00236	0.00339	0.05421	0.00535	0.00475
20	0.01210	0.00669	0.00884	0.00809	0.01001	0.00608	0.00621	0.01437	0.01514	0.19419	0.42537	0.11804	0.05805	0.04071	0.00747	0.00204	0.00353	0.05067	0.00619	0.00623
21	0.01236	0.00812	0.00874	0.00807	0.01048	0.05397	0.00639	0.01427	0.01434	0.18528	0.12030	0.04408	0.38020	0.01214	0.00657	0.00194	0.00407	0.09687	0.00566	0.00616
22	0.03526	0.00821	0.01034	0.00891	0.01170	0.00770	0.00708	0.04859	0.05796	0.30007	0.26296	0.06574	0.09316	0.01012	0.00629	0.00187	0.00398	0.04644	0.00629	0.00733
23	0.01306	0.00701	0.00915	0.00839	0.01053	0.00638	0.00647	0.01555	0.03497	0.23474	0.28775	0.18215	0.09645	0.01192	0.00661	0.00195	0.00365	0.05053	0.00618	0.00655
24	0.01057	0.00956	0.01579	0.69026	0.03550	0.01177	0.01451	0.01415	0.01145	0.01505	0.01194	0.06018	0.00981	0.00648	0.00570	0.00189	0.00706	0.00574	0.05642	0.00619
25	0.08273	0.01183	0.04580	0.04520	0.01797	0.02882	0.18064	0.08128	0.01546	0.18356	0.18776	0.04111	0.03688	0.00772	0.00606	0.00183	0.00588	0.00703	0.00496	0.00748
26	0.00797	0.00592	0.00786	0.00781	0.00881	0.00625	0.00574	0.00958	0.01045	0.01431	0.11065	0.03309	0.13823	0.19041	0.40998	0.00642	0.00985	0.00802	0.00388	0.00476
27	0.01103	0.00672	0.00888	0.00900	0.03831	0.00611	0.00656	0.01317	0.01439	0.14708	0.29513	0.17409	0.15344	0.01259	0.00675	0.00198	0.00361	0.07925	0.00587	0.00604
28	0.01496	0.00924	0.03763	0.02791	0.01282	0.00832	0.00775	0.09182	0.05150	0.24261	0.17421	0.08404	0.15298	0.01049	0.00667	0.02166	0.00433	0.02797	0.00586	0.00722
29	0.03430	0.01100	0.01825	0.48930	0.25545	0.01260	0.01571	0.01539	0.01198	0.01630	0.01154	0.01783	0.00960	0.00615	0.00578	0.00189	0.00714	0.04988	0.00283	0.00710
30	0.01324	0.01244	0.03198	0.19584	0.39679	0.01273	0.01472	0.07025	0.05110	0.01907	0.01495	0.01761	0.06508	0.00616	0.00568	0.00173	0.00642	0.00557	0.00334	0.05528
31	0.01718	0.01323	0.01739	0.10247	0.11914	0.01430	0.04862	0.35064	0.03585	0.07186	0.07255	0.03350	0.01377	0.00710	0.00632	0.00178	0.03471	0.00588	0.00478	0.02893
32	0.06475	0.06340	0.08933	0.32021	0.09548	0.10585	0.03308	0.05620	0.01318	0.01726	0.01361	0.01717	0.05719	0.00643	0.00550	0.00178	0.00728	0.02221	0.00309	0.00699

[dist]
# distance from previous block
# <min> <max>
2	4

[block]
# block no. 4 follows, 41 sequences, length 15
# corresponding to MSA columns:
# 280-294
name=unknown_E
#
# <colnr> <probs for GDERKNQSTAVLIFYWHMCP>
#	G	D	E	R	K	N	Q	S	T	A	V	L	I	F	Y	W	H	M	C	P
0	0.05167	0.01187	0.01669	0.09568	0.06740	0.01215	0.07812	0.09911	0.01381	0.12535	0.01199	0.01397	0.00914	0.00612	0.00726	0.00163	0.12367	0.00475	0.00387	0.24576
1	0.83938	0.01106	0.00841	0.00752	0.01106	0.01283	0.00619	0.01681	0.00973	0.02566	0.00796	0.00929	0.00619	0.00531	0.00354	0.00177	0.00442	0.00310	0.00354	0.00619
2	0.02174	0.01602	0.01717	0.01316	0.01774	0.01774	0.01087	0.74423	0.02689	0.03605	0.01373	0.01373	0.00973	0.00687	0.00572	0.00172	0.00629	0.00515	0.00572	0.00973
3	0.00810	0.00585	0.00765	0.00720	0.00855	0.00540	0.00540	0.01079	0.01619	0.02294	0.76028	0.04273	0.05397	0.01169	0.00675	0.00180	0.00270	0.01034	0.00630	0.00540
4	0.02427	0.01181	0.03587	0.01093	0.01540	0.03838	0.00920	0.11489	0.03964	0.60591	0.02064	0.01827	0.01326	0.00698	0.00572	0.00176	0.00534	0.00558	0.00659	0.00956
5	0.01495	0.73348	0.09593	0.01037	0.01558	0.02180	0.01080	0.01722	0.01166	0.01387	0.00816	0.00943	0.00733	0.00494	0.00383	0.00128	0.00633	0.00316	0.00244	0.00744
6	0.00697	0.00498	0.00664	0.00796	0.00830	0.00465	0.00531	0.00796	0.01095	0.01460	0.03153	0.79525	0.03783	0.01792	0.00730	0.00232	0.00332	0.01626	0.00531	0.00465
7	0.00795	0.00584	0.00744	0.00704	0.00846	0.00533	0.00528	0.01051	0.01585	0.02212	0.68357	0.04407	0.13119	0.01200	0.00675	0.00181	0.00272	0.01053	0.00619	0.00533
8	0.01161	0.01099	0.01861	0.60537	0.21297	0.01292	0.01629	0.01532	0.01182	0.01559	0.01031	0.01499	0.00797	0.00557	0.00571	0.00186	0.00743	0.00509	0.00261	0.00700
9	0.01080	0.01017	0.01716	0.78523	0.03940	0.01271	0.01589	0.01461	0.01144	0.01461	0.01017	0.01525	0.00762	0.00572	0.00572	0.00191	0.00762	0.00508	0.00254	0.00635
10	0.83938	0.01106	0.00841	0.00752	0.01106	0.01283	0.00619	0.01681	0.00973	0.02566	0.00796	0.00929	0.00619	0.00531	0.00354	0.00177	0.00442	0.00310	0.00354	0.00619
11	0.01344	0.01526	0.03283	0.02359	0.02905	0.01464	0.70104	0.01806	0.01323	0.01806	0.01134	0.01526	0.00861	0.00512	0.00743	0.00196	0.05391	0.00665	0.00287	0.00763
12	0.00700	0.00505	0.00664	0.00784	0.00828	0.00468	0.00527	0.00809	0.01125	0.01496	0.06094	0.73268	0.07111	0.01752	0.00725	0.00228	0.00328	0.01584	0.00535	0.00468
13	0.01190	0.01153	0.01835	0.60261	0.18555	0.04290	0.01603	0.01553	0.01195	0.01542	0.01023	0.01483	0.00791	0.00560	0.00569	0.00185	0.00756	0.00503	0.00262	0.00691
14	0.02209	0.01546	0.01682	0.01289	0.01746	0.01691	0.01065	0.68033	0.02595	0.10127	0.01452	0.01424	0.01012	0.00689	0.00572	0.00172	0.00617	0.00520	0.00584	0.00973

[dist]
# distance from previous block
# <min> <max>
6	8

[block]
# block no. 5 follows, 41 sequences, length 14
# corresponding to MSA columns:
# 306-319
name=unknown_F
#
# <colnr> <probs for GDERKNQSTAVLIFYWHMCP>
#	G	D	E	R	K	N	Q	S	T	A	V	L	I	F	Y	W	H	M	C	P
0	0.01322	0.04401	0.01260	0.00924	0.01345	0.00937	0.00736	0.08803	0.06506	0.05977	0.01492	0.12020	0.01349	0.00679	0.00497	0.00128	0.00445	0.00565	0.00421	0.50195
1	0.00813	0.00641	0.00928	0.17714	0.01547	0.00663	0.00788	0.00989	0.01121	0.01491	0.02592	0.55346	0.02977	0.01458	0.00686	0.00219	0.00440	0.05154	0.00463	0.03970
2	0.01381	0.01359	0.01787	0.02407	0.42322	0.10880	0.01337	0.01824	0.09983	0.01888	0.09123	0.02242	0.05200	0.00728	0.00592	0.00178	0.00628	0.04967	0.00381	0.00795
3	0.00847	0.00603	0.00873	0.00873	0.00979	0.00693	0.00677	0.01059	0.00953	0.01424	0.01572	0.02233	0.01434	0.03857	0.68415	0.00825	0.01381	0.00603	0.10183	0.00513
4	0.01463	0.46852	0.27436	0.01244	0.01833	0.09439	0.01368	0.01802	0.01223	0.01506	0.00881	0.01025	0.00731	0.00517	0.00440	0.00144	0.00731	0.00351	0.00249	0.00764
5	0.01529	0.80242	0.02997	0.00979	0.01468	0.02263	0.00979	0.01713	0.01162	0.01346	0.00795	0.00918	0.00734	0.00489	0.00367	0.00122	0.00612	0.00306	0.00245	0.00734
6	0.01186	0.01017	0.01186	0.00847	0.01356	0.00762	0.00678	0.01440	0.01186	0.01864	0.01017	0.01186	0.00847	0.00424	0.00424	0.00085	0.00424	0.00339	0.00339	0.83395
7	0.00832	0.00555	0.00624	0.00624	0.00624	0.00555	0.00347	0.00832	0.00832	0.01109	0.01802	0.03743	0.02080	0.79898	0.02911	0.00555	0.00555	0.00832	0.00347	0.00347
8	0.02031	0.02550	0.01637	0.01477	0.01736	0.68550	0.01123	0.02176	0.01532	0.01397	0.00868	0.01058	0.00738	0.00639	0.00678	0.00160	0.10318	0.00384	0.00289	0.00659
9	0.02096	0.02642	0.01602	0.01456	0.01752	0.73310	0.01094	0.02327	0.05772	0.01456	0.00965	0.01094	0.00794	0.00600	0.00519	0.00150	0.00999	0.00384	0.00311	0.00677
10	0.01263	0.01062	0.01228	0.00884	0.01388	0.00842	0.00710	0.07151	0.01304	0.02000	0.01045	0.01201	0.00857	0.00444	0.00435	0.00092	0.00440	0.00353	0.00357	0.76946
11	0.00778	0.00568	0.00780	0.00825	0.00876	0.00544	0.03643	0.00871	0.01035	0.01380	0.02642	0.48996	0.03105	0.25978	0.01408	0.00332	0.00438	0.04893	0.00463	0.00444
12	0.00794	0.00584	0.00742	0.00703	0.00845	0.00533	0.00527	0.01049	0.01581	0.02204	0.67647	0.04420	0.13834	0.01203	0.00675	0.00181	0.00272	0.01055	0.00618	0.00533
13	0.04793	0.01332	0.02232	0.07008	0.69753	0.01352	0.01701	0.01738	0.01281	0.01878	0.01062	0.01401	0.00887	0.00514	0.00558	0.00171	0.00674	0.00501	0.00285	0.00881

[dist]
# distance from previous block
# <min> <max>
0	2

[block]
# block no. 6 follows, 41 sequences, length 104
# corresponding to MSA columns:
# 322-425
name=unknown_G
#
# <colnr> <probs for GDERKNQSTAVLIFYWHMCP>
#	G	D	E	R	K	N	Q	S	T	A	V	L	I	F	Y	W	H	M	C	P
0	0.08066	0.00623	0.00690	0.00671	0.00838	0.00579	0.00501	0.01010	0.01389	0.01949	0.36110	0.08934	0.32013	0.03281	0.00708	0.00198	0.00304	0.01067	0.00554	0.00515
1	0.33825	0.26762	0.01853	0.01030	0.01463	0.01727	0.03742	0.19757	0.01475	0.02402	0.00953	0.01060	0.00754	0.00554	0.00425	0.00159	0.00564	0.00374	0.00370	0.00750
2	0.01372	0.01677	0.16257	0.03043	0.58650	0.03320	0.01785	0.01765	0.01293	0.01842	0.01111	0.01493	0.00928	0.00545	0.00566	0.00174	0.00716	0.02302	0.00282	0.00879
3	0.32732	0.07735	0.08082	0.03296	0.01614	0.10409	0.01005	0.22774	0.03455	0.02533	0.01038	0.01140	0.00786	0.00588	0.00465	0.00169	0.00623	0.00399	0.00395	0.00763
4	0.02051	0.06469	0.01658	0.01364	0.01705	0.49257	0.01059	0.13482	0.10086	0.05767	0.01189	0.01250	0.00922	0.00626	0.00527	0.00157	0.00853	0.00430	0.00389	0.00758
5	0.02174	0.01602	0.01717	0.01316	0.01774	0.01774	0.01087	0.74423	0.02689	0.03605	0.01373	0.01373	0.00973	0.00687	0.00572	0.00172	0.00629	0.00515	0.00572	0.00973
6	0.01431	0.01207	0.01338	0.03220	0.04461	0.01372	0.00941	0.09574	0.57089	0.02455	0.08639	0.02206	0.01935	0.00786	0.00588	0.00190	0.00470	0.00659	0.00565	0.00873
7	0.01118	0.00656	0.00843	0.00763	0.00962	0.00588	0.00588	0.01355	0.01555	0.16102	0.48247	0.06184	0.15098	0.01150	0.00660	0.00184	0.00320	0.02391	0.00625	0.00610
8	0.01236	0.02546	0.54526	0.01938	0.09051	0.03432	0.15579	0.01823	0.01254	0.01809	0.01051	0.01284	0.00768	0.00530	0.00569	0.00181	0.00858	0.00476	0.00256	0.00832
9	0.00910	0.00653	0.00905	0.01025	0.01158	0.00648	0.00890	0.01170	0.01331	0.01734	0.06529	0.06324	0.05407	0.01557	0.00781	0.00257	0.00508	0.67155	0.00532	0.00526
10	0.00981	0.00546	0.00592	0.00592	0.00686	0.00555	0.00413	0.01170	0.01076	0.01785	0.01819	0.02578	0.01629	0.22385	0.07873	0.00316	0.00456	0.00621	0.53448	0.00481
11	0.83938	0.01106	0.00841	0.00752	0.01106	0.01283	0.00619	0.01681	0.00973	0.02566	0.00796	0.00929	0.00619	0.00531	0.00354	0.00177	0.00442	0.00310	0.00354	0.00619
12	0.01383	0.01339	0.02325	0.10052	0.66020	0.01356	0.05637	0.01734	0.01291	0.01831	0.01075	0.01432	0.00891	0.00514	0.00573	0.00173	0.00702	0.00518	0.00281	0.00875
13	0.00855	0.01016	0.15029	0.00903	0.01155	0.00676	0.00833	0.01172	0.01459	0.02071	0.50384	0.15658	0.04264	0.01151	0.00659	0.00188	0.00388	0.01014	0.00541	0.00585
14	0.00818	0.00608	0.00893	0.00893	0.00986	0.00701	0.00683	0.01005	0.00912	0.01309	0.01556	0.02379	0.01487	0.10942	0.71057	0.00887	0.01446	0.00632	0.00310	0.00496
15	0.01094	0.01030	0.01740	0.75505	0.06852	0.01274	0.01595	0.01473	0.01150	0.01478	0.01019	0.01521	0.00768	0.00569	0.00572	0.00190	0.00759	0.00508	0.00255	0.00646
16	0.00714	0.00511	0.00681	0.00798	0.00844	0.00478	0.00545	0.00834	0.01149	0.01542	0.09560	0.70435	0.03908	0.01730	0.00727	0.00229	0.00333	0.03968	0.00540	0.00473
17	0.02499	0.03363	0.03345	0.01032	0.01487	0.00895	0.00878	0.02730	0.01612	0.72553	0.02181	0.01897	0.01378	0.00697	0.00568	0.00175	0.00500	0.00563	0.00682	0.00963
18	0.01186	0.01017	0.01186	0.00847	0.01356	0.00762	0.00678	0.01440	0.01186	0.01864	0.01017	0.01186	0.00847	0.00424	0.00424	0.00085	0.00424	0.00339	0.00339	0.83395
19	0.00854	0.00641	0.00797	0.00748	0.00904	0.00613	0.00564	0.01233	0.08078	0.02247	0.64324	0.04176	0.10330	0.01156	0.00667	0.00182	0.00287	0.01013	0.00618	0.00568
20	0.01343	0.01173	0.01360	0.15657	0.01932	0.01373	0.01024	0.02695	0.59586	0.02216	0.03891	0.02072	0.01651	0.00747	0.00582	0.00193	0.00506	0.00630	0.00522	0.00846
21	0.00697	0.00498	0.00664	0.00796	0.00830	0.00465	0.00531	0.00796	0.01095	0.01460	0.03153	0.79525	0.03783	0.01792	0.00730	0.00232	0.00332	0.01626	0.00531	0.00465
22	0.01423	0.01229	0.01293	0.01164	0.01487	0.01423	0.00905	0.03039	0.75297	0.02393	0.02328	0.02134	0.01746	0.00776	0.00582	0.00194	0.00453	0.00647	0.00582	0.00905
23	0.01414	0.10665	0.17812	0.06233	0.35586	0.07803	0.04478	0.01868	0.05498	0.01767	0.01090	0.01336	0.00874	0.00538	0.00540	0.00168	0.00738	0.00471	0.00287	0.00835
24	0.01173	0.02750	0.67574	0.03613	0.10041	0.01330	0.02065	0.01798	0.01216	0.01809	0.01031	0.01236	0.00744	0.00541	0.00546	0.00180	0.00826	0.00434	0.00246	0.00847
25	0.01290	0.01851	0.21405	0.02275	0.09262	0.01385	0.48227	0.01795	0.01304	0.01821	0.01167	0.03363	0.00907	0.00532	0.00634	0.00189	0.00894	0.00621	0.00283	0.00794
26	0.01321	0.01477	0.03155	0.11121	0.05272	0.01424	0.63818	0.01788	0.01325	0.01791	0.01139	0.01537	0.00857	0.00493	0.00660	0.00192	0.00933	0.00651	0.00285	0.00760
27	0.01943	0.01303	0.06805	0.01184	0.03548	0.06251	0.00968	0.10890	0.13334	0.34140	0.02010	0.08675	0.01540	0.03895	0.00675	0.00197	0.00555	0.00655	0.00569	0.00861
28	0.00980	0.00777	0.00855	0.00812	0.01016	0.02492	0.00642	0.10787	0.01565	0.02013	0.20728	0.06763	0.34427	0.01293	0.00678	0.00198	0.00387	0.12461	0.00553	0.00572
29	0.01251	0.01251	0.01752	0.01502	0.01502	0.01752	0.01251	0.01377	0.00876	0.01377	0.00751	0.01251	0.00751	0.01001	0.01877	0.00250	0.78851	0.00501	0.00250	0.00626
30	0.01302	0.01458	0.03123	0.04412	0.04942	0.01376	0.65470	0.01754	0.01332	0.01801	0.01346	0.04700	0.02875	0.00561	0.00671	0.00194	0.00909	0.00717	0.00304	0.00752
31	0.01469	0.01479	0.02289	0.04870	0.65364	0.08069	0.04541	0.01799	0.01329	0.01817	0.01061	0.01389	0.00887	0.00517	0.00566	0.00169	0.00723	0.00504	0.00284	0.00874
32	0.01080	0.01017	0.01716	0.78523	0.03940	0.01271	0.01589	0.01461	0.01144	0.01461	0.01017	0.01525	0.00762	0.00572	0.00572	0.00191	0.00762	0.00508	0.00254	0.00635
33	0.01080	0.01017	0.01716	0.78523	0.03940	0.01271	0.01589	0.01461	0.01144	0.01461	0.01017	0.01525	0.00762	0.00572	0.00572	0.00191	0.00762	0.00508	0.00254	0.00635
34	0.02020	0.01487	0.01611	0.01256	0.01677	0.01635	0.01034	0.65974	0.02558	0.03438	0.07987	0.01767	0.01425	0.00753	0.00587	0.00175	0.00595	0.02522	0.00576	0.00922
35	0.01115	0.01078	0.01864	0.66952	0.03702	0.01317	0.07960	0.01489	0.01145	0.01489	0.01012	0.01509	0.00771	0.00591	0.00664	0.00195	0.05722	0.00522	0.00257	0.00647
36	0.02455	0.00975	0.01309	0.01016	0.01444	0.00862	0.00835	0.02750	0.05450	0.70671	0.04448	0.02026	0.01551	0.00725	0.00579	0.00178	0.00479	0.00593	0.00699	0.00957
37	0.00817	0.00613	0.00919	0.00919	0.01021	0.00715	0.00715	0.01021	0.00919	0.01328	0.01532	0.02247	0.01430	0.04290	0.77631	0.00919	0.01532	0.00613	0.00306	0.00511
38	0.01323	0.01486	0.03185	0.09076	0.03040	0.01417	0.66392	0.01792	0.01329	0.01800	0.01142	0.01534	0.00858	0.00489	0.00661	0.00191	0.00936	0.00654	0.00287	0.02408
39	0.00994	0.00497	0.00745	0.00745	0.00745	0.00497	0.00497	0.00745	0.00745	0.00994	0.00994	0.01739	0.00994	0.01987	0.02235	0.83358	0.00497	0.00497	0.00248	0.00248
40	0.01416	0.01359	0.02322	0.03511	0.76330	0.01359	0.01755	0.01755	0.01302	0.01869	0.01076	0.01416	0.00906	0.00510	0.00566	0.00170	0.00680	0.00510	0.00283	0.00906
41	0.01080	0.01017	0.01716	0.78523	0.03940	0.01271	0.01589	0.01461	0.01144	0.01461	0.01017	0.01525	0.00762	0.00572	0.00572	0.00191	0.00762	0.00508	0.00254	0.00635
42	0.01186	0.01017	0.01186	0.00847	0.01356	0.00762	0.00678	0.01440	0.01186	0.01864	0.01017	0.01186	0.00847	0.00424	0.00424	0.00085	0.00424	0.00339	0.00339	0.83395
43	0.01368	0.01178	0.01292	0.01229	0.04736	0.01342	0.00911	0.02810	0.65548	0.02361	0.08757	0.02290	0.02030	0.00799	0.00589	0.00192	0.00447	0.00675	0.00573	0.00873
44	0.00756	0.00578	0.00698	0.00709	0.00852	0.00520	0.00535	0.00957	0.01407	0.01857	0.34112	0.14975	0.30688	0.01391	0.00693	0.00199	0.00309	0.07684	0.00571	0.00508
45	0.00832	0.00555	0.00624	0.00624	0.00624	0.00555	0.00347	0.00832	0.00832	0.01109	0.01802	0.03743	0.02080	0.79898	0.02911	0.00555	0.00555	0.00832	0.00347	0.00347
46	0.00697	0.00498	0.00664	0.00796	0.00830	0.00465	0.00531	0.00796	0.01095	0.01460	0.03153	0.79525	0.03783	0.01792	0.00730	0.00232	0.00332	0.01626	0.00531	0.00465
47	0.01440	0.01337	0.02192	0.12782	0.60637	0.01384	0.01676	0.08112	0.01404	0.01970	0.01095	0.01426	0.00894	0.00533	0.00567	0.00173	0.00686	0.00510	0.00305	0.00878
48	0.01158	0.05099	0.74887	0.01612	0.02448	0.01354	0.02082	0.01809	0.01206	0.01799	0.01020	0.01200	0.00725	0.00542	0.00539	0.00180	0.00839	0.00419	0.00242	0.00842
49	0.83938	0.01106	0.00841	0.00752	0.01106	0.01283	0.00619	0.01681	0.00973	0.02566	0.00796	0.00929	0.00619	0.00531	0.00354	0.00177	0.00442	0.00310	0.00354	0.00619
50	0.01454	0.65080	0.17503	0.01107	0.01666	0.02080	0.01201	0.01732	0.01171	0.01437	0.00841	0.00974	0.00732	0.00500	0.00402	0.00134	0.00658	0.00329	0.00244	0.00756
51	0.01755	0.01286	0.01433	0.01129	0.01540	0.01321	0.00914	0.42750	0.03980	0.06220	0.01591	0.09780	0.01347	0.00772	0.00561	0.00162	0.00537	0.02626	0.00520	0.19776
52	0.00730	0.00564	0.00666	0.00677	0.00815	0.00500	0.00494	0.00911	0.01375	0.01802	0.31064	0.20856	0.34652	0.01419	0.00687	0.00197	0.00291	0.01233	0.00567	0.00500
53	0.01186	0.01017	0.01186	0.00847	0.01356	0.00762	0.00678	0.01440	0.01186	0.01864	0.01017	0.01186	0.00847	0.00424	0.00424	0.00085	0.00424	0.00339	0.00339	0.83395
54	0.01294	0.01221	0.07957	0.01006	0.01532	0.00881	0.03716	0.04677	0.01281	0.05822	0.01142	0.02702	0.00927	0.00488	0.00464	0.00109	0.00492	0.00403	0.00361	0.63524
55	0.08772	0.71097	0.02773	0.00973	0.01437	0.02163	0.00955	0.01701	0.01138	0.01454	0.00794	0.00928	0.00724	0.00507	0.00408	0.00131	0.02758	0.00312	0.00254	0.00721
56	0.00806	0.00585	0.00759	0.00715	0.00852	0.00538	0.00537	0.01072	0.01610	0.02272	0.73946	0.04309	0.07493	0.01178	0.00675	0.00180	0.00270	0.01040	0.00627	0.00538
57	0.01529	0.80242	0.02997	0.00979	0.01468	0.02263	0.00979	0.01713	0.01162	0.01346	0.00795	0.00918	0.00734	0.00489	0.00367	0.00122	0.00612	0.00306	0.00245	0.00734
58	0.01186	0.01017	0.01186	0.00847	0.01356	0.00762	0.00678	0.01440	0.01186	0.01864	0.01017	0.01186	0.00847	0.00424	0.00424	0.00085	0.00424	0.00339	0.00339	0.83395
59	0.01458	0.65908	0.16710	0.01100	0.01655	0.02090	0.01189	0.01731	0.01171	0.01432	0.00838	0.00971	0.00732	0.00499	0.00400	0.00133	0.00655	0.00328	0.00244	0.00755
60	0.01470	0.01393	0.07972	0.01209	0.01589	0.01417	0.01019	0.06681	0.62916	0.04464	0.02161	0.02007	0.01606	0.00749	0.00578	0.00191	0.00497	0.00618	0.00555	0.00906
61	0.00776	0.00583	0.00718	0.00685	0.00834	0.00526	0.00513	0.01015	0.01540	0.02107	0.58481	0.04580	0.23061	0.01239	0.00675	0.00183	0.00275	0.01078	0.00605	0.00526
62	0.01080	0.01017	0.01716	0.78523	0.03940	0.01271	0.01589	0.01461	0.01144	0.01461	0.01017	0.01525	0.00762	0.00572	0.00572	0.00191	0.00762	0.00508	0.00254	0.00635
63	0.00994	0.00497	0.00745	0.00745	0.00745	0.00497	0.00497	0.00745	0.00745	0.00994	0.00994	0.01739	0.00994	0.01987	0.02235	0.83358	0.00497	0.00497	0.00248	0.00248
64	0.00676	0.00579	0.00579	0.00579	0.00773	0.00483	0.00435	0.00821	0.01304	0.01545	0.05794	0.05505	0.76098	0.01449	0.00676	0.00193	0.00290	0.01207	0.00531	0.00483
65	0.01186	0.01017	0.01186	0.00847	0.01356	0.00762	0.00678	0.01440	0.01186	0.01864	0.01017	0.01186	0.00847	0.00424	0.00424	0.00085	0.00424	0.00339	0.00339	0.83395
66	0.02353	0.00946	0.01273	0.00992	0.01399	0.00832	0.00813	0.04549	0.01664	0.66164	0.10720	0.02199	0.01862	0.00760	0.00587	0.00177	0.00466	0.00626	0.00695	0.00924
67	0.02137	0.02726	0.01621	0.01474	0.01768	0.77602	0.01105	0.02284	0.01621	0.01400	0.00884	0.01031	0.00737	0.00589	0.00516	0.00147	0.01031	0.00368	0.00295	0.00663
68	0.01251	0.01251	0.01752	0.01502	0.01502	0.01752	0.01251	0.01377	0.00876	0.01377	0.00751	0.01251	0.00751	0.01001	0.01877	0.00250	0.78851	0.00501	0.00250	0.00626
69	0.01186	0.01017	0.01186	0.00847	0.01356	0.00762	0.00678	0.01440	0.01186	0.01864	0.01017	0.01186	0.00847	0.00424	0.00424	0.00085	0.00424	0.00339	0.00339	0.83395
70	0.00832	0.00555	0.00624	0.00624	0.00624	0.00555	0.00347	0.00832	0.00832	0.01109	0.01802	0.03743	0.02080	0.79898	0.02911	0.00555	0.00555	0.00832	0.00347	0.00347
71	0.02566	0.00973	0.01327	0.01018	0.01460	0.00841	0.00841	0.02788	0.01637	0.76726	0.02257	0.01947	0.01416	0.00708	0.00575	0.00177	0.00487	0.00575	0.00708	0.00973
72	0.01637	0.01181	0.01300	0.01137	0.01482	0.01314	0.00893	0.02992	0.61487	0.16329	0.02315	0.02099	0.01684	0.00763	0.00581	0.00191	0.00459	0.00633	0.00606	0.00918
73	0.04387	0.01185	0.01283	0.01128	0.01470	0.01329	0.00886	0.02955	0.61464	0.13823	0.02265	0.02065	0.01657	0.00757	0.00573	0.00191	0.00458	0.00624	0.00594	0.00906
74	0.01927	0.01014	0.01248	0.01004	0.01359	0.00988	0.00811	0.17513	0.06177	0.36274	0.20715	0.02509	0.04190	0.00842	0.00602	0.00178	0.00456	0.00698	0.00648	0.00848
75	0.05833	0.01726	0.01585	0.01283	0.01683	0.16782	0.01031	0.47350	0.07169	0.05149	0.03862	0.01450	0.01124	0.00683	0.00555	0.00169	0.00673	0.00504	0.00513	0.00876
76	0.01333	0.46123	0.28754	0.01202	0.01782	0.01799	0.01354	0.01687	0.01157	0.01508	0.00941	0.01136	0.00792	0.00843	0.07227	0.00213	0.00775	0.00374	0.00249	0.00753
77	0.00711	0.00584	0.00628	0.00624	0.00804	0.00500	0.00473	0.00884	0.01363	0.01692	0.18854	0.05311	0.59984	0.01401	0.00680	0.00193	0.00295	0.03973	0.00549	0.00495
78	0.01527	0.78288	0.02955	0.00983	0.01469	0.02242	0.00977	0.01746	0.02996	0.01372	0.00833	0.00948	0.00759	0.00496	0.00372	0.00124	0.00608	0.00314	0.00253	0.00738
79	0.01168	0.02814	0.69433	0.01710	0.02528	0.01340	0.09470	0.01814	0.01222	0.01814	0.01040	0.01242	0.00739	0.00537	0.00557	0.00182	0.00857	0.00448	0.00246	0.00838
80	0.04473	0.57566	0.16647	0.01091	0.01625	0.04069	0.01160	0.01711	0.01182	0.01487	0.01037	0.01156	0.03687	0.00541	0.00416	0.00139	0.00648	0.00365	0.00261	0.00739
81	0.00850	0.00647	0.00801	0.00880	0.00976	0.00659	0.00627	0.01249	0.15035	0.01673	0.04863	0.58372	0.03411	0.01572	0.00705	0.00226	0.00365	0.05993	0.00543	0.00553
82	0.02566	0.00973	0.01327	0.01018	0.01460	0.00841	0.00841	0.02788	0.01637	0.76726	0.02257	0.01947	0.01416	0.00708	0.00575	0.00177	0.00487	0.00575	0.00708	0.00973
83	0.01362	0.01508	0.03178	0.02617	0.16740	0.01430	0.60660	0.01818	0.01341	0.01839	0.01142	0.01519	0.00875	0.00487	0.00655	0.00189	0.00911	0.00644	0.00288	0.00797
84	0.01727	0.01972	0.01975	0.04326	0.06268	0.35383	0.16642	0.03941	0.16466	0.01772	0.01258	0.01416	0.00985	0.00612	0.00604	0.00172	0.02862	0.00509	0.00355	0.00754
85	0.02137	0.02726	0.01621	0.01474	0.01768	0.77602	0.01105	0.02284	0.01621	0.01400	0.00884	0.01031	0.00737	0.00589	0.00516	0.00147	0.01031	0.00368	0.00295	0.00663
86	0.00810	0.00585	0.00765	0.00720	0.00855	0.00540	0.00540	0.01079	0.01619	0.02294	0.76028	0.04273	0.05397	0.01169	0.00675	0.00180	0.00270	0.01034	0.00630	0.00540
87	0.00869	0.00682	0.00947	0.02839	0.01112	0.02813	0.00751	0.01074	0.00975	0.01358	0.01644	0.02625	0.01584	0.06828	0.63944	0.00808	0.01373	0.06935	0.00326	0.00513
88	0.01350	0.01543	0.03375	0.02411	0.02989	0.01446	0.74253	0.01832	0.01350	0.01832	0.01157	0.01543	0.00868	0.00482	0.00675	0.00193	0.00964	0.00675	0.00289	0.00771
89	0.01362	0.01291	0.02185	0.03265	0.69690	0.01287	0.01648	0.01696	0.01330	0.01906	0.07670	0.01667	0.01301	0.00568	0.00576	0.00171	0.00643	0.00556	0.00314	0.00874
90	0.01316	0.21514	0.02265	0.10049	0.01945	0.01792	0.10094	0.01528	0.01037	0.01433	0.00841	0.01232	0.00762	0.00759	0.01199	0.00204	0.40632	0.00473	0.00254	0.00672
91	0.83938	0.01106	0.00841	0.00752	0.01106	0.01283	0.00619	0.01681	0.00973	0.02566	0.00796	0.00929	0.00619	0.00531	0.00354	0.00177	0.00442	0.00310	0.00354	0.00619
92	0.00810	0.00585	0.00765	0.00720	0.00855	0.00540	0.00540	0.01079	0.01619	0.02294	0.76028	0.04273	0.05397	0.01169	0.00675	0.00180	0.00270	0.01034	0.00630	0.00540
93	0.01186	0.01017	0.01186	0.00847	0.01356	0.00762	0.00678	0.01440	0.01186	0.01864	0.01017	0.01186	0.00847	0.00424	0.00424	0.00085	0.00424	0.00339	0.00339	0.83395
94	0.01201	0.00845	0.00933	0.00823	0.00951	0.00895	0.00561	0.21109	0.01346	0.01803	0.01677	0.03049	0.01757	0.56012	0.04309	0.00459	0.00602	0.00739	0.00408	0.00524
95	0.01080	0.01017	0.01716	0.78523	0.03940	0.01271	0.01589	0.01461	0.01144	0.01461	0.01017	0.01525	0.00762	0.00572	0.00572	0.00191	0.00762	0.00508	0.00254	0.00635
96	0.00716	0.00574	0.00639	0.00638	0.00801	0.00497	0.00473	0.00892	0.01374	0.01749	0.25375	0.11670	0.49791	0.01400	0.00680	0.00193	0.00288	0.01195	0.00559	0.00497
97	0.01339	0.01369	0.02595	0.15188	0.38857	0.01376	0.27261	0.01735	0.01294	0.01790	0.01095	0.01478	0.00870	0.00510	0.00605	0.00181	0.00793	0.00568	0.00281	0.00815
98	0.02566	0.00973	0.01327	0.01018	0.01460	0.00841	0.00841	0.02788	0.01637	0.76726	0.02257	0.01947	0.01416	0.00708	0.00575	0.00177	0.00487	0.00575	0.00708	0.00973
99	0.01147	0.02959	0.76934	0.01630	0.02476	0.01328	0.02113	0.01811	0.01208	0.01811	0.01026	0.01208	0.00725	0.00543	0.00543	0.00181	0.00845	0.00423	0.00242	0.00845
100	0.01251	0.01251	0.01752	0.01502	0.01502	0.01752	0.01251	0.01377	0.00876	0.01377	0.00751	0.01251	0.00751	0.01001	0.01877	0.00250	0.78851	0.00501	0.00250	0.00626
101	0.01155	0.04609	0.75356	0.01616	0.02454	0.01348	0.02089	0.01809	0.01207	0.01801	0.01022	0.01201	0.00725	0.00542	0.00540	0.00180	0.00840	0.00420	0.00242	0.00843
102	0.02526	0.01029	0.03458	0.01035	0.01489	0.00854	0.00877	0.02760	0.01625	0.74615	0.02222	0.01926	0.01396	0.00703	0.00574	0.00177	0.00497	0.00571	0.00695	0.00970
103	0.00726	0.00519	0.00698	0.00830	0.00876	0.00490	0.00582	0.00848	0.01124	0.01493	0.03136	0.69907	0.03718	0.01764	0.00738	0.00236	0.00357	0.10952	0.00530	0.00473

[dist]
# distance from previous block
# <min> <max>
14	25

[block]
# block no. 7 follows, 41 sequences, length 7
# corresponding to MSA columns:
# 468-474
name=unknown_H
#
# <colnr> <probs for GDERKNQSTAVLIFYWHMCP>
#	G	D	E	R	K	N	Q	S	T	A	V	L	I	F	Y	W	H	M	C	P
0	0.08784	0.10286	0.01694	0.01275	0.01651	0.34170	0.01020	0.21895	0.05211	0.07092	0.01158	0.01215	0.00882	0.00617	0.00509	0.00158	0.00767	0.00423	0.00410	0.00783
1	0.01544	0.09595	0.01236	0.00925	0.01217	0.00864	0.00782	0.01770	0.01461	0.29134	0.14041	0.03745	0.11245	0.01062	0.00633	0.00195	0.00454	0.18808	0.00578	0.00710
2	0.01464	0.10352	0.02342	0.17295	0.14590	0.05160	0.20312	0.09947	0.09248	0.01945	0.01210	0.01467	0.00936	0.00564	0.00573	0.00176	0.00750	0.00538	0.00339	0.00793
3	0.01390	0.40245	0.12078	0.04968	0.01873	0.05190	0.09472	0.01665	0.01168	0.01478	0.00986	0.04815	0.00896	0.00632	0.00654	0.00164	0.10879	0.00463	0.00266	0.00718
4	0.01225	0.00940	0.00973	0.00861	0.01019	0.06598	0.00602	0.13975	0.01254	0.01648	0.01502	0.05806	0.01552	0.35618	0.01852	0.13725	0.00571	0.00669	0.00374	0.09238
5	0.10580	0.09322	0.35267	0.01296	0.01856	0.01223	0.06749	0.01684	0.01300	0.06053	0.17307	0.01878	0.01774	0.00677	0.00545	0.00175	0.00642	0.00558	0.00368	0.00745
6	0.01357	0.01183	0.01783	0.53293	0.11509	0.01391	0.01497	0.17461	0.01500	0.01976	0.01101	0.01480	0.00824	0.00590	0.00571	0.00184	0.00724	0.00510	0.00327	0.00739

[dist]
# distance from previous block
# <min> <max>
28	52

# created by:
# /st0/software/busco_prod/Augustus/scripts/msa2prfl.pl ./align_prep/152725.fa
