[name]
unknown

[dist]
# distance from previous block
# <min> <max>
0	125

[block]
# block no. 0 follows, 44 sequences, length 11
# corresponding to MSA columns:
# 128-138
name=unknown_A
#
# <colnr> <probs for GDERKNQSTAVLIFYWHMCP>
#	G	D	E	R	K	N	Q	S	T	A	V	L	I	F	Y	W	H	M	C	P
0	0.00718	0.00526	0.00699	0.00768	0.00843	0.00501	0.00538	0.00846	0.01059	0.01442	0.07386	0.55604	0.04832	0.04280	0.11022	0.00306	0.00478	0.02893	0.00469	0.04789
1	0.07902	0.22231	0.14005	0.02866	0.01732	0.24608	0.03762	0.07138	0.02724	0.06860	0.00995	0.01103	0.00774	0.00540	0.00463	0.00148	0.00731	0.00381	0.00314	0.00722
2	0.17048	0.17621	0.07720	0.08111	0.14626	0.13580	0.04499	0.07714	0.01293	0.01831	0.00912	0.01106	0.00733	0.00518	0.00460	0.00154	0.00672	0.00391	0.00294	0.00717
3	0.00814	0.00554	0.00728	0.00727	0.00759	0.00596	0.00489	0.00850	0.00821	0.01130	0.01572	0.06557	0.01700	0.40817	0.25849	0.11636	0.02995	0.00715	0.00312	0.00379
4	0.01317	0.01009	0.01429	0.16199	0.12735	0.01065	0.03991	0.11403	0.09675	0.09617	0.18096	0.02355	0.07230	0.00763	0.00578	0.00174	0.00515	0.00668	0.00461	0.00721
5	0.00862	0.00658	0.00804	0.00750	0.00910	0.00651	0.00568	0.01326	0.13854	0.02172	0.61827	0.03786	0.07588	0.01064	0.00629	0.00174	0.00287	0.00932	0.00589	0.00569
6	0.70032	0.01094	0.00908	0.00786	0.01127	0.01253	0.00646	0.11336	0.01171	0.02565	0.04259	0.01084	0.00839	0.00553	0.00379	0.00168	0.00438	0.00352	0.00377	0.00631
7	0.01646	0.06367	0.03078	0.06674	0.01641	0.04702	0.00969	0.33626	0.08859	0.07600	0.01494	0.08335	0.01237	0.02495	0.02587	0.00193	0.02908	0.00579	0.00463	0.04549
8	0.01020	0.00663	0.00830	0.00798	0.00957	0.00646	0.00595	0.01342	0.09435	0.11820	0.26266	0.27695	0.11189	0.01227	0.00668	0.00191	0.02452	0.01070	0.00556	0.00581
9	0.01158	0.06677	0.01342	0.03695	0.01405	0.00970	0.00769	0.01384	0.01088	0.01667	0.00921	0.01132	0.00785	0.00486	0.00588	0.00108	0.10902	0.00347	0.00303	0.64275
10	0.01432	0.01209	0.01275	0.01125	0.01447	0.01391	0.00881	0.10584	0.68644	0.02403	0.02123	0.01957	0.01586	0.00731	0.00554	0.00183	0.00449	0.00603	0.00554	0.00870

[dist]
# distance from previous block
# <min> <max>
0	2

[block]
# block no. 1 follows, 44 sequences, length 7
# corresponding to MSA columns:
# 141-147
name=unknown_B
#
# <colnr> <probs for GDERKNQSTAVLIFYWHMCP>
#	G	D	E	R	K	N	Q	S	T	A	V	L	I	F	Y	W	H	M	C	P
0	0.01074	0.00799	0.01050	0.00962	0.01137	0.00912	0.00762	0.18012	0.01261	0.01761	0.01426	0.01952	0.01263	0.03305	0.60846	0.00714	0.01264	0.00563	0.00350	0.00587
1	0.00790	0.00584	0.00663	0.00718	0.04924	0.00526	0.00493	0.00985	0.01272	0.01740	0.16732	0.04098	0.43347	0.01116	0.00578	0.00168	0.00288	0.00939	0.19536	0.00503
2	0.01130	0.00969	0.01130	0.00807	0.01292	0.00727	0.00646	0.01373	0.01130	0.01776	0.00969	0.01130	0.00807	0.00404	0.00404	0.00081	0.00404	0.00323	0.00323	0.84173
3	0.10789	0.40513	0.08867	0.01043	0.01474	0.08023	0.00985	0.01970	0.18325	0.01685	0.01118	0.01174	0.00907	0.00546	0.00422	0.00145	0.00583	0.00381	0.00322	0.00729
4	0.00943	0.18939	0.01136	0.00697	0.00812	0.00914	0.00499	0.01001	0.00872	0.01127	0.01476	0.02825	0.01634	0.55634	0.09007	0.00466	0.00624	0.00660	0.00305	0.00429
5	0.00700	0.00550	0.00632	0.00621	0.00773	0.00482	0.00462	0.00886	0.01359	0.01772	0.35893	0.09032	0.42323	0.01286	0.00647	0.00181	0.00270	0.01103	0.00546	0.00482
6	0.01500	0.01368	0.01772	0.01420	0.01806	0.04920	0.17929	0.15697	0.42602	0.02324	0.01738	0.01727	0.01297	0.00652	0.00570	0.00179	0.00598	0.00588	0.00477	0.00835

[dist]
# distance from previous block
# <min> <max>
0	1

[block]
# block no. 2 follows, 44 sequences, length 29
# corresponding to MSA columns:
# 149-177
name=unknown_C
#
# <colnr> <probs for GDERKNQSTAVLIFYWHMCP>
#	G	D	E	R	K	N	Q	S	T	A	V	L	I	F	Y	W	H	M	C	P
0	0.01839	0.03621	0.10371	0.01205	0.01652	0.05322	0.02712	0.32147	0.10109	0.17574	0.01576	0.01547	0.02633	0.00710	0.01985	0.00177	0.00608	0.00508	0.00496	0.03209
1	0.01161	0.13364	0.58999	0.01512	0.02215	0.01415	0.06703	0.01694	0.01138	0.01647	0.00944	0.01136	0.00702	0.00529	0.00566	0.00169	0.04688	0.00407	0.00234	0.00776
2	0.01222	0.01793	0.23019	0.01978	0.02521	0.01389	0.45460	0.01681	0.01188	0.01681	0.01016	0.01346	0.00775	0.00544	0.00769	0.00188	0.11881	0.00556	0.00258	0.00735
3	0.01651	0.08660	0.01559	0.01192	0.03194	0.01438	0.02490	0.22568	0.30503	0.10842	0.01707	0.01766	0.01296	0.02667	0.00650	0.00183	0.04194	0.02101	0.00502	0.00837
4	0.01207	0.01260	0.05888	0.07270	0.02222	0.01201	0.37814	0.05951	0.01254	0.03709	0.01443	0.13903	0.01339	0.03599	0.00811	0.00206	0.07859	0.02060	0.00336	0.00669
5	0.00685	0.00502	0.00689	0.05183	0.00957	0.00486	0.00563	0.00795	0.01046	0.01392	0.02890	0.76046	0.03444	0.01643	0.00687	0.00219	0.00339	0.01490	0.00491	0.00452
6	0.00700	0.00613	0.04983	0.00793	0.00872	0.00497	0.00584	0.00831	0.01070	0.01445	0.07299	0.68285	0.03468	0.04843	0.00768	0.00228	0.00349	0.01421	0.00489	0.00463
7	0.01537	0.13174	0.01869	0.04857	0.06939	0.30892	0.05580	0.01726	0.01250	0.01427	0.05118	0.01268	0.00974	0.00664	0.00816	0.00169	0.20370	0.00442	0.00279	0.00647
8	0.01430	0.01669	0.06445	0.01744	0.11066	0.19897	0.09715	0.01752	0.06586	0.01519	0.00953	0.01252	0.00810	0.00705	0.01030	0.00192	0.31801	0.00473	0.00279	0.00685
9	0.00673	0.00553	0.00593	0.00583	0.00754	0.00473	0.00437	0.00839	0.01311	0.01636	0.21901	0.04978	0.60738	0.01320	0.00644	0.00181	0.00272	0.01113	0.00528	0.00473
10	0.00886	0.00760	0.01058	0.00994	0.01130	0.05459	0.05203	0.01093	0.00941	0.01299	0.01401	0.02031	0.01291	0.03656	0.69236	0.00790	0.01399	0.00574	0.00290	0.00511
11	0.21458	0.08739	0.20591	0.03067	0.05219	0.03540	0.15409	0.04296	0.02885	0.01942	0.05545	0.01336	0.01001	0.00554	0.00519	0.00169	0.02252	0.00461	0.00309	0.00708
12	0.08058	0.00904	0.01180	0.00922	0.01313	0.00803	0.00756	0.02398	0.01502	0.63469	0.08829	0.01968	0.01625	0.00695	0.00538	0.00166	0.00440	0.00564	0.00634	0.03237
13	0.01311	0.01068	0.01218	0.00900	0.01357	0.00919	0.00723	0.17006	0.01429	0.02112	0.01119	0.04228	0.00941	0.00507	0.00445	0.00104	0.00442	0.00406	0.00377	0.63391
14	0.08154	0.00801	0.00943	0.00812	0.01080	0.00762	0.00648	0.08949	0.01502	0.19259	0.24628	0.04793	0.15463	0.00964	0.00583	0.00173	0.00377	0.04876	0.00553	0.04679
15	0.01902	0.01375	0.01499	0.01157	0.01577	0.01470	0.00945	0.55705	0.07161	0.07575	0.01392	0.01433	0.01017	0.02892	0.00593	0.00166	0.00556	0.00492	0.00522	0.10572
16	0.01305	0.01250	0.02132	0.13955	0.67179	0.01284	0.01651	0.01634	0.01220	0.01727	0.01018	0.01364	0.00845	0.00494	0.00540	0.00165	0.00659	0.00486	0.00266	0.00828
17	0.00947	0.00473	0.00710	0.00710	0.00710	0.00473	0.00473	0.00710	0.00710	0.00947	0.00947	0.01657	0.00947	0.01894	0.02131	0.84138	0.00473	0.00473	0.00237	0.00237
18	0.01340	0.01285	0.02195	0.05662	0.75200	0.01293	0.01668	0.01665	0.01237	0.01769	0.01024	0.01352	0.00859	0.00488	0.00540	0.00163	0.00650	0.00486	0.00269	0.00856
19	0.01717	0.01373	0.01422	0.01171	0.01523	0.05185	0.00945	0.43538	0.21103	0.02776	0.01827	0.03675	0.05424	0.00771	0.00590	0.00175	0.02382	0.03041	0.00523	0.00838
20	0.00664	0.00474	0.00633	0.00759	0.00791	0.00443	0.00506	0.00759	0.01044	0.01392	0.03005	0.80485	0.03606	0.01708	0.00696	0.00221	0.00316	0.01550	0.00506	0.00443
21	0.01350	0.01284	0.02127	0.03149	0.70745	0.01301	0.01602	0.01781	0.07864	0.01825	0.01131	0.01410	0.00934	0.00508	0.00541	0.00164	0.00629	0.00497	0.00295	0.00864
22	0.01955	0.02458	0.01551	0.01478	0.05312	0.71914	0.01069	0.02106	0.01505	0.01353	0.00875	0.01045	0.00736	0.00694	0.03509	0.00170	0.00985	0.00367	0.00281	0.00638
23	0.01030	0.00969	0.01635	0.79530	0.03755	0.01211	0.01514	0.01393	0.01090	0.01393	0.00969	0.01453	0.00727	0.00545	0.00545	0.00182	0.00727	0.00484	0.00242	0.00606
24	0.01030	0.00969	0.01635	0.79530	0.03755	0.01211	0.01514	0.01393	0.01090	0.01393	0.00969	0.01453	0.00727	0.00545	0.00545	0.00182	0.00727	0.00484	0.00242	0.00606
25	0.00664	0.00474	0.00633	0.00759	0.00791	0.00443	0.00506	0.00759	0.01044	0.01392	0.03005	0.80485	0.03606	0.01708	0.00696	0.00221	0.00316	0.01550	0.00506	0.00443
26	0.01287	0.01471	0.03217	0.02298	0.02849	0.01379	0.75460	0.01746	0.01287	0.01746	0.01103	0.01471	0.00827	0.00460	0.00643	0.00184	0.00919	0.00643	0.00276	0.00735
27	0.02037	0.02598	0.01545	0.01404	0.01685	0.78652	0.01053	0.02177	0.01545	0.01334	0.00843	0.00983	0.00702	0.00562	0.00492	0.00140	0.00983	0.00351	0.00281	0.00632
28	0.00947	0.00473	0.00710	0.00710	0.00710	0.00473	0.00473	0.00710	0.00710	0.00947	0.00947	0.01657	0.00947	0.01894	0.02131	0.84138	0.00473	0.00473	0.00237	0.00237

[dist]
# distance from previous block
# <min> <max>
1	3

[block]
# block no. 3 follows, 44 sequences, length 10
# corresponding to MSA columns:
# 182-191
name=unknown_D
#
# <colnr> <probs for GDERKNQSTAVLIFYWHMCP>
#	G	D	E	R	K	N	Q	S	T	A	V	L	I	F	Y	W	H	M	C	P
0	0.84691	0.01054	0.00801	0.00717	0.01054	0.01223	0.00590	0.01603	0.00928	0.02446	0.00759	0.00886	0.00590	0.00506	0.00337	0.00169	0.00422	0.00295	0.00337	0.00590
1	0.00773	0.00589	0.00719	0.00705	0.00855	0.00547	0.00545	0.01048	0.04403	0.01928	0.45640	0.04563	0.24442	0.01220	0.00653	0.00185	0.00299	0.09815	0.00561	0.00512
2	0.00772	0.00557	0.00729	0.00686	0.00814	0.00514	0.00514	0.01029	0.01543	0.02186	0.77152	0.04072	0.05144	0.01115	0.00643	0.00171	0.00257	0.00986	0.00600	0.00514
3	0.01176	0.01469	0.14638	0.01452	0.01589	0.01601	0.01332	0.01382	0.00889	0.01382	0.00760	0.01186	0.00711	0.00880	0.01573	0.00227	0.66418	0.00464	0.00237	0.00632
4	0.01260	0.02600	0.65042	0.01503	0.02246	0.01338	0.01848	0.14278	0.01391	0.02017	0.01035	0.01178	0.00731	0.00541	0.00523	0.00171	0.00771	0.00418	0.00284	0.00826
5	0.01466	0.01517	0.02099	0.03016	0.64572	0.14435	0.01568	0.01759	0.01293	0.01705	0.00994	0.01287	0.00836	0.00499	0.00532	0.00158	0.00705	0.00463	0.00272	0.00824
6	0.84691	0.01054	0.00801	0.00717	0.01054	0.01223	0.00590	0.01603	0.00928	0.02446	0.00759	0.00886	0.00590	0.00506	0.00337	0.00169	0.00422	0.00295	0.00337	0.00590
7	0.00664	0.00474	0.00633	0.00759	0.00791	0.00443	0.00506	0.00759	0.01044	0.01392	0.03005	0.80485	0.03606	0.01708	0.00696	0.00221	0.00316	0.01550	0.00506	0.00443
8	0.00692	0.00513	0.00645	0.00699	0.00787	0.00467	0.00491	0.00842	0.01226	0.01638	0.25034	0.44168	0.17849	0.01474	0.00671	0.00200	0.00292	0.01311	0.00533	0.00467
9	0.01439	0.01029	0.01210	0.00885	0.01354	0.00852	0.00715	0.10345	0.01364	0.13372	0.01186	0.01260	0.00903	0.00474	0.00442	0.00104	0.00436	0.00377	0.00402	0.61850

[dist]
# distance from previous block
# <min> <max>
0	1

[block]
# block no. 4 follows, 44 sequences, length 39
# corresponding to MSA columns:
# 193-205,207-232
name=unknown_E
#
# <colnr> <probs for GDERKNQSTAVLIFYWHMCP>
#	G	D	E	R	K	N	Q	S	T	A	V	L	I	F	Y	W	H	M	C	P
0	0.01472	0.32448	0.18118	0.01094	0.01599	0.03382	0.02816	0.01823	0.04307	0.13629	0.05464	0.01359	0.01106	0.00554	0.00457	0.00141	0.00587	0.00421	0.00347	0.08873
1	0.00662	0.00481	0.00625	0.00741	0.00786	0.00444	0.00498	0.00761	0.01061	0.01399	0.03229	0.73784	0.10161	0.01679	0.00691	0.00218	0.00313	0.01514	0.00506	0.00444
2	0.01130	0.00969	0.01130	0.00807	0.01292	0.00727	0.00646	0.01373	0.01130	0.01776	0.00969	0.01130	0.00807	0.00404	0.00404	0.00081	0.00404	0.00323	0.00323	0.84173
3	0.01529	0.01112	0.01269	0.00949	0.01397	0.01013	0.00770	0.22857	0.03054	0.10516	0.01407	0.01448	0.04073	0.00552	0.00473	0.00120	0.00462	0.00436	0.00437	0.46126
4	0.00947	0.00473	0.00710	0.00710	0.00710	0.00473	0.00473	0.00710	0.00710	0.00947	0.00947	0.01657	0.00947	0.01894	0.02131	0.84138	0.00473	0.00473	0.00237	0.00237
5	0.00664	0.00474	0.00633	0.00759	0.00791	0.00443	0.00506	0.00759	0.01044	0.01392	0.03005	0.80485	0.03606	0.01708	0.00696	0.00221	0.00316	0.01550	0.00506	0.00443
6	0.01408	0.01157	0.01283	0.01219	0.06050	0.01301	0.00897	0.07274	0.59945	0.05489	0.02265	0.02113	0.05647	0.00751	0.00558	0.00181	0.00448	0.00627	0.00539	0.00848
7	0.01418	0.01416	0.01906	0.16691	0.44111	0.13016	0.01472	0.06327	0.01344	0.01740	0.01094	0.01539	0.00926	0.00567	0.00544	0.00167	0.00703	0.03956	0.00295	0.00768
8	0.00663	0.00548	0.00578	0.00580	0.00745	0.00467	0.00429	0.00809	0.01254	0.01537	0.13253	0.09358	0.63191	0.03294	0.00699	0.00193	0.00282	0.01146	0.00512	0.00462
9	0.01356	0.01171	0.01233	0.01109	0.01418	0.01356	0.00863	0.02897	0.76455	0.02281	0.02219	0.02034	0.01664	0.00740	0.00555	0.00185	0.00431	0.00616	0.00555	0.00863
10	0.01305	0.09452	0.30282	0.05469	0.09295	0.02853	0.19453	0.01775	0.02928	0.06889	0.01124	0.01339	0.00839	0.00591	0.02171	0.00183	0.00767	0.00482	0.02034	0.00768
11	0.01165	0.01189	0.05355	0.44398	0.34234	0.01249	0.01603	0.01524	0.01156	0.01569	0.00993	0.01397	0.00782	0.00519	0.00542	0.00173	0.00698	0.00481	0.00253	0.00722
12	0.00649	0.00552	0.00559	0.00557	0.00739	0.00462	0.00418	0.00791	0.01253	0.01498	0.08078	0.05205	0.74647	0.01371	0.00644	0.00184	0.00275	0.01145	0.00510	0.00462
13	0.02820	0.00999	0.01118	0.02400	0.02940	0.06561	0.00782	0.14569	0.01324	0.06660	0.01391	0.01796	0.01168	0.06999	0.17239	0.01819	0.09978	0.00523	0.18296	0.00618
14	0.03148	0.09078	0.45228	0.01723	0.07027	0.01371	0.16901	0.04276	0.01234	0.03534	0.01021	0.01221	0.00751	0.00508	0.00528	0.00169	0.00776	0.00452	0.00266	0.00788
15	0.01237	0.01898	0.37430	0.05032	0.14874	0.01186	0.05749	0.08325	0.01272	0.03524	0.03662	0.01404	0.00948	0.00705	0.00723	0.09824	0.00698	0.00473	0.00292	0.00741
16	0.01708	0.01323	0.01417	0.01167	0.01528	0.01481	0.00935	0.43172	0.30367	0.02863	0.01766	0.06855	0.01384	0.00757	0.00559	0.00176	0.00517	0.00609	0.00546	0.00871
17	0.62033	0.01284	0.02382	0.03159	0.01263	0.11303	0.00722	0.03610	0.02474	0.04389	0.00884	0.01006	0.00679	0.00531	0.00383	0.00165	0.00513	0.00333	0.02267	0.00621
18	0.00670	0.00482	0.00636	0.00757	0.00798	0.00449	0.00513	0.00771	0.01059	0.01402	0.03111	0.75025	0.06799	0.01688	0.00695	0.00221	0.00320	0.03652	0.00506	0.00445
19	0.00792	0.00531	0.00606	0.00606	0.00610	0.00535	0.00345	0.00800	0.00796	0.01066	0.01707	0.03509	0.01956	0.77670	0.05910	0.00543	0.00567	0.00784	0.00329	0.00337
20	0.01175	0.01006	0.01205	0.00864	0.01348	0.00785	0.02532	0.04617	0.01197	0.01848	0.00987	0.01147	0.00813	0.00416	0.00416	0.00087	0.00425	0.00338	0.00332	0.78461
21	0.02066	0.01393	0.01538	0.01191	0.01607	0.01505	0.00978	0.61578	0.02349	0.14341	0.01507	0.04836	0.01106	0.00703	0.00552	0.00167	0.00567	0.00545	0.00563	0.00906
22	0.01934	0.03051	0.01294	0.00947	0.01387	0.00910	0.00778	0.08579	0.04172	0.42709	0.01672	0.01561	0.01136	0.00584	0.00498	0.00140	0.00459	0.00468	0.00537	0.27183
23	0.00682	0.00575	0.00600	0.00592	0.00785	0.00483	0.00453	0.00833	0.01245	0.01510	0.06720	0.05093	0.68117	0.01340	0.00640	0.00183	0.00294	0.05245	0.00500	0.04111
24	0.02037	0.02598	0.01545	0.01404	0.01685	0.78652	0.01053	0.02177	0.01545	0.01334	0.00843	0.00983	0.00702	0.00562	0.00492	0.00140	0.00983	0.00351	0.00281	0.00632
25	0.01193	0.01193	0.01670	0.01431	0.01431	0.01670	0.01193	0.01312	0.00835	0.01312	0.00716	0.01193	0.00716	0.00954	0.01789	0.00239	0.79843	0.00477	0.00239	0.00596
26	0.00768	0.00557	0.00723	0.00682	0.00812	0.00513	0.00511	0.01021	0.01534	0.02164	0.74914	0.04109	0.07395	0.01123	0.00643	0.00172	0.00258	0.00991	0.00597	0.00513
27	0.00664	0.00474	0.00633	0.00759	0.00791	0.00443	0.00506	0.00759	0.01044	0.01392	0.03005	0.80485	0.03606	0.01708	0.00696	0.00221	0.00316	0.01550	0.00506	0.00443
28	0.00659	0.00553	0.00573	0.00568	0.00746	0.00467	0.00426	0.00812	0.01278	0.01557	0.13988	0.05108	0.68701	0.01349	0.00644	0.00183	0.00274	0.01131	0.00517	0.00467
29	0.02037	0.02598	0.01545	0.01404	0.01685	0.78652	0.01053	0.02177	0.01545	0.01334	0.00843	0.00983	0.00702	0.00562	0.00492	0.00140	0.00983	0.00351	0.00281	0.00632
30	0.01093	0.02820	0.78016	0.01554	0.02360	0.01266	0.02014	0.01727	0.01151	0.01727	0.00978	0.01151	0.00691	0.00518	0.00518	0.00173	0.00806	0.00403	0.00230	0.00806
31	0.00779	0.00584	0.00876	0.00876	0.00974	0.00681	0.00681	0.00974	0.00876	0.01266	0.01460	0.02142	0.01363	0.04089	0.78680	0.00876	0.01460	0.00584	0.00292	0.00487
32	0.00861	0.00764	0.01213	0.01116	0.01215	0.00828	0.11271	0.01013	0.01035	0.01426	0.02263	0.52937	0.02616	0.01376	0.00914	0.00220	0.16799	0.01200	0.00418	0.00516
33	0.01132	0.00972	0.01152	0.00843	0.01284	0.00787	0.00677	0.01366	0.01110	0.01751	0.00973	0.01159	0.00817	0.00448	0.00500	0.00093	0.05969	0.00339	0.02530	0.76097
34	0.09870	0.30539	0.01942	0.01169	0.01522	0.43771	0.00965	0.01926	0.01329	0.01424	0.00804	0.00935	0.00690	0.00522	0.00426	0.00135	0.00785	0.00324	0.00269	0.00652
35	0.01287	0.01471	0.03217	0.02298	0.02849	0.01379	0.75460	0.01746	0.01287	0.01746	0.01103	0.01471	0.00827	0.00460	0.00643	0.00184	0.00919	0.00643	0.00276	0.00735
36	0.84691	0.01054	0.00801	0.00717	0.01054	0.01223	0.00590	0.01603	0.00928	0.02446	0.00759	0.00886	0.00590	0.00506	0.00337	0.00169	0.00422	0.00295	0.00337	0.00590
37	0.00644	0.00552	0.00552	0.00552	0.00736	0.00460	0.00414	0.00782	0.01243	0.01473	0.05523	0.05247	0.77218	0.01381	0.00644	0.00184	0.00276	0.01151	0.00506	0.00460
38	0.00909	0.00662	0.00901	0.01011	0.01148	0.00673	0.00878	0.01241	0.05988	0.01672	0.02845	0.05891	0.03045	0.01458	0.00741	0.00247	0.00498	0.69166	0.00505	0.00525

[dist]
# distance from previous block
# <min> <max>
0	11

[block]
# block no. 5 follows, 44 sequences, length 38
# corresponding to MSA columns:
# 244-281
name=unknown_F
#
# <colnr> <probs for GDERKNQSTAVLIFYWHMCP>
#	G	D	E	R	K	N	Q	S	T	A	V	L	I	F	Y	W	H	M	C	P
0	0.01232	0.00969	0.01139	0.00837	0.01293	0.00764	0.00667	0.05036	0.01222	0.06366	0.01156	0.05089	0.00983	0.00496	0.00434	0.00097	0.00413	0.00405	0.00364	0.71040
1	0.01193	0.01193	0.01670	0.01431	0.01431	0.01670	0.01193	0.01312	0.00835	0.01312	0.00716	0.01193	0.00716	0.00954	0.01789	0.00239	0.79843	0.00477	0.00239	0.00596
2	0.01287	0.01471	0.03217	0.02298	0.02849	0.01379	0.75460	0.01746	0.01287	0.01746	0.01103	0.01471	0.00827	0.00460	0.00643	0.00184	0.00919	0.00643	0.00276	0.00735
3	0.01458	0.81168	0.02857	0.00933	0.01399	0.02157	0.00933	0.01632	0.01108	0.01283	0.00758	0.00875	0.00700	0.00466	0.00350	0.00117	0.00583	0.00292	0.00233	0.00700
4	0.82003	0.01038	0.00799	0.00716	0.01047	0.01200	0.00588	0.01584	0.00948	0.02438	0.03207	0.00988	0.00736	0.00526	0.00347	0.00169	0.00416	0.00317	0.00346	0.00588
5	0.01130	0.00969	0.01130	0.00807	0.01292	0.00727	0.00646	0.01373	0.01130	0.01776	0.00969	0.01130	0.00807	0.00404	0.00404	0.00081	0.00404	0.00323	0.00323	0.84173
6	0.02339	0.00951	0.01264	0.00975	0.01384	0.00848	0.00803	0.07539	0.01628	0.69075	0.05747	0.01926	0.01506	0.00695	0.00553	0.00168	0.00463	0.00566	0.00662	0.00908
7	0.00779	0.00584	0.00876	0.00876	0.00974	0.00681	0.00681	0.00974	0.00876	0.01266	0.01460	0.02142	0.01363	0.04089	0.78680	0.00876	0.01460	0.00584	0.00292	0.00487
8	0.00788	0.00545	0.00678	0.00677	0.00709	0.00571	0.00435	0.00851	0.00840	0.01151	0.03977	0.03179	0.01904	0.56641	0.24204	0.00616	0.00784	0.00740	0.00328	0.00380
9	0.01130	0.00969	0.01130	0.00807	0.01292	0.00727	0.00646	0.01373	0.01130	0.01776	0.00969	0.01130	0.00807	0.00404	0.00404	0.00081	0.00404	0.00323	0.00323	0.84173
10	0.00824	0.00570	0.00739	0.00690	0.00831	0.00522	0.00520	0.01074	0.01530	0.04763	0.71308	0.04049	0.08289	0.01111	0.00640	0.00172	0.00265	0.00978	0.00598	0.00526
11	0.00900	0.00586	0.00770	0.00708	0.00859	0.00536	0.00536	0.01154	0.01545	0.08002	0.71385	0.03902	0.04852	0.01081	0.00636	0.00171	0.00273	0.00952	0.00606	0.00546
12	0.04329	0.00956	0.01270	0.00976	0.01397	0.00849	0.00806	0.05725	0.01588	0.72924	0.02083	0.01810	0.01314	0.00670	0.00543	0.00168	0.00469	0.00540	0.00661	0.00920
13	0.00644	0.00552	0.00552	0.00552	0.00736	0.00460	0.00414	0.00782	0.01243	0.01473	0.05523	0.05247	0.77218	0.01381	0.00644	0.00184	0.00276	0.01151	0.00506	0.00460
14	0.00664	0.00492	0.00620	0.00717	0.00781	0.00448	0.00489	0.00772	0.01097	0.01431	0.05721	0.63806	0.17718	0.01628	0.00684	0.00213	0.00307	0.01457	0.00509	0.00448
15	0.02072	0.01527	0.01636	0.01254	0.01691	0.01691	0.01036	0.75622	0.02563	0.03436	0.01309	0.01309	0.00927	0.00654	0.00545	0.00164	0.00600	0.00491	0.00545	0.00927
16	0.00664	0.00474	0.00633	0.00759	0.00791	0.00443	0.00506	0.00759	0.01044	0.01392	0.03005	0.80485	0.03606	0.01708	0.00696	0.00221	0.00316	0.01550	0.00506	0.00443
17	0.61937	0.01196	0.07219	0.02846	0.01346	0.01180	0.03929	0.01747	0.01045	0.11848	0.00972	0.01068	0.00708	0.00527	0.00397	0.00170	0.00487	0.00355	0.00366	0.00657
18	0.02078	0.01439	0.01567	0.01205	0.01631	0.01569	0.00994	0.66322	0.02424	0.10680	0.01405	0.01383	0.00982	0.00656	0.00541	0.00163	0.00577	0.00497	0.02972	0.00915
19	0.01191	0.00980	0.01146	0.00822	0.01304	0.00750	0.00659	0.03034	0.01175	0.04103	0.01012	0.01156	0.00826	0.00417	0.00411	0.00085	0.00410	0.00333	0.00338	0.79847
20	0.00981	0.00652	0.00822	0.00749	0.00925	0.00622	0.00572	0.01356	0.08871	0.09268	0.60246	0.03706	0.06992	0.01046	0.00626	0.00173	0.00294	0.00914	0.00599	0.00585
21	0.00787	0.00574	0.00744	0.00722	0.00848	0.00542	0.00542	0.01073	0.04126	0.02087	0.63869	0.11578	0.04779	0.01177	0.00650	0.00180	0.00280	0.04337	0.00585	0.00519
22	0.00795	0.00599	0.00764	0.00848	0.00991	0.00567	0.00715	0.01005	0.01245	0.01573	0.03761	0.07823	0.27630	0.01470	0.00716	0.00228	0.00422	0.47858	0.00504	0.00487
23	0.01471	0.66926	0.02632	0.04864	0.01540	0.08317	0.00984	0.01649	0.01129	0.01294	0.00773	0.00927	0.00702	0.00502	0.00441	0.00128	0.04483	0.00315	0.00238	0.00684
24	0.00788	0.00527	0.00596	0.00600	0.00601	0.00526	0.00336	0.00792	0.00802	0.01069	0.01762	0.06241	0.02038	0.78090	0.02703	0.00518	0.00521	0.00819	0.00336	0.00334
25	0.01317	0.01113	0.01222	0.01154	0.05083	0.01247	0.00855	0.09015	0.54507	0.02277	0.06963	0.02362	0.08882	0.00803	0.00567	0.00181	0.00432	0.00672	0.00538	0.00810
26	0.01190	0.00967	0.01137	0.00815	0.01297	0.00730	0.00653	0.01431	0.01150	0.05233	0.01023	0.01163	0.00832	0.00416	0.00410	0.00085	0.00406	0.00333	0.00339	0.80389
27	0.01193	0.01193	0.01670	0.01431	0.01431	0.01670	0.01193	0.01312	0.00835	0.01312	0.00716	0.01193	0.00716	0.00954	0.01789	0.00239	0.79843	0.00477	0.00239	0.00596
28	0.05047	0.01037	0.01337	0.01120	0.03919	0.00993	0.06999	0.19185	0.01514	0.06122	0.05256	0.15711	0.01649	0.00795	0.00543	0.00156	0.00487	0.03191	0.00442	0.24496
29	0.03779	0.01210	0.01691	0.49743	0.15752	0.07608	0.01422	0.07513	0.03027	0.01671	0.01018	0.01382	0.00782	0.00549	0.00534	0.00173	0.00708	0.00472	0.00285	0.00683
30	0.00745	0.00525	0.00675	0.00758	0.00810	0.00503	0.00515	0.03422	0.01091	0.01452	0.05212	0.61133	0.05862	0.08125	0.00920	0.03799	0.00352	0.03171	0.00485	0.00446
31	0.01290	0.01247	0.04034	0.29987	0.20415	0.04989	0.02631	0.09809	0.10506	0.01854	0.03172	0.01700	0.04763	0.00620	0.00550	0.00173	0.00643	0.00540	0.00344	0.00734
32	0.05723	0.06449	0.28230	0.01253	0.01746	0.07451	0.03738	0.15523	0.04908	0.05365	0.01427	0.09029	0.02545	0.00694	0.00524	0.00169	0.00644	0.00556	0.03276	0.00751
33	0.07637	0.09923	0.03921	0.03730	0.01339	0.02533	0.05660	0.10317	0.03089	0.11753	0.01487	0.03787	0.01199	0.06852	0.00644	0.00180	0.00494	0.00522	0.22774	0.02160
34	0.06951	0.06322	0.11238	0.01247	0.05810	0.10914	0.02277	0.10596	0.15352	0.08321	0.07771	0.01800	0.05229	0.00676	0.00522	0.00163	0.00577	0.00537	0.00428	0.03269
35	0.15155	0.15099	0.04895	0.04143	0.06690	0.12712	0.03481	0.09585	0.01299	0.01850	0.02467	0.01431	0.00963	0.03322	0.00640	0.00172	0.06613	0.03005	0.02904	0.03575
36	0.03839	0.18930	0.02819	0.01169	0.04657	0.04704	0.03155	0.02204	0.32775	0.07139	0.01607	0.01715	0.01270	0.00790	0.03909	0.00192	0.00566	0.02837	0.00423	0.05300
37	0.02680	0.12247	0.11941	0.02430	0.01331	0.01112	0.00905	0.09600	0.05370	0.05546	0.08301	0.08437	0.07661	0.00968	0.03832	0.01527	0.04362	0.00644	0.10453	0.00655

[dist]
# distance from previous block
# <min> <max>
1	30

[block]
# block no. 6 follows, 44 sequences, length 24
# corresponding to MSA columns:
# 312-335
name=unknown_G
#
# <colnr> <probs for GDERKNQSTAVLIFYWHMCP>
#	G	D	E	R	K	N	Q	S	T	A	V	L	I	F	Y	W	H	M	C	P
0	0.01454	0.36142	0.07092	0.01248	0.07898	0.03869	0.02931	0.07479	0.02644	0.06354	0.02535	0.04586	0.01013	0.00582	0.00494	0.00140	0.03222	0.00440	0.00325	0.09552
1	0.03134	0.20958	0.14790	0.01378	0.07490	0.20414	0.02486	0.02995	0.02890	0.08035	0.03540	0.04157	0.01041	0.00613	0.00537	0.00155	0.03893	0.00454	0.00321	0.00719
2	0.01134	0.04488	0.01504	0.06912	0.01550	0.03506	0.06753	0.01334	0.01016	0.01484	0.01068	0.04345	0.00994	0.05142	0.06259	0.00236	0.26825	0.00506	0.04205	0.20738
3	0.01364	0.12132	0.09401	0.04837	0.03247	0.01472	0.03380	0.04885	0.02702	0.09565	0.02718	0.02925	0.00981	0.00806	0.02221	0.00202	0.33515	0.00491	0.00321	0.02833
4	0.01497	0.01273	0.01433	0.01090	0.01526	0.06018	0.05296	0.26046	0.04060	0.02297	0.01204	0.04433	0.00982	0.00564	0.00487	0.00127	0.00534	0.00459	0.00406	0.40269
5	0.01057	0.00722	0.00785	0.00718	0.00823	0.00759	0.00481	0.12629	0.05896	0.01636	0.01694	0.02913	0.01719	0.52515	0.01966	0.00396	0.00497	0.00696	0.11619	0.00481
6	0.02014	0.01494	0.01604	0.01232	0.01667	0.01641	0.01015	0.70613	0.04411	0.03336	0.01318	0.01320	0.00941	0.00646	0.00540	0.00161	0.00587	0.00487	0.00536	0.04435
7	0.00704	0.00527	0.00654	0.00679	0.00788	0.00477	0.00488	0.00877	0.01299	0.01742	0.34490	0.30731	0.21785	0.01383	0.00662	0.00192	0.00282	0.01220	0.00545	0.00477
8	0.00920	0.00561	0.00731	0.00764	0.00881	0.00510	0.00551	0.01065	0.01216	0.11516	0.14133	0.47549	0.11570	0.01441	0.00666	0.00204	0.00330	0.04329	0.00542	0.00521
9	0.00685	0.00489	0.00656	0.00782	0.00823	0.00460	0.00541	0.00794	0.01064	0.01415	0.02994	0.73415	0.03561	0.01689	0.00701	0.00224	0.00334	0.08418	0.00506	0.00448
10	0.00912	0.00700	0.00910	0.03319	0.01206	0.03505	0.00880	0.01152	0.01247	0.01598	0.02762	0.10518	0.03006	0.01456	0.00734	0.00243	0.00515	0.64343	0.00486	0.00506
11	0.01130	0.00969	0.01130	0.00807	0.01292	0.00727	0.00646	0.01373	0.01130	0.01776	0.00969	0.01130	0.00807	0.00404	0.00404	0.00081	0.00404	0.00323	0.00323	0.84173
12	0.08144	0.00811	0.01169	0.40461	0.02300	0.00945	0.02819	0.01372	0.01102	0.01738	0.01267	0.01629	0.00976	0.00574	0.00467	0.00160	0.00523	0.00481	0.32493	0.00570
13	0.02072	0.01527	0.01636	0.01254	0.01691	0.01691	0.01036	0.75622	0.02563	0.03436	0.01309	0.01309	0.00927	0.00654	0.00545	0.00164	0.00600	0.00491	0.00545	0.00927
14	0.00664	0.00474	0.00633	0.00759	0.00791	0.00443	0.00506	0.00759	0.01044	0.01392	0.03005	0.80485	0.03606	0.01708	0.00696	0.00221	0.00316	0.01550	0.00506	0.00443
15	0.00678	0.00483	0.00641	0.00763	0.00797	0.00454	0.00515	0.00776	0.01043	0.01388	0.02948	0.74246	0.03520	0.04894	0.00782	0.00235	0.00333	0.04564	0.00499	0.00441
16	0.00664	0.00547	0.00583	0.00586	0.00751	0.00467	0.00435	0.00816	0.01271	0.01568	0.15502	0.10449	0.61743	0.01366	0.00648	0.00185	0.00276	0.01156	0.00520	0.00467
17	0.00793	0.00529	0.00595	0.00595	0.00595	0.00529	0.00330	0.00793	0.00793	0.01057	0.01718	0.03568	0.01982	0.80840	0.02775	0.00529	0.00529	0.00793	0.00330	0.00330
18	0.01349	0.01295	0.02213	0.03346	0.77440	0.01295	0.01673	0.01673	0.01241	0.01781	0.01025	0.01349	0.00864	0.00486	0.00540	0.00162	0.00648	0.00486	0.00270	0.00864
19	0.01458	0.81168	0.02857	0.00933	0.01399	0.02157	0.00933	0.01632	0.01108	0.01283	0.00758	0.00875	0.00700	0.00466	0.00350	0.00117	0.00583	0.00292	0.00233	0.00700
20	0.01392	0.14789	0.11056	0.03900	0.09190	0.03625	0.21452	0.05531	0.06394	0.06547	0.01286	0.03324	0.01060	0.00618	0.00595	0.00172	0.03613	0.04371	0.00335	0.00750
21	0.02181	0.00885	0.01194	0.00947	0.01324	0.00781	0.00778	0.02436	0.03670	0.64854	0.09646	0.02267	0.01813	0.00756	0.00567	0.00173	0.00444	0.03763	0.00656	0.00866
22	0.00779	0.00582	0.00864	0.00864	0.00957	0.00675	0.00666	0.00966	0.00873	0.01257	0.01471	0.02203	0.01390	0.07410	0.75395	0.00861	0.01420	0.00593	0.00294	0.00480
23	0.01814	0.01405	0.01609	0.01269	0.01669	0.01548	0.05680	0.52700	0.17696	0.03002	0.01557	0.04871	0.01188	0.00705	0.00560	0.00172	0.00573	0.00572	0.00529	0.00881

[dist]
# distance from previous block
# <min> <max>
0	8

[block]
# block no. 7 follows, 44 sequences, length 17
# corresponding to MSA columns:
# 344-360
name=unknown_H
#
# <colnr> <probs for GDERKNQSTAVLIFYWHMCP>
#	G	D	E	R	K	N	Q	S	T	A	V	L	I	F	Y	W	H	M	C	P
0	0.04364	0.62482	0.15114	0.01039	0.01556	0.01960	0.01103	0.04390	0.01162	0.01477	0.00815	0.00937	0.00703	0.00483	0.00384	0.00129	0.00615	0.00317	0.00248	0.00722
1	0.00781	0.00576	0.00838	0.00838	0.00922	0.00661	0.00633	0.00949	0.00865	0.01237	0.01496	0.02337	0.01448	0.14610	0.68275	0.00829	0.01333	0.00613	0.00297	0.00465
2	0.00678	0.00484	0.00648	0.00774	0.00812	0.00454	0.00529	0.00782	0.01057	0.01407	0.02997	0.75870	0.03577	0.01695	0.00699	0.00223	0.00328	0.06033	0.00506	0.00446
3	0.01193	0.01193	0.01670	0.01431	0.01431	0.01670	0.01193	0.01312	0.00835	0.01312	0.00716	0.01193	0.00716	0.00954	0.01789	0.00239	0.79843	0.00477	0.00239	0.00596
4	0.80542	0.01048	0.00825	0.00730	0.01071	0.01202	0.00601	0.01656	0.00960	0.06248	0.00829	0.00935	0.00629	0.00515	0.00348	0.00169	0.00424	0.00308	0.00354	0.00607
5	0.00644	0.00552	0.00552	0.00552	0.00736	0.00460	0.00414	0.00782	0.01243	0.01473	0.05523	0.05247	0.77218	0.01381	0.00644	0.00184	0.00276	0.01151	0.00506	0.00460
6	0.01398	0.12354	0.18160	0.05009	0.26832	0.01473	0.12064	0.12794	0.01404	0.01932	0.01031	0.01259	0.00805	0.00514	0.00526	0.00162	0.00706	0.00466	0.00298	0.00811
7	0.01398	0.68404	0.15101	0.01034	0.01556	0.02012	0.01109	0.01648	0.01115	0.01355	0.00794	0.00920	0.00698	0.00475	0.00377	0.00126	0.00619	0.00310	0.00233	0.00717
8	0.04331	0.01523	0.01395	0.01139	0.01496	0.16356	0.00912	0.40829	0.04642	0.08001	0.01593	0.01600	0.05703	0.00680	0.00522	0.00159	0.00605	0.00509	0.07210	0.00795
9	0.01321	0.01849	0.33413	0.06218	0.01984	0.03866	0.03564	0.10388	0.03439	0.07031	0.01198	0.01426	0.00909	0.00807	0.06061	0.00209	0.00732	0.01829	0.00334	0.13421
10	0.00914	0.01035	0.13844	0.00912	0.01175	0.00769	0.00824	0.04701	0.09692	0.01907	0.26216	0.20143	0.11981	0.01121	0.00622	0.00187	0.00405	0.02457	0.00496	0.00599
11	0.01229	0.06934	0.02311	0.01695	0.01958	0.01508	0.31326	0.01495	0.01055	0.01516	0.00979	0.03497	0.00865	0.00727	0.01138	0.00203	0.36929	0.00562	0.03420	0.00653
12	0.06044	0.01097	0.01455	0.19579	0.03593	0.07701	0.11086	0.08334	0.01284	0.01820	0.01411	0.12037	0.01262	0.00722	0.00565	0.00170	0.02929	0.00627	0.15686	0.02597
13	0.06053	0.00628	0.00784	0.00793	0.00908	0.00674	0.00589	0.05656	0.01070	0.01583	0.02062	0.25928	0.04664	0.06539	0.31098	0.00475	0.00790	0.00877	0.08328	0.00500
14	0.04510	0.43608	0.05077	0.01176	0.04338	0.21426	0.01018	0.03830	0.02647	0.01473	0.00974	0.01296	0.00880	0.00570	0.00434	0.00139	0.00683	0.04953	0.00282	0.00686
15	0.15048	0.01430	0.09900	0.09243	0.28304	0.06698	0.10571	0.01604	0.01159	0.01756	0.01069	0.03677	0.00921	0.05591	0.00659	0.00192	0.00675	0.00506	0.00286	0.00710
16	0.01433	0.03125	0.01149	0.05953	0.06666	0.00786	0.00779	0.03794	0.01491	0.27057	0.33537	0.05720	0.04441	0.00884	0.00589	0.00171	0.00405	0.00764	0.00561	0.00695

[dist]
# distance from previous block
# <min> <max>
9	35

[block]
# block no. 8 follows, 44 sequences, length 31
# corresponding to MSA columns:
# 398-423,425-429
name=unknown_I
#
# <colnr> <probs for GDERKNQSTAVLIFYWHMCP>
#	G	D	E	R	K	N	Q	S	T	A	V	L	I	F	Y	W	H	M	C	P
0	0.03848	0.24131	0.04995	0.02938	0.11336	0.11308	0.01038	0.08658	0.09215	0.05153	0.02504	0.04778	0.02262	0.00617	0.00479	0.00149	0.00599	0.00478	0.00356	0.05159
1	0.20042	0.08785	0.23570	0.06933	0.03322	0.02840	0.01177	0.09123	0.02891	0.02001	0.02788	0.01430	0.05450	0.00587	0.00469	0.00160	0.00591	0.00440	0.00328	0.07073
2	0.07978	0.34627	0.10559	0.03261	0.09581	0.04913	0.12569	0.01698	0.03098	0.01592	0.00914	0.01108	0.00756	0.00497	0.00477	0.00147	0.02219	0.00398	0.00265	0.03346
3	0.03329	0.17809	0.04744	0.01164	0.04747	0.06901	0.00947	0.13367	0.07116	0.05619	0.04253	0.10471	0.02878	0.00937	0.04369	0.00201	0.07772	0.00595	0.00391	0.02389
4	0.14378	0.04929	0.05239	0.04335	0.30379	0.05349	0.01239	0.09629	0.13828	0.02071	0.01180	0.01338	0.00930	0.00565	0.00527	0.00167	0.02313	0.00459	0.00352	0.00792
5	0.01056	0.00831	0.00874	0.00805	0.01008	0.04473	0.00620	0.08486	0.11203	0.03621	0.25186	0.05613	0.21339	0.02867	0.00650	0.00184	0.00375	0.04098	0.06118	0.00593
6	0.00689	0.00530	0.00602	0.00632	0.00736	0.00481	0.00437	0.00796	0.01102	0.01391	0.06720	0.23723	0.38142	0.16831	0.04464	0.00289	0.00386	0.01152	0.00467	0.00434
7	0.01264	0.01281	0.03909	0.18543	0.02126	0.08777	0.13290	0.06463	0.01194	0.01631	0.01057	0.01434	0.00864	0.00886	0.06016	0.00231	0.20705	0.00503	0.09189	0.00636
8	0.01049	0.01007	0.01756	0.73642	0.03686	0.01224	0.07151	0.01420	0.01105	0.01420	0.00979	0.01455	0.00734	0.00539	0.00553	0.00182	0.00741	0.00497	0.00245	0.00616
9	0.01643	0.07217	0.01405	0.01111	0.01450	0.10076	0.00884	0.04726	0.47813	0.14759	0.01918	0.01779	0.01411	0.00686	0.00531	0.00172	0.00515	0.00547	0.00520	0.00837
10	0.08916	0.01458	0.07295	0.03241	0.01673	0.10147	0.06494	0.17013	0.15404	0.14984	0.01546	0.01685	0.01153	0.00657	0.00533	0.00171	0.00604	0.03550	0.02683	0.00792
11	0.01553	0.01358	0.01370	0.03106	0.06559	0.11620	0.00952	0.06875	0.45951	0.07902	0.01807	0.01734	0.01351	0.00668	0.00537	0.00170	0.00537	0.00542	0.00489	0.04918
12	0.01030	0.00969	0.01635	0.79530	0.03755	0.01211	0.01514	0.01393	0.01090	0.01393	0.00969	0.01453	0.00727	0.00545	0.00545	0.00182	0.00727	0.00484	0.00242	0.00606
13	0.00743	0.00556	0.00689	0.00656	0.00797	0.00502	0.00492	0.00973	0.01475	0.02024	0.60893	0.04339	0.21504	0.01175	0.00643	0.00174	0.00262	0.01023	0.00579	0.00502
14	0.02072	0.01527	0.01636	0.01254	0.01691	0.01691	0.01036	0.75622	0.02563	0.03436	0.01309	0.01309	0.00927	0.00654	0.00545	0.00164	0.00600	0.00491	0.00545	0.00927
15	0.00664	0.00474	0.00633	0.00759	0.00791	0.00443	0.00506	0.00759	0.01044	0.01392	0.03005	0.80485	0.03606	0.01708	0.00696	0.00221	0.00316	0.01550	0.00506	0.00443
16	0.01396	0.01162	0.01234	0.01104	0.01417	0.01336	0.00861	0.02888	0.73692	0.05067	0.02216	0.02027	0.01653	0.00737	0.00554	0.00184	0.00433	0.00614	0.00559	0.00865
17	0.01016	0.00508	0.00508	0.00508	0.00635	0.00508	0.00381	0.01270	0.01143	0.02033	0.01778	0.02033	0.01397	0.00635	0.00381	0.00127	0.00254	0.00508	0.83867	0.00508
18	0.01030	0.00969	0.01635	0.79530	0.03755	0.01211	0.01514	0.01393	0.01090	0.01393	0.00969	0.01453	0.00727	0.00545	0.00545	0.00182	0.00727	0.00484	0.00242	0.00606
19	0.00732	0.00541	0.00706	0.00774	0.00824	0.00538	0.00534	0.00883	0.03039	0.01508	0.14216	0.57299	0.03541	0.07591	0.00891	0.00237	0.03853	0.01334	0.00497	0.00463
20	0.00772	0.00557	0.00729	0.00686	0.00814	0.00514	0.00514	0.01029	0.01543	0.02186	0.77152	0.04072	0.05144	0.01115	0.00643	0.00171	0.00257	0.00986	0.00600	0.00514
21	0.00983	0.00794	0.00936	0.00848	0.01097	0.00730	0.00630	0.03435	0.13654	0.01732	0.02111	0.37313	0.02224	0.01059	0.00565	0.00164	0.00374	0.00933	0.00451	0.29968
22	0.01371	0.01333	0.02162	0.03218	0.72766	0.03729	0.01629	0.01726	0.03518	0.01782	0.01056	0.01358	0.00883	0.00496	0.00539	0.00162	0.00652	0.00485	0.00279	0.00856
23	0.00763	0.00551	0.00721	0.00691	0.00813	0.00509	0.00514	0.01008	0.01505	0.02126	0.71499	0.09898	0.05027	0.01160	0.00647	0.00175	0.00262	0.01029	0.00593	0.00509
24	0.01145	0.01114	0.01500	0.14400	0.01745	0.05776	0.02648	0.01325	0.00962	0.01382	0.01028	0.06144	0.00980	0.01091	0.06534	0.00257	0.45394	0.00549	0.05445	0.00581
25	0.01300	0.01236	0.01994	0.13287	0.57040	0.03015	0.01536	0.03908	0.01248	0.01736	0.01135	0.06138	0.01006	0.00585	0.00578	0.00169	0.02458	0.00547	0.00289	0.00794
26	0.01757	0.02030	0.01711	0.01887	0.22117	0.45731	0.01202	0.05336	0.01450	0.01578	0.00915	0.01116	0.00763	0.00555	0.00565	0.00148	0.04688	0.00398	0.00291	0.05761
27	0.00765	0.00555	0.00682	0.00744	0.00816	0.00532	0.00507	0.05301	0.01139	0.01502	0.04694	0.56205	0.11600	0.11136	0.00930	0.00250	0.00353	0.01337	0.00489	0.00462
28	0.00787	0.00668	0.05275	0.00655	0.00728	0.00561	0.00451	0.00846	0.00882	0.01165	0.02209	0.07043	0.11436	0.62480	0.02278	0.00450	0.00504	0.00848	0.00354	0.00380
29	0.01245	0.01180	0.01998	0.19620	0.56908	0.01230	0.01569	0.01574	0.01227	0.01722	0.05619	0.01537	0.01093	0.00537	0.00547	0.00167	0.00641	0.00516	0.00284	0.00787
30	0.00771	0.00548	0.00652	0.00679	0.00716	0.00546	0.00443	0.00828	0.00930	0.01222	0.02454	0.18315	0.10762	0.48194	0.01949	0.00401	0.02727	0.07080	0.00395	0.00388

[dist]
# distance from previous block
# <min> <max>
0	51

# created by:
# /st0/software/busco_prod/Augustus/scripts/msa2prfl.pl ./align_prep/152910.fa
