[name]
unknown

[dist]
# distance from previous block
# <min> <max>
5	73

[block]
# block no. 0 follows, 48 sequences, length 29
# corresponding to MSA columns:
# 73-101
name=unknown_A
#
# <colnr> <probs for GDERKNQSTAVLIFYWHMCP>
#	G	D	E	R	K	N	Q	S	T	A	V	L	I	F	Y	W	H	M	C	P
0	0.01434	0.62534	0.02412	0.00968	0.01360	0.01921	0.00916	0.12678	0.01221	0.01510	0.00786	0.00912	0.00692	0.00509	0.00486	0.00127	0.08272	0.00319	0.00263	0.00681
1	0.01454	0.00987	0.01356	0.05400	0.03965	0.00957	0.08399	0.14338	0.07017	0.19187	0.12796	0.01880	0.03656	0.00662	0.00545	0.01672	0.00475	0.00556	0.00460	0.14236
2	0.00691	0.00568	0.02587	0.00639	0.00781	0.00481	0.00493	0.00896	0.01319	0.01790	0.49072	0.11850	0.24629	0.01159	0.00608	0.00169	0.00265	0.01010	0.00523	0.00470
3	0.01102	0.00993	0.01229	0.09011	0.01424	0.08470	0.08048	0.02503	0.15941	0.01385	0.01323	0.04009	0.01225	0.18457	0.01328	0.13594	0.08548	0.00570	0.00319	0.00520
4	0.09383	0.05221	0.01573	0.01318	0.03745	0.50374	0.08518	0.01861	0.01315	0.02937	0.00847	0.00997	0.00688	0.00496	0.00453	0.00133	0.00785	0.00355	0.00278	0.08722
5	0.01088	0.00990	0.01595	0.67133	0.07461	0.01192	0.02709	0.08911	0.01176	0.01529	0.00949	0.01349	0.00712	0.00519	0.00514	0.00168	0.00671	0.00459	0.00259	0.00616
6	0.00902	0.00471	0.00686	0.00684	0.00696	0.00473	0.00461	0.02601	0.00731	0.00975	0.01015	0.06309	0.01039	0.01743	0.01887	0.77883	0.00440	0.00506	0.00245	0.00251
7	0.00696	0.00523	0.00644	0.00614	0.00748	0.00471	0.00460	0.00909	0.01381	0.01887	0.59885	0.04113	0.23558	0.01113	0.00605	0.00164	0.00247	0.00967	0.00542	0.00471
8	0.00728	0.00622	0.00642	0.00635	0.00798	0.02674	0.00472	0.01001	0.08867	0.01545	0.14924	0.13608	0.49191	0.01220	0.00600	0.00175	0.00295	0.01035	0.00488	0.00481
9	0.00720	0.00501	0.00567	0.00567	0.00605	0.00484	0.00345	0.00765	0.00883	0.01164	0.09548	0.06334	0.13223	0.59839	0.02063	0.00409	0.00432	0.00837	0.00365	0.00349
10	0.01951	0.01437	0.01540	0.01181	0.01591	0.01591	0.00975	0.77056	0.02412	0.03234	0.01232	0.01232	0.00873	0.00616	0.00513	0.00154	0.00565	0.00462	0.00513	0.00873
11	0.01228	0.09155	0.01408	0.01113	0.10676	0.00995	0.00797	0.10638	0.01240	0.01817	0.00938	0.01085	0.00770	0.00424	0.00407	0.00098	0.00447	0.00339	0.00315	0.56107
12	0.02086	0.10779	0.01462	0.01132	0.09061	0.00955	0.00851	0.02291	0.01387	0.61925	0.01759	0.01587	0.01150	0.00593	0.00493	0.00152	0.00468	0.00481	0.00547	0.00841
13	0.01084	0.01098	0.01529	0.71105	0.03298	0.10691	0.01372	0.01400	0.01078	0.01304	0.00898	0.01314	0.00681	0.00515	0.00507	0.00166	0.00713	0.00441	0.00232	0.00573
14	0.28614	0.01091	0.01164	0.00923	0.01299	0.01148	0.00762	0.26023	0.01581	0.30487	0.01355	0.01292	0.00916	0.00579	0.00452	0.00157	0.00465	0.00423	0.00495	0.00772
15	0.01222	0.01224	0.01823	0.31379	0.43819	0.08739	0.01464	0.01524	0.01144	0.01502	0.00929	0.01273	0.00751	0.00484	0.00505	0.00157	0.00667	0.00445	0.00245	0.00703
16	0.01005	0.00949	0.01605	0.71326	0.12657	0.01150	0.01443	0.01343	0.01043	0.01355	0.00918	0.01356	0.00700	0.00506	0.00512	0.00169	0.00675	0.00456	0.00231	0.00599
17	0.01214	0.00907	0.01079	0.00779	0.01227	0.00693	0.00626	0.01439	0.01113	0.11063	0.01047	0.01147	0.00822	0.00411	0.00396	0.00086	0.00387	0.00330	0.00344	0.74890
18	0.01554	0.01193	0.01304	0.01072	0.01372	0.01363	0.00867	0.38934	0.24064	0.02565	0.01481	0.01503	0.01109	0.00664	0.00609	0.00162	0.08198	0.00497	0.10711	0.00777
19	0.01372	0.82276	0.02689	0.00878	0.01317	0.02030	0.00878	0.01536	0.01043	0.01207	0.00713	0.00823	0.00658	0.00439	0.00329	0.00110	0.00549	0.00274	0.00219	0.00658
20	0.00725	0.00496	0.00581	0.00591	0.00614	0.00488	0.00358	0.00768	0.00857	0.01151	0.09247	0.12329	0.04959	0.60256	0.04126	0.00430	0.00465	0.00851	0.00359	0.00348
21	0.01403	0.01262	0.01976	0.02764	0.63641	0.01292	0.01457	0.16369	0.01412	0.01982	0.01017	0.01262	0.00824	0.00488	0.00509	0.00153	0.00601	0.00458	0.00305	0.00824
22	0.12029	0.01276	0.01411	0.09054	0.01686	0.01412	0.00948	0.53112	0.01996	0.10261	0.01214	0.01247	0.00854	0.00591	0.00490	0.00157	0.00544	0.00444	0.00473	0.00804
23	0.01337	0.09005	0.01994	0.02408	0.49725	0.01398	0.01364	0.10488	0.01243	0.01745	0.00926	0.01199	0.00783	0.00545	0.00680	0.00160	0.13520	0.00439	0.00277	0.00765
24	0.03358	0.10497	0.01627	0.01194	0.03641	0.05147	0.00969	0.43507	0.05929	0.07446	0.01165	0.01222	0.00869	0.00625	0.00629	0.00158	0.10359	0.00439	0.00431	0.00787
25	0.01405	0.03367	0.01365	0.01027	0.01432	0.10866	0.04429	0.18211	0.10725	0.02007	0.01111	0.01196	0.00868	0.00493	0.00446	0.00118	0.00519	0.00389	0.00367	0.39660
26	0.09462	0.01157	0.06219	0.01119	0.01482	0.04457	0.14256	0.07414	0.07803	0.14287	0.05554	0.01719	0.01250	0.10428	0.00751	0.00192	0.00547	0.00518	0.00393	0.10991
27	0.06792	0.03511	0.01616	0.01422	0.08218	0.28830	0.07508	0.22461	0.07964	0.04082	0.01084	0.01176	0.00828	0.00548	0.00486	0.00148	0.00691	0.00422	0.00365	0.01850
28	0.01301	0.11126	0.01424	0.10133	0.01585	0.07325	0.00846	0.09282	0.13366	0.02979	0.01110	0.01222	0.00876	0.00501	0.00457	0.00123	0.01949	0.00385	0.00341	0.33668

[dist]
# distance from previous block
# <min> <max>
2	17

[block]
# block no. 1 follows, 48 sequences, length 24
# corresponding to MSA columns:
# 119-142
name=unknown_B
#
# <colnr> <probs for GDERKNQSTAVLIFYWHMCP>
#	G	D	E	R	K	N	Q	S	T	A	V	L	I	F	Y	W	H	M	C	P
0	0.01335	0.02749	0.01566	0.05479	0.13831	0.17174	0.08831	0.08957	0.05697	0.01755	0.08772	0.03207	0.01344	0.00619	0.00534	0.00149	0.02167	0.03588	0.00345	0.11902
1	0.12424	0.04560	0.01527	0.01220	0.05311	0.03668	0.08816	0.19806	0.10123	0.02113	0.01081	0.01206	0.00842	0.00546	0.00562	0.00147	0.07408	0.00421	0.00362	0.17856
2	0.01574	0.02876	0.10520	0.03710	0.01675	0.02615	0.05106	0.37963	0.05093	0.06301	0.01214	0.02861	0.00910	0.00568	0.00492	0.00145	0.00563	0.00456	0.00417	0.14941
3	0.00956	0.00478	0.00478	0.00478	0.00598	0.00478	0.00359	0.01196	0.01076	0.01913	0.01674	0.01913	0.01315	0.00598	0.00359	0.00120	0.00239	0.00478	0.84816	0.00478
4	0.01216	0.00888	0.01063	0.00775	0.01207	0.00684	0.00622	0.01440	0.01138	0.12228	0.04905	0.01294	0.01032	0.00448	0.00410	0.00091	0.00381	0.00364	0.00362	0.69454
5	0.00746	0.00497	0.00560	0.00560	0.00560	0.00497	0.00311	0.00746	0.00746	0.00995	0.01617	0.03358	0.01865	0.81967	0.02612	0.00497	0.00497	0.00746	0.00311	0.00311
6	0.00956	0.00478	0.00478	0.00478	0.00598	0.00478	0.00359	0.01196	0.01076	0.01913	0.01674	0.01913	0.01315	0.00598	0.00359	0.00120	0.00239	0.00478	0.84816	0.00478
7	0.01042	0.00726	0.00938	0.09049	0.01234	0.00740	0.01941	0.04646	0.01198	0.13897	0.03246	0.11109	0.36724	0.01100	0.02010	0.00189	0.08354	0.00857	0.00446	0.00554
8	0.74985	0.01177	0.00843	0.00757	0.01068	0.11135	0.00611	0.01577	0.00947	0.02169	0.00724	0.00845	0.00569	0.00483	0.00336	0.00155	0.00464	0.00285	0.00311	0.00561
9	0.01168	0.01215	0.01483	0.25587	0.02014	0.13866	0.03223	0.01352	0.00974	0.01249	0.00869	0.01394	0.00795	0.08714	0.01192	0.00219	0.33430	0.00466	0.00241	0.00548
10	0.01029	0.02654	0.79309	0.01462	0.02221	0.01192	0.01896	0.01625	0.01083	0.01625	0.00921	0.01083	0.00650	0.00487	0.00487	0.00162	0.00758	0.00379	0.00217	0.00758
11	0.04234	0.02838	0.05467	0.01329	0.01470	0.03227	0.04679	0.09605	0.01026	0.01538	0.00773	0.01123	0.00696	0.00784	0.01321	0.00202	0.56833	0.00440	0.00263	0.02152
12	0.01015	0.02151	0.56548	0.01413	0.02008	0.01142	0.07808	0.01512	0.01110	0.01635	0.08629	0.01533	0.01150	0.00601	0.00612	0.00171	0.07142	0.02856	0.00263	0.00701
13	0.01079	0.00726	0.00633	0.00610	0.00758	0.08390	0.00460	0.01411	0.07674	0.01868	0.01622	0.01816	0.01272	0.00599	0.00383	0.00125	0.00321	0.00472	0.69262	0.00518
14	0.17543	0.00908	0.01104	0.00869	0.01249	0.00850	0.00714	0.02279	0.05124	0.57960	0.01740	0.01558	0.01132	0.00598	0.00474	0.00156	0.00425	0.00467	0.00557	0.04290
15	0.01096	0.07887	0.01253	0.00828	0.01238	0.00887	0.00682	0.01307	0.01035	0.01589	0.00871	0.01049	0.00743	0.00436	0.00504	0.00094	0.08358	0.00316	0.00289	0.69538
16	0.01047	0.02529	0.71789	0.01531	0.02266	0.01202	0.09290	0.01627	0.01096	0.01627	0.00932	0.01113	0.00663	0.00482	0.00499	0.00164	0.00769	0.00401	0.00221	0.00752
17	0.00730	0.00625	0.00640	0.00622	0.00813	0.00588	0.00470	0.01102	0.15288	0.01524	0.04558	0.06543	0.62256	0.01197	0.00592	0.00174	0.00288	0.01001	0.00485	0.00503
18	0.00746	0.00497	0.00560	0.00560	0.00560	0.00497	0.00311	0.00746	0.00746	0.00995	0.01617	0.03358	0.01865	0.81967	0.02612	0.00497	0.00497	0.00746	0.00311	0.00311
19	0.01215	0.00905	0.01475	0.66030	0.03124	0.01069	0.01301	0.01530	0.01108	0.15645	0.01117	0.01438	0.00792	0.00535	0.00514	0.00169	0.00638	0.00467	0.00303	0.00626
20	0.00707	0.00517	0.00634	0.00617	0.00723	0.00477	0.00444	0.00881	0.01258	0.01718	0.48042	0.06824	0.17300	0.15091	0.00956	0.00225	0.00296	0.02349	0.00500	0.00443
21	0.01066	0.00920	0.01160	0.15508	0.01650	0.00791	0.00773	0.03395	0.01097	0.01646	0.00960	0.01228	0.00797	0.00434	0.00415	0.00099	0.00443	0.01969	0.00299	0.65349
22	0.01349	0.17307	0.09464	0.00950	0.01374	0.02554	0.00875	0.06133	0.01178	0.12317	0.01053	0.01171	0.00825	0.00657	0.04426	0.00155	0.05316	0.00366	0.00330	0.32199
23	0.14798	0.34475	0.07395	0.04023	0.01486	0.03749	0.03044	0.10705	0.01186	0.01715	0.00824	0.00971	0.00681	0.00500	0.00471	0.00136	0.05750	0.00337	0.00281	0.07475

[dist]
# distance from previous block
# <min> <max>
0	8

[block]
# block no. 2 follows, 48 sequences, length 24
# corresponding to MSA columns:
# 151-174
name=unknown_C
#
# <colnr> <probs for GDERKNQSTAVLIFYWHMCP>
#	G	D	E	R	K	N	Q	S	T	A	V	L	I	F	Y	W	H	M	C	P
0	0.01503	0.02838	0.01251	0.00934	0.01330	0.04510	0.00756	0.25999	0.01580	0.10765	0.05059	0.03831	0.01132	0.00564	0.00461	0.00122	0.00464	0.00446	0.00423	0.36032
1	0.03631	0.36890	0.05920	0.01130	0.02764	0.21774	0.05415	0.01692	0.02482	0.03108	0.00839	0.00972	0.00705	0.00477	0.00427	0.00125	0.02089	0.00333	0.00259	0.08970
2	0.00891	0.00446	0.00668	0.00668	0.00668	0.00446	0.00446	0.00668	0.00668	0.00891	0.00891	0.01560	0.00891	0.01783	0.02005	0.85071	0.00446	0.00446	0.00223	0.00223
3	0.01278	0.01202	0.01913	0.18819	0.55343	0.03043	0.01482	0.07652	0.01247	0.01718	0.00972	0.01279	0.00788	0.00483	0.00508	0.00156	0.00628	0.00454	0.00270	0.00763
4	0.00644	0.00529	0.00586	0.00584	0.00729	0.00471	0.00435	0.00791	0.01195	0.01501	0.18638	0.12056	0.55386	0.01272	0.00639	0.00176	0.02365	0.01074	0.00487	0.00445
5	0.00969	0.00912	0.01539	0.80734	0.03534	0.01140	0.01425	0.01311	0.01026	0.01311	0.00912	0.01368	0.00684	0.00513	0.00513	0.00171	0.00684	0.00456	0.00228	0.00570
6	0.00726	0.00524	0.00686	0.00646	0.00767	0.00484	0.00484	0.00968	0.01452	0.02058	0.78496	0.03833	0.04841	0.01049	0.00605	0.00161	0.00242	0.00928	0.00565	0.00484
7	0.00627	0.00521	0.00549	0.00542	0.00706	0.00442	0.00406	0.00777	0.01219	0.01503	0.17964	0.04746	0.65720	0.01256	0.00606	0.00171	0.00257	0.01056	0.00492	0.00442
8	0.01078	0.01985	0.43468	0.01732	0.06249	0.01184	0.26814	0.01571	0.01109	0.01599	0.00999	0.01269	0.00753	0.00740	0.06970	0.00219	0.00836	0.00473	0.00238	0.00715
9	0.01917	0.02445	0.01454	0.01322	0.01586	0.79907	0.00991	0.02049	0.01454	0.01256	0.00793	0.00925	0.00661	0.00529	0.00463	0.00132	0.00925	0.00330	0.00264	0.00595
10	0.00752	0.00593	0.00837	0.01043	0.11171	0.00548	0.00635	0.00883	0.01015	0.01392	0.02402	0.63439	0.02805	0.01340	0.00610	0.00189	0.00347	0.01218	0.00431	0.08352
11	0.00846	0.00715	0.00825	0.00812	0.00900	0.07988	0.00601	0.00984	0.00866	0.01154	0.01374	0.02210	0.01353	0.20776	0.55476	0.00688	0.01139	0.00573	0.00282	0.00438
12	0.01179	0.00908	0.01076	0.00774	0.01225	0.00691	0.00622	0.01404	0.01102	0.08881	0.01016	0.01128	0.00807	0.00404	0.00393	0.00084	0.00385	0.00324	0.00335	0.77264
13	0.02155	0.00841	0.01144	0.00888	0.01259	0.00729	0.00729	0.02358	0.01467	0.71949	0.09142	0.01941	0.01603	0.00674	0.00524	0.00159	0.00419	0.00554	0.00629	0.00837
14	0.00648	0.00464	0.00615	0.00699	0.00749	0.00432	0.00478	0.00771	0.01087	0.01476	0.19629	0.64358	0.03715	0.01484	0.00644	0.00198	0.00285	0.01341	0.00496	0.00432
15	0.01660	0.09817	0.01755	0.14534	0.01951	0.01543	0.05857	0.49977	0.01924	0.02554	0.01099	0.01219	0.00808	0.00575	0.00526	0.00155	0.02402	0.00450	0.00412	0.00781
16	0.01050	0.00956	0.01558	0.67172	0.03216	0.01154	0.04204	0.07452	0.01153	0.01491	0.01037	0.01587	0.00821	0.00565	0.00527	0.00173	0.00670	0.04354	0.00265	0.00594
17	0.01438	0.41782	0.11874	0.01141	0.03167	0.14004	0.03666	0.07803	0.04858	0.01518	0.00883	0.00994	0.00729	0.00484	0.00409	0.00128	0.00635	0.00342	0.00270	0.03875
18	0.00842	0.04867	0.02754	0.00877	0.02584	0.00620	0.05411	0.00995	0.01089	0.06574	0.08612	0.51986	0.08207	0.01292	0.00611	0.00189	0.00366	0.01166	0.00456	0.00500
19	0.08716	0.14095	0.26162	0.01211	0.03520	0.05666	0.05722	0.07748	0.02523	0.05374	0.00967	0.01089	0.00735	0.00481	0.00441	0.00138	0.00610	0.00372	0.00295	0.14134
20	0.01085	0.05992	0.14746	0.00937	0.01309	0.04888	0.00862	0.02822	0.06377	0.03073	0.04009	0.08352	0.01285	0.07971	0.03709	0.00189	0.02221	0.00516	0.00329	0.29327
21	0.02617	0.02766	0.02818	0.01195	0.04365	0.05168	0.14913	0.04302	0.07379	0.05005	0.01370	0.07656	0.02900	0.00890	0.07885	0.00200	0.00613	0.00535	0.00343	0.27077
22	0.01374	0.05520	0.04291	0.01146	0.06805	0.10968	0.04822	0.15267	0.01464	0.07152	0.13217	0.03040	0.03543	0.00639	0.00490	0.00140	0.00514	0.00528	0.07246	0.11836
23	0.05280	0.13093	0.07738	0.02566	0.04252	0.03029	0.04598	0.11055	0.10735	0.05730	0.01271	0.07160	0.01082	0.02541	0.00551	0.00152	0.02877	0.00492	0.00359	0.15438

[dist]
# distance from previous block
# <min> <max>
0	44

[block]
# block no. 3 follows, 48 sequences, length 47
# corresponding to MSA columns:
# 219-265
name=unknown_D
#
# <colnr> <probs for GDERKNQSTAVLIFYWHMCP>
#	G	D	E	R	K	N	Q	S	T	A	V	L	I	F	Y	W	H	M	C	P
0	0.34651	0.06127	0.01024	0.00802	0.01058	0.01082	0.00642	0.07545	0.06432	0.01938	0.05364	0.06135	0.01195	0.06171	0.00723	0.04356	0.06054	0.00474	0.00352	0.07874
1	0.22388	0.11203	0.13507	0.10294	0.05843	0.02513	0.00981	0.04236	0.01112	0.06700	0.03378	0.03772	0.03254	0.00570	0.00433	0.00150	0.00515	0.00436	0.04286	0.04430
2	0.06505	0.04740	0.01205	0.23488	0.02848	0.00965	0.03801	0.09104	0.03577	0.01801	0.13217	0.06433	0.01689	0.03262	0.00588	0.01496	0.00477	0.01790	0.12443	0.00570
3	0.01370	0.00819	0.01057	0.10352	0.01390	0.00835	0.00760	0.11652	0.07258	0.22158	0.21263	0.10502	0.02336	0.00845	0.00552	0.00167	0.00412	0.02508	0.03098	0.00665
4	0.00747	0.00574	0.00791	0.06321	0.01035	0.00550	0.03124	0.00956	0.02467	0.02898	0.29680	0.27597	0.16013	0.01205	0.00615	0.00182	0.00329	0.03950	0.00486	0.00479
5	0.02637	0.08196	0.01365	0.08032	0.01514	0.05500	0.00843	0.22995	0.10519	0.07040	0.08781	0.01636	0.03707	0.00619	0.00483	0.00142	0.00494	0.00491	0.00424	0.14582
6	0.85592	0.00992	0.00754	0.00675	0.00992	0.01151	0.00556	0.01508	0.00873	0.02302	0.00714	0.00834	0.00556	0.00476	0.00318	0.00159	0.00397	0.00278	0.00318	0.00556
7	0.00740	0.00498	0.00568	0.00572	0.00578	0.00498	0.00327	0.00750	0.00763	0.01017	0.01709	0.05681	0.03258	0.75752	0.04875	0.00493	0.00514	0.00767	0.00318	0.00321
8	0.85592	0.00992	0.00754	0.00675	0.00992	0.01151	0.00556	0.01508	0.00873	0.02302	0.00714	0.00834	0.00556	0.00476	0.00318	0.00159	0.00397	0.00278	0.00318	0.00556
9	0.00878	0.00610	0.00674	0.00634	0.00695	0.00622	0.00398	0.09822	0.00978	0.01294	0.01837	0.04676	0.06979	0.65315	0.02189	0.00429	0.00486	0.00749	0.00349	0.00388
10	0.01123	0.01123	0.01572	0.01347	0.01347	0.01572	0.01123	0.01235	0.00786	0.01235	0.00674	0.01123	0.00674	0.00898	0.01684	0.00225	0.81028	0.00449	0.00225	0.00561
11	0.01331	0.72805	0.11803	0.00947	0.01424	0.01931	0.00999	0.01547	0.01047	0.01257	0.00738	0.00854	0.00657	0.00445	0.00348	0.00116	0.00574	0.00287	0.00219	0.00670
12	0.00726	0.00524	0.00686	0.00646	0.00767	0.00484	0.00484	0.00968	0.01452	0.02058	0.78496	0.03833	0.04841	0.01049	0.00605	0.00161	0.00242	0.00928	0.00565	0.00484
13	0.00717	0.00524	0.00673	0.00636	0.00761	0.00480	0.00477	0.00950	0.01430	0.02004	0.72669	0.03921	0.10701	0.01069	0.00605	0.00162	0.00243	0.00940	0.00558	0.00480
14	0.00615	0.00520	0.00531	0.00529	0.00698	0.00437	0.00396	0.00753	0.01189	0.01433	0.10325	0.04861	0.73402	0.01282	0.00606	0.00172	0.00259	0.01072	0.00483	0.00437
15	0.01049	0.07352	0.74788	0.01428	0.02167	0.01241	0.01836	0.01620	0.01081	0.01600	0.00909	0.01068	0.00650	0.00485	0.00478	0.00159	0.00746	0.00373	0.00217	0.00752
16	0.01567	0.01231	0.01289	0.01083	0.01415	0.03741	0.00862	0.27976	0.43912	0.06574	0.03593	0.01689	0.01365	0.00669	0.00519	0.00165	0.00474	0.00537	0.00518	0.00821
17	0.01094	0.00930	0.01080	0.00774	0.01229	0.00714	0.00620	0.03825	0.01109	0.01724	0.00923	0.01070	0.00764	0.00388	0.00384	0.00079	0.00386	0.00309	0.00311	0.82288
18	0.00931	0.03335	0.08740	0.07193	0.01234	0.05967	0.00766	0.01214	0.03807	0.03663	0.36811	0.07222	0.05161	0.06257	0.03983	0.00212	0.01782	0.00754	0.00432	0.00535
19	0.01123	0.01123	0.01572	0.01347	0.01347	0.01572	0.01123	0.01235	0.00786	0.01235	0.00674	0.01123	0.00674	0.00898	0.01684	0.00225	0.81028	0.00449	0.00225	0.00561
20	0.13033	0.07778	0.02822	0.01098	0.01513	0.01449	0.04609	0.47735	0.01876	0.03917	0.01089	0.01143	0.00801	0.00550	0.00464	0.00145	0.00540	0.00414	0.00429	0.08595
21	0.00761	0.00608	0.03556	0.00674	0.00829	0.00506	0.00534	0.00981	0.01340	0.04425	0.51228	0.10745	0.18030	0.01118	0.00605	0.00169	0.00281	0.02590	0.00528	0.00492
22	0.01241	0.01342	0.04432	0.11862	0.02113	0.09604	0.26650	0.01576	0.04843	0.03768	0.01023	0.03740	0.00853	0.00643	0.00879	0.00184	0.23814	0.00527	0.00275	0.00633
23	0.00643	0.00457	0.00604	0.00715	0.00747	0.00431	0.00481	0.00733	0.00975	0.01299	0.02738	0.72532	0.03266	0.07219	0.00794	0.00230	0.00320	0.04939	0.00465	0.00412
24	0.01487	0.01037	0.01235	0.02900	0.01341	0.01076	0.03118	0.34065	0.05077	0.07626	0.01306	0.04390	0.01056	0.03523	0.00806	0.13646	0.00493	0.00499	0.03758	0.11561
25	0.01319	0.65175	0.14551	0.00996	0.01464	0.03395	0.01048	0.01548	0.01047	0.01274	0.00746	0.00877	0.00658	0.00466	0.00409	0.00123	0.03716	0.00299	0.00220	0.00669
26	0.00651	0.00487	0.00675	0.00756	0.00815	0.00453	0.02824	0.00761	0.01012	0.01336	0.02934	0.70192	0.08559	0.01541	0.00653	0.00206	0.00321	0.04924	0.00470	0.00429
27	0.05573	0.16034	0.07733	0.01011	0.01458	0.01376	0.00911	0.32032	0.03938	0.02260	0.01032	0.01104	0.00793	0.00509	0.00434	0.00127	0.00517	0.00376	0.00374	0.22408
28	0.04149	0.03404	0.01205	0.02494	0.03894	0.00810	0.03061	0.02597	0.03022	0.17625	0.01466	0.01506	0.06318	0.00519	0.00439	0.00115	0.00421	0.00427	0.00386	0.46143
29	0.04217	0.06953	0.11964	0.08295	0.04511	0.01207	0.03774	0.20262	0.02815	0.09537	0.09841	0.01557	0.01291	0.00724	0.03212	0.00179	0.04568	0.00491	0.00389	0.04211
30	0.21858	0.09328	0.27434	0.01384	0.03069	0.01292	0.19136	0.01599	0.01056	0.04050	0.00900	0.01093	0.00680	0.00491	0.00519	0.00162	0.04597	0.00407	0.00265	0.00678
31	0.00757	0.00538	0.00637	0.00609	0.00764	0.00474	0.00458	0.00941	0.01309	0.05995	0.38975	0.07635	0.36712	0.01160	0.00603	0.00168	0.00263	0.00996	0.00526	0.00480
32	0.59010	0.01082	0.06381	0.06369	0.01312	0.01083	0.00745	0.01678	0.01004	0.15791	0.00975	0.01050	0.00698	0.00508	0.00378	0.00160	0.00449	0.00340	0.00360	0.00627
33	0.01149	0.33173	0.31279	0.09455	0.01958	0.01478	0.07085	0.01513	0.01074	0.01427	0.02260	0.04212	0.00845	0.00520	0.00446	0.00145	0.00651	0.00415	0.00238	0.00677
34	0.00719	0.00524	0.00677	0.00638	0.00762	0.00481	0.00479	0.00955	0.01437	0.02020	0.74384	0.03895	0.08977	0.01063	0.00605	0.00162	0.00243	0.00937	0.00560	0.00481
35	0.00650	0.00466	0.00607	0.00706	0.00750	0.00437	0.00483	0.00748	0.01001	0.01328	0.05198	0.64773	0.06912	0.07524	0.00800	0.00228	0.00320	0.06186	0.00467	0.00415
36	0.04024	0.00584	0.00786	0.00973	0.10036	0.00559	0.00607	0.00893	0.01079	0.01488	0.11772	0.45133	0.12529	0.03765	0.00674	0.00200	0.00339	0.03631	0.00449	0.00478
37	0.02197	0.00895	0.01188	0.00922	0.01307	0.00803	0.00758	0.04796	0.05767	0.70643	0.03805	0.01789	0.01358	0.00648	0.00518	0.00160	0.00434	0.00528	0.00623	0.00861
38	0.00768	0.00542	0.00767	0.00763	0.00842	0.00610	0.00569	0.00919	0.00829	0.02407	0.01442	0.02266	0.01396	0.18684	0.60945	0.00726	0.01150	0.00584	0.03354	0.00437
39	0.01311	0.01139	0.01849	0.15383	0.42347	0.01187	0.06832	0.02873	0.12119	0.08015	0.01212	0.01425	0.00935	0.00515	0.00519	0.00161	0.00597	0.00490	0.00323	0.00770
40	0.01309	0.01397	0.13338	0.10402	0.39755	0.02769	0.02570	0.04431	0.04169	0.07626	0.01065	0.01297	0.00829	0.00528	0.00590	0.00162	0.06251	0.00454	0.00293	0.00763
41	0.00969	0.00912	0.01539	0.80734	0.03534	0.01140	0.01425	0.01311	0.01026	0.01311	0.00912	0.01368	0.00684	0.00513	0.00513	0.00171	0.00684	0.00456	0.00228	0.00570
42	0.00658	0.00528	0.00590	0.00589	0.00739	0.00465	0.00442	0.00842	0.02573	0.01580	0.24663	0.09977	0.49828	0.01246	0.00611	0.00174	0.00267	0.03274	0.00501	0.00454
43	0.01064	0.04918	0.24371	0.06782	0.10512	0.06457	0.08601	0.01388	0.01078	0.01477	0.01318	0.17369	0.01276	0.01952	0.00642	0.00176	0.06435	0.00638	0.02915	0.00632
44	0.01189	0.07035	0.05630	0.01937	0.02413	0.01316	0.62131	0.01576	0.01155	0.01565	0.01025	0.01420	0.00815	0.04449	0.00722	0.00186	0.03936	0.00575	0.00256	0.00668
45	0.00634	0.00469	0.00574	0.00652	0.00712	0.00429	0.00438	0.00723	0.01000	0.01293	0.03244	0.55291	0.20631	0.10348	0.00858	0.00232	0.00311	0.01294	0.00458	0.00409
46	0.04996	0.02520	0.01459	0.07679	0.14941	0.00953	0.08299	0.04948	0.03678	0.23133	0.01703	0.10237	0.01465	0.00757	0.00545	0.00173	0.00519	0.09408	0.01886	0.00701

[dist]
# distance from previous block
# <min> <max>
0	1

[block]
# block no. 4 follows, 48 sequences, length 9
# corresponding to MSA columns:
# 267-275
name=unknown_E
#
# <colnr> <probs for GDERKNQSTAVLIFYWHMCP>
#	G	D	E	R	K	N	Q	S	T	A	V	L	I	F	Y	W	H	M	C	P
0	0.04323	0.02901	0.11966	0.08814	0.08319	0.12941	0.06273	0.15991	0.05343	0.06569	0.01153	0.01344	0.00882	0.02962	0.00576	0.00165	0.02345	0.00449	0.05982	0.00703
1	0.01118	0.12783	0.01336	0.03338	0.01182	0.10776	0.00811	0.01266	0.01002	0.01350	0.04510	0.06559	0.03725	0.06002	0.05822	0.00230	0.25887	0.00541	0.11232	0.00531
2	0.10236	0.25598	0.21485	0.02934	0.06984	0.01434	0.03400	0.08684	0.01171	0.01709	0.00906	0.02740	0.00747	0.00509	0.00461	0.00142	0.02968	0.00378	0.00273	0.07242
3	0.01593	0.01140	0.01301	0.11663	0.01635	0.04752	0.00902	0.36581	0.03681	0.12311	0.01462	0.08344	0.01205	0.05812	0.05059	0.00219	0.00594	0.00572	0.00451	0.00722
4	0.00650	0.00513	0.00563	0.00563	0.00693	0.00451	0.00404	0.00782	0.01156	0.01460	0.18932	0.09750	0.48738	0.12032	0.00877	0.00217	0.00291	0.01033	0.00472	0.00426
5	0.01310	0.01423	0.07386	0.05800	0.52171	0.06926	0.10935	0.04811	0.01236	0.01690	0.00968	0.01249	0.00784	0.00470	0.00516	0.00155	0.00676	0.00461	0.00263	0.00771
6	0.00735	0.00543	0.00789	0.00789	0.00869	0.00622	0.00597	0.00894	0.00814	0.01165	0.01407	0.02194	0.01360	0.14249	0.69640	0.00781	0.01258	0.00576	0.00280	0.00439
7	0.00808	0.00538	0.00656	0.00615	0.00764	0.00487	0.00465	0.01021	0.01352	0.06166	0.50052	0.03790	0.21309	0.01041	0.00577	0.00160	0.00257	0.00898	0.08551	0.00493
8	0.01211	0.01384	0.03028	0.02163	0.02682	0.01298	0.76903	0.01644	0.01211	0.01644	0.01038	0.01384	0.00779	0.00433	0.00606	0.00173	0.00865	0.00606	0.00260	0.00692

[dist]
# distance from previous block
# <min> <max>
0	37

[block]
# block no. 5 follows, 48 sequences, length 57
# corresponding to MSA columns:
# 313-369
name=unknown_F
#
# <colnr> <probs for GDERKNQSTAVLIFYWHMCP>
#	G	D	E	R	K	N	Q	S	T	A	V	L	I	F	Y	W	H	M	C	P
0	0.00726	0.00524	0.00686	0.00646	0.00767	0.00484	0.00484	0.00968	0.01452	0.02058	0.78496	0.03833	0.04841	0.01049	0.00605	0.00161	0.00242	0.00928	0.00565	0.00484
1	0.00746	0.00497	0.00560	0.00560	0.00560	0.00497	0.00311	0.00746	0.00746	0.00995	0.01617	0.03358	0.01865	0.81967	0.02612	0.00497	0.00497	0.00746	0.00311	0.00311
2	0.01270	0.01219	0.02083	0.03149	0.78767	0.01219	0.01575	0.01575	0.01168	0.01676	0.00965	0.01270	0.00813	0.00457	0.00508	0.00152	0.00610	0.00457	0.00254	0.00813
3	0.01917	0.02445	0.01454	0.01322	0.01586	0.79907	0.00991	0.02049	0.01454	0.01256	0.00793	0.00925	0.00661	0.00529	0.00463	0.00132	0.00925	0.00330	0.00264	0.00595
4	0.01154	0.01190	0.01617	0.07496	0.01596	0.06984	0.05793	0.01309	0.00879	0.01265	0.00754	0.01184	0.00707	0.00947	0.04964	0.00238	0.60667	0.00455	0.00232	0.00568
5	0.85592	0.00992	0.00754	0.00675	0.00992	0.01151	0.00556	0.01508	0.00873	0.02302	0.00714	0.00834	0.00556	0.00476	0.00318	0.00159	0.00397	0.00278	0.00318	0.00556
6	0.02167	0.01064	0.03265	0.01116	0.06797	0.06904	0.00859	0.02378	0.01437	0.65699	0.01827	0.01633	0.01175	0.00611	0.00511	0.00156	0.00495	0.00494	0.00569	0.00845
7	0.01793	0.01477	0.07018	0.07387	0.03752	0.01519	0.01090	0.63989	0.02180	0.02933	0.01179	0.01233	0.00841	0.00595	0.00511	0.00156	0.00589	0.00456	0.00464	0.00840
8	0.02302	0.00873	0.01191	0.00913	0.01310	0.00754	0.00754	0.02501	0.01469	0.79122	0.02024	0.01746	0.01270	0.00635	0.00516	0.00159	0.00437	0.00516	0.00635	0.00873
9	0.85592	0.00992	0.00754	0.00675	0.00992	0.01151	0.00556	0.01508	0.00873	0.02302	0.00714	0.00834	0.00556	0.00476	0.00318	0.00159	0.00397	0.00278	0.00318	0.00556
10	0.02302	0.00873	0.01191	0.00913	0.01310	0.00754	0.00754	0.02501	0.01469	0.79122	0.02024	0.01746	0.01270	0.00635	0.00516	0.00159	0.00437	0.00516	0.00635	0.00873
11	0.01951	0.01437	0.01540	0.01181	0.01591	0.01591	0.00975	0.77056	0.02412	0.03234	0.01232	0.01232	0.00873	0.00616	0.00513	0.00154	0.00565	0.00462	0.00513	0.00873
12	0.00793	0.00567	0.00788	0.00907	0.01010	0.00562	0.00768	0.01005	0.01148	0.01498	0.02735	0.18414	0.03026	0.01449	0.00700	0.00232	0.00443	0.63019	0.00473	0.00463
13	0.01840	0.01257	0.01426	0.06706	0.01643	0.01374	0.00946	0.48329	0.13318	0.15567	0.01468	0.01428	0.01028	0.00624	0.00515	0.00159	0.00528	0.00488	0.00515	0.00842
14	0.01123	0.01123	0.01572	0.01347	0.01347	0.01572	0.01123	0.01235	0.00786	0.01235	0.00674	0.01123	0.00674	0.00898	0.01684	0.00225	0.81028	0.00449	0.00225	0.00561
15	0.01924	0.01421	0.01525	0.01168	0.01580	0.01564	0.00964	0.74763	0.02372	0.03186	0.01222	0.01227	0.00869	0.00609	0.00509	0.00152	0.00559	0.00457	0.00507	0.03421
16	0.01123	0.01123	0.01572	0.01347	0.01347	0.01572	0.01123	0.01235	0.00786	0.01235	0.00674	0.01123	0.00674	0.00898	0.01684	0.00225	0.81028	0.00449	0.00225	0.00561
17	0.01951	0.01437	0.01540	0.01181	0.01591	0.01591	0.00975	0.77056	0.02412	0.03234	0.01232	0.01232	0.00873	0.00616	0.00513	0.00154	0.00565	0.00462	0.00513	0.00873
18	0.01211	0.01384	0.03028	0.02163	0.02682	0.01298	0.76903	0.01644	0.01211	0.01644	0.01038	0.01384	0.00779	0.00433	0.00606	0.00173	0.00865	0.00606	0.00260	0.00692
19	0.00685	0.00536	0.00635	0.00689	0.00827	0.00486	0.00551	0.00847	0.01153	0.01430	0.04077	0.13630	0.44094	0.01374	0.00647	0.00199	0.00338	0.26882	0.00475	0.00445
20	0.00691	0.00524	0.00651	0.00719	0.00832	0.00483	0.00562	0.00852	0.01141	0.01457	0.08459	0.25696	0.29037	0.01404	0.00653	0.00202	0.00338	0.25372	0.00481	0.00445
21	0.23469	0.00923	0.01092	0.00862	0.01239	0.00885	0.00711	0.04882	0.01351	0.56907	0.01663	0.01496	0.01074	0.00594	0.00465	0.00159	0.00431	0.00454	0.00550	0.00792
22	0.00708	0.00530	0.00668	0.00757	0.00820	0.00527	0.00519	0.00972	0.10814	0.01417	0.02733	0.71435	0.03160	0.01491	0.00638	0.00204	0.00312	0.01346	0.00482	0.00467
23	0.01064	0.00912	0.01064	0.00760	0.01216	0.00684	0.00608	0.01292	0.01064	0.01672	0.00912	0.01064	0.00760	0.00380	0.00380	0.00076	0.00380	0.00304	0.00304	0.85104
24	0.00689	0.00520	0.00611	0.00610	0.00725	0.00473	0.00445	0.00843	0.01192	0.01567	0.30495	0.07583	0.30819	0.14822	0.00953	0.00230	0.00310	0.06202	0.00480	0.00433
25	0.00676	0.00523	0.00616	0.00593	0.00736	0.00463	0.00445	0.00871	0.01334	0.01776	0.47742	0.04297	0.35771	0.01154	0.00606	0.00166	0.00250	0.00993	0.00528	0.00463
26	0.01159	0.00909	0.01074	0.00772	0.01223	0.00689	0.00619	0.01385	0.01095	0.07646	0.00998	0.01117	0.00799	0.00400	0.00390	0.00082	0.00384	0.00320	0.00330	0.78607
27	0.01163	0.00983	0.01263	0.00938	0.01349	0.00856	0.06036	0.03088	0.06079	0.04934	0.01032	0.01178	0.00831	0.00460	0.00514	0.00106	0.06643	0.00367	0.00327	0.61853
28	0.01588	0.01431	0.06776	0.01117	0.01472	0.10924	0.00936	0.25966	0.29428	0.07831	0.01689	0.03500	0.03668	0.00672	0.00515	0.00161	0.00540	0.00530	0.00472	0.00784
29	0.00818	0.00567	0.00766	0.06838	0.01005	0.00543	0.00567	0.01050	0.01377	0.06052	0.60315	0.09039	0.07025	0.01034	0.00597	0.00166	0.00291	0.00913	0.00533	0.00505
30	0.01653	0.01201	0.01340	0.01129	0.02930	0.01309	0.00911	0.47491	0.12582	0.06901	0.01738	0.02148	0.03839	0.00766	0.00546	0.00170	0.00513	0.11535	0.00509	0.00790
31	0.01787	0.02209	0.01178	0.00938	0.01262	0.03521	0.00755	0.18741	0.12362	0.33434	0.01810	0.01734	0.04038	0.00736	0.00608	0.06122	0.00457	0.00517	0.07033	0.00760
32	0.00991	0.01080	0.07643	0.69099	0.03373	0.01155	0.06765	0.01359	0.01043	0.01359	0.00922	0.01347	0.00688	0.00505	0.00518	0.00170	0.00702	0.00461	0.00229	0.00593
33	0.00637	0.00463	0.00591	0.00679	0.00730	0.00428	0.00458	0.00736	0.01024	0.01354	0.08346	0.63319	0.11864	0.05870	0.00752	0.00217	0.00300	0.01341	0.00474	0.00418
34	0.06767	0.41869	0.06279	0.01168	0.06848	0.19298	0.00984	0.01720	0.01161	0.06897	0.00853	0.00964	0.00707	0.00488	0.00419	0.00129	0.02187	0.00326	0.00268	0.00667
35	0.18622	0.01235	0.01152	0.00948	0.01268	0.08753	0.00765	0.35339	0.04151	0.05639	0.01226	0.01290	0.00908	0.00579	0.00441	0.00147	0.00495	0.00421	0.15911	0.00708
36	0.01080	0.00821	0.01010	0.01029	0.02593	0.00876	0.00844	0.12584	0.16329	0.01898	0.02348	0.07522	0.02355	0.01149	0.00638	0.00209	0.00468	0.45160	0.00484	0.00602
37	0.01240	0.01214	0.02053	0.10310	0.61704	0.03080	0.07336	0.01552	0.01165	0.01625	0.01012	0.01409	0.00856	0.00490	0.00521	0.00158	0.00640	0.02612	0.00258	0.00766
38	0.06280	0.19675	0.52532	0.01345	0.03775	0.01381	0.03841	0.02841	0.01089	0.01604	0.00873	0.01028	0.00658	0.00476	0.00447	0.00151	0.00687	0.00360	0.00230	0.00726
39	0.00817	0.00644	0.00899	0.03449	0.00986	0.00765	0.00664	0.00966	0.00894	0.01292	0.09639	0.02284	0.03207	0.14350	0.37896	0.02103	0.14645	0.00606	0.03439	0.00456
40	0.00760	0.00526	0.00650	0.00642	0.00661	0.00560	0.00409	0.00794	0.00761	0.01039	0.01513	0.02954	0.01677	0.60837	0.18300	0.03324	0.03262	0.00687	0.00298	0.00346
41	0.01351	0.25901	0.24939	0.01344	0.08369	0.18385	0.01247	0.01648	0.01156	0.03060	0.01005	0.01153	0.03249	0.00605	0.02495	0.00158	0.02630	0.00376	0.00250	0.00678
42	0.01165	0.01432	0.15030	0.22815	0.12930	0.02651	0.28733	0.01565	0.01148	0.04084	0.01043	0.01423	0.00803	0.00498	0.00545	0.00168	0.00743	0.02278	0.00261	0.00686
43	0.01307	0.01121	0.01272	0.01214	0.06776	0.01296	0.00890	0.09580	0.56496	0.02111	0.01823	0.03211	0.01416	0.02174	0.00650	0.00181	0.06654	0.00569	0.00475	0.00782
44	0.79087	0.01010	0.00857	0.00866	0.06992	0.01156	0.00634	0.01513	0.00896	0.02254	0.00734	0.00867	0.00576	0.00475	0.00332	0.00158	0.00413	0.00292	0.00313	0.00576
45	0.01267	0.01261	0.01935	0.16980	0.59088	0.07451	0.01501	0.01565	0.01165	0.01577	0.00942	0.01260	0.00778	0.00473	0.00505	0.00154	0.00648	0.00447	0.00250	0.00752
46	0.00956	0.00478	0.00478	0.00478	0.00598	0.00478	0.00359	0.01196	0.01076	0.01913	0.01674	0.01913	0.01315	0.00598	0.00359	0.00120	0.00239	0.00478	0.84816	0.00478
47	0.05048	0.01035	0.01106	0.00914	0.01196	0.01118	0.00730	0.43172	0.01804	0.02535	0.03440	0.09615	0.07286	0.02340	0.01985	0.00174	0.00459	0.00620	0.14737	0.00687
48	0.00628	0.00462	0.00589	0.00682	0.00738	0.00423	0.00464	0.00732	0.01037	0.01364	0.07535	0.65775	0.14630	0.01530	0.00645	0.00200	0.00289	0.01372	0.00481	0.00423
49	0.00956	0.00478	0.00478	0.00478	0.00598	0.00478	0.00359	0.01196	0.01076	0.01913	0.01674	0.01913	0.01315	0.00598	0.00359	0.00120	0.00239	0.00478	0.84816	0.00478
50	0.01121	0.16652	0.51032	0.01377	0.03387	0.03852	0.05697	0.01577	0.01107	0.01551	0.04904	0.01195	0.00880	0.00518	0.00508	0.00154	0.03131	0.00403	0.00240	0.00712
51	0.00967	0.00663	0.00784	0.00736	0.02569	0.00623	0.00546	0.07705	0.02951	0.09243	0.28631	0.03726	0.30753	0.05542	0.00699	0.00185	0.00325	0.02303	0.00511	0.00541
52	0.03168	0.01180	0.01927	0.13112	0.07856	0.06492	0.28423	0.02900	0.01205	0.01653	0.12374	0.01640	0.01346	0.00576	0.00621	0.00161	0.06224	0.00553	0.00308	0.08283
53	0.01498	0.01180	0.01433	0.04038	0.14522	0.01245	0.00976	0.36774	0.08782	0.02448	0.04614	0.03011	0.01178	0.00615	0.00501	0.00148	0.00507	0.01880	0.03304	0.11345
54	0.01352	0.04959	0.21071	0.02033	0.31424	0.11333	0.02893	0.01676	0.01159	0.06984	0.00966	0.01181	0.00763	0.00533	0.00621	0.00159	0.09465	0.00420	0.00268	0.00740
55	0.01250	0.48615	0.22395	0.02714	0.06786	0.01708	0.01217	0.01535	0.01042	0.01351	0.00785	0.00953	0.00668	0.00489	0.00487	0.00136	0.06633	0.00330	0.00222	0.00686
56	0.00716	0.00547	0.00647	0.00697	0.00790	0.00529	0.00485	0.02227	0.08327	0.01430	0.04662	0.48225	0.19826	0.07438	0.00775	0.00217	0.00318	0.01211	0.00471	0.00459

[dist]
# distance from previous block
# <min> <max>
0	6

[block]
# block no. 6 follows, 48 sequences, length 75
# corresponding to MSA columns:
# 376-450
name=unknown_G
#
# <colnr> <probs for GDERKNQSTAVLIFYWHMCP>
#	G	D	E	R	K	N	Q	S	T	A	V	L	I	F	Y	W	H	M	C	P
0	0.00644	0.00470	0.00648	0.00737	0.00783	0.00439	0.01924	0.00751	0.01022	0.01372	0.08490	0.74257	0.03453	0.01543	0.00650	0.00204	0.00304	0.01403	0.00479	0.00427
1	0.00622	0.00520	0.00541	0.00536	0.00703	0.00440	0.00402	0.00767	0.01206	0.01474	0.14740	0.04794	0.68962	0.01267	0.00606	0.00172	0.00258	0.01063	0.00488	0.00440
2	0.01495	0.50426	0.04117	0.02490	0.01423	0.13372	0.00927	0.09187	0.01244	0.03569	0.00856	0.00973	0.00722	0.00502	0.00434	0.00126	0.03752	0.00328	0.03390	0.00667
3	0.01125	0.03902	0.56710	0.01512	0.02176	0.01231	0.13809	0.07362	0.01218	0.01758	0.03762	0.01237	0.00839	0.00508	0.00509	0.00162	0.00738	0.00440	0.00259	0.00744
4	0.01767	0.01445	0.01430	0.01158	0.01522	0.09030	0.00933	0.50018	0.22446	0.02754	0.01418	0.01385	0.01037	0.00629	0.00511	0.00157	0.00557	0.00481	0.00492	0.00830
5	0.01527	0.05264	0.08847	0.02499	0.02656	0.02621	0.00951	0.20520	0.17587	0.13907	0.06027	0.01552	0.01257	0.00625	0.00546	0.00154	0.03909	0.00488	0.00449	0.08616
6	0.01212	0.01284	0.01536	0.08269	0.01583	0.14185	0.03257	0.01362	0.00930	0.01253	0.00776	0.01186	0.00721	0.01011	0.07177	0.00248	0.52768	0.00442	0.00236	0.00564
7	0.00746	0.00499	0.00566	0.00566	0.00568	0.00501	0.00318	0.00750	0.00748	0.00999	0.01611	0.03328	0.01852	0.80219	0.04342	0.00505	0.00517	0.00742	0.00310	0.00314
8	0.00854	0.00633	0.00720	0.00662	0.00804	0.00615	0.00481	0.10674	0.01322	0.01760	0.28852	0.05577	0.23370	0.20182	0.01069	0.00244	0.00350	0.00879	0.00472	0.00478
9	0.01973	0.01265	0.01417	0.01101	0.01497	0.01353	0.00905	0.51408	0.09423	0.21968	0.01511	0.01425	0.01038	0.00628	0.00515	0.00157	0.00518	0.00487	0.00544	0.00867
10	0.00643	0.00510	0.00570	0.00577	0.00711	0.00446	0.00420	0.00788	0.01190	0.01514	0.21705	0.15071	0.47715	0.04964	0.00704	0.00190	0.00272	0.01083	0.00489	0.00437
11	0.01325	0.00674	0.00887	0.00753	0.00983	0.00609	0.00592	0.03444	0.01476	0.29980	0.47207	0.03036	0.05097	0.00894	0.00571	0.00161	0.00321	0.00770	0.00587	0.00634
12	0.01064	0.00912	0.01064	0.00760	0.01216	0.00684	0.00608	0.01292	0.01064	0.01672	0.00912	0.01064	0.00760	0.00380	0.00380	0.00076	0.00380	0.00304	0.00304	0.85104
13	0.00744	0.00507	0.00606	0.00606	0.00622	0.00523	0.00369	0.00776	0.00760	0.01029	0.01574	0.03123	0.01763	0.68290	0.16150	0.00555	0.00651	0.00712	0.00305	0.00337
14	0.04181	0.01033	0.08005	0.00953	0.01374	0.00809	0.00846	0.03471	0.01434	0.67651	0.03569	0.01705	0.01271	0.00627	0.00511	0.00159	0.00461	0.00507	0.00587	0.00847
15	0.02159	0.00915	0.01202	0.00916	0.01320	0.00804	0.00755	0.07469	0.01494	0.66507	0.01863	0.01646	0.01194	0.00609	0.00503	0.00150	0.00440	0.00492	0.00595	0.08964
16	0.01492	0.01178	0.01322	0.08061	0.01609	0.01332	0.00936	0.33918	0.31819	0.02475	0.01683	0.01950	0.01329	0.00715	0.00536	0.00171	0.00504	0.07698	0.00488	0.00784
17	0.00822	0.00580	0.00726	0.00702	0.00765	0.00626	0.00481	0.05919	0.00888	0.01220	0.01499	0.02704	0.01577	0.46744	0.31946	0.00599	0.00836	0.00652	0.00311	0.00405
18	0.01215	0.00907	0.01079	0.00779	0.01227	0.00693	0.00626	0.01440	0.01113	0.11141	0.01048	0.01147	0.00822	0.00411	0.00397	0.00086	0.00387	0.00330	0.00344	0.74806
19	0.00745	0.00502	0.00585	0.00585	0.00594	0.00511	0.00343	0.00763	0.00754	0.01014	0.01593	0.03229	0.01809	0.74464	0.10039	0.00529	0.00582	0.00727	0.00307	0.00325
20	0.01029	0.02654	0.79309	0.01462	0.02221	0.01192	0.01896	0.01625	0.01083	0.01625	0.00921	0.01083	0.00650	0.00487	0.00487	0.00162	0.00758	0.00379	0.00217	0.00758
21	0.00707	0.00587	0.00629	0.00626	0.00797	0.00542	0.00477	0.01000	0.09832	0.01536	0.10912	0.08066	0.55304	0.01231	0.00605	0.00178	0.00290	0.05710	0.00489	0.00482
22	0.00891	0.00446	0.00668	0.00668	0.00668	0.00446	0.00446	0.00668	0.00668	0.00891	0.00891	0.01560	0.00891	0.01783	0.02005	0.85071	0.00446	0.00446	0.00223	0.00223
23	0.00612	0.00513	0.00533	0.00543	0.00700	0.00433	0.00401	0.00742	0.01161	0.01401	0.07386	0.12269	0.68909	0.01321	0.00611	0.00176	0.00263	0.01114	0.00479	0.00433
24	0.00644	0.00514	0.00577	0.00576	0.00720	0.00447	0.00426	0.00804	0.01236	0.01580	0.26906	0.11974	0.49277	0.01254	0.00611	0.00173	0.00258	0.01073	0.00503	0.00447
25	0.01064	0.00912	0.01064	0.00760	0.01216	0.00684	0.00608	0.01292	0.01064	0.01672	0.00912	0.01064	0.00760	0.00380	0.00380	0.00076	0.00380	0.00304	0.00304	0.85104
26	0.01030	0.00960	0.01522	0.52654	0.14861	0.02217	0.02544	0.04486	0.01127	0.01461	0.01383	0.04758	0.07628	0.00619	0.00527	0.00168	0.00622	0.00551	0.00276	0.00605
27	0.01338	0.33097	0.03345	0.08805	0.01702	0.15972	0.09597	0.01551	0.01105	0.02956	0.00895	0.01145	0.00766	0.00912	0.10301	0.00223	0.05032	0.00390	0.00249	0.00618
28	0.01123	0.01123	0.01572	0.01347	0.01347	0.01572	0.01123	0.01235	0.00786	0.01235	0.00674	0.01123	0.00674	0.00898	0.01684	0.00225	0.81028	0.00449	0.00225	0.00561
29	0.03862	0.02902	0.01398	0.01073	0.01444	0.01366	0.00881	0.55314	0.03632	0.11603	0.03139	0.04079	0.03531	0.00755	0.02461	0.00173	0.00537	0.00526	0.00509	0.00812
30	0.01910	0.01325	0.01457	0.01112	0.01525	0.01413	0.00917	0.61641	0.02182	0.11775	0.01293	0.01276	0.00908	0.00597	0.00501	0.00147	0.00533	0.00454	0.00508	0.08527
31	0.01202	0.01268	0.01423	0.01254	0.01318	0.15788	0.01017	0.01330	0.00915	0.01231	0.00815	0.01238	0.00775	0.01332	0.14777	0.00310	0.52774	0.00444	0.00240	0.00550
32	0.00745	0.00504	0.00592	0.00592	0.00603	0.00515	0.00351	0.00767	0.00756	0.01019	0.01587	0.03195	0.01795	0.72486	0.11997	0.00537	0.00604	0.00722	0.00307	0.00329
33	0.01111	0.04044	0.17562	0.01356	0.01525	0.01508	0.01273	0.01325	0.00855	0.01314	0.00726	0.01105	0.00668	0.00799	0.01395	0.00208	0.61968	0.00429	0.00223	0.00605
34	0.08487	0.08689	0.50917	0.01315	0.01901	0.01296	0.03433	0.01684	0.08415	0.01671	0.00982	0.01131	0.00735	0.00532	0.00556	0.00164	0.06721	0.00392	0.00257	0.00721
35	0.00691	0.00546	0.00631	0.00681	0.00791	0.00518	0.00482	0.00946	0.09584	0.01430	0.03604	0.45012	0.30406	0.01395	0.00623	0.00192	0.00296	0.01225	0.00481	0.00467
36	0.01512	0.60551	0.02372	0.01016	0.02649	0.14986	0.00917	0.08226	0.01233	0.01400	0.00776	0.00883	0.00680	0.00470	0.00371	0.00118	0.00614	0.00303	0.00253	0.00669
37	0.02553	0.17770	0.15789	0.02401	0.07495	0.08524	0.10249	0.11775	0.01329	0.09299	0.01083	0.03179	0.00850	0.00549	0.00520	0.00151	0.03623	0.00442	0.01699	0.00721
38	0.01256	0.23847	0.34926	0.01288	0.05801	0.05550	0.01335	0.08166	0.01234	0.02652	0.05523	0.01262	0.02225	0.00543	0.00482	0.00147	0.02367	0.00407	0.00278	0.00711
39	0.01210	0.01461	0.16198	0.02658	0.57153	0.01198	0.03424	0.01615	0.04265	0.01681	0.01062	0.01414	0.00883	0.00503	0.00514	0.00158	0.00630	0.02919	0.00265	0.00789
40	0.01898	0.02250	0.01070	0.00827	0.01170	0.00705	0.00676	0.02085	0.01405	0.59719	0.06297	0.02417	0.15615	0.00774	0.00534	0.00161	0.00397	0.00636	0.00595	0.00770
41	0.08330	0.00793	0.01009	0.00883	0.01082	0.04995	0.08999	0.01234	0.04713	0.04928	0.35445	0.15020	0.08594	0.00974	0.00573	0.00169	0.00387	0.00863	0.00474	0.00536
42	0.01454	0.69723	0.05905	0.00914	0.01360	0.03063	0.00913	0.01641	0.01092	0.08711	0.00850	0.00925	0.00717	0.00461	0.00356	0.00117	0.00553	0.00303	0.00260	0.00683
43	0.00651	0.00463	0.00616	0.00728	0.00765	0.00438	0.00501	0.00750	0.00989	0.01314	0.02751	0.70051	0.03267	0.06000	0.00767	0.00227	0.00325	0.08514	0.00467	0.00416
