[name]
unknown

[dist]
# distance from previous block
# <min> <max>
8	262

[block]
# block no. 0 follows, 45 sequences, length 37
# corresponding to MSA columns:
# 282-318
name=unknown_A
#
# <colnr> <probs for GDERKNQSTAVLIFYWHMCP>
#	G	D	E	R	K	N	Q	S	T	A	V	L	I	F	Y	W	H	M	C	P
0	0.02665	0.03566	0.01466	0.04808	0.09353	0.09898	0.02208	0.16311	0.09798	0.12888	0.01570	0.05895	0.03893	0.00679	0.00561	0.00158	0.03155	0.00545	0.00432	0.10152
1	0.07286	0.07674	0.07592	0.01067	0.06415	0.02656	0.00847	0.10104	0.06333	0.03994	0.17764	0.09254	0.04671	0.02221	0.00564	0.00165	0.00456	0.00665	0.02433	0.07840
2	0.01410	0.06420	0.01370	0.04620	0.02789	0.16216	0.00872	0.08281	0.24137	0.01899	0.04702	0.03462	0.02598	0.00705	0.01984	0.00160	0.00571	0.00507	0.00406	0.16891
3	0.11130	0.03860	0.01309	0.02721	0.04133	0.04090	0.02047	0.24503	0.10324	0.02325	0.07646	0.03956	0.04793	0.00883	0.05043	0.00197	0.00553	0.00551	0.00438	0.09497
4	0.13681	0.01343	0.08192	0.07939	0.10672	0.08532	0.03798	0.10116	0.03111	0.01928	0.03286	0.09051	0.02745	0.00670	0.00526	0.00160	0.02048	0.00547	0.00351	0.11301
5	0.07843	0.25507	0.39462	0.01250	0.01854	0.04018	0.01428	0.09729	0.01267	0.01797	0.00914	0.01045	0.00701	0.00510	0.00450	0.00152	0.00683	0.00364	0.00271	0.00754
6	0.01118	0.00970	0.01178	0.00841	0.01320	0.00736	0.03000	0.01363	0.01118	0.01748	0.00958	0.01124	0.00796	0.00399	0.00405	0.00083	0.00413	0.00328	0.00317	0.81786
7	0.00770	0.00564	0.00807	0.00807	0.00884	0.00641	0.00602	0.00923	0.00846	0.01205	0.01489	0.02390	0.01464	0.19454	0.63747	0.00794	0.01254	0.00616	0.00295	0.00448
8	0.01113	0.00963	0.01149	0.03080	0.01347	0.00767	0.00683	0.01350	0.01100	0.01720	0.00944	0.01125	0.00789	0.00424	0.00458	0.00089	0.03684	0.00329	0.00312	0.78576
9	0.05979	0.26821	0.07295	0.01100	0.01517	0.10276	0.00989	0.19733	0.13214	0.04997	0.01193	0.01229	0.00920	0.00572	0.00457	0.00148	0.00596	0.00411	0.01785	0.00767
10	0.00990	0.00893	0.01216	0.01097	0.01106	0.01165	0.00857	0.01081	0.00842	0.01241	0.01278	0.12434	0.01414	0.20113	0.05999	0.00334	0.46457	0.00690	0.00294	0.00499
11	0.01534	0.01028	0.01293	0.01013	0.01382	0.00979	0.04006	0.15078	0.05830	0.18956	0.03724	0.09398	0.01376	0.00698	0.00577	0.00148	0.04458	0.00574	0.00467	0.27484
12	0.04966	0.01102	0.01520	0.47196	0.02766	0.04694	0.03734	0.14597	0.01349	0.03571	0.01213	0.03222	0.02693	0.04395	0.00637	0.00190	0.00664	0.00523	0.00324	0.00645
13	0.01113	0.00954	0.01113	0.00795	0.01272	0.00716	0.00636	0.01352	0.01113	0.01749	0.00954	0.01113	0.00795	0.00398	0.00398	0.00080	0.00398	0.00318	0.00318	0.84417
14	0.01398	0.01166	0.01277	0.01116	0.01406	0.01354	0.00883	0.14953	0.53635	0.02300	0.01887	0.01843	0.01438	0.00998	0.07072	0.00238	0.05143	0.00575	0.00505	0.00815
15	0.01349	0.00990	0.01178	0.02546	0.01366	0.00806	0.00703	0.07095	0.01273	0.11810	0.01131	0.01226	0.00872	0.00454	0.00429	0.00099	0.00427	0.00363	0.00378	0.65506
16	0.01289	0.13072	0.51357	0.01411	0.02078	0.01300	0.07123	0.01779	0.01195	0.10724	0.03091	0.01278	0.00883	0.00533	0.00503	0.00163	0.00718	0.00431	0.00292	0.00781
17	0.01125	0.02438	0.59171	0.01717	0.02446	0.01275	0.20826	0.01705	0.01167	0.01705	0.00995	0.01214	0.00714	0.00495	0.00541	0.00173	0.00822	0.00457	0.00238	0.00776
18	0.00994	0.00502	0.00511	0.00511	0.00635	0.00505	0.00384	0.01242	0.01118	0.01980	0.01742	0.02004	0.01375	0.00722	0.02614	0.00146	0.00284	0.00502	0.81729	0.00500
19	0.02623	0.01036	0.08641	0.31105	0.02194	0.04402	0.04530	0.01224	0.01083	0.01443	0.03252	0.25908	0.01730	0.01182	0.07038	0.00244	0.00662	0.00808	0.00334	0.00561
20	0.03582	0.11207	0.08984	0.00991	0.01407	0.01076	0.00898	0.07935	0.06172	0.39934	0.03480	0.03202	0.04799	0.01789	0.00544	0.00166	0.00494	0.00545	0.01984	0.00809
21	0.00749	0.00548	0.00702	0.00664	0.00795	0.00502	0.00498	0.00992	0.01494	0.02091	0.71230	0.04110	0.11376	0.01120	0.00633	0.00170	0.00255	0.00985	0.00583	0.00502
22	0.01014	0.00954	0.01610	0.79845	0.03697	0.01193	0.01491	0.01371	0.01073	0.01371	0.00954	0.01431	0.00716	0.00537	0.00537	0.00179	0.00716	0.00477	0.00239	0.00596
23	0.01482	0.74965	0.02707	0.00957	0.01401	0.08449	0.00928	0.01651	0.01126	0.01267	0.00753	0.00870	0.00689	0.00467	0.00356	0.00117	0.00606	0.00292	0.00233	0.00683
24	0.01623	0.28949	0.07624	0.07498	0.01621	0.02661	0.00986	0.07442	0.06342	0.21966	0.02662	0.05964	0.01177	0.00638	0.00479	0.00153	0.00548	0.00498	0.00412	0.00757
25	0.00654	0.00467	0.00623	0.00747	0.00779	0.00436	0.00498	0.00747	0.01028	0.01370	0.02959	0.80785	0.03550	0.01682	0.00685	0.00218	0.00311	0.01526	0.00498	0.00436
26	0.00872	0.00581	0.00737	0.00791	0.00880	0.00560	0.00552	0.07049	0.01180	0.05968	0.02812	0.66160	0.05103	0.03121	0.00704	0.00215	0.00346	0.01358	0.00508	0.00501
27	0.03553	0.03089	0.01519	0.01183	0.03128	0.07408	0.07035	0.11683	0.05257	0.47810	0.01748	0.01617	0.01159	0.00627	0.00535	0.00164	0.00557	0.00516	0.00554	0.00859
28	0.00802	0.00542	0.00697	0.00746	0.00789	0.00542	0.00503	0.00884	0.00987	0.04750	0.03787	0.50508	0.02877	0.21641	0.01248	0.00290	0.04763	0.01206	0.01997	0.00440
29	0.01186	0.04773	0.01697	0.01387	0.01408	0.01666	0.01163	0.01306	0.00834	0.01291	0.00707	0.01160	0.00704	0.00918	0.01698	0.00229	0.76586	0.00462	0.00235	0.00592
30	0.84927	0.01038	0.00789	0.00706	0.01038	0.01204	0.00581	0.01578	0.00914	0.02408	0.00747	0.00872	0.00581	0.00498	0.00332	0.00166	0.00415	0.00291	0.00332	0.00581
31	0.00834	0.00702	0.05130	0.00685	0.00763	0.00624	0.00472	0.01003	0.07082	0.01203	0.01868	0.05481	0.04784	0.64586	0.02286	0.00451	0.00513	0.00778	0.00349	0.00403
32	0.07984	0.00933	0.01058	0.00785	0.01224	0.00740	0.00624	0.01335	0.01092	0.01782	0.01053	0.05697	0.00937	0.00480	0.00409	0.00095	0.00394	0.00386	0.00330	0.72665
33	0.01307	0.08723	0.13519	0.03540	0.14604	0.01251	0.14596	0.07775	0.04676	0.03157	0.01072	0.01264	0.00836	0.00487	0.00498	0.00143	0.00630	0.00445	0.00311	0.21166
34	0.01064	0.02443	0.64069	0.03591	0.02285	0.01207	0.07648	0.01632	0.01120	0.01656	0.01012	0.01246	0.00746	0.00796	0.06980	0.00228	0.00853	0.00432	0.00235	0.00757
35	0.00905	0.00552	0.00658	0.00643	0.00684	0.00546	0.00395	0.00940	0.00864	0.07421	0.01796	0.08410	0.01971	0.64796	0.06823	0.00491	0.00554	0.00798	0.00362	0.00390
36	0.01701	0.02548	0.08848	0.07435	0.01518	0.00841	0.00894	0.02003	0.04453	0.42175	0.06410	0.06791	0.10409	0.00800	0.00558	0.00172	0.00472	0.00668	0.00540	0.00765

[dist]
# distance from previous block
# <min> <max>
8	59

[block]
# block no. 1 follows, 45 sequences, length 40
# corresponding to MSA columns:
# 378-417
name=unknown_B
#
# <colnr> <probs for GDERKNQSTAVLIFYWHMCP>
#	G	D	E	R	K	N	Q	S	T	A	V	L	I	F	Y	W	H	M	C	P
0	0.02825	0.10889	0.11445	0.05198	0.05172	0.01197	0.01005	0.13261	0.07543	0.06187	0.08077	0.01818	0.03806	0.02170	0.00570	0.00160	0.02332	0.02091	0.03661	0.10593
1	0.06857	0.02865	0.22565	0.06241	0.04868	0.01049	0.04782	0.08834	0.01289	0.06323	0.05485	0.04903	0.02758	0.03239	0.00574	0.00170	0.00566	0.00532	0.07909	0.08192
2	0.08119	0.03169	0.20341	0.11052	0.18542	0.07660	0.01362	0.06530	0.05369	0.04055	0.01060	0.01247	0.00811	0.00523	0.00493	0.00157	0.00652	0.00423	0.00307	0.08129
3	0.03772	0.05993	0.52359	0.09127	0.02196	0.01191	0.01622	0.01591	0.01113	0.01669	0.00987	0.02850	0.00758	0.00520	0.00487	0.00157	0.00698	0.00409	0.00250	0.12252
4	0.01734	0.01325	0.01423	0.01152	0.01533	0.01468	0.00930	0.41876	0.31578	0.05039	0.01650	0.01577	0.01204	0.00667	0.00535	0.00166	0.00513	0.00526	0.00535	0.04571
5	0.00756	0.00549	0.00712	0.00671	0.00799	0.00505	0.00503	0.01005	0.01510	0.02130	0.75167	0.04047	0.07415	0.01106	0.00633	0.00169	0.00254	0.00976	0.00588	0.00505
6	0.00653	0.00471	0.00619	0.00737	0.00776	0.00437	0.00494	0.00749	0.01038	0.01374	0.03087	0.76873	0.07379	0.01665	0.00683	0.00216	0.00309	0.01506	0.00498	0.00437
7	0.01435	0.81458	0.02813	0.00918	0.01378	0.02124	0.00918	0.01607	0.01091	0.01263	0.00746	0.00861	0.00689	0.00459	0.00344	0.00115	0.00574	0.00287	0.00230	0.00689
8	0.78122	0.01076	0.00856	0.00749	0.01090	0.01242	0.00617	0.07688	0.01046	0.02488	0.00792	0.00906	0.00609	0.00510	0.00349	0.00166	0.00430	0.00306	0.00349	0.00609
9	0.00659	0.00473	0.00625	0.00739	0.00778	0.00440	0.00496	0.00761	0.01056	0.01410	0.06580	0.75103	0.05600	0.01645	0.00681	0.00215	0.00308	0.01489	0.00503	0.00440
10	0.00737	0.00548	0.00686	0.00651	0.00788	0.00497	0.00489	0.00969	0.01466	0.02024	0.64362	0.04221	0.18286	0.01145	0.00633	0.00171	0.00257	0.01000	0.00574	0.00497
11	0.08389	0.01415	0.03849	0.09636	0.20512	0.09265	0.01169	0.22378	0.10434	0.02218	0.01374	0.01497	0.04304	0.00609	0.00518	0.00164	0.00611	0.00492	0.00387	0.00777
12	0.01167	0.00999	0.01058	0.00971	0.01236	0.01119	0.00748	0.02346	0.58191	0.02068	0.05179	0.06352	0.14492	0.00891	0.00570	0.00183	0.00388	0.00750	0.00537	0.00753
13	0.00673	0.00506	0.00624	0.00678	0.00770	0.00456	0.00477	0.00814	0.01190	0.01569	0.20581	0.43760	0.23016	0.01465	0.00660	0.00197	0.00288	0.01298	0.00519	0.00456
14	0.00654	0.00467	0.00623	0.00747	0.00779	0.00436	0.00498	0.00747	0.01028	0.01370	0.02959	0.80785	0.03550	0.01682	0.00685	0.00218	0.00311	0.01526	0.00498	0.00436
15	0.02041	0.01504	0.01611	0.01235	0.01665	0.01665	0.01020	0.75997	0.02524	0.03383	0.01289	0.01289	0.00913	0.00644	0.00537	0.00161	0.00591	0.00483	0.00537	0.00913
16	0.01267	0.01448	0.03167	0.02262	0.02805	0.01357	0.75837	0.01719	0.01267	0.01719	0.01086	0.01448	0.00814	0.00452	0.00633	0.00181	0.00905	0.00633	0.00271	0.00724
17	0.02005	0.02558	0.01521	0.01383	0.01659	0.78980	0.01037	0.02143	0.01521	0.01314	0.00830	0.00968	0.00691	0.00553	0.00484	0.00138	0.00968	0.00346	0.00277	0.00622
18	0.01335	0.01153	0.01214	0.01092	0.01396	0.01335	0.00850	0.02852	0.76817	0.02245	0.02185	0.02003	0.01639	0.00728	0.00546	0.00182	0.00425	0.00607	0.00546	0.00850
19	0.01335	0.01153	0.01214	0.01092	0.01396	0.01335	0.00850	0.02852	0.76817	0.02245	0.02185	0.02003	0.01639	0.00728	0.00546	0.00182	0.00425	0.00607	0.00546	0.00850
20	0.01228	0.36009	0.46447	0.01272	0.01924	0.01617	0.01534	0.01661	0.01115	0.01515	0.00872	0.01018	0.00684	0.00489	0.00440	0.00147	0.00701	0.00350	0.00228	0.00749
21	0.03253	0.01051	0.01145	0.00956	0.01259	0.07316	0.00758	0.13937	0.08434	0.27810	0.20964	0.05352	0.03774	0.00817	0.00563	0.00167	0.00456	0.00675	0.00567	0.00747
22	0.01817	0.02281	0.01387	0.01268	0.01531	0.68183	0.00951	0.01955	0.01480	0.01332	0.01463	0.01545	0.11262	0.00664	0.00505	0.00144	0.00872	0.00454	0.00307	0.00599
23	0.02041	0.01504	0.01611	0.01235	0.01665	0.01665	0.01020	0.75997	0.02524	0.03383	0.01289	0.01289	0.00913	0.00644	0.00537	0.00161	0.00591	0.00483	0.00537	0.00913
24	0.01214	0.01236	0.05110	0.32668	0.02893	0.02749	0.32030	0.01589	0.01187	0.06445	0.01177	0.05463	0.00937	0.00576	0.00607	0.00181	0.02383	0.00593	0.00293	0.00669
25	0.01122	0.01064	0.01805	0.53593	0.29106	0.01221	0.01544	0.01466	0.01124	0.01503	0.00973	0.01396	0.00762	0.00517	0.00535	0.00172	0.00689	0.00477	0.00248	0.00683
26	0.02408	0.00914	0.01246	0.00955	0.01370	0.00789	0.00789	0.02616	0.01536	0.78158	0.02118	0.01827	0.01329	0.00664	0.00540	0.00166	0.00457	0.00540	0.00664	0.00914
27	0.00781	0.00520	0.00585	0.00585	0.00585	0.00520	0.00325	0.00781	0.00781	0.01041	0.01691	0.03513	0.01952	0.81135	0.02732	0.00520	0.00520	0.00781	0.00325	0.00325
28	0.04759	0.04902	0.06331	0.00971	0.01377	0.00900	0.00847	0.03629	0.03650	0.56623	0.05081	0.05556	0.01493	0.00707	0.00533	0.00167	0.00469	0.00576	0.00587	0.00843
29	0.02026	0.01517	0.01574	0.01220	0.01635	0.05194	0.01002	0.69223	0.02424	0.05065	0.01297	0.01302	0.00923	0.00640	0.00531	0.00159	0.00598	0.00479	0.02302	0.00891
30	0.00654	0.00467	0.00623	0.00747	0.00779	0.00436	0.00498	0.00747	0.01028	0.01370	0.02959	0.80785	0.03550	0.01682	0.00685	0.00218	0.00311	0.01526	0.00498	0.00436
31	0.01329	0.01275	0.02179	0.03295	0.77787	0.01275	0.01647	0.01647	0.01222	0.01754	0.01010	0.01329	0.00850	0.00478	0.00531	0.00159	0.00638	0.00478	0.00266	0.00850
32	0.02012	0.01256	0.01508	0.05230	0.01682	0.01323	0.03227	0.43881	0.03833	0.25401	0.01587	0.04027	0.01125	0.00674	0.00546	0.00166	0.00554	0.00541	0.00550	0.00874
33	0.02057	0.02978	0.01359	0.01125	0.05345	0.01037	0.00867	0.15077	0.09666	0.47213	0.03636	0.04315	0.01407	0.00696	0.00542	0.00167	0.00479	0.00570	0.00592	0.00873
34	0.00780	0.00522	0.00594	0.00594	0.00598	0.00525	0.00336	0.00786	0.00783	0.01047	0.01683	0.03467	0.01932	0.78634	0.05207	0.00532	0.00550	0.00774	0.00324	0.00330
35	0.01140	0.00963	0.01120	0.00813	0.01274	0.00748	0.00649	0.04558	0.01172	0.01809	0.01028	0.03476	0.00882	0.00446	0.00412	0.00087	0.00403	0.00361	0.00333	0.78327
36	0.01497	0.05091	0.01446	0.01275	0.06875	0.02946	0.00948	0.17640	0.51197	0.02378	0.01823	0.01734	0.01371	0.00677	0.00532	0.00172	0.00491	0.00552	0.00504	0.00851
37	0.00932	0.00466	0.00699	0.00699	0.00699	0.00466	0.00466	0.00699	0.00699	0.00932	0.00932	0.01632	0.00932	0.01865	0.02098	0.84382	0.00466	0.00466	0.00233	0.00233
38	0.01200	0.20564	0.49759	0.01434	0.02079	0.03348	0.07098	0.01670	0.01127	0.01571	0.00906	0.01092	0.00693	0.00517	0.00545	0.00161	0.04861	0.00392	0.00232	0.00750
39	0.01432	0.29717	0.11245	0.01337	0.01772	0.06975	0.15586	0.08070	0.01272	0.03905	0.00981	0.01172	0.00789	0.00549	0.00593	0.00154	0.08498	0.00425	0.04820	0.00709

[dist]
# distance from previous block
# <min> <max>
4	9

[block]
# block no. 2 follows, 45 sequences, length 63
# corresponding to MSA columns:
# 428-490
name=unknown_C
#
# <colnr> <probs for GDERKNQSTAVLIFYWHMCP>
#	G	D	E	R	K	N	Q	S	T	A	V	L	I	F	Y	W	H	M	C	P
0	0.01178	0.25044	0.56975	0.01357	0.02056	0.01495	0.01682	0.01674	0.01121	0.01576	0.00902	0.01056	0.00682	0.00496	0.00463	0.00154	0.00731	0.00366	0.00227	0.00764
1	0.10568	0.01287	0.01410	0.01091	0.01509	0.04435	0.03846	0.33194	0.06295	0.11625	0.01286	0.01308	0.00933	0.00573	0.00488	0.00146	0.00533	0.00442	0.00463	0.18566
2	0.01302	0.01279	0.02049	0.05602	0.59139	0.04657	0.06016	0.01659	0.04190	0.01721	0.01295	0.01622	0.04546	0.00553	0.00545	0.00164	0.00643	0.01928	0.00292	0.00798
3	0.04339	0.07757	0.02679	0.06433	0.05005	0.02915	0.00820	0.18541	0.01415	0.02009	0.01712	0.16238	0.04559	0.00855	0.00588	0.01734	0.03674	0.00676	0.17419	0.00631
4	0.00683	0.00523	0.00626	0.00648	0.00767	0.00466	0.00468	0.00846	0.01267	0.01665	0.29113	0.26851	0.31412	0.01365	0.00649	0.00188	0.00277	0.01193	0.00530	0.00466
5	0.01072	0.02615	0.71305	0.01528	0.02280	0.01220	0.05507	0.01671	0.01157	0.01721	0.04316	0.01274	0.00878	0.00533	0.00521	0.00170	0.00775	0.00433	0.00245	0.00777
6	0.01703	0.36582	0.05822	0.01178	0.01566	0.34631	0.01033	0.07659	0.01383	0.01472	0.00834	0.00958	0.00707	0.00524	0.00450	0.00133	0.02074	0.00336	0.00274	0.00682
7	0.02280	0.00977	0.01268	0.00987	0.01393	0.00902	0.00811	0.07679	0.08848	0.65717	0.02067	0.01807	0.01330	0.00669	0.00540	0.00167	0.00463	0.00542	0.00644	0.00907
8	0.00634	0.00544	0.00544	0.00544	0.00725	0.00453	0.00408	0.00770	0.01224	0.01450	0.05438	0.05166	0.77569	0.01359	0.00634	0.00181	0.00272	0.01133	0.00498	0.00453
9	0.01046	0.00987	0.01668	0.71988	0.11302	0.01201	0.01507	0.01400	0.01089	0.01411	0.00960	0.01421	0.00729	0.00531	0.00536	0.00177	0.00708	0.00477	0.00241	0.00622
10	0.01016	0.00522	0.00531	0.00524	0.00654	0.00528	0.00395	0.02745	0.01147	0.02011	0.01734	0.01990	0.01366	0.00709	0.02300	0.00144	0.00286	0.00502	0.80388	0.00508
11	0.84927	0.01038	0.00789	0.00706	0.01038	0.01204	0.00581	0.01578	0.00914	0.02408	0.00747	0.00872	0.00581	0.00498	0.00332	0.00166	0.00415	0.00291	0.00332	0.00581
12	0.84927	0.01038	0.00789	0.00706	0.01038	0.01204	0.00581	0.01578	0.00914	0.02408	0.00747	0.00872	0.00581	0.00498	0.00332	0.00166	0.00415	0.00291	0.00332	0.00581
13	0.00654	0.00467	0.00623	0.00747	0.00779	0.00436	0.00498	0.00747	0.01028	0.01370	0.02959	0.80785	0.03550	0.01682	0.00685	0.00218	0.00311	0.01526	0.00498	0.00436
14	0.02395	0.00934	0.01259	0.00965	0.01381	0.00820	0.00797	0.05191	0.01571	0.75534	0.02089	0.01808	0.01314	0.00664	0.00540	0.00166	0.00461	0.00538	0.00660	0.00914
15	0.01331	0.01196	0.12050	0.03311	0.06120	0.00847	0.00933	0.01653	0.02706	0.15678	0.07029	0.01506	0.01219	0.00531	0.00472	0.00124	0.00477	0.00439	0.00388	0.41988
16	0.01280	0.01101	0.01281	0.05063	0.09652	0.01238	0.00928	0.02472	0.57306	0.03498	0.02272	0.02166	0.07886	0.00744	0.00551	0.00179	0.00449	0.00630	0.00499	0.00805
17	0.01329	0.01275	0.02179	0.03295	0.77787	0.01275	0.01647	0.01647	0.01222	0.01754	0.01010	0.01329	0.00850	0.00478	0.00531	0.00159	0.00638	0.00478	0.00266	0.00850
18	0.02214	0.00957	0.01240	0.00980	0.01375	0.00888	0.00800	0.02659	0.15187	0.64393	0.02130	0.01859	0.01385	0.00676	0.00541	0.00169	0.00451	0.00552	0.00643	0.00902
19	0.06037	0.01192	0.01399	0.01167	0.05138	0.01235	0.00908	0.38233	0.01972	0.27346	0.08436	0.01692	0.01405	0.00677	0.00536	0.00164	0.00510	0.00536	0.00560	0.00857
20	0.01005	0.00654	0.00877	0.27417	0.01667	0.00735	0.00754	0.01292	0.01108	0.01788	0.01481	0.01808	0.01152	0.00595	0.00430	0.00143	0.00408	0.00492	0.55661	0.00533
21	0.00634	0.00544	0.00544	0.00544	0.00725	0.00453	0.00408	0.00770	0.01224	0.01450	0.05438	0.05166	0.77569	0.01359	0.00634	0.00181	0.00272	0.01133	0.00498	0.00453
22	0.01222	0.01160	0.01952	0.12786	0.60887	0.01184	0.01512	0.01526	0.01194	0.01672	0.01311	0.05388	0.04670	0.00587	0.00545	0.00166	0.00614	0.00561	0.00285	0.00779
23	0.10490	0.01982	0.01453	0.01282	0.02882	0.48045	0.03571	0.09156	0.01526	0.09791	0.01051	0.01145	0.00804	0.00566	0.00481	0.00148	0.00784	0.00392	0.03771	0.00679
24	0.00696	0.00551	0.00636	0.00675	0.00822	0.00491	0.00526	0.00859	0.01221	0.01520	0.09221	0.14543	0.47390	0.01409	0.00664	0.00199	0.00325	0.17285	0.00504	0.00464
25	0.00666	0.00476	0.00636	0.00761	0.00797	0.00446	0.00519	0.00768	0.01039	0.01383	0.02952	0.76606	0.03525	0.01671	0.00688	0.00220	0.00322	0.05588	0.00498	0.00439
26	0.01589	0.05261	0.01734	0.24266	0.14536	0.09709	0.01245	0.27573	0.03342	0.03971	0.01111	0.01310	0.00837	0.00570	0.00521	0.00162	0.00667	0.00461	0.00368	0.00768
27	0.14982	0.03978	0.04204	0.07995	0.01355	0.01041	0.00769	0.12350	0.08655	0.08566	0.01452	0.01571	0.01088	0.00602	0.00441	0.00152	0.00437	0.00463	0.29231	0.00669
28	0.00672	0.00486	0.00636	0.00725	0.00780	0.00450	0.00495	0.00796	0.01126	0.01515	0.16533	0.63274	0.07399	0.01561	0.00673	0.00207	0.00299	0.01407	0.00515	0.00450
29	0.00910	0.00774	0.01211	0.12302	0.07444	0.00822	0.07616	0.02596	0.01060	0.01428	0.01954	0.31973	0.02157	0.14323	0.01056	0.00256	0.05763	0.05453	0.00377	0.00522
30	0.01180	0.04010	0.53095	0.05040	0.05702	0.04099	0.09385	0.03064	0.06171	0.01732	0.01054	0.01236	0.00771	0.00521	0.00523	0.00169	0.00768	0.00439	0.00262	0.00778
31	0.01195	0.01471	0.16334	0.26302	0.36287	0.01255	0.04895	0.02933	0.01186	0.01655	0.00992	0.01328	0.00777	0.00504	0.00534	0.00168	0.00702	0.00469	0.00255	0.00757
32	0.01165	0.01098	0.01843	0.46787	0.33996	0.01237	0.01545	0.03105	0.01166	0.01572	0.00984	0.01386	0.00775	0.00515	0.00535	0.00171	0.00681	0.00478	0.00256	0.00707
33	0.80887	0.01122	0.04526	0.00746	0.01100	0.01206	0.00649	0.01584	0.00924	0.02374	0.00758	0.00885	0.00586	0.00499	0.00341	0.00166	0.00433	0.00296	0.00327	0.00592
34	0.01431	0.04763	0.07741	0.06384	0.42360	0.09270	0.05661	0.06760	0.01347	0.04604	0.03844	0.01384	0.00982	0.00530	0.00528	0.00159	0.00676	0.00480	0.00306	0.00790
35	0.00658	0.00495	0.00595	0.00672	0.00747	0.00448	0.00457	0.00757	0.01070	0.01370	0.03636	0.51290	0.26534	0.07637	0.00825	0.00230	0.00315	0.01346	0.00485	0.00433
36	0.01043	0.00541	0.00546	0.00530	0.00668	0.00548	0.00402	0.04303	0.01183	0.02058	0.01732	0.01972	0.01357	0.00626	0.00382	0.00127	0.00264	0.00500	0.80702	0.00517
37	0.00675	0.00481	0.00642	0.00764	0.00802	0.00453	0.00525	0.00779	0.01039	0.01382	0.02919	0.72707	0.03474	0.03540	0.00738	0.00228	0.00332	0.07588	0.00494	0.00438
38	0.01092	0.06217	0.75051	0.01503	0.02282	0.01285	0.01937	0.01696	0.01131	0.01681	0.00954	0.01121	0.00680	0.00508	0.00503	0.00168	0.00784	0.00392	0.00227	0.00789
39	0.00767	0.00573	0.00851	0.00851	0.00943	0.00665	0.00656	0.00951	0.00859	0.01237	0.01449	0.02169	0.01368	0.07312	0.75758	0.00848	0.01399	0.00584	0.00289	0.00473
40	0.00659	0.00471	0.00627	0.00744	0.00780	0.00439	0.00499	0.00760	0.01051	0.01408	0.06560	0.77076	0.03623	0.01653	0.00683	0.00216	0.00309	0.01499	0.00503	0.00439
41	0.01023	0.00967	0.01612	0.75239	0.03563	0.01219	0.01472	0.01367	0.01059	0.01367	0.00939	0.01416	0.00715	0.00560	0.00609	0.00182	0.05381	0.00477	0.00238	0.00596
42	0.13467	0.36680	0.20121	0.01080	0.01579	0.01663	0.01129	0.08241	0.04886	0.03645	0.00948	0.01050	0.00753	0.00521	0.00443	0.00146	0.02266	0.00356	0.00297	0.00729
43	0.00714	0.00503	0.00683	0.00803	0.00855	0.00480	0.00584	0.00832	0.01065	0.01411	0.02859	0.60258	0.03348	0.01641	0.00749	0.03210	0.00360	0.18714	0.00488	0.00443
44	0.01875	0.01461	0.01517	0.01176	0.01597	0.05256	0.00961	0.58224	0.06857	0.03001	0.01278	0.01294	0.00931	0.00613	0.00517	0.00151	0.00574	0.00463	0.00496	0.11758
45	0.00782	0.00645	0.00703	0.00669	0.00820	0.04303	0.00502	0.00994	0.01429	0.01897	0.51751	0.04215	0.27013	0.01151	0.00626	0.00171	0.00294	0.00990	0.00547	0.00496
46	0.03471	0.46981	0.24584	0.01110	0.01656	0.03187	0.01215	0.03372	0.01174	0.07514	0.00931	0.01028	0.00739	0.00497	0.00415	0.00138	0.00633	0.00344	0.00273	0.00738
47	0.01113	0.05412	0.67301	0.01635	0.05622	0.01286	0.06884	0.01696	0.01145	0.01688	0.00966	0.01153	0.00697	0.00503	0.00513	0.00168	0.00786	0.00412	0.00231	0.00787
48	0.00712	0.00553	0.00618	0.00598	0.00764	0.00478	0.00450	0.00890	0.01333	0.03157	0.30578	0.04698	0.50759	0.01255	0.00632	0.00177	0.00269	0.01065	0.00534	0.00481
49	0.01329	0.01275	0.02179	0.03295	0.77787	0.01275	0.01647	0.01647	0.01222	0.01754	0.01010	0.01329	0.00850	0.00478	0.00531	0.00159	0.00638	0.00478	0.00266	0.00850
50	0.01928	0.01134	0.02640	0.12100	0.04568	0.04836	0.00980	0.08943	0.13601	0.40843	0.01770	0.01681	0.01197	0.00640	0.00537	0.00168	0.00537	0.00523	0.00534	0.00841
51	0.01077	0.02777	0.78354	0.01530	0.02323	0.01247	0.01983	0.01700	0.01133	0.01700	0.00963	0.01133	0.00680	0.00510	0.00510	0.00170	0.00793	0.00397	0.00227	0.00793
52	0.00654	0.00467	0.00623	0.00747	0.00779	0.00436	0.00498	0.00747	0.01028	0.01370	0.02959	0.80785	0.03550	0.01682	0.00685	0.00218	0.00311	0.01526	0.00498	0.00436
53	0.01968	0.01430	0.01563	0.04640	0.01710	0.01582	0.01013	0.68317	0.02387	0.05073	0.01311	0.01333	0.00931	0.00639	0.00531	0.00161	0.00581	0.00485	0.03460	0.00885
54	0.03166	0.01104	0.01638	0.17655	0.02004	0.04924	0.14880	0.05652	0.02723	0.01670	0.03946	0.07672	0.01246	0.00757	0.00822	0.00187	0.18271	0.02145	0.08924	0.00615
55	0.00780	0.00522	0.00593	0.00593	0.00596	0.00525	0.00335	0.00786	0.00783	0.01047	0.01684	0.03473	0.01934	0.78955	0.04889	0.00530	0.00546	0.00775	0.00324	0.00330
56	0.01290	0.01237	0.02110	0.12555	0.68824	0.01265	0.01628	0.01614	0.01204	0.01707	0.01003	0.01341	0.00834	0.00485	0.00532	0.00162	0.00647	0.00478	0.00262	0.00820
57	0.84927	0.01038	0.00789	0.00706	0.01038	0.01204	0.00581	0.01578	0.00914	0.02408	0.00747	0.00872	0.00581	0.00498	0.00332	0.00166	0.00415	0.00291	0.00332	0.00581
58	0.00667	0.00545	0.00589	0.00578	0.00745	0.00467	0.00433	0.00833	0.01300	0.01633	0.24178	0.04865	0.58715	0.01291	0.00634	0.00178	0.00267	0.01091	0.00523	0.00467
59	0.84927	0.01038	0.00789	0.00706	0.01038	0.01204	0.00581	0.01578	0.00914	0.02408	0.00747	0.00872	0.00581	0.00498	0.00332	0.00166	0.00415	0.00291	0.00332	0.00581
60	0.01113	0.00954	0.01113	0.00795	0.01272	0.00716	0.00636	0.01352	0.01113	0.01749	0.00954	0.01113	0.00795	0.00398	0.00398	0.00080	0.00398	0.00318	0.00318	0.84417
61	0.01329	0.01275	0.02179	0.03295	0.77787	0.01275	0.01647	0.01647	0.01222	0.01754	0.01010	0.01329	0.00850	0.00478	0.00531	0.00159	0.00638	0.00478	0.00266	0.00850
62	0.01335	0.01153	0.01214	0.01092	0.01396	0.01335	0.00850	0.02852	0.76817	0.02245	0.02185	0.02003	0.01639	0.00728	0.00546	0.00182	0.00425	0.00607	0.00546	0.00850

[dist]
# distance from previous block
# <min> <max>
0	21

[block]
# block no. 3 follows, 45 sequences, length 77
# corresponding to MSA columns:
# 512-517,519-589
name=unknown_D
#
# <colnr> <probs for GDERKNQSTAVLIFYWHMCP>
#	G	D	E	R	K	N	Q	S	T	A	V	L	I	F	Y	W	H	M	C	P
0	0.00754	0.00550	0.00710	0.00674	0.00804	0.00506	0.00509	0.01000	0.01495	0.02097	0.71418	0.04127	0.09436	0.01122	0.00636	0.00171	0.00260	0.02643	0.00583	0.00503
1	0.02365	0.00983	0.01288	0.00988	0.01405	0.00891	0.00816	0.11202	0.01652	0.69410	0.02021	0.01764	0.01280	0.00662	0.00539	0.00166	0.00472	0.00533	0.00649	0.00913
2	0.01001	0.00500	0.00500	0.00500	0.00625	0.00500	0.00375	0.01251	0.01126	0.02001	0.01751	0.02001	0.01376	0.00625	0.00375	0.00125	0.00250	0.00500	0.84115	0.00500
3	0.00760	0.00549	0.00718	0.00675	0.00802	0.00506	0.00506	0.01013	0.01519	0.02153	0.77503	0.04010	0.05065	0.01097	0.00633	0.00169	0.00253	0.00971	0.00591	0.00506
4	0.00654	0.00467	0.00623	0.00747	0.00779	0.00436	0.00498	0.00747	0.01028	0.01370	0.02959	0.80785	0.03550	0.01682	0.00685	0.00218	0.00311	0.01526	0.00498	0.00436
5	0.00860	0.00614	0.00859	0.00983	0.01104	0.00613	0.00856	0.01103	0.01231	0.01601	0.02845	0.07859	0.03100	0.01488	0.00740	0.00246	0.00490	0.72420	0.00494	0.00493
6	0.00781	0.00520	0.00585	0.00585	0.00585	0.00520	0.00325	0.00781	0.00781	0.01041	0.01691	0.03513	0.01952	0.81135	0.02732	0.00520	0.00520	0.00781	0.00325	0.00325
7	0.01356	0.01507	0.01670	0.01417	0.01586	0.23920	0.10869	0.01537	0.01091	0.01346	0.00921	0.01316	0.00828	0.01309	0.14916	0.00311	0.32768	0.00474	0.00261	0.00596
8	0.00654	0.00467	0.00623	0.00747	0.00779	0.00436	0.00498	0.00747	0.01028	0.01370	0.02959	0.80785	0.03550	0.01682	0.00685	0.00218	0.00311	0.01526	0.00498	0.00436
9	0.01255	0.01532	0.07917	0.02216	0.02775	0.01350	0.71172	0.01718	0.01259	0.01718	0.01078	0.01428	0.00806	0.00456	0.00626	0.00180	0.00898	0.00619	0.00269	0.00728
10	0.01199	0.01249	0.02371	0.18505	0.17775	0.01324	0.33274	0.01550	0.01150	0.01586	0.01035	0.03298	0.00852	0.00572	0.00751	0.00185	0.11796	0.00569	0.00264	0.00697
11	0.01539	0.60923	0.06131	0.01046	0.01483	0.18440	0.00994	0.01726	0.01184	0.01295	0.00774	0.00897	0.00689	0.00482	0.00382	0.00122	0.00668	0.00305	0.00239	0.00680
12	0.01401	0.74074	0.09902	0.00976	0.01466	0.02042	0.01018	0.01616	0.01095	0.01304	0.00767	0.00887	0.00688	0.00464	0.00360	0.00120	0.00595	0.00297	0.00229	0.00699
13	0.00781	0.00520	0.00585	0.00585	0.00585	0.00520	0.00325	0.00781	0.00781	0.01041	0.01691	0.03513	0.01952	0.81135	0.02732	0.00520	0.00520	0.00781	0.00325	0.00325
14	0.01113	0.00954	0.01113	0.00795	0.01272	0.00716	0.00636	0.01352	0.01113	0.01749	0.00954	0.01113	0.00795	0.00398	0.00398	0.00080	0.00398	0.00318	0.00318	0.84417
15	0.00760	0.00549	0.00718	0.00675	0.00802	0.00506	0.00506	0.01013	0.01519	0.02153	0.77503	0.04010	0.05065	0.01097	0.00633	0.00169	0.00253	0.00971	0.00591	0.00506
16	0.01435	0.81458	0.02813	0.00918	0.01378	0.02124	0.00918	0.01607	0.01091	0.01263	0.00746	0.00861	0.00689	0.00459	0.00344	0.00115	0.00574	0.00287	0.00230	0.00689
17	0.01335	0.01153	0.01214	0.01092	0.01396	0.01335	0.00850	0.02852	0.76817	0.02245	0.02185	0.02003	0.01639	0.00728	0.00546	0.00182	0.00425	0.00607	0.00546	0.00850
18	0.01174	0.01174	0.01644	0.01409	0.01409	0.01644	0.01174	0.01292	0.00822	0.01292	0.00705	0.01174	0.00705	0.00940	0.01762	0.00235	0.80153	0.00470	0.00235	0.00587
19	0.00733	0.00548	0.00681	0.00647	0.00786	0.00495	0.00486	0.00961	0.01457	0.02003	0.62192	0.04255	0.20469	0.01153	0.00633	0.00171	0.00257	0.01005	0.00571	0.00495
20	0.00765	0.00533	0.00644	0.00659	0.00677	0.00547	0.00410	0.00805	0.00840	0.01130	0.01929	0.16045	0.03713	0.56731	0.10008	0.00491	0.02470	0.00882	0.00351	0.00368
21	0.01091	0.01671	0.27518	0.36454	0.03041	0.01247	0.18240	0.01559	0.01137	0.01559	0.00987	0.01336	0.00726	0.00509	0.00549	0.00176	0.00784	0.00485	0.00242	0.00690
22	0.00636	0.00539	0.00549	0.00557	0.00728	0.00452	0.00414	0.00769	0.01211	0.01445	0.05281	0.09942	0.72893	0.01380	0.00638	0.00184	0.00274	0.01158	0.00498	0.00452
23	0.03709	0.01079	0.01274	0.01031	0.01405	0.01104	0.00834	0.15119	0.24513	0.38666	0.04100	0.01830	0.01442	0.00689	0.00540	0.00170	0.00463	0.00557	0.00598	0.00876
24	0.01322	0.01278	0.02102	0.08235	0.69293	0.02927	0.01603	0.01671	0.03193	0.01732	0.01033	0.01345	0.00859	0.00490	0.00531	0.00161	0.00644	0.00479	0.00271	0.00829
25	0.01995	0.03567	0.01267	0.00990	0.01355	0.00973	0.00811	0.05988	0.17564	0.49311	0.02084	0.02114	0.01480	0.02603	0.00599	0.00181	0.00464	0.05200	0.00600	0.00852
26	0.00691	0.00534	0.00639	0.00704	0.00824	0.00483	0.00533	0.00839	0.01170	0.01473	0.05788	0.29754	0.36647	0.01483	0.00673	0.00206	0.00330	0.16272	0.00500	0.00457
27	0.70526	0.01065	0.00924	0.04057	0.01210	0.01243	0.00680	0.05747	0.01020	0.04061	0.00815	0.00956	0.00629	0.00535	0.00432	0.00170	0.04655	0.00324	0.00342	0.00608
28	0.00932	0.00466	0.00699	0.00699	0.00699	0.00466	0.00466	0.00699	0.00699	0.00932	0.00932	0.01632	0.00932	0.01865	0.02098	0.84382	0.00466	0.00466	0.00233	0.00233
29	0.00751	0.00548	0.00706	0.00667	0.00797	0.00503	0.00500	0.00997	0.01500	0.02106	0.72758	0.04086	0.09839	0.01115	0.00633	0.00170	0.00254	0.00981	0.00585	0.00503
30	0.01113	0.00954	0.01113	0.00795	0.01272	0.00716	0.00636	0.01352	0.01113	0.01749	0.00954	0.01113	0.00795	0.00398	0.00398	0.00080	0.00398	0.00318	0.00318	0.84417
31	0.01688	0.05349	0.09461	0.01296	0.10517	0.01031	0.01019	0.07217	0.07622	0.31471	0.06467	0.03832	0.01542	0.00711	0.00542	0.00167	0.00510	0.05153	0.00498	0.03906
32	0.07522	0.04898	0.04800	0.01336	0.12718	0.01191	0.00960	0.12437	0.21159	0.10669	0.14827	0.01959	0.01820	0.00698	0.00531	0.00167	0.00476	0.00579	0.00480	0.00776
33	0.02408	0.00914	0.01246	0.00955	0.01370	0.00789	0.00789	0.02616	0.01536	0.78158	0.02118	0.01827	0.01329	0.00664	0.00540	0.00166	0.00457	0.00540	0.00664	0.00914
34	0.01510	0.67343	0.02578	0.00976	0.01417	0.06002	0.00930	0.07843	0.04480	0.01483	0.00857	0.00951	0.00748	0.00491	0.00376	0.00123	0.00589	0.00320	0.00271	0.00711
35	0.01036	0.00917	0.01485	0.65724	0.03220	0.01112	0.01337	0.01427	0.04336	0.03500	0.09480	0.01750	0.01250	0.00610	0.00548	0.00178	0.00646	0.00539	0.00302	0.00605
36	0.03856	0.02349	0.33537	0.01806	0.17120	0.28959	0.01539	0.01844	0.01283	0.01593	0.00919	0.01106	0.00715	0.00519	0.00500	0.00156	0.00814	0.00392	0.00255	0.00738
37	0.01305	0.01259	0.02173	0.08396	0.70394	0.01273	0.04034	0.01631	0.01214	0.01727	0.01008	0.01339	0.00840	0.00481	0.00535	0.00161	0.00652	0.00483	0.00264	0.00829
38	0.01785	0.01071	0.01241	0.01043	0.01396	0.01132	0.00832	0.05461	0.44352	0.32257	0.02125	0.01907	0.01489	0.00700	0.00543	0.00175	0.00444	0.00576	0.00593	0.00877
39	0.00767	0.00575	0.00863	0.00863	0.00959	0.00671	0.00671	0.00959	0.00863	0.01246	0.01438	0.02109	0.01342	0.04026	0.79008	0.00863	0.01438	0.00575	0.00288	0.00479
40	0.00661	0.00485	0.00621	0.00713	0.00773	0.00445	0.00487	0.00775	0.01100	0.01454	0.10224	0.63202	0.13922	0.01583	0.00673	0.00208	0.00301	0.01420	0.00507	0.00445
41	0.01174	0.01174	0.01644	0.01409	0.01409	0.01644	0.01174	0.01292	0.00822	0.01292	0.00705	0.01174	0.00705	0.00940	0.01762	0.00235	0.80153	0.00470	0.00235	0.00587
42	0.00667	0.00477	0.00638	0.00763	0.00800	0.00447	0.00521	0.00770	0.01041	0.01385	0.02951	0.76064	0.03521	0.01669	0.00689	0.00220	0.00323	0.06115	0.00498	0.00440
43	0.02005	0.02558	0.01521	0.01383	0.01659	0.78980	0.01037	0.02143	0.01521	0.01314	0.00830	0.00968	0.00691	0.00553	0.00484	0.00138	0.00968	0.00346	0.00277	0.00622
44	0.01360	0.01406	0.04395	0.27010	0.13271	0.08707	0.18928	0.11439	0.03132	0.01795	0.01049	0.01356	0.00802	0.00537	0.00581	0.00172	0.02541	0.00503	0.00300	0.00718
45	0.01083	0.01015	0.01736	0.58698	0.18893	0.01186	0.03585	0.01412	0.01095	0.01443	0.00968	0.01418	0.00755	0.00574	0.00600	0.03478	0.00695	0.00481	0.00245	0.00638
46	0.00642	0.00544	0.00555	0.00552	0.00730	0.00457	0.00414	0.00786	0.01242	0.01494	0.09990	0.05093	0.72989	0.01343	0.00634	0.00180	0.00271	0.01123	0.00504	0.00457
47	0.01113	0.00954	0.01113	0.00795	0.01272	0.00716	0.00636	0.01352	0.01113	0.01749	0.00954	0.01113	0.00795	0.00398	0.00398	0.00080	0.00398	0.00318	0.00318	0.84417
48	0.03650	0.44355	0.02211	0.01184	0.04032	0.33752	0.00984	0.01829	0.01268	0.01327	0.00789	0.00921	0.00693	0.00500	0.00408	0.00127	0.00735	0.00318	0.00253	0.00664
49	0.01168	0.20531	0.55656	0.01417	0.03442	0.01468	0.01692	0.01656	0.01108	0.01580	0.00901	0.01077	0.00686	0.00521	0.00540	0.00161	0.05031	0.00377	0.00228	0.00759
50	0.00661	0.00472	0.00629	0.00743	0.00780	0.00440	0.00499	0.00764	0.01059	0.01420	0.07667	0.75935	0.03646	0.01645	0.00682	0.00215	0.00308	0.01491	0.00504	0.00440
51	0.01329	0.01275	0.02179	0.03295	0.77787	0.01275	0.01647	0.01647	0.01222	0.01754	0.01010	0.01329	0.00850	0.00478	0.00531	0.00159	0.00638	0.00478	0.00266	0.00850
52	0.00776	0.00522	0.00604	0.00608	0.00615	0.00528	0.00352	0.00791	0.00793	0.01063	0.01712	0.05634	0.01959	0.73992	0.07492	0.00533	0.00572	0.00789	0.00328	0.00338
53	0.01435	0.81458	0.02813	0.00918	0.01378	0.02124	0.00918	0.01607	0.01091	0.01263	0.00746	0.00861	0.00689	0.00459	0.00344	0.00115	0.00574	0.00287	0.00230	0.00689
54	0.00654	0.00469	0.00621	0.00743	0.00777	0.00436	0.00496	0.00748	0.01032	0.01372	0.03019	0.78956	0.05340	0.01674	0.00684	0.00217	0.00310	0.01516	0.00498	0.00436
55	0.01927	0.02428	0.01533	0.01385	0.01636	0.71722	0.01050	0.02064	0.01456	0.01312	0.00818	0.00987	0.00693	0.00589	0.00604	0.00147	0.08399	0.00357	0.00273	0.00619
56	0.01001	0.00500	0.00500	0.00500	0.00625	0.00500	0.00375	0.01251	0.01126	0.02001	0.01751	0.02001	0.01376	0.00625	0.00375	0.00125	0.00250	0.00500	0.84115	0.00500
57	0.00654	0.00467	0.00623	0.00747	0.00779	0.00436	0.00498	0.00747	0.01028	0.01370	0.02959	0.80785	0.03550	0.01682	0.00685	0.00218	0.00311	0.01526	0.00498	0.00436
58	0.00679	0.00491	0.00615	0.00704	0.00754	0.00458	0.00473	0.00769	0.01023	0.01338	0.03090	0.55858	0.13212	0.13995	0.00999	0.00261	0.00345	0.04041	0.00471	0.00423
59	0.00763	0.00553	0.00743	0.00726	0.00819	0.00571	0.00532	0.00941	0.01119	0.01574	0.31867	0.03219	0.05119	0.17412	0.31111	0.00502	0.00759	0.00787	0.00421	0.00460
60	0.01356	0.01164	0.01226	0.01097	0.01404	0.01345	0.00855	0.05064	0.74571	0.02280	0.02158	0.01981	0.01617	0.00726	0.00546	0.00181	0.00430	0.00603	0.00546	0.00852
61	0.01174	0.01174	0.01644	0.01409	0.01409	0.01644	0.01174	0.01292	0.00822	0.01292	0.00705	0.01174	0.00705	0.00940	0.01762	0.00235	0.80153	0.00470	0.00235	0.00587
62	0.81138	0.01032	0.00810	0.00717	0.01053	0.01185	0.00591	0.01626	0.00942	0.05887	0.00810	0.00916	0.00616	0.00506	0.00342	0.00166	0.00417	0.00302	0.00347	0.00597
63	0.01351	0.01276	0.02134	0.05674	0.71897	0.01291	0.01614	0.05053	0.01277	0.01816	0.01021	0.01330	0.00849	0.00488	0.00532	0.00160	0.00638	0.00478	0.00277	0.00845
64	0.00792	0.00598	0.00838	0.09465	0.03504	0.00606	0.00678	0.00952	0.01119	0.03264	0.10960	0.47090	0.08130	0.02638	0.00717	0.00210	0.02630	0.04851	0.00467	0.00492
65	0.00994	0.00506	0.00517	0.00523	0.00648	0.00506	0.00398	0.01244	0.01131	0.01983	0.01801	0.02187	0.01455	0.00665	0.00392	0.00131	0.00261	0.03883	0.80275	0.00500
66	0.01265	0.01318	0.07501	0.24624	0.07363	0.03309	0.12375	0.11324	0.01301	0.01785	0.02409	0.01353	0.00851	0.00577	0.00685	0.00169	0.10552	0.00482	0.00300	0.10456
67	0.01394	0.01537	0.10625	0.17141	0.29720	0.09802	0.01438	0.12242	0.03190	0.01848	0.01135	0.01381	0.02583	0.00565	0.00566	0.00166	0.03126	0.00473	0.00307	0.00762
68	0.01021	0.04218	0.00607	0.00520	0.00660	0.00575	0.00400	0.01267	0.01124	0.01967	0.01705	0.01949	0.01344	0.00618	0.00374	0.00125	0.00265	0.00491	0.80263	0.00509
69	0.03734	0.01144	0.01355	0.01248	0.08495	0.01203	0.00913	0.21256	0.23619	0.22455	0.02030	0.01913	0.06769	0.00707	0.00542	0.00170	0.00484	0.00576	0.00540	0.00848
70	0.09762	0.01180	0.01785	0.06066	0.46203	0.01214	0.02886	0.08166	0.03289	0.05444	0.01382	0.01687	0.04968	0.00592	0.00528	0.00167	0.00583	0.02973	0.00341	0.00784
71	0.08941	0.01321	0.05350	0.09296	0.49698	0.05316	0.01436	0.01659	0.04278	0.01764	0.01172	0.01525	0.02625	0.00551	0.00519	0.00165	0.00627	0.02698	0.00292	0.00769
72	0.32549	0.00964	0.02866	0.06451	0.05954	0.01004	0.03079	0.03667	0.02908	0.03741	0.13018	0.08322	0.01693	0.00774	0.00567	0.02581	0.02703	0.02326	0.00388	0.04446
73	0.42393	0.04345	0.01156	0.08086	0.01444	0.01255	0.00786	0.16222	0.03666	0.09762	0.03922	0.01269	0.00949	0.00577	0.00430	0.00164	0.00479	0.00408	0.02000	0.00688
74	0.07037	0.09794	0.01667	0.04121	0.18284	0.21474	0.01072	0.09143	0.01432	0.12272	0.02840	0.01453	0.04448	0.00602	0.00518	0.00154	0.02127	0.00461	0.00366	0.00734
75	0.01240	0.06498	0.04317	0.06699	0.18694	0.01290	0.37945	0.01638	0.02911	0.01683	0.01181	0.01470	0.03142	0.00493	0.00560	0.00162	0.00735	0.00548	0.00282	0.08510
76	0.03112	0.01258	0.05417	0.04202	0.25120	0.01148	0.18956	0.02925	0.05979	0.01798	0.01136	0.02733	0.00923	0.00510	0.00541	0.00151	0.01961	0.00500	0.02838	0.18791

[dist]
# distance from previous block
# <min> <max>
2	22

[block]
# block no. 4 follows, 45 sequences, length 9
# corresponding to MSA columns:
# 612-620
name=unknown_E
#
# <colnr> <probs for GDERKNQSTAVLIFYWHMCP>
#	G	D	E	R	K	N	Q	S	T	A	V	L	I	F	Y	W	H	M	C	P
0	0.05113	0.32323	0.03379	0.01348	0.12479	0.06499	0.04341	0.06774	0.01306	0.11020	0.03426	0.01277	0.00980	0.00535	0.00445	0.00140	0.00576	0.00413	0.04740	0.02887
1	0.01373	0.05113	0.05058	0.00986	0.01330	0.02935	0.00821	0.24495	0.03057	0.05173	0.04135	0.17848	0.01640	0.02721	0.00584	0.00163	0.00485	0.02201	0.00444	0.19439
2	0.01001	0.00500	0.00500	0.00500	0.00625	0.00500	0.00375	0.01251	0.01126	0.02001	0.01751	0.02001	0.01376	0.00625	0.00375	0.00125	0.00250	0.00500	0.84115	0.00500
3	0.10644	0.01002	0.01204	0.01085	0.10427	0.00838	0.00751	0.01413	0.01104	0.01824	0.00937	0.01112	0.00777	0.00419	0.00406	0.00099	0.00428	0.00334	0.00313	0.64882
4	0.00712	0.00532	0.00737	0.10221	0.01107	0.00536	0.00598	0.00826	0.01005	0.01333	0.02574	0.62500	0.03029	0.10555	0.00899	0.00248	0.00384	0.01316	0.00447	0.00443
5	0.11234	0.00754	0.00855	0.00795	0.01004	0.00751	0.00601	0.07979	0.04991	0.14726	0.07179	0.27898	0.12743	0.03205	0.00634	0.00194	0.00374	0.00941	0.02539	0.00602
6	0.10327	0.20197	0.04006	0.07966	0.07260	0.16367	0.01026	0.11967	0.04274	0.01845	0.04990	0.01276	0.01004	0.00579	0.00499	0.00151	0.03095	0.00418	0.02062	0.00692
7	0.00899	0.00773	0.01045	0.00993	0.03429	0.04830	0.05859	0.01064	0.01037	0.01394	0.10911	0.02624	0.10355	0.10439	0.32825	0.05190	0.04813	0.00685	0.00344	0.00491
8	0.01156	0.01054	0.10292	0.06520	0.01372	0.00923	0.03039	0.16755	0.01372	0.01994	0.05537	0.04622	0.02882	0.10140	0.08438	0.00267	0.00588	0.00596	0.21842	0.00610

[dist]
# distance from previous block
# <min> <max>
0	189

# created by:
# /st0/software/busco_prod/Augustus/scripts/msa2prfl.pl ./align_prep/153132.fa
