[name]
unknown

[dist]
# distance from previous block
# <min> <max>
0	76

[block]
# block no. 0 follows, 45 sequences, length 56
# corresponding to MSA columns:
# 76-131
name=unknown_A
#
# <colnr> <probs for GDERKNQSTAVLIFYWHMCP>
#	G	D	E	R	K	N	Q	S	T	A	V	L	I	F	Y	W	H	M	C	P
0	0.00667	0.00557	0.00584	0.00586	0.00758	0.00482	0.00440	0.00847	0.03045	0.01529	0.11302	0.08020	0.65096	0.01338	0.00636	0.00183	0.00280	0.02675	0.00507	0.00467
1	0.11763	0.01509	0.07985	0.01175	0.01623	0.01504	0.01031	0.54997	0.02136	0.09169	0.01264	0.01270	0.00888	0.00617	0.00511	0.00163	0.00576	0.00458	0.00497	0.00864
2	0.01243	0.38129	0.42457	0.01274	0.01910	0.01644	0.03394	0.01659	0.01118	0.01504	0.00869	0.01019	0.00687	0.00486	0.00439	0.00145	0.00698	0.00353	0.00229	0.00745
3	0.01237	0.16317	0.27208	0.01439	0.01847	0.05217	0.08403	0.01563	0.01048	0.01462	0.00839	0.01120	0.00703	0.00647	0.00928	0.00182	0.28492	0.00422	0.00237	0.00688
4	0.00758	0.00559	0.00620	0.00608	0.00780	0.00480	0.00454	0.00914	0.01273	0.05929	0.17039	0.11806	0.54259	0.01306	0.00634	0.00182	0.00283	0.01109	0.00523	0.00487
5	0.01468	0.01660	0.27723	0.10686	0.17616	0.01156	0.03082	0.04900	0.01297	0.19394	0.02810	0.01440	0.00971	0.00570	0.00565	0.00170	0.02851	0.00478	0.00358	0.00802
6	0.28927	0.46972	0.06660	0.00905	0.01335	0.04935	0.00877	0.01625	0.01053	0.01669	0.00763	0.00886	0.00653	0.00479	0.00356	0.00136	0.00551	0.00297	0.00265	0.00657
7	0.07039	0.01032	0.01288	0.00994	0.01407	0.00977	0.00821	0.16360	0.01687	0.59778	0.01884	0.01671	0.01208	0.00651	0.00527	0.00165	0.00480	0.00515	0.00621	0.00894
8	0.00749	0.00613	0.00670	0.00660	0.00830	0.00573	0.00492	0.01077	0.10785	0.01677	0.18582	0.12572	0.46243	0.01264	0.00628	0.00183	0.00292	0.01077	0.00522	0.00512
9	0.00708	0.00519	0.00664	0.00685	0.00785	0.00476	0.00492	0.00892	0.01312	0.01796	0.42968	0.31114	0.12933	0.01333	0.00652	0.00188	0.00276	0.01185	0.00548	0.00476
10	0.00767	0.00575	0.00863	0.00863	0.00959	0.00671	0.00671	0.00959	0.00863	0.01246	0.01438	0.02109	0.01342	0.04026	0.79008	0.00863	0.01438	0.00575	0.00288	0.00479
11	0.00679	0.00497	0.00643	0.00741	0.00806	0.00461	0.00524	0.00803	0.01104	0.01454	0.08120	0.59114	0.12729	0.01584	0.00681	0.00213	0.00321	0.08573	0.00504	0.00448
12	0.01435	0.81458	0.02813	0.00918	0.01378	0.02124	0.00918	0.01607	0.01091	0.01263	0.00746	0.00861	0.00689	0.00459	0.00344	0.00115	0.00574	0.00287	0.00230	0.00689
13	0.05887	0.00972	0.01259	0.00969	0.01382	0.00885	0.00801	0.09129	0.01598	0.68253	0.01985	0.01738	0.01260	0.00656	0.00531	0.00166	0.00467	0.00524	0.00639	0.00899
14	0.84927	0.01038	0.00789	0.00706	0.01038	0.01204	0.00581	0.01578	0.00914	0.02408	0.00747	0.00872	0.00581	0.00498	0.00332	0.00166	0.00415	0.00291	0.00332	0.00581
15	0.01280	0.00767	0.00818	0.00723	0.00936	0.00806	0.00566	0.13725	0.10320	0.06600	0.04905	0.01959	0.01482	0.00663	0.00442	0.00142	0.00338	0.00532	0.52364	0.00633
16	0.05945	0.00972	0.01040	0.00968	0.01206	0.01088	0.00736	0.06698	0.45683	0.02079	0.03880	0.19957	0.03615	0.02866	0.00621	0.00196	0.00404	0.00813	0.00517	0.00716
17	0.01082	0.02739	0.76244	0.01551	0.02337	0.01250	0.04056	0.01701	0.01137	0.01701	0.00967	0.01142	0.00684	0.00508	0.00513	0.00170	0.00796	0.00403	0.00228	0.00791
18	0.02162	0.01251	0.01444	0.01110	0.01527	0.01297	0.00916	0.45675	0.02107	0.32617	0.01623	0.01515	0.01086	0.00652	0.00535	0.00162	0.00531	0.00506	0.02380	0.00904
19	0.00781	0.00520	0.00585	0.00585	0.00585	0.00520	0.00325	0.00781	0.00781	0.01041	0.01691	0.03513	0.01952	0.81135	0.02732	0.00520	0.00520	0.00781	0.00325	0.00325
20	0.01272	0.01573	0.11526	0.02107	0.05572	0.01378	0.55214	0.04740	0.01265	0.01752	0.01046	0.01378	0.00796	0.00508	0.00704	0.00183	0.07399	0.00581	0.00274	0.00733
21	0.00811	0.00559	0.00669	0.00673	0.00708	0.00573	0.00425	0.03897	0.00902	0.01215	0.01842	0.15424	0.02083	0.55500	0.12006	0.00501	0.00607	0.00860	0.00356	0.00386
22	0.00935	0.00687	0.00751	0.00757	0.00909	0.04988	0.00565	0.01113	0.02593	0.08880	0.13132	0.28331	0.25990	0.01313	0.00639	0.00193	0.00359	0.06832	0.00514	0.00519
23	0.81855	0.01018	0.00778	0.00698	0.01023	0.01178	0.00574	0.01566	0.00921	0.02393	0.00784	0.00913	0.00610	0.00503	0.00334	0.00165	0.00409	0.00298	0.03398	0.00578
24	0.08512	0.00934	0.01197	0.00934	0.01329	0.00851	0.00768	0.05485	0.02796	0.64480	0.04042	0.01863	0.02947	0.00678	0.00529	0.00167	0.00449	0.00544	0.00627	0.00867
25	0.00772	0.00522	0.00611	0.00618	0.00628	0.00528	0.00364	0.00794	0.00802	0.01077	0.01742	0.07796	0.01991	0.70144	0.09012	0.00532	0.00585	0.00806	0.00332	0.00344
26	0.01325	0.01080	0.01227	0.00896	0.01362	0.00932	0.00724	0.18407	0.01435	0.02122	0.01031	0.01153	0.00822	0.00454	0.00429	0.00098	0.00442	0.00356	0.00368	0.65338
27	0.00783	0.00577	0.00744	0.00830	0.02874	0.00560	0.00561	0.05142	0.02767	0.01622	0.13850	0.57548	0.05067	0.03510	0.00713	0.00212	0.00334	0.01310	0.00505	0.00491
28	0.00693	0.00484	0.00611	0.00698	0.00719	0.00462	0.00445	0.00758	0.00952	0.01269	0.02568	0.56969	0.03058	0.26170	0.01316	0.00311	0.00376	0.01296	0.00445	0.00402
29	0.00654	0.00467	0.00623	0.00747	0.00779	0.00436	0.00498	0.00747	0.01028	0.01370	0.02959	0.80785	0.03550	0.01682	0.00685	0.00218	0.00311	0.01526	0.00498	0.00436
30	0.01196	0.14199	0.60520	0.01444	0.02152	0.05000	0.03417	0.03207	0.01176	0.01653	0.00935	0.01096	0.00690	0.00506	0.00488	0.00161	0.00768	0.00385	0.00237	0.00771
31	0.00701	0.00526	0.00708	0.00806	0.00839	0.00533	0.00563	0.00802	0.01021	0.01374	0.02787	0.71910	0.03321	0.01619	0.00767	0.00220	0.06238	0.04338	0.00479	0.00450
32	0.84927	0.01038	0.00789	0.00706	0.01038	0.01204	0.00581	0.01578	0.00914	0.02408	0.00747	0.00872	0.00581	0.00498	0.00332	0.00166	0.00415	0.00291	0.00332	0.00581
33	0.01920	0.00805	0.01089	0.00872	0.01202	0.00705	0.00705	0.02141	0.01531	0.55631	0.24461	0.02474	0.02436	0.00793	0.00567	0.00167	0.00396	0.00668	0.00643	0.00793
34	0.01024	0.00968	0.01610	0.56596	0.03039	0.01194	0.05801	0.01331	0.01047	0.01394	0.01096	0.07469	0.00950	0.00677	0.00722	0.00189	0.11782	0.00566	0.01957	0.00588
35	0.02364	0.00984	0.01289	0.00989	0.01406	0.00894	0.00817	0.11406	0.01655	0.69202	0.02018	0.01763	0.01279	0.00662	0.00539	0.00165	0.00473	0.00533	0.00649	0.00913
36	0.00713	0.00547	0.00653	0.00627	0.00773	0.00487	0.00470	0.00923	0.01410	0.01892	0.50757	0.04439	0.31974	0.01195	0.00634	0.00173	0.00260	0.01031	0.00557	0.00487
37	0.01032	0.00531	0.00534	0.00523	0.00657	0.00536	0.00395	0.03527	0.01168	0.02043	0.01737	0.01980	0.01362	0.00626	0.00380	0.00126	0.00261	0.00500	0.81570	0.00513
38	0.01990	0.01455	0.01557	0.01199	0.01614	0.01608	0.00989	0.72372	0.02456	0.03316	0.01311	0.01323	0.00935	0.00643	0.00529	0.00159	0.00574	0.00484	0.04590	0.00893
39	0.00688	0.00493	0.00647	0.00759	0.00800	0.00466	0.00511	0.02590	0.01064	0.01420	0.02918	0.78838	0.03486	0.01656	0.00682	0.00217	0.00318	0.01500	0.00499	0.00448
40	0.01077	0.02777	0.78354	0.01530	0.02323	0.01247	0.01983	0.01700	0.01133	0.01700	0.00963	0.01133	0.00680	0.00510	0.00510	0.00170	0.00793	0.00397	0.00227	0.00793
41	0.03696	0.02221	0.01594	0.01565	0.10342	0.56828	0.01095	0.13178	0.01625	0.01698	0.00918	0.01055	0.00741	0.00557	0.00494	0.00145	0.00862	0.00380	0.00316	0.00691
42	0.01186	0.00674	0.00915	0.00925	0.01113	0.00640	0.00777	0.01431	0.02613	0.18794	0.07679	0.10627	0.05954	0.01271	0.00677	0.00218	0.00445	0.42931	0.00540	0.00589
43	0.01786	0.01285	0.01369	0.01085	0.01447	0.01418	0.00885	0.55765	0.08555	0.03027	0.01451	0.01483	0.01061	0.00648	0.00507	0.00156	0.00513	0.00497	0.16232	0.00830
44	0.01622	0.01168	0.01325	0.00987	0.01439	0.01101	0.00805	0.31158	0.01720	0.10683	0.01213	0.01260	0.00900	0.00525	0.00468	0.00121	0.00481	0.00408	0.00443	0.42173
45	0.00678	0.00495	0.00677	0.04046	0.00908	0.00480	0.00547	0.00792	0.01041	0.01394	0.05541	0.71426	0.03397	0.01709	0.03905	0.00241	0.00373	0.01423	0.00482	0.00447
46	0.01435	0.81458	0.02813	0.00918	0.01378	0.02124	0.00918	0.01607	0.01091	0.01263	0.00746	0.00861	0.00689	0.00459	0.00344	0.00115	0.00574	0.00287	0.00230	0.00689
47	0.01722	0.00969	0.01278	0.01272	0.11881	0.02184	0.00892	0.08292	0.06884	0.34790	0.11728	0.02511	0.04799	0.00798	0.00572	0.00174	0.00470	0.07445	0.00552	0.00787
48	0.01247	0.00695	0.00894	0.00780	0.01000	0.00647	0.00607	0.01584	0.07469	0.22661	0.48999	0.03297	0.05993	0.00959	0.00601	0.00170	0.00322	0.00831	0.00604	0.00642
49	0.04875	0.00730	0.00927	0.00790	0.01038	0.00676	0.00623	0.03161	0.03425	0.28501	0.41840	0.03062	0.06296	0.00914	0.00584	0.00168	0.00343	0.00780	0.00600	0.00666
50	0.09949	0.52561	0.06114	0.00992	0.01437	0.08996	0.00947	0.07780	0.01234	0.01598	0.00817	0.00930	0.00700	0.00487	0.00382	0.00127	0.00600	0.00316	0.00273	0.03760
51	0.00926	0.00468	0.00695	0.00695	0.00695	0.00468	0.00460	0.00703	0.00703	0.00937	0.00964	0.01710	0.00975	0.05169	0.02124	0.80887	0.00468	0.00479	0.00237	0.00237
52	0.01809	0.02170	0.01629	0.06032	0.08485	0.56273	0.02503	0.05458	0.01454	0.01459	0.00869	0.01067	0.00721	0.00580	0.00601	0.00152	0.07416	0.00387	0.00282	0.00654
53	0.10901	0.01275	0.01405	0.01121	0.01491	0.03684	0.03851	0.42175	0.03486	0.11781	0.01508	0.10358	0.01228	0.00735	0.00531	0.00167	0.00540	0.00588	0.00502	0.02674
54	0.01621	0.04730	0.01654	0.01612	0.15687	0.21191	0.02451	0.17165	0.14637	0.02017	0.01246	0.01431	0.01000	0.00614	0.00567	0.00158	0.03975	0.02329	0.00379	0.05536
55	0.01328	0.05593	0.01157	0.00905	0.01130	0.04164	0.00680	0.27356	0.04299	0.01997	0.01641	0.09243	0.03126	0.30062	0.01334	0.00291	0.00534	0.00679	0.00419	0.04061

[dist]
# distance from previous block
# <min> <max>
0	1

[block]
# block no. 1 follows, 45 sequences, length 80
# corresponding to MSA columns:
# 133-212
name=unknown_B
#
# <colnr> <probs for GDERKNQSTAVLIFYWHMCP>
#	G	D	E	R	K	N	Q	S	T	A	V	L	I	F	Y	W	H	M	C	P
0	0.20864	0.38178	0.05928	0.03236	0.01449	0.05487	0.02937	0.01596	0.02568	0.01599	0.00942	0.01098	0.02991	0.00558	0.00526	0.00150	0.08609	0.00361	0.00272	0.00650
1	0.01239	0.03959	0.01220	0.00884	0.01300	0.02799	0.02190	0.07647	0.09718	0.01933	0.01187	0.01306	0.00949	0.00484	0.00428	0.00107	0.00433	0.00387	0.08344	0.53486
2	0.05867	0.02367	0.02959	0.00913	0.01274	0.00799	0.00763	0.02190	0.02906	0.53657	0.11666	0.05002	0.01865	0.00758	0.00545	0.00168	0.00433	0.02540	0.00600	0.02727
3	0.01248	0.01356	0.10347	0.30016	0.27870	0.02842	0.01487	0.06511	0.09707	0.01763	0.01131	0.01409	0.00872	0.00543	0.00532	0.00170	0.00663	0.00481	0.00301	0.00753
4	0.01314	0.01247	0.02100	0.11625	0.67513	0.01277	0.01612	0.03722	0.01243	0.01758	0.01012	0.01339	0.00837	0.00489	0.00532	0.00162	0.00645	0.00478	0.00270	0.00824
5	0.00670	0.00546	0.00595	0.00599	0.00762	0.00471	0.00454	0.00830	0.01268	0.01577	0.17586	0.07720	0.58280	0.01333	0.00642	0.00184	0.00283	0.05225	0.00514	0.00464
6	0.00799	0.00574	0.00721	0.00676	0.00822	0.00530	0.00510	0.01071	0.03612	0.03899	0.63823	0.04056	0.14661	0.01112	0.00629	0.00171	0.00266	0.00972	0.00579	0.00519
7	0.00718	0.00545	0.00649	0.00624	0.00762	0.00489	0.00461	0.00915	0.01371	0.01840	0.47904	0.04376	0.29821	0.06252	0.00766	0.00195	0.00277	0.01015	0.00542	0.00477
8	0.00696	0.00544	0.00633	0.00684	0.00815	0.00489	0.00523	0.00844	0.01177	0.01466	0.05565	0.20262	0.42763	0.04351	0.00744	0.00215	0.00336	0.16946	0.00493	0.00455
9	0.01358	0.01148	0.01214	0.01089	0.01395	0.01323	0.00848	0.02847	0.75205	0.03871	0.02183	0.01999	0.01632	0.00727	0.00546	0.00182	0.00426	0.00605	0.00549	0.00851
10	0.01995	0.01445	0.01553	0.01199	0.01614	0.01594	0.00987	0.69872	0.04194	0.05023	0.01346	0.01344	0.00956	0.00646	0.00531	0.00160	0.00571	0.00488	0.03585	0.00896
11	0.01076	0.00986	0.01611	0.61073	0.11656	0.01195	0.01418	0.02786	0.01107	0.01484	0.00999	0.01436	0.00772	0.00559	0.00592	0.00176	0.04882	0.00478	0.05089	0.00625
12	0.00654	0.00467	0.00623	0.00747	0.00779	0.00436	0.00498	0.00747	0.01028	0.01370	0.02959	0.80785	0.03550	0.01682	0.00685	0.00218	0.00311	0.01526	0.00498	0.00436
13	0.00654	0.00467	0.00623	0.00747	0.00779	0.00436	0.00498	0.00747	0.01028	0.01370	0.02959	0.80785	0.03550	0.01682	0.00685	0.00218	0.00311	0.01526	0.00498	0.00436
14	0.01927	0.01544	0.01534	0.01218	0.01613	0.08970	0.00989	0.59105	0.10718	0.03016	0.01437	0.01424	0.02668	0.00661	0.00535	0.00162	0.00601	0.00498	0.00512	0.00868
15	0.01427	0.79053	0.02778	0.00933	0.01379	0.02110	0.00926	0.01598	0.01083	0.01264	0.00745	0.00870	0.00689	0.00474	0.00387	0.00118	0.02958	0.00293	0.00230	0.00686
16	0.02309	0.00980	0.01278	0.00983	0.01392	0.00896	0.00811	0.12250	0.01666	0.65943	0.04337	0.01823	0.01389	0.00675	0.00542	0.00166	0.00468	0.00546	0.00645	0.00901
17	0.01174	0.01174	0.01644	0.01409	0.01409	0.01644	0.01174	0.01292	0.00822	0.01292	0.00705	0.01174	0.00705	0.00940	0.01762	0.00235	0.80153	0.00470	0.00235	0.00587
18	0.01025	0.00954	0.01554	0.70994	0.03426	0.01139	0.01395	0.01369	0.01078	0.01414	0.00954	0.01396	0.00724	0.00521	0.00521	0.00168	0.00680	0.00459	0.00247	0.09981
19	0.00824	0.00657	0.00963	0.00931	0.01010	0.00802	0.00731	0.01000	0.00855	0.01247	0.01343	0.02019	0.01271	0.05813	0.66094	0.00766	0.12338	0.00566	0.00281	0.00490
20	0.00695	0.00570	0.00618	0.00621	0.00793	0.00503	0.00478	0.00900	0.03599	0.01583	0.14702	0.04999	0.58454	0.01317	0.00642	0.00186	0.00295	0.08057	0.00512	0.00476
21	0.00656	0.00474	0.00620	0.00733	0.00776	0.00439	0.00493	0.00756	0.01053	0.01396	0.05074	0.73930	0.08327	0.01646	0.00681	0.00214	0.00307	0.01486	0.00501	0.00439
22	0.01014	0.00954	0.01610	0.79845	0.03697	0.01193	0.01491	0.01371	0.01073	0.01371	0.00954	0.01431	0.00716	0.00537	0.00537	0.00179	0.00716	0.00477	0.00239	0.00596
23	0.01001	0.00500	0.00500	0.00500	0.00625	0.00500	0.00375	0.01251	0.01126	0.02001	0.01751	0.02001	0.01376	0.00625	0.00375	0.00125	0.00250	0.00500	0.84115	0.00500
24	0.00654	0.00467	0.00623	0.00747	0.00779	0.00436	0.00498	0.00747	0.01028	0.01370	0.02959	0.80785	0.03550	0.01682	0.00685	0.00218	0.00311	0.01526	0.00498	0.00436
25	0.15976	0.01293	0.01372	0.09902	0.01713	0.03495	0.00950	0.37722	0.12254	0.06192	0.01403	0.01437	0.02696	0.00634	0.00504	0.00167	0.00548	0.00480	0.00468	0.00794
26	0.01532	0.01240	0.02368	0.01101	0.01398	0.10769	0.00888	0.08404	0.34955	0.13045	0.02043	0.04555	0.01691	0.00836	0.00572	0.00184	0.00524	0.12614	0.00515	0.00766
27	0.01134	0.01098	0.01476	0.01293	0.01313	0.02948	0.01054	0.03183	0.00906	0.01349	0.01045	0.11539	0.01117	0.03537	0.01596	0.00238	0.63713	0.00614	0.00281	0.00569
28	0.13832	0.01339	0.09634	0.16658	0.04577	0.01220	0.29184	0.03317	0.02685	0.03329	0.01080	0.02787	0.00840	0.00610	0.02596	0.00190	0.00730	0.00518	0.00296	0.04579
29	0.20709	0.01164	0.01177	0.01018	0.01317	0.04279	0.00815	0.14395	0.26373	0.07877	0.04266	0.03889	0.01351	0.00773	0.01945	0.00189	0.05528	0.01726	0.00469	0.00741
30	0.03161	0.00560	0.00698	0.00664	0.00800	0.00519	0.00498	0.00995	0.01455	0.02060	0.65187	0.06453	0.12707	0.01127	0.00626	0.00172	0.00262	0.00986	0.00571	0.00501
31	0.03468	0.01085	0.03118	0.15626	0.10441	0.01157	0.11793	0.13317	0.01313	0.01867	0.01354	0.12100	0.01225	0.00767	0.00703	0.02155	0.08327	0.00637	0.08890	0.00657
32	0.01273	0.01175	0.01826	0.11191	0.01937	0.01402	0.16549	0.12363	0.01223	0.01758	0.01014	0.01380	0.00837	0.00813	0.03462	0.00216	0.32825	0.00512	0.07588	0.00654
33	0.00990	0.00500	0.00504	0.00507	0.00628	0.00499	0.00377	0.01233	0.01118	0.01972	0.01774	0.03574	0.01429	0.02047	0.00422	0.00134	0.00256	0.00525	0.81015	0.00496
34	0.01487	0.01054	0.01179	0.01035	0.01343	0.01153	0.00822	0.07546	0.47914	0.15368	0.02305	0.02330	0.05789	0.00891	0.02984	0.00203	0.00468	0.04765	0.00553	0.00812
35	0.00678	0.00545	0.00604	0.00589	0.00752	0.00472	0.00442	0.00854	0.01326	0.01693	0.30381	0.04766	0.52474	0.01269	0.00634	0.00177	0.00265	0.01077	0.00530	0.00472
36	0.00779	0.00511	0.00630	0.00651	0.00668	0.00515	0.00405	0.00793	0.00828	0.01123	0.01793	0.16003	0.02032	0.49780	0.09857	0.09886	0.00565	0.00844	0.01985	0.00352
37	0.01310	0.01131	0.01189	0.01072	0.01371	0.01303	0.00834	0.02777	0.74063	0.02217	0.02303	0.02118	0.04405	0.00751	0.00549	0.00182	0.00419	0.00626	0.00544	0.00835
38	0.01922	0.01296	0.01415	0.01099	0.01488	0.01396	0.00902	0.56571	0.02201	0.11183	0.01430	0.01435	0.01015	0.00638	0.00513	0.00155	0.00527	0.00488	0.11447	0.02879
39	0.00640	0.00546	0.00552	0.00555	0.00735	0.00457	0.00420	0.00779	0.01224	0.01454	0.05370	0.05189	0.75613	0.01363	0.00637	0.00183	0.00278	0.03051	0.00498	0.00454
40	0.02041	0.01504	0.01611	0.01235	0.01665	0.01665	0.01020	0.75997	0.02524	0.03383	0.01289	0.01289	0.00913	0.00644	0.00537	0.00161	0.00591	0.00483	0.00537	0.00913
41	0.01077	0.02777	0.78354	0.01530	0.02323	0.01247	0.01983	0.01700	0.01133	0.01700	0.00963	0.01133	0.00680	0.00510	0.00510	0.00170	0.00793	0.00397	0.00227	0.00793
42	0.08865	0.00941	0.09434	0.00802	0.01072	0.00770	0.00710	0.01344	0.13133	0.01848	0.18927	0.03604	0.31372	0.01033	0.00582	0.00179	0.00374	0.03953	0.00479	0.00579
43	0.24024	0.01028	0.01176	0.00928	0.01324	0.01019	0.00766	0.12460	0.01509	0.47961	0.01644	0.01502	0.01075	0.00618	0.00485	0.00165	0.00464	0.00467	0.00560	0.00826
44	0.01174	0.01174	0.01644	0.01409	0.01409	0.01644	0.01174	0.01292	0.00822	0.01292	0.00705	0.01174	0.00705	0.00940	0.01762	0.00235	0.80153	0.00470	0.00235	0.00587
45	0.11330	0.01437	0.01510	0.01169	0.01587	0.01592	0.00966	0.65882	0.02320	0.05090	0.01248	0.01255	0.00886	0.00629	0.00514	0.00162	0.00568	0.00463	0.00517	0.00876
46	0.02145	0.00918	0.01197	0.00946	0.01323	0.00840	0.00771	0.04275	0.09275	0.61594	0.07018	0.01979	0.01596	0.00698	0.00542	0.00167	0.00438	0.00572	0.02836	0.00870
47	0.00830	0.02757	0.00950	0.00876	0.00971	0.00786	0.00686	0.00999	0.00894	0.01285	0.01625	0.04008	0.05684	0.07210	0.55110	0.00673	0.10044	0.00617	0.03508	0.00487
48	0.01113	0.00852	0.01007	0.00773	0.01156	0.00678	0.00610	0.01372	0.03197	0.07500	0.11956	0.03322	0.09126	0.00639	0.00473	0.00113	0.00369	0.00532	0.00408	0.54804
49	0.02953	0.68136	0.10428	0.01000	0.01482	0.05735	0.01027	0.01642	0.01113	0.01331	0.00772	0.00894	0.00686	0.00470	0.00368	0.00123	0.00613	0.00301	0.00233	0.00694
50	0.01912	0.01431	0.01533	0.01204	0.01607	0.01590	0.00985	0.64302	0.12510	0.03181	0.01450	0.03316	0.01075	0.00681	0.00542	0.00165	0.00562	0.00525	0.00537	0.00893
51	0.01217	0.01016	0.01169	0.00844	0.01316	0.00822	0.00679	0.09709	0.01271	0.01932	0.00992	0.01133	0.00808	0.00425	0.00413	0.00089	0.00419	0.00337	0.00343	0.75067
52	0.00670	0.00474	0.00618	0.00726	0.00753	0.00447	0.00476	0.00752	0.00996	0.01327	0.02793	0.70718	0.03342	0.12033	0.00952	0.00257	0.00339	0.01429	0.00476	0.00422
53	0.84927	0.01038	0.00789	0.00706	0.01038	0.01204	0.00581	0.01578	0.00914	0.02408	0.00747	0.00872	0.00581	0.00498	0.00332	0.00166	0.00415	0.00291	0.00332	0.00581
54	0.01066	0.00903	0.01060	0.00795	0.01219	0.00696	0.00625	0.01312	0.02514	0.01716	0.01201	0.10050	0.01119	0.00547	0.00433	0.00097	0.00388	0.00459	0.00342	0.73457
55	0.10783	0.72454	0.02586	0.00895	0.01340	0.02021	0.00881	0.01604	0.01071	0.01391	0.00746	0.00862	0.00677	0.00464	0.00343	0.00121	0.00556	0.00287	0.00241	0.00677
56	0.02408	0.00914	0.01246	0.00955	0.01370	0.00789	0.00789	0.02616	0.01536	0.78158	0.02118	0.01827	0.01329	0.00664	0.00540	0.00166	0.00457	0.00540	0.00664	0.00914
57	0.00776	0.00538	0.00673	0.00673	0.00703	0.00568	0.00434	0.00837	0.00806	0.01106	0.01611	0.03070	0.01759	0.56829	0.26775	0.00628	0.00810	0.00716	0.00313	0.00374
58	0.01131	0.01126	0.01651	0.37518	0.02496	0.04133	0.02650	0.01366	0.00970	0.01337	0.00831	0.01290	0.00711	0.00732	0.01133	0.00205	0.39415	0.00472	0.00239	0.00595
59	0.01117	0.11586	0.69896	0.01461	0.02217	0.01345	0.01864	0.01690	0.01129	0.01651	0.00939	0.01103	0.00681	0.00504	0.00491	0.00164	0.00769	0.00384	0.00227	0.00782
60	0.00767	0.00575	0.00863	0.00863	0.00959	0.00671	0.00671	0.00959	0.00863	0.01246	0.01438	0.02109	0.01342	0.04026	0.79008	0.00863	0.01438	0.00575	0.00288	0.00479
61	0.01119	0.02485	0.63176	0.01773	0.10783	0.01266	0.06740	0.01686	0.01145	0.01698	0.00971	0.01177	0.00708	0.00512	0.00549	0.00171	0.02593	0.00423	0.00234	0.00790
62	0.01661	0.01296	0.01378	0.01129	0.01491	0.01448	0.00909	0.41678	0.31842	0.02795	0.01939	0.01848	0.06665	0.00729	0.00548	0.00171	0.00502	0.00579	0.00538	0.00855
63	0.00809	0.00583	0.00733	0.00802	0.00878	0.00574	0.00557	0.09173	0.01195	0.01596	0.02772	0.71884	0.03255	0.01566	0.00669	0.00212	0.00343	0.01409	0.00503	0.00489
64	0.00654	0.00467	0.00623	0.00747	0.00779	0.00436	0.00498	0.00747	0.01028	0.01370	0.02959	0.80785	0.03550	0.01682	0.00685	0.00218	0.00311	0.01526	0.00498	0.00436
65	0.00749	0.00584	0.00691	0.00710	0.00821	0.02236	0.00511	0.00967	0.03832	0.01749	0.35444	0.31399	0.15663	0.01322	0.00646	0.00188	0.00298	0.01168	0.00535	0.00487
66	0.01229	0.01378	0.02955	0.10926	0.02875	0.01325	0.66374	0.01666	0.01242	0.01675	0.01100	0.02645	0.00845	0.00480	0.00623	0.00181	0.00875	0.00629	0.00271	0.00705
67	0.01435	0.81458	0.02813	0.00918	0.01378	0.02124	0.00918	0.01607	0.01091	0.01263	0.00746	0.00861	0.00689	0.00459	0.00344	0.00115	0.00574	0.00287	0.00230	0.00689
68	0.00805	0.00636	0.00925	0.00910	0.00984	0.00761	0.00704	0.00971	0.00874	0.01260	0.01524	0.10842	0.01527	0.05564	0.58500	0.00703	0.11047	0.00674	0.00306	0.00483
69	0.01287	0.06727	0.56621	0.01438	0.02108	0.08734	0.01703	0.10042	0.01326	0.01826	0.01020	0.01236	0.00764	0.00549	0.00507	0.00165	0.00769	0.02127	0.00273	0.00778
70	0.01226	0.02568	0.69721	0.01466	0.02217	0.01195	0.01850	0.01803	0.01178	0.10261	0.01093	0.01211	0.00753	0.00527	0.00513	0.00170	0.00756	0.00413	0.00276	0.00807
71	0.00860	0.00657	0.00824	0.00847	0.00930	0.00692	0.00611	0.09227	0.01184	0.01586	0.02708	0.57021	0.08333	0.03294	0.00814	0.00218	0.07955	0.01263	0.00474	0.00503
72	0.01140	0.00820	0.00964	0.00944	0.03846	0.02624	0.00687	0.05138	0.17017	0.09704	0.21678	0.15423	0.07815	0.04981	0.00711	0.00200	0.00393	0.04757	0.00528	0.00630
73	0.06073	0.01223	0.04009	0.13159	0.46177	0.03568	0.01408	0.01706	0.01225	0.10279	0.01176	0.01513	0.00940	0.00545	0.00523	0.00165	0.00617	0.02676	0.02240	0.00780
74	0.01319	0.01362	0.04526	0.06614	0.61514	0.03513	0.09939	0.01659	0.01226	0.01718	0.01009	0.01330	0.00830	0.00481	0.00541	0.00162	0.00685	0.00489	0.00264	0.00816
75	0.04584	0.01193	0.01292	0.04660	0.01438	0.06138	0.00866	0.28386	0.02812	0.04378	0.01234	0.01525	0.01004	0.06724	0.05245	0.00224	0.10046	0.00479	0.07698	0.10074
76	0.10372	0.10204	0.24597	0.03044	0.14943	0.05545	0.03279	0.09908	0.01289	0.01868	0.01161	0.09266	0.01024	0.00634	0.00500	0.00165	0.00641	0.00518	0.00312	0.00731
77	0.10600	0.01190	0.04198	0.05074	0.26430	0.03260	0.03852	0.01875	0.22229	0.01895	0.01650	0.05967	0.03667	0.00705	0.00539	0.00177	0.00544	0.05023	0.00382	0.00741
78	0.12953	0.04277	0.03303	0.05385	0.28578	0.11139	0.01124	0.08672	0.01325	0.01866	0.03253	0.06235	0.08348	0.00677	0.00512	0.00163	0.00587	0.00561	0.00342	0.00701
79	0.06514	0.05934	0.07346	0.01154	0.03234	0.05266	0.00969	0.35930	0.01774	0.06586	0.01385	0.10197	0.01188	0.03121	0.00611	0.00173	0.02323	0.00567	0.00442	0.05285

[dist]
# distance from previous block
# <min> <max>
11	61

[block]
# block no. 2 follows, 45 sequences, length 45
# corresponding to MSA columns:
# 285-329
name=unknown_C
#
# <colnr> <probs for GDERKNQSTAVLIFYWHMCP>
#	G	D	E	R	K	N	Q	S	T	A	V	L	I	F	Y	W	H	M	C	P
0	0.04038	0.06630	0.36601	0.01369	0.05949	0.01282	0.01404	0.17338	0.02606	0.06480	0.07546	0.01477	0.01176	0.00703	0.02931	0.00185	0.00667	0.00475	0.00360	0.00783
1	0.09206	0.37910	0.05330	0.01116	0.03460	0.04674	0.06725	0.03821	0.04218	0.09730	0.01029	0.01118	0.00814	0.00501	0.00422	0.00135	0.00577	0.00374	0.00320	0.08516
2	0.14637	0.02680	0.08480	0.07582	0.10070	0.01119	0.00995	0.16174	0.01453	0.05599	0.14305	0.06245	0.05279	0.00752	0.00553	0.00170	0.02186	0.00612	0.00420	0.00689
3	0.40734	0.01010	0.03703	0.08439	0.01362	0.01063	0.00757	0.09233	0.01152	0.07707	0.05515	0.01356	0.01009	0.00784	0.00695	0.13631	0.00477	0.00419	0.00365	0.00589
4	0.01320	0.01377	0.07940	0.04857	0.23264	0.01256	0.24325	0.06386	0.06780	0.04216	0.01196	0.03239	0.00951	0.00545	0.00594	0.00167	0.03149	0.00543	0.00322	0.07571
5	0.09047	0.01174	0.02914	0.26781	0.37280	0.03179	0.01410	0.01658	0.01183	0.08793	0.01066	0.01353	0.00821	0.00518	0.00514	0.00166	0.00636	0.00462	0.00300	0.00745
6	0.00706	0.00522	0.00678	0.00753	0.00834	0.00468	0.00514	0.00816	0.01037	0.01413	0.02732	0.71785	0.03239	0.01537	0.00653	0.00202	0.00321	0.01390	0.00478	0.09922
7	0.01320	0.01010	0.01259	0.01206	0.08626	0.03431	0.03819	0.21500	0.03618	0.06553	0.25813	0.07749	0.06132	0.00909	0.00594	0.00173	0.00463	0.04628	0.00510	0.00686
8	0.00790	0.00557	0.00707	0.00667	0.00808	0.00506	0.00501	0.01022	0.01467	0.04376	0.63336	0.05791	0.15189	0.01134	0.00632	0.00172	0.00263	0.00993	0.00578	0.00510
9	0.01707	0.01429	0.08565	0.01160	0.01563	0.01402	0.01007	0.47347	0.11346	0.05859	0.01624	0.03329	0.04167	0.03784	0.03041	0.00202	0.00588	0.00555	0.00497	0.00830
10	0.00750	0.00541	0.00709	0.00682	0.00800	0.00500	0.00506	0.00988	0.01474	0.02080	0.70566	0.11155	0.04924	0.01152	0.00638	0.00173	0.00259	0.01022	0.00582	0.00500
11	0.01220	0.02749	0.01642	0.05240	0.08633	0.03836	0.04973	0.04542	0.04463	0.01536	0.01014	0.03523	0.00918	0.00921	0.04031	0.00227	0.43886	0.00513	0.05497	0.00634
12	0.01174	0.01174	0.01644	0.01409	0.01409	0.01644	0.01174	0.01292	0.00822	0.01292	0.00705	0.01174	0.00705	0.00940	0.01762	0.00235	0.80153	0.00470	0.00235	0.00587
13	0.00781	0.00520	0.00585	0.00585	0.00585	0.00520	0.00325	0.00781	0.00781	0.01041	0.01691	0.03513	0.01952	0.81135	0.02732	0.00520	0.00520	0.00781	0.00325	0.00325
14	0.01113	0.00954	0.01113	0.00795	0.01272	0.00716	0.00636	0.01352	0.01113	0.01749	0.00954	0.01113	0.00795	0.00398	0.00398	0.00080	0.00398	0.00318	0.00318	0.84417
15	0.00847	0.00598	0.00815	0.00926	0.01036	0.00594	0.00775	0.02326	0.01211	0.01604	0.02799	0.20997	0.03082	0.01477	0.00713	0.00235	0.00450	0.55426	0.03598	0.00490
16	0.00672	0.00548	0.00598	0.00609	0.00772	0.00474	0.00466	0.00830	0.01252	0.01546	0.13720	0.08130	0.59006	0.01352	0.00646	0.00187	0.00292	0.07927	0.00509	0.00463
17	0.00682	0.00499	0.00604	0.00676	0.00735	0.00462	0.00452	0.00769	0.01024	0.01325	0.03228	0.46400	0.19217	0.18184	0.01103	0.00274	0.00351	0.03138	0.00462	0.00418
18	0.01173	0.00667	0.00684	0.00622	0.00798	0.00693	0.00482	0.13641	0.01357	0.02230	0.01674	0.01883	0.01299	0.00629	0.00402	0.00131	0.00307	0.00497	0.70261	0.00569
19	0.01292	0.01002	0.01169	0.00847	0.01316	0.00809	0.00683	0.08389	0.01275	0.07356	0.01068	0.01180	0.00844	0.00440	0.00421	0.00093	0.00420	0.00349	0.00363	0.70684
20	0.00710	0.00514	0.00589	0.00619	0.00679	0.00481	0.00397	0.00779	0.00986	0.01274	0.06003	0.23421	0.21942	0.37393	0.01593	0.00343	0.00393	0.01067	0.00424	0.00393
21	0.01910	0.01439	0.01537	0.01209	0.01615	0.01604	0.00989	0.62449	0.16284	0.03172	0.01455	0.01421	0.01047	0.00660	0.00539	0.00165	0.00560	0.00506	0.00539	0.00901
22	0.01269	0.01069	0.01305	0.04063	0.08544	0.00940	0.00824	0.12076	0.03678	0.01984	0.01045	0.01198	0.00840	0.00456	0.00440	0.00105	0.00460	0.00371	0.00349	0.58985
23	0.03326	0.01100	0.01651	0.59042	0.11786	0.03988	0.01426	0.08380	0.01237	0.01627	0.00982	0.01376	0.00745	0.00540	0.00529	0.00173	0.00696	0.00468	0.00273	0.00655
24	0.01060	0.00652	0.00809	0.00746	0.00901	0.00629	0.00545	0.01366	0.08971	0.13356	0.34789	0.10542	0.04754	0.17257	0.01040	0.00246	0.00361	0.00885	0.00533	0.00559
25	0.00781	0.00520	0.00585	0.00585	0.00585	0.00520	0.00325	0.00781	0.00781	0.01041	0.01691	0.03513	0.01952	0.81135	0.02732	0.00520	0.00520	0.00781	0.00325	0.00325
26	0.00757	0.00549	0.00714	0.00672	0.00800	0.00505	0.00504	0.01007	0.01513	0.02137	0.75874	0.04036	0.06704	0.01103	0.00633	0.00169	0.00254	0.00974	0.00589	0.00505
27	0.00667	0.00472	0.00619	0.00731	0.00759	0.00444	0.00481	0.00751	0.01003	0.01338	0.02833	0.73097	0.03391	0.09586	0.00889	0.00248	0.00332	0.01452	0.00481	0.00425
28	0.01113	0.00954	0.01113	0.00795	0.01272	0.00716	0.00636	0.01352	0.01113	0.01749	0.00954	0.01113	0.00795	0.00398	0.00398	0.00080	0.00398	0.00318	0.00318	0.84417
29	0.02041	0.01504	0.01611	0.01235	0.01665	0.01665	0.01020	0.75997	0.02524	0.03383	0.01289	0.01289	0.00913	0.00644	0.00537	0.00161	0.00591	0.00483	0.00537	0.00913
30	0.11861	0.02389	0.59333	0.01541	0.04323	0.01252	0.08599	0.01685	0.01120	0.01794	0.00948	0.01134	0.00685	0.00502	0.00499	0.00170	0.00751	0.00407	0.00245	0.00761
31	0.84927	0.01038	0.00789	0.00706	0.01038	0.01204	0.00581	0.01578	0.00914	0.02408	0.00747	0.00872	0.00581	0.00498	0.00332	0.00166	0.00415	0.00291	0.00332	0.00581
32	0.01772	0.01194	0.01324	0.01073	0.01434	0.01278	0.00866	0.36769	0.18866	0.16429	0.02063	0.05117	0.07812	0.00770	0.00554	0.00171	0.00491	0.00619	0.00557	0.00840
33	0.00731	0.00545	0.00681	0.00666	0.00797	0.00495	0.00500	0.00949	0.01413	0.01932	0.54522	0.09593	0.19867	0.01207	0.00641	0.00178	0.00271	0.03961	0.00562	0.00490
34	0.06070	0.00950	0.01233	0.00957	0.01360	0.00864	0.00788	0.06506	0.03635	0.67032	0.03558	0.01804	0.01358	0.00666	0.00532	0.00166	0.00457	0.00536	0.00638	0.00888
35	0.01124	0.07632	0.63881	0.01585	0.02325	0.01317	0.11392	0.01697	0.01148	0.01675	0.00965	0.01156	0.00698	0.00499	0.00515	0.00168	0.00794	0.00420	0.00233	0.00778
36	0.10006	0.01056	0.01284	0.00994	0.01405	0.01022	0.00821	0.18812	0.01698	0.54506	0.01806	0.01619	0.01167	0.00644	0.00520	0.00165	0.00483	0.00504	0.00605	0.00882
37	0.01134	0.00777	0.00938	0.00819	0.01031	0.00809	0.02359	0.15445	0.01310	0.01980	0.01522	0.04292	0.01294	0.03796	0.22272	0.00347	0.00683	0.00544	0.30267	0.08381
38	0.00654	0.00467	0.00623	0.00747	0.00779	0.00436	0.00498	0.00747	0.01028	0.01370	0.02959	0.80785	0.03550	0.01682	0.00685	0.00218	0.00311	0.01526	0.00498	0.00436
39	0.01974	0.01442	0.01613	0.01239	0.01660	0.01580	0.03765	0.66295	0.04741	0.05883	0.01351	0.01356	0.00959	0.00640	0.00536	0.00162	0.00583	0.00495	0.02834	0.00893
40	0.04272	0.01552	0.01365	0.08413	0.01671	0.26283	0.00963	0.10489	0.16707	0.12088	0.03700	0.01645	0.03120	0.00675	0.00569	0.00165	0.03600	0.01572	0.00427	0.00725
41	0.04330	0.15624	0.27724	0.01534	0.06462	0.06063	0.13168	0.01603	0.01116	0.01557	0.00954	0.01222	0.00774	0.00856	0.07905	0.00229	0.07488	0.00436	0.00250	0.00703
42	0.01248	0.01292	0.01824	0.03205	0.01651	0.06178	0.10418	0.02822	0.00956	0.01388	0.00776	0.01204	0.00722	0.00842	0.01496	0.00220	0.62415	0.00483	0.00248	0.00613
43	0.05161	0.21078	0.54829	0.01397	0.04161	0.01451	0.01658	0.01671	0.01115	0.01633	0.00904	0.01063	0.00682	0.00497	0.00463	0.00157	0.00720	0.00368	0.00233	0.00760
44	0.03174	0.44537	0.04540	0.01080	0.01458	0.21004	0.00968	0.01823	0.08225	0.01404	0.00932	0.01060	0.00800	0.00659	0.03371	0.00162	0.03499	0.00352	0.00275	0.00677

[dist]
# distance from previous block
# <min> <max>
0	1

[block]
# block no. 3 follows, 45 sequences, length 16
# corresponding to MSA columns:
# 331-346
name=unknown_D
#
# <colnr> <probs for GDERKNQSTAVLIFYWHMCP>
#	G	D	E	R	K	N	Q	S	T	A	V	L	I	F	Y	W	H	M	C	P
0	0.02111	0.01391	0.01541	0.01182	0.01609	0.01498	0.00976	0.62037	0.02336	0.17608	0.01446	0.01391	0.00992	0.00648	0.00538	0.00162	0.00565	0.00494	0.00561	0.00913
1	0.00674	0.00502	0.00629	0.00698	0.00780	0.00457	0.00490	0.00808	0.01160	0.01529	0.16355	0.49412	0.19586	0.01507	0.00667	0.00202	0.00298	0.03280	0.00514	0.00453
2	0.06635	0.01466	0.01552	0.01201	0.01621	0.01628	0.00990	0.69484	0.04838	0.03292	0.01288	0.01289	0.00918	0.00639	0.00526	0.00162	0.00576	0.00477	0.00526	0.00892
3	0.01167	0.00960	0.01354	0.01017	0.01394	0.00824	0.12469	0.05303	0.01168	0.05220	0.01263	0.04945	0.01153	0.15136	0.00884	0.00190	0.00509	0.00521	0.00347	0.44174
4	0.80214	0.01011	0.00785	0.00704	0.01025	0.01165	0.00577	0.01546	0.00947	0.02394	0.05045	0.01048	0.00832	0.00532	0.00349	0.00166	0.00406	0.00329	0.00347	0.00577
5	0.00654	0.00467	0.00623	0.00747	0.00779	0.00436	0.00498	0.00747	0.01028	0.01370	0.02959	0.80785	0.03550	0.01682	0.00685	0.00218	0.00311	0.01526	0.00498	0.00436
6	0.01113	0.00954	0.01113	0.00795	0.01272	0.00716	0.00636	0.01352	0.01113	0.01749	0.00954	0.01113	0.00795	0.00398	0.00398	0.00080	0.00398	0.00318	0.00318	0.84417
7	0.10436	0.01067	0.01178	0.00886	0.01318	0.00976	0.00718	0.18259	0.01447	0.05575	0.04609	0.01292	0.01020	0.00508	0.00439	0.00115	0.00439	0.00392	0.00397	0.48928
8	0.00656	0.00522	0.00590	0.00621	0.00751	0.00455	0.00447	0.00795	0.01204	0.01518	0.14072	0.27373	0.46261	0.01421	0.00649	0.00191	0.00281	0.01228	0.00510	0.00455
9	0.06518	0.10049	0.01605	0.01113	0.01509	0.01591	0.00928	0.57436	0.02144	0.02938	0.01236	0.01349	0.00936	0.04349	0.00600	0.00172	0.00563	0.00466	0.03672	0.00827
10	0.01336	0.01210	0.01171	0.01050	0.01334	0.08673	0.00814	0.07282	0.51996	0.02120	0.05201	0.02277	0.09843	0.00859	0.02234	0.00190	0.00487	0.00644	0.00511	0.00768
11	0.72132	0.01099	0.00941	0.00882	0.04615	0.01257	0.00678	0.09637	0.01102	0.02484	0.00818	0.00938	0.00630	0.00513	0.00363	0.00165	0.00444	0.00320	0.00351	0.00630
12	0.01284	0.00884	0.01129	0.05183	0.07692	0.00913	0.00813	0.13007	0.11841	0.12344	0.09069	0.27316	0.04186	0.01031	0.00597	0.00185	0.00432	0.00902	0.00509	0.00681
13	0.01281	0.04615	0.01164	0.00903	0.01235	0.00937	0.00719	0.08800	0.14156	0.08391	0.01666	0.07793	0.01498	0.07635	0.00699	0.00177	0.00447	0.07187	0.00433	0.30264
14	0.01826	0.01160	0.01329	0.01047	0.01393	0.01213	0.00839	0.39953	0.01880	0.19785	0.01552	0.04588	0.01225	0.11153	0.00857	0.00208	0.02913	0.00562	0.00514	0.06004
15	0.10409	0.63704	0.05326	0.00915	0.01346	0.01882	0.00904	0.01559	0.01056	0.01402	0.00806	0.00966	0.00726	0.00732	0.06234	0.00178	0.00630	0.00313	0.00245	0.00666

[dist]
# distance from previous block
# <min> <max>
4	5

[block]
# block no. 4 follows, 45 sequences, length 39
# corresponding to MSA columns:
# 353-391
name=unknown_E
#
# <colnr> <probs for GDERKNQSTAVLIFYWHMCP>
#	G	D	E	R	K	N	Q	S	T	A	V	L	I	F	Y	W	H	M	C	P
0	0.01353	0.00980	0.01161	0.00844	0.01309	0.00781	0.00680	0.05869	0.01256	0.12831	0.01141	0.01226	0.00879	0.00450	0.00426	0.00097	0.00417	0.00360	0.00381	0.67559
1	0.82007	0.01034	0.00805	0.00715	0.01050	0.01189	0.00589	0.01615	0.00936	0.05089	0.00796	0.00906	0.00608	0.00504	0.00340	0.00166	0.00417	0.00299	0.00344	0.00593
2	0.02117	0.00848	0.01151	0.00908	0.01270	0.00738	0.00739	0.02329	0.01521	0.64846	0.13371	0.04196	0.01943	0.00755	0.00557	0.00168	0.00423	0.00630	0.00649	0.00841
3	0.01273	0.01016	0.01089	0.00981	0.01263	0.01124	0.00761	0.04224	0.54439	0.06788	0.02730	0.06044	0.14209	0.00869	0.00566	0.00182	0.00401	0.00728	0.00543	0.00771
4	0.00659	0.00469	0.00621	0.00741	0.00771	0.00439	0.00492	0.00749	0.01018	0.01358	0.02910	0.77825	0.03489	0.04726	0.00764	0.00230	0.00319	0.01497	0.00492	0.00432
5	0.01265	0.01075	0.01148	0.01052	0.01324	0.01229	0.00809	0.04164	0.65704	0.02160	0.02263	0.11875	0.01863	0.00846	0.00563	0.00186	0.00414	0.00720	0.00540	0.00799
6	0.02408	0.00914	0.01246	0.00955	0.01370	0.00789	0.00789	0.02616	0.01536	0.78158	0.02118	0.01827	0.01329	0.00664	0.00540	0.00166	0.00457	0.00540	0.00664	0.00914
7	0.01235	0.01310	0.02078	0.01654	0.01822	0.04751	0.22678	0.01450	0.00979	0.01416	0.00820	0.01245	0.00736	0.00783	0.01384	0.00215	0.54057	0.00512	0.00247	0.00628
8	0.00800	0.00514	0.00577	0.00585	0.00603	0.00512	0.00343	0.00837	0.00840	0.01183	0.01781	0.08315	0.01983	0.65898	0.02304	0.00451	0.00473	0.00794	0.10853	0.00354
9	0.00653	0.00470	0.00620	0.00739	0.00776	0.00437	0.00495	0.00748	0.01036	0.01374	0.03061	0.77651	0.06618	0.01668	0.00683	0.00216	0.00310	0.01510	0.00498	0.00437
10	0.00842	0.00704	0.01177	0.01056	0.01205	0.00788	0.10121	0.01065	0.00912	0.01307	0.01371	0.01996	0.01256	0.03480	0.66741	0.00757	0.03847	0.00579	0.00284	0.00513
11	0.01181	0.01262	0.04501	0.01449	0.01533	0.03801	0.06859	0.01347	0.00890	0.01337	0.00785	0.01236	0.00745	0.01036	0.05611	0.00258	0.64845	0.00481	0.00241	0.00601
12	0.00671	0.00479	0.00634	0.00733	0.00775	0.00448	0.00494	0.00782	0.01082	0.01458	0.12275	0.68718	0.03690	0.04108	0.00743	0.00221	0.00311	0.01433	0.00504	0.00441
13	0.02243	0.00903	0.01210	0.00944	0.01335	0.00800	0.00774	0.02524	0.05572	0.69123	0.07045	0.01979	0.01589	0.00696	0.00546	0.00167	0.00442	0.00572	0.00653	0.00884
14	0.01998	0.02494	0.03022	0.01015	0.01377	0.08000	0.00832	0.10888	0.05609	0.45425	0.02028	0.09957	0.03346	0.00771	0.00548	0.00169	0.00507	0.00629	0.00569	0.00816
15	0.01321	0.01297	0.02303	0.03165	0.68376	0.01286	0.10959	0.01656	0.01228	0.01749	0.01019	0.01344	0.00846	0.00475	0.00544	0.00162	0.00671	0.00498	0.00266	0.00834
16	0.00834	0.00596	0.00829	0.00953	0.01063	0.00591	0.00811	0.01058	0.01205	0.01572	0.02859	0.17056	0.03157	0.01512	0.00733	0.00243	0.00467	0.63479	0.00495	0.00486
17	0.01402	0.74216	0.09766	0.00975	0.01465	0.02043	0.01016	0.01616	0.01095	0.01303	0.00766	0.00886	0.00688	0.00464	0.00360	0.00120	0.00594	0.00297	0.00229	0.00698
18	0.00654	0.00467	0.00623	0.00747	0.00779	0.00436	0.00498	0.00747	0.01028	0.01370	0.02959	0.80785	0.03550	0.01682	0.00685	0.00218	0.00311	0.01526	0.00498	0.00436
19	0.01329	0.01275	0.02179	0.03295	0.77787	0.01275	0.01647	0.01647	0.01222	0.01754	0.01010	0.01329	0.00850	0.00478	0.00531	0.00159	0.00638	0.00478	0.00266	0.00850
20	0.00800	0.00591	0.00782	0.00849	0.00973	0.00547	0.00662	0.00973	0.01119	0.01508	0.02636	0.38855	0.02986	0.02929	0.00710	0.00218	0.00401	0.30993	0.00471	0.10998
21	0.01121	0.12461	0.69056	0.01455	0.02207	0.01355	0.01852	0.01689	0.01128	0.01646	0.00937	0.01100	0.00681	0.00504	0.00490	0.00163	0.00766	0.00383	0.00227	0.00780
22	0.00641	0.00544	0.00553	0.00551	0.00729	0.00456	0.00413	0.00783	0.01239	0.01487	0.09179	0.05106	0.73805	0.01346	0.00634	0.00181	0.00271	0.01124	0.00503	0.00456
23	0.00780	0.00522	0.00593	0.00593	0.00595	0.00524	0.00335	0.00785	0.00783	0.01046	0.01685	0.03475	0.01935	0.79073	0.04772	0.00530	0.00545	0.00775	0.00324	0.00329
24	0.01952	0.01460	0.01561	0.01217	0.01631	0.01623	0.00999	0.66817	0.11848	0.03240	0.01401	0.01378	0.01004	0.00655	0.00538	0.00164	0.00570	0.00499	0.00538	0.00905
25	0.00663	0.00471	0.00620	0.00736	0.00765	0.00442	0.00487	0.00750	0.01011	0.01348	0.02872	0.75528	0.03442	0.07087	0.00824	0.00239	0.00326	0.01475	0.00487	0.00428
26	0.84927	0.01038	0.00789	0.00706	0.01038	0.01204	0.00581	0.01578	0.00914	0.02408	0.00747	0.00872	0.00581	0.00498	0.00332	0.00166	0.00415	0.00291	0.00332	0.00581
27	0.05119	0.60864	0.02377	0.00916	0.01352	0.06606	0.00865	0.01592	0.01123	0.01401	0.02727	0.00980	0.00809	0.00475	0.00366	0.00115	0.00561	0.00312	0.00257	0.11184
28	0.00850	0.00667	0.00827	0.00857	0.00978	0.00683	0.02031	0.02394	0.18113	0.01651	0.06339	0.51665	0.05992	0.01383	0.00648	0.00205	0.00353	0.03308	0.00510	0.00547
29	0.02087	0.01430	0.01565	0.01200	0.01628	0.01555	0.00991	0.66787	0.02400	0.12768	0.01393	0.01356	0.00965	0.00647	0.00537	0.00162	0.00574	0.00490	0.00553	0.00913
30	0.01291	0.01259	0.02030	0.11724	0.57833	0.03286	0.01555	0.01584	0.01163	0.01641	0.00961	0.01312	0.00813	0.00545	0.00685	0.00171	0.10635	0.00474	0.00259	0.00783
31	0.01534	0.01201	0.01187	0.01031	0.01330	0.10190	0.00806	0.11198	0.32634	0.13673	0.09260	0.03937	0.08066	0.00796	0.00555	0.00171	0.00482	0.00649	0.00531	0.00766
32	0.00712	0.00547	0.00652	0.00626	0.00773	0.00486	0.00469	0.00921	0.01408	0.01887	0.50258	0.04447	0.32476	0.01196	0.00634	0.00174	0.00260	0.01032	0.00556	0.00486
33	0.84927	0.01038	0.00789	0.00706	0.01038	0.01204	0.00581	0.01578	0.00914	0.02408	0.00747	0.00872	0.00581	0.00498	0.00332	0.00166	0.00415	0.00291	0.00332	0.00581
34	0.01345	0.01313	0.02140	0.05263	0.73051	0.04095	0.01621	0.01658	0.01229	0.01728	0.01002	0.01318	0.00841	0.00483	0.00530	0.00159	0.00652	0.00473	0.00265	0.00835
35	0.00695	0.00531	0.00644	0.00692	0.00809	0.00480	0.00516	0.00854	0.01218	0.01573	0.17262	0.28499	0.31377	0.01429	0.00665	0.00199	0.00311	0.11268	0.00514	0.00463
36	0.00726	0.00521	0.00703	0.00824	0.00891	0.00499	0.00621	0.00873	0.01105	0.01454	0.02994	0.52907	0.05631	0.01604	0.00703	0.00227	0.00373	0.26392	0.00497	0.00456
37	0.01358	0.01003	0.01129	0.01035	0.01316	0.01103	0.00828	0.02428	0.50809	0.11627	0.02420	0.02834	0.04771	0.00881	0.00584	0.00192	0.00436	0.13918	0.00550	0.00778
38	0.14946	0.68445	0.02485	0.00884	0.01323	0.01975	0.00864	0.01603	0.01062	0.01448	0.00746	0.00863	0.00671	0.00466	0.00342	0.00123	0.00548	0.00288	0.00246	0.00671

[dist]
# distance from previous block
# <min> <max>
0	1

[block]
# block no. 5 follows, 45 sequences, length 9
# corresponding to MSA columns:
# 393-395,397-402
name=unknown_F
#
# <colnr> <probs for GDERKNQSTAVLIFYWHMCP>
#	G	D	E	R	K	N	Q	S	T	A	V	L	I	F	Y	W	H	M	C	P
