[name]
unknown

[dist]
# distance from previous block
# <min> <max>
0	105

[block]
# block no. 0 follows, 42 sequences, length 26
# corresponding to MSA columns:
# 157-180,209,210
name=unknown_A
#
# <colnr> <probs for GDERKNQSTAVLIFYWHMCP>
#	G	D	E	R	K	N	Q	S	T	A	V	L	I	F	Y	W	H	M	C	P
0	0.03436	0.01145	0.01254	0.14414	0.01732	0.08197	0.00931	0.19995	0.07667	0.02144	0.09159	0.17192	0.04443	0.01110	0.04428	0.00221	0.00600	0.00789	0.00463	0.00680
1	0.01339	0.01241	0.05070	0.26739	0.02196	0.10107	0.01102	0.07005	0.08968	0.08291	0.05690	0.08518	0.09733	0.00826	0.00585	0.00183	0.00611	0.00692	0.00419	0.00683
2	0.06213	0.06269	0.01234	0.02921	0.01303	0.01091	0.00764	0.16794	0.09620	0.12517	0.16717	0.02466	0.08590	0.02623	0.00605	0.00176	0.00445	0.00666	0.05206	0.03781
3	0.04722	0.01344	0.01341	0.04832	0.05831	0.15278	0.00916	0.12690	0.07186	0.16782	0.07709	0.03958	0.05369	0.03070	0.00621	0.00176	0.00585	0.00595	0.00480	0.06518
4	0.04602	0.06309	0.01333	0.01044	0.03793	0.00994	0.03320	0.08727	0.05507	0.22095	0.14472	0.02513	0.05690	0.05797	0.00708	0.00191	0.00474	0.03518	0.00521	0.08390
5	0.01616	0.01307	0.07749	0.03260	0.01602	0.01214	0.00979	0.17320	0.24821	0.13998	0.05335	0.03692	0.01495	0.00704	0.00552	0.00168	0.00512	0.00575	0.00520	0.12582
6	0.03718	0.19479	0.18831	0.01322	0.01838	0.09781	0.08480	0.11389	0.01469	0.09117	0.03287	0.03133	0.01029	0.00596	0.00511	0.00158	0.00695	0.00473	0.00359	0.04334
7	0.04944	0.10198	0.03719	0.01285	0.03833	0.22295	0.01032	0.24330	0.05906	0.10344	0.01246	0.01284	0.00929	0.00606	0.00510	0.00154	0.00688	0.00439	0.00431	0.05826
8	0.00993	0.03228	0.00885	0.00737	0.00923	0.00700	0.00534	0.02853	0.04593	0.04739	0.18152	0.03307	0.11631	0.28099	0.04027	0.00314	0.00464	0.00787	0.00448	0.12589
9	0.02495	0.01006	0.01336	0.01024	0.01461	0.00899	0.00846	0.08357	0.01691	0.71373	0.02153	0.01872	0.01359	0.00695	0.00566	0.00174	0.00490	0.00561	0.00686	0.00958
10	0.00683	0.00571	0.00595	0.00589	0.00771	0.00483	0.00442	0.00842	0.01325	0.01620	0.15307	0.05251	0.66815	0.01388	0.00665	0.00188	0.00282	0.01165	0.00536	0.00483
11	0.01192	0.15667	0.60122	0.01491	0.02228	0.01435	0.04005	0.01731	0.01169	0.01679	0.00975	0.01169	0.00728	0.00573	0.00567	0.03048	0.00785	0.00407	0.00240	0.00791
12	0.43613	0.00952	0.00909	0.00779	0.01103	0.01012	0.00633	0.04571	0.01240	0.19176	0.04561	0.01636	0.03906	0.00646	0.00437	0.00168	0.00413	0.00466	0.13099	0.00680
13	0.01201	0.01154	0.02023	0.46174	0.04953	0.01318	0.18018	0.06064	0.01252	0.01673	0.01101	0.03035	0.00866	0.00602	0.00669	0.00190	0.05956	0.00560	0.02515	0.00676
14	0.12254	0.12723	0.01720	0.04321	0.05015	0.47339	0.01060	0.04318	0.01436	0.01605	0.00872	0.01039	0.00726	0.00570	0.00511	0.00151	0.03002	0.00366	0.00296	0.00675
15	0.00721	0.00527	0.00679	0.00737	0.00819	0.00484	0.00516	0.00881	0.01273	0.01724	0.28332	0.46695	0.11488	0.01521	0.00694	0.00207	0.00302	0.01361	0.00555	0.00484
16	0.11940	0.01700	0.05042	0.05270	0.04435	0.21226	0.01037	0.25118	0.06592	0.02382	0.01221	0.01334	0.00927	0.00617	0.00504	0.00162	0.00671	0.00450	0.08608	0.00763
17	0.00805	0.00551	0.00689	0.00709	0.00745	0.00571	0.00462	0.00883	0.00896	0.01244	0.01911	0.14809	0.02112	0.45518	0.21366	0.00569	0.00742	0.00869	0.04142	0.00408
18	0.02119	0.01533	0.01653	0.01275	0.01719	0.01691	0.01051	0.68350	0.06200	0.06496	0.01433	0.01411	0.01012	0.00681	0.00564	0.00170	0.00605	0.00515	0.00569	0.00954
19	0.00902	0.00599	0.00747	0.00696	0.00848	0.00544	0.00516	0.01117	0.01465	0.07485	0.51370	0.04201	0.17277	0.08728	0.00867	0.00214	0.00311	0.00996	0.00581	0.00534
20	0.02562	0.01242	0.01308	0.03560	0.08089	0.09512	0.00925	0.05830	0.32940	0.06961	0.09469	0.05728	0.05551	0.00810	0.00576	0.00179	0.00515	0.00676	0.00504	0.03065
21	0.05643	0.01269	0.01340	0.01223	0.04221	0.03547	0.00927	0.09996	0.55076	0.07342	0.02033	0.01898	0.01508	0.00724	0.00558	0.00185	0.00489	0.00590	0.00550	0.00881
22	0.01234	0.05112	0.04789	0.41319	0.27576	0.01328	0.01554	0.04884	0.01248	0.01674	0.01088	0.03754	0.00892	0.00578	0.00554	0.00178	0.00700	0.00521	0.00281	0.00736
23	0.01258	0.01334	0.02650	0.16191	0.12717	0.01325	0.43609	0.01662	0.01256	0.01718	0.01147	0.03953	0.00927	0.00547	0.00656	0.00184	0.03127	0.00621	0.00286	0.04832
24	0.69544	0.01097	0.00977	0.07271	0.04118	0.01272	0.00745	0.01717	0.05308	0.02401	0.00899	0.01048	0.00696	0.00539	0.00387	0.00176	0.00470	0.00347	0.00351	0.00637
25	0.04148	0.01320	0.05633	0.17986	0.34722	0.05081	0.07531	0.01626	0.01269	0.03802	0.02942	0.01844	0.08403	0.00627	0.00569	0.00175	0.00675	0.00576	0.00316	0.00755

[dist]
# distance from previous block
# <min> <max>
0	1

[block]
# block no. 1 follows, 42 sequences, length 80
# corresponding to MSA columns:
# 212-245,247-292
name=unknown_B
#
# <colnr> <probs for GDERKNQSTAVLIFYWHMCP>
#	G	D	E	R	K	N	Q	S	T	A	V	L	I	F	Y	W	H	M	C	P
0	0.01147	0.09428	0.01181	0.00894	0.01119	0.00988	0.00702	0.14566	0.06476	0.02078	0.21608	0.18817	0.05744	0.03930	0.02701	0.02129	0.00448	0.02367	0.00504	0.03173
1	0.00768	0.00562	0.00723	0.00731	0.00841	0.00523	0.00530	0.01003	0.02908	0.01972	0.48985	0.26793	0.08871	0.01341	0.00678	0.00193	0.00288	0.01193	0.00584	0.00513
2	0.01180	0.01003	0.01178	0.00859	0.01326	0.00797	0.00688	0.03651	0.01225	0.01894	0.04780	0.01326	0.01059	0.00477	0.00474	0.00095	0.02623	0.00377	0.00352	0.74634
3	0.00707	0.00572	0.00628	0.00614	0.00786	0.00493	0.00460	0.00888	0.01381	0.01754	0.28168	0.05031	0.53870	0.01338	0.00665	0.00186	0.00279	0.01134	0.00553	0.00493
4	0.00685	0.00492	0.00651	0.00778	0.00815	0.00458	0.00520	0.00784	0.01083	0.01439	0.03167	0.77974	0.05561	0.01755	0.00717	0.00228	0.00325	0.01589	0.00522	0.00458
5	0.01329	0.01357	0.04179	0.24868	0.49784	0.05412	0.01656	0.01674	0.01251	0.01698	0.01030	0.01398	0.00837	0.00524	0.00555	0.00172	0.00715	0.00491	0.00270	0.00801
6	0.09288	0.65765	0.02619	0.02980	0.01487	0.05376	0.00948	0.01726	0.01156	0.03254	0.00826	0.00948	0.00729	0.00497	0.00376	0.00129	0.00605	0.00315	0.00264	0.00712
7	0.01049	0.00525	0.00525	0.00525	0.00656	0.00525	0.00393	0.01311	0.01180	0.02098	0.01836	0.02098	0.01442	0.00656	0.00393	0.00131	0.00262	0.00525	0.83346	0.00525
8	0.02139	0.01576	0.01689	0.01295	0.01745	0.01745	0.01070	0.74835	0.02646	0.03547	0.01351	0.01351	0.00957	0.00676	0.00563	0.00169	0.00619	0.00507	0.00563	0.00957
9	0.00715	0.00525	0.00646	0.00725	0.00794	0.00485	0.00496	0.00821	0.01111	0.01443	0.05708	0.47247	0.18922	0.12824	0.01014	0.00265	0.00357	0.04955	0.00499	0.00450
10	0.01245	0.02776	0.01917	0.38346	0.10665	0.01337	0.11518	0.07510	0.03202	0.01747	0.01146	0.03229	0.00918	0.00624	0.00679	0.00186	0.07494	0.00548	0.04214	0.00698
11	0.00712	0.00572	0.00635	0.00619	0.00789	0.00495	0.00464	0.00898	0.01393	0.01783	0.30889	0.04984	0.51132	0.01327	0.00665	0.00185	0.00278	0.01127	0.00557	0.00495
12	0.01167	0.01000	0.01167	0.00834	0.01334	0.00750	0.00667	0.01417	0.01167	0.01834	0.01000	0.01167	0.00834	0.00417	0.00417	0.00083	0.00417	0.00333	0.00333	0.83663
13	0.01812	0.01467	0.07238	0.01165	0.01636	0.01388	0.01013	0.46194	0.02096	0.06913	0.01434	0.01465	0.02985	0.00633	0.00529	0.00152	0.00566	0.00487	0.03178	0.17651
14	0.84197	0.01088	0.00827	0.00740	0.01088	0.01262	0.00609	0.01654	0.00958	0.02525	0.00784	0.00914	0.00609	0.00522	0.00348	0.00174	0.00435	0.00305	0.00348	0.00609
15	0.01318	0.01591	0.07211	0.02332	0.02915	0.01417	0.70851	0.01802	0.01321	0.01802	0.01132	0.01501	0.00846	0.00478	0.00657	0.00189	0.00943	0.00651	0.00282	0.00763
16	0.00732	0.00509	0.00639	0.00724	0.00745	0.00488	0.00458	0.00796	0.00986	0.01315	0.02633	0.52969	0.03130	0.29456	0.01476	0.00340	0.00404	0.01324	0.00458	0.00416
17	0.00978	0.00489	0.00733	0.00733	0.00733	0.00489	0.00489	0.00733	0.00733	0.00978	0.00978	0.01711	0.00978	0.01955	0.02199	0.83627	0.00489	0.00489	0.00244	0.00244
18	0.00907	0.00648	0.00907	0.01036	0.01166	0.00648	0.00907	0.01166	0.01296	0.01684	0.02980	0.06348	0.03239	0.01555	0.00777	0.00259	0.00518	0.72924	0.00518	0.00518
19	0.00684	0.00498	0.00645	0.00763	0.00811	0.00459	0.00513	0.00786	0.01098	0.01445	0.03357	0.72546	0.10866	0.01730	0.00713	0.00225	0.00322	0.01559	0.00522	0.00459
20	0.00686	0.00490	0.00653	0.00784	0.00816	0.00457	0.00522	0.00784	0.01077	0.01437	0.03102	0.79855	0.03722	0.01763	0.00718	0.00229	0.00326	0.01600	0.00522	0.00457
21	0.84197	0.01088	0.00827	0.00740	0.01088	0.01262	0.00609	0.01654	0.00958	0.02525	0.00784	0.00914	0.00609	0.00522	0.00348	0.00174	0.00435	0.00305	0.00348	0.00609
22	0.01167	0.01000	0.01167	0.00834	0.01334	0.00750	0.00667	0.01417	0.01167	0.01834	0.01000	0.01167	0.00834	0.00417	0.00417	0.00083	0.00417	0.00333	0.00333	0.83663
23	0.02102	0.02682	0.01595	0.01450	0.01740	0.77963	0.01087	0.02247	0.01595	0.01377	0.00870	0.01015	0.00725	0.00580	0.00507	0.00145	0.01015	0.00362	0.00290	0.00652
24	0.84197	0.01088	0.00827	0.00740	0.01088	0.01262	0.00609	0.01654	0.00958	0.02525	0.00784	0.00914	0.00609	0.00522	0.00348	0.00174	0.00435	0.00305	0.00348	0.00609
25	0.01049	0.00525	0.00525	0.00525	0.00656	0.00525	0.00393	0.01311	0.01180	0.02098	0.01836	0.02098	0.01442	0.00656	0.00393	0.00131	0.00262	0.00525	0.83346	0.00525
26	0.84197	0.01088	0.00827	0.00740	0.01088	0.01262	0.00609	0.01654	0.00958	0.02525	0.00784	0.00914	0.00609	0.00522	0.00348	0.00174	0.00435	0.00305	0.00348	0.00609
27	0.01393	0.01337	0.02284	0.03454	0.76712	0.01337	0.01727	0.01727	0.01281	0.01839	0.01059	0.01393	0.00891	0.00501	0.00557	0.00167	0.00669	0.00501	0.00279	0.00891
28	0.02139	0.01576	0.01689	0.01295	0.01745	0.01745	0.01070	0.74835	0.02646	0.03547	0.01351	0.01351	0.00957	0.00676	0.00563	0.00169	0.00619	0.00507	0.00563	0.00957
29	0.01400	0.01209	0.01273	0.01145	0.01463	0.01400	0.00891	0.02990	0.75695	0.02354	0.02291	0.02100	0.01718	0.00764	0.00573	0.00191	0.00445	0.00636	0.00573	0.00891
30	0.00686	0.00490	0.00653	0.00784	0.00816	0.00457	0.00522	0.00784	0.01077	0.01437	0.03102	0.79855	0.03722	0.01763	0.00718	0.00229	0.00326	0.01600	0.00522	0.00457
31	0.00686	0.00490	0.00653	0.00784	0.00816	0.00457	0.00522	0.00784	0.01077	0.01437	0.03102	0.79855	0.03722	0.01763	0.00718	0.00229	0.00326	0.01600	0.00522	0.00457
32	0.01393	0.01337	0.02284	0.03454	0.76712	0.01337	0.01727	0.01727	0.01281	0.01839	0.01059	0.01393	0.00891	0.00501	0.00557	0.00167	0.00669	0.00501	0.00279	0.00891
33	0.00802	0.00591	0.00668	0.00638	0.00821	0.00511	0.00482	0.00990	0.01403	0.05552	0.29271	0.04834	0.48825	0.01296	0.00660	0.00185	0.00288	0.01099	0.00564	0.00518
34	0.00686	0.00490	0.00653	0.00784	0.00816	0.00457	0.00522	0.00784	0.01077	0.01437	0.03102	0.79855	0.03722	0.01763	0.00718	0.00229	0.00326	0.01600	0.00522	0.00457
35	0.04726	0.00974	0.01291	0.01001	0.01428	0.00868	0.00824	0.02725	0.05302	0.71297	0.02184	0.01897	0.01388	0.00695	0.00560	0.00175	0.00476	0.00562	0.00681	0.00945
36	0.81736	0.03454	0.00890	0.00747	0.01099	0.01291	0.00620	0.01655	0.00963	0.02489	0.00784	0.00914	0.00613	0.00521	0.00349	0.00173	0.00440	0.00305	0.00345	0.00613
37	0.00719	0.00509	0.00659	0.00748	0.00788	0.00480	0.00495	0.00822	0.01099	0.01481	0.11636	0.59096	0.03653	0.13783	0.01043	0.00271	0.00353	0.01410	0.00506	0.00448
38	0.00715	0.00526	0.00733	0.00815	0.00873	0.00490	0.02410	0.00843	0.01145	0.01544	0.11791	0.68843	0.03838	0.01657	0.00710	0.00221	0.00335	0.01507	0.00528	0.00474
39	0.01840	0.01977	0.03563	0.05336	0.05130	0.37318	0.04011	0.14909	0.10514	0.04267	0.01339	0.01432	0.02892	0.00636	0.00540	0.00162	0.00791	0.00478	0.02110	0.00754
40	0.01175	0.01007	0.01171	0.00844	0.01338	0.00773	0.00675	0.01472	0.03752	0.01852	0.01045	0.01199	0.00864	0.00429	0.00422	0.00087	0.00418	0.00344	0.00342	0.80791
41	0.01677	0.09561	0.01587	0.01196	0.01564	0.09004	0.00965	0.22084	0.41265	0.02474	0.01746	0.01671	0.01315	0.00693	0.00542	0.00173	0.00563	0.00541	0.00509	0.00868
42	0.04415	0.22681	0.05367	0.05073	0.01735	0.11761	0.01071	0.25146	0.01733	0.12290	0.01188	0.01247	0.00885	0.00604	0.00524	0.00157	0.02464	0.00430	0.00415	0.00814
43	0.84197	0.01088	0.00827	0.00740	0.01088	0.01262	0.00609	0.01654	0.00958	0.02525	0.00784	0.00914	0.00609	0.00522	0.00348	0.00174	0.00435	0.00305	0.00348	0.00609
44	0.01471	0.01097	0.01263	0.01232	0.07393	0.02980	0.00867	0.03887	0.39371	0.12618	0.01982	0.02228	0.01590	0.14356	0.03128	0.00266	0.02347	0.00633	0.00505	0.00785
45	0.00808	0.00561	0.00737	0.00744	0.00856	0.00518	0.00544	0.01019	0.01424	0.03891	0.48928	0.26840	0.06313	0.01340	0.00681	0.00195	0.00297	0.03199	0.00587	0.00518
46	0.00945	0.00810	0.01031	0.00985	0.01064	0.05081	0.00756	0.01099	0.00928	0.01292	0.01423	0.04183	0.01408	0.14034	0.48686	0.00687	0.14153	0.00627	0.00303	0.00506
47	0.00766	0.00574	0.00710	0.00676	0.00822	0.00518	0.00507	0.01003	0.01522	0.02087	0.60128	0.04483	0.21703	0.01214	0.00664	0.00180	0.00270	0.01057	0.00597	0.00518
48	0.01426	0.02036	0.23324	0.09548	0.26872	0.19600	0.01599	0.01806	0.01330	0.01695	0.04768	0.01395	0.01009	0.00568	0.00545	0.00167	0.00785	0.00470	0.00284	0.00774
49	0.14158	0.01169	0.03670	0.40890	0.26391	0.01281	0.01479	0.01572	0.01150	0.01743	0.00985	0.01367	0.00772	0.00536	0.00527	0.00179	0.00677	0.00468	0.00274	0.00712
50	0.01198	0.01021	0.01183	0.00854	0.01348	0.00793	0.00683	0.03336	0.03210	0.01892	0.01044	0.01197	0.00860	0.00433	0.00425	0.00088	0.00423	0.00346	0.00346	0.79322
51	0.01251	0.01106	0.01776	0.22424	0.40335	0.01180	0.01404	0.03232	0.03293	0.01786	0.01221	0.01641	0.01007	0.04307	0.00646	0.00186	0.00623	0.00523	0.11309	0.00749
52	0.02097	0.01672	0.01637	0.01287	0.01707	0.10789	0.01048	0.63632	0.02470	0.03238	0.01311	0.01337	0.00946	0.00663	0.00550	0.00165	0.00654	0.00490	0.03402	0.00906
53	0.00815	0.00561	0.00692	0.00692	0.00719	0.00588	0.00438	0.00868	0.00841	0.01149	0.01702	0.03287	0.01874	0.59814	0.23038	0.00642	0.00804	0.00761	0.00330	0.00384
54	0.00796	0.00575	0.00752	0.00708	0.00841	0.00531	0.00531	0.01062	0.01593	0.02257	0.76415	0.04204	0.05310	0.01150	0.00664	0.00177	0.00265	0.01018	0.00619	0.00531
55	0.00817	0.00553	0.00649	0.00649	0.00661	0.00565	0.00385	0.00841	0.00829	0.01117	0.01741	0.03504	0.01968	0.70989	0.11992	0.00589	0.00662	0.00792	0.00336	0.00361
56	0.01328	0.01518	0.03321	0.02372	0.02941	0.01423	0.74668	0.01803	0.01328	0.01803	0.01139	0.01518	0.00854	0.00474	0.00664	0.00190	0.00949	0.00664	0.00285	0.00759
57	0.02102	0.02682	0.01595	0.01450	0.01740	0.77963	0.01087	0.02247	0.01595	0.01377	0.00870	0.01015	0.00725	0.00580	0.00507	0.00145	0.01015	0.00362	0.00290	0.00652
58	0.01167	0.01000	0.01167	0.00834	0.01334	0.00750	0.00667	0.01417	0.01167	0.01834	0.01000	0.01167	0.00834	0.00417	0.00417	0.00083	0.00417	0.00333	0.00333	0.83663
59	0.01505	0.80561	0.02949	0.00963	0.01444	0.02227	0.00963	0.01685	0.01143	0.01324	0.00782	0.00903	0.00722	0.00481	0.00361	0.00120	0.00602	0.00301	0.00241	0.00722
60	0.01216	0.01209	0.01695	0.01458	0.01461	0.01688	0.01213	0.01342	0.00863	0.01353	0.00765	0.01265	0.00762	0.01097	0.04488	0.00269	0.76497	0.00496	0.00248	0.00612
61	0.01328	0.01518	0.03321	0.02372	0.02941	0.01423	0.74668	0.01803	0.01328	0.01803	0.01139	0.01518	0.00854	0.00474	0.00664	0.00190	0.00949	0.00664	0.00285	0.00759
62	0.00796	0.00575	0.00752	0.00708	0.00841	0.00531	0.00531	0.01062	0.01593	0.02257	0.76415	0.04204	0.05310	0.01150	0.00664	0.00177	0.00265	0.01018	0.00619	0.00531
63	0.00796	0.00575	0.00752	0.00708	0.00841	0.00531	0.00531	0.01062	0.01593	0.02257	0.76415	0.04204	0.05310	0.01150	0.00664	0.00177	0.00265	0.01018	0.00619	0.00531
64	0.00900	0.00643	0.00899	0.01028	0.01155	0.00642	0.00894	0.01154	0.01288	0.01676	0.02984	0.08727	0.03254	0.01561	0.00775	0.00258	0.00512	0.70615	0.00518	0.00516
65	0.01167	0.01000	0.01167	0.00834	0.01334	0.00750	0.00667	0.01417	0.01167	0.01834	0.01000	0.01167	0.00834	0.00417	0.00417	0.00083	0.00417	0.00333	0.00333	0.83663
66	0.01400	0.01209	0.01273	0.01145	0.01463	0.01400	0.00891	0.02990	0.75695	0.02354	0.02291	0.02100	0.01718	0.00764	0.00573	0.00191	0.00445	0.00636	0.00573	0.00891
67	0.00883	0.00594	0.00780	0.00723	0.00871	0.00546	0.00546	0.01146	0.01594	0.06005	0.72700	0.04089	0.05114	0.01128	0.00659	0.00177	0.00276	0.00995	0.00623	0.00552
68	0.01150	0.07405	0.73003	0.01567	0.02378	0.01360	0.02015	0.01777	0.01186	0.01756	0.00997	0.01172	0.00713	0.00532	0.00525	0.00175	0.00818	0.00409	0.00238	0.00825
69	0.02446	0.01084	0.01384	0.01061	0.01500	0.01015	0.00877	0.17515	0.01823	0.62029	0.02042	0.01800	0.01304	0.00692	0.00565	0.00173	0.00508	0.00554	0.00669	0.00958
70	0.01505	0.80561	0.02949	0.00963	0.01444	0.02227	0.00963	0.01685	0.01143	0.01324	0.00782	0.00903	0.00722	0.00481	0.00361	0.00120	0.00602	0.00301	0.00241	0.00722
71	0.00796	0.00575	0.00752	0.00708	0.00841	0.00531	0.00531	0.01062	0.01593	0.02257	0.76415	0.04204	0.05310	0.01150	0.00664	0.00177	0.00265	0.01018	0.00619	0.00531
72	0.02491	0.01013	0.01340	0.01027	0.01464	0.00909	0.00849	0.09142	0.01703	0.70572	0.02143	0.01865	0.01354	0.00695	0.00566	0.00174	0.00491	0.00561	0.00685	0.00958
73	0.00818	0.00546	0.00614	0.00614	0.00614	0.00546	0.00341	0.00818	0.00818	0.01091	0.01773	0.03683	0.02046	0.80222	0.02864	0.00546	0.00546	0.00818	0.00341	0.00341
74	0.84197	0.01088	0.00827	0.00740	0.01088	0.01262	0.00609	0.01654	0.00958	0.02525	0.00784	0.00914	0.00609	0.00522	0.00348	0.00174	0.00435	0.00305	0.00348	0.00609
75	0.00686	0.00490	0.00653	0.00784	0.00816	0.00457	0.00522	0.00784	0.01077	0.01437	0.03102	0.79855	0.03722	0.01763	0.00718	0.00229	0.00326	0.01600	0.00522	0.00457
76	0.82104	0.01074	0.00820	0.00735	0.01077	0.01244	0.00604	0.01646	0.00963	0.02514	0.00810	0.00944	0.00630	0.00526	0.00349	0.00173	0.00431	0.00310	0.02438	0.00607
77	0.01381	0.01342	0.02204	0.07890	0.66792	0.03117	0.01678	0.01703	0.01258	0.01779	0.01035	0.01383	0.00871	0.00531	0.00621	0.00172	0.04614	0.00498	0.00275	0.00856
78	0.00788	0.00562	0.00705	0.00751	0.00806	0.00562	0.00503	0.03102	0.01030	0.01378	0.02545	0.37719	0.06980	0.26779	0.12763	0.00424	0.00576	0.01150	0.00434	0.00444
79	0.01873	0.10457	0.01809	0.03666	0.05367	0.55162	0.03297	0.02051	0.01460	0.01428	0.00881	0.01066	0.00743	0.00573	0.00557	0.00148	0.04414	0.00380	0.00283	0.04386

[dist]
# distance from previous block
# <min> <max>
0	1

[block]
# block no. 2 follows, 42 sequences, length 23
# corresponding to MSA columns:
# 294-316
name=unknown_C
#
# <colnr> <probs for GDERKNQSTAVLIFYWHMCP>
#	G	D	E	R	K	N	Q	S	T	A	V	L	I	F	Y	W	H	M	C	P
0	0.00712	0.00511	0.00675	0.00796	0.00844	0.00480	0.00552	0.00825	0.01099	0.01454	0.03147	0.66907	0.06439	0.04282	0.00792	0.00241	0.00352	0.08916	0.00516	0.00460
1	0.01646	0.01341	0.01399	0.01237	0.03963	0.06077	0.00945	0.16228	0.45034	0.07797	0.01900	0.01798	0.01408	0.00700	0.00556	0.00175	0.00521	0.00567	0.00538	0.06172
2	0.01190	0.06418	0.10165	0.04654	0.03218	0.09197	0.07117	0.02999	0.01243	0.01662	0.04637	0.16713	0.03700	0.00898	0.02289	0.00180	0.04180	0.00697	0.00357	0.18487
3	0.05410	0.39666	0.25464	0.01200	0.01758	0.07192	0.01294	0.05237	0.01260	0.03808	0.00942	0.01077	0.00759	0.00600	0.02060	0.00163	0.00710	0.00364	0.00278	0.00759
4	0.01178	0.04454	0.65446	0.01569	0.02333	0.01282	0.05925	0.01778	0.01228	0.04237	0.04613	0.01366	0.00960	0.00564	0.00545	0.00177	0.00795	0.00460	0.00273	0.00815
5	0.00795	0.00598	0.00738	0.00699	0.00849	0.00553	0.00525	0.01086	0.04270	0.02125	0.60659	0.04349	0.18282	0.01187	0.00661	0.00180	0.00276	0.01035	0.00600	0.00534
6	0.01195	0.01130	0.01887	0.48616	0.30091	0.01287	0.01596	0.01603	0.04073	0.01618	0.01071	0.01485	0.00839	0.00548	0.00561	0.00180	0.00709	0.00506	0.00273	0.00732
7	0.01782	0.01315	0.01536	0.01236	0.01602	0.01442	0.04464	0.43521	0.12352	0.06862	0.01665	0.05921	0.01326	0.00938	0.04272	0.00215	0.02790	0.02680	0.03228	0.00854
8	0.01085	0.01023	0.01728	0.73860	0.08715	0.01256	0.01574	0.01457	0.01136	0.01464	0.01004	0.01493	0.00760	0.00559	0.00562	0.00186	0.00745	0.00500	0.00252	0.00643
9	0.00796	0.00575	0.00752	0.00708	0.00841	0.00531	0.00531	0.01062	0.01593	0.02257	0.76415	0.04204	0.05310	0.01150	0.00664	0.00177	0.00265	0.01018	0.00619	0.00531
10	0.01948	0.01169	0.01372	0.01100	0.01460	0.01215	0.00898	0.34812	0.01968	0.25942	0.03681	0.05995	0.06072	0.02794	0.00696	0.00191	0.03609	0.03651	0.00582	0.00847
11	0.01396	0.01451	0.06763	0.09994	0.46908	0.02848	0.09208	0.05958	0.06382	0.01917	0.01155	0.01442	0.00920	0.00536	0.00568	0.00173	0.00704	0.00520	0.00310	0.00848
12	0.02457	0.01066	0.01373	0.01053	0.01491	0.00988	0.00870	0.15363	0.01792	0.64225	0.02068	0.01817	0.01317	0.00693	0.00565	0.00173	0.00503	0.00556	0.00673	0.00958
13	0.00767	0.00510	0.00682	0.00793	0.00844	0.00473	0.00536	0.00870	0.01101	0.04788	0.03063	0.76403	0.03619	0.01716	0.00712	0.00226	0.00333	0.01554	0.00530	0.00479
14	0.01478	0.52566	0.15711	0.01151	0.01648	0.07307	0.01181	0.03514	0.03955	0.01500	0.00895	0.01033	0.00764	0.00539	0.00492	0.00143	0.04764	0.00353	0.00264	0.00743
15	0.02458	0.04773	0.01402	0.01013	0.01451	0.00937	0.00845	0.06074	0.01637	0.70047	0.02111	0.01841	0.01341	0.00685	0.00556	0.00171	0.00491	0.00551	0.00669	0.00946
16	0.00796	0.00575	0.00752	0.00708	0.00841	0.00531	0.00531	0.01062	0.01593	0.02257	0.76415	0.04204	0.05310	0.01150	0.00664	0.00177	0.00265	0.01018	0.00619	0.00531
17	0.80321	0.01111	0.00868	0.00766	0.01119	0.01285	0.00631	0.05111	0.01037	0.02573	0.00810	0.00935	0.00626	0.00530	0.00358	0.00174	0.00444	0.00314	0.00358	0.00626
18	0.00888	0.00637	0.00884	0.01010	0.01136	0.00633	0.00873	0.01136	0.01284	0.01667	0.03063	0.10155	0.05341	0.01562	0.00771	0.00256	0.00502	0.67170	0.00519	0.00514
19	0.01463	0.01118	0.01294	0.09107	0.01609	0.04174	0.00922	0.32140	0.01747	0.04394	0.01761	0.20069	0.01670	0.01531	0.14002	0.00311	0.00729	0.00777	0.00469	0.00714
20	0.01500	0.26198	0.23935	0.01431	0.06482	0.08298	0.02952	0.11869	0.03474	0.01863	0.01010	0.01153	0.00799	0.00549	0.00511	0.00153	0.02377	0.00403	0.00306	0.04739
21	0.00804	0.00603	0.00904	0.00904	0.01005	0.00703	0.00703	0.01005	0.00904	0.01306	0.01507	0.02211	0.01407	0.04221	0.77992	0.00904	0.01507	0.00603	0.00301	0.00502
22	0.04340	0.00809	0.01013	0.01080	0.04719	0.00834	0.00804	0.14978	0.01460	0.01996	0.04653	0.33674	0.02842	0.01368	0.00683	0.00220	0.00459	0.22956	0.00513	0.00599

[dist]
# distance from previous block
# <min> <max>
0	13

[block]
# block no. 3 follows, 42 sequences, length 54
# corresponding to MSA columns:
# 330-383
name=unknown_D
#
# <colnr> <probs for GDERKNQSTAVLIFYWHMCP>
#	G	D	E	R	K	N	Q	S	T	A	V	L	I	F	Y	W	H	M	C	P
0	0.01310	0.01429	0.02968	0.06027	0.17143	0.01370	0.55089	0.01741	0.01303	0.01782	0.01174	0.03795	0.00941	0.00521	0.00640	0.00186	0.00867	0.00653	0.00289	0.00770
1	0.01112	0.01050	0.01776	0.67692	0.14671	0.01263	0.01587	0.01481	0.01148	0.01497	0.01009	0.01484	0.00771	0.00554	0.00562	0.00185	0.00738	0.00500	0.00254	0.00665
2	0.01300	0.01101	0.01347	0.00974	0.01471	0.00913	0.04604	0.10862	0.01365	0.02052	0.01053	0.01209	0.00850	0.00453	0.00449	0.00100	0.00471	0.00373	0.00360	0.68693
3	0.00749	0.00573	0.00687	0.00659	0.00812	0.00511	0.00494	0.00971	0.01482	0.01993	0.51076	0.04638	0.30814	0.01249	0.00664	0.00182	0.00273	0.01079	0.00585	0.00511
4	0.01314	0.01476	0.03084	0.02239	0.02724	0.01468	0.63784	0.01736	0.01259	0.01736	0.01079	0.01476	0.00837	0.00550	0.00839	0.00198	0.12545	0.00639	0.00279	0.00738
5	0.01400	0.01209	0.01273	0.01145	0.01463	0.01400	0.00891	0.02990	0.75695	0.02354	0.02291	0.02100	0.01718	0.00764	0.00573	0.00191	0.00445	0.00636	0.00573	0.00891
6	0.00686	0.00490	0.00653	0.00784	0.00816	0.00457	0.00522	0.00784	0.01077	0.01437	0.03102	0.79855	0.03722	0.01763	0.00718	0.00229	0.00326	0.01600	0.00522	0.00457
7	0.02139	0.01576	0.01689	0.01295	0.01745	0.01745	0.01070	0.74835	0.02646	0.03547	0.01351	0.01351	0.00957	0.00676	0.00563	0.00169	0.00619	0.00507	0.00563	0.00957
8	0.84197	0.01088	0.00827	0.00740	0.01088	0.01262	0.00609	0.01654	0.00958	0.02525	0.00784	0.00914	0.00609	0.00522	0.00348	0.00174	0.00435	0.00305	0.00348	0.00609
9	0.84197	0.01088	0.00827	0.00740	0.01088	0.01262	0.00609	0.01654	0.00958	0.02525	0.00784	0.00914	0.00609	0.00522	0.00348	0.00174	0.00435	0.00305	0.00348	0.00609
10	0.01328	0.01518	0.03321	0.02372	0.02941	0.01423	0.74668	0.01803	0.01328	0.01803	0.01139	0.01518	0.00854	0.00474	0.00664	0.00190	0.00949	0.00664	0.00285	0.00759
11	0.01393	0.01337	0.02284	0.03454	0.76712	0.01337	0.01727	0.01727	0.01281	0.01839	0.01059	0.01393	0.00891	0.00501	0.00557	0.00167	0.00669	0.00501	0.00279	0.00891
12	0.01328	0.01518	0.03321	0.02372	0.02941	0.01423	0.74668	0.01803	0.01328	0.01803	0.01139	0.01518	0.00854	0.00474	0.00664	0.00190	0.00949	0.00664	0.00285	0.00759
13	0.01063	0.01000	0.01688	0.78870	0.03876	0.01250	0.01563	0.01438	0.01125	0.01438	0.01000	0.01500	0.00750	0.00563	0.00563	0.00188	0.00750	0.00500	0.00250	0.00625
14	0.00786	0.00575	0.00738	0.00697	0.00835	0.00527	0.00523	0.01043	0.01569	0.02201	0.71029	0.04296	0.10731	0.01171	0.00664	0.00178	0.00267	0.01031	0.00612	0.00527
15	0.02525	0.00958	0.01306	0.01001	0.01437	0.00827	0.00827	0.02743	0.01611	0.77102	0.02220	0.01915	0.01393	0.00697	0.00566	0.00174	0.00479	0.00566	0.00697	0.00958
16	0.00774	0.00665	0.00674	0.00655	0.00864	0.00612	0.00496	0.01131	0.12311	0.01644	0.05196	0.04924	0.65402	0.01327	0.00651	0.00190	0.00309	0.01106	0.00530	0.00537
17	0.02525	0.00958	0.01306	0.01001	0.01437	0.00827	0.00827	0.02743	0.01611	0.77102	0.02220	0.01915	0.01393	0.00697	0.00566	0.00174	0.00479	0.00566	0.00697	0.00958
18	0.84197	0.01088	0.00827	0.00740	0.01088	0.01262	0.00609	0.01654	0.00958	0.02525	0.00784	0.00914	0.00609	0.00522	0.00348	0.00174	0.00435	0.00305	0.00348	0.00609
19	0.02525	0.00958	0.01306	0.01001	0.01437	0.00827	0.00827	0.02743	0.01611	0.77102	0.02220	0.01915	0.01393	0.00697	0.00566	0.00174	0.00479	0.00566	0.00697	0.00958
20	0.00686	0.00490	0.00653	0.00784	0.00816	0.00457	0.00522	0.00784	0.01077	0.01437	0.03102	0.79855	0.03722	0.01763	0.00718	0.00229	0.00326	0.01600	0.00522	0.00457
21	0.02472	0.00946	0.01289	0.00992	0.01419	0.00818	0.00818	0.02692	0.01610	0.74831	0.04471	0.01985	0.01512	0.00710	0.00569	0.00174	0.00472	0.00580	0.00694	0.00945
22	0.01129	0.02911	0.77306	0.01604	0.02436	0.01307	0.02079	0.01782	0.01188	0.01782	0.01010	0.01188	0.00713	0.00535	0.00535	0.00178	0.00832	0.00416	0.00238	0.00832
23	0.02322	0.01117	0.05443	0.03416	0.01585	0.00954	0.00936	0.07232	0.05547	0.62142	0.02067	0.01838	0.01326	0.00686	0.00564	0.00175	0.00513	0.00556	0.00643	0.00937
24	0.01285	0.00752	0.00776	0.00691	0.00891	0.00788	0.00540	0.17199	0.01497	0.02411	0.01731	0.01937	0.01338	0.00660	0.00430	0.00139	0.00339	0.00521	0.65457	0.00618
25	0.01389	0.01357	0.02258	0.08147	0.67943	0.03374	0.03834	0.01725	0.01281	0.01800	0.01052	0.01393	0.00877	0.00507	0.00559	0.00169	0.00691	0.00502	0.00277	0.00864
26	0.00796	0.00575	0.00752	0.00708	0.00841	0.00531	0.00531	0.01062	0.01593	0.02257	0.76415	0.04204	0.05310	0.01150	0.00664	0.00177	0.00265	0.01018	0.00619	0.00531
27	0.00686	0.00490	0.00653	0.00784	0.00816	0.00457	0.00522	0.00784	0.01077	0.01437	0.03102	0.79855	0.03722	0.01763	0.00718	0.00229	0.00326	0.01600	0.00522	0.00457
28	0.00686	0.00490	0.00653	0.00784	0.00816	0.00457	0.00522	0.00784	0.01077	0.01437	0.03102	0.79855	0.03722	0.01763	0.00718	0.00229	0.00326	0.01600	0.00522	0.00457
29	0.00686	0.00490	0.00653	0.00784	0.00816	0.00457	0.00522	0.00784	0.01077	0.01437	0.03102	0.79855	0.03722	0.01763	0.00718	0.00229	0.00326	0.01600	0.00522	0.00457
30	0.01505	0.80561	0.02949	0.00963	0.01444	0.02227	0.00963	0.01685	0.01143	0.01324	0.00782	0.00903	0.00722	0.00481	0.00361	0.00120	0.00602	0.00301	0.00241	0.00722
31	0.01129	0.02911	0.77306	0.01604	0.02436	0.01307	0.02079	0.01782	0.01188	0.01782	0.01010	0.01188	0.00713	0.00535	0.00535	0.00178	0.00832	0.00416	0.00238	0.00832
32	0.00686	0.00490	0.00653	0.00784	0.00816	0.00457	0.00522	0.00784	0.01077	0.01437	0.03102	0.79855	0.03722	0.01763	0.00718	0.00229	0.00326	0.01600	0.00522	0.00457
33	0.01400	0.01209	0.01273	0.01145	0.01463	0.01400	0.00891	0.02990	0.75695	0.02354	0.02291	0.02100	0.01718	0.00764	0.00573	0.00191	0.00445	0.00636	0.00573	0.00891
34	0.01424	0.01221	0.01286	0.01150	0.01473	0.01411	0.00897	0.05350	0.73296	0.02393	0.02260	0.02075	0.01693	0.00761	0.00572	0.00190	0.00451	0.00632	0.00572	0.00893
35	0.00818	0.00546	0.00614	0.00614	0.00614	0.00546	0.00341	0.00818	0.00818	0.01091	0.01773	0.03683	0.02046	0.80222	0.02864	0.00546	0.00546	0.00818	0.00341	0.00341
36	0.00686	0.00490	0.00653	0.00784	0.00816	0.00457	0.00522	0.00784	0.01077	0.01437	0.03102	0.79855	0.03722	0.01763	0.00718	0.00229	0.00326	0.01600	0.00522	0.00457
37	0.01505	0.80561	0.02949	0.00963	0.01444	0.02227	0.00963	0.01685	0.01143	0.01324	0.00782	0.00903	0.00722	0.00481	0.00361	0.00120	0.00602	0.00301	0.00241	0.00722
38	0.01175	0.05421	0.70764	0.01597	0.02394	0.03660	0.03787	0.01794	0.01202	0.01755	0.01001	0.01182	0.00717	0.00533	0.00531	0.00176	0.00833	0.00417	0.00240	0.00821
39	0.01715	0.01646	0.01473	0.01271	0.01567	0.22251	0.01002	0.22291	0.20760	0.02218	0.01427	0.01537	0.01120	0.01091	0.09226	0.00256	0.07428	0.00510	0.00436	0.00778
40	0.01505	0.80561	0.02949	0.00963	0.01444	0.02227	0.00963	0.01685	0.01143	0.01324	0.00782	0.00903	0.00722	0.00481	0.00361	0.00120	0.00602	0.00301	0.00241	0.00722
41	0.01328	0.01518	0.03321	0.02372	0.02941	0.01423	0.74668	0.01803	0.01328	0.01803	0.01139	0.01518	0.00854	0.00474	0.00664	0.00190	0.00949	0.00664	0.00285	0.00759
42	0.00764	0.00590	0.00706	0.00745	0.00896	0.00537	0.00592	0.00956	0.01314	0.01670	0.15571	0.08974	0.37897	0.03322	0.00754	0.00219	0.00361	0.23105	0.00532	0.00493
43	0.84197	0.01088	0.00827	0.00740	0.01088	0.01262	0.00609	0.01654	0.00958	0.02525	0.00784	0.00914	0.00609	0.00522	0.00348	0.00174	0.00435	0.00305	0.00348	0.00609
44	0.00796	0.00575	0.00752	0.00708	0.00841	0.00531	0.00531	0.01062	0.01593	0.02257	0.76415	0.04204	0.05310	0.01150	0.00664	0.00177	0.00265	0.01018	0.00619	0.00531
45	0.00672	0.00568	0.00582	0.00584	0.00766	0.00477	0.00436	0.00819	0.01291	0.01553	0.09058	0.07886	0.70543	0.01423	0.00667	0.00191	0.00286	0.01193	0.00527	0.00477
46	0.01381	0.01487	0.08209	0.05061	0.67232	0.03215	0.01735	0.01737	0.01278	0.01813	0.01049	0.01370	0.00870	0.00507	0.00554	0.00168	0.00692	0.00491	0.00275	0.00874
47	0.02525	0.00958	0.01306	0.01001	0.01437	0.00827	0.00827	0.02743	0.01611	0.77102	0.02220	0.01915	0.01393	0.00697	0.00566	0.00174	0.00479	0.00566	0.00697	0.00958
48	0.00805	0.00581	0.00764	0.00734	0.00866	0.00540	0.00560	0.01070	0.01570	0.02212	0.70681	0.04371	0.05148	0.01182	0.00673	0.00183	0.00285	0.06632	0.00612	0.00530
49	0.01226	0.01177	0.02033	0.40948	0.37214	0.01298	0.04850	0.01586	0.01206	0.01638	0.01033	0.01452	0.00819	0.00531	0.00565	0.00178	0.00722	0.00508	0.00265	0.00753
50	0.03772	0.09895	0.03522	0.01454	0.05086	0.53538	0.01106	0.08360	0.05191	0.01660	0.00981	0.01104	0.00797	0.00582	0.00501	0.00149	0.00881	0.00388	0.00322	0.00711
51	0.01708	0.01208	0.01331	0.01100	0.01429	0.01308	0.00876	0.44042	0.08228	0.06546	0.04377	0.15947	0.01730	0.00897	0.00584	0.00179	0.00507	0.00739	0.06449	0.00815
52	0.00739	0.00548	0.00695	0.00752	0.00855	0.00504	0.00553	0.00911	0.01284	0.01706	0.23484	0.35686	0.18434	0.01505	0.00700	0.00211	0.00325	0.10073	0.00548	0.00488
53	0.12595	0.24283	0.01742	0.01032	0.01403	0.12775	0.00879	0.03732	0.05302	0.19846	0.04833	0.01524	0.03156	0.00650	0.00532	0.00159	0.03928	0.00461	0.00422	0.00748

[dist]
# distance from previous block
# <min> <max>
0	5

[block]
# block no. 4 follows, 42 sequences, length 34
# corresponding to MSA columns:
# 389-422
name=unknown_E
#
# <colnr> <probs for GDERKNQSTAVLIFYWHMCP>
#	G	D	E	R	K	N	Q	S	T	A	V	L	I	F	Y	W	H	M	C	P
0	0.53460	0.02848	0.12350	0.02601	0.06947	0.03324	0.04060	0.03956	0.01117	0.03616	0.00901	0.01059	0.00687	0.00530	0.00423	0.00173	0.00562	0.00366	0.00332	0.00689
1	0.10391	0.21407	0.45875	0.01406	0.04545	0.01540	0.01602	0.04143	0.01203	0.01813	0.00943	0.01101	0.00718	0.00524	0.00474	0.00163	0.00720	0.00382	0.00263	0.00787
2	0.00776	0.00593	0.00714	0.00680	0.00836	0.00541	0.00511	0.01045	0.03769	0.02040	0.53047	0.04501	0.26436	0.01221	0.00661	0.00181	0.00277	0.01057	0.00589	0.00525
3	0.01661	0.01166	0.01292	0.01119	0.01466	0.01288	0.00882	0.05051	0.57783	0.18294	0.02248	0.02038	0.01626	0.00747	0.00571	0.00187	0.00458	0.00617	0.00599	0.00907
4	0.02525	0.00958	0.01306	0.01001	0.01437	0.00827	0.00827	0.02743	0.01611	0.77102	0.02220	0.01915	0.01393	0.00697	0.00566	0.00174	0.00479	0.00566	0.00697	0.00958
5	0.00686	0.00490	0.00653	0.00784	0.00816	0.00457	0.00522	0.00784	0.01077	0.01437	0.03102	0.79855	0.03722	0.01763	0.00718	0.00229	0.00326	0.01600	0.00522	0.00457
6	0.00978	0.00489	0.00733	0.00733	0.00733	0.00489	0.00489	0.00733	0.00733	0.00978	0.00978	0.01711	0.00978	0.01955	0.02199	0.83627	0.00489	0.00489	0.00244	0.00244
7	0.00796	0.00575	0.00752	0.00708	0.00841	0.00531	0.00531	0.01062	0.01593	0.02257	0.76415	0.04204	0.05310	0.01150	0.00664	0.00177	0.00265	0.01018	0.00619	0.00531
8	0.01400	0.01209	0.01273	0.01145	0.01463	0.01400	0.00891	0.02990	0.75695	0.02354	0.02291	0.02100	0.01718	0.00764	0.00573	0.00191	0.00445	0.00636	0.00573	0.00891
9	0.01231	0.01231	0.01724	0.01477	0.01477	0.01724	0.01231	0.01354	0.00862	0.01354	0.00739	0.01231	0.00739	0.00985	0.01847	0.00246	0.79192	0.00492	0.00246	0.00616
10	0.01063	0.01000	0.01688	0.78870	0.03876	0.01250	0.01563	0.01438	0.01125	0.01438	0.01000	0.01500	0.00750	0.00563	0.00563	0.00188	0.00750	0.00500	0.00250	0.00625
11	0.00692	0.00494	0.00660	0.00791	0.00827	0.00463	0.00534	0.00795	0.01084	0.01444	0.03098	0.77691	0.03708	0.01757	0.00720	0.00229	0.00332	0.03700	0.00522	0.00459
12	0.01146	0.06474	0.73894	0.01575	0.02390	0.01349	0.02028	0.01778	0.01186	0.01761	0.00999	0.01175	0.00713	0.00532	0.00527	0.00176	0.00821	0.00411	0.00238	0.00827
13	0.01129	0.02911	0.77306	0.01604	0.02436	0.01307	0.02079	0.01782	0.01188	0.01782	0.01010	0.01188	0.00713	0.00535	0.00535	0.00178	0.00832	0.00416	0.00238	0.00832
14	0.00696	0.00498	0.00664	0.00788	0.00827	0.00465	0.00534	0.00805	0.01104	0.01476	0.05949	0.74786	0.03770	0.01733	0.00718	0.00227	0.00330	0.03641	0.00526	0.00462
15	0.01242	0.07635	0.49050	0.05804	0.19372	0.03825	0.01867	0.01761	0.01216	0.01734	0.01001	0.01226	0.00756	0.00526	0.00529	0.00171	0.00781	0.00430	0.00249	0.00822
16	0.00805	0.00598	0.00881	0.00881	0.00973	0.00691	0.00674	0.00990	0.00897	0.01289	0.01529	0.02331	0.01459	0.10426	0.71858	0.00875	0.01429	0.00621	0.00305	0.00489
17	0.02525	0.00958	0.01306	0.01001	0.01437	0.00827	0.00827	0.02743	0.01611	0.77102	0.02220	0.01915	0.01393	0.00697	0.00566	0.00174	0.00479	0.00566	0.00697	0.00958
18	0.01505	0.80561	0.02949	0.00963	0.01444	0.02227	0.00963	0.01685	0.01143	0.01324	0.00782	0.00903	0.00722	0.00481	0.00361	0.00120	0.00602	0.00301	0.00241	0.00722
19	0.84197	0.01088	0.00827	0.00740	0.01088	0.01262	0.00609	0.01654	0.00958	0.02525	0.00784	0.00914	0.00609	0.00522	0.00348	0.00174	0.00435	0.00305	0.00348	0.00609
20	0.11655	0.00972	0.01252	0.00972	0.01398	0.00876	0.00803	0.02621	0.01538	0.68765	0.02060	0.01804	0.01305	0.00677	0.00542	0.00174	0.00474	0.00537	0.00658	0.00919
21	0.00936	0.00612	0.00734	0.00685	0.00864	0.00541	0.00514	0.01130	0.01420	0.10254	0.34700	0.06812	0.32218	0.05140	0.00764	0.00202	0.00313	0.01042	0.00574	0.00545
22	0.00814	0.00596	0.00870	0.00865	0.00971	0.00676	0.00670	0.01025	0.00994	0.01449	0.09896	0.02428	0.01845	0.03714	0.65787	0.00788	0.01311	0.00646	0.04148	0.00507
23	0.00890	0.00637	0.00884	0.00987	0.01117	0.00630	0.00850	0.01150	0.01340	0.01770	0.14044	0.06025	0.03551	0.01494	0.00760	0.00247	0.00480	0.62090	0.00533	0.00520
24	0.01254	0.05396	0.66331	0.01548	0.02325	0.01387	0.01929	0.09945	0.01350	0.01964	0.01040	0.01197	0.00740	0.00549	0.00532	0.00175	0.00800	0.00422	0.00274	0.00842
25	0.01566	0.50452	0.04128	0.01092	0.01492	0.20852	0.00991	0.01751	0.01230	0.01346	0.00891	0.01084	0.00799	0.00925	0.09080	0.00215	0.00811	0.00353	0.00260	0.00683
26	0.74860	0.01030	0.00798	0.00721	0.01052	0.01174	0.00589	0.01560	0.00994	0.02413	0.01333	0.01417	0.09091	0.00623	0.00384	0.00176	0.00419	0.00403	0.00368	0.00594
27	0.01285	0.01377	0.03614	0.41927	0.16502	0.09872	0.14154	0.01650	0.01242	0.01573	0.01020	0.01423	0.00790	0.00538	0.00572	0.00179	0.00801	0.00512	0.00265	0.00703
28	0.00799	0.00631	0.00727	0.00693	0.00865	0.00588	0.00522	0.01136	0.08229	0.01971	0.41346	0.04497	0.33473	0.01225	0.00656	0.00183	0.00290	0.01051	0.00576	0.00541
29	0.00900	0.00859	0.09298	0.00799	0.01042	0.00623	0.00706	0.01174	0.01458	0.06189	0.42997	0.04124	0.23109	0.01141	0.00648	0.00183	0.00354	0.03270	0.00553	0.00574
30	0.01066	0.00972	0.01141	0.15854	0.05122	0.09421	0.00989	0.02948	0.01311	0.01610	0.02699	0.09006	0.14393	0.01182	0.00669	0.00213	0.00576	0.29826	0.00433	0.00570
31	0.01257	0.03372	0.02253	0.01727	0.02018	0.02901	0.31264	0.03928	0.01199	0.01652	0.01387	0.02097	0.04033	0.00898	0.02812	0.00229	0.27305	0.08682	0.00315	0.00670
32	0.69401	0.03018	0.00956	0.00808	0.01160	0.01301	0.00664	0.03312	0.09366	0.04226	0.00997	0.01078	0.00761	0.00556	0.00383	0.00175	0.00445	0.00352	0.00383	0.00659
33	0.01617	0.53820	0.04638	0.01077	0.01524	0.11165	0.01003	0.05293	0.09617	0.04051	0.01041	0.01112	0.00866	0.00542	0.00423	0.00137	0.00638	0.00367	0.00313	0.00754

[dist]
# distance from previous block
# <min> <max>
0	3

[block]
# block no. 5 follows, 42 sequences, length 14
# corresponding to MSA columns:
# 431-444
name=unknown_F
#
# <colnr> <probs for GDERKNQSTAVLIFYWHMCP>
#	G	D	E	R	K	N	Q	S	T	A	V	L	I	F	Y	W	H	M	C	P
0	0.00750	0.00847	0.09556	0.00731	0.00984	0.00588	0.00655	0.00977	0.01324	0.01679	0.16812	0.04756	0.53137	0.01281	0.00654	0.00189	0.00354	0.03697	0.00505	0.00528
1	0.01342	0.01091	0.01438	0.11426	0.10662	0.02440	0.03241	0.22110	0.05305	0.02174	0.01939	0.19319	0.01912	0.01011	0.00632	0.00199	0.00570	0.12013	0.00461	0.00715
2	0.12504	0.20654	0.06647	0.16532	0.11338	0.13275	0.01223	0.07143	0.02700	0.01789	0.00957	0.01171	0.00769	0.00543	0.00475	0.00159	0.00693	0.00403	0.00299	0.00726
3	0.00881	0.00605	0.00710	0.00691	0.00728	0.00628	0.00432	0.04468	0.00921	0.01244	0.01712	0.03345	0.01896	0.64801	0.14149	0.00582	0.00695	0.00770	0.00346	0.00396
4	0.00687	0.00568	0.00603	0.00600	0.00775	0.00483	0.00448	0.00848	0.01325	0.01636	0.16980	0.08064	0.62252	0.01394	0.00667	0.00189	0.00283	0.01176	0.00538	0.00483
5	0.01263	0.01831	0.26682	0.04386	0.35618	0.04193	0.05659	0.01712	0.02940	0.01768	0.01236	0.07869	0.01075	0.00626	0.00568	0.00177	0.00719	0.00571	0.00292	0.00812
6	0.01842	0.12849	0.08559	0.05975	0.12075	0.04373	0.01144	0.03690	0.08825	0.31265	0.01620	0.02853	0.01162	0.00635	0.00533	0.00168	0.00589	0.00516	0.00471	0.00856
7	0.01418	0.01296	0.05081	0.22559	0.34003	0.01268	0.13557	0.01785	0.01283	0.10498	0.01190	0.01494	0.00900	0.00537	0.00576	0.00177	0.00720	0.00532	0.00319	0.00806
8	0.01194	0.01292	0.02651	0.02099	0.08786	0.01211	0.52537	0.01581	0.01294	0.01737	0.01855	0.09614	0.09952	0.00713	0.00660	0.00192	0.00787	0.00803	0.00335	0.00708
9	0.01958	0.01355	0.07701	0.01121	0.01571	0.03952	0.00976	0.23536	0.04965	0.29530	0.06649	0.01730	0.01395	0.00673	0.00550	0.00162	0.00546	0.00535	0.00552	0.10544
10	0.01808	0.10222	0.01826	0.11334	0.10654	0.01447	0.03433	0.27477	0.04652	0.16368	0.01464	0.04357	0.01106	0.00660	0.00549	0.00170	0.00606	0.00543	0.00469	0.00854
11	0.00814	0.00600	0.00871	0.00882	0.00973	0.00680	0.00678	0.00997	0.00927	0.01313	0.01661	0.02727	0.01634	0.12857	0.62808	0.00809	0.01313	0.06649	0.00324	0.00485
12	0.01071	0.10132	0.03918	0.06231	0.01247	0.00944	0.00721	0.07358	0.04979	0.04424	0.11391	0.05187	0.26073	0.12822	0.00930	0.00231	0.00454	0.00838	0.00456	0.00591
13	0.18531	0.13187	0.08014	0.10874	0.15633	0.19932	0.01216	0.01787	0.01251	0.01750	0.02517	0.01188	0.00831	0.00546	0.00475	0.00160	0.00709	0.00402	0.00291	0.00707

[dist]
# distance from previous block
# <min> <max>
0	112

# created by:
# /st0/software/busco_prod/Augustus/scripts/msa2prfl.pl ./align_prep/153174.fa
