[name]
unknown

[dist]
# distance from previous block
# <min> <max>
0	27

[block]
# block no. 0 follows, 41 sequences, length 20
# corresponding to MSA columns:
# 27-46
name=unknown_A
#
# <colnr> <probs for GDERKNQSTAVLIFYWHMCP>
#	G	D	E	R	K	N	Q	S	T	A	V	L	I	F	Y	W	H	M	C	P
0	0.04816	0.07064	0.65788	0.01527	0.02297	0.01346	0.01927	0.01770	0.01200	0.01814	0.01100	0.01433	0.00844	0.00590	0.00537	0.00182	0.00799	0.03892	0.00260	0.00814
1	0.00872	0.00593	0.00767	0.00732	0.00875	0.00542	0.00546	0.01112	0.01539	0.05742	0.59262	0.12601	0.10175	0.01237	0.00676	0.00187	0.00289	0.01090	0.00615	0.00548
2	0.01274	0.01014	0.07613	0.23738	0.05334	0.00909	0.01102	0.01578	0.01349	0.16434	0.15356	0.11105	0.05818	0.00923	0.00621	0.00192	0.00542	0.03947	0.00467	0.00683
3	0.11031	0.00917	0.04764	0.01023	0.01303	0.00805	0.06525	0.01546	0.01284	0.18190	0.02681	0.17548	0.11432	0.03835	0.00718	0.00220	0.00493	0.14530	0.00509	0.00647
4	0.01147	0.02959	0.76934	0.01630	0.02476	0.01328	0.02113	0.01811	0.01208	0.01811	0.01026	0.01208	0.00725	0.00543	0.00543	0.00181	0.00845	0.00423	0.00242	0.00845
5	0.00793	0.00576	0.00751	0.00747	0.00869	0.00533	0.00559	0.01030	0.01502	0.02089	0.56354	0.16119	0.08470	0.01307	0.00691	0.00194	0.00298	0.05990	0.00603	0.00524
6	0.01147	0.02959	0.76934	0.01630	0.02476	0.01328	0.02113	0.01811	0.01208	0.01811	0.01026	0.01208	0.00725	0.00543	0.00543	0.00181	0.00845	0.00423	0.00242	0.00845
7	0.02566	0.00973	0.01327	0.01018	0.01460	0.00841	0.00841	0.02788	0.01637	0.76726	0.02257	0.01947	0.01416	0.00708	0.00575	0.00177	0.00487	0.00575	0.00708	0.00973
8	0.00898	0.00604	0.00799	0.00768	0.00910	0.00559	0.00586	0.01153	0.01559	0.05843	0.61331	0.09436	0.04915	0.01223	0.00683	0.00190	0.00306	0.07063	0.00618	0.00555
9	0.01333	0.01810	0.27335	0.04455	0.05962	0.01228	0.26254	0.01833	0.03255	0.09302	0.03311	0.06623	0.01263	0.00668	0.00616	0.00190	0.00773	0.02647	0.00352	0.00790
10	0.02460	0.01143	0.01433	0.01098	0.01545	0.01093	0.00907	0.22150	0.01922	0.56962	0.02018	0.01792	0.01296	0.00702	0.00574	0.00176	0.00525	0.00559	0.00671	0.00973
11	0.00820	0.00591	0.00779	0.00750	0.00885	0.00551	0.00575	0.01089	0.01591	0.02240	0.69325	0.04473	0.05204	0.01207	0.00685	0.00188	0.00293	0.07595	0.00620	0.00539
12	0.00817	0.00613	0.00919	0.00919	0.01021	0.00715	0.00715	0.01021	0.00919	0.01328	0.01532	0.02247	0.01430	0.04290	0.77631	0.00919	0.01532	0.00613	0.00306	0.00511
13	0.71448	0.03927	0.04654	0.02743	0.01284	0.01340	0.00749	0.04907	0.01071	0.02507	0.00839	0.00977	0.00648	0.00538	0.00379	0.00175	0.00484	0.00329	0.00352	0.00650
14	0.04947	0.49682	0.13643	0.01109	0.01625	0.01921	0.01131	0.07876	0.04298	0.01725	0.00950	0.01071	0.00795	0.00537	0.00460	0.00142	0.02610	0.00361	0.00295	0.04822
15	0.01495	0.73327	0.09613	0.01037	0.01558	0.02180	0.01080	0.01722	0.01166	0.01387	0.00816	0.00943	0.00733	0.00494	0.00383	0.00128	0.00633	0.00316	0.00244	0.00744
16	0.01151	0.00592	0.00621	0.00592	0.00749	0.00590	0.00450	0.04004	0.01295	0.05185	0.06195	0.02223	0.01676	0.00698	0.00429	0.00139	0.00289	0.00563	0.71991	0.00567
17	0.00911	0.00722	0.00985	0.13946	0.02977	0.00776	0.00776	0.01212	0.05468	0.01806	0.24507	0.20577	0.07756	0.04172	0.00796	0.00210	0.04725	0.00988	0.06129	0.00560
18	0.00760	0.00571	0.00707	0.00715	0.00846	0.00517	0.00530	0.00967	0.01427	0.01921	0.41168	0.18794	0.22731	0.01376	0.00691	0.00197	0.00299	0.04691	0.00581	0.00511
19	0.00726	0.00542	0.00673	0.00731	0.00825	0.00497	0.00515	0.00872	0.01238	0.01631	0.17786	0.41000	0.21474	0.04440	0.02641	0.00241	0.00351	0.02798	0.00538	0.00482

[dist]
# distance from previous block
# <min> <max>
0	1

[block]
# block no. 1 follows, 41 sequences, length 22
# corresponding to MSA columns:
# 48-69
name=unknown_B
#
# <colnr> <probs for GDERKNQSTAVLIFYWHMCP>
#	G	D	E	R	K	N	Q	S	T	A	V	L	I	F	Y	W	H	M	C	P
0	0.01394	0.19095	0.10860	0.19486	0.02397	0.07090	0.14153	0.04847	0.01312	0.04377	0.01193	0.05402	0.00990	0.00613	0.00537	0.00170	0.00733	0.00534	0.04095	0.00721
1	0.05726	0.13687	0.10821	0.08906	0.01901	0.03835	0.02869	0.24539	0.07959	0.04108	0.05457	0.01576	0.01210	0.02913	0.00622	0.00182	0.01956	0.00511	0.00420	0.00802
2	0.00861	0.00629	0.00811	0.00807	0.00872	0.00681	0.00566	0.03340	0.00983	0.01348	0.02016	0.13876	0.05187	0.33049	0.28850	0.00598	0.03837	0.00860	0.00370	0.00459
3	0.01186	0.01017	0.01186	0.00847	0.01356	0.00762	0.00678	0.01440	0.01186	0.01864	0.01017	0.01186	0.00847	0.00424	0.00424	0.00085	0.00424	0.00339	0.00339	0.83395
4	0.01199	0.01028	0.01192	0.00865	0.01363	0.00799	0.00690	0.01529	0.05305	0.01893	0.01090	0.01239	0.00897	0.00443	0.00432	0.00091	0.00425	0.00356	0.00352	0.78811
5	0.01295	0.01207	0.01653	0.06208	0.01615	0.01624	0.01194	0.07560	0.01066	0.01611	0.00907	0.01359	0.00831	0.01032	0.03976	0.00254	0.60571	0.00508	0.04882	0.00647
6	0.00717	0.00518	0.00646	0.00738	0.00787	0.00482	0.00487	0.00806	0.01078	0.01411	0.03271	0.56783	0.13048	0.15104	0.01096	0.00282	0.00364	0.01435	0.00499	0.00447
7	0.01311	0.01194	0.01562	0.01334	0.01450	0.03269	0.02810	0.05687	0.09267	0.03927	0.13292	0.01869	0.01651	0.00956	0.01369	0.00222	0.47167	0.00608	0.00381	0.00676
8	0.00742	0.00546	0.00694	0.00733	0.00832	0.00499	0.00521	0.00920	0.01346	0.01825	0.34330	0.37111	0.14831	0.01480	0.00699	0.00205	0.00300	0.01316	0.00573	0.00499
9	0.01290	0.03014	0.01679	0.09461	0.01718	0.01609	0.01195	0.08593	0.01095	0.01595	0.00962	0.03254	0.00918	0.04422	0.03376	0.00262	0.54075	0.00542	0.00295	0.00645
10	0.00730	0.00593	0.00650	0.00657	0.00825	0.00523	0.00490	0.00937	0.03555	0.01688	0.16777	0.13360	0.52311	0.01424	0.00682	0.00197	0.00303	0.03242	0.00549	0.00504
11	0.01347	0.01225	0.02044	0.28448	0.46543	0.01312	0.01634	0.01743	0.03932	0.04597	0.01146	0.01498	0.00908	0.00548	0.00569	0.00178	0.00692	0.00517	0.00300	0.00818
12	0.01186	0.01017	0.01186	0.00847	0.01356	0.00762	0.00678	0.01440	0.01186	0.01864	0.01017	0.01186	0.00847	0.00424	0.00424	0.00085	0.00424	0.00339	0.00339	0.83395
13	0.01140	0.01114	0.01710	0.74152	0.03816	0.05601	0.01561	0.01508	0.01171	0.01458	0.01009	0.01497	0.00761	0.00573	0.00569	0.00188	0.00778	0.00500	0.00256	0.00637
14	0.01423	0.01229	0.01293	0.01164	0.01487	0.01423	0.00905	0.03039	0.75297	0.02393	0.02328	0.02134	0.01746	0.00776	0.00582	0.00194	0.00453	0.00647	0.00582	0.00905
15	0.02566	0.00973	0.01327	0.01018	0.01460	0.00841	0.00841	0.02788	0.01637	0.76726	0.02257	0.01947	0.01416	0.00708	0.00575	0.00177	0.00487	0.00575	0.00708	0.00973
16	0.01479	0.70151	0.12652	0.01064	0.01600	0.02141	0.01127	0.01726	0.01168	0.01407	0.00825	0.00955	0.00733	0.00496	0.00390	0.00130	0.00642	0.00321	0.00244	0.00749
17	0.01138	0.39054	0.01816	0.00824	0.01139	0.01364	0.00736	0.01348	0.01353	0.01727	0.29505	0.02831	0.13402	0.00881	0.00526	0.00154	0.00438	0.00708	0.00429	0.00625
18	0.01942	0.01425	0.01644	0.01295	0.01689	0.01561	0.04162	0.55438	0.03832	0.06671	0.01601	0.10154	0.01311	0.00816	0.00644	0.00183	0.03538	0.00651	0.00550	0.00893
19	0.02062	0.01503	0.01609	0.01246	0.01668	0.01658	0.01021	0.67552	0.02536	0.03428	0.01417	0.01505	0.01042	0.03661	0.00650	0.00184	0.00606	0.00528	0.05200	0.00925
20	0.01286	0.01426	0.03019	0.04735	0.02769	0.01372	0.62267	0.01726	0.01330	0.01815	0.05405	0.04126	0.01205	0.00587	0.00725	0.00196	0.04248	0.00712	0.00313	0.00738
21	0.01350	0.01543	0.03375	0.02411	0.02989	0.01446	0.74253	0.01832	0.01350	0.01832	0.01157	0.01543	0.00868	0.00482	0.00675	0.00193	0.00964	0.00675	0.00289	0.00771

[dist]
# distance from previous block
# <min> <max>
0	17

[block]
# block no. 2 follows, 41 sequences, length 86
# corresponding to MSA columns:
# 87-172
name=unknown_C
#
# <colnr> <probs for GDERKNQSTAVLIFYWHMCP>
#	G	D	E	R	K	N	Q	S	T	A	V	L	I	F	Y	W	H	M	C	P
0	0.00832	0.00555	0.00624	0.00624	0.00624	0.00555	0.00347	0.00832	0.00832	0.01109	0.01802	0.03743	0.02080	0.79898	0.02911	0.00555	0.00555	0.00832	0.00347	0.00347
1	0.00810	0.00585	0.00765	0.00720	0.00855	0.00540	0.00540	0.01079	0.01619	0.02294	0.76028	0.04273	0.05397	0.01169	0.00675	0.00180	0.00270	0.01034	0.00630	0.00540
2	0.01147	0.02959	0.76934	0.01630	0.02476	0.01328	0.02113	0.01811	0.01208	0.01811	0.01026	0.01208	0.00725	0.00543	0.00543	0.00181	0.00845	0.00423	0.00242	0.00845
3	0.02219	0.00889	0.01208	0.00971	0.01342	0.00774	0.00783	0.02427	0.01566	0.62514	0.06838	0.12093	0.01962	0.00876	0.00601	0.00184	0.00454	0.00739	0.00680	0.00882
4	0.00839	0.00643	0.00756	0.00724	0.00873	0.00615	0.00530	0.01180	0.08965	0.01964	0.40915	0.07167	0.21195	0.10019	0.00918	0.00228	0.00327	0.01035	0.00566	0.00539
5	0.00695	0.00540	0.00632	0.00695	0.00806	0.00477	0.00488	0.00825	0.01221	0.01550	0.08907	0.41749	0.36175	0.01600	0.00702	0.00212	0.00309	0.01402	0.00537	0.00477
6	0.48753	0.05638	0.11315	0.07052	0.01509	0.01236	0.00910	0.01653	0.01115	0.04630	0.07496	0.01382	0.01125	0.00600	0.00434	0.00174	0.00512	0.00420	0.03388	0.00659
7	0.00694	0.00576	0.00603	0.00612	0.00787	0.00491	0.00456	0.00842	0.01298	0.01573	0.09099	0.09892	0.64714	0.03145	0.00730	0.00204	0.00303	0.02965	0.00532	0.00483
8	0.01272	0.01499	0.12302	0.29219	0.23503	0.01355	0.16882	0.03884	0.01286	0.01764	0.01075	0.01451	0.00826	0.00536	0.00588	0.00184	0.00789	0.00532	0.00277	0.00777
9	0.04197	0.01001	0.01320	0.01019	0.01450	0.00896	0.00840	0.07089	0.01687	0.67958	0.04872	0.01975	0.01518	0.00720	0.00574	0.00177	0.00487	0.00583	0.00689	0.00950
10	0.38162	0.01308	0.01196	0.01000	0.01360	0.04803	0.00808	0.27067	0.06769	0.02800	0.04667	0.01434	0.01108	0.02971	0.00544	0.00185	0.00526	0.00461	0.02082	0.00751
11	0.04775	0.01243	0.01410	0.03544	0.01593	0.01252	0.00901	0.32448	0.05190	0.11378	0.04871	0.01563	0.01220	0.00705	0.02093	0.00165	0.00546	0.00497	0.00502	0.24103
12	0.01371	0.01511	0.05276	0.02846	0.33652	0.01406	0.41630	0.01799	0.01326	0.01847	0.01119	0.01479	0.00879	0.00496	0.00625	0.00183	0.00841	0.00598	0.00285	0.00830
13	0.00817	0.00613	0.00919	0.00919	0.01021	0.00715	0.00715	0.01021	0.00919	0.01328	0.01532	0.02247	0.01430	0.04290	0.77631	0.00919	0.01532	0.00613	0.00306	0.00511
14	0.01186	0.01017	0.01186	0.00847	0.01356	0.00762	0.00678	0.01440	0.01186	0.01864	0.01017	0.01186	0.00847	0.00424	0.00424	0.00085	0.00424	0.00339	0.00339	0.83395
15	0.11106	0.16631	0.14130	0.01901	0.23393	0.11277	0.03109	0.04173	0.01296	0.01815	0.01027	0.01320	0.00860	0.00690	0.03322	0.00191	0.00744	0.01944	0.00295	0.00776
16	0.01157	0.05110	0.60598	0.01526	0.03783	0.01267	0.01836	0.01731	0.01257	0.03383	0.09862	0.01579	0.01293	0.00629	0.00586	0.00180	0.02621	0.00498	0.00298	0.00804
17	0.01204	0.00988	0.01163	0.00850	0.01331	0.00749	0.00675	0.01449	0.01196	0.04225	0.01170	0.05388	0.01022	0.00506	0.00445	0.00096	0.00421	0.00415	0.00361	0.76349
18	0.01186	0.01017	0.01186	0.00847	0.01356	0.00762	0.00678	0.01440	0.01186	0.01864	0.01017	0.01186	0.00847	0.00424	0.00424	0.00085	0.00424	0.00339	0.00339	0.83395
19	0.01378	0.05032	0.06758	0.07786	0.08209	0.01345	0.02718	0.08073	0.03974	0.07731	0.01399	0.04803	0.02564	0.00993	0.05236	0.00237	0.23024	0.00573	0.07448	0.00719
20	0.00707	0.00573	0.00627	0.00629	0.00795	0.00494	0.00466	0.00875	0.01354	0.01700	0.20784	0.11697	0.54466	0.01418	0.00680	0.00194	0.00289	0.01206	0.00552	0.00494
21	0.06248	0.14582	0.14814	0.07242	0.01695	0.02434	0.01122	0.09055	0.01258	0.04095	0.01265	0.01682	0.01071	0.01869	0.27027	0.00426	0.00973	0.02126	0.00328	0.00689
22	0.01011	0.00634	0.00778	0.00776	0.00942	0.00566	0.00569	0.02481	0.01286	0.12286	0.06341	0.36790	0.24521	0.02983	0.00723	0.00213	0.00357	0.03198	0.00551	0.02993
23	0.00814	0.00670	0.00824	0.00922	0.07427	0.00616	0.00610	0.01072	0.04678	0.01814	0.24785	0.11915	0.39168	0.01292	0.00667	0.00191	0.00330	0.01114	0.00540	0.00553
24	0.04060	0.43252	0.32324	0.01228	0.01838	0.01789	0.01408	0.01720	0.01163	0.01571	0.00920	0.01093	0.00758	0.00682	0.03889	0.00183	0.00740	0.00366	0.00250	0.00765
25	0.02030	0.01408	0.01539	0.01215	0.01626	0.01535	0.01000	0.55474	0.06880	0.09725	0.01617	0.01749	0.01196	0.00732	0.00571	0.00175	0.00576	0.03745	0.06287	0.00918
26	0.01416	0.01359	0.02322	0.03511	0.76330	0.01359	0.01755	0.01755	0.01302	0.01869	0.01076	0.01416	0.00906	0.00510	0.00566	0.00170	0.00680	0.00510	0.00283	0.00906
27	0.83938	0.01106	0.00841	0.00752	0.01106	0.01283	0.00619	0.01681	0.00973	0.02566	0.00796	0.00929	0.00619	0.00531	0.00354	0.00177	0.00442	0.00310	0.00354	0.00619
28	0.00707	0.00505	0.00675	0.00808	0.00846	0.00473	0.00548	0.00814	0.01105	0.01471	0.03147	0.76260	0.03761	0.01783	0.00733	0.00234	0.00341	0.04792	0.00531	0.00467
29	0.08721	0.73337	0.02809	0.00959	0.01436	0.02178	0.00947	0.01710	0.01146	0.01452	0.00795	0.00919	0.00724	0.00493	0.00366	0.00127	0.00597	0.00306	0.00254	0.00724
30	0.03108	0.18270	0.52915	0.01450	0.02152	0.01475	0.03995	0.01732	0.01176	0.01699	0.01018	0.01253	0.00789	0.02323	0.04151	0.00212	0.00819	0.00422	0.00251	0.00790
31	0.01574	0.03286	0.08498	0.06177	0.10012	0.15947	0.28729	0.11465	0.02866	0.01979	0.03171	0.01455	0.00980	0.00566	0.00596	0.00176	0.00848	0.00551	0.00335	0.00785
32	0.01080	0.01017	0.01716	0.78523	0.03940	0.01271	0.01589	0.01461	0.01144	0.01461	0.01017	0.01525	0.00762	0.00572	0.00572	0.00191	0.00762	0.00508	0.00254	0.00635
33	0.01312	0.01458	0.03050	0.05099	0.05158	0.01432	0.60486	0.01742	0.01291	0.01768	0.01180	0.04082	0.00951	0.00575	0.00774	0.00198	0.07724	0.00680	0.00292	0.00748
34	0.08806	0.01260	0.01802	0.02206	0.35367	0.03601	0.04663	0.04622	0.08969	0.14472	0.03141	0.01839	0.04028	0.00649	0.00565	0.00177	0.00600	0.01959	0.00423	0.00850
35	0.01172	0.04711	0.03200	0.01541	0.08025	0.03223	0.07989	0.01384	0.01028	0.01487	0.01177	0.06158	0.01126	0.01635	0.18251	0.00372	0.33566	0.00597	0.02722	0.00636
36	0.00710	0.00498	0.00667	0.00794	0.00826	0.00466	0.00529	0.00794	0.01079	0.01439	0.03056	0.76049	0.03658	0.01801	0.00797	0.03946	0.00339	0.01576	0.00518	0.00455
37	0.00781	0.00625	0.00694	0.00716	0.00878	0.00573	0.00534	0.03361	0.04392	0.01654	0.06144	0.23849	0.46122	0.01484	0.00690	0.00207	0.00333	0.05911	0.00536	0.00516
38	0.08362	0.04102	0.08168	0.04358	0.06722	0.14245	0.01151	0.22088	0.14232	0.08897	0.01403	0.01440	0.01033	0.00640	0.00538	0.00172	0.00666	0.00487	0.00452	0.00846
39	0.04311	0.01369	0.07908	0.02898	0.01540	0.02604	0.00987	0.34718	0.06331	0.02648	0.01645	0.03348	0.04015	0.02602	0.05206	0.00225	0.03053	0.00569	0.13239	0.00785
40	0.00699	0.00568	0.00620	0.00634	0.00794	0.00488	0.00465	0.00855	0.01318	0.01643	0.15766	0.16748	0.54487	0.01460	0.00684	0.00197	0.00293	0.01246	0.00546	0.00488
41	0.01312	0.01330	0.02460	0.22213	0.05148	0.01437	0.34399	0.07380	0.01325	0.01800	0.01137	0.03848	0.00921	0.00637	0.00810	0.00199	0.11996	0.00617	0.00304	0.00726
42	0.01537	0.21217	0.19655	0.01421	0.06620	0.12296	0.03598	0.09404	0.03776	0.04456	0.07641	0.01497	0.01252	0.00618	0.00515	0.00160	0.00696	0.00478	0.02383	0.00779
43	0.01337	0.01304	0.02309	0.15354	0.53131	0.01333	0.10681	0.01699	0.01283	0.01794	0.01141	0.01615	0.00957	0.00552	0.00588	0.00179	0.00723	0.02901	0.00287	0.00833
44	0.02492	0.01005	0.01338	0.01030	0.01465	0.00896	0.00849	0.07583	0.01708	0.69745	0.04217	0.01972	0.01495	0.00719	0.00578	0.00177	0.00490	0.00584	0.00697	0.00962
45	0.01374	0.03432	0.04967	0.07021	0.16244	0.06380	0.05584	0.09539	0.02522	0.01977	0.01338	0.03252	0.01108	0.02610	0.00718	0.00181	0.08713	0.00540	0.21787	0.00713
46	0.01222	0.07981	0.64640	0.01658	0.04181	0.01387	0.05743	0.01827	0.01224	0.03502	0.01047	0.01228	0.00753	0.00540	0.00540	0.00177	0.00824	0.00434	0.00256	0.00838
47	0.00696	0.00501	0.00660	0.00788	0.00827	0.00465	0.00527	0.00797	0.01103	0.01463	0.03253	0.76711	0.06532	0.01779	0.00728	0.00231	0.00330	0.01610	0.00531	0.00465
48	0.02124	0.01472	0.01612	0.01241	0.01689	0.01586	0.01022	0.59731	0.04206	0.11806	0.01591	0.01551	0.02881	0.00699	0.00569	0.00170	0.00592	0.00535	0.00577	0.04345
49	0.09149	0.01505	0.01524	0.01199	0.01617	0.05773	0.00979	0.53645	0.02257	0.03135	0.01296	0.01363	0.00955	0.00774	0.03207	0.00189	0.00638	0.00481	0.03723	0.06590
50	0.03735	0.00939	0.07433	0.00814	0.01042	0.02547	0.00700	0.08877	0.01288	0.02057	0.01621	0.02004	0.01328	0.04868	0.14962	0.00309	0.00627	0.00539	0.43711	0.00599
51	0.00966	0.00749	0.00908	0.00834	0.01058	0.00653	0.00608	0.04954	0.01195	0.01693	0.02183	0.38974	0.02435	0.08096	0.00807	0.00206	0.00405	0.03128	0.00449	0.29699
52	0.00922	0.00658	0.00922	0.01053	0.01185	0.00658	0.00922	0.01185	0.01317	0.01712	0.03029	0.06452	0.03292	0.01580	0.00790	0.00263	0.00527	0.72480	0.00527	0.00527
53	0.00706	0.00502	0.00661	0.00785	0.00816	0.00471	0.00519	0.00799	0.01078	0.01437	0.03063	0.74518	0.03671	0.06952	0.00874	0.00254	0.00347	0.01574	0.00519	0.00457
54	0.00806	0.00585	0.00760	0.00716	0.00853	0.00538	0.00537	0.01073	0.01611	0.02276	0.74323	0.04303	0.07113	0.01176	0.00675	0.00180	0.00270	0.01039	0.00627	0.00538
55	0.02229	0.01121	0.05721	0.01080	0.01514	0.00962	0.00929	0.02715	0.14134	0.56958	0.02225	0.02100	0.01500	0.00742	0.00582	0.00183	0.00503	0.03210	0.00653	0.00938
56	0.00701	0.00514	0.00658	0.00763	0.00824	0.00471	0.00519	0.00816	0.01153	0.01520	0.07723	0.65423	0.13394	0.01711	0.00720	0.00224	0.00323	0.01537	0.00537	0.00471
57	0.01066	0.00533	0.00533	0.00533	0.00666	0.00533	0.00400	0.01333	0.01200	0.02132	0.01866	0.02132	0.01466	0.00666	0.00400	0.00133	0.00267	0.00533	0.83073	0.00533
58	0.01147	0.02959	0.76934	0.01630	0.02476	0.01328	0.02113	0.01811	0.01208	0.01811	0.01026	0.01208	0.00725	0.00543	0.00543	0.00181	0.00845	0.00423	0.00242	0.00845
59	0.03298	0.06345	0.65041	0.01525	0.02307	0.01328	0.01913	0.01889	0.01237	0.08345	0.01117	0.01252	0.00783	0.00555	0.00533	0.00178	0.00793	0.00428	0.00285	0.00846
60	0.02566	0.00973	0.01327	0.01018	0.01460	0.00841	0.00841	0.02788	0.01637	0.76726	0.02257	0.01947	0.01416	0.00708	0.00575	0.00177	0.00487	0.00575	0.00708	0.00973
61	0.08428	0.00706	0.00836	0.00769	0.00958	0.00696	0.00589	0.01376	0.07976	0.05912	0.55959	0.03729	0.07752	0.01068	0.00633	0.00181	0.00313	0.00921	0.00600	0.00597
62	0.01234	0.13062	0.63316	0.01526	0.02292	0.01452	0.01910	0.01810	0.01203	0.03526	0.01018	0.01188	0.00743	0.00553	0.00557	0.00175	0.02942	0.00413	0.00253	0.00828
63	0.01028	0.00925	0.01428	0.22124	0.17892	0.00976	0.03615	0.01379	0.05644	0.01667	0.04506	0.15265	0.15679	0.00996	0.00634	0.00197	0.00550	0.04444	0.00402	0.00650
64	0.00696	0.00502	0.00660	0.00786	0.00827	0.00465	0.00526	0.00798	0.01105	0.01464	0.03276	0.76072	0.07156	0.01776	0.00728	0.00230	0.00330	0.01607	0.00531	0.00465
65	0.01958	0.01495	0.01595	0.01272	0.01691	0.01673	0.01035	0.53852	0.23613	0.03256	0.01648	0.01593	0.01196	0.00712	0.00575	0.00178	0.00578	0.00553	0.00575	0.00953
66	0.08967	0.03479	0.04922	0.01214	0.03776	0.19033	0.00973	0.17909	0.03133	0.12196	0.05002	0.02005	0.11279	0.00770	0.00588	0.00172	0.02776	0.00579	0.00463	0.00761
67	0.00922	0.00658	0.00922	0.01053	0.01185	0.00658	0.00922	0.01185	0.01317	0.01712	0.03029	0.06452	0.03292	0.01580	0.00790	0.00263	0.00527	0.72480	0.00527	0.00527
68	0.02137	0.02726	0.01621	0.01474	0.01768	0.77602	0.01105	0.02284	0.01621	0.01400	0.00884	0.01031	0.00737	0.00589	0.00516	0.00147	0.01031	0.00368	0.00295	0.00663
69	0.01193	0.01163	0.01627	0.01406	0.01423	0.01598	0.01164	0.01334	0.00943	0.01454	0.07356	0.01561	0.01188	0.01169	0.05305	0.00275	0.68388	0.00552	0.00286	0.00613
70	0.01186	0.01017	0.01186	0.00847	0.01356	0.00762	0.00678	0.01440	0.01186	0.01864	0.01017	0.01186	0.00847	0.00424	0.00424	0.00085	0.00424	0.00339	0.00339	0.83395
71	0.01551	0.47389	0.24432	0.01175	0.01762	0.01806	0.01293	0.01880	0.01237	0.11204	0.01051	0.01135	0.00819	0.00533	0.00446	0.00147	0.00664	0.00375	0.00304	0.00797
72	0.83938	0.01106	0.00841	0.00752	0.01106	0.01283	0.00619	0.01681	0.00973	0.02566	0.00796	0.00929	0.00619	0.00531	0.00354	0.00177	0.00442	0.00310	0.00354	0.00619
73	0.01594	0.56084	0.12041	0.01153	0.01651	0.16177	0.01145	0.01832	0.01253	0.01414	0.00841	0.00975	0.00733	0.00515	0.00417	0.00134	0.00719	0.00332	0.00254	0.00735
74	0.01066	0.00533	0.00533	0.00533	0.00666	0.00533	0.00400	0.01333	0.01200	0.02132	0.01866	0.02132	0.01466	0.00666	0.00400	0.00133	0.00267	0.00533	0.83073	0.00533
75	0.01176	0.00974	0.01129	0.00820	0.01295	0.00742	0.00654	0.01431	0.01187	0.01887	0.01091	0.01269	0.00901	0.00445	0.00422	0.00089	0.00410	0.00356	0.07559	0.76164
76	0.00715	0.00508	0.00668	0.00789	0.00822	0.00478	0.00527	0.00811	0.01079	0.01437	0.03031	0.70692	0.03620	0.08601	0.00922	0.00261	0.00357	0.03709	0.00515	0.00456
77	0.01066	0.00533	0.00533	0.00533	0.00666	0.00533	0.00400	0.01333	0.01200	0.02132	0.01866	0.02132	0.01466	0.00666	0.00400	0.00133	0.00267	0.00533	0.83073	0.00533
78	0.00730	0.00543	0.00755	0.07579	0.01101	0.00535	0.00623	0.00854	0.01099	0.01460	0.02966	0.72718	0.03520	0.01686	0.00716	0.00229	0.00369	0.01529	0.00507	0.00479
79	0.00941	0.07590	0.01090	0.00899	0.01035	0.00875	0.00711	0.02775	0.00995	0.01428	0.01489	0.02182	0.01390	0.08752	0.56336	0.00732	0.03167	0.00590	0.06491	0.00534
80	0.01186	0.01017	0.01186	0.00847	0.01356	0.00762	0.00678	0.01440	0.01186	0.01864	0.01017	0.01186	0.00847	0.00424	0.00424	0.00085	0.00424	0.00339	0.00339	0.83395
81	0.00709	0.00503	0.00660	0.00781	0.00812	0.00472	0.00515	0.00800	0.01072	0.01430	0.03035	0.72912	0.03634	0.08608	0.00920	0.00260	0.00351	0.01557	0.00515	0.00454
82	0.00935	0.07561	0.00981	0.00778	0.00934	0.00735	0.00597	0.01192	0.03581	0.03745	0.46586	0.07123	0.04033	0.10937	0.04514	0.00262	0.00418	0.04003	0.00538	0.00549
83	0.04408	0.06975	0.01489	0.06901	0.05207	0.01148	0.02265	0.12398	0.06329	0.04307	0.03102	0.03382	0.01297	0.00664	0.00520	0.00148	0.00524	0.06752	0.00411	0.31771
84	0.01263	0.11422	0.61922	0.01593	0.04080	0.06580	0.01912	0.01831	0.01233	0.01734	0.00993	0.01169	0.00731	0.00540	0.00523	0.00172	0.00828	0.00408	0.00246	0.00822
85	0.01520	0.63393	0.08393	0.01071	0.01548	0.08460	0.01065	0.01739	0.01215	0.01421	0.03573	0.01078	0.00905	0.00537	0.00434	0.00134	0.02175	0.00350	0.00263	0.00727

[dist]
# distance from previous block
# <min> <max>
0	5

[block]
# block no. 3 follows, 41 sequences, length 32
# corresponding to MSA columns:
# 178-209
name=unknown_D
#
# <colnr> <probs for GDERKNQSTAVLIFYWHMCP>
#	G	D	E	R	K	N	Q	S	T	A	V	L	I	F	Y	W	H	M	C	P
0	0.04601	0.04948	0.17431	0.04297	0.09024	0.07638	0.04431	0.20640	0.06098	0.02226	0.01513	0.01682	0.06082	0.02839	0.00675	0.00188	0.03961	0.00537	0.00386	0.00802
1	0.01677	0.04177	0.07274	0.02751	0.01674	0.02947	0.06359	0.24441	0.09231	0.12412	0.07806	0.01976	0.04313	0.02480	0.00621	0.00179	0.00576	0.00599	0.03961	0.04546
2	0.00888	0.00848	0.08127	0.01030	0.01209	0.00658	0.06781	0.01086	0.01173	0.04188	0.05733	0.52203	0.03121	0.01493	0.00749	0.02687	0.00454	0.06541	0.00485	0.00545
3	0.01235	0.01015	0.01191	0.00853	0.01359	0.00765	0.00684	0.01488	0.01202	0.04531	0.01061	0.01213	0.00867	0.00434	0.00429	0.00088	0.00426	0.00347	0.00352	0.80459
4	0.00832	0.00555	0.00624	0.00624	0.00624	0.00555	0.00347	0.00832	0.00832	0.01109	0.01802	0.03743	0.02080	0.79898	0.02911	0.00555	0.00555	0.00832	0.00347	0.00347
5	0.00922	0.00658	0.00922	0.01053	0.01185	0.00658	0.00922	0.01185	0.01317	0.01712	0.03029	0.06452	0.03292	0.01580	0.00790	0.00263	0.00527	0.72480	0.00527	0.00527
6	0.01413	0.01365	0.02358	0.03473	0.73783	0.01362	0.04273	0.01758	0.01304	0.01867	0.01079	0.01420	0.00905	0.00509	0.00570	0.00171	0.00689	0.00515	0.00283	0.00901
7	0.00697	0.00498	0.00664	0.00796	0.00830	0.00465	0.00531	0.00796	0.01095	0.01460	0.03153	0.79525	0.03783	0.01792	0.00730	0.00232	0.00332	0.01626	0.00531	0.00465
8	0.00922	0.00658	0.00922	0.01053	0.01185	0.00658	0.00922	0.01185	0.01317	0.01712	0.03029	0.06452	0.03292	0.01580	0.00790	0.00263	0.00527	0.72480	0.00527	0.00527
9	0.02174	0.01602	0.01717	0.01316	0.01774	0.01774	0.01087	0.74423	0.02689	0.03605	0.01373	0.01373	0.00973	0.00687	0.00572	0.00172	0.00629	0.00515	0.00572	0.00973
10	0.01066	0.00533	0.00533	0.00533	0.00666	0.00533	0.00400	0.01333	0.01200	0.02132	0.01866	0.02132	0.01466	0.00666	0.00400	0.00133	0.00267	0.00533	0.83073	0.00533
11	0.00827	0.00572	0.00712	0.00712	0.00743	0.00603	0.00457	0.00889	0.00858	0.01175	0.01721	0.03295	0.01885	0.57231	0.25313	0.00664	0.00848	0.00766	0.00335	0.00396
12	0.01251	0.01251	0.01752	0.01502	0.01502	0.01752	0.01251	0.01377	0.00876	0.01377	0.00751	0.01251	0.00751	0.01001	0.01877	0.00250	0.78851	0.00501	0.00250	0.00626
13	0.01066	0.00533	0.00533	0.00533	0.00666	0.00533	0.00400	0.01333	0.01200	0.02132	0.01866	0.02132	0.01466	0.00666	0.00400	0.00133	0.00267	0.00533	0.83073	0.00533
14	0.00832	0.00555	0.00624	0.00624	0.00624	0.00555	0.00347	0.00832	0.00832	0.01109	0.01802	0.03743	0.02080	0.79898	0.02911	0.00555	0.00555	0.00832	0.00347	0.00347
15	0.01251	0.01251	0.01752	0.01502	0.01502	0.01752	0.01251	0.01377	0.00876	0.01377	0.00751	0.01251	0.00751	0.01001	0.01877	0.00250	0.78851	0.00501	0.00250	0.00626
16	0.01743	0.01205	0.01305	0.04274	0.01479	0.01321	0.00869	0.45923	0.02106	0.03003	0.01530	0.01644	0.01136	0.00675	0.00512	0.00159	0.00509	0.00521	0.29282	0.00806
17	0.05007	0.16288	0.51646	0.01558	0.04414	0.05169	0.04807	0.01810	0.01218	0.01747	0.00976	0.01156	0.00733	0.00532	0.00509	0.00169	0.00795	0.00408	0.00253	0.00806
18	0.01066	0.00533	0.00533	0.00533	0.00666	0.00533	0.00400	0.01333	0.01200	0.02132	0.01866	0.02132	0.01466	0.00666	0.00400	0.00133	0.00267	0.00533	0.83073	0.00533
19	0.00701	0.00583	0.00603	0.00611	0.00788	0.00498	0.00458	0.00844	0.01274	0.01527	0.05365	0.05446	0.66823	0.06613	0.00830	0.00221	0.00321	0.05499	0.00519	0.00477
20	0.03899	0.00660	0.00718	0.00719	0.00909	0.00610	0.00567	0.04253	0.01361	0.01739	0.08838	0.05208	0.49802	0.03628	0.00745	0.00215	0.00362	0.14725	0.00526	0.00518
21	0.01177	0.01154	0.01770	0.66405	0.11019	0.05883	0.01576	0.01540	0.01188	0.01498	0.01015	0.01484	0.00775	0.00567	0.00568	0.00186	0.00770	0.00500	0.00259	0.00664
22	0.00976	0.00497	0.00740	0.00748	0.00750	0.00495	0.00499	0.00748	0.00766	0.01022	0.01124	0.06450	0.01163	0.01975	0.02144	0.78323	0.00487	0.00565	0.00266	0.00261
23	0.00985	0.00498	0.00732	0.00738	0.00745	0.00497	0.00494	0.00774	0.00779	0.01063	0.01116	0.04749	0.01122	0.01920	0.02095	0.76412	0.00480	0.00542	0.03990	0.00270
24	0.05634	0.02076	0.09562	0.08637	0.21329	0.34733	0.01388	0.05064	0.01454	0.01718	0.00991	0.01229	0.00801	0.00645	0.02218	0.00180	0.00863	0.00432	0.00298	0.00750
25	0.00997	0.00498	0.00736	0.00736	0.00742	0.00498	0.00493	0.00770	0.00765	0.01042	0.01031	0.01756	0.01014	0.01930	0.02157	0.79790	0.00487	0.00498	0.03800	0.00261
26	0.00738	0.00555	0.00688	0.00784	0.00860	0.00526	0.00538	0.00936	0.05623	0.01530	0.03522	0.63084	0.15142	0.01676	0.00713	0.00224	0.00332	0.01500	0.00534	0.00494
27	0.01294	0.01569	0.08769	0.02151	0.02642	0.01446	0.54770	0.01722	0.01258	0.01748	0.01162	0.04473	0.00951	0.00616	0.00848	0.00202	0.12681	0.00666	0.00289	0.00743
28	0.03244	0.01514	0.10612	0.01624	0.10738	0.10052	0.09895	0.04465	0.09877	0.06758	0.01780	0.13054	0.04230	0.00855	0.00706	0.00193	0.06855	0.02402	0.00403	0.00744
29	0.07721	0.07132	0.25869	0.01725	0.06660	0.01342	0.22275	0.04123	0.01270	0.01874	0.03072	0.06939	0.01138	0.02118	0.00646	0.00189	0.02588	0.00595	0.00312	0.02411
30	0.01622	0.16901	0.06181	0.03441	0.21066	0.17643	0.02976	0.08573	0.01456	0.04981	0.01271	0.01462	0.03848	0.00816	0.05192	0.00204	0.00782	0.00476	0.00332	0.00778
31	0.11786	0.08243	0.32417	0.06320	0.08090	0.01352	0.08381	0.01875	0.04552	0.07831	0.03198	0.01401	0.00970	0.00571	0.00529	0.00177	0.00707	0.00474	0.00327	0.00797

[dist]
# distance from previous block
# <min> <max>
6	37

[block]
# block no. 4 follows, 41 sequences, length 31
# corresponding to MSA columns:
# 247-277
name=unknown_E
#
# <colnr> <probs for GDERKNQSTAVLIFYWHMCP>
#	G	D	E	R	K	N	Q	S	T	A	V	L	I	F	Y	W	H	M	C	P
0	0.04126	0.12316	0.30106	0.01726	0.09580	0.01466	0.12259	0.01807	0.07372	0.01782	0.01211	0.05402	0.01009	0.00643	0.00651	0.00183	0.06737	0.00537	0.00301	0.00786
1	0.06160	0.01589	0.01639	0.03162	0.01687	0.15670	0.04864	0.27017	0.03318	0.02259	0.01145	0.01470	0.00953	0.06912	0.01015	0.00214	0.17447	0.00506	0.00395	0.02577
2	0.01135	0.00955	0.01446	0.10402	0.16535	0.00989	0.05119	0.07119	0.04899	0.01977	0.15647	0.12720	0.02589	0.01034	0.00659	0.00203	0.00541	0.14897	0.00460	0.00676
3	0.65554	0.01050	0.00941	0.07921	0.01366	0.01201	0.00714	0.01672	0.01074	0.06318	0.06783	0.01299	0.01048	0.00594	0.00411	0.00178	0.00461	0.00399	0.00385	0.00633
4	0.01705	0.01897	0.01455	0.01456	0.08618	0.40434	0.01004	0.06770	0.10267	0.01684	0.01510	0.04826	0.04314	0.09016	0.02402	0.00220	0.00805	0.00563	0.00371	0.00684
5	0.01066	0.00533	0.00533	0.00533	0.00666	0.00533	0.00400	0.01333	0.01200	0.02132	0.01866	0.02132	0.01466	0.00666	0.00400	0.00133	0.00267	0.00533	0.83073	0.00533
6	0.01186	0.01017	0.01186	0.00847	0.01356	0.00762	0.00678	0.01440	0.01186	0.01864	0.01017	0.01186	0.00847	0.00424	0.00424	0.00085	0.00424	0.00339	0.00339	0.83395
7	0.00810	0.00585	0.00765	0.00720	0.00855	0.00540	0.00540	0.01079	0.01619	0.02294	0.76028	0.04273	0.05397	0.01169	0.00675	0.00180	0.00270	0.01034	0.00630	0.00540
8	0.01066	0.00533	0.00533	0.00533	0.00666	0.00533	0.00400	0.01333	0.01200	0.02132	0.01866	0.02132	0.01466	0.00666	0.00400	0.00133	0.00267	0.00533	0.83073	0.00533
9	0.01080	0.01017	0.01716	0.78523	0.03940	0.01271	0.01589	0.01461	0.01144	0.01461	0.01017	0.01525	0.00762	0.00572	0.00572	0.00191	0.00762	0.00508	0.00254	0.00635
10	0.01374	0.01314	0.02267	0.03261	0.66615	0.01309	0.05478	0.01715	0.01306	0.01854	0.01233	0.01817	0.01091	0.00592	0.00589	0.00178	0.00682	0.06153	0.00303	0.00869
11	0.03535	0.00769	0.00957	0.00943	0.05692	0.00737	0.00666	0.08110	0.01623	0.02293	0.49974	0.03689	0.12290	0.01054	0.00635	0.00175	0.00345	0.00912	0.00567	0.05035
12	0.00824	0.00558	0.00637	0.00632	0.00653	0.00551	0.00370	0.00857	0.00929	0.01247	0.09687	0.03856	0.04836	0.69119	0.02605	0.00504	0.00516	0.00865	0.00382	0.00371
13	0.01295	0.20420	0.01925	0.01266	0.01484	0.01595	0.05833	0.06084	0.06957	0.01634	0.01393	0.15660	0.01404	0.00950	0.01035	0.00203	0.29153	0.00684	0.00349	0.00676
14	0.02086	0.01351	0.13874	0.01132	0.01611	0.01024	0.01056	0.11237	0.03744	0.46277	0.08878	0.01978	0.01630	0.00723	0.00579	0.00178	0.00542	0.00588	0.00603	0.00909
15	0.01441	0.01610	0.13194	0.02972	0.56707	0.01392	0.01723	0.07958	0.03844	0.02025	0.01135	0.01405	0.00913	0.00538	0.00564	0.00172	0.00692	0.00502	0.00311	0.00903
16	0.01529	0.80242	0.02997	0.00979	0.01468	0.02263	0.00979	0.01713	0.01162	0.01346	0.00795	0.00918	0.00734	0.00489	0.00367	0.00122	0.00612	0.00306	0.00245	0.00734
17	0.00721	0.00568	0.00634	0.00661	0.00800	0.00502	0.00481	0.00861	0.01247	0.01557	0.10278	0.17919	0.46417	0.09184	0.00911	0.00239	0.00336	0.05690	0.00520	0.00474
18	0.01286	0.06897	0.65040	0.01598	0.04339	0.01341	0.01943	0.01881	0.01241	0.07653	0.01112	0.01256	0.00784	0.00553	0.00537	0.00177	0.00800	0.00431	0.00279	0.00851
19	0.01258	0.01270	0.01854	0.01559	0.01595	0.01733	0.05821	0.01405	0.00906	0.01405	0.00776	0.01270	0.00758	0.00969	0.01802	0.00247	0.73976	0.00511	0.00253	0.00635
20	0.00810	0.00585	0.00765	0.00720	0.00855	0.00540	0.00540	0.01079	0.01619	0.02294	0.76028	0.04273	0.05397	0.01169	0.00675	0.00180	0.00270	0.01034	0.00630	0.00540
21	0.06025	0.00675	0.00910	0.12683	0.01374	0.00729	0.00744	0.02672	0.01121	0.01575	0.02527	0.57282	0.02919	0.01465	0.00732	0.00222	0.04064	0.01295	0.00466	0.00519
22	0.05698	0.33427	0.11967	0.01271	0.04127	0.15913	0.01159	0.08953	0.01415	0.05824	0.01005	0.01126	0.00808	0.00568	0.00502	0.00151	0.03105	0.00385	0.01831	0.00765
23	0.00741	0.00523	0.00680	0.00768	0.00800	0.00511	0.00506	0.00827	0.01015	0.01364	0.02671	0.53883	0.03145	0.20480	0.08961	0.00377	0.00505	0.01337	0.00465	0.00441
24	0.00811	0.00560	0.00733	0.00756	0.00860	0.00516	0.00542	0.01004	0.01391	0.04160	0.41072	0.35651	0.06940	0.01425	0.00695	0.00202	0.00303	0.01273	0.00588	0.00520
25	0.41816	0.07281	0.09739	0.03765	0.08637	0.01362	0.03411	0.04182	0.06972	0.02271	0.04937	0.01329	0.01029	0.00585	0.00456	0.00175	0.00548	0.00430	0.00361	0.00716
26	0.03724	0.03068	0.04203	0.01127	0.01516	0.04920	0.00933	0.15617	0.28839	0.17799	0.04142	0.02019	0.05358	0.00750	0.00566	0.00178	0.00523	0.00601	0.00558	0.03561
27	0.04124	0.06586	0.10031	0.01447	0.01771	0.15415	0.11925	0.04442	0.03195	0.03444	0.02816	0.01528	0.01036	0.03715	0.09742	0.00284	0.16976	0.00517	0.00316	0.00689
28	0.03629	0.02996	0.03903	0.01295	0.01668	0.01573	0.04691	0.39768	0.15014	0.02795	0.01509	0.03579	0.01182	0.03170	0.00764	0.00196	0.08041	0.00572	0.02797	0.00857
29	0.01891	0.01356	0.01607	0.03151	0.07512	0.01446	0.02749	0.43548	0.06718	0.09964	0.01507	0.01665	0.01136	0.06292	0.00730	0.00197	0.00595	0.00547	0.02639	0.04751
30	0.01171	0.03620	0.06473	0.08415	0.06180	0.03919	0.22274	0.05015	0.01338	0.01785	0.08855	0.16199	0.05766	0.02774	0.00737	0.00202	0.03387	0.00839	0.00385	0.00668

[dist]
# distance from previous block
# <min> <max>
6	11

[block]
# block no. 5 follows, 41 sequences, length 14
# corresponding to MSA columns:
# 289-302
name=unknown_F
#
# <colnr> <probs for GDERKNQSTAVLIFYWHMCP>
#	G	D	E	R	K	N	Q	S	T	A	V	L	I	F	Y	W	H	M	C	P
0	0.03796	0.30341	0.09844	0.01239	0.05268	0.12662	0.01079	0.08476	0.01425	0.01798	0.10088	0.04751	0.03233	0.00703	0.00540	0.00158	0.03004	0.00525	0.00352	0.00720
1	0.03140	0.24326	0.29494	0.01283	0.01838	0.06953	0.03806	0.06256	0.01383	0.03909	0.11086	0.01561	0.01393	0.00627	0.00512	0.00161	0.00687	0.00484	0.00336	0.00764
2	0.07043	0.22340	0.25254	0.01738	0.17657	0.01528	0.03775	0.01762	0.03079	0.01775	0.00997	0.01189	0.00800	0.00514	0.00483	0.00155	0.00676	0.00409	0.00278	0.08547
3	0.01351	0.10974	0.23425	0.04142	0.20277	0.01358	0.01451	0.03885	0.10489	0.05069	0.01489	0.03366	0.04264	0.00630	0.00539	0.00169	0.00644	0.00527	0.00349	0.05601
4	0.00734	0.00536	0.00678	0.00738	0.00815	0.00498	0.00509	0.00872	0.01217	0.01629	0.19958	0.44267	0.13738	0.08150	0.02691	0.00258	0.00359	0.01345	0.00533	0.00475
5	0.00732	0.00540	0.00757	0.00835	0.00894	0.00505	0.02843	0.00857	0.01144	0.01539	0.09877	0.67707	0.03791	0.04079	0.00790	0.00236	0.00353	0.01516	0.00527	0.00478
6	0.01282	0.01311	0.03550	0.01769	0.05301	0.03468	0.28642	0.07421	0.01283	0.01765	0.01403	0.13593	0.01345	0.02850	0.03768	0.00243	0.19224	0.00749	0.00341	0.00691
7	0.02028	0.01493	0.01595	0.01248	0.01671	0.01655	0.01023	0.62696	0.09390	0.03390	0.01497	0.01497	0.01079	0.00694	0.00561	0.00171	0.00588	0.00529	0.06260	0.00936
8	0.01326	0.41670	0.36968	0.01269	0.01909	0.01768	0.01485	0.01735	0.01200	0.01596	0.03713	0.01177	0.00904	0.00540	0.00460	0.00152	0.00707	0.00387	0.00258	0.00778
9	0.01741	0.03542	0.08492	0.01170	0.01559	0.03444	0.01016	0.31927	0.06004	0.13186	0.01975	0.12095	0.06010	0.00898	0.00654	0.01636	0.02606	0.00702	0.00522	0.00823
10	0.01147	0.02959	0.76934	0.01630	0.02476	0.01328	0.02113	0.01811	0.01208	0.01811	0.01026	0.01208	0.00725	0.00543	0.00543	0.00181	0.00845	0.00423	0.00242	0.00845
11	0.01583	0.01753	0.01681	0.01809	0.17775	0.31652	0.06176	0.03518	0.08982	0.01703	0.01677	0.10329	0.05374	0.00792	0.00585	0.00176	0.00752	0.02589	0.00372	0.00719
12	0.01106	0.01084	0.08128	0.02776	0.06606	0.03803	0.00878	0.06590	0.04698	0.05754	0.03534	0.11640	0.33639	0.01153	0.00668	0.00195	0.02203	0.04423	0.00479	0.00641
13	0.01101	0.01038	0.01753	0.73931	0.08372	0.01276	0.01599	0.01479	0.01153	0.01486	0.01020	0.01518	0.00771	0.00568	0.00572	0.00189	0.00757	0.00508	0.00256	0.00652

[dist]
# distance from previous block
# <min> <max>
0	1

[block]
# block no. 6 follows, 41 sequences, length 43
# corresponding to MSA columns:
# 304-346
name=unknown_G
#
# <colnr> <probs for GDERKNQSTAVLIFYWHMCP>
#	G	D	E	R	K	N	Q	S	T	A	V	L	I	F	Y	W	H	M	C	P
0	0.01418	0.01842	0.20926	0.06995	0.11033	0.06225	0.31271	0.01871	0.01329	0.07557	0.01226	0.03478	0.00940	0.00565	0.00607	0.00184	0.00841	0.00581	0.00314	0.00797
1	0.01298	0.01304	0.03991	0.21602	0.44246	0.04482	0.03385	0.01626	0.01233	0.01680	0.01115	0.01600	0.00950	0.05759	0.03176	0.00224	0.00746	0.00529	0.00280	0.00775
2	0.00822	0.00556	0.00621	0.00621	0.00633	0.00550	0.00352	0.00831	0.00861	0.01136	0.02047	0.03851	0.06622	0.75084	0.02774	0.00532	0.00538	0.00855	0.00358	0.00355
3	0.04210	0.17918	0.50999	0.01420	0.02132	0.01513	0.01706	0.06448	0.01307	0.05812	0.01060	0.01190	0.00775	0.00550	0.00506	0.00169	0.00753	0.00410	0.00292	0.00830
4	0.02277	0.01072	0.01347	0.01067	0.01475	0.01026	0.00868	0.14763	0.08395	0.52875	0.02172	0.06860	0.01523	0.00780	0.00585	0.00181	0.00498	0.00639	0.00662	0.00934
5	0.00800	0.00787	0.05531	0.00766	0.00978	0.00642	0.00620	0.01140	0.09753	0.01660	0.06334	0.21430	0.44700	0.01384	0.00669	0.00201	0.00353	0.01183	0.00521	0.00552
6	0.00837	0.00616	0.00802	0.00839	0.00922	0.00601	0.02339	0.04578	0.03020	0.01613	0.08069	0.51566	0.05177	0.13473	0.01044	0.00272	0.00397	0.02831	0.00507	0.00497
7	0.01471	0.01886	0.16441	0.06722	0.41365	0.15489	0.02986	0.01840	0.01333	0.01754	0.01047	0.01329	0.00844	0.00537	0.00551	0.00169	0.00777	0.00470	0.02164	0.00824
8	0.00904	0.00617	0.00773	0.00826	0.00935	0.00592	0.00582	0.02618	0.06743	0.06403	0.07173	0.56872	0.09639	0.01562	0.00698	0.00219	0.00350	0.01396	0.00552	0.00546
9	0.01350	0.01543	0.03375	0.02411	0.02989	0.01446	0.74253	0.01832	0.01350	0.01832	0.01157	0.01543	0.00868	0.00482	0.00675	0.00193	0.00964	0.00675	0.00289	0.00771
10	0.01296	0.01707	0.14907	0.09438	0.05258	0.01408	0.51948	0.01819	0.02993	0.01808	0.01147	0.01497	0.00856	0.00508	0.00639	0.00190	0.00906	0.00613	0.00285	0.00778
11	0.01295	0.02608	0.59450	0.01773	0.07190	0.03163	0.07921	0.01883	0.01263	0.06562	0.01115	0.01291	0.00792	0.00548	0.00557	0.00180	0.00826	0.00457	0.00279	0.00847
12	0.01635	0.01841	0.01794	0.21921	0.15864	0.34127	0.02790	0.03448	0.01399	0.01572	0.00983	0.01286	0.00799	0.00598	0.00628	0.00170	0.05841	0.00452	0.02146	0.00704
13	0.30534	0.01690	0.01336	0.01194	0.03857	0.23659	0.00913	0.20741	0.03026	0.02448	0.01063	0.01172	0.00818	0.00599	0.00471	0.00165	0.00662	0.00404	0.04515	0.00734
14	0.78774	0.01098	0.00872	0.00769	0.01129	0.01255	0.00633	0.01752	0.01016	0.07273	0.00889	0.00994	0.00670	0.00542	0.00368	0.00177	0.00445	0.00327	0.00376	0.00642
15	0.00695	0.00505	0.00656	0.00777	0.00825	0.00466	0.00523	0.00799	0.01113	0.01468	0.03384	0.73042	0.10116	0.01762	0.00725	0.00229	0.00328	0.01589	0.00531	0.00466
16	0.00696	0.00578	0.00596	0.00593	0.00769	0.00492	0.00437	0.00841	0.01297	0.01573	0.10776	0.05299	0.66061	0.06477	0.00820	0.00215	0.00305	0.01170	0.00527	0.00478
17	0.05301	0.05914	0.64642	0.01618	0.02405	0.01373	0.07373	0.01802	0.01205	0.01832	0.01015	0.01207	0.00730	0.00536	0.00537	0.00179	0.00825	0.00431	0.00251	0.00824
18	0.01171	0.00987	0.01143	0.00855	0.01309	0.00782	0.00676	0.04374	0.02758	0.01901	0.01454	0.06770	0.05017	0.00588	0.00467	0.00106	0.00419	0.00485	0.00377	0.68359
19	0.01369	0.01289	0.02133	0.03123	0.64808	0.01277	0.01611	0.01731	0.03171	0.01872	0.01230	0.01743	0.01077	0.00580	0.00572	0.00171	0.00648	0.05134	0.00310	0.06150
20	0.01420	0.01337	0.02231	0.10836	0.65443	0.01371	0.01706	0.05345	0.01356	0.01915	0.01085	0.01424	0.00895	0.00525	0.00567	0.00172	0.00685	0.00510	0.00295	0.00883
21	0.06758	0.28181	0.07451	0.01126	0.01505	0.17813	0.01006	0.02939	0.04322	0.01604	0.01345	0.06309	0.05196	0.00701	0.00574	0.00157	0.06185	0.00496	0.00322	0.06012
22	0.03138	0.03605	0.15419	0.01102	0.01405	0.05761	0.06512	0.01242	0.01209	0.01593	0.02850	0.28713	0.19598	0.01195	0.00690	0.00201	0.03726	0.01028	0.00418	0.00595
23	0.01315	0.00914	0.01089	0.00934	0.01171	0.03953	0.02557	0.14052	0.01759	0.11150	0.44409	0.07051	0.03714	0.02501	0.00684	0.00187	0.00415	0.00880	0.00596	0.00669
24	0.00722	0.00561	0.00657	0.00676	0.00812	0.00496	0.00491	0.00895	0.01350	0.01756	0.26871	0.23265	0.36506	0.01446	0.00689	0.00199	0.00294	0.01256	0.00562	0.00496
25	0.00888	0.00754	0.01260	0.06572	0.01444	0.00734	0.14232	0.01095	0.01188	0.01599	0.11369	0.36812	0.02984	0.11392	0.00985	0.00259	0.00510	0.04937	0.00455	0.00531
26	0.01293	0.01053	0.01224	0.00883	0.01386	0.00830	0.00709	0.06145	0.01296	0.04362	0.01079	0.01222	0.00873	0.00449	0.00438	0.00093	0.00439	0.00358	0.00366	0.75502
27	0.69241	0.01119	0.00997	0.10753	0.01503	0.01306	0.00767	0.05276	0.01081	0.02476	0.00853	0.01028	0.00655	0.00544	0.00393	0.00178	0.00493	0.00345	0.00352	0.00639
28	0.00858	0.00628	0.00839	0.00947	0.01077	0.00609	0.00798	0.01087	0.01300	0.01676	0.05390	0.13901	0.14321	0.01572	0.00764	0.00247	0.00464	0.52479	0.00531	0.00514
