[name]
unknown

[dist]
# distance from previous block
# <min> <max>
1	150

[block]
# block no. 0 follows, 46 sequences, length 14
# corresponding to MSA columns:
# 180-193
name=unknown_A
#
# <colnr> <probs for GDERKNQSTAVLIFYWHMCP>
#	G	D	E	R	K	N	Q	S	T	A	V	L	I	F	Y	W	H	M	C	P
0	0.06304	0.02302	0.01391	0.09256	0.03828	0.03882	0.05110	0.26019	0.03942	0.06225	0.01530	0.07698	0.05157	0.02280	0.00668	0.04751	0.01851	0.00577	0.00413	0.06817
1	0.04462	0.01022	0.01115	0.00929	0.01214	0.01070	0.00734	0.36631	0.01746	0.05847	0.02260	0.09980	0.15437	0.07706	0.00764	0.01642	0.00468	0.03050	0.00486	0.03439
2	0.12883	0.00893	0.03147	0.00862	0.01137	0.00836	0.00693	0.09765	0.02345	0.15761	0.01840	0.20071	0.03280	0.04680	0.00687	0.02431	0.01628	0.04262	0.00452	0.12346
3	0.04308	0.03492	0.01334	0.06988	0.20884	0.00982	0.00966	0.08338	0.05983	0.05959	0.07375	0.17924	0.04056	0.02260	0.00598	0.00181	0.00479	0.04821	0.00415	0.02659
4	0.03823	0.02249	0.53429	0.01588	0.08759	0.01269	0.03963	0.06714	0.09762	0.01871	0.01106	0.01241	0.00807	0.00530	0.00508	0.00167	0.00706	0.00430	0.00287	0.00792
5	0.01146	0.00984	0.01262	0.08037	0.10102	0.00854	0.00829	0.06275	0.01192	0.01776	0.01078	0.05649	0.00942	0.00499	0.00443	0.00109	0.00453	0.00422	0.00325	0.57621
6	0.01446	0.01036	0.01182	0.00894	0.01299	0.00947	0.00718	0.22449	0.01522	0.10746	0.01493	0.01619	0.06019	0.05101	0.00590	0.00141	0.00450	0.00462	0.00424	0.41461
7	0.10209	0.01170	0.04307	0.05256	0.03661	0.03508	0.09068	0.12750	0.01353	0.12020	0.01280	0.07635	0.01053	0.00613	0.00529	0.00149	0.02892	0.00513	0.00388	0.21646
8	0.11499	0.10428	0.10176	0.01157	0.01536	0.22742	0.01013	0.15136	0.12816	0.03784	0.01137	0.01230	0.00884	0.02134	0.00533	0.00161	0.02140	0.00411	0.00363	0.00719
9	0.00934	0.00687	0.00819	0.00802	0.00940	0.00673	0.00575	0.13551	0.01250	0.01685	0.02386	0.46702	0.04984	0.11108	0.00872	0.00229	0.00389	0.03079	0.00461	0.07874
10	0.00719	0.00492	0.00591	0.00640	0.00652	0.00479	0.00388	0.00756	0.00866	0.01155	0.02164	0.34434	0.02550	0.49590	0.01886	0.00394	0.00430	0.01062	0.00388	0.00364
11	0.01201	0.01009	0.01150	0.00854	0.01300	0.00855	0.00683	0.08069	0.09770	0.01919	0.01105	0.01210	0.00887	0.00449	0.00420	0.00097	0.00411	0.00359	0.00357	0.67894
12	0.01717	0.03051	0.01382	0.01079	0.01426	0.01339	0.00876	0.50344	0.06575	0.07861	0.10116	0.08627	0.01651	0.00776	0.00549	0.00165	0.00502	0.00626	0.00533	0.00804
13	0.06260	0.01245	0.01965	0.12152	0.40127	0.01308	0.09789	0.12096	0.06355	0.01970	0.01095	0.01346	0.00861	0.00516	0.00526	0.00164	0.00634	0.00486	0.00318	0.00785

[dist]
# distance from previous block
# <min> <max>
0	1

[block]
# block no. 1 follows, 46 sequences, length 21
# corresponding to MSA columns:
# 195-215
name=unknown_B
#
# <colnr> <probs for GDERKNQSTAVLIFYWHMCP>
#	G	D	E	R	K	N	Q	S	T	A	V	L	I	F	Y	W	H	M	C	P
0	0.07290	0.09637	0.33219	0.01285	0.01810	0.03296	0.03840	0.12993	0.02889	0.06631	0.01033	0.01164	0.00769	0.00565	0.00595	0.00163	0.08103	0.00409	0.00317	0.03993
1	0.01185	0.23402	0.45977	0.01468	0.02121	0.01474	0.14092	0.01653	0.01127	0.01564	0.00912	0.01097	0.00694	0.00480	0.00479	0.00155	0.00743	0.00401	0.00231	0.00743
2	0.00711	0.00504	0.00592	0.00622	0.00668	0.00478	0.00395	0.00778	0.00963	0.01268	0.09031	0.25258	0.13921	0.40576	0.01649	0.00351	0.00397	0.01040	0.00415	0.00384
3	0.00971	0.00681	0.00865	0.07075	0.01135	0.00673	0.00629	0.07719	0.02467	0.05903	0.10371	0.34184	0.03906	0.10627	0.00845	0.00221	0.00399	0.02233	0.01946	0.07152
4	0.01157	0.01086	0.01929	0.47321	0.17879	0.01207	0.13955	0.01541	0.03069	0.04223	0.01043	0.01421	0.00791	0.00513	0.00544	0.00172	0.00705	0.00501	0.00268	0.00674
5	0.00648	0.00462	0.00612	0.00731	0.00760	0.00432	0.00485	0.00737	0.01004	0.01338	0.02870	0.78377	0.03442	0.04429	0.00745	0.00225	0.00314	0.01477	0.00485	0.00426
6	0.00707	0.00540	0.00639	0.00683	0.00781	0.00508	0.00479	0.00910	0.05798	0.01487	0.12034	0.37641	0.24122	0.08802	0.00834	0.00225	0.00318	0.02546	0.00488	0.00458
7	0.07871	0.00893	0.01148	0.01002	0.04574	0.00844	0.00764	0.02239	0.10151	0.49585	0.08523	0.06811	0.01723	0.00741	0.00534	0.00168	0.00425	0.00616	0.00584	0.00803
8	0.00793	0.00554	0.00701	0.00656	0.00800	0.00502	0.00495	0.01023	0.01452	0.05003	0.63686	0.04041	0.16103	0.01104	0.00620	0.00168	0.00260	0.00964	0.00571	0.00506
9	0.00822	0.00530	0.00679	0.00708	0.00817	0.00479	0.00505	0.00967	0.01197	0.08565	0.20306	0.44775	0.14878	0.01386	0.00642	0.00194	0.00301	0.01231	0.00526	0.00491
10	0.05470	0.00839	0.01006	0.00869	0.01134	0.00830	0.00678	0.08718	0.11799	0.28226	0.11331	0.15950	0.04822	0.03282	0.00622	0.00184	0.00398	0.00771	0.02367	0.00704
11	0.00712	0.00579	0.00636	0.00621	0.00788	0.00526	0.00466	0.00980	0.07059	0.01675	0.25019	0.07883	0.48690	0.01234	0.00620	0.00177	0.00276	0.01049	0.00520	0.00490
12	0.02372	0.00900	0.01227	0.00941	0.01350	0.00777	0.00777	0.02576	0.01513	0.78489	0.02086	0.01799	0.01309	0.00654	0.00532	0.00164	0.00450	0.00532	0.00654	0.00900
13	0.01772	0.00992	0.01172	0.00948	0.01275	0.01005	0.00765	0.23383	0.09186	0.29987	0.11982	0.03740	0.01767	0.00731	0.00531	0.00161	0.00435	0.00597	0.08785	0.00789
14	0.01601	0.00926	0.01110	0.00929	0.01203	0.00930	0.00727	0.25474	0.01666	0.24341	0.10617	0.18347	0.02093	0.06628	0.00724	0.00198	0.00444	0.00779	0.00549	0.00716
15	0.00909	0.00576	0.00758	0.00692	0.00845	0.00526	0.00526	0.01154	0.01498	0.09697	0.70328	0.03736	0.04623	0.01038	0.00614	0.00166	0.00269	0.00914	0.00589	0.00539
16	0.04803	0.00855	0.01144	0.00904	0.01261	0.00765	0.00734	0.02310	0.01398	0.65487	0.01966	0.01891	0.01323	0.05785	0.06654	0.00237	0.00526	0.00541	0.00595	0.00822
17	0.01201	0.00742	0.00814	0.00758	0.00903	0.06548	0.00547	0.01306	0.01146	0.17593	0.11144	0.12706	0.05558	0.21378	0.01224	0.06914	0.00443	0.03057	0.05503	0.00514
18	0.05261	0.01040	0.01189	0.00977	0.01307	0.01085	0.00782	0.20958	0.19091	0.25162	0.09023	0.03670	0.03941	0.03324	0.00607	0.00179	0.00449	0.00607	0.00556	0.00792
19	0.06118	0.00631	0.00634	0.00603	0.00763	0.00662	0.00458	0.05751	0.06954	0.02045	0.01716	0.04997	0.01399	0.02695	0.00460	0.00145	0.00298	0.00534	0.62595	0.00541
20	0.01766	0.02033	0.01393	0.01248	0.01493	0.54117	0.00943	0.12041	0.01519	0.01560	0.01084	0.07257	0.01000	0.05528	0.00694	0.00173	0.04729	0.00479	0.00325	0.00619

[dist]
# distance from previous block
# <min> <max>
5	11

[block]
# block no. 2 follows, 46 sequences, length 9
# corresponding to MSA columns:
# 227-235
name=unknown_C
#
# <colnr> <probs for GDERKNQSTAVLIFYWHMCP>
#	G	D	E	R	K	N	Q	S	T	A	V	L	I	F	Y	W	H	M	C	P
0	0.01355	0.01067	0.01235	0.06043	0.01496	0.01027	0.00797	0.16918	0.14774	0.05373	0.01332	0.03884	0.01057	0.00559	0.00469	0.00127	0.00455	0.00454	0.00412	0.41168
1	0.01248	0.01303	0.05490	0.07545	0.48948	0.06220	0.03976	0.01628	0.06005	0.01684	0.03344	0.05672	0.03396	0.00600	0.00538	0.00163	0.00619	0.00558	0.00304	0.00758
2	0.01282	0.01050	0.01196	0.00871	0.01332	0.00895	0.00704	0.16617	0.01379	0.02050	0.01007	0.01131	0.00807	0.00441	0.00419	0.00095	0.00430	0.00346	0.00357	0.67589
3	0.00760	0.00509	0.00579	0.00587	0.00589	0.00507	0.00332	0.00767	0.00785	0.01047	0.01749	0.08663	0.02028	0.76074	0.02556	0.00493	0.00499	0.00818	0.00332	0.00328
4	0.00985	0.00493	0.00493	0.00493	0.00616	0.00493	0.00370	0.01232	0.01109	0.01971	0.01725	0.01971	0.01355	0.00616	0.00370	0.00123	0.00246	0.00493	0.84356	0.00493
5	0.01413	0.81739	0.02770	0.00905	0.01357	0.02092	0.00905	0.01583	0.01074	0.01244	0.00735	0.00848	0.00678	0.00452	0.00339	0.00113	0.00565	0.00283	0.00226	0.00678
6	0.05316	0.06624	0.01533	0.01154	0.01533	0.07277	0.00949	0.48422	0.14136	0.02764	0.01376	0.01486	0.01048	0.00654	0.00513	0.00161	0.00571	0.03179	0.00482	0.00825
7	0.13899	0.12356	0.01614	0.03415	0.01561	0.24539	0.07423	0.11670	0.03160	0.01835	0.03668	0.05092	0.01020	0.00594	0.00468	0.00147	0.00654	0.00454	0.00337	0.06094
8	0.11144	0.09258	0.01526	0.04294	0.04738	0.01099	0.11629	0.10262	0.02730	0.09018	0.04716	0.13292	0.03359	0.04782	0.02559	0.00199	0.00544	0.00659	0.00397	0.03794

[dist]
# distance from previous block
# <min> <max>
0	12

[block]
# block no. 3 follows, 46 sequences, length 51
# corresponding to MSA columns:
# 250-300
name=unknown_D
#
# <colnr> <probs for GDERKNQSTAVLIFYWHMCP>
#	G	D	E	R	K	N	Q	S	T	A	V	L	I	F	Y	W	H	M	C	P
0	0.01384	0.04935	0.01254	0.00961	0.01259	0.01124	0.00764	0.29077	0.05177	0.04156	0.01420	0.07418	0.01270	0.11085	0.09520	0.00270	0.02660	0.00566	0.00417	0.15282
1	0.03281	0.10609	0.01085	0.00788	0.00998	0.02304	0.00606	0.02987	0.03104	0.10615	0.10630	0.17820	0.05027	0.15925	0.00965	0.00226	0.02600	0.00774	0.00425	0.09231
2	0.01477	0.04962	0.01357	0.04646	0.01458	0.01241	0.00862	0.30213	0.10929	0.05875	0.01488	0.09531	0.01274	0.03446	0.03814	0.00198	0.04774	0.00580	0.00444	0.11431
3	0.01415	0.72566	0.08007	0.00968	0.01435	0.05601	0.00983	0.01614	0.01097	0.01276	0.00754	0.00872	0.00678	0.00460	0.00357	0.00118	0.00598	0.00293	0.00228	0.00683
4	0.01356	0.04428	0.01152	0.00942	0.01170	0.10724	0.00719	0.24322	0.05017	0.03217	0.08508	0.09688	0.05130	0.17551	0.03515	0.00257	0.00561	0.00689	0.00436	0.00619
5	0.00985	0.00493	0.00493	0.00493	0.00616	0.00493	0.00370	0.01232	0.01109	0.01971	0.01725	0.01971	0.01355	0.00616	0.00370	0.00123	0.00246	0.00493	0.84356	0.00493
6	0.01057	0.04578	0.51526	0.08709	0.02316	0.01196	0.12424	0.01567	0.01133	0.01623	0.02740	0.05022	0.02605	0.00579	0.00530	0.00171	0.00739	0.00507	0.00256	0.00721
7	0.01127	0.00939	0.01112	0.02846	0.01317	0.00719	0.00652	0.01364	0.01106	0.03731	0.00970	0.01123	0.00795	0.00402	0.00399	0.00083	0.00401	0.00323	0.00320	0.80271
8	0.00985	0.00493	0.00493	0.00493	0.00616	0.00493	0.00370	0.01232	0.01109	0.01971	0.01725	0.01971	0.01355	0.00616	0.00370	0.00123	0.00246	0.00493	0.84356	0.00493
9	0.01096	0.00940	0.01096	0.00783	0.01253	0.00705	0.00626	0.01331	0.01096	0.01723	0.00940	0.01096	0.00783	0.00392	0.00392	0.00078	0.00392	0.00313	0.00313	0.84653
10	0.01377	0.03423	0.10407	0.02995	0.04188	0.02350	0.08338	0.30344	0.01686	0.02275	0.06968	0.10279	0.07390	0.00770	0.00552	0.00165	0.00558	0.00658	0.00427	0.04850
11	0.01768	0.02175	0.01529	0.01368	0.01572	0.59686	0.01056	0.01899	0.01324	0.01288	0.00786	0.01005	0.00684	0.00641	0.00794	0.00160	0.21026	0.00371	0.00262	0.00604
12	0.82528	0.01018	0.00791	0.00703	0.01033	0.01173	0.00579	0.01586	0.00919	0.04787	0.00779	0.00889	0.00596	0.00496	0.00334	0.00164	0.00410	0.00294	0.00338	0.00583
13	0.00945	0.01532	0.31218	0.17012	0.02092	0.00979	0.07181	0.01339	0.01140	0.01589	0.10956	0.07381	0.07319	0.00905	0.04230	0.01945	0.00660	0.00635	0.00315	0.00627
14	0.00985	0.00493	0.00493	0.00493	0.00616	0.00493	0.00370	0.01232	0.01109	0.01971	0.01725	0.01971	0.01355	0.00616	0.00370	0.00123	0.00246	0.00493	0.84356	0.00493
15	0.01086	0.00962	0.01283	0.07437	0.01438	0.04808	0.06459	0.09026	0.02782	0.01667	0.12860	0.02119	0.04305	0.05554	0.19351	0.00355	0.15461	0.00611	0.01865	0.00574
16	0.11016	0.20910	0.18221	0.03073	0.03560	0.10134	0.20816	0.01675	0.01151	0.01600	0.00885	0.01096	0.00701	0.00489	0.00503	0.00155	0.02659	0.00413	0.00254	0.00688
17	0.85155	0.01022	0.00777	0.00695	0.01022	0.01186	0.00573	0.01554	0.00900	0.02372	0.00736	0.00859	0.00573	0.00491	0.00327	0.00164	0.00409	0.00286	0.00327	0.00573
18	0.05187	0.01456	0.08783	0.02623	0.52931	0.08021	0.05381	0.01632	0.01206	0.01699	0.01070	0.03319	0.00929	0.00540	0.00524	0.00162	0.00661	0.02828	0.00275	0.00773
19	0.00660	0.00470	0.00624	0.00741	0.00774	0.00442	0.00501	0.00755	0.01011	0.01346	0.02851	0.73781	0.03402	0.05297	0.00770	0.00230	0.00325	0.05110	0.00483	0.00427
20	0.01110	0.04374	0.55529	0.05243	0.08926	0.01235	0.07296	0.03319	0.01178	0.01712	0.04482	0.01295	0.00899	0.00525	0.00516	0.00166	0.00738	0.00444	0.00254	0.00759
21	0.00985	0.00493	0.00493	0.00493	0.00616	0.00493	0.00370	0.01232	0.01109	0.01971	0.01725	0.01971	0.01355	0.00616	0.00370	0.00123	0.00246	0.00493	0.84356	0.00493
22	0.01144	0.03120	0.00899	0.00797	0.00984	0.08596	0.00598	0.01369	0.05243	0.14207	0.18139	0.20238	0.16040	0.05339	0.00702	0.00193	0.00401	0.00925	0.00500	0.00565
23	0.01279	0.05660	0.03544	0.06084	0.01861	0.03992	0.19888	0.04975	0.02783	0.05098	0.01048	0.04484	0.00904	0.00756	0.02202	0.00198	0.29924	0.00531	0.00296	0.04491
24	0.85155	0.01022	0.00777	0.00695	0.01022	0.01186	0.00573	0.01554	0.00900	0.02372	0.00736	0.00859	0.00573	0.00491	0.00327	0.00164	0.00409	0.00286	0.00327	0.00573
25	0.00759	0.00552	0.00774	0.00774	0.00843	0.00620	0.00567	0.00896	0.00827	0.01172	0.01485	0.02458	0.01487	0.25307	0.58210	0.00757	0.01167	0.00622	0.00293	0.00430
26	0.01181	0.01156	0.01907	0.37783	0.30973	0.03354	0.08267	0.01589	0.05612	0.01570	0.01040	0.01394	0.00815	0.00511	0.00534	0.00168	0.00683	0.00488	0.00267	0.00707
27	0.01208	0.01196	0.03260	0.30763	0.48392	0.02954	0.01560	0.01537	0.01156	0.01582	0.00970	0.01333	0.00783	0.00494	0.00524	0.00164	0.00665	0.00466	0.00252	0.00742
28	0.01007	0.00968	0.01584	0.04984	0.01559	0.01149	0.15460	0.01222	0.01014	0.01459	0.10238	0.09945	0.01604	0.01351	0.12540	0.00299	0.32064	0.00675	0.00314	0.00564
29	0.69594	0.03058	0.00902	0.07729	0.01252	0.01163	0.00658	0.01514	0.00942	0.03377	0.03253	0.01038	0.00748	0.00546	0.00399	0.02160	0.00436	0.00332	0.00327	0.00571
30	0.03557	0.01570	0.01656	0.20444	0.24165	0.27428	0.01264	0.01841	0.04743	0.06849	0.01044	0.01266	0.00815	0.00534	0.00505	0.00156	0.00728	0.00432	0.00300	0.00701
31	0.00921	0.00684	0.00894	0.04588	0.06193	0.00683	0.00682	0.10190	0.01246	0.03614	0.02719	0.50504	0.10441	0.01336	0.00633	0.00198	0.00385	0.03080	0.00473	0.00537
32	0.00985	0.00493	0.00493	0.00493	0.00616	0.00493	0.00370	0.01232	0.01109	0.01971	0.01725	0.01971	0.01355	0.00616	0.00370	0.00123	0.00246	0.00493	0.84356	0.00493
33	0.00780	0.00552	0.00673	0.00641	0.00791	0.00492	0.00481	0.00984	0.01383	0.05398	0.48172	0.07822	0.27540	0.01169	0.00622	0.00172	0.00267	0.01012	0.00553	0.00498
34	0.01062	0.02512	0.69078	0.03963	0.02236	0.01178	0.01816	0.01632	0.01112	0.01668	0.00948	0.01124	0.00681	0.00493	0.00493	0.00160	0.00743	0.00386	0.00232	0.08483
35	0.01413	0.81739	0.02770	0.00905	0.01357	0.02092	0.00905	0.01583	0.01074	0.01244	0.00735	0.00848	0.00678	0.00452	0.00339	0.00113	0.00565	0.00283	0.00226	0.00678
36	0.62150	0.01076	0.01043	0.04312	0.09435	0.01211	0.00766	0.07692	0.01096	0.05822	0.00877	0.01006	0.00667	0.00509	0.00382	0.00163	0.00461	0.00340	0.00348	0.00643
37	0.01239	0.26692	0.16886	0.01153	0.01565	0.06715	0.07911	0.04717	0.02788	0.03392	0.06480	0.13453	0.01508	0.00736	0.00503	0.00158	0.00597	0.02516	0.00333	0.00660
38	0.00643	0.00527	0.00567	0.00577	0.00730	0.00451	0.00425	0.00787	0.01220	0.01509	0.14548	0.14084	0.59410	0.01343	0.00631	0.00181	0.00270	0.01141	0.00503	0.00451
39	0.01737	0.13153	0.01660	0.01243	0.01553	0.44973	0.03099	0.11843	0.05289	0.01609	0.00994	0.01147	0.00818	0.00858	0.07591	0.00204	0.00863	0.00392	0.00314	0.00661
40	0.01146	0.04319	0.42324	0.11014	0.06246	0.01269	0.21626	0.01650	0.01154	0.02855	0.00994	0.01246	0.00728	0.00490	0.00535	0.00169	0.00783	0.00465	0.00245	0.00742
41	0.01538	0.01154	0.01247	0.03891	0.01469	0.04769	0.00878	0.13230	0.41912	0.13216	0.01974	0.03689	0.01538	0.00757	0.00550	0.00178	0.00484	0.06200	0.00526	0.00801
42	0.02229	0.00916	0.01212	0.00948	0.01340	0.00825	0.00777	0.02565	0.09181	0.69067	0.03769	0.01864	0.01421	0.00670	0.00534	0.00165	0.00442	0.00548	0.00641	0.00884
43	0.02810	0.01347	0.01899	0.09623	0.47146	0.10430	0.04819	0.01763	0.09078	0.01697	0.01145	0.01491	0.00952	0.00541	0.00528	0.00162	0.00655	0.02849	0.00298	0.00767
44	0.01347	0.01339	0.02074	0.06195	0.69316	0.07183	0.01571	0.01649	0.01220	0.01679	0.00979	0.01286	0.00820	0.00479	0.00520	0.00156	0.00656	0.00461	0.00261	0.00810
45	0.00648	0.00479	0.00594	0.00683	0.00744	0.00438	0.00461	0.00743	0.01039	0.01347	0.03364	0.60007	0.19418	0.06431	0.00786	0.00225	0.00311	0.01375	0.00480	0.00426
46	0.01754	0.01137	0.01297	0.01031	0.01373	0.01195	0.00836	0.44141	0.02043	0.16540	0.17728	0.05030	0.01941	0.00772	0.00555	0.00163	0.00477	0.00628	0.00561	0.00796
47	0.09570	0.07480	0.35309	0.10154	0.15936	0.03738	0.03562	0.01593	0.01105	0.01657	0.00940	0.01185	0.00729	0.00653	0.04090	0.00193	0.00730	0.00409	0.00248	0.00721
48	0.00922	0.00652	0.00896	0.07391	0.02344	0.00701	0.00686	0.06773	0.02270	0.01406	0.01815	0.27449	0.01968	0.05233	0.05900	0.22141	0.03779	0.06855	0.00371	0.00449
49	0.00726	0.00526	0.00661	0.00673	0.00759	0.00495	0.00471	0.00914	0.02816	0.01702	0.39614	0.25505	0.08495	0.13108	0.00941	0.00232	0.00309	0.01084	0.00511	0.00457
50	0.01123	0.02254	0.54896	0.03569	0.08714	0.01230	0.08108	0.05064	0.01185	0.01725	0.01061	0.04826	0.00836	0.00564	0.00553	0.00171	0.02626	0.00476	0.00257	0.00760

[dist]
# distance from previous block
# <min> <max>
0	58

[block]
# block no. 4 follows, 46 sequences, length 13
# corresponding to MSA columns:
# 359-371
name=unknown_E
#
# <colnr> <probs for GDERKNQSTAVLIFYWHMCP>
#	G	D	E	R	K	N	Q	S	T	A	V	L	I	F	Y	W	H	M	C	P
0	0.09762	0.04033	0.01357	0.16300	0.04280	0.14771	0.03743	0.07571	0.02638	0.04517	0.04507	0.12978	0.05515	0.00785	0.00591	0.00172	0.04872	0.00635	0.00361	0.00614
1	0.02764	0.01002	0.01585	0.23210	0.14831	0.01180	0.06483	0.01334	0.02782	0.01456	0.01234	0.08880	0.02751	0.02487	0.00940	0.02617	0.20946	0.00595	0.02317	0.00605
2	0.00747	0.00520	0.00661	0.00685	0.00790	0.00472	0.00491	0.00912	0.01250	0.04593	0.32583	0.36144	0.15492	0.01344	0.00642	0.00188	0.00284	0.01192	0.00533	0.00477
3	0.00985	0.00493	0.00493	0.00493	0.00616	0.00493	0.00370	0.01232	0.01109	0.01971	0.01725	0.01971	0.01355	0.00616	0.00370	0.00123	0.00246	0.00493	0.84356	0.00493
4	0.16293	0.10706	0.44143	0.03179	0.07500	0.06461	0.01496	0.01661	0.01103	0.01725	0.00882	0.01051	0.00667	0.00496	0.00454	0.00158	0.00690	0.00365	0.00249	0.00721
5	0.08387	0.01297	0.13092	0.01144	0.01601	0.01035	0.08352	0.13001	0.01499	0.36646	0.01827	0.01748	0.06652	0.00645	0.00527	0.00166	0.00546	0.00535	0.00495	0.00804
6	0.01043	0.00864	0.01100	0.01012	0.01130	0.05058	0.00805	0.06642	0.01021	0.03948	0.01287	0.03719	0.01184	0.02761	0.49193	0.00598	0.17235	0.00549	0.00308	0.00545
7	0.11399	0.00929	0.01168	0.00917	0.01302	0.00863	0.00754	0.05373	0.04004	0.61261	0.05134	0.01771	0.01378	0.00656	0.00513	0.00164	0.00441	0.00523	0.00606	0.00844
8	0.01194	0.07214	0.06808	0.19880	0.04738	0.01365	0.34668	0.03989	0.01170	0.01581	0.01017	0.03266	0.00821	0.00557	0.00689	0.00178	0.09381	0.00545	0.00264	0.00674
9	0.01251	0.00909	0.00966	0.00868	0.01042	0.08084	0.00644	0.11580	0.03773	0.10975	0.08752	0.07507	0.01857	0.23039	0.16009	0.00388	0.00685	0.00681	0.00421	0.00567
10	0.00862	0.00808	0.08116	0.00878	0.01032	0.00663	0.00706	0.10344	0.01214	0.01638	0.02517	0.60864	0.02887	0.01412	0.00642	0.00204	0.00392	0.03826	0.00470	0.00524
11	0.00985	0.00493	0.00493	0.00493	0.00616	0.00493	0.00370	0.01232	0.01109	0.01971	0.01725	0.01971	0.01355	0.00616	0.00370	0.00123	0.00246	0.00493	0.84356	0.00493
12	0.20482	0.13331	0.04627	0.06858	0.04537	0.04221	0.00920	0.06813	0.09776	0.01805	0.01089	0.01320	0.00899	0.01167	0.14417	0.00283	0.06069	0.00423	0.00320	0.00646

[dist]
# distance from previous block
# <min> <max>
0	2

[block]
# block no. 5 follows, 46 sequences, length 6
# corresponding to MSA columns:
# 374-379
name=unknown_F
#
# <colnr> <probs for GDERKNQSTAVLIFYWHMCP>
#	G	D	E	R	K	N	Q	S	T	A	V	L	I	F	Y	W	H	M	C	P
0	0.01253	0.01178	0.09157	0.00995	0.01371	0.01044	0.00865	0.05298	0.35145	0.07050	0.02137	0.02150	0.10147	0.00718	0.00521	0.00158	0.00445	0.02788	0.00462	0.17118
1	0.47366	0.10878	0.05246	0.00847	0.01210	0.03824	0.00746	0.04984	0.04334	0.09699	0.05667	0.01220	0.00994	0.00556	0.00399	0.00157	0.00468	0.00380	0.00373	0.00651
2	0.01322	0.01268	0.06215	0.01821	0.29181	0.04895	0.01140	0.06337	0.19785	0.05468	0.01869	0.01918	0.10576	0.00658	0.00529	0.00161	0.00533	0.00565	0.00393	0.05364
3	0.00937	0.00662	0.00749	0.00688	0.00890	0.00620	0.00536	0.08816	0.01397	0.07034	0.18152	0.04061	0.42290	0.01265	0.03972	0.00203	0.00366	0.03790	0.03033	0.00538
4	0.00856	0.00459	0.00672	0.00700	0.00707	0.00452	0.00466	0.00700	0.00763	0.01017	0.01374	0.19746	0.01507	0.01795	0.01749	0.65353	0.00424	0.00697	0.00289	0.00275
5	0.00869	0.00583	0.00704	0.00661	0.00778	0.00556	0.00466	0.01088	0.05041	0.06362	0.37747	0.03682	0.11197	0.26526	0.01269	0.00278	0.00355	0.00869	0.00492	0.00478

[dist]
# distance from previous block
# <min> <max>
0	30

[block]
# block no. 6 follows, 46 sequences, length 12
# corresponding to MSA columns:
# 410-421
name=unknown_G
#
# <colnr> <probs for GDERKNQSTAVLIFYWHMCP>
#	G	D	E	R	K	N	Q	S	T	A	V	L	I	F	Y	W	H	M	C	P
0	0.01269	0.04510	0.08335	0.08543	0.05820	0.01283	0.29929	0.09670	0.01285	0.01796	0.01001	0.01276	0.00779	0.00507	0.00626	0.00158	0.06954	0.00488	0.00293	0.15478
1	0.07144	0.08322	0.44391	0.01705	0.14433	0.01312	0.06516	0.05214	0.01195	0.03614	0.00975	0.01152	0.00726	0.00499	0.00491	0.00161	0.00703	0.00411	0.00265	0.00772
2	0.01505	0.23773	0.09091	0.01132	0.01459	0.22636	0.01010	0.02980	0.01241	0.08314	0.03881	0.07101	0.01163	0.00695	0.00618	0.00156	0.09794	0.02477	0.00322	0.00653
3	0.05227	0.42584	0.19011	0.01190	0.01689	0.04967	0.10204	0.01600	0.01141	0.01502	0.05691	0.01177	0.00959	0.00508	0.00432	0.00139	0.00641	0.00393	0.00260	0.00686
4	0.00660	0.00504	0.00606	0.00650	0.00753	0.00451	0.00461	0.00801	0.01187	0.01546	0.20211	0.37270	0.30156	0.01418	0.00646	0.00191	0.00280	0.01246	0.00511	0.00451
5	0.01060	0.00654	0.00896	0.04016	0.04260	0.00678	0.00627	0.08303	0.03959	0.03776	0.01367	0.13587	0.01366	0.04219	0.01493	0.47896	0.00465	0.00637	0.00328	0.00413
6	0.01576	0.10548	0.15837	0.04704	0.09472	0.39719	0.03940	0.01873	0.03087	0.01438	0.00908	0.01091	0.00735	0.00593	0.02161	0.00161	0.00834	0.00383	0.00262	0.00678
7	0.01241	0.14659	0.12995	0.01245	0.08356	0.09110	0.01044	0.04510	0.03626	0.05425	0.03746	0.04500	0.08997	0.01040	0.07037	0.00222	0.03636	0.07608	0.00351	0.00652
8	0.00849	0.00555	0.00697	0.00718	0.00817	0.00521	0.00506	0.03208	0.01169	0.07110	0.15849	0.39355	0.10787	0.12236	0.00921	0.00238	0.00344	0.03144	0.00496	0.00478
9	0.01357	0.46564	0.13283	0.07842	0.04178	0.09816	0.03934	0.01601	0.01118	0.01339	0.00819	0.01011	0.00699	0.00531	0.00479	0.03523	0.00658	0.00346	0.00234	0.00667
10	0.12806	0.07244	0.28748	0.07262	0.13386	0.03943	0.01373	0.06413	0.01182	0.01810	0.00918	0.01117	0.00710	0.00509	0.00505	0.00155	0.03345	0.00386	0.00274	0.07913
11	0.01224	0.04650	0.07656	0.02440	0.02951	0.08955	0.00948	0.11141	0.01292	0.04312	0.10010	0.14188	0.01770	0.01206	0.08423	0.00247	0.15503	0.02088	0.00379	0.00617

[dist]
# distance from previous block
# <min> <max>
2	7

[block]
# block no. 7 follows, 46 sequences, length 7
# corresponding to MSA columns:
# 429-435
name=unknown_H
#
# <colnr> <probs for GDERKNQSTAVLIFYWHMCP>
#	G	D	E	R	K	N	Q	S	T	A	V	L	I	F	Y	W	H	M	C	P
0	0.47366	0.03765	0.02970	0.03170	0.08265	0.05884	0.02458	0.01629	0.06508	0.02064	0.05019	0.01406	0.01032	0.00592	0.00458	0.00167	0.02741	0.03541	0.00341	0.00623
1	0.00939	0.00803	0.04376	0.00908	0.03381	0.00721	0.00678	0.09473	0.06704	0.01738	0.07886	0.39530	0.08050	0.01217	0.00653	0.03158	0.00382	0.01033	0.00461	0.07907
2	0.06338	0.45142	0.06717	0.01221	0.08252	0.09054	0.01029	0.09911	0.04998	0.01658	0.00906	0.01016	0.00756	0.00501	0.00408	0.00133	0.00605	0.00348	0.00288	0.00718
3	0.03447	0.15483	0.16079	0.01359	0.04004	0.28298	0.05235	0.08152	0.05143	0.04445	0.00992	0.01113	0.00775	0.00543	0.00507	0.00149	0.02868	0.00392	0.00304	0.00711
4	0.01730	0.17127	0.08477	0.01030	0.01439	0.01209	0.00944	0.08256	0.07083	0.31658	0.01588	0.01755	0.01188	0.00659	0.00548	0.00159	0.03824	0.05776	0.00465	0.05084
5	0.13734	0.00966	0.01003	0.01004	0.06606	0.06496	0.00709	0.04500	0.13576	0.09772	0.11147	0.09646	0.14403	0.03398	0.00604	0.00182	0.00428	0.00727	0.00466	0.00633
6	0.01004	0.03167	0.00973	0.00862	0.01006	0.04131	0.00663	0.08628	0.01136	0.03866	0.06371	0.08408	0.07562	0.11433	0.34146	0.00499	0.04557	0.00694	0.00369	0.00524

[dist]
# distance from previous block
# <min> <max>
0	1

[block]
# block no. 8 follows, 46 sequences, length 10
# corresponding to MSA columns:
# 437-446
name=unknown_I
#
# <colnr> <probs for GDERKNQSTAVLIFYWHMCP>
#	G	D	E	R	K	N	Q	S	T	A	V	L	I	F	Y	W	H	M	C	P
0	0.00795	0.00622	0.00840	0.00831	0.00890	0.00695	0.00607	0.00911	0.00911	0.01284	0.04459	0.26578	0.02122	0.17439	0.23282	0.00445	0.12186	0.00882	0.00358	0.03862
1	0.01432	0.00834	0.01025	0.00899	0.01159	0.00835	0.00713	0.04397	0.20893	0.25352	0.23673	0.06581	0.02653	0.00899	0.00581	0.00177	0.00385	0.06217	0.00579	0.00716
2	0.01202	0.01105	0.01832	0.02660	0.59096	0.01120	0.01395	0.01454	0.01151	0.01622	0.01337	0.01895	0.04729	0.00714	0.00709	0.06362	0.03904	0.06692	0.00288	0.00734
3	0.09565	0.03279	0.13657	0.07457	0.11929	0.02922	0.19664	0.06815	0.04110	0.06489	0.01330	0.01512	0.05131	0.00572	0.00567	0.00169	0.03269	0.00516	0.00326	0.00723
4	0.01146	0.01080	0.01825	0.37003	0.40921	0.01183	0.01511	0.01473	0.01140	0.01553	0.01073	0.01618	0.00904	0.00553	0.00537	0.00170	0.00654	0.04686	0.00263	0.00707
5	0.01827	0.00846	0.01096	0.00893	0.01217	0.00786	0.00718	0.02226	0.12294	0.49058	0.20505	0.02346	0.02246	0.00767	0.00555	0.00166	0.00397	0.00644	0.00620	0.00793
6	0.00884	0.00592	0.00797	0.04620	0.01057	0.00573	0.00675	0.01074	0.01200	0.07190	0.13444	0.21085	0.10409	0.05802	0.00778	0.00226	0.00402	0.28200	0.00492	0.00498
7	0.04164	0.13370	0.49699	0.01479	0.04361	0.01326	0.09251	0.01724	0.01148	0.07275	0.01009	0.01157	0.00733	0.00499	0.00489	0.00160	0.00721	0.00409	0.00265	0.00763
8	0.03861	0.02701	0.01146	0.00980	0.01260	0.05889	0.00772	0.13876	0.24985	0.13309	0.02238	0.11303	0.08326	0.02614	0.00601	0.00184	0.00464	0.04262	0.00508	0.00722
9	0.01139	0.00650	0.00820	0.00753	0.00952	0.00592	0.00583	0.04111	0.01386	0.19657	0.26295	0.15552	0.18621	0.01130	0.00613	0.00180	0.00336	0.05486	0.00558	0.00585

[dist]
# distance from previous block
# <min> <max>
0	1

[block]
# block no. 9 follows, 46 sequences, length 9
# corresponding to MSA columns:
# 448-456
name=unknown_J
#
# <colnr> <probs for GDERKNQSTAVLIFYWHMCP>
#	G	D	E	R	K	N	Q	S	T	A	V	L	I	F	Y	W	H	M	C	P
0	0.17387	0.19534	0.12657	0.10830	0.01815	0.03642	0.06768	0.03811	0.05079	0.04439	0.03002	0.01213	0.00863	0.00555	0.00539	0.00160	0.06322	0.00411	0.00301	0.00673
1	0.17899	0.15173	0.07342	0.07548	0.12749	0.03298	0.02972	0.15792	0.02989	0.05193	0.01157	0.01283	0.03369	0.00553	0.00459	0.00155	0.00573	0.00425	0.00344	0.00727
2	0.00890	0.00673	0.00823	0.00878	0.04390	0.00685	0.00593	0.06665	0.08525	0.01586	0.07092	0.28431	0.08506	0.20143	0.03225	0.00287	0.00435	0.05219	0.00448	0.00507
3	0.00669	0.00482	0.00612	0.00707	0.00752	0.00451	0.00477	0.00760	0.01008	0.01325	0.02979	0.59753	0.10495	0.12225	0.00941	0.00252	0.00339	0.04885	0.00468	0.00419
4	0.03590	0.11744	0.53756	0.01348	0.01982	0.04817	0.04144	0.01615	0.01164	0.01671	0.08386	0.01355	0.01092	0.00552	0.00493	0.00160	0.00705	0.00435	0.00265	0.00726
5	0.01213	0.00990	0.01223	0.06244	0.11991	0.01065	0.00914	0.07501	0.31224	0.05080	0.02518	0.02774	0.15972	0.00854	0.00570	0.00180	0.00457	0.08040	0.00471	0.00720
6	0.01075	0.01016	0.01679	0.52696	0.08329	0.01183	0.08608	0.01583	0.11396	0.01564	0.04804	0.01602	0.01052	0.00568	0.00543	0.00175	0.00657	0.00525	0.00298	0.00646
7	0.01058	0.10639	0.01211	0.03840	0.01220	0.00999	0.03268	0.01625	0.23925	0.03354	0.08794	0.10288	0.11001	0.09072	0.00765	0.00204	0.00431	0.03224	0.00441	0.04641
8	0.01680	0.21766	0.01725	0.01120	0.01465	0.28080	0.00919	0.15333	0.11726	0.04167	0.03111	0.01387	0.04122	0.00610	0.00471	0.00144	0.00658	0.00437	0.00371	0.00710

[dist]
# distance from previous block
# <min> <max>
3	5

[block]
# block no. 10 follows, 46 sequences, length 42
# corresponding to MSA columns:
# 463-504
name=unknown_K
#
# <colnr> <probs for GDERKNQSTAVLIFYWHMCP>
#	G	D	E	R	K	N	Q	S	T	A	V	L	I	F	Y	W	H	M	C	P
0	0.01196	0.05534	0.18550	0.16476	0.33075	0.04278	0.06189	0.01570	0.01173	0.01607	0.02926	0.01408	0.02654	0.00524	0.00520	0.00162	0.00683	0.00475	0.00261	0.00738
1	0.04361	0.03953	0.67535	0.01403	0.02116	0.01191	0.01766	0.01677	0.01141	0.05018	0.04337	0.01254	0.00882	0.00533	0.00499	0.00166	0.00725	0.00415	0.00261	0.00764
2	0.00758	0.00504	0.00618	0.00659	0.00687	0.00491	0.00413	0.00810	0.00900	0.03061	0.03685	0.33924	0.02568	0.43918	0.04323	0.00391	0.00454	0.01049	0.00400	0.00386
3	0.01280	0.01230	0.02077	0.07725	0.68510	0.01276	0.01582	0.01583	0.01168	0.01674	0.00971	0.01304	0.00820	0.00505	0.00605	0.00163	0.05994	0.00470	0.00258	0.00805
4	0.00985	0.00493	0.00493	0.00493	0.00616	0.00493	0.00370	0.01232	0.01109	0.01971	0.01725	0.01971	0.01355	0.00616	0.00370	0.00123	0.00246	0.00493	0.84356	0.00493
5	0.01096	0.00938	0.01091	0.00793	0.01248	0.00723	0.00632	0.01377	0.04036	0.01734	0.01025	0.02688	0.00868	0.00429	0.00403	0.00085	0.00391	0.00347	0.00325	0.79772
6	0.01260	0.38753	0.24331	0.06402	0.01743	0.02655	0.01214	0.01569	0.01105	0.04283	0.01143	0.01274	0.05329	0.00551	0.00483	0.00143	0.03829	0.00395	0.00261	0.03277
7	0.01122	0.06154	0.01013	0.00859	0.01028	0.00811	0.00653	0.14851	0.01323	0.08082	0.04666	0.41192	0.02428	0.01385	0.03869	0.05759	0.00445	0.03328	0.00471	0.00564
8	0.00680	0.00484	0.00642	0.00714	0.00772	0.00451	0.00493	0.00813	0.01150	0.01570	0.25112	0.56753	0.03893	0.01489	0.00685	0.01726	0.00292	0.01322	0.00513	0.00446
9	0.02001	0.00819	0.01112	0.00889	0.01232	0.00717	0.00726	0.02215	0.01499	0.60826	0.16705	0.02373	0.02084	0.00767	0.00557	0.00167	0.00413	0.03456	0.00634	0.00807
10	0.05066	0.02121	0.49539	0.01540	0.06690	0.03478	0.09399	0.01570	0.01138	0.01686	0.03464	0.08479	0.01079	0.00616	0.00525	0.00170	0.00706	0.00530	0.00273	0.01931
11	0.06779	0.01035	0.01325	0.05877	0.01428	0.03768	0.04278	0.09022	0.05667	0.01655	0.01436	0.20268	0.01459	0.01090	0.04095	0.00228	0.28928	0.00715	0.00354	0.00594
12	0.00830	0.00661	0.00960	0.00922	0.00999	0.00812	0.00727	0.01004	0.00850	0.01255	0.01311	0.01950	0.01231	0.04994	0.62174	0.00716	0.14516	0.00551	0.03050	0.00487
13	0.01249	0.01187	0.01994	0.09354	0.55951	0.01217	0.05960	0.01667	0.07462	0.01724	0.01208	0.01683	0.01032	0.00559	0.00545	0.00167	0.00624	0.05334	0.00297	0.00786
14	0.01196	0.00999	0.01150	0.00830	0.01295	0.00807	0.00668	0.09502	0.01248	0.01898	0.00976	0.01115	0.00796	0.00418	0.00406	0.00087	0.00412	0.00331	0.00337	0.75531
15	0.00779	0.00548	0.00697	0.02426	0.00848	0.00533	0.00514	0.02344	0.01104	0.03433	0.15229	0.29486	0.11707	0.17372	0.07410	0.00310	0.00448	0.03904	0.00455	0.00452
16	0.12197	0.01148	0.01262	0.01039	0.01387	0.01245	0.03289	0.24583	0.25850	0.09463	0.01888	0.03448	0.07041	0.00706	0.00516	0.00167	0.00470	0.00566	0.00499	0.03235
17	0.00985	0.00493	0.00493	0.00493	0.00616	0.00493	0.00370	0.01232	0.01109	0.01971	0.01725	0.01971	0.01355	0.00616	0.00370	0.00123	0.00246	0.00493	0.84356	0.00493
18	0.01001	0.00917	0.01544	0.46941	0.02727	0.01051	0.10736	0.02527	0.04170	0.01508	0.03646	0.07035	0.03399	0.00860	0.05433	0.00218	0.00684	0.00605	0.04409	0.00589
19	0.00771	0.00578	0.00660	0.00658	0.00807	0.00532	0.00487	0.01009	0.06316	0.04112	0.17624	0.16284	0.38370	0.05805	0.00744	0.00203	0.00308	0.03737	0.00506	0.00489
20	0.01138	0.01118	0.01894	0.47499	0.08117	0.03797	0.16397	0.03864	0.01140	0.01486	0.00964	0.01383	0.00747	0.00582	0.00661	0.03573	0.04264	0.00496	0.00254	0.00625
21	0.01185	0.01489	0.11283	0.03336	0.07083	0.01262	0.56160	0.01613	0.01211	0.01661	0.01237	0.04426	0.03140	0.00533	0.00621	0.00178	0.01971	0.00631	0.00276	0.00706
22	0.00861	0.00459	0.00673	0.00699	0.00705	0.00453	0.00466	0.00699	0.00757	0.01009	0.01337	0.18302	0.01460	0.01799	0.01774	0.66887	0.00427	0.00678	0.00284	0.00272
23	0.00651	0.00518	0.00575	0.00598	0.00728	0.00452	0.00429	0.00782	0.01175	0.01473	0.13233	0.21954	0.48906	0.05199	0.00734	0.00201	0.00286	0.01167	0.00494	0.00443
24	0.01237	0.00872	0.01081	0.01046	0.05703	0.00929	0.00744	0.21757	0.03614	0.06371	0.01825	0.18866	0.03967	0.09738	0.12011	0.05980	0.02463	0.00763	0.00428	0.00607
25	0.01349	0.02776	0.18759	0.20126	0.17621	0.07510	0.08886	0.03459	0.02250	0.09296	0.01103	0.01333	0.00818	0.00522	0.00522	0.00164	0.00704	0.00463	0.01604	0.00736
26	0.01468	0.01675	0.01573	0.01378	0.01482	0.31148	0.01105	0.01591	0.01071	0.01280	0.00741	0.01079	0.00689	0.00781	0.01257	0.00195	0.50233	0.00416	0.00247	0.00591
27	0.01249	0.00696	0.00851	0.00758	0.00999	0.00631	0.00601	0.03180	0.04651	0.24764	0.15556	0.06263	0.29739	0.01069	0.00601	0.00178	0.00352	0.06685	0.00557	0.00621
28	0.03496	0.00558	0.00702	0.03910	0.00911	0.00559	0.00550	0.00860	0.01047	0.01412	0.07013	0.36450	0.17743	0.09726	0.05594	0.00272	0.02756	0.05553	0.00442	0.00447
29	0.05867	0.00624	0.00708	0.00696	0.00824	0.00620	0.00500	0.07364	0.01201	0.01670	0.14293	0.23053	0.18658	0.14558	0.04889	0.00271	0.00408	0.00986	0.02333	0.00478
30	0.00772	0.00569	0.00681	0.00684	0.00820	0.00525	0.00506	0.03190	0.02821	0.03446	0.27625	0.24156	0.27234	0.01293	0.00634	0.00185	0.00296	0.03546	0.00526	0.00492
31	0.00992	0.00675	0.00813	0.00768	0.00917	0.00668	0.00571	0.09256	0.04536	0.06610	0.24494	0.17210	0.09416	0.14386	0.00961	0.00238	0.00377	0.06072	0.00505	0.00535
32	0.01357	0.00927	0.01079	0.01818	0.01231	0.00858	0.00686	0.12876	0.07470	0.13388	0.01750	0.06276	0.05859	0.06095	0.00637	0.00160	0.00427	0.02039	0.03819	0.31247
33	0.01113	0.00696	0.00833	0.00753	0.00942	0.00665	0.00569	0.08597	0.03662	0.13864	0.22874	0.11586	0.17920	0.10782	0.00855	0.00217	0.00366	0.02610	0.00525	0.00572
34	0.06322	0.00823	0.00853	0.00741	0.00947	0.00879	0.00570	0.23711	0.01462	0.02260	0.01560	0.04498	0.01316	0.11174	0.00727	0.00190	0.00393	0.00545	0.40436	0.00595
35	0.07413	0.00781	0.00955	0.00802	0.01079	0.00719	0.00624	0.04013	0.02901	0.33738	0.10621	0.09896	0.08758	0.08789	0.00753	0.00199	0.00401	0.00714	0.00531	0.06313
36	0.04376	0.00560	0.00698	0.00761	0.00861	0.00539	0.00561	0.03155	0.01156	0.03060	0.09931	0.47832	0.10771	0.01442	0.00651	0.00206	0.00340	0.12129	0.00496	0.00475
37	0.00671	0.00481	0.00614	0.00694	0.00742	0.00449	0.00464	0.00772	0.01050	0.01403	0.11608	0.57131	0.08466	0.11740	0.00923	0.00245	0.00324	0.01320	0.00480	0.00425
38	0.01018	0.00635	0.00800	0.00731	0.00906	0.00591	0.00556	0.05692	0.01466	0.12399	0.45718	0.13269	0.11948	0.01096	0.00612	0.00173	0.00306	0.00955	0.00567	0.00563
39	0.47323	0.00961	0.00922	0.00781	0.01092	0.01035	0.00624	0.06648	0.02754	0.20522	0.01243	0.01465	0.00964	0.10825	0.00694	0.00208	0.00443	0.00426	0.00423	0.00646
40	0.00972	0.00610	0.00691	0.00668	0.00801	0.00606	0.00490	0.09198	0.01268	0.03212	0.11863	0.19835	0.08018	0.06655	0.00708	0.02019	0.00325	0.00838	0.30713	0.00510
41	0.06819	0.00814	0.00917	0.00840	0.01061	0.00844	0.00639	0.06139	0.21192	0.11946	0.11818	0.18483	0.11005	0.04241	0.00657	0.00194	0.00375	0.00854	0.00520	0.00642

[dist]
# distance from previous block
# <min> <max>
0	4

[block]
# block no. 11 follows, 46 sequences, length 34
# corresponding to MSA columns:
# 509-529,553-565
name=unknown_L
#
# <colnr> <probs for GDERKNQSTAVLIFYWHMCP>
#	G	D	E	R	K	N	Q	S	T	A	V	L	I	F	Y	W	H	M	C	P
0	0.00868	0.00606	0.00786	0.04208	0.03686	0.00600	0.00577	0.03567	0.02580	0.03305	0.07302	0.19005	0.15463	0.14990	0.03071	0.13843	0.00434	0.04254	0.00408	0.00447
1	0.02748	0.00562	0.00667	0.00717	0.00813	0.00547	0.00511	0.02477	0.04166	0.01441	0.03122	0.38290	0.19829	0.11524	0.04179	0.00268	0.00396	0.06829	0.00459	0.00456
2	0.00896	0.00615	0.00783	0.04834	0.01003	0.00616	0.00582	0.04783	0.03845	0.06680	0.04519	0.46343	0.08517	0.11062	0.00902	0.00238	0.01664	0.01151	0.00470	0.00500
3	0.00882	0.00649	0.00892	0.17890	0.01399	0.03195	0.00712	0.00947	0.02603	0.01224	0.03118	0.25982	0.04435	0.01401	0.01147	0.31501	0.00470	0.00811	0.00334	0.00406
4	0.01358	0.01288	0.01760	0.18971	0.37006	0.08227	0.01349	0.10915	0.06729	0.01828	0.01279	0.01510	0.04318	0.00567	0.00527	0.00162	0.00637	0.00498	0.00320	0.00754
5	0.00792	0.00557	0.00694	0.02442	0.00863	0.00518	0.00514	0.00961	0.01223	0.05788	0.25687	0.15842	0.26717	0.06235	0.06783	0.00252	0.00396	0.02759	0.00495	0.00483
6	0.00986	0.00907	0.01505	0.27511	0.02128	0.01086	0.10422	0.01217	0.00971	0.01347	0.01173	0.08460	0.01089	0.01359	0.14425	0.04544	0.17725	0.00594	0.02003	0.00548
7	0.01102	0.01083	0.02021	0.43729	0.04769	0.01192	0.25292	0.03097	0.01133	0.01495	0.01035	0.01539	0.00818	0.00607	0.00671	0.04797	0.02210	0.02532	0.00259	0.00618
8	0.01199	0.01169	0.05571	0.45048	0.20422	0.01255	0.01451	0.10673	0.01266	0.01700	0.01022	0.01434	0.00802	0.00556	0.00563	0.00172	0.02839	0.01885	0.00281	0.00691
9	0.00985	0.00903	0.01579	0.33413	0.05097	0.01016	0.13699	0.01242	0.01025	0.01371	0.01257	0.08328	0.01166	0.03422	0.09738	0.06435	0.05076	0.03414	0.00279	0.00553
10	0.01234	0.00925	0.01172	0.08451	0.06147	0.06682	0.00874	0.04753	0.01130	0.12484	0.01485	0.01828	0.03895	0.01996	0.32207	0.00442	0.08185	0.00532	0.04971	0.00606
11	0.00675	0.00480	0.00627	0.00733	0.00771	0.00454	0.00499	0.00770	0.01006	0.01334	0.02817	0.64373	0.04929	0.10661	0.00906	0.00250	0.00344	0.07476	0.00471	0.00422
12	0.01947	0.01411	0.01496	0.01168	0.01566	0.04221	0.00956	0.60519	0.06481	0.09276	0.04559	0.01452	0.01135	0.00656	0.00532	0.00160	0.00561	0.00503	0.00533	0.00869
13	0.01391	0.01151	0.01288	0.11787	0.06631	0.08632	0.00938	0.13256	0.20400	0.07672	0.14387	0.02144	0.02931	0.02482	0.00595	0.00176	0.00523	0.02443	0.00461	0.00714
14	0.01024	0.00966	0.01631	0.73861	0.09732	0.01181	0.01481	0.01373	0.01069	0.01381	0.00944	0.01401	0.00716	0.00524	0.00528	0.00175	0.00698	0.00470	0.00237	0.00608
15	0.03287	0.00814	0.01075	0.00861	0.01188	0.00726	0.00697	0.04171	0.01518	0.52990	0.22153	0.02418	0.04154	0.00781	0.00555	0.00165	0.00395	0.00653	0.00622	0.00777
16	0.01083	0.07718	0.73894	0.01469	0.02229	0.01282	0.01887	0.01668	0.01113	0.01647	0.00935	0.01099	0.00670	0.00499	0.00492	0.00164	0.00768	0.00384	0.00223	0.00775
17	0.01143	0.03655	0.42281	0.01743	0.04110	0.01329	0.24685	0.01626	0.01119	0.01622	0.00950	0.01216	0.00718	0.00537	0.00694	0.00178	0.10951	0.00471	0.00239	0.00734
18	0.00643	0.00483	0.00597	0.00681	0.00754	0.00437	0.00468	0.00752	0.01081	0.01400	0.06514	0.58262	0.22908	0.01551	0.00660	0.00203	0.00294	0.01381	0.00494	0.00437
19	0.00755	0.00566	0.00850	0.00850	0.00944	0.00661	0.00661	0.00944	0.00850	0.01227	0.01416	0.02077	0.01322	0.03965	0.79326	0.00850	0.01416	0.00566	0.00283	0.00472
20	0.03459	0.10045	0.18880	0.02851	0.03441	0.18014	0.08630	0.03182	0.01185	0.03291	0.01040	0.04114	0.00910	0.00662	0.00725	0.00172	0.14916	0.03539	0.00280	0.00665
21	0.01215	0.01677	0.18356	0.02166	0.08922	0.01308	0.54961	0.01684	0.01217	0.01692	0.01039	0.01353	0.00778	0.00459	0.00591	0.00174	0.00847	0.00564	0.00258	0.00737
22	0.00919	0.00581	0.00747	0.00682	0.00845	0.00525	0.00520	0.01151	0.01467	0.10705	0.61424	0.03828	0.12447	0.01060	0.00613	0.00167	0.00274	0.00925	0.00580	0.00539
23	0.00985	0.00493	0.00493	0.00493	0.00616	0.00493	0.00370	0.01232	0.01109	0.01971	0.01725	0.01971	0.01355	0.00616	0.00370	0.00123	0.00246	0.00493	0.84356	0.00493
24	0.01199	0.33777	0.48854	0.01270	0.01922	0.01567	0.01541	0.01638	0.01100	0.01505	0.00865	0.01011	0.00673	0.00483	0.00438	0.00146	0.00696	0.00348	0.00224	0.00741
25	0.00831	0.00675	0.03756	0.00673	0.00867	0.00561	0.00539	0.01070	0.04707	0.06396	0.21067	0.04226	0.40932	0.07611	0.00780	0.00204	0.00330	0.03768	0.00500	0.00509
26	0.00655	0.00468	0.00625	0.00748	0.00783	0.00438	0.00509	0.00754	0.01022	0.01361	0.02908	0.77306	0.03474	0.01646	0.00678	0.00216	0.00316	0.05170	0.00491	0.00432
27	0.03431	0.02640	0.73784	0.01510	0.02270	0.01230	0.04575	0.01672	0.01115	0.01695	0.00947	0.01120	0.00672	0.00500	0.00502	0.00168	0.00775	0.00396	0.00228	0.00773
28	0.01157	0.24408	0.57857	0.01342	0.02033	0.01465	0.01666	0.01649	0.01105	0.01556	0.00890	0.01043	0.00672	0.00489	0.00458	0.00153	0.00722	0.00361	0.00224	0.00753
29	0.01707	0.01942	0.01685	0.05203	0.25435	0.44954	0.01213	0.03532	0.04845	0.03185	0.00975	0.01154	0.00791	0.00533	0.00498	0.00147	0.00799	0.00405	0.00293	0.00704
30	0.02297	0.00954	0.01256	0.00961	0.01373	0.00854	0.00793	0.09312	0.01589	0.69083	0.01973	0.01728	0.01254	0.00644	0.00527	0.00160	0.00460	0.00519	0.00632	0.03631
31	0.00744	0.00557	0.00698	0.00748	0.00851	0.00535	0.00555	0.00991	0.06246	0.01615	0.19632	0.35087	0.13756	0.03268	0.00703	0.00208	0.00329	0.12486	0.00509	0.00480
