[name]
unknown

[dist]
# distance from previous block
# <min> <max>
59	236

[block]
# block no. 0 follows, 44 sequences, length 9
# corresponding to MSA columns:
# 290-298
name=unknown_A
#
# <colnr> <probs for GDERKNQSTAVLIFYWHMCP>
#	G	D	E	R	K	N	Q	S	T	A	V	L	I	F	Y	W	H	M	C	P
0	0.05298	0.02588	0.04725	0.04092	0.05431	0.10491	0.00944	0.21254	0.13389	0.06585	0.09056	0.01893	0.03235	0.04611	0.00641	0.00183	0.00561	0.00561	0.03717	0.00745
1	0.03201	0.09914	0.44104	0.01385	0.03959	0.01377	0.01533	0.13606	0.05051	0.02007	0.01066	0.01190	0.00790	0.00534	0.00494	0.00158	0.00684	0.00409	0.00309	0.08230
2	0.00897	0.06694	0.01127	0.00902	0.01105	0.00771	0.07766	0.01183	0.07207	0.01612	0.10157	0.30800	0.13353	0.04528	0.00698	0.00196	0.00406	0.01027	0.02577	0.06993
3	0.01329	0.11144	0.18473	0.01583	0.15036	0.11328	0.02708	0.01899	0.15595	0.01755	0.04899	0.01586	0.03833	0.00604	0.00511	0.00157	0.00635	0.00492	0.00340	0.06091
4	0.01337	0.01256	0.08807	0.04176	0.01588	0.01125	0.04801	0.24333	0.08655	0.02262	0.05110	0.13765	0.04437	0.00801	0.00555	0.00164	0.00521	0.00682	0.00446	0.15178
5	0.01349	0.43501	0.17113	0.01092	0.01542	0.04745	0.01116	0.01663	0.04076	0.04342	0.02648	0.04870	0.01018	0.00749	0.03812	0.00178	0.04764	0.00433	0.00287	0.00703
6	0.02754	0.15305	0.11439	0.01048	0.01434	0.07047	0.00960	0.03366	0.13901	0.15781	0.06453	0.05347	0.04175	0.00878	0.04033	0.00195	0.00583	0.01932	0.00434	0.02938
7	0.04261	0.03971	0.01233	0.04624	0.01394	0.01043	0.00799	0.23921	0.01594	0.06641	0.05879	0.17728	0.01783	0.00866	0.00547	0.00162	0.00468	0.04269	0.00466	0.18351
8	0.01145	0.11956	0.32129	0.03281	0.01776	0.03534	0.04418	0.04836	0.03912	0.01845	0.18580	0.03708	0.01841	0.00685	0.00532	0.00162	0.00609	0.00569	0.00355	0.04127

[dist]
# distance from previous block
# <min> <max>
14	23

[block]
# block no. 1 follows, 44 sequences, length 20
# corresponding to MSA columns:
# 324-343
name=unknown_B
#
# <colnr> <probs for GDERKNQSTAVLIFYWHMCP>
#	G	D	E	R	K	N	Q	S	T	A	V	L	I	F	Y	W	H	M	C	P
0	0.01090	0.05709	0.01543	0.01165	0.01405	0.01082	0.13570	0.02627	0.05147	0.01570	0.06765	0.06932	0.01553	0.15248	0.03615	0.00258	0.15570	0.00642	0.00342	0.14167
1	0.06392	0.00846	0.00949	0.00876	0.01071	0.00912	0.00661	0.09226	0.19878	0.04740	0.09115	0.10225	0.05127	0.16582	0.07264	0.00308	0.00520	0.04216	0.00475	0.00616
2	0.11906	0.05927	0.34487	0.01381	0.03177	0.05039	0.09800	0.06000	0.01241	0.06617	0.01186	0.01445	0.02397	0.06324	0.00668	0.00194	0.00701	0.00467	0.00311	0.00731
3	0.36637	0.01174	0.06855	0.26887	0.05089	0.01218	0.05765	0.01572	0.03543	0.01926	0.00952	0.01234	0.00734	0.00666	0.03564	0.00203	0.00631	0.00417	0.00297	0.00635
4	0.19311	0.01273	0.01215	0.01035	0.01364	0.09297	0.00827	0.18336	0.18619	0.11228	0.01476	0.01510	0.01102	0.00952	0.07724	0.00233	0.00618	0.00479	0.02642	0.00759
5	0.35705	0.16010	0.05760	0.02880	0.05899	0.06121	0.03359	0.01756	0.01147	0.11543	0.02895	0.01259	0.02546	0.00556	0.00427	0.00158	0.00543	0.00398	0.00353	0.00684
6	0.84691	0.01054	0.00801	0.00717	0.01054	0.01223	0.00590	0.01603	0.00928	0.02446	0.00759	0.00886	0.00590	0.00506	0.00337	0.00169	0.00422	0.00295	0.00337	0.00590
7	0.01329	0.01288	0.02242	0.07334	0.69111	0.01296	0.06029	0.01663	0.01236	0.01758	0.01027	0.01362	0.00854	0.00487	0.00546	0.00164	0.00668	0.00495	0.00269	0.00842
8	0.01217	0.00980	0.01124	0.00834	0.01266	0.00817	0.00667	0.10480	0.01332	0.02023	0.05575	0.01391	0.01121	0.00493	0.00434	0.00100	0.00408	0.00396	0.06378	0.62964
9	0.84691	0.01054	0.00801	0.00717	0.01054	0.01223	0.00590	0.01603	0.00928	0.02446	0.00759	0.00886	0.00590	0.00506	0.00337	0.00169	0.00422	0.00295	0.00337	0.00590
10	0.00776	0.00547	0.00689	0.00687	0.00723	0.00538	0.02352	0.00833	0.00914	0.01227	0.06716	0.18425	0.04076	0.53676	0.05152	0.00444	0.00512	0.00947	0.00382	0.00383
11	0.00682	0.00541	0.00613	0.00621	0.00766	0.00472	0.00456	0.00845	0.01292	0.01653	0.24480	0.16928	0.46000	0.01361	0.00652	0.00187	0.00277	0.01170	0.00532	0.00472
12	0.02072	0.01527	0.01636	0.01254	0.01691	0.01691	0.01036	0.75622	0.02563	0.03436	0.01309	0.01309	0.00927	0.00654	0.00545	0.00164	0.00600	0.00491	0.00545	0.00927
13	0.00793	0.00529	0.00595	0.00595	0.00595	0.00529	0.00330	0.00793	0.00793	0.01057	0.01718	0.03568	0.01982	0.80840	0.02775	0.00529	0.00529	0.00793	0.00330	0.00330
14	0.00910	0.00766	0.01229	0.01092	0.01228	0.00890	0.09148	0.01127	0.00933	0.01375	0.01334	0.01924	0.01213	0.03017	0.54031	0.00660	0.12475	0.00571	0.05546	0.00532
15	0.31876	0.01792	0.01293	0.06759	0.01607	0.35664	0.00917	0.10883	0.01413	0.01997	0.00878	0.01021	0.00691	0.00552	0.00446	0.00156	0.00715	0.00358	0.00331	0.00651
16	0.06425	0.01008	0.01374	0.21702	0.01969	0.03967	0.06314	0.04421	0.01197	0.06442	0.04179	0.05644	0.09382	0.00954	0.05442	0.00216	0.08189	0.00609	0.00357	0.10211
17	0.06563	0.01099	0.01351	0.08567	0.01644	0.01064	0.04518	0.17538	0.01430	0.02102	0.01354	0.01500	0.06308	0.00573	0.00526	0.00133	0.03544	0.00455	0.00372	0.39359
18	0.01180	0.03343	0.01233	0.08774	0.04552	0.10159	0.00884	0.11807	0.01233	0.01604	0.01295	0.01834	0.01158	0.07112	0.40743	0.00548	0.01096	0.00533	0.00322	0.00591
19	0.07871	0.01297	0.07246	0.12021	0.23499	0.01202	0.17443	0.01777	0.05677	0.09229	0.01363	0.01572	0.03829	0.00557	0.00547	0.00171	0.00658	0.00534	0.00337	0.03170

[dist]
# distance from previous block
# <min> <max>
9	14

[block]
# block no. 2 follows, 44 sequences, length 72
# corresponding to MSA columns:
# 362-433
name=unknown_C
#
# <colnr> <probs for GDERKNQSTAVLIFYWHMCP>
#	G	D	E	R	K	N	Q	S	T	A	V	L	I	F	Y	W	H	M	C	P
0	0.03777	0.01402	0.01825	0.13459	0.34023	0.08025	0.01352	0.23438	0.01622	0.02182	0.01127	0.03257	0.00909	0.00581	0.00536	0.00165	0.00660	0.00497	0.00356	0.00807
1	0.03565	0.07931	0.18720	0.01475	0.07152	0.21063	0.06288	0.08847	0.06184	0.01819	0.01043	0.01185	0.00812	0.00531	0.00495	0.00148	0.00727	0.00413	0.00314	0.11286
2	0.01329	0.01175	0.04108	0.13980	0.05907	0.04493	0.23841	0.01662	0.04394	0.11494	0.01424	0.09702	0.01205	0.00771	0.00718	0.07410	0.00669	0.00641	0.00356	0.04722
3	0.14511	0.01550	0.01444	0.09310	0.01764	0.20187	0.03645	0.25472	0.03508	0.02248	0.01159	0.05050	0.00946	0.00697	0.01988	0.00174	0.00679	0.00479	0.00390	0.04797
4	0.01560	0.01512	0.01570	0.19782	0.11267	0.19269	0.01169	0.19481	0.09401	0.02023	0.02525	0.01605	0.05175	0.00643	0.00540	0.00166	0.00684	0.00513	0.00379	0.00737
5	0.00697	0.00506	0.00645	0.00722	0.00784	0.00466	0.00487	0.00808	0.01092	0.01461	0.10854	0.57633	0.09366	0.08676	0.00865	0.00237	0.00328	0.01361	0.00496	0.02515
6	0.00735	0.00568	0.00844	0.00855	0.00944	0.00534	0.06132	0.00881	0.01125	0.01521	0.13862	0.56414	0.04938	0.05029	0.02694	0.00240	0.00389	0.01333	0.00490	0.00472
7	0.00941	0.00477	0.00711	0.00709	0.00714	0.00475	0.00475	0.00722	0.00740	0.00992	0.03690	0.01744	0.01098	0.01866	0.02077	0.81115	0.00466	0.00492	0.00250	0.00247
8	0.00750	0.00514	0.00609	0.00645	0.00663	0.00501	0.00390	0.00790	0.00902	0.01202	0.04551	0.26384	0.04564	0.52829	0.02037	0.00417	0.00451	0.01032	0.00395	0.00373
9	0.00778	0.00554	0.00661	0.00656	0.00791	0.00495	0.00476	0.00943	0.01294	0.04882	0.29480	0.18109	0.30715	0.06725	0.00794	0.00209	0.00302	0.01116	0.00534	0.00487
10	0.84691	0.01054	0.00801	0.00717	0.01054	0.01223	0.00590	0.01603	0.00928	0.02446	0.00759	0.00886	0.00590	0.00506	0.00337	0.00169	0.00422	0.00295	0.00337	0.00590
11	0.01130	0.00969	0.01130	0.00807	0.01292	0.00727	0.00646	0.01373	0.01130	0.01776	0.00969	0.01130	0.00807	0.00404	0.00404	0.00081	0.00404	0.00323	0.00323	0.84173
12	0.03307	0.00957	0.01136	0.00952	0.01277	0.00955	0.00758	0.09536	0.19741	0.32936	0.07023	0.07663	0.09625	0.00856	0.00571	0.00177	0.00427	0.00711	0.00593	0.00799
13	0.00883	0.00590	0.00759	0.00726	0.00879	0.00542	0.00563	0.01116	0.01454	0.07149	0.52069	0.04319	0.13660	0.02898	0.00697	0.00191	0.00310	0.10091	0.00575	0.00530
14	0.00664	0.00474	0.00633	0.00759	0.00791	0.00443	0.00506	0.00759	0.01044	0.01392	0.03005	0.80485	0.03606	0.01708	0.00696	0.00221	0.00316	0.01550	0.00506	0.00443
15	0.00830	0.00619	0.00779	0.00731	0.00877	0.00600	0.00550	0.01218	0.09306	0.02181	0.67972	0.05309	0.04754	0.01087	0.00635	0.00174	0.00276	0.00958	0.00594	0.00549
16	0.10778	0.01016	0.01230	0.00967	0.01351	0.00983	0.00786	0.14074	0.03596	0.50890	0.01844	0.01789	0.01255	0.06111	0.00678	0.00193	0.00485	0.00531	0.00592	0.00850
17	0.01824	0.01333	0.01434	0.01126	0.01478	0.01465	0.00899	0.61104	0.02220	0.02974	0.01388	0.01747	0.01132	0.16211	0.00978	0.00234	0.00586	0.00549	0.00504	0.00811
18	0.00760	0.00521	0.00626	0.00647	0.00677	0.00507	0.00402	0.00826	0.00978	0.01326	0.14967	0.20974	0.02891	0.49325	0.01940	0.00398	0.00434	0.00996	0.00416	0.00387
19	0.00705	0.00552	0.00620	0.00605	0.00750	0.00487	0.00442	0.00872	0.01304	0.01686	0.30871	0.04650	0.43510	0.09529	0.00865	0.00215	0.00296	0.01054	0.00522	0.00466
20	0.06444	0.00542	0.00623	0.00671	0.00712	0.00538	0.00424	0.00833	0.00921	0.01305	0.02310	0.35664	0.04912	0.39742	0.01672	0.00365	0.00424	0.01087	0.00410	0.00399
21	0.01130	0.00969	0.01130	0.00807	0.01292	0.00727	0.00646	0.01373	0.01130	0.01776	0.00969	0.01130	0.00807	0.00404	0.00404	0.00081	0.00404	0.00323	0.00323	0.84173
22	0.01829	0.01383	0.01506	0.01139	0.01588	0.01442	0.00936	0.56469	0.02194	0.03008	0.01221	0.01263	0.00896	0.00590	0.00509	0.00142	0.00549	0.00448	0.00488	0.22401
23	0.00673	0.00485	0.00638	0.00744	0.00791	0.00450	0.00503	0.00785	0.01098	0.01469	0.10001	0.70245	0.06819	0.01639	0.00689	0.00215	0.00309	0.01481	0.00515	0.00450
24	0.00791	0.00593	0.00867	0.00861	0.00946	0.00690	0.00658	0.00963	0.00866	0.01245	0.01469	0.02266	0.01411	0.11974	0.68900	0.00824	0.03305	0.00603	0.00295	0.00473
25	0.00684	0.00488	0.00655	0.00782	0.00822	0.00460	0.00540	0.00793	0.01063	0.01414	0.02994	0.73677	0.03563	0.01689	0.00701	0.00224	0.00333	0.08164	0.00506	0.00448
26	0.01030	0.00969	0.01635	0.79530	0.03755	0.01211	0.01514	0.01393	0.01090	0.01393	0.00969	0.01453	0.00727	0.00545	0.00545	0.00182	0.00727	0.00484	0.00242	0.00606
27	0.01151	0.01093	0.01855	0.50478	0.31854	0.01243	0.01575	0.01500	0.01148	0.01541	0.00991	0.01414	0.00779	0.00522	0.00543	0.00174	0.00697	0.00485	0.00253	0.00704
28	0.00688	0.00547	0.00619	0.00628	0.00778	0.00479	0.00469	0.00856	0.01295	0.01649	0.23133	0.13801	0.47468	0.01357	0.00654	0.00188	0.00285	0.04101	0.00530	0.00474
29	0.00700	0.00500	0.00634	0.00708	0.00757	0.00468	0.00471	0.00803	0.01080	0.01446	0.12926	0.52227	0.08185	0.15202	0.01043	0.00265	0.00342	0.01319	0.00489	0.00434
30	0.10454	0.01468	0.06649	0.01166	0.01581	0.01497	0.01003	0.55873	0.02157	0.03041	0.01357	0.06627	0.01070	0.00700	0.00528	0.00168	0.00567	0.00537	0.02718	0.00840
31	0.01694	0.01084	0.01222	0.01035	0.01358	0.02581	0.00825	0.16358	0.26164	0.23059	0.03467	0.04283	0.04647	0.04687	0.00678	0.00197	0.00480	0.04807	0.00564	0.00809
32	0.00719	0.00551	0.00652	0.00639	0.00779	0.00492	0.00474	0.00911	0.01365	0.01811	0.41047	0.08254	0.33098	0.04583	0.00737	0.00195	0.00283	0.02380	0.00546	0.00482
33	0.00764	0.00520	0.00599	0.00621	0.00635	0.00511	0.00365	0.00787	0.00858	0.01135	0.02123	0.16863	0.05910	0.63392	0.02314	0.00459	0.00480	0.00940	0.00369	0.00356
34	0.01195	0.02686	0.70091	0.01523	0.02290	0.01310	0.01913	0.09393	0.01298	0.01904	0.01013	0.01167	0.00715	0.00532	0.00521	0.00172	0.00784	0.00412	0.00263	0.00818
35	0.01458	0.81168	0.02857	0.00933	0.01399	0.02157	0.00933	0.01632	0.01108	0.01283	0.00758	0.00875	0.00700	0.00466	0.00350	0.00117	0.00583	0.00292	0.00233	0.00700
36	0.02072	0.01527	0.01636	0.01254	0.01691	0.01691	0.01036	0.75622	0.02563	0.03436	0.01309	0.01309	0.00927	0.00654	0.00545	0.00164	0.00600	0.00491	0.00545	0.00927
37	0.00664	0.00474	0.00633	0.00759	0.00791	0.00443	0.00506	0.00759	0.01044	0.01392	0.03005	0.80485	0.03606	0.01708	0.00696	0.00221	0.00316	0.01550	0.00506	0.00443
38	0.00668	0.00485	0.00622	0.00730	0.00776	0.00449	0.00488	0.00763	0.01052	0.01384	0.03204	0.68948	0.11164	0.05512	0.00791	0.00232	0.00322	0.01472	0.00498	0.00439
39	0.01356	0.01171	0.01233	0.01109	0.01418	0.01356	0.00863	0.02897	0.76455	0.02281	0.02219	0.02034	0.01664	0.00740	0.00555	0.00185	0.00431	0.00616	0.00555	0.00863
40	0.01458	0.81168	0.02857	0.00933	0.01399	0.02157	0.00933	0.01632	0.01108	0.01283	0.00758	0.00875	0.00700	0.00466	0.00350	0.00117	0.00583	0.00292	0.00233	0.00700
41	0.00793	0.00529	0.00595	0.00595	0.00595	0.00529	0.00330	0.00793	0.00793	0.01057	0.01718	0.03568	0.01982	0.80840	0.02775	0.00529	0.00529	0.00793	0.00330	0.00330
42	0.00683	0.00489	0.00649	0.00747	0.00795	0.00455	0.00508	0.00805	0.01130	0.01528	0.15743	0.67357	0.03870	0.01606	0.00687	0.00213	0.00306	0.01453	0.00522	0.00455
43	0.00644	0.00552	0.00552	0.00552	0.00736	0.00460	0.00414	0.00782	0.01243	0.01473	0.05523	0.05247	0.77218	0.01381	0.00644	0.00184	0.00276	0.01151	0.00506	0.00460
44	0.00664	0.00474	0.00633	0.00759	0.00791	0.00443	0.00506	0.00759	0.01044	0.01392	0.03005	0.80485	0.03606	0.01708	0.00696	0.00221	0.00316	0.01550	0.00506	0.00443
45	0.00777	0.00531	0.00590	0.00590	0.00609	0.00521	0.00339	0.00792	0.00839	0.01100	0.02113	0.03742	0.09788	0.72596	0.02554	0.00493	0.00502	0.00830	0.00349	0.00344
46	0.00808	0.00527	0.00589	0.00589	0.00597	0.00527	0.00334	0.00825	0.00817	0.01123	0.01722	0.03463	0.01942	0.75382	0.02612	0.00501	0.00510	0.00773	0.06015	0.00342
47	0.01389	0.01240	0.01248	0.01124	0.01431	0.05105	0.00872	0.02862	0.72822	0.02235	0.02152	0.01983	0.01618	0.00731	0.00552	0.00183	0.00458	0.00604	0.00541	0.00852
48	0.01093	0.02820	0.78016	0.01554	0.02360	0.01266	0.02014	0.01727	0.01151	0.01727	0.00978	0.01151	0.00691	0.00518	0.00518	0.00173	0.00806	0.00403	0.00230	0.00806
49	0.02273	0.00940	0.01243	0.00974	0.01374	0.00849	0.00797	0.02623	0.09330	0.67257	0.04858	0.01954	0.01519	0.00697	0.00552	0.00170	0.00453	0.00571	0.00660	0.00906
50	0.00661	0.00485	0.00621	0.00730	0.00783	0.00445	0.00493	0.00762	0.01072	0.01403	0.03357	0.69975	0.13888	0.01662	0.00689	0.00216	0.00311	0.01494	0.00506	0.00445
51	0.00793	0.00529	0.00595	0.00595	0.00595	0.00529	0.00330	0.00793	0.00793	0.01057	0.01718	0.03568	0.01982	0.80840	0.02775	0.00529	0.00529	0.00793	0.00330	0.00330
52	0.00780	0.00578	0.00847	0.00847	0.00934	0.00666	0.00645	0.00955	0.00868	0.01244	0.01487	0.02290	0.01427	0.12052	0.70805	0.00840	0.01364	0.00606	0.00296	0.00471
53	0.23707	0.00769	0.00743	0.00673	0.00887	0.00824	0.00527	0.08947	0.01293	0.02296	0.14403	0.02028	0.01786	0.02251	0.00478	0.00158	0.00341	0.00536	0.36782	0.00571
54	0.84691	0.01054	0.00801	0.00717	0.01054	0.01223	0.00590	0.01603	0.00928	0.02446	0.00759	0.00886	0.00590	0.00506	0.00337	0.00169	0.00422	0.00295	0.00337	0.00590
55	0.01105	0.00631	0.00836	0.00743	0.00930	0.00572	0.00572	0.01353	0.01547	0.17265	0.62199	0.03630	0.04388	0.01027	0.00624	0.00171	0.00298	0.00899	0.00615	0.00597
56	0.05182	0.01035	0.01313	0.01010	0.01432	0.00968	0.00834	0.15156	0.01711	0.62473	0.01959	0.01729	0.01251	0.00666	0.00541	0.00168	0.00486	0.00530	0.00641	0.00916
57	0.00908	0.00589	0.00717	0.00677	0.00843	0.00523	0.00506	0.01097	0.01376	0.10271	0.36134	0.10744	0.28210	0.04074	0.00714	0.00192	0.00301	0.01033	0.00560	0.00530
58	0.00791	0.00534	0.00624	0.00624	0.00634	0.00544	0.00367	0.00812	0.00801	0.01079	0.01691	0.03420	0.01918	0.72877	0.10650	0.00565	0.00625	0.00771	0.00326	0.00347
59	0.00694	0.00497	0.00659	0.00739	0.00797	0.00462	0.00508	0.00833	0.01180	0.01609	0.23297	0.59573	0.04027	0.01546	0.00681	0.00208	0.00300	0.01396	0.00532	0.00462
60	0.00744	0.00527	0.00698	0.00771	0.00820	0.00528	0.00530	0.02433	0.01009	0.01362	0.02468	0.50904	0.02858	0.13213	0.14419	0.02455	0.00557	0.02823	0.00439	0.00441
61	0.00658	0.00498	0.00608	0.00697	0.00774	0.00448	0.00478	0.00766	0.01103	0.01416	0.03761	0.57895	0.25708	0.01610	0.00680	0.00210	0.00304	0.01430	0.00506	0.00448
62	0.00968	0.00673	0.00749	0.00690	0.00904	0.00613	0.00529	0.06167	0.03737	0.09641	0.14054	0.08685	0.48107	0.01222	0.00628	0.00182	0.00322	0.01028	0.00540	0.00559
63	0.01391	0.61158	0.02560	0.01058	0.01407	0.02035	0.00998	0.01552	0.01039	0.01290	0.00747	0.00954	0.00704	0.00588	0.00710	0.00147	0.20414	0.00338	0.00235	0.00674
64	0.01177	0.01127	0.01802	0.24643	0.17369	0.03160	0.10217	0.02940	0.01122	0.01560	0.01103	0.04611	0.00964	0.02766	0.02541	0.00210	0.16687	0.00553	0.04791	0.00657
65	0.00981	0.00759	0.01041	0.00963	0.01126	0.00762	0.06819	0.10370	0.04995	0.01849	0.15337	0.30641	0.02994	0.09510	0.00879	0.00236	0.00440	0.09250	0.00492	0.00555
66	0.01048	0.00913	0.01605	0.45075	0.02732	0.01053	0.11311	0.01255	0.01006	0.01319	0.00972	0.01501	0.00799	0.00909	0.01028	0.22667	0.03533	0.00503	0.00245	0.00524
67	0.01107	0.01027	0.01705	0.54028	0.21067	0.01191	0.01471	0.03294	0.01160	0.01537	0.01130	0.06803	0.00960	0.00613	0.00554	0.00179	0.00677	0.00557	0.00274	0.00664
68	0.03163	0.01051	0.01187	0.00902	0.01333	0.00933	0.00720	0.14911	0.06058	0.02098	0.01242	0.06614	0.01068	0.00561	0.00457	0.00114	0.00436	0.00455	0.00391	0.56308
69	0.01113	0.00794	0.01090	0.00973	0.01184	0.00785	0.07057	0.07763	0.08838	0.09435	0.15818	0.27148	0.08331	0.01249	0.03069	0.00214	0.00447	0.03552	0.00521	0.00617
70	0.09216	0.01673	0.23165	0.03146	0.08347	0.01240	0.20632	0.09405	0.01354	0.09160	0.01275	0.05326	0.01008	0.00606	0.00555	0.00177	0.00701	0.01898	0.00349	0.00769
71	0.01197	0.02658	0.01583	0.01423	0.09962	0.01043	0.13660	0.08527	0.09137	0.03172	0.06769	0.15557	0.04495	0.00836	0.00616	0.00171	0.02994	0.02318	0.00416	0.13466

[dist]
# distance from previous block
# <min> <max>
4	11

[block]
# block no. 3 follows, 44 sequences, length 7
# corresponding to MSA columns:
# 445-451
name=unknown_D
#
# <colnr> <probs for GDERKNQSTAVLIFYWHMCP>
#	G	D	E	R	K	N	Q	S	T	A	V	L	I	F	Y	W	H	M	C	P
0	0.09230	0.02953	0.05097	0.20251	0.03636	0.03684	0.08493	0.01504	0.06218	0.04193	0.01708	0.02090	0.09525	0.06334	0.05968	0.00242	0.00656	0.01990	0.00341	0.05885
1	0.08843	0.01118	0.03765	0.02986	0.08609	0.06215	0.00867	0.06694	0.19268	0.08259	0.01712	0.05174	0.05279	0.02715	0.00873	0.15452	0.00518	0.00579	0.00414	0.00660
2	0.01261	0.01071	0.01186	0.03412	0.01367	0.06833	0.03606	0.17616	0.08654	0.01998	0.02167	0.19006	0.09246	0.00993	0.00622	0.02325	0.00499	0.05384	0.00453	0.12301
3	0.01368	0.01160	0.01539	0.04410	0.19105	0.06287	0.05703	0.04464	0.08478	0.09148	0.02872	0.07239	0.04543	0.00694	0.00568	0.00159	0.02259	0.02479	0.00394	0.17130
4	0.01443	0.01065	0.01180	0.00935	0.01316	0.03809	0.00742	0.14228	0.08570	0.11773	0.06740	0.06674	0.04049	0.00682	0.00507	0.00137	0.00449	0.00559	0.00462	0.34682
5	0.01271	0.01364	0.06215	0.08098	0.05518	0.01292	0.33317	0.06720	0.01261	0.01784	0.01020	0.01335	0.00802	0.00539	0.00723	0.00168	0.11155	0.00518	0.00293	0.16607
6	0.00832	0.00677	0.00772	0.04869	0.00994	0.05834	0.00590	0.00948	0.01062	0.01374	0.07083	0.40121	0.02857	0.19423	0.04691	0.00312	0.00492	0.06183	0.00434	0.00449

[dist]
# distance from previous block
# <min> <max>
0	1

[block]
# block no. 4 follows, 44 sequences, length 136
# corresponding to MSA columns:
# 453-588
name=unknown_E
#
# <colnr> <probs for GDERKNQSTAVLIFYWHMCP>
#	G	D	E	R	K	N	Q	S	T	A	V	L	I	F	Y	W	H	M	C	P
0	0.00988	0.00938	0.01724	0.01386	0.01619	0.00974	0.27414	0.01239	0.01045	0.01455	0.03473	0.10113	0.01516	0.11013	0.24916	0.00444	0.08133	0.00730	0.00316	0.00564
1	0.03637	0.01006	0.01672	0.71980	0.03581	0.01231	0.04386	0.03393	0.01132	0.01494	0.00977	0.01433	0.00732	0.00543	0.00543	0.00181	0.00722	0.00485	0.00255	0.00619
2	0.00677	0.00554	0.00598	0.00587	0.00757	0.00474	0.00440	0.00846	0.01320	0.01657	0.24031	0.04943	0.58595	0.01312	0.00644	0.00181	0.00271	0.01108	0.00531	0.00474
3	0.01962	0.01440	0.01549	0.01209	0.01614	0.01591	0.00987	0.65387	0.07695	0.04590	0.01433	0.02896	0.01070	0.03235	0.00620	0.00178	0.00578	0.00530	0.00541	0.00895
4	0.01959	0.01360	0.01509	0.01193	0.01589	0.01479	0.00989	0.59667	0.02298	0.10200	0.01537	0.01828	0.01182	0.00840	0.02964	0.00194	0.00605	0.07188	0.00546	0.00875
5	0.02260	0.00565	0.00683	0.00651	0.00798	0.00513	0.00489	0.00974	0.01452	0.02001	0.56746	0.04326	0.24199	0.01174	0.00638	0.00175	0.00265	0.01017	0.00570	0.00501
6	0.01805	0.00906	0.01126	0.00927	0.01261	0.00867	0.00743	0.04759	0.16313	0.42181	0.13624	0.02512	0.08888	0.00817	0.00572	0.00174	0.00414	0.00680	0.00620	0.00811
7	0.01557	0.01062	0.01191	0.01008	0.01329	0.01132	0.00801	0.15914	0.32930	0.16537	0.11051	0.02407	0.09027	0.00816	0.00571	0.00176	0.00434	0.00674	0.00576	0.00808
8	0.00699	0.00500	0.00670	0.00781	0.00832	0.00471	0.00550	0.00826	0.01114	0.01492	0.09760	0.64955	0.03692	0.01631	0.00698	0.00220	0.00332	0.09809	0.00514	0.00456
9	0.09106	0.00703	0.00879	0.00770	0.00995	0.00659	0.00604	0.01512	0.01484	0.22016	0.48746	0.03236	0.03679	0.00950	0.00592	0.00172	0.00332	0.02343	0.00593	0.00630
10	0.00662	0.00482	0.00625	0.00740	0.00786	0.00444	0.00497	0.00761	0.01062	0.01399	0.03242	0.73408	0.10529	0.01677	0.00691	0.00218	0.00313	0.01512	0.00506	0.00444
11	0.17363	0.01429	0.01469	0.01150	0.01565	0.01594	0.00948	0.59731	0.04467	0.03218	0.01234	0.01252	0.00887	0.00629	0.00507	0.00165	0.00562	0.00458	0.00507	0.00863
12	0.00674	0.00482	0.00641	0.00752	0.00793	0.00449	0.00507	0.00784	0.01089	0.01464	0.09773	0.73509	0.03746	0.01654	0.00691	0.00217	0.00311	0.01498	0.00515	0.00449
13	0.00751	0.00596	0.00668	0.00671	0.00827	0.00548	0.00511	0.00990	0.05448	0.01622	0.16854	0.04831	0.43616	0.08790	0.00854	0.00223	0.00336	0.10869	0.00508	0.00485
14	0.00675	0.00558	0.00594	0.00612	0.00771	0.00487	0.00449	0.00853	0.03633	0.01504	0.07034	0.19054	0.59048	0.01413	0.00651	0.00191	0.00288	0.01203	0.00511	0.00472
15	0.01130	0.00969	0.01130	0.00807	0.01292	0.00727	0.00646	0.01373	0.01130	0.01776	0.00969	0.01130	0.00807	0.00404	0.00404	0.00081	0.00404	0.00323	0.00323	0.84173
16	0.00945	0.00601	0.00824	0.00895	0.01019	0.00576	0.00722	0.01145	0.01245	0.08564	0.09841	0.28515	0.03308	0.01456	0.00706	0.00227	0.00418	0.37941	0.00528	0.00524
17	0.00946	0.00585	0.00759	0.00725	0.00874	0.00530	0.00539	0.01152	0.01411	0.11387	0.45374	0.20271	0.10920	0.01211	0.00643	0.00183	0.00297	0.01067	0.00581	0.00546
18	0.01421	0.01204	0.01270	0.01123	0.01443	0.01387	0.00879	0.09535	0.69710	0.02386	0.02136	0.01968	0.01597	0.00732	0.00554	0.00183	0.00447	0.00605	0.00554	0.00869
19	0.00861	0.00614	0.00852	0.00955	0.01066	0.00624	0.00810	0.01084	0.01177	0.01545	0.02646	0.05537	0.02865	0.08991	0.08267	0.00335	0.00595	0.60225	0.00467	0.00485
20	0.76921	0.01099	0.00880	0.00767	0.01114	0.01267	0.00632	0.08564	0.01082	0.02539	0.00811	0.00925	0.00622	0.00520	0.00357	0.00168	0.00438	0.00314	0.00357	0.00622
21	0.00768	0.00542	0.00711	0.00787	0.00849	0.00530	0.00577	0.00904	0.01085	0.01450	0.09386	0.31867	0.03157	0.20096	0.03927	0.00320	0.00453	0.21685	0.00465	0.00441
22	0.00772	0.00557	0.00729	0.00686	0.00814	0.00514	0.00514	0.01029	0.01543	0.02186	0.77152	0.04072	0.05144	0.01115	0.00643	0.00171	0.00257	0.00986	0.00600	0.00514
23	0.00947	0.00473	0.00710	0.00710	0.00710	0.00473	0.00473	0.00710	0.00710	0.00947	0.00947	0.01657	0.00947	0.01894	0.02131	0.84138	0.00473	0.00473	0.00237	0.00237
24	0.01130	0.00969	0.01130	0.00807	0.01292	0.00727	0.00646	0.01373	0.01130	0.01776	0.00969	0.01130	0.00807	0.00404	0.00404	0.00081	0.00404	0.00323	0.00323	0.84173
25	0.00947	0.00473	0.00710	0.00710	0.00710	0.00473	0.00473	0.00710	0.00710	0.00947	0.00947	0.01657	0.00947	0.01894	0.02131	0.84138	0.00473	0.00473	0.00237	0.00237
26	0.01356	0.01171	0.01233	0.01109	0.01418	0.01356	0.00863	0.02897	0.76455	0.02281	0.02219	0.02034	0.01664	0.00740	0.00555	0.00185	0.00431	0.00616	0.00555	0.00863
27	0.84691	0.01054	0.00801	0.00717	0.01054	0.01223	0.00590	0.01603	0.00928	0.02446	0.00759	0.00886	0.00590	0.00506	0.00337	0.00169	0.00422	0.00295	0.00337	0.00590
28	0.01130	0.00969	0.01130	0.00807	0.01292	0.00727	0.00646	0.01373	0.01130	0.01776	0.00969	0.01130	0.00807	0.00404	0.00404	0.00081	0.00404	0.00323	0.00323	0.84173
29	0.02446	0.00928	0.01265	0.00970	0.01392	0.00801	0.00801	0.02657	0.01560	0.77817	0.02151	0.01856	0.01350	0.00675	0.00548	0.00169	0.00464	0.00548	0.00675	0.00928
30	0.02446	0.00928	0.01265	0.00970	0.01392	0.00801	0.00801	0.02657	0.01560	0.77817	0.02151	0.01856	0.01350	0.00675	0.00548	0.00169	0.00464	0.00548	0.00675	0.00928
31	0.01974	0.01373	0.01508	0.01182	0.01579	0.01492	0.00965	0.61920	0.02329	0.10033	0.01545	0.08806	0.01218	0.00755	0.00560	0.00170	0.00561	0.00596	0.00553	0.00882
32	0.02446	0.00928	0.01265	0.00970	0.01392	0.00801	0.00801	0.02657	0.01560	0.77817	0.02151	0.01856	0.01350	0.00675	0.00548	0.00169	0.00464	0.00548	0.00675	0.00928
33	0.01642	0.01107	0.01241	0.01073	0.01411	0.01211	0.00847	0.02834	0.56816	0.22088	0.02201	0.01987	0.01582	0.00723	0.00553	0.00181	0.00440	0.00599	0.00586	0.00880
34	0.00664	0.00474	0.00633	0.00759	0.00791	0.00443	0.00506	0.00759	0.01044	0.01392	0.03005	0.80485	0.03606	0.01708	0.00696	0.00221	0.00316	0.01550	0.00506	0.00443
35	0.02272	0.00904	0.01219	0.00959	0.01346	0.00795	0.00781	0.04663	0.01543	0.68619	0.02204	0.09017	0.01543	0.00768	0.00562	0.00173	0.00454	0.00638	0.00656	0.00884
36	0.01130	0.00969	0.01130	0.00807	0.01292	0.00727	0.00646	0.01373	0.01130	0.01776	0.00969	0.01130	0.00807	0.00404	0.00404	0.00081	0.00404	0.00323	0.00323	0.84173
37	0.00766	0.00581	0.00846	0.00846	0.00951	0.00661	0.00656	0.00956	0.00911	0.01285	0.01842	0.02434	0.08497	0.03834	0.71340	0.00811	0.01349	0.00637	0.00312	0.00484
38	0.00729	0.00540	0.00689	0.00792	0.00850	0.00529	0.00540	0.00960	0.08136	0.01475	0.02931	0.73106	0.03423	0.01617	0.00683	0.00218	0.00327	0.01462	0.00511	0.00482
39	0.00762	0.00550	0.00720	0.00693	0.00812	0.00508	0.00514	0.01004	0.01498	0.02114	0.70384	0.11047	0.05004	0.01169	0.00648	0.00176	0.00263	0.01037	0.00592	0.00508
40	0.84691	0.01054	0.00801	0.00717	0.01054	0.01223	0.00590	0.01603	0.00928	0.02446	0.00759	0.00886	0.00590	0.00506	0.00337	0.00169	0.00422	0.00295	0.00337	0.00590
41	0.00669	0.00535	0.00601	0.00650	0.00774	0.00474	0.00462	0.00822	0.02902	0.01458	0.04416	0.35952	0.45355	0.01500	0.00663	0.00199	0.00296	0.01302	0.00507	0.00462
42	0.08429	0.00612	0.00727	0.00698	0.00846	0.00593	0.00523	0.01091	0.03596	0.02083	0.55485	0.11000	0.10056	0.01124	0.00618	0.00177	0.00284	0.00978	0.00559	0.00521
43	0.00774	0.00559	0.00732	0.00693	0.00822	0.00517	0.00523	0.01031	0.01537	0.02174	0.75479	0.04119	0.05099	0.01123	0.00645	0.00173	0.00263	0.02626	0.00598	0.00514
44	0.01287	0.01471	0.03217	0.02298	0.02849	0.01379	0.75460	0.01746	0.01287	0.01746	0.01103	0.01471	0.00827	0.00460	0.00643	0.00184	0.00919	0.00643	0.00276	0.00735
45	0.00769	0.00519	0.00602	0.00625	0.00631	0.00513	0.00363	0.00787	0.00839	0.01119	0.01956	0.17823	0.02283	0.66174	0.02390	0.00472	0.00489	0.00933	0.00363	0.00351
46	0.09861	0.01006	0.01255	0.00977	0.01386	0.00947	0.00805	0.10662	0.03301	0.59748	0.03129	0.01746	0.01301	0.00666	0.00530	0.00169	0.00471	0.00527	0.00626	0.00889
47	0.00781	0.00523	0.00598	0.00610	0.00613	0.00520	0.00347	0.00790	0.00816	0.01089	0.01839	0.10802	0.02135	0.73398	0.02579	0.00500	0.00509	0.00864	0.00347	0.00341
48	0.01093	0.02820	0.78016	0.01554	0.02360	0.01266	0.02014	0.01727	0.01151	0.01727	0.00978	0.01151	0.00691	0.00518	0.00518	0.00173	0.00806	0.00403	0.00230	0.00806
49	0.01292	0.01417	0.02950	0.04985	0.18993	0.01355	0.57162	0.01719	0.01271	0.01743	0.01082	0.01444	0.00832	0.00468	0.00618	0.00179	0.00854	0.00604	0.00273	0.00759
50	0.00783	0.00575	0.00830	0.00826	0.00918	0.00649	0.00629	0.00967	0.00936	0.01346	0.08608	0.02452	0.01776	0.10757	0.63102	0.00766	0.01242	0.00640	0.01722	0.00475
51	0.02228	0.00901	0.01211	0.00944	0.01330	0.00793	0.00773	0.04697	0.01589	0.66219	0.11361	0.02112	0.01804	0.00728	0.00560	0.00169	0.00443	0.00600	0.00662	0.00877
52	0.01051	0.00997	0.01674	0.58238	0.14779	0.01161	0.03709	0.01391	0.01133	0.01471	0.01397	0.01784	0.07733	0.00610	0.00556	0.00179	0.00679	0.00550	0.00272	0.00636
53	0.01016	0.00739	0.01068	0.02563	0.01142	0.00880	0.00793	0.01207	0.00998	0.08352	0.08487	0.02098	0.01578	0.02814	0.47629	0.00607	0.16533	0.00596	0.00345	0.00553
54	0.01065	0.00987	0.01596	0.35072	0.19125	0.01090	0.05358	0.01439	0.05160	0.01605	0.04922	0.04671	0.10244	0.00711	0.00590	0.00178	0.02141	0.00637	0.02755	0.00654
55	0.01419	0.07824	0.02182	0.04989	0.61726	0.09175	0.01547	0.01713	0.01257	0.01686	0.00984	0.01277	0.00830	0.00493	0.00520	0.00157	0.00678	0.00457	0.00267	0.00820
56	0.02044	0.01505	0.01613	0.01240	0.01666	0.01665	0.01020	0.73943	0.02524	0.03383	0.01318	0.01360	0.00951	0.02453	0.00595	0.00172	0.00598	0.00498	0.00541	0.00914
57	0.01156	0.00986	0.01144	0.00826	0.01304	0.00766	0.00661	0.02919	0.03472	0.01825	0.01014	0.01162	0.00836	0.00419	0.00411	0.00086	0.00409	0.00335	0.00335	0.79934
58	0.01898	0.01241	0.01402	0.01098	0.01475	0.01315	0.00898	0.48829	0.02196	0.16424	0.15515	0.01918	0.01784	0.00743	0.00564	0.00166	0.00512	0.00593	0.00579	0.00851
59	0.02732	0.00603	0.00821	0.02272	0.00884	0.00629	0.00563	0.07952	0.00931	0.01283	0.01070	0.01756	0.01019	0.01717	0.03348	0.66197	0.00503	0.02608	0.02775	0.00338
60	0.01370	0.01081	0.01232	0.00918	0.01376	0.00952	0.00739	0.14221	0.08270	0.05506	0.01194	0.01276	0.00930	0.00489	0.00448	0.00108	0.00442	0.00388	0.00398	0.58660
61	0.00923	0.00612	0.00776	0.00740	0.00889	0.00572	0.00551	0.03496	0.02963	0.07898	0.46582	0.19628	0.09862	0.01201	0.00642	0.00183	0.00301	0.01058	0.00577	0.00548
62	0.00661	0.00553	0.00576	0.00570	0.00747	0.00467	0.00428	0.00815	0.01283	0.01568	0.15105	0.05090	0.67577	0.01345	0.00644	0.00182	0.00274	0.01129	0.00519	0.00467
63	0.01130	0.00969	0.01130	0.00807	0.01292	0.00727	0.00646	0.01373	0.01130	0.01776	0.00969	0.01130	0.00807	0.00404	0.00404	0.00081	0.00404	0.00323	0.00323	0.84173
64	0.00681	0.00549	0.00606	0.00602	0.00761	0.00474	0.00448	0.00850	0.01315	0.01667	0.25334	0.09396	0.52753	0.01326	0.00647	0.00183	0.00273	0.01128	0.00532	0.00474
65	0.00786	0.00665	0.00693	0.00671	0.00870	0.00630	0.00507	0.01191	0.15198	0.01672	0.10007	0.06756	0.55872	0.01252	0.00629	0.00184	0.00305	0.01051	0.00522	0.00538
66	0.00793	0.00529	0.00595	0.00595	0.00595	0.00529	0.00330	0.00793	0.00793	0.01057	0.01718	0.03568	0.01982	0.80840	0.02775	0.00529	0.00529	0.00793	0.00330	0.00330
67	0.01294	0.01450	0.03101	0.02418	0.11433	0.01369	0.66968	0.01738	0.01282	0.01750	0.01094	0.01457	0.00831	0.00463	0.00631	0.00181	0.00888	0.00625	0.00275	0.00750
68	0.00749	0.00556	0.00697	0.00662	0.00800	0.00505	0.00496	0.00984	0.01489	0.02057	0.64177	0.04285	0.18200	0.01163	0.00643	0.00174	0.00261	0.01016	0.00583	0.00505
69	0.00779	0.00584	0.00876	0.00876	0.00974	0.00681	0.00681	0.00974	0.00876	0.01266	0.01460	0.02142	0.01363	0.04089	0.78680	0.00876	0.01460	0.00584	0.00292	0.00487
70	0.01030	0.00969	0.01635	0.79530	0.03755	0.01211	0.01514	0.01393	0.01090	0.01393	0.00969	0.01453	0.00727	0.00545	0.00545	0.00182	0.00727	0.00484	0.00242	0.00606
71	0.00664	0.00474	0.00633	0.00759	0.00791	0.00443	0.00506	0.00759	0.01044	0.01392	0.03005	0.80485	0.03606	0.01708	0.00696	0.00221	0.00316	0.01550	0.00506	0.00443
72	0.01193	0.01193	0.01670	0.01431	0.01431	0.01670	0.01193	0.01312	0.00835	0.01312	0.00716	0.01193	0.00716	0.00954	0.01789	0.00239	0.79843	0.00477	0.00239	0.00596
73	0.01287	0.01471	0.03217	0.02298	0.02849	0.01379	0.75460	0.01746	0.01287	0.01746	0.01103	0.01471	0.00827	0.00460	0.00643	0.00184	0.00919	0.00643	0.00276	0.00735
74	0.00664	0.00474	0.00633	0.00759	0.00791	0.00443	0.00506	0.00759	0.01044	0.01392	0.03005	0.80485	0.03606	0.01708	0.00696	0.00221	0.00316	0.01550	0.00506	0.00443
75	0.02037	0.02598	0.01545	0.01404	0.01685	0.78652	0.01053	0.02177	0.01545	0.01334	0.00843	0.00983	0.00702	0.00562	0.00492	0.00140	0.00983	0.00351	0.00281	0.00632
76	0.01030	0.00969	0.01635	0.79530	0.03755	0.01211	0.01514	0.01393	0.01090	0.01393	0.00969	0.01453	0.00727	0.00545	0.00545	0.00182	0.00727	0.00484	0.00242	0.00606
77	0.02446	0.00928	0.01265	0.00970	0.01392	0.00801	0.00801	0.02657	0.01560	0.77817	0.02151	0.01856	0.01350	0.00675	0.00548	0.00169	0.00464	0.00548	0.00675	0.00928
78	0.02446	0.00928	0.01265	0.00970	0.01392	0.00801	0.00801	0.02657	0.01560	0.77817	0.02151	0.01856	0.01350	0.00675	0.00548	0.00169	0.00464	0.00548	0.00675	0.00928
79	0.01287	0.01471	0.03217	0.02298	0.02849	0.01379	0.75460	0.01746	0.01287	0.01746	0.01103	0.01471	0.00827	0.00460	0.00643	0.00184	0.00919	0.00643	0.00276	0.00735
80	0.00664	0.00474	0.00633	0.00759	0.00791	0.00443	0.00506	0.00759	0.01044	0.01392	0.03005	0.80485	0.03606	0.01708	0.00696	0.00221	0.00316	0.01550	0.00506	0.00443
81	0.00760	0.00557	0.00712	0.00673	0.00807	0.00509	0.00505	0.01006	0.01515	0.02119	0.70415	0.04183	0.11923	0.01140	0.00643	0.00173	0.00259	0.01001	0.00591	0.00509
82	0.01581	0.01169	0.01275	0.01103	0.01440	0.01307	0.00870	0.09702	0.58698	0.13289	0.02124	0.01940	0.01549	0.00722	0.00553	0.00181	0.00452	0.00595	0.00571	0.00878
83	0.17689	0.00951	0.01179	0.00923	0.01329	0.00879	0.00762	0.02461	0.01443	0.63848	0.01893	0.01676	0.01209	0.00643	0.00509	0.00169	0.00456	0.00501	0.00612	0.00865
84	0.00664	0.00474	0.00633	0.00759	0.00791	0.00443	0.00506	0.00759	0.01044	0.01392	0.03005	0.80485	0.03606	0.01708	0.00696	0.00221	0.00316	0.01550	0.00506	0.00443
85	0.01749	0.01305	0.01427	0.01169	0.01524	0.01438	0.00953	0.53413	0.10805	0.02947	0.01717	0.09075	0.01464	0.00841	0.00580	0.00180	0.00545	0.07494	0.00539	0.00836
86	0.00776	0.00525	0.00607	0.00619	0.00629	0.00523	0.00361	0.00795	0.00830	0.01106	0.01914	0.11339	0.03589	0.68842	0.04942	0.00502	0.00532	0.00870	0.00350	0.00349
87	0.01687	0.01336	0.01419	0.01176	0.01544	0.01511	0.00943	0.36504	0.42308	0.02814	0.01798	0.01699	0.01324	0.00700	0.00550	0.00175	0.00509	0.00558	0.00550	0.00893
88	0.00746	0.00542	0.00703	0.00693	0.00806	0.00499	0.00508	0.00967	0.01437	0.02006	0.60053	0.18289	0.08237	0.01237	0.00653	0.00181	0.00269	0.01098	0.00578	0.00499
89	0.01134	0.01075	0.01816	0.50969	0.29711	0.01225	0.01547	0.01479	0.01147	0.01532	0.01085	0.01496	0.02382	0.00542	0.00545	0.00175	0.00689	0.00499	0.00258	0.00694
90	0.71055	0.01052	0.00897	0.02418	0.01169	0.01188	0.00647	0.03930	0.01052	0.11078	0.00939	0.01021	0.00690	0.00531	0.00372	0.00169	0.00438	0.00334	0.00380	0.00639
91	0.01944	0.00882	0.01147	0.00929	0.01273	0.00815	0.00749	0.02344	0.11631	0.51622	0.18061	0.02350	0.02196	0.00777	0.00569	0.00171	0.00416	0.00650	0.00643	0.00831
92	0.01093	0.02820	0.78016	0.01554	0.02360	0.01266	0.02014	0.01727	0.01151	0.01727	0.00978	0.01151	0.00691	0.00518	0.00518	0.00173	0.00806	0.00403	0.00230	0.00806
93	0.01625	0.00913	0.01152	0.02718	0.03599	0.03226	0.00854	0.04957	0.09173	0.31551	0.07865	0.06230	0.02173	0.00967	0.00615	0.00194	0.00482	0.20403	0.00565	0.00738
94	0.01378	0.01217	0.01243	0.01119	0.01426	0.03819	0.00869	0.02874	0.74068	0.02250	0.02175	0.02001	0.01634	0.00734	0.00553	0.00183	0.00449	0.00608	0.00546	0.00856
95	0.01783	0.01250	0.01313	0.01043	0.01429	0.08778	0.00836	0.22960	0.06877	0.20623	0.07632	0.03232	0.01428	0.00663	0.00523	0.00149	0.00520	0.00526	0.00509	0.17926
96	0.01298	0.01745	0.16301	0.01724	0.02105	0.11475	0.26960	0.01636	0.01144	0.01540	0.00949	0.01297	0.00778	0.00796	0.04531	0.00224	0.24048	0.00509	0.00258	0.00683
97	0.01722	0.01939	0.01401	0.01268	0.01562	0.42932	0.00965	0.02510	0.36162	0.01772	0.01479	0.01469	0.01147	0.00644	0.00521	0.00161	0.00728	0.00474	0.00407	0.00739
98	0.00722	0.00518	0.00697	0.00816	0.00878	0.00493	0.00600	0.00862	0.01116	0.01476	0.05002	0.57784	0.04995	0.01634	0.00708	0.00227	0.00362	0.20143	0.00508	0.00460
99	0.02369	0.01037	0.05273	0.01006	0.01448	0.00842	0.00869	0.03936	0.01557	0.72497	0.02074	0.01809	0.01307	0.00666	0.00547	0.00169	0.00484	0.00540	0.00649	0.00921
100	0.00644	0.00552	0.00552	0.00552	0.00736	0.00460	0.00414	0.00782	0.01243	0.01473	0.05523	0.05247	0.77218	0.01381	0.00644	0.00184	0.00276	0.01151	0.00506	0.00460
101	0.01835	0.01991	0.01546	0.01482	0.07749	0.44247	0.01083	0.18512	0.01699	0.01877	0.01194	0.01686	0.01046	0.00695	0.00569	0.00162	0.02715	0.08846	0.00364	0.00701
102	0.25677	0.01692	0.01416	0.01314	0.07639	0.24429	0.00965	0.26568	0.01685	0.02393	0.00990	0.01094	0.00759	0.00571	0.00469	0.00158	0.00667	0.00393	0.00385	0.00738
103	0.02072	0.01527	0.01636	0.01254	0.01691	0.01691	0.01036	0.75622	0.02563	0.03436	0.01309	0.01309	0.00927	0.00654	0.00545	0.00164	0.00600	0.00491	0.00545	0.00927
104	0.00664	0.00474	0.00633	0.00759	0.00791	0.00443	0.00506	0.00759	0.01044	0.01392	0.03005	0.80485	0.03606	0.01708	0.00696	0.00221	0.00316	0.01550	0.00506	0.00443
105	0.57073	0.01187	0.01363	0.01083	0.01474	0.01300	0.14527	0.10843	0.01212	0.04184	0.00923	0.01069	0.00694	0.00520	0.00425	0.00171	0.00537	0.00390	0.00360	0.00667
106	0.01616	0.01123	0.01248	0.01074	0.01410	0.01228	0.00852	0.09384	0.50249	0.18052	0.02237	0.02116	0.03883	0.00754	0.00559	0.00181	0.00450	0.02144	0.00576	0.00862
107	0.00662	0.00482	0.00625	0.00740	0.00786	0.00444	0.00498	0.00761	0.01062	0.01399	0.03235	0.73617	0.10325	0.01678	0.00691	0.00218	0.00313	0.01513	0.00506	0.00444
108	0.00668	0.00477	0.00637	0.00764	0.00797	0.00446	0.00513	0.00766	0.01048	0.01396	0.03003	0.79066	0.03597	0.01704	0.00697	0.00222	0.00320	0.02928	0.00506	0.00444
109	0.01773	0.01917	0.01370	0.01215	0.01491	0.44536	0.00919	0.11775	0.11677	0.03776	0.03112	0.01633	0.03387	0.08189	0.00731	0.00189	0.00764	0.00491	0.00382	0.00674
110	0.00812	0.00566	0.00742	0.00693	0.00828	0.00521	0.00521	0.01068	0.01544	0.04009	0.75345	0.04019	0.05053	0.01104	0.00641	0.00171	0.00262	0.00975	0.00602	0.00524
111	0.00672	0.00488	0.00635	0.00736	0.00789	0.00451	0.00499	0.00786	0.01105	0.01471	0.09977	0.67419	0.09705	0.01627	0.00687	0.00214	0.00308	0.01466	0.00515	0.00451
112	0.01293	0.01454	0.03122	0.02396	0.09865	0.01371	0.68520	0.01739	0.01282	0.01750	0.01096	0.01459	0.00831	0.00462	0.00634	0.00182	0.00894	0.00629	0.00275	0.00747
113	0.00786	0.00541	0.00614	0.00628	0.00712	0.00513	0.00433	0.00903	0.01069	0.01455	0.10016	0.07777	0.20099	0.33271	0.01481	0.00322	0.00396	0.07558	0.11004	0.00422
114	0.00664	0.00474	0.00633	0.00759	0.00791	0.00443	0.00506	0.00759	0.01044	0.01392	0.03005	0.80485	0.03606	0.01708	0.00696	0.00221	0.00316	0.01550	0.00506	0.00443
115	0.84691	0.01054	0.00801	0.00717	0.01054	0.01223	0.00590	0.01603	0.00928	0.02446	0.00759	0.00886	0.00590	0.00506	0.00337	0.00169	0.00422	0.00295	0.00337	0.00590
116	0.00745	0.00555	0.00693	0.00662	0.00799	0.00503	0.00495	0.00976	0.01476	0.02034	0.62017	0.05908	0.18766	0.01177	0.00644	0.00175	0.00262	0.01029	0.00580	0.00503
117	0.00658	0.00546	0.00576	0.00584	0.00749	0.00464	0.00432	0.00803	0.01253	0.01532	0.12030	0.12004	0.63720	0.01386	0.00649	0.00186	0.00278	0.01172	0.00515	0.00464
118	0.01102	0.00591	0.00599	0.00569	0.00721	0.00604	0.00434	0.07289	0.01258	0.02146	0.01740	0.01974	0.01359	0.00637	0.00394	0.00130	0.00282	0.00507	0.77122	0.00542
119	0.00679	0.00544	0.00589	0.00595	0.00739	0.00473	0.00429	0.00817	0.01226	0.01530	0.15318	0.11786	0.52975	0.08846	0.00849	0.00218	0.00301	0.01130	0.00503	0.00454
120	0.00947	0.00473	0.00710	0.00710	0.00710	0.00473	0.00473	0.00710	0.00710	0.00947	0.00947	0.01657	0.00947	0.01894	0.02131	0.84138	0.00473	0.00473	0.00237	0.00237
121	0.02072	0.01527	0.01636	0.01254	0.01691	0.01691	0.01036	0.75622	0.02563	0.03436	0.01309	0.01309	0.00927	0.00654	0.00545	0.00164	0.00600	0.00491	0.00545	0.00927
122	0.00663	0.00481	0.00626	0.00742	0.00786	0.00444	0.00499	0.00761	0.01060	0.01398	0.03209	0.74394	0.09565	0.01682	0.00692	0.00218	0.00313	0.01518	0.00506	0.00444
123	0.17405	0.01407	0.01461	0.01139	0.01556	0.01556	0.00941	0.57934	0.02206	0.07298	0.01253	0.01260	0.00888	0.00628	0.00507	0.00165	0.00559	0.00458	0.00514	0.00865
124	0.02108	0.01471	0.01601	0.01228	0.01663	0.01607	0.01014	0.68759	0.02469	0.10432	0.01388	0.01360	0.00967	0.00656	0.00546	0.00164	0.00587	0.00496	0.00558	0.00927
125	0.00788	0.00529	0.00593	0.00593	0.00599	0.00527	0.00333	0.00793	0.00806	0.01069	0.01828	0.03617	0.04171	0.78528	0.02713	0.00519	0.00521	0.00803	0.00335	0.00334
126	0.00662	0.00484	0.00623	0.00734	0.00784	0.00445	0.00495	0.00762	0.01068	0.01401	0.03306	0.71497	0.12399	0.01669	0.00690	0.00217	0.00311	0.01502	0.00506	0.00445
127	0.00921	0.00677	0.00908	0.01006	0.01149	0.00693	0.00868	0.01293	0.08335	0.01706	0.04613	0.05712	0.03047	0.01425	0.00732	0.00243	0.00489	0.65136	0.00509	0.00536
128	0.01069	0.00987	0.01596	0.54832	0.06795	0.01241	0.01378	0.01337	0.01020	0.01361	0.00923	0.01416	0.00749	0.00727	0.00904	0.06987	0.15365	0.00482	0.00243	0.00587
