[name]
unknown

[dist]
# distance from previous block
# <min> <max>
30	166

[block]
# block no. 0 follows, 42 sequences, length 14
# corresponding to MSA columns:
# 236-249
name=unknown_A
#
# <colnr> <probs for GDERKNQSTAVLIFYWHMCP>
#	G	D	E	R	K	N	Q	S	T	A	V	L	I	F	Y	W	H	M	C	P
0	0.05936	0.00909	0.00942	0.00867	0.01053	0.08559	0.00645	0.03666	0.01146	0.08870	0.01785	0.08493	0.04376	0.17262	0.22245	0.00440	0.00795	0.00675	0.04937	0.06398
1	0.08773	0.04753	0.03334	0.02934	0.01589	0.11261	0.09377	0.11224	0.09308	0.02029	0.06829	0.03965	0.06721	0.01020	0.07225	0.00229	0.00685	0.00597	0.00406	0.07741
2	0.01733	0.01733	0.01816	0.03529	0.06141	0.25519	0.11344	0.12853	0.04174	0.06308	0.01129	0.01299	0.00878	0.00599	0.00646	0.00160	0.07250	0.00466	0.00364	0.12059
3	0.00988	0.00631	0.00784	0.00746	0.00890	0.00605	0.00548	0.02865	0.03868	0.08036	0.35023	0.14652	0.07502	0.09345	0.03773	0.00246	0.00382	0.00973	0.07590	0.00553
4	0.01062	0.00958	0.01585	0.71931	0.03591	0.01186	0.01459	0.01427	0.01130	0.01496	0.01074	0.01553	0.00811	0.00571	0.00548	0.00183	0.00707	0.00502	0.07610	0.00616
5	0.01011	0.00744	0.00885	0.02174	0.00958	0.00790	0.00574	0.07146	0.04643	0.01584	0.07323	0.04714	0.01970	0.40821	0.08187	0.00419	0.05297	0.00730	0.04334	0.05699
6	0.00803	0.00553	0.00680	0.00692	0.00716	0.00571	0.00436	0.00855	0.00861	0.01170	0.01841	0.10501	0.02066	0.56603	0.18748	0.00593	0.00731	0.00845	0.00350	0.00386
7	0.02319	0.01028	0.01323	0.01025	0.01438	0.00954	0.00843	0.14467	0.01780	0.58811	0.08211	0.02012	0.01645	0.00731	0.00574	0.00174	0.00484	0.00594	0.00668	0.00922
8	0.02219	0.01158	0.01394	0.01101	0.01518	0.01161	0.00899	0.20612	0.15721	0.44939	0.02018	0.01810	0.01346	0.00704	0.00566	0.00176	0.00507	0.00564	0.00640	0.00945
9	0.01278	0.01062	0.01254	0.07843	0.01588	0.00987	0.00817	0.11412	0.10963	0.02063	0.01387	0.07847	0.01196	0.00620	0.00494	0.00130	0.00470	0.00515	0.00403	0.47670
10	0.08295	0.00929	0.01125	0.01004	0.05183	0.00883	0.00739	0.08994	0.03997	0.17649	0.22885	0.02439	0.03929	0.04677	0.00665	0.00178	0.00426	0.00652	0.00523	0.14827
11	0.06237	0.01346	0.02660	0.02147	0.11444	0.01273	0.50051	0.01663	0.01274	0.01810	0.01443	0.01749	0.06592	0.00586	0.00656	0.02204	0.00794	0.00641	0.00307	0.05121
12	0.05216	0.00937	0.01138	0.00961	0.01234	0.00969	0.00758	0.08341	0.11181	0.22849	0.11544	0.02352	0.03785	0.08714	0.08490	0.00284	0.05488	0.00645	0.00521	0.04593
13	0.01344	0.01233	0.02008	0.11418	0.36471	0.03095	0.11191	0.04002	0.01309	0.04627	0.03146	0.01790	0.02263	0.04791	0.00693	0.00189	0.00670	0.02356	0.00327	0.07077

[dist]
# distance from previous block
# <min> <max>
1	18

[block]
# block no. 1 follows, 42 sequences, length 23
# corresponding to MSA columns:
# 271-293
name=unknown_B
#
# <colnr> <probs for GDERKNQSTAVLIFYWHMCP>
#	G	D	E	R	K	N	Q	S	T	A	V	L	I	F	Y	W	H	M	C	P
0	0.07585	0.43007	0.11502	0.01113	0.03085	0.03846	0.01071	0.05812	0.01279	0.07419	0.03850	0.01198	0.00959	0.00560	0.00475	0.00145	0.03022	0.00387	0.00320	0.03363
1	0.01661	0.10379	0.07072	0.01354	0.08786	0.03269	0.01065	0.17889	0.18887	0.11408	0.01651	0.01638	0.03499	0.00647	0.00528	0.00162	0.00560	0.00516	0.00465	0.08564
2	0.04366	0.14181	0.08315	0.01344	0.06334	0.11453	0.01109	0.28922	0.03623	0.08572	0.03078	0.01419	0.01049	0.03093	0.00589	0.00172	0.00657	0.00471	0.00430	0.00824
3	0.59670	0.01242	0.08805	0.03394	0.03712	0.01196	0.00838	0.01710	0.01081	0.07890	0.05197	0.01236	0.00957	0.00573	0.00415	0.00175	0.00487	0.00388	0.00373	0.00663
4	0.01081	0.00933	0.01159	0.09207	0.03852	0.00791	0.00766	0.01365	0.03465	0.01745	0.01697	0.07601	0.09072	0.00653	0.00490	0.00123	0.00440	0.00551	0.00364	0.54644
5	0.01092	0.01032	0.01732	0.70759	0.09005	0.01273	0.01563	0.01456	0.01127	0.01464	0.00995	0.01483	0.00760	0.00573	0.00607	0.00188	0.03494	0.00500	0.00252	0.00644
6	0.00731	0.00554	0.00703	0.02909	0.00930	0.00524	0.00566	0.00906	0.03249	0.01536	0.07281	0.52480	0.17997	0.01591	0.00700	0.00218	0.00342	0.05777	0.00521	0.00485
7	0.02102	0.02682	0.01595	0.01450	0.01740	0.77963	0.01087	0.02247	0.01595	0.01377	0.00870	0.01015	0.00725	0.00580	0.00507	0.00145	0.01015	0.00362	0.00290	0.00652
8	0.05092	0.19205	0.35182	0.02976	0.04331	0.12360	0.01501	0.01838	0.01231	0.05479	0.00979	0.01143	0.00755	0.00562	0.00562	0.00164	0.05203	0.00395	0.00276	0.00765
9	0.06879	0.08029	0.14214	0.02104	0.24498	0.03230	0.15240	0.01881	0.01279	0.12285	0.01170	0.01370	0.00883	0.00551	0.00598	0.00174	0.03973	0.00495	0.00332	0.00817
10	0.00665	0.00570	0.00570	0.00570	0.00760	0.00475	0.00428	0.00808	0.01283	0.01520	0.05701	0.05416	0.76483	0.01425	0.00665	0.00190	0.00285	0.01188	0.00523	0.00475
11	0.01401	0.03351	0.05029	0.03465	0.19061	0.07812	0.01149	0.02395	0.41233	0.02035	0.01940	0.01935	0.05316	0.00700	0.00561	0.00179	0.00565	0.00590	0.00447	0.00836
12	0.07448	0.01114	0.04148	0.01040	0.01479	0.00992	0.00886	0.12593	0.01697	0.57464	0.03942	0.01809	0.01363	0.00689	0.00553	0.00174	0.00503	0.00548	0.00637	0.00920
13	0.01434	0.17972	0.13100	0.08665	0.01988	0.04586	0.08223	0.10730	0.01390	0.03981	0.01042	0.01218	0.00813	0.00514	0.00486	0.00141	0.00651	0.00416	0.00324	0.22323
14	0.00825	0.00673	0.03583	0.00756	0.00856	0.00629	0.00553	0.01003	0.03533	0.01422	0.12406	0.07199	0.07913	0.35666	0.20061	0.00512	0.00713	0.00840	0.00397	0.00459
15	0.00763	0.00570	0.00709	0.00682	0.00822	0.00516	0.00508	0.00995	0.01503	0.02062	0.57932	0.07871	0.20518	0.01237	0.00666	0.00182	0.00272	0.01080	0.00594	0.00516
16	0.01063	0.01000	0.01688	0.78870	0.03876	0.01250	0.01563	0.01438	0.01125	0.01438	0.01000	0.01500	0.00750	0.00563	0.00563	0.00188	0.00750	0.00500	0.00250	0.00625
17	0.00690	0.00493	0.00657	0.00781	0.00817	0.00460	0.00523	0.00795	0.01098	0.01469	0.05979	0.76886	0.03784	0.01739	0.00716	0.00227	0.00324	0.01577	0.00526	0.00460
18	0.00796	0.00575	0.00752	0.00708	0.00841	0.00531	0.00531	0.01062	0.01593	0.02257	0.76415	0.04204	0.05310	0.01150	0.00664	0.00177	0.00265	0.01018	0.00619	0.00531
19	0.04808	0.03131	0.03908	0.02998	0.01482	0.01304	0.00916	0.11671	0.44198	0.02373	0.08762	0.05096	0.01960	0.00830	0.00578	0.00188	0.00475	0.03977	0.00534	0.00809
20	0.07653	0.58561	0.18127	0.01078	0.01622	0.01964	0.01167	0.01703	0.01139	0.01509	0.00829	0.00962	0.00712	0.00496	0.00396	0.00136	0.00637	0.00325	0.00248	0.00736
21	0.01221	0.17858	0.55632	0.01555	0.02293	0.01497	0.08957	0.01765	0.01193	0.01695	0.00978	0.01165	0.00728	0.00518	0.00514	0.00168	0.00798	0.00418	0.00243	0.00803
22	0.72311	0.06564	0.06800	0.00821	0.01215	0.01331	0.00745	0.01666	0.00988	0.02388	0.00801	0.00934	0.00625	0.00521	0.00363	0.00171	0.00477	0.00313	0.00333	0.00634

[dist]
# distance from previous block
# <min> <max>
1	2

[block]
# block no. 2 follows, 42 sequences, length 26
# corresponding to MSA columns:
# 296-321
name=unknown_C
#
# <colnr> <probs for GDERKNQSTAVLIFYWHMCP>
#	G	D	E	R	K	N	Q	S	T	A	V	L	I	F	Y	W	H	M	C	P
0	0.05659	0.03118	0.13707	0.11306	0.04553	0.05396	0.01124	0.18775	0.03479	0.03878	0.01322	0.01625	0.01044	0.05677	0.04670	0.00227	0.00666	0.00500	0.12547	0.00725
1	0.00769	0.00596	0.00735	0.00743	0.03078	0.00536	0.00531	0.00995	0.01477	0.01991	0.49888	0.04536	0.29613	0.01225	0.00661	0.00181	0.00284	0.01061	0.00576	0.00523
2	0.00766	0.00569	0.00713	0.00687	0.00824	0.00516	0.00511	0.00999	0.01507	0.02074	0.59203	0.08690	0.18388	0.01236	0.00667	0.00182	0.00273	0.01082	0.00596	0.00516
3	0.01800	0.01379	0.01506	0.01144	0.01603	0.01419	0.00935	0.48380	0.05917	0.02954	0.01290	0.01332	0.00958	0.00600	0.00518	0.00143	0.00548	0.00460	0.00492	0.26623
4	0.00931	0.00826	0.01242	0.39626	0.05221	0.00933	0.01083	0.01256	0.04593	0.01529	0.04039	0.17879	0.16654	0.00993	0.00616	0.00195	0.00546	0.00873	0.00382	0.00582
5	0.01224	0.01148	0.01747	0.25934	0.09030	0.01423	0.04856	0.06006	0.02892	0.01624	0.02471	0.01644	0.00996	0.02702	0.02362	0.00229	0.30203	0.02547	0.00297	0.00665
6	0.01139	0.06811	0.71375	0.01546	0.02341	0.01332	0.01979	0.01757	0.01197	0.01772	0.03101	0.01258	0.00842	0.00549	0.00529	0.00175	0.00804	0.00427	0.00248	0.00818
7	0.02479	0.00968	0.01305	0.01007	0.01438	0.00850	0.00830	0.02753	0.04629	0.74057	0.02223	0.01923	0.01406	0.00699	0.00566	0.00175	0.00478	0.00569	0.00691	0.00955
8	0.00708	0.00504	0.00680	0.02655	0.00885	0.00478	0.00544	0.00797	0.01067	0.01416	0.03010	0.72440	0.05233	0.01736	0.00785	0.04256	0.00344	0.01510	0.00502	0.00451
9	0.01296	0.11701	0.27177	0.12705	0.02477	0.01367	0.20467	0.01741	0.01221	0.07089	0.01135	0.01406	0.00854	0.00786	0.05962	0.00226	0.00843	0.00502	0.00290	0.00756
10	0.00956	0.00868	0.01443	0.49868	0.02849	0.01007	0.05156	0.01250	0.01127	0.01460	0.01754	0.24269	0.03857	0.00930	0.00616	0.00200	0.00625	0.00847	0.00339	0.00579
11	0.02525	0.00958	0.01306	0.01001	0.01437	0.00827	0.00827	0.02743	0.01611	0.77102	0.02220	0.01915	0.01393	0.00697	0.00566	0.00174	0.00479	0.00566	0.00697	0.00958
12	0.01406	0.01122	0.01798	0.31516	0.30193	0.01211	0.01447	0.04861	0.02735	0.11181	0.01342	0.03505	0.01078	0.00633	0.00573	0.00181	0.00656	0.03434	0.00353	0.00776
13	0.01515	0.05688	0.13145	0.15004	0.24975	0.04307	0.01473	0.16835	0.03303	0.04964	0.02732	0.01428	0.00971	0.00582	0.00547	0.00170	0.00685	0.00490	0.00355	0.00828
14	0.00807	0.00574	0.00802	0.00982	0.05367	0.00545	0.00655	0.00944	0.01134	0.03490	0.02941	0.62978	0.03426	0.01632	0.00713	0.00228	0.00377	0.11390	0.00512	0.00504
15	0.10513	0.17833	0.11445	0.02032	0.28085	0.14912	0.04180	0.01811	0.01263	0.01720	0.00937	0.01155	0.00774	0.00516	0.00487	0.00157	0.00721	0.00411	0.00276	0.00772
16	0.00787	0.00571	0.00784	0.00866	0.00932	0.00566	0.02158	0.00934	0.01118	0.01535	0.02841	0.56636	0.03276	0.01580	0.00747	0.00226	0.03608	0.13156	0.07192	0.00485
17	0.01505	0.80561	0.02949	0.00963	0.01444	0.02227	0.00963	0.01685	0.01143	0.01324	0.00782	0.00903	0.00722	0.00481	0.00361	0.00120	0.00602	0.00301	0.00241	0.00722
18	0.00686	0.00490	0.00653	0.00784	0.00816	0.00457	0.00522	0.00784	0.01077	0.01437	0.03102	0.79855	0.03722	0.01763	0.00718	0.00229	0.00326	0.01600	0.00522	0.00457
19	0.00791	0.00575	0.00745	0.00702	0.00837	0.00529	0.00527	0.01052	0.01580	0.02226	0.73508	0.04254	0.08236	0.01162	0.00664	0.00178	0.00266	0.01025	0.00616	0.00529
20	0.01106	0.02785	0.73333	0.01561	0.02352	0.01263	0.01999	0.01730	0.01182	0.01764	0.01118	0.05266	0.00869	0.00598	0.00544	0.00181	0.00806	0.00477	0.00252	0.00812
21	0.00796	0.00575	0.00752	0.00708	0.00841	0.00531	0.00531	0.01062	0.01593	0.02257	0.76415	0.04204	0.05310	0.01150	0.00664	0.00177	0.00265	0.01018	0.00619	0.00531
22	0.05704	0.20794	0.04518	0.01693	0.02161	0.03511	0.34110	0.08604	0.01351	0.03150	0.01024	0.01281	0.00811	0.00554	0.00670	0.00174	0.08324	0.00511	0.00306	0.00750
23	0.04850	0.01065	0.01695	0.51767	0.11796	0.01260	0.03375	0.05218	0.01219	0.01676	0.01132	0.01710	0.00919	0.00627	0.00611	0.00188	0.03664	0.04251	0.02309	0.00668
24	0.01641	0.11279	0.01929	0.03461	0.26720	0.18016	0.01250	0.12678	0.03888	0.03628	0.05046	0.01569	0.01174	0.00632	0.00567	0.00163	0.02595	0.02617	0.00361	0.00789
25	0.05305	0.01098	0.03085	0.01042	0.01452	0.01021	0.00870	0.15933	0.04772	0.49235	0.06650	0.03846	0.01583	0.00740	0.00567	0.00175	0.00493	0.00598	0.00634	0.00900

[dist]
# distance from previous block
# <min> <max>
0	11

[block]
# block no. 3 follows, 42 sequences, length 23
# corresponding to MSA columns:
# 333-355
name=unknown_D
#
# <colnr> <probs for GDERKNQSTAVLIFYWHMCP>
#	G	D	E	R	K	N	Q	S	T	A	V	L	I	F	Y	W	H	M	C	P
0	0.01582	0.19130	0.02142	0.02163	0.33653	0.23426	0.01308	0.01819	0.01316	0.01558	0.00973	0.01231	0.00841	0.00766	0.05627	0.00199	0.00809	0.00424	0.00275	0.00760
1	0.01167	0.01000	0.01167	0.00834	0.01334	0.00750	0.00667	0.01417	0.01167	0.01834	0.01000	0.01167	0.00834	0.00417	0.00417	0.00083	0.00417	0.00333	0.00333	0.83663
2	0.01217	0.00999	0.01172	0.00840	0.01337	0.00753	0.00673	0.01466	0.01183	0.04589	0.01045	0.01194	0.00854	0.00427	0.00422	0.00087	0.00419	0.00342	0.00347	0.80635
3	0.00911	0.00601	0.00789	0.00727	0.00880	0.00551	0.00551	0.01173	0.01594	0.07212	0.71502	0.04052	0.05051	0.01120	0.00657	0.00177	0.00280	0.00988	0.00625	0.00559
4	0.01026	0.00529	0.00545	0.00541	0.00673	0.00525	0.00406	0.01288	0.01218	0.02113	0.08671	0.02291	0.01797	0.00701	0.00418	0.00135	0.00263	0.00570	0.75765	0.00525
5	0.01360	0.01304	0.02225	0.10900	0.69521	0.01329	0.01711	0.01699	0.01266	0.01799	0.01053	0.01403	0.00877	0.00507	0.00558	0.00169	0.00677	0.00501	0.00276	0.00865
6	0.00677	0.00561	0.00595	0.00620	0.00784	0.00479	0.00460	0.00818	0.01252	0.01514	0.05202	0.16799	0.62624	0.01482	0.00677	0.00199	0.00300	0.03961	0.00522	0.00474
7	0.00932	0.00640	0.00873	0.00950	0.01088	0.00628	0.00805	0.01173	0.01317	0.04381	0.12454	0.05669	0.07142	0.04441	0.02694	0.00268	0.00497	0.52995	0.00526	0.00526
8	0.01521	0.69320	0.02823	0.01228	0.08804	0.05553	0.01043	0.01715	0.01177	0.01377	0.00813	0.00956	0.00739	0.00488	0.00387	0.00126	0.00627	0.00323	0.00247	0.00736
9	0.00811	0.00573	0.00753	0.00753	0.00801	0.00621	0.00514	0.00908	0.00860	0.01194	0.01646	0.02979	0.01740	0.43878	0.38791	0.00717	0.01006	0.00715	0.00322	0.00418
10	0.01591	0.01573	0.01688	0.01509	0.04956	0.17509	0.01177	0.11444	0.03691	0.04380	0.00964	0.01261	0.00826	0.00821	0.01253	0.00207	0.43647	0.00475	0.00325	0.00702
11	0.01257	0.01206	0.02065	0.11622	0.49167	0.01257	0.06846	0.01565	0.01215	0.01711	0.01273	0.10499	0.01190	0.00685	0.00670	0.00183	0.05863	0.00640	0.00302	0.00782
12	0.01129	0.02911	0.77306	0.01604	0.02436	0.01307	0.02079	0.01782	0.01188	0.01782	0.01010	0.01188	0.00713	0.00535	0.00535	0.00178	0.00832	0.00416	0.00238	0.00832
13	0.01250	0.01162	0.01976	0.07662	0.51165	0.01172	0.05175	0.01571	0.01269	0.01767	0.01500	0.05104	0.01431	0.00751	0.00611	0.00189	0.00647	0.14485	0.00332	0.00781
14	0.00805	0.00599	0.00886	0.00886	0.00981	0.00694	0.00681	0.00993	0.00899	0.01293	0.01524	0.02302	0.01446	0.08918	0.73349	0.00882	0.01448	0.00616	0.00304	0.00492
15	0.01372	0.01365	0.02319	0.05575	0.59162	0.03943	0.11364	0.01711	0.01286	0.01790	0.01136	0.04303	0.00981	0.00549	0.00576	0.00172	0.00708	0.00559	0.00288	0.00841
16	0.01301	0.01331	0.02513	0.17950	0.34613	0.01360	0.27102	0.01686	0.01256	0.01734	0.01066	0.01454	0.00846	0.00517	0.00629	0.00181	0.02845	0.00558	0.00274	0.00785
17	0.01440	0.11405	0.13503	0.10036	0.05401	0.01332	0.20477	0.01806	0.01298	0.14049	0.07439	0.01653	0.01256	0.00620	0.00651	0.00178	0.05774	0.00559	0.00361	0.00761
18	0.01052	0.00908	0.03486	0.01248	0.08607	0.00845	0.08054	0.02741	0.10934	0.04927	0.24506	0.18695	0.09516	0.01075	0.00643	0.00191	0.00441	0.00972	0.00510	0.00648
19	0.01270	0.01130	0.01873	0.12612	0.49356	0.01153	0.01459	0.01592	0.01314	0.04161	0.11242	0.02157	0.01647	0.00678	0.00588	0.00178	0.00609	0.05844	0.00351	0.00784
20	0.14767	0.12378	0.50206	0.01321	0.01983	0.01366	0.01593	0.01701	0.01171	0.01877	0.05936	0.01306	0.01002	0.00567	0.00490	0.00170	0.00700	0.00423	0.00281	0.00761
21	0.01448	0.01418	0.02174	0.05993	0.65052	0.06489	0.01639	0.03749	0.03230	0.01852	0.01083	0.01388	0.00898	0.00520	0.00555	0.00167	0.00688	0.00496	0.00293	0.00867
22	0.04648	0.13671	0.52372	0.01429	0.02136	0.01383	0.03857	0.01879	0.01227	0.10746	0.01117	0.01233	0.00796	0.00544	0.00510	0.00170	0.00744	0.00420	0.00299	0.00820

[dist]
# distance from previous block
# <min> <max>
14	18

[block]
# block no. 4 follows, 42 sequences, length 35
# corresponding to MSA columns:
# 375-409
name=unknown_E
#
# <colnr> <probs for GDERKNQSTAVLIFYWHMCP>
#	G	D	E	R	K	N	Q	S	T	A	V	L	I	F	Y	W	H	M	C	P
0	0.00755	0.00574	0.00695	0.00665	0.00815	0.00513	0.00498	0.00982	0.01495	0.02025	0.54163	0.04585	0.27707	0.01237	0.00664	0.00181	0.00272	0.01071	0.00589	0.00513
1	0.01098	0.01039	0.01737	0.68906	0.09496	0.01282	0.01559	0.01456	0.01124	0.01465	0.00991	0.01478	0.00761	0.00580	0.00629	0.00189	0.04814	0.00500	0.00252	0.00646
2	0.00813	0.00543	0.00615	0.00620	0.00622	0.00542	0.00348	0.00817	0.00828	0.01104	0.01824	0.06588	0.02110	0.77230	0.02783	0.00534	0.00537	0.00848	0.00348	0.00345
3	0.01602	0.01335	0.01591	0.01669	0.18072	0.03350	0.01105	0.26206	0.26293	0.02600	0.08731	0.01870	0.01602	0.00709	0.00573	0.00176	0.00549	0.00593	0.00502	0.00872
4	0.43001	0.01236	0.08945	0.00897	0.01344	0.01079	0.00814	0.01813	0.01145	0.15773	0.01113	0.01178	0.00810	0.00532	0.00422	0.00155	0.00480	0.00370	0.00396	0.18498
5	0.01393	0.01337	0.02284	0.03454	0.76712	0.01337	0.01727	0.01727	0.01281	0.01839	0.01059	0.01393	0.00891	0.00501	0.00557	0.00167	0.00669	0.00501	0.00279	0.00891
6	0.00968	0.00833	0.00860	0.00807	0.01050	0.00856	0.00618	0.01707	0.31951	0.01864	0.04295	0.04049	0.45670	0.01153	0.00627	0.00190	0.00351	0.00960	0.00543	0.00646
7	0.04456	0.08878	0.62573	0.01579	0.05497	0.01363	0.01875	0.01800	0.01194	0.04335	0.01026	0.01188	0.00740	0.00534	0.00516	0.00173	0.00779	0.00411	0.00260	0.00821
8	0.01522	0.01146	0.05781	0.01556	0.07676	0.00974	0.22258	0.01820	0.01342	0.24279	0.01992	0.17725	0.04047	0.00838	0.00620	0.00186	0.00608	0.00803	0.00463	0.04363
9	0.01420	0.01422	0.02225	0.09100	0.62390	0.07265	0.04508	0.01748	0.01295	0.01770	0.01043	0.01377	0.00866	0.00511	0.00558	0.00168	0.00713	0.00497	0.00277	0.00847
10	0.01505	0.80561	0.02949	0.00963	0.01444	0.02227	0.00963	0.01685	0.01143	0.01324	0.00782	0.00903	0.00722	0.00481	0.00361	0.00120	0.00602	0.00301	0.00241	0.00722
11	0.00685	0.00492	0.00651	0.00777	0.00815	0.00458	0.00520	0.00784	0.01083	0.01439	0.03178	0.77682	0.05846	0.01753	0.00717	0.00227	0.00325	0.01588	0.00522	0.00458
12	0.01378	0.01445	0.06282	0.05068	0.51073	0.03044	0.15752	0.01748	0.01295	0.03173	0.01150	0.01573	0.00953	0.00540	0.00583	0.00175	0.00733	0.02903	0.00293	0.00839
13	0.00947	0.00793	0.00847	0.00873	0.01013	0.06955	0.00685	0.01193	0.04384	0.01673	0.16279	0.07325	0.15044	0.12223	0.00994	0.00259	0.00470	0.27032	0.00496	0.00513
14	0.01393	0.01337	0.02284	0.03454	0.76712	0.01337	0.01727	0.01727	0.01281	0.01839	0.01059	0.01393	0.00891	0.00501	0.00557	0.00167	0.00669	0.00501	0.00279	0.00891
15	0.02493	0.01010	0.01338	0.01026	0.01462	0.00904	0.00847	0.08788	0.01698	0.70934	0.02147	0.01868	0.01356	0.00695	0.00566	0.00174	0.00491	0.00561	0.00685	0.00958
16	0.01456	0.67410	0.11388	0.01171	0.05644	0.02074	0.01132	0.01698	0.01156	0.01404	0.00823	0.00962	0.00730	0.00489	0.00392	0.00129	0.00632	0.00325	0.00242	0.00744
17	0.05251	0.01146	0.01537	0.01303	0.01628	0.03748	0.13496	0.09255	0.21086	0.08905	0.02086	0.06834	0.01854	0.00926	0.00632	0.00203	0.00582	0.18283	0.00498	0.00747
18	0.01122	0.00653	0.00820	0.00733	0.00944	0.00578	0.00566	0.01345	0.01516	0.17624	0.42571	0.04044	0.23035	0.01128	0.00644	0.00180	0.00315	0.00968	0.00610	0.00605
19	0.01102	0.00996	0.01487	0.08333	0.33003	0.01017	0.01143	0.01523	0.10846	0.01740	0.02465	0.16131	0.16003	0.00941	0.00609	0.00187	0.00512	0.00845	0.00404	0.00713
20	0.01138	0.01077	0.01824	0.61609	0.20546	0.01270	0.01600	0.01504	0.01161	0.01530	0.01014	0.01476	0.00783	0.00549	0.00561	0.00183	0.00732	0.00500	0.00257	0.00686
21	0.00718	0.00516	0.00677	0.00794	0.00845	0.00486	0.00554	0.00833	0.01100	0.01452	0.03150	0.63027	0.07349	0.05955	0.00838	0.00247	0.00359	0.10127	0.00512	0.00459
22	0.00904	0.00654	0.00897	0.01015	0.01149	0.00654	0.00879	0.01186	0.03052	0.01688	0.03071	0.07948	0.06039	0.01536	0.00767	0.00254	0.00503	0.66760	0.00520	0.00524
23	0.01246	0.12813	0.61537	0.01525	0.02284	0.01410	0.04680	0.01812	0.01206	0.04996	0.01038	0.01196	0.00749	0.00532	0.00519	0.00171	0.00791	0.00417	0.00260	0.00820
24	0.01310	0.01193	0.01780	0.52776	0.15090	0.03734	0.01500	0.12545	0.01393	0.01817	0.01058	0.01446	0.00803	0.00570	0.00560	0.00180	0.00726	0.00497	0.00303	0.00718
25	0.84197	0.01088	0.00827	0.00740	0.01088	0.01262	0.00609	0.01654	0.00958	0.02525	0.00784	0.00914	0.00609	0.00522	0.00348	0.00174	0.00435	0.00305	0.00348	0.00609
26	0.00804	0.00603	0.00904	0.00904	0.01005	0.00703	0.00703	0.01005	0.00904	0.01306	0.01507	0.02211	0.01407	0.04221	0.77992	0.00904	0.01507	0.00603	0.00301	0.00502
27	0.01080	0.01017	0.01718	0.75009	0.07604	0.01255	0.01571	0.01453	0.01133	0.01458	0.01003	0.01495	0.00757	0.00560	0.00562	0.00187	0.00746	0.00500	0.00252	0.00639
28	0.00790	0.00575	0.00743	0.00701	0.00837	0.00528	0.00526	0.01049	0.01577	0.02219	0.72795	0.04266	0.08953	0.01165	0.00664	0.00178	0.00266	0.01026	0.00615	0.00528
29	0.01393	0.01337	0.02284	0.03454	0.76712	0.01337	0.01727	0.01727	0.01281	0.01839	0.01059	0.01393	0.00891	0.00501	0.00557	0.00167	0.00669	0.00501	0.00279	0.00891
30	0.01029	0.00527	0.00527	0.00527	0.00661	0.00522	0.00395	0.01285	0.01185	0.02068	0.02036	0.02270	0.05336	0.00696	0.00407	0.00134	0.00263	0.00559	0.79049	0.00522
31	0.01200	0.01019	0.01204	0.03661	0.06304	0.05376	0.00956	0.01858	0.24158	0.03604	0.09326	0.05676	0.02431	0.01073	0.00719	0.00212	0.04782	0.25260	0.00497	0.00683
32	0.02274	0.00903	0.01220	0.00954	0.01349	0.00783	0.00781	0.02494	0.01596	0.66431	0.10073	0.02287	0.04664	0.00772	0.00580	0.00175	0.00449	0.00637	0.00682	0.00895
33	0.01094	0.00849	0.04923	0.02430	0.01258	0.00773	0.00872	0.03296	0.09035	0.08083	0.14678	0.12693	0.03087	0.01266	0.00692	0.00221	0.00468	0.33126	0.00537	0.00617
34	0.23471	0.05348	0.04523	0.00899	0.01351	0.01114	0.00772	0.11358	0.01310	0.02229	0.01011	0.01147	0.00803	0.00497	0.00419	0.00127	0.00471	0.00358	0.03561	0.39232

[dist]
# distance from previous block
# <min> <max>
0	29

[block]
# block no. 5 follows, 42 sequences, length 19
# corresponding to MSA columns:
# 462-469,472-482
name=unknown_F
#
# <colnr> <probs for GDERKNQSTAVLIFYWHMCP>
#	G	D	E	R	K	N	Q	S	T	A	V	L	I	F	Y	W	H	M	C	P
0	0.06587	0.04011	0.08324	0.01585	0.15010	0.14070	0.01139	0.10169	0.09722	0.07950	0.01537	0.12354	0.01356	0.00773	0.00590	0.00178	0.02840	0.00626	0.00411	0.00768
1	0.01221	0.07114	0.64477	0.01663	0.06849	0.01384	0.01940	0.05727	0.01270	0.01855	0.01019	0.01193	0.00737	0.00537	0.00528	0.00174	0.00797	0.00419	0.00258	0.00836
2	0.14115	0.28745	0.11802	0.03674	0.04623	0.05985	0.01042	0.01696	0.03038	0.03123	0.04093	0.01274	0.02049	0.00547	0.00439	0.00143	0.00588	0.00395	0.00311	0.12318
3	0.01184	0.06038	0.42240	0.06790	0.07770	0.01332	0.18662	0.01702	0.01215	0.01728	0.01145	0.05543	0.00924	0.00584	0.00569	0.00181	0.00803	0.00543	0.00268	0.00780
4	0.01493	0.60815	0.07608	0.01376	0.12051	0.05578	0.01148	0.01724	0.01187	0.01428	0.00840	0.00995	0.00745	0.00492	0.00407	0.00132	0.00645	0.00339	0.00248	0.00750
5	0.00692	0.00495	0.00659	0.00779	0.00818	0.00462	0.00523	0.00800	0.01109	0.01486	0.07550	0.75265	0.03818	0.01726	0.00715	0.00225	0.00323	0.01565	0.00528	0.00462
6	0.35317	0.01330	0.13418	0.11839	0.06181	0.01189	0.01066	0.05177	0.04214	0.02106	0.01280	0.12180	0.01160	0.00720	0.00492	0.00184	0.00551	0.00566	0.00357	0.00672
7	0.27974	0.03278	0.16422	0.01046	0.01514	0.01151	0.01012	0.04497	0.06402	0.25952	0.04520	0.01516	0.01161	0.00626	0.00490	0.00175	0.00532	0.00468	0.00467	0.00794
8	0.00789	0.00592	0.00757	0.00803	0.00916	0.00549	0.00573	0.00996	0.04195	0.01631	0.12454	0.51572	0.05533	0.01554	0.02599	0.00223	0.00370	0.04829	0.00513	0.08552
9	0.00708	0.00510	0.00636	0.00726	0.00772	0.00476	0.00477	0.00793	0.01054	0.01382	0.03168	0.56586	0.12225	0.16399	0.01113	0.00283	0.00362	0.01404	0.00488	0.00438
10	0.01969	0.01458	0.01516	0.01202	0.01584	0.05652	0.00966	0.55225	0.04454	0.07510	0.01505	0.04388	0.01189	0.07822	0.00772	0.00204	0.00610	0.00573	0.00535	0.00866
11	0.06464	0.01110	0.01705	0.54983	0.03229	0.03932	0.07615	0.01509	0.01154	0.01585	0.00994	0.01406	0.00759	0.00535	0.00538	0.00173	0.00715	0.00476	0.00271	0.10847
12	0.00732	0.00509	0.00639	0.00725	0.00746	0.00488	0.00460	0.00796	0.00988	0.01317	0.02642	0.53494	0.03142	0.28916	0.01461	0.00338	0.00402	0.01329	0.00460	0.00417
13	0.01352	0.00983	0.01100	0.00983	0.01239	0.01049	0.00755	0.17223	0.23323	0.08008	0.02631	0.18927	0.11240	0.05050	0.03270	0.00234	0.00479	0.00884	0.00543	0.00727
14	0.09106	0.06856	0.01276	0.00919	0.01294	0.03163	0.00757	0.08197	0.03036	0.33739	0.05169	0.01743	0.01361	0.00650	0.00496	0.00154	0.00464	0.00507	0.12129	0.08984
15	0.00725	0.00520	0.00704	0.00816	0.00865	0.00506	0.00575	0.00847	0.01073	0.01436	0.02875	0.61576	0.03371	0.04639	0.09009	0.00314	0.00479	0.08713	0.00492	0.00464
16	0.00686	0.00571	0.00603	0.00623	0.00797	0.00488	0.00473	0.00835	0.01270	0.01528	0.05304	0.10490	0.65608	0.01459	0.00678	0.00198	0.00307	0.07082	0.00522	0.00477
17	0.14870	0.02420	0.54833	0.01597	0.04611	0.01312	0.09162	0.01761	0.01167	0.01909	0.00987	0.01183	0.00716	0.00525	0.00518	0.00178	0.00773	0.00425	0.00262	0.00790
18	0.01480	0.75583	0.07716	0.01004	0.01508	0.02168	0.01034	0.01691	0.01146	0.01353	0.00797	0.00921	0.00722	0.00485	0.00372	0.00124	0.00617	0.00308	0.00241	0.00729

[dist]
# distance from previous block
# <min> <max>
0	1

[block]
# block no. 6 follows, 42 sequences, length 10
# corresponding to MSA columns:
# 484-493
name=unknown_G
#
# <colnr> <probs for GDERKNQSTAVLIFYWHMCP>
#	G	D	E	R	K	N	Q	S	T	A	V	L	I	F	Y	W	H	M	C	P
0	0.02088	0.01016	0.01234	0.00974	0.01337	0.00989	0.00788	0.20220	0.01748	0.42260	0.01916	0.01918	0.01335	0.05767	0.00685	0.00190	0.00484	0.00561	0.13641	0.00850
1	0.00750	0.00553	0.00690	0.00708	0.00801	0.00528	0.00498	0.00899	0.01189	0.01598	0.23043	0.21529	0.17660	0.15517	0.11141	0.00350	0.00494	0.01096	0.00488	0.00466
2	0.00783	0.00606	0.00777	0.06591	0.01050	0.00571	0.00583	0.01026	0.01479	0.02007	0.52707	0.04308	0.23080	0.01176	0.00656	0.00181	0.00307	0.01022	0.00567	0.00524
3	0.01171	0.11629	0.68959	0.01532	0.02324	0.01410	0.01954	0.01771	0.01183	0.01731	0.00984	0.01156	0.00714	0.00529	0.00515	0.00172	0.00806	0.00403	0.00238	0.00819
4	0.01701	0.01196	0.01302	0.01055	0.01361	0.01307	0.00834	0.46408	0.04986	0.02768	0.01454	0.01760	0.01166	0.09062	0.00963	0.09573	0.00544	0.00544	0.11260	0.00754
5	0.53260	0.05711	0.15348	0.00923	0.01373	0.01247	0.00906	0.01626	0.01024	0.02201	0.00854	0.01016	0.00669	0.00561	0.00453	0.02984	0.00519	0.00334	0.00317	0.08673
6	0.01120	0.00951	0.01117	0.00829	0.01284	0.00722	0.00653	0.01356	0.01158	0.01795	0.01203	0.08773	0.01113	0.00547	0.00446	0.00097	0.00408	0.00456	0.00352	0.75620
7	0.01189	0.01247	0.09399	0.24125	0.05793	0.01261	0.01245	0.06991	0.13635	0.01810	0.04532	0.07706	0.02890	0.03484	0.00842	0.00208	0.11934	0.00642	0.00370	0.00698
8	0.09070	0.00729	0.00918	0.09544	0.01297	0.00736	0.00708	0.01350	0.03796	0.09830	0.30272	0.11036	0.11790	0.01082	0.00622	0.00190	0.00389	0.05519	0.00531	0.00591
9	0.15122	0.20845	0.36680	0.03481	0.01888	0.01455	0.01411	0.01760	0.01181	0.06636	0.04042	0.01252	0.00928	0.00556	0.00470	0.00164	0.00663	0.00406	0.00302	0.00759

[dist]
# distance from previous block
# <min> <max>
0	25

[block]
# block no. 7 follows, 42 sequences, length 21
# corresponding to MSA columns:
# 519-539
name=unknown_H
#
# <colnr> <probs for GDERKNQSTAVLIFYWHMCP>
#	G	D	E	R	K	N	Q	S	T	A	V	L	I	F	Y	W	H	M	C	P
0	0.08620	0.01313	0.04080	0.15459	0.34495	0.02534	0.01383	0.11430	0.05638	0.02067	0.01274	0.01510	0.03279	0.00580	0.00538	0.00170	0.00631	0.00503	0.00343	0.04154
1	0.04439	0.01282	0.01974	0.19630	0.48957	0.04394	0.01546	0.01741	0.05328	0.01792	0.01114	0.01439	0.00901	0.00537	0.00546	0.00171	0.00670	0.00496	0.02238	0.00804
2	0.03137	0.07440	0.11241	0.01811	0.05206	0.11591	0.30957	0.04331	0.01332	0.01752	0.04324	0.01546	0.03276	0.00615	0.00714	0.00181	0.08951	0.00562	0.00305	0.00727
3	0.02431	0.00975	0.01303	0.01005	0.01428	0.00864	0.00828	0.06567	0.01666	0.69977	0.05296	0.01981	0.01534	0.00715	0.00570	0.00174	0.00477	0.00582	0.00686	0.00940
4	0.00827	0.00609	0.00864	0.00852	0.00941	0.00691	0.00646	0.01010	0.00972	0.01406	0.09010	0.02559	0.01857	0.13116	0.55729	0.00738	0.03570	0.00665	0.03450	0.00490
5	0.00867	0.00597	0.00759	0.00750	0.00901	0.00546	0.00579	0.01090	0.01445	0.05845	0.41570	0.11152	0.18812	0.01293	0.00680	0.00196	0.00322	0.11482	0.00581	0.00534
6	0.00703	0.00572	0.00624	0.00628	0.00799	0.00494	0.00476	0.00872	0.01333	0.01660	0.18337	0.07801	0.57072	0.01394	0.00673	0.00193	0.00296	0.05047	0.00540	0.00487
7	0.00790	0.00575	0.00743	0.00701	0.00837	0.00528	0.00526	0.01049	0.01577	0.02218	0.72741	0.04267	0.09007	0.01165	0.00664	0.00178	0.00267	0.01027	0.00614	0.00528
8	0.01090	0.01028	0.01737	0.72725	0.09810	0.01257	0.01576	0.01461	0.01138	0.01471	0.01005	0.01492	0.00762	0.00558	0.00562	0.00186	0.00744	0.00500	0.00252	0.00647
9	0.01231	0.01231	0.01724	0.01477	0.01477	0.01724	0.01231	0.01354	0.00862	0.01354	0.00739	0.01231	0.00739	0.00985	0.01847	0.00246	0.79192	0.00492	0.00246	0.00616
10	0.01188	0.00681	0.00866	0.03325	0.01063	0.00611	0.00608	0.01411	0.01493	0.20240	0.35560	0.03905	0.24634	0.01099	0.00637	0.00180	0.00339	0.00939	0.00598	0.00622
11	0.01393	0.01337	0.02284	0.03454	0.76712	0.01337	0.01727	0.01727	0.01281	0.01839	0.01059	0.01393	0.00891	0.00501	0.00557	0.00167	0.00669	0.00501	0.00279	0.00891
12	0.00817	0.00550	0.00634	0.00634	0.00641	0.00557	0.00366	0.00831	0.00824	0.01106	0.01755	0.03581	0.02002	0.74950	0.08076	0.00570	0.00612	0.00803	0.00338	0.00352
13	0.67308	0.01069	0.00925	0.00798	0.01161	0.01189	0.00656	0.01886	0.03258	0.15733	0.01082	0.01126	0.00781	0.00560	0.00393	0.00175	0.00443	0.00361	0.00417	0.00679
14	0.03898	0.01089	0.01317	0.01027	0.01439	0.01023	0.05513	0.07193	0.19792	0.02121	0.06821	0.01706	0.01409	0.02483	0.00556	0.00144	0.00466	0.00503	0.00428	0.41072
15	0.01604	0.01269	0.01636	0.04848	0.20836	0.01309	0.01132	0.27541	0.08117	0.05471	0.01448	0.07016	0.01193	0.00672	0.00551	0.00162	0.00565	0.00570	0.00446	0.13614
16	0.01393	0.01337	0.02284	0.03454	0.76712	0.01337	0.01727	0.01727	0.01281	0.01839	0.01059	0.01393	0.00891	0.00501	0.00557	0.00167	0.00669	0.00501	0.00279	0.00891
17	0.14820	0.01416	0.01856	0.04876	0.42722	0.07463	0.01365	0.12562	0.01462	0.04701	0.01080	0.01301	0.00855	0.00545	0.00521	0.00168	0.00648	0.00462	0.00346	0.00831
18	0.62040	0.01123	0.01081	0.01003	0.05513	0.01249	0.02962	0.07017	0.01180	0.08134	0.03555	0.01179	0.00878	0.00565	0.00412	0.00174	0.00475	0.00386	0.00393	0.00679
19	0.32716	0.01230	0.01474	0.01705	0.24912	0.01310	0.01053	0.15441	0.01426	0.06492	0.01095	0.01247	0.00840	0.00554	0.00470	0.00166	0.00539	0.00426	0.03010	0.03893
20	0.20479	0.01110	0.01548	0.01962	0.33414	0.01122	0.01129	0.03291	0.01313	0.17085	0.06814	0.05667	0.01397	0.00661	0.00527	0.00174	0.00529	0.00564	0.00421	0.00793

[dist]
# distance from previous block
# <min> <max>
1	3

[block]
# block no. 8 follows, 42 sequences, length 6
# corresponding to MSA columns:
# 543-548
name=unknown_I
#
# <colnr> <probs for GDERKNQSTAVLIFYWHMCP>
#	G	D	E	R	K	N	Q	S	T	A	V	L	I	F	Y	W	H	M	C	P
0	0.01637	0.08629	0.06066	0.02133	0.30559	0.07704	0.03936	0.16424	0.10473	0.05085	0.01269	0.01409	0.00983	0.00580	0.00542	0.00166	0.00665	0.00493	0.00382	0.00865
1	0.01513	0.13189	0.09176	0.01495	0.15576	0.01213	0.01114	0.04612	0.08199	0.16642	0.11666	0.02144	0.01766	0.00720	0.00551	0.00168	0.00541	0.05070	0.00451	0.04193
2	0.01300	0.01340	0.13527	0.01279	0.08466	0.06937	0.01048	0.08245	0.03625	0.09183	0.13134	0.06470	0.13813	0.00959	0.00614	0.00186	0.00543	0.08161	0.00471	0.00700
3	0.06144	0.09963	0.17662	0.01403	0.05786	0.11010	0.07136	0.08582	0.04143	0.11275	0.04418	0.01496	0.01121	0.00696	0.02521	0.00184	0.00698	0.00486	0.04502	0.00776
4	0.05925	0.13523	0.10150	0.05948	0.07262	0.01220	0.01031	0.04470	0.09684	0.12292	0.01970	0.04213	0.11047	0.00721	0.00522	0.00164	0.00532	0.00581	0.00416	0.08328
5	0.06719	0.08527	0.04557	0.01328	0.09435	0.06034	0.00996	0.08302	0.22114	0.11328	0.10072	0.02062	0.01730	0.00734	0.00549	0.00175	0.00535	0.03519	0.00483	0.00799

[dist]
# distance from previous block
# <min> <max>
60	186

[block]
# block no. 9 follows, 42 sequences, length 6
# corresponding to MSA columns:
# 772-777
name=unknown_J
#
# <colnr> <probs for GDERKNQSTAVLIFYWHMCP>
#	G	D	E	R	K	N	Q	S	T	A	V	L	I	F	Y	W	H	M	C	P
0	0.01076	0.00730	0.00987	0.00911	0.01079	0.00789	0.00704	0.07493	0.01115	0.07460	0.01550	0.02212	0.01403	0.11508	0.52963	0.00700	0.01187	0.00600	0.00361	0.05172
1	0.01599	0.07229	0.01745	0.14470	0.13094	0.03455	0.06232	0.07245	0.01416	0.18839	0.04096	0.03200	0.01202	0.00629	0.00569	0.00165	0.02429	0.00537	0.04556	0.07294
2	0.04766	0.01168	0.01645	0.23495	0.23051	0.04129	0.01268	0.05015	0.01297	0.06334	0.01198	0.01637	0.00981	0.00582	0.00532	0.00161	0.00623	0.04327	0.00336	0.17453
3	0.07481	0.10109	0.06841	0.15697	0.02138	0.05479	0.10139	0.17061	0.01524	0.03742	0.03078	0.01579	0.05116	0.00616	0.00529	0.00164	0.00658	0.00511	0.00368	0.07169
4	0.04366	0.01549	0.17587	0.08693	0.04068	0.03964	0.01186	0.14318	0.07076	0.09548	0.09063	0.01684	0.01394	0.00641	0.00538	0.00163	0.00594	0.00518	0.00425	0.12625
5	0.01331	0.03300	0.01713	0.08815	0.01892	0.03921	0.16406	0.04877	0.01296	0.06867	0.03697	0.01619	0.01111	0.06776	0.00702	0.00169	0.00608	0.00504	0.00356	0.34042

[dist]
# distance from previous block
# <min> <max>
51	235

[block]
# block no. 10 follows, 42 sequences, length 14
# corresponding to MSA columns:
# 1056-1069
name=unknown_K
#
# <colnr> <probs for GDERKNQSTAVLIFYWHMCP>
#	G	D	E	R	K	N	Q	S	T	A	V	L	I	F	Y	W	H	M	C	P
0	0.03139	0.01256	0.02989	0.04381	0.04258	0.03333	0.02702	0.15683	0.15829	0.05174	0.03123	0.01505	0.01141	0.00595	0.00544	0.00146	0.02606	0.00476	0.00432	0.30688
1	0.06110	0.01313	0.01576	0.09218	0.07603	0.06306	0.04143	0.19478	0.10011	0.20213	0.01510	0.01537	0.01074	0.00624	0.00543	0.00168	0.00599	0.00508	0.00485	0.06983
2	0.05117	0.01376	0.01584	0.06603	0.14670	0.06487	0.01089	0.29561	0.04672	0.02459	0.01290	0.05556	0.01059	0.00641	0.00532	0.00157	0.00596	0.00520	0.00423	0.15609
3	0.25000	0.01486	0.01440	0.06909	0.01719	0.07719	0.00979	0.43073	0.01976	0.02930	0.01128	0.01213	0.00826	0.00617	0.00498	0.00170	0.00609	0.00438	0.00458	0.00811
4	0.00802	0.00571	0.00765	0.00774	0.00828	0.00621	0.00539	0.00912	0.00879	0.01224	0.01724	0.07900	0.01828	0.36124	0.41253	0.00709	0.01025	0.00759	0.00333	0.00431
5	0.84197	0.01088	0.00827	0.00740	0.01088	0.01262	0.00609	0.01654	0.00958	0.02525	0.00784	0.00914	0.00609	0.00522	0.00348	0.00174	0.00435	0.00305	0.00348	0.00609
6	0.00771	0.00658	0.00678	0.00673	0.00851	0.02939	0.00510	0.00987	0.03738	0.01683	0.18222	0.07813	0.52127	0.01346	0.00665	0.00191	0.00323	0.04784	0.00535	0.00506
7	0.00818	0.00546	0.00614	0.00614	0.00614	0.00546	0.00341	0.00818	0.00818	0.01091	0.01773	0.03683	0.02046	0.80222	0.02864	0.00546	0.00546	0.00818	0.00341	0.00341
8	0.05354	0.01533	0.01627	0.01263	0.01701	0.01703	0.01040	0.67201	0.07382	0.03428	0.01390	0.01383	0.00993	0.00675	0.00555	0.00171	0.00601	0.00507	0.00555	0.00939
9	0.09781	0.01429	0.01458	0.01173	0.01577	0.06861	0.00951	0.36926	0.14724	0.16975	0.01589	0.01521	0.01121	0.00673	0.00541	0.00172	0.00574	0.00511	0.00550	0.00892
10	0.01389	0.01136	0.01493	0.08982	0.01797	0.01054	0.07608	0.13478	0.05663	0.05702	0.01367	0.01501	0.03586	0.00547	0.00503	0.00132	0.00532	0.00467	0.00395	0.42666
11	0.01452	0.01494	0.02067	0.05333	0.36694	0.12401	0.11167	0.01914	0.09865	0.01810	0.01175	0.01416	0.00946	0.00533	0.00552	0.00162	0.00707	0.00501	0.00319	0.09492
12	0.08596	0.09176	0.01679	0.01310	0.07289	0.02869	0.08273	0.05280	0.07606	0.22242	0.06209	0.01774	0.03584	0.00663	0.00586	0.00166	0.03859	0.00545	0.00463	0.07831
13	0.08844	0.10661	0.01678	0.01294	0.06161	0.18646	0.05767	0.05120	0.02911	0.19219	0.01421	0.01500	0.03235	0.02357	0.00555	0.00162	0.00649	0.00470	0.00412	0.08939

[dist]
# distance from previous block
# <min> <max>
0	86

# created by:
# /st0/software/busco_prod/Augustus/scripts/msa2prfl.pl ./align_prep/153606.fa
