[name]
unknown

[dist]
# distance from previous block
# <min> <max>
0	54

[block]
# block no. 0 follows, 42 sequences, length 11
# corresponding to MSA columns:
# 54-64
name=unknown_A
#
# <colnr> <probs for GDERKNQSTAVLIFYWHMCP>
#	G	D	E	R	K	N	Q	S	T	A	V	L	I	F	Y	W	H	M	C	P
0	0.00999	0.00589	0.00774	0.00813	0.00938	0.00537	0.00592	0.01142	0.01228	0.13530	0.07164	0.50141	0.10704	0.01510	0.00690	0.00216	0.00358	0.06973	0.00555	0.00547
1	0.01170	0.01110	0.01882	0.54300	0.27606	0.01279	0.01616	0.01532	0.01176	0.01568	0.01019	0.01465	0.00796	0.00543	0.00561	0.00181	0.00724	0.00501	0.00259	0.00712
2	0.01258	0.01244	0.02031	0.27431	0.19998	0.05235	0.15212	0.04275	0.01258	0.01676	0.02770	0.01569	0.00976	0.00934	0.08403	0.00254	0.03927	0.00546	0.00290	0.00711
3	0.01448	0.00771	0.00994	0.00905	0.01136	0.00726	0.00703	0.06503	0.04116	0.26575	0.15544	0.25389	0.04554	0.01174	0.00647	0.00198	0.00404	0.06924	0.00601	0.00688
4	0.00767	0.00561	0.00720	0.00708	0.00830	0.00514	0.00520	0.00994	0.01482	0.02058	0.58199	0.16521	0.11480	0.01274	0.00673	0.00186	0.00277	0.01127	0.00595	0.00514
5	0.04431	0.01518	0.01391	0.01349	0.08789	0.21487	0.00956	0.15006	0.10266	0.11052	0.02084	0.05988	0.11663	0.00801	0.00564	0.00172	0.00624	0.00634	0.00465	0.00758
6	0.01175	0.03732	0.25733	0.29531	0.05956	0.01349	0.19310	0.01649	0.01194	0.01644	0.01027	0.01381	0.00768	0.00538	0.00604	0.00184	0.02725	0.00508	0.00255	0.00735
7	0.00675	0.00558	0.00592	0.00611	0.00773	0.00475	0.00448	0.00816	0.01265	0.01542	0.08677	0.17184	0.61513	0.01466	0.00673	0.00196	0.00291	0.01245	0.00527	0.00475
8	0.02486	0.01020	0.01344	0.01031	0.01468	0.00919	0.00851	0.09980	0.01715	0.69718	0.02133	0.01859	0.01349	0.00694	0.00566	0.00174	0.00493	0.00560	0.00683	0.00958
9	0.01342	0.00772	0.01096	0.00962	0.01184	0.00789	0.03146	0.05256	0.01234	0.21617	0.04958	0.02350	0.04509	0.06672	0.40788	0.00572	0.01021	0.00642	0.00443	0.00647
10	0.01580	0.01170	0.01257	0.01094	0.01414	0.04109	0.00859	0.07887	0.46194	0.14225	0.09576	0.02190	0.01925	0.00881	0.02866	0.00205	0.00498	0.00643	0.00578	0.00850

[dist]
# distance from previous block
# <min> <max>
2	11

[block]
# block no. 1 follows, 42 sequences, length 7
# corresponding to MSA columns:
# 76-82
name=unknown_B
#
# <colnr> <probs for GDERKNQSTAVLIFYWHMCP>
#	G	D	E	R	K	N	Q	S	T	A	V	L	I	F	Y	W	H	M	C	P
0	0.00940	0.00682	0.00824	0.00851	0.00961	0.00683	0.00601	0.13418	0.01341	0.01782	0.02857	0.58677	0.06700	0.05851	0.00807	0.00234	0.00386	0.01351	0.00519	0.00537
1	0.01723	0.01250	0.01402	0.01070	0.01523	0.01229	0.00870	0.31105	0.10091	0.10386	0.01411	0.01422	0.01039	0.00588	0.00508	0.00139	0.00507	0.00461	0.00490	0.32787
2	0.03400	0.00938	0.01174	0.04675	0.05447	0.00901	0.00785	0.05957	0.05863	0.12637	0.05760	0.08293	0.05083	0.09645	0.00855	0.00200	0.03963	0.00651	0.00444	0.23329
3	0.00744	0.00543	0.00672	0.00749	0.00808	0.00521	0.00500	0.00906	0.04537	0.01461	0.06053	0.53476	0.09872	0.15127	0.01073	0.00276	0.00363	0.01361	0.00498	0.00462
4	0.01292	0.01463	0.06161	0.01711	0.01915	0.05217	0.20035	0.01534	0.01033	0.01493	0.00862	0.01292	0.00766	0.00811	0.01411	0.00223	0.51332	0.00526	0.00258	0.00666
5	0.01009	0.00862	0.01342	0.47511	0.02698	0.01024	0.01179	0.04765	0.01158	0.01534	0.01508	0.16016	0.01440	0.03950	0.08700	0.00279	0.00722	0.00724	0.02992	0.00584
6	0.02031	0.01380	0.01546	0.04834	0.01730	0.01504	0.01013	0.50467	0.09946	0.14315	0.01580	0.01548	0.01109	0.00682	0.00558	0.00171	0.00573	0.00529	0.03563	0.00919

[dist]
# distance from previous block
# <min> <max>
1	2

[block]
# block no. 2 follows, 42 sequences, length 16
# corresponding to MSA columns:
# 85-100
name=unknown_C
#
# <colnr> <probs for GDERKNQSTAVLIFYWHMCP>
#	G	D	E	R	K	N	Q	S	T	A	V	L	I	F	Y	W	H	M	C	P
0	0.03707	0.00561	0.00646	0.00681	0.00809	0.00508	0.00489	0.00881	0.01260	0.01676	0.18960	0.31796	0.33103	0.01458	0.00673	0.00201	0.00301	0.01270	0.00536	0.00485
1	0.01167	0.01000	0.01167	0.00834	0.01334	0.00750	0.00667	0.01417	0.01167	0.01834	0.01000	0.01167	0.00834	0.00417	0.00417	0.00083	0.00417	0.00333	0.00333	0.83663
2	0.00730	0.00530	0.00642	0.00693	0.00760	0.00492	0.00462	0.00836	0.01125	0.01484	0.13632	0.37138	0.16801	0.20611	0.01220	0.00291	0.00363	0.01253	0.00492	0.00443
3	0.00686	0.00490	0.00653	0.00784	0.00816	0.00457	0.00522	0.00784	0.01077	0.01437	0.03102	0.79855	0.03722	0.01763	0.00718	0.00229	0.00326	0.01600	0.00522	0.00457
4	0.01857	0.01385	0.01513	0.01245	0.03525	0.01531	0.00976	0.54588	0.10371	0.03055	0.01500	0.01681	0.01159	0.07711	0.03046	0.00225	0.00612	0.00551	0.02598	0.00870
5	0.01079	0.00639	0.00793	0.00777	0.00903	0.00605	0.00546	0.02890	0.03005	0.13508	0.07735	0.29275	0.08433	0.23563	0.01285	0.00301	0.00420	0.03201	0.00508	0.00534
6	0.02424	0.01051	0.01355	0.01047	0.01479	0.00974	0.00862	0.12326	0.05036	0.64018	0.02108	0.01849	0.01350	0.00697	0.00566	0.00174	0.00496	0.00561	0.00673	0.00955
7	0.02139	0.01576	0.01689	0.01295	0.01745	0.01745	0.01070	0.74835	0.02646	0.03547	0.01351	0.01351	0.00957	0.00676	0.00563	0.00169	0.00619	0.00507	0.00563	0.00957
8	0.01898	0.01302	0.01463	0.01205	0.03190	0.01406	0.00953	0.41841	0.14793	0.13994	0.04282	0.01852	0.03290	0.03037	0.02681	0.00204	0.00571	0.00583	0.00566	0.00888
9	0.00929	0.00565	0.00730	0.00775	0.00877	0.00515	0.00540	0.01050	0.01178	0.10959	0.07408	0.53559	0.10497	0.06600	0.00829	0.00235	0.00352	0.01346	0.00538	0.00518
10	0.00867	0.00641	0.00900	0.00892	0.00997	0.00724	0.00678	0.05049	0.01012	0.01428	0.01684	0.10323	0.01669	0.09393	0.60141	0.00767	0.01265	0.00717	0.00342	0.00511
11	0.25451	0.01211	0.01499	0.17447	0.18978	0.03630	0.01150	0.06760	0.09058	0.07907	0.01199	0.01376	0.00905	0.00576	0.00499	0.00176	0.00587	0.00459	0.00375	0.00758
12	0.03301	0.00575	0.00704	0.00727	0.00827	0.00538	0.00502	0.01005	0.01181	0.06793	0.16414	0.35276	0.12048	0.16200	0.01083	0.00269	0.00365	0.01189	0.00513	0.00490
13	0.05351	0.01075	0.01279	0.01031	0.01404	0.01072	0.00834	0.21130	0.07624	0.37019	0.04838	0.08202	0.04933	0.00823	0.00577	0.00179	0.00482	0.00672	0.00614	0.00861
14	0.00712	0.00532	0.00709	0.05074	0.00982	0.00508	0.00571	0.00841	0.01135	0.01500	0.08141	0.63199	0.10768	0.01623	0.00701	0.00219	0.00342	0.01460	0.00514	0.00473
15	0.01431	0.01098	0.01392	0.04306	0.01515	0.01182	0.05616	0.27547	0.03907	0.04739	0.01730	0.18185	0.01662	0.09247	0.02832	0.00243	0.06618	0.00776	0.00461	0.05514

[dist]
# distance from previous block
# <min> <max>
8	30

[block]
# block no. 3 follows, 42 sequences, length 31
# corresponding to MSA columns:
# 132-162
name=unknown_D
#
# <colnr> <probs for GDERKNQSTAVLIFYWHMCP>
#	G	D	E	R	K	N	Q	S	T	A	V	L	I	F	Y	W	H	M	C	P
0	0.01150	0.03279	0.01630	0.65937	0.03432	0.01216	0.01425	0.01532	0.03122	0.05453	0.01177	0.03807	0.00915	0.00610	0.00557	0.00185	0.00697	0.00534	0.02698	0.00645
1	0.00686	0.00490	0.00653	0.00784	0.00816	0.00457	0.00522	0.00784	0.01077	0.01437	0.03102	0.79855	0.03722	0.01763	0.00718	0.00229	0.00326	0.01600	0.00522	0.00457
2	0.01233	0.00998	0.01174	0.00842	0.01339	0.00754	0.00675	0.01481	0.01188	0.05483	0.01059	0.01203	0.00861	0.00430	0.00424	0.00088	0.00420	0.00345	0.00351	0.79653
3	0.00788	0.00575	0.00740	0.00699	0.00835	0.00527	0.00524	0.01045	0.01572	0.02208	0.71739	0.04284	0.10016	0.01169	0.00664	0.00178	0.00267	0.01029	0.00613	0.00527
4	0.01149	0.00988	0.01192	0.06274	0.01497	0.00779	0.00726	0.01408	0.01176	0.01818	0.03120	0.01276	0.00954	0.00448	0.00434	0.00093	0.00436	0.00364	0.00336	0.75533
5	0.00801	0.00578	0.00759	0.00721	0.00854	0.00536	0.00546	0.01066	0.01581	0.02233	0.73420	0.04291	0.05225	0.01167	0.00668	0.00180	0.00276	0.03951	0.00615	0.00530
6	0.00680	0.00571	0.00590	0.00585	0.00769	0.00481	0.00439	0.00836	0.01317	0.01602	0.13512	0.05282	0.68622	0.01395	0.00665	0.00189	0.00283	0.01169	0.00533	0.00481
7	0.02139	0.01576	0.01689	0.01295	0.01745	0.01745	0.01070	0.74835	0.02646	0.03547	0.01351	0.01351	0.00957	0.00676	0.00563	0.00169	0.00619	0.00507	0.00563	0.00957
8	0.00796	0.00575	0.00752	0.00708	0.00841	0.00531	0.00531	0.01062	0.01593	0.02257	0.76415	0.04204	0.05310	0.01150	0.00664	0.00177	0.00265	0.01018	0.00619	0.00531
9	0.84197	0.01088	0.00827	0.00740	0.01088	0.01262	0.00609	0.01654	0.00958	0.02525	0.00784	0.00914	0.00609	0.00522	0.00348	0.00174	0.00435	0.00305	0.00348	0.00609
10	0.02102	0.02682	0.01595	0.01450	0.01740	0.77963	0.01087	0.02247	0.01595	0.01377	0.00870	0.01015	0.00725	0.00580	0.00507	0.00145	0.01015	0.00362	0.00290	0.00652
11	0.00704	0.00504	0.00672	0.00785	0.00831	0.00471	0.00536	0.00825	0.01137	0.01527	0.10438	0.69754	0.03864	0.01695	0.00715	0.00224	0.00327	0.03994	0.00532	0.00467
12	0.01550	0.01284	0.01357	0.01176	0.01521	0.01470	0.00927	0.17584	0.60857	0.02596	0.02100	0.01948	0.01563	0.00746	0.00571	0.00186	0.00481	0.00610	0.00571	0.00904
13	0.00978	0.00489	0.00733	0.00733	0.00733	0.00489	0.00489	0.00733	0.00733	0.00978	0.00978	0.01711	0.00978	0.01955	0.02199	0.83627	0.00489	0.00489	0.00244	0.00244
14	0.84197	0.01088	0.00827	0.00740	0.01088	0.01262	0.00609	0.01654	0.00958	0.02525	0.00784	0.00914	0.00609	0.00522	0.00348	0.00174	0.00435	0.00305	0.00348	0.00609
15	0.84197	0.01088	0.00827	0.00740	0.01088	0.01262	0.00609	0.01654	0.00958	0.02525	0.00784	0.00914	0.00609	0.00522	0.00348	0.00174	0.00435	0.00305	0.00348	0.00609
16	0.02056	0.02585	0.01573	0.01430	0.01721	0.72901	0.01074	0.02296	0.06494	0.01442	0.00964	0.01087	0.00791	0.00592	0.00512	0.00148	0.00977	0.00381	0.00309	0.00668
17	0.84197	0.01088	0.00827	0.00740	0.01088	0.01262	0.00609	0.01654	0.00958	0.02525	0.00784	0.00914	0.00609	0.00522	0.00348	0.00174	0.00435	0.00305	0.00348	0.00609
18	0.01393	0.01337	0.02284	0.03454	0.76712	0.01337	0.01727	0.01727	0.01281	0.01839	0.01059	0.01393	0.00891	0.00501	0.00557	0.00167	0.00669	0.00501	0.00279	0.00891
19	0.01400	0.01209	0.01273	0.01145	0.01463	0.01400	0.00891	0.02990	0.75695	0.02354	0.02291	0.02100	0.01718	0.00764	0.00573	0.00191	0.00445	0.00636	0.00573	0.00891
20	0.01167	0.01000	0.01167	0.00834	0.01334	0.00750	0.00667	0.01417	0.01167	0.01834	0.01000	0.01167	0.00834	0.00417	0.00417	0.00083	0.00417	0.00333	0.00333	0.83663
21	0.00907	0.00648	0.00907	0.01036	0.01166	0.00648	0.00907	0.01166	0.01296	0.01684	0.02980	0.06348	0.03239	0.01555	0.00777	0.00259	0.00518	0.72924	0.00518	0.00518
22	0.00883	0.00594	0.00780	0.00723	0.00871	0.00546	0.00546	0.01147	0.01594	0.06021	0.72683	0.04089	0.05113	0.01128	0.00659	0.00177	0.00276	0.00995	0.00623	0.00552
23	0.01180	0.13540	0.67128	0.01516	0.02300	0.01433	0.01926	0.01769	0.01182	0.01719	0.00979	0.01149	0.00714	0.00527	0.00511	0.00170	0.00800	0.00400	0.00238	0.00817
24	0.00811	0.00557	0.00681	0.00685	0.00709	0.00578	0.00429	0.00859	0.00847	0.01151	0.01759	0.05941	0.01959	0.60451	0.19698	0.00616	0.00755	0.00796	0.00338	0.00381
25	0.00686	0.00537	0.00624	0.00686	0.00801	0.00474	0.00489	0.00816	0.01199	0.01508	0.06350	0.38846	0.39366	0.01574	0.00693	0.00209	0.00311	0.03834	0.00525	0.00470
26	0.02420	0.01049	0.01353	0.01046	0.01477	0.00972	0.00861	0.11924	0.05390	0.64067	0.02113	0.01853	0.01354	0.00697	0.00566	0.00174	0.00495	0.00562	0.00673	0.00954
27	0.01108	0.01018	0.01643	0.29974	0.07115	0.03844	0.12461	0.01398	0.01196	0.03610	0.05596	0.18339	0.01713	0.02542	0.00710	0.00201	0.03725	0.00791	0.02392	0.00623
28	0.01079	0.00723	0.00913	0.04920	0.01074	0.00786	0.00647	0.10358	0.01160	0.01641	0.01715	0.13842	0.03673	0.10957	0.04455	0.21713	0.05705	0.00729	0.13427	0.00484
29	0.00760	0.00522	0.00649	0.00712	0.00738	0.00513	0.00453	0.00828	0.00958	0.01299	0.02393	0.39985	0.02789	0.35454	0.06737	0.00406	0.00497	0.01170	0.02725	0.00412
30	0.01783	0.05173	0.01359	0.01051	0.01343	0.02970	0.00855	0.12591	0.01567	0.31436	0.10559	0.10672	0.03509	0.00906	0.00759	0.00186	0.11247	0.00709	0.00550	0.00776

[dist]
# distance from previous block
# <min> <max>
0	1

[block]
# block no. 4 follows, 42 sequences, length 11
# corresponding to MSA columns:
# 164-174
name=unknown_E
#
# <colnr> <probs for GDERKNQSTAVLIFYWHMCP>
#	G	D	E	R	K	N	Q	S	T	A	V	L	I	F	Y	W	H	M	C	P
0	0.01623	0.28033	0.11395	0.15960	0.05483	0.04791	0.01234	0.03566	0.01300	0.17857	0.01191	0.01315	0.00885	0.00572	0.00521	0.00159	0.02557	0.00431	0.00352	0.00776
1	0.01807	0.02866	0.01362	0.01090	0.01420	0.01231	0.00891	0.35214	0.01911	0.17610	0.01813	0.07979	0.01509	0.02801	0.03256	0.00214	0.03081	0.06692	0.06447	0.00806
2	0.74392	0.01122	0.03456	0.00772	0.01132	0.01215	0.00660	0.01691	0.01003	0.05694	0.00897	0.01016	0.00681	0.00536	0.00366	0.00172	0.00444	0.00329	0.03795	0.00629
3	0.00749	0.00602	0.00659	0.00646	0.00824	0.00532	0.00490	0.03186	0.01386	0.01747	0.20888	0.07797	0.53377	0.01358	0.00667	0.00190	0.00301	0.03550	0.00545	0.00503
4	0.04467	0.01454	0.01558	0.01216	0.01642	0.01596	0.00997	0.58308	0.09808	0.06260	0.01467	0.01451	0.01050	0.00672	0.00549	0.00168	0.00575	0.00511	0.02858	0.03393
5	0.01182	0.01014	0.01174	0.00853	0.01342	0.00792	0.00681	0.01517	0.05908	0.01867	0.01082	0.01226	0.00890	0.00439	0.00427	0.00090	0.00419	0.00353	0.00349	0.78397
6	0.00686	0.00490	0.00653	0.00784	0.00816	0.00457	0.00522	0.00784	0.01077	0.01437	0.03102	0.79855	0.03722	0.01763	0.00718	0.00229	0.00326	0.01600	0.00522	0.00457
7	0.00688	0.00564	0.00606	0.00610	0.00778	0.00483	0.00452	0.00847	0.01316	0.01632	0.16903	0.11423	0.58927	0.01409	0.00669	0.00191	0.00285	0.01195	0.00538	0.00483
8	0.00686	0.00490	0.00653	0.00784	0.00816	0.00457	0.00522	0.00784	0.01077	0.01437	0.03102	0.79855	0.03722	0.01763	0.00718	0.00229	0.00326	0.01600	0.00522	0.00457
9	0.01555	0.01334	0.01357	0.01183	0.01523	0.04698	0.00929	0.15140	0.60175	0.02515	0.02071	0.01927	0.01547	0.00741	0.00568	0.00185	0.00499	0.00603	0.00559	0.00892
10	0.01063	0.01000	0.01688	0.78870	0.03876	0.01250	0.01563	0.01438	0.01125	0.01438	0.01000	0.01500	0.00750	0.00563	0.00563	0.00188	0.00750	0.00500	0.00250	0.00625

[dist]
# distance from previous block
# <min> <max>
0	17

[block]
# block no. 5 follows, 42 sequences, length 47
# corresponding to MSA columns:
# 192-226,237-248
name=unknown_F
#
# <colnr> <probs for GDERKNQSTAVLIFYWHMCP>
#	G	D	E	R	K	N	Q	S	T	A	V	L	I	F	Y	W	H	M	C	P
0	0.84197	0.01088	0.00827	0.00740	0.01088	0.01262	0.00609	0.01654	0.00958	0.02525	0.00784	0.00914	0.00609	0.00522	0.00348	0.00174	0.00435	0.00305	0.00348	0.00609
1	0.00804	0.00603	0.00904	0.00904	0.01005	0.00703	0.00703	0.01005	0.00904	0.01306	0.01507	0.02211	0.01407	0.04221	0.77992	0.00904	0.01507	0.00603	0.00301	0.00502
2	0.22158	0.01020	0.01242	0.08126	0.01590	0.01011	0.00853	0.05465	0.01452	0.48894	0.01722	0.01610	0.01125	0.00641	0.00513	0.00175	0.00499	0.00494	0.00565	0.00843
3	0.76556	0.03011	0.00889	0.00751	0.01096	0.01268	0.00621	0.03576	0.01016	0.02505	0.00842	0.00975	0.00656	0.00531	0.00356	0.00171	0.00437	0.00319	0.03806	0.00618
4	0.67940	0.01062	0.00922	0.00792	0.01158	0.01176	0.00653	0.01871	0.01088	0.17370	0.01070	0.01114	0.00765	0.00557	0.00392	0.00174	0.00444	0.00357	0.00418	0.00679
5	0.01505	0.80561	0.02949	0.00963	0.01444	0.02227	0.00963	0.01685	0.01143	0.01324	0.00782	0.00903	0.00722	0.00481	0.00361	0.00120	0.00602	0.00301	0.00241	0.00722
6	0.01129	0.02911	0.77306	0.01604	0.02436	0.01307	0.02079	0.01782	0.01188	0.01782	0.01010	0.01188	0.00713	0.00535	0.00535	0.00178	0.00832	0.00416	0.00238	0.00832
7	0.02061	0.00910	0.01200	0.00943	0.01321	0.00804	0.00767	0.05709	0.01628	0.53261	0.17529	0.02317	0.02151	0.00772	0.00577	0.00169	0.00437	0.00642	0.00651	0.06153
8	0.01386	0.01375	0.02124	0.11408	0.57101	0.06166	0.01623	0.01694	0.01245	0.01721	0.01011	0.01366	0.00851	0.00558	0.00673	0.00175	0.07935	0.00492	0.00273	0.00822
9	0.00886	0.00633	0.00883	0.01013	0.01134	0.00630	0.00871	0.01131	0.01275	0.01661	0.02991	0.13121	0.03283	0.01574	0.00772	0.00256	0.00501	0.66352	0.00519	0.00513
10	0.00686	0.00490	0.00653	0.00784	0.00816	0.00457	0.00522	0.00784	0.01077	0.01437	0.03102	0.79855	0.03722	0.01763	0.00718	0.00229	0.00326	0.01600	0.00522	0.00457
11	0.01290	0.01531	0.13744	0.16409	0.07551	0.01316	0.33261	0.01759	0.03459	0.05585	0.02610	0.01549	0.00961	0.00638	0.02352	0.00203	0.04144	0.00578	0.00305	0.00752
12	0.01093	0.01031	0.01743	0.71921	0.10587	0.01258	0.01578	0.01465	0.01140	0.01475	0.01006	0.01490	0.00763	0.00557	0.00562	0.00186	0.00743	0.00500	0.00253	0.00650
13	0.01213	0.01211	0.01771	0.11542	0.01836	0.01653	0.03663	0.01380	0.00911	0.01380	0.00786	0.01275	0.00744	0.00914	0.01642	0.00237	0.66476	0.00499	0.00248	0.00622
14	0.00698	0.00495	0.00649	0.00768	0.00798	0.00465	0.00506	0.00787	0.01054	0.01406	0.02983	0.73028	0.03572	0.08795	0.00911	0.00257	0.00346	0.01530	0.00506	0.00447
15	0.01366	0.01094	0.01537	0.04837	0.01656	0.06200	0.14989	0.11807	0.01435	0.10597	0.02012	0.25032	0.03465	0.02831	0.05315	0.00246	0.02184	0.02275	0.00452	0.00670
16	0.53179	0.21022	0.04323	0.00883	0.01270	0.01499	0.02513	0.01650	0.01026	0.02130	0.00833	0.00984	0.00678	0.00530	0.00413	0.00162	0.02917	0.00329	0.03012	0.00647
17	0.13409	0.01179	0.01302	0.07249	0.06507	0.01352	0.00951	0.04768	0.50119	0.02291	0.01945	0.01892	0.03223	0.00709	0.00540	0.00186	0.00484	0.00578	0.00494	0.00821
18	0.01609	0.01297	0.01402	0.01049	0.01521	0.03544	0.00851	0.32651	0.01809	0.02548	0.01145	0.01241	0.00883	0.00532	0.00482	0.00122	0.00521	0.00408	0.00430	0.45957
19	0.01732	0.00915	0.01140	0.00952	0.01269	0.00892	0.00758	0.04418	0.18238	0.35230	0.24953	0.02641	0.02654	0.00850	0.00597	0.00179	0.00410	0.00718	0.00641	0.00812
20	0.01328	0.01283	0.02114	0.17195	0.59703	0.02912	0.01649	0.01660	0.01259	0.01747	0.01169	0.01513	0.02895	0.00539	0.00560	0.00171	0.00681	0.00517	0.00280	0.00826
21	0.00701	0.00567	0.00597	0.00592	0.00750	0.00491	0.00428	0.00838	0.01256	0.01547	0.13215	0.05046	0.58425	0.11943	0.00959	0.00236	0.00318	0.01119	0.00509	0.00463
22	0.84197	0.01088	0.00827	0.00740	0.01088	0.01262	0.00609	0.01654	0.00958	0.02525	0.00784	0.00914	0.00609	0.00522	0.00348	0.00174	0.00435	0.00305	0.00348	0.00609
23	0.00781	0.00575	0.00731	0.00692	0.00831	0.00525	0.00519	0.01033	0.01557	0.02172	0.68267	0.04343	0.13510	0.01182	0.00664	0.00179	0.00268	0.01037	0.00608	0.00525
24	0.84197	0.01088	0.00827	0.00740	0.01088	0.01262	0.00609	0.01654	0.00958	0.02525	0.00784	0.00914	0.00609	0.00522	0.00348	0.00174	0.00435	0.00305	0.00348	0.00609
25	0.02455	0.01016	0.01338	0.01024	0.01462	0.00910	0.00845	0.09352	0.01695	0.68423	0.02109	0.01845	0.01339	0.00688	0.00562	0.00171	0.00490	0.00555	0.00675	0.03047
26	0.02055	0.05043	0.01665	0.01516	0.04771	0.72507	0.01109	0.02209	0.01568	0.01394	0.00875	0.01027	0.00732	0.00574	0.00505	0.00145	0.00988	0.00366	0.00288	0.00664
27	0.01063	0.01000	0.01688	0.78870	0.03876	0.01250	0.01563	0.01438	0.01125	0.01438	0.01000	0.01500	0.00750	0.00563	0.00563	0.00188	0.00750	0.00500	0.00250	0.00625
28	0.02104	0.00964	0.01251	0.03409	0.01456	0.00906	0.00832	0.03968	0.12256	0.53741	0.06199	0.02283	0.05007	0.00775	0.00581	0.00179	0.00466	0.02092	0.00647	0.00885
29	0.02279	0.01060	0.01387	0.01237	0.08358	0.03918	0.00911	0.05291	0.01618	0.59589	0.06765	0.01956	0.01554	0.00702	0.00569	0.00172	0.00509	0.00579	0.00632	0.00912
30	0.01110	0.00914	0.01018	0.00932	0.01168	0.00992	0.00716	0.02076	0.41223	0.02256	0.31712	0.03164	0.08460	0.00963	0.00615	0.00185	0.00363	0.00826	0.00588	0.00720
31	0.04874	0.00961	0.01292	0.00994	0.01427	0.00840	0.00821	0.02711	0.01592	0.74957	0.02179	0.01887	0.01371	0.00692	0.00560	0.00174	0.00478	0.00558	0.00687	0.00948
32	0.02208	0.01098	0.01330	0.02685	0.01496	0.04038	0.00868	0.14922	0.03922	0.50675	0.02075	0.08961	0.01502	0.00786	0.00577	0.00178	0.00515	0.00644	0.00628	0.00890
33	0.01595	0.01174	0.01402	0.06569	0.04013	0.01305	0.00960	0.35739	0.01805	0.04290	0.01438	0.08138	0.01213	0.00859	0.00792	0.05690	0.08652	0.00593	0.09572	0.04202
34	0.00807	0.00558	0.00655	0.00682	0.00730	0.00546	0.00450	0.00877	0.00969	0.01279	0.02504	0.10284	0.11140	0.50532	0.03526	0.00436	0.00505	0.10622	0.02497	0.00398
35	0.00727	0.00516	0.00631	0.00705	0.00744	0.00488	0.00453	0.00798	0.01014	0.01332	0.02938	0.47049	0.10796	0.27484	0.01417	0.00329	0.00394	0.01300	0.00463	0.00421
36	0.03064	0.04618	0.23665	0.12521	0.23294	0.07220	0.12160	0.01742	0.01242	0.01712	0.01010	0.01307	0.00788	0.00534	0.00586	0.00175	0.02838	0.00478	0.00264	0.00782
37	0.01264	0.01275	0.04012	0.26496	0.37672	0.01353	0.07607	0.01637	0.02745	0.01676	0.01042	0.01431	0.00843	0.00569	0.00686	0.00183	0.07952	0.00514	0.00272	0.00771
38	0.00904	0.00919	0.08079	0.01063	0.01215	0.00927	0.00917	0.01134	0.00924	0.01358	0.01335	0.01955	0.01233	0.03348	0.58322	0.00729	0.14232	0.00568	0.00287	0.00551
39	0.73226	0.01087	0.00932	0.00877	0.04268	0.01225	0.00676	0.01758	0.01031	0.09368	0.00927	0.01026	0.00693	0.00538	0.00377	0.00174	0.00449	0.00337	0.00377	0.00653
40	0.00921	0.00902	0.08033	0.04239	0.01266	0.00888	0.00888	0.01156	0.00954	0.01419	0.01385	0.02028	0.01267	0.06920	0.47372	0.00639	0.11137	0.00572	0.07469	0.00546
41	0.00920	0.00726	0.01013	0.02742	0.01158	0.00686	0.07402	0.01252	0.07042	0.04922	0.29212	0.12516	0.24507	0.01181	0.00659	0.00190	0.00379	0.02378	0.00539	0.00574
42	0.01521	0.39954	0.04585	0.08339	0.03712	0.10659	0.01090	0.08897	0.01320	0.01622	0.00942	0.01148	0.00802	0.00668	0.02580	0.00169	0.07151	0.00389	0.03741	0.00713
43	0.01390	0.01117	0.01258	0.02630	0.01394	0.03410	0.00802	0.19295	0.01505	0.04129	0.01552	0.05134	0.05829	0.05449	0.02258	0.00181	0.06994	0.00546	0.02093	0.33036
44	0.06198	0.03897	0.06550	0.12396	0.03980	0.10566	0.04740	0.12070	0.01398	0.01982	0.01302	0.03600	0.01067	0.02747	0.02150	0.01814	0.02239	0.00513	0.20127	0.00662
45	0.14066	0.09139	0.04590	0.07703	0.15526	0.06944	0.06092	0.18859	0.04064	0.04687	0.01123	0.01283	0.00859	0.00567	0.00510	0.00165	0.00653	0.00455	0.00374	0.02342
46	0.01367	0.01079	0.01182	0.04514	0.01375	0.06013	0.00829	0.12890	0.13411	0.08509	0.04395	0.11893	0.13269	0.03396	0.02375	0.00215	0.08281	0.00783	0.02003	0.02222

[dist]
# distance from previous block
# <min> <max>
5	27

[block]
# block no. 6 follows, 42 sequences, length 13
# corresponding to MSA columns:
# 279-291
name=unknown_G
#
# <colnr> <probs for GDERKNQSTAVLIFYWHMCP>
#	G	D	E	R	K	N	Q	S	T	A	V	L	I	F	Y	W	H	M	C	P
0	0.04280	0.03609	0.01562	0.01261	0.03495	0.08870	0.00993	0.48368	0.07469	0.04484	0.01438	0.04065	0.01117	0.02619	0.00601	0.00177	0.00612	0.00537	0.03585	0.00858
1	0.15693	0.17235	0.25465	0.01322	0.03406	0.01499	0.06199	0.10618	0.01340	0.06219	0.01100	0.03500	0.00867	0.00592	0.00523	0.00169	0.02696	0.00449	0.00335	0.00774
2	0.01323	0.01468	0.09725	0.07104	0.51419	0.01320	0.09556	0.01767	0.05186	0.01826	0.01244	0.01534	0.02867	0.00543	0.00570	0.00174	0.00698	0.00535	0.00295	0.00846
3	0.00676	0.00571	0.00585	0.00581	0.00767	0.00480	0.00436	0.00828	0.01308	0.01580	0.11398	0.05318	0.70749	0.01403	0.00665	0.00189	0.00283	0.01174	0.00530	0.00480
4	0.76531	0.01131	0.00993	0.00848	0.01212	0.01290	0.04527	0.04609	0.01045	0.02528	0.00825	0.00964	0.00636	0.00526	0.00374	0.00175	0.00470	0.00332	0.00354	0.00631
5	0.01427	0.00774	0.00987	0.00834	0.01096	0.00713	0.00657	0.05573	0.03360	0.25074	0.41198	0.03159	0.05328	0.00943	0.00609	0.00171	0.00360	0.00808	0.03166	0.03764
6	0.01512	0.00736	0.00968	0.00818	0.01084	0.00650	0.00646	0.01745	0.01571	0.33701	0.38448	0.03356	0.10431	0.00985	0.00623	0.00177	0.00357	0.00844	0.00643	0.00705
7	0.00698	0.00574	0.00615	0.00613	0.00790	0.00492	0.00465	0.00866	0.01337	0.01655	0.17917	0.05242	0.61141	0.01383	0.00669	0.00191	0.00291	0.04035	0.00539	0.00487
8	0.00686	0.00490	0.00653	0.00784	0.00816	0.00457	0.00522	0.00784	0.01077	0.01437	0.03102	0.79855	0.03722	0.01763	0.00718	0.00229	0.00326	0.01600	0.00522	0.00457
9	0.01505	0.80561	0.02949	0.00963	0.01444	0.02227	0.00963	0.01685	0.01143	0.01324	0.00782	0.00903	0.00722	0.00481	0.00361	0.00120	0.00602	0.00301	0.00241	0.00722
10	0.01505	0.80561	0.02949	0.00963	0.01444	0.02227	0.00963	0.01685	0.01143	0.01324	0.00782	0.00903	0.00722	0.00481	0.00361	0.00120	0.00602	0.00301	0.00241	0.00722
11	0.75765	0.01075	0.00877	0.00767	0.01124	0.01218	0.00632	0.01767	0.01025	0.10225	0.00932	0.01018	0.00690	0.00540	0.00371	0.00174	0.00440	0.00332	0.00384	0.00645
12	0.00895	0.00639	0.00893	0.01023	0.01147	0.00637	0.00886	0.01145	0.01284	0.01671	0.02986	0.10368	0.03265	0.01566	0.00774	0.00257	0.00508	0.69024	0.00518	0.00515

[dist]
# distance from previous block
# <min> <max>
0	1

[block]
# block no. 7 follows, 42 sequences, length 52
# corresponding to MSA columns:
# 293-300,314-329,332-359
name=unknown_H
#
# <colnr> <probs for GDERKNQSTAVLIFYWHMCP>
#	G	D	E	R	K	N	Q	S	T	A	V	L	I	F	Y	W	H	M	C	P
0	0.01328	0.01518	0.03321	0.02372	0.02941	0.01423	0.74668	0.01803	0.01328	0.01803	0.01139	0.01518	0.00854	0.00474	0.00664	0.00190	0.00949	0.00664	0.00285	0.00759
1	0.01231	0.01231	0.01724	0.01477	0.01477	0.01724	0.01231	0.01354	0.00862	0.01354	0.00739	0.01231	0.00739	0.00985	0.01847	0.00246	0.79192	0.00492	0.00246	0.00616
2	0.00956	0.00557	0.00796	0.05334	0.00958	0.00564	0.00567	0.02640	0.00923	0.01221	0.06155	0.07604	0.07181	0.01738	0.01747	0.59289	0.00467	0.00654	0.00316	0.00335
3	0.01973	0.01465	0.01711	0.11486	0.02033	0.01633	0.02831	0.58626	0.02328	0.06293	0.01322	0.01395	0.00941	0.00665	0.00597	0.00174	0.02602	0.00512	0.00513	0.00900
4	0.00707	0.00506	0.00670	0.00789	0.00834	0.00475	0.00542	0.00819	0.01106	0.01470	0.05173	0.68883	0.05617	0.03667	0.00773	0.00236	0.00342	0.06411	0.00520	0.00461
5	0.01193	0.02685	0.06301	0.02449	0.01288	0.01007	0.03648	0.14261	0.01301	0.01843	0.01639	0.20213	0.01628	0.01177	0.01031	0.15144	0.10431	0.00760	0.11417	0.00583
6	0.01079	0.01009	0.01655	0.68649	0.03534	0.01275	0.01493	0.01426	0.01101	0.01450	0.01000	0.01492	0.00771	0.00608	0.00686	0.00192	0.08607	0.00500	0.02852	0.00621
7	0.01524	0.75190	0.04532	0.01000	0.01480	0.05757	0.00993	0.01714	0.01166	0.01337	0.00792	0.00914	0.00722	0.00487	0.00372	0.00123	0.00626	0.00306	0.00243	0.00721
8	0.00719	0.00520	0.00680	0.00750	0.00821	0.00481	0.00521	0.00872	0.01248	0.01697	0.26129	0.52823	0.07534	0.01556	0.00699	0.00211	0.00306	0.01399	0.00553	0.00481
9	0.01191	0.15872	0.64895	0.01497	0.02270	0.01460	0.01893	0.01766	0.01181	0.01706	0.00972	0.01141	0.00714	0.00526	0.00506	0.00169	0.00793	0.00397	0.00238	0.00813
10	0.00672	0.00570	0.00580	0.00578	0.00765	0.00478	0.00433	0.00822	0.01300	0.01561	0.09648	0.05348	0.72511	0.01410	0.00665	0.00189	0.00284	0.01178	0.00528	0.00478
11	0.00787	0.00570	0.00742	0.00709	0.00837	0.00525	0.00528	0.01039	0.01555	0.02189	0.70272	0.08725	0.07018	0.01194	0.00667	0.00180	0.00270	0.01057	0.00611	0.00525
12	0.00907	0.00648	0.00907	0.01036	0.01166	0.00648	0.00907	0.01166	0.01296	0.01684	0.02980	0.06348	0.03239	0.01555	0.00777	0.00259	0.00518	0.72924	0.00518	0.00518
13	0.00758	0.00559	0.00701	0.00694	0.00814	0.00511	0.00505	0.00965	0.01426	0.01955	0.49916	0.16670	0.16379	0.04676	0.00767	0.00203	0.00291	0.01131	0.00576	0.00502
14	0.02102	0.02682	0.01595	0.01450	0.01740	0.77963	0.01087	0.02247	0.01595	0.01377	0.00870	0.01015	0.00725	0.00580	0.00507	0.00145	0.01015	0.00362	0.00290	0.00652
15	0.61394	0.01094	0.00987	0.00833	0.01206	0.01204	0.00687	0.06869	0.01210	0.18312	0.01125	0.01155	0.00798	0.00570	0.00409	0.00174	0.00457	0.00374	0.00436	0.00707
16	0.00729	0.00529	0.00698	0.00818	0.00883	0.00497	0.00593	0.00863	0.01139	0.01494	0.03291	0.58760	0.09612	0.01693	0.00726	0.00232	0.00362	0.16090	0.00522	0.00471
17	0.01323	0.04105	0.01196	0.01094	0.03057	0.05991	0.00873	0.07917	0.19762	0.06865	0.04790	0.03672	0.09660	0.01056	0.00633	0.00202	0.00508	0.24165	0.02435	0.00696
18	0.01053	0.00890	0.01106	0.00869	0.01255	0.00698	0.02915	0.01272	0.01150	0.01734	0.01525	0.20662	0.01549	0.00752	0.00499	0.00123	0.00411	0.00657	0.00379	0.60500
19	0.01202	0.00668	0.00903	0.00898	0.00923	0.00633	0.00597	0.00919	0.00908	0.01234	0.01301	0.05353	0.01309	0.02049	0.02173	0.77032	0.00560	0.00610	0.00338	0.00387
20	0.84197	0.01088	0.00827	0.00740	0.01088	0.01262	0.00609	0.01654	0.00958	0.02525	0.00784	0.00914	0.00609	0.00522	0.00348	0.00174	0.00435	0.00305	0.00348	0.00609
21	0.02103	0.02649	0.01598	0.01445	0.01740	0.75698	0.01087	0.04404	0.01626	0.01442	0.00884	0.01025	0.00732	0.00583	0.00509	0.00146	0.01003	0.00367	0.00298	0.00661
22	0.17649	0.01283	0.04377	0.08131	0.01499	0.12102	0.00901	0.05408	0.07083	0.01968	0.01295	0.04311	0.01074	0.00765	0.02153	0.00188	0.10270	0.00496	0.18407	0.00641
23	0.01308	0.01394	0.02235	0.10626	0.06363	0.06515	0.23967	0.01581	0.01107	0.01530	0.00918	0.01345	0.00783	0.00726	0.01178	0.00211	0.36732	0.00538	0.00263	0.00679
24	0.00699	0.00496	0.00649	0.00766	0.00795	0.00466	0.00504	0.00787	0.01050	0.01401	0.02964	0.71932	0.03548	0.09924	0.00942	0.00262	0.00349	0.01519	0.00504	0.00445
25	0.00700	0.00542	0.00641	0.00694	0.00810	0.00482	0.00500	0.00844	0.01238	0.01583	0.13081	0.35442	0.35196	0.01534	0.00691	0.00207	0.00310	0.04495	0.00534	0.00476
26	0.01167	0.01000	0.01167	0.00834	0.01334	0.00750	0.00667	0.01417	0.01167	0.01834	0.01000	0.01167	0.00834	0.00417	0.00417	0.00083	0.00417	0.00333	0.00333	0.83663
27	0.00843	0.00696	0.01051	0.28968	0.01924	0.00780	0.00904	0.01036	0.01073	0.01414	0.02203	0.44929	0.02472	0.06155	0.00823	0.00234	0.02447	0.01127	0.00406	0.00515
28	0.84197	0.01088	0.00827	0.00740	0.01088	0.01262	0.00609	0.01654	0.00958	0.02525	0.00784	0.00914	0.00609	0.00522	0.00348	0.00174	0.00435	0.00305	0.00348	0.00609
29	0.01232	0.01039	0.01202	0.00864	0.01361	0.00816	0.00694	0.06301	0.01265	0.01948	0.01024	0.01179	0.00842	0.00434	0.00426	0.00089	0.00430	0.00345	0.00349	0.78161
30	0.00718	0.00513	0.00690	0.00821	0.00867	0.00485	0.00579	0.00840	0.01109	0.01473	0.03084	0.69093	0.03651	0.01733	0.00727	0.00233	0.00355	0.12043	0.00522	0.00466
31	0.01063	0.01000	0.01688	0.78870	0.03876	0.01250	0.01563	0.01438	0.01125	0.01438	0.01000	0.01500	0.00750	0.00563	0.00563	0.00188	0.00750	0.00500	0.00250	0.00625
32	0.01129	0.02911	0.77306	0.01604	0.02436	0.01307	0.02079	0.01782	0.01188	0.01782	0.01010	0.01188	0.00713	0.00535	0.00535	0.00178	0.00832	0.00416	0.00238	0.00832
33	0.01244	0.01117	0.03888	0.00906	0.01407	0.00867	0.00754	0.06656	0.04459	0.01975	0.01080	0.01221	0.00876	0.00454	0.00438	0.00097	0.00447	0.00361	0.00356	0.71395
34	0.00716	0.00510	0.00675	0.00783	0.00831	0.00474	0.00529	0.00815	0.01080	0.01450	0.04403	0.70891	0.03558	0.03789	0.00799	0.02060	0.00341	0.03015	0.00508	0.02771
35	0.04125	0.04680	0.04561	0.01109	0.01464	0.04227	0.00924	0.17588	0.30256	0.06844	0.04938	0.04143	0.05808	0.00813	0.00569	0.00181	0.00513	0.04161	0.00522	0.02575
36	0.02502	0.00995	0.01329	0.01019	0.01455	0.00882	0.00842	0.07082	0.01673	0.72675	0.02168	0.01881	0.01367	0.00695	0.00566	0.00174	0.00487	0.00562	0.00688	0.00958
37	0.00692	0.00498	0.00645	0.00760	0.00801	0.00463	0.00506	0.00787	0.01075	0.01422	0.03188	0.70681	0.08219	0.06348	0.00841	0.00245	0.00337	0.01528	0.00512	0.00451
38	0.10823	0.03208	0.15198	0.18339	0.15372	0.03343	0.01374	0.08890	0.07674	0.06420	0.03296	0.01469	0.01018	0.00593	0.00530	0.00176	0.00651	0.00486	0.00359	0.00781
39	0.01063	0.01000	0.01688	0.78870	0.03876	0.01250	0.01563	0.01438	0.01125	0.01438	0.01000	0.01500	0.00750	0.00563	0.00563	0.00188	0.00750	0.00500	0.00250	0.00625
40	0.02464	0.00944	0.01287	0.00991	0.01416	0.00817	0.00817	0.02683	0.01610	0.74467	0.04832	0.01996	0.01531	0.00713	0.00569	0.00174	0.00471	0.00582	0.00694	0.00943
41	0.01556	0.68966	0.02754	0.01036	0.01477	0.10210	0.00987	0.01731	0.01179	0.01331	0.00790	0.00929	0.00723	0.00513	0.00440	0.00128	0.03977	0.00316	0.00246	0.00710
42	0.00890	0.00609	0.00703	0.00659	0.00853	0.00528	0.00502	0.01082	0.01420	0.09078	0.29518	0.04664	0.44914	0.01261	0.00655	0.00184	0.00297	0.01070	0.00573	0.00541
43	0.01499	0.00731	0.00968	0.00823	0.01081	0.00648	0.00647	0.01734	0.01569	0.33086	0.39819	0.05275	0.07764	0.00995	0.00625	0.00178	0.00356	0.00856	0.00643	0.00702
44	0.00785	0.00575	0.00736	0.00696	0.00834	0.00526	0.00522	0.01040	0.01566	0.02192	0.70220	0.04310	0.11545	0.01175	0.00664	0.00178	0.00267	0.01033	0.00611	0.00526
45	0.00702	0.00563	0.00626	0.00629	0.00787	0.00488	0.00465	0.00872	0.01342	0.01704	0.23901	0.12980	0.50185	0.01389	0.00670	0.00191	0.00284	0.01187	0.00548	0.00488
46	0.01231	0.01231	0.01724	0.01477	0.01477	0.01724	0.01231	0.01354	0.00862	0.01354	0.00739	0.01231	0.00739	0.00985	0.01847	0.00246	0.79192	0.00492	0.00246	0.00616
47	0.01350	0.01430	0.01706	0.01474	0.01513	0.12143	0.01212	0.01476	0.00962	0.01357	0.00757	0.01202	0.00737	0.00930	0.01664	0.00232	0.68508	0.00475	0.00252	0.00621
48	0.02332	0.00941	0.01263	0.00982	0.01386	0.00830	0.00805	0.05222	0.01647	0.66663	0.09854	0.02131	0.01782	0.00743	0.00576	0.00174	0.00462	0.00610	0.00684	0.00914
49	0.01583	0.66736	0.04866	0.01054	0.01517	0.13494	0.01013	0.01772	0.01212	0.01345	0.00802	0.00928	0.00722	0.00498	0.00388	0.00126	0.00670	0.00313	0.00248	0.00715
50	0.00709	0.00506	0.00679	0.00810	0.00853	0.00477	0.00562	0.00823	0.01100	0.01462	0.03089	0.72188	0.03672	0.01741	0.00724	0.00232	0.00346	0.09039	0.00522	0.00463
51	0.00956	0.00618	0.00782	0.00729	0.00905	0.00557	0.00562	0.01192	0.01516	0.09863	0.50494	0.04327	0.18979	0.01181	0.00660	0.00184	0.00306	0.05022	0.00603	0.00564

[dist]
# distance from previous block
# <min> <max>
0	2

[block]
# block no. 8 follows, 42 sequences, length 15
# corresponding to MSA columns:
# 362-376
name=unknown_I
#
# <colnr> <probs for GDERKNQSTAVLIFYWHMCP>
#	G	D	E	R	K	N	Q	S	T	A	V	L	I	F	Y	W	H	M	C	P
0	0.01703	0.01287	0.01459	0.01158	0.01542	0.01363	0.03375	0.44981	0.07543	0.02855	0.01603	0.10646	0.01347	0.00769	0.00557	0.00165	0.00537	0.00629	0.05273	0.11208
1	0.01336	0.19839	0.40240	0.01678	0.12224	0.01489	0.03957	0.03478	0.01241	0.05368	0.01052	0.01234	0.00804	0.00644	0.02955	0.00187	0.00761	0.00425	0.00277	0.00812
2	0.03515	0.05846	0.03965	0.07942	0.09953	0.01278	0.31702	0.01743	0.03412	0.07459	0.05806	0.03241	0.01282	0.00623	0.00641	0.00180	0.03569	0.02622	0.00351	0.04870
3	0.03759	0.13992	0.05530	0.01610	0.04671	0.15072	0.23150	0.10962	0.05102	0.03392	0.02766	0.01558	0.04712	0.00603	0.00552	0.00166	0.00757	0.00538	0.00353	0.00755
4	0.00693	0.00508	0.00652	0.00750	0.00811	0.00466	0.00511	0.00812	0.01150	0.01522	0.10109	0.63555	0.13063	0.01665	0.00707	0.00219	0.00316	0.01495	0.00531	0.00466
5	0.01297	0.01727	0.24897	0.13755	0.35107	0.01276	0.01722	0.03776	0.01280	0.04194	0.01176	0.01608	0.00951	0.00584	0.00563	0.00178	0.00715	0.04081	0.00295	0.00819
6	0.01632	0.29786	0.06310	0.01042	0.01447	0.05272	0.00948	0.09343	0.05726	0.16137	0.07141	0.04236	0.03563	0.00789	0.02077	0.00174	0.00579	0.02598	0.00436	0.00764
7	0.00749	0.00593	0.00633	0.00633	0.00813	0.00517	0.00471	0.00945	0.03847	0.03575	0.09044	0.13658	0.59729	0.01407	0.00665	0.00193	0.00299	0.01190	0.00534	0.00503
8	0.01347	0.06568	0.36703	0.09835	0.13891	0.01270	0.05516	0.01813	0.01271	0.10787	0.04813	0.01487	0.01057	0.00575	0.00548	0.00174	0.00721	0.00492	0.00322	0.00810
9	0.01591	0.01337	0.04348	0.07326	0.03451	0.05049	0.01016	0.38661	0.05532	0.02572	0.01771	0.21340	0.01658	0.00933	0.00599	0.00186	0.00575	0.00780	0.00496	0.00779
10	0.01208	0.01180	0.09095	0.11352	0.05453	0.01114	0.01131	0.02029	0.29442	0.04340	0.04773	0.03118	0.01980	0.00928	0.00625	0.00206	0.00550	0.20264	0.00473	0.00738
11	0.00720	0.00571	0.00652	0.00672	0.00828	0.00503	0.00512	0.00894	0.01320	0.01668	0.18365	0.13242	0.46982	0.01425	0.00683	0.00200	0.00313	0.09422	0.00540	0.00489
12	0.01121	0.04273	0.06923	0.27133	0.04790	0.01219	0.20108	0.01431	0.01137	0.01522	0.01351	0.08826	0.03465	0.00812	0.00823	0.06629	0.06861	0.00651	0.00292	0.00634
13	0.10116	0.15267	0.25457	0.04466	0.14984	0.05172	0.03166	0.01792	0.05809	0.01786	0.01045	0.01241	0.00826	0.00633	0.02649	0.00182	0.00710	0.00422	0.00287	0.03990
14	0.01059	0.00832	0.00840	0.00777	0.00956	0.07226	0.00578	0.05390	0.01429	0.06463	0.25448	0.03979	0.25529	0.13627	0.00990	0.00238	0.00421	0.03157	0.00516	0.00545

[dist]
# distance from previous block
# <min> <max>
1	3

[block]
# block no. 9 follows, 42 sequences, length 20
# corresponding to MSA columns:
# 380-384,386-400
name=unknown_J
#
# <colnr> <probs for GDERKNQSTAVLIFYWHMCP>
#	G	D	E	R	K	N	Q	S	T	A	V	L	I	F	Y	W	H	M	C	P
0	0.09860	0.04268	0.01488	0.01153	0.01537	0.05759	0.00936	0.42123	0.13605	0.05599	0.01459	0.01525	0.01094	0.03726	0.00617	0.00183	0.00576	0.00507	0.03134	0.00850
1	0.00889	0.00644	0.00774	0.00788	0.00902	0.00641	0.00569	0.08044	0.01314	0.01796	0.11382	0.41614	0.13867	0.03104	0.00741	0.00210	0.02837	0.01218	0.08141	0.00525
2	0.01292	0.01050	0.01179	0.00941	0.02819	0.02574	0.00727	0.10254	0.04992	0.04395	0.01698	0.04889	0.08350	0.00636	0.00487	0.00122	0.00443	0.00518	0.02057	0.50576
3	0.00732	0.00576	0.00663	0.00651	0.00814	0.00507	0.00494	0.00932	0.01414	0.01839	0.35438	0.04949	0.42880	0.01315	0.00670	0.00188	0.00288	0.04583	0.00563	0.00501
4	0.00803	0.00549	0.00660	0.00670	0.00692	0.00556	0.00412	0.00850	0.00892	0.01208	0.05489	0.10890	0.02288	0.59466	0.11780	0.00541	0.00629	0.00877	0.00367	0.00381
5	0.00933	0.00666	0.00823	0.00803	0.00879	0.00712	0.00558	0.08033	0.01067	0.01452	0.01869	0.14150	0.02029	0.38769	0.21112	0.00541	0.02168	0.02587	0.00381	0.00467
6	0.01873	0.01400	0.01506	0.01221	0.01619	0.01561	0.00987	0.42975	0.30966	0.07115	0.01764	0.01673	0.01277	0.00711	0.00567	0.00178	0.00544	0.00560	0.00574	0.00931
7	0.02986	0.01317	0.05503	0.34167	0.25421	0.04469	0.01523	0.04262	0.04093	0.01699	0.01046	0.01412	0.00831	0.00595	0.00677	0.00184	0.08299	0.00492	0.00285	0.00738
8	0.00831	0.00594	0.00820	0.00950	0.01046	0.00582	0.00775	0.01035	0.01221	0.01599	0.03022	0.31562	0.03405	0.01626	0.00757	0.00249	0.00452	0.48459	0.00520	0.00497
9	0.01636	0.06980	0.01326	0.08479	0.01528	0.01054	0.00848	0.07420	0.13710	0.26127	0.16941	0.02329	0.03636	0.00781	0.00564	0.00173	0.00462	0.00648	0.04578	0.00780
10	0.01208	0.01024	0.01189	0.00853	0.01351	0.00792	0.00684	0.04483	0.01229	0.01905	0.01015	0.01175	0.00839	0.00428	0.00423	0.00087	0.00425	0.00341	0.00343	0.80208
11	0.01549	0.01146	0.01320	0.01260	0.07847	0.02491	0.00902	0.32322	0.08165	0.06142	0.02075	0.21507	0.04661	0.00971	0.00597	0.00184	0.00503	0.00822	0.04763	0.00773
12	0.01062	0.00905	0.01195	0.01088	0.01157	0.03090	0.00877	0.01240	0.00956	0.01475	0.01230	0.01748	0.01116	0.02108	0.29662	0.00465	0.33828	0.00536	0.15703	0.00558
13	0.00758	0.00536	0.00616	0.00650	0.00691	0.00511	0.00403	0.00808	0.00966	0.01254	0.02799	0.23460	0.15485	0.46391	0.01931	0.00402	0.00444	0.01083	0.00419	0.00394
14	0.00796	0.00546	0.00644	0.00658	0.00679	0.00548	0.00399	0.00832	0.00873	0.01167	0.02050	0.11803	0.05192	0.61233	0.09806	0.00532	0.00604	0.00897	0.00364	0.00375
15	0.03290	0.06829	0.41034	0.09171	0.11833	0.05652	0.01678	0.01831	0.04335	0.04491	0.01086	0.01275	0.00809	0.00543	0.00522	0.00169	0.00745	0.00434	0.00284	0.03988
16	0.01130	0.00671	0.00883	0.00786	0.00992	0.00614	0.00609	0.01376	0.01470	0.14957	0.45730	0.04662	0.03735	0.01317	0.08097	0.00241	0.00438	0.02142	0.03758	0.06391
17	0.20700	0.01286	0.02806	0.09816	0.21994	0.05511	0.01160	0.03762	0.12029	0.04372	0.02685	0.01424	0.01013	0.00605	0.00583	0.00175	0.05294	0.00471	0.00362	0.03952
18	0.01814	0.05097	0.01855	0.01748	0.12934	0.42192	0.07905	0.07537	0.07712	0.01748	0.01103	0.01262	0.00883	0.00579	0.00530	0.00157	0.00841	0.00447	0.02916	0.00739
19	0.01190	0.02168	0.01102	0.03688	0.01271	0.00835	0.03047	0.08444	0.03239	0.09620	0.12474	0.03398	0.22436	0.03517	0.02010	0.00199	0.02188	0.06933	0.00495	0.11745

[dist]
# distance from previous block
# <min> <max>
0	3

[block]
# block no. 10 follows, 42 sequences, length 70
# corresponding to MSA columns:
# 419-436,439-490
name=unknown_K
#
# <colnr> <probs for GDERKNQSTAVLIFYWHMCP>
#	G	D	E	R	K	N	Q	S	T	A	V	L	I	F	Y	W	H	M	C	P
0	0.01672	0.06185	0.01574	0.06926	0.03223	0.23125	0.01034	0.20871	0.03294	0.02025	0.01242	0.06299	0.01082	0.00751	0.00685	0.02001	0.07618	0.01845	0.02812	0.05736
1	0.01745	0.01261	0.01498	0.02765	0.01586	0.01371	0.05611	0.40661	0.08009	0.07005	0.01628	0.01750	0.03238	0.03361	0.00703	0.01943	0.03069	0.00561	0.11417	0.00816
2	0.01245	0.01351	0.08682	0.21498	0.37450	0.01313	0.03627	0.01661	0.04876	0.01705	0.01203	0.01544	0.02744	0.00665	0.02226	0.00196	0.06426	0.00523	0.00287	0.00778
3	0.00754	0.00571	0.00745	0.00870	0.04089	0.00531	0.00592	0.00903	0.01196	0.01574	0.11645	0.42681	0.17429	0.04830	0.00791	0.00229	0.00357	0.09210	0.00515	0.00489
4	0.01561	0.01121	0.01296	0.00970	0.01425	0.02549	0.00785	0.11903	0.02779	0.14977	0.01269	0.01337	0.00957	0.00533	0.00524	0.00120	0.03585	0.00410	0.00428	0.51469
