[name]
unknown

[dist]
# distance from previous block
# <min> <max>
0	146

[block]
# block no. 0 follows, 41 sequences, length 63
# corresponding to MSA columns:
# 146-208
name=unknown_A
#
# <colnr> <probs for GDERKNQSTAVLIFYWHMCP>
#	G	D	E	R	K	N	Q	S	T	A	V	L	I	F	Y	W	H	M	C	P
0	0.01316	0.15319	0.51396	0.07219	0.02359	0.01445	0.03936	0.01842	0.01232	0.07274	0.01083	0.01248	0.00785	0.00547	0.00523	0.00172	0.00778	0.00429	0.00279	0.00819
1	0.06271	0.01122	0.01722	0.44243	0.14205	0.01273	0.03256	0.08564	0.01354	0.07397	0.01339	0.01654	0.03947	0.00615	0.00565	0.00184	0.00683	0.00535	0.00341	0.00730
2	0.02174	0.01602	0.01717	0.01316	0.01774	0.01774	0.01087	0.74423	0.02689	0.03605	0.01373	0.01373	0.00973	0.00687	0.00572	0.00172	0.00629	0.00515	0.00572	0.00973
3	0.08245	0.01588	0.01621	0.01267	0.01705	0.05449	0.01039	0.60846	0.04548	0.05991	0.01365	0.01366	0.00973	0.00674	0.00554	0.00172	0.00625	0.00498	0.00547	0.00929
4	0.00822	0.00562	0.00645	0.00646	0.00671	0.00558	0.00388	0.00856	0.00906	0.01203	0.04733	0.03880	0.07171	0.66930	0.05708	0.00525	0.00566	0.02484	0.00372	0.00373
5	0.00847	0.00596	0.00761	0.00713	0.00863	0.00542	0.00537	0.01101	0.01584	0.04421	0.65998	0.04341	0.13171	0.01187	0.00672	0.00181	0.00279	0.01040	0.00621	0.00546
6	0.00925	0.00643	0.00750	0.00699	0.00896	0.00577	0.00532	0.01190	0.04606	0.08386	0.33854	0.04554	0.37778	0.01243	0.00663	0.00186	0.00306	0.01059	0.00589	0.00566
7	0.73570	0.01151	0.00941	0.00815	0.01182	0.01319	0.00672	0.08867	0.01161	0.04789	0.00895	0.01002	0.00677	0.00551	0.00382	0.00176	0.00462	0.00338	0.00386	0.00664
8	0.00709	0.00513	0.00663	0.00768	0.00819	0.00475	0.00517	0.00821	0.01139	0.01515	0.08716	0.65472	0.09224	0.04753	0.00807	0.00238	0.00333	0.01520	0.00531	0.00467
9	0.00676	0.00579	0.00579	0.00579	0.00773	0.00483	0.00435	0.00821	0.01304	0.01545	0.05794	0.05505	0.76098	0.01449	0.00676	0.00193	0.00290	0.01207	0.00531	0.00483
10	0.03611	0.02868	0.72801	0.01624	0.02448	0.01330	0.03906	0.01808	0.01204	0.01834	0.01023	0.01208	0.00725	0.00541	0.00541	0.00181	0.00836	0.00426	0.00246	0.00837
11	0.02137	0.02726	0.01621	0.01474	0.01768	0.77602	0.01105	0.02284	0.01621	0.01400	0.00884	0.01031	0.00737	0.00589	0.00516	0.00147	0.01031	0.00368	0.00295	0.00663
12	0.01080	0.01017	0.01716	0.78523	0.03940	0.01271	0.01589	0.01461	0.01144	0.01461	0.01017	0.01525	0.00762	0.00572	0.00572	0.00191	0.00762	0.00508	0.00254	0.00635
13	0.02566	0.00973	0.01327	0.01018	0.01460	0.00841	0.00841	0.02788	0.01637	0.76726	0.02257	0.01947	0.01416	0.00708	0.00575	0.00177	0.00487	0.00575	0.00708	0.00973
14	0.01416	0.01359	0.02322	0.03511	0.76330	0.01359	0.01755	0.01755	0.01302	0.01869	0.01076	0.01416	0.00906	0.00510	0.00566	0.00170	0.00680	0.00510	0.00283	0.00906
15	0.01147	0.02959	0.76934	0.01630	0.02476	0.01328	0.02113	0.01811	0.01208	0.01811	0.01026	0.01208	0.00725	0.00543	0.00543	0.00181	0.00845	0.00423	0.00242	0.00845
16	0.00810	0.00585	0.00765	0.00720	0.00855	0.00540	0.00540	0.01079	0.01619	0.02294	0.76028	0.04273	0.05397	0.01169	0.00675	0.00180	0.00270	0.01034	0.00630	0.00540
17	0.83938	0.01106	0.00841	0.00752	0.01106	0.01283	0.00619	0.01681	0.00973	0.02566	0.00796	0.00929	0.00619	0.00531	0.00354	0.00177	0.00442	0.00310	0.00354	0.00619
18	0.00795	0.00572	0.00760	0.00789	0.00896	0.00537	0.00593	0.01018	0.01434	0.01984	0.45754	0.24951	0.04656	0.01397	0.00706	0.00206	0.00324	0.11524	0.00588	0.00517
19	0.02494	0.00957	0.01304	0.01005	0.01435	0.00828	0.00828	0.02717	0.01636	0.73663	0.05293	0.02043	0.01580	0.00727	0.00579	0.00177	0.00478	0.00594	0.00705	0.00956
20	0.02566	0.00973	0.01327	0.01018	0.01460	0.00841	0.00841	0.02788	0.01637	0.76726	0.02257	0.01947	0.01416	0.00708	0.00575	0.00177	0.00487	0.00575	0.00708	0.00973
21	0.00828	0.00553	0.00625	0.00629	0.00630	0.00552	0.00352	0.00831	0.00840	0.01119	0.01842	0.05966	0.02129	0.77607	0.02847	0.00545	0.00548	0.00855	0.00352	0.00350
22	0.01554	0.77052	0.02941	0.00999	0.01480	0.05364	0.00984	0.01736	0.01181	0.01348	0.00799	0.00922	0.00734	0.00493	0.00373	0.00123	0.00629	0.00308	0.00247	0.00731
23	0.00702	0.00501	0.00669	0.00802	0.00838	0.00469	0.00540	0.00805	0.01100	0.01466	0.03150	0.77895	0.03772	0.01787	0.00731	0.00233	0.00336	0.03206	0.00531	0.00466
24	0.01080	0.01017	0.01716	0.78523	0.03940	0.01271	0.01589	0.01461	0.01144	0.01461	0.01017	0.01525	0.00762	0.00572	0.00572	0.00191	0.00762	0.00508	0.00254	0.00635
25	0.02002	0.01501	0.01611	0.01272	0.01693	0.01668	0.01037	0.60794	0.13416	0.03337	0.01588	0.04690	0.01203	0.00745	0.00580	0.00177	0.00591	0.00580	0.00572	0.00942
26	0.02566	0.00973	0.01327	0.01018	0.01460	0.00841	0.00841	0.02788	0.01637	0.76726	0.02257	0.01947	0.01416	0.00708	0.00575	0.00177	0.00487	0.00575	0.00708	0.00973
27	0.02135	0.01500	0.01703	0.01440	0.07266	0.01626	0.01103	0.58447	0.05057	0.11632	0.01484	0.01468	0.01045	0.00679	0.00572	0.00173	0.00611	0.00526	0.00566	0.00965
28	0.00701	0.00499	0.00663	0.00792	0.00824	0.00467	0.00526	0.00797	0.01088	0.01450	0.03114	0.77365	0.03735	0.04018	0.00792	0.00241	0.00338	0.01603	0.00526	0.00461
29	0.01259	0.03388	0.01786	0.01488	0.01501	0.01766	0.01244	0.01386	0.00884	0.01376	0.00752	0.01242	0.00750	0.00987	0.01836	0.00247	0.76735	0.00495	0.00250	0.00629
30	0.00697	0.00498	0.00664	0.00796	0.00830	0.00465	0.00531	0.00796	0.01095	0.01460	0.03153	0.79525	0.03783	0.01792	0.00730	0.00232	0.00332	0.01626	0.00531	0.00465
31	0.02174	0.01602	0.01717	0.01316	0.01774	0.01774	0.01087	0.74423	0.02689	0.03605	0.01373	0.01373	0.00973	0.00687	0.00572	0.00172	0.00629	0.00515	0.00572	0.00973
32	0.01345	0.01575	0.05043	0.02393	0.02978	0.01444	0.72617	0.01832	0.01347	0.01832	0.01154	0.01535	0.00865	0.00484	0.00672	0.00193	0.00962	0.00669	0.00288	0.00773
33	0.00819	0.00607	0.00889	0.00889	0.00980	0.00698	0.00677	0.01002	0.00910	0.01305	0.01560	0.02402	0.01497	0.12143	0.69871	0.00881	0.01431	0.00636	0.00311	0.00494
34	0.00676	0.00579	0.00579	0.00579	0.00773	0.00483	0.00435	0.00821	0.01304	0.01545	0.05794	0.05505	0.76098	0.01449	0.00676	0.00193	0.00290	0.01207	0.00531	0.00483
35	0.01147	0.02959	0.76934	0.01630	0.02476	0.01328	0.02113	0.01811	0.01208	0.01811	0.01026	0.01208	0.00725	0.00543	0.00543	0.00181	0.00845	0.00423	0.00242	0.00845
36	0.01423	0.01229	0.01293	0.01164	0.01487	0.01423	0.00905	0.03039	0.75297	0.02393	0.02328	0.02134	0.01746	0.00776	0.00582	0.00194	0.00453	0.00647	0.00582	0.00905
37	0.04259	0.01590	0.01694	0.01302	0.01757	0.01761	0.01075	0.72568	0.02646	0.03578	0.01359	0.01362	0.00964	0.00683	0.00567	0.00172	0.00625	0.00510	0.00567	0.00964
38	0.01716	0.01274	0.01499	0.18574	0.02060	0.01431	0.01074	0.44503	0.02068	0.02839	0.01458	0.01611	0.02423	0.00672	0.00546	0.00170	0.00593	0.00530	0.14145	0.00815
39	0.02152	0.01591	0.01704	0.01312	0.01765	0.01763	0.01082	0.72311	0.04837	0.03569	0.01402	0.01396	0.00996	0.00689	0.00572	0.00172	0.00624	0.00519	0.00572	0.00971
40	0.00818	0.00609	0.00897	0.00897	0.00992	0.00703	0.00688	0.01007	0.00913	0.01312	0.01552	0.02358	0.01478	0.09912	0.72075	0.00892	0.01459	0.00629	0.00309	0.00498
41	0.01339	0.01509	0.03186	0.02305	0.02816	0.01482	0.65752	0.01779	0.01295	0.01779	0.01110	0.01509	0.00854	0.00543	0.00815	0.00200	0.10034	0.00655	0.00285	0.00754
42	0.02137	0.02726	0.01621	0.01474	0.01768	0.77602	0.01105	0.02284	0.01621	0.01400	0.00884	0.01031	0.00737	0.00589	0.00516	0.00147	0.01031	0.00368	0.00295	0.00663
43	0.01423	0.01229	0.01293	0.01164	0.01487	0.01423	0.00905	0.03039	0.75297	0.02393	0.02328	0.02134	0.01746	0.00776	0.00582	0.00194	0.00453	0.00647	0.00582	0.00905
44	0.01365	0.01295	0.02073	0.09728	0.57257	0.02880	0.01602	0.01793	0.06792	0.01850	0.01305	0.01845	0.01130	0.00616	0.00584	0.00180	0.00666	0.05869	0.00321	0.00849
45	0.01423	0.01229	0.01293	0.01164	0.01487	0.01423	0.00905	0.03039	0.75297	0.02393	0.02328	0.02134	0.01746	0.00776	0.00582	0.00194	0.00453	0.00647	0.00582	0.00905
46	0.00714	0.00510	0.00683	0.00816	0.00856	0.00479	0.00560	0.00825	0.01112	0.01479	0.03143	0.74091	0.03747	0.01776	0.00735	0.00235	0.00346	0.06895	0.00531	0.00469
47	0.00716	0.00512	0.00686	0.00819	0.00861	0.00481	0.00565	0.00830	0.01114	0.01482	0.03142	0.73169	0.03740	0.01774	0.00735	0.00235	0.00349	0.07789	0.00531	0.00470
48	0.01254	0.01302	0.02086	0.08483	0.02056	0.03722	0.19378	0.01490	0.01051	0.01503	0.01016	0.05801	0.00953	0.00868	0.01359	0.00227	0.45913	0.00605	0.00278	0.00655
49	0.00826	0.00557	0.00647	0.00652	0.00661	0.00563	0.00381	0.00845	0.00848	0.01138	0.01830	0.06334	0.02092	0.71497	0.08384	0.00570	0.00619	0.00844	0.00350	0.00363
50	0.00818	0.00609	0.00897	0.00897	0.00992	0.00703	0.00688	0.01007	0.00913	0.01312	0.01552	0.02358	0.01478	0.09906	0.72081	0.00892	0.01459	0.00629	0.00309	0.00499
51	0.01547	0.68887	0.08243	0.01063	0.01563	0.07798	0.01070	0.01762	0.01200	0.01383	0.00819	0.00947	0.00734	0.00501	0.00391	0.00128	0.00660	0.00319	0.00248	0.00737
52	0.01186	0.01017	0.01186	0.00847	0.01356	0.00762	0.00678	0.01440	0.01186	0.01864	0.01017	0.01186	0.00847	0.00424	0.00424	0.00085	0.00424	0.00339	0.00339	0.83395
53	0.01135	0.00864	0.01033	0.01043	0.01240	0.02324	0.00871	0.10472	0.10203	0.02049	0.07469	0.07897	0.06178	0.01313	0.00710	0.00229	0.00500	0.41595	0.02247	0.00626
54	0.01166	0.06782	0.06714	0.00883	0.01151	0.00836	0.00763	0.03619	0.04555	0.11157	0.49619	0.03381	0.03913	0.00994	0.00625	0.00177	0.00386	0.02046	0.00576	0.00656
55	0.00733	0.00582	0.00623	0.00621	0.00801	0.00496	0.00462	0.00891	0.01331	0.03235	0.13532	0.10792	0.61058	0.01426	0.00678	0.00194	0.00295	0.01205	0.00546	0.00499
56	0.00686	0.00578	0.00595	0.00594	0.00780	0.00487	0.00444	0.00840	0.01323	0.01599	0.10958	0.06921	0.69374	0.01435	0.00677	0.00193	0.00289	0.01203	0.00538	0.00487
57	0.00844	0.00624	0.00794	0.00760	0.00899	0.00598	0.00566	0.01198	0.07042	0.02222	0.63598	0.11296	0.04972	0.01200	0.00673	0.00186	0.00289	0.01062	0.00617	0.00560
58	0.01359	0.01121	0.01279	0.00934	0.01430	0.00949	0.00752	0.13851	0.03165	0.02171	0.01108	0.01240	0.00889	0.00476	0.00452	0.00102	0.00459	0.00376	0.00384	0.67502
59	0.01391	0.01010	0.01207	0.00873	0.01371	0.00774	0.00702	0.01641	0.01253	0.12991	0.01201	0.01299	0.00932	0.00466	0.00446	0.00098	0.00433	0.00374	0.00394	0.71144
60	0.01975	0.02391	0.01534	0.01388	0.01685	0.61550	0.01048	0.04435	0.11410	0.01619	0.02825	0.01378	0.03016	0.00653	0.00534	0.00156	0.00907	0.00446	0.00354	0.00697
61	0.01435	0.01325	0.02173	0.03165	0.65204	0.01338	0.01644	0.07117	0.01407	0.01986	0.01243	0.01787	0.01088	0.00602	0.00583	0.00177	0.00664	0.05856	0.00323	0.00883
62	0.00874	0.00673	0.00808	0.00837	0.00969	0.00655	0.00591	0.02932	0.11212	0.01684	0.05064	0.50566	0.08569	0.04697	0.00768	0.00224	0.00366	0.01290	0.00520	0.06702

[dist]
# distance from previous block
# <min> <max>
0	1

[block]
# block no. 1 follows, 41 sequences, length 15
# corresponding to MSA columns:
# 210-224
name=unknown_B
#
# <colnr> <probs for GDERKNQSTAVLIFYWHMCP>
#	G	D	E	R	K	N	Q	S	T	A	V	L	I	F	Y	W	H	M	C	P
0	0.02112	0.00988	0.01241	0.00997	0.01355	0.00943	0.00790	0.07860	0.11387	0.49462	0.02129	0.02212	0.01531	0.13197	0.00944	0.00238	0.00504	0.00621	0.00624	0.00866
1	0.01864	0.01179	0.01383	0.01034	0.01509	0.01086	0.00845	0.23561	0.01759	0.23187	0.01467	0.01453	0.01043	0.00581	0.00510	0.00136	0.00502	0.00457	0.00511	0.35931
2	0.01681	0.44285	0.04771	0.01310	0.01790	0.12625	0.10793	0.13272	0.01494	0.01787	0.00954	0.01097	0.00790	0.00535	0.00466	0.00145	0.00727	0.00400	0.00309	0.00770
3	0.62703	0.01149	0.00990	0.00853	0.01194	0.01326	0.00701	0.12661	0.01244	0.02647	0.00953	0.01090	0.00735	0.00583	0.00452	0.00176	0.03624	0.00363	0.05889	0.00667
4	0.01212	0.00913	0.01107	0.03473	0.01370	0.00961	0.00914	0.17701	0.07076	0.02156	0.02911	0.04715	0.12264	0.01272	0.00704	0.00226	0.00520	0.39321	0.00533	0.00652
5	0.01029	0.00738	0.00884	0.00789	0.00987	0.00712	0.00608	0.11380	0.01718	0.04481	0.51910	0.04002	0.16272	0.01134	0.00658	0.00181	0.00330	0.00977	0.00608	0.00604
6	0.59607	0.01085	0.00983	0.00842	0.01214	0.01194	0.00690	0.02030	0.06607	0.19179	0.01237	0.01246	0.00881	0.00589	0.00420	0.00178	0.00453	0.00394	0.00450	0.00720
7	0.00770	0.00559	0.00725	0.00734	0.00843	0.00515	0.00531	0.00983	0.01450	0.02011	0.51034	0.26210	0.08768	0.01365	0.00691	0.00196	0.00289	0.01216	0.00596	0.00515
8	0.01911	0.01416	0.01674	0.01598	0.13427	0.01538	0.01126	0.39213	0.19795	0.09806	0.01637	0.01616	0.01189	0.00682	0.00574	0.00177	0.00582	0.00551	0.00542	0.00946
9	0.01511	0.02275	0.46825	0.01518	0.02203	0.01291	0.07091	0.11600	0.01498	0.13876	0.03945	0.01480	0.01043	0.00606	0.00567	0.00180	0.00748	0.00500	0.00376	0.00866
10	0.00733	0.00518	0.00671	0.00759	0.00801	0.00489	0.00503	0.00840	0.01123	0.01516	0.12634	0.57571	0.03729	0.14020	0.01066	0.00276	0.00359	0.01422	0.00515	0.00456
11	0.01037	0.00619	0.00781	0.00716	0.00888	0.00569	0.00546	0.01295	0.01539	0.10441	0.52729	0.03740	0.07835	0.01053	0.00620	0.00173	0.00294	0.00913	0.13628	0.00584
12	0.05371	0.51385	0.02470	0.01105	0.01551	0.14748	0.01001	0.13267	0.01471	0.01765	0.00901	0.01009	0.00767	0.00539	0.00424	0.00137	0.00677	0.00349	0.00309	0.00755
13	0.04603	0.01163	0.02029	0.49214	0.19118	0.01313	0.11250	0.01582	0.01198	0.01643	0.01039	0.01480	0.00801	0.00545	0.00575	0.00186	0.00758	0.00523	0.00269	0.00710
14	0.01192	0.00892	0.01041	0.00918	0.01053	0.02874	0.02256	0.13541	0.01283	0.01828	0.04023	0.02528	0.01618	0.29886	0.08562	0.00382	0.09767	0.00658	0.15140	0.00557

[dist]
# distance from previous block
# <min> <max>
1	3

[block]
# block no. 2 follows, 41 sequences, length 55
# corresponding to MSA columns:
# 228-282
name=unknown_C
#
# <colnr> <probs for GDERKNQSTAVLIFYWHMCP>
#	G	D	E	R	K	N	Q	S	T	A	V	L	I	F	Y	W	H	M	C	P
0	0.01568	0.01247	0.01198	0.01043	0.01312	0.15275	0.00812	0.07998	0.12406	0.14872	0.28931	0.02667	0.04415	0.00887	0.00637	0.00177	0.02549	0.00722	0.00556	0.00727
1	0.01349	0.01243	0.02014	0.28025	0.43190	0.01344	0.01602	0.07398	0.02964	0.01873	0.01154	0.03219	0.00947	0.00579	0.00573	0.00179	0.00690	0.00538	0.00308	0.00812
2	0.01416	0.01359	0.02322	0.03511	0.76330	0.01359	0.01755	0.01755	0.01302	0.01869	0.01076	0.01416	0.00906	0.00510	0.00566	0.00170	0.00680	0.00510	0.00283	0.00906
3	0.00838	0.00594	0.00757	0.00711	0.00860	0.00541	0.00535	0.01092	0.01583	0.04065	0.66060	0.04357	0.13479	0.01190	0.00672	0.00181	0.00278	0.01043	0.00620	0.00544
4	0.00970	0.00963	0.07812	0.00889	0.01147	0.00824	0.00756	0.01593	0.20105	0.02137	0.37682	0.03680	0.17053	0.01064	0.00640	0.00186	0.00372	0.00913	0.00564	0.00649
5	0.00841	0.00602	0.00807	0.00911	0.01009	0.00587	0.00730	0.01034	0.01230	0.01613	0.06611	0.23956	0.06754	0.09109	0.00968	0.00276	0.00458	0.41495	0.00516	0.00493
6	0.02280	0.01190	0.01420	0.01108	0.01534	0.03710	0.00910	0.19366	0.03779	0.47184	0.01908	0.01812	0.01284	0.00707	0.00597	0.00173	0.02295	0.01960	0.00622	0.06162
7	0.01080	0.01017	0.01716	0.78523	0.03940	0.01271	0.01589	0.01461	0.01144	0.01461	0.01017	0.01525	0.00762	0.00572	0.00572	0.00191	0.00762	0.00508	0.00254	0.00635
8	0.66452	0.01190	0.01082	0.01073	0.08049	0.01350	0.00780	0.10548	0.01212	0.02629	0.00892	0.01028	0.00689	0.00548	0.00400	0.00176	0.00487	0.00353	0.00374	0.00689
9	0.01054	0.00530	0.00555	0.00555	0.00672	0.00530	0.00407	0.01266	0.01149	0.02002	0.01785	0.02138	0.01439	0.02846	0.00633	0.07736	0.00295	0.00538	0.73368	0.00502
10	0.00832	0.00555	0.00624	0.00624	0.00624	0.00555	0.00347	0.00832	0.00832	0.01109	0.01802	0.03743	0.02080	0.79898	0.02911	0.00555	0.00555	0.00832	0.00347	0.00347
11	0.01529	0.80242	0.02997	0.00979	0.01468	0.02263	0.00979	0.01713	0.01162	0.01346	0.00795	0.00918	0.00734	0.00489	0.00367	0.00122	0.00612	0.00306	0.00245	0.00734
12	0.01529	0.80242	0.02997	0.00979	0.01468	0.02263	0.00979	0.01713	0.01162	0.01346	0.00795	0.00918	0.00734	0.00489	0.00367	0.00122	0.00612	0.00306	0.00245	0.00734
13	0.01423	0.01229	0.01293	0.01164	0.01487	0.01423	0.00905	0.03039	0.75297	0.02393	0.02328	0.02134	0.01746	0.00776	0.00582	0.00194	0.00453	0.00647	0.00582	0.00905
14	0.01387	0.01324	0.02232	0.09985	0.67320	0.01354	0.01710	0.01776	0.03939	0.01852	0.01116	0.01451	0.00924	0.00525	0.00567	0.00173	0.00679	0.00514	0.00291	0.00882
15	0.83938	0.01106	0.00841	0.00752	0.01106	0.01283	0.00619	0.01681	0.00973	0.02566	0.00796	0.00929	0.00619	0.00531	0.00354	0.00177	0.00442	0.00310	0.00354	0.00619
16	0.02335	0.00979	0.01291	0.01021	0.01424	0.00885	0.00830	0.07255	0.03907	0.62851	0.02283	0.08992	0.01613	0.00808	0.00589	0.00182	0.00481	0.00669	0.00679	0.00925
17	0.03526	0.00614	0.00766	0.00749	0.00902	0.00571	0.00572	0.01110	0.01477	0.04916	0.47102	0.11321	0.15189	0.01267	0.00676	0.00194	0.00316	0.07599	0.00591	0.00542
18	0.00730	0.00525	0.00698	0.00820	0.00875	0.00493	0.00579	0.00858	0.01151	0.01527	0.06014	0.64798	0.06103	0.01730	0.00734	0.00233	0.00353	0.10769	0.00534	0.00476
19	0.00753	0.00582	0.00687	0.00661	0.00820	0.00516	0.00495	0.00971	0.01486	0.01978	0.46443	0.04792	0.35179	0.01287	0.00675	0.00185	0.00278	0.01107	0.00588	0.00516
20	0.01388	0.01397	0.02583	0.05511	0.54614	0.01380	0.21029	0.01767	0.01310	0.01847	0.01096	0.01453	0.00891	0.00504	0.00595	0.00177	0.00758	0.00554	0.00284	0.00862
21	0.08708	0.02333	0.01568	0.01376	0.01709	0.54408	0.01057	0.16560	0.03730	0.01957	0.01012	0.01120	0.00801	0.00609	0.00516	0.00156	0.00889	0.00400	0.00362	0.00727
22	0.00696	0.00502	0.00660	0.00786	0.00827	0.00465	0.00526	0.00798	0.01105	0.01464	0.03277	0.76047	0.07181	0.01776	0.00728	0.00230	0.00330	0.01606	0.00531	0.00465
23	0.02373	0.01031	0.01338	0.01036	0.01456	0.00948	0.00852	0.12713	0.01783	0.60585	0.07953	0.02050	0.01668	0.00741	0.00583	0.00176	0.00490	0.00603	0.00683	0.00939
24	0.02148	0.00896	0.01201	0.00979	0.01336	0.00797	0.00783	0.05107	0.01572	0.57582	0.04205	0.16943	0.01953	0.00928	0.00607	0.00188	0.00457	0.00787	0.00667	0.00865
25	0.01378	0.01553	0.09281	0.16988	0.47094	0.07371	0.01688	0.01734	0.01273	0.01732	0.01033	0.01379	0.00843	0.00550	0.00611	0.00176	0.03735	0.00490	0.00273	0.00820
26	0.01258	0.22715	0.54456	0.01551	0.05687	0.01570	0.01805	0.01783	0.01200	0.01695	0.00969	0.01143	0.00736	0.00528	0.00499	0.00166	0.00778	0.00397	0.00244	0.00820
27	0.01370	0.01042	0.01219	0.00909	0.01373	0.00860	0.00726	0.09625	0.01383	0.07936	0.01306	0.06834	0.01115	0.00573	0.00474	0.00112	0.00445	0.00469	0.00408	0.61823
28	0.01913	0.01512	0.01524	0.01240	0.01608	0.08462	0.00992	0.54979	0.02313	0.03029	0.01640	0.14996	0.01442	0.00871	0.00595	0.00180	0.00614	0.00696	0.00540	0.00856
29	0.02237	0.01041	0.01250	0.01012	0.01384	0.06842	0.00812	0.02445	0.01585	0.58627	0.07473	0.09116	0.01861	0.00830	0.00592	0.00180	0.00500	0.00687	0.00654	0.00872
30	0.00847	0.00588	0.00735	0.00813	0.00889	0.00574	0.00563	0.06655	0.01230	0.01691	0.02895	0.66299	0.03350	0.01602	0.00687	0.00218	0.00349	0.01439	0.08063	0.00511
31	0.68120	0.01086	0.00902	0.00824	0.01158	0.01248	0.00680	0.03287	0.06905	0.02497	0.01133	0.01537	0.00960	0.00649	0.00416	0.00186	0.00455	0.06924	0.00392	0.00641
32	0.00842	0.00609	0.00770	0.00845	0.00927	0.00590	0.00585	0.07525	0.01242	0.01664	0.02946	0.70786	0.03466	0.01663	0.00709	0.00224	0.00361	0.01498	0.00531	0.02215
33	0.04173	0.62817	0.10285	0.01166	0.01695	0.02064	0.07763	0.01732	0.01178	0.01476	0.00851	0.01004	0.00742	0.00495	0.00412	0.00136	0.00661	0.00351	0.00252	0.00745
34	0.09200	0.01302	0.01343	0.01151	0.01512	0.03089	0.00913	0.16593	0.47154	0.08485	0.01968	0.01839	0.01447	0.00727	0.00557	0.00186	0.00501	0.00579	0.00563	0.00892
35	0.00947	0.00705	0.00985	0.00947	0.01080	0.00810	0.00738	0.07987	0.01085	0.01537	0.01526	0.02213	0.01408	0.06423	0.67866	0.00836	0.01414	0.00611	0.00333	0.00549
36	0.01003	0.00732	0.00990	0.00938	0.01071	0.00852	0.00739	0.07783	0.01117	0.01652	0.01515	0.02088	0.01350	0.03244	0.54961	0.00698	0.06167	0.00586	0.11950	0.00563
37	0.01416	0.01359	0.02322	0.03511	0.76330	0.01359	0.01755	0.01755	0.01302	0.01869	0.01076	0.01416	0.00906	0.00510	0.00566	0.00170	0.00680	0.00510	0.00283	0.00906
38	0.01350	0.01543	0.03375	0.02411	0.02989	0.01446	0.74253	0.01832	0.01350	0.01832	0.01157	0.01543	0.00868	0.00482	0.00675	0.00193	0.00964	0.00675	0.00289	0.00771
39	0.00859	0.00674	0.00999	0.00975	0.01067	0.00814	0.00766	0.01055	0.00915	0.01332	0.01457	0.02152	0.01365	0.03975	0.70374	0.00855	0.08940	0.00602	0.00301	0.00522
40	0.00817	0.00613	0.00919	0.00919	0.01021	0.00715	0.00715	0.01021	0.00919	0.01328	0.01532	0.02247	0.01430	0.04290	0.77631	0.00919	0.01532	0.00613	0.00306	0.00511
41	0.00697	0.00498	0.00664	0.00796	0.00830	0.00465	0.00531	0.00796	0.01095	0.01460	0.03153	0.79525	0.03783	0.01792	0.00730	0.00232	0.00332	0.01626	0.00531	0.00465
42	0.01172	0.00636	0.00647	0.00608	0.00772	0.00652	0.00466	0.08335	0.01342	0.02274	0.01819	0.02060	0.01419	0.00668	0.00416	0.00137	0.00301	0.00531	0.75169	0.00575
43	0.00697	0.00498	0.00664	0.00796	0.00830	0.00465	0.00531	0.00796	0.01095	0.01460	0.03153	0.79525	0.03783	0.01792	0.00730	0.00232	0.00332	0.01626	0.00531	0.00465
44	0.19528	0.01001	0.01226	0.00962	0.01386	0.00933	0.00795	0.02557	0.01499	0.61268	0.01952	0.01735	0.01250	0.00671	0.00529	0.00177	0.00477	0.00520	0.00634	0.00900
45	0.02549	0.01002	0.01345	0.01031	0.01474	0.00882	0.00852	0.05997	0.01684	0.73450	0.02217	0.01921	0.01396	0.00707	0.00575	0.00177	0.00493	0.00573	0.00702	0.00973
46	0.02433	0.00944	0.01285	0.00995	0.01414	0.00818	0.00818	0.02657	0.01636	0.71058	0.07874	0.02124	0.01719	0.00743	0.00583	0.00177	0.00470	0.00610	0.00702	0.00940
47	0.02447	0.01114	0.01408	0.01085	0.01527	0.01055	0.00895	0.17850	0.04223	0.58973	0.02073	0.01832	0.01333	0.00706	0.00575	0.00176	0.00516	0.00565	0.00675	0.00971
48	0.02566	0.00973	0.01327	0.01018	0.01460	0.00841	0.00841	0.02788	0.01637	0.76726	0.02257	0.01947	0.01416	0.00708	0.00575	0.00177	0.00487	0.00575	0.00708	0.00973
49	0.01361	0.01094	0.01190	0.01079	0.01367	0.01227	0.00833	0.04064	0.56356	0.05679	0.09167	0.08483	0.03787	0.00901	0.00604	0.00195	0.00428	0.00765	0.00587	0.00833
50	0.00704	0.00575	0.00608	0.00608	0.00773	0.00494	0.00444	0.00850	0.01294	0.01592	0.13371	0.08354	0.59144	0.07621	0.00855	0.00222	0.00310	0.01176	0.00528	0.00478
51	0.01375	0.01318	0.02249	0.12565	0.67592	0.01348	0.01735	0.01720	0.01283	0.01820	0.01069	0.01429	0.00889	0.00517	0.00567	0.00172	0.00690	0.00509	0.00280	0.00873
52	0.00997	0.00498	0.00735	0.00735	0.00741	0.00498	0.00492	0.00773	0.00767	0.01047	0.01035	0.01757	0.01016	0.01925	0.02149	0.79448	0.00486	0.00498	0.04140	0.00262
53	0.00819	0.00697	0.00712	0.00688	0.00896	0.00658	0.00516	0.01226	0.14769	0.01679	0.04975	0.04808	0.59068	0.05012	0.00764	0.00210	0.00332	0.01087	0.00532	0.00553
54	0.01195	0.12688	0.67627	0.01548	0.02349	0.01446	0.01971	0.01799	0.01202	0.01753	0.00997	0.01171	0.00726	0.00537	0.00521	0.00174	0.00816	0.00408	0.00242	0.00831

[dist]
# distance from previous block
# <min> <max>
0	22

[block]
# block no. 3 follows, 41 sequences, length 29
# corresponding to MSA columns:
# 305-333
name=unknown_D
#
# <colnr> <probs for GDERKNQSTAVLIFYWHMCP>
#	G	D	E	R	K	N	Q	S	T	A	V	L	I	F	Y	W	H	M	C	P
0	0.02187	0.01223	0.04189	0.07938	0.01792	0.01172	0.01017	0.19788	0.08502	0.43180	0.01898	0.01763	0.01257	0.00691	0.00574	0.00179	0.00555	0.00556	0.00607	0.00933
1	0.01166	0.06832	0.73229	0.01598	0.02425	0.01375	0.02056	0.01806	0.01205	0.01788	0.01015	0.01193	0.00725	0.00541	0.00535	0.00178	0.00834	0.00417	0.00242	0.00840
2	0.01399	0.01342	0.02292	0.07238	0.72733	0.01355	0.01747	0.01741	0.01295	0.01848	0.01073	0.01421	0.00899	0.00513	0.00567	0.00171	0.00684	0.00510	0.00282	0.00893
3	0.83938	0.01106	0.00841	0.00752	0.01106	0.01283	0.00619	0.01681	0.00973	0.02566	0.00796	0.00929	0.00619	0.00531	0.00354	0.00177	0.00442	0.00310	0.00354	0.00619
4	0.00786	0.00581	0.00734	0.00701	0.00842	0.00529	0.00524	0.01032	0.01557	0.02157	0.63402	0.06667	0.15905	0.01229	0.00676	0.00183	0.00275	0.01078	0.00612	0.00529
5	0.00765	0.00629	0.00668	0.00663	0.00837	0.00574	0.00487	0.01037	0.07787	0.01648	0.10978	0.10930	0.52936	0.06503	0.00818	0.00219	0.00323	0.01152	0.00532	0.00514
6	0.00744	0.00568	0.00683	0.00684	0.00822	0.00507	0.00502	0.00942	0.01422	0.01894	0.39428	0.17354	0.29633	0.01371	0.00684	0.00193	0.00287	0.01194	0.00579	0.00507
7	0.01470	0.01160	0.01245	0.01109	0.01434	0.01304	0.00866	0.02858	0.63508	0.08866	0.02571	0.02360	0.07057	0.00818	0.00588	0.00192	0.00444	0.00681	0.00589	0.00881
8	0.02141	0.02605	0.01631	0.01457	0.01769	0.69437	0.01103	0.10052	0.01736	0.01637	0.00937	0.01068	0.00762	0.00600	0.00522	0.00150	0.00988	0.00384	0.00325	0.00696
9	0.01299	0.01337	0.01736	0.12192	0.01862	0.07773	0.01286	0.01461	0.00973	0.01390	0.00798	0.01272	0.00751	0.00908	0.01587	0.00234	0.61765	0.00491	0.00254	0.00630
10	0.02174	0.01602	0.01717	0.01316	0.01774	0.01774	0.01087	0.74423	0.02689	0.03605	0.01373	0.01373	0.00973	0.00687	0.00572	0.00172	0.00629	0.00515	0.00572	0.00973
11	0.00706	0.00510	0.00668	0.00779	0.00829	0.00472	0.00527	0.00823	0.01152	0.01538	0.09691	0.69200	0.07549	0.01720	0.00722	0.00226	0.00324	0.01553	0.00540	0.00472
12	0.01355	0.01211	0.07878	0.07312	0.01612	0.01147	0.00979	0.26253	0.08364	0.02350	0.04096	0.27711	0.02077	0.01051	0.00620	0.00194	0.00523	0.00902	0.02087	0.02279
13	0.00790	0.00582	0.00739	0.00704	0.00844	0.00531	0.00527	0.01040	0.01567	0.02180	0.65531	0.06358	0.14037	0.01220	0.00676	0.00183	0.00274	0.01071	0.00615	0.00531
14	0.01485	0.01234	0.01310	0.01165	0.01497	0.01418	0.00910	0.05616	0.70404	0.04721	0.02291	0.02101	0.01708	0.00771	0.00581	0.00193	0.00460	0.00640	0.00586	0.00910
15	0.00820	0.00550	0.00627	0.00639	0.00642	0.00547	0.00363	0.00829	0.00855	0.01140	0.01921	0.10405	0.02229	0.73032	0.02720	0.00526	0.00535	0.00902	0.00363	0.00357
16	0.02079	0.02616	0.01677	0.01637	0.07752	0.71483	0.01157	0.02242	0.01595	0.01438	0.00900	0.01062	0.00750	0.00583	0.00520	0.00149	0.01003	0.00380	0.00294	0.00683
17	0.83938	0.01106	0.00841	0.00752	0.01106	0.01283	0.00619	0.01681	0.00973	0.02566	0.00796	0.00929	0.00619	0.00531	0.00354	0.00177	0.00442	0.00310	0.00354	0.00619
18	0.02174	0.01602	0.01717	0.01316	0.01774	0.01774	0.01087	0.74423	0.02689	0.03605	0.01373	0.01373	0.00973	0.00687	0.00572	0.00172	0.00629	0.00515	0.00572	0.00973
19	0.01029	0.00635	0.00735	0.00693	0.00751	0.00635	0.00428	0.04199	0.00980	0.07292	0.01813	0.03457	0.01961	0.68156	0.04535	0.00517	0.00577	0.00792	0.00384	0.00428
20	0.01588	0.75000	0.02897	0.00989	0.01476	0.02193	0.00976	0.03667	0.01221	0.04424	0.00869	0.00971	0.00768	0.00503	0.00381	0.00126	0.00607	0.00322	0.00272	0.00750
21	0.01251	0.01251	0.01752	0.01502	0.01502	0.01752	0.01251	0.01377	0.00876	0.01377	0.00751	0.01251	0.00751	0.01001	0.01877	0.00250	0.78851	0.00501	0.00250	0.00626
22	0.00917	0.00655	0.00915	0.01039	0.01171	0.00653	0.00905	0.01180	0.01330	0.01737	0.06208	0.06357	0.03384	0.01562	0.00785	0.00260	0.00516	0.69368	0.00531	0.00527
23	0.02143	0.02542	0.01637	0.01448	0.01769	0.65176	0.01102	0.14105	0.01796	0.01761	0.00964	0.01088	0.00775	0.00605	0.00525	0.00151	0.00966	0.00392	0.00340	0.00714
24	0.00676	0.00579	0.00579	0.00579	0.00773	0.00483	0.00435	0.00821	0.01304	0.01545	0.05794	0.05505	0.76098	0.01449	0.00676	0.00193	0.00290	0.01207	0.00531	0.00483
25	0.01529	0.80242	0.02997	0.00979	0.01468	0.02263	0.00979	0.01713	0.01162	0.01346	0.00795	0.00918	0.00734	0.00489	0.00367	0.00122	0.00612	0.00306	0.00245	0.00734
26	0.09381	0.01048	0.01262	0.00999	0.01398	0.01011	0.00817	0.14620	0.03799	0.45937	0.05962	0.02167	0.07473	0.00773	0.00569	0.00178	0.00479	0.00617	0.00632	0.00879
27	0.01423	0.01229	0.01293	0.01164	0.01487	0.01423	0.00905	0.03039	0.75297	0.02393	0.02328	0.02134	0.01746	0.00776	0.00582	0.00194	0.00453	0.00647	0.00582	0.00905
28	0.02174	0.01602	0.01717	0.01316	0.01774	0.01774	0.01087	0.74423	0.02689	0.03605	0.01373	0.01373	0.00973	0.00687	0.00572	0.00172	0.00629	0.00515	0.00572	0.00973

[dist]
# distance from previous block
# <min> <max>
0	6

[block]
# block no. 4 follows, 41 sequences, length 13
# corresponding to MSA columns:
# 340-352
name=unknown_E
#
# <colnr> <probs for GDERKNQSTAVLIFYWHMCP>
#	G	D	E	R	K	N	Q	S	T	A	V	L	I	F	Y	W	H	M	C	P
0	0.00796	0.00584	0.00746	0.00706	0.00846	0.00534	0.00529	0.01054	0.01588	0.02220	0.69078	0.04395	0.12393	0.01197	0.00675	0.00181	0.00272	0.01052	0.00620	0.00534
1	0.01306	0.01633	0.10843	0.04524	0.02747	0.01473	0.53742	0.01752	0.01259	0.01752	0.01080	0.01464	0.00832	0.00567	0.00834	0.00200	0.12341	0.00618	0.00277	0.00754
2	0.02052	0.02384	0.01593	0.01413	0.01734	0.57613	0.01078	0.12308	0.11006	0.01828	0.01133	0.01217	0.00896	0.00626	0.00532	0.00157	0.00904	0.00423	0.00369	0.00736
3	0.00697	0.00498	0.00664	0.00796	0.00830	0.00465	0.00531	0.00796	0.01095	0.01460	0.03153	0.79525	0.03783	0.01792	0.00730	0.00232	0.00332	0.01626	0.00531	0.00465
4	0.01175	0.02764	0.66810	0.01738	0.02546	0.01345	0.12043	0.01814	0.01227	0.01814	0.01044	0.01254	0.00744	0.00535	0.00562	0.00183	0.00862	0.00457	0.00248	0.00835
5	0.00705	0.00571	0.00627	0.00633	0.00796	0.00492	0.00467	0.00870	0.01343	0.01687	0.19687	0.14008	0.53247	0.01433	0.00682	0.00195	0.00291	0.01222	0.00551	0.00492
6	0.00691	0.00580	0.00600	0.00595	0.00782	0.00489	0.00447	0.00850	0.01340	0.01630	0.13757	0.05365	0.68083	0.01417	0.00676	0.00192	0.00287	0.01188	0.00542	0.00489
7	0.01256	0.24912	0.55932	0.01445	0.02189	0.01594	0.01791	0.01783	0.01195	0.01679	0.00961	0.01125	0.00727	0.00528	0.00493	0.00164	0.00779	0.00389	0.00242	0.00814
8	0.01421	0.01158	0.01311	0.00966	0.01456	0.01018	0.00780	0.18176	0.04261	0.02281	0.01146	0.01264	0.00909	0.00497	0.00463	0.00109	0.00472	0.00390	0.00401	0.61521
9	0.00940	0.00672	0.00823	0.00861	0.00955	0.00675	0.00609	0.10968	0.01290	0.01719	0.02678	0.50550	0.03080	0.14300	0.01067	0.00279	0.00425	0.07083	0.00506	0.00520
10	0.01438	0.06290	0.01766	0.01386	0.01501	0.01593	0.03160	0.01595	0.01022	0.11777	0.01021	0.01382	0.00880	0.00985	0.03374	0.00243	0.56857	0.00507	0.02544	0.00679
11	0.01813	0.01440	0.01431	0.01187	0.01539	0.09434	0.00943	0.41691	0.09765	0.05933	0.01976	0.12452	0.06063	0.00886	0.00596	0.00181	0.00586	0.00711	0.00542	0.00833
12	0.01890	0.01660	0.14954	0.01302	0.01785	0.09044	0.05645	0.16130	0.08664	0.25187	0.01895	0.01834	0.05961	0.00703	0.00576	0.00177	0.00647	0.00569	0.00508	0.00868

[dist]
# distance from previous block
# <min> <max>
0	1

[block]
# block no. 5 follows, 41 sequences, length 47
# corresponding to MSA columns:
# 354-400
name=unknown_F
#
# <colnr> <probs for GDERKNQSTAVLIFYWHMCP>
#	G	D	E	R	K	N	Q	S	T	A	V	L	I	F	Y	W	H	M	C	P
0	0.03308	0.00535	0.00715	0.00749	0.00803	0.00521	0.00516	0.00829	0.00978	0.01334	0.06822	0.25518	0.10182	0.01878	0.04770	0.38371	0.00455	0.00943	0.00392	0.00379
1	0.70914	0.01287	0.00958	0.00850	0.01203	0.09487	0.00689	0.03397	0.01101	0.04660	0.00862	0.00980	0.00664	0.00546	0.00383	0.00174	0.00511	0.00328	0.00363	0.00642
2	0.01445	0.01241	0.01411	0.01393	0.09530	0.01377	0.00984	0.08159	0.55342	0.02374	0.02129	0.02027	0.03450	0.00736	0.00572	0.00183	0.00484	0.00617	0.00533	0.06012
3	0.07217	0.01554	0.01617	0.01301	0.01689	0.10006	0.05524	0.45591	0.05940	0.02889	0.01508	0.09759	0.01259	0.00777	0.00576	0.00178	0.00642	0.00622	0.00506	0.00845
4	0.01995	0.02428	0.01762	0.01874	0.16555	0.60633	0.01234	0.03938	0.01584	0.01547	0.00934	0.01116	0.00776	0.00576	0.00527	0.00152	0.00952	0.00400	0.00299	0.00719
5	0.01414	0.01364	0.02352	0.03479	0.74217	0.01362	0.03844	0.01758	0.01304	0.01868	0.01078	0.01419	0.00905	0.00509	0.00569	0.00171	0.00688	0.00514	0.00283	0.00902
6	0.01357	0.01249	0.02092	0.07840	0.63708	0.01265	0.01599	0.01692	0.01282	0.01872	0.01157	0.01500	0.00957	0.00530	0.00549	0.00167	0.00640	0.00512	0.09183	0.00849
7	0.15214	0.01131	0.01766	0.44802	0.20925	0.01300	0.03766	0.01582	0.01160	0.01759	0.00998	0.01398	0.00776	0.00547	0.00537	0.00183	0.00695	0.00480	0.00279	0.00702
8	0.02106	0.01536	0.01643	0.01268	0.01705	0.01697	0.01045	0.69893	0.02597	0.03514	0.01404	0.01420	0.01003	0.00685	0.00562	0.00169	0.00607	0.00516	0.05685	0.00945
9	0.00697	0.00498	0.00664	0.00796	0.00830	0.00465	0.00531	0.00796	0.01095	0.01460	0.03153	0.79525	0.03783	0.01792	0.00730	0.00232	0.00332	0.01626	0.00531	0.00465
10	0.00825	0.00554	0.00633	0.00639	0.00643	0.00555	0.00364	0.00835	0.00846	0.01130	0.01855	0.07068	0.02138	0.74481	0.04742	0.00550	0.00570	0.00861	0.00354	0.00356
11	0.10206	0.01514	0.06953	0.01786	0.02133	0.05179	0.31376	0.01658	0.01140	0.01719	0.00970	0.01353	0.00803	0.00785	0.03312	0.00229	0.27361	0.00544	0.00281	0.00697
12	0.00928	0.00687	0.00909	0.01010	0.01160	0.00689	0.00868	0.01265	0.06078	0.01738	0.03281	0.06072	0.11020	0.01514	0.00764	0.00251	0.00496	0.60193	0.00531	0.00546
13	0.00711	0.00504	0.00659	0.00778	0.00808	0.00474	0.00512	0.00800	0.01067	0.01423	0.03010	0.71531	0.03603	0.10031	0.00960	0.00266	0.00355	0.01542	0.00512	0.00452
14	0.01497	0.01385	0.02257	0.03275	0.68314	0.01404	0.01684	0.09569	0.01452	0.02055	0.01108	0.01411	0.00913	0.00529	0.00567	0.00170	0.00674	0.00510	0.00314	0.00913
15	0.01447	0.01255	0.01418	0.01421	0.09544	0.01428	0.01003	0.05277	0.64924	0.02377	0.02162	0.02031	0.01630	0.00744	0.00580	0.00191	0.00483	0.00628	0.00550	0.00908
16	0.01423	0.01229	0.01293	0.01164	0.01487	0.01423	0.00905	0.03039	0.75297	0.02393	0.02328	0.02134	0.01746	0.00776	0.00582	0.00194	0.00453	0.00647	0.00582	0.00905
17	0.01342	0.01284	0.02189	0.19952	0.60463	0.01340	0.01719	0.01691	0.01268	0.01779	0.01063	0.01440	0.00875	0.00523	0.00567	0.00174	0.00698	0.00509	0.00277	0.00847
18	0.01504	0.01269	0.01339	0.01180	0.01518	0.01460	0.00925	0.10715	0.67490	0.02523	0.02225	0.02052	0.01663	0.00766	0.00581	0.00192	0.00472	0.00633	0.00581	0.00913
19	0.01183	0.00827	0.00932	0.00842	0.01096	0.00823	0.00652	0.01802	0.23439	0.12198	0.18701	0.03764	0.29271	0.01090	0.00634	0.00188	0.00361	0.00919	0.00591	0.00687
20	0.83938	0.01106	0.00841	0.00752	0.01106	0.01283	0.00619	0.01681	0.00973	0.02566	0.00796	0.00929	0.00619	0.00531	0.00354	0.00177	0.00442	0.00310	0.00354	0.00619
21	0.83938	0.01106	0.00841	0.00752	0.01106	0.01283	0.00619	0.01681	0.00973	0.02566	0.00796	0.00929	0.00619	0.00531	0.00354	0.00177	0.00442	0.00310	0.00354	0.00619
22	0.01719	0.01193	0.01321	0.01133	0.01489	0.01313	0.00897	0.09251	0.51906	0.17977	0.02219	0.02028	0.01603	0.00752	0.00576	0.00187	0.00471	0.00618	0.02430	0.00917
23	0.01080	0.01017	0.01716	0.78523	0.03940	0.01271	0.01589	0.01461	0.01144	0.01461	0.01017	0.01525	0.00762	0.00572	0.00572	0.00191	0.00762	0.00508	0.00254	0.00635
24	0.00697	0.00498	0.00664	0.00796	0.00830	0.00465	0.00531	0.00796	0.01095	0.01460	0.03153	0.79525	0.03783	0.01792	0.00730	0.00232	0.00332	0.01626	0.00531	0.00465
25	0.00697	0.00498	0.00664	0.00796	0.00830	0.00465	0.00531	0.00796	0.01095	0.01460	0.03153	0.79525	0.03783	0.01792	0.00730	0.00232	0.00332	0.01626	0.00531	0.00465
26	0.01080	0.01017	0.01716	0.78523	0.03940	0.01271	0.01589	0.01461	0.01144	0.01461	0.01017	0.01525	0.00762	0.00572	0.00572	0.00191	0.00762	0.00508	0.00254	0.00635
27	0.02566	0.00973	0.01327	0.01018	0.01460	0.00841	0.00841	0.02788	0.01637	0.76726	0.02257	0.01947	0.01416	0.00708	0.00575	0.00177	0.00487	0.00575	0.00708	0.00973
28	0.02137	0.02726	0.01621	0.01474	0.01768	0.77602	0.01105	0.02284	0.01621	0.01400	0.00884	0.01031	0.00737	0.00589	0.00516	0.00147	0.01031	0.00368	0.00295	0.00663
29	0.00696	0.00500	0.00661	0.00790	0.00828	0.00465	0.00528	0.00797	0.01102	0.01463	0.03236	0.77181	0.06073	0.01781	0.00728	0.00231	0.00331	0.01613	0.00531	0.00465
30	0.00697	0.00498	0.00664	0.00796	0.00830	0.00465	0.00531	0.00796	0.01095	0.01460	0.03153	0.79525	0.03783	0.01792	0.00730	0.00232	0.00332	0.01626	0.00531	0.00465
31	0.01350	0.01543	0.03375	0.02411	0.02989	0.01446	0.74253	0.01832	0.01350	0.01832	0.01157	0.01543	0.00868	0.00482	0.00675	0.00193	0.00964	0.00675	0.00289	0.00771
32	0.01186	0.01017	0.01186	0.00847	0.01356	0.00762	0.00678	0.01440	0.01186	0.01864	0.01017	0.01186	0.00847	0.00424	0.00424	0.00085	0.00424	0.00339	0.00339	0.83395
33	0.00697	0.00498	0.00664	0.00796	0.00830	0.00465	0.00531	0.00796	0.01095	0.01460	0.03153	0.79525	0.03783	0.01792	0.00730	0.00232	0.00332	0.01626	0.00531	0.00465
34	0.01380	0.01322	0.02257	0.11576	0.68547	0.01350	0.01737	0.01724	0.01285	0.01825	0.01070	0.01427	0.00891	0.00516	0.00567	0.00172	0.00688	0.00509	0.00280	0.00877
35	0.01529	0.80242	0.02997	0.00979	0.01468	0.02263	0.00979	0.01713	0.01162	0.01346	0.00795	0.00918	0.00734	0.00489	0.00367	0.00122	0.00612	0.00306	0.00245	0.00734
36	0.00761	0.00639	0.00743	0.00831	0.05515	0.00563	0.00587	0.00941	0.01322	0.01626	0.08747	0.05314	0.58103	0.01394	0.00684	0.00200	0.00344	0.10648	0.00520	0.00518
37	0.05418	0.12839	0.46396	0.01652	0.04416	0.06194	0.11779	0.01822	0.01238	0.01766	0.00995	0.01197	0.00746	0.00529	0.00528	0.00172	0.00818	0.00436	0.00259	0.00800
38	0.01423	0.01229	0.01293	0.01164	0.01487	0.01423	0.00905	0.03039	0.75297	0.02393	0.02328	0.02134	0.01746	0.00776	0.00582	0.00194	0.00453	0.00647	0.00582	0.00905
39	0.00683	0.00579	0.00590	0.00597	0.00784	0.00487	0.00449	0.00829	0.01299	0.01547	0.05660	0.07385	0.72476	0.01460	0.00680	0.00196	0.00297	0.02987	0.00531	0.00483
40	0.02090	0.02638	0.01666	0.01605	0.06568	0.72694	0.01147	0.02250	0.01600	0.01430	0.00896	0.01056	0.00748	0.00584	0.00519	0.00149	0.01009	0.00377	0.00294	0.00679
41	0.01981	0.01104	0.01310	0.01093	0.01474	0.01138	0.00874	0.02916	0.39326	0.38692	0.02293	0.02043	0.01585	0.00743	0.00579	0.00186	0.00469	0.00612	0.00644	0.00939
42	0.01080	0.01017	0.01716	0.78523	0.03940	0.01271	0.01589	0.01461	0.01144	0.01461	0.01017	0.01525	0.00762	0.00572	0.00572	0.00191	0.00762	0.00508	0.00254	0.00635
43	0.00697	0.00498	0.00664	0.00796	0.00830	0.00465	0.00531	0.00796	0.01095	0.01460	0.03153	0.79525	0.03783	0.01792	0.00730	0.00232	0.00332	0.01626	0.00531	0.00465
44	0.03569	0.76080	0.02905	0.00987	0.01468	0.04397	0.00974	0.01728	0.01171	0.01377	0.00798	0.00921	0.00731	0.00493	0.00371	0.00124	0.00620	0.00308	0.00249	0.00729
45	0.01066	0.00533	0.00533	0.00533	0.00666	0.00533	0.00400	0.01333	0.01200	0.02132	0.01866	0.02132	0.01466	0.00666	0.00400	0.00133	0.00267	0.00533	0.83073	0.00533
46	0.00721	0.00515	0.00691	0.00824	0.00868	0.00485	0.00573	0.00838	0.01119	0.01487	0.03139	0.71668	0.03730	0.01769	0.00737	0.00236	0.00353	0.09244	0.00531	0.00471

[dist]
# distance from previous block
# <min> <max>
0	39

[block]
# block no. 6 follows, 41 sequences, length 40
# corresponding to MSA columns:
# 440-479
name=unknown_G
#
# <colnr> <probs for GDERKNQSTAVLIFYWHMCP>
#	G	D	E	R	K	N	Q	S	T	A	V	L	I	F	Y	W	H	M	C	P
0	0.01529	0.80242	0.02997	0.00979	0.01468	0.02263	0.00979	0.01713	0.01162	0.01346	0.00795	0.00918	0.00734	0.00489	0.00367	0.00122	0.00612	0.00306	0.00245	0.00734
1	0.01147	0.02959	0.76934	0.01630	0.02476	0.01328	0.02113	0.01811	0.01208	0.01811	0.01026	0.01208	0.00725	0.00543	0.00543	0.00181	0.00845	0.00423	0.00242	0.00845
2	0.00697	0.00498	0.00664	0.00796	0.00830	0.00465	0.00531	0.00796	0.01095	0.01460	0.03153	0.79525	0.03783	0.01792	0.00730	0.00232	0.00332	0.01626	0.00531	0.00465
3	0.01044	0.00800	0.01009	0.01066	0.01246	0.00847	0.00899	0.01651	0.20112	0.01912	0.06318	0.05252	0.02999	0.01356	0.00732	0.00242	0.00496	0.50851	0.00546	0.00623
4	0.02122	0.01629	0.01684	0.01313	0.01754	0.05258	0.01076	0.66266	0.07542	0.03421	0.01415	0.01409	0.01014	0.00688	0.00570	0.00172	0.00636	0.00517	0.00560	0.00954
5	0.01992	0.13350	0.01870	0.01575	0.07964	0.60787	0.01142	0.02161	0.01531	0.01432	0.00888	0.01048	0.00751	0.00569	0.00499	0.00146	0.00944	0.00372	0.00287	0.00693
6	0.01243	0.11080	0.66129	0.01537	0.02329	0.01408	0.01943	0.01839	0.01220	0.04696	0.01050	0.01206	0.00753	0.00544	0.00526	0.00175	0.00807	0.00416	0.00260	0.00839
7	0.01384	0.02079	0.26709	0.02163	0.10463	0.07781	0.34878	0.04210	0.01365	0.01851	0.01091	0.01373	0.00818	0.00520	0.00605	0.00182	0.00891	0.00546	0.00283	0.00807
8	0.00695	0.00506	0.00655	0.00773	0.00824	0.00467	0.00521	0.00799	0.01117	0.01469	0.03433	0.71672	0.11455	0.01756	0.00724	0.00228	0.00327	0.01582	0.00531	0.00467
9	0.00832	0.00555	0.00624	0.00624	0.00624	0.00555	0.00347	0.00832	0.00832	0.01109	0.01802	0.03743	0.02080	0.79898	0.02911	0.00555	0.00555	0.00832	0.00347	0.00347
10	0.00831	0.00557	0.00635	0.00635	0.00639	0.00561	0.00361	0.00839	0.00835	0.01117	0.01792	0.03686	0.02055	0.77025	0.05751	0.00568	0.00592	0.00823	0.00345	0.00353
11	0.80174	0.01100	0.00863	0.00764	0.01123	0.01263	0.00630	0.01733	0.01004	0.05997	0.00864	0.00976	0.00656	0.00539	0.00364	0.00177	0.00445	0.00322	0.00370	0.00636
