[name]
unknown

[dist]
# distance from previous block
# <min> <max>
3	52

[block]
# block no. 0 follows, 41 sequences, length 8
# corresponding to MSA columns:
# 64-71
name=unknown_A
#
# <colnr> <probs for GDERKNQSTAVLIFYWHMCP>
#	G	D	E	R	K	N	Q	S	T	A	V	L	I	F	Y	W	H	M	C	P
0	0.01051	0.00851	0.00915	0.00882	0.01009	0.06363	0.00651	0.05625	0.02567	0.03163	0.09754	0.24173	0.11954	0.09283	0.04619	0.00268	0.07536	0.00992	0.07795	0.00548
1	0.08628	0.01003	0.01218	0.01000	0.01306	0.00988	0.05795	0.17923	0.01485	0.03812	0.04009	0.15689	0.03974	0.11224	0.00867	0.00217	0.00499	0.00749	0.02529	0.17084
2	0.00967	0.00687	0.00773	0.00804	0.00897	0.04200	0.00552	0.02777	0.01166	0.06658	0.04465	0.42109	0.08326	0.19761	0.01209	0.00295	0.00435	0.02929	0.00492	0.00498
3	0.14032	0.01405	0.01503	0.05597	0.01718	0.01563	0.00998	0.53033	0.02253	0.03213	0.07888	0.01574	0.01301	0.00700	0.00549	0.00174	0.00578	0.00530	0.00527	0.00863
4	0.01030	0.00842	0.01261	0.22116	0.01913	0.00889	0.06547	0.06234	0.01273	0.03206	0.07519	0.20609	0.08646	0.10476	0.02568	0.00255	0.00568	0.00921	0.00419	0.02710
5	0.30065	0.01073	0.02781	0.17497	0.01849	0.01153	0.04036	0.01529	0.04110	0.01943	0.01404	0.01635	0.07457	0.00711	0.00653	0.03814	0.05945	0.00489	0.00339	0.11518
6	0.07541	0.01251	0.01408	0.12373	0.01800	0.06556	0.01035	0.05609	0.26072	0.08648	0.01557	0.01666	0.01186	0.00741	0.00789	0.00194	0.15105	0.00537	0.05167	0.00765
7	0.00937	0.00758	0.00997	0.03499	0.01088	0.03515	0.06259	0.01058	0.01044	0.01424	0.05024	0.23593	0.02352	0.32655	0.01637	0.00345	0.05927	0.00970	0.06442	0.00473

[dist]
# distance from previous block
# <min> <max>
11	41

[block]
# block no. 1 follows, 41 sequences, length 63
# corresponding to MSA columns:
# 129-191
name=unknown_B
#
# <colnr> <probs for GDERKNQSTAVLIFYWHMCP>
#	G	D	E	R	K	N	Q	S	T	A	V	L	I	F	Y	W	H	M	C	P
0	0.01816	0.01178	0.01403	0.01285	0.07291	0.01240	0.00945	0.24184	0.18546	0.19717	0.03672	0.08697	0.01620	0.00806	0.00582	0.00181	0.00507	0.00669	0.04783	0.00875
1	0.03610	0.01346	0.02869	0.11831	0.09440	0.07012	0.01117	0.22570	0.07294	0.12192	0.08534	0.01831	0.01470	0.02948	0.00682	0.00189	0.03205	0.00572	0.00475	0.00811
2	0.03400	0.01015	0.01127	0.00951	0.01242	0.02439	0.00755	0.18507	0.08728	0.13071	0.14780	0.04404	0.13313	0.00915	0.00628	0.00177	0.03031	0.00741	0.07808	0.02967
3	0.01442	0.00974	0.01353	0.08888	0.01611	0.01032	0.06534	0.07682	0.10453	0.17055	0.05406	0.12636	0.01879	0.13690	0.01079	0.00255	0.06066	0.00779	0.00485	0.00700
4	0.03817	0.01491	0.01571	0.05404	0.06866	0.11985	0.01077	0.24407	0.13722	0.15362	0.01531	0.01554	0.01113	0.00688	0.00636	0.00178	0.05319	0.00520	0.01897	0.00861
5	0.01837	0.01192	0.01347	0.01104	0.01449	0.01272	0.00877	0.32801	0.14492	0.17262	0.01898	0.07851	0.01522	0.07410	0.02609	0.00230	0.00554	0.00663	0.02783	0.00848
6	0.01883	0.01343	0.01489	0.01144	0.01589	0.01378	0.00934	0.45463	0.03983	0.09651	0.01559	0.03934	0.02929	0.00684	0.00546	0.00155	0.00548	0.00535	0.00529	0.19722
7	0.01371	0.01028	0.01365	0.08438	0.03551	0.01224	0.00995	0.11836	0.03255	0.08704	0.01536	0.10981	0.01379	0.01197	0.07318	0.00262	0.24048	0.00663	0.10165	0.00683
8	0.00949	0.00602	0.00717	0.00702	0.00772	0.00587	0.00452	0.01058	0.02972	0.06895	0.09398	0.12311	0.06147	0.49586	0.04091	0.00436	0.00507	0.00931	0.00436	0.00451
9	0.07165	0.05845	0.35954	0.01642	0.07700	0.01401	0.08226	0.07320	0.04794	0.06137	0.02967	0.01394	0.00964	0.00605	0.00625	0.00182	0.05441	0.00484	0.00334	0.00821
10	0.01856	0.01386	0.06232	0.01185	0.01601	0.03377	0.01001	0.19198	0.30821	0.20593	0.03452	0.01847	0.01450	0.00719	0.00572	0.00180	0.00538	0.00578	0.00576	0.02838
11	0.00697	0.00498	0.00664	0.00796	0.00830	0.00465	0.00531	0.00796	0.01095	0.01460	0.03153	0.79525	0.03783	0.01792	0.00730	0.00232	0.00332	0.01626	0.00531	0.00465
12	0.01944	0.10106	0.01776	0.01395	0.05214	0.22127	0.01077	0.30589	0.14194	0.04010	0.01343	0.01373	0.01018	0.00647	0.00537	0.00164	0.00706	0.00476	0.00454	0.00850
13	0.01898	0.01363	0.01507	0.01166	0.01609	0.01417	0.00950	0.44643	0.08886	0.09511	0.01513	0.03554	0.01132	0.00672	0.00547	0.00158	0.00550	0.00526	0.00536	0.17861
14	0.05179	0.01203	0.01711	0.28070	0.10498	0.03401	0.04943	0.08694	0.04134	0.03587	0.01196	0.05216	0.01001	0.00690	0.00746	0.00187	0.11720	0.00552	0.00338	0.06934
15	0.01346	0.01526	0.03308	0.04141	0.05087	0.01440	0.70578	0.01822	0.01344	0.01825	0.01152	0.01539	0.00867	0.00485	0.00670	0.00192	0.00952	0.00667	0.00288	0.00772
16	0.01448	0.01420	0.02544	0.03098	0.53384	0.01407	0.19682	0.06422	0.01403	0.01971	0.01115	0.01444	0.00901	0.00514	0.00594	0.00176	0.00747	0.00551	0.00303	0.00877
17	0.08811	0.19443	0.25501	0.12863	0.02217	0.06974	0.04988	0.01714	0.01168	0.01650	0.00920	0.01174	0.00733	0.00583	0.00637	0.00175	0.09044	0.00416	0.00261	0.00729
18	0.01350	0.01543	0.03375	0.02411	0.02989	0.01446	0.74253	0.01832	0.01350	0.01832	0.01157	0.01543	0.00868	0.00482	0.00675	0.00193	0.00964	0.00675	0.00289	0.00771
19	0.00738	0.00582	0.00665	0.00644	0.00810	0.00509	0.00483	0.00940	0.01449	0.01890	0.38133	0.04937	0.43545	0.01320	0.00675	0.00187	0.00281	0.01128	0.00577	0.00509
20	0.01661	0.01305	0.01667	0.04615	0.01680	0.03391	0.02857	0.17883	0.05111	0.12496	0.01228	0.01453	0.00962	0.00831	0.01190	0.00211	0.37792	0.00523	0.02375	0.00768
21	0.00739	0.00556	0.00726	0.00803	0.00863	0.00543	0.00561	0.00867	0.01173	0.01576	0.13105	0.58625	0.10366	0.01636	0.00777	0.00223	0.04396	0.01450	0.00530	0.00485
22	0.00819	0.00607	0.00891	0.00891	0.00984	0.00700	0.00680	0.01003	0.00911	0.01307	0.01558	0.02389	0.01492	0.11478	0.70528	0.00885	0.01439	0.00634	0.00310	0.00495
23	0.00778	0.00583	0.00721	0.00687	0.00835	0.00526	0.00515	0.01019	0.01545	0.02118	0.59511	0.04562	0.22024	0.01235	0.00675	0.00183	0.00275	0.01075	0.00606	0.00526
24	0.01502	0.68054	0.10027	0.03161	0.01642	0.02130	0.01108	0.04124	0.01217	0.01468	0.00843	0.00977	0.00742	0.00503	0.00396	0.00131	0.00639	0.00330	0.00255	0.00750
25	0.01970	0.01127	0.01319	0.01084	0.01468	0.01158	0.00872	0.12349	0.28981	0.34652	0.02391	0.02167	0.06255	0.00778	0.00584	0.00184	0.00481	0.00634	0.00632	0.00917
26	0.00697	0.00498	0.00664	0.00796	0.00830	0.00465	0.00531	0.00796	0.01095	0.01460	0.03153	0.79525	0.03783	0.01792	0.00730	0.00232	0.00332	0.01626	0.00531	0.00465
27	0.00697	0.00498	0.00664	0.00796	0.00830	0.00465	0.00531	0.00796	0.01095	0.01460	0.03153	0.79525	0.03783	0.01792	0.00730	0.00232	0.00332	0.01626	0.00531	0.00465
28	0.01309	0.21041	0.28584	0.01760	0.02397	0.01582	0.30034	0.01773	0.01250	0.01699	0.01069	0.02996	0.00850	0.00534	0.00556	0.00173	0.00824	0.00520	0.00267	0.00781
29	0.00994	0.00497	0.00745	0.00745	0.00745	0.00497	0.00497	0.00745	0.00745	0.00994	0.00994	0.01739	0.00994	0.01987	0.02235	0.83358	0.00497	0.00497	0.00248	0.00248
30	0.02137	0.02726	0.01621	0.01474	0.01768	0.77602	0.01105	0.02284	0.01621	0.01400	0.00884	0.01031	0.00737	0.00589	0.00516	0.00147	0.01031	0.00368	0.00295	0.00663
31	0.01349	0.01516	0.03254	0.04289	0.08733	0.01436	0.66886	0.01817	0.01341	0.01826	0.01148	0.01533	0.00868	0.00486	0.00664	0.00191	0.00937	0.00658	0.00288	0.00779
32	0.01244	0.01184	0.02011	0.41946	0.39238	0.01314	0.01670	0.01605	0.01221	0.01660	0.01046	0.01472	0.00832	0.00542	0.00569	0.00181	0.00722	0.00509	0.00268	0.00767
33	0.00912	0.00651	0.00910	0.01037	0.01166	0.00649	0.00900	0.01170	0.01316	0.01717	0.04707	0.08823	0.03356	0.01578	0.00785	0.00260	0.00514	0.68494	0.00529	0.00525
34	0.02137	0.02726	0.01621	0.01474	0.01768	0.77602	0.01105	0.02284	0.01621	0.01400	0.00884	0.01031	0.00737	0.00589	0.00516	0.00147	0.01031	0.00368	0.00295	0.00663
35	0.00697	0.00498	0.00664	0.00796	0.00830	0.00465	0.00531	0.00796	0.01095	0.01460	0.03153	0.79525	0.03783	0.01792	0.00730	0.00232	0.00332	0.01626	0.00531	0.00465
36	0.01423	0.01229	0.01293	0.01164	0.01487	0.01423	0.00905	0.03039	0.75297	0.02393	0.02328	0.02134	0.01746	0.00776	0.00582	0.00194	0.00453	0.00647	0.00582	0.00905
37	0.06185	0.00979	0.01306	0.01006	0.01444	0.00860	0.00831	0.02738	0.01608	0.73428	0.02192	0.01902	0.01380	0.00700	0.00565	0.00177	0.00485	0.00563	0.00692	0.00958
38	0.00852	0.00633	0.00799	0.00749	0.00900	0.00605	0.00564	0.01219	0.07170	0.02278	0.68281	0.04150	0.07321	0.01148	0.00668	0.00181	0.00284	0.01011	0.00623	0.00566
39	0.01371	0.01262	0.01723	0.16398	0.27010	0.02884	0.01321	0.02300	0.35216	0.02024	0.01635	0.01758	0.01261	0.00645	0.00574	0.00184	0.00598	0.00569	0.00415	0.00850
40	0.03452	0.16163	0.60305	0.01541	0.04106	0.01489	0.01869	0.01790	0.01196	0.01753	0.00982	0.01155	0.00728	0.00533	0.00509	0.00171	0.00790	0.00402	0.00246	0.00822
41	0.01408	0.01666	0.30576	0.06212	0.03868	0.01018	0.01332	0.01862	0.04510	0.18902	0.16885	0.02099	0.01911	0.00785	0.00657	0.03880	0.00603	0.00605	0.00445	0.00775
42	0.11482	0.12892	0.03225	0.03328	0.01694	0.24740	0.01033	0.23393	0.01777	0.09600	0.01147	0.01211	0.00860	0.00608	0.00501	0.00159	0.00722	0.00421	0.00415	0.00793
43	0.01268	0.08819	0.66371	0.01541	0.02333	0.01370	0.01944	0.01866	0.01232	0.06567	0.01087	0.01232	0.00770	0.00550	0.00532	0.00176	0.00804	0.00423	0.00272	0.00845
44	0.00817	0.00589	0.00775	0.00741	0.00876	0.00547	0.00564	0.01086	0.01600	0.02257	0.71359	0.04412	0.05262	0.01196	0.00682	0.00185	0.00286	0.05604	0.00623	0.00539
45	0.00917	0.00655	0.00915	0.01039	0.01170	0.00653	0.00905	0.01180	0.01330	0.01738	0.06275	0.06355	0.03385	0.01562	0.00785	0.00260	0.00515	0.69303	0.00531	0.00527
46	0.01294	0.10442	0.43082	0.03583	0.09133	0.01458	0.01678	0.04008	0.16110	0.01925	0.01277	0.01395	0.00955	0.00586	0.00536	0.00177	0.00719	0.00468	0.00323	0.00850
47	0.01080	0.01017	0.01716	0.78523	0.03940	0.01271	0.01589	0.01461	0.01144	0.01461	0.01017	0.01525	0.00762	0.00572	0.00572	0.00191	0.00762	0.00508	0.00254	0.00635
48	0.01251	0.01251	0.01752	0.01502	0.01502	0.01752	0.01251	0.01377	0.00876	0.01377	0.00751	0.01251	0.00751	0.01001	0.01877	0.00250	0.78851	0.00501	0.00250	0.00626
49	0.00754	0.00583	0.00688	0.00661	0.00820	0.00516	0.00496	0.00972	0.01488	0.01983	0.46829	0.04785	0.34790	0.01285	0.00675	0.00185	0.00278	0.01106	0.00589	0.00516
50	0.03456	0.06238	0.57145	0.01454	0.02186	0.01273	0.01773	0.01948	0.01281	0.14262	0.02972	0.01381	0.00947	0.00583	0.00539	0.00177	0.00751	0.00454	0.00331	0.00848
51	0.01529	0.80242	0.02997	0.00979	0.01468	0.02263	0.00979	0.01713	0.01162	0.01346	0.00795	0.00918	0.00734	0.00489	0.00367	0.00122	0.00612	0.00306	0.00245	0.00734
52	0.02174	0.01602	0.01717	0.01316	0.01774	0.01774	0.01087	0.74423	0.02689	0.03605	0.01373	0.01373	0.00973	0.00687	0.00572	0.00172	0.00629	0.00515	0.00572	0.00973
53	0.00697	0.00498	0.00664	0.00796	0.00830	0.00465	0.00531	0.00796	0.01095	0.01460	0.03153	0.79525	0.03783	0.01792	0.00730	0.00232	0.00332	0.01626	0.00531	0.00465
54	0.02461	0.01143	0.01432	0.01098	0.01545	0.01092	0.00907	0.22112	0.01921	0.57001	0.02018	0.01792	0.01296	0.00702	0.00574	0.00176	0.00525	0.00559	0.00671	0.00973
55	0.00718	0.00580	0.00643	0.00663	0.00828	0.00505	0.00504	0.00886	0.01325	0.01646	0.13897	0.12150	0.53708	0.01458	0.00692	0.00202	0.00314	0.08242	0.00543	0.00493
56	0.00691	0.00535	0.00631	0.00703	0.00806	0.00474	0.00490	0.00814	0.01197	0.01518	0.06224	0.46171	0.34442	0.01630	0.00706	0.00214	0.00312	0.01433	0.00534	0.00474
57	0.01242	0.07680	0.05256	0.02985	0.01506	0.00973	0.00817	0.03483	0.03100	0.01868	0.01042	0.01203	0.00855	0.00455	0.00437	0.00101	0.00476	0.00357	0.00336	0.65826
58	0.01172	0.00968	0.01132	0.00829	0.01299	0.00737	0.00660	0.01419	0.01224	0.03772	0.04690	0.01619	0.05877	0.00530	0.00455	0.00098	0.00410	0.00431	0.00374	0.72305
59	0.00693	0.00561	0.00619	0.00661	0.00808	0.00486	0.00484	0.00832	0.01247	0.01530	0.04940	0.25804	0.52842	0.01549	0.00696	0.00207	0.00313	0.04717	0.00531	0.00480
60	0.01266	0.01620	0.17900	0.32042	0.08881	0.05101	0.10849	0.05594	0.03124	0.01775	0.01230	0.01549	0.02658	0.00586	0.00573	0.00182	0.00770	0.00526	0.03036	0.00738
61	0.06857	0.13943	0.07144	0.17453	0.04019	0.16502	0.01204	0.08667	0.13754	0.03364	0.01220	0.01366	0.00941	0.00603	0.00515	0.00168	0.00706	0.00455	0.00360	0.00760
62	0.02010	0.01267	0.01453	0.04575	0.01635	0.01351	0.00956	0.43902	0.02142	0.18787	0.01658	0.04037	0.01210	0.00804	0.02393	0.00189	0.00577	0.00566	0.09605	0.00883

[dist]
# distance from previous block
# <min> <max>
5	18

[block]
# block no. 2 follows, 41 sequences, length 25
# corresponding to MSA columns:
# 214-238
name=unknown_C
#
# <colnr> <probs for GDERKNQSTAVLIFYWHMCP>
#	G	D	E	R	K	N	Q	S	T	A	V	L	I	F	Y	W	H	M	C	P
0	0.07764	0.35043	0.26637	0.01241	0.01814	0.07083	0.01336	0.07664	0.03480	0.01806	0.00968	0.01093	0.00771	0.00541	0.00457	0.00153	0.00701	0.00375	0.00292	0.00781
1	0.17139	0.05784	0.03311	0.01610	0.12272	0.32661	0.02854	0.07315	0.04053	0.01896	0.00979	0.01154	0.00796	0.00597	0.00576	0.00166	0.05368	0.00411	0.00328	0.00729
2	0.00710	0.00542	0.00654	0.00720	0.00824	0.00486	0.00511	0.00850	0.01236	0.01595	0.12519	0.42382	0.29397	0.01592	0.00707	0.00213	0.00316	0.03722	0.00542	0.00482
3	0.01805	0.01775	0.01838	0.14065	0.20440	0.23497	0.01336	0.24227	0.01796	0.02203	0.01103	0.01309	0.00855	0.00597	0.00554	0.00167	0.00779	0.00470	0.00371	0.00814
4	0.00717	0.00517	0.00673	0.00769	0.00824	0.00480	0.00522	0.00841	0.01176	0.01578	0.14173	0.62226	0.07537	0.04116	0.00787	0.00233	0.00327	0.01492	0.00540	0.00473
5	0.00773	0.00583	0.00713	0.00681	0.00832	0.00524	0.00511	0.01008	0.01532	0.02086	0.56573	0.04614	0.24982	0.01247	0.00675	0.00184	0.00275	0.01082	0.00602	0.00524
6	0.01529	0.80242	0.02997	0.00979	0.01468	0.02263	0.00979	0.01713	0.01162	0.01346	0.00795	0.00918	0.00734	0.00489	0.00367	0.00122	0.00612	0.00306	0.00245	0.00734
7	0.00802	0.00584	0.00755	0.00712	0.00850	0.00537	0.00534	0.01065	0.01602	0.02253	0.72224	0.04339	0.09227	0.01184	0.00675	0.00181	0.00271	0.01044	0.00624	0.00537
8	0.83938	0.01106	0.00841	0.00752	0.01106	0.01283	0.00619	0.01681	0.00973	0.02566	0.00796	0.00929	0.00619	0.00531	0.00354	0.00177	0.00442	0.00310	0.00354	0.00619
9	0.01981	0.01506	0.01608	0.01277	0.01700	0.01683	0.01040	0.56031	0.21396	0.03293	0.01619	0.01569	0.01172	0.00710	0.00575	0.00177	0.00584	0.00549	0.00575	0.00955
10	0.83938	0.01106	0.00841	0.00752	0.01106	0.01283	0.00619	0.01681	0.00973	0.02566	0.00796	0.00929	0.00619	0.00531	0.00354	0.00177	0.00442	0.00310	0.00354	0.00619
11	0.02399	0.00979	0.01310	0.00997	0.01447	0.00831	0.00821	0.02624	0.01582	0.67651	0.02106	0.01855	0.01347	0.00673	0.00557	0.00166	0.00479	0.00547	0.00663	0.10965
12	0.83938	0.01106	0.00841	0.00752	0.01106	0.01283	0.00619	0.01681	0.00973	0.02566	0.00796	0.00929	0.00619	0.00531	0.00354	0.00177	0.00442	0.00310	0.00354	0.00619
13	0.00697	0.00498	0.00664	0.00796	0.00830	0.00465	0.00531	0.00796	0.01095	0.01460	0.03153	0.79525	0.03783	0.01792	0.00730	0.00232	0.00332	0.01626	0.00531	0.00465
14	0.01186	0.01017	0.01186	0.00847	0.01356	0.00762	0.00678	0.01440	0.01186	0.01864	0.01017	0.01186	0.00847	0.00424	0.00424	0.00085	0.00424	0.00339	0.00339	0.83395
15	0.83938	0.01106	0.00841	0.00752	0.01106	0.01283	0.00619	0.01681	0.00973	0.02566	0.00796	0.00929	0.00619	0.00531	0.00354	0.00177	0.00442	0.00310	0.00354	0.00619
16	0.00716	0.00520	0.00675	0.00765	0.00830	0.00480	0.00525	0.00849	0.01206	0.01617	0.16487	0.60048	0.09863	0.01652	0.00716	0.00220	0.00317	0.01486	0.00549	0.00480
17	0.00731	0.00582	0.00656	0.00638	0.00807	0.00506	0.00478	0.00928	0.01435	0.01856	0.34940	0.04993	0.46758	0.01333	0.00675	0.00188	0.00281	0.01135	0.00572	0.00506
18	0.00710	0.00511	0.00666	0.00786	0.00829	0.00477	0.00531	0.00813	0.01101	0.01457	0.03224	0.69327	0.07540	0.05548	0.00835	0.00247	0.00347	0.04067	0.00522	0.00462
19	0.02566	0.00973	0.01327	0.01018	0.01460	0.00841	0.00841	0.02788	0.01637	0.76726	0.02257	0.01947	0.01416	0.00708	0.00575	0.00177	0.00487	0.00575	0.00708	0.00973
20	0.00697	0.00580	0.00608	0.00601	0.00785	0.00492	0.00451	0.00861	0.01353	0.01662	0.16724	0.05313	0.65096	0.01405	0.00676	0.00191	0.00287	0.01180	0.00546	0.00492
21	0.02494	0.00958	0.01304	0.01005	0.01435	0.00828	0.00828	0.02718	0.01636	0.73683	0.05272	0.02042	0.01579	0.00727	0.00579	0.00177	0.00478	0.00594	0.00705	0.00956
22	0.01148	0.00827	0.03370	0.24029	0.01781	0.00863	0.00857	0.06331	0.01284	0.02021	0.01551	0.01870	0.01198	0.00636	0.00468	0.00155	0.00458	0.00521	0.50031	0.00603
23	0.01186	0.01017	0.01186	0.00847	0.01356	0.00762	0.00678	0.01440	0.01186	0.01864	0.01017	0.01186	0.00847	0.00424	0.00424	0.00085	0.00424	0.00339	0.00339	0.83395
24	0.33613	0.19421	0.10826	0.01047	0.01514	0.03485	0.00994	0.15178	0.01413	0.06376	0.01012	0.01100	0.00769	0.00563	0.00436	0.00163	0.00582	0.00376	0.00373	0.00758

[dist]
# distance from previous block
# <min> <max>
0	1

[block]
# block no. 3 follows, 41 sequences, length 36
# corresponding to MSA columns:
# 240-275
name=unknown_D
#
# <colnr> <probs for GDERKNQSTAVLIFYWHMCP>
#	G	D	E	R	K	N	Q	S	T	A	V	L	I	F	Y	W	H	M	C	P
0	0.00994	0.00497	0.00745	0.00745	0.00745	0.00497	0.00497	0.00745	0.00745	0.00994	0.00994	0.01739	0.00994	0.01987	0.02235	0.83358	0.00497	0.00497	0.00248	0.00248
1	0.01414	0.07483	0.08564	0.12296	0.36107	0.05778	0.09189	0.01760	0.01267	0.03796	0.01051	0.01370	0.00849	0.00560	0.00649	0.00177	0.06101	0.00497	0.00284	0.00808
2	0.00791	0.00574	0.00716	0.00693	0.00808	0.00531	0.00497	0.00995	0.01431	0.01976	0.52244	0.08694	0.12917	0.13422	0.01024	0.00242	0.00320	0.01057	0.00569	0.00499
3	0.01422	0.01233	0.01329	0.01246	0.04089	0.01420	0.00935	0.02995	0.72725	0.02375	0.02285	0.02109	0.01717	0.00767	0.00581	0.00193	0.00461	0.00642	0.00572	0.00905
4	0.00697	0.00498	0.00664	0.00796	0.00830	0.00465	0.00531	0.00796	0.01095	0.01460	0.03153	0.79525	0.03783	0.01792	0.00730	0.00232	0.00332	0.01626	0.00531	0.00465
5	0.00731	0.00523	0.00701	0.00817	0.00870	0.00492	0.00573	0.00864	0.01167	0.01564	0.09894	0.64750	0.03880	0.01712	0.00731	0.00231	0.00347	0.09134	0.00540	0.00478
6	0.01166	0.06715	0.73340	0.01599	0.02427	0.01374	0.02058	0.01807	0.01205	0.01789	0.01015	0.01194	0.00725	0.00541	0.00535	0.00178	0.00834	0.00417	0.00242	0.00840
7	0.02127	0.01557	0.01666	0.01283	0.01727	0.01721	0.01058	0.71322	0.02626	0.03542	0.01394	0.01405	0.00994	0.00686	0.00565	0.00170	0.00614	0.00516	0.04072	0.00954
8	0.00865	0.00624	0.00852	0.00971	0.01090	0.00611	0.00814	0.01094	0.01287	0.01675	0.05262	0.18601	0.08080	0.01596	0.00769	0.00251	0.00472	0.54041	0.00531	0.00514
9	0.01857	0.02230	0.01794	0.11983	0.07402	0.51853	0.05463	0.03993	0.01511	0.01524	0.00938	0.01174	0.00767	0.00598	0.00604	0.00163	0.04739	0.00425	0.00293	0.00689
10	0.01416	0.01359	0.02322	0.03511	0.76330	0.01359	0.01755	0.01755	0.01302	0.01869	0.01076	0.01416	0.00906	0.00510	0.00566	0.00170	0.00680	0.00510	0.00283	0.00906
11	0.01080	0.01017	0.01716	0.78523	0.03940	0.01271	0.01589	0.01461	0.01144	0.01461	0.01017	0.01525	0.00762	0.00572	0.00572	0.00191	0.00762	0.00508	0.00254	0.00635
12	0.01066	0.00533	0.00533	0.00533	0.00666	0.00533	0.00400	0.01333	0.01200	0.02132	0.01866	0.02132	0.01466	0.00666	0.00400	0.00133	0.00267	0.00533	0.83073	0.00533
13	0.01077	0.05445	0.01045	0.00884	0.01084	0.03537	0.00675	0.09093	0.10985	0.02060	0.24930	0.22438	0.12118	0.01198	0.00643	0.00191	0.00396	0.01034	0.00547	0.00622
14	0.00832	0.00555	0.00624	0.00624	0.00624	0.00555	0.00347	0.00832	0.00832	0.01109	0.01802	0.03743	0.02080	0.79898	0.02911	0.00555	0.00555	0.00832	0.00347	0.00347
15	0.00697	0.00498	0.00664	0.00796	0.00830	0.00465	0.00531	0.00796	0.01095	0.01460	0.03153	0.79525	0.03783	0.01792	0.00730	0.00232	0.00332	0.01626	0.00531	0.00465
16	0.01159	0.02891	0.73769	0.01710	0.05609	0.01330	0.02098	0.01809	0.01212	0.01814	0.01029	0.01216	0.00732	0.00542	0.00544	0.00181	0.00838	0.00426	0.00243	0.00848
17	0.01285	0.01310	0.01743	0.05965	0.01656	0.05450	0.01264	0.01426	0.00928	0.01383	0.00773	0.01256	0.00751	0.00956	0.01735	0.00242	0.70502	0.00495	0.00253	0.00628
18	0.01957	0.00839	0.01128	0.00911	0.01249	0.00735	0.00734	0.02191	0.01621	0.51065	0.25567	0.02785	0.04902	0.00875	0.00609	0.00178	0.00413	0.00739	0.00678	0.00822
19	0.00891	0.00606	0.00769	0.00716	0.00877	0.00549	0.00541	0.01140	0.01573	0.06496	0.61240	0.04322	0.15748	0.01184	0.00669	0.00182	0.00285	0.01034	0.00619	0.00556
20	0.14488	0.03797	0.20217	0.05072	0.01926	0.17284	0.01283	0.21244	0.03351	0.04546	0.01114	0.01224	0.00823	0.00600	0.00515	0.00170	0.00735	0.00430	0.00380	0.00799
21	0.01074	0.00747	0.01140	0.01014	0.01190	0.00725	0.08445	0.01290	0.01358	0.11148	0.28050	0.30302	0.03544	0.01250	0.00760	0.00204	0.05502	0.01115	0.00543	0.00597
22	0.01306	0.00932	0.01050	0.00962	0.01235	0.00969	0.00763	0.05537	0.29324	0.11530	0.05273	0.05685	0.21748	0.01083	0.00639	0.00200	0.00424	0.10029	0.00577	0.00735
23	0.76007	0.01245	0.06146	0.00857	0.01251	0.01291	0.02713	0.01694	0.01000	0.02495	0.00822	0.00965	0.00633	0.00531	0.00376	0.00178	0.00484	0.00327	0.00344	0.00639
24	0.00819	0.00589	0.00752	0.00829	0.00903	0.00570	0.00574	0.06380	0.01263	0.01698	0.09631	0.66797	0.03717	0.01652	0.00713	0.00223	0.00349	0.01489	0.00543	0.00510
25	0.01900	0.01447	0.01603	0.01278	0.01682	0.01600	0.02985	0.53583	0.16073	0.03169	0.01680	0.07432	0.01327	0.00781	0.00589	0.00181	0.00583	0.00628	0.00563	0.00916
26	0.02137	0.02726	0.01621	0.01474	0.01768	0.77602	0.01105	0.02284	0.01621	0.01400	0.00884	0.01031	0.00737	0.00589	0.00516	0.00147	0.01031	0.00368	0.00295	0.00663
27	0.00805	0.00585	0.00758	0.00715	0.00852	0.00538	0.00536	0.01071	0.01608	0.02268	0.73657	0.04314	0.07784	0.01179	0.00675	0.00180	0.00271	0.01040	0.00626	0.00538
28	0.01341	0.09737	0.12190	0.11876	0.14829	0.03418	0.33071	0.01796	0.02924	0.01740	0.01091	0.01413	0.00845	0.00516	0.00590	0.00179	0.00831	0.00549	0.00280	0.00782
29	0.00765	0.00583	0.00702	0.00672	0.00827	0.00521	0.00504	0.00992	0.01513	0.02042	0.52395	0.04687	0.29188	0.01263	0.00675	0.00184	0.00277	0.01093	0.00597	0.00521
30	0.00841	0.00684	0.02473	0.00985	0.07304	0.00609	0.00670	0.01087	0.01470	0.02055	0.51085	0.18439	0.07647	0.01231	0.00673	0.00190	0.00330	0.01098	0.00569	0.00560
31	0.01126	0.00983	0.01435	0.56686	0.03073	0.04655	0.01288	0.01470	0.01179	0.01616	0.01209	0.01644	0.00926	0.00595	0.00529	0.00175	0.00659	0.00508	0.19633	0.00613
32	0.40150	0.15545	0.15199	0.01028	0.01508	0.03532	0.01015	0.06040	0.01225	0.08730	0.01002	0.01095	0.00752	0.00552	0.00427	0.00167	0.00577	0.00366	0.00356	0.00734
33	0.01080	0.01017	0.01716	0.78523	0.03940	0.01271	0.01589	0.01461	0.01144	0.01461	0.01017	0.01525	0.00762	0.00572	0.00572	0.00191	0.00762	0.00508	0.00254	0.00635
34	0.02484	0.00955	0.01301	0.01004	0.01432	0.00827	0.00827	0.02708	0.01636	0.73258	0.05694	0.02055	0.01601	0.00729	0.00580	0.00177	0.00477	0.00597	0.00704	0.00953
35	0.01147	0.02959	0.76934	0.01630	0.02476	0.01328	0.02113	0.01811	0.01208	0.01811	0.01026	0.01208	0.00725	0.00543	0.00543	0.00181	0.00845	0.00423	0.00242	0.00845

[dist]
# distance from previous block
# <min> <max>
0	41

[block]
# block no. 4 follows, 41 sequences, length 68
# corresponding to MSA columns:
# 317-384
name=unknown_E
#
# <colnr> <probs for GDERKNQSTAVLIFYWHMCP>
#	G	D	E	R	K	N	Q	S	T	A	V	L	I	F	Y	W	H	M	C	P
0	0.01862	0.13855	0.01927	0.01676	0.14498	0.31677	0.01166	0.18151	0.03552	0.01993	0.01216	0.01337	0.03420	0.00616	0.00522	0.00156	0.00778	0.00451	0.00362	0.00784
1	0.00953	0.00579	0.00746	0.00768	0.00883	0.00536	0.00552	0.01127	0.01300	0.09148	0.22464	0.38721	0.05616	0.03870	0.00739	0.00214	0.00335	0.02811	0.08098	0.00539
2	0.83938	0.01106	0.00841	0.00752	0.01106	0.01283	0.00619	0.01681	0.00973	0.02566	0.00796	0.00929	0.00619	0.00531	0.00354	0.00177	0.00442	0.00310	0.00354	0.00619
3	0.01350	0.01496	0.02955	0.06132	0.08618	0.03482	0.53633	0.01761	0.01283	0.01747	0.01085	0.01481	0.00847	0.00558	0.00811	0.00197	0.10905	0.00623	0.00282	0.00754
4	0.01792	0.36517	0.02235	0.01265	0.04152	0.22952	0.01046	0.15598	0.03937	0.01864	0.03086	0.01184	0.00948	0.00583	0.00469	0.00144	0.00719	0.00401	0.00343	0.00765
5	0.01082	0.04440	0.01201	0.00972	0.01198	0.00902	0.05205	0.11189	0.01474	0.02016	0.21304	0.21265	0.08999	0.03769	0.00772	0.00198	0.04357	0.00967	0.00496	0.08193
6	0.04405	0.22514	0.10359	0.01039	0.01429	0.03336	0.00980	0.14710	0.05494	0.02106	0.01490	0.03615	0.01280	0.00716	0.00493	0.00162	0.00552	0.07037	0.17555	0.00726
7	0.00846	0.00604	0.00755	0.00747	0.00772	0.00653	0.00488	0.00904	0.00865	0.01188	0.01736	0.06272	0.01924	0.54981	0.20089	0.00610	0.05026	0.00795	0.00339	0.00404
8	0.01080	0.01017	0.01716	0.78523	0.03940	0.01271	0.01589	0.01461	0.01144	0.01461	0.01017	0.01525	0.00762	0.00572	0.00572	0.00191	0.00762	0.00508	0.00254	0.00635
9	0.01147	0.02959	0.76934	0.01630	0.02476	0.01328	0.02113	0.01811	0.01208	0.01811	0.01026	0.01208	0.00725	0.00543	0.00543	0.00181	0.00845	0.00423	0.00242	0.00845
10	0.03226	0.01213	0.01789	0.06369	0.20048	0.02911	0.09280	0.14089	0.01598	0.12934	0.08963	0.04411	0.01673	0.00767	0.00642	0.00186	0.02685	0.05961	0.00453	0.00800
11	0.00828	0.00568	0.00691	0.00691	0.00714	0.00591	0.00430	0.00875	0.00852	0.01159	0.01741	0.03404	0.01932	0.62745	0.19863	0.00637	0.00776	0.00782	0.00337	0.00384
12	0.01529	0.80242	0.02997	0.00979	0.01468	0.02263	0.00979	0.01713	0.01162	0.01346	0.00795	0.00918	0.00734	0.00489	0.00367	0.00122	0.00612	0.00306	0.00245	0.00734
13	0.00774	0.00583	0.00716	0.00682	0.00833	0.00525	0.00512	0.01011	0.01536	0.02096	0.57432	0.04599	0.24117	0.01243	0.00675	0.00183	0.00275	0.01080	0.00604	0.00525
14	0.02438	0.00945	0.01286	0.00996	0.01416	0.00819	0.00819	0.02662	0.01636	0.71269	0.07665	0.02117	0.01708	0.00742	0.00582	0.00177	0.00471	0.00609	0.00702	0.00942
15	0.01025	0.00635	0.00821	0.00745	0.00925	0.00573	0.00569	0.01277	0.01593	0.11862	0.60071	0.04084	0.11330	0.01135	0.00662	0.00181	0.00300	0.00991	0.00631	0.00591
16	0.02566	0.00973	0.01327	0.01018	0.01460	0.00841	0.00841	0.02788	0.01637	0.76726	0.02257	0.01947	0.01416	0.00708	0.00575	0.00177	0.00487	0.00575	0.00708	0.00973
17	0.01080	0.01017	0.01716	0.78523	0.03940	0.01271	0.01589	0.01461	0.01144	0.01461	0.01017	0.01525	0.00762	0.00572	0.00572	0.00191	0.00762	0.00508	0.00254	0.00635
18	0.02566	0.00973	0.01327	0.01018	0.01460	0.00841	0.00841	0.02788	0.01637	0.76726	0.02257	0.01947	0.01416	0.00708	0.00575	0.00177	0.00487	0.00575	0.00708	0.00973
19	0.00810	0.00585	0.00765	0.00720	0.00855	0.00540	0.00540	0.01079	0.01619	0.02294	0.76028	0.04273	0.05397	0.01169	0.00675	0.00180	0.00270	0.01034	0.00630	0.00540
20	0.02566	0.00973	0.01327	0.01018	0.01460	0.00841	0.00841	0.02788	0.01637	0.76726	0.02257	0.01947	0.01416	0.00708	0.00575	0.00177	0.00487	0.00575	0.00708	0.00973
21	0.01147	0.02959	0.76934	0.01630	0.02476	0.01328	0.02113	0.01811	0.01208	0.01811	0.01026	0.01208	0.00725	0.00543	0.00543	0.00181	0.00845	0.00423	0.00242	0.00845
22	0.00891	0.00642	0.00882	0.01007	0.01125	0.00640	0.00847	0.01157	0.03112	0.01681	0.03035	0.20301	0.03347	0.01601	0.00773	0.00256	0.00488	0.57164	0.00529	0.00524
23	0.01142	0.01080	0.01827	0.64680	0.17299	0.01287	0.01619	0.01516	0.01173	0.01537	0.01028	0.01505	0.00789	0.00560	0.00571	0.00187	0.00747	0.00509	0.00260	0.00685
24	0.00765	0.00601	0.00694	0.00667	0.00835	0.00539	0.00501	0.01016	0.03613	0.01948	0.41207	0.04784	0.38189	0.01288	0.00673	0.00186	0.00284	0.01104	0.00582	0.00524
25	0.00697	0.00498	0.00664	0.00796	0.00830	0.00465	0.00531	0.00796	0.01095	0.01460	0.03153	0.79525	0.03783	0.01792	0.00730	0.00232	0.00332	0.01626	0.00531	0.00465
26	0.02511	0.00980	0.01323	0.01018	0.01453	0.00857	0.00839	0.04622	0.01664	0.72880	0.04145	0.01992	0.01507	0.00719	0.00578	0.00177	0.00485	0.00586	0.00702	0.00962
27	0.01147	0.02959	0.76934	0.01630	0.02476	0.01328	0.02113	0.01811	0.01208	0.01811	0.01026	0.01208	0.00725	0.00543	0.00543	0.00181	0.00845	0.00423	0.00242	0.00845
28	0.00811	0.00607	0.00905	0.00913	0.01011	0.00701	0.00705	0.01009	0.00929	0.01335	0.01620	0.06446	0.01558	0.04154	0.73453	0.00882	0.01467	0.00668	0.00319	0.00508
29	0.01066	0.00533	0.00533	0.00533	0.00666	0.00533	0.00400	0.01333	0.01200	0.02132	0.01866	0.02132	0.01466	0.00666	0.00400	0.00133	0.00267	0.00533	0.83073	0.00533
30	0.00696	0.00503	0.00658	0.00782	0.00826	0.00466	0.00525	0.00798	0.01109	0.01466	0.03325	0.74701	0.08496	0.01770	0.00727	0.00230	0.00329	0.01599	0.00531	0.00466
31	0.01186	0.01017	0.01186	0.00847	0.01356	0.00762	0.00678	0.01440	0.01186	0.01864	0.01017	0.01186	0.00847	0.00424	0.00424	0.00085	0.00424	0.00339	0.00339	0.83395
32	0.00710	0.00506	0.00673	0.00801	0.00837	0.00475	0.00540	0.00813	0.01095	0.01458	0.03101	0.74030	0.03705	0.04454	0.00807	0.00245	0.00347	0.04414	0.00524	0.00463
33	0.00810	0.00585	0.00765	0.00720	0.00855	0.00540	0.00540	0.01079	0.01619	0.02294	0.76028	0.04273	0.05397	0.01169	0.00675	0.00180	0.00270	0.01034	0.00630	0.00540
34	0.01080	0.01003	0.01683	0.76347	0.03848	0.01250	0.01555	0.01458	0.01145	0.01480	0.01040	0.01542	0.00782	0.00575	0.00567	0.00189	0.00749	0.00509	0.02565	0.00633
35	0.00862	0.00657	0.00801	0.00752	0.00916	0.00633	0.00568	0.01269	0.09916	0.02212	0.58925	0.04184	0.13807	0.01160	0.00664	0.00183	0.00293	0.01012	0.00612	0.00574
36	0.81472	0.03475	0.00905	0.00759	0.01117	0.01312	0.00630	0.01682	0.00979	0.02530	0.00796	0.00929	0.00623	0.00530	0.00354	0.00175	0.00448	0.00310	0.00351	0.00623
37	0.83938	0.01106	0.00841	0.00752	0.01106	0.01283	0.00619	0.01681	0.00973	0.02566	0.00796	0.00929	0.00619	0.00531	0.00354	0.00177	0.00442	0.00310	0.00354	0.00619
38	0.00693	0.00511	0.00650	0.00760	0.00820	0.00468	0.00515	0.00801	0.01130	0.01474	0.03595	0.67129	0.15894	0.01734	0.00721	0.00226	0.00325	0.01556	0.00531	0.00468
39	0.00824	0.00551	0.00626	0.00633	0.00635	0.00550	0.00357	0.00830	0.00846	0.01128	0.01876	0.07860	0.02172	0.75655	0.02793	0.00537	0.00542	0.00875	0.00357	0.00353
40	0.00764	0.00578	0.00705	0.00683	0.00829	0.00519	0.00508	0.00987	0.01496	0.02026	0.51212	0.09054	0.25974	0.01288	0.00678	0.00187	0.00279	0.01120	0.00595	0.00519
41	0.02566	0.00973	0.01327	0.01018	0.01460	0.00841	0.00841	0.02788	0.01637	0.76726	0.02257	0.01947	0.01416	0.00708	0.00575	0.00177	0.00487	0.00575	0.00708	0.00973
42	0.02556	0.00990	0.01338	0.01025	0.01468	0.00865	0.00847	0.04647	0.01664	0.74828	0.02234	0.01932	0.01404	0.00707	0.00575	0.00177	0.00490	0.00574	0.00704	0.00973
43	0.01416	0.01359	0.02322	0.03511	0.76330	0.01359	0.01755	0.01755	0.01302	0.01869	0.01076	0.01416	0.00906	0.00510	0.00566	0.00170	0.00680	0.00510	0.00283	0.00906
44	0.83938	0.01106	0.00841	0.00752	0.01106	0.01283	0.00619	0.01681	0.00973	0.02566	0.00796	0.00929	0.00619	0.00531	0.00354	0.00177	0.00442	0.00310	0.00354	0.00619
45	0.01265	0.01234	0.01701	0.01448	0.01491	0.01676	0.01203	0.03494	0.00946	0.01467	0.00801	0.01274	0.00778	0.01034	0.03462	0.00254	0.70581	0.00495	0.00266	0.05130
46	0.01624	0.64275	0.05891	0.01075	0.01551	0.12418	0.01040	0.01824	0.01239	0.03437	0.00857	0.00973	0.00753	0.00511	0.00400	0.00130	0.00675	0.00327	0.00264	0.00736
47	0.01186	0.01017	0.01186	0.00847	0.01356	0.00762	0.00678	0.01440	0.01186	0.01864	0.01017	0.01186	0.00847	0.00424	0.00424	0.00085	0.00424	0.00339	0.00339	0.83395
48	0.01282	0.01676	0.15690	0.02222	0.13018	0.01423	0.36782	0.01704	0.01233	0.01746	0.01137	0.04518	0.00945	0.00632	0.00830	0.00198	0.13293	0.00617	0.00283	0.00768
49	0.01250	0.16861	0.54460	0.01424	0.02132	0.01422	0.01741	0.01778	0.01241	0.04727	0.05141	0.01474	0.01067	0.00598	0.00525	0.00172	0.00750	0.02142	0.00288	0.00806
50	0.01147	0.02959	0.76934	0.01630	0.02476	0.01328	0.02113	0.01811	0.01208	0.01811	0.01026	0.01208	0.00725	0.00543	0.00543	0.00181	0.00845	0.00423	0.00242	0.00845
51	0.00773	0.00583	0.00714	0.00682	0.00832	0.00524	0.00511	0.01009	0.01533	0.02090	0.56951	0.04607	0.24601	0.01245	0.00675	0.00183	0.00275	0.01081	0.00603	0.00524
52	0.01265	0.01447	0.11566	0.22378	0.22447	0.01307	0.16442	0.01718	0.04188	0.03234	0.01250	0.04072	0.01028	0.00619	0.00633	0.00189	0.02781	0.02361	0.00305	0.00771
53	0.04408	0.03955	0.01711	0.09986	0.09843	0.43000	0.01192	0.11639	0.01647	0.05873	0.01053	0.01215	0.00822	0.00594	0.00529	0.00160	0.00855	0.00426	0.00349	0.00744
54	0.04785	0.00993	0.01324	0.01018	0.01458	0.00876	0.00841	0.04535	0.01645	0.72881	0.02195	0.01905	0.01383	0.00703	0.00569	0.00177	0.00489	0.00566	0.00695	0.00964
55	0.08594	0.05570	0.43406	0.02078	0.24136	0.01382	0.01809	0.01770	0.01206	0.01867	0.01005	0.01233	0.00770	0.00540	0.00554	0.00176	0.02373	0.00435	0.00264	0.00834
56	0.04297	0.01356	0.01771	0.29657	0.20555	0.08317	0.01389	0.12131	0.07451	0.05743	0.01230	0.01482	0.00932	0.00597	0.00559	0.00178	0.00699	0.00505	0.00362	0.00789
57	0.02535	0.01023	0.01358	0.01041	0.01485	0.00915	0.00860	0.08479	0.01721	0.70917	0.02186	0.01901	0.01381	0.00706	0.00575	0.00177	0.00498	0.00570	0.00697	0.00973
58	0.00740	0.00598	0.00660	0.00642	0.00818	0.00526	0.00482	0.00965	0.03272	0.01821	0.29601	0.05001	0.50175	0.01337	0.00673	0.00189	0.00287	0.01134	0.00566	0.00513
59	0.03394	0.05739	0.05474	0.15366	0.09013	0.03884	0.31431	0.03676	0.01260	0.01728	0.01044	0.01422	0.00829	0.00659	0.02365	0.00206	0.10938	0.00555	0.00283	0.00734
60	0.00929	0.00745	0.01071	0.01383	0.16015	0.00730	0.00846	0.03048	0.03099	0.01678	0.04426	0.44847	0.06780	0.01421	0.00693	0.00218	0.00434	0.10563	0.00485	0.00588
61	0.00809	0.00578	0.00791	0.00916	0.01001	0.00560	0.00718	0.00994	0.01223	0.01615	0.06078	0.41496	0.03614	0.01665	0.00756	0.00245	0.00422	0.35488	0.00533	0.00497
62	0.83938	0.01106	0.00841	0.00752	0.01106	0.01283	0.00619	0.01681	0.00973	0.02566	0.00796	0.00929	0.00619	0.00531	0.00354	0.00177	0.00442	0.00310	0.00354	0.00619
63	0.12713	0.01003	0.01275	0.00991	0.01422	0.00915	0.00818	0.04110	0.01576	0.65980	0.02056	0.01808	0.01307	0.00685	0.00548	0.00177	0.00484	0.00541	0.00661	0.00929
64	0.02174	0.01602	0.01717	0.01316	0.01774	0.01774	0.01087	0.74423	0.02689	0.03605	0.01373	0.01373	0.00973	0.00687	0.00572	0.00172	0.00629	0.00515	0.00572	0.00973
65	0.00744	0.00561	0.00696	0.00761	0.00873	0.00513	0.00566	0.00909	0.01273	0.01655	0.15212	0.34335	0.25327	0.01560	0.00715	0.00218	0.00341	0.12704	0.00546	0.00492
66	0.00755	0.00555	0.00718	0.02632	0.00931	0.00530	0.00567	0.03332	0.01168	0.01541	0.03262	0.68839	0.09645	0.01697	0.00716	0.00226	0.00349	0.01527	0.00526	0.00488
67	0.01310	0.05808	0.21158	0.02052	0.02659	0.01467	0.46669	0.01872	0.05308	0.01819	0.01158	0.01453	0.00870	0.00530	0.00660	0.00188	0.03351	0.00588	0.00290	0.00790

[dist]
# distance from previous block
# <min> <max>
0	38

[block]
# block no. 5 follows, 41 sequences, length 40
# corresponding to MSA columns:
# 423-462
name=unknown_F
#
# <colnr> <probs for GDERKNQSTAVLIFYWHMCP>
#	G	D	E	R	K	N	Q	S	T	A	V	L	I	F	Y	W	H	M	C	P
0	0.00861	0.00671	0.00836	0.00838	0.00979	0.00648	0.02545	0.05367	0.06442	0.01784	0.12625	0.41600	0.19690	0.01467	0.00690	0.00210	0.00358	0.01300	0.00543	0.00547
1	0.01210	0.00763	0.00889	0.10804	0.01269	0.00832	0.00673	0.11417	0.01374	0.02178	0.01684	0.03696	0.01360	0.03439	0.00580	0.00166	0.02499	0.00561	0.54005	0.00602
2	0.01629	0.04724	0.01493	0.01198	0.04399	0.07037	0.03149	0.28855	0.06904	0.02488	0.01427	0.03641	0.01153	0.03694	0.00609	0.00166	0.00565	0.00523	0.11313	0.15034
3	0.00810	0.00585	0.00765	0.00720	0.00855	0.00540	0.00540	0.01079	0.01619	0.02294	0.76028	0.04273	0.05397	0.01169	0.00675	0.00180	0.00270	0.01034	0.00630	0.00540
4	0.01267	0.20251	0.55987	0.01504	0.02246	0.03656	0.04055	0.01803	0.01213	0.01696	0.00975	0.01148	0.00731	0.00531	0.00507	0.00167	0.00802	0.00403	0.00245	0.00813
5	0.02174	0.01602	0.01717	0.01316	0.01774	0.01774	0.01087	0.74423	0.02689	0.03605	0.01373	0.01373	0.00973	0.00687	0.00572	0.00172	0.00629	0.00515	0.00572	0.00973
6	0.01215	0.01270	0.04759	0.01594	0.03820	0.01540	0.09072	0.01425	0.01019	0.01516	0.02823	0.01941	0.01161	0.00982	0.01508	0.00239	0.54550	0.08626	0.00295	0.00645
7	0.22472	0.01479	0.01499	0.01176	0.01608	0.01652	0.00971	0.56365	0.02263	0.03347	0.01230	0.01263	0.00885	0.00648	0.00518	0.00173	0.00583	0.00464	0.00518	0.00885
8	0.01206	0.01050	0.01310	0.02903	0.08811	0.00833	0.00805	0.01472	0.01197	0.01855	0.01022	0.01217	0.00851	0.00436	0.00441	0.00096	0.00457	0.00360	0.00331	0.73347
9	0.01060	0.00970	0.01284	0.01241	0.04366	0.04796	0.00939	0.01220	0.00954	0.01361	0.01280	0.04914	0.01266	0.08166	0.34655	0.00554	0.29504	0.00611	0.00296	0.00563
10	0.83938	0.01106	0.00841	0.00752	0.01106	0.01283	0.00619	0.01681	0.00973	0.02566	0.00796	0.00929	0.00619	0.00531	0.00354	0.00177	0.00442	0.00310	0.00354	0.00619
11	0.01336	0.01512	0.03259	0.05703	0.02991	0.01447	0.69129	0.01804	0.01328	0.01804	0.01140	0.01534	0.00860	0.00500	0.00703	0.00194	0.03044	0.00663	0.00287	0.00762
12	0.01080	0.01017	0.01716	0.78523	0.03940	0.01271	0.01589	0.01461	0.01144	0.01461	0.01017	0.01525	0.00762	0.00572	0.00572	0.00191	0.00762	0.00508	0.00254	0.00635
13	0.01445	0.01240	0.01306	0.01169	0.01496	0.01433	0.00911	0.05182	0.73117	0.02429	0.02299	0.02111	0.01723	0.00773	0.00582	0.00193	0.00458	0.00643	0.00582	0.00907
14	0.02423	0.01005	0.01323	0.01036	0.01464	0.00913	0.00849	0.02819	0.10850	0.67429	0.02266	0.01970	0.01457	0.00716	0.00576	0.00179	0.00482	0.00584	0.00692	0.00965
15	0.00739	0.00582	0.00667	0.00646	0.00811	0.00510	0.00484	0.00943	0.01453	0.01899	0.39028	0.04922	0.42643	0.01316	0.00675	0.00187	0.00280	0.01125	0.00578	0.00510
16	0.00726	0.00579	0.00651	0.00638	0.00805	0.00503	0.00477	0.00916	0.01414	0.01821	0.31806	0.07330	0.47601	0.01355	0.00677	0.00189	0.00284	0.01156	0.00568	0.00503
17	0.01078	0.00588	0.00635	0.00618	0.00760	0.00609	0.00471	0.04318	0.01223	0.02084	0.01800	0.02117	0.01441	0.01159	0.10893	0.00242	0.00453	0.00543	0.68418	0.00548
18	0.00856	0.00632	0.00834	0.07262	0.01142	0.00639	0.00649	0.05659	0.01241	0.01664	0.10691	0.50372	0.03349	0.09049	0.00912	0.00251	0.00407	0.03377	0.00504	0.00510
19	0.01416	0.01359	0.02322	0.03511	0.76330	0.01359	0.01755	0.01755	0.01302	0.01869	0.01076	0.01416	0.00906	0.00510	0.00566	0.00170	0.00680	0.00510	0.00283	0.00906
20	0.10078	0.45074	0.15311	0.01140	0.01640	0.08590	0.01156	0.03504	0.03785	0.01647	0.00908	0.01041	0.00762	0.00541	0.00463	0.00148	0.02835	0.00354	0.00279	0.00744
21	0.01244	0.01139	0.01768	0.44214	0.13425	0.01387	0.01467	0.07528	0.01241	0.01691	0.01033	0.01474	0.00826	0.00735	0.02515	0.00212	0.15056	0.00510	0.01839	0.00695
22	0.03709	0.01073	0.01262	0.02746	0.01450	0.00955	0.00781	0.10331	0.02955	0.12050	0.01491	0.01563	0.04956	0.00583	0.00534	0.00127	0.03369	0.00453	0.00426	0.49186
23	0.01423	0.01229	0.01293	0.01164	0.01487	0.01423	0.00905	0.03039	0.75297	0.02393	0.02328	0.02134	0.01746	0.00776	0.00582	0.00194	0.00453	0.00647	0.00582	0.00905
24	0.01186	0.01017	0.01186	0.00847	0.01356	0.00762	0.00678	0.01440	0.01186	0.01864	0.01017	0.01186	0.00847	0.00424	0.00424	0.00085	0.00424	0.00339	0.00339	0.83395
25	0.01265	0.01166	0.01915	0.37767	0.26911	0.03345	0.06088	0.01606	0.01241	0.04555	0.01266	0.06633	0.01084	0.00650	0.00590	0.00186	0.00713	0.01977	0.00308	0.00732
26	0.01392	0.01335	0.02280	0.08702	0.71320	0.01353	0.01744	0.01735	0.01291	0.01840	0.01072	0.01423	0.00896	0.00514	0.00567	0.00171	0.00685	0.00510	0.00281	0.00887
27	0.00818	0.00610	0.00907	0.00907	0.01005	0.00708	0.00699	0.01013	0.00916	0.01319	0.01543	0.02310	0.01457	0.07473	0.74486	0.00904	0.01491	0.00622	0.00308	0.00504
28	0.01186	0.01017	0.01186	0.00847	0.01356	0.00762	0.00678	0.01440	0.01186	0.01864	0.01017	0.01186	0.00847	0.00424	0.00424	0.00085	0.00424	0.00339	0.00339	0.83395
29	0.01080	0.01017	0.01716	0.78523	0.03940	0.01271	0.01589	0.01461	0.01144	0.01461	0.01017	0.01525	0.00762	0.00572	0.00572	0.00191	0.00762	0.00508	0.00254	0.00635
30	0.06566	0.39839	0.10650	0.04215	0.01735	0.01754	0.06942	0.01683	0.03135	0.03020	0.01080	0.06189	0.00978	0.00643	0.00592	0.00162	0.07869	0.00475	0.00294	0.02178
31	0.01387	0.01010	0.01207	0.00872	0.01371	0.00774	0.00701	0.01636	0.01252	0.12736	0.01197	0.01297	0.00930	0.00465	0.00446	0.00098	0.00433	0.00373	0.00392	0.71425
32	0.76108	0.04891	0.04601	0.00805	0.01189	0.01331	0.00708	0.01689	0.00994	0.02473	0.00807	0.00942	0.00630	0.00530	0.00364	0.00175	0.00470	0.00315	0.00343	0.00636
33	0.01314	0.01118	0.01285	0.01313	0.08244	0.01243	0.00935	0.05431	0.49722	0.02221	0.02502	0.08433	0.06465	0.00927	0.00613	0.00199	0.00467	0.06205	0.00543	0.00820
34	0.01167	0.01101	0.04874	0.03881	0.04748	0.00821	0.00821	0.01443	0.01186	0.01828	0.01119	0.04868	0.00978	0.00503	0.00455	0.00104	0.00463	0.00417	0.00338	0.68886
35	0.01993	0.01228	0.02785	0.01213	0.05082	0.04134	0.00945	0.22802	0.07177	0.30201	0.07467	0.01922	0.01557	0.00890	0.04170	0.00208	0.00585	0.00584	0.04180	0.00877
