[name]
unknown

[dist]
# distance from previous block
# <min> <max>
6	79

[block]
# block no. 0 follows, 44 sequences, length 14
# corresponding to MSA columns:
# 88-101
name=unknown_A
#
# <colnr> <probs for GDERKNQSTAVLIFYWHMCP>
#	G	D	E	R	K	N	Q	S	T	A	V	L	I	F	Y	W	H	M	C	P
0	0.03883	0.13486	0.03395	0.02848	0.04770	0.05878	0.08996	0.02242	0.01101	0.01471	0.05227	0.17347	0.01677	0.04037	0.03461	0.13010	0.02487	0.01680	0.02460	0.00546
1	0.01239	0.16716	0.18247	0.03663	0.02994	0.03500	0.01061	0.09023	0.01268	0.04765	0.01600	0.08499	0.06659	0.06098	0.06611	0.00235	0.00653	0.00585	0.00345	0.06240
2	0.07065	0.23391	0.09912	0.00996	0.01339	0.10349	0.03056	0.01460	0.01142	0.03430	0.01548	0.15035	0.04791	0.05576	0.02317	0.00193	0.00589	0.00626	0.02552	0.04632
3	0.14901	0.22728	0.04255	0.18861	0.09078	0.01404	0.01054	0.03566	0.01136	0.04800	0.04308	0.01466	0.01028	0.06676	0.00661	0.00186	0.02483	0.00447	0.00306	0.00657
4	0.01314	0.15103	0.22900	0.03314	0.01693	0.01307	0.03371	0.13372	0.01397	0.03359	0.07490	0.01484	0.01198	0.00599	0.00535	0.00151	0.03678	0.00463	0.07802	0.09470
5	0.14286	0.28735	0.09976	0.01259	0.01716	0.05899	0.17249	0.01637	0.01164	0.03471	0.01275	0.01429	0.06576	0.00646	0.02400	0.00172	0.00672	0.00463	0.00294	0.00679
6	0.03924	0.07515	0.28535	0.04658	0.01798	0.02797	0.03941	0.07335	0.14902	0.01873	0.01846	0.07802	0.09290	0.00747	0.00541	0.00175	0.00604	0.00615	0.00370	0.00731
7	0.01902	0.01373	0.01468	0.01145	0.01528	0.01512	0.00934	0.64284	0.02331	0.03178	0.01378	0.01489	0.01025	0.04286	0.00629	0.00176	0.00560	0.00506	0.09441	0.00855
8	0.00682	0.00486	0.00641	0.00743	0.00783	0.00455	0.00498	0.00790	0.01085	0.01460	0.10865	0.68482	0.03689	0.05591	0.00794	0.00231	0.00321	0.01452	0.00507	0.00445
9	0.01144	0.01164	0.07216	0.01024	0.01540	0.00838	0.08746	0.01440	0.01149	0.01769	0.00984	0.01168	0.00801	0.00418	0.00438	0.00099	0.00489	0.00363	0.00311	0.68899
10	0.06346	0.01314	0.11444	0.08689	0.01697	0.01208	0.01043	0.19702	0.13422	0.07861	0.10828	0.04468	0.03703	0.00751	0.00598	0.00176	0.03650	0.00601	0.00462	0.02038
11	0.01381	0.24796	0.19627	0.01314	0.01790	0.06350	0.09765	0.07426	0.09323	0.03003	0.01222	0.06447	0.01036	0.00630	0.00548	0.00162	0.03610	0.00505	0.00324	0.00742
12	0.03297	0.02636	0.13294	0.01377	0.07401	0.04855	0.14389	0.01522	0.03908	0.01746	0.04664	0.06741	0.01317	0.04079	0.02689	0.00187	0.00615	0.00572	0.09254	0.15457
13	0.03102	0.19349	0.24843	0.01105	0.01598	0.01271	0.01155	0.01860	0.09712	0.13599	0.09968	0.03601	0.01488	0.00648	0.00499	0.00158	0.00560	0.00514	0.00392	0.04580

[dist]
# distance from previous block
# <min> <max>
8	19

[block]
# block no. 1 follows, 44 sequences, length 18
# corresponding to MSA columns:
# 124-141
name=unknown_B
#
# <colnr> <probs for GDERKNQSTAVLIFYWHMCP>
#	G	D	E	R	K	N	Q	S	T	A	V	L	I	F	Y	W	H	M	C	P
0	0.03907	0.01314	0.01786	0.16498	0.25248	0.03591	0.03257	0.27006	0.01682	0.05151	0.02452	0.01395	0.00937	0.00573	0.00537	0.00165	0.00637	0.00489	0.00384	0.02993
1	0.00822	0.01327	0.27145	0.00929	0.01309	0.00746	0.00985	0.01150	0.01257	0.01685	0.16795	0.06799	0.34865	0.01051	0.00603	0.00179	0.00456	0.00881	0.00429	0.00588
2	0.01339	0.01434	0.02666	0.02639	0.32724	0.04614	0.38966	0.01713	0.01257	0.01721	0.01042	0.01387	0.00831	0.00499	0.00652	0.00176	0.04734	0.00559	0.00272	0.00776
3	0.29472	0.00673	0.00690	0.00745	0.00881	0.00710	0.00535	0.01048	0.01004	0.01753	0.02235	0.53195	0.02572	0.01296	0.00573	0.00203	0.00352	0.01120	0.00448	0.00493
4	0.01960	0.00942	0.01392	0.27904	0.02202	0.00942	0.01046	0.02224	0.01399	0.51616	0.01746	0.01718	0.01136	0.00630	0.00547	0.00173	0.00554	0.00526	0.00526	0.00817
5	0.01416	0.00730	0.01011	0.00992	0.01219	0.00687	0.00852	0.01653	0.01360	0.27751	0.02634	0.04677	0.02525	0.01221	0.00683	0.00223	0.00489	0.48667	0.00561	0.00648
6	0.00889	0.00511	0.00767	0.00767	0.00800	0.00545	0.00545	0.00800	0.00767	0.01056	0.01123	0.01823	0.01090	0.02646	0.28375	0.55593	0.00812	0.00511	0.00256	0.00322
7	0.01796	0.53659	0.02311	0.00946	0.01397	0.01692	0.00888	0.01984	0.01263	0.27522	0.01235	0.01211	0.00922	0.00538	0.00418	0.00134	0.00542	0.00380	0.00385	0.00778
8	0.00788	0.00548	0.00691	0.00691	0.00725	0.00581	0.00451	0.00855	0.00821	0.01129	0.01629	0.03079	0.01770	0.54527	0.28798	0.00648	0.00848	0.00721	0.00317	0.00384
9	0.56065	0.01102	0.01099	0.00962	0.01184	0.01376	0.00797	0.01503	0.00896	0.02057	0.00744	0.00991	0.00633	0.00660	0.00835	0.00193	0.27650	0.00358	0.00303	0.00592
10	0.01544	0.01857	0.02644	0.01992	0.02450	0.27871	0.49950	0.01894	0.01375	0.01605	0.01014	0.01303	0.00784	0.00495	0.00591	0.00169	0.00941	0.00543	0.00278	0.00700
11	0.01109	0.00838	0.01437	0.01122	0.01394	0.00807	0.26121	0.01434	0.01192	0.01934	0.01547	0.01840	0.01202	0.00575	0.00471	0.00147	0.00482	0.00555	0.55208	0.00586
12	0.01458	0.81168	0.02857	0.00933	0.01399	0.02157	0.00933	0.01632	0.01108	0.01283	0.00758	0.00875	0.00700	0.00466	0.00350	0.00117	0.00583	0.00292	0.00233	0.00700
13	0.01550	0.00810	0.01060	0.00950	0.01217	0.00769	0.00792	0.08661	0.01538	0.30233	0.14671	0.03733	0.04660	0.01049	0.00636	0.00197	0.00451	0.25735	0.00587	0.00701
14	0.01336	0.01281	0.02188	0.06632	0.74261	0.01292	0.01666	0.01661	0.01235	0.01764	0.01023	0.01354	0.00858	0.00488	0.00540	0.00163	0.00651	0.00486	0.00269	0.00852
15	0.01082	0.01022	0.01729	0.67120	0.15758	0.01225	0.01540	0.01439	0.01115	0.01456	0.00978	0.01437	0.00749	0.00535	0.00544	0.00178	0.00714	0.00485	0.00247	0.00648
16	0.01109	0.00838	0.01437	0.01122	0.01394	0.00807	0.26121	0.01434	0.01192	0.01934	0.01547	0.01840	0.01202	0.00575	0.00471	0.00147	0.00482	0.00555	0.55208	0.00586
17	0.01119	0.00932	0.01027	0.00989	0.01203	0.01043	0.00741	0.02164	0.50601	0.01976	0.02488	0.28930	0.02330	0.01072	0.00603	0.00197	0.00392	0.00936	0.00538	0.00719

[dist]
# distance from previous block
# <min> <max>
0	5

[block]
# block no. 2 follows, 44 sequences, length 147
# corresponding to MSA columns:
# 147-211,226-307
name=unknown_C
#
# <colnr> <probs for GDERKNQSTAVLIFYWHMCP>
#	G	D	E	R	K	N	Q	S	T	A	V	L	I	F	Y	W	H	M	C	P
0	0.01020	0.00955	0.01607	0.76624	0.03652	0.01192	0.01483	0.01377	0.01082	0.01388	0.00987	0.01479	0.00750	0.00676	0.03432	0.00207	0.00754	0.00488	0.00244	0.00601
1	0.00817	0.00596	0.00636	0.00652	0.00668	0.03401	0.00386	0.00838	0.00862	0.01123	0.01900	0.16295	0.02205	0.64682	0.02344	0.00463	0.00510	0.00903	0.00358	0.00360
2	0.67108	0.01309	0.00966	0.00858	0.01182	0.12959	0.00692	0.04417	0.01079	0.02287	0.00791	0.00923	0.00623	0.00531	0.00404	0.00166	0.02447	0.00315	0.00334	0.00609
3	0.00764	0.00511	0.00672	0.00754	0.00801	0.00490	0.00509	0.00858	0.01016	0.04158	0.02660	0.58176	0.03101	0.14683	0.06122	0.00313	0.00435	0.03061	0.00470	0.00447
4	0.00729	0.00495	0.00652	0.00757	0.00810	0.00457	0.00513	0.00830	0.01072	0.04219	0.03091	0.74070	0.06957	0.01655	0.00688	0.00218	0.00320	0.01494	0.00512	0.00462
5	0.01312	0.01239	0.02076	0.18529	0.59881	0.01293	0.01618	0.04349	0.01260	0.01764	0.01025	0.01369	0.00839	0.00504	0.00541	0.00166	0.00662	0.00486	0.00275	0.00814
6	0.01139	0.12611	0.68623	0.01476	0.02240	0.01377	0.01879	0.01715	0.01146	0.01671	0.00951	0.01116	0.00692	0.00512	0.00497	0.00166	0.00778	0.00389	0.00231	0.00792
7	0.00664	0.00474	0.00633	0.00759	0.00791	0.00443	0.00506	0.00759	0.01044	0.01392	0.03005	0.80485	0.03606	0.01708	0.00696	0.00221	0.00316	0.01550	0.00506	0.00443
8	0.01030	0.00969	0.01635	0.79530	0.03755	0.01211	0.01514	0.01393	0.01090	0.01393	0.00969	0.01453	0.00727	0.00545	0.00545	0.00182	0.00727	0.00484	0.00242	0.00606
9	0.00768	0.00557	0.00724	0.00683	0.00813	0.00513	0.00512	0.01023	0.01536	0.02169	0.75397	0.04101	0.06910	0.01121	0.00643	0.00172	0.00258	0.00990	0.00598	0.00513
10	0.13160	0.01657	0.01519	0.01333	0.04057	0.23898	0.05825	0.15005	0.20077	0.02128	0.01269	0.01341	0.00978	0.00625	0.00574	0.00168	0.04775	0.00463	0.00400	0.00747
11	0.01817	0.01872	0.01673	0.01389	0.01738	0.34629	0.09708	0.19886	0.12479	0.03804	0.01248	0.01340	0.00955	0.00688	0.02446	0.00176	0.00789	0.00471	0.02143	0.00749
12	0.68482	0.01073	0.00953	0.05933	0.01290	0.01252	0.00709	0.04921	0.01028	0.04857	0.00841	0.00990	0.00646	0.00544	0.00442	0.00173	0.04568	0.00334	0.00347	0.00618
13	0.00793	0.00529	0.00595	0.00595	0.00595	0.00529	0.00330	0.00793	0.00793	0.01057	0.01718	0.03568	0.01982	0.80840	0.02775	0.00529	0.00529	0.00793	0.00330	0.00330
14	0.78592	0.01092	0.00861	0.03350	0.01169	0.02795	0.00639	0.03096	0.00979	0.02409	0.00779	0.00915	0.00604	0.00511	0.00352	0.00168	0.00447	0.00307	0.00337	0.00599
15	0.84691	0.01054	0.00801	0.00717	0.01054	0.01223	0.00590	0.01603	0.00928	0.02446	0.00759	0.00886	0.00590	0.00506	0.00337	0.00169	0.00422	0.00295	0.00337	0.00590
16	0.00716	0.00555	0.00652	0.00628	0.00781	0.00491	0.00471	0.00922	0.01413	0.01876	0.46017	0.04583	0.36473	0.01230	0.00644	0.00177	0.00265	0.01058	0.00559	0.00491
17	0.01022	0.00598	0.00767	0.00697	0.00864	0.00550	0.00533	0.01272	0.01489	0.11907	0.56893	0.03500	0.04128	0.00990	0.00594	0.00165	0.00283	0.00862	0.12317	0.00567
18	0.00678	0.00484	0.00649	0.00775	0.00813	0.00455	0.00530	0.00783	0.01058	0.01407	0.02997	0.75631	0.03575	0.01695	0.00700	0.00223	0.00328	0.06266	0.00506	0.00447
19	0.02072	0.01527	0.01636	0.01254	0.01691	0.01691	0.01036	0.75622	0.02563	0.03436	0.01309	0.01309	0.00927	0.00654	0.00545	0.00164	0.00600	0.00491	0.00545	0.00927
20	0.01130	0.00969	0.01130	0.00807	0.01292	0.00727	0.00646	0.01373	0.01130	0.01776	0.00969	0.01130	0.00807	0.00404	0.00404	0.00081	0.00404	0.00323	0.00323	0.84173
21	0.00983	0.00675	0.00848	0.00789	0.00963	0.00661	0.00609	0.01416	0.12164	0.07734	0.54619	0.05292	0.04207	0.01066	0.00632	0.00179	0.00314	0.05665	0.00591	0.00592
22	0.84691	0.01054	0.00801	0.00717	0.01054	0.01223	0.00590	0.01603	0.00928	0.02446	0.00759	0.00886	0.00590	0.00506	0.00337	0.00169	0.00422	0.00295	0.00337	0.00590
23	0.01420	0.01267	0.01623	0.10390	0.15972	0.04500	0.05476	0.13884	0.30512	0.02171	0.03377	0.04246	0.01349	0.00673	0.00559	0.00176	0.00575	0.00587	0.00437	0.00806
24	0.01292	0.01427	0.02864	0.04145	0.13892	0.03177	0.55761	0.01697	0.01254	0.01705	0.01097	0.02858	0.00872	0.00516	0.00682	0.00183	0.04949	0.00617	0.00276	0.00737
25	0.01016	0.00508	0.00508	0.00508	0.00635	0.00508	0.00381	0.01270	0.01143	0.02033	0.01778	0.02033	0.01397	0.00635	0.00381	0.00127	0.00254	0.00508	0.83867	0.00508
26	0.00747	0.00556	0.00694	0.00660	0.00799	0.00504	0.00495	0.00981	0.01485	0.02047	0.63190	0.04301	0.19193	0.01166	0.00643	0.00174	0.00261	0.01018	0.00582	0.00504
27	0.02072	0.01527	0.01636	0.01254	0.01691	0.01691	0.01036	0.75622	0.02563	0.03436	0.01309	0.01309	0.00927	0.00654	0.00545	0.00164	0.00600	0.00491	0.00545	0.00927
28	0.01177	0.01134	0.01967	0.43419	0.34267	0.01256	0.05897	0.01530	0.01164	0.01575	0.01000	0.01411	0.00789	0.00515	0.00549	0.00174	0.00705	0.00494	0.00256	0.00720
29	0.01156	0.04827	0.71677	0.01532	0.02309	0.01276	0.03479	0.01758	0.01167	0.04446	0.01017	0.01176	0.00717	0.00521	0.00517	0.00171	0.00790	0.00410	0.00247	0.00806
30	0.01458	0.81168	0.02857	0.00933	0.01399	0.02157	0.00933	0.01632	0.01108	0.01283	0.00758	0.00875	0.00700	0.00466	0.00350	0.00117	0.00583	0.00292	0.00233	0.00700
31	0.01210	0.01060	0.01588	0.09317	0.01745	0.01244	0.10939	0.15308	0.01271	0.01771	0.01233	0.05546	0.01102	0.01721	0.23142	0.00392	0.19853	0.00587	0.00331	0.00639
32	0.01582	0.08205	0.05260	0.01191	0.01581	0.08243	0.05809	0.29764	0.03459	0.03690	0.03217	0.06744	0.02471	0.02342	0.00614	0.00164	0.03326	0.00550	0.00420	0.11367
33	0.00677	0.00501	0.00634	0.00732	0.00795	0.00464	0.00499	0.00809	0.02495	0.01440	0.05180	0.65668	0.14849	0.01625	0.00684	0.00214	0.00311	0.01458	0.00509	0.00455
34	0.00690	0.00557	0.00618	0.00627	0.00789	0.00485	0.00479	0.00858	0.01289	0.01612	0.17989	0.08359	0.54229	0.01359	0.00656	0.00190	0.00296	0.07922	0.00523	0.00473
35	0.01314	0.10598	0.02404	0.08493	0.40819	0.03282	0.18787	0.01643	0.01225	0.01660	0.01077	0.04245	0.00923	0.00529	0.00547	0.00165	0.00706	0.00536	0.00274	0.00774
36	0.02807	0.01182	0.06665	0.51652	0.07004	0.03098	0.06220	0.02923	0.05767	0.01611	0.05005	0.01575	0.01024	0.00578	0.00550	0.00178	0.00696	0.00517	0.00291	0.00658
37	0.01274	0.01227	0.02114	0.20712	0.58142	0.01279	0.04078	0.01612	0.01208	0.01691	0.01015	0.01377	0.00831	0.00498	0.00544	0.00167	0.00675	0.00491	0.00264	0.00800
38	0.84691	0.01054	0.00801	0.00717	0.01054	0.01223	0.00590	0.01603	0.00928	0.02446	0.00759	0.00886	0.00590	0.00506	0.00337	0.00169	0.00422	0.00295	0.00337	0.00590
39	0.00677	0.00484	0.00647	0.00774	0.00811	0.00454	0.00529	0.00781	0.01057	0.01406	0.02998	0.76003	0.03578	0.01696	0.00699	0.00223	0.00327	0.05904	0.00506	0.00446
40	0.07801	0.00961	0.01250	0.00965	0.01382	0.00866	0.00797	0.05602	0.01561	0.69823	0.02025	0.01770	0.01283	0.00663	0.00534	0.00168	0.00467	0.00529	0.00647	0.00906
41	0.00772	0.00557	0.00729	0.00686	0.00814	0.00514	0.00514	0.01029	0.01543	0.02186	0.77152	0.04072	0.05144	0.01115	0.00643	0.00171	0.00257	0.00986	0.00600	0.00514
42	0.00768	0.00557	0.00724	0.00682	0.00812	0.00513	0.00512	0.01022	0.01535	0.02167	0.75229	0.04104	0.07079	0.01122	0.00643	0.00172	0.00258	0.00990	0.00598	0.00513
43	0.01458	0.81168	0.02857	0.00933	0.01399	0.02157	0.00933	0.01632	0.01108	0.01283	0.00758	0.00875	0.00700	0.00466	0.00350	0.00117	0.00583	0.00292	0.00233	0.00700
44	0.01016	0.00508	0.00508	0.00508	0.00635	0.00508	0.00381	0.01270	0.01143	0.02033	0.01778	0.02033	0.01397	0.00635	0.00381	0.00127	0.00254	0.00508	0.83867	0.00508
45	0.02072	0.01527	0.01636	0.01254	0.01691	0.01691	0.01036	0.75622	0.02563	0.03436	0.01309	0.01309	0.00927	0.00654	0.00545	0.00164	0.00600	0.00491	0.00545	0.00927
46	0.00947	0.00473	0.00710	0.00710	0.00710	0.00473	0.00473	0.00710	0.00710	0.00947	0.00947	0.01657	0.00947	0.01894	0.02131	0.84138	0.00473	0.00473	0.00237	0.00237
47	0.02355	0.00983	0.01346	0.01140	0.06373	0.00880	0.00870	0.06375	0.01592	0.68997	0.02034	0.01794	0.01296	0.00661	0.00548	0.00168	0.00483	0.00541	0.00642	0.00924
48	0.06498	0.00982	0.01582	0.71847	0.03503	0.01227	0.01443	0.01404	0.01071	0.01459	0.00947	0.01408	0.00717	0.00556	0.00572	0.00183	0.03277	0.00472	0.00248	0.00604
49	0.00664	0.00474	0.00633	0.00759	0.00791	0.00443	0.00506	0.00759	0.01044	0.01392	0.03005	0.80485	0.03606	0.01708	0.00696	0.00221	0.00316	0.01550	0.00506	0.00443
50	0.08002	0.32476	0.06792	0.01152	0.04030	0.08236	0.01009	0.17222	0.08524	0.01990	0.01051	0.01131	0.00840	0.00543	0.00441	0.00142	0.00601	0.00384	0.00346	0.05087
51	0.01466	0.71924	0.07701	0.00990	0.01477	0.02075	0.01009	0.05474	0.01186	0.01423	0.00801	0.00915	0.00711	0.00480	0.00371	0.00123	0.00598	0.00309	0.00249	0.00718
52	0.00772	0.00557	0.00729	0.00686	0.00814	0.00514	0.00514	0.01029	0.01543	0.02186	0.77152	0.04072	0.05144	0.01115	0.00643	0.00171	0.00257	0.00986	0.00600	0.00514
53	0.01130	0.00969	0.01130	0.00807	0.01292	0.00727	0.00646	0.01373	0.01130	0.01776	0.00969	0.01130	0.00807	0.00404	0.00404	0.00081	0.00404	0.00323	0.00323	0.84173
54	0.00793	0.00529	0.00595	0.00595	0.00595	0.00529	0.00330	0.00793	0.00793	0.01057	0.01718	0.03568	0.01982	0.80840	0.02775	0.00529	0.00529	0.00793	0.00330	0.00330
55	0.01262	0.00798	0.01013	0.00966	0.05090	0.00785	0.00702	0.01771	0.16905	0.17752	0.39111	0.03105	0.06610	0.00925	0.00600	0.00174	0.00357	0.00801	0.00585	0.00687
56	0.01386	0.01272	0.02201	0.06906	0.64999	0.01271	0.06438	0.01715	0.01253	0.05701	0.01086	0.01389	0.00880	0.00497	0.00547	0.00165	0.00660	0.00499	0.00290	0.00846
57	0.00664	0.00474	0.00633	0.00759	0.00791	0.00443	0.00506	0.00759	0.01044	0.01392	0.03005	0.80485	0.03606	0.01708	0.00696	0.00221	0.00316	0.01550	0.00506	0.00443
58	0.01052	0.00994	0.01668	0.72819	0.07669	0.01231	0.01512	0.01405	0.01090	0.01411	0.00964	0.01439	0.00734	0.00555	0.00586	0.00182	0.03340	0.00484	0.00244	0.00619
59	0.01016	0.00508	0.00508	0.00508	0.00635	0.00508	0.00381	0.01270	0.01143	0.02033	0.01778	0.02033	0.01397	0.00635	0.00381	0.00127	0.00254	0.00508	0.83867	0.00508
60	0.28282	0.01034	0.01093	0.00895	0.01266	0.01060	0.00725	0.07161	0.13018	0.23097	0.05294	0.01553	0.01248	0.00616	0.00468	0.00160	0.00437	0.00467	0.00490	0.11637
61	0.02405	0.00947	0.01284	0.00988	0.01399	0.00843	0.00817	0.04135	0.01562	0.74220	0.02095	0.01826	0.01324	0.00682	0.00582	0.00170	0.02598	0.00545	0.00660	0.00919
62	0.01216	0.00966	0.01139	0.00818	0.01299	0.00732	0.00656	0.01457	0.01159	0.06742	0.01046	0.01178	0.00843	0.00421	0.00413	0.00086	0.00408	0.00338	0.00346	0.78737
63	0.01030	0.00969	0.01635	0.79530	0.03755	0.01211	0.01514	0.01393	0.01090	0.01393	0.00969	0.01453	0.00727	0.00545	0.00545	0.00182	0.00727	0.00484	0.00242	0.00606
64	0.00664	0.00474	0.00633	0.00759	0.00791	0.00443	0.00506	0.00759	0.01044	0.01392	0.03005	0.80485	0.03606	0.01708	0.00696	0.00221	0.00316	0.01550	0.00506	0.00443
65	0.00664	0.00474	0.00633	0.00759	0.00791	0.00443	0.00506	0.00759	0.01044	0.01392	0.03005	0.80485	0.03606	0.01708	0.00696	0.00221	0.00316	0.01550	0.00506	0.00443
66	0.01130	0.00969	0.01130	0.00807	0.01292	0.00727	0.00646	0.01373	0.01130	0.01776	0.00969	0.01130	0.00807	0.00404	0.00404	0.00081	0.00404	0.00323	0.00323	0.84173
67	0.00949	0.00474	0.00705	0.00705	0.00708	0.00474	0.00471	0.00725	0.00721	0.00975	0.00969	0.01667	0.00959	0.01861	0.02085	0.81962	0.00468	0.00474	0.02403	0.00244
68	0.00664	0.00474	0.00633	0.00759	0.00791	0.00443	0.00506	0.00759	0.01044	0.01392	0.03005	0.80485	0.03606	0.01708	0.00696	0.00221	0.00316	0.01550	0.00506	0.00443
69	0.00772	0.00557	0.00729	0.00686	0.00814	0.00514	0.00514	0.01029	0.01543	0.02186	0.77152	0.04072	0.05144	0.01115	0.00643	0.00171	0.00257	0.00986	0.00600	0.00514
70	0.02446	0.00928	0.01265	0.00970	0.01392	0.00801	0.00801	0.02657	0.01560	0.77817	0.02151	0.01856	0.01350	0.00675	0.00548	0.00169	0.00464	0.00548	0.00675	0.00928
71	0.02446	0.00928	0.01265	0.00970	0.01392	0.00801	0.00801	0.02657	0.01560	0.77817	0.02151	0.01856	0.01350	0.00675	0.00548	0.00169	0.00464	0.00548	0.00675	0.00928
72	0.02037	0.02598	0.01545	0.01404	0.01685	0.78652	0.01053	0.02177	0.01545	0.01334	0.00843	0.00983	0.00702	0.00562	0.00492	0.00140	0.00983	0.00351	0.00281	0.00632
73	0.01130	0.00969	0.01130	0.00807	0.01292	0.00727	0.00646	0.01373	0.01130	0.01776	0.00969	0.01130	0.00807	0.00404	0.00404	0.00081	0.00404	0.00323	0.00323	0.84173
74	0.00753	0.00557	0.00703	0.00667	0.00803	0.00507	0.00500	0.00993	0.01500	0.02083	0.66820	0.04242	0.15540	0.01153	0.00643	0.00173	0.00260	0.01010	0.00587	0.00507
75	0.02037	0.02598	0.01545	0.01404	0.01685	0.78652	0.01053	0.02177	0.01545	0.01334	0.00843	0.00983	0.00702	0.00562	0.00492	0.00140	0.00983	0.00351	0.00281	0.00632
76	0.00779	0.00584	0.00876	0.00876	0.00974	0.00681	0.00681	0.00974	0.00876	0.01266	0.01460	0.02142	0.01363	0.04089	0.78680	0.00876	0.01460	0.00584	0.00292	0.00487
77	0.84691	0.01054	0.00801	0.00717	0.01054	0.01223	0.00590	0.01603	0.00928	0.02446	0.00759	0.00886	0.00590	0.00506	0.00337	0.00169	0.00422	0.00295	0.00337	0.00590
78	0.01065	0.01006	0.01692	0.70245	0.10905	0.01230	0.01522	0.01418	0.01099	0.01429	0.00969	0.01437	0.00740	0.00549	0.00574	0.00181	0.02578	0.00484	0.00245	0.00631
79	0.01130	0.00969	0.01130	0.00807	0.01292	0.00727	0.00646	0.01373	0.01130	0.01776	0.00969	0.01130	0.00807	0.00404	0.00404	0.00081	0.00404	0.00323	0.00323	0.84173
80	0.01016	0.00508	0.00508	0.00508	0.00635	0.00508	0.00381	0.01270	0.01143	0.02033	0.01778	0.02033	0.01397	0.00635	0.00381	0.00127	0.00254	0.00508	0.83867	0.00508
81	0.01186	0.02217	0.45953	0.02033	0.14061	0.01301	0.21977	0.01724	0.01202	0.01740	0.01020	0.01269	0.00754	0.00497	0.00555	0.00174	0.00812	0.00481	0.00249	0.00795
82	0.00664	0.00474	0.00633	0.00759	0.00791	0.00443	0.00506	0.00759	0.01044	0.01392	0.03005	0.80485	0.03606	0.01708	0.00696	0.00221	0.00316	0.01550	0.00506	0.00443
83	0.02026	0.01504	0.01610	0.01245	0.01673	0.01669	0.01025	0.70873	0.07388	0.03360	0.01368	0.01356	0.00975	0.00660	0.00546	0.00165	0.00589	0.00499	0.00546	0.00923
84	0.01016	0.00508	0.00508	0.00508	0.00635	0.00508	0.00381	0.01270	0.01143	0.02033	0.01778	0.02033	0.01397	0.00635	0.00381	0.00127	0.00254	0.00508	0.83867	0.00508
85	0.00772	0.00557	0.00729	0.00686	0.00814	0.00514	0.00514	0.01029	0.01543	0.02186	0.77152	0.04072	0.05144	0.01115	0.00643	0.00171	0.00257	0.00986	0.00600	0.00514
86	0.01093	0.02820	0.78016	0.01554	0.02360	0.01266	0.02014	0.01727	0.01151	0.01727	0.00978	0.01151	0.00691	0.00518	0.00518	0.00173	0.00806	0.00403	0.00230	0.00806
87	0.02446	0.00928	0.01265	0.00970	0.01392	0.00801	0.00801	0.02657	0.01560	0.77817	0.02151	0.01856	0.01350	0.00675	0.00548	0.00169	0.00464	0.00548	0.00675	0.00928
88	0.00664	0.00474	0.00633	0.00759	0.00791	0.00443	0.00506	0.00759	0.01044	0.01392	0.03005	0.80485	0.03606	0.01708	0.00696	0.00221	0.00316	0.01550	0.00506	0.00443
89	0.02124	0.01285	0.01471	0.01134	0.01550	0.01345	0.00934	0.48433	0.02190	0.27146	0.05509	0.01627	0.01281	0.00685	0.00551	0.00166	0.00539	0.00535	0.00590	0.00906
90	0.02446	0.00928	0.01265	0.00970	0.01392	0.00801	0.00801	0.02657	0.01560	0.77817	0.02151	0.01856	0.01350	0.00675	0.00548	0.00169	0.00464	0.00548	0.00675	0.00928
91	0.16462	0.00949	0.01186	0.00927	0.01334	0.00873	0.00765	0.02477	0.01453	0.64973	0.01914	0.01690	0.01220	0.00646	0.00512	0.00169	0.00457	0.00505	0.00617	0.00870
92	0.00664	0.00474	0.00633	0.00759	0.00791	0.00443	0.00506	0.00759	0.01044	0.01392	0.03005	0.80485	0.03606	0.01708	0.00696	0.00221	0.00316	0.01550	0.00506	0.00443
93	0.00726	0.00602	0.00646	0.00649	0.00822	0.00552	0.00491	0.00974	0.06924	0.01515	0.04666	0.07819	0.57429	0.04280	0.04766	0.00238	0.00374	0.05546	0.00492	0.00490
94	0.00646	0.00545	0.00559	0.00570	0.00741	0.00459	0.00422	0.00780	0.01225	0.01466	0.05303	0.11826	0.70781	0.01409	0.00649	0.00187	0.00280	0.01186	0.00506	0.00459
95	0.01016	0.00508	0.00508	0.00508	0.00635	0.00508	0.00381	0.01270	0.01143	0.02033	0.01778	0.02033	0.01397	0.00635	0.00381	0.00127	0.00254	0.00508	0.83867	0.00508
96	0.84691	0.01054	0.00801	0.00717	0.01054	0.01223	0.00590	0.01603	0.00928	0.02446	0.00759	0.00886	0.00590	0.00506	0.00337	0.00169	0.00422	0.00295	0.00337	0.00590
97	0.01093	0.02820	0.78016	0.01554	0.02360	0.01266	0.02014	0.01727	0.01151	0.01727	0.00978	0.01151	0.00691	0.00518	0.00518	0.00173	0.00806	0.00403	0.00230	0.00806
98	0.03153	0.02359	0.55318	0.03655	0.10691	0.01284	0.05641	0.06520	0.01262	0.01864	0.02658	0.01265	0.00828	0.00534	0.00528	0.00172	0.00758	0.00442	0.00268	0.00800
99	0.01123	0.10985	0.62250	0.01535	0.05873	0.01320	0.01804	0.01664	0.01145	0.01664	0.01062	0.05243	0.00851	0.00573	0.00510	0.00169	0.00749	0.00455	0.00247	0.00778
100	0.01321	0.01149	0.01198	0.01086	0.01377	0.02960	0.00845	0.02718	0.68172	0.02239	0.07098	0.02241	0.01905	0.00778	0.00564	0.00185	0.00434	0.02354	0.00551	0.00827
101	0.23067	0.00960	0.01149	0.00907	0.01307	0.00907	0.00748	0.02393	0.01402	0.58920	0.01802	0.01612	0.01159	0.00632	0.00495	0.00169	0.00453	0.00485	0.00590	0.00843
102	0.01657	0.11087	0.18431	0.01389	0.01769	0.43351	0.01268	0.01907	0.01319	0.01412	0.00847	0.01035	0.00701	0.00593	0.00650	0.00158	0.11124	0.00372	0.00259	0.00673
103	0.00801	0.00565	0.00833	0.00865	0.00950	0.00525	0.05410	0.00923	0.01078	0.05365	0.02795	0.68751	0.03255	0.04144	0.00752	0.00226	0.00370	0.01414	0.00494	0.00483
104	0.00671	0.00482	0.00636	0.00747	0.00790	0.00448	0.00504	0.00777	0.01083	0.01446	0.07930	0.73005	0.06142	0.01658	0.00691	0.00217	0.00311	0.01500	0.00512	0.00448
105	0.00664	0.00477	0.00630	0.00752	0.00789	0.00443	0.00503	0.00760	0.01050	0.01394	0.03088	0.77995	0.06042	0.01697	0.00694	0.00220	0.00315	0.01537	0.00506	0.00443
106	0.54897	0.01226	0.01087	0.00904	0.01273	0.02971	0.00743	0.24163	0.01461	0.05416	0.00978	0.01051	0.00722	0.00558	0.00411	0.00167	0.00489	0.00365	0.00412	0.00706
107	0.01335	0.01274	0.02142	0.03181	0.72467	0.01258	0.01606	0.01654	0.01234	0.01781	0.01022	0.01335	0.00860	0.00480	0.00531	0.00157	0.00632	0.00475	0.00273	0.06303
108	0.00793	0.00529	0.00595	0.00595	0.00595	0.00529	0.00330	0.00793	0.00793	0.01057	0.01718	0.03568	0.01982	0.80840	0.02775	0.00529	0.00529	0.00793	0.00330	0.00330
109	0.01391	0.01375	0.02172	0.03227	0.72796	0.06037	0.01635	0.01704	0.01260	0.01754	0.01014	0.01327	0.00854	0.00490	0.00537	0.00161	0.00668	0.00477	0.00271	0.00849
110	0.00947	0.00473	0.00710	0.00710	0.00710	0.00473	0.00473	0.00710	0.00710	0.00947	0.00947	0.01657	0.00947	0.01894	0.02131	0.84138	0.00473	0.00473	0.00237	0.00237
111	0.84691	0.01054	0.00801	0.00717	0.01054	0.01223	0.00590	0.01603	0.00928	0.02446	0.00759	0.00886	0.00590	0.00506	0.00337	0.00169	0.00422	0.00295	0.00337	0.00590
112	0.01193	0.01193	0.01670	0.01431	0.01431	0.01670	0.01193	0.01312	0.00835	0.01312	0.00716	0.01193	0.00716	0.00954	0.01789	0.00239	0.79843	0.00477	0.00239	0.00596
113	0.08092	0.01110	0.01340	0.01034	0.01454	0.01088	0.00854	0.23657	0.01806	0.51061	0.01810	0.01630	0.01174	0.00657	0.00533	0.00167	0.00500	0.00514	0.00614	0.00904
114	0.00793	0.00529	0.00595	0.00595	0.00595	0.00529	0.00330	0.00793	0.00793	0.01057	0.01718	0.03568	0.01982	0.80840	0.02775	0.00529	0.00529	0.00793	0.00330	0.00330
115	0.00700	0.00508	0.00667	0.00784	0.00831	0.00486	0.00538	0.00856	0.03840	0.01436	0.02970	0.73926	0.03511	0.01662	0.00693	0.00222	0.00330	0.05072	0.00508	0.00461
116	0.02072	0.01527	0.01636	0.01254	0.01691	0.01691	0.01036	0.75622	0.02563	0.03436	0.01309	0.01309	0.00927	0.00654	0.00545	0.00164	0.00600	0.00491	0.00545	0.00927
117	0.00669	0.00478	0.00637	0.00756	0.00792	0.00446	0.00506	0.00770	0.01065	0.01425	0.06087	0.77308	0.03670	0.01683	0.00694	0.00219	0.00314	0.01526	0.00510	0.00446
118	0.02037	0.02598	0.01545	0.01404	0.01685	0.78652	0.01053	0.02177	0.01545	0.01334	0.00843	0.00983	0.00702	0.00562	0.00492	0.00140	0.00983	0.00351	0.00281	0.00632
119	0.05266	0.01093	0.01805	0.47779	0.30578	0.01243	0.01527	0.01506	0.01137	0.01587	0.00979	0.01387	0.00770	0.00521	0.00533	0.00174	0.00683	0.00476	0.00257	0.00699
120	0.01281	0.21646	0.51149	0.01398	0.02072	0.06526	0.03460	0.01757	0.01180	0.03468	0.00948	0.01098	0.00713	0.00511	0.00479	0.00157	0.00758	0.00382	0.00246	0.00770
121	0.00662	0.00483	0.00624	0.00736	0.00785	0.00445	0.00496	0.00762	0.01066	0.01401	0.03283	0.72167	0.11744	0.01672	0.00690	0.00217	0.00312	0.01506	0.00506	0.00445
122	0.00664	0.00474	0.00633	0.00759	0.00791	0.00443	0.00506	0.00759	0.01044	0.01392	0.03005	0.80485	0.03606	0.01708	0.00696	0.00221	0.00316	0.01550	0.00506	0.00443
123	0.01346	0.10632	0.02237	0.06763	0.63118	0.01394	0.01560	0.01683	0.02986	0.01715	0.01019	0.01315	0.00856	0.00492	0.00518	0.00158	0.00639	0.00466	0.00271	0.00832
124	0.02199	0.01115	0.08009	0.01048	0.01494	0.00881	0.02657	0.05773	0.01555	0.62334	0.03803	0.01897	0.03262	0.00683	0.00552	0.00170	0.00501	0.00560	0.00615	0.00891
125	0.00779	0.00584	0.00876	0.00876	0.00974	0.00681	0.00681	0.00974	0.00876	0.01266	0.01460	0.02142	0.01363	0.04089	0.78680	0.00876	0.01460	0.00584	0.00292	0.00487
126	0.02133	0.01430	0.01576	0.01208	0.01642	0.01546	0.00998	0.63792	0.02401	0.15495	0.01445	0.01398	0.00996	0.00658	0.00546	0.00164	0.00578	0.00500	0.00566	0.00927
127	0.03064	0.02974	0.18752	0.02173	0.27284	0.03123	0.16663	0.01822	0.01262	0.12432	0.01211	0.03053	0.00930	0.00551	0.00578	0.00171	0.02306	0.00521	0.00325	0.00806
128	0.01016	0.00508	0.00508	0.00508	0.00635	0.00508	0.00381	0.01270	0.01143	0.02033	0.01778	0.02033	0.01397	0.00635	0.00381	0.00127	0.00254	0.00508	0.83867	0.00508
129	0.01198	0.02034	0.38040	0.04592	0.17204	0.01286	0.20099	0.01732	0.03222	0.01747	0.01051	0.01302	0.00789	0.00501	0.00552	0.00172	0.00780	0.00485	0.00261	0.02954
130	0.01818	0.09098	0.01590	0.01277	0.01594	0.46197	0.00994	0.08389	0.20316	0.01740	0.01218	0.01263	0.00961	0.00605	0.00499	0.00151	0.00778	0.00424	0.00367	0.00720
131	0.33057	0.01319	0.01304	0.01038	0.01437	0.01469	0.00857	0.44097	0.01898	0.06920	0.01146	0.01179	0.00823	0.00600	0.00468	0.00166	0.00526	0.00420	0.00474	0.00801
132	0.02211	0.05202	0.01397	0.01025	0.01438	0.01065	0.00849	0.13041	0.10637	0.54206	0.01967	0.01748	0.01293	0.00669	0.00538	0.00167	0.00486	0.00535	0.00619	0.00908
133	0.01225	0.25013	0.55104	0.01366	0.02067	0.01509	0.01682	0.01719	0.01147	0.03172	0.00940	0.01087	0.00707	0.00507	0.00471	0.00157	0.00735	0.00374	0.00240	0.00778
134	0.00672	0.00554	0.00592	0.00597	0.00767	0.00474	0.00452	0.00828	0.01272	0.01562	0.13698	0.07599	0.62642	0.01366	0.00651	0.00187	0.00287	0.04814	0.00517	0.00468
135	0.00662	0.00553	0.00576	0.00570	0.00747	0.00468	0.00428	0.00816	0.01283	0.01569	0.15186	0.05088	0.67495	0.01345	0.00644	0.00182	0.00274	0.01128	0.00519	0.00468
136	0.01964	0.01594	0.05455	0.01211	0.01618	0.12537	0.01017	0.42960	0.06789	0.13085	0.03277	0.01461	0.01102	0.00653	0.00535	0.00162	0.00619	0.00495	0.02613	0.00854
137	0.00997	0.00661	0.00832	0.00758	0.00931	0.00638	0.00575	0.01388	0.10077	0.09281	0.59081	0.03614	0.04287	0.03620	0.00693	0.00184	0.00305	0.00896	0.00593	0.00587
138	0.01287	0.01471	0.03217	0.02298	0.02849	0.01379	0.75460	0.01746	0.01287	0.01746	0.01103	0.01471	0.00827	0.00460	0.00643	0.00184	0.00919	0.00643	0.00276	0.00735
139	0.02007	0.06671	0.01613	0.01380	0.01671	0.74687	0.01047	0.02149	0.01522	0.01332	0.00838	0.00978	0.00702	0.00557	0.00484	0.00139	0.00962	0.00348	0.00278	0.00636
140	0.03520	0.18062	0.16616	0.01186	0.01692	0.01546	0.01153	0.30832	0.04246	0.14086	0.01280	0.01288	0.00917	0.00592	0.00496	0.00157	0.00606	0.00442	0.00436	0.00848
141	0.00929	0.00480	0.00697	0.00697	0.00697	0.00480	0.00457	0.00720	0.00720	0.00960	0.01037	0.01881	0.01068	0.11141	0.02206	0.74345	0.00480	0.00511	0.00248	0.00248
142	0.00664	0.00474	0.00633	0.00759	0.00791	0.00443	0.00506	0.00759	0.01044	0.01392	0.03005	0.80485	0.03606	0.01708	0.00696	0.00221	0.00316	0.01550	0.00506	0.00443
143	0.01995	0.01388	0.01532	0.01199	0.01600	0.01521	0.00983	0.57448	0.07586	0.11942	0.01512	0.04041	0.01112	0.00706	0.00585	0.00170	0.02690	0.00541	0.00552	0.00898
144	0.01646	0.01531	0.03897	0.01726	0.03890	0.07600	0.32504	0.24503	0.06614	0.06844	0.01316	0.03064	0.00989	0.00586	0.00586	0.00173	0.00746	0.00576	0.00405	0.00804
145	0.01753	0.01755	0.04086	0.01726	0.02172	0.25432	0.34610	0.03862	0.01447	0.15925	0.01220	0.01379	0.00885	0.00538	0.00573	0.00167	0.00843	0.00525	0.00358	0.00746
146	0.07040	0.01316	0.01532	0.15836	0.09596	0.04618	0.01114	0.27706	0.19438	0.04215	0.01397	0.01483	0.01036	0.00624	0.00531	0.00171	0.00589	0.00502	0.00442	0.00812

[dist]
# distance from previous block
# <min> <max>
0	1

[block]
# block no. 3 follows, 44 sequences, length 6
# corresponding to MSA columns:
# 309-314
name=unknown_D
#
# <colnr> <probs for GDERKNQSTAVLIFYWHMCP>
#	G	D	E	R	K	N	Q	S	T	A	V	L	I	F	Y	W	H	M	C	P
0	0.06633	0.07509	0.03875	0.17577	0.12507	0.05282	0.15390	0.06289	0.01252	0.01758	0.00976	0.01263	0.00775	0.00518	0.00568	0.00158	0.04268	0.00456	0.00290	0.12656
1	0.00850	0.00708	0.00946	0.05819	0.01177	0.00677	0.04997	0.01198	0.07866	0.01875	0.35286	0.06165	0.23801	0.01061	0.00618	0.00174	0.00356	0.00930	0.00511	0.04985
2	0.01269	0.01147	0.01283	0.00976	0.01400	0.07580	0.04738	0.08789	0.01331	0.01899	0.04565	0.05643	0.01162	0.00549	0.00465	0.00112	0.00490	0.00457	0.00362	0.55785
3	0.01479	0.08671	0.08100	0.05590	0.38114	0.07867	0.10069	0.06118	0.01342	0.05946	0.01068	0.01305	0.00842	0.00513	0.00530	0.00161	0.00704	0.00473	0.00302	0.00807
4	0.11915	0.01284	0.06606	0.01124	0.01533	0.01232	0.04986	0.23276	0.13505	0.15921	0.07863	0.01690	0.01404	0.00660	0.00527	0.00167	0.00521	0.00533	0.00502	0.04751
5	0.01055	0.00856	0.00993	0.00827	0.01141	0.00757	0.00636	0.07059	0.07800	0.01894	0.10083	0.17707	0.07575	0.00862	0.00530	0.00142	0.00379	0.00740	0.00440	0.38527

[dist]
# distance from previous block
# <min> <max>
1	16

[block]
# block no. 4 follows, 44 sequences, length 31
# corresponding to MSA columns:
# 331-361
name=unknown_E
#
# <colnr> <probs for GDERKNQSTAVLIFYWHMCP>
#	G	D	E	R	K	N	Q	S	T	A	V	L	I	F	Y	W	H	M	C	P
0	0.14676	0.19855	0.21306	0.01298	0.06019	0.12528	0.01215	0.03595	0.01201	0.01726	0.05017	0.01200	0.00939	0.00578	0.00554	0.00159	0.06753	0.00398	0.00287	0.00697
1	0.03522	0.16137	0.36162	0.04887	0.03410	0.03038	0.01460	0.12327	0.03548	0.03637	0.03322	0.01263	0.00907	0.00574	0.00541	0.00164	0.03588	0.00427	0.00312	0.00775
2	0.26799	0.09397	0.10355	0.01158	0.03102	0.09586	0.07528	0.05977	0.01225	0.06487	0.01077	0.03557	0.00871	0.00720	0.03997	0.00190	0.00643	0.00432	0.02238	0.04661
3	0.04750	0.07059	0.11639	0.01214	0.01653	0.08201	0.01095	0.41023	0.01930	0.07198	0.01264	0.02931	0.00958	0.00856	0.05588	0.00208	0.00695	0.00478	0.00443	0.00820
4	0.06816	0.23559	0.14425	0.01121	0.01595	0.01623	0.01088	0.32356	0.01711	0.02384	0.01107	0.01196	0.00843	0.00569	0.00461	0.00149	0.00590	0.00411	0.07209	0.00789
5	0.07747	0.22226	0.09711	0.01116	0.01539	0.10888	0.01022	0.22743	0.03013	0.05866	0.01121	0.01222	0.00868	0.00751	0.04550	0.00186	0.00672	0.00410	0.03595	0.00755
6	0.15512	0.54111	0.07746	0.01009	0.01477	0.01887	0.00982	0.05253	0.01218	0.04897	0.00939	0.01068	0.00794	0.00547	0.00412	0.00148	0.00593	0.00347	0.00311	0.00748
7	0.02034	0.06607	0.08382	0.01293	0.01765	0.01669	0.01131	0.59855	0.02327	0.07159	0.01364	0.01402	0.00987	0.00682	0.00564	0.00176	0.00634	0.00498	0.00529	0.00939
8	0.01408	0.55680	0.24279	0.01160	0.01716	0.01891	0.01265	0.01692	0.01162	0.01484	0.00920	0.01099	0.00790	0.00633	0.02576	0.00168	0.00696	0.00358	0.00261	0.00763
9	0.01531	0.80239	0.02888	0.00985	0.01453	0.02185	0.00963	0.01683	0.01156	0.01358	0.00838	0.00985	0.00774	0.00519	0.00385	0.00131	0.00608	0.00319	0.00261	0.00739
10	0.64965	0.15774	0.01232	0.00810	0.01166	0.01404	0.00685	0.01635	0.01037	0.02283	0.04043	0.01128	0.00878	0.00576	0.00388	0.00173	0.00471	0.00350	0.00355	0.00648
11	0.00761	0.00544	0.00707	0.00829	0.00874	0.00504	0.00566	0.00844	0.01107	0.01481	0.03050	0.74797	0.03615	0.01732	0.00730	0.00237	0.00357	0.06246	0.00530	0.00489
12	0.01208	0.01023	0.01183	0.00861	0.01347	0.00772	0.00680	0.01426	0.01179	0.01846	0.01047	0.01238	0.00881	0.00457	0.00438	0.00096	0.00431	0.00350	0.00349	0.83189
13	0.01208	0.01023	0.01183	0.00861	0.01347	0.00772	0.00680	0.01426	0.01179	0.01846	0.01047	0.01238	0.00881	0.00457	0.00438	0.00096	0.00431	0.00350	0.00349	0.83189
14	0.00664	0.00474	0.00633	0.00759	0.00791	0.00443	0.00506	0.00759	0.01044	0.01392	0.03005	0.80485	0.03606	0.01708	0.00696	0.00221	0.00316	0.01550	0.00506	0.00443
15	0.01069	0.02651	0.72255	0.01489	0.02244	0.01210	0.01902	0.01675	0.01180	0.01761	0.06656	0.01369	0.01023	0.00562	0.00527	0.00173	0.00765	0.00446	0.00258	0.00784
16	0.01160	0.01485	0.18240	0.35013	0.30324	0.01254	0.01679	0.01567	0.01158	0.01606	0.00992	0.01351	0.00769	0.00518	0.00537	0.00173	0.00715	0.00467	0.00250	0.00743
17	0.02037	0.02598	0.01545	0.01404	0.01685	0.78652	0.01053	0.02177	0.01545	0.01334	0.00843	0.00983	0.00702	0.00562	0.00492	0.00140	0.00983	0.00351	0.00281	0.00632
18	0.00869	0.00700	0.00821	0.00918	0.01026	0.05617	0.00734	0.01057	0.01215	0.01547	0.05636	0.29910	0.06563	0.01491	0.00708	0.00228	0.00454	0.39523	0.00493	0.00490
19	0.02037	0.02598	0.01545	0.01404	0.01685	0.78652	0.01053	0.02177	0.01545	0.01334	0.00843	0.00983	0.00702	0.00562	0.00492	0.00140	0.00983	0.00351	0.00281	0.00632
20	0.01171	0.01163	0.01665	0.11739	0.01738	0.01609	0.01235	0.01323	0.00869	0.01323	0.00749	0.01227	0.00717	0.00900	0.01625	0.00231	0.69400	0.00478	0.00239	0.00598
21	0.00743	0.00526	0.00669	0.00747	0.00824	0.00496	0.00531	0.02356	0.01172	0.01594	0.11874	0.52870	0.09460	0.01505	0.00667	0.00208	0.00322	0.07040	0.05925	0.00471
22	0.01654	0.14907	0.01790	0.03203	0.08883	0.26993	0.02578	0.14326	0.07777	0.01835	0.02864	0.01451	0.04787	0.00636	0.00557	0.00155	0.04058	0.00468	0.00355	0.00723
23	0.00781	0.00711	0.05719	0.00813	0.00933	0.00598	0.00628	0.03871	0.01134	0.01510	0.05484	0.49156	0.12952	0.07939	0.00872	0.00235	0.02697	0.03008	0.00471	0.00487
24	0.01326	0.16800	0.31467	0.03927	0.02013	0.09534	0.10690	0.04541	0.01283	0.03965	0.05177	0.04644	0.01103	0.00599	0.00517	0.00162	0.00726	0.00497	0.00299	0.00730
25	0.05161	0.29779	0.27752	0.01372	0.01948	0.04654	0.11910	0.08362	0.01288	0.01746	0.00934	0.01096	0.00730	0.00505	0.00470	0.00152	0.00715	0.00399	0.00273	0.00753
26	0.03733	0.22240	0.04170	0.01176	0.01608	0.01788	0.01035	0.48992	0.02024	0.02702	0.01115	0.01176	0.00843	0.00612	0.00548	0.00155	0.04374	0.00431	0.00436	0.00841
27	0.06686	0.31844	0.36629	0.01195	0.01785	0.01576	0.01376	0.03858	0.03425	0.01688	0.00967	0.01103	0.00757	0.00514	0.00439	0.00149	0.00654	0.00368	0.04243	0.00743
28	0.04775	0.28026	0.43930	0.01287	0.01927	0.01577	0.01515	0.05277	0.03957	0.01715	0.00959	0.01090	0.00736	0.00515	0.00459	0.00154	0.00694	0.00374	0.00263	0.00770
29	0.01404	0.09002	0.47376	0.01385	0.02035	0.01442	0.01593	0.23020	0.01554	0.02191	0.01078	0.01199	0.00780	0.00556	0.00508	0.00164	0.00711	0.00422	0.02755	0.00823
30	0.01480	0.19731	0.37525	0.01323	0.01938	0.01596	0.01469	0.24810	0.01583	0.02163	0.01033	0.01139	0.00767	0.00549	0.00489	0.00157	0.00692	0.00406	0.00329	0.00820

[dist]
# distance from previous block
# <min> <max>
0	99

# created by:
# /st0/software/busco_prod/Augustus/scripts/msa2prfl.pl ./align_prep/154694.fa
