[name]
unknown

[dist]
# distance from previous block
# <min> <max>
0	33

[block]
# block no. 0 follows, 45 sequences, length 21
# corresponding to MSA columns:
# 33-41,43-54
name=unknown_A
#
# <colnr> <probs for GDERKNQSTAVLIFYWHMCP>
#	G	D	E	R	K	N	Q	S	T	A	V	L	I	F	Y	W	H	M	C	P
0	0.12780	0.00888	0.01057	0.00983	0.03706	0.00897	0.00768	0.06404	0.10975	0.18582	0.13748	0.04285	0.02167	0.00875	0.00561	0.00180	0.00431	0.15002	0.00517	0.05194
1	0.16851	0.01169	0.09885	0.01133	0.06497	0.02368	0.02619	0.03183	0.07521	0.25025	0.13824	0.04492	0.01759	0.00706	0.00519	0.00169	0.00481	0.00579	0.00482	0.00738
2	0.01298	0.01103	0.01741	0.16133	0.40750	0.01103	0.01318	0.03722	0.01228	0.07153	0.01189	0.05868	0.01007	0.00563	0.00521	0.00154	0.00582	0.00517	0.00318	0.13729
3	0.00814	0.00565	0.00794	0.00788	0.00897	0.00524	0.03459	0.00990	0.01252	0.05419	0.32120	0.39229	0.03865	0.04096	0.00728	0.00206	0.00330	0.02902	0.00528	0.00496
4	0.01065	0.01033	0.01836	0.59450	0.10583	0.01196	0.11307	0.01422	0.01112	0.01454	0.01048	0.04220	0.00841	0.00560	0.00554	0.00179	0.00719	0.00535	0.00255	0.00632
5	0.01001	0.00500	0.00500	0.00500	0.00625	0.00500	0.00375	0.01251	0.01126	0.02001	0.01751	0.02001	0.01376	0.00625	0.00375	0.00125	0.00250	0.00500	0.84115	0.00500
6	0.01264	0.01438	0.03112	0.02231	0.02754	0.01368	0.73105	0.01704	0.01251	0.01704	0.01072	0.01438	0.00810	0.00470	0.00675	0.00183	0.03804	0.00627	0.00270	0.00719
7	0.01014	0.00954	0.01610	0.79845	0.03697	0.01193	0.01491	0.01371	0.01073	0.01371	0.00954	0.01431	0.00716	0.00537	0.00537	0.00179	0.00716	0.00477	0.00239	0.00596
8	0.00644	0.00547	0.00558	0.00563	0.00742	0.00460	0.00428	0.00785	0.01224	0.01457	0.05325	0.05205	0.74324	0.01365	0.00639	0.00184	0.00282	0.04315	0.00498	0.00455
9	0.84927	0.01038	0.00789	0.00706	0.01038	0.01204	0.00581	0.01578	0.00914	0.02408	0.00747	0.00872	0.00581	0.00498	0.00332	0.00166	0.00415	0.00291	0.00332	0.00581
10	0.01001	0.00500	0.00500	0.00500	0.00625	0.00500	0.00375	0.01251	0.01126	0.02001	0.01751	0.02001	0.01376	0.00625	0.00375	0.00125	0.00250	0.00500	0.84115	0.00500
11	0.01610	0.45373	0.05869	0.01114	0.01510	0.30922	0.01000	0.01794	0.01269	0.01332	0.03314	0.01018	0.00833	0.00518	0.00414	0.00128	0.00722	0.00337	0.00259	0.00663
12	0.04084	0.01007	0.05332	0.00967	0.01377	0.00831	0.00833	0.04997	0.01534	0.63412	0.08222	0.01929	0.01571	0.00687	0.00541	0.00166	0.00462	0.00560	0.00623	0.00866
13	0.01084	0.00889	0.00995	0.00993	0.01186	0.03596	0.00801	0.03608	0.29104	0.01838	0.03961	0.07093	0.04665	0.05987	0.00769	0.00229	0.00470	0.31607	0.00499	0.00626
14	0.00781	0.00520	0.00585	0.00585	0.00585	0.00520	0.00325	0.00781	0.00781	0.01041	0.01691	0.03513	0.01952	0.81135	0.02732	0.00520	0.00520	0.00781	0.00325	0.00325
15	0.01600	0.01285	0.01363	0.01146	0.01497	0.01459	0.00914	0.30324	0.48914	0.02673	0.01848	0.01735	0.01366	0.00697	0.00543	0.00174	0.00487	0.00560	0.00543	0.00873
16	0.01268	0.25567	0.40876	0.01224	0.01853	0.01431	0.01421	0.03918	0.01176	0.04613	0.00953	0.01082	0.00730	0.00491	0.00449	0.00142	0.00659	0.00363	0.00266	0.11519
17	0.01399	0.73421	0.10529	0.00981	0.01474	0.02034	0.01027	0.01617	0.01095	0.01308	0.00768	0.00889	0.00688	0.00464	0.00361	0.00120	0.00596	0.00298	0.00229	0.00700
18	0.01549	0.61601	0.02559	0.01067	0.01495	0.15992	0.03998	0.03860	0.01217	0.01352	0.00791	0.00917	0.00701	0.00481	0.00387	0.00123	0.00659	0.00317	0.00249	0.00685
19	0.02005	0.02558	0.01521	0.01383	0.01659	0.78980	0.01037	0.02143	0.01521	0.01314	0.00830	0.00968	0.00691	0.00553	0.00484	0.00138	0.00968	0.00346	0.00277	0.00622
20	0.01186	0.04274	0.03407	0.00841	0.01291	0.00811	0.00699	0.02944	0.03217	0.05540	0.02804	0.04727	0.01053	0.00502	0.00430	0.00100	0.00417	0.00408	0.00353	0.64996

[dist]
# distance from previous block
# <min> <max>
0	1

[block]
# block no. 1 follows, 45 sequences, length 9
# corresponding to MSA columns:
# 61-66,70-72
name=unknown_B
#
# <colnr> <probs for GDERKNQSTAVLIFYWHMCP>
#	G	D	E	R	K	N	Q	S	T	A	V	L	I	F	Y	W	H	M	C	P
0	0.01187	0.23096	0.52096	0.01436	0.02120	0.01484	0.08226	0.01678	0.01134	0.01588	0.00918	0.01090	0.00694	0.00492	0.00478	0.00157	0.00746	0.00389	0.00231	0.00760
1	0.60485	0.11059	0.01223	0.01024	0.08227	0.07374	0.00757	0.01632	0.01011	0.02122	0.00778	0.00920	0.00628	0.00496	0.00364	0.00157	0.00498	0.00312	0.00309	0.00623
2	0.02091	0.01422	0.01561	0.01197	0.01624	0.01544	0.00988	0.65891	0.02388	0.13680	0.01403	0.01363	0.00970	0.00647	0.00537	0.00162	0.00572	0.00491	0.00555	0.00913
3	0.01001	0.00500	0.00500	0.00500	0.00625	0.00500	0.00375	0.01251	0.01126	0.02001	0.01751	0.02001	0.01376	0.00625	0.00375	0.00125	0.00250	0.00500	0.84115	0.00500
4	0.01188	0.01112	0.01781	0.17808	0.02176	0.01222	0.21808	0.01920	0.25731	0.01834	0.04250	0.01753	0.01262	0.00628	0.00628	0.00178	0.05317	0.00583	0.08119	0.00701
5	0.00769	0.00565	0.00811	0.00811	0.00889	0.00643	0.00607	0.00926	0.00847	0.01208	0.01485	0.02369	0.01455	0.18332	0.64856	0.00799	0.01268	0.00613	0.00295	0.00451
6	0.01174	0.01174	0.01644	0.01409	0.01409	0.01644	0.01174	0.01292	0.00822	0.01292	0.00705	0.01174	0.00705	0.00940	0.01762	0.00235	0.80153	0.00470	0.00235	0.00587
7	0.01464	0.28499	0.09700	0.01023	0.01499	0.01358	0.03135	0.05356	0.01234	0.13037	0.01069	0.01157	0.00830	0.00503	0.00475	0.00126	0.03420	0.00372	0.00337	0.25405
8	0.18674	0.01351	0.01410	0.01101	0.01509	0.01484	0.00909	0.53692	0.02102	0.10732	0.01264	0.01260	0.00888	0.00617	0.00496	0.00163	0.00542	0.00450	0.00509	0.00847

[dist]
# distance from previous block
# <min> <max>
0	15

[block]
# block no. 2 follows, 45 sequences, length 44
# corresponding to MSA columns:
# 88-131
name=unknown_C
#
# <colnr> <probs for GDERKNQSTAVLIFYWHMCP>
#	G	D	E	R	K	N	Q	S	T	A	V	L	I	F	Y	W	H	M	C	P
0	0.01113	0.00954	0.01113	0.00795	0.01272	0.00716	0.00636	0.01352	0.01113	0.01749	0.00954	0.01113	0.00795	0.00398	0.00398	0.00080	0.00398	0.00318	0.00318	0.84417
1	0.00696	0.00543	0.00643	0.03559	0.00868	0.00501	0.00505	0.00826	0.01121	0.01410	0.06080	0.24724	0.36885	0.11509	0.00919	0.00239	0.00349	0.07712	0.00469	0.00443
2	0.00781	0.00520	0.00585	0.00585	0.00585	0.00520	0.00325	0.00781	0.00781	0.01041	0.01691	0.03513	0.01952	0.81135	0.02732	0.00520	0.00520	0.00781	0.00325	0.00325
3	0.01174	0.01174	0.01644	0.01409	0.01409	0.01644	0.01174	0.01292	0.00822	0.01292	0.00705	0.01174	0.00705	0.00940	0.01762	0.00235	0.80153	0.00470	0.00235	0.00587
4	0.01456	0.78539	0.02765	0.00936	0.01388	0.04968	0.00923	0.01627	0.01107	0.01265	0.00749	0.00865	0.00689	0.00463	0.00350	0.00116	0.00589	0.00289	0.00231	0.00686
5	0.84927	0.01038	0.00789	0.00706	0.01038	0.01204	0.00581	0.01578	0.00914	0.02408	0.00747	0.00872	0.00581	0.00498	0.00332	0.00166	0.00415	0.00291	0.00332	0.00581
6	0.12080	0.00699	0.00830	0.00890	0.01063	0.00720	0.00757	0.01241	0.06319	0.01733	0.02912	0.04954	0.13948	0.01282	0.00657	0.00222	0.00445	0.48248	0.00477	0.00524
7	0.01316	0.01263	0.02156	0.06331	0.74848	0.01272	0.01641	0.01636	0.01216	0.01739	0.01007	0.01333	0.00845	0.00481	0.00532	0.00160	0.00641	0.00478	0.00265	0.00840
8	0.01144	0.02539	0.65983	0.01638	0.04379	0.01245	0.09799	0.01728	0.01162	0.04000	0.01012	0.01193	0.00718	0.00508	0.00525	0.00171	0.00791	0.00428	0.00246	0.00791
9	0.00932	0.00466	0.00699	0.00699	0.00699	0.00466	0.00466	0.00699	0.00699	0.00932	0.00932	0.01632	0.00932	0.01865	0.02098	0.84382	0.00466	0.00466	0.00233	0.00233
10	0.02041	0.01504	0.01611	0.01235	0.01665	0.01665	0.01020	0.75997	0.02524	0.03383	0.01289	0.01289	0.00913	0.00644	0.00537	0.00161	0.00591	0.00483	0.00537	0.00913
11	0.01001	0.00513	0.00530	0.02638	0.00708	0.00519	0.00405	0.01254	0.01124	0.01984	0.01730	0.01986	0.01358	0.00623	0.00380	0.00127	0.00263	0.00500	0.81855	0.00503
12	0.01001	0.00500	0.00500	0.00500	0.00625	0.00500	0.00375	0.01251	0.01126	0.02001	0.01751	0.02001	0.01376	0.00625	0.00375	0.00125	0.00250	0.00500	0.84115	0.00500
13	0.01319	0.01266	0.02162	0.05554	0.75600	0.01273	0.01643	0.01639	0.01218	0.01742	0.01008	0.01332	0.00846	0.00480	0.00532	0.00160	0.00640	0.00478	0.00265	0.00843
14	0.01289	0.01360	0.02694	0.04405	0.36184	0.01317	0.41217	0.01680	0.01243	0.01727	0.01049	0.01394	0.00828	0.00466	0.00586	0.00171	0.00782	0.00561	0.00268	0.00777
15	0.01111	0.01049	0.01778	0.60254	0.17601	0.01227	0.04397	0.03447	0.01148	0.01511	0.00979	0.01409	0.00750	0.00525	0.00539	0.00175	0.00705	0.00484	0.00253	0.00658
16	0.02041	0.01504	0.01611	0.01235	0.01665	0.01665	0.01020	0.75997	0.02524	0.03383	0.01289	0.01289	0.00913	0.00644	0.00537	0.00161	0.00591	0.00483	0.00537	0.00913
17	0.01158	0.01151	0.01613	0.01388	0.01391	0.01606	0.01154	0.01279	0.00824	0.01290	0.00734	0.01211	0.00730	0.01062	0.04826	0.00260	0.77030	0.00474	0.00237	0.00583
18	0.01435	0.81458	0.02813	0.00918	0.01378	0.02124	0.00918	0.01607	0.01091	0.01263	0.00746	0.00861	0.00689	0.00459	0.00344	0.00115	0.00574	0.00287	0.00230	0.00689
19	0.00781	0.00520	0.00585	0.00585	0.00585	0.00520	0.00325	0.00781	0.00781	0.01041	0.01691	0.03513	0.01952	0.81135	0.02732	0.00520	0.00520	0.00781	0.00325	0.00325
20	0.01974	0.01470	0.01573	0.01222	0.01639	0.01633	0.01004	0.69060	0.09569	0.03275	0.01374	0.01356	0.00982	0.00652	0.00538	0.00163	0.00575	0.00495	0.00538	0.00907
21	0.00701	0.04157	0.03009	0.00778	0.00851	0.00535	0.00561	0.00814	0.01034	0.01375	0.02801	0.74866	0.03338	0.01593	0.00665	0.00212	0.00337	0.01437	0.00478	0.00458
22	0.00781	0.00520	0.00585	0.00585	0.00585	0.00520	0.00325	0.00781	0.00781	0.01041	0.01691	0.03513	0.01952	0.81135	0.02732	0.00520	0.00520	0.00781	0.00325	0.00325
23	0.00662	0.00473	0.00632	0.00756	0.00791	0.00443	0.00512	0.00761	0.01035	0.01379	0.02954	0.78040	0.03533	0.01674	0.00687	0.00219	0.00318	0.04194	0.00498	0.00438
24	0.03998	0.04954	0.42930	0.01343	0.01969	0.01198	0.05122	0.08144	0.01354	0.21949	0.01286	0.01326	0.00874	0.00557	0.00515	0.00167	0.00674	0.00446	0.00373	0.00821
25	0.00638	0.00530	0.00558	0.00580	0.00735	0.00450	0.00424	0.00766	0.01188	0.01436	0.04992	0.18768	0.64254	0.01417	0.00644	0.00188	0.00279	0.01204	0.00498	0.00450
26	0.01117	0.01018	0.03537	0.00878	0.03137	0.00745	0.00702	0.01370	0.01116	0.01748	0.00956	0.01119	0.00793	0.00403	0.00404	0.00084	0.00416	0.00324	0.00314	0.79819
27	0.84927	0.01038	0.00789	0.00706	0.01038	0.01204	0.00581	0.01578	0.00914	0.02408	0.00747	0.00872	0.00581	0.00498	0.00332	0.00166	0.00415	0.00291	0.00332	0.00581
28	0.01001	0.00500	0.00500	0.00500	0.00625	0.00500	0.00375	0.01251	0.01126	0.02001	0.01751	0.02001	0.01376	0.00625	0.00375	0.00125	0.00250	0.00500	0.84115	0.00500
29	0.01387	0.01238	0.01989	0.02850	0.62613	0.01258	0.01486	0.01874	0.12220	0.05902	0.01240	0.01453	0.00990	0.00525	0.00534	0.00163	0.00597	0.00500	0.00328	0.00854
30	0.01342	0.01173	0.01333	0.01323	0.08881	0.01348	0.00944	0.04129	0.64983	0.02183	0.01994	0.01890	0.01511	0.00710	0.00592	0.00181	0.03548	0.00587	0.00506	0.00841
31	0.84927	0.01038	0.00789	0.00706	0.01038	0.01204	0.00581	0.01578	0.00914	0.02408	0.00747	0.00872	0.00581	0.00498	0.00332	0.00166	0.00415	0.00291	0.00332	0.00581
32	0.01314	0.01272	0.02207	0.06076	0.71306	0.01276	0.05342	0.01641	0.01219	0.01738	0.01011	0.01338	0.00844	0.00479	0.00537	0.00161	0.00654	0.00486	0.00265	0.00835
33	0.01174	0.01174	0.01644	0.01409	0.01409	0.01644	0.01174	0.01292	0.00822	0.01292	0.00705	0.01174	0.00705	0.00940	0.01762	0.00235	0.80153	0.00470	0.00235	0.00587
34	0.01367	0.01169	0.01232	0.01099	0.01408	0.01350	0.00857	0.06123	0.73495	0.02296	0.02145	0.01971	0.01606	0.00725	0.00546	0.00181	0.00432	0.00601	0.00546	0.00852
35	0.01454	0.01186	0.01260	0.01099	0.01421	0.01351	0.00864	0.13558	0.62301	0.04494	0.02116	0.01956	0.03043	0.00727	0.00546	0.00179	0.00447	0.00597	0.00547	0.00853
36	0.01072	0.05109	0.72147	0.01468	0.02218	0.01237	0.01877	0.01663	0.01151	0.01709	0.04763	0.01268	0.00898	0.00538	0.00511	0.00168	0.00760	0.00422	0.00245	0.00776
37	0.01329	0.01275	0.02179	0.03295	0.77787	0.01275	0.01647	0.01647	0.01222	0.01754	0.01010	0.01329	0.00850	0.00478	0.00531	0.00159	0.00638	0.00478	0.00266	0.00850
38	0.01170	0.00992	0.01282	0.00918	0.01398	0.00769	0.06640	0.01425	0.01140	0.04394	0.01005	0.01165	0.00815	0.00411	0.00421	0.00091	0.00440	0.00351	0.00326	0.74848
39	0.00838	0.00607	0.00793	0.00794	0.03824	0.00568	0.00564	0.03243	0.01484	0.03657	0.60583	0.08758	0.10018	0.01108	0.00628	0.00172	0.00287	0.00976	0.00565	0.00532
40	0.00991	0.00769	0.00866	0.00821	0.01028	0.00774	0.00615	0.04080	0.22794	0.04589	0.06448	0.25787	0.20545	0.01148	0.00602	0.00184	0.00352	0.00993	0.00512	0.06103
41	0.01893	0.01076	0.01506	0.03943	0.22172	0.02485	0.01053	0.05485	0.08249	0.40926	0.01757	0.04391	0.01255	0.00648	0.00542	0.00167	0.00521	0.00555	0.00514	0.00859
42	0.01567	0.01167	0.01572	0.01867	0.31383	0.05814	0.01103	0.01927	0.07717	0.20442	0.01562	0.01624	0.04514	0.00576	0.00514	0.00149	0.00538	0.00499	0.00407	0.15059
43	0.01392	0.00884	0.01118	0.00989	0.05556	0.00810	0.00730	0.07117	0.06892	0.19695	0.26494	0.02319	0.02394	0.00736	0.00536	0.00147	0.00394	0.00626	0.00517	0.20654

[dist]
# distance from previous block
# <min> <max>
7	21

[block]
# block no. 3 follows, 45 sequences, length 26
# corresponding to MSA columns:
# 153-178
name=unknown_D
#
# <colnr> <probs for GDERKNQSTAVLIFYWHMCP>
#	G	D	E	R	K	N	Q	S	T	A	V	L	I	F	Y	W	H	M	C	P
0	0.10824	0.11252	0.01759	0.01379	0.05516	0.31368	0.09722	0.09889	0.01421	0.03727	0.01051	0.04681	0.00894	0.00712	0.03401	0.00178	0.00770	0.00454	0.00325	0.00675
1	0.08795	0.09693	0.01459	0.01163	0.07928	0.01108	0.02799	0.08405	0.08084	0.29072	0.05518	0.05551	0.02836	0.00682	0.00510	0.00160	0.00478	0.00560	0.00492	0.04707
2	0.01765	0.01342	0.05060	0.01163	0.04218	0.08057	0.00936	0.30861	0.05107	0.17804	0.10562	0.01907	0.05402	0.00715	0.00545	0.00161	0.00541	0.00570	0.00514	0.02770
3	0.08438	0.05113	0.04128	0.01050	0.01439	0.01302	0.00887	0.33395	0.10563	0.09201	0.06805	0.03311	0.01366	0.00676	0.00512	0.00158	0.00502	0.01890	0.00488	0.08775
4	0.01572	0.05581	0.01836	0.07856	0.38302	0.11653	0.01295	0.05011	0.04065	0.12998	0.03823	0.01451	0.01057	0.00556	0.00521	0.00158	0.00635	0.00481	0.00355	0.00793
5	0.06884	0.24835	0.22545	0.01166	0.01665	0.01416	0.05425	0.01899	0.11311	0.12019	0.01309	0.05090	0.01038	0.00598	0.00475	0.00158	0.00593	0.00473	0.00352	0.00752
6	0.08570	0.01371	0.01359	0.01115	0.01481	0.09550	0.00895	0.31087	0.18734	0.15979	0.01583	0.03346	0.01161	0.00670	0.00521	0.00166	0.00549	0.00515	0.00517	0.00830
7	0.01001	0.00500	0.00500	0.00500	0.00625	0.00500	0.00375	0.01251	0.01126	0.02001	0.01751	0.02001	0.01376	0.00625	0.00375	0.00125	0.00250	0.00500	0.84115	0.00500
8	0.01687	0.01223	0.01314	0.01052	0.01413	0.04497	0.00843	0.40992	0.01914	0.10197	0.01724	0.12629	0.04719	0.00785	0.00540	0.00158	0.00512	0.00635	0.00500	0.12666
9	0.01014	0.00954	0.01610	0.79845	0.03697	0.01193	0.01491	0.01371	0.01073	0.01371	0.00954	0.01431	0.00716	0.00537	0.00537	0.00179	0.00716	0.00477	0.00239	0.00596
10	0.01001	0.00500	0.00500	0.00500	0.00625	0.00500	0.00375	0.01251	0.01126	0.02001	0.01751	0.02001	0.01376	0.00625	0.00375	0.00125	0.00250	0.00500	0.84115	0.00500
11	0.01069	0.01027	0.01776	0.60176	0.12434	0.01215	0.07080	0.01415	0.01096	0.01441	0.01006	0.03146	0.00801	0.00563	0.00591	0.00180	0.03592	0.00512	0.00250	0.00633
12	0.01319	0.01526	0.03051	0.02200	0.02724	0.06846	0.70548	0.01749	0.01285	0.01691	0.01068	0.01414	0.00806	0.00460	0.00623	0.00178	0.00909	0.00613	0.00272	0.00717
13	0.84927	0.01038	0.00789	0.00706	0.01038	0.01204	0.00581	0.01578	0.00914	0.02408	0.00747	0.00872	0.00581	0.00498	0.00332	0.00166	0.00415	0.00291	0.00332	0.00581
14	0.00780	0.00524	0.00605	0.00605	0.00612	0.00531	0.00350	0.00793	0.00786	0.01055	0.01673	0.03413	0.01908	0.75683	0.08126	0.00545	0.00585	0.00766	0.00323	0.00336
15	0.00778	0.00530	0.00634	0.00634	0.00651	0.00547	0.00386	0.00812	0.00795	0.01077	0.01647	0.03265	0.01844	0.67524	0.16196	0.00581	0.00682	0.00744	0.00319	0.00352
16	0.01001	0.00500	0.00500	0.00500	0.00625	0.00500	0.00375	0.01251	0.01126	0.02001	0.01751	0.02001	0.01376	0.00625	0.00375	0.00125	0.00250	0.00500	0.84115	0.00500
17	0.02041	0.01504	0.01611	0.01235	0.01665	0.01665	0.01020	0.75997	0.02524	0.03383	0.01289	0.01289	0.00913	0.00644	0.00537	0.00161	0.00591	0.00483	0.00537	0.00913
18	0.01409	0.75778	0.08266	0.00963	0.01446	0.02061	0.00995	0.01614	0.01094	0.01294	0.00762	0.00881	0.00688	0.00463	0.00356	0.00119	0.00590	0.00295	0.00229	0.00696
19	0.01174	0.01174	0.01644	0.01409	0.01409	0.01644	0.01174	0.01292	0.00822	0.01292	0.00705	0.01174	0.00705	0.00940	0.01762	0.00235	0.80153	0.00470	0.00235	0.00587
20	0.75390	0.01005	0.00814	0.00720	0.01047	0.01142	0.00591	0.01615	0.00984	0.07195	0.04763	0.01093	0.00858	0.00539	0.00361	0.00166	0.00410	0.00341	0.00366	0.00599
21	0.01964	0.01431	0.01590	0.01294	0.05294	0.01547	0.01016	0.64411	0.02328	0.06538	0.01291	0.01304	0.00921	0.00622	0.00528	0.00156	0.00575	0.00475	0.00516	0.06201
22	0.01284	0.01318	0.02625	0.08254	0.02544	0.01318	0.52701	0.06340	0.01287	0.03662	0.01147	0.01570	0.00898	0.00707	0.04473	0.00217	0.06285	0.02368	0.00299	0.00704
23	0.07768	0.01117	0.01336	0.01190	0.08132	0.04969	0.04166	0.10176	0.05897	0.14378	0.05711	0.04858	0.01291	0.00608	0.00493	0.00141	0.00493	0.00506	0.00428	0.26342
24	0.05024	0.08313	0.01901	0.13333	0.40881	0.03304	0.01327	0.05156	0.01231	0.01752	0.00968	0.01240	0.00796	0.00485	0.00487	0.00147	0.00606	0.00427	0.00282	0.12338
25	0.01217	0.01370	0.21177	0.03047	0.03123	0.00945	0.04710	0.06944	0.04701	0.10143	0.14026	0.07628	0.01882	0.04620	0.00657	0.00182	0.00537	0.02480	0.00415	0.10196

[dist]
# distance from previous block
# <min> <max>
13	34

[block]
# block no. 4 follows, 45 sequences, length 77
# corresponding to MSA columns:
# 213-289
name=unknown_E
#
# <colnr> <probs for GDERKNQSTAVLIFYWHMCP>
#	G	D	E	R	K	N	Q	S	T	A	V	L	I	F	Y	W	H	M	C	P
0	0.03304	0.00948	0.01251	0.01079	0.07411	0.00809	0.02329	0.01875	0.03259	0.30917	0.06089	0.01691	0.03011	0.00581	0.00489	0.00133	0.00439	0.00486	0.00471	0.33427
1	0.01237	0.00916	0.01206	0.02764	0.04211	0.00761	0.04556	0.02754	0.01242	0.11991	0.07562	0.04969	0.06623	0.00620	0.00486	0.00123	0.00428	0.00533	0.00403	0.46618
2	0.01273	0.00925	0.01266	0.02748	0.09526	0.00808	0.04037	0.03339	0.02678	0.13079	0.15914	0.04806	0.01818	0.00645	0.00508	0.00133	0.00435	0.00564	0.00428	0.35070
3	0.01318	0.01273	0.03671	0.08778	0.60298	0.01266	0.01534	0.04447	0.05747	0.01813	0.01083	0.01363	0.00883	0.00501	0.00527	0.00160	0.00624	0.00478	0.00291	0.03945
4	0.01339	0.01278	0.01961	0.06027	0.60989	0.06522	0.01479	0.01639	0.01270	0.03601	0.07651	0.01553	0.01211	0.00544	0.00537	0.00160	0.00626	0.00513	0.00303	0.00796
5	0.00947	0.00779	0.01107	0.05639	0.20725	0.00746	0.00835	0.01198	0.02627	0.04716	0.22100	0.05301	0.29201	0.00991	0.00598	0.00173	0.00396	0.00865	0.00455	0.00601
6	0.00716	0.00558	0.00644	0.00621	0.00771	0.00500	0.00462	0.00933	0.02941	0.01794	0.40330	0.04475	0.37854	0.04178	0.00710	0.00188	0.00275	0.01030	0.00538	0.00483
7	0.16473	0.62221	0.02371	0.00908	0.01334	0.06621	0.00865	0.01635	0.01085	0.01472	0.00752	0.00870	0.00670	0.00472	0.00351	0.00125	0.00569	0.00291	0.00251	0.00666
8	0.00639	0.00526	0.00562	0.00591	0.00737	0.00449	0.00429	0.00765	0.01178	0.01432	0.04863	0.22702	0.60404	0.01434	0.00646	0.00190	0.00281	0.01224	0.00498	0.00449
9	0.01963	0.05442	0.01574	0.01363	0.01643	0.72645	0.01036	0.03515	0.01506	0.01351	0.00832	0.00975	0.00696	0.00561	0.00513	0.00140	0.02986	0.00349	0.00279	0.00629
10	0.01307	0.07672	0.41922	0.01669	0.04055	0.01289	0.22291	0.01798	0.01214	0.10075	0.01110	0.01282	0.00793	0.00507	0.00536	0.00169	0.00768	0.00472	0.00288	0.00781
11	0.01125	0.00980	0.01211	0.01069	0.09660	0.00786	0.00745	0.01408	0.03500	0.01753	0.01174	0.01323	0.03832	0.00454	0.00426	0.00095	0.00420	0.00377	0.00326	0.69334
12	0.01223	0.01337	0.02781	0.17424	0.09371	0.01318	0.55068	0.01646	0.01226	0.01655	0.01054	0.01435	0.00798	0.00471	0.00606	0.00179	0.00845	0.00590	0.00265	0.00710
13	0.00943	0.00791	0.00873	0.00843	0.02749	0.00816	0.00625	0.01630	0.29780	0.01916	0.20460	0.03624	0.30759	0.01042	0.00599	0.00178	0.00334	0.00883	0.00532	0.00624
14	0.01001	0.00500	0.00500	0.00500	0.00625	0.00500	0.00375	0.01251	0.01126	0.02001	0.01751	0.02001	0.01376	0.00625	0.00375	0.00125	0.00250	0.00500	0.84115	0.00500
15	0.02844	0.01277	0.02061	0.17630	0.55380	0.04811	0.04992	0.01620	0.01204	0.01672	0.00990	0.01329	0.00811	0.00492	0.00531	0.00163	0.00676	0.00476	0.00263	0.00781
16	0.01950	0.02468	0.01527	0.04294	0.01729	0.74346	0.01057	0.02096	0.01489	0.01315	0.00832	0.00990	0.00693	0.00561	0.00515	0.00142	0.02749	0.00353	0.00274	0.00621
17	0.01303	0.01263	0.02187	0.03146	0.70836	0.01255	0.06098	0.01624	0.01225	0.01742	0.01153	0.01456	0.03251	0.00504	0.00541	0.00161	0.00642	0.00508	0.00273	0.00830
18	0.77902	0.01078	0.00859	0.00751	0.01091	0.01243	0.00619	0.07885	0.01050	0.02491	0.00793	0.00907	0.00609	0.00511	0.00350	0.00166	0.00430	0.00307	0.00350	0.00609
19	0.01001	0.00500	0.00500	0.00500	0.00625	0.00500	0.00375	0.01251	0.01126	0.02001	0.01751	0.02001	0.01376	0.00625	0.00375	0.00125	0.00250	0.00500	0.84115	0.00500
20	0.84927	0.01038	0.00789	0.00706	0.01038	0.01204	0.00581	0.01578	0.00914	0.02408	0.00747	0.00872	0.00581	0.00498	0.00332	0.00166	0.00415	0.00291	0.00332	0.00581
21	0.01318	0.01339	0.02348	0.02865	0.52775	0.04151	0.20332	0.01661	0.01245	0.01722	0.01100	0.01546	0.00930	0.00517	0.00564	0.00168	0.00711	0.03634	0.00277	0.00795
22	0.01443	0.01234	0.03993	0.01113	0.01450	0.01337	0.00903	0.11911	0.60640	0.05195	0.03427	0.01913	0.01566	0.00715	0.00545	0.00178	0.00457	0.00588	0.00539	0.00852
23	0.00778	0.00529	0.00629	0.00629	0.00644	0.00544	0.00380	0.00809	0.00794	0.01073	0.01652	0.03292	0.01856	0.69027	0.14710	0.00574	0.00664	0.00748	0.00319	0.00349
24	0.01317	0.01239	0.01972	0.05869	0.60268	0.01284	0.01489	0.01867	0.15683	0.01833	0.01232	0.01462	0.00996	0.00528	0.00534	0.00165	0.00600	0.00503	0.00318	0.00840
25	0.01077	0.02777	0.78354	0.01530	0.02323	0.01247	0.01983	0.01700	0.01133	0.01700	0.00963	0.01133	0.00680	0.00510	0.00510	0.00170	0.00793	0.00397	0.00227	0.00793
26	0.01249	0.01193	0.02016	0.14512	0.63126	0.01224	0.01565	0.01565	0.01200	0.01683	0.01213	0.01527	0.04491	0.00529	0.00537	0.00163	0.00632	0.00509	0.00273	0.00794
27	0.01405	0.63938	0.15529	0.01047	0.01553	0.06071	0.01105	0.01652	0.01121	0.01340	0.00787	0.00913	0.00687	0.00473	0.00380	0.00125	0.00632	0.00309	0.00232	0.00703
28	0.02005	0.02558	0.01521	0.01383	0.01659	0.78980	0.01037	0.02143	0.01521	0.01314	0.00830	0.00968	0.00691	0.00553	0.00484	0.00138	0.00968	0.00346	0.00277	0.00622
29	0.01221	0.01211	0.01619	0.01388	0.01420	0.03307	0.01151	0.03172	0.04792	0.01391	0.00798	0.01215	0.00757	0.00913	0.01642	0.00228	0.72431	0.00474	0.00259	0.00609
30	0.01246	0.38312	0.41400	0.01281	0.01914	0.01648	0.04242	0.01659	0.01119	0.01503	0.00870	0.01022	0.00689	0.00485	0.00440	0.00145	0.00698	0.00356	0.00230	0.00744
31	0.01400	0.01223	0.05941	0.01084	0.01425	0.01258	0.00899	0.09407	0.54647	0.07026	0.03725	0.02096	0.05970	0.00747	0.00550	0.00178	0.00453	0.00616	0.00531	0.00826
32	0.02408	0.00914	0.01246	0.00955	0.01370	0.00789	0.00789	0.02616	0.01536	0.78158	0.02118	0.01827	0.01329	0.00664	0.00540	0.00166	0.00457	0.00540	0.00664	0.00914
33	0.01001	0.00500	0.00500	0.00500	0.00625	0.00500	0.00375	0.01251	0.01126	0.02001	0.01751	0.02001	0.01376	0.00625	0.00375	0.00125	0.00250	0.00500	0.84115	0.00500
34	0.01793	0.08432	0.17017	0.01291	0.01772	0.13352	0.01207	0.43894	0.01977	0.02560	0.01110	0.01174	0.00815	0.00589	0.00508	0.00156	0.00687	0.00429	0.00410	0.00827
35	0.00778	0.00587	0.00867	0.00861	0.00949	0.00686	0.00664	0.00957	0.00857	0.01236	0.01434	0.02163	0.01360	0.08164	0.72961	0.00829	0.03303	0.00584	0.00288	0.00473
36	0.01174	0.01174	0.01644	0.01409	0.01409	0.01644	0.01174	0.01292	0.00822	0.01292	0.00705	0.01174	0.00705	0.00940	0.01762	0.00235	0.80153	0.00470	0.00235	0.00587
37	0.01113	0.00954	0.01113	0.00795	0.01272	0.00716	0.00636	0.01352	0.01113	0.01749	0.00954	0.01113	0.00795	0.00398	0.00398	0.00080	0.00398	0.00318	0.00318	0.84417
38	0.84927	0.01038	0.00789	0.00706	0.01038	0.01204	0.00581	0.01578	0.00914	0.02408	0.00747	0.00872	0.00581	0.00498	0.00332	0.00166	0.00415	0.00291	0.00332	0.00581
39	0.01113	0.00954	0.01113	0.00795	0.01272	0.00716	0.00636	0.01352	0.01113	0.01749	0.00954	0.01113	0.00795	0.00398	0.00398	0.00080	0.00398	0.00318	0.00318	0.84417
40	0.02279	0.00918	0.01233	0.00939	0.01361	0.00782	0.00774	0.02490	0.01494	0.70548	0.02002	0.01756	0.01276	0.00638	0.00526	0.00157	0.00451	0.00518	0.00630	0.09230
41	0.00783	0.00640	0.00708	0.00672	0.00821	0.04111	0.00504	0.01000	0.01440	0.01924	0.54487	0.04182	0.24462	0.01143	0.00627	0.00171	0.00291	0.00986	0.00551	0.00497
42	0.00781	0.00520	0.00585	0.00585	0.00585	0.00520	0.00325	0.00781	0.00781	0.01041	0.01691	0.03513	0.01952	0.81135	0.02732	0.00520	0.00520	0.00781	0.00325	0.00325
43	0.01170	0.01169	0.01643	0.03316	0.01465	0.01633	0.01182	0.01294	0.00828	0.01294	0.00711	0.01181	0.00705	0.00930	0.01732	0.00234	0.78222	0.00470	0.00235	0.00587
44	0.01435	0.81458	0.02813	0.00918	0.01378	0.02124	0.00918	0.01607	0.01091	0.01263	0.00746	0.00861	0.00689	0.00459	0.00344	0.00115	0.00574	0.00287	0.00230	0.00689
45	0.01014	0.00954	0.01610	0.79845	0.03697	0.01193	0.01491	0.01371	0.01073	0.01371	0.00954	0.01431	0.00716	0.00537	0.00537	0.00179	0.00716	0.00477	0.00239	0.00596
46	0.00902	0.00682	0.00855	0.02480	0.01079	0.02268	0.00738	0.06470	0.01316	0.01723	0.11401	0.22436	0.07891	0.01377	0.00685	0.00217	0.00432	0.36034	0.00500	0.00515
47	0.01078	0.01020	0.01727	0.64149	0.18889	0.01210	0.01523	0.01428	0.01104	0.01450	0.00965	0.01410	0.00743	0.00525	0.00536	0.00175	0.00700	0.00477	0.00244	0.00648
48	0.84927	0.01038	0.00789	0.00706	0.01038	0.01204	0.00581	0.01578	0.00914	0.02408	0.00747	0.00872	0.00581	0.00498	0.00332	0.00166	0.00415	0.00291	0.00332	0.00581
49	0.00932	0.00466	0.00699	0.00699	0.00699	0.00466	0.00466	0.00699	0.00699	0.00932	0.00932	0.01632	0.00932	0.01865	0.02098	0.84382	0.00466	0.00466	0.00233	0.00233
50	0.01367	0.01266	0.02168	0.03183	0.73118	0.01259	0.03417	0.01685	0.01235	0.04599	0.01053	0.01350	0.00867	0.00485	0.00534	0.00160	0.00637	0.00484	0.00281	0.00850
51	0.01001	0.00500	0.00500	0.00500	0.00625	0.00500	0.00375	0.01251	0.01126	0.02001	0.01751	0.02001	0.01376	0.00625	0.00375	0.00125	0.00250	0.00500	0.84115	0.00500
52	0.01001	0.00500	0.00500	0.00500	0.00625	0.00500	0.00375	0.01251	0.01126	0.02001	0.01751	0.02001	0.01376	0.00625	0.00375	0.00125	0.00250	0.00500	0.84115	0.00500
53	0.01431	0.76153	0.06269	0.00957	0.01427	0.03717	0.00970	0.01623	0.01102	0.01284	0.00758	0.00876	0.00689	0.00464	0.00355	0.00118	0.00593	0.00293	0.00230	0.00692
54	0.00721	0.00568	0.00653	0.00628	0.00787	0.00511	0.00472	0.00963	0.04052	0.01823	0.40698	0.04486	0.39283	0.01208	0.00631	0.00175	0.00268	0.01035	0.00546	0.00493
55	0.01156	0.01147	0.01608	0.01384	0.01388	0.01599	0.01151	0.01276	0.00824	0.01290	0.00738	0.01217	0.00734	0.01082	0.05324	0.00264	0.76523	0.00475	0.00237	0.00582
56	0.00756	0.00546	0.00714	0.00678	0.00801	0.00504	0.00506	0.01003	0.01500	0.02122	0.74586	0.07014	0.05006	0.01120	0.00635	0.00171	0.00256	0.00992	0.00587	0.00504
57	0.01404	0.01418	0.02106	0.03082	0.69313	0.09925	0.01579	0.01703	0.01256	0.01705	0.00990	0.01288	0.00833	0.00487	0.00526	0.00157	0.00674	0.00464	0.00267	0.00825
58	0.01077	0.02777	0.78354	0.01530	0.02323	0.01247	0.01983	0.01700	0.01133	0.01700	0.00963	0.01133	0.00680	0.00510	0.00510	0.00170	0.00793	0.00397	0.00227	0.00793
59	0.00781	0.00520	0.00585	0.00585	0.00585	0.00520	0.00325	0.00781	0.00781	0.01041	0.01691	0.03513	0.01952	0.81135	0.02732	0.00520	0.00520	0.00781	0.00325	0.00325
60	0.01450	0.74978	0.05439	0.00955	0.01425	0.02072	0.00961	0.05041	0.01158	0.01376	0.00779	0.00890	0.00699	0.00470	0.00359	0.00119	0.00583	0.00300	0.00244	0.00703
61	0.01077	0.02777	0.78354	0.01530	0.02323	0.01247	0.01983	0.01700	0.01133	0.01700	0.00963	0.01133	0.00680	0.00510	0.00510	0.00170	0.00793	0.00397	0.00227	0.00793
62	0.00781	0.00520	0.00585	0.00585	0.00585	0.00520	0.00325	0.00781	0.00781	0.01041	0.01691	0.03513	0.01952	0.81135	0.02732	0.00520	0.00520	0.00781	0.00325	0.00325
63	0.00814	0.00585	0.00803	0.00918	0.01027	0.00575	0.00770	0.01027	0.01202	0.01567	0.04540	0.20079	0.06235	0.01507	0.00724	0.00237	0.00446	0.55966	0.00497	0.00482
64	0.07024	0.08723	0.30583	0.01266	0.01800	0.07384	0.01316	0.18505	0.11464	0.05120	0.01200	0.01257	0.00879	0.00573	0.00494	0.00162	0.00656	0.00429	0.00366	0.00796
65	0.00634	0.00544	0.00544	0.00544	0.00725	0.00453	0.00408	0.00770	0.01224	0.01450	0.05438	0.05166	0.77569	0.01359	0.00634	0.00181	0.00272	0.01133	0.00498	0.00453
66	0.01172	0.00965	0.01141	0.02730	0.01343	0.00751	0.00670	0.03096	0.01158	0.04170	0.00998	0.01147	0.00813	0.00415	0.00409	0.00086	0.00412	0.00333	0.00332	0.77858
67	0.01113	0.00954	0.01113	0.00795	0.01272	0.00716	0.00636	0.01352	0.01113	0.01749	0.00954	0.01113	0.00795	0.00398	0.00398	0.00080	0.00398	0.00318	0.00318	0.84417
68	0.01001	0.00500	0.00500	0.00500	0.00625	0.00500	0.00375	0.01251	0.01126	0.02001	0.01751	0.02001	0.01376	0.00625	0.00375	0.00125	0.00250	0.00500	0.84115	0.00500
69	0.01572	0.01169	0.01380	0.01158	0.01506	0.01284	0.05498	0.10213	0.52670	0.14315	0.02015	0.01868	0.01465	0.00693	0.00550	0.00177	0.00477	0.00585	0.00547	0.00858
70	0.01343	0.01277	0.02145	0.03203	0.74516	0.01285	0.01617	0.03166	0.02975	0.01798	0.01042	0.01343	0.00870	0.00487	0.00532	0.00160	0.00632	0.00481	0.00278	0.00852
71	0.84927	0.01038	0.00789	0.00706	0.01038	0.01204	0.00581	0.01578	0.00914	0.02408	0.00747	0.00872	0.00581	0.00498	0.00332	0.00166	0.00415	0.00291	0.00332	0.00581
72	0.00932	0.00466	0.00699	0.00699	0.00699	0.00466	0.00466	0.00699	0.00699	0.00932	0.00932	0.01632	0.00932	0.01865	0.02098	0.84382	0.00466	0.00466	0.00233	0.00233
73	0.01174	0.01174	0.01644	0.01409	0.01409	0.01644	0.01174	0.01292	0.00822	0.01292	0.00705	0.01174	0.00705	0.00940	0.01762	0.00235	0.80153	0.00470	0.00235	0.00587
74	0.01950	0.08590	0.01680	0.01338	0.01665	0.56059	0.02777	0.16421	0.01676	0.01721	0.00918	0.01033	0.00737	0.00561	0.00487	0.00142	0.00862	0.00374	0.00323	0.00686
75	0.02330	0.01039	0.01324	0.01015	0.01433	0.00976	0.00838	0.18281	0.01747	0.62195	0.01941	0.01712	0.01240	0.00660	0.00539	0.00165	0.00485	0.00528	0.00637	0.00913
76	0.01578	0.52462	0.04427	0.01132	0.01568	0.16737	0.05524	0.08233	0.01310	0.01497	0.00836	0.00962	0.00716	0.00494	0.00410	0.00129	0.00677	0.00339	0.00268	0.00701

[dist]
# distance from previous block
# <min> <max>
0	6

# created by:
# /st0/software/busco_prod/Augustus/scripts/msa2prfl.pl ./align_prep/154673.fa
