[name]
unknown

[dist]
# distance from previous block
# <min> <max>
30	182

[block]
# block no. 0 follows, 40 sequences, length 7
# corresponding to MSA columns:
# 207-213
name=unknown_A
#
# <colnr> <probs for GDERKNQSTAVLIFYWHMCP>
#	G	D	E	R	K	N	Q	S	T	A	V	L	I	F	Y	W	H	M	C	P
0	0.06640	0.01375	0.08627	0.01189	0.03305	0.03042	0.00999	0.26693	0.05792	0.08702	0.09123	0.12830	0.01866	0.00866	0.00588	0.00180	0.00545	0.00713	0.00517	0.06410
1	0.01168	0.00908	0.00992	0.00931	0.01091	0.04414	0.00679	0.16673	0.03598	0.01921	0.05116	0.24977	0.05634	0.18194	0.10654	0.00370	0.00634	0.00982	0.00475	0.00590
2	0.09422	0.03062	0.01257	0.01012	0.01363	0.01142	0.00823	0.18380	0.11545	0.16891	0.11594	0.02617	0.08644	0.00869	0.00587	0.00182	0.00475	0.04930	0.00570	0.04634
3	0.01384	0.00982	0.01124	0.00971	0.01196	0.01037	0.00731	0.23553	0.04375	0.05559	0.04116	0.14270	0.03625	0.20650	0.03756	0.00305	0.03503	0.00811	0.02987	0.05064
4	0.01301	0.00954	0.01105	0.06240	0.01364	0.02675	0.00749	0.11763	0.07336	0.08093	0.16381	0.06489	0.08288	0.12757	0.00956	0.00231	0.00480	0.00774	0.00505	0.11559
5	0.04727	0.01370	0.01322	0.07692	0.04238	0.17745	0.02559	0.11703	0.06597	0.02057	0.06898	0.03651	0.03709	0.00935	0.03555	0.03481	0.02481	0.00586	0.14015	0.00677
6	0.01942	0.01457	0.01609	0.01254	0.01667	0.01596	0.01029	0.57313	0.02379	0.03231	0.05310	0.01581	0.01234	0.00915	0.04781	0.00213	0.04000	0.00542	0.00537	0.07409

[dist]
# distance from previous block
# <min> <max>
2	9

[block]
# block no. 1 follows, 40 sequences, length 11
# corresponding to MSA columns:
# 223-233
name=unknown_B
#
# <colnr> <probs for GDERKNQSTAVLIFYWHMCP>
#	G	D	E	R	K	N	Q	S	T	A	V	L	I	F	Y	W	H	M	C	P
0	0.01736	0.01256	0.08725	0.09247	0.01891	0.01127	0.06487	0.09698	0.06325	0.26670	0.01866	0.08649	0.01464	0.00808	0.00670	0.00192	0.04773	0.02554	0.05041	0.00820
1	0.00825	0.00590	0.00744	0.00797	0.00872	0.00561	0.00545	0.03114	0.01172	0.01587	0.09594	0.47392	0.03407	0.17715	0.01180	0.00292	0.00401	0.04788	0.00503	0.03919
2	0.01347	0.01357	0.08888	0.04231	0.06681	0.03766	0.19739	0.04712	0.04196	0.07770	0.05423	0.04820	0.01436	0.04794	0.11740	0.00313	0.05228	0.00656	0.00378	0.02525
3	0.04661	0.00872	0.01068	0.06791	0.01357	0.02474	0.00787	0.03972	0.04788	0.11679	0.06988	0.18880	0.10799	0.04242	0.04220	0.00248	0.05976	0.04536	0.00492	0.05171
4	0.07897	0.09190	0.05124	0.22947	0.05202	0.08596	0.01249	0.19833	0.04084	0.02197	0.02729	0.01722	0.01101	0.00679	0.00553	0.00180	0.00692	0.04874	0.00386	0.00764
5	0.01341	0.03307	0.05262	0.01025	0.01285	0.10258	0.00860	0.06039	0.03974	0.10046	0.18002	0.05676	0.08605	0.06006	0.00798	0.00221	0.00540	0.15584	0.00519	0.00653
6	0.15731	0.34289	0.01968	0.01102	0.05452	0.08051	0.00901	0.05344	0.01339	0.06479	0.06501	0.01413	0.01199	0.00604	0.00444	0.00150	0.00570	0.00429	0.07309	0.00725
7	0.10635	0.12325	0.16043	0.01200	0.03432	0.01235	0.04376	0.06070	0.01353	0.10521	0.04342	0.04875	0.03507	0.02377	0.00581	0.00176	0.00587	0.04037	0.00402	0.11925
8	0.20857	0.09065	0.05662	0.12087	0.04675	0.01374	0.06963	0.09584	0.01397	0.10687	0.05252	0.01489	0.01112	0.00622	0.00559	0.00176	0.03207	0.00488	0.00397	0.04346
9	0.10491	0.06372	0.24155	0.04181	0.04692	0.03459	0.01247	0.10860	0.01333	0.01994	0.01149	0.04192	0.00955	0.00817	0.00762	0.11944	0.00644	0.00480	0.03080	0.07193
10	0.06562	0.04632	0.03980	0.07713	0.05301	0.04115	0.01016	0.17153	0.08193	0.10157	0.06453	0.05085	0.04163	0.03901	0.00707	0.00201	0.02335	0.05163	0.00482	0.02689

[dist]
# distance from previous block
# <min> <max>
25	54

[block]
# block no. 2 follows, 40 sequences, length 24
# corresponding to MSA columns:
# 293-316
name=unknown_C
#
# <colnr> <probs for GDERKNQSTAVLIFYWHMCP>
#	G	D	E	R	K	N	Q	S	T	A	V	L	I	F	Y	W	H	M	C	P
0	0.19453	0.14453	0.06416	0.02186	0.03232	0.06720	0.00883	0.02760	0.03195	0.01912	0.03282	0.07253	0.02720	0.02999	0.00549	0.00166	0.00547	0.01771	0.00360	0.19145
1	0.05780	0.03407	0.17646	0.01391	0.08613	0.01195	0.01183	0.11313	0.13366	0.02239	0.12426	0.11003	0.02138	0.00901	0.00605	0.00193	0.00559	0.04808	0.00463	0.00770
2	0.10493	0.12117	0.07483	0.01548	0.06752	0.11234	0.12851	0.16890	0.01611	0.02210	0.06951	0.01496	0.01197	0.00655	0.00607	0.01612	0.02625	0.00514	0.00378	0.00774
3	0.01518	0.20470	0.11778	0.02452	0.06624	0.06101	0.06025	0.01839	0.02987	0.13702	0.03519	0.06298	0.05378	0.00844	0.02542	0.00193	0.01992	0.02559	0.02420	0.00760
4	0.01388	0.01340	0.02168	0.17409	0.56564	0.03388	0.01684	0.01763	0.02935	0.01821	0.01104	0.01459	0.00906	0.00536	0.00571	0.00174	0.00704	0.00512	0.00291	0.03283
5	0.01131	0.02498	0.58820	0.01650	0.07691	0.01223	0.01863	0.01717	0.01302	0.01925	0.13088	0.01746	0.01517	0.00653	0.00576	0.00183	0.00752	0.00537	0.00312	0.00814
6	0.01041	0.00923	0.04330	0.22999	0.06954	0.00906	0.01027	0.03108	0.04497	0.04409	0.05832	0.17514	0.17851	0.01113	0.00690	0.02431	0.00524	0.02792	0.00437	0.00622
7	0.01143	0.04049	0.24003	0.03735	0.02304	0.01210	0.30131	0.01589	0.01301	0.01759	0.02177	0.04667	0.16016	0.00775	0.00640	0.00193	0.00761	0.02479	0.00340	0.00727
8	0.01363	0.01048	0.01719	0.61042	0.08103	0.01227	0.01503	0.01722	0.01254	0.13595	0.01241	0.01613	0.00892	0.00600	0.00582	0.00190	0.00725	0.00528	0.00335	0.00719
9	0.01193	0.01097	0.01790	0.67826	0.09197	0.01331	0.01596	0.06049	0.01273	0.01653	0.01061	0.01532	0.00799	0.00584	0.00581	0.00191	0.00760	0.00517	0.00281	0.00688
10	0.02853	0.01005	0.01678	0.46452	0.08818	0.01154	0.06031	0.01467	0.01229	0.01630	0.01557	0.02791	0.01438	0.00828	0.00639	0.00211	0.00714	0.18521	0.00335	0.00648
11	0.01392	0.01381	0.02123	0.25704	0.48950	0.06975	0.01685	0.01735	0.01300	0.01741	0.01061	0.01444	0.00865	0.00543	0.00574	0.00177	0.00743	0.00507	0.00280	0.00821
12	0.00767	0.00670	0.00775	0.11209	0.01253	0.00613	0.00613	0.00952	0.01298	0.01574	0.05007	0.04844	0.62066	0.01304	0.00661	0.00191	0.00366	0.01090	0.00493	0.04254
13	0.51538	0.01565	0.16684	0.01210	0.07012	0.01352	0.01070	0.05232	0.05774	0.02437	0.01004	0.01138	0.00762	0.00564	0.00441	0.00181	0.00562	0.00385	0.00356	0.00734
14	0.01194	0.01239	0.15992	0.02578	0.03415	0.00976	0.01086	0.01442	0.01179	0.12039	0.02113	0.35403	0.02204	0.01215	0.00888	0.00219	0.14706	0.01004	0.00443	0.00666
15	0.19001	0.01081	0.01411	0.01389	0.13430	0.01032	0.00959	0.02435	0.01471	0.49241	0.01797	0.01680	0.01190	0.00650	0.00537	0.00179	0.00517	0.00519	0.00576	0.00905
16	0.01956	0.02425	0.01533	0.01407	0.01675	0.64879	0.01060	0.02115	0.01533	0.01411	0.01005	0.01248	0.00863	0.01207	0.12912	0.00276	0.01131	0.00415	0.00302	0.00649
17	0.01371	0.01302	0.02108	0.13783	0.48434	0.01430	0.01622	0.03353	0.03220	0.01811	0.01112	0.01549	0.00947	0.00641	0.00797	0.00192	0.13253	0.01947	0.00298	0.00829
18	0.83671	0.01125	0.00855	0.00765	0.01125	0.01305	0.00630	0.01709	0.00990	0.02609	0.00810	0.00945	0.00630	0.00540	0.00360	0.00180	0.00450	0.00315	0.00360	0.00630
19	0.01406	0.01363	0.02080	0.17369	0.44113	0.04813	0.04196	0.01965	0.13185	0.01883	0.01282	0.01566	0.01022	0.00577	0.00581	0.00181	0.00697	0.00540	0.00332	0.00852
20	0.01037	0.00796	0.01091	0.01233	0.13063	0.00773	0.00786	0.01437	0.08270	0.04963	0.49559	0.03672	0.08915	0.01045	0.00656	0.00183	0.00368	0.00924	0.00575	0.00655
21	0.01432	0.01026	0.01229	0.00889	0.01395	0.00788	0.00716	0.01685	0.01280	0.13912	0.01237	0.01331	0.00955	0.00477	0.00456	0.00101	0.00441	0.00383	0.00405	0.69860
22	0.01035	0.00909	0.12993	0.00903	0.01042	0.00642	0.00770	0.00933	0.00833	0.01144	0.01016	0.01681	0.00966	0.01783	0.01995	0.69699	0.00562	0.00493	0.00251	0.00350
23	0.02090	0.02599	0.01610	0.01462	0.01765	0.68627	0.01101	0.02409	0.09960	0.01538	0.01065	0.01176	0.00866	0.00621	0.00532	0.00155	0.00982	0.00407	0.00333	0.00702

[dist]
# distance from previous block
# <min> <max>
0	1

[block]
# block no. 3 follows, 40 sequences, length 25
# corresponding to MSA columns:
# 318-342
name=unknown_D
#
# <colnr> <probs for GDERKNQSTAVLIFYWHMCP>
#	G	D	E	R	K	N	Q	S	T	A	V	L	I	F	Y	W	H	M	C	P
0	0.76648	0.01135	0.00894	0.00800	0.01158	0.01317	0.00655	0.01827	0.07301	0.02594	0.00943	0.01049	0.00728	0.00561	0.00380	0.00181	0.00451	0.00344	0.00380	0.00655
1	0.01150	0.01073	0.01798	0.55011	0.19686	0.01248	0.01562	0.01519	0.01240	0.01650	0.07418	0.01764	0.01210	0.00619	0.00589	0.00188	0.00714	0.00563	0.00298	0.00699
2	0.01434	0.01398	0.02452	0.03474	0.69709	0.01389	0.07938	0.01791	0.01328	0.01897	0.01101	0.01450	0.00918	0.00516	0.00585	0.00175	0.00716	0.00532	0.00288	0.00909
3	0.01162	0.01085	0.01526	0.01349	0.01361	0.01469	0.01097	0.01263	0.00904	0.01371	0.01071	0.08408	0.01120	0.01458	0.08269	0.07072	0.58528	0.00621	0.00285	0.00580
4	0.01940	0.01569	0.01641	0.07876	0.01925	0.06736	0.01108	0.46935	0.18871	0.03049	0.01552	0.01561	0.01133	0.00702	0.00580	0.00180	0.00638	0.00543	0.00537	0.00923
5	0.01898	0.02974	0.19674	0.01368	0.06358	0.01067	0.03261	0.03746	0.03584	0.37266	0.01761	0.04383	0.01242	0.00671	0.00567	0.00174	0.00602	0.00558	0.00511	0.08337
6	0.01185	0.06685	0.73036	0.01626	0.02468	0.01396	0.02093	0.01837	0.01226	0.01819	0.01032	0.01214	0.00737	0.00550	0.00544	0.00181	0.00848	0.00424	0.00246	0.00854
7	0.01484	0.01238	0.01397	0.01234	0.01513	0.01470	0.00977	0.02785	0.57939	0.06544	0.02087	0.02005	0.01582	0.00824	0.00817	0.00206	0.13853	0.00628	0.00541	0.00876
8	0.01136	0.01014	0.01670	0.60210	0.11882	0.01212	0.01489	0.01504	0.01188	0.01616	0.01145	0.01612	0.00878	0.00586	0.00560	0.00184	0.00705	0.00520	0.10225	0.00665
9	0.01469	0.01807	0.29965	0.05432	0.13706	0.01151	0.07270	0.01904	0.01347	0.17342	0.01757	0.05067	0.05485	0.00717	0.00598	0.00188	0.00698	0.02869	0.00394	0.00833
10	0.01010	0.00891	0.01422	0.32281	0.16533	0.00980	0.01198	0.01270	0.01168	0.01552	0.01954	0.27467	0.04258	0.04538	0.00743	0.00220	0.00589	0.00931	0.00370	0.00623
11	0.00687	0.00589	0.00589	0.00589	0.00785	0.00491	0.00442	0.00835	0.01325	0.01571	0.05891	0.05596	0.75700	0.01473	0.00687	0.00196	0.00295	0.01227	0.00540	0.00491
12	0.01378	0.01275	0.02086	0.30557	0.43696	0.01383	0.01668	0.07560	0.01380	0.01893	0.01097	0.01476	0.00874	0.00556	0.00578	0.00181	0.00717	0.00518	0.00301	0.00826
13	0.01318	0.01534	0.07090	0.07811	0.10946	0.01390	0.52679	0.01778	0.01336	0.01825	0.01262	0.03880	0.01026	0.00573	0.00664	0.00196	0.00896	0.02717	0.00302	0.00778
14	0.07373	0.01047	0.01678	0.70124	0.03716	0.01307	0.01531	0.01500	0.01142	0.01569	0.01009	0.01497	0.00764	0.00591	0.00602	0.00194	0.02946	0.00501	0.00266	0.00644
15	0.01446	0.01249	0.01315	0.01183	0.01512	0.01446	0.00920	0.03090	0.74885	0.02433	0.02367	0.02170	0.01775	0.00789	0.00592	0.00197	0.00460	0.00657	0.00592	0.00920
16	0.00991	0.00831	0.01030	0.07278	0.09779	0.00818	0.00782	0.03418	0.10147	0.03591	0.05459	0.07259	0.44046	0.01179	0.00651	0.00194	0.00415	0.01000	0.00502	0.00631
17	0.03534	0.02724	0.64127	0.01757	0.06725	0.01339	0.05301	0.01871	0.01249	0.04532	0.01091	0.01275	0.00776	0.00553	0.00556	0.00184	0.00831	0.00449	0.00270	0.00858
18	0.02505	0.00967	0.01316	0.01017	0.01449	0.00837	0.00837	0.02733	0.01663	0.72044	0.06550	0.02117	0.01674	0.00747	0.00591	0.00180	0.00482	0.00612	0.00715	0.00964
19	0.00727	0.00519	0.00696	0.00831	0.00873	0.00488	0.00572	0.00842	0.01131	0.01505	0.03195	0.73341	0.03806	0.01805	0.00747	0.00239	0.00353	0.07314	0.00539	0.00477
20	0.01399	0.01245	0.01827	0.50364	0.13355	0.03210	0.01522	0.16425	0.01519	0.01988	0.01113	0.01492	0.00838	0.00597	0.00579	0.00186	0.00742	0.00515	0.00330	0.00755
21	0.01599	0.69272	0.02861	0.01065	0.01522	0.09200	0.01019	0.01780	0.01212	0.01375	0.00815	0.00959	0.00747	0.00530	0.00456	0.00133	0.04141	0.00326	0.00254	0.00735
22	0.01206	0.01034	0.01206	0.00861	0.01378	0.00775	0.00689	0.01464	0.01206	0.01895	0.01034	0.01206	0.00861	0.00431	0.00431	0.00086	0.00431	0.00345	0.00345	0.83118
23	0.01426	0.01449	0.05034	0.03446	0.69671	0.01385	0.05427	0.01791	0.01323	0.01896	0.01096	0.01438	0.00913	0.00518	0.00580	0.00174	0.00711	0.00523	0.00287	0.00912
24	0.00812	0.00594	0.00761	0.00720	0.00862	0.00544	0.00540	0.01075	0.01619	0.02267	0.69716	0.04450	0.11440	0.01213	0.00686	0.00184	0.00276	0.01067	0.00632	0.00544

[dist]
# distance from previous block
# <min> <max>
4	13

[block]
# block no. 4 follows, 40 sequences, length 21
# corresponding to MSA columns:
# 356-376
name=unknown_E
#
# <colnr> <probs for GDERKNQSTAVLIFYWHMCP>
#	G	D	E	R	K	N	Q	S	T	A	V	L	I	F	Y	W	H	M	C	P
0	0.16052	0.07146	0.49286	0.01498	0.02205	0.01432	0.06920	0.05646	0.01273	0.02049	0.01016	0.01193	0.00742	0.00550	0.00518	0.00180	0.00769	0.00425	0.00288	0.00813
1	0.04923	0.01115	0.01455	0.07611	0.01583	0.01402	0.01055	0.11189	0.01255	0.05556	0.01185	0.01555	0.00991	0.01159	0.08147	0.00277	0.36044	0.00522	0.12301	0.00677
2	0.01182	0.01044	0.01374	0.13476	0.01836	0.00927	0.03300	0.01451	0.01172	0.01768	0.01058	0.01389	0.00897	0.03889	0.00651	0.00137	0.04657	0.00414	0.00324	0.59054
3	0.01176	0.01157	0.02007	0.42999	0.03109	0.01377	0.15594	0.01520	0.01155	0.01569	0.01168	0.01628	0.02822	0.00679	0.00866	0.00204	0.16486	0.00568	0.03251	0.00663
4	0.05083	0.01106	0.01280	0.01064	0.01411	0.01126	0.02481	0.19116	0.15032	0.10197	0.04646	0.12694	0.01799	0.02894	0.00641	0.00186	0.00490	0.02311	0.02315	0.14129
5	0.01159	0.01118	0.01558	0.01382	0.01389	0.01517	0.01125	0.01281	0.00935	0.01417	0.01255	0.16975	0.01385	0.01180	0.01673	0.00251	0.62746	0.00740	0.00312	0.00603
6	0.02030	0.01532	0.01745	0.13797	0.02160	0.01720	0.01188	0.62238	0.02479	0.03312	0.01337	0.01421	0.00954	0.00679	0.00582	0.00178	0.00662	0.00522	0.00529	0.00933
7	0.01513	0.28274	0.20743	0.01516	0.03597	0.13498	0.13100	0.01867	0.01311	0.03730	0.01139	0.01322	0.02744	0.00657	0.02482	0.00180	0.00818	0.00455	0.00287	0.00767
8	0.01374	0.01855	0.25344	0.03819	0.02499	0.01317	0.32821	0.03550	0.03617	0.07961	0.03356	0.05550	0.01183	0.00642	0.00658	0.00194	0.02463	0.00646	0.00350	0.00804
9	0.01678	0.01305	0.01388	0.01144	0.01513	0.01433	0.00919	0.38022	0.23984	0.02895	0.04598	0.02442	0.14349	0.00874	0.00606	0.00185	0.00516	0.00701	0.00579	0.00869
10	0.01402	0.01343	0.02273	0.03423	0.72238	0.01338	0.01719	0.01738	0.01324	0.01884	0.01330	0.01644	0.04600	0.00565	0.00581	0.00174	0.00671	0.00553	0.00300	0.00900
11	0.01954	0.13298	0.06085	0.02844	0.04195	0.01113	0.00955	0.03797	0.02940	0.41078	0.04337	0.05825	0.07458	0.00793	0.00568	0.00176	0.00522	0.00646	0.00561	0.00855
12	0.01317	0.01257	0.02140	0.30259	0.50200	0.01350	0.01724	0.01678	0.01266	0.01752	0.01072	0.01479	0.00869	0.00541	0.00578	0.00180	0.00721	0.00518	0.00277	0.00823
13	0.00702	0.00594	0.00609	0.00617	0.00810	0.00501	0.00470	0.00856	0.01326	0.01581	0.05729	0.05652	0.71525	0.01480	0.00694	0.00200	0.00308	0.05312	0.00540	0.00493
14	0.25279	0.01308	0.01489	0.23843	0.02258	0.01509	0.01119	0.31839	0.01769	0.02719	0.01121	0.01312	0.00823	0.00618	0.00518	0.00182	0.00625	0.00462	0.00423	0.00785
15	0.02064	0.04747	0.01550	0.03073	0.01646	0.03010	0.00987	0.32056	0.09352	0.24926	0.01884	0.05242	0.01430	0.00796	0.00592	0.00184	0.00571	0.04388	0.00591	0.00910
16	0.05439	0.01390	0.01576	0.01212	0.01668	0.01459	0.01001	0.46827	0.02301	0.28569	0.01682	0.01579	0.01130	0.00700	0.00574	0.00177	0.00583	0.00537	0.00621	0.00976
17	0.00752	0.00573	0.00825	0.00881	0.00959	0.00532	0.04428	0.00889	0.01178	0.01573	0.08766	0.65945	0.07122	0.01687	0.00732	0.00228	0.00365	0.01536	0.00534	0.00496
18	0.01219	0.01159	0.01942	0.50917	0.21420	0.01333	0.04925	0.01691	0.06459	0.01672	0.01150	0.01568	0.00887	0.00576	0.00586	0.00189	0.00742	0.00535	0.00291	0.00739
19	0.01299	0.01226	0.02028	0.38084	0.31043	0.01380	0.04229	0.04434	0.03540	0.01765	0.01103	0.01509	0.00873	0.00586	0.00647	0.00188	0.04468	0.00528	0.00293	0.00777
20	0.00854	0.00622	0.00745	0.00733	0.00882	0.00570	0.00538	0.03757	0.01451	0.03773	0.31834	0.21047	0.26086	0.03507	0.00754	0.00209	0.00322	0.01200	0.00580	0.00537

[dist]
# distance from previous block
# <min> <max>
0	1

[block]
# block no. 5 follows, 40 sequences, length 57
# corresponding to MSA columns:
# 378-434
name=unknown_F
#
# <colnr> <probs for GDERKNQSTAVLIFYWHMCP>
#	G	D	E	R	K	N	Q	S	T	A	V	L	I	F	Y	W	H	M	C	P
0	0.24206	0.06901	0.21985	0.03913	0.04287	0.01309	0.08801	0.01837	0.01204	0.10507	0.01168	0.01350	0.00869	0.00750	0.04124	0.00215	0.02309	0.00455	0.03050	0.00759
1	0.01246	0.03170	0.36875	0.16684	0.23124	0.01368	0.05845	0.01758	0.01249	0.01785	0.01060	0.01362	0.00803	0.00544	0.00569	0.00183	0.00800	0.00483	0.00262	0.00830
2	0.01150	0.01061	0.01744	0.74565	0.03902	0.01316	0.01591	0.04884	0.01236	0.01588	0.01051	0.01543	0.00785	0.00587	0.00581	0.00193	0.00769	0.00517	0.00274	0.00662
3	0.00830	0.00607	0.00752	0.00826	0.00916	0.00583	0.00583	0.05950	0.01257	0.01649	0.03365	0.56872	0.12886	0.04804	0.00816	0.00242	0.00374	0.05644	0.00535	0.00510
4	0.01254	0.01164	0.01930	0.11296	0.51278	0.01181	0.01488	0.01575	0.01338	0.01878	0.11379	0.06064	0.04231	0.00716	0.00604	0.00181	0.00612	0.00674	0.00354	0.00802
5	0.01425	0.01115	0.04387	0.06891	0.03946	0.01159	0.03048	0.22059	0.01491	0.03873	0.01397	0.10278	0.01281	0.01210	0.01218	0.23971	0.08452	0.00646	0.01513	0.00639
6	0.01266	0.01171	0.01920	0.09910	0.50781	0.01188	0.01471	0.01624	0.03034	0.01944	0.15367	0.02154	0.04279	0.00689	0.00601	0.00178	0.00602	0.00646	0.00367	0.00810
7	0.01164	0.01103	0.01915	0.47617	0.11287	0.01249	0.11415	0.01573	0.04217	0.01615	0.01357	0.01911	0.03453	0.00700	0.00677	0.03583	0.00745	0.03437	0.00300	0.00681
8	0.01525	0.01033	0.01192	0.01045	0.01311	0.01077	0.00806	0.30787	0.03592	0.09734	0.05363	0.32829	0.04826	0.01197	0.00654	0.00201	0.00475	0.01029	0.00580	0.00747
9	0.12796	0.01280	0.02033	0.34691	0.18269	0.03789	0.13789	0.03378	0.01260	0.01842	0.01043	0.01426	0.00808	0.00550	0.00565	0.00186	0.00753	0.00513	0.00294	0.00733
10	0.01262	0.06251	0.53214	0.04847	0.02598	0.04516	0.15581	0.01846	0.01268	0.01792	0.01051	0.01284	0.00767	0.00541	0.00569	0.00183	0.00876	0.00474	0.00258	0.00824
11	0.01387	0.05632	0.06386	0.07486	0.43883	0.04147	0.03635	0.01885	0.10069	0.01864	0.01372	0.04785	0.01187	0.00647	0.00582	0.00181	0.00677	0.03011	0.00337	0.00846
12	0.00845	0.00558	0.00650	0.00664	0.00714	0.00542	0.00422	0.00942	0.01074	0.01513	0.13617	0.15442	0.05347	0.42951	0.01871	0.00389	0.00438	0.00978	0.10617	0.00430
13	0.00837	0.00575	0.00725	0.00763	0.00819	0.00587	0.00527	0.00947	0.01001	0.01382	0.02286	0.17626	0.04776	0.34389	0.17471	0.00511	0.00697	0.07800	0.05837	0.00444
14	0.01051	0.00902	0.01467	0.10841	0.01763	0.00912	0.15663	0.08036	0.01332	0.01787	0.03860	0.37559	0.04288	0.04884	0.00789	0.00228	0.00558	0.01120	0.02355	0.00605
15	0.01654	0.01299	0.04428	0.01176	0.03174	0.01306	0.00958	0.39303	0.05817	0.05719	0.02537	0.05771	0.16274	0.03194	0.00689	0.00199	0.00546	0.04595	0.00548	0.00815
16	0.01010	0.00505	0.00758	0.00758	0.00758	0.00505	0.00505	0.00758	0.00758	0.01010	0.01010	0.01768	0.01010	0.02020	0.02273	0.83081	0.00505	0.00505	0.00253	0.00253
17	0.01869	0.01331	0.06320	0.01344	0.03467	0.01247	0.07802	0.22415	0.10172	0.23115	0.05922	0.05129	0.01662	0.00802	0.00616	0.00189	0.00588	0.04563	0.00565	0.00884
18	0.05230	0.08998	0.29884	0.11761	0.05600	0.11659	0.12249	0.04740	0.01346	0.01812	0.01027	0.01273	0.00779	0.00552	0.00550	0.00176	0.00836	0.00463	0.00282	0.00783
19	0.02077	0.01617	0.01689	0.04406	0.01847	0.06370	0.01104	0.61228	0.04579	0.03296	0.01386	0.01445	0.01010	0.00862	0.04172	0.00210	0.00708	0.00523	0.00539	0.00932
20	0.00692	0.00589	0.00595	0.00594	0.00788	0.00493	0.00445	0.00843	0.01336	0.01596	0.08159	0.05556	0.73416	0.01464	0.00687	0.00196	0.00294	0.01222	0.00543	0.00493
21	0.02573	0.00998	0.01348	0.01039	0.01485	0.00873	0.00857	0.02842	0.03921	0.74060	0.02296	0.01985	0.01450	0.00722	0.00585	0.00180	0.00494	0.00587	0.00716	0.00988
22	0.01392	0.02641	0.50815	0.05237	0.06470	0.14720	0.01829	0.01915	0.01332	0.04201	0.03452	0.01347	0.00926	0.00586	0.00555	0.00178	0.00849	0.00454	0.00286	0.00815
23	0.02492	0.01058	0.04399	0.01047	0.01499	0.00865	0.00891	0.02728	0.01620	0.70827	0.02228	0.02009	0.01433	0.03299	0.00661	0.00193	0.00512	0.00587	0.00688	0.00963
24	0.02600	0.01004	0.01359	0.01042	0.01492	0.00876	0.00860	0.04460	0.01689	0.74678	0.02274	0.01966	0.01429	0.00719	0.00585	0.00180	0.00498	0.00583	0.00717	0.00990
25	0.01358	0.01299	0.02214	0.21245	0.58892	0.01360	0.01744	0.01714	0.01286	0.01802	0.01080	0.01466	0.00887	0.00533	0.00577	0.00178	0.00711	0.00518	0.00281	0.00856
26	0.01350	0.02853	0.08542	0.05633	0.33159	0.03383	0.07167	0.03394	0.06021	0.04631	0.05075	0.05139	0.05280	0.00817	0.02510	0.00203	0.00681	0.02985	0.00373	0.00806
27	0.83671	0.01125	0.00855	0.00765	0.01125	0.01305	0.00630	0.01709	0.00990	0.02609	0.00810	0.00945	0.00630	0.00540	0.00360	0.00180	0.00450	0.00315	0.00360	0.00630
28	0.56725	0.14078	0.03019	0.00859	0.01241	0.01455	0.00749	0.07126	0.01158	0.02401	0.00902	0.01051	0.00719	0.00598	0.00447	0.02865	0.00498	0.00346	0.03096	0.00666
29	0.01520	0.03098	0.01451	0.03076	0.03875	0.08658	0.00978	0.23822	0.06399	0.02213	0.01964	0.04331	0.11018	0.03776	0.06847	0.00261	0.12955	0.00655	0.02366	0.00734
30	0.25408	0.39963	0.06737	0.00964	0.01408	0.01769	0.00924	0.06901	0.01229	0.01953	0.00927	0.01077	0.00775	0.00586	0.00459	0.02855	0.00567	0.00353	0.04434	0.00711
31	0.01327	0.01887	0.19596	0.02276	0.02924	0.01444	0.57978	0.01858	0.01341	0.01858	0.01147	0.01493	0.00850	0.00504	0.00657	0.00193	0.00954	0.00630	0.00283	0.00801
32	0.03395	0.12550	0.24210	0.07769	0.02427	0.06642	0.23633	0.01767	0.01302	0.01764	0.04952	0.03263	0.01104	0.00591	0.00574	0.00177	0.00810	0.00551	0.00297	0.02220
33	0.01223	0.02553	0.56210	0.02042	0.16039	0.01344	0.06484	0.01814	0.01258	0.01851	0.01119	0.01439	0.00854	0.00572	0.00572	0.00185	0.00827	0.02492	0.00265	0.00857
34	0.00713	0.00508	0.00673	0.00804	0.00837	0.00475	0.00534	0.00811	0.01105	0.01473	0.03160	0.76708	0.03789	0.04375	0.00815	0.00247	0.00345	0.01627	0.00534	0.00468
35	0.01502	0.49824	0.20506	0.01207	0.01750	0.09265	0.01279	0.01803	0.01230	0.01507	0.00898	0.01054	0.00762	0.00540	0.00475	0.00145	0.02921	0.00357	0.02216	0.00759
36	0.01010	0.00505	0.00758	0.00758	0.00758	0.00505	0.00505	0.00758	0.00758	0.01010	0.01010	0.01768	0.01010	0.02020	0.02273	0.83081	0.00505	0.00505	0.00253	0.00253
37	0.03313	0.73088	0.04910	0.01028	0.01524	0.05260	0.01023	0.01767	0.01197	0.01409	0.00818	0.00946	0.00744	0.00504	0.00384	0.00128	0.00642	0.00317	0.00253	0.00744
38	0.02211	0.01629	0.01745	0.01338	0.01803	0.01803	0.01105	0.73997	0.02734	0.03665	0.01396	0.01396	0.00989	0.00698	0.00582	0.00175	0.00640	0.00524	0.00582	0.00989
39	0.00832	0.00619	0.00914	0.00914	0.01010	0.00715	0.00701	0.01025	0.00928	0.01334	0.01577	0.02391	0.01500	0.09620	0.72063	0.00909	0.01488	0.00639	0.00314	0.00508
40	0.03516	0.37039	0.25539	0.01363	0.01928	0.03832	0.06888	0.01804	0.01210	0.04083	0.00957	0.01138	0.00775	0.00568	0.00590	0.00163	0.07152	0.00403	0.00272	0.00778
41	0.01336	0.01398	0.07120	0.16743	0.52656	0.01339	0.01702	0.01758	0.04292	0.01833	0.01279	0.01603	0.03222	0.00572	0.00579	0.00179	0.00696	0.00540	0.00300	0.00854
42	0.00712	0.00591	0.00628	0.00650	0.00829	0.00507	0.00496	0.00868	0.01312	0.01581	0.05437	0.10828	0.63830	0.01510	0.00702	0.00206	0.00320	0.07960	0.00540	0.00494
43	0.01399	0.01345	0.02294	0.11733	0.62977	0.01377	0.04203	0.01798	0.03756	0.01870	0.01132	0.01480	0.00932	0.00533	0.00581	0.00177	0.00702	0.00528	0.00295	0.00886
44	0.01628	0.01573	0.14856	0.12855	0.02427	0.01321	0.18872	0.13868	0.01584	0.15905	0.03856	0.03452	0.01179	0.00663	0.00653	0.00190	0.03266	0.00600	0.00423	0.00829
45	0.03659	0.15411	0.51789	0.01662	0.04116	0.01521	0.10424	0.01822	0.01233	0.01790	0.01015	0.01216	0.00757	0.00535	0.00534	0.00175	0.00819	0.00439	0.00256	0.00827
46	0.00837	0.00647	0.00765	0.00810	0.00964	0.00610	0.00633	0.03139	0.03682	0.01693	0.05591	0.18921	0.34229	0.03788	0.00790	0.00234	0.00393	0.21212	0.00538	0.00525
47	0.01534	0.01242	0.10054	0.01039	0.01386	0.06921	0.00920	0.03932	0.04871	0.23126	0.11868	0.05435	0.16467	0.01084	0.03016	0.00212	0.02402	0.03214	0.00539	0.00738
48	0.01256	0.00967	0.01134	0.06726	0.01394	0.02722	0.00812	0.22936	0.01609	0.02142	0.05173	0.36753	0.02518	0.07509	0.00889	0.00237	0.02998	0.01075	0.00506	0.00644
49	0.01248	0.04840	0.18946	0.05468	0.03880	0.01354	0.32591	0.01743	0.03700	0.01816	0.03921	0.02173	0.01322	0.00707	0.00714	0.00201	0.04972	0.09322	0.00329	0.00754
50	0.04516	0.01332	0.06498	0.07419	0.02328	0.01270	0.37701	0.01559	0.01172	0.01664	0.01242	0.01917	0.01090	0.13921	0.06524	0.00313	0.07916	0.00650	0.00299	0.00669
51	0.00752	0.00584	0.00765	0.03916	0.00999	0.00581	0.00608	0.00874	0.01138	0.01494	0.03423	0.59624	0.15352	0.01670	0.00792	0.00229	0.04721	0.01474	0.00513	0.00492
52	0.01249	0.01251	0.02536	0.01959	0.04397	0.01224	0.46011	0.01542	0.01209	0.01649	0.01297	0.04970	0.01150	0.00930	0.01077	0.15874	0.06231	0.04487	0.00306	0.00652
53	0.01288	0.01287	0.05004	0.09345	0.01778	0.13780	0.12000	0.05535	0.01263	0.01577	0.01507	0.17101	0.01490	0.01177	0.01024	0.20301	0.00682	0.00741	0.02551	0.00568
54	0.01914	0.05330	0.01666	0.05311	0.21765	0.01084	0.01119	0.02234	0.04448	0.37315	0.07636	0.04461	0.01641	0.00722	0.00584	0.00178	0.00544	0.00623	0.00538	0.00887
55	0.03796	0.01673	0.27426	0.02852	0.03240	0.01054	0.01296	0.04500	0.02802	0.31456	0.10236	0.02025	0.03592	0.00725	0.00582	0.00182	0.00604	0.00591	0.00507	0.00862
56	0.02805	0.17353	0.43445	0.11606	0.09247	0.02564	0.01782	0.01775	0.01221	0.01718	0.00995	0.01225	0.00759	0.00543	0.00520	0.00172	0.00782	0.00423	0.00255	0.00809

[dist]
# distance from previous block
# <min> <max>
3	63

[block]
# block no. 6 follows, 40 sequences, length 10
# corresponding to MSA columns:
# 500-509
name=unknown_G
#
# <colnr> <probs for GDERKNQSTAVLIFYWHMCP>
#	G	D	E	R	K	N	Q	S	T	A	V	L	I	F	Y	W	H	M	C	P
0	0.05068	0.01295	0.08742	0.01561	0.15494	0.03890	0.01133	0.02334	0.01493	0.44202	0.01907	0.07345	0.01394	0.00735	0.00581	0.00182	0.00575	0.00617	0.00551	0.00901
1	0.01389	0.01320	0.02193	0.14523	0.59805	0.01373	0.01697	0.01835	0.06639	0.01877	0.01177	0.01509	0.00961	0.00547	0.00578	0.00178	0.00687	0.00528	0.00306	0.00880
2	0.01526	0.02151	0.38451	0.01737	0.07462	0.04154	0.12178	0.02064	0.03841	0.16021	0.03846	0.01564	0.01099	0.00604	0.00584	0.00183	0.00770	0.00529	0.00373	0.00862
3	0.00960	0.00906	0.05749	0.09071	0.03857	0.00818	0.03077	0.01341	0.06667	0.01802	0.11913	0.11099	0.14411	0.01256	0.00701	0.00220	0.00505	0.24552	0.00492	0.00603
4	0.05809	0.01149	0.01429	0.06819	0.05733	0.02894	0.00980	0.09474	0.12922	0.40563	0.04742	0.01913	0.01472	0.00714	0.00577	0.00182	0.00537	0.00582	0.00601	0.00910
5	0.01451	0.01312	0.02014	0.16220	0.48486	0.05403	0.01556	0.01771	0.01338	0.07189	0.01498	0.01770	0.06202	0.00616	0.00582	0.00177	0.00683	0.00565	0.00332	0.00834
6	0.00872	0.00905	0.08734	0.00957	0.03076	0.00672	0.03443	0.01114	0.01330	0.03413	0.11609	0.14973	0.35864	0.01333	0.00689	0.00206	0.00425	0.09306	0.00508	0.00571
7	0.01209	0.01106	0.01584	0.36899	0.06548	0.06621	0.06440	0.01567	0.04040	0.04652	0.11115	0.02319	0.06098	0.06450	0.00778	0.00215	0.00673	0.00663	0.00370	0.00653
8	0.02452	0.01164	0.01424	0.06057	0.01692	0.06342	0.00941	0.07832	0.01708	0.61001	0.02050	0.01844	0.01316	0.00701	0.00580	0.00178	0.00562	0.00561	0.00650	0.00945
9	0.03763	0.02010	0.33422	0.06403	0.26675	0.01324	0.05045	0.01930	0.04000	0.08154	0.01213	0.01420	0.00900	0.00562	0.00566	0.00181	0.00748	0.00493	0.00318	0.00871

[dist]
# distance from previous block
# <min> <max>
29	55

[block]
# block no. 7 follows, 40 sequences, length 12
# corresponding to MSA columns:
# 576-587
name=unknown_H
#
# <colnr> <probs for GDERKNQSTAVLIFYWHMCP>
#	G	D	E	R	K	N	Q	S	T	A	V	L	I	F	Y	W	H	M	C	P
0	0.00927	0.00760	0.02681	0.11351	0.01409	0.00724	0.00771	0.04581	0.01193	0.01612	0.02381	0.40448	0.02675	0.11395	0.00968	0.00256	0.00477	0.06555	0.00454	0.08384
1	0.01496	0.01504	0.02086	0.18777	0.46183	0.11716	0.01613	0.04505	0.03193	0.01827	0.01097	0.01426	0.00891	0.00556	0.00571	0.00175	0.00750	0.00502	0.00302	0.00832
2	0.00782	0.00564	0.00722	0.00800	0.00894	0.00517	0.00569	0.00931	0.01197	0.01634	0.08578	0.54032	0.08581	0.01594	0.00704	0.00218	0.00348	0.07369	0.04772	0.05193
3	0.05483	0.01236	0.01955	0.05632	0.54073	0.01267	0.01487	0.01790	0.06364	0.01988	0.03277	0.01726	0.01187	0.00597	0.00559	0.00175	0.00614	0.02139	0.07606	0.00844
4	0.01700	0.07161	0.17185	0.05711	0.10119	0.08028	0.15087	0.05660	0.01477	0.17922	0.03428	0.01553	0.01085	0.00600	0.00579	0.00177	0.00754	0.00535	0.00395	0.00843
5	0.01179	0.01266	0.08099	0.45651	0.19972	0.01249	0.01583	0.01563	0.01214	0.01649	0.01188	0.01584	0.02967	0.00577	0.00567	0.00179	0.00719	0.00515	0.00280	0.08000
6	0.00869	0.00635	0.00784	0.00848	0.00943	0.00618	0.00593	0.08743	0.01307	0.01728	0.03235	0.64561	0.09583	0.01671	0.00720	0.00226	0.00367	0.01495	0.00544	0.00530
7	0.01400	0.01129	0.02602	0.01195	0.02939	0.01193	0.03920	0.03932	0.44172	0.08431	0.07238	0.05438	0.06729	0.00925	0.00627	0.00200	0.00479	0.06054	0.00572	0.00826
8	0.01404	0.01332	0.02261	0.03395	0.70725	0.01332	0.01726	0.01744	0.01325	0.01889	0.01232	0.01796	0.01090	0.00594	0.00592	0.00179	0.00680	0.05503	0.00305	0.00894
9	0.00829	0.00683	0.00703	0.00714	0.00856	0.04348	0.00519	0.00939	0.01257	0.01541	0.10322	0.13155	0.42192	0.07011	0.01002	0.08114	0.00386	0.04460	0.00496	0.00472
10	0.01236	0.05369	0.05764	0.22326	0.02355	0.04154	0.08268	0.01499	0.01084	0.01495	0.01066	0.06711	0.00987	0.00839	0.01155	0.00217	0.33947	0.00588	0.00280	0.00660
11	0.05137	0.03314	0.07116	0.14381	0.36177	0.01316	0.04454	0.01631	0.01248	0.01822	0.04863	0.01745	0.01187	0.00739	0.02721	0.00206	0.06190	0.02772	0.02203	0.00780

[dist]
# distance from previous block
# <min> <max>
22	45

[block]
# block no. 8 follows, 40 sequences, length 8
# corresponding to MSA columns:
# 635-642
name=unknown_I
#
# <colnr> <probs for GDERKNQSTAVLIFYWHMCP>
#	G	D	E	R	K	N	Q	S	T	A	V	L	I	F	Y	W	H	M	C	P
0	0.01395	0.01376	0.02763	0.17324	0.02984	0.01334	0.48186	0.01826	0.01339	0.07236	0.01218	0.01566	0.00900	0.00520	0.00637	0.00186	0.00860	0.00617	0.00322	0.07410
1	0.00910	0.00780	0.01004	0.22805	0.01778	0.00807	0.00830	0.05976	0.01357	0.01681	0.03978	0.10229	0.43318	0.01195	0.00654	0.00197	0.00459	0.01012	0.00462	0.00567
2	0.05685	0.01344	0.02628	0.29094	0.08125	0.01393	0.39690	0.01717	0.01275	0.01772	0.01101	0.01520	0.00834	0.00527	0.00625	0.00193	0.00860	0.00596	0.00285	0.00736
3	0.01876	0.00996	0.01361	0.06886	0.07589	0.00975	0.00986	0.06072	0.07620	0.36936	0.05746	0.02793	0.01876	0.03426	0.00701	0.00208	0.00534	0.11993	0.00588	0.00839
4	0.02083	0.00926	0.01217	0.01002	0.01361	0.00850	0.00807	0.02459	0.09622	0.51851	0.10048	0.08771	0.02161	0.00897	0.00616	0.00190	0.00456	0.03129	0.00676	0.00878
5	0.01629	0.01176	0.01900	0.07354	0.45020	0.01155	0.01411	0.01940	0.01432	0.19787	0.09820	0.01905	0.01553	0.00646	0.00591	0.00177	0.00602	0.00594	0.00430	0.00878
6	0.01479	0.12081	0.29083	0.01733	0.12624	0.12780	0.03618	0.09266	0.01458	0.01890	0.01339	0.04732	0.04126	0.00654	0.00550	0.00172	0.00768	0.00522	0.00321	0.00805
7	0.01226	0.01138	0.01880	0.44986	0.22882	0.01282	0.04142	0.05152	0.01320	0.01759	0.04461	0.01805	0.04225	0.00631	0.00593	0.00187	0.00711	0.00577	0.00312	0.00731

[dist]
# distance from previous block
# <min> <max>
5	36

# created by:
# /st0/software/busco_prod/Augustus/scripts/msa2prfl.pl ./align_prep/154834.fa
