[name]
unknown

[dist]
# distance from previous block
# <min> <max>
0	112

[block]
# block no. 0 follows, 47 sequences, length 7
# corresponding to MSA columns:
# 113-119
name=unknown_A
#
# <colnr> <probs for GDERKNQSTAVLIFYWHMCP>
#	G	D	E	R	K	N	Q	S	T	A	V	L	I	F	Y	W	H	M	C	P
0	0.01308	0.34844	0.29034	0.01328	0.08502	0.03581	0.01311	0.03561	0.01159	0.05241	0.01006	0.01290	0.00837	0.00533	0.00444	0.00145	0.00637	0.04250	0.00268	0.00722
1	0.13672	0.04862	0.01186	0.04837	0.03770	0.19818	0.00828	0.03999	0.01182	0.05608	0.01456	0.04217	0.05187	0.01211	0.12705	0.00265	0.03299	0.07086	0.01759	0.03054
2	0.04711	0.08334	0.04302	0.44534	0.08950	0.05926	0.04995	0.05058	0.01142	0.01505	0.00943	0.01300	0.00740	0.00686	0.04628	0.00197	0.00721	0.00441	0.00256	0.00629
3	0.03350	0.06458	0.01402	0.23141	0.15749	0.01008	0.01017	0.03400	0.00971	0.01334	0.00908	0.01362	0.00793	0.00968	0.01074	0.29618	0.03887	0.00437	0.00247	0.02874
4	0.01035	0.00906	0.01282	0.14971	0.01666	0.06740	0.10267	0.01311	0.04307	0.04484	0.01440	0.02286	0.01331	0.13179	0.25463	0.00430	0.00885	0.07163	0.00316	0.00537
5	0.15395	0.05941	0.05675	0.06216	0.13176	0.22243	0.05502	0.06911	0.01235	0.01684	0.00885	0.01118	0.00724	0.00664	0.02684	0.02999	0.05621	0.00396	0.00282	0.00648
6	0.36763	0.01045	0.01028	0.00869	0.01166	0.02905	0.03080	0.21446	0.01372	0.02341	0.02872	0.01583	0.04695	0.00702	0.00530	0.05209	0.00457	0.03453	0.07866	0.00617

[dist]
# distance from previous block
# <min> <max>
5	57

[block]
# block no. 1 follows, 47 sequences, length 12
# corresponding to MSA columns:
# 179-190
name=unknown_B
#
# <colnr> <probs for GDERKNQSTAVLIFYWHMCP>
#	G	D	E	R	K	N	Q	S	T	A	V	L	I	F	Y	W	H	M	C	P
0	0.07250	0.03847	0.39092	0.02911	0.08245	0.01174	0.16118	0.01609	0.01127	0.04034	0.01072	0.02353	0.00837	0.00526	0.00507	0.00164	0.00696	0.02686	0.02268	0.03486
1	0.05905	0.05361	0.11242	0.04520	0.03584	0.00982	0.00961	0.04405	0.01276	0.27600	0.10859	0.02000	0.01579	0.00948	0.06374	0.00218	0.06380	0.04661	0.00443	0.00703
2	0.12577	0.09502	0.13425	0.04312	0.05054	0.10191	0.05768	0.01487	0.01060	0.05293	0.01076	0.01401	0.00899	0.03152	0.22252	0.00348	0.00865	0.00438	0.00284	0.00616
3	0.07328	0.06591	0.21750	0.06770	0.06699	0.03076	0.17713	0.08078	0.01260	0.01811	0.06651	0.05145	0.01157	0.00582	0.00516	0.00162	0.00654	0.00527	0.00308	0.03222
4	0.16905	0.35707	0.14705	0.04640	0.01549	0.06541	0.01022	0.01710	0.02688	0.08927	0.00929	0.01026	0.00727	0.00494	0.00398	0.00140	0.00581	0.00339	0.00291	0.00682
5	0.01486	0.01297	0.11165	0.01074	0.01427	0.01184	0.00949	0.39097	0.03589	0.06467	0.06273	0.10622	0.01511	0.04802	0.06408	0.00231	0.00593	0.00627	0.00461	0.00735
6	0.00864	0.16521	0.07234	0.00808	0.01003	0.00848	0.00693	0.01049	0.01100	0.01475	0.18267	0.27334	0.02714	0.08007	0.05661	0.00243	0.00471	0.04793	0.00404	0.00509
7	0.11169	0.11717	0.04152	0.06578	0.01195	0.00910	0.00701	0.01292	0.04693	0.07398	0.10956	0.15344	0.11941	0.05300	0.04263	0.00216	0.00461	0.00750	0.00407	0.00558
8	0.05493	0.18239	0.41065	0.01265	0.05311	0.01246	0.01366	0.01460	0.01056	0.01535	0.01169	0.11939	0.01074	0.00816	0.04639	0.00195	0.00670	0.00519	0.00266	0.00678
9	0.08509	0.61690	0.09700	0.00938	0.01382	0.03654	0.00952	0.01547	0.01046	0.01361	0.00779	0.00923	0.00690	0.00625	0.04237	0.00157	0.00614	0.00304	0.00235	0.00658
10	0.01007	0.18408	0.06892	0.00855	0.01072	0.00988	0.00723	0.09486	0.01152	0.01510	0.01890	0.33892	0.02097	0.13415	0.00871	0.00226	0.00460	0.04129	0.00386	0.00539
11	0.14291	0.10303	0.06892	0.05069	0.01350	0.01014	0.00814	0.05850	0.02286	0.25973	0.03494	0.11305	0.03715	0.03443	0.01813	0.00185	0.00484	0.00595	0.00443	0.00682

[dist]
# distance from previous block
# <min> <max>
0	1

[block]
# block no. 2 follows, 47 sequences, length 44
# corresponding to MSA columns:
# 192-235
name=unknown_C
#
# <colnr> <probs for GDERKNQSTAVLIFYWHMCP>
#	G	D	E	R	K	N	Q	S	T	A	V	L	I	F	Y	W	H	M	C	P
0	0.01288	0.58286	0.25543	0.01069	0.01611	0.01806	0.01200	0.01586	0.01071	0.01352	0.00787	0.00914	0.00666	0.00460	0.00382	0.00127	0.00621	0.00310	0.00222	0.00699
1	0.00757	0.00505	0.00568	0.00568	0.00568	0.00505	0.00316	0.00757	0.00757	0.01010	0.01641	0.03408	0.01893	0.81698	0.02651	0.00505	0.00505	0.00757	0.00316	0.00316
2	0.00966	0.00887	0.01473	0.72843	0.03310	0.01098	0.01349	0.01291	0.01024	0.01326	0.00988	0.01512	0.00780	0.04385	0.02761	0.00206	0.00695	0.00480	0.02066	0.00561
3	0.00640	0.00457	0.00611	0.00732	0.00765	0.00428	0.00493	0.00735	0.01003	0.01336	0.02867	0.79219	0.03432	0.01626	0.00666	0.00212	0.00307	0.03563	0.00483	0.00425
4	0.01080	0.00926	0.01080	0.00771	0.01234	0.00694	0.00617	0.01311	0.01080	0.01697	0.00926	0.01080	0.00771	0.00386	0.00386	0.00077	0.00386	0.00309	0.00309	0.84882
5	0.00658	0.00556	0.00614	0.04627	0.00890	0.00493	0.00497	0.00813	0.01181	0.01419	0.04782	0.04922	0.66139	0.01291	0.00622	0.00183	0.00309	0.09082	0.00470	0.00451
6	0.04157	0.04689	0.02726	0.01225	0.01515	0.44228	0.00965	0.13590	0.10643	0.01725	0.01058	0.01176	0.00848	0.00774	0.05077	0.00187	0.04010	0.00401	0.00337	0.00668
7	0.01150	0.01172	0.01776	0.01468	0.01533	0.01561	0.10363	0.01304	0.00850	0.01304	0.00729	0.01172	0.00697	0.00854	0.01575	0.00221	0.70977	0.00475	0.00232	0.00586
8	0.01027	0.00970	0.01641	0.69354	0.14337	0.01169	0.01468	0.01369	0.01062	0.01384	0.00933	0.01374	0.00713	0.00513	0.00520	0.00171	0.00683	0.00463	0.00235	0.00614
9	0.01036	0.00879	0.01030	0.00754	0.01179	0.00669	0.00600	0.01266	0.01117	0.01722	0.07778	0.01442	0.03450	0.00473	0.00412	0.00088	0.00370	0.00387	0.00337	0.75011
10	0.01264	0.01071	0.01139	0.01019	0.01302	0.01222	0.00794	0.06004	0.65816	0.02203	0.08493	0.02148	0.03712	0.00748	0.00539	0.00175	0.00402	0.00625	0.00532	0.00790
11	0.01045	0.02694	0.79000	0.01484	0.02254	0.01209	0.01924	0.01649	0.01099	0.01649	0.00935	0.01099	0.00660	0.00495	0.00495	0.00165	0.00770	0.00385	0.00220	0.00770
12	0.01945	0.02482	0.01476	0.01342	0.01610	0.79608	0.01006	0.02079	0.01476	0.01275	0.00805	0.00939	0.00671	0.00537	0.00470	0.00134	0.00939	0.00335	0.00268	0.00604
13	0.00694	0.00501	0.00656	0.00680	0.00767	0.00463	0.00486	0.00876	0.01279	0.01773	0.46791	0.34407	0.06092	0.01294	0.00634	0.00183	0.00268	0.01158	0.00536	0.00463
14	0.01416	0.69086	0.04359	0.04642	0.01488	0.09104	0.00952	0.01599	0.01097	0.01245	0.00746	0.00877	0.00670	0.00459	0.00359	0.00118	0.00603	0.00295	0.00227	0.00661
15	0.00799	0.00620	0.00748	0.00808	0.00910	0.00638	0.00577	0.01225	0.19082	0.01543	0.02775	0.56334	0.05692	0.01393	0.00634	0.00203	0.00335	0.04669	0.00494	0.00521
16	0.01213	0.41117	0.42053	0.01197	0.01810	0.01622	0.01424	0.01606	0.01079	0.01444	0.00833	0.00972	0.00664	0.00471	0.00417	0.00139	0.00667	0.00333	0.00221	0.00721
17	0.13246	0.15844	0.03296	0.01152	0.01454	0.49115	0.00927	0.01840	0.01273	0.01411	0.00807	0.00999	0.00696	0.03193	0.00531	0.00149	0.02861	0.00336	0.00267	0.00603
18	0.00712	0.00512	0.00676	0.00690	0.00785	0.00476	0.00505	0.00912	0.01321	0.01841	0.52549	0.26740	0.04393	0.01249	0.00634	0.00181	0.00273	0.04538	0.00543	0.00471
19	0.01050	0.02652	0.76561	0.01507	0.02269	0.01213	0.04322	0.01650	0.01104	0.01650	0.00938	0.01109	0.00664	0.00493	0.00499	0.00165	0.00773	0.00392	0.00221	0.00767
20	0.01229	0.01405	0.03073	0.02195	0.02722	0.01317	0.76558	0.01668	0.01229	0.01668	0.01054	0.01405	0.00790	0.00439	0.00615	0.00176	0.00878	0.00615	0.00263	0.00702
21	0.02336	0.00886	0.01209	0.00927	0.01329	0.00765	0.00765	0.02538	0.01491	0.78810	0.02055	0.01773	0.01289	0.00645	0.00524	0.00161	0.00443	0.00524	0.00645	0.00886
22	0.01924	0.01431	0.01532	0.01187	0.01594	0.01589	0.00976	0.70754	0.08497	0.03193	0.01320	0.01306	0.00942	0.00632	0.00522	0.00158	0.00560	0.00479	0.00522	0.00881
23	0.00671	0.00549	0.03382	0.00737	0.00813	0.00465	0.00536	0.00814	0.01104	0.01505	0.19136	0.61732	0.03665	0.01469	0.00648	0.00200	0.00306	0.01325	0.00494	0.00450
24	0.01353	0.71252	0.07007	0.00962	0.01391	0.01976	0.00969	0.01541	0.01040	0.01252	0.00733	0.00874	0.00669	0.00484	0.00449	0.00123	0.06737	0.00298	0.00223	0.00667
25	0.01274	0.01106	0.01230	0.03241	0.05831	0.01269	0.00877	0.02620	0.69318	0.02127	0.03834	0.01937	0.01602	0.00696	0.00531	0.00175	0.00427	0.00587	0.00508	0.00810
26	0.01222	0.01284	0.02509	0.09696	0.16209	0.01304	0.44380	0.04038	0.01203	0.01653	0.01046	0.01473	0.00840	0.00528	0.00689	0.00178	0.08215	0.02561	0.00270	0.00700
27	0.00639	0.00470	0.00600	0.00702	0.00759	0.00432	0.00482	0.00741	0.01034	0.01350	0.03246	0.66652	0.15235	0.01575	0.00659	0.00207	0.00302	0.04004	0.00483	0.00428
28	0.01527	0.01245	0.01280	0.01074	0.01419	0.05477	0.00851	0.20759	0.43803	0.06047	0.01715	0.01626	0.01272	0.00643	0.00510	0.00159	0.00479	0.00515	0.00497	0.09101
29	0.02026	0.01384	0.01517	0.01163	0.01578	0.01504	0.00961	0.67066	0.02324	0.13105	0.01355	0.01318	0.00938	0.00628	0.00521	0.00157	0.00556	0.00476	0.00537	0.00886
30	0.01947	0.01442	0.01544	0.01192	0.01602	0.01600	0.00982	0.73168	0.06047	0.03229	0.01292	0.01284	0.00919	0.00629	0.00521	0.00157	0.00565	0.00475	0.00521	0.00883
31	0.01945	0.02482	0.01476	0.01342	0.01610	0.79608	0.01006	0.02079	0.01476	0.01275	0.00805	0.00939	0.00671	0.00537	0.00470	0.00134	0.00939	0.00335	0.00268	0.00604
32	0.00672	0.00526	0.00608	0.00595	0.00740	0.00462	0.00443	0.00853	0.01308	0.01713	0.38266	0.08237	0.41278	0.01219	0.00617	0.00172	0.00257	0.01046	0.00524	0.00462
33	0.85377	0.01007	0.00765	0.00685	0.01007	0.01168	0.00564	0.01531	0.00886	0.02336	0.00725	0.00846	0.00564	0.00483	0.00322	0.00161	0.00403	0.00282	0.00322	0.00564
34	0.00756	0.00509	0.00587	0.00587	0.00593	0.00515	0.00339	0.00769	0.00763	0.01024	0.01624	0.03313	0.01852	0.76261	0.08032	0.00528	0.00567	0.00743	0.00313	0.00326
35	0.01033	0.00976	0.01652	0.67858	0.15786	0.01170	0.01471	0.01374	0.01065	0.01391	0.00934	0.01372	0.00715	0.00511	0.00520	0.00170	0.00682	0.00463	0.00236	0.00619
36	0.00634	0.00453	0.00604	0.00725	0.00755	0.00423	0.00483	0.00725	0.00997	0.01329	0.02870	0.81358	0.03444	0.01632	0.00665	0.00211	0.00302	0.01480	0.00483	0.00423
37	0.00634	0.00453	0.00604	0.00725	0.00755	0.00423	0.00483	0.00725	0.00997	0.01329	0.02870	0.81358	0.03444	0.01632	0.00665	0.00211	0.00302	0.01480	0.00483	0.00423
38	0.01229	0.01405	0.03073	0.02195	0.02722	0.01317	0.76558	0.01668	0.01229	0.01668	0.01054	0.01405	0.00790	0.00439	0.00615	0.00176	0.00878	0.00615	0.00263	0.00702
39	0.01289	0.01237	0.02114	0.03196	0.78450	0.01237	0.01598	0.01598	0.01186	0.01701	0.00980	0.01289	0.00825	0.00464	0.00516	0.00155	0.00619	0.00464	0.00258	0.00825
40	0.00839	0.00599	0.00839	0.00959	0.01079	0.00599	0.00839	0.01079	0.01199	0.01558	0.02757	0.05874	0.02997	0.01439	0.00719	0.00240	0.00480	0.74945	0.00480	0.00480
41	0.85377	0.01007	0.00765	0.00685	0.01007	0.01168	0.00564	0.01531	0.00886	0.02336	0.00725	0.00846	0.00564	0.00483	0.00322	0.00161	0.00403	0.00282	0.00322	0.00564
42	0.00905	0.00452	0.00678	0.00678	0.00678	0.00452	0.00452	0.00678	0.00678	0.00905	0.00905	0.01583	0.00905	0.01809	0.02035	0.84848	0.00452	0.00452	0.00226	0.00226
43	0.01285	0.01223	0.02067	0.08005	0.72015	0.01241	0.01575	0.03273	0.01205	0.01714	0.00982	0.01294	0.00818	0.00471	0.00516	0.00156	0.00622	0.00464	0.00262	0.00811

[dist]
# distance from previous block
# <min> <max>
0	1

[block]
# block no. 3 follows, 47 sequences, length 8
# corresponding to MSA columns:
# 237-244
name=unknown_D
#
# <colnr> <probs for GDERKNQSTAVLIFYWHMCP>
#	G	D	E	R	K	N	Q	S	T	A	V	L	I	F	Y	W	H	M	C	P
0	0.85377	0.01007	0.00765	0.00685	0.01007	0.01168	0.00564	0.01531	0.00886	0.02336	0.00725	0.00846	0.00564	0.00483	0.00322	0.00161	0.00403	0.00282	0.00322	0.00564
1	0.01289	0.01237	0.02114	0.03196	0.78450	0.01237	0.01598	0.01598	0.01186	0.01701	0.00980	0.01289	0.00825	0.00464	0.00516	0.00155	0.00619	0.00464	0.00258	0.00825
2	0.85377	0.01007	0.00765	0.00685	0.01007	0.01168	0.00564	0.01531	0.00886	0.02336	0.00725	0.00846	0.00564	0.00483	0.00322	0.00161	0.00403	0.00282	0.00322	0.00564
3	0.00634	0.00453	0.00604	0.00725	0.00755	0.00423	0.00483	0.00725	0.00997	0.01329	0.02870	0.81358	0.03444	0.01632	0.00665	0.00211	0.00302	0.01480	0.00483	0.00423
4	0.85377	0.01007	0.00765	0.00685	0.01007	0.01168	0.00564	0.01531	0.00886	0.02336	0.00725	0.00846	0.00564	0.00483	0.00322	0.00161	0.00403	0.00282	0.00322	0.00564
5	0.01289	0.01237	0.02114	0.03196	0.78450	0.01237	0.01598	0.01598	0.01186	0.01701	0.00980	0.01289	0.00825	0.00464	0.00516	0.00155	0.00619	0.00464	0.00258	0.00825
6	0.01586	0.37360	0.02203	0.01234	0.01595	0.33256	0.08949	0.01766	0.01232	0.01293	0.00789	0.00953	0.00683	0.00505	0.00487	0.00133	0.04744	0.00346	0.00246	0.00641
7	0.01045	0.02694	0.79000	0.01484	0.02254	0.01209	0.01924	0.01649	0.01099	0.01649	0.00935	0.01099	0.00660	0.00495	0.00495	0.00165	0.00770	0.00385	0.00220	0.00770

[dist]
# distance from previous block
# <min> <max>
0	1

[block]
# block no. 4 follows, 47 sequences, length 53
# corresponding to MSA columns:
# 246-290,292-299
name=unknown_E
#
# <colnr> <probs for GDERKNQSTAVLIFYWHMCP>
#	G	D	E	R	K	N	Q	S	T	A	V	L	I	F	Y	W	H	M	C	P
0	0.01216	0.01382	0.03011	0.02155	0.02671	0.01295	0.74567	0.01650	0.01236	0.01679	0.03073	0.01470	0.00898	0.00455	0.00615	0.00175	0.00861	0.00623	0.00272	0.00697
1	0.85377	0.01007	0.00765	0.00685	0.01007	0.01168	0.00564	0.01531	0.00886	0.02336	0.00725	0.00846	0.00564	0.00483	0.00322	0.00161	0.00403	0.00282	0.00322	0.00564
2	0.00622	0.00530	0.00537	0.00540	0.00714	0.00444	0.00408	0.00757	0.01187	0.01411	0.05203	0.05037	0.76062	0.01322	0.00618	0.00178	0.00270	0.03235	0.00483	0.00441
3	0.00945	0.00778	0.00862	0.00812	0.01011	0.00823	0.00616	0.01684	0.34351	0.01916	0.23095	0.10804	0.18183	0.01016	0.00583	0.00176	0.00327	0.00873	0.00528	0.00619
4	0.01045	0.02694	0.79000	0.01484	0.02254	0.01209	0.01924	0.01649	0.01099	0.01649	0.00935	0.01099	0.00660	0.00495	0.00495	0.00165	0.00770	0.00385	0.00220	0.00770
5	0.01080	0.00926	0.01080	0.00771	0.01234	0.00694	0.00617	0.01311	0.01080	0.01697	0.00926	0.01080	0.00771	0.00386	0.00386	0.00077	0.00386	0.00309	0.00309	0.84882
6	0.00615	0.00528	0.00528	0.00528	0.00703	0.00440	0.00396	0.00747	0.01187	0.01407	0.05276	0.05012	0.78238	0.01319	0.00615	0.00176	0.00264	0.01099	0.00484	0.00440
7	0.01257	0.01205	0.02057	0.11189	0.70704	0.01229	0.01583	0.01571	0.01171	0.01663	0.00974	0.01299	0.00811	0.00470	0.00516	0.00157	0.00626	0.00464	0.00255	0.00799
8	0.02100	0.01232	0.01418	0.01091	0.01499	0.01282	0.00900	0.46564	0.03888	0.32143	0.01579	0.01467	0.01057	0.00635	0.00522	0.00159	0.00519	0.00493	0.00568	0.00884
9	0.81122	0.05111	0.00865	0.00695	0.01024	0.01213	0.00581	0.01532	0.00895	0.02280	0.00725	0.00845	0.00569	0.00481	0.00323	0.00159	0.00411	0.00282	0.00317	0.00569
10	0.00687	0.00564	0.00616	0.00634	0.00800	0.00505	0.00496	0.00898	0.04479	0.01482	0.06571	0.06988	0.57979	0.01315	0.00631	0.00188	0.00308	0.13909	0.00487	0.00464
11	0.00983	0.00926	0.01562	0.80447	0.03587	0.01157	0.01446	0.01331	0.01041	0.01331	0.00926	0.01388	0.00694	0.00521	0.00521	0.00174	0.00694	0.00463	0.00231	0.00579
12	0.01392	0.82012	0.02729	0.00891	0.01337	0.02061	0.00891	0.01559	0.01058	0.01225	0.00724	0.00835	0.00668	0.00446	0.00334	0.00111	0.00557	0.00278	0.00223	0.00668
13	0.01371	0.00964	0.01199	0.08409	0.01507	0.00843	0.00765	0.07129	0.01246	0.16035	0.01152	0.01252	0.00866	0.00478	0.00469	0.00112	0.02566	0.00379	0.00377	0.52883
14	0.01221	0.01168	0.01992	0.20295	0.61880	0.01220	0.01565	0.01539	0.01154	0.01619	0.00968	0.01311	0.00796	0.00477	0.00517	0.00159	0.00635	0.00464	0.00252	0.00770
15	0.00634	0.00453	0.00604	0.00725	0.00755	0.00423	0.00483	0.00725	0.00997	0.01329	0.02870	0.81358	0.03444	0.01632	0.00665	0.00211	0.00302	0.01480	0.00483	0.00423
16	0.85377	0.01007	0.00765	0.00685	0.01007	0.01168	0.00564	0.01531	0.00886	0.02336	0.00725	0.00846	0.00564	0.00483	0.00322	0.00161	0.00403	0.00282	0.00322	0.00564
17	0.00681	0.00519	0.00625	0.00621	0.00749	0.00464	0.00457	0.00865	0.01308	0.01746	0.42376	0.15223	0.30011	0.01232	0.00622	0.00175	0.00260	0.01072	0.00530	0.00464
18	0.85377	0.01007	0.00765	0.00685	0.01007	0.01168	0.00564	0.01531	0.00886	0.02336	0.00725	0.00846	0.00564	0.00483	0.00322	0.00161	0.00403	0.00282	0.00322	0.00564
19	0.01289	0.01237	0.02114	0.03196	0.78450	0.01237	0.01598	0.01598	0.01186	0.01701	0.00980	0.01289	0.00825	0.00464	0.00516	0.00155	0.00619	0.00464	0.00258	0.00825
20	0.01229	0.01405	0.03073	0.02195	0.02722	0.01317	0.76558	0.01668	0.01229	0.01668	0.01054	0.01405	0.00790	0.00439	0.00615	0.00176	0.00878	0.00615	0.00263	0.00702
21	0.01045	0.02694	0.79000	0.01484	0.02254	0.01209	0.01924	0.01649	0.01099	0.01649	0.00935	0.01099	0.00660	0.00495	0.00495	0.00165	0.00770	0.00385	0.00220	0.00770
22	0.01099	0.02311	0.56438	0.01695	0.02393	0.01241	0.24102	0.01655	0.01138	0.01655	0.00970	0.01190	0.00698	0.00478	0.00530	0.00168	0.00802	0.00453	0.00233	0.00750
23	0.01392	0.82012	0.02729	0.00891	0.01337	0.02061	0.00891	0.01559	0.01058	0.01225	0.00724	0.00835	0.00668	0.00446	0.00334	0.00111	0.00557	0.00278	0.00223	0.00668
24	0.01377	0.78595	0.06014	0.00917	0.01376	0.02024	0.00936	0.01563	0.01060	0.01243	0.00733	0.00847	0.00668	0.00448	0.00341	0.00114	0.00566	0.00283	0.00223	0.00673
25	0.00754	0.00519	0.00638	0.00638	0.00662	0.00543	0.00402	0.00802	0.00778	0.01061	0.01577	0.03055	0.01740	0.61569	0.22571	0.00591	0.00735	0.00706	0.00306	0.00354
26	0.00756	0.00510	0.00594	0.00594	0.00603	0.00519	0.00348	0.00774	0.00765	0.01029	0.01617	0.03275	0.01836	0.74130	0.10140	0.00537	0.00591	0.00738	0.00312	0.00330
27	0.01295	0.01119	0.01178	0.01060	0.01354	0.01295	0.00824	0.02767	0.77509	0.02178	0.02120	0.01943	0.01590	0.00707	0.00530	0.00177	0.00412	0.00589	0.00530	0.00824
28	0.02260	0.01008	0.01284	0.00984	0.01390	0.00946	0.00813	0.18341	0.01695	0.62720	0.01883	0.01661	0.01203	0.00640	0.00523	0.00160	0.00471	0.00512	0.00618	0.00886
29	0.01045	0.02694	0.79000	0.01484	0.02254	0.01209	0.01924	0.01649	0.01099	0.01649	0.00935	0.01099	0.00660	0.00495	0.00495	0.00165	0.00770	0.00385	0.00220	0.00770
30	0.03060	0.07853	0.72152	0.01427	0.02164	0.01264	0.01824	0.01641	0.01092	0.01638	0.00916	0.01076	0.00658	0.00491	0.00480	0.00161	0.00747	0.00375	0.00223	0.00758
31	0.01945	0.02482	0.01476	0.01342	0.01610	0.79608	0.01006	0.02079	0.01476	0.01275	0.00805	0.00939	0.00671	0.00537	0.00470	0.00134	0.00939	0.00335	0.00268	0.00604
32	0.00663	0.00529	0.00593	0.00577	0.00733	0.00460	0.00433	0.00839	0.01299	0.01673	0.33765	0.04573	0.49583	0.01220	0.00615	0.00171	0.00257	0.01038	0.00519	0.00460
33	0.01216	0.01374	0.02930	0.04208	0.02650	0.01332	0.69325	0.01630	0.01194	0.01630	0.01024	0.01386	0.00780	0.00474	0.00688	0.00179	0.06429	0.00600	0.00260	0.00690
34	0.00983	0.00926	0.01562	0.80447	0.03587	0.01157	0.01446	0.01331	0.01041	0.01331	0.00926	0.01388	0.00694	0.00521	0.00521	0.00174	0.00694	0.00463	0.00231	0.00579
35	0.01151	0.01097	0.01865	0.37981	0.44740	0.01201	0.01530	0.01478	0.01121	0.01534	0.00955	0.01334	0.00766	0.00490	0.00518	0.00163	0.00653	0.00463	0.00246	0.00714
36	0.01266	0.01214	0.02072	0.09028	0.72799	0.01231	0.01587	0.01578	0.01175	0.01673	0.00975	0.01296	0.00815	0.00468	0.00516	0.00156	0.00624	0.00464	0.00256	0.00806
37	0.00634	0.00453	0.00604	0.00725	0.00755	0.00423	0.00483	0.00725	0.00997	0.01329	0.02870	0.81358	0.03444	0.01632	0.00665	0.00211	0.00302	0.01480	0.00483	0.00423
38	0.01408	0.57142	0.15852	0.01057	0.01534	0.12678	0.01087	0.01647	0.01123	0.01306	0.00772	0.00896	0.00667	0.00467	0.00381	0.00124	0.00647	0.00305	0.00229	0.00677
39	0.00694	0.00552	0.00615	0.00591	0.00753	0.00487	0.00446	0.02672	0.01324	0.01705	0.32222	0.04505	0.49166	0.01208	0.00613	0.00171	0.00265	0.01025	0.00518	0.00470
40	0.01045	0.02694	0.79000	0.01484	0.02254	0.01209	0.01924	0.01649	0.01099	0.01649	0.00935	0.01099	0.00660	0.00495	0.00495	0.00165	0.00770	0.00385	0.00220	0.00770
41	0.00695	0.00533	0.00701	0.05495	0.00947	0.00522	0.00558	0.00841	0.01116	0.01480	0.16600	0.43057	0.15794	0.02961	0.00708	0.00202	0.02427	0.04436	0.00474	0.00452
42	0.01092	0.05746	0.73983	0.01447	0.02194	0.01231	0.01853	0.01669	0.01108	0.03652	0.00956	0.01107	0.00676	0.00497	0.00489	0.00163	0.00753	0.00384	0.00231	0.00769
43	0.01063	0.04374	0.73967	0.01453	0.02195	0.01232	0.01854	0.01695	0.04390	0.01663	0.00981	0.01130	0.00700	0.00503	0.00493	0.00164	0.00750	0.00391	0.00233	0.00770
44	0.01315	0.01160	0.01187	0.01068	0.01362	0.03649	0.00830	0.02747	0.75223	0.02151	0.02080	0.01913	0.01562	0.00701	0.00528	0.00175	0.00428	0.00581	0.00522	0.00818
45	0.01045	0.02694	0.79000	0.01484	0.02254	0.01209	0.01924	0.01649	0.01099	0.01649	0.00935	0.01099	0.00660	0.00495	0.00495	0.00165	0.00770	0.00385	0.00220	0.00770
46	0.01054	0.04818	0.76958	0.01468	0.02229	0.01232	0.01896	0.01647	0.01098	0.01638	0.00929	0.01092	0.00660	0.00493	0.00490	0.00163	0.00764	0.00382	0.00220	0.00767
47	0.01083	0.01077	0.01232	0.01112	0.01207	0.11106	0.02946	0.03478	0.02588	0.01403	0.03772	0.22163	0.08918	0.01065	0.01060	0.00200	0.33915	0.00785	0.00348	0.00540
48	0.01767	0.00762	0.01003	0.00815	0.01128	0.00661	0.00656	0.01961	0.01425	0.52454	0.14142	0.04826	0.14399	0.00845	0.00556	0.00165	0.00380	0.00707	0.00603	0.00741
49	0.01269	0.01217	0.02078	0.08275	0.73528	0.01232	0.01588	0.01581	0.01176	0.01677	0.00976	0.01295	0.00816	0.00468	0.00516	0.00156	0.00624	0.00464	0.00256	0.00809
50	0.01289	0.01237	0.02114	0.03196	0.78450	0.01237	0.01598	0.01598	0.01186	0.01701	0.00980	0.01289	0.00825	0.00464	0.00516	0.00155	0.00619	0.00464	0.00258	0.00825
51	0.00991	0.00931	0.01552	0.78424	0.03530	0.01161	0.01430	0.01367	0.02990	0.01352	0.00956	0.01403	0.00717	0.00525	0.00521	0.00174	0.00687	0.00466	0.00239	0.00585
52	0.01045	0.02694	0.79000	0.01484	0.02254	0.01209	0.01924	0.01649	0.01099	0.01649	0.00935	0.01099	0.00660	0.00495	0.00495	0.00165	0.00770	0.00385	0.00220	0.00770

[dist]
# distance from previous block
# <min> <max>
0	66

[block]
# block no. 5 follows, 47 sequences, length 59
# corresponding to MSA columns:
# 366-413,421-431
name=unknown_F
#
# <colnr> <probs for GDERKNQSTAVLIFYWHMCP>
#	G	D	E	R	K	N	Q	S	T	A	V	L	I	F	Y	W	H	M	C	P
0	0.00759	0.00556	0.00715	0.00671	0.00801	0.00523	0.00505	0.01054	0.04509	0.02092	0.75139	0.03812	0.04781	0.01050	0.00611	0.00164	0.00252	0.00928	0.00572	0.00505
1	0.00718	0.00616	0.02817	0.00790	0.00918	0.00542	0.03881	0.00930	0.04570	0.01483	0.09336	0.44843	0.19454	0.01382	0.00640	0.00197	0.00342	0.05588	0.00476	0.00475
2	0.02285	0.00958	0.04314	0.00949	0.01366	0.00783	0.00812	0.02502	0.01475	0.75730	0.02010	0.01746	0.01264	0.00639	0.00523	0.00161	0.00456	0.00518	0.00628	0.00882
3	0.01057	0.05458	0.76342	0.01464	0.02222	0.01239	0.01888	0.01646	0.01098	0.01634	0.00927	0.01090	0.00660	0.00493	0.00489	0.00163	0.00762	0.00381	0.00220	0.00766
4	0.00983	0.00926	0.01562	0.80447	0.03587	0.01157	0.01446	0.01331	0.01041	0.01331	0.00926	0.01388	0.00694	0.00521	0.00521	0.00174	0.00694	0.00463	0.00231	0.00579
5	0.03997	0.02635	0.76261	0.01456	0.02210	0.01208	0.01876	0.01645	0.01092	0.01673	0.00927	0.01091	0.00656	0.00494	0.00489	0.00165	0.00757	0.00381	0.00223	0.00762
6	0.01183	0.01318	0.04003	0.01889	0.02274	0.01335	0.52190	0.01583	0.04393	0.01585	0.01097	0.04877	0.00915	0.00606	0.00848	0.00188	0.18160	0.00613	0.00276	0.00668
7	0.01289	0.01237	0.02114	0.03196	0.78450	0.01237	0.01598	0.01598	0.01186	0.01701	0.00980	0.01289	0.00825	0.00464	0.00516	0.00155	0.00619	0.00464	0.00258	0.00825
8	0.00615	0.00528	0.00528	0.00528	0.00703	0.00440	0.00396	0.00747	0.01187	0.01407	0.05276	0.05012	0.78238	0.01319	0.00615	0.00176	0.00264	0.01099	0.00484	0.00440
9	0.01168	0.01558	0.15457	0.11957	0.02753	0.01279	0.54714	0.01622	0.01184	0.01622	0.01018	0.01352	0.00756	0.00459	0.00583	0.00174	0.00837	0.00557	0.00252	0.00698
10	0.05184	0.01269	0.01260	0.01084	0.01405	0.06144	0.00856	0.21039	0.49148	0.02388	0.01830	0.01727	0.02971	0.00679	0.00517	0.00168	0.00481	0.00541	0.00502	0.00806
11	0.01106	0.16720	0.65513	0.01379	0.02092	0.01360	0.01741	0.01633	0.01092	0.01574	0.00897	0.01053	0.00661	0.00486	0.00466	0.00155	0.00732	0.00366	0.00220	0.00752
12	0.00737	0.00532	0.00696	0.00655	0.00778	0.00491	0.00491	0.00983	0.01474	0.02088	0.78175	0.03890	0.04914	0.01065	0.00614	0.00164	0.00246	0.00942	0.00573	0.00491
13	0.01312	0.01281	0.02092	0.03132	0.75771	0.03969	0.01578	0.01615	0.01196	0.01686	0.00973	0.01277	0.00820	0.00467	0.00514	0.00154	0.00630	0.00460	0.00258	0.00817
14	0.01045	0.02694	0.79000	0.01484	0.02254	0.01209	0.01924	0.01649	0.01099	0.01649	0.00935	0.01099	0.00660	0.00495	0.00495	0.00165	0.00770	0.00385	0.00220	0.00770
15	0.00615	0.00528	0.00528	0.00528	0.00703	0.00440	0.00396	0.00747	0.01187	0.01407	0.05276	0.05012	0.78238	0.01319	0.00615	0.00176	0.00264	0.01099	0.00484	0.00440
16	0.01068	0.01054	0.01879	0.53988	0.11440	0.01220	0.14145	0.01412	0.01074	0.01423	0.00938	0.01365	0.00724	0.00525	0.00609	0.00175	0.05609	0.00488	0.00239	0.00626
17	0.01276	0.01224	0.02090	0.06508	0.75240	0.01234	0.01592	0.01587	0.01180	0.01685	0.00977	0.01293	0.00819	0.00466	0.00516	0.00155	0.00622	0.00464	0.00257	0.00814
18	0.00899	0.00649	0.00801	0.00737	0.00901	0.00644	0.00561	0.01358	0.14834	0.05167	0.61774	0.03463	0.04185	0.00985	0.00596	0.00166	0.00283	0.00863	0.00568	0.00566
19	0.00757	0.00505	0.00568	0.00568	0.00568	0.00505	0.00316	0.00757	0.00757	0.01010	0.01641	0.03408	0.01893	0.81698	0.02651	0.00505	0.00505	0.00757	0.00316	0.00316
20	0.00749	0.00537	0.00732	0.00732	0.00789	0.00594	0.00521	0.00863	0.00806	0.01132	0.01490	0.02575	0.01532	0.34135	0.49719	0.00708	0.01049	0.00635	0.00293	0.00407
21	0.00971	0.00485	0.00485	0.00485	0.00607	0.00485	0.00364	0.01213	0.01092	0.01942	0.01699	0.01942	0.01335	0.00607	0.00364	0.00121	0.00243	0.00485	0.84589	0.00485
22	0.01342	0.24585	0.40781	0.01274	0.01858	0.11196	0.01434	0.08877	0.01264	0.01642	0.00890	0.01021	0.00685	0.00499	0.00450	0.00145	0.00713	0.00357	0.00256	0.00732
23	0.00634	0.00453	0.00604	0.00725	0.00755	0.00423	0.00483	0.00725	0.00997	0.01329	0.02870	0.81358	0.03444	0.01632	0.00665	0.00211	0.00302	0.01480	0.00483	0.00423
24	0.00971	0.00485	0.00485	0.00485	0.00607	0.00485	0.00364	0.01213	0.01092	0.01942	0.01699	0.01942	0.01335	0.00607	0.00364	0.00121	0.00243	0.00485	0.84589	0.00485
25	0.01915	0.02288	0.01452	0.01294	0.01575	0.67383	0.00982	0.11097	0.01580	0.01541	0.00890	0.01012	0.00720	0.00550	0.00472	0.00136	0.00870	0.00357	0.03251	0.00634
26	0.01289	0.01237	0.02114	0.03196	0.78450	0.01237	0.01598	0.01598	0.01186	0.01701	0.00980	0.01289	0.00825	0.00464	0.00516	0.00155	0.00619	0.00464	0.00258	0.00825
27	0.01229	0.01405	0.03073	0.02195	0.02722	0.01317	0.76558	0.01668	0.01229	0.01668	0.01054	0.01405	0.00790	0.00439	0.00615	0.00176	0.00878	0.00615	0.00263	0.00702
28	0.00744	0.00558	0.00837	0.00837	0.00930	0.00651	0.00651	0.00930	0.00837	0.01209	0.01395	0.02046	0.01302	0.03906	0.79635	0.00837	0.01395	0.00558	0.00279	0.00465
29	0.01252	0.01200	0.02047	0.12561	0.69374	0.01228	0.01580	0.01566	0.01168	0.01656	0.00973	0.01301	0.00809	0.00471	0.00516	0.00157	0.00628	0.00464	0.00255	0.00795
30	0.00718	0.00535	0.00673	0.00762	0.00823	0.00531	0.00521	0.00973	0.10267	0.01425	0.02749	0.69842	0.03182	0.03460	0.00696	0.00214	0.00320	0.01355	0.00485	0.00469
31	0.02143	0.00843	0.01146	0.00894	0.01263	0.00732	0.00732	0.02349	0.01489	0.69509	0.11282	0.02029	0.01729	0.00695	0.00535	0.00161	0.00419	0.00574	0.00636	0.00838
32	0.00862	0.00662	0.00895	0.00936	0.01053	0.00708	0.00790	0.01137	0.04466	0.01627	0.14982	0.04771	0.05835	0.01348	0.02727	0.00236	0.08618	0.47379	0.00467	0.00504
33	0.01045	0.02694	0.79000	0.01484	0.02254	0.01209	0.01924	0.01649	0.01099	0.01649	0.00935	0.01099	0.00660	0.00495	0.00495	0.00165	0.00770	0.00385	0.00220	0.00770
34	0.00757	0.00505	0.00568	0.00568	0.00568	0.00505	0.00316	0.00757	0.00757	0.01010	0.01641	0.03408	0.01893	0.81698	0.02651	0.00505	0.00505	0.00757	0.00316	0.00316
35	0.01045	0.02694	0.79000	0.01484	0.02254	0.01209	0.01924	0.01649	0.01099	0.01649	0.00935	0.01099	0.00660	0.00495	0.00495	0.00165	0.00770	0.00385	0.00220	0.00770
36	0.16231	0.01006	0.01131	0.00919	0.01258	0.01039	0.00746	0.18538	0.09804	0.29304	0.12930	0.01829	0.01644	0.00681	0.00502	0.00162	0.00432	0.00539	0.00539	0.00765
37	0.01139	0.01139	0.01595	0.01367	0.01367	0.01595	0.01139	0.01253	0.00798	0.01253	0.00684	0.01139	0.00684	0.00911	0.01709	0.00228	0.80745	0.00456	0.00228	0.00570
38	0.00634	0.00453	0.00604	0.00725	0.00755	0.00423	0.00483	0.00725	0.00997	0.01329	0.02870	0.81358	0.03444	0.01632	0.00665	0.00211	0.00302	0.01480	0.00483	0.00423
39	0.01954	0.04997	0.01614	0.01185	0.01603	0.01635	0.00985	0.73412	0.02387	0.03192	0.01227	0.01232	0.00876	0.00617	0.00513	0.00154	0.00572	0.00460	0.00508	0.00876
40	0.01980	0.01459	0.01563	0.01198	0.01615	0.01615	0.00990	0.76713	0.02448	0.03282	0.01250	0.01250	0.00886	0.00625	0.00521	0.00156	0.00573	0.00469	0.00521	0.00886
41	0.00744	0.00558	0.00837	0.00837	0.00930	0.00651	0.00651	0.00930	0.00837	0.01209	0.01395	0.02046	0.01302	0.03906	0.79635	0.00837	0.01395	0.00558	0.00279	0.00465
42	0.01392	0.82012	0.02729	0.00891	0.01337	0.02061	0.00891	0.01559	0.01058	0.01225	0.00724	0.00835	0.00668	0.00446	0.00334	0.00111	0.00557	0.00278	0.00223	0.00668
43	0.01139	0.01139	0.01595	0.01367	0.01367	0.01595	0.01139	0.01253	0.00798	0.01253	0.00684	0.01139	0.00684	0.00911	0.01709	0.00228	0.80745	0.00456	0.00228	0.00570
44	0.01945	0.02482	0.01476	0.01342	0.01610	0.79608	0.01006	0.02079	0.01476	0.01275	0.00805	0.00939	0.00671	0.00537	0.00470	0.00134	0.00939	0.00335	0.00268	0.00604
45	0.01139	0.01139	0.01595	0.01367	0.01367	0.01595	0.01139	0.01253	0.00798	0.01253	0.00684	0.01139	0.00684	0.00911	0.01709	0.00228	0.80745	0.00456	0.00228	0.00570
46	0.01042	0.00985	0.01667	0.65727	0.17852	0.01172	0.01475	0.01382	0.01069	0.01401	0.00936	0.01369	0.00719	0.00510	0.00520	0.00170	0.00680	0.00463	0.00236	0.00625
47	0.01289	0.01237	0.02114	0.03196	0.78450	0.01237	0.01598	0.01598	0.01186	0.01701	0.00980	0.01289	0.00825	0.00464	0.00516	0.00155	0.00619	0.00464	0.00258	0.00825
48	0.00983	0.00926	0.01562	0.80447	0.03587	0.01157	0.01446	0.01331	0.01041	0.01331	0.00926	0.01388	0.00694	0.00521	0.00521	0.00174	0.00694	0.00463	0.00231	0.00579
49	0.00757	0.00505	0.00568	0.00568	0.00568	0.00505	0.00316	0.00757	0.00757	0.01010	0.01641	0.03408	0.01893	0.81698	0.02651	0.00505	0.00505	0.00757	0.00316	0.00316
50	0.01289	0.01237	0.02114	0.03196	0.78450	0.01237	0.01598	0.01598	0.01186	0.01701	0.00980	0.01289	0.00825	0.00464	0.00516	0.00155	0.00619	0.00464	0.00258	0.00825
51	0.01070	0.04630	0.70194	0.01533	0.02272	0.01241	0.08614	0.01649	0.01110	0.01640	0.00940	0.01120	0.00672	0.00488	0.00501	0.00164	0.00774	0.00403	0.00224	0.00761
52	0.00839	0.00599	0.00839	0.00959	0.01079	0.00599	0.00839	0.01079	0.01199	0.01558	0.02757	0.05874	0.02997	0.01439	0.00719	0.00240	0.00480	0.74945	0.00480	0.00480
53	0.01099	0.01044	0.01771	0.51113	0.32014	0.01188	0.01504	0.01432	0.01096	0.01471	0.00946	0.01351	0.00744	0.00499	0.00519	0.00166	0.00666	0.00463	0.00241	0.00672
54	0.01061	0.06439	0.75398	0.01456	0.02211	0.01250	0.01875	0.01645	0.01098	0.01629	0.00925	0.01087	0.00660	0.00492	0.00487	0.00162	0.00760	0.00380	0.00220	0.00765
55	0.00879	0.00630	0.00859	0.00959	0.01087	0.00635	0.00829	0.04305	0.01243	0.01622	0.02698	0.09118	0.02927	0.01413	0.00708	0.00235	0.00475	0.68401	0.00481	0.00494
56	0.01159	0.01197	0.01916	0.01547	0.01661	0.01535	0.17522	0.01343	0.00891	0.01343	0.00764	0.01197	0.00707	0.00809	0.01471	0.00217	0.63397	0.00490	0.00236	0.00598
57	0.65918	0.01077	0.00930	0.00788	0.01132	0.01220	0.00650	0.14534	0.01192	0.07199	0.00897	0.00973	0.00664	0.00518	0.00369	0.00160	0.00435	0.00329	0.00376	0.00639
58	0.15096	0.01263	0.01337	0.01061	0.01445	0.01384	0.00870	0.44813	0.11902	0.13529	0.01394	0.01350	0.00983	0.00616	0.00491	0.00160	0.00507	0.00463	0.00508	0.00827

[dist]
# distance from previous block
# <min> <max>
0	3

[block]
# block no. 6 follows, 47 sequences, length 21
# corresponding to MSA columns:
# 435-455
name=unknown_G
#
# <colnr> <probs for GDERKNQSTAVLIFYWHMCP>
#	G	D	E	R	K	N	Q	S	T	A	V	L	I	F	Y	W	H	M	C	P
0	0.06920	0.01575	0.01503	0.01188	0.01578	0.12488	0.00967	0.61825	0.02220	0.02945	0.01157	0.01183	0.00837	0.00604	0.00502	0.00153	0.00614	0.00439	0.00474	0.00827
1	0.00983	0.00926	0.01562	0.80447	0.03587	0.01157	0.01446	0.01331	0.01041	0.01331	0.00926	0.01388	0.00694	0.00521	0.00521	0.00174	0.00694	0.00463	0.00231	0.00579
2	0.01392	0.82012	0.02729	0.00891	0.01337	0.02061	0.00891	0.01559	0.01058	0.01225	0.00724	0.00835	0.00668	0.00446	0.00334	0.00111	0.00557	0.00278	0.00223	0.00668
3	0.01347	0.71738	0.12608	0.00968	0.01455	0.01950	0.01025	0.01571	0.01063	0.01280	0.00751	0.00870	0.00667	0.00452	0.00355	0.00118	0.00584	0.00292	0.00222	0.00681
4	0.00983	0.00926	0.01562	0.80447	0.03587	0.01157	0.01446	0.01331	0.01041	0.01331	0.00926	0.01388	0.00694	0.00521	0.00521	0.00174	0.00694	0.00463	0.00231	0.00579
5	0.01238	0.01380	0.02814	0.02254	0.12690	0.03181	0.61222	0.01637	0.01214	0.01645	0.01072	0.03250	0.00852	0.00484	0.00625	0.00174	0.02690	0.00604	0.00267	0.00707
6	0.01289	0.01237	0.02114	0.03196	0.78450	0.01237	0.01598	0.01598	0.01186	0.01701	0.00980	0.01289	0.00825	0.00464	0.00516	0.00155	0.00619	0.00464	0.00258	0.00825
7	0.00995	0.00938	0.01584	0.77407	0.06532	0.01160	0.01452	0.01341	0.01047	0.01345	0.00928	0.01384	0.00699	0.00518	0.00520	0.00173	0.00691	0.00463	0.00232	0.00588
8	0.01045	0.02694	0.79000	0.01484	0.02254	0.01209	0.01924	0.01649	0.01099	0.01649	0.00935	0.01099	0.00660	0.00495	0.00495	0.00165	0.00770	0.00385	0.00220	0.00770
9	0.01184	0.01419	0.07079	0.02069	0.02579	0.01258	0.67955	0.01611	0.01208	0.01647	0.01155	0.06140	0.00941	0.00513	0.00611	0.00177	0.00838	0.00653	0.00274	0.00689
10	0.01118	0.01140	0.02356	0.01756	0.02155	0.01064	0.53839	0.01459	0.01186	0.04627	0.01655	0.19260	0.04331	0.00744	0.00622	0.00183	0.00710	0.00821	0.00335	0.00638
11	0.00983	0.00926	0.01562	0.80447	0.03587	0.01157	0.01446	0.01331	0.01041	0.01331	0.00926	0.01388	0.00694	0.00521	0.00521	0.00174	0.00694	0.00463	0.00231	0.00579
12	0.01178	0.01661	0.19536	0.04603	0.02601	0.01298	0.55143	0.01638	0.01179	0.01638	0.01010	0.01328	0.00755	0.00470	0.00624	0.00175	0.03649	0.00554	0.00252	0.00708
13	0.01045	0.02694	0.79000	0.01484	0.02254	0.01209	0.01924	0.01649	0.01099	0.01649	0.00935	0.01099	0.00660	0.00495	0.00495	0.00165	0.00770	0.00385	0.00220	0.00770
14	0.01126	0.01072	0.01820	0.44286	0.38630	0.01195	0.01517	0.01456	0.01109	0.01504	0.00951	0.01342	0.00755	0.00494	0.00518	0.00165	0.00659	0.00463	0.00244	0.00694
15	0.01045	0.02694	0.79000	0.01484	0.02254	0.01209	0.01924	0.01649	0.01099	0.01649	0.00935	0.01099	0.00660	0.00495	0.00495	0.00165	0.00770	0.00385	0.00220	0.00770
16	0.00780	0.00559	0.00769	0.00886	0.00984	0.00549	0.00734	0.00978	0.01146	0.01495	0.02861	0.25393	0.05326	0.01485	0.00702	0.00231	0.00427	0.53752	0.00481	0.00464
17	0.02218	0.00913	0.01205	0.00942	0.01332	0.00826	0.00772	0.02564	0.10177	0.70054	0.02062	0.01792	0.01323	0.00652	0.00524	0.00163	0.00440	0.00531	0.00631	0.00879
18	0.01251	0.01199	0.02046	0.12669	0.69270	0.01227	0.01580	0.01565	0.01168	0.01656	0.00973	0.01301	0.00809	0.00471	0.00516	0.00157	0.00628	0.00464	0.00255	0.00795
19	0.00757	0.00517	0.00596	0.00610	0.00635	0.00511	0.00381	0.00793	0.00836	0.01098	0.02006	0.03794	0.07006	0.67277	0.02297	0.00453	0.00486	0.09257	0.00345	0.00342
20	0.02163	0.00904	0.01191	0.00934	0.01312	0.00819	0.00763	0.06105	0.05808	0.66247	0.03836	0.04597	0.01447	0.00692	0.00531	0.00164	0.00438	0.00568	0.00625	0.00857

[dist]
# distance from previous block
# <min> <max>
2	6

[block]
# block no. 7 follows, 47 sequences, length 7
# corresponding to MSA columns:
# 463-469
name=unknown_H
#
# <colnr> <probs for GDERKNQSTAVLIFYWHMCP>
#	G	D	E	R	K	N	Q	S	T	A	V	L	I	F	Y	W	H	M	C	P
0	0.01147	0.01168	0.02020	0.20255	0.13466	0.01374	0.19516	0.01422	0.01015	0.01437	0.00873	0.01283	0.00732	0.00641	0.00993	0.00192	0.31086	0.00497	0.00242	0.00641
1	0.01190	0.01136	0.01934	0.28318	0.54104	0.01211	0.01549	0.01511	0.01139	0.01581	0.00962	0.01321	0.00782	0.00482	0.00517	0.00161	0.00643	0.00464	0.00249	0.00745
2	0.01156	0.01240	0.02544	0.08905	0.14028	0.01199	0.50943	0.01531	0.01183	0.01609	0.01219	0.09641	0.01061	0.00573	0.00597	0.00176	0.00764	0.00668	0.00283	0.00681
3	0.01203	0.01453	0.08166	0.06063	0.05421	0.01310	0.61844	0.01631	0.01192	0.01634	0.01021	0.01368	0.00773	0.00467	0.00642	0.00176	0.04100	0.00579	0.00257	0.00700
4	0.01138	0.01447	0.13660	0.07568	0.04743	0.01237	0.43549	0.01542	0.01155	0.01594	0.01168	0.01794	0.00984	0.00598	0.00694	0.00184	0.07772	0.08226	0.00274	0.00672
5	0.06258	0.01358	0.12753	0.01746	0.05540	0.01111	0.41977	0.01479	0.01160	0.01655	0.01464	0.10430	0.03400	0.00683	0.00590	0.00181	0.00711	0.06544	0.00308	0.00653
6	0.01260	0.01341	0.09093	0.01852	0.05058	0.01139	0.50007	0.01647	0.01236	0.09625	0.04846	0.07871	0.01233	0.00589	0.00595	0.00175	0.00739	0.00664	0.00331	0.00700

[dist]
# distance from previous block
# <min> <max>
2	23

[block]
# block no. 8 follows, 47 sequences, length 24
# corresponding to MSA columns:
# 493-516
name=unknown_I
#
# <colnr> <probs for GDERKNQSTAVLIFYWHMCP>
#	G	D	E	R	K	N	Q	S	T	A	V	L	I	F	Y	W	H	M	C	P
0	0.01574	0.01146	0.10180	0.01020	0.01401	0.00959	0.02143	0.12148	0.11927	0.27383	0.08677	0.02258	0.04979	0.00745	0.00542	0.00166	0.00476	0.06475	0.00512	0.05287
1	0.06304	0.00964	0.01150	0.01115	0.08748	0.00970	0.00790	0.15624	0.11987	0.04621	0.10470	0.11435	0.03013	0.00787	0.00523	0.00156	0.00427	0.04053	0.00448	0.16416
2	0.02727	0.03903	0.01661	0.27961	0.24621	0.02972	0.01260	0.11367	0.08241	0.03527	0.02307	0.01450	0.02190	0.00552	0.00508	0.00160	0.00598	0.00478	0.00327	0.03191
3	0.08744	0.01454	0.01284	0.01096	0.01422	0.19463	0.00867	0.19406	0.24091	0.11174	0.01572	0.01583	0.02824	0.00650	0.00501	0.00160	0.00572	0.01917	0.00461	0.00757
4	0.05431	0.00950	0.04913	0.00919	0.01258	0.00830	0.00776	0.06993	0.06956	0.39350	0.06776	0.09789	0.03809	0.00802	0.00539	0.00168	0.00432	0.04340	0.00545	0.04423
5	0.01612	0.01129	0.01224	0.01026	0.01372	0.04063	0.00814	0.09589	0.42618	0.20374	0.01865	0.01721	0.01343	0.00649	0.00512	0.00160	0.00452	0.00527	0.00527	0.08422
6	0.04025	0.01001	0.01224	0.04685	0.05464	0.04480	0.00826	0.03288	0.08546	0.38053	0.03354	0.01778	0.01274	0.00624	0.00502	0.00150	0.00472	0.03793	0.00497	0.15965
7	0.04451	0.00678	0.04202	0.00750	0.00917	0.00554	0.00569	0.00944	0.01057	0.01530	0.11128	0.46171	0.02787	0.05177	0.00682	0.00191	0.00346	0.01059	0.00434	0.16373
8	0.07272	0.00876	0.01068	0.03039	0.01257	0.00842	0.00714	0.05729	0.11105	0.35201	0.08758	0.08226	0.05117	0.00760	0.00522	0.00161	0.00408	0.00631	0.00537	0.07775
9	0.03229	0.34493	0.04390	0.00950	0.01286	0.16628	0.00840	0.04842	0.01321	0.05132	0.20191	0.01689	0.01765	0.00637	0.00452	0.00136	0.00553	0.00479	0.00354	0.00632
10	0.01248	0.01412	0.02721	0.01974	0.02460	0.06822	0.62702	0.01638	0.01227	0.01631	0.01088	0.04085	0.00871	0.00483	0.00588	0.00166	0.00825	0.00601	0.00275	0.07184
11	0.01343	0.70771	0.13538	0.00975	0.01467	0.01940	0.01037	0.01572	0.01064	0.01285	0.00754	0.00873	0.00667	0.00453	0.00357	0.00119	0.00587	0.00294	0.00222	0.00683
12	0.01225	0.01440	0.05425	0.02206	0.05265	0.01311	0.71682	0.01665	0.01224	0.01669	0.01047	0.01391	0.00787	0.00442	0.00607	0.00175	0.00866	0.00602	0.00262	0.00709
13	0.00983	0.00926	0.01562	0.80447	0.03587	0.01157	0.01446	0.01331	0.01041	0.01331	0.00926	0.01388	0.00694	0.00521	0.00521	0.00174	0.00694	0.00463	0.00231	0.00579
14	0.03570	0.01291	0.02083	0.07968	0.37290	0.05956	0.19126	0.01677	0.06184	0.01689	0.01046	0.01316	0.00837	0.00477	0.00522	0.00155	0.00667	0.00483	0.00281	0.07381
15	0.01515	0.01007	0.01145	0.00987	0.01294	0.01086	0.00779	0.04685	0.48128	0.21337	0.10277	0.02090	0.01852	0.00727	0.00537	0.00171	0.00407	0.00607	0.00563	0.00806
16	0.00634	0.00453	0.00604	0.00725	0.00755	0.00423	0.00483	0.00725	0.00997	0.01329	0.02870	0.81358	0.03444	0.01632	0.00665	0.00211	0.00302	0.01480	0.00483	0.00423
17	0.01289	0.01237	0.02114	0.03196	0.78450	0.01237	0.01598	0.01598	0.01186	0.01701	0.00980	0.01289	0.00825	0.00464	0.00516	0.00155	0.00619	0.00464	0.00258	0.00825
18	0.00757	0.00505	0.00568	0.00568	0.00568	0.00505	0.00316	0.00757	0.00757	0.01010	0.01641	0.03408	0.01893	0.81698	0.02651	0.00505	0.00505	0.00757	0.00316	0.00316
19	0.85377	0.01007	0.00765	0.00685	0.01007	0.01168	0.00564	0.01531	0.00886	0.02336	0.00725	0.00846	0.00564	0.00483	0.00322	0.00161	0.00403	0.00282	0.00322	0.00564
