[name]
unknown

[dist]
# distance from previous block
# <min> <max>
0	57

[block]
# block no. 0 follows, 45 sequences, length 13
# corresponding to MSA columns:
# 157-169
name=unknown_A
#
# <colnr> <probs for GDERKNQSTAVLIFYWHMCP>
#	G	D	E	R	K	N	Q	S	T	A	V	L	I	F	Y	W	H	M	C	P
0	0.37067	0.00871	0.00928	0.00872	0.03936	0.00926	0.00652	0.04982	0.01111	0.13847	0.07439	0.01643	0.01248	0.00910	0.00806	0.18640	0.00439	0.02713	0.00396	0.00574
1	0.15420	0.01141	0.01281	0.01047	0.03072	0.01179	0.00834	0.28706	0.04488	0.25451	0.04693	0.03113	0.01230	0.00652	0.00504	0.00161	0.00486	0.00506	0.00526	0.05510
2	0.58538	0.00993	0.00997	0.18091	0.01617	0.01177	0.00798	0.01472	0.00933	0.02055	0.00801	0.01049	0.00635	0.00601	0.00532	0.04893	0.03602	0.00348	0.00302	0.00565
3	0.01656	0.18664	0.01581	0.01057	0.03854	0.01289	0.00851	0.05408	0.25973	0.24540	0.08088	0.01816	0.01569	0.00670	0.00506	0.00160	0.00467	0.00538	0.00506	0.00807
4	0.01379	0.00927	0.01124	0.00824	0.01272	0.00722	0.00663	0.01611	0.01224	0.18375	0.04688	0.01400	0.01105	0.00487	0.00439	0.00102	0.00404	0.00396	0.00406	0.62451
5	0.01343	0.63801	0.02549	0.18230	0.01886	0.01920	0.01044	0.01556	0.01087	0.01287	0.00792	0.00986	0.00695	0.00476	0.00387	0.00129	0.00605	0.00329	0.00232	0.00669
6	0.00781	0.00520	0.00585	0.00585	0.00585	0.00520	0.00325	0.00781	0.00781	0.01041	0.01691	0.03513	0.01952	0.81135	0.02732	0.00520	0.00520	0.00781	0.00325	0.00325
7	0.00752	0.00511	0.00607	0.00635	0.00646	0.00509	0.00380	0.00782	0.00839	0.01123	0.01957	0.20393	0.02272	0.59946	0.06005	0.00471	0.00519	0.00934	0.00361	0.00357
8	0.00752	0.00543	0.00789	0.00816	0.00888	0.00601	0.00607	0.00890	0.00886	0.01247	0.01754	0.19399	0.01830	0.06713	0.54231	0.05389	0.01097	0.00786	0.00332	0.00449
9	0.01119	0.01113	0.02041	0.50760	0.15182	0.01242	0.17822	0.01491	0.01139	0.01508	0.00992	0.01419	0.00758	0.00509	0.00557	0.00176	0.00745	0.00512	0.00250	0.00664
10	0.01063	0.02377	0.61521	0.18707	0.02625	0.01235	0.01875	0.01628	0.01120	0.01628	0.00961	0.01199	0.00688	0.00516	0.00516	0.00172	0.00776	0.00414	0.00229	0.00750
11	0.02303	0.01083	0.01351	0.01036	0.01455	0.01041	0.00855	0.23705	0.01820	0.56669	0.01879	0.01672	0.01209	0.00659	0.00539	0.00165	0.00495	0.00524	0.00628	0.00913
12	0.01352	0.01310	0.02405	0.04350	0.05552	0.01297	0.44116	0.17871	0.01504	0.02030	0.01365	0.11678	0.01189	0.00657	0.00612	0.00180	0.00742	0.00704	0.00358	0.00730

[dist]
# distance from previous block
# <min> <max>
0	12

[block]
# block no. 1 follows, 45 sequences, length 11
# corresponding to MSA columns:
# 182-192
name=unknown_B
#
# <colnr> <probs for GDERKNQSTAVLIFYWHMCP>
#	G	D	E	R	K	N	Q	S	T	A	V	L	I	F	Y	W	H	M	C	P
0	0.01269	0.01367	0.01587	0.59671	0.03173	0.21193	0.01374	0.01570	0.01188	0.01357	0.00922	0.01312	0.00709	0.00541	0.00523	0.00168	0.00780	0.00443	0.00248	0.00603
1	0.00654	0.00467	0.00623	0.00747	0.00779	0.00436	0.00498	0.00747	0.01028	0.01370	0.02959	0.80785	0.03550	0.01682	0.00685	0.00218	0.00311	0.01526	0.00498	0.00436
2	0.52868	0.00993	0.00885	0.03002	0.03218	0.04313	0.00648	0.03511	0.01152	0.02277	0.20514	0.01722	0.01759	0.00659	0.00433	0.00166	0.00416	0.00484	0.00398	0.00581
3	0.00734	0.00563	0.00761	0.00761	0.00873	0.00605	0.00579	0.00898	0.00950	0.01284	0.02484	0.02992	0.20984	0.08693	0.53562	0.00664	0.01074	0.00733	0.00344	0.00462
4	0.00876	0.00546	0.00677	0.00643	0.00776	0.00512	0.00482	0.01121	0.01402	0.04752	0.52767	0.06110	0.03932	0.00981	0.00565	0.00159	0.00262	0.00854	0.22066	0.00517
5	0.02132	0.00975	0.01238	0.00990	0.01377	0.00929	0.00805	0.02677	0.20892	0.58640	0.02135	0.01872	0.01408	0.00681	0.00541	0.00170	0.00449	0.00557	0.00634	0.00897
6	0.00921	0.00829	0.01356	0.59508	0.02947	0.00998	0.01236	0.01211	0.01062	0.01371	0.01469	0.21834	0.01444	0.00831	0.00575	0.00189	0.00612	0.00747	0.00305	0.00555
7	0.02041	0.01504	0.01611	0.01235	0.01665	0.01665	0.01020	0.75997	0.02524	0.03383	0.01289	0.01289	0.00913	0.00644	0.00537	0.00161	0.00591	0.00483	0.00537	0.00913
8	0.02408	0.00914	0.01246	0.00955	0.01370	0.00789	0.00789	0.02616	0.01536	0.78158	0.02118	0.01827	0.01329	0.00664	0.00540	0.00166	0.00457	0.00540	0.00664	0.00914
9	0.00772	0.00517	0.00588	0.00597	0.00599	0.00515	0.00337	0.00778	0.00798	0.01064	0.01779	0.08854	0.02062	0.75643	0.02591	0.00500	0.00506	0.00832	0.00337	0.00333
10	0.01330	0.01244	0.01931	0.02729	0.58145	0.01291	0.01442	0.01957	0.20659	0.01880	0.01312	0.01502	0.01053	0.00543	0.00535	0.00165	0.00583	0.00511	0.00338	0.00850

[dist]
# distance from previous block
# <min> <max>
0	30

[block]
# block no. 2 follows, 45 sequences, length 56
# corresponding to MSA columns:
# 223-278
name=unknown_C
#
# <colnr> <probs for GDERKNQSTAVLIFYWHMCP>
#	G	D	E	R	K	N	Q	S	T	A	V	L	I	F	Y	W	H	M	C	P
0	0.00654	0.00467	0.00623	0.00747	0.00779	0.00436	0.00498	0.00747	0.01028	0.01370	0.02959	0.80785	0.03550	0.01682	0.00685	0.00218	0.00311	0.01526	0.00498	0.00436
1	0.00663	0.00489	0.00621	0.00706	0.00772	0.00447	0.00485	0.00781	0.01114	0.01470	0.11631	0.60014	0.15712	0.01565	0.00671	0.00207	0.00299	0.01401	0.00509	0.00447
2	0.01242	0.01620	0.12903	0.02168	0.02743	0.01343	0.66274	0.01717	0.01250	0.01717	0.01070	0.01407	0.00797	0.00460	0.00617	0.00180	0.00891	0.00603	0.00266	0.00733
3	0.00713	0.00567	0.00655	0.00701	0.00858	0.00509	0.00566	0.00886	0.01222	0.01501	0.04483	0.07619	0.50102	0.01411	0.00672	0.00205	0.00349	0.26016	0.00497	0.00467
4	0.01267	0.01448	0.03167	0.02262	0.02805	0.01357	0.75837	0.01719	0.01267	0.01719	0.01086	0.01448	0.00814	0.00452	0.00633	0.00181	0.00905	0.00633	0.00271	0.00724
5	0.01364	0.01518	0.08898	0.02976	0.64612	0.07869	0.01625	0.01694	0.01240	0.01712	0.00990	0.01281	0.00822	0.00487	0.00525	0.00159	0.00680	0.00460	0.00263	0.00826
6	0.01279	0.01414	0.02973	0.02466	0.17555	0.01341	0.61243	0.01705	0.01258	0.01726	0.01071	0.01424	0.00822	0.00458	0.00613	0.00177	0.00852	0.00603	0.00270	0.00749
7	0.00941	0.00824	0.01165	0.01066	0.01111	0.01069	0.00848	0.01081	0.00837	0.01244	0.01153	0.01860	0.01136	0.10872	0.38121	0.00560	0.34782	0.00552	0.00269	0.00509
8	0.04238	0.01331	0.01991	0.14172	0.57819	0.07931	0.01535	0.01647	0.01216	0.01683	0.00977	0.01297	0.00808	0.00494	0.00521	0.00161	0.00670	0.00460	0.00265	0.00784
9	0.00650	0.00483	0.00606	0.00704	0.00767	0.00440	0.00479	0.00752	0.01069	0.01387	0.03484	0.64761	0.19235	0.01613	0.00674	0.00210	0.00303	0.01443	0.00498	0.00440
10	0.00636	0.00539	0.00549	0.00556	0.00728	0.00452	0.00413	0.00769	0.01212	0.01445	0.05288	0.09741	0.73090	0.01379	0.00637	0.00183	0.00274	0.01157	0.00498	0.00452
11	0.04339	0.01236	0.01553	0.04535	0.27665	0.06155	0.01134	0.02230	0.32243	0.08979	0.01615	0.03401	0.01254	0.00632	0.00532	0.00170	0.00542	0.00545	0.00425	0.00814
12	0.01200	0.00967	0.01183	0.08565	0.01526	0.00792	0.00739	0.03450	0.01171	0.05967	0.01027	0.01188	0.00820	0.00433	0.00423	0.00096	0.00437	0.00350	0.00335	0.69332
13	0.84927	0.01038	0.00789	0.00706	0.01038	0.01204	0.00581	0.01578	0.00914	0.02408	0.00747	0.00872	0.00581	0.00498	0.00332	0.00166	0.00415	0.00291	0.00332	0.00581
14	0.02182	0.01178	0.01391	0.01071	0.01482	0.01193	0.00883	0.37319	0.01989	0.39898	0.01711	0.01579	0.01134	0.00653	0.00532	0.00162	0.00512	0.00512	0.03723	0.00898
15	0.02071	0.01360	0.01511	0.01169	0.01587	0.01464	0.00962	0.56317	0.07030	0.18641	0.01515	0.01444	0.01044	0.00654	0.00538	0.00163	0.00553	0.00503	0.00564	0.00909
16	0.00744	0.00548	0.00696	0.00659	0.00792	0.00500	0.00494	0.00982	0.01482	0.02064	0.68372	0.04156	0.14252	0.01131	0.00633	0.00170	0.00256	0.00991	0.00579	0.00500
17	0.00656	0.00469	0.00625	0.00746	0.00779	0.00438	0.00498	0.00754	0.01039	0.01389	0.04697	0.78995	0.03586	0.01668	0.00684	0.00217	0.00310	0.01513	0.00500	0.00438
18	0.01435	0.81458	0.02813	0.00918	0.01378	0.02124	0.00918	0.01607	0.01091	0.01263	0.00746	0.00861	0.00689	0.00459	0.00344	0.00115	0.00574	0.00287	0.00230	0.00689
19	0.00654	0.00467	0.00623	0.00747	0.00779	0.00436	0.00498	0.00747	0.01028	0.01370	0.02959	0.80785	0.03550	0.01682	0.00685	0.00218	0.00311	0.01526	0.00498	0.00436
20	0.84927	0.01038	0.00789	0.00706	0.01038	0.01204	0.00581	0.01578	0.00914	0.02408	0.00747	0.00872	0.00581	0.00498	0.00332	0.00166	0.00415	0.00291	0.00332	0.00581
21	0.01001	0.00500	0.00500	0.00500	0.00625	0.00500	0.00375	0.01251	0.01126	0.02001	0.01751	0.02001	0.01376	0.00625	0.00375	0.00125	0.00250	0.00500	0.84115	0.00500
22	0.02408	0.00914	0.01246	0.00955	0.01370	0.00789	0.00789	0.02616	0.01536	0.78158	0.02118	0.01827	0.01329	0.00664	0.00540	0.00166	0.00457	0.00540	0.00664	0.00914
23	0.01113	0.00954	0.01113	0.00795	0.01272	0.00716	0.00636	0.01352	0.01113	0.01749	0.00954	0.01113	0.00795	0.00398	0.00398	0.00080	0.00398	0.00318	0.00318	0.84417
24	0.84927	0.01038	0.00789	0.00706	0.01038	0.01204	0.00581	0.01578	0.00914	0.02408	0.00747	0.00872	0.00581	0.00498	0.00332	0.00166	0.00415	0.00291	0.00332	0.00581
25	0.07619	0.00951	0.01235	0.00953	0.01364	0.00859	0.00787	0.06252	0.01547	0.69586	0.01989	0.01739	0.01260	0.00653	0.00527	0.00166	0.00461	0.00521	0.00637	0.00892
26	0.00927	0.00468	0.00695	0.00695	0.00695	0.00468	0.00461	0.00702	0.00702	0.00936	0.00958	0.01696	0.00967	0.04586	0.02120	0.81504	0.00468	0.00477	0.00236	0.00236
27	0.00654	0.00467	0.00623	0.00747	0.00779	0.00436	0.00498	0.00747	0.01028	0.01370	0.02959	0.80785	0.03550	0.01682	0.00685	0.00218	0.00311	0.01526	0.00498	0.00436
28	0.01267	0.01448	0.03167	0.02262	0.02805	0.01357	0.75837	0.01719	0.01267	0.01719	0.01086	0.01448	0.00814	0.00452	0.00633	0.00181	0.00905	0.00633	0.00271	0.00724
29	0.00760	0.00549	0.00718	0.00675	0.00802	0.00506	0.00506	0.01013	0.01519	0.02153	0.77503	0.04010	0.05065	0.01097	0.00633	0.00169	0.00253	0.00971	0.00591	0.00506
30	0.02408	0.00914	0.01246	0.00955	0.01370	0.00789	0.00789	0.02616	0.01536	0.78158	0.02118	0.01827	0.01329	0.00664	0.00540	0.00166	0.00457	0.00540	0.00664	0.00914
31	0.01001	0.00500	0.00500	0.00500	0.00625	0.00500	0.00375	0.01251	0.01126	0.02001	0.01751	0.02001	0.01376	0.00625	0.00375	0.00125	0.00250	0.00500	0.84115	0.00500
32	0.01258	0.01431	0.03114	0.04945	0.02836	0.01352	0.73266	0.01707	0.01260	0.01707	0.01081	0.01447	0.00811	0.00455	0.00630	0.00181	0.00898	0.00628	0.00270	0.00720
33	0.01958	0.01778	0.01537	0.01256	0.01615	0.25376	0.01003	0.47400	0.03788	0.02627	0.01171	0.01228	0.00872	0.00624	0.00543	0.00155	0.02478	0.00444	0.03347	0.00801
34	0.00654	0.00467	0.00623	0.00747	0.00779	0.00436	0.00498	0.00747	0.01028	0.01370	0.02959	0.80785	0.03550	0.01682	0.00685	0.00218	0.00311	0.01526	0.00498	0.00436
35	0.84927	0.01038	0.00789	0.00706	0.01038	0.01204	0.00581	0.01578	0.00914	0.02408	0.00747	0.00872	0.00581	0.00498	0.00332	0.00166	0.00415	0.00291	0.00332	0.00581
36	0.01189	0.00976	0.01134	0.00827	0.01291	0.00774	0.00662	0.02972	0.05736	0.04420	0.01075	0.01195	0.00867	0.00432	0.00414	0.00090	0.00405	0.00346	0.00348	0.74847
37	0.00760	0.00570	0.00739	0.05526	0.00997	0.00547	0.00568	0.02978	0.01081	0.01445	0.04055	0.54373	0.07605	0.08613	0.00835	0.00230	0.00368	0.02636	0.00459	0.05615
38	0.02896	0.07897	0.26384	0.06919	0.30516	0.05650	0.01578	0.01683	0.01173	0.04284	0.00977	0.01216	0.00769	0.00528	0.00576	0.00164	0.05324	0.00428	0.00263	0.00773
39	0.06969	0.01806	0.01798	0.04706	0.26111	0.32792	0.05743	0.10505	0.01473	0.01792	0.00955	0.01160	0.00769	0.00530	0.00507	0.00153	0.00771	0.00423	0.00305	0.00732
40	0.84927	0.01038	0.00789	0.00706	0.01038	0.01204	0.00581	0.01578	0.00914	0.02408	0.00747	0.00872	0.00581	0.00498	0.00332	0.00166	0.00415	0.00291	0.00332	0.00581
41	0.84927	0.01038	0.00789	0.00706	0.01038	0.01204	0.00581	0.01578	0.00914	0.02408	0.00747	0.00872	0.00581	0.00498	0.00332	0.00166	0.00415	0.00291	0.00332	0.00581
42	0.01497	0.03317	0.01181	0.00954	0.01237	0.04873	0.00761	0.23628	0.05747	0.14080	0.25591	0.06595	0.05096	0.00879	0.00575	0.00168	0.00446	0.02114	0.00548	0.00713
43	0.00757	0.00549	0.00713	0.00672	0.00800	0.00505	0.00504	0.01007	0.01512	0.02134	0.75646	0.04040	0.06934	0.01104	0.00633	0.00169	0.00254	0.00975	0.00589	0.00505
44	0.00741	0.00541	0.00696	0.00672	0.00794	0.00496	0.00498	0.00971	0.01453	0.02030	0.65460	0.11045	0.10255	0.01170	0.00638	0.00174	0.00260	0.01033	0.00576	0.00496
45	0.84927	0.01038	0.00789	0.00706	0.01038	0.01204	0.00581	0.01578	0.00914	0.02408	0.00747	0.00872	0.00581	0.00498	0.00332	0.00166	0.00415	0.00291	0.00332	0.00581
46	0.00702	0.00550	0.00639	0.00636	0.00788	0.00487	0.00486	0.00891	0.01333	0.01730	0.32728	0.06540	0.41895	0.01277	0.00644	0.00183	0.00284	0.07197	0.00533	0.00477
47	0.01435	0.81458	0.02813	0.00918	0.01378	0.02124	0.00918	0.01607	0.01091	0.01263	0.00746	0.00861	0.00689	0.00459	0.00344	0.00115	0.00574	0.00287	0.00230	0.00689
48	0.00787	0.00623	0.00756	0.00766	0.00882	0.00629	0.00560	0.01106	0.10567	0.01685	0.21803	0.33087	0.18032	0.01318	0.00699	0.00195	0.04331	0.01144	0.00514	0.00516
49	0.01325	0.01273	0.02165	0.03246	0.75808	0.01285	0.01635	0.01638	0.01212	0.01742	0.01002	0.01325	0.00846	0.00490	0.00563	0.00161	0.02698	0.00478	0.00265	0.00843
50	0.01320	0.01267	0.02164	0.05272	0.75873	0.01273	0.01643	0.01640	0.01218	0.01744	0.01008	0.01331	0.00847	0.00480	0.00532	0.00160	0.00640	0.00478	0.00265	0.00844
51	0.00756	0.00551	0.00712	0.00678	0.00808	0.00507	0.00513	0.01002	0.01492	0.02091	0.70595	0.04149	0.09384	0.01126	0.00637	0.00172	0.00263	0.03479	0.00582	0.00503
52	0.01393	0.01397	0.02116	0.03113	0.70548	0.08664	0.01589	0.01695	0.01251	0.01712	0.00993	0.01294	0.00835	0.00485	0.00527	0.00157	0.00669	0.00466	0.00267	0.00829
53	0.00816	0.00561	0.00736	0.00685	0.00821	0.00516	0.00516	0.01068	0.01520	0.04747	0.74931	0.03935	0.04937	0.01083	0.00630	0.00169	0.00260	0.00956	0.00593	0.00520
54	0.01113	0.00954	0.01113	0.00795	0.01272	0.00716	0.00636	0.01352	0.01113	0.01749	0.00954	0.01113	0.00795	0.00398	0.00398	0.00080	0.00398	0.00318	0.00318	0.84417
55	0.06759	0.01268	0.01399	0.01077	0.01488	0.02579	0.02229	0.38571	0.04781	0.07862	0.01247	0.01295	0.00919	0.00581	0.00521	0.00143	0.02681	0.00439	0.02328	0.21834

[dist]
# distance from previous block
# <min> <max>
0	1

[block]
# block no. 3 follows, 45 sequences, length 27
# corresponding to MSA columns:
# 280-306
name=unknown_D
#
# <colnr> <probs for GDERKNQSTAVLIFYWHMCP>
#	G	D	E	R	K	N	Q	S	T	A	V	L	I	F	Y	W	H	M	C	P
0	0.01117	0.01097	0.01595	0.03461	0.01459	0.01476	0.04721	0.01257	0.00859	0.01306	0.00891	0.04244	0.00897	0.03970	0.06298	0.00278	0.63716	0.00534	0.00253	0.00573
1	0.01032	0.00561	0.00567	0.00556	0.00697	0.00578	0.00419	0.01400	0.08184	0.02024	0.01792	0.02001	0.01400	0.00635	0.00391	0.00130	0.00266	0.00510	0.76322	0.00533
2	0.01435	0.81458	0.02813	0.00918	0.01378	0.02124	0.00918	0.01607	0.01091	0.01263	0.00746	0.00861	0.00689	0.00459	0.00344	0.00115	0.00574	0.00287	0.00230	0.00689
3	0.04353	0.01325	0.05349	0.01178	0.01539	0.01375	0.01007	0.36984	0.03379	0.20935	0.01427	0.03520	0.01044	0.00714	0.00728	0.00177	0.13121	0.00515	0.00497	0.00832
4	0.01014	0.00954	0.01610	0.79845	0.03697	0.01193	0.01491	0.01371	0.01073	0.01371	0.00954	0.01431	0.00716	0.00537	0.00537	0.00179	0.00716	0.00477	0.00239	0.00596
5	0.00760	0.00549	0.00718	0.00675	0.00802	0.00506	0.00506	0.01013	0.01519	0.02153	0.77503	0.04010	0.05065	0.01097	0.00633	0.00169	0.00253	0.00971	0.00591	0.00506
6	0.01214	0.01251	0.02414	0.28592	0.17124	0.01295	0.34822	0.03615	0.01228	0.01654	0.01033	0.01416	0.00791	0.00491	0.00579	0.00176	0.00782	0.00548	0.00267	0.00710
7	0.01435	0.01131	0.01217	0.01080	0.01393	0.01284	0.00844	0.02830	0.69797	0.09324	0.02179	0.01986	0.01610	0.00722	0.00546	0.00181	0.00428	0.00601	0.00557	0.00856
8	0.00701	0.00542	0.00636	0.00621	0.00763	0.00480	0.00460	0.00891	0.01352	0.01789	0.41306	0.08375	0.35910	0.02957	0.00681	0.00184	0.00270	0.01064	0.00541	0.00476
9	0.01572	0.00881	0.00992	0.02744	0.01144	0.00909	0.00668	0.23123	0.01607	0.16997	0.01668	0.01748	0.01217	0.00636	0.00458	0.00145	0.00400	0.00502	0.41889	0.00701
10	0.02323	0.00966	0.01268	0.00981	0.01391	0.00877	0.00807	0.07379	0.05952	0.68931	0.02068	0.01802	0.01320	0.00667	0.00540	0.00167	0.00464	0.00540	0.00649	0.00910
11	0.01476	0.75807	0.02720	0.00952	0.01398	0.07629	0.00927	0.01646	0.01122	0.01267	0.00752	0.00869	0.00689	0.00466	0.00354	0.00116	0.00602	0.00291	0.00233	0.00684
12	0.00828	0.00564	0.00739	0.00687	0.00825	0.00518	0.00518	0.01079	0.01520	0.05282	0.74399	0.03920	0.04911	0.01080	0.00629	0.00169	0.00262	0.00953	0.00594	0.00523
13	0.00826	0.00607	0.00821	0.02442	0.01077	0.00607	0.00769	0.01083	0.04113	0.01564	0.02937	0.23009	0.06831	0.01475	0.00712	0.00233	0.00443	0.49465	0.00492	0.00495
14	0.01742	0.01871	0.01737	0.01821	0.19438	0.37715	0.05985	0.06973	0.10474	0.05402	0.01142	0.01269	0.00895	0.00561	0.00518	0.00154	0.00773	0.00445	0.00342	0.00742
15	0.00721	0.00529	0.00662	0.00748	0.00811	0.00510	0.00519	0.00893	0.04866	0.01403	0.02986	0.53661	0.10120	0.11272	0.00928	0.00252	0.00355	0.07834	0.00479	0.00450
16	0.01216	0.01003	0.01252	0.03235	0.08481	0.00927	0.00843	0.12827	0.02523	0.01943	0.01386	0.07930	0.01293	0.00684	0.00531	0.00137	0.02432	0.08538	0.00380	0.42441
17	0.01226	0.01148	0.01803	0.19757	0.38478	0.01224	0.01381	0.03065	0.03403	0.01668	0.00998	0.01324	0.00822	0.00538	0.00641	0.00161	0.08842	0.00458	0.00278	0.12785
18	0.02676	0.19579	0.11932	0.06696	0.04188	0.07157	0.14669	0.02783	0.02441	0.07384	0.01049	0.02945	0.00851	0.00584	0.00649	0.00164	0.10393	0.00464	0.00295	0.03101
19	0.01375	0.05426	0.03947	0.05044	0.12179	0.03404	0.40547	0.03107	0.09661	0.06704	0.01265	0.02674	0.00971	0.00529	0.00579	0.00173	0.00749	0.00580	0.00330	0.00757
20	0.01026	0.00603	0.00760	0.00739	0.00902	0.00545	0.00546	0.01219	0.03277	0.16345	0.17588	0.32485	0.19316	0.01279	0.00633	0.00190	0.00323	0.01121	0.00549	0.00556
21	0.01329	0.00962	0.01555	0.49328	0.12240	0.01080	0.01318	0.01640	0.01192	0.17439	0.01316	0.03808	0.01010	0.00616	0.00547	0.00177	0.00634	0.02777	0.00346	0.00686
22	0.01943	0.02805	0.14153	0.01294	0.07022	0.08085	0.01101	0.12914	0.03430	0.37643	0.01609	0.03127	0.01113	0.00632	0.00529	0.00164	0.00589	0.00504	0.00497	0.00848
23	0.00714	0.00506	0.00671	0.00782	0.00830	0.00485	0.00559	0.00830	0.01046	0.01385	0.02793	0.56057	0.03274	0.10411	0.00923	0.00258	0.00374	0.17189	0.00478	0.00436
24	0.01975	0.01471	0.01574	0.01222	0.01640	0.01634	0.01004	0.69176	0.09452	0.03277	0.01372	0.01355	0.00981	0.00652	0.00538	0.00163	0.00575	0.00495	0.00538	0.00907
25	0.01194	0.00947	0.01114	0.00815	0.01271	0.00736	0.00650	0.01472	0.03831	0.06703	0.01121	0.03092	0.00925	0.00457	0.00419	0.00092	0.00400	0.00371	0.00353	0.74035
26	0.01291	0.01538	0.12381	0.04155	0.19141	0.01321	0.37879	0.06537	0.05131	0.01843	0.01157	0.03032	0.00907	0.00519	0.00583	0.00174	0.00770	0.00572	0.00299	0.00770

[dist]
# distance from previous block
# <min> <max>
0	19

[block]
# block no. 4 follows, 45 sequences, length 43
# corresponding to MSA columns:
# 326-368
name=unknown_E
#
# <colnr> <probs for GDERKNQSTAVLIFYWHMCP>
#	G	D	E	R	K	N	Q	S	T	A	V	L	I	F	Y	W	H	M	C	P
0	0.01171	0.01152	0.03093	0.19656	0.39140	0.05464	0.01376	0.01466	0.01199	0.01594	0.01543	0.04882	0.05855	0.00711	0.00566	0.00177	0.00626	0.09321	0.00309	0.00699
1	0.79820	0.01045	0.00815	0.00730	0.01060	0.01212	0.00598	0.01656	0.05550	0.02398	0.00835	0.00941	0.00646	0.00512	0.00345	0.00167	0.00416	0.00310	0.00345	0.00598
2	0.00779	0.00527	0.00621	0.00621	0.00633	0.00540	0.00369	0.00803	0.00791	0.01067	0.01659	0.03334	0.01874	0.71321	0.12440	0.00564	0.00637	0.00754	0.00320	0.00345
3	0.02024	0.04506	0.01642	0.01226	0.01647	0.06386	0.01013	0.67156	0.02388	0.04793	0.01259	0.01265	0.00900	0.00632	0.00527	0.00158	0.00610	0.00469	0.00512	0.00887
4	0.00821	0.00562	0.00737	0.00686	0.00823	0.00517	0.00517	0.01073	0.01520	0.04980	0.74699	0.03929	0.04926	0.01081	0.00630	0.00169	0.00261	0.00955	0.00594	0.00522
5	0.00666	0.00541	0.00590	0.00586	0.00746	0.00465	0.00436	0.00828	0.01285	0.01615	0.22681	0.08659	0.56404	0.01312	0.00637	0.00180	0.00269	0.01113	0.00521	0.00465
6	0.00653	0.00471	0.00619	0.00737	0.00776	0.00437	0.00494	0.00749	0.01037	0.01374	0.03082	0.77013	0.07242	0.01666	0.00683	0.00216	0.00309	0.01506	0.00498	0.00437
7	0.02041	0.01504	0.01611	0.01235	0.01665	0.01665	0.01020	0.75997	0.02524	0.03383	0.01289	0.01289	0.00913	0.00644	0.00537	0.00161	0.00591	0.00483	0.00537	0.00913
8	0.01435	0.81458	0.02813	0.00918	0.01378	0.02124	0.00918	0.01607	0.01091	0.01263	0.00746	0.00861	0.00689	0.00459	0.00344	0.00115	0.00574	0.00287	0.00230	0.00689
9	0.00865	0.00618	0.00865	0.00989	0.01112	0.00618	0.00865	0.01112	0.01236	0.01606	0.02842	0.06055	0.03089	0.01483	0.00741	0.00247	0.00494	0.74174	0.00494	0.00494
10	0.01001	0.00500	0.00500	0.00500	0.00625	0.00500	0.00375	0.01251	0.01126	0.02001	0.01751	0.02001	0.01376	0.00625	0.00375	0.00125	0.00250	0.00500	0.84115	0.00500
11	0.01117	0.00968	0.01147	0.00835	0.01281	0.00776	0.00671	0.01348	0.01094	0.01720	0.00938	0.01117	0.00789	0.00433	0.00486	0.00090	0.05546	0.00328	0.00313	0.79005
12	0.01358	0.01009	0.01157	0.04119	0.01347	0.01052	0.00784	0.31431	0.05770	0.04267	0.05812	0.23794	0.05907	0.00970	0.00575	0.00173	0.00454	0.00824	0.00498	0.08698
13	0.00746	0.00548	0.00699	0.00661	0.00794	0.00501	0.00496	0.00987	0.01488	0.02078	0.69861	0.04132	0.12754	0.01125	0.00633	0.00170	0.00255	0.00988	0.00581	0.00501
14	0.02019	0.01493	0.01599	0.01231	0.01657	0.01655	0.01015	0.73813	0.04742	0.03349	0.01316	0.01310	0.00935	0.00647	0.00537	0.00162	0.00586	0.00487	0.00537	0.00911
15	0.84927	0.01038	0.00789	0.00706	0.01038	0.01204	0.00581	0.01578	0.00914	0.02408	0.00747	0.00872	0.00581	0.00498	0.00332	0.00166	0.00415	0.00291	0.00332	0.00581
16	0.00644	0.00544	0.00557	0.00553	0.00731	0.00457	0.00415	0.00788	0.01245	0.01502	0.10758	0.05081	0.72216	0.01340	0.00634	0.00180	0.00271	0.01121	0.00505	0.00457
17	0.10685	0.01170	0.01272	0.04057	0.04180	0.01349	0.00900	0.10164	0.51275	0.03594	0.01793	0.01726	0.01346	0.00684	0.00563	0.00179	0.03218	0.00544	0.00491	0.00809
18	0.01453	0.01150	0.01226	0.01057	0.01367	0.01290	0.00828	0.19005	0.48632	0.04854	0.02142	0.02114	0.05926	0.05656	0.00683	0.00197	0.00460	0.00618	0.00532	0.00811
19	0.01217	0.01157	0.01945	0.30443	0.48905	0.01248	0.01565	0.01589	0.03677	0.01634	0.01029	0.01387	0.00829	0.00507	0.00534	0.00167	0.00658	0.00482	0.00265	0.00760
20	0.01435	0.81458	0.02813	0.00918	0.01378	0.02124	0.00918	0.01607	0.01091	0.01263	0.00746	0.00861	0.00689	0.00459	0.00344	0.00115	0.00574	0.00287	0.00230	0.00689
21	0.03901	0.01065	0.06856	0.00999	0.01435	0.00860	0.00875	0.02541	0.05547	0.66986	0.02010	0.01767	0.01283	0.00653	0.00534	0.00167	0.00479	0.00528	0.00619	0.00895
22	0.02243	0.00906	0.01212	0.00947	0.01338	0.00805	0.00776	0.02534	0.06134	0.68937	0.06669	0.01969	0.01573	0.00694	0.00546	0.00167	0.00443	0.00570	0.00653	0.00885
23	0.00651	0.00477	0.00612	0.00721	0.00772	0.00438	0.00486	0.00750	0.01053	0.01381	0.03284	0.70859	0.13266	0.01639	0.00678	0.00213	0.00306	0.01474	0.00498	0.00438
24	0.02041	0.01504	0.01611	0.01235	0.01665	0.01665	0.01020	0.75997	0.02524	0.03383	0.01289	0.01289	0.00913	0.00644	0.00537	0.00161	0.00591	0.00483	0.00537	0.00913
25	0.01541	0.00736	0.00916	0.00786	0.01028	0.00690	0.00613	0.04328	0.03852	0.32717	0.09412	0.05259	0.03747	0.10476	0.00794	0.00206	0.00397	0.03693	0.18141	0.00669
26	0.01083	0.02733	0.75905	0.01554	0.02339	0.01250	0.04389	0.01701	0.01138	0.01701	0.00967	0.01144	0.00684	0.00508	0.00514	0.00170	0.00797	0.00404	0.00228	0.00791
27	0.00654	0.00467	0.00623	0.00747	0.00779	0.00436	0.00498	0.00747	0.01028	0.01370	0.02959	0.80785	0.03550	0.01682	0.00685	0.00218	0.00311	0.01526	0.00498	0.00436
28	0.81857	0.01033	0.00806	0.00715	0.01050	0.01189	0.00589	0.01617	0.00937	0.05226	0.00798	0.00908	0.00609	0.00504	0.00340	0.00166	0.00417	0.00300	0.00345	0.00594
29	0.00942	0.00680	0.00928	0.02415	0.02769	0.00693	0.00869	0.05687	0.01297	0.01712	0.02651	0.09496	0.02845	0.01381	0.00708	0.00234	0.00490	0.60860	0.02818	0.00526
30	0.01055	0.00989	0.01754	0.58700	0.03230	0.01148	0.13749	0.01417	0.01111	0.01495	0.01059	0.01493	0.00801	0.00532	0.00536	0.00174	0.00699	0.00505	0.08946	0.00608
31	0.02351	0.00926	0.01244	0.00962	0.01372	0.00818	0.00792	0.02629	0.05592	0.74069	0.02121	0.01837	0.01345	0.00668	0.00540	0.00167	0.00455	0.00543	0.00658	0.00910
32	0.00663	0.00475	0.00625	0.00734	0.00773	0.00443	0.00492	0.00763	0.01052	0.01404	0.06912	0.72662	0.05471	0.03857	0.00738	0.00223	0.00313	0.01466	0.00498	0.00437
33	0.01533	0.36874	0.09367	0.01234	0.05644	0.06602	0.01089	0.19317	0.01439	0.01833	0.00945	0.01136	0.00795	0.03342	0.00614	0.00158	0.06641	0.00389	0.00311	0.00736
34	0.00657	0.00472	0.00624	0.00740	0.00778	0.00439	0.00497	0.00757	0.01048	0.01398	0.05488	0.76517	0.05285	0.01655	0.00682	0.00216	0.00309	0.01499	0.00501	0.00439
35	0.02408	0.00914	0.01246	0.00955	0.01370	0.00789	0.00789	0.02616	0.01536	0.78158	0.02118	0.01827	0.01329	0.00664	0.00540	0.00166	0.00457	0.00540	0.00664	0.00914
36	0.00725	0.00531	0.00672	0.00680	0.00786	0.00489	0.00494	0.00914	0.01323	0.01809	0.44958	0.20974	0.14155	0.05585	0.00761	0.00203	0.00291	0.03636	0.00541	0.00474
37	0.78303	0.01061	0.00854	0.02770	0.01140	0.01229	0.00628	0.05582	0.01004	0.02434	0.00782	0.00909	0.00603	0.00507	0.00348	0.00166	0.00432	0.00306	0.00341	0.00600
38	0.22580	0.01339	0.07187	0.10543	0.19088	0.05622	0.10758	0.05142	0.02986	0.01890	0.01015	0.01349	0.00829	0.05433	0.00623	0.00187	0.00636	0.00456	0.00302	0.02036
39	0.04649	0.00988	0.01127	0.02249	0.02729	0.05104	0.00765	0.10512	0.03886	0.23762	0.11836	0.04370	0.10917	0.00828	0.00621	0.00168	0.05312	0.01911	0.03405	0.04863
40	0.01728	0.05341	0.06697	0.02924	0.09877	0.03006	0.00975	0.08872	0.02869	0.30756	0.03830	0.01672	0.02662	0.00610	0.00509	0.00149	0.00517	0.01622	0.00469	0.14916
41	0.02821	0.05824	0.05234	0.00955	0.02550	0.03048	0.02333	0.07823	0.03204	0.05862	0.09034	0.29948	0.11825	0.01215	0.02824	0.00205	0.03295	0.00960	0.00455	0.00586
42	0.05750	0.10007	0.05609	0.01267	0.11345	0.01093	0.02312	0.09417	0.03971	0.15792	0.05025	0.12156	0.02920	0.00735	0.00515	0.00157	0.00492	0.00618	0.00430	0.10388

[dist]
# distance from previous block
# <min> <max>
0	16

[block]
# block no. 5 follows, 45 sequences, length 27
# corresponding to MSA columns:
# 385-411
name=unknown_F
#
# <colnr> <probs for GDERKNQSTAVLIFYWHMCP>
#	G	D	E	R	K	N	Q	S	T	A	V	L	I	F	Y	W	H	M	C	P
0	0.12850	0.13825	0.12117	0.01071	0.01506	0.05989	0.00994	0.15928	0.11783	0.05535	0.01308	0.01444	0.02288	0.00599	0.00469	0.00153	0.00560	0.02664	0.00388	0.08529
1	0.01497	0.12260	0.03224	0.00955	0.01335	0.01232	0.00811	0.27234	0.04018	0.05465	0.01324	0.03826	0.01055	0.00700	0.02849	0.00156	0.00509	0.00463	0.12794	0.18295
2	0.12075	0.25257	0.07622	0.01062	0.03016	0.05336	0.00939	0.14890	0.08114	0.04860	0.01340	0.05026	0.03589	0.00775	0.03764	0.00182	0.00591	0.00474	0.00369	0.00717
3	0.01480	0.10686	0.10921	0.01234	0.07681	0.04483	0.01021	0.14299	0.06621	0.09414	0.01268	0.04536	0.01012	0.00575	0.00479	0.00139	0.00546	0.00457	0.00385	0.22763
4	0.01539	0.42187	0.07974	0.01272	0.08323	0.08729	0.01077	0.12679	0.04800	0.03321	0.00985	0.01099	0.00809	0.00605	0.02378	0.00155	0.00646	0.00373	0.00307	0.00745
5	0.08715	0.26622	0.19394	0.06241	0.05239	0.08227	0.01171	0.04603	0.03781	0.01701	0.06764	0.01314	0.01077	0.00557	0.00452	0.00149	0.00620	0.00414	0.02265	0.00695
6	0.05553	0.29033	0.05525	0.03871	0.07600	0.21268	0.02453	0.06056	0.01323	0.02880	0.06180	0.01237	0.01029	0.00557	0.00473	0.00141	0.02028	0.00402	0.00302	0.02087
7	0.81517	0.01057	0.00823	0.00728	0.01064	0.01223	0.00599	0.04640	0.00980	0.02448	0.00770	0.00889	0.00595	0.00504	0.00341	0.00166	0.00422	0.00299	0.00341	0.00595
8	0.00713	0.00531	0.00663	0.00663	0.00782	0.00482	0.00485	0.00910	0.01361	0.01853	0.47885	0.19607	0.19555	0.01268	0.00644	0.00181	0.00269	0.01115	0.00554	0.00482
9	0.00654	0.00467	0.00623	0.00747	0.00779	0.00436	0.00498	0.00747	0.01028	0.01370	0.02959	0.80785	0.03550	0.01682	0.00685	0.00218	0.00311	0.01526	0.00498	0.00436
10	0.01048	0.01000	0.01756	0.37802	0.16605	0.01101	0.12030	0.01364	0.01136	0.01525	0.04658	0.13086	0.01360	0.00714	0.00603	0.00182	0.02419	0.00674	0.00302	0.00634
11	0.01239	0.00982	0.01311	0.19233	0.03640	0.00980	0.00936	0.04751	0.03504	0.08603	0.04993	0.01514	0.02443	0.00581	0.00603	0.00140	0.08143	0.00456	0.00355	0.35593
12	0.73695	0.01136	0.04466	0.04225	0.01242	0.01226	0.00706	0.04868	0.01002	0.02373	0.00790	0.00927	0.00606	0.00507	0.00358	0.00167	0.00454	0.00312	0.00332	0.00607
13	0.84927	0.01038	0.00789	0.00706	0.01038	0.01204	0.00581	0.01578	0.00914	0.02408	0.00747	0.00872	0.00581	0.00498	0.00332	0.00166	0.00415	0.00291	0.00332	0.00581
14	0.01622	0.01739	0.01593	0.01371	0.01543	0.30233	0.01099	0.13724	0.01357	0.01639	0.00846	0.01117	0.00734	0.00749	0.01091	0.00187	0.37979	0.00426	0.00299	0.00653
15	0.00651	0.00479	0.00611	0.00717	0.00771	0.00439	0.00485	0.00751	0.01057	0.01382	0.03326	0.69563	0.14534	0.01634	0.00678	0.00213	0.00306	0.01468	0.00498	0.00439
16	0.00737	0.00545	0.00687	0.00657	0.00789	0.00496	0.00491	0.00967	0.01458	0.02019	0.63923	0.06520	0.16407	0.01156	0.00635	0.00172	0.00258	0.01013	0.00574	0.00496
17	0.00654	0.00541	0.00574	0.00581	0.00746	0.00462	0.00435	0.00802	0.01241	0.01519	0.12345	0.09708	0.63981	0.01356	0.00640	0.00184	0.00278	0.02989	0.00507	0.00458
18	0.01329	0.01275	0.02179	0.03295	0.77787	0.01275	0.01647	0.01647	0.01222	0.01754	0.01010	0.01329	0.00850	0.00478	0.00531	0.00159	0.00638	0.00478	0.00266	0.00850
19	0.00675	0.00476	0.00617	0.00721	0.00747	0.00450	0.00470	0.00753	0.00988	0.01317	0.02753	0.68240	0.03291	0.14581	0.01017	0.00267	0.00345	0.01405	0.00470	0.00418
20	0.00654	0.00467	0.00623	0.00747	0.00779	0.00436	0.00498	0.00747	0.01028	0.01370	0.02959	0.80785	0.03550	0.01682	0.00685	0.00218	0.00311	0.01526	0.00498	0.00436
21	0.01085	0.02721	0.75188	0.01561	0.02344	0.01251	0.05093	0.01701	0.01139	0.01701	0.00968	0.01147	0.00686	0.00508	0.00515	0.00170	0.00798	0.00407	0.00229	0.00790
22	0.12362	0.01585	0.01497	0.01189	0.01586	0.11807	0.00968	0.56983	0.02191	0.02989	0.01161	0.01195	0.00842	0.00614	0.00504	0.00159	0.00619	0.00441	0.00477	0.00833
23	0.01091	0.02684	0.73459	0.01615	0.05100	0.01251	0.04039	0.01699	0.01140	0.01702	0.00968	0.01149	0.00690	0.00507	0.00514	0.00170	0.00791	0.00406	0.00229	0.00793
24	0.01387	0.72995	0.08429	0.00957	0.01431	0.02007	0.00986	0.01596	0.01107	0.01324	0.03177	0.00981	0.00826	0.00483	0.00366	0.00121	0.00580	0.00317	0.00241	0.00691
25	0.01484	0.00995	0.01072	0.00913	0.01192	0.06497	0.00722	0.13339	0.09787	0.20051	0.22442	0.02842	0.13013	0.00891	0.00579	0.00170	0.00432	0.02320	0.00557	0.00703
26	0.01386	0.01409	0.05289	0.02258	0.22246	0.01319	0.37528	0.09838	0.01379	0.04270	0.01101	0.01376	0.00842	0.00496	0.00599	0.00168	0.02348	0.00544	0.00311	0.05293

[dist]
# distance from previous block
# <min> <max>
0	27

[block]
# block no. 6 follows, 45 sequences, length 36
# corresponding to MSA columns:
# 439-474
name=unknown_G
#
# <colnr> <probs for GDERKNQSTAVLIFYWHMCP>
#	G	D	E	R	K	N	Q	S	T	A	V	L	I	F	Y	W	H	M	C	P
0	0.31542	0.12027	0.40727	0.01154	0.01738	0.01341	0.01341	0.01644	0.01048	0.01902	0.00858	0.01004	0.00645	0.00499	0.00425	0.00162	0.00629	0.00344	0.00265	0.00703
1	0.00759	0.00519	0.00585	0.00593	0.00611	0.00509	0.00344	0.00777	0.00836	0.01099	0.02101	0.09073	0.08539	0.68732	0.02409	0.00470	0.00484	0.00863	0.00352	0.00344
2	0.19019	0.01233	0.01200	0.05254	0.01449	0.09781	0.00827	0.21724	0.03805	0.10531	0.01410	0.09279	0.01187	0.00705	0.00494	0.00162	0.00531	0.02097	0.02499	0.06814
3	0.01223	0.07081	0.02360	0.24761	0.25559	0.01348	0.24869	0.01580	0.01175	0.01587	0.00991	0.01358	0.00785	0.00496	0.00580	0.00170	0.02590	0.00513	0.00256	0.00720
4	0.00736	0.00562	0.00651	0.00674	0.00784	0.00533	0.00478	0.02640	0.02969	0.01434	0.05689	0.24120	0.31690	0.15482	0.06725	0.00301	0.00428	0.03196	0.00458	0.00452
5	0.01039	0.00546	0.00555	0.00542	0.00678	0.00553	0.00409	0.04713	0.01188	0.02047	0.01764	0.04229	0.01417	0.00657	0.00392	0.00129	0.00268	0.00529	0.77828	0.00518
6	0.01400	0.01376	0.02113	0.03092	0.69892	0.06953	0.01584	0.03974	0.01284	0.01772	0.01005	0.01301	0.00841	0.00489	0.00528	0.00158	0.00660	0.00469	0.00275	0.00836
7	0.05905	0.01084	0.05106	0.02741	0.06935	0.00907	0.00832	0.08260	0.01265	0.04140	0.05475	0.04902	0.01172	0.00558	0.00487	0.00122	0.02313	0.00452	0.00361	0.46983
8	0.00876	0.00758	0.01095	0.19783	0.11585	0.02622	0.00900	0.01072	0.01073	0.01406	0.02218	0.32549	0.08518	0.05062	0.06427	0.00258	0.00557	0.02330	0.00378	0.00533
9	0.00781	0.00520	0.00585	0.00585	0.00585	0.00520	0.00325	0.00781	0.00781	0.01041	0.01691	0.03513	0.01952	0.81135	0.02732	0.00520	0.00520	0.00781	0.00325	0.00325
10	0.01299	0.01254	0.01918	0.28616	0.35770	0.06417	0.05638	0.03424	0.04325	0.03124	0.01054	0.01379	0.00833	0.00528	0.00560	0.00168	0.02184	0.00484	0.00283	0.00740
11	0.01393	0.01326	0.02135	0.02946	0.62936	0.03118	0.05710	0.07136	0.04620	0.01882	0.01081	0.01353	0.00883	0.00502	0.00537	0.00161	0.00648	0.00490	0.00298	0.00842
12	0.01649	0.00873	0.01091	0.00902	0.01197	0.00842	0.00719	0.13408	0.05820	0.32934	0.26927	0.06898	0.02639	0.00865	0.00579	0.00170	0.00400	0.00732	0.00604	0.00749
13	0.01968	0.01399	0.01544	0.01206	0.01600	0.01552	0.00992	0.58639	0.08546	0.10360	0.01411	0.01394	0.01002	0.00670	0.00607	0.00167	0.05022	0.00498	0.00533	0.00889
14	0.00888	0.00466	0.00687	0.00707	0.00712	0.00461	0.00471	0.00707	0.00752	0.01003	0.01257	0.14317	0.01352	0.01835	0.01871	0.70894	0.00441	0.00636	0.00276	0.00266
15	0.00660	0.00469	0.00621	0.00740	0.00770	0.00440	0.00491	0.00749	0.01017	0.01356	0.02903	0.77418	0.03481	0.05144	0.00774	0.00231	0.00321	0.01494	0.00491	0.00431
16	0.01014	0.00954	0.01610	0.79845	0.03697	0.01193	0.01491	0.01371	0.01073	0.01371	0.00954	0.01431	0.00716	0.00537	0.00537	0.00179	0.00716	0.00477	0.00239	0.00596
17	0.01113	0.00954	0.01113	0.00795	0.01272	0.00716	0.00636	0.01352	0.01113	0.01749	0.00954	0.01113	0.00795	0.00398	0.00398	0.00080	0.00398	0.00318	0.00318	0.84417
18	0.01350	0.01316	0.02158	0.03235	0.75395	0.03717	0.01628	0.01663	0.01232	0.01740	0.01004	0.01317	0.00845	0.00481	0.00530	0.00159	0.00648	0.00474	0.00266	0.00843
19	0.02408	0.00914	0.01246	0.00955	0.01370	0.00789	0.00789	0.02616	0.01536	0.78158	0.02118	0.01827	0.01329	0.00664	0.00540	0.00166	0.00457	0.00540	0.00664	0.00914
20	0.01387	0.01179	0.01243	0.01103	0.01415	0.01359	0.00862	0.08185	0.71400	0.02328	0.02119	0.01951	0.01586	0.00722	0.00546	0.00181	0.00437	0.00598	0.00546	0.00854
21	0.01014	0.00954	0.01610	0.79845	0.03697	0.01193	0.01491	0.01371	0.01073	0.01371	0.00954	0.01431	0.00716	0.00537	0.00537	0.00179	0.00716	0.00477	0.00239	0.00596
22	0.01801	0.01362	0.01482	0.01121	0.01563	0.01420	0.00921	0.56718	0.02159	0.02961	0.01202	0.01243	0.00882	0.00581	0.00501	0.00140	0.00541	0.00441	0.00480	0.22479
23	0.01766	0.01328	0.01383	0.01113	0.01473	0.03396	0.00901	0.50177	0.16394	0.02929	0.01509	0.01512	0.01107	0.00655	0.00516	0.00160	0.00523	0.00506	0.11814	0.00838
24	0.02041	0.01504	0.01611	0.01235	0.01665	0.01665	0.01020	0.75997	0.02524	0.03383	0.01289	0.01289	0.00913	0.00644	0.00537	0.00161	0.00591	0.00483	0.00537	0.00913
25	0.01055	0.00996	0.01684	0.69905	0.13317	0.01203	0.01511	0.01407	0.01093	0.01421	0.00961	0.01418	0.00733	0.00529	0.00536	0.00176	0.00705	0.00477	0.00242	0.00629
26	0.01077	0.02777	0.78354	0.01530	0.02323	0.01247	0.01983	0.01700	0.01133	0.01700	0.00963	0.01133	0.00680	0.00510	0.00510	0.00170	0.00793	0.00397	0.00227	0.00793
27	0.00634	0.00544	0.00544	0.00544	0.00725	0.00453	0.00408	0.00770	0.01224	0.01450	0.05438	0.05166	0.77569	0.01359	0.00634	0.00181	0.00272	0.01133	0.00498	0.00453
28	0.00767	0.00575	0.00863	0.00863	0.00959	0.00671	0.00671	0.00959	0.00863	0.01246	0.01438	0.02109	0.01342	0.04026	0.79008	0.00863	0.01438	0.00575	0.00288	0.00479
29	0.00685	0.00486	0.00639	0.00747	0.00784	0.00460	0.00508	0.00784	0.01029	0.01371	0.04446	0.65500	0.03384	0.09829	0.00899	0.00250	0.00346	0.06938	0.00482	0.00431
30	0.00634	0.00544	0.00544	0.00544	0.00725	0.00453	0.00408	0.00770	0.01224	0.01450	0.05438	0.05166	0.77569	0.01359	0.00634	0.00181	0.00272	0.01133	0.00498	0.00453
31	0.07750	0.00572	0.00581	0.00557	0.00717	0.00575	0.00425	0.01362	0.01136	0.07568	0.01733	0.04186	0.01373	0.00649	0.00393	0.00134	0.00280	0.00516	0.68958	0.00535
32	0.01244	0.01540	0.11044	0.02329	0.15645	0.01311	0.53451	0.01684	0.01240	0.01716	0.01100	0.03108	0.00865	0.00490	0.00604	0.00177	0.00834	0.00600	0.00271	0.00747
33	0.67972	0.08199	0.01063	0.00786	0.01141	0.01339	0.00662	0.10178	0.01115	0.02420	0.00810	0.00919	0.00629	0.00512	0.00357	0.00161	0.00450	0.00313	0.00347	0.00629
34	0.00729	0.00557	0.00789	0.14376	0.01262	0.00575	0.00652	0.00859	0.01010	0.01336	0.02481	0.59073	0.02895	0.09733	0.00872	0.00243	0.00403	0.01268	0.00436	0.00452
35	0.01148	0.01137	0.01722	0.29286	0.18749	0.08200	0.10963	0.01441	0.01186	0.01544	0.05508	0.10579	0.01342	0.00703	0.00590	0.01710	0.00659	0.00633	0.02261	0.00638

[dist]
# distance from previous block
# <min> <max>
0	9

# created by:
# /st0/software/busco_prod/Augustus/scripts/msa2prfl.pl ./align_prep/155112.fa
