[name]
unknown

[dist]
# distance from previous block
# <min> <max>
32	126

[block]
# block no. 0 follows, 48 sequences, length 29
# corresponding to MSA columns:
# 163-191
name=unknown_A
#
# <colnr> <probs for GDERKNQSTAVLIFYWHMCP>
#	G	D	E	R	K	N	Q	S	T	A	V	L	I	F	Y	W	H	M	C	P
0	0.11232	0.05746	0.03458	0.01226	0.10723	0.04616	0.00899	0.26205	0.05050	0.05515	0.10713	0.01855	0.05136	0.01805	0.01480	0.00169	0.00511	0.02528	0.00427	0.00707
1	0.08945	0.18080	0.09335	0.02937	0.02530	0.13332	0.00970	0.14718	0.13389	0.04135	0.04147	0.02189	0.01043	0.00575	0.00453	0.00147	0.00578	0.00426	0.00362	0.01709
2	0.09023	0.08243	0.07336	0.01218	0.03557	0.08915	0.09507	0.23116	0.01558	0.10331	0.05483	0.01565	0.02993	0.00609	0.00495	0.00154	0.00588	0.02802	0.00400	0.02106
3	0.18690	0.08753	0.05030	0.02831	0.03948	0.02447	0.00800	0.06069	0.04089	0.26873	0.02810	0.02821	0.07044	0.00626	0.00459	0.00152	0.00460	0.00484	0.00437	0.05178
4	0.12578	0.00910	0.01119	0.03766	0.07334	0.02987	0.00766	0.04312	0.01348	0.39490	0.09950	0.02040	0.08545	0.00693	0.00504	0.00158	0.00434	0.00564	0.00509	0.01993
5	0.10769	0.00977	0.01474	0.01972	0.41080	0.00970	0.01087	0.01523	0.01242	0.11009	0.20687	0.01926	0.01858	0.00630	0.00512	0.00156	0.00472	0.00563	0.00385	0.00708
6	0.57270	0.00905	0.00808	0.00716	0.00995	0.01001	0.00572	0.03117	0.02365	0.11229	0.03552	0.01521	0.01032	0.09748	0.00630	0.00200	0.00414	0.02979	0.00375	0.00572
7	0.01850	0.01401	0.01588	0.01398	0.10291	0.01538	0.01037	0.65973	0.04875	0.03020	0.01231	0.01260	0.00890	0.00601	0.00513	0.00155	0.00564	0.00466	0.00484	0.00864
8	0.79046	0.01010	0.00857	0.00867	0.07030	0.01156	0.00635	0.01513	0.00896	0.02254	0.00734	0.00867	0.00576	0.00475	0.00332	0.00158	0.00413	0.00292	0.00313	0.00576
9	0.10916	0.01152	0.01185	0.01028	0.01344	0.01321	0.00814	0.16472	0.55067	0.02367	0.01773	0.01665	0.01323	0.00656	0.00497	0.00169	0.00435	0.00524	0.00497	0.00795
10	0.17443	0.01134	0.01143	0.00995	0.01310	0.01302	0.00789	0.14269	0.51231	0.02348	0.01691	0.01600	0.01264	0.00642	0.00482	0.00168	0.00429	0.00504	0.00482	0.00773
11	0.02163	0.01068	0.09717	0.00973	0.01409	0.00802	0.00879	0.02405	0.01427	0.70664	0.01904	0.01674	0.01202	0.00619	0.00513	0.00159	0.00472	0.00501	0.00589	0.00861
12	0.00969	0.00912	0.01539	0.80734	0.03534	0.01140	0.01425	0.01311	0.01026	0.01311	0.00912	0.01368	0.00684	0.00513	0.00513	0.00171	0.00684	0.00456	0.00228	0.00570
13	0.41082	0.13201	0.13611	0.02513	0.01372	0.01270	0.00890	0.07503	0.01129	0.11839	0.00957	0.01029	0.00704	0.00504	0.00390	0.00152	0.00500	0.00341	0.00341	0.00668
14	0.01003	0.00947	0.01600	0.71980	0.12023	0.01149	0.01442	0.01341	0.01042	0.01352	0.00918	0.01357	0.00699	0.00507	0.00512	0.00169	0.00676	0.00456	0.00231	0.00597
15	0.00995	0.00964	0.01701	0.72159	0.03441	0.01157	0.09663	0.01347	0.01046	0.01347	0.00926	0.01370	0.00694	0.00504	0.00523	0.00171	0.00704	0.00472	0.00231	0.00583
16	0.00647	0.00462	0.00621	0.00740	0.00779	0.00436	0.00515	0.00753	0.01004	0.01334	0.02816	0.73355	0.03346	0.01587	0.00661	0.00211	0.00317	0.09519	0.00476	0.00423
17	0.00962	0.00989	0.09858	0.01014	0.01230	0.06800	0.09038	0.01166	0.01119	0.07019	0.06822	0.47025	0.02522	0.01165	0.00603	0.00187	0.00467	0.01056	0.00424	0.00536
18	0.01180	0.01107	0.01858	0.11232	0.62119	0.01132	0.01421	0.01456	0.01107	0.01563	0.01031	0.01508	0.00914	0.09359	0.00738	0.00192	0.00605	0.00489	0.00257	0.00732
19	0.00809	0.00537	0.00679	0.00655	0.00791	0.00484	0.00486	0.01000	0.01320	0.07787	0.45912	0.17165	0.18120	0.01159	0.00607	0.00171	0.00270	0.01016	0.00539	0.00493
20	0.01139	0.00950	0.01627	0.64396	0.04705	0.01112	0.07214	0.01472	0.01091	0.09836	0.01044	0.01409	0.00758	0.00519	0.00520	0.00169	0.00670	0.00474	0.00275	0.00617
21	0.01006	0.02343	0.66036	0.01431	0.02100	0.01136	0.06097	0.01546	0.01062	0.01577	0.00979	0.01206	0.00729	0.00864	0.09459	0.00238	0.00834	0.00412	0.00226	0.00721
22	0.01061	0.10094	0.72150	0.01408	0.02136	0.01270	0.01801	0.01617	0.01080	0.01586	0.00901	0.01059	0.00651	0.00483	0.00473	0.00158	0.00739	0.00369	0.00217	0.00749
23	0.01198	0.01146	0.01953	0.21700	0.60779	0.01200	0.01539	0.01512	0.01134	0.01589	0.00952	0.01293	0.00782	0.00471	0.00509	0.00157	0.00627	0.00457	0.00248	0.00755
24	0.01036	0.01017	0.01826	0.54227	0.11456	0.01163	0.14433	0.01376	0.01066	0.01406	0.00995	0.03916	0.00801	0.00537	0.00561	0.00172	0.02641	0.00514	0.00244	0.00612
25	0.01262	0.01071	0.01840	0.33634	0.34207	0.01141	0.07303	0.01580	0.01149	0.10268	0.01069	0.01372	0.00811	0.00497	0.00518	0.00162	0.00640	0.00475	0.00287	0.00714
26	0.01000	0.00943	0.01594	0.72820	0.11208	0.01148	0.01440	0.01338	0.01041	0.01348	0.00917	0.01358	0.00697	0.00507	0.00512	0.00169	0.00676	0.00456	0.00231	0.00595
27	0.01091	0.07481	0.60182	0.01666	0.10834	0.01256	0.07227	0.01615	0.01100	0.01605	0.00921	0.01110	0.00678	0.00477	0.00488	0.00159	0.00736	0.00398	0.00224	0.00753
28	0.07421	0.00914	0.09807	0.00981	0.01167	0.00859	0.02689	0.01107	0.00905	0.01378	0.01401	0.02196	0.02677	0.04563	0.41147	0.00524	0.10783	0.08673	0.00291	0.00515

[dist]
# distance from previous block
# <min> <max>
0	4

[block]
# block no. 1 follows, 48 sequences, length 11
# corresponding to MSA columns:
# 196-206
name=unknown_B
#
# <colnr> <probs for GDERKNQSTAVLIFYWHMCP>
#	G	D	E	R	K	N	Q	S	T	A	V	L	I	F	Y	W	H	M	C	P
0	0.01238	0.41892	0.26865	0.01377	0.07463	0.01622	0.09977	0.01579	0.01084	0.01424	0.00835	0.01003	0.00681	0.00455	0.00424	0.00137	0.00656	0.00359	0.00226	0.00705
1	0.10192	0.01168	0.07257	0.49017	0.02782	0.05936	0.07272	0.01399	0.01044	0.01462	0.00966	0.04625	0.00787	0.00561	0.00542	0.00170	0.03506	0.00477	0.00252	0.00587
2	0.00884	0.17329	0.08670	0.08121	0.04015	0.00934	0.00817	0.01105	0.02782	0.01375	0.03896	0.36754	0.09266	0.01062	0.00546	0.00174	0.00436	0.00923	0.00372	0.00538
3	0.06465	0.01177	0.01450	0.01235	0.01338	0.06221	0.01018	0.06985	0.01019	0.08486	0.00908	0.03453	0.00812	0.00826	0.01305	0.00203	0.55724	0.00467	0.00298	0.00610
4	0.01643	0.10715	0.01664	0.01279	0.01596	0.42996	0.07793	0.04666	0.19531	0.01564	0.01129	0.01201	0.00893	0.00553	0.00477	0.00144	0.00743	0.00413	0.00329	0.00672
5	0.00733	0.00550	0.00825	0.00825	0.00916	0.00641	0.00641	0.00916	0.00825	0.01191	0.01374	0.02016	0.01283	0.03848	0.79934	0.00825	0.01374	0.00550	0.00275	0.00458
6	0.01064	0.00912	0.01064	0.00760	0.01216	0.00684	0.00608	0.01292	0.01064	0.01672	0.00912	0.01064	0.00760	0.00380	0.00380	0.00076	0.00380	0.00304	0.00304	0.85104
7	0.15432	0.01448	0.18805	0.01100	0.01562	0.01158	0.03061	0.18074	0.08360	0.23921	0.01372	0.01344	0.00943	0.00572	0.00480	0.00160	0.00538	0.00443	0.00443	0.00785
8	0.00891	0.00446	0.00668	0.00668	0.00668	0.00446	0.00446	0.00668	0.00668	0.00891	0.00891	0.01560	0.00891	0.01783	0.02005	0.85071	0.00446	0.00446	0.00223	0.00223
9	0.02302	0.00873	0.01191	0.00913	0.01310	0.00754	0.00754	0.02501	0.01469	0.79122	0.02024	0.01746	0.01270	0.00635	0.00516	0.00159	0.00437	0.00516	0.00635	0.00873
10	0.01209	0.01139	0.01832	0.18667	0.51704	0.01212	0.01429	0.01695	0.12731	0.01673	0.01124	0.01387	0.00900	0.00505	0.00511	0.00159	0.00594	0.00476	0.00289	0.00763

[dist]
# distance from previous block
# <min> <max>
0	33

[block]
# block no. 2 follows, 48 sequences, length 39
# corresponding to MSA columns:
# 240-278
name=unknown_C
#
# <colnr> <probs for GDERKNQSTAVLIFYWHMCP>
#	G	D	E	R	K	N	Q	S	T	A	V	L	I	F	Y	W	H	M	C	P
0	0.00832	0.00742	0.00733	0.00692	0.00842	0.09492	0.00519	0.01034	0.01384	0.01803	0.51807	0.03772	0.22333	0.01051	0.00589	0.00161	0.00324	0.00898	0.00509	0.00484
1	0.00650	0.00462	0.00607	0.00697	0.00737	0.00434	0.00469	0.00752	0.01019	0.01372	0.11318	0.64934	0.03422	0.08315	0.00815	0.00228	0.00311	0.02569	0.00472	0.00416
2	0.01029	0.02654	0.79309	0.01462	0.02221	0.01192	0.01896	0.01625	0.01083	0.01625	0.00921	0.01083	0.00650	0.00487	0.00487	0.00162	0.00758	0.00379	0.00217	0.00758
3	0.03082	0.49509	0.02176	0.01039	0.01417	0.27679	0.00916	0.06365	0.01260	0.01368	0.00772	0.00882	0.00671	0.00480	0.00384	0.00121	0.00671	0.00305	0.00254	0.00649
4	0.02170	0.00980	0.01385	0.01049	0.01457	0.00895	0.07199	0.10896	0.01554	0.63972	0.01851	0.01657	0.01184	0.00616	0.00523	0.00159	0.00487	0.00517	0.00590	0.00858
5	0.01285	0.00575	0.00652	0.00584	0.00772	0.00546	0.00455	0.01514	0.01172	0.20763	0.01759	0.01872	0.01304	0.00607	0.00397	0.00129	0.00287	0.00487	0.64264	0.00575
6	0.01160	0.01107	0.01884	0.31452	0.51322	0.01190	0.01520	0.01479	0.01116	0.01543	0.00946	0.01306	0.00766	0.00478	0.00510	0.00159	0.00637	0.00457	0.00245	0.00724
7	0.01422	0.46669	0.05627	0.01059	0.01406	0.19210	0.00968	0.01619	0.02571	0.01262	0.00809	0.01017	0.00728	0.00629	0.02781	0.00153	0.09804	0.01393	0.00241	0.00632
8	0.01372	0.82276	0.02689	0.00878	0.01317	0.02030	0.00878	0.01536	0.01043	0.01207	0.00713	0.00823	0.00658	0.00439	0.00329	0.00110	0.00549	0.00274	0.00219	0.00658
9	0.01301	0.16412	0.26401	0.01108	0.01578	0.01286	0.01149	0.09513	0.16507	0.08195	0.03704	0.02740	0.04728	0.00638	0.00487	0.00157	0.00552	0.02431	0.00375	0.00737
10	0.01029	0.02654	0.79309	0.01462	0.02221	0.01192	0.01896	0.01625	0.01083	0.01625	0.00921	0.01083	0.00650	0.00487	0.00487	0.00162	0.00758	0.00379	0.00217	0.00758
11	0.00639	0.00457	0.00609	0.00715	0.00755	0.00427	0.00486	0.00745	0.01027	0.01379	0.09204	0.73063	0.03504	0.01555	0.00652	0.00205	0.00298	0.03372	0.00484	0.00424
12	0.01002	0.00964	0.01699	0.68725	0.04904	0.01147	0.09980	0.01352	0.01051	0.01368	0.00942	0.01378	0.00709	0.00504	0.00520	0.00170	0.00695	0.00473	0.01830	0.00587
13	0.04547	0.01352	0.18859	0.01049	0.01519	0.04528	0.01017	0.02251	0.01363	0.55638	0.01678	0.01531	0.01080	0.00592	0.00501	0.00158	0.00531	0.00469	0.00514	0.00825
14	0.00684	0.00521	0.00628	0.00605	0.00741	0.00466	0.00452	0.00885	0.01347	0.01816	0.52228	0.05813	0.29657	0.01145	0.00607	0.00166	0.00249	0.00991	0.00533	0.00466
15	0.00647	0.00467	0.00618	0.00730	0.00778	0.00437	0.00512	0.00755	0.01015	0.01339	0.02940	0.68984	0.07298	0.01570	0.00658	0.00210	0.00316	0.09827	0.00476	0.00424
16	0.83236	0.00989	0.00766	0.00682	0.01001	0.01140	0.00561	0.01536	0.00890	0.04475	0.00752	0.00859	0.00576	0.00481	0.00323	0.00159	0.00398	0.00285	0.00327	0.00565
17	0.01364	0.80349	0.04543	0.00892	0.01339	0.02010	0.00903	0.01539	0.01044	0.01217	0.00718	0.00829	0.00658	0.00440	0.00333	0.00111	0.00554	0.00277	0.00219	0.00661
18	0.01959	0.01358	0.01483	0.01144	0.01547	0.01482	0.00943	0.65149	0.05795	0.11802	0.01362	0.01322	0.00950	0.00622	0.00514	0.00155	0.00543	0.00474	0.00528	0.00870
19	0.00620	0.00504	0.00545	0.00569	0.00704	0.00434	0.00411	0.00743	0.01131	0.01390	0.07983	0.21296	0.56847	0.03638	0.00674	0.00189	0.00274	0.01147	0.00476	0.00429
20	0.75988	0.01181	0.09676	0.00764	0.01132	0.01156	0.00708	0.01522	0.00897	0.02225	0.00738	0.00862	0.00566	0.00478	0.00337	0.00159	0.00438	0.00289	0.00306	0.00579
21	0.01797	0.15473	0.01686	0.01334	0.05113	0.63502	0.01000	0.01943	0.01373	0.01267	0.00788	0.00925	0.00668	0.00511	0.00443	0.00129	0.00849	0.00327	0.00257	0.00615
22	0.01064	0.00912	0.01064	0.00760	0.01216	0.00684	0.00608	0.01292	0.01064	0.01672	0.00912	0.01064	0.00760	0.00380	0.00380	0.00076	0.00380	0.00304	0.00304	0.85104
23	0.01068	0.10406	0.69444	0.01427	0.02147	0.01277	0.04124	0.01617	0.01083	0.01585	0.00904	0.01067	0.00655	0.00481	0.00476	0.00158	0.00741	0.00376	0.00218	0.00746
24	0.00948	0.00899	0.10919	0.01026	0.01255	0.00672	0.10644	0.01162	0.01085	0.10236	0.02260	0.50105	0.02455	0.01198	0.00613	0.00193	0.00450	0.02899	0.00433	0.00549
25	0.00822	0.00589	0.00819	0.00935	0.01054	0.00587	0.00816	0.01055	0.01181	0.01532	0.02777	0.05767	0.04774	0.01415	0.00706	0.00235	0.00467	0.73525	0.00473	0.00472
26	0.01061	0.01147	0.08252	0.51712	0.25086	0.01167	0.01508	0.01413	0.01072	0.01443	0.00928	0.01316	0.00718	0.00495	0.00509	0.00165	0.00669	0.00450	0.00235	0.00656
27	0.01230	0.01285	0.04584	0.11684	0.51848	0.02827	0.15838	0.01569	0.01163	0.01618	0.00968	0.01290	0.00784	0.00461	0.00525	0.00158	0.00678	0.00480	0.00251	0.00756
28	0.01048	0.00993	0.01682	0.60339	0.23311	0.01161	0.01464	0.01380	0.01063	0.01407	0.00926	0.01342	0.00718	0.00498	0.00512	0.00166	0.00664	0.00456	0.00235	0.00634
29	0.00703	0.00517	0.00658	0.00636	0.00756	0.00472	0.00472	0.00918	0.01378	0.01911	0.62985	0.10529	0.13904	0.01127	0.00610	0.00167	0.00249	0.00992	0.00546	0.00472
30	0.01053	0.02308	0.60766	0.08255	0.02404	0.01204	0.13643	0.01601	0.01099	0.01601	0.00938	0.01155	0.00673	0.00481	0.00508	0.00165	0.00769	0.00421	0.00224	0.00732
31	0.01226	0.23473	0.47893	0.01316	0.01927	0.10355	0.03962	0.01650	0.01119	0.01474	0.00856	0.01007	0.00658	0.00478	0.00447	0.00146	0.00726	0.00353	0.00224	0.00711
32	0.00969	0.00912	0.01539	0.80734	0.03534	0.01140	0.01425	0.01311	0.01026	0.01311	0.00912	0.01368	0.00684	0.00513	0.00513	0.00171	0.00684	0.00456	0.00228	0.00570
33	0.00715	0.00524	0.00670	0.00633	0.00759	0.00479	0.00475	0.00946	0.01425	0.01992	0.71336	0.03941	0.12042	0.01073	0.00605	0.00163	0.00244	0.00943	0.00556	0.00479
34	0.00972	0.00935	0.01657	0.63563	0.03186	0.01100	0.11360	0.01305	0.01047	0.01355	0.01090	0.08137	0.00925	0.00595	0.00537	0.00174	0.00675	0.00560	0.00253	0.00573
35	0.01223	0.01115	0.01811	0.27109	0.39228	0.01203	0.04486	0.04094	0.09350	0.03714	0.01108	0.01385	0.00865	0.00509	0.00515	0.00162	0.00616	0.00478	0.00293	0.00735
36	0.01262	0.01211	0.02069	0.05167	0.76810	0.01217	0.01571	0.01568	0.01165	0.01667	0.00964	0.01272	0.00809	0.00459	0.00508	0.00153	0.00612	0.00457	0.00253	0.00806
37	0.76092	0.01043	0.00843	0.00732	0.01060	0.01201	0.00603	0.10088	0.01048	0.02408	0.00773	0.00879	0.00592	0.00492	0.00340	0.00158	0.00416	0.00299	0.00340	0.00592
38	0.01104	0.01105	0.01659	0.57178	0.13593	0.07783	0.04844	0.01424	0.01091	0.01384	0.00915	0.01308	0.00707	0.00499	0.00508	0.00162	0.00693	0.00447	0.00239	0.03356

[dist]
# distance from previous block
# <min> <max>
0	1

[block]
# block no. 3 follows, 48 sequences, length 18
# corresponding to MSA columns:
# 280-297
name=unknown_D
#
# <colnr> <probs for GDERKNQSTAVLIFYWHMCP>
#	G	D	E	R	K	N	Q	S	T	A	V	L	I	F	Y	W	H	M	C	P
0	0.05500	0.59429	0.02417	0.01027	0.01441	0.12335	0.06175	0.04071	0.01146	0.01363	0.00764	0.00890	0.00669	0.00458	0.00372	0.00121	0.00614	0.00311	0.00243	0.00654
1	0.00704	0.00495	0.00557	0.00573	0.00609	0.00475	0.00348	0.00740	0.00856	0.01109	0.02437	0.14115	0.16166	0.56395	0.01981	0.00399	0.00427	0.00903	0.00363	0.00348
2	0.01114	0.01141	0.01455	0.14233	0.01765	0.15222	0.14937	0.03432	0.01106	0.01366	0.01381	0.16309	0.01386	0.10433	0.07444	0.00266	0.05478	0.00686	0.00307	0.00538
3	0.01298	0.01314	0.07888	0.09192	0.49242	0.01256	0.01435	0.09683	0.10157	0.01860	0.01115	0.01334	0.00883	0.00509	0.00509	0.00157	0.00599	0.00466	0.00307	0.00794
4	0.01652	0.01282	0.01561	0.01223	0.04258	0.01309	0.07438	0.47502	0.01911	0.04390	0.01145	0.01217	0.00844	0.00537	0.00488	0.00136	0.00543	0.00436	0.00433	0.21693
5	0.01204	0.01137	0.01920	0.05004	0.68451	0.01139	0.01455	0.01503	0.01195	0.01707	0.09174	0.01544	0.01236	0.00521	0.00518	0.00154	0.00573	0.00507	0.00286	0.00771
6	0.01296	0.01108	0.01240	0.01212	0.07369	0.01259	0.00882	0.07090	0.63682	0.02148	0.01978	0.02004	0.01530	0.00706	0.00529	0.00174	0.00435	0.04060	0.00498	0.00800
7	0.85592	0.00992	0.00754	0.00675	0.00992	0.01151	0.00556	0.01508	0.00873	0.02302	0.00714	0.00834	0.00556	0.00476	0.00318	0.00159	0.00397	0.00278	0.00318	0.00556
8	0.01872	0.01398	0.01496	0.01165	0.01561	0.01555	0.00956	0.68452	0.11144	0.03108	0.01331	0.01311	0.00953	0.00625	0.00514	0.00156	0.00546	0.00476	0.00514	0.00866
9	0.01061	0.00599	0.00779	0.00696	0.00879	0.00537	0.00535	0.01278	0.01414	0.19052	0.52156	0.06166	0.10808	0.01000	0.00587	0.00164	0.00289	0.00869	0.00569	0.00563
10	0.00818	0.00651	0.00689	0.00717	0.00829	0.06640	0.00512	0.00950	0.01159	0.05181	0.15203	0.42120	0.19970	0.01320	0.00615	0.00185	0.00336	0.01158	0.00482	0.00467
11	0.01883	0.00962	0.01200	0.00904	0.01320	0.00847	0.00740	0.12295	0.01476	0.45583	0.01583	0.01472	0.01063	0.00556	0.00475	0.00133	0.00437	0.00445	0.00519	0.26105
12	0.00792	0.00545	0.00655	0.00677	0.00719	0.00549	0.00456	0.03654	0.00917	0.01218	0.01940	0.12759	0.02193	0.53256	0.03507	0.00410	0.00490	0.14519	0.00367	0.00377
13	0.01309	0.01332	0.10830	0.06187	0.52152	0.01182	0.01460	0.01762	0.09295	0.07736	0.01159	0.01358	0.00903	0.00502	0.00508	0.00157	0.00595	0.00466	0.00307	0.00800
14	0.00726	0.00524	0.00686	0.00646	0.00767	0.00484	0.00484	0.00968	0.01452	0.02058	0.78496	0.03833	0.04841	0.01049	0.00605	0.00161	0.00242	0.00928	0.00565	0.00484
15	0.05612	0.01387	0.01578	0.01245	0.01626	0.05982	0.09706	0.42336	0.20538	0.02627	0.01369	0.01380	0.01004	0.00603	0.00514	0.00160	0.00574	0.00491	0.00463	0.00806
16	0.00746	0.00497	0.00560	0.00560	0.00560	0.00497	0.00311	0.00746	0.00746	0.00995	0.01617	0.03358	0.01865	0.81967	0.02612	0.00497	0.00497	0.00746	0.00311	0.00311
17	0.01010	0.00950	0.01586	0.70227	0.11438	0.01152	0.01423	0.01380	0.03250	0.01374	0.00951	0.01373	0.00723	0.00512	0.00513	0.00169	0.00668	0.00460	0.00239	0.00603

[dist]
# distance from previous block
# <min> <max>
0	1

[block]
# block no. 4 follows, 48 sequences, length 27
# corresponding to MSA columns:
# 299-325
name=unknown_E
#
# <colnr> <probs for GDERKNQSTAVLIFYWHMCP>
#	G	D	E	R	K	N	Q	S	T	A	V	L	I	F	Y	W	H	M	C	P
0	0.01404	0.77540	0.02616	0.00904	0.01333	0.06650	0.00885	0.01567	0.01067	0.01210	0.00718	0.00829	0.00659	0.00444	0.00337	0.00111	0.00571	0.00278	0.00222	0.00655
1	0.00746	0.00497	0.00560	0.00560	0.00560	0.00497	0.00311	0.00746	0.00746	0.00995	0.01617	0.03358	0.01865	0.81967	0.02612	0.00497	0.00497	0.00746	0.00311	0.00311
2	0.01813	0.17858	0.01697	0.01229	0.01534	0.60971	0.00969	0.05640	0.01422	0.01344	0.00799	0.00921	0.00671	0.00516	0.00439	0.00129	0.00835	0.00326	0.00268	0.00621
3	0.01222	0.00907	0.01080	0.00780	0.01228	0.00693	0.00627	0.01447	0.01116	0.11574	0.01054	0.01151	0.00825	0.00413	0.00397	0.00087	0.00387	0.00331	0.00346	0.74336
4	0.00912	0.00618	0.00762	0.00772	0.00903	0.00612	0.00559	0.01279	0.14769	0.08829	0.14562	0.44382	0.06501	0.01254	0.00608	0.00189	0.00319	0.01115	0.00513	0.00541
5	0.12338	0.59421	0.04375	0.00924	0.01334	0.11799	0.00878	0.01600	0.01074	0.01367	0.00729	0.00845	0.00645	0.00457	0.00349	0.00120	0.00583	0.00285	0.00238	0.00640
6	0.02021	0.01325	0.01470	0.01127	0.01535	0.01424	0.00931	0.62200	0.02224	0.18355	0.01390	0.01334	0.00952	0.00620	0.00514	0.00155	0.00539	0.00473	0.00538	0.00873
7	0.00807	0.00632	0.00859	0.00820	0.00861	0.00753	0.00605	0.00910	0.00789	0.01127	0.01339	0.02351	0.01389	0.32036	0.37663	0.00598	0.15154	0.00604	0.00279	0.00422
8	0.00618	0.00520	0.00536	0.00532	0.00700	0.00438	0.00399	0.00759	0.01197	0.01451	0.12239	0.04832	0.71477	0.01275	0.00606	0.00172	0.00258	0.01068	0.00485	0.00438
9	0.00891	0.00446	0.00668	0.00668	0.00668	0.00446	0.00446	0.00668	0.00668	0.00891	0.00891	0.01560	0.00891	0.01783	0.02005	0.85071	0.00446	0.00446	0.00223	0.00223
10	0.00724	0.00493	0.00565	0.00579	0.00594	0.00484	0.00340	0.00747	0.00811	0.01077	0.03635	0.13448	0.05649	0.66201	0.02225	0.00438	0.00455	0.00857	0.00345	0.00334
11	0.01041	0.02584	0.75510	0.01545	0.05987	0.01193	0.01880	0.01622	0.01087	0.01627	0.00923	0.01092	0.00658	0.00486	0.00488	0.00162	0.00751	0.00383	0.00218	0.00761
12	0.00643	0.00454	0.00590	0.00691	0.00716	0.00429	0.00451	0.00719	0.00947	0.01262	0.02646	0.69862	0.03164	0.13692	0.00949	0.00252	0.00328	0.01352	0.00451	0.00401
13	0.00747	0.00527	0.00713	0.00715	0.00782	0.00580	0.00516	0.00877	0.00827	0.01186	0.01566	0.03981	0.02957	0.26809	0.48659	0.00657	0.00997	0.00631	0.05860	0.00414
14	0.78022	0.01012	0.00802	0.00712	0.01031	0.01172	0.00584	0.03893	0.05493	0.02321	0.00812	0.00910	0.00625	0.00494	0.00336	0.00160	0.00403	0.00301	0.00336	0.00581
15	0.01699	0.01391	0.11301	0.05843	0.01685	0.01253	0.01032	0.38554	0.04834	0.15221	0.01300	0.01313	0.00913	0.00571	0.00495	0.00148	0.00547	0.00446	0.00454	0.11001
16	0.01049	0.00896	0.01048	0.00758	0.01200	0.00675	0.00603	0.01272	0.01061	0.01660	0.00978	0.03840	0.00851	0.00422	0.00389	0.00081	0.00377	0.00344	0.00310	0.82186
17	0.01745	0.01335	0.01424	0.01139	0.01513	0.01495	0.00926	0.54423	0.25379	0.02903	0.01493	0.01440	0.01084	0.00640	0.00516	0.00160	0.00516	0.00498	0.00516	0.00854
18	0.01349	0.77033	0.07734	0.00916	0.01376	0.01975	0.00945	0.01542	0.01045	0.01235	0.00727	0.00840	0.00658	0.00442	0.00340	0.00113	0.00563	0.00281	0.00219	0.00665
19	0.01038	0.00992	0.01708	0.62327	0.18069	0.01162	0.04701	0.01376	0.01062	0.01396	0.00928	0.01350	0.00713	0.00499	0.00516	0.00167	0.00677	0.00463	0.00234	0.00622
20	0.01341	0.75221	0.09478	0.00930	0.01397	0.01956	0.00968	0.01544	0.01046	0.01244	0.00732	0.00846	0.00658	0.00443	0.00343	0.00114	0.00567	0.00284	0.00219	0.00667
21	0.00710	0.00512	0.00671	0.00657	0.00763	0.00473	0.00483	0.00926	0.01375	0.01934	0.66020	0.16661	0.04603	0.01141	0.00613	0.00169	0.00251	0.01015	0.00550	0.00473
22	0.01391	0.52107	0.13531	0.01039	0.01478	0.15538	0.01033	0.01637	0.02426	0.01308	0.02245	0.00977	0.00764	0.00545	0.01970	0.00138	0.00654	0.00322	0.00240	0.00657
23	0.00668	0.00499	0.00626	0.00717	0.00779	0.00477	0.00491	0.00854	0.06261	0.01375	0.03018	0.68399	0.10892	0.01514	0.00641	0.00202	0.00301	0.01360	0.00479	0.00445
24	0.00626	0.00498	0.00544	0.00576	0.00693	0.00436	0.00405	0.00732	0.01074	0.01324	0.04183	0.25350	0.50269	0.09924	0.00832	0.00217	0.00295	0.01148	0.00459	0.00416
25	0.85592	0.00992	0.00754	0.00675	0.00992	0.01151	0.00556	0.01508	0.00873	0.02302	0.00714	0.00834	0.00556	0.00476	0.00318	0.00159	0.00397	0.00278	0.00318	0.00556
26	0.18095	0.01411	0.01383	0.01091	0.01475	0.06152	0.00895	0.58022	0.02058	0.02937	0.01106	0.01137	0.00799	0.00584	0.00473	0.00154	0.00554	0.00419	0.00461	0.00795

[dist]
# distance from previous block
# <min> <max>
0	11

[block]
# block no. 5 follows, 48 sequences, length 20
# corresponding to MSA columns:
# 337-356
name=unknown_F
#
# <colnr> <probs for GDERKNQSTAVLIFYWHMCP>
#	G	D	E	R	K	N	Q	S	T	A	V	L	I	F	Y	W	H	M	C	P
0	0.00815	0.00547	0.00696	0.00645	0.00792	0.00495	0.00489	0.01038	0.01413	0.07128	0.62855	0.03851	0.15176	0.01057	0.00599	0.00163	0.00258	0.00923	0.00557	0.00503
1	0.00637	0.00510	0.00533	0.00541	0.00668	0.00446	0.00379	0.00737	0.01069	0.01300	0.04299	0.09526	0.57733	0.18154	0.01028	0.00243	0.00312	0.01037	0.00442	0.00407
2	0.01149	0.01264	0.02649	0.22169	0.02899	0.01257	0.57685	0.01559	0.01164	0.01559	0.01006	0.01380	0.00754	0.00453	0.00582	0.00172	0.00819	0.00567	0.00251	0.00661
3	0.02068	0.01249	0.01423	0.01091	0.01497	0.01312	0.00901	0.52152	0.02097	0.28583	0.01497	0.01404	0.01005	0.00622	0.00514	0.00156	0.00522	0.00480	0.00554	0.00873
4	0.00891	0.00446	0.00668	0.00668	0.00668	0.00446	0.00446	0.00668	0.00668	0.00891	0.00891	0.01560	0.00891	0.01783	0.02005	0.85071	0.00446	0.00446	0.00223	0.00223
5	0.00734	0.00544	0.00796	0.00796	0.00878	0.00626	0.00606	0.00898	0.00816	0.01170	0.01400	0.02159	0.01345	0.12213	0.71655	0.00790	0.01280	0.00571	0.00279	0.00442
6	0.00758	0.00530	0.00682	0.00648	0.00776	0.00484	0.00484	0.00980	0.01399	0.04317	0.65184	0.08850	0.10789	0.01093	0.00606	0.00165	0.00253	0.00962	0.00554	0.00488
7	0.00766	0.00551	0.00755	0.00868	0.00966	0.00540	0.00719	0.00960	0.01130	0.01472	0.02850	0.25063	0.06276	0.01461	0.00691	0.00226	0.00419	0.53355	0.00474	0.00457
8	0.85592	0.00992	0.00754	0.00675	0.00992	0.01151	0.00556	0.01508	0.00873	0.02302	0.00714	0.00834	0.00556	0.00476	0.00318	0.00159	0.00397	0.00278	0.00318	0.00556
9	0.00994	0.00938	0.01584	0.74262	0.09810	0.01147	0.01437	0.01333	0.01038	0.01341	0.00916	0.01360	0.00695	0.00508	0.00513	0.00169	0.00678	0.00456	0.00230	0.00590
10	0.00625	0.00447	0.00595	0.00714	0.00744	0.00417	0.00476	0.00714	0.00982	0.01310	0.02828	0.81633	0.03394	0.01608	0.00655	0.00208	0.00298	0.01459	0.00476	0.00417
11	0.85592	0.00992	0.00754	0.00675	0.00992	0.01151	0.00556	0.01508	0.00873	0.02302	0.00714	0.00834	0.00556	0.00476	0.00318	0.00159	0.00397	0.00278	0.00318	0.00556
12	0.11220	0.00886	0.01144	0.00887	0.01276	0.00797	0.00733	0.02394	0.01405	0.70897	0.01884	0.01649	0.01194	0.00618	0.00495	0.00159	0.00432	0.00490	0.00601	0.00839
13	0.00744	0.00505	0.00599	0.00599	0.00613	0.00519	0.00361	0.00772	0.00758	0.01024	0.01580	0.03156	0.01778	0.70231	0.14228	0.00547	0.00629	0.00717	0.00305	0.00333
14	0.01896	0.05439	0.01500	0.01305	0.01576	0.76988	0.00987	0.02030	0.01439	0.01254	0.00790	0.00921	0.00661	0.00525	0.00458	0.00131	0.00911	0.00328	0.00263	0.00597
15	0.01861	0.01322	0.01483	0.01157	0.01550	0.01444	0.03002	0.55213	0.14251	0.11143	0.01447	0.01399	0.01023	0.00626	0.00518	0.00158	0.00534	0.00490	0.00521	0.00858
16	0.01614	0.01170	0.01296	0.01068	0.01382	0.01275	0.00874	0.51962	0.04575	0.04284	0.01598	0.03924	0.01397	0.07564	0.00725	0.00199	0.00530	0.13327	0.00492	0.00746
17	0.01917	0.02445	0.01454	0.01322	0.01586	0.79907	0.00991	0.02049	0.01454	0.01256	0.00793	0.00925	0.00661	0.00529	0.00463	0.00132	0.00925	0.00330	0.00264	0.00595
18	0.00680	0.00486	0.00659	0.00777	0.00831	0.00464	0.00572	0.00810	0.01037	0.01372	0.02798	0.60902	0.03273	0.01556	0.00670	0.00216	0.00345	0.21645	0.00475	0.00432
19	0.01211	0.01384	0.03028	0.02163	0.02682	0.01298	0.76903	0.01644	0.01211	0.01644	0.01038	0.01384	0.00779	0.00433	0.00606	0.00173	0.00865	0.00606	0.00260	0.00692

[dist]
# distance from previous block
# <min> <max>
3	12

[block]
# block no. 6 follows, 48 sequences, length 18
# corresponding to MSA columns:
# 370-387
name=unknown_G
#
# <colnr> <probs for GDERKNQSTAVLIFYWHMCP>
#	G	D	E	R	K	N	Q	S	T	A	V	L	I	F	Y	W	H	M	C	P
0	0.01657	0.01201	0.01377	0.01108	0.01442	0.01298	0.03478	0.53520	0.04011	0.06249	0.01608	0.16218	0.01412	0.00811	0.00547	0.00167	0.00514	0.02107	0.00503	0.00773
1	0.01692	0.01176	0.01328	0.01051	0.01428	0.01217	0.00871	0.46320	0.01923	0.10942	0.01463	0.01867	0.01174	0.00686	0.00518	0.00153	0.00508	0.10427	0.00486	0.14770
2	0.00789	0.00595	0.00784	0.00848	0.02413	0.00552	0.00669	0.00983	0.01142	0.01524	0.08546	0.19919	0.10622	0.02561	0.00671	0.00204	0.00392	0.36731	0.00456	0.09600
3	0.01307	0.36707	0.34988	0.01191	0.01740	0.13200	0.01326	0.01650	0.01121	0.01391	0.00813	0.00949	0.00655	0.00473	0.00416	0.00135	0.00693	0.00327	0.00225	0.00691
4	0.01229	0.00733	0.00970	0.00874	0.01038	0.03220	0.00683	0.01390	0.01010	0.22497	0.01509	0.01984	0.01277	0.10816	0.42058	0.00544	0.06679	0.00547	0.00373	0.00568
5	0.01432	0.37631	0.01940	0.08096	0.01571	0.23540	0.00909	0.01615	0.01160	0.01316	0.00790	0.00945	0.00680	0.00460	0.00392	0.00115	0.00635	0.00312	0.00248	0.16212
6	0.00978	0.00820	0.00972	0.00751	0.01123	0.00631	0.00582	0.01178	0.01048	0.01601	0.01290	0.16941	0.01279	0.00622	0.00434	0.00102	0.00364	0.00532	0.00338	0.68415
7	0.01144	0.00860	0.01038	0.01050	0.07006	0.00895	0.00728	0.27612	0.01512	0.02024	0.03517	0.40331	0.06105	0.02876	0.00633	0.00189	0.00417	0.00988	0.00470	0.00607
8	0.00733	0.00550	0.00825	0.00825	0.00916	0.00641	0.00641	0.00916	0.00825	0.01191	0.01374	0.02016	0.01283	0.03848	0.79934	0.00825	0.01374	0.00550	0.00275	0.00458
9	0.01530	0.60160	0.02374	0.00961	0.01392	0.01910	0.00905	0.22198	0.01417	0.01762	0.00855	0.00935	0.00717	0.00487	0.00380	0.00122	0.00553	0.00326	0.00300	0.00717
10	0.01932	0.01258	0.03627	0.01161	0.01558	0.08099	0.09076	0.23296	0.01694	0.36173	0.05633	0.01582	0.01224	0.00616	0.00524	0.00157	0.00561	0.00512	0.00512	0.00805
11	0.03648	0.48127	0.29730	0.01145	0.03576	0.01679	0.01252	0.01562	0.01050	0.01399	0.00792	0.00933	0.00657	0.00467	0.00416	0.00133	0.02200	0.00320	0.00222	0.00693
12	0.01146	0.01251	0.09426	0.09576	0.52776	0.01121	0.04172	0.01468	0.01146	0.01625	0.04205	0.07517	0.01143	0.00576	0.00525	0.00160	0.00601	0.00550	0.00278	0.00738
13	0.38591	0.00926	0.00997	0.00805	0.01169	0.00925	0.00664	0.02036	0.01198	0.43571	0.01424	0.01330	0.00945	0.00559	0.00426	0.00157	0.00418	0.00407	0.00488	0.02965
14	0.01382	0.00902	0.01171	0.01241	0.15356	0.00913	0.00776	0.17803	0.01338	0.15715	0.03481	0.03570	0.01451	0.31148	0.01305	0.00285	0.00512	0.00606	0.00412	0.00633
15	0.07198	0.03671	0.17167	0.02029	0.30402	0.08981	0.09099	0.08358	0.03398	0.03444	0.01000	0.01194	0.00776	0.00493	0.00493	0.00155	0.00666	0.00433	0.00290	0.00753
16	0.01196	0.00710	0.00923	0.00786	0.01005	0.00670	0.02187	0.09076	0.01530	0.18806	0.48196	0.04447	0.06504	0.00922	0.00577	0.00162	0.00332	0.00800	0.00563	0.00609
17	0.00815	0.00638	0.01003	0.01016	0.01154	0.00621	0.08948	0.01034	0.01132	0.01488	0.02565	0.25324	0.02834	0.01361	0.00683	0.00222	0.00469	0.47760	0.00450	0.00481

[dist]
# distance from previous block
# <min> <max>
0	3

[block]
# block no. 7 follows, 48 sequences, length 77
# corresponding to MSA columns:
# 391-467
name=unknown_H
#
# <colnr> <probs for GDERKNQSTAVLIFYWHMCP>
#	G	D	E	R	K	N	Q	S	T	A	V	L	I	F	Y	W	H	M	C	P
0	0.01110	0.07911	0.01243	0.00800	0.01255	0.00826	0.01829	0.02761	0.01090	0.01661	0.00903	0.01052	0.00754	0.00390	0.00382	0.00082	0.00406	0.00309	0.00300	0.74937
1	0.01898	0.01341	0.01454	0.01131	0.01523	0.01471	0.00929	0.62886	0.08777	0.09236	0.01380	0.01348	0.00975	0.00624	0.00511	0.00155	0.00533	0.00477	0.02495	0.00858
2	0.01773	0.01246	0.01374	0.01080	0.01429	0.01363	0.00876	0.59234	0.02076	0.08096	0.01331	0.01513	0.01018	0.07859	0.07105	0.00238	0.00615	0.00497	0.00485	0.00791
3	0.00746	0.00497	0.00560	0.00560	0.00560	0.00497	0.00311	0.00746	0.00746	0.00995	0.01617	0.03358	0.01865	0.81967	0.02612	0.00497	0.00497	0.00746	0.00311	0.00311
4	0.01123	0.01123	0.01572	0.01347	0.01347	0.01572	0.01123	0.01235	0.00786	0.01235	0.00674	0.01123	0.00674	0.00898	0.01684	0.00225	0.81028	0.00449	0.00225	0.00561
5	0.01493	0.61915	0.03915	0.00994	0.01398	0.20339	0.00925	0.01659	0.01140	0.01227	0.00736	0.00852	0.00659	0.00461	0.00364	0.00116	0.00641	0.00290	0.00230	0.00645
6	0.00610	0.00520	0.00524	0.00523	0.00695	0.00434	0.00392	0.00742	0.01177	0.01403	0.07090	0.04910	0.76656	0.01293	0.00606	0.00173	0.00259	0.01079	0.00479	0.00434
7	0.29379	0.01291	0.01282	0.01015	0.01395	0.01447	0.00838	0.52282	0.01908	0.02928	0.01062	0.01101	0.00769	0.00570	0.00449	0.00156	0.00510	0.00402	0.00449	0.00769
8	0.01443	0.71812	0.02527	0.00936	0.01352	0.12239	0.00893	0.01604	0.01097	0.01214	0.00724	0.00836	0.00659	0.00451	0.00347	0.00113	0.00598	0.00282	0.00225	0.00650
9	0.00695	0.00517	0.00646	0.00628	0.00751	0.00469	0.00466	0.00902	0.01358	0.01865	0.58005	0.10790	0.18724	0.01145	0.00610	0.00168	0.00250	0.01003	0.00540	0.00469
10	0.01040	0.05085	0.76970	0.01445	0.02193	0.01217	0.01865	0.01622	0.01082	0.01612	0.00914	0.01075	0.00650	0.00486	0.00483	0.00161	0.00752	0.00376	0.00217	0.00755
11	0.00745	0.00502	0.00581	0.00581	0.00588	0.00509	0.00338	0.00760	0.00753	0.01011	0.01597	0.03249	0.01818	0.75661	0.08854	0.00524	0.00568	0.00730	0.00308	0.00323
12	0.01211	0.01384	0.03028	0.02163	0.02682	0.01298	0.76903	0.01644	0.01211	0.01644	0.01038	0.01384	0.00779	0.00433	0.00606	0.00173	0.00865	0.00606	0.00260	0.00692
13	0.01372	0.82276	0.02689	0.00878	0.01317	0.02030	0.00878	0.01536	0.01043	0.01207	0.00713	0.00823	0.00658	0.00439	0.00329	0.00110	0.00549	0.00274	0.00219	0.00658
14	0.01866	0.02297	0.01434	0.01294	0.01566	0.70416	0.00976	0.05114	0.07659	0.01407	0.00915	0.01017	0.00743	0.00546	0.00469	0.00136	0.00869	0.00356	0.00295	0.00624
15	0.00868	0.00452	0.00656	0.00656	0.00670	0.00445	0.00441	0.00674	0.00709	0.00931	0.01239	0.01832	0.07161	0.01744	0.01892	0.78218	0.00431	0.00497	0.00243	0.00240
16	0.68982	0.00975	0.00830	0.00717	0.01042	0.01092	0.00590	0.04200	0.01011	0.12468	0.00936	0.01003	0.00686	0.00506	0.00352	0.00157	0.00403	0.00322	0.03123	0.00606
17	0.00969	0.00912	0.01539	0.80734	0.03534	0.01140	0.01425	0.01311	0.01026	0.01311	0.00912	0.01368	0.00684	0.00513	0.00513	0.00171	0.00684	0.00456	0.00228	0.00570
18	0.00721	0.00513	0.00657	0.00637	0.00731	0.00481	0.00455	0.00910	0.01296	0.01819	0.59348	0.10430	0.04227	0.14417	0.00940	0.00221	0.00289	0.00944	0.00515	0.00450
19	0.00891	0.00446	0.00668	0.00668	0.00668	0.00446	0.00446	0.00668	0.00668	0.00891	0.00891	0.01560	0.00891	0.01783	0.02005	0.85071	0.00446	0.00446	0.00223	0.00223
20	0.00726	0.00524	0.00686	0.00646	0.00767	0.00484	0.00484	0.00968	0.01452	0.02058	0.78496	0.03833	0.04841	0.01049	0.00605	0.00161	0.00242	0.00928	0.00565	0.00484
21	0.01372	0.82276	0.02689	0.00878	0.01317	0.02030	0.00878	0.01536	0.01043	0.01207	0.00713	0.00823	0.00658	0.00439	0.00329	0.00110	0.00549	0.00274	0.00219	0.00658
22	0.00633	0.00453	0.00590	0.00695	0.00729	0.00423	0.00461	0.00718	0.00974	0.01292	0.02849	0.72876	0.06594	0.07121	0.00787	0.00227	0.00310	0.01393	0.00465	0.00410
23	0.85592	0.00992	0.00754	0.00675	0.00992	0.01151	0.00556	0.01508	0.00873	0.02302	0.00714	0.00834	0.00556	0.00476	0.00318	0.00159	0.00397	0.00278	0.00318	0.00556
24	0.01276	0.01102	0.01160	0.01044	0.01334	0.01276	0.00812	0.02727	0.77840	0.02146	0.02088	0.01914	0.01566	0.00696	0.00522	0.00174	0.00406	0.00580	0.00522	0.00812
25	0.01962	0.01300	0.01433	0.01104	0.01499	0.01402	0.00910	0.61272	0.02195	0.15670	0.01383	0.01348	0.00959	0.00618	0.00507	0.00153	0.00529	0.00472	0.04429	0.00854
26	0.01372	0.82276	0.02689	0.00878	0.01317	0.02030	0.00878	0.01536	0.01043	0.01207	0.00713	0.00823	0.00658	0.00439	0.00329	0.00110	0.00549	0.00274	0.00219	0.00658
27	0.00848	0.00633	0.00785	0.00702	0.00862	0.00602	0.00509	0.00976	0.00910	0.03093	0.02980	0.02508	0.08242	0.28805	0.23641	0.00443	0.02190	0.00609	0.00324	0.20337
28	0.00714	0.00489	0.00588	0.00610	0.00636	0.00476	0.00377	0.00773	0.00912	0.01235	0.13792	0.22236	0.02693	0.50153	0.01831	0.00376	0.00410	0.00945	0.00390	0.00363
29	0.08966	0.01003	0.01220	0.00946	0.01334	0.00970	0.00780	0.19206	0.01626	0.54300	0.01733	0.01559	0.01123	0.00617	0.00496	0.00157	0.00458	0.00484	0.02182	0.00840
30	0.00678	0.00501	0.00614	0.00653	0.00757	0.00455	0.00480	0.00799	0.01127	0.01458	0.16811	0.26209	0.30327	0.01394	0.00743	0.07041	0.00304	0.08753	0.00471	0.00425
31	0.01372	0.82276	0.02689	0.00878	0.01317	0.02030	0.00878	0.01536	0.01043	0.01207	0.00713	0.00823	0.00658	0.00439	0.00329	0.00110	0.00549	0.00274	0.00219	0.00658
32	0.00735	0.00530	0.00698	0.00671	0.00792	0.00493	0.00514	0.00976	0.01429	0.02013	0.71994	0.04001	0.04679	0.01081	0.00614	0.00168	0.00262	0.07311	0.00557	0.00483
33	0.00624	0.00452	0.00589	0.00699	0.00740	0.00418	0.00469	0.00716	0.00997	0.01316	0.03019	0.75441	0.09461	0.01583	0.00651	0.00206	0.00295	0.01428	0.00476	0.00418
34	0.00621	0.00464	0.00578	0.00669	0.00732	0.00421	0.00456	0.00720	0.01026	0.01328	0.03386	0.63586	0.21081	0.01535	0.00644	0.00200	0.00289	0.01370	0.00476	0.00421
35	0.01917	0.02445	0.01454	0.01322	0.01586	0.79907	0.00991	0.02049	0.01454	0.01256	0.00793	0.00925	0.00661	0.00529	0.00463	0.00132	0.00925	0.00330	0.00264	0.00595
36	0.01172	0.00651	0.00688	0.00624	0.00806	0.00673	0.00484	0.08732	0.07819	0.07371	0.01691	0.01836	0.01291	0.00611	0.00398	0.00130	0.00298	0.00488	0.63664	0.00572
37	0.00641	0.00456	0.00602	0.00713	0.00744	0.00429	0.00478	0.00730	0.00974	0.01297	0.02740	0.73343	0.03272	0.07127	0.00792	0.00229	0.00318	0.04239	0.00465	0.00412
38	0.01465	0.01133	0.01220	0.01053	0.01371	0.01279	0.00832	0.13820	0.60010	0.08914	0.01955	0.01798	0.01437	0.00679	0.00520	0.00170	0.00432	0.00557	0.00530	0.00826
39	0.03661	0.00858	0.01100	0.00922	0.01152	0.07455	0.09022	0.01419	0.01396	0.15800	0.44730	0.05401	0.03217	0.00863	0.00570	0.00161	0.00411	0.00765	0.00508	0.00587
40	0.00654	0.00468	0.00624	0.00716	0.00766	0.00438	0.00498	0.00777	0.01072	0.01447	0.15322	0.64365	0.03607	0.01504	0.00650	0.00202	0.00299	0.05670	0.00491	0.00431
41	0.01951	0.01437	0.01540	0.01181	0.01591	0.01591	0.00975	0.77056	0.02412	0.03234	0.01232	0.01232	0.00873	0.00616	0.00513	0.00154	0.00565	0.00462	0.00513	0.00873
42	0.01964	0.01416	0.01527	0.01170	0.01580	0.01559	0.00967	0.74199	0.02376	0.06141	0.01262	0.01252	0.00888	0.00617	0.00513	0.00154	0.00560	0.00464	0.00518	0.00873
43	0.01136	0.27422	0.55474	0.01281	0.01940	0.01453	0.01579	0.01597	0.01071	0.01495	0.00856	0.01002	0.00653	0.00472	0.00438	0.00146	0.00693	0.00347	0.00218	0.00727
44	0.00868	0.00748	0.01083	0.01005	0.01065	0.00963	0.00808	0.01026	0.00811	0.01206	0.01132	0.01707	0.01072	0.02828	0.52875	0.00617	0.28919	0.00515	0.00257	0.00494
45	0.00674	0.00488	0.00632	0.00692	0.00761	0.00455	0.00482	0.02008	0.01147	0.01554	0.24150	0.54400	0.07806	0.01418	0.00636	0.00192	0.00284	0.01274	0.00502	0.00444
46	0.85592	0.00992	0.00754	0.00675	0.00992	0.01151	0.00556	0.01508	0.00873	0.02302	0.00714	0.00834	0.00556	0.00476	0.00318	0.00159	0.00397	0.00278	0.00318	0.00556
47	0.00625	0.00523	0.00547	0.00560	0.00724	0.00445	0.00428	0.00762	0.01165	0.01396	0.04925	0.07348	0.70161	0.01318	0.00616	0.00179	0.00278	0.07087	0.00476	0.00436
48	0.01233	0.01322	0.02672	0.02534	0.31315	0.01268	0.48555	0.01618	0.01195	0.01656	0.01011	0.01341	0.00791	0.00442	0.00569	0.00165	0.00769	0.00550	0.00257	0.00737
49	0.01164	0.01308	0.02831	0.02046	0.02525	0.01226	0.70733	0.01569	0.01193	0.01617	0.01183	0.07862	0.00990	0.00527	0.00610	0.00176	0.00819	0.00674	0.00277	0.00670
50	0.00684	0.00507	0.00639	0.00647	0.00755	0.00462	0.00474	0.00870	0.01286	0.01753	0.46183	0.22377	0.17326	0.01232	0.00619	0.00176	0.00263	0.02761	0.00526	0.00459
51	0.00726	0.00524	0.00686	0.00646	0.00767	0.00484	0.00484	0.00968	0.01452	0.02058	0.78496	0.03833	0.04841	0.01049	0.00605	0.00161	0.00242	0.00928	0.00565	0.00484
52	0.00744	0.00496	0.00560	0.00563	0.00564	0.00496	0.00314	0.00745	0.00751	0.01002	0.01643	0.05042	0.01898	0.80238	0.02570	0.00491	0.00493	0.00762	0.00314	0.00313
53	0.85592	0.00992	0.00754	0.00675	0.00992	0.01151	0.00556	0.01508	0.00873	0.02302	0.00714	0.00834	0.00556	0.00476	0.00318	0.00159	0.00397	0.00278	0.00318	0.00556
54	0.83701	0.01002	0.00772	0.00686	0.01006	0.01161	0.00565	0.03216	0.00908	0.02323	0.00726	0.00843	0.00563	0.00479	0.00322	0.00159	0.00401	0.00282	0.00322	0.00563
55	0.01151	0.01172	0.01841	0.44011	0.21020	0.07550	0.10516	0.01471	0.01109	0.01431	0.00923	0.01303	0.00724	0.00503	0.00555	0.00165	0.03206	0.00464	0.00241	0.00644
56	0.01186	0.01148	0.01643	0.37976	0.23522	0.08959	0.04160	0.03770	0.01157	0.01528	0.00992	0.01338	0.00781	0.00513	0.00515	0.00158	0.01905	0.00452	0.07654	0.00644
57	0.00744	0.00538	0.00711	0.00806	0.00899	0.00521	0.00646	0.00911	0.01094	0.01417	0.02941	0.24864	0.11640	0.07955	0.00837	0.00243	0.00405	0.41927	0.00461	0.00441
58	0.85592	0.00992	0.00754	0.00675	0.00992	0.01151	0.00556	0.01508	0.00873	0.02302	0.00714	0.00834	0.00556	0.00476	0.00318	0.00159	0.00397	0.00278	0.00318	0.00556
59	0.01372	0.82276	0.02689	0.00878	0.01317	0.02030	0.00878	0.01536	0.01043	0.01207	0.00713	0.00823	0.00658	0.00439	0.00329	0.00110	0.00549	0.00274	0.00219	0.00658
60	0.00891	0.00446	0.00668	0.00668	0.00668	0.00446	0.00446	0.00668	0.00668	0.00891	0.00891	0.01560	0.00891	0.01783	0.02005	0.85071	0.00446	0.00446	0.00223	0.00223
61	0.01146	0.09364	0.67362	0.01375	0.02081	0.01234	0.01730	0.01678	0.01106	0.06919	0.00979	0.01107	0.00693	0.00493	0.00476	0.00158	0.00718	0.00380	0.00246	0.00758
62	0.01075	0.13352	0.69014	0.01384	0.02099	0.01304	0.01759	0.01613	0.01078	0.01569	0.00893	0.01048	0.00651	0.00481	0.00466	0.00155	0.00730	0.00365	0.00217	0.00745
63	0.78365	0.07967	0.00920	0.00692	0.01020	0.01227	0.00583	0.01511	0.00888	0.02208	0.00714	0.00833	0.00565	0.00473	0.00319	0.00155	0.00410	0.00278	0.00309	0.00565
64	0.00810	0.00578	0.00807	0.00925	0.01036	0.00576	0.00797	0.01033	0.01164	0.01516	0.02726	0.12296	0.02991	0.01434	0.00704	0.00234	0.00457	0.68976	0.00473	0.00468
65	0.01172	0.01017	0.01181	0.01231	0.10828	0.01129	0.00848	0.02260	0.55049	0.02005	0.07483	0.02300	0.08331	0.00756	0.00537	0.00172	0.00409	0.02055	0.00487	0.00751
66	0.01825	0.08964	0.01562	0.01216	0.01543	0.42463	0.00961	0.24977	0.08265	0.01932	0.01031	0.01095	0.00803	0.00562	0.00472	0.00140	0.00738	0.00387	0.00359	0.00704
67	0.01337	0.01179	0.07918	0.00959	0.01411	0.00961	0.02184	0.17174	0.05883	0.07347	0.01161	0.02641	0.00904	0.00497	0.00443	0.00115	0.00463	0.00400	0.00378	0.46645
68	0.02607	0.35198	0.44533	0.01190	0.01791	0.01515	0.01419	0.01563	0.01060	0.01457	0.00881	0.03051	0.00723	0.00496	0.00424	0.00142	0.00654	0.00362	0.00226	0.00705
69	0.01090	0.28888	0.01475	0.00824	0.01053	0.01118	0.00699	0.01250	0.00947	0.07864	0.01226	0.01716	0.01125	0.10331	0.37680	0.00487	0.00919	0.00471	0.00290	0.00548
70	0.85592	0.00992	0.00754	0.00675	0.00992	0.01151	0.00556	0.01508	0.00873	0.02302	0.00714	0.00834	0.00556	0.00476	0.00318	0.00159	0.00397	0.00278	0.00318	0.00556
