[name]
unknown

[dist]
# distance from previous block
# <min> <max>
0	108

[block]
# block no. 0 follows, 43 sequences, length 10
# corresponding to MSA columns:
# 153-162
name=unknown_A
#
# <colnr> <probs for GDERKNQSTAVLIFYWHMCP>
#	G	D	E	R	K	N	Q	S	T	A	V	L	I	F	Y	W	H	M	C	P
0	0.00981	0.00729	0.00822	0.00782	0.00990	0.00702	0.00620	0.08677	0.05900	0.04992	0.10214	0.04591	0.39468	0.03963	0.00729	0.00208	0.00380	0.14153	0.00530	0.00568
1	0.10210	0.03930	0.05058	0.01207	0.03234	0.20458	0.00970	0.09931	0.18595	0.12949	0.05473	0.01580	0.01288	0.00663	0.00542	0.00167	0.02021	0.00497	0.00453	0.00775
2	0.09666	0.05702	0.12748	0.12223	0.02422	0.01297	0.33395	0.01600	0.01212	0.01777	0.06531	0.04454	0.01193	0.00600	0.00607	0.00182	0.02796	0.00598	0.00305	0.00691
3	0.01050	0.08866	0.11515	0.00895	0.01175	0.00815	0.00822	0.01312	0.01340	0.09461	0.26710	0.14524	0.11125	0.01089	0.00614	0.00184	0.00423	0.06977	0.00496	0.00607
4	0.00910	0.00970	0.09020	0.03779	0.01461	0.00786	0.13261	0.04651	0.01218	0.01644	0.05380	0.45895	0.06206	0.01268	0.00662	0.00205	0.00499	0.01171	0.00443	0.00570
5	0.06063	0.01219	0.01420	0.01296	0.09154	0.01265	0.00939	0.30740	0.10350	0.07083	0.05066	0.04644	0.01330	0.00744	0.02142	0.00173	0.00533	0.00545	0.00481	0.14811
6	0.00945	0.00761	0.00970	0.01061	0.08718	0.00762	0.00727	0.08354	0.01350	0.01777	0.11441	0.11599	0.28135	0.03786	0.07306	0.00263	0.03249	0.07757	0.00471	0.00568
7	0.00844	0.00732	0.00995	0.00937	0.03323	0.00686	0.08153	0.01152	0.07554	0.01655	0.11005	0.08903	0.39182	0.05962	0.00784	0.00213	0.00405	0.06487	0.00486	0.00542
8	0.05323	0.33884	0.36756	0.01271	0.01878	0.09152	0.01444	0.01754	0.01180	0.01570	0.00880	0.01028	0.00702	0.00509	0.00447	0.00149	0.00727	0.00354	0.00245	0.00748
9	0.14968	0.14037	0.09359	0.07395	0.04154	0.07932	0.01066	0.13236	0.05023	0.05662	0.03325	0.04484	0.01078	0.00726	0.02310	0.00183	0.03485	0.00481	0.00370	0.00727

[dist]
# distance from previous block
# <min> <max>
0	1

[block]
# block no. 1 follows, 43 sequences, length 12
# corresponding to MSA columns:
# 164-175
name=unknown_B
#
# <colnr> <probs for GDERKNQSTAVLIFYWHMCP>
#	G	D	E	R	K	N	Q	S	T	A	V	L	I	F	Y	W	H	M	C	P
0	0.05896	0.01231	0.07636	0.14760	0.06715	0.01127	0.30096	0.01461	0.01152	0.01628	0.01380	0.07958	0.02954	0.03110	0.03119	0.05905	0.00749	0.02179	0.00303	0.00640
1	0.05427	0.01074	0.01434	0.03071	0.01423	0.01289	0.07458	0.13711	0.01286	0.02009	0.01192	0.01501	0.00973	0.00745	0.00974	0.00186	0.29975	0.00502	0.25122	0.00648
2	0.12519	0.01033	0.01703	0.10207	0.03709	0.01021	0.24405	0.01475	0.01194	0.01885	0.07283	0.05108	0.01376	0.02126	0.00572	0.00170	0.00587	0.00595	0.12809	0.10223
3	0.18516	0.00967	0.01096	0.10296	0.01515	0.00905	0.00742	0.03593	0.01139	0.01940	0.01109	0.05722	0.00961	0.00544	0.00434	0.00126	0.00447	0.00428	0.04456	0.45064
4	0.00887	0.00499	0.00670	0.00684	0.00699	0.00492	0.00443	0.00774	0.00815	0.01103	0.01571	0.10387	0.04269	0.20763	0.02040	0.48530	0.00461	0.00698	0.03908	0.00305
5	0.00960	0.00701	0.00937	0.12566	0.01374	0.00737	0.00753	0.08939	0.01292	0.01748	0.09640	0.31258	0.05197	0.01301	0.00762	0.06724	0.00436	0.08783	0.05362	0.00529
6	0.01884	0.10547	0.01652	0.01323	0.01633	0.56669	0.01023	0.02284	0.14790	0.01521	0.01096	0.01177	0.00887	0.00593	0.00496	0.00148	0.00857	0.00398	0.00330	0.00691
7	0.72115	0.01143	0.00941	0.00810	0.01168	0.01314	0.00668	0.12652	0.01191	0.02635	0.00855	0.00964	0.00651	0.00537	0.00374	0.00171	0.00456	0.00330	0.00374	0.00651
8	0.01084	0.00683	0.00997	0.00959	0.01127	0.00643	0.05330	0.01292	0.01286	0.13009	0.14285	0.21664	0.03112	0.07134	0.00847	0.00239	0.00450	0.24768	0.00526	0.00565
9	0.01197	0.16288	0.37309	0.13237	0.04453	0.01439	0.12738	0.01669	0.01179	0.01624	0.01031	0.01372	0.00809	0.00541	0.00527	0.00170	0.00770	0.02643	0.00253	0.00750
10	0.00707	0.00508	0.00677	0.00801	0.00853	0.00479	0.00567	0.00828	0.01100	0.01453	0.03127	0.66406	0.06229	0.01692	0.00714	0.00228	0.00348	0.12311	0.00513	0.00459
11	0.00779	0.00557	0.00714	0.00805	0.00865	0.00540	0.00557	0.05181	0.01149	0.01530	0.02869	0.67009	0.03381	0.06182	0.00822	0.00241	0.00361	0.05475	0.00506	0.00476

[dist]
# distance from previous block
# <min> <max>
7	11

[block]
# block no. 2 follows, 43 sequences, length 33
# corresponding to MSA columns:
# 187-219
name=unknown_C
#
# <colnr> <probs for GDERKNQSTAVLIFYWHMCP>
#	G	D	E	R	K	N	Q	S	T	A	V	L	I	F	Y	W	H	M	C	P
0	0.01582	0.01233	0.01372	0.01032	0.01485	0.01188	0.00838	0.36087	0.01830	0.02583	0.01220	0.04032	0.00978	0.00577	0.00488	0.00127	0.00501	0.00452	0.00441	0.41955
1	0.01315	0.01111	0.01186	0.01080	0.01364	0.01266	0.00833	0.06084	0.62258	0.02250	0.02382	0.10981	0.03694	0.00875	0.00582	0.00191	0.00429	0.00741	0.00556	0.00821
2	0.79730	0.01064	0.00841	0.00743	0.01091	0.01218	0.00612	0.01690	0.00980	0.06801	0.00853	0.00956	0.00644	0.00524	0.00355	0.00171	0.00431	0.00315	0.00362	0.00620
3	0.00998	0.09072	0.00919	0.02594	0.00916	0.02324	0.00556	0.02712	0.01115	0.01661	0.01987	0.12911	0.05972	0.09291	0.10978	0.00288	0.00527	0.00710	0.33950	0.00518
4	0.02940	0.06705	0.49416	0.09547	0.08326	0.04604	0.07449	0.01729	0.01191	0.01699	0.00984	0.01213	0.00729	0.00521	0.00526	0.00172	0.00794	0.00432	0.00246	0.00779
5	0.56482	0.01235	0.04310	0.08304	0.01517	0.01339	0.00841	0.16407	0.01302	0.02555	0.00913	0.01052	0.00686	0.00549	0.00413	0.00172	0.00511	0.00363	0.00371	0.00679
6	0.00754	0.00594	0.00640	0.00635	0.00811	0.00525	0.00477	0.00960	0.04188	0.03366	0.11275	0.08217	0.56484	0.04617	0.00745	0.00204	0.00312	0.04178	0.00521	0.00495
7	0.01481	0.80869	0.02902	0.00948	0.01421	0.02191	0.00948	0.01658	0.01125	0.01303	0.00770	0.00888	0.00711	0.00474	0.00355	0.00118	0.00592	0.00296	0.00237	0.00711
8	0.01335	0.01004	0.01126	0.01069	0.04750	0.05253	0.00785	0.12135	0.12711	0.09368	0.14672	0.13093	0.05111	0.04471	0.00699	0.00196	0.00464	0.05762	0.00517	0.05479
9	0.00698	0.00492	0.00636	0.00741	0.00768	0.00465	0.00482	0.00777	0.01015	0.01353	0.02819	0.66500	0.03368	0.15812	0.01084	0.00281	0.00360	0.01437	0.00482	0.00429
10	0.00675	0.00482	0.00643	0.00771	0.00803	0.00450	0.00514	0.00771	0.01060	0.01414	0.03053	0.80175	0.03663	0.01735	0.00707	0.00225	0.00321	0.01574	0.00514	0.00450
11	0.36941	0.01295	0.07843	0.07498	0.03584	0.01330	0.13310	0.01582	0.01033	0.01980	0.00900	0.01176	0.00718	0.00598	0.00702	0.00187	0.15002	0.00429	0.03244	0.00648
12	0.81406	0.03997	0.00891	0.00736	0.01084	0.01277	0.00613	0.01629	0.00949	0.02442	0.00771	0.00899	0.00604	0.00513	0.00343	0.00169	0.00434	0.00300	0.00339	0.00604
13	0.79730	0.01064	0.00841	0.00743	0.01091	0.01218	0.00612	0.01690	0.00980	0.06801	0.00853	0.00956	0.00644	0.00524	0.00355	0.00171	0.00431	0.00315	0.00362	0.00620
14	0.00703	0.00504	0.00652	0.00753	0.00801	0.00473	0.00513	0.00808	0.01079	0.01431	0.06065	0.61063	0.07715	0.09504	0.00915	0.00253	0.00349	0.05472	0.00500	0.00446
15	0.01079	0.00991	0.01658	0.57050	0.07602	0.01188	0.05513	0.01416	0.01108	0.01496	0.01075	0.01579	0.00851	0.03333	0.00692	0.00194	0.04959	0.00514	0.07083	0.00620
16	0.01134	0.02182	0.49221	0.05118	0.09345	0.01192	0.08307	0.01662	0.01240	0.03102	0.09222	0.01677	0.01286	0.00610	0.00560	0.00177	0.00737	0.02158	0.00297	0.00772
17	0.84448	0.01071	0.00814	0.00728	0.01071	0.01242	0.00600	0.01628	0.00943	0.02485	0.00771	0.00900	0.00600	0.00514	0.00343	0.00171	0.00428	0.00300	0.00343	0.00600
18	0.01298	0.01404	0.02439	0.01848	0.02213	0.06750	0.42653	0.01729	0.07309	0.01646	0.01172	0.01604	0.00970	0.05353	0.04211	0.00244	0.15560	0.00605	0.00300	0.00690
19	0.00692	0.00501	0.00655	0.00747	0.00804	0.00463	0.00510	0.00819	0.01159	0.01557	0.15846	0.62937	0.08031	0.01613	0.00695	0.00214	0.00309	0.01453	0.00531	0.00463
20	0.01338	0.01152	0.01217	0.01098	0.01401	0.01325	0.00853	0.02822	0.71576	0.02292	0.04911	0.02222	0.03757	0.00781	0.00569	0.00187	0.00428	0.00653	0.00564	0.00854
21	0.01111	0.02865	0.77667	0.01579	0.02397	0.01286	0.02046	0.01754	0.01169	0.01754	0.00994	0.01169	0.00702	0.00526	0.00526	0.00175	0.00818	0.00409	0.00234	0.00818
22	0.00680	0.00503	0.00637	0.00736	0.00802	0.00460	0.00506	0.00795	0.01122	0.01466	0.06429	0.61919	0.17006	0.01646	0.00697	0.00217	0.00316	0.03088	0.00518	0.00457
23	0.01029	0.00675	0.00855	0.00775	0.00957	0.00648	0.00593	0.01430	0.09815	0.10184	0.60657	0.03670	0.04427	0.01043	0.00633	0.00175	0.00303	0.00913	0.00613	0.00606
24	0.84448	0.01071	0.00814	0.00728	0.01071	0.01242	0.00600	0.01628	0.00943	0.02485	0.00771	0.00900	0.00600	0.00514	0.00343	0.00171	0.00428	0.00300	0.00343	0.00600
25	0.03380	0.01033	0.01272	0.00938	0.01398	0.00863	0.04779	0.05932	0.04392	0.03677	0.05333	0.01394	0.01118	0.00492	0.00454	0.00107	0.00446	0.00411	0.00373	0.62207
26	0.02105	0.01551	0.01662	0.01274	0.01717	0.01717	0.01053	0.75235	0.02604	0.03490	0.01330	0.01330	0.00942	0.00665	0.00554	0.00166	0.00609	0.00499	0.00554	0.00942
27	0.02089	0.01522	0.01639	0.01255	0.01699	0.01670	0.01036	0.71531	0.02541	0.05242	0.01341	0.01338	0.00949	0.00659	0.00550	0.00164	0.00601	0.00496	0.00551	0.03125
28	0.02048	0.01491	0.01602	0.01241	0.01669	0.01648	0.01021	0.67650	0.06660	0.05173	0.01414	0.01402	0.01006	0.00670	0.00551	0.00167	0.00588	0.00508	0.02566	0.00928
29	0.84448	0.01071	0.00814	0.00728	0.01071	0.01242	0.00600	0.01628	0.00943	0.02485	0.00771	0.00900	0.00600	0.00514	0.00343	0.00171	0.00428	0.00300	0.00343	0.00600
30	0.01371	0.01316	0.02248	0.03399	0.77081	0.01316	0.01700	0.01700	0.01261	0.01809	0.01042	0.01371	0.00877	0.00493	0.00548	0.00164	0.00658	0.00493	0.00274	0.00877
31	0.01378	0.01190	0.01252	0.01127	0.01440	0.01378	0.00877	0.02943	0.76081	0.02317	0.02254	0.02066	0.01691	0.00751	0.00564	0.00188	0.00438	0.00626	0.00564	0.00877
32	0.01307	0.01494	0.03268	0.02334	0.02894	0.01401	0.75070	0.01774	0.01307	0.01774	0.01120	0.01494	0.00840	0.00467	0.00654	0.00187	0.00934	0.00654	0.00280	0.00747

[dist]
# distance from previous block
# <min> <max>
0	5

[block]
# block no. 3 follows, 43 sequences, length 11
# corresponding to MSA columns:
# 243-253
name=unknown_D
#
# <colnr> <probs for GDERKNQSTAVLIFYWHMCP>
#	G	D	E	R	K	N	Q	S	T	A	V	L	I	F	Y	W	H	M	C	P
0	0.00840	0.00576	0.00718	0.00692	0.00822	0.00529	0.00508	0.01035	0.01376	0.05223	0.44812	0.08325	0.16117	0.11996	0.00951	0.00231	0.00324	0.03873	0.00551	0.00502
1	0.01032	0.00516	0.00516	0.00516	0.00645	0.00516	0.00387	0.01290	0.01161	0.02065	0.01807	0.02065	0.01420	0.00645	0.00387	0.00129	0.00258	0.00516	0.83611	0.00516
2	0.00719	0.00512	0.00684	0.00807	0.00854	0.00487	0.00572	0.00839	0.01085	0.01440	0.02967	0.63480	0.03499	0.05557	0.00820	0.00245	0.00365	0.14107	0.00505	0.00455
3	0.01104	0.01093	0.02009	0.09403	0.07141	0.01166	0.28010	0.01402	0.01130	0.01573	0.01456	0.13747	0.01405	0.01126	0.07676	0.00263	0.13637	0.03734	0.02288	0.00637
4	0.01920	0.01028	0.01240	0.00993	0.01350	0.01018	0.00805	0.20657	0.07602	0.35815	0.13917	0.02245	0.04607	0.00781	0.00570	0.00171	0.00456	0.00639	0.03347	0.00840
5	0.02421	0.00982	0.01302	0.01005	0.01429	0.00880	0.00828	0.06143	0.04727	0.70842	0.02147	0.01866	0.01364	0.00687	0.00557	0.00172	0.00476	0.00557	0.00674	0.00940
6	0.02133	0.01305	0.01488	0.01159	0.01575	0.01374	0.00950	0.46953	0.05203	0.26074	0.01701	0.04790	0.01216	0.00719	0.00562	0.00171	0.00548	0.00566	0.00593	0.00919
7	0.07177	0.01646	0.01436	0.01245	0.01504	0.25249	0.00983	0.15758	0.12388	0.04519	0.01279	0.04449	0.01054	0.00738	0.00762	0.00178	0.15459	0.00503	0.02952	0.00721
8	0.00875	0.00585	0.00747	0.00700	0.00846	0.00534	0.00522	0.01105	0.01489	0.06835	0.59145	0.06591	0.12249	0.04431	0.00738	0.00192	0.00290	0.01002	0.00590	0.00533
9	0.02485	0.00943	0.01285	0.00985	0.01414	0.00814	0.00814	0.02699	0.01585	0.77465	0.02185	0.01885	0.01371	0.00685	0.00557	0.00171	0.00471	0.00557	0.00685	0.00943
10	0.01302	0.08658	0.11576	0.04378	0.19324	0.01133	0.01160	0.05271	0.04250	0.09763	0.06178	0.05713	0.03593	0.04021	0.10991	0.00278	0.00699	0.00604	0.00378	0.00730

[dist]
# distance from previous block
# <min> <max>
3	5

[block]
# block no. 4 follows, 43 sequences, length 23
# corresponding to MSA columns:
# 259-281
name=unknown_E
#
# <colnr> <probs for GDERKNQSTAVLIFYWHMCP>
#	G	D	E	R	K	N	Q	S	T	A	V	L	I	F	Y	W	H	M	C	P
0	0.00768	0.00565	0.00718	0.00680	0.00817	0.00516	0.00510	0.01014	0.01529	0.02130	0.67825	0.04287	0.14247	0.01166	0.00653	0.00176	0.00264	0.01023	0.00598	0.00516
1	0.05424	0.00618	0.00732	0.00749	0.00890	0.00592	0.00566	0.01081	0.03684	0.04412	0.18186	0.19559	0.20577	0.07976	0.00840	0.00231	0.00363	0.12495	0.00516	0.00508
2	0.00797	0.00570	0.00772	0.00772	0.00830	0.00628	0.00545	0.00913	0.00855	0.01198	0.01592	0.02775	0.01645	0.35731	0.47120	0.00744	0.01092	0.00681	0.00313	0.00429
3	0.00706	0.00518	0.00650	0.00718	0.00793	0.00477	0.00498	0.00836	0.01168	0.01549	0.16188	0.46956	0.15763	0.07451	0.00848	0.00234	0.00326	0.03344	0.00517	0.00459
4	0.01481	0.80869	0.02902	0.00948	0.01421	0.02191	0.00948	0.01658	0.01125	0.01303	0.00770	0.00888	0.00711	0.00474	0.00355	0.00118	0.00592	0.00296	0.00237	0.00711
5	0.01515	0.01258	0.01330	0.01155	0.01493	0.01442	0.00910	0.16606	0.62194	0.02539	0.02079	0.01927	0.01549	0.00735	0.00562	0.00184	0.00471	0.00602	0.00562	0.00889
6	0.52335	0.01024	0.00885	0.00769	0.01080	0.01156	0.00625	0.13488	0.01261	0.02553	0.01095	0.01231	0.00840	0.00568	0.00387	0.00161	0.00419	0.00381	0.19104	0.00636
7	0.06816	0.02470	0.01532	0.01388	0.01661	0.69622	0.01050	0.02129	0.01493	0.01420	0.00844	0.01005	0.00708	0.00589	0.00563	0.00150	0.05276	0.00360	0.00286	0.00638
8	0.02127	0.01516	0.01640	0.01257	0.01700	0.01665	0.01039	0.71014	0.02545	0.07795	0.01379	0.01362	0.00967	0.00666	0.00554	0.00167	0.00601	0.00502	0.00562	0.00942
9	0.00805	0.00537	0.00604	0.00604	0.00604	0.00537	0.00336	0.00805	0.00805	0.01074	0.01745	0.03624	0.02013	0.80536	0.02819	0.00537	0.00537	0.00805	0.00336	0.00336
10	0.02065	0.01513	0.01619	0.01246	0.01677	0.01672	0.01028	0.72464	0.02550	0.03437	0.01348	0.01357	0.00960	0.00664	0.00548	0.00165	0.00596	0.00499	0.03666	0.00926
11	0.01667	0.01057	0.01261	0.00938	0.01401	0.00913	0.00762	0.12027	0.03517	0.23582	0.01408	0.01408	0.01018	0.00533	0.00476	0.00122	0.00456	0.00425	0.00467	0.46561
12	0.01331	0.01264	0.02005	0.18862	0.17801	0.02969	0.16699	0.09499	0.09607	0.01899	0.01285	0.05222	0.01056	0.00628	0.00635	0.00179	0.04404	0.00584	0.00343	0.03729
13	0.01046	0.00984	0.01661	0.79205	0.03814	0.01230	0.01538	0.01415	0.01107	0.01415	0.00984	0.01477	0.00738	0.00554	0.00554	0.00185	0.00738	0.00492	0.00246	0.00615
14	0.00685	0.00560	0.00606	0.00610	0.00777	0.00481	0.00458	0.00846	0.01301	0.01614	0.16910	0.09276	0.58768	0.01381	0.00661	0.00189	0.00287	0.03583	0.00530	0.00477
15	0.03916	0.03707	0.04750	0.01092	0.03534	0.00993	0.00909	0.10547	0.01634	0.57881	0.02022	0.01816	0.03231	0.00679	0.00547	0.00169	0.00505	0.00545	0.00614	0.00908
16	0.03521	0.04940	0.04175	0.06184	0.04469	0.01408	0.25147	0.03674	0.05297	0.01703	0.01108	0.01460	0.00907	0.00836	0.04838	0.00228	0.22643	0.00540	0.06237	0.00684
17	0.00787	0.00567	0.00682	0.02920	0.00841	0.00553	0.00505	0.00880	0.01011	0.01304	0.02800	0.11972	0.16493	0.41074	0.01761	0.00378	0.00468	0.14176	0.00416	0.00412
18	0.03258	0.00573	0.00693	0.00689	0.00828	0.00523	0.00507	0.00991	0.01362	0.04203	0.38258	0.20919	0.22563	0.01300	0.00653	0.00188	0.00291	0.01134	0.00559	0.00508
19	0.25082	0.13634	0.01428	0.03124	0.04066	0.16097	0.00852	0.04029	0.10579	0.01942	0.01127	0.01265	0.00905	0.00655	0.02072	0.00172	0.02786	0.00403	0.09113	0.00669
20	0.19809	0.01284	0.04571	0.11514	0.03881	0.01298	0.28342	0.07815	0.01265	0.03421	0.01128	0.03858	0.00917	0.00633	0.00652	0.02471	0.04245	0.01878	0.00328	0.00689
21	0.01289	0.01052	0.01158	0.01074	0.03316	0.05446	0.02313	0.15339	0.15854	0.04711	0.02590	0.14682	0.14591	0.06214	0.00797	0.00214	0.03135	0.05058	0.00492	0.00674
22	0.01644	0.01303	0.03594	0.01088	0.01452	0.04036	0.00891	0.42711	0.01993	0.04024	0.05727	0.10034	0.03172	0.03461	0.00630	0.00175	0.00536	0.00641	0.02837	0.10050

[dist]
# distance from previous block
# <min> <max>
3	16

[block]
# block no. 5 follows, 43 sequences, length 32
# corresponding to MSA columns:
# 298-329
name=unknown_F
#
# <colnr> <probs for GDERKNQSTAVLIFYWHMCP>
#	G	D	E	R	K	N	Q	S	T	A	V	L	I	F	Y	W	H	M	C	P
0	0.08109	0.00602	0.00724	0.04941	0.00990	0.00599	0.00565	0.02526	0.01124	0.01582	0.06084	0.48743	0.14205	0.05635	0.00765	0.00225	0.00362	0.01255	0.00480	0.00482
1	0.05543	0.01649	0.17181	0.04581	0.22424	0.01348	0.28193	0.01804	0.06509	0.01833	0.01123	0.01400	0.00865	0.00523	0.00603	0.00179	0.02628	0.00534	0.00291	0.00790
2	0.03076	0.06826	0.07849	0.23917	0.19495	0.01260	0.05250	0.02807	0.05277	0.02801	0.01409	0.07252	0.02943	0.00703	0.00607	0.00182	0.03572	0.03746	0.00321	0.00709
3	0.01042	0.00627	0.00794	0.00720	0.00910	0.00559	0.00551	0.01267	0.01497	0.14755	0.48095	0.05846	0.18938	0.01126	0.00639	0.00178	0.00302	0.00974	0.00601	0.00581
4	0.00862	0.00619	0.00856	0.00980	0.01099	0.00613	0.00838	0.01097	0.01252	0.01627	0.03030	0.13847	0.05593	0.01547	0.00755	0.00250	0.00483	0.63637	0.00511	0.00502
5	0.01800	0.08859	0.01870	0.09603	0.15706	0.12330	0.01213	0.37313	0.01926	0.02473	0.01124	0.01266	0.00856	0.00592	0.00527	0.00160	0.00684	0.00459	0.00405	0.00834
6	0.01783	0.01631	0.01659	0.15675	0.04336	0.18933	0.03423	0.35292	0.01901	0.02397	0.01147	0.01316	0.00862	0.00620	0.00574	0.00165	0.03014	0.00470	0.04023	0.00778
7	0.00659	0.00561	0.00567	0.00566	0.00751	0.00469	0.00424	0.00803	0.01273	0.01521	0.08068	0.05289	0.74383	0.01393	0.00655	0.00187	0.00280	0.01163	0.00518	0.00469
8	0.01014	0.00856	0.03291	0.00969	0.01170	0.00819	0.05931	0.12259	0.01437	0.01931	0.18078	0.21367	0.14360	0.03876	0.00812	0.02185	0.03869	0.04711	0.00491	0.00575
9	0.01067	0.00608	0.00683	0.06134	0.00935	0.00654	0.00526	0.02972	0.01174	0.02014	0.01683	0.01963	0.01325	0.00656	0.00476	0.00140	0.04363	0.00512	0.71578	0.00537
10	0.01108	0.01275	0.10093	0.06955	0.03060	0.01349	0.09694	0.01354	0.00976	0.01434	0.01062	0.04894	0.00997	0.03505	0.12268	0.00322	0.38196	0.00568	0.00269	0.00621
11	0.01958	0.01389	0.01523	0.01180	0.01612	0.01483	0.00966	0.51891	0.10556	0.10548	0.01481	0.01448	0.01055	0.00649	0.00540	0.00160	0.00555	0.00500	0.00544	0.09965
12	0.00786	0.00580	0.00747	0.00712	0.00846	0.00548	0.00535	0.01059	0.03117	0.02088	0.63172	0.05661	0.09977	0.01369	0.06134	0.00227	0.00354	0.00989	0.00578	0.00523
13	0.00803	0.00547	0.00653	0.00653	0.00670	0.00563	0.00396	0.00837	0.00820	0.01110	0.01700	0.03378	0.01906	0.67528	0.15681	0.00597	0.00698	0.00769	0.00329	0.00363
14	0.01481	0.80869	0.02902	0.00948	0.01421	0.02191	0.00948	0.01658	0.01125	0.01303	0.00770	0.00888	0.00711	0.00474	0.00355	0.00118	0.00592	0.00296	0.00237	0.00711
15	0.00671	0.00564	0.00584	0.00586	0.00768	0.00477	0.00445	0.00823	0.01282	0.01547	0.09915	0.05290	0.69689	0.01391	0.00659	0.00189	0.00288	0.03839	0.00520	0.00473
16	0.00802	0.00549	0.00665	0.00665	0.00687	0.00570	0.00412	0.00845	0.00824	0.01119	0.01689	0.03314	0.01879	0.64155	0.19016	0.00613	0.00740	0.00760	0.00327	0.00370
17	0.06586	0.02687	0.07978	0.01152	0.01578	0.01265	0.03484	0.19424	0.21118	0.17058	0.03922	0.01755	0.01335	0.00675	0.00540	0.00170	0.00531	0.01931	0.00513	0.06296
18	0.00780	0.00558	0.00762	0.00878	0.00959	0.00539	0.00684	0.00959	0.01192	0.01580	0.08202	0.41635	0.03560	0.01600	0.00729	0.00235	0.00402	0.33744	0.00519	0.00482
19	0.00764	0.00535	0.00665	0.04089	0.00823	0.00532	0.00459	0.00818	0.00920	0.01224	0.02233	0.34018	0.02615	0.45674	0.01879	0.00397	0.00460	0.01098	0.00403	0.00393
20	0.01530	0.49173	0.19764	0.01137	0.01675	0.05891	0.01201	0.05555	0.01267	0.06895	0.00954	0.01051	0.00767	0.00516	0.00426	0.00139	0.00658	0.00354	0.00287	0.00760
21	0.00921	0.00650	0.00799	0.00773	0.00914	0.00638	0.00573	0.01282	0.10530	0.05197	0.38144	0.12500	0.07958	0.10848	0.00915	0.00232	0.00350	0.05675	0.00551	0.00549
22	0.00678	0.00485	0.00646	0.00769	0.00804	0.00452	0.00514	0.00780	0.01076	0.01439	0.05326	0.77830	0.03711	0.01717	0.00705	0.00223	0.00319	0.01557	0.00517	0.00452
23	0.01302	0.05386	0.02068	0.03249	0.01815	0.07040	0.16276	0.01503	0.01012	0.01425	0.00824	0.01244	0.00749	0.00805	0.01387	0.00216	0.52303	0.00501	0.00253	0.00643
24	0.08879	0.08650	0.05977	0.10854	0.05009	0.01414	0.46145	0.01697	0.01224	0.01761	0.01046	0.01375	0.00801	0.00489	0.00573	0.00177	0.00807	0.00552	0.01852	0.00718
25	0.00675	0.00482	0.00643	0.00771	0.00803	0.00450	0.00514	0.00771	0.01060	0.01414	0.03053	0.80175	0.03663	0.01735	0.00707	0.00225	0.00321	0.01574	0.00514	0.00450
26	0.01172	0.06198	0.44583	0.01828	0.16441	0.01337	0.01726	0.01640	0.01163	0.01703	0.03689	0.01491	0.00990	0.00630	0.00692	0.00181	0.10333	0.03158	0.00266	0.00776
27	0.01243	0.01011	0.01023	0.00931	0.01149	0.08071	0.00712	0.13595	0.11922	0.04611	0.14280	0.11706	0.12156	0.06148	0.04442	0.00238	0.00512	0.03335	0.02278	0.00637
28	0.01726	0.04576	0.01620	0.02830	0.11726	0.19705	0.01083	0.19352	0.24360	0.04010	0.01455	0.01492	0.01111	0.00688	0.01665	0.00176	0.00667	0.00498	0.00438	0.00822
29	0.00687	0.00489	0.00650	0.00774	0.00808	0.00459	0.00521	0.00785	0.01059	0.01410	0.03003	0.74961	0.03589	0.04491	0.00783	0.00237	0.00335	0.04003	0.00508	0.00448
30	0.01338	0.01301	0.01849	0.24385	0.23880	0.08481	0.08098	0.08453	0.03433	0.01790	0.01354	0.04788	0.04259	0.00626	0.00562	0.00172	0.00689	0.00567	0.00324	0.03650
31	0.01793	0.04062	0.01555	0.01260	0.04813	0.04176	0.02029	0.42377	0.04588	0.08036	0.05264	0.03198	0.01286	0.02453	0.02118	0.00188	0.03881	0.00548	0.03057	0.03316

[dist]
# distance from previous block
# <min> <max>
2	9

[block]
# block no. 6 follows, 43 sequences, length 22
# corresponding to MSA columns:
# 339-360
name=unknown_G
#
# <colnr> <probs for GDERKNQSTAVLIFYWHMCP>
#	G	D	E	R	K	N	Q	S	T	A	V	L	I	F	Y	W	H	M	C	P
0	0.06305	0.02514	0.02814	0.06433	0.10489	0.11423	0.09886	0.09959	0.02802	0.01886	0.01282	0.01686	0.01072	0.07480	0.07700	0.00256	0.00718	0.00520	0.14113	0.00662
1	0.01362	0.03878	0.02092	0.11763	0.25857	0.01412	0.13279	0.11828	0.01387	0.01924	0.06074	0.01541	0.01123	0.00638	0.00770	0.00182	0.13258	0.00546	0.00327	0.00760
2	0.00873	0.00679	0.03266	0.00773	0.00949	0.00581	0.00620	0.01128	0.03816	0.06063	0.27227	0.15784	0.23991	0.01292	0.00664	0.00196	0.00344	0.10667	0.00546	0.00540
3	0.01156	0.01084	0.04240	0.43382	0.02879	0.01158	0.14416	0.05954	0.01246	0.01739	0.01185	0.01571	0.00896	0.00561	0.00539	0.00173	0.00677	0.00523	0.15972	0.00647
4	0.00757	0.00541	0.00717	0.00828	0.00889	0.00521	0.00597	0.02776	0.01135	0.01506	0.02951	0.61804	0.03457	0.03706	0.00769	0.00237	0.00371	0.15457	0.00510	0.00471
5	0.00672	0.00492	0.00632	0.00745	0.00796	0.00452	0.00502	0.00774	0.01086	0.01424	0.03376	0.70701	0.12928	0.01693	0.00700	0.00220	0.00316	0.01523	0.00514	0.00452
6	0.00666	0.00561	0.00576	0.00573	0.00755	0.00472	0.00429	0.00816	0.01288	0.01558	0.11681	0.05228	0.70748	0.01380	0.00654	0.00186	0.00279	0.01155	0.00522	0.00472
7	0.00721	0.00564	0.00654	0.00631	0.00789	0.00496	0.00473	0.00924	0.01420	0.01871	0.42453	0.04712	0.39781	0.01263	0.00654	0.00180	0.00271	0.01082	0.00564	0.00496
8	0.01481	0.80869	0.02902	0.00948	0.01421	0.02191	0.00948	0.01658	0.01125	0.01303	0.00770	0.00888	0.00711	0.00474	0.00355	0.00118	0.00592	0.00296	0.00237	0.00711
9	0.02034	0.01482	0.01586	0.01224	0.01646	0.01637	0.01008	0.70310	0.02508	0.03395	0.01361	0.01379	0.00974	0.00664	0.00543	0.00164	0.00586	0.00500	0.06086	0.00914
10	0.00791	0.00583	0.00622	0.00603	0.00789	0.00497	0.00449	0.00933	0.01266	0.06562	0.08211	0.06788	0.62678	0.05820	0.00772	0.00206	0.00308	0.01110	0.00520	0.00494
11	0.02105	0.01551	0.01662	0.01274	0.01717	0.01717	0.01053	0.75235	0.02604	0.03490	0.01330	0.01330	0.00942	0.00665	0.00554	0.00166	0.00609	0.00499	0.00554	0.00942
12	0.02046	0.01507	0.01620	0.01253	0.01679	0.01665	0.01030	0.72129	0.02540	0.03404	0.01402	0.04618	0.01055	0.00709	0.00560	0.00169	0.00597	0.00543	0.00552	0.00921
13	0.00686	0.00495	0.00650	0.00754	0.00803	0.00459	0.00511	0.00802	0.01125	0.01506	0.11215	0.68550	0.07085	0.01655	0.00699	0.00218	0.00313	0.01494	0.00525	0.00459
14	0.00666	0.00547	0.00586	0.00607	0.00763	0.00468	0.00444	0.00805	0.01244	0.01524	0.09378	0.18637	0.59522	0.01446	0.00664	0.00193	0.00287	0.01231	0.00520	0.00468
15	0.01710	0.01132	0.01269	0.01075	0.01426	0.01219	0.00855	0.11133	0.43925	0.21995	0.02319	0.02118	0.05765	0.00761	0.00566	0.00181	0.00458	0.00624	0.00591	0.00878
16	0.01151	0.00993	0.01169	0.00845	0.01318	0.00775	0.00677	0.01392	0.01137	0.01787	0.00975	0.01151	0.00817	0.00432	0.00464	0.00088	0.03437	0.00334	0.00325	0.80734
17	0.00678	0.00557	0.00597	0.00596	0.00765	0.00476	0.00444	0.00837	0.01304	0.01617	0.17798	0.09350	0.60313	0.01375	0.00657	0.00187	0.00279	0.01163	0.00531	0.00476
18	0.00735	0.00585	0.00676	0.00780	0.00838	0.03910	0.00530	0.00837	0.01102	0.01419	0.03202	0.69432	0.10598	0.01651	0.00693	0.00218	0.00347	0.01481	0.00504	0.00460
19	0.81243	0.01068	0.00847	0.03744	0.01176	0.01242	0.00636	0.01620	0.00949	0.02444	0.00779	0.00922	0.00605	0.00516	0.00351	0.00172	0.00440	0.00307	0.00339	0.00600
20	0.73979	0.01181	0.00918	0.00805	0.01153	0.04759	0.00658	0.07691	0.01107	0.02516	0.00821	0.00939	0.00633	0.00529	0.00367	0.00170	0.00469	0.00319	0.00357	0.00630
21	0.14645	0.01481	0.01542	0.01606	0.17642	0.11676	0.01069	0.28520	0.06717	0.02478	0.01464	0.01543	0.05950	0.00647	0.00520	0.00166	0.00610	0.00501	0.00423	0.00799

[dist]
# distance from previous block
# <min> <max>
1	13

[block]
# block no. 7 follows, 43 sequences, length 24
# corresponding to MSA columns:
# 375-398
name=unknown_H
#
# <colnr> <probs for GDERKNQSTAVLIFYWHMCP>
#	G	D	E	R	K	N	Q	S	T	A	V	L	I	F	Y	W	H	M	C	P
0	0.84448	0.01071	0.00814	0.00728	0.01071	0.01242	0.00600	0.01628	0.00943	0.02485	0.00771	0.00900	0.00600	0.00514	0.00343	0.00171	0.00428	0.00300	0.00343	0.00600
1	0.01130	0.01100	0.01679	0.39639	0.02613	0.01468	0.01372	0.01373	0.00975	0.01373	0.00853	0.01342	0.00733	0.00765	0.01197	0.00214	0.40830	0.00488	0.00244	0.00610
2	0.02219	0.01058	0.01324	0.01041	0.01436	0.01015	0.00848	0.21361	0.01801	0.51235	0.02043	0.08964	0.01471	0.00777	0.00570	0.00175	0.00493	0.00636	0.00636	0.00897
3	0.00711	0.00508	0.00684	0.00812	0.00860	0.00481	0.00577	0.00833	0.01096	0.01454	0.03033	0.67958	0.03584	0.01701	0.00716	0.00230	0.00352	0.13437	0.00513	0.00460
4	0.00892	0.00637	0.00892	0.01020	0.01147	0.00637	0.00892	0.01147	0.01275	0.01657	0.02932	0.06247	0.03187	0.01530	0.00765	0.00255	0.00510	0.73354	0.00510	0.00510
5	0.00814	0.00606	0.00713	0.00684	0.00849	0.00556	0.00513	0.01094	0.05729	0.04136	0.39263	0.08956	0.31571	0.01234	0.00649	0.00183	0.00289	0.01064	0.00568	0.00531
6	0.02064	0.01480	0.01564	0.01223	0.01639	0.04641	0.00998	0.57885	0.07264	0.11202	0.01474	0.01482	0.01055	0.02668	0.00609	0.00177	0.00597	0.00515	0.00553	0.00910
7	0.01500	0.00751	0.00981	0.00858	0.01111	0.00688	0.00673	0.01798	0.06073	0.32757	0.27068	0.12274	0.06062	0.01026	0.00620	0.00184	0.00376	0.03878	0.00618	0.00704
8	0.71342	0.01041	0.00877	0.00770	0.01118	0.01169	0.00636	0.01751	0.01035	0.12115	0.01019	0.01190	0.00778	0.00567	0.00383	0.00174	0.00436	0.02564	0.00392	0.00641
9	0.00893	0.00705	0.00887	0.00844	0.00967	0.02654	0.03541	0.03295	0.02762	0.01439	0.05431	0.03541	0.13041	0.27480	0.21816	0.00490	0.00762	0.08584	0.00390	0.00478
10	0.00688	0.00517	0.00640	0.00728	0.00812	0.00470	0.00514	0.00812	0.01147	0.01480	0.06298	0.52316	0.23548	0.01610	0.00695	0.00215	0.00321	0.06212	0.00517	0.00461
11	0.00686	0.00490	0.00656	0.00784	0.00821	0.00460	0.00534	0.00791	0.01071	0.01426	0.03046	0.76346	0.03638	0.01724	0.00710	0.00226	0.00331	0.05292	0.00514	0.00453
12	0.01371	0.01316	0.02248	0.03399	0.77081	0.01316	0.01700	0.01700	0.01261	0.01809	0.01042	0.01371	0.00877	0.00493	0.00548	0.00164	0.00658	0.00493	0.00274	0.00877
13	0.01325	0.04061	0.05933	0.10961	0.59515	0.01340	0.05474	0.01676	0.01239	0.01747	0.01028	0.01362	0.00847	0.00499	0.00547	0.00167	0.00686	0.00491	0.00268	0.00835
14	0.00673	0.00489	0.00636	0.00753	0.00799	0.00451	0.00506	0.00773	0.01077	0.01421	0.03269	0.73851	0.09847	0.01707	0.00702	0.00222	0.00318	0.01540	0.00514	0.00451
15	0.04233	0.00973	0.01287	0.00994	0.01417	0.00870	0.00819	0.05139	0.03715	0.71192	0.02127	0.01850	0.01349	0.00683	0.00552	0.00172	0.00474	0.00551	0.00670	0.00933
16	0.01233	0.11711	0.01693	0.01274	0.01381	0.05998	0.01063	0.01425	0.03953	0.01376	0.01139	0.04694	0.03978	0.01114	0.06020	0.00254	0.50260	0.00537	0.00282	0.00614
17	0.01161	0.05766	0.63253	0.01669	0.05826	0.01335	0.06710	0.01796	0.04167	0.01762	0.01046	0.01224	0.00759	0.00528	0.00530	0.00174	0.00794	0.00433	0.00252	0.00815
18	0.01128	0.01075	0.01426	0.01262	0.01296	0.04556	0.01024	0.01244	0.00879	0.01295	0.00945	0.01522	0.00927	0.04460	0.18548	0.04722	0.52363	0.00514	0.00259	0.00555
19	0.01939	0.11597	0.01763	0.01441	0.04672	0.58517	0.01086	0.06528	0.01538	0.01496	0.00877	0.01030	0.00734	0.00579	0.00543	0.00146	0.04176	0.00369	0.00294	0.00676
20	0.00668	0.00523	0.00605	0.00666	0.00777	0.00461	0.00468	0.00791	0.01174	0.01477	0.06393	0.41202	0.39721	0.01554	0.00680	0.00205	0.00300	0.01359	0.00517	0.00461
21	0.02163	0.01112	0.01335	0.01038	0.01435	0.01105	0.00852	0.28774	0.01914	0.41510	0.04050	0.01767	0.01334	0.00688	0.00543	0.00166	0.00495	0.00545	0.08281	0.00891
22	0.00760	0.00565	0.00708	0.00672	0.00813	0.00513	0.00504	0.01000	0.01512	0.02089	0.63881	0.04353	0.18216	0.01181	0.00653	0.00177	0.00265	0.01032	0.00592	0.00513
23	0.00680	0.00486	0.00648	0.00767	0.00805	0.00454	0.00515	0.00785	0.01086	0.01455	0.06842	0.76267	0.03743	0.01704	0.00704	0.00222	0.00318	0.01545	0.00519	0.00454

[dist]
# distance from previous block
# <min> <max>
0	41

[block]
# block no. 8 follows, 43 sequences, length 7
# corresponding to MSA columns:
# 440-446
name=unknown_I
#
# <colnr> <probs for GDERKNQSTAVLIFYWHMCP>
#	G	D	E	R	K	N	Q	S	T	A	V	L	I	F	Y	W	H	M	C	P
0	0.00769	0.00570	0.00720	0.00695	0.00835	0.00521	0.00529	0.01010	0.01499	0.02066	0.60393	0.04467	0.16909	0.01202	0.00660	0.00181	0.00280	0.05593	0.00588	0.00513
1	0.01304	0.01126	0.01182	0.01070	0.01370	0.01286	0.00831	0.02726	0.68520	0.02234	0.02593	0.02396	0.09287	0.00817	0.00573	0.00188	0.00422	0.00681	0.00559	0.00835
2	0.02069	0.02640	0.01569	0.01427	0.01712	0.78313	0.01070	0.02212	0.01569	0.01355	0.00856	0.00999	0.00713	0.00571	0.00499	0.00143	0.00999	0.00357	0.00285	0.00642
3	0.01212	0.01212	0.01696	0.01454	0.01454	0.01696	0.01212	0.01333	0.00848	0.01333	0.00727	0.01212	0.00727	0.00969	0.01818	0.00242	0.79523	0.00485	0.00242	0.00606
4	0.01107	0.00888	0.01044	0.01034	0.01248	0.00971	0.00844	0.01976	0.36291	0.02029	0.10893	0.04055	0.02716	0.01121	0.00658	0.00215	0.00449	0.31233	0.00546	0.00683
5	0.00784	0.00566	0.00740	0.00697	0.00827	0.00523	0.00523	0.01045	0.01568	0.02221	0.76789	0.04137	0.05226	0.01132	0.00653	0.00174	0.00261	0.01002	0.00610	0.00523
6	0.48707	0.01046	0.01024	0.04951	0.01323	0.01145	0.00726	0.09057	0.01279	0.17777	0.04168	0.01346	0.01012	0.00595	0.00432	0.00170	0.00458	0.00418	0.03667	0.00698

[dist]
# distance from previous block
# <min> <max>
0	3

[block]
# block no. 9 follows, 43 sequences, length 27
# corresponding to MSA columns:
# 450-474,483,484
name=unknown_J
#
# <colnr> <probs for GDERKNQSTAVLIFYWHMCP>
#	G	D	E	R	K	N	Q	S	T	A	V	L	I	F	Y	W	H	M	C	P
0	0.15379	0.08993	0.58369	0.01381	0.02090	0.01353	0.01709	0.01725	0.01127	0.01842	0.00937	0.01100	0.00685	0.00520	0.00481	0.00170	0.00733	0.00381	0.00253	0.00772
1	0.50947	0.05712	0.01268	0.06890	0.09662	0.10551	0.00879	0.03180	0.01125	0.04183	0.00876	0.01040	0.00688	0.00527	0.00410	0.00165	0.00558	0.00353	0.00329	0.00658
2	0.81702	0.01054	0.00812	0.00727	0.01063	0.01219	0.00597	0.01609	0.00963	0.02476	0.03267	0.01006	0.00752	0.00534	0.00353	0.00171	0.00423	0.00323	0.00352	0.00597
3	0.01447	0.01144	0.01372	0.01304	0.08840	0.04844	0.03511	0.12223	0.16594	0.11115	0.06048	0.02503	0.17238	0.00863	0.00705	0.00183	0.08139	0.00693	0.00486	0.00749
4	0.01481	0.01104	0.01239	0.01009	0.01355	0.01118	0.00797	0.30134	0.09140	0.05275	0.06120	0.13850	0.03370	0.02184	0.00593	0.00166	0.00470	0.00691	0.00502	0.19403
5	0.01371	0.01316	0.02248	0.03399	0.77081	0.01316	0.01700	0.01700	0.01261	0.01809	0.01042	0.01371	0.00877	0.00493	0.00548	0.00164	0.00658	0.00493	0.00274	0.00877
6	0.01148	0.00984	0.01148	0.00820	0.01312	0.00738	0.00656	0.01395	0.01148	0.01805	0.00984	0.01148	0.00820	0.00410	0.00410	0.00082	0.00410	0.00328	0.00328	0.83922
7	0.02485	0.00943	0.01285	0.00985	0.01414	0.00814	0.00814	0.02699	0.01585	0.77465	0.02185	0.01885	0.01371	0.00685	0.00557	0.00171	0.00471	0.00557	0.00685	0.00943
8	0.00686	0.00490	0.00655	0.00784	0.00821	0.00459	0.00533	0.00790	0.01071	0.01426	0.03046	0.76418	0.03639	0.01725	0.00710	0.00226	0.00331	0.05222	0.00514	0.00453
9	0.84448	0.01071	0.00814	0.00728	0.01071	0.01242	0.00600	0.01628	0.00943	0.02485	0.00771	0.00900	0.00600	0.00514	0.00343	0.00171	0.00428	0.00300	0.00343	0.00600
10	0.04064	0.05420	0.67765	0.01574	0.02347	0.01323	0.06482	0.01747	0.01168	0.01765	0.00986	0.01170	0.00707	0.00520	0.00522	0.00174	0.00804	0.00417	0.00241	0.00803
11	0.01951	0.01475	0.01575	0.01243	0.01659	0.01646	0.01015	0.59950	0.18140	0.03242	0.01525	0.01485	0.01100	0.00683	0.00556	0.00171	0.00573	0.00526	0.00556	0.00928
12	0.00962	0.00481	0.00722	0.00722	0.00722	0.00481	0.00481	0.00722	0.00722	0.00962	0.00962	0.01684	0.00962	0.01924	0.02165	0.83886	0.00481	0.00481	0.00241	0.00241
13	0.01329	0.01274	0.02173	0.13053	0.67751	0.01305	0.01679	0.01663	0.01242	0.01759	0.01034	0.01384	0.00860	0.00501	0.00549	0.00167	0.00668	0.00493	0.00271	0.00844
14	0.06181	0.01521	0.01430	0.01158	0.01534	0.14818	0.00932	0.38202	0.05529	0.13944	0.01431	0.01431	0.01025	0.00646	0.00520	0.00161	0.00610	0.00480	0.07615	0.00833
15	0.00802	0.00584	0.00678	0.00658	0.00830	0.00512	0.00502	0.00993	0.01379	0.05517	0.29781	0.06731	0.42790	0.01289	0.00656	0.00186	0.00296	0.04750	0.00555	0.00512
16	0.01224	0.00993	0.01162	0.00840	0.01319	0.00772	0.00673	0.04163	0.01229	0.04698	0.02983	0.01259	0.00958	0.00448	0.00427	0.00091	0.00416	0.00360	0.00357	0.75627
17	0.01269	0.04895	0.01750	0.01422	0.01466	0.01720	0.01191	0.05093	0.00950	0.01441	0.00760	0.01203	0.00737	0.00931	0.01686	0.00233	0.71890	0.00477	0.00258	0.00628
18	0.00883	0.00653	0.00814	0.00758	0.00917	0.00632	0.00581	0.05045	0.05433	0.02234	0.62367	0.04033	0.07952	0.01118	0.00649	0.00179	0.00301	0.04293	0.00595	0.00560
19	0.01108	0.01050	0.01796	0.68193	0.07420	0.01259	0.06354	0.03461	0.01169	0.01515	0.01006	0.01468	0.00758	0.00548	0.00560	0.00183	0.00744	0.00503	0.00258	0.00646
20	0.00675	0.00482	0.00643	0.00771	0.00803	0.00450	0.00514	0.00771	0.01060	0.01414	0.03053	0.80175	0.03663	0.01735	0.00707	0.00225	0.00321	0.01574	0.00514	0.00450
21	0.00883	0.00722	0.01123	0.02400	0.01234	0.00723	0.10034	0.03396	0.01203	0.01620	0.08677	0.40742	0.03024	0.04130	0.00823	0.00230	0.04096	0.13944	0.00470	0.00526
22	0.00685	0.00500	0.00637	0.00732	0.00790	0.00461	0.00495	0.00794	0.01111	0.01466	0.08353	0.62220	0.13137	0.04870	0.00783	0.00229	0.00321	0.01452	0.00513	0.00452
23	0.02106	0.01511	0.01633	0.01256	0.01695	0.01663	0.01036	0.69747	0.04394	0.07210	0.01396	0.01376	0.00982	0.00668	0.00554	0.00167	0.00598	0.00505	0.00561	0.00940
24	0.03208	0.01035	0.01709	0.53206	0.06724	0.01241	0.06509	0.01492	0.01119	0.04347	0.01053	0.01477	0.00807	0.00596	0.00677	0.00186	0.08811	0.00502	0.04660	0.00643
25	0.01439	0.63195	0.08559	0.00990	0.01448	0.01929	0.01002	0.01658	0.01133	0.04192	0.00911	0.01051	0.00789	0.00608	0.02533	0.00150	0.02871	0.00339	0.04491	0.00709
26	0.01207	0.01061	0.01642	0.09997	0.01788	0.01209	0.13902	0.05984	0.01150	0.03300	0.01215	0.04494	0.01069	0.04936	0.04620	0.00238	0.24330	0.00571	0.10275	0.07010

[dist]
# distance from previous block
# <min> <max>
0	1

[block]
# block no. 10 follows, 43 sequences, length 8
# corresponding to MSA columns:
# 486-493
name=unknown_K
#
# <colnr> <probs for GDERKNQSTAVLIFYWHMCP>
#	G	D	E	R	K	N	Q	S	T	A	V	L	I	F	Y	W	H	M	C	P
0	0.32372	0.02818	0.05010	0.07586	0.05271	0.01184	0.05128	0.05866	0.09332	0.05535	0.01491	0.01669	0.05264	0.00637	0.00473	0.00173	0.00510	0.02014	0.06982	0.00685
1	0.04112	0.01604	0.01573	0.13169	0.04333	0.16848	0.01110	0.33648	0.13702	0.02483	0.01304	0.01392	0.00972	0.00633	0.00538	0.00168	0.00676	0.00484	0.00440	0.00810
2	0.01893	0.07276	0.01772	0.01708	0.14613	0.49095	0.01162	0.10382	0.03966	0.01702	0.00980	0.01127	0.00798	0.00568	0.00507	0.00149	0.00852	0.00401	0.00320	0.00728
3	0.01076	0.04457	0.00974	0.00825	0.01051	0.06947	0.00646	0.08373	0.06861	0.03647	0.18416	0.07187	0.31757	0.01127	0.00618	0.00180	0.00408	0.04345	0.00514	0.00591
4	0.01148	0.00729	0.00851	0.05352	0.01076	0.00791	0.00625	0.13220	0.01321	0.02055	0.01611	0.01997	0.01319	0.04601	0.16846	0.00314	0.00611	0.00540	0.44415	0.00579
5	0.07039	0.07929	0.01603	0.01246	0.01585	0.21119	0.03850	0.13999	0.25615	0.04451	0.01415	0.01438	0.01083	0.00652	0.00580	0.00168	0.04538	0.00482	0.00428	0.00780
6	0.01153	0.00696	0.00846	0.00770	0.00996	0.00633	0.00612	0.04954	0.01478	0.16921	0.23880	0.04226	0.30084	0.01164	0.00642	0.00187	0.00356	0.09222	0.00576	0.00605
7	0.01728	0.01315	0.01421	0.01158	0.01510	0.01469	0.00927	0.45662	0.21567	0.02850	0.01614	0.01758	0.01251	0.07240	0.05734	0.00248	0.00615	0.00562	0.00523	0.00848

[dist]
# distance from previous block
# <min> <max>
0	1

[block]
# block no. 11 follows, 43 sequences, length 16
# corresponding to MSA columns:
# 495-510
name=unknown_L
#
# <colnr> <probs for GDERKNQSTAVLIFYWHMCP>
#	G	D	E	R	K	N	Q	S	T	A	V	L	I	F	Y	W	H	M	C	P
0	0.00690	0.00495	0.00652	0.00765	0.00810	0.00462	0.00521	0.00799	0.01094	0.01457	0.06669	0.69746	0.06218	0.03328	0.00748	0.00229	0.00328	0.04019	0.00515	0.00454
1	0.01300	0.01243	0.02120	0.19969	0.61067	0.01297	0.01664	0.01637	0.01227	0.01723	0.01029	0.01394	0.00847	0.00507	0.00549	0.00169	0.00676	0.00493	0.00268	0.00820
2	0.01183	0.01161	0.01625	0.01415	0.01427	0.01602	0.01183	0.01316	0.00886	0.01362	0.00923	0.01659	0.00946	0.01019	0.01724	0.00243	0.72496	0.06965	0.00266	0.00597
3	0.01224	0.01043	0.01153	0.00927	0.01324	0.00986	0.00731	0.04575	0.28941	0.02028	0.01878	0.01866	0.07909	0.00634	0.00494	0.00134	0.00416	0.00519	0.00440	0.42778
4	0.01612	0.08297	0.01571	0.01165	0.01471	0.01437	0.02413	0.37194	0.01823	0.05064	0.02653	0.07174	0.02648	0.02115	0.05224	0.00228	0.10569	0.04772	0.01808	0.00761
5	0.00843	0.00629	0.00901	0.05445	0.01221	0.00629	0.02119	0.01067	0.01228	0.01609	0.06464	0.23645	0.05461	0.01482	0.00728	0.00236	0.00466	0.44824	0.00497	0.00505
6	0.01755	0.00994	0.05834	0.00948	0.01316	0.00821	0.00810	0.04565	0.06026	0.39634	0.22835	0.02412	0.02373	0.00785	0.00572	0.00167	0.00433	0.00659	0.00600	0.06461
7	0.06722	0.01181	0.01271	0.01032	0.01381	0.01273	0.00834	0.38792	0.09082	0.10741	0.01874	0.05129	0.05888	0.00755	0.00533	0.00168	0.00489	0.00594	0.11452	0.00809
8	0.48382	0.01271	0.10248	0.00916	0.01275	0.03829	0.00833	0.01681	0.03633	0.07172	0.07744	0.01411	0.01164	0.00815	0.04947	0.00215	0.03011	0.00428	0.00376	0.00647
9	0.01190	0.11041	0.02833	0.18865	0.14788	0.04932	0.06205	0.04645	0.04364	0.01618	0.01610	0.14734	0.04575	0.00981	0.05031	0.00218	0.00669	0.00693	0.00339	0.00669
10	0.01525	0.01080	0.01477	0.06308	0.06162	0.01111	0.07011	0.08164	0.16194	0.18386	0.05930	0.02100	0.08087	0.00740	0.00647	0.00174	0.05619	0.00618	0.00484	0.08181
11	0.08054	0.00980	0.01382	0.06847	0.01598	0.00986	0.07442	0.06457	0.02953	0.31813	0.15614	0.02278	0.01952	0.00778	0.00648	0.00182	0.05041	0.03705	0.00533	0.00758
12	0.08732	0.02722	0.10990	0.20035	0.20921	0.02938	0.01331	0.07286	0.01351	0.07131	0.09984	0.01669	0.01341	0.00616	0.00537	0.00172	0.00620	0.00523	0.00357	0.00743
13	0.01063	0.00734	0.00870	0.05461	0.01033	0.00779	0.00566	0.08916	0.06180	0.04703	0.01724	0.04782	0.01775	0.51954	0.06792	0.00452	0.00600	0.00737	0.00385	0.00491
14	0.01277	0.01251	0.09365	0.05744	0.05224	0.05787	0.04849	0.08998	0.09655	0.06166	0.09833	0.09885	0.06413	0.00953	0.00744	0.05205	0.03914	0.03628	0.00433	0.00676
15	0.00869	0.05697	0.05485	0.03473	0.01074	0.00737	0.00667	0.01149	0.05457	0.02721	0.18432	0.06363	0.30083	0.08478	0.03245	0.00238	0.00429	0.04391	0.00472	0.00540

[dist]
# distance from previous block
# <min> <max>
0	61

# created by:
# /st0/software/busco_prod/Augustus/scripts/msa2prfl.pl ./align_prep/155472.fa
