[name]
unknown

[dist]
# distance from previous block
# <min> <max>
51	304

[block]
# block no. 0 follows, 48 sequences, length 133
# corresponding to MSA columns:
# 405-537
name=unknown_A
#
# <colnr> <probs for GDERKNQSTAVLIFYWHMCP>
#	G	D	E	R	K	N	Q	S	T	A	V	L	I	F	Y	W	H	M	C	P
0	0.04122	0.03079	0.08285	0.02895	0.11488	0.08353	0.01024	0.28067	0.10565	0.04221	0.03313	0.01556	0.01106	0.08822	0.00712	0.00190	0.00579	0.00489	0.00399	0.00735
1	0.00968	0.00887	0.04897	0.00819	0.01159	0.00692	0.00682	0.01290	0.06853	0.01680	0.08419	0.12117	0.01740	0.00731	0.00485	0.00128	0.00387	0.08124	0.00378	0.47560
2	0.08958	0.20259	0.24106	0.01060	0.02540	0.01274	0.01089	0.09123	0.02246	0.12081	0.04615	0.01469	0.04934	0.01922	0.00487	0.00153	0.00549	0.00440	0.00348	0.02347
3	0.00945	0.09003	0.07990	0.00787	0.00994	0.00712	0.00670	0.01147	0.01195	0.09320	0.26859	0.26130	0.05013	0.04934	0.00670	0.00187	0.00372	0.02072	0.00463	0.00536
4	0.01154	0.12924	0.54720	0.01379	0.03574	0.01311	0.03882	0.08381	0.01220	0.01736	0.04406	0.01199	0.00866	0.00516	0.00478	0.00155	0.00690	0.00406	0.00261	0.00742
5	0.09360	0.00762	0.07778	0.00733	0.00927	0.00613	0.00622	0.01082	0.01314	0.03237	0.54828	0.11005	0.03827	0.00989	0.00569	0.00166	0.00313	0.00859	0.00501	0.00516
6	0.11350	0.09062	0.01472	0.13356	0.23222	0.01098	0.01011	0.05814	0.01127	0.01659	0.01371	0.09663	0.04878	0.04283	0.00576	0.00170	0.00512	0.02004	0.00314	0.07059
7	0.17213	0.02312	0.62835	0.01325	0.01994	0.01186	0.03058	0.01603	0.01046	0.01755	0.00884	0.01041	0.00634	0.00484	0.00457	0.00162	0.00691	0.00364	0.00237	0.00718
8	0.00875	0.07989	0.00976	0.00837	0.00941	0.00796	0.00626	0.08454	0.01113	0.01486	0.02297	0.56989	0.03791	0.01327	0.00715	0.00195	0.08518	0.01145	0.00431	0.00499
9	0.02365	0.10821	0.48075	0.01212	0.01773	0.02677	0.02326	0.03845	0.01205	0.02721	0.16506	0.01617	0.01508	0.00601	0.00493	0.00156	0.00620	0.00483	0.00305	0.00690
10	0.08743	0.20592	0.36225	0.01104	0.01640	0.01263	0.01247	0.01517	0.01039	0.03959	0.00933	0.01112	0.00737	0.00804	0.08348	0.00207	0.00690	0.00359	0.00254	0.09228
11	0.08352	0.00604	0.00859	0.00839	0.00962	0.00582	0.08216	0.00904	0.01037	0.01483	0.07346	0.53048	0.08435	0.02886	0.00652	0.00201	0.00364	0.02327	0.00442	0.00461
12	0.09675	0.01038	0.01037	0.00797	0.01190	0.08613	0.00630	0.01360	0.01119	0.01729	0.07872	0.01276	0.01097	0.00465	0.00402	0.00098	0.00424	0.00360	0.00325	0.60493
13	0.01095	0.18053	0.64490	0.01349	0.02046	0.01354	0.01699	0.01608	0.01075	0.01544	0.00881	0.01033	0.00652	0.00478	0.00457	0.00152	0.00718	0.00359	0.00217	0.00739
14	0.01120	0.01706	0.26113	0.01745	0.02276	0.03560	0.42040	0.01565	0.01190	0.01651	0.08004	0.03052	0.01151	0.00538	0.00583	0.00169	0.02005	0.00571	0.00278	0.00683
15	0.00891	0.00446	0.00668	0.00668	0.00668	0.00446	0.00446	0.00668	0.00668	0.00891	0.00891	0.01560	0.00891	0.01783	0.02005	0.85071	0.00446	0.00446	0.00223	0.00223
16	0.01005	0.00948	0.01603	0.71530	0.12459	0.01149	0.01443	0.01342	0.01043	0.01354	0.00918	0.01356	0.00699	0.00506	0.00512	0.00169	0.00675	0.00456	0.00231	0.00599
17	0.00969	0.00912	0.01539	0.80734	0.03534	0.01140	0.01425	0.01311	0.01026	0.01311	0.00912	0.01368	0.00684	0.00513	0.00513	0.00171	0.00684	0.00456	0.00228	0.00570
18	0.01807	0.01287	0.01644	0.01712	0.24011	0.01354	0.01116	0.43568	0.01905	0.14504	0.01277	0.01322	0.00917	0.00573	0.00512	0.00154	0.00558	0.00469	0.00457	0.00855
19	0.01145	0.01091	0.01856	0.35457	0.47438	0.01186	0.01512	0.01465	0.01109	0.01524	0.00943	0.01311	0.00759	0.00480	0.00510	0.00160	0.00641	0.00457	0.00243	0.00712
20	0.00629	0.00481	0.00577	0.00637	0.00728	0.00430	0.00446	0.00748	0.01098	0.01413	0.11325	0.45874	0.30892	0.01439	0.00632	0.00191	0.00278	0.01268	0.00485	0.00430
21	0.09562	0.01089	0.09097	0.00990	0.01377	0.00916	0.00889	0.02196	0.01308	0.56588	0.01660	0.01535	0.01083	0.00632	0.00612	0.00166	0.08502	0.00474	0.00523	0.00802
22	0.00891	0.00446	0.00668	0.00668	0.00668	0.00446	0.00446	0.00668	0.00668	0.00891	0.00891	0.01560	0.00891	0.01783	0.02005	0.85071	0.00446	0.00446	0.00223	0.00223
23	0.00625	0.00447	0.00595	0.00714	0.00744	0.00417	0.00476	0.00714	0.00982	0.01310	0.02828	0.81633	0.03394	0.01608	0.00655	0.00208	0.00298	0.01459	0.00476	0.00417
24	0.00956	0.00478	0.00478	0.00478	0.00598	0.00478	0.00359	0.01196	0.01076	0.01913	0.01674	0.01913	0.01315	0.00598	0.00359	0.00120	0.00239	0.00478	0.84816	0.00478
25	0.01240	0.01176	0.01936	0.10793	0.63430	0.01217	0.01484	0.01663	0.08800	0.01686	0.01072	0.01344	0.00875	0.00487	0.00510	0.00156	0.00597	0.00469	0.00278	0.00788
26	0.01024	0.02538	0.73802	0.01463	0.02194	0.01173	0.04961	0.01599	0.01091	0.01619	0.01053	0.01210	0.02973	0.00509	0.00496	0.00163	0.00748	0.00409	0.00226	0.00746
27	0.00653	0.00471	0.00595	0.00676	0.00744	0.00429	0.00464	0.00760	0.01053	0.02525	0.07811	0.61213	0.17718	0.01501	0.00641	0.00198	0.00289	0.01341	0.00484	0.00431
28	0.01030	0.00873	0.01026	0.00748	0.01170	0.00664	0.00595	0.01259	0.01103	0.01711	0.08765	0.01344	0.01173	0.00448	0.00403	0.00085	0.00366	0.00367	0.00330	0.76539
29	0.10491	0.01001	0.01243	0.08903	0.01551	0.01007	0.00843	0.15726	0.04932	0.46487	0.01641	0.01531	0.01081	0.00606	0.00495	0.00160	0.00479	0.00479	0.00535	0.00808
30	0.00901	0.00819	0.01184	0.01085	0.01127	0.01037	0.03409	0.01029	0.00870	0.01266	0.01494	0.27152	0.01652	0.01598	0.14265	0.00317	0.39181	0.00795	0.00315	0.00502
31	0.01256	0.09289	0.02065	0.12326	0.60393	0.02818	0.01476	0.01548	0.01144	0.01577	0.00930	0.01231	0.00779	0.00464	0.00490	0.00150	0.00619	0.00436	0.00248	0.00764
32	0.04957	0.01090	0.01338	0.03461	0.01446	0.02638	0.03488	0.13729	0.07912	0.16637	0.01229	0.01312	0.00917	0.00596	0.00676	0.00149	0.14406	0.00433	0.00401	0.23185
33	0.31217	0.00970	0.01040	0.08916	0.01393	0.01034	0.00756	0.14700	0.01289	0.05824	0.06943	0.01753	0.01248	0.00635	0.00451	0.00155	0.00451	0.07875	0.00390	0.12960
34	0.17380	0.01084	0.01251	0.01076	0.01386	0.01221	0.08346	0.02306	0.51874	0.02106	0.02956	0.01806	0.01390	0.00656	0.00498	0.00173	0.00450	0.02853	0.00456	0.00735
35	0.00778	0.00595	0.00764	0.00772	0.00877	0.00590	0.02835	0.02278	0.08729	0.01501	0.11772	0.33679	0.09727	0.13615	0.02469	0.00252	0.00386	0.07455	0.00456	0.00471
36	0.00793	0.00608	0.00731	0.00687	0.00839	0.00591	0.00519	0.02192	0.11163	0.01965	0.54735	0.06028	0.15085	0.01051	0.00595	0.00166	0.00272	0.00916	0.00543	0.00522
37	0.01071	0.00992	0.01544	0.54400	0.13863	0.01177	0.01329	0.01620	0.15744	0.01523	0.01145	0.01459	0.00871	0.00540	0.00514	0.00169	0.00620	0.00480	0.00288	0.00651
38	0.00648	0.00530	0.00591	0.00609	0.00752	0.00473	0.00462	0.00791	0.01161	0.01437	0.10076	0.14389	0.55269	0.01321	0.00644	0.00183	0.01951	0.07795	0.00478	0.00441
39	0.00625	0.00447	0.00595	0.00714	0.00744	0.00417	0.00476	0.00714	0.00982	0.01310	0.02828	0.81633	0.03394	0.01608	0.00655	0.00208	0.00298	0.01459	0.00476	0.00417
40	0.01918	0.02415	0.01457	0.01318	0.01586	0.77535	0.00991	0.04321	0.01483	0.01316	0.00806	0.00935	0.00667	0.00531	0.00464	0.00133	0.00914	0.00334	0.00272	0.00603
41	0.02107	0.01161	0.09164	0.01019	0.01455	0.00957	0.00912	0.16566	0.01609	0.56871	0.01762	0.01582	0.01132	0.00617	0.00513	0.00158	0.00493	0.00492	0.00570	0.00861
42	0.01211	0.01384	0.03028	0.02163	0.02682	0.01298	0.76903	0.01644	0.01211	0.01644	0.01038	0.01384	0.00779	0.00433	0.00606	0.00173	0.00865	0.00606	0.00260	0.00692
43	0.01020	0.00950	0.01590	0.53375	0.22044	0.01094	0.01369	0.01343	0.01104	0.01477	0.08662	0.01589	0.01131	0.00553	0.00521	0.00165	0.00621	0.00503	0.00268	0.00622
44	0.01269	0.01195	0.01963	0.02849	0.68621	0.01176	0.01459	0.03791	0.01195	0.01722	0.00968	0.01248	0.00809	0.00454	0.00495	0.00145	0.00585	0.00442	0.00267	0.09347
45	0.00891	0.00446	0.00668	0.00668	0.00668	0.00446	0.00446	0.00668	0.00668	0.00891	0.00891	0.01560	0.00891	0.01783	0.02005	0.85071	0.00446	0.00446	0.00223	0.00223
46	0.00671	0.00516	0.00616	0.00658	0.00777	0.00466	0.00498	0.00823	0.01160	0.01483	0.14861	0.22092	0.35559	0.03525	0.00689	0.00199	0.00310	0.14174	0.00484	0.00441
47	0.02811	0.01155	0.01570	0.28194	0.21439	0.06342	0.01245	0.01750	0.18939	0.01605	0.01164	0.01407	0.00917	0.00580	0.00624	0.00170	0.08623	0.00473	0.00307	0.00688
48	0.09921	0.01404	0.02475	0.01816	0.02278	0.09073	0.54743	0.01748	0.01224	0.08654	0.01070	0.01315	0.00789	0.00465	0.00554	0.00166	0.00785	0.00537	0.00300	0.00685
49	0.01117	0.17808	0.45303	0.01466	0.09554	0.01294	0.04717	0.01555	0.01127	0.02573	0.07895	0.01320	0.01059	0.00525	0.00475	0.00151	0.00656	0.00427	0.00259	0.00718
50	0.01385	0.80310	0.02658	0.00889	0.01324	0.03948	0.00881	0.01549	0.01053	0.01208	0.00715	0.00826	0.00659	0.00441	0.00333	0.00110	0.00558	0.00276	0.00221	0.00657
51	0.06146	0.00796	0.01022	0.00830	0.01152	0.00716	0.00673	0.02035	0.03662	0.52922	0.11294	0.03998	0.09446	0.00779	0.00532	0.00164	0.00391	0.02109	0.00585	0.00748
52	0.01355	0.01145	0.01369	0.01451	0.16166	0.01274	0.00968	0.11002	0.51420	0.03388	0.03655	0.01757	0.01418	0.00649	0.00520	0.00167	0.00460	0.00551	0.00473	0.00812
53	0.00748	0.00734	0.07856	0.00840	0.00996	0.00664	0.00715	0.00955	0.00879	0.01241	0.01725	0.02281	0.08957	0.06639	0.61551	0.00686	0.01170	0.00596	0.00291	0.00476
54	0.00668	0.00512	0.00612	0.00609	0.00736	0.00456	0.00448	0.00847	0.01283	0.01706	0.40916	0.15074	0.31838	0.01219	0.00613	0.00172	0.00256	0.01059	0.00520	0.00456
55	0.01593	0.00741	0.00944	0.00782	0.01060	0.00676	0.00624	0.03189	0.05253	0.41164	0.19698	0.02498	0.08301	0.00781	0.00526	0.00157	0.00356	0.00654	0.10304	0.00700
56	0.00831	0.01006	0.15842	0.00903	0.01125	0.00759	0.00843	0.01114	0.01260	0.01810	0.47219	0.07973	0.03368	0.00965	0.00728	0.00174	0.10852	0.02239	0.00447	0.00542
57	0.01121	0.01100	0.01531	0.09236	0.01564	0.01502	0.01125	0.01377	0.07754	0.01325	0.00825	0.01218	0.00755	0.00841	0.01462	0.00215	0.65751	0.00462	0.00252	0.00585
58	0.00871	0.00498	0.00549	0.00573	0.00665	0.00493	0.00406	0.03155	0.01060	0.01702	0.01993	0.25212	0.01951	0.07357	0.00628	0.00176	0.00286	0.00784	0.51181	0.00458
59	0.00745	0.00541	0.00726	0.00834	0.00920	0.00531	0.00658	0.00952	0.03555	0.01451	0.02816	0.39348	0.05242	0.01475	0.00676	0.00220	0.00387	0.37990	0.00476	0.00458
60	0.01097	0.00995	0.01594	0.64948	0.10956	0.01193	0.01395	0.08891	0.01179	0.01540	0.00949	0.01344	0.00716	0.00518	0.00513	0.00167	0.00665	0.00457	0.00259	0.00625
61	0.00674	0.00574	0.00655	0.07802	0.00999	0.00529	0.00536	0.00860	0.02646	0.01409	0.04500	0.04644	0.62393	0.01229	0.00607	0.00179	0.00322	0.08530	0.00455	0.00457
62	0.01086	0.24594	0.01874	0.57491	0.02889	0.01399	0.01266	0.01377	0.01031	0.01281	0.00854	0.01209	0.00677	0.00491	0.00460	0.00153	0.00645	0.00403	0.00226	0.00596
63	0.01137	0.07436	0.49373	0.01449	0.02016	0.07335	0.09221	0.01582	0.01085	0.01517	0.00939	0.03529	0.00750	0.00563	0.00629	0.00166	0.09908	0.00432	0.00234	0.00700
64	0.01539	0.01840	0.01194	0.01097	0.01292	0.54415	0.00804	0.01644	0.01266	0.01214	0.01352	0.01782	0.07924	0.16974	0.00944	0.00212	0.03206	0.00485	0.00292	0.00522
65	0.00981	0.18495	0.40536	0.01104	0.01599	0.01141	0.01263	0.01344	0.01064	0.01454	0.01669	0.16826	0.08946	0.00773	0.00499	0.00161	0.00577	0.00634	0.00293	0.00640
66	0.01530	0.00983	0.01291	0.24199	0.01971	0.01078	0.00976	0.05685	0.27153	0.25909	0.02731	0.01697	0.01230	0.00625	0.00518	0.00167	0.00502	0.00523	0.00472	0.00759
67	0.19794	0.00945	0.01128	0.00885	0.01266	0.00906	0.00731	0.08410	0.01421	0.56735	0.01684	0.01512	0.01087	0.00600	0.00474	0.00158	0.00439	0.00461	0.00558	0.00806
68	0.00820	0.00630	0.00800	0.00755	0.00768	0.00733	0.00520	0.00868	0.00765	0.01070	0.01393	0.02722	0.01545	0.54793	0.13199	0.00488	0.16802	0.00659	0.00289	0.00382
69	0.01025	0.00955	0.01587	0.71451	0.10140	0.01161	0.01425	0.03629	0.01081	0.01402	0.00926	0.01355	0.00701	0.00511	0.00513	0.00169	0.00674	0.00456	0.00239	0.00601
70	0.00726	0.00524	0.00686	0.00646	0.00767	0.00484	0.00484	0.00968	0.01452	0.02058	0.78496	0.03833	0.04841	0.01049	0.00605	0.00161	0.00242	0.00928	0.00565	0.00484
71	0.00714	0.00523	0.00746	0.00768	0.00836	0.00579	0.00566	0.00855	0.00844	0.01188	0.01685	0.17428	0.01764	0.13810	0.54480	0.00663	0.01052	0.00750	0.00318	0.00431
72	0.01347	0.01228	0.01962	0.08673	0.61817	0.01268	0.01476	0.12620	0.01340	0.01877	0.01000	0.01272	0.00812	0.00485	0.00509	0.00154	0.00609	0.00458	0.00290	0.00803
73	0.00891	0.00446	0.00668	0.00668	0.00668	0.00446	0.00446	0.00668	0.00668	0.00891	0.00891	0.01560	0.00891	0.01783	0.02005	0.85071	0.00446	0.00446	0.00223	0.00223
74	0.01000	0.00930	0.08872	0.01030	0.01257	0.00813	0.00949	0.08848	0.08203	0.01769	0.02330	0.04508	0.02387	0.01178	0.00650	0.00215	0.00505	0.53529	0.00455	0.00572
75	0.00979	0.00815	0.03702	0.02309	0.01297	0.00768	0.08395	0.03685	0.08268	0.04486	0.10870	0.04213	0.07120	0.01107	0.00640	0.00203	0.00482	0.39635	0.00461	0.00562
76	0.01182	0.01337	0.04029	0.10836	0.06779	0.01265	0.62213	0.01598	0.01184	0.01609	0.01016	0.01366	0.00768	0.00443	0.00585	0.00170	0.00822	0.00573	0.00256	0.01970
77	0.01162	0.01286	0.02711	0.17817	0.02834	0.01270	0.60843	0.01572	0.01168	0.01572	0.01008	0.01377	0.00758	0.00455	0.00601	0.00173	0.01899	0.00574	0.00253	0.00666
78	0.01231	0.01251	0.01433	0.01184	0.01370	0.11936	0.02282	0.02841	0.00996	0.01411	0.00776	0.01085	0.00703	0.00684	0.01097	0.00166	0.43719	0.00394	0.00259	0.25181
79	0.00877	0.00451	0.00657	0.00657	0.00657	0.00451	0.00432	0.00676	0.00676	0.00902	0.00965	0.01742	0.00990	0.09899	0.02067	0.76510	0.00451	0.00476	0.00232	0.00232
80	0.00739	0.00527	0.00712	0.00712	0.00764	0.00580	0.00501	0.00844	0.00791	0.01108	0.01478	0.02587	0.01531	0.37108	0.47014	0.00685	0.01001	0.00633	0.00290	0.00395
81	0.00971	0.01228	0.16372	0.49334	0.03955	0.01101	0.03435	0.01341	0.01081	0.01467	0.09796	0.01583	0.01158	0.00585	0.00577	0.00171	0.04477	0.00499	0.00265	0.00603
82	0.00840	0.00668	0.00644	0.00644	0.00671	0.07646	0.00389	0.00860	0.00834	0.01050	0.01663	0.10944	0.01909	0.66615	0.02223	0.00436	0.00516	0.00780	0.00323	0.00347
83	0.01495	0.64321	0.02413	0.00975	0.01378	0.18241	0.00903	0.02886	0.01151	0.01251	0.00738	0.00851	0.00663	0.00461	0.00360	0.00115	0.00627	0.00289	0.00234	0.00649
84	0.00746	0.00498	0.00565	0.00565	0.00566	0.00500	0.00317	0.00749	0.00748	0.00999	0.01612	0.03332	0.01854	0.80473	0.04091	0.00504	0.00514	0.00742	0.00310	0.00314
85	0.09156	0.10475	0.09423	0.01072	0.01518	0.01058	0.08463	0.04481	0.01321	0.43151	0.01491	0.01421	0.00998	0.00555	0.00479	0.00152	0.00524	0.00454	0.00466	0.03343
86	0.00628	0.00448	0.00594	0.00711	0.00740	0.00419	0.00472	0.00715	0.00977	0.01302	0.02798	0.79705	0.03356	0.03586	0.00703	0.00216	0.00303	0.01441	0.00472	0.00414
87	0.02144	0.01176	0.01228	0.00988	0.01348	0.15915	0.00795	0.03786	0.02834	0.58486	0.04676	0.01662	0.01287	0.00631	0.00509	0.00154	0.00525	0.00496	0.00557	0.00804
88	0.01343	0.01136	0.01198	0.01058	0.01360	0.01308	0.00828	0.10139	0.70318	0.02255	0.02003	0.01846	0.01497	0.00688	0.00521	0.00172	0.00422	0.00568	0.00521	0.00818
89	0.01196	0.01166	0.02055	0.20596	0.54051	0.01209	0.09166	0.01522	0.01140	0.01590	0.00961	0.01304	0.00780	0.00467	0.00519	0.00159	0.00652	0.00472	0.00249	0.00746
90	0.00684	0.00491	0.00657	0.00741	0.00809	0.00464	0.00543	0.00834	0.01121	0.01510	0.18604	0.49763	0.04855	0.01450	0.00654	0.00203	0.00319	0.15362	0.00494	0.00442
91	0.02106	0.00910	0.01185	0.00921	0.01294	0.00833	0.00756	0.10964	0.02566	0.62427	0.08825	0.01877	0.01550	0.00671	0.00524	0.00159	0.00433	0.00548	0.00613	0.00837
92	0.01436	0.57653	0.11448	0.01032	0.01475	0.16833	0.01019	0.01645	0.01126	0.01266	0.00753	0.00873	0.00658	0.00462	0.00373	0.00120	0.00645	0.00297	0.00228	0.00658
93	0.00952	0.00611	0.00816	0.00789	0.00919	0.00661	0.00600	0.01233	0.07864	0.09230	0.01696	0.10013	0.01566	0.08740	0.43352	0.00545	0.00910	0.00648	0.08336	0.00518
94	0.00682	0.00490	0.00656	0.00767	0.00822	0.00469	0.00557	0.00828	0.02226	0.01394	0.05085	0.61780	0.03315	0.01536	0.00663	0.00212	0.00335	0.17267	0.00479	0.00437
95	0.81875	0.00987	0.00774	0.00685	0.01006	0.01133	0.00565	0.01553	0.00900	0.05730	0.00773	0.00874	0.00588	0.00483	0.00326	0.00159	0.00399	0.00288	0.00332	0.00570
96	0.01193	0.01322	0.09826	0.14812	0.44699	0.01217	0.09027	0.01649	0.08051	0.01653	0.01061	0.01336	0.00841	0.00488	0.00518	0.00160	0.00643	0.00475	0.00271	0.00757
97	0.01219	0.11645	0.46571	0.01488	0.08852	0.10437	0.01535	0.01769	0.08783	0.01590	0.01002	0.01134	0.00758	0.00505	0.00471	0.00153	0.00705	0.00388	0.00256	0.00738
98	0.26121	0.00967	0.01361	0.49114	0.10395	0.01151	0.01182	0.01396	0.00995	0.01642	0.00859	0.01199	0.00659	0.00496	0.00454	0.00165	0.00591	0.00403	0.00257	0.00590
99	0.01270	0.01219	0.02083	0.03149	0.78767	0.01219	0.01575	0.01575	0.01168	0.01676	0.00965	0.01270	0.00813	0.00457	0.00508	0.00152	0.00610	0.00457	0.00254	0.00813
100	0.00756	0.00560	0.00713	0.00705	0.00742	0.00598	0.00483	0.00847	0.00947	0.01312	0.17631	0.18117	0.02613	0.36416	0.06861	0.00367	0.08669	0.00877	0.00384	0.00402
101	0.09859	0.01159	0.09473	0.01011	0.01347	0.01056	0.00893	0.22071	0.09562	0.14465	0.01762	0.12972	0.01552	0.00833	0.00535	0.00176	0.00484	0.09607	0.00472	0.00711
102	0.01173	0.01120	0.01908	0.28082	0.54590	0.01194	0.01527	0.01490	0.01123	0.01559	0.00948	0.01301	0.00771	0.00475	0.00510	0.00158	0.00633	0.00457	0.00246	0.00735
103	0.01111	0.00591	0.00650	0.00621	0.00785	0.00597	0.00486	0.01469	0.08895	0.09602	0.01845	0.02246	0.01484	0.00685	0.00422	0.00139	0.00297	0.07236	0.60288	0.00551
104	0.00986	0.00942	0.01619	0.74593	0.03435	0.01159	0.05439	0.01327	0.01030	0.01327	0.00913	0.01363	0.00689	0.00518	0.00547	0.00172	0.02672	0.00464	0.00230	0.00576
105	0.01108	0.21009	0.61646	0.01328	0.02012	0.01385	0.01661	0.01605	0.01074	0.01529	0.00873	0.01023	0.00652	0.00476	0.00451	0.00150	0.00710	0.00355	0.00217	0.00735
106	0.00657	0.00512	0.00600	0.00620	0.00748	0.00455	0.00462	0.00817	0.01211	0.01562	0.24269	0.19260	0.39255	0.01299	0.00622	0.00181	0.00277	0.06246	0.00500	0.00446
107	0.00745	0.00503	0.00586	0.00586	0.00596	0.00512	0.00344	0.00763	0.00754	0.01015	0.01592	0.03222	0.01806	0.74060	0.10438	0.00531	0.00586	0.00726	0.00307	0.00326
108	0.01359	0.74313	0.08430	0.00933	0.01392	0.03885	0.00957	0.01556	0.01056	0.01240	0.00731	0.00845	0.00658	0.00445	0.00344	0.00114	0.00574	0.00284	0.00220	0.00664
109	0.01375	0.43328	0.01853	0.00855	0.01205	0.01426	0.00766	0.03844	0.08077	0.13659	0.01720	0.09669	0.08888	0.00702	0.00442	0.00141	0.00464	0.00546	0.00372	0.00666
110	0.00653	0.00534	0.00585	0.00606	0.00767	0.00465	0.00478	0.00808	0.01182	0.01440	0.07402	0.05062	0.61273	0.01313	0.00626	0.00185	0.00300	0.15399	0.00479	0.00443
111	0.00654	0.00559	0.00570	0.00571	0.00733	0.02084	0.00429	0.00797	0.01198	0.01457	0.12918	0.08289	0.63268	0.01274	0.00609	0.00175	0.00280	0.03212	0.00482	0.00442
112	0.01653	0.01812	0.01870	0.05745	0.13506	0.39922	0.17541	0.01893	0.01338	0.08423	0.00989	0.01173	0.00765	0.00506	0.00508	0.00148	0.00809	0.00432	0.00293	0.00673
113	0.01246	0.01386	0.02375	0.04147	0.02250	0.10812	0.49445	0.01700	0.08094	0.01579	0.01125	0.01433	0.00881	0.00820	0.08510	0.00234	0.02462	0.00557	0.00284	0.00661
114	0.77286	0.00980	0.00798	0.00699	0.01024	0.01111	0.00575	0.01607	0.00933	0.09963	0.00845	0.00925	0.00627	0.00492	0.00337	0.00159	0.00401	0.00302	0.00349	0.00587
115	0.01060	0.00855	0.01357	0.48639	0.03828	0.01033	0.01166	0.01328	0.01021	0.08321	0.01195	0.07547	0.01015	0.00979	0.08559	0.00242	0.08824	0.00547	0.01906	0.00576
116	0.00720	0.00524	0.00677	0.00639	0.00762	0.00481	0.00479	0.00955	0.01437	0.02020	0.74427	0.03894	0.08933	0.01063	0.00605	0.00162	0.00243	0.00937	0.00560	0.00481
117	0.01064	0.00912	0.01064	0.00760	0.01216	0.00684	0.00608	0.01292	0.01064	0.01672	0.00912	0.01064	0.00760	0.00380	0.00380	0.00076	0.00380	0.00304	0.00304	0.85104
118	0.01673	0.08699	0.09451	0.02379	0.09245	0.03920	0.01060	0.32505	0.03205	0.13239	0.01239	0.01291	0.00900	0.00576	0.00518	0.00151	0.02954	0.00440	0.04670	0.01884
119	0.00950	0.02238	0.64241	0.01302	0.01934	0.01045	0.01616	0.01453	0.01081	0.01572	0.01499	0.09584	0.07949	0.00674	0.00515	0.00168	0.00667	0.00552	0.00266	0.00694
120	0.01912	0.01408	0.01516	0.01170	0.01571	0.01559	0.00967	0.74541	0.02365	0.03171	0.01254	0.01308	0.00908	0.00691	0.02086	0.00168	0.00579	0.01458	0.00508	0.00859
121	0.01276	0.01102	0.01160	0.01044	0.01334	0.01276	0.00812	0.02727	0.77840	0.02146	0.02088	0.01914	0.01566	0.00696	0.00522	0.00174	0.00406	0.00580	0.00522	0.00812
122	0.00742	0.00513	0.00637	0.00637	0.00663	0.00539	0.00407	0.00796	0.00769	0.01052	0.01546	0.02967	0.01696	0.59230	0.25117	0.00593	0.00753	0.00689	0.00300	0.00354
123	0.01119	0.01039	0.01384	0.01185	0.01254	0.01361	0.00977	0.08724	0.01050	0.01531	0.09014	0.01752	0.08134	0.00921	0.01361	0.00206	0.57548	0.00556	0.00310	0.00573
124	0.00691	0.00583	0.00607	0.00604	0.00777	0.00534	0.00451	0.00977	0.10384	0.01480	0.05672	0.12321	0.60588	0.01254	0.00601	0.00177	0.00281	0.01058	0.00483	0.00478
125	0.00625	0.00447	0.00595	0.00714	0.00744	0.00417	0.00476	0.00714	0.00982	0.01310	0.02828	0.81633	0.03394	0.01608	0.00655	0.00208	0.00298	0.01459	0.00476	0.00417
126	0.00741	0.00615	0.00659	0.00632	0.00813	0.00581	0.00478	0.01109	0.13690	0.01651	0.20168	0.04213	0.50482	0.01149	0.00592	0.00171	0.00280	0.00968	0.00503	0.00506
127	0.00933	0.00850	0.01005	0.01172	0.15647	0.08656	0.00729	0.01160	0.01359	0.01809	0.45519	0.03209	0.14106	0.00919	0.00572	0.00158	0.00384	0.00800	0.00463	0.00551
128	0.02124	0.00901	0.01160	0.00901	0.01271	0.00826	0.00741	0.11277	0.01542	0.62238	0.01894	0.01702	0.01227	0.00629	0.00500	0.00154	0.00432	0.00506	0.09142	0.00833
129	0.00791	0.07915	0.00993	0.00829	0.00952	0.00767	0.00663	0.00972	0.00844	0.01193	0.01315	0.01908	0.01226	0.03541	0.72760	0.00760	0.01300	0.00525	0.00270	0.00476
130	0.00623	0.00455	0.00586	0.00691	0.00738	0.00419	0.00466	0.00717	0.01005	0.01319	0.03112	0.72439	0.12404	0.01571	0.00649	0.00204	0.00293	0.01414	0.00476	0.00419
131	0.04303	0.01491	0.09505	0.01268	0.01721	0.01433	0.08608	0.52934	0.02027	0.09724	0.01237	0.01267	0.00867	0.00582	0.00514	0.00157	0.00598	0.00467	0.00463	0.00834
132	0.01697	0.16621	0.09417	0.01009	0.01420	0.01243	0.00927	0.21493	0.03627	0.25708	0.08992	0.01650	0.01376	0.00634	0.00489	0.00151	0.00505	0.01797	0.00469	0.00774

[dist]
# distance from previous block
# <min> <max>
1	3

[block]
# block no. 1 follows, 48 sequences, length 37
# corresponding to MSA columns:
# 541-577
name=unknown_B
#
# <colnr> <probs for GDERKNQSTAVLIFYWHMCP>
#	G	D	E	R	K	N	Q	S	T	A	V	L	I	F	Y	W	H	M	C	P
0	0.17582	0.04192	0.14842	0.02743	0.01700	0.01136	0.17721	0.02790	0.09267	0.01772	0.01078	0.01295	0.00848	0.00878	0.09676	0.00231	0.01583	0.00442	0.00300	0.09922
1	0.36418	0.21388	0.01563	0.08506	0.10387	0.01433	0.00888	0.10993	0.01157	0.01981	0.00827	0.00981	0.00663	0.00486	0.00385	0.00146	0.00507	0.00337	0.00302	0.00652
2	0.01068	0.00712	0.01990	0.00698	0.00879	0.00733	0.00553	0.10778	0.09463	0.02028	0.08830	0.02007	0.01604	0.01027	0.09631	0.00216	0.00437	0.00536	0.46243	0.00566
3	0.00636	0.00468	0.00593	0.00673	0.00736	0.00428	0.00461	0.00748	0.01063	0.01403	0.11945	0.59119	0.15537	0.02791	0.00673	0.00202	0.00288	0.01326	0.00484	0.00425
4	0.01161	0.40661	0.30877	0.01170	0.04751	0.01513	0.01241	0.01483	0.01056	0.01392	0.01027	0.09585	0.00954	0.00583	0.00430	0.00142	0.00602	0.00447	0.00247	0.00676
5	0.01071	0.02276	0.59400	0.01644	0.10310	0.01245	0.03449	0.01570	0.01057	0.01581	0.00897	0.01115	0.00673	0.00535	0.00645	0.00170	0.10998	0.00402	0.00223	0.00737
6	0.11215	0.00886	0.01144	0.00887	0.01276	0.00797	0.00733	0.02394	0.01405	0.70902	0.01884	0.01649	0.01194	0.00618	0.00495	0.00159	0.00432	0.00491	0.00601	0.00839
7	0.00925	0.00509	0.00562	0.00561	0.00654	0.00511	0.00398	0.03819	0.01028	0.01668	0.01684	0.10553	0.01539	0.10701	0.00860	0.10009	0.00313	0.00611	0.52663	0.00436
8	0.12091	0.04418	0.01348	0.05102	0.10365	0.03621	0.00908	0.18657	0.12531	0.13252	0.01412	0.01492	0.02427	0.00938	0.08981	0.00228	0.00605	0.00472	0.00418	0.00733
9	0.00640	0.00517	0.00571	0.00590	0.00728	0.00455	0.00430	0.00805	0.02887	0.01468	0.13559	0.21819	0.51074	0.01324	0.00615	0.00180	0.00269	0.01136	0.00488	0.00444
10	0.00733	0.00548	0.00815	0.00815	0.00904	0.00636	0.00630	0.00910	0.00822	0.01184	0.01383	0.02063	0.01303	0.06611	0.77199	0.00813	0.01343	0.00557	0.00276	0.00453
11	0.01889	0.02399	0.01458	0.01323	0.01578	0.77137	0.00996	0.02020	0.01430	0.01255	0.00789	0.00932	0.00661	0.00542	0.00506	0.00135	0.03758	0.00335	0.00263	0.00594
12	0.01059	0.01078	0.02048	0.52237	0.05752	0.01195	0.26329	0.01429	0.01092	0.01433	0.00955	0.01370	0.00719	0.00485	0.00543	0.00171	0.00741	0.00505	0.00239	0.00618
13	0.00827	0.00591	0.00827	0.00945	0.01063	0.00591	0.00827	0.01063	0.01181	0.01536	0.02717	0.05788	0.02953	0.01417	0.00709	0.00236	0.00472	0.75313	0.00472	0.00472
14	0.00731	0.00792	0.08744	0.09963	0.01227	0.00616	0.00723	0.00960	0.01183	0.01508	0.13868	0.04073	0.43568	0.01104	0.00594	0.00177	0.00380	0.08861	0.00433	0.00493
15	0.01174	0.01484	0.11592	0.01933	0.02386	0.01335	0.54437	0.01567	0.01119	0.01567	0.00958	0.01302	0.00745	0.00524	0.00788	0.00181	0.15434	0.00551	0.00248	0.00676
16	0.00662	0.00468	0.00611	0.00712	0.00746	0.00445	0.00484	0.00752	0.00965	0.01283	0.02634	0.62701	0.03121	0.13799	0.00957	0.00255	0.00344	0.08205	0.00451	0.00406
17	0.83396	0.00998	0.00789	0.00739	0.03017	0.01153	0.00582	0.01510	0.00881	0.02286	0.00721	0.00845	0.00562	0.00476	0.00322	0.00159	0.00402	0.00283	0.00316	0.00562
18	0.82193	0.00987	0.00772	0.00684	0.01005	0.01135	0.00564	0.01549	0.00898	0.05437	0.00768	0.00871	0.00585	0.00483	0.00326	0.00159	0.00399	0.00288	0.00330	0.00569
19	0.00775	0.00611	0.00905	0.00881	0.00962	0.00741	0.00693	0.00950	0.00820	0.01196	0.01299	0.01920	0.01218	0.03533	0.71561	0.00760	0.09898	0.00539	0.00269	0.00469
20	0.01187	0.01556	0.19459	0.10960	0.27015	0.01240	0.23430	0.03941	0.03095	0.01675	0.01007	0.01287	0.00773	0.00474	0.00533	0.00163	0.00719	0.00486	0.00259	0.00741
21	0.01079	0.00960	0.01265	0.00903	0.01366	0.00747	0.08405	0.01328	0.01079	0.01669	0.00925	0.01097	0.00762	0.00385	0.00403	0.00086	0.00430	0.00335	0.00299	0.76478
22	0.01015	0.00939	0.01361	0.50902	0.02667	0.02937	0.01127	0.01309	0.01048	0.01427	0.00954	0.03130	0.00771	0.00496	0.00472	0.00140	0.00582	0.00427	0.00259	0.28036
23	0.01178	0.00593	0.00797	0.00780	0.00936	0.00531	0.00569	0.01305	0.01142	0.26600	0.02534	0.54287	0.02658	0.01270	0.00605	0.00190	0.00344	0.01132	0.00525	0.02024
24	0.01826	0.01409	0.01375	0.01096	0.01458	0.11889	0.00887	0.50531	0.02043	0.10509	0.01713	0.01672	0.09877	0.00685	0.00518	0.00154	0.00565	0.00522	0.00488	0.00785
25	0.00637	0.00456	0.00606	0.00706	0.00747	0.00425	0.00477	0.00744	0.01037	0.01396	0.11586	0.72628	0.03561	0.01543	0.00649	0.00203	0.00291	0.01397	0.00487	0.00425
26	0.01244	0.01086	0.01588	0.10006	0.10538	0.01401	0.01170	0.01412	0.00926	0.09253	0.00871	0.01230	0.00752	0.00779	0.01303	0.00204	0.54887	0.00458	0.00270	0.00623
27	0.01568	0.01847	0.01321	0.01222	0.02743	0.51187	0.00908	0.03287	0.01252	0.01268	0.00939	0.01332	0.00862	0.09626	0.08957	0.00254	0.10184	0.00416	0.00271	0.00556
28	0.01832	0.01343	0.01536	0.01360	0.09805	0.01464	0.01008	0.56483	0.09925	0.07943	0.01343	0.01340	0.00963	0.00608	0.00514	0.00156	0.00545	0.00477	0.00494	0.00860
29	0.00628	0.00448	0.00598	0.00713	0.00745	0.00418	0.00476	0.00721	0.00994	0.01328	0.04687	0.79721	0.03429	0.01594	0.00654	0.00207	0.00296	0.01446	0.00478	0.00418
30	0.00869	0.00593	0.00660	0.00623	0.00665	0.00609	0.00379	0.08544	0.00916	0.01224	0.01577	0.03141	0.01764	0.73654	0.02397	0.00462	0.00504	0.00717	0.00332	0.00368
31	0.01134	0.01103	0.01944	0.36563	0.38493	0.01193	0.09208	0.01468	0.01111	0.01515	0.00950	0.01324	0.00754	0.00479	0.00520	0.00163	0.00668	0.00472	0.00243	0.00696
32	0.02122	0.00830	0.01118	0.00872	0.01223	0.00724	0.00703	0.02298	0.01385	0.70079	0.01977	0.01933	0.01339	0.10049	0.00759	0.00198	0.00444	0.00543	0.00598	0.00808
33	0.00636	0.00458	0.00585	0.00681	0.00721	0.00426	0.00452	0.00720	0.00975	0.01284	0.02915	0.66819	0.09916	0.09792	0.00851	0.00235	0.00315	0.01352	0.00459	0.00407
34	0.00993	0.00672	0.00824	0.00781	0.00949	0.00672	0.00589	0.01458	0.17987	0.10136	0.34198	0.20608	0.04354	0.01064	0.00591	0.00176	0.00316	0.02511	0.00540	0.00581
35	0.13694	0.09769	0.10673	0.02667	0.01682	0.04175	0.09133	0.32040	0.07414	0.02350	0.01091	0.01175	0.00811	0.00544	0.00472	0.00154	0.00596	0.00426	0.00380	0.00753
36	0.02409	0.01279	0.01911	0.15849	0.47527	0.06551	0.04788	0.10301	0.01306	0.01773	0.00976	0.01258	0.00783	0.00489	0.00508	0.00155	0.00647	0.00453	0.00281	0.00755

[dist]
# distance from previous block
# <min> <max>
1	6

[block]
# block no. 2 follows, 48 sequences, length 21
# corresponding to MSA columns:
# 584-604
name=unknown_C
#
# <colnr> <probs for GDERKNQSTAVLIFYWHMCP>
#	G	D	E	R	K	N	Q	S	T	A	V	L	I	F	Y	W	H	M	C	P
0	0.01099	0.01028	0.01508	0.02059	0.42117	0.04943	0.02717	0.04556	0.01195	0.01601	0.01935	0.20097	0.11302	0.00838	0.00554	0.00167	0.00513	0.00763	0.00345	0.00663
1	0.01122	0.08649	0.01624	0.20238	0.01918	0.02223	0.07017	0.03078	0.09965	0.02460	0.01072	0.02319	0.00907	0.01065	0.10751	0.00262	0.23951	0.00486	0.00284	0.00609
2	0.01066	0.04526	0.01077	0.00944	0.01066	0.18160	0.02935	0.01160	0.00973	0.01177	0.01312	0.11077	0.01344	0.12160	0.24018	0.09889	0.05761	0.00605	0.00289	0.00460
3	0.00815	0.00506	0.00657	0.00711	0.00802	0.00459	0.00498	0.00927	0.01078	0.10048	0.06193	0.60471	0.12002	0.01439	0.00632	0.00197	0.00306	0.01287	0.00498	0.00473
4	0.01142	0.10331	0.10911	0.08356	0.39624	0.02300	0.02395	0.01434	0.01108	0.01530	0.02433	0.11479	0.01155	0.00633	0.00541	0.00160	0.02929	0.00563	0.00277	0.00702
5	0.01170	0.01459	0.11657	0.10990	0.12417	0.01258	0.50102	0.01595	0.01170	0.01608	0.01001	0.01333	0.00757	0.00451	0.00569	0.00169	0.00800	0.00543	0.00250	0.00702
6	0.02302	0.00873	0.01191	0.00913	0.01310	0.00754	0.00754	0.02501	0.01469	0.79122	0.02024	0.01746	0.01270	0.00635	0.00516	0.00159	0.00437	0.00516	0.00635	0.00873
7	0.01212	0.22081	0.51889	0.01304	0.01929	0.10196	0.01546	0.01651	0.01115	0.01482	0.00856	0.01002	0.00653	0.00480	0.00446	0.00146	0.00726	0.00348	0.00223	0.00716
8	0.01151	0.00842	0.09927	0.00762	0.00950	0.00647	0.00617	0.01276	0.00962	0.19765	0.01622	0.02645	0.01554	0.49410	0.05405	0.00392	0.00554	0.00639	0.00376	0.00504
9	0.00647	0.00512	0.00583	0.00585	0.00723	0.00447	0.00431	0.00808	0.01236	0.01592	0.28421	0.14355	0.45322	0.01258	0.00612	0.00174	0.00259	0.01081	0.00505	0.00447
10	0.00742	0.00513	0.00639	0.00639	0.00667	0.00541	0.00410	0.00797	0.00770	0.01054	0.01544	0.02955	0.01690	0.58500	0.25840	0.00596	0.00761	0.00687	0.00300	0.00355
11	0.01237	0.10976	0.11730	0.01381	0.01607	0.10308	0.08303	0.01449	0.00968	0.01322	0.00757	0.01085	0.00677	0.00707	0.01135	0.00188	0.44904	0.00421	0.00231	0.00614
12	0.11628	0.02046	0.01434	0.02564	0.01570	0.54773	0.03161	0.10309	0.01449	0.01610	0.00837	0.00979	0.00677	0.00546	0.00512	0.00144	0.04488	0.00355	0.00296	0.00622
13	0.00667	0.00503	0.00624	0.00690	0.00789	0.00460	0.00515	0.00811	0.01125	0.01453	0.11559	0.36567	0.26067	0.01421	0.00645	0.00198	0.00312	0.14670	0.00485	0.00439
14	0.00898	0.00816	0.04068	0.29245	0.01878	0.00840	0.00913	0.03360	0.08008	0.01756	0.32814	0.07021	0.04670	0.00832	0.00561	0.00169	0.00446	0.00729	0.00419	0.00560
15	0.01417	0.01283	0.10039	0.01346	0.11306	0.01210	0.01030	0.09377	0.41859	0.11111	0.01792	0.01719	0.02889	0.00640	0.00517	0.00166	0.00487	0.00534	0.00465	0.00811
16	0.01551	0.01085	0.01289	0.01244	0.11144	0.01169	0.00877	0.26658	0.18482	0.11363	0.01549	0.01596	0.01152	0.02005	0.00549	0.00160	0.02115	0.00501	0.14741	0.00769
17	0.48479	0.06029	0.02650	0.04559	0.01342	0.16420	0.00777	0.11232	0.01202	0.02098	0.00808	0.00931	0.00630	0.00504	0.00383	0.00151	0.00549	0.00321	0.00321	0.00614
18	0.00650	0.00462	0.00603	0.00690	0.00729	0.00433	0.00461	0.00750	0.01019	0.01373	0.12347	0.63848	0.03424	0.09619	0.00845	0.00231	0.00311	0.01319	0.00471	0.00415
19	0.01086	0.12271	0.31961	0.01168	0.05370	0.02315	0.01180	0.01434	0.01137	0.05727	0.10262	0.11673	0.01544	0.00684	0.00492	0.00150	0.00547	0.00569	0.00326	0.10104
20	0.00774	0.00552	0.00652	0.00611	0.00769	0.00486	0.00456	0.00915	0.01157	0.01606	0.24440	0.05876	0.26318	0.01116	0.00733	0.10971	0.00295	0.02072	0.09877	0.10322

[dist]
# distance from previous block
# <min> <max>
0	8

[block]
# block no. 3 follows, 48 sequences, length 17
# corresponding to MSA columns:
# 613-629
name=unknown_D
#
# <colnr> <probs for GDERKNQSTAVLIFYWHMCP>
#	G	D	E	R	K	N	Q	S	T	A	V	L	I	F	Y	W	H	M	C	P
0	0.01185	0.02911	0.01624	0.01310	0.01498	0.02585	0.13853	0.03024	0.21749	0.01546	0.01157	0.01425	0.00962	0.00848	0.01153	0.10238	0.31491	0.00505	0.00317	0.00620
1	0.01356	0.03460	0.16533	0.05423	0.35442	0.03602	0.02546	0.01860	0.12035	0.10858	0.01228	0.01366	0.00928	0.00522	0.00503	0.00158	0.00604	0.00461	0.00328	0.00787
2	0.01180	0.44453	0.27626	0.01047	0.01550	0.01553	0.01165	0.01527	0.02948	0.01468	0.10020	0.01291	0.01173	0.00533	0.00419	0.00135	0.00578	0.00394	0.00267	0.00674
3	0.00682	0.00540	0.00626	0.00652	0.00803	0.00483	0.00521	0.00856	0.01211	0.01518	0.14503	0.05018	0.48058	0.01297	0.00634	0.00189	0.00315	0.21156	0.00487	0.00451
4	0.00736	0.00538	0.00764	0.00764	0.00835	0.00609	0.00566	0.00877	0.00807	0.01146	0.01430	0.02322	0.01416	0.21682	0.62282	0.00750	0.01174	0.00595	0.00283	0.00425
5	0.17254	0.01311	0.12446	0.05134	0.01682	0.01148	0.10778	0.17641	0.03547	0.15180	0.07791	0.01490	0.01184	0.00585	0.00493	0.00161	0.00552	0.00486	0.00413	0.00724
6	0.62747	0.01025	0.00917	0.00814	0.01087	0.01223	0.00665	0.01645	0.11751	0.02142	0.00904	0.01024	0.00714	0.00562	0.00523	0.00169	0.10818	0.00343	0.00334	0.00593
7	0.00637	0.00456	0.00606	0.00706	0.00747	0.00425	0.00477	0.00744	0.01038	0.01398	0.11783	0.72425	0.03565	0.01541	0.00649	0.00203	0.00291	0.01396	0.00487	0.00425
8	0.00640	0.00518	0.00568	0.00563	0.00715	0.00446	0.00420	0.00798	0.01237	0.01564	0.24927	0.08306	0.55009	0.01246	0.00608	0.00172	0.00257	0.01059	0.00500	0.00446
9	0.00844	0.00536	0.00745	0.00734	0.00762	0.00573	0.00522	0.00751	0.00794	0.01056	0.01725	0.12333	0.12177	0.01587	0.01595	0.52052	0.09937	0.00667	0.00292	0.00318
10	0.00646	0.00477	0.00609	0.00707	0.00773	0.00440	0.00502	0.00760	0.01040	0.01350	0.03243	0.58815	0.16907	0.01529	0.00653	0.00205	0.00312	0.10131	0.00476	0.00426
11	0.01098	0.01089	0.01523	0.01315	0.01317	0.01514	0.01090	0.01209	0.00796	0.01239	0.00781	0.05146	0.00809	0.00934	0.01632	0.00224	0.76994	0.00499	0.00237	0.00554
12	0.12809	0.01300	0.01389	0.01077	0.01474	0.01416	0.00890	0.56745	0.02080	0.13850	0.01277	0.01253	0.00888	0.00601	0.00488	0.00155	0.00525	0.00446	0.00505	0.00832
13	0.00929	0.00818	0.00879	0.00841	0.00944	0.10895	0.00636	0.01092	0.01002	0.01355	0.12215	0.02224	0.01737	0.11832	0.38195	0.00510	0.06246	0.00586	0.06594	0.00470
14	0.01315	0.01368	0.02702	0.02175	0.13305	0.01324	0.56434	0.11379	0.01360	0.01854	0.01053	0.01348	0.00796	0.00460	0.00580	0.00168	0.00790	0.00566	0.00292	0.00732
15	0.34123	0.47267	0.05194	0.00824	0.01229	0.01653	0.00796	0.01529	0.00978	0.01651	0.00723	0.00838	0.00618	0.00456	0.00331	0.00131	0.00499	0.00280	0.00258	0.00623
16	0.01324	0.13833	0.06823	0.01956	0.02589	0.24013	0.00881	0.03612	0.08214	0.03297	0.15280	0.03092	0.06306	0.02358	0.00567	0.00157	0.02445	0.02276	0.00366	0.00611

[dist]
# distance from previous block
# <min> <max>
0	2

[block]
# block no. 4 follows, 48 sequences, length 25
# corresponding to MSA columns:
# 632-656
name=unknown_E
#
# <colnr> <probs for GDERKNQSTAVLIFYWHMCP>
#	G	D	E	R	K	N	Q	S	T	A	V	L	I	F	Y	W	H	M	C	P
0	0.03790	0.01093	0.07808	0.16272	0.26292	0.01014	0.06471	0.01403	0.04623	0.01610	0.06156	0.02239	0.08001	0.00718	0.00578	0.02135	0.00567	0.08264	0.00320	0.00646
1	0.03533	0.14543	0.44015	0.01219	0.01804	0.03181	0.01401	0.06959	0.01242	0.12553	0.04128	0.01245	0.00917	0.00533	0.00468	0.00152	0.00642	0.00406	0.00314	0.00747
2	0.00969	0.00912	0.01539	0.80734	0.03534	0.01140	0.01425	0.01311	0.01026	0.01311	0.00912	0.01368	0.00684	0.00513	0.00513	0.00171	0.00684	0.00456	0.00228	0.00570
3	0.00649	0.00525	0.00579	0.00582	0.00738	0.00455	0.00444	0.00809	0.01226	0.01537	0.20326	0.06248	0.55929	0.01262	0.00615	0.00176	0.00273	0.06685	0.00495	0.00447
4	0.05202	0.03520	0.10285	0.02575	0.11233	0.07468	0.07126	0.06185	0.05548	0.23236	0.04854	0.04517	0.04677	0.00641	0.00514	0.00159	0.00559	0.00544	0.00419	0.00735
5	0.01682	0.07839	0.05827	0.01014	0.01369	0.01146	0.03064	0.28523	0.01616	0.23541	0.02510	0.04821	0.01237	0.11319	0.01991	0.00210	0.00537	0.00545	0.00468	0.00741
6	0.00624	0.00449	0.00592	0.00707	0.00742	0.00417	0.00473	0.00715	0.00990	0.01313	0.02922	0.78596	0.06370	0.01595	0.00653	0.00207	0.00296	0.01444	0.00476	0.00417
7	0.00947	0.00847	0.01325	0.54286	0.04080	0.01009	0.01173	0.01360	0.08174	0.01506	0.12041	0.06052	0.01557	0.00687	0.00540	0.00173	0.00569	0.02778	0.00323	0.00574
8	0.03443	0.14261	0.23809	0.01704	0.22969	0.01240	0.03076	0.01768	0.03914	0.15309	0.01180	0.03136	0.00904	0.00530	0.00477	0.00152	0.00598	0.00444	0.00322	0.00765
9	0.01126	0.13629	0.60797	0.01353	0.02023	0.01271	0.03246	0.01628	0.01100	0.04785	0.01007	0.01256	0.00766	0.00520	0.00477	0.00158	0.00707	0.03168	0.00245	0.00737
10	0.00827	0.00591	0.00827	0.00945	0.01063	0.00591	0.00827	0.01063	0.01181	0.01536	0.02717	0.05788	0.02953	0.01417	0.00709	0.00236	0.00472	0.75313	0.00472	0.00472
11	0.01172	0.01181	0.03512	0.17191	0.36125	0.03020	0.14179	0.03531	0.01162	0.01590	0.01131	0.06732	0.01003	0.00589	0.00582	0.00168	0.03532	0.02628	0.00276	0.00697
12	0.03339	0.07146	0.14228	0.04080	0.06322	0.04412	0.21232	0.18660	0.03213	0.01960	0.01108	0.03670	0.00876	0.00556	0.00552	0.00160	0.03435	0.00497	0.03835	0.00718
13	0.01830	0.00897	0.01322	0.09755	0.01606	0.00846	0.06941	0.06312	0.01407	0.49746	0.04879	0.09154	0.01482	0.00711	0.00539	0.00166	0.00485	0.00617	0.00536	0.00767
14	0.75439	0.02999	0.00862	0.00748	0.02601	0.01144	0.00599	0.01586	0.00929	0.08129	0.00820	0.00912	0.00618	0.00487	0.00337	0.00157	0.00408	0.00300	0.00338	0.00588
15	0.00669	0.00507	0.00573	0.00596	0.00694	0.00468	0.00416	0.00769	0.01007	0.01277	0.03484	0.16274	0.37482	0.22168	0.06595	0.00308	0.00411	0.03773	0.02125	0.00403
16	0.03140	0.09744	0.33016	0.03413	0.07055	0.06655	0.11027	0.01555	0.01131	0.01585	0.02793	0.01347	0.00881	0.00514	0.00481	0.00148	0.00672	0.03370	0.00260	0.11213
17	0.00963	0.02090	0.57828	0.01288	0.01879	0.01013	0.03744	0.01438	0.01092	0.02820	0.02974	0.12705	0.06543	0.00712	0.00525	0.00170	0.00647	0.00599	0.00286	0.00683
18	0.25289	0.07864	0.02790	0.01009	0.01394	0.01473	0.00855	0.42989	0.07325	0.02700	0.01101	0.01134	0.00813	0.00566	0.00444	0.00153	0.00508	0.00402	0.00430	0.00760
19	0.01135	0.01170	0.08132	0.23496	0.33478	0.01097	0.01337	0.01537	0.06647	0.03402	0.01277	0.02626	0.04578	0.00546	0.00505	0.00156	0.00584	0.00492	0.00290	0.07514
20	0.01204	0.35634	0.35570	0.01139	0.01681	0.01507	0.01292	0.06758	0.01151	0.01537	0.01010	0.07477	0.00890	0.00566	0.00437	0.00144	0.00620	0.00428	0.00259	0.00697
21	0.00736	0.00541	0.00659	0.00633	0.00767	0.00502	0.00476	0.00995	0.04095	0.01895	0.53919	0.06022	0.18427	0.01079	0.00591	0.00164	0.00257	0.02205	0.05553	0.00484
22	0.00657	0.00470	0.00629	0.00711	0.00753	0.00458	0.00485	0.00764	0.00981	0.01330	0.08724	0.58700	0.03116	0.08328	0.11034	0.00307	0.00448	0.01241	0.00444	0.00419
23	0.07603	0.00618	0.00716	0.00704	0.00846	0.00620	0.00522	0.01159	0.11124	0.01855	0.38233	0.21336	0.10516	0.01109	0.00583	0.00175	0.00290	0.00967	0.00511	0.00512
24	0.02024	0.01319	0.01467	0.01124	0.01532	0.01416	0.00929	0.61430	0.02215	0.19139	0.01398	0.01340	0.00956	0.00620	0.00514	0.00155	0.00538	0.00473	0.00539	0.00873

[dist]
# distance from previous block
# <min> <max>
0	1

[block]
# block no. 5 follows, 48 sequences, length 27
# corresponding to MSA columns:
# 658-684
name=unknown_F
#
# <colnr> <probs for GDERKNQSTAVLIFYWHMCP>
#	G	D	E	R	K	N	Q	S	T	A	V	L	I	F	Y	W	H	M	C	P
0	0.00682	0.00521	0.00621	0.00635	0.00758	0.00473	0.00469	0.00866	0.02992	0.01601	0.28274	0.20240	0.32083	0.01284	0.00653	0.02286	0.00279	0.04330	0.00500	0.00452
1	0.00670	0.00497	0.00635	0.00729	0.00810	0.00462	0.00542	0.00803	0.01070	0.01380	0.03300	0.47274	0.19097	0.01497	0.00658	0.00208	0.00332	0.19129	0.00475	0.00434
