[name]
unknown

[dist]
# distance from previous block
# <min> <max>
0	227

[block]
# block no. 0 follows, 46 sequences, length 89
# corresponding to MSA columns:
# 227-315
name=unknown_A
#
# <colnr> <probs for GDERKNQSTAVLIFYWHMCP>
#	G	D	E	R	K	N	Q	S	T	A	V	L	I	F	Y	W	H	M	C	P
0	0.00852	0.00608	0.00852	0.00974	0.01095	0.00608	0.00852	0.01095	0.01217	0.01582	0.02799	0.05963	0.03042	0.01460	0.00730	0.00243	0.00487	0.74565	0.00487	0.00487
1	0.01308	0.01256	0.02146	0.03245	0.78123	0.01256	0.01622	0.01622	0.01204	0.01727	0.00994	0.01308	0.00837	0.00471	0.00523	0.00157	0.00628	0.00471	0.00262	0.00837
2	0.00848	0.00580	0.00636	0.00597	0.00798	0.00491	0.00457	0.01002	0.01271	0.10826	0.12094	0.04578	0.61458	0.01231	0.00613	0.00176	0.00288	0.01029	0.00520	0.00506
3	0.00758	0.00543	0.00743	0.00863	0.00947	0.00528	0.00688	0.00934	0.01129	0.01479	0.02900	0.38168	0.04756	0.01542	0.00704	0.00230	0.00405	0.41733	0.00489	0.00461
4	0.00748	0.00540	0.00707	0.00665	0.00790	0.00499	0.00499	0.00998	0.01496	0.02120	0.77844	0.03949	0.04988	0.01081	0.00624	0.00166	0.00249	0.00956	0.00582	0.00499
5	0.02309	0.00921	0.01233	0.00947	0.01355	0.00809	0.00781	0.04576	0.02998	0.72963	0.02035	0.01770	0.01290	0.00648	0.00528	0.00162	0.00451	0.00526	0.00640	0.03059
6	0.00697	0.00540	0.00636	0.00617	0.00765	0.00479	0.00466	0.00896	0.01361	0.01803	0.44105	0.04502	0.36801	0.01204	0.00627	0.00174	0.00264	0.03048	0.00540	0.00476
7	0.01308	0.01256	0.02146	0.03245	0.78123	0.01256	0.01622	0.01622	0.01204	0.01727	0.00994	0.01308	0.00837	0.00471	0.00523	0.00157	0.00628	0.00471	0.00262	0.00837
8	0.00998	0.00940	0.01586	0.80150	0.03641	0.01175	0.01468	0.01351	0.01057	0.01351	0.00940	0.01409	0.00705	0.00529	0.00529	0.00176	0.00705	0.00470	0.00235	0.00587
9	0.00748	0.00540	0.00707	0.00665	0.00790	0.00499	0.00499	0.00998	0.01496	0.02120	0.77844	0.03949	0.04988	0.01081	0.00624	0.00166	0.00249	0.00956	0.00582	0.00499
10	0.00724	0.00539	0.00673	0.00640	0.00775	0.00488	0.00480	0.00951	0.01439	0.01984	0.63569	0.04173	0.19349	0.01132	0.00624	0.00169	0.00253	0.00988	0.00564	0.00488
11	0.01413	0.81739	0.02770	0.00905	0.01357	0.02092	0.00905	0.01583	0.01074	0.01244	0.00735	0.00848	0.00678	0.00452	0.00339	0.00113	0.00565	0.00283	0.00226	0.00678
12	0.00755	0.00566	0.00850	0.00850	0.00944	0.00661	0.00661	0.00944	0.00850	0.01227	0.01416	0.02077	0.01322	0.03965	0.79326	0.00850	0.01416	0.00566	0.00283	0.00472
13	0.02324	0.01096	0.01260	0.00992	0.01384	0.10283	0.00807	0.02520	0.01511	0.69144	0.01932	0.01697	0.01233	0.00641	0.00525	0.00160	0.00511	0.00508	0.00608	0.00865
14	0.00733	0.00540	0.00686	0.00649	0.00781	0.00492	0.00487	0.00969	0.01461	0.02036	0.69068	0.04087	0.13816	0.01112	0.00624	0.00168	0.00252	0.00975	0.00571	0.00492
15	0.01301	0.01277	0.02264	0.03122	0.69000	0.01266	0.10652	0.01631	0.01209	0.01723	0.01003	0.01323	0.00833	0.00468	0.00536	0.00160	0.00660	0.00490	0.00262	0.00822
16	0.00664	0.00537	0.00590	0.00577	0.00738	0.00463	0.00432	0.00834	0.01297	0.01647	0.28285	0.04727	0.54842	0.01257	0.00624	0.00175	0.00262	0.01065	0.00520	0.00463
17	0.00998	0.00940	0.01586	0.80150	0.03641	0.01175	0.01468	0.01351	0.01057	0.01351	0.00940	0.01409	0.00705	0.00529	0.00529	0.00176	0.00705	0.00470	0.00235	0.00587
18	0.00739	0.00540	0.00693	0.00655	0.00784	0.00495	0.00491	0.00979	0.01474	0.02066	0.72174	0.04038	0.10692	0.01101	0.00624	0.00167	0.00251	0.00969	0.00575	0.00495
19	0.01278	0.01225	0.02091	0.10713	0.70891	0.01248	0.01607	0.01596	0.01190	0.01691	0.00989	0.01318	0.00825	0.00477	0.00524	0.00159	0.00635	0.00471	0.00259	0.00813
20	0.01516	0.01003	0.01193	0.00878	0.01328	0.00848	0.00713	0.11760	0.01381	0.19798	0.01251	0.01283	0.00921	0.00485	0.00443	0.00109	0.00431	0.00386	0.00422	0.53852
21	0.01413	0.81739	0.02770	0.00905	0.01357	0.02092	0.00905	0.01583	0.01074	0.01244	0.00735	0.00848	0.00678	0.00452	0.00339	0.00113	0.00565	0.00283	0.00226	0.00678
22	0.11411	0.01178	0.01892	0.15032	0.57074	0.01235	0.01471	0.01571	0.01144	0.01746	0.00955	0.01270	0.00784	0.00482	0.00500	0.00161	0.00614	0.00448	0.00265	0.00766
23	0.01692	0.01323	0.01408	0.01152	0.01518	0.01491	0.00928	0.42720	0.36643	0.02819	0.01673	0.01591	0.01226	0.00672	0.00533	0.00168	0.00507	0.00532	0.00533	0.00871
24	0.70478	0.01197	0.00889	0.00790	0.01115	0.10620	0.00638	0.01678	0.01006	0.06478	0.00821	0.00923	0.00627	0.00506	0.00357	0.00160	0.00477	0.00306	0.00339	0.00596
25	0.00745	0.00540	0.00702	0.00661	0.00788	0.00497	0.00496	0.00991	0.01488	0.02100	0.75796	0.03981	0.07048	0.01088	0.00624	0.00167	0.00250	0.00961	0.00579	0.00497
26	0.01123	0.20130	0.57875	0.01330	0.02005	0.01382	0.01647	0.01619	0.01126	0.01602	0.04831	0.01201	0.00892	0.00521	0.00472	0.00155	0.00706	0.00396	0.00242	0.00744
27	0.01211	0.01040	0.01100	0.01006	0.01282	0.01178	0.00785	0.02485	0.64600	0.02089	0.02568	0.02527	0.10914	0.00825	0.00557	0.00182	0.00403	0.03944	0.00530	0.00774
28	0.03906	0.11166	0.02091	0.01696	0.13467	0.09489	0.18777	0.16474	0.05354	0.09498	0.01170	0.01303	0.00882	0.00540	0.00535	0.00158	0.01875	0.00479	0.00366	0.00773
29	0.12047	0.02281	0.01416	0.01273	0.01561	0.65520	0.00966	0.06176	0.01481	0.01538	0.00833	0.00959	0.00680	0.00543	0.00461	0.00141	0.00867	0.00341	0.00293	0.00624
30	0.00814	0.00572	0.00739	0.00688	0.00827	0.00536	0.00519	0.01107	0.04200	0.04287	0.72994	0.03817	0.04763	0.01056	0.00618	0.00167	0.00261	0.00931	0.00582	0.00522
31	0.01308	0.01256	0.02146	0.03245	0.78123	0.01256	0.01622	0.01622	0.01204	0.01727	0.00994	0.01308	0.00837	0.00471	0.00523	0.00157	0.00628	0.00471	0.00262	0.00837
32	0.00852	0.00608	0.00852	0.00974	0.01095	0.00608	0.00852	0.01095	0.01217	0.01582	0.02799	0.05963	0.03042	0.01460	0.00730	0.00243	0.00487	0.74565	0.00487	0.00487
33	0.12084	0.01412	0.01480	0.01147	0.01558	0.01564	0.00947	0.65583	0.02271	0.04968	0.01224	0.01232	0.00869	0.00618	0.00504	0.00159	0.00558	0.00454	0.00507	0.00860
34	0.00839	0.00600	0.00834	0.00936	0.01058	0.00595	0.00809	0.01083	0.01251	0.01647	0.11884	0.05719	0.03278	0.01414	0.00717	0.00234	0.00458	0.65653	0.00498	0.00488
35	0.01975	0.02520	0.01498	0.01362	0.01634	0.79299	0.01021	0.02111	0.01498	0.01294	0.00817	0.00953	0.00681	0.00545	0.00477	0.00136	0.00953	0.00340	0.00272	0.00613
36	0.01096	0.00940	0.01096	0.00783	0.01253	0.00705	0.00626	0.01331	0.01096	0.01723	0.00940	0.01096	0.00783	0.00392	0.00392	0.00078	0.00392	0.00313	0.00313	0.84653
37	0.00769	0.00513	0.00577	0.00577	0.00577	0.00513	0.00320	0.00769	0.00769	0.01025	0.01666	0.03460	0.01922	0.81421	0.02691	0.00513	0.00513	0.00769	0.00320	0.00320
38	0.01037	0.10329	0.00768	0.00543	0.00706	0.00686	0.00434	0.01274	0.01104	0.01883	0.01605	0.01835	0.01273	0.00596	0.00366	0.00122	0.00285	0.00467	0.74171	0.00515
39	0.01060	0.02735	0.78682	0.01507	0.02288	0.01228	0.01953	0.01674	0.01116	0.01674	0.00949	0.01116	0.00670	0.00502	0.00502	0.00167	0.00781	0.00391	0.00223	0.00781
40	0.00788	0.00776	0.00652	0.00636	0.00825	0.09993	0.00477	0.00922	0.01240	0.01412	0.04806	0.04587	0.68559	0.01243	0.00607	0.00173	0.00351	0.01022	0.00464	0.00466
41	0.04102	0.00902	0.01217	0.00935	0.01343	0.00786	0.00773	0.02555	0.01500	0.76899	0.02057	0.01780	0.01293	0.00651	0.00527	0.00164	0.00449	0.00527	0.00647	0.00893
42	0.00658	0.00483	0.00618	0.00697	0.00763	0.00443	0.00480	0.00781	0.01117	0.01484	0.15325	0.58202	0.13965	0.01520	0.00660	0.00202	0.00292	0.01362	0.00505	0.00443
43	0.01060	0.02735	0.78682	0.01507	0.02288	0.01228	0.01953	0.01674	0.01116	0.01674	0.00949	0.01116	0.00670	0.00502	0.00502	0.00167	0.00781	0.00391	0.00223	0.00781
44	0.01060	0.02735	0.78682	0.01507	0.02288	0.01228	0.01953	0.01674	0.01116	0.01674	0.00949	0.01116	0.00670	0.00502	0.00502	0.00167	0.00781	0.00391	0.00223	0.00781
45	0.02372	0.00900	0.01227	0.00941	0.01350	0.00777	0.00777	0.02576	0.01513	0.78489	0.02086	0.01799	0.01309	0.00654	0.00532	0.00164	0.00450	0.00532	0.00654	0.00900
46	0.00642	0.00469	0.00604	0.00712	0.00760	0.00431	0.00480	0.00739	0.01035	0.01359	0.03209	0.71876	0.12505	0.01618	0.00669	0.00210	0.00302	0.01456	0.00491	0.00431
47	0.01023	0.00965	0.01631	0.73975	0.09622	0.01181	0.01481	0.01373	0.01069	0.01381	0.00944	0.01401	0.00715	0.00524	0.00528	0.00175	0.00699	0.00470	0.00237	0.00607
48	0.00640	0.00515	0.00566	0.00597	0.00729	0.00446	0.00428	0.00765	0.01156	0.01431	0.08198	0.25494	0.52312	0.03418	0.00690	0.00196	0.00283	0.01204	0.00491	0.00441
49	0.01195	0.01140	0.01941	0.31414	0.50842	0.01226	0.01566	0.01523	0.01150	0.01589	0.00974	0.01345	0.00789	0.00492	0.00525	0.00164	0.00656	0.00471	0.00252	0.00746
50	0.01070	0.02667	0.74780	0.01544	0.02313	0.01233	0.05788	0.01675	0.01123	0.01675	0.00955	0.01132	0.00677	0.00499	0.00509	0.00168	0.00787	0.00403	0.00226	0.00778
51	0.02054	0.01209	0.01482	0.01339	0.10760	0.02815	0.00974	0.32961	0.01869	0.35100	0.01604	0.02924	0.01108	0.00640	0.00531	0.00161	0.00534	0.00515	0.00544	0.00877
52	0.83162	0.01028	0.00810	0.00756	0.02855	0.01188	0.00597	0.01556	0.00907	0.02357	0.00742	0.00869	0.00579	0.00490	0.00332	0.00163	0.00414	0.00291	0.00326	0.00579
53	0.05071	0.00690	0.00846	0.05270	0.02982	0.02467	0.00628	0.01186	0.02378	0.12363	0.02567	0.34820	0.11475	0.10604	0.00874	0.00230	0.02271	0.02295	0.00456	0.00527
54	0.02175	0.00856	0.01164	0.00907	0.01282	0.00743	0.00743	0.02385	0.01511	0.69244	0.11257	0.02060	0.01754	0.00706	0.00543	0.00164	0.00426	0.00583	0.00646	0.00851
55	0.01824	0.01347	0.02882	0.01443	0.12014	0.01427	0.01051	0.44162	0.14588	0.11543	0.01467	0.01450	0.01053	0.00626	0.00529	0.00163	0.00549	0.00500	0.00503	0.00878
56	0.01060	0.02735	0.78682	0.01507	0.02288	0.01228	0.01953	0.01674	0.01116	0.01674	0.00949	0.01116	0.00670	0.00502	0.00502	0.00167	0.00781	0.00391	0.00223	0.00781
57	0.00733	0.00540	0.00686	0.00649	0.00781	0.00492	0.00487	0.00969	0.01461	0.02036	0.69068	0.04087	0.13816	0.01112	0.00624	0.00168	0.00252	0.00975	0.00571	0.00492
58	0.00734	0.00540	0.00688	0.00651	0.00781	0.00493	0.00488	0.00971	0.01464	0.02043	0.69762	0.04076	0.13118	0.01110	0.00624	0.00168	0.00251	0.00974	0.00572	0.00493
59	0.02187	0.00873	0.01174	0.00914	0.01294	0.00764	0.00750	0.03910	0.01524	0.68742	0.08515	0.02046	0.03388	0.00706	0.00541	0.00164	0.00431	0.00580	0.00642	0.00855
60	0.00952	0.00585	0.00772	0.00700	0.00860	0.00534	0.00534	0.01196	0.01499	0.11700	0.68341	0.03679	0.04527	0.01027	0.00612	0.00166	0.00275	0.00903	0.00591	0.00549
61	0.01770	0.01352	0.01442	0.01158	0.01536	0.01515	0.00939	0.51594	0.26149	0.02950	0.01558	0.01506	0.01134	0.00660	0.00529	0.00165	0.00524	0.00515	0.02134	0.00872
62	0.00730	0.00563	0.00682	0.00718	0.00865	0.00515	0.00582	0.00925	0.01264	0.01614	0.18086	0.05188	0.37243	0.01334	0.00662	0.00200	0.00343	0.27511	0.00507	0.00471
63	0.85155	0.01022	0.00777	0.00695	0.01022	0.01186	0.00573	0.01554	0.00900	0.02372	0.00736	0.00859	0.00573	0.00491	0.00327	0.00164	0.00409	0.00286	0.00327	0.00573
64	0.20290	0.00946	0.01012	0.00773	0.01188	0.00821	0.00621	0.02814	0.01078	0.01887	0.01002	0.03933	0.00872	0.00482	0.00395	0.00107	0.00398	0.01674	0.00330	0.59376
65	0.01808	0.01084	0.04025	0.01071	0.04081	0.01005	0.00858	0.16304	0.11021	0.34666	0.07952	0.03223	0.01521	0.00676	0.00528	0.00158	0.00465	0.00554	0.00547	0.08452
66	0.01441	0.01375	0.02709	0.02009	0.04542	0.04092	0.58033	0.01827	0.01283	0.13141	0.01199	0.01454	0.00871	0.00495	0.00633	0.00175	0.03068	0.00591	0.00324	0.00737
67	0.01264	0.00893	0.00801	0.00724	0.00901	0.10208	0.00545	0.12093	0.01323	0.04061	0.01552	0.01922	0.01275	0.10335	0.00689	0.00178	0.00418	0.00506	0.49756	0.00556
68	0.01259	0.00845	0.01204	0.00986	0.01256	0.00821	0.09786	0.05695	0.11418	0.16823	0.37307	0.02867	0.05729	0.00859	0.00590	0.00169	0.00406	0.00767	0.00546	0.00666
69	0.01334	0.63950	0.19863	0.01040	0.01567	0.01897	0.01141	0.01604	0.01084	0.01341	0.00783	0.00908	0.00676	0.00464	0.00376	0.00125	0.00614	0.00307	0.00225	0.00702
70	0.01256	0.01057	0.01116	0.01007	0.01294	0.01197	0.00783	0.02556	0.66215	0.03888	0.02538	0.02346	0.10843	0.00791	0.00548	0.00179	0.00401	0.00659	0.00535	0.00791
71	0.00643	0.00463	0.00611	0.00729	0.00765	0.00430	0.00488	0.00737	0.01019	0.01352	0.03001	0.78362	0.06155	0.01645	0.00673	0.00213	0.00305	0.01489	0.00491	0.00430
72	0.00998	0.00940	0.01586	0.80150	0.03641	0.01175	0.01468	0.01351	0.01057	0.01351	0.00940	0.01409	0.00705	0.00529	0.00529	0.00176	0.00705	0.00470	0.00235	0.00587
73	0.01296	0.01138	0.01247	0.01114	0.01376	0.01352	0.00875	0.02623	0.67924	0.02098	0.01975	0.01874	0.01502	0.00742	0.00683	0.00186	0.10108	0.00581	0.00501	0.00805
74	0.53364	0.01007	0.00970	0.00805	0.01164	0.01077	0.00664	0.06035	0.01189	0.27420	0.01209	0.01190	0.00832	0.00552	0.00405	0.00163	0.00432	0.00377	0.00446	0.00698
75	0.00644	0.00460	0.00613	0.00736	0.00767	0.00429	0.00491	0.00736	0.01012	0.01350	0.02914	0.81076	0.03497	0.01656	0.00675	0.00215	0.00307	0.01503	0.00491	0.00429
76	0.02372	0.00900	0.01227	0.00941	0.01350	0.00777	0.00777	0.02576	0.01513	0.78489	0.02086	0.01799	0.01309	0.00654	0.00532	0.00164	0.00450	0.00532	0.00654	0.00900
77	0.00852	0.00608	0.00852	0.00974	0.01095	0.00608	0.00852	0.01095	0.01217	0.01582	0.02799	0.05963	0.03042	0.01460	0.00730	0.00243	0.00487	0.74565	0.00487	0.00487
78	0.85155	0.01022	0.00777	0.00695	0.01022	0.01186	0.00573	0.01554	0.00900	0.02372	0.00736	0.00859	0.00573	0.00491	0.00327	0.00164	0.00409	0.00286	0.00327	0.00573
79	0.02372	0.00900	0.01227	0.00941	0.01350	0.00777	0.00777	0.02576	0.01513	0.78489	0.02086	0.01799	0.01309	0.00654	0.00532	0.00164	0.00450	0.00532	0.00654	0.00900
80	0.01424	0.76967	0.04685	0.00936	0.01390	0.04734	0.00936	0.01604	0.01090	0.01257	0.00743	0.00859	0.00678	0.00457	0.00348	0.00115	0.00584	0.00287	0.00228	0.00679
81	0.00998	0.00940	0.01586	0.80150	0.03641	0.01175	0.01468	0.01351	0.01057	0.01351	0.00940	0.01409	0.00705	0.00529	0.00529	0.00176	0.00705	0.00470	0.00235	0.00587
82	0.28014	0.00938	0.01088	0.00865	0.01248	0.00904	0.00714	0.02260	0.01323	0.54912	0.01668	0.01508	0.01081	0.00604	0.00468	0.00164	0.00437	0.00456	0.00553	0.00798
83	0.00678	0.00543	0.00612	0.00622	0.00778	0.00476	0.00479	0.00848	0.01260	0.01586	0.19882	0.07674	0.51175	0.01312	0.00639	0.00185	0.00292	0.09989	0.00509	0.00461
84	0.01084	0.01057	0.01478	0.01295	0.01301	0.01450	0.01063	0.01199	0.00835	0.01280	0.00981	0.10856	0.01049	0.01092	0.03608	0.00245	0.68712	0.00591	0.00264	0.00558
85	0.00733	0.00540	0.00686	0.00649	0.00781	0.00492	0.00487	0.00969	0.01461	0.02036	0.69068	0.04087	0.13816	0.01112	0.00624	0.00168	0.00252	0.00975	0.00571	0.00492
86	0.01122	0.14348	0.46813	0.01250	0.01827	0.01264	0.01455	0.06887	0.03287	0.01692	0.01376	0.11282	0.03827	0.00685	0.00506	0.00165	0.00646	0.00551	0.00297	0.00719
87	0.01703	0.01059	0.01275	0.01065	0.01368	0.01159	0.00859	0.08467	0.31552	0.29203	0.03429	0.01794	0.01396	0.00788	0.02285	0.00192	0.10499	0.00554	0.00536	0.00817
88	0.07608	0.13338	0.03581	0.01201	0.05051	0.09016	0.04717	0.17625	0.13067	0.06045	0.01206	0.01262	0.00922	0.00547	0.00467	0.00143	0.00567	0.00423	0.00388	0.12828

[dist]
# distance from previous block
# <min> <max>
0	9

[block]
# block no. 1 follows, 46 sequences, length 60
# corresponding to MSA columns:
# 325-384
name=unknown_B
#
# <colnr> <probs for GDERKNQSTAVLIFYWHMCP>
#	G	D	E	R	K	N	Q	S	T	A	V	L	I	F	Y	W	H	M	C	P
0	0.12089	0.09703	0.16217	0.13200	0.01904	0.01243	0.04303	0.11458	0.02809	0.13847	0.01309	0.01413	0.03540	0.00633	0.01929	0.00172	0.00604	0.00452	0.00366	0.02807
1	0.03275	0.04679	0.02965	0.01054	0.01408	0.11302	0.02207	0.14553	0.17266	0.05122	0.01478	0.04880	0.02636	0.00723	0.02316	0.00162	0.02116	0.01831	0.00411	0.19616
2	0.00667	0.00483	0.00613	0.00697	0.00751	0.00449	0.00472	0.00770	0.01053	0.01393	0.09143	0.57315	0.11665	0.09417	0.00864	0.00237	0.00322	0.02780	0.00481	0.00427
3	0.00836	0.00700	0.00886	0.00876	0.00938	0.03975	0.00653	0.00964	0.00920	0.01262	0.03338	0.21452	0.03505	0.12867	0.32162	0.00502	0.12542	0.00816	0.00341	0.00463
4	0.01171	0.00984	0.01136	0.00818	0.01284	0.00781	0.00657	0.07441	0.01209	0.01854	0.00966	0.01110	0.00792	0.00411	0.00403	0.00085	0.00407	0.00326	0.00331	0.77832
5	0.00644	0.00462	0.00611	0.00731	0.00765	0.00430	0.00489	0.00737	0.01017	0.01351	0.02975	0.79174	0.05359	0.01648	0.00674	0.00214	0.00306	0.01493	0.00491	0.00430
6	0.08594	0.01236	0.01314	0.01077	0.01442	0.02851	0.00869	0.29143	0.29074	0.16224	0.01681	0.01578	0.01199	0.00654	0.00515	0.00167	0.00493	0.00512	0.00533	0.00845
7	0.00716	0.00539	0.00662	0.00631	0.00770	0.00485	0.00474	0.00935	0.01421	0.01940	0.58958	0.04246	0.23987	0.01148	0.00624	0.00169	0.00254	0.00998	0.00558	0.00485
8	0.02355	0.00927	0.01244	0.00954	0.01363	0.00818	0.00788	0.06088	0.01559	0.74912	0.02047	0.01774	0.01289	0.00653	0.00531	0.00163	0.00456	0.00529	0.00648	0.00900
9	0.01308	0.01256	0.02146	0.03245	0.78123	0.01256	0.01622	0.01622	0.01204	0.01727	0.00994	0.01308	0.00837	0.00471	0.00523	0.00157	0.00628	0.00471	0.00262	0.00837
10	0.00648	0.00516	0.00582	0.00608	0.00739	0.00450	0.00440	0.00788	0.01198	0.01511	0.15549	0.24863	0.47478	0.01384	0.00638	0.00186	0.00275	0.01193	0.00504	0.00450
11	0.00649	0.00462	0.00612	0.00730	0.00759	0.00433	0.00484	0.00737	0.01002	0.01336	0.02863	0.77902	0.03432	0.04918	0.00757	0.00227	0.00315	0.01473	0.00484	0.00425
12	0.01219	0.01160	0.01974	0.29130	0.48655	0.01241	0.03953	0.03384	0.01187	0.01639	0.00985	0.01345	0.00793	0.00494	0.00528	0.00164	0.00661	0.00476	0.00259	0.00750
13	0.05670	0.01036	0.01388	0.01296	0.12274	0.00982	0.00920	0.12678	0.01579	0.53903	0.01760	0.01616	0.01154	0.00619	0.00521	0.00162	0.00492	0.00505	0.00567	0.00877
14	0.00662	0.00478	0.00627	0.00714	0.00769	0.00443	0.00488	0.00785	0.01109	0.01494	0.16689	0.63531	0.07177	0.01537	0.00663	0.00204	0.00294	0.01385	0.00507	0.00443
15	0.01288	0.00660	0.00877	0.00754	0.00975	0.00591	0.00590	0.01520	0.01496	0.27600	0.51000	0.03256	0.05323	0.00944	0.00593	0.00166	0.00317	0.00818	0.00604	0.00632
16	0.03018	0.28242	0.33823	0.01184	0.01726	0.01414	0.03866	0.03992	0.01162	0.06014	0.01230	0.08208	0.02763	0.00618	0.00470	0.00154	0.00627	0.00487	0.00292	0.00713
17	0.01074	0.00838	0.01157	0.07384	0.01369	0.03509	0.09065	0.06843	0.01459	0.08147	0.37228	0.04648	0.13257	0.00925	0.00597	0.00169	0.00427	0.00820	0.00496	0.00588
18	0.01060	0.02735	0.78682	0.01507	0.02288	0.01228	0.01953	0.01674	0.01116	0.01674	0.00949	0.01116	0.00670	0.00502	0.00502	0.00167	0.00781	0.00391	0.00223	0.00781
19	0.01447	0.01546	0.02181	0.02635	0.47244	0.16984	0.15136	0.03391	0.01299	0.01669	0.00979	0.01258	0.00801	0.00485	0.00532	0.00157	0.00741	0.00473	0.00271	0.00771
20	0.01096	0.00940	0.01096	0.00783	0.01253	0.00705	0.00626	0.01331	0.01096	0.01723	0.00940	0.01096	0.00783	0.00392	0.00392	0.00078	0.00392	0.00313	0.00313	0.84653
21	0.60042	0.04481	0.03110	0.04982	0.01472	0.04547	0.11434	0.01591	0.00995	0.02116	0.00802	0.00977	0.00623	0.00487	0.00390	0.00163	0.00531	0.00348	0.00305	0.00604
22	0.00652	0.00470	0.00619	0.00735	0.00778	0.00438	0.00501	0.00752	0.01031	0.01364	0.03039	0.73866	0.07428	0.01631	0.00674	0.00214	0.00312	0.04571	0.00491	0.00433
23	0.00657	0.00488	0.00606	0.00685	0.00755	0.00445	0.00472	0.00768	0.01081	0.01408	0.08335	0.53850	0.20152	0.05137	0.00752	0.00217	0.00307	0.02962	0.00489	0.00434
24	0.00656	0.00509	0.00566	0.00603	0.00705	0.00453	0.00414	0.00754	0.01070	0.01333	0.03975	0.27420	0.42303	0.15613	0.01005	0.00248	0.00323	0.01170	0.00461	0.00419
25	0.00647	0.00462	0.00616	0.00734	0.00767	0.00431	0.00491	0.00743	0.01025	0.01369	0.04835	0.79098	0.03535	0.01641	0.00673	0.00213	0.00305	0.01489	0.00493	0.00431
26	0.85155	0.01022	0.00777	0.00695	0.01022	0.01186	0.00573	0.01554	0.00900	0.02372	0.00736	0.00859	0.00573	0.00491	0.00327	0.00164	0.00409	0.00286	0.00327	0.00573
27	0.01308	0.01256	0.02146	0.03245	0.78123	0.01256	0.01622	0.01622	0.01204	0.01727	0.00994	0.01308	0.00837	0.00471	0.00523	0.00157	0.00628	0.00471	0.00262	0.00837
28	0.01248	0.01426	0.03119	0.02228	0.02763	0.01337	0.76203	0.01693	0.01248	0.01693	0.01070	0.01426	0.00802	0.00446	0.00624	0.00178	0.00891	0.00624	0.00267	0.00713
29	0.02372	0.00900	0.01227	0.00941	0.01350	0.00777	0.00777	0.02576	0.01513	0.78489	0.02086	0.01799	0.01309	0.00654	0.00532	0.00164	0.00450	0.00532	0.00654	0.00900
30	0.00625	0.00536	0.00536	0.00536	0.00714	0.00446	0.00402	0.00759	0.01205	0.01428	0.05355	0.05088	0.77909	0.01339	0.00625	0.00179	0.00268	0.01116	0.00491	0.00446
31	0.01413	0.81739	0.02770	0.00905	0.01357	0.02092	0.00905	0.01583	0.01074	0.01244	0.00735	0.00848	0.00678	0.00452	0.00339	0.00113	0.00565	0.00283	0.00226	0.00678
32	0.01486	0.71439	0.02605	0.00964	0.01393	0.12130	0.00920	0.01652	0.01129	0.01250	0.00746	0.00862	0.00679	0.00464	0.00357	0.00116	0.00616	0.00290	0.00232	0.00670
33	0.01413	0.81739	0.02770	0.00905	0.01357	0.02092	0.00905	0.01583	0.01074	0.01244	0.00735	0.00848	0.00678	0.00452	0.00339	0.00113	0.00565	0.00283	0.00226	0.00678
34	0.01240	0.00679	0.00951	0.00789	0.01012	0.00648	0.10294	0.01505	0.01191	0.14085	0.01697	0.01873	0.01276	0.00600	0.00428	0.00137	0.00363	0.00516	0.60133	0.00586
35	0.08749	0.02398	0.01439	0.01308	0.01584	0.72937	0.00985	0.02066	0.01449	0.01382	0.00811	0.00946	0.00672	0.00540	0.00465	0.00138	0.00909	0.00336	0.00277	0.00610
36	0.01248	0.01426	0.03119	0.02228	0.02763	0.01337	0.76203	0.01693	0.01248	0.01693	0.01070	0.01426	0.00802	0.00446	0.00624	0.00178	0.00891	0.00624	0.00267	0.00713
37	0.01315	0.01136	0.01195	0.01076	0.01375	0.01315	0.00837	0.02809	0.77168	0.02211	0.02152	0.01972	0.01614	0.00717	0.00538	0.00179	0.00418	0.00598	0.00538	0.00837
38	0.85155	0.01022	0.00777	0.00695	0.01022	0.01186	0.00573	0.01554	0.00900	0.02372	0.00736	0.00859	0.00573	0.00491	0.00327	0.00164	0.00409	0.00286	0.00327	0.00573
39	0.01248	0.01426	0.03119	0.02228	0.02763	0.01337	0.76203	0.01693	0.01248	0.01693	0.01070	0.01426	0.00802	0.00446	0.00624	0.00178	0.00891	0.00624	0.00267	0.00713
40	0.00852	0.00608	0.00852	0.00974	0.01095	0.00608	0.00852	0.01095	0.01217	0.01582	0.02799	0.05963	0.03042	0.01460	0.00730	0.00243	0.00487	0.74565	0.00487	0.00487
41	0.00711	0.00523	0.00666	0.00665	0.00776	0.00478	0.00485	0.00913	0.01358	0.01872	0.53065	0.20631	0.13425	0.01235	0.00635	0.00178	0.00264	0.01093	0.00551	0.00478
42	0.02372	0.00900	0.01227	0.00941	0.01350	0.00777	0.00777	0.02576	0.01513	0.78489	0.02086	0.01799	0.01309	0.00654	0.00532	0.00164	0.00450	0.00532	0.00654	0.00900
43	0.66732	0.00995	0.00877	0.00750	0.01095	0.01095	0.00618	0.01782	0.01036	0.19311	0.01036	0.01068	0.00736	0.00527	0.00373	0.00164	0.00418	0.00341	0.00400	0.00645
44	0.00644	0.00460	0.00613	0.00736	0.00767	0.00429	0.00491	0.00736	0.01012	0.01350	0.02914	0.81076	0.03497	0.01656	0.00675	0.00215	0.00307	0.01503	0.00491	0.00429
45	0.00644	0.00460	0.00613	0.00736	0.00767	0.00429	0.00491	0.00736	0.01012	0.01350	0.02914	0.81076	0.03497	0.01656	0.00675	0.00215	0.00307	0.01503	0.00491	0.00429
46	0.21085	0.01460	0.01674	0.07986	0.28228	0.18084	0.06115	0.03036	0.01194	0.01764	0.00889	0.01135	0.00724	0.00516	0.00526	0.00160	0.04044	0.00409	0.00281	0.00690
47	0.00896	0.00459	0.00683	0.00693	0.00695	0.00457	0.00462	0.00693	0.00715	0.00953	0.01081	0.08079	0.01128	0.01822	0.01953	0.77745	0.00447	0.00544	0.00251	0.00246
48	0.01096	0.00940	0.01096	0.00783	0.01253	0.00705	0.00626	0.01331	0.01096	0.01723	0.00940	0.01096	0.00783	0.00392	0.00392	0.00078	0.00392	0.00313	0.00313	0.84653
49	0.01248	0.01426	0.03119	0.02228	0.02763	0.01337	0.76203	0.01693	0.01248	0.01693	0.01070	0.01426	0.00802	0.00446	0.00624	0.00178	0.00891	0.00624	0.00267	0.00713
50	0.63258	0.00990	0.00896	0.00760	0.01109	0.01078	0.00627	0.01824	0.01062	0.22506	0.01093	0.01108	0.00767	0.00534	0.00381	0.00164	0.00420	0.00351	0.00414	0.00659
51	0.01315	0.01136	0.01195	0.01076	0.01375	0.01315	0.00837	0.02809	0.77168	0.02211	0.02152	0.01972	0.01614	0.00717	0.00538	0.00179	0.00418	0.00598	0.00538	0.00837
52	0.00768	0.00517	0.00599	0.00599	0.00607	0.00525	0.00348	0.00783	0.00775	0.01042	0.01645	0.03347	0.01873	0.75113	0.08932	0.00540	0.00586	0.00752	0.00317	0.00333
53	0.02362	0.00916	0.01237	0.00948	0.01357	0.00801	0.00783	0.04600	0.01540	0.76429	0.02063	0.01785	0.01297	0.00654	0.00532	0.00163	0.00453	0.00530	0.00651	0.00900
54	0.02010	0.01481	0.01587	0.01216	0.01639	0.01639	0.01005	0.76360	0.02486	0.03332	0.01269	0.01269	0.00899	0.00635	0.00529	0.00159	0.00582	0.00476	0.00529	0.00899
55	0.01303	0.01270	0.02225	0.03162	0.71986	0.01263	0.07696	0.01628	0.01207	0.01724	0.01001	0.01318	0.00835	0.00469	0.00532	0.00159	0.00649	0.00483	0.00262	0.00827
56	0.00738	0.00540	0.00693	0.00655	0.00784	0.00495	0.00491	0.00978	0.01473	0.02064	0.71941	0.04042	0.10927	0.01102	0.00624	0.00167	0.00251	0.00969	0.00575	0.00495
57	0.00893	0.00640	0.00786	0.00736	0.00896	0.00625	0.00556	0.03623	0.09244	0.05220	0.46954	0.10855	0.11832	0.01193	0.03372	0.00197	0.00334	0.00940	0.00550	0.00551
58	0.00659	0.00482	0.00612	0.00706	0.00763	0.00445	0.00484	0.00762	0.01048	0.01372	0.04952	0.60564	0.14658	0.05778	0.00774	0.00225	0.00318	0.04482	0.00484	0.00430
59	0.04325	0.66554	0.12054	0.00982	0.01469	0.01939	0.01026	0.03998	0.01119	0.01404	0.00779	0.00895	0.00681	0.00466	0.00365	0.00123	0.00587	0.00302	0.00239	0.00695

[dist]
# distance from previous block
# <min> <max>
0	2

[block]
# block no. 2 follows, 46 sequences, length 100
# corresponding to MSA columns:
# 387-486
name=unknown_C
#
# <colnr> <probs for GDERKNQSTAVLIFYWHMCP>
#	G	D	E	R	K	N	Q	S	T	A	V	L	I	F	Y	W	H	M	C	P
0	0.11775	0.01308	0.01916	0.02737	0.61033	0.05702	0.01432	0.04746	0.01236	0.01849	0.00964	0.01231	0.00798	0.00484	0.00497	0.00157	0.00617	0.00441	0.00282	0.00794
1	0.01423	0.05064	0.06602	0.04687	0.04085	0.19985	0.42646	0.03260	0.01295	0.01585	0.00973	0.01257	0.00756	0.00497	0.00602	0.00166	0.03649	0.00512	0.00267	0.00689
2	0.01034	0.04002	0.04413	0.01173	0.06982	0.00911	0.10111	0.07314	0.08582	0.02012	0.35989	0.06276	0.05834	0.02246	0.00622	0.00174	0.00441	0.00786	0.00471	0.00624
3	0.01979	0.00813	0.01101	0.00874	0.01214	0.00710	0.00710	0.02194	0.01509	0.59992	0.20435	0.02320	0.02200	0.00758	0.00554	0.00164	0.00401	0.00634	0.00637	0.00803
4	0.01269	0.01075	0.01141	0.01035	0.01316	0.01235	0.00805	0.02638	0.69531	0.02185	0.05293	0.02139	0.01774	0.00744	0.00539	0.00178	0.00406	0.02176	0.03717	0.00802
5	0.00746	0.00540	0.00704	0.00663	0.00788	0.00498	0.00497	0.00993	0.01491	0.02108	0.76579	0.03969	0.06261	0.01085	0.00624	0.00166	0.00250	0.00959	0.00580	0.00498
6	0.01180	0.37828	0.35029	0.01133	0.01685	0.01524	0.01303	0.01549	0.01145	0.01537	0.10391	0.01347	0.01209	0.00552	0.00444	0.00143	0.00619	0.00412	0.00269	0.00700
7	0.00998	0.00940	0.01586	0.80150	0.03641	0.01175	0.01468	0.01351	0.01057	0.01351	0.00940	0.01409	0.00705	0.00529	0.00529	0.00176	0.00705	0.00470	0.00235	0.00587
8	0.01060	0.02735	0.78682	0.01507	0.02288	0.01228	0.01953	0.01674	0.01116	0.01674	0.00949	0.01116	0.00670	0.00502	0.00502	0.00167	0.00781	0.00391	0.00223	0.00781
9	0.00733	0.00540	0.00685	0.00649	0.00780	0.00492	0.00487	0.00968	0.01460	0.02034	0.68853	0.04090	0.14033	0.01113	0.00624	0.00168	0.00252	0.00976	0.00571	0.00492
10	0.01413	0.81739	0.02770	0.00905	0.01357	0.02092	0.00905	0.01583	0.01074	0.01244	0.00735	0.00848	0.00678	0.00452	0.00339	0.00113	0.00565	0.00283	0.00226	0.00678
11	0.77248	0.05282	0.00871	0.00698	0.01023	0.01205	0.00582	0.01542	0.00918	0.02296	0.00777	0.00904	0.00610	0.00494	0.00330	0.00159	0.00411	0.00295	0.03781	0.00575
12	0.85155	0.01022	0.00777	0.00695	0.01022	0.01186	0.00573	0.01554	0.00900	0.02372	0.00736	0.00859	0.00573	0.00491	0.00327	0.00164	0.00409	0.00286	0.00327	0.00573
13	0.00734	0.00585	0.00669	0.00712	0.00835	0.00563	0.00508	0.01043	0.12043	0.01502	0.03694	0.42007	0.30336	0.01405	0.00637	0.00196	0.00309	0.01232	0.00498	0.00494
14	0.01060	0.02735	0.78682	0.01507	0.02288	0.01228	0.01953	0.01674	0.01116	0.01674	0.00949	0.01116	0.00670	0.00502	0.00502	0.00167	0.00781	0.00391	0.00223	0.00781
15	0.01344	0.01150	0.01212	0.01082	0.01386	0.01328	0.00844	0.05864	0.74066	0.02258	0.02115	0.01943	0.01584	0.00714	0.00538	0.00178	0.00425	0.00593	0.00538	0.00839
16	0.00651	0.00480	0.00609	0.00696	0.00760	0.00439	0.00477	0.00765	0.01091	0.01437	0.10523	0.60881	0.16159	0.01548	0.00661	0.00204	0.00295	0.01385	0.00500	0.00439
17	0.01336	0.00872	0.02640	0.05195	0.04372	0.03463	0.03544	0.10747	0.01347	0.11532	0.01595	0.03496	0.01226	0.00624	0.00447	0.00142	0.00415	0.00514	0.45865	0.00630
18	0.00665	0.00480	0.00630	0.00713	0.00769	0.00445	0.00489	0.00792	0.01122	0.01515	0.18753	0.61748	0.06873	0.01522	0.00662	0.00203	0.00293	0.01372	0.00510	0.00445
19	0.02987	0.50549	0.02455	0.01134	0.01576	0.07165	0.09760	0.12497	0.01343	0.04801	0.00913	0.01023	0.00749	0.00493	0.00417	0.00132	0.00625	0.00365	0.00297	0.00717
20	0.00648	0.00463	0.00618	0.00741	0.00774	0.00433	0.00498	0.00744	0.01016	0.01354	0.02911	0.79508	0.03487	0.01652	0.00676	0.00215	0.00310	0.03028	0.00491	0.00431
21	0.01096	0.00940	0.01096	0.00783	0.01253	0.00705	0.00626	0.01331	0.01096	0.01723	0.00940	0.01096	0.00783	0.00392	0.00392	0.00078	0.00392	0.00313	0.00313	0.84653
22	0.02336	0.00892	0.01215	0.00935	0.01337	0.00771	0.00771	0.02542	0.01513	0.76819	0.03742	0.01846	0.01389	0.00664	0.00534	0.00164	0.00445	0.00541	0.00653	0.00891
23	0.00748	0.00540	0.00707	0.00665	0.00790	0.00499	0.00499	0.00998	0.01496	0.02120	0.77844	0.03949	0.04988	0.01081	0.00624	0.00166	0.00249	0.00956	0.00582	0.00499
24	0.00630	0.00534	0.00544	0.00545	0.00718	0.00448	0.00407	0.00767	0.01212	0.01453	0.08051	0.06706	0.73516	0.01336	0.00626	0.00179	0.00268	0.01118	0.00494	0.00448
25	0.01315	0.01136	0.01195	0.01076	0.01375	0.01315	0.00837	0.02809	0.77168	0.02211	0.02152	0.01972	0.01614	0.00717	0.00538	0.00179	0.00418	0.00598	0.00538	0.00837
26	0.01544	0.01095	0.01210	0.01051	0.01375	0.01212	0.00828	0.04241	0.60271	0.17756	0.02121	0.01923	0.01537	0.00703	0.00536	0.00176	0.00428	0.00582	0.00561	0.00851
27	0.01413	0.81739	0.02770	0.00905	0.01357	0.02092	0.00905	0.01583	0.01074	0.01244	0.00735	0.00848	0.00678	0.00452	0.00339	0.00113	0.00565	0.00283	0.00226	0.00678
28	0.00644	0.00460	0.00613	0.00736	0.00767	0.00429	0.00491	0.00736	0.01012	0.01350	0.02914	0.81076	0.03497	0.01656	0.00675	0.00215	0.00307	0.01503	0.00491	0.00429
29	0.00998	0.00940	0.01586	0.80150	0.03641	0.01175	0.01468	0.01351	0.01057	0.01351	0.00940	0.01409	0.00705	0.00529	0.00529	0.00176	0.00705	0.00470	0.00235	0.00587
30	0.00644	0.00460	0.00613	0.00736	0.00767	0.00429	0.00491	0.00736	0.01012	0.01350	0.02914	0.81076	0.03497	0.01656	0.00675	0.00215	0.00307	0.01503	0.00491	0.00429
31	0.01975	0.02520	0.01498	0.01362	0.01634	0.79299	0.01021	0.02111	0.01498	0.01294	0.00817	0.00953	0.00681	0.00545	0.00477	0.00136	0.00953	0.00340	0.00272	0.00613
32	0.01220	0.01627	0.15289	0.02068	0.02633	0.01318	0.61316	0.01733	0.04106	0.01710	0.01091	0.01397	0.00811	0.00465	0.00601	0.00177	0.00856	0.00585	0.00270	0.00729
33	0.01096	0.00940	0.01096	0.00783	0.01253	0.00705	0.00626	0.01331	0.01096	0.01723	0.00940	0.01096	0.00783	0.00392	0.00392	0.00078	0.00392	0.00313	0.00313	0.84653
34	0.00998	0.00940	0.01586	0.80150	0.03641	0.01175	0.01468	0.01351	0.01057	0.01351	0.00940	0.01409	0.00705	0.00529	0.00529	0.00176	0.00705	0.00470	0.00235	0.00587
35	0.00755	0.00566	0.00850	0.00850	0.00944	0.00661	0.00661	0.00944	0.00850	0.01227	0.01416	0.02077	0.01322	0.03965	0.79326	0.00850	0.01416	0.00566	0.00283	0.00472
36	0.02171	0.00855	0.01162	0.00906	0.01280	0.00742	0.00742	0.02381	0.01511	0.69017	0.11482	0.02066	0.01765	0.00707	0.00543	0.00164	0.00425	0.00584	0.00645	0.00850
37	0.01352	0.01169	0.01334	0.01352	0.10908	0.01325	0.00943	0.06625	0.63723	0.02212	0.01961	0.01852	0.01479	0.00682	0.00536	0.00175	0.00453	0.00575	0.00503	0.00840
38	0.00644	0.00460	0.00613	0.00736	0.00767	0.00429	0.00491	0.00736	0.01012	0.01350	0.02914	0.81076	0.03497	0.01656	0.00675	0.00215	0.00307	0.01503	0.00491	0.00429
39	0.01096	0.00940	0.01096	0.00783	0.01253	0.00705	0.00626	0.01331	0.01096	0.01723	0.00940	0.01096	0.00783	0.00392	0.00392	0.00078	0.00392	0.00313	0.00313	0.84653
40	0.01975	0.02520	0.01498	0.01362	0.01634	0.79299	0.01021	0.02111	0.01498	0.01294	0.00817	0.00953	0.00681	0.00545	0.00477	0.00136	0.00953	0.00340	0.00272	0.00613
41	0.00627	0.00526	0.00545	0.00560	0.00721	0.00444	0.00413	0.00756	0.01181	0.01418	0.05053	0.14513	0.68679	0.01378	0.00631	0.00183	0.00273	0.01164	0.00491	0.00444
42	0.00852	0.00608	0.00852	0.00974	0.01095	0.00608	0.00852	0.01095	0.01217	0.01582	0.02799	0.05963	0.03042	0.01460	0.00730	0.00243	0.00487	0.74565	0.00487	0.00487
43	0.01252	0.01176	0.01985	0.02963	0.68569	0.01176	0.01527	0.01557	0.01205	0.01709	0.01218	0.01886	0.01111	0.00594	0.00549	0.00168	0.00611	0.09661	0.00290	0.00794
44	0.02372	0.00900	0.01227	0.00941	0.01350	0.00777	0.00777	0.02576	0.01513	0.78489	0.02086	0.01799	0.01309	0.00654	0.00532	0.00164	0.00450	0.00532	0.00654	0.00900
45	0.01270	0.01217	0.02076	0.12784	0.68885	0.01246	0.01603	0.01589	0.01186	0.01680	0.00988	0.01321	0.00821	0.00478	0.00524	0.00159	0.00638	0.00471	0.00258	0.00806
46	0.01840	0.01427	0.01722	0.01706	0.20108	0.01547	0.01154	0.58313	0.02176	0.02944	0.01203	0.01279	0.00884	0.00595	0.00528	0.00158	0.00593	0.00475	0.00464	0.00884
47	0.01308	0.01256	0.02146	0.03245	0.78123	0.01256	0.01622	0.01622	0.01204	0.01727	0.00994	0.01308	0.00837	0.00471	0.00523	0.00157	0.00628	0.00471	0.00262	0.00837
48	0.01025	0.00811	0.00962	0.00763	0.01090	0.00682	0.00598	0.04119	0.04191	0.03531	0.28027	0.02310	0.05471	0.00698	0.00496	0.00122	0.00346	0.00592	0.00438	0.43727
49	0.00630	0.00526	0.00549	0.00563	0.00722	0.00445	0.00415	0.00761	0.01188	0.01434	0.06742	0.14486	0.66980	0.01372	0.00631	0.00183	0.00272	0.01160	0.00493	0.00445
50	0.01330	0.01467	0.11650	0.02810	0.58309	0.01288	0.05896	0.07576	0.01297	0.01846	0.01015	0.01288	0.00819	0.00486	0.00527	0.00160	0.00658	0.00470	0.00278	0.00828
51	0.01372	0.01403	0.02077	0.06959	0.61642	0.10935	0.04638	0.01672	0.01234	0.01652	0.00973	0.01275	0.00810	0.00482	0.00522	0.00156	0.00683	0.00461	0.00262	0.00791
52	0.00769	0.00552	0.00713	0.00708	0.00789	0.00547	0.00515	0.00936	0.01186	0.01647	0.38347	0.07991	0.03526	0.22667	0.06888	0.00320	0.02220	0.08765	0.00468	0.00446
53	0.01309	0.01107	0.01184	0.01037	0.01359	0.01228	0.00809	0.02621	0.66217	0.03679	0.02000	0.01860	0.01505	0.00676	0.00520	0.00166	0.00416	0.00561	0.00512	0.11234
54	0.00972	0.00799	0.00954	0.00772	0.01104	0.00636	0.00590	0.02444	0.01119	0.01672	0.05618	0.22685	0.01739	0.00772	0.00482	0.00121	0.00364	0.00669	0.00379	0.56109
55	0.04791	0.11862	0.34172	0.01608	0.03478	0.01341	0.24729	0.01686	0.01156	0.05628	0.01036	0.02465	0.00789	0.00513	0.00545	0.00166	0.02559	0.00473	0.00269	0.00735
56	0.01359	0.29944	0.38019	0.01290	0.03328	0.01478	0.04520	0.01754	0.01158	0.11054	0.01021	0.01124	0.00761	0.00501	0.00455	0.00148	0.00667	0.00382	0.00280	0.00758
57	0.00644	0.00460	0.00613	0.00736	0.00767	0.00429	0.00491	0.00736	0.01012	0.01350	0.02914	0.81076	0.03497	0.01656	0.00675	0.00215	0.00307	0.01503	0.00491	0.00429
58	0.08115	0.03760	0.01575	0.01603	0.13879	0.57849	0.01082	0.03406	0.01416	0.01483	0.00847	0.01007	0.00702	0.00529	0.00471	0.00142	0.00845	0.00359	0.00279	0.00653
59	0.00741	0.00540	0.00697	0.00658	0.00785	0.00496	0.00493	0.00984	0.01480	0.02081	0.73733	0.04014	0.09124	0.01095	0.00624	0.00167	0.00250	0.00965	0.00577	0.00496
60	0.01271	0.19147	0.44000	0.01378	0.05075	0.02947	0.01512	0.10892	0.01297	0.01793	0.03854	0.01191	0.00871	0.00537	0.00498	0.00155	0.02141	0.00403	0.00278	0.00759
61	0.00641	0.00524	0.00567	0.00590	0.00737	0.00450	0.00434	0.00776	0.01188	0.01459	0.09228	0.18898	0.58266	0.01384	0.00636	0.00186	0.00279	0.02815	0.00496	0.00447
62	0.04450	0.01184	0.01785	0.19629	0.43016	0.02860	0.01389	0.04805	0.10641	0.01781	0.01209	0.01461	0.02396	0.00540	0.00520	0.00164	0.00608	0.00490	0.00308	0.00763
63	0.01734	0.01344	0.01522	0.04460	0.01638	0.01495	0.00993	0.53109	0.03594	0.02771	0.01162	0.01254	0.00866	0.00638	0.00662	0.00159	0.10467	0.00456	0.00453	0.11224
64	0.01483	0.71913	0.02612	0.00961	0.01391	0.11668	0.00919	0.01648	0.01127	0.01250	0.00745	0.00861	0.00679	0.00464	0.00356	0.00116	0.00613	0.00290	0.00232	0.00670
65	0.00692	0.00504	0.00636	0.00705	0.00775	0.00470	0.00498	0.00815	0.01093	0.01442	0.12395	0.42810	0.14165	0.11261	0.00914	0.00243	0.00339	0.09330	0.00481	0.00433
66	0.01099	0.03957	0.65018	0.01651	0.05210	0.01258	0.11131	0.01673	0.01135	0.01671	0.00962	0.01157	0.00693	0.00493	0.00515	0.00167	0.00785	0.00421	0.00230	0.00773
67	0.00824	0.00740	0.03934	0.00861	0.01083	0.00622	0.09923	0.01078	0.01369	0.03593	0.43250	0.03800	0.24766	0.01043	0.00617	0.00171	0.00359	0.00929	0.00505	0.00530
68	0.00709	0.00511	0.00647	0.00667	0.00766	0.00469	0.00479	0.00891	0.01283	0.01773	0.40996	0.30039	0.12802	0.01286	0.00631	0.00182	0.00271	0.01140	0.03989	0.00469
69	0.01144	0.03928	0.42544	0.06685	0.11853	0.01283	0.20078	0.01642	0.01148	0.01647	0.00973	0.01229	0.00726	0.00494	0.00558	0.00169	0.02444	0.00462	0.00240	0.00753
70	0.00748	0.00540	0.00707	0.00665	0.00790	0.00499	0.00499	0.00998	0.01496	0.02120	0.77844	0.03949	0.04988	0.01081	0.00624	0.00166	0.00249	0.00956	0.00582	0.00499
71	0.01473	0.03936	0.01254	0.02316	0.02964	0.06990	0.00835	0.02411	0.44958	0.14520	0.04923	0.02024	0.04718	0.02192	0.00592	0.00177	0.01843	0.00588	0.00506	0.00778
72	0.01236	0.05508	0.66192	0.01414	0.02136	0.01205	0.01768	0.01783	0.01164	0.11185	0.01082	0.01191	0.00749	0.00519	0.00500	0.00165	0.00732	0.00404	0.00277	0.00792
73	0.01096	0.00940	0.01096	0.00783	0.01253	0.00705	0.00626	0.01331	0.01096	0.01723	0.00940	0.01096	0.00783	0.00392	0.00392	0.00078	0.00392	0.00313	0.00313	0.84653
74	0.01099	0.00950	0.01139	0.00813	0.01284	0.00718	0.02205	0.01339	0.01099	0.01722	0.00942	0.01103	0.00783	0.00393	0.00396	0.00080	0.00402	0.00320	0.00312	0.82899
75	0.01321	0.01425	0.11601	0.02934	0.65557	0.01233	0.01629	0.01668	0.01206	0.04880	0.01034	0.01305	0.00836	0.00482	0.00521	0.00159	0.00640	0.00464	0.00273	0.00833
76	0.00998	0.00940	0.01586	0.80150	0.03641	0.01175	0.01468	0.01351	0.01057	0.01351	0.00940	0.01409	0.00705	0.00529	0.00529	0.00176	0.00705	0.00470	0.00235	0.00587
77	0.01282	0.01217	0.02016	0.02940	0.68589	0.01188	0.01499	0.01586	0.01190	0.01727	0.00988	0.01282	0.00831	0.00461	0.00507	0.00147	0.00599	0.00451	0.00268	0.11233
78	0.05448	0.01013	0.01277	0.00983	0.01391	0.00954	0.00812	0.16368	0.01672	0.61510	0.01881	0.01664	0.01204	0.00644	0.00523	0.00163	0.00473	0.00512	0.00618	0.00887
79	0.85155	0.01022	0.00777	0.00695	0.01022	0.01186	0.00573	0.01554	0.00900	0.02372	0.00736	0.00859	0.00573	0.00491	0.00327	0.00164	0.00409	0.00286	0.00327	0.00573
80	0.00760	0.00574	0.00707	0.00674	0.00814	0.00540	0.00505	0.01064	0.06267	0.01983	0.58292	0.07320	0.16269	0.01123	0.00620	0.00171	0.00266	0.00982	0.00561	0.00509
81	0.00718	0.00570	0.00681	0.00743	0.02397	0.00516	0.00577	0.00896	0.01219	0.01523	0.09002	0.08338	0.45237	0.01356	0.00658	0.00199	0.00344	0.24065	0.00491	0.00469
82	0.00706	0.00511	0.00666	0.00686	0.00779	0.00472	0.00492	0.00894	0.01309	0.01814	0.47864	0.32003	0.07230	0.01300	0.00642	0.00184	0.00271	0.01161	0.00545	0.00472
83	0.05109	0.01389	0.01597	0.01426	0.11079	0.01506	0.01047	0.58386	0.02189	0.09068	0.01280	0.01301	0.00912	0.00610	0.00521	0.00159	0.00570	0.00473	0.00498	0.00879
84	0.01907	0.11421	0.01717	0.01172	0.01593	0.01682	0.00985	0.64058	0.05385	0.03027	0.01239	0.01246	0.00901	0.00615	0.00506	0.00154	0.00573	0.00457	0.00492	0.00869
85	0.00748	0.00540	0.00707	0.00665	0.00790	0.00499	0.00499	0.00998	0.01496	0.02120	0.77844	0.03949	0.04988	0.01081	0.00624	0.00166	0.00249	0.00956	0.00582	0.00499
86	0.01476	0.70239	0.04221	0.00974	0.01411	0.11650	0.00941	0.01650	0.01128	0.01259	0.00750	0.00867	0.00679	0.00465	0.00360	0.00117	0.00618	0.00292	0.00232	0.00672
87	0.01053	0.02683	0.76865	0.01487	0.02253	0.01211	0.01919	0.01658	0.01125	0.01685	0.02741	0.01182	0.00770	0.00516	0.00505	0.00167	0.00769	0.00404	0.00232	0.00775
88	0.00644	0.00460	0.00613	0.00736	0.00767	0.00429	0.00491	0.00736	0.01012	0.01350	0.02914	0.81076	0.03497	0.01656	0.00675	0.00215	0.00307	0.01503	0.00491	0.00429
89	0.00635	0.00514	0.00565	0.00599	0.00732	0.00443	0.00431	0.00761	0.01160	0.01431	0.07394	0.27283	0.53362	0.01422	0.00639	0.00189	0.00278	0.01223	0.00494	0.00443
90	0.01495	0.63953	0.04042	0.00986	0.01423	0.01983	0.00951	0.13926	0.01298	0.01598	0.00826	0.00934	0.00715	0.00501	0.00425	0.00126	0.03503	0.00323	0.00276	0.00713
