[name]
unknown

[dist]
# distance from previous block
# <min> <max>
0	91

[block]
# block no. 0 follows, 41 sequences, length 23
# corresponding to MSA columns:
# 105-127
name=unknown_A
#
# <colnr> <probs for GDERKNQSTAVLIFYWHMCP>
#	G	D	E	R	K	N	Q	S	T	A	V	L	I	F	Y	W	H	M	C	P
0	0.17217	0.10981	0.04511	0.09376	0.01661	0.06902	0.00966	0.07342	0.01398	0.15586	0.07580	0.03492	0.03004	0.00742	0.00576	0.00178	0.03651	0.03681	0.00435	0.00722
1	0.11607	0.12839	0.04559	0.04015	0.01611	0.10811	0.02393	0.14165	0.04413	0.07490	0.05546	0.01488	0.01169	0.02514	0.00659	0.00174	0.06555	0.00474	0.00400	0.07120
2	0.08661	0.04363	0.12040	0.03238	0.02027	0.08907	0.16460	0.14669	0.03005	0.08709	0.01181	0.01350	0.00880	0.00616	0.00678	0.00179	0.08173	0.00497	0.00377	0.03990
3	0.16280	0.10835	0.07335	0.02762	0.01620	0.07518	0.05690	0.13642	0.03695	0.07342	0.07437	0.05061	0.01368	0.00698	0.00567	0.00172	0.03421	0.00540	0.00415	0.03603
4	0.01590	0.13775	0.06588	0.06908	0.04549	0.11472	0.07339	0.06310	0.01458	0.08385	0.05961	0.09398	0.01597	0.03346	0.03685	0.00232	0.02039	0.00660	0.00422	0.04286
5	0.04615	0.04039	0.08927	0.07161	0.01443	0.00840	0.02350	0.01439	0.01414	0.11193	0.30069	0.03386	0.11406	0.01069	0.02421	0.00204	0.00482	0.06392	0.00509	0.00640
6	0.00774	0.00566	0.00722	0.00738	0.00850	0.00523	0.00541	0.00976	0.01403	0.01917	0.42305	0.22811	0.13313	0.04559	0.00786	0.00215	0.00315	0.05607	0.00576	0.00506
7	0.01470	0.52258	0.17758	0.01356	0.06456	0.06016	0.04377	0.01771	0.01213	0.01496	0.00879	0.01040	0.00749	0.00507	0.00436	0.00141	0.00700	0.00361	0.00251	0.00765
8	0.00689	0.00570	0.00604	0.00616	0.00786	0.00485	0.00454	0.00838	0.01304	0.01594	0.10988	0.14187	0.61977	0.01467	0.00682	0.00197	0.00293	0.01243	0.00539	0.00485
9	0.00818	0.00610	0.00904	0.00904	0.01001	0.00707	0.00696	0.01012	0.00915	0.01317	0.01546	0.02323	0.01463	0.08103	0.73863	0.00901	0.01483	0.00624	0.00308	0.00502
10	0.06436	0.01052	0.01191	0.00865	0.01361	0.00846	0.00695	0.05137	0.01249	0.01996	0.01021	0.01179	0.00839	0.00444	0.00427	0.00095	0.00435	0.00346	0.00352	0.74036
11	0.00697	0.00498	0.00664	0.00796	0.00830	0.00465	0.00531	0.00796	0.01095	0.01460	0.03153	0.79525	0.03783	0.01792	0.00730	0.00232	0.00332	0.01626	0.00531	0.00465
12	0.02060	0.01641	0.01603	0.01272	0.01682	0.10489	0.01032	0.57968	0.05264	0.03195	0.01389	0.01418	0.01011	0.00677	0.00553	0.00167	0.00643	0.00504	0.06529	0.00902
13	0.01523	0.01324	0.01502	0.25584	0.02231	0.10492	0.01146	0.21445	0.01602	0.02147	0.01216	0.01499	0.00939	0.00672	0.00687	0.00177	0.09754	0.00497	0.14853	0.00712
14	0.00817	0.00613	0.00919	0.00919	0.01021	0.00715	0.00715	0.01021	0.00919	0.01328	0.01532	0.02247	0.01430	0.04290	0.77631	0.00919	0.01532	0.00613	0.00306	0.00511
15	0.00877	0.00655	0.00946	0.00928	0.01043	0.00757	0.00721	0.04234	0.00994	0.01421	0.01533	0.02251	0.01428	0.06271	0.72139	0.00876	0.01465	0.00615	0.00319	0.00526
16	0.00832	0.00555	0.00624	0.00624	0.00624	0.00555	0.00347	0.00832	0.00832	0.01109	0.01802	0.03743	0.02080	0.79898	0.02911	0.00555	0.00555	0.00832	0.00347	0.00347
17	0.70224	0.01108	0.00925	0.00812	0.01161	0.01271	0.00667	0.07072	0.01117	0.04773	0.00929	0.01075	0.00720	0.00784	0.05233	0.00223	0.00526	0.00352	0.00378	0.00649
18	0.02266	0.01456	0.01626	0.01247	0.01701	0.01557	0.01030	0.57763	0.02445	0.20610	0.01579	0.01507	0.01076	0.00692	0.00573	0.00173	0.00596	0.00529	0.00604	0.00973
19	0.01332	0.01273	0.02170	0.22265	0.58232	0.01337	0.01714	0.01682	0.01263	0.01767	0.01061	0.01443	0.00870	0.00525	0.00568	0.00175	0.00700	0.00509	0.00276	0.00838
20	0.01375	0.44191	0.26499	0.01172	0.01761	0.01743	0.01300	0.01717	0.01188	0.03377	0.01003	0.03713	0.00860	0.00551	0.00446	0.00143	0.00659	0.00397	0.00272	0.07633
21	0.02050	0.01013	0.01282	0.00989	0.01419	0.00900	0.00805	0.06797	0.06435	0.46064	0.06703	0.01907	0.01543	0.00678	0.00549	0.00158	0.00465	0.00554	0.00605	0.19087
22	0.01133	0.00700	0.00932	0.04220	0.04411	0.00638	0.00678	0.01305	0.01281	0.15615	0.08764	0.34142	0.14346	0.03072	0.00705	0.00205	0.00394	0.01122	0.00533	0.05804

[dist]
# distance from previous block
# <min> <max>
4	8

[block]
# block no. 1 follows, 41 sequences, length 59
# corresponding to MSA columns:
# 138-147,183-231
name=unknown_B
#
# <colnr> <probs for GDERKNQSTAVLIFYWHMCP>
#	G	D	E	R	K	N	Q	S	T	A	V	L	I	F	Y	W	H	M	C	P
0	0.01389	0.06344	0.60249	0.01689	0.02435	0.01447	0.06156	0.01920	0.01304	0.05419	0.01208	0.01445	0.00903	0.00662	0.00672	0.00208	0.04845	0.00489	0.00317	0.00899
1	0.01458	0.01237	0.01264	0.01130	0.01439	0.05151	0.00884	0.08114	0.54015	0.03990	0.02307	0.02265	0.05088	0.00968	0.04206	0.00223	0.00536	0.02089	0.02793	0.00844
2	0.01025	0.03519	0.00919	0.00847	0.01007	0.00622	0.02463	0.01169	0.01222	0.12245	0.04630	0.49847	0.12856	0.01457	0.00676	0.00209	0.00376	0.01297	0.00536	0.03079
3	0.02075	0.07471	0.05875	0.01115	0.01530	0.01199	0.00969	0.16139	0.03836	0.40051	0.03325	0.04123	0.01376	0.02105	0.02027	0.00197	0.04554	0.00578	0.00571	0.00884
4	0.01447	0.55915	0.13052	0.01185	0.01661	0.03374	0.03302	0.01697	0.01146	0.01429	0.00834	0.01020	0.00739	0.00563	0.00594	0.00149	0.10551	0.00358	0.00247	0.00736
5	0.01133	0.01052	0.01717	0.71516	0.03729	0.01315	0.01551	0.04364	0.01192	0.01543	0.01017	0.01505	0.00770	0.00598	0.00638	0.00193	0.04742	0.00508	0.00267	0.00648
6	0.01130	0.00695	0.00865	0.03861	0.01094	0.00642	0.00622	0.01400	0.04914	0.16145	0.25360	0.12087	0.26565	0.01195	0.00654	0.00190	0.00352	0.01026	0.00586	0.00617
7	0.01107	0.02769	0.07577	0.01508	0.02920	0.02297	0.26267	0.05565	0.01313	0.01761	0.03620	0.31387	0.05547	0.01069	0.00695	0.00204	0.02311	0.01022	0.00410	0.00650
8	0.01079	0.00989	0.01647	0.74015	0.03750	0.01228	0.01520	0.01454	0.01147	0.01500	0.01066	0.01560	0.00803	0.00577	0.00562	0.00187	0.00734	0.00510	0.05041	0.00629
9	0.00790	0.00566	0.00754	0.00870	0.00946	0.00545	0.00660	0.00946	0.01171	0.01535	0.03148	0.43028	0.07172	0.07065	0.00900	0.00264	0.00418	0.28223	0.00517	0.00481
10	0.01410	0.01377	0.02283	0.07890	0.63571	0.03287	0.05398	0.01801	0.03992	0.01849	0.01117	0.01445	0.00922	0.00524	0.00571	0.00173	0.00700	0.00519	0.00293	0.00877
11	0.01925	0.01230	0.01392	0.01127	0.01493	0.01300	0.00902	0.37057	0.10789	0.19563	0.01978	0.09438	0.03110	0.05097	0.00718	0.00203	0.00536	0.00685	0.00587	0.00871
12	0.02045	0.04091	0.01663	0.05909	0.01882	0.65666	0.01133	0.06221	0.01626	0.01525	0.00914	0.01082	0.00752	0.00601	0.00551	0.00153	0.02816	0.00386	0.00306	0.00679
13	0.00820	0.00603	0.00868	0.00868	0.00953	0.00687	0.00651	0.00989	0.00904	0.01290	0.01579	0.02506	0.01542	0.17376	0.64699	0.00856	0.01363	0.00651	0.00313	0.00482
14	0.02114	0.13255	0.07388	0.01132	0.01581	0.07482	0.02657	0.04073	0.01524	0.44880	0.01837	0.03417	0.01317	0.00710	0.00552	0.00172	0.00591	0.03911	0.00543	0.00866
15	0.02153	0.00993	0.01308	0.06502	0.01594	0.00943	0.00880	0.04746	0.10643	0.53585	0.06518	0.02160	0.03798	0.00754	0.00584	0.00181	0.00488	0.00622	0.00647	0.00902
16	0.01195	0.01126	0.01519	0.13224	0.01760	0.04444	0.01147	0.03224	0.01020	0.01482	0.01019	0.01519	0.00922	0.01487	0.15218	0.00349	0.43155	0.00519	0.05059	0.00611
17	0.83938	0.01106	0.00841	0.00752	0.01106	0.01283	0.00619	0.01681	0.00973	0.02566	0.00796	0.00929	0.00619	0.00531	0.00354	0.00177	0.00442	0.00310	0.00354	0.00619
18	0.00750	0.00552	0.00699	0.00798	0.00876	0.00517	0.00565	0.02585	0.01187	0.01548	0.03518	0.59089	0.15152	0.01691	0.00723	0.00228	0.00350	0.08154	0.00532	0.00485
19	0.01080	0.01017	0.01716	0.78523	0.03940	0.01271	0.01589	0.01461	0.01144	0.01461	0.01017	0.01525	0.00762	0.00572	0.00572	0.00191	0.00762	0.00508	0.00254	0.00635
20	0.01460	0.01334	0.01299	0.01172	0.01489	0.07747	0.00908	0.02910	0.66937	0.02285	0.02311	0.02143	0.03889	0.00781	0.00579	0.00190	0.00496	0.00640	0.00557	0.00873
21	0.01255	0.00730	0.00757	0.00687	0.00879	0.00766	0.00534	0.13654	0.03104	0.02369	0.01786	0.02007	0.01389	0.00750	0.02090	0.00158	0.00359	0.00534	0.65577	0.00615
22	0.00810	0.00585	0.00765	0.00720	0.00855	0.00540	0.00540	0.01079	0.01619	0.02294	0.76028	0.04273	0.05397	0.01169	0.00675	0.00180	0.00270	0.01034	0.00630	0.00540
23	0.01296	0.02133	0.41333	0.01642	0.02224	0.01335	0.13937	0.01774	0.01217	0.07989	0.02950	0.03786	0.01015	0.00677	0.00804	0.00196	0.14054	0.00542	0.00308	0.00787
24	0.20434	0.01003	0.01221	0.00959	0.01382	0.00938	0.00792	0.02545	0.01491	0.60442	0.01936	0.01723	0.01241	0.00669	0.00527	0.00177	0.00477	0.00517	0.00630	0.00896
25	0.00801	0.00584	0.00752	0.00710	0.00849	0.00536	0.00533	0.01062	0.01598	0.02243	0.71267	0.04356	0.10190	0.01188	0.00675	0.00181	0.00271	0.01046	0.00623	0.00536
26	0.00704	0.00543	0.00647	0.00725	0.00831	0.00485	0.00518	0.00833	0.01196	0.01513	0.04232	0.43991	0.33539	0.01636	0.00712	0.00218	0.00328	0.06342	0.00531	0.00476
27	0.00708	0.00507	0.00674	0.00789	0.00832	0.00472	0.00532	0.00825	0.01148	0.01544	0.10477	0.71962	0.03945	0.01729	0.00724	0.00227	0.00326	0.01567	0.00541	0.00472
28	0.00810	0.00585	0.00765	0.00720	0.00855	0.00540	0.00540	0.01079	0.01619	0.02294	0.76028	0.04273	0.05397	0.01169	0.00675	0.00180	0.00270	0.01034	0.00630	0.00540
29	0.01177	0.07059	0.69487	0.01632	0.02445	0.01384	0.05446	0.01807	0.01212	0.01787	0.01020	0.01208	0.00732	0.00538	0.00540	0.00179	0.00838	0.00428	0.00244	0.00836
30	0.00727	0.00620	0.04263	0.00846	0.00922	0.00513	0.00621	0.00860	0.01109	0.01487	0.03048	0.72870	0.03619	0.01725	0.00724	0.00231	0.00364	0.04449	0.00517	0.00485
31	0.00975	0.00682	0.00790	0.03880	0.00901	0.00708	0.00494	0.08819	0.01069	0.01425	0.01844	0.10128	0.02058	0.61163	0.02369	0.00470	0.00551	0.00855	0.00384	0.00437
32	0.06867	0.11081	0.02324	0.07009	0.54789	0.01465	0.04946	0.01733	0.01257	0.01827	0.01023	0.01334	0.00856	0.00511	0.00533	0.00167	0.00673	0.00479	0.00282	0.00845
33	0.01257	0.01244	0.01725	0.03490	0.01564	0.01720	0.01240	0.01475	0.05185	0.01438	0.00849	0.01310	0.00809	0.00977	0.01768	0.00245	0.72284	0.00509	0.00270	0.00642
34	0.01186	0.01017	0.01186	0.00847	0.01356	0.00762	0.00678	0.01440	0.01186	0.01864	0.01017	0.01186	0.00847	0.00424	0.00424	0.00085	0.00424	0.00339	0.00339	0.83395
35	0.01257	0.01268	0.01846	0.01554	0.01588	0.01734	0.05471	0.01403	0.00903	0.01403	0.00774	0.01268	0.00758	0.00971	0.01808	0.00247	0.74349	0.00511	0.00253	0.00634
36	0.00775	0.00543	0.00711	0.00763	0.00849	0.00501	0.00536	0.00942	0.01310	0.03271	0.30279	0.46727	0.07605	0.01524	0.00704	0.00210	0.00310	0.01367	0.00571	0.00503
37	0.00697	0.00498	0.00664	0.00796	0.00830	0.00465	0.00531	0.00796	0.01095	0.01460	0.03153	0.79525	0.03783	0.01792	0.00730	0.00232	0.00332	0.01626	0.00531	0.00465
38	0.00711	0.00509	0.00677	0.00787	0.00833	0.00474	0.00532	0.00833	0.01162	0.01567	0.12458	0.69916	0.03989	0.01712	0.00723	0.00226	0.00324	0.01551	0.00544	0.00474
39	0.00715	0.00501	0.00657	0.00782	0.00818	0.00469	0.00521	0.00819	0.01093	0.01479	0.03069	0.74605	0.03649	0.03576	0.00768	0.00236	0.00334	0.01563	0.03881	0.00465
40	0.01350	0.01543	0.03375	0.02411	0.02989	0.01446	0.74253	0.01832	0.01350	0.01832	0.01157	0.01543	0.00868	0.00482	0.00675	0.00193	0.00964	0.00675	0.00289	0.00771
41	0.00882	0.00621	0.00798	0.00753	0.00899	0.00589	0.00566	0.03279	0.01538	0.04088	0.56556	0.08406	0.09432	0.02696	0.06110	0.00241	0.00384	0.01020	0.00590	0.00551
42	0.01161	0.01115	0.01938	0.59510	0.17422	0.01299	0.06373	0.01541	0.01187	0.01562	0.01037	0.01506	0.00796	0.00554	0.00578	0.00187	0.00760	0.00519	0.00262	0.00695
43	0.02089	0.02647	0.01628	0.01475	0.01754	0.73512	0.01113	0.02235	0.01581	0.01399	0.00877	0.01043	0.00738	0.00612	0.00589	0.00153	0.05227	0.00376	0.00292	0.00661
44	0.02014	0.01466	0.01592	0.04310	0.01743	0.01623	0.01035	0.63799	0.02470	0.03364	0.01411	0.01459	0.01016	0.00680	0.00554	0.00168	0.00596	0.00517	0.09269	0.00913
45	0.01044	0.00802	0.00873	0.00816	0.01002	0.00815	0.00609	0.11627	0.10339	0.01840	0.03373	0.06272	0.28322	0.21792	0.01246	0.00292	0.00450	0.07419	0.00495	0.00572
46	0.00824	0.00567	0.00699	0.00703	0.00729	0.00592	0.00444	0.00878	0.00861	0.01174	0.01774	0.05573	0.01967	0.58775	0.21479	0.00636	0.00792	0.00800	0.00342	0.00391
47	0.01345	0.01287	0.02000	0.02818	0.54621	0.04280	0.03189	0.01759	0.07477	0.01866	0.04260	0.09728	0.01441	0.00694	0.00589	0.00178	0.00629	0.00656	0.00348	0.00833
48	0.00697	0.00498	0.00664	0.00796	0.00830	0.00465	0.00531	0.00796	0.01095	0.01460	0.03153	0.79525	0.03783	0.01792	0.00730	0.00232	0.00332	0.01626	0.00531	0.00465
49	0.01186	0.01017	0.01186	0.00847	0.01356	0.00762	0.00678	0.01440	0.01186	0.01864	0.01017	0.01186	0.00847	0.00424	0.00424	0.00085	0.00424	0.00339	0.00339	0.83395
50	0.83938	0.01106	0.00841	0.00752	0.01106	0.01283	0.00619	0.01681	0.00973	0.02566	0.00796	0.00929	0.00619	0.00531	0.00354	0.00177	0.00442	0.00310	0.00354	0.00619
51	0.83938	0.01106	0.00841	0.00752	0.01106	0.01283	0.00619	0.01681	0.00973	0.02566	0.00796	0.00929	0.00619	0.00531	0.00354	0.00177	0.00442	0.00310	0.00354	0.00619
52	0.01080	0.01017	0.01716	0.78523	0.03940	0.01271	0.01589	0.01461	0.01144	0.01461	0.01017	0.01525	0.00762	0.00572	0.00572	0.00191	0.00762	0.00508	0.00254	0.00635
53	0.00704	0.00508	0.00668	0.00781	0.00829	0.00471	0.00527	0.00819	0.01143	0.01526	0.08719	0.70711	0.07014	0.01731	0.00724	0.00227	0.00325	0.01564	0.00538	0.00471
54	0.01112	0.01034	0.01716	0.76278	0.03877	0.01285	0.01574	0.03583	0.01189	0.01524	0.01027	0.01521	0.00769	0.00575	0.00572	0.00190	0.00759	0.00509	0.00263	0.00645
55	0.01241	0.01127	0.04235	0.00905	0.01424	0.00843	0.00758	0.05622	0.01273	0.01961	0.01037	0.01198	0.00849	0.00443	0.00437	0.00094	0.00452	0.00352	0.00348	0.75399
56	0.72033	0.03511	0.00996	0.04458	0.01282	0.03101	0.00706	0.01703	0.01014	0.04007	0.00839	0.00988	0.00652	0.00548	0.00408	0.00177	0.02264	0.00330	0.00350	0.00632
57	0.01147	0.02959	0.76934	0.01630	0.02476	0.01328	0.02113	0.01811	0.01208	0.01811	0.01026	0.01208	0.00725	0.00543	0.00543	0.00181	0.00845	0.00423	0.00242	0.00845
58	0.01983	0.01643	0.06096	0.01449	0.01932	0.01677	0.09697	0.59997	0.02409	0.03243	0.01374	0.03359	0.01018	0.00683	0.00587	0.00176	0.00673	0.00557	0.00520	0.00929

[dist]
# distance from previous block
# <min> <max>
0	30

[block]
# block no. 2 follows, 41 sequences, length 18
# corresponding to MSA columns:
# 262-279
name=unknown_C
#
# <colnr> <probs for GDERKNQSTAVLIFYWHMCP>
#	G	D	E	R	K	N	Q	S	T	A	V	L	I	F	Y	W	H	M	C	P
0	0.01411	0.56416	0.25792	0.01180	0.01779	0.01975	0.01329	0.01743	0.01176	0.01489	0.00867	0.01007	0.00731	0.00506	0.00421	0.00140	0.00684	0.00342	0.00244	0.00768
1	0.00772	0.00631	0.00717	0.03500	0.00954	0.00580	0.00536	0.01042	0.05528	0.01803	0.25619	0.07182	0.46463	0.01309	0.00668	0.00191	0.00312	0.01114	0.00552	0.00528
2	0.04184	0.30759	0.28438	0.01470	0.02082	0.03299	0.15062	0.01758	0.01211	0.01652	0.00967	0.01174	0.00770	0.00595	0.02251	0.00176	0.00778	0.00425	0.00260	0.02686
3	0.70421	0.01013	0.00791	0.00716	0.01034	0.01161	0.00584	0.01625	0.01010	0.02496	0.00971	0.01125	0.00758	0.00553	0.00361	0.00170	0.00414	0.00346	0.13846	0.00605
4	0.00702	0.00502	0.00668	0.00793	0.00831	0.00468	0.00531	0.00809	0.01118	0.01496	0.06278	0.76298	0.03852	0.01765	0.00728	0.00230	0.00329	0.01601	0.00535	0.00468
5	0.01367	0.01322	0.02143	0.18636	0.56941	0.03399	0.01674	0.01755	0.03898	0.01792	0.01103	0.01453	0.00902	0.00534	0.00567	0.00174	0.00698	0.00510	0.00288	0.00844
6	0.01080	0.01017	0.01716	0.78523	0.03940	0.01271	0.01589	0.01461	0.01144	0.01461	0.01017	0.01525	0.00762	0.00572	0.00572	0.00191	0.00762	0.00508	0.00254	0.00635
7	0.01416	0.01359	0.02322	0.03511	0.76330	0.01359	0.01755	0.01755	0.01302	0.01869	0.01076	0.01416	0.00906	0.00510	0.00566	0.00170	0.00680	0.00510	0.00283	0.00906
8	0.00697	0.00498	0.00664	0.00796	0.00830	0.00465	0.00531	0.00796	0.01095	0.01460	0.03153	0.79525	0.03783	0.01792	0.00730	0.00232	0.00332	0.01626	0.00531	0.00465
9	0.06772	0.01435	0.01546	0.01221	0.01641	0.01574	0.00998	0.53107	0.10480	0.10104	0.01591	0.04245	0.01178	0.00729	0.00567	0.00177	0.00575	0.00563	0.00572	0.00927
10	0.01689	0.01455	0.01752	0.29058	0.09451	0.07952	0.01324	0.33497	0.04031	0.02458	0.01205	0.01425	0.00894	0.00624	0.00567	0.00177	0.00710	0.00504	0.00409	0.00818
11	0.01425	0.01387	0.02235	0.03325	0.70125	0.04515	0.01694	0.01754	0.01316	0.01843	0.01148	0.01607	0.00997	0.00557	0.00573	0.00173	0.00688	0.03463	0.00294	0.00880
12	0.00697	0.00498	0.00664	0.00796	0.00830	0.00465	0.00531	0.00796	0.01095	0.01460	0.03153	0.79525	0.03783	0.01792	0.00730	0.00232	0.00332	0.01626	0.00531	0.00465
13	0.02056	0.01448	0.01558	0.01210	0.01628	0.01587	0.00994	0.62742	0.02467	0.06338	0.01468	0.01488	0.01050	0.00685	0.00551	0.00167	0.00580	0.00520	0.10543	0.00920
14	0.01380	0.00787	0.00961	0.00872	0.01095	0.03299	0.00677	0.03217	0.01507	0.23580	0.27248	0.13782	0.08483	0.03423	0.00720	0.00204	0.00407	0.07098	0.00602	0.00658
15	0.04729	0.12274	0.06477	0.04475	0.01717	0.27597	0.01077	0.11276	0.04265	0.10184	0.03434	0.05180	0.01160	0.00691	0.00567	0.00165	0.03082	0.00504	0.00397	0.00750
16	0.13366	0.16233	0.43103	0.01358	0.02025	0.01472	0.04054	0.03968	0.01225	0.03755	0.00997	0.01149	0.00745	0.00534	0.00486	0.00166	0.00718	0.00397	0.00285	0.03963
17	0.03378	0.40566	0.08009	0.04212	0.01664	0.13904	0.01085	0.04594	0.01318	0.07747	0.01020	0.01150	0.00829	0.00571	0.00511	0.00148	0.04459	0.00382	0.03712	0.00740

[dist]
# distance from previous block
# <min> <max>
0	11

[block]
# block no. 3 follows, 41 sequences, length 33
# corresponding to MSA columns:
# 291-323
name=unknown_D
#
# <colnr> <probs for GDERKNQSTAVLIFYWHMCP>
#	G	D	E	R	K	N	Q	S	T	A	V	L	I	F	Y	W	H	M	C	P
0	0.01433	0.25103	0.01795	0.02907	0.01475	0.04588	0.00895	0.11658	0.14174	0.01953	0.03395	0.01803	0.07966	0.00825	0.03500	0.00181	0.02715	0.00521	0.00401	0.12712
1	0.12553	0.23772	0.20190	0.04520	0.01881	0.05149	0.05161	0.07019	0.01312	0.06677	0.01027	0.01172	0.00791	0.00555	0.00512	0.00161	0.02813	0.00405	0.00321	0.04009
2	0.01003	0.00525	0.00768	0.00765	0.00779	0.00530	0.00517	0.02491	0.00812	0.01086	0.01124	0.05708	0.01144	0.01994	0.03682	0.75448	0.00513	0.00557	0.00272	0.00282
3	0.01299	0.02473	0.50187	0.01822	0.02554	0.04434	0.22445	0.01874	0.01281	0.04646	0.01104	0.01323	0.00792	0.00534	0.00581	0.00183	0.00873	0.00498	0.00275	0.00822
4	0.00776	0.00583	0.00718	0.00685	0.00834	0.00526	0.00513	0.01015	0.01540	0.02107	0.58478	0.04581	0.23064	0.01239	0.00675	0.00183	0.00275	0.01078	0.00605	0.00526
5	0.73860	0.07253	0.01042	0.00803	0.01164	0.04862	0.00669	0.01711	0.01018	0.02419	0.00800	0.00933	0.00634	0.00530	0.00362	0.00171	0.00482	0.00312	0.00343	0.00630
6	0.01171	0.07685	0.72413	0.01590	0.02414	0.01386	0.02044	0.01805	0.01205	0.01783	0.01012	0.01190	0.00725	0.00540	0.00533	0.00178	0.00831	0.00416	0.00242	0.00839
7	0.01048	0.00533	0.00540	0.00544	0.00670	0.00532	0.00402	0.01302	0.01186	0.02082	0.01904	0.04551	0.01555	0.02987	0.00482	0.00148	0.00277	0.00575	0.78157	0.00526
8	0.00698	0.00530	0.00644	0.00721	0.00813	0.00476	0.00500	0.00825	0.01200	0.01547	0.09228	0.50179	0.27302	0.01636	0.00709	0.00216	0.00314	0.01448	0.00538	0.00476
9	0.79652	0.05223	0.00953	0.00764	0.01125	0.01334	0.00638	0.01683	0.00983	0.02503	0.00796	0.00929	0.00625	0.00529	0.00355	0.00174	0.00451	0.00310	0.00348	0.00625
10	0.00932	0.00696	0.00956	0.03619	0.02765	0.00702	0.00895	0.01249	0.04336	0.01777	0.09725	0.05753	0.07859	0.01447	0.00752	0.00244	0.00496	0.54723	0.00525	0.00552
11	0.00996	0.00498	0.00737	0.00737	0.00742	0.00498	0.00493	0.00768	0.00763	0.01037	0.01027	0.01754	0.01012	0.01936	0.02165	0.80156	0.00488	0.00498	0.03435	0.00259
12	0.00994	0.00497	0.00745	0.00745	0.00745	0.00497	0.00497	0.00745	0.00745	0.00994	0.00994	0.01739	0.00994	0.01987	0.02235	0.83358	0.00497	0.00497	0.00248	0.00248
13	0.01109	0.01046	0.01768	0.72017	0.10219	0.01278	0.01603	0.01487	0.01157	0.01497	0.01022	0.01515	0.00775	0.00566	0.00571	0.00189	0.00755	0.00508	0.00257	0.00659
14	0.01469	0.01191	0.01367	0.01026	0.01472	0.01121	0.00833	0.22935	0.01622	0.02358	0.03593	0.01348	0.01029	0.00566	0.00576	0.00125	0.05874	0.00425	0.00411	0.50658
15	0.06021	0.52566	0.16403	0.01145	0.01670	0.10842	0.01184	0.01796	0.01214	0.01505	0.00848	0.00985	0.00726	0.00513	0.00416	0.00139	0.00695	0.00335	0.00256	0.00740
16	0.00831	0.00557	0.00635	0.00635	0.00639	0.00561	0.00361	0.00839	0.00835	0.01117	0.01792	0.03686	0.02055	0.77026	0.05750	0.00568	0.00592	0.00823	0.00345	0.00353
17	0.01202	0.12878	0.65761	0.01588	0.03978	0.01449	0.01959	0.01797	0.01204	0.01753	0.00998	0.01175	0.00730	0.00536	0.00521	0.00173	0.00812	0.00410	0.00243	0.00832
18	0.01684	0.01216	0.01335	0.01152	0.01507	0.01352	0.00910	0.09080	0.56402	0.15319	0.02234	0.02037	0.01623	0.00757	0.00580	0.00189	0.00474	0.00623	0.00603	0.00923
19	0.04104	0.00647	0.00802	0.02935	0.01022	0.00620	0.00605	0.04816	0.01238	0.05622	0.04610	0.54589	0.10184	0.01499	0.00677	0.00213	0.00370	0.01331	0.00523	0.03594
20	0.00917	0.00733	0.00905	0.03209	0.01149	0.00641	0.00662	0.01140	0.02775	0.01669	0.04376	0.25981	0.12087	0.03101	0.00679	0.00190	0.00406	0.12214	0.00460	0.26705
21	0.00862	0.00605	0.00803	0.00798	0.00865	0.00673	0.00575	0.01000	0.00926	0.01353	0.01682	0.05246	0.01697	0.28115	0.39530	0.00666	0.03890	0.00704	0.09548	0.00463
22	0.01162	0.01001	0.01219	0.07930	0.01576	0.00800	0.00757	0.01423	0.01180	0.01815	0.01080	0.03528	0.00926	0.00477	0.00446	0.00099	0.00452	0.00392	0.00337	0.73400
23	0.00885	0.07862	0.01041	0.00855	0.00972	0.00817	0.00655	0.01046	0.00943	0.01311	0.03720	0.02506	0.01623	0.20061	0.52296	0.00747	0.01201	0.00644	0.00319	0.00497
24	0.00782	0.00567	0.00735	0.00830	0.00909	0.00534	0.00588	0.00954	0.03263	0.01546	0.02942	0.60958	0.03420	0.03439	0.00759	0.00232	0.00367	0.09896	0.02570	0.04709
25	0.01243	0.01038	0.01203	0.00884	0.01363	0.00832	0.00704	0.07529	0.01307	0.01989	0.01159	0.05331	0.01012	0.00518	0.00452	0.00100	0.00436	0.00421	0.00369	0.72109
26	0.01354	0.01123	0.01275	0.00946	0.01430	0.00973	0.00759	0.12419	0.08160	0.02170	0.01189	0.01300	0.00948	0.00495	0.00460	0.00108	0.00457	0.00393	0.00396	0.63646
27	0.02009	0.08009	0.01743	0.01487	0.04648	0.55972	0.01113	0.09269	0.05494	0.01680	0.01005	0.01135	0.00819	0.00609	0.00550	0.00154	0.02853	0.00401	0.00332	0.00720
28	0.04387	0.00740	0.00854	0.00791	0.00988	0.00730	0.00597	0.03152	0.11927	0.07249	0.33003	0.08711	0.17883	0.05515	0.00767	0.00208	0.00350	0.00967	0.00574	0.00608
29	0.01341	0.01320	0.02065	0.28389	0.45963	0.05697	0.01650	0.01678	0.01257	0.01693	0.01037	0.01426	0.00844	0.00548	0.00599	0.00178	0.02748	0.00501	0.00273	0.00795
30	0.05414	0.01321	0.01739	0.19537	0.16118	0.08252	0.03797	0.09506	0.02468	0.13493	0.01271	0.01563	0.00973	0.00683	0.00724	0.01979	0.08135	0.01871	0.00382	0.00773
31	0.01249	0.01015	0.01193	0.00855	0.01360	0.00766	0.00685	0.01502	0.01207	0.05300	0.01074	0.01221	0.00873	0.00437	0.00431	0.00089	0.00427	0.00350	0.00356	0.79611
32	0.01416	0.01359	0.02322	0.03511	0.76330	0.01359	0.01755	0.01755	0.01302	0.01869	0.01076	0.01416	0.00906	0.00510	0.00566	0.00170	0.00680	0.00510	0.00283	0.00906

[dist]
# distance from previous block
# <min> <max>
0	26

[block]
# block no. 4 follows, 41 sequences, length 34
# corresponding to MSA columns:
# 350-383
name=unknown_E
#
# <colnr> <probs for GDERKNQSTAVLIFYWHMCP>
#	G	D	E	R	K	N	Q	S	T	A	V	L	I	F	Y	W	H	M	C	P
0	0.01147	0.02959	0.76934	0.01630	0.02476	0.01328	0.02113	0.01811	0.01208	0.01811	0.01026	0.01208	0.00725	0.00543	0.00543	0.00181	0.00845	0.00423	0.00242	0.00845
1	0.01067	0.00552	0.00580	0.03604	0.00795	0.00562	0.00447	0.01338	0.01197	0.02106	0.01832	0.02109	0.01438	0.00663	0.00407	0.00136	0.00286	0.00532	0.79812	0.00537
2	0.01286	0.01031	0.01134	0.04386	0.01407	0.01133	0.00813	0.03809	0.46168	0.06307	0.04722	0.06066	0.17405	0.00954	0.00609	0.00194	0.00428	0.00801	0.00563	0.00783
3	0.01416	0.01359	0.02322	0.03511	0.76330	0.01359	0.01755	0.01755	0.01302	0.01869	0.01076	0.01416	0.00906	0.00510	0.00566	0.00170	0.00680	0.00510	0.00283	0.00906
4	0.00714	0.00518	0.00675	0.00777	0.00837	0.00479	0.00534	0.00840	0.01177	0.01569	0.11722	0.63381	0.09519	0.01689	0.00721	0.00224	0.00326	0.03278	0.00542	0.00476
5	0.00831	0.00558	0.00640	0.00640	0.00646	0.00563	0.00367	0.00842	0.00837	0.01121	0.01787	0.03660	0.02044	0.75708	0.07052	0.00575	0.00609	0.00820	0.00344	0.00356
6	0.00709	0.00514	0.00673	0.00796	0.00847	0.00478	0.00547	0.00822	0.01124	0.01482	0.03346	0.69457	0.09259	0.01753	0.00730	0.00231	0.00340	0.05893	0.00531	0.00470
7	0.04265	0.00606	0.00749	0.00707	0.00857	0.00565	0.00532	0.01078	0.01560	0.02229	0.65791	0.04258	0.12343	0.01171	0.00661	0.00181	0.00279	0.01022	0.00608	0.00537
8	0.01237	0.01177	0.01999	0.43449	0.37788	0.01312	0.01667	0.01599	0.01218	0.01652	0.01044	0.01474	0.00830	0.00543	0.00569	0.00181	0.00724	0.00509	0.00268	0.00762
9	0.00697	0.00498	0.00664	0.00796	0.00830	0.00465	0.00531	0.00796	0.01095	0.01460	0.03153	0.79525	0.03783	0.01792	0.00730	0.00232	0.00332	0.01626	0.00531	0.00465
10	0.01304	0.01050	0.01224	0.00883	0.01385	0.00827	0.00709	0.05924	0.01296	0.05093	0.01090	0.01229	0.00879	0.00451	0.00439	0.00094	0.00439	0.00359	0.00368	0.74955
11	0.06159	0.04543	0.19285	0.02478	0.01486	0.00960	0.01061	0.04071	0.02670	0.05613	0.19091	0.06082	0.02440	0.00916	0.00591	0.00185	0.00520	0.11781	0.04319	0.05750
12	0.01930	0.01474	0.01575	0.04617	0.01720	0.05432	0.01043	0.50999	0.04053	0.04746	0.01378	0.01462	0.01014	0.00702	0.00655	0.00174	0.06751	0.00513	0.08894	0.00869
13	0.01203	0.01185	0.02188	0.41882	0.10878	0.01294	0.22911	0.01636	0.03207	0.01676	0.01147	0.01570	0.00875	0.00550	0.00592	0.00186	0.00777	0.00563	0.04977	0.00705
14	0.01350	0.04161	0.02611	0.12746	0.37503	0.01419	0.26324	0.01732	0.01282	0.01773	0.01078	0.01451	0.00864	0.00520	0.00629	0.00181	0.02726	0.00558	0.00279	0.00812
15	0.00824	0.00551	0.00626	0.00634	0.00636	0.00549	0.00358	0.00830	0.00848	0.01130	0.01884	0.08340	0.02183	0.75160	0.02779	0.00535	0.00541	0.00880	0.00358	0.00354
16	0.00752	0.00609	0.00667	0.00648	0.00825	0.00542	0.00485	0.00995	0.04617	0.01797	0.26579	0.04953	0.50168	0.02955	0.00718	0.00197	0.00296	0.01123	0.00559	0.00515
17	0.00963	0.00619	0.00814	0.00746	0.00908	0.00566	0.00566	0.01229	0.01621	0.08814	0.69565	0.04069	0.05048	0.01129	0.00666	0.00180	0.00289	0.00994	0.00637	0.00578
18	0.01186	0.01017	0.01186	0.00847	0.01356	0.00762	0.00678	0.01440	0.01186	0.01864	0.01017	0.01186	0.00847	0.00424	0.00424	0.00085	0.00424	0.00339	0.00339	0.83395
19	0.01344	0.01285	0.02191	0.19631	0.60774	0.01340	0.01720	0.01692	0.01268	0.01781	0.01063	0.01439	0.00875	0.00523	0.00567	0.00174	0.00697	0.00509	0.00277	0.00848
20	0.02026	0.02513	0.01646	0.01576	0.06136	0.66336	0.01136	0.02272	0.06027	0.01487	0.00979	0.01127	0.00808	0.00608	0.00562	0.00154	0.03209	0.00397	0.00310	0.00691
21	0.00778	0.00565	0.00747	0.00842	0.00885	0.00566	0.00597	0.00890	0.01081	0.01444	0.02821	0.52730	0.03311	0.13656	0.01123	0.00287	0.03823	0.12899	0.00490	0.00464
22	0.01385	0.01328	0.02267	0.10276	0.69801	0.01351	0.01740	0.01729	0.01288	0.01832	0.01071	0.01426	0.00893	0.00515	0.00567	0.00172	0.00687	0.00510	0.00281	0.00882
23	0.00696	0.00501	0.00660	0.00787	0.00827	0.00465	0.00527	0.00797	0.01104	0.01464	0.03264	0.76413	0.06824	0.01778	0.00728	0.00231	0.00330	0.01608	0.00531	0.00465
24	0.00696	0.00503	0.00659	0.00783	0.00826	0.00466	0.00525	0.00798	0.01108	0.01465	0.03312	0.75063	0.08142	0.01771	0.00727	0.00230	0.00329	0.01601	0.00531	0.00466
25	0.02508	0.00960	0.01309	0.01008	0.01440	0.00831	0.00831	0.02731	0.01637	0.74248	0.04713	0.02024	0.01548	0.00723	0.00579	0.00177	0.00479	0.00590	0.00705	0.00959
26	0.00796	0.00584	0.00746	0.00706	0.00846	0.00534	0.00529	0.01054	0.01588	0.02219	0.69039	0.04395	0.12432	0.01197	0.00675	0.00181	0.00272	0.01052	0.00620	0.00534
27	0.01186	0.01017	0.01186	0.00847	0.01356	0.00762	0.00678	0.01440	0.01186	0.01864	0.01017	0.01186	0.00847	0.00424	0.00424	0.00085	0.00424	0.00339	0.00339	0.83395
28	0.00703	0.00500	0.00662	0.00788	0.00820	0.00469	0.00522	0.00798	0.01083	0.01444	0.03089	0.75978	0.03703	0.05448	0.00832	0.00247	0.00342	0.01589	0.00522	0.00459
29	0.01292	0.00785	0.00837	0.02329	0.00988	0.00831	0.00583	0.17561	0.01500	0.02361	0.01725	0.02052	0.01378	0.05580	0.02811	0.00191	0.00411	0.00549	0.55616	0.00621
30	0.01309	0.01826	0.18103	0.02255	0.02887	0.01423	0.59809	0.01828	0.01322	0.01828	0.01131	0.01476	0.00839	0.00494	0.00649	0.00191	0.00940	0.00624	0.00280	0.00786
31	0.00710	0.00554	0.00645	0.00678	0.00808	0.00489	0.00487	0.00867	0.01302	0.01673	0.19488	0.28987	0.38270	0.01501	0.00693	0.00203	0.00299	0.01306	0.00551	0.00489
32	0.01364	0.01439	0.01735	0.01498	0.01536	0.11384	0.01233	0.01492	0.00971	0.01380	0.00768	0.01223	0.00749	0.00949	0.01704	0.00237	0.68969	0.00484	0.00256	0.00630
33	0.03121	0.26739	0.43348	0.01554	0.08027	0.04693	0.01660	0.01793	0.01213	0.01671	0.00948	0.01121	0.00740	0.00526	0.00485	0.00161	0.00758	0.00389	0.00250	0.00803

[dist]
# distance from previous block
# <min> <max>
0	2

[block]
# block no. 5 follows, 41 sequences, length 24
# corresponding to MSA columns:
# 386-389,393-399,403-415
name=unknown_F
#
# <colnr> <probs for GDERKNQSTAVLIFYWHMCP>
#	G	D	E	R	K	N	Q	S	T	A	V	L	I	F	Y	W	H	M	C	P
0	0.01357	0.01668	0.15147	0.02962	0.48452	0.01372	0.17041	0.01781	0.01296	0.01851	0.01085	0.01407	0.00867	0.00510	0.00585	0.00177	0.00767	0.00530	0.00277	0.00868
1	0.01260	0.01067	0.01149	0.01044	0.01323	0.01198	0.00807	0.02531	0.56794	0.02320	0.16311	0.02750	0.07197	0.00893	0.00605	0.00191	0.00408	0.00755	0.00588	0.00810
2	0.00817	0.00613	0.00919	0.00919	0.01021	0.00715	0.00715	0.01021	0.00919	0.01328	0.01532	0.02247	0.01430	0.04290	0.77631	0.00919	0.01532	0.00613	0.00306	0.00511
3	0.83938	0.01106	0.00841	0.00752	0.01106	0.01283	0.00619	0.01681	0.00973	0.02566	0.00796	0.00929	0.00619	0.00531	0.00354	0.00177	0.00442	0.00310	0.00354	0.00619
4	0.05012	0.01186	0.03544	0.03052	0.01659	0.00983	0.08875	0.08217	0.01332	0.02040	0.01055	0.01240	0.00845	0.00466	0.00469	0.00114	0.00523	0.00397	0.00351	0.58640
5	0.00740	0.00612	0.00654	0.00646	0.00833	0.00540	0.00491	0.00975	0.04598	0.01714	0.17309	0.05185	0.58321	0.01377	0.00676	0.00194	0.00302	0.03771	0.00550	0.00513
6	0.00686	0.00583	0.00593	0.00598	0.00789	0.00490	0.00454	0.00835	0.01304	0.01552	0.05685	0.05542	0.73223	0.01454	0.00681	0.00196	0.00299	0.04022	0.00531	0.00485
7	0.02279	0.01434	0.01612	0.01236	0.01690	0.01524	0.01021	0.55211	0.02407	0.23215	0.01610	0.01527	0.01092	0.00692	0.00573	0.00173	0.00591	0.00531	0.00609	0.00973
8	0.73494	0.01161	0.01161	0.00962	0.01344	0.01304	0.09932	0.01700	0.01021	0.02473	0.00842	0.01007	0.00651	0.00525	0.00395	0.00179	0.00508	0.00356	0.00346	0.00639
9	0.00748	0.00582	0.00679	0.00655	0.00817	0.00513	0.00491	0.00960	0.01473	0.01948	0.43581	0.04842	0.38060	0.01298	0.00675	0.00186	0.00279	0.01114	0.00584	0.00513
10	0.01186	0.01017	0.01186	0.00847	0.01356	0.00762	0.00678	0.01440	0.01186	0.01864	0.01017	0.01186	0.00847	0.00424	0.00424	0.00085	0.00424	0.00339	0.00339	0.83395
11	0.01466	0.01833	0.09654	0.02278	0.11941	0.14096	0.42698	0.01873	0.01353	0.01741	0.01070	0.01397	0.00832	0.00535	0.00682	0.00184	0.04745	0.00571	0.00283	0.00770
12	0.00712	0.00508	0.00680	0.00813	0.00853	0.00477	0.00556	0.00822	0.01110	0.01477	0.03145	0.74770	0.03751	0.01778	0.00734	0.00234	0.00345	0.06236	0.00531	0.00469
13	0.00710	0.00507	0.00678	0.00805	0.00846	0.00475	0.00548	0.00822	0.01120	0.01496	0.05325	0.74075	0.03810	0.01764	0.00731	0.00232	0.00339	0.04712	0.00534	0.00470
14	0.02174	0.01602	0.01717	0.01316	0.01774	0.01774	0.01087	0.74423	0.02689	0.03605	0.01373	0.01373	0.00973	0.00687	0.00572	0.00172	0.00629	0.00515	0.00572	0.00973
15	0.01384	0.01327	0.02265	0.10509	0.69576	0.01351	0.01740	0.01728	0.01288	0.01831	0.01070	0.01426	0.00893	0.00515	0.00567	0.00172	0.00687	0.00510	0.00280	0.00881
16	0.00831	0.00559	0.00645	0.00645	0.00653	0.00566	0.00373	0.00846	0.00838	0.01125	0.01783	0.03634	0.02032	0.74399	0.08346	0.00581	0.00626	0.00816	0.00344	0.00359
17	0.01992	0.01458	0.01581	0.01232	0.01663	0.01589	0.01009	0.57684	0.08442	0.05431	0.01473	0.01486	0.01068	0.00780	0.02754	0.00188	0.00613	0.00520	0.02809	0.06229
18	0.00793	0.00564	0.00656	0.00669	0.00722	0.00553	0.00429	0.00856	0.00963	0.01256	0.02666	0.09602	0.16200	0.49586	0.09658	0.00490	0.00584	0.02953	0.00396	0.00402
19	0.02026	0.02664	0.06456	0.04948	0.01911	0.69278	0.01192	0.02217	0.01573	0.01429	0.00899	0.01065	0.00737	0.00586	0.00520	0.00151	0.01007	0.00378	0.00289	0.00674
20	0.00880	0.00695	0.00795	0.00805	0.00973	0.00683	0.00625	0.01276	0.12776	0.01735	0.10572	0.06716	0.30916	0.10019	0.00936	0.00249	0.00399	0.17873	0.00527	0.00549
21	0.00902	0.00644	0.00769	0.00750	0.00949	0.00566	0.00592	0.01102	0.01369	0.06554	0.17625	0.08344	0.36357	0.01326	0.00678	0.00198	0.00354	0.14638	0.00548	0.05735
22	0.03072	0.19506	0.29538	0.07804	0.02134	0.06181	0.02874	0.13613	0.03035	0.03340	0.01063	0.01222	0.00807	0.00579	0.00548	0.00168	0.02965	0.00428	0.00319	0.00805
23	0.01451	0.24562	0.01757	0.05964	0.01537	0.01462	0.00898	0.14714	0.11607	0.05540	0.02055	0.04323	0.12445	0.00896	0.03311	0.00188	0.00562	0.00604	0.00431	0.05691

[dist]
# distance from previous block
# <min> <max>
0	5

# created by:
# /st0/software/busco_prod/Augustus/scripts/msa2prfl.pl ./align_prep/156254.fa
