[name]
unknown

[dist]
# distance from previous block
# <min> <max>
14	95

[block]
# block no. 0 follows, 41 sequences, length 17
# corresponding to MSA columns:
# 589-605
name=unknown_A
#
# <colnr> <probs for GDERKNQSTAVLIFYWHMCP>
#	G	D	E	R	K	N	Q	S	T	A	V	L	I	F	Y	W	H	M	C	P
0	0.01559	0.01552	0.06291	0.11090	0.06043	0.13043	0.01120	0.19355	0.05884	0.02143	0.01242	0.03562	0.01018	0.03325	0.00645	0.00170	0.02507	0.00496	0.00386	0.18570
1	0.01564	0.07001	0.10958	0.03787	0.06195	0.06312	0.17795	0.14132	0.05438	0.06322	0.02849	0.01457	0.01020	0.00584	0.00591	0.00167	0.02561	0.00517	0.00379	0.10372
2	0.01549	0.01211	0.01425	0.03772	0.05441	0.01133	0.00894	0.24900	0.01680	0.04846	0.01192	0.01350	0.00933	0.02250	0.00543	0.00134	0.00519	0.00428	0.00420	0.45380
3	0.01209	0.00884	0.01176	0.01072	0.05947	0.00817	0.04512	0.08995	0.01551	0.08832	0.27330	0.05873	0.13484	0.02859	0.00668	0.00178	0.00423	0.00826	0.00524	0.12840
4	0.01288	0.01092	0.01328	0.01117	0.06149	0.00961	0.02244	0.07840	0.10063	0.02086	0.04834	0.03080	0.01245	0.00558	0.00487	0.00120	0.00462	0.00467	0.00401	0.54179
5	0.00714	0.00594	0.00633	0.00624	0.00813	0.00500	0.00464	0.00872	0.01309	0.01622	0.11809	0.11474	0.59849	0.01403	0.00668	0.00190	0.00298	0.01185	0.00531	0.04447
6	0.01351	0.04401	0.16465	0.02204	0.16366	0.01408	0.32571	0.03890	0.07767	0.01918	0.01206	0.01464	0.00922	0.00527	0.00596	0.00178	0.00795	0.00560	0.00314	0.05097
7	0.01252	0.01027	0.01192	0.00883	0.01355	0.00833	0.00704	0.03839	0.06696	0.03986	0.05035	0.01441	0.01167	0.00504	0.00457	0.00103	0.00426	0.00409	0.00389	0.68302
8	0.00792	0.00584	0.00741	0.00702	0.00844	0.00532	0.00526	0.01046	0.01578	0.02197	0.66975	0.04431	0.14511	0.01205	0.00675	0.00182	0.00272	0.01057	0.00617	0.00532
9	0.02192	0.01574	0.01699	0.01303	0.01760	0.01732	0.01076	0.71230	0.02642	0.06864	0.01413	0.01399	0.00992	0.00688	0.00572	0.00172	0.00623	0.00518	0.00578	0.00973
10	0.00817	0.00613	0.00919	0.00919	0.01021	0.00715	0.00715	0.01021	0.00919	0.01328	0.01532	0.02247	0.01430	0.04290	0.77631	0.00919	0.01532	0.00613	0.00306	0.00511
11	0.01911	0.01152	0.01306	0.01004	0.01455	0.06121	0.00810	0.05146	0.06247	0.34729	0.01650	0.01577	0.01152	0.00593	0.00513	0.00140	0.00503	0.00471	0.00523	0.32999
12	0.01322	0.00873	0.01060	0.00863	0.01201	0.00761	0.00684	0.05338	0.04343	0.14934	0.22376	0.04542	0.08091	0.00850	0.00570	0.00153	0.00395	0.02925	0.00529	0.28191
13	0.01397	0.01468	0.07410	0.03383	0.71293	0.01357	0.01780	0.01759	0.01296	0.01865	0.01073	0.01401	0.00894	0.00512	0.00565	0.00171	0.00691	0.00504	0.00280	0.00902
14	0.01273	0.01150	0.01226	0.00923	0.01397	0.05784	0.00730	0.01671	0.09410	0.01892	0.01153	0.01281	0.00939	0.00473	0.00447	0.00101	0.00466	0.00375	0.00363	0.68944
15	0.01421	0.01411	0.03742	0.05659	0.45089	0.03900	0.10673	0.05712	0.01370	0.01926	0.01084	0.01382	0.00881	0.00509	0.00557	0.00161	0.00694	0.00499	0.00306	0.13023
16	0.01591	0.33335	0.13633	0.01160	0.01699	0.01605	0.04301	0.08794	0.03034	0.10834	0.01147	0.01227	0.00884	0.00538	0.00466	0.00141	0.00615	0.00405	0.00356	0.14234

[dist]
# distance from previous block
# <min> <max>
0	42

[block]
# block no. 1 follows, 41 sequences, length 16
# corresponding to MSA columns:
# 655-670
name=unknown_B
#
# <colnr> <probs for GDERKNQSTAVLIFYWHMCP>
#	G	D	E	R	K	N	Q	S	T	A	V	L	I	F	Y	W	H	M	C	P
0	0.07316	0.12994	0.17254	0.01227	0.01748	0.05000	0.03835	0.12679	0.11949	0.04328	0.01245	0.01324	0.00948	0.00572	0.00498	0.00154	0.00624	0.00440	0.00382	0.15483
1	0.05401	0.01102	0.01420	0.24728	0.02186	0.02950	0.02342	0.11374	0.03646	0.10463	0.04683	0.04530	0.01257	0.02492	0.00595	0.00171	0.00581	0.00546	0.00412	0.19120
2	0.12182	0.01187	0.01641	0.35530	0.02674	0.01337	0.06244	0.15775	0.05366	0.05036	0.01184	0.01443	0.00875	0.00588	0.00541	0.00177	0.00658	0.00493	0.00372	0.06698
3	0.08462	0.06404	0.13356	0.10055	0.01916	0.05101	0.06570	0.07439	0.06367	0.05397	0.05093	0.05568	0.05700	0.00724	0.00550	0.00173	0.00617	0.01815	0.00392	0.08302
4	0.00945	0.00502	0.00725	0.00741	0.00745	0.00498	0.00488	0.00758	0.00793	0.01058	0.01313	0.10940	0.01410	0.08603	0.02118	0.66652	0.00483	0.00656	0.00290	0.00282
5	0.01538	0.01286	0.01358	0.01187	0.01531	0.01476	0.00933	0.13943	0.64206	0.02578	0.02182	0.02018	0.01628	0.00762	0.00581	0.00191	0.00480	0.00627	0.00581	0.00916
6	0.01092	0.01041	0.01791	0.75055	0.03896	0.01279	0.04899	0.01478	0.01153	0.01478	0.01023	0.01526	0.00767	0.00568	0.00577	0.00191	0.00772	0.00516	0.00256	0.00642
7	0.01251	0.09449	0.56205	0.03831	0.02464	0.01409	0.11466	0.01827	0.01234	0.04148	0.01062	0.01259	0.00767	0.00537	0.00547	0.00178	0.00827	0.00453	0.00263	0.00824
8	0.01406	0.55266	0.26892	0.01189	0.01794	0.01961	0.01345	0.01745	0.01177	0.01496	0.00870	0.01011	0.00731	0.00507	0.00424	0.00141	0.00687	0.00344	0.00244	0.00770
9	0.01176	0.00673	0.00845	0.00807	0.01011	0.00603	0.00633	0.01362	0.01374	0.18763	0.12770	0.13401	0.25518	0.04982	0.00784	0.00222	0.00391	0.13510	0.00574	0.00601
10	0.01080	0.01017	0.01716	0.78523	0.03940	0.01271	0.01589	0.01461	0.01144	0.01461	0.01017	0.01525	0.00762	0.00572	0.00572	0.00191	0.00762	0.00508	0.00254	0.00635
11	0.00822	0.00594	0.00823	0.00823	0.00892	0.00663	0.00595	0.00960	0.00891	0.01257	0.01620	0.02734	0.01642	0.28920	0.53290	0.00800	0.01214	0.00684	0.00320	0.00457
12	0.00817	0.00601	0.00772	0.00773	0.00900	0.00568	0.00582	0.01101	0.04225	0.02063	0.50431	0.17147	0.08559	0.01313	0.00691	0.00198	0.00312	0.07814	0.00596	0.00536
13	0.01387	0.01330	0.02270	0.09861	0.70201	0.01352	0.01741	0.01731	0.01289	0.01834	0.01071	0.01425	0.00894	0.00515	0.00567	0.00172	0.00687	0.00510	0.00281	0.00883
14	0.01535	0.73325	0.02883	0.01024	0.01480	0.04817	0.00998	0.01714	0.01162	0.01349	0.00796	0.00939	0.00735	0.00520	0.00454	0.00130	0.04847	0.00318	0.00247	0.00726
15	0.06489	0.00941	0.01145	0.00954	0.01273	0.00916	0.00769	0.13285	0.03755	0.30832	0.21819	0.04981	0.05196	0.00917	0.00607	0.00184	0.00438	0.04094	0.00622	0.00783

[dist]
# distance from previous block
# <min> <max>
8	14

[block]
# block no. 2 follows, 41 sequences, length 10
# corresponding to MSA columns:
# 691-700
name=unknown_C
#
# <colnr> <probs for GDERKNQSTAVLIFYWHMCP>
#	G	D	E	R	K	N	Q	S	T	A	V	L	I	F	Y	W	H	M	C	P
0	0.00817	0.00691	0.04175	0.00752	0.00922	0.00572	0.00604	0.01096	0.01581	0.02226	0.68366	0.04210	0.09509	0.01158	0.00669	0.00181	0.00297	0.01018	0.00606	0.00550
1	0.15646	0.00969	0.01211	0.00955	0.01362	0.00892	0.00785	0.02494	0.01528	0.59740	0.06935	0.01937	0.01552	0.00710	0.00546	0.00177	0.00465	0.00563	0.00645	0.00887
2	0.02197	0.01722	0.01876	0.01548	0.02076	0.01361	0.01120	0.02137	0.01817	0.02765	0.02036	0.02598	0.01812	0.01123	0.00876	0.00285	0.00780	0.00688	0.00683	0.70498
3	0.00770	0.00897	0.13033	0.00932	0.01097	0.00605	0.00788	0.00961	0.01113	0.01517	0.02808	0.66823	0.03287	0.01590	0.00700	0.00224	0.00415	0.01431	0.00484	0.00526
4	0.01180	0.01332	0.13471	0.00974	0.01537	0.00854	0.00911	0.01500	0.01190	0.01855	0.01018	0.01190	0.00827	0.00443	0.00443	0.00100	0.00492	0.00352	0.00323	0.70007
5	0.01205	0.14548	0.65847	0.01533	0.02325	0.01469	0.01943	0.01797	0.01201	0.01742	0.00992	0.01164	0.00726	0.00535	0.00517	0.00172	0.00810	0.00405	0.00242	0.00829
6	0.01425	0.52456	0.14602	0.01068	0.01555	0.01816	0.01106	0.01684	0.01158	0.05433	0.01022	0.01255	0.00888	0.03660	0.08507	0.00232	0.00736	0.00389	0.00279	0.00728
7	0.05736	0.01248	0.01841	0.29356	0.29780	0.04148	0.01471	0.06083	0.03214	0.01817	0.01137	0.04249	0.00954	0.00633	0.00649	0.00185	0.05896	0.00537	0.00309	0.00756
8	0.19636	0.01006	0.05069	0.00989	0.04920	0.00894	0.00777	0.02992	0.02763	0.08495	0.23771	0.04037	0.04562	0.00810	0.00540	0.00166	0.00424	0.02815	0.00477	0.14856
9	0.21868	0.01258	0.07660	0.01119	0.03677	0.01126	0.03130	0.11349	0.03762	0.22490	0.08506	0.01694	0.01412	0.00656	0.00517	0.00170	0.00518	0.00516	0.00496	0.08075

[dist]
# distance from previous block
# <min> <max>
5	31

[block]
# block no. 3 follows, 41 sequences, length 9
# corresponding to MSA columns:
# 732-740
name=unknown_D
#
# <colnr> <probs for GDERKNQSTAVLIFYWHMCP>
#	G	D	E	R	K	N	Q	S	T	A	V	L	I	F	Y	W	H	M	C	P
0	0.12341	0.01075	0.03191	0.29846	0.05236	0.01171	0.02409	0.08949	0.05912	0.05112	0.06595	0.02020	0.03401	0.09451	0.00814	0.00225	0.00607	0.00586	0.00385	0.00674
1	0.01179	0.09438	0.70736	0.01576	0.02391	0.01407	0.02018	0.01803	0.01204	0.01772	0.01007	0.01183	0.00725	0.00539	0.00529	0.00176	0.00826	0.00413	0.00242	0.00836
2	0.07649	0.01159	0.01598	0.28891	0.11282	0.01285	0.01257	0.16537	0.04144	0.12976	0.01445	0.01862	0.01117	0.00682	0.00571	0.00187	0.00635	0.05513	0.00426	0.00786
3	0.07945	0.01271	0.08436	0.41208	0.19378	0.01265	0.04600	0.01566	0.01189	0.01698	0.01206	0.01676	0.02896	0.00602	0.00564	0.00186	0.00714	0.02606	0.00285	0.00711
4	0.07982	0.01262	0.01798	0.38710	0.25777	0.06615	0.01484	0.01729	0.05985	0.01732	0.01092	0.01448	0.00857	0.00564	0.00549	0.00180	0.00710	0.00492	0.00295	0.00737
5	0.00924	0.00685	0.00833	0.12362	0.01329	0.00642	0.00664	0.01116	0.01312	0.08630	0.04642	0.04605	0.55081	0.01252	0.00655	0.00194	0.00388	0.03628	0.00506	0.00554
6	0.01302	0.11596	0.48748	0.01781	0.08351	0.01482	0.10571	0.06302	0.01319	0.01875	0.01041	0.01241	0.00773	0.00536	0.00542	0.00174	0.00806	0.00452	0.00272	0.00836
7	0.01823	0.03989	0.03910	0.01165	0.01516	0.14523	0.04000	0.14889	0.01657	0.22498	0.02078	0.04923	0.07474	0.05746	0.00738	0.00204	0.00631	0.06969	0.00504	0.00764
8	0.05250	0.21705	0.23019	0.01240	0.01736	0.11492	0.04037	0.03401	0.01330	0.06661	0.06160	0.06370	0.03911	0.00696	0.00519	0.00165	0.00680	0.00544	0.00348	0.00735

[dist]
# distance from previous block
# <min> <max>
7	18

[block]
# block no. 4 follows, 41 sequences, length 16
# corresponding to MSA columns:
# 760-775
name=unknown_E
#
# <colnr> <probs for GDERKNQSTAVLIFYWHMCP>
#	G	D	E	R	K	N	Q	S	T	A	V	L	I	F	Y	W	H	M	C	P
0	0.01265	0.15698	0.59470	0.01530	0.02293	0.01472	0.04496	0.01828	0.01219	0.04212	0.01033	0.01196	0.00754	0.00538	0.00520	0.00172	0.00799	0.00417	0.00259	0.00828
1	0.01230	0.05937	0.39470	0.07192	0.10480	0.01360	0.08777	0.01902	0.10763	0.01869	0.04652	0.01531	0.01108	0.00592	0.00563	0.00180	0.00745	0.00514	0.00313	0.00818
2	0.01234	0.01876	0.35437	0.01472	0.07039	0.01135	0.03511	0.09751	0.01475	0.04123	0.15573	0.04913	0.01927	0.00775	0.00594	0.00182	0.00645	0.04448	0.00398	0.03493
3	0.01400	0.01219	0.03804	0.05250	0.28140	0.01200	0.06400	0.12246	0.06055	0.05440	0.11744	0.02447	0.04511	0.00776	0.00613	0.00185	0.00595	0.06741	0.00437	0.00799
4	0.00850	0.00582	0.00728	0.00724	0.00858	0.00526	0.00527	0.01040	0.01399	0.05951	0.36814	0.23799	0.19129	0.03515	0.00745	0.00206	0.00310	0.01192	0.00581	0.00527
5	0.01285	0.01075	0.01239	0.00894	0.01397	0.00863	0.00719	0.08708	0.01336	0.02037	0.01052	0.01205	0.00860	0.00450	0.00438	0.00093	0.00444	0.00356	0.00362	0.75187
6	0.00814	0.00558	0.00677	0.00692	0.00712	0.00571	0.00428	0.00859	0.00876	0.01184	0.01909	0.11990	0.02164	0.58726	0.14940	0.00578	0.00690	0.00885	0.00361	0.00387
7	0.01186	0.01017	0.01186	0.00847	0.01356	0.00762	0.00678	0.01440	0.01186	0.01864	0.01017	0.01186	0.00847	0.00424	0.00424	0.00085	0.00424	0.00339	0.00339	0.83395
8	0.01343	0.01113	0.01321	0.09489	0.05311	0.01257	0.00995	0.10020	0.40091	0.02241	0.02155	0.09075	0.01843	0.00898	0.00608	0.00199	0.00508	0.07983	0.02755	0.00797
9	0.00710	0.00518	0.00664	0.00775	0.00832	0.00480	0.00531	0.00820	0.01123	0.01471	0.03433	0.63910	0.12852	0.04511	0.00804	0.00240	0.00344	0.04992	0.00524	0.00466
10	0.00683	0.00570	0.00595	0.00608	0.00782	0.00483	0.00449	0.00827	0.01291	0.01560	0.07814	0.13759	0.65663	0.01478	0.00682	0.00197	0.00294	0.01248	0.00534	0.00483
11	0.01387	0.04637	0.02034	0.07637	0.49762	0.06636	0.01476	0.01694	0.01307	0.01796	0.03574	0.01617	0.01101	0.00567	0.00550	0.00162	0.00659	0.02974	0.00307	0.10123
12	0.01140	0.00831	0.01091	0.00943	0.03020	0.00722	0.03378	0.01447	0.04785	0.09109	0.26209	0.11726	0.05581	0.00915	0.00586	0.00157	0.00391	0.00804	0.00507	0.26657
13	0.01263	0.10128	0.41474	0.01811	0.15281	0.01357	0.04394	0.01812	0.04682	0.03832	0.07509	0.01551	0.01227	0.00598	0.00548	0.00174	0.00720	0.00502	0.00312	0.00822
14	0.01407	0.01427	0.07263	0.05021	0.41404	0.04118	0.04863	0.11279	0.01477	0.02032	0.04110	0.10250	0.01378	0.00707	0.00591	0.00179	0.00660	0.00651	0.00359	0.00823
15	0.01466	0.09354	0.04854	0.23414	0.31980	0.10173	0.01520	0.07322	0.01384	0.01782	0.01031	0.01341	0.00829	0.00549	0.00542	0.00169	0.00738	0.00470	0.00293	0.00790

[dist]
# distance from previous block
# <min> <max>
0	6

[block]
# block no. 5 follows, 41 sequences, length 17
# corresponding to MSA columns:
# 782-798
name=unknown_F
#
# <colnr> <probs for GDERKNQSTAVLIFYWHMCP>
#	G	D	E	R	K	N	Q	S	T	A	V	L	I	F	Y	W	H	M	C	P
0	0.15572	0.04095	0.25211	0.01643	0.14760	0.01239	0.05634	0.03235	0.01217	0.01990	0.01001	0.01205	0.00780	0.00506	0.00490	0.00155	0.00645	0.00412	0.00301	0.19910
1	0.01391	0.01470	0.05112	0.08461	0.23583	0.05168	0.24612	0.04944	0.05787	0.01913	0.02695	0.01513	0.01005	0.00539	0.00587	0.00171	0.00750	0.00553	0.00325	0.09422
2	0.01405	0.01260	0.02058	0.10587	0.55656	0.01274	0.01562	0.01797	0.05023	0.05261	0.01230	0.03235	0.01019	0.00562	0.00563	0.00170	0.00644	0.00534	0.00324	0.05837
3	0.01240	0.00898	0.01121	0.00987	0.04974	0.00798	0.00725	0.05784	0.04879	0.09030	0.31751	0.02578	0.02803	0.00789	0.00563	0.00146	0.00393	0.00677	0.00513	0.29350
4	0.01065	0.00743	0.00894	0.00773	0.01044	0.00630	0.00592	0.01310	0.03179	0.09764	0.22043	0.12616	0.19430	0.01054	0.00603	0.00164	0.00350	0.00905	0.00526	0.22316
5	0.00798	0.00598	0.00764	0.00808	0.00882	0.00611	0.00587	0.00921	0.01064	0.01406	0.02913	0.25692	0.14558	0.19653	0.12340	0.00403	0.04256	0.10841	0.00443	0.00464
6	0.01494	0.73093	0.09837	0.01039	0.01561	0.02177	0.01084	0.01722	0.01166	0.01389	0.00817	0.00944	0.00733	0.00494	0.00383	0.00128	0.00633	0.00317	0.00244	0.00744
7	0.00703	0.00503	0.00669	0.00792	0.00831	0.00469	0.00531	0.00812	0.01124	0.01506	0.07122	0.75426	0.03871	0.01758	0.00727	0.00229	0.00328	0.01594	0.00536	0.00469
8	0.01290	0.00968	0.01511	0.01521	0.11050	0.00978	0.09957	0.01688	0.07414	0.11300	0.11752	0.03700	0.02453	0.01046	0.00752	0.00215	0.05147	0.26069	0.00491	0.00700
9	0.01356	0.32645	0.41530	0.01332	0.01996	0.01679	0.01564	0.01876	0.05547	0.04055	0.01053	0.01173	0.00810	0.00541	0.00479	0.00159	0.00721	0.00396	0.00278	0.00810
10	0.02566	0.00973	0.01327	0.01018	0.01460	0.00841	0.00841	0.02788	0.01637	0.76726	0.02257	0.01947	0.01416	0.00708	0.00575	0.00177	0.00487	0.00575	0.00708	0.00973
11	0.00684	0.00573	0.00595	0.00603	0.00781	0.00484	0.00447	0.00831	0.01302	0.01573	0.08875	0.11395	0.66972	0.01463	0.00680	0.00196	0.00292	0.01233	0.00536	0.00484
12	0.01132	0.01083	0.01864	0.56202	0.13390	0.01272	0.06714	0.01491	0.01167	0.01540	0.01133	0.05436	0.00941	0.00635	0.00635	0.00192	0.03649	0.00576	0.00274	0.00673
13	0.05612	0.01748	0.29583	0.01553	0.02041	0.01149	0.20013	0.01516	0.01183	0.01741	0.01598	0.22109	0.01570	0.00884	0.00689	0.00201	0.04966	0.00805	0.00337	0.00701
14	0.00775	0.00576	0.00722	0.00700	0.00837	0.00523	0.00519	0.01007	0.01516	0.02084	0.56783	0.10940	0.18355	0.01274	0.00680	0.00187	0.00279	0.01117	0.00603	0.00523
15	0.01412	0.01369	0.02379	0.03451	0.72320	0.01364	0.05719	0.01760	0.01305	0.01867	0.01080	0.01423	0.00904	0.00508	0.00572	0.00171	0.00695	0.00519	0.00283	0.00899
16	0.17820	0.01043	0.01235	0.00988	0.01394	0.01018	0.00809	0.05852	0.08893	0.49958	0.03871	0.01807	0.01381	0.00692	0.00536	0.00179	0.00476	0.00541	0.00620	0.00888

[dist]
# distance from previous block
# <min> <max>
1	4

[block]
# block no. 6 follows, 41 sequences, length 21
# corresponding to MSA columns:
# 803-823
name=unknown_G
#
# <colnr> <probs for GDERKNQSTAVLIFYWHMCP>
#	G	D	E	R	K	N	Q	S	T	A	V	L	I	F	Y	W	H	M	C	P
0	0.06266	0.01058	0.01434	0.01318	0.10346	0.00981	0.00950	0.05099	0.04794	0.58535	0.02019	0.01823	0.01316	0.00678	0.00564	0.00177	0.00511	0.00556	0.00630	0.00945
1	0.01411	0.01375	0.02249	0.09623	0.67955	0.03820	0.01721	0.01748	0.01300	0.01820	0.01065	0.01412	0.00889	0.00517	0.00565	0.00171	0.00698	0.00505	0.00281	0.00876
2	0.05413	0.01044	0.01568	0.29275	0.10261	0.01149	0.03093	0.01910	0.03888	0.21980	0.01448	0.01651	0.01042	0.00644	0.00646	0.00184	0.06313	0.00528	0.07205	0.00759
3	0.01762	0.02013	0.01870	0.04766	0.30844	0.39085	0.01358	0.02114	0.07607	0.01667	0.01083	0.01289	0.00887	0.00573	0.00543	0.00161	0.00838	0.00451	0.00313	0.00777
4	0.00832	0.00555	0.00624	0.00624	0.00624	0.00555	0.00347	0.00832	0.00832	0.01109	0.01802	0.03743	0.02080	0.79898	0.02911	0.00555	0.00555	0.00832	0.00347	0.00347
5	0.01325	0.55438	0.02315	0.00922	0.01307	0.01767	0.00857	0.01592	0.05355	0.01550	0.11503	0.07665	0.04937	0.00739	0.00462	0.00146	0.00521	0.00564	0.00350	0.00686
6	0.01147	0.02959	0.76934	0.01630	0.02476	0.01328	0.02113	0.01811	0.01208	0.01811	0.01026	0.01208	0.00725	0.00543	0.00543	0.00181	0.00845	0.00423	0.00242	0.00845
7	0.01454	0.01244	0.01311	0.01170	0.01499	0.01437	0.00913	0.06043	0.72241	0.02444	0.02288	0.02102	0.01714	0.00772	0.00582	0.00193	0.00460	0.00641	0.00582	0.00908
8	0.00753	0.00559	0.00704	0.00727	0.00841	0.00509	0.00528	0.00947	0.01391	0.01883	0.38605	0.27881	0.17785	0.01425	0.00695	0.00201	0.00300	0.03183	0.00578	0.00506
9	0.01147	0.02959	0.76934	0.01630	0.02476	0.01328	0.02113	0.01811	0.01208	0.01811	0.01026	0.01208	0.00725	0.00543	0.00543	0.00181	0.00845	0.00423	0.00242	0.00845
10	0.02566	0.00973	0.01327	0.01018	0.01460	0.00841	0.00841	0.02788	0.01637	0.76726	0.02257	0.01947	0.01416	0.00708	0.00575	0.00177	0.00487	0.00575	0.00708	0.00973
11	0.01251	0.01251	0.01752	0.01502	0.01502	0.01752	0.01251	0.01377	0.00876	0.01377	0.00751	0.01251	0.00751	0.01001	0.01877	0.00250	0.78851	0.00501	0.00250	0.00626
12	0.00887	0.00603	0.00785	0.00729	0.00880	0.00552	0.00550	0.01151	0.01610	0.05742	0.70328	0.04204	0.07486	0.01157	0.00670	0.00180	0.00281	0.01019	0.00630	0.00558
13	0.01184	0.01161	0.01620	0.41811	0.10013	0.08937	0.04162	0.01540	0.02880	0.01650	0.10351	0.02265	0.03396	0.00735	0.00601	0.00188	0.00695	0.05815	0.00341	0.00652
14	0.00717	0.00512	0.00687	0.00820	0.00862	0.00482	0.00567	0.00832	0.01115	0.01483	0.03141	0.72857	0.03738	0.01773	0.00736	0.00235	0.00350	0.08092	0.00531	0.00470
15	0.63043	0.01133	0.00970	0.00853	0.01210	0.01295	0.00694	0.04070	0.13479	0.06899	0.01154	0.01203	0.00864	0.00587	0.00411	0.00180	0.00452	0.00387	0.00419	0.00698
16	0.00821	0.00655	0.00763	0.00686	0.00906	0.00555	0.00522	0.01039	0.01424	0.01931	0.36189	0.04236	0.32126	0.01153	0.00633	0.00169	0.00303	0.00985	0.00543	0.14360
17	0.01506	0.57889	0.10329	0.01136	0.03842	0.04585	0.01098	0.01785	0.03074	0.03281	0.00920	0.01040	0.00788	0.00507	0.00411	0.00131	0.00632	0.00344	0.00273	0.06430
18	0.01345	0.01050	0.01517	0.05361	0.15959	0.00957	0.05217	0.05133	0.01334	0.09411	0.01579	0.10861	0.01446	0.00739	0.00559	0.00157	0.00534	0.06051	0.00406	0.30384
19	0.07991	0.01186	0.04018	0.51569	0.14824	0.01330	0.01509	0.07700	0.01287	0.01807	0.01038	0.01437	0.00790	0.00568	0.00552	0.00184	0.00715	0.00490	0.00293	0.00711
20	0.01107	0.01044	0.01764	0.72520	0.09733	0.01278	0.01602	0.01485	0.01156	0.01494	0.01021	0.01516	0.00774	0.00567	0.00571	0.00189	0.00756	0.00508	0.00256	0.00657

[dist]
# distance from previous block
# <min> <max>
0	2

[block]
# block no. 7 follows, 41 sequences, length 13
# corresponding to MSA columns:
# 826-838
name=unknown_H
#
# <colnr> <probs for GDERKNQSTAVLIFYWHMCP>
#	G	D	E	R	K	N	Q	S	T	A	V	L	I	F	Y	W	H	M	C	P
0	0.00977	0.00920	0.01446	0.01280	0.01480	0.05439	0.19516	0.01196	0.01217	0.01580	0.02489	0.46589	0.02795	0.01359	0.00710	0.00220	0.00558	0.09211	0.00454	0.00562
1	0.04123	0.00940	0.01375	0.01588	0.19567	0.00906	0.05365	0.01556	0.04876	0.10739	0.03035	0.03715	0.23216	0.01035	0.00645	0.00199	0.00511	0.15439	0.00473	0.00696
2	0.00782	0.00563	0.00740	0.00738	0.00848	0.00521	0.00538	0.01010	0.01491	0.02090	0.58234	0.22647	0.05003	0.01321	0.00688	0.00193	0.00285	0.01179	0.00606	0.00521
3	0.01165	0.01261	0.10268	0.49819	0.03102	0.01266	0.01461	0.07909	0.04183	0.01727	0.01396	0.06319	0.03772	0.00706	0.00624	0.00193	0.03226	0.00597	0.00320	0.00684
4	0.83938	0.01106	0.00841	0.00752	0.01106	0.01283	0.00619	0.01681	0.00973	0.02566	0.00796	0.00929	0.00619	0.00531	0.00354	0.00177	0.00442	0.00310	0.00354	0.00619
5	0.01878	0.01337	0.01348	0.01145	0.01495	0.10459	0.00899	0.09572	0.34360	0.23670	0.02014	0.01959	0.01473	0.04909	0.00694	0.00200	0.00555	0.00590	0.00570	0.00872
6	0.00960	0.00607	0.00806	0.00838	0.00969	0.00564	0.00639	0.01155	0.01354	0.09235	0.23704	0.31469	0.07925	0.01446	0.00708	0.00216	0.00368	0.15910	0.00575	0.00550
7	0.01687	0.01144	0.01281	0.05164	0.01545	0.03800	0.00885	0.09481	0.32115	0.21102	0.06763	0.02375	0.08473	0.00817	0.00591	0.00185	0.00489	0.00673	0.00584	0.00846
8	0.00710	0.00508	0.00675	0.00788	0.00832	0.00473	0.00532	0.00829	0.01156	0.01556	0.11556	0.70848	0.03969	0.01720	0.00724	0.00226	0.00325	0.01558	0.00542	0.00473
9	0.01186	0.01017	0.01186	0.00847	0.01356	0.00762	0.00678	0.01440	0.01186	0.01864	0.01017	0.01186	0.00847	0.00424	0.00424	0.00085	0.00424	0.00339	0.00339	0.83395
10	0.01251	0.01251	0.01752	0.01502	0.01502	0.01752	0.01251	0.01377	0.00876	0.01377	0.00751	0.01251	0.00751	0.01001	0.01877	0.00250	0.78851	0.00501	0.00250	0.00626
11	0.70582	0.01187	0.00984	0.00844	0.01215	0.01363	0.00696	0.13564	0.01254	0.02736	0.00891	0.01002	0.00677	0.00556	0.00390	0.00176	0.00473	0.00343	0.00390	0.00677
12	0.05114	0.03757	0.01180	0.00965	0.01242	0.01129	0.00748	0.14192	0.23416	0.09133	0.12153	0.02655	0.06514	0.14135	0.00972	0.00244	0.00473	0.00708	0.00534	0.00735

[dist]
# distance from previous block
# <min> <max>
0	1

[block]
# block no. 8 follows, 41 sequences, length 36
# corresponding to MSA columns:
# 840-875
name=unknown_I
#
# <colnr> <probs for GDERKNQSTAVLIFYWHMCP>
#	G	D	E	R	K	N	Q	S	T	A	V	L	I	F	Y	W	H	M	C	P
0	0.50715	0.01136	0.01230	0.01407	0.17797	0.01225	0.00910	0.03395	0.01138	0.03900	0.01059	0.01434	0.00892	0.00591	0.00443	0.00174	0.00504	0.04885	0.00361	0.06803
1	0.01416	0.01359	0.02322	0.03511	0.76330	0.01359	0.01755	0.01755	0.01302	0.01869	0.01076	0.01416	0.00906	0.00510	0.00566	0.00170	0.00680	0.00510	0.00283	0.00906
2	0.01481	0.14783	0.04533	0.01002	0.01358	0.01225	0.00857	0.04162	0.23463	0.15055	0.19147	0.02390	0.04225	0.00802	0.00561	0.00171	0.00459	0.00658	0.00534	0.03133
3	0.00885	0.00646	0.00829	0.00778	0.00926	0.00629	0.00589	0.05641	0.01573	0.02204	0.57258	0.08439	0.06572	0.01510	0.08693	0.00260	0.00428	0.00998	0.00584	0.00558
4	0.01233	0.01133	0.01846	0.56712	0.19328	0.01327	0.01587	0.06910	0.01292	0.01707	0.01056	0.01490	0.00809	0.00567	0.00571	0.00185	0.00735	0.00509	0.00284	0.00718
5	0.00773	0.00583	0.00714	0.00681	0.00832	0.00524	0.00511	0.01008	0.01532	0.02087	0.56653	0.04613	0.24901	0.01246	0.00675	0.00184	0.00275	0.01082	0.00602	0.00524
6	0.02566	0.00973	0.01327	0.01018	0.01460	0.00841	0.00841	0.02788	0.01637	0.76726	0.02257	0.01947	0.01416	0.00708	0.00575	0.00177	0.00487	0.00575	0.00708	0.00973
7	0.00816	0.00576	0.00724	0.00692	0.00789	0.00544	0.00484	0.01009	0.01394	0.01955	0.54794	0.04121	0.04448	0.23692	0.01314	0.00287	0.00351	0.00976	0.00549	0.00484
8	0.00823	0.00551	0.00626	0.00635	0.00637	0.00549	0.00358	0.00830	0.00848	0.01131	0.01887	0.08488	0.02186	0.75008	0.02775	0.00534	0.00541	0.00882	0.00358	0.00354
9	0.07661	0.00982	0.01297	0.01001	0.01438	0.00868	0.00827	0.02718	0.01596	0.72083	0.02165	0.01883	0.01366	0.00697	0.00561	0.00177	0.00484	0.00559	0.00686	0.00951
10	0.01187	0.11077	0.69167	0.01562	0.02370	0.01427	0.01994	0.01801	0.01203	0.01763	0.01002	0.01177	0.00726	0.00538	0.00525	0.00175	0.00821	0.00410	0.00242	0.00834
11	0.81148	0.01115	0.00891	0.00845	0.03649	0.01286	0.00658	0.01684	0.00985	0.02543	0.00806	0.00946	0.00629	0.00530	0.00361	0.00177	0.00450	0.00316	0.00352	0.00629
12	0.04517	0.01029	0.01297	0.01007	0.01436	0.00937	0.00823	0.07374	0.07021	0.51531	0.04844	0.01883	0.01466	0.00687	0.00553	0.00166	0.00476	0.00556	0.00628	0.11768
13	0.01996	0.31893	0.07656	0.01117	0.01614	0.01476	0.04296	0.03799	0.01431	0.37025	0.01531	0.01463	0.01066	0.00600	0.00497	0.00157	0.00586	0.00463	0.00472	0.00862
14	0.06227	0.00979	0.01306	0.01006	0.01444	0.00861	0.00831	0.02738	0.01607	0.73390	0.02191	0.01901	0.01380	0.00700	0.00565	0.00177	0.00485	0.00563	0.00692	0.00958
15	0.01422	0.48543	0.30621	0.01224	0.01845	0.01864	0.01399	0.01787	0.01196	0.04149	0.00933	0.01062	0.00754	0.00517	0.00440	0.00146	0.00695	0.00359	0.00260	0.00784
16	0.01196	0.12889	0.67434	0.01547	0.02346	0.01449	0.01968	0.01799	0.01202	0.01752	0.00997	0.01170	0.00726	0.00536	0.00521	0.00174	0.00815	0.00408	0.00242	0.00831
17	0.02566	0.00973	0.01327	0.01018	0.01460	0.00841	0.00841	0.02788	0.01637	0.76726	0.02257	0.01947	0.01416	0.00708	0.00575	0.00177	0.00487	0.00575	0.00708	0.00973
18	0.01171	0.01109	0.01879	0.58301	0.23455	0.01295	0.01634	0.01541	0.01187	0.01571	0.01033	0.01496	0.00801	0.00555	0.00570	0.00185	0.00740	0.00509	0.00262	0.00708
19	0.02261	0.06988	0.07422	0.01044	0.01502	0.00965	0.00932	0.02518	0.01567	0.60283	0.06904	0.01965	0.01572	0.00709	0.00564	0.00173	0.00510	0.00573	0.00631	0.00917
20	0.02566	0.00973	0.01327	0.01018	0.01460	0.00841	0.00841	0.02788	0.01637	0.76726	0.02257	0.01947	0.01416	0.00708	0.00575	0.00177	0.00487	0.00575	0.00708	0.00973
21	0.83938	0.01106	0.00841	0.00752	0.01106	0.01283	0.00619	0.01681	0.00973	0.02566	0.00796	0.00929	0.00619	0.00531	0.00354	0.00177	0.00442	0.00310	0.00354	0.00619
22	0.02566	0.00973	0.01327	0.01018	0.01460	0.00841	0.00841	0.02788	0.01637	0.76726	0.02257	0.01947	0.01416	0.00708	0.00575	0.00177	0.00487	0.00575	0.00708	0.00973
23	0.01529	0.80242	0.02997	0.00979	0.01468	0.02263	0.00979	0.01713	0.01162	0.01346	0.00795	0.00918	0.00734	0.00489	0.00367	0.00122	0.00612	0.00306	0.00245	0.00734
24	0.00739	0.00579	0.00669	0.00652	0.00813	0.00509	0.00487	0.00941	0.01445	0.01893	0.38566	0.07244	0.40763	0.01329	0.00677	0.00188	0.00282	0.01139	0.00577	0.00509
25	0.00803	0.00584	0.00755	0.00712	0.00850	0.00537	0.00534	0.01066	0.01603	0.02256	0.72455	0.04335	0.08994	0.01184	0.00675	0.00181	0.00271	0.01043	0.00625	0.00537
26	0.83938	0.01106	0.00841	0.00752	0.01106	0.01283	0.00619	0.01681	0.00973	0.02566	0.00796	0.00929	0.00619	0.00531	0.00354	0.00177	0.00442	0.00310	0.00354	0.00619
27	0.79665	0.01099	0.00866	0.00766	0.01125	0.01260	0.00631	0.01739	0.01008	0.06461	0.00873	0.00983	0.00661	0.00540	0.00366	0.00177	0.00445	0.00324	0.00373	0.00638
28	0.01127	0.26079	0.10618	0.03060	0.05037	0.01268	0.00983	0.01442	0.04786	0.01654	0.11028	0.22029	0.02256	0.00972	0.00562	0.00176	0.00516	0.03303	0.00397	0.02708
29	0.01222	0.16597	0.61748	0.01568	0.04372	0.01495	0.01902	0.01792	0.01202	0.01731	0.00987	0.01162	0.00731	0.00533	0.00513	0.00170	0.00799	0.00404	0.00243	0.00827
30	0.00697	0.00498	0.00664	0.00796	0.00830	0.00465	0.00531	0.00796	0.01095	0.01460	0.03153	0.79525	0.03783	0.01792	0.00730	0.00232	0.00332	0.01626	0.00531	0.00465
31	0.00701	0.00580	0.00614	0.00605	0.00788	0.00493	0.00454	0.00869	0.01362	0.01683	0.18751	0.05277	0.63055	0.01397	0.00676	0.00191	0.00286	0.01175	0.00549	0.00493
32	0.01177	0.09068	0.71089	0.01579	0.02396	0.01402	0.02024	0.01804	0.01204	0.01775	0.01008	0.01185	0.00725	0.00539	0.00529	0.00176	0.00827	0.00413	0.00242	0.00837
33	0.06217	0.02655	0.56275	0.01717	0.06969	0.09284	0.05425	0.01850	0.01250	0.01818	0.01007	0.01202	0.00738	0.00542	0.00537	0.00177	0.00836	0.00428	0.00259	0.00813
34	0.00676	0.00579	0.00579	0.00579	0.00773	0.00483	0.00435	0.00821	0.01304	0.01545	0.05794	0.05505	0.76098	0.01449	0.00676	0.00193	0.00290	0.01207	0.00531	0.00483
35	0.01689	0.01071	0.01687	0.15232	0.29263	0.01064	0.01271	0.01968	0.01372	0.28284	0.01707	0.09991	0.01370	0.00728	0.00588	0.00183	0.00588	0.00652	0.00455	0.00836

[dist]
# distance from previous block
# <min> <max>
5	9

[block]
# block no. 9 follows, 41 sequences, length 16
# corresponding to MSA columns:
# 886-901
name=unknown_J
#
# <colnr> <probs for GDERKNQSTAVLIFYWHMCP>
#	G	D	E	R	K	N	Q	S	T	A	V	L	I	F	Y	W	H	M	C	P
0	0.01748	0.33714	0.07291	0.01500	0.10014	0.27951	0.01193	0.07403	0.01454	0.01624	0.00916	0.01066	0.00772	0.00544	0.00468	0.00144	0.00780	0.00374	0.00291	0.00754
1	0.00886	0.00585	0.00703	0.00676	0.00752	0.00563	0.00444	0.00993	0.01137	0.04621	0.24438	0.03894	0.07973	0.45031	0.04607	0.00415	0.00483	0.00900	0.00458	0.00445
2	0.01493	0.70403	0.07860	0.01108	0.01626	0.02152	0.05504	0.01726	0.01177	0.01406	0.00832	0.00975	0.00742	0.00492	0.00397	0.00130	0.00648	0.00336	0.00247	0.00744
3	0.01357	0.01299	0.02216	0.16613	0.63686	0.01344	0.01726	0.01704	0.01275	0.01798	0.01066	0.01435	0.00881	0.00521	0.00567	0.00174	0.00694	0.00509	0.00278	0.00859
4	0.01066	0.00533	0.00533	0.00533	0.00666	0.00533	0.00400	0.01333	0.01200	0.02132	0.01866	0.02132	0.01466	0.00666	0.00400	0.00133	0.00267	0.00533	0.83073	0.00533
5	0.00767	0.00560	0.00623	0.00635	0.00707	0.00528	0.00406	0.00832	0.01018	0.01296	0.03267	0.10843	0.27374	0.43649	0.04743	0.00417	0.00482	0.01020	0.00424	0.00409
6	0.02271	0.01262	0.01483	0.01157	0.01592	0.01292	0.00950	0.32232	0.10752	0.37939	0.01902	0.01733	0.01273	0.00707	0.00575	0.00177	0.00541	0.00559	0.00637	0.00965
7	0.01428	0.01209	0.01284	0.01144	0.01463	0.01385	0.00892	0.07275	0.65934	0.02460	0.07192	0.02230	0.01943	0.00797	0.00588	0.00192	0.00451	0.00665	0.00585	0.00885
8	0.01250	0.01169	0.01377	0.03627	0.01529	0.05486	0.03206	0.01562	0.05403	0.01761	0.01214	0.01417	0.03534	0.00591	0.00698	0.00133	0.13341	0.00432	0.00338	0.51932
9	0.13223	0.01421	0.09457	0.01825	0.13798	0.01269	0.20079	0.09547	0.02732	0.07308	0.01520	0.03303	0.02425	0.00704	0.00593	0.00191	0.00684	0.08749	0.00392	0.00779
10	0.00838	0.00591	0.00757	0.00831	0.00904	0.00584	0.00624	0.00974	0.01098	0.01439	0.02725	0.16652	0.07040	0.29208	0.04065	0.00379	0.00526	0.29857	0.00457	0.00451
11	0.01033	0.00670	0.00918	0.00987	0.01137	0.00657	0.00837	0.01273	0.01318	0.07835	0.07182	0.05623	0.05444	0.06051	0.03599	0.00289	0.00538	0.53527	0.00530	0.00552
12	0.01192	0.01077	0.03355	0.04232	0.04140	0.00866	0.02467	0.03066	0.03988	0.01881	0.01264	0.04039	0.01115	0.00567	0.00484	0.00118	0.00479	0.04637	0.00361	0.60673
13	0.01194	0.01151	0.01752	0.60204	0.07920	0.04552	0.01528	0.03495	0.01186	0.01533	0.00995	0.01464	0.00775	0.00619	0.00712	0.00194	0.09299	0.00502	0.00266	0.00661
14	0.00730	0.00534	0.00686	0.00749	0.00831	0.00490	0.00523	0.00887	0.01281	0.01729	0.26106	0.48121	0.12097	0.01561	0.00707	0.00212	0.00308	0.01397	0.00562	0.00490
15	0.21599	0.01045	0.01147	0.06388	0.03458	0.03505	0.00824	0.12726	0.04215	0.09170	0.05730	0.06555	0.01502	0.06490	0.12917	0.00323	0.00687	0.00604	0.00437	0.00679

[dist]
# distance from previous block
# <min> <max>
0	1

[block]
# block no. 10 follows, 41 sequences, length 6
# corresponding to MSA columns:
# 903-908
name=unknown_K
#
# <colnr> <probs for GDERKNQSTAVLIFYWHMCP>
#	G	D	E	R	K	N	Q	S	T	A	V	L	I	F	Y	W	H	M	C	P
0	0.01357	0.01505	0.09642	0.09059	0.56831	0.01357	0.08374	0.01745	0.01285	0.01828	0.01074	0.01415	0.00874	0.00515	0.00574	0.00175	0.00728	0.00516	0.00277	0.00867
1	0.00694	0.00571	0.00610	0.00620	0.00789	0.00487	0.00458	0.00848	0.01316	0.01622	0.13599	0.13809	0.59686	0.01456	0.00682	0.00196	0.00292	0.01235	0.00543	0.00487
2	0.13990	0.01189	0.01380	0.01074	0.01508	0.01196	0.00887	0.25092	0.01873	0.43276	0.01772	0.01623	0.01164	0.00676	0.00543	0.00175	0.00525	0.00519	0.00615	0.00923
3	0.07714	0.01164	0.01955	0.45028	0.23948	0.01311	0.07605	0.01592	0.01192	0.01693	0.01028	0.01449	0.00800	0.00544	0.00562	0.00184	0.00731	0.00507	0.00273	0.00721
4	0.00851	0.00755	0.00822	0.00884	0.05564	0.04992	0.00604	0.01015	0.01238	0.01533	0.08670	0.04210	0.43755	0.07989	0.14240	0.00343	0.00592	0.00972	0.00455	0.00517
5	0.00697	0.00498	0.00664	0.00796	0.00830	0.00465	0.00531	0.00796	0.01095	0.01460	0.03153	0.79525	0.03783	0.01792	0.00730	0.00232	0.00332	0.01626	0.00531	0.00465

[dist]
# distance from previous block
# <min> <max>
1	3

[block]
# block no. 11 follows, 41 sequences, length 24
# corresponding to MSA columns:
# 912-935
name=unknown_L
#
# <colnr> <probs for GDERKNQSTAVLIFYWHMCP>
#	G	D	E	R	K	N	Q	S	T	A	V	L	I	F	Y	W	H	M	C	P
0	0.49935	0.01171	0.01377	0.15745	0.01901	0.01354	0.08564	0.05525	0.01131	0.02260	0.00904	0.01151	0.00700	0.00572	0.00538	0.00186	0.05588	0.00409	0.00333	0.00658
1	0.00793	0.00569	0.00735	0.00836	0.00898	0.00550	0.00577	0.05233	0.01198	0.01597	0.03042	0.72477	0.03598	0.01719	0.00723	0.00230	0.00356	0.03840	0.00533	0.00497
2	0.00959	0.00713	0.00938	0.01035	0.01180	0.00734	0.00870	0.01379	0.10983	0.01769	0.02952	0.15164	0.03152	0.01502	0.00755	0.00250	0.00492	0.54071	0.00534	0.00568
3	0.01186	0.01017	0.01186	0.00847	0.01356	0.00762	0.00678	0.01440	0.01186	0.01864	0.01017	0.01186	0.00847	0.00424	0.00424	0.00085	0.00424	0.00339	0.00339	0.83395
4	0.01890	0.34168	0.02179	0.01273	0.01647	0.47043	0.01054	0.02052	0.01435	0.01378	0.00848	0.00985	0.00736	0.00549	0.00455	0.00137	0.00861	0.00343	0.00274	0.00692
5	0.01636	0.01063	0.01418	0.11056	0.08491	0.00969	0.00962	0.03966	0.05525	0.23702	0.01467	0.01530	0.01061	0.00560	0.00512	0.00141	0.00516	0.00467	0.00451	0.34507
6	0.01441	0.01419	0.02260	0.06351	0.69497	0.05432	0.01714	0.01772	0.01313	0.01828	0.01063	0.01399	0.00891	0.00516	0.00564	0.00169	0.00702	0.00502	0.00283	0.00882
7	0.01055	0.08820	0.01777	0.08084	0.09529	0.01087	0.15775	0.01291	0.01165	0.01562	0.01961	0.36099	0.02137	0.01109	0.00726	0.00204	0.05588	0.01018	0.00386	0.00625
8	0.78701	0.01210	0.00891	0.00798	0.01149	0.06170	0.00651	0.01720	0.01015	0.02492	0.00802	0.00936	0.00627	0.00535	0.00364	0.00175	0.00480	0.00313	0.00350	0.00622
9	0.01715	0.01374	0.01458	0.01223	0.01599	0.01559	0.00976	0.30792	0.47068	0.02864	0.01957	0.01838	0.01445	0.00741	0.00578	0.00185	0.00521	0.00595	0.00578	0.00932
10	0.00801	0.00578	0.00760	0.00745	0.00867	0.00536	0.00557	0.01050	0.01540	0.02163	0.63549	0.13618	0.05097	0.01266	0.00687	0.00190	0.00290	0.04563	0.00613	0.00530
11	0.01370	0.01173	0.01248	0.01126	0.01433	0.01347	0.00874	0.02871	0.68957	0.02384	0.08670	0.02318	0.02060	0.00810	0.00590	0.00193	0.00437	0.00680	0.00586	0.00874
12	0.01877	0.01742	0.01712	0.01713	0.15457	0.20240	0.01168	0.32254	0.09332	0.02552	0.05284	0.01528	0.01216	0.00665	0.00564	0.00168	0.00701	0.00519	0.00455	0.00854
13	0.01563	0.75895	0.02920	0.01006	0.01485	0.06488	0.00986	0.01745	0.01188	0.01349	0.00800	0.00924	0.00734	0.00495	0.00375	0.00124	0.00635	0.00309	0.00247	0.00730
14	0.00758	0.00577	0.00690	0.00673	0.00817	0.00516	0.00496	0.00965	0.01451	0.01945	0.44960	0.09197	0.29336	0.04158	0.00760	0.00201	0.00291	0.01122	0.00580	0.00509
15	0.02070	0.01220	0.01449	0.01207	0.03798	0.01257	0.00949	0.30957	0.10034	0.29827	0.04478	0.05640	0.01547	0.00785	0.00589	0.00181	0.00531	0.01952	0.00613	0.00916
16	0.32592	0.01247	0.05747	0.21007	0.17936	0.01287	0.03604	0.01706	0.03527	0.03384	0.02423	0.01337	0.00870	0.00559	0.00492	0.00180	0.00611	0.00450	0.00324	0.00716
17	0.02296	0.01014	0.01476	0.01132	0.01563	0.00905	0.07442	0.02611	0.05173	0.61908	0.06594	0.02059	0.01622	0.00719	0.00591	0.00179	0.00515	0.00615	0.00659	0.00926
18	0.00778	0.00568	0.00731	0.00722	0.00843	0.00521	0.00529	0.01006	0.01497	0.02079	0.56827	0.18197	0.10955	0.01307	0.00685	0.00191	0.00283	0.01157	0.00603	0.00521
19	0.05773	0.01353	0.03718	0.12612	0.53788	0.01353	0.09610	0.01724	0.01268	0.01850	0.01061	0.01413	0.00865	0.00516	0.00567	0.00176	0.00712	0.00515	0.00283	0.00841
20	0.01494	0.12569	0.43153	0.01640	0.09086	0.01369	0.04712	0.01975	0.01296	0.15608	0.01234	0.01340	0.00877	0.00561	0.00534	0.00172	0.00738	0.00454	0.00334	0.00857
21	0.02287	0.00906	0.01232	0.00979	0.01365	0.00788	0.00794	0.02500	0.01587	0.65232	0.07005	0.09086	0.01881	0.00835	0.00595	0.00182	0.00459	0.00699	0.00687	0.00900
22	0.01330	0.01281	0.02210	0.22053	0.55738	0.01340	0.04344	0.01685	0.01265	0.01766	0.01064	0.01447	0.00869	0.00524	0.00572	0.00176	0.00710	0.00515	0.00276	0.00834
23	0.01389	0.01356	0.08038	0.15274	0.10119	0.01246	0.24829	0.09060	0.01423	0.07296	0.01435	0.08553	0.01189	0.00671	0.00607	0.00186	0.00725	0.00663	0.05182	0.00761

[dist]
# distance from previous block
# <min> <max>
0	1

[block]
# block no. 12 follows, 41 sequences, length 6
# corresponding to MSA columns:
# 937-942
name=unknown_M
#
# <colnr> <probs for GDERKNQSTAVLIFYWHMCP>
#	G	D	E	R	K	N	Q	S	T	A	V	L	I	F	Y	W	H	M	C	P
0	0.11689	0.01306	0.01740	0.22692	0.02284	0.09027	0.09707	0.01548	0.01104	0.01610	0.01030	0.05851	0.00926	0.00768	0.00983	0.00207	0.26047	0.00551	0.00290	0.00639
1	0.00843	0.00658	0.00777	0.00764	0.00928	0.00631	0.00579	0.01223	0.10358	0.01976	0.35439	0.11643	0.24632	0.01288	0.00677	0.00196	0.00321	0.05927	0.00580	0.00560
2	0.01382	0.22968	0.15540	0.01789	0.20584	0.07636	0.01353	0.01686	0.01222	0.01622	0.01070	0.05759	0.00966	0.00617	0.00590	0.00159	0.05965	0.00477	0.00284	0.08333
3	0.00830	0.00562	0.00659	0.00659	0.00671	0.00574	0.00391	0.00854	0.00842	0.01135	0.01770	0.03564	0.02002	0.70862	0.11841	0.00598	0.00671	0.00806	0.00342	0.00366
4	0.01294	0.01235	0.02102	0.30675	0.50115	0.01327	0.01695	0.01649	0.01245	0.01721	0.01054	0.01455	0.00854	0.00532	0.00568	0.00177	0.00710	0.00509	0.00273	0.00808
5	0.00979	0.00789	0.01149	0.01475	0.16609	0.00771	0.01006	0.01237	0.01311	0.01714	0.03125	0.05242	0.15934	0.01336	0.00723	0.00231	0.00515	0.44779	0.00477	0.00597

[dist]
# distance from previous block
# <min> <max>
0	1

[block]
# block no. 13 follows, 41 sequences, length 80
# corresponding to MSA columns:
# 944-1011,1014-1025
name=unknown_N
#
# <colnr> <probs for GDERKNQSTAVLIFYWHMCP>
#	G	D	E	R	K	N	Q	S	T	A	V	L	I	F	Y	W	H	M	C	P
0	0.01513	0.01423	0.02191	0.07287	0.60830	0.04446	0.01644	0.10101	0.01466	0.02027	0.01099	0.01401	0.00899	0.00537	0.00565	0.00170	0.00692	0.00505	0.00315	0.00889
1	0.01480	0.03280	0.01453	0.01365	0.07725	0.01465	0.00991	0.08156	0.61913	0.02412	0.02115	0.01987	0.01594	0.00740	0.00575	0.00189	0.00489	0.00617	0.00548	0.00906
2	0.02350	0.01247	0.01489	0.01145	0.01587	0.01252	0.00944	0.34883	0.02109	0.42213	0.03557	0.01743	0.01309	0.00709	0.00576	0.00175	0.00546	0.00559	0.00645	0.00963
3	0.00734	0.00665	0.00621	0.00615	0.00812	0.03562	0.00461	0.00879	0.01316	0.01539	0.05598	0.05326	0.73089	0.01414	0.00670	0.00191	0.00319	0.01174	0.00522	0.00490
4	0.00790	0.00569	0.00747	0.00733	0.00850	0.00527	0.00538	0.01030	0.01527	0.02147	0.63220	0.17498	0.05113	0.01279	0.00684	0.00189	0.00281	0.01138	0.00612	0.00527
5	0.01251	0.01251	0.01752	0.01502	0.01502	0.01752	0.01251	0.01377	0.00876	0.01377	0.00751	0.01251	0.00751	0.01001	0.01877	0.00250	0.78851	0.00501	0.00250	0.00626
6	0.00952	0.00616	0.00810	0.00744	0.00904	0.00564	0.00564	0.01218	0.01621	0.08342	0.70034	0.04084	0.05074	0.01132	0.00667	0.00180	0.00287	0.00997	0.00636	0.00575
7	0.76269	0.01098	0.00873	0.00761	0.01129	0.01235	0.00625	0.01659	0.00993	0.02501	0.00817	0.00953	0.00641	0.00521	0.00360	0.00168	0.00441	0.00312	0.00353	0.08291
8	0.00700	0.00514	0.00658	0.00763	0.00823	0.00471	0.00518	0.00815	0.01152	0.01517	0.07476	0.65346	0.13725	0.01711	0.00720	0.00224	0.00323	0.01537	0.00536	0.00471
9	0.83938	0.01106	0.00841	0.00752	0.01106	0.01283	0.00619	0.01681	0.00973	0.02566	0.00796	0.00929	0.00619	0.00531	0.00354	0.00177	0.00442	0.00310	0.00354	0.00619
10	0.01416	0.01359	0.02322	0.03511	0.76330	0.01359	0.01755	0.01755	0.01302	0.01869	0.01076	0.01416	0.00906	0.00510	0.00566	0.00170	0.00680	0.00510	0.00283	0.00906
11	0.00926	0.00616	0.00803	0.00770	0.00926	0.00567	0.00596	0.01178	0.01547	0.07077	0.55517	0.06627	0.10025	0.01224	0.00683	0.00192	0.00317	0.09236	0.00613	0.00561
12	0.02142	0.04562	0.01734	0.01347	0.01762	0.21981	0.01088	0.52755	0.02353	0.02941	0.01223	0.01267	0.00902	0.00654	0.00550	0.00164	0.00736	0.00469	0.00487	0.00882
13	0.00822	0.00572	0.00691	0.00704	0.00718	0.00591	0.00435	0.00859	0.00883	0.01192	0.01963	0.15674	0.02256	0.58609	0.08736	0.00524	0.03083	0.00930	0.00370	0.00388
14	0.01765	0.01413	0.01793	0.01634	0.12740	0.01479	0.06860	0.35796	0.13303	0.04662	0.01435	0.01500	0.01068	0.00625	0.00562	0.00165	0.00606	0.00526	0.00482	0.11587
15	0.01180	0.09655	0.70528	0.01574	0.02388	0.01409	0.02015	0.01803	0.01204	0.01771	0.01006	0.01182	0.00725	0.00539	0.00528	0.00176	0.00825	0.00413	0.00242	0.00836
