[name]
unknown

[dist]
# distance from previous block
# <min> <max>
7	157

[block]
# block no. 0 follows, 46 sequences, length 31
# corresponding to MSA columns:
# 167-197
name=unknown_A
#
# <colnr> <probs for GDERKNQSTAVLIFYWHMCP>
#	G	D	E	R	K	N	Q	S	T	A	V	L	I	F	Y	W	H	M	C	P
0	0.01064	0.07644	0.03282	0.02874	0.02951	0.00885	0.00717	0.05536	0.05386	0.05321	0.16536	0.15234	0.05546	0.06958	0.00760	0.00186	0.04333	0.00752	0.00426	0.13608
1	0.06417	0.04207	0.08775	0.03837	0.29696	0.07491	0.01241	0.06764	0.12636	0.07982	0.01225	0.01348	0.00940	0.00540	0.00497	0.00156	0.00595	0.00452	0.00353	0.04848
2	0.01030	0.11611	0.01206	0.00802	0.01134	0.00886	0.00649	0.01307	0.05770	0.01650	0.09685	0.11065	0.07126	0.00727	0.00514	0.00127	0.03150	0.00597	0.00375	0.40587
3	0.01286	0.01184	0.02026	0.04543	0.16129	0.02473	0.27913	0.04576	0.06241	0.06376	0.10210	0.01703	0.01380	0.00560	0.00556	0.00158	0.00631	0.00573	0.00359	0.11123
4	0.01119	0.00921	0.01006	0.00963	0.03270	0.02758	0.00711	0.01951	0.39216	0.04889	0.10097	0.12730	0.13394	0.00941	0.00570	0.00177	0.00384	0.00804	0.00512	0.03588
5	0.01096	0.00940	0.01096	0.00783	0.01253	0.00705	0.00626	0.01331	0.01096	0.01723	0.00940	0.01096	0.00783	0.00392	0.00392	0.00078	0.00392	0.00313	0.00313	0.84653
6	0.00648	0.00473	0.00611	0.00711	0.00763	0.00435	0.00482	0.00754	0.01061	0.01403	0.07601	0.68613	0.11320	0.01589	0.00667	0.00208	0.00299	0.01430	0.00496	0.00435
7	0.00876	0.00586	0.00666	0.00639	0.00684	0.00611	0.00406	0.05318	0.00916	0.01290	0.01612	0.03022	0.01732	0.60822	0.06637	0.00458	0.02411	0.00700	0.10224	0.00390
8	0.00718	0.00862	0.14426	0.00872	0.01036	0.00571	0.00749	0.00902	0.01031	0.01407	0.02566	0.66929	0.02996	0.01452	0.00644	0.00206	0.00391	0.01306	0.00443	0.00492
9	0.01015	0.00957	0.01617	0.75911	0.07747	0.01179	0.01477	0.01366	0.01065	0.01371	0.00943	0.01404	0.00712	0.00525	0.00528	0.00175	0.00700	0.00470	0.00236	0.00601
10	0.01173	0.00975	0.01152	0.00840	0.01298	0.00783	0.01803	0.03895	0.05668	0.03721	0.01053	0.01176	0.00850	0.00426	0.00412	0.00091	0.00408	0.00346	0.00341	0.73590
11	0.01392	0.00912	0.01106	0.00834	0.01250	0.00738	0.00666	0.04767	0.01245	0.19541	0.01389	0.08167	0.01144	0.00572	0.00454	0.00113	0.00406	0.00473	0.00417	0.54415
12	0.01527	0.01137	0.01270	0.02308	0.05699	0.02541	0.00863	0.30398	0.17716	0.09060	0.04045	0.03556	0.14804	0.00805	0.00554	0.00169	0.00478	0.01789	0.00511	0.00770
13	0.01050	0.00919	0.01267	0.01221	0.06569	0.01154	0.00895	0.05562	0.00936	0.01363	0.01111	0.01866	0.01114	0.18942	0.18090	0.00413	0.36156	0.00552	0.00281	0.00537
14	0.01677	0.01237	0.01422	0.05336	0.07429	0.04268	0.00948	0.36358	0.04564	0.10940	0.09420	0.01615	0.01367	0.00637	0.00521	0.00151	0.00528	0.00512	0.00478	0.10592
15	0.01595	0.00958	0.01124	0.00957	0.01265	0.00996	0.00758	0.04116	0.36486	0.28063	0.13508	0.02195	0.01996	0.00746	0.00544	0.00170	0.00403	0.00624	0.02696	0.00800
16	0.01487	0.01136	0.01282	0.01126	0.05251	0.01196	0.00849	0.18826	0.33780	0.07601	0.01647	0.01608	0.01228	0.00617	0.00500	0.00151	0.00455	0.00502	0.04422	0.16338
17	0.00942	0.00675	0.02617	0.05484	0.01099	0.00612	0.00640	0.05209	0.01196	0.08757	0.07698	0.48148	0.07789	0.01285	0.00619	0.00190	0.00368	0.01142	0.00483	0.05048
18	0.01768	0.01279	0.05021	0.01122	0.01518	0.01274	0.02975	0.37303	0.13175	0.16285	0.01600	0.05089	0.01192	0.00673	0.00527	0.00161	0.00519	0.00544	0.03248	0.04726
19	0.01455	0.42403	0.17775	0.01250	0.07017	0.01705	0.01181	0.10610	0.01277	0.06331	0.00941	0.01055	0.00753	0.00516	0.00474	0.00140	0.03714	0.00363	0.00291	0.00746
20	0.00660	0.00472	0.00628	0.00725	0.00770	0.00440	0.00492	0.00776	0.01086	0.01467	0.14299	0.69357	0.03723	0.01569	0.00667	0.00207	0.00298	0.01420	0.00505	0.00440
21	0.01201	0.02985	0.01701	0.01633	0.15815	0.02799	0.18361	0.01434	0.02308	0.09280	0.04068	0.20825	0.01658	0.00929	0.00779	0.06554	0.05900	0.00771	0.00368	0.00633
22	0.01483	0.04089	0.04598	0.07846	0.37944	0.03391	0.10186	0.07765	0.04293	0.11448	0.01188	0.01382	0.00903	0.00520	0.00529	0.00161	0.00642	0.00489	0.00340	0.00804
23	0.00866	0.00478	0.00649	0.00649	0.00649	0.00478	0.00410	0.00717	0.00717	0.00956	0.01181	0.02258	0.01271	0.29802	0.02286	0.55065	0.00478	0.00568	0.00261	0.00261
24	0.01086	0.01071	0.01718	0.36438	0.02499	0.01376	0.07828	0.01337	0.00959	0.01343	0.00852	0.01312	0.00722	0.00773	0.02788	0.00216	0.36371	0.00482	0.00237	0.00592
25	0.01327	0.14007	0.05687	0.21151	0.07787	0.07954	0.06661	0.09804	0.01288	0.04614	0.01248	0.08002	0.02802	0.00657	0.00576	0.00165	0.04742	0.00541	0.00317	0.00671
26	0.00990	0.00686	0.01193	0.11610	0.04986	0.00706	0.10495	0.00951	0.00835	0.01115	0.00944	0.01543	0.00871	0.01417	0.01601	0.58413	0.00556	0.00483	0.00237	0.00369
27	0.02346	0.00941	0.01252	0.00960	0.01370	0.00838	0.00793	0.07803	0.01582	0.73166	0.02028	0.01762	0.01280	0.00653	0.00531	0.00163	0.00459	0.00528	0.00645	0.00900
28	0.01380	0.01407	0.11932	0.08015	0.43529	0.01217	0.08843	0.03879	0.03153	0.09799	0.01143	0.01369	0.00873	0.00507	0.00532	0.00163	0.00654	0.00485	0.00311	0.00809
29	0.04444	0.12254	0.03807	0.02436	0.03628	0.09304	0.01011	0.26362	0.07072	0.11391	0.01194	0.01265	0.00898	0.00636	0.00662	0.00163	0.11852	0.00441	0.00409	0.00771
30	0.00709	0.00542	0.00757	0.00961	0.08058	0.00511	0.00593	0.00830	0.01057	0.01416	0.05504	0.67197	0.06849	0.01509	0.00656	0.00206	0.00333	0.01368	0.00472	0.00471

[dist]
# distance from previous block
# <min> <max>
1	14

[block]
# block no. 1 follows, 46 sequences, length 22
# corresponding to MSA columns:
# 212-233
name=unknown_B
#
# <colnr> <probs for GDERKNQSTAVLIFYWHMCP>
#	G	D	E	R	K	N	Q	S	T	A	V	L	I	F	Y	W	H	M	C	P
0	0.54031	0.01066	0.01035	0.00851	0.01203	0.01162	0.03672	0.08785	0.02743	0.02290	0.02515	0.01059	0.00768	0.00519	0.00426	0.00153	0.03048	0.00349	0.00349	0.13978
1	0.01079	0.03608	0.01092	0.00782	0.01192	0.00718	0.00621	0.01297	0.01112	0.03588	0.04058	0.09386	0.01228	0.00555	0.00431	0.00099	0.00385	0.00463	0.00347	0.67959
2	0.01471	0.56585	0.09908	0.01029	0.01495	0.04698	0.01021	0.11321	0.05259	0.01608	0.00902	0.00991	0.00755	0.00498	0.00395	0.00129	0.00595	0.00337	0.00283	0.00723
3	0.01912	0.04287	0.01469	0.01081	0.01496	0.01334	0.00894	0.46287	0.03497	0.18686	0.03571	0.01434	0.01093	0.00619	0.00510	0.00150	0.00520	0.00478	0.00521	0.10158
4	0.01397	0.05474	0.08358	0.01024	0.01420	0.05842	0.00892	0.20218	0.13930	0.04116	0.08008	0.01775	0.06203	0.00653	0.00500	0.00144	0.00503	0.00518	0.00431	0.18592
5	0.00937	0.04667	0.06025	0.01003	0.01142	0.05007	0.02209	0.02282	0.01066	0.01417	0.03725	0.34651	0.09200	0.01211	0.00876	0.00202	0.18873	0.04592	0.00388	0.00526
6	0.00644	0.00460	0.00613	0.00736	0.00767	0.00429	0.00491	0.00736	0.01012	0.01350	0.02914	0.81076	0.03497	0.01656	0.00675	0.00215	0.00307	0.01503	0.00491	0.00429
7	0.00906	0.00730	0.01007	0.08440	0.05200	0.00853	0.00772	0.01064	0.00987	0.01447	0.01878	0.28799	0.04359	0.05433	0.00968	0.00211	0.20149	0.00861	0.15427	0.00508
8	0.01011	0.00948	0.01570	0.76920	0.03548	0.01180	0.01442	0.01410	0.04166	0.01386	0.00989	0.01432	0.00742	0.00536	0.00529	0.00176	0.00693	0.00475	0.00247	0.00597
9	0.01074	0.02510	0.67711	0.01490	0.02160	0.01283	0.01840	0.01617	0.01072	0.01617	0.00912	0.01122	0.00673	0.00562	0.00678	0.00177	0.12123	0.00401	0.00224	0.00752
10	0.00648	0.00469	0.00613	0.00720	0.00765	0.00434	0.00486	0.00751	0.01050	0.01395	0.06991	0.72219	0.08294	0.01606	0.00669	0.00210	0.00301	0.01450	0.00496	0.00434
11	0.01420	0.01625	0.11461	0.14385	0.26213	0.17545	0.01360	0.07569	0.03830	0.03687	0.05052	0.01395	0.01022	0.00557	0.00518	0.00159	0.00693	0.00465	0.00311	0.00732
12	0.00918	0.00459	0.00689	0.00689	0.00689	0.00459	0.00459	0.00689	0.00689	0.00918	0.00918	0.01607	0.00918	0.01837	0.02066	0.84619	0.00459	0.00459	0.00230	0.00230
13	0.00653	0.00464	0.00611	0.00725	0.00753	0.00435	0.00479	0.00738	0.00995	0.01326	0.02825	0.75540	0.03384	0.07345	0.00819	0.00236	0.00321	0.01451	0.00479	0.00422
14	0.00676	0.00505	0.00632	0.00699	0.00789	0.00461	0.00504	0.00817	0.01156	0.01515	0.15723	0.43596	0.21252	0.01469	0.00660	0.00201	0.00305	0.08084	0.00505	0.00450
15	0.01330	0.13283	0.43350	0.01473	0.02110	0.01304	0.15092	0.01793	0.01191	0.12553	0.01103	0.01232	0.00786	0.00507	0.00506	0.00161	0.00724	0.00438	0.00293	0.00771
16	0.01413	0.81739	0.02770	0.00905	0.01357	0.02092	0.00905	0.01583	0.01074	0.01244	0.00735	0.00848	0.00678	0.00452	0.00339	0.00113	0.00565	0.00283	0.00226	0.00678
17	0.01997	0.00950	0.01197	0.00947	0.01306	0.00900	0.00771	0.16348	0.03121	0.49543	0.10327	0.04880	0.03749	0.00753	0.00549	0.00165	0.00442	0.00619	0.00610	0.00826
18	0.00992	0.00711	0.00832	0.00784	0.00965	0.00707	0.00595	0.08610	0.10758	0.06252	0.21656	0.19716	0.18563	0.02642	0.00652	0.00189	0.00344	0.03929	0.00529	0.00574
19	0.05260	0.07008	0.36332	0.01239	0.01768	0.01177	0.04733	0.08140	0.01299	0.12331	0.08008	0.01598	0.02860	0.02454	0.00602	0.00173	0.03431	0.00493	0.00356	0.00738
20	0.06845	0.32342	0.03836	0.05272	0.04730	0.08278	0.07307	0.04361	0.04499	0.04890	0.02302	0.04032	0.00945	0.00564	0.00491	0.00144	0.03604	0.00432	0.00305	0.04822
21	0.01282	0.10651	0.05765	0.03081	0.06819	0.02492	0.03610	0.04834	0.03912	0.07261	0.01143	0.01358	0.00924	0.02284	0.03760	0.00171	0.07857	0.00422	0.07628	0.24746

[dist]
# distance from previous block
# <min> <max>
1	131

[block]
# block no. 2 follows, 46 sequences, length 63
# corresponding to MSA columns:
# 370-432
name=unknown_C
#
# <colnr> <probs for GDERKNQSTAVLIFYWHMCP>
#	G	D	E	R	K	N	Q	S	T	A	V	L	I	F	Y	W	H	M	C	P
0	0.10771	0.09624	0.06401	0.11179	0.10227	0.03296	0.04849	0.06812	0.08098	0.08241	0.02829	0.05665	0.04331	0.00701	0.00558	0.03094	0.00555	0.01721	0.00366	0.00683
1	0.01285	0.02668	0.09582	0.09022	0.01699	0.11214	0.04812	0.12560	0.04151	0.01843	0.07990	0.05823	0.01362	0.04134	0.00641	0.00165	0.03062	0.00536	0.00358	0.17094
2	0.00860	0.00589	0.00755	0.00714	0.00849	0.00562	0.00539	0.01059	0.01348	0.07675	0.46243	0.14591	0.15600	0.01161	0.00683	0.00178	0.04538	0.00999	0.00542	0.00516
3	0.01208	0.00958	0.01396	0.18583	0.16746	0.01007	0.02594	0.11494	0.03370	0.06275	0.01613	0.17395	0.01545	0.04310	0.00655	0.00190	0.00539	0.04470	0.00385	0.05269
4	0.00667	0.00483	0.00634	0.00740	0.00794	0.00450	0.00518	0.00783	0.01067	0.01411	0.06412	0.65010	0.09076	0.01589	0.00674	0.00213	0.00318	0.08229	0.00494	0.00439
5	0.01046	0.00988	0.01672	0.68352	0.15068	0.01187	0.01492	0.01392	0.01080	0.01408	0.00948	0.01394	0.00725	0.00520	0.00528	0.00173	0.00693	0.00470	0.00239	0.00626
6	0.01640	0.00823	0.01047	0.00878	0.01173	0.00777	0.00706	0.04319	0.11315	0.38802	0.22123	0.02732	0.05890	0.00846	0.00571	0.00171	0.00391	0.04454	0.00600	0.00745
7	0.08830	0.12739	0.09904	0.02927	0.01555	0.01387	0.00973	0.32148	0.01652	0.03490	0.01071	0.01160	0.00810	0.00535	0.00451	0.00138	0.00541	0.00394	0.03124	0.16170
8	0.00650	0.00474	0.00612	0.00715	0.00768	0.00437	0.00487	0.00755	0.01056	0.01392	0.06085	0.68230	0.11906	0.01595	0.00668	0.00209	0.00303	0.02726	0.00494	0.00435
9	0.06087	0.22672	0.43581	0.01362	0.04535	0.01470	0.03082	0.01630	0.01084	0.02931	0.00888	0.01061	0.00688	0.00519	0.00542	0.00158	0.06368	0.00372	0.00240	0.00731
10	0.01163	0.22695	0.54059	0.01405	0.02085	0.01455	0.06948	0.01652	0.01115	0.01566	0.00903	0.01070	0.00681	0.00486	0.00469	0.00154	0.00734	0.00380	0.00227	0.00750
11	0.00670	0.00479	0.00643	0.00766	0.00808	0.00452	0.00536	0.00781	0.01038	0.01379	0.02899	0.71671	0.03440	0.01632	0.00682	0.00218	0.00329	0.10651	0.00490	0.00437
12	0.00860	0.05162	0.16810	0.00998	0.01248	0.00870	0.00947	0.01132	0.00914	0.01320	0.01271	0.01799	0.01143	0.03015	0.57574	0.00660	0.02948	0.00514	0.00267	0.00548
13	0.03631	0.13377	0.05435	0.13032	0.01689	0.02510	0.04198	0.09749	0.02917	0.12171	0.08920	0.04100	0.01580	0.00721	0.00517	0.00164	0.00529	0.07558	0.06531	0.00669
14	0.04471	0.00561	0.00761	0.00805	0.00900	0.00533	0.02880	0.00969	0.01076	0.06934	0.05475	0.58782	0.03106	0.03900	0.00712	0.00217	0.00357	0.06595	0.00486	0.00481
15	0.00918	0.00459	0.00689	0.00689	0.00689	0.00459	0.00459	0.00689	0.00689	0.00918	0.00918	0.01607	0.00918	0.01837	0.02066	0.84619	0.00459	0.00459	0.00230	0.00230
16	0.01138	0.01104	0.03798	0.23127	0.40862	0.01136	0.01390	0.01533	0.06964	0.01616	0.01305	0.11248	0.01186	0.00653	0.00544	0.00171	0.00597	0.00606	0.00303	0.00719
17	0.01234	0.01516	0.14647	0.16140	0.02770	0.01260	0.46887	0.01676	0.01207	0.05799	0.01082	0.01394	0.00791	0.00481	0.00582	0.00175	0.00816	0.00554	0.00276	0.00711
18	0.01019	0.00968	0.01590	0.69967	0.03350	0.01232	0.01428	0.01341	0.01025	0.01341	0.00908	0.01377	0.00703	0.00580	0.00685	0.00183	0.11015	0.00469	0.00234	0.00586
19	0.00680	0.00540	0.00612	0.00600	0.00755	0.00472	0.00453	0.00862	0.01319	0.01703	0.33599	0.04670	0.47129	0.01242	0.00628	0.00176	0.00267	0.03299	0.00526	0.00468
20	0.01061	0.07439	0.47722	0.14061	0.02344	0.01233	0.07469	0.01544	0.01113	0.01582	0.03111	0.05327	0.00947	0.00582	0.00542	0.00170	0.02307	0.00488	0.00252	0.00708
21	0.01167	0.09822	0.50960	0.05190	0.16927	0.03730	0.01740	0.01655	0.01138	0.01618	0.00933	0.01136	0.00705	0.00494	0.00491	0.00160	0.00733	0.00398	0.00233	0.00769
22	0.00998	0.00940	0.01586	0.80150	0.03641	0.01175	0.01468	0.01351	0.01057	0.01351	0.00940	0.01409	0.00705	0.00529	0.00529	0.00176	0.00705	0.00470	0.00235	0.00587
23	0.01034	0.00969	0.01614	0.68875	0.10752	0.01175	0.01453	0.01412	0.03173	0.01416	0.01017	0.01509	0.00791	0.00547	0.00532	0.00176	0.00685	0.02003	0.00251	0.00616
24	0.01096	0.00940	0.01096	0.00783	0.01253	0.00705	0.00626	0.01331	0.01096	0.01723	0.00940	0.01096	0.00783	0.00392	0.00392	0.00078	0.00392	0.00313	0.00313	0.84653
25	0.00764	0.00511	0.00578	0.00582	0.00583	0.00510	0.00326	0.00768	0.00777	0.01036	0.01709	0.06151	0.01977	0.78655	0.02621	0.00502	0.00505	0.00794	0.00326	0.00324
26	0.01248	0.01426	0.03119	0.02228	0.02763	0.01337	0.76203	0.01693	0.01248	0.01693	0.01070	0.01426	0.00802	0.00446	0.00624	0.00178	0.00891	0.00624	0.00267	0.00713
27	0.00755	0.00566	0.00850	0.00850	0.00944	0.00661	0.00661	0.00944	0.00850	0.01227	0.01416	0.02077	0.01322	0.03965	0.79326	0.00850	0.01416	0.00566	0.00283	0.00472
28	0.00704	0.00535	0.00647	0.00627	0.00764	0.00479	0.00467	0.00908	0.01380	0.01861	0.50964	0.07965	0.28392	0.01191	0.00626	0.00173	0.00258	0.01033	0.00548	0.00479
29	0.00773	0.00566	0.00728	0.00683	0.00815	0.00534	0.00513	0.01076	0.04776	0.02124	0.74564	0.03863	0.04842	0.01065	0.00620	0.00167	0.00257	0.00941	0.00580	0.00513
30	0.80931	0.01016	0.00800	0.00708	0.01039	0.01165	0.00583	0.01606	0.00931	0.06256	0.00805	0.00907	0.00610	0.00499	0.00338	0.00164	0.00411	0.00299	0.00344	0.00589
31	0.01228	0.00818	0.00708	0.00659	0.00829	0.10746	0.00502	0.04670	0.01239	0.05847	0.01606	0.01800	0.01246	0.00609	0.00399	0.00128	0.00363	0.00474	0.65581	0.00547
32	0.01218	0.02470	0.65527	0.01481	0.02205	0.01214	0.05219	0.04986	0.01214	0.08045	0.01061	0.01193	0.00738	0.00518	0.00511	0.00167	0.00751	0.00417	0.00274	0.00793
33	0.01148	0.01144	0.01603	0.01377	0.01379	0.01599	0.01146	0.01265	0.00810	0.01271	0.00709	0.01176	0.00707	0.00988	0.03339	0.00244	0.78819	0.00465	0.00232	0.00576
34	0.00918	0.00459	0.00689	0.00689	0.00689	0.00459	0.00459	0.00689	0.00689	0.00918	0.00918	0.01607	0.00918	0.01837	0.02066	0.84619	0.00459	0.00459	0.00230	0.00230
35	0.01008	0.00949	0.01602	0.77866	0.05853	0.01177	0.01473	0.01359	0.01061	0.01362	0.00941	0.01406	0.00709	0.00527	0.00528	0.00176	0.00702	0.00470	0.00236	0.00595
36	0.01404	0.79712	0.04718	0.00920	0.01381	0.02070	0.00931	0.01585	0.01075	0.01255	0.00740	0.00855	0.00678	0.00454	0.00343	0.00114	0.00571	0.00285	0.00226	0.00681
37	0.00652	0.00465	0.00619	0.00739	0.00772	0.00436	0.00497	0.00746	0.01013	0.01349	0.02886	0.77502	0.03453	0.03243	0.00716	0.00221	0.00316	0.03458	0.00487	0.00429
38	0.00734	0.00540	0.00686	0.00650	0.00781	0.00493	0.00487	0.00969	0.01462	0.02038	0.69246	0.04084	0.13637	0.01111	0.00624	0.00168	0.00252	0.00975	0.00571	0.00493
39	0.00659	0.00472	0.00627	0.00726	0.00770	0.00440	0.00492	0.00774	0.01083	0.01462	0.13840	0.69829	0.03714	0.01572	0.00667	0.00208	0.00298	0.01423	0.00504	0.00440
40	0.07146	0.01147	0.01262	0.00997	0.01352	0.01218	0.00815	0.42517	0.01947	0.17586	0.05617	0.01591	0.01245	0.00651	0.00499	0.00155	0.00479	0.00503	0.12474	0.00799
41	0.00748	0.00540	0.00707	0.00665	0.00790	0.00499	0.00499	0.00998	0.01496	0.02120	0.77844	0.03949	0.04988	0.01081	0.00624	0.00166	0.00249	0.00956	0.00582	0.00499
42	0.01150	0.01654	0.25284	0.18712	0.04164	0.01215	0.30434	0.01606	0.01172	0.03726	0.01120	0.01569	0.00870	0.00539	0.00568	0.00177	0.00780	0.04288	0.00269	0.00702
43	0.01112	0.13068	0.66405	0.01450	0.02180	0.01345	0.04086	0.01663	0.01115	0.01618	0.00924	0.01090	0.00675	0.00494	0.00485	0.00161	0.00756	0.00384	0.00225	0.00766
44	0.85155	0.01022	0.00777	0.00695	0.01022	0.01186	0.00573	0.01554	0.00900	0.02372	0.00736	0.00859	0.00573	0.00491	0.00327	0.00164	0.00409	0.00286	0.00327	0.00573
45	0.00748	0.00540	0.00707	0.00665	0.00790	0.00499	0.00499	0.00998	0.01496	0.02120	0.77844	0.03949	0.04988	0.01081	0.00624	0.00166	0.00249	0.00956	0.00582	0.00499
46	0.00647	0.00461	0.00612	0.00732	0.00762	0.00432	0.00486	0.00737	0.01006	0.01341	0.02880	0.78969	0.03454	0.03821	0.00729	0.00223	0.00312	0.01483	0.00486	0.00426
47	0.00628	0.00536	0.00540	0.00539	0.00716	0.00448	0.00404	0.00764	0.01212	0.01445	0.07082	0.05061	0.76171	0.01333	0.00625	0.00178	0.00267	0.01112	0.00493	0.00448
48	0.01096	0.00940	0.01096	0.00783	0.01253	0.00705	0.00626	0.01331	0.01096	0.01723	0.00940	0.01096	0.00783	0.00392	0.00392	0.00078	0.00392	0.00313	0.00313	0.84653
49	0.00998	0.00940	0.01586	0.80150	0.03641	0.01175	0.01468	0.01351	0.01057	0.01351	0.00940	0.01409	0.00705	0.00529	0.00529	0.00176	0.00705	0.00470	0.00235	0.00587
50	0.01096	0.00940	0.01096	0.00783	0.01253	0.00705	0.00626	0.01331	0.01096	0.01723	0.00940	0.01096	0.00783	0.00392	0.00392	0.00078	0.00392	0.00313	0.00313	0.84653
51	0.01060	0.02735	0.78682	0.01507	0.02288	0.01228	0.01953	0.01674	0.01116	0.01674	0.00949	0.01116	0.00670	0.00502	0.00502	0.00167	0.00781	0.00391	0.00223	0.00781
52	0.01315	0.01136	0.01195	0.01076	0.01375	0.01315	0.00837	0.02809	0.77168	0.02211	0.02152	0.01972	0.01614	0.00717	0.00538	0.00179	0.00418	0.00598	0.00538	0.00837
53	0.01065	0.02699	0.76626	0.01526	0.02301	0.01231	0.03974	0.01675	0.01120	0.01675	0.00952	0.01125	0.00673	0.00501	0.00506	0.00168	0.00784	0.00397	0.00224	0.00779
54	0.01021	0.00754	0.02802	0.01104	0.04791	0.00675	0.10148	0.01231	0.01198	0.11501	0.10021	0.35916	0.04350	0.01204	0.00640	0.00198	0.00441	0.10960	0.00476	0.00567
55	0.00682	0.00530	0.00621	0.00644	0.00774	0.00472	0.00481	0.00844	0.01233	0.01587	0.22043	0.18454	0.38623	0.02918	0.00684	0.00195	0.00295	0.07955	0.00509	0.00457
56	0.00727	0.00538	0.00678	0.00647	0.00778	0.00489	0.00484	0.00955	0.01440	0.01996	0.64976	0.05956	0.16106	0.01134	0.00625	0.00169	0.00254	0.00993	0.00566	0.00489
57	0.01412	0.77558	0.05339	0.00934	0.01394	0.03507	0.00943	0.01596	0.01084	0.01259	0.00744	0.00859	0.00678	0.00456	0.00347	0.00115	0.00580	0.00287	0.00227	0.00681
58	0.00717	0.00514	0.00685	0.00795	0.00860	0.00492	0.00594	0.00855	0.01074	0.01411	0.02926	0.49162	0.06794	0.05825	0.00798	0.00238	0.00374	0.24965	0.00480	0.00443
59	0.00948	0.00585	0.00767	0.00696	0.00858	0.00532	0.00531	0.01189	0.01491	0.11672	0.66381	0.03710	0.06508	0.01034	0.00612	0.00166	0.00275	0.00907	0.00589	0.00548
60	0.13266	0.07250	0.27393	0.05624	0.07199	0.01252	0.01276	0.12495	0.01349	0.14978	0.01158	0.01243	0.00823	0.00543	0.00476	0.00160	0.00606	0.00416	0.01723	0.00770
61	0.06383	0.25401	0.25788	0.04126	0.06945	0.03253	0.01248	0.03470	0.01208	0.11740	0.04953	0.01280	0.00989	0.00539	0.00456	0.00149	0.00611	0.00409	0.00317	0.00735
62	0.01202	0.00672	0.00865	0.00763	0.00969	0.00620	0.00589	0.04255	0.03037	0.21318	0.44202	0.09907	0.07421	0.01011	0.00599	0.00170	0.00322	0.00878	0.00585	0.00613

[dist]
# distance from previous block
# <min> <max>
0	6

[block]
# block no. 3 follows, 46 sequences, length 28
# corresponding to MSA columns:
# 439-466
name=unknown_D
#
# <colnr> <probs for GDERKNQSTAVLIFYWHMCP>
#	G	D	E	R	K	N	Q	S	T	A	V	L	I	F	Y	W	H	M	C	P
0	0.05504	0.06449	0.46478	0.03105	0.10726	0.03900	0.03418	0.03984	0.01181	0.04086	0.00974	0.01143	0.00722	0.00498	0.00485	0.00157	0.00700	0.00397	0.00264	0.05830
1	0.30317	0.14020	0.18378	0.01080	0.04036	0.01266	0.02973	0.05597	0.01092	0.04061	0.00973	0.01281	0.00802	0.00662	0.00574	0.07842	0.00554	0.03550	0.00303	0.00640
2	0.00755	0.00542	0.00696	0.00789	0.02917	0.00533	0.00506	0.03798	0.01005	0.01348	0.02397	0.51611	0.02804	0.22658	0.04830	0.00318	0.00432	0.01197	0.00431	0.00433
3	0.04249	0.01303	0.10706	0.27260	0.21538	0.03806	0.04846	0.03003	0.02669	0.11043	0.03733	0.01458	0.00973	0.00546	0.00524	0.00167	0.00647	0.00484	0.00320	0.00724
4	0.01338	0.17678	0.25655	0.08573	0.12419	0.06490	0.06917	0.07252	0.01251	0.03533	0.00955	0.01157	0.00741	0.00517	0.00527	0.00156	0.03416	0.00413	0.00270	0.00740
5	0.82322	0.03753	0.00844	0.00702	0.01034	0.01217	0.00584	0.01555	0.00906	0.02334	0.00736	0.00858	0.00576	0.00489	0.00328	0.00162	0.00414	0.00286	0.00324	0.00576
6	0.00723	0.00496	0.00636	0.00692	0.00752	0.00470	0.00473	0.00828	0.02591	0.01429	0.13800	0.44207	0.10082	0.06326	0.00951	0.10978	0.00327	0.01164	0.02655	0.00419
7	0.00918	0.00459	0.00689	0.00689	0.00689	0.00459	0.00459	0.00689	0.00689	0.00918	0.00918	0.01607	0.00918	0.01837	0.02066	0.84619	0.00459	0.00459	0.00230	0.00230
8	0.04141	0.00839	0.01124	0.00886	0.01243	0.00738	0.00723	0.02272	0.01495	0.63115	0.15428	0.02156	0.01940	0.00726	0.00543	0.00164	0.00413	0.00600	0.00633	0.00821
9	0.01413	0.81739	0.02770	0.00905	0.01357	0.02092	0.00905	0.01583	0.01074	0.01244	0.00735	0.00848	0.00678	0.00452	0.00339	0.00113	0.00565	0.00283	0.00226	0.00678
10	0.00644	0.00460	0.00613	0.00736	0.00767	0.00429	0.00491	0.00736	0.01012	0.01350	0.02914	0.81076	0.03497	0.01656	0.00675	0.00215	0.00307	0.01503	0.00491	0.00429
11	0.85155	0.01022	0.00777	0.00695	0.01022	0.01186	0.00573	0.01554	0.00900	0.02372	0.00736	0.00859	0.00573	0.00491	0.00327	0.00164	0.00409	0.00286	0.00327	0.00573
12	0.01315	0.01136	0.01195	0.01076	0.01375	0.01315	0.00837	0.02809	0.77168	0.02211	0.02152	0.01972	0.01614	0.00717	0.00538	0.00179	0.00418	0.00598	0.00538	0.00837
13	0.85155	0.01022	0.00777	0.00695	0.01022	0.01186	0.00573	0.01554	0.00900	0.02372	0.00736	0.00859	0.00573	0.00491	0.00327	0.00164	0.00409	0.00286	0.00327	0.00573
14	0.02010	0.01481	0.01587	0.01216	0.01639	0.01639	0.01005	0.76360	0.02486	0.03332	0.01269	0.01269	0.00899	0.00635	0.00529	0.00159	0.00582	0.00476	0.00529	0.00899
15	0.85155	0.01022	0.00777	0.00695	0.01022	0.01186	0.00573	0.01554	0.00900	0.02372	0.00736	0.00859	0.00573	0.00491	0.00327	0.00164	0.00409	0.00286	0.00327	0.00573
16	0.02372	0.00900	0.01227	0.00941	0.01350	0.00777	0.00777	0.02576	0.01513	0.78489	0.02086	0.01799	0.01309	0.00654	0.00532	0.00164	0.00450	0.00532	0.00654	0.00900
17	0.00632	0.00508	0.00564	0.00609	0.00733	0.00440	0.00434	0.00750	0.01134	0.01399	0.04458	0.33005	0.50570	0.01455	0.00643	0.00192	0.00282	0.01258	0.00491	0.00440
18	0.06923	0.00906	0.01202	0.00927	0.01332	0.00799	0.00766	0.02520	0.01479	0.74305	0.02011	0.01748	0.01268	0.00645	0.00520	0.00164	0.00448	0.00518	0.00636	0.00882
19	0.00650	0.00532	0.00573	0.00571	0.00731	0.00455	0.00425	0.00803	0.01250	0.01556	0.19116	0.09047	0.59840	0.01307	0.00627	0.00178	0.00266	0.01106	0.00508	0.00455
20	0.59654	0.01001	0.00925	0.00778	0.01131	0.01084	0.00642	0.03893	0.01115	0.23749	0.01129	0.01134	0.00788	0.00541	0.00390	0.00163	0.00425	0.00360	0.00424	0.00673
21	0.00706	0.00577	0.00630	0.00622	0.00794	0.00520	0.00476	0.00952	0.05849	0.01622	0.19310	0.04732	0.54041	0.01258	0.00626	0.00180	0.00287	0.05824	0.00511	0.00483
22	0.28088	0.00961	0.01075	0.00861	0.01231	0.00956	0.00709	0.07880	0.01375	0.44855	0.01582	0.01474	0.01050	0.00600	0.00459	0.00161	0.00436	0.00449	0.05021	0.00776
23	0.07784	0.01007	0.01628	0.59143	0.17626	0.01191	0.01426	0.01419	0.01072	0.01504	0.00934	0.01346	0.00719	0.00515	0.00511	0.00172	0.00666	0.00455	0.00247	0.00634
24	0.00824	0.00655	0.04168	0.00738	0.00908	0.00538	0.00602	0.01028	0.01282	0.06318	0.27094	0.16842	0.24232	0.01247	0.00636	0.00188	0.00333	0.11343	0.00517	0.00508
25	0.00647	0.00464	0.00610	0.00725	0.00759	0.00432	0.00483	0.00738	0.01011	0.01342	0.02951	0.76417	0.05733	0.04038	0.00734	0.00223	0.00312	0.01469	0.00486	0.00427
26	0.64813	0.03568	0.03223	0.02517	0.01230	0.01168	0.03615	0.01643	0.00990	0.09057	0.00887	0.00992	0.00663	0.00500	0.00369	0.00160	0.00453	0.00329	0.00346	0.03477
27	0.06548	0.04199	0.10537	0.03598	0.04823	0.09028	0.01057	0.26111	0.10497	0.03967	0.01181	0.01256	0.00888	0.00570	0.00512	0.00150	0.02368	0.00428	0.00394	0.11888

[dist]
# distance from previous block
# <min> <max>
0	6

[block]
# block no. 4 follows, 46 sequences, length 117
# corresponding to MSA columns:
# 473-589
name=unknown_E
#
# <colnr> <probs for GDERKNQSTAVLIFYWHMCP>
#	G	D	E	R	K	N	Q	S	T	A	V	L	I	F	Y	W	H	M	C	P
0	0.10017	0.07968	0.07762	0.19621	0.06210	0.05692	0.02572	0.09147	0.04296	0.01795	0.01038	0.01283	0.00818	0.00625	0.01997	0.00172	0.06847	0.00426	0.07236	0.04478
1	0.82301	0.01018	0.00793	0.00704	0.01034	0.01172	0.00580	0.01589	0.00921	0.04996	0.00783	0.00891	0.00598	0.00496	0.00334	0.00164	0.00410	0.00295	0.00338	0.00584
2	0.01147	0.01017	0.01572	0.52120	0.10327	0.01209	0.01347	0.10940	0.01251	0.01651	0.01140	0.03757	0.00956	0.00640	0.00599	0.00180	0.04281	0.04929	0.00297	0.00641
3	0.00748	0.00541	0.00705	0.00676	0.00797	0.00501	0.00509	0.00986	0.01452	0.02041	0.69620	0.05620	0.06605	0.02711	0.00670	0.00178	0.00267	0.04312	0.00568	0.00492
4	0.00672	0.00528	0.00573	0.00572	0.00701	0.00466	0.00404	0.00796	0.01155	0.01450	0.15430	0.08051	0.48732	0.16939	0.01030	0.00243	0.00315	0.01042	0.00471	0.00429
5	0.02372	0.00900	0.01227	0.00941	0.01350	0.00777	0.00777	0.02576	0.01513	0.78489	0.02086	0.01799	0.01309	0.00654	0.00532	0.00164	0.00450	0.00532	0.00654	0.00900
6	0.01216	0.01011	0.01090	0.00974	0.01242	0.01130	0.00757	0.07912	0.52354	0.02226	0.16235	0.02497	0.07429	0.00821	0.00559	0.00175	0.00389	0.00690	0.00542	0.00752
7	0.01413	0.81739	0.02770	0.00905	0.01357	0.02092	0.00905	0.01583	0.01074	0.01244	0.00735	0.00848	0.00678	0.00452	0.00339	0.00113	0.00565	0.00283	0.00226	0.00678
8	0.00879	0.00525	0.00702	0.00756	0.00845	0.00481	0.00529	0.01001	0.01122	0.11492	0.09717	0.63611	0.03348	0.01472	0.00651	0.00204	0.00320	0.01326	0.00521	0.00497
9	0.02008	0.01533	0.01582	0.01224	0.01639	0.05519	0.01006	0.72651	0.02436	0.03230	0.01247	0.01253	0.00888	0.00630	0.00526	0.00158	0.00600	0.00469	0.00516	0.00885
10	0.01157	0.03778	0.13848	0.00983	0.01491	0.00930	0.03014	0.04550	0.06368	0.01798	0.01035	0.01168	0.00823	0.00445	0.00430	0.00107	0.00484	0.00360	0.00319	0.56913
11	0.00858	0.03850	0.00793	0.00677	0.00845	0.00588	0.00519	0.01103	0.03529	0.06561	0.48259	0.07355	0.20873	0.01103	0.00607	0.00169	0.00286	0.00953	0.00546	0.00525
12	0.02372	0.00900	0.01227	0.00941	0.01350	0.00777	0.00777	0.02576	0.01513	0.78489	0.02086	0.01799	0.01309	0.00654	0.00532	0.00164	0.00450	0.00532	0.00654	0.00900
13	0.00967	0.00609	0.00754	0.00699	0.00867	0.00560	0.00525	0.01221	0.04914	0.12397	0.40017	0.10059	0.18026	0.05128	0.00715	0.00190	0.00306	0.00947	0.00552	0.00545
14	0.01959	0.04391	0.15522	0.03581	0.01690	0.01062	0.04182	0.12336	0.01531	0.45790	0.01639	0.01539	0.01073	0.00604	0.00522	0.00163	0.00559	0.00491	0.00514	0.00852
15	0.00748	0.00540	0.00707	0.00665	0.00790	0.00499	0.00499	0.00998	0.01496	0.02120	0.77844	0.03949	0.04988	0.01081	0.00624	0.00166	0.00249	0.00956	0.00582	0.00499
16	0.02372	0.00900	0.01227	0.00941	0.01350	0.00777	0.00777	0.02576	0.01513	0.78489	0.02086	0.01799	0.01309	0.00654	0.00532	0.00164	0.00450	0.00532	0.00654	0.00900
17	0.13126	0.01268	0.07039	0.18128	0.07468	0.01282	0.01111	0.21477	0.11243	0.10802	0.01286	0.01384	0.00929	0.00583	0.00500	0.00167	0.00566	0.00464	0.00412	0.00766
18	0.00918	0.00692	0.00891	0.07648	0.02471	0.03150	0.00656	0.02369	0.00958	0.04695	0.01732	0.12655	0.03833	0.25863	0.25969	0.00492	0.03454	0.00740	0.00341	0.00472
19	0.01975	0.02520	0.01498	0.01362	0.01634	0.79299	0.01021	0.02111	0.01498	0.01294	0.00817	0.00953	0.00681	0.00545	0.00477	0.00136	0.00953	0.00340	0.00272	0.00613
20	0.00881	0.00569	0.00744	0.00687	0.00835	0.00519	0.00520	0.01119	0.01478	0.08600	0.67557	0.05749	0.06572	0.01066	0.00617	0.00168	0.00268	0.00938	0.00583	0.00530
21	0.03342	0.01784	0.25926	0.07337	0.03794	0.03099	0.40834	0.01646	0.01179	0.01659	0.01030	0.02556	0.00787	0.00500	0.00588	0.00175	0.02257	0.00535	0.00256	0.00714
22	0.01011	0.00952	0.01608	0.77034	0.06659	0.01178	0.01474	0.01362	0.01063	0.01366	0.00942	0.01405	0.00710	0.00526	0.00528	0.00175	0.00702	0.00470	0.00236	0.00597
23	0.00755	0.00566	0.00850	0.00850	0.00944	0.00661	0.00661	0.00944	0.00850	0.01227	0.01416	0.02077	0.01322	0.03965	0.79326	0.00850	0.01416	0.00566	0.00283	0.00472
24	0.40906	0.05485	0.08385	0.01100	0.06717	0.11299	0.00891	0.09988	0.01229	0.03937	0.00927	0.01052	0.00714	0.00522	0.00407	0.00155	0.00549	0.00353	0.04724	0.00661
25	0.00657	0.00470	0.00627	0.00741	0.00780	0.00440	0.00504	0.00764	0.01047	0.01401	0.07159	0.74034	0.03565	0.01617	0.00674	0.00213	0.00310	0.04068	0.00496	0.00435
26	0.01223	0.01632	0.16133	0.02232	0.12228	0.01308	0.53846	0.01681	0.01219	0.01694	0.01039	0.01357	0.00784	0.00459	0.00590	0.00174	0.00839	0.00564	0.00259	0.00741
27	0.11551	0.59456	0.11859	0.00969	0.01441	0.04537	0.00998	0.01609	0.01073	0.01436	0.00764	0.00886	0.00665	0.00466	0.00363	0.00127	0.00586	0.00298	0.00240	0.00676
28	0.01120	0.00950	0.01515	0.09275	0.39127	0.00953	0.01180	0.01386	0.01219	0.05086	0.10375	0.04414	0.08040	0.03560	0.00647	0.00186	0.00526	0.09397	0.00366	0.00678
29	0.00705	0.00539	0.00647	0.00620	0.00763	0.00481	0.00465	0.00915	0.01395	0.01879	0.52645	0.04345	0.30338	0.01170	0.00624	0.00171	0.00256	0.01012	0.00550	0.00481
30	0.01183	0.08664	0.47976	0.01408	0.04548	0.07977	0.01547	0.03410	0.04565	0.01649	0.03449	0.05359	0.01006	0.00611	0.00560	0.00166	0.04446	0.00470	0.00276	0.00729
31	0.00692	0.00523	0.00639	0.00642	0.00763	0.00470	0.00469	0.00877	0.01317	0.01769	0.42218	0.19437	0.25718	0.01268	0.00634	0.00179	0.00266	0.01110	0.00538	0.00470
32	0.01028	0.00943	0.01554	0.56304	0.14888	0.01104	0.01357	0.02700	0.01141	0.01511	0.07591	0.05227	0.01221	0.00620	0.00542	0.00174	0.00634	0.00558	0.00286	0.00617
33	0.01166	0.01477	0.14109	0.01974	0.10987	0.01257	0.39208	0.01539	0.01134	0.01592	0.01104	0.03501	0.00939	0.03874	0.00840	0.01682	0.10382	0.02282	0.00268	0.00685
34	0.85155	0.01022	0.00777	0.00695	0.01022	0.01186	0.00573	0.01554	0.00900	0.02372	0.00736	0.00859	0.00573	0.00491	0.00327	0.00164	0.00409	0.00286	0.00327	0.00573
35	0.01886	0.01395	0.01522	0.03899	0.01642	0.01547	0.00981	0.68397	0.02316	0.03104	0.01280	0.01394	0.00950	0.04387	0.02657	0.00193	0.00604	0.00491	0.00503	0.00851
36	0.00918	0.00459	0.00689	0.00689	0.00689	0.00459	0.00459	0.00689	0.00689	0.00918	0.00918	0.01607	0.00918	0.01837	0.02066	0.84619	0.00459	0.00459	0.00230	0.00230
37	0.00756	0.00510	0.00592	0.00604	0.00611	0.00511	0.00352	0.00773	0.00796	0.01066	0.01778	0.11047	0.02051	0.70210	0.05809	0.00498	0.00531	0.00832	0.00336	0.00338
38	0.04593	0.02409	0.61973	0.01476	0.03620	0.01255	0.03632	0.05159	0.07649	0.01825	0.01061	0.01197	0.00763	0.00524	0.00503	0.00168	0.00726	0.00415	0.00270	0.00782
39	0.01101	0.00947	0.01122	0.00844	0.03146	0.00718	0.00651	0.01338	0.01099	0.01723	0.00941	0.01101	0.00784	0.00393	0.00395	0.00080	0.00397	0.00317	0.00312	0.82588
40	0.00644	0.00460	0.00613	0.00736	0.00767	0.00429	0.00491	0.00736	0.01012	0.01350	0.02914	0.81076	0.03497	0.01656	0.00675	0.00215	0.00307	0.01503	0.00491	0.00429
41	0.01208	0.04822	0.12988	0.14855	0.30719	0.04706	0.14970	0.01568	0.01177	0.01594	0.01142	0.04122	0.02664	0.00544	0.00537	0.00165	0.00702	0.00524	0.00265	0.00727
42	0.06085	0.65176	0.11095	0.00979	0.01453	0.05073	0.01008	0.01613	0.01086	0.01357	0.00762	0.00883	0.00672	0.00464	0.00362	0.00123	0.00596	0.00297	0.00233	0.00681
43	0.00909	0.06233	0.04410	0.00890	0.04450	0.03113	0.00673	0.01116	0.01269	0.04083	0.35079	0.17220	0.04687	0.07588	0.00771	0.00203	0.00388	0.05917	0.00474	0.00526
44	0.01216	0.02036	0.41513	0.01807	0.17348	0.06260	0.07878	0.01674	0.01221	0.05128	0.07861	0.01453	0.01128	0.00552	0.00527	0.00164	0.00709	0.00480	0.00289	0.00756
45	0.83067	0.01065	0.02712	0.00715	0.01054	0.01187	0.00607	0.01557	0.00905	0.02355	0.00741	0.00865	0.00575	0.00491	0.00332	0.00164	0.00418	0.00289	0.00325	0.00578
46	0.01308	0.01550	0.16163	0.07165	0.50832	0.03232	0.04156	0.04678	0.01246	0.03187	0.01012	0.01282	0.00805	0.00491	0.00522	0.00160	0.00673	0.00459	0.00272	0.00806
47	0.00657	0.00473	0.00609	0.00706	0.00749	0.00440	0.00471	0.00751	0.01028	0.01362	0.06112	0.66090	0.09012	0.07863	0.00827	0.00233	0.00318	0.01394	0.00481	0.00425
48	0.03691	0.00899	0.01121	0.00929	0.01241	0.00873	0.00760	0.14993	0.03769	0.35904	0.18866	0.02625	0.02238	0.00832	0.00569	0.00173	0.00431	0.08744	0.00587	0.00755
49	0.85155	0.01022	0.00777	0.00695	0.01022	0.01186	0.00573	0.01554	0.00900	0.02372	0.00736	0.00859	0.00573	0.00491	0.00327	0.00164	0.00409	0.00286	0.00327	0.00573
50	0.00673	0.00497	0.00622	0.00676	0.00756	0.00454	0.00470	0.00810	0.01163	0.01552	0.22857	0.44350	0.17026	0.04646	0.00733	0.00208	0.00293	0.01262	0.00508	0.00446
51	0.00719	0.00535	0.00670	0.00645	0.00775	0.00485	0.00480	0.00938	0.01415	0.01948	0.60125	0.08657	0.18330	0.01162	0.00627	0.00171	0.00256	0.01017	0.00560	0.00485
52	0.02010	0.01481	0.01587	0.01216	0.01639	0.01639	0.01005	0.76360	0.02486	0.03332	0.01269	0.01269	0.00899	0.00635	0.00529	0.00159	0.00582	0.00476	0.00529	0.00899
53	0.01975	0.02520	0.01498	0.01362	0.01634	0.79299	0.01021	0.02111	0.01498	0.01294	0.00817	0.00953	0.00681	0.00545	0.00477	0.00136	0.00953	0.00340	0.00272	0.00613
54	0.01096	0.00940	0.01096	0.00783	0.01253	0.00705	0.00626	0.01331	0.01096	0.01723	0.00940	0.01096	0.00783	0.00392	0.00392	0.00078	0.00392	0.00313	0.00313	0.84653
55	0.01096	0.00940	0.01096	0.00783	0.01253	0.00705	0.00626	0.01331	0.01096	0.01723	0.00940	0.01096	0.00783	0.00392	0.00392	0.00078	0.00392	0.00313	0.00313	0.84653
56	0.00755	0.00566	0.00850	0.00850	0.00944	0.00661	0.00661	0.00944	0.00850	0.01227	0.01416	0.02077	0.01322	0.03965	0.79326	0.00850	0.01416	0.00566	0.00283	0.00472
57	0.00625	0.00536	0.00536	0.00536	0.00714	0.00446	0.00402	0.00759	0.01205	0.01428	0.05355	0.05088	0.77909	0.01339	0.00625	0.00179	0.00268	0.01116	0.00491	0.00446
58	0.01096	0.00940	0.01096	0.00783	0.01253	0.00705	0.00626	0.01331	0.01096	0.01723	0.00940	0.01096	0.00783	0.00392	0.00392	0.00078	0.00392	0.00313	0.00313	0.84653
59	0.01882	0.01438	0.01513	0.01194	0.01591	0.03122	0.00974	0.61427	0.16132	0.03086	0.01422	0.01392	0.01026	0.00648	0.00529	0.00162	0.00559	0.00496	0.00525	0.00882
60	0.12019	0.28361	0.19118	0.04937	0.12937	0.03384	0.01242	0.07861	0.01203	0.01735	0.00876	0.01045	0.00706	0.00501	0.00455	0.00147	0.02116	0.00364	0.00270	0.00722
61	0.01452	0.41115	0.03688	0.01135	0.01433	0.18947	0.01006	0.01608	0.01102	0.01273	0.00788	0.02457	0.00735	0.00614	0.00726	0.00151	0.20526	0.00365	0.00243	0.00636
62	0.00633	0.00524	0.00556	0.00573	0.00726	0.00446	0.00420	0.00766	0.01188	0.01447	0.08265	0.16991	0.62888	0.01377	0.00633	0.00184	0.00273	0.01169	0.00495	0.00446
63	0.13511	0.01172	0.03194	0.01108	0.06640	0.01133	0.00846	0.24964	0.04150	0.07194	0.01186	0.02759	0.00929	0.02408	0.00509	0.00145	0.00485	0.00430	0.00410	0.26826
64	0.77592	0.01024	0.00832	0.04257	0.01155	0.01191	0.00624	0.01602	0.04372	0.02319	0.00809	0.00934	0.00626	0.00503	0.00346	0.00165	0.00423	0.00309	0.00333	0.00585
65	0.00644	0.00460	0.00613	0.00736	0.00767	0.00429	0.00491	0.00736	0.01012	0.01350	0.02914	0.81076	0.03497	0.01656	0.00675	0.00215	0.00307	0.01503	0.00491	0.00429
66	0.01248	0.01426	0.03119	0.02228	0.02763	0.01337	0.76203	0.01693	0.01248	0.01693	0.01070	0.01426	0.00802	0.00446	0.00624	0.00178	0.00891	0.00624	0.00267	0.00713
67	0.04240	0.00900	0.01178	0.00899	0.01309	0.00767	0.00738	0.02291	0.01425	0.61178	0.03992	0.01715	0.01303	0.00617	0.00505	0.00149	0.00433	0.00500	0.00585	0.15275
68	0.01060	0.02735	0.78682	0.01507	0.02288	0.01228	0.01953	0.01674	0.01116	0.01674	0.00949	0.01116	0.00670	0.00502	0.00502	0.00167	0.00781	0.00391	0.00223	0.00781
69	0.00748	0.00540	0.00707	0.00665	0.00790	0.00499	0.00499	0.00998	0.01496	0.02120	0.77844	0.03949	0.04988	0.01081	0.00624	0.00166	0.00249	0.00956	0.00582	0.00499
70	0.67132	0.01002	0.00847	0.00736	0.01061	0.01129	0.00604	0.06116	0.01070	0.08698	0.02709	0.01088	0.00794	0.00533	0.00365	0.00161	0.00411	0.00344	0.04587	0.00614
71	0.01122	0.01022	0.01768	0.30498	0.33298	0.01100	0.06488	0.01376	0.01075	0.01464	0.01008	0.03030	0.00853	0.00712	0.00758	0.12388	0.00643	0.00500	0.00252	0.00642
72	0.01144	0.01138	0.01595	0.01371	0.01374	0.01590	0.01141	0.01262	0.00811	0.01271	0.00716	0.01185	0.00713	0.01019	0.04133	0.00250	0.78011	0.00466	0.00233	0.00575
73	0.01060	0.02735	0.78682	0.01507	0.02288	0.01228	0.01953	0.01674	0.01116	0.01674	0.00949	0.01116	0.00670	0.00502	0.00502	0.00167	0.00781	0.00391	0.00223	0.00781
74	0.01096	0.00940	0.01096	0.00783	0.01253	0.00705	0.00626	0.01331	0.01096	0.01723	0.00940	0.01096	0.00783	0.00392	0.00392	0.00078	0.00392	0.00313	0.00313	0.84653
75	0.01095	0.01034	0.01745	0.36587	0.25631	0.01125	0.07698	0.03323	0.01177	0.01563	0.01510	0.01956	0.08750	0.00631	0.00554	0.00173	0.00640	0.03854	0.00291	0.00663
76	0.00758	0.00541	0.00675	0.00739	0.00817	0.00520	0.00515	0.05851	0.01164	0.01573	0.08564	0.61435	0.08176	0.01477	0.00644	0.00201	0.00316	0.01323	0.04241	0.00470
77	0.02372	0.00900	0.01227	0.00941	0.01350	0.00777	0.00777	0.02576	0.01513	0.78489	0.02086	0.01799	0.01309	0.00654	0.00532	0.00164	0.00450	0.00532	0.00654	0.00900
78	0.00644	0.00460	0.00613	0.00736	0.00767	0.00429	0.00491	0.00736	0.01012	0.01350	0.02914	0.81076	0.03497	0.01656	0.00675	0.00215	0.00307	0.01503	0.00491	0.00429
79	0.01413	0.81739	0.02770	0.00905	0.01357	0.02092	0.00905	0.01583	0.01074	0.01244	0.00735	0.00848	0.00678	0.00452	0.00339	0.00113	0.00565	0.00283	0.00226	0.00678
80	0.85155	0.01022	0.00777	0.00695	0.01022	0.01186	0.00573	0.01554	0.00900	0.02372	0.00736	0.00859	0.00573	0.00491	0.00327	0.00164	0.00409	0.00286	0.00327	0.00573
81	0.85155	0.01022	0.00777	0.00695	0.01022	0.01186	0.00573	0.01554	0.00900	0.02372	0.00736	0.00859	0.00573	0.00491	0.00327	0.00164	0.00409	0.00286	0.00327	0.00573
82	0.01135	0.04828	0.17030	0.01247	0.11939	0.02904	0.01005	0.01453	0.03000	0.09994	0.16636	0.04484	0.13353	0.04138	0.00633	0.00176	0.00490	0.00674	0.00408	0.04472
83	0.01580	0.42305	0.10192	0.01104	0.01547	0.15658	0.01045	0.13110	0.04624	0.03015	0.00937	0.01023	0.00762	0.00517	0.00421	0.00134	0.00651	0.00351	0.00301	0.00722
84	0.85155	0.01022	0.00777	0.00695	0.01022	0.01186	0.00573	0.01554	0.00900	0.02372	0.00736	0.00859	0.00573	0.00491	0.00327	0.00164	0.00409	0.00286	0.00327	0.00573
85	0.00939	0.00672	0.00857	0.00914	0.01065	0.00681	0.00751	0.01338	0.12794	0.05121	0.02884	0.17729	0.08603	0.01334	0.00674	0.00220	0.00427	0.41947	0.00503	0.00546
86	0.04104	0.49839	0.06671	0.01059	0.01469	0.13638	0.00993	0.08306	0.02567	0.01514	0.00829	0.00953	0.00712	0.00517	0.00465	0.00133	0.04944	0.00330	0.00269	0.00688
87	0.01434	0.37418	0.03801	0.01063	0.01378	0.01661	0.00964	0.10267	0.01195	0.08060	0.00973	0.01173	0.00823	0.00939	0.08312	0.00222	0.18932	0.00397	0.00304	0.00683
88	0.00644	0.00460	0.00613	0.00736	0.00767	0.00429	0.00491	0.00736	0.01012	0.01350	0.02914	0.81076	0.03497	0.01656	0.00675	0.00215	0.00307	0.01503	0.00491	0.00429
89	0.00770	0.00549	0.00726	0.07537	0.01024	0.00540	0.00569	0.00887	0.01039	0.04768	0.02901	0.50362	0.13856	0.09495	0.00870	0.00234	0.01738	0.01222	0.00454	0.00458
90	0.01176	0.01342	0.08623	0.01499	0.04627	0.03353	0.03563	0.01355	0.00883	0.01340	0.00744	0.01163	0.00701	0.00845	0.01511	0.00219	0.65752	0.00459	0.00234	0.00612
91	0.00640	0.00476	0.00597	0.00694	0.00756	0.00433	0.00472	0.00741	0.01053	0.01366	0.03428	0.65058	0.19182	0.01589	0.00664	0.00207	0.00299	0.01421	0.00491	0.00433
92	0.00979	0.00507	0.00508	0.00506	0.00634	0.00507	0.00380	0.01246	0.02600	0.01957	0.01861	0.02081	0.04051	0.00643	0.00382	0.00126	0.00250	0.00517	0.79767	0.00498
