[name]
unknown

[dist]
# distance from previous block
# <min> <max>
26	75

[block]
# block no. 0 follows, 48 sequences, length 22
# corresponding to MSA columns:
# 81-102
name=unknown_A
#
# <colnr> <probs for GDERKNQSTAVLIFYWHMCP>
#	G	D	E	R	K	N	Q	S	T	A	V	L	I	F	Y	W	H	M	C	P
0	0.04834	0.01084	0.08435	0.13101	0.06983	0.01004	0.00956	0.14549	0.06893	0.11551	0.08778	0.01888	0.06005	0.00659	0.00498	0.00157	0.00481	0.00543	0.10918	0.00683
1	0.09151	0.04917	0.01154	0.03544	0.05851	0.00938	0.00750	0.11163	0.05073	0.23002	0.12467	0.02199	0.09353	0.00729	0.00503	0.00156	0.00418	0.02011	0.04339	0.02281
2	0.08425	0.03311	0.02619	0.05393	0.13414	0.09645	0.00936	0.17793	0.05921	0.08795	0.01595	0.03017	0.08388	0.00635	0.00485	0.00151	0.00530	0.00507	0.03630	0.04811
3	0.08045	0.01161	0.01541	0.13779	0.11398	0.05820	0.08443	0.10336	0.10659	0.18233	0.02699	0.01457	0.01026	0.00562	0.00504	0.00159	0.00570	0.00483	0.00405	0.02722
4	0.15962	0.01318	0.08637	0.15773	0.14101	0.06604	0.01111	0.14591	0.01330	0.04592	0.03753	0.01255	0.00885	0.00527	0.00465	0.00151	0.00576	0.00417	0.00331	0.07621
5	0.07025	0.03921	0.02886	0.09692	0.03199	0.16864	0.05385	0.21483	0.05453	0.15285	0.03059	0.01339	0.00971	0.00575	0.00493	0.00154	0.00622	0.00451	0.00410	0.00733
6	0.03419	0.05569	0.29358	0.08637	0.04263	0.01144	0.03254	0.07952	0.04843	0.08757	0.01084	0.01213	0.00798	0.00507	0.00489	0.00146	0.01991	0.00404	0.00315	0.15857
7	0.01348	0.76776	0.07981	0.00918	0.01379	0.01972	0.00948	0.01543	0.01045	0.01236	0.00728	0.00841	0.00658	0.00442	0.00340	0.00113	0.00563	0.00282	0.00219	0.00665
8	0.05462	0.66717	0.02398	0.00902	0.01320	0.07271	0.00861	0.01644	0.01095	0.07199	0.00819	0.00901	0.00700	0.00462	0.00352	0.00117	0.00559	0.00297	0.00259	0.00666
9	0.00841	0.00572	0.00824	0.00803	0.00925	0.00631	0.00627	0.01020	0.00906	0.07147	0.01780	0.02267	0.08470	0.03366	0.66504	0.00713	0.01199	0.00597	0.00321	0.00487
10	0.08966	0.01097	0.01459	0.15492	0.01699	0.04077	0.01103	0.01290	0.00861	0.01347	0.00749	0.01164	0.00685	0.00881	0.04062	0.00227	0.53609	0.00434	0.00237	0.00560
11	0.04757	0.01194	0.01338	0.06543	0.01569	0.07118	0.00888	0.27469	0.03385	0.38085	0.01545	0.01458	0.01032	0.00608	0.00504	0.00156	0.00532	0.00473	0.00525	0.00819
12	0.01214	0.01048	0.01101	0.00995	0.01275	0.01198	0.00773	0.02541	0.70708	0.02076	0.02378	0.02196	0.08728	0.00752	0.00530	0.00174	0.00392	0.00627	0.00518	0.00777
13	0.00632	0.00471	0.00589	0.00664	0.00736	0.00428	0.00458	0.00748	0.01076	0.01411	0.11886	0.56158	0.19916	0.01477	0.00639	0.00195	0.00283	0.01317	0.00486	0.00428
14	0.01176	0.03396	0.08772	0.22221	0.48574	0.01220	0.01522	0.01551	0.03709	0.01584	0.00979	0.01288	0.00788	0.00481	0.00503	0.00158	0.00633	0.00449	0.00252	0.00743
15	0.02158	0.01006	0.01261	0.00977	0.01370	0.00963	0.00804	0.17886	0.07010	0.58088	0.01865	0.01652	0.01209	0.00635	0.00516	0.00159	0.00461	0.00509	0.00602	0.00869
16	0.00625	0.00447	0.00595	0.00714	0.00744	0.00417	0.00476	0.00714	0.00982	0.01310	0.02828	0.81633	0.03394	0.01608	0.00655	0.00208	0.00298	0.01459	0.00476	0.00417
17	0.01708	0.02081	0.01756	0.01782	0.17157	0.55355	0.09608	0.01909	0.01370	0.01383	0.00855	0.01046	0.00704	0.00504	0.00488	0.00141	0.00855	0.00387	0.00262	0.00649
18	0.01966	0.01412	0.01524	0.01169	0.01579	0.01554	0.00965	0.73754	0.02371	0.06595	0.01267	0.01255	0.00890	0.00617	0.00513	0.00154	0.00559	0.00464	0.00519	0.00873
19	0.03346	0.01197	0.01867	0.31298	0.36358	0.06710	0.07183	0.01508	0.01124	0.01517	0.00927	0.01276	0.00743	0.00491	0.00534	0.00161	0.02372	0.00454	0.00247	0.00687
20	0.59116	0.08813	0.01113	0.00897	0.03770	0.14386	0.00702	0.03249	0.01029	0.02025	0.00747	0.00871	0.00598	0.00484	0.00354	0.00149	0.00510	0.00296	0.00302	0.00587
21	0.00971	0.00915	0.01516	0.72525	0.03292	0.01153	0.01376	0.01289	0.01007	0.01305	0.00946	0.03517	0.00756	0.00572	0.00606	0.00176	0.06795	0.00483	0.00234	0.00565

[dist]
# distance from previous block
# <min> <max>
1	3

[block]
# block no. 1 follows, 48 sequences, length 6
# corresponding to MSA columns:
# 106-111
name=unknown_B
#
# <colnr> <probs for GDERKNQSTAVLIFYWHMCP>
#	G	D	E	R	K	N	Q	S	T	A	V	L	I	F	Y	W	H	M	C	P
0	0.01064	0.00912	0.01064	0.00760	0.01216	0.00684	0.00608	0.01292	0.01064	0.01672	0.00912	0.01064	0.00760	0.00380	0.00380	0.00076	0.00380	0.00304	0.00304	0.85104
1	0.01048	0.00993	0.01682	0.60277	0.23371	0.01161	0.01464	0.01381	0.01064	0.01407	0.00926	0.01342	0.00718	0.00498	0.00512	0.00166	0.00664	0.00456	0.00235	0.00634
2	0.01230	0.01179	0.02011	0.13344	0.68881	0.01209	0.01555	0.01540	0.01150	0.01628	0.00958	0.01283	0.00796	0.00465	0.00509	0.00155	0.00619	0.00457	0.00251	0.00781
3	0.01730	0.01170	0.01315	0.01044	0.01359	0.01270	0.00838	0.54338	0.01945	0.07848	0.01207	0.01343	0.00904	0.00887	0.00858	0.19778	0.00528	0.00462	0.00454	0.00722
4	0.00637	0.00451	0.00592	0.00700	0.00727	0.00424	0.00461	0.00717	0.00960	0.01280	0.02713	0.74180	0.03248	0.09258	0.00841	0.00236	0.00317	0.01391	0.00461	0.00407
5	0.85592	0.00992	0.00754	0.00675	0.00992	0.01151	0.00556	0.01508	0.00873	0.02302	0.00714	0.00834	0.00556	0.00476	0.00318	0.00159	0.00397	0.00278	0.00318	0.00556

[dist]
# distance from previous block
# <min> <max>
0	40

[block]
# block no. 2 follows, 48 sequences, length 72
# corresponding to MSA columns:
# 152-223
name=unknown_C
#
# <colnr> <probs for GDERKNQSTAVLIFYWHMCP>
#	G	D	E	R	K	N	Q	S	T	A	V	L	I	F	Y	W	H	M	C	P
0	0.01211	0.01384	0.03028	0.02163	0.02682	0.01298	0.76903	0.01644	0.01211	0.01644	0.01038	0.01384	0.00779	0.00433	0.00606	0.00173	0.00865	0.00606	0.00260	0.00692
1	0.01284	0.01391	0.01548	0.01342	0.01396	0.17449	0.01096	0.01400	0.00921	0.01239	0.00698	0.01083	0.00671	0.00823	0.01436	0.00206	0.64793	0.00425	0.00233	0.00568
2	0.00733	0.00550	0.00825	0.00825	0.00916	0.00641	0.00641	0.00916	0.00825	0.01191	0.01374	0.02016	0.01283	0.03848	0.79934	0.00825	0.01374	0.00550	0.00275	0.00458
3	0.00827	0.00591	0.00827	0.00945	0.01063	0.00591	0.00827	0.01063	0.01181	0.01536	0.02717	0.05788	0.02953	0.01417	0.00709	0.00236	0.00472	0.75313	0.00472	0.00472
4	0.00637	0.00456	0.00606	0.00706	0.00747	0.00425	0.00477	0.00744	0.01037	0.01397	0.11607	0.72606	0.03562	0.01543	0.00649	0.00203	0.00291	0.01397	0.00487	0.00425
5	0.01883	0.07335	0.01530	0.01295	0.01570	0.75137	0.00984	0.02018	0.01429	0.01253	0.00788	0.00919	0.00661	0.00523	0.00454	0.00131	0.00902	0.00327	0.00262	0.00599
6	0.03956	0.04927	0.05424	0.01159	0.01568	0.05380	0.00993	0.57179	0.02085	0.06940	0.01182	0.01204	0.00848	0.00598	0.00525	0.00152	0.02673	0.00439	0.00464	0.02304
7	0.03081	0.13131	0.21253	0.04461	0.12704	0.04721	0.04508	0.23409	0.03097	0.03379	0.01026	0.01156	0.00774	0.00520	0.00478	0.00151	0.00641	0.00414	0.00328	0.00767
8	0.00662	0.00522	0.00597	0.00578	0.00727	0.00457	0.00434	0.00844	0.01301	0.01699	0.39346	0.04423	0.44215	0.01183	0.00606	0.00168	0.00252	0.01011	0.00518	0.00457
9	0.01917	0.02445	0.01454	0.01322	0.01586	0.79907	0.00991	0.02049	0.01454	0.01256	0.00793	0.00925	0.00661	0.00529	0.00463	0.00132	0.00925	0.00330	0.00264	0.00595
10	0.01196	0.30754	0.44842	0.01187	0.01789	0.01435	0.01413	0.01599	0.01092	0.05338	0.01084	0.01188	0.03998	0.00512	0.00438	0.00144	0.00647	0.00379	0.00250	0.00715
11	0.01243	0.05086	0.21060	0.01936	0.07795	0.01266	0.45941	0.01680	0.01186	0.06203	0.01049	0.01302	0.00774	0.00460	0.00553	0.00166	0.00783	0.00522	0.00269	0.00726
12	0.00638	0.00460	0.00607	0.00713	0.00757	0.00428	0.00488	0.00743	0.01022	0.01360	0.06703	0.71309	0.06595	0.01559	0.00653	0.00206	0.00301	0.04558	0.00481	0.00423
13	0.01339	0.00726	0.00928	0.00786	0.01023	0.00684	0.00619	0.07112	0.04650	0.26636	0.45403	0.02901	0.03281	0.00871	0.00567	0.00161	0.00334	0.00749	0.00582	0.00650
14	0.12678	0.09177	0.08719	0.07523	0.03574	0.04766	0.00946	0.08567	0.04044	0.30826	0.01370	0.01358	0.00948	0.00561	0.00462	0.00153	0.00525	0.00430	0.02624	0.00748
15	0.02016	0.00822	0.01102	0.00868	0.01219	0.00721	0.00708	0.02248	0.03288	0.64656	0.12241	0.02126	0.04161	0.00712	0.00531	0.00160	0.00405	0.00590	0.00618	0.00807
16	0.02302	0.00873	0.01191	0.00913	0.01310	0.00754	0.00754	0.02501	0.01469	0.79122	0.02024	0.01746	0.01270	0.00635	0.00516	0.00159	0.00437	0.00516	0.00635	0.00873
17	0.24724	0.19553	0.12289	0.01170	0.06215	0.19635	0.01008	0.01667	0.01101	0.03245	0.00802	0.00948	0.00653	0.00505	0.00461	0.00145	0.04645	0.00328	0.00268	0.00638
18	0.00698	0.00523	0.00646	0.00615	0.00749	0.00472	0.00462	0.00913	0.01385	0.01897	0.60935	0.04098	0.22502	0.01109	0.00605	0.00164	0.00246	0.00965	0.00544	0.00472
19	0.06255	0.01632	0.26555	0.07925	0.20580	0.01172	0.19354	0.01583	0.01125	0.03302	0.01007	0.01261	0.00763	0.00477	0.00506	0.00161	0.00688	0.00459	0.04478	0.00718
20	0.01088	0.13682	0.55424	0.01308	0.01973	0.01246	0.04031	0.01568	0.01079	0.01573	0.00894	0.01054	0.00670	0.00464	0.00454	0.00144	0.00681	0.00362	0.00230	0.12075
21	0.85592	0.00992	0.00754	0.00675	0.00992	0.01151	0.00556	0.01508	0.00873	0.02302	0.00714	0.00834	0.00556	0.00476	0.00318	0.00159	0.00397	0.00278	0.00318	0.00556
22	0.01372	0.82276	0.02689	0.00878	0.01317	0.02030	0.00878	0.01536	0.01043	0.01207	0.00713	0.00823	0.00658	0.00439	0.00329	0.00110	0.00549	0.00274	0.00219	0.00658
23	0.00708	0.00516	0.00650	0.00655	0.00749	0.00485	0.00466	0.00909	0.03155	0.01714	0.44295	0.23622	0.09319	0.09432	0.00820	0.00209	0.00288	0.01047	0.00509	0.00454
24	0.00720	0.00524	0.00677	0.00639	0.00763	0.00481	0.00479	0.00955	0.01437	0.02021	0.74452	0.03894	0.08909	0.01063	0.00605	0.00162	0.00243	0.00936	0.00560	0.00481
25	0.00641	0.00459	0.00610	0.00704	0.00748	0.00427	0.00478	0.00754	0.01056	0.01427	0.14680	0.69447	0.03620	0.01520	0.00647	0.00201	0.00289	0.01376	0.00490	0.00427
26	0.01029	0.02654	0.79309	0.01462	0.02221	0.01192	0.01896	0.01625	0.01083	0.01625	0.00921	0.01083	0.00650	0.00487	0.00487	0.00162	0.00758	0.00379	0.00217	0.00758
27	0.00606	0.00520	0.00520	0.00520	0.00693	0.00433	0.00390	0.00736	0.01170	0.01386	0.05198	0.04938	0.78558	0.01299	0.00606	0.00173	0.00260	0.01083	0.00476	0.00433
28	0.85592	0.00992	0.00754	0.00675	0.00992	0.01151	0.00556	0.01508	0.00873	0.02302	0.00714	0.00834	0.00556	0.00476	0.00318	0.00159	0.00397	0.00278	0.00318	0.00556
29	0.01064	0.00912	0.01064	0.00760	0.01216	0.00684	0.00608	0.01292	0.01064	0.01672	0.00912	0.01064	0.00760	0.00380	0.00380	0.00076	0.00380	0.00304	0.00304	0.85104
30	0.85592	0.00992	0.00754	0.00675	0.00992	0.01151	0.00556	0.01508	0.00873	0.02302	0.00714	0.00834	0.00556	0.00476	0.00318	0.00159	0.00397	0.00278	0.00318	0.00556
31	0.01276	0.01102	0.01160	0.01044	0.01334	0.01276	0.00812	0.02727	0.77840	0.02146	0.02088	0.01914	0.01566	0.00696	0.00522	0.00174	0.00406	0.00580	0.00522	0.00812
32	0.85592	0.00992	0.00754	0.00675	0.00992	0.01151	0.00556	0.01508	0.00873	0.02302	0.00714	0.00834	0.00556	0.00476	0.00318	0.00159	0.00397	0.00278	0.00318	0.00556
33	0.01983	0.01385	0.01508	0.01156	0.01565	0.01514	0.00955	0.70209	0.02326	0.10202	0.01305	0.01279	0.00909	0.00618	0.00514	0.00154	0.00553	0.00467	0.00524	0.00873
34	0.00625	0.00447	0.00595	0.00714	0.00744	0.00417	0.00476	0.00714	0.00982	0.01310	0.02828	0.81633	0.03394	0.01608	0.00655	0.00208	0.00298	0.01459	0.00476	0.00417
35	0.01276	0.01102	0.01160	0.01044	0.01334	0.01276	0.00812	0.02727	0.77840	0.02146	0.02088	0.01914	0.01566	0.00696	0.00522	0.00174	0.00406	0.00580	0.00522	0.00812
36	0.01886	0.05561	0.03055	0.01353	0.05413	0.62571	0.01008	0.02044	0.01417	0.09723	0.00934	0.01030	0.00734	0.00532	0.00466	0.00136	0.00837	0.00356	0.00301	0.00642
37	0.01225	0.00708	0.00894	0.00770	0.00987	0.00673	0.00602	0.08364	0.04012	0.20377	0.47416	0.05079	0.04930	0.00919	0.00574	0.00162	0.00325	0.00793	0.00571	0.00620
38	0.00624	0.00451	0.00591	0.00704	0.00741	0.00418	0.00471	0.00716	0.00993	0.01314	0.02961	0.77318	0.07622	0.01590	0.00652	0.00206	0.00296	0.01438	0.00476	0.00418
39	0.00662	0.00509	0.00607	0.00633	0.00745	0.00460	0.00455	0.00839	0.02792	0.01575	0.25959	0.30224	0.30045	0.01316	0.00621	0.00182	0.00270	0.01152	0.00503	0.00451
40	0.01672	0.19266	0.08271	0.01156	0.01509	0.36673	0.02307	0.04933	0.01338	0.09724	0.02421	0.01125	0.00841	0.00541	0.00475	0.00137	0.02733	0.00373	0.03845	0.00657
41	0.02005	0.00968	0.01224	0.01005	0.03216	0.00929	0.00793	0.18667	0.03602	0.50475	0.01886	0.08314	0.01358	0.00709	0.00524	0.00161	0.00452	0.00582	0.02307	0.00824
42	0.85592	0.00992	0.00754	0.00675	0.00992	0.01151	0.00556	0.01508	0.00873	0.02302	0.00714	0.00834	0.00556	0.00476	0.00318	0.00159	0.00397	0.00278	0.00318	0.00556
43	0.02302	0.00873	0.01191	0.00913	0.01310	0.00754	0.00754	0.02501	0.01469	0.79122	0.02024	0.01746	0.01270	0.00635	0.00516	0.00159	0.00437	0.00516	0.00635	0.00873
44	0.01179	0.04451	0.01153	0.00980	0.01223	0.01184	0.00767	0.03677	0.54338	0.01897	0.02020	0.02168	0.04748	0.07704	0.04081	0.00229	0.04487	0.02539	0.00463	0.00713
45	0.00718	0.00524	0.00675	0.00637	0.00762	0.00481	0.00478	0.00953	0.01434	0.02013	0.73605	0.03907	0.09761	0.01066	0.00605	0.00162	0.00243	0.00938	0.00559	0.00481
46	0.00641	0.00474	0.00583	0.00651	0.00718	0.00433	0.00443	0.00744	0.01042	0.01361	0.09609	0.50815	0.20167	0.08825	0.00818	0.00223	0.00303	0.01265	0.00469	0.00416
47	0.04395	0.00876	0.01180	0.00907	0.01302	0.00764	0.00749	0.02476	0.01454	0.77192	0.01991	0.01724	0.01252	0.00631	0.00511	0.00159	0.00436	0.00510	0.00627	0.00865
48	0.00656	0.00522	0.00589	0.00572	0.00724	0.00454	0.00429	0.00833	0.01288	0.01667	0.35835	0.04476	0.47746	0.01195	0.00606	0.00168	0.00252	0.01018	0.00513	0.00454
49	0.01048	0.06933	0.75192	0.01431	0.02172	0.01237	0.01841	0.01620	0.01081	0.01603	0.00910	0.01069	0.00650	0.00485	0.00479	0.00160	0.00747	0.00374	0.00217	0.00753
50	0.01270	0.01219	0.02083	0.03149	0.78767	0.01219	0.01575	0.01575	0.01168	0.01676	0.00965	0.01270	0.00813	0.00457	0.00508	0.00152	0.00610	0.00457	0.00254	0.00813
51	0.01372	0.82276	0.02689	0.00878	0.01317	0.02030	0.00878	0.01536	0.01043	0.01207	0.00713	0.00823	0.00658	0.00439	0.00329	0.00110	0.00549	0.00274	0.00219	0.00658
52	0.01176	0.00980	0.01308	0.01266	0.16256	0.00815	0.02409	0.02810	0.01131	0.05562	0.01026	0.02802	0.00852	0.00438	0.00424	0.00101	0.00439	0.00377	0.00317	0.59511
53	0.01060	0.11891	0.01588	0.01183	0.01285	0.01386	0.03916	0.01210	0.00847	0.01236	0.00872	0.01320	0.00831	0.01570	0.21397	0.00360	0.46801	0.00457	0.00238	0.00553
54	0.00827	0.00591	0.00827	0.00945	0.01063	0.00591	0.00827	0.01063	0.01181	0.01536	0.02717	0.05788	0.02953	0.01417	0.00709	0.00236	0.00472	0.75313	0.00472	0.00472
55	0.01960	0.00797	0.01081	0.00855	0.01192	0.00695	0.00695	0.02168	0.01465	0.62377	0.18640	0.02200	0.02046	0.00725	0.00535	0.00159	0.00394	0.00606	0.00620	0.00789
56	0.03496	0.10870	0.05387	0.00979	0.01349	0.01099	0.00853	0.10907	0.14088	0.34163	0.01778	0.05060	0.01350	0.00700	0.00507	0.00162	0.00473	0.05494	0.00506	0.00779
57	0.00646	0.00484	0.00633	0.00725	0.00767	0.00471	0.00498	0.00740	0.00991	0.01313	0.02949	0.70859	0.10229	0.01547	0.00697	0.00206	0.03977	0.01378	0.00465	0.00425
58	0.00716	0.00522	0.00672	0.00638	0.00761	0.00479	0.00478	0.00947	0.01423	0.01995	0.71803	0.05622	0.09865	0.01078	0.00606	0.00163	0.00245	0.00950	0.00557	0.00479
59	0.03579	0.02665	0.01554	0.21505	0.19620	0.04165	0.01170	0.16110	0.13161	0.05808	0.01289	0.01581	0.01011	0.00593	0.00512	0.00163	0.00579	0.03832	0.00368	0.00733
60	0.01100	0.18134	0.62506	0.01366	0.02056	0.01358	0.03542	0.01608	0.01079	0.01544	0.00883	0.01040	0.00655	0.00477	0.00460	0.00152	0.00720	0.00364	0.00218	0.00737
61	0.00969	0.00912	0.01539	0.80734	0.03534	0.01140	0.01425	0.01311	0.01026	0.01311	0.00912	0.01368	0.00684	0.00513	0.00513	0.00171	0.00684	0.00456	0.00228	0.00570
62	0.00746	0.00497	0.00560	0.00560	0.00560	0.00497	0.00311	0.00746	0.00746	0.00995	0.01617	0.03358	0.01865	0.81967	0.02612	0.00497	0.00497	0.00746	0.00311	0.00311
63	0.20419	0.01211	0.08198	0.01069	0.04634	0.01105	0.00901	0.20430	0.01522	0.33429	0.01398	0.01340	0.00941	0.00575	0.00469	0.00158	0.00495	0.00436	0.00482	0.00790
64	0.13329	0.09876	0.08817	0.01102	0.01474	0.02910	0.02289	0.35399	0.02976	0.02371	0.02892	0.01211	0.00886	0.00667	0.02255	0.00171	0.08060	0.00423	0.02160	0.00730
65	0.01284	0.01082	0.01091	0.00974	0.01231	0.06018	0.00753	0.16101	0.38485	0.02118	0.03715	0.12483	0.07202	0.00837	0.00535	0.00170	0.00433	0.00697	0.04081	0.00710
66	0.22154	0.36112	0.14847	0.00973	0.01410	0.08788	0.00974	0.01574	0.01040	0.01572	0.00763	0.00896	0.00636	0.00473	0.00400	0.00134	0.02521	0.00303	0.00251	0.04178
67	0.04311	0.01204	0.01953	0.22144	0.17141	0.06740	0.22629	0.01526	0.02686	0.01552	0.01000	0.01338	0.00791	0.00567	0.01856	0.00176	0.06263	0.00488	0.04984	0.00650
68	0.00693	0.00487	0.00616	0.00648	0.00701	0.00462	0.00433	0.00809	0.01075	0.01475	0.27980	0.33754	0.03458	0.23670	0.01180	0.00273	0.00334	0.01083	0.00460	0.00410
69	0.01215	0.05298	0.07157	0.02583	0.57791	0.01200	0.01439	0.01595	0.05756	0.01675	0.02786	0.01656	0.01080	0.00555	0.00515	0.00159	0.00587	0.05896	0.00288	0.00770
70	0.00706	0.00522	0.00659	0.00629	0.00755	0.00475	0.00470	0.00927	0.01398	0.01938	0.65643	0.06017	0.15754	0.01101	0.00607	0.00164	0.00246	0.00965	0.00549	0.00475
71	0.00637	0.00468	0.00590	0.00669	0.00734	0.00427	0.00459	0.00740	0.01052	0.01379	0.09806	0.57959	0.18115	0.01503	0.00674	0.02285	0.00289	0.01314	0.00478	0.00421

[dist]
# distance from previous block
# <min> <max>
0	1

[block]
# block no. 3 follows, 48 sequences, length 14
# corresponding to MSA columns:
# 225-238
name=unknown_D
#
# <colnr> <probs for GDERKNQSTAVLIFYWHMCP>
#	G	D	E	R	K	N	Q	S	T	A	V	L	I	F	Y	W	H	M	C	P
0	0.01313	0.01818	0.17872	0.03226	0.04597	0.18198	0.34441	0.01735	0.04504	0.01553	0.01020	0.02624	0.00802	0.00514	0.00581	0.00164	0.03590	0.00501	0.00265	0.00682
1	0.01031	0.08263	0.60493	0.01447	0.07420	0.01182	0.01651	0.01528	0.01095	0.01574	0.01324	0.01452	0.08234	0.00561	0.00489	0.00159	0.00684	0.00445	0.00245	0.00723
2	0.01372	0.82276	0.02689	0.00878	0.01317	0.02030	0.00878	0.01536	0.01043	0.01207	0.00713	0.00823	0.00658	0.00439	0.00329	0.00110	0.00549	0.00274	0.00219	0.00658
3	0.00707	0.00504	0.00549	0.00549	0.00597	0.00480	0.00333	0.00743	0.00864	0.01103	0.02610	0.03796	0.23143	0.59587	0.02055	0.00408	0.00432	0.00840	0.00357	0.00345
4	0.00979	0.00792	0.00906	0.00857	0.01046	0.00857	0.00653	0.01776	0.37764	0.01979	0.28899	0.13385	0.03011	0.00971	0.00576	0.00177	0.00337	0.03877	0.00529	0.00631
5	0.01214	0.01162	0.01982	0.17481	0.64870	0.01205	0.01547	0.01526	0.01142	0.01609	0.00955	0.01288	0.00789	0.00467	0.00509	0.00156	0.00623	0.00457	0.00249	0.00768
6	0.00935	0.00509	0.00570	0.00558	0.00639	0.00514	0.00388	0.03623	0.00973	0.01565	0.01488	0.02109	0.01325	0.17281	0.01154	0.17483	0.00345	0.00525	0.47610	0.00406
7	0.01182	0.06914	0.01558	0.01214	0.01339	0.06536	0.01011	0.01319	0.00894	0.01307	0.00724	0.01079	0.00686	0.00755	0.01291	0.00186	0.56657	0.00405	0.00240	0.14705
8	0.00764	0.00530	0.00617	0.00611	0.00749	0.00468	0.00443	0.00902	0.01175	0.06911	0.18544	0.18634	0.38264	0.08104	0.00779	0.00204	0.00296	0.01054	0.00491	0.00460
9	0.01139	0.00973	0.01498	0.53527	0.02794	0.03098	0.04116	0.03539	0.01091	0.06857	0.01028	0.01392	0.00777	0.00570	0.00633	0.00171	0.09486	0.00464	0.06250	0.00598
10	0.01754	0.01321	0.01344	0.01083	0.01424	0.08922	0.00867	0.48899	0.01968	0.09588	0.01453	0.11236	0.01216	0.02369	0.00563	0.00163	0.00546	0.00577	0.00483	0.04225
11	0.01068	0.01205	0.09040	0.01297	0.01382	0.01426	0.01142	0.01236	0.00819	0.01268	0.00779	0.01223	0.00742	0.01203	0.10706	0.00289	0.63924	0.00454	0.00230	0.00568
12	0.00724	0.00531	0.00673	0.00744	0.00840	0.00505	0.00580	0.00877	0.01093	0.01411	0.06656	0.20935	0.18666	0.11993	0.00921	0.00248	0.00385	0.31329	0.00457	0.00432
13	0.01291	0.01018	0.01312	0.01240	0.08820	0.01071	0.06142	0.30351	0.05809	0.02163	0.03906	0.19990	0.04321	0.05968	0.01909	0.00203	0.00507	0.02862	0.00445	0.00670

[dist]
# distance from previous block
# <min> <max>
9	13

[block]
# block no. 4 follows, 48 sequences, length 48
# corresponding to MSA columns:
# 252-299
name=unknown_E
#
# <colnr> <probs for GDERKNQSTAVLIFYWHMCP>
#	G	D	E	R	K	N	Q	S	T	A	V	L	I	F	Y	W	H	M	C	P
0	0.01298	0.01073	0.01360	0.03080	0.14390	0.01047	0.02349	0.20277	0.07748	0.02071	0.04668	0.03376	0.01157	0.04089	0.00567	0.00146	0.00480	0.00476	0.00379	0.29969
1	0.02633	0.02715	0.01802	0.21597	0.29902	0.04461	0.08977	0.03870	0.02313	0.06156	0.01127	0.01382	0.02660	0.00504	0.00503	0.00152	0.00620	0.00468	0.00293	0.07866
2	0.00922	0.00773	0.01116	0.12478	0.06155	0.00901	0.00861	0.05604	0.00997	0.01396	0.01432	0.16449	0.01447	0.04781	0.27341	0.00411	0.13035	0.00678	0.00313	0.02908
3	0.02193	0.00884	0.01180	0.00915	0.01298	0.00787	0.00752	0.04289	0.04712	0.71234	0.04762	0.01816	0.01402	0.00652	0.00519	0.00159	0.00431	0.00532	0.00625	0.00857
4	0.01270	0.01219	0.02083	0.03149	0.78767	0.01219	0.01575	0.01575	0.01168	0.01676	0.00965	0.01270	0.00813	0.00457	0.00508	0.00152	0.00610	0.00457	0.00254	0.00813
5	0.00722	0.00524	0.00679	0.00641	0.00764	0.00482	0.00480	0.00959	0.01441	0.02031	0.75631	0.03876	0.07723	0.01059	0.00605	0.00162	0.00243	0.00934	0.00561	0.00482
6	0.00720	0.00524	0.00677	0.00639	0.00763	0.00482	0.00479	0.00956	0.01438	0.02023	0.74739	0.03889	0.08620	0.01062	0.00605	0.00162	0.00243	0.00936	0.00560	0.00482
7	0.02069	0.01246	0.01422	0.01090	0.01496	0.01308	0.00900	0.51838	0.02093	0.28902	0.01500	0.01406	0.01007	0.00622	0.00514	0.00156	0.00521	0.00480	0.00554	0.00873
8	0.01917	0.02445	0.01454	0.01322	0.01586	0.79907	0.00991	0.02049	0.01454	0.01256	0.00793	0.00925	0.00661	0.00529	0.00463	0.00132	0.00925	0.00330	0.00264	0.00595
9	0.00617	0.00479	0.00562	0.00629	0.00722	0.00424	0.00438	0.00724	0.01064	0.01343	0.03865	0.48082	0.36275	0.01473	0.00634	0.00193	0.00281	0.01294	0.00476	0.00424
10	0.01064	0.00912	0.01064	0.00760	0.01216	0.00684	0.00608	0.01292	0.01064	0.01672	0.00912	0.01064	0.00760	0.00380	0.00380	0.00076	0.00380	0.00304	0.00304	0.85104
11	0.00746	0.00499	0.00567	0.00567	0.00570	0.00502	0.00320	0.00751	0.00748	0.01001	0.01610	0.03319	0.01849	0.79727	0.04829	0.00507	0.00523	0.00741	0.00310	0.00315
12	0.01865	0.02362	0.01426	0.01300	0.01557	0.76412	0.00976	0.01999	0.01426	0.01253	0.00819	0.00973	0.00688	0.00675	0.03967	0.00163	0.00945	0.00340	0.00265	0.00589
13	0.00623	0.00520	0.00542	0.00537	0.00703	0.00440	0.00403	0.00768	0.01208	0.01477	0.15083	0.04789	0.68617	0.01266	0.00606	0.00172	0.00257	0.01062	0.00488	0.00440
14	0.01837	0.01381	0.01476	0.01158	0.01548	0.01538	0.00948	0.64529	0.15124	0.03051	0.01376	0.01347	0.00990	0.00629	0.00515	0.00157	0.00538	0.00482	0.00515	0.00862
15	0.01303	0.01118	0.01194	0.01094	0.02970	0.01287	0.00835	0.05616	0.73273	0.02179	0.02031	0.01874	0.01523	0.00688	0.00521	0.00173	0.00417	0.00573	0.00516	0.00815
16	0.01335	0.50042	0.23091	0.01119	0.01639	0.04755	0.05046	0.01629	0.01097	0.04850	0.00848	0.00967	0.00690	0.00464	0.00399	0.00130	0.00631	0.00332	0.00241	0.00694
17	0.00723	0.00524	0.00681	0.00642	0.00764	0.00483	0.00481	0.00962	0.01444	0.02039	0.76431	0.03864	0.06918	0.01056	0.00605	0.00162	0.00243	0.00932	0.00562	0.00483
18	0.00692	0.00523	0.00639	0.00610	0.00746	0.00470	0.00457	0.00902	0.01372	0.01867	0.57638	0.04147	0.25819	0.01120	0.00606	0.00165	0.00247	0.00972	0.00540	0.00470
19	0.01270	0.01219	0.02083	0.03149	0.78767	0.01219	0.01575	0.01575	0.01168	0.01676	0.00965	0.01270	0.00813	0.00457	0.00508	0.00152	0.00610	0.00457	0.00254	0.00813
20	0.01013	0.01041	0.02075	0.03102	0.09926	0.00987	0.41791	0.01315	0.01129	0.01529	0.01677	0.27428	0.02909	0.00831	0.00610	0.00182	0.00642	0.00872	0.00332	0.00609
21	0.00632	0.00456	0.00593	0.00695	0.00736	0.00423	0.00466	0.00727	0.01003	0.01332	0.05881	0.71349	0.07778	0.04413	0.00719	0.00215	0.00300	0.01391	0.00474	0.00417
22	0.00625	0.00447	0.00595	0.00714	0.00744	0.00417	0.00476	0.00714	0.00982	0.01310	0.02828	0.81633	0.03394	0.01608	0.00655	0.00208	0.00298	0.01459	0.00476	0.00417
23	0.01064	0.00912	0.01064	0.00760	0.01216	0.00684	0.00608	0.01292	0.01064	0.01672	0.00912	0.01064	0.00760	0.00380	0.00380	0.00076	0.00380	0.00304	0.00304	0.85104
24	0.00821	0.00590	0.00816	0.00929	0.01044	0.00592	0.00799	0.01072	0.02863	0.01531	0.02712	0.11758	0.02957	0.01417	0.00700	0.00233	0.00457	0.67761	0.00474	0.00476
25	0.85592	0.00992	0.00754	0.00675	0.00992	0.01151	0.00556	0.01508	0.00873	0.02302	0.00714	0.00834	0.00556	0.00476	0.00318	0.00159	0.00397	0.00278	0.00318	0.00556
26	0.01364	0.76173	0.02546	0.00868	0.01287	0.03815	0.00854	0.01531	0.01054	0.01245	0.00764	0.00881	0.00692	0.00449	0.00334	0.00111	0.00542	0.00286	0.04557	0.00648
27	0.00668	0.00542	0.00596	0.00596	0.00747	0.00485	0.00441	0.00884	0.05135	0.01555	0.19922	0.13766	0.50329	0.01254	0.00608	0.00175	0.00268	0.01070	0.00497	0.00461
28	0.00738	0.00496	0.00560	0.00565	0.00571	0.00492	0.00320	0.00745	0.00767	0.01018	0.01756	0.06697	0.03821	0.76590	0.02480	0.00477	0.00483	0.00785	0.00322	0.00318
29	0.01951	0.01437	0.01540	0.01181	0.01591	0.01591	0.00975	0.77056	0.02412	0.03234	0.01232	0.01232	0.00873	0.00616	0.00513	0.00154	0.00565	0.00462	0.00513	0.00873
30	0.01116	0.11186	0.39681	0.01344	0.05127	0.04059	0.04576	0.01563	0.04128	0.03044	0.09895	0.01510	0.02799	0.00605	0.00589	0.00161	0.07166	0.00472	0.00288	0.00691
31	0.00725	0.00530	0.00685	0.00661	0.00786	0.00489	0.00506	0.00958	0.01406	0.01957	0.65898	0.04093	0.10718	0.01102	0.00614	0.00169	0.00264	0.07410	0.00550	0.00479
32	0.00797	0.00543	0.00694	0.00646	0.00787	0.00493	0.00488	0.01024	0.01421	0.06085	0.66153	0.03846	0.12969	0.01055	0.00601	0.00163	0.00254	0.00923	0.00559	0.00499
33	0.00624	0.00450	0.00592	0.00706	0.00742	0.00418	0.00472	0.00715	0.00991	0.01313	0.02935	0.78181	0.06776	0.01594	0.00653	0.00207	0.00296	0.01442	0.00476	0.00418
34	0.00648	0.00463	0.00621	0.00740	0.00780	0.00436	0.00516	0.00754	0.01005	0.01335	0.02816	0.73090	0.03344	0.01586	0.00661	0.00212	0.00317	0.09777	0.00476	0.00423
35	0.00629	0.00450	0.00599	0.00712	0.00745	0.00420	0.00477	0.00725	0.01002	0.01341	0.06019	0.78352	0.03455	0.01584	0.00653	0.00206	0.00295	0.01436	0.00480	0.00420
36	0.01211	0.01384	0.03028	0.02163	0.02682	0.01298	0.76903	0.01644	0.01211	0.01644	0.01038	0.01384	0.00779	0.00433	0.00606	0.00173	0.00865	0.00606	0.00260	0.00692
37	0.01233	0.50001	0.33747	0.01115	0.01683	0.01690	0.01291	0.01572	0.01059	0.01377	0.00797	0.00929	0.00655	0.00459	0.00393	0.00131	0.00634	0.00317	0.00218	0.00699
38	0.01029	0.02654	0.79309	0.01462	0.02221	0.01192	0.01896	0.01625	0.01083	0.01625	0.00921	0.01083	0.00650	0.00487	0.00487	0.00162	0.00758	0.00379	0.00217	0.00758
39	0.01707	0.01006	0.01173	0.00989	0.01324	0.01057	0.00788	0.02632	0.45736	0.34504	0.02061	0.01844	0.01442	0.00670	0.00520	0.00168	0.00419	0.00553	0.00570	0.00838
40	0.02302	0.00873	0.01191	0.00913	0.01310	0.00754	0.00754	0.02501	0.01469	0.79122	0.02024	0.01746	0.01270	0.00635	0.00516	0.00159	0.00437	0.00516	0.00635	0.00873
41	0.00825	0.00559	0.00726	0.00731	0.00844	0.00523	0.01713	0.04212	0.01204	0.06610	0.20684	0.44012	0.10994	0.03041	0.00664	0.00194	0.00315	0.01163	0.00502	0.00486
42	0.00969	0.00912	0.01539	0.80734	0.03534	0.01140	0.01425	0.01311	0.01026	0.01311	0.00912	0.01368	0.00684	0.00513	0.00513	0.00171	0.00684	0.00456	0.00228	0.00570
43	0.00648	0.00461	0.00612	0.00724	0.00759	0.00435	0.00494	0.00744	0.00984	0.01309	0.02749	0.71105	0.03270	0.06273	0.00773	0.00227	0.00323	0.07229	0.00466	0.00415
44	0.01058	0.00638	0.00814	0.00721	0.00908	0.00597	0.00557	0.03484	0.04910	0.15606	0.56776	0.03345	0.06609	0.00957	0.00583	0.00162	0.00293	0.00832	0.00571	0.00577
45	0.04317	0.38718	0.27513	0.01229	0.06734	0.06413	0.01233	0.01570	0.01105	0.01462	0.04777	0.01099	0.00876	0.00494	0.00415	0.00136	0.00624	0.00358	0.00245	0.00685
46	0.01792	0.03985	0.01294	0.00957	0.01335	0.01079	0.00783	0.28789	0.03842	0.28475	0.03694	0.01569	0.01169	0.04257	0.00582	0.00158	0.00471	0.00480	0.02077	0.13212
47	0.01907	0.01356	0.01552	0.01186	0.01594	0.01467	0.04359	0.64071	0.02217	0.09859	0.01291	0.01299	0.00911	0.00675	0.02216	0.00168	0.00581	0.00472	0.00504	0.02314

[dist]
# distance from previous block
# <min> <max>
0	3

[block]
# block no. 5 follows, 48 sequences, length 32
# corresponding to MSA columns:
# 303-334
name=unknown_F
#
# <colnr> <probs for GDERKNQSTAVLIFYWHMCP>
#	G	D	E	R	K	N	Q	S	T	A	V	L	I	F	Y	W	H	M	C	P
0	0.06735	0.06320	0.05813	0.01077	0.01514	0.01378	0.02179	0.46855	0.01865	0.02617	0.01083	0.01143	0.00803	0.00538	0.00463	0.00136	0.00531	0.00405	0.00420	0.18126
1	0.01054	0.08323	0.73854	0.01421	0.02156	0.01251	0.01823	0.01619	0.01080	0.01595	0.00906	0.01065	0.00651	0.00484	0.00476	0.00159	0.00743	0.00372	0.00217	0.00751
2	0.00752	0.00566	0.00839	0.00832	0.00922	0.00667	0.00649	0.00934	0.00830	0.01212	0.01360	0.01984	0.01264	0.03665	0.75248	0.00786	0.03917	0.00545	0.02566	0.00462
3	0.00969	0.00912	0.01539	0.80734	0.03534	0.01140	0.01425	0.01311	0.01026	0.01311	0.00912	0.01368	0.00684	0.00513	0.00513	0.00171	0.00684	0.00456	0.00228	0.00570
4	0.01064	0.00912	0.01064	0.00760	0.01216	0.00684	0.00608	0.01292	0.01064	0.01672	0.00912	0.01064	0.00760	0.00380	0.00380	0.00076	0.00380	0.00304	0.00304	0.85104
5	0.00606	0.00520	0.00520	0.00520	0.00693	0.00433	0.00390	0.00736	0.01170	0.01386	0.05198	0.04938	0.78558	0.01299	0.00606	0.00173	0.00260	0.01083	0.00476	0.00433
6	0.01923	0.02267	0.01469	0.01297	0.01587	0.66015	0.00989	0.15355	0.01624	0.01607	0.00871	0.00980	0.00698	0.00544	0.00472	0.00136	0.00861	0.00354	0.00309	0.00644
7	0.00645	0.00517	0.00566	0.00561	0.00705	0.00449	0.00412	0.00794	0.01207	0.01526	0.23060	0.07431	0.52836	0.06135	0.00729	0.00191	0.00271	0.01038	0.00488	0.00438
8	0.00729	0.00492	0.00572	0.00585	0.00597	0.00486	0.00343	0.00755	0.00820	0.01101	0.06433	0.13750	0.02248	0.66427	0.02231	0.00439	0.00456	0.00852	0.00348	0.00335
9	0.00687	0.00523	0.00632	0.00605	0.00743	0.00468	0.00454	0.00893	0.01361	0.01840	0.54735	0.04191	0.28738	0.01130	0.00606	0.00165	0.00248	0.00978	0.00536	0.00468
10	0.01845	0.02301	0.01476	0.06224	0.03476	0.71514	0.01031	0.03683	0.01443	0.01313	0.00814	0.00967	0.00671	0.00528	0.00468	0.00136	0.00895	0.00344	0.00268	0.00605
11	0.00746	0.00500	0.00573	0.00573	0.00578	0.00505	0.00328	0.00755	0.00750	0.01005	0.01604	0.03289	0.01836	0.77968	0.06570	0.00514	0.00542	0.00736	0.00309	0.00318
12	0.00735	0.00544	0.00794	0.00794	0.00875	0.00625	0.00603	0.00896	0.00815	0.01168	0.01403	0.02173	0.01351	0.12975	0.70901	0.00786	0.01272	0.00573	0.00279	0.00441
13	0.01951	0.01437	0.01540	0.01181	0.01591	0.01591	0.00975	0.77056	0.02412	0.03234	0.01232	0.01232	0.00873	0.00616	0.00513	0.00154	0.00565	0.00462	0.00513	0.00873
14	0.01193	0.44231	0.25424	0.01081	0.03172	0.03153	0.01149	0.01500	0.01120	0.01456	0.11004	0.01308	0.01209	0.00536	0.00420	0.00134	0.00580	0.00397	0.00266	0.00668
15	0.01116	0.00890	0.01056	0.00780	0.01212	0.00682	0.00629	0.01343	0.01093	0.05834	0.01082	0.01390	0.00922	0.00457	0.00407	0.00090	0.00389	0.04909	0.00332	0.75386
16	0.01033	0.02527	0.72811	0.01487	0.02216	0.01182	0.06485	0.01611	0.01100	0.01636	0.02703	0.01165	0.00754	0.00497	0.00497	0.00163	0.00753	0.00406	0.00227	0.00748
17	0.00731	0.00545	0.00806	0.00808	0.00894	0.00629	0.00620	0.00903	0.00824	0.01183	0.01419	0.03841	0.01360	0.07893	0.74134	0.00794	0.01305	0.00580	0.00281	0.00449
18	0.01255	0.01253	0.01861	0.06590	0.61198	0.08244	0.01410	0.01531	0.01187	0.01595	0.01320	0.01567	0.07649	0.00541	0.00513	0.00153	0.00611	0.00501	0.00273	0.00748
19	0.00748	0.00494	0.00559	0.00565	0.00586	0.00488	0.00333	0.00783	0.00822	0.01129	0.04305	0.08391	0.04618	0.65574	0.02190	0.00430	0.00450	0.00790	0.06405	0.00340
20	0.01240	0.01227	0.01955	0.19252	0.53978	0.05536	0.04642	0.01572	0.02712	0.01585	0.00970	0.01289	0.00791	0.00477	0.00511	0.00156	0.00649	0.00459	0.00255	0.00745
21	0.00726	0.00524	0.00686	0.00646	0.00767	0.00484	0.00484	0.00968	0.01452	0.02058	0.78496	0.03833	0.04841	0.01049	0.00605	0.00161	0.00242	0.00928	0.00565	0.00484
22	0.01166	0.10523	0.18657	0.00950	0.01452	0.00975	0.00940	0.03998	0.01128	0.05375	0.01020	0.03789	0.00841	0.00472	0.00418	0.00110	0.00489	0.00372	0.00304	0.47019
23	0.00969	0.00912	0.01539	0.80734	0.03534	0.01140	0.01425	0.01311	0.01026	0.01311	0.00912	0.01368	0.00684	0.00513	0.00513	0.00171	0.00684	0.00456	0.00228	0.00570
24	0.01327	0.05805	0.12355	0.03778	0.06202	0.01233	0.01023	0.08255	0.39166	0.07678	0.01712	0.06494	0.01346	0.00677	0.00512	0.00167	0.00494	0.00563	0.00441	0.00773
25	0.01884	0.02280	0.01478	0.01366	0.04244	0.68180	0.01006	0.09129	0.03107	0.01475	0.00867	0.00987	0.00705	0.00538	0.00470	0.00136	0.00870	0.00352	0.00293	0.00633
26	0.00746	0.00497	0.00560	0.00560	0.00560	0.00497	0.00311	0.00746	0.00746	0.00995	0.01617	0.03358	0.01865	0.81967	0.02612	0.00497	0.00497	0.00746	0.00311	0.00311
27	0.00739	0.00495	0.00562	0.00568	0.00570	0.00493	0.00320	0.00744	0.00759	0.01012	0.01684	0.07709	0.01950	0.77500	0.02503	0.00481	0.00486	0.00786	0.00320	0.00317
28	0.01064	0.00912	0.01064	0.00760	0.01216	0.00684	0.00608	0.01292	0.01064	0.01672	0.00912	0.01064	0.00760	0.00380	0.00380	0.00076	0.00380	0.00304	0.00304	0.85104
29	0.01143	0.01280	0.04676	0.07260	0.02440	0.01163	0.56114	0.01538	0.01192	0.01649	0.05703	0.01486	0.01012	0.00471	0.00570	0.00161	0.00755	0.00573	0.00280	0.10535
30	0.01064	0.00912	0.01064	0.00760	0.01216	0.00684	0.00608	0.01292	0.01064	0.01672	0.00912	0.01064	0.00760	0.00380	0.00380	0.00076	0.00380	0.00304	0.00304	0.85104
31	0.01532	0.01734	0.01685	0.06835	0.33066	0.36755	0.01228	0.01778	0.02772	0.01473	0.00903	0.01120	0.00748	0.00493	0.00480	0.00140	0.00739	0.00393	0.00265	0.05861

[dist]
# distance from previous block
# <min> <max>
0	28

[block]
# block no. 6 follows, 48 sequences, length 86
# corresponding to MSA columns:
# 363-448
name=unknown_G
#
# <colnr> <probs for GDERKNQSTAVLIFYWHMCP>
#	G	D	E	R	K	N	Q	S	T	A	V	L	I	F	Y	W	H	M	C	P
0	0.00726	0.00524	0.00686	0.00646	0.00767	0.00484	0.00484	0.00968	0.01452	0.02058	0.78496	0.03833	0.04841	0.01049	0.00605	0.00161	0.00242	0.00928	0.00565	0.00484
1	0.01406	0.74766	0.02576	0.00920	0.01337	0.07678	0.00891	0.01567	0.01067	0.01211	0.00718	0.00837	0.00659	0.00455	0.00367	0.00114	0.02273	0.00282	0.00223	0.00652
2	0.28358	0.00910	0.01054	0.00838	0.01210	0.00878	0.00692	0.02190	0.01282	0.55090	0.01615	0.01461	0.01047	0.00585	0.00454	0.00159	0.00424	0.00441	0.00536	0.00774
3	0.12390	0.00888	0.01138	0.00884	0.01271	0.00802	0.00730	0.02380	0.01396	0.69818	0.01866	0.01636	0.01184	0.00616	0.00492	0.00159	0.00432	0.00487	0.00597	0.00835
4	0.00716	0.00524	0.00672	0.00635	0.00760	0.00480	0.00476	0.00949	0.01429	0.02002	0.72393	0.03925	0.10979	0.01070	0.00605	0.00162	0.00244	0.00941	0.00557	0.00480
5	0.00703	0.00524	0.00654	0.00622	0.00753	0.00474	0.00466	0.00924	0.01398	0.01930	0.64514	0.04044	0.18903	0.01097	0.00605	0.00164	0.00245	0.00958	0.00548	0.00474
6	0.01650	0.01208	0.01419	0.04539	0.09797	0.01317	0.00963	0.39718	0.16383	0.08668	0.03837	0.01527	0.01167	0.00624	0.00510	0.00157	0.00508	0.00503	0.04694	0.00811
7	0.00746	0.00497	0.00560	0.00560	0.00560	0.00497	0.00311	0.00746	0.00746	0.00995	0.01617	0.03358	0.01865	0.81967	0.02612	0.00497	0.00497	0.00746	0.00311	0.00311
8	0.02457	0.01145	0.01855	0.16181	0.53139	0.01187	0.01425	0.05581	0.02528	0.07969	0.01071	0.01328	0.00840	0.00494	0.00507	0.00157	0.00600	0.00462	0.00299	0.00775
9	0.00624	0.00452	0.00590	0.00700	0.00740	0.00418	0.00470	0.00716	0.00996	0.01315	0.03001	0.76040	0.08874	0.01585	0.00651	0.00206	0.00295	0.01431	0.00476	0.00418
10	0.01270	0.01219	0.02083	0.03149	0.78767	0.01219	0.01575	0.01575	0.01168	0.01676	0.00965	0.01270	0.00813	0.00457	0.00508	0.00152	0.00610	0.00457	0.00254	0.00813
11	0.01278	0.07568	0.04903	0.01914	0.11884	0.10630	0.38727	0.01597	0.01165	0.01518	0.00989	0.03758	0.00827	0.00531	0.00655	0.00165	0.08690	0.00527	0.00259	0.02414
12	0.01470	0.01133	0.08943	0.00998	0.03882	0.00882	0.00847	0.09106	0.05310	0.21680	0.03986	0.01404	0.01076	0.00521	0.00458	0.00124	0.00454	0.00422	0.00419	0.36884
13	0.09973	0.01131	0.05573	0.07804	0.01518	0.01110	0.00882	0.27937	0.04296	0.15127	0.15206	0.01767	0.01613	0.00663	0.00506	0.00157	0.00479	0.00531	0.00476	0.03253
14	0.01234	0.46231	0.28917	0.01187	0.01724	0.01674	0.06609	0.01563	0.01059	0.01382	0.00806	0.00963	0.00665	0.00472	0.00454	0.00137	0.03670	0.00340	0.00222	0.00691
15	0.00745	0.00560	0.00833	0.00828	0.00919	0.00657	0.00646	0.00928	0.00829	0.01206	0.01366	0.01995	0.01271	0.03723	0.76739	0.00798	0.02987	0.00546	0.01961	0.00461
16	0.01064	0.00912	0.01064	0.00760	0.01216	0.00684	0.00608	0.01292	0.01064	0.01672	0.00912	0.01064	0.00760	0.00380	0.00380	0.00076	0.00380	0.00304	0.00304	0.85104
17	0.01276	0.09194	0.07971	0.02628	0.01605	0.01094	0.12384	0.10025	0.02938	0.06699	0.01133	0.05200	0.00934	0.00532	0.00502	0.00130	0.03068	0.00455	0.00336	0.31895
18	0.00723	0.00524	0.00681	0.00642	0.00764	0.00483	0.00481	0.00962	0.01444	0.02038	0.76359	0.03865	0.06990	0.01056	0.00605	0.00162	0.00243	0.00932	0.00562	0.00483
19	0.11289	0.01259	0.01385	0.01166	0.05500	0.01360	0.00904	0.46194	0.08880	0.11288	0.01311	0.01301	0.00936	0.00591	0.00486	0.00153	0.00511	0.00451	0.00483	0.04552
20	0.01951	0.01437	0.01540	0.01181	0.01591	0.01591	0.00975	0.77056	0.02412	0.03234	0.01232	0.01232	0.00873	0.00616	0.00513	0.00154	0.00565	0.00462	0.00513	0.00873
21	0.01364	0.01050	0.01240	0.01022	0.01330	0.04207	0.05656	0.09220	0.26361	0.12672	0.09293	0.02075	0.08301	0.00719	0.00576	0.00159	0.04090	0.00594	0.00473	0.09599
22	0.01284	0.01256	0.02068	0.04552	0.73531	0.03771	0.02840	0.01586	0.01176	0.01655	0.00960	0.01263	0.00805	0.00460	0.00508	0.00152	0.00626	0.00456	0.00254	0.00799
23	0.05611	0.01375	0.01433	0.05298	0.01607	0.06144	0.00944	0.56554	0.04330	0.05588	0.05075	0.01371	0.01068	0.00624	0.00506	0.00155	0.00560	0.00474	0.00482	0.00805
24	0.00746	0.00497	0.00560	0.00560	0.00560	0.00497	0.00311	0.00746	0.00746	0.00995	0.01617	0.03358	0.01865	0.81967	0.02612	0.00497	0.00497	0.00746	0.00311	0.00311
25	0.00746	0.00497	0.00560	0.00560	0.00560	0.00497	0.00311	0.00746	0.00746	0.00995	0.01617	0.03358	0.01865	0.81967	0.02612	0.00497	0.00497	0.00746	0.00311	0.00311
26	0.01919	0.01370	0.01484	0.01151	0.01550	0.01507	0.00946	0.65667	0.08633	0.08430	0.01358	0.01325	0.00958	0.00624	0.00514	0.00156	0.00542	0.00476	0.00523	0.00868
27	0.00794	0.00571	0.00786	0.00900	0.01003	0.00568	0.00755	0.01023	0.02533	0.01501	0.02728	0.21112	0.03017	0.01443	0.00694	0.00229	0.00436	0.58965	0.00474	0.00467
28	0.00715	0.00524	0.00671	0.00634	0.00760	0.00479	0.00475	0.00947	0.01426	0.01996	0.71728	0.03935	0.11648	0.01072	0.00605	0.00162	0.00244	0.00942	0.00557	0.00479
29	0.01888	0.02380	0.01460	0.01321	0.01577	0.75722	0.00996	0.03235	0.01445	0.01287	0.00796	0.00938	0.00665	0.00544	0.00509	0.00136	0.03900	0.00337	0.00267	0.00598
30	0.01914	0.01385	0.01488	0.01145	0.01543	0.01528	0.00945	0.72384	0.02337	0.04610	0.01266	0.01271	0.00899	0.00616	0.00507	0.00153	0.00548	0.00464	0.04143	0.00856
31	0.02302	0.00873	0.01191	0.00913	0.01310	0.00754	0.00754	0.02501	0.01469	0.79122	0.02024	0.01746	0.01270	0.00635	0.00516	0.00159	0.00437	0.00516	0.00635	0.00873
32	0.00746	0.00497	0.00560	0.00560	0.00560	0.00497	0.00311	0.00746	0.00746	0.00995	0.01617	0.03358	0.01865	0.81967	0.02612	0.00497	0.00497	0.00746	0.00311	0.00311
33	0.01862	0.02305	0.01429	0.01295	0.01563	0.71642	0.00978	0.04497	0.05485	0.01372	0.00914	0.01085	0.00762	0.00558	0.00472	0.00137	0.00877	0.01862	0.00290	0.00613
34	0.77100	0.01073	0.04869	0.00727	0.01072	0.01134	0.00635	0.01563	0.00913	0.06035	0.00789	0.00891	0.00596	0.00485	0.00336	0.00159	0.00418	0.00295	0.00328	0.00582
35	0.01270	0.01219	0.02083	0.03149	0.78767	0.01219	0.01575	0.01575	0.01168	0.01676	0.00965	0.01270	0.00813	0.00457	0.00508	0.00152	0.00610	0.00457	0.00254	0.00813
36	0.00969	0.00912	0.01539	0.80734	0.03534	0.01140	0.01425	0.01311	0.01026	0.01311	0.00912	0.01368	0.00684	0.00513	0.00513	0.00171	0.00684	0.00456	0.00228	0.00570
37	0.01270	0.01219	0.02083	0.03149	0.78767	0.01219	0.01575	0.01575	0.01168	0.01676	0.00965	0.01270	0.00813	0.00457	0.00508	0.00152	0.00610	0.00457	0.00254	0.00813
38	0.00827	0.00591	0.00827	0.00945	0.01063	0.00591	0.00827	0.01063	0.01181	0.01536	0.02717	0.05788	0.02953	0.01417	0.00709	0.00236	0.00472	0.75313	0.00472	0.00472
39	0.00624	0.00452	0.00590	0.00701	0.00741	0.00418	0.00470	0.00716	0.00995	0.01315	0.02993	0.76289	0.08630	0.01586	0.00652	0.00206	0.00295	0.01433	0.00476	0.00418
