[name]
unknown

[dist]
# distance from previous block
# <min> <max>
0	82

[block]
# block no. 0 follows, 43 sequences, length 8
# corresponding to MSA columns:
# 87-94
name=unknown_A
#
# <colnr> <probs for GDERKNQSTAVLIFYWHMCP>
#	G	D	E	R	K	N	Q	S	T	A	V	L	I	F	Y	W	H	M	C	P
0	0.09159	0.00995	0.08188	0.01047	0.01336	0.00852	0.00956	0.01715	0.07461	0.17291	0.02338	0.04031	0.02216	0.01103	0.00644	0.00217	0.00517	0.38760	0.00509	0.00666
1	0.01966	0.03625	0.03719	0.01087	0.01473	0.05430	0.00907	0.26638	0.06660	0.28543	0.07855	0.01797	0.01480	0.00733	0.00591	0.02346	0.00535	0.00552	0.03220	0.00844
2	0.01051	0.00562	0.00778	0.00750	0.00790	0.00575	0.00517	0.06268	0.00888	0.01218	0.01042	0.01681	0.00989	0.01751	0.01935	0.72475	0.00477	0.00484	0.05459	0.00310
3	0.01135	0.00699	0.00871	0.00800	0.00897	0.00768	0.00594	0.10313	0.01107	0.01650	0.01287	0.01815	0.01135	0.05019	0.04501	0.34425	0.07679	0.00513	0.24337	0.00456
4	0.05600	0.15576	0.48138	0.01702	0.12239	0.01444	0.04495	0.01725	0.01168	0.01725	0.00956	0.01147	0.00727	0.00510	0.00496	0.00165	0.00743	0.00405	0.00247	0.00794
5	0.67471	0.07817	0.01084	0.00825	0.01179	0.07017	0.00685	0.05289	0.01085	0.02353	0.00805	0.00927	0.00634	0.00522	0.00366	0.00165	0.00493	0.00314	0.00340	0.00629
6	0.03579	0.00841	0.06509	0.00859	0.01074	0.00705	0.00720	0.05290	0.03222	0.07572	0.22132	0.17666	0.12247	0.05189	0.00752	0.00213	0.00405	0.09927	0.00520	0.00579
7	0.04215	0.20405	0.20107	0.01310	0.05169	0.06229	0.03598	0.05987	0.01369	0.19746	0.03848	0.01387	0.01043	0.00591	0.00530	0.00160	0.02675	0.00450	0.00383	0.00796

[dist]
# distance from previous block
# <min> <max>
0	1

[block]
# block no. 1 follows, 43 sequences, length 9
# corresponding to MSA columns:
# 96-104
name=unknown_B
#
# <colnr> <probs for GDERKNQSTAVLIFYWHMCP>
#	G	D	E	R	K	N	Q	S	T	A	V	L	I	F	Y	W	H	M	C	P
0	0.03268	0.05859	0.53249	0.01593	0.08093	0.01255	0.03955	0.01732	0.01184	0.04102	0.01022	0.01196	0.00752	0.00511	0.00508	0.00162	0.00733	0.00411	0.00266	0.10153
1	0.01373	0.01065	0.01211	0.01062	0.04001	0.01070	0.00801	0.05602	0.34782	0.08164	0.01940	0.04295	0.04414	0.00687	0.00521	0.00153	0.00433	0.00571	0.02842	0.25012
2	0.01046	0.00984	0.01661	0.79205	0.03814	0.01230	0.01538	0.01415	0.01107	0.01415	0.00984	0.01477	0.00738	0.00554	0.00554	0.00185	0.00738	0.00492	0.00246	0.00615
3	0.00742	0.00554	0.00722	0.00753	0.00837	0.00534	0.00540	0.00912	0.01280	0.01756	0.34112	0.39265	0.09741	0.01425	0.00727	0.00201	0.03612	0.01257	0.00543	0.00488
4	0.00698	0.00496	0.00650	0.00748	0.00788	0.00466	0.00499	0.00804	0.01092	0.01470	0.10878	0.64989	0.03681	0.08869	0.00894	0.00248	0.00335	0.01442	0.00508	0.00447
5	0.00671	0.00554	0.00589	0.00596	0.00762	0.00472	0.00441	0.00821	0.01279	0.01571	0.13452	0.12032	0.62044	0.01402	0.00659	0.00189	0.00282	0.01187	0.00525	0.00472
6	0.02291	0.01069	0.01330	0.01027	0.01440	0.01024	0.00846	0.21076	0.01816	0.53567	0.01942	0.01756	0.01265	0.00678	0.00545	0.00167	0.00492	0.00539	0.06217	0.00914
7	0.01379	0.01115	0.01370	0.01084	0.04655	0.00992	0.02833	0.13594	0.01400	0.05285	0.01086	0.01232	0.00862	0.00496	0.00521	0.00114	0.04343	0.00389	0.00373	0.56876
8	0.01315	0.33462	0.12011	0.09873	0.01778	0.01552	0.03029	0.07358	0.01289	0.03751	0.08628	0.07180	0.01416	0.00691	0.00554	0.00160	0.04382	0.00538	0.00334	0.00697

[dist]
# distance from previous block
# <min> <max>
2	13

[block]
# block no. 2 follows, 43 sequences, length 15
# corresponding to MSA columns:
# 123-137
name=unknown_C
#
# <colnr> <probs for GDERKNQSTAVLIFYWHMCP>
#	G	D	E	R	K	N	Q	S	T	A	V	L	I	F	Y	W	H	M	C	P
0	0.46741	0.01247	0.09038	0.05364	0.01420	0.04277	0.00848	0.01766	0.01129	0.14225	0.02837	0.04575	0.01000	0.00616	0.00438	0.00173	0.00505	0.00441	0.02689	0.00670
1	0.04140	0.13461	0.01712	0.01342	0.04910	0.41964	0.01022	0.11278	0.03228	0.01718	0.01137	0.01260	0.03549	0.00617	0.00541	0.00150	0.04027	0.00416	0.02833	0.00693
2	0.33578	0.05218	0.03074	0.03695	0.14405	0.01281	0.00957	0.08684	0.03396	0.11463	0.01148	0.01315	0.00882	0.02782	0.00572	0.00180	0.03768	0.00428	0.02443	0.00732
3	0.03012	0.01328	0.16550	0.01276	0.03905	0.00963	0.11124	0.05231	0.02924	0.10840	0.13030	0.09418	0.04724	0.00809	0.00583	0.00174	0.00557	0.03474	0.00433	0.09646
4	0.73447	0.01166	0.04454	0.00801	0.01174	0.01241	0.00695	0.04419	0.01047	0.06199	0.00872	0.00977	0.00655	0.00529	0.00370	0.00171	0.00455	0.00325	0.00362	0.00640
5	0.01258	0.01385	0.08234	0.12338	0.04000	0.11026	0.17336	0.01616	0.03500	0.01687	0.01280	0.04833	0.01059	0.00654	0.00672	0.00174	0.09134	0.00557	0.18606	0.00650
6	0.00741	0.00533	0.00664	0.00728	0.00795	0.00504	0.00508	0.00857	0.01104	0.01455	0.10413	0.35330	0.13047	0.20219	0.01201	0.00292	0.00385	0.10304	0.00481	0.00440
7	0.00672	0.00492	0.00633	0.00745	0.00797	0.00452	0.00503	0.00774	0.01085	0.01424	0.03367	0.70982	0.12653	0.01694	0.00700	0.00220	0.00316	0.01525	0.00514	0.00452
8	0.01846	0.01454	0.04438	0.01262	0.03286	0.01529	0.01028	0.57766	0.07014	0.03068	0.01530	0.08311	0.01244	0.02829	0.00626	0.00183	0.00581	0.00605	0.00527	0.00873
9	0.00681	0.00484	0.00641	0.00764	0.00794	0.00454	0.00506	0.00773	0.01049	0.01399	0.02994	0.76753	0.03589	0.05257	0.00801	0.00239	0.00331	0.01540	0.00506	0.00445
10	0.01079	0.01005	0.01745	0.56562	0.06401	0.01164	0.10585	0.01441	0.01149	0.01540	0.01225	0.01649	0.03190	0.00575	0.00553	0.00179	0.00700	0.00536	0.08091	0.00629
11	0.01212	0.01212	0.01696	0.01454	0.01454	0.01696	0.01212	0.01333	0.00848	0.01333	0.00727	0.01212	0.00727	0.00969	0.01818	0.00242	0.79523	0.00485	0.00242	0.00606
12	0.01148	0.00984	0.01148	0.00820	0.01312	0.00738	0.00656	0.01395	0.01148	0.01805	0.00984	0.01148	0.00820	0.00410	0.00410	0.00082	0.00410	0.00328	0.00328	0.83922
13	0.01336	0.01289	0.02224	0.10915	0.67257	0.01310	0.04181	0.01674	0.01247	0.01769	0.01039	0.01385	0.00862	0.00499	0.00552	0.00167	0.00675	0.00499	0.00272	0.00847
14	0.01974	0.01473	0.01581	0.01240	0.01654	0.01634	0.01014	0.64726	0.10443	0.03288	0.01492	0.04310	0.01122	0.00714	0.00561	0.00171	0.00580	0.00552	0.00554	0.00917

[dist]
# distance from previous block
# <min> <max>
0	1

[block]
# block no. 3 follows, 43 sequences, length 59
# corresponding to MSA columns:
# 139-146,148-198
name=unknown_D
#
# <colnr> <probs for GDERKNQSTAVLIFYWHMCP>
#	G	D	E	R	K	N	Q	S	T	A	V	L	I	F	Y	W	H	M	C	P
0	0.70591	0.04372	0.10729	0.00846	0.01254	0.01285	0.00798	0.01645	0.00979	0.02346	0.00800	0.00934	0.00617	0.00514	0.00367	0.00170	0.00485	0.00314	0.00325	0.00632
1	0.01575	0.09370	0.13450	0.01739	0.15998	0.32682	0.04272	0.03409	0.01398	0.01600	0.04094	0.03333	0.03496	0.00616	0.00523	0.00157	0.00789	0.00482	0.00302	0.00715
2	0.09950	0.01299	0.11754	0.02915	0.04630	0.01049	0.00998	0.03879	0.13493	0.25480	0.01554	0.01525	0.01098	0.00590	0.00502	0.00156	0.00514	0.00470	0.00467	0.17675
3	0.01415	0.01141	0.01230	0.01104	0.01413	0.01292	0.00869	0.05868	0.62422	0.06141	0.02347	0.02374	0.03840	0.00810	0.00578	0.00190	0.00447	0.05103	0.00565	0.00849
4	0.10458	0.03610	0.01155	0.00913	0.01186	0.04878	0.07312	0.16117	0.01456	0.02307	0.01455	0.01648	0.01124	0.00609	0.00444	0.00147	0.00455	0.00486	0.43594	0.00643
5	0.00807	0.00585	0.00850	0.00850	0.00944	0.00672	0.00652	0.00996	0.00902	0.01321	0.01519	0.02257	0.01425	0.08591	0.68949	0.00822	0.01350	0.00602	0.05420	0.00486
6	0.00697	0.00499	0.00652	0.00757	0.00801	0.00467	0.00513	0.00805	0.01090	0.01454	0.07826	0.65393	0.05873	0.06909	0.00844	0.00242	0.00337	0.03883	0.00508	0.00450
7	0.00785	0.00524	0.00635	0.00678	0.00713	0.00517	0.00436	0.00866	0.00967	0.01344	0.05493	0.27611	0.02627	0.39606	0.05152	0.00395	0.00474	0.03072	0.07697	0.00408
8	0.01229	0.01051	0.01103	0.05511	0.05266	0.10321	0.00801	0.10081	0.06013	0.04844	0.24804	0.03196	0.15977	0.00961	0.00603	0.00176	0.00475	0.04561	0.02392	0.00636
9	0.01809	0.30160	0.07122	0.01257	0.01648	0.44309	0.01086	0.01999	0.01387	0.03371	0.00870	0.00995	0.00729	0.00537	0.00452	0.00137	0.00830	0.00344	0.00275	0.00686
10	0.64931	0.03331	0.12607	0.05349	0.01438	0.01272	0.00882	0.01636	0.00991	0.02283	0.00817	0.00973	0.00626	0.00517	0.00383	0.00171	0.00510	0.00327	0.00318	0.00637
11	0.03911	0.00985	0.01338	0.03470	0.06757	0.04333	0.08975	0.10345	0.02831	0.03152	0.09588	0.12120	0.02306	0.03840	0.02484	0.00227	0.00571	0.19337	0.02804	0.00628
12	0.00681	0.00491	0.00648	0.00771	0.00813	0.00457	0.00523	0.00785	0.01076	0.01426	0.03158	0.74430	0.06778	0.01714	0.00707	0.00224	0.00326	0.04026	0.00514	0.00453
13	0.01251	0.01420	0.04583	0.03955	0.02615	0.01364	0.59400	0.01657	0.01226	0.01682	0.01145	0.03276	0.00937	0.04078	0.00861	0.00208	0.08697	0.00654	0.00282	0.00707
14	0.01111	0.02865	0.77667	0.01579	0.02397	0.01286	0.02046	0.01754	0.01169	0.01754	0.00994	0.01169	0.00702	0.00526	0.00526	0.00175	0.00818	0.00409	0.00234	0.00818
15	0.00715	0.00539	0.00717	0.00767	0.00838	0.00500	0.03039	0.00821	0.01074	0.01408	0.04941	0.53197	0.14385	0.13141	0.01004	0.00262	0.00366	0.01356	0.00482	0.00448
16	0.01531	0.01780	0.02117	0.01704	0.01967	0.27609	0.22954	0.01761	0.01228	0.01471	0.00887	0.01223	0.00756	0.00686	0.01027	0.00192	0.29689	0.00491	0.00268	0.00660
17	0.00962	0.00481	0.00722	0.00722	0.00722	0.00481	0.00481	0.00722	0.00722	0.00962	0.00962	0.01684	0.00962	0.01924	0.02165	0.83886	0.00481	0.00481	0.00241	0.00241
18	0.00800	0.00535	0.00606	0.00611	0.00612	0.00533	0.00343	0.00804	0.00816	0.01088	0.01798	0.06730	0.02080	0.77340	0.02733	0.00524	0.00528	0.00837	0.00343	0.00340
19	0.01358	0.01303	0.02226	0.06271	0.74306	0.01313	0.01694	0.01689	0.01255	0.01794	0.01040	0.01375	0.00872	0.00496	0.00548	0.00165	0.00661	0.00493	0.00273	0.00867
20	0.01303	0.01697	0.13193	0.02116	0.05063	0.06102	0.53271	0.01775	0.02798	0.01742	0.01192	0.04895	0.00956	0.00544	0.00624	0.00183	0.00876	0.00636	0.00290	0.00744
21	0.01761	0.01303	0.01500	0.11876	0.01865	0.01426	0.01027	0.49995	0.02110	0.04380	0.01407	0.04450	0.01098	0.00693	0.00546	0.00166	0.00578	0.02324	0.05104	0.06392
22	0.00824	0.00626	0.00912	0.00897	0.00985	0.00740	0.00694	0.01007	0.00890	0.01296	0.01462	0.02201	0.01383	0.08480	0.67054	0.00809	0.06157	0.00598	0.02493	0.00492
23	0.68573	0.01100	0.00940	0.00887	0.04204	0.01257	0.00682	0.06134	0.05386	0.02476	0.01060	0.01157	0.03193	0.00565	0.00387	0.00172	0.00444	0.00367	0.00371	0.00643
24	0.02132	0.01508	0.01635	0.01254	0.01696	0.01653	0.01036	0.70095	0.02532	0.08732	0.01390	0.01369	0.00972	0.00666	0.00554	0.00167	0.00600	0.00503	0.00563	0.00942
25	0.00962	0.00481	0.00722	0.00722	0.00722	0.00481	0.00481	0.00722	0.00722	0.00962	0.00962	0.01684	0.00962	0.01924	0.02165	0.83886	0.00481	0.00481	0.00241	0.00241
26	0.00802	0.00536	0.00605	0.00608	0.00609	0.00535	0.00340	0.00805	0.00812	0.01082	0.01777	0.05516	0.02054	0.78589	0.02767	0.00529	0.00532	0.00824	0.00340	0.00338
27	0.00682	0.00492	0.00648	0.00767	0.00811	0.00457	0.00521	0.00788	0.01085	0.01440	0.04551	0.73242	0.07018	0.01703	0.00705	0.00223	0.00324	0.03574	0.00516	0.00454
28	0.84448	0.01071	0.00814	0.00728	0.01071	0.01242	0.00600	0.01628	0.00943	0.02485	0.00771	0.00900	0.00600	0.00514	0.00343	0.00171	0.00428	0.00300	0.00343	0.00600
29	0.01494	0.75440	0.05010	0.00985	0.01461	0.05253	0.00984	0.01684	0.01145	0.01318	0.00780	0.00901	0.00711	0.00479	0.00366	0.00121	0.00615	0.00302	0.00239	0.00711
30	0.00791	0.00593	0.00890	0.00890	0.00989	0.00692	0.00692	0.00989	0.00890	0.01286	0.01483	0.02176	0.01385	0.04154	0.78341	0.00890	0.01483	0.00593	0.00297	0.00494
31	0.00870	0.00602	0.00750	0.00698	0.00860	0.00550	0.00528	0.01138	0.03347	0.06326	0.57245	0.04185	0.18510	0.01149	0.00646	0.00177	0.00281	0.00999	0.00595	0.00545
32	0.01358	0.00860	0.00922	0.00801	0.01022	0.00935	0.00634	0.18910	0.08104	0.04169	0.01695	0.01850	0.01299	0.00674	0.00509	0.00149	0.03857	0.00521	0.51068	0.00662
33	0.01133	0.02721	0.70238	0.01701	0.05718	0.01294	0.06059	0.01753	0.01181	0.01757	0.01003	0.01196	0.00717	0.00521	0.00534	0.00176	0.00818	0.00426	0.00238	0.00817
34	0.01481	0.80869	0.02902	0.00948	0.01421	0.02191	0.00948	0.01658	0.01125	0.01303	0.00770	0.00888	0.00711	0.00474	0.00355	0.00118	0.00592	0.00296	0.00237	0.00711
35	0.84448	0.01071	0.00814	0.00728	0.01071	0.01242	0.00600	0.01628	0.00943	0.02485	0.00771	0.00900	0.00600	0.00514	0.00343	0.00171	0.00428	0.00300	0.00343	0.00600
36	0.19790	0.01176	0.01362	0.24129	0.02089	0.01350	0.01031	0.29897	0.01653	0.02514	0.01152	0.01351	0.00854	0.00597	0.00491	0.00169	0.00573	0.00455	0.08639	0.00728
37	0.00697	0.00521	0.00682	0.00782	0.00827	0.00506	0.00536	0.00798	0.01070	0.01418	0.03187	0.69747	0.10326	0.01670	0.00751	0.00222	0.03810	0.01489	0.00502	0.00458
38	0.00791	0.00593	0.00890	0.00890	0.00989	0.00692	0.00692	0.00989	0.00890	0.01286	0.01483	0.02176	0.01385	0.04154	0.78341	0.00890	0.01483	0.00593	0.00297	0.00494
39	0.01220	0.00869	0.01020	0.00948	0.01178	0.00924	0.00744	0.05976	0.25686	0.09841	0.04454	0.08507	0.11909	0.04138	0.11370	0.00303	0.00573	0.09142	0.00516	0.00682
40	0.02180	0.00987	0.01231	0.00963	0.01346	0.00934	0.00789	0.15923	0.01706	0.51589	0.01965	0.01811	0.01299	0.00675	0.00529	0.00164	0.00463	0.00540	0.14032	0.00874
41	0.01399	0.01200	0.01264	0.01131	0.01448	0.01387	0.00882	0.05034	0.73956	0.02351	0.02227	0.02045	0.01669	0.00749	0.00563	0.00187	0.00443	0.00622	0.00563	0.00879
42	0.01111	0.00949	0.01130	0.03777	0.01364	0.00737	0.00676	0.01361	0.01177	0.01812	0.06113	0.01439	0.02546	0.00482	0.00436	0.00094	0.00410	0.00395	0.00347	0.73644
43	0.00750	0.00562	0.00695	0.00668	0.00808	0.00507	0.00499	0.00977	0.01478	0.02024	0.57665	0.07291	0.21600	0.01217	0.00656	0.00179	0.00268	0.01062	0.00584	0.00507
44	0.01481	0.80869	0.02902	0.00948	0.01421	0.02191	0.00948	0.01658	0.01125	0.01303	0.00770	0.00888	0.00711	0.00474	0.00355	0.00118	0.00592	0.00296	0.00237	0.00711
45	0.01131	0.00970	0.01128	0.00811	0.01293	0.00729	0.00648	0.01374	0.01152	0.01794	0.01144	0.01292	0.03436	0.00444	0.00419	0.00086	0.00406	0.00357	0.00335	0.81051
46	0.00753	0.00565	0.00697	0.00664	0.00808	0.00509	0.00498	0.00985	0.01494	0.02046	0.59599	0.04425	0.22525	0.01198	0.00654	0.00177	0.00266	0.01042	0.00587	0.00509
47	0.00805	0.00537	0.00604	0.00604	0.00604	0.00537	0.00336	0.00805	0.00805	0.01074	0.01745	0.03624	0.02013	0.80536	0.02819	0.00537	0.00537	0.00805	0.00336	0.00336
48	0.00674	0.00562	0.00588	0.00581	0.00760	0.00476	0.00436	0.00832	0.01308	0.01604	0.16161	0.05153	0.66239	0.01363	0.00654	0.00185	0.00278	0.01144	0.00528	0.00476
49	0.00737	0.00525	0.00687	0.00793	0.00848	0.00501	0.00567	0.00856	0.01082	0.01426	0.02974	0.51484	0.06580	0.11689	0.00985	0.00269	0.00387	0.16667	0.00491	0.00449
50	0.00675	0.00482	0.00643	0.00771	0.00803	0.00450	0.00514	0.00771	0.01060	0.01414	0.03053	0.80175	0.03663	0.01735	0.00707	0.00225	0.00321	0.01574	0.00514	0.00450
51	0.01148	0.00984	0.01148	0.00820	0.01312	0.00738	0.00656	0.01395	0.01148	0.01805	0.00984	0.01148	0.00820	0.00410	0.00410	0.00082	0.00410	0.00328	0.00328	0.83922
52	0.00702	0.00582	0.00619	0.00623	0.00794	0.00513	0.00462	0.00915	0.04704	0.01594	0.12020	0.13253	0.58513	0.01383	0.00656	0.00190	0.00290	0.01172	0.00526	0.00490
53	0.00800	0.00535	0.00606	0.00610	0.00612	0.00534	0.00342	0.00804	0.00815	0.01087	0.01795	0.06570	0.02077	0.77504	0.02738	0.00525	0.00529	0.00835	0.00342	0.00340
54	0.01232	0.19696	0.49645	0.01487	0.04973	0.01488	0.03488	0.04164	0.01220	0.01721	0.03438	0.01227	0.00871	0.00547	0.00529	0.00164	0.02646	0.00418	0.00260	0.00785
55	0.01440	0.06709	0.50563	0.01538	0.05609	0.03838	0.04235	0.01939	0.01267	0.15923	0.01207	0.01303	0.00841	0.00551	0.00527	0.00170	0.00743	0.00441	0.00324	0.00830
56	0.02485	0.00943	0.01285	0.00985	0.01414	0.00814	0.00814	0.02699	0.01585	0.77465	0.02185	0.01885	0.01371	0.00685	0.00557	0.00171	0.00471	0.00557	0.00685	0.00943
57	0.01046	0.00984	0.01661	0.79205	0.03814	0.01230	0.01538	0.01415	0.01107	0.01415	0.00984	0.01477	0.00738	0.00554	0.00554	0.00185	0.00738	0.00492	0.00246	0.00615
58	0.00876	0.00626	0.00874	0.01002	0.01122	0.00624	0.00864	0.01120	0.01259	0.01639	0.02941	0.11727	0.03223	0.01545	0.00761	0.00253	0.00496	0.68033	0.00510	0.00506

[dist]
# distance from previous block
# <min> <max>
0	19

[block]
# block no. 4 follows, 43 sequences, length 63
# corresponding to MSA columns:
# 218-280
name=unknown_E
#
# <colnr> <probs for GDERKNQSTAVLIFYWHMCP>
#	G	D	E	R	K	N	Q	S	T	A	V	L	I	F	Y	W	H	M	C	P
0	0.01488	0.01503	0.02138	0.03068	0.64589	0.11777	0.01595	0.03978	0.01343	0.01798	0.01025	0.01319	0.00857	0.00509	0.00542	0.00162	0.00703	0.00475	0.00284	0.00847
1	0.54557	0.01274	0.05775	0.06861	0.06891	0.05628	0.02594	0.01709	0.01083	0.06303	0.02381	0.01128	0.00780	0.00540	0.00418	0.00171	0.00535	0.00374	0.00343	0.00657
2	0.03449	0.39821	0.13303	0.01467	0.12421	0.13110	0.01224	0.04190	0.01275	0.03835	0.00915	0.01059	0.00758	0.00512	0.00441	0.00141	0.00688	0.00364	0.00275	0.00752
3	0.01445	0.63152	0.16018	0.01083	0.01608	0.05888	0.01148	0.01703	0.01156	0.01385	0.00814	0.00944	0.00709	0.00488	0.00393	0.00130	0.00653	0.00319	0.00239	0.00726
4	0.01140	0.01001	0.01407	0.01095	0.01470	0.03132	0.13789	0.02891	0.01209	0.03362	0.01542	0.19152	0.01505	0.00746	0.00528	0.00140	0.00499	0.00685	0.04032	0.40674
5	0.84448	0.01071	0.00814	0.00728	0.01071	0.01242	0.00600	0.01628	0.00943	0.02485	0.00771	0.00900	0.00600	0.00514	0.00343	0.00171	0.00428	0.00300	0.00343	0.00600
6	0.01269	0.01183	0.01986	0.06565	0.61032	0.01192	0.01535	0.01588	0.01274	0.01801	0.05979	0.02051	0.01381	0.00643	0.00577	0.00175	0.00622	0.08021	0.00318	0.00805
7	0.00805	0.00538	0.00611	0.00611	0.00613	0.00541	0.00344	0.00810	0.00807	0.01079	0.01739	0.03589	0.01998	0.78699	0.04635	0.00545	0.00560	0.00800	0.00335	0.00339
8	0.01046	0.00984	0.01661	0.79205	0.03814	0.01230	0.01538	0.01415	0.01107	0.01415	0.00984	0.01477	0.00738	0.00554	0.00554	0.00185	0.00738	0.00492	0.00246	0.00615
9	0.01270	0.01492	0.06328	0.04033	0.02764	0.01335	0.64489	0.01722	0.01282	0.01758	0.01148	0.03246	0.00895	0.00497	0.00634	0.00182	0.00883	0.00643	0.00285	0.05116
10	0.00688	0.00496	0.00653	0.00754	0.00805	0.00460	0.00512	0.00808	0.01134	0.01523	0.12834	0.67568	0.06423	0.01644	0.00698	0.00217	0.00312	0.01485	0.00527	0.00460
11	0.01507	0.77432	0.02844	0.00969	0.01434	0.05536	0.00953	0.01683	0.01145	0.01305	0.00774	0.00893	0.00711	0.00478	0.00362	0.00120	0.00610	0.00299	0.00239	0.00708
12	0.01137	0.08485	0.72280	0.01533	0.02327	0.01351	0.01967	0.01747	0.01166	0.01721	0.00978	0.01149	0.00702	0.00522	0.00514	0.00171	0.00802	0.00401	0.00234	0.00811
13	0.00655	0.00561	0.00561	0.00561	0.00748	0.00468	0.00421	0.00795	0.01262	0.01496	0.05610	0.05330	0.76857	0.01403	0.00655	0.00187	0.00281	0.01169	0.00514	0.00468
14	0.00755	0.00567	0.00684	0.00757	0.00862	0.00538	0.00551	0.00981	0.05927	0.01549	0.03585	0.44255	0.22043	0.01516	0.00677	0.00212	0.00337	0.09544	0.04168	0.00491
15	0.00799	0.00563	0.00736	0.00736	0.00782	0.00609	0.00501	0.00890	0.00845	0.01172	0.01624	0.02954	0.01722	0.45173	0.37784	0.00700	0.00975	0.00707	0.00318	0.00409
16	0.00803	0.00651	0.00726	0.00691	0.00848	0.03240	0.00519	0.01053	0.03181	0.01971	0.50632	0.04345	0.26925	0.01187	0.00646	0.00177	0.00297	0.01022	0.00568	0.00518
17	0.01449	0.29958	0.21482	0.01253	0.01740	0.15917	0.04623	0.03347	0.01310	0.03220	0.08545	0.01371	0.01188	0.00587	0.00500	0.00150	0.01905	0.00437	0.00301	0.00717
18	0.73028	0.08409	0.01042	0.00778	0.01133	0.03472	0.00653	0.03046	0.01008	0.02365	0.00784	0.00910	0.00620	0.00515	0.00352	0.00166	0.00463	0.00305	0.00336	0.00618
19	0.00791	0.00593	0.00890	0.00890	0.00989	0.00692	0.00692	0.00989	0.00890	0.01286	0.01483	0.02176	0.01385	0.04154	0.78341	0.00890	0.01483	0.00593	0.00297	0.00494
20	0.01176	0.01002	0.01163	0.00838	0.01325	0.00775	0.00670	0.03183	0.02790	0.01856	0.01020	0.01172	0.00842	0.00424	0.00417	0.00086	0.00415	0.00339	0.00339	0.80169
21	0.77254	0.01122	0.02510	0.00774	0.01133	0.01247	0.00653	0.04233	0.01025	0.04818	0.00839	0.00951	0.00638	0.00525	0.00361	0.00171	0.00444	0.00317	0.00358	0.00627
22	0.00791	0.00593	0.00890	0.00890	0.00989	0.00692	0.00692	0.00989	0.00890	0.01286	0.01483	0.02176	0.01385	0.04154	0.78341	0.00890	0.01483	0.00593	0.00297	0.00494
23	0.01247	0.01375	0.02892	0.08897	0.02785	0.01342	0.60378	0.01673	0.01263	0.01711	0.01219	0.03392	0.00998	0.00573	0.00701	0.00193	0.04272	0.04085	0.00291	0.00712
24	0.01211	0.01211	0.01871	0.02805	0.05130	0.03023	0.14346	0.01464	0.03271	0.01486	0.00971	0.01413	0.00867	0.01115	0.08371	0.00279	0.46822	0.00528	0.03176	0.00639
25	0.00674	0.00484	0.00641	0.00766	0.00802	0.00450	0.00512	0.00772	0.01065	0.01416	0.03112	0.78444	0.05355	0.01727	0.00706	0.00224	0.00320	0.01565	0.00514	0.00450
26	0.00995	0.02425	0.00923	0.00899	0.01039	0.00751	0.00695	0.12729	0.01389	0.01846	0.08464	0.33201	0.04434	0.07247	0.00841	0.00240	0.00434	0.20394	0.00508	0.00547
27	0.04113	0.01425	0.01563	0.01193	0.01635	0.03211	0.03203	0.53164	0.02187	0.04796	0.01268	0.01313	0.00924	0.00608	0.00522	0.00151	0.00578	0.00467	0.02304	0.15376
28	0.00712	0.00545	0.00645	0.00656	0.00782	0.00487	0.00473	0.00881	0.01310	0.01722	0.30550	0.20424	0.32507	0.04852	0.00760	0.00206	0.00293	0.01177	0.00541	0.00478
29	0.02199	0.00899	0.01208	0.00950	0.01329	0.00793	0.00775	0.04636	0.01603	0.63175	0.12568	0.03787	0.01942	0.00769	0.00573	0.00173	0.00443	0.00638	0.00667	0.00874
30	0.10835	0.06281	0.55477	0.01527	0.06214	0.01358	0.01734	0.07114	0.01251	0.01947	0.00984	0.01147	0.00717	0.00531	0.00500	0.00171	0.00738	0.00402	0.00272	0.00800
31	0.01668	0.12269	0.03708	0.01890	0.21370	0.34686	0.03815	0.03683	0.01392	0.01569	0.03252	0.01221	0.00906	0.00578	0.00589	0.00155	0.05810	0.00428	0.00289	0.00722
32	0.01474	0.01041	0.01155	0.00969	0.01206	0.01182	0.00779	0.28983	0.06371	0.02489	0.01506	0.01708	0.01176	0.02517	0.00713	0.00172	0.11350	0.00519	0.33983	0.00706
33	0.00875	0.00628	0.00871	0.00995	0.01119	0.00623	0.00861	0.01119	0.01264	0.01641	0.03010	0.09964	0.05192	0.01537	0.00759	0.00252	0.00494	0.67781	0.00510	0.00506
34	0.04406	0.03971	0.21513	0.03738	0.05904	0.03888	0.44904	0.01764	0.01257	0.01763	0.01051	0.01353	0.00789	0.00490	0.00590	0.00179	0.00863	0.00550	0.00269	0.00758
35	0.00832	0.00571	0.00727	0.00724	0.00859	0.00520	0.00542	0.01035	0.01392	0.05701	0.40844	0.20393	0.16641	0.01307	0.00667	0.00192	0.00303	0.05661	0.00571	0.00518
36	0.00773	0.00562	0.00727	0.00693	0.00822	0.00517	0.00517	0.01020	0.01530	0.02149	0.69947	0.07539	0.08782	0.01172	0.00656	0.00177	0.00265	0.01035	0.00601	0.00517
37	0.01083	0.00565	0.00570	0.00552	0.00696	0.00573	0.00419	0.04783	0.01230	0.02132	0.01784	0.02030	0.01397	0.00646	0.00395	0.00131	0.00275	0.00515	0.79688	0.00536
38	0.01216	0.20604	0.52762	0.01513	0.02225	0.01506	0.09416	0.01734	0.01174	0.01653	0.00956	0.01139	0.00718	0.00508	0.00500	0.00164	0.00779	0.00409	0.00239	0.00786
39	0.00856	0.00653	0.00769	0.00729	0.00897	0.00630	0.00556	0.02811	0.09256	0.02035	0.43669	0.04170	0.21612	0.02607	0.00679	0.00187	0.00308	0.04154	0.02869	0.00551
40	0.01364	0.01331	0.02324	0.03219	0.67038	0.01327	0.09332	0.01745	0.03542	0.01821	0.01087	0.01405	0.00898	0.00499	0.00560	0.00168	0.00680	0.00514	0.00284	0.00864
41	0.01179	0.10529	0.68512	0.01502	0.02278	0.01365	0.01909	0.01766	0.01175	0.03460	0.00999	0.01158	0.00718	0.00525	0.00510	0.00170	0.00788	0.00401	0.00245	0.00811
42	0.00716	0.00563	0.00646	0.00626	0.00786	0.00494	0.00469	0.00914	0.01408	0.01842	0.39540	0.04761	0.42712	0.01274	0.00654	0.00181	0.00271	0.01089	0.00560	0.00494
43	0.70977	0.03577	0.02827	0.00790	0.01158	0.01247	0.00675	0.03390	0.01046	0.08856	0.00910	0.01000	0.00679	0.00531	0.00371	0.00170	0.00451	0.00329	0.00371	0.00646
44	0.02000	0.01606	0.01632	0.01366	0.04879	0.09912	0.01073	0.59920	0.02358	0.03082	0.01360	0.01582	0.01045	0.00698	0.00560	0.00169	0.00648	0.04720	0.00511	0.00882
45	0.01503	0.01254	0.05162	0.01151	0.01488	0.01286	0.00979	0.31415	0.21349	0.02576	0.04075	0.04656	0.03874	0.00919	0.00608	0.00193	0.00529	0.15660	0.00531	0.00793
46	0.01321	0.01269	0.02163	0.06146	0.68755	0.01272	0.03259	0.01645	0.01256	0.01778	0.01272	0.01578	0.04716	0.00541	0.00556	0.00167	0.00648	0.00531	0.00285	0.00844
47	0.00805	0.00539	0.00613	0.00613	0.00616	0.00542	0.00347	0.00811	0.00808	0.01080	0.01737	0.03580	0.01994	0.78180	0.05149	0.00548	0.00566	0.00799	0.00334	0.00340
48	0.00814	0.00547	0.00656	0.00656	0.00683	0.00567	0.00409	0.00866	0.00840	0.01166	0.01696	0.03258	0.01859	0.61327	0.17691	0.00586	0.00711	0.00749	0.04542	0.00376
49	0.01046	0.00984	0.01661	0.79205	0.03814	0.01230	0.01538	0.01415	0.01107	0.01415	0.00984	0.01477	0.00738	0.00554	0.00554	0.00185	0.00738	0.00492	0.00246	0.00615
50	0.00675	0.00482	0.00643	0.00771	0.00803	0.00450	0.00514	0.00771	0.01060	0.01414	0.03053	0.80175	0.03663	0.01735	0.00707	0.00225	0.00321	0.01574	0.00514	0.00450
51	0.01635	0.60336	0.02552	0.01073	0.01498	0.22172	0.00980	0.01804	0.01242	0.01317	0.00793	0.00917	0.00711	0.00499	0.00393	0.00125	0.00699	0.00312	0.00250	0.00693
52	0.01575	0.68383	0.02689	0.01024	0.01468	0.14342	0.00967	0.01747	0.01196	0.01311	0.00784	0.00906	0.00711	0.00489	0.00378	0.00122	0.00657	0.00306	0.00245	0.00700
53	0.01869	0.01679	0.13194	0.01336	0.03417	0.01563	0.01186	0.55328	0.04946	0.04890	0.01389	0.04199	0.01040	0.00682	0.00556	0.00171	0.00622	0.00530	0.00501	0.00901
54	0.01360	0.01305	0.02229	0.05871	0.74692	0.01313	0.01694	0.01690	0.01256	0.01797	0.01040	0.01374	0.00873	0.00495	0.00548	0.00165	0.00661	0.00493	0.00273	0.00869
55	0.00781	0.00564	0.00738	0.00699	0.00827	0.00521	0.00522	0.01039	0.01556	0.02202	0.75017	0.05965	0.05188	0.01147	0.00655	0.00175	0.00263	0.01015	0.00607	0.00521
56	0.00686	0.00495	0.00639	0.00742	0.00789	0.00460	0.00497	0.00789	0.01087	0.01442	0.06908	0.66264	0.09300	0.06090	0.00818	0.00237	0.00327	0.01471	0.00509	0.00448
57	0.02095	0.01079	0.01483	0.05083	0.13071	0.01052	0.01011	0.12096	0.02926	0.46642	0.01792	0.01706	0.01200	0.00654	0.00580	0.00171	0.02466	0.00534	0.03466	0.00893
58	0.00962	0.00481	0.00722	0.00722	0.00722	0.00481	0.00481	0.00722	0.00722	0.00962	0.00962	0.01684	0.00962	0.01924	0.02165	0.83886	0.00481	0.00481	0.00241	0.00241
59	0.00691	0.00493	0.00661	0.00789	0.00829	0.00464	0.00542	0.00799	0.01076	0.01432	0.03044	0.74735	0.03628	0.01720	0.00711	0.00227	0.00335	0.06856	0.00514	0.00454
60	0.01151	0.00767	0.00860	0.00790	0.00944	0.02317	0.00619	0.09810	0.02868	0.02004	0.01609	0.03241	0.01326	0.01321	0.14429	0.00282	0.07733	0.00542	0.46808	0.00579
61	0.01006	0.00691	0.00879	0.00828	0.00909	0.00811	0.00637	0.01183	0.01002	0.03147	0.01582	0.06616	0.01459	0.10447	0.16646	0.00359	0.17654	0.00620	0.33008	0.00516
62	0.01371	0.01316	0.02248	0.03399	0.77081	0.01316	0.01700	0.01700	0.01261	0.01809	0.01042	0.01371	0.00877	0.00493	0.00548	0.00164	0.00658	0.00493	0.00274	0.00877

[dist]
# distance from previous block
# <min> <max>
1	13

[block]
# block no. 5 follows, 43 sequences, length 22
# corresponding to MSA columns:
# 295-316
name=unknown_F
#
# <colnr> <probs for GDERKNQSTAVLIFYWHMCP>
#	G	D	E	R	K	N	Q	S	T	A	V	L	I	F	Y	W	H	M	C	P
0	0.01160	0.04459	0.01389	0.02926	0.05638	0.05141	0.07681	0.03602	0.01157	0.01684	0.01684	0.01982	0.08636	0.01121	0.08932	0.00249	0.17814	0.00575	0.23569	0.00601
1	0.01405	0.01595	0.04308	0.07829	0.02396	0.15706	0.39750	0.03369	0.01327	0.01703	0.02631	0.01462	0.00930	0.00562	0.00679	0.00177	0.06677	0.00561	0.06243	0.00692
2	0.00673	0.00488	0.00637	0.00756	0.00799	0.00451	0.00507	0.00773	0.01075	0.01420	0.03236	0.74814	0.08906	0.01711	0.00703	0.00222	0.00318	0.01545	0.00514	0.00451
3	0.01371	0.01316	0.02248	0.03399	0.77081	0.01316	0.01700	0.01700	0.01261	0.01809	0.01042	0.01371	0.00877	0.00493	0.00548	0.00164	0.00658	0.00493	0.00274	0.00877
4	0.01320	0.01781	0.25721	0.04771	0.20495	0.02916	0.20203	0.01758	0.01261	0.07340	0.01252	0.04992	0.01011	0.00591	0.00579	0.00179	0.00756	0.01975	0.00308	0.00791
5	0.01382	0.01028	0.01137	0.01004	0.01297	0.01121	0.00785	0.05226	0.47182	0.10902	0.13854	0.02602	0.08358	0.00852	0.00584	0.00183	0.00409	0.00715	0.00580	0.00799
6	0.00703	0.00506	0.00639	0.00730	0.00778	0.00473	0.00489	0.00798	0.01063	0.01401	0.05345	0.56401	0.10760	0.13805	0.01027	0.00269	0.00354	0.03534	0.00489	0.00438
7	0.03642	0.00944	0.01082	0.00853	0.01235	0.00810	0.00667	0.10403	0.01309	0.01957	0.01534	0.16230	0.03154	0.00723	0.00487	0.00125	0.00413	0.00607	0.01814	0.52011
8	0.01491	0.01420	0.09687	0.01894	0.26032	0.03781	0.01260	0.05880	0.26874	0.09711	0.05040	0.01751	0.01383	0.00645	0.00556	0.00174	0.00572	0.00555	0.00440	0.00857
9	0.00684	0.00486	0.00640	0.00759	0.00789	0.00456	0.00501	0.00774	0.01042	0.01389	0.02959	0.74692	0.03545	0.07380	0.00858	0.00247	0.00337	0.01519	0.00501	0.00442
10	0.17800	0.65173	0.02491	0.00905	0.01353	0.02005	0.00879	0.01652	0.01089	0.01535	0.00770	0.00891	0.00689	0.00482	0.00353	0.00129	0.00560	0.00297	0.00258	0.00689
11	0.01350	0.01310	0.02074	0.08375	0.56177	0.05138	0.04910	0.03948	0.01307	0.01799	0.03166	0.05656	0.01124	0.00589	0.00563	0.00169	0.00663	0.00565	0.00304	0.00810
12	0.02014	0.02551	0.01574	0.05591	0.01825	0.74186	0.01095	0.02169	0.01545	0.01359	0.00863	0.01024	0.00715	0.00570	0.00502	0.00145	0.00985	0.00364	0.00283	0.00641
13	0.00815	0.00623	0.00915	0.00902	0.00990	0.00736	0.00698	0.00996	0.00883	0.01275	0.01459	0.02215	0.01389	0.08760	0.69522	0.00833	0.05602	0.00601	0.00296	0.00491
14	0.05243	0.00990	0.01289	0.00998	0.01420	0.00900	0.00822	0.06818	0.04196	0.68061	0.02090	0.01826	0.01331	0.00681	0.00550	0.00172	0.00477	0.00547	0.00662	0.00928
15	0.02278	0.00925	0.01237	0.00969	0.01366	0.00822	0.00793	0.02573	0.05843	0.66816	0.08488	0.02086	0.01715	0.00727	0.00565	0.00173	0.00452	0.00598	0.00672	0.00903
16	0.01203	0.01296	0.02659	0.28154	0.03149	0.01318	0.48380	0.01627	0.01234	0.01644	0.01125	0.03549	0.00880	0.00529	0.00621	0.00187	0.00852	0.00623	0.00275	0.00695
17	0.09220	0.38453	0.21649	0.01151	0.01691	0.01699	0.03065	0.05477	0.04807	0.06647	0.01027	0.01120	0.00802	0.00527	0.00438	0.00149	0.00629	0.00377	0.00308	0.00763
18	0.01152	0.05133	0.66705	0.01716	0.09192	0.01319	0.01954	0.01772	0.02845	0.01757	0.01019	0.01199	0.00740	0.00527	0.00524	0.00173	0.00788	0.00418	0.00245	0.00822
19	0.04242	0.01283	0.02112	0.12761	0.59336	0.01327	0.03121	0.05867	0.01308	0.01878	0.01043	0.01368	0.00853	0.00511	0.00544	0.00168	0.00663	0.00490	0.00289	0.00835
20	0.03573	0.31043	0.31123	0.01402	0.01991	0.06622	0.10631	0.03166	0.01212	0.01611	0.00914	0.01093	0.00725	0.00514	0.00500	0.00155	0.02325	0.00395	0.00253	0.00751
21	0.01150	0.01013	0.01279	0.06473	0.01552	0.01109	0.07352	0.02121	0.42596	0.01965	0.02629	0.12172	0.11669	0.00947	0.00608	0.00194	0.00470	0.03470	0.00502	0.00728

[dist]
# distance from previous block
# <min> <max>
0	2

[block]
# block no. 6 follows, 43 sequences, length 12
# corresponding to MSA columns:
# 319-330
name=unknown_G
#
# <colnr> <probs for GDERKNQSTAVLIFYWHMCP>
#	G	D	E	R	K	N	Q	S	T	A	V	L	I	F	Y	W	H	M	C	P
0	0.00749	0.00537	0.00702	0.00809	0.00865	0.00515	0.00563	0.03887	0.01139	0.01517	0.02973	0.71807	0.03517	0.01677	0.00705	0.00225	0.00346	0.06478	0.00515	0.00474
1	0.01423	0.01007	0.01405	0.03617	0.24223	0.01005	0.01013	0.03388	0.14408	0.17152	0.08233	0.02523	0.13282	0.04035	0.00670	0.00190	0.00488	0.00687	0.00479	0.00771
2	0.01410	0.57022	0.22365	0.01134	0.01689	0.05340	0.01240	0.01708	0.01157	0.01423	0.00832	0.00967	0.00708	0.00492	0.00406	0.00134	0.00669	0.00328	0.00238	0.00736
3	0.02159	0.00903	0.01196	0.00940	0.01319	0.00800	0.00768	0.05653	0.01612	0.60765	0.11620	0.02322	0.05809	0.00778	0.00574	0.00172	0.00441	0.00642	0.00661	0.00865
4	0.00760	0.00565	0.00707	0.00671	0.00813	0.00512	0.00504	0.00998	0.01511	0.02085	0.63484	0.04360	0.18615	0.01183	0.00653	0.00177	0.00265	0.01033	0.00592	0.00512
5	0.01778	0.01408	0.01826	0.01411	0.01827	0.01506	0.14248	0.50964	0.04217	0.02909	0.01523	0.07080	0.01253	0.00752	0.00594	0.00179	0.00638	0.04538	0.00500	0.00848
6	0.00680	0.00555	0.00606	0.00640	0.00795	0.00480	0.00481	0.00824	0.01229	0.01497	0.04921	0.18265	0.57407	0.01472	0.00674	0.00200	0.00309	0.07984	0.00514	0.00468
7	0.00689	0.00520	0.00639	0.00709	0.00801	0.00470	0.00500	0.00824	0.01189	0.01546	0.12998	0.46714	0.25040	0.01557	0.00687	0.00209	0.00308	0.03610	0.00526	0.00466
8	0.65177	0.01051	0.01010	0.18862	0.01705	0.01240	0.00817	0.01579	0.00981	0.02238	0.00820	0.01033	0.00632	0.00523	0.00391	0.00174	0.00500	0.00344	0.00320	0.00603
9	0.01111	0.02865	0.77667	0.01579	0.02397	0.01286	0.02046	0.01754	0.01169	0.01754	0.00994	0.01169	0.00702	0.00526	0.00526	0.00175	0.00818	0.00409	0.00234	0.00818
10	0.00876	0.00728	0.00935	0.00925	0.01037	0.05815	0.00717	0.01070	0.00935	0.01290	0.01442	0.02098	0.01340	0.03917	0.73204	0.00841	0.01451	0.00578	0.00296	0.00504
11	0.00702	0.00501	0.00666	0.00774	0.00820	0.00471	0.00532	0.00820	0.01112	0.01492	0.09767	0.66282	0.03725	0.04174	0.00773	0.00232	0.00334	0.05850	0.00517	0.00457

[dist]
# distance from previous block
# <min> <max>
1	2

[block]
# block no. 7 follows, 43 sequences, length 19
# corresponding to MSA columns:
# 333-351
name=unknown_H
#
# <colnr> <probs for GDERKNQSTAVLIFYWHMCP>
#	G	D	E	R	K	N	Q	S	T	A	V	L	I	F	Y	W	H	M	C	P
0	0.01184	0.14858	0.61108	0.01572	0.05164	0.01431	0.03862	0.01738	0.01170	0.01687	0.00965	0.01142	0.00714	0.00515	0.00504	0.00166	0.00780	0.00402	0.00237	0.00802
1	0.01152	0.00998	0.01181	0.00858	0.01321	0.00795	0.00689	0.01391	0.01131	0.01777	0.00969	0.01152	0.00815	0.00443	0.00494	0.00092	0.05127	0.00337	0.00323	0.78955
2	0.00962	0.00481	0.00722	0.00722	0.00722	0.00481	0.00481	0.00722	0.00722	0.00962	0.00962	0.01684	0.00962	0.01924	0.02165	0.83886	0.00481	0.00481	0.00241	0.00241
3	0.00679	0.00491	0.00643	0.00755	0.00801	0.00455	0.00509	0.00786	0.01098	0.01459	0.06879	0.71932	0.08096	0.01685	0.00701	0.00220	0.00316	0.01522	0.00519	0.00455
4	0.01363	0.01449	0.06838	0.07165	0.45618	0.06686	0.03675	0.01869	0.11437	0.01815	0.01233	0.01546	0.01010	0.00561	0.00549	0.00168	0.00663	0.02261	0.00318	0.03776
5	0.00756	0.00596	0.00729	0.03350	0.00952	0.03138	0.00570	0.00876	0.01105	0.01458	0.05501	0.67467	0.04993	0.01576	0.00680	0.00213	0.00358	0.01419	0.00494	0.03767
6	0.00673	0.00488	0.00637	0.00755	0.00799	0.00451	0.00507	0.00773	0.01075	0.01420	0.03243	0.74595	0.09120	0.01710	0.00703	0.00222	0.00318	0.01544	0.00514	0.00451
7	0.01063	0.00604	0.00679	0.04728	0.00907	0.00637	0.00517	0.05166	0.01204	0.02019	0.01702	0.02007	0.01355	0.01033	0.09110	0.00219	0.00439	0.00523	0.65547	0.00541
8	0.04043	0.24319	0.02090	0.01504	0.11146	0.17895	0.04018	0.19637	0.05285	0.02009	0.01044	0.01168	0.00839	0.00567	0.00508	0.00151	0.02231	0.00417	0.00349	0.00778
9	0.01298	0.01273	0.01787	0.09277	0.19731	0.04984	0.01326	0.03980	0.01072	0.01548	0.00881	0.01291	0.00789	0.00780	0.01255	0.00208	0.44940	0.00483	0.02416	0.00682
10	0.00682	0.00485	0.00640	0.00762	0.00792	0.00455	0.00504	0.00773	0.01046	0.01395	0.02980	0.75906	0.03571	0.06129	0.00825	0.00242	0.00333	0.01532	0.00504	0.00443
11	0.10755	0.01396	0.01977	0.09648	0.30817	0.07235	0.11053	0.12265	0.01415	0.02035	0.01045	0.01317	0.00829	0.00550	0.00584	0.00171	0.03808	0.00483	0.01839	0.00778
12	0.00670	0.00499	0.00625	0.00725	0.00791	0.00454	0.00494	0.00776	0.01105	0.01432	0.03614	0.63743	0.19732	0.01662	0.00695	0.00217	0.00312	0.01485	0.00514	0.00454
13	0.01674	0.42432	0.07855	0.01260	0.04510	0.26338	0.01102	0.06222	0.01363	0.01502	0.00858	0.00989	0.00731	0.00521	0.00433	0.00135	0.00742	0.00343	0.00272	0.00717
14	0.00744	0.00551	0.00670	0.00726	0.00815	0.00510	0.00505	0.02229	0.01127	0.01474	0.05721	0.43525	0.18713	0.12535	0.00980	0.00255	0.00359	0.05369	0.00488	0.02701
15	0.01234	0.08046	0.06347	0.01439	0.03108	0.06454	0.24181	0.04157	0.03178	0.03864	0.13348	0.14610	0.02001	0.00807	0.00597	0.00175	0.00631	0.00766	0.00394	0.04662
16	0.01255	0.25134	0.45748	0.01389	0.04007	0.01534	0.01590	0.05301	0.01213	0.01683	0.00976	0.01161	0.00761	0.00733	0.05109	0.00201	0.00778	0.00394	0.00255	0.00776
17	0.01618	0.09152	0.03374	0.00982	0.03041	0.00978	0.00804	0.08343	0.03288	0.27497	0.09780	0.04324	0.09174	0.00826	0.00588	0.02205	0.00459	0.03003	0.00518	0.10044
18	0.04153	0.01116	0.01245	0.01223	0.07337	0.03910	0.00883	0.03419	0.39468	0.05808	0.08583	0.02410	0.08526	0.00826	0.00641	0.00184	0.04951	0.02339	0.00504	0.02474

[dist]
# distance from previous block
# <min> <max>
4	10

[block]
# block no. 8 follows, 43 sequences, length 8
# corresponding to MSA columns:
# 362-369
name=unknown_I
#
# <colnr> <probs for GDERKNQSTAVLIFYWHMCP>
#	G	D	E	R	K	N	Q	S	T	A	V	L	I	F	Y	W	H	M	C	P
0	0.01471	0.05862	0.01403	0.01022	0.01411	0.01123	0.03191	0.24023	0.04218	0.06700	0.06390	0.11008	0.01544	0.00728	0.00524	0.00145	0.00483	0.00607	0.00460	0.27685
1	0.01461	0.01227	0.01244	0.01051	0.01341	0.07685	0.00823	0.24989	0.17360	0.02321	0.08713	0.02269	0.08073	0.07885	0.03403	0.00226	0.03327	0.00636	0.00484	0.05482
2	0.01682	0.00955	0.03796	0.00922	0.01264	0.00831	0.00753	0.07121	0.04458	0.33328	0.05806	0.04751	0.01607	0.09908	0.05195	0.00241	0.00525	0.00604	0.03098	0.13155
3	0.01315	0.07598	0.07644	0.01004	0.01339	0.03044	0.00874	0.10386	0.11617	0.09144	0.02313	0.13404	0.10514	0.01005	0.01992	0.00190	0.00509	0.07393	0.00469	0.08245
4	0.11428	0.15463	0.39003	0.01390	0.04751	0.01425	0.04477	0.03601	0.05652	0.01850	0.01019	0.01166	0.00775	0.00523	0.00477	0.00161	0.00680	0.00400	0.00284	0.05476
5	0.01933	0.02009	0.01543	0.01381	0.04438	0.40963	0.01038	0.25553	0.06062	0.02137	0.01152	0.01259	0.00898	0.00726	0.03019	0.00177	0.00816	0.00436	0.03709	0.00750
6	0.07879	0.06449	0.01548	0.01277	0.04071	0.24688	0.00988	0.23215	0.11060	0.02229	0.01240	0.01396	0.00983	0.00641	0.00547	0.00160	0.03180	0.02235	0.02617	0.03598
7	0.04489	0.05399	0.01188	0.00915	0.01213	0.00890	0.03465	0.09027	0.01285	0.04190	0.05079	0.09624	0.01794	0.13256	0.00894	0.00214	0.00481	0.10106	0.00411	0.26079

[dist]
# distance from previous block
# <min> <max>
11	20

[block]
# block no. 9 follows, 43 sequences, length 27
# corresponding to MSA columns:
# 391-417
name=unknown_J
#
# <colnr> <probs for GDERKNQSTAVLIFYWHMCP>
#	G	D	E	R	K	N	Q	S	T	A	V	L	I	F	Y	W	H	M	C	P
0	0.01614	0.01541	0.01530	0.06861	0.14009	0.21939	0.01080	0.06845	0.15423	0.07408	0.03324	0.01537	0.01146	0.02282	0.00604	0.00166	0.02472	0.00489	0.00393	0.09336
1	0.51844	0.01093	0.03249	0.05838	0.08692	0.01166	0.02379	0.01645	0.04441	0.04064	0.09740	0.01452	0.01247	0.00600	0.00438	0.00173	0.00473	0.00443	0.00375	0.00649
2	0.01245	0.01162	0.01908	0.41063	0.30819	0.01299	0.03729	0.05419	0.04736	0.01722	0.01087	0.01458	0.00848	0.00544	0.00555	0.00176	0.00694	0.00504	0.00288	0.00746
3	0.01295	0.01397	0.05138	0.05524	0.02532	0.01257	0.50526	0.01775	0.05138	0.03739	0.01172	0.01462	0.00885	0.00483	0.00595	0.00168	0.00792	0.00577	0.00310	0.15232
4	0.02048	0.01163	0.01327	0.01068	0.01460	0.04677	0.00862	0.13564	0.19188	0.40035	0.03936	0.01832	0.01430	0.00693	0.00552	0.00169	0.00501	0.00557	0.00602	0.04335
5	0.01371	0.01316	0.02248	0.03399	0.77081	0.01316	0.01700	0.01700	0.01261	0.01809	0.01042	0.01371	0.00877	0.00493	0.00548	0.00164	0.00658	0.00493	0.00274	0.00877
6	0.01338	0.01302	0.02291	0.05565	0.64556	0.01300	0.09312	0.01680	0.01262	0.01788	0.01111	0.01549	0.00946	0.00527	0.00567	0.00170	0.00684	0.02928	0.00282	0.00843
7	0.01415	0.00833	0.01182	0.01011	0.03177	0.00728	0.06141	0.01647	0.01381	0.25717	0.14778	0.10626	0.09545	0.00926	0.00595	0.00171	0.00434	0.05433	0.00532	0.13728
8	0.01371	0.01316	0.02248	0.03399	0.77081	0.01316	0.01700	0.01700	0.01261	0.01809	0.01042	0.01371	0.00877	0.00493	0.00548	0.00164	0.00658	0.00493	0.00274	0.00877
9	0.01054	0.00733	0.00884	0.00819	0.01027	0.00709	0.00627	0.01512	0.15006	0.09294	0.30101	0.13457	0.12116	0.01106	0.00626	0.00183	0.00344	0.04347	0.00564	0.05491
10	0.01122	0.02726	0.71039	0.01590	0.02383	0.01272	0.05771	0.01742	0.01176	0.01757	0.01000	0.01185	0.00713	0.00519	0.00529	0.00173	0.00810	0.00419	0.00240	0.03836
11	0.01277	0.01093	0.01232	0.01206	0.06370	0.01229	0.00872	0.02540	0.58537	0.02267	0.14743	0.02369	0.02233	0.00798	0.00578	0.00184	0.00423	0.00681	0.00552	0.00817
12	0.22587	0.17807	0.28197	0.01207	0.01730	0.16744	0.01267	0.01794	0.01182	0.01772	0.00866	0.01011	0.00680	0.00522	0.00440	0.00157	0.00710	0.00349	0.00272	0.00706
13	0.02105	0.01551	0.01662	0.01274	0.01717	0.01717	0.01053	0.75235	0.02604	0.03490	0.01330	0.01330	0.00942	0.00665	0.00554	0.00166	0.00609	0.00499	0.00554	0.00942
14	0.01152	0.01113	0.01870	0.15302	0.26418	0.01241	0.09995	0.01420	0.01117	0.01567	0.01325	0.15133	0.01304	0.00819	0.00860	0.00198	0.17476	0.00699	0.00305	0.00685
