[name]
unknown

[dist]
# distance from previous block
# <min> <max>
0	78

[block]
# block no. 0 follows, 43 sequences, length 10
# corresponding to MSA columns:
# 78-87
name=unknown_A
#
# <colnr> <probs for GDERKNQSTAVLIFYWHMCP>
#	G	D	E	R	K	N	Q	S	T	A	V	L	I	F	Y	W	H	M	C	P
0	0.24588	0.01132	0.01503	0.22981	0.19621	0.03696	0.02868	0.01669	0.04334	0.04809	0.01186	0.01681	0.00985	0.00615	0.00511	0.00180	0.00605	0.06013	0.00332	0.00692
1	0.15580	0.01071	0.01615	0.13852	0.28173	0.01129	0.04995	0.01630	0.03615	0.07573	0.01273	0.03627	0.01083	0.00735	0.00667	0.06911	0.00592	0.04833	0.00340	0.00704
2	0.00878	0.00522	0.00739	0.03280	0.00874	0.00520	0.00551	0.00808	0.00888	0.01168	0.01848	0.16648	0.05667	0.07784	0.01673	0.46550	0.00458	0.08468	0.00340	0.00338
3	0.09797	0.00683	0.00850	0.00813	0.00962	0.00678	0.00609	0.04324	0.01139	0.12797	0.06676	0.15898	0.03802	0.05645	0.01176	0.24309	0.00440	0.08457	0.00441	0.00504
4	0.01272	0.01048	0.01554	0.15353	0.27527	0.01108	0.01192	0.04770	0.12788	0.06723	0.11113	0.07738	0.03909	0.00759	0.00580	0.00178	0.00539	0.00680	0.00418	0.00751
5	0.14707	0.00741	0.00864	0.06744	0.01171	0.00752	0.00656	0.03625	0.01323	0.07909	0.23784	0.08374	0.16049	0.04339	0.00686	0.00201	0.00391	0.06619	0.00500	0.00566
6	0.21088	0.00923	0.01069	0.00876	0.01221	0.00898	0.00703	0.02170	0.05793	0.43318	0.05903	0.02035	0.03964	0.06798	0.00689	0.00201	0.00447	0.00564	0.00563	0.00775
7	0.05252	0.00712	0.00914	0.00816	0.01050	0.00649	0.00639	0.01592	0.01437	0.27927	0.28132	0.13446	0.08787	0.01073	0.00619	0.00185	0.00365	0.05149	0.00598	0.00656
8	0.01336	0.00716	0.00913	0.00821	0.01047	0.00660	0.00629	0.01634	0.07089	0.26033	0.24175	0.18845	0.11590	0.01114	0.00627	0.00186	0.00356	0.00966	0.00600	0.00663
9	0.03555	0.00607	0.00723	0.00680	0.00840	0.00555	0.00503	0.01103	0.01365	0.08415	0.37746	0.07333	0.23466	0.09638	0.00869	0.00218	0.00322	0.00989	0.00549	0.00524

[dist]
# distance from previous block
# <min> <max>
13	21

[block]
# block no. 1 follows, 43 sequences, length 75
# corresponding to MSA columns:
# 115-152,156-192
name=unknown_B
#
# <colnr> <probs for GDERKNQSTAVLIFYWHMCP>
#	G	D	E	R	K	N	Q	S	T	A	V	L	I	F	Y	W	H	M	C	P
0	0.01532	0.60978	0.10576	0.01073	0.01568	0.07483	0.01080	0.07378	0.01276	0.01523	0.00843	0.00960	0.00728	0.00501	0.00399	0.00130	0.00646	0.00328	0.00264	0.00735
1	0.13321	0.01213	0.01902	0.10871	0.50368	0.01264	0.03045	0.01698	0.03444	0.03500	0.03498	0.01437	0.00996	0.00535	0.00526	0.00169	0.00616	0.00491	0.00309	0.00796
2	0.01341	0.25375	0.42081	0.07530	0.02135	0.01525	0.01567	0.03842	0.01222	0.07089	0.01023	0.01168	0.00762	0.00528	0.00481	0.00159	0.00715	0.00396	0.00277	0.00783
3	0.05740	0.01149	0.05408	0.01041	0.01459	0.01034	0.00891	0.16264	0.05043	0.44343	0.03216	0.01827	0.02598	0.02263	0.02903	0.00198	0.00536	0.00548	0.00584	0.02955
4	0.03818	0.00840	0.01087	0.00920	0.01226	0.00773	0.00743	0.06349	0.01517	0.42597	0.11050	0.09117	0.05685	0.02928	0.00658	0.00195	0.00439	0.08686	0.00611	0.00761
5	0.00752	0.00550	0.00707	0.00780	0.00874	0.00517	0.00586	0.00917	0.01214	0.01602	0.15656	0.33122	0.14662	0.06237	0.00831	0.00237	0.00365	0.19400	0.00518	0.00473
6	0.01433	0.07875	0.17205	0.14953	0.19292	0.01310	0.12378	0.01816	0.01253	0.13421	0.01182	0.01404	0.00873	0.00546	0.00578	0.00173	0.02698	0.00494	0.00322	0.00792
7	0.01258	0.00749	0.01050	0.01113	0.09747	0.00712	0.00738	0.03271	0.02688	0.17257	0.19732	0.15391	0.04142	0.01284	0.04155	0.12553	0.00460	0.00823	0.00493	0.02383
8	0.00856	0.00574	0.00696	0.00724	0.00779	0.00562	0.00484	0.02993	0.01032	0.03407	0.04773	0.24761	0.04471	0.41829	0.01779	0.00382	0.00460	0.08578	0.00431	0.00428
9	0.06286	0.01147	0.01754	0.35546	0.20526	0.01323	0.02683	0.07224	0.03111	0.05424	0.01077	0.01413	0.00834	0.00597	0.00670	0.00183	0.08674	0.00490	0.00311	0.00725
10	0.08787	0.11129	0.33111	0.05884	0.02096	0.02744	0.12949	0.01619	0.01185	0.01755	0.07064	0.04024	0.01177	0.00617	0.00574	0.00174	0.03586	0.00516	0.00293	0.00716
11	0.05751	0.00587	0.00795	0.02854	0.00967	0.00584	0.00617	0.01019	0.01003	0.06819	0.02018	0.27029	0.02177	0.01595	0.01216	0.30945	0.00439	0.12746	0.00408	0.00431
12	0.01894	0.01428	0.03308	0.13849	0.05623	0.01533	0.02701	0.51085	0.02163	0.08903	0.01318	0.01399	0.00933	0.00634	0.00555	0.00170	0.00633	0.00503	0.00490	0.00880
13	0.12141	0.58905	0.13806	0.01014	0.01522	0.01934	0.01067	0.01669	0.01108	0.01523	0.00804	0.00932	0.00695	0.00487	0.00379	0.00134	0.00605	0.00314	0.00250	0.00713
14	0.09745	0.01048	0.01650	0.40691	0.15980	0.01166	0.03940	0.01678	0.01188	0.13399	0.01164	0.01470	0.00857	0.00597	0.00583	0.02670	0.00651	0.00488	0.00330	0.00704
15	0.00681	0.00486	0.00650	0.00778	0.00813	0.00455	0.00525	0.00782	0.01066	0.01421	0.03049	0.78087	0.03650	0.01729	0.00709	0.00226	0.00327	0.03602	0.00514	0.00452
16	0.84448	0.01071	0.00814	0.00728	0.01071	0.01242	0.00600	0.01628	0.00943	0.02485	0.00771	0.00900	0.00600	0.00514	0.00343	0.00171	0.00428	0.00300	0.00343	0.00600
17	0.00955	0.00857	0.00871	0.00800	0.02269	0.07486	0.00585	0.01128	0.01232	0.01605	0.13024	0.05304	0.25927	0.10006	0.04389	0.00230	0.00468	0.02343	0.00429	0.20093
18	0.01053	0.00566	0.00796	0.00766	0.00801	0.00580	0.00527	0.06661	0.00872	0.01164	0.00991	0.01655	0.00960	0.01824	0.02036	0.77213	0.00491	0.00482	0.00265	0.00296
19	0.02485	0.00943	0.01285	0.00985	0.01414	0.00814	0.00814	0.02699	0.01585	0.77465	0.02185	0.01885	0.01371	0.00685	0.00557	0.00171	0.00471	0.00557	0.00685	0.00943
20	0.00981	0.00634	0.00732	0.00709	0.00923	0.00552	0.00566	0.01153	0.01315	0.13320	0.04602	0.04958	0.52021	0.01314	0.00659	0.00197	0.00351	0.13926	0.00540	0.00549
21	0.01148	0.00984	0.01148	0.00820	0.01312	0.00738	0.00656	0.01395	0.01148	0.01805	0.00984	0.01148	0.00820	0.00410	0.00410	0.00082	0.00410	0.00328	0.00328	0.83922
22	0.01442	0.00758	0.00963	0.00858	0.01096	0.00710	0.00657	0.03362	0.08161	0.28979	0.16818	0.21589	0.08032	0.03094	0.00676	0.00197	0.00383	0.00943	0.00595	0.00688
23	0.00806	0.00607	0.00886	0.00878	0.00964	0.00708	0.00672	0.00981	0.00880	0.01265	0.01486	0.02296	0.01429	0.12004	0.68014	0.00832	0.03898	0.00612	0.00299	0.00482
24	0.00764	0.00565	0.00713	0.00676	0.00815	0.00514	0.00507	0.01006	0.01520	0.02109	0.65778	0.04322	0.16307	0.01174	0.00653	0.00176	0.00264	0.01027	0.00595	0.00514
25	0.23658	0.00973	0.01081	0.00895	0.01237	0.00982	0.00723	0.11602	0.01460	0.33933	0.01764	0.09941	0.01361	0.00747	0.00503	0.00173	0.00445	0.00587	0.07170	0.00766
26	0.01019	0.00609	0.00761	0.00727	0.00897	0.00541	0.00540	0.01194	0.01349	0.14870	0.25380	0.22545	0.22902	0.03211	0.00703	0.00198	0.00324	0.01103	0.00568	0.00559
27	0.01212	0.01212	0.01696	0.01454	0.01454	0.01696	0.01212	0.01333	0.00848	0.01333	0.00727	0.01212	0.00727	0.00969	0.01818	0.00242	0.79523	0.00485	0.00242	0.00606
28	0.01549	0.01151	0.01257	0.01105	0.01436	0.01290	0.00867	0.02905	0.64515	0.13984	0.02243	0.02038	0.01641	0.00741	0.00563	0.00185	0.00443	0.00615	0.00582	0.00887
29	0.00692	0.00523	0.00635	0.00690	0.00786	0.00471	0.00483	0.00829	0.01207	0.01576	0.17114	0.41821	0.26122	0.03483	0.00734	0.00212	0.00303	0.01329	0.00527	0.00466
30	0.01600	0.01237	0.01331	0.01143	0.01489	0.01395	0.00904	0.16293	0.56555	0.08524	0.02078	0.01916	0.01527	0.00730	0.00561	0.00183	0.00473	0.00597	0.00571	0.00894
31	0.00670	0.00499	0.00625	0.00725	0.00791	0.00454	0.00494	0.00776	0.01104	0.01432	0.03609	0.63895	0.19583	0.01663	0.00696	0.00217	0.00312	0.01486	0.00514	0.00454
32	0.02452	0.00995	0.01318	0.01010	0.01440	0.00891	0.00834	0.08914	0.01672	0.71127	0.02112	0.01837	0.01334	0.00684	0.00557	0.00171	0.00483	0.00552	0.00674	0.00942
33	0.00675	0.00482	0.00643	0.00771	0.00803	0.00450	0.00514	0.00771	0.01060	0.01414	0.03053	0.80175	0.03663	0.01735	0.00707	0.00225	0.00321	0.01574	0.00514	0.00450
34	0.01032	0.00516	0.00516	0.00516	0.00645	0.00516	0.00387	0.01290	0.01161	0.02065	0.01807	0.02065	0.01420	0.00645	0.00387	0.00129	0.00258	0.00516	0.83611	0.00516
35	0.00759	0.00564	0.00718	0.00765	0.00866	0.00502	0.00522	0.00871	0.01054	0.01447	0.02627	0.61804	0.03090	0.07810	0.00829	0.00228	0.00352	0.01320	0.00471	0.13400
36	0.01148	0.00984	0.01148	0.00820	0.01312	0.00738	0.00656	0.01395	0.01148	0.01805	0.00984	0.01148	0.00820	0.00410	0.00410	0.00082	0.00410	0.00328	0.00328	0.83922
37	0.01081	0.00833	0.01111	0.01015	0.01171	0.00979	0.00808	0.15243	0.01215	0.01712	0.01386	0.01927	0.01240	0.03198	0.56530	0.00693	0.08362	0.00565	0.00341	0.00590
38	0.02475	0.00959	0.01295	0.00993	0.01422	0.00839	0.00820	0.04668	0.01613	0.75457	0.02162	0.01870	0.01359	0.00685	0.00557	0.00171	0.00475	0.00555	0.00682	0.00943
39	0.00735	0.00564	0.00672	0.00645	0.00797	0.00502	0.00484	0.00950	0.01451	0.01944	0.49621	0.04592	0.32567	0.01235	0.00654	0.00179	0.00269	0.01065	0.00573	0.00502
40	0.00790	0.00537	0.00602	0.00605	0.00621	0.00529	0.00347	0.00804	0.00848	0.01116	0.02087	0.05758	0.08022	0.72172	0.02591	0.00501	0.00511	0.00854	0.00354	0.00349
41	0.00793	0.00532	0.00608	0.00620	0.00623	0.00529	0.00353	0.00802	0.00830	0.01107	0.01871	0.11000	0.02172	0.72944	0.02615	0.00507	0.00516	0.00879	0.00353	0.00347
42	0.01111	0.02865	0.77667	0.01579	0.02397	0.01286	0.02046	0.01754	0.01169	0.01754	0.00994	0.01169	0.00702	0.00526	0.00526	0.00175	0.00818	0.00409	0.00234	0.00818
43	0.15085	0.00991	0.01208	0.00962	0.01364	0.00944	0.00788	0.02560	0.09932	0.57303	0.01973	0.01753	0.01287	0.00666	0.00524	0.00173	0.00461	0.00525	0.00618	0.00882
44	0.50617	0.01024	0.01008	0.00838	0.01213	0.01080	0.00690	0.02076	0.03058	0.31542	0.01356	0.01311	0.00926	0.00586	0.00431	0.00172	0.00445	0.00408	0.00481	0.00740
45	0.05163	0.00947	0.01270	0.00977	0.01403	0.00828	0.00807	0.02664	0.01564	0.75015	0.02139	0.01853	0.01346	0.00680	0.00550	0.00171	0.00470	0.00549	0.00674	0.00931
46	0.02112	0.01371	0.01537	0.01174	0.01618	0.01439	0.00968	0.53258	0.02261	0.19679	0.01491	0.01438	0.01027	0.00649	0.00543	0.00161	0.00563	0.00498	0.00565	0.07650
47	0.00709	0.00514	0.00660	0.00764	0.00823	0.00482	0.00535	0.00822	0.01090	0.01426	0.03231	0.56386	0.11982	0.07952	0.00876	0.00249	0.00357	0.10192	0.00499	0.00450
48	0.00684	0.00491	0.00643	0.00753	0.00796	0.00457	0.00505	0.00787	0.01086	0.01447	0.06819	0.70730	0.06782	0.04228	0.00770	0.00231	0.00324	0.01504	0.00513	0.00451
49	0.00805	0.00537	0.00604	0.00604	0.00604	0.00537	0.00336	0.00805	0.00805	0.01074	0.01745	0.03624	0.02013	0.80536	0.02819	0.00537	0.00537	0.00805	0.00336	0.00336
50	0.84448	0.01071	0.00814	0.00728	0.01071	0.01242	0.00600	0.01628	0.00943	0.02485	0.00771	0.00900	0.00600	0.00514	0.00343	0.00171	0.00428	0.00300	0.00343	0.00600
51	0.00805	0.00537	0.00604	0.00604	0.00604	0.00537	0.00336	0.00805	0.00805	0.01074	0.01745	0.03624	0.02013	0.80536	0.02819	0.00537	0.00537	0.00805	0.00336	0.00336
52	0.00771	0.00537	0.00663	0.00720	0.00757	0.00523	0.00466	0.02670	0.01028	0.01376	0.05966	0.43208	0.03015	0.32405	0.01525	0.00343	0.00414	0.02738	0.00450	0.00422
53	0.01174	0.00983	0.01193	0.07072	0.01514	0.00779	0.00730	0.01429	0.01156	0.03668	0.01014	0.01193	0.00828	0.00428	0.00425	0.00092	0.00438	0.00347	0.00331	0.75204
54	0.23106	0.01044	0.01209	0.00953	0.01362	0.01024	0.00787	0.10654	0.01539	0.50174	0.01732	0.01574	0.01128	0.00640	0.00503	0.00171	0.00476	0.00486	0.00584	0.00856
55	0.00753	0.00551	0.00706	0.00696	0.00815	0.00505	0.00511	0.00974	0.01452	0.02012	0.57247	0.17007	0.12188	0.01261	0.00662	0.00184	0.00273	0.01115	0.00584	0.00505
56	0.00932	0.00572	0.00742	0.00788	0.00895	0.00527	0.00556	0.02600	0.01199	0.10864	0.06882	0.59295	0.08960	0.01527	0.00678	0.00212	0.00340	0.01366	0.00541	0.00526
57	0.01032	0.00516	0.00516	0.00516	0.00645	0.00516	0.00387	0.01290	0.01161	0.02065	0.01807	0.02065	0.01420	0.00645	0.00387	0.00129	0.00258	0.00516	0.83611	0.00516
58	0.00784	0.00566	0.00740	0.00697	0.00827	0.00523	0.00523	0.01045	0.01568	0.02221	0.76789	0.04137	0.05226	0.01132	0.00653	0.00174	0.00261	0.01002	0.00610	0.00523
59	0.00805	0.00537	0.00604	0.00604	0.00604	0.00537	0.00336	0.00805	0.00805	0.01074	0.01745	0.03624	0.02013	0.80536	0.02819	0.00537	0.00537	0.00805	0.00336	0.00336
60	0.01908	0.01289	0.01402	0.01100	0.01475	0.01396	0.00898	0.53963	0.02224	0.09405	0.03056	0.01599	0.01166	0.02151	0.00571	0.00168	0.00531	0.00523	0.14324	0.00851
61	0.02485	0.00943	0.01285	0.00985	0.01414	0.00814	0.00814	0.02699	0.01585	0.77465	0.02185	0.01885	0.01371	0.00685	0.00557	0.00171	0.00471	0.00557	0.00685	0.00943
62	0.01371	0.01316	0.02248	0.03399	0.77081	0.01316	0.01700	0.01700	0.01261	0.01809	0.01042	0.01371	0.00877	0.00493	0.00548	0.00164	0.00658	0.00493	0.00274	0.00877
63	0.00721	0.00554	0.00659	0.00652	0.00794	0.00493	0.00482	0.00916	0.01390	0.01845	0.40461	0.13311	0.33109	0.01307	0.00660	0.00185	0.00276	0.01133	0.00561	0.00493
64	0.00705	0.00502	0.00672	0.00797	0.00839	0.00475	0.00555	0.00818	0.01079	0.01434	0.03002	0.69158	0.03561	0.03849	0.00771	0.00237	0.00350	0.10232	0.00509	0.00454
65	0.60476	0.01033	0.00952	0.00803	0.01171	0.01117	0.00662	0.01941	0.01130	0.24415	0.01185	0.01188	0.00825	0.00564	0.00405	0.00171	0.00441	0.00375	0.00443	0.00700
66	0.02485	0.00943	0.01285	0.00985	0.01414	0.00814	0.00814	0.02699	0.01585	0.77465	0.02185	0.01885	0.01371	0.00685	0.00557	0.00171	0.00471	0.00557	0.00685	0.00943
67	0.02136	0.01503	0.01632	0.01251	0.01693	0.01645	0.01034	0.69453	0.02523	0.09387	0.01398	0.01374	0.00976	0.00666	0.00554	0.00167	0.00598	0.00503	0.00565	0.00942
68	0.00689	0.00492	0.00634	0.00741	0.00777	0.00461	0.00488	0.00776	0.01040	0.01377	0.03021	0.67326	0.07042	0.11180	0.00958	0.00261	0.00345	0.01462	0.00493	0.00437
69	0.02136	0.01503	0.01632	0.01251	0.01693	0.01645	0.01034	0.69453	0.02523	0.09387	0.01398	0.01374	0.00976	0.00666	0.00554	0.00167	0.00598	0.00503	0.00565	0.00942
70	0.00805	0.00537	0.00604	0.00604	0.00604	0.00537	0.00336	0.00805	0.00805	0.01074	0.01745	0.03624	0.02013	0.80536	0.02819	0.00537	0.00537	0.00805	0.00336	0.00336
71	0.02763	0.00661	0.00870	0.00805	0.00886	0.00686	0.00570	0.11695	0.01023	0.03059	0.01063	0.01679	0.00992	0.04026	0.01878	0.65685	0.00500	0.00491	0.00301	0.00368
72	0.00660	0.00553	0.00575	0.00588	0.00756	0.00467	0.00434	0.00799	0.01249	0.01508	0.07383	0.13490	0.66778	0.01431	0.00660	0.00191	0.00284	0.01208	0.00517	0.00467
73	0.84448	0.01071	0.00814	0.00728	0.01071	0.01242	0.00600	0.01628	0.00943	0.02485	0.00771	0.00900	0.00600	0.00514	0.00343	0.00171	0.00428	0.00300	0.00343	0.00600
74	0.01046	0.00984	0.01661	0.79205	0.03814	0.01230	0.01538	0.01415	0.01107	0.01415	0.00984	0.01477	0.00738	0.00554	0.00554	0.00185	0.00738	0.00492	0.00246	0.00615

[dist]
# distance from previous block
# <min> <max>
0	4

[block]
# block no. 2 follows, 43 sequences, length 86
# corresponding to MSA columns:
# 197-282
name=unknown_C
#
# <colnr> <probs for GDERKNQSTAVLIFYWHMCP>
#	G	D	E	R	K	N	Q	S	T	A	V	L	I	F	Y	W	H	M	C	P
0	0.01773	0.01399	0.01469	0.04642	0.01636	0.07555	0.00983	0.49943	0.02093	0.02774	0.01358	0.03344	0.01067	0.01249	0.13286	0.00284	0.00772	0.00529	0.03041	0.00805
1	0.01851	0.01353	0.01455	0.01143	0.01500	0.01487	0.00912	0.60673	0.02252	0.03018	0.01411	0.01779	0.01152	0.16292	0.00997	0.00239	0.00595	0.00559	0.00511	0.00823
2	0.05351	0.01451	0.01541	0.01374	0.07313	0.04961	0.01029	0.41179	0.24843	0.02867	0.01546	0.01525	0.01141	0.00668	0.00545	0.00172	0.00570	0.00522	0.00515	0.00889
3	0.01932	0.01382	0.01565	0.05915	0.03374	0.01521	0.01033	0.55155	0.07071	0.07918	0.01396	0.01445	0.01006	0.00740	0.00655	0.05399	0.00590	0.00509	0.00519	0.00873
4	0.02447	0.00951	0.01284	0.00990	0.01415	0.00833	0.00816	0.02707	0.04141	0.74887	0.02187	0.01891	0.01382	0.00688	0.00557	0.00172	0.00470	0.00559	0.00681	0.00940
5	0.01013	0.00835	0.00952	0.00999	0.01170	0.05581	0.00834	0.01454	0.12808	0.01776	0.09240	0.05027	0.08543	0.01307	0.00700	0.00226	0.00491	0.45960	0.00513	0.00572
6	0.12261	0.15406	0.34231	0.01394	0.05661	0.07930	0.03416	0.01864	0.01222	0.10255	0.01055	0.01172	0.00779	0.00534	0.00479	0.00162	0.00701	0.00399	0.00307	0.00772
7	0.00975	0.00527	0.00749	0.00746	0.00766	0.00537	0.00503	0.00864	0.05441	0.01063	0.01126	0.04177	0.01116	0.03707	0.02035	0.74100	0.00475	0.00532	0.00271	0.00289
8	0.01671	0.00767	0.01019	0.00863	0.01143	0.00684	0.00679	0.01912	0.03264	0.41530	0.23657	0.13075	0.05371	0.00979	0.00608	0.00180	0.00384	0.00842	0.00632	0.00740
9	0.01253	0.01331	0.02588	0.12718	0.14229	0.01389	0.40563	0.01623	0.01196	0.01654	0.01072	0.03200	0.00878	0.00590	0.00807	0.00193	0.13122	0.00601	0.00274	0.00721
10	0.13493	0.01411	0.01586	0.32675	0.10471	0.14198	0.01253	0.15017	0.01449	0.01978	0.01001	0.01276	0.00766	0.00565	0.00514	0.00170	0.00705	0.00443	0.00326	0.00705
11	0.02072	0.02545	0.01578	0.01414	0.01713	0.71646	0.01069	0.08568	0.01660	0.01541	0.00897	0.01028	0.00733	0.00579	0.00504	0.00145	0.00965	0.00369	0.00309	0.00668
12	0.01355	0.01330	0.02201	0.10393	0.62576	0.03700	0.04824	0.01682	0.01247	0.01744	0.01025	0.01370	0.00853	0.00513	0.00586	0.00169	0.02833	0.00496	0.00271	0.00832
13	0.00800	0.00610	0.00905	0.00899	0.00997	0.00715	0.00701	0.00994	0.00896	0.01291	0.01545	0.02213	0.02876	0.04012	0.74711	0.00858	0.03577	0.00602	0.00300	0.00497
14	0.00805	0.00537	0.00604	0.00604	0.00604	0.00537	0.00336	0.00805	0.00805	0.01074	0.01745	0.03624	0.02013	0.80536	0.02819	0.00537	0.00537	0.00805	0.00336	0.00336
15	0.01433	0.01483	0.01640	0.01488	0.04682	0.17840	0.01162	0.01571	0.01056	0.04456	0.00907	0.03910	0.00857	0.00879	0.01395	0.00214	0.53615	0.00498	0.00280	0.00633
16	0.00727	0.00546	0.00678	0.00715	0.00830	0.00497	0.00529	0.00905	0.01304	0.01729	0.28406	0.27941	0.23402	0.01426	0.00681	0.00201	0.00309	0.08146	0.00546	0.00485
17	0.00691	0.00501	0.00652	0.00744	0.00803	0.00463	0.00509	0.00817	0.01156	0.01549	0.15062	0.62583	0.09192	0.01614	0.00695	0.00214	0.00309	0.01453	0.00529	0.00463
18	0.01809	0.01363	0.01421	0.01150	0.01508	0.06192	0.00925	0.46076	0.08863	0.07350	0.11574	0.05941	0.01734	0.00787	0.00573	0.00171	0.00549	0.00628	0.00551	0.00836
19	0.01265	0.01245	0.01894	0.37202	0.32171	0.06192	0.02898	0.01664	0.05216	0.01619	0.01064	0.01431	0.00844	0.00550	0.00579	0.00176	0.02484	0.00494	0.00277	0.00736
20	0.84448	0.01071	0.00814	0.00728	0.01071	0.01242	0.00600	0.01628	0.00943	0.02485	0.00771	0.00900	0.00600	0.00514	0.00343	0.00171	0.00428	0.00300	0.00343	0.00600
21	0.00784	0.00566	0.00740	0.00697	0.00827	0.00523	0.00523	0.01045	0.01568	0.02221	0.76789	0.04137	0.05226	0.01132	0.00653	0.00174	0.00261	0.01002	0.00610	0.00523
22	0.01289	0.02585	0.66010	0.01524	0.02287	0.01230	0.03877	0.01874	0.01225	0.11303	0.01148	0.01268	0.00790	0.00545	0.00534	0.00175	0.00778	0.00435	0.00292	0.00832
23	0.01101	0.01057	0.01867	0.61902	0.08681	0.01236	0.10713	0.01476	0.01145	0.01507	0.01031	0.01490	0.00782	0.00541	0.00561	0.00182	0.00742	0.00513	0.02827	0.00647
24	0.01481	0.80869	0.02902	0.00948	0.01421	0.02191	0.00948	0.01658	0.01125	0.01303	0.00770	0.00888	0.00711	0.00474	0.00355	0.00118	0.00592	0.00296	0.00237	0.00711
25	0.84448	0.01071	0.00814	0.00728	0.01071	0.01242	0.00600	0.01628	0.00943	0.02485	0.00771	0.00900	0.00600	0.00514	0.00343	0.00171	0.00428	0.00300	0.00343	0.00600
26	0.00962	0.00481	0.00722	0.00722	0.00722	0.00481	0.00481	0.00722	0.00722	0.00962	0.00962	0.01684	0.00962	0.01924	0.02165	0.83886	0.00481	0.00481	0.00241	0.00241
27	0.01303	0.01246	0.02125	0.19282	0.61730	0.01298	0.01666	0.01640	0.01229	0.01727	0.01030	0.01393	0.00848	0.00506	0.00549	0.00169	0.00675	0.00493	0.00268	0.00822
28	0.00805	0.00537	0.00604	0.00604	0.00604	0.00537	0.00336	0.00805	0.00805	0.01074	0.01745	0.03624	0.02013	0.80536	0.02819	0.00537	0.00537	0.00805	0.00336	0.00336
29	0.00784	0.00566	0.00740	0.00697	0.00827	0.00523	0.00523	0.01045	0.01568	0.02221	0.76789	0.04137	0.05226	0.01132	0.00653	0.00174	0.00261	0.01002	0.00610	0.00523
30	0.00677	0.00484	0.00645	0.00769	0.00804	0.00452	0.00514	0.00778	0.01072	0.01433	0.04793	0.78380	0.03700	0.01721	0.00706	0.00224	0.00320	0.01561	0.00516	0.00452
31	0.00675	0.00482	0.00643	0.00771	0.00803	0.00450	0.00514	0.00771	0.01060	0.01414	0.03053	0.80175	0.03663	0.01735	0.00707	0.00225	0.00321	0.01574	0.00514	0.00450
32	0.02485	0.00943	0.01285	0.00985	0.01414	0.00814	0.00814	0.02699	0.01585	0.77465	0.02185	0.01885	0.01371	0.00685	0.00557	0.00171	0.00471	0.00557	0.00685	0.00943
33	0.01046	0.00984	0.01661	0.79205	0.03814	0.01230	0.01538	0.01415	0.01107	0.01415	0.00984	0.01477	0.00738	0.00554	0.00554	0.00185	0.00738	0.00492	0.00246	0.00615
34	0.00805	0.00537	0.00604	0.00604	0.00604	0.00537	0.00336	0.00805	0.00805	0.01074	0.01745	0.03624	0.02013	0.80536	0.02819	0.00537	0.00537	0.00805	0.00336	0.00336
35	0.02105	0.01551	0.01662	0.01274	0.01717	0.01717	0.01053	0.75235	0.02604	0.03490	0.01330	0.01330	0.00942	0.00665	0.00554	0.00166	0.00609	0.00499	0.00554	0.00942
36	0.01148	0.00984	0.01148	0.00820	0.01312	0.00738	0.00656	0.01395	0.01148	0.01805	0.00984	0.01148	0.00820	0.00410	0.00410	0.00082	0.00410	0.00328	0.00328	0.83922
37	0.00720	0.00558	0.00662	0.00694	0.00831	0.00500	0.00526	0.00896	0.01296	0.01668	0.21013	0.19047	0.36901	0.01420	0.00679	0.00200	0.00315	0.11056	0.00535	0.00483
38	0.01148	0.00984	0.01148	0.00820	0.01312	0.00738	0.00656	0.01395	0.01148	0.01805	0.00984	0.01148	0.00820	0.00410	0.00410	0.00082	0.00410	0.00328	0.00328	0.83922
39	0.02105	0.01551	0.01662	0.01274	0.01717	0.01717	0.01053	0.75235	0.02604	0.03490	0.01330	0.01330	0.00942	0.00665	0.00554	0.00166	0.00609	0.00499	0.00554	0.00942
40	0.00791	0.00593	0.00890	0.00890	0.00989	0.00692	0.00692	0.00989	0.00890	0.01286	0.01483	0.02176	0.01385	0.04154	0.78341	0.00890	0.01483	0.00593	0.00297	0.00494
41	0.00734	0.00564	0.00671	0.00645	0.00797	0.00501	0.00483	0.00949	0.01450	0.01943	0.49461	0.04595	0.32728	0.01236	0.00654	0.00179	0.00269	0.01066	0.00573	0.00501
42	0.00655	0.00561	0.00561	0.00561	0.00748	0.00468	0.00421	0.00795	0.01262	0.01496	0.05610	0.05330	0.76857	0.01403	0.00655	0.00187	0.00281	0.01169	0.00514	0.00468
43	0.02070	0.02594	0.01573	0.01420	0.01712	0.75094	0.01069	0.05281	0.01613	0.01445	0.00876	0.01013	0.00723	0.00575	0.00502	0.00144	0.00982	0.00363	0.00297	0.00655
44	0.00791	0.00593	0.00890	0.00890	0.00989	0.00692	0.00692	0.00989	0.00890	0.01286	0.01483	0.02176	0.01385	0.04154	0.78341	0.00890	0.01483	0.00593	0.00297	0.00494
45	0.14337	0.00984	0.01214	0.00961	0.01366	0.00928	0.00788	0.02565	0.08249	0.59714	0.01985	0.01758	0.01287	0.00666	0.00526	0.00173	0.00462	0.00526	0.00624	0.00887
46	0.00675	0.00482	0.00643	0.00771	0.00803	0.00450	0.00514	0.00771	0.01060	0.01414	0.03053	0.80175	0.03663	0.01735	0.00707	0.00225	0.00321	0.01574	0.00514	0.00450
47	0.02426	0.01038	0.01344	0.01031	0.01461	0.00955	0.00851	0.14035	0.01744	0.65905	0.02051	0.01798	0.01304	0.00682	0.00556	0.00171	0.00493	0.00548	0.00665	0.00942
48	0.02485	0.00943	0.01285	0.00985	0.01414	0.00814	0.00814	0.02699	0.01585	0.77465	0.02185	0.01885	0.01371	0.00685	0.00557	0.00171	0.00471	0.00557	0.00685	0.00943
49	0.01378	0.01190	0.01252	0.01127	0.01440	0.01378	0.00877	0.02943	0.76081	0.02317	0.02254	0.02066	0.01691	0.00751	0.00564	0.00188	0.00438	0.00626	0.00564	0.00877
50	0.01506	0.17466	0.15676	0.03636	0.23845	0.20396	0.06520	0.01826	0.01294	0.01578	0.00939	0.01160	0.00768	0.00514	0.00502	0.00154	0.00778	0.00417	0.00262	0.00762
51	0.00777	0.00566	0.00731	0.00689	0.00823	0.00520	0.00517	0.01032	0.01551	0.02182	0.72947	0.04201	0.09092	0.01147	0.00653	0.00175	0.00262	0.01011	0.00605	0.00520
52	0.32305	0.06100	0.04707	0.39656	0.02554	0.01302	0.03055	0.01534	0.01055	0.01832	0.00895	0.01211	0.00686	0.00530	0.00464	0.00175	0.00622	0.00409	0.00282	0.00627
53	0.00805	0.00537	0.00604	0.00604	0.00604	0.00537	0.00336	0.00805	0.00805	0.01074	0.01745	0.03624	0.02013	0.80536	0.02819	0.00537	0.00537	0.00805	0.00336	0.00336
54	0.00762	0.00530	0.00634	0.00659	0.00708	0.00507	0.00423	0.00850	0.01053	0.01424	0.16374	0.23158	0.08552	0.38438	0.01675	0.00357	0.00407	0.01058	0.02021	0.00413
55	0.00984	0.00675	0.00971	0.11434	0.03130	0.00663	0.02072	0.01216	0.01362	0.09516	0.35246	0.21588	0.06683	0.01136	0.00640	0.00188	0.00384	0.01013	0.00528	0.00571
56	0.01481	0.80869	0.02902	0.00948	0.01421	0.02191	0.00948	0.01658	0.01125	0.01303	0.00770	0.00888	0.00711	0.00474	0.00355	0.00118	0.00592	0.00296	0.00237	0.00711
57	0.00805	0.00537	0.00604	0.00604	0.00604	0.00537	0.00336	0.00805	0.00805	0.01074	0.01745	0.03624	0.02013	0.80536	0.02819	0.00537	0.00537	0.00805	0.00336	0.00336
58	0.00674	0.00484	0.00640	0.00766	0.00802	0.00450	0.00512	0.00772	0.01066	0.01416	0.03120	0.78195	0.05599	0.01726	0.00706	0.00224	0.00320	0.01564	0.00514	0.00450
59	0.00742	0.00502	0.00653	0.00750	0.00788	0.00473	0.00494	0.00826	0.01034	0.03308	0.02825	0.66166	0.03346	0.14065	0.01034	0.00272	0.00359	0.01428	0.00490	0.00445
60	0.01148	0.00984	0.01148	0.00820	0.01312	0.00738	0.00656	0.01395	0.01148	0.01805	0.00984	0.01148	0.00820	0.00410	0.00410	0.00082	0.00410	0.00328	0.00328	0.83922
61	0.01417	0.01210	0.01275	0.01135	0.01455	0.01396	0.00886	0.06907	0.72051	0.02381	0.02203	0.02026	0.01650	0.00747	0.00563	0.00187	0.00448	0.00619	0.00563	0.00880
62	0.00976	0.00632	0.00778	0.00714	0.00901	0.00570	0.00550	0.02800	0.01501	0.10683	0.45079	0.04200	0.24230	0.01155	0.00643	0.00179	0.00305	0.02949	0.00588	0.00565
63	0.00818	0.00601	0.00669	0.00652	0.00839	0.00527	0.00497	0.01020	0.03182	0.06378	0.16170	0.08311	0.52670	0.01320	0.00653	0.00189	0.00305	0.04144	0.00541	0.00517
64	0.84448	0.01071	0.00814	0.00728	0.01071	0.01242	0.00600	0.01628	0.00943	0.02485	0.00771	0.00900	0.00600	0.00514	0.00343	0.00171	0.00428	0.00300	0.00343	0.00600
65	0.06243	0.00551	0.00535	0.00529	0.00672	0.00562	0.00400	0.01312	0.01148	0.02091	0.01742	0.01992	0.01368	0.00637	0.00384	0.00132	0.00269	0.00503	0.78409	0.00521
66	0.00700	0.00503	0.00666	0.00772	0.00825	0.00470	0.00535	0.00825	0.01137	0.01524	0.11693	0.65238	0.05588	0.01645	0.00703	0.00220	0.00324	0.05647	0.00525	0.00462
67	0.01148	0.00984	0.01148	0.00820	0.01312	0.00738	0.00656	0.01395	0.01148	0.01805	0.00984	0.01148	0.00820	0.00410	0.00410	0.00082	0.00410	0.00328	0.00328	0.83922
68	0.00892	0.00637	0.00892	0.01020	0.01147	0.00637	0.00892	0.01147	0.01275	0.01657	0.02932	0.06247	0.03187	0.01530	0.00765	0.00255	0.00510	0.73354	0.00510	0.00510
69	0.00655	0.00561	0.00561	0.00561	0.00748	0.00468	0.00421	0.00795	0.01262	0.01496	0.05610	0.05330	0.76857	0.01403	0.00655	0.00187	0.00281	0.01169	0.00514	0.00468
70	0.00672	0.00492	0.00633	0.00745	0.00796	0.00452	0.00503	0.00774	0.01085	0.01424	0.03369	0.70901	0.12732	0.01694	0.00700	0.00220	0.00316	0.01524	0.00514	0.00452
71	0.01307	0.01494	0.03268	0.02334	0.02894	0.01401	0.75070	0.01774	0.01307	0.01774	0.01120	0.01494	0.00840	0.00467	0.00654	0.00187	0.00934	0.00654	0.00280	0.00747
72	0.02069	0.02640	0.01569	0.01427	0.01712	0.78313	0.01070	0.02212	0.01569	0.01355	0.00856	0.00999	0.00713	0.00571	0.00499	0.00143	0.00999	0.00357	0.00285	0.00642
73	0.01411	0.01082	0.01187	0.01055	0.01356	0.01206	0.00823	0.02665	0.58589	0.09939	0.12174	0.02324	0.02129	0.00795	0.00575	0.00184	0.00418	0.00669	0.00582	0.00836
74	0.02105	0.01551	0.01662	0.01274	0.01717	0.01717	0.01053	0.75235	0.02604	0.03490	0.01330	0.01330	0.00942	0.00665	0.00554	0.00166	0.00609	0.00499	0.00554	0.00942
75	0.00669	0.00558	0.00583	0.00584	0.00759	0.00472	0.00435	0.00819	0.01285	0.01566	0.12731	0.08470	0.66390	0.01390	0.00657	0.00187	0.00280	0.01170	0.00524	0.00472
76	0.71617	0.00994	0.00799	0.00720	0.01032	0.01131	0.00586	0.01533	0.01031	0.02428	0.10785	0.01424	0.02961	0.00615	0.00390	0.00172	0.00403	0.00411	0.00381	0.00587
77	0.02105	0.01551	0.01662	0.01274	0.01717	0.01717	0.01053	0.75235	0.02604	0.03490	0.01330	0.01330	0.00942	0.00665	0.00554	0.00166	0.00609	0.00499	0.00554	0.00942
78	0.00683	0.00485	0.00640	0.00761	0.00791	0.00455	0.00503	0.00773	0.01044	0.01393	0.02971	0.75393	0.03560	0.06658	0.00839	0.00244	0.00335	0.01526	0.00503	0.00443
79	0.02416	0.00958	0.01283	0.00994	0.01415	0.00849	0.00818	0.02714	0.06239	0.72771	0.02189	0.01896	0.01391	0.00690	0.00557	0.00172	0.00469	0.00561	0.00678	0.00938
80	0.67942	0.03179	0.01011	0.00836	0.01193	0.04569	0.00689	0.11475	0.01195	0.02542	0.00849	0.00961	0.00653	0.00536	0.00378	0.00168	0.00481	0.00329	0.00366	0.00650
81	0.02252	0.00896	0.01222	0.00977	0.01362	0.00784	0.00810	0.02472	0.01553	0.66601	0.05396	0.02423	0.01718	0.00790	0.00582	0.00180	0.00466	0.07972	0.00664	0.00881
82	0.02485	0.00943	0.01285	0.00985	0.01414	0.00814	0.00814	0.02699	0.01585	0.77465	0.02185	0.01885	0.01371	0.00685	0.00557	0.00171	0.00471	0.00557	0.00685	0.00943
83	0.00818	0.00606	0.00768	0.00725	0.00869	0.00576	0.00548	0.01155	0.06203	0.02185	0.67608	0.04102	0.07973	0.01128	0.00650	0.00177	0.00278	0.02487	0.00601	0.00542
84	0.07251	0.01084	0.01442	0.01101	0.01535	0.01023	0.05479	0.14382	0.01695	0.56214	0.01895	0.01711	0.01222	0.00658	0.00550	0.00171	0.00520	0.00538	0.00618	0.00910
85	0.01889	0.01421	0.01527	0.01217	0.01612	0.01579	0.00988	0.57938	0.15360	0.03155	0.01599	0.06384	0.01243	0.00747	0.00565	0.00174	0.00562	0.00588	0.00553	0.00900

[dist]
# distance from previous block
# <min> <max>
0	5

[block]
# block no. 3 follows, 43 sequences, length 41
# corresponding to MSA columns:
# 288-328
name=unknown_D
#
# <colnr> <probs for GDERKNQSTAVLIFYWHMCP>
#	G	D	E	R	K	N	Q	S	T	A	V	L	I	F	Y	W	H	M	C	P
0	0.09537	0.01441	0.01618	0.01447	0.10158	0.01579	0.01067	0.54205	0.05490	0.06015	0.01320	0.01349	0.00953	0.00636	0.00535	0.00168	0.00586	0.00488	0.00509	0.00900
1	0.01478	0.03681	0.09302	0.02108	0.21128	0.10598	0.22402	0.03875	0.01321	0.06518	0.01090	0.01344	0.00849	0.00557	0.00648	0.01482	0.04830	0.00503	0.00308	0.05981
2	0.01401	0.01276	0.02125	0.03135	0.68928	0.01276	0.01597	0.01770	0.04255	0.05087	0.01252	0.01518	0.02797	0.00534	0.00552	0.00166	0.00632	0.00518	0.00309	0.00870
3	0.01975	0.01514	0.01588	0.01230	0.01664	0.04108	0.01007	0.61860	0.07041	0.03200	0.01342	0.01349	0.00971	0.00645	0.00540	0.00159	0.00594	0.00487	0.00526	0.08199
4	0.06613	0.01431	0.02359	0.11232	0.11620	0.07951	0.33885	0.04691	0.01292	0.01784	0.03157	0.01437	0.00924	0.00569	0.00707	0.00183	0.08598	0.00554	0.00297	0.00717
5	0.00735	0.00552	0.00676	0.00691	0.00813	0.00501	0.00509	0.00920	0.01338	0.01786	0.35329	0.19489	0.24370	0.04271	0.00751	0.00206	0.00304	0.05726	0.00548	0.00486
6	0.00953	0.00575	0.00820	0.04358	0.00958	0.00604	0.00587	0.04546	0.00909	0.01224	0.01385	0.13250	0.01438	0.04642	0.12368	0.49429	0.00617	0.00668	0.00307	0.00362
7	0.11418	0.01497	0.01566	0.01213	0.01644	0.01664	0.01001	0.66910	0.02416	0.03377	0.01267	0.01281	0.00903	0.00648	0.00530	0.00167	0.00589	0.00476	0.00530	0.00903
8	0.00831	0.00620	0.00902	0.00890	0.00996	0.00717	0.00689	0.03186	0.00938	0.01343	0.01489	0.02207	0.01396	0.07001	0.73114	0.00855	0.01421	0.00599	0.00306	0.00502
9	0.00712	0.00535	0.00649	0.00689	0.00792	0.00486	0.00490	0.00861	0.01232	0.01618	0.21461	0.31686	0.25488	0.06993	0.00828	0.00224	0.00317	0.03946	0.00525	0.00467
10	0.00786	0.00529	0.00610	0.00629	0.00634	0.00524	0.00362	0.00800	0.00843	0.01124	0.01940	0.15016	0.02259	0.68809	0.02505	0.00490	0.00505	0.00920	0.00362	0.00353
11	0.01148	0.00984	0.01148	0.00820	0.01312	0.00738	0.00656	0.01395	0.01148	0.01805	0.00984	0.01148	0.00820	0.00410	0.00410	0.00082	0.00410	0.00328	0.00328	0.83922
12	0.01031	0.00615	0.00792	0.00791	0.00941	0.00563	0.00588	0.02652	0.01311	0.14064	0.16902	0.37163	0.13012	0.01374	0.00666	0.00203	0.00347	0.05865	0.00560	0.00560
13	0.00684	0.00508	0.00635	0.00717	0.00790	0.00463	0.00492	0.00804	0.01147	0.01505	0.10955	0.55705	0.18702	0.03230	0.00734	0.00219	0.00311	0.01418	0.00520	0.00458
14	0.84448	0.01071	0.00814	0.00728	0.01071	0.01242	0.00600	0.01628	0.00943	0.02485	0.00771	0.00900	0.00600	0.00514	0.00343	0.00171	0.00428	0.00300	0.00343	0.00600
15	0.00666	0.00562	0.00577	0.00573	0.00755	0.00473	0.00430	0.00818	0.01290	0.01562	0.12076	0.05222	0.70350	0.01378	0.00654	0.00186	0.00279	0.01154	0.00523	0.00473
16	0.09874	0.00676	0.00785	0.00777	0.00932	0.00670	0.00580	0.06558	0.01354	0.04088	0.24564	0.31070	0.10655	0.01277	0.00633	0.00196	0.00344	0.03892	0.00531	0.00542
17	0.02146	0.01486	0.01622	0.01243	0.01685	0.01620	0.01027	0.67433	0.02494	0.11447	0.01422	0.01389	0.00988	0.00667	0.00554	0.00167	0.00595	0.00505	0.00568	0.00942
18	0.02105	0.01551	0.01662	0.01274	0.01717	0.01717	0.01053	0.75235	0.02604	0.03490	0.01330	0.01330	0.00942	0.00665	0.00554	0.00166	0.00609	0.00499	0.00554	0.00942
19	0.00695	0.00562	0.00612	0.00600	0.00765	0.00485	0.00446	0.00864	0.01332	0.01683	0.25079	0.04950	0.54859	0.03747	0.00720	0.00194	0.00283	0.01112	0.00535	0.00479
20	0.00692	0.00494	0.00661	0.00785	0.00826	0.00464	0.00538	0.00803	0.01089	0.01454	0.05298	0.73178	0.03681	0.01704	0.00709	0.00225	0.00331	0.06094	0.00517	0.00456
21	0.00655	0.00561	0.00561	0.00561	0.00748	0.00468	0.00421	0.00795	0.01262	0.01496	0.05610	0.05330	0.76857	0.01403	0.00655	0.00187	0.00281	0.01169	0.00514	0.00468
22	0.02014	0.01506	0.01611	0.01256	0.01683	0.01675	0.01031	0.66141	0.11846	0.03343	0.01446	0.01422	0.01036	0.00676	0.00555	0.00169	0.00588	0.00515	0.00555	0.00934
23	0.00752	0.00498	0.00673	0.00769	0.00800	0.00477	0.00524	0.00795	0.00998	0.01328	0.02577	0.54698	0.03026	0.07982	0.01132	0.14782	0.00381	0.06949	0.00452	0.00409
24	0.01067	0.01006	0.01700	0.74230	0.08623	0.01236	0.01549	0.01434	0.01118	0.01441	0.00988	0.01470	0.00747	0.00550	0.00553	0.00183	0.00733	0.00492	0.00248	0.00632
25	0.00677	0.00562	0.00593	0.00585	0.00762	0.00477	0.00439	0.00839	0.01316	0.01624	0.18129	0.05120	0.64258	0.01355	0.00654	0.00185	0.00277	0.01139	0.00531	0.00477
26	0.01352	0.01297	0.02214	0.07747	0.72880	0.01311	0.01690	0.01683	0.01252	0.01787	0.01038	0.01377	0.00869	0.00497	0.00549	0.00166	0.00663	0.00493	0.00273	0.00862
27	0.01403	0.01367	0.02275	0.04929	0.59902	0.03360	0.09715	0.04594	0.03623	0.01864	0.01093	0.01397	0.00893	0.00509	0.00559	0.00168	0.00691	0.00512	0.00294	0.00853
28	0.00791	0.00593	0.00890	0.00890	0.00989	0.00692	0.00692	0.00989	0.00890	0.01286	0.01483	0.02176	0.01385	0.04154	0.78341	0.00890	0.01483	0.00593	0.00297	0.00494
29	0.02122	0.01479	0.01612	0.01241	0.01679	0.01617	0.01023	0.65792	0.04683	0.10896	0.01443	0.01407	0.01007	0.00669	0.00555	0.00167	0.00590	0.00508	0.00568	0.00940
30	0.01865	0.01389	0.01596	0.01503	0.12038	0.03513	0.01072	0.36961	0.20527	0.11276	0.01604	0.01572	0.01161	0.00662	0.00554	0.00171	0.00568	0.00532	0.00525	0.00909
31	0.19954	0.25513	0.08555	0.01077	0.01518	0.05690	0.06109	0.03751	0.01272	0.14923	0.05883	0.01353	0.01100	0.00575	0.00455	0.00155	0.00581	0.00430	0.00375	0.00729
32	0.00764	0.05677	0.00789	0.00707	0.02253	0.01895	0.00522	0.00909	0.01227	0.01494	0.06909	0.15840	0.51278	0.03595	0.00704	0.00199	0.00341	0.03920	0.00486	0.00491
33	0.01768	0.01188	0.01359	0.01158	0.03037	0.01273	0.00910	0.31218	0.20090	0.16271	0.04657	0.08427	0.01669	0.00825	0.00581	0.00181	0.00503	0.03462	0.00571	0.00852
34	0.00912	0.00917	0.11618	0.00847	0.01081	0.00657	0.00750	0.01203	0.03324	0.05971	0.32845	0.14223	0.13406	0.06165	0.00776	0.00209	0.00394	0.03624	0.00513	0.00567
35	0.08191	0.07609	0.07703	0.01000	0.01426	0.03095	0.00885	0.06222	0.08519	0.27639	0.07608	0.01752	0.02504	0.00649	0.00508	0.00155	0.00497	0.00512	0.00494	0.13031
36	0.03182	0.09405	0.37040	0.01413	0.03927	0.02850	0.03844	0.17007	0.03936	0.05955	0.03132	0.01396	0.00980	0.02841	0.00587	0.00178	0.00696	0.00465	0.00353	0.00812
37	0.06796	0.03610	0.18217	0.01296	0.03679	0.04832	0.03111	0.28207	0.09767	0.02461	0.03791	0.01618	0.05106	0.00658	0.00533	0.00167	0.00615	0.00516	0.00427	0.04594
38	0.01458	0.15173	0.01671	0.01147	0.03751	0.01325	0.04746	0.23883	0.01630	0.04508	0.09492	0.08980	0.01672	0.03366	0.00657	0.00172	0.03479	0.01935	0.00435	0.10521
39	0.01429	0.06390	0.07957	0.01276	0.08285	0.03091	0.01007	0.17993	0.12784	0.02236	0.06501	0.01535	0.01269	0.00593	0.00503	0.00142	0.00531	0.00478	0.00413	0.25587
40	0.07834	0.07122	0.06939	0.01138	0.01545	0.09760	0.00983	0.31654	0.08290	0.05348	0.05313	0.01541	0.02590	0.00655	0.00513	0.00159	0.00588	0.00493	0.03090	0.04445

[dist]
# distance from previous block
# <min> <max>
3	44

# created by:
# /st0/software/busco_prod/Augustus/scripts/msa2prfl.pl ./align_prep/157529.fa
