[name]
unknown

[dist]
# distance from previous block
# <min> <max>
8	134

[block]
# block no. 0 follows, 42 sequences, length 25
# corresponding to MSA columns:
# 152-176
name=unknown_A
#
# <colnr> <probs for GDERKNQSTAVLIFYWHMCP>
#	G	D	E	R	K	N	Q	S	T	A	V	L	I	F	Y	W	H	M	C	P
0	0.04848	0.27518	0.06882	0.01358	0.06247	0.27858	0.03924	0.01939	0.03547	0.05375	0.01219	0.01324	0.04550	0.00587	0.00477	0.00148	0.00743	0.00423	0.00313	0.00718
1	0.01535	0.04876	0.05110	0.03496	0.01518	0.00983	0.00859	0.08326	0.01382	0.17835	0.01355	0.04384	0.01058	0.00579	0.00517	0.00130	0.02456	0.00459	0.00424	0.42719
2	0.01198	0.14781	0.44940	0.03722	0.05570	0.05158	0.01612	0.01652	0.01194	0.01648	0.02783	0.09095	0.01125	0.00674	0.00559	0.00174	0.02547	0.00535	0.00280	0.00753
3	0.01736	0.05066	0.05949	0.01039	0.01393	0.04608	0.00896	0.09898	0.05352	0.29988	0.12981	0.05637	0.03829	0.00885	0.00595	0.00182	0.00508	0.08110	0.00565	0.00782
4	0.03103	0.13081	0.21449	0.01641	0.16066	0.01299	0.04317	0.01748	0.11436	0.01837	0.09111	0.09433	0.01660	0.00734	0.00551	0.00175	0.00602	0.00633	0.00364	0.00759
5	0.01180	0.06526	0.61371	0.01699	0.02470	0.01372	0.14045	0.01781	0.01209	0.01763	0.01020	0.01229	0.00737	0.00522	0.00548	0.00177	0.00840	0.00451	0.00246	0.00814
6	0.01222	0.01110	0.01780	0.59428	0.14937	0.01313	0.01539	0.08832	0.01302	0.01711	0.01044	0.01469	0.00793	0.00564	0.00562	0.00183	0.00724	0.00501	0.00286	0.00700
7	0.01366	0.01285	0.01972	0.14508	0.49725	0.04428	0.01516	0.05315	0.04823	0.01825	0.01201	0.04836	0.01030	0.00632	0.00612	0.02598	0.00662	0.00549	0.00312	0.00806
8	0.01112	0.01051	0.01777	0.67612	0.14749	0.01263	0.01587	0.01481	0.01149	0.01498	0.01009	0.01484	0.00771	0.00554	0.00562	0.00185	0.00738	0.00500	0.00254	0.00665
9	0.00697	0.00505	0.00684	0.03112	0.00907	0.00481	0.00553	0.00803	0.01079	0.01437	0.03039	0.77519	0.03633	0.01727	0.00714	0.00227	0.00339	0.01567	0.00514	0.00462
10	0.01306	0.01249	0.02128	0.23244	0.57599	0.01314	0.01684	0.01651	0.01240	0.01733	0.01043	0.01421	0.00854	0.00517	0.00559	0.00172	0.00690	0.00501	0.00271	0.00822
11	0.01594	0.01642	0.09376	0.08576	0.25512	0.10400	0.01398	0.16526	0.10993	0.04009	0.01260	0.01426	0.00967	0.00608	0.00595	0.00173	0.03232	0.00496	0.00377	0.00841
12	0.00690	0.00493	0.00657	0.00780	0.00817	0.00460	0.00523	0.00796	0.01100	0.01472	0.06280	0.76576	0.03791	0.01737	0.00716	0.00226	0.00324	0.01575	0.00527	0.00460
13	0.02505	0.00989	0.01326	0.01016	0.01452	0.00874	0.00840	0.06422	0.01664	0.73348	0.02176	0.01887	0.01371	0.00695	0.00566	0.00174	0.00486	0.00563	0.00690	0.00958
14	0.00773	0.00573	0.00704	0.05470	0.00923	0.00563	0.00503	0.00877	0.01056	0.01380	0.09183	0.18422	0.18458	0.33027	0.05332	0.00373	0.00484	0.01033	0.00431	0.00433
15	0.01955	0.06305	0.01715	0.04959	0.03982	0.01645	0.01071	0.55466	0.04402	0.05976	0.01356	0.01406	0.00986	0.00721	0.01871	0.00180	0.02026	0.00501	0.02576	0.00899
16	0.01629	0.01842	0.01777	0.17098	0.21086	0.36319	0.03682	0.01885	0.01389	0.01564	0.01011	0.01288	0.00820	0.00558	0.00529	0.00160	0.00827	0.00444	0.05386	0.00703
17	0.21661	0.01779	0.01812	0.01818	0.16718	0.28735	0.12146	0.01888	0.01301	0.01810	0.00920	0.01153	0.00750	0.00555	0.00571	0.00168	0.04785	0.00428	0.00299	0.00704
18	0.00702	0.00530	0.00655	0.00747	0.00836	0.00482	0.00534	0.00830	0.01160	0.01487	0.03855	0.50350	0.25106	0.01642	0.00709	0.00220	0.00334	0.08830	0.00522	0.00469
19	0.00703	0.00503	0.00669	0.00771	0.00820	0.00469	0.00524	0.00828	0.01160	0.01568	0.14871	0.67710	0.03977	0.01665	0.00710	0.00220	0.00317	0.01506	0.00538	0.00469
20	0.01929	0.01400	0.01714	0.07498	0.01919	0.01519	0.07280	0.49685	0.05242	0.09416	0.01444	0.01497	0.01027	0.00654	0.00563	0.00171	0.00619	0.00531	0.05003	0.00888
21	0.01219	0.16866	0.29820	0.21757	0.02615	0.01495	0.09869	0.01714	0.04226	0.01619	0.01024	0.01292	0.00782	0.00547	0.00562	0.00173	0.02959	0.00455	0.00261	0.00745
22	0.11728	0.01524	0.01398	0.01299	0.06107	0.18384	0.00962	0.12203	0.21614	0.09222	0.03461	0.01664	0.03375	0.00697	0.00585	0.00175	0.03833	0.00522	0.00461	0.00787
23	0.03363	0.02646	0.05084	0.01184	0.08969	0.00911	0.02554	0.03022	0.01245	0.06242	0.03190	0.01319	0.00986	0.00478	0.00458	0.00111	0.00482	0.00397	0.00354	0.57004
24	0.02047	0.01083	0.01316	0.01019	0.01431	0.01028	0.00833	0.21912	0.01823	0.39404	0.07397	0.02022	0.05327	0.00729	0.00560	0.00163	0.00485	0.00588	0.00605	0.10226

[dist]
# distance from previous block
# <min> <max>
2	5

[block]
# block no. 1 follows, 42 sequences, length 20
# corresponding to MSA columns:
# 182-201
name=unknown_B
#
# <colnr> <probs for GDERKNQSTAVLIFYWHMCP>
#	G	D	E	R	K	N	Q	S	T	A	V	L	I	F	Y	W	H	M	C	P
0	0.01767	0.01386	0.10193	0.01179	0.01588	0.03691	0.04070	0.24085	0.06224	0.20892	0.11090	0.03801	0.01739	0.04851	0.00699	0.00195	0.00570	0.00626	0.00533	0.00823
1	0.01605	0.01044	0.01278	0.00980	0.01394	0.00947	0.02153	0.12137	0.04480	0.20024	0.03524	0.03346	0.01252	0.02133	0.02240	0.00160	0.02248	0.00501	0.02378	0.36174
2	0.00686	0.00490	0.00653	0.00784	0.00816	0.00457	0.00522	0.00784	0.01077	0.01437	0.03102	0.79855	0.03722	0.01763	0.00718	0.00229	0.00326	0.01600	0.00522	0.00457
3	0.05417	0.01528	0.10470	0.08544	0.09688	0.09438	0.01169	0.14913	0.04082	0.14471	0.05048	0.01534	0.01163	0.00615	0.00534	0.00162	0.00628	0.00491	0.00427	0.09680
4	0.01135	0.00965	0.01132	0.00827	0.01296	0.00731	0.00656	0.01380	0.01178	0.01832	0.03611	0.04440	0.01100	0.00496	0.00437	0.00092	0.00408	0.00407	0.00351	0.77524
5	0.02037	0.01534	0.01698	0.01425	0.06604	0.01694	0.01100	0.64900	0.07822	0.03350	0.01400	0.01408	0.01008	0.00671	0.00563	0.00170	0.00610	0.00516	0.00545	0.00948
6	0.04698	0.03300	0.01890	0.02457	0.45922	0.06704	0.01348	0.06481	0.03244	0.03499	0.01178	0.01438	0.02284	0.00635	0.00639	0.05591	0.00631	0.00483	0.00323	0.07253
7	0.07033	0.01077	0.01426	0.01177	0.01530	0.01107	0.09482	0.04178	0.27753	0.24000	0.05405	0.07325	0.01780	0.00805	0.00588	0.00189	0.00505	0.03264	0.00557	0.00820
8	0.00773	0.00570	0.00722	0.00693	0.00828	0.00520	0.00516	0.01013	0.01524	0.02114	0.62949	0.08276	0.14971	0.01220	0.00667	0.00181	0.00271	0.01071	0.00601	0.00520
9	0.01201	0.00745	0.00931	0.04710	0.01177	0.00717	0.00673	0.05301	0.06042	0.16325	0.18394	0.19005	0.18771	0.01176	0.00643	0.00192	0.00382	0.02413	0.00568	0.00635
10	0.01327	0.01270	0.02166	0.18466	0.62214	0.01320	0.01694	0.01670	0.01250	0.01759	0.01047	0.01414	0.00863	0.00514	0.00558	0.00171	0.00685	0.00501	0.00273	0.00838
11	0.01075	0.00979	0.01321	0.01193	0.01246	0.03241	0.03550	0.01220	0.00999	0.01481	0.01586	0.24727	0.01711	0.01150	0.01266	0.00223	0.41763	0.00828	0.09880	0.00564
12	0.01319	0.09370	0.02260	0.05656	0.01997	0.05470	0.20564	0.01555	0.01063	0.01475	0.00869	0.01277	0.00767	0.00758	0.01252	0.00211	0.42700	0.00512	0.00258	0.00666
13	0.84197	0.01088	0.00827	0.00740	0.01088	0.01262	0.00609	0.01654	0.00958	0.02525	0.00784	0.00914	0.00609	0.00522	0.00348	0.00174	0.00435	0.00305	0.00348	0.00609
14	0.01342	0.01164	0.01865	0.29089	0.36732	0.01264	0.01491	0.01821	0.09504	0.06440	0.01265	0.01557	0.00978	0.00567	0.00558	0.00176	0.00651	0.00520	0.02221	0.00795
15	0.01505	0.80561	0.02949	0.00963	0.01444	0.02227	0.00963	0.01685	0.01143	0.01324	0.00782	0.00903	0.00722	0.00481	0.00361	0.00120	0.00602	0.00301	0.00241	0.00722
16	0.00685	0.00568	0.00599	0.00597	0.00774	0.00482	0.00446	0.00843	0.01320	0.01623	0.15741	0.07899	0.63688	0.01398	0.00667	0.00190	0.00284	0.01178	0.00536	0.00482
17	0.00776	0.00561	0.00697	0.00719	0.00835	0.00522	0.00526	0.00999	0.02849	0.01867	0.34355	0.26870	0.15374	0.01352	0.00665	0.00195	0.00300	0.04076	0.05954	0.00507
18	0.01239	0.01180	0.02006	0.38623	0.42746	0.01297	0.01651	0.01592	0.01209	0.01652	0.01031	0.01443	0.00826	0.00530	0.00560	0.00177	0.00707	0.00501	0.00265	0.00767
19	0.01299	0.01237	0.02086	0.22841	0.54943	0.01292	0.01643	0.01640	0.01237	0.01735	0.01041	0.01412	0.00853	0.00514	0.00553	0.00169	0.00680	0.00495	0.00273	0.04058

[dist]
# distance from previous block
# <min> <max>
0	1

[block]
# block no. 2 follows, 42 sequences, length 19
# corresponding to MSA columns:
# 203-221
name=unknown_C
#
# <colnr> <probs for GDERKNQSTAVLIFYWHMCP>
#	G	D	E	R	K	N	Q	S	T	A	V	L	I	F	Y	W	H	M	C	P
0	0.35609	0.01345	0.01461	0.01150	0.01562	0.01486	0.07835	0.36121	0.01793	0.02927	0.01111	0.01207	0.00817	0.00593	0.00480	0.00172	0.00566	0.00439	0.02538	0.00785
1	0.01329	0.01463	0.02709	0.09346	0.02664	0.05540	0.48991	0.01772	0.04296	0.01717	0.01105	0.01464	0.00858	0.00557	0.00769	0.00189	0.09982	0.00597	0.00291	0.04360
2	0.01094	0.01032	0.01744	0.71727	0.10774	0.01259	0.01578	0.01465	0.01140	0.01476	0.01006	0.01490	0.00764	0.00557	0.00562	0.00186	0.00742	0.00500	0.00253	0.00650
3	0.01440	0.01417	0.05492	0.05830	0.63789	0.01371	0.01674	0.08643	0.01401	0.01984	0.01082	0.01384	0.00885	0.00522	0.00557	0.00169	0.00674	0.00498	0.00303	0.00886
4	0.04929	0.02080	0.01499	0.01298	0.01628	0.44875	0.01005	0.19813	0.05801	0.05353	0.01174	0.01252	0.00901	0.00620	0.00515	0.00155	0.00802	0.00428	0.05127	0.00744
5	0.01128	0.01067	0.01806	0.63908	0.18326	0.01268	0.01595	0.01495	0.01156	0.01517	0.01012	0.01479	0.00778	0.00550	0.00562	0.00183	0.00734	0.00500	0.00256	0.00678
6	0.00814	0.00563	0.00700	0.00700	0.00729	0.00592	0.00448	0.00874	0.00844	0.01155	0.01695	0.03247	0.01857	0.57745	0.25084	0.00652	0.00830	0.00755	0.00329	0.00389
7	0.00686	0.00490	0.00653	0.00784	0.00816	0.00457	0.00522	0.00784	0.01077	0.01437	0.03102	0.79855	0.03722	0.01763	0.00718	0.00229	0.00326	0.01600	0.00522	0.00457
8	0.00813	0.00543	0.00616	0.00621	0.00623	0.00542	0.00349	0.00817	0.00830	0.01106	0.01832	0.07043	0.02120	0.76761	0.02770	0.00532	0.00536	0.00853	0.00349	0.00346
9	0.02172	0.01523	0.01656	0.01270	0.01719	0.01667	0.01049	0.68677	0.02558	0.09830	0.01425	0.01399	0.00994	0.00677	0.00563	0.00169	0.00607	0.00512	0.00574	0.00957
10	0.00805	0.00540	0.00618	0.00630	0.00634	0.00537	0.00359	0.00815	0.00844	0.01125	0.01903	0.11151	0.02210	0.72530	0.02654	0.00515	0.00524	0.00895	0.00359	0.00352
11	0.01258	0.01054	0.01216	0.00877	0.01372	0.00844	0.00705	0.08328	0.01306	0.01995	0.01033	0.01184	0.00845	0.00441	0.00431	0.00091	0.00436	0.00350	0.00355	0.75878
12	0.84197	0.01088	0.00827	0.00740	0.01088	0.01262	0.00609	0.01654	0.00958	0.02525	0.00784	0.00914	0.00609	0.00522	0.00348	0.00174	0.00435	0.00305	0.00348	0.00609
13	0.00723	0.00535	0.00712	0.00815	0.00845	0.00533	0.00555	0.00818	0.01053	0.01416	0.02907	0.71926	0.03476	0.05268	0.00880	0.00244	0.04834	0.01501	0.00498	0.00461
14	0.00698	0.00512	0.00646	0.00737	0.00800	0.00470	0.00500	0.00811	0.01138	0.01499	0.09331	0.58715	0.14979	0.05363	0.00807	0.00233	0.00326	0.01453	0.00522	0.00460
15	0.07146	0.00990	0.01294	0.00998	0.01429	0.00889	0.00825	0.05621	0.01616	0.69868	0.02103	0.01836	0.01331	0.00686	0.00553	0.00174	0.00482	0.00549	0.00671	0.00938
16	0.01167	0.01000	0.01167	0.00834	0.01334	0.00750	0.00667	0.01417	0.01167	0.01834	0.01000	0.01167	0.00834	0.00417	0.00417	0.00083	0.00417	0.00333	0.00333	0.83663
17	0.00977	0.00642	0.00841	0.00839	0.02774	0.00577	0.02109	0.01166	0.01353	0.11126	0.22105	0.22828	0.24632	0.01312	0.00668	0.00197	0.00348	0.04386	0.00558	0.00563
18	0.05588	0.01283	0.01469	0.01132	0.01572	0.01318	0.00932	0.38696	0.04351	0.30642	0.01659	0.01555	0.01121	0.00665	0.00547	0.00167	0.00543	0.00514	0.00591	0.05657

[dist]
# distance from previous block
# <min> <max>
0	4

[block]
# block no. 3 follows, 42 sequences, length 46
# corresponding to MSA columns:
# 226-271
name=unknown_D
#
# <colnr> <probs for GDERKNQSTAVLIFYWHMCP>
#	G	D	E	R	K	N	Q	S	T	A	V	L	I	F	Y	W	H	M	C	P
0	0.75380	0.01090	0.00889	0.00776	0.01134	0.01239	0.00639	0.03637	0.01055	0.08664	0.00916	0.01008	0.00683	0.00541	0.00372	0.00174	0.00444	0.00331	0.00382	0.00647
1	0.75405	0.01074	0.00879	0.00768	0.01126	0.01216	0.00633	0.01771	0.01028	0.10553	0.00938	0.01022	0.00694	0.00541	0.00372	0.00174	0.00440	0.00333	0.00386	0.00647
2	0.01315	0.01243	0.02034	0.21116	0.51313	0.01323	0.01598	0.01794	0.09255	0.01799	0.01177	0.01494	0.00947	0.00544	0.00560	0.00175	0.00664	0.00516	0.00303	0.00828
3	0.00705	0.00567	0.00608	0.00603	0.00759	0.00492	0.00438	0.00851	0.01279	0.01596	0.17202	0.06618	0.54570	0.10148	0.00911	0.00228	0.00312	0.01127	0.00519	0.00469
4	0.84197	0.01088	0.00827	0.00740	0.01088	0.01262	0.00609	0.01654	0.00958	0.02525	0.00784	0.00914	0.00609	0.00522	0.00348	0.00174	0.00435	0.00305	0.00348	0.00609
5	0.01235	0.26920	0.51765	0.01376	0.02077	0.01567	0.01683	0.01729	0.01187	0.01655	0.03380	0.01197	0.00865	0.00538	0.00485	0.00160	0.00742	0.00400	0.00251	0.00788
6	0.00686	0.00490	0.00653	0.00784	0.00816	0.00457	0.00522	0.00784	0.01077	0.01437	0.03102	0.79855	0.03722	0.01763	0.00718	0.00229	0.00326	0.01600	0.00522	0.00457
7	0.01720	0.09772	0.01957	0.02178	0.36606	0.01342	0.01284	0.06322	0.10982	0.19982	0.01482	0.01554	0.01103	0.00590	0.00540	0.00167	0.00584	0.00513	0.00429	0.00893
8	0.04999	0.46336	0.02447	0.09532	0.01816	0.12125	0.05125	0.01708	0.01178	0.01424	0.00833	0.01048	0.00730	0.00552	0.00559	0.00149	0.08125	0.00369	0.00256	0.00690
9	0.00686	0.00490	0.00653	0.00784	0.00816	0.00457	0.00522	0.00784	0.01077	0.01437	0.03102	0.79855	0.03722	0.01763	0.00718	0.00229	0.00326	0.01600	0.00522	0.00457
10	0.56495	0.09976	0.01221	0.00862	0.01246	0.01390	0.00729	0.11215	0.01260	0.09746	0.00996	0.01066	0.00743	0.00554	0.00399	0.00167	0.00482	0.00356	0.00398	0.00701
11	0.01633	0.01325	0.01404	0.01193	0.01552	0.01509	0.00947	0.25692	0.52613	0.02731	0.01994	0.01863	0.01477	0.00736	0.00570	0.00184	0.00500	0.00595	0.00570	0.00912
12	0.03391	0.01256	0.02124	0.14957	0.59062	0.01297	0.03165	0.01660	0.01251	0.01787	0.01119	0.01592	0.00953	0.00552	0.00564	0.00175	0.00675	0.03311	0.00285	0.00826
13	0.02076	0.02583	0.01626	0.01521	0.04650	0.71765	0.01111	0.05298	0.01627	0.01487	0.00898	0.01044	0.00741	0.00581	0.00512	0.00147	0.00985	0.00374	0.00301	0.00675
14	0.01167	0.01000	0.01167	0.00834	0.01334	0.00750	0.00667	0.01417	0.01167	0.01834	0.01000	0.01167	0.00834	0.00417	0.00417	0.00083	0.00417	0.00333	0.00333	0.83663
15	0.00723	0.00570	0.00652	0.00636	0.00797	0.00499	0.00475	0.00918	0.01412	0.01838	0.36370	0.06933	0.43545	0.01315	0.00666	0.00185	0.00278	0.01125	0.00565	0.00499
16	0.00686	0.00490	0.00653	0.00784	0.00816	0.00457	0.00522	0.00784	0.01077	0.01437	0.03102	0.79855	0.03722	0.01763	0.00718	0.00229	0.00326	0.01600	0.00522	0.00457
17	0.00804	0.00603	0.00904	0.00904	0.01005	0.00703	0.00703	0.01005	0.00904	0.01306	0.01507	0.02211	0.01407	0.04221	0.77992	0.00904	0.01507	0.00603	0.00301	0.00502
18	0.00690	0.00501	0.00652	0.00763	0.00813	0.00463	0.00515	0.00801	0.01122	0.01489	0.07408	0.69797	0.09504	0.01702	0.00711	0.00223	0.00320	0.01535	0.00528	0.00463
19	0.01456	0.46857	0.20334	0.01212	0.01714	0.10118	0.01264	0.01740	0.01178	0.01441	0.00842	0.01011	0.00722	0.00548	0.00547	0.00148	0.07538	0.00351	0.00246	0.00731
20	0.00818	0.00546	0.00614	0.00614	0.00614	0.00546	0.00341	0.00818	0.00818	0.01091	0.01773	0.03683	0.02046	0.80222	0.02864	0.00546	0.00546	0.00818	0.00341	0.00341
21	0.01173	0.01020	0.01250	0.00893	0.01396	0.00776	0.03514	0.01432	0.01173	0.01833	0.01006	0.01180	0.00834	0.00419	0.00426	0.00087	0.00437	0.00346	0.00332	0.80472
22	0.01323	0.01502	0.03231	0.02322	0.02859	0.01440	0.70558	0.01778	0.01302	0.01778	0.01116	0.01502	0.00847	0.00503	0.00730	0.00193	0.05328	0.00655	0.00282	0.00751
23	0.84197	0.01088	0.00827	0.00740	0.01088	0.01262	0.00609	0.01654	0.00958	0.02525	0.00784	0.00914	0.00609	0.00522	0.00348	0.00174	0.00435	0.00305	0.00348	0.00609
24	0.01142	0.02903	0.02102	0.57754	0.05605	0.01314	0.18098	0.01534	0.01176	0.01529	0.01028	0.01488	0.00777	0.00539	0.00581	0.00186	0.00790	0.00533	0.00258	0.00665
25	0.00870	0.00622	0.00863	0.00982	0.01098	0.00615	0.00832	0.01108	0.01285	0.01688	0.07682	0.16029	0.03435	0.01557	0.00762	0.00250	0.00476	0.58809	0.00525	0.00511
26	0.01393	0.01337	0.02284	0.03454	0.76712	0.01337	0.01727	0.01727	0.01281	0.01839	0.01059	0.01393	0.00891	0.00501	0.00557	0.00167	0.00669	0.00501	0.00279	0.00891
27	0.00698	0.00498	0.00662	0.00788	0.00824	0.00467	0.00532	0.00799	0.01078	0.01436	0.03058	0.74749	0.03654	0.04075	0.00784	0.00239	0.00340	0.04345	0.00517	0.00456
28	0.00807	0.00541	0.00617	0.00629	0.00631	0.00538	0.00357	0.00815	0.00841	0.01121	0.01889	0.10327	0.02192	0.73378	0.02677	0.00518	0.00526	0.00887	0.00357	0.00351
29	0.84197	0.01088	0.00827	0.00740	0.01088	0.01262	0.00609	0.01654	0.00958	0.02525	0.00784	0.00914	0.00609	0.00522	0.00348	0.00174	0.00435	0.00305	0.00348	0.00609
30	0.01431	0.01224	0.01290	0.01152	0.01475	0.01414	0.00898	0.06030	0.72605	0.02405	0.02251	0.02068	0.01686	0.00760	0.00572	0.00190	0.00453	0.00631	0.00572	0.00894
31	0.00806	0.00735	0.00857	0.00796	0.00939	0.00786	0.00628	0.00944	0.01178	0.01479	0.04466	0.04374	0.57625	0.01316	0.00959	0.00204	0.19931	0.01015	0.00454	0.00510
32	0.00822	0.00576	0.00753	0.00733	0.00862	0.00531	0.00549	0.01061	0.01507	0.03795	0.60487	0.13994	0.06885	0.01242	0.00673	0.00187	0.00289	0.03924	0.00602	0.00529
33	0.00805	0.00598	0.00878	0.00878	0.00970	0.00689	0.00671	0.00988	0.00897	0.01287	0.01531	0.02343	0.01464	0.11021	0.71270	0.00872	0.01421	0.00622	0.00305	0.00488
34	0.01167	0.01000	0.01167	0.00834	0.01334	0.00750	0.00667	0.01417	0.01167	0.01834	0.01000	0.01167	0.00834	0.00417	0.00417	0.00083	0.00417	0.00333	0.00333	0.83663
35	0.01322	0.01384	0.07186	0.06004	0.62490	0.01286	0.01648	0.01706	0.03470	0.01817	0.01346	0.01626	0.05073	0.00565	0.00562	0.00171	0.00655	0.00538	0.00297	0.00854
36	0.02102	0.02682	0.01595	0.01450	0.01740	0.77963	0.01087	0.02247	0.01595	0.01377	0.00870	0.01015	0.00725	0.00580	0.00507	0.00145	0.01015	0.00362	0.00290	0.00652
37	0.05741	0.01148	0.01895	0.42517	0.34714	0.01288	0.01581	0.01573	0.01183	0.01668	0.01013	0.01423	0.00803	0.00534	0.00549	0.00178	0.00698	0.00490	0.00268	0.00738
38	0.00804	0.00603	0.00904	0.00904	0.01005	0.00703	0.00703	0.01005	0.00904	0.01306	0.01507	0.02211	0.01407	0.04221	0.77992	0.00904	0.01507	0.00603	0.00301	0.00502
39	0.00685	0.00494	0.00648	0.00772	0.00813	0.00458	0.00517	0.00785	0.01089	0.01441	0.03245	0.75744	0.07741	0.01744	0.00715	0.00226	0.00324	0.01577	0.00522	0.00458
40	0.01454	0.01236	0.01303	0.01156	0.01484	0.01425	0.00904	0.08269	0.70328	0.02442	0.02221	0.02045	0.01662	0.00757	0.00572	0.00189	0.00458	0.00627	0.00572	0.00896
41	0.00727	0.00519	0.00700	0.00831	0.00881	0.00492	0.00594	0.00855	0.01118	0.01483	0.03079	0.66214	0.03632	0.01724	0.00729	0.00234	0.00362	0.14836	0.00522	0.00468
42	0.01335	0.01510	0.02942	0.02159	0.02628	0.05645	0.59520	0.01737	0.01281	0.01715	0.01157	0.04569	0.00948	0.00588	0.00789	0.00195	0.09600	0.00666	0.00290	0.00725
43	0.00834	0.00572	0.00678	0.00695	0.00733	0.00561	0.00448	0.00887	0.00918	0.01227	0.02018	0.09232	0.02298	0.60614	0.02329	0.00466	0.00522	0.11518	0.00379	0.03072
44	0.01731	0.01306	0.01428	0.01136	0.01530	0.01397	0.00919	0.41583	0.16858	0.04647	0.09861	0.01807	0.01587	0.00714	0.00558	0.00164	0.00517	0.00569	0.00546	0.11140
45	0.01136	0.01069	0.01781	0.59029	0.18678	0.01240	0.01546	0.01496	0.01160	0.01542	0.01012	0.01460	0.00784	0.00542	0.00553	0.00178	0.00715	0.00491	0.00261	0.05327

[dist]
# distance from previous block
# <min> <max>
0	2

[block]
# block no. 4 follows, 42 sequences, length 12
# corresponding to MSA columns:
# 274-285
name=unknown_E
#
# <colnr> <probs for GDERKNQSTAVLIFYWHMCP>
#	G	D	E	R	K	N	Q	S	T	A	V	L	I	F	Y	W	H	M	C	P
0	0.12591	0.01303	0.02087	0.03087	0.66485	0.01327	0.01576	0.01717	0.01238	0.01931	0.01021	0.01328	0.00853	0.00504	0.00529	0.00168	0.00637	0.00475	0.00288	0.00853
1	0.21313	0.07821	0.01526	0.01228	0.01566	0.44442	0.00964	0.11624	0.01551	0.01928	0.00907	0.01027	0.00728	0.00572	0.00467	0.00153	0.00797	0.00363	0.00336	0.00688
2	0.00860	0.00592	0.00754	0.00703	0.00858	0.00537	0.00531	0.01106	0.01552	0.05668	0.63372	0.04260	0.14751	0.01166	0.00659	0.00179	0.00278	0.01020	0.00610	0.00543
3	0.01011	0.00674	0.00878	0.00890	0.01042	0.00659	0.00703	0.03894	0.05186	0.07435	0.25791	0.21334	0.03699	0.01340	0.00695	0.00214	0.00394	0.23017	0.00568	0.00575
4	0.01049	0.00525	0.00525	0.00525	0.00656	0.00525	0.00393	0.01311	0.01180	0.02098	0.01836	0.02098	0.01442	0.00656	0.00393	0.00131	0.00262	0.00525	0.83346	0.00525
5	0.01182	0.14004	0.66684	0.01512	0.02294	0.01438	0.01920	0.01768	0.01182	0.01717	0.00977	0.01147	0.00714	0.00527	0.00510	0.00170	0.00799	0.00399	0.00238	0.00816
6	0.01505	0.80561	0.02949	0.00963	0.01444	0.02227	0.00963	0.01685	0.01143	0.01324	0.00782	0.00903	0.00722	0.00481	0.00361	0.00120	0.00602	0.00301	0.00241	0.00722
7	0.00974	0.00757	0.00941	0.00896	0.01042	0.02974	0.00692	0.07211	0.03325	0.01743	0.14575	0.07435	0.05960	0.02662	0.39798	0.00547	0.02752	0.00745	0.04408	0.00560
8	0.00809	0.00542	0.00616	0.00625	0.00628	0.00540	0.00353	0.00816	0.00836	0.01115	0.01863	0.08860	0.02160	0.74889	0.02718	0.00524	0.00531	0.00872	0.00353	0.00349
9	0.01353	0.49192	0.32988	0.01222	0.01845	0.01855	0.01414	0.01724	0.01162	0.01509	0.00874	0.01018	0.00718	0.00503	0.00431	0.00144	0.00695	0.00347	0.00239	0.00766
10	0.02054	0.02069	0.01606	0.01355	0.01717	0.37985	0.01062	0.33689	0.08858	0.02405	0.01208	0.01260	0.00916	0.00638	0.00537	0.00160	0.00792	0.00450	0.00434	0.00806
11	0.00842	0.00601	0.00832	0.00962	0.01063	0.00592	0.00794	0.01053	0.01231	0.01611	0.03016	0.28020	0.03381	0.01616	0.00760	0.00250	0.00462	0.51896	0.00519	0.00500

[dist]
# distance from previous block
# <min> <max>
0	1

[block]
# block no. 5 follows, 42 sequences, length 30
# corresponding to MSA columns:
# 287-316
name=unknown_F
#
# <colnr> <probs for GDERKNQSTAVLIFYWHMCP>
#	G	D	E	R	K	N	Q	S	T	A	V	L	I	F	Y	W	H	M	C	P
0	0.00690	0.00571	0.00605	0.00596	0.00775	0.00486	0.00447	0.00856	0.01342	0.01660	0.19124	0.05186	0.62973	0.01373	0.00665	0.00188	0.00281	0.01155	0.00541	0.00486
1	0.00783	0.00575	0.00733	0.00694	0.00832	0.00525	0.00520	0.01036	0.01561	0.02181	0.69116	0.04329	0.12657	0.01179	0.00664	0.00178	0.00268	0.01035	0.00609	0.00525
2	0.00818	0.00546	0.00614	0.00614	0.00614	0.00546	0.00341	0.00818	0.00818	0.01091	0.01773	0.03683	0.02046	0.80222	0.02864	0.00546	0.00546	0.00818	0.00341	0.00341
3	0.02076	0.01504	0.01631	0.01245	0.01699	0.01627	0.01027	0.65943	0.02484	0.06422	0.01358	0.01359	0.00965	0.00655	0.00551	0.00162	0.00597	0.00495	0.00550	0.07646
4	0.01382	0.44660	0.33377	0.01251	0.01866	0.05790	0.01427	0.01754	0.01185	0.01515	0.00880	0.01026	0.00719	0.00508	0.00440	0.00145	0.00718	0.00351	0.00242	0.00763
5	0.05256	0.01051	0.01345	0.01034	0.01469	0.00974	0.00854	0.13035	0.01737	0.64018	0.02047	0.01800	0.01304	0.00688	0.00558	0.00173	0.00497	0.00549	0.00666	0.00946
6	0.00977	0.00506	0.00753	0.02545	0.00812	0.00515	0.00517	0.00780	0.00765	0.01041	0.01028	0.01737	0.01004	0.01946	0.04532	0.75858	0.00519	0.00494	0.03402	0.00272
7	0.00978	0.00489	0.00733	0.00733	0.00733	0.00489	0.00489	0.00733	0.00733	0.00978	0.00978	0.01711	0.00978	0.01955	0.02199	0.83627	0.00489	0.00489	0.00244	0.00244
8	0.00685	0.00571	0.00597	0.00591	0.00772	0.00483	0.00443	0.00845	0.01329	0.01630	0.16197	0.05236	0.65920	0.01384	0.00665	0.00188	0.00282	0.01162	0.00537	0.00483
9	0.84197	0.01088	0.00827	0.00740	0.01088	0.01262	0.00609	0.01654	0.00958	0.02525	0.00784	0.00914	0.00609	0.00522	0.00348	0.00174	0.00435	0.00305	0.00348	0.00609
10	0.01364	0.01259	0.01733	0.16220	0.23108	0.03032	0.04281	0.03858	0.34758	0.02022	0.01607	0.01727	0.01233	0.00635	0.00569	0.00182	0.00601	0.00566	0.00412	0.00833
11	0.01372	0.01372	0.04100	0.05927	0.68624	0.01338	0.05525	0.01722	0.01276	0.01822	0.01060	0.01398	0.00880	0.00503	0.00562	0.00169	0.00690	0.00508	0.00277	0.00874
12	0.01338	0.31000	0.46357	0.01340	0.02024	0.01616	0.01609	0.01797	0.01194	0.05535	0.00990	0.01122	0.00752	0.00524	0.00473	0.00157	0.00730	0.00382	0.00263	0.00799
13	0.01216	0.10055	0.65105	0.01554	0.02330	0.01382	0.04691	0.01805	0.01203	0.04159	0.01032	0.01197	0.00741	0.00533	0.00524	0.00173	0.00803	0.00419	0.00254	0.00823
14	0.02102	0.02682	0.01595	0.01450	0.01740	0.77963	0.01087	0.02247	0.01595	0.01377	0.00870	0.01015	0.00725	0.00580	0.00507	0.00145	0.01015	0.00362	0.00290	0.00652
15	0.01167	0.01000	0.01167	0.00834	0.01334	0.00750	0.00667	0.01417	0.01167	0.01834	0.01000	0.01167	0.00834	0.00417	0.00417	0.00083	0.00417	0.00333	0.00333	0.83663
16	0.01208	0.16650	0.59489	0.01537	0.02290	0.01478	0.06373	0.01766	0.01189	0.01702	0.00977	0.01158	0.00723	0.00521	0.00512	0.00169	0.00798	0.00411	0.00241	0.00808
17	0.01129	0.02911	0.77306	0.01604	0.02436	0.01307	0.02079	0.01782	0.01188	0.01782	0.01010	0.01188	0.00713	0.00535	0.00535	0.00178	0.00832	0.00416	0.00238	0.00832
18	0.01590	0.00865	0.01036	0.00939	0.01183	0.04670	0.00715	0.01880	0.07869	0.32857	0.05752	0.31422	0.02440	0.01210	0.02619	0.00214	0.00463	0.00973	0.00586	0.00717
19	0.01199	0.01197	0.02226	0.41208	0.17537	0.01297	0.21830	0.01591	0.01213	0.01633	0.01071	0.01500	0.00823	0.00529	0.00585	0.00183	0.00777	0.00546	0.02344	0.00711
20	0.00686	0.00490	0.00653	0.00784	0.00816	0.00457	0.00522	0.00784	0.01077	0.01437	0.03102	0.79855	0.03722	0.01763	0.00718	0.00229	0.00326	0.01600	0.00522	0.00457
21	0.01409	0.37715	0.31032	0.01350	0.05684	0.03259	0.01417	0.03646	0.01233	0.04286	0.00958	0.01095	0.00761	0.00515	0.00455	0.00147	0.00691	0.00372	0.00270	0.03705
22	0.00822	0.00553	0.00640	0.00646	0.00657	0.00557	0.00383	0.00843	0.00844	0.01128	0.01816	0.03738	0.02072	0.73204	0.06154	0.00549	0.00588	0.04103	0.00347	0.00356
23	0.01167	0.01000	0.01167	0.00834	0.01334	0.00750	0.00667	0.01417	0.01167	0.01834	0.01000	0.01167	0.00834	0.00417	0.00417	0.00083	0.00417	0.00333	0.00333	0.83663
24	0.01407	0.01469	0.06721	0.02992	0.60639	0.05233	0.01620	0.04314	0.02899	0.01864	0.01176	0.04959	0.01021	0.00577	0.00561	0.00170	0.00674	0.00542	0.00304	0.00858
25	0.05522	0.13423	0.49624	0.01458	0.02124	0.08809	0.04649	0.01776	0.01203	0.01699	0.00979	0.01173	0.00744	0.00680	0.03677	0.00197	0.00830	0.00407	0.00253	0.00771
26	0.00724	0.00515	0.00668	0.00776	0.00817	0.00487	0.00528	0.00824	0.01067	0.01413	0.02986	0.60002	0.05782	0.12856	0.01026	0.00275	0.00374	0.07938	0.00496	0.00447
27	0.01608	0.03289	0.04249	0.01452	0.01817	0.23027	0.17160	0.12511	0.07274	0.04403	0.02871	0.03251	0.03085	0.04010	0.05928	0.00234	0.00823	0.00573	0.01713	0.00721
28	0.01328	0.07766	0.29160	0.01535	0.03930	0.11894	0.13489	0.01764	0.02643	0.04160	0.08480	0.03746	0.01424	0.00672	0.00568	0.00174	0.00748	0.03984	0.00334	0.02201
29	0.32592	0.10431	0.06370	0.05652	0.01646	0.01251	0.12282	0.01643	0.01182	0.07554	0.06829	0.01744	0.07393	0.00647	0.00488	0.00173	0.00556	0.00523	0.00373	0.00670

[dist]
# distance from previous block
# <min> <max>
0	32

[block]
# block no. 6 follows, 42 sequences, length 12
# corresponding to MSA columns:
# 349-360
name=unknown_G
#
# <colnr> <probs for GDERKNQSTAVLIFYWHMCP>
#	G	D	E	R	K	N	Q	S	T	A	V	L	I	F	Y	W	H	M	C	P
0	0.01504	0.03067	0.04705	0.01558	0.08424	0.05945	0.11235	0.08704	0.03247	0.11038	0.04247	0.03354	0.01237	0.05411	0.01030	0.00213	0.20534	0.00581	0.03239	0.00729
1	0.04368	0.02945	0.10634	0.01182	0.03128	0.01056	0.05211	0.06351	0.15261	0.20303	0.06937	0.11020	0.04691	0.00871	0.00592	0.00187	0.00520	0.03446	0.00517	0.00781
2	0.06139	0.34198	0.38212	0.01241	0.01862	0.01633	0.01450	0.01694	0.01180	0.01667	0.05250	0.01230	0.00976	0.00548	0.00461	0.00154	0.00682	0.00397	0.00267	0.00757
3	0.01006	0.00648	0.00811	0.00774	0.00894	0.00697	0.00574	0.06256	0.01113	0.03685	0.03778	0.02492	0.01634	0.19480	0.33133	0.00547	0.00871	0.00635	0.20454	0.00518
4	0.01546	0.75226	0.02856	0.00996	0.01465	0.07415	0.00971	0.01724	0.01174	0.01328	0.00788	0.00910	0.00722	0.00488	0.00371	0.00122	0.00630	0.00305	0.00244	0.00717
5	0.00818	0.00546	0.00614	0.00614	0.00614	0.00546	0.00341	0.00818	0.00818	0.01091	0.01773	0.03683	0.02046	0.80222	0.02864	0.00546	0.00546	0.00818	0.00341	0.00341
6	0.01436	0.01512	0.04484	0.07678	0.52849	0.09489	0.06295	0.01844	0.05594	0.01790	0.01110	0.01402	0.00905	0.00528	0.00559	0.00169	0.00721	0.00502	0.00294	0.00839
7	0.78325	0.01079	0.00862	0.00759	0.01113	0.01231	0.00625	0.01733	0.01005	0.07887	0.00887	0.00986	0.00666	0.00535	0.00364	0.00174	0.00438	0.00324	0.00373	0.00635
8	0.84197	0.01088	0.00827	0.00740	0.01088	0.01262	0.00609	0.01654	0.00958	0.02525	0.00784	0.00914	0.00609	0.00522	0.00348	0.00174	0.00435	0.00305	0.00348	0.00609
9	0.02359	0.00921	0.01253	0.00973	0.01379	0.00799	0.00799	0.02581	0.01609	0.69908	0.09352	0.02135	0.01770	0.00740	0.00575	0.00174	0.00458	0.00609	0.00689	0.00917
10	0.84197	0.01088	0.00827	0.00740	0.01088	0.01262	0.00609	0.01654	0.00958	0.02525	0.00784	0.00914	0.00609	0.00522	0.00348	0.00174	0.00435	0.00305	0.00348	0.00609
11	0.08639	0.01250	0.07250	0.06658	0.01654	0.06252	0.00976	0.07341	0.01552	0.41989	0.07143	0.01932	0.01487	0.00707	0.00554	0.00176	0.00555	0.02500	0.00553	0.00832

[dist]
# distance from previous block
# <min> <max>
12	40

[block]
# block no. 7 follows, 42 sequences, length 12
# corresponding to MSA columns:
# 401-412
name=unknown_H
#
# <colnr> <probs for GDERKNQSTAVLIFYWHMCP>
#	G	D	E	R	K	N	Q	S	T	A	V	L	I	F	Y	W	H	M	C	P
0	0.03654	0.06856	0.47581	0.01540	0.07027	0.01325	0.01657	0.05264	0.05164	0.06055	0.03272	0.03718	0.01041	0.00623	0.00571	0.00177	0.02849	0.00490	0.00321	0.00814
1	0.01195	0.02742	0.18220	0.04861	0.05965	0.01097	0.07666	0.03772	0.10432	0.01836	0.01399	0.01675	0.03474	0.05936	0.02292	0.00191	0.00624	0.00505	0.00342	0.25775
2	0.08253	0.05989	0.14196	0.03102	0.05094	0.05136	0.05518	0.06224	0.01268	0.01801	0.05216	0.13968	0.08971	0.02354	0.01906	0.00202	0.06603	0.00724	0.00372	0.03104
3	0.01885	0.01352	0.01467	0.01165	0.01558	0.01466	0.00948	0.53013	0.08542	0.08040	0.02014	0.05434	0.08915	0.00811	0.00582	0.00176	0.00548	0.00641	0.00567	0.00879
4	0.01274	0.00984	0.01152	0.00866	0.01302	0.00805	0.00682	0.05556	0.03688	0.06896	0.01299	0.05703	0.01128	0.04699	0.00584	0.00130	0.00435	0.00463	0.00389	0.61965
5	0.03805	0.19631	0.18169	0.01996	0.28581	0.05393	0.01433	0.03729	0.01304	0.01793	0.08020	0.01466	0.01213	0.00574	0.00509	0.00159	0.00660	0.00473	0.00304	0.00788
6	0.05693	0.03443	0.01207	0.01016	0.01242	0.05857	0.00798	0.03097	0.18572	0.11460	0.13742	0.05191	0.05716	0.06774	0.00929	0.00215	0.12062	0.00692	0.00484	0.01810
7	0.01259	0.11265	0.45730	0.01716	0.10652	0.03625	0.06407	0.01753	0.01210	0.03287	0.01041	0.01256	0.00793	0.00689	0.04039	0.00200	0.00809	0.00436	0.00263	0.03570
8	0.01162	0.00904	0.01137	0.01023	0.01207	0.02320	0.04851	0.17132	0.01481	0.02009	0.09713	0.24730	0.02542	0.10388	0.00971	0.00242	0.04591	0.08382	0.03188	0.02024
9	0.08327	0.13229	0.41601	0.01324	0.01918	0.03128	0.01507	0.01844	0.06157	0.05995	0.04644	0.01366	0.01028	0.00605	0.00577	0.00173	0.05037	0.00445	0.00315	0.00778
10	0.04946	0.36081	0.15192	0.01100	0.01571	0.06118	0.01101	0.07323	0.01343	0.07469	0.04953	0.01517	0.05644	0.00634	0.00505	0.00152	0.02812	0.00455	0.00343	0.00741
11	0.01413	0.36511	0.19977	0.01129	0.01619	0.06617	0.01165	0.02931	0.05037	0.05763	0.07509	0.04215	0.02644	0.00647	0.00480	0.00153	0.00626	0.00488	0.00337	0.00739

[dist]
# distance from previous block
# <min> <max>
9	23

[block]
# block no. 8 follows, 42 sequences, length 12
# corresponding to MSA columns:
# 436-447
name=unknown_I
#
# <colnr> <probs for GDERKNQSTAVLIFYWHMCP>
#	G	D	E	R	K	N	Q	S	T	A	V	L	I	F	Y	W	H	M	C	P
0	0.03854	0.01163	0.08263	0.01365	0.12103	0.02833	0.01023	0.08835	0.09371	0.05585	0.16032	0.03225	0.09462	0.00956	0.00619	0.00191	0.00509	0.13418	0.00485	0.00708
1	0.03996	0.02065	0.38921	0.01758	0.09077	0.01280	0.14104	0.07845	0.01345	0.04098	0.01323	0.01659	0.03031	0.00725	0.03075	0.00205	0.00789	0.03588	0.00315	0.00798
2	0.03256	0.04119	0.04414	0.01034	0.03034	0.01001	0.00817	0.06125	0.20504	0.13082	0.12002	0.18927	0.02356	0.00962	0.00590	0.00183	0.00437	0.00826	0.00532	0.05800
3	0.06461	0.01074	0.01164	0.01039	0.01348	0.01176	0.00814	0.02473	0.49405	0.07003	0.06889	0.05534	0.01940	0.00819	0.00567	0.00184	0.00431	0.03840	0.00546	0.07293
4	0.01294	0.01103	0.01367	0.00987	0.01485	0.00913	0.05421	0.10281	0.01355	0.02038	0.01051	0.01211	0.00850	0.00452	0.00450	0.00100	0.00475	0.00375	0.00358	0.68434
5	0.01108	0.00840	0.00971	0.00860	0.01079	0.00860	0.00666	0.15270	0.10844	0.02409	0.43142	0.05720	0.11850	0.01061	0.00635	0.00180	0.00359	0.00909	0.00590	0.00648
6	0.01063	0.01000	0.01688	0.78870	0.03876	0.01250	0.01563	0.01438	0.01125	0.01438	0.01000	0.01500	0.00750	0.00563	0.00563	0.00188	0.00750	0.00500	0.00250	0.00625
7	0.01304	0.01362	0.02500	0.10006	0.05378	0.01517	0.36218	0.04681	0.01203	0.01687	0.00994	0.01407	0.00810	0.00666	0.01046	0.00207	0.27446	0.00576	0.00279	0.00710
8	0.02139	0.01576	0.01689	0.01295	0.01745	0.01745	0.01070	0.74835	0.02646	0.03547	0.01351	0.01351	0.00957	0.00676	0.00563	0.00169	0.00619	0.00507	0.00563	0.00957
9	0.09970	0.01234	0.07754	0.01177	0.01634	0.01066	0.07586	0.04390	0.11794	0.44614	0.01871	0.01734	0.01247	0.00655	0.00552	0.00178	0.00545	0.00545	0.00567	0.00887
10	0.01063	0.01000	0.01688	0.78870	0.03876	0.01250	0.01563	0.01438	0.01125	0.01438	0.01000	0.01500	0.00750	0.00563	0.00563	0.00188	0.00750	0.00500	0.00250	0.00625
11	0.01642	0.01444	0.01317	0.01163	0.01484	0.16189	0.00903	0.05855	0.45579	0.09943	0.04204	0.02016	0.04249	0.00752	0.00565	0.00179	0.00556	0.00601	0.00530	0.00829

[dist]
# distance from previous block
# <min> <max>
6	14

[block]
# block no. 9 follows, 42 sequences, length 9
# corresponding to MSA columns:
# 465-473
name=unknown_J
#
# <colnr> <probs for GDERKNQSTAVLIFYWHMCP>
#	G	D	E	R	K	N	Q	S	T	A	V	L	I	F	Y	W	H	M	C	P
0	0.00814	0.00564	0.00707	0.00707	0.00739	0.00596	0.00457	0.00878	0.00846	0.01160	0.01688	0.03213	0.01842	0.55956	0.26852	0.00660	0.00853	0.00750	0.00328	0.00393
1	0.07489	0.01019	0.01269	0.01008	0.01409	0.00972	0.00823	0.07159	0.11088	0.54681	0.05549	0.01946	0.01540	0.00714	0.00557	0.00176	0.00471	0.00576	0.00646	0.00907
2	0.01189	0.10939	0.61947	0.01486	0.02213	0.04840	0.01834	0.01740	0.01196	0.01697	0.01091	0.05357	0.00875	0.00597	0.00525	0.00173	0.00789	0.00465	0.00256	0.00792
3	0.01523	0.00955	0.01126	0.00967	0.01259	0.00952	0.00762	0.18121	0.08525	0.18198	0.06346	0.15213	0.08973	0.04047	0.00697	0.00199	0.00455	0.05353	0.00560	0.05770
4	0.01965	0.01397	0.01518	0.01190	0.01576	0.01525	0.00961	0.60721	0.02344	0.06848	0.01505	0.04621	0.01198	0.09014	0.00809	0.00211	0.00593	0.00584	0.00545	0.00874
5	0.08648	0.01392	0.01498	0.01154	0.01587	0.01485	0.00946	0.52669	0.02205	0.08945	0.01345	0.01408	0.00981	0.02983	0.00597	0.00171	0.00568	0.00484	0.00523	0.10410
6	0.40720	0.08385	0.24256	0.01150	0.04447	0.01340	0.01146	0.04391	0.01157	0.03959	0.03818	0.01180	0.00873	0.00556	0.00439	0.00170	0.00580	0.00387	0.00329	0.00715
7	0.09583	0.54876	0.07807	0.01110	0.03739	0.09449	0.01038	0.01778	0.01192	0.03846	0.00860	0.00981	0.00737	0.00506	0.00399	0.00135	0.00641	0.00330	0.00271	0.00724
8	0.01713	0.47631	0.06377	0.01138	0.01606	0.11547	0.01063	0.19452	0.01566	0.01892	0.00943	0.01040	0.00779	0.00544	0.00437	0.00138	0.00670	0.00364	0.00325	0.00776

[dist]
# distance from previous block
# <min> <max>
0	1

[block]
# block no. 10 follows, 42 sequences, length 7
# corresponding to MSA columns:
# 475-481
name=unknown_K
#
# <colnr> <probs for GDERKNQSTAVLIFYWHMCP>
#	G	D	E	R	K	N	Q	S	T	A	V	L	I	F	Y	W	H	M	C	P
0	0.09648	0.06734	0.03804	0.04443	0.01321	0.01046	0.00784	0.11751	0.06953	0.10720	0.20827	0.02722	0.11411	0.04617	0.00674	0.00192	0.00451	0.00711	0.00507	0.00686
1	0.08961	0.24864	0.26637	0.04602	0.06103	0.05156	0.01370	0.07600	0.04429	0.03931	0.01033	0.01168	0.00799	0.00545	0.00473	0.00159	0.00682	0.00399	0.00306	0.00782
2	0.01819	0.09412	0.01681	0.01353	0.07155	0.12894	0.01022	0.38040	0.06157	0.02596	0.01375	0.05079	0.01106	0.00684	0.00529	0.00161	0.00628	0.00525	0.06961	0.00822
3	0.05938	0.36437	0.17789	0.01084	0.01569	0.05604	0.01113	0.06065	0.01322	0.04270	0.08066	0.01602	0.05748	0.00637	0.00469	0.00151	0.00610	0.00468	0.00335	0.00725
4	0.12613	0.09708	0.01396	0.00997	0.01374	0.07063	0.00817	0.09987	0.12538	0.19315	0.06348	0.01813	0.04918	0.00687	0.00509	0.00161	0.00509	0.00528	0.00492	0.08228
5	0.10233	0.19335	0.31116	0.01259	0.01813	0.12510	0.01351	0.01871	0.01240	0.08951	0.01056	0.01190	0.00804	0.00718	0.04138	0.00194	0.00764	0.00395	0.00305	0.00755
6	0.01279	0.05949	0.01312	0.01035	0.01324	0.01136	0.04200	0.16751	0.19529	0.02207	0.09684	0.12734	0.10206	0.03509	0.00673	0.00194	0.00468	0.03124	0.00510	0.04177

[dist]
# distance from previous block
# <min> <max>
25	91

[block]
# block no. 11 follows, 42 sequences, length 30
# corresponding to MSA columns:
# 580-609
name=unknown_L
#
# <colnr> <probs for GDERKNQSTAVLIFYWHMCP>
#	G	D	E	R	K	N	Q	S	T	A	V	L	I	F	Y	W	H	M	C	P
0	0.01868	0.01339	0.01728	0.02842	0.09646	0.01395	0.07420	0.39424	0.03547	0.13496	0.01615	0.04103	0.03278	0.02002	0.00612	0.00178	0.00604	0.00584	0.00509	0.03810
1	0.03030	0.03721	0.04099	0.04368	0.34369	0.01169	0.01247	0.06672	0.06359	0.11952	0.08864	0.08548	0.01675	0.00732	0.00573	0.00176	0.00557	0.00652	0.00425	0.00811
2	0.12083	0.05653	0.28933	0.04867	0.09275	0.01348	0.03787	0.10551	0.02807	0.12096	0.01199	0.01318	0.00863	0.00578	0.00545	0.00175	0.02283	0.00453	0.00364	0.00821
3	0.01670	0.09946	0.01726	0.04836	0.13048	0.14806	0.01085	0.21535	0.05259	0.04536	0.05556	0.01689	0.03799	0.00663	0.00535	0.00158	0.00641	0.01837	0.00415	0.06261
4	0.01793	0.04544	0.01455	0.01256	0.07773	0.01192	0.00925	0.27975	0.03239	0.21100	0.01959	0.14978	0.03957	0.00857	0.00578	0.00175	0.00515	0.00715	0.00540	0.04471
5	0.06153	0.01349	0.01640	0.08441	0.13151	0.06639	0.03986	0.24543	0.03971	0.02274	0.03539	0.03159	0.04341	0.03223	0.00770	0.00191	0.09194	0.00564	0.00404	0.02466
6	0.01863	0.01453	0.01508	0.03343	0.09326	0.12980	0.01028	0.22950	0.15340	0.15870	0.01818	0.01786	0.05356	0.00702	0.00559	0.00171	0.00606	0.00557	0.01934	0.00849
7	0.04898	0.06880	0.01883	0.06925	0.31436	0.14564	0.01290	0.09332	0.06874	0.01939	0.01108	0.01310	0.00893	0.00548	0.00517	0.00156	0.00676	0.00452	0.00334	0.07985
8	0.07321	0.09815	0.01994	0.22112	0.22852	0.01397	0.07822	0.01622	0.04061	0.01695	0.01099	0.03842	0.00930	0.00608	0.00644	0.00178	0.07516	0.00516	0.01881	0.02093
9	0.28734	0.01382	0.09188	0.04186	0.03945	0.04496	0.03581	0.12597	0.04410	0.14343	0.06846	0.01522	0.01218	0.00632	0.00499	0.00174	0.00561	0.00483	0.00442	0.00761
10	0.10848	0.01238	0.01428	0.05166	0.08384	0.01285	0.00957	0.30017	0.05454	0.02619	0.07711	0.01556	0.01289	0.00625	0.00515	0.00153	0.00525	0.00495	0.00452	0.19281
11	0.00792	0.00569	0.00729	0.00821	0.00884	0.00551	0.00562	0.06198	0.01192	0.01591	0.02974	0.74115	0.03520	0.01684	0.00707	0.00224	0.00348	0.01520	0.00525	0.00494
12	0.00925	0.00728	0.01026	0.06763	0.10052	0.00715	0.00762	0.03470	0.01547	0.02169	0.57885	0.03615	0.06095	0.01023	0.00641	0.00177	0.00360	0.00907	0.00548	0.00592
13	0.01328	0.01518	0.03321	0.02372	0.02941	0.01423	0.74668	0.01803	0.01328	0.01803	0.01139	0.01518	0.00854	0.00474	0.00664	0.00190	0.00949	0.00664	0.00285	0.00759
14	0.09411	0.01045	0.01290	0.01006	0.01431	0.00983	0.00826	0.09250	0.06523	0.54686	0.01952	0.01747	0.01275	0.00668	0.00539	0.00170	0.00482	0.00529	0.00625	0.05562
15	0.01447	0.01272	0.01296	0.01160	0.01482	0.04117	0.00903	0.05106	0.70898	0.02355	0.02212	0.02039	0.01660	0.00754	0.00570	0.00189	0.00471	0.00623	0.00562	0.00884
16	0.00710	0.00549	0.00650	0.00712	0.00818	0.00500	0.00500	0.00884	0.03583	0.01560	0.09662	0.44509	0.30202	0.01561	0.00690	0.00209	0.00311	0.01374	0.00532	0.00483
17	0.02035	0.01476	0.01596	0.01249	0.01671	0.01626	0.01022	0.62662	0.08866	0.06488	0.01538	0.04501	0.01149	0.00726	0.00570	0.00173	0.00587	0.00563	0.00568	0.00932
18	0.08832	0.01476	0.01350	0.01176	0.01517	0.13387	0.00922	0.13801	0.43787	0.05042	0.01791	0.01706	0.01338	0.00698	0.00541	0.00178	0.00561	0.00542	0.00512	0.00842
19	0.00748	0.00532	0.00712	0.00816	0.00867	0.00520	0.00581	0.00870	0.01069	0.01426	0.02789	0.52073	0.03247	0.11047	0.07668	0.00329	0.00486	0.13278	0.00482	0.00458
20	0.00801	0.00538	0.00619	0.00636	0.00640	0.00534	0.00364	0.00814	0.00852	0.01136	0.01945	0.13549	0.02263	0.70060	0.02586	0.00505	0.00517	0.00920	0.00364	0.00356
21	0.01426	0.04980	0.11997	0.02552	0.44798	0.05124	0.02993	0.09688	0.01414	0.01943	0.01214	0.07061	0.01066	0.00620	0.00558	0.00171	0.00679	0.00559	0.00321	0.00837
22	0.01382	0.01326	0.02265	0.05842	0.74405	0.01334	0.01722	0.01718	0.01276	0.01826	0.01057	0.01396	0.00887	0.00503	0.00557	0.00168	0.00671	0.00501	0.00278	0.00883
