[name]
unknown

[dist]
# distance from previous block
# <min> <max>
60	175

[block]
# block no. 0 follows, 45 sequences, length 51
# corresponding to MSA columns:
# 245-295
name=unknown_A
#
# <colnr> <probs for GDERKNQSTAVLIFYWHMCP>
#	G	D	E	R	K	N	Q	S	T	A	V	L	I	F	Y	W	H	M	C	P
0	0.02878	0.10844	0.01626	0.10541	0.14163	0.01216	0.04167	0.13647	0.05146	0.09896	0.06398	0.03295	0.03550	0.09430	0.00765	0.00201	0.00555	0.00574	0.00398	0.00709
1	0.08492	0.08724	0.16300	0.01093	0.01521	0.13549	0.01029	0.11456	0.03102	0.04764	0.09987	0.01490	0.01299	0.00701	0.02876	0.00167	0.00625	0.00453	0.00365	0.12007
2	0.05100	0.02578	0.00992	0.00871	0.01109	0.00773	0.00703	0.04482	0.05801	0.15138	0.15532	0.12308	0.05713	0.01029	0.00613	0.00183	0.01819	0.16021	0.00511	0.08723
3	0.01066	0.10291	0.01490	0.01176	0.03772	0.01047	0.10549	0.07219	0.01193	0.01592	0.01936	0.21958	0.04131	0.07397	0.00897	0.00221	0.08776	0.12624	0.00388	0.02279
4	0.01477	0.01023	0.01271	0.04249	0.01473	0.00890	0.02339	0.10016	0.01352	0.17204	0.01222	0.01298	0.00910	0.00497	0.00481	0.00116	0.02140	0.00398	0.00406	0.51238
5	0.01304	0.01250	0.02134	0.09350	0.71926	0.01269	0.01635	0.01626	0.01210	0.01723	0.01005	0.01337	0.00840	0.00483	0.00532	0.00161	0.00644	0.00478	0.00264	0.00830
6	0.00674	0.00536	0.00604	0.00606	0.00754	0.00467	0.00448	0.00839	0.01288	0.01648	0.26406	0.13669	0.47525	0.01320	0.00640	0.00182	0.00271	0.01131	0.00526	0.00467
7	0.01435	0.81458	0.02813	0.00918	0.01378	0.02124	0.00918	0.01607	0.01091	0.01263	0.00746	0.00861	0.00689	0.00459	0.00344	0.00115	0.00574	0.00287	0.00230	0.00689
8	0.01312	0.01286	0.02058	0.12626	0.62151	0.04581	0.01582	0.01619	0.01200	0.01668	0.00982	0.01319	0.00821	0.00508	0.00582	0.00164	0.04009	0.00472	0.00262	0.00798
9	0.05337	0.01299	0.01384	0.01097	0.01453	0.01431	0.00883	0.54611	0.07755	0.04637	0.01413	0.01619	0.01098	0.10058	0.00781	0.00204	0.00549	0.00521	0.03057	0.00813
10	0.84927	0.01038	0.00789	0.00706	0.01038	0.01204	0.00581	0.01578	0.00914	0.02408	0.00747	0.00872	0.00581	0.00498	0.00332	0.00166	0.00415	0.00291	0.00332	0.00581
11	0.01023	0.00963	0.01626	0.77650	0.05822	0.01195	0.01495	0.01379	0.01078	0.01382	0.00956	0.01428	0.00719	0.00535	0.00537	0.00178	0.00713	0.00477	0.00239	0.00604
12	0.00756	0.00510	0.00593	0.00617	0.00623	0.00504	0.00359	0.00774	0.00829	0.01106	0.01941	0.18717	0.02266	0.65501	0.02329	0.00461	0.00479	0.00927	0.00359	0.00347
13	0.04671	0.00677	0.00754	0.09863	0.01107	0.00729	0.00580	0.08816	0.01252	0.02084	0.01569	0.01815	0.01218	0.00612	0.00409	0.00137	0.00346	0.00487	0.62319	0.00557
14	0.01958	0.01463	0.01565	0.01218	0.01633	0.01626	0.01000	0.67442	0.11213	0.03250	0.01394	0.01372	0.00998	0.00654	0.00538	0.00164	0.00571	0.00498	0.00538	0.00905
15	0.01113	0.00954	0.01113	0.00795	0.01272	0.00716	0.00636	0.01352	0.01113	0.01749	0.00954	0.01113	0.00795	0.00398	0.00398	0.00080	0.00398	0.00318	0.00318	0.84417
16	0.01023	0.00963	0.01626	0.77678	0.05794	0.01195	0.01495	0.01379	0.01078	0.01382	0.00956	0.01428	0.00719	0.00535	0.00537	0.00178	0.00713	0.00477	0.00239	0.00603
17	0.02393	0.00938	0.01261	0.00967	0.01383	0.00826	0.00799	0.05705	0.01578	0.75010	0.02083	0.01804	0.01311	0.00664	0.00540	0.00166	0.00462	0.00537	0.00659	0.00913
18	0.02408	0.00914	0.01246	0.00955	0.01370	0.00789	0.00789	0.02616	0.01536	0.78158	0.02118	0.01827	0.01329	0.00664	0.00540	0.00166	0.00457	0.00540	0.00664	0.00914
19	0.01014	0.00954	0.01610	0.79845	0.03697	0.01193	0.01491	0.01371	0.01073	0.01371	0.00954	0.01431	0.00716	0.00537	0.00537	0.00179	0.00716	0.00477	0.00239	0.00596
20	0.01077	0.02777	0.78354	0.01530	0.02323	0.01247	0.01983	0.01700	0.01133	0.01700	0.00963	0.01133	0.00680	0.00510	0.00510	0.00170	0.00793	0.00397	0.00227	0.00793
21	0.00654	0.00467	0.00623	0.00747	0.00779	0.00436	0.00498	0.00747	0.01028	0.01370	0.02959	0.80785	0.03550	0.01682	0.00685	0.00218	0.00311	0.01526	0.00498	0.00436
22	0.02397	0.00932	0.01257	0.00964	0.01380	0.00817	0.00796	0.04975	0.01568	0.75755	0.02091	0.01810	0.01315	0.00664	0.00540	0.00166	0.00461	0.00538	0.00660	0.00914
23	0.00654	0.00467	0.00623	0.00747	0.00779	0.00436	0.00498	0.00747	0.01028	0.01370	0.02959	0.80785	0.03550	0.01682	0.00685	0.00218	0.00311	0.01526	0.00498	0.00436
24	0.01179	0.00858	0.01024	0.00971	0.01167	0.00898	0.00775	0.25634	0.01618	0.02162	0.08326	0.27261	0.02672	0.01237	0.00648	0.00204	0.00451	0.21784	0.00517	0.00615
25	0.00752	0.00621	0.00670	0.00648	0.00831	0.00576	0.00492	0.01085	0.10545	0.01706	0.20924	0.04539	0.50938	0.01226	0.00625	0.00180	0.00290	0.02315	0.00525	0.00514
26	0.01197	0.00733	0.00881	0.00797	0.01010	0.00697	0.00609	0.12109	0.01470	0.16162	0.15821	0.23634	0.20391	0.01165	0.00616	0.00183	0.00360	0.01003	0.00551	0.00611
27	0.00767	0.00575	0.00863	0.00863	0.00959	0.00671	0.00671	0.00959	0.00863	0.01246	0.01438	0.02109	0.01342	0.04026	0.79008	0.00863	0.01438	0.00575	0.00288	0.00479
28	0.07834	0.00922	0.01216	0.00939	0.01348	0.00816	0.00775	0.02548	0.01495	0.73178	0.02028	0.01764	0.01280	0.00653	0.00526	0.00166	0.00454	0.00523	0.00643	0.00892
29	0.02362	0.00988	0.01292	0.00991	0.01408	0.00900	0.00818	0.11927	0.01662	0.68670	0.02013	0.01759	0.01276	0.00662	0.00539	0.00165	0.00474	0.00533	0.00648	0.00913
30	0.00975	0.00503	0.00510	0.00510	0.00621	0.00503	0.00369	0.01196	0.01085	0.01889	0.01744	0.02178	0.01443	0.10041	0.00651	0.00171	0.00282	0.00533	0.74315	0.00480
31	0.00666	0.00477	0.00634	0.00739	0.00781	0.00444	0.00499	0.00778	0.01085	0.01462	0.11677	0.71806	0.03727	0.01613	0.00679	0.00212	0.00305	0.01461	0.00509	0.00444
32	0.01232	0.09514	0.58539	0.01482	0.02189	0.01379	0.05860	0.10382	0.01300	0.01859	0.00989	0.01145	0.00715	0.00518	0.00505	0.00165	0.00756	0.00410	0.00266	0.00794
33	0.84927	0.01038	0.00789	0.00706	0.01038	0.01204	0.00581	0.01578	0.00914	0.02408	0.00747	0.00872	0.00581	0.00498	0.00332	0.00166	0.00415	0.00291	0.00332	0.00581
34	0.01722	0.01196	0.01385	0.01109	0.01456	0.01278	0.03156	0.44324	0.06635	0.10766	0.10480	0.05505	0.01700	0.02117	0.00599	0.00175	0.00514	0.03032	0.02049	0.00803
35	0.06895	0.66781	0.02543	0.00962	0.01359	0.02007	0.00926	0.01569	0.01048	0.01342	0.00741	0.00898	0.00684	0.00518	0.00509	0.00132	0.09871	0.00309	0.00237	0.00670
36	0.01069	0.00904	0.01064	0.00780	0.01214	0.00690	0.00620	0.01310	0.01163	0.01799	0.10446	0.01472	0.01325	0.00484	0.00427	0.00091	0.00380	0.00399	0.00352	0.74012
37	0.00727	0.00538	0.00678	0.00662	0.00787	0.00490	0.00489	0.00942	0.01413	0.01946	0.56976	0.13178	0.16768	0.01209	0.00639	0.00177	0.00263	0.01062	0.00565	0.00490
38	0.01035	0.00971	0.01635	0.67533	0.12238	0.01170	0.01467	0.01377	0.01089	0.01416	0.01046	0.04789	0.00852	0.00578	0.00542	0.00178	0.00689	0.00522	0.00253	0.00619
39	0.00685	0.00497	0.00659	0.00749	0.00789	0.00479	0.00509	0.00794	0.01069	0.01445	0.11563	0.66385	0.03584	0.05041	0.00796	0.00226	0.02388	0.01401	0.00495	0.00443
40	0.00770	0.00516	0.00588	0.00599	0.00601	0.00514	0.00339	0.00778	0.00801	0.01068	0.01794	0.09782	0.02081	0.74689	0.02566	0.00496	0.00503	0.00841	0.00339	0.00334
41	0.01184	0.26369	0.55704	0.01347	0.02040	0.01510	0.01664	0.01672	0.01121	0.01569	0.00898	0.01052	0.00683	0.00495	0.00460	0.00153	0.00728	0.00364	0.00228	0.00762
42	0.01292	0.10603	0.02164	0.15023	0.57230	0.01362	0.01538	0.01599	0.01184	0.01636	0.00970	0.01290	0.00810	0.00485	0.00510	0.00157	0.00642	0.00456	0.00257	0.00792
43	0.01020	0.00967	0.01651	0.77790	0.03673	0.01197	0.03460	0.01381	0.01078	0.01381	0.00958	0.01432	0.00718	0.00534	0.00539	0.00179	0.00721	0.00481	0.00239	0.00600
44	0.00755	0.00560	0.00717	0.00743	0.00871	0.00521	0.00586	0.00970	0.01340	0.01796	0.36198	0.11504	0.18482	0.01307	0.00668	0.00197	0.00329	0.21431	0.00538	0.00487
45	0.01948	0.02250	0.01592	0.01575	0.10550	0.60265	0.01096	0.07837	0.01565	0.05092	0.00946	0.01075	0.00757	0.00557	0.00496	0.00144	0.00876	0.00381	0.00314	0.00685
46	0.01868	0.00987	0.03119	0.01074	0.01462	0.00868	0.09547	0.06536	0.02836	0.46717	0.06531	0.02342	0.10876	0.00759	0.00570	0.00171	0.00491	0.01872	0.00571	0.00801
47	0.01109	0.01017	0.01687	0.60165	0.17388	0.01188	0.01469	0.01473	0.02475	0.02968	0.01009	0.01420	0.00772	0.00527	0.00532	0.00172	0.00681	0.00476	0.00260	0.03212
48	0.00999	0.00922	0.01533	0.66870	0.06955	0.01116	0.01383	0.01343	0.01133	0.01481	0.09910	0.01728	0.01231	0.00599	0.00548	0.00177	0.00658	0.00535	0.00281	0.00598
49	0.01016	0.02351	0.63486	0.01372	0.02037	0.01110	0.01706	0.01567	0.01186	0.01758	0.13181	0.01623	0.01400	0.00717	0.03053	0.00192	0.00728	0.00494	0.00287	0.00737
50	0.01460	0.00989	0.01178	0.00872	0.01321	0.00822	0.00704	0.08104	0.03019	0.17776	0.01286	0.02641	0.00982	0.00503	0.00447	0.00109	0.00426	0.00405	0.00417	0.56537

[dist]
# distance from previous block
# <min> <max>
0	1

[block]
# block no. 1 follows, 45 sequences, length 41
# corresponding to MSA columns:
# 297-337
name=unknown_B
#
# <colnr> <probs for GDERKNQSTAVLIFYWHMCP>
#	G	D	E	R	K	N	Q	S	T	A	V	L	I	F	Y	W	H	M	C	P
0	0.00934	0.00838	0.00930	0.00912	0.01025	0.11195	0.00694	0.01104	0.00945	0.01240	0.01375	0.02062	0.01301	0.09395	0.62670	0.00739	0.01305	0.00560	0.00289	0.00487
1	0.01163	0.01936	0.41072	0.01309	0.04272	0.04257	0.01403	0.11516	0.01427	0.01998	0.17601	0.02034	0.04651	0.00709	0.00550	0.00169	0.00626	0.02218	0.00366	0.00723
2	0.00781	0.00520	0.00585	0.00585	0.00585	0.00520	0.00325	0.00781	0.00781	0.01041	0.01691	0.03513	0.01952	0.81135	0.02732	0.00520	0.00520	0.00781	0.00325	0.00325
3	0.01526	0.68832	0.02606	0.00993	0.01423	0.14423	0.00937	0.01693	0.01160	0.01271	0.00760	0.00878	0.00689	0.00474	0.00367	0.00119	0.00637	0.00296	0.00237	0.00678
4	0.01391	0.01400	0.02099	0.04703	0.68419	0.09251	0.01581	0.01693	0.01250	0.01701	0.00990	0.01294	0.00831	0.00487	0.00527	0.00158	0.00673	0.00465	0.00266	0.00822
5	0.04555	0.03261	0.08730	0.01176	0.05031	0.03932	0.00977	0.10609	0.18347	0.31734	0.04813	0.01719	0.01355	0.00656	0.00528	0.00167	0.00517	0.00528	0.00525	0.00841
6	0.01513	0.01034	0.01231	0.01172	0.08220	0.01092	0.00835	0.30661	0.06519	0.08789	0.01766	0.13763	0.03030	0.00891	0.00648	0.05904	0.00472	0.00670	0.11067	0.00722
7	0.00660	0.00472	0.00628	0.00744	0.00780	0.00440	0.00499	0.00762	0.01054	0.01412	0.06947	0.76677	0.03631	0.01650	0.00682	0.00215	0.00308	0.01496	0.00503	0.00440
8	0.00776	0.00856	0.11256	0.00952	0.01134	0.00621	0.04950	0.00993	0.01127	0.01540	0.10550	0.50384	0.03130	0.01374	0.00658	0.00207	0.00420	0.08098	0.00459	0.00513
9	0.12605	0.03751	0.35183	0.01653	0.12379	0.03041	0.08444	0.09640	0.01303	0.05620	0.01034	0.01194	0.00759	0.00520	0.00501	0.00166	0.00693	0.00428	0.00306	0.00778
10	0.00767	0.00575	0.00863	0.00863	0.00959	0.00671	0.00671	0.00959	0.00863	0.01246	0.01438	0.02109	0.01342	0.04026	0.79008	0.00863	0.01438	0.00575	0.00288	0.00479
11	0.01763	0.18788	0.12124	0.01307	0.01691	0.52741	0.01140	0.01974	0.01381	0.01355	0.00831	0.00968	0.00689	0.00528	0.00459	0.00138	0.00864	0.00341	0.00260	0.00659
12	0.01150	0.01130	0.01565	0.01341	0.01358	0.01547	0.01107	0.01265	0.00830	0.01295	0.00769	0.01303	0.00778	0.05408	0.01766	0.00245	0.72775	0.00482	0.00243	0.03643
13	0.00876	0.00660	0.00952	0.11580	0.01444	0.00688	0.00931	0.01133	0.01213	0.01568	0.02693	0.05397	0.05793	0.01351	0.00710	0.00235	0.00515	0.61293	0.00460	0.00506
14	0.01883	0.01480	0.01538	0.03515	0.01672	0.06429	0.00984	0.59056	0.02227	0.02972	0.01205	0.01249	0.00877	0.00602	0.00515	0.00149	0.00592	0.00452	0.00482	0.12120
15	0.00869	0.11410	0.00885	0.00630	0.00692	0.00736	0.00405	0.00892	0.00822	0.01071	0.01564	0.03156	0.01782	0.70281	0.02411	0.00466	0.00528	0.00714	0.00312	0.00374
16	0.60297	0.00964	0.00832	0.00733	0.01035	0.01080	0.00595	0.05947	0.01130	0.05795	0.11224	0.01425	0.01282	0.00602	0.00397	0.00164	0.00396	0.00416	0.05084	0.00601
17	0.84927	0.01038	0.00789	0.00706	0.01038	0.01204	0.00581	0.01578	0.00914	0.02408	0.00747	0.00872	0.00581	0.00498	0.00332	0.00166	0.00415	0.00291	0.00332	0.00581
18	0.10413	0.04856	0.13438	0.00931	0.01428	0.00946	0.00877	0.03748	0.01176	0.07807	0.02517	0.01196	0.00877	0.00471	0.00426	0.00116	0.00478	0.00361	0.00340	0.47598
19	0.01296	0.01173	0.01176	0.00888	0.01331	0.11263	0.00702	0.01549	0.02911	0.05117	0.01017	0.01146	0.00824	0.00438	0.00419	0.00094	0.00478	0.00338	0.00333	0.67507
20	0.00786	0.00547	0.00718	0.00691	0.00813	0.00504	0.00512	0.01017	0.01456	0.03868	0.66093	0.13854	0.04780	0.01162	0.00638	0.00175	0.00266	0.01032	0.00581	0.00507
21	0.01320	0.01462	0.19080	0.01497	0.13577	0.01151	0.03006	0.08736	0.20136	0.07994	0.13447	0.01966	0.02867	0.00687	0.00551	0.00170	0.00543	0.00587	0.00437	0.00785
22	0.01146	0.00841	0.00977	0.00880	0.01107	0.00890	0.00679	0.01945	0.34241	0.08478	0.38540	0.02957	0.03267	0.00901	0.00588	0.00174	0.00345	0.00777	0.00578	0.00689
23	0.13879	0.07016	0.45755	0.01408	0.02038	0.01300	0.09896	0.03925	0.01171	0.06105	0.01001	0.01157	0.00724	0.00518	0.00509	0.00168	0.01981	0.00412	0.00282	0.00754
24	0.01402	0.11984	0.01459	0.01080	0.01414	0.01466	0.00872	0.08225	0.61001	0.02199	0.01923	0.01795	0.01456	0.00686	0.00518	0.00171	0.00457	0.00554	0.00503	0.00833
25	0.01117	0.09996	0.37528	0.01260	0.04769	0.02854	0.01335	0.03755	0.04761	0.03261	0.15258	0.02065	0.07184	0.00706	0.00532	0.00165	0.00598	0.01796	0.00352	0.00708
26	0.01262	0.02485	0.65645	0.01475	0.02210	0.01188	0.04116	0.01824	0.01192	0.11987	0.01122	0.01236	0.00771	0.00529	0.00518	0.00170	0.00752	0.00423	0.00287	0.00807
27	0.01111	0.02558	0.67975	0.01471	0.02198	0.01259	0.01831	0.01855	0.11316	0.01773	0.01128	0.01250	0.00809	0.00539	0.00515	0.00172	0.00744	0.00425	0.00270	0.00801
28	0.02315	0.01044	0.06633	0.00995	0.01437	0.00821	0.00872	0.02552	0.01508	0.72817	0.02037	0.01779	0.01283	0.00654	0.00538	0.00166	0.00480	0.00530	0.00634	0.00905
29	0.01279	0.34395	0.30238	0.01192	0.01716	0.06867	0.01314	0.03294	0.01188	0.01521	0.01126	0.01677	0.01014	0.00626	0.00473	0.00156	0.00671	0.10277	0.00274	0.00702
30	0.03022	0.03864	0.45920	0.04233	0.15152	0.01182	0.01650	0.01775	0.01200	0.11986	0.01193	0.01458	0.00894	0.00564	0.00521	0.00170	0.00694	0.03423	0.00306	0.00794
31	0.00663	0.00476	0.00631	0.00752	0.00792	0.00445	0.00512	0.00764	0.01043	0.01383	0.03035	0.74961	0.05961	0.01662	0.00686	0.00218	0.00318	0.04760	0.00498	0.00439
32	0.00832	0.01025	0.16757	0.02883	0.01262	0.00706	0.00914	0.01156	0.04961	0.01598	0.09321	0.37818	0.02849	0.01274	0.00644	0.00206	0.00454	0.14343	0.00446	0.00552
33	0.01236	0.01321	0.11998	0.28738	0.09305	0.01218	0.08105	0.16576	0.01411	0.01906	0.02752	0.10522	0.01182	0.00684	0.00560	0.00177	0.00655	0.00612	0.00340	0.00702
34	0.01479	0.03106	0.03991	0.02764	0.12282	0.08501	0.13362	0.07517	0.02540	0.14178	0.01796	0.03402	0.10458	0.00713	0.00676	0.00173	0.08651	0.00598	0.03094	0.00719
35	0.01304	0.28296	0.02806	0.00969	0.01249	0.22787	0.00808	0.01461	0.01226	0.01363	0.05169	0.14735	0.10788	0.00970	0.03683	0.00180	0.00627	0.00654	0.00338	0.00585
36	0.01188	0.16068	0.54638	0.01446	0.02130	0.01372	0.07461	0.01695	0.01152	0.03998	0.01032	0.01291	0.00790	0.00533	0.00500	0.00164	0.00744	0.02783	0.00253	0.00764
37	0.01479	0.01344	0.06145	0.09588	0.38580	0.08710	0.03539	0.01773	0.01277	0.14191	0.01348	0.05069	0.02111	0.00606	0.00542	0.00166	0.00642	0.01769	0.00345	0.00778
38	0.01237	0.27825	0.48434	0.01283	0.01932	0.01485	0.01545	0.01686	0.01149	0.04768	0.03414	0.01168	0.00852	0.00519	0.00462	0.00152	0.00692	0.00386	0.00258	0.00756
39	0.02090	0.01424	0.01562	0.01197	0.01625	0.01547	0.00989	0.66124	0.02391	0.13443	0.01400	0.01361	0.00969	0.00647	0.00537	0.00162	0.00573	0.00491	0.00554	0.00913
40	0.01946	0.03894	0.09535	0.01222	0.06837	0.01102	0.01011	0.19086	0.02744	0.38858	0.05076	0.01744	0.03130	0.00661	0.00536	0.00164	0.00525	0.00533	0.00538	0.00859

[dist]
# distance from previous block
# <min> <max>
1	18

[block]
# block no. 2 follows, 45 sequences, length 49
# corresponding to MSA columns:
# 361-384,386-410
name=unknown_C
#
# <colnr> <probs for GDERKNQSTAVLIFYWHMCP>
#	G	D	E	R	K	N	Q	S	T	A	V	L	I	F	Y	W	H	M	C	P
0	0.01088	0.04450	0.75123	0.01532	0.02313	0.01268	0.03529	0.01698	0.01135	0.01691	0.00961	0.01134	0.00683	0.00508	0.00509	0.00169	0.00791	0.00399	0.00228	0.00790
1	0.02312	0.01048	0.06820	0.00997	0.01439	0.00822	0.00875	0.02550	0.01507	0.72631	0.02034	0.01777	0.01282	0.00653	0.00538	0.00166	0.00481	0.00529	0.00633	0.00905
2	0.01208	0.07334	0.63421	0.01481	0.02208	0.01348	0.03839	0.09759	0.01285	0.01857	0.00989	0.01142	0.00709	0.00520	0.00506	0.00166	0.00761	0.00406	0.00262	0.00798
3	0.00752	0.00548	0.00706	0.00667	0.00797	0.00503	0.00500	0.00997	0.01501	0.02108	0.72900	0.04084	0.09697	0.01114	0.00633	0.00170	0.00254	0.00981	0.00585	0.00503
4	0.00660	0.00471	0.00630	0.00754	0.00788	0.00441	0.00508	0.00757	0.01033	0.01377	0.02955	0.78730	0.03538	0.01676	0.00687	0.00219	0.00316	0.03523	0.00498	0.00438
5	0.01980	0.01374	0.01503	0.01177	0.01586	0.01502	0.00964	0.55382	0.13734	0.12841	0.01532	0.01467	0.01077	0.00660	0.00539	0.00165	0.00548	0.00509	0.00555	0.00903
6	0.02408	0.00914	0.01246	0.00955	0.01370	0.00789	0.00789	0.02616	0.01536	0.78158	0.02118	0.01827	0.01329	0.00664	0.00540	0.00166	0.00457	0.00540	0.00664	0.00914
7	0.01113	0.00954	0.01113	0.00795	0.01272	0.00716	0.00636	0.01352	0.01113	0.01749	0.00954	0.01113	0.00795	0.00398	0.00398	0.00080	0.00398	0.00318	0.00318	0.84417
8	0.01065	0.00907	0.01060	0.00783	0.01220	0.00688	0.00619	0.01291	0.01111	0.01713	0.01250	0.06515	0.03772	0.00517	0.00425	0.00092	0.00387	0.00427	0.00336	0.75822
9	0.01284	0.01219	0.02024	0.08254	0.64420	0.01209	0.01527	0.01596	0.01200	0.01727	0.01000	0.01312	0.00835	0.00474	0.00517	0.00152	0.00617	0.00461	0.00270	0.09903
10	0.00667	0.00476	0.00637	0.00762	0.00799	0.00447	0.00520	0.00769	0.01040	0.01384	0.02952	0.76290	0.03523	0.01670	0.00689	0.00220	0.00322	0.05895	0.00498	0.00440
11	0.00760	0.00549	0.00718	0.00675	0.00802	0.00506	0.00506	0.01013	0.01519	0.02153	0.77503	0.04010	0.05065	0.01097	0.00633	0.00169	0.00253	0.00971	0.00591	0.00506
12	0.00767	0.00575	0.00863	0.00863	0.00959	0.00671	0.00671	0.00959	0.00863	0.01246	0.01438	0.02109	0.01342	0.04026	0.79008	0.00863	0.01438	0.00575	0.00288	0.00479
13	0.03628	0.01873	0.01563	0.01278	0.01651	0.29423	0.01018	0.48036	0.02133	0.02621	0.01113	0.01166	0.00827	0.00609	0.00514	0.00153	0.00723	0.00430	0.00440	0.00802
14	0.01470	0.01447	0.01944	0.10548	0.49418	0.12357	0.01458	0.09787	0.03109	0.01840	0.01035	0.01299	0.00839	0.00519	0.00526	0.00159	0.00683	0.00463	0.00300	0.00799
15	0.00749	0.00524	0.00646	0.00708	0.00743	0.00511	0.00456	0.03499	0.00995	0.01327	0.02450	0.50573	0.02889	0.29733	0.01403	0.00323	0.00395	0.01225	0.00439	0.00414
16	0.00875	0.00574	0.00694	0.00666	0.00831	0.00506	0.00498	0.01054	0.01334	0.10015	0.30424	0.15678	0.32373	0.01239	0.00631	0.00181	0.00291	0.01069	0.00549	0.00520
17	0.00654	0.00467	0.00623	0.00747	0.00779	0.00436	0.00498	0.00747	0.01028	0.01370	0.02959	0.80785	0.03550	0.01682	0.00685	0.00218	0.00311	0.01526	0.00498	0.00436
18	0.01042	0.00969	0.01610	0.77686	0.03641	0.01206	0.01478	0.03421	0.01113	0.01427	0.00963	0.01427	0.00721	0.00540	0.00537	0.00178	0.00712	0.00477	0.00247	0.00605
19	0.00731	0.00500	0.00600	0.00649	0.00661	0.00487	0.00393	0.00768	0.00878	0.01170	0.02189	0.33839	0.02579	0.49953	0.01929	0.00402	0.00438	0.01073	0.00393	0.00369
20	0.01764	0.01112	0.01267	0.01062	0.01416	0.01191	0.00848	0.10607	0.44066	0.27371	0.02067	0.01868	0.01459	0.00698	0.00543	0.00175	0.00453	0.00572	0.00584	0.00877
21	0.01069	0.01011	0.01710	0.66349	0.16759	0.01207	0.01518	0.01420	0.01100	0.01439	0.00964	0.01413	0.00739	0.00526	0.00536	0.00175	0.00702	0.00477	0.00243	0.00641
22	0.01311	0.05238	0.14895	0.02595	0.51099	0.03553	0.01566	0.01799	0.09415	0.01763	0.01112	0.01337	0.00895	0.00512	0.00519	0.00161	0.00647	0.00466	0.00288	0.00827
23	0.00665	0.00490	0.00627	0.00732	0.00793	0.00451	0.00509	0.00776	0.01073	0.01399	0.03343	0.63700	0.15223	0.01617	0.00681	0.00214	0.00318	0.06448	0.00498	0.00443
24	0.00665	0.00476	0.00633	0.00740	0.00781	0.00444	0.00499	0.00776	0.01081	0.01455	0.11049	0.72452	0.03715	0.01618	0.00679	0.00213	0.00305	0.01466	0.00508	0.00444
25	0.07916	0.00832	0.05403	0.01042	0.09323	0.00717	0.00751	0.01327	0.01404	0.09987	0.48613	0.05173	0.03557	0.00918	0.00582	0.00169	0.00362	0.00799	0.00519	0.00607
26	0.02264	0.01116	0.09615	0.01017	0.01474	0.00839	0.00919	0.02517	0.01493	0.69860	0.01992	0.01752	0.01258	0.00648	0.00537	0.00167	0.00493	0.00524	0.00617	0.00900
27	0.00835	0.00631	0.00781	0.00729	0.00881	0.00618	0.00551	0.01258	0.11754	0.02150	0.65717	0.03762	0.06151	0.01053	0.00621	0.00171	0.00277	0.00925	0.00583	0.00552
28	0.01322	0.00876	0.06817	0.06453	0.03039	0.00719	0.00816	0.01598	0.01443	0.25212	0.37922	0.02989	0.03097	0.00887	0.00592	0.00173	0.00409	0.04421	0.00549	0.00666
29	0.03577	0.38512	0.17110	0.03960	0.01642	0.04654	0.01131	0.11456	0.01276	0.01665	0.00947	0.01132	0.00786	0.00888	0.08952	0.00218	0.00729	0.00375	0.00281	0.00708
30	0.17987	0.01170	0.01715	0.25836	0.28354	0.03369	0.05753	0.03178	0.02774	0.03536	0.00996	0.01291	0.00778	0.00514	0.00499	0.00168	0.00632	0.00450	0.00292	0.00708
31	0.00932	0.00466	0.00699	0.00699	0.00699	0.00466	0.00466	0.00699	0.00699	0.00932	0.00932	0.01632	0.00932	0.01865	0.02098	0.84382	0.00466	0.00466	0.00233	0.00233
32	0.01399	0.65888	0.02464	0.00940	0.01337	0.08544	0.00883	0.01560	0.01121	0.01279	0.00994	0.09545	0.01000	0.00600	0.00393	0.00128	0.00579	0.00427	0.00263	0.00656
33	0.01657	0.07227	0.06292	0.01621	0.08490	0.17276	0.15535	0.23723	0.02894	0.03513	0.01177	0.01324	0.02550	0.00583	0.00579	0.00161	0.03789	0.00483	0.00361	0.00766
34	0.01273	0.01354	0.01794	0.04496	0.01677	0.10433	0.09274	0.01439	0.00960	0.01344	0.00770	0.01190	0.00715	0.00827	0.01446	0.00216	0.59467	0.00474	0.00244	0.00606
35	0.00857	0.00804	0.09164	0.00779	0.00989	0.00598	0.00678	0.01149	0.01478	0.05008	0.66315	0.03614	0.04446	0.01017	0.00616	0.00169	0.00320	0.00892	0.00554	0.00553
36	0.04041	0.06686	0.04587	0.03095	0.01089	0.00730	0.00679	0.01170	0.01141	0.09839	0.09002	0.42343	0.05566	0.01210	0.00618	0.00187	0.01874	0.01057	0.00465	0.04621
37	0.00951	0.00630	0.00774	0.00765	0.03795	0.00561	0.00550	0.01166	0.02578	0.11803	0.30537	0.06292	0.35285	0.01140	0.00618	0.00175	0.00307	0.00975	0.00545	0.00554
38	0.00645	0.00538	0.00565	0.00583	0.00746	0.00458	0.00435	0.00781	0.01203	0.01447	0.05069	0.13408	0.66671	0.01399	0.00644	0.00188	0.00285	0.03984	0.00498	0.00453
39	0.01498	0.40353	0.12025	0.01123	0.01542	0.21106	0.01077	0.01729	0.01233	0.03583	0.01062	0.01515	0.00967	0.00606	0.00450	0.00144	0.00689	0.08343	0.00282	0.00671
40	0.01279	0.01425	0.10449	0.07817	0.62112	0.01270	0.04527	0.01639	0.01205	0.01723	0.01004	0.01318	0.00822	0.00484	0.00533	0.00163	0.00670	0.00475	0.00260	0.00823
41	0.00696	0.00545	0.00625	0.00605	0.00757	0.00479	0.00451	0.00882	0.01348	0.01762	0.38419	0.04593	0.42350	0.03287	0.00688	0.00184	0.00270	0.01049	0.00536	0.00474
42	0.01404	0.00787	0.00930	0.00790	0.01072	0.00729	0.00626	0.07251	0.07111	0.27553	0.11781	0.03384	0.32381	0.00995	0.00588	0.00173	0.00368	0.00827	0.00571	0.00678
43	0.01113	0.00954	0.01113	0.00795	0.01272	0.00716	0.00636	0.01352	0.01113	0.01749	0.00954	0.01113	0.00795	0.00398	0.00398	0.00080	0.00398	0.00318	0.00318	0.84417
44	0.01195	0.09466	0.07023	0.01357	0.01814	0.01130	0.25264	0.06362	0.01244	0.01745	0.01259	0.11562	0.01149	0.00612	0.00523	0.00146	0.00609	0.00591	0.00326	0.26623
45	0.01762	0.08014	0.01694	0.01623	0.14732	0.44245	0.01105	0.06463	0.06828	0.03402	0.01092	0.01219	0.02251	0.00579	0.00527	0.00149	0.02879	0.00414	0.00318	0.00703
46	0.00932	0.00466	0.00699	0.00699	0.00699	0.00466	0.00466	0.00699	0.00699	0.00932	0.00932	0.01632	0.00932	0.01865	0.02098	0.84382	0.00466	0.00466	0.00233	0.00233
47	0.01320	0.01273	0.02193	0.04877	0.74274	0.01276	0.03579	0.01643	0.01220	0.01745	0.01011	0.01334	0.00847	0.00479	0.00534	0.00160	0.00646	0.00482	0.00265	0.00842
48	0.01657	0.23804	0.01793	0.01194	0.03552	0.34617	0.00950	0.11157	0.01515	0.01682	0.10296	0.01473	0.01311	0.00624	0.00478	0.00141	0.00705	0.02046	0.00340	0.00667

[dist]
# distance from previous block
# <min> <max>
0	3

[block]
# block no. 3 follows, 45 sequences, length 61
# corresponding to MSA columns:
# 414-474
name=unknown_D
#
# <colnr> <probs for GDERKNQSTAVLIFYWHMCP>
#	G	D	E	R	K	N	Q	S	T	A	V	L	I	F	Y	W	H	M	C	P
0	0.01261	0.02157	0.45964	0.01743	0.03629	0.01242	0.25678	0.01787	0.01214	0.08555	0.01107	0.01300	0.00784	0.00505	0.00553	0.00173	0.00797	0.00487	0.00281	0.00783
1	0.01113	0.00954	0.01113	0.00795	0.01272	0.00716	0.00636	0.01352	0.01113	0.01749	0.00954	0.01113	0.00795	0.00398	0.00398	0.00080	0.00398	0.00318	0.00318	0.84417
2	0.18311	0.00954	0.01215	0.01151	0.10006	0.00917	0.00822	0.03843	0.01399	0.44686	0.09729	0.01802	0.01515	0.00656	0.00508	0.00166	0.00451	0.00528	0.00543	0.00798
3	0.54245	0.01021	0.00977	0.00812	0.01176	0.01094	0.00670	0.05625	0.01194	0.26826	0.01215	0.01200	0.00838	0.00559	0.00409	0.00166	0.00437	0.00380	0.00449	0.00705
4	0.01196	0.00972	0.01609	0.65329	0.08733	0.01152	0.01422	0.01534	0.01137	0.10196	0.01091	0.01469	0.00795	0.00547	0.00537	0.00176	0.00680	0.00484	0.00289	0.00651
5	0.00637	0.00535	0.00553	0.00567	0.00731	0.00451	0.00418	0.00768	0.01201	0.01441	0.05154	0.13829	0.69089	0.01396	0.00640	0.00185	0.00276	0.01178	0.00498	0.00451
6	0.00654	0.00467	0.00623	0.00747	0.00779	0.00436	0.00498	0.00747	0.01028	0.01370	0.02959	0.80785	0.03550	0.01682	0.00685	0.00218	0.00311	0.01526	0.00498	0.00436
7	0.01098	0.02624	0.69740	0.01614	0.02379	0.01259	0.10444	0.01702	0.01149	0.01702	0.00977	0.01169	0.00695	0.00503	0.00524	0.00171	0.00806	0.00424	0.00232	0.00785
8	0.00710	0.00513	0.00625	0.00682	0.00718	0.00498	0.00442	0.00775	0.00956	0.01258	0.02729	0.42240	0.11382	0.30342	0.01446	0.00323	0.02343	0.01186	0.00429	0.00402
9	0.01311	0.00800	0.00832	0.00720	0.00936	0.00848	0.00568	0.23573	0.01543	0.02414	0.01613	0.01788	0.01238	0.00631	0.00424	0.00136	0.00352	0.00495	0.59155	0.00624
10	0.00653	0.00543	0.00571	0.00568	0.00737	0.00460	0.00424	0.00805	0.01261	0.01549	0.15693	0.06857	0.65373	0.01330	0.00635	0.00180	0.00270	0.01119	0.00512	0.00460
11	0.00654	0.00467	0.00623	0.00747	0.00779	0.00436	0.00498	0.00747	0.01028	0.01370	0.02959	0.80785	0.03550	0.01682	0.00685	0.00218	0.00311	0.01526	0.00498	0.00436
12	0.01182	0.01202	0.01818	0.02917	0.01610	0.01603	0.09734	0.01342	0.00878	0.01342	0.00753	0.01210	0.00717	0.00876	0.01610	0.00228	0.69646	0.00489	0.00239	0.00603
13	0.00676	0.00495	0.00640	0.00748	0.00810	0.00459	0.00528	0.00792	0.01078	0.01408	0.03280	0.62011	0.13494	0.01615	0.00685	0.00216	0.00327	0.09795	0.00498	0.00445
14	0.02392	0.00940	0.01262	0.00968	0.01384	0.00829	0.00799	0.05941	0.01581	0.74770	0.02080	0.01803	0.01310	0.00663	0.00540	0.00166	0.00463	0.00537	0.00659	0.00913
15	0.00841	0.00601	0.00837	0.00961	0.01074	0.00597	0.00823	0.01070	0.01212	0.01579	0.02855	0.14616	0.03142	0.01506	0.00735	0.00244	0.00473	0.65851	0.00495	0.00488
16	0.02198	0.01251	0.01454	0.01115	0.01538	0.01289	0.00921	0.44538	0.02101	0.35439	0.01644	0.01520	0.01091	0.00653	0.00538	0.00163	0.00533	0.00508	0.00592	0.00913
17	0.01084	0.04301	0.76891	0.01518	0.02305	0.01264	0.01963	0.01698	0.01132	0.01691	0.00959	0.01128	0.00680	0.00509	0.00507	0.00169	0.00789	0.00395	0.00227	0.00791
18	0.00677	0.00555	0.00603	0.00619	0.00789	0.00481	0.00483	0.00837	0.01243	0.01515	0.09237	0.05234	0.61973	0.01363	0.00651	0.00191	0.00305	0.12278	0.00503	0.00463
19	0.01776	0.02770	0.10155	0.01149	0.03055	0.01176	0.00994	0.10689	0.29616	0.29904	0.01871	0.01726	0.01302	0.00661	0.00535	0.00171	0.00504	0.00536	0.00540	0.00870
20	0.01256	0.00752	0.00939	0.00813	0.01041	0.00722	0.00641	0.10476	0.03131	0.17516	0.45413	0.03331	0.07108	0.00975	0.00605	0.00171	0.00348	0.03530	0.00590	0.00642
21	0.00831	0.00667	0.00886	0.01054	0.10074	0.00655	0.00667	0.01150	0.09851	0.01675	0.17164	0.38458	0.12231	0.01278	0.00635	0.00193	0.00348	0.01142	0.00494	0.00549
22	0.59078	0.13496	0.13305	0.00868	0.01292	0.01350	0.00853	0.01602	0.00975	0.02123	0.00781	0.00911	0.00613	0.00494	0.00362	0.00159	0.00499	0.00307	0.00300	0.00631
23	0.01269	0.01084	0.01157	0.01045	0.01328	0.01240	0.00810	0.02642	0.68191	0.02235	0.10813	0.02233	0.02031	0.00771	0.00556	0.00181	0.00405	0.00649	0.00551	0.00810
24	0.01045	0.00963	0.01516	0.60184	0.05279	0.01090	0.01306	0.01375	0.01086	0.01466	0.00956	0.01358	0.00737	0.00504	0.00506	0.00156	0.00643	0.00442	0.00257	0.19131
25	0.01167	0.01149	0.01583	0.01339	0.01394	0.01538	0.01113	0.01299	0.00855	0.01344	0.00733	0.01167	0.00715	0.00877	0.01605	0.00217	0.71016	0.00452	0.00244	0.10191
26	0.01229	0.01323	0.02675	0.11111	0.10735	0.01265	0.51789	0.01635	0.01224	0.01686	0.01049	0.01399	0.00805	0.00459	0.00588	0.00168	0.00803	0.00567	0.00272	0.09217
27	0.00660	0.00545	0.00580	0.00571	0.00741	0.00464	0.00428	0.00820	0.01284	0.01595	0.20257	0.04928	0.62659	0.01306	0.00634	0.00179	0.00268	0.01100	0.00517	0.00464
28	0.00858	0.00571	0.00749	0.00692	0.00836	0.00523	0.00523	0.01109	0.01520	0.06703	0.72990	0.03879	0.04841	0.01071	0.00628	0.00169	0.00265	0.00945	0.00595	0.00531
29	0.00651	0.00544	0.00567	0.00561	0.00735	0.00460	0.00421	0.00802	0.01262	0.01543	0.14918	0.05014	0.68032	0.01325	0.00634	0.00180	0.00269	0.01112	0.00511	0.00460
30	0.02005	0.02558	0.01521	0.01383	0.01659	0.78980	0.01037	0.02143	0.01521	0.01314	0.00830	0.00968	0.00691	0.00553	0.00484	0.00138	0.00968	0.00346	0.00277	0.00622
31	0.01077	0.02777	0.78354	0.01530	0.02323	0.01247	0.01983	0.01700	0.01133	0.01700	0.00963	0.01133	0.00680	0.00510	0.00510	0.00170	0.00793	0.00397	0.00227	0.00793
32	0.02126	0.00855	0.01134	0.00890	0.01268	0.00736	0.00728	0.02322	0.01487	0.65957	0.02646	0.02358	0.13456	0.00775	0.00555	0.00169	0.00427	0.00634	0.00638	0.00840
33	0.00740	0.00536	0.00699	0.00684	0.00797	0.00494	0.00503	0.00965	0.01435	0.02013	0.64044	0.16247	0.06435	0.01196	0.00641	0.00177	0.00263	0.01063	0.00574	0.00494
34	0.01267	0.59574	0.11106	0.00929	0.01382	0.01758	0.00959	0.01485	0.01117	0.01343	0.01517	0.01577	0.12917	0.00608	0.00410	0.00132	0.00551	0.00434	0.00272	0.00663
35	0.00654	0.00467	0.00623	0.00747	0.00779	0.00436	0.00498	0.00747	0.01028	0.01370	0.02959	0.80785	0.03550	0.01682	0.00685	0.00218	0.00311	0.01526	0.00498	0.00436
36	0.03913	0.01183	0.01280	0.01021	0.01410	0.13247	0.00826	0.02526	0.03279	0.62701	0.01888	0.01676	0.01220	0.00645	0.00527	0.00162	0.00537	0.00506	0.00594	0.00859
37	0.01250	0.01181	0.01935	0.02846	0.64255	0.02466	0.01456	0.01555	0.01275	0.01810	0.13174	0.01749	0.01518	0.00578	0.00547	0.00161	0.00582	0.00554	0.00318	0.00792
38	0.01024	0.01244	0.13817	0.67388	0.03479	0.01201	0.01569	0.01424	0.01083	0.01424	0.00956	0.01384	0.00710	0.00532	0.00532	0.00177	0.00728	0.00464	0.00237	0.00628
39	0.00757	0.00524	0.00579	0.00579	0.00608	0.00510	0.00338	0.00779	0.00851	0.01106	0.02287	0.03776	0.13979	0.68446	0.02398	0.00466	0.00481	0.00837	0.00353	0.00346
40	0.01013	0.00862	0.12884	0.00664	0.00895	0.00619	0.00631	0.01322	0.01127	0.01953	0.01626	0.01863	0.01265	0.00607	0.00397	0.00132	0.00337	0.00484	0.70772	0.00547
41	0.01331	0.68584	0.02459	0.00866	0.01252	0.01869	0.00824	0.01476	0.01041	0.01228	0.00897	0.01283	0.00890	0.13292	0.00724	0.00179	0.00566	0.00366	0.00245	0.00631
42	0.61941	0.00959	0.00821	0.00725	0.01046	0.01038	0.00581	0.01447	0.00958	0.02185	0.01034	0.10065	0.00955	0.00618	0.00383	0.00158	0.00401	0.00437	0.00349	0.13900
43	0.11909	0.01341	0.13503	0.01065	0.01518	0.01105	0.00990	0.16760	0.05753	0.35649	0.01599	0.01511	0.01073	0.00618	0.00505	0.00165	0.00524	0.00479	0.03093	0.00838
44	0.02212	0.00955	0.01309	0.01027	0.01376	0.00925	0.00850	0.02405	0.01423	0.65932	0.01893	0.01723	0.01229	0.00708	0.00734	0.00177	0.13133	0.00529	0.00596	0.00862
45	0.14465	0.00980	0.01073	0.00791	0.01244	0.00814	0.00636	0.03047	0.01113	0.01890	0.00929	0.01079	0.00764	0.00419	0.00390	0.00095	0.00405	0.00317	0.00325	0.69226
46	0.00990	0.00901	0.01492	0.67302	0.03286	0.01101	0.01391	0.01330	0.01099	0.01409	0.01254	0.02167	0.01093	0.00687	0.00569	0.00190	0.00680	0.12199	0.00279	0.00580
47	0.00927	0.00737	0.00790	0.00714	0.00933	0.00713	0.00553	0.12917	0.06433	0.01940	0.17961	0.04127	0.46929	0.01156	0.00613	0.00176	0.00329	0.00965	0.00525	0.00562
48	0.00646	0.00544	0.00560	0.00556	0.00732	0.00458	0.00417	0.00793	0.01251	0.01514	0.12035	0.05060	0.70932	0.01335	0.00634	0.00180	0.00270	0.01118	0.00507	0.00458
49	0.02011	0.02391	0.01535	0.01359	0.01660	0.66682	0.01034	0.13891	0.01681	0.01643	0.00903	0.01019	0.00727	0.00568	0.00492	0.00142	0.00908	0.00368	0.00318	0.00669
50	0.71630	0.01076	0.01010	0.01118	0.13246	0.01216	0.00751	0.01589	0.00963	0.02304	0.00789	0.00945	0.00624	0.00495	0.00364	0.00165	0.00451	0.00321	0.00322	0.00624
51	0.00942	0.00507	0.00507	0.00507	0.00641	0.00493	0.00380	0.01174	0.01141	0.01914	0.02338	0.02505	0.13495	0.00742	0.00416	0.00134	0.00254	0.00601	0.70815	0.00493
52	0.00939	0.00542	0.00729	0.00787	0.00882	0.00497	0.00555	0.01055	0.01115	0.13591	0.02822	0.66090	0.03184	0.01514	0.00664	0.00211	0.00340	0.03446	0.00525	0.00514
53	0.12136	0.01044	0.01749	0.57053	0.03204	0.01220	0.13196	0.01454	0.01083	0.01564	0.00948	0.01360	0.00714	0.00518	0.00525	0.00178	0.00706	0.00477	0.00256	0.00615
54	0.01360	0.01124	0.01184	0.01033	0.01341	0.01259	0.00812	0.16676	0.50416	0.02339	0.02529	0.02368	0.13576	0.00812	0.00558	0.00178	0.00433	0.00667	0.00537	0.00799
55	0.00755	0.00533	0.00626	0.00626	0.00672	0.00535	0.00398	0.00809	0.00865	0.01141	0.02244	0.03535	0.13875	0.55241	0.15460	0.00525	0.00638	0.00801	0.00346	0.00372
56	0.00757	0.00533	0.00673	0.00653	0.00765	0.00493	0.00476	0.00892	0.01262	0.01709	0.41732	0.05010	0.21240	0.04170	0.03836	0.13606	0.00345	0.00916	0.00490	0.00442
57	0.01235	0.01522	0.16083	0.16952	0.46346	0.02693	0.04219	0.01618	0.01186	0.01664	0.00990	0.01309	0.00790	0.00495	0.00531	0.00165	0.00696	0.00466	0.00254	0.00785
58	0.06972	0.56039	0.08360	0.10005	0.01687	0.03033	0.01043	0.01571	0.01083	0.01392	0.00876	0.01039	0.02134	0.00504	0.00419	0.00134	0.02455	0.00339	0.00243	0.00671
59	0.01124	0.00829	0.02367	0.17241	0.01648	0.00908	0.02126	0.01312	0.01086	0.13576	0.01988	0.27517	0.05444	0.02411	0.03081	0.00225	0.15259	0.00868	0.00406	0.00584
60	0.01366	0.01661	0.21641	0.04442	0.04730	0.06366	0.21706	0.07633	0.01377	0.09468	0.05205	0.01931	0.02765	0.00648	0.00576	0.00176	0.00716	0.06502	0.00358	0.00734

[dist]
# distance from previous block
# <min> <max>
0	36

# created by:
# /st0/software/busco_prod/Augustus/scripts/msa2prfl.pl ./align_prep/157698.fa
