[name]
unknown

[dist]
# distance from previous block
# <min> <max>
0	46

[block]
# block no. 0 follows, 41 sequences, length 10
# corresponding to MSA columns:
# 48-57
name=unknown_A
#
# <colnr> <probs for GDERKNQSTAVLIFYWHMCP>
#	G	D	E	R	K	N	Q	S	T	A	V	L	I	F	Y	W	H	M	C	P
0	0.15016	0.11552	0.25480	0.03662	0.04304	0.04971	0.02843	0.04134	0.01271	0.04178	0.01564	0.02127	0.05710	0.00738	0.00536	0.00183	0.00658	0.10003	0.00347	0.00723
1	0.07798	0.20679	0.39593	0.01454	0.04559	0.01605	0.03518	0.11049	0.01375	0.01992	0.01004	0.01155	0.00760	0.00545	0.00495	0.00166	0.00729	0.00408	0.00296	0.00818
2	0.09755	0.21157	0.38962	0.01284	0.01927	0.01470	0.01479	0.01935	0.01244	0.14121	0.01150	0.01231	0.00830	0.00556	0.00487	0.00166	0.00689	0.00408	0.00330	0.00817
3	0.01551	0.31317	0.30023	0.01329	0.01920	0.11839	0.01429	0.11110	0.01435	0.01814	0.00966	0.01098	0.00761	0.00548	0.00478	0.00154	0.00756	0.00384	0.00292	0.00796
4	0.12291	0.37460	0.33608	0.01221	0.01841	0.01743	0.01405	0.01750	0.01156	0.01702	0.00892	0.01040	0.00715	0.00517	0.00439	0.00154	0.00687	0.00355	0.00258	0.00765
5	0.01108	0.01440	0.16023	0.01030	0.01372	0.11032	0.00955	0.01600	0.12930	0.01789	0.11467	0.03365	0.26935	0.03426	0.00686	0.00197	0.00537	0.03006	0.00456	0.00649
6	0.00833	0.00639	0.00784	0.00710	0.00903	0.00558	0.00538	0.01078	0.01506	0.02101	0.53498	0.04106	0.17854	0.01126	0.00643	0.00170	0.00293	0.00977	0.00574	0.11110
7	0.01004	0.00545	0.00593	0.00593	0.00722	0.00552	0.00446	0.01238	0.01156	0.01951	0.02073	0.02373	0.06734	0.01228	0.10342	0.02953	0.00437	0.00590	0.63954	0.00517
8	0.00740	0.00522	0.00645	0.00726	0.00758	0.00495	0.00464	0.00810	0.01021	0.01349	0.02867	0.49897	0.07652	0.27630	0.01449	0.00337	0.00403	0.01337	0.00470	0.00427
9	0.06662	0.56910	0.10176	0.01055	0.01551	0.01995	0.01062	0.01897	0.10979	0.01609	0.01022	0.01109	0.00860	0.00535	0.00413	0.00141	0.00604	0.00363	0.00296	0.00761

[dist]
# distance from previous block
# <min> <max>
2	5

[block]
# block no. 1 follows, 41 sequences, length 11
# corresponding to MSA columns:
# 63-73
name=unknown_B
#
# <colnr> <probs for GDERKNQSTAVLIFYWHMCP>
#	G	D	E	R	K	N	Q	S	T	A	V	L	I	F	Y	W	H	M	C	P
0	0.00800	0.00541	0.00633	0.00664	0.00672	0.00533	0.00390	0.00824	0.00893	0.01191	0.02118	0.21482	0.02478	0.61615	0.02401	0.00479	0.00502	0.01018	0.00390	0.00374
1	0.00765	0.00586	0.00707	0.00728	0.00864	0.00537	0.00541	0.00992	0.03461	0.01814	0.28570	0.22388	0.27956	0.01425	0.00694	0.00203	0.00315	0.06377	0.00565	0.00513
2	0.01612	0.26181	0.01823	0.01162	0.01456	0.36243	0.00932	0.01759	0.01356	0.01397	0.01388	0.19370	0.01449	0.00840	0.00520	0.00160	0.00738	0.00643	0.00335	0.00639
3	0.01409	0.50839	0.09768	0.19546	0.02166	0.04914	0.01238	0.01685	0.01180	0.01420	0.00874	0.01095	0.00740	0.00518	0.00439	0.00145	0.00687	0.00368	0.00249	0.00718
4	0.01911	0.23038	0.01966	0.01295	0.01662	0.41743	0.01050	0.10299	0.08724	0.01729	0.01055	0.01146	0.00860	0.00592	0.00489	0.00148	0.00819	0.00395	0.00340	0.00740
5	0.00821	0.00599	0.00850	0.00850	0.00928	0.00677	0.00629	0.00977	0.00899	0.01277	0.01595	0.02597	0.01582	0.21988	0.60141	0.00834	0.01303	0.00664	0.00316	0.00472
6	0.01106	0.03549	0.19601	0.01707	0.05861	0.01118	0.27461	0.01505	0.01276	0.01774	0.08801	0.19959	0.01952	0.00871	0.00644	0.00195	0.00698	0.00855	0.00366	0.00700
7	0.00909	0.00816	0.08055	0.00843	0.01021	0.00646	0.00705	0.03127	0.03174	0.01799	0.06008	0.35230	0.07568	0.01283	0.00626	0.00199	0.00389	0.07219	0.19831	0.00553
8	0.01400	0.01213	0.01420	0.01400	0.11133	0.01276	0.00970	0.05702	0.45138	0.02256	0.01817	0.01785	0.01392	0.00655	0.00542	0.00164	0.00483	0.00551	0.00486	0.20217
9	0.01400	0.05269	0.10116	0.01501	0.07957	0.04511	0.01210	0.03864	0.35269	0.01983	0.01556	0.01645	0.01222	0.00757	0.00866	0.00198	0.18901	0.00546	0.00413	0.00817
10	0.01237	0.00655	0.00800	0.00727	0.00835	0.00628	0.00477	0.01297	0.01024	0.18818	0.01898	0.03265	0.01899	0.58428	0.05264	0.00480	0.00577	0.00763	0.00430	0.00500

[dist]
# distance from previous block
# <min> <max>
0	1

[block]
# block no. 2 follows, 41 sequences, length 58
# corresponding to MSA columns:
# 75-132
name=unknown_C
#
# <colnr> <probs for GDERKNQSTAVLIFYWHMCP>
#	G	D	E	R	K	N	Q	S	T	A	V	L	I	F	Y	W	H	M	C	P
0	0.01375	0.01196	0.01225	0.01100	0.01405	0.03822	0.00854	0.06058	0.58028	0.02330	0.06906	0.02509	0.08984	0.00853	0.00594	0.00190	0.00454	0.00708	0.00570	0.00839
1	0.00958	0.00660	0.00753	0.00712	0.00770	0.00679	0.00450	0.07878	0.01060	0.01429	0.06117	0.03463	0.02132	0.63389	0.06821	0.00517	0.00601	0.00801	0.00382	0.00427
2	0.75995	0.01056	0.00816	0.00736	0.01074	0.01207	0.00602	0.01599	0.01005	0.02469	0.01273	0.01366	0.07820	0.00619	0.00385	0.00179	0.00428	0.00395	0.00371	0.00606
3	0.02066	0.04089	0.01658	0.01241	0.01688	0.01625	0.01024	0.55341	0.09399	0.09667	0.01504	0.01471	0.01071	0.00677	0.00559	0.00168	0.00589	0.00517	0.00562	0.05082
4	0.01351	0.01520	0.06195	0.01814	0.02085	0.05117	0.26386	0.04019	0.01151	0.01631	0.00932	0.01343	0.00796	0.00770	0.01289	0.00220	0.41857	0.00551	0.00276	0.00700
5	0.00951	0.04284	0.08921	0.00900	0.01138	0.00821	0.00788	0.03024	0.05825	0.02100	0.47540	0.03389	0.06297	0.01344	0.08011	0.00251	0.02423	0.00857	0.00525	0.00609
6	0.00833	0.00731	0.00740	0.00811	0.00908	0.07830	0.00565	0.00953	0.01209	0.01501	0.05988	0.53271	0.19385	0.01581	0.00696	0.00214	0.00387	0.01394	0.00512	0.00490
7	0.01380	0.05795	0.22455	0.03737	0.06802	0.10249	0.28523	0.01808	0.01277	0.01703	0.01023	0.01321	0.00796	0.00565	0.00711	0.00183	0.08543	0.00517	0.00271	0.02340
8	0.00739	0.00506	0.00657	0.00767	0.00816	0.00476	0.00519	0.00864	0.01136	0.01573	0.07322	0.67709	0.03657	0.01648	0.00695	0.00220	0.00322	0.01487	0.08411	0.00476
9	0.08707	0.00597	0.00715	0.00756	0.00821	0.00621	0.00510	0.00935	0.00960	0.01420	0.02159	0.31411	0.02453	0.29094	0.15840	0.00467	0.00644	0.01037	0.00408	0.00447
10	0.01031	0.00530	0.00546	0.00558	0.00682	0.00527	0.00412	0.01282	0.01190	0.02068	0.01989	0.09516	0.01687	0.00774	0.00431	0.00143	0.00273	0.00637	0.75199	0.00527
11	0.00766	0.00568	0.00724	0.00832	0.00892	0.00556	0.00567	0.01010	0.08174	0.01549	0.03074	0.72142	0.03589	0.01695	0.00716	0.00229	0.00343	0.01533	0.00536	0.00507
12	0.01261	0.01325	0.02428	0.16817	0.02665	0.03044	0.37976	0.04005	0.01294	0.01729	0.01521	0.01854	0.08010	0.00660	0.00782	0.00194	0.10030	0.00650	0.00312	0.03443
13	0.02051	0.01361	0.01487	0.01159	0.01565	0.01470	0.00951	0.54488	0.02332	0.12215	0.01556	0.01560	0.01102	0.00686	0.00546	0.00166	0.00556	0.00525	0.13318	0.00905
14	0.10279	0.01067	0.01331	0.01031	0.01467	0.01003	0.00851	0.11893	0.01709	0.60249	0.02004	0.01776	0.01283	0.00688	0.00554	0.00176	0.00501	0.00542	0.00657	0.00940
15	0.02066	0.01531	0.01637	0.01276	0.01710	0.01699	0.01047	0.65198	0.09567	0.03441	0.01481	0.01471	0.01063	0.00694	0.00567	0.00173	0.00601	0.00528	0.03299	0.00952
16	0.01532	0.01204	0.01297	0.01150	0.01485	0.01367	0.00899	0.03015	0.68269	0.09484	0.02321	0.02116	0.01715	0.00770	0.00581	0.00192	0.00456	0.00640	0.00594	0.00912
17	0.01529	0.80242	0.02997	0.00979	0.01468	0.02263	0.00979	0.01713	0.01162	0.01346	0.00795	0.00918	0.00734	0.00489	0.00367	0.00122	0.00612	0.00306	0.00245	0.00734
18	0.00827	0.00576	0.00730	0.00730	0.00767	0.00612	0.00479	0.00900	0.00863	0.01188	0.01705	0.03204	0.01846	0.52670	0.29820	0.00686	0.00907	0.00753	0.00332	0.00406
19	0.01529	0.80242	0.02997	0.00979	0.01468	0.02263	0.00979	0.01713	0.01162	0.01346	0.00795	0.00918	0.00734	0.00489	0.00367	0.00122	0.00612	0.00306	0.00245	0.00734
20	0.00697	0.00498	0.00664	0.00796	0.00830	0.00465	0.00531	0.00796	0.01095	0.01460	0.03153	0.79525	0.03783	0.01792	0.00730	0.00232	0.00332	0.01626	0.00531	0.00465
21	0.01423	0.01229	0.01293	0.01164	0.01487	0.01423	0.00905	0.03039	0.75297	0.02393	0.02328	0.02134	0.01746	0.00776	0.00582	0.00194	0.00453	0.00647	0.00582	0.00905
22	0.83938	0.01106	0.00841	0.00752	0.01106	0.01283	0.00619	0.01681	0.00973	0.02566	0.00796	0.00929	0.00619	0.00531	0.00354	0.00177	0.00442	0.00310	0.00354	0.00619
23	0.01350	0.01543	0.03375	0.02411	0.02989	0.01446	0.74253	0.01832	0.01350	0.01832	0.01157	0.01543	0.00868	0.00482	0.00675	0.00193	0.00964	0.00675	0.00289	0.00771
24	0.00697	0.00498	0.00664	0.00796	0.00830	0.00465	0.00531	0.00796	0.01095	0.01460	0.03153	0.79525	0.03783	0.01792	0.00730	0.00232	0.00332	0.01626	0.00531	0.00465
25	0.00810	0.00585	0.00765	0.00720	0.00855	0.00540	0.00540	0.01079	0.01619	0.02294	0.76028	0.04273	0.05397	0.01169	0.00675	0.00180	0.00270	0.01034	0.00630	0.00540
26	0.00994	0.00497	0.00745	0.00745	0.00745	0.00497	0.00497	0.00745	0.00745	0.00994	0.00994	0.01739	0.00994	0.01987	0.02235	0.83358	0.00497	0.00497	0.00248	0.00248
27	0.01186	0.01017	0.01186	0.00847	0.01356	0.00762	0.00678	0.01440	0.01186	0.01864	0.01017	0.01186	0.00847	0.00424	0.00424	0.00085	0.00424	0.00339	0.00339	0.83395
28	0.83938	0.01106	0.00841	0.00752	0.01106	0.01283	0.00619	0.01681	0.00973	0.02566	0.00796	0.00929	0.00619	0.00531	0.00354	0.00177	0.00442	0.00310	0.00354	0.00619
29	0.02566	0.00973	0.01327	0.01018	0.01460	0.00841	0.00841	0.02788	0.01637	0.76726	0.02257	0.01947	0.01416	0.00708	0.00575	0.00177	0.00487	0.00575	0.00708	0.00973
30	0.05811	0.00959	0.09516	0.03555	0.02629	0.00791	0.00935	0.01253	0.01355	0.01930	0.25972	0.05880	0.06436	0.01197	0.00719	0.00214	0.03130	0.26640	0.00495	0.00583
31	0.00695	0.00505	0.00657	0.00778	0.00825	0.00466	0.00523	0.00798	0.01112	0.01467	0.03371	0.73403	0.09764	0.01764	0.00726	0.00229	0.00328	0.01591	0.00531	0.00466
32	0.00795	0.00568	0.00776	0.00908	0.00984	0.00549	0.00701	0.00965	0.01191	0.01569	0.03099	0.47773	0.03570	0.01700	0.00756	0.00246	0.00417	0.32414	0.00529	0.00492
33	0.02137	0.02726	0.01621	0.01474	0.01768	0.77602	0.01105	0.02284	0.01621	0.01400	0.00884	0.01031	0.00737	0.00589	0.00516	0.00147	0.01031	0.00368	0.00295	0.00663
34	0.17518	0.27525	0.07435	0.01153	0.01566	0.24934	0.01024	0.02025	0.08897	0.01739	0.00997	0.01101	0.00816	0.00561	0.00445	0.00152	0.00708	0.00369	0.00315	0.00716
35	0.00818	0.00611	0.00910	0.00910	0.01009	0.00710	0.00704	0.01016	0.00917	0.01321	0.01540	0.02292	0.01449	0.06554	0.75394	0.00908	0.01503	0.00619	0.00308	0.00506
36	0.00697	0.00498	0.00664	0.00796	0.00830	0.00465	0.00531	0.00796	0.01095	0.01460	0.03153	0.79525	0.03783	0.01792	0.00730	0.00232	0.00332	0.01626	0.00531	0.00465
37	0.01981	0.01486	0.01597	0.01258	0.01677	0.01648	0.01028	0.59391	0.13522	0.03346	0.05913	0.01658	0.01349	0.00728	0.00580	0.00175	0.00582	0.00565	0.00577	0.00937
38	0.02867	0.03970	0.20010	0.02481	0.37698	0.03841	0.07527	0.06018	0.01370	0.01939	0.03675	0.03775	0.01087	0.00589	0.00567	0.00175	0.00720	0.00540	0.00311	0.00841
39	0.01903	0.02338	0.01655	0.01481	0.01698	0.57622	0.01144	0.02045	0.01425	0.01394	0.00849	0.01089	0.00740	0.00698	0.00874	0.00174	0.21530	0.00403	0.00283	0.00653
40	0.01976	0.01008	0.01265	0.00983	0.01390	0.00913	0.00799	0.11357	0.03441	0.41006	0.13159	0.02097	0.01872	0.00726	0.00563	0.00161	0.00460	0.00597	0.00610	0.15619
41	0.03392	0.13919	0.38884	0.01617	0.07668	0.17427	0.01628	0.01865	0.01271	0.01656	0.00946	0.01140	0.00741	0.00567	0.00582	0.00168	0.05088	0.00402	0.00259	0.00778
42	0.00945	0.00698	0.00855	0.00890	0.01061	0.00687	0.00717	0.01335	0.10991	0.04323	0.09703	0.14379	0.21161	0.01405	0.00710	0.00223	0.00412	0.28379	0.00550	0.00574
43	0.00718	0.00513	0.00678	0.00780	0.00828	0.00478	0.00528	0.00841	0.01169	0.01580	0.14334	0.66075	0.03989	0.03623	0.00775	0.00232	0.00328	0.01515	0.00542	0.00473
44	0.01354	0.07785	0.07721	0.05221	0.17166	0.01480	0.47158	0.01793	0.01309	0.01786	0.01099	0.01447	0.00852	0.00495	0.00617	0.00182	0.00866	0.00592	0.00280	0.00794
45	0.74058	0.06508	0.03114	0.00798	0.01177	0.01340	0.00691	0.01714	0.01009	0.04289	0.00839	0.00961	0.00650	0.00533	0.00366	0.00173	0.00466	0.00319	0.00352	0.00642
46	0.01107	0.00726	0.00853	0.03084	0.00993	0.02273	0.03069	0.03133	0.01242	0.02025	0.06202	0.03933	0.04085	0.00770	0.00598	0.00157	0.08024	0.00607	0.56557	0.00564
47	0.02128	0.01579	0.01691	0.01307	0.01756	0.01752	0.01076	0.70061	0.07126	0.03531	0.01432	0.01420	0.01020	0.00692	0.00573	0.00173	0.00619	0.00523	0.00573	0.00969
48	0.00838	0.00594	0.00746	0.00717	0.00868	0.00538	0.00541	0.01072	0.01518	0.04508	0.53178	0.08680	0.19171	0.01258	0.00679	0.00188	0.00293	0.03473	0.00604	0.00538
49	0.00684	0.00565	0.00600	0.00622	0.00785	0.00482	0.00455	0.00825	0.01278	0.01555	0.07627	0.18321	0.61231	0.01499	0.00685	0.00200	0.00296	0.01274	0.00534	0.00482
50	0.01147	0.02959	0.76934	0.01630	0.02476	0.01328	0.02113	0.01811	0.01208	0.01811	0.01026	0.01208	0.00725	0.00543	0.00543	0.00181	0.00845	0.00423	0.00242	0.00845
51	0.00701	0.00499	0.00663	0.00792	0.00824	0.00467	0.00526	0.00797	0.01088	0.01450	0.03115	0.77399	0.03735	0.03983	0.00791	0.00241	0.00338	0.01604	0.00526	0.00461
52	0.83938	0.01106	0.00841	0.00752	0.01106	0.01283	0.00619	0.01681	0.00973	0.02566	0.00796	0.00929	0.00619	0.00531	0.00354	0.00177	0.00442	0.00310	0.00354	0.00619
53	0.02174	0.01602	0.01717	0.01316	0.01774	0.01774	0.01087	0.74423	0.02689	0.03605	0.01373	0.01373	0.00973	0.00687	0.00572	0.00172	0.00629	0.00515	0.00572	0.00973
54	0.83938	0.01106	0.00841	0.00752	0.01106	0.01283	0.00619	0.01681	0.00973	0.02566	0.00796	0.00929	0.00619	0.00531	0.00354	0.00177	0.00442	0.00310	0.00354	0.00619
55	0.00795	0.00584	0.00745	0.00704	0.00846	0.00534	0.00528	0.01051	0.01585	0.02213	0.68438	0.04406	0.13038	0.01200	0.00675	0.00181	0.00272	0.01053	0.00619	0.00534
56	0.83938	0.01106	0.00841	0.00752	0.01106	0.01283	0.00619	0.01681	0.00973	0.02566	0.00796	0.00929	0.00619	0.00531	0.00354	0.00177	0.00442	0.00310	0.00354	0.00619
57	0.00711	0.00581	0.00628	0.00617	0.00794	0.00498	0.00462	0.00889	0.01387	0.01743	0.24372	0.05179	0.57396	0.01375	0.00676	0.00190	0.00284	0.01161	0.00557	0.00498

[dist]
# distance from previous block
# <min> <max>
0	27

[block]
# block no. 3 follows, 41 sequences, length 35
# corresponding to MSA columns:
# 160-194
name=unknown_D
#
# <colnr> <probs for GDERKNQSTAVLIFYWHMCP>
#	G	D	E	R	K	N	Q	S	T	A	V	L	I	F	Y	W	H	M	C	P
0	0.01501	0.01394	0.01329	0.01198	0.01518	0.09821	0.00927	0.02956	0.67175	0.02283	0.02169	0.02013	0.01635	0.00755	0.00575	0.00189	0.00516	0.00616	0.00550	0.00879
1	0.83938	0.01106	0.00841	0.00752	0.01106	0.01283	0.00619	0.01681	0.00973	0.02566	0.00796	0.00929	0.00619	0.00531	0.00354	0.00177	0.00442	0.00310	0.00354	0.00619
2	0.00731	0.00580	0.00662	0.00682	0.00839	0.00511	0.00518	0.00908	0.01345	0.01703	0.19261	0.13518	0.46268	0.01445	0.00694	0.00202	0.00315	0.08770	0.00550	0.00497
3	0.00703	0.00500	0.00662	0.00788	0.00820	0.00469	0.00522	0.00798	0.01083	0.01444	0.03089	0.75937	0.03702	0.05490	0.00833	0.00248	0.00342	0.01588	0.00522	0.00459
4	0.01066	0.00533	0.00533	0.00533	0.00666	0.00533	0.00400	0.01333	0.01200	0.02132	0.01866	0.02132	0.01466	0.00666	0.00400	0.00133	0.00267	0.00533	0.83073	0.00533
5	0.09237	0.01453	0.01598	0.04969	0.01780	0.01604	0.01047	0.55018	0.02308	0.11421	0.01389	0.01403	0.00976	0.00677	0.00583	0.00175	0.02395	0.00503	0.00545	0.00918
6	0.01141	0.01078	0.01825	0.64993	0.16997	0.01287	0.01619	0.01514	0.01172	0.01535	0.01027	0.01505	0.00788	0.00561	0.00571	0.00187	0.00748	0.00509	0.00259	0.00684
7	0.00849	0.00596	0.00716	0.00706	0.00718	0.00632	0.00438	0.00880	0.00850	0.01155	0.01751	0.05281	0.01980	0.65603	0.11042	0.00571	0.04698	0.00810	0.00342	0.00382
8	0.01188	0.00651	0.00664	0.00619	0.00788	0.00670	0.00476	0.09390	0.01364	0.02295	0.01812	0.02049	0.01412	0.00669	0.00419	0.00138	0.00307	0.00531	0.73979	0.00582
9	0.01225	0.01235	0.03565	0.48179	0.14520	0.04609	0.01543	0.02861	0.01175	0.01555	0.00984	0.01433	0.00785	0.00633	0.00777	0.00195	0.13274	0.00499	0.00265	0.00688
10	0.04208	0.04234	0.35361	0.04044	0.20899	0.01418	0.09626	0.01736	0.01199	0.01785	0.01008	0.01291	0.00786	0.00578	0.00699	0.00186	0.09393	0.00475	0.00262	0.00812
11	0.00790	0.00583	0.00732	0.00696	0.00836	0.00531	0.00518	0.01033	0.01549	0.02146	0.63227	0.04447	0.16131	0.03384	0.00737	0.00192	0.00281	0.01055	0.00607	0.00526
12	0.00776	0.00567	0.00729	0.00722	0.00843	0.00520	0.00529	0.01002	0.01490	0.02067	0.55767	0.18971	0.11255	0.01314	0.00685	0.00191	0.00284	0.01164	0.00602	0.00520
13	0.00756	0.00537	0.00716	0.00837	0.00889	0.00513	0.00599	0.00882	0.01121	0.01485	0.03017	0.57807	0.03540	0.08067	0.00919	0.00265	0.00391	0.16674	0.00515	0.00468
14	0.01423	0.01229	0.01293	0.01164	0.01487	0.01423	0.00905	0.03039	0.75297	0.02393	0.02328	0.02134	0.01746	0.00776	0.00582	0.00194	0.00453	0.00647	0.00582	0.00905
15	0.01529	0.80242	0.02997	0.00979	0.01468	0.02263	0.00979	0.01713	0.01162	0.01346	0.00795	0.00918	0.00734	0.00489	0.00367	0.00122	0.00612	0.00306	0.00245	0.00734
16	0.01251	0.01251	0.01752	0.01502	0.01502	0.01752	0.01251	0.01377	0.00876	0.01377	0.00751	0.01251	0.00751	0.01001	0.01877	0.00250	0.78851	0.00501	0.00250	0.00626
17	0.02099	0.02656	0.01657	0.01579	0.05617	0.73666	0.01139	0.02257	0.01604	0.01424	0.00894	0.01051	0.00746	0.00585	0.00518	0.00149	0.01013	0.00376	0.00294	0.00676
18	0.01382	0.44179	0.28978	0.01230	0.01827	0.01840	0.01372	0.01894	0.09351	0.01626	0.01046	0.01154	0.00842	0.00540	0.00453	0.00151	0.00677	0.00385	0.00281	0.00792
19	0.01178	0.02768	0.68596	0.01579	0.02367	0.01339	0.01980	0.01947	0.09375	0.01876	0.01170	0.01310	0.00837	0.00569	0.00548	0.00183	0.00802	0.00447	0.00279	0.00852
20	0.00803	0.00584	0.00756	0.00713	0.00851	0.00537	0.00535	0.01067	0.01604	0.02258	0.72703	0.04331	0.08745	0.01183	0.00675	0.00181	0.00271	0.01043	0.00625	0.00537
21	0.00697	0.00498	0.00664	0.00796	0.00830	0.00465	0.00531	0.00796	0.01095	0.01460	0.03153	0.79525	0.03783	0.01792	0.00730	0.00232	0.00332	0.01626	0.00531	0.00465
22	0.01352	0.01741	0.20136	0.03062	0.58697	0.01352	0.01841	0.01769	0.01280	0.01855	0.01064	0.01366	0.00863	0.00518	0.00561	0.00173	0.00719	0.00489	0.00273	0.00892
23	0.00698	0.00580	0.00609	0.00602	0.00786	0.00492	0.00452	0.00863	0.01355	0.01666	0.17162	0.05305	0.64655	0.01403	0.00676	0.00191	0.00287	0.01179	0.00547	0.00492
24	0.00727	0.00538	0.00687	0.00794	0.00873	0.00497	0.00572	0.00860	0.01168	0.01514	0.03634	0.54446	0.17396	0.01695	0.00729	0.00230	0.00353	0.12280	0.00530	0.00477
25	0.01516	0.01584	0.02156	0.10253	0.54041	0.15508	0.03152	0.01827	0.01347	0.01742	0.01036	0.01357	0.00860	0.00530	0.00560	0.00168	0.00759	0.00487	0.00283	0.00832
26	0.01396	0.01346	0.02319	0.07554	0.70261	0.01357	0.03858	0.01742	0.01295	0.01845	0.01075	0.01425	0.00897	0.00512	0.00570	0.00172	0.00692	0.00514	0.00282	0.00887
27	0.02137	0.02726	0.01621	0.01474	0.01768	0.77602	0.01105	0.02284	0.01621	0.01400	0.00884	0.01031	0.00737	0.00589	0.00516	0.00147	0.01031	0.00368	0.00295	0.00663
28	0.00700	0.00580	0.00613	0.00605	0.00787	0.00493	0.00454	0.00868	0.01361	0.01681	0.18570	0.05281	0.63237	0.01398	0.00676	0.00191	0.00286	0.01176	0.00549	0.00493
29	0.01225	0.10890	0.58390	0.01807	0.11316	0.01434	0.03631	0.01795	0.01218	0.01770	0.01011	0.01210	0.00751	0.00532	0.00531	0.00174	0.00803	0.00427	0.00248	0.00839
30	0.00724	0.00525	0.00704	0.00824	0.00864	0.00505	0.00568	0.00837	0.01115	0.01493	0.04961	0.71997	0.03732	0.01747	0.00757	0.00233	0.02069	0.05344	0.00527	0.00473
31	0.01410	0.01560	0.04474	0.01797	0.02080	0.09644	0.26784	0.05095	0.01217	0.01655	0.00964	0.01359	0.00817	0.00828	0.03069	0.00230	0.35481	0.00549	0.00285	0.00701
32	0.16000	0.01428	0.11058	0.02683	0.03261	0.01296	0.01044	0.25006	0.06481	0.14078	0.07035	0.03258	0.01392	0.00702	0.00538	0.00177	0.00553	0.00547	0.02634	0.00829
33	0.01703	0.09971	0.01586	0.01111	0.01466	0.01492	0.00926	0.35246	0.05242	0.04022	0.01358	0.01470	0.01040	0.00676	0.00645	0.00162	0.08785	0.00485	0.14632	0.07981
34	0.01867	0.01463	0.03486	0.01220	0.01650	0.01533	0.01010	0.52171	0.10387	0.03093	0.01518	0.04854	0.01184	0.02469	0.00616	0.00176	0.00579	0.00563	0.00533	0.09625

[dist]
# distance from previous block
# <min> <max>
3	8

[block]
# block no. 4 follows, 41 sequences, length 34
# corresponding to MSA columns:
# 203-236
name=unknown_E
#
# <colnr> <probs for GDERKNQSTAVLIFYWHMCP>
#	G	D	E	R	K	N	Q	S	T	A	V	L	I	F	Y	W	H	M	C	P
0	0.26497	0.05525	0.24606	0.01267	0.07280	0.01186	0.01193	0.01731	0.01219	0.09543	0.10459	0.01601	0.01370	0.00680	0.00558	0.03118	0.00578	0.00484	0.00375	0.00729
1	0.00713	0.00510	0.00681	0.00800	0.00844	0.00477	0.00545	0.00832	0.01143	0.01533	0.08710	0.71196	0.03889	0.01737	0.00728	0.00229	0.00334	0.04088	0.00538	0.00473
2	0.01457	0.07507	0.15860	0.03216	0.09646	0.04211	0.01180	0.05825	0.14070	0.11799	0.17172	0.02115	0.02005	0.00738	0.00572	0.00175	0.00569	0.00614	0.00466	0.00801
3	0.02405	0.00929	0.01252	0.00973	0.01383	0.00809	0.00799	0.02631	0.01603	0.69039	0.04203	0.02023	0.01526	0.00717	0.00564	0.00174	0.00464	0.00584	0.06992	0.00928
4	0.01328	0.04983	0.61348	0.01576	0.04689	0.01280	0.01876	0.01904	0.01271	0.10700	0.03054	0.01370	0.00930	0.00576	0.00546	0.00178	0.00776	0.00455	0.00308	0.00851
5	0.01395	0.01481	0.08017	0.03367	0.70693	0.01357	0.01783	0.01760	0.01295	0.01864	0.01072	0.01400	0.00892	0.00512	0.00565	0.00171	0.00692	0.00503	0.00280	0.00901
6	0.00697	0.00498	0.00664	0.00796	0.00830	0.00465	0.00531	0.00796	0.01095	0.01460	0.03153	0.79525	0.03783	0.01792	0.00730	0.00232	0.00332	0.01626	0.00531	0.00465
7	0.01188	0.11131	0.69116	0.01561	0.02369	0.01427	0.01993	0.01801	0.01203	0.01762	0.01002	0.01177	0.00726	0.00538	0.00525	0.00175	0.00821	0.00410	0.00242	0.00834
8	0.00994	0.00497	0.00745	0.00745	0.00745	0.00497	0.00497	0.00745	0.00745	0.00994	0.00994	0.01739	0.00994	0.01987	0.02235	0.83358	0.00497	0.00497	0.00248	0.00248
9	0.83938	0.01106	0.00841	0.00752	0.01106	0.01283	0.00619	0.01681	0.00973	0.02566	0.00796	0.00929	0.00619	0.00531	0.00354	0.00177	0.00442	0.00310	0.00354	0.00619
10	0.02140	0.02612	0.01631	0.01458	0.01769	0.69912	0.01103	0.09600	0.01729	0.01623	0.00934	0.01066	0.00761	0.00599	0.00521	0.00150	0.00991	0.00383	0.00323	0.00695
11	0.01752	0.03294	0.07289	0.01234	0.01622	0.01517	0.01067	0.40946	0.10531	0.04983	0.02974	0.01705	0.02788	0.02700	0.03654	0.00217	0.06823	0.00555	0.03495	0.00855
12	0.04795	0.56478	0.05121	0.00954	0.01390	0.01845	0.00925	0.01714	0.03642	0.04511	0.09423	0.01434	0.01342	0.00594	0.00424	0.00138	0.00551	0.00423	0.03578	0.00719
13	0.01303	0.01476	0.05384	0.02014	0.02368	0.01566	0.42043	0.01647	0.01153	0.01647	0.00988	0.01413	0.00815	0.00695	0.01158	0.00216	0.32535	0.00595	0.00272	0.00715
14	0.00747	0.00561	0.00655	0.00698	0.00831	0.00495	0.00506	0.00890	0.01258	0.03317	0.09987	0.32985	0.39347	0.01543	0.00698	0.00209	0.00317	0.03920	0.00543	0.00493
15	0.20351	0.05021	0.01552	0.01372	0.06220	0.33235	0.01020	0.17869	0.04625	0.02209	0.01038	0.01147	0.00813	0.00596	0.00492	0.00162	0.00750	0.00405	0.00377	0.00748
16	0.01424	0.01704	0.13793	0.06154	0.06075	0.07365	0.27209	0.05990	0.01332	0.04111	0.01110	0.01421	0.00860	0.00625	0.00822	0.00192	0.14593	0.00546	0.03918	0.00755
17	0.00681	0.00580	0.00587	0.00585	0.00776	0.00485	0.00439	0.00831	0.01316	0.01575	0.08610	0.05455	0.73264	0.01437	0.00676	0.00193	0.00289	0.01200	0.00535	0.00485
18	0.00857	0.00671	0.00904	0.01107	0.09610	0.00642	0.00699	0.04344	0.01252	0.01656	0.05491	0.49608	0.15102	0.01509	0.00696	0.00216	0.00385	0.04199	0.00507	0.00547
19	0.08727	0.07582	0.23509	0.03761	0.05532	0.01466	0.33766	0.01769	0.01232	0.01827	0.01035	0.01328	0.00789	0.00533	0.00640	0.00185	0.04746	0.00525	0.00275	0.00771
20	0.01405	0.01518	0.09602	0.12914	0.40697	0.03017	0.06530	0.06569	0.08447	0.01958	0.01203	0.01476	0.00947	0.00558	0.00573	0.00177	0.00709	0.00522	0.00323	0.00854
21	0.01060	0.00970	0.01392	0.03250	0.01358	0.01292	0.01029	0.01226	0.00902	0.01358	0.01095	0.01688	0.01044	0.02408	0.34498	0.00537	0.43495	0.00549	0.00275	0.00576
22	0.01527	0.01280	0.01391	0.01096	0.03166	0.05183	0.00857	0.23662	0.01659	0.02343	0.01189	0.04013	0.00982	0.00576	0.00521	0.00125	0.02329	0.00447	0.00411	0.47242
23	0.38184	0.16270	0.11724	0.03912	0.04259	0.04466	0.01016	0.04555	0.02935	0.05066	0.02437	0.01159	0.00840	0.00559	0.00433	0.00167	0.00578	0.00381	0.00343	0.00717
24	0.83938	0.01106	0.00841	0.00752	0.01106	0.01283	0.00619	0.01681	0.00973	0.02566	0.00796	0.00929	0.00619	0.00531	0.00354	0.00177	0.00442	0.00310	0.00354	0.00619
25	0.00832	0.00555	0.00624	0.00624	0.00624	0.00555	0.00347	0.00832	0.00832	0.01109	0.01802	0.03743	0.02080	0.79898	0.02911	0.00555	0.00555	0.00832	0.00347	0.00347
26	0.01517	0.77736	0.05395	0.01000	0.01501	0.02233	0.01016	0.01716	0.01164	0.01361	0.00803	0.00927	0.00734	0.00491	0.00373	0.00124	0.00619	0.00310	0.00245	0.00738
27	0.00705	0.00506	0.00661	0.00778	0.00818	0.00471	0.00519	0.00806	0.01103	0.01467	0.04921	0.71270	0.06584	0.05434	0.00829	0.00245	0.00339	0.01558	0.00525	0.00462
28	0.00725	0.00581	0.00647	0.00631	0.00803	0.00504	0.00473	0.00916	0.01419	0.01820	0.31539	0.05053	0.50182	0.01346	0.00676	0.00188	0.00282	0.01144	0.00567	0.00504
29	0.00697	0.00498	0.00664	0.00796	0.00830	0.00465	0.00531	0.00796	0.01095	0.01460	0.03153	0.79525	0.03783	0.01792	0.00730	0.00232	0.00332	0.01626	0.00531	0.00465
30	0.83938	0.01106	0.00841	0.00752	0.01106	0.01283	0.00619	0.01681	0.00973	0.02566	0.00796	0.00929	0.00619	0.00531	0.00354	0.00177	0.00442	0.00310	0.00354	0.00619
31	0.02566	0.00973	0.01327	0.01018	0.01460	0.00841	0.00841	0.02788	0.01637	0.76726	0.02257	0.01947	0.01416	0.00708	0.00575	0.00177	0.00487	0.00575	0.00708	0.00973
32	0.01529	0.80242	0.02997	0.00979	0.01468	0.02263	0.00979	0.01713	0.01162	0.01346	0.00795	0.00918	0.00734	0.00489	0.00367	0.00122	0.00612	0.00306	0.00245	0.00734
33	0.00676	0.00579	0.00579	0.00579	0.00773	0.00483	0.00435	0.00821	0.01304	0.01545	0.05794	0.05505	0.76098	0.01449	0.00676	0.00193	0.00290	0.01207	0.00531	0.00483

[dist]
# distance from previous block
# <min> <max>
3	9

[block]
# block no. 5 follows, 41 sequences, length 18
# corresponding to MSA columns:
# 248-252,254-266
name=unknown_F
#
# <colnr> <probs for GDERKNQSTAVLIFYWHMCP>
#	G	D	E	R	K	N	Q	S	T	A	V	L	I	F	Y	W	H	M	C	P
0	0.01350	0.01543	0.03375	0.02411	0.02989	0.01446	0.74253	0.01832	0.01350	0.01832	0.01157	0.01543	0.00868	0.00482	0.00675	0.00193	0.00964	0.00675	0.00289	0.00771
1	0.05437	0.01581	0.01629	0.01268	0.01710	0.06608	0.01040	0.58250	0.02426	0.12184	0.01424	0.01402	0.00997	0.00677	0.00560	0.00171	0.00631	0.00505	0.00562	0.00939
2	0.02199	0.01657	0.01681	0.01309	0.01751	0.08378	0.01071	0.63053	0.02522	0.08540	0.01392	0.01383	0.00983	0.00680	0.00567	0.00170	0.00655	0.00506	0.00557	0.00946
3	0.00736	0.00582	0.00662	0.00642	0.00809	0.00508	0.00482	0.00936	0.01445	0.01879	0.37160	0.04954	0.44524	0.01324	0.00675	0.00187	0.00281	0.01130	0.00575	0.00508
4	0.01372	0.01116	0.01331	0.01104	0.06663	0.00957	0.00813	0.11549	0.03335	0.03796	0.01149	0.01289	0.00917	0.00486	0.00461	0.00109	0.00469	0.00392	0.02099	0.60592
5	0.00980	0.00708	0.00885	0.00882	0.02798	0.00638	0.00623	0.04073	0.01201	0.03649	0.02320	0.41196	0.02544	0.04558	0.02188	0.00212	0.00411	0.03386	0.07086	0.19661
6	0.00697	0.00498	0.00664	0.00796	0.00830	0.00465	0.00531	0.00796	0.01095	0.01460	0.03153	0.79525	0.03783	0.01792	0.00730	0.00232	0.00332	0.01626	0.00531	0.00465
7	0.00831	0.00557	0.00638	0.00638	0.00643	0.00562	0.00364	0.00841	0.00836	0.01119	0.01789	0.03673	0.02049	0.76331	0.06436	0.00572	0.00601	0.00821	0.00345	0.00354
8	0.01557	0.61409	0.05611	0.03178	0.04118	0.01990	0.01048	0.03588	0.01230	0.06728	0.00969	0.01103	0.00824	0.00679	0.03740	0.00168	0.00659	0.00360	0.00290	0.00755
9	0.01542	0.01288	0.01360	0.01188	0.01533	0.01478	0.00934	0.14354	0.63788	0.02585	0.02177	0.02013	0.01623	0.00762	0.00580	0.00190	0.00481	0.00626	0.00580	0.00916
10	0.00916	0.00608	0.00799	0.00738	0.00891	0.00558	0.00558	0.01183	0.01620	0.06814	0.71548	0.04131	0.05155	0.01141	0.00669	0.00180	0.00283	0.01007	0.00634	0.00566
11	0.01262	0.02326	0.48180	0.08974	0.17717	0.02827	0.01889	0.01854	0.04436	0.03609	0.01119	0.01334	0.00826	0.00554	0.00553	0.00179	0.00782	0.00461	0.00278	0.00841
12	0.01334	0.01339	0.05939	0.15433	0.18057	0.01281	0.28151	0.01714	0.01287	0.06997	0.03294	0.06284	0.01181	0.00644	0.00681	0.00191	0.04448	0.00651	0.00331	0.00762
13	0.00700	0.00506	0.00656	0.00774	0.00819	0.00469	0.00518	0.00799	0.01102	0.01455	0.03306	0.71482	0.09143	0.04342	0.00798	0.00240	0.00336	0.01569	0.00525	0.00462
14	0.00722	0.00518	0.00680	0.00795	0.00843	0.00486	0.00546	0.00836	0.01124	0.01493	0.05682	0.65127	0.06660	0.05540	0.00836	0.00247	0.00353	0.06520	0.00525	0.00467
15	0.01137	0.01272	0.08477	0.48928	0.04838	0.01304	0.13450	0.01523	0.01153	0.01538	0.01062	0.01586	0.00842	0.04381	0.00786	0.00211	0.06037	0.00543	0.00264	0.00667
16	0.03299	0.05834	0.01167	0.00944	0.01178	0.04983	0.04201	0.06465	0.05479	0.06059	0.13084	0.13954	0.21122	0.04243	0.00752	0.00205	0.02429	0.03486	0.00499	0.00616
17	0.01186	0.01151	0.02008	0.48522	0.10930	0.01315	0.13652	0.03886	0.01239	0.01634	0.01251	0.01670	0.04051	0.00613	0.00656	0.00191	0.04503	0.00566	0.00285	0.00690

[dist]
# distance from previous block
# <min> <max>
1	2

[block]
# block no. 6 follows, 41 sequences, length 41
# corresponding to MSA columns:
# 269-309
name=unknown_G
#
# <colnr> <probs for GDERKNQSTAVLIFYWHMCP>
#	G	D	E	R	K	N	Q	S	T	A	V	L	I	F	Y	W	H	M	C	P
0	0.47394	0.04343	0.03260	0.09288	0.06115	0.04644	0.00950	0.11197	0.01273	0.02379	0.00920	0.01104	0.00715	0.00575	0.00492	0.00177	0.03742	0.00383	0.00354	0.00697
1	0.01510	0.03527	0.06718	0.07219	0.30391	0.12062	0.12736	0.07441	0.01407	0.01858	0.01063	0.01364	0.00858	0.00578	0.00671	0.00177	0.06985	0.00506	0.02129	0.00801
2	0.01111	0.00577	0.00581	0.00565	0.00711	0.00584	0.00428	0.04302	0.01260	0.02192	0.01846	0.02102	0.01446	0.00667	0.00407	0.00135	0.00281	0.00532	0.79722	0.00551
3	0.01334	0.01275	0.02174	0.21823	0.58658	0.01338	0.01715	0.01684	0.01264	0.01769	0.01061	0.01442	0.00871	0.00525	0.00568	0.00175	0.00700	0.00509	0.00276	0.00840
4	0.00832	0.00555	0.00624	0.00624	0.00624	0.00555	0.00347	0.00832	0.00832	0.01109	0.01802	0.03743	0.02080	0.79898	0.02911	0.00555	0.00555	0.00832	0.00347	0.00347
5	0.00680	0.00580	0.00585	0.00584	0.00775	0.00485	0.00438	0.00829	0.01314	0.01569	0.08039	0.05465	0.73839	0.01440	0.00676	0.00193	0.00289	0.01202	0.00534	0.00485
6	0.00697	0.00498	0.00664	0.00796	0.00830	0.00465	0.00531	0.00796	0.01095	0.01460	0.03153	0.79525	0.03783	0.01792	0.00730	0.00232	0.00332	0.01626	0.00531	0.00465
7	0.20609	0.01003	0.01219	0.00959	0.01382	0.00939	0.00792	0.02542	0.01490	0.60283	0.01933	0.01721	0.01239	0.00669	0.00526	0.00177	0.00477	0.00516	0.00629	0.00895
8	0.00817	0.00613	0.00919	0.00919	0.01021	0.00715	0.00715	0.01021	0.00919	0.01328	0.01532	0.02247	0.01430	0.04290	0.77631	0.00919	0.01532	0.00613	0.00306	0.00511
9	0.00799	0.00584	0.00750	0.00708	0.00848	0.00535	0.00531	0.01058	0.01594	0.02233	0.70347	0.04372	0.11116	0.01192	0.00675	0.00181	0.00271	0.01048	0.00622	0.00535
10	0.02174	0.01602	0.01717	0.01316	0.01774	0.01774	0.01087	0.74423	0.02689	0.03605	0.01373	0.01373	0.00973	0.00687	0.00572	0.00172	0.00629	0.00515	0.00572	0.00973
11	0.01080	0.01017	0.01716	0.78523	0.03940	0.01271	0.01589	0.01461	0.01144	0.01461	0.01017	0.01525	0.00762	0.00572	0.00572	0.00191	0.00762	0.00508	0.00254	0.00635
12	0.02226	0.01023	0.01293	0.01030	0.01420	0.00972	0.00829	0.07488	0.13179	0.54288	0.02173	0.02077	0.01489	0.06880	0.00758	0.00209	0.00496	0.00602	0.00651	0.00914
13	0.01388	0.01331	0.02272	0.09722	0.70336	0.01352	0.01742	0.01731	0.01289	0.01835	0.01071	0.01425	0.00894	0.00515	0.00567	0.00172	0.00686	0.00510	0.00281	0.00884
14	0.01208	0.01022	0.01283	0.02647	0.01412	0.04213	0.08150	0.14116	0.08289	0.02228	0.23174	0.05027	0.14296	0.01049	0.00655	0.00193	0.00496	0.09347	0.00530	0.00666
15	0.01010	0.00815	0.00969	0.01078	0.01220	0.06641	0.00924	0.01259	0.01334	0.01680	0.02865	0.08191	0.03108	0.01509	0.00767	0.00253	0.00560	0.64773	0.00509	0.00535
16	0.01529	0.80242	0.02997	0.00979	0.01468	0.02263	0.00979	0.01713	0.01162	0.01346	0.00795	0.00918	0.00734	0.00489	0.00367	0.00122	0.00612	0.00306	0.00245	0.00734
17	0.03828	0.03052	0.01421	0.01112	0.01491	0.01227	0.03043	0.25245	0.12801	0.23992	0.04773	0.06419	0.07355	0.00829	0.00588	0.00181	0.00512	0.00681	0.00588	0.00861
18	0.01129	0.00654	0.00894	0.00940	0.01092	0.00616	0.00750	0.01326	0.01307	0.15023	0.06033	0.31897	0.03224	0.01484	0.00725	0.00233	0.00438	0.31085	0.00565	0.00585
19	0.00771	0.00581	0.00713	0.00684	0.00832	0.00523	0.00511	0.01003	0.01521	0.02072	0.55333	0.06657	0.24181	0.01261	0.00677	0.00185	0.00277	0.01097	0.00601	0.00523
20	0.00880	0.00773	0.00780	0.00776	0.00943	0.06541	0.00572	0.01085	0.03500	0.01674	0.15643	0.22449	0.30338	0.03209	0.00718	0.00202	0.00382	0.04038	0.00515	0.04982
21	0.01785	0.11346	0.01892	0.07901	0.17750	0.18172	0.01208	0.18064	0.02980	0.07875	0.01393	0.01512	0.04382	0.00633	0.00538	0.00163	0.00707	0.00494	0.00393	0.00810
22	0.01147	0.02959	0.76934	0.01630	0.02476	0.01328	0.02113	0.01811	0.01208	0.01811	0.01026	0.01208	0.00725	0.00543	0.00543	0.00181	0.00845	0.00423	0.00242	0.00845
23	0.10607	0.00957	0.01235	0.00968	0.01377	0.00862	0.00795	0.02543	0.01569	0.63480	0.07851	0.02026	0.01646	0.00726	0.00561	0.00177	0.00465	0.00584	0.00666	0.00904
24	0.01305	0.03036	0.10814	0.01137	0.01494	0.01073	0.06635	0.12083	0.08583	0.08390	0.19394	0.05079	0.13484	0.00931	0.00670	0.00186	0.03688	0.00785	0.00506	0.00726
25	0.01300	0.01271	0.02165	0.30264	0.29673	0.03340	0.13988	0.03796	0.01310	0.01771	0.03308	0.01564	0.00989	0.00557	0.00586	0.00180	0.00746	0.00550	0.01879	0.00762
26	0.01136	0.01079	0.01515	0.06712	0.01518	0.01452	0.01113	0.01274	0.00933	0.01402	0.01192	0.12969	0.01270	0.04230	0.01624	0.00253	0.56857	0.00682	0.02201	0.00589
27	0.68329	0.01145	0.01135	0.04698	0.09044	0.01297	0.03721	0.01685	0.01030	0.02414	0.00850	0.01031	0.00665	0.00529	0.00399	0.00178	0.00502	0.00354	0.00339	0.00656
28	0.00869	0.00620	0.00861	0.00993	0.01101	0.00613	0.00829	0.01093	0.01264	0.01652	0.03058	0.23712	0.03408	0.01630	0.00776	0.00256	0.00481	0.55744	0.00528	0.00512
29	0.01218	0.07386	0.05191	0.08264	0.11828	0.01276	0.24621	0.03675	0.01264	0.01742	0.02989	0.15595	0.01486	0.00799	0.00706	0.00192	0.06412	0.00756	0.03898	0.00703
30	0.00773	0.00601	0.00715	0.00738	0.00901	0.00543	0.00588	0.00980	0.01386	0.01775	0.22526	0.05446	0.39541	0.01414	0.00705	0.00208	0.00347	0.19752	0.00554	0.00508
31	0.01687	0.06771	0.06708	0.03438	0.12912	0.30894	0.01175	0.07128	0.06919	0.03078	0.01322	0.02890	0.02858	0.00651	0.00562	0.00163	0.02830	0.00488	0.06785	0.00741
32	0.01147	0.02959	0.76934	0.01630	0.02476	0.01328	0.02113	0.01811	0.01208	0.01811	0.01026	0.01208	0.00725	0.00543	0.00543	0.00181	0.00845	0.00423	0.00242	0.00845
33	0.00928	0.00610	0.00786	0.00733	0.00893	0.00554	0.00553	0.01174	0.01565	0.07974	0.59993	0.07819	0.11855	0.01190	0.00670	0.00183	0.00292	0.01044	0.00621	0.00564
34	0.01647	0.21900	0.01842	0.02925	0.01565	0.04383	0.02531	0.15505	0.06112	0.10666	0.06515	0.01525	0.01274	0.00620	0.00523	0.00146	0.02128	0.00474	0.00429	0.17291
35	0.83938	0.01106	0.00841	0.00752	0.01106	0.01283	0.00619	0.01681	0.00973	0.02566	0.00796	0.00929	0.00619	0.00531	0.00354	0.00177	0.00442	0.00310	0.00354	0.00619
36	0.01500	0.01232	0.01311	0.01164	0.01497	0.01412	0.00910	0.05774	0.69379	0.05593	0.02288	0.02097	0.01702	0.00770	0.00581	0.00192	0.00461	0.00639	0.00587	0.00911
37	0.01094	0.01030	0.01740	0.75529	0.06829	0.01274	0.01595	0.01473	0.01150	0.01478	0.01019	0.01521	0.00768	0.00569	0.00572	0.00190	0.00759	0.00508	0.00255	0.00646
38	0.01619	0.01193	0.01380	0.06327	0.07387	0.01315	0.00964	0.28279	0.19391	0.04594	0.01690	0.01758	0.01263	0.00682	0.00534	0.00169	0.00513	0.00551	0.19562	0.00828
39	0.01164	0.00946	0.01016	0.00927	0.01170	0.02502	0.00721	0.09736	0.25372	0.02239	0.20386	0.05461	0.18521	0.01061	0.00631	0.00190	0.00401	0.04236	0.02630	0.00693
40	0.00752	0.00576	0.00689	0.00674	0.00823	0.00513	0.00501	0.00963	0.01463	0.01956	0.44742	0.10579	0.31056	0.01320	0.00679	0.00189	0.00282	0.01143	0.00586	0.00513

[dist]
# distance from previous block
# <min> <max>
0	2

[block]
# block no. 7 follows, 41 sequences, length 12
# corresponding to MSA columns:
# 312-317,319-324
name=unknown_H
#
# <colnr> <probs for GDERKNQSTAVLIFYWHMCP>
#	G	D	E	R	K	N	Q	S	T	A	V	L	I	F	Y	W	H	M	C	P
0	0.42287	0.01262	0.01279	0.03762	0.06468	0.01410	0.00893	0.22930	0.05644	0.07383	0.01165	0.01240	0.00858	0.00601	0.00465	0.00176	0.00527	0.00424	0.00444	0.00779
1	0.02137	0.06869	0.01674	0.01410	0.01727	0.67408	0.01077	0.02292	0.01597	0.07318	0.00987	0.01097	0.00790	0.00593	0.00512	0.00148	0.00965	0.00381	0.00324	0.00691
2	0.00819	0.00664	0.00904	0.00952	0.00978	0.00749	0.00690	0.00925	0.01047	0.01442	0.02622	0.62234	0.03113	0.01617	0.00983	0.00236	0.17677	0.01377	0.00469	0.00500
3	0.03788	0.05572	0.67211	0.01565	0.02345	0.01337	0.03914	0.01770	0.01189	0.01795	0.01041	0.01285	0.00772	0.03286	0.00617	0.00192	0.00817	0.00436	0.00250	0.00815
4	0.83938	0.01106	0.00841	0.00752	0.01106	0.01283	0.00619	0.01681	0.00973	0.02566	0.00796	0.00929	0.00619	0.00531	0.00354	0.00177	0.00442	0.00310	0.00354	0.00619
5	0.00967	0.00751	0.01061	0.01223	0.13634	0.00733	0.00766	0.01298	0.06398	0.02126	0.52571	0.03449	0.04050	0.01096	0.00773	0.06717	0.00369	0.00878	0.00538	0.00603
6	0.00700	0.00566	0.00621	0.00637	0.00794	0.00488	0.00467	0.00855	0.01316	0.01643	0.15855	0.17820	0.53310	0.01465	0.00685	0.00198	0.00294	0.01252	0.00546	0.00488
7	0.00842	0.00592	0.00777	0.00800	0.00857	0.00628	0.00572	0.00958	0.00944	0.01287	0.01915	0.03678	0.02057	0.40269	0.28647	0.00633	0.00891	0.12855	0.00363	0.00434
8	0.01148	0.13545	0.53532	0.01368	0.02020	0.01331	0.01654	0.01632	0.01138	0.01627	0.01125	0.01595	0.00955	0.13936	0.00918	0.00236	0.00763	0.00475	0.00260	0.00745
9	0.00709	0.00570	0.00635	0.00657	0.00812	0.00496	0.00487	0.00869	0.01313	0.01643	0.15091	0.17874	0.50714	0.01473	0.00690	0.00201	0.00305	0.04426	0.00545	0.00490
10	0.01565	0.01215	0.01322	0.01100	0.01482	0.01292	0.00874	0.16265	0.40301	0.07434	0.02094	0.01986	0.05169	0.00729	0.00558	0.00170	0.00476	0.00593	0.00545	0.14831
11	0.00850	0.00671	0.00803	0.00811	0.00976	0.00614	0.00580	0.01134	0.08604	0.01634	0.03088	0.47879	0.13470	0.01409	0.00656	0.00198	0.00353	0.01250	0.00504	0.14516

[dist]
# distance from previous block
# <min> <max>
0	47

# created by:
# /st0/software/busco_prod/Augustus/scripts/msa2prfl.pl ./align_prep/157608.fa
