[name]
unknown

[dist]
# distance from previous block
# <min> <max>
0	67

[block]
# block no. 0 follows, 46 sequences, length 12
# corresponding to MSA columns:
# 69-80
name=unknown_A
#
# <colnr> <probs for GDERKNQSTAVLIFYWHMCP>
#	G	D	E	R	K	N	Q	S	T	A	V	L	I	F	Y	W	H	M	C	P
0	0.04673	0.01133	0.02937	0.18506	0.30596	0.03261	0.05424	0.01568	0.02384	0.06130	0.02648	0.01624	0.02855	0.00557	0.00517	0.00157	0.00598	0.03106	0.00312	0.11016
1	0.01254	0.01200	0.02047	0.16805	0.64990	0.01242	0.01595	0.01575	0.01178	0.01661	0.00985	0.01326	0.00814	0.00481	0.00524	0.00160	0.00642	0.00471	0.00257	0.00793
2	0.01827	0.02243	0.01428	0.04507	0.01642	0.65884	0.00989	0.05646	0.01505	0.01408	0.01212	0.01322	0.06940	0.00613	0.00493	0.00142	0.00869	0.00415	0.00301	0.00613
3	0.00766	0.00523	0.00632	0.00632	0.00651	0.00542	0.00389	0.00804	0.00785	0.01066	0.01615	0.03181	0.01801	0.65795	0.18152	0.00581	0.00695	0.00728	0.00313	0.00351
4	0.00998	0.00940	0.01586	0.80150	0.03641	0.01175	0.01468	0.01351	0.01057	0.01351	0.00940	0.01409	0.00705	0.00529	0.00529	0.00176	0.00705	0.00470	0.00235	0.00587
5	0.01305	0.01267	0.02206	0.03182	0.73446	0.01261	0.06251	0.01627	0.01206	0.01725	0.00999	0.01316	0.00835	0.00469	0.00530	0.00158	0.00644	0.00481	0.00262	0.00830
6	0.01082	0.00997	0.01631	0.69350	0.09550	0.01208	0.01454	0.05725	0.01152	0.01496	0.00963	0.01393	0.00727	0.00530	0.00528	0.00174	0.00691	0.00470	0.00254	0.00626
7	0.08044	0.01445	0.01422	0.11487	0.03533	0.14809	0.00999	0.32374	0.07064	0.02311	0.01385	0.01477	0.05534	0.00645	0.00551	0.00161	0.03448	0.00481	0.00408	0.02424
8	0.01092	0.00678	0.00910	0.03628	0.01081	0.00629	0.03275	0.01251	0.01150	0.16530	0.06021	0.24157	0.14267	0.09453	0.02087	0.00222	0.02424	0.00915	0.02880	0.07351
9	0.01175	0.05078	0.30953	0.01133	0.01660	0.01016	0.03943	0.04223	0.03922	0.07673	0.05262	0.01689	0.07273	0.00693	0.02762	0.00165	0.00592	0.00490	0.00342	0.19955
10	0.01280	0.17472	0.26202	0.01260	0.01767	0.03927	0.09172	0.05746	0.07575	0.05089	0.03643	0.01516	0.05423	0.00590	0.00523	0.00155	0.02573	0.00477	0.00323	0.05288
11	0.05494	0.34511	0.24881	0.02937	0.01743	0.01536	0.05557	0.04909	0.01177	0.06547	0.00992	0.03002	0.00800	0.00518	0.00438	0.00143	0.00625	0.00394	0.00283	0.03512

[dist]
# distance from previous block
# <min> <max>
0	17

[block]
# block no. 1 follows, 46 sequences, length 31
# corresponding to MSA columns:
# 98-128
name=unknown_B
#
# <colnr> <probs for GDERKNQSTAVLIFYWHMCP>
#	G	D	E	R	K	N	Q	S	T	A	V	L	I	F	Y	W	H	M	C	P
0	0.01321	0.52098	0.22695	0.01116	0.01615	0.04549	0.01204	0.01603	0.01081	0.01361	0.00791	0.00945	0.00677	0.00504	0.00491	0.00137	0.06563	0.00327	0.00227	0.00696
1	0.04217	0.08586	0.59409	0.01428	0.02097	0.01303	0.04554	0.01675	0.01108	0.04700	0.00959	0.01127	0.00699	0.00527	0.00562	0.00167	0.05482	0.00397	0.00247	0.00756
2	0.01242	0.19584	0.37093	0.06341	0.02015	0.04203	0.06586	0.01650	0.01149	0.05930	0.01101	0.01491	0.00897	0.00580	0.00523	0.00163	0.02564	0.05899	0.00274	0.00716
3	0.01191	0.09424	0.39831	0.10374	0.07047	0.01306	0.07755	0.03956	0.07221	0.03588	0.02723	0.01312	0.00886	0.00531	0.00508	0.00164	0.00698	0.00448	0.00283	0.00753
4	0.00977	0.00885	0.01381	0.55050	0.02811	0.01070	0.01225	0.04086	0.01113	0.01437	0.01607	0.07844	0.08977	0.00760	0.00635	0.00185	0.05778	0.03312	0.00300	0.00569
5	0.01081	0.00995	0.01590	0.66568	0.07824	0.01208	0.01412	0.04460	0.06769	0.01516	0.01046	0.01440	0.00788	0.00543	0.00529	0.00175	0.00674	0.00480	0.00271	0.00633
6	0.00848	0.00613	0.00767	0.00795	0.00897	0.00609	0.00581	0.08678	0.02726	0.01727	0.17258	0.43506	0.03340	0.06144	0.00773	0.00220	0.00358	0.09157	0.00503	0.00499
7	0.02178	0.00918	0.01206	0.00946	0.01329	0.00835	0.00774	0.04713	0.08232	0.65266	0.06266	0.01918	0.01527	0.00683	0.00537	0.00165	0.00440	0.00559	0.00636	0.00872
8	0.00644	0.00460	0.00613	0.00736	0.00767	0.00429	0.00491	0.00736	0.01012	0.01350	0.02914	0.81076	0.03497	0.01656	0.00675	0.00215	0.00307	0.01503	0.00491	0.00429
9	0.01081	0.07434	0.74166	0.01471	0.02233	0.01279	0.01891	0.01669	0.01114	0.01649	0.00936	0.01100	0.00670	0.00499	0.00493	0.00164	0.00768	0.00384	0.00223	0.00775
10	0.01060	0.02735	0.78682	0.01507	0.02288	0.01228	0.01953	0.01674	0.01116	0.01674	0.00949	0.01116	0.00670	0.00502	0.00502	0.00167	0.00781	0.00391	0.00223	0.00781
11	0.00708	0.00539	0.00650	0.00622	0.00765	0.00481	0.00467	0.00919	0.01400	0.01892	0.53926	0.04325	0.29048	0.01166	0.00624	0.00170	0.00255	0.01009	0.00552	0.00481
12	0.01298	0.01245	0.02126	0.05923	0.75529	0.01253	0.01617	0.01613	0.01199	0.01714	0.00992	0.01312	0.00833	0.00473	0.00524	0.00158	0.00631	0.00471	0.00261	0.00829
13	0.00745	0.00514	0.00636	0.00658	0.00681	0.00527	0.00416	0.00797	0.00827	0.01121	0.01833	0.16647	0.02078	0.52484	0.17289	0.00527	0.00653	0.00857	0.00343	0.00369
14	0.00685	0.00489	0.00660	0.00782	0.00831	0.00464	0.00561	0.00806	0.01052	0.01395	0.02891	0.66426	0.03408	0.01618	0.00686	0.00220	0.00342	0.15753	0.00490	0.00441
15	0.01248	0.01426	0.03119	0.02228	0.02763	0.01337	0.76203	0.01693	0.01248	0.01693	0.01070	0.01426	0.00802	0.00446	0.00624	0.00178	0.00891	0.00624	0.00267	0.00713
16	0.01285	0.01233	0.02104	0.08950	0.72598	0.01250	0.01611	0.01602	0.01193	0.01699	0.00990	0.01316	0.00828	0.00475	0.00524	0.00158	0.00634	0.00471	0.00260	0.00819
17	0.01053	0.01114	0.02310	0.01746	0.02118	0.01044	0.51745	0.01384	0.01172	0.01582	0.01665	0.27156	0.01673	0.00837	0.00640	0.00190	0.00702	0.00908	0.00340	0.00621
18	0.00998	0.00940	0.01586	0.80150	0.03641	0.01175	0.01468	0.01351	0.01057	0.01351	0.00940	0.01409	0.00705	0.00529	0.00529	0.00176	0.00705	0.00470	0.00235	0.00587
19	0.07279	0.02466	0.67873	0.01392	0.02098	0.01178	0.01757	0.01622	0.01125	0.01755	0.05892	0.01280	0.00941	0.00539	0.00497	0.00167	0.00719	0.00419	0.00254	0.00748
20	0.01047	0.00989	0.01674	0.68073	0.15338	0.01187	0.01492	0.01393	0.01080	0.01410	0.00948	0.01394	0.00726	0.00520	0.00528	0.00173	0.00693	0.00470	0.00239	0.00627
21	0.01247	0.01187	0.01993	0.14808	0.61812	0.01208	0.01535	0.01562	0.01174	0.01669	0.00983	0.01310	0.00814	0.00475	0.00516	0.00155	0.00624	0.00461	0.00261	0.06205
22	0.01330	0.01017	0.01112	0.00986	0.01226	0.04055	0.00759	0.28794	0.09169	0.04085	0.01952	0.30133	0.01935	0.01251	0.06529	0.00230	0.00534	0.00855	0.00483	0.03565
23	0.85155	0.01022	0.00777	0.00695	0.01022	0.01186	0.00573	0.01554	0.00900	0.02372	0.00736	0.00859	0.00573	0.00491	0.00327	0.00164	0.00409	0.00286	0.00327	0.00573
24	0.00648	0.00536	0.00568	0.00560	0.00728	0.00456	0.00420	0.00804	0.01260	0.01558	0.19004	0.04873	0.64179	0.01290	0.00625	0.00176	0.00264	0.01086	0.00508	0.00456
25	0.01160	0.00958	0.01110	0.00818	0.01247	0.00786	0.00655	0.09506	0.01290	0.01940	0.08918	0.01410	0.01230	0.00489	0.00430	0.00096	0.00398	0.00397	0.00365	0.66798
26	0.02267	0.00877	0.01193	0.00923	0.01313	0.00759	0.00759	0.02475	0.01512	0.73564	0.06972	0.01938	0.01546	0.00682	0.00538	0.00164	0.00437	0.00559	0.00650	0.00874
27	0.03049	0.05112	0.00960	0.00818	0.01015	0.12547	0.00623	0.01374	0.03691	0.10896	0.19501	0.18868	0.14484	0.01033	0.00568	0.00169	0.00420	0.00871	0.03437	0.00563
28	0.01362	0.01092	0.01374	0.01078	0.01444	0.03743	0.09228	0.18431	0.05450	0.06988	0.04268	0.13711	0.01457	0.00712	0.00521	0.00145	0.00497	0.00622	0.00426	0.27448
29	0.05160	0.01399	0.01438	0.01273	0.04324	0.08518	0.00952	0.26551	0.15843	0.10160	0.10956	0.05125	0.01836	0.00864	0.00626	0.00203	0.00584	0.00649	0.00569	0.02971
30	0.09801	0.01013	0.01159	0.00944	0.01286	0.03318	0.02181	0.11982	0.09842	0.26785	0.07657	0.07703	0.02854	0.00724	0.00515	0.00158	0.00448	0.00594	0.00513	0.10521

[dist]
# distance from previous block
# <min> <max>
9	41

[block]
# block no. 2 follows, 46 sequences, length 47
# corresponding to MSA columns:
# 171-217
name=unknown_C
#
# <colnr> <probs for GDERKNQSTAVLIFYWHMCP>
#	G	D	E	R	K	N	Q	S	T	A	V	L	I	F	Y	W	H	M	C	P
0	0.10963	0.01285	0.01718	0.02200	0.42339	0.07777	0.01244	0.07585	0.01353	0.16742	0.01183	0.01320	0.00891	0.00528	0.00500	0.00157	0.00593	0.00452	0.00366	0.00806
1	0.34318	0.06202	0.04437	0.00908	0.01281	0.08406	0.00774	0.04007	0.05295	0.22357	0.02978	0.01280	0.00964	0.00563	0.00430	0.00155	0.00497	0.00399	0.00420	0.04329
2	0.19887	0.08043	0.36513	0.01120	0.01668	0.01156	0.01257	0.01755	0.01150	0.15897	0.03001	0.01383	0.03886	0.00570	0.00464	0.00162	0.00589	0.00426	0.00344	0.00729
3	0.45269	0.07623	0.03651	0.00827	0.01192	0.01151	0.00713	0.03830	0.05373	0.18542	0.04577	0.01284	0.01011	0.00564	0.00410	0.00159	0.00440	0.00395	0.00414	0.02575
4	0.08170	0.49120	0.24563	0.01064	0.01599	0.01716	0.01177	0.01646	0.01089	0.04453	0.00849	0.00964	0.00692	0.00478	0.00393	0.00135	0.00611	0.00324	0.00250	0.00708
5	0.56250	0.00984	0.00908	0.00770	0.01110	0.01064	0.00630	0.03828	0.03156	0.17417	0.05361	0.01268	0.01009	0.00562	0.00398	0.00161	0.00413	0.00387	0.00417	0.03907
6	0.08393	0.22335	0.52995	0.01286	0.01946	0.01440	0.01572	0.01641	0.01087	0.01627	0.00877	0.01027	0.00663	0.00489	0.00446	0.00154	0.00695	0.00355	0.00233	0.00738
7	0.01326	0.01364	0.05085	0.03102	0.72114	0.04389	0.01611	0.01644	0.01212	0.01708	0.00986	0.01287	0.00825	0.00475	0.00521	0.00157	0.00647	0.00463	0.00261	0.00826
8	0.01192	0.32139	0.50429	0.01283	0.01941	0.01549	0.01563	0.01640	0.01101	0.01514	0.00869	0.01016	0.00673	0.00484	0.00442	0.00147	0.00701	0.00350	0.00224	0.00743
9	0.01232	0.41258	0.41667	0.01213	0.01834	0.01649	0.01442	0.01630	0.01096	0.01464	0.00844	0.00985	0.00674	0.00478	0.00423	0.00141	0.00676	0.00338	0.00225	0.00731
10	0.00669	0.00500	0.00716	0.00797	0.00848	0.00466	0.03582	0.00775	0.01022	0.01364	0.02838	0.77824	0.03386	0.01607	0.00673	0.00213	0.00331	0.01467	0.00482	0.00441
11	0.00748	0.00540	0.00707	0.00665	0.00790	0.00499	0.00499	0.00998	0.01496	0.02120	0.77844	0.03949	0.04988	0.01081	0.00624	0.00166	0.00249	0.00956	0.00582	0.00499
12	0.00644	0.00460	0.00613	0.00736	0.00767	0.00429	0.00491	0.00736	0.01012	0.01350	0.02914	0.81076	0.03497	0.01656	0.00675	0.00215	0.00307	0.01503	0.00491	0.00429
13	0.01244	0.01416	0.03062	0.02196	0.02710	0.01348	0.73317	0.01677	0.01231	0.01677	0.01055	0.01416	0.00798	0.00464	0.00667	0.00180	0.03951	0.00618	0.00266	0.00708
14	0.04172	0.79080	0.02705	0.00898	0.01346	0.02062	0.00894	0.01582	0.01068	0.01281	0.00735	0.00848	0.00675	0.00454	0.00339	0.00115	0.00560	0.00283	0.00229	0.00675
15	0.01340	0.01189	0.01207	0.01087	0.01385	0.04314	0.00844	0.02782	0.74258	0.02176	0.02100	0.01933	0.01578	0.00711	0.00536	0.00178	0.00439	0.00588	0.00528	0.00828
16	0.00769	0.00513	0.00577	0.00577	0.00577	0.00513	0.00320	0.00769	0.00769	0.01025	0.01666	0.03460	0.01922	0.81421	0.02691	0.00513	0.00513	0.00769	0.00320	0.00320
17	0.02372	0.00900	0.01227	0.00941	0.01350	0.00777	0.00777	0.02576	0.01513	0.78489	0.02086	0.01799	0.01309	0.00654	0.00532	0.00164	0.00450	0.00532	0.00654	0.00900
18	0.01248	0.01426	0.03119	0.02228	0.02763	0.01337	0.76203	0.01693	0.01248	0.01693	0.01070	0.01426	0.00802	0.00446	0.00624	0.00178	0.00891	0.00624	0.00267	0.00713
19	0.01060	0.02735	0.78682	0.01507	0.02288	0.01228	0.01953	0.01674	0.01116	0.01674	0.00949	0.01116	0.00670	0.00502	0.00502	0.00167	0.00781	0.00391	0.00223	0.00781
20	0.01315	0.01136	0.01195	0.01076	0.01375	0.01315	0.00837	0.02809	0.77168	0.02211	0.02152	0.01972	0.01614	0.00717	0.00538	0.00179	0.00418	0.00598	0.00538	0.00837
21	0.02372	0.00900	0.01227	0.00941	0.01350	0.00777	0.00777	0.02576	0.01513	0.78489	0.02086	0.01799	0.01309	0.00654	0.00532	0.00164	0.00450	0.00532	0.00654	0.00900
22	0.00748	0.00540	0.00707	0.00665	0.00790	0.00499	0.00499	0.00998	0.01496	0.02120	0.77844	0.03949	0.04988	0.01081	0.00624	0.00166	0.00249	0.00956	0.00582	0.00499
23	0.00960	0.00754	0.00911	0.00949	0.01114	0.00806	0.00764	0.01590	0.26577	0.01744	0.02686	0.18814	0.05051	0.01245	0.00652	0.00214	0.00423	0.33650	0.00505	0.00592
24	0.00782	0.06429	0.08903	0.00722	0.00958	0.00667	0.00643	0.01022	0.01321	0.01760	0.37964	0.03854	0.30897	0.01071	0.00592	0.00167	0.00334	0.00909	0.00487	0.00522
25	0.01060	0.02735	0.78682	0.01507	0.02288	0.01228	0.01953	0.01674	0.01116	0.01674	0.00949	0.01116	0.00670	0.00502	0.00502	0.00167	0.00781	0.00391	0.00223	0.00781
26	0.01413	0.81739	0.02770	0.00905	0.01357	0.02092	0.00905	0.01583	0.01074	0.01244	0.00735	0.00848	0.00678	0.00452	0.00339	0.00113	0.00565	0.00283	0.00226	0.00678
27	0.01096	0.00940	0.01096	0.00783	0.01253	0.00705	0.00626	0.01331	0.01096	0.01723	0.00940	0.01096	0.00783	0.00392	0.00392	0.00078	0.00392	0.00313	0.00313	0.84653
28	0.01950	0.02479	0.01502	0.01363	0.01627	0.76989	0.01025	0.02086	0.01478	0.01293	0.00813	0.00959	0.00681	0.00556	0.00514	0.00139	0.03317	0.00344	0.00271	0.00612
29	0.00852	0.00608	0.00852	0.00974	0.01095	0.00608	0.00852	0.01095	0.01217	0.01582	0.02799	0.05963	0.03042	0.01460	0.00730	0.00243	0.00487	0.74565	0.00487	0.00487
30	0.00681	0.00490	0.00646	0.00716	0.00782	0.00456	0.00501	0.00825	0.01167	0.01587	0.25262	0.53929	0.05934	0.01471	0.00660	0.00200	0.00294	0.03430	0.00518	0.00452
31	0.01205	0.01161	0.01896	0.30118	0.47823	0.03315	0.01531	0.01526	0.01161	0.01579	0.01020	0.01461	0.00847	0.00520	0.00530	0.00166	0.00660	0.02489	0.00259	0.00734
32	0.00755	0.00566	0.00850	0.00850	0.00944	0.00661	0.00661	0.00944	0.00850	0.01227	0.01416	0.02077	0.01322	0.03965	0.79326	0.00850	0.01416	0.00566	0.00283	0.00472
33	0.00709	0.00539	0.00653	0.00624	0.00766	0.00482	0.00468	0.00923	0.01405	0.01903	0.55084	0.04307	0.27884	0.01162	0.00624	0.00170	0.00255	0.01006	0.00553	0.00482
34	0.01072	0.05267	0.76248	0.01487	0.02258	0.01255	0.01920	0.01671	0.01115	0.01660	0.00942	0.01108	0.00670	0.00501	0.00497	0.00166	0.00774	0.00387	0.00223	0.00778
35	0.01331	0.01519	0.02712	0.02000	0.02453	0.10544	0.57709	0.01778	0.05643	0.01647	0.01076	0.01383	0.00827	0.00507	0.00680	0.00177	0.06457	0.00578	0.00281	0.00699
36	0.01060	0.02735	0.78682	0.01507	0.02288	0.01228	0.01953	0.01674	0.01116	0.01674	0.00949	0.01116	0.00670	0.00502	0.00502	0.00167	0.00781	0.00391	0.00223	0.00781
37	0.00653	0.00466	0.00623	0.00746	0.00780	0.00437	0.00505	0.00751	0.01021	0.01359	0.02909	0.78009	0.03478	0.01648	0.00677	0.00216	0.00314	0.04486	0.00491	0.00432
38	0.02168	0.00848	0.01155	0.00916	0.01281	0.00736	0.00743	0.02359	0.01454	0.69398	0.02183	0.11143	0.01566	0.00772	0.00549	0.00170	0.00433	0.00646	0.00635	0.00844
39	0.01295	0.01243	0.02122	0.06513	0.74958	0.01253	0.01616	0.01611	0.01198	0.01711	0.00992	0.01313	0.00832	0.00473	0.00524	0.00158	0.00631	0.00471	0.00261	0.00827
40	0.01279	0.01244	0.02177	0.09278	0.66378	0.01256	0.07376	0.01606	0.01195	0.01695	0.00996	0.01326	0.00824	0.00474	0.00532	0.00160	0.00654	0.00483	0.00260	0.00808
41	0.01044	0.00973	0.01618	0.73500	0.07941	0.01192	0.01465	0.03413	0.01105	0.01427	0.00952	0.01400	0.00718	0.00528	0.00528	0.00175	0.00697	0.00470	0.00244	0.00610
42	0.85155	0.01022	0.00777	0.00695	0.01022	0.01186	0.00573	0.01554	0.00900	0.02372	0.00736	0.00859	0.00573	0.00491	0.00327	0.00164	0.00409	0.00286	0.00327	0.00573
43	0.03070	0.01148	0.01934	0.28095	0.52289	0.01228	0.01549	0.01533	0.01149	0.01620	0.00971	0.01331	0.00789	0.00490	0.00521	0.00163	0.00648	0.00467	0.00254	0.00751
44	0.01605	0.01932	0.06664	0.03821	0.15264	0.40719	0.01158	0.03467	0.12135	0.01597	0.02813	0.01450	0.01030	0.00602	0.00511	0.00154	0.00761	0.03299	0.00324	0.00693
45	0.00683	0.00535	0.00623	0.00624	0.00767	0.00476	0.00469	0.00860	0.01284	0.01666	0.30372	0.10574	0.41315	0.01346	0.02652	0.00197	0.00303	0.04271	0.00517	0.00466
46	0.06963	0.63541	0.11668	0.00982	0.01458	0.05219	0.01013	0.01614	0.01086	0.01372	0.00764	0.00885	0.00670	0.00465	0.00364	0.00124	0.00597	0.00298	0.00234	0.00681

[dist]
# distance from previous block
# <min> <max>
1	4

[block]
# block no. 3 follows, 46 sequences, length 66
# corresponding to MSA columns:
# 223-288
name=unknown_D
#
# <colnr> <probs for GDERKNQSTAVLIFYWHMCP>
#	G	D	E	R	K	N	Q	S	T	A	V	L	I	F	Y	W	H	M	C	P
0	0.09075	0.00844	0.00938	0.00896	0.04539	0.05069	0.00652	0.07634	0.03371	0.06820	0.48328	0.02986	0.04971	0.00900	0.00567	0.00164	0.00366	0.00764	0.00523	0.00593
1	0.03735	0.12206	0.58575	0.01394	0.02066	0.01336	0.03523	0.01628	0.01092	0.01626	0.00906	0.01084	0.00676	0.00511	0.00536	0.00161	0.04613	0.00381	0.00231	0.03720
2	0.01747	0.02224	0.07043	0.01835	0.20478	0.54671	0.01234	0.01960	0.01399	0.01427	0.00870	0.01052	0.00719	0.00524	0.00490	0.00143	0.00861	0.00376	0.00266	0.00680
3	0.01179	0.29185	0.53267	0.01305	0.01976	0.01517	0.01602	0.01644	0.01102	0.01530	0.00877	0.01026	0.00673	0.00486	0.00448	0.00149	0.00709	0.00354	0.00224	0.00747
4	0.00866	0.05734	0.15443	0.00902	0.01147	0.02680	0.00825	0.03645	0.01189	0.01591	0.12697	0.36360	0.09906	0.01192	0.00603	0.00187	0.00431	0.03623	0.00433	0.00544
5	0.01275	0.01204	0.02015	0.02996	0.69552	0.01211	0.01536	0.01629	0.04098	0.01735	0.01171	0.01675	0.01029	0.00553	0.00539	0.00164	0.00610	0.05909	0.00289	0.00812
6	0.01154	0.18559	0.01810	0.45325	0.02659	0.03575	0.02979	0.03735	0.01115	0.01419	0.00965	0.04003	0.00809	0.00557	0.00526	0.00157	0.03461	0.00454	0.00258	0.06481
7	0.01854	0.02996	0.03613	0.01000	0.01366	0.00870	0.04269	0.02083	0.01389	0.48902	0.11391	0.01904	0.01628	0.00687	0.00618	0.00161	0.06319	0.00556	0.00544	0.07848
8	0.01034	0.04608	0.55011	0.01282	0.01880	0.01067	0.01548	0.01529	0.01195	0.03856	0.14521	0.03593	0.01620	0.00678	0.00534	0.00170	0.00648	0.04199	0.00317	0.00710
9	0.01401	0.78999	0.05403	0.00925	0.01389	0.02062	0.00941	0.01586	0.01076	0.01259	0.00742	0.00857	0.00678	0.00454	0.00345	0.00115	0.00573	0.00286	0.00226	0.00682
10	0.01085	0.08248	0.73384	0.01465	0.02223	0.01288	0.01880	0.01668	0.01113	0.01644	0.00934	0.01097	0.00670	0.00499	0.00491	0.00164	0.00766	0.00383	0.00223	0.00774
11	0.00644	0.00460	0.00613	0.00736	0.00767	0.00429	0.00491	0.00736	0.01012	0.01350	0.02914	0.81076	0.03497	0.01656	0.00675	0.00215	0.00307	0.01503	0.00491	0.00429
12	0.00755	0.00566	0.00850	0.00850	0.00944	0.00661	0.00661	0.00944	0.00850	0.01227	0.01416	0.02077	0.01322	0.03965	0.79326	0.00850	0.01416	0.00566	0.00283	0.00472
13	0.01260	0.01035	0.01568	0.02093	0.41129	0.01041	0.01162	0.01723	0.12888	0.08399	0.14008	0.02203	0.05978	0.00695	0.00553	0.00166	0.00496	0.02437	0.00408	0.00757
14	0.00655	0.00537	0.00578	0.00568	0.00733	0.00459	0.00426	0.00818	0.01277	0.01600	0.23364	0.04805	0.59793	0.01275	0.00624	0.00175	0.00263	0.01076	0.00514	0.00459
15	0.01096	0.00940	0.01096	0.00783	0.01253	0.00705	0.00626	0.01331	0.01096	0.01723	0.00940	0.01096	0.00783	0.00392	0.00392	0.00078	0.00392	0.00313	0.00313	0.84653
16	0.01213	0.36822	0.45929	0.01247	0.01886	0.01601	0.01501	0.01635	0.01098	0.01488	0.00856	0.01000	0.00673	0.00481	0.00432	0.00144	0.00688	0.00344	0.00224	0.00737
17	0.01157	0.01157	0.01619	0.01388	0.01388	0.01619	0.01157	0.01272	0.00810	0.01272	0.00694	0.01157	0.00694	0.00925	0.01735	0.00231	0.80453	0.00463	0.00231	0.00578
18	0.00644	0.00460	0.00613	0.00736	0.00767	0.00429	0.00491	0.00736	0.01012	0.01350	0.02914	0.81076	0.03497	0.01656	0.00675	0.00215	0.00307	0.01503	0.00491	0.00429
19	0.01308	0.01256	0.02146	0.03245	0.78123	0.01256	0.01622	0.01622	0.01204	0.01727	0.00994	0.01308	0.00837	0.00471	0.00523	0.00157	0.00628	0.00471	0.00262	0.00837
20	0.00748	0.00540	0.00707	0.00665	0.00790	0.00499	0.00499	0.00998	0.01496	0.02120	0.77844	0.03949	0.04988	0.01081	0.00624	0.00166	0.00249	0.00956	0.00582	0.00499
21	0.01254	0.01201	0.02048	0.16637	0.65153	0.01242	0.01596	0.01575	0.01178	0.01662	0.00985	0.01326	0.00814	0.00481	0.00524	0.00160	0.00641	0.00471	0.00257	0.00794
22	0.01165	0.01118	0.01925	0.38193	0.41586	0.01222	0.04180	0.01501	0.01139	0.01555	0.00972	0.01359	0.00776	0.00496	0.00529	0.00166	0.00672	0.00476	0.00250	0.00719
23	0.01052	0.00995	0.01683	0.66736	0.16633	0.01189	0.01495	0.01398	0.01083	0.01416	0.00949	0.01392	0.00728	0.00519	0.00528	0.00173	0.00691	0.00470	0.00240	0.00631
24	0.01958	0.02353	0.01499	0.01336	0.01627	0.67601	0.01014	0.11001	0.03966	0.01566	0.00913	0.01023	0.00736	0.00561	0.00485	0.00140	0.00892	0.00365	0.00311	0.00654
25	0.01971	0.01392	0.01521	0.01184	0.01589	0.01523	0.00980	0.67069	0.02348	0.08480	0.01410	0.01565	0.01046	0.00681	0.00540	0.00164	0.00567	0.04558	0.00535	0.00876
26	0.01135	0.07365	0.69679	0.01463	0.02195	0.05872	0.01837	0.01695	0.01136	0.01627	0.00928	0.01091	0.00671	0.00502	0.00491	0.00162	0.00779	0.00381	0.00226	0.00765
27	0.01060	0.02735	0.78682	0.01507	0.02288	0.01228	0.01953	0.01674	0.01116	0.01674	0.00949	0.01116	0.00670	0.00502	0.00502	0.00167	0.00781	0.00391	0.00223	0.00781
28	0.04591	0.01495	0.01559	0.01204	0.01620	0.03778	0.00992	0.71979	0.02409	0.03245	0.01240	0.01248	0.00883	0.00628	0.00521	0.00158	0.00587	0.00466	0.00515	0.00881
29	0.02010	0.01481	0.01587	0.01216	0.01639	0.01639	0.01005	0.76360	0.02486	0.03332	0.01269	0.01269	0.00899	0.00635	0.00529	0.00159	0.00582	0.00476	0.00529	0.00899
30	0.01315	0.01136	0.01195	0.01076	0.01375	0.01315	0.00837	0.02809	0.77168	0.02211	0.02152	0.01972	0.01614	0.00717	0.00538	0.00179	0.00418	0.00598	0.00538	0.00837
31	0.01248	0.01426	0.03119	0.02228	0.02763	0.01337	0.76203	0.01693	0.01248	0.01693	0.01070	0.01426	0.00802	0.00446	0.00624	0.00178	0.00891	0.00624	0.00267	0.00713
32	0.00918	0.00459	0.00689	0.00689	0.00689	0.00459	0.00459	0.00689	0.00689	0.00918	0.00918	0.01607	0.00918	0.01837	0.02066	0.84619	0.00459	0.00459	0.00230	0.00230
33	0.01315	0.01136	0.01195	0.01076	0.01375	0.01315	0.00837	0.02809	0.77168	0.02211	0.02152	0.01972	0.01614	0.00717	0.00538	0.00179	0.00418	0.00598	0.00538	0.00837
34	0.01315	0.01136	0.01195	0.01076	0.01375	0.01315	0.00837	0.02809	0.77168	0.02211	0.02152	0.01972	0.01614	0.00717	0.00538	0.00179	0.00418	0.00598	0.00538	0.00837
35	0.85155	0.01022	0.00777	0.00695	0.01022	0.01186	0.00573	0.01554	0.00900	0.02372	0.00736	0.00859	0.00573	0.00491	0.00327	0.00164	0.00409	0.00286	0.00327	0.00573
36	0.00625	0.00536	0.00536	0.00536	0.00714	0.00446	0.00402	0.00759	0.01205	0.01428	0.05355	0.05088	0.77909	0.01339	0.00625	0.00179	0.00268	0.01116	0.00491	0.00446
37	0.02372	0.00900	0.01227	0.00941	0.01350	0.00777	0.00777	0.02576	0.01513	0.78489	0.02086	0.01799	0.01309	0.00654	0.00532	0.00164	0.00450	0.00532	0.00654	0.00900
38	0.01060	0.02735	0.78682	0.01507	0.02288	0.01228	0.01953	0.01674	0.01116	0.01674	0.00949	0.01116	0.00670	0.00502	0.00502	0.00167	0.00781	0.00391	0.00223	0.00781
39	0.00704	0.00539	0.00646	0.00619	0.00763	0.00480	0.00464	0.00912	0.01392	0.01873	0.51965	0.04356	0.31022	0.01173	0.00624	0.00171	0.00256	0.01013	0.00549	0.00480
40	0.01245	0.01417	0.03067	0.02199	0.02714	0.01347	0.73559	0.01679	0.01232	0.01679	0.01056	0.01417	0.00798	0.00463	0.00663	0.00180	0.03695	0.00618	0.00266	0.00708
41	0.00644	0.00460	0.00613	0.00736	0.00767	0.00429	0.00491	0.00736	0.01012	0.01350	0.02914	0.81076	0.03497	0.01656	0.00675	0.00215	0.00307	0.01503	0.00491	0.00429
42	0.01096	0.00940	0.01096	0.00783	0.01253	0.00705	0.00626	0.01331	0.01096	0.01723	0.00940	0.01096	0.00783	0.00392	0.00392	0.00078	0.00392	0.00313	0.00313	0.84653
43	0.00629	0.00536	0.00541	0.00540	0.00716	0.00448	0.00405	0.00766	0.01214	0.01450	0.07614	0.05052	0.75636	0.01331	0.00625	0.00178	0.00267	0.01111	0.00494	0.00448
44	0.01060	0.02735	0.78682	0.01507	0.02288	0.01228	0.01953	0.01674	0.01116	0.01674	0.00949	0.01116	0.00670	0.00502	0.00502	0.00167	0.00781	0.00391	0.00223	0.00781
45	0.00757	0.00561	0.00820	0.00820	0.00904	0.00645	0.00624	0.00925	0.00841	0.01205	0.01443	0.02227	0.01387	0.12375	0.71005	0.00813	0.01318	0.00588	0.00287	0.00456
46	0.01308	0.01256	0.02146	0.03245	0.78123	0.01256	0.01622	0.01622	0.01204	0.01727	0.00994	0.01308	0.00837	0.00471	0.00523	0.00157	0.00628	0.00471	0.00262	0.00837
47	0.00644	0.00460	0.00613	0.00736	0.00767	0.00429	0.00491	0.00736	0.01012	0.01350	0.02914	0.81076	0.03497	0.01656	0.00675	0.00215	0.00307	0.01503	0.00491	0.00429
48	0.01157	0.01102	0.01873	0.40701	0.41847	0.01216	0.01547	0.01490	0.01132	0.01544	0.00968	0.01358	0.00773	0.00499	0.00526	0.00166	0.00665	0.00470	0.00249	0.00716
49	0.01975	0.02520	0.01498	0.01362	0.01634	0.79299	0.01021	0.02111	0.01498	0.01294	0.00817	0.00953	0.00681	0.00545	0.00477	0.00136	0.00953	0.00340	0.00272	0.00613
50	0.00625	0.00536	0.00536	0.00536	0.00714	0.00446	0.00402	0.00759	0.01205	0.01428	0.05355	0.05088	0.77909	0.01339	0.00625	0.00179	0.00268	0.01116	0.00491	0.00446
51	0.01060	0.02735	0.78682	0.01507	0.02288	0.01228	0.01953	0.01674	0.01116	0.01674	0.00949	0.01116	0.00670	0.00502	0.00502	0.00167	0.00781	0.00391	0.00223	0.00781
52	0.01060	0.02735	0.78682	0.01507	0.02288	0.01228	0.01953	0.01674	0.01116	0.01674	0.00949	0.01116	0.00670	0.00502	0.00502	0.00167	0.00781	0.00391	0.00223	0.00781
53	0.01315	0.01136	0.01195	0.01076	0.01375	0.01315	0.00837	0.02809	0.77168	0.02211	0.02152	0.01972	0.01614	0.00717	0.00538	0.00179	0.00418	0.00598	0.00538	0.00837
54	0.01060	0.02735	0.78682	0.01507	0.02288	0.01228	0.01953	0.01674	0.01116	0.01674	0.00949	0.01116	0.00670	0.00502	0.00502	0.00167	0.00781	0.00391	0.00223	0.00781
55	0.02372	0.00900	0.01227	0.00941	0.01350	0.00777	0.00777	0.02576	0.01513	0.78489	0.02086	0.01799	0.01309	0.00654	0.00532	0.00164	0.00450	0.00532	0.00654	0.00900
56	0.02372	0.00900	0.01227	0.00941	0.01350	0.00777	0.00777	0.02576	0.01513	0.78489	0.02086	0.01799	0.01309	0.00654	0.00532	0.00164	0.00450	0.00532	0.00654	0.00900
57	0.01308	0.01256	0.02146	0.03245	0.78123	0.01256	0.01622	0.01622	0.01204	0.01727	0.00994	0.01308	0.00837	0.00471	0.00523	0.00157	0.00628	0.00471	0.00262	0.00837
58	0.01308	0.01256	0.02146	0.03245	0.78123	0.01256	0.01622	0.01622	0.01204	0.01727	0.00994	0.01308	0.00837	0.00471	0.00523	0.00157	0.00628	0.00471	0.00262	0.00837
59	0.00721	0.00553	0.00816	0.00854	0.00936	0.00522	0.05808	0.00856	0.01059	0.01407	0.04675	0.57969	0.05327	0.05764	0.00783	0.00229	0.00378	0.10424	0.00468	0.00453
60	0.00644	0.00460	0.00613	0.00736	0.00767	0.00429	0.00491	0.00736	0.01012	0.01350	0.02914	0.81076	0.03497	0.01656	0.00675	0.00215	0.00307	0.01503	0.00491	0.00429
61	0.01245	0.01417	0.03067	0.02199	0.02715	0.01347	0.73601	0.01679	0.01233	0.01679	0.01056	0.01417	0.00798	0.00462	0.00662	0.00180	0.03650	0.00618	0.00266	0.00708
62	0.01112	0.14223	0.67643	0.01419	0.02153	0.01353	0.01801	0.01661	0.01110	0.01612	0.00918	0.01077	0.00671	0.00495	0.00479	0.00160	0.00750	0.00375	0.00224	0.00766
63	0.01287	0.01234	0.02107	0.08575	0.72961	0.01250	0.01612	0.01604	0.01194	0.01701	0.00991	0.01315	0.00828	0.00475	0.00524	0.00158	0.00633	0.00471	0.00260	0.00820
64	0.00998	0.00940	0.01586	0.80150	0.03641	0.01175	0.01468	0.01351	0.01057	0.01351	0.00940	0.01409	0.00705	0.00529	0.00529	0.00176	0.00705	0.00470	0.00235	0.00587
65	0.00692	0.00500	0.00642	0.00718	0.00775	0.00460	0.00478	0.00782	0.00986	0.01333	0.02610	0.65201	0.03098	0.12147	0.00922	0.00245	0.00340	0.01323	0.00456	0.06292

[dist]
# distance from previous block
# <min> <max>
0	1

[block]
# block no. 4 follows, 46 sequences, length 35
# corresponding to MSA columns:
# 290-324
name=unknown_E
#
# <colnr> <probs for GDERKNQSTAVLIFYWHMCP>
#	G	D	E	R	K	N	Q	S	T	A	V	L	I	F	Y	W	H	M	C	P
0	0.01214	0.00692	0.00901	0.00852	0.01063	0.00654	0.00699	0.01522	0.06368	0.20954	0.22359	0.04056	0.09888	0.01100	0.00630	0.00193	0.00391	0.25296	0.00557	0.00612
1	0.73349	0.01067	0.00879	0.00759	0.01100	0.01219	0.00626	0.09529	0.01090	0.05216	0.00841	0.00936	0.00634	0.00512	0.00356	0.00163	0.00429	0.00315	0.00360	0.00619
2	0.01114	0.01083	0.01911	0.49703	0.24924	0.01215	0.09545	0.01466	0.01120	0.01496	0.00969	0.01382	0.00753	0.00503	0.00537	0.00171	0.00703	0.00487	0.00246	0.00673
3	0.06845	0.01017	0.01172	0.00957	0.01329	0.01015	0.00767	0.03843	0.30678	0.30015	0.01821	0.01681	0.01285	0.00624	0.00498	0.00155	0.00428	0.00504	0.00530	0.14836
4	0.01205	0.01149	0.01932	0.17026	0.59226	0.01185	0.01510	0.01513	0.01177	0.01638	0.01287	0.01589	0.06158	0.00542	0.00531	0.00162	0.00617	0.00516	0.00273	0.00765
5	0.01737	0.01286	0.01460	0.01270	0.07122	0.01385	0.00958	0.42883	0.17900	0.08044	0.03782	0.01526	0.01189	0.00638	0.00524	0.00158	0.00519	0.00508	0.00507	0.06605
6	0.01208	0.33090	0.44780	0.01319	0.01959	0.01567	0.06126	0.01640	0.01108	0.01510	0.00874	0.01032	0.00681	0.00480	0.00447	0.00147	0.00705	0.00363	0.00227	0.00737
7	0.01551	0.01005	0.01143	0.00934	0.01207	0.01042	0.00722	0.33920	0.01706	0.13827	0.06861	0.07664	0.01666	0.20132	0.01060	0.00246	0.00496	0.00654	0.00491	0.03672
8	0.04909	0.01695	0.01440	0.01195	0.01544	0.24789	0.00948	0.40028	0.10087	0.02479	0.01396	0.01410	0.04426	0.00644	0.00511	0.00155	0.00655	0.00471	0.00444	0.00774
9	0.00725	0.00678	0.00610	0.00605	0.00784	0.06230	0.00451	0.00857	0.01218	0.01415	0.04911	0.08265	0.68835	0.01295	0.00616	0.00177	0.00320	0.01077	0.00475	0.00458
10	0.01163	0.00979	0.01132	0.00815	0.01281	0.00773	0.00654	0.06835	0.01198	0.01841	0.00964	0.01109	0.00792	0.00409	0.00402	0.00084	0.00405	0.00325	0.00329	0.78509
11	0.01965	0.01350	0.01486	0.01151	0.01542	0.01469	0.00943	0.63657	0.02260	0.10440	0.01323	0.01345	0.00940	0.00725	0.00642	0.06355	0.00560	0.00480	0.00519	0.00850
12	0.02010	0.01481	0.01587	0.01216	0.01639	0.01639	0.01005	0.76360	0.02486	0.03332	0.01269	0.01269	0.00899	0.00635	0.00529	0.00159	0.00582	0.00476	0.00529	0.00899
13	0.00786	0.00605	0.00882	0.00865	0.00944	0.00718	0.00667	0.00953	0.00840	0.01213	0.01385	0.02131	0.01328	0.10533	0.66915	0.00775	0.07135	0.00577	0.00283	0.00467
14	0.02005	0.01618	0.01575	0.01236	0.01639	0.11900	0.01007	0.66551	0.02355	0.03062	0.01210	0.01228	0.00870	0.00623	0.00522	0.00156	0.00631	0.00458	0.00495	0.00861
15	0.02372	0.00900	0.01227	0.00941	0.01350	0.00777	0.00777	0.02576	0.01513	0.78489	0.02086	0.01799	0.01309	0.00654	0.00532	0.00164	0.00450	0.00532	0.00654	0.00900
16	0.01413	0.81739	0.02770	0.00905	0.01357	0.02092	0.00905	0.01583	0.01074	0.01244	0.00735	0.00848	0.00678	0.00452	0.00339	0.00113	0.00565	0.00283	0.00226	0.00678
17	0.00757	0.00560	0.00816	0.00816	0.00899	0.00643	0.00619	0.00923	0.00840	0.01203	0.01447	0.02246	0.01395	0.13424	0.69967	0.00808	0.01306	0.00591	0.00288	0.00453
18	0.00852	0.00578	0.00648	0.00625	0.00655	0.00589	0.00372	0.06010	0.00894	0.01193	0.01668	0.05167	0.01889	0.73908	0.02493	0.00481	0.00512	0.00766	0.00339	0.00363
19	0.01224	0.01356	0.02729	0.02009	0.02405	0.01410	0.56657	0.01584	0.01134	0.01584	0.00972	0.01356	0.00774	0.00571	0.00913	0.00192	0.21614	0.00582	0.00258	0.00678
20	0.00998	0.00940	0.01586	0.80150	0.03641	0.01175	0.01468	0.01351	0.01057	0.01351	0.00940	0.01409	0.00705	0.00529	0.00529	0.00176	0.00705	0.00470	0.00235	0.00587
21	0.85155	0.01022	0.00777	0.00695	0.01022	0.01186	0.00573	0.01554	0.00900	0.02372	0.00736	0.00859	0.00573	0.00491	0.00327	0.00164	0.00409	0.00286	0.00327	0.00573
22	0.01163	0.01124	0.01960	0.38098	0.38989	0.01225	0.06807	0.01504	0.01140	0.01554	0.00975	0.01363	0.00775	0.00495	0.00533	0.00167	0.00681	0.00481	0.00250	0.00715
23	0.01358	0.69258	0.14763	0.01000	0.01504	0.01955	0.01070	0.01597	0.01081	0.01312	0.00769	0.00890	0.00677	0.00460	0.00365	0.00122	0.00599	0.00300	0.00226	0.00695
24	0.00783	0.00607	0.00903	0.00887	0.00975	0.00727	0.00695	0.00967	0.00847	0.01230	0.01366	0.02013	0.01278	0.03754	0.73945	0.00807	0.06897	0.00559	0.00280	0.00479
25	0.02243	0.08696	0.01374	0.00942	0.01351	0.00922	0.00791	0.02489	0.04051	0.68446	0.01958	0.01714	0.01258	0.00637	0.00513	0.00159	0.00460	0.00510	0.00609	0.00876
26	0.01060	0.02735	0.78682	0.01507	0.02288	0.01228	0.01953	0.01674	0.01116	0.01674	0.00949	0.01116	0.00670	0.00502	0.00502	0.00167	0.00781	0.00391	0.00223	0.00781
27	0.01308	0.01256	0.02146	0.03245	0.78123	0.01256	0.01622	0.01622	0.01204	0.01727	0.00994	0.01308	0.00837	0.00471	0.00523	0.00157	0.00628	0.00471	0.00262	0.00837
28	0.00644	0.00460	0.00613	0.00736	0.00767	0.00429	0.00491	0.00736	0.01012	0.01350	0.02914	0.81076	0.03497	0.01656	0.00675	0.00215	0.00307	0.01503	0.00491	0.00429
29	0.00998	0.00940	0.01586	0.80150	0.03641	0.01175	0.01468	0.01351	0.01057	0.01351	0.00940	0.01409	0.00705	0.00529	0.00529	0.00176	0.00705	0.00470	0.00235	0.00587
30	0.04933	0.01015	0.01660	0.61690	0.13680	0.01205	0.03128	0.03762	0.01119	0.01519	0.00951	0.01366	0.00725	0.00520	0.00521	0.00172	0.00681	0.00465	0.00253	0.00634
31	0.01145	0.21655	0.60502	0.01363	0.02065	0.01435	0.01702	0.01652	0.01106	0.01571	0.00898	0.01052	0.00672	0.00490	0.00463	0.00154	0.00730	0.00365	0.00224	0.00757
32	0.01292	0.01382	0.01599	0.01384	0.01429	0.14491	0.01134	0.01411	0.00924	0.01276	0.00714	0.01123	0.00692	0.00862	0.01526	0.00216	0.67280	0.00442	0.00238	0.00584
33	0.01129	0.00959	0.01114	0.00798	0.01267	0.00738	0.00640	0.03994	0.01146	0.01780	0.00951	0.01102	0.00787	0.00400	0.00396	0.00081	0.00398	0.00319	0.00321	0.81680
34	0.09212	0.09795	0.57407	0.01437	0.02122	0.01314	0.08321	0.01656	0.01103	0.01703	0.00919	0.01094	0.00673	0.00491	0.00481	0.00163	0.00735	0.00391	0.00237	0.00746

[dist]
# distance from previous block
# <min> <max>
0	5

[block]
# block no. 5 follows, 46 sequences, length 7
# corresponding to MSA columns:
# 330-336
name=unknown_F
#
# <colnr> <probs for GDERKNQSTAVLIFYWHMCP>
#	G	D	E	R	K	N	Q	S	T	A	V	L	I	F	Y	W	H	M	C	P
0	0.00699	0.00518	0.00672	0.00742	0.00826	0.00463	0.00507	0.00808	0.01022	0.01395	0.02675	0.71390	0.03168	0.01503	0.00640	0.00198	0.00317	0.01359	0.00469	0.10629
1	0.00809	0.00644	0.00979	0.00921	0.01017	0.00745	0.04169	0.00982	0.00855	0.01228	0.01377	0.02146	0.01324	0.12956	0.60637	0.00732	0.07138	0.00586	0.00283	0.00473
2	0.01308	0.01256	0.02146	0.03245	0.78123	0.01256	0.01622	0.01622	0.01204	0.01727	0.00994	0.01308	0.00837	0.00471	0.00523	0.00157	0.00628	0.00471	0.00262	0.00837
3	0.06417	0.60385	0.07199	0.01107	0.07061	0.01848	0.00994	0.01551	0.01071	0.01382	0.00925	0.01056	0.03337	0.00506	0.00421	0.00129	0.03350	0.00338	0.00244	0.00679
4	0.01197	0.01190	0.01963	0.33994	0.34700	0.04301	0.08525	0.01524	0.01143	0.01536	0.00959	0.01340	0.00768	0.00514	0.00586	0.00169	0.04157	0.00479	0.00251	0.00705
5	0.33207	0.14540	0.04131	0.00977	0.01368	0.04806	0.00850	0.26122	0.05632	0.02422	0.00998	0.01065	0.00761	0.00547	0.00419	0.00154	0.00528	0.00371	0.00382	0.00720
6	0.07530	0.01071	0.01407	0.14290	0.10943	0.01135	0.02737	0.17804	0.08310	0.12618	0.05138	0.07025	0.01325	0.00670	0.00523	0.00164	0.00523	0.00567	0.00433	0.05787

[dist]
# distance from previous block
# <min> <max>
14	25

[block]
# block no. 6 follows, 46 sequences, length 27
# corresponding to MSA columns:
# 363-384,387-391
name=unknown_G
#
# <colnr> <probs for GDERKNQSTAVLIFYWHMCP>
#	G	D	E	R	K	N	Q	S	T	A	V	L	I	F	Y	W	H	M	C	P
0	0.31541	0.03879	0.02417	0.00832	0.01169	0.01025	0.00694	0.11048	0.01323	0.15064	0.10453	0.03770	0.03820	0.00677	0.00460	0.00157	0.00424	0.02388	0.00444	0.08414
1	0.25450	0.00948	0.01093	0.00867	0.01247	0.00914	0.00713	0.05153	0.01359	0.47949	0.03964	0.01546	0.01174	0.00608	0.00470	0.00159	0.00435	0.00463	0.00538	0.04950
2	0.41278	0.01066	0.00993	0.04866	0.06589	0.08262	0.00733	0.01558	0.06619	0.02105	0.19252	0.01743	0.01735	0.00653	0.00450	0.00163	0.00452	0.00495	0.00389	0.00597
3	0.03578	0.01122	0.01846	0.45087	0.11119	0.01268	0.13034	0.10161	0.04419	0.01738	0.01048	0.01393	0.00791	0.00528	0.00538	0.00172	0.00691	0.00495	0.00292	0.00680
4	0.00998	0.00940	0.01586	0.80150	0.03641	0.01175	0.01468	0.01351	0.01057	0.01351	0.00940	0.01409	0.00705	0.00529	0.00529	0.00176	0.00705	0.00470	0.00235	0.00587
5	0.01177	0.01711	0.21697	0.01990	0.02565	0.01273	0.54797	0.01650	0.01206	0.01675	0.01114	0.04560	0.00878	0.00508	0.00596	0.00177	0.00841	0.00602	0.00265	0.00718
6	0.02372	0.00900	0.01227	0.00941	0.01350	0.00777	0.00777	0.02576	0.01513	0.78489	0.02086	0.01799	0.01309	0.00654	0.00532	0.00164	0.00450	0.00532	0.00654	0.00900
7	0.02372	0.00900	0.01227	0.00941	0.01350	0.00777	0.00777	0.02576	0.01513	0.78489	0.02086	0.01799	0.01309	0.00654	0.00532	0.00164	0.00450	0.00532	0.00654	0.00900
8	0.01393	0.01174	0.01239	0.01092	0.01404	0.01351	0.00856	0.11063	0.68787	0.02337	0.02053	0.01893	0.01534	0.00708	0.00537	0.00177	0.00437	0.00584	0.00537	0.00844
9	0.01413	0.81739	0.02770	0.00905	0.01357	0.02092	0.00905	0.01583	0.01074	0.01244	0.00735	0.00848	0.00678	0.00452	0.00339	0.00113	0.00565	0.00283	0.00226	0.00678
10	0.01144	0.06219	0.48308	0.01731	0.02409	0.01309	0.28023	0.01676	0.01160	0.01659	0.00981	0.01212	0.00717	0.00480	0.00537	0.00169	0.00809	0.00467	0.00239	0.00752
11	0.00714	0.00512	0.00570	0.00586	0.00638	0.00484	0.00364	0.00762	0.00917	0.01175	0.02811	0.13991	0.22368	0.49712	0.01878	0.00385	0.00421	0.00957	0.00388	0.00368
12	0.00831	0.00594	0.00828	0.00950	0.01063	0.00591	0.00816	0.01060	0.01197	0.01559	0.02810	0.13409	0.03087	0.01480	0.00725	0.00241	0.00469	0.67323	0.00487	0.00481
13	0.00653	0.00466	0.00623	0.00746	0.00780	0.00437	0.00506	0.00751	0.01021	0.01359	0.02909	0.77962	0.03478	0.01648	0.00677	0.00216	0.00314	0.04532	0.00491	0.00432
14	0.01119	0.05548	0.67961	0.01528	0.02262	0.04090	0.06926	0.01688	0.01137	0.01646	0.00944	0.01121	0.00679	0.00498	0.00504	0.00165	0.00787	0.00401	0.00228	0.00767
15	0.00998	0.00940	0.01586	0.80150	0.03641	0.01175	0.01468	0.01351	0.01057	0.01351	0.00940	0.01409	0.00705	0.00529	0.00529	0.00176	0.00705	0.00470	0.00235	0.00587
16	0.00769	0.00513	0.00577	0.00577	0.00577	0.00513	0.00320	0.00769	0.00769	0.01025	0.01666	0.03460	0.01922	0.81421	0.02691	0.00513	0.00513	0.00769	0.00320	0.00320
17	0.01015	0.00956	0.01615	0.76120	0.07544	0.01179	0.01476	0.01365	0.01065	0.01370	0.00942	0.01404	0.00712	0.00526	0.00528	0.00175	0.00701	0.00470	0.00236	0.00600
18	0.01284	0.01231	0.02102	0.09219	0.72337	0.01250	0.01610	0.01601	0.01192	0.01698	0.00990	0.01316	0.00827	0.00475	0.00524	0.00158	0.00634	0.00471	0.00260	0.00818
19	0.00998	0.00940	0.01586	0.80150	0.03641	0.01175	0.01468	0.01351	0.01057	0.01351	0.00940	0.01409	0.00705	0.00529	0.00529	0.00176	0.00705	0.00470	0.00235	0.00587
20	0.01098	0.11235	0.70514	0.01442	0.02188	0.01321	0.01840	0.01664	0.01112	0.01628	0.00926	0.01087	0.00671	0.00497	0.00485	0.00162	0.00758	0.00379	0.00224	0.00770
21	0.01064	0.01007	0.01704	0.63897	0.19383	0.01192	0.01501	0.01408	0.01088	0.01430	0.00951	0.01388	0.00733	0.00516	0.00527	0.00172	0.00689	0.00470	0.00241	0.00640
22	0.01276	0.01327	0.01536	0.01289	0.01438	0.16584	0.10096	0.05206	0.01096	0.01397	0.01200	0.01764	0.04790	0.15208	0.01406	0.00250	0.32737	0.00546	0.00288	0.00565
23	0.00998	0.00940	0.01586	0.80150	0.03641	0.01175	0.01468	0.01351	0.01057	0.01351	0.00940	0.01409	0.00705	0.00529	0.00529	0.00176	0.00705	0.00470	0.00235	0.00587
24	0.14655	0.00636	0.00744	0.00694	0.00863	0.00623	0.00528	0.01169	0.01358	0.07107	0.53721	0.10029	0.03894	0.01006	0.00573	0.00170	0.00294	0.00866	0.00537	0.00531
25	0.00860	0.00639	0.00893	0.06495	0.01256	0.00656	0.00866	0.01137	0.03344	0.01570	0.02747	0.08103	0.05561	0.01377	0.00705	0.00234	0.00486	0.62101	0.00471	0.00500
26	0.00998	0.00940	0.01586	0.80150	0.03641	0.01175	0.01468	0.01351	0.01057	0.01351	0.00940	0.01409	0.00705	0.00529	0.00529	0.00176	0.00705	0.00470	0.00235	0.00587

[dist]
# distance from previous block
# <min> <max>
0	1

# created by:
# /st0/software/busco_prod/Augustus/scripts/msa2prfl.pl ./align_prep/157618.fa
