[name]
unknown

[dist]
# distance from previous block
# <min> <max>
0	1

[block]
# block no. 0 follows, 39 sequences, length 142
# corresponding to MSA columns:
# 190-331
name=unknown_A
#
# <colnr> <probs for GDERKNQSTAVLIFYWHMCP>
#	G	D	E	R	K	N	Q	S	T	A	V	L	I	F	Y	W	H	M	C	P
0	0.01008	0.00691	0.00967	0.01088	0.01234	0.00687	0.00950	0.01279	0.01372	0.04173	0.03105	0.06520	0.03341	0.01604	0.00810	0.00269	0.00543	0.69248	0.00551	0.00560
1	0.02653	0.01006	0.01372	0.01052	0.01510	0.00869	0.00869	0.02882	0.01693	0.75937	0.02333	0.02013	0.01464	0.00732	0.00595	0.00183	0.00503	0.00595	0.00732	0.01006
2	0.00803	0.00550	0.00662	0.00717	0.00731	0.00536	0.00436	0.00845	0.00970	0.01294	0.02429	0.34255	0.02864	0.47858	0.02096	0.00438	0.00480	0.01193	0.00436	0.00408
3	0.01149	0.00723	0.00992	0.01050	0.01228	0.00707	0.00900	0.01448	0.03049	0.10449	0.10856	0.05787	0.03380	0.01465	0.00773	0.00251	0.00509	0.54096	0.00579	0.00608
4	0.02555	0.01026	0.01394	0.01117	0.03334	0.00900	0.00891	0.02835	0.04032	0.70167	0.02278	0.01989	0.01450	0.00723	0.00591	0.00181	0.00506	0.00590	0.00709	0.02732
5	0.01487	0.00834	0.01061	0.00898	0.01162	0.00789	0.00707	0.09987	0.01807	0.22248	0.47125	0.03425	0.03946	0.01023	0.00658	0.00184	0.00382	0.00880	0.00666	0.00730
6	0.00721	0.00515	0.00686	0.00823	0.00858	0.00480	0.00549	0.00823	0.01132	0.01510	0.03259	0.78831	0.03911	0.01853	0.00755	0.00240	0.00343	0.01681	0.00549	0.00480
7	0.01186	0.03059	0.76153	0.01686	0.02560	0.01373	0.02185	0.01873	0.01249	0.01873	0.01061	0.01249	0.00749	0.00562	0.00562	0.00187	0.00874	0.00437	0.00250	0.00874
8	0.02365	0.01468	0.01658	0.01271	0.01740	0.01555	0.01050	0.53118	0.02466	0.24609	0.01684	0.01591	0.01138	0.00716	0.00592	0.00179	0.00608	0.00550	0.00632	0.01006
9	0.01581	0.79572	0.03099	0.01012	0.01518	0.02340	0.01012	0.01771	0.01202	0.01391	0.00822	0.00949	0.00759	0.00506	0.00379	0.00126	0.00632	0.00316	0.00253	0.00759
10	0.00721	0.00515	0.00686	0.00823	0.00858	0.00480	0.00549	0.00823	0.01132	0.01510	0.03259	0.78831	0.03911	0.01853	0.00755	0.00240	0.00343	0.01681	0.00549	0.00480
11	0.01117	0.01051	0.01774	0.77795	0.04073	0.01314	0.01642	0.01511	0.01182	0.01511	0.01051	0.01577	0.00788	0.00591	0.00591	0.00197	0.00788	0.00526	0.00263	0.00657
12	0.02456	0.00969	0.01324	0.01056	0.01477	0.00847	0.00879	0.02690	0.01654	0.67339	0.02426	0.02553	0.01689	0.00836	0.00620	0.00193	0.00508	0.08820	0.00710	0.00953
13	0.00721	0.00515	0.00686	0.00823	0.00858	0.00480	0.00549	0.00823	0.01132	0.01510	0.03259	0.78831	0.03911	0.01853	0.00755	0.00240	0.00343	0.01681	0.00549	0.00480
14	0.02295	0.01581	0.01728	0.01325	0.01796	0.01722	0.01094	0.65362	0.02654	0.12098	0.01526	0.01489	0.01059	0.00712	0.00592	0.00178	0.00634	0.00540	0.00608	0.01006
15	0.05114	0.00986	0.01321	0.01024	0.01460	0.00865	0.00843	0.02737	0.01670	0.69082	0.06763	0.02127	0.01691	0.00755	0.00594	0.00183	0.00488	0.00615	0.00715	0.00967
16	0.01186	0.03059	0.76153	0.01686	0.02560	0.01373	0.02185	0.01873	0.01249	0.01873	0.01061	0.01249	0.00749	0.00562	0.00562	0.00187	0.00874	0.00437	0.00250	0.00874
17	0.02653	0.01006	0.01372	0.01052	0.01510	0.00869	0.00869	0.02882	0.01693	0.75937	0.02333	0.02013	0.01464	0.00732	0.00595	0.00183	0.00503	0.00595	0.00732	0.01006
18	0.01117	0.01051	0.01774	0.77795	0.04073	0.01314	0.01642	0.01511	0.01182	0.01511	0.01051	0.01577	0.00788	0.00591	0.00591	0.00197	0.00788	0.00526	0.00263	0.00657
19	0.01117	0.01051	0.01774	0.77795	0.04073	0.01314	0.01642	0.01511	0.01182	0.01511	0.01051	0.01577	0.00788	0.00591	0.00591	0.00197	0.00788	0.00526	0.00263	0.00657
20	0.01167	0.01102	0.01864	0.67142	0.14337	0.01327	0.01667	0.01555	0.01206	0.01571	0.01060	0.01560	0.00810	0.00582	0.00590	0.00194	0.00776	0.00526	0.00267	0.00697
21	0.00943	0.00768	0.01100	0.01044	0.01115	0.00950	0.00814	0.01112	0.00930	0.01357	0.01443	0.02282	0.01406	0.12375	0.52230	0.00758	0.17894	0.00635	0.00309	0.00534
22	0.01226	0.01051	0.01226	0.00876	0.01401	0.00788	0.00701	0.01489	0.01226	0.01927	0.01051	0.01226	0.00876	0.00438	0.00438	0.00088	0.00438	0.00350	0.00350	0.82832
23	0.02477	0.01100	0.01407	0.01100	0.01544	0.01032	0.00902	0.09747	0.10234	0.60437	0.02253	0.01978	0.01459	0.00738	0.00595	0.00184	0.00513	0.00597	0.00703	0.00998
24	0.00809	0.00603	0.00752	0.00715	0.00866	0.00546	0.00536	0.01062	0.01608	0.02215	0.61252	0.04674	0.19641	0.01267	0.00698	0.00189	0.00283	0.01106	0.00630	0.00546
25	0.01464	0.01405	0.02400	0.03630	0.75528	0.01405	0.01815	0.01815	0.01347	0.01932	0.01112	0.01464	0.00937	0.00527	0.00585	0.00176	0.00703	0.00527	0.00293	0.00937
26	0.01581	0.79572	0.03099	0.01012	0.01518	0.02340	0.01012	0.01771	0.01202	0.01391	0.00822	0.00949	0.00759	0.00506	0.00379	0.00126	0.00632	0.00316	0.00253	0.00759
27	0.41744	0.01073	0.01129	0.00919	0.01332	0.01091	0.00758	0.02328	0.01360	0.40457	0.01602	0.01503	0.01065	0.00643	0.00484	0.00183	0.00481	0.00462	0.00555	0.00829
28	0.02653	0.01006	0.01372	0.01052	0.01510	0.00869	0.00869	0.02882	0.01693	0.75937	0.02333	0.02013	0.01464	0.00732	0.00595	0.00183	0.00503	0.00595	0.00732	0.01006
29	0.01232	0.11929	0.67683	0.01607	0.02439	0.01485	0.02049	0.01861	0.01243	0.01817	0.01034	0.01214	0.00750	0.00555	0.00541	0.00180	0.00846	0.00423	0.00250	0.00861
30	0.01273	0.01266	0.01807	0.10391	0.01845	0.01754	0.01334	0.01433	0.00938	0.01433	0.00808	0.01327	0.00778	0.00984	0.01784	0.00252	0.69167	0.00518	0.00259	0.00648
31	0.04255	0.01085	0.01409	0.01082	0.01540	0.00990	0.00894	0.11052	0.01805	0.66069	0.02196	0.01923	0.01394	0.00726	0.00590	0.00182	0.00519	0.00582	0.00708	0.00999
32	0.00768	0.00640	0.00679	0.00688	0.00885	0.00567	0.00533	0.01007	0.04807	0.01677	0.07106	0.05611	0.61859	0.01474	0.00708	0.00208	0.00335	0.09366	0.00553	0.00526
33	0.00735	0.00527	0.00675	0.00787	0.00829	0.00492	0.00520	0.00829	0.01116	0.01474	0.03288	0.65049	0.08675	0.10797	0.01012	0.00276	0.00367	0.01556	0.00527	0.00468
34	0.01464	0.01405	0.02400	0.03630	0.75528	0.01405	0.01815	0.01815	0.01347	0.01932	0.01112	0.01464	0.00937	0.00527	0.00585	0.00176	0.00703	0.00527	0.00293	0.00937
35	0.00734	0.00525	0.00698	0.00814	0.00861	0.00489	0.00550	0.00857	0.01195	0.01610	0.11601	0.70204	0.04105	0.01778	0.00748	0.00234	0.00336	0.01610	0.00561	0.00489
36	0.01117	0.01051	0.01774	0.77795	0.04073	0.01314	0.01642	0.01511	0.01182	0.01511	0.01051	0.01577	0.00788	0.00591	0.00591	0.00197	0.00788	0.00526	0.00263	0.00657
37	0.01940	0.01429	0.01548	0.01250	0.01644	0.01575	0.01008	0.51851	0.12848	0.04702	0.01806	0.10538	0.01479	0.00856	0.00608	0.00187	0.00577	0.00687	0.02543	0.00924
38	0.01132	0.00711	0.00909	0.00933	0.01074	0.00691	0.00687	0.09004	0.01398	0.10404	0.02940	0.54727	0.03264	0.01578	0.00724	0.00230	0.00414	0.08000	0.00574	0.00604
39	0.02248	0.01656	0.01775	0.01361	0.01834	0.01834	0.01124	0.73556	0.02780	0.03727	0.01420	0.01420	0.01006	0.00710	0.00592	0.00177	0.00651	0.00532	0.00592	0.01006
40	0.09631	0.01794	0.01632	0.01311	0.01731	0.16058	0.01059	0.50958	0.02355	0.03142	0.01286	0.01337	0.00943	0.00675	0.00554	0.00172	0.00700	0.00485	0.03281	0.00896
41	0.01563	0.01046	0.01262	0.00927	0.01426	0.00827	0.00746	0.03665	0.01370	0.18588	0.01395	0.03031	0.01075	0.00541	0.00484	0.00115	0.00456	0.00438	0.00447	0.60600
42	0.12079	0.04090	0.01660	0.03154	0.01765	0.06593	0.01067	0.52595	0.02334	0.03224	0.01368	0.01582	0.01047	0.00719	0.00564	0.00180	0.00652	0.03902	0.00524	0.00902
43	0.01263	0.15353	0.55601	0.01560	0.02273	0.01582	0.01890	0.01804	0.01201	0.01742	0.00989	0.01205	0.00754	0.00608	0.00692	0.00186	0.09791	0.00427	0.00251	0.00829
44	0.00704	0.00578	0.00621	0.00656	0.00814	0.00494	0.00474	0.00842	0.01293	0.01575	0.05301	0.24172	0.57253	0.01587	0.00713	0.00210	0.00311	0.01358	0.00549	0.00494
45	0.02574	0.01134	0.01451	0.01113	0.01573	0.01059	0.00919	0.16769	0.01906	0.61748	0.02154	0.01896	0.01374	0.00728	0.00594	0.00182	0.00532	0.00582	0.00704	0.01006
46	0.10967	0.03654	0.04840	0.01765	0.02133	0.03399	0.28013	0.09508	0.01346	0.02008	0.01075	0.03029	0.00896	0.00721	0.01001	0.00210	0.23780	0.00577	0.00329	0.00749
47	0.02173	0.02577	0.01711	0.01553	0.03633	0.62233	0.01160	0.12576	0.01807	0.01787	0.00988	0.01133	0.00802	0.00633	0.00580	0.00159	0.03005	0.00410	0.00345	0.00737
48	0.06873	0.19926	0.54797	0.01474	0.02232	0.01585	0.01819	0.01841	0.01222	0.01819	0.00992	0.01162	0.00744	0.00549	0.00508	0.00173	0.00792	0.00402	0.00258	0.00833
49	0.01581	0.79572	0.03099	0.01012	0.01518	0.02340	0.01012	0.01771	0.01202	0.01391	0.00822	0.00949	0.00759	0.00506	0.00379	0.00126	0.00632	0.00316	0.00253	0.00759
50	0.00719	0.00600	0.00627	0.00620	0.00811	0.00508	0.00465	0.00887	0.01395	0.01709	0.15945	0.05508	0.65264	0.01456	0.00699	0.00198	0.00297	0.01222	0.00564	0.00508
51	0.00734	0.00525	0.00698	0.00814	0.00861	0.00489	0.00550	0.00856	0.01193	0.01607	0.11384	0.70428	0.04100	0.01780	0.00748	0.00234	0.00336	0.01612	0.00560	0.00489
52	0.01213	0.01172	0.01933	0.60477	0.16956	0.03096	0.03650	0.01597	0.01230	0.01596	0.01063	0.01545	0.00818	0.00577	0.00592	0.00192	0.00785	0.00527	0.00270	0.00712
53	0.00827	0.00688	0.00738	0.00739	0.00944	0.00638	0.00577	0.01173	0.09835	0.01744	0.07119	0.05384	0.55137	0.01427	0.00704	0.00209	0.00352	0.10652	0.00557	0.00558
54	0.00860	0.00573	0.00645	0.00645	0.00645	0.00573	0.00358	0.00860	0.00860	0.01147	0.01863	0.03870	0.02150	0.79217	0.03010	0.00573	0.00573	0.00860	0.00358	0.00358
55	0.00724	0.00518	0.00690	0.00821	0.00859	0.00483	0.00549	0.00833	0.01150	0.01538	0.05591	0.76419	0.03965	0.01832	0.00753	0.00238	0.00341	0.01661	0.00552	0.00483
56	0.00927	0.00672	0.00945	0.01103	0.03213	0.00665	0.00897	0.01176	0.01342	0.01764	0.06558	0.17220	0.03516	0.01615	0.00795	0.00261	0.00506	0.55734	0.00543	0.00546
57	0.02653	0.01006	0.01372	0.01052	0.01510	0.00869	0.00869	0.02882	0.01693	0.75937	0.02333	0.02013	0.01464	0.00732	0.00595	0.00183	0.00503	0.00595	0.00732	0.01006
58	0.01102	0.00551	0.00551	0.00551	0.00689	0.00551	0.00413	0.01378	0.01240	0.02205	0.01929	0.02205	0.01516	0.00689	0.00413	0.00138	0.00276	0.00551	0.82500	0.00551
59	0.10317	0.10007	0.46965	0.01520	0.04204	0.01528	0.01720	0.11665	0.03100	0.02179	0.01093	0.01239	0.00803	0.00580	0.00528	0.00180	0.00761	0.00433	0.00319	0.00859
60	0.01171	0.00764	0.00959	0.00844	0.01052	0.00735	0.00653	0.09679	0.01804	0.09414	0.59839	0.03845	0.04664	0.01106	0.00676	0.00185	0.00343	0.00963	0.00652	0.00652
61	0.01305	0.01243	0.02113	0.37657	0.42744	0.01363	0.01736	0.01675	0.01271	0.01739	0.01084	0.01516	0.00869	0.00556	0.00588	0.00185	0.00742	0.00526	0.00279	0.00808
62	0.01909	0.01843	0.01561	0.01343	0.01707	0.24239	0.01050	0.22467	0.32659	0.02513	0.01684	0.01645	0.01269	0.00719	0.00578	0.00180	0.00699	0.00544	0.00510	0.00880
63	0.01054	0.00933	0.00937	0.00872	0.01057	0.09496	0.00658	0.01459	0.09557	0.02212	0.53047	0.03893	0.10294	0.01119	0.00668	0.00185	0.00393	0.00961	0.00597	0.00609
64	0.01464	0.01405	0.02400	0.03630	0.75528	0.01405	0.01815	0.01815	0.01347	0.01932	0.01112	0.01464	0.00937	0.00527	0.00585	0.00176	0.00703	0.00527	0.00293	0.00937
65	0.00736	0.00526	0.00705	0.00842	0.00883	0.00494	0.00577	0.00851	0.01148	0.01528	0.03251	0.73872	0.03876	0.01838	0.00759	0.00242	0.00357	0.06483	0.00549	0.00485
66	0.02248	0.01656	0.01775	0.01361	0.01834	0.01834	0.01124	0.73556	0.02780	0.03727	0.01420	0.01420	0.01006	0.00710	0.00592	0.00177	0.00651	0.00532	0.00592	0.01006
67	0.00894	0.00621	0.00786	0.00735	0.00898	0.00562	0.00555	0.01151	0.01624	0.05453	0.61234	0.04512	0.16285	0.01233	0.00693	0.00188	0.00292	0.01077	0.00639	0.00568
68	0.00729	0.00606	0.00643	0.00662	0.00850	0.00520	0.00510	0.00892	0.01344	0.01615	0.05584	0.07811	0.64997	0.01523	0.00714	0.00209	0.00329	0.09410	0.00549	0.00504
69	0.80821	0.01139	0.00885	0.00786	0.01155	0.01312	0.00648	0.01775	0.01028	0.04988	0.00872	0.00994	0.00667	0.00555	0.00373	0.00183	0.00459	0.00329	0.00378	0.00652
70	0.00721	0.00515	0.00686	0.00823	0.00858	0.00480	0.00549	0.00823	0.01132	0.01510	0.03259	0.78831	0.03911	0.01853	0.00755	0.00240	0.00343	0.01681	0.00549	0.00480
71	0.02306	0.01563	0.01717	0.01316	0.01787	0.01696	0.01087	0.63424	0.02625	0.14079	0.01551	0.01505	0.01071	0.00713	0.00592	0.00178	0.00630	0.00541	0.00612	0.01006
72	0.10681	0.00657	0.00629	0.00605	0.00780	0.00684	0.00464	0.03856	0.01265	0.02308	0.01784	0.02034	0.01397	0.00673	0.00414	0.00144	0.00309	0.00524	0.70213	0.00577
73	0.00731	0.00537	0.00690	0.00807	0.00871	0.00495	0.00559	0.00851	0.01177	0.01538	0.03645	0.63988	0.14159	0.01789	0.00750	0.00236	0.00349	0.05792	0.00549	0.00487
74	0.01417	0.10635	0.03444	0.02321	0.02908	0.01593	0.64990	0.01880	0.01373	0.01836	0.01153	0.01520	0.00881	0.00499	0.00661	0.00191	0.00955	0.00654	0.00294	0.00793
75	0.01464	0.01405	0.02400	0.03630	0.75528	0.01405	0.01815	0.01815	0.01347	0.01932	0.01112	0.01464	0.00937	0.00527	0.00585	0.00176	0.00703	0.00527	0.00293	0.00937
76	0.00721	0.00515	0.00686	0.00823	0.00858	0.00480	0.00549	0.00823	0.01132	0.01510	0.03259	0.78831	0.03911	0.01853	0.00755	0.00240	0.00343	0.01681	0.00549	0.00480
77	0.00700	0.00596	0.00602	0.00606	0.00801	0.00499	0.00452	0.00848	0.01341	0.01595	0.05904	0.08022	0.73013	0.01509	0.00701	0.00201	0.00301	0.01262	0.00549	0.00499
78	0.02317	0.01546	0.01707	0.01308	0.01779	0.01670	0.01081	0.61565	0.02596	0.15978	0.01575	0.01520	0.01083	0.00714	0.00592	0.00178	0.00626	0.00543	0.00615	0.01006
79	0.01294	0.01294	0.01811	0.01553	0.01553	0.01811	0.01294	0.01423	0.00906	0.01423	0.00776	0.01294	0.00776	0.01035	0.01941	0.00259	0.78134	0.00518	0.00259	0.00647
80	0.05376	0.66975	0.02844	0.01042	0.01537	0.02235	0.01008	0.10091	0.01376	0.01719	0.00892	0.01004	0.00782	0.00532	0.00403	0.00135	0.00627	0.00341	0.00297	0.00782
81	0.02528	0.00979	0.01332	0.01031	0.01467	0.00848	0.00848	0.02761	0.01691	0.70882	0.07342	0.02178	0.01747	0.00765	0.00602	0.00183	0.00488	0.00627	0.00726	0.00976
82	0.00883	0.00615	0.00800	0.00748	0.00898	0.00565	0.00563	0.01156	0.01664	0.04385	0.70953	0.04392	0.07725	0.01205	0.00695	0.00186	0.00286	0.01062	0.00650	0.00569
83	0.02283	0.01358	0.09557	0.01187	0.01671	0.01136	0.01062	0.18067	0.03873	0.46491	0.02041	0.04046	0.01405	0.00761	0.00600	0.00186	0.00571	0.02104	0.00636	0.00965
84	0.01556	0.01245	0.01397	0.01046	0.01535	0.01149	0.00844	0.24770	0.05013	0.02523	0.01277	0.02973	0.01024	0.00572	0.00502	0.00125	0.00506	0.00451	0.00444	0.51049
85	0.02225	0.01685	0.01759	0.01362	0.01825	0.04356	0.01119	0.69190	0.04741	0.03615	0.01430	0.01430	0.01020	0.00709	0.00590	0.00177	0.00660	0.00531	0.00582	0.00993
86	0.02322	0.01013	0.01324	0.01037	0.01446	0.00925	0.00848	0.10283	0.01808	0.56454	0.13762	0.02329	0.02065	0.00805	0.00611	0.00183	0.00484	0.00663	0.00704	0.00935
87	0.00724	0.00517	0.00689	0.00821	0.00858	0.00482	0.00549	0.00832	0.01147	0.01533	0.05251	0.76771	0.03958	0.01835	0.00753	0.00239	0.00341	0.01664	0.00552	0.00482
88	0.01502	0.01508	0.02105	0.07498	0.50660	0.10447	0.01565	0.01845	0.02899	0.01849	0.01098	0.01407	0.00915	0.00546	0.00589	0.00166	0.02225	0.00492	0.00305	0.10378
89	0.01211	0.08534	0.59870	0.01520	0.02305	0.01361	0.01884	0.01798	0.01234	0.01829	0.01057	0.01253	0.00785	0.00650	0.02646	0.00192	0.00825	0.00423	0.00263	0.10357
90	0.00699	0.00599	0.00599	0.00599	0.00799	0.00499	0.00449	0.00849	0.01348	0.01598	0.05991	0.05691	0.75288	0.01498	0.00699	0.00200	0.00300	0.01248	0.00549	0.00499
91	0.00724	0.00516	0.00685	0.00818	0.00852	0.00483	0.00544	0.00824	0.01125	0.01499	0.03220	0.76727	0.03862	0.04024	0.00818	0.00250	0.00350	0.01658	0.00544	0.00477
92	0.01944	0.08867	0.01563	0.01113	0.01492	0.01307	0.00915	0.24783	0.03652	0.24598	0.01767	0.06018	0.01386	0.04972	0.07376	0.00263	0.02498	0.00614	0.00545	0.04326
93	0.01476	0.01263	0.01337	0.01204	0.01536	0.01458	0.00941	0.04825	0.70640	0.02485	0.02403	0.02312	0.01830	0.00823	0.00608	0.00202	0.00475	0.02655	0.00600	0.00927
94	0.00721	0.00515	0.00686	0.00823	0.00858	0.00480	0.00549	0.00823	0.01132	0.01510	0.03259	0.78831	0.03911	0.01853	0.00755	0.00240	0.00343	0.01681	0.00549	0.00480
95	0.01419	0.01359	0.02310	0.08742	0.68579	0.01375	0.01767	0.01768	0.01335	0.01894	0.01235	0.01582	0.02863	0.00557	0.00589	0.00178	0.00698	0.00546	0.00297	0.00906
96	0.01532	0.66514	0.11000	0.01098	0.01626	0.04274	0.01135	0.01776	0.01212	0.01445	0.00875	0.01029	0.00781	0.00640	0.02841	0.00160	0.00701	0.00341	0.00256	0.00762
97	0.01272	0.01208	0.01665	0.01437	0.01452	0.01665	0.01192	0.01418	0.00944	0.01514	0.00910	0.01399	0.00862	0.00995	0.01764	0.00245	0.69108	0.00521	0.09793	0.00636
98	0.15382	0.01208	0.01404	0.01094	0.01541	0.01209	0.00903	0.22249	0.01884	0.44308	0.01840	0.01681	0.01206	0.00697	0.00557	0.00181	0.00537	0.00534	0.00635	0.00948
99	0.01243	0.14077	0.65633	0.01589	0.02410	0.01513	0.02016	0.01858	0.01242	0.01803	0.01027	0.01205	0.00751	0.00554	0.00536	0.00179	0.00839	0.00420	0.00250	0.00857
100	0.00949	0.00678	0.00947	0.01077	0.01214	0.00677	0.00940	0.01222	0.01372	0.01790	0.05565	0.06595	0.03477	0.01619	0.00813	0.00269	0.00536	0.69168	0.00548	0.00545
101	0.02053	0.01089	0.01327	0.01083	0.01484	0.01068	0.00869	0.05143	0.24976	0.40598	0.04316	0.04517	0.01712	0.00783	0.00594	0.00184	0.00481	0.00648	0.00652	0.06423
102	0.01492	0.62387	0.19507	0.01163	0.01752	0.02123	0.01275	0.01794	0.01212	0.01499	0.00876	0.01016	0.00757	0.00519	0.00420	0.00140	0.00687	0.00343	0.00252	0.00785
103	0.01207	0.07044	0.72348	0.01650	0.02505	0.01424	0.02124	0.01868	0.01246	0.01848	0.01049	0.01233	0.00750	0.00559	0.00552	0.00184	0.00861	0.00431	0.00250	0.00868
104	0.07183	0.01491	0.01386	0.01152	0.01519	0.11201	0.00920	0.35360	0.09931	0.02739	0.02464	0.02403	0.17981	0.00876	0.00595	0.00182	0.00592	0.00677	0.00531	0.00817
105	0.00798	0.00591	0.00745	0.00732	0.00866	0.00538	0.00539	0.01032	0.01546	0.02126	0.53981	0.14986	0.16640	0.01345	0.00706	0.00196	0.00291	0.01184	0.00620	0.00538
106	0.01396	0.01595	0.03490	0.02493	0.03091	0.01496	0.73380	0.01894	0.01396	0.01894	0.01196	0.01595	0.00897	0.00499	0.00698	0.00199	0.00997	0.00698	0.00299	0.00798
107	0.00723	0.00516	0.00685	0.00820	0.00853	0.00482	0.00545	0.00824	0.01126	0.01502	0.03230	0.77238	0.03874	0.03496	0.00803	0.00247	0.00348	0.01664	0.00545	0.00478
108	0.01464	0.01405	0.02400	0.03630	0.75528	0.01405	0.01815	0.01815	0.01347	0.01932	0.01112	0.01464	0.00937	0.00527	0.00585	0.00176	0.00703	0.00527	0.00293	0.00937
109	0.01471	0.01270	0.01337	0.01203	0.01538	0.01471	0.00936	0.03142	0.74459	0.02474	0.02407	0.02206	0.01805	0.00802	0.00602	0.00201	0.00468	0.00669	0.00602	0.00936
110	0.00721	0.00515	0.00686	0.00823	0.00858	0.00480	0.00549	0.00823	0.01132	0.01510	0.03259	0.78831	0.03911	0.01853	0.00755	0.00240	0.00343	0.01681	0.00549	0.00480
111	0.01396	0.01595	0.03490	0.02493	0.03091	0.01496	0.73380	0.01894	0.01396	0.01894	0.01196	0.01595	0.00897	0.00499	0.00698	0.00199	0.00997	0.00698	0.00299	0.00798
112	0.01384	0.01183	0.01262	0.01159	0.01459	0.01356	0.00891	0.02874	0.65958	0.02362	0.02506	0.11090	0.02049	0.00924	0.00619	0.00205	0.00454	0.00786	0.00596	0.00883
113	0.00932	0.00745	0.00802	0.00764	0.00987	0.00698	0.00601	0.09384	0.03023	0.01932	0.09610	0.05151	0.52608	0.01388	0.00698	0.00204	0.00370	0.08967	0.00561	0.00576
114	0.00785	0.00562	0.00729	0.00841	0.00893	0.00537	0.00568	0.03749	0.01193	0.01591	0.03156	0.74160	0.03758	0.03415	0.00795	0.00245	0.00360	0.01618	0.00547	0.00499
115	0.00789	0.00675	0.00687	0.00675	0.00886	0.00611	0.00508	0.01114	0.09818	0.01697	0.05500	0.07293	0.64811	0.01427	0.00689	0.00201	0.00320	0.01193	0.00555	0.00549
116	0.00711	0.00594	0.00619	0.00624	0.00809	0.00502	0.00464	0.00867	0.01359	0.01650	0.10999	0.10286	0.65491	0.01499	0.00702	0.00201	0.00301	0.01262	0.00557	0.00502
117	0.00835	0.00564	0.00659	0.00683	0.00691	0.00560	0.00400	0.00858	0.00910	0.01215	0.02104	0.17086	0.02448	0.64018	0.04120	0.00522	0.00553	0.01000	0.00391	0.00383
118	0.01396	0.01595	0.03490	0.02493	0.03091	0.01496	0.73380	0.01894	0.01396	0.01894	0.01196	0.01595	0.00897	0.00499	0.00698	0.00199	0.00997	0.00698	0.00299	0.00798
119	0.02248	0.01656	0.01775	0.01361	0.01834	0.01834	0.01124	0.73556	0.02780	0.03727	0.01420	0.01420	0.01006	0.00710	0.00592	0.00177	0.00651	0.00532	0.00592	0.01006
120	0.01198	0.01175	0.01960	0.46902	0.03221	0.01439	0.09834	0.01533	0.01140	0.01550	0.00999	0.01494	0.00801	0.00686	0.00936	0.00208	0.20196	0.00537	0.00269	0.03921
121	0.00726	0.00518	0.00692	0.00829	0.00866	0.00485	0.00558	0.00832	0.01137	0.01515	0.03257	0.77267	0.03900	0.01848	0.00756	0.00241	0.00347	0.03196	0.00549	0.00482
122	0.01240	0.01249	0.02030	0.05257	0.01915	0.01565	0.16156	0.01468	0.01031	0.01521	0.01031	0.03401	0.00961	0.01317	0.10277	0.00323	0.47717	0.00597	0.00281	0.00661
123	0.01226	0.01051	0.01226	0.00876	0.01401	0.00788	0.00701	0.01489	0.01226	0.01927	0.01051	0.01226	0.00876	0.00438	0.00438	0.00088	0.00438	0.00350	0.00350	0.82832
124	0.01289	0.16995	0.48462	0.01800	0.10803	0.01538	0.05238	0.01819	0.01255	0.01781	0.01090	0.03382	0.00867	0.00580	0.00542	0.00177	0.00800	0.00472	0.00266	0.00845
125	0.01867	0.11305	0.12509	0.01380	0.01846	0.21189	0.01234	0.23651	0.14996	0.02368	0.01344	0.01390	0.01020	0.00655	0.00549	0.00171	0.00755	0.00478	0.00430	0.00862
126	0.01186	0.03059	0.76153	0.01686	0.02560	0.01373	0.02185	0.01873	0.01249	0.01873	0.01061	0.01249	0.00749	0.00562	0.00562	0.00187	0.00874	0.00437	0.00250	0.00874
127	0.10877	0.29052	0.38683	0.01310	0.01971	0.01668	0.01531	0.01826	0.01225	0.03500	0.02852	0.01209	0.00878	0.00561	0.00481	0.00166	0.00719	0.00401	0.00285	0.00802
128	0.01882	0.09521	0.01973	0.01523	0.01865	0.42033	0.09476	0.08248	0.04526	0.01724	0.01080	0.01292	0.00890	0.00891	0.05873	0.00220	0.05456	0.00461	0.00334	0.00730
129	0.01013	0.00749	0.00998	0.01102	0.01262	0.00773	0.00951	0.01448	0.09873	0.01852	0.03047	0.06151	0.03217	0.01537	0.00792	0.00264	0.00536	0.63294	0.00551	0.00590
130	0.02357	0.01083	0.01379	0.01077	0.01499	0.01019	0.00882	0.15152	0.03581	0.53501	0.10094	0.02174	0.01838	0.00782	0.00605	0.00183	0.00504	0.00637	0.00695	0.00956
131	0.01218	0.01314	0.02683	0.02032	0.04016	0.01246	0.50817	0.01606	0.01336	0.01791	0.02027	0.12912	0.09942	0.00823	0.00744	0.00207	0.03318	0.00890	0.00362	0.00717
132	0.12852	0.00967	0.01228	0.00990	0.01387	0.00883	0.00803	0.02496	0.01539	0.57848	0.02246	0.10783	0.01641	0.00838	0.00584	0.00190	0.00479	0.00685	0.00663	0.00898
133	0.00724	0.00516	0.00685	0.00819	0.00852	0.00483	0.00544	0.00824	0.01125	0.01500	0.03224	0.76939	0.03867	0.03806	0.00812	0.00249	0.00349	0.01660	0.00544	0.00477
134	0.62291	0.08483	0.01190	0.00875	0.01260	0.01446	0.00736	0.09552	0.01233	0.04418	0.00950	0.01080	0.00739	0.00693	0.02876	0.00202	0.00532	0.00360	0.00387	0.00697
135	0.00701	0.00589	0.00609	0.00625	0.00806	0.00497	0.00461	0.00846	0.01323	0.01587	0.05674	0.14170	0.67013	0.01539	0.00705	0.00204	0.00305	0.01298	0.00549	0.00497
136	0.01063	0.00556	0.00556	0.00556	0.00700	0.00546	0.00417	0.01327	0.01251	0.02146	0.02321	0.02541	0.08630	0.00767	0.00441	0.00144	0.00278	0.00618	0.74597	0.00546
137	0.00719	0.00520	0.00680	0.00809	0.00854	0.00482	0.00542	0.00825	0.01147	0.01515	0.03440	0.73991	0.08634	0.01829	0.00751	0.00237	0.00340	0.01653	0.00549	0.00482
138	0.01174	0.01098	0.01754	0.54761	0.03321	0.01381	0.03036	0.03509	0.02831	0.01579	0.01084	0.01588	0.00862	0.00917	0.05710	0.00255	0.13652	0.00538	0.00283	0.00666
139	0.00721	0.00515	0.00686	0.00823	0.00858	0.00480	0.00549	0.00823	0.01132	0.01510	0.03259	0.78831	0.03911	0.01853	0.00755	0.00240	0.00343	0.01681	0.00549	0.00480
140	0.00721	0.00515	0.00686	0.00823	0.00858	0.00480	0.00549	0.00823	0.01132	0.01510	0.03259	0.78831	0.03911	0.01853	0.00755	0.00240	0.00343	0.01681	0.00549	0.00480
141	0.01399	0.11136	0.59544	0.01539	0.02325	0.01420	0.01905	0.01979	0.01295	0.10407	0.01183	0.01305	0.00833	0.00575	0.00546	0.00180	0.00805	0.00442	0.00306	0.00877

[dist]
# distance from previous block
# <min> <max>
4	5

[block]
# block no. 1 follows, 39 sequences, length 34
# corresponding to MSA columns:
# 337-370
name=unknown_B
#
# <colnr> <probs for GDERKNQSTAVLIFYWHMCP>
#	G	D	E	R	K	N	Q	S	T	A	V	L	I	F	Y	W	H	M	C	P
0	0.01535	0.69371	0.02856	0.00994	0.01503	0.02138	0.00971	0.01734	0.01205	0.01461	0.00852	0.00985	0.00774	0.00497	0.00387	0.00121	0.00607	0.00321	0.00266	0.11421
1	0.02246	0.01705	0.01771	0.01368	0.01834	0.04999	0.01125	0.70552	0.02734	0.03631	0.01398	0.01405	0.00995	0.00706	0.00589	0.00176	0.00668	0.00526	0.00579	0.00992
2	0.00837	0.00604	0.00790	0.00744	0.00883	0.00558	0.00558	0.01116	0.01674	0.02371	0.75216	0.04417	0.05580	0.01209	0.00697	0.00186	0.00279	0.01069	0.00651	0.00558
3	0.01122	0.01057	0.01718	0.51512	0.03181	0.01338	0.03309	0.01445	0.01106	0.01486	0.01072	0.01621	0.00879	0.01172	0.10758	0.00307	0.15464	0.00543	0.00270	0.00642
4	0.02215	0.02644	0.01691	0.01499	0.01829	0.65560	0.01140	0.13070	0.01842	0.01790	0.00990	0.01120	0.00798	0.00625	0.00542	0.00156	0.01004	0.00404	0.00348	0.00734
5	0.01471	0.01270	0.01337	0.01203	0.01538	0.01471	0.00936	0.03142	0.74459	0.02474	0.02407	0.02206	0.01805	0.00802	0.00602	0.00201	0.00468	0.00669	0.00602	0.00936
6	0.02653	0.01006	0.01372	0.01052	0.01510	0.00869	0.00869	0.02882	0.01693	0.75937	0.02333	0.02013	0.01464	0.00732	0.00595	0.00183	0.00503	0.00595	0.00732	0.01006
7	0.02495	0.00971	0.01322	0.01025	0.01455	0.00842	0.00842	0.02729	0.01691	0.69542	0.08669	0.02222	0.01822	0.00773	0.00604	0.00183	0.00484	0.00636	0.00725	0.00967
8	0.02653	0.01006	0.01372	0.01052	0.01510	0.00869	0.00869	0.02882	0.01693	0.75937	0.02333	0.02013	0.01464	0.00732	0.00595	0.00183	0.00503	0.00595	0.00732	0.01006
9	0.01471	0.01270	0.01337	0.01203	0.01538	0.01471	0.00936	0.03142	0.74459	0.02474	0.02407	0.02206	0.01805	0.00802	0.00602	0.00201	0.00468	0.00669	0.00602	0.00936
10	0.00858	0.00576	0.00658	0.00654	0.00666	0.00572	0.00376	0.00882	0.00931	0.01253	0.08240	0.03918	0.02448	0.72435	0.02809	0.00540	0.00548	0.00878	0.00384	0.00376
11	0.01117	0.01051	0.01774	0.77795	0.04073	0.01314	0.01642	0.01511	0.01182	0.01511	0.01051	0.01577	0.00788	0.00591	0.00591	0.00197	0.00788	0.00526	0.00263	0.00657
12	0.01396	0.01595	0.03490	0.02493	0.03091	0.01496	0.73380	0.01894	0.01396	0.01894	0.01196	0.01595	0.00897	0.00499	0.00698	0.00199	0.00997	0.00698	0.00299	0.00798
13	0.02653	0.01006	0.01372	0.01052	0.01510	0.00869	0.00869	0.02882	0.01693	0.75937	0.02333	0.02013	0.01464	0.00732	0.00595	0.00183	0.00503	0.00595	0.00732	0.01006
14	0.00837	0.00604	0.00790	0.00744	0.00883	0.00558	0.00558	0.01116	0.01674	0.02371	0.75216	0.04417	0.05580	0.01209	0.00697	0.00186	0.00279	0.01069	0.00651	0.00558
15	0.02653	0.01006	0.01372	0.01052	0.01510	0.00869	0.00869	0.02882	0.01693	0.75937	0.02333	0.02013	0.01464	0.00732	0.00595	0.00183	0.00503	0.00595	0.00732	0.01006
16	0.00729	0.00521	0.00697	0.00834	0.00872	0.00488	0.00565	0.00839	0.01141	0.01520	0.03254	0.76043	0.03892	0.01844	0.00757	0.00241	0.00351	0.04380	0.00549	0.00483
17	0.00738	0.00601	0.00653	0.00640	0.00823	0.00516	0.00480	0.00924	0.01440	0.01816	0.25563	0.05331	0.55579	0.01416	0.00699	0.00196	0.00294	0.01198	0.00578	0.00516
18	0.00860	0.00573	0.00645	0.00645	0.00645	0.00573	0.00358	0.00860	0.00860	0.01147	0.01863	0.03870	0.02150	0.79217	0.03010	0.00573	0.00573	0.00860	0.00358	0.00358
19	0.01566	0.76623	0.05915	0.01038	0.01558	0.02303	0.01057	0.01775	0.01203	0.01410	0.00831	0.00960	0.00759	0.00508	0.00386	0.00129	0.00642	0.00321	0.00253	0.00763
20	0.01659	0.01765	0.01954	0.07158	0.02025	0.22575	0.10600	0.10394	0.01436	0.01792	0.00994	0.01327	0.00834	0.00767	0.01091	0.00204	0.29894	0.00506	0.02304	0.00719
21	0.00998	0.00642	0.00846	0.00781	0.00948	0.00589	0.00597	0.01273	0.01666	0.08749	0.66759	0.04275	0.05158	0.01180	0.00692	0.00188	0.00306	0.03102	0.00655	0.00597
22	0.00896	0.00667	0.00788	0.00761	0.00913	0.02682	0.00565	0.01125	0.01548	0.04520	0.49482	0.14074	0.17145	0.01310	0.00697	0.00194	0.00320	0.01144	0.00613	0.00556
23	0.01515	0.01194	0.01529	0.12147	0.08230	0.01371	0.01114	0.26494	0.01710	0.02396	0.01549	0.11784	0.01385	0.00878	0.00805	0.00196	0.12985	0.00683	0.11270	0.00764
24	0.12983	0.01128	0.03922	0.01042	0.01471	0.01032	0.00880	0.06279	0.08710	0.47447	0.04978	0.02049	0.03926	0.00751	0.00571	0.00185	0.00499	0.00597	0.00637	0.00913
25	0.01186	0.03059	0.76153	0.01686	0.02560	0.01373	0.02185	0.01873	0.01249	0.01873	0.01061	0.01249	0.00749	0.00562	0.00562	0.00187	0.00874	0.00437	0.00250	0.00874
26	0.09223	0.01510	0.01603	0.01255	0.01691	0.01667	0.01029	0.57526	0.05743	0.06378	0.01451	0.01469	0.01041	0.00738	0.00616	0.02489	0.00607	0.00523	0.02502	0.00939
27	0.00721	0.00515	0.00686	0.00823	0.00858	0.00480	0.00549	0.00823	0.01132	0.01510	0.03259	0.78831	0.03911	0.01853	0.00755	0.00240	0.00343	0.01681	0.00549	0.00480
28	0.01226	0.01051	0.01226	0.00876	0.01401	0.00788	0.00701	0.01489	0.01226	0.01927	0.01051	0.01226	0.00876	0.00438	0.00438	0.00088	0.00438	0.00350	0.00350	0.82832
29	0.01799	0.01011	0.01249	0.01051	0.01393	0.00985	0.00854	0.14182	0.07803	0.28271	0.13755	0.06587	0.02399	0.00963	0.00638	0.00193	0.00484	0.09921	0.00628	0.05834
30	0.53294	0.01207	0.05667	0.02569	0.01329	0.01207	0.00784	0.06275	0.01177	0.02439	0.01209	0.10824	0.01106	0.00715	0.00453	0.00182	0.00487	0.00519	0.00393	0.08162
31	0.01413	0.01358	0.02269	0.05270	0.64595	0.01406	0.01717	0.01739	0.01304	0.01865	0.01254	0.01601	0.03550	0.00607	0.00707	0.00184	0.07422	0.00552	0.00298	0.00889
32	0.01157	0.00677	0.00866	0.00819	0.00949	0.00674	0.00580	0.01312	0.02848	0.14203	0.03782	0.09786	0.06542	0.32278	0.20375	0.00530	0.00765	0.00853	0.00453	0.00549
33	0.57111	0.01317	0.01133	0.02845	0.01398	0.04611	0.00796	0.18365	0.01466	0.02816	0.02813	0.01172	0.00856	0.00606	0.00439	0.00181	0.00532	0.00396	0.00420	0.00725

[dist]
# distance from previous block
# <min> <max>
0	3

[block]
# block no. 2 follows, 39 sequences, length 6
# corresponding to MSA columns:
# 374-379
name=unknown_C
#
# <colnr> <probs for GDERKNQSTAVLIFYWHMCP>
#	G	D	E	R	K	N	Q	S	T	A	V	L	I	F	Y	W	H	M	C	P
0	0.26659	0.01339	0.01408	0.19511	0.02084	0.06984	0.01053	0.20563	0.01643	0.06769	0.05674	0.01509	0.01130	0.00657	0.00525	0.00183	0.00624	0.00491	0.00434	0.00759
1	0.01048	0.00947	0.01636	0.01383	0.01558	0.01035	0.18181	0.01238	0.01077	0.01507	0.01709	0.21379	0.01781	0.01953	0.17593	0.08672	0.15490	0.00882	0.00355	0.00576
2	0.11114	0.01060	0.01053	0.00947	0.01228	0.03653	0.00742	0.17399	0.11703	0.02306	0.03279	0.11911	0.26524	0.01129	0.00627	0.00198	0.00459	0.03437	0.00535	0.00694
3	0.02110	0.01468	0.01604	0.01258	0.01680	0.01601	0.01020	0.53969	0.09153	0.10944	0.01641	0.01746	0.01217	0.06868	0.00782	0.00211	0.00612	0.00577	0.00589	0.00949
4	0.01246	0.01123	0.01730	0.63770	0.03633	0.01373	0.01528	0.07650	0.08668	0.01791	0.01218	0.01627	0.00908	0.00622	0.00592	0.00196	0.00745	0.00540	0.00324	0.00714
5	0.01904	0.01257	0.01419	0.01170	0.01554	0.01350	0.00939	0.23031	0.30392	0.19663	0.08994	0.02146	0.01855	0.00798	0.00606	0.00189	0.00510	0.00651	0.00633	0.00936

[dist]
# distance from previous block
# <min> <max>
0	1

[block]
# block no. 3 follows, 39 sequences, length 14
# corresponding to MSA columns:
# 381-394
name=unknown_D
#
# <colnr> <probs for GDERKNQSTAVLIFYWHMCP>
#	G	D	E	R	K	N	Q	S	T	A	V	L	I	F	Y	W	H	M	C	P
0	0.02063	0.01540	0.01667	0.01306	0.01754	0.01682	0.01077	0.60539	0.07261	0.03426	0.01558	0.01756	0.01185	0.00752	0.00596	0.00179	0.00620	0.04539	0.00575	0.05927
1	0.00816	0.00598	0.00765	0.00734	0.00873	0.00547	0.00546	0.01071	0.01607	0.02240	0.63730	0.09162	0.12548	0.01278	0.00701	0.00191	0.00285	0.01126	0.00634	0.00547
2	0.01788	0.01150	0.01312	0.01122	0.01483	0.01218	0.00900	0.11420	0.34851	0.22463	0.02620	0.02646	0.08020	0.00885	0.00621	0.00198	0.00491	0.05284	0.00628	0.00901
3	0.39466	0.21274	0.01682	0.01021	0.01435	0.09622	0.00875	0.14792	0.01447	0.02401	0.00940	0.01052	0.00749	0.00574	0.00428	0.00164	0.00601	0.00364	0.00372	0.00741
4	0.01678	0.54427	0.07226	0.01153	0.01633	0.16334	0.01097	0.05008	0.01368	0.01541	0.01039	0.01156	0.03057	0.00568	0.00439	0.00140	0.00720	0.00374	0.00287	0.00755
5	0.00808	0.00595	0.00757	0.00735	0.00871	0.00543	0.00544	0.01054	0.01579	0.02190	0.59519	0.12265	0.13720	0.01310	0.00704	0.00193	0.00288	0.01154	0.00628	0.00543
6	0.02019	0.06252	0.01723	0.01344	0.01746	0.20290	0.01078	0.35489	0.19158	0.02740	0.01492	0.01490	0.01118	0.00695	0.00568	0.00174	0.00710	0.00515	0.00504	0.00897
7	0.01174	0.01117	0.01883	0.52833	0.03353	0.01368	0.08930	0.01528	0.01163	0.01578	0.01074	0.01570	0.00842	0.00660	0.00813	0.00204	0.13459	0.00544	0.05243	0.00663
8	0.02236	0.02023	0.01744	0.01412	0.01832	0.25471	0.01130	0.51121	0.02432	0.03009	0.01260	0.01308	0.00929	0.00678	0.00573	0.00170	0.00782	0.00485	0.00501	0.00905
9	0.00766	0.00595	0.00633	0.00640	0.00770	0.00534	0.00446	0.00872	0.01185	0.01456	0.04455	0.05133	0.46954	0.27561	0.01480	0.00329	0.00404	0.04848	0.00485	0.00454
10	0.07135	0.05069	0.01733	0.03328	0.03992	0.41894	0.01133	0.24608	0.01942	0.02251	0.01073	0.01191	0.00837	0.00631	0.00539	0.00163	0.00865	0.00430	0.00395	0.00793
11	0.01499	0.01647	0.05081	0.08534	0.02018	0.17630	0.10296	0.07428	0.05911	0.01773	0.01347	0.10709	0.01248	0.00873	0.00966	0.00207	0.21106	0.00659	0.00356	0.00711
12	0.01804	0.01364	0.01476	0.01217	0.01584	0.01501	0.00972	0.46379	0.15458	0.03064	0.02075	0.13920	0.04635	0.00939	0.00623	0.00192	0.00555	0.00767	0.00585	0.00890
13	0.08091	0.09382	0.33779	0.03747	0.01844	0.02778	0.01376	0.01652	0.04881	0.01904	0.10380	0.12151	0.03980	0.00847	0.00576	0.00189	0.00638	0.00695	0.00376	0.00734

[dist]
# distance from previous block
# <min> <max>
9	16

[block]
# block no. 4 follows, 39 sequences, length 63
# corresponding to MSA columns:
# 411-473
name=unknown_E
#
# <colnr> <probs for GDERKNQSTAVLIFYWHMCP>
#	G	D	E	R	K	N	Q	S	T	A	V	L	I	F	Y	W	H	M	C	P
0	0.01150	0.01039	0.08173	0.05462	0.09310	0.00892	0.01140	0.01538	0.05467	0.06530	0.04118	0.08127	0.05723	0.01254	0.00720	0.00234	0.00572	0.37387	0.00493	0.00669
1	0.01179	0.08387	0.01931	0.66585	0.07742	0.01414	0.01593	0.01552	0.01193	0.01523	0.01033	0.01512	0.00794	0.00580	0.00571	0.00189	0.00769	0.00506	0.00264	0.00682
2	0.03487	0.18865	0.47712	0.08719	0.06481	0.01572	0.01825	0.01811	0.01231	0.01762	0.01006	0.01220	0.00762	0.00551	0.00522	0.00175	0.00794	0.00422	0.00257	0.00827
3	0.07763	0.03426	0.01363	0.01238	0.04384	0.15409	0.00922	0.06797	0.34666	0.02176	0.02313	0.02290	0.11058	0.02842	0.00639	0.00196	0.00584	0.00647	0.00494	0.00795
4	0.00820	0.00569	0.00742	0.00850	0.00911	0.00542	0.00578	0.02408	0.02986	0.03497	0.03177	0.73393	0.03737	0.01775	0.00744	0.00236	0.00357	0.01605	0.00556	0.00516
5	0.01796	0.01432	0.01520	0.01269	0.01662	0.01623	0.01015	0.32597	0.44476	0.02998	0.01994	0.01877	0.01471	0.00764	0.00597	0.00191	0.00544	0.00612	0.00597	0.00965
6	0.01543	0.16444	0.22013	0.04605	0.26241	0.12042	0.01632	0.05505	0.01406	0.01826	0.01031	0.01258	0.00828	0.00555	0.00534	0.00167	0.00786	0.00444	0.00290	0.00847
7	0.01957	0.01070	0.01299	0.01049	0.01437	0.01040	0.00844	0.11049	0.15668	0.34979	0.13104	0.02358	0.03647	0.00808	0.00601	0.00179	0.00471	0.00668	0.00645	0.07125
8	0.83394	0.01144	0.00869	0.00778	0.01144	0.01327	0.00640	0.01738	0.01006	0.02653	0.00823	0.00961	0.00640	0.00549	0.00366	0.00183	0.00457	0.00320	0.00366	0.00640
9	0.01474	0.01430	0.02325	0.05873	0.68725	0.03584	0.01762	0.01864	0.03701	0.01922	0.01146	0.01480	0.00955	0.00540	0.00585	0.00176	0.00708	0.00527	0.00302	0.00920
10	0.00724	0.00518	0.00690	0.00821	0.00859	0.00483	0.00549	0.00833	0.01150	0.01537	0.05573	0.76439	0.03965	0.01832	0.00753	0.00238	0.00341	0.01662	0.00552	0.00483
11	0.70539	0.01122	0.00949	0.00821	0.01202	0.01254	0.00677	0.01920	0.01116	0.14321	0.01064	0.01128	0.00772	0.00578	0.00402	0.00183	0.00465	0.00364	0.00424	0.00699
12	0.00721	0.00515	0.00686	0.00823	0.00858	0.00480	0.00549	0.00823	0.01132	0.01510	0.03259	0.78831	0.03911	0.01853	0.00755	0.00240	0.00343	0.01681	0.00549	0.00480
13	0.01132	0.01048	0.01693	0.58416	0.05733	0.01310	0.01492	0.01468	0.01144	0.01529	0.01135	0.03851	0.00944	0.02720	0.00827	0.00213	0.10795	0.00568	0.03334	0.00648
14	0.00721	0.00515	0.00686	0.00823	0.00858	0.00480	0.00549	0.00823	0.01132	0.01510	0.03259	0.78831	0.03911	0.01853	0.00755	0.00240	0.00343	0.01681	0.00549	0.00480
15	0.00734	0.00520	0.00682	0.00807	0.00838	0.00489	0.00531	0.00827	0.01107	0.01476	0.03129	0.71846	0.03747	0.09062	0.00965	0.00271	0.00365	0.01605	0.00531	0.00469
16	0.01186	0.03059	0.76153	0.01686	0.02560	0.01373	0.02185	0.01873	0.01249	0.01873	0.01061	0.01249	0.00749	0.00562	0.00562	0.00187	0.00874	0.00437	0.00250	0.00874
17	0.01581	0.79572	0.03099	0.01012	0.01518	0.02340	0.01012	0.01771	0.01202	0.01391	0.00822	0.00949	0.00759	0.00506	0.00379	0.00126	0.00632	0.00316	0.00253	0.00759
18	0.00721	0.00515	0.00686	0.00823	0.00858	0.00480	0.00549	0.00823	0.01132	0.01510	0.03259	0.78831	0.03911	0.01853	0.00755	0.00240	0.00343	0.01681	0.00549	0.00480
19	0.01471	0.01270	0.01337	0.01203	0.01538	0.01471	0.00936	0.03142	0.74459	0.02474	0.02407	0.02206	0.01805	0.00802	0.00602	0.00201	0.00468	0.00669	0.00602	0.00936
20	0.02593	0.01043	0.01387	0.01070	0.01524	0.00931	0.00882	0.05771	0.04445	0.70262	0.02299	0.01996	0.01458	0.00734	0.00595	0.00183	0.00508	0.00595	0.00721	0.01004
21	0.00915	0.00660	0.00825	0.00887	0.00980	0.00651	0.00621	0.09874	0.01357	0.01817	0.05709	0.66441	0.03612	0.01687	0.00732	0.00230	0.00379	0.01516	0.00558	0.00549
22	0.02653	0.01006	0.01372	0.01052	0.01510	0.00869	0.00869	0.02882	0.01693	0.75937	0.02333	0.02013	0.01464	0.00732	0.00595	0.00183	0.00503	0.00595	0.00732	0.01006
23	0.10177	0.01019	0.01326	0.01027	0.01476	0.00912	0.00848	0.02775	0.01629	0.69109	0.02192	0.01915	0.01387	0.00715	0.00573	0.00183	0.00499	0.00569	0.00698	0.00972
24	0.83394	0.01144	0.00869	0.00778	0.01144	0.01327	0.00640	0.01738	0.01006	0.02653	0.00823	0.00961	0.00640	0.00549	0.00366	0.00183	0.00457	0.00320	0.00366	0.00640
25	0.80998	0.01140	0.00884	0.00786	0.01155	0.01313	0.00647	0.01772	0.01027	0.04828	0.00868	0.00992	0.00665	0.00554	0.00373	0.00183	0.00459	0.00328	0.00377	0.00651
26	0.02248	0.01656	0.01775	0.01361	0.01834	0.01834	0.01124	0.73556	0.02780	0.03727	0.01420	0.01420	0.01006	0.00710	0.00592	0.00177	0.00651	0.00532	0.00592	0.01006
27	0.02512	0.01014	0.01355	0.01048	0.01485	0.00899	0.00862	0.06440	0.01748	0.67298	0.07125	0.02142	0.01713	0.00762	0.00601	0.00183	0.00496	0.00623	0.00719	0.00977
28	0.01463	0.00968	0.01084	0.04515	0.01350	0.03836	0.00774	0.06256	0.13353	0.18113	0.08073	0.05444	0.22956	0.01050	0.00635	0.00193	0.00455	0.04033	0.04715	0.00734
29	0.01031	0.00533	0.00807	0.03599	0.00892	0.00543	0.00555	0.00798	0.00786	0.01045	0.01028	0.01790	0.01018	0.02001	0.02248	0.79761	0.00524	0.00514	0.00257	0.00271
30	0.00721	0.00515	0.00686	0.00823	0.00858	0.00480	0.00549	0.00823	0.01132	0.01510	0.03259	0.78831	0.03911	0.01853	0.00755	0.00240	0.00343	0.01681	0.00549	0.00480
31	0.08827	0.01119	0.01699	0.52026	0.03185	0.01436	0.01464	0.01511	0.01099	0.01596	0.00963	0.01450	0.00772	0.00696	0.00899	0.00211	0.19620	0.00504	0.00271	0.00653
32	0.01033	0.00672	0.00860	0.00784	0.00964	0.00622	0.00597	0.03577	0.01680	0.08912	0.60616	0.05739	0.09286	0.01181	0.00686	0.00187	0.00314	0.01034	0.00648	0.00607
33	0.09065	0.01459	0.01497	0.01297	0.03544	0.13243	0.04334	0.13681	0.10952	0.03962	0.01766	0.01884	0.08269	0.00983	0.05187	0.00226	0.09240	0.00573	0.00429	0.08409
34	0.02055	0.01541	0.01829	0.01405	0.01862	0.01665	0.07799	0.57130	0.04819	0.06022	0.01699	0.03704	0.04141	0.00756	0.00611	0.00183	0.00649	0.00614	0.00567	0.00950
35	0.00779	0.00574	0.00719	0.00798	0.00883	0.00535	0.00553	0.03194	0.01275	0.01686	0.11246	0.57399	0.14781	0.01694	0.00735	0.00226	0.00340	0.01514	0.00561	0.00508
36	0.01344	0.01434	0.02758	0.02007	0.02504	0.01387	0.47305	0.01739	0.01289	0.01834	0.01105	0.01472	0.00875	0.00562	0.00818	0.00184	0.11866	0.00597	0.00305	0.18615
37	0.01117	0.01051	0.01774	0.77795	0.04073	0.01314	0.01642	0.01511	0.01182	0.01511	0.01051	0.01577	0.00788	0.00591	0.00591	0.00197	0.00788	0.00526	0.00263	0.00657
38	0.01599	0.01289	0.01369	0.01185	0.01540	0.01453	0.00935	0.16656	0.53093	0.04754	0.02475	0.02303	0.07018	0.00833	0.00607	0.00196	0.00492	0.00682	0.00600	0.00920
39	0.00860	0.00573	0.00645	0.00645	0.00645	0.00573	0.00358	0.00860	0.00860	0.01147	0.01863	0.03870	0.02150	0.79217	0.03010	0.00573	0.00573	0.00860	0.00358	0.00358
40	0.02448	0.01087	0.01396	0.01084	0.01522	0.01012	0.00891	0.12929	0.04520	0.58699	0.06348	0.02072	0.01645	0.00758	0.00600	0.00183	0.00510	0.00615	0.00702	0.00978
