[name]
unknown

[dist]
# distance from previous block
# <min> <max>
0	99

[block]
# block no. 0 follows, 44 sequences, length 7
# corresponding to MSA columns:
# 101-107
name=unknown_A
#
# <colnr> <probs for GDERKNQSTAVLIFYWHMCP>
#	G	D	E	R	K	N	Q	S	T	A	V	L	I	F	Y	W	H	M	C	P
0	0.01871	0.01179	0.05614	0.03691	0.01651	0.01093	0.05951	0.19762	0.05435	0.33166	0.01891	0.02299	0.01441	0.00770	0.00583	0.00182	0.00558	0.11485	0.00547	0.00831
1	0.09824	0.08490	0.01527	0.01127	0.01488	0.15206	0.04463	0.15819	0.09441	0.19457	0.01429	0.01531	0.01074	0.05970	0.00654	0.00185	0.00612	0.00483	0.00453	0.00766
2	0.05402	0.06270	0.08224	0.01142	0.01508	0.05443	0.05165	0.12202	0.15692	0.10444	0.03388	0.07954	0.01387	0.00985	0.06684	0.00224	0.02083	0.00589	0.00436	0.04779
3	0.15696	0.01368	0.11408	0.01079	0.01467	0.04746	0.00974	0.14682	0.04356	0.16115	0.04954	0.01505	0.01149	0.00892	0.06333	0.00219	0.05827	0.00474	0.00429	0.06327
4	0.01357	0.27411	0.35000	0.01298	0.01882	0.05942	0.05342	0.03818	0.01251	0.05779	0.05306	0.01279	0.00997	0.00547	0.00479	0.00153	0.00695	0.00421	0.00291	0.00752
5	0.01495	0.40993	0.12184	0.01082	0.01550	0.01719	0.01065	0.14154	0.04435	0.05019	0.01042	0.01156	0.00842	0.00715	0.04368	0.00176	0.02686	0.00385	0.00325	0.04607
6	0.00962	0.00715	0.00787	0.00794	0.00891	0.05075	0.00550	0.05880	0.01129	0.05040	0.02407	0.36123	0.06726	0.22355	0.07708	0.00343	0.00529	0.01063	0.00440	0.00484

[dist]
# distance from previous block
# <min> <max>
0	2

[block]
# block no. 1 follows, 44 sequences, length 43
# corresponding to MSA columns:
# 110-152
name=unknown_B
#
# <colnr> <probs for GDERKNQSTAVLIFYWHMCP>
#	G	D	E	R	K	N	Q	S	T	A	V	L	I	F	Y	W	H	M	C	P
0	0.02073	0.01393	0.01537	0.01193	0.01615	0.01508	0.00981	0.56654	0.08912	0.16127	0.01534	0.01467	0.01065	0.00665	0.00547	0.00166	0.00562	0.00512	0.00568	0.00922
1	0.01289	0.01461	0.03152	0.02259	0.02803	0.01378	0.73032	0.01784	0.03733	0.01764	0.01139	0.01489	0.00854	0.00469	0.00640	0.00184	0.00903	0.00643	0.00285	0.00739
2	0.00882	0.00568	0.00643	0.00625	0.00723	0.00525	0.00410	0.00952	0.01022	0.07987	0.03063	0.09060	0.26191	0.43001	0.01756	0.00366	0.00428	0.00936	0.00429	0.00432
3	0.26338	0.40599	0.01880	0.00892	0.01272	0.10982	0.00799	0.01614	0.01119	0.01653	0.01189	0.01277	0.07420	0.00570	0.00389	0.00141	0.00556	0.00376	0.00294	0.00638
4	0.00662	0.00545	0.00582	0.00590	0.00751	0.00465	0.00436	0.00810	0.01258	0.01550	0.13877	0.12963	0.60860	0.01383	0.00650	0.00186	0.00278	0.01172	0.00518	0.00465
5	0.02082	0.01512	0.01627	0.01247	0.01683	0.01668	0.01030	0.73762	0.02538	0.05332	0.01330	0.01323	0.00938	0.00655	0.00545	0.00164	0.00596	0.00492	0.00549	0.00927
6	0.02640	0.12440	0.09289	0.03307	0.30089	0.01227	0.05573	0.01562	0.05367	0.01768	0.12988	0.06351	0.03737	0.00691	0.00542	0.00165	0.00566	0.00619	0.00348	0.00729
7	0.01105	0.02713	0.72456	0.01586	0.02358	0.01282	0.05447	0.01716	0.01149	0.01716	0.00977	0.01167	0.00698	0.00527	0.00558	0.00175	0.02924	0.00416	0.00233	0.00797
8	0.01093	0.02820	0.78016	0.01554	0.02360	0.01266	0.02014	0.01727	0.01151	0.01727	0.00978	0.01151	0.00691	0.00518	0.00518	0.00173	0.00806	0.00403	0.00230	0.00806
9	0.04046	0.01245	0.01932	0.02749	0.58010	0.01285	0.01447	0.01892	0.16163	0.01894	0.01362	0.01564	0.02856	0.00558	0.00539	0.00167	0.00588	0.00522	0.00334	0.00845
10	0.01493	0.70779	0.06056	0.01002	0.01467	0.08868	0.00991	0.01685	0.01148	0.01307	0.00775	0.00896	0.00699	0.00477	0.00370	0.00121	0.00628	0.00302	0.00237	0.00698
11	0.01345	0.04191	0.02222	0.05165	0.72831	0.01325	0.01642	0.01665	0.01233	0.01753	0.01014	0.01335	0.00854	0.00487	0.00533	0.00161	0.00647	0.00479	0.00268	0.00851
12	0.00664	0.00474	0.00633	0.00759	0.00791	0.00443	0.00506	0.00759	0.01044	0.01392	0.03005	0.80485	0.03606	0.01708	0.00696	0.00221	0.00316	0.01550	0.00506	0.00443
13	0.00772	0.00557	0.00729	0.00686	0.00814	0.00514	0.00514	0.01029	0.01543	0.02186	0.77152	0.04072	0.05144	0.01115	0.00643	0.00171	0.00257	0.00986	0.00600	0.00514
14	0.15990	0.01042	0.01246	0.00972	0.01382	0.01009	0.00803	0.13785	0.01611	0.53830	0.01790	0.01611	0.01159	0.00644	0.00513	0.00168	0.00478	0.00498	0.00599	0.00872
15	0.01103	0.02765	0.75260	0.01619	0.05089	0.01267	0.02002	0.01725	0.01154	0.01729	0.00980	0.01158	0.00697	0.00517	0.00519	0.00172	0.00800	0.00406	0.00232	0.00808
16	0.00830	0.00571	0.00751	0.00704	0.00842	0.00527	0.00534	0.01085	0.01536	0.04679	0.72678	0.04054	0.04965	0.01110	0.00643	0.00174	0.00271	0.02919	0.00600	0.00528
17	0.00711	0.00569	0.00645	0.00667	0.00832	0.00503	0.00528	0.00887	0.01280	0.01590	0.13207	0.05310	0.52574	0.01378	0.00668	0.00197	0.00324	0.17137	0.00516	0.00476
18	0.01030	0.00969	0.01635	0.79530	0.03755	0.01211	0.01514	0.01393	0.01090	0.01393	0.00969	0.01453	0.00727	0.00545	0.00545	0.00182	0.00727	0.00484	0.00242	0.00606
19	0.00840	0.00664	0.00953	0.00919	0.00990	0.00803	0.00710	0.00999	0.00860	0.01246	0.01387	0.02189	0.01350	0.13450	0.58004	0.00741	0.12529	0.00596	0.00289	0.00482
20	0.00787	0.00571	0.00718	0.00712	0.00855	0.00522	0.00552	0.01010	0.01415	0.03342	0.45637	0.07038	0.21223	0.01246	0.00660	0.00188	0.00305	0.12151	0.00562	0.00506
21	0.00664	0.00477	0.00630	0.00752	0.00789	0.00443	0.00503	0.00760	0.01050	0.01394	0.03088	0.77990	0.06047	0.01697	0.00694	0.00220	0.00315	0.01537	0.00506	0.00443
22	0.00793	0.00529	0.00595	0.00595	0.00595	0.00529	0.00330	0.00793	0.00793	0.01057	0.01718	0.03568	0.01982	0.80840	0.02775	0.00529	0.00529	0.00793	0.00330	0.00330
23	0.01327	0.01272	0.02172	0.08745	0.72218	0.01289	0.01662	0.01653	0.01231	0.01754	0.01021	0.01357	0.00854	0.00490	0.00540	0.00163	0.00653	0.00486	0.00268	0.00845
24	0.01524	0.01360	0.01300	0.01137	0.01449	0.10274	0.00885	0.15537	0.50162	0.02309	0.01941	0.01910	0.02874	0.04071	0.00640	0.00190	0.00526	0.00581	0.00511	0.00818
25	0.01119	0.01325	0.11892	0.01367	0.01490	0.01471	0.01230	0.01319	0.00884	0.01361	0.00860	0.01325	0.00806	0.01351	0.12804	0.00322	0.57737	0.00483	0.00245	0.00609
26	0.01279	0.01447	0.03084	0.02224	0.02728	0.01404	0.69101	0.01709	0.01248	0.01709	0.01070	0.01447	0.00818	0.00502	0.00741	0.00189	0.07676	0.00629	0.00273	0.00723
27	0.06833	0.02008	0.01615	0.01372	0.01710	0.42439	0.07560	0.14515	0.13147	0.01934	0.01150	0.01236	0.00892	0.00592	0.00514	0.00157	0.00795	0.00438	0.00370	0.00723
28	0.01980	0.01469	0.01546	0.01195	0.01620	0.04924	0.00978	0.60148	0.02304	0.07376	0.01341	0.02939	0.00986	0.00651	0.00534	0.00157	0.00586	0.00495	0.00521	0.08251
29	0.80497	0.02962	0.00872	0.00737	0.01080	0.01258	0.00611	0.03597	0.00976	0.02445	0.00774	0.00897	0.00602	0.00509	0.00343	0.00167	0.00430	0.00300	0.00341	0.00602
30	0.01048	0.00552	0.00578	0.00561	0.00704	0.00552	0.00424	0.01355	0.04344	0.04105	0.08459	0.02208	0.01738	0.00683	0.00416	0.00135	0.00267	0.00556	0.70781	0.00535
31	0.01160	0.00987	0.01147	0.00822	0.01305	0.00757	0.00658	0.03725	0.01176	0.01829	0.00980	0.01136	0.00811	0.00412	0.00408	0.00083	0.00410	0.00328	0.00330	0.81536
32	0.00659	0.00553	0.00573	0.00568	0.00745	0.00466	0.00426	0.00811	0.01277	0.01555	0.13773	0.05111	0.68916	0.01350	0.00644	0.00183	0.00274	0.01132	0.00517	0.00466
33	0.01398	0.01300	0.02134	0.06875	0.67163	0.01326	0.01609	0.08185	0.01351	0.01908	0.01048	0.01351	0.00863	0.00504	0.00540	0.00163	0.00647	0.00486	0.00293	0.00857
34	0.01030	0.00969	0.01635	0.79530	0.03755	0.01211	0.01514	0.01393	0.01090	0.01393	0.00969	0.01453	0.00727	0.00545	0.00545	0.00182	0.00727	0.00484	0.00242	0.00606
35	0.01117	0.13898	0.60376	0.01388	0.02085	0.01328	0.01726	0.01651	0.01179	0.01703	0.07669	0.01369	0.01085	0.00563	0.00505	0.00164	0.00725	0.00438	0.00263	0.00765
36	0.01178	0.21000	0.60575	0.01410	0.02137	0.01473	0.01763	0.01705	0.01141	0.01624	0.00927	0.01087	0.00693	0.00506	0.00479	0.00160	0.00754	0.00377	0.00231	0.00781
37	0.00663	0.00478	0.00629	0.00750	0.00788	0.00444	0.00502	0.00760	0.01053	0.01395	0.03116	0.77166	0.06853	0.01694	0.00694	0.00220	0.00315	0.01532	0.00506	0.00444
38	0.01429	0.01162	0.01242	0.01100	0.01415	0.01325	0.00860	0.06361	0.67485	0.05950	0.03980	0.02040	0.01697	0.00741	0.00556	0.00183	0.00437	0.00616	0.00561	0.00861
39	0.12050	0.01394	0.02845	0.02058	0.02570	0.01337	0.64054	0.01705	0.01235	0.01829	0.01102	0.03219	0.00861	0.00494	0.00605	0.00183	0.00841	0.00619	0.00289	0.00710
40	0.00658	0.00511	0.00599	0.00666	0.00767	0.00452	0.00466	0.00776	0.01144	0.01447	0.05895	0.45349	0.36230	0.01549	0.00672	0.00204	0.00297	0.01360	0.00508	0.00452
41	0.00708	0.00553	0.00641	0.00623	0.00776	0.00487	0.00466	0.00904	0.01387	0.01825	0.40966	0.06306	0.39893	0.01256	0.00645	0.00179	0.00268	0.01078	0.00553	0.00487
42	0.01356	0.01171	0.01233	0.01109	0.01418	0.01356	0.00863	0.02897	0.76455	0.02281	0.02219	0.02034	0.01664	0.00740	0.00555	0.00185	0.00431	0.00616	0.00555	0.00863

[dist]
# distance from previous block
# <min> <max>
0	1

[block]
# block no. 2 follows, 44 sequences, length 38
# corresponding to MSA columns:
# 154-191
name=unknown_C
#
# <colnr> <probs for GDERKNQSTAVLIFYWHMCP>
#	G	D	E	R	K	N	Q	S	T	A	V	L	I	F	Y	W	H	M	C	P
0	0.01349	0.01295	0.02213	0.03346	0.77440	0.01295	0.01673	0.01673	0.01241	0.01781	0.01025	0.01349	0.00864	0.00486	0.00540	0.00162	0.00648	0.00486	0.00270	0.00864
1	0.03987	0.05105	0.01550	0.01341	0.01638	0.64465	0.01022	0.05381	0.07687	0.01528	0.00970	0.01077	0.00788	0.00576	0.00490	0.00145	0.00894	0.00375	0.00314	0.00665
2	0.00779	0.00584	0.00876	0.00876	0.00974	0.00681	0.00681	0.00974	0.00876	0.01266	0.01460	0.02142	0.01363	0.04089	0.78680	0.00876	0.01460	0.00584	0.00292	0.00487
3	0.01136	0.01077	0.01757	0.53170	0.11102	0.01318	0.04010	0.04024	0.01123	0.01505	0.00950	0.01395	0.00750	0.00607	0.00753	0.00188	0.13742	0.00489	0.00256	0.00647
4	0.01322	0.01505	0.02979	0.02222	0.05253	0.05546	0.63464	0.01735	0.01266	0.01693	0.01058	0.01420	0.00814	0.00502	0.00716	0.00185	0.06713	0.00610	0.00273	0.00724
5	0.01028	0.00957	0.01613	0.77616	0.03681	0.01193	0.01489	0.01376	0.01081	0.01382	0.00968	0.01458	0.00732	0.00578	0.00584	0.02221	0.00721	0.00484	0.00242	0.00597
6	0.04023	0.01496	0.01366	0.01153	0.01473	0.25399	0.02756	0.13597	0.01582	0.24104	0.02991	0.03814	0.01191	0.01130	0.11173	0.00257	0.00786	0.00516	0.00454	0.00739
7	0.00664	0.00474	0.00633	0.00759	0.00791	0.00443	0.00506	0.00759	0.01044	0.01392	0.03005	0.80485	0.03606	0.01708	0.00696	0.00221	0.00316	0.01550	0.00506	0.00443
8	0.01336	0.01011	0.01185	0.00860	0.01334	0.00813	0.00693	0.07572	0.01290	0.09321	0.01112	0.01216	0.00870	0.00451	0.00429	0.00096	0.00426	0.00359	0.00375	0.69252
9	0.03999	0.01094	0.01308	0.01044	0.01435	0.01102	0.00850	0.17075	0.18114	0.43106	0.03701	0.01815	0.01405	0.00691	0.00546	0.00171	0.00478	0.00556	0.00613	0.00896
10	0.00884	0.00671	0.00874	0.00868	0.00915	0.00751	0.00627	0.02867	0.00997	0.03200	0.02188	0.35669	0.04316	0.21144	0.04673	0.00325	0.15422	0.02728	0.00408	0.00472
11	0.00760	0.00557	0.00713	0.00674	0.00808	0.00510	0.00506	0.01007	0.01517	0.02124	0.70892	0.04175	0.11443	0.01138	0.00643	0.00173	0.00259	0.01000	0.00592	0.00510
12	0.00645	0.00548	0.00557	0.00564	0.00739	0.00459	0.00419	0.00781	0.01232	0.01468	0.05386	0.09337	0.73216	0.01399	0.00647	0.00186	0.00278	0.01172	0.00506	0.00459
13	0.01948	0.06280	0.01682	0.01545	0.08687	0.59599	0.01103	0.09812	0.01602	0.01594	0.00904	0.01046	0.00741	0.00560	0.00495	0.00144	0.00892	0.00375	0.00305	0.00688
14	0.01163	0.02427	0.61951	0.01621	0.08112	0.01193	0.01835	0.01720	0.01187	0.05487	0.01196	0.01610	0.00937	0.00604	0.00540	0.00178	0.00752	0.06419	0.00278	0.00791
15	0.02377	0.00913	0.01243	0.00958	0.01368	0.00789	0.00789	0.02590	0.01560	0.74700	0.05242	0.01947	0.01506	0.00693	0.00552	0.00169	0.00455	0.00566	0.00672	0.00911
16	0.08934	0.01147	0.01837	0.15282	0.39661	0.01195	0.07404	0.01597	0.05280	0.01769	0.01543	0.01788	0.09019	0.00605	0.00542	0.00171	0.00611	0.00559	0.00313	0.00742
17	0.03708	0.17432	0.19589	0.03447	0.10472	0.03165	0.02284	0.13564	0.03375	0.11466	0.01275	0.03834	0.01010	0.00613	0.00505	0.00162	0.00629	0.02307	0.00370	0.00793
18	0.01301	0.01300	0.04434	0.12902	0.65873	0.01284	0.01663	0.01639	0.01220	0.01730	0.01017	0.01356	0.00841	0.00494	0.00540	0.00165	0.00662	0.00483	0.00265	0.00829
19	0.00670	0.00480	0.00627	0.00742	0.00778	0.00448	0.00493	0.00762	0.01038	0.01377	0.03031	0.73422	0.06336	0.05998	0.00807	0.00237	0.00326	0.01493	0.00497	0.00437
20	0.02021	0.01364	0.01488	0.01168	0.01565	0.03367	0.00953	0.55032	0.02240	0.16082	0.01582	0.07872	0.01214	0.00742	0.00557	0.00169	0.00563	0.00584	0.00558	0.00880
21	0.01790	0.04862	0.07787	0.02691	0.03944	0.11206	0.01061	0.27431	0.17733	0.11942	0.01493	0.01510	0.01096	0.02283	0.00576	0.00172	0.00614	0.00498	0.00473	0.00837
22	0.00826	0.00643	0.00704	0.00672	0.00864	0.00597	0.00509	0.01170	0.10804	0.04409	0.20967	0.06171	0.47216	0.01223	0.00631	0.00182	0.00299	0.01034	0.00539	0.00539
23	0.00793	0.00529	0.00595	0.00595	0.00595	0.00529	0.00330	0.00793	0.00793	0.01057	0.01718	0.03568	0.01982	0.80840	0.02775	0.00529	0.00529	0.00793	0.00330	0.00330
24	0.84691	0.01054	0.00801	0.00717	0.01054	0.01223	0.00590	0.01603	0.00928	0.02446	0.00759	0.00886	0.00590	0.00506	0.00337	0.00169	0.00422	0.00295	0.00337	0.00590
25	0.00771	0.00569	0.00824	0.00835	0.00916	0.00645	0.00627	0.00936	0.00880	0.01252	0.01616	0.08712	0.01616	0.12554	0.63736	0.00783	0.01262	0.00687	0.00314	0.00466
26	0.01180	0.10442	0.66535	0.01485	0.02229	0.05560	0.01857	0.01742	0.01168	0.01662	0.00950	0.01115	0.00692	0.00515	0.00500	0.00165	0.00794	0.00389	0.00233	0.00786
27	0.00804	0.00575	0.00792	0.00908	0.01004	0.00562	0.00739	0.01005	0.01204	0.01586	0.07070	0.29804	0.03399	0.01549	0.00729	0.00237	0.00429	0.46613	0.00509	0.00484
28	0.01182	0.01121	0.01886	0.43166	0.36999	0.01253	0.01570	0.01557	0.03015	0.01590	0.01025	0.01421	0.00812	0.00523	0.00543	0.00173	0.00684	0.00488	0.00262	0.00729
29	0.01093	0.02820	0.78016	0.01554	0.02360	0.01266	0.02014	0.01727	0.01151	0.01727	0.00978	0.01151	0.00691	0.00518	0.00518	0.00173	0.00806	0.00403	0.00230	0.00806
30	0.00673	0.00487	0.00649	0.00760	0.00803	0.00463	0.00517	0.00778	0.01038	0.01385	0.02982	0.70974	0.06456	0.01889	0.07073	0.00273	0.00408	0.01454	0.00489	0.00447
31	0.01344	0.01523	0.02910	0.02122	0.02617	0.07683	0.62987	0.03660	0.01322	0.01734	0.01144	0.04190	0.00914	0.00529	0.00658	0.00182	0.02828	0.00643	0.00290	0.00718
32	0.01039	0.00978	0.01651	0.77390	0.05825	0.01214	0.01519	0.01401	0.01094	0.01404	0.00971	0.01451	0.00731	0.00543	0.00545	0.00181	0.00725	0.00485	0.00243	0.00613
33	0.01766	0.01174	0.01316	0.01083	0.01426	0.01260	0.00866	0.35080	0.17791	0.15918	0.01886	0.11881	0.01522	0.00812	0.00562	0.00175	0.00491	0.00666	0.03486	0.00836
34	0.01030	0.00972	0.01640	0.73655	0.03590	0.01208	0.02876	0.01381	0.01085	0.01397	0.01017	0.03504	0.00803	0.00586	0.00588	0.00184	0.03114	0.00515	0.00250	0.00604
35	0.01548	0.01088	0.01256	0.00959	0.01383	0.01005	0.00773	0.21225	0.05344	0.13098	0.03110	0.05185	0.01191	0.00604	0.00489	0.00129	0.00458	0.00488	0.00459	0.40209
36	0.01802	0.01323	0.01444	0.01128	0.01527	0.01409	0.00917	0.55058	0.03735	0.04491	0.01452	0.07808	0.01167	0.00710	0.00536	0.00157	0.00536	0.00560	0.02666	0.11572
37	0.01935	0.01390	0.01494	0.01187	0.01582	0.02861	0.00965	0.52816	0.14159	0.10104	0.01594	0.04733	0.01191	0.00712	0.00552	0.00169	0.00555	0.00557	0.00553	0.00892

[dist]
# distance from previous block
# <min> <max>
4	12

[block]
# block no. 3 follows, 44 sequences, length 51
# corresponding to MSA columns:
# 204-243,257-267
name=unknown_D
#
# <colnr> <probs for GDERKNQSTAVLIFYWHMCP>
#	G	D	E	R	K	N	Q	S	T	A	V	L	I	F	Y	W	H	M	C	P
0	0.04593	0.01286	0.01505	0.01363	0.09747	0.02409	0.02934	0.45167	0.02045	0.02827	0.11719	0.03977	0.01572	0.00711	0.00548	0.00163	0.00540	0.00580	0.03352	0.02963
1	0.06067	0.01239	0.01405	0.01158	0.01480	0.10682	0.08926	0.12644	0.14253	0.13784	0.16079	0.02212	0.01965	0.02409	0.00612	0.00180	0.00553	0.03121	0.00498	0.00735
2	0.07312	0.00844	0.01072	0.00883	0.01185	0.02036	0.02049	0.01960	0.04322	0.38871	0.30142	0.02607	0.02713	0.00825	0.00571	0.00170	0.00399	0.00696	0.00606	0.00739
3	0.01323	0.52276	0.30573	0.01162	0.01753	0.01829	0.01332	0.01667	0.01124	0.01446	0.00839	0.00976	0.00696	0.00485	0.00412	0.00137	0.00665	0.00333	0.00232	0.00739
4	0.05784	0.01076	0.01280	0.01030	0.01409	0.01081	0.00839	0.18423	0.13524	0.39531	0.03493	0.03932	0.01451	0.00728	0.00548	0.00173	0.00479	0.02560	0.00597	0.02064
5	0.01333	0.01279	0.02183	0.07223	0.73690	0.01291	0.01665	0.01659	0.01234	0.01761	0.01023	0.01355	0.00857	0.00489	0.00540	0.00163	0.00652	0.00486	0.00268	0.00850
6	0.01879	0.01608	0.09882	0.01251	0.01703	0.01578	0.01104	0.61241	0.05321	0.03095	0.01328	0.01424	0.00979	0.04284	0.00644	0.00182	0.00612	0.00500	0.00502	0.00884
7	0.00779	0.00583	0.00870	0.00870	0.00965	0.00678	0.00673	0.00969	0.00874	0.01261	0.01466	0.02174	0.01377	0.05846	0.76942	0.00868	0.01439	0.00589	0.00293	0.00483
8	0.00746	0.00569	0.00687	0.00655	0.00804	0.00516	0.00492	0.00994	0.03032	0.01975	0.54145	0.04381	0.26632	0.01186	0.00642	0.00176	0.00267	0.01027	0.00571	0.00506
9	0.00669	0.00497	0.00624	0.00712	0.00782	0.00452	0.00488	0.00785	0.01123	0.01470	0.09322	0.59426	0.18468	0.01596	0.00681	0.00210	0.00304	0.01426	0.00513	0.00452
10	0.00859	0.00736	0.02170	0.14071	0.01407	0.00734	0.00749	0.01241	0.09919	0.01745	0.22833	0.06923	0.23400	0.03298	0.00686	0.00197	0.00403	0.07597	0.00482	0.00551
11	0.02072	0.01527	0.01636	0.01254	0.01691	0.01691	0.01036	0.75622	0.02563	0.03436	0.01309	0.01309	0.00927	0.00654	0.00545	0.00164	0.00600	0.00491	0.00545	0.00927
12	0.01259	0.01413	0.05354	0.02303	0.19158	0.03486	0.46131	0.01664	0.01307	0.01789	0.09347	0.01701	0.01296	0.00542	0.00611	0.00176	0.00785	0.00629	0.00308	0.00739
13	0.00664	0.00488	0.00622	0.00726	0.00783	0.00447	0.00492	0.00769	0.01086	0.01423	0.05119	0.67104	0.14992	0.01644	0.00687	0.00214	0.00309	0.01475	0.00508	0.00447
14	0.01174	0.12822	0.01409	0.04400	0.01420	0.00960	0.00728	0.01412	0.01125	0.01686	0.00938	0.01107	0.00788	0.00419	0.00402	0.00091	0.00445	0.00326	0.00306	0.68042
15	0.01825	0.00997	0.01269	0.01056	0.04844	0.00906	0.00810	0.11113	0.01514	0.37233	0.03252	0.04574	0.04507	0.00680	0.00556	0.00151	0.02506	0.00551	0.00529	0.21129
16	0.03538	0.47953	0.28951	0.01167	0.01739	0.05516	0.01307	0.01691	0.01139	0.01470	0.00839	0.00976	0.00694	0.00490	0.00415	0.00139	0.00676	0.00333	0.00237	0.00730
17	0.00775	0.00556	0.00693	0.00682	0.00816	0.00502	0.00507	0.00980	0.01394	0.03980	0.46105	0.15786	0.21037	0.01260	0.00651	0.00184	0.00282	0.02744	0.00565	0.00503
18	0.00807	0.00621	0.00931	0.09406	0.01239	0.00724	0.00738	0.01002	0.00891	0.01259	0.01432	0.02205	0.01354	0.11159	0.62806	0.00767	0.01290	0.00594	0.00290	0.00484
19	0.03389	0.01406	0.09361	0.19461	0.25046	0.01349	0.03430	0.19462	0.04511	0.05572	0.01171	0.01386	0.00878	0.00561	0.00539	0.00170	0.00655	0.00486	0.00357	0.00808
20	0.01493	0.01378	0.03365	0.04625	0.53271	0.06394	0.09568	0.01813	0.01295	0.09817	0.01139	0.01391	0.00895	0.00510	0.00548	0.00164	0.00684	0.00499	0.00313	0.00834
21	0.00836	0.00630	0.00889	0.00866	0.00942	0.00744	0.00662	0.01000	0.00878	0.01291	0.01445	0.02243	0.01390	0.14327	0.55447	0.00716	0.08817	0.00598	0.05801	0.00477
22	0.00745	0.00554	0.00694	0.00665	0.00800	0.00502	0.00496	0.00976	0.01473	0.02033	0.61963	0.06897	0.17819	0.01182	0.00645	0.00175	0.00263	0.01034	0.00580	0.00502
23	0.01099	0.12088	0.53696	0.01381	0.02032	0.01268	0.05034	0.01611	0.01211	0.01742	0.12392	0.01570	0.01367	0.00598	0.00522	0.00166	0.00701	0.00488	0.00288	0.00746
24	0.01439	0.64877	0.05516	0.01004	0.01447	0.04038	0.00978	0.01778	0.09310	0.01411	0.00926	0.01024	0.00805	0.00516	0.00427	0.00131	0.03048	0.00338	0.00269	0.00717
25	0.01201	0.03313	0.19859	0.10290	0.23518	0.01126	0.01369	0.01693	0.08413	0.05937	0.13963	0.01954	0.03696	0.00663	0.00553	0.00170	0.00587	0.00578	0.00367	0.00752
26	0.05311	0.05016	0.23437	0.05158	0.07408	0.25608	0.03395	0.05633	0.08932	0.03472	0.01092	0.01226	0.00833	0.00559	0.00507	0.00161	0.00768	0.00423	0.00314	0.00745
27	0.01603	0.01286	0.01487	0.05958	0.13511	0.06095	0.01054	0.14559	0.33796	0.10525	0.01733	0.03251	0.01308	0.00676	0.00548	0.00174	0.00545	0.00562	0.00486	0.00843
28	0.02159	0.01190	0.01401	0.01087	0.01496	0.01212	0.00893	0.35446	0.05208	0.37565	0.03541	0.01674	0.01264	0.00678	0.00546	0.00166	0.00514	0.00535	0.02521	0.00905
29	0.01335	0.01157	0.01530	0.01279	0.01405	0.03436	0.01058	0.01484	0.00976	0.09703	0.00925	0.01267	0.00809	0.00888	0.02767	0.00216	0.56146	0.00461	0.00300	0.12857
30	0.00799	0.00595	0.00754	0.00807	0.00908	0.00589	0.00595	0.01111	0.09393	0.01702	0.20167	0.39416	0.05332	0.03515	0.00730	0.00217	0.00347	0.11982	0.00528	0.00511
31	0.01517	0.01270	0.01300	0.01130	0.01444	0.06481	0.00890	0.17832	0.45829	0.04341	0.01853	0.01820	0.01405	0.01073	0.09048	0.00252	0.00616	0.00567	0.00509	0.00822
32	0.79735	0.01047	0.00829	0.00732	0.01075	0.01198	0.00603	0.01666	0.00966	0.06988	0.00843	0.00944	0.00636	0.00516	0.00350	0.00169	0.00424	0.00310	0.00358	0.00611
33	0.00762	0.00516	0.00604	0.00634	0.00641	0.00508	0.00372	0.00785	0.00852	0.01136	0.02023	0.21819	0.02367	0.62063	0.02282	0.00456	0.00478	0.00972	0.00372	0.00357
34	0.01676	0.01096	0.01218	0.01047	0.01384	0.02682	0.00827	0.02712	0.48275	0.25698	0.02320	0.02104	0.04978	0.00745	0.00556	0.00179	0.00445	0.00614	0.00584	0.00860
35	0.00854	0.00598	0.00664	0.00651	0.00684	0.00619	0.00388	0.01022	0.09024	0.01190	0.01772	0.03401	0.01947	0.72126	0.02533	0.00491	0.00518	0.00774	0.00355	0.00388
36	0.01125	0.00662	0.00843	0.00750	0.00952	0.00608	0.00579	0.01423	0.05191	0.17399	0.50522	0.03652	0.12047	0.01036	0.00620	0.00173	0.00310	0.00897	0.00603	0.00609
37	0.00787	0.00564	0.00717	0.00675	0.00816	0.00513	0.00508	0.01029	0.01507	0.03508	0.67096	0.04173	0.13787	0.01139	0.00641	0.00173	0.00263	0.00998	0.00590	0.00516
38	0.00724	0.00587	0.00649	0.00661	0.00818	0.00536	0.00489	0.00979	0.07013	0.01611	0.13570	0.19145	0.46879	0.01364	0.00650	0.00191	0.00298	0.02819	0.00521	0.00495
39	0.17927	0.01378	0.01440	0.01124	0.01540	0.01515	0.00928	0.54362	0.02153	0.10472	0.01285	0.01281	0.00904	0.00628	0.00506	0.00165	0.00553	0.00459	0.00518	0.00863
40	0.00674	0.00568	0.00586	0.00583	0.00763	0.00489	0.00436	0.00860	0.03423	0.01543	0.10300	0.07015	0.68176	0.01352	0.00643	0.00184	0.00280	0.01134	0.00514	0.00475
41	0.00738	0.00552	0.00684	0.00659	0.00796	0.00499	0.00491	0.00960	0.01452	0.01987	0.57421	0.07810	0.21540	0.01202	0.00646	0.00177	0.00264	0.01049	0.00574	0.00499
42	0.01202	0.01210	0.01889	0.06435	0.09995	0.01547	0.09851	0.01399	0.00948	0.01417	0.00825	0.01277	0.00759	0.00886	0.03038	0.00234	0.55700	0.00500	0.00248	0.00640
43	0.00820	0.00596	0.00742	0.00801	0.00887	0.00582	0.00560	0.08914	0.01236	0.01646	0.05603	0.65654	0.06764	0.01557	0.00675	0.00212	0.00343	0.01396	0.00514	0.00499
44	0.04029	0.00986	0.03328	0.00962	0.01347	0.00862	0.00797	0.08036	0.01529	0.59951	0.01975	0.01959	0.01351	0.09386	0.00785	0.00208	0.00490	0.00561	0.00608	0.00852
45	0.84691	0.01054	0.00801	0.00717	0.01054	0.01223	0.00590	0.01603	0.00928	0.02446	0.00759	0.00886	0.00590	0.00506	0.00337	0.00169	0.00422	0.00295	0.00337	0.00590
46	0.72766	0.01263	0.09230	0.00826	0.01218	0.01244	0.00761	0.04152	0.01008	0.02402	0.00802	0.00929	0.00613	0.00512	0.00364	0.00169	0.00470	0.00314	0.00333	0.00625
47	0.01350	0.01282	0.02106	0.03103	0.69169	0.01302	0.01585	0.01806	0.09424	0.01835	0.01155	0.01424	0.00951	0.00513	0.00541	0.00164	0.00624	0.00500	0.00301	0.00863
48	0.00710	0.00564	0.00576	0.00576	0.00754	0.00492	0.00436	0.00899	0.02992	0.01569	0.06142	0.04829	0.63888	0.01284	0.00617	0.00180	0.00284	0.03156	0.09578	0.00477
49	0.01546	0.01239	0.01311	0.01012	0.01444	0.05766	0.00812	0.21342	0.11624	0.06993	0.01292	0.01335	0.00981	0.00541	0.00476	0.00126	0.00498	0.00422	0.00432	0.40806
50	0.01093	0.02820	0.78016	0.01554	0.02360	0.01266	0.02014	0.01727	0.01151	0.01727	0.00978	0.01151	0.00691	0.00518	0.00518	0.00173	0.00806	0.00403	0.00230	0.00806

[dist]
# distance from previous block
# <min> <max>
0	17

[block]
# block no. 4 follows, 44 sequences, length 12
# corresponding to MSA columns:
# 288-299
name=unknown_E
#
# <colnr> <probs for GDERKNQSTAVLIFYWHMCP>
#	G	D	E	R	K	N	Q	S	T	A	V	L	I	F	Y	W	H	M	C	P
0	0.01145	0.13931	0.67357	0.01466	0.02223	0.01392	0.01861	0.01713	0.01145	0.01664	0.00947	0.01112	0.00692	0.00511	0.00494	0.00165	0.00774	0.00387	0.00231	0.00791
1	0.04670	0.11152	0.01569	0.01179	0.01499	0.34344	0.02446	0.15388	0.06373	0.01913	0.08853	0.01640	0.05365	0.00674	0.00510	0.00152	0.00699	0.00497	0.00387	0.00688
2	0.00664	0.00474	0.00633	0.00759	0.00791	0.00443	0.00506	0.00759	0.01044	0.01392	0.03005	0.80485	0.03606	0.01708	0.00696	0.00221	0.00316	0.01550	0.00506	0.00443
3	0.00951	0.00500	0.00760	0.04920	0.00873	0.00513	0.00529	0.00747	0.00731	0.00971	0.00948	0.01646	0.00935	0.01822	0.02046	0.79655	0.00487	0.00474	0.00237	0.00256
4	0.01290	0.01256	0.01928	0.06327	0.01859	0.01547	0.15029	0.09227	0.01130	0.01643	0.00877	0.01270	0.00764	0.00780	0.01305	0.00210	0.48307	0.00503	0.00282	0.04466
5	0.01305	0.01416	0.02122	0.01689	0.01882	0.09243	0.23463	0.01528	0.01041	0.01445	0.00845	0.01255	0.00748	0.00767	0.01316	0.00212	0.48314	0.00514	0.00254	0.00642
6	0.00693	0.00495	0.00666	0.00792	0.00836	0.00468	0.00556	0.00809	0.01072	0.01424	0.02989	0.70453	0.03543	0.01681	0.00704	0.00225	0.00341	0.11296	0.00506	0.00451
7	0.05245	0.01143	0.01706	0.50146	0.21443	0.05999	0.01453	0.01511	0.01159	0.01557	0.02970	0.01440	0.00868	0.00545	0.00533	0.00173	0.00696	0.00481	0.00265	0.00667
8	0.01043	0.00967	0.01630	0.72569	0.07456	0.01187	0.01482	0.01381	0.01083	0.01396	0.00971	0.01456	0.00742	0.00594	0.00605	0.03391	0.00713	0.00484	0.00243	0.00605
9	0.00752	0.00541	0.00731	0.00847	0.00925	0.00519	0.00652	0.00916	0.01151	0.01516	0.05471	0.45687	0.06067	0.01596	0.00715	0.00230	0.00387	0.30319	0.00508	0.00469
10	0.71304	0.09056	0.01057	0.00772	0.01128	0.01345	0.00652	0.06179	0.01047	0.02391	0.00793	0.00911	0.00622	0.00511	0.00351	0.00163	0.00449	0.00307	0.00340	0.00622
11	0.00676	0.00492	0.00640	0.00748	0.00803	0.00456	0.00515	0.00788	0.01089	0.01436	0.05560	0.66989	0.10956	0.01647	0.00692	0.00218	0.00320	0.05016	0.00509	0.00450

[dist]
# distance from previous block
# <min> <max>
2	4

[block]
# block no. 5 follows, 44 sequences, length 36
# corresponding to MSA columns:
# 305-340
name=unknown_F
#
# <colnr> <probs for GDERKNQSTAVLIFYWHMCP>
#	G	D	E	R	K	N	Q	S	T	A	V	L	I	F	Y	W	H	M	C	P
0	0.01785	0.08954	0.01601	0.01251	0.02978	0.21712	0.00983	0.23985	0.24677	0.04444	0.01434	0.01422	0.01084	0.00637	0.00516	0.00160	0.00644	0.00476	0.00449	0.00808
1	0.01443	0.63452	0.14375	0.01062	0.01568	0.07483	0.01109	0.01686	0.01146	0.01355	0.00798	0.00925	0.00698	0.00481	0.00386	0.00127	0.00646	0.00313	0.00236	0.00711
2	0.03636	0.02491	0.66129	0.01437	0.02145	0.01175	0.01794	0.01664	0.01148	0.04167	0.01195	0.08415	0.00975	0.00631	0.00530	0.00177	0.00738	0.00509	0.00273	0.00770
3	0.04664	0.01728	0.01575	0.03938	0.04715	0.27107	0.01093	0.22488	0.03724	0.02012	0.01050	0.01323	0.00867	0.00702	0.00804	0.00176	0.18451	0.02505	0.00360	0.00717
4	0.01295	0.01364	0.01655	0.01428	0.01462	0.11028	0.01176	0.01417	0.00921	0.01315	0.00731	0.01167	0.00714	0.00906	0.01631	0.00227	0.70257	0.00462	0.00244	0.00601
5	0.01175	0.00995	0.01208	0.00881	0.01341	0.00800	0.02481	0.01459	0.03577	0.03544	0.01031	0.01187	0.00845	0.00443	0.00470	0.00095	0.03426	0.00351	0.00334	0.74357
6	0.00949	0.03360	0.02732	0.00774	0.00962	0.03132	0.00610	0.01303	0.08306	0.05063	0.50230	0.05176	0.10852	0.03338	0.00676	0.00182	0.00339	0.00899	0.00550	0.00568
7	0.00769	0.00556	0.00688	0.00718	0.00736	0.00577	0.00464	0.00820	0.00900	0.01212	0.02199	0.31509	0.04174	0.42671	0.03917	0.00398	0.05852	0.01051	0.00391	0.00397
8	0.82098	0.01050	0.00816	0.00725	0.01065	0.01210	0.00597	0.01636	0.00948	0.04822	0.00803	0.00916	0.00614	0.00511	0.00344	0.00169	0.00423	0.00303	0.00348	0.00601
9	0.02017	0.05347	0.01593	0.01384	0.01675	0.74104	0.01049	0.03920	0.01554	0.01383	0.00851	0.00987	0.00708	0.00561	0.00488	0.00140	0.00960	0.00352	0.00286	0.00641
10	0.01116	0.01037	0.00941	0.00878	0.01073	0.14900	0.00661	0.03838	0.11126	0.03190	0.30093	0.10749	0.16158	0.01047	0.00605	0.00174	0.00436	0.00883	0.00510	0.00585
11	0.01383	0.01306	0.02186	0.03249	0.73900	0.01314	0.01643	0.05129	0.01303	0.01858	0.01039	0.01347	0.00867	0.00494	0.00540	0.00162	0.00645	0.00486	0.00283	0.00867
12	0.01241	0.01320	0.02452	0.03441	0.02270	0.04217	0.46362	0.05002	0.01254	0.01690	0.01329	0.13137	0.01222	0.00727	0.00796	0.00194	0.11620	0.00734	0.00317	0.00675
13	0.02131	0.01017	0.01297	0.01077	0.03545	0.00979	0.00847	0.07051	0.17229	0.53887	0.03616	0.01891	0.01454	0.00691	0.00551	0.00172	0.00466	0.00566	0.00629	0.00904
14	0.00680	0.00491	0.00644	0.00738	0.00792	0.00455	0.00503	0.00802	0.01130	0.01519	0.14639	0.65187	0.07197	0.01601	0.00685	0.00212	0.00305	0.01444	0.00521	0.00455
15	0.01120	0.08434	0.72630	0.01509	0.02291	0.01330	0.01937	0.01720	0.01148	0.01695	0.00963	0.01131	0.00691	0.00514	0.00506	0.00169	0.00790	0.00395	0.00230	0.00798
16	0.03804	0.00853	0.01039	0.00960	0.01195	0.00881	0.00749	0.03292	0.21369	0.22219	0.02394	0.25189	0.02219	0.01077	0.00642	0.00198	0.02653	0.08007	0.00552	0.00708
17	0.00668	0.00483	0.00632	0.00744	0.00789	0.00447	0.00501	0.00773	0.01078	0.01433	0.06526	0.72696	0.07891	0.01662	0.00690	0.00217	0.00311	0.01501	0.00510	0.00447
18	0.00925	0.00591	0.00778	0.00712	0.00867	0.00541	0.00541	0.01178	0.01545	0.09097	0.70298	0.03870	0.04797	0.01074	0.00634	0.00171	0.00276	0.00946	0.00607	0.00552
19	0.01262	0.01397	0.02926	0.02278	0.09495	0.01351	0.61148	0.01673	0.01245	0.01709	0.01149	0.04636	0.00936	0.00543	0.00706	0.00187	0.05694	0.00655	0.00282	0.00727
20	0.01287	0.01471	0.03217	0.02298	0.02849	0.01379	0.75460	0.01746	0.01287	0.01746	0.01103	0.01471	0.00827	0.00460	0.00643	0.00184	0.00919	0.00643	0.00276	0.00735
21	0.01030	0.00969	0.01635	0.79530	0.03755	0.01211	0.01514	0.01393	0.01090	0.01393	0.00969	0.01453	0.00727	0.00545	0.00545	0.00182	0.00727	0.00484	0.00242	0.00606
22	0.00781	0.00577	0.00841	0.00841	0.00926	0.00662	0.00637	0.00951	0.00866	0.01239	0.01493	0.02321	0.01441	0.13756	0.69119	0.00832	0.01343	0.00610	0.00297	0.00467
23	0.00662	0.00482	0.00625	0.00740	0.00786	0.00444	0.00498	0.00761	0.01062	0.01399	0.03235	0.73609	0.10333	0.01678	0.00691	0.00218	0.00313	0.01513	0.00506	0.00444
24	0.01184	0.01279	0.02546	0.01910	0.02276	0.01316	0.49804	0.01523	0.01159	0.01607	0.01274	0.11918	0.01173	0.00730	0.00892	0.00200	0.17511	0.00729	0.00299	0.00667
25	0.01349	0.01295	0.02213	0.03346	0.77440	0.01295	0.01673	0.01673	0.01241	0.01781	0.01025	0.01349	0.00864	0.00486	0.00540	0.00162	0.00648	0.00486	0.00270	0.00864
26	0.01216	0.25761	0.49978	0.01327	0.01985	0.03927	0.01598	0.01681	0.01169	0.01605	0.04378	0.01197	0.00896	0.00531	0.00473	0.00155	0.00721	0.00395	0.00250	0.00756
27	0.01326	0.01271	0.02171	0.08931	0.72039	0.01289	0.01661	0.01653	0.01230	0.01753	0.01021	0.01357	0.00854	0.00490	0.00540	0.00163	0.00653	0.00486	0.00268	0.00845
28	0.00932	0.00668	0.00876	0.00798	0.00964	0.00641	0.02719	0.06352	0.03395	0.04798	0.52175	0.14301	0.06979	0.01131	0.00638	0.00179	0.00321	0.01001	0.00572	0.00561
29	0.01902	0.01910	0.01450	0.01284	0.03261	0.41410	0.00975	0.17671	0.04712	0.09458	0.01557	0.01582	0.07849	0.00679	0.00546	0.00156	0.01980	0.00489	0.00407	0.00722
30	0.70429	0.01172	0.00888	0.00790	0.01119	0.08254	0.00640	0.01683	0.01035	0.05768	0.03528	0.01051	0.00796	0.00540	0.00372	0.00166	0.00469	0.00336	0.00357	0.00607
31	0.01266	0.01018	0.01182	0.00854	0.01332	0.00818	0.00688	0.08206	0.01278	0.04807	0.01045	0.01174	0.00839	0.00437	0.00422	0.00092	0.00424	0.00347	0.00357	0.73414
32	0.01103	0.04794	0.76122	0.01538	0.02335	0.01289	0.01987	0.01724	0.01150	0.01715	0.00973	0.01144	0.00691	0.00517	0.00514	0.00171	0.00800	0.00400	0.00230	0.00803
33	0.82371	0.01051	0.00814	0.00724	0.01064	0.01211	0.00596	0.01632	0.00946	0.04573	0.00798	0.00913	0.00612	0.00511	0.00343	0.00169	0.00423	0.00302	0.00347	0.00600
34	0.01833	0.09379	0.01655	0.01318	0.01596	0.48656	0.01035	0.11550	0.03071	0.01622	0.00979	0.03641	0.00847	0.00651	0.00643	0.00156	0.09956	0.00423	0.00319	0.00671
35	0.09102	0.01056	0.01114	0.00964	0.01265	0.02383	0.00756	0.10507	0.33459	0.13190	0.05335	0.02191	0.06773	0.04819	0.00646	0.00192	0.00442	0.00615	0.04427	0.00765

[dist]
# distance from previous block
# <min> <max>
0	1

[block]
# block no. 6 follows, 44 sequences, length 31
# corresponding to MSA columns:
# 342-372
name=unknown_G
#
# <colnr> <probs for GDERKNQSTAVLIFYWHMCP>
#	G	D	E	R	K	N	Q	S	T	A	V	L	I	F	Y	W	H	M	C	P
0	0.00837	0.00590	0.00739	0.00749	0.00828	0.00592	0.00544	0.03143	0.01119	0.01514	0.17216	0.05615	0.04597	0.34886	0.08707	0.00404	0.00545	0.16502	0.00432	0.00442
1	0.00779	0.00584	0.00876	0.00876	0.00974	0.00681	0.00681	0.00974	0.00876	0.01266	0.01460	0.02142	0.01363	0.04089	0.78680	0.00876	0.01460	0.00584	0.00292	0.00487
2	0.01126	0.09842	0.71280	0.01498	0.02274	0.01346	0.01917	0.01718	0.01147	0.01687	0.00959	0.01126	0.00691	0.00513	0.00503	0.00168	0.00786	0.00393	0.00230	0.00796
3	0.00664	0.00474	0.00633	0.00759	0.00791	0.00443	0.00506	0.00759	0.01044	0.01392	0.03005	0.80485	0.03606	0.01708	0.00696	0.00221	0.00316	0.01550	0.00506	0.00443
4	0.02446	0.00928	0.01265	0.00970	0.01392	0.00801	0.00801	0.02657	0.01560	0.77817	0.02151	0.01856	0.01350	0.00675	0.00548	0.00169	0.00464	0.00548	0.00675	0.00928
5	0.01093	0.02820	0.78016	0.01554	0.02360	0.01266	0.02014	0.01727	0.01151	0.01727	0.00978	0.01151	0.00691	0.00518	0.00518	0.00173	0.00806	0.00403	0.00230	0.00806
6	0.01030	0.00969	0.01635	0.79530	0.03755	0.01211	0.01514	0.01393	0.01090	0.01393	0.00969	0.01453	0.00727	0.00545	0.00545	0.00182	0.00727	0.00484	0.00242	0.00606
7	0.06704	0.00970	0.01263	0.00974	0.01392	0.00877	0.00804	0.06989	0.01588	0.69422	0.02028	0.01772	0.01285	0.00665	0.00537	0.00168	0.00470	0.00532	0.00649	0.00910
8	0.00731	0.00529	0.00683	0.00785	0.00838	0.00510	0.00534	0.03390	0.03110	0.01486	0.02926	0.75667	0.03462	0.01646	0.00687	0.00218	0.00329	0.01489	0.00509	0.00471
9	0.01438	0.76873	0.06977	0.00967	0.01452	0.02108	0.00992	0.01638	0.01110	0.01307	0.00770	0.00890	0.00699	0.00469	0.00359	0.00120	0.00595	0.00298	0.00233	0.00705
10	0.27213	0.01661	0.28044	0.02435	0.01704	0.01132	0.03131	0.03608	0.01202	0.17812	0.01165	0.01231	0.00814	0.00541	0.00465	0.00165	0.00586	0.00404	0.00371	0.06314
11	0.01521	0.01307	0.04331	0.03517	0.01714	0.01260	0.08230	0.26459	0.15076	0.03871	0.01342	0.01409	0.01006	0.00566	0.00513	0.00145	0.00550	0.00475	0.00435	0.26275
12	0.00730	0.00550	0.00639	0.00632	0.00779	0.00491	0.00475	0.00927	0.01351	0.01807	0.34872	0.08499	0.35940	0.01244	0.00633	0.00179	0.00277	0.03607	0.05882	0.00486
13	0.03485	0.03038	0.01442	0.01165	0.01512	0.14974	0.00932	0.39849	0.07085	0.06576	0.01554	0.06544	0.03403	0.00916	0.04824	0.00204	0.00664	0.00563	0.00479	0.00791
14	0.10295	0.18755	0.20898	0.01398	0.07375	0.01420	0.08304	0.06901	0.04647	0.10315	0.03941	0.01345	0.01005	0.00556	0.00488	0.00160	0.00627	0.00450	0.00349	0.00771
15	0.09226	0.01215	0.01860	0.24782	0.36593	0.01321	0.03382	0.11730	0.01351	0.01958	0.01025	0.01333	0.00806	0.00527	0.00526	0.00169	0.00650	0.00472	0.00306	0.00769
16	0.00714	0.00532	0.00660	0.00711	0.00811	0.00489	0.00518	0.00868	0.01214	0.01597	0.19870	0.32370	0.22186	0.05591	0.00786	0.00220	0.00326	0.09556	0.00517	0.00464
17	0.01380	0.06460	0.02213	0.04641	0.67713	0.04793	0.01595	0.01687	0.01243	0.01721	0.00999	0.01305	0.00843	0.00489	0.00526	0.00158	0.00660	0.00467	0.00267	0.00838
18	0.04261	0.31919	0.36787	0.01286	0.01903	0.01567	0.05528	0.01763	0.01168	0.07739	0.00990	0.01113	0.00751	0.00508	0.00458	0.00152	0.00687	0.00382	0.00274	0.00764
19	0.01011	0.00808	0.01037	0.00965	0.01088	0.03194	0.00756	0.09024	0.01075	0.01518	0.01368	0.01997	0.01264	0.08052	0.51633	0.00657	0.10222	0.00566	0.03225	0.00541
20	0.00667	0.00553	0.00586	0.00598	0.00768	0.00473	0.00454	0.00815	0.01248	0.01514	0.08725	0.09163	0.65121	0.01393	0.00654	0.00190	0.00292	0.05812	0.00511	0.00465
21	0.03478	0.01268	0.01429	0.01126	0.01512	0.01360	0.00922	0.47360	0.05752	0.17943	0.05678	0.01650	0.01300	0.00905	0.05550	0.00212	0.00598	0.00538	0.00555	0.00867
22	0.01334	0.01544	0.08537	0.02362	0.15996	0.01375	0.52082	0.06461	0.01350	0.01859	0.01093	0.01415	0.00830	0.00481	0.00609	0.00178	0.00842	0.00588	0.00289	0.00776
23	0.04042	0.00639	0.00750	0.00687	0.00891	0.00575	0.03182	0.01047	0.03297	0.05112	0.22203	0.04424	0.48771	0.01201	0.00625	0.00180	0.00313	0.01019	0.00523	0.00520
24	0.00869	0.00681	0.00762	0.00739	0.00874	0.04821	0.00553	0.01144	0.04049	0.02007	0.51800	0.11169	0.07042	0.01114	0.00619	0.00175	0.00318	0.03463	0.07277	0.00523
25	0.06045	0.01499	0.01752	0.04393	0.13819	0.18081	0.13460	0.12085	0.07940	0.01928	0.01299	0.01551	0.02668	0.03632	0.04094	0.00208	0.00739	0.00516	0.03574	0.00718
26	0.01402	0.06944	0.03404	0.08835	0.22906	0.15044	0.03112	0.05547	0.06359	0.03452	0.02572	0.08644	0.01243	0.04230	0.00632	0.00178	0.00648	0.00573	0.00341	0.03936
27	0.01463	0.40792	0.11814	0.01089	0.01521	0.11401	0.01046	0.07679	0.07231	0.01622	0.03962	0.02978	0.01039	0.00626	0.00504	0.03172	0.00629	0.00416	0.00310	0.00706
28	0.02782	0.00783	0.00969	0.03867	0.01156	0.00782	0.00673	0.01549	0.11130	0.14272	0.23370	0.08176	0.11380	0.04864	0.00758	0.00192	0.04729	0.00801	0.00515	0.07252
29	0.08082	0.01187	0.08769	0.01053	0.01437	0.01058	0.02627	0.08977	0.17697	0.26093	0.03218	0.01731	0.01293	0.00885	0.04864	0.03237	0.00552	0.00527	0.03722	0.02992
30	0.04894	0.01134	0.04089	0.01121	0.03189	0.01106	0.03437	0.23436	0.07342	0.21101	0.11072	0.05402	0.01731	0.00965	0.05590	0.00215	0.00562	0.00620	0.00527	0.02465

[dist]
# distance from previous block
# <min> <max>
0	186

# created by:
# /st0/software/busco_prod/Augustus/scripts/msa2prfl.pl ./align_prep/158302.fa
