[name]
unknown

[dist]
# distance from previous block
# <min> <max>
7	63

[block]
# block no. 0 follows, 40 sequences, length 8
# corresponding to MSA columns:
# 82-89
name=unknown_A
#
# <colnr> <probs for GDERKNQSTAVLIFYWHMCP>
#	G	D	E	R	K	N	Q	S	T	A	V	L	I	F	Y	W	H	M	C	P
0	0.07396	0.03315	0.22715	0.16514	0.05609	0.03820	0.02830	0.01676	0.01251	0.05494	0.04522	0.03342	0.01197	0.00659	0.00577	0.00175	0.02323	0.03750	0.00336	0.12501
1	0.00984	0.01029	0.13697	0.00890	0.01179	0.00693	0.00824	0.01287	0.01480	0.07665	0.39350	0.08718	0.17662	0.01140	0.00659	0.00189	0.00399	0.00983	0.00553	0.00619
2	0.00709	0.00506	0.00675	0.00810	0.00843	0.00472	0.00540	0.00810	0.01113	0.01484	0.03205	0.79184	0.03846	0.01822	0.00742	0.00236	0.00337	0.01653	0.00540	0.00472
3	0.01085	0.06842	0.01277	0.23182	0.01799	0.00943	0.00907	0.01092	0.00948	0.01246	0.03801	0.01710	0.01077	0.01400	0.01557	0.45043	0.04869	0.00514	0.00269	0.00437
4	0.01177	0.01156	0.01751	0.50708	0.03207	0.06144	0.08657	0.01624	0.06909	0.01593	0.01393	0.10538	0.01216	0.00733	0.00608	0.00196	0.00739	0.00667	0.00323	0.00663
5	0.01285	0.00745	0.01019	0.00984	0.03182	0.00680	0.03222	0.03409	0.01383	0.20573	0.06820	0.33553	0.15129	0.01331	0.00682	0.00209	0.00416	0.04152	0.00576	0.00650
6	0.00838	0.00593	0.00784	0.00784	0.00836	0.00645	0.00540	0.00942	0.00890	0.01239	0.01695	0.03045	0.01784	0.41983	0.40088	0.00749	0.01060	0.00734	0.00332	0.00436
7	0.46493	0.01248	0.01332	0.13003	0.10841	0.04831	0.01023	0.03903	0.01131	0.02208	0.00896	0.01149	0.00718	0.00599	0.00591	0.00187	0.08438	0.00399	0.00329	0.00682

[dist]
# distance from previous block
# <min> <max>
0	1

[block]
# block no. 1 follows, 40 sequences, length 17
# corresponding to MSA columns:
# 91-107
name=unknown_B
#
# <colnr> <probs for GDERKNQSTAVLIFYWHMCP>
#	G	D	E	R	K	N	Q	S	T	A	V	L	I	F	Y	W	H	M	C	P
0	0.01783	0.28572	0.07294	0.02453	0.03929	0.22364	0.01146	0.07591	0.08298	0.06603	0.01146	0.01241	0.00912	0.00608	0.00546	0.00157	0.03802	0.00420	0.00352	0.00784
1	0.03653	0.04145	0.01762	0.45732	0.13066	0.05787	0.03009	0.01522	0.01201	0.01574	0.01263	0.10317	0.01141	0.00720	0.00617	0.00192	0.02702	0.00628	0.00300	0.00672
2	0.02139	0.00886	0.01198	0.00969	0.01334	0.00771	0.00778	0.02354	0.01578	0.56975	0.09917	0.12378	0.02158	0.00906	0.00612	0.00185	0.00450	0.00767	0.00678	0.02965
3	0.01268	0.01256	0.01848	0.51118	0.06248	0.08446	0.08525	0.05238	0.01312	0.01644	0.01211	0.07048	0.01020	0.00666	0.00598	0.00191	0.00779	0.00602	0.00303	0.00678
4	0.01655	0.01497	0.01423	0.01220	0.01581	0.12143	0.00957	0.16605	0.41113	0.02444	0.01819	0.01776	0.01382	0.00836	0.03236	0.00202	0.00614	0.00561	0.00516	0.08421
5	0.00709	0.00506	0.00675	0.00810	0.00843	0.00472	0.00540	0.00810	0.01113	0.01484	0.03205	0.79184	0.03846	0.01822	0.00742	0.00236	0.00337	0.01653	0.00540	0.00472
6	0.19677	0.01302	0.05307	0.05350	0.10373	0.03746	0.06610	0.09273	0.02546	0.20107	0.02989	0.03234	0.01164	0.00854	0.04788	0.00223	0.00661	0.00537	0.00453	0.00806
7	0.01474	0.27219	0.16718	0.12283	0.06449	0.03306	0.01378	0.02984	0.04417	0.07412	0.01091	0.01293	0.00863	0.00620	0.00668	0.00173	0.10121	0.00440	0.00310	0.00780
8	0.01678	0.01031	0.01207	0.01050	0.01368	0.01072	0.00822	0.05375	0.33413	0.24933	0.08104	0.11193	0.04295	0.00933	0.00616	0.00194	0.00445	0.00791	0.00627	0.00852
9	0.00716	0.00583	0.00633	0.00635	0.00807	0.00501	0.00471	0.00884	0.01371	0.01714	0.19420	0.11419	0.55929	0.01446	0.00692	0.00197	0.00294	0.01228	0.00560	0.00501
10	0.01119	0.00844	0.01110	0.00994	0.01217	0.00841	0.06245	0.05214	0.14985	0.06855	0.18099	0.22331	0.13505	0.03006	0.00723	0.00210	0.00421	0.01065	0.00561	0.00654
11	0.01756	0.18227	0.03472	0.05215	0.06122	0.01646	0.01092	0.30337	0.03797	0.07360	0.01315	0.01508	0.01033	0.03811	0.03951	0.00216	0.04971	0.00499	0.02836	0.00834
12	0.00725	0.00523	0.00683	0.00805	0.00854	0.00488	0.00551	0.00836	0.01132	0.01494	0.03334	0.67498	0.08587	0.04281	0.00813	0.00246	0.00354	0.05788	0.00534	0.00473
13	0.07058	0.00592	0.00665	0.00715	0.00838	0.00552	0.00505	0.00911	0.01209	0.01652	0.09559	0.38264	0.28944	0.04853	0.00783	0.00228	0.00336	0.01320	0.00526	0.00492
14	0.01369	0.07143	0.01400	0.00952	0.01427	0.01081	0.00778	0.12104	0.07515	0.02138	0.01448	0.01535	0.05089	0.00562	0.00476	0.00117	0.00471	0.00443	0.00403	0.53551
15	0.12169	0.06259	0.01538	0.05624	0.01659	0.03680	0.07792	0.07432	0.01322	0.02004	0.01409	0.05043	0.05416	0.00634	0.00539	0.00145	0.02796	0.00514	0.00366	0.33661
16	0.01306	0.02984	0.07293	0.15941	0.07477	0.04994	0.02674	0.05792	0.04433	0.01864	0.01201	0.05058	0.01017	0.00606	0.00577	0.00150	0.03688	0.00497	0.00341	0.32108

[dist]
# distance from previous block
# <min> <max>
0	43

[block]
# block no. 2 follows, 40 sequences, length 26
# corresponding to MSA columns:
# 151-176
name=unknown_C
#
# <colnr> <probs for GDERKNQSTAVLIFYWHMCP>
#	G	D	E	R	K	N	Q	S	T	A	V	L	I	F	Y	W	H	M	C	P
0	0.01253	0.03065	0.06942	0.02843	0.03395	0.00949	0.05919	0.07408	0.04257	0.06188	0.02031	0.08399	0.05120	0.01146	0.00875	0.12161	0.00563	0.16796	0.00432	0.10258
1	0.11283	0.01387	0.07461	0.06437	0.01753	0.01344	0.01062	0.33006	0.01899	0.14158	0.01621	0.05806	0.01310	0.03959	0.00671	0.00202	0.00598	0.04692	0.00514	0.00836
2	0.05704	0.00733	0.00910	0.06097	0.01078	0.00825	0.00627	0.01070	0.00931	0.01383	0.01593	0.05902	0.01703	0.42730	0.09842	0.00467	0.10270	0.00730	0.04419	0.02985
3	0.00708	0.00510	0.00671	0.00800	0.00841	0.00473	0.00536	0.00811	0.01122	0.01488	0.03319	0.76077	0.06880	0.01807	0.00740	0.00234	0.00336	0.01635	0.00540	0.00473
4	0.00828	0.00642	0.00854	0.00884	0.00996	0.00619	0.03529	0.02756	0.06275	0.01692	0.09049	0.54938	0.11546	0.01582	0.00715	0.00222	0.00369	0.01425	0.00542	0.00536
5	0.01179	0.01083	0.01856	0.66565	0.07043	0.01303	0.05672	0.01560	0.01191	0.03812	0.01077	0.01554	0.00808	0.00587	0.00615	0.00194	0.02420	0.00528	0.00276	0.00676
6	0.01394	0.17421	0.17061	0.03099	0.01786	0.01321	0.03565	0.05394	0.01302	0.05538	0.01069	0.01226	0.00844	0.00519	0.00512	0.00134	0.02719	0.00396	0.00330	0.34372
7	0.17660	0.37148	0.05282	0.05573	0.04626	0.09074	0.02921	0.01754	0.01173	0.01680	0.00856	0.01061	0.00737	0.00571	0.00561	0.00160	0.07802	0.00370	0.00279	0.00713
8	0.01555	0.79913	0.03047	0.00995	0.01493	0.02301	0.00995	0.01741	0.01182	0.01368	0.00808	0.00933	0.00746	0.00498	0.00373	0.00124	0.00622	0.00311	0.00249	0.00746
9	0.01267	0.01081	0.01268	0.00925	0.01411	0.00889	0.00745	0.05640	0.01277	0.01970	0.01040	0.01220	0.00863	0.00478	0.00520	0.00100	0.04681	0.00364	0.00353	0.73908
10	0.01373	0.07522	0.07142	0.00997	0.01358	0.01097	0.00865	0.18127	0.03661	0.06128	0.14931	0.10454	0.08374	0.00909	0.00581	0.00169	0.00476	0.00755	0.03999	0.11083
11	0.03061	0.36486	0.11963	0.01149	0.01595	0.06902	0.01119	0.03659	0.01297	0.12404	0.01144	0.01261	0.00902	0.00614	0.00600	0.00158	0.08523	0.00412	0.05978	0.00770
12	0.00831	0.00623	0.00935	0.00935	0.01038	0.00727	0.00727	0.01038	0.00935	0.01350	0.01558	0.02285	0.01454	0.04361	0.77259	0.00935	0.01558	0.00623	0.00312	0.00519
13	0.01062	0.00961	0.01486	0.50604	0.05030	0.01147	0.01307	0.01473	0.06224	0.01602	0.03325	0.08336	0.08307	0.00811	0.00654	0.00198	0.03668	0.00697	0.02471	0.00639
14	0.03593	0.09561	0.01907	0.12384	0.23807	0.11420	0.03814	0.04457	0.07919	0.03641	0.01631	0.01823	0.07771	0.00775	0.02903	0.00196	0.00710	0.00560	0.00355	0.00773
15	0.00731	0.00520	0.00691	0.00819	0.00858	0.00490	0.00558	0.00839	0.01116	0.01484	0.03129	0.70483	0.03726	0.05656	0.00856	0.00255	0.00362	0.06428	0.00530	0.00471
16	0.00739	0.00532	0.00703	0.00803	0.00864	0.00496	0.00558	0.00879	0.01221	0.01643	0.15554	0.60758	0.06193	0.01694	0.00734	0.00228	0.00335	0.05022	0.00557	0.00489
17	0.01679	0.03108	0.01614	0.06761	0.07657	0.25421	0.01133	0.05152	0.25693	0.03751	0.03326	0.01623	0.01250	0.00716	0.00698	0.00183	0.08503	0.00529	0.00417	0.00787
18	0.01311	0.04423	0.10199	0.35434	0.05796	0.09248	0.05867	0.01751	0.06151	0.01605	0.01075	0.01439	0.00845	0.00644	0.00759	0.00194	0.11758	0.00504	0.00286	0.00713
19	0.04352	0.00868	0.00951	0.00812	0.01082	0.00887	0.00645	0.13838	0.05549	0.16847	0.01880	0.01962	0.01384	0.00691	0.00479	0.00155	0.00392	0.00546	0.45953	0.00727
20	0.00826	0.00579	0.00738	0.00741	0.00796	0.00592	0.00498	0.00938	0.01046	0.01447	0.16214	0.10156	0.02761	0.39297	0.20332	0.00551	0.00729	0.00903	0.00415	0.00441
21	0.01193	0.00653	0.00811	0.00731	0.00929	0.00597	0.00562	0.01447	0.01525	0.15575	0.39645	0.03530	0.09864	0.01012	0.00604	0.00173	0.00315	0.00867	0.19345	0.00622
22	0.01054	0.00656	0.00857	0.00786	0.00961	0.00606	0.00596	0.01349	0.03591	0.11425	0.60425	0.08306	0.04793	0.01157	0.00674	0.00186	0.00310	0.01018	0.00643	0.00609
23	0.00896	0.00607	0.00771	0.00774	0.00912	0.00560	0.00576	0.01107	0.02728	0.05924	0.33106	0.21929	0.16745	0.01417	0.00767	0.03703	0.00336	0.06023	0.00579	0.00538
24	0.03351	0.06038	0.06268	0.02377	0.01705	0.07464	0.02269	0.23084	0.01712	0.11599	0.01244	0.01345	0.00932	0.00638	0.00669	0.00160	0.08945	0.00458	0.00435	0.19305
25	0.04707	0.24224	0.22207	0.04440	0.01829	0.01524	0.01266	0.06467	0.01297	0.05818	0.01083	0.01254	0.00852	0.00664	0.02489	0.00174	0.04522	0.00410	0.03077	0.11696

[dist]
# distance from previous block
# <min> <max>
8	13

[block]
# block no. 3 follows, 40 sequences, length 22
# corresponding to MSA columns:
# 190-211
name=unknown_D
#
# <colnr> <probs for GDERKNQSTAVLIFYWHMCP>
#	G	D	E	R	K	N	Q	S	T	A	V	L	I	F	Y	W	H	M	C	P
0	0.11340	0.01116	0.01224	0.00991	0.01345	0.03228	0.00790	0.09011	0.04272	0.02042	0.01272	0.03991	0.01143	0.05246	0.03798	0.00201	0.08152	0.02995	0.00383	0.37459
1	0.08427	0.13259	0.07693	0.07427	0.01827	0.13389	0.05686	0.03232	0.11196	0.01768	0.01469	0.06982	0.04078	0.00767	0.00707	0.00185	0.10263	0.00577	0.00355	0.00714
2	0.01730	0.05428	0.01733	0.06305	0.04232	0.04058	0.08785	0.27102	0.01839	0.10101	0.06097	0.01755	0.01337	0.02088	0.00629	0.00176	0.02136	0.00564	0.09751	0.04155
3	0.14985	0.05239	0.01620	0.29025	0.02360	0.02665	0.05711	0.01496	0.01087	0.01685	0.00966	0.01369	0.00795	0.00741	0.00863	0.07328	0.12036	0.00464	0.01879	0.07688
4	0.04015	0.00686	0.00900	0.00861	0.00918	0.02474	0.00619	0.01040	0.00934	0.05213	0.04629	0.08462	0.01451	0.01667	0.01773	0.52018	0.08158	0.00624	0.03161	0.00394
5	0.01893	0.01459	0.01691	0.01304	0.01763	0.01547	0.05589	0.45389	0.14011	0.04821	0.01505	0.01517	0.01100	0.00660	0.00567	0.00166	0.00597	0.00530	0.00533	0.13358
6	0.01363	0.01541	0.03279	0.02365	0.02899	0.01499	0.67112	0.01820	0.01328	0.01820	0.01138	0.01541	0.00871	0.00539	0.00799	0.00201	0.08151	0.00670	0.00290	0.00771
7	0.01440	0.09506	0.04212	0.22823	0.05173	0.05572	0.05684	0.04544	0.01330	0.12232	0.01688	0.12187	0.04443	0.00823	0.00674	0.00190	0.05686	0.00688	0.00391	0.00716
8	0.01263	0.04510	0.20597	0.08608	0.09480	0.01363	0.33997	0.01744	0.01321	0.01831	0.05111	0.01821	0.01190	0.00603	0.00629	0.00191	0.00837	0.03819	0.00306	0.00778
9	0.00706	0.00559	0.00635	0.00681	0.00813	0.00489	0.00486	0.00847	0.01274	0.01601	0.10534	0.32186	0.43983	0.01577	0.00707	0.00210	0.00308	0.01368	0.00548	0.00489
10	0.00823	0.00594	0.00777	0.00732	0.00869	0.00549	0.00549	0.01097	0.01646	0.02332	0.75629	0.04344	0.05487	0.01189	0.00686	0.00183	0.00274	0.01052	0.00640	0.00549
11	0.02964	0.01433	0.17227	0.29158	0.11993	0.01175	0.03986	0.01635	0.03023	0.04809	0.08636	0.04034	0.01539	0.00729	0.00602	0.00193	0.00688	0.05093	0.00352	0.00729
12	0.01393	0.01562	0.10873	0.39968	0.12242	0.11784	0.01557	0.04220	0.01340	0.04796	0.01170	0.01639	0.00922	0.00623	0.00578	0.00186	0.00787	0.03321	0.00308	0.00732
13	0.01324	0.00955	0.01078	0.00977	0.01249	0.01003	0.00774	0.07422	0.28369	0.09504	0.13430	0.03504	0.15942	0.01043	0.00639	0.00197	0.00423	0.08477	0.02942	0.00748
14	0.00769	0.00648	0.00719	0.04735	0.01021	0.00592	0.00565	0.01014	0.04660	0.01671	0.10342	0.05201	0.58636	0.01383	0.00685	0.00200	0.00341	0.05758	0.00534	0.00526
15	0.01243	0.07522	0.56057	0.01923	0.11445	0.01425	0.08720	0.01830	0.01250	0.01821	0.01047	0.01267	0.00773	0.00539	0.00556	0.00180	0.00835	0.00457	0.00255	0.00853
16	0.01041	0.00766	0.01078	0.01130	0.03822	0.00764	0.04118	0.04398	0.05989	0.04001	0.05942	0.25014	0.04503	0.01456	0.00797	0.03635	0.00488	0.29948	0.00521	0.00588
17	0.00962	0.00925	0.05765	0.01085	0.04241	0.00824	0.02813	0.01369	0.09849	0.01762	0.05429	0.04712	0.28068	0.03593	0.00810	0.00230	0.03224	0.23237	0.00496	0.00606
18	0.01009	0.03520	0.02478	0.00934	0.01117	0.00732	0.04397	0.03566	0.02780	0.06385	0.07749	0.30014	0.14753	0.07769	0.00881	0.00244	0.00445	0.10141	0.00516	0.00570
19	0.01602	0.08939	0.04584	0.08731	0.01717	0.02937	0.01010	0.23555	0.04697	0.08291	0.01629	0.04981	0.03545	0.02636	0.04840	0.00223	0.04161	0.00582	0.07675	0.03665
20	0.10141	0.13001	0.22450	0.05983	0.07301	0.07030	0.09403	0.09630	0.03508	0.02014	0.01140	0.03816	0.00918	0.00603	0.00533	0.00175	0.00741	0.00493	0.00327	0.00793
21	0.04233	0.01299	0.03951	0.15189	0.05971	0.04437	0.20691	0.06401	0.06013	0.01983	0.03921	0.01927	0.01256	0.00669	0.00642	0.00185	0.03780	0.04328	0.09053	0.04069

[dist]
# distance from previous block
# <min> <max>
0	4

[block]
# block no. 4 follows, 40 sequences, length 13
# corresponding to MSA columns:
# 216-228
name=unknown_E
#
# <colnr> <probs for GDERKNQSTAVLIFYWHMCP>
#	G	D	E	R	K	N	Q	S	T	A	V	L	I	F	Y	W	H	M	C	P
0	0.01663	0.06375	0.01528	0.01134	0.01524	0.03740	0.02950	0.27027	0.17314	0.04410	0.03167	0.01747	0.01310	0.04408	0.00651	0.00179	0.00549	0.00541	0.06843	0.12939
1	0.05659	0.01490	0.01885	0.01731	0.13037	0.04228	0.09760	0.37263	0.06623	0.04768	0.01437	0.01650	0.01097	0.00670	0.00582	0.00179	0.00662	0.02871	0.03516	0.00891
2	0.02125	0.02693	0.01655	0.01500	0.01784	0.73275	0.01131	0.02274	0.01608	0.01422	0.00892	0.01060	0.00750	0.00621	0.00597	0.00155	0.05107	0.00382	0.00297	0.00672
3	0.00803	0.00587	0.00755	0.00727	0.00860	0.00538	0.00540	0.01054	0.01578	0.02205	0.64435	0.10525	0.10694	0.01262	0.00691	0.00188	0.00281	0.01114	0.00624	0.00538
4	0.00706	0.00545	0.00646	0.00716	0.00821	0.00484	0.00501	0.00835	0.01228	0.01565	0.08201	0.45309	0.33069	0.01646	0.00717	0.00217	0.00317	0.01448	0.00545	0.00484
5	0.01251	0.00703	0.00720	0.00660	0.00844	0.00729	0.00510	0.12099	0.01444	0.02389	0.01823	0.02054	0.01416	0.00681	0.00432	0.00141	0.00326	0.00539	0.70633	0.00608
6	0.05753	0.05723	0.01455	0.01146	0.01460	0.15842	0.00905	0.25064	0.05418	0.08037	0.01476	0.04068	0.01232	0.09306	0.03013	0.00234	0.03085	0.00558	0.05466	0.00759
7	0.55272	0.09201	0.01267	0.06844	0.01480	0.05801	0.00810	0.05695	0.01193	0.06583	0.00948	0.01079	0.00725	0.00561	0.00413	0.00173	0.00540	0.00360	0.00370	0.00685
8	0.00855	0.00622	0.00861	0.00859	0.00945	0.00701	0.00642	0.01023	0.00960	0.01387	0.01821	0.06257	0.04084	0.16179	0.50953	0.00737	0.03714	0.00719	0.06186	0.00494
9	0.04237	0.40972	0.04664	0.12511	0.04239	0.10844	0.01180	0.05079	0.01278	0.01572	0.00891	0.01115	0.00765	0.00583	0.00585	0.00157	0.07936	0.00387	0.00277	0.00729
10	0.05260	0.01450	0.07561	0.09183	0.50499	0.01358	0.06385	0.01861	0.04574	0.04579	0.01177	0.01470	0.00936	0.00544	0.00573	0.00178	0.00700	0.00522	0.00315	0.00874
11	0.17288	0.03237	0.04993	0.03333	0.01255	0.00954	0.02722	0.02832	0.05273	0.01904	0.06289	0.12768	0.07468	0.03817	0.08812	0.02815	0.02515	0.05053	0.06078	0.00594
12	0.12190	0.09868	0.01773	0.09223	0.09200	0.14181	0.03485	0.11624	0.11129	0.09899	0.01323	0.01419	0.00995	0.00618	0.00526	0.00172	0.00674	0.00478	0.00416	0.00808

[dist]
# distance from previous block
# <min> <max>
1	42

[block]
# block no. 5 follows, 40 sequences, length 57
# corresponding to MSA columns:
# 271-327
name=unknown_F
#
# <colnr> <probs for GDERKNQSTAVLIFYWHMCP>
#	G	D	E	R	K	N	Q	S	T	A	V	L	I	F	Y	W	H	M	C	P
0	0.09436	0.00821	0.00942	0.00868	0.01078	0.00840	0.00673	0.10100	0.06184	0.04439	0.35832	0.10965	0.06905	0.02594	0.00688	0.00201	0.00385	0.05843	0.00577	0.00631
1	0.01459	0.15329	0.47071	0.01568	0.05765	0.03665	0.01734	0.08609	0.01404	0.06578	0.01114	0.01247	0.00815	0.00567	0.00528	0.00172	0.00774	0.00431	0.00311	0.00859
2	0.00774	0.00539	0.00681	0.00760	0.00818	0.00502	0.00507	0.00877	0.01136	0.02962	0.08104	0.53577	0.10180	0.14431	0.01093	0.00281	0.00369	0.01421	0.00520	0.00470
3	0.00738	0.00534	0.00699	0.00795	0.00861	0.00496	0.00554	0.00879	0.01228	0.01646	0.15692	0.58374	0.08590	0.01682	0.00732	0.00226	0.00333	0.04893	0.00557	0.00490
4	0.01700	0.01398	0.01395	0.01188	0.01539	0.06429	0.00940	0.25338	0.39785	0.02730	0.01916	0.01851	0.01430	0.00736	0.00565	0.00181	0.00537	0.00585	0.08869	0.00888
5	0.03504	0.01523	0.01563	0.01255	0.01661	0.04990	0.01017	0.51338	0.15761	0.03201	0.01601	0.03032	0.01196	0.00728	0.00571	0.00177	0.00597	0.00560	0.04803	0.00923
6	0.01794	0.01308	0.01507	0.04850	0.01680	0.01385	0.00979	0.39907	0.01997	0.07094	0.01360	0.03330	0.01051	0.00752	0.00716	0.04192	0.05435	0.00518	0.02964	0.17181
7	0.02242	0.01224	0.01455	0.01148	0.01568	0.01241	0.00936	0.29823	0.08134	0.37840	0.02015	0.06596	0.01446	0.00786	0.00594	0.00183	0.00537	0.00634	0.00645	0.00951
8	0.01010	0.00505	0.00758	0.00758	0.00758	0.00505	0.00505	0.00758	0.00758	0.01010	0.01010	0.01768	0.01010	0.02020	0.02273	0.83081	0.00505	0.00505	0.00253	0.00253
9	0.06640	0.14660	0.12682	0.01203	0.04727	0.08943	0.02695	0.10130	0.04784	0.02088	0.06129	0.01798	0.04844	0.00679	0.00505	0.00161	0.00593	0.00526	0.15482	0.00731
10	0.00805	0.00632	0.00835	0.00847	0.00961	0.00599	0.04036	0.01033	0.05790	0.01609	0.09090	0.43503	0.17133	0.09186	0.00932	0.00252	0.00385	0.01338	0.00521	0.00513
11	0.00801	0.00530	0.00708	0.00821	0.00875	0.00491	0.00555	0.00908	0.01140	0.05122	0.03161	0.75432	0.03729	0.01768	0.00735	0.00233	0.00345	0.01601	0.00549	0.00497
12	0.00794	0.00581	0.00759	0.00857	0.00909	0.00574	0.00589	0.04132	0.01179	0.01580	0.03045	0.73173	0.03618	0.01745	0.00772	0.00234	0.02858	0.01565	0.00533	0.00501
13	0.01587	0.01778	0.17714	0.01757	0.09643	0.04602	0.10502	0.16291	0.07773	0.06853	0.03723	0.01553	0.01115	0.00689	0.00777	0.00192	0.11661	0.00548	0.00398	0.00846
14	0.01098	0.01034	0.01744	0.78165	0.04005	0.01292	0.01615	0.01486	0.01163	0.01486	0.01034	0.01550	0.00775	0.00581	0.00581	0.00194	0.00775	0.00517	0.00258	0.00646
15	0.00838	0.00607	0.00708	0.00680	0.00856	0.00532	0.00511	0.01039	0.01465	0.05515	0.34429	0.08225	0.39817	0.01335	0.00684	0.00192	0.00298	0.01143	0.00590	0.00538
16	0.78203	0.01137	0.00972	0.03262	0.01282	0.01310	0.03210	0.01708	0.01008	0.02548	0.00830	0.00985	0.00643	0.00539	0.00378	0.00181	0.00479	0.00334	0.00354	0.00636
17	0.01534	0.59475	0.07341	0.01093	0.01552	0.02094	0.01074	0.07504	0.01273	0.01576	0.00906	0.01125	0.00819	0.03573	0.00623	0.00159	0.06881	0.00372	0.00280	0.00749
18	0.06315	0.19937	0.07619	0.01189	0.03876	0.04205	0.03752	0.10215	0.01430	0.05312	0.07783	0.14740	0.01749	0.00841	0.00591	0.00172	0.03281	0.00682	0.00410	0.05902
19	0.00811	0.00599	0.00772	0.05586	0.01041	0.00590	0.00598	0.01007	0.02484	0.01685	0.18102	0.30256	0.13185	0.09613	0.04588	0.00280	0.00433	0.03415	0.04449	0.00504
20	0.00937	0.00669	0.00937	0.01071	0.01205	0.00669	0.00937	0.01205	0.01339	0.01740	0.03079	0.06560	0.03347	0.01606	0.00803	0.00268	0.00535	0.72021	0.00535	0.00535
21	0.00980	0.00608	0.00751	0.00722	0.00864	0.00563	0.00530	0.01187	0.01405	0.08011	0.35279	0.11914	0.11404	0.10102	0.00910	0.00229	0.00340	0.02641	0.11011	0.00547
22	0.00909	0.00730	0.01052	0.01007	0.01083	0.00894	0.00784	0.01082	0.00918	0.01336	0.01447	0.02262	0.01400	0.11371	0.56627	0.00779	0.14864	0.00626	0.00306	0.00523
23	0.00704	0.00525	0.00655	0.00759	0.00830	0.00477	0.00517	0.00815	0.01162	0.01504	0.03822	0.62290	0.20341	0.01742	0.00730	0.00227	0.00328	0.01555	0.00540	0.00477
24	0.00709	0.00506	0.00675	0.00810	0.00843	0.00472	0.00540	0.00810	0.01113	0.01484	0.03205	0.79184	0.03846	0.01822	0.00742	0.00236	0.00337	0.01653	0.00540	0.00472
25	0.01358	0.01251	0.02029	0.26741	0.24534	0.02920	0.10733	0.09254	0.01409	0.01884	0.01268	0.01904	0.01071	0.00715	0.00691	0.04157	0.00736	0.06263	0.00329	0.00754
26	0.01534	0.01623	0.01663	0.01426	0.01584	0.22831	0.05338	0.06037	0.01260	0.01592	0.01026	0.01491	0.00936	0.06305	0.03981	0.00255	0.35175	0.00511	0.04783	0.00648
27	0.01802	0.01264	0.01399	0.01173	0.01547	0.01387	0.00936	0.20033	0.41319	0.15520	0.05628	0.02054	0.01705	0.00774	0.00593	0.00188	0.00501	0.00631	0.00614	0.00931
28	0.02116	0.01427	0.01572	0.01231	0.01654	0.01543	0.01007	0.55346	0.04758	0.13195	0.01658	0.05314	0.01236	0.00758	0.00582	0.00177	0.00583	0.00592	0.04309	0.00942
29	0.00694	0.00589	0.00598	0.00596	0.00790	0.00494	0.00447	0.00848	0.01341	0.01609	0.09343	0.05534	0.72224	0.01459	0.00687	0.00196	0.00294	0.01219	0.00545	0.00494
30	0.00846	0.00564	0.00634	0.00634	0.00634	0.00564	0.00352	0.00846	0.00846	0.01128	0.01832	0.03805	0.02114	0.79563	0.02960	0.00564	0.00564	0.00846	0.00352	0.00352
31	0.00780	0.00570	0.00735	0.00822	0.00897	0.00545	0.00580	0.00986	0.04407	0.01665	0.14011	0.53645	0.06646	0.04062	0.00799	0.00238	0.00355	0.07203	0.00551	0.00505
32	0.01204	0.00996	0.01217	0.07635	0.01567	0.00803	0.00760	0.01458	0.01200	0.03409	0.01146	0.03740	0.00976	0.00530	0.00493	0.01734	0.00458	0.00413	0.02025	0.68237
33	0.00846	0.00599	0.00745	0.00784	0.00895	0.00565	0.00555	0.01073	0.05142	0.04496	0.17756	0.41299	0.15008	0.04663	0.02557	0.00244	0.00368	0.01320	0.00556	0.00530
34	0.05133	0.01132	0.01488	0.04395	0.14595	0.01063	0.02596	0.12222	0.01463	0.06020	0.01436	0.09131	0.01281	0.00687	0.00537	0.00151	0.00531	0.02902	0.00411	0.32826
35	0.15668	0.05800	0.03271	0.13236	0.11329	0.18627	0.03442	0.01726	0.01249	0.01753	0.01121	0.06949	0.01007	0.00687	0.00635	0.00178	0.07250	0.00520	0.02212	0.03340
36	0.13233	0.07020	0.03505	0.05449	0.27537	0.21731	0.01294	0.05190	0.01385	0.01864	0.01021	0.01282	0.00848	0.00793	0.05308	0.00213	0.00807	0.00442	0.00311	0.00766
37	0.03548	0.07928	0.01905	0.06002	0.33616	0.11172	0.02897	0.04558	0.01401	0.05517	0.02681	0.01601	0.01100	0.00598	0.00532	0.00164	0.00656	0.01571	0.11760	0.00791
38	0.01052	0.00955	0.01339	0.01224	0.01254	0.01252	0.00976	0.01188	0.00938	0.01391	0.01424	0.15280	0.01524	0.05366	0.19364	0.00424	0.43409	0.00751	0.00322	0.00568
39	0.01057	0.01011	0.03228	0.05340	0.01614	0.01110	0.14289	0.01264	0.01053	0.01496	0.01618	0.17539	0.01693	0.13105	0.08108	0.00338	0.21744	0.00832	0.02980	0.00580
40	0.01373	0.01569	0.03431	0.02451	0.03039	0.01471	0.73824	0.01863	0.01373	0.01863	0.01176	0.01569	0.00882	0.00490	0.00686	0.00196	0.00980	0.00686	0.00294	0.00784
41	0.00823	0.00598	0.00777	0.00742	0.00881	0.00552	0.00563	0.01091	0.01617	0.02271	0.69134	0.04504	0.08427	0.01221	0.00692	0.00188	0.00288	0.04457	0.00631	0.00546
42	0.06901	0.01197	0.01380	0.01122	0.01529	0.01244	0.00908	0.15539	0.25837	0.34821	0.02071	0.01877	0.01422	0.00728	0.00573	0.00185	0.00507	0.00582	0.00632	0.00946
43	0.83671	0.01125	0.00855	0.00765	0.01125	0.01305	0.00630	0.01709	0.00990	0.02609	0.00810	0.00945	0.00630	0.00540	0.00360	0.00180	0.00450	0.00315	0.00360	0.00630
44	0.01242	0.00962	0.01160	0.00951	0.01252	0.00920	0.00739	0.08687	0.03581	0.05208	0.11145	0.11296	0.01981	0.07437	0.00889	0.00190	0.08288	0.00690	0.00446	0.32937
45	0.01301	0.01026	0.01225	0.03418	0.01460	0.00818	0.00737	0.04045	0.01282	0.06574	0.01230	0.05061	0.01044	0.00531	0.00466	0.00106	0.00449	0.00435	0.00383	0.68410
46	0.00742	0.00571	0.00671	0.00715	0.00839	0.00513	0.00520	0.00894	0.01279	0.01635	0.14052	0.26556	0.34932	0.06424	0.00855	0.00235	0.00341	0.07197	0.00541	0.00488
47	0.01877	0.07397	0.01559	0.01225	0.01564	0.30478	0.00969	0.23616	0.06860	0.02263	0.01517	0.01590	0.04688	0.00688	0.00528	0.00159	0.00718	0.00498	0.11042	0.00764
48	0.01331	0.14491	0.01738	0.11910	0.09070	0.11804	0.04329	0.05900	0.01441	0.01780	0.11565	0.02571	0.11050	0.00944	0.03043	0.00200	0.00664	0.05101	0.00391	0.00677
49	0.01050	0.00811	0.01008	0.01091	0.07035	0.00821	0.00727	0.11087	0.07332	0.01978	0.11330	0.35442	0.10758	0.05760	0.00808	0.00228	0.00418	0.01168	0.00531	0.00619
50	0.04020	0.02600	0.01186	0.05862	0.02707	0.00814	0.08698	0.01400	0.01252	0.07766	0.09584	0.15449	0.02210	0.07755	0.00804	0.00215	0.01813	0.02266	0.23000	0.00599
51	0.01365	0.01339	0.07054	0.08371	0.14348	0.05305	0.11288	0.09221	0.01400	0.05468	0.01722	0.07500	0.06144	0.09054	0.03634	0.00252	0.02916	0.00692	0.00378	0.02548
52	0.05736	0.06130	0.10669	0.10658	0.29559	0.06634	0.03962	0.03916	0.04513	0.01855	0.01504	0.05360	0.05695	0.00673	0.00566	0.00179	0.00685	0.00585	0.00332	0.00789
53	0.01283	0.00940	0.01100	0.01003	0.02848	0.00941	0.00750	0.16166	0.07023	0.03815	0.05504	0.12052	0.02112	0.15497	0.01041	0.00252	0.00494	0.09379	0.04203	0.13596
54	0.03932	0.01118	0.03667	0.04837	0.14906	0.02728	0.03816	0.11304	0.02546	0.01975	0.02167	0.18103	0.09322	0.04258	0.00734	0.00204	0.01758	0.03776	0.00428	0.08421
55	0.05252	0.01258	0.06325	0.04412	0.20411	0.03751	0.05639	0.10759	0.02958	0.01990	0.06528	0.07186	0.01661	0.16317	0.01056	0.00257	0.00626	0.00688	0.02217	0.00710
56	0.04558	0.01112	0.01330	0.07465	0.03056	0.06230	0.02288	0.06466	0.07939	0.09928	0.09627	0.14530	0.01980	0.01055	0.03197	0.00217	0.11276	0.00756	0.00461	0.06528

[dist]
# distance from previous block
# <min> <max>
30	267

[block]
# block no. 6 follows, 40 sequences, length 26
# corresponding to MSA columns:
# 616-641
name=unknown_G
#
# <colnr> <probs for GDERKNQSTAVLIFYWHMCP>
#	G	D	E	R	K	N	Q	S	T	A	V	L	I	F	Y	W	H	M	C	P
0	0.01535	0.07397	0.11426	0.01354	0.06899	0.02627	0.01126	0.12473	0.24205	0.08815	0.05957	0.03602	0.04388	0.00851	0.01857	0.00198	0.00583	0.03367	0.00496	0.00845
1	0.01469	0.03887	0.15066	0.05164	0.09682	0.06009	0.06150	0.09254	0.10714	0.06325	0.09817	0.01800	0.01518	0.00672	0.00600	0.00173	0.02243	0.00565	0.00416	0.08475
2	0.01468	0.01463	0.04145	0.07438	0.41564	0.09107	0.05495	0.04883	0.03522	0.03736	0.01361	0.09129	0.01216	0.00678	0.00591	0.00179	0.00700	0.00625	0.00345	0.02358
3	0.01239	0.01107	0.01468	0.08629	0.01716	0.03313	0.06969	0.06847	0.06616	0.01887	0.04470	0.10304	0.03629	0.00929	0.03014	0.00198	0.12621	0.00665	0.03293	0.21088
4	0.23245	0.01123	0.01539	0.32485	0.10799	0.01296	0.03920	0.03465	0.07823	0.01981	0.01257	0.01559	0.02756	0.00753	0.03563	0.00217	0.00674	0.00504	0.00337	0.00702
5	0.01429	0.01366	0.02307	0.03445	0.72518	0.01354	0.01734	0.01770	0.01319	0.01900	0.01091	0.01429	0.00918	0.00514	0.00569	0.00169	0.00679	0.00510	0.00290	0.04689
6	0.01101	0.01017	0.01635	0.60372	0.03344	0.01282	0.01444	0.01423	0.01105	0.01465	0.01081	0.01700	0.00893	0.06606	0.00929	0.00228	0.10864	0.00541	0.02351	0.00620
7	0.01578	0.01231	0.01672	0.10166	0.22515	0.01313	0.01214	0.27043	0.01781	0.05286	0.04380	0.09891	0.01491	0.02650	0.02926	0.00213	0.00633	0.00674	0.02522	0.00822
8	0.01098	0.01034	0.01744	0.78165	0.04005	0.01292	0.01615	0.01486	0.01163	0.01486	0.01034	0.01550	0.00775	0.00581	0.00581	0.00194	0.00775	0.00517	0.00258	0.00646
9	0.00985	0.00834	0.01147	0.00969	0.01269	0.00693	0.06993	0.01191	0.01183	0.01701	0.02152	0.35854	0.04423	0.01082	0.00598	0.00165	0.00433	0.00979	0.00432	0.36915
10	0.01017	0.00734	0.00900	0.00833	0.00953	0.00774	0.00589	0.09272	0.01113	0.01540	0.01639	0.02844	0.01680	0.39578	0.28504	0.00621	0.00912	0.00701	0.00364	0.05432
11	0.01644	0.03721	0.01792	0.15516	0.13170	0.05662	0.03929	0.31665	0.01869	0.02461	0.01471	0.11665	0.01293	0.00779	0.00596	0.00184	0.00667	0.00662	0.00438	0.00816
12	0.01051	0.00629	0.00974	0.01134	0.10686	0.00635	0.00680	0.00912	0.00845	0.01151	0.01082	0.01829	0.01064	0.04842	0.06238	0.64508	0.00590	0.00526	0.00264	0.00359
13	0.01290	0.01417	0.04352	0.12432	0.12737	0.01352	0.47046	0.01725	0.01334	0.01819	0.04099	0.05145	0.01181	0.00594	0.00657	0.00194	0.00856	0.00694	0.00312	0.00763
14	0.01155	0.01085	0.01838	0.71102	0.03870	0.01321	0.05605	0.04206	0.01233	0.01588	0.01055	0.01546	0.00789	0.00581	0.00587	0.00193	0.00782	0.00526	0.00272	0.00666
15	0.01264	0.04710	0.01836	0.36386	0.04842	0.02863	0.10919	0.01587	0.01218	0.05761	0.01408	0.03280	0.03926	0.00685	0.00706	0.00190	0.08437	0.00583	0.08723	0.00675
16	0.03524	0.01326	0.02006	0.34835	0.31824	0.05450	0.03679	0.07105	0.01372	0.01848	0.01076	0.01453	0.00846	0.00563	0.00573	0.00181	0.00744	0.00510	0.00300	0.00785
17	0.01315	0.01343	0.05127	0.11591	0.40539	0.02958	0.13047	0.01673	0.01293	0.01819	0.01308	0.07392	0.01147	0.00634	0.00593	0.00181	0.00706	0.00626	0.05908	0.00799
18	0.03179	0.01085	0.01662	0.24631	0.12207	0.02986	0.05951	0.01442	0.01123	0.01602	0.01259	0.08025	0.01148	0.00999	0.04480	0.03424	0.16805	0.00619	0.06725	0.00647
19	0.04341	0.01178	0.01913	0.36259	0.28391	0.01301	0.04390	0.05597	0.01316	0.01816	0.01313	0.03497	0.03140	0.00641	0.00588	0.00188	0.00705	0.02361	0.00313	0.00754
20	0.05390	0.01246	0.05649	0.08914	0.07788	0.01181	0.26944	0.01587	0.01296	0.04789	0.10140	0.11600	0.01783	0.00801	0.00729	0.00197	0.06212	0.00767	0.00378	0.02609
21	0.07389	0.01138	0.03374	0.01248	0.07397	0.09856	0.03656	0.04658	0.01301	0.01758	0.03936	0.27317	0.11517	0.02560	0.00756	0.00208	0.05449	0.03029	0.00436	0.03018
22	0.01458	0.10247	0.06773	0.01522	0.13310	0.08395	0.05983	0.12913	0.02635	0.02013	0.01500	0.01878	0.03709	0.09090	0.02337	0.00220	0.00657	0.00555	0.14076	0.00729
23	0.01502	0.04136	0.03622	0.02498	0.03698	0.02427	0.07082	0.14777	0.04387	0.12566	0.04957	0.06954	0.07201	0.08114	0.03403	0.00237	0.00584	0.00709	0.08071	0.03074
24	0.05752	0.01573	0.13839	0.01790	0.11463	0.03439	0.19862	0.01832	0.06293	0.04783	0.02875	0.03150	0.02706	0.00604	0.00605	0.00171	0.02714	0.00562	0.00351	0.15635
25	0.16707	0.11902	0.26460	0.01106	0.01585	0.03404	0.01171	0.04260	0.01261	0.01957	0.06647	0.05610	0.07852	0.03866	0.00613	0.00191	0.00600	0.00586	0.03526	0.00697

[dist]
# distance from previous block
# <min> <max>
17	142

[block]
# block no. 7 follows, 40 sequences, length 10
# corresponding to MSA columns:
# 806-815
name=unknown_H
#
# <colnr> <probs for GDERKNQSTAVLIFYWHMCP>
#	G	D	E	R	K	N	Q	S	T	A	V	L	I	F	Y	W	H	M	C	P
0	0.04369	0.16190	0.17583	0.01303	0.05842	0.06269	0.01174	0.08369	0.01365	0.03937	0.01525	0.15555	0.02691	0.00813	0.00584	0.00172	0.03055	0.00651	0.00369	0.08183
1	0.10013	0.04147	0.15282	0.04067	0.18378	0.08444	0.10551	0.01740	0.01284	0.01877	0.04426	0.01604	0.01107	0.00616	0.00613	0.00175	0.04262	0.03088	0.00316	0.08008
2	0.01289	0.01066	0.01415	0.15231	0.06043	0.04365	0.04375	0.11168	0.04725	0.04716	0.05943	0.09050	0.07462	0.01046	0.00695	0.00210	0.02542	0.17511	0.00465	0.00684
3	0.10330	0.03491	0.03724	0.01365	0.06212	0.16180	0.05506	0.06684	0.04080	0.05638	0.01418	0.06422	0.01287	0.05959	0.00812	0.00204	0.06660	0.04499	0.01879	0.07651
4	0.03831	0.05189	0.05331	0.04156	0.01475	0.01106	0.03638	0.16878	0.03375	0.04672	0.11688	0.18164	0.02265	0.03724	0.00798	0.03215	0.02955	0.02921	0.00479	0.04142
5	0.01168	0.01241	0.06991	0.07469	0.08755	0.02792	0.13188	0.01527	0.06152	0.01647	0.01737	0.08669	0.06731	0.03540	0.04480	0.04167	0.13498	0.02200	0.00348	0.03700
6	0.01099	0.00744	0.01043	0.00978	0.04939	0.00730	0.09815	0.01427	0.03428	0.02033	0.02203	0.02432	0.09483	0.00848	0.02834	0.00178	0.00430	0.00640	0.54119	0.00597
7	0.06528	0.01125	0.01223	0.03285	0.01380	0.01207	0.00797	0.29519	0.08490	0.04588	0.01639	0.04610	0.01421	0.17958	0.01070	0.00256	0.00540	0.00622	0.07573	0.06170
8	0.01206	0.02809	0.00896	0.00799	0.00991	0.08482	0.00613	0.06469	0.04855	0.02046	0.07647	0.05454	0.08879	0.01155	0.07265	0.00226	0.00511	0.00677	0.38418	0.00600
9	0.01312	0.04530	0.01083	0.00977	0.04568	0.09042	0.00718	0.07602	0.01348	0.02007	0.01707	0.02013	0.04142	0.03375	0.04747	0.00209	0.06644	0.00549	0.42806	0.00619

[dist]
# distance from previous block
# <min> <max>
2	12

[block]
# block no. 8 follows, 40 sequences, length 19
# corresponding to MSA columns:
# 828-846
name=unknown_I
#
# <colnr> <probs for GDERKNQSTAVLIFYWHMCP>
#	G	D	E	R	K	N	Q	S	T	A	V	L	I	F	Y	W	H	M	C	P
0	0.01752	0.01464	0.04323	0.01713	0.18458	0.07429	0.01154	0.21713	0.06889	0.10379	0.03262	0.01650	0.01196	0.04315	0.00669	0.00181	0.00624	0.00527	0.00455	0.11845
1	0.01384	0.01270	0.01954	0.04093	0.29449	0.03261	0.11301	0.11112	0.01531	0.02106	0.09321	0.05152	0.04263	0.00742	0.00637	0.00180	0.02138	0.03284	0.00395	0.06428
2	0.18000	0.15361	0.07974	0.09013	0.01717	0.01318	0.01023	0.03792	0.01284	0.18290	0.02593	0.01656	0.01108	0.00712	0.00614	0.03310	0.03297	0.03933	0.00410	0.04596
3	0.01646	0.04052	0.03770	0.05116	0.14188	0.04079	0.01093	0.11202	0.14612	0.16375	0.05559	0.04811	0.06838	0.00814	0.00598	0.00185	0.00561	0.03155	0.00509	0.00836
4	0.01198	0.03005	0.14522	0.01794	0.05746	0.04461	0.30221	0.01582	0.01293	0.01752	0.05704	0.12924	0.05040	0.00948	0.03541	0.00225	0.04195	0.00789	0.00350	0.00710
5	0.00719	0.00590	0.00633	0.00623	0.00805	0.00505	0.00467	0.00897	0.01401	0.01750	0.22337	0.05301	0.59142	0.01406	0.00687	0.00193	0.00290	0.01186	0.00564	0.00505
6	0.01676	0.23398	0.02258	0.01800	0.18361	0.16382	0.05710	0.10449	0.05687	0.01906	0.02889	0.01328	0.01001	0.00575	0.00514	0.00154	0.00719	0.00457	0.00343	0.04394
7	0.01161	0.01067	0.01744	0.73813	0.03880	0.01321	0.01586	0.05593	0.01252	0.01609	0.01054	0.01542	0.00787	0.00588	0.00581	0.00193	0.00768	0.00517	0.00277	0.00665
8	0.01596	0.01626	0.02403	0.09717	0.21843	0.13391	0.23916	0.07830	0.01479	0.04495	0.01132	0.01435	0.00883	0.00578	0.00677	0.00183	0.05136	0.00550	0.00326	0.00805
9	0.08968	0.02738	0.01554	0.01576	0.16264	0.01310	0.01052	0.22344	0.08412	0.11770	0.01575	0.05186	0.01272	0.03810	0.06925	0.00253	0.00651	0.00586	0.00476	0.03279
10	0.00930	0.00832	0.00921	0.00917	0.01063	0.05416	0.00735	0.01108	0.01290	0.01611	0.07213	0.09577	0.34636	0.01400	0.00878	0.00222	0.11178	0.19051	0.00489	0.00535
11	0.00844	0.00557	0.00634	0.00646	0.00656	0.00554	0.00372	0.00867	0.00888	0.01210	0.01963	0.10713	0.02245	0.68580	0.02632	0.00513	0.00529	0.00906	0.04319	0.00373
12	0.00974	0.00872	0.03736	0.01431	0.13531	0.00927	0.00980	0.01210	0.01004	0.01456	0.01414	0.02072	0.01308	0.05022	0.55051	0.00727	0.06786	0.00596	0.00302	0.00602
13	0.01708	0.09131	0.01696	0.01560	0.12171	0.32168	0.01058	0.09833	0.01484	0.01676	0.01153	0.01692	0.01073	0.16324	0.01073	0.00241	0.04435	0.00506	0.00333	0.00686
14	0.09031	0.00942	0.01179	0.14028	0.03352	0.01006	0.00899	0.14004	0.03390	0.05618	0.02074	0.31890	0.02131	0.01112	0.00622	0.00201	0.00503	0.02854	0.00477	0.04684
15	0.03311	0.06811	0.27637	0.07409	0.05400	0.14555	0.03322	0.16088	0.01579	0.02064	0.01163	0.03778	0.00936	0.02720	0.00615	0.00185	0.00791	0.00496	0.00340	0.00800
16	0.01639	0.01274	0.01386	0.05107	0.01569	0.04345	0.00929	0.35918	0.07539	0.02621	0.05258	0.02043	0.04525	0.07396	0.03933	0.03290	0.03630	0.00609	0.04277	0.02712
17	0.01803	0.01698	0.16438	0.01277	0.01771	0.01456	0.01197	0.40285	0.06039	0.07344	0.01468	0.01578	0.01082	0.03267	0.02575	0.00204	0.00656	0.00523	0.05417	0.03923
18	0.01431	0.01162	0.04420	0.02894	0.01456	0.01183	0.00902	0.20360	0.17340	0.04128	0.01788	0.08174	0.01518	0.04194	0.11312	0.00296	0.02173	0.00654	0.07209	0.07404

[dist]
# distance from previous block
# <min> <max>
0	2

[block]
# block no. 9 follows, 40 sequences, length 12
# corresponding to MSA columns:
# 849-855,878-882
name=unknown_J
#
# <colnr> <probs for GDERKNQSTAVLIFYWHMCP>
#	G	D	E	R	K	N	Q	S	T	A	V	L	I	F	Y	W	H	M	C	P
0	0.12053	0.00798	0.00846	0.00793	0.00982	0.04819	0.00601	0.01303	0.01488	0.06551	0.45678	0.10655	0.09022	0.01121	0.00633	0.00186	0.00360	0.00957	0.00573	0.00581
1	0.00784	0.00546	0.00657	0.00715	0.00746	0.00526	0.00452	0.00843	0.01001	0.01319	0.02691	0.33856	0.07799	0.40905	0.01856	0.00399	0.00455	0.03587	0.00445	0.00415
2	0.01148	0.00999	0.01242	0.05073	0.01472	0.00891	0.00793	0.01378	0.01153	0.01762	0.01264	0.10704	0.01207	0.00681	0.00661	0.00131	0.10155	0.00533	0.00352	0.58402
3	0.05268	0.01301	0.08550	0.20954	0.12980	0.01189	0.03543	0.09898	0.01416	0.08075	0.01345	0.06049	0.01090	0.00646	0.00553	0.00171	0.00630	0.00556	0.03741	0.12045
4	0.09309	0.01890	0.06852	0.04441	0.28535	0.24247	0.01386	0.08533	0.05844	0.01997	0.01106	0.01304	0.00882	0.00581	0.00540	0.00169	0.00772	0.00459	0.00339	0.00814
5	0.01396	0.01484	0.01693	0.01476	0.01537	0.14884	0.01204	0.01533	0.01026	0.01400	0.00848	0.01311	0.00814	0.01201	0.07444	0.00288	0.59066	0.00494	0.00267	0.00634
6	0.00749	0.00603	0.00672	0.00685	0.00849	0.00537	0.00510	0.00965	0.03721	0.01729	0.17692	0.15861	0.47569	0.01456	0.00697	0.00203	0.00312	0.04117	0.00559	0.00514
7	0.00787	0.00580	0.00739	0.00845	0.00907	0.00569	0.00579	0.01028	0.07773	0.01565	0.03078	0.67508	0.03584	0.04435	0.00808	0.00245	0.00362	0.03560	0.00538	0.00510
8	0.06253	0.02045	0.01605	0.01630	0.10827	0.43638	0.01131	0.04640	0.04110	0.01654	0.01062	0.01313	0.00898	0.01093	0.10171	0.00262	0.06203	0.00445	0.00321	0.00701
9	0.01756	0.01355	0.01694	0.07213	0.16549	0.01476	0.01199	0.29176	0.19616	0.07649	0.01686	0.03348	0.01300	0.00724	0.00592	0.00185	0.00598	0.02462	0.00510	0.00912
10	0.00879	0.00668	0.00910	0.14567	0.01441	0.00693	0.00745	0.04587	0.01250	0.01682	0.06589	0.48167	0.07933	0.01422	0.00679	0.00214	0.00420	0.01270	0.05347	0.00538
11	0.01382	0.01287	0.02131	0.16593	0.55209	0.01339	0.01651	0.05252	0.01383	0.01938	0.05321	0.01622	0.01157	0.00576	0.00583	0.00177	0.00680	0.00548	0.00317	0.00854

[dist]
# distance from previous block
# <min> <max>
0	2

[block]
# block no. 10 follows, 40 sequences, length 16
# corresponding to MSA columns:
# 885-900
name=unknown_K
#
# <colnr> <probs for GDERKNQSTAVLIFYWHMCP>
#	G	D	E	R	K	N	Q	S	T	A	V	L	I	F	Y	W	H	M	C	P
0	0.03198	0.03707	0.10751	0.12137	0.01680	0.05461	0.00980	0.09826	0.01320	0.05612	0.01607	0.09404	0.01518	0.20145	0.03351	0.00296	0.00648	0.00683	0.07042	0.00635
1	0.02034	0.01180	0.01396	0.01091	0.01508	0.01173	0.00890	0.27246	0.05507	0.29377	0.05728	0.01840	0.01450	0.00852	0.03653	0.00197	0.00560	0.00564	0.03169	0.10585
2	0.41433	0.29667	0.01710	0.00886	0.01292	0.01664	0.00791	0.08260	0.01232	0.02228	0.00930	0.01057	0.00758	0.00547	0.00388	0.00157	0.00518	0.00346	0.05436	0.00699
3	0.02222	0.01145	0.01384	0.01080	0.01497	0.01119	0.00885	0.25937	0.01983	0.42312	0.05507	0.02227	0.08384	0.00803	0.00598	0.00180	0.00514	0.00645	0.00654	0.00924
4	0.01388	0.04217	0.09342	0.03581	0.20134	0.14288	0.01211	0.08355	0.03572	0.01852	0.02059	0.15200	0.10571	0.00902	0.00601	0.00183	0.00649	0.00763	0.00394	0.00736
5	0.01396	0.04584	0.04272	0.14952	0.01854	0.01312	0.01044	0.23718	0.02804	0.02186	0.04503	0.06529	0.05568	0.09448	0.03094	0.00252	0.08450	0.00673	0.02656	0.00707
6	0.00724	0.00516	0.00683	0.00796	0.00838	0.00483	0.00534	0.00838	0.01153	0.01550	0.09901	0.69419	0.03935	0.04643	0.00819	0.00243	0.00340	0.01567	0.00542	0.00475
7	0.00889	0.00639	0.00801	0.00836	0.00951	0.00626	0.00632	0.01089	0.03273	0.04024	0.11231	0.22367	0.17167	0.12555	0.01084	0.00274	0.03059	0.17465	0.00521	0.00516
8	0.20029	0.02822	0.06157	0.10658	0.26326	0.06029	0.03980	0.03662	0.01281	0.04525	0.01252	0.04772	0.02232	0.00625	0.00527	0.00178	0.00644	0.00524	0.03014	0.00762
9	0.01509	0.06598	0.08729	0.04542	0.07856	0.12620	0.02706	0.12495	0.01403	0.01856	0.01117	0.03935	0.00975	0.01002	0.05990	0.00243	0.22619	0.00522	0.02551	0.00733
10	0.00706	0.00586	0.00611	0.00612	0.00790	0.00498	0.00453	0.00858	0.01332	0.01624	0.12156	0.08160	0.64097	0.03994	0.00763	0.00209	0.00303	0.01214	0.00543	0.00491
11	0.00840	0.00564	0.00650	0.00655	0.00661	0.00568	0.00377	0.00853	0.00860	0.01152	0.01872	0.06617	0.02150	0.73085	0.06338	0.00569	0.00601	0.00866	0.00358	0.00365
12	0.70616	0.01114	0.00907	0.00786	0.01156	0.01247	0.00644	0.04070	0.01075	0.02563	0.00885	0.01024	0.00691	0.00539	0.00375	0.00170	0.00449	0.00332	0.03034	0.08323
13	0.01159	0.00927	0.07006	0.00917	0.01138	0.00779	0.00747	0.10654	0.01424	0.08829	0.08713	0.28564	0.09826	0.11172	0.00954	0.00250	0.00456	0.02980	0.02888	0.00616
14	0.01490	0.01199	0.01352	0.01284	0.07281	0.05357	0.00923	0.28068	0.03790	0.02444	0.07752	0.18799	0.02010	0.01172	0.05140	0.00228	0.02290	0.00804	0.02556	0.06060
15	0.20070	0.35668	0.06583	0.01177	0.04732	0.13423	0.01024	0.05602	0.01305	0.01834	0.01043	0.01167	0.03143	0.00569	0.00434	0.00151	0.00657	0.00378	0.00310	0.00728

[dist]
# distance from previous block
# <min> <max>
18	27

[block]
# block no. 11 follows, 40 sequences, length 34
# corresponding to MSA columns:
# 938-971
name=unknown_L
#
# <colnr> <probs for GDERKNQSTAVLIFYWHMCP>
#	G	D	E	R	K	N	Q	S	T	A	V	L	I	F	Y	W	H	M	C	P
