[name]
unknown

[dist]
# distance from previous block
# <min> <max>
0	190

[block]
# block no. 0 follows, 41 sequences, length 7
# corresponding to MSA columns:
# 190-196
name=unknown_A
#
# <colnr> <probs for GDERKNQSTAVLIFYWHMCP>
#	G	D	E	R	K	N	Q	S	T	A	V	L	I	F	Y	W	H	M	C	P
0	0.02036	0.01392	0.01613	0.09647	0.01929	0.01519	0.01096	0.51852	0.02288	0.13707	0.01560	0.01777	0.01153	0.00731	0.00586	0.00180	0.00617	0.04853	0.00554	0.00909
1	0.05570	0.01478	0.01457	0.01163	0.01548	0.09988	0.00926	0.40657	0.04041	0.09007	0.01408	0.01625	0.01098	0.09257	0.00798	0.00204	0.00623	0.00517	0.00498	0.08137
2	0.01887	0.01257	0.01401	0.01128	0.01489	0.01341	0.00901	0.43072	0.07210	0.14358	0.01923	0.08407	0.04146	0.07817	0.00797	0.00214	0.00551	0.00679	0.00569	0.00853
3	0.36078	0.01330	0.07904	0.01062	0.01443	0.01327	0.00944	0.14707	0.01395	0.14700	0.01187	0.01293	0.00873	0.00806	0.04031	0.00217	0.09087	0.00434	0.00428	0.00756
4	0.08616	0.04722	0.01288	0.01027	0.01366	0.13596	0.00814	0.13047	0.04411	0.16239	0.03587	0.10383	0.09574	0.00846	0.00554	0.00169	0.00550	0.00672	0.00492	0.08046
5	0.01941	0.01425	0.01561	0.01191	0.01653	0.01488	0.00976	0.51556	0.05549	0.06760	0.01380	0.01394	0.01001	0.00633	0.00540	0.00154	0.00569	0.00485	0.00528	0.19215
6	0.01029	0.00650	0.00779	0.00757	0.00938	0.00584	0.00561	0.03918	0.01374	0.12611	0.12239	0.28449	0.31154	0.01391	0.00675	0.00201	0.00343	0.01204	0.00570	0.00573

[dist]
# distance from previous block
# <min> <max>
1	5

[block]
# block no. 1 follows, 41 sequences, length 83
# corresponding to MSA columns:
# 202-252,271-275,280-306
name=unknown_B
#
# <colnr> <probs for GDERKNQSTAVLIFYWHMCP>
#	G	D	E	R	K	N	Q	S	T	A	V	L	I	F	Y	W	H	M	C	P
0	0.02313	0.00952	0.01357	0.01058	0.01466	0.00832	0.04295	0.02539	0.01582	0.65164	0.04578	0.07853	0.01693	0.00793	0.00595	0.00182	0.00491	0.00674	0.00672	0.00912
1	0.01259	0.01003	0.01276	0.04639	0.01500	0.03202	0.05389	0.03469	0.01268	0.08162	0.01601	0.18318	0.01531	0.00768	0.00533	0.00141	0.00484	0.00674	0.00410	0.44373
2	0.01152	0.06802	0.69557	0.01550	0.02337	0.01340	0.01972	0.01760	0.01188	0.01755	0.01051	0.01312	0.00789	0.04276	0.00646	0.00196	0.00820	0.00436	0.00247	0.00816
3	0.02501	0.00975	0.01321	0.01010	0.01455	0.00837	0.00833	0.02724	0.01616	0.73202	0.02198	0.01911	0.01389	0.00695	0.00568	0.00173	0.00484	0.00564	0.00691	0.04854
4	0.00813	0.00615	0.00786	0.00738	0.00874	0.00589	0.00559	0.01059	0.01542	0.02151	0.63164	0.04294	0.14561	0.01198	0.00731	0.00185	0.03972	0.01032	0.00599	0.00536
5	0.01315	0.01474	0.03158	0.02269	0.02822	0.01373	0.67687	0.01770	0.01332	0.01818	0.01235	0.04807	0.00990	0.00535	0.00666	0.00189	0.00912	0.00699	0.00302	0.04648
6	0.00868	0.00592	0.00772	0.00735	0.00871	0.00544	0.00546	0.01113	0.01549	0.05218	0.63338	0.11427	0.06351	0.02644	0.00716	0.00192	0.00290	0.01072	0.00616	0.00546
7	0.00697	0.00498	0.00664	0.00796	0.00830	0.00465	0.00531	0.00796	0.01095	0.01460	0.03153	0.79525	0.03783	0.01792	0.00730	0.00232	0.00332	0.01626	0.00531	0.00465
8	0.00801	0.00578	0.00757	0.00726	0.00853	0.00534	0.00539	0.01058	0.01579	0.02230	0.70432	0.10051	0.05273	0.01217	0.00679	0.00184	0.00275	0.01080	0.00622	0.00534
9	0.02225	0.01444	0.01609	0.01242	0.01690	0.01549	0.01023	0.54968	0.06010	0.19836	0.01617	0.01538	0.01109	0.00696	0.00573	0.00174	0.00589	0.00535	0.00603	0.00970
10	0.01997	0.01470	0.01590	0.01254	0.01661	0.01617	0.01020	0.65592	0.02498	0.03348	0.01587	0.10746	0.01310	0.00819	0.00591	0.00179	0.00594	0.00648	0.00567	0.00912
11	0.00697	0.00498	0.00664	0.00796	0.00830	0.00465	0.00531	0.00796	0.01095	0.01460	0.03153	0.79525	0.03783	0.01792	0.00730	0.00232	0.00332	0.01626	0.00531	0.00465
12	0.10284	0.00964	0.01248	0.00975	0.01391	0.00866	0.00802	0.02582	0.01572	0.65284	0.06394	0.01984	0.01570	0.00718	0.00560	0.00177	0.00470	0.00576	0.00669	0.00914
13	0.01529	0.80242	0.02997	0.00979	0.01468	0.02263	0.00979	0.01713	0.01162	0.01346	0.00795	0.00918	0.00734	0.00489	0.00367	0.00122	0.00612	0.00306	0.00245	0.00734
14	0.01326	0.39025	0.42430	0.01326	0.02005	0.01765	0.01584	0.01765	0.01186	0.01594	0.00919	0.01072	0.00729	0.00518	0.00461	0.00154	0.00736	0.00368	0.00243	0.00793
15	0.02152	0.01560	0.01676	0.01289	0.01737	0.01721	0.01063	0.70953	0.02627	0.05067	0.01405	0.01406	0.00995	0.00687	0.00568	0.00171	0.00617	0.00517	0.02830	0.00961
16	0.01378	0.01098	0.01261	0.00985	0.01388	0.01017	0.00781	0.21276	0.01573	0.02260	0.01457	0.14100	0.01361	0.00736	0.00555	0.00137	0.02635	0.00603	0.00432	0.44967
17	0.00933	0.00728	0.00878	0.04516	0.01125	0.02378	0.00684	0.06683	0.01493	0.01980	0.29744	0.16285	0.16618	0.01303	0.00685	0.00203	0.00391	0.12267	0.00551	0.00556
18	0.01092	0.00647	0.00855	0.00768	0.00952	0.00588	0.00588	0.01354	0.01622	0.14269	0.64159	0.03898	0.04756	0.01095	0.00659	0.00179	0.00305	0.00961	0.00642	0.00609
19	0.01091	0.01028	0.01736	0.76002	0.06372	0.01274	0.01594	0.01471	0.01149	0.01475	0.01019	0.01521	0.00767	0.00570	0.00572	0.00190	0.00760	0.00508	0.00255	0.00645
20	0.01283	0.18462	0.53467	0.01581	0.04467	0.01512	0.05909	0.01818	0.01221	0.03793	0.01022	0.01194	0.00759	0.00533	0.00517	0.00169	0.00790	0.00420	0.00259	0.00824
21	0.02514	0.01057	0.01379	0.01058	0.01502	0.00965	0.00874	0.12357	0.01778	0.66958	0.02139	0.01870	0.01357	0.00705	0.00575	0.00176	0.00506	0.00567	0.00690	0.00973
22	0.02256	0.01471	0.01635	0.01254	0.01708	0.01579	0.01036	0.59495	0.02470	0.18842	0.01557	0.01493	0.01065	0.00691	0.00573	0.00173	0.00600	0.00528	0.00600	0.00973
23	0.00894	0.00657	0.00861	0.00952	0.01080	0.00653	0.00776	0.02681	0.04922	0.01734	0.06260	0.24253	0.08591	0.01548	0.00747	0.00242	0.00449	0.41628	0.00536	0.00536
24	0.02436	0.06507	0.01497	0.01065	0.01508	0.03448	0.00888	0.11214	0.01729	0.60540	0.02009	0.01780	0.01296	0.00687	0.00559	0.00172	0.00529	0.00543	0.00647	0.00947
25	0.02338	0.01294	0.01520	0.01171	0.01617	0.01322	0.00965	0.38509	0.04252	0.38162	0.01818	0.01666	0.01204	0.00699	0.00574	0.00175	0.00557	0.00547	0.00637	0.00971
26	0.00697	0.00498	0.00664	0.00796	0.00830	0.00465	0.00531	0.00796	0.01095	0.01460	0.03153	0.79525	0.03783	0.01792	0.00730	0.00232	0.00332	0.01626	0.00531	0.00465
27	0.01312	0.04452	0.02107	0.24226	0.49959	0.01337	0.01621	0.01654	0.01248	0.01744	0.01080	0.01455	0.00882	0.00533	0.00553	0.00172	0.00683	0.00502	0.03670	0.00808
28	0.01443	0.43623	0.31870	0.01259	0.01877	0.05396	0.01425	0.01814	0.01218	0.04064	0.00939	0.01071	0.00753	0.00523	0.00450	0.00148	0.00719	0.00364	0.00261	0.00782
29	0.00678	0.00572	0.00587	0.00598	0.00778	0.00481	0.00443	0.00819	0.01286	0.01538	0.05567	0.11882	0.69868	0.01478	0.00681	0.00197	0.00293	0.01243	0.00531	0.00481
30	0.02361	0.01033	0.01323	0.01035	0.01454	0.00964	0.00848	0.09490	0.07986	0.59964	0.02161	0.01918	0.01405	0.00710	0.00567	0.00176	0.00487	0.00574	0.04596	0.00947
31	0.01680	0.01131	0.01325	0.01008	0.01442	0.01053	0.00812	0.18153	0.05016	0.17282	0.01441	0.01563	0.01094	0.04801	0.00668	0.00158	0.02717	0.00471	0.00475	0.37711
32	0.00707	0.00509	0.00672	0.00799	0.00844	0.00475	0.00546	0.00817	0.01116	0.01476	0.03271	0.72458	0.07168	0.01765	0.00730	0.00232	0.00339	0.05075	0.00531	0.00468
33	0.02101	0.02615	0.01631	0.01468	0.01757	0.71133	0.01111	0.05364	0.01636	0.01494	0.00900	0.01056	0.00748	0.00611	0.00575	0.00153	0.04288	0.00380	0.00305	0.00675
34	0.01186	0.01017	0.01186	0.00847	0.01356	0.00762	0.00678	0.01440	0.01186	0.01864	0.01017	0.01186	0.00847	0.00424	0.00424	0.00085	0.00424	0.00339	0.00339	0.83395
35	0.00718	0.00515	0.00685	0.00805	0.00854	0.00482	0.00556	0.00838	0.01142	0.01523	0.06990	0.68888	0.05528	0.01737	0.00730	0.00231	0.00341	0.06429	0.00536	0.00473
36	0.00701	0.00505	0.00666	0.00793	0.00835	0.00470	0.00536	0.00806	0.01109	0.01469	0.03261	0.74765	0.06815	0.01773	0.00729	0.00231	0.00334	0.03204	0.00531	0.00467
37	0.00810	0.00585	0.00765	0.00720	0.00855	0.00540	0.00540	0.01079	0.01619	0.02294	0.76028	0.04273	0.05397	0.01169	0.00675	0.00180	0.00270	0.01034	0.00630	0.00540
38	0.00696	0.00501	0.00661	0.00789	0.00828	0.00465	0.00528	0.00797	0.01103	0.01463	0.03246	0.76899	0.06348	0.01780	0.00728	0.00231	0.00330	0.01611	0.00531	0.00465
39	0.01497	0.73687	0.09268	0.01034	0.01554	0.02184	0.01075	0.01721	0.01166	0.01385	0.00815	0.00942	0.00733	0.00494	0.00382	0.00127	0.00632	0.00316	0.00244	0.00743
40	0.01066	0.00533	0.00533	0.00533	0.00666	0.00533	0.00400	0.01333	0.01200	0.02132	0.01866	0.02132	0.01466	0.00666	0.00400	0.00133	0.00267	0.00533	0.83073	0.00533
41	0.01066	0.00533	0.00533	0.00533	0.00666	0.00533	0.00400	0.01333	0.01200	0.02132	0.01866	0.02132	0.01466	0.00666	0.00400	0.00133	0.00267	0.00533	0.83073	0.00533
42	0.01632	0.00954	0.01174	0.01005	0.01273	0.00986	0.00794	0.20809	0.01641	0.21269	0.04606	0.16213	0.01855	0.01461	0.11640	0.02032	0.02844	0.00768	0.06302	0.00742
43	0.05858	0.01122	0.01301	0.01077	0.01455	0.01166	0.00865	0.09456	0.30934	0.33361	0.05606	0.02029	0.01655	0.00746	0.00572	0.00183	0.00474	0.00607	0.00625	0.00909
44	0.00910	0.00624	0.00795	0.00734	0.00895	0.00575	0.00556	0.02678	0.01614	0.05790	0.64688	0.04211	0.11425	0.01162	0.00668	0.00181	0.00289	0.01017	0.00623	0.00564
45	0.02193	0.01572	0.01698	0.01302	0.01759	0.01729	0.01075	0.71020	0.02639	0.07078	0.01415	0.01401	0.00994	0.00688	0.00572	0.00172	0.00623	0.00518	0.00579	0.00973
46	0.01092	0.01029	0.01737	0.75863	0.06507	0.01274	0.01594	0.01472	0.01149	0.01476	0.01019	0.01521	0.00768	0.00570	0.00572	0.00190	0.00760	0.00508	0.00255	0.00645
47	0.83938	0.01106	0.00841	0.00752	0.01106	0.01283	0.00619	0.01681	0.00973	0.02566	0.00796	0.00929	0.00619	0.00531	0.00354	0.00177	0.00442	0.00310	0.00354	0.00619
48	0.80515	0.01101	0.00861	0.00763	0.01121	0.01265	0.00629	0.01728	0.01001	0.05687	0.00858	0.00972	0.00653	0.00538	0.00363	0.00177	0.00444	0.00321	0.00369	0.00634
49	0.01088	0.01028	0.01717	0.74867	0.03824	0.01294	0.01573	0.01457	0.01131	0.01457	0.01004	0.01512	0.00762	0.00592	0.00634	0.00193	0.04470	0.00508	0.00254	0.00635
50	0.01080	0.01017	0.01716	0.78523	0.03940	0.01271	0.01589	0.01461	0.01144	0.01461	0.01017	0.01525	0.00762	0.00572	0.00572	0.00191	0.00762	0.00508	0.00254	0.00635
51	0.01080	0.01017	0.01716	0.78523	0.03940	0.01271	0.01589	0.01461	0.01144	0.01461	0.01017	0.01525	0.00762	0.00572	0.00572	0.00191	0.00762	0.00508	0.00254	0.00635
52	0.00831	0.00556	0.00632	0.00632	0.00635	0.00559	0.00357	0.00837	0.00834	0.01115	0.01795	0.03701	0.02061	0.77752	0.05032	0.00565	0.00582	0.00826	0.00345	0.00351
53	0.74867	0.01100	0.00909	0.03951	0.01247	0.01268	0.00676	0.01756	0.03047	0.05637	0.00909	0.01029	0.00690	0.00547	0.00378	0.00178	0.00458	0.00338	0.00371	0.00643
54	0.02137	0.02726	0.01621	0.01474	0.01768	0.77602	0.01105	0.02284	0.01621	0.01400	0.00884	0.01031	0.00737	0.00589	0.00516	0.00147	0.01031	0.00368	0.00295	0.00663
55	0.00856	0.00635	0.00833	0.00933	0.01076	0.00611	0.00794	0.01087	0.01307	0.01664	0.03688	0.08512	0.20557	0.01556	0.00761	0.00246	0.00464	0.53378	0.00528	0.00514
56	0.02539	0.01017	0.01354	0.01038	0.01482	0.00905	0.00858	0.07696	0.01709	0.71716	0.02196	0.01908	0.01386	0.00706	0.00575	0.00177	0.00496	0.00571	0.00699	0.00973
57	0.82158	0.01103	0.00851	0.00758	0.01114	0.01273	0.00624	0.01706	0.00988	0.04189	0.00828	0.00951	0.00637	0.00535	0.00359	0.00177	0.00443	0.00316	0.00362	0.00627
58	0.00862	0.00585	0.00762	0.00742	0.00874	0.00536	0.00547	0.01090	0.01500	0.05535	0.54726	0.19322	0.08177	0.01286	0.00681	0.00191	0.00293	0.01140	0.00609	0.00542
59	0.00831	0.00557	0.00636	0.00636	0.00640	0.00561	0.00362	0.00840	0.00835	0.01118	0.01791	0.03682	0.02053	0.76810	0.05964	0.00569	0.00594	0.00823	0.00345	0.00353
60	0.01245	0.01263	0.02460	0.05520	0.02381	0.01228	0.45446	0.06933	0.03863	0.01875	0.01680	0.20087	0.01593	0.00823	0.00673	0.00201	0.00763	0.00880	0.00376	0.00711
61	0.00839	0.00615	0.00790	0.00741	0.00885	0.00582	0.00557	0.01172	0.05118	0.02298	0.72528	0.04171	0.05224	0.01151	0.00670	0.00181	0.00279	0.01016	0.00627	0.00557
62	0.00922	0.00658	0.00922	0.01053	0.01185	0.00658	0.00922	0.01185	0.01317	0.01712	0.03029	0.06452	0.03292	0.01580	0.00790	0.00263	0.00527	0.72480	0.00527	0.00527
63	0.02458	0.01148	0.01435	0.01100	0.01547	0.01100	0.00909	0.22658	0.01929	0.56444	0.02012	0.01788	0.01293	0.00702	0.00574	0.00176	0.00526	0.00559	0.00670	0.00973
64	0.04039	0.00777	0.00864	0.00780	0.00931	0.00807	0.00559	0.14835	0.01392	0.01972	0.14502	0.04825	0.06509	0.31817	0.04816	0.00353	0.00511	0.00788	0.08380	0.00542
65	0.25430	0.01071	0.01228	0.00972	0.01391	0.01055	0.00802	0.09364	0.01552	0.48824	0.01761	0.01605	0.01149	0.00656	0.00513	0.00176	0.00488	0.00495	0.00595	0.00874
66	0.00784	0.00584	0.00730	0.00693	0.00839	0.00529	0.00520	0.01031	0.01560	0.02153	0.62826	0.04504	0.18687	0.01222	0.00675	0.00182	0.00274	0.01067	0.00611	0.00529
67	0.10894	0.01118	0.01794	0.48950	0.06434	0.01314	0.09594	0.03986	0.01195	0.01739	0.01034	0.01452	0.00791	0.00581	0.00615	0.00189	0.04434	0.00504	0.02715	0.00669
68	0.02336	0.00991	0.01297	0.01012	0.01425	0.00897	0.00830	0.08030	0.03719	0.62145	0.07078	0.02164	0.03843	0.00760	0.00585	0.00178	0.00477	0.00621	0.00684	0.00929
69	0.00748	0.00542	0.00741	0.03126	0.00985	0.00523	0.00632	0.00885	0.01136	0.01505	0.03068	0.64167	0.03607	0.01718	0.00736	0.00237	0.00379	0.14263	0.00522	0.00481
70	0.01522	0.61403	0.14522	0.01119	0.01653	0.06490	0.01168	0.03756	0.01238	0.01484	0.00853	0.00982	0.00739	0.00509	0.00409	0.00134	0.00673	0.00334	0.00256	0.00754
71	0.01335	0.01680	0.17201	0.11599	0.36577	0.04590	0.03932	0.01811	0.05992	0.01799	0.01117	0.01405	0.00889	0.00562	0.00617	0.00176	0.04171	0.00493	0.00292	0.03761
72	0.20578	0.08438	0.05228	0.22068	0.14650	0.04117	0.01236	0.09872	0.01317	0.02022	0.01041	0.03081	0.00848	0.00619	0.00543	0.02191	0.00643	0.00462	0.00325	0.00722
73	0.01500	0.61158	0.14000	0.01108	0.01632	0.05741	0.01152	0.03443	0.01222	0.01471	0.00865	0.01008	0.00754	0.00594	0.02170	0.00152	0.00689	0.00338	0.00256	0.00748
74	0.01239	0.00751	0.00935	0.00814	0.01042	0.00706	0.00634	0.08407	0.01689	0.15605	0.47694	0.03720	0.12319	0.01073	0.00647	0.00180	0.00345	0.00922	0.00627	0.00652
75	0.01463	0.66911	0.15752	0.01091	0.01642	0.02102	0.01174	0.01730	0.01170	0.01426	0.00835	0.00968	0.00732	0.00499	0.00397	0.00132	0.00652	0.00326	0.00244	0.00753
76	0.01422	0.01257	0.04984	0.13583	0.01955	0.02640	0.03045	0.10999	0.03876	0.06905	0.01164	0.01361	0.00901	0.00579	0.00639	0.00148	0.08290	0.00444	0.00372	0.35436
77	0.03820	0.01494	0.11675	0.01174	0.01605	0.07651	0.01049	0.13308	0.09863	0.24481	0.05394	0.04972	0.01452	0.00732	0.00598	0.00174	0.02802	0.00577	0.00515	0.06666
78	0.00817	0.00571	0.00731	0.00741	0.00779	0.00605	0.00490	0.00896	0.00881	0.01211	0.01802	0.08551	0.01970	0.47626	0.29214	0.00661	0.00885	0.00810	0.00345	0.00413
79	0.00859	0.00626	0.00861	0.00976	0.01076	0.00628	0.00800	0.01068	0.01245	0.01637	0.04546	0.27686	0.04676	0.01615	0.00800	0.00251	0.02761	0.46856	0.00522	0.00511
80	0.14145	0.01145	0.01352	0.11920	0.01803	0.01233	0.00961	0.11895	0.19817	0.27159	0.01767	0.01707	0.01229	0.00677	0.00543	0.00182	0.00529	0.00536	0.00543	0.00856
81	0.01402	0.01345	0.02297	0.06575	0.73373	0.01355	0.01749	0.01743	0.01296	0.01852	0.01073	0.01420	0.00900	0.00512	0.00566	0.00171	0.00683	0.00510	0.00282	0.00895
82	0.00740	0.00546	0.00679	0.00769	0.00842	0.00509	0.00525	0.02965	0.01171	0.01528	0.03521	0.62216	0.16220	0.03915	0.00778	0.00233	0.00340	0.01498	0.00527	0.00479

[dist]
# distance from previous block
# <min> <max>
0	1

[block]
# block no. 2 follows, 41 sequences, length 8
# corresponding to MSA columns:
# 308-315
name=unknown_C
#
# <colnr> <probs for GDERKNQSTAVLIFYWHMCP>
#	G	D	E	R	K	N	Q	S	T	A	V	L	I	F	Y	W	H	M	C	P
0	0.02422	0.01021	0.01337	0.01040	0.01463	0.00928	0.00853	0.10936	0.01730	0.64327	0.02202	0.05977	0.01490	0.00763	0.00583	0.00179	0.00495	0.00624	0.00683	0.00946
1	0.01377	0.01320	0.02252	0.12154	0.67989	0.01349	0.01736	0.01722	0.01284	0.01822	0.01069	0.01428	0.00889	0.00517	0.00567	0.00172	0.00689	0.00509	0.00280	0.00875
2	0.00697	0.00573	0.00616	0.00637	0.00804	0.00492	0.00476	0.00849	0.01295	0.01581	0.08895	0.14647	0.59978	0.01483	0.00688	0.00201	0.00306	0.04761	0.00536	0.00486
3	0.02405	0.00980	0.01306	0.01012	0.01431	0.00872	0.00832	0.06913	0.01698	0.66517	0.08013	0.02096	0.01703	0.00743	0.00583	0.00177	0.00478	0.00608	0.00694	0.00939
4	0.01509	0.01209	0.01296	0.01153	0.01485	0.01379	0.00900	0.03020	0.69753	0.07987	0.02323	0.02120	0.01721	0.00771	0.00582	0.00193	0.00455	0.00641	0.00591	0.00910
5	0.02217	0.01220	0.01442	0.01140	0.01563	0.01247	0.00930	0.25176	0.16600	0.39156	0.01995	0.01805	0.01343	0.00715	0.00576	0.00179	0.00524	0.00571	0.00641	0.00960
6	0.01147	0.02959	0.76934	0.01630	0.02476	0.01328	0.02113	0.01811	0.01208	0.01811	0.01026	0.01208	0.00725	0.00543	0.00543	0.00181	0.00845	0.00423	0.00242	0.00845
7	0.00768	0.00596	0.00713	0.00763	0.00915	0.00541	0.00607	0.00957	0.01316	0.01660	0.11403	0.13469	0.39002	0.01499	0.00717	0.00218	0.00366	0.23451	0.00539	0.00500

[dist]
# distance from previous block
# <min> <max>
0	4

[block]
# block no. 3 follows, 41 sequences, length 59
# corresponding to MSA columns:
# 320-378
name=unknown_D
#
# <colnr> <probs for GDERKNQSTAVLIFYWHMCP>
#	G	D	E	R	K	N	Q	S	T	A	V	L	I	F	Y	W	H	M	C	P
0	0.00715	0.00583	0.00634	0.00628	0.00806	0.00502	0.00476	0.00893	0.01377	0.01723	0.21853	0.05254	0.57302	0.01389	0.00680	0.00193	0.00293	0.03648	0.00554	0.00497
1	0.02042	0.01523	0.01630	0.01275	0.01701	0.01691	0.01041	0.63718	0.10908	0.03380	0.01497	0.01543	0.01099	0.03454	0.00655	0.00188	0.00607	0.00541	0.00565	0.00943
2	0.02040	0.01523	0.01634	0.01278	0.01709	0.01690	0.01047	0.63591	0.11073	0.03419	0.04082	0.01562	0.01216	0.00714	0.00577	0.00175	0.00596	0.00548	0.00575	0.00950
3	0.01416	0.01359	0.02322	0.03511	0.76330	0.01359	0.01755	0.01755	0.01302	0.01869	0.01076	0.01416	0.00906	0.00510	0.00566	0.00170	0.00680	0.00510	0.00283	0.00906
4	0.01193	0.12159	0.68132	0.01553	0.02356	0.01440	0.01978	0.01800	0.01202	0.01756	0.00999	0.01173	0.00726	0.00537	0.00522	0.00174	0.00818	0.00409	0.00242	0.00832
5	0.00717	0.00516	0.00648	0.00745	0.00789	0.00482	0.00490	0.00805	0.01072	0.01410	0.03194	0.59260	0.10845	0.14891	0.01091	0.00283	0.00365	0.01450	0.00500	0.00447
6	0.02050	0.04707	0.01651	0.01497	0.04244	0.69141	0.01102	0.03514	0.01607	0.01459	0.01053	0.01190	0.03147	0.00613	0.00520	0.00149	0.00977	0.00401	0.00306	0.00673
7	0.02128	0.01026	0.01290	0.01033	0.01420	0.00986	0.00837	0.09425	0.13626	0.48601	0.11279	0.02209	0.01918	0.00774	0.00588	0.00180	0.00468	0.00638	0.00665	0.00909
8	0.01485	0.73767	0.07109	0.01005	0.01507	0.02163	0.01028	0.01695	0.01169	0.01377	0.00941	0.01055	0.02729	0.00518	0.00385	0.00128	0.00616	0.00336	0.00252	0.00734
9	0.00994	0.00497	0.00745	0.00745	0.00745	0.00497	0.00497	0.00745	0.00745	0.00994	0.00994	0.01739	0.00994	0.01987	0.02235	0.83358	0.00497	0.00497	0.00248	0.00248
10	0.01350	0.01543	0.03375	0.02411	0.02989	0.01446	0.74253	0.01832	0.01350	0.01832	0.01157	0.01543	0.00868	0.00482	0.00675	0.00193	0.00964	0.00675	0.00289	0.00771
11	0.01103	0.01040	0.01757	0.73431	0.08854	0.01277	0.01600	0.01481	0.01155	0.01489	0.01021	0.01518	0.00772	0.00568	0.00571	0.00189	0.00757	0.00508	0.00256	0.00654
12	0.02423	0.01041	0.01569	0.01182	0.01640	0.00912	0.09494	0.02675	0.01603	0.67898	0.02127	0.01899	0.01351	0.00681	0.00587	0.00179	0.00543	0.00587	0.00659	0.00950
13	0.05158	0.00978	0.01312	0.01009	0.01449	0.00855	0.00834	0.02752	0.01616	0.74365	0.02210	0.01914	0.01391	0.00702	0.00568	0.00177	0.00485	0.00567	0.00697	0.00962
14	0.02304	0.01205	0.01444	0.01118	0.01553	0.01200	0.00920	0.29977	0.04383	0.43492	0.02065	0.01878	0.04265	0.00732	0.00578	0.00176	0.00532	0.00580	0.00645	0.00951
15	0.35385	0.01346	0.01330	0.01083	0.01477	0.03424	0.02998	0.31939	0.05325	0.05279	0.01240	0.01370	0.00932	0.00639	0.00486	0.00176	0.00550	0.02000	0.02227	0.00793
16	0.00713	0.00510	0.00678	0.00785	0.00833	0.00475	0.00532	0.00837	0.01171	0.01581	0.13677	0.68657	0.04016	0.01702	0.00722	0.00225	0.00323	0.01541	0.00545	0.00475
17	0.00697	0.00498	0.00664	0.00796	0.00830	0.00465	0.00531	0.00796	0.01095	0.01460	0.03153	0.79525	0.03783	0.01792	0.00730	0.00232	0.00332	0.01626	0.00531	0.00465
18	0.00810	0.00585	0.00765	0.00720	0.00855	0.00540	0.00540	0.01079	0.01619	0.02294	0.76028	0.04273	0.05397	0.01169	0.00675	0.00180	0.00270	0.01034	0.00630	0.00540
19	0.02313	0.01380	0.01579	0.01211	0.01663	0.01444	0.01000	0.49111	0.02318	0.29442	0.01685	0.01576	0.01129	0.00694	0.00573	0.00174	0.00579	0.00536	0.00620	0.00973
20	0.00677	0.00577	0.00582	0.00587	0.00774	0.00482	0.00438	0.00820	0.01297	0.01542	0.05707	0.07962	0.73698	0.01460	0.00678	0.00194	0.00291	0.01221	0.00531	0.00482
21	0.83938	0.01106	0.00841	0.00752	0.01106	0.01283	0.00619	0.01681	0.00973	0.02566	0.00796	0.00929	0.00619	0.00531	0.00354	0.00177	0.00442	0.00310	0.00354	0.00619
22	0.01993	0.01426	0.01555	0.01236	0.01643	0.01563	0.01004	0.55205	0.11048	0.08253	0.01689	0.07807	0.01321	0.00788	0.00586	0.00180	0.00575	0.00624	0.00579	0.00924
23	0.01240	0.01235	0.01750	0.06731	0.01667	0.01719	0.01274	0.01382	0.00894	0.01382	0.00769	0.01270	0.00752	0.00972	0.01788	0.00246	0.73550	0.00501	0.00251	0.00626
24	0.00942	0.14100	0.01097	0.00818	0.00952	0.00816	0.00619	0.01075	0.01140	0.03431	0.07375	0.40332	0.02968	0.12305	0.00959	0.00253	0.00425	0.07059	0.02815	0.00519
25	0.01186	0.01017	0.01186	0.00847	0.01356	0.00762	0.00678	0.01440	0.01186	0.01864	0.01017	0.01186	0.00847	0.00424	0.00424	0.00085	0.00424	0.00339	0.00339	0.83395
26	0.01529	0.80242	0.02997	0.00979	0.01468	0.02263	0.00979	0.01713	0.01162	0.01346	0.00795	0.00918	0.00734	0.00489	0.00367	0.00122	0.00612	0.00306	0.00245	0.00734
27	0.00697	0.00498	0.00664	0.00796	0.00830	0.00465	0.00531	0.00796	0.01095	0.01460	0.03153	0.79525	0.03783	0.01792	0.00730	0.00232	0.00332	0.01626	0.00531	0.00465
28	0.00917	0.00655	0.00915	0.01040	0.01172	0.00654	0.00906	0.01181	0.01329	0.01735	0.05968	0.06364	0.03377	0.01564	0.00785	0.00260	0.00516	0.69603	0.00531	0.00527
29	0.00911	0.00655	0.00907	0.01033	0.01168	0.00651	0.00901	0.01170	0.01316	0.01705	0.03145	0.06412	0.06359	0.01575	0.00785	0.00260	0.00517	0.69477	0.00527	0.00525
30	0.01214	0.16481	0.63998	0.01516	0.02299	0.01492	0.01915	0.01794	0.01200	0.01730	0.00986	0.01157	0.00726	0.00534	0.00513	0.00171	0.00804	0.00402	0.00242	0.00826
31	0.01147	0.02959	0.76934	0.01630	0.02476	0.01328	0.02113	0.01811	0.01208	0.01811	0.01026	0.01208	0.00725	0.00543	0.00543	0.00181	0.00845	0.00423	0.00242	0.00845
32	0.00709	0.00588	0.00623	0.00633	0.00806	0.00511	0.00467	0.00898	0.03403	0.01609	0.10112	0.14629	0.60115	0.01454	0.00680	0.00197	0.00298	0.01232	0.00539	0.00496
33	0.00827	0.00554	0.00634	0.00638	0.00642	0.00556	0.00363	0.00836	0.00843	0.01127	0.01839	0.06215	0.02117	0.75099	0.05020	0.00554	0.00576	0.00852	0.00352	0.00355
34	0.00839	0.00603	0.00761	0.00838	0.00911	0.00589	0.00577	0.07563	0.01245	0.01665	0.04490	0.68694	0.03513	0.03809	0.00774	0.00234	0.00364	0.01490	0.00532	0.00510
35	0.01267	0.01206	0.01660	0.01426	0.01468	0.01641	0.01182	0.06297	0.01004	0.01523	0.00877	0.01367	0.00839	0.01335	0.09970	0.00317	0.65191	0.00514	0.00278	0.00637
36	0.00720	0.00507	0.00657	0.00767	0.00795	0.00480	0.00500	0.00802	0.01050	0.01400	0.02923	0.66637	0.03493	0.15075	0.01101	0.00287	0.00370	0.01491	0.00500	0.00445
37	0.04474	0.01520	0.01630	0.01256	0.01708	0.01657	0.01034	0.62929	0.05522	0.05069	0.01393	0.01393	0.00996	0.00669	0.00557	0.00167	0.00600	0.00504	0.00554	0.06371
38	0.81194	0.01102	0.00857	0.00761	0.01118	0.01268	0.00627	0.01719	0.00996	0.05068	0.00846	0.00964	0.00646	0.00537	0.00361	0.00177	0.00444	0.00319	0.00366	0.00631
39	0.01422	0.01144	0.01379	0.01059	0.01492	0.01078	0.03291	0.09055	0.14814	0.06732	0.01354	0.01440	0.01052	0.00572	0.00584	0.00134	0.05796	0.00449	0.00421	0.46730
40	0.02012	0.01994	0.01554	0.01345	0.01667	0.38901	0.01047	0.13397	0.14265	0.10782	0.01357	0.01394	0.01025	0.00678	0.00635	0.00169	0.06091	0.00471	0.00432	0.00785
41	0.02073	0.01542	0.01656	0.01285	0.01726	0.01701	0.01055	0.66725	0.07217	0.03444	0.01464	0.03088	0.01079	0.00710	0.00573	0.00172	0.00607	0.00543	0.00567	0.02772
42	0.02530	0.00996	0.01337	0.01029	0.01469	0.00879	0.00849	0.04744	0.03341	0.73045	0.02234	0.01935	0.01411	0.00709	0.00575	0.00177	0.00490	0.00575	0.00701	0.00972
43	0.00904	0.00583	0.00761	0.00833	0.00918	0.00550	0.00578	0.04031	0.01220	0.07306	0.05344	0.67946	0.03537	0.01643	0.00710	0.00224	0.00354	0.01481	0.00549	0.00527
44	0.01233	0.01067	0.01404	0.01004	0.01518	0.00831	0.07901	0.01509	0.01212	0.03559	0.01059	0.01238	0.00862	0.00436	0.00452	0.00097	0.00478	0.00377	0.00342	0.73418
45	0.02479	0.01007	0.01335	0.01035	0.01470	0.00904	0.00851	0.04655	0.06665	0.69791	0.02239	0.01945	0.01427	0.00712	0.00576	0.00178	0.00488	0.00579	0.00696	0.00969
46	0.00922	0.00658	0.00922	0.01053	0.01185	0.00658	0.00922	0.01185	0.01317	0.01712	0.03029	0.06452	0.03292	0.01580	0.00790	0.00263	0.00527	0.72480	0.00527	0.00527
47	0.00784	0.00570	0.00739	0.00726	0.00847	0.00524	0.00534	0.01020	0.01516	0.02118	0.60489	0.17125	0.08289	0.01288	0.00684	0.00189	0.00281	0.01143	0.00608	0.00524
48	0.01350	0.01543	0.03375	0.02411	0.02989	0.01446	0.74253	0.01832	0.01350	0.01832	0.01157	0.01543	0.00868	0.00482	0.00675	0.00193	0.00964	0.00675	0.00289	0.00771
49	0.00743	0.00638	0.00644	0.00632	0.00837	0.00567	0.00477	0.01020	0.07956	0.01621	0.05483	0.05202	0.69414	0.01388	0.00668	0.00193	0.00304	0.01157	0.00536	0.00521
50	0.00697	0.00498	0.00664	0.00796	0.00830	0.00465	0.00531	0.00796	0.01095	0.01460	0.03153	0.79525	0.03783	0.01792	0.00730	0.00232	0.00332	0.01626	0.00531	0.00465
51	0.02566	0.00973	0.01327	0.01018	0.01460	0.00841	0.00841	0.02788	0.01637	0.76726	0.02257	0.01947	0.01416	0.00708	0.00575	0.00177	0.00487	0.00575	0.00708	0.00973
52	0.01484	0.70419	0.10413	0.01058	0.01570	0.02156	0.01100	0.01714	0.01159	0.01393	0.00817	0.00955	0.00734	0.00508	0.00424	0.00132	0.02654	0.00323	0.00245	0.00742
53	0.00831	0.00557	0.00636	0.00636	0.00641	0.00561	0.00362	0.00840	0.00835	0.01118	0.01791	0.03680	0.02052	0.76715	0.06057	0.00570	0.00596	0.00823	0.00345	0.00353
54	0.02566	0.00973	0.01327	0.01018	0.01460	0.00841	0.00841	0.02788	0.01637	0.76726	0.02257	0.01947	0.01416	0.00708	0.00575	0.00177	0.00487	0.00575	0.00708	0.00973
55	0.02076	0.01513	0.01637	0.01277	0.01708	0.01671	0.01047	0.64918	0.06624	0.05512	0.01503	0.03578	0.01114	0.00795	0.02139	0.00190	0.00626	0.00556	0.00570	0.00946
56	0.02280	0.01172	0.01422	0.01108	0.01532	0.01162	0.00909	0.25690	0.06678	0.44822	0.05653	0.01891	0.01493	0.00728	0.00580	0.00177	0.00519	0.00583	0.00652	0.00947
57	0.01438	0.53351	0.25643	0.01192	0.01790	0.01957	0.01331	0.04671	0.01238	0.01580	0.00889	0.01025	0.00741	0.00514	0.00429	0.00142	0.00684	0.00350	0.00257	0.00778
58	0.07991	0.00986	0.01284	0.00987	0.01429	0.00865	0.00814	0.02615	0.01559	0.66279	0.02068	0.01823	0.01321	0.00675	0.00549	0.00170	0.00479	0.00540	0.00657	0.06908

[dist]
# distance from previous block
# <min> <max>
0	5

[block]
# block no. 4 follows, 41 sequences, length 47
# corresponding to MSA columns:
# 384-430
name=unknown_E
#
# <colnr> <probs for GDERKNQSTAVLIFYWHMCP>
#	G	D	E	R	K	N	Q	S	T	A	V	L	I	F	Y	W	H	M	C	P
0	0.00847	0.00609	0.00778	0.00851	0.00934	0.00595	0.00603	0.07242	0.01285	0.01722	0.08252	0.63027	0.03627	0.01639	0.00716	0.00225	0.00365	0.05626	0.00541	0.00518
1	0.01325	0.01483	0.03179	0.02412	0.07913	0.01396	0.65919	0.01780	0.01335	0.01818	0.01243	0.05098	0.01004	0.00544	0.00670	0.00193	0.00916	0.00707	0.00300	0.00767
2	0.00832	0.00555	0.00624	0.00624	0.00624	0.00555	0.00347	0.00832	0.00832	0.01109	0.01802	0.03743	0.02080	0.79898	0.02911	0.00555	0.00555	0.00832	0.00347	0.00347
3	0.01421	0.01161	0.01236	0.01108	0.01426	0.01314	0.00863	0.02841	0.65240	0.06239	0.02614	0.02405	0.07933	0.00829	0.00590	0.00193	0.00441	0.00690	0.00584	0.00874
4	0.01239	0.01015	0.01209	0.03386	0.01444	0.00782	0.00714	0.01495	0.01203	0.04882	0.01067	0.01228	0.00867	0.00440	0.00435	0.00092	0.00437	0.00354	0.00351	0.77360
5	0.01113	0.01066	0.01766	0.65079	0.03554	0.01347	0.03519	0.01459	0.01110	0.01459	0.00981	0.01485	0.00764	0.00633	0.00767	0.00199	0.12295	0.00512	0.00255	0.00638
6	0.00722	0.00498	0.00670	0.00792	0.00823	0.00467	0.00528	0.00792	0.01066	0.01421	0.02972	0.73034	0.03550	0.01808	0.00856	0.07169	0.00346	0.01532	0.00507	0.00447
7	0.01416	0.01359	0.02322	0.03511	0.76330	0.01359	0.01755	0.01755	0.01302	0.01869	0.01076	0.01416	0.00906	0.00510	0.00566	0.00170	0.00680	0.00510	0.00283	0.00906
8	0.44916	0.28516	0.04331	0.00909	0.01326	0.01639	0.00835	0.04671	0.01135	0.04487	0.00873	0.00992	0.00705	0.00539	0.00414	0.00160	0.02198	0.00333	0.00330	0.00693
9	0.00805	0.00585	0.00759	0.00715	0.00852	0.00538	0.00536	0.01072	0.01609	0.02271	0.73884	0.04310	0.07556	0.01178	0.00675	0.00180	0.00270	0.01040	0.00627	0.00538
10	0.00697	0.00498	0.00664	0.00796	0.00830	0.00465	0.00531	0.00796	0.01095	0.01460	0.03153	0.79525	0.03783	0.01792	0.00730	0.00232	0.00332	0.01626	0.00531	0.00465
11	0.01801	0.01214	0.01371	0.01134	0.01472	0.01294	0.00901	0.42918	0.05073	0.12232	0.01996	0.22234	0.01807	0.00987	0.00615	0.00189	0.00525	0.00823	0.00579	0.00835
12	0.01099	0.01044	0.01790	0.73818	0.05894	0.01279	0.04119	0.01482	0.01155	0.01486	0.01023	0.01523	0.00770	0.00567	0.00575	0.00190	0.00767	0.00514	0.00256	0.00648
13	0.00798	0.00584	0.00749	0.00708	0.00848	0.00535	0.00531	0.01058	0.01593	0.02231	0.70168	0.04375	0.11297	0.01193	0.00675	0.00181	0.00272	0.01049	0.00621	0.00535
14	0.00783	0.00563	0.00728	0.00812	0.00879	0.00538	0.00559	0.04421	0.01239	0.01670	0.12281	0.66199	0.03850	0.01659	0.00715	0.00223	0.00339	0.01497	0.00545	0.00499
15	0.01186	0.01017	0.01186	0.00847	0.01356	0.00762	0.00678	0.01440	0.01186	0.01864	0.01017	0.01186	0.00847	0.00424	0.00424	0.00085	0.00424	0.00339	0.00339	0.83395
16	0.00676	0.00579	0.00579	0.00579	0.00773	0.00483	0.00435	0.00821	0.01304	0.01545	0.05794	0.05505	0.76098	0.01449	0.00676	0.00193	0.00290	0.01207	0.00531	0.00483
17	0.00695	0.00504	0.00657	0.00779	0.00825	0.00466	0.00523	0.00798	0.01112	0.01467	0.03364	0.73610	0.09561	0.01765	0.00726	0.00229	0.00328	0.01593	0.00531	0.00466
18	0.83938	0.01106	0.00841	0.00752	0.01106	0.01283	0.00619	0.01681	0.00973	0.02566	0.00796	0.00929	0.00619	0.00531	0.00354	0.00177	0.00442	0.00310	0.00354	0.00619
19	0.02148	0.02377	0.01651	0.01425	0.01770	0.54069	0.01100	0.24672	0.01952	0.02084	0.01036	0.01138	0.00810	0.00620	0.00533	0.00155	0.00907	0.00414	0.00381	0.00759
20	0.00804	0.00583	0.00759	0.00718	0.00852	0.00537	0.00537	0.01068	0.01601	0.02260	0.73002	0.05907	0.06840	0.01189	0.00676	0.00181	0.00272	0.01051	0.00625	0.00537
21	0.01139	0.01077	0.01822	0.65393	0.16611	0.01286	0.01618	0.01513	0.01172	0.01533	0.01027	0.01506	0.00788	0.00561	0.00571	0.00187	0.00748	0.00509	0.00259	0.00683
22	0.01503	0.74875	0.08132	0.01024	0.01538	0.02198	0.01058	0.01720	0.01165	0.01378	0.00811	0.00938	0.00733	0.00493	0.00379	0.00126	0.00628	0.00314	0.00244	0.00742
23	0.09033	0.00871	0.01047	0.00893	0.01196	0.00825	0.02705	0.07429	0.03057	0.20883	0.11099	0.06317	0.22218	0.01021	0.00608	0.00185	0.00423	0.05245	0.00559	0.04385
24	0.01242	0.01286	0.02182	0.01734	0.01921	0.01561	0.24089	0.01482	0.01034	0.01520	0.01001	0.04182	0.00928	0.01023	0.05059	0.00263	0.47956	0.00601	0.00275	0.00660
25	0.01096	0.01033	0.01744	0.74974	0.07365	0.01275	0.01596	0.01475	0.01151	0.01481	0.01019	0.01520	0.00769	0.00569	0.00572	0.00190	0.00759	0.00508	0.00256	0.00648
26	0.01265	0.01036	0.01209	0.00869	0.01374	0.00801	0.00697	0.04049	0.01253	0.04299	0.01069	0.01217	0.00870	0.00442	0.00434	0.00091	0.00433	0.00353	0.00359	0.77884
27	0.00739	0.00610	0.00652	0.00636	0.00823	0.00538	0.00479	0.00978	0.04754	0.01746	0.20811	0.05084	0.57423	0.01358	0.00671	0.00190	0.00293	0.01144	0.00555	0.00514
28	0.00832	0.00555	0.00624	0.00624	0.00624	0.00555	0.00347	0.00832	0.00832	0.01109	0.01802	0.03743	0.02080	0.79898	0.02911	0.00555	0.00555	0.00832	0.00347	0.00347
29	0.02566	0.00973	0.01327	0.01018	0.01460	0.00841	0.00841	0.02788	0.01637	0.76726	0.02257	0.01947	0.01416	0.00708	0.00575	0.00177	0.00487	0.00575	0.00708	0.00973
30	0.02081	0.02633	0.01629	0.01475	0.01752	0.72829	0.01114	0.02227	0.01574	0.01398	0.00876	0.01045	0.00738	0.00615	0.00601	0.00154	0.05928	0.00377	0.00292	0.00661
31	0.02566	0.00973	0.01327	0.01018	0.01460	0.00841	0.00841	0.02788	0.01637	0.76726	0.02257	0.01947	0.01416	0.00708	0.00575	0.00177	0.00487	0.00575	0.00708	0.00973
32	0.00825	0.00554	0.00624	0.00627	0.00633	0.00551	0.00353	0.00831	0.00849	0.01128	0.01929	0.05734	0.03825	0.76084	0.02804	0.00538	0.00543	0.00861	0.00356	0.00353
33	0.01394	0.01337	0.02283	0.08355	0.71655	0.01353	0.01745	0.01736	0.01292	0.01842	0.01072	0.01423	0.00897	0.00514	0.00567	0.00171	0.00685	0.00510	0.00281	0.00889
34	0.01102	0.00579	0.00594	0.00578	0.00724	0.00590	0.00439	0.04282	0.01250	0.02164	0.01834	0.02106	0.01445	0.00793	0.03092	0.00162	0.00325	0.00535	0.76856	0.00550
35	0.00994	0.00497	0.00745	0.00745	0.00745	0.00497	0.00497	0.00745	0.00745	0.00994	0.00994	0.01739	0.00994	0.01987	0.02235	0.83358	0.00497	0.00497	0.00248	0.00248
36	0.01179	0.00642	0.00653	0.00613	0.00779	0.00659	0.00470	0.08764	0.01351	0.02282	0.01816	0.02055	0.01416	0.00668	0.00417	0.00137	0.00303	0.00531	0.74685	0.00578
37	0.01340	0.01610	0.06855	0.02374	0.02965	0.01441	0.70840	0.01831	0.01343	0.01831	0.01151	0.01527	0.00861	0.00485	0.00669	0.00192	0.00959	0.00663	0.00287	0.00775
38	0.02525	0.01040	0.01369	0.01049	0.01493	0.00939	0.00867	0.10354	0.01748	0.69003	0.02163	0.01886	0.01369	0.00706	0.00575	0.00176	0.00502	0.00569	0.00694	0.00973
39	0.01626	0.00838	0.01024	0.00867	0.01146	0.00811	0.00684	0.05918	0.09879	0.28585	0.20879	0.02604	0.02465	0.02473	0.00614	0.00178	0.00392	0.00693	0.17574	0.00752
40	0.02794	0.00602	0.00833	0.03120	0.00915	0.00625	0.00568	0.05804	0.00914	0.01269	0.01056	0.01709	0.00999	0.01766	0.01950	0.69692	0.00502	0.00496	0.04058	0.00330
41	0.01217	0.01326	0.02806	0.02066	0.02534	0.01242	0.58657	0.01626	0.01319	0.01791	0.04827	0.14686	0.01557	0.00732	0.00684	0.00199	0.00828	0.00850	0.00345	0.00710
42	0.00870	0.00631	0.00899	0.00887	0.00985	0.00735	0.00687	0.01071	0.00950	0.01424	0.01547	0.02239	0.01426	0.06374	0.61638	0.00775	0.04973	0.00605	0.10771	0.00513
43	0.01546	0.01269	0.01249	0.02903	0.01416	0.08685	0.00842	0.35263	0.01965	0.02524	0.04905	0.08824	0.21319	0.00980	0.00604	0.00179	0.00534	0.00790	0.03468	0.00734
44	0.23782	0.00845	0.00866	0.00814	0.01044	0.00898	0.00634	0.03855	0.11464	0.02242	0.25188	0.09340	0.11567	0.01027	0.00580	0.00190	0.00373	0.04157	0.00521	0.00612
45	0.01494	0.73067	0.09862	0.01039	0.01562	0.02176	0.01084	0.01722	0.01166	0.01389	0.00817	0.00944	0.00733	0.00494	0.00383	0.00128	0.00633	0.00317	0.00244	0.00744
46	0.01067	0.00651	0.00747	0.00718	0.00791	0.02230	0.00457	0.01117	0.00991	0.10934	0.02046	0.11150	0.03503	0.56486	0.04352	0.00468	0.00555	0.00870	0.00413	0.00453

[dist]
# distance from previous block
# <min> <max>
3	4

[block]
# block no. 5 follows, 41 sequences, length 68
# corresponding to MSA columns:
# 435-502
name=unknown_F
#
# <colnr> <probs for GDERKNQSTAVLIFYWHMCP>
#	G	D	E	R	K	N	Q	S	T	A	V	L	I	F	Y	W	H	M	C	P
0	0.01034	0.00807	0.00958	0.00808	0.01103	0.00689	0.00617	0.05129	0.01328	0.03267	0.14518	0.15498	0.11647	0.03324	0.03202	0.00187	0.00419	0.00816	0.00462	0.34188
1	0.00736	0.00540	0.00714	0.00784	0.00840	0.00505	0.02124	0.00838	0.01092	0.01447	0.05762	0.56759	0.09008	0.14733	0.01086	0.00280	0.00377	0.01419	0.00499	0.00456
2	0.01515	0.77393	0.05723	0.01003	0.01505	0.02229	0.01021	0.01716	0.01164	0.01363	0.00804	0.00928	0.00734	0.00491	0.00374	0.00125	0.00620	0.00310	0.00245	0.00738
3	0.19580	0.03154	0.01412	0.01110	0.01517	0.05779	0.00907	0.27895	0.10684	0.20086	0.01529	0.01473	0.01074	0.00659	0.00520	0.00174	0.00558	0.00488	0.00535	0.00866
4	0.01554	0.78384	0.02958	0.00980	0.01468	0.02230	0.00975	0.01738	0.01173	0.03113	0.00829	0.00942	0.00750	0.00494	0.00372	0.00124	0.00609	0.00312	0.00256	0.00740
5	0.00787	0.00584	0.00734	0.00696	0.00841	0.00530	0.00522	0.01036	0.01567	0.02169	0.64342	0.04478	0.17161	0.01216	0.00675	0.00182	0.00273	0.01063	0.00613	0.00530
6	0.00933	0.00680	0.00923	0.01038	0.01178	0.00686	0.00895	0.01256	0.05013	0.01733	0.03069	0.08645	0.05117	0.01543	0.00775	0.00257	0.00510	0.64677	0.00530	0.00542
7	0.02141	0.01576	0.01689	0.01299	0.01745	0.01743	0.01069	0.72585	0.02643	0.03543	0.01384	0.01432	0.01000	0.02665	0.00631	0.00181	0.00628	0.00523	0.00567	0.00957
8	0.00869	0.00620	0.00664	0.00660	0.00673	0.02799	0.00383	0.00881	0.00858	0.01126	0.01765	0.03606	0.02015	0.74642	0.05759	0.00557	0.00607	0.00810	0.00344	0.00362
9	0.00754	0.00543	0.00726	0.00849	0.00915	0.00515	0.00624	0.00900	0.01171	0.01547	0.05112	0.56718	0.06528	0.01710	0.00741	0.00237	0.00377	0.19017	0.00532	0.00483
10	0.02089	0.02647	0.01628	0.01475	0.01754	0.73530	0.01113	0.02235	0.01581	0.01399	0.00877	0.01043	0.00738	0.00612	0.00589	0.00153	0.05209	0.00375	0.00292	0.00661
11	0.02174	0.01602	0.01717	0.01316	0.01774	0.01774	0.01087	0.74423	0.02689	0.03605	0.01373	0.01373	0.00973	0.00687	0.00572	0.00172	0.00629	0.00515	0.00572	0.00973
12	0.01780	0.00800	0.01076	0.00884	0.01189	0.00706	0.00706	0.02023	0.01629	0.43428	0.35259	0.02987	0.03197	0.00914	0.00620	0.00178	0.00390	0.00781	0.00673	0.00779
13	0.00832	0.00555	0.00624	0.00624	0.00624	0.00555	0.00347	0.00832	0.00832	0.01109	0.01802	0.03743	0.02080	0.79898	0.02911	0.00555	0.00555	0.00832	0.00347	0.00347
14	0.01147	0.02959	0.76934	0.01630	0.02476	0.01328	0.02113	0.01811	0.01208	0.01811	0.01026	0.01208	0.00725	0.00543	0.00543	0.00181	0.00845	0.00423	0.00242	0.00845
15	0.00697	0.00498	0.00664	0.00796	0.00830	0.00465	0.00531	0.00796	0.01095	0.01460	0.03153	0.79525	0.03783	0.01792	0.00730	0.00232	0.00332	0.01626	0.00531	0.00465
16	0.00702	0.00500	0.00662	0.00789	0.00821	0.00468	0.00523	0.00798	0.01084	0.01446	0.03097	0.76394	0.03713	0.05018	0.00820	0.00246	0.00341	0.01593	0.00523	0.00460
17	0.00695	0.00504	0.00657	0.00779	0.00825	0.00466	0.00523	0.00798	0.01112	0.01467	0.03361	0.73699	0.09474	0.01765	0.00726	0.00229	0.00329	0.01593	0.00531	0.00466
18	0.01150	0.01100	0.01900	0.62209	0.15958	0.01294	0.05255	0.01529	0.01181	0.01548	0.01034	0.01508	0.00792	0.00557	0.00576	0.00187	0.00759	0.00517	0.00261	0.00687
19	0.00943	0.00707	0.00829	0.00769	0.00923	0.04410	0.00579	0.01204	0.01620	0.05071	0.69469	0.04022	0.05013	0.01123	0.00663	0.00178	0.00316	0.00984	0.00616	0.00562
20	0.00994	0.00497	0.00745	0.00745	0.00745	0.00497	0.00497	0.00745	0.00745	0.00994	0.00994	0.01739	0.00994	0.01987	0.02235	0.83358	0.00497	0.00497	0.00248	0.00248
21	0.02339	0.01003	0.01310	0.01041	0.01456	0.00925	0.00853	0.02777	0.12975	0.62949	0.02292	0.02115	0.01525	0.00745	0.00583	0.00182	0.00483	0.02816	0.00683	0.00949
22	0.13791	0.01126	0.01175	0.00989	0.01332	0.02947	0.00792	0.16751	0.17412	0.16501	0.06554	0.02354	0.12361	0.00822	0.00558	0.00180	0.00469	0.00652	0.02440	0.00793
23	0.02174	0.01602	0.01717	0.01316	0.01774	0.01774	0.01087	0.74423	0.02689	0.03605	0.01373	0.01373	0.00973	0.00687	0.00572	0.00172	0.00629	0.00515	0.00572	0.00973
24	0.01113	0.01016	0.01678	0.72958	0.03744	0.01257	0.01529	0.03823	0.01179	0.01513	0.01027	0.01528	0.00778	0.00631	0.00637	0.03437	0.00748	0.00508	0.00264	0.00631
25	0.01529	0.80242	0.02997	0.00979	0.01468	0.02263	0.00979	0.01713	0.01162	0.01346	0.00795	0.00918	0.00734	0.00489	0.00367	0.00122	0.00612	0.00306	0.00245	0.00734
26	0.00774	0.00594	0.00798	0.00879	0.00924	0.00612	0.00622	0.00886	0.01082	0.01470	0.02845	0.66978	0.03378	0.01668	0.00843	0.00231	0.08451	0.03836	0.00497	0.02630
27	0.01416	0.01359	0.02322	0.03511	0.76330	0.01359	0.01755	0.01755	0.01302	0.01869	0.01076	0.01416	0.00906	0.00510	0.00566	0.00170	0.00680	0.00510	0.00283	0.00906
28	0.00810	0.00585	0.00765	0.00720	0.00855	0.00540	0.00540	0.01079	0.01619	0.02294	0.76028	0.04273	0.05397	0.01169	0.00675	0.00180	0.00270	0.01034	0.00630	0.00540
29	0.01080	0.01017	0.01716	0.78523	0.03940	0.01271	0.01589	0.01461	0.01144	0.01461	0.01017	0.01525	0.00762	0.00572	0.00572	0.00191	0.00762	0.00508	0.00254	0.00635
30	0.01005	0.00767	0.00907	0.00884	0.01051	0.00786	0.00661	0.08626	0.13817	0.02077	0.23194	0.29814	0.08589	0.01307	0.00673	0.00204	0.00370	0.04085	0.00571	0.00614
31	0.02176	0.01542	0.01672	0.01288	0.01740	0.01691	0.01062	0.66466	0.05288	0.08996	0.01474	0.01444	0.01034	0.00692	0.00573	0.00173	0.00612	0.00524	0.00583	0.00970
