[name]
unknown

[dist]
# distance from previous block
# <min> <max>
0	94

[block]
# block no. 0 follows, 48 sequences, length 74
# corresponding to MSA columns:
# 126-199
name=unknown_A
#
# <colnr> <probs for GDERKNQSTAVLIFYWHMCP>
#	G	D	E	R	K	N	Q	S	T	A	V	L	I	F	Y	W	H	M	C	P
0	0.03313	0.04722	0.09647	0.01249	0.09300	0.03360	0.11222	0.01398	0.03117	0.04129	0.14051	0.02285	0.07776	0.00699	0.00514	0.00153	0.00497	0.05230	0.08829	0.08509
1	0.01116	0.16496	0.18628	0.01042	0.01403	0.01044	0.06269	0.01459	0.05881	0.09267	0.03542	0.24975	0.02788	0.00859	0.00521	0.00166	0.00504	0.00744	0.02668	0.00631
2	0.00846	0.08857	0.03592	0.00941	0.05783	0.00769	0.00689	0.03041	0.01093	0.01476	0.10875	0.38703	0.06244	0.02607	0.04023	0.00214	0.04049	0.03111	0.00412	0.02676
3	0.04682	0.09261	0.43602	0.01193	0.01759	0.01132	0.02431	0.03567	0.01090	0.04512	0.00998	0.01192	0.00768	0.00881	0.09999	0.00226	0.00735	0.00387	0.00263	0.11323
4	0.61457	0.01027	0.05699	0.08733	0.01287	0.01065	0.00709	0.01399	0.00921	0.02034	0.01140	0.02557	0.06791	0.00600	0.00422	0.02469	0.00437	0.00389	0.00315	0.00549
5	0.00778	0.00740	0.08574	0.00853	0.00988	0.00596	0.00729	0.00971	0.01040	0.01437	0.02365	0.36298	0.02634	0.06336	0.00787	0.00224	0.03063	0.24026	0.07092	0.00471
6	0.01029	0.00997	0.07189	0.00827	0.01235	0.00720	0.00704	0.04545	0.01111	0.01678	0.01238	0.14161	0.01184	0.00598	0.00439	0.00108	0.00405	0.00504	0.00334	0.60993
7	0.01253	0.01396	0.16735	0.01883	0.30570	0.02317	0.04684	0.04161	0.01228	0.07620	0.07161	0.01433	0.01123	0.00515	0.00493	0.00142	0.00570	0.00461	0.00319	0.15937
8	0.00993	0.02170	0.58342	0.06290	0.02057	0.01153	0.01634	0.01475	0.01057	0.01540	0.01323	0.01491	0.08461	0.00614	0.00628	0.00171	0.09203	0.00462	0.00244	0.00693
9	0.00800	0.00605	0.00837	0.00898	0.06951	0.00626	0.00588	0.00940	0.00904	0.01281	0.09121	0.02525	0.01763	0.29031	0.35078	0.00550	0.00847	0.00630	0.00316	0.05709
10	0.00821	0.07076	0.01044	0.08832	0.01210	0.01900	0.00734	0.01010	0.00896	0.01222	0.01535	0.04488	0.06027	0.02901	0.55333	0.00619	0.03008	0.00575	0.00283	0.00487
11	0.01391	0.79616	0.02651	0.00888	0.01326	0.02016	0.00881	0.04022	0.01088	0.01274	0.00730	0.00837	0.00666	0.00445	0.00335	0.00111	0.00549	0.00281	0.00229	0.00666
12	0.01259	0.46740	0.34393	0.01121	0.01691	0.01643	0.01296	0.01603	0.01073	0.03812	0.00840	0.00960	0.00674	0.00465	0.00401	0.00133	0.00632	0.00325	0.00231	0.00707
13	0.01179	0.02470	0.69487	0.01404	0.02113	0.03165	0.01758	0.01724	0.01131	0.09380	0.01028	0.01146	0.00712	0.00503	0.00490	0.00161	0.00730	0.00392	0.00260	0.00766
14	0.00891	0.00446	0.00668	0.00668	0.00668	0.00446	0.00446	0.00668	0.00668	0.00891	0.00891	0.01560	0.00891	0.01783	0.02005	0.85071	0.00446	0.00446	0.00223	0.00223
15	0.01182	0.01590	0.15419	0.02049	0.02607	0.01280	0.64719	0.01641	0.01190	0.01641	0.01019	0.01335	0.00758	0.00441	0.00586	0.00171	0.00848	0.00569	0.00253	0.00703
16	0.02006	0.01076	0.07505	0.01323	0.13965	0.00878	0.00979	0.02287	0.03464	0.58329	0.01767	0.01621	0.01155	0.00596	0.00513	0.00158	0.00489	0.00497	0.00537	0.00853
17	0.01292	0.01103	0.01833	0.38648	0.17429	0.04226	0.13651	0.01613	0.01163	0.12423	0.01095	0.01388	0.00806	0.00507	0.00526	0.00165	0.00674	0.00484	0.00297	0.00680
18	0.01133	0.01224	0.02537	0.14273	0.02618	0.01209	0.55532	0.01523	0.01168	0.01570	0.01177	0.01816	0.00979	0.00556	0.00630	0.00180	0.02889	0.08063	0.00275	0.00648
19	0.00949	0.00888	0.01527	0.66347	0.03153	0.01067	0.06198	0.01262	0.01028	0.01326	0.01112	0.09414	0.00965	0.00638	0.00557	0.01538	0.00653	0.00566	0.00255	0.00557
20	0.02789	0.02322	0.62762	0.09484	0.04719	0.01193	0.06480	0.01591	0.01084	0.01610	0.00924	0.01131	0.00664	0.00485	0.00495	0.00164	0.00745	0.00401	0.00224	0.00733
21	0.01177	0.01560	0.22059	0.10608	0.51255	0.01204	0.01643	0.01561	0.01132	0.01626	0.00948	0.01232	0.00757	0.00471	0.00503	0.00157	0.00656	0.00437	0.00242	0.00774
22	0.01455	0.01172	0.01247	0.01072	0.01392	0.01334	0.00848	0.19525	0.58794	0.04401	0.01893	0.01756	0.01402	0.00676	0.00520	0.00169	0.00443	0.00552	0.00523	0.00827
23	0.01271	0.01133	0.01913	0.19334	0.58117	0.01174	0.01492	0.01577	0.01157	0.06420	0.01020	0.01320	0.00814	0.00480	0.00510	0.00157	0.00614	0.00461	0.00272	0.00765
24	0.01077	0.08787	0.64735	0.01495	0.02201	0.01270	0.10209	0.01620	0.01094	0.01594	0.00918	0.01096	0.00665	0.00478	0.00488	0.00160	0.00754	0.00396	0.00222	0.00743
25	0.00734	0.00496	0.00706	0.08710	0.00993	0.00502	0.00553	0.00765	0.00893	0.01185	0.02076	0.48576	0.02401	0.06858	0.01105	0.21246	0.00386	0.01060	0.00378	0.00377
26	0.01138	0.09624	0.19003	0.06334	0.01800	0.02680	0.08273	0.01406	0.00942	0.01361	0.00782	0.01120	0.00677	0.00689	0.01093	0.00190	0.41606	0.00429	0.00226	0.00628
27	0.01248	0.00924	0.03456	0.51032	0.02723	0.01010	0.03071	0.01551	0.01110	0.18560	0.01208	0.01510	0.00875	0.00872	0.08473	0.00234	0.00705	0.00480	0.00323	0.00634
28	0.00858	0.00733	0.01178	0.28983	0.08659	0.00828	0.02393	0.01097	0.00997	0.01340	0.01592	0.18450	0.01609	0.01640	0.20235	0.00345	0.00753	0.07469	0.00316	0.00525
29	0.00984	0.00941	0.01632	0.75851	0.03481	0.01150	0.06116	0.01332	0.01037	0.01332	0.00920	0.01369	0.00690	0.00508	0.00519	0.00171	0.00695	0.00465	0.00230	0.00578
30	0.01147	0.01297	0.04802	0.17359	0.06323	0.01238	0.54700	0.01552	0.01164	0.01572	0.01053	0.03423	0.00825	0.00481	0.00581	0.00172	0.00801	0.00585	0.00257	0.00669
31	0.01111	0.01756	0.33196	0.02082	0.28786	0.01150	0.13308	0.01545	0.01160	0.01675	0.07110	0.02620	0.01099	0.00530	0.00525	0.00161	0.00675	0.00501	0.00268	0.00740
32	0.01063	0.10632	0.71632	0.01404	0.02130	0.01276	0.01794	0.01616	0.01079	0.01583	0.00900	0.01057	0.00651	0.00483	0.00472	0.00157	0.00737	0.00369	0.00217	0.00748
33	0.01132	0.27417	0.49204	0.07541	0.02042	0.01450	0.01540	0.01572	0.01066	0.01470	0.00855	0.01024	0.00655	0.00474	0.00440	0.00147	0.00687	0.00352	0.00218	0.00712
34	0.01195	0.04980	0.65635	0.01425	0.04165	0.01169	0.01721	0.01723	0.01129	0.10641	0.01044	0.01157	0.00727	0.00502	0.00486	0.00160	0.00710	0.00394	0.00267	0.00770
35	0.01043	0.02572	0.74883	0.01559	0.06607	0.01193	0.01877	0.01622	0.01088	0.01628	0.00923	0.01094	0.00659	0.00486	0.00489	0.00162	0.00750	0.00384	0.00219	0.00761
36	0.01029	0.03955	0.70097	0.09394	0.02336	0.01202	0.01830	0.01592	0.01077	0.01586	0.00916	0.01107	0.00654	0.00489	0.00487	0.00162	0.00747	0.00385	0.00218	0.00738
37	0.01037	0.03357	0.47683	0.08879	0.08023	0.05373	0.01530	0.01481	0.01117	0.01568	0.05933	0.09353	0.01202	0.00636	0.00512	0.00164	0.00667	0.00530	0.00271	0.00683
38	0.01015	0.00952	0.03361	0.49337	0.18418	0.01047	0.01320	0.01320	0.01069	0.03046	0.01273	0.09594	0.02482	0.00656	0.00533	0.00173	0.00612	0.02904	0.00279	0.00610
39	0.01231	0.01080	0.01843	0.04568	0.50262	0.01059	0.08867	0.01509	0.01178	0.07727	0.01561	0.07867	0.07683	0.00631	0.00538	0.00162	0.00569	0.00608	0.00320	0.00736
40	0.00979	0.03578	0.14916	0.00868	0.01173	0.00794	0.00822	0.04316	0.08969	0.06586	0.21158	0.03274	0.22522	0.00948	0.00567	0.00170	0.00409	0.06896	0.00459	0.00597
41	0.10653	0.19920	0.23908	0.01152	0.01627	0.08171	0.05910	0.05621	0.01199	0.10488	0.01109	0.06100	0.00904	0.00569	0.00453	0.00150	0.00617	0.00442	0.00315	0.00693
42	0.02524	0.02456	0.71688	0.01384	0.02084	0.01135	0.01760	0.01571	0.01109	0.01671	0.07044	0.01296	0.00979	0.00532	0.00494	0.00162	0.00711	0.00421	0.00246	0.00733
43	0.00733	0.00548	0.00817	0.00817	0.00906	0.00637	0.00632	0.00911	0.00822	0.01186	0.01381	0.02054	0.01299	0.06069	0.77736	0.00815	0.01349	0.00555	0.00276	0.00454
44	0.00976	0.00924	0.01565	0.78065	0.03483	0.01150	0.02698	0.01315	0.01025	0.01315	0.00910	0.01364	0.00685	0.00518	0.00534	0.00172	0.02042	0.00458	0.00228	0.00572
45	0.01134	0.03424	0.56857	0.06347	0.02166	0.01244	0.04139	0.07673	0.08879	0.01779	0.01063	0.01202	0.00766	0.00518	0.00496	0.00163	0.00704	0.00417	0.00273	0.00757
46	0.00614	0.00520	0.00531	0.00528	0.00698	0.00437	0.00396	0.00752	0.01188	0.01431	0.10087	0.04864	0.73642	0.01283	0.00606	0.00172	0.00259	0.01073	0.00482	0.00437
47	0.74925	0.00977	0.00810	0.00705	0.01033	0.01100	0.00581	0.01635	0.00949	0.12141	0.00882	0.00950	0.00647	0.00497	0.00343	0.00159	0.00402	0.00308	0.00358	0.00596
48	0.01105	0.00963	0.01178	0.01085	0.01295	0.07113	0.08394	0.09530	0.14439	0.01755	0.02136	0.19564	0.02168	0.02374	0.00645	0.00201	0.00510	0.24507	0.00446	0.00591
49	0.01077	0.01034	0.01807	0.59833	0.03209	0.01206	0.14914	0.06084	0.01140	0.01488	0.00949	0.01357	0.00712	0.00514	0.00557	0.00172	0.02603	0.00483	0.00251	0.00610
50	0.00633	0.00452	0.00604	0.00723	0.00756	0.00423	0.00490	0.00728	0.00990	0.01318	0.02824	0.78774	0.03377	0.01600	0.00657	0.00209	0.00304	0.04243	0.00476	0.00419
51	0.01188	0.01129	0.01937	0.02787	0.64811	0.01122	0.05008	0.01475	0.01152	0.01633	0.01212	0.09475	0.01140	0.00603	0.00534	0.00162	0.00586	0.03006	0.00284	0.00756
52	0.37535	0.18199	0.09937	0.00917	0.01314	0.10195	0.00853	0.03639	0.01106	0.10855	0.00912	0.00986	0.00691	0.00498	0.00383	0.00146	0.00537	0.00327	0.00322	0.00649
53	0.00735	0.00543	0.00791	0.00791	0.00871	0.00623	0.00599	0.00894	0.00815	0.01166	0.01405	0.02188	0.01357	0.13864	0.70021	0.00783	0.01262	0.00575	0.00279	0.00439
54	0.01064	0.00912	0.01064	0.00760	0.01216	0.00684	0.00608	0.01292	0.01064	0.01672	0.00912	0.01064	0.00760	0.00380	0.00380	0.00076	0.00380	0.00304	0.00304	0.85104
55	0.01070	0.05400	0.44792	0.01594	0.02214	0.01202	0.26403	0.01557	0.01130	0.01595	0.01289	0.01476	0.06846	0.00532	0.00529	0.00165	0.00745	0.00505	0.00251	0.00707
56	0.01071	0.06065	0.64801	0.01537	0.02247	0.01245	0.12714	0.01624	0.01100	0.01609	0.00928	0.01115	0.00669	0.00477	0.00497	0.00162	0.00764	0.00407	0.00223	0.00744
57	0.01128	0.25683	0.57148	0.01293	0.01959	0.01434	0.01601	0.01599	0.01072	0.01504	0.00861	0.01008	0.00652	0.00473	0.00442	0.00147	0.00698	0.00349	0.00217	0.00729
58	0.00721	0.00525	0.00680	0.00675	0.00780	0.00494	0.00493	0.00967	0.03856	0.01885	0.58216	0.22036	0.04394	0.01169	0.00614	0.00173	0.00261	0.01041	0.00543	0.00479
59	0.01097	0.00928	0.01317	0.47980	0.04847	0.05881	0.01128	0.01366	0.01098	0.07515	0.04044	0.07290	0.03535	0.02577	0.00599	0.00176	0.02777	0.00567	0.04705	0.00574
60	0.01248	0.01413	0.10494	0.05411	0.56411	0.04852	0.01533	0.01559	0.01129	0.01594	0.00921	0.01222	0.00769	0.00510	0.00622	0.00160	0.08700	0.00442	0.00246	0.00763
61	0.02302	0.00873	0.01191	0.00913	0.01310	0.00754	0.00754	0.02501	0.01469	0.79122	0.02024	0.01746	0.01270	0.00635	0.00516	0.00159	0.00437	0.00516	0.00635	0.00873
62	0.01047	0.00992	0.01680	0.60565	0.23092	0.01161	0.01464	0.01380	0.01063	0.01406	0.00926	0.01342	0.00717	0.00498	0.00512	0.00166	0.00665	0.00456	0.00235	0.00633
63	0.01120	0.01064	0.01771	0.10153	0.54725	0.01069	0.03484	0.01404	0.01167	0.01612	0.04637	0.01925	0.12429	0.00609	0.00530	0.00158	0.00558	0.00572	0.00297	0.00717
64	0.00647	0.00456	0.00589	0.00687	0.00711	0.00431	0.00447	0.00720	0.00940	0.01253	0.02611	0.67607	0.03120	0.16006	0.01006	0.00260	0.00333	0.01331	0.00447	0.00398
65	0.00720	0.00524	0.00677	0.00639	0.00763	0.00481	0.00479	0.00955	0.01437	0.02021	0.74447	0.03894	0.08913	0.01063	0.00605	0.00162	0.00243	0.00937	0.00560	0.00481
66	0.02033	0.01304	0.01458	0.01118	0.01525	0.01394	0.00923	0.59494	0.02190	0.21110	0.01419	0.01353	0.00966	0.00620	0.00514	0.00155	0.00534	0.00475	0.00542	0.00873
67	0.01858	0.01467	0.01526	0.07472	0.01740	0.07541	0.01009	0.63955	0.03630	0.02910	0.01189	0.01232	0.00854	0.00603	0.00510	0.00154	0.00599	0.00454	0.00472	0.00826
68	0.00740	0.00500	0.00584	0.00606	0.00618	0.00497	0.00368	0.00768	0.00804	0.01069	0.01825	0.11392	0.02104	0.67554	0.02265	0.00448	0.00475	0.06707	0.00340	0.00334
69	0.00607	0.00518	0.00522	0.00526	0.00695	0.00433	0.00393	0.00736	0.01164	0.01384	0.05125	0.07306	0.76238	0.01309	0.00608	0.00174	0.00261	0.01095	0.00476	0.00433
70	0.01036	0.00982	0.01654	0.52344	0.16796	0.01129	0.06176	0.01424	0.05209	0.01448	0.01161	0.03798	0.02478	0.00568	0.00527	0.00170	0.00644	0.01562	0.00266	0.00626
71	0.02092	0.01121	0.01335	0.01028	0.01422	0.01130	0.00847	0.36682	0.01901	0.41903	0.04021	0.01575	0.01198	0.00639	0.00518	0.00157	0.00489	0.00504	0.00577	0.00861
72	0.35337	0.01117	0.09552	0.00873	0.01280	0.00958	0.00795	0.01972	0.01177	0.37627	0.01347	0.01289	0.00902	0.00548	0.00430	0.00157	0.00454	0.00400	0.00452	0.03334
73	0.01128	0.02488	0.68876	0.01458	0.02174	0.01235	0.04400	0.09183	0.01221	0.01787	0.00956	0.01109	0.00677	0.00498	0.00494	0.00162	0.00743	0.00395	0.00248	0.00767

[dist]
# distance from previous block
# <min> <max>
0	3

[block]
# block no. 1 follows, 48 sequences, length 71
# corresponding to MSA columns:
# 203-273
name=unknown_B
#
# <colnr> <probs for GDERKNQSTAVLIFYWHMCP>
#	G	D	E	R	K	N	Q	S	T	A	V	L	I	F	Y	W	H	M	C	P
0	0.01098	0.02433	0.67704	0.01604	0.08271	0.01183	0.04648	0.01651	0.01108	0.04232	0.00966	0.01132	0.00689	0.00488	0.00495	0.00162	0.00740	0.00398	0.00235	0.00764
1	0.01096	0.01186	0.10117	0.14225	0.41547	0.01060	0.01411	0.01423	0.01146	0.01595	0.03006	0.02238	0.01298	0.00677	0.00549	0.00174	0.00601	0.15660	0.00297	0.00694
2	0.00606	0.00520	0.00520	0.00520	0.00693	0.00433	0.00390	0.00736	0.01170	0.01386	0.05198	0.04938	0.78558	0.01299	0.00606	0.00173	0.00260	0.01083	0.00476	0.00433
3	0.00967	0.02204	0.62647	0.01295	0.01919	0.01044	0.01603	0.01488	0.01156	0.01706	0.15837	0.01705	0.01500	0.00614	0.00515	0.00164	0.00654	0.01994	0.00289	0.00700
4	0.01061	0.02467	0.69216	0.01683	0.12225	0.01195	0.01854	0.01618	0.01094	0.01632	0.00927	0.01108	0.00671	0.00484	0.00490	0.00161	0.00739	0.00389	0.00222	0.00765
5	0.02282	0.00878	0.01190	0.00916	0.01310	0.00765	0.00755	0.02505	0.03004	0.77574	0.02026	0.01750	0.01276	0.00636	0.00516	0.00159	0.00436	0.00517	0.00633	0.00872
6	0.12427	0.00922	0.01159	0.00900	0.01288	0.00854	0.00743	0.06938	0.01454	0.65124	0.01816	0.01604	0.01159	0.00615	0.00492	0.00158	0.00440	0.00484	0.00589	0.00835
7	0.01055	0.08623	0.73565	0.01419	0.02153	0.01255	0.01819	0.01618	0.01080	0.01594	0.00905	0.01064	0.00651	0.00484	0.00476	0.00159	0.00743	0.00371	0.00217	0.00751
8	0.01326	0.01327	0.01820	0.22746	0.43723	0.12389	0.01417	0.06189	0.01248	0.01618	0.00943	0.01244	0.00762	0.00491	0.00503	0.00154	0.00671	0.00439	0.00265	0.00723
9	0.73650	0.01214	0.06690	0.00777	0.01124	0.06428	0.00685	0.01553	0.00928	0.02181	0.00735	0.00858	0.00570	0.00481	0.00340	0.00157	0.00459	0.00289	0.00306	0.00573
10	0.01051	0.05528	0.72563	0.01477	0.02211	0.01228	0.05710	0.01623	0.01088	0.01610	0.00919	0.01089	0.00657	0.00483	0.00488	0.00161	0.00756	0.00387	0.00219	0.00751
11	0.00625	0.00447	0.00595	0.00714	0.00744	0.00417	0.00476	0.00714	0.00982	0.01310	0.02828	0.81633	0.03394	0.01608	0.00655	0.00208	0.00298	0.01459	0.00476	0.00417
12	0.01344	0.17040	0.01481	0.01033	0.01350	0.07426	0.00839	0.02443	0.57027	0.01895	0.01721	0.01626	0.01320	0.00633	0.00480	0.00158	0.00474	0.00501	0.00443	0.00766
13	0.01036	0.02300	0.63420	0.01320	0.02017	0.01089	0.01634	0.01557	0.01079	0.01635	0.00919	0.01079	0.00672	0.00466	0.00466	0.00145	0.00681	0.00364	0.00234	0.17886
14	0.00632	0.00453	0.00600	0.00706	0.00745	0.00422	0.00475	0.00732	0.01018	0.01361	0.07943	0.74858	0.05024	0.01564	0.00651	0.00205	0.00293	0.01415	0.00482	0.00422
15	0.00715	0.00518	0.00673	0.00646	0.00762	0.00477	0.00480	0.00941	0.01407	0.01978	0.70296	0.09703	0.07275	0.01099	0.00609	0.00165	0.00247	0.00973	0.00555	0.00477
16	0.00625	0.00447	0.00595	0.00714	0.00744	0.00417	0.00476	0.00714	0.00982	0.01310	0.02828	0.81633	0.03394	0.01608	0.00655	0.00208	0.00298	0.01459	0.00476	0.00417
17	0.00748	0.00535	0.00737	0.00855	0.00939	0.00523	0.00691	0.00928	0.01104	0.01448	0.02760	0.35248	0.03124	0.01491	0.00688	0.00225	0.00405	0.46626	0.00474	0.00451
18	0.00702	0.00524	0.00653	0.00621	0.00752	0.00474	0.00465	0.00922	0.01396	0.01924	0.63927	0.04052	0.19493	0.01099	0.00605	0.00164	0.00246	0.00959	0.00547	0.00474
19	0.00610	0.00519	0.00526	0.00527	0.00696	0.00434	0.00394	0.00743	0.01174	0.01404	0.07301	0.06342	0.74991	0.01298	0.00607	0.00174	0.00260	0.01085	0.00479	0.00434
20	0.00944	0.00594	0.00939	0.07617	0.11991	0.00612	0.00687	0.00851	0.00778	0.01050	0.00960	0.03849	0.00936	0.01485	0.01630	0.63539	0.00484	0.00478	0.00235	0.00341
21	0.01905	0.02319	0.01455	0.01302	0.01581	0.70642	0.00986	0.09199	0.03310	0.01464	0.00865	0.00977	0.00702	0.00541	0.00469	0.00135	0.00879	0.00349	0.00294	0.00626
22	0.00969	0.00912	0.01539	0.80734	0.03534	0.01140	0.01425	0.01311	0.01026	0.01311	0.00912	0.01368	0.00684	0.00513	0.00513	0.00171	0.00684	0.00456	0.00228	0.00570
23	0.00636	0.00461	0.00625	0.03253	0.00833	0.00440	0.00506	0.00733	0.00984	0.01310	0.02767	0.79086	0.03308	0.01573	0.00650	0.00207	0.00310	0.01427	0.00468	0.00422
24	0.01302	0.66107	0.18248	0.00997	0.01500	0.01860	0.01085	0.01554	0.01051	0.01292	0.00755	0.00876	0.00657	0.00449	0.00361	0.00120	0.00591	0.00296	0.00219	0.00679
25	0.00641	0.00459	0.00610	0.00703	0.00748	0.00428	0.00478	0.00755	0.01058	0.01429	0.14934	0.69185	0.03625	0.01518	0.00647	0.00201	0.00289	0.01374	0.00490	0.00428
26	0.02302	0.00873	0.01191	0.00913	0.01310	0.00754	0.00754	0.02501	0.01469	0.79122	0.02024	0.01746	0.01270	0.00635	0.00516	0.00159	0.00437	0.00516	0.00635	0.00873
27	0.00977	0.00927	0.01586	0.78241	0.03507	0.01145	0.03820	0.01322	0.01032	0.01322	0.00916	0.01368	0.00687	0.00510	0.00516	0.00171	0.00690	0.00461	0.00229	0.00574
28	0.01012	0.00973	0.01647	0.61903	0.04509	0.01197	0.07029	0.01329	0.01013	0.01343	0.00905	0.01345	0.00703	0.00557	0.00667	0.00177	0.10981	0.00467	0.01663	0.00581
29	0.01372	0.82276	0.02689	0.00878	0.01317	0.02030	0.00878	0.01536	0.01043	0.01207	0.00713	0.00823	0.00658	0.00439	0.00329	0.00110	0.00549	0.00274	0.00219	0.00658
30	0.01317	0.69625	0.14863	0.00971	0.01461	0.01897	0.01040	0.01551	0.01049	0.01274	0.00746	0.00864	0.00657	0.00447	0.00354	0.00118	0.00582	0.00291	0.00219	0.00674
31	0.01029	0.02654	0.79309	0.01462	0.02221	0.01192	0.01896	0.01625	0.01083	0.01625	0.00921	0.01083	0.00650	0.00487	0.00487	0.00162	0.00758	0.00379	0.00217	0.00758
32	0.01182	0.01130	0.01925	0.25699	0.56901	0.01196	0.01531	0.01498	0.01127	0.01570	0.00950	0.01298	0.00775	0.00473	0.00509	0.00158	0.00631	0.00457	0.00246	0.00742
33	0.01340	0.74885	0.09801	0.00932	0.01401	0.01952	0.00972	0.01545	0.01046	0.01246	0.00733	0.00847	0.00658	0.00443	0.00344	0.00115	0.00568	0.00284	0.00219	0.00668
34	0.01994	0.00805	0.01092	0.00861	0.01204	0.00701	0.00701	0.02201	0.01465	0.64056	0.16975	0.02154	0.01968	0.00716	0.00533	0.00159	0.00399	0.00597	0.00621	0.00797
35	0.00653	0.00525	0.00585	0.00581	0.00736	0.00457	0.00443	0.00821	0.01249	0.01582	0.25416	0.04683	0.53450	0.01237	0.00612	0.00174	0.00268	0.05579	0.00501	0.00450
36	0.01005	0.01103	0.07560	0.64726	0.03326	0.01164	0.11129	0.01377	0.01054	0.01377	0.00929	0.01349	0.00694	0.00501	0.00523	0.00171	0.00713	0.00469	0.00231	0.00600
37	0.02022	0.01323	0.01469	0.01126	0.01534	0.01421	0.00930	0.61916	0.02221	0.18644	0.01393	0.01336	0.00953	0.00620	0.00514	0.00155	0.00539	0.00473	0.00538	0.00873
38	0.00625	0.00447	0.00595	0.00714	0.00744	0.00417	0.00476	0.00714	0.00982	0.01310	0.02828	0.81633	0.03394	0.01608	0.00655	0.00208	0.00298	0.01459	0.00476	0.00417
39	0.01372	0.82276	0.02689	0.00878	0.01317	0.02030	0.00878	0.01536	0.01043	0.01207	0.00713	0.00823	0.00658	0.00439	0.00329	0.00110	0.00549	0.00274	0.00219	0.00658
40	0.00625	0.00447	0.00595	0.00714	0.00744	0.00417	0.00476	0.00714	0.00982	0.01310	0.02828	0.81633	0.03394	0.01608	0.00655	0.00208	0.00298	0.01459	0.00476	0.00417
41	0.00625	0.00447	0.00595	0.00714	0.00744	0.00417	0.00476	0.00714	0.00982	0.01310	0.02828	0.81633	0.03394	0.01608	0.00655	0.00208	0.00298	0.01459	0.00476	0.00417
42	0.00762	0.00593	0.00881	0.00864	0.00949	0.00711	0.00677	0.00940	0.00822	0.01194	0.01322	0.01949	0.01237	0.03627	0.74068	0.00780	0.07346	0.00542	0.00271	0.00466
43	0.00969	0.00912	0.01539	0.80734	0.03534	0.01140	0.01425	0.01311	0.01026	0.01311	0.00912	0.01368	0.00684	0.00513	0.00513	0.00171	0.00684	0.00456	0.00228	0.00570
44	0.00969	0.00912	0.01539	0.80734	0.03534	0.01140	0.01425	0.01311	0.01026	0.01311	0.00912	0.01368	0.00684	0.00513	0.00513	0.00171	0.00684	0.00456	0.00228	0.00570
45	0.00704	0.00524	0.00655	0.00622	0.00753	0.00475	0.00467	0.00926	0.01401	0.01935	0.65070	0.04035	0.18345	0.01095	0.00605	0.00164	0.00245	0.00956	0.00549	0.00475
46	0.01029	0.02654	0.79309	0.01462	0.02221	0.01192	0.01896	0.01625	0.01083	0.01625	0.00921	0.01083	0.00650	0.00487	0.00487	0.00162	0.00758	0.00379	0.00217	0.00758
47	0.01271	0.00989	0.01098	0.00998	0.01266	0.01113	0.00787	0.02398	0.58009	0.08425	0.02146	0.02279	0.03273	0.00997	0.06491	0.00226	0.00483	0.06488	0.00508	0.00756
48	0.01029	0.02654	0.79309	0.01462	0.02221	0.01192	0.01896	0.01625	0.01083	0.01625	0.00921	0.01083	0.00650	0.00487	0.00487	0.00162	0.00758	0.00379	0.00217	0.00758
49	0.00622	0.00520	0.00545	0.00560	0.00721	0.00443	0.00424	0.00757	0.01159	0.01391	0.04887	0.09684	0.68900	0.01326	0.00616	0.00180	0.00276	0.06076	0.00476	0.00435
50	0.00651	0.00481	0.00666	0.06713	0.00953	0.00471	0.00547	0.00759	0.00986	0.01310	0.02684	0.75615	0.03191	0.01525	0.00644	0.00206	0.00327	0.01384	0.00458	0.00428
51	0.01225	0.01202	0.02136	0.12732	0.59605	0.01219	0.11206	0.01551	0.01156	0.01626	0.00968	0.01297	0.00792	0.00461	0.00521	0.00157	0.00652	0.00476	0.00251	0.00767
52	0.01133	0.01024	0.01639	0.60669	0.10056	0.01211	0.03926	0.11245	0.01226	0.01607	0.00963	0.01342	0.00723	0.00519	0.00516	0.00167	0.00668	0.00462	0.00269	0.00636
53	0.01082	0.07303	0.61435	0.01548	0.02245	0.01261	0.14802	0.01623	0.01103	0.01603	0.00928	0.01119	0.00673	0.00475	0.00498	0.00161	0.00764	0.00412	0.00224	0.00741
54	0.02268	0.00928	0.01225	0.00939	0.01337	0.00835	0.00776	0.09739	0.01560	0.71754	0.01947	0.01696	0.01232	0.00633	0.00516	0.00158	0.00449	0.00511	0.00623	0.00873
55	0.01468	0.01190	0.01270	0.01063	0.01404	0.01324	0.00846	0.25730	0.47901	0.02445	0.01723	0.01630	0.01283	0.00645	0.00507	0.00160	0.00453	0.00520	0.00501	0.07937
56	0.01062	0.00860	0.01022	0.00773	0.01178	0.00663	0.00617	0.01280	0.01079	0.04240	0.01188	0.06771	0.01088	0.00534	0.00423	0.00097	0.00382	0.04975	0.00337	0.71430
57	0.02243	0.00969	0.01250	0.00958	0.01358	0.00896	0.00792	0.15143	0.01629	0.66254	0.01890	0.01659	0.01203	0.00632	0.00516	0.00158	0.00458	0.00507	0.00614	0.00873
58	0.00813	0.00581	0.00811	0.00930	0.01042	0.00579	0.00803	0.01040	0.01168	0.01520	0.02724	0.10866	0.02982	0.01430	0.00705	0.00234	0.00461	0.70368	0.00473	0.00469
59	0.01015	0.00966	0.01575	0.59228	0.07405	0.02504	0.06378	0.02723	0.02416	0.01415	0.01270	0.01729	0.05554	0.00588	0.00530	0.00171	0.00656	0.03018	0.00266	0.00591
60	0.00633	0.00450	0.00593	0.00704	0.00732	0.00422	0.00465	0.00717	0.00967	0.01289	0.02747	0.76391	0.03291	0.06988	0.00786	0.00228	0.00311	0.01411	0.00465	0.00410
61	0.00625	0.00447	0.00595	0.00714	0.00744	0.00417	0.00476	0.00714	0.00982	0.01310	0.02828	0.81633	0.03394	0.01608	0.00655	0.00208	0.00298	0.01459	0.00476	0.00417
62	0.01885	0.07127	0.01526	0.01296	0.01570	0.75341	0.00985	0.02019	0.01430	0.01253	0.00788	0.00919	0.00661	0.00523	0.00455	0.00131	0.00903	0.00327	0.00262	0.00599
63	0.01261	0.48860	0.27057	0.01157	0.01694	0.01701	0.05857	0.03178	0.01091	0.01411	0.00810	0.00954	0.00668	0.00466	0.00424	0.00133	0.02021	0.00335	0.00227	0.00695
64	0.00625	0.00447	0.00595	0.00714	0.00744	0.00417	0.00476	0.00714	0.00982	0.01310	0.02828	0.81633	0.03394	0.01608	0.00655	0.00208	0.00298	0.01459	0.00476	0.00417
65	0.00625	0.00447	0.00595	0.00714	0.00744	0.00417	0.00476	0.00714	0.00982	0.01310	0.02828	0.81633	0.03394	0.01608	0.00655	0.00208	0.00298	0.01459	0.00476	0.00417
66	0.01810	0.02259	0.01384	0.01261	0.01518	0.71397	0.00950	0.03456	0.01454	0.01323	0.02460	0.01281	0.04381	0.00596	0.00479	0.00137	0.00865	0.02111	0.00289	0.00588
67	0.00712	0.00516	0.00690	0.00799	0.00880	0.00495	0.00623	0.00869	0.01086	0.01416	0.02984	0.41705	0.09691	0.01497	0.00674	0.00218	0.00371	0.33857	0.00475	0.00443
68	0.01084	0.01065	0.01497	0.01295	0.01304	0.01479	0.01075	0.01203	0.00790	0.01230	0.00743	0.01212	0.00734	0.01192	0.09490	0.00284	0.73082	0.00459	0.00230	0.00551
69	0.01358	0.79529	0.02615	0.00865	0.01293	0.01978	0.00861	0.01525	0.01044	0.01231	0.00746	0.00860	0.00681	0.00444	0.00330	0.00110	0.00538	0.00281	0.03060	0.00652
70	0.82085	0.01061	0.04012	0.00707	0.01043	0.01153	0.00611	0.01513	0.00882	0.02274	0.00723	0.00844	0.00560	0.00477	0.00325	0.00159	0.00412	0.00282	0.00313	0.00564

[dist]
# distance from previous block
# <min> <max>
0	1

[block]
# block no. 2 follows, 48 sequences, length 31
# corresponding to MSA columns:
# 275-305
name=unknown_C
#
# <colnr> <probs for GDERKNQSTAVLIFYWHMCP>
#	G	D	E	R	K	N	Q	S	T	A	V	L	I	F	Y	W	H	M	C	P
0	0.04763	0.00681	0.00737	0.00701	0.00787	0.02029	0.00467	0.07979	0.06430	0.01389	0.01658	0.10173	0.01780	0.51146	0.06806	0.00415	0.00536	0.00734	0.00357	0.00433
1	0.03717	0.55007	0.05447	0.02955	0.01459	0.06099	0.00943	0.13709	0.01295	0.03987	0.00855	0.00947	0.00709	0.00483	0.00383	0.00125	0.00576	0.00324	0.00285	0.00695
2	0.03814	0.38063	0.07931	0.01055	0.01369	0.15952	0.00964	0.01517	0.01046	0.01268	0.00811	0.01124	0.00757	0.07255	0.00794	0.00172	0.14901	0.00363	0.00239	0.00606
3	0.02946	0.22680	0.50212	0.01264	0.01875	0.01421	0.01508	0.01666	0.06521	0.01558	0.00939	0.01072	0.00716	0.00502	0.00483	0.00152	0.03149	0.00367	0.00242	0.00726
4	0.35423	0.01513	0.25367	0.02840	0.12150	0.01115	0.01147	0.01636	0.01058	0.09786	0.02986	0.01153	0.00808	0.00509	0.00428	0.00159	0.00544	0.00379	0.00314	0.00685
5	0.00891	0.00446	0.00668	0.00668	0.00668	0.00446	0.00446	0.00668	0.00668	0.00891	0.00891	0.01560	0.00891	0.01783	0.02005	0.85071	0.00446	0.00446	0.00223	0.00223
6	0.00690	0.00491	0.00688	0.02554	0.00870	0.00464	0.02147	0.00798	0.01005	0.03149	0.02725	0.74353	0.03216	0.01530	0.00649	0.00206	0.00326	0.03231	0.00470	0.00438
7	0.01159	0.01096	0.01856	0.18474	0.57525	0.01140	0.01458	0.01454	0.01125	0.01574	0.01102	0.07670	0.00992	0.00560	0.00521	0.00161	0.00600	0.00536	0.00266	0.00733
8	0.01364	0.10969	0.15542	0.14614	0.29452	0.01221	0.01372	0.01715	0.02701	0.14552	0.01119	0.01293	0.00837	0.00504	0.00486	0.00154	0.00607	0.00434	0.00308	0.00756
9	0.01212	0.00660	0.00699	0.00622	0.00808	0.00676	0.00486	0.13461	0.01318	0.07619	0.01628	0.01792	0.01241	0.00603	0.00395	0.00128	0.00305	0.00478	0.65299	0.00570
10	0.01093	0.01039	0.01764	0.48684	0.34612	0.01173	0.01487	0.01420	0.01085	0.01462	0.00934	0.01327	0.00737	0.00490	0.00511	0.00163	0.00653	0.00456	0.00239	0.00670
11	0.01255	0.01216	0.02047	0.02772	0.60941	0.01255	0.07462	0.01649	0.07359	0.01680	0.01041	0.01321	0.00861	0.00506	0.00601	0.00161	0.06335	0.00478	0.00274	0.00785
12	0.00970	0.00855	0.01208	0.33607	0.02059	0.01035	0.01002	0.01399	0.13325	0.01484	0.01702	0.11301	0.07606	0.00803	0.00708	0.00181	0.12884	0.00647	0.06653	0.00571
13	0.00816	0.00583	0.00814	0.00932	0.01046	0.00581	0.00808	0.01044	0.01170	0.01523	0.02723	0.09948	0.02977	0.01428	0.00706	0.00235	0.00463	0.71262	0.00473	0.00469
14	0.00882	0.00589	0.00711	0.00695	0.00851	0.00546	0.00521	0.02283	0.05547	0.09662	0.21110	0.23368	0.26018	0.01209	0.00607	0.00180	0.00305	0.03885	0.00517	0.00516
15	0.01250	0.35894	0.24390	0.01600	0.16852	0.02831	0.07468	0.01586	0.01099	0.01454	0.00849	0.01032	0.00696	0.00457	0.00434	0.00139	0.00652	0.00368	0.00229	0.00719
16	0.01202	0.00918	0.00999	0.00896	0.01147	0.02473	0.00697	0.03157	0.42270	0.09519	0.17658	0.02674	0.11247	0.00840	0.00550	0.00170	0.00373	0.01981	0.00530	0.00699
17	0.00746	0.00497	0.00560	0.00560	0.00560	0.00497	0.00311	0.00746	0.00746	0.00995	0.01617	0.03358	0.01865	0.81967	0.02612	0.00497	0.00497	0.00746	0.00311	0.00311
18	0.01026	0.00869	0.01021	0.00750	0.01168	0.00661	0.00595	0.01251	0.01093	0.01694	0.07249	0.03327	0.01157	0.00465	0.00405	0.00086	0.00367	0.00384	0.00329	0.76103
19	0.01002	0.00934	0.01497	0.58626	0.02958	0.01042	0.04680	0.01322	0.01043	0.01410	0.00918	0.01298	0.00706	0.00479	0.00486	0.00149	0.00622	0.00428	0.00247	0.20154
20	0.01029	0.02654	0.79309	0.01462	0.02221	0.01192	0.01896	0.01625	0.01083	0.01625	0.00921	0.01083	0.00650	0.00487	0.00487	0.00162	0.00758	0.00379	0.00217	0.00758
21	0.01341	0.73454	0.05542	0.00934	0.01354	0.01966	0.00934	0.01518	0.01026	0.01225	0.00718	0.00854	0.00659	0.00474	0.00432	0.00120	0.06283	0.00291	0.00220	0.00655
22	0.01351	0.00903	0.01093	0.00795	0.01238	0.00700	0.00642	0.01572	0.01158	0.19610	0.01170	0.01222	0.00878	0.00439	0.00411	0.00095	0.00393	0.00353	0.00381	0.65595
23	0.00741	0.00498	0.00576	0.00580	0.00587	0.00502	0.00336	0.00755	0.00760	0.01018	0.01650	0.06283	0.01891	0.74498	0.06880	0.00505	0.00539	0.00762	0.00315	0.00323
24	0.01693	0.01309	0.01395	0.01129	0.01493	0.01471	0.00913	0.48713	0.31174	0.02819	0.01559	0.01492	0.01137	0.00647	0.00517	0.00162	0.00504	0.00507	0.00517	0.00850
25	0.00662	0.00529	0.00586	0.00606	0.00750	0.00468	0.00465	0.00806	0.01152	0.01420	0.08972	0.06374	0.53709	0.07715	0.00784	0.00210	0.00314	0.13577	0.00468	0.00433
26	0.00643	0.00461	0.00605	0.00695	0.00739	0.00429	0.00469	0.00751	0.01042	0.01402	0.13244	0.66263	0.05170	0.04600	0.00722	0.00212	0.00297	0.01350	0.00482	0.00422
27	0.14506	0.00631	0.00736	0.00694	0.00851	0.00624	0.00526	0.01169	0.01212	0.09583	0.36884	0.08182	0.03143	0.12114	0.00838	0.00216	0.00344	0.06759	0.00484	0.00506
28	0.01235	0.00951	0.01112	0.00806	0.01253	0.00762	0.00649	0.07405	0.01204	0.08074	0.01028	0.01133	0.00810	0.00419	0.00402	0.00089	0.00399	0.00334	0.00347	0.71589
29	0.01673	0.02729	0.02592	0.06586	0.01483	0.00906	0.00802	0.09328	0.05716	0.33737	0.01465	0.01427	0.01018	0.00539	0.00467	0.00132	0.00455	0.00434	0.00465	0.28048
30	0.68273	0.14055	0.01100	0.00730	0.01072	0.01312	0.00626	0.04950	0.00970	0.02169	0.00738	0.00850	0.00587	0.00477	0.00328	0.00151	0.00429	0.00286	0.00311	0.00587

[dist]
# distance from previous block
# <min> <max>
4	7

[block]
# block no. 3 follows, 48 sequences, length 10
# corresponding to MSA columns:
# 314-323
name=unknown_D
#
# <colnr> <probs for GDERKNQSTAVLIFYWHMCP>
#	G	D	E	R	K	N	Q	S	T	A	V	L	I	F	Y	W	H	M	C	P
0	0.01381	0.01437	0.05639	0.02175	0.40483	0.13919	0.01297	0.08619	0.08438	0.01778	0.01237	0.01707	0.01067	0.00602	0.00521	0.00160	0.00632	0.07836	0.00324	0.00747
1	0.01134	0.01158	0.01766	0.01456	0.01525	0.01535	0.11250	0.01289	0.00843	0.01289	0.00722	0.01158	0.00688	0.00836	0.01540	0.00218	0.70315	0.00470	0.00229	0.00579
2	0.01135	0.03637	0.11238	0.01748	0.02141	0.01295	0.42466	0.01489	0.01088	0.01521	0.01066	0.01607	0.00906	0.00709	0.03193	0.00205	0.17860	0.05786	0.00261	0.00649
3	0.85592	0.00992	0.00754	0.00675	0.00992	0.01151	0.00556	0.01508	0.00873	0.02302	0.00714	0.00834	0.00556	0.00476	0.00318	0.00159	0.00397	0.00278	0.00318	0.00556
4	0.01105	0.01016	0.01513	0.16950	0.04343	0.00940	0.12132	0.03874	0.01118	0.01635	0.00936	0.01186	0.00750	0.00441	0.00489	0.00119	0.03047	0.00393	0.00285	0.47729
5	0.00639	0.00486	0.00582	0.00640	0.00735	0.00435	0.00454	0.00751	0.01085	0.01384	0.08503	0.41248	0.33197	0.01448	0.00673	0.02601	0.00290	0.03953	0.00475	0.00424
6	0.07390	0.04596	0.15256	0.35797	0.12935	0.01185	0.03873	0.03901	0.02573	0.01611	0.04021	0.01342	0.00878	0.00518	0.00490	0.00161	0.00634	0.00446	0.00266	0.02128
7	0.00932	0.00715	0.00882	0.03931	0.01106	0.00610	0.00600	0.03075	0.01096	0.04691	0.02033	0.31175	0.07292	0.00953	0.00523	0.00146	0.00364	0.03353	0.00401	0.36123
8	0.01227	0.04295	0.01232	0.00854	0.01299	0.00857	0.02594	0.08308	0.03307	0.05570	0.01022	0.01134	0.00813	0.00426	0.00406	0.00094	0.00419	0.00343	0.00341	0.65459
9	0.01023	0.06100	0.09158	0.00854	0.01147	0.02383	0.00739	0.05094	0.01177	0.06115	0.07821	0.27621	0.05165	0.00937	0.00528	0.00155	0.00414	0.02688	0.00406	0.20474

[dist]
# distance from previous block
# <min> <max>
1	4

[block]
# block no. 4 follows, 48 sequences, length 25
# corresponding to MSA columns:
# 328-352
name=unknown_E
#
# <colnr> <probs for GDERKNQSTAVLIFYWHMCP>
#	G	D	E	R	K	N	Q	S	T	A	V	L	I	F	Y	W	H	M	C	P
0	0.03872	0.77019	0.02587	0.00888	0.01317	0.04797	0.00873	0.01554	0.01052	0.01241	0.00716	0.00827	0.00656	0.00443	0.00334	0.00112	0.00558	0.00276	0.00224	0.00653
1	0.01411	0.60520	0.11949	0.01016	0.01469	0.13575	0.01020	0.01624	0.01109	0.01266	0.00751	0.00870	0.00658	0.00458	0.00369	0.00120	0.00631	0.00296	0.00226	0.00661
2	0.06068	0.00679	0.00796	0.00753	0.00928	0.00686	0.00577	0.01366	0.15954	0.04776	0.38519	0.11413	0.07665	0.01012	0.00575	0.00172	0.00313	0.05087	0.00520	0.02141
3	0.00637	0.00454	0.00602	0.00716	0.00748	0.00426	0.00482	0.00728	0.00979	0.01305	0.02774	0.75722	0.03314	0.04963	0.00739	0.00221	0.00312	0.03996	0.00469	0.00414
4	0.00625	0.00447	0.00595	0.00714	0.00744	0.00417	0.00476	0.00714	0.00982	0.01310	0.02828	0.81633	0.03394	0.01608	0.00655	0.00208	0.00298	0.01459	0.00476	0.00417
5	0.00969	0.00912	0.01539	0.80734	0.03534	0.01140	0.01425	0.01311	0.01026	0.01311	0.00912	0.01368	0.00684	0.00513	0.00513	0.00171	0.00684	0.00456	0.00228	0.00570
6	0.00702	0.00524	0.00652	0.00620	0.00752	0.00474	0.00465	0.00921	0.01395	0.01921	0.63543	0.04058	0.19880	0.01100	0.00605	0.00164	0.00246	0.00960	0.00547	0.00474
7	0.01372	0.82276	0.02689	0.00878	0.01317	0.02030	0.00878	0.01536	0.01043	0.01207	0.00713	0.00823	0.00658	0.00439	0.00329	0.00110	0.00549	0.00274	0.00219	0.00658
8	0.00746	0.00497	0.00560	0.00560	0.00560	0.00497	0.00311	0.00746	0.00746	0.00995	0.01617	0.03358	0.01865	0.81967	0.02612	0.00497	0.00497	0.00746	0.00311	0.00311
9	0.00686	0.00520	0.00632	0.00609	0.00743	0.00466	0.00455	0.00889	0.01350	0.01827	0.53502	0.06790	0.27368	0.01144	0.00607	0.00167	0.00249	0.00993	0.00535	0.00466
10	0.00969	0.00912	0.01539	0.80734	0.03534	0.01140	0.01425	0.01311	0.01026	0.01311	0.00912	0.01368	0.00684	0.00513	0.00513	0.00171	0.00684	0.00456	0.00228	0.00570
11	0.01029	0.02654	0.79309	0.01462	0.02221	0.01192	0.01896	0.01625	0.01083	0.01625	0.00921	0.01083	0.00650	0.00487	0.00487	0.00162	0.00758	0.00379	0.00217	0.00758
12	0.00726	0.00524	0.00686	0.00646	0.00767	0.00484	0.00484	0.00968	0.01452	0.02058	0.78496	0.03833	0.04841	0.01049	0.00605	0.00161	0.00242	0.00928	0.00565	0.00484
13	0.01435	0.73050	0.02546	0.00929	0.01348	0.11031	0.00891	0.01596	0.01090	0.01213	0.00723	0.00835	0.00659	0.00449	0.00345	0.00112	0.00592	0.00281	0.00225	0.00651
14	0.01488	0.01743	0.35526	0.01235	0.01767	0.03485	0.05175	0.04488	0.07173	0.25604	0.04644	0.02971	0.01152	0.00596	0.00513	0.00162	0.00606	0.00493	0.00402	0.00775
15	0.00625	0.00447	0.00595	0.00714	0.00744	0.00417	0.00476	0.00714	0.00982	0.01310	0.02828	0.81633	0.03394	0.01608	0.00655	0.00208	0.00298	0.01459	0.00476	0.00417
16	0.00629	0.00455	0.00595	0.00699	0.00742	0.00421	0.00471	0.00729	0.01018	0.01353	0.06866	0.72945	0.08059	0.01560	0.00649	0.00204	0.00293	0.01408	0.00481	0.00421
17	0.01261	0.01311	0.02550	0.05698	0.25452	0.01293	0.44368	0.06204	0.01252	0.01725	0.01013	0.01333	0.00788	0.00467	0.00597	0.00167	0.02979	0.00542	0.00271	0.00731
18	0.01029	0.02654	0.79309	0.01462	0.02221	0.01192	0.01896	0.01625	0.01083	0.01625	0.00921	0.01083	0.00650	0.00487	0.00487	0.00162	0.00758	0.00379	0.00217	0.00758
19	0.00714	0.00517	0.00673	0.00649	0.00763	0.00477	0.00481	0.00939	0.01402	0.01972	0.69664	0.11031	0.06576	0.01107	0.00610	0.00166	0.00248	0.00981	0.00554	0.00477
20	0.02866	0.01251	0.13929	0.49864	0.10782	0.01155	0.08171	0.01407	0.01055	0.01439	0.00925	0.01307	0.00702	0.00524	0.00546	0.02072	0.00693	0.00453	0.00233	0.00627
21	0.01758	0.00999	0.02584	0.00982	0.01332	0.00953	0.03336	0.18008	0.06221	0.36492	0.01990	0.07787	0.06402	0.00736	0.00551	0.00161	0.02220	0.00605	0.02347	0.04536
22	0.04030	0.03780	0.55095	0.01341	0.01961	0.01101	0.07117	0.01588	0.01136	0.06647	0.06572	0.03040	0.03199	0.00576	0.00504	0.00163	0.00670	0.00478	0.00287	0.00717
23	0.01194	0.01389	0.11503	0.01680	0.02128	0.03947	0.43765	0.01561	0.01169	0.06296	0.01363	0.03367	0.04915	0.00760	0.05258	0.00208	0.03856	0.02054	0.00298	0.03290
24	0.02787	0.10043	0.19431	0.04185	0.03786	0.12858	0.05774	0.19556	0.09037	0.01942	0.01062	0.01182	0.00809	0.00557	0.00545	0.00156	0.04805	0.00421	0.00330	0.00734

[dist]
# distance from previous block
# <min> <max>
2	8

[block]
# block no. 5 follows, 48 sequences, length 36
# corresponding to MSA columns:
# 361-396
name=unknown_F
#
# <colnr> <probs for GDERKNQSTAVLIFYWHMCP>
#	G	D	E	R	K	N	Q	S	T	A	V	L	I	F	Y	W	H	M	C	P
0	0.12678	0.00988	0.06044	0.00928	0.01260	0.00877	0.06032	0.03607	0.10022	0.14192	0.13473	0.04894	0.08697	0.00724	0.00521	0.00155	0.01716	0.00605	0.00441	0.12148
1	0.01208	0.05343	0.27500	0.01624	0.04217	0.01292	0.27859	0.06550	0.14082	0.01812	0.02701	0.01385	0.00950	0.00519	0.00532	0.00165	0.00701	0.00506	0.00310	0.00743
2	0.68969	0.01087	0.04490	0.00818	0.03217	0.01151	0.00677	0.06242	0.01023	0.05025	0.02867	0.00993	0.00725	0.00506	0.00357	0.00159	0.00427	0.00325	0.00341	0.00601
3	0.03058	0.00584	0.00647	0.00702	0.00746	0.04419	0.00463	0.00827	0.00916	0.01225	0.02179	0.44743	0.02542	0.27382	0.06886	0.00339	0.00472	0.01078	0.00394	0.00398
4	0.01372	0.82276	0.02689	0.00878	0.01317	0.02030	0.00878	0.01536	0.01043	0.01207	0.00713	0.00823	0.00658	0.00439	0.00329	0.00110	0.00549	0.00274	0.00219	0.00658
5	0.01217	0.00916	0.01078	0.00803	0.01228	0.00742	0.00641	0.01554	0.08328	0.10626	0.01190	0.02883	0.00949	0.00464	0.00415	0.00097	0.00387	0.00378	0.00366	0.65736
6	0.01129	0.10003	0.65193	0.01411	0.02112	0.01254	0.04927	0.01659	0.01103	0.05234	0.00958	0.01103	0.00685	0.00488	0.00479	0.00158	0.00728	0.00385	0.00238	0.00752
7	0.02051	0.01276	0.01440	0.01104	0.01511	0.01352	0.00912	0.55788	0.02143	0.24882	0.01458	0.01379	0.00986	0.00621	0.00514	0.00155	0.00528	0.00477	0.00548	0.00873
8	0.00696	0.00523	0.00644	0.00614	0.00748	0.00471	0.00460	0.00910	0.01381	0.01889	0.60066	0.04111	0.23377	0.01112	0.00605	0.00164	0.00247	0.00967	0.00543	0.00471
9	0.02302	0.00873	0.01191	0.00913	0.01310	0.00754	0.00754	0.02501	0.01469	0.79122	0.02024	0.01746	0.01270	0.00635	0.00516	0.00159	0.00437	0.00516	0.00635	0.00873
10	0.01330	0.01098	0.01162	0.06938	0.04131	0.10919	0.00840	0.19191	0.09008	0.06427	0.08130	0.19070	0.01919	0.00959	0.02125	0.00185	0.00524	0.04951	0.00449	0.00646
11	0.01023	0.00958	0.01634	0.53793	0.17754	0.01104	0.04730	0.01350	0.01078	0.01420	0.01120	0.01820	0.00954	0.00595	0.00537	0.00174	0.00655	0.08427	0.00260	0.00612
12	0.00640	0.00455	0.00600	0.00710	0.00740	0.00428	0.00475	0.00727	0.00971	0.01293	0.02735	0.73568	0.03268	0.07534	0.00801	0.00231	0.00318	0.03633	0.00464	0.00411
13	0.01207	0.01155	0.01969	0.19342	0.63065	0.01203	0.01543	0.01520	0.01139	0.01600	0.00954	0.01290	0.00786	0.00469	0.00509	0.00156	0.00625	0.00457	0.00249	0.00762
14	0.01114	0.01335	0.08393	0.01848	0.02276	0.01201	0.54398	0.01487	0.01130	0.01559	0.01203	0.10226	0.01060	0.00685	0.02495	0.00195	0.07799	0.00668	0.00278	0.00650
15	0.01182	0.01552	0.13728	0.02029	0.02560	0.01294	0.63085	0.01624	0.01175	0.01624	0.01006	0.01330	0.00756	0.00460	0.00635	0.00174	0.04273	0.00567	0.00252	0.00696
16	0.01061	0.10140	0.72105	0.01408	0.02136	0.01270	0.01800	0.01617	0.01079	0.01586	0.00901	0.01059	0.00651	0.00483	0.00473	0.00158	0.00739	0.00369	0.00217	0.00749
17	0.01257	0.01206	0.02059	0.06513	0.75505	0.01216	0.01568	0.01563	0.01162	0.01660	0.00963	0.01274	0.00807	0.00460	0.00508	0.00153	0.00613	0.00457	0.00253	0.00802
18	0.04112	0.01149	0.02219	0.04492	0.22656	0.01116	0.37845	0.01461	0.01152	0.01618	0.01324	0.11494	0.01228	0.00646	0.00579	0.00175	0.00681	0.05085	0.00299	0.00669
19	0.01045	0.01031	0.01863	0.57891	0.08309	0.01180	0.16479	0.01431	0.03009	0.01423	0.00970	0.01378	0.00734	0.00498	0.00531	0.00170	0.00708	0.00489	0.00243	0.00617
20	0.01562	0.01141	0.01170	0.01017	0.01322	0.08498	0.00797	0.02513	0.47646	0.21159	0.06013	0.01882	0.01582	0.00684	0.00519	0.00166	0.00454	0.00559	0.00528	0.00789
21	0.00609	0.00510	0.00530	0.00546	0.00700	0.00431	0.00401	0.00733	0.01144	0.01376	0.04879	0.15263	0.68440	0.01341	0.00613	0.00178	0.00265	0.01133	0.00476	0.00431
22	0.01116	0.03468	0.01777	0.46844	0.02795	0.01228	0.13496	0.02646	0.01058	0.05036	0.00968	0.01387	0.00759	0.02716	0.00749	0.00185	0.12429	0.00484	0.00258	0.00604
23	0.01115	0.01224	0.02608	0.01911	0.02347	0.01159	0.63067	0.01494	0.01155	0.01572	0.01226	0.08443	0.01054	0.00856	0.08069	0.00237	0.00863	0.00675	0.00280	0.00646
24	0.00722	0.00524	0.00681	0.00642	0.00764	0.00483	0.00481	0.00961	0.01444	0.02037	0.76191	0.03868	0.07159	0.01057	0.00605	0.00162	0.00243	0.00933	0.00562	0.00483
