[name]
unknown

[dist]
# distance from previous block
# <min> <max>
0	54

[block]
# block no. 0 follows, 47 sequences, length 12
# corresponding to MSA columns:
# 55-66
name=unknown_A
#
# <colnr> <probs for GDERKNQSTAVLIFYWHMCP>
#	G	D	E	R	K	N	Q	S	T	A	V	L	I	F	Y	W	H	M	C	P
0	0.00864	0.00635	0.00850	0.00948	0.01076	0.00649	0.00806	0.01206	0.08352	0.01596	0.02707	0.12222	0.02905	0.01387	0.00697	0.00231	0.00457	0.61421	0.00485	0.00507
1	0.01313	0.01155	0.01429	0.07000	0.08049	0.01303	0.05779	0.07339	0.55887	0.02118	0.01814	0.01769	0.01365	0.00651	0.00533	0.00173	0.00490	0.00563	0.00468	0.00803
2	0.01361	0.01132	0.01254	0.01197	0.06286	0.01286	0.00878	0.05757	0.66801	0.04933	0.02008	0.01866	0.01501	0.00685	0.00528	0.00174	0.00433	0.00573	0.00516	0.00829
3	0.00729	0.00572	0.00660	0.00642	0.00766	0.00548	0.00466	0.00944	0.05319	0.01585	0.26256	0.09511	0.32786	0.13181	0.00953	0.00225	0.02936	0.00979	0.00480	0.00461
4	0.01980	0.01459	0.01563	0.01198	0.01615	0.01615	0.00990	0.76713	0.02448	0.03282	0.01250	0.01250	0.00886	0.00625	0.00521	0.00156	0.00573	0.00469	0.00521	0.00886
5	0.01094	0.03789	0.09741	0.33386	0.04862	0.01246	0.15551	0.04520	0.01111	0.01506	0.01069	0.07122	0.00919	0.00635	0.00695	0.00180	0.11126	0.00551	0.00267	0.00632
6	0.01139	0.01139	0.01595	0.01367	0.01367	0.01595	0.01139	0.01253	0.00798	0.01253	0.00684	0.01139	0.00684	0.00911	0.01709	0.00228	0.80745	0.00456	0.00228	0.00570
7	0.01122	0.07162	0.06191	0.04036	0.01281	0.07172	0.00863	0.08365	0.01136	0.02757	0.07370	0.04295	0.01420	0.09991	0.19983	0.00366	0.13703	0.00558	0.01662	0.00564
8	0.00757	0.00508	0.00584	0.00584	0.00590	0.00514	0.00336	0.00768	0.00762	0.01022	0.01626	0.03326	0.01858	0.77025	0.07276	0.00525	0.00558	0.00745	0.00313	0.00325
9	0.54911	0.04196	0.03800	0.00821	0.01141	0.04442	0.00700	0.04215	0.01037	0.08649	0.02454	0.01110	0.00794	0.00780	0.06234	0.00210	0.03199	0.00354	0.00346	0.00607
10	0.28134	0.32937	0.06286	0.00921	0.01313	0.10040	0.00848	0.06628	0.02830	0.01773	0.00971	0.01064	0.03387	0.00519	0.00381	0.00140	0.00550	0.00340	0.00295	0.00644
11	0.09514	0.22088	0.13216	0.01044	0.01485	0.03329	0.00997	0.19256	0.06641	0.08824	0.01217	0.01268	0.02482	0.00662	0.02952	0.00167	0.00582	0.00411	0.00371	0.03495

[dist]
# distance from previous block
# <min> <max>
2	15

[block]
# block no. 1 follows, 47 sequences, length 12
# corresponding to MSA columns:
# 82-93
name=unknown_B
#
# <colnr> <probs for GDERKNQSTAVLIFYWHMCP>
#	G	D	E	R	K	N	Q	S	T	A	V	L	I	F	Y	W	H	M	C	P
0	0.10500	0.11631	0.06169	0.01019	0.01404	0.03234	0.00897	0.23290	0.04210	0.20579	0.04658	0.01408	0.01100	0.00612	0.00524	0.00154	0.03957	0.00452	0.02095	0.02106
1	0.00723	0.00514	0.00611	0.00650	0.00691	0.00502	0.00415	0.00840	0.04097	0.01262	0.06483	0.32883	0.07495	0.38662	0.01574	0.00341	0.00395	0.01055	0.00412	0.00395
2	0.01571	0.05811	0.01433	0.12457	0.01703	0.01342	0.00942	0.40889	0.07195	0.04973	0.01316	0.01476	0.00998	0.02927	0.06074	0.00212	0.00604	0.00482	0.06844	0.00750
3	0.00675	0.00530	0.00610	0.00590	0.00740	0.00465	0.00442	0.00862	0.01327	0.01740	0.40869	0.04464	0.42437	0.01195	0.00615	0.00170	0.00255	0.01022	0.00527	0.00465
4	0.01589	0.20622	0.03555	0.04606	0.01593	0.01553	0.03560	0.31513	0.16725	0.04728	0.01308	0.01336	0.00984	0.00584	0.00475	0.00150	0.00542	0.00452	0.03339	0.00785
5	0.00665	0.00543	0.00557	0.00550	0.00723	0.00471	0.00414	0.00851	0.03461	0.01510	0.10312	0.04662	0.66179	0.01241	0.00598	0.00172	0.00266	0.01037	0.05329	0.00457
6	0.00788	0.00637	0.00665	0.00624	0.00820	0.00584	0.00477	0.09927	0.01348	0.01669	0.08887	0.07772	0.61467	0.01234	0.00606	0.00174	0.00302	0.01030	0.00493	0.00496
7	0.01056	0.02615	0.74384	0.01527	0.02282	0.01216	0.06462	0.01650	0.01107	0.01650	0.00942	0.01118	0.00668	0.00491	0.00502	0.00166	0.00776	0.00399	0.00223	0.00766
8	0.01728	0.02074	0.01339	0.01209	0.01459	0.61111	0.00912	0.05842	0.01527	0.01529	0.14869	0.01491	0.01452	0.00637	0.00499	0.00141	0.00794	0.00453	0.00337	0.00598
9	0.00776	0.00572	0.00756	0.00853	0.00975	0.00552	0.00719	0.00981	0.01177	0.01507	0.03257	0.12894	0.17663	0.01434	0.00694	0.00225	0.00421	0.53598	0.00481	0.00466
10	0.01176	0.01474	0.16598	0.17698	0.39325	0.01227	0.11822	0.01565	0.01147	0.01615	0.00971	0.01288	0.00764	0.00477	0.00526	0.00163	0.00697	0.00469	0.00246	0.00750
11	0.01058	0.02613	0.74755	0.01579	0.06461	0.01211	0.01906	0.01646	0.01104	0.01652	0.00937	0.01110	0.00669	0.00493	0.00496	0.00164	0.00761	0.00389	0.00222	0.00773

[dist]
# distance from previous block
# <min> <max>
0	2

[block]
# block no. 2 follows, 47 sequences, length 26
# corresponding to MSA columns:
# 96-121
name=unknown_C
#
# <colnr> <probs for GDERKNQSTAVLIFYWHMCP>
#	G	D	E	R	K	N	Q	S	T	A	V	L	I	F	Y	W	H	M	C	P
0	0.01240	0.40743	0.38462	0.01185	0.01774	0.03477	0.01377	0.01646	0.03121	0.01451	0.00862	0.00991	0.00689	0.00478	0.00418	0.00139	0.00662	0.00338	0.00231	0.00718
1	0.00744	0.00558	0.00837	0.00837	0.00930	0.00651	0.00651	0.00930	0.00837	0.01209	0.01395	0.02046	0.01302	0.03906	0.79635	0.00837	0.01395	0.00558	0.00279	0.00465
2	0.85377	0.01007	0.00765	0.00685	0.01007	0.01168	0.00564	0.01531	0.00886	0.02336	0.00725	0.00846	0.00564	0.00483	0.00322	0.00161	0.00403	0.00282	0.00322	0.00564
3	0.00705	0.00503	0.00685	0.00806	0.00867	0.00484	0.00606	0.00847	0.01066	0.01408	0.02831	0.55399	0.03291	0.01565	0.00683	0.00221	0.00363	0.26745	0.00482	0.00442
4	0.00755	0.00515	0.00619	0.00619	0.00637	0.00533	0.00379	0.00790	0.00772	0.01048	0.01594	0.03148	0.01781	0.66881	0.17314	0.00568	0.00674	0.00719	0.00309	0.00344
5	0.00755	0.00558	0.00709	0.00670	0.00801	0.00526	0.00502	0.01050	0.05095	0.02040	0.69018	0.05828	0.08326	0.01074	0.00612	0.00166	0.00256	0.00946	0.00564	0.00503
6	0.00905	0.00452	0.00678	0.00678	0.00678	0.00452	0.00452	0.00678	0.00678	0.00905	0.00905	0.01583	0.00905	0.01809	0.02035	0.84848	0.00452	0.00452	0.00226	0.00226
7	0.01080	0.00926	0.01080	0.00771	0.01234	0.00694	0.00617	0.01311	0.01080	0.01697	0.00926	0.01080	0.00771	0.00386	0.00386	0.00077	0.00386	0.00309	0.00309	0.84882
8	0.01094	0.00604	0.00617	0.00572	0.00730	0.00623	0.00440	0.10437	0.01258	0.02105	0.01644	0.01857	0.01280	0.00609	0.00383	0.00126	0.00283	0.00483	0.74319	0.00534
9	0.08502	0.01405	0.01489	0.01149	0.01558	0.01553	0.00949	0.68487	0.02296	0.05608	0.01235	0.01235	0.00873	0.00615	0.00506	0.00157	0.00556	0.00456	0.00509	0.00861
10	0.00696	0.00552	0.00660	0.00672	0.03117	0.00490	0.00480	0.00890	0.01329	0.01754	0.41318	0.04341	0.39487	0.01167	0.00612	0.00169	0.00266	0.01002	0.00521	0.00477
11	0.00772	0.00546	0.00617	0.00592	0.00759	0.00476	0.00447	0.00945	0.01276	0.06281	0.25699	0.06860	0.46256	0.01180	0.00599	0.00170	0.00270	0.01001	0.04772	0.00483
12	0.00634	0.00453	0.00604	0.00725	0.00755	0.00423	0.00483	0.00725	0.00997	0.01329	0.02870	0.81358	0.03444	0.01632	0.00665	0.00211	0.00302	0.01480	0.00483	0.00423
13	0.06535	0.00892	0.01186	0.00914	0.01313	0.00786	0.00755	0.02487	0.01460	0.74944	0.01987	0.01726	0.01252	0.00636	0.00514	0.00161	0.00441	0.00511	0.00628	0.00870
14	0.01045	0.02694	0.79000	0.01484	0.02254	0.01209	0.01924	0.01649	0.01099	0.01649	0.00935	0.01099	0.00660	0.00495	0.00495	0.00165	0.00770	0.00385	0.00220	0.00770
15	0.00744	0.00558	0.00837	0.00837	0.00930	0.00651	0.00651	0.00930	0.00837	0.01209	0.01395	0.02046	0.01302	0.03906	0.79635	0.00837	0.01395	0.00558	0.00279	0.00465
16	0.00719	0.00534	0.00671	0.00642	0.00774	0.00486	0.00486	0.00945	0.01416	0.01953	0.63140	0.04147	0.17604	0.01121	0.00618	0.00168	0.00256	0.03283	0.00555	0.00482
17	0.00905	0.00452	0.00678	0.00678	0.00678	0.00452	0.00452	0.00678	0.00678	0.00905	0.00905	0.01583	0.00905	0.01809	0.02035	0.84848	0.00452	0.00452	0.00226	0.00226
18	0.01229	0.01405	0.03073	0.02195	0.02722	0.01317	0.76558	0.01668	0.01229	0.01668	0.01054	0.01405	0.00790	0.00439	0.00615	0.00176	0.00878	0.00615	0.00263	0.00702
19	0.01248	0.01418	0.02849	0.02071	0.02530	0.04426	0.65357	0.01639	0.01192	0.01607	0.01003	0.01357	0.00774	0.00494	0.00728	0.00180	0.09596	0.00586	0.00260	0.00684
20	0.01047	0.00990	0.01677	0.64402	0.19135	0.01174	0.01478	0.01386	0.01071	0.01408	0.00937	0.01368	0.00721	0.00509	0.00520	0.00170	0.00679	0.00463	0.00237	0.00630
21	0.01559	0.01197	0.04677	0.01130	0.01450	0.01229	0.03882	0.35434	0.04222	0.10703	0.01537	0.13927	0.01331	0.00900	0.03190	0.00193	0.08481	0.00636	0.00461	0.03859
22	0.00991	0.00936	0.01564	0.76654	0.03480	0.01178	0.01432	0.01327	0.01030	0.01327	0.00914	0.01376	0.00694	0.00539	0.00578	0.00176	0.04534	0.00462	0.00231	0.00578
23	0.00757	0.00507	0.00577	0.00577	0.00580	0.00510	0.00327	0.00763	0.00760	0.01016	0.01633	0.03363	0.01874	0.79154	0.05169	0.00516	0.00534	0.00751	0.00314	0.00320
24	0.01618	0.01137	0.01327	0.09523	0.01630	0.01250	0.00917	0.32123	0.18517	0.13527	0.04720	0.04524	0.03741	0.00715	0.00559	0.00168	0.02138	0.00576	0.00503	0.00787
25	0.71039	0.02823	0.02385	0.02422	0.01144	0.04168	0.00658	0.03081	0.00969	0.04776	0.00790	0.00910	0.00608	0.00502	0.00373	0.00161	0.01972	0.00305	0.00327	0.00589

[dist]
# distance from previous block
# <min> <max>
0	1

[block]
# block no. 3 follows, 47 sequences, length 51
# corresponding to MSA columns:
# 123-173
name=unknown_D
#
# <colnr> <probs for GDERKNQSTAVLIFYWHMCP>
#	G	D	E	R	K	N	Q	S	T	A	V	L	I	F	Y	W	H	M	C	P
0	0.01770	0.01138	0.01303	0.05903	0.04392	0.05520	0.00881	0.24956	0.08433	0.26303	0.07670	0.01843	0.04632	0.00684	0.00528	0.00160	0.00504	0.00552	0.02041	0.00787
1	0.03216	0.03369	0.01479	0.10459	0.11245	0.08548	0.01030	0.18273	0.25314	0.06738	0.01423	0.01465	0.01064	0.00596	0.00505	0.00159	0.00558	0.00482	0.00423	0.03655
2	0.00763	0.00537	0.00696	0.00658	0.00786	0.00492	0.00493	0.00996	0.01442	0.03739	0.70078	0.06813	0.08362	0.01089	0.00614	0.00166	0.00253	0.00960	0.00567	0.00495
3	0.00700	0.00520	0.00652	0.00643	0.00761	0.00472	0.00473	0.00902	0.01351	0.01853	0.53864	0.15797	0.17697	0.01195	0.00622	0.00173	0.00257	0.01051	0.00544	0.00472
4	0.01045	0.02694	0.79000	0.01484	0.02254	0.01209	0.01924	0.01649	0.01099	0.01649	0.00935	0.01099	0.00660	0.00495	0.00495	0.00165	0.00770	0.00385	0.00220	0.00770
5	0.00634	0.00453	0.00604	0.00725	0.00755	0.00423	0.00483	0.00725	0.00997	0.01329	0.02870	0.81358	0.03444	0.01632	0.00665	0.00211	0.00302	0.01480	0.00483	0.00423
6	0.85377	0.01007	0.00765	0.00685	0.01007	0.01168	0.00564	0.01531	0.00886	0.02336	0.00725	0.00846	0.00564	0.00483	0.00322	0.00161	0.00403	0.00282	0.00322	0.00564
7	0.02317	0.00917	0.01228	0.00941	0.01345	0.00811	0.00778	0.06541	0.01542	0.74734	0.02011	0.01744	0.01267	0.00644	0.00524	0.00161	0.00450	0.00521	0.00638	0.00886
8	0.85377	0.01007	0.00765	0.00685	0.01007	0.01168	0.00564	0.01531	0.00886	0.02336	0.00725	0.00846	0.00564	0.00483	0.00322	0.00161	0.00403	0.00282	0.00322	0.00564
9	0.01295	0.01119	0.01178	0.01060	0.01354	0.01295	0.00824	0.02767	0.77509	0.02178	0.02120	0.01943	0.01590	0.00707	0.00530	0.00177	0.00412	0.00589	0.00530	0.00824
10	0.04831	0.01316	0.01423	0.01102	0.01493	0.01433	0.00908	0.61211	0.02201	0.10810	0.01346	0.01338	0.00947	0.00621	0.00503	0.00154	0.00530	0.00469	0.06517	0.00846
11	0.00634	0.00453	0.00604	0.00725	0.00755	0.00423	0.00483	0.00725	0.00997	0.01329	0.02870	0.81358	0.03444	0.01632	0.00665	0.00211	0.00302	0.01480	0.00483	0.00423
12	0.01080	0.00926	0.01080	0.00771	0.01234	0.00694	0.00617	0.01311	0.01080	0.01697	0.00926	0.01080	0.00771	0.00386	0.00386	0.00077	0.00386	0.00309	0.00309	0.84882
13	0.85377	0.01007	0.00765	0.00685	0.01007	0.01168	0.00564	0.01531	0.00886	0.02336	0.00725	0.00846	0.00564	0.00483	0.00322	0.00161	0.00403	0.00282	0.00322	0.00564
14	0.00644	0.00464	0.00601	0.00700	0.00743	0.00431	0.00469	0.00739	0.01016	0.01348	0.06037	0.68841	0.08467	0.05908	0.00766	0.00223	0.00308	0.01394	0.00478	0.00421
15	0.00795	0.00561	0.00722	0.00673	0.00810	0.00525	0.00508	0.01079	0.04066	0.04051	0.72171	0.03791	0.06164	0.01047	0.00609	0.00164	0.00257	0.00922	0.00572	0.00512
16	0.02336	0.00886	0.01209	0.00927	0.01329	0.00765	0.00765	0.02538	0.01491	0.78810	0.02055	0.01773	0.01289	0.00645	0.00524	0.00161	0.00443	0.00524	0.00645	0.00886
17	0.02336	0.00886	0.01209	0.00927	0.01329	0.00765	0.00765	0.02538	0.01491	0.78810	0.02055	0.01773	0.01289	0.00645	0.00524	0.00161	0.00443	0.00524	0.00645	0.00886
18	0.01325	0.01225	0.02083	0.03119	0.75815	0.01221	0.01570	0.01630	0.01196	0.04335	0.01016	0.01305	0.00841	0.00470	0.00516	0.00155	0.00613	0.00466	0.00271	0.00827
19	0.00778	0.00532	0.00700	0.00676	0.00794	0.00490	0.00500	0.00997	0.01399	0.04701	0.63494	0.16128	0.04551	0.01140	0.00619	0.00171	0.00262	0.01013	0.00562	0.00495
20	0.85377	0.01007	0.00765	0.00685	0.01007	0.01168	0.00564	0.01531	0.00886	0.02336	0.00725	0.00846	0.00564	0.00483	0.00322	0.00161	0.00403	0.00282	0.00322	0.00564
21	0.02251	0.01023	0.01293	0.00991	0.01398	0.00968	0.00819	0.20252	0.01719	0.60773	0.01862	0.01648	0.01193	0.00640	0.00523	0.00160	0.00474	0.00511	0.00615	0.00886
22	0.01520	0.35080	0.04647	0.05108	0.01563	0.23242	0.01003	0.08759	0.01272	0.01452	0.00841	0.01040	0.00728	0.02051	0.02303	0.00160	0.07958	0.00356	0.00267	0.00650
23	0.00730	0.00532	0.00687	0.00648	0.00774	0.00489	0.00486	0.00970	0.01459	0.02052	0.74241	0.03951	0.08871	0.01078	0.00614	0.00164	0.00247	0.00950	0.00568	0.00489
24	0.01114	0.00945	0.01012	0.00923	0.01174	0.01051	0.00713	0.02209	0.55088	0.02057	0.14380	0.02672	0.12754	0.00847	0.00555	0.00175	0.00366	0.00715	0.00530	0.00719
25	0.00646	0.00461	0.00617	0.00738	0.00773	0.00433	0.00503	0.00744	0.01008	0.01342	0.02864	0.77285	0.03420	0.01621	0.00668	0.00213	0.00312	0.05445	0.00483	0.00426
26	0.01295	0.01119	0.01178	0.01060	0.01354	0.01295	0.00824	0.02767	0.77509	0.02178	0.02120	0.01943	0.01590	0.00707	0.00530	0.00177	0.00412	0.00589	0.00530	0.00824
27	0.01392	0.82012	0.02729	0.00891	0.01337	0.02061	0.00891	0.01559	0.01058	0.01225	0.00724	0.00835	0.00668	0.00446	0.00334	0.00111	0.00557	0.00278	0.00223	0.00668
28	0.01358	0.39035	0.03839	0.04268	0.03554	0.14727	0.00911	0.04849	0.01209	0.02595	0.02841	0.01560	0.10521	0.00733	0.03216	0.00161	0.03254	0.00446	0.00293	0.00631
29	0.01938	0.01261	0.04568	0.01165	0.04157	0.01248	0.00947	0.43427	0.01962	0.26056	0.01580	0.06690	0.01166	0.00687	0.00530	0.00162	0.00525	0.00549	0.00535	0.00848
30	0.01563	0.14742	0.03823	0.04205	0.03285	0.23510	0.02354	0.15550	0.07676	0.03388	0.02564	0.03998	0.00995	0.00702	0.02295	0.00169	0.07696	0.00456	0.00343	0.00686
31	0.01188	0.03446	0.01714	0.43085	0.15523	0.11012	0.06013	0.03402	0.01160	0.01450	0.01010	0.03947	0.00835	0.00662	0.03258	0.00188	0.00728	0.00488	0.00260	0.00632
32	0.01059	0.00846	0.02612	0.00907	0.03251	0.00777	0.00680	0.07976	0.12003	0.04929	0.09713	0.27167	0.03776	0.00951	0.00546	0.00159	0.00379	0.00830	0.00455	0.20983
33	0.01070	0.05589	0.70881	0.01511	0.02252	0.01249	0.07044	0.01647	0.01107	0.01635	0.00935	0.01111	0.00669	0.00489	0.00497	0.00164	0.00769	0.00397	0.00223	0.00761
34	0.00734	0.00532	0.00691	0.00652	0.00776	0.00490	0.00489	0.00976	0.01466	0.02069	0.76152	0.03921	0.06948	0.01072	0.00614	0.00164	0.00246	0.00946	0.00571	0.00490
35	0.00657	0.00466	0.00610	0.00712	0.00745	0.00439	0.00475	0.00748	0.00995	0.01330	0.05568	0.67903	0.03319	0.10272	0.00879	0.00242	0.00327	0.03428	0.00469	0.00416
36	0.01423	0.33240	0.19937	0.01284	0.08210	0.08343	0.01180	0.03641	0.07151	0.07965	0.01115	0.01193	0.02176	0.00523	0.00439	0.00141	0.00619	0.00388	0.00300	0.00731
37	0.01857	0.02306	0.01491	0.01341	0.01583	0.68869	0.01021	0.03973	0.01426	0.01326	0.00803	0.00970	0.00678	0.00581	0.00609	0.00145	0.09793	0.00352	0.00271	0.00607
38	0.00778	0.00580	0.00753	0.00840	0.00975	0.00555	0.00717	0.00988	0.01196	0.01517	0.03452	0.05636	0.23741	0.01406	0.00691	0.00222	0.00420	0.54585	0.00481	0.00469
39	0.03462	0.01028	0.01752	0.57525	0.13405	0.01193	0.08693	0.02602	0.02530	0.01488	0.00967	0.01370	0.00737	0.00509	0.00524	0.00171	0.00686	0.00475	0.00251	0.00633
40	0.02694	0.01072	0.01767	0.40043	0.16908	0.01184	0.10400	0.06830	0.03828	0.05808	0.01215	0.01511	0.03351	0.00546	0.00531	0.00168	0.00651	0.00507	0.00303	0.00681
41	0.00896	0.00750	0.01032	0.00897	0.01108	0.00737	0.09002	0.03773	0.13337	0.01906	0.34467	0.06802	0.18323	0.01014	0.00604	0.00174	0.00368	0.03740	0.00505	0.00566
42	0.00984	0.00513	0.00519	0.00511	0.00641	0.00515	0.00385	0.03333	0.01131	0.01954	0.01798	0.03595	0.03258	0.00645	0.00381	0.00125	0.00254	0.00520	0.78443	0.00494
43	0.04350	0.32113	0.25026	0.04853	0.03349	0.08709	0.01225	0.03077	0.02491	0.06810	0.00952	0.01082	0.00746	0.00584	0.02466	0.00159	0.00669	0.00361	0.00272	0.00705
44	0.00643	0.00461	0.00608	0.00720	0.00757	0.00430	0.00485	0.00739	0.01011	0.01344	0.04400	0.74561	0.05420	0.03335	0.00706	0.00217	0.00308	0.02951	0.00482	0.00424
45	0.01945	0.02482	0.01476	0.01342	0.01610	0.79608	0.01006	0.02079	0.01476	0.01275	0.00805	0.00939	0.00671	0.00537	0.00470	0.00134	0.00939	0.00335	0.00268	0.00604
46	0.01467	0.14302	0.03543	0.02284	0.42058	0.21488	0.04398	0.01719	0.01240	0.01515	0.00897	0.01129	0.00756	0.00479	0.00479	0.00144	0.00705	0.00406	0.00254	0.00737
47	0.00867	0.00539	0.00688	0.00699	0.00823	0.00485	0.00505	0.01016	0.01204	0.11177	0.20915	0.39941	0.16513	0.01321	0.00627	0.00188	0.00300	0.01168	0.00525	0.00500
48	0.01558	0.07553	0.10950	0.01859	0.24048	0.28600	0.03128	0.08700	0.05673	0.01684	0.00986	0.01149	0.00788	0.00519	0.00488	0.00148	0.00734	0.00408	0.00294	0.00733
49	0.00971	0.00485	0.00485	0.00485	0.00607	0.00485	0.00364	0.01213	0.01092	0.01942	0.01699	0.01942	0.01335	0.00607	0.00364	0.00121	0.00243	0.00485	0.84589	0.00485
50	0.01379	0.01883	0.21349	0.05718	0.27686	0.19744	0.03094	0.03173	0.07925	0.01639	0.01031	0.01222	0.00808	0.00515	0.00503	0.00156	0.00723	0.00428	0.00278	0.00745

[dist]
# distance from previous block
# <min> <max>
0	4

[block]
# block no. 4 follows, 47 sequences, length 6
# corresponding to MSA columns:
# 178-183
name=unknown_E
#
# <colnr> <probs for GDERKNQSTAVLIFYWHMCP>
#	G	D	E	R	K	N	Q	S	T	A	V	L	I	F	Y	W	H	M	C	P
0	0.01123	0.00840	0.00952	0.00834	0.01065	0.00856	0.00668	0.25578	0.01690	0.02250	0.26835	0.03527	0.21509	0.01026	0.00596	0.00173	0.00382	0.08968	0.00524	0.00606
1	0.01282	0.01039	0.01438	0.03814	0.01522	0.01114	0.11772	0.28731	0.01586	0.02137	0.04694	0.22147	0.01855	0.00964	0.00677	0.00187	0.06167	0.07777	0.00442	0.00656
2	0.48511	0.00842	0.00776	0.09409	0.01192	0.00930	0.00606	0.01254	0.01001	0.01923	0.02228	0.02261	0.25853	0.00759	0.00440	0.00167	0.00390	0.00568	0.00365	0.00525
3	0.00673	0.00475	0.00588	0.00661	0.00691	0.00451	0.00423	0.00737	0.00931	0.01230	0.02626	0.51057	0.07775	0.27665	0.01308	0.00305	0.00366	0.01220	0.00429	0.00389
4	0.01147	0.00950	0.01067	0.01027	0.01265	0.01069	0.00829	0.02218	0.52678	0.01977	0.02327	0.03222	0.02048	0.00945	0.00592	0.00197	0.00434	0.24784	0.00514	0.00712
5	0.00817	0.00453	0.00654	0.00694	0.00703	0.00443	0.00462	0.00694	0.00782	0.01043	0.01544	0.27542	0.01731	0.01751	0.01589	0.57308	0.00403	0.00787	0.00310	0.00290

[dist]
# distance from previous block
# <min> <max>
0	20

[block]
# block no. 5 follows, 47 sequences, length 14
# corresponding to MSA columns:
# 204-217
name=unknown_F
#
# <colnr> <probs for GDERKNQSTAVLIFYWHMCP>
#	G	D	E	R	K	N	Q	S	T	A	V	L	I	F	Y	W	H	M	C	P
0	0.85377	0.01007	0.00765	0.00685	0.01007	0.01168	0.00564	0.01531	0.00886	0.02336	0.00725	0.00846	0.00564	0.00483	0.00322	0.00161	0.00403	0.00282	0.00322	0.00564
1	0.00914	0.08034	0.22512	0.01058	0.02788	0.00891	0.06309	0.01244	0.01242	0.01726	0.30431	0.04736	0.08321	0.04035	0.00642	0.00179	0.00489	0.03462	0.00397	0.00591
2	0.00880	0.00457	0.00665	0.00670	0.00671	0.00456	0.00440	0.00688	0.00699	0.00931	0.01053	0.04910	0.01100	0.09451	0.02040	0.73429	0.00451	0.00522	0.00245	0.00242
3	0.11609	0.60029	0.04489	0.00939	0.01357	0.11625	0.00895	0.01623	0.01091	0.01378	0.00740	0.00857	0.00656	0.00463	0.00354	0.00122	0.00592	0.00289	0.00240	0.00650
4	0.01569	0.07753	0.18270	0.01042	0.01465	0.00992	0.01023	0.03372	0.05787	0.32159	0.05173	0.02128	0.04373	0.00720	0.00555	0.00167	0.02534	0.07635	0.00465	0.02817
5	0.04251	0.04978	0.01606	0.01261	0.06120	0.06528	0.09489	0.22736	0.03372	0.05976	0.01104	0.01244	0.00853	0.01853	0.00529	0.00140	0.01912	0.00425	0.00375	0.25248
6	0.00913	0.00698	0.00858	0.00942	0.08303	0.00676	0.00628	0.01277	0.12973	0.06209	0.11987	0.15062	0.31153	0.03745	0.00663	0.00189	0.00347	0.02333	0.00483	0.00563
7	0.00881	0.00590	0.00660	0.00635	0.00687	0.00603	0.00398	0.08063	0.00966	0.01327	0.01711	0.09645	0.01883	0.60831	0.02100	0.00417	0.00474	0.00769	0.06967	0.00393
8	0.01762	0.27183	0.04311	0.01059	0.01467	0.09333	0.00935	0.30315	0.01686	0.11939	0.01149	0.01178	0.00858	0.00557	0.00449	0.00139	0.00580	0.00400	0.03930	0.00768
9	0.00713	0.00510	0.00661	0.00755	0.00808	0.00491	0.00523	0.04098	0.01065	0.01418	0.02741	0.69514	0.03238	0.04846	0.00743	0.00223	0.00334	0.06400	0.00478	0.00443
10	0.01200	0.01171	0.01577	0.16455	0.13418	0.10777	0.08523	0.01447	0.01082	0.01503	0.01028	0.01379	0.00850	0.00696	0.02710	0.00185	0.19285	0.00467	0.15638	0.00609
11	0.01254	0.00985	0.01225	0.00991	0.04819	0.00878	0.00758	0.04516	0.01144	0.09088	0.01019	0.01170	0.00817	0.00491	0.00579	0.00111	0.10646	0.00362	0.00337	0.58810
12	0.01434	0.09982	0.02072	0.01658	0.10594	0.21357	0.22576	0.03312	0.05852	0.01579	0.00987	0.01192	0.00795	0.00496	0.00536	0.00145	0.03287	0.00442	0.00286	0.11418
13	0.05771	0.00641	0.00710	0.06059	0.01002	0.00628	0.00548	0.01068	0.08482	0.01601	0.12493	0.05763	0.45108	0.03797	0.00656	0.00188	0.00332	0.04190	0.00466	0.00497

[dist]
# distance from previous block
# <min> <max>
1	11

[block]
# block no. 6 follows, 47 sequences, length 8
# corresponding to MSA columns:
# 229-236
name=unknown_G
#
# <colnr> <probs for GDERKNQSTAVLIFYWHMCP>
#	G	D	E	R	K	N	Q	S	T	A	V	L	I	F	Y	W	H	M	C	P
0	0.00666	0.00483	0.00629	0.00692	0.00760	0.00446	0.00481	0.00809	0.01160	0.01577	0.27132	0.52276	0.08091	0.01432	0.00646	0.00194	0.00282	0.01287	0.00512	0.00446
1	0.58259	0.00855	0.00743	0.00675	0.00934	0.00951	0.00541	0.01355	0.01075	0.02257	0.25540	0.01821	0.01958	0.00670	0.00416	0.00162	0.00352	0.00493	0.00403	0.00541
2	0.28942	0.00925	0.01067	0.00849	0.01226	0.00894	0.00701	0.02215	0.01297	0.54309	0.01629	0.01476	0.01057	0.00593	0.00459	0.00161	0.00430	0.00446	0.00541	0.00783
3	0.01580	0.56203	0.02355	0.00989	0.01426	0.01918	0.00923	0.25638	0.01504	0.01884	0.00893	0.00968	0.00738	0.00503	0.00394	0.00126	0.00562	0.00339	0.00318	0.00738
4	0.00704	0.00507	0.00667	0.00678	0.00771	0.00469	0.00489	0.00900	0.01321	0.01845	0.54048	0.28710	0.04443	0.01246	0.00630	0.00179	0.00264	0.01114	0.00544	0.00469
5	0.00647	0.00465	0.00594	0.00692	0.00730	0.00434	0.00458	0.00730	0.00984	0.01299	0.02913	0.66721	0.08929	0.10708	0.00887	0.00242	0.00322	0.01369	0.00464	0.00412
6	0.00744	0.00558	0.00837	0.00837	0.00930	0.00651	0.00651	0.00930	0.00837	0.01209	0.01395	0.02046	0.01302	0.03906	0.79635	0.00837	0.01395	0.00558	0.00279	0.00465
7	0.01128	0.37330	0.11255	0.01010	0.01366	0.01331	0.06608	0.01346	0.01072	0.04066	0.01509	0.26742	0.01588	0.00838	0.00487	0.00157	0.00521	0.00710	0.00324	0.00612

[dist]
# distance from previous block
# <min> <max>
2	29

[block]
# block no. 7 follows, 47 sequences, length 28
# corresponding to MSA columns:
# 266-293
name=unknown_H
#
# <colnr> <probs for GDERKNQSTAVLIFYWHMCP>
#	G	D	E	R	K	N	Q	S	T	A	V	L	I	F	Y	W	H	M	C	P
0	0.01885	0.30763	0.01833	0.01075	0.06192	0.04213	0.00874	0.02108	0.03121	0.40768	0.01453	0.01371	0.01016	0.00558	0.00452	0.00142	0.00514	0.00424	0.00449	0.00790
1	0.00757	0.00505	0.00568	0.00568	0.00568	0.00505	0.00316	0.00757	0.00757	0.01010	0.01641	0.03408	0.01893	0.81698	0.02651	0.00505	0.00505	0.00757	0.00316	0.00316
2	0.01374	0.77872	0.06710	0.00922	0.01384	0.02016	0.00945	0.01564	0.01060	0.01247	0.00735	0.00849	0.00668	0.00448	0.00343	0.00114	0.00568	0.00284	0.00223	0.00674
3	0.01443	0.74695	0.02614	0.00933	0.01362	0.09195	0.00902	0.01607	0.01097	0.01230	0.00731	0.00845	0.00669	0.00454	0.00347	0.00113	0.00592	0.00284	0.00227	0.00662
4	0.00634	0.00453	0.00604	0.00725	0.00755	0.00423	0.00483	0.00725	0.00997	0.01329	0.02870	0.81358	0.03444	0.01632	0.00665	0.00211	0.00302	0.01480	0.00483	0.00423
5	0.00750	0.00502	0.00570	0.00578	0.00579	0.00500	0.00326	0.00755	0.00772	0.01029	0.01716	0.08174	0.01988	0.76802	0.02529	0.00487	0.00492	0.00802	0.00326	0.00322
6	0.02320	0.00912	0.01225	0.00939	0.01342	0.00804	0.00776	0.05928	0.01534	0.75358	0.02018	0.01749	0.01271	0.00644	0.00524	0.00161	0.00449	0.00521	0.00639	0.00886
7	0.01356	0.01131	0.01198	0.01064	0.01367	0.01299	0.00832	0.06621	0.71766	0.04076	0.02073	0.01903	0.01546	0.00701	0.00529	0.00175	0.00421	0.00581	0.00532	0.00829
8	0.00733	0.00532	0.00691	0.00651	0.00776	0.00490	0.00488	0.00975	0.01465	0.02066	0.75795	0.03927	0.07307	0.01073	0.00614	0.00164	0.00246	0.00947	0.00570	0.00490
9	0.01686	0.01145	0.01349	0.01248	0.08278	0.01231	0.00914	0.18122	0.36868	0.20601	0.01820	0.01699	0.01302	0.00653	0.00525	0.00167	0.00472	0.00537	0.00531	0.00852
10	0.00756	0.00511	0.00601	0.00601	0.00612	0.00523	0.00356	0.00778	0.00767	0.01034	0.01611	0.03243	0.01822	0.72285	0.11966	0.00545	0.00613	0.00733	0.00311	0.00334
11	0.00649	0.00459	0.00600	0.00707	0.00734	0.00432	0.00464	0.00729	0.00970	0.01293	0.02730	0.72437	0.03267	0.10795	0.00892	0.00245	0.00325	0.01398	0.00464	0.00411
12	0.00642	0.00457	0.00602	0.00715	0.00743	0.00428	0.00473	0.00727	0.00982	0.01309	0.02791	0.76355	0.03345	0.06771	0.00792	0.00230	0.00315	0.01434	0.00473	0.00416
13	0.01263	0.01456	0.15832	0.08740	0.04338	0.01175	0.38517	0.01658	0.01187	0.10427	0.01230	0.06267	0.00975	0.00572	0.00619	0.00176	0.03959	0.00593	0.00308	0.00705
14	0.12367	0.01933	0.01451	0.03060	0.02882	0.43250	0.02262	0.23122	0.01659	0.01991	0.00931	0.01040	0.00723	0.00552	0.00470	0.00146	0.00756	0.00376	0.00346	0.00683
15	0.01714	0.01380	0.01382	0.06214	0.01600	0.11196	0.00943	0.43477	0.08695	0.04715	0.01399	0.01631	0.01083	0.00663	0.00516	0.00159	0.00578	0.05019	0.06864	0.00770
16	0.01094	0.00942	0.01150	0.02432	0.01325	0.00737	0.02876	0.02975	0.01112	0.01717	0.00974	0.02662	0.00825	0.00420	0.00404	0.00086	0.00409	0.00347	0.00314	0.77201
17	0.55571	0.21997	0.01350	0.00788	0.01151	0.01442	0.00690	0.08831	0.01082	0.02141	0.00776	0.00882	0.00622	0.00487	0.00345	0.00148	0.00459	0.00299	0.00316	0.00622
18	0.02083	0.01251	0.01429	0.01100	0.01509	0.01312	0.00907	0.48923	0.04328	0.29330	0.01554	0.01451	0.01046	0.00634	0.00522	0.00159	0.00523	0.00491	0.00564	0.00884
19	0.00767	0.00574	0.00718	0.00679	0.00818	0.00545	0.00514	0.01088	0.06695	0.02023	0.64887	0.03898	0.10994	0.01070	0.00611	0.00167	0.00264	0.02617	0.00560	0.00510
20	0.00757	0.00505	0.00568	0.00568	0.00568	0.00505	0.00316	0.00757	0.00757	0.01010	0.01641	0.03408	0.01893	0.81698	0.02651	0.00505	0.00505	0.00757	0.00316	0.00316
21	0.00624	0.00529	0.00539	0.00541	0.00714	0.00445	0.00408	0.00761	0.01194	0.01426	0.06897	0.05006	0.74752	0.01316	0.00618	0.00177	0.00269	0.02857	0.00486	0.00442
22	0.01337	0.01109	0.01179	0.01054	0.01353	0.01274	0.00822	0.02758	0.74455	0.05257	0.02117	0.01936	0.01578	0.00704	0.00530	0.00176	0.00413	0.00586	0.00535	0.00827
23	0.01455	0.01146	0.01229	0.01068	0.01386	0.01299	0.00841	0.12176	0.62676	0.07628	0.02004	0.01843	0.01479	0.00692	0.00528	0.00173	0.00435	0.00569	0.00537	0.00836
24	0.00744	0.00558	0.00837	0.00837	0.00930	0.00651	0.00651	0.00930	0.00837	0.01209	0.01395	0.02046	0.01302	0.03906	0.79635	0.00837	0.01395	0.00558	0.00279	0.00465
25	0.01136	0.01338	0.10571	0.01446	0.01576	0.01529	0.07204	0.01331	0.00866	0.01331	0.00742	0.01156	0.00689	0.00826	0.01483	0.00217	0.65265	0.00460	0.00230	0.00603
26	0.01801	0.02207	0.01443	0.01383	0.06469	0.65775	0.00988	0.01958	0.01414	0.01361	0.00868	0.01021	0.00720	0.00526	0.00462	0.00131	0.00850	0.00350	0.04508	0.05765
27	0.00983	0.00926	0.01562	0.80447	0.03587	0.01157	0.01446	0.01331	0.01041	0.01331	0.00926	0.01388	0.00694	0.00521	0.00521	0.00174	0.00694	0.00463	0.00231	0.00579

[dist]
# distance from previous block
# <min> <max>
0	6

[block]
# block no. 8 follows, 47 sequences, length 38
# corresponding to MSA columns:
# 300-337
name=unknown_I
#
# <colnr> <probs for GDERKNQSTAVLIFYWHMCP>
#	G	D	E	R	K	N	Q	S	T	A	V	L	I	F	Y	W	H	M	C	P
0	0.01980	0.01459	0.01563	0.01198	0.01615	0.01615	0.00990	0.76713	0.02448	0.03282	0.01250	0.01250	0.00886	0.00625	0.00521	0.00156	0.00573	0.00469	0.00521	0.00886
1	0.85377	0.01007	0.00765	0.00685	0.01007	0.01168	0.00564	0.01531	0.00886	0.02336	0.00725	0.00846	0.00564	0.00483	0.00322	0.00161	0.00403	0.00282	0.00322	0.00564
2	0.01139	0.01139	0.01595	0.01367	0.01367	0.01595	0.01139	0.01253	0.00798	0.01253	0.00684	0.01139	0.00684	0.00911	0.01709	0.00228	0.80745	0.00456	0.00228	0.00570
3	0.01103	0.01089	0.01587	0.20045	0.01891	0.01492	0.01212	0.01272	0.00855	0.01272	0.00741	0.01198	0.00686	0.00819	0.01428	0.00215	0.61838	0.00457	0.00229	0.00572
4	0.00974	0.00718	0.00882	0.05193	0.01109	0.00747	0.00652	0.18706	0.01337	0.01783	0.02353	0.56280	0.02654	0.03166	0.00668	0.00203	0.00392	0.01169	0.00475	0.00538
5	0.00635	0.00528	0.00554	0.00548	0.00715	0.00448	0.00411	0.00784	0.01232	0.01514	0.16691	0.04836	0.66756	0.01279	0.00615	0.00174	0.00261	0.01074	0.00498	0.00448
6	0.08464	0.02513	0.66540	0.01402	0.02098	0.05501	0.01738	0.03019	0.01126	0.01718	0.00915	0.01071	0.00656	0.00498	0.00479	0.00163	0.00743	0.00375	0.00237	0.00745
7	0.00754	0.00519	0.00640	0.00640	0.00665	0.00544	0.00405	0.00804	0.00779	0.01063	0.01575	0.03043	0.01735	0.60881	0.23251	0.00594	0.00743	0.00704	0.00306	0.00356
8	0.00670	0.00480	0.00630	0.00738	0.00778	0.00455	0.00497	0.02754	0.01036	0.01382	0.02827	0.79219	0.03376	0.01605	0.00661	0.00210	0.00309	0.01453	0.00484	0.00435
9	0.00827	0.00595	0.00822	0.00935	0.01058	0.00591	0.00815	0.01061	0.01198	0.01550	0.02895	0.05827	0.07112	0.01432	0.00714	0.00236	0.00468	0.70906	0.00480	0.00477
10	0.06961	0.00702	0.02685	0.00796	0.02721	0.00626	0.00613	0.01362	0.01395	0.18123	0.49138	0.07346	0.03578	0.00940	0.00573	0.00165	0.00322	0.00814	0.00550	0.00590
11	0.01289	0.01237	0.02114	0.03196	0.78450	0.01237	0.01598	0.01598	0.01186	0.01701	0.00980	0.01289	0.00825	0.00464	0.00516	0.00155	0.00619	0.00464	0.00258	0.00825
12	0.00905	0.00452	0.00678	0.00678	0.00678	0.00452	0.00452	0.00678	0.00678	0.00905	0.00905	0.01583	0.00905	0.01809	0.02035	0.84848	0.00452	0.00452	0.00226	0.00226
13	0.73480	0.01035	0.00910	0.00870	0.05401	0.01179	0.01959	0.04883	0.00984	0.02322	0.00792	0.00924	0.00615	0.00491	0.00348	0.00160	0.00427	0.00311	0.02317	0.00594
14	0.00634	0.00453	0.00604	0.00725	0.00755	0.00423	0.00483	0.00725	0.00997	0.01329	0.02870	0.81358	0.03444	0.01632	0.00665	0.00211	0.00302	0.01480	0.00483	0.00423
15	0.01360	0.01243	0.01965	0.05379	0.56402	0.02573	0.05003	0.11527	0.01350	0.01902	0.01054	0.01323	0.00853	0.00495	0.00512	0.00154	0.00612	0.00471	0.05025	0.00796
16	0.00971	0.00485	0.00485	0.00485	0.00607	0.00485	0.00364	0.01213	0.01092	0.01942	0.01699	0.01942	0.01335	0.00607	0.00364	0.00121	0.00243	0.00485	0.84589	0.00485
17	0.01150	0.00990	0.06809	0.00926	0.01184	0.00921	0.00773	0.15427	0.17461	0.05119	0.23737	0.15463	0.04699	0.00955	0.00577	0.00174	0.00402	0.02063	0.00512	0.00657
18	0.01270	0.01216	0.02022	0.06970	0.59342	0.01246	0.06341	0.01743	0.11289	0.01743	0.01132	0.01388	0.00917	0.00498	0.00524	0.00160	0.00612	0.00490	0.00293	0.00804
19	0.00632	0.00464	0.00593	0.00695	0.00747	0.00426	0.00470	0.00728	0.01026	0.01341	0.03235	0.69790	0.14777	0.01584	0.00657	0.00206	0.00296	0.01423	0.00483	0.00426
20	0.00662	0.00492	0.00641	0.03153	0.00840	0.00460	0.00503	0.00794	0.01111	0.01479	0.16977	0.54527	0.13535	0.01451	0.00644	0.00197	0.00299	0.01299	0.00492	0.00443
21	0.01392	0.82012	0.02729	0.00891	0.01337	0.02061	0.00891	0.01559	0.01058	0.01225	0.00724	0.00835	0.00668	0.00446	0.00334	0.00111	0.00557	0.00278	0.00223	0.00668
22	0.48856	0.00868	0.00834	0.00724	0.01013	0.00926	0.00585	0.01591	0.01145	0.16948	0.19820	0.01764	0.01761	0.00656	0.00432	0.00162	0.00372	0.00489	0.00445	0.00608
23	0.01006	0.00651	0.00742	0.00680	0.00767	0.00672	0.00449	0.10938	0.01040	0.05080	0.01597	0.02879	0.01664	0.57826	0.06813	0.00441	0.00550	0.00681	0.05086	0.00437
24	0.01749	0.09704	0.01616	0.01142	0.01488	0.01575	0.00958	0.52147	0.03173	0.04220	0.01175	0.01252	0.00880	0.00645	0.00651	0.00160	0.11166	0.00451	0.05052	0.00798
25	0.00765	0.00502	0.00555	0.00562	0.00596	0.00492	0.00339	0.00815	0.00856	0.01189	0.02066	0.07625	0.09259	0.58843	0.02043	0.00406	0.00436	0.00794	0.11502	0.00356
26	0.00797	0.00599	0.00764	0.00848	0.00952	0.00605	0.00657	0.01128	0.11213	0.01530	0.02836	0.39405	0.06369	0.01423	0.00665	0.00216	0.00381	0.28626	0.00488	0.00498
27	0.12244	0.00936	0.01038	0.00760	0.01204	0.00757	0.00610	0.01340	0.01054	0.01782	0.00899	0.01049	0.00744	0.00399	0.00377	0.00088	0.00388	0.00305	0.00310	0.73715
28	0.01625	0.01153	0.01294	0.01021	0.01360	0.01217	0.00824	0.45771	0.01945	0.08164	0.11529	0.04740	0.01574	0.04321	0.00647	0.00169	0.02302	0.00570	0.00498	0.09276
29	0.12398	0.07766	0.01278	0.03239	0.01251	0.02537	0.03176	0.16391	0.01256	0.01923	0.01200	0.05875	0.01053	0.02799	0.06564	0.01695	0.13820	0.00501	0.14672	0.00603
30	0.01200	0.01143	0.01904	0.02843	0.68153	0.01132	0.01439	0.01486	0.01186	0.01662	0.01549	0.01782	0.11077	0.00577	0.00529	0.00157	0.00572	0.00548	0.00288	0.00774
31	0.03252	0.00862	0.01186	0.00971	0.01293	0.00801	0.04971	0.03507	0.08679	0.48055	0.03407	0.16167	0.01743	0.00832	0.00556	0.00174	0.00438	0.01766	0.00572	0.00769
32	0.01708	0.02232	0.01272	0.02799	0.01384	0.01160	0.00822	0.40795	0.01858	0.16904	0.01669	0.14135	0.01391	0.00777	0.00527	0.00161	0.00480	0.00635	0.06596	0.02696
33	0.25146	0.01278	0.03000	0.03515	0.02970	0.08814	0.02576	0.23793	0.03382	0.12066	0.04343	0.04608	0.01097	0.00627	0.00472	0.00160	0.00532	0.00476	0.00430	0.00714
34	0.00662	0.00488	0.00616	0.00697	0.00740	0.00467	0.00468	0.00746	0.00983	0.01295	0.02947	0.59460	0.12411	0.12178	0.00949	0.00246	0.02467	0.01310	0.00454	0.00415
35	0.03821	0.01348	0.01775	0.11851	0.02012	0.04543	0.15107	0.40248	0.01808	0.02423	0.01287	0.01436	0.04264	0.00616	0.00600	0.00166	0.05027	0.00512	0.00402	0.00754
36	0.63365	0.01130	0.00920	0.00808	0.01132	0.04958	0.00655	0.07943	0.11191	0.02343	0.00957	0.01029	0.00732	0.00527	0.00373	0.00162	0.00444	0.00341	0.00364	0.00627
37	0.01763	0.01992	0.01393	0.01238	0.01509	0.52362	0.00948	0.14681	0.04948	0.01648	0.01018	0.01184	0.00832	0.01005	0.10965	0.00233	0.00914	0.00399	0.00324	0.00643

[dist]
# distance from previous block
# <min> <max>
0	20

[block]
# block no. 9 follows, 47 sequences, length 8
# corresponding to MSA columns:
# 358-361,365-368
name=unknown_J
#
# <colnr> <probs for GDERKNQSTAVLIFYWHMCP>
#	G	D	E	R	K	N	Q	S	T	A	V	L	I	F	Y	W	H	M	C	P
0	0.00660	0.00523	0.00576	0.00572	0.00710	0.00458	0.00415	0.00803	0.01202	0.01525	0.22169	0.08572	0.49109	0.09415	0.00824	0.00208	0.00286	0.01047	0.00488	0.00439
1	0.01047	0.01375	0.14970	0.01704	0.02144	0.01072	0.44893	0.01425	0.01149	0.01579	0.01496	0.21695	0.01444	0.00752	0.00608	0.00183	0.00714	0.00797	0.00312	0.00642
2	0.00654	0.00468	0.00592	0.00682	0.00718	0.00439	0.00447	0.00733	0.00970	0.01280	0.02847	0.61655	0.09125	0.15604	0.01008	0.00260	0.00335	0.01324	0.00454	0.00406
3	0.01353	0.00688	0.00891	0.00760	0.01001	0.00620	0.00598	0.01616	0.04288	0.31140	0.39065	0.03127	0.10840	0.00918	0.00577	0.00164	0.00329	0.00786	0.00590	0.00648
4	0.00991	0.02316	0.65310	0.01339	0.01996	0.01084	0.01674	0.01533	0.01165	0.01726	0.14438	0.01587	0.01403	0.00594	0.00516	0.00165	0.00678	0.00482	0.00282	0.00721
5	0.00666	0.00529	0.00600	0.00596	0.00746	0.00463	0.00449	0.00840	0.01278	0.01641	0.29852	0.07632	0.47426	0.01249	0.00621	0.00176	0.00268	0.03996	0.00514	0.00458
6	0.01208	0.00997	0.03209	0.05224	0.20372	0.00937	0.14187	0.01558	0.04972	0.12010	0.18724	0.02421	0.08410	0.00730	0.00570	0.00167	0.00521	0.02683	0.00416	0.00683
7	0.01085	0.00794	0.00928	0.00869	0.01040	0.00817	0.00644	0.24928	0.01475	0.01987	0.05657	0.47274	0.02560	0.03783	0.00671	0.00197	0.00395	0.01073	0.00488	0.03336

[dist]
# distance from previous block
# <min> <max>
0	104

# created by:
# /st0/software/busco_prod/Augustus/scripts/msa2prfl.pl ./align_prep/159342.fa
