[name]
unknown

[dist]
# distance from previous block
# <min> <max>
0	100

[block]
# block no. 0 follows, 48 sequences, length 23
# corresponding to MSA columns:
# 115-137
name=unknown_A
#
# <colnr> <probs for GDERKNQSTAVLIFYWHMCP>
#	G	D	E	R	K	N	Q	S	T	A	V	L	I	F	Y	W	H	M	C	P
0	0.08528	0.04231	0.09156	0.06915	0.17990	0.02804	0.08784	0.13115	0.02524	0.04368	0.08502	0.01803	0.01328	0.00630	0.00532	0.00164	0.01551	0.06021	0.00355	0.00699
1	0.09726	0.05407	0.07300	0.14225	0.07952	0.07712	0.02153	0.03764	0.05205	0.08292	0.02602	0.04782	0.00993	0.00591	0.00515	0.01900	0.01781	0.00454	0.00329	0.14315
2	0.16769	0.22172	0.03312	0.07837	0.04766	0.17438	0.03436	0.06617	0.08772	0.03041	0.00963	0.01084	0.00766	0.00512	0.00424	0.00143	0.00611	0.00369	0.00306	0.00662
3	0.22239	0.11358	0.01451	0.07473	0.17473	0.05493	0.00924	0.04279	0.03235	0.11711	0.01096	0.01370	0.00893	0.08235	0.00637	0.00183	0.00532	0.00421	0.00335	0.00661
4	0.03399	0.00883	0.01055	0.00878	0.01189	0.00872	0.00701	0.04657	0.22611	0.34185	0.11657	0.02179	0.06162	0.00727	0.00520	0.00160	0.00389	0.00602	0.03331	0.03845
5	0.43049	0.01177	0.10729	0.00872	0.01257	0.01055	0.00799	0.06850	0.02293	0.21833	0.01200	0.03154	0.00882	0.02265	0.00462	0.00167	0.00463	0.00407	0.00406	0.00679
6	0.01294	0.00776	0.01934	0.00941	0.04409	0.00713	0.03623	0.03055	0.07560	0.22420	0.13401	0.08255	0.07891	0.02674	0.00814	0.13151	0.00411	0.00678	0.00463	0.05535
7	0.00732	0.00495	0.00581	0.00606	0.00617	0.00491	0.00366	0.00760	0.00807	0.01074	0.01865	0.15406	0.02161	0.65067	0.02203	0.00438	0.00466	0.05183	0.00345	0.00336
8	0.00746	0.00500	0.00571	0.00571	0.00575	0.00504	0.00325	0.00754	0.00750	0.01003	0.01606	0.03299	0.01840	0.78554	0.05990	0.00512	0.00536	0.00738	0.00309	0.00317
9	0.09097	0.00707	0.00842	0.00804	0.00974	0.00717	0.00617	0.09152	0.03945	0.10531	0.12760	0.24201	0.02497	0.05996	0.00765	0.03914	0.00389	0.11071	0.00476	0.00545
10	0.02087	0.00900	0.01174	0.00922	0.01286	0.00824	0.00752	0.11445	0.01551	0.61703	0.04889	0.07106	0.01499	0.00714	0.00528	0.00162	0.00436	0.00588	0.00607	0.00828
11	0.01129	0.00951	0.01036	0.00975	0.01212	0.01074	0.00757	0.02248	0.58277	0.01957	0.02349	0.12347	0.04627	0.00900	0.00559	0.00184	0.00394	0.07796	0.00510	0.00717
12	0.00644	0.00460	0.00617	0.00736	0.00774	0.00433	0.00510	0.00748	0.01001	0.01331	0.02817	0.74438	0.03352	0.01589	0.00660	0.00211	0.00314	0.08464	0.00476	0.00422
13	0.00783	0.00514	0.00667	0.00681	0.00782	0.00471	0.00487	0.00943	0.01218	0.06824	0.34760	0.35806	0.08854	0.03929	0.00686	0.00192	0.00288	0.01123	0.00519	0.00473
14	0.00674	0.00492	0.00642	0.00732	0.00806	0.00461	0.00539	0.00813	0.01090	0.01436	0.10262	0.49674	0.12305	0.01479	0.00656	0.00205	0.00324	0.16491	0.00484	0.00437
15	0.00891	0.00446	0.00668	0.00668	0.00668	0.00446	0.00446	0.00668	0.00668	0.00891	0.00891	0.01560	0.00891	0.01783	0.02005	0.85071	0.00446	0.00446	0.00223	0.00223
16	0.11446	0.00768	0.00875	0.00794	0.00995	0.00784	0.00601	0.11249	0.05735	0.14004	0.11740	0.21825	0.04102	0.10377	0.00786	0.00213	0.00391	0.02248	0.00481	0.00586
17	0.04541	0.00594	0.00738	0.00694	0.00845	0.00559	0.00521	0.03114	0.01334	0.10082	0.44347	0.15402	0.08840	0.03960	0.00662	0.00182	0.00301	0.02236	0.00530	0.00519
18	0.01730	0.01207	0.01338	0.01055	0.01403	0.01301	0.00859	0.55930	0.02128	0.08994	0.13852	0.04750	0.01642	0.00725	0.00534	0.00158	0.00492	0.00580	0.00530	0.00792
19	0.00703	0.00512	0.00661	0.00648	0.00758	0.00470	0.00477	0.00914	0.01361	0.01899	0.62064	0.15952	0.09358	0.01152	0.00613	0.00169	0.00252	0.01020	0.00545	0.00470
20	0.16678	0.00698	0.00796	0.00737	0.00926	0.00698	0.00554	0.05383	0.01165	0.16802	0.10563	0.24428	0.03738	0.05921	0.00724	0.04387	0.00367	0.00802	0.04081	0.00550
21	0.00881	0.00580	0.00678	0.00641	0.00688	0.00592	0.00406	0.07987	0.00940	0.01262	0.06611	0.02913	0.01821	0.56570	0.02186	0.13383	0.00479	0.00685	0.00334	0.00362
22	0.01012	0.02146	0.56688	0.01508	0.06485	0.01100	0.08601	0.01498	0.01068	0.01562	0.01113	0.06677	0.00945	0.06578	0.00668	0.00191	0.00709	0.00504	0.00247	0.00699

[dist]
# distance from previous block
# <min> <max>
1	2

[block]
# block no. 1 follows, 48 sequences, length 28
# corresponding to MSA columns:
# 140-167
name=unknown_B
#
# <colnr> <probs for GDERKNQSTAVLIFYWHMCP>
#	G	D	E	R	K	N	Q	S	T	A	V	L	I	F	Y	W	H	M	C	P
0	0.00887	0.00577	0.00748	0.00817	0.06686	0.00555	0.00494	0.00960	0.00968	0.07018	0.11953	0.11309	0.06557	0.41163	0.01677	0.05584	0.00431	0.00806	0.00385	0.00426
1	0.03718	0.06841	0.07488	0.09141	0.04950	0.51154	0.01103	0.01900	0.05069	0.01373	0.00876	0.01039	0.00710	0.00529	0.00484	0.00142	0.02226	0.00361	0.00267	0.00627
2	0.28690	0.01194	0.01428	0.12238	0.20528	0.09929	0.05668	0.03082	0.01090	0.01775	0.01001	0.07216	0.00887	0.00580	0.00489	0.00162	0.02649	0.00470	0.00294	0.00629
3	0.01078	0.01067	0.01598	0.65302	0.12432	0.07202	0.01410	0.01399	0.01076	0.01351	0.00909	0.01322	0.00698	0.00507	0.00509	0.00166	0.00694	0.00446	0.00234	0.00601
4	0.01268	0.01018	0.01325	0.16005	0.13200	0.01132	0.00990	0.07901	0.31676	0.06628	0.01641	0.01821	0.03223	0.06322	0.00713	0.02962	0.00506	0.00546	0.00409	0.00712
5	0.01095	0.03803	0.58333	0.11675	0.03989	0.06074	0.04823	0.01609	0.01105	0.01556	0.00914	0.01122	0.00664	0.00490	0.00492	0.00161	0.00756	0.00395	0.00224	0.00721
6	0.00631	0.00451	0.00602	0.00721	0.00754	0.00422	0.00487	0.00725	0.00988	0.01317	0.02825	0.79323	0.03380	0.01602	0.00657	0.00209	0.00303	0.03708	0.00476	0.00418
7	0.00920	0.00553	0.00725	0.00734	0.00833	0.00529	0.00525	0.04077	0.01083	0.09792	0.08425	0.39212	0.06646	0.05686	0.04359	0.12008	0.00399	0.02584	0.00449	0.00462
8	0.01285	0.00986	0.01231	0.00973	0.01299	0.04015	0.06544	0.13171	0.04424	0.08265	0.03099	0.01494	0.01058	0.02983	0.11084	0.07915	0.00609	0.00453	0.00364	0.28749
9	0.00743	0.00532	0.00642	0.00616	0.00762	0.00473	0.00461	0.00934	0.01325	0.04941	0.44857	0.08881	0.30638	0.01154	0.00605	0.00168	0.00260	0.00998	0.00531	0.00478
10	0.00851	0.00551	0.00660	0.00629	0.00779	0.00490	0.00463	0.01008	0.01232	0.10318	0.27601	0.12519	0.30766	0.08865	0.00792	0.00203	0.00301	0.00979	0.00507	0.00486
11	0.06368	0.00773	0.00998	0.00828	0.01114	0.00719	0.00657	0.03845	0.01289	0.47996	0.03236	0.09537	0.01528	0.06164	0.07625	0.00241	0.00496	0.00615	0.05260	0.00711
12	0.76271	0.00999	0.00815	0.00711	0.01038	0.01136	0.00586	0.04222	0.00973	0.08238	0.00833	0.00918	0.00622	0.00493	0.00340	0.00159	0.00406	0.00303	0.00349	0.00591
13	0.10045	0.00698	0.00766	0.00691	0.00822	0.00729	0.00484	0.10372	0.02181	0.06918	0.04620	0.02470	0.01568	0.40553	0.03710	0.05591	0.00481	0.00608	0.06225	0.00469
14	0.03072	0.00634	0.00735	0.00661	0.00835	0.00604	0.00494	0.06179	0.01246	0.14100	0.16430	0.05240	0.16944	0.13534	0.00879	0.01988	0.00347	0.00746	0.14802	0.00528
15	0.00741	0.00495	0.00561	0.00566	0.00567	0.00494	0.00317	0.00745	0.00756	0.01007	0.01665	0.06469	0.01926	0.78773	0.02534	0.00486	0.00490	0.00774	0.00317	0.00315
16	0.00741	0.00520	0.00673	0.00673	0.00712	0.00559	0.00452	0.00819	0.00780	0.01079	0.01513	0.02784	0.01616	0.48539	0.35699	0.00637	0.00873	0.00662	0.00295	0.00374
17	0.01186	0.01560	0.13607	0.02066	0.02618	0.01283	0.66500	0.01641	0.01193	0.01641	0.01022	0.01342	0.00761	0.00440	0.00589	0.00172	0.00850	0.00574	0.00254	0.00701
18	0.09055	0.00899	0.00990	0.00867	0.01120	0.00945	0.00675	0.16466	0.15845	0.13706	0.02212	0.12055	0.10420	0.08575	0.00732	0.00204	0.00422	0.03671	0.00486	0.00657
19	0.01841	0.00845	0.01081	0.00869	0.01183	0.00786	0.00698	0.10157	0.02775	0.49271	0.10301	0.02225	0.02983	0.07605	0.00706	0.00189	0.00427	0.02646	0.02656	0.00754
20	0.01918	0.02415	0.01457	0.01318	0.01586	0.77540	0.00991	0.04316	0.01483	0.01316	0.00806	0.00935	0.00667	0.00531	0.00464	0.00133	0.00914	0.00334	0.00272	0.00603
21	0.03136	0.00728	0.00985	0.07061	0.05916	0.00763	0.00694	0.10884	0.03298	0.08158	0.01117	0.01516	0.00938	0.01221	0.01297	0.45522	0.00474	0.00457	0.05370	0.00466
22	0.01144	0.00664	0.00840	0.00752	0.00947	0.00628	0.00576	0.03574	0.07271	0.19479	0.39064	0.12112	0.07207	0.02614	0.00622	0.00174	0.00321	0.00859	0.00556	0.00595
23	0.00674	0.00503	0.00583	0.00595	0.00707	0.00453	0.00424	0.00821	0.01168	0.01550	0.24868	0.19402	0.32035	0.08787	0.00791	0.00204	0.00283	0.01052	0.04665	0.00435
24	0.06393	0.07243	0.01558	0.59566	0.02946	0.03309	0.01259	0.06044	0.01116	0.01496	0.00901	0.01261	0.00688	0.00507	0.00480	0.00160	0.00643	0.00422	0.00254	0.03754
25	0.02384	0.00820	0.01029	0.04882	0.08844	0.02628	0.00718	0.11234	0.03223	0.09433	0.04703	0.11804	0.01700	0.24445	0.09587	0.00332	0.00585	0.00694	0.00392	0.00563
26	0.04585	0.00730	0.00873	0.02610	0.00979	0.00767	0.00583	0.14956	0.02241	0.07199	0.06283	0.09732	0.01695	0.23207	0.08976	0.11156	0.00544	0.00666	0.01715	0.00503
27	0.00745	0.00548	0.00687	0.00670	0.00790	0.00505	0.00488	0.02670	0.01269	0.01758	0.42983	0.21491	0.09102	0.07152	0.00753	0.00195	0.00294	0.02420	0.00503	0.04979

[dist]
# distance from previous block
# <min> <max>
0	13

[block]
# block no. 2 follows, 48 sequences, length 32
# corresponding to MSA columns:
# 181-212
name=unknown_C
#
# <colnr> <probs for GDERKNQSTAVLIFYWHMCP>
#	G	D	E	R	K	N	Q	S	T	A	V	L	I	F	Y	W	H	M	C	P
0	0.01137	0.01041	0.01509	0.43455	0.10998	0.03479	0.01243	0.08857	0.04722	0.01634	0.07077	0.01522	0.01083	0.00603	0.00629	0.00169	0.08281	0.00493	0.00301	0.01766
1	0.01248	0.54161	0.07140	0.00903	0.01305	0.05052	0.00877	0.01452	0.01079	0.01339	0.06727	0.01188	0.01034	0.00756	0.06630	0.00171	0.00606	0.00358	0.00259	0.07714
2	0.01217	0.05976	0.01253	0.02379	0.01301	0.00906	0.00718	0.04169	0.01114	0.07738	0.00974	0.01121	0.00788	0.00468	0.00530	0.00105	0.08752	0.00343	0.00323	0.59823
3	0.00828	0.13806	0.00992	0.00764	0.00888	0.00752	0.00570	0.05565	0.01086	0.01414	0.02453	0.61363	0.04923	0.01348	0.00592	0.00188	0.00354	0.01194	0.00437	0.00485
4	0.00770	0.00519	0.00586	0.00583	0.00595	0.00521	0.00336	0.02666	0.00800	0.01067	0.01669	0.07296	0.01918	0.75821	0.02459	0.00474	0.00489	0.00775	0.00324	0.00330
5	0.00754	0.00562	0.00707	0.00684	0.00808	0.00539	0.00507	0.01072	0.07781	0.01935	0.58782	0.14636	0.07061	0.01107	0.00605	0.00169	0.00264	0.00979	0.00546	0.00500
6	0.01917	0.02445	0.01454	0.01322	0.01586	0.79907	0.00991	0.02049	0.01454	0.01256	0.00793	0.00925	0.00661	0.00529	0.00463	0.00132	0.00925	0.00330	0.00264	0.00595
7	0.01220	0.01053	0.01107	0.01000	0.01280	0.01206	0.00777	0.02560	0.71411	0.02083	0.02349	0.02168	0.08022	0.00747	0.00529	0.00174	0.00394	0.00622	0.00518	0.00780
8	0.08885	0.01135	0.01246	0.00982	0.01339	0.01205	0.00805	0.42166	0.03115	0.19896	0.03569	0.01474	0.01106	0.00620	0.00483	0.00152	0.00474	0.00475	0.10086	0.00790
9	0.00726	0.00524	0.00686	0.00646	0.00767	0.00484	0.00484	0.00968	0.01452	0.02058	0.78496	0.03833	0.04841	0.01049	0.00605	0.00161	0.00242	0.00928	0.00565	0.00484
10	0.01951	0.01437	0.01540	0.01181	0.01591	0.01591	0.00975	0.77056	0.02412	0.03234	0.01232	0.01232	0.00873	0.00616	0.00513	0.00154	0.00565	0.00462	0.00513	0.00873
11	0.00625	0.00447	0.00595	0.00714	0.00744	0.00417	0.00476	0.00714	0.00982	0.01310	0.02828	0.81633	0.03394	0.01608	0.00655	0.00208	0.00298	0.01459	0.00476	0.00417
12	0.00632	0.00459	0.00596	0.00693	0.00742	0.00423	0.00470	0.00736	0.01035	0.01375	0.08973	0.69194	0.09703	0.01538	0.00647	0.00202	0.00290	0.01386	0.00483	0.00423
13	0.01123	0.01123	0.01572	0.01347	0.01347	0.01572	0.01123	0.01235	0.00786	0.01235	0.00674	0.01123	0.00674	0.00898	0.01684	0.00225	0.81028	0.00449	0.00225	0.00561
14	0.01963	0.01418	0.01528	0.01171	0.01581	0.01562	0.00968	0.74456	0.02380	0.05880	0.01260	0.01250	0.00886	0.00617	0.00513	0.00154	0.00560	0.00464	0.00518	0.00873
15	0.01434	0.01058	0.01157	0.00980	0.01272	0.01145	0.00778	0.33517	0.20128	0.06417	0.02192	0.11677	0.10741	0.02454	0.00590	0.00177	0.00448	0.02599	0.00508	0.00730
16	0.00804	0.00574	0.00675	0.00669	0.00814	0.00535	0.00491	0.01066	0.07889	0.06379	0.20585	0.23983	0.29485	0.02860	0.00646	0.00185	0.00294	0.01059	0.00507	0.00498
17	0.01164	0.00914	0.00995	0.00897	0.01152	0.00997	0.00696	0.02152	0.49888	0.07259	0.13317	0.02646	0.14062	0.00836	0.00547	0.00171	0.00362	0.00703	0.00529	0.00711
18	0.01907	0.01408	0.01509	0.01164	0.01562	0.01560	0.00957	0.73396	0.04466	0.03157	0.01264	0.01295	0.00913	0.02326	0.00558	0.00162	0.00559	0.00471	0.00509	0.00859
19	0.01452	0.00761	0.00942	0.00819	0.01073	0.00724	0.00638	0.05315	0.10937	0.32395	0.10000	0.16916	0.10957	0.00936	0.00556	0.00170	0.00367	0.00798	0.03565	0.00679
20	0.01822	0.01275	0.01396	0.01096	0.01458	0.01387	0.00890	0.61971	0.02155	0.08894	0.01436	0.07685	0.01144	0.04190	0.00615	0.00173	0.00531	0.00557	0.00511	0.00813
21	0.00794	0.00539	0.00708	0.00657	0.00790	0.00496	0.00496	0.01034	0.01453	0.05368	0.75211	0.03743	0.04688	0.01031	0.00601	0.00161	0.00250	0.00910	0.00568	0.00501
22	0.07806	0.00554	0.00649	0.00642	0.00778	0.00524	0.00482	0.00931	0.01265	0.01806	0.42362	0.14824	0.20211	0.01149	0.00593	0.00173	0.00276	0.03995	0.00509	0.00469
23	0.07646	0.00634	0.00717	0.00673	0.00777	0.00639	0.00456	0.05718	0.00992	0.09543	0.03318	0.09597	0.03108	0.49285	0.01773	0.00368	0.00460	0.03466	0.00386	0.00444
24	0.00655	0.00507	0.00550	0.00561	0.00703	0.00442	0.00413	0.00805	0.01175	0.01514	0.14918	0.15297	0.51121	0.01249	0.00592	0.00172	0.00261	0.01063	0.07561	0.00442
25	0.00651	0.00466	0.00623	0.00726	0.00772	0.00437	0.00505	0.00767	0.01044	0.01401	0.10287	0.67991	0.03502	0.01537	0.00654	0.00206	0.00306	0.07213	0.00485	0.00428
26	0.00838	0.00550	0.00698	0.00677	0.00800	0.00512	0.00494	0.02534	0.01266	0.07619	0.38419	0.21266	0.11363	0.07637	0.02787	0.00216	0.00327	0.00999	0.00513	0.00487
27	0.01551	0.06809	0.01501	0.07912	0.10710	0.46465	0.01018	0.01734	0.01324	0.01396	0.07452	0.01361	0.02728	0.00586	0.00509	0.00142	0.02958	0.00426	0.02812	0.00605
28	0.01122	0.01729	0.26866	0.05606	0.02509	0.01226	0.47078	0.01590	0.01154	0.01610	0.01058	0.04087	0.00825	0.00495	0.00566	0.00171	0.00803	0.00557	0.00252	0.00698
29	0.01003	0.00558	0.00765	0.00740	0.00803	0.00578	0.00531	0.03345	0.00895	0.07320	0.01424	0.16475	0.01422	0.01504	0.03235	0.44622	0.05401	0.00646	0.08352	0.00381
30	0.00872	0.00737	0.00966	0.11893	0.07379	0.04094	0.00787	0.03429	0.01097	0.01420	0.03302	0.26539	0.12239	0.01401	0.07324	0.03350	0.01779	0.10506	0.00388	0.00500
31	0.04610	0.01109	0.06063	0.11127	0.12520	0.06632	0.02188	0.08832	0.02499	0.10397	0.13410	0.03517	0.13462	0.00747	0.00532	0.00161	0.00506	0.00630	0.00408	0.00650

[dist]
# distance from previous block
# <min> <max>
3	9

[block]
# block no. 3 follows, 48 sequences, length 42
# corresponding to MSA columns:
# 222-263
name=unknown_D
#
# <colnr> <probs for GDERKNQSTAVLIFYWHMCP>
#	G	D	E	R	K	N	Q	S	T	A	V	L	I	F	Y	W	H	M	C	P
0	0.18415	0.03456	0.14492	0.09341	0.16768	0.09599	0.05479	0.04309	0.02311	0.03081	0.00902	0.01124	0.00709	0.00527	0.00562	0.00162	0.07410	0.00401	0.00276	0.00676
1	0.00798	0.00578	0.00790	0.00898	0.01016	0.00569	0.00773	0.01019	0.01171	0.01512	0.02936	0.09245	0.09483	0.01416	0.00697	0.00230	0.00446	0.65484	0.00473	0.00466
2	0.00737	0.00487	0.00572	0.00589	0.00593	0.00482	0.00343	0.00737	0.00776	0.01035	0.01750	0.14727	0.02030	0.65264	0.02287	0.05642	0.00465	0.00832	0.00330	0.00321
3	0.01153	0.18054	0.53292	0.06205	0.02094	0.01380	0.03002	0.06259	0.01156	0.01624	0.00901	0.01065	0.00670	0.00486	0.00462	0.00152	0.00703	0.00373	0.00237	0.00733
4	0.01101	0.01086	0.01513	0.01302	0.01302	0.01510	0.01076	0.01207	0.00784	0.01221	0.00728	0.01252	0.00742	0.05579	0.01737	0.00240	0.76379	0.00466	0.00230	0.00547
5	0.01613	0.06798	0.24939	0.01279	0.03249	0.03569	0.01249	0.40884	0.03080	0.05406	0.01125	0.01184	0.00809	0.00568	0.00512	0.00155	0.01952	0.00426	0.00394	0.00810
6	0.01147	0.01560	0.20187	0.03657	0.03530	0.01185	0.42780	0.05901	0.01276	0.01775	0.10564	0.01606	0.01253	0.00534	0.00569	0.00168	0.00738	0.00579	0.00301	0.00691
7	0.00625	0.00447	0.00595	0.00714	0.00744	0.00417	0.00476	0.00714	0.00982	0.01310	0.02828	0.81633	0.03394	0.01608	0.00655	0.00208	0.00298	0.01459	0.00476	0.00417
8	0.00766	0.00556	0.00699	0.00669	0.00766	0.00555	0.00478	0.01013	0.05880	0.01686	0.44782	0.03375	0.03448	0.22203	0.10608	0.00328	0.00453	0.00815	0.00462	0.00457
9	0.38527	0.06268	0.20427	0.02887	0.03456	0.06113	0.05686	0.05967	0.01107	0.04099	0.00866	0.01004	0.00652	0.00490	0.00412	0.00156	0.00578	0.00351	0.00297	0.00656
10	0.38980	0.01110	0.01128	0.05646	0.06040	0.07073	0.00818	0.06776	0.01070	0.05895	0.02759	0.01135	0.00789	0.00658	0.00694	0.05424	0.12711	0.00381	0.00321	0.00592
11	0.01488	0.01150	0.01237	0.01061	0.01383	0.01297	0.00840	0.17263	0.57099	0.08378	0.01916	0.01768	0.01407	0.00676	0.00520	0.00169	0.00440	0.00552	0.00529	0.00829
12	0.00891	0.00446	0.00668	0.00668	0.00668	0.00446	0.00446	0.00668	0.00668	0.00891	0.00891	0.01560	0.00891	0.01783	0.02005	0.85071	0.00446	0.00446	0.00223	0.00223
13	0.01085	0.00925	0.02835	0.04250	0.05309	0.00763	0.01785	0.04043	0.03701	0.04596	0.04851	0.06601	0.06215	0.00588	0.00454	0.00115	0.00410	0.00498	0.00356	0.50620
14	0.38487	0.00711	0.00745	0.03341	0.00926	0.00793	0.00543	0.01081	0.00788	0.01557	0.00871	0.01337	0.00794	0.01241	0.04499	0.39232	0.00472	0.01910	0.00272	0.00397
15	0.02302	0.00873	0.01191	0.00913	0.01310	0.00754	0.00754	0.02501	0.01469	0.79122	0.02024	0.01746	0.01270	0.00635	0.00516	0.00159	0.00437	0.00516	0.00635	0.00873
16	0.00765	0.00590	0.00858	0.00840	0.00915	0.00701	0.00647	0.00925	0.00814	0.01175	0.01343	0.02077	0.01292	0.11338	0.66066	0.00745	0.07622	0.00561	0.00274	0.00452
17	0.01397	0.01293	0.09033	0.03024	0.01599	0.01162	0.06168	0.21144	0.19576	0.05360	0.01327	0.01367	0.00989	0.00543	0.00483	0.00140	0.00514	0.00450	0.00409	0.24020
18	0.03489	0.00861	0.01129	0.00891	0.01247	0.00781	0.00727	0.03978	0.06335	0.62022	0.11093	0.01978	0.01693	0.00685	0.00523	0.00160	0.00414	0.00564	0.00611	0.00817
19	0.00625	0.00447	0.00595	0.00714	0.00744	0.00417	0.00476	0.00714	0.00982	0.01310	0.02828	0.81633	0.03394	0.01608	0.00655	0.00208	0.00298	0.01459	0.00476	0.00417
20	0.06344	0.00591	0.00618	0.00567	0.00743	0.00592	0.00440	0.04086	0.01158	0.11222	0.01641	0.01802	0.01247	0.00595	0.00381	0.00128	0.00284	0.00470	0.66545	0.00544
21	0.00727	0.00497	0.00561	0.00566	0.00585	0.00487	0.00330	0.00748	0.00809	0.01066	0.03466	0.07829	0.08632	0.69008	0.02292	0.00447	0.00461	0.00818	0.00339	0.00331
22	0.01951	0.01437	0.01540	0.01181	0.01591	0.01591	0.00975	0.77056	0.02412	0.03234	0.01232	0.01232	0.00873	0.00616	0.00513	0.00154	0.00565	0.00462	0.00513	0.00873
23	0.01025	0.00544	0.00552	0.00527	0.00666	0.00555	0.00401	0.06434	0.01168	0.02004	0.01643	0.01866	0.01285	0.00599	0.00369	0.00122	0.00262	0.00477	0.78995	0.00505
24	0.85592	0.00992	0.00754	0.00675	0.00992	0.01151	0.00556	0.01508	0.00873	0.02302	0.00714	0.00834	0.00556	0.00476	0.00318	0.00159	0.00397	0.00278	0.00318	0.00556
25	0.00733	0.00550	0.00825	0.00825	0.00916	0.00641	0.00641	0.00916	0.00825	0.01191	0.01374	0.02016	0.01283	0.03848	0.79934	0.00825	0.01374	0.00550	0.00275	0.00458
26	0.00746	0.00497	0.00560	0.00560	0.00560	0.00497	0.00311	0.00746	0.00746	0.00995	0.01617	0.03358	0.01865	0.81967	0.02612	0.00497	0.00497	0.00746	0.00311	0.00311
27	0.02239	0.00887	0.01189	0.00921	0.01311	0.00786	0.00758	0.02515	0.06197	0.74356	0.02028	0.01757	0.01288	0.00639	0.00516	0.00160	0.00435	0.00520	0.00628	0.00869
28	0.00733	0.00550	0.00825	0.00825	0.00916	0.00641	0.00641	0.00916	0.00825	0.01191	0.01374	0.02016	0.01283	0.03848	0.79934	0.00825	0.01374	0.00550	0.00275	0.00458
29	0.01372	0.82276	0.02689	0.00878	0.01317	0.02030	0.00878	0.01536	0.01043	0.01207	0.00713	0.00823	0.00658	0.00439	0.00329	0.00110	0.00549	0.00274	0.00219	0.00658
30	0.01211	0.01384	0.03028	0.02163	0.02682	0.01298	0.76903	0.01644	0.01211	0.01644	0.01038	0.01384	0.00779	0.00433	0.00606	0.00173	0.00865	0.00606	0.00260	0.00692
31	0.00786	0.00498	0.00704	0.00733	0.00775	0.00488	0.01971	0.00811	0.03637	0.01211	0.06288	0.34807	0.02259	0.04254	0.01274	0.35467	0.00382	0.02931	0.00368	0.00358
32	0.01372	0.82276	0.02689	0.00878	0.01317	0.02030	0.00878	0.01536	0.01043	0.01207	0.00713	0.00823	0.00658	0.00439	0.00329	0.00110	0.00549	0.00274	0.00219	0.00658
33	0.00827	0.00591	0.00827	0.00945	0.01063	0.00591	0.00827	0.01063	0.01181	0.01536	0.02717	0.05788	0.02953	0.01417	0.00709	0.00236	0.00472	0.75313	0.00472	0.00472
34	0.00623	0.00457	0.00585	0.00688	0.00737	0.00419	0.00465	0.00717	0.01008	0.01320	0.03151	0.71186	0.13632	0.01566	0.00648	0.00204	0.00293	0.01407	0.00476	0.00419
35	0.00957	0.00911	0.01510	0.32143	0.03933	0.01072	0.10685	0.01207	0.01024	0.01392	0.05978	0.15212	0.03254	0.00819	0.00801	0.00188	0.17371	0.00687	0.00300	0.00555
36	0.00829	0.00686	0.01014	0.10500	0.06061	0.02189	0.00803	0.01029	0.00877	0.01231	0.01269	0.01891	0.01172	0.05884	0.58737	0.00661	0.03873	0.00533	0.00267	0.00494
37	0.06954	0.01085	0.03212	0.50957	0.05484	0.05897	0.01282	0.01370	0.01008	0.01396	0.00869	0.01265	0.00689	0.00575	0.00688	0.00175	0.14112	0.00434	0.01970	0.00580
38	0.00625	0.00447	0.00595	0.00714	0.00744	0.00417	0.00476	0.00714	0.00982	0.01310	0.02828	0.81633	0.03394	0.01608	0.00655	0.00208	0.00298	0.01459	0.00476	0.00417
39	0.00733	0.00548	0.00817	0.00817	0.00906	0.00637	0.00632	0.00912	0.00822	0.01186	0.01381	0.02053	0.01299	0.05999	0.77805	0.00816	0.01350	0.00555	0.00276	0.00454
40	0.01758	0.01453	0.01626	0.01424	0.09124	0.07717	0.05399	0.50507	0.11182	0.02703	0.01263	0.01302	0.00928	0.00593	0.00515	0.00156	0.00596	0.00474	0.00455	0.00827
41	0.70190	0.01009	0.00839	0.00715	0.01056	0.01120	0.00587	0.05984	0.00988	0.02280	0.00770	0.00886	0.00600	0.00473	0.00337	0.00148	0.00405	0.00292	0.00328	0.10994

[dist]
# distance from previous block
# <min> <max>
0	2

[block]
# block no. 4 follows, 48 sequences, length 34
# corresponding to MSA columns:
# 266-299
name=unknown_E
#
# <colnr> <probs for GDERKNQSTAVLIFYWHMCP>
#	G	D	E	R	K	N	Q	S	T	A	V	L	I	F	Y	W	H	M	C	P
0	0.01064	0.00912	0.01064	0.00760	0.01216	0.00684	0.00608	0.01292	0.01064	0.01672	0.00912	0.01064	0.00760	0.00380	0.00380	0.00076	0.00380	0.00304	0.00304	0.85104
1	0.13197	0.01278	0.01374	0.01079	0.01444	0.01416	0.00889	0.49843	0.04279	0.07407	0.01175	0.01212	0.00853	0.00607	0.00566	0.00156	0.06494	0.00433	0.00460	0.05836
2	0.00617	0.00510	0.00541	0.00554	0.00705	0.00434	0.00407	0.00748	0.01163	0.01419	0.09574	0.15144	0.63766	0.01325	0.00613	0.00177	0.00264	0.01123	0.00482	0.00434
3	0.00625	0.00447	0.00595	0.00714	0.00744	0.00417	0.00476	0.00714	0.00982	0.01310	0.02828	0.81633	0.03394	0.01608	0.00655	0.00208	0.00298	0.01459	0.00476	0.00417
4	0.00890	0.00618	0.00788	0.00765	0.00914	0.00606	0.00598	0.01259	0.10323	0.06315	0.46002	0.09855	0.03810	0.01092	0.00612	0.00180	0.00317	0.13978	0.00541	0.00538
5	0.01123	0.01123	0.01572	0.01347	0.01347	0.01572	0.01123	0.01235	0.00786	0.01235	0.00674	0.01123	0.00674	0.00898	0.01684	0.00225	0.81028	0.00449	0.00225	0.00561
6	0.01123	0.01123	0.01572	0.01347	0.01347	0.01572	0.01123	0.01235	0.00786	0.01235	0.00674	0.01123	0.00674	0.00898	0.01684	0.00225	0.81028	0.00449	0.00225	0.00561
7	0.00778	0.00484	0.00644	0.00713	0.00768	0.00452	0.00483	0.00854	0.00994	0.07059	0.04568	0.62792	0.03007	0.07751	0.00875	0.05295	0.00331	0.01259	0.00463	0.00433
8	0.00658	0.00507	0.00601	0.00608	0.00732	0.00450	0.00444	0.00824	0.01245	0.01638	0.33864	0.19494	0.34566	0.01260	0.00615	0.00175	0.00260	0.01095	0.00512	0.00450
9	0.00625	0.00447	0.00595	0.00714	0.00744	0.00417	0.00476	0.00714	0.00982	0.01310	0.02828	0.81633	0.03394	0.01608	0.00655	0.00208	0.00298	0.01459	0.00476	0.00417
10	0.00625	0.00447	0.00595	0.00714	0.00744	0.00417	0.00476	0.00714	0.00982	0.01310	0.02828	0.81633	0.03394	0.01608	0.00655	0.00208	0.00298	0.01459	0.00476	0.00417
11	0.02701	0.00736	0.00740	0.00694	0.00881	0.05337	0.00527	0.01227	0.11882	0.03782	0.27662	0.03755	0.36044	0.01055	0.00577	0.00166	0.00322	0.00887	0.00499	0.00526
12	0.00956	0.00478	0.00478	0.00478	0.00598	0.00478	0.00359	0.01196	0.01076	0.01913	0.01674	0.01913	0.01315	0.00598	0.00359	0.00120	0.00239	0.00478	0.84816	0.00478
13	0.00746	0.00497	0.00560	0.00560	0.00560	0.00497	0.00311	0.00746	0.00746	0.00995	0.01617	0.03358	0.01865	0.81967	0.02612	0.00497	0.00497	0.00746	0.00311	0.00311
14	0.01276	0.01083	0.01150	0.01026	0.01311	0.01242	0.00800	0.06465	0.69040	0.02197	0.06937	0.02002	0.01740	0.00715	0.00527	0.00172	0.00404	0.00596	0.00524	0.00794
15	0.00664	0.00486	0.00636	0.00713	0.00781	0.00441	0.00487	0.00774	0.01019	0.01385	0.07531	0.70667	0.03291	0.01481	0.00631	0.00196	0.00300	0.01339	0.00469	0.06710
16	0.02302	0.00873	0.01191	0.00913	0.01310	0.00754	0.00754	0.02501	0.01469	0.79122	0.02024	0.01746	0.01270	0.00635	0.00516	0.00159	0.00437	0.00516	0.00635	0.00873
17	0.00625	0.00447	0.00595	0.00714	0.00744	0.00417	0.00476	0.00714	0.00982	0.01310	0.02828	0.81633	0.03394	0.01608	0.00655	0.00208	0.00298	0.01459	0.00476	0.00417
18	0.00763	0.00601	0.00952	0.00894	0.01006	0.00664	0.06266	0.00943	0.00856	0.01215	0.01457	0.06841	0.01422	0.10230	0.62608	0.00711	0.01196	0.00625	0.00289	0.00460
19	0.00969	0.00903	0.01514	0.68293	0.09629	0.01093	0.01367	0.01289	0.01035	0.01342	0.01059	0.07320	0.00896	0.00590	0.00523	0.00172	0.00649	0.00531	0.00249	0.00579
20	0.01780	0.08206	0.01589	0.03508	0.06035	0.64141	0.01034	0.01929	0.01367	0.01277	0.00795	0.00958	0.00671	0.00533	0.00509	0.00137	0.04322	0.00342	0.00258	0.00610
21	0.00890	0.00650	0.00796	0.00713	0.00877	0.00635	0.00547	0.11480	0.01571	0.02187	0.64202	0.03528	0.07921	0.01001	0.00593	0.00161	0.00288	0.00871	0.00553	0.00535
22	0.01312	0.01027	0.01090	0.00969	0.01247	0.01164	0.00757	0.06946	0.59737	0.05184	0.01977	0.01867	0.01479	0.00675	0.00499	0.00165	0.00394	0.00556	0.12184	0.00772
23	0.00614	0.00520	0.00530	0.00528	0.00698	0.00436	0.00396	0.00751	0.01188	0.01429	0.09867	0.04868	0.73863	0.01284	0.00606	0.00173	0.00259	0.01073	0.00482	0.00436
24	0.01917	0.02445	0.01454	0.01322	0.01586	0.79907	0.00991	0.02049	0.01454	0.01256	0.00793	0.00925	0.00661	0.00529	0.00463	0.00132	0.00925	0.00330	0.00264	0.00595
25	0.00733	0.00550	0.00825	0.00825	0.00916	0.00641	0.00641	0.00916	0.00825	0.01191	0.01374	0.02016	0.01283	0.03848	0.79934	0.00825	0.01374	0.00550	0.00275	0.00458
26	0.00625	0.00447	0.00595	0.00714	0.00744	0.00417	0.00476	0.00714	0.00982	0.01310	0.02828	0.81633	0.03394	0.01608	0.00655	0.00208	0.00298	0.01459	0.00476	0.00417
27	0.00616	0.00520	0.00533	0.00530	0.00699	0.00437	0.00398	0.00755	0.01193	0.01441	0.11182	0.04848	0.72540	0.01279	0.00606	0.00172	0.00258	0.01070	0.00484	0.00437
28	0.00625	0.00447	0.00595	0.00714	0.00744	0.00417	0.00476	0.00714	0.00982	0.01310	0.02828	0.81633	0.03394	0.01608	0.00655	0.00208	0.00298	0.01459	0.00476	0.00417
29	0.01387	0.01157	0.01223	0.01067	0.01377	0.01328	0.00839	0.14979	0.65406	0.02326	0.01947	0.01802	0.01452	0.00683	0.00521	0.00171	0.00432	0.00561	0.00521	0.00822
30	0.00625	0.00447	0.00595	0.00714	0.00744	0.00417	0.00476	0.00714	0.00982	0.01310	0.02828	0.81633	0.03394	0.01608	0.00655	0.00208	0.00298	0.01459	0.00476	0.00417
31	0.00658	0.00533	0.00586	0.00582	0.00735	0.00470	0.00432	0.00852	0.03596	0.01566	0.22629	0.10591	0.52467	0.01244	0.00607	0.00173	0.00263	0.01059	0.00499	0.00456
32	0.00956	0.00478	0.00478	0.00478	0.00598	0.00478	0.00359	0.01196	0.01076	0.01913	0.01674	0.01913	0.01315	0.00598	0.00359	0.00120	0.00239	0.00478	0.84816	0.00478
33	0.01029	0.02654	0.79309	0.01462	0.02221	0.01192	0.01896	0.01625	0.01083	0.01625	0.00921	0.01083	0.00650	0.00487	0.00487	0.00162	0.00758	0.00379	0.00217	0.00758

[dist]
# distance from previous block
# <min> <max>
0	4

[block]
# block no. 5 follows, 48 sequences, length 20
# corresponding to MSA columns:
# 304-323
name=unknown_F
#
# <colnr> <probs for GDERKNQSTAVLIFYWHMCP>
#	G	D	E	R	K	N	Q	S	T	A	V	L	I	F	Y	W	H	M	C	P
0	0.00693	0.00498	0.00656	0.00731	0.00802	0.00472	0.00537	0.00840	0.01112	0.01492	0.18115	0.42576	0.06635	0.06091	0.00767	0.00220	0.00332	0.16510	0.00484	0.00436
1	0.01152	0.01171	0.01567	0.01346	0.01356	0.04450	0.01118	0.01265	0.00810	0.01236	0.00678	0.01115	0.00673	0.00884	0.01639	0.00221	0.78085	0.00445	0.00226	0.00563
2	0.01951	0.01437	0.01540	0.01181	0.01591	0.01591	0.00975	0.77056	0.02412	0.03234	0.01232	0.01232	0.00873	0.00616	0.00513	0.00154	0.00565	0.00462	0.00513	0.00873
3	0.00640	0.00521	0.00567	0.00555	0.00714	0.00448	0.00417	0.00802	0.01250	0.01577	0.26013	0.04624	0.57625	0.01228	0.00606	0.00170	0.00255	0.01039	0.00502	0.00448
4	0.00741	0.00495	0.00561	0.00566	0.00568	0.00494	0.00318	0.00745	0.00756	0.01009	0.01670	0.06778	0.01932	0.78456	0.02526	0.00485	0.00489	0.00777	0.00318	0.00316
5	0.00625	0.00447	0.00595	0.00714	0.00744	0.00417	0.00476	0.00714	0.00982	0.01310	0.02828	0.81633	0.03394	0.01608	0.00655	0.00208	0.00298	0.01459	0.00476	0.00417
6	0.01123	0.01123	0.01572	0.01347	0.01347	0.01572	0.01123	0.01235	0.00786	0.01235	0.00674	0.01123	0.00674	0.00898	0.01684	0.00225	0.81028	0.00449	0.00225	0.00561
7	0.00739	0.00536	0.00684	0.00702	0.00805	0.00512	0.00520	0.00963	0.05335	0.01675	0.35214	0.23775	0.11214	0.01283	0.00719	0.05983	0.00303	0.08078	0.00499	0.00461
8	0.00969	0.00912	0.01539	0.80734	0.03534	0.01140	0.01425	0.01311	0.01026	0.01311	0.00912	0.01368	0.00684	0.00513	0.00513	0.00171	0.00684	0.00456	0.00228	0.00570
9	0.01242	0.01191	0.02032	0.10343	0.71792	0.01212	0.01561	0.01550	0.01155	0.01642	0.00960	0.01279	0.00801	0.00462	0.00508	0.00154	0.00616	0.00457	0.00252	0.00790
10	0.00684	0.00503	0.00641	0.00649	0.00752	0.00460	0.00471	0.00871	0.01290	0.01773	0.49026	0.25203	0.13311	0.01232	0.00619	0.00176	0.00259	0.01091	0.00530	0.00460
11	0.01042	0.00953	0.01523	0.60690	0.11529	0.01127	0.01333	0.06472	0.01147	0.01488	0.01261	0.01615	0.06544	0.00573	0.00519	0.00168	0.00636	0.00503	0.00269	0.00607
12	0.00977	0.00911	0.01529	0.66139	0.11665	0.01095	0.01371	0.01296	0.01039	0.01351	0.01061	0.07369	0.00901	0.00589	0.00523	0.00172	0.00647	0.00531	0.00249	0.00585
13	0.00789	0.00564	0.00784	0.00902	0.01004	0.00558	0.00762	0.00998	0.01144	0.01494	0.02737	0.19877	0.03035	0.01453	0.00699	0.00231	0.00440	0.61594	0.00473	0.00462
14	0.02113	0.00945	0.01209	0.00945	0.01324	0.00886	0.00775	0.10733	0.08657	0.60883	0.04607	0.01778	0.01378	0.00653	0.00519	0.00160	0.00441	0.00530	0.00609	0.00854
15	0.76320	0.01042	0.00841	0.00731	0.01059	0.01200	0.00602	0.09883	0.01044	0.02405	0.00772	0.00878	0.00591	0.00492	0.00339	0.00158	0.00416	0.00298	0.00339	0.00591
16	0.02205	0.00568	0.00642	0.00609	0.00759	0.00504	0.00440	0.00873	0.01107	0.01483	0.18252	0.06721	0.30537	0.19318	0.01034	0.00237	0.00336	0.04133	0.00435	0.09805
17	0.01044	0.01211	0.10126	0.61134	0.03097	0.07032	0.01414	0.01389	0.01066	0.01349	0.00972	0.01478	0.00770	0.00556	0.00538	0.00171	0.02346	0.03477	0.00239	0.00589
18	0.01416	0.54640	0.02380	0.07135	0.06872	0.12618	0.04071	0.03187	0.01142	0.01314	0.00781	0.00940	0.00681	0.00462	0.00389	0.00124	0.00628	0.00326	0.00236	0.00659
19	0.03478	0.04217	0.01195	0.00905	0.01236	0.00928	0.00735	0.17202	0.01529	0.43624	0.03298	0.07191	0.01403	0.05523	0.02196	0.00191	0.00468	0.00576	0.03337	0.00765

[dist]
# distance from previous block
# <min> <max>
0	4

[block]
# block no. 6 follows, 48 sequences, length 37
# corresponding to MSA columns:
# 328-364
name=unknown_G
#
# <colnr> <probs for GDERKNQSTAVLIFYWHMCP>
#	G	D	E	R	K	N	Q	S	T	A	V	L	I	F	Y	W	H	M	C	P
0	0.06206	0.00622	0.00724	0.00687	0.00844	0.00601	0.00518	0.03666	0.01192	0.09056	0.17722	0.12657	0.24553	0.10610	0.02346	0.00227	0.02108	0.04693	0.00471	0.00497
1	0.00762	0.05642	0.00808	0.00663	0.00800	0.00578	0.00508	0.00993	0.01407	0.01973	0.70473	0.06884	0.04519	0.01034	0.00590	0.00160	0.00264	0.00909	0.00540	0.00492
2	0.01164	0.01099	0.01789	0.14842	0.52307	0.01156	0.01393	0.01527	0.05935	0.01611	0.01326	0.01681	0.05586	0.00577	0.00564	0.00163	0.03438	0.02823	0.00286	0.00732
3	0.01032	0.00582	0.00748	0.00702	0.00870	0.00519	0.00527	0.01207	0.01291	0.18901	0.30440	0.23199	0.15683	0.01139	0.00598	0.00175	0.00302	0.00996	0.00544	0.00545
4	0.01045	0.02557	0.74414	0.01436	0.02165	0.01197	0.01828	0.01694	0.05891	0.01658	0.00994	0.01135	0.00707	0.00501	0.00490	0.00163	0.00736	0.00392	0.00236	0.00762
5	0.00891	0.00446	0.00668	0.00668	0.00668	0.00446	0.00446	0.00668	0.00668	0.00891	0.00891	0.01560	0.00891	0.01783	0.02005	0.85071	0.00446	0.00446	0.00223	0.00223
6	0.02307	0.00570	0.00694	0.00664	0.00794	0.00543	0.00488	0.01062	0.05559	0.04673	0.44977	0.09380	0.13060	0.10490	0.00831	0.00207	0.00302	0.02400	0.00512	0.00487
7	0.00632	0.00450	0.00593	0.00705	0.00733	0.00422	0.00467	0.00716	0.00968	0.01291	0.02757	0.77028	0.03304	0.06335	0.00770	0.00225	0.00309	0.01417	0.00467	0.00411
8	0.01900	0.02349	0.01462	0.01313	0.01581	0.73020	0.00994	0.06807	0.01499	0.01381	0.00818	0.00950	0.00675	0.00543	0.00495	0.00136	0.02843	0.00342	0.00279	0.00612
9	0.00859	0.00448	0.00657	0.00667	0.00676	0.00443	0.00446	0.00675	0.00712	0.00943	0.01201	0.08327	0.03783	0.01751	0.01845	0.75089	0.00427	0.00552	0.00253	0.00246
10	0.00967	0.00711	0.00798	0.00735	0.00937	0.00704	0.00564	0.06189	0.15870	0.06927	0.18869	0.07769	0.31027	0.03020	0.00632	0.00180	0.00328	0.02691	0.00512	0.00570
11	0.01573	0.01051	0.01188	0.01020	0.01339	0.01141	0.00816	0.10244	0.46890	0.21192	0.02020	0.02022	0.01500	0.00714	0.00530	0.00172	0.00434	0.04793	0.00546	0.00814
12	0.00745	0.00502	0.00584	0.00584	0.00592	0.00511	0.00341	0.00762	0.00753	0.01013	0.01595	0.03235	0.01812	0.74838	0.09668	0.00527	0.00577	0.00728	0.00308	0.00324
13	0.00736	0.00515	0.00611	0.00606	0.00674	0.00498	0.00403	0.00869	0.02470	0.01442	0.25384	0.09678	0.10032	0.36925	0.03296	0.00328	0.00390	0.00870	0.03870	0.00403
14	0.00983	0.00719	0.00828	0.00771	0.00921	0.00750	0.00560	0.07244	0.18441	0.04199	0.22490	0.13590	0.04456	0.20494	0.01067	0.00251	0.00380	0.00832	0.00478	0.00548
15	0.02228	0.00936	0.01223	0.00944	0.01338	0.00855	0.00778	0.09649	0.04548	0.68842	0.01951	0.01704	0.01244	0.00636	0.00516	0.00159	0.00448	0.00513	0.00619	0.00871
16	0.00969	0.00912	0.01539	0.80734	0.03534	0.01140	0.01425	0.01311	0.01026	0.01311	0.00912	0.01368	0.00684	0.00513	0.00513	0.00171	0.00684	0.00456	0.00228	0.00570
17	0.00896	0.00560	0.00685	0.00685	0.00796	0.00539	0.00491	0.05437	0.01193	0.06816	0.17686	0.34529	0.05310	0.08088	0.00748	0.00202	0.00318	0.01007	0.13525	0.00488
18	0.16081	0.00671	0.00771	0.00702	0.00903	0.00647	0.00535	0.01327	0.01207	0.18959	0.23526	0.14853	0.10724	0.06036	0.00668	0.00190	0.00339	0.00808	0.00498	0.00557
19	0.01361	0.00899	0.01014	0.00814	0.01112	0.00885	0.00651	0.24621	0.01581	0.08969	0.14061	0.01841	0.01648	0.00639	0.00465	0.00132	0.00384	0.00517	0.21408	0.16999
20	0.01123	0.01123	0.01572	0.01347	0.01347	0.01572	0.01123	0.01235	0.00786	0.01235	0.00674	0.01123	0.00674	0.00898	0.01684	0.00225	0.81028	0.00449	0.00225	0.00561
21	0.05872	0.00564	0.00632	0.00615	0.00771	0.00515	0.00459	0.00951	0.01198	0.06030	0.22873	0.10745	0.37337	0.06231	0.00716	0.00194	0.00298	0.03040	0.00488	0.00471
22	0.00662	0.00462	0.00617	0.00714	0.00755	0.00435	0.00491	0.00749	0.01002	0.01338	0.07284	0.64208	0.04803	0.03168	0.00778	0.05528	0.00317	0.05815	0.00462	0.00410
23	0.00606	0.00520	0.00520	0.00520	0.00693	0.00433	0.00390	0.00736	0.01170	0.01386	0.05198	0.04938	0.78558	0.01299	0.00606	0.00173	0.00260	0.01083	0.00476	0.00433
24	0.01284	0.01092	0.01153	0.01031	0.01319	0.01253	0.00803	0.07107	0.69494	0.02173	0.02139	0.03685	0.03708	0.00728	0.00527	0.00174	0.00409	0.00606	0.00519	0.00797
25	0.08004	0.00629	0.00772	0.00703	0.00894	0.00609	0.00548	0.01242	0.01215	0.15707	0.26133	0.02999	0.17361	0.01522	0.16454	0.00295	0.00520	0.00740	0.03109	0.00545
26	0.01270	0.01219	0.02083	0.03149	0.78767	0.01219	0.01575	0.01575	0.01168	0.01676	0.00965	0.01270	0.00813	0.00457	0.00508	0.00152	0.00610	0.00457	0.00254	0.00813
27	0.00625	0.00447	0.00595	0.00714	0.00744	0.00417	0.00476	0.00714	0.00982	0.01310	0.02828	0.81633	0.03394	0.01608	0.00655	0.00208	0.00298	0.01459	0.00476	0.00417
28	0.00641	0.00517	0.00582	0.00594	0.00737	0.00457	0.00445	0.00790	0.01167	0.01463	0.14544	0.13067	0.52568	0.01458	0.05396	0.00217	0.00337	0.04102	0.00476	0.00441
29	0.01083	0.00913	0.01434	0.20336	0.23981	0.00960	0.04245	0.02824	0.05964	0.04585	0.01804	0.03670	0.12004	0.00817	0.00683	0.08120	0.00538	0.05090	0.00331	0.00617
30	0.01372	0.82276	0.02689	0.00878	0.01317	0.02030	0.00878	0.01536	0.01043	0.01207	0.00713	0.00823	0.00658	0.00439	0.00329	0.00110	0.00549	0.00274	0.00219	0.00658
31	0.04019	0.00915	0.01219	0.04249	0.01414	0.00835	0.00793	0.07428	0.01501	0.69138	0.01897	0.01677	0.01204	0.00625	0.00511	0.00159	0.00455	0.00505	0.00603	0.00854
32	0.01390	0.04754	0.01409	0.01083	0.01364	0.03212	0.00888	0.26425	0.06064	0.02047	0.01112	0.04557	0.00944	0.00776	0.03324	0.00177	0.20721	0.00465	0.00368	0.18921
33	0.01259	0.01208	0.02063	0.05932	0.76069	0.01216	0.01569	0.01565	0.01163	0.01663	0.00963	0.01273	0.00808	0.00459	0.00508	0.00153	0.00612	0.00457	0.00253	0.00804
34	0.00746	0.00497	0.00560	0.00560	0.00560	0.00497	0.00311	0.00746	0.00746	0.00995	0.01617	0.03358	0.01865	0.81967	0.02612	0.00497	0.00497	0.00746	0.00311	0.00311
35	0.23734	0.23612	0.21858	0.01005	0.01489	0.01327	0.04114	0.01506	0.01032	0.01714	0.03567	0.01053	0.00795	0.00476	0.00395	0.00137	0.00544	0.00343	0.00269	0.11030
36	0.01274	0.01272	0.04369	0.18192	0.48952	0.04046	0.05398	0.07244	0.01244	0.01703	0.00971	0.01274	0.00780	0.00482	0.00512	0.00157	0.00650	0.00458	0.00268	0.00753

[dist]
# distance from previous block
# <min> <max>
0	1

[block]
# block no. 7 follows, 48 sequences, length 35
# corresponding to MSA columns:
# 366-400
name=unknown_H
#
# <colnr> <probs for GDERKNQSTAVLIFYWHMCP>
#	G	D	E	R	K	N	Q	S	T	A	V	L	I	F	Y	W	H	M	C	P
0	0.75582	0.01013	0.00866	0.00864	0.06385	0.01162	0.00639	0.01573	0.04711	0.02251	0.00800	0.00917	0.00624	0.00486	0.00341	0.00159	0.00412	0.00305	0.00323	0.00586
1	0.00681	0.00514	0.00619	0.00607	0.00730	0.00463	0.00444	0.00860	0.01281	0.01719	0.44347	0.11085	0.27587	0.05899	0.00727	0.00189	0.00268	0.01013	0.00514	0.00452
2	0.01041	0.02574	0.74514	0.01506	0.02250	0.01198	0.06610	0.01626	0.01091	0.01626	0.00928	0.01102	0.00658	0.00484	0.00495	0.00163	0.00765	0.00393	0.00219	0.00754
3	0.00663	0.00449	0.00602	0.00700	0.00724	0.00425	0.00463	0.00711	0.00932	0.01242	0.02531	0.67645	0.03012	0.06471	0.00929	0.10050	0.00327	0.01298	0.00437	0.00388
4	0.01034	0.00880	0.01032	0.00757	0.01183	0.00666	0.00599	0.01252	0.01058	0.01647	0.01044	0.06633	0.00942	0.00465	0.00399	0.00085	0.00374	0.00384	0.00316	0.79251
5	0.00629	0.00448	0.00594	0.00709	0.00738	0.00419	0.00471	0.00716	0.00974	0.01299	0.02788	0.79021	0.03343	0.04288	0.00720	0.00218	0.00304	0.01435	0.00471	0.00413
6	0.02302	0.00873	0.01191	0.00913	0.01310	0.00754	0.00754	0.02501	0.01469	0.79122	0.02024	0.01746	0.01270	0.00635	0.00516	0.00159	0.00437	0.00516	0.00635	0.00873
7	0.00789	0.00572	0.00713	0.00771	0.00855	0.00563	0.00545	0.09791	0.01167	0.01550	0.02727	0.66268	0.06003	0.01471	0.00638	0.00202	0.00334	0.04087	0.00481	0.00474
8	0.01007	0.00719	0.00803	0.00741	0.00848	0.00756	0.00504	0.16657	0.05628	0.01576	0.01759	0.15366	0.01887	0.47513	0.01742	0.00361	0.00474	0.00792	0.00392	0.00473
9	0.85592	0.00992	0.00754	0.00675	0.00992	0.01151	0.00556	0.01508	0.00873	0.02302	0.00714	0.00834	0.00556	0.00476	0.00318	0.00159	0.00397	0.00278	0.00318	0.00556
10	0.00827	0.00591	0.00827	0.00945	0.01063	0.00591	0.00827	0.01063	0.01181	0.01536	0.02717	0.05788	0.02953	0.01417	0.00709	0.00236	0.00472	0.75313	0.00472	0.00472
11	0.03085	0.00732	0.00958	0.00809	0.01075	0.00660	0.00633	0.01831	0.03646	0.45018	0.13979	0.14103	0.05169	0.05066	0.00659	0.00185	0.00381	0.00751	0.00569	0.00692
12	0.82124	0.00987	0.00772	0.00685	0.01006	0.01135	0.00564	0.01550	0.00898	0.05500	0.00769	0.00872	0.00585	0.00483	0.00326	0.00159	0.00399	0.00288	0.00331	0.00569
13	0.00791	0.00565	0.00786	0.00904	0.01007	0.00560	0.00765	0.01001	0.01146	0.01496	0.02736	0.19218	0.03031	0.01451	0.00699	0.00231	0.00442	0.62236	0.00473	0.00463
14	0.01917	0.02445	0.01454	0.01322	0.01586	0.79907	0.00991	0.02049	0.01454	0.01256	0.00793	0.00925	0.00661	0.00529	0.00463	0.00132	0.00925	0.00330	0.00264	0.00595
15	0.00658	0.00479	0.00614	0.00681	0.00748	0.00443	0.00475	0.00785	0.01097	0.01467	0.18639	0.50577	0.11812	0.05101	0.00730	0.00209	0.00298	0.04270	0.00487	0.00430
16	0.00625	0.00447	0.00595	0.00714	0.00744	0.00417	0.00476	0.00714	0.00982	0.01310	0.02828	0.81633	0.03394	0.01608	0.00655	0.00208	0.00298	0.01459	0.00476	0.00417
