[name]
unknown

[dist]
# distance from previous block
# <min> <max>
0	88

[block]
# block no. 0 follows, 47 sequences, length 46
# corresponding to MSA columns:
# 124-169
name=unknown_A
#
# <colnr> <probs for GDERKNQSTAVLIFYWHMCP>
#	G	D	E	R	K	N	Q	S	T	A	V	L	I	F	Y	W	H	M	C	P
0	0.00727	0.00523	0.00705	0.00805	0.00886	0.00502	0.00624	0.00895	0.01134	0.01502	0.10508	0.39924	0.06469	0.01484	0.00680	0.00217	0.00367	0.31104	0.00491	0.00453
1	0.01102	0.15858	0.66342	0.01386	0.02102	0.01351	0.01753	0.01634	0.01093	0.01579	0.00900	0.01056	0.00661	0.00487	0.00468	0.00156	0.00734	0.00367	0.00220	0.00753
2	0.01489	0.01233	0.03765	0.02547	0.55270	0.03164	0.01386	0.01863	0.06606	0.15637	0.01248	0.01408	0.00954	0.00516	0.00516	0.00157	0.00584	0.00478	0.00346	0.00829
3	0.01222	0.01457	0.06177	0.02166	0.02703	0.01313	0.73507	0.01667	0.01224	0.01667	0.01049	0.01392	0.00785	0.00441	0.00610	0.00175	0.00874	0.00605	0.00262	0.00705
4	0.00757	0.00505	0.00568	0.00568	0.00568	0.00505	0.00316	0.00757	0.00757	0.01010	0.01641	0.03408	0.01893	0.81698	0.02651	0.00505	0.00505	0.00757	0.00316	0.00316
5	0.06083	0.08205	0.61024	0.01455	0.05722	0.03907	0.01694	0.01635	0.01108	0.01658	0.02418	0.01124	0.00746	0.00502	0.00475	0.00159	0.00721	0.00384	0.00237	0.00742
6	0.01508	0.24624	0.14264	0.01185	0.05413	0.04224	0.01071	0.16556	0.04543	0.10943	0.04544	0.02834	0.01086	0.00686	0.02811	0.00168	0.01976	0.00449	0.00369	0.00745
7	0.00757	0.00505	0.00568	0.00568	0.00568	0.00505	0.00316	0.00757	0.00757	0.01010	0.01641	0.03408	0.01893	0.81698	0.02651	0.00505	0.00505	0.00757	0.00316	0.00316
8	0.01034	0.00967	0.01623	0.73018	0.05940	0.01180	0.03572	0.03898	0.01099	0.01418	0.00942	0.01381	0.00708	0.00520	0.00523	0.00172	0.00693	0.00467	0.00243	0.00600
9	0.01236	0.03172	0.01145	0.00932	0.01147	0.00843	0.05292	0.01554	0.07746	0.18787	0.27775	0.04944	0.05165	0.03213	0.00762	0.00184	0.09625	0.03145	0.02710	0.00624
10	0.01234	0.01333	0.02648	0.04170	0.09282	0.01362	0.52623	0.03740	0.01181	0.01637	0.00985	0.01344	0.00775	0.00531	0.00790	0.00182	0.14663	0.00565	0.00263	0.00692
11	0.00634	0.00453	0.00604	0.00725	0.00755	0.00423	0.00483	0.00725	0.00997	0.01329	0.02870	0.81358	0.03444	0.01632	0.00665	0.00211	0.00302	0.01480	0.00483	0.00423
12	0.01175	0.24821	0.52645	0.01336	0.01996	0.01463	0.04356	0.03759	0.01131	0.01578	0.00889	0.01041	0.00673	0.00483	0.00455	0.00150	0.00708	0.00366	0.00231	0.00742
13	0.04756	0.16486	0.57664	0.01352	0.02027	0.01348	0.03965	0.01654	0.01098	0.03802	0.00924	0.01071	0.00679	0.00488	0.00464	0.00156	0.00711	0.00373	0.00238	0.00744
14	0.01965	0.01431	0.01539	0.01186	0.01598	0.01580	0.00978	0.71999	0.05130	0.05326	0.01304	0.01290	0.00922	0.00629	0.00521	0.00157	0.00564	0.00475	0.00525	0.00883
15	0.62327	0.01034	0.00914	0.00776	0.01112	0.01157	0.00638	0.11378	0.01177	0.10672	0.03951	0.01117	0.00853	0.00542	0.00381	0.00161	0.00423	0.00358	0.00392	0.00638
16	0.08813	0.01450	0.01304	0.01093	0.01429	0.18886	0.00867	0.22973	0.17611	0.14925	0.04415	0.01480	0.01181	0.00631	0.00499	0.00157	0.00573	0.00476	0.00472	0.00767
17	0.00655	0.00473	0.00619	0.00701	0.00758	0.00438	0.00481	0.00779	0.01104	0.01489	0.18488	0.61746	0.07337	0.01500	0.00652	0.00200	0.00289	0.01351	0.00502	0.00438
18	0.00991	0.00934	0.01576	0.78416	0.05554	0.01159	0.01450	0.01338	0.01045	0.01340	0.00927	0.01386	0.00698	0.00519	0.00521	0.00173	0.00692	0.00463	0.00232	0.00585
19	0.01156	0.28104	0.54566	0.01294	0.01960	0.01482	0.01593	0.01620	0.01086	0.01513	0.00867	0.01015	0.00662	0.00479	0.00443	0.00148	0.00701	0.00351	0.00221	0.00737
20	0.01028	0.00984	0.01710	0.63035	0.12629	0.01157	0.06803	0.01370	0.01071	0.01400	0.00998	0.03725	0.00798	0.00540	0.00531	0.00172	0.00687	0.00504	0.00244	0.00613
21	0.00625	0.00523	0.00537	0.00542	0.00703	0.00443	0.00400	0.00753	0.01169	0.01406	0.06939	0.08790	0.69764	0.04234	0.00692	0.00189	0.00274	0.01102	0.00480	0.00436
22	0.01002	0.00945	0.01596	0.75701	0.08186	0.01162	0.01456	0.01347	0.01050	0.01353	0.00929	0.01382	0.00702	0.00517	0.00520	0.00172	0.00690	0.00463	0.00233	0.00594
23	0.07360	0.01047	0.01224	0.00971	0.01349	0.04167	0.00792	0.11629	0.09125	0.52617	0.03081	0.01668	0.01258	0.00641	0.00511	0.00161	0.00471	0.00507	0.00581	0.00842
24	0.00736	0.00534	0.00694	0.00658	0.00782	0.00492	0.00496	0.00978	0.01461	0.02060	0.74778	0.03958	0.06804	0.01079	0.00616	0.00166	0.00251	0.02399	0.00569	0.00490
25	0.01381	0.00715	0.00932	0.00785	0.01026	0.00658	0.00620	0.06251	0.01541	0.29347	0.46412	0.02975	0.03378	0.00888	0.00576	0.00162	0.00336	0.00764	0.00595	0.00656
26	0.01284	0.00952	0.01071	0.01004	0.01232	0.04315	0.00817	0.17727	0.14290	0.07370	0.03897	0.13504	0.02189	0.01064	0.00611	0.00196	0.00477	0.26847	0.00502	0.00651
27	0.01084	0.08386	0.67582	0.01496	0.02223	0.01280	0.07598	0.01644	0.01106	0.01620	0.00928	0.01104	0.00670	0.00487	0.00492	0.00162	0.00762	0.00395	0.00223	0.00757
28	0.00657	0.00534	0.00589	0.00609	0.00765	0.00465	0.00470	0.00811	0.01201	0.01476	0.10344	0.08914	0.58183	0.01332	0.00633	0.00186	0.00295	0.11597	0.00490	0.00448
29	0.01137	0.13172	0.66055	0.01385	0.02099	0.01307	0.01745	0.01669	0.01108	0.04377	0.00947	0.01089	0.00684	0.00494	0.00474	0.00158	0.00730	0.00376	0.00236	0.00760
30	0.03603	0.01432	0.01500	0.01163	0.01568	0.05451	0.00955	0.62451	0.02253	0.12385	0.01316	0.01291	0.00918	0.00620	0.00515	0.00156	0.00572	0.00465	0.00519	0.00865
31	0.01671	0.00899	0.01095	0.00903	0.01213	0.00888	0.00723	0.10071	0.16772	0.35194	0.18154	0.02292	0.04196	0.00761	0.00542	0.00164	0.00399	0.00634	0.02660	0.00768
32	0.01357	0.01081	0.01122	0.00977	0.01267	0.03961	0.00767	0.15814	0.39245	0.06752	0.05182	0.04664	0.13905	0.00820	0.00546	0.00171	0.00429	0.00675	0.00518	0.00746
33	0.00983	0.00926	0.01562	0.80447	0.03587	0.01157	0.01446	0.01331	0.01041	0.01331	0.00926	0.01388	0.00694	0.00521	0.00521	0.00174	0.00694	0.00463	0.00231	0.00579
34	0.00799	0.00584	0.00693	0.00741	0.00828	0.03344	0.00530	0.00932	0.01127	0.04782	0.14263	0.47736	0.09664	0.03365	0.00701	0.00203	0.01657	0.04943	0.02643	0.00465
35	0.00963	0.00613	0.00789	0.00816	0.00990	0.00570	0.00686	0.01165	0.01239	0.11551	0.04987	0.05037	0.25887	0.01291	0.00660	0.00208	0.00404	0.41120	0.00504	0.00520
36	0.01196	0.01198	0.01773	0.01434	0.01653	0.06939	0.20312	0.05729	0.06679	0.01534	0.01074	0.01449	0.00918	0.01363	0.17600	0.00328	0.27391	0.00520	0.00289	0.00621
37	0.02148	0.01049	0.01295	0.00999	0.01392	0.01019	0.00823	0.25730	0.01790	0.51435	0.05458	0.01710	0.01337	0.00659	0.00527	0.00160	0.00474	0.00527	0.00602	0.00867
38	0.06905	0.03772	0.01413	0.03955	0.01531	0.12202	0.00904	0.40044	0.04233	0.12450	0.01391	0.01451	0.03159	0.03551	0.00577	0.00167	0.00584	0.00473	0.00463	0.00774
39	0.00633	0.00459	0.00598	0.00709	0.00751	0.00424	0.00476	0.00727	0.01012	0.01336	0.03061	0.75306	0.09374	0.01607	0.00661	0.00209	0.00299	0.01450	0.00483	0.00424
40	0.00637	0.00455	0.00606	0.00724	0.00756	0.00425	0.00484	0.00731	0.01008	0.01347	0.04611	0.79568	0.03478	0.01618	0.00664	0.00210	0.00301	0.01468	0.00485	0.00425
41	0.00681	0.00502	0.00663	0.00749	0.00802	0.00477	0.00516	0.00782	0.00996	0.01345	0.02673	0.70309	0.03174	0.03822	0.00738	0.00214	0.02537	0.03857	0.00463	0.04702
42	0.00726	0.00532	0.00681	0.00644	0.00771	0.00487	0.00483	0.00962	0.01449	0.02028	0.71773	0.03989	0.11353	0.01087	0.00614	0.00165	0.00247	0.00956	0.00565	0.00487
43	0.01124	0.01117	0.01566	0.01347	0.01350	0.01558	0.01120	0.01241	0.00799	0.01252	0.00711	0.01175	0.00708	0.01028	0.04742	0.00252	0.77657	0.00460	0.00230	0.00566
44	0.01193	0.01329	0.02763	0.02018	0.02449	0.01322	0.62670	0.01571	0.01158	0.01595	0.01071	0.04478	0.00878	0.00554	0.00775	0.00185	0.12428	0.00625	0.00267	0.00672
45	0.01881	0.01360	0.01482	0.01129	0.01551	0.01452	0.00930	0.63169	0.02222	0.06900	0.01249	0.01255	0.00891	0.00595	0.00504	0.00146	0.00542	0.00451	0.00500	0.11790

[dist]
# distance from previous block
# <min> <max>
4	5

[block]
# block no. 1 follows, 47 sequences, length 71
# corresponding to MSA columns:
# 176-246
name=unknown_B
#
# <colnr> <probs for GDERKNQSTAVLIFYWHMCP>
#	G	D	E	R	K	N	Q	S	T	A	V	L	I	F	Y	W	H	M	C	P
0	0.05360	0.14513	0.61216	0.01377	0.02067	0.01339	0.04009	0.01630	0.01086	0.01621	0.00896	0.01056	0.00660	0.00485	0.00466	0.00157	0.00722	0.00371	0.00227	0.00742
1	0.00718	0.00524	0.00675	0.00653	0.00770	0.00481	0.00484	0.00941	0.01407	0.01965	0.65582	0.11462	0.10115	0.01138	0.00619	0.00169	0.00252	0.01005	0.00558	0.00481
2	0.00638	0.00466	0.00596	0.00694	0.00744	0.00429	0.00468	0.00735	0.01023	0.01345	0.04788	0.67859	0.12546	0.04128	0.00721	0.00215	0.00303	0.01399	0.00480	0.00423
3	0.09376	0.10428	0.59088	0.01387	0.04028	0.01281	0.02749	0.01616	0.01085	0.01683	0.02265	0.01107	0.00733	0.00497	0.00466	0.00159	0.00700	0.00379	0.00238	0.00735
4	0.01258	0.01275	0.05211	0.08439	0.70195	0.01231	0.01601	0.01582	0.01172	0.01674	0.00974	0.01288	0.00809	0.00469	0.00515	0.00156	0.00630	0.00461	0.00254	0.00806
5	0.02068	0.00895	0.01175	0.00908	0.01294	0.00789	0.00744	0.05831	0.03004	0.61136	0.07612	0.01848	0.01501	0.00653	0.00518	0.00154	0.00429	0.00535	0.00601	0.08305
6	0.03948	0.01339	0.01908	0.08476	0.57806	0.10269	0.01445	0.03642	0.01229	0.01679	0.00998	0.03088	0.00851	0.00508	0.00508	0.00155	0.00646	0.00467	0.00271	0.00766
7	0.03471	0.01155	0.07517	0.01005	0.01390	0.01033	0.00873	0.24107	0.04154	0.34413	0.07352	0.03432	0.03886	0.03055	0.00591	0.00172	0.00485	0.00568	0.00541	0.00800
8	0.01189	0.01344	0.04634	0.02096	0.08610	0.01286	0.57072	0.01577	0.01159	0.01604	0.01036	0.01409	0.00815	0.00717	0.06046	0.00223	0.07657	0.00579	0.00260	0.00687
9	0.00704	0.00541	0.00592	0.00572	0.00743	0.00463	0.00432	0.00866	0.01267	0.04245	0.22895	0.04627	0.57748	0.01234	0.00612	0.00172	0.00266	0.01041	0.00511	0.00468
10	0.27860	0.13490	0.13782	0.00989	0.01395	0.08612	0.00937	0.08170	0.02583	0.04018	0.04801	0.01153	0.00909	0.00542	0.00455	0.00148	0.03097	0.00372	0.00325	0.06362
11	0.02975	0.07372	0.04512	0.00859	0.03298	0.00823	0.00685	0.06369	0.06386	0.04136	0.50364	0.04833	0.03535	0.00907	0.00563	0.00161	0.00349	0.00780	0.00507	0.00587
12	0.00632	0.00463	0.00594	0.00698	0.00748	0.00425	0.00471	0.00728	0.01023	0.01340	0.03197	0.70985	0.13607	0.01589	0.00658	0.00207	0.00297	0.01429	0.00483	0.00425
13	0.01277	0.01250	0.02134	0.07873	0.67447	0.02512	0.06654	0.01594	0.01185	0.01669	0.00978	0.01297	0.00812	0.00467	0.00522	0.00157	0.00646	0.00472	0.00257	0.00798
14	0.17453	0.09192	0.30437	0.03649	0.17983	0.01287	0.06216	0.03357	0.01119	0.01794	0.02447	0.01152	0.00777	0.00493	0.00462	0.00158	0.00637	0.00402	0.00265	0.00720
15	0.00775	0.00653	0.00871	0.00918	0.03380	0.03210	0.04405	0.00890	0.01006	0.01326	0.02527	0.53137	0.07833	0.08526	0.02191	0.00240	0.06042	0.01190	0.00422	0.00458
16	0.00747	0.00547	0.00781	0.00781	0.00855	0.00621	0.00581	0.00894	0.00820	0.01167	0.01446	0.02330	0.01425	0.20114	0.63595	0.00768	0.01209	0.00599	0.00287	0.00434
17	0.22819	0.01480	0.03898	0.01281	0.07197	0.13915	0.04482	0.26953	0.01592	0.07897	0.01050	0.01139	0.00778	0.00560	0.00498	0.00157	0.02771	0.00408	0.00390	0.00734
18	0.01086	0.01135	0.04071	0.38553	0.14733	0.01175	0.23485	0.01450	0.01132	0.01518	0.03281	0.03987	0.00952	0.00538	0.00554	0.00172	0.00713	0.00552	0.00263	0.00651
19	0.00634	0.00455	0.00602	0.00720	0.00754	0.00423	0.00481	0.00726	0.01002	0.01331	0.02935	0.79294	0.05467	0.01623	0.00663	0.00211	0.00301	0.01470	0.00483	0.00423
20	0.04515	0.00995	0.01262	0.00970	0.01374	0.00934	0.00801	0.16240	0.01652	0.62764	0.01870	0.01651	0.01195	0.00637	0.00518	0.00160	0.00466	0.00507	0.00613	0.00877
21	0.01090	0.13805	0.60448	0.01405	0.03801	0.01290	0.03038	0.01588	0.01095	0.01579	0.02994	0.01162	0.00790	0.00542	0.00525	0.02777	0.00714	0.00393	0.00232	0.00731
22	0.00642	0.00529	0.00564	0.00556	0.00720	0.00451	0.00417	0.00799	0.01250	0.01556	0.21246	0.04766	0.62175	0.01263	0.00615	0.00173	0.00260	0.01065	0.00503	0.00451
23	0.00699	0.00498	0.00629	0.00686	0.00774	0.00453	0.00486	0.00834	0.01142	0.03448	0.17413	0.47775	0.18084	0.01434	0.00644	0.00195	0.00293	0.03555	0.00504	0.00452
24	0.07862	0.01052	0.02897	0.43384	0.14110	0.01172	0.07113	0.06345	0.01156	0.01653	0.01026	0.03184	0.00815	0.00544	0.00524	0.00168	0.01754	0.00484	0.04120	0.00639
25	0.03298	0.08117	0.67742	0.01508	0.05995	0.01269	0.01800	0.01637	0.01095	0.01640	0.00917	0.01084	0.00666	0.00489	0.00480	0.00161	0.00738	0.00379	0.00225	0.00760
26	0.01167	0.00729	0.00823	0.09564	0.01140	0.00787	0.00608	0.16288	0.01348	0.02114	0.01521	0.01784	0.01190	0.02960	0.00479	0.00145	0.00367	0.00487	0.55928	0.00571
27	0.01099	0.02101	0.01116	0.00796	0.01237	0.00752	0.00639	0.03282	0.01107	0.01713	0.00972	0.02992	0.00834	0.00434	0.00424	0.00086	0.02166	0.00343	0.00315	0.77589
28	0.78678	0.05305	0.00891	0.00710	0.01041	0.01228	0.00593	0.03565	0.00938	0.02303	0.00739	0.00856	0.00578	0.00485	0.00328	0.00158	0.00416	0.00287	0.00322	0.00578
29	0.01206	0.01404	0.04775	0.03590	0.02680	0.01290	0.71618	0.01639	0.01217	0.01653	0.01091	0.03282	0.00848	0.00470	0.00611	0.00176	0.00858	0.00627	0.00267	0.00695
30	0.00744	0.00557	0.00830	0.00830	0.00921	0.00647	0.00643	0.00926	0.00835	0.01204	0.01401	0.02079	0.01316	0.05790	0.77770	0.00829	0.01373	0.00563	0.00280	0.00461
31	0.00754	0.00570	0.00843	0.00838	0.00924	0.00667	0.00648	0.00930	0.00832	0.01201	0.01389	0.02085	0.01313	0.07316	0.74302	0.00807	0.03275	0.00564	0.00279	0.00461
32	0.00983	0.00926	0.01562	0.80447	0.03587	0.01157	0.01446	0.01331	0.01041	0.01331	0.00926	0.01388	0.00694	0.00521	0.00521	0.00174	0.00694	0.00463	0.00231	0.00579
33	0.00745	0.00555	0.00821	0.00821	0.00909	0.00642	0.00631	0.00920	0.00832	0.01197	0.01409	0.02125	0.01336	0.08424	0.75164	0.00818	0.01343	0.00570	0.00281	0.00456
34	0.01139	0.01139	0.01595	0.01367	0.01367	0.01595	0.01139	0.01253	0.00798	0.01253	0.00684	0.01139	0.00684	0.00911	0.01709	0.00228	0.80745	0.00456	0.00228	0.00570
35	0.73543	0.06573	0.00953	0.00743	0.01074	0.04954	0.00618	0.03541	0.00967	0.02236	0.00743	0.00860	0.00585	0.00487	0.00335	0.00156	0.00443	0.00289	0.00318	0.00581
36	0.01380	0.72387	0.04682	0.00951	0.01370	0.03962	0.00939	0.01554	0.01052	0.01240	0.00729	0.00866	0.00669	0.00481	0.00435	0.00121	0.06001	0.00295	0.00224	0.00663
37	0.00905	0.00452	0.00678	0.00678	0.00678	0.00452	0.00452	0.00678	0.00678	0.00905	0.00905	0.01583	0.00905	0.01809	0.02035	0.84848	0.00452	0.00452	0.00226	0.00226
38	0.01075	0.01019	0.01728	0.57197	0.26118	0.01181	0.01492	0.01411	0.01085	0.01442	0.00942	0.01358	0.00734	0.00504	0.00519	0.00168	0.00671	0.00463	0.00239	0.00653
39	0.01888	0.01422	0.01492	0.01166	0.01559	0.03405	0.00955	0.66284	0.08518	0.03098	0.01326	0.01323	0.00954	0.00629	0.00515	0.00156	0.00557	0.00476	0.03418	0.00860
40	0.01113	0.02531	0.69889	0.01512	0.02247	0.01219	0.06924	0.03854	0.01156	0.03403	0.00977	0.01139	0.00689	0.00498	0.00504	0.00165	0.00764	0.00406	0.00241	0.00771
41	0.01295	0.01119	0.01178	0.01060	0.01354	0.01295	0.00824	0.02767	0.77509	0.02178	0.02120	0.01943	0.01590	0.00707	0.00530	0.00177	0.00412	0.00589	0.00530	0.00824
42	0.01223	0.01387	0.02973	0.02139	0.02630	0.01336	0.71453	0.01640	0.01200	0.01640	0.01029	0.01387	0.00783	0.00471	0.00689	0.00179	0.06285	0.00604	0.00261	0.00693
43	0.01525	0.01114	0.01248	0.01073	0.01392	0.03593	0.03061	0.07412	0.48738	0.16757	0.02058	0.02050	0.02730	0.00720	0.00539	0.00174	0.00459	0.04018	0.00532	0.00808
44	0.01108	0.00614	0.00815	0.00718	0.00906	0.00555	0.00555	0.01343	0.01478	0.19865	0.60538	0.03399	0.04074	0.00967	0.00593	0.00163	0.00291	0.00845	0.00590	0.00583
45	0.00737	0.00532	0.00696	0.00655	0.00778	0.00491	0.00491	0.00983	0.01474	0.02088	0.78175	0.03890	0.04914	0.01065	0.00614	0.00164	0.00246	0.00942	0.00573	0.00491
46	0.01897	0.01394	0.01496	0.01156	0.01544	0.01540	0.00944	0.71571	0.02334	0.03128	0.01277	0.01396	0.00954	0.06114	0.00665	0.00180	0.00568	0.00488	0.00507	0.00847
47	0.00723	0.00559	0.00851	0.00891	0.00979	0.00530	0.06718	0.00872	0.01056	0.01402	0.02701	0.59907	0.03141	0.01497	0.00671	0.00214	0.00384	0.15982	0.00465	0.00457
48	0.00636	0.00462	0.00601	0.00707	0.00752	0.00426	0.00476	0.00734	0.01026	0.01358	0.05258	0.72843	0.09621	0.01589	0.00659	0.00207	0.00297	0.01434	0.00486	0.00426
49	0.03499	0.00976	0.03884	0.00957	0.01359	0.00845	0.00809	0.02516	0.09778	0.66552	0.02002	0.01753	0.01289	0.00644	0.00520	0.00163	0.00450	0.00522	0.00612	0.00870
50	0.00757	0.00505	0.00568	0.00568	0.00568	0.00505	0.00316	0.00757	0.00757	0.01010	0.01641	0.03408	0.01893	0.81698	0.02651	0.00505	0.00505	0.00757	0.00316	0.00316
51	0.00874	0.00650	0.00840	0.00906	0.01040	0.00665	0.00747	0.03192	0.09961	0.01668	0.07829	0.17998	0.04760	0.01338	0.00674	0.00219	0.00423	0.45201	0.00493	0.00520
52	0.01139	0.01139	0.01595	0.01367	0.01367	0.01595	0.01139	0.01253	0.00798	0.01253	0.00684	0.01139	0.00684	0.00911	0.01709	0.00228	0.80745	0.00456	0.00228	0.00570
53	0.00899	0.00456	0.00684	0.00684	0.00687	0.00459	0.00459	0.00687	0.00684	0.00915	0.00921	0.01598	0.00918	0.01879	0.04604	0.82067	0.00483	0.00456	0.00228	0.00234
54	0.00634	0.00453	0.00604	0.00725	0.00755	0.00423	0.00483	0.00725	0.00997	0.01329	0.02870	0.81358	0.03444	0.01632	0.00665	0.00211	0.00302	0.01480	0.00483	0.00423
55	0.03307	0.10731	0.67620	0.01417	0.02137	0.01297	0.03278	0.01637	0.01092	0.01624	0.00910	0.01072	0.00661	0.00488	0.00476	0.00160	0.00740	0.00376	0.00224	0.00753
56	0.01295	0.01119	0.01178	0.01060	0.01354	0.01295	0.00824	0.02767	0.77509	0.02178	0.02120	0.01943	0.01590	0.00707	0.00530	0.00177	0.00412	0.00589	0.00530	0.00824
57	0.76216	0.02812	0.02499	0.00807	0.01155	0.01198	0.05742	0.01543	0.00917	0.02254	0.00751	0.00889	0.00583	0.00480	0.00346	0.00161	0.00446	0.00306	0.00314	0.00580
58	0.17063	0.03833	0.03220	0.01167	0.03285	0.15635	0.03307	0.21705	0.19856	0.04033	0.01265	0.01288	0.00950	0.00585	0.00474	0.00158	0.00582	0.00437	0.00413	0.00744
59	0.00634	0.00453	0.00604	0.00725	0.00755	0.00423	0.00483	0.00725	0.00997	0.01329	0.02870	0.81358	0.03444	0.01632	0.00665	0.00211	0.00302	0.01480	0.00483	0.00423
60	0.00645	0.00461	0.00614	0.00718	0.00758	0.00430	0.00484	0.00751	0.01045	0.01406	0.10519	0.73490	0.03594	0.01574	0.00660	0.00207	0.00296	0.01426	0.00493	0.00430
61	0.03083	0.02780	0.05466	0.00979	0.03492	0.00772	0.00800	0.06319	0.07000	0.03004	0.08547	0.22735	0.04886	0.01195	0.00625	0.00201	0.00433	0.26657	0.00465	0.00560
62	0.01139	0.01139	0.01595	0.01367	0.01367	0.01595	0.01139	0.01253	0.00798	0.01253	0.00684	0.01139	0.00684	0.00911	0.01709	0.00228	0.80745	0.00456	0.00228	0.00570
63	0.01561	0.01247	0.02523	0.06671	0.09979	0.08520	0.00975	0.11545	0.27469	0.14767	0.01602	0.03451	0.01204	0.00631	0.00514	0.00160	0.00530	0.00519	0.00455	0.05678
64	0.01058	0.04361	0.74942	0.01494	0.02249	0.01231	0.04276	0.01648	0.01103	0.01641	0.00934	0.01103	0.00664	0.00492	0.00495	0.00164	0.00768	0.00390	0.00221	0.00765
65	0.01996	0.00812	0.01103	0.00877	0.01220	0.00710	0.00717	0.02207	0.01479	0.62327	0.16165	0.02286	0.02010	0.00746	0.00546	0.00164	0.00408	0.02800	0.00626	0.00801
66	0.03868	0.02424	0.64018	0.01597	0.04036	0.01224	0.12309	0.01647	0.01113	0.01676	0.00945	0.01138	0.00679	0.00486	0.00506	0.00166	0.00769	0.00415	0.00230	0.00755
67	0.01146	0.03598	0.57575	0.01609	0.07454	0.03299	0.07871	0.01749	0.06305	0.03040	0.01041	0.01198	0.00756	0.00505	0.00506	0.00164	0.00739	0.00422	0.00256	0.00768
68	0.01211	0.01147	0.01921	0.05455	0.66603	0.01153	0.01462	0.01522	0.02579	0.01663	0.01275	0.06853	0.03684	0.00579	0.00530	0.00160	0.00584	0.00557	0.00285	0.00776
69	0.00634	0.00453	0.00604	0.00725	0.00755	0.00423	0.00483	0.00725	0.00997	0.01329	0.02870	0.81358	0.03444	0.01632	0.00665	0.00211	0.00302	0.01480	0.00483	0.00423
70	0.77237	0.01157	0.03125	0.00753	0.01085	0.06480	0.00634	0.01571	0.00932	0.02244	0.00737	0.00860	0.00574	0.00487	0.00337	0.00159	0.00450	0.00289	0.00316	0.00573

[dist]
# distance from previous block
# <min> <max>
2	13

[block]
# block no. 2 follows, 47 sequences, length 92
# corresponding to MSA columns:
# 260-351
name=unknown_C
#
# <colnr> <probs for GDERKNQSTAVLIFYWHMCP>
#	G	D	E	R	K	N	Q	S	T	A	V	L	I	F	Y	W	H	M	C	P
0	0.12887	0.01285	0.06124	0.01055	0.01428	0.01293	0.00897	0.39943	0.09132	0.07517	0.01458	0.09788	0.01191	0.00707	0.00505	0.00163	0.00505	0.00557	0.00474	0.03090
1	0.03012	0.18930	0.59228	0.01366	0.02052	0.01387	0.03973	0.01629	0.01090	0.01578	0.00890	0.01049	0.00663	0.00483	0.00462	0.00154	0.00721	0.00368	0.00224	0.00742
2	0.00757	0.00505	0.00568	0.00568	0.00568	0.00505	0.00316	0.00757	0.00757	0.01010	0.01641	0.03408	0.01893	0.81698	0.02651	0.00505	0.00505	0.00757	0.00316	0.00316
3	0.61288	0.04236	0.00958	0.02935	0.01152	0.03008	0.00647	0.07623	0.01086	0.07075	0.00911	0.01013	0.00688	0.00512	0.00362	0.00156	0.00437	0.00329	0.04973	0.00611
4	0.00633	0.00460	0.00597	0.00707	0.00751	0.00424	0.00476	0.00727	0.01014	0.01336	0.03086	0.74495	0.10168	0.01603	0.00660	0.00208	0.00299	0.01446	0.00483	0.00424
5	0.01362	0.74999	0.09473	0.00944	0.01418	0.01985	0.00982	0.01567	0.01062	0.01263	0.00743	0.00859	0.00668	0.00450	0.00348	0.00116	0.00576	0.00288	0.00223	0.00677
6	0.00734	0.00578	0.00668	0.00644	0.00799	0.00539	0.00483	0.01036	0.08061	0.01792	0.39234	0.07937	0.33257	0.01160	0.00610	0.00172	0.00270	0.00998	0.00530	0.00497
7	0.01062	0.06706	0.75141	0.01454	0.02208	0.01252	0.01872	0.01645	0.01097	0.01628	0.00924	0.01086	0.00660	0.00492	0.00487	0.00162	0.00759	0.00379	0.00220	0.00765
8	0.01392	0.82012	0.02729	0.00891	0.01337	0.02061	0.00891	0.01559	0.01058	0.01225	0.00724	0.00835	0.00668	0.00446	0.00334	0.00111	0.00557	0.00278	0.00223	0.00668
9	0.00744	0.00558	0.00837	0.00837	0.00930	0.00651	0.00651	0.00930	0.00837	0.01209	0.01395	0.02046	0.01302	0.03906	0.79635	0.00837	0.01395	0.00558	0.00279	0.00465
10	0.00634	0.00453	0.00604	0.00725	0.00755	0.00423	0.00483	0.00725	0.00997	0.01329	0.02870	0.81358	0.03444	0.01632	0.00665	0.00211	0.00302	0.01480	0.00483	0.00423
11	0.00857	0.00713	0.00772	0.00725	0.00925	0.00719	0.00553	0.01436	0.25086	0.01814	0.22129	0.03779	0.36365	0.01065	0.00588	0.00173	0.00306	0.00901	0.00520	0.00572
12	0.85377	0.01007	0.00765	0.00685	0.01007	0.01168	0.00564	0.01531	0.00886	0.02336	0.00725	0.00846	0.00564	0.00483	0.00322	0.00161	0.00403	0.00282	0.00322	0.00564
13	0.00642	0.00500	0.00583	0.00623	0.00735	0.00441	0.00444	0.00776	0.01160	0.01485	0.15865	0.33776	0.38317	0.01397	0.00634	0.00187	0.00275	0.01219	0.00498	0.00441
14	0.00960	0.00484	0.00489	0.00493	0.00611	0.00483	0.00368	0.01198	0.01089	0.01923	0.01735	0.04380	0.01400	0.00638	0.00373	0.00124	0.00245	0.00516	0.82006	0.00483
15	0.00829	0.00627	0.00626	0.00620	0.00637	0.05450	0.00363	0.00839	0.00808	0.01034	0.01617	0.05048	0.01853	0.74779	0.02468	0.00475	0.00527	0.00748	0.00316	0.00336
16	0.00824	0.00589	0.00820	0.00930	0.01046	0.00585	0.00802	0.01057	0.01207	0.01581	0.07479	0.09104	0.03137	0.01424	0.00710	0.00234	0.00457	0.67052	0.00486	0.00478
17	0.01998	0.01430	0.01545	0.01184	0.01600	0.01572	0.00978	0.72955	0.02400	0.07109	0.01291	0.01277	0.00906	0.00626	0.00521	0.00157	0.00566	0.00472	0.00527	0.00886
18	0.01927	0.02448	0.01493	0.01392	0.03707	0.77469	0.01022	0.02066	0.01468	0.01286	0.00810	0.00949	0.00675	0.00535	0.00471	0.00135	0.00930	0.00339	0.00268	0.00610
19	0.01125	0.20948	0.61447	0.01348	0.02043	0.01405	0.01686	0.01629	0.01090	0.01552	0.00886	0.01039	0.00662	0.00483	0.00458	0.00153	0.00721	0.00360	0.00221	0.00746
20	0.00690	0.00488	0.00645	0.00749	0.00793	0.00468	0.00530	0.00798	0.01004	0.01331	0.02684	0.56339	0.03150	0.12324	0.00941	0.00256	0.00364	0.15567	0.00460	0.00420
21	0.01080	0.00926	0.01080	0.00771	0.01234	0.00694	0.00617	0.01311	0.01080	0.01697	0.00926	0.01080	0.00771	0.00386	0.00386	0.00077	0.00386	0.00309	0.00309	0.84882
22	0.00983	0.00926	0.01562	0.80447	0.03587	0.01157	0.01446	0.01331	0.01041	0.01331	0.00926	0.01388	0.00694	0.00521	0.00521	0.00174	0.00694	0.00463	0.00231	0.00579
23	0.00745	0.00554	0.00815	0.00815	0.00901	0.00639	0.00624	0.00916	0.00830	0.01193	0.01415	0.02156	0.01350	0.10208	0.73398	0.00810	0.01323	0.00574	0.00282	0.00453
24	0.00782	0.00553	0.00718	0.00670	0.00802	0.00516	0.00505	0.01056	0.03254	0.03620	0.74878	0.03802	0.04764	0.01048	0.00610	0.00164	0.00254	0.00925	0.00574	0.00507
25	0.00737	0.00532	0.00696	0.00655	0.00778	0.00491	0.00491	0.00983	0.01474	0.02088	0.78175	0.03890	0.04914	0.01065	0.00614	0.00164	0.00246	0.00942	0.00573	0.00491
26	0.01945	0.02482	0.01476	0.01342	0.01610	0.79608	0.01006	0.02079	0.01476	0.01275	0.00805	0.00939	0.00671	0.00537	0.00470	0.00134	0.00939	0.00335	0.00268	0.00604
27	0.01128	0.01208	0.02451	0.34400	0.03078	0.01251	0.45646	0.01529	0.01152	0.01529	0.01001	0.01398	0.00751	0.00473	0.00576	0.00175	0.00802	0.00552	0.00250	0.00651
28	0.00737	0.00532	0.00696	0.00655	0.00778	0.00491	0.00491	0.00983	0.01474	0.02088	0.78175	0.03890	0.04914	0.01065	0.00614	0.00164	0.00246	0.00942	0.00573	0.00491
29	0.01266	0.01089	0.01152	0.01045	0.01328	0.01257	0.00809	0.02677	0.74110	0.02141	0.02153	0.05471	0.01672	0.00748	0.00536	0.00178	0.00407	0.00628	0.00528	0.00806
30	0.04199	0.00872	0.01176	0.00912	0.01298	0.00765	0.00751	0.02434	0.01458	0.73095	0.03783	0.01808	0.01357	0.00740	0.02697	0.00180	0.00464	0.00529	0.00625	0.00858
31	0.85377	0.01007	0.00765	0.00685	0.01007	0.01168	0.00564	0.01531	0.00886	0.02336	0.00725	0.00846	0.00564	0.00483	0.00322	0.00161	0.00403	0.00282	0.00322	0.00564
32	0.01427	0.76965	0.02649	0.00920	0.01354	0.06982	0.00898	0.01592	0.01085	0.01228	0.00729	0.00842	0.00668	0.00451	0.00343	0.00113	0.00581	0.00282	0.00226	0.00664
33	0.00744	0.00556	0.00826	0.00826	0.00916	0.00645	0.00638	0.00923	0.00834	0.01201	0.01405	0.02100	0.01325	0.06976	0.76596	0.00824	0.01360	0.00566	0.00280	0.00459
34	0.01392	0.82012	0.02729	0.00891	0.01337	0.02061	0.00891	0.01559	0.01058	0.01225	0.00724	0.00835	0.00668	0.00446	0.00334	0.00111	0.00557	0.00278	0.00223	0.00668
35	0.00999	0.00512	0.00515	0.00505	0.00634	0.00516	0.00381	0.03290	0.01129	0.01978	0.01686	0.01923	0.01322	0.00607	0.00368	0.00122	0.00252	0.00485	0.82277	0.00496
36	0.01080	0.00926	0.01080	0.00771	0.01234	0.00694	0.00617	0.01311	0.01080	0.01697	0.00926	0.01080	0.00771	0.00386	0.00386	0.00077	0.00386	0.00309	0.00309	0.84882
37	0.01016	0.00951	0.01601	0.70508	0.11656	0.01153	0.01442	0.01357	0.01058	0.01383	0.00946	0.01388	0.00721	0.00516	0.00517	0.00170	0.00677	0.00463	0.01871	0.00603
38	0.01311	0.01309	0.02110	0.06566	0.65629	0.05981	0.06244	0.01619	0.01199	0.01656	0.00971	0.01280	0.00807	0.00469	0.00519	0.00156	0.00658	0.00466	0.00258	0.00793
39	0.00735	0.00530	0.00694	0.00657	0.00777	0.00490	0.00491	0.00977	0.01463	0.02070	0.76355	0.05762	0.04878	0.01078	0.00615	0.00165	0.00247	0.00955	0.00571	0.00490
40	0.00748	0.00537	0.00698	0.00785	0.00853	0.00523	0.00563	0.05530	0.01124	0.01497	0.04197	0.64702	0.03252	0.01532	0.00662	0.00211	0.00342	0.11296	0.00487	0.00461
41	0.03385	0.01373	0.01806	0.05855	0.46394	0.11971	0.01325	0.08765	0.02692	0.06620	0.01058	0.01265	0.00838	0.00505	0.00501	0.00151	0.00633	0.00442	0.00315	0.04105
42	0.00757	0.00505	0.00568	0.00568	0.00568	0.00505	0.00316	0.00757	0.00757	0.01010	0.01641	0.03408	0.01893	0.81698	0.02651	0.00505	0.00505	0.00757	0.00316	0.00316
43	0.00637	0.00457	0.00600	0.00714	0.00749	0.00426	0.00476	0.00727	0.00999	0.01325	0.02936	0.76525	0.06360	0.03489	0.00709	0.00217	0.00305	0.01449	0.00479	0.00421
44	0.01338	0.01140	0.01202	0.01068	0.01370	0.01315	0.00835	0.07392	0.72814	0.02247	0.02065	0.01900	0.01546	0.00701	0.00529	0.00175	0.00422	0.00581	0.00529	0.00828
45	0.01359	0.74400	0.10048	0.00948	0.01425	0.01979	0.00990	0.01568	0.01062	0.01266	0.00744	0.00861	0.00667	0.00450	0.00350	0.00117	0.00577	0.00289	0.00222	0.00678
46	0.00634	0.00453	0.00604	0.00725	0.00755	0.00423	0.00483	0.00725	0.00997	0.01329	0.02870	0.81358	0.03444	0.01632	0.00665	0.00211	0.00302	0.01480	0.00483	0.00423
47	0.01140	0.01141	0.01527	0.01316	0.01325	0.03923	0.01084	0.01248	0.00816	0.01239	0.00747	0.01275	0.00759	0.05953	0.01730	0.00242	0.73276	0.00471	0.00235	0.00555
48	0.02270	0.00928	0.01228	0.00944	0.01342	0.00833	0.00779	0.08935	0.01573	0.70542	0.03691	0.01775	0.01335	0.00652	0.00525	0.00161	0.00450	0.00528	0.00632	0.00877
49	0.04521	0.01021	0.01278	0.00982	0.01386	0.00972	0.00812	0.19567	0.01694	0.59355	0.01833	0.01627	0.01177	0.00636	0.00518	0.00160	0.00472	0.00504	0.00607	0.00877
50	0.00757	0.00505	0.00568	0.00568	0.00568	0.00505	0.00316	0.00757	0.00757	0.01010	0.01641	0.03408	0.01893	0.81698	0.02651	0.00505	0.00505	0.00757	0.00316	0.00316
51	0.00983	0.00926	0.01562	0.80447	0.03587	0.01157	0.01446	0.01331	0.01041	0.01331	0.00926	0.01388	0.00694	0.00521	0.00521	0.00174	0.00694	0.00463	0.00231	0.00579
52	0.00821	0.00592	0.00815	0.00928	0.01049	0.00586	0.00805	0.01052	0.01194	0.01545	0.02917	0.07243	0.07711	0.01435	0.00712	0.00235	0.00463	0.68941	0.00480	0.00476
53	0.00634	0.00453	0.00604	0.00725	0.00755	0.00423	0.00483	0.00725	0.00997	0.01329	0.02870	0.81358	0.03444	0.01632	0.00665	0.00211	0.00302	0.01480	0.00483	0.00423
54	0.01945	0.02482	0.01476	0.01342	0.01610	0.79608	0.01006	0.02079	0.01476	0.01275	0.00805	0.00939	0.00671	0.00537	0.00470	0.00134	0.00939	0.00335	0.00268	0.00604
55	0.00634	0.00453	0.00604	0.00725	0.00755	0.00423	0.00483	0.00725	0.00997	0.01329	0.02870	0.81358	0.03444	0.01632	0.00665	0.00211	0.00302	0.01480	0.00483	0.00423
56	0.00983	0.00926	0.01562	0.80447	0.03587	0.01157	0.01446	0.01331	0.01041	0.01331	0.00926	0.01388	0.00694	0.00521	0.00521	0.00174	0.00694	0.00463	0.00231	0.00579
57	0.01945	0.02482	0.01476	0.01342	0.01610	0.79608	0.01006	0.02079	0.01476	0.01275	0.00805	0.00939	0.00671	0.00537	0.00470	0.00134	0.00939	0.00335	0.00268	0.00604
58	0.01392	0.82012	0.02729	0.00891	0.01337	0.02061	0.00891	0.01559	0.01058	0.01225	0.00724	0.00835	0.00668	0.00446	0.00334	0.00111	0.00557	0.00278	0.00223	0.00668
59	0.00747	0.00500	0.00571	0.00581	0.00584	0.00498	0.00330	0.00755	0.00778	0.01037	0.01746	0.10077	0.02026	0.74848	0.02481	0.00480	0.00488	0.00819	0.00330	0.00325
60	0.00634	0.00453	0.00604	0.00725	0.00755	0.00423	0.00483	0.00725	0.00997	0.01329	0.02870	0.81358	0.03444	0.01632	0.00665	0.00211	0.00302	0.01480	0.00483	0.00423
61	0.00983	0.00926	0.01562	0.80447	0.03587	0.01157	0.01446	0.01331	0.01041	0.01331	0.00926	0.01388	0.00694	0.00521	0.00521	0.00174	0.00694	0.00463	0.00231	0.00579
62	0.01289	0.01237	0.02114	0.03196	0.78450	0.01237	0.01598	0.01598	0.01186	0.01701	0.00980	0.01289	0.00825	0.00464	0.00516	0.00155	0.00619	0.00464	0.00258	0.00825
63	0.01270	0.01215	0.02054	0.07970	0.71663	0.01234	0.01568	0.01613	0.03260	0.01691	0.01007	0.01313	0.00838	0.00474	0.00516	0.00156	0.00618	0.00467	0.00264	0.00809
64	0.00757	0.00505	0.00568	0.00568	0.00568	0.00505	0.00316	0.00757	0.00757	0.01010	0.01641	0.03408	0.01893	0.81698	0.02651	0.00505	0.00505	0.00757	0.00316	0.00316
65	0.01392	0.82012	0.02729	0.00891	0.01337	0.02061	0.00891	0.01559	0.01058	0.01225	0.00724	0.00835	0.00668	0.00446	0.00334	0.00111	0.00557	0.00278	0.00223	0.00668
66	0.64593	0.01120	0.00964	0.00813	0.01159	0.01280	0.00670	0.20268	0.01276	0.02572	0.00856	0.00947	0.00644	0.00519	0.00372	0.00160	0.00445	0.00329	0.00372	0.00644
67	0.00803	0.00574	0.00798	0.00918	0.01022	0.00568	0.00776	0.01016	0.01163	0.01518	0.02777	0.19246	0.03076	0.01473	0.00710	0.00235	0.00448	0.61931	0.00480	0.00470
68	0.01289	0.01237	0.02114	0.03196	0.78450	0.01237	0.01598	0.01598	0.01186	0.01701	0.00980	0.01289	0.00825	0.00464	0.00516	0.00155	0.00619	0.00464	0.00258	0.00825
69	0.00744	0.00558	0.00837	0.00837	0.00930	0.00651	0.00651	0.00930	0.00837	0.01209	0.01395	0.02046	0.01302	0.03906	0.79635	0.00837	0.01395	0.00558	0.00279	0.00465
70	0.01392	0.82012	0.02729	0.00891	0.01337	0.02061	0.00891	0.01559	0.01058	0.01225	0.00724	0.00835	0.00668	0.00446	0.00334	0.00111	0.00557	0.00278	0.00223	0.00668
71	0.00657	0.00484	0.00677	0.00761	0.00810	0.00452	0.02564	0.00767	0.01032	0.01385	0.07396	0.74465	0.03461	0.01564	0.00660	0.00208	0.00314	0.01424	0.00483	0.00435
72	0.01038	0.00981	0.01660	0.66682	0.16926	0.01171	0.01473	0.01378	0.01067	0.01397	0.00935	0.01371	0.00717	0.00511	0.00520	0.00170	0.00681	0.00463	0.00236	0.00622
73	0.01068	0.01012	0.01714	0.59144	0.24231	0.01179	0.01488	0.01404	0.01081	0.01433	0.00940	0.01361	0.00730	0.00505	0.00519	0.00168	0.00673	0.00463	0.00239	0.00646
74	0.00732	0.00532	0.00689	0.00650	0.00775	0.00489	0.00488	0.00973	0.01463	0.02061	0.75298	0.03934	0.07808	0.01075	0.00614	0.00164	0.00246	0.00948	0.00570	0.00489
75	0.01045	0.02694	0.79000	0.01484	0.02254	0.01209	0.01924	0.01649	0.01099	0.01649	0.00935	0.01099	0.00660	0.00495	0.00495	0.00165	0.00770	0.00385	0.00220	0.00770
76	0.01045	0.02694	0.79000	0.01484	0.02254	0.01209	0.01924	0.01649	0.01099	0.01649	0.00935	0.01099	0.00660	0.00495	0.00495	0.00165	0.00770	0.00385	0.00220	0.00770
77	0.00737	0.00532	0.00696	0.00655	0.00778	0.00491	0.00491	0.00983	0.01474	0.02088	0.78175	0.03890	0.04914	0.01065	0.00614	0.00164	0.00246	0.00942	0.00573	0.00491
78	0.00755	0.00561	0.00786	0.00785	0.00848	0.00638	0.00578	0.00888	0.00826	0.01170	0.01519	0.07301	0.01555	0.22445	0.53105	0.00694	0.04155	0.00660	0.00299	0.00430
79	0.00744	0.00558	0.00837	0.00837	0.00930	0.00651	0.00651	0.00930	0.00837	0.01209	0.01395	0.02046	0.01302	0.03906	0.79635	0.00837	0.01395	0.00558	0.00279	0.00465
80	0.01392	0.82012	0.02729	0.00891	0.01337	0.02061	0.00891	0.01559	0.01058	0.01225	0.00724	0.00835	0.00668	0.00446	0.00334	0.00111	0.00557	0.00278	0.00223	0.00668
81	0.00742	0.00535	0.00702	0.00669	0.00791	0.00496	0.00507	0.00987	0.01462	0.02065	0.74824	0.03978	0.04829	0.01081	0.00619	0.00167	0.00256	0.04230	0.00569	0.00491
82	0.01279	0.01224	0.02087	0.03149	0.76800	0.01224	0.01582	0.01587	0.01186	0.01698	0.01017	0.01387	0.00871	0.00485	0.00520	0.00156	0.00616	0.02052	0.00263	0.00818
83	0.00615	0.00528	0.00528	0.00528	0.00703	0.00440	0.00396	0.00747	0.01187	0.01407	0.05276	0.05012	0.78238	0.01319	0.00615	0.00176	0.00264	0.01099	0.00484	0.00440
84	0.00983	0.00926	0.01562	0.80447	0.03587	0.01157	0.01446	0.01331	0.01041	0.01331	0.00926	0.01388	0.00694	0.00521	0.00521	0.00174	0.00694	0.00463	0.00231	0.00579
85	0.81634	0.01013	0.00802	0.00715	0.01023	0.01187	0.00590	0.01518	0.00882	0.02288	0.00723	0.00859	0.00569	0.00502	0.00384	0.00164	0.03972	0.00290	0.00318	0.00564
86	0.00634	0.00453	0.00604	0.00725	0.00755	0.00423	0.00483	0.00725	0.00997	0.01329	0.02870	0.81358	0.03444	0.01632	0.00665	0.00211	0.00302	0.01480	0.00483	0.00423
87	0.04785	0.00839	0.01031	0.00872	0.01174	0.00806	0.00707	0.04954	0.12285	0.37537	0.11243	0.02713	0.10775	0.00841	0.00555	0.00172	0.00402	0.07004	0.00570	0.00733
88	0.01700	0.04755	0.01358	0.01047	0.03185	0.04616	0.00830	0.21885	0.12525	0.20737	0.03555	0.01480	0.01149	0.00587	0.00486	0.00141	0.00487	0.00464	0.00478	0.18535
89	0.20493	0.08022	0.01321	0.01080	0.03997	0.22323	0.00829	0.06880	0.15303	0.06129	0.02979	0.01338	0.02754	0.00582	0.00448	0.00149	0.00575	0.00419	0.00375	0.04002
90	0.49284	0.08468	0.16738	0.00976	0.01418	0.01232	0.05633	0.01646	0.01014	0.08157	0.00893	0.01004	0.00664	0.00492	0.00392	0.00158	0.00523	0.00342	0.00315	0.00649
91	0.02961	0.37413	0.10060	0.01083	0.03269	0.04451	0.01003	0.17601	0.04423	0.06654	0.02427	0.02943	0.00930	0.00552	0.00432	0.00137	0.00568	0.00403	0.00342	0.02345

[dist]
# distance from previous block
# <min> <max>
0	55

# created by:
# /st0/software/busco_prod/Augustus/scripts/msa2prfl.pl ./align_prep/159575.fa
