[name]
unknown

[dist]
# distance from previous block
# <min> <max>
12	98

[block]
# block no. 0 follows, 48 sequences, length 22
# corresponding to MSA columns:
# 106-127
name=unknown_A
#
# <colnr> <probs for GDERKNQSTAVLIFYWHMCP>
#	G	D	E	R	K	N	Q	S	T	A	V	L	I	F	Y	W	H	M	C	P
0	0.00882	0.00794	0.01300	0.60431	0.02826	0.00956	0.01184	0.01160	0.01015	0.01311	0.01398	0.21733	0.01372	0.00791	0.00549	0.00180	0.00586	0.00710	0.00291	0.00531
1	0.00653	0.00507	0.00599	0.00635	0.00754	0.00452	0.00470	0.00802	0.01171	0.01503	0.17885	0.26074	0.37356	0.01349	0.00629	0.00186	0.00286	0.07755	0.00492	0.00442
2	0.07560	0.00827	0.01034	0.00825	0.01170	0.00743	0.00673	0.04570	0.01398	0.55335	0.02565	0.02327	0.17174	0.00761	0.00521	0.00162	0.00402	0.00615	0.00577	0.00761
3	0.01101	0.00744	0.00859	0.00769	0.00984	0.00724	0.00603	0.16746	0.01480	0.10018	0.16036	0.12028	0.27433	0.02313	0.00620	0.00179	0.00360	0.05914	0.00513	0.00578
4	0.06530	0.00907	0.01141	0.00875	0.01270	0.00801	0.00716	0.05669	0.02602	0.51753	0.04035	0.01598	0.01221	0.00586	0.00480	0.00142	0.00422	0.00470	0.00540	0.18242
5	0.00899	0.00651	0.00790	0.00811	0.00919	0.00659	0.00579	0.16484	0.01278	0.01707	0.02498	0.65024	0.02873	0.01403	0.00626	0.00197	0.00353	0.01253	0.00484	0.00511
6	0.01025	0.00581	0.00759	0.00705	0.00869	0.00522	0.00531	0.01217	0.01336	0.17931	0.41001	0.19557	0.09737	0.01098	0.00597	0.00172	0.00296	0.00964	0.00554	0.00547
7	0.01253	0.01026	0.01165	0.00855	0.01297	0.00887	0.00689	0.16981	0.03423	0.02007	0.01010	0.01122	0.00805	0.00437	0.00411	0.00095	0.00419	0.00344	0.00353	0.65420
8	0.01497	0.00898	0.00984	0.00809	0.01077	0.00938	0.00650	0.30318	0.01651	0.12478	0.03985	0.01755	0.02901	0.00638	0.00451	0.00140	0.00390	0.00504	0.37255	0.00680
9	0.01985	0.00878	0.01151	0.00878	0.01278	0.00745	0.00719	0.02218	0.03091	0.59501	0.03684	0.01661	0.01260	0.00594	0.00490	0.00142	0.00419	0.00484	0.00562	0.18262
10	0.05783	0.00818	0.00994	0.00851	0.01138	0.00793	0.00671	0.02015	0.17122	0.37711	0.06565	0.12631	0.08968	0.00852	0.00539	0.00170	0.00383	0.00716	0.00556	0.00723
11	0.00724	0.00492	0.00562	0.00576	0.00590	0.00484	0.00335	0.00742	0.00798	0.01055	0.01961	0.13016	0.06256	0.67719	0.02262	0.00444	0.00460	0.00852	0.00340	0.00331
12	0.00912	0.00665	0.00802	0.00816	0.00938	0.00672	0.00598	0.16509	0.01301	0.01727	0.02621	0.55702	0.06963	0.01373	0.00627	0.00197	0.00363	0.06216	0.00484	0.00516
13	0.00812	0.00625	0.00747	0.00791	0.00897	0.00641	0.00561	0.04062	0.16931	0.01575	0.04270	0.57160	0.06209	0.01356	0.00619	0.00197	0.00328	0.01212	0.00489	0.00518
14	0.15018	0.52522	0.02141	0.00908	0.01321	0.01798	0.00846	0.17132	0.01298	0.01802	0.00821	0.00909	0.00686	0.00482	0.00365	0.00127	0.00528	0.00314	0.00296	0.00686
15	0.00917	0.00668	0.00808	0.00815	0.00940	0.00675	0.00600	0.16522	0.01324	0.01766	0.06728	0.52703	0.05804	0.01347	0.00625	0.00195	0.00360	0.06193	0.00489	0.00519
16	0.68131	0.00976	0.00818	0.00692	0.01039	0.01055	0.00566	0.01464	0.00913	0.02172	0.00755	0.00881	0.00598	0.00456	0.00330	0.00142	0.00393	0.00283	0.00315	0.18021
17	0.68314	0.01084	0.00916	0.00779	0.01116	0.01242	0.00642	0.17114	0.01191	0.02495	0.00821	0.00916	0.00621	0.00505	0.00358	0.00158	0.00432	0.00316	0.00358	0.00621
18	0.01293	0.01013	0.01352	0.17797	0.14175	0.01114	0.01027	0.07071	0.28341	0.09869	0.01759	0.07635	0.03902	0.00696	0.00529	0.00169	0.00497	0.00602	0.00424	0.00731
19	0.01179	0.00969	0.01115	0.00815	0.01258	0.00797	0.00654	0.08387	0.04816	0.03251	0.01017	0.01132	0.00818	0.00421	0.00402	0.00089	0.00399	0.00335	0.00340	0.71805
20	0.00713	0.00524	0.00668	0.00632	0.00759	0.00479	0.00474	0.00943	0.01421	0.01984	0.70461	0.03954	0.12922	0.01076	0.00605	0.00163	0.00244	0.00945	0.00555	0.00479
21	0.00930	0.00630	0.00753	0.00705	0.00829	0.00619	0.00507	0.09654	0.01270	0.05360	0.26692	0.13328	0.07818	0.24746	0.01187	0.00268	0.00379	0.03374	0.00468	0.00484

[dist]
# distance from previous block
# <min> <max>
0	1

[block]
# block no. 1 follows, 48 sequences, length 40
# corresponding to MSA columns:
# 129-168
name=unknown_B
#
# <colnr> <probs for GDERKNQSTAVLIFYWHMCP>
#	G	D	E	R	K	N	Q	S	T	A	V	L	I	F	Y	W	H	M	C	P
0	0.05769	0.00858	0.01108	0.00889	0.01235	0.00787	0.00720	0.03999	0.06411	0.59260	0.05954	0.07604	0.01586	0.00723	0.00522	0.00163	0.00416	0.00598	0.00595	0.00802
1	0.01185	0.00919	0.01028	0.00912	0.01158	0.01005	0.00710	0.07507	0.42832	0.05755	0.28037	0.02510	0.02617	0.00808	0.00549	0.00168	0.00363	0.00687	0.00541	0.00708
2	0.00624	0.00449	0.00592	0.00707	0.00742	0.00417	0.00473	0.00715	0.00990	0.01313	0.02924	0.78538	0.06426	0.01595	0.00653	0.00207	0.00296	0.01444	0.00476	0.00417
3	0.01419	0.01008	0.01114	0.00965	0.01264	0.01093	0.00763	0.09890	0.45510	0.15047	0.04832	0.02266	0.09859	0.00765	0.00535	0.00170	0.00407	0.01784	0.00536	0.00772
4	0.00724	0.00520	0.00645	0.00668	0.00774	0.00477	0.00479	0.02657	0.01214	0.03418	0.26974	0.37677	0.19221	0.01323	0.00623	0.00184	0.00282	0.01169	0.00509	0.00463
5	0.85592	0.00992	0.00754	0.00675	0.00992	0.01151	0.00556	0.01508	0.00873	0.02302	0.00714	0.00834	0.00556	0.00476	0.00318	0.00159	0.00397	0.00278	0.00318	0.00556
6	0.00625	0.00447	0.00595	0.00714	0.00744	0.00417	0.00476	0.00714	0.00982	0.01310	0.02828	0.81633	0.03394	0.01608	0.00655	0.00208	0.00298	0.01459	0.00476	0.00417
7	0.00993	0.00600	0.00824	0.00882	0.01024	0.00575	0.00734	0.01191	0.01182	0.12667	0.02710	0.20360	0.04944	0.01339	0.00667	0.00218	0.00426	0.47647	0.00497	0.00518
8	0.00887	0.00558	0.00661	0.00634	0.00803	0.00488	0.00475	0.01044	0.01233	0.12721	0.18670	0.17645	0.37707	0.01190	0.00595	0.00174	0.00288	0.01021	0.02701	0.00505
9	0.01988	0.01109	0.01297	0.01008	0.01385	0.01134	0.00828	0.36952	0.04051	0.35132	0.03957	0.01585	0.01205	0.00638	0.00509	0.00155	0.00478	0.00503	0.05248	0.00837
10	0.00733	0.00550	0.00825	0.00825	0.00916	0.00641	0.00641	0.00916	0.00825	0.01191	0.01374	0.02016	0.01283	0.03848	0.79934	0.00825	0.01374	0.00550	0.00275	0.00458
11	0.00770	0.00540	0.00596	0.00591	0.00760	0.00461	0.00439	0.00899	0.01165	0.08722	0.04486	0.17962	0.58192	0.01290	0.00606	0.00178	0.00283	0.01095	0.00491	0.00472
12	0.00639	0.00461	0.00605	0.00695	0.00745	0.00427	0.00473	0.00752	0.01059	0.01420	0.13754	0.66796	0.07247	0.01513	0.00645	0.00200	0.00288	0.01365	0.00489	0.00427
13	0.01372	0.82276	0.02689	0.00878	0.01317	0.02030	0.00878	0.01536	0.01043	0.01207	0.00713	0.00823	0.00658	0.00439	0.00329	0.00110	0.00549	0.00274	0.00219	0.00658
14	0.02022	0.01322	0.01468	0.01126	0.01534	0.01420	0.00930	0.61799	0.02219	0.18763	0.01394	0.01337	0.00954	0.00620	0.00514	0.00155	0.00538	0.00473	0.00538	0.00873
15	0.00634	0.00450	0.00593	0.00703	0.00731	0.00423	0.00464	0.00717	0.00965	0.01287	0.02740	0.75957	0.03283	0.07434	0.00797	0.00229	0.00312	0.01407	0.00464	0.00409
16	0.04237	0.03669	0.01640	0.13811	0.01945	0.32225	0.09198	0.15715	0.01461	0.03144	0.00985	0.03259	0.00797	0.00579	0.00561	0.00155	0.05211	0.00441	0.00315	0.00652
17	0.00701	0.00511	0.00675	0.00705	0.00749	0.00502	0.02121	0.00789	0.00956	0.01292	0.10249	0.41913	0.04052	0.26874	0.03342	0.00310	0.02332	0.01107	0.00417	0.00401
18	0.01213	0.01161	0.01980	0.17818	0.64542	0.01204	0.01546	0.01525	0.01141	0.01607	0.00955	0.01288	0.00788	0.00468	0.00509	0.00156	0.00624	0.00457	0.00249	0.00767
19	0.01416	0.01187	0.01733	0.03421	0.01745	0.01213	0.21857	0.28347	0.08304	0.03892	0.01322	0.04075	0.01083	0.09066	0.00750	0.00192	0.00601	0.00559	0.00397	0.08840
20	0.63428	0.00979	0.00881	0.00747	0.01086	0.01072	0.00616	0.04165	0.01062	0.20298	0.01037	0.01060	0.00733	0.00518	0.00370	0.00159	0.00412	0.00339	0.00398	0.00640
21	0.07455	0.01011	0.01244	0.00960	0.01355	0.00973	0.00793	0.19702	0.01650	0.56722	0.01758	0.01570	0.01133	0.00621	0.00503	0.00158	0.00464	0.00489	0.00587	0.00853
22	0.00748	0.00501	0.00575	0.00584	0.00592	0.00501	0.00343	0.00763	0.00776	0.01032	0.01705	0.05234	0.01960	0.75706	0.02462	0.00477	0.00492	0.04903	0.00324	0.00322
23	0.00729	0.00493	0.00562	0.00575	0.00583	0.00487	0.00331	0.00743	0.00784	0.01040	0.01855	0.11574	0.04429	0.71054	0.02345	0.00457	0.00469	0.00831	0.00333	0.00326
24	0.37388	0.01053	0.01061	0.00877	0.01227	0.01140	0.00716	0.14814	0.12383	0.22549	0.01344	0.01296	0.00942	0.00573	0.00432	0.00160	0.00437	0.00415	0.00463	0.00730
25	0.00690	0.00517	0.00640	0.00630	0.00754	0.00468	0.00470	0.00889	0.01329	0.01806	0.51150	0.12285	0.22247	0.01177	0.00613	0.00171	0.00258	0.02911	0.00532	0.00465
26	0.00891	0.00446	0.00668	0.00668	0.00668	0.00446	0.00446	0.00668	0.00668	0.00891	0.00891	0.01560	0.00891	0.01783	0.02005	0.85071	0.00446	0.00446	0.00223	0.00223
27	0.11786	0.00636	0.00730	0.00686	0.00822	0.00629	0.00493	0.01193	0.01005	0.14793	0.07417	0.05713	0.04438	0.38046	0.01485	0.00324	0.00439	0.08475	0.00414	0.00476
28	0.01901	0.01319	0.01443	0.01128	0.01520	0.01442	0.00925	0.57251	0.12841	0.12660	0.01452	0.01392	0.01020	0.00630	0.00515	0.00157	0.00526	0.00485	0.00530	0.00864
29	0.00625	0.00447	0.00595	0.00714	0.00744	0.00417	0.00476	0.00714	0.00982	0.01310	0.02828	0.81633	0.03394	0.01608	0.00655	0.00208	0.00298	0.01459	0.00476	0.00417
30	0.05358	0.00529	0.00573	0.00588	0.00716	0.00482	0.00421	0.00804	0.01107	0.01466	0.13185	0.20390	0.41845	0.09272	0.00799	0.00210	0.00297	0.01064	0.00462	0.00431
31	0.01867	0.00832	0.01075	0.00859	0.01169	0.00766	0.00682	0.07711	0.03317	0.52470	0.09840	0.02156	0.01702	0.12182	0.00822	0.00207	0.00434	0.00589	0.00570	0.00752
32	0.02087	0.01076	0.01299	0.01012	0.01402	0.01074	0.00831	0.26342	0.09445	0.47141	0.01778	0.01599	0.01173	0.00635	0.00516	0.00159	0.00474	0.00505	0.00585	0.00867
33	0.08095	0.12905	0.02517	0.01696	0.02133	0.01295	0.50724	0.01524	0.01141	0.01606	0.01170	0.07275	0.01030	0.00567	0.00550	0.00168	0.00722	0.03952	0.00284	0.00646
34	0.00658	0.00499	0.00569	0.00591	0.00687	0.00450	0.00406	0.00767	0.01078	0.01382	0.14461	0.21877	0.34562	0.18465	0.01043	0.00248	0.00316	0.01074	0.00454	0.00411
35	0.02163	0.00978	0.01241	0.00965	0.01355	0.00925	0.00793	0.13867	0.07961	0.61172	0.01909	0.01682	0.01234	0.00637	0.00516	0.00159	0.00454	0.00513	0.00607	0.00868
36	0.00748	0.00497	0.00582	0.00597	0.00606	0.00494	0.00358	0.00758	0.00784	0.01043	0.01733	0.09087	0.01993	0.68062	0.02337	0.04265	0.00479	0.04925	0.00328	0.00324
37	0.00729	0.00496	0.00566	0.00573	0.00590	0.00487	0.00335	0.00753	0.00819	0.01087	0.05360	0.09142	0.06369	0.68023	0.02268	0.00443	0.00458	0.00825	0.00344	0.00333
38	0.00759	0.00498	0.00589	0.00603	0.00625	0.00487	0.00363	0.00795	0.00849	0.02991	0.06224	0.18309	0.02312	0.60058	0.02073	0.00415	0.00443	0.00887	0.00365	0.00354
39	0.04004	0.01336	0.01430	0.01123	0.01502	0.01480	0.00916	0.60814	0.12070	0.05380	0.01366	0.01391	0.00997	0.03089	0.00573	0.00167	0.00534	0.00483	0.00507	0.00840

[dist]
# distance from previous block
# <min> <max>
12	20

[block]
# block no. 2 follows, 48 sequences, length 61
# corresponding to MSA columns:
# 189-249
name=unknown_C
#
# <colnr> <probs for GDERKNQSTAVLIFYWHMCP>
#	G	D	E	R	K	N	Q	S	T	A	V	L	I	F	Y	W	H	M	C	P
0	0.01343	0.00754	0.00927	0.00828	0.01038	0.00734	0.00628	0.14166	0.02655	0.23128	0.07618	0.30213	0.04791	0.06102	0.00701	0.00197	0.00389	0.00902	0.02262	0.00626
1	0.00953	0.00618	0.00730	0.00709	0.00796	0.00620	0.00477	0.10193	0.01081	0.06267	0.02008	0.29606	0.02217	0.38201	0.01520	0.00329	0.00429	0.00935	0.01856	0.00454
2	0.00714	0.00515	0.00659	0.00710	0.00780	0.00493	0.00493	0.03335	0.02534	0.01575	0.23150	0.52763	0.03595	0.05267	0.00728	0.00207	0.00303	0.01232	0.00494	0.00452
3	0.01030	0.00578	0.00597	0.00566	0.00713	0.00590	0.00431	0.09075	0.01213	0.02000	0.01809	0.06382	0.03941	0.00679	0.00400	0.00130	0.00277	0.00551	0.68524	0.00515
4	0.04249	0.00878	0.01111	0.00889	0.01223	0.00821	0.00722	0.11300	0.01473	0.52632	0.01992	0.02130	0.03892	0.07680	0.00701	0.00191	0.00449	0.04706	0.02189	0.00772
5	0.00948	0.01507	0.29790	0.01316	0.04346	0.02320	0.11076	0.01283	0.01037	0.01457	0.01604	0.16690	0.06151	0.04282	0.06938	0.00243	0.07417	0.00691	0.00298	0.00606
6	0.01322	0.00976	0.01079	0.00966	0.01229	0.01079	0.00744	0.04332	0.53225	0.11742	0.04198	0.09168	0.01780	0.04980	0.00643	0.00191	0.00405	0.00666	0.00522	0.00751
7	0.01492	0.01583	0.01215	0.01097	0.01357	0.34104	0.00845	0.09206	0.22957	0.01772	0.06543	0.02026	0.08317	0.00732	0.00519	0.00157	0.00619	0.04395	0.00409	0.00655
8	0.00746	0.00497	0.00560	0.00560	0.00560	0.00497	0.00311	0.00746	0.00746	0.00995	0.01617	0.03358	0.01865	0.81967	0.02612	0.00497	0.00497	0.00746	0.00311	0.00311
9	0.00629	0.00458	0.00594	0.00702	0.00748	0.00423	0.00477	0.00726	0.01006	0.01323	0.03054	0.72171	0.10642	0.01573	0.00652	0.00206	0.00299	0.03422	0.00476	0.00420
10	0.00624	0.00512	0.00550	0.00558	0.00709	0.00438	0.00412	0.00764	0.01186	0.01466	0.14597	0.13467	0.60334	0.01301	0.00612	0.00176	0.00262	0.01105	0.00488	0.00438
11	0.85592	0.00992	0.00754	0.00675	0.00992	0.01151	0.00556	0.01508	0.00873	0.02302	0.00714	0.00834	0.00556	0.00476	0.00318	0.00159	0.00397	0.00278	0.00318	0.00556
12	0.00824	0.00559	0.00698	0.00654	0.00795	0.00525	0.00493	0.01106	0.04725	0.05213	0.59429	0.05308	0.09007	0.01009	0.00579	0.00160	0.00260	0.00882	0.07263	0.00509
13	0.00891	0.00446	0.00668	0.00668	0.00668	0.00446	0.00446	0.00668	0.00668	0.00891	0.00891	0.01560	0.00891	0.01783	0.02005	0.85071	0.00446	0.00446	0.00223	0.00223
14	0.01910	0.00918	0.01157	0.00919	0.01264	0.00875	0.00747	0.13299	0.07684	0.49126	0.14456	0.02026	0.01821	0.00705	0.00531	0.00160	0.00421	0.00581	0.00597	0.00804
15	0.01951	0.01437	0.01540	0.01181	0.01591	0.01591	0.00975	0.77056	0.02412	0.03234	0.01232	0.01232	0.00873	0.00616	0.00513	0.00154	0.00565	0.00462	0.00513	0.00873
16	0.00630	0.00453	0.00598	0.00706	0.00744	0.00421	0.00474	0.00728	0.01012	0.01351	0.06803	0.75581	0.05456	0.01570	0.00651	0.00205	0.00294	0.01421	0.00481	0.00421
17	0.01211	0.01384	0.03028	0.02163	0.02682	0.01298	0.76903	0.01644	0.01211	0.01644	0.01038	0.01384	0.00779	0.00433	0.00606	0.00173	0.00865	0.00606	0.00260	0.00692
18	0.00746	0.00497	0.00560	0.00560	0.00560	0.00497	0.00311	0.00746	0.00746	0.00995	0.01617	0.03358	0.01865	0.81967	0.02612	0.00497	0.00497	0.00746	0.00311	0.00311
19	0.01155	0.01102	0.01875	0.32734	0.50079	0.01189	0.01518	0.01474	0.01114	0.01537	0.00945	0.01307	0.00764	0.00478	0.00510	0.00159	0.00638	0.00457	0.00244	0.00720
20	0.00877	0.00451	0.00658	0.00658	0.00658	0.00451	0.00433	0.00676	0.00676	0.00901	0.00961	0.01731	0.00984	0.09440	0.02063	0.76995	0.00451	0.00474	0.00231	0.00231
21	0.00635	0.00501	0.00570	0.00617	0.00734	0.00443	0.00449	0.00756	0.01096	0.01360	0.04124	0.29384	0.46005	0.04165	0.00699	0.00201	0.00297	0.07068	0.00470	0.00427
22	0.01153	0.01284	0.02753	0.02044	0.04683	0.01206	0.66940	0.01547	0.01187	0.01611	0.01218	0.09556	0.01046	0.00553	0.00608	0.00176	0.00800	0.00688	0.00281	0.00667
23	0.00623	0.00485	0.00569	0.00634	0.00732	0.00430	0.00449	0.00736	0.01074	0.01352	0.03899	0.44356	0.37452	0.01462	0.00635	0.00193	0.00286	0.03733	0.00476	0.00426
24	0.01036	0.02607	0.76480	0.01488	0.02238	0.01196	0.04678	0.01626	0.01088	0.01626	0.00925	0.01094	0.00655	0.00485	0.00492	0.00163	0.00762	0.00388	0.00218	0.00756
25	0.01614	0.01927	0.01329	0.01213	0.01428	0.55745	0.00924	0.03922	0.01305	0.01298	0.00923	0.01181	0.00801	0.01267	0.17596	0.00287	0.06010	0.00389	0.00271	0.00571
26	0.01064	0.00912	0.01064	0.00760	0.01216	0.00684	0.00608	0.01292	0.01064	0.01672	0.00912	0.01064	0.00760	0.00380	0.00380	0.00076	0.00380	0.00304	0.00304	0.85104
27	0.01756	0.01289	0.01393	0.01118	0.01488	0.01431	0.00907	0.47786	0.26800	0.08146	0.01565	0.01489	0.01125	0.00643	0.00516	0.00161	0.00504	0.00504	0.00525	0.00853
28	0.00667	0.00543	0.00593	0.00577	0.00739	0.00480	0.00434	0.00879	0.04097	0.01614	0.26910	0.04497	0.53751	0.01203	0.00603	0.00170	0.00260	0.01018	0.00504	0.00462
29	0.00799	0.00537	0.00706	0.00664	0.00793	0.00493	0.00497	0.01029	0.01422	0.05916	0.69625	0.08860	0.04565	0.01065	0.00604	0.00164	0.00256	0.00942	0.00563	0.00499
30	0.00923	0.00559	0.00723	0.00731	0.00859	0.00510	0.00526	0.01096	0.03252	0.13236	0.14027	0.48005	0.08529	0.01295	0.00611	0.00187	0.00313	0.01153	0.00510	0.02955
31	0.02245	0.00965	0.01248	0.00957	0.01356	0.00891	0.00790	0.14682	0.01623	0.66723	0.01895	0.01662	0.01205	0.00632	0.00516	0.00158	0.00458	0.00507	0.00615	0.00873
32	0.00625	0.00447	0.00595	0.00714	0.00744	0.00417	0.00476	0.00714	0.00982	0.01310	0.02828	0.81633	0.03394	0.01608	0.00655	0.00208	0.00298	0.01459	0.00476	0.00417
33	0.01029	0.02654	0.79309	0.01462	0.02221	0.01192	0.01896	0.01625	0.01083	0.01625	0.00921	0.01083	0.00650	0.00487	0.00487	0.00162	0.00758	0.00379	0.00217	0.00758
34	0.00988	0.00924	0.01515	0.75761	0.03397	0.01148	0.01387	0.01399	0.05819	0.01363	0.00985	0.01402	0.00739	0.00524	0.00514	0.00171	0.00667	0.00464	0.00246	0.00585
35	0.00630	0.00451	0.00600	0.00711	0.00745	0.00420	0.00477	0.00728	0.01007	0.01349	0.06741	0.77610	0.03469	0.01579	0.00652	0.00206	0.00295	0.01431	0.00481	0.00420
36	0.00624	0.00451	0.00591	0.00702	0.00741	0.00418	0.00471	0.00716	0.00994	0.01315	0.02976	0.76847	0.08084	0.01588	0.00652	0.00206	0.00295	0.01435	0.00476	0.00418
37	0.00746	0.00497	0.00560	0.00560	0.00560	0.00497	0.00311	0.00746	0.00746	0.00995	0.01617	0.03358	0.01865	0.81967	0.02612	0.00497	0.00497	0.00746	0.00311	0.00311
38	0.03998	0.00879	0.01181	0.00910	0.01304	0.00771	0.00751	0.02484	0.02708	0.76280	0.01998	0.01730	0.01260	0.00633	0.00512	0.00159	0.00435	0.00512	0.00627	0.00866
39	0.01074	0.00609	0.00622	0.00580	0.00738	0.00634	0.00446	0.08858	0.05485	0.02058	0.01653	0.01845	0.01285	0.00605	0.00383	0.00126	0.00281	0.00482	0.71701	0.00536
40	0.00809	0.00579	0.00677	0.00665	0.00805	0.00560	0.00493	0.01142	0.10284	0.03371	0.29709	0.17874	0.18617	0.01097	0.00573	0.00169	0.00279	0.00952	0.10840	0.00507
41	0.01064	0.00912	0.01064	0.00760	0.01216	0.00684	0.00608	0.01292	0.01064	0.01672	0.00912	0.01064	0.00760	0.00380	0.00380	0.00076	0.00380	0.00304	0.00304	0.85104
42	0.00672	0.00509	0.00559	0.00560	0.00658	0.00461	0.00379	0.00769	0.01048	0.01332	0.13274	0.08139	0.38419	0.29491	0.01310	0.00287	0.00343	0.00964	0.00430	0.00396
43	0.01361	0.00799	0.00954	0.00817	0.01081	0.00783	0.00644	0.05626	0.17888	0.25259	0.22211	0.02853	0.15801	0.00870	0.00556	0.00165	0.00356	0.00732	0.00559	0.00683
44	0.03733	0.00879	0.01156	0.00903	0.01274	0.00793	0.00741	0.05141	0.04536	0.65989	0.07698	0.01873	0.01521	0.00665	0.00519	0.00159	0.00425	0.00543	0.00615	0.00836
45	0.06461	0.01298	0.01398	0.01067	0.01480	0.01374	0.00878	0.56620	0.02051	0.05495	0.01172	0.01197	0.00848	0.00566	0.00478	0.00140	0.00518	0.00425	0.00469	0.16063
46	0.01887	0.01108	0.01287	0.01022	0.01387	0.01150	0.00832	0.31111	0.15128	0.31589	0.06641	0.01712	0.01398	0.00665	0.00522	0.00160	0.00468	0.00533	0.00564	0.00837
47	0.00670	0.00493	0.00595	0.00648	0.00742	0.00450	0.00467	0.00809	0.01113	0.01473	0.13510	0.36157	0.25492	0.03827	0.00681	0.00198	0.00295	0.06766	0.05180	0.00435
48	0.00821	0.00621	0.00925	0.00802	0.00879	0.00612	0.11175	0.00874	0.00810	0.01087	0.01482	0.02922	0.01632	0.62847	0.04836	0.05740	0.00575	0.00701	0.00297	0.00364
49	0.01454	0.01072	0.01173	0.01026	0.01336	0.01199	0.00806	0.04223	0.64055	0.14496	0.02060	0.01873	0.01505	0.00685	0.00521	0.00171	0.00414	0.00567	0.00540	0.00823
50	0.00891	0.00446	0.00668	0.00668	0.00668	0.00446	0.00446	0.00668	0.00668	0.00891	0.00891	0.01560	0.00891	0.01783	0.02005	0.85071	0.00446	0.00446	0.00223	0.00223
51	0.14095	0.00890	0.01129	0.00879	0.01265	0.00810	0.00726	0.02360	0.01384	0.68245	0.01839	0.01617	0.01169	0.00613	0.00488	0.00159	0.00431	0.00482	0.00590	0.00828
52	0.01228	0.00947	0.01041	0.00918	0.01177	0.01029	0.00716	0.12493	0.38633	0.06076	0.16363	0.05675	0.09815	0.00844	0.00550	0.00169	0.00381	0.00710	0.00528	0.00710
53	0.00689	0.00523	0.00634	0.00607	0.00744	0.00468	0.00455	0.00897	0.01365	0.01850	0.55811	0.04175	0.27656	0.01127	0.00606	0.00165	0.00248	0.00976	0.00537	0.00468
54	0.01906	0.01288	0.01429	0.01118	0.01502	0.01391	0.00923	0.60660	0.02178	0.13680	0.01462	0.03716	0.01104	0.00687	0.00528	0.00160	0.00535	0.04367	0.00527	0.00840
55	0.05045	0.00877	0.01176	0.00905	0.01299	0.00767	0.00748	0.02468	0.01449	0.76593	0.01981	0.01716	0.01247	0.00630	0.00509	0.00159	0.00435	0.00508	0.00625	0.00863
56	0.00797	0.00531	0.00699	0.00672	0.00793	0.00488	0.00498	0.01011	0.01374	0.06223	0.61440	0.16874	0.04398	0.01120	0.00609	0.00169	0.00262	0.00995	0.00554	0.00494
57	0.85592	0.00992	0.00754	0.00675	0.00992	0.01151	0.00556	0.01508	0.00873	0.02302	0.00714	0.00834	0.00556	0.00476	0.00318	0.00159	0.00397	0.00278	0.00318	0.00556
58	0.00803	0.00581	0.00793	0.00893	0.01016	0.00571	0.00771	0.01030	0.01195	0.01552	0.07145	0.05608	0.09394	0.01387	0.00694	0.00227	0.00442	0.64950	0.00478	0.00470
59	0.01458	0.03204	0.05620	0.01081	0.01362	0.21103	0.02956	0.10105	0.07650	0.10550	0.18360	0.01961	0.04760	0.00729	0.00611	0.00158	0.06689	0.00565	0.00422	0.00655
60	0.01801	0.02228	0.01459	0.01307	0.01548	0.66942	0.00996	0.03484	0.01385	0.01305	0.00791	0.00959	0.00669	0.00570	0.00606	0.00142	0.10363	0.00346	0.00266	0.02832

[dist]
# distance from previous block
# <min> <max>
0	3

[block]
# block no. 3 follows, 48 sequences, length 29
# corresponding to MSA columns:
# 253-281
name=unknown_D
#
# <colnr> <probs for GDERKNQSTAVLIFYWHMCP>
#	G	D	E	R	K	N	Q	S	T	A	V	L	I	F	Y	W	H	M	C	P
0	0.08089	0.00971	0.01216	0.00939	0.01332	0.00915	0.00775	0.14306	0.01577	0.61645	0.01806	0.01600	0.01157	0.00621	0.00502	0.00158	0.00454	0.00491	0.00593	0.00851
1	0.04289	0.01139	0.01315	0.01001	0.01412	0.01133	0.00824	0.36043	0.01811	0.29396	0.01439	0.01371	0.00983	0.00579	0.00486	0.00143	0.00484	0.00449	0.00515	0.15190
2	0.00735	0.00544	0.00793	0.00793	0.00874	0.00624	0.00602	0.00896	0.00815	0.01168	0.01403	0.02175	0.01352	0.13124	0.70753	0.00786	0.01270	0.00573	0.00279	0.00441
3	0.00751	0.00570	0.00834	0.00824	0.00904	0.00670	0.00633	0.00915	0.00816	0.01176	0.01365	0.02095	0.01307	0.10599	0.69672	0.00769	0.04811	0.00563	0.00276	0.00450
4	0.00671	0.00480	0.00627	0.00702	0.00731	0.00477	0.00467	0.00750	0.00912	0.01228	0.02388	0.55604	0.02813	0.19555	0.08240	0.00328	0.02010	0.01200	0.00417	0.00400
5	0.01094	0.00664	0.00894	0.00920	0.01087	0.00650	0.00775	0.05542	0.01279	0.13669	0.04336	0.13623	0.02670	0.01264	0.00659	0.00215	0.00446	0.49159	0.00503	0.00551
6	0.01609	0.00793	0.01012	0.00848	0.01127	0.00743	0.00671	0.07488	0.06645	0.39708	0.18597	0.11944	0.04815	0.00866	0.00555	0.00166	0.00380	0.00737	0.00579	0.00716
7	0.00735	0.00503	0.00574	0.00573	0.00594	0.00499	0.00339	0.00762	0.00807	0.01072	0.04812	0.03424	0.07333	0.69509	0.06045	0.00477	0.00512	0.00768	0.00331	0.00333
8	0.01668	0.03112	0.01449	0.01177	0.01484	0.27139	0.09084	0.15711	0.02982	0.13373	0.01388	0.09322	0.01151	0.00666	0.00504	0.00151	0.00639	0.00542	0.07781	0.00676
9	0.00908	0.00495	0.00535	0.00550	0.00651	0.00495	0.00411	0.01110	0.01039	0.01726	0.01798	0.02624	0.01607	0.13067	0.00745	0.00192	0.00308	0.10017	0.61269	0.00452
10	0.00727	0.00757	0.09549	0.00710	0.00906	0.00547	0.00618	0.00955	0.01244	0.01692	0.34667	0.11162	0.25092	0.03658	0.00656	0.00181	0.00326	0.03188	0.02875	0.00488
11	0.00776	0.00527	0.00612	0.00621	0.00645	0.00529	0.00384	0.03070	0.00851	0.01132	0.01804	0.11337	0.02065	0.65778	0.02218	0.00440	0.00478	0.06040	0.00345	0.00350
12	0.00733	0.00550	0.00825	0.00825	0.00916	0.00641	0.00641	0.00916	0.00825	0.01191	0.01374	0.02016	0.01283	0.03848	0.79934	0.00825	0.01374	0.00550	0.00275	0.00458
13	0.00886	0.00449	0.00674	0.00674	0.00676	0.00452	0.00452	0.00676	0.00674	0.00901	0.00907	0.01575	0.00904	0.01850	0.04532	0.82340	0.00476	0.00449	0.00225	0.00230
14	0.00730	0.00482	0.00636	0.00717	0.00782	0.00445	0.00496	0.00839	0.01052	0.05764	0.07338	0.66916	0.07176	0.01500	0.00643	0.00202	0.00304	0.03040	0.00490	0.00449
15	0.00744	0.00508	0.00612	0.00612	0.00631	0.00526	0.00377	0.00780	0.00762	0.01034	0.01568	0.03091	0.01749	0.66409	0.18012	0.00563	0.00672	0.00707	0.00304	0.00340
16	0.03697	0.01251	0.01378	0.01077	0.01460	0.01348	0.00884	0.51742	0.08505	0.17404	0.01462	0.01408	0.01019	0.00623	0.00504	0.00155	0.00509	0.00479	0.04252	0.00843
17	0.00625	0.00499	0.00560	0.00590	0.00716	0.00434	0.00425	0.00756	0.01148	0.01440	0.12818	0.26872	0.48590	0.01360	0.00620	0.00182	0.00269	0.01173	0.00486	0.00434
18	0.01064	0.00912	0.01064	0.00760	0.01216	0.00684	0.00608	0.01292	0.01064	0.01672	0.00912	0.01064	0.00760	0.00380	0.00380	0.00076	0.00380	0.00304	0.00304	0.85104
19	0.00980	0.00922	0.01512	0.68203	0.03177	0.01165	0.01364	0.01292	0.01005	0.01312	0.00963	0.01532	0.00781	0.00596	0.00655	0.00180	0.09856	0.03702	0.00238	0.00565
20	0.01007	0.00810	0.01019	0.05356	0.01217	0.00799	0.02024	0.09127	0.04239	0.02898	0.20016	0.11303	0.09304	0.00867	0.00616	0.00154	0.06034	0.02212	0.00429	0.20568
21	0.01951	0.01437	0.01540	0.01181	0.01591	0.01591	0.00975	0.77056	0.02412	0.03234	0.01232	0.01232	0.00873	0.00616	0.00513	0.00154	0.00565	0.00462	0.00513	0.00873
22	0.01967	0.01411	0.01523	0.01168	0.01578	0.01552	0.00965	0.73535	0.02368	0.06817	0.01269	0.01256	0.00891	0.00617	0.00513	0.00154	0.00559	0.00465	0.00519	0.00873
23	0.00746	0.00497	0.00560	0.00560	0.00560	0.00497	0.00311	0.00746	0.00746	0.00995	0.01617	0.03358	0.01865	0.81967	0.02612	0.00497	0.00497	0.00746	0.00311	0.00311
24	0.01255	0.01243	0.01862	0.11915	0.55570	0.08009	0.01441	0.01539	0.01166	0.01574	0.01059	0.01564	0.00931	0.00550	0.00552	0.00161	0.02911	0.05697	0.00266	0.00734
25	0.01447	0.01222	0.01240	0.01165	0.05694	0.11140	0.00858	0.24786	0.19938	0.04584	0.01770	0.17908	0.01610	0.00847	0.00545	0.00170	0.00513	0.03387	0.00464	0.00712
26	0.05026	0.01235	0.01934	0.12617	0.53258	0.03721	0.04999	0.07918	0.01253	0.01774	0.00968	0.01254	0.00784	0.00480	0.00504	0.00156	0.00628	0.00453	0.00276	0.00763
27	0.01228	0.01243	0.02216	0.01998	0.18813	0.01259	0.33843	0.03762	0.09872	0.01708	0.01093	0.01355	0.00864	0.00521	0.00674	0.00165	0.09830	0.00520	0.00295	0.08742
28	0.01130	0.08288	0.46135	0.01448	0.02032	0.01282	0.12942	0.05817	0.01156	0.01659	0.02414	0.02782	0.00821	0.00545	0.00591	0.00163	0.07038	0.00445	0.00255	0.03057

[dist]
# distance from previous block
# <min> <max>
0	10

[block]
# block no. 4 follows, 48 sequences, length 34
# corresponding to MSA columns:
# 292-325
name=unknown_E
#
# <colnr> <probs for GDERKNQSTAVLIFYWHMCP>
#	G	D	E	R	K	N	Q	S	T	A	V	L	I	F	Y	W	H	M	C	P
0	0.04501	0.45444	0.20356	0.03689	0.02751	0.01633	0.01123	0.01585	0.05267	0.01442	0.02722	0.01058	0.00809	0.00498	0.00441	0.00135	0.03403	0.00347	0.00250	0.02548
1	0.07371	0.39480	0.23102	0.01078	0.01568	0.01639	0.01146	0.09169	0.05349	0.01654	0.00895	0.01005	0.00720	0.00503	0.00448	0.00140	0.03413	0.00345	0.00272	0.00705
2	0.01771	0.14100	0.01583	0.01114	0.01459	0.24883	0.00906	0.26718	0.07130	0.09469	0.01272	0.04051	0.02089	0.00615	0.00477	0.00145	0.00632	0.00451	0.00404	0.00730
3	0.11969	0.00639	0.00869	0.00828	0.00936	0.00651	0.07752	0.00933	0.00924	0.01392	0.01995	0.40347	0.02279	0.20928	0.03067	0.00284	0.02382	0.01001	0.00383	0.00440
4	0.00608	0.00515	0.00525	0.00534	0.00697	0.00432	0.00396	0.00735	0.01156	0.01381	0.05028	0.10446	0.73160	0.01322	0.00610	0.00176	0.00263	0.01110	0.00476	0.00432
5	0.00721	0.00523	0.00755	0.00793	0.00876	0.00482	0.04968	0.00838	0.01028	0.04263	0.02863	0.68406	0.08559	0.01480	0.00643	0.00202	0.00334	0.01346	0.00470	0.00451
6	0.74292	0.01036	0.00841	0.00736	0.01060	0.01195	0.00604	0.08050	0.04769	0.02374	0.00826	0.00921	0.00632	0.00499	0.00344	0.00159	0.00412	0.00308	0.00344	0.00595
7	0.01162	0.01064	0.02984	0.01021	0.01472	0.00889	0.11027	0.07508	0.03207	0.01795	0.00980	0.01145	0.00788	0.00430	0.00460	0.00104	0.02482	0.00370	0.00317	0.60795
8	0.00630	0.00449	0.00594	0.00708	0.00737	0.00420	0.00470	0.00716	0.00973	0.01298	0.02781	0.78602	0.03335	0.04719	0.00731	0.00220	0.00305	0.01431	0.00470	0.00413
9	0.01029	0.02654	0.79309	0.01462	0.02221	0.01192	0.01896	0.01625	0.01083	0.01625	0.00921	0.01083	0.00650	0.00487	0.00487	0.00162	0.00758	0.00379	0.00217	0.00758
10	0.17502	0.01294	0.01326	0.01042	0.01417	0.01439	0.00858	0.58180	0.02041	0.02977	0.01163	0.01200	0.00841	0.00589	0.00467	0.00153	0.00513	0.00429	0.05780	0.00789
11	0.01071	0.00589	0.00600	0.00559	0.00712	0.00606	0.00430	0.09926	0.01230	0.02065	0.01623	0.01835	0.01264	0.00600	0.00376	0.00124	0.00277	0.00476	0.75114	0.00524
12	0.00691	0.00502	0.00601	0.00615	0.00694	0.00468	0.00421	0.00809	0.01090	0.01450	0.24351	0.18799	0.18844	0.25019	0.01208	0.00274	0.00338	0.02965	0.00453	0.00410
13	0.01080	0.01065	0.01489	0.01293	0.01296	0.01474	0.01068	0.01191	0.00802	0.01241	0.00856	0.07944	0.00904	0.00958	0.01597	0.00223	0.74188	0.00535	0.00246	0.00549
14	0.01428	0.01106	0.01194	0.01040	0.01346	0.01246	0.00818	0.12707	0.58693	0.08546	0.01993	0.04606	0.01512	0.00712	0.00525	0.00171	0.00426	0.00590	0.00529	0.00811
15	0.00637	0.00455	0.00609	0.00728	0.00763	0.00427	0.00497	0.00735	0.00994	0.01323	0.02822	0.77180	0.03368	0.01596	0.00658	0.00210	0.00308	0.05795	0.00476	0.00420
16	0.01338	0.01342	0.01195	0.01096	0.01286	0.28389	0.02135	0.02714	0.06470	0.05921	0.01294	0.01792	0.01143	0.01775	0.27790	0.00389	0.07198	0.05835	0.00323	0.00574
17	0.00630	0.00450	0.00599	0.00711	0.00745	0.00420	0.00477	0.00726	0.01003	0.01343	0.06171	0.78195	0.03458	0.01583	0.00653	0.00206	0.00295	0.01435	0.00480	0.00420
18	0.00658	0.00473	0.00630	0.00738	0.00789	0.00445	0.00524	0.00777	0.01040	0.01380	0.06494	0.64408	0.05991	0.01543	0.00659	0.00209	0.00319	0.12014	0.00480	0.00429
19	0.00746	0.00497	0.00560	0.00560	0.00560	0.00497	0.00311	0.00746	0.00746	0.00995	0.01617	0.03358	0.01865	0.81967	0.02612	0.00497	0.00497	0.00746	0.00311	0.00311
20	0.00832	0.00559	0.00689	0.00687	0.00774	0.00543	0.00485	0.04462	0.01140	0.04213	0.22452	0.20107	0.04908	0.26631	0.01244	0.00283	0.00376	0.07246	0.01925	0.00445
21	0.01064	0.00912	0.01064	0.00760	0.01216	0.00684	0.00608	0.01292	0.01064	0.01672	0.00912	0.01064	0.00760	0.00380	0.00380	0.00076	0.00380	0.00304	0.00304	0.85104
22	0.00641	0.00458	0.00607	0.00702	0.00743	0.00428	0.00474	0.00749	0.01039	0.01402	0.12814	0.69566	0.03551	0.03351	0.00693	0.00209	0.00295	0.01372	0.00484	0.00423
23	0.00766	0.00492	0.00653	0.00726	0.00794	0.00457	0.00506	0.00877	0.01051	0.06947	0.07645	0.63169	0.04377	0.04512	0.00717	0.00213	0.00319	0.04838	0.00487	0.00453
24	0.00730	0.00491	0.00564	0.00580	0.00584	0.00487	0.00332	0.00742	0.00777	0.01036	0.01775	0.13575	0.02065	0.71478	0.02356	0.00460	0.00471	0.00839	0.00332	0.00325
25	0.01086	0.01070	0.01518	0.06293	0.01455	0.01480	0.01108	0.01218	0.00804	0.01237	0.00737	0.01200	0.00716	0.01078	0.07031	0.00263	0.70467	0.00456	0.00228	0.00555
26	0.00868	0.00558	0.00661	0.00628	0.00795	0.00489	0.00470	0.01026	0.01244	0.11821	0.22984	0.13279	0.38052	0.03966	0.00669	0.00184	0.00291	0.01002	0.00514	0.00498
27	0.25510	0.00942	0.01091	0.00863	0.01239	0.00918	0.00713	0.06960	0.01363	0.52876	0.01609	0.01459	0.01046	0.00590	0.00460	0.00158	0.00434	0.00446	0.00539	0.00785
28	0.01864	0.01355	0.01457	0.01126	0.01519	0.01484	0.00927	0.69455	0.02296	0.05259	0.01539	0.01513	0.06463	0.00666	0.00520	0.00156	0.00539	0.00508	0.00514	0.00841
29	0.01150	0.01168	0.01568	0.01346	0.01355	0.04254	0.01118	0.01263	0.00809	0.01236	0.00678	0.01116	0.00673	0.00885	0.01642	0.00221	0.78286	0.00445	0.00226	0.00562
30	0.00937	0.00851	0.01222	0.02898	0.01196	0.01128	0.00905	0.01088	0.00809	0.01216	0.01006	0.01545	0.00958	0.02265	0.38153	0.00503	0.42062	0.00496	0.00248	0.00513
31	0.01861	0.01216	0.01406	0.09327	0.01684	0.02612	0.00945	0.44635	0.04555	0.21157	0.01471	0.04368	0.01062	0.00648	0.00519	0.00159	0.00537	0.00513	0.00508	0.00818
32	0.00888	0.00732	0.00937	0.11271	0.04184	0.00772	0.00711	0.01407	0.18880	0.01870	0.37555	0.04360	0.12566	0.00916	0.00571	0.00167	0.00354	0.00797	0.00487	0.00576
33	0.00724	0.00519	0.00647	0.00690	0.00804	0.00473	0.00519	0.00881	0.01169	0.03965	0.16974	0.30159	0.25527	0.01355	0.00636	0.00193	0.00310	0.13500	0.00497	0.00457

[dist]
# distance from previous block
# <min> <max>
3	6

[block]
# block no. 5 follows, 48 sequences, length 100
# corresponding to MSA columns:
# 332-431
name=unknown_F
#
# <colnr> <probs for GDERKNQSTAVLIFYWHMCP>
#	G	D	E	R	K	N	Q	S	T	A	V	L	I	F	Y	W	H	M	C	P
0	0.00677	0.00517	0.00609	0.00595	0.00723	0.00462	0.00436	0.00852	0.01271	0.01690	0.41431	0.08124	0.32542	0.06900	0.00750	0.00192	0.00270	0.01001	0.00509	0.00449
1	0.01278	0.00710	0.00759	0.00661	0.00865	0.00732	0.00520	0.16970	0.01386	0.08884	0.01613	0.01758	0.01220	0.00605	0.00404	0.00130	0.00323	0.00478	0.60109	0.00594
2	0.01336	0.73919	0.10731	0.00939	0.01412	0.01942	0.00985	0.01546	0.01047	0.01251	0.00735	0.00850	0.00658	0.00444	0.00346	0.00115	0.00571	0.00285	0.00219	0.00669
3	0.00653	0.00464	0.00617	0.00731	0.00775	0.00437	0.00510	0.00762	0.01009	0.01347	0.02840	0.70450	0.04765	0.01562	0.00654	0.00209	0.00315	0.09412	0.02064	0.00424
4	0.00689	0.00477	0.00582	0.00633	0.00667	0.00457	0.00404	0.00761	0.00937	0.01264	0.08638	0.38820	0.05931	0.33614	0.01423	0.00316	0.00370	0.01090	0.02544	0.00382
5	0.00625	0.00447	0.00595	0.00714	0.00744	0.00417	0.00476	0.00714	0.00982	0.01310	0.02828	0.81633	0.03394	0.01608	0.00655	0.00208	0.00298	0.01459	0.00476	0.00417
6	0.00625	0.00447	0.00595	0.00714	0.00744	0.00417	0.00476	0.00714	0.00982	0.01310	0.02828	0.81633	0.03394	0.01608	0.00655	0.00208	0.00298	0.01459	0.00476	0.00417
7	0.00746	0.00497	0.00560	0.00560	0.00560	0.00497	0.00311	0.00746	0.00746	0.00995	0.01617	0.03358	0.01865	0.81967	0.02612	0.00497	0.00497	0.00746	0.00311	0.00311
8	0.00746	0.00497	0.00560	0.00560	0.00560	0.00497	0.00311	0.00746	0.00746	0.00995	0.01617	0.03358	0.01865	0.81967	0.02612	0.00497	0.00497	0.00746	0.00311	0.00311
9	0.00657	0.00516	0.00593	0.00586	0.00727	0.00453	0.00435	0.00829	0.01271	0.01654	0.34927	0.10260	0.42823	0.01220	0.00610	0.00171	0.00255	0.01048	0.00513	0.00453
10	0.01064	0.00912	0.01064	0.00760	0.01216	0.00684	0.00608	0.01292	0.01064	0.01672	0.00912	0.01064	0.00760	0.00380	0.00380	0.00076	0.00380	0.00304	0.00304	0.85104
11	0.00726	0.00489	0.00565	0.00585	0.00590	0.00484	0.00338	0.00741	0.00785	0.01047	0.01815	0.16198	0.02116	0.68785	0.02291	0.00450	0.00465	0.00863	0.00338	0.00328
12	0.00627	0.00448	0.00597	0.00713	0.00745	0.00418	0.00476	0.00720	0.00992	0.01325	0.04345	0.80072	0.03423	0.01596	0.00654	0.00207	0.00297	0.01448	0.00478	0.00418
13	0.00746	0.00497	0.00560	0.00560	0.00560	0.00497	0.00311	0.00746	0.00746	0.00995	0.01617	0.03358	0.01865	0.81967	0.02612	0.00497	0.00497	0.00746	0.00311	0.00311
14	0.01119	0.01237	0.02646	0.01936	0.02378	0.01159	0.64919	0.01498	0.01175	0.01591	0.01319	0.13967	0.01189	0.00617	0.00613	0.00179	0.00776	0.00739	0.00294	0.00649
15	0.00639	0.00456	0.00611	0.00730	0.00766	0.00428	0.00500	0.00738	0.00996	0.01325	0.02821	0.76515	0.03364	0.01595	0.00659	0.00210	0.00309	0.06442	0.00476	0.00421
16	0.00732	0.00543	0.00798	0.00801	0.00884	0.00625	0.00611	0.00898	0.00821	0.01177	0.01423	0.03677	0.01372	0.10206	0.72054	0.00786	0.01282	0.00584	0.00282	0.00445
17	0.02302	0.00873	0.01191	0.00913	0.01310	0.00754	0.00754	0.02501	0.01469	0.79122	0.02024	0.01746	0.01270	0.00635	0.00516	0.00159	0.00437	0.00516	0.00635	0.00873
18	0.01951	0.01437	0.01540	0.01181	0.01591	0.01591	0.00975	0.77056	0.02412	0.03234	0.01232	0.01232	0.00873	0.00616	0.00513	0.00154	0.00565	0.00462	0.00513	0.00873
19	0.01296	0.01096	0.01167	0.01048	0.01336	0.01259	0.00824	0.07649	0.68435	0.02185	0.02066	0.02086	0.01598	0.00731	0.00532	0.00176	0.00421	0.04778	0.00519	0.00797
20	0.01000	0.00939	0.01584	0.66937	0.13664	0.01131	0.01414	0.01331	0.01037	0.01356	0.00938	0.01381	0.00726	0.00641	0.03733	0.00195	0.00702	0.00460	0.00233	0.00598
21	0.81439	0.02282	0.00808	0.00700	0.01018	0.03864	0.00576	0.01527	0.00896	0.02250	0.00717	0.00837	0.00561	0.00478	0.00323	0.00157	0.00417	0.00280	0.00314	0.00559
22	0.16499	0.00962	0.01159	0.00905	0.01290	0.00924	0.00747	0.11383	0.01481	0.56774	0.01704	0.01528	0.01100	0.00606	0.00482	0.00158	0.00445	0.00469	0.00566	0.00819
23	0.00625	0.00447	0.00595	0.00714	0.00744	0.00417	0.00476	0.00714	0.00982	0.01310	0.02828	0.81633	0.03394	0.01608	0.00655	0.00208	0.00298	0.01459	0.00476	0.00417
24	0.00931	0.00534	0.00702	0.00698	0.00710	0.03949	0.00470	0.00730	0.00709	0.00915	0.00924	0.03058	0.00929	0.01724	0.01912	0.79709	0.00464	0.00460	0.00229	0.00243
25	0.00891	0.00446	0.00668	0.00668	0.00668	0.00446	0.00446	0.00668	0.00668	0.00891	0.00891	0.01560	0.00891	0.01783	0.02005	0.85071	0.00446	0.00446	0.00223	0.00223
26	0.00680	0.00505	0.00633	0.00638	0.00747	0.00458	0.00464	0.00864	0.01287	0.01753	0.46659	0.22556	0.18405	0.01229	0.00617	0.00175	0.00259	0.01083	0.00527	0.00458
27	0.01395	0.01060	0.01160	0.01023	0.01321	0.01195	0.00803	0.04835	0.63035	0.11370	0.02024	0.01878	0.01498	0.00825	0.04022	0.00200	0.00457	0.00568	0.00524	0.00806
28	0.02929	0.03576	0.01935	0.16667	0.57297	0.01238	0.01468	0.03141	0.03788	0.01659	0.00987	0.01287	0.00807	0.00478	0.00500	0.00155	0.00609	0.00452	0.00264	0.00761
29	0.01654	0.37854	0.02008	0.01122	0.01460	0.41371	0.00944	0.03527	0.01275	0.01279	0.00765	0.00892	0.00665	0.00501	0.00438	0.00125	0.02930	0.00312	0.00249	0.00629
30	0.01520	0.01421	0.19683	0.01143	0.01619	0.01040	0.05600	0.12310	0.02875	0.22548	0.02613	0.01361	0.00969	0.00554	0.00549	0.00146	0.04769	0.00442	0.00403	0.18434
31	0.01245	0.01275	0.01451	0.17791	0.01821	0.15098	0.02379	0.06840	0.03750	0.01448	0.01206	0.04273	0.05826	0.00769	0.00978	0.00186	0.32271	0.00514	0.00289	0.00589
32	0.01211	0.08093	0.06623	0.01761	0.02205	0.01319	0.48893	0.01697	0.09254	0.03066	0.01190	0.04906	0.00963	0.00549	0.00637	0.00172	0.05889	0.00589	0.00296	0.00688
33	0.00664	0.00483	0.00634	0.00739	0.00801	0.00453	0.00536	0.00788	0.01048	0.01375	0.04547	0.58301	0.10419	0.01531	0.00660	0.00209	0.00327	0.15577	0.00477	0.00430
34	0.01157	0.15493	0.02100	0.11633	0.01936	0.01503	0.19662	0.01389	0.00967	0.01339	0.00821	0.01191	0.00716	0.00740	0.03331	0.00202	0.34516	0.00460	0.00234	0.00609
35	0.07962	0.01383	0.01894	0.01545	0.07408	0.03431	0.20103	0.41049	0.01795	0.02496	0.01084	0.01230	0.00805	0.00560	0.00582	0.00162	0.04862	0.00480	0.00394	0.00776
36	0.00627	0.00519	0.00540	0.00536	0.00694	0.00442	0.00396	0.00763	0.01179	0.01441	0.13188	0.04732	0.66310	0.05504	0.00712	0.00189	0.00270	0.01048	0.00478	0.00432
37	0.00985	0.00943	0.01637	0.75575	0.03478	0.01150	0.06381	0.01333	0.01038	0.01333	0.00920	0.01369	0.00690	0.00508	0.00519	0.00171	0.00696	0.00466	0.00230	0.00578
38	0.00683	0.00508	0.00634	0.00655	0.00761	0.00464	0.00482	0.00856	0.01236	0.01661	0.36283	0.23656	0.20285	0.03292	0.00675	0.00189	0.00283	0.06435	0.00511	0.00451
39	0.00911	0.00565	0.00753	0.00704	0.00849	0.00522	0.00544	0.01129	0.01396	0.10180	0.59884	0.03707	0.04118	0.01070	0.00662	0.03612	0.00293	0.08038	0.00550	0.00514
40	0.01917	0.02445	0.01454	0.01322	0.01586	0.79907	0.00991	0.02049	0.01454	0.01256	0.00793	0.00925	0.00661	0.00529	0.00463	0.00132	0.00925	0.00330	0.00264	0.00595
41	0.85592	0.00992	0.00754	0.00675	0.00992	0.01151	0.00556	0.01508	0.00873	0.02302	0.00714	0.00834	0.00556	0.00476	0.00318	0.00159	0.00397	0.00278	0.00318	0.00556
42	0.07670	0.00818	0.01068	0.00859	0.01192	0.00733	0.00690	0.02160	0.01342	0.61928	0.02001	0.10204	0.01475	0.04671	0.00619	0.00180	0.00422	0.00611	0.00581	0.00776
43	0.00662	0.00519	0.00599	0.00586	0.00729	0.00456	0.00437	0.00842	0.01291	0.01690	0.38677	0.07708	0.41576	0.01198	0.00608	0.00169	0.00253	0.01028	0.00517	0.00456
44	0.02295	0.00884	0.01197	0.00918	0.01315	0.00770	0.00758	0.03908	0.01486	0.77690	0.02009	0.01737	0.01263	0.00635	0.00516	0.00159	0.00439	0.00515	0.00633	0.00873
45	0.00794	0.00516	0.00689	0.00772	0.00847	0.00488	0.00558	0.02326	0.01073	0.06632	0.02727	0.63048	0.03135	0.01494	0.00651	0.00208	0.00339	0.12749	0.00487	0.00465
46	0.00716	0.00516	0.00663	0.00640	0.00746	0.00478	0.00467	0.00923	0.01351	0.01894	0.64131	0.09931	0.07026	0.07334	0.00764	0.00191	0.00267	0.00961	0.00535	0.00464
47	0.00798	0.00541	0.00684	0.00647	0.00775	0.00496	0.00481	0.01000	0.01339	0.05897	0.55382	0.04979	0.12865	0.08726	0.00794	0.00197	0.00286	0.03102	0.00530	0.00481
48	0.00709	0.00524	0.00661	0.00627	0.00756	0.00477	0.00470	0.00934	0.01411	0.01958	0.67671	0.03996	0.15729	0.01086	0.00605	0.00163	0.00245	0.00951	0.00552	0.00477
49	0.00729	0.00547	0.00678	0.00641	0.00778	0.00508	0.00482	0.01002	0.04504	0.01951	0.63373	0.03936	0.16801	0.01076	0.00602	0.00164	0.00252	0.00939	0.00549	0.00489
