[name]
unknown

[dist]
# distance from previous block
# <min> <max>
29	108

[block]
# block no. 0 follows, 38 sequences, length 7
# corresponding to MSA columns:
# 332-338
name=unknown_A
#
# <colnr> <probs for GDERKNQSTAVLIFYWHMCP>
#	G	D	E	R	K	N	Q	S	T	A	V	L	I	F	Y	W	H	M	C	P
0	0.01442	0.01270	0.01730	0.13149	0.15225	0.04041	0.04718	0.12907	0.06350	0.02118	0.01510	0.09902	0.01340	0.00808	0.00759	0.00193	0.09621	0.00666	0.06390	0.05859
1	0.01247	0.01081	0.01471	0.06171	0.01622	0.04980	0.10794	0.11318	0.01458	0.01924	0.09812	0.10849	0.07368	0.10517	0.04757	0.05185	0.05633	0.02748	0.00437	0.00627
2	0.01311	0.06475	0.02016	0.02129	0.26494	0.06152	0.12478	0.01685	0.05220	0.01879	0.09777	0.09560	0.07598	0.00977	0.03400	0.00217	0.00688	0.00781	0.00399	0.00765
3	0.00963	0.00635	0.00811	0.00772	0.00934	0.00575	0.00577	0.01203	0.01591	0.07941	0.50939	0.13817	0.14329	0.01313	0.00709	0.00198	0.00313	0.01153	0.00642	0.00586
4	0.01416	0.00991	0.01173	0.01066	0.03082	0.00995	0.00789	0.18459	0.07392	0.08635	0.10433	0.24039	0.05025	0.05219	0.00780	0.00215	0.00469	0.00976	0.00565	0.08282
5	0.01405	0.00872	0.00973	0.00971	0.06393	0.00912	0.00684	0.17253	0.01615	0.02564	0.01787	0.02012	0.01384	0.00694	0.00473	0.00152	0.00396	0.00555	0.58212	0.00691
6	0.01637	0.01089	0.01320	0.01113	0.01385	0.01210	0.00901	0.24512	0.01714	0.12069	0.01809	0.02047	0.04465	0.01808	0.21046	0.00397	0.09183	0.00610	0.10913	0.00772

[dist]
# distance from previous block
# <min> <max>
6	13

[block]
# block no. 1 follows, 38 sequences, length 23
# corresponding to MSA columns:
# 353-375
name=unknown_B
#
# <colnr> <probs for GDERKNQSTAVLIFYWHMCP>
#	G	D	E	R	K	N	Q	S	T	A	V	L	I	F	Y	W	H	M	C	P
0	0.00954	0.00822	0.01262	0.01059	0.01285	0.00789	0.12010	0.01282	0.03601	0.02152	0.45262	0.04078	0.17363	0.01151	0.00762	0.00198	0.03767	0.01026	0.00568	0.00610
1	0.00775	0.00587	0.00715	0.00736	0.00865	0.00527	0.00532	0.00967	0.01443	0.01920	0.33333	0.26445	0.25951	0.01509	0.00727	0.00209	0.00309	0.01324	0.00601	0.00527
2	0.01305	0.09204	0.60612	0.01594	0.02382	0.01476	0.01966	0.07484	0.01384	0.01998	0.01185	0.04605	0.00923	0.00636	0.00567	0.00187	0.00827	0.00497	0.00295	0.00873
3	0.26226	0.04657	0.08208	0.01051	0.01526	0.01155	0.00948	0.02453	0.03884	0.41521	0.01736	0.01619	0.01155	0.00666	0.00524	0.00185	0.00538	0.00498	0.00564	0.00888
4	0.12784	0.01368	0.01768	0.27561	0.12752	0.01554	0.01354	0.29049	0.01825	0.02619	0.01190	0.01441	0.00887	0.00633	0.00570	0.00188	0.00690	0.00509	0.00414	0.00842
5	0.05091	0.01160	0.01240	0.04370	0.01450	0.01273	0.00844	0.34113	0.06033	0.02950	0.01668	0.01799	0.01253	0.00707	0.00520	0.00167	0.00495	0.00548	0.33519	0.00801
6	0.00880	0.00659	0.00845	0.00920	0.01078	0.00624	0.00772	0.01122	0.01420	0.01824	0.12738	0.06218	0.24467	0.01569	0.00781	0.00245	0.00449	0.42280	0.00568	0.00542
7	0.03995	0.46642	0.29378	0.01262	0.01897	0.01934	0.01436	0.01817	0.01249	0.01665	0.03258	0.01188	0.00919	0.00559	0.00463	0.00155	0.00716	0.00391	0.00273	0.00804
8	0.01297	0.17431	0.58268	0.01686	0.06097	0.01585	0.01978	0.01882	0.01266	0.01815	0.01036	0.01223	0.00774	0.00559	0.00538	0.00178	0.00834	0.00426	0.00257	0.00870
9	0.00766	0.00605	0.00690	0.00683	0.00850	0.00529	0.00507	0.00964	0.01479	0.01915	0.31820	0.11108	0.43064	0.01441	0.00715	0.00201	0.00300	0.01236	0.00598	0.00529
10	0.00860	0.00641	0.00949	0.00949	0.01050	0.00742	0.00729	0.01063	0.00961	0.01383	0.01628	0.02456	0.01544	0.08872	0.72169	0.00944	0.01551	0.00658	0.00325	0.00527
11	0.01589	0.75521	0.06680	0.01063	0.01596	0.02333	0.01087	0.01806	0.01225	0.01439	0.00848	0.00980	0.00772	0.00517	0.00395	0.00132	0.00655	0.00328	0.00257	0.00778
12	0.02151	0.07068	0.01581	0.01273	0.06579	0.01211	0.00969	0.09460	0.14269	0.40279	0.02346	0.02155	0.06363	0.00776	0.00596	0.00185	0.00530	0.00630	0.00628	0.00953
13	0.00733	0.00524	0.00698	0.00838	0.00873	0.00489	0.00558	0.00838	0.01152	0.01536	0.03316	0.78466	0.03979	0.01885	0.00768	0.00244	0.00349	0.01710	0.00558	0.00489
14	0.06644	0.00996	0.01295	0.01026	0.01440	0.00903	0.00837	0.02666	0.05610	0.58830	0.11103	0.02299	0.01973	0.00798	0.00606	0.00187	0.00480	0.00653	0.00708	0.00945
15	0.01377	0.06752	0.52498	0.03618	0.11212	0.01398	0.03289	0.01951	0.01325	0.07771	0.02606	0.01419	0.00943	0.00590	0.00573	0.00186	0.00813	0.00481	0.00308	0.00888
16	0.01218	0.01186	0.01871	0.44349	0.03070	0.01548	0.03620	0.01512	0.01095	0.01512	0.00960	0.01487	0.00800	0.00782	0.01163	0.00226	0.32128	0.00536	0.00267	0.00668
17	0.00740	0.00540	0.00697	0.00808	0.00868	0.00497	0.00549	0.00863	0.01217	0.01613	0.09115	0.65179	0.11507	0.01797	0.00757	0.00236	0.00339	0.01616	0.00566	0.00497
18	0.00891	0.00621	0.00799	0.00839	0.00937	0.00591	0.00591	0.04489	0.01411	0.03473	0.25671	0.47771	0.04268	0.03711	0.00801	0.00232	0.00354	0.01411	0.00592	0.00547
19	0.01606	0.01306	0.01560	0.01146	0.01667	0.01199	0.04780	0.25615	0.01789	0.02574	0.01203	0.01334	0.00937	0.00542	0.00512	0.00126	0.00549	0.00438	0.00436	0.50680
20	0.01411	0.01152	0.01219	0.01100	0.01386	0.03731	0.00848	0.08949	0.40044	0.04726	0.14000	0.10448	0.06385	0.01010	0.00645	0.00201	0.00463	0.00856	0.00605	0.00821
21	0.01918	0.00992	0.01234	0.01039	0.01364	0.00964	0.00814	0.12130	0.08547	0.35061	0.08191	0.16637	0.02295	0.04981	0.00769	0.00218	0.00484	0.00863	0.00651	0.00846
22	0.02093	0.01202	0.05601	0.05510	0.11553	0.01054	0.02852	0.07699	0.01636	0.42352	0.02075	0.10370	0.01570	0.00819	0.00622	0.00193	0.00580	0.00704	0.00591	0.00923

[dist]
# distance from previous block
# <min> <max>
0	2

[block]
# block no. 2 follows, 38 sequences, length 6
# corresponding to MSA columns:
# 378-383
name=unknown_C
#
# <colnr> <probs for GDERKNQSTAVLIFYWHMCP>
#	G	D	E	R	K	N	Q	S	T	A	V	L	I	F	Y	W	H	M	C	P
0	0.09886	0.00974	0.03066	0.00981	0.01290	0.00909	0.00815	0.09219	0.01568	0.23905	0.09281	0.03350	0.10839	0.03958	0.00837	0.05292	0.00497	0.12029	0.00575	0.00732
1	0.01669	0.10766	0.11764	0.01347	0.01808	0.06869	0.05478	0.23410	0.13633	0.02419	0.01542	0.05208	0.01280	0.06175	0.00750	0.00207	0.00683	0.00595	0.00450	0.03946
2	0.01907	0.21372	0.02108	0.01401	0.01726	0.31612	0.01157	0.12892	0.01600	0.01808	0.00957	0.01157	0.00815	0.00696	0.00800	0.00174	0.16305	0.00423	0.00332	0.00758
3	0.01287	0.00964	0.01119	0.00932	0.01273	0.00872	0.00712	0.07940	0.08750	0.06631	0.04498	0.16585	0.06330	0.06442	0.00757	0.00189	0.00450	0.00793	0.00489	0.32986
4	0.01963	0.21691	0.02010	0.01349	0.01709	0.43339	0.01089	0.09274	0.01629	0.01685	0.01021	0.01209	0.00867	0.00963	0.07525	0.00226	0.00980	0.00410	0.00327	0.00734
5	0.06542	0.01039	0.01264	0.01211	0.06484	0.01108	0.00857	0.17969	0.03297	0.10770	0.07067	0.13727	0.02052	0.14561	0.04631	0.00303	0.05074	0.00814	0.00507	0.00724

[dist]
# distance from previous block
# <min> <max>
0	5

[block]
# block no. 3 follows, 38 sequences, length 30
# corresponding to MSA columns:
# 389-418
name=unknown_D
#
# <colnr> <probs for GDERKNQSTAVLIFYWHMCP>
#	G	D	E	R	K	N	Q	S	T	A	V	L	I	F	Y	W	H	M	C	P
0	0.01452	0.01391	0.02362	0.06263	0.70233	0.01397	0.01797	0.01805	0.01364	0.01939	0.01283	0.01627	0.03242	0.00569	0.00599	0.00180	0.00705	0.00559	0.00305	0.00929
1	0.01054	0.00935	0.01355	0.07847	0.01512	0.01207	0.01028	0.01237	0.00982	0.01433	0.01387	0.08169	0.01384	0.04822	0.31995	0.00551	0.31517	0.00683	0.00315	0.00587
2	0.00719	0.00597	0.00623	0.00641	0.00815	0.00508	0.00467	0.00860	0.01326	0.01598	0.05592	0.15297	0.63165	0.04087	0.00795	0.00221	0.00320	0.01315	0.00552	0.00501
3	0.00833	0.00612	0.00780	0.00743	0.00888	0.00559	0.00555	0.01097	0.01651	0.02301	0.65235	0.06646	0.13297	0.01280	0.00711	0.00192	0.00288	0.01125	0.00648	0.00559
4	0.83108	0.01163	0.00884	0.00791	0.01163	0.01350	0.00651	0.01768	0.01024	0.02699	0.00838	0.00977	0.00651	0.00558	0.00372	0.00186	0.00465	0.00326	0.00372	0.00651
5	0.00731	0.00531	0.00690	0.00817	0.00867	0.00490	0.00549	0.00840	0.01172	0.01544	0.03569	0.71851	0.10431	0.01852	0.00763	0.00241	0.00345	0.01670	0.00558	0.00490
6	0.02612	0.01060	0.01400	0.01078	0.01533	0.00951	0.00889	0.08432	0.01793	0.67309	0.02286	0.02007	0.01454	0.00741	0.00598	0.00184	0.00516	0.00598	0.03552	0.01008
7	0.83108	0.01163	0.00884	0.00791	0.01163	0.01350	0.00651	0.01768	0.01024	0.02699	0.00838	0.00977	0.00651	0.00558	0.00372	0.00186	0.00465	0.00326	0.00372	0.00651
8	0.01289	0.01094	0.01270	0.00911	0.01443	0.00844	0.00730	0.04364	0.01310	0.02033	0.01084	0.01255	0.00896	0.00457	0.00452	0.00093	0.00454	0.00364	0.00366	0.79291
9	0.01247	0.01069	0.01247	0.00891	0.01426	0.00802	0.00713	0.01515	0.01247	0.01960	0.01069	0.01247	0.00891	0.00446	0.00446	0.00089	0.00446	0.00356	0.00356	0.82536
10	0.83108	0.01163	0.00884	0.00791	0.01163	0.01350	0.00651	0.01768	0.01024	0.02699	0.00838	0.00977	0.00651	0.00558	0.00372	0.00186	0.00465	0.00326	0.00372	0.00651
11	0.02634	0.01129	0.01461	0.01120	0.01588	0.01040	0.00925	0.14069	0.01897	0.64137	0.02226	0.01952	0.01415	0.00741	0.00604	0.00185	0.00536	0.00595	0.00722	0.01024
12	0.83108	0.01163	0.00884	0.00791	0.01163	0.01350	0.00651	0.01768	0.01024	0.02699	0.00838	0.00977	0.00651	0.00558	0.00372	0.00186	0.00465	0.00326	0.00372	0.00651
13	0.01489	0.01429	0.02442	0.03692	0.75106	0.01429	0.01846	0.01846	0.01370	0.01965	0.01132	0.01489	0.00953	0.00536	0.00596	0.00179	0.00715	0.00536	0.00298	0.00953
14	0.02164	0.01624	0.01736	0.01359	0.01819	0.01808	0.01114	0.62243	0.13885	0.03593	0.01600	0.01569	0.01149	0.00737	0.00603	0.00184	0.00633	0.00563	0.00603	0.01012
15	0.01496	0.01292	0.01360	0.01224	0.01564	0.01496	0.00952	0.03197	0.74019	0.02516	0.02448	0.02244	0.01836	0.00816	0.00612	0.00204	0.00476	0.00680	0.00612	0.00952
16	0.00764	0.00566	0.00713	0.00772	0.00869	0.00515	0.00543	0.00930	0.01354	0.01810	0.24837	0.43424	0.17443	0.01626	0.00740	0.00221	0.00322	0.01447	0.00589	0.00515
17	0.02683	0.01050	0.01412	0.01083	0.01549	0.00923	0.00894	0.05720	0.01766	0.72672	0.02336	0.02024	0.01471	0.00744	0.00605	0.00186	0.00518	0.00602	0.00739	0.01024
18	0.01948	0.01455	0.01606	0.01347	0.03361	0.04567	0.01070	0.44731	0.02226	0.07488	0.03661	0.04410	0.01493	0.04981	0.00868	0.00218	0.06959	0.06186	0.00548	0.00878
19	0.01207	0.03112	0.75741	0.01715	0.02604	0.01397	0.02223	0.01905	0.01270	0.01905	0.01080	0.01270	0.00762	0.00572	0.00572	0.00191	0.00889	0.00445	0.00254	0.00889
20	0.00846	0.00615	0.00797	0.00751	0.00895	0.00565	0.00563	0.01125	0.01690	0.02382	0.72112	0.04544	0.08371	0.01241	0.00710	0.00190	0.00285	0.01095	0.00658	0.00565
21	0.01541	0.00793	0.01027	0.00885	0.01159	0.00718	0.00699	0.01849	0.04545	0.29023	0.36586	0.03704	0.10883	0.01078	0.00671	0.00192	0.00384	0.02844	0.00677	0.00743
22	0.01313	0.01277	0.02302	0.40508	0.19269	0.01397	0.17248	0.04149	0.01333	0.01782	0.01128	0.01583	0.00872	0.00605	0.00665	0.02120	0.00818	0.00573	0.00293	0.00765
23	0.01164	0.01098	0.01855	0.71578	0.09759	0.01344	0.01685	0.01561	0.01216	0.01571	0.01074	0.01595	0.00814	0.00596	0.00601	0.00199	0.00795	0.00535	0.00270	0.00691
24	0.00806	0.00597	0.00752	0.00747	0.00879	0.00543	0.00547	0.01035	0.01546	0.02118	0.50046	0.18303	0.17059	0.01400	0.00720	0.00202	0.00299	0.01233	0.00626	0.00543
25	0.02247	0.02867	0.01705	0.01550	0.01860	0.76443	0.01162	0.02402	0.01705	0.01472	0.00930	0.01085	0.00775	0.00620	0.00542	0.00155	0.01085	0.00387	0.00310	0.00697
26	0.01351	0.01324	0.03376	0.08756	0.41689	0.06894	0.01496	0.01660	0.01350	0.01805	0.01634	0.06616	0.01595	0.04118	0.00747	0.00217	0.00699	0.13526	0.00359	0.00787
27	0.00802	0.00620	0.00838	0.09042	0.01226	0.00622	0.00675	0.00955	0.01211	0.01599	0.08956	0.50818	0.12264	0.04695	0.00857	0.00244	0.02118	0.01421	0.00521	0.00515
28	0.01091	0.00585	0.00841	0.00835	0.00866	0.00592	0.00584	0.03860	0.00917	0.01220	0.01231	0.02205	0.01235	0.01999	0.02157	0.72531	0.00531	0.06105	0.00299	0.00316
29	0.01470	0.01154	0.01311	0.01004	0.01445	0.01057	0.00799	0.21022	0.01649	0.02396	0.01373	0.05312	0.01182	0.03893	0.03803	0.00180	0.00548	0.00515	0.03621	0.46265

[dist]
# distance from previous block
# <min> <max>
0	11

[block]
# block no. 4 follows, 38 sequences, length 35
# corresponding to MSA columns:
# 430-464
name=unknown_E
#
# <colnr> <probs for GDERKNQSTAVLIFYWHMCP>
#	G	D	E	R	K	N	Q	S	T	A	V	L	I	F	Y	W	H	M	C	P
0	0.03352	0.04940	0.12555	0.01944	0.15312	0.13412	0.11475	0.12831	0.04285	0.02161	0.03011	0.03822	0.01169	0.00663	0.00593	0.00179	0.00778	0.01994	0.00377	0.05148
1	0.01329	0.01180	0.01298	0.01047	0.03880	0.04457	0.00794	0.04187	0.08430	0.02034	0.01531	0.01640	0.05678	0.00571	0.00494	0.00117	0.00486	0.00460	0.00399	0.59989
2	0.01313	0.11191	0.12290	0.01096	0.01637	0.01112	0.03240	0.03166	0.01297	0.03794	0.01281	0.06378	0.01134	0.00609	0.00502	0.00131	0.00555	0.02059	0.00360	0.46857
3	0.01487	0.45175	0.28486	0.01314	0.01962	0.01912	0.03684	0.01871	0.01263	0.04077	0.00991	0.01137	0.00800	0.00540	0.00470	0.00153	0.00731	0.00387	0.00277	0.03283
4	0.00822	0.00613	0.00746	0.00722	0.00866	0.00558	0.00534	0.01046	0.01532	0.02077	0.48236	0.04849	0.22906	0.08428	0.00929	0.00232	0.00326	0.03440	0.00605	0.00533
5	0.02699	0.01024	0.01396	0.01070	0.01536	0.00884	0.00884	0.02932	0.01722	0.75522	0.02373	0.02048	0.01489	0.00745	0.00605	0.00186	0.00512	0.00605	0.00745	0.01024
6	0.01348	0.00837	0.00952	0.00844	0.01133	0.00786	0.00659	0.01814	0.14892	0.19797	0.08946	0.04142	0.39088	0.01185	0.00667	0.00198	0.00385	0.00988	0.00620	0.00719
7	0.00864	0.00626	0.00822	0.00803	0.00946	0.00584	0.00622	0.01143	0.01647	0.02299	0.62299	0.04865	0.07522	0.01301	0.00727	0.00202	0.00323	0.11197	0.00643	0.00564
8	0.00744	0.00541	0.00702	0.00809	0.00870	0.00499	0.00551	0.00873	0.01233	0.01642	0.11612	0.63946	0.10195	0.01780	0.00756	0.00235	0.00338	0.01603	0.00570	0.00499
9	0.01247	0.01069	0.01247	0.00891	0.01426	0.00802	0.00713	0.01515	0.01247	0.01960	0.01069	0.01247	0.00891	0.00446	0.00446	0.00089	0.00446	0.00356	0.00356	0.82536
10	0.00969	0.00692	0.00969	0.01108	0.01246	0.00692	0.00969	0.01246	0.01385	0.01800	0.03185	0.06786	0.03462	0.01662	0.00831	0.00277	0.00554	0.71057	0.00554	0.00554
11	0.01608	0.79220	0.03152	0.01029	0.01544	0.02380	0.01029	0.01801	0.01222	0.01415	0.00836	0.00965	0.00772	0.00515	0.00386	0.00129	0.00643	0.00322	0.00257	0.00772
12	0.83108	0.01163	0.00884	0.00791	0.01163	0.01350	0.00651	0.01768	0.01024	0.02699	0.00838	0.00977	0.00651	0.00558	0.00372	0.00186	0.00465	0.00326	0.00372	0.00651
13	0.00874	0.00585	0.00668	0.00668	0.00671	0.00589	0.00379	0.00882	0.00878	0.01175	0.01885	0.03879	0.02162	0.76133	0.05753	0.00597	0.00621	0.00866	0.00363	0.00371
14	0.01316	0.01316	0.01843	0.01579	0.01579	0.01843	0.01316	0.01448	0.00921	0.01448	0.00790	0.01316	0.00790	0.01053	0.01974	0.00263	0.77757	0.00526	0.00263	0.00658
15	0.00733	0.00524	0.00698	0.00838	0.00873	0.00489	0.00558	0.00838	0.01152	0.01536	0.03316	0.78466	0.03979	0.01885	0.00768	0.00244	0.00349	0.01710	0.00558	0.00489
16	0.00859	0.00645	0.00967	0.00967	0.01074	0.00752	0.00752	0.01074	0.00967	0.01396	0.01611	0.02363	0.01504	0.04512	0.76474	0.00967	0.01611	0.00645	0.00322	0.00537
17	0.01124	0.01023	0.01697	0.70532	0.03840	0.01265	0.01563	0.01509	0.01205	0.01580	0.01188	0.03817	0.00937	0.00644	0.00595	0.00198	0.00757	0.00569	0.05302	0.00657
18	0.02002	0.01519	0.01769	0.01409	0.01747	0.01775	0.01165	0.47753	0.02195	0.06861	0.01320	0.01468	0.00998	0.00925	0.03199	0.00226	0.21707	0.00544	0.00509	0.00909
19	0.01403	0.01741	0.09303	0.02470	0.03101	0.01511	0.67287	0.01925	0.01408	0.01925	0.01206	0.01595	0.00901	0.00512	0.00699	0.00202	0.01004	0.00689	0.00300	0.00818
20	0.00733	0.00524	0.00698	0.00838	0.00873	0.00489	0.00558	0.00838	0.01152	0.01536	0.03316	0.78466	0.03979	0.01885	0.00768	0.00244	0.00349	0.01710	0.00558	0.00489
21	0.01608	0.79220	0.03152	0.01029	0.01544	0.02380	0.01029	0.01801	0.01222	0.01415	0.00836	0.00965	0.00772	0.00515	0.00386	0.00129	0.00643	0.00322	0.00257	0.00772
22	0.02581	0.01150	0.04085	0.01202	0.04158	0.00977	0.00980	0.06869	0.01757	0.66253	0.02231	0.01966	0.01418	0.00730	0.00603	0.00186	0.00541	0.00593	0.00703	0.01017
23	0.00969	0.00692	0.00969	0.01108	0.01246	0.00692	0.00969	0.01246	0.01385	0.01800	0.03185	0.06786	0.03462	0.01662	0.00831	0.00277	0.00554	0.71057	0.00554	0.00554
24	0.01233	0.02949	0.68406	0.01873	0.07354	0.01404	0.04698	0.01902	0.01282	0.01910	0.01088	0.01297	0.00780	0.00567	0.00578	0.00190	0.00882	0.00460	0.00259	0.00890
25	0.01898	0.46095	0.02517	0.01241	0.01672	0.32350	0.01079	0.02076	0.01432	0.03510	0.00917	0.01044	0.00793	0.00564	0.00456	0.00141	0.00819	0.00356	0.00292	0.00749
26	0.01313	0.01108	0.01283	0.00922	0.01454	0.00869	0.00740	0.06057	0.01348	0.02076	0.01093	0.01260	0.00899	0.00463	0.00455	0.00095	0.00459	0.00368	0.00372	0.77363
27	0.01329	0.04152	0.39817	0.02371	0.29346	0.01414	0.01924	0.01940	0.05935	0.01970	0.03398	0.01503	0.01049	0.00592	0.00583	0.00185	0.00774	0.00510	0.00305	0.00904
28	0.01207	0.03112	0.75741	0.01715	0.02604	0.01397	0.02223	0.01905	0.01270	0.01905	0.01080	0.01270	0.00762	0.00572	0.00572	0.00191	0.00889	0.00445	0.00254	0.00889
29	0.02699	0.01024	0.01396	0.01070	0.01536	0.00884	0.00884	0.02932	0.01722	0.75522	0.02373	0.02048	0.01489	0.00745	0.00605	0.00186	0.00512	0.00605	0.00745	0.01024
30	0.01287	0.01274	0.01787	0.01540	0.01547	0.01773	0.01280	0.01424	0.00924	0.01444	0.00842	0.01383	0.00835	0.01272	0.06702	0.00308	0.72925	0.00534	0.00267	0.00650
31	0.02699	0.01024	0.01396	0.01070	0.01536	0.00884	0.00884	0.02932	0.01722	0.75522	0.02373	0.02048	0.01489	0.00745	0.00605	0.00186	0.00512	0.00605	0.00745	0.01024
32	0.01136	0.01069	0.01804	0.77412	0.04143	0.01337	0.01671	0.01537	0.01203	0.01537	0.01069	0.01604	0.00802	0.00601	0.00601	0.00200	0.00802	0.00535	0.00267	0.00668
33	0.01136	0.01069	0.01804	0.77412	0.04143	0.01337	0.01671	0.01537	0.01203	0.01537	0.01069	0.01604	0.00802	0.00601	0.00601	0.00200	0.00802	0.00535	0.00267	0.00668
34	0.83108	0.01163	0.00884	0.00791	0.01163	0.01350	0.00651	0.01768	0.01024	0.02699	0.00838	0.00977	0.00651	0.00558	0.00372	0.00186	0.00465	0.00326	0.00372	0.00651

[dist]
# distance from previous block
# <min> <max>
0	7

[block]
# block no. 5 follows, 38 sequences, length 74
# corresponding to MSA columns:
# 472-488,494-516,521-554
name=unknown_F
#
# <colnr> <probs for GDERKNQSTAVLIFYWHMCP>
#	G	D	E	R	K	N	Q	S	T	A	V	L	I	F	Y	W	H	M	C	P
0	0.02685	0.01046	0.01410	0.01081	0.01547	0.00917	0.00893	0.05305	0.01759	0.73096	0.02342	0.02027	0.01473	0.00744	0.00605	0.00186	0.00517	0.00603	0.00740	0.01024
1	0.01247	0.01069	0.01247	0.00891	0.01426	0.00802	0.00713	0.01515	0.01247	0.01960	0.01069	0.01247	0.00891	0.00446	0.00446	0.00089	0.00446	0.00356	0.00356	0.82536
2	0.01045	0.00522	0.00784	0.00784	0.00784	0.00522	0.00522	0.00784	0.00784	0.01045	0.01045	0.01829	0.01045	0.02090	0.02351	0.82497	0.00522	0.00522	0.00261	0.00261
3	0.01496	0.01292	0.01360	0.01224	0.01564	0.01496	0.00952	0.03197	0.74019	0.02516	0.02448	0.02244	0.01836	0.00816	0.00612	0.00204	0.00476	0.00680	0.00612	0.00952
4	0.00875	0.00583	0.00656	0.00656	0.00656	0.00583	0.00365	0.00875	0.00875	0.01166	0.01895	0.03937	0.02187	0.78858	0.03062	0.00583	0.00583	0.00875	0.00365	0.00365
5	0.01941	0.39668	0.02409	0.01290	0.01708	0.36779	0.01097	0.05815	0.01531	0.01566	0.00912	0.01046	0.00786	0.00574	0.00470	0.00144	0.00850	0.00364	0.00300	0.00750
6	0.01277	0.01087	0.01263	0.00905	0.01438	0.00832	0.00725	0.03561	0.01293	0.02013	0.01080	0.01253	0.00895	0.00453	0.00450	0.00092	0.00452	0.00362	0.00363	0.80206
7	0.01817	0.04859	0.17073	0.01311	0.01782	0.10383	0.02639	0.10242	0.07341	0.20837	0.04324	0.08239	0.01621	0.00834	0.00611	0.00191	0.00671	0.03864	0.00507	0.00855
8	0.00818	0.00639	0.00933	0.17084	0.01566	0.00669	0.00794	0.00986	0.01163	0.01536	0.02839	0.62158	0.03305	0.01612	0.00733	0.00235	0.00445	0.01461	0.00497	0.00527
9	0.00761	0.00536	0.00690	0.00801	0.00829	0.00508	0.00519	0.00845	0.01096	0.01461	0.03030	0.63474	0.03618	0.17368	0.01229	0.00312	0.00396	0.01542	0.00519	0.00464
10	0.00737	0.00525	0.00697	0.00832	0.00866	0.00491	0.00553	0.00839	0.01144	0.01525	0.03275	0.76315	0.03927	0.04105	0.00834	0.00254	0.00356	0.01686	0.00553	0.00485
11	0.01643	0.01897	0.11876	0.04880	0.28658	0.15906	0.04442	0.04146	0.14368	0.04263	0.01368	0.01541	0.01062	0.00619	0.00590	0.00182	0.00774	0.00530	0.00371	0.00884
12	0.01181	0.00648	0.00697	0.05184	0.00965	0.00673	0.00531	0.05018	0.01337	0.02279	0.01883	0.02165	0.01472	0.00696	0.00440	0.00146	0.00331	0.00558	0.73207	0.00590
13	0.00733	0.00524	0.00698	0.00838	0.00873	0.00489	0.00558	0.00838	0.01152	0.01536	0.03316	0.78466	0.03979	0.01885	0.00768	0.00244	0.00349	0.01710	0.00558	0.00489
14	0.01442	0.01438	0.02520	0.03073	0.48798	0.02999	0.18000	0.01811	0.01367	0.01926	0.01335	0.01680	0.03458	0.00591	0.00669	0.00186	0.03646	0.00598	0.03590	0.00873
15	0.01700	0.03542	0.01642	0.06120	0.11704	0.13570	0.01140	0.10400	0.30362	0.05960	0.02003	0.01996	0.05701	0.00754	0.00597	0.00187	0.00643	0.00611	0.00493	0.00875
16	0.00733	0.00524	0.00698	0.00838	0.00873	0.00489	0.00558	0.00838	0.01152	0.01536	0.03316	0.78466	0.03979	0.01885	0.00768	0.00244	0.00349	0.01710	0.00558	0.00489
17	0.01240	0.01175	0.01992	0.55752	0.24993	0.01364	0.01722	0.01628	0.01252	0.01663	0.01088	0.01570	0.00846	0.00582	0.00600	0.00194	0.00776	0.00535	0.00276	0.00752
18	0.01786	0.17602	0.11139	0.01473	0.06150	0.23755	0.01240	0.12083	0.05186	0.03946	0.03201	0.01580	0.04944	0.00689	0.00582	0.00169	0.02791	0.00500	0.00380	0.00804
19	0.01329	0.06453	0.38170	0.02094	0.04836	0.01505	0.33136	0.01908	0.01336	0.01890	0.01128	0.01415	0.00834	0.00539	0.00623	0.00192	0.00926	0.00557	0.00277	0.00851
20	0.83108	0.01163	0.00884	0.00791	0.01163	0.01350	0.00651	0.01768	0.01024	0.02699	0.00838	0.00977	0.00651	0.00558	0.00372	0.00186	0.00465	0.00326	0.00372	0.00651
21	0.02190	0.01615	0.01738	0.01351	0.01804	0.01790	0.01107	0.66033	0.06991	0.03605	0.01488	0.01507	0.01072	0.00783	0.00673	0.03482	0.00645	0.00549	0.00589	0.00988
22	0.00986	0.00665	0.00860	0.00793	0.00962	0.00621	0.00601	0.01320	0.04413	0.06775	0.67762	0.04264	0.05283	0.01185	0.00700	0.00190	0.00305	0.01044	0.00665	0.00609
23	0.00979	0.00732	0.01037	0.01002	0.01141	0.00846	0.00785	0.07134	0.01123	0.01598	0.01597	0.02286	0.01463	0.04193	0.70091	0.00901	0.01531	0.00636	0.00346	0.00578
24	0.01930	0.00837	0.01100	0.00904	0.01220	0.00747	0.00716	0.02168	0.01610	0.43636	0.20639	0.02804	0.02598	0.05519	0.00755	0.00205	0.00430	0.00738	0.10631	0.00812
25	0.01247	0.01069	0.01247	0.00891	0.01426	0.00802	0.00713	0.01515	0.01247	0.01960	0.01069	0.01247	0.00891	0.00446	0.00446	0.00089	0.00446	0.00356	0.00356	0.82536
26	0.02287	0.01685	0.01805	0.01384	0.01866	0.01866	0.01143	0.73100	0.02828	0.03791	0.01444	0.01444	0.01023	0.00722	0.00602	0.00181	0.00662	0.00542	0.00602	0.01023
27	0.00875	0.00583	0.00656	0.00656	0.00656	0.00583	0.00365	0.00875	0.00875	0.01166	0.01895	0.03937	0.02187	0.78858	0.03062	0.00583	0.00583	0.00875	0.00365	0.00365
28	0.01638	0.74459	0.03057	0.01046	0.01545	0.02315	0.01032	0.01830	0.01231	0.03941	0.00887	0.01011	0.00797	0.00537	0.00436	0.00134	0.02715	0.00337	0.00274	0.00778
29	0.01316	0.01316	0.01843	0.01579	0.01579	0.01843	0.01316	0.01448	0.00921	0.01448	0.00790	0.01316	0.00790	0.01053	0.01974	0.00263	0.77757	0.00526	0.00263	0.00658
30	0.83108	0.01163	0.00884	0.00791	0.01163	0.01350	0.00651	0.01768	0.01024	0.02699	0.00838	0.00977	0.00651	0.00558	0.00372	0.00186	0.00465	0.00326	0.00372	0.00651
31	0.00836	0.00612	0.00784	0.00746	0.00891	0.00560	0.00558	0.01103	0.01658	0.02319	0.66774	0.06739	0.11623	0.01274	0.00711	0.00192	0.00288	0.01122	0.00650	0.00560
32	0.83108	0.01163	0.00884	0.00791	0.01163	0.01350	0.00651	0.01768	0.01024	0.02699	0.00838	0.00977	0.00651	0.00558	0.00372	0.00186	0.00465	0.00326	0.00372	0.00651
33	0.01608	0.79220	0.03152	0.01029	0.01544	0.02380	0.01029	0.01801	0.01222	0.01415	0.00836	0.00965	0.00772	0.00515	0.00386	0.00129	0.00643	0.00322	0.00257	0.00772
34	0.01247	0.01069	0.01247	0.00891	0.01426	0.00802	0.00713	0.01515	0.01247	0.01960	0.01069	0.01247	0.00891	0.00446	0.00446	0.00089	0.00446	0.00356	0.00356	0.82536
35	0.00834	0.00614	0.00780	0.00738	0.00888	0.00560	0.00554	0.01101	0.01661	0.02314	0.66206	0.04656	0.14320	0.01267	0.00710	0.00191	0.00286	0.01111	0.00649	0.00560
36	0.01207	0.03112	0.75741	0.01715	0.02604	0.01397	0.02223	0.01905	0.01270	0.01905	0.01080	0.01270	0.00762	0.00572	0.00572	0.00191	0.00889	0.00445	0.00254	0.00889
37	0.01704	0.59978	0.06013	0.01224	0.03575	0.15804	0.01127	0.01916	0.01316	0.01461	0.00872	0.01014	0.00777	0.00537	0.00428	0.00137	0.00736	0.00345	0.00268	0.00768
38	0.01608	0.79220	0.03152	0.01029	0.01544	0.02380	0.01029	0.01801	0.01222	0.01415	0.00836	0.00965	0.00772	0.00515	0.00386	0.00129	0.00643	0.00322	0.00257	0.00772
39	0.00720	0.00610	0.00622	0.00619	0.00818	0.00512	0.00464	0.00881	0.01393	0.01677	0.10612	0.05704	0.70312	0.01504	0.00711	0.00202	0.00303	0.01258	0.00565	0.00512
40	0.00870	0.00584	0.00670	0.00674	0.00679	0.00587	0.00386	0.00882	0.00887	0.01186	0.01925	0.06037	0.02212	0.73644	0.05938	0.00589	0.00618	0.00890	0.00368	0.00375
41	0.00833	0.00614	0.00779	0.00738	0.00888	0.00560	0.00553	0.01100	0.01660	0.02312	0.65996	0.04659	0.14531	0.01267	0.00710	0.00191	0.00286	0.01111	0.00649	0.00560
42	0.09358	0.01948	0.01783	0.01702	0.12013	0.23536	0.01203	0.36172	0.02136	0.02762	0.01196	0.01304	0.00908	0.00652	0.00563	0.00173	0.00775	0.00477	0.00454	0.00885
43	0.00972	0.00772	0.01038	0.00968	0.01170	0.00702	0.04933	0.05827	0.01328	0.01819	0.05220	0.48048	0.07390	0.01423	0.00690	0.00205	0.00422	0.01283	0.00513	0.15276
44	0.01367	0.01601	0.06035	0.06901	0.03092	0.01464	0.63124	0.01859	0.01391	0.01887	0.01287	0.04689	0.01023	0.00570	0.00701	0.00204	0.00970	0.00730	0.00310	0.00793
45	0.01344	0.01362	0.01839	0.01578	0.01588	0.04053	0.01312	0.01476	0.00945	0.01448	0.00794	0.01309	0.00789	0.01040	0.01932	0.00260	0.75485	0.00522	0.00265	0.00659
46	0.01489	0.01429	0.02442	0.03692	0.75106	0.01429	0.01846	0.01846	0.01370	0.01965	0.01132	0.01489	0.00953	0.00536	0.00596	0.00179	0.00715	0.00536	0.00298	0.00953
47	0.00806	0.00613	0.00741	0.00709	0.00871	0.00548	0.00532	0.01047	0.01595	0.02156	0.52405	0.04916	0.28219	0.01326	0.00710	0.00194	0.00291	0.01147	0.00628	0.00548
48	0.00845	0.00615	0.00795	0.00750	0.00895	0.00565	0.00562	0.01122	0.01687	0.02375	0.71494	0.04556	0.08994	0.01244	0.00710	0.00190	0.00285	0.01097	0.00657	0.00565
49	0.00711	0.00609	0.00609	0.00609	0.00813	0.00508	0.00457	0.00863	0.01371	0.01625	0.06094	0.05789	0.74862	0.01524	0.00711	0.00203	0.00305	0.01270	0.00559	0.00508
50	0.00843	0.00615	0.00793	0.00748	0.00894	0.00564	0.00561	0.01119	0.01683	0.02365	0.70693	0.04571	0.09801	0.01247	0.00710	0.00190	0.00285	0.01099	0.00656	0.00564
51	0.01207	0.03112	0.75741	0.01715	0.02604	0.01397	0.02223	0.01905	0.01270	0.01905	0.01080	0.01270	0.00762	0.00572	0.00572	0.00191	0.00889	0.00445	0.00254	0.00889
52	0.83108	0.01163	0.00884	0.00791	0.01163	0.01350	0.00651	0.01768	0.01024	0.02699	0.00838	0.00977	0.00651	0.00558	0.00372	0.00186	0.00465	0.00326	0.00372	0.00651
53	0.02247	0.02867	0.01705	0.01550	0.01860	0.76443	0.01162	0.02402	0.01705	0.01472	0.00930	0.01085	0.00775	0.00620	0.00542	0.00155	0.01085	0.00387	0.00310	0.00697
54	0.00859	0.00645	0.00967	0.00967	0.01074	0.00752	0.00752	0.01074	0.00967	0.01396	0.01611	0.02363	0.01504	0.04512	0.76474	0.00967	0.01611	0.00645	0.00322	0.00537
55	0.00737	0.00536	0.00696	0.00813	0.00869	0.00495	0.00550	0.00856	0.01201	0.01590	0.07356	0.68050	0.10399	0.01818	0.00760	0.00238	0.00342	0.01638	0.00564	0.00495
56	0.00756	0.00533	0.00691	0.00808	0.00837	0.00504	0.00527	0.00844	0.01106	0.01475	0.03082	0.66205	0.03684	0.14548	0.01145	0.00300	0.00388	0.01573	0.00527	0.00468
57	0.00786	0.00563	0.00736	0.00856	0.00906	0.00536	0.00578	0.03299	0.01209	0.01613	0.03252	0.75842	0.03878	0.01845	0.00762	0.00242	0.00360	0.01670	0.00560	0.00507
58	0.09912	0.17873	0.47587	0.03088	0.02264	0.04127	0.03625	0.01880	0.01252	0.01870	0.01004	0.01189	0.00758	0.00559	0.00517	0.00177	0.00804	0.00415	0.00271	0.00828
59	0.03753	0.35056	0.43047	0.01400	0.02116	0.01809	0.01675	0.01858	0.01243	0.01722	0.00970	0.01133	0.00763	0.00547	0.00488	0.00164	0.00773	0.00389	0.00259	0.00833
60	0.59432	0.19695	0.03600	0.00893	0.01313	0.03516	0.00799	0.01796	0.01095	0.02342	0.00847	0.00986	0.00686	0.00550	0.00386	0.00172	0.00535	0.00330	0.00340	0.00688
61	0.01368	0.02882	0.01065	0.00881	0.01147	0.00832	0.00694	0.07554	0.06233	0.16678	0.36125	0.03755	0.16156	0.01099	0.00666	0.00190	0.00385	0.00934	0.00642	0.00714
62	0.01045	0.00522	0.00784	0.00784	0.00784	0.00522	0.00522	0.00784	0.00784	0.01045	0.01045	0.01829	0.01045	0.02090	0.02351	0.82497	0.00522	0.00522	0.00261	0.00261
63	0.03585	0.01489	0.02234	0.16671	0.49196	0.08111	0.04362	0.01876	0.03266	0.01876	0.01132	0.01485	0.00924	0.00562	0.00591	0.00182	0.00762	0.00527	0.00304	0.00865
64	0.01407	0.41171	0.39442	0.01372	0.02074	0.01889	0.01626	0.01853	0.01246	0.01660	0.00958	0.01118	0.00767	0.00543	0.00479	0.00160	0.00766	0.00383	0.00256	0.00831
65	0.00753	0.00604	0.00672	0.00670	0.00842	0.00524	0.00497	0.00940	0.01449	0.01844	0.25627	0.11084	0.49444	0.01467	0.00715	0.00202	0.00302	0.01252	0.00588	0.00524
66	0.02050	0.01490	0.01695	0.11910	0.02082	0.01658	0.01152	0.55217	0.02443	0.05754	0.01463	0.01549	0.01048	0.00704	0.00588	0.00180	0.00647	0.00544	0.06887	0.00938
67	0.06144	0.11689	0.01888	0.01272	0.01751	0.01792	0.01074	0.52104	0.02402	0.11875	0.01445	0.01430	0.01027	0.00690	0.00563	0.00175	0.00632	0.00510	0.00563	0.00972
68	0.00887	0.00660	0.00849	0.00948	0.01082	0.00640	0.00770	0.01146	0.03780	0.01721	0.03730	0.20625	0.17625	0.03632	0.00844	0.00261	0.00462	0.39247	0.00553	0.00540
69	0.00870	0.00581	0.00658	0.00662	0.00663	0.00580	0.00371	0.00874	0.00884	0.01179	0.01943	0.06427	0.02247	0.76286	0.02985	0.00572	0.00575	0.00903	0.00371	0.00369
70	0.01646	0.74668	0.03066	0.01060	0.01563	0.06796	0.01037	0.01837	0.01251	0.01419	0.00842	0.00972	0.00772	0.00521	0.00395	0.00130	0.00670	0.00326	0.00260	0.00768
71	0.01215	0.03060	0.73480	0.01776	0.04841	0.01398	0.02211	0.01903	0.01273	0.01907	0.01081	0.01277	0.00768	0.00570	0.00572	0.00190	0.00884	0.00447	0.00255	0.00891
72	0.01489	0.01429	0.02442	0.03692	0.75106	0.01429	0.01846	0.01846	0.01370	0.01965	0.01132	0.01489	0.00953	0.00536	0.00596	0.00179	0.00715	0.00536	0.00298	0.00953
73	0.01045	0.00522	0.00784	0.00784	0.00784	0.00522	0.00522	0.00784	0.00784	0.01045	0.01045	0.01829	0.01045	0.02090	0.02351	0.82497	0.00522	0.00522	0.00261	0.00261

[dist]
# distance from previous block
# <min> <max>
0	27

[block]
# block no. 6 follows, 38 sequences, length 30
# corresponding to MSA columns:
# 582-601,629-638
name=unknown_G
#
# <colnr> <probs for GDERKNQSTAVLIFYWHMCP>
#	G	D	E	R	K	N	Q	S	T	A	V	L	I	F	Y	W	H	M	C	P
0	0.00874	0.00585	0.00666	0.00666	0.00670	0.00589	0.00377	0.00881	0.00878	0.01174	0.01886	0.03886	0.02165	0.76443	0.05447	0.00596	0.00617	0.00867	0.00363	0.00370
1	0.00746	0.00608	0.00660	0.00653	0.00836	0.00522	0.00487	0.00930	0.01446	0.01816	0.22932	0.07724	0.55618	0.01462	0.00712	0.00201	0.00301	0.01239	0.00584	0.00522
2	0.01516	0.61794	0.19773	0.01186	0.01787	0.02155	0.01303	0.01825	0.01233	0.01527	0.00892	0.01035	0.00770	0.00528	0.00428	0.00143	0.00700	0.00350	0.00257	0.00799
3	0.00792	0.00613	0.00722	0.00695	0.00862	0.00542	0.00521	0.01021	0.01563	0.02081	0.45908	0.05038	0.34763	0.01353	0.00710	0.00195	0.00293	0.01164	0.00619	0.00542
4	0.01687	0.69848	0.02975	0.01093	0.01583	0.11472	0.01046	0.01875	0.01282	0.01422	0.00848	0.00980	0.00772	0.00528	0.00405	0.00132	0.00698	0.00330	0.00264	0.00763
5	0.00716	0.00588	0.00631	0.00666	0.00827	0.00503	0.00482	0.00857	0.01317	0.01603	0.05410	0.23678	0.57415	0.01612	0.00725	0.00213	0.00316	0.01378	0.00559	0.00503
6	0.09742	0.53776	0.12872	0.01149	0.01674	0.06696	0.01174	0.01839	0.01230	0.01616	0.00875	0.01027	0.00759	0.00550	0.00468	0.00149	0.03016	0.00349	0.00272	0.00768
7	0.01419	0.01170	0.01684	0.02159	0.33211	0.01196	0.01234	0.02082	0.19963	0.07635	0.14171	0.02531	0.07305	0.00809	0.00628	0.00189	0.00538	0.00722	0.00491	0.00862
8	0.02479	0.01207	0.01493	0.01151	0.01606	0.01171	0.00948	0.24506	0.02063	0.49712	0.05715	0.01984	0.01555	0.00762	0.00609	0.00185	0.00547	0.00610	0.00696	0.01001
9	0.00960	0.00689	0.00957	0.01090	0.01231	0.00686	0.00951	0.01233	0.01384	0.01794	0.03288	0.06750	0.05993	0.01657	0.00827	0.00274	0.00545	0.68583	0.00554	0.00552
10	0.03405	0.02078	0.24780	0.02262	0.05271	0.03409	0.46001	0.01926	0.01371	0.01929	0.01157	0.01484	0.00859	0.00531	0.00652	0.00197	0.00955	0.00608	0.00291	0.00832
11	0.01136	0.01069	0.01804	0.77412	0.04143	0.01337	0.01671	0.01537	0.01203	0.01537	0.01069	0.01604	0.00802	0.00601	0.00601	0.00200	0.00802	0.00535	0.00267	0.00668
12	0.00851	0.00615	0.00804	0.00757	0.00899	0.00568	0.00568	0.01135	0.01703	0.02412	0.74788	0.04494	0.05676	0.01230	0.00710	0.00189	0.00284	0.01088	0.00662	0.00568
13	0.00804	0.00805	0.08128	0.03662	0.01162	0.00615	0.00763	0.00992	0.01210	0.01643	0.08792	0.62138	0.03686	0.01657	0.00738	0.00233	0.00413	0.01493	0.00526	0.00541
14	0.01542	0.01511	0.02336	0.08105	0.53936	0.08076	0.07005	0.01889	0.01402	0.03852	0.01223	0.01675	0.01028	0.00592	0.00608	0.00184	0.00765	0.03066	0.00318	0.00888
15	0.01136	0.01069	0.01804	0.77412	0.04143	0.01337	0.01671	0.01537	0.01203	0.01537	0.01069	0.01604	0.00802	0.00601	0.00601	0.00200	0.00802	0.00535	0.00267	0.00668
16	0.01316	0.01316	0.01843	0.01579	0.01579	0.01843	0.01316	0.01448	0.00921	0.01448	0.00790	0.01316	0.00790	0.01053	0.01974	0.00263	0.77757	0.00526	0.00263	0.00658
17	0.00722	0.00610	0.00625	0.00621	0.00820	0.00513	0.00466	0.00885	0.01398	0.01689	0.11650	0.05685	0.69266	0.01500	0.00711	0.00202	0.00303	0.01255	0.00567	0.00513
18	0.06164	0.01499	0.01637	0.01279	0.01726	0.01624	0.01049	0.55773	0.02489	0.13172	0.01655	0.06301	0.01251	0.00790	0.00601	0.00186	0.00613	0.00612	0.00607	0.00972
19	0.01496	0.01292	0.01360	0.01224	0.01564	0.01496	0.00952	0.03197	0.74019	0.02516	0.02448	0.02244	0.01836	0.00816	0.00612	0.00204	0.00476	0.00680	0.00612	0.00952
20	0.83108	0.01163	0.00884	0.00791	0.01163	0.01350	0.00651	0.01768	0.01024	0.02699	0.00838	0.00977	0.00651	0.00558	0.00372	0.00186	0.00465	0.00326	0.00372	0.00651
21	0.01509	0.01483	0.02373	0.07279	0.67876	0.05187	0.01803	0.01859	0.01378	0.01919	0.01118	0.01474	0.00936	0.00543	0.00593	0.00179	0.00738	0.00528	0.00297	0.00926
22	0.01372	0.01543	0.17103	0.01125	0.01705	0.01037	0.01080	0.07080	0.05037	0.05014	0.01283	0.03511	0.01031	0.00564	0.00508	0.00131	0.00557	0.00453	0.00387	0.49478
23	0.01293	0.01160	0.04627	0.00934	0.01483	0.00832	0.00787	0.01579	0.01264	0.04379	0.01113	0.01275	0.00905	0.00461	0.00456	0.00097	0.00468	0.00369	0.00365	0.76154
24	0.01598	0.71213	0.08507	0.01096	0.01633	0.04584	0.01122	0.01828	0.01241	0.01454	0.00857	0.00991	0.00771	0.00522	0.00405	0.00134	0.00675	0.00333	0.00259	0.00778
25	0.00902	0.00644	0.00800	0.00752	0.00911	0.00596	0.00561	0.01193	0.03795	0.04279	0.56333	0.04529	0.15931	0.05143	0.00822	0.00211	0.00314	0.01079	0.00632	0.00573
26	0.02699	0.01024	0.01396	0.01070	0.01536	0.00884	0.00884	0.02932	0.01722	0.75522	0.02373	0.02048	0.01489	0.00745	0.00605	0.00186	0.00512	0.00605	0.00745	0.01024
27	0.01619	0.01353	0.02319	0.10273	0.52667	0.01351	0.07041	0.01974	0.01407	0.12177	0.01305	0.01588	0.01010	0.00569	0.00606	0.00184	0.00717	0.00559	0.00358	0.00925
28	0.01141	0.00693	0.01125	0.00998	0.01085	0.00690	0.08276	0.04181	0.00944	0.01263	0.01081	0.01789	0.01030	0.01859	0.02097	0.69987	0.00581	0.00543	0.00281	0.00354
29	0.01136	0.01069	0.01804	0.77412	0.04143	0.01337	0.01671	0.01537	0.01203	0.01537	0.01069	0.01604	0.00802	0.00601	0.00601	0.00200	0.00802	0.00535	0.00267	0.00668

[dist]
# distance from previous block
# <min> <max>
0	3

[block]
# block no. 7 follows, 38 sequences, length 28
# corresponding to MSA columns:
# 644-671
name=unknown_H
#
# <colnr> <probs for GDERKNQSTAVLIFYWHMCP>
#	G	D	E	R	K	N	Q	S	T	A	V	L	I	F	Y	W	H	M	C	P
0	0.00736	0.00610	0.00644	0.00636	0.00828	0.00519	0.00477	0.00912	0.01431	0.01766	0.18400	0.05557	0.62468	0.01471	0.00711	0.00201	0.00301	0.01237	0.00577	0.00519
1	0.01593	0.33559	0.28587	0.01486	0.06317	0.01856	0.01515	0.12934	0.01510	0.03936	0.01075	0.01207	0.00837	0.00574	0.00503	0.00163	0.00734	0.00419	0.00325	0.00870
2	0.00991	0.00848	0.01038	0.01017	0.01131	0.07065	0.00782	0.01185	0.01021	0.01391	0.01545	0.02316	0.01460	0.08469	0.63387	0.00854	0.04002	0.00633	0.00322	0.00544
3	0.02247	0.02867	0.01705	0.01550	0.01860	0.76443	0.01162	0.02402	0.01705	0.01472	0.00930	0.01085	0.00775	0.00620	0.00542	0.00155	0.01085	0.00387	0.00310	0.00697
4	0.01608	0.79220	0.03152	0.01029	0.01544	0.02380	0.01029	0.01801	0.01222	0.01415	0.00836	0.00965	0.00772	0.00515	0.00386	0.00129	0.00643	0.00322	0.00257	0.00772
5	0.01136	0.01069	0.01804	0.77412	0.04143	0.01337	0.01671	0.01537	0.01203	0.01537	0.01069	0.01604	0.00802	0.00601	0.00601	0.00200	0.00802	0.00535	0.00267	0.00668
6	0.01205	0.01024	0.01202	0.00887	0.01380	0.00776	0.00700	0.01458	0.01239	0.01925	0.01256	0.07662	0.01148	0.00565	0.00472	0.00102	0.00437	0.00469	0.00373	0.75720
7	0.02247	0.02867	0.01705	0.01550	0.01860	0.76443	0.01162	0.02402	0.01705	0.01472	0.00930	0.01085	0.00775	0.00620	0.00542	0.00155	0.01085	0.00387	0.00310	0.00697
8	0.02699	0.01024	0.01396	0.01070	0.01536	0.00884	0.00884	0.02932	0.01722	0.75522	0.02373	0.02048	0.01489	0.00745	0.00605	0.00186	0.00512	0.00605	0.00745	0.01024
9	0.01207	0.03112	0.75741	0.01715	0.02604	0.01397	0.02223	0.01905	0.01270	0.01905	0.01080	0.01270	0.00762	0.00572	0.00572	0.00191	0.00889	0.00445	0.00254	0.00889
10	0.00796	0.00595	0.00797	0.00973	0.04350	0.00568	0.00624	0.00964	0.03550	0.01582	0.03235	0.68546	0.05812	0.03527	0.00805	0.00246	0.00374	0.01590	0.00544	0.00523
11	0.00718	0.00610	0.00618	0.00616	0.00817	0.00511	0.00462	0.00876	0.01387	0.01662	0.09297	0.05729	0.71636	0.01510	0.00711	0.00202	0.00304	0.01261	0.00563	0.00511
12	0.00976	0.00816	0.00900	0.00974	0.01133	0.06149	0.00801	0.01192	0.01375	0.01693	0.03780	0.09669	0.22804	0.04200	0.00850	0.00257	0.00515	0.40842	0.00531	0.00542
13	0.03308	0.01578	0.09096	0.03340	0.62546	0.01429	0.03909	0.01892	0.03491	0.01992	0.01161	0.01483	0.00953	0.00547	0.00592	0.00181	0.00727	0.00532	0.00305	0.00936
14	0.02240	0.01662	0.01779	0.01375	0.01848	0.01844	0.01132	0.68969	0.07036	0.03716	0.01504	0.01492	0.01071	0.00728	0.00602	0.00182	0.00651	0.00550	0.00602	0.01019
15	0.01454	0.01393	0.02378	0.11085	0.67989	0.01420	0.01829	0.01815	0.01353	0.01922	0.01125	0.01500	0.00938	0.00543	0.00596	0.00181	0.00723	0.00536	0.00295	0.00924
16	0.01503	0.01445	0.02252	0.04753	0.56644	0.04203	0.03466	0.03787	0.07475	0.02032	0.03674	0.01637	0.01170	0.00604	0.00638	0.00184	0.02710	0.00565	0.00343	0.00915
17	0.02028	0.06502	0.01865	0.03673	0.10610	0.51448	0.01245	0.03796	0.03817	0.03427	0.01037	0.01220	0.00853	0.00641	0.00632	0.00167	0.05527	0.00431	0.00328	0.00752
18	0.02699	0.01024	0.01396	0.01070	0.01536	0.00884	0.00884	0.02932	0.01722	0.75522	0.02373	0.02048	0.01489	0.00745	0.00605	0.00186	0.00512	0.00605	0.00745	0.01024
19	0.01608	0.79220	0.03152	0.01029	0.01544	0.02380	0.01029	0.01801	0.01222	0.01415	0.00836	0.00965	0.00772	0.00515	0.00386	0.00129	0.00643	0.00322	0.00257	0.00772
20	0.00741	0.00538	0.00700	0.00812	0.00870	0.00497	0.00551	0.00865	0.01217	0.01618	0.09675	0.66086	0.10012	0.01799	0.00758	0.00236	0.00340	0.01620	0.00567	0.00497
21	0.00792	0.00602	0.00728	0.00720	0.00868	0.00538	0.00531	0.01011	0.01527	0.02050	0.43769	0.14297	0.27565	0.01407	0.00717	0.00201	0.00299	0.01225	0.00616	0.00538
22	0.00711	0.00609	0.00609	0.00609	0.00813	0.00508	0.00457	0.00863	0.01371	0.01625	0.06094	0.05789	0.74862	0.01524	0.00711	0.00203	0.00305	0.01270	0.00559	0.00508
23	0.03816	0.01257	0.02128	0.38584	0.36750	0.01386	0.04081	0.01700	0.01282	0.01783	0.01096	0.01532	0.00871	0.00567	0.00595	0.00190	0.00758	0.00535	0.00286	0.00804
24	0.02194	0.01616	0.01740	0.01352	0.01807	0.01784	0.01109	0.68803	0.02729	0.03657	0.01556	0.06024	0.01199	0.00791	0.00612	0.00184	0.00643	0.00611	0.00599	0.00991
25	0.00892	0.00679	0.00802	0.00755	0.00938	0.00628	0.00577	0.05325	0.01645	0.02204	0.44460	0.04833	0.29126	0.01315	0.00708	0.00196	0.00322	0.03402	0.00619	0.00574
26	0.01715	0.58216	0.02694	0.01108	0.01562	0.15467	0.01021	0.01908	0.01354	0.04020	0.05303	0.01233	0.01089	0.00584	0.00441	0.00139	0.00696	0.00389	0.00307	0.00755
