[name]
unknown

[dist]
# distance from previous block
# <min> <max>
0	53

[block]
# block no. 0 follows, 41 sequences, length 12
# corresponding to MSA columns:
# 63-74
name=unknown_A
#
# <colnr> <probs for GDERKNQSTAVLIFYWHMCP>
#	G	D	E	R	K	N	Q	S	T	A	V	L	I	F	Y	W	H	M	C	P
0	0.03996	0.00965	0.01449	0.21782	0.02144	0.00952	0.08124	0.01417	0.01222	0.01733	0.01618	0.02860	0.01542	0.00815	0.00594	0.00180	0.00598	0.21761	0.00368	0.25882
1	0.01699	0.01189	0.07715	0.01004	0.01497	0.00899	0.00879	0.05848	0.03239	0.27550	0.01554	0.03723	0.01144	0.00593	0.00506	0.00136	0.00490	0.00481	0.00481	0.39373
2	0.01942	0.01275	0.01476	0.05009	0.01681	0.01305	0.00949	0.36477	0.05097	0.18730	0.01541	0.01604	0.01115	0.03998	0.00646	0.00176	0.00559	0.00516	0.00535	0.15371
3	0.01455	0.01354	0.02224	0.09037	0.64454	0.01388	0.01686	0.07934	0.01409	0.01986	0.01097	0.01420	0.00901	0.00529	0.00567	0.00172	0.00682	0.00510	0.00306	0.00891
4	0.01203	0.01196	0.01766	0.64675	0.10773	0.07793	0.01563	0.01560	0.01200	0.01496	0.01011	0.01472	0.00774	0.00567	0.00567	0.00185	0.00777	0.00497	0.00260	0.00664
5	0.01258	0.01141	0.01814	0.44108	0.22482	0.01312	0.01510	0.08571	0.01323	0.01773	0.01184	0.06072	0.00998	0.00653	0.00624	0.00188	0.03377	0.00575	0.00309	0.00729
6	0.01112	0.01027	0.01719	0.67587	0.10804	0.01245	0.01549	0.01484	0.01162	0.01532	0.01062	0.01543	0.00809	0.00570	0.00563	0.00186	0.00731	0.00510	0.04147	0.00657
7	0.01433	0.01214	0.04988	0.24448	0.20634	0.01207	0.07573	0.01923	0.09521	0.13432	0.03619	0.01861	0.04304	0.00645	0.00587	0.00183	0.00652	0.00589	0.00392	0.00795
8	0.03359	0.11870	0.07530	0.09453	0.07585	0.25482	0.01193	0.11216	0.05706	0.03875	0.04759	0.01495	0.02806	0.00637	0.00529	0.00163	0.00746	0.00479	0.00364	0.00752
9	0.05909	0.06973	0.13888	0.04094	0.10172	0.01363	0.29468	0.03121	0.01303	0.03858	0.05625	0.03217	0.01169	0.00598	0.00636	0.00180	0.03794	0.00586	0.00323	0.03723
10	0.04269	0.15404	0.04511	0.04200	0.14177	0.10646	0.01143	0.11856	0.05274	0.13070	0.01273	0.01368	0.00966	0.00597	0.00543	0.00159	0.02605	0.00455	0.01919	0.05566
11	0.07840	0.16005	0.31337	0.01358	0.04245	0.01434	0.04466	0.07597	0.06029	0.02006	0.08197	0.01676	0.04168	0.00648	0.00525	0.00171	0.00654	0.00515	0.00350	0.00778

[dist]
# distance from previous block
# <min> <max>
2	32

[block]
# block no. 1 follows, 41 sequences, length 48
# corresponding to MSA columns:
# 107-136,140-157
name=unknown_B
#
# <colnr> <probs for GDERKNQSTAVLIFYWHMCP>
#	G	D	E	R	K	N	Q	S	T	A	V	L	I	F	Y	W	H	M	C	P
0	0.01605	0.05163	0.11471	0.03338	0.15713	0.04683	0.03677	0.22263	0.04620	0.06492	0.03318	0.01736	0.06260	0.00663	0.00559	0.00167	0.00636	0.00548	0.00422	0.06668
1	0.05203	0.03070	0.08847	0.04730	0.21476	0.03221	0.06591	0.07315	0.04684	0.07832	0.01664	0.06206	0.05413	0.00833	0.02638	0.00202	0.03964	0.02913	0.00387	0.02811
2	0.03724	0.01101	0.03756	0.10213	0.12005	0.03028	0.01022	0.13935	0.01491	0.08784	0.03495	0.16911	0.01744	0.02728	0.00639	0.00191	0.00543	0.03478	0.06181	0.05031
3	0.01925	0.01448	0.01838	0.01412	0.01849	0.03421	0.12834	0.43632	0.04956	0.10749	0.01574	0.07055	0.01224	0.00730	0.00596	0.00178	0.00646	0.00624	0.00526	0.02785
4	0.01186	0.01017	0.01186	0.00847	0.01356	0.00762	0.00678	0.01440	0.01186	0.01864	0.01017	0.01186	0.00847	0.00424	0.00424	0.00085	0.00424	0.00339	0.00339	0.83395
5	0.00783	0.00565	0.00741	0.00737	0.00849	0.00522	0.00538	0.01014	0.01498	0.02101	0.59154	0.21697	0.05023	0.01314	0.00687	0.00192	0.00284	0.01171	0.00607	0.00522
6	0.00799	0.00581	0.00752	0.00716	0.00850	0.00534	0.00534	0.01056	0.01584	0.02225	0.69780	0.07204	0.08826	0.01207	0.00677	0.00183	0.00273	0.01066	0.00621	0.00534
7	0.00792	0.00584	0.00740	0.00701	0.00844	0.00532	0.00526	0.01045	0.01578	0.02196	0.66815	0.04434	0.14672	0.01206	0.00675	0.00182	0.00272	0.01057	0.00617	0.00532
8	0.00818	0.00549	0.00628	0.00642	0.00645	0.00545	0.00366	0.00828	0.00859	0.01145	0.01941	0.11540	0.02255	0.71862	0.02687	0.00521	0.00532	0.00914	0.00366	0.00359
9	0.02566	0.00973	0.01327	0.01018	0.01460	0.00841	0.00841	0.02788	0.01637	0.76726	0.02257	0.01947	0.01416	0.00708	0.00575	0.00177	0.00487	0.00575	0.00708	0.00973
10	0.01251	0.01251	0.01752	0.01502	0.01502	0.01752	0.01251	0.01377	0.00876	0.01377	0.00751	0.01251	0.00751	0.01001	0.01877	0.00250	0.78851	0.00501	0.00250	0.00626
11	0.83938	0.01106	0.00841	0.00752	0.01106	0.01283	0.00619	0.01681	0.00973	0.02566	0.00796	0.00929	0.00619	0.00531	0.00354	0.00177	0.00442	0.00310	0.00354	0.00619
12	0.02566	0.00973	0.01327	0.01018	0.01460	0.00841	0.00841	0.02788	0.01637	0.76726	0.02257	0.01947	0.01416	0.00708	0.00575	0.00177	0.00487	0.00575	0.00708	0.00973
13	0.83938	0.01106	0.00841	0.00752	0.01106	0.01283	0.00619	0.01681	0.00973	0.02566	0.00796	0.00929	0.00619	0.00531	0.00354	0.00177	0.00442	0.00310	0.00354	0.00619
14	0.02556	0.00991	0.01338	0.01026	0.01469	0.00866	0.00847	0.04734	0.01666	0.74739	0.02233	0.01931	0.01404	0.00707	0.00575	0.00177	0.00491	0.00574	0.00704	0.00973
15	0.01239	0.01112	0.01210	0.00882	0.01379	0.05060	0.00702	0.01487	0.01210	0.01838	0.01009	0.01177	0.00841	0.00433	0.00429	0.00088	0.00458	0.00341	0.00336	0.78768
16	0.02174	0.01602	0.01717	0.01316	0.01774	0.01774	0.01087	0.74423	0.02689	0.03605	0.01373	0.01373	0.00973	0.00687	0.00572	0.00172	0.00629	0.00515	0.00572	0.00973
17	0.01949	0.01490	0.01590	0.01270	0.01688	0.01668	0.01033	0.53007	0.24473	0.03241	0.01660	0.01602	0.01205	0.00713	0.00575	0.00178	0.00576	0.00554	0.00575	0.00953
18	0.02099	0.01571	0.01705	0.01322	0.01749	0.01761	0.01091	0.68051	0.04913	0.03441	0.01369	0.01391	0.00985	0.00707	0.00645	0.00177	0.04998	0.00518	0.00555	0.00951
19	0.01450	0.64204	0.18341	0.01114	0.01677	0.02069	0.01214	0.01733	0.01172	0.01442	0.00843	0.00978	0.00732	0.00501	0.00404	0.00135	0.00660	0.00330	0.00244	0.00757
20	0.00994	0.00497	0.00745	0.00745	0.00745	0.00497	0.00497	0.00745	0.00745	0.00994	0.00994	0.01739	0.00994	0.01987	0.02235	0.83358	0.00497	0.00497	0.00248	0.00248
21	0.00922	0.00658	0.00922	0.01053	0.01185	0.00658	0.00922	0.01185	0.01317	0.01712	0.03029	0.06452	0.03292	0.01580	0.00790	0.00263	0.00527	0.72480	0.00527	0.00527
22	0.00755	0.00614	0.00728	0.00699	0.00873	0.00546	0.02210	0.00981	0.03325	0.01801	0.27296	0.11073	0.44337	0.01350	0.00678	0.00192	0.00307	0.01161	0.00558	0.00517
23	0.01131	0.01077	0.01770	0.61924	0.09560	0.01343	0.01557	0.01474	0.01121	0.01483	0.00986	0.01479	0.00773	0.00625	0.00748	0.00197	0.11334	0.00507	0.00256	0.00656
24	0.00994	0.00497	0.00745	0.00745	0.00745	0.00497	0.00497	0.00745	0.00745	0.00994	0.00994	0.01739	0.00994	0.01987	0.02235	0.83358	0.00497	0.00497	0.00248	0.00248
25	0.01414	0.01362	0.02335	0.03421	0.72174	0.01363	0.04205	0.01787	0.02945	0.01879	0.01106	0.01436	0.00923	0.00515	0.00570	0.00171	0.00684	0.00518	0.00290	0.00901
26	0.01466	0.23407	0.31848	0.01754	0.15384	0.10991	0.01578	0.01864	0.01277	0.04045	0.00995	0.01169	0.00783	0.00534	0.00498	0.00159	0.00764	0.00405	0.00271	0.00808
27	0.00914	0.00672	0.00960	0.01152	0.05395	0.00667	0.00907	0.01155	0.01280	0.01680	0.02937	0.17862	0.03235	0.01553	0.00768	0.00253	0.00504	0.57053	0.00514	0.00538
28	0.00769	0.00527	0.00704	0.00801	0.00862	0.00491	0.00554	0.00900	0.01188	0.03554	0.12997	0.64811	0.03923	0.01672	0.00721	0.00225	0.00334	0.03931	0.00549	0.00490
29	0.24187	0.02841	0.01671	0.04015	0.29078	0.01318	0.02678	0.05187	0.07814	0.12295	0.01270	0.01408	0.00962	0.00585	0.00538	0.00177	0.02285	0.00475	0.00397	0.00820
30	0.01405	0.16652	0.21866	0.02439	0.39135	0.05497	0.01669	0.01790	0.01268	0.01731	0.01000	0.01248	0.00818	0.00519	0.00520	0.00163	0.00728	0.00441	0.00266	0.00845
31	0.02287	0.03836	0.08420	0.01095	0.01566	0.01012	0.00976	0.04733	0.08155	0.58559	0.02075	0.01844	0.01346	0.00691	0.00566	0.00177	0.00525	0.00557	0.00634	0.00947
32	0.00746	0.00545	0.00709	0.00827	0.00880	0.00526	0.00567	0.00937	0.05253	0.01522	0.03102	0.72409	0.03650	0.01727	0.00724	0.00231	0.00346	0.04274	0.00534	0.00492
33	0.03806	0.22649	0.05597	0.01423	0.03659	0.27295	0.05142	0.05529	0.01365	0.03303	0.00918	0.01122	0.00774	0.00631	0.00726	0.00166	0.14474	0.00409	0.00296	0.00717
34	0.02496	0.00989	0.01325	0.01027	0.01462	0.00876	0.00845	0.02803	0.06155	0.72167	0.02261	0.01958	0.01436	0.00712	0.00576	0.00178	0.00485	0.00580	0.00700	0.00969
35	0.01050	0.00657	0.00839	0.00761	0.00948	0.00604	0.00582	0.01346	0.04043	0.12067	0.57196	0.04010	0.11421	0.01122	0.00659	0.00181	0.00306	0.00977	0.00629	0.00604
36	0.01225	0.10593	0.65605	0.01573	0.02366	0.01414	0.04076	0.01825	0.01217	0.03542	0.01036	0.01206	0.00746	0.00540	0.00530	0.00176	0.00817	0.00422	0.00254	0.00835
37	0.00810	0.00585	0.00765	0.00720	0.00855	0.00540	0.00540	0.01079	0.01619	0.02294	0.76028	0.04273	0.05397	0.01169	0.00675	0.00180	0.00270	0.01034	0.00630	0.00540
38	0.00837	0.00591	0.00761	0.00718	0.00862	0.00540	0.00539	0.01091	0.01581	0.03935	0.66978	0.06540	0.10476	0.01198	0.00674	0.00182	0.00278	0.01054	0.00621	0.00543
39	0.01437	0.01204	0.01275	0.01144	0.01467	0.01380	0.00891	0.02972	0.71122	0.04573	0.02419	0.02219	0.03738	0.00792	0.00584	0.00193	0.00449	0.00660	0.00584	0.00896
40	0.00832	0.00555	0.00624	0.00624	0.00624	0.00555	0.00347	0.00832	0.00832	0.01109	0.01802	0.03743	0.02080	0.79898	0.02911	0.00555	0.00555	0.00832	0.00347	0.00347
41	0.01529	0.80242	0.02997	0.00979	0.01468	0.02263	0.00979	0.01713	0.01162	0.01346	0.00795	0.00918	0.00734	0.00489	0.00367	0.00122	0.00612	0.00306	0.00245	0.00734
42	0.00817	0.00613	0.00919	0.00919	0.01021	0.00715	0.00715	0.01021	0.00919	0.01328	0.01532	0.02247	0.01430	0.04290	0.77631	0.00919	0.01532	0.00613	0.00306	0.00511
43	0.01186	0.01017	0.01186	0.00847	0.01356	0.00762	0.00678	0.01440	0.01186	0.01864	0.01017	0.01186	0.00847	0.00424	0.00424	0.00085	0.00424	0.00339	0.00339	0.83395
44	0.00817	0.00613	0.00919	0.00919	0.01021	0.00715	0.00715	0.01021	0.00919	0.01328	0.01532	0.02247	0.01430	0.04290	0.77631	0.00919	0.01532	0.00613	0.00306	0.00511
45	0.00802	0.00600	0.00721	0.00785	0.00931	0.00556	0.00631	0.00992	0.01271	0.01624	0.04130	0.12158	0.34562	0.03778	0.00776	0.00232	0.00394	0.29421	0.05140	0.00497
46	0.02272	0.01445	0.01619	0.01242	0.01696	0.01541	0.01026	0.56542	0.02427	0.21856	0.01594	0.01516	0.01083	0.00692	0.00573	0.00173	0.00594	0.00530	0.00606	0.00973
47	0.73376	0.04921	0.02969	0.00826	0.01196	0.05598	0.00702	0.01720	0.01025	0.02425	0.00807	0.00942	0.00634	0.00533	0.00369	0.00173	0.00494	0.00316	0.00343	0.00633

[dist]
# distance from previous block
# <min> <max>
0	2

[block]
# block no. 2 follows, 41 sequences, length 46
# corresponding to MSA columns:
# 161-206
name=unknown_C
#
# <colnr> <probs for GDERKNQSTAVLIFYWHMCP>
#	G	D	E	R	K	N	Q	S	T	A	V	L	I	F	Y	W	H	M	C	P
0	0.01182	0.01121	0.01900	0.55710	0.25955	0.01298	0.01639	0.01551	0.01192	0.01585	0.01035	0.01492	0.00806	0.00553	0.00570	0.00184	0.00737	0.00509	0.00263	0.00718
1	0.08737	0.01078	0.01730	0.59657	0.14998	0.01286	0.01526	0.01528	0.01153	0.01627	0.01006	0.01453	0.00772	0.00558	0.00551	0.00186	0.00720	0.00490	0.00268	0.00676
2	0.02167	0.00961	0.01259	0.00978	0.01384	0.00848	0.00798	0.06798	0.01657	0.54857	0.12492	0.02170	0.01898	0.00745	0.00575	0.00169	0.00459	0.00614	0.00655	0.08516
3	0.01306	0.01013	0.01198	0.00862	0.01365	0.00769	0.00692	0.01557	0.01225	0.08341	0.01124	0.01252	0.00896	0.00448	0.00437	0.00093	0.00429	0.00359	0.00371	0.76264
4	0.01219	0.01036	0.01204	0.00863	0.01369	0.00796	0.00691	0.03851	0.01236	0.01921	0.01028	0.01192	0.00851	0.00432	0.00429	0.00088	0.00430	0.00345	0.00347	0.80672
5	0.01406	0.01349	0.02305	0.05626	0.74289	0.01357	0.01751	0.01747	0.01298	0.01857	0.01074	0.01419	0.00902	0.00511	0.00566	0.00170	0.00682	0.00510	0.00282	0.00898
6	0.02531	0.00981	0.01326	0.01022	0.01461	0.00859	0.00843	0.02795	0.03943	0.74400	0.02259	0.01953	0.01426	0.00710	0.00575	0.00178	0.00486	0.00577	0.00704	0.00971
7	0.01172	0.07882	0.72224	0.01589	0.02411	0.01388	0.02041	0.01805	0.01205	0.01782	0.01012	0.01189	0.00725	0.00540	0.00532	0.00177	0.00830	0.00415	0.00242	0.00838
8	0.01416	0.01359	0.02322	0.03511	0.76330	0.01359	0.01755	0.01755	0.01302	0.01869	0.01076	0.01416	0.00906	0.00510	0.00566	0.00170	0.00680	0.00510	0.00283	0.00906
9	0.00697	0.00498	0.00664	0.00796	0.00830	0.00465	0.00531	0.00796	0.01095	0.01460	0.03153	0.79525	0.03783	0.01792	0.00730	0.00232	0.00332	0.01626	0.00531	0.00465
10	0.00791	0.00582	0.00741	0.00706	0.00845	0.00531	0.00528	0.01042	0.01568	0.02185	0.65977	0.06614	0.13321	0.01219	0.00676	0.00183	0.00274	0.01071	0.00616	0.00531
11	0.04025	0.42978	0.32009	0.01256	0.01884	0.01798	0.03033	0.01745	0.01179	0.01596	0.00901	0.01055	0.00733	0.00510	0.00445	0.00148	0.00700	0.00361	0.00251	0.03395
12	0.01021	0.00798	0.00990	0.00902	0.00936	0.00940	0.00638	0.05651	0.00965	0.01345	0.01498	0.02894	0.01644	0.51353	0.06225	0.00472	0.20208	0.00718	0.00335	0.00464
13	0.01251	0.01251	0.01752	0.01502	0.01502	0.01752	0.01251	0.01377	0.00876	0.01377	0.00751	0.01251	0.00751	0.01001	0.01877	0.00250	0.78851	0.00501	0.00250	0.00626
14	0.01364	0.00981	0.01203	0.06050	0.05440	0.01037	0.00863	0.21700	0.07814	0.06954	0.04629	0.30174	0.04426	0.01118	0.00631	0.00197	0.00475	0.00971	0.03257	0.00715
15	0.14485	0.37199	0.13508	0.01147	0.01622	0.16778	0.01117	0.03741	0.01265	0.01677	0.00878	0.01025	0.00736	0.00606	0.01983	0.00162	0.00722	0.00348	0.00281	0.00721
16	0.00780	0.00730	0.05531	0.00737	0.00929	0.00568	0.00605	0.01015	0.01428	0.01913	0.39155	0.08706	0.30002	0.03034	0.00722	0.00198	0.00328	0.02533	0.00556	0.00530
17	0.00845	0.00595	0.00763	0.00715	0.00864	0.00543	0.00538	0.01103	0.01591	0.04251	0.67719	0.04320	0.11634	0.01182	0.00672	0.00181	0.00278	0.01037	0.00623	0.00546
18	0.03132	0.01352	0.02223	0.07084	0.66422	0.01379	0.01681	0.06354	0.01376	0.01973	0.01086	0.01409	0.00897	0.00524	0.00563	0.00171	0.00676	0.00506	0.00301	0.00891
19	0.01411	0.11986	0.24739	0.12458	0.18690	0.11802	0.03229	0.01806	0.01287	0.03394	0.01081	0.01425	0.00872	0.00574	0.00538	0.00171	0.00777	0.02696	0.00281	0.00782
20	0.01878	0.01006	0.01222	0.01020	0.01374	0.01003	0.00814	0.02608	0.28314	0.38375	0.10999	0.02416	0.04732	0.00813	0.00593	0.00184	0.00442	0.00678	0.00647	0.00880
21	0.01552	0.00798	0.01032	0.00874	0.01145	0.00737	0.00689	0.05306	0.03988	0.30443	0.38238	0.05571	0.05223	0.00986	0.00631	0.00181	0.00377	0.00846	0.00649	0.00732
22	0.04445	0.04009	0.01494	0.01156	0.03341	0.01113	0.02602	0.12037	0.09379	0.51212	0.02003	0.01805	0.01321	0.00690	0.00564	0.00176	0.00521	0.00559	0.00631	0.00942
23	0.01380	0.01557	0.11224	0.03146	0.60600	0.01363	0.06376	0.01806	0.03564	0.01876	0.01114	0.01421	0.00908	0.00520	0.00571	0.00173	0.00710	0.00514	0.00288	0.00890
24	0.00897	0.00718	0.01025	0.00980	0.01049	0.00876	0.00757	0.01057	0.00899	0.01304	0.01432	0.02289	0.01404	0.14777	0.53175	0.00747	0.15180	0.00625	0.00302	0.00507
25	0.01181	0.01033	0.01307	0.00944	0.01442	0.00796	0.05304	0.01444	0.01194	0.01849	0.01094	0.03706	0.00942	0.00471	0.00449	0.00096	0.00455	0.00401	0.00342	0.75551
26	0.76975	0.03231	0.02589	0.00878	0.03898	0.01313	0.00703	0.01688	0.00995	0.02493	0.00812	0.00953	0.00635	0.00529	0.00366	0.00175	0.00464	0.00319	0.00346	0.00638
27	0.01251	0.01251	0.01752	0.01502	0.01502	0.01752	0.01251	0.01377	0.00876	0.01377	0.00751	0.01251	0.00751	0.01001	0.01877	0.00250	0.78851	0.00501	0.00250	0.00626
28	0.01188	0.01024	0.01204	0.00868	0.01360	0.00794	0.00696	0.01438	0.01176	0.01848	0.01008	0.01188	0.00844	0.00442	0.00471	0.00090	0.02956	0.00344	0.00336	0.80722
29	0.00703	0.00503	0.00669	0.00792	0.00831	0.00469	0.00531	0.00812	0.01124	0.01507	0.07240	0.75304	0.03874	0.01757	0.00727	0.00229	0.00328	0.01593	0.00536	0.00469
30	0.00717	0.00581	0.00637	0.00623	0.00798	0.00500	0.00467	0.00901	0.01402	0.01777	0.27569	0.05123	0.54179	0.01362	0.00676	0.00189	0.00284	0.01154	0.00562	0.00500
31	0.00697	0.00498	0.00664	0.00796	0.00830	0.00465	0.00531	0.00796	0.01095	0.01460	0.03153	0.79525	0.03783	0.01792	0.00730	0.00232	0.00332	0.01626	0.00531	0.00465
32	0.01873	0.00829	0.01121	0.00951	0.01271	0.00738	0.00782	0.02108	0.01565	0.46599	0.16660	0.03310	0.05240	0.00976	0.00635	0.00193	0.00445	0.13253	0.00655	0.00794
33	0.83938	0.01106	0.00841	0.00752	0.01106	0.01283	0.00619	0.01681	0.00973	0.02566	0.00796	0.00929	0.00619	0.00531	0.00354	0.00177	0.00442	0.00310	0.00354	0.00619
34	0.01416	0.01359	0.02322	0.03511	0.76330	0.01359	0.01755	0.01755	0.01302	0.01869	0.01076	0.01416	0.00906	0.00510	0.00566	0.00170	0.00680	0.00510	0.00283	0.00906
35	0.02174	0.01602	0.01717	0.01316	0.01774	0.01774	0.01087	0.74423	0.02689	0.03605	0.01373	0.01373	0.00973	0.00687	0.00572	0.00172	0.00629	0.00515	0.00572	0.00973
36	0.00922	0.00658	0.00922	0.01053	0.01185	0.00658	0.00922	0.01185	0.01317	0.01712	0.03029	0.06452	0.03292	0.01580	0.00790	0.00263	0.00527	0.72480	0.00527	0.00527
37	0.83938	0.01106	0.00841	0.00752	0.01106	0.01283	0.00619	0.01681	0.00973	0.02566	0.00796	0.00929	0.00619	0.00531	0.00354	0.00177	0.00442	0.00310	0.00354	0.00619
38	0.02174	0.01602	0.01717	0.01316	0.01774	0.01774	0.01087	0.74423	0.02689	0.03605	0.01373	0.01373	0.00973	0.00687	0.00572	0.00172	0.00629	0.00515	0.00572	0.00973
39	0.01080	0.01017	0.01716	0.78523	0.03940	0.01271	0.01589	0.01461	0.01144	0.01461	0.01017	0.01525	0.00762	0.00572	0.00572	0.00191	0.00762	0.00508	0.00254	0.00635
40	0.00806	0.00585	0.00759	0.00715	0.00852	0.00538	0.00537	0.01072	0.01610	0.02272	0.73964	0.04309	0.07475	0.01178	0.00675	0.00180	0.00270	0.01040	0.00627	0.00538
41	0.08365	0.01565	0.01650	0.01273	0.01723	0.01737	0.01052	0.68915	0.02559	0.03526	0.01330	0.01340	0.00946	0.00675	0.00556	0.00172	0.00615	0.00499	0.00556	0.00946
42	0.01066	0.00533	0.00533	0.00533	0.00666	0.00533	0.00400	0.01333	0.01200	0.02132	0.01866	0.02132	0.01466	0.00666	0.00400	0.00133	0.00267	0.00533	0.83073	0.00533
43	0.00897	0.00647	0.00889	0.01008	0.01141	0.00639	0.00870	0.01149	0.01318	0.01710	0.05130	0.08322	0.07984	0.01567	0.00778	0.00256	0.00500	0.64145	0.00530	0.00523
44	0.00801	0.00584	0.00753	0.00711	0.00849	0.00536	0.00533	0.01063	0.01599	0.02246	0.71568	0.04351	0.09887	0.01187	0.00675	0.00181	0.00271	0.01045	0.00623	0.00536
45	0.02532	0.01028	0.01361	0.01043	0.01487	0.00921	0.00862	0.08985	0.01728	0.70400	0.02180	0.01897	0.01378	0.00706	0.00575	0.00177	0.00499	0.00570	0.00696	0.00973

[dist]
# distance from previous block
# <min> <max>
0	2

[block]
# block no. 3 follows, 41 sequences, length 17
# corresponding to MSA columns:
# 209-225
name=unknown_D
#
# <colnr> <probs for GDERKNQSTAVLIFYWHMCP>
#	G	D	E	R	K	N	Q	S	T	A	V	L	I	F	Y	W	H	M	C	P
0	0.06362	0.05131	0.10078	0.08463	0.10100	0.05874	0.03353	0.13130	0.04922	0.13682	0.06784	0.01981	0.01444	0.00712	0.00569	0.00180	0.00631	0.05358	0.00444	0.00801
1	0.03495	0.12785	0.46819	0.04347	0.04401	0.11562	0.01706	0.01901	0.04719	0.01732	0.01033	0.01200	0.00779	0.00553	0.00515	0.00169	0.00803	0.00413	0.00270	0.00798
2	0.22585	0.51345	0.05768	0.00955	0.01399	0.01900	0.00931	0.01687	0.01108	0.01704	0.00837	0.00982	0.00727	0.00525	0.00424	0.00144	0.03198	0.00326	0.02756	0.00700
3	0.00780	0.00678	0.00678	0.00660	0.00852	0.02992	0.00496	0.01015	0.04730	0.01714	0.18131	0.04987	0.57587	0.01340	0.00666	0.00189	0.00317	0.01124	0.00544	0.00518
4	0.13433	0.11210	0.01546	0.03531	0.03463	0.13541	0.00923	0.13565	0.05855	0.10825	0.01445	0.01567	0.03918	0.03317	0.00629	0.00177	0.03604	0.00481	0.02778	0.04193
5	0.01658	0.00826	0.01073	0.00876	0.01192	0.00729	0.00698	0.04157	0.01612	0.35239	0.32004	0.02932	0.05689	0.00896	0.00606	0.00171	0.00391	0.00761	0.00634	0.07857
6	0.02118	0.01494	0.01628	0.01265	0.01697	0.01632	0.01038	0.65046	0.02522	0.08746	0.01539	0.05894	0.01166	0.00752	0.00581	0.00176	0.00602	0.00583	0.00580	0.00944
7	0.02397	0.00930	0.01267	0.00998	0.01403	0.00807	0.00813	0.02607	0.01588	0.69914	0.02338	0.08969	0.01630	0.00806	0.00589	0.00182	0.00473	0.00670	0.00692	0.00927
8	0.00747	0.00582	0.00678	0.00654	0.00816	0.00513	0.00491	0.00959	0.01472	0.01946	0.43355	0.04846	0.38287	0.01299	0.00675	0.00186	0.00279	0.01115	0.00584	0.00513
9	0.00760	0.00578	0.00700	0.00679	0.00827	0.00517	0.00506	0.00981	0.01488	0.02007	0.49438	0.08977	0.27869	0.01294	0.00678	0.00187	0.00280	0.01123	0.00593	0.00517
10	0.01066	0.00533	0.00533	0.00533	0.00666	0.00533	0.00400	0.01333	0.01200	0.02132	0.01866	0.02132	0.01466	0.00666	0.00400	0.00133	0.00267	0.00533	0.83073	0.00533
11	0.00697	0.00498	0.00664	0.00796	0.00830	0.00465	0.00531	0.00796	0.01095	0.01460	0.03153	0.79525	0.03783	0.01792	0.00730	0.00232	0.00332	0.01626	0.00531	0.00465
12	0.83938	0.01106	0.00841	0.00752	0.01106	0.01283	0.00619	0.01681	0.00973	0.02566	0.00796	0.00929	0.00619	0.00531	0.00354	0.00177	0.00442	0.00310	0.00354	0.00619
13	0.00817	0.00613	0.00919	0.00919	0.01021	0.00715	0.00715	0.01021	0.00919	0.01328	0.01532	0.02247	0.01430	0.04290	0.77631	0.00919	0.01532	0.00613	0.00306	0.00511
14	0.01186	0.01017	0.01186	0.00847	0.01356	0.00762	0.00678	0.01440	0.01186	0.01864	0.01017	0.01186	0.00847	0.00424	0.00424	0.00085	0.00424	0.00339	0.00339	0.83395
15	0.00697	0.00498	0.00664	0.00796	0.00830	0.00465	0.00531	0.00796	0.01095	0.01460	0.03153	0.79525	0.03783	0.01792	0.00730	0.00232	0.00332	0.01626	0.00531	0.00465
16	0.01416	0.01359	0.02322	0.03511	0.76330	0.01359	0.01755	0.01755	0.01302	0.01869	0.01076	0.01416	0.00906	0.00510	0.00566	0.00170	0.00680	0.00510	0.00283	0.00906

[dist]
# distance from previous block
# <min> <max>
5	25

[block]
# block no. 4 follows, 41 sequences, length 56
# corresponding to MSA columns:
# 251-306
name=unknown_E
#
# <colnr> <probs for GDERKNQSTAVLIFYWHMCP>
#	G	D	E	R	K	N	Q	S	T	A	V	L	I	F	Y	W	H	M	C	P
0	0.01080	0.01017	0.01716	0.78523	0.03940	0.01271	0.01589	0.01461	0.01144	0.01461	0.01017	0.01525	0.00762	0.00572	0.00572	0.00191	0.00762	0.00508	0.00254	0.00635
1	0.01529	0.80242	0.02997	0.00979	0.01468	0.02263	0.00979	0.01713	0.01162	0.01346	0.00795	0.00918	0.00734	0.00489	0.00367	0.00122	0.00612	0.00306	0.00245	0.00734
2	0.01193	0.07096	0.63962	0.01688	0.02481	0.01395	0.10731	0.01808	0.01222	0.01788	0.01029	0.01232	0.00742	0.00533	0.00549	0.00179	0.00847	0.00447	0.00247	0.00830
3	0.01227	0.01045	0.01120	0.01030	0.01309	0.01154	0.00789	0.02405	0.53277	0.02145	0.02800	0.12437	0.11113	0.00973	0.00605	0.00194	0.00416	0.00827	0.00558	0.04575
4	0.00697	0.00498	0.00664	0.00796	0.00830	0.00465	0.00531	0.00796	0.01095	0.01460	0.03153	0.79525	0.03783	0.01792	0.00730	0.00232	0.00332	0.01626	0.00531	0.00465
5	0.00711	0.00508	0.00679	0.00805	0.00847	0.00476	0.00549	0.00825	0.01125	0.01503	0.05910	0.73325	0.03822	0.01759	0.00731	0.00232	0.00338	0.04849	0.00535	0.00470
6	0.01315	0.01709	0.13885	0.03895	0.10225	0.02819	0.51124	0.01789	0.01317	0.01805	0.01187	0.04010	0.00941	0.00540	0.00641	0.00189	0.00895	0.00643	0.00289	0.00781
7	0.00724	0.00528	0.00687	0.00793	0.00860	0.00491	0.00559	0.00856	0.01175	0.01550	0.08263	0.59214	0.11784	0.01692	0.00726	0.00228	0.00342	0.08514	0.00537	0.00478
8	0.07650	0.12847	0.03796	0.07599	0.17066	0.01470	0.06495	0.13092	0.09639	0.07001	0.01418	0.01794	0.01152	0.00660	0.00549	0.00177	0.00627	0.05750	0.00403	0.00815
9	0.00898	0.00661	0.00786	0.00736	0.00916	0.00621	0.00558	0.01263	0.08724	0.04861	0.46844	0.04315	0.24275	0.01190	0.00662	0.00185	0.00301	0.01027	0.00601	0.00576
10	0.01186	0.01017	0.01186	0.00847	0.01356	0.00762	0.00678	0.01440	0.01186	0.01864	0.01017	0.01186	0.00847	0.00424	0.00424	0.00085	0.00424	0.00339	0.00339	0.83395
11	0.01032	0.00806	0.00916	0.00845	0.01062	0.00827	0.00647	0.01718	0.25778	0.04203	0.35478	0.03757	0.18493	0.01084	0.00642	0.00187	0.00340	0.00930	0.00596	0.00660
12	0.00891	0.00638	0.00879	0.01003	0.01125	0.00632	0.00855	0.01128	0.01284	0.01668	0.03099	0.13145	0.05678	0.03558	0.00834	0.00265	0.00502	0.61778	0.00523	0.00515
13	0.00828	0.00553	0.00625	0.00628	0.00629	0.00552	0.00351	0.00831	0.00839	0.01118	0.01837	0.05714	0.02124	0.77867	0.02855	0.00546	0.00549	0.00852	0.00351	0.00350
14	0.00810	0.00585	0.00765	0.00720	0.00855	0.00540	0.00540	0.01079	0.01619	0.02294	0.76028	0.04273	0.05397	0.01169	0.00675	0.00180	0.00270	0.01034	0.00630	0.00540
15	0.01350	0.01543	0.03375	0.02411	0.02989	0.01446	0.74253	0.01832	0.01350	0.01832	0.01157	0.01543	0.00868	0.00482	0.00675	0.00193	0.00964	0.00675	0.00289	0.00771
16	0.83938	0.01106	0.00841	0.00752	0.01106	0.01283	0.00619	0.01681	0.00973	0.02566	0.00796	0.00929	0.00619	0.00531	0.00354	0.00177	0.00442	0.00310	0.00354	0.00619
17	0.02111	0.01658	0.01675	0.01316	0.01750	0.07522	0.01074	0.63196	0.08437	0.03340	0.01413	0.01408	0.01017	0.00686	0.00569	0.00172	0.00646	0.00514	0.00552	0.00944
18	0.01400	0.01343	0.02293	0.07097	0.72869	0.01355	0.01747	0.01741	0.01295	0.01849	0.01073	0.01421	0.00899	0.00513	0.00567	0.00171	0.00683	0.00510	0.00282	0.00893
19	0.01529	0.80242	0.02997	0.00979	0.01468	0.02263	0.00979	0.01713	0.01162	0.01346	0.00795	0.00918	0.00734	0.00489	0.00367	0.00122	0.00612	0.00306	0.00245	0.00734
20	0.47532	0.01125	0.01071	0.00879	0.01271	0.01200	0.00722	0.12104	0.01358	0.15307	0.01185	0.01232	0.00857	0.00577	0.00431	0.00166	0.00469	0.00395	0.03248	0.08873
21	0.00735	0.00525	0.00708	0.00840	0.00890	0.00498	0.00598	0.00863	0.01133	0.01503	0.03131	0.67034	0.03699	0.01756	0.00740	0.00238	0.00365	0.13738	0.00530	0.00475
22	0.01066	0.00533	0.00533	0.00533	0.00666	0.00533	0.00400	0.01333	0.01200	0.02132	0.01866	0.02132	0.01466	0.00666	0.00400	0.00133	0.00267	0.00533	0.83073	0.00533
23	0.01186	0.01017	0.01186	0.00847	0.01356	0.00762	0.00678	0.01440	0.01186	0.01864	0.01017	0.01186	0.00847	0.00424	0.00424	0.00085	0.00424	0.00339	0.00339	0.83395
24	0.00696	0.00500	0.00661	0.00789	0.00828	0.00465	0.00528	0.00797	0.01102	0.01463	0.03240	0.77070	0.06181	0.01781	0.00728	0.00231	0.00330	0.01612	0.00531	0.00465
25	0.04104	0.32795	0.30978	0.01325	0.04265	0.03481	0.01410	0.01898	0.06596	0.05129	0.02467	0.01246	0.00923	0.00558	0.00475	0.00158	0.00684	0.00409	0.00302	0.00797
26	0.01429	0.01545	0.09256	0.07560	0.59298	0.03853	0.01728	0.05089	0.01358	0.01904	0.01075	0.01388	0.00878	0.00527	0.00563	0.00172	0.00709	0.00497	0.00291	0.00880
27	0.00702	0.00502	0.00670	0.00803	0.00839	0.00469	0.00541	0.00806	0.01101	0.01466	0.03149	0.77701	0.03771	0.01787	0.00732	0.00233	0.00337	0.03395	0.00531	0.00466
28	0.01282	0.06787	0.62716	0.01599	0.02371	0.04276	0.05088	0.04214	0.01286	0.03709	0.01057	0.01224	0.00757	0.00549	0.00541	0.00177	0.00829	0.00432	0.00268	0.00837
29	0.02067	0.04824	0.01442	0.01204	0.06843	0.01048	0.00905	0.12167	0.04673	0.43657	0.08598	0.06581	0.01793	0.00788	0.00582	0.00177	0.00496	0.00655	0.00614	0.00886
30	0.00997	0.00792	0.00921	0.00856	0.01054	0.00822	0.00651	0.01693	0.25610	0.02252	0.45151	0.05290	0.09479	0.01075	0.00646	0.00187	0.00332	0.00934	0.00605	0.00653
31	0.01044	0.00869	0.01374	0.54526	0.02960	0.01043	0.01249	0.01378	0.01157	0.01606	0.01410	0.07468	0.01208	0.00713	0.00556	0.00184	0.00623	0.02981	0.17053	0.00599
32	0.01492	0.01566	0.04452	0.03217	0.65422	0.10273	0.01690	0.01819	0.01337	0.01812	0.01052	0.01365	0.00881	0.00520	0.00560	0.00168	0.00726	0.00491	0.00283	0.00876
33	0.01474	0.01489	0.04001	0.06821	0.62872	0.06899	0.01684	0.04536	0.01368	0.01880	0.01069	0.01386	0.00885	0.00526	0.00563	0.00170	0.00711	0.00497	0.00293	0.00877
34	0.00896	0.00644	0.00890	0.01017	0.01144	0.00638	0.00875	0.01143	0.01300	0.01687	0.03142	0.11716	0.06088	0.01590	0.00781	0.00258	0.00504	0.64639	0.00527	0.00521
35	0.01503	0.01437	0.02044	0.02816	0.53672	0.06976	0.01512	0.07200	0.10847	0.02017	0.01383	0.01597	0.03235	0.00590	0.00568	0.00172	0.00661	0.00538	0.00350	0.00880
36	0.01667	0.00944	0.01071	0.00883	0.01185	0.00953	0.00707	0.20196	0.04255	0.18522	0.07188	0.02020	0.01602	0.00711	0.00508	0.00156	0.00418	0.00570	0.32551	0.03893
37	0.03810	0.00831	0.02382	0.03782	0.09544	0.00778	0.00832	0.01347	0.03507	0.07374	0.15042	0.16078	0.13267	0.01138	0.00667	0.00195	0.02031	0.10369	0.00494	0.06530
38	0.02052	0.02341	0.01595	0.01407	0.01733	0.54795	0.01076	0.14797	0.11240	0.01907	0.01153	0.01232	0.00907	0.00630	0.00534	0.00158	0.00888	0.00429	0.00379	0.00747
39	0.15426	0.07700	0.48232	0.03750	0.04552	0.03917	0.01664	0.01842	0.04573	0.01914	0.01028	0.01193	0.00761	0.00550	0.00501	0.00176	0.00741	0.00409	0.00280	0.00791
40	0.00715	0.00514	0.00678	0.00778	0.00832	0.00478	0.00530	0.00844	0.01188	0.01601	0.15368	0.65044	0.05946	0.01679	0.00719	0.00223	0.00320	0.01516	0.00547	0.00478
41	0.01156	0.01111	0.01569	0.01374	0.01396	0.01525	0.01134	0.01299	0.00885	0.01366	0.00922	0.01470	0.00900	0.01722	0.18481	0.00397	0.61904	0.00525	0.00263	0.00600
42	0.00819	0.00665	0.03389	0.00753	0.00910	0.00565	0.00594	0.01098	0.01594	0.02259	0.71859	0.05802	0.05201	0.01161	0.00671	0.00181	0.00291	0.01026	0.00614	0.00549
43	0.00703	0.00581	0.00617	0.00608	0.00789	0.00495	0.00456	0.00874	0.01368	0.01698	0.20171	0.05253	0.61625	0.01391	0.00676	0.00190	0.00286	0.01172	0.00551	0.00495
44	0.01436	0.61283	0.21136	0.01139	0.01715	0.02034	0.01257	0.01737	0.01173	0.01460	0.00852	0.00989	0.00732	0.00503	0.00410	0.00137	0.00669	0.00335	0.00244	0.00761
45	0.77372	0.01197	0.00907	0.00805	0.01160	0.04796	0.00658	0.04217	0.01062	0.02549	0.00820	0.00949	0.00637	0.00539	0.00369	0.00175	0.00476	0.00319	0.00359	0.00634
46	0.83938	0.01106	0.00841	0.00752	0.01106	0.01283	0.00619	0.01681	0.00973	0.02566	0.00796	0.00929	0.00619	0.00531	0.00354	0.00177	0.00442	0.00310	0.00354	0.00619
47	0.01529	0.80242	0.02997	0.00979	0.01468	0.02263	0.00979	0.01713	0.01162	0.01346	0.00795	0.00918	0.00734	0.00489	0.00367	0.00122	0.00612	0.00306	0.00245	0.00734
48	0.01251	0.01251	0.01752	0.01502	0.01502	0.01752	0.01251	0.01377	0.00876	0.01377	0.00751	0.01251	0.00751	0.01001	0.01877	0.00250	0.78851	0.00501	0.00250	0.00626
49	0.02174	0.01602	0.01717	0.01316	0.01774	0.01774	0.01087	0.74423	0.02689	0.03605	0.01373	0.01373	0.00973	0.00687	0.00572	0.00172	0.00629	0.00515	0.00572	0.00973
50	0.00816	0.00548	0.00629	0.00644	0.00648	0.00544	0.00369	0.00828	0.00863	0.01151	0.01963	0.12759	0.02282	0.70606	0.02652	0.00516	0.00528	0.00926	0.00369	0.00361
51	0.01413	0.01368	0.02372	0.03458	0.72824	0.01363	0.05221	0.01759	0.01305	0.01867	0.01080	0.01422	0.00904	0.00508	0.00571	0.00171	0.00693	0.00518	0.00283	0.00900
52	0.00737	0.00636	0.00716	0.00799	0.06257	0.00549	0.00536	0.00902	0.01320	0.01608	0.09166	0.05143	0.66906	0.01366	0.00668	0.00191	0.00317	0.01147	0.00518	0.00517
53	0.65445	0.01165	0.01006	0.00854	0.01231	0.01315	0.00704	0.12043	0.01272	0.09049	0.01003	0.01079	0.00737	0.00568	0.00404	0.00176	0.00473	0.00361	0.00415	0.00700
54	0.01412	0.01370	0.02384	0.03446	0.71995	0.01364	0.06041	0.01760	0.01305	0.01867	0.01081	0.01423	0.00904	0.00508	0.00573	0.00171	0.00696	0.00519	0.00283	0.00898
55	0.01391	0.01334	0.02278	0.08951	0.71080	0.01353	0.01743	0.01734	0.01291	0.01839	0.01072	0.01424	0.00896	0.00514	0.00567	0.00171	0.00686	0.00510	0.00281	0.00886

[dist]
# distance from previous block
# <min> <max>
0	3

[block]
# block no. 5 follows, 41 sequences, length 22
# corresponding to MSA columns:
# 310-331
name=unknown_F
#
# <colnr> <probs for GDERKNQSTAVLIFYWHMCP>
#	G	D	E	R	K	N	Q	S	T	A	V	L	I	F	Y	W	H	M	C	P
0	0.05078	0.03098	0.01361	0.01102	0.01453	0.01269	0.00894	0.28390	0.14608	0.16924	0.02997	0.09915	0.01684	0.00872	0.00588	0.00187	0.00512	0.05398	0.02828	0.00842
1	0.07525	0.01349	0.04860	0.04749	0.14704	0.04994	0.01133	0.11320	0.22113	0.12489	0.01787	0.02007	0.02501	0.00725	0.00570	0.00185	0.00579	0.05082	0.00483	0.00847
2	0.71709	0.01371	0.09101	0.00876	0.01281	0.04344	0.00800	0.01720	0.01025	0.02438	0.00825	0.00963	0.00636	0.00535	0.00381	0.00176	0.00510	0.00324	0.00339	0.00646
3	0.01279	0.00967	0.01097	0.00988	0.01225	0.01026	0.00763	0.24596	0.10851	0.02368	0.11434	0.23964	0.09780	0.01299	0.03678	0.00226	0.00482	0.02727	0.00553	0.00695
4	0.01848	0.05629	0.01574	0.01267	0.01632	0.20423	0.01005	0.21859	0.31210	0.05160	0.01636	0.01590	0.01226	0.00689	0.00552	0.00172	0.00653	0.00523	0.00496	0.00857
5	0.01350	0.01527	0.03286	0.02428	0.05866	0.01452	0.69248	0.01816	0.01334	0.01820	0.01142	0.01529	0.00866	0.00498	0.00706	0.00194	0.03213	0.00663	0.00288	0.00773
6	0.01448	0.37259	0.27086	0.01331	0.01889	0.06019	0.04756	0.01798	0.01207	0.04558	0.00948	0.01117	0.00766	0.00563	0.00579	0.00159	0.07090	0.00391	0.00268	0.00769
7	0.01305	0.20031	0.50937	0.01529	0.04909	0.01503	0.03513	0.01814	0.01222	0.05159	0.01076	0.02646	0.00826	0.00559	0.00513	0.00169	0.00764	0.00435	0.00272	0.00820
8	0.02058	0.01025	0.06593	0.01003	0.01400	0.00807	0.00872	0.02318	0.01581	0.54111	0.15543	0.04343	0.02193	0.00829	0.00600	0.00181	0.00470	0.02556	0.00651	0.00862
9	0.01174	0.08473	0.71659	0.01584	0.02404	0.01395	0.02032	0.01804	0.01204	0.01778	0.01010	0.01187	0.00725	0.00540	0.00531	0.00177	0.00829	0.00414	0.00242	0.00837
10	0.03485	0.29513	0.11586	0.09284	0.07628	0.06134	0.06428	0.01629	0.01246	0.01602	0.03603	0.03393	0.03072	0.00700	0.00526	0.00169	0.00675	0.08308	0.00312	0.00707
11	0.01223	0.01200	0.12855	0.09463	0.08442	0.00956	0.06785	0.03782	0.01308	0.10951	0.06717	0.24682	0.03614	0.01000	0.00652	0.00197	0.02099	0.00893	0.02489	0.00692
12	0.02547	0.01005	0.01347	0.01033	0.01476	0.00887	0.00853	0.06358	0.01690	0.73081	0.02213	0.01918	0.01394	0.00707	0.00575	0.00177	0.00494	0.00572	0.00701	0.00973
13	0.01043	0.00792	0.00873	0.00831	0.00991	0.06570	0.00621	0.03458	0.01535	0.06876	0.45166	0.18401	0.06900	0.01218	0.00666	0.00189	0.00371	0.02343	0.00582	0.00574
14	0.01455	0.01640	0.12262	0.05411	0.24465	0.04831	0.25782	0.01852	0.01307	0.07591	0.01152	0.01446	0.00884	0.00564	0.00699	0.00186	0.06797	0.00551	0.00310	0.00815
15	0.02288	0.02916	0.01353	0.01027	0.01420	0.00942	0.00850	0.04754	0.01578	0.61377	0.02361	0.02131	0.07141	0.00780	0.00671	0.00182	0.06070	0.00611	0.00646	0.00905
16	0.00718	0.00589	0.00647	0.00647	0.00818	0.00524	0.00484	0.00907	0.02627	0.01632	0.13989	0.09418	0.55882	0.01643	0.06657	0.00250	0.00389	0.01154	0.00527	0.00499
17	0.02310	0.01172	0.01368	0.01089	0.01493	0.06454	0.00889	0.14952	0.01793	0.51895	0.04306	0.03698	0.01537	0.00768	0.00585	0.00179	0.00542	0.03417	0.00642	0.00909
18	0.01892	0.08417	0.04401	0.01518	0.08862	0.03399	0.08817	0.17505	0.11168	0.22863	0.01631	0.02915	0.01184	0.00665	0.00590	0.00176	0.02052	0.00558	0.00499	0.00888
19	0.00821	0.00550	0.00627	0.00637	0.00640	0.00548	0.00361	0.00829	0.00852	0.01136	0.01907	0.09631	0.02212	0.73829	0.02742	0.00529	0.00537	0.00894	0.00361	0.00356
20	0.00781	0.00577	0.00711	0.00687	0.00816	0.00527	0.00501	0.00994	0.01462	0.02002	0.52348	0.07749	0.18655	0.08620	0.00887	0.00220	0.00303	0.01075	0.00580	0.00507
21	0.03243	0.01429	0.03721	0.01324	0.01729	0.05187	0.10096	0.34323	0.09570	0.08011	0.07514	0.05204	0.04467	0.00775	0.00597	0.00180	0.00611	0.00654	0.00522	0.00841

[dist]
# distance from previous block
# <min> <max>
3	11

# created by:
# /st0/software/busco_prod/Augustus/scripts/msa2prfl.pl ./align_prep/159764.fa
