[name]
unknown

[dist]
# distance from previous block
# <min> <max>
48	124

[block]
# block no. 0 follows, 44 sequences, length 7
# corresponding to MSA columns:
# 161-167
name=unknown_A
#
# <colnr> <probs for GDERKNQSTAVLIFYWHMCP>
#	G	D	E	R	K	N	Q	S	T	A	V	L	I	F	Y	W	H	M	C	P
0	0.05752	0.00831	0.04896	0.00847	0.01050	0.00739	0.00679	0.09485	0.01284	0.05977	0.06933	0.25861	0.09586	0.11504	0.00895	0.00237	0.00431	0.08332	0.00470	0.04211
1	0.15740	0.01160	0.04483	0.03350	0.01426	0.01124	0.00835	0.23053	0.03950	0.14502	0.01600	0.05752	0.04461	0.04174	0.00600	0.00175	0.00496	0.00542	0.00465	0.12111
2	0.58194	0.04660	0.06947	0.00859	0.01262	0.01276	0.00770	0.09934	0.01154	0.02395	0.00856	0.00974	0.00659	0.00513	0.00381	0.00159	0.00477	0.00328	0.00347	0.07856
3	0.00942	0.00576	0.00763	0.00790	0.00916	0.00531	0.00591	0.01111	0.01260	0.11316	0.19096	0.38759	0.08392	0.01399	0.00670	0.00206	0.00345	0.11261	0.00547	0.00529
4	0.01214	0.06074	0.62263	0.01638	0.08030	0.01345	0.01856	0.08089	0.01278	0.01858	0.01001	0.01168	0.00725	0.00525	0.00515	0.00169	0.00766	0.00412	0.00261	0.00816
5	0.01433	0.51428	0.12637	0.01178	0.01672	0.06063	0.09453	0.01704	0.01173	0.03808	0.00919	0.01066	0.00764	0.00492	0.00421	0.00135	0.00654	0.00367	0.03922	0.00713
6	0.01488	0.05097	0.11025	0.00989	0.01344	0.00835	0.04112	0.01774	0.01444	0.30157	0.29094	0.05929	0.02683	0.00839	0.00579	0.00171	0.00452	0.00723	0.00544	0.00721

[dist]
# distance from previous block
# <min> <max>
0	2

[block]
# block no. 1 follows, 44 sequences, length 18
# corresponding to MSA columns:
# 170-187
name=unknown_B
#
# <colnr> <probs for GDERKNQSTAVLIFYWHMCP>
#	G	D	E	R	K	N	Q	S	T	A	V	L	I	F	Y	W	H	M	C	P
0	0.00797	0.00583	0.00746	0.00812	0.00899	0.00577	0.00599	0.01059	0.07243	0.01608	0.14577	0.37915	0.03425	0.09589	0.00901	0.00248	0.00378	0.17046	0.00506	0.00490
1	0.00994	0.00705	0.00896	0.00883	0.02780	0.00692	0.00674	0.07960	0.03991	0.05025	0.40379	0.09382	0.07602	0.01157	0.00649	0.00190	0.00362	0.14543	0.00559	0.00578
2	0.50515	0.04455	0.18202	0.00993	0.01454	0.01338	0.00988	0.12835	0.01232	0.02393	0.00891	0.01008	0.00668	0.00530	0.00410	0.00167	0.00540	0.00349	0.00341	0.00693
3	0.00775	0.00554	0.00746	0.00757	0.00811	0.00602	0.00530	0.00886	0.00857	0.01194	0.01686	0.09036	0.01786	0.33886	0.42713	0.00687	0.01004	0.00744	0.00324	0.00422
4	0.00703	0.00544	0.00643	0.00656	0.00792	0.00484	0.00488	0.00881	0.01312	0.01712	0.29553	0.17784	0.36103	0.01352	0.00658	0.00190	0.00288	0.04839	0.00538	0.00478
5	0.01034	0.03157	0.00955	0.00962	0.07050	0.00800	0.00601	0.03887	0.11939	0.04538	0.01879	0.13126	0.01959	0.43760	0.01755	0.00369	0.00497	0.00807	0.00400	0.00522
6	0.77090	0.01065	0.00841	0.00753	0.01087	0.01235	0.00615	0.01721	0.07817	0.02431	0.00892	0.00990	0.00688	0.00527	0.00357	0.00170	0.00423	0.00325	0.00357	0.00615
7	0.08858	0.01243	0.03742	0.22356	0.42249	0.01275	0.09234	0.01604	0.01177	0.01738	0.00994	0.01342	0.00796	0.00501	0.00533	0.00170	0.00679	0.00483	0.00269	0.00758
8	0.08846	0.01231	0.04673	0.25814	0.45712	0.01263	0.01539	0.01585	0.01164	0.01724	0.00983	0.01331	0.00791	0.00507	0.00522	0.00169	0.00656	0.00465	0.00266	0.00759
9	0.01290	0.01235	0.02106	0.17433	0.63815	0.01280	0.01644	0.01621	0.01213	0.01709	0.01015	0.01369	0.00838	0.00497	0.00541	0.00166	0.00662	0.00486	0.00265	0.00816
10	0.02067	0.00868	0.01149	0.00908	0.01272	0.00765	0.00740	0.04692	0.01565	0.59208	0.12299	0.02405	0.07973	0.00789	0.00568	0.00170	0.00426	0.00653	0.00647	0.00835
11	0.01356	0.01171	0.01233	0.01109	0.01418	0.01356	0.00863	0.02897	0.76455	0.02281	0.02219	0.02034	0.01664	0.00740	0.00555	0.00185	0.00431	0.00616	0.00555	0.00863
12	0.01231	0.11946	0.56546	0.04320	0.02253	0.01413	0.04469	0.08444	0.01277	0.01818	0.00986	0.01155	0.00720	0.00523	0.00506	0.00166	0.00762	0.00409	0.00261	0.00794
13	0.00894	0.00582	0.00757	0.00706	0.00856	0.00531	0.00532	0.01132	0.01500	0.08221	0.63103	0.08338	0.08501	0.01127	0.00638	0.00175	0.00278	0.00991	0.00596	0.00541
14	0.02429	0.00954	0.01282	0.00983	0.01405	0.00841	0.00812	0.05888	0.01605	0.74524	0.02114	0.01831	0.01331	0.00674	0.00548	0.00168	0.00470	0.00546	0.00669	0.00928
15	0.01193	0.01193	0.01670	0.01431	0.01431	0.01670	0.01193	0.01312	0.00835	0.01312	0.00716	0.01193	0.00716	0.00954	0.01789	0.00239	0.79843	0.00477	0.00239	0.00596
16	0.09093	0.00967	0.01126	0.02737	0.01295	0.01018	0.00786	0.24949	0.01623	0.14097	0.05995	0.17603	0.01929	0.02889	0.05863	0.00239	0.00540	0.06043	0.00510	0.00698
17	0.00763	0.00557	0.00717	0.00677	0.00809	0.00511	0.00508	0.01012	0.01523	0.02137	0.72221	0.04153	0.10105	0.01133	0.00643	0.00172	0.00259	0.00997	0.00594	0.00511

[dist]
# distance from previous block
# <min> <max>
0	39

[block]
# block no. 2 follows, 44 sequences, length 33
# corresponding to MSA columns:
# 227-259
name=unknown_C
#
# <colnr> <probs for GDERKNQSTAVLIFYWHMCP>
#	G	D	E	R	K	N	Q	S	T	A	V	L	I	F	Y	W	H	M	C	P
0	0.00947	0.00473	0.00710	0.00710	0.00710	0.00473	0.00473	0.00710	0.00710	0.00947	0.00947	0.01657	0.00947	0.01894	0.02131	0.84138	0.00473	0.00473	0.00237	0.00237
1	0.01204	0.01524	0.18166	0.24559	0.38733	0.01267	0.01682	0.01634	0.02944	0.01671	0.01027	0.01353	0.00807	0.00515	0.00537	0.00170	0.00699	0.00471	0.00260	0.00778
2	0.01467	0.01490	0.01912	0.04611	0.06508	0.14289	0.15244	0.12891	0.01350	0.01772	0.01027	0.03888	0.00886	0.00723	0.00977	0.00191	0.27541	0.00527	0.02016	0.00689
3	0.00739	0.00555	0.00679	0.00649	0.00789	0.00501	0.00484	0.00959	0.01446	0.01972	0.56586	0.04366	0.23870	0.03168	0.00696	0.00184	0.00269	0.01024	0.00569	0.00496
4	0.00778	0.00557	0.00692	0.00671	0.00810	0.00502	0.00498	0.00988	0.01417	0.04096	0.49943	0.12927	0.21638	0.01231	0.00647	0.00180	0.00274	0.01076	0.00570	0.00506
5	0.01203	0.01285	0.02569	0.26977	0.07556	0.01336	0.43464	0.01606	0.01197	0.01613	0.01035	0.01443	0.00791	0.00515	0.00666	0.00185	0.05027	0.00574	0.00263	0.00694
6	0.04006	0.03384	0.08108	0.02979	0.64204	0.01328	0.01622	0.04650	0.01274	0.01852	0.01018	0.01306	0.00840	0.00495	0.00527	0.00162	0.00649	0.00469	0.00279	0.00849
7	0.84691	0.01054	0.00801	0.00717	0.01054	0.01223	0.00590	0.01603	0.00928	0.02446	0.00759	0.00886	0.00590	0.00506	0.00337	0.00169	0.00422	0.00295	0.00337	0.00590
8	0.01458	0.81168	0.02857	0.00933	0.01399	0.02157	0.00933	0.01632	0.01108	0.01283	0.00758	0.00875	0.00700	0.00466	0.00350	0.00117	0.00583	0.00292	0.00233	0.00700
9	0.01453	0.01016	0.01177	0.05600	0.01466	0.01105	0.00849	0.02446	0.45130	0.16904	0.04158	0.02523	0.07275	0.00822	0.00575	0.00186	0.00444	0.05521	0.00554	0.00799
10	0.00844	0.00573	0.00752	0.00698	0.00839	0.00527	0.00527	0.01099	0.01544	0.05465	0.73900	0.03976	0.04980	0.01095	0.00639	0.00171	0.00266	0.00967	0.00603	0.00532
11	0.00725	0.00555	0.00664	0.00637	0.00786	0.00495	0.00478	0.00939	0.01433	0.01925	0.50966	0.04502	0.31493	0.01212	0.00643	0.00176	0.00264	0.01046	0.00566	0.00495
12	0.01458	0.81168	0.02857	0.00933	0.01399	0.02157	0.00933	0.01632	0.01108	0.01283	0.00758	0.00875	0.00700	0.00466	0.00350	0.00117	0.00583	0.00292	0.00233	0.00700
13	0.02405	0.00937	0.01264	0.00975	0.01393	0.00822	0.00804	0.02666	0.04408	0.74945	0.02153	0.01862	0.01361	0.00677	0.00548	0.00169	0.00463	0.00551	0.00670	0.00925
14	0.01356	0.01171	0.01233	0.01109	0.01418	0.01356	0.00863	0.02897	0.76455	0.02281	0.02219	0.02034	0.01664	0.00740	0.00555	0.00185	0.00431	0.00616	0.00555	0.00863
15	0.01016	0.00508	0.00508	0.00508	0.00635	0.00508	0.00381	0.01270	0.01143	0.02033	0.01778	0.02033	0.01397	0.00635	0.00381	0.00127	0.00254	0.00508	0.83867	0.00508
16	0.84691	0.01054	0.00801	0.00717	0.01054	0.01223	0.00590	0.01603	0.00928	0.02446	0.00759	0.00886	0.00590	0.00506	0.00337	0.00169	0.00422	0.00295	0.00337	0.00590
17	0.02037	0.02598	0.01545	0.01404	0.01685	0.78652	0.01053	0.02177	0.01545	0.01334	0.00843	0.00983	0.00702	0.00562	0.00492	0.00140	0.00983	0.00351	0.00281	0.00632
18	0.84691	0.01054	0.00801	0.00717	0.01054	0.01223	0.00590	0.01603	0.00928	0.02446	0.00759	0.00886	0.00590	0.00506	0.00337	0.00169	0.00422	0.00295	0.00337	0.00590
19	0.01204	0.01251	0.01175	0.01097	0.01225	0.23036	0.00846	0.01359	0.01055	0.01279	0.01182	0.01750	0.01111	0.07389	0.39469	0.00544	0.13695	0.00514	0.00283	0.00536
20	0.01458	0.81168	0.02857	0.00933	0.01399	0.02157	0.00933	0.01632	0.01108	0.01283	0.00758	0.00875	0.00700	0.00466	0.00350	0.00117	0.00583	0.00292	0.00233	0.00700
21	0.01356	0.01171	0.01233	0.01109	0.01418	0.01356	0.00863	0.02897	0.76455	0.02281	0.02219	0.02034	0.01664	0.00740	0.00555	0.00185	0.00431	0.00616	0.00555	0.00863
22	0.00677	0.00481	0.00633	0.00744	0.00776	0.00452	0.00493	0.00770	0.01040	0.01391	0.05237	0.72198	0.03530	0.07743	0.00853	0.00243	0.00331	0.01474	0.00496	0.00436
23	0.02400	0.00919	0.01254	0.00971	0.01384	0.00796	0.00804	0.02612	0.01551	0.75576	0.02172	0.01982	0.01402	0.00699	0.00554	0.00171	0.00465	0.02702	0.00670	0.00915
24	0.00766	0.00547	0.00750	0.00876	0.00952	0.00531	0.00683	0.00935	0.01144	0.01506	0.02949	0.45108	0.03383	0.01612	0.00723	0.00235	0.00405	0.35920	0.00504	0.00471
25	0.00720	0.00516	0.00674	0.00769	0.00823	0.00490	0.00524	0.03259	0.01137	0.01527	0.09307	0.71312	0.03649	0.01622	0.00686	0.00215	0.00321	0.01466	0.00515	0.00465
26	0.01420	0.01406	0.02119	0.08944	0.58712	0.09432	0.04774	0.01731	0.01271	0.03503	0.01032	0.01336	0.00846	0.00502	0.00540	0.00162	0.00697	0.00480	0.00279	0.00815
27	0.00820	0.00585	0.00811	0.00937	0.01036	0.00577	0.00776	0.01028	0.01197	0.01566	0.02919	0.26585	0.03266	0.01562	0.00737	0.00243	0.00451	0.53916	0.00503	0.00486
28	0.00764	0.00557	0.00718	0.00678	0.00810	0.00511	0.00509	0.01014	0.01526	0.02145	0.72973	0.04141	0.09349	0.01130	0.00643	0.00172	0.00258	0.00996	0.00595	0.00511
29	0.02114	0.02598	0.01239	0.00959	0.01339	0.00888	0.00792	0.08469	0.04799	0.55815	0.02260	0.02203	0.05529	0.00750	0.00553	0.00171	0.00460	0.04226	0.03980	0.00857
30	0.09007	0.66764	0.02545	0.00939	0.01376	0.03972	0.00906	0.01677	0.01114	0.04470	0.00815	0.00926	0.00716	0.00493	0.00395	0.00127	0.02493	0.00308	0.00262	0.00695
31	0.02947	0.29893	0.29787	0.01449	0.07953	0.05730	0.05343	0.01788	0.01201	0.07761	0.00996	0.01130	0.00767	0.00509	0.00465	0.00151	0.00696	0.00390	0.00278	0.00766
32	0.01787	0.01341	0.01485	0.06978	0.03880	0.04528	0.01008	0.42073	0.13861	0.08812	0.01562	0.05680	0.01204	0.00786	0.02315	0.00187	0.00593	0.00567	0.00509	0.00844

[dist]
# distance from previous block
# <min> <max>
0	9

[block]
# block no. 3 follows, 44 sequences, length 26
# corresponding to MSA columns:
# 269-294
name=unknown_D
#
# <colnr> <probs for GDERKNQSTAVLIFYWHMCP>
#	G	D	E	R	K	N	Q	S	T	A	V	L	I	F	Y	W	H	M	C	P
0	0.07835	0.04597	0.04183	0.26483	0.10721	0.06133	0.10697	0.05486	0.04253	0.03963	0.03494	0.05844	0.01101	0.00629	0.00565	0.00175	0.02275	0.00553	0.00325	0.00686
1	0.81411	0.01049	0.00820	0.00727	0.01068	0.01206	0.00599	0.01645	0.00953	0.05452	0.00815	0.00924	0.00621	0.00513	0.00346	0.00169	0.00423	0.00305	0.00351	0.00604
2	0.01081	0.00818	0.01156	0.31521	0.02031	0.00966	0.00964	0.07222	0.01180	0.01743	0.01320	0.01719	0.01056	0.01127	0.12049	0.00268	0.04980	0.00507	0.27713	0.00581
3	0.00764	0.00557	0.00718	0.00678	0.00810	0.00511	0.00508	0.01014	0.01525	0.02143	0.72787	0.04144	0.09536	0.01131	0.00643	0.00172	0.00258	0.00996	0.00594	0.00511
4	0.00802	0.00618	0.00920	0.00907	0.00999	0.00736	0.00710	0.00992	0.00874	0.01268	0.01419	0.02089	0.01327	0.03914	0.74404	0.00841	0.05820	0.00578	0.00289	0.00493
5	0.57066	0.01012	0.00957	0.00802	0.01168	0.01081	0.00661	0.01957	0.01140	0.27762	0.01227	0.01211	0.00845	0.00563	0.00408	0.00169	0.00436	0.00380	0.00451	0.00704
6	0.00803	0.00577	0.00779	0.00891	0.00987	0.00563	0.00722	0.00992	0.01171	0.01526	0.02994	0.26083	0.07161	0.05977	0.00844	0.00255	0.00441	0.46266	0.00494	0.00474
7	0.01458	0.81168	0.02857	0.00933	0.01399	0.02157	0.00933	0.01632	0.01108	0.01283	0.00758	0.00875	0.00700	0.00466	0.00350	0.00117	0.00583	0.00292	0.00233	0.00700
8	0.00674	0.00549	0.00596	0.00593	0.00757	0.00471	0.00442	0.00837	0.01300	0.01629	0.21501	0.08979	0.57097	0.01338	0.00647	0.00183	0.00274	0.01135	0.00527	0.00471
9	0.01287	0.01471	0.03217	0.02298	0.02849	0.01379	0.75460	0.01746	0.01287	0.01746	0.01103	0.01471	0.00827	0.00460	0.00643	0.00184	0.00919	0.00643	0.00276	0.00735
10	0.01356	0.12543	0.22986	0.05051	0.24611	0.05695	0.03962	0.05275	0.06197	0.03380	0.01203	0.01377	0.02902	0.00550	0.00513	0.00161	0.00683	0.00462	0.00300	0.00791
11	0.01452	0.34958	0.08274	0.01012	0.01429	0.01583	0.00952	0.19656	0.03823	0.03904	0.07809	0.03816	0.07815	0.00696	0.00482	0.00149	0.00538	0.00531	0.00391	0.00732
12	0.02446	0.00928	0.01265	0.00970	0.01392	0.00801	0.00801	0.02657	0.01560	0.77817	0.02151	0.01856	0.01350	0.00675	0.00548	0.00169	0.00464	0.00548	0.00675	0.00928
13	0.00657	0.00504	0.00602	0.00680	0.00770	0.00449	0.00471	0.00768	0.01119	0.01423	0.03964	0.51839	0.31633	0.01583	0.00676	0.00207	0.00301	0.01398	0.00506	0.00449
14	0.01316	0.13755	0.37562	0.03547	0.12629	0.03110	0.07791	0.01784	0.02688	0.07266	0.02894	0.01307	0.00903	0.00533	0.00513	0.00163	0.00717	0.00448	0.00289	0.00787
15	0.01965	0.02016	0.01615	0.01478	0.07370	0.39268	0.01084	0.30584	0.05596	0.02227	0.01104	0.01188	0.00849	0.00601	0.00519	0.00153	0.00783	0.00428	0.00396	0.00775
16	0.01396	0.01191	0.01255	0.01118	0.01433	0.01375	0.00873	0.06951	0.72335	0.02345	0.02168	0.01994	0.01623	0.00735	0.00554	0.00184	0.00441	0.00609	0.00554	0.00866
17	0.01941	0.05917	0.01658	0.03518	0.01699	0.03487	0.01029	0.63755	0.02343	0.03109	0.01340	0.03062	0.01026	0.00686	0.00543	0.00165	0.00603	0.02733	0.00511	0.00875
18	0.01775	0.01268	0.01405	0.01129	0.01479	0.01391	0.00916	0.55277	0.02151	0.05449	0.01521	0.08331	0.01242	0.01128	0.09253	0.00247	0.00652	0.00596	0.03972	0.00819
19	0.00691	0.00488	0.00634	0.00740	0.00770	0.00462	0.00489	0.00775	0.01010	0.01346	0.02798	0.66100	0.03335	0.14223	0.01027	0.00271	0.00355	0.03582	0.00478	0.00427
20	0.00664	0.00474	0.00633	0.00759	0.00791	0.00443	0.00506	0.00759	0.01044	0.01392	0.03005	0.80485	0.03606	0.01708	0.00696	0.00221	0.00316	0.01550	0.00506	0.00443
21	0.05106	0.43182	0.20621	0.05700	0.09215	0.04955	0.01287	0.01667	0.01140	0.01499	0.00852	0.01025	0.00710	0.00491	0.00425	0.00141	0.00660	0.00351	0.00243	0.00728
22	0.01181	0.01680	0.24815	0.07935	0.09213	0.03465	0.23369	0.01610	0.01229	0.03720	0.01479	0.04510	0.03700	0.00684	0.00596	0.00185	0.00747	0.08858	0.00310	0.00715
23	0.01752	0.01280	0.01383	0.05487	0.01575	0.05628	0.00920	0.35100	0.13080	0.12124	0.01580	0.03662	0.01246	0.09701	0.00830	0.00211	0.02579	0.00568	0.00499	0.00796
24	0.00941	0.00590	0.00772	0.00754	0.00889	0.00548	0.00554	0.01177	0.03569	0.10425	0.42090	0.28956	0.04109	0.01250	0.00647	0.00188	0.00305	0.01112	0.00576	0.00547
25	0.12376	0.18539	0.04242	0.01111	0.01476	0.12990	0.00953	0.21074	0.09467	0.02173	0.05322	0.01332	0.01094	0.00628	0.00543	0.00158	0.04953	0.00439	0.00389	0.00740

[dist]
# distance from previous block
# <min> <max>
1	10

[block]
# block no. 4 follows, 44 sequences, length 21
# corresponding to MSA columns:
# 306-326
name=unknown_E
#
# <colnr> <probs for GDERKNQSTAVLIFYWHMCP>
#	G	D	E	R	K	N	Q	S	T	A	V	L	I	F	Y	W	H	M	C	P
0	0.01503	0.10750	0.06383	0.02933	0.14686	0.24140	0.04325	0.04110	0.01290	0.02840	0.04307	0.01414	0.02084	0.03377	0.00790	0.00178	0.13439	0.00467	0.00297	0.00685
1	0.01147	0.02465	0.58885	0.01810	0.07217	0.01290	0.16056	0.01727	0.01183	0.01734	0.01005	0.01225	0.00728	0.00505	0.00543	0.00174	0.00817	0.00454	0.00241	0.00796
2	0.02636	0.01065	0.01779	0.33531	0.34695	0.01161	0.02773	0.01472	0.01182	0.01628	0.03794	0.04098	0.01196	0.00641	0.00564	0.00179	0.00647	0.05960	0.00295	0.00702
3	0.03860	0.07285	0.50502	0.01800	0.13526	0.01312	0.07920	0.01689	0.01170	0.01728	0.01041	0.01355	0.00810	0.00539	0.00523	0.00171	0.00754	0.02977	0.00253	0.00784
4	0.00796	0.00573	0.00759	0.06249	0.01051	0.00574	0.00616	0.04706	0.01143	0.01550	0.02693	0.61984	0.03104	0.01495	0.00661	0.00211	0.00366	0.05260	0.05722	0.00486
5	0.00763	0.00557	0.00717	0.00677	0.00809	0.00511	0.00508	0.01012	0.01523	0.02138	0.72332	0.04151	0.09994	0.01132	0.00643	0.00172	0.00258	0.00997	0.00594	0.00511
6	0.01284	0.01614	0.18071	0.05024	0.55698	0.01291	0.05729	0.01680	0.01221	0.01757	0.01018	0.01317	0.00822	0.00493	0.00541	0.00166	0.00698	0.00477	0.00261	0.00837
7	0.00663	0.00478	0.00628	0.00748	0.00788	0.00444	0.00501	0.00760	0.01054	0.01396	0.03134	0.76614	0.07393	0.01691	0.00693	0.00219	0.00314	0.01529	0.00506	0.00444
8	0.00818	0.00562	0.00670	0.00675	0.00707	0.00575	0.00422	0.03479	0.00903	0.01216	0.01867	0.14890	0.02118	0.57288	0.11077	0.00509	0.00606	0.00872	0.00360	0.00386
9	0.01562	0.01304	0.01424	0.04588	0.03788	0.13490	0.04727	0.13394	0.04748	0.11935	0.09923	0.04475	0.01503	0.00686	0.00598	0.00155	0.04694	0.00551	0.00433	0.16022
10	0.00808	0.00650	0.00803	0.00908	0.05272	0.00618	0.00659	0.01090	0.06806	0.01616	0.07560	0.15587	0.33762	0.01348	0.00668	0.00205	0.00373	0.20241	0.00500	0.00524
11	0.01077	0.00567	0.00573	0.00551	0.00696	0.00576	0.00419	0.05553	0.01225	0.02113	0.01751	0.01991	0.01370	0.00636	0.00391	0.00129	0.00274	0.00507	0.79068	0.00532
12	0.01193	0.01193	0.01670	0.01431	0.01431	0.01670	0.01193	0.01312	0.00835	0.01312	0.00716	0.01193	0.00716	0.00954	0.01789	0.00239	0.79843	0.00477	0.00239	0.00596
13	0.02029	0.01506	0.01612	0.01246	0.01674	0.01670	0.01026	0.71223	0.07032	0.03366	0.01364	0.01353	0.00972	0.00660	0.00546	0.00165	0.00590	0.00498	0.00546	0.00923
14	0.01201	0.01337	0.08912	0.30114	0.32781	0.01282	0.11732	0.01581	0.01178	0.01624	0.01006	0.01382	0.00791	0.00516	0.00579	0.00174	0.02312	0.00499	0.00257	0.00744
15	0.00842	0.00604	0.00834	0.00956	0.01070	0.00597	0.00813	0.01067	0.01225	0.01593	0.02979	0.16614	0.05332	0.01531	0.00742	0.00245	0.00469	0.61491	0.00503	0.00492
16	0.04117	0.09983	0.63134	0.03349	0.02217	0.01327	0.01799	0.01745	0.01155	0.04927	0.00999	0.01153	0.00717	0.00520	0.00498	0.00167	0.00755	0.00397	0.00253	0.00788
17	0.01307	0.27976	0.40784	0.01445	0.04676	0.07872	0.05545	0.01732	0.01180	0.01554	0.00905	0.01072	0.00708	0.00501	0.00469	0.00152	0.00749	0.00379	0.00239	0.00756
18	0.00698	0.00550	0.00630	0.00620	0.00772	0.00482	0.00461	0.00883	0.01355	0.01762	0.34921	0.09313	0.43032	0.01291	0.00647	0.00181	0.00271	0.01107	0.00545	0.00482
19	0.00767	0.03960	0.00780	0.00690	0.00825	0.00566	0.00518	0.00979	0.01406	0.01928	0.52707	0.16172	0.14257	0.01216	0.00639	0.00179	0.00283	0.01067	0.00557	0.00504
20	0.04887	0.01065	0.01334	0.00969	0.01447	0.00895	0.06648	0.08583	0.01282	0.03767	0.01031	0.01181	0.00824	0.00443	0.00437	0.00103	0.00466	0.00369	0.00350	0.63918

[dist]
# distance from previous block
# <min> <max>
0	1

[block]
# block no. 5 follows, 44 sequences, length 97
# corresponding to MSA columns:
# 328-384,393-432
name=unknown_F
#
# <colnr> <probs for GDERKNQSTAVLIFYWHMCP>
#	G	D	E	R	K	N	Q	S	T	A	V	L	I	F	Y	W	H	M	C	P
0	0.03559	0.39052	0.06044	0.01225	0.05312	0.21390	0.01037	0.07313	0.05446	0.01579	0.00948	0.01102	0.00807	0.02494	0.00489	0.00146	0.00687	0.00367	0.00293	0.00710
1	0.06144	0.02926	0.01205	0.03298	0.01362	0.03131	0.00797	0.09838	0.24937	0.20737	0.13040	0.02209	0.03679	0.03488	0.00624	0.00185	0.00457	0.00624	0.00545	0.00774
2	0.01672	0.01196	0.01307	0.03589	0.01494	0.05329	0.00835	0.21608	0.09358	0.15600	0.01433	0.01485	0.01060	0.02384	0.00545	0.00147	0.00510	0.00461	0.03180	0.26808
3	0.00750	0.00555	0.00700	0.00667	0.00802	0.00505	0.00499	0.00986	0.01487	0.02062	0.64767	0.05945	0.15915	0.01168	0.00644	0.00174	0.00261	0.01023	0.00584	0.00505
4	0.01047	0.00987	0.01667	0.75363	0.07786	0.01216	0.01523	0.01408	0.01098	0.01414	0.00972	0.01448	0.00734	0.00542	0.00545	0.00181	0.00722	0.00485	0.00244	0.00620
5	0.00691	0.00494	0.00661	0.00773	0.00821	0.00464	0.00537	0.00813	0.01105	0.01482	0.09552	0.67635	0.03703	0.01639	0.00696	0.00219	0.00326	0.07419	0.00514	0.00454
6	0.00761	0.00557	0.00713	0.00674	0.00808	0.00510	0.00506	0.01007	0.01517	0.02124	0.70905	0.04175	0.11429	0.01138	0.00643	0.00173	0.00259	0.01000	0.00592	0.00510
7	0.02317	0.00978	0.01279	0.00992	0.01401	0.00892	0.00815	0.08406	0.05462	0.66072	0.04069	0.01880	0.01432	0.00688	0.00551	0.00169	0.00468	0.00559	0.00656	0.00914
8	0.00793	0.00529	0.00595	0.00595	0.00595	0.00529	0.00330	0.00793	0.00793	0.01057	0.01718	0.03568	0.01982	0.80840	0.02775	0.00529	0.00529	0.00793	0.00330	0.00330
9	0.02037	0.02598	0.01545	0.01404	0.01685	0.78652	0.01053	0.02177	0.01545	0.01334	0.00843	0.00983	0.00702	0.00562	0.00492	0.00140	0.00983	0.00351	0.00281	0.00632
10	0.00664	0.00474	0.00633	0.00759	0.00791	0.00443	0.00506	0.00759	0.01044	0.01392	0.03005	0.80485	0.03606	0.01708	0.00696	0.00221	0.00316	0.01550	0.00506	0.00443
11	0.84691	0.01054	0.00801	0.00717	0.01054	0.01223	0.00590	0.01603	0.00928	0.02446	0.00759	0.00886	0.00590	0.00506	0.00337	0.00169	0.00422	0.00295	0.00337	0.00590
12	0.00779	0.00582	0.00867	0.00867	0.00961	0.00677	0.00670	0.00968	0.00873	0.01259	0.01469	0.02188	0.01383	0.06577	0.76219	0.00865	0.01430	0.00591	0.00293	0.00482
13	0.00664	0.00474	0.00633	0.00759	0.00791	0.00443	0.00506	0.00759	0.01044	0.01392	0.03005	0.80485	0.03606	0.01708	0.00696	0.00221	0.00316	0.01550	0.00506	0.00443
14	0.01130	0.00969	0.01130	0.00807	0.01292	0.00727	0.00646	0.01373	0.01130	0.01776	0.00969	0.01130	0.00807	0.00404	0.00404	0.00081	0.00404	0.00323	0.00323	0.84173
15	0.84691	0.01054	0.00801	0.00717	0.01054	0.01223	0.00590	0.01603	0.00928	0.02446	0.00759	0.00886	0.00590	0.00506	0.00337	0.00169	0.00422	0.00295	0.00337	0.00590
16	0.84691	0.01054	0.00801	0.00717	0.01054	0.01223	0.00590	0.01603	0.00928	0.02446	0.00759	0.00886	0.00590	0.00506	0.00337	0.00169	0.00422	0.00295	0.00337	0.00590
17	0.03327	0.72975	0.02704	0.00967	0.01415	0.08406	0.00935	0.01676	0.01140	0.01312	0.00765	0.00884	0.00697	0.00475	0.00361	0.00120	0.00612	0.00296	0.00239	0.00692
18	0.01333	0.01282	0.02171	0.05116	0.71754	0.01312	0.01645	0.01648	0.01217	0.01748	0.01008	0.01344	0.00853	0.00511	0.00604	0.00166	0.04692	0.00485	0.00268	0.00844
19	0.04728	0.01493	0.11929	0.03849	0.13904	0.05232	0.01185	0.13079	0.22585	0.14068	0.01551	0.01555	0.01128	0.00622	0.00533	0.00171	0.00584	0.00508	0.00451	0.00845
20	0.00714	0.00590	0.00692	0.00769	0.04970	0.00521	0.00532	0.00880	0.01261	0.01580	0.13859	0.12612	0.52244	0.01339	0.00650	0.00189	0.00311	0.05293	0.00505	0.00490
21	0.00753	0.00637	0.00710	0.00752	0.04286	0.00581	0.00526	0.01033	0.07855	0.01629	0.12480	0.08345	0.55912	0.01272	0.00634	0.00184	0.00307	0.01076	0.00510	0.00519
22	0.01356	0.01171	0.01233	0.01109	0.01418	0.01356	0.00863	0.02897	0.76455	0.02281	0.02219	0.02034	0.01664	0.00740	0.00555	0.00185	0.00431	0.00616	0.00555	0.00863
23	0.01179	0.01175	0.07752	0.10870	0.14706	0.04954	0.03723	0.05360	0.07847	0.04665	0.19320	0.03868	0.08904	0.00809	0.00583	0.00175	0.00536	0.02468	0.00425	0.00683
24	0.01662	0.01274	0.01405	0.01062	0.01500	0.01278	0.00867	0.44685	0.01988	0.02766	0.05056	0.01385	0.01099	0.00586	0.00499	0.00134	0.00511	0.00455	0.00467	0.31323
25	0.08222	0.16831	0.37048	0.09013	0.07476	0.02697	0.01516	0.01705	0.01142	0.05595	0.00971	0.01156	0.00735	0.00531	0.00518	0.00163	0.03268	0.00396	0.00268	0.00749
26	0.01377	0.01184	0.01265	0.01160	0.03002	0.01365	0.00885	0.05022	0.72710	0.02304	0.02167	0.01998	0.01626	0.00732	0.00554	0.00184	0.00441	0.00610	0.00549	0.00865
27	0.01356	0.01171	0.01233	0.01109	0.01418	0.01356	0.00863	0.02897	0.76455	0.02281	0.02219	0.02034	0.01664	0.00740	0.00555	0.00185	0.00431	0.00616	0.00555	0.00863
28	0.00825	0.00945	0.13441	0.02923	0.02560	0.00673	0.00822	0.03798	0.01202	0.01637	0.11678	0.44848	0.08473	0.01322	0.00645	0.00201	0.00417	0.02584	0.00463	0.00543
29	0.00899	0.00676	0.00977	0.01067	0.06222	0.00651	0.04484	0.04746	0.01177	0.03583	0.02564	0.52452	0.02915	0.04001	0.00738	0.00221	0.00417	0.09324	0.00474	0.02411
30	0.07156	0.00935	0.01239	0.00955	0.01372	0.00825	0.00789	0.02596	0.01524	0.73500	0.02071	0.01800	0.01306	0.00665	0.00536	0.00169	0.00461	0.00534	0.00655	0.00908
31	0.00671	0.00481	0.00639	0.00763	0.00801	0.00449	0.00517	0.00772	0.01055	0.01401	0.03050	0.76512	0.05023	0.01695	0.00697	0.00222	0.00322	0.03978	0.00506	0.00445
32	0.01181	0.03823	0.39609	0.01907	0.08567	0.01326	0.26153	0.01682	0.01183	0.01698	0.01055	0.03214	0.00823	0.00547	0.00627	0.00179	0.04888	0.00519	0.00256	0.00765
33	0.02261	0.00967	0.01263	0.00982	0.01382	0.00884	0.00806	0.09487	0.04089	0.63141	0.07184	0.01961	0.01578	0.00705	0.00555	0.00169	0.00462	0.00575	0.00653	0.00897
34	0.02413	0.00980	0.01298	0.00995	0.01418	0.00879	0.00822	0.09054	0.01648	0.71296	0.02077	0.01808	0.01312	0.00673	0.00548	0.00168	0.00476	0.00543	0.00663	0.00928
35	0.05863	0.01542	0.11272	0.02166	0.34701	0.01423	0.01402	0.26397	0.05862	0.02388	0.01167	0.01326	0.00894	0.00561	0.00529	0.00165	0.00628	0.00475	0.00376	0.00863
36	0.01217	0.06162	0.04230	0.55791	0.09356	0.05268	0.01447	0.07247	0.01243	0.01584	0.00981	0.01364	0.00749	0.00544	0.00529	0.00172	0.00717	0.00464	0.00269	0.00665
37	0.00702	0.00569	0.00627	0.00630	0.00793	0.00504	0.00473	0.00909	0.03722	0.01634	0.18734	0.11443	0.51938	0.01342	0.00650	0.00187	0.00289	0.03844	0.00526	0.00484
38	0.00690	0.00499	0.00654	0.00743	0.00804	0.00463	0.00516	0.00823	0.01154	0.01550	0.16646	0.59581	0.08118	0.01574	0.00685	0.00211	0.00310	0.03997	0.00523	0.00459
39	0.06876	0.00926	0.03085	0.03159	0.02641	0.00880	0.04603	0.11588	0.01496	0.16437	0.14403	0.07941	0.09945	0.00981	0.00605	0.00188	0.00466	0.12594	0.00517	0.00669
40	0.01448	0.01148	0.01386	0.01023	0.01487	0.01039	0.04854	0.22989	0.01568	0.04814	0.01154	0.02744	0.00915	0.00514	0.00468	0.00116	0.00489	0.00420	0.00400	0.51021
41	0.82418	0.01058	0.00825	0.00736	0.01065	0.01235	0.00607	0.01595	0.00925	0.02415	0.00758	0.00894	0.00594	0.00518	0.00377	0.00171	0.02584	0.00300	0.00335	0.00591
42	0.84691	0.01054	0.00801	0.00717	0.01054	0.01223	0.00590	0.01603	0.00928	0.02446	0.00759	0.00886	0.00590	0.00506	0.00337	0.00169	0.00422	0.00295	0.00337	0.00590
43	0.00676	0.00484	0.00643	0.00751	0.00793	0.00451	0.00507	0.00790	0.01100	0.01481	0.11365	0.71869	0.03779	0.01641	0.00690	0.00216	0.00310	0.01486	0.00517	0.00451
44	0.00644	0.00552	0.00552	0.00552	0.00736	0.00460	0.00414	0.00782	0.01243	0.01473	0.05523	0.05247	0.77218	0.01381	0.00644	0.00184	0.00276	0.01151	0.00506	0.00460
45	0.02072	0.01527	0.01636	0.01254	0.01691	0.01691	0.01036	0.75622	0.02563	0.03436	0.01309	0.01309	0.00927	0.00654	0.00545	0.00164	0.00600	0.00491	0.00545	0.00927
46	0.00720	0.00549	0.00666	0.00696	0.00815	0.00503	0.00509	0.00922	0.03169	0.01694	0.26444	0.28714	0.26042	0.01393	0.00664	0.00196	0.00299	0.04987	0.00536	0.00484
47	0.00749	0.00546	0.00708	0.00716	0.00829	0.00505	0.00534	0.00965	0.01398	0.01931	0.51252	0.19741	0.09853	0.01284	0.00662	0.00189	0.00290	0.06786	0.00567	0.00495
48	0.01083	0.00666	0.00852	0.00764	0.00954	0.00628	0.00587	0.01436	0.07697	0.14169	0.57941	0.03573	0.05430	0.01018	0.00621	0.00172	0.00305	0.00889	0.00607	0.00608
49	0.00779	0.00584	0.00876	0.00876	0.00974	0.00681	0.00681	0.00974	0.00876	0.01266	0.01460	0.02142	0.01363	0.04089	0.78680	0.00876	0.01460	0.00584	0.00292	0.00487
50	0.00743	0.00556	0.00689	0.00656	0.00797	0.00502	0.00492	0.00973	0.01475	0.02025	0.60927	0.04338	0.21470	0.01175	0.00643	0.00174	0.00261	0.01023	0.00579	0.00502
51	0.80115	0.01050	0.00847	0.05028	0.01202	0.01222	0.00641	0.01591	0.00937	0.02388	0.00771	0.00917	0.00598	0.00508	0.00349	0.00169	0.00438	0.00306	0.00332	0.00591
52	0.01193	0.01193	0.01670	0.01431	0.01431	0.01670	0.01193	0.01312	0.00835	0.01312	0.00716	0.01193	0.00716	0.00954	0.01789	0.00239	0.79843	0.00477	0.00239	0.00596
53	0.01208	0.00963	0.01132	0.00825	0.01289	0.00744	0.00659	0.03165	0.01185	0.05962	0.01112	0.03935	0.00937	0.00470	0.00425	0.00092	0.00409	0.00382	0.00354	0.74752
54	0.82607	0.01093	0.00820	0.00734	0.01070	0.03176	0.00602	0.01617	0.00943	0.02418	0.00761	0.00888	0.00593	0.00507	0.00341	0.00168	0.00436	0.00297	0.00336	0.00591
55	0.84691	0.01054	0.00801	0.00717	0.01054	0.01223	0.00590	0.01603	0.00928	0.02446	0.00759	0.00886	0.00590	0.00506	0.00337	0.00169	0.00422	0.00295	0.00337	0.00590
56	0.01027	0.00899	0.01475	0.63239	0.03179	0.01094	0.01345	0.02648	0.01093	0.01406	0.01143	0.01887	0.00966	0.00768	0.00723	0.08630	0.00679	0.06964	0.00270	0.00565
57	0.01170	0.17977	0.61009	0.01457	0.02189	0.01443	0.04186	0.01709	0.01147	0.01641	0.00940	0.01108	0.00697	0.00506	0.00489	0.00162	0.00766	0.00389	0.00232	0.00783
58	0.01093	0.02820	0.78016	0.01554	0.02360	0.01266	0.02014	0.01727	0.01151	0.01727	0.00978	0.01151	0.00691	0.00518	0.00518	0.00173	0.00806	0.00403	0.00230	0.00806
59	0.00722	0.00502	0.00653	0.00726	0.00755	0.00495	0.00477	0.00791	0.00945	0.01271	0.02408	0.47832	0.02817	0.23735	0.10230	0.03101	0.00511	0.01196	0.00425	0.00410
60	0.01188	0.16258	0.58560	0.01532	0.04872	0.02775	0.04187	0.01717	0.01158	0.01646	0.00944	0.01118	0.00703	0.00507	0.00493	0.00162	0.00768	0.00393	0.00235	0.00784
61	0.01405	0.00997	0.01249	0.01292	0.12193	0.01032	0.00882	0.08003	0.25148	0.14357	0.14912	0.02641	0.09393	0.00837	0.00581	0.00177	0.00439	0.03158	0.00534	0.00769
62	0.00741	0.00556	0.00687	0.00654	0.00796	0.00502	0.00491	0.00970	0.01472	0.02017	0.60174	0.04351	0.22227	0.01178	0.00643	0.00174	0.00262	0.01025	0.00578	0.00502
63	0.01100	0.02132	0.47057	0.11166	0.02515	0.01223	0.16757	0.01628	0.01173	0.01674	0.01166	0.04087	0.00942	0.00599	0.00565	0.00182	0.00788	0.04243	0.00264	0.00740
64	0.06761	0.09466	0.04137	0.01081	0.01494	0.01317	0.00931	0.24835	0.06613	0.31434	0.01575	0.01502	0.01087	0.00704	0.01891	0.00177	0.03123	0.00487	0.00526	0.00858
65	0.00793	0.00529	0.00595	0.00595	0.00595	0.00529	0.00330	0.00793	0.00793	0.01057	0.01718	0.03568	0.01982	0.80840	0.02775	0.00529	0.00529	0.00793	0.00330	0.00330
66	0.13239	0.00925	0.01160	0.00916	0.01305	0.00849	0.00752	0.02403	0.03286	0.60777	0.04526	0.01924	0.04082	0.00693	0.00527	0.00170	0.00444	0.00552	0.00619	0.00851
67	0.02044	0.01476	0.01604	0.02663	0.01705	0.01629	0.01028	0.68233	0.05260	0.06729	0.01375	0.01364	0.00970	0.00657	0.00546	0.00165	0.00590	0.00498	0.00546	0.00919
68	0.33487	0.01363	0.06705	0.10873	0.11116	0.05543	0.01051	0.16093	0.03016	0.02287	0.01107	0.01263	0.02830	0.00570	0.00463	0.00168	0.00576	0.00421	0.00357	0.00712
69	0.00664	0.00474	0.00633	0.00759	0.00791	0.00443	0.00506	0.00759	0.01044	0.01392	0.03005	0.80485	0.03606	0.01708	0.00696	0.00221	0.00316	0.01550	0.00506	0.00443
70	0.01364	0.01067	0.01210	0.00898	0.01346	0.00940	0.00724	0.17456	0.03297	0.03952	0.01147	0.01259	0.00900	0.00486	0.00440	0.00106	0.00440	0.00382	0.05115	0.57472
71	0.00894	0.00665	0.00850	0.00860	0.04790	0.00642	0.00604	0.01265	0.09148	0.04131	0.54092	0.05061	0.10956	0.02812	0.00674	0.00182	0.00309	0.00931	0.00565	0.00569
72	0.01345	0.28428	0.37069	0.01341	0.01946	0.05536	0.05513	0.07757	0.01273	0.01690	0.00944	0.01106	0.00738	0.00599	0.02386	0.00170	0.00747	0.00388	0.00264	0.00760
73	0.07263	0.13002	0.05663	0.03681	0.08581	0.13499	0.01076	0.18826	0.17763	0.03538	0.01279	0.01334	0.00980	0.00596	0.00495	0.00159	0.00625	0.00450	0.00399	0.00791
74	0.00947	0.00473	0.00710	0.00710	0.00710	0.00473	0.00473	0.00710	0.00710	0.00947	0.00947	0.01657	0.00947	0.01894	0.02131	0.84138	0.00473	0.00473	0.00237	0.00237
75	0.01052	0.00893	0.00872	0.00831	0.02287	0.11168	0.00620	0.02982	0.01464	0.06488	0.35337	0.03825	0.25448	0.01083	0.00617	0.00173	0.00397	0.03384	0.00523	0.00555
76	0.01194	0.00695	0.00715	0.00650	0.00833	0.00728	0.00504	0.12801	0.04747	0.02260	0.01726	0.01921	0.01337	0.00643	0.00414	0.00135	0.00315	0.00510	0.67283	0.00589
77	0.01161	0.00673	0.00704	0.00644	0.00811	0.00702	0.00492	0.12943	0.01337	0.02169	0.01690	0.02013	0.01357	0.05487	0.03337	0.00183	0.00368	0.00525	0.62843	0.00563
78	0.01314	0.01467	0.10472	0.03042	0.63239	0.01307	0.05462	0.01672	0.01222	0.01760	0.01015	0.01329	0.00839	0.00502	0.00580	0.00166	0.03021	0.00485	0.00265	0.00843
79	0.00754	0.00544	0.00672	0.00710	0.00735	0.00554	0.00460	0.00811	0.00921	0.01232	0.02369	0.34128	0.06462	0.38606	0.04253	0.00385	0.04509	0.01090	0.00404	0.00401
80	0.01229	0.01830	0.23817	0.02048	0.02642	0.01362	0.51412	0.01719	0.01226	0.01719	0.01049	0.01368	0.00784	0.00501	0.00666	0.00183	0.04866	0.00569	0.00261	0.00748
81	0.00954	0.00700	0.00906	0.00966	0.01114	0.00720	0.00808	0.03705	0.10189	0.01746	0.06811	0.08705	0.05313	0.01392	0.00781	0.04514	0.00466	0.49168	0.00502	0.00542
82	0.00784	0.00541	0.00696	0.00758	0.00840	0.00508	0.00529	0.03300	0.01202	0.04074	0.14939	0.58465	0.08256	0.01525	0.00675	0.00208	0.00318	0.01368	0.00528	0.00487
83	0.02016	0.05397	0.01592	0.01388	0.01675	0.75927	0.01049	0.02158	0.01529	0.01332	0.00840	0.00979	0.00702	0.00558	0.00487	0.00140	0.00969	0.00349	0.00279	0.00634
84	0.01076	0.01020	0.01705	0.66265	0.12325	0.01246	0.01515	0.01422	0.01094	0.01434	0.00962	0.01427	0.00742	0.00560	0.00612	0.00182	0.05045	0.00484	0.00245	0.00636
85	0.01193	0.01018	0.01239	0.05178	0.01489	0.00834	0.02403	0.06442	0.01229	0.01868	0.00995	0.01168	0.00812	0.00430	0.00427	0.00094	0.00446	0.00350	0.00333	0.72052
86	0.03655	0.00617	0.00775	0.00796	0.00909	0.00611	0.00577	0.04608	0.03154	0.06671	0.07935	0.40668	0.05442	0.04545	0.05095	0.05964	0.00430	0.04731	0.02308	0.00508
87	0.12330	0.01014	0.01253	0.00973	0.01387	0.00958	0.00804	0.11225	0.01604	0.59854	0.01882	0.01673	0.01208	0.00652	0.00522	0.00168	0.00475	0.00511	0.00619	0.00887
88	0.01130	0.00969	0.01130	0.00807	0.01292	0.00727	0.00646	0.01373	0.01130	0.01776	0.00969	0.01130	0.00807	0.00404	0.00404	0.00081	0.00404	0.00323	0.00323	0.84173
89	0.00796	0.00591	0.00738	0.04689	0.00971	0.00546	0.00558	0.01016	0.01403	0.04110	0.42817	0.04379	0.29342	0.01183	0.00641	0.00180	0.00306	0.04673	0.00547	0.00512
90	0.00708	0.00525	0.00677	0.00753	0.00835	0.00471	0.00515	0.00822	0.01071	0.01447	0.04472	0.68153	0.06770	0.01561	0.00666	0.00206	0.00321	0.01407	0.00491	0.08129
91	0.00750	0.00562	0.00658	0.00637	0.00790	0.00498	0.00477	0.00941	0.01368	0.03370	0.37953	0.05971	0.37212	0.03933	0.00717	0.00192	0.00286	0.02648	0.00547	0.00491
92	0.00741	0.00507	0.00610	0.00661	0.00674	0.00494	0.00402	0.00779	0.00895	0.01193	0.02241	0.34826	0.02642	0.48682	0.01930	0.00404	0.00442	0.01100	0.00402	0.00376
93	0.00707	0.00513	0.00672	0.00780	0.00845	0.00482	0.00563	0.00837	0.01109	0.01456	0.04995	0.56276	0.10378	0.03202	0.00742	0.00228	0.00350	0.14904	0.00504	0.00455
94	0.00945	0.00726	0.00785	0.00747	0.00800	0.04741	0.00496	0.04510	0.00942	0.01260	0.01567	0.02955	0.01695	0.55497	0.12758	0.00510	0.04803	0.00701	0.03146	0.00416
95	0.01318	0.01269	0.02181	0.10444	0.68921	0.01289	0.03272	0.01649	0.01228	0.01744	0.01022	0.01362	0.00850	0.00491	0.00542	0.00164	0.00661	0.00489	0.00267	0.00837
96	0.01153	0.01095	0.01859	0.50022	0.32295	0.01244	0.01576	0.01501	0.01149	0.01543	0.00991	0.01413	0.00780	0.00522	0.00543	0.00174	0.00696	0.00485	0.00253	0.00706

[dist]
# distance from previous block
# <min> <max>
0	20

# created by:
# /st0/software/busco_prod/Augustus/scripts/msa2prfl.pl ./align_prep/160405.fa
