[name]
unknown

[dist]
# distance from previous block
# <min> <max>
2	77

[block]
# block no. 0 follows, 40 sequences, length 13
# corresponding to MSA columns:
# 89-101
name=unknown_A
#
# <colnr> <probs for GDERKNQSTAVLIFYWHMCP>
#	G	D	E	R	K	N	Q	S	T	A	V	L	I	F	Y	W	H	M	C	P
0	0.01129	0.00698	0.01034	0.00957	0.01121	0.00643	0.06715	0.01297	0.01277	0.14755	0.12727	0.40721	0.03216	0.09737	0.00939	0.00251	0.00434	0.01215	0.00545	0.00587
1	0.03393	0.28556	0.14155	0.01361	0.01861	0.04168	0.11238	0.02025	0.07282	0.12610	0.01289	0.02874	0.01008	0.00621	0.00594	0.00170	0.05140	0.00490	0.00362	0.00803
2	0.01769	0.05870	0.09784	0.01219	0.01637	0.03451	0.05095	0.14357	0.16139	0.20356	0.01770	0.01979	0.01355	0.11537	0.00901	0.00233	0.00612	0.00592	0.00506	0.00839
3	0.00800	0.00678	0.00684	0.00715	0.00839	0.04634	0.00499	0.00917	0.01222	0.01499	0.06440	0.27270	0.37550	0.12367	0.01011	0.00256	0.00385	0.01251	0.00504	0.00478
4	0.01222	0.01098	0.01776	0.54663	0.03315	0.01316	0.07017	0.07572	0.01298	0.01749	0.01130	0.01573	0.00860	0.00619	0.00657	0.00191	0.05548	0.00532	0.07185	0.00676
5	0.01904	0.01465	0.01745	0.22531	0.02411	0.01662	0.01246	0.53994	0.02301	0.03064	0.01296	0.01439	0.00930	0.00666	0.00582	0.00180	0.00677	0.00522	0.00493	0.00894
6	0.05673	0.01399	0.09571	0.47825	0.06613	0.05283	0.05678	0.01748	0.07380	0.01700	0.01138	0.01506	0.00859	0.00586	0.00570	0.00189	0.00762	0.00511	0.00296	0.00712
7	0.00817	0.00638	0.00738	0.00749	0.00900	0.00601	0.00557	0.01111	0.07493	0.01782	0.20091	0.16420	0.31524	0.06758	0.00853	0.00231	0.00350	0.07303	0.00553	0.00531
8	0.01556	0.08375	0.17942	0.11068	0.20551	0.06037	0.08227	0.11518	0.01504	0.06073	0.01154	0.01377	0.00874	0.00569	0.00563	0.00175	0.00761	0.00493	0.00336	0.00846
9	0.01192	0.08336	0.48615	0.11284	0.02594	0.01384	0.10327	0.01749	0.01257	0.01791	0.05269	0.01463	0.01029	0.00581	0.00566	0.00182	0.00812	0.00497	0.00275	0.00797
10	0.00735	0.00541	0.00697	0.00790	0.00864	0.00491	0.00539	0.00857	0.01165	0.01558	0.07435	0.65538	0.09661	0.01697	0.00721	0.00223	0.00334	0.01527	0.00537	0.04091
11	0.03968	0.03277	0.14117	0.15444	0.03730	0.03140	0.08422	0.24247	0.03482	0.06074	0.02994	0.01596	0.01059	0.00664	0.00635	0.00186	0.03792	0.01936	0.00410	0.00827
12	0.01333	0.12610	0.25070	0.05743	0.08140	0.05202	0.10450	0.06069	0.02985	0.01797	0.01309	0.07088	0.01161	0.04326	0.00709	0.00200	0.02430	0.02293	0.00320	0.00765

[dist]
# distance from previous block
# <min> <max>
11	21

[block]
# block no. 1 follows, 40 sequences, length 11
# corresponding to MSA columns:
# 133-143
name=unknown_B
#
# <colnr> <probs for GDERKNQSTAVLIFYWHMCP>
#	G	D	E	R	K	N	Q	S	T	A	V	L	I	F	Y	W	H	M	C	P
0	0.01046	0.05982	0.04574	0.00862	0.01054	0.00706	0.00680	0.01226	0.01274	0.10363	0.13855	0.41162	0.06941	0.03768	0.00736	0.00214	0.00398	0.01198	0.00530	0.03430
1	0.01618	0.08646	0.20771	0.08837	0.10717	0.11243	0.09936	0.01997	0.01354	0.13738	0.01213	0.01396	0.00896	0.00595	0.00626	0.00178	0.04592	0.00489	0.00342	0.00814
2	0.01523	0.41224	0.16708	0.05968	0.01919	0.05675	0.04082	0.01822	0.01227	0.06513	0.00981	0.01157	0.00800	0.00579	0.00590	0.00159	0.07621	0.00400	0.00285	0.00766
3	0.01321	0.00709	0.00815	0.00731	0.00916	0.00702	0.00549	0.07370	0.01381	0.12932	0.09813	0.02585	0.01973	0.13848	0.04079	0.00254	0.00435	0.00655	0.38322	0.00612
4	0.08960	0.01094	0.06827	0.01004	0.01351	0.00966	0.00860	0.09506	0.06690	0.24845	0.20879	0.07191	0.02482	0.01021	0.03509	0.00214	0.00505	0.00735	0.00581	0.00779
5	0.01112	0.04039	0.04000	0.08119	0.01378	0.00894	0.00814	0.08424	0.01304	0.06344	0.04924	0.37309	0.03848	0.09503	0.00971	0.00249	0.04605	0.01094	0.00475	0.00597
6	0.06831	0.14177	0.14804	0.08641	0.02140	0.03327	0.14624	0.01716	0.01188	0.05893	0.01136	0.05247	0.00964	0.00700	0.00815	0.00193	0.16020	0.00543	0.00309	0.00732
7	0.00860	0.00556	0.00709	0.00773	0.00838	0.00520	0.00516	0.00958	0.01127	0.06098	0.06527	0.51579	0.06663	0.18028	0.01193	0.00297	0.00390	0.01369	0.00517	0.00484
8	0.03565	0.05240	0.33717	0.15290	0.06969	0.01382	0.18464	0.01756	0.01246	0.01792	0.01059	0.01354	0.00791	0.00533	0.00572	0.00181	0.00822	0.00497	0.00269	0.04501
9	0.09371	0.01576	0.04390	0.02676	0.01703	0.07034	0.01043	0.44583	0.07095	0.04937	0.01341	0.01412	0.00988	0.00749	0.00657	0.05315	0.00632	0.00494	0.00499	0.03504
10	0.09102	0.01464	0.05335	0.10147	0.30898	0.10459	0.01367	0.01950	0.07491	0.07600	0.04665	0.01776	0.01258	0.00648	0.00565	0.00180	0.00670	0.03244	0.00374	0.00806

[dist]
# distance from previous block
# <min> <max>
3	8

[block]
# block no. 2 follows, 40 sequences, length 6
# corresponding to MSA columns:
# 156-161
name=unknown_C
#
# <colnr> <probs for GDERKNQSTAVLIFYWHMCP>
#	G	D	E	R	K	N	Q	S	T	A	V	L	I	F	Y	W	H	M	C	P
0	0.00942	0.01149	0.14066	0.00988	0.01326	0.00810	0.06345	0.06216	0.01383	0.01783	0.06156	0.08731	0.41487	0.05073	0.00773	0.00213	0.00484	0.01001	0.00467	0.00606
1	0.07677	0.01275	0.19129	0.01065	0.01412	0.00862	0.03525	0.01407	0.03118	0.04893	0.19941	0.15022	0.08654	0.02998	0.00695	0.00209	0.00506	0.06496	0.00474	0.00642
2	0.01578	0.08724	0.14400	0.01154	0.01575	0.01290	0.01089	0.22386	0.04700	0.09783	0.07983	0.02264	0.01672	0.04111	0.03095	0.00218	0.00615	0.06331	0.06236	0.00795
3	0.01468	0.35158	0.31829	0.01295	0.01917	0.01671	0.04274	0.01868	0.01254	0.08561	0.01108	0.01233	0.00849	0.00549	0.00478	0.00157	0.00701	0.00410	0.04417	0.00805
4	0.01243	0.05270	0.06353	0.00940	0.01166	0.02659	0.00787	0.01461	0.01216	0.14040	0.10412	0.09548	0.02091	0.10365	0.21240	0.00423	0.03091	0.00740	0.06330	0.00624
5	0.03513	0.01142	0.01388	0.01118	0.01445	0.01178	0.05910	0.32268	0.01817	0.05483	0.01933	0.08260	0.08209	0.04892	0.00906	0.09858	0.00552	0.00691	0.02999	0.06438

[dist]
# distance from previous block
# <min> <max>
2	9

[block]
# block no. 3 follows, 40 sequences, length 11
# corresponding to MSA columns:
# 172-182
name=unknown_D
#
# <colnr> <probs for GDERKNQSTAVLIFYWHMCP>
#	G	D	E	R	K	N	Q	S	T	A	V	L	I	F	Y	W	H	M	C	P
0	0.07402	0.22209	0.29627	0.04912	0.02253	0.01617	0.15056	0.04970	0.01301	0.04038	0.01043	0.01239	0.00792	0.00538	0.00521	0.00171	0.00767	0.00451	0.00293	0.00800
1	0.03939	0.52327	0.10629	0.01007	0.01479	0.01832	0.01022	0.03903	0.01273	0.01646	0.06424	0.01577	0.06019	0.00631	0.00443	0.00144	0.00582	0.00452	0.03949	0.00723
2	0.00939	0.00726	0.00973	0.00949	0.01075	0.00723	0.05377	0.06735	0.06343	0.01696	0.02785	0.48655	0.06018	0.12904	0.01037	0.00272	0.00443	0.01297	0.00503	0.00547
3	0.01448	0.58743	0.23281	0.01177	0.01775	0.02039	0.01313	0.01769	0.01194	0.01498	0.00873	0.01014	0.00744	0.00513	0.00423	0.00141	0.00687	0.00344	0.00248	0.00777
4	0.02143	0.01402	0.14993	0.01237	0.04054	0.01033	0.01122	0.09515	0.01679	0.47979	0.07203	0.01938	0.01542	0.00715	0.00586	0.00180	0.00566	0.00582	0.00601	0.00932
5	0.00860	0.00597	0.00806	0.00806	0.00882	0.00660	0.00584	0.01012	0.00936	0.01364	0.01673	0.02727	0.01654	0.26434	0.47548	0.00745	0.01135	0.00682	0.08423	0.00472
6	0.00809	0.00581	0.00765	0.00866	0.03062	0.00546	0.00603	0.00927	0.01201	0.01583	0.12044	0.34095	0.15548	0.05209	0.00991	0.08881	0.00388	0.10919	0.00505	0.00478
7	0.12346	0.09055	0.44717	0.01563	0.06902	0.03458	0.01675	0.01844	0.01209	0.05482	0.01034	0.01213	0.00771	0.00584	0.00602	0.00181	0.05844	0.00421	0.00289	0.00810
8	0.01096	0.01063	0.04828	0.09957	0.01640	0.04069	0.04114	0.01254	0.00996	0.01388	0.01264	0.08438	0.01234	0.01901	0.18930	0.12820	0.23521	0.00634	0.00296	0.00556
9	0.00738	0.00523	0.00691	0.00814	0.00852	0.00495	0.00553	0.00843	0.01107	0.01473	0.03076	0.67133	0.03657	0.08593	0.00940	0.00267	0.00372	0.06882	0.00523	0.00467
10	0.01419	0.01591	0.09690	0.18957	0.40071	0.06645	0.06426	0.04918	0.01367	0.01847	0.01081	0.01421	0.00860	0.00547	0.00579	0.00178	0.00767	0.00510	0.00291	0.00833

[dist]
# distance from previous block
# <min> <max>
0	1

[block]
# block no. 4 follows, 40 sequences, length 40
# corresponding to MSA columns:
# 184-223
name=unknown_E
#
# <colnr> <probs for GDERKNQSTAVLIFYWHMCP>
#	G	D	E	R	K	N	Q	S	T	A	V	L	I	F	Y	W	H	M	C	P
0	0.01189	0.06041	0.71587	0.01683	0.04477	0.01389	0.02092	0.01836	0.01229	0.01824	0.01036	0.01222	0.00742	0.00549	0.00546	0.00181	0.00845	0.00427	0.00247	0.00857
1	0.00731	0.00529	0.00691	0.00781	0.00845	0.00489	0.00536	0.00871	0.01237	0.01667	0.18513	0.59339	0.08275	0.01670	0.00727	0.00223	0.00322	0.01503	0.00561	0.00489
2	0.05304	0.03738	0.01686	0.07737	0.06736	0.16631	0.03263	0.25498	0.01788	0.04396	0.02844	0.03131	0.01077	0.00702	0.00673	0.00177	0.07760	0.00521	0.05556	0.00785
3	0.01552	0.01215	0.04608	0.01274	0.04228	0.01211	0.03604	0.21887	0.17833	0.09432	0.02183	0.19335	0.01992	0.01015	0.00638	0.00202	0.00535	0.05898	0.00549	0.00811
4	0.01388	0.01027	0.08643	0.01077	0.04452	0.00823	0.00885	0.01809	0.08186	0.20804	0.34501	0.06318	0.03324	0.00983	0.00640	0.00188	0.00434	0.03186	0.00594	0.00736
5	0.01218	0.04887	0.56280	0.01771	0.05563	0.01399	0.09558	0.01834	0.03073	0.01824	0.01121	0.01417	0.00850	0.00596	0.00633	0.00189	0.04512	0.02174	0.00269	0.00834
6	0.05482	0.01519	0.20630	0.01178	0.01692	0.01041	0.01164	0.08054	0.01582	0.40089	0.06383	0.05492	0.01550	0.00748	0.00580	0.00183	0.00577	0.00608	0.00558	0.00889
7	0.05948	0.02695	0.61292	0.01796	0.08409	0.02810	0.05402	0.01840	0.01237	0.01883	0.01038	0.01241	0.00753	0.00547	0.00549	0.00183	0.00832	0.00441	0.00259	0.00844
8	0.02098	0.02235	0.01639	0.01411	0.01766	0.44716	0.01094	0.24788	0.10653	0.02242	0.01228	0.01290	0.00945	0.00653	0.00550	0.00163	0.00851	0.00455	0.00422	0.00802
9	0.02007	0.01165	0.04494	0.09507	0.01763	0.03124	0.00987	0.08014	0.11528	0.39490	0.04002	0.03617	0.01495	0.00736	0.00578	0.00181	0.00540	0.00604	0.05287	0.00880
10	0.05008	0.04365	0.04736	0.09968	0.45842	0.05969	0.08044	0.05736	0.01387	0.01935	0.01076	0.01389	0.00872	0.00538	0.00566	0.00174	0.00736	0.00506	0.00303	0.00851
11	0.00730	0.00575	0.00661	0.00689	0.00834	0.00506	0.00508	0.00897	0.01341	0.01707	0.18656	0.21878	0.42596	0.01502	0.00705	0.00206	0.00312	0.04637	0.00559	0.00500
12	0.02221	0.04851	0.03238	0.01247	0.01720	0.01570	0.01053	0.51125	0.02349	0.19947	0.01556	0.01499	0.01072	0.00683	0.00568	0.00171	0.00605	0.00521	0.00585	0.03417
13	0.03546	0.18445	0.12588	0.01348	0.03986	0.17926	0.02491	0.07227	0.06152	0.11535	0.05098	0.01466	0.01171	0.00648	0.00580	0.00166	0.03964	0.00474	0.00391	0.00795
14	0.03405	0.04928	0.67134	0.01674	0.02490	0.01384	0.07371	0.01837	0.01231	0.01851	0.01041	0.01237	0.00745	0.00546	0.00552	0.00183	0.00851	0.00442	0.00252	0.00845
15	0.00704	0.00590	0.00612	0.00607	0.00796	0.00498	0.00455	0.00867	0.01365	0.01665	0.14546	0.05441	0.66985	0.01438	0.00687	0.00195	0.00292	0.01205	0.00552	0.00498
16	0.09941	0.07571	0.44668	0.01488	0.02156	0.01415	0.07177	0.09492	0.01376	0.02092	0.01162	0.01473	0.00896	0.00606	0.00540	0.00182	0.00755	0.03435	0.02763	0.00813
17	0.14273	0.12742	0.01491	0.08224	0.01571	0.03825	0.00899	0.11399	0.06271	0.09122	0.13829	0.07653	0.01919	0.00815	0.00593	0.00180	0.03360	0.00641	0.00467	0.00725
18	0.00778	0.00582	0.00725	0.00818	0.00892	0.00564	0.00560	0.01019	0.07615	0.01584	0.04930	0.62570	0.09658	0.03787	0.00783	0.00237	0.00349	0.01495	0.00542	0.00512
19	0.06356	0.01322	0.03711	0.04366	0.04376	0.03141	0.04125	0.20746	0.21517	0.10273	0.04731	0.02211	0.06623	0.00791	0.00593	0.00188	0.00563	0.02987	0.00531	0.00848
20	0.04743	0.06917	0.14381	0.37102	0.18309	0.01387	0.02863	0.02668	0.01231	0.01714	0.01078	0.01519	0.00855	0.00580	0.00558	0.00184	0.00743	0.02140	0.00278	0.00750
21	0.04130	0.01433	0.08829	0.06262	0.01702	0.07259	0.01053	0.08178	0.33452	0.03518	0.02285	0.05475	0.08174	0.00868	0.00600	0.00195	0.00567	0.04727	0.00496	0.00796
22	0.01223	0.01058	0.01348	0.01174	0.01332	0.04697	0.04545	0.03948	0.09273	0.03852	0.12643	0.02302	0.03870	0.04809	0.13060	0.00335	0.23371	0.00666	0.05849	0.00644
23	0.03391	0.03004	0.01011	0.00956	0.03778	0.04361	0.00696	0.01471	0.05736	0.10996	0.24237	0.12445	0.10506	0.08219	0.00860	0.00228	0.00434	0.06510	0.00544	0.00618
24	0.03808	0.08813	0.38708	0.03948	0.11203	0.05774	0.09828	0.01929	0.03535	0.05475	0.01131	0.01323	0.00841	0.00555	0.00552	0.00177	0.00799	0.00470	0.00297	0.00834
25	0.14970	0.59050	0.08442	0.01022	0.01521	0.03929	0.01029	0.01758	0.01165	0.01610	0.00829	0.00961	0.00727	0.00511	0.00389	0.00139	0.00623	0.00323	0.00268	0.00734
26	0.01592	0.01174	0.01323	0.01127	0.01425	0.01294	0.00902	0.37569	0.09062	0.02669	0.01816	0.06676	0.01602	0.06885	0.12157	0.00327	0.00711	0.06864	0.04045	0.00780
27	0.01687	0.05703	0.01309	0.01018	0.01352	0.10511	0.00816	0.16854	0.07905	0.16060	0.06435	0.02684	0.18975	0.00893	0.00585	0.00175	0.00527	0.00710	0.05037	0.00766
28	0.01229	0.01212	0.03804	0.24567	0.18057	0.01230	0.17833	0.01582	0.01259	0.03724	0.01598	0.07066	0.05904	0.00725	0.00678	0.00193	0.04032	0.02061	0.00329	0.02917
29	0.00735	0.00523	0.00695	0.00823	0.00863	0.00494	0.00564	0.00845	0.01118	0.01487	0.03123	0.69097	0.03713	0.05865	0.00863	0.00256	0.00366	0.07569	0.00530	0.00471
30	0.06989	0.25686	0.36289	0.01384	0.03561	0.01560	0.05121	0.01727	0.01249	0.01804	0.08450	0.01454	0.01220	0.00595	0.00506	0.00166	0.00703	0.00463	0.00297	0.00776
31	0.11940	0.02924	0.01393	0.05350	0.01612	0.13132	0.00935	0.19224	0.05575	0.16734	0.11993	0.01968	0.01707	0.00751	0.00562	0.00177	0.00596	0.02111	0.00520	0.00796
32	0.04995	0.46702	0.16929	0.04100	0.05321	0.10183	0.01277	0.01816	0.01239	0.01548	0.00886	0.01049	0.00749	0.00525	0.00441	0.00146	0.00716	0.00358	0.00261	0.00760
33	0.00794	0.00624	0.00718	0.00785	0.00890	0.01997	0.00550	0.03075	0.02949	0.01609	0.05155	0.51952	0.23493	0.01634	0.00714	0.00220	0.00350	0.01444	0.00540	0.00508
34	0.03602	0.05922	0.58251	0.01679	0.05451	0.01359	0.05911	0.01911	0.01266	0.07716	0.01135	0.01294	0.00805	0.00558	0.00550	0.00181	0.00809	0.00452	0.00291	0.00857
35	0.29889	0.01465	0.16584	0.03120	0.04804	0.01180	0.03037	0.06613	0.01358	0.12614	0.09281	0.03213	0.01459	0.00696	0.00522	0.00184	0.00566	0.02228	0.00432	0.00754
36	0.00709	0.00506	0.00675	0.00810	0.00843	0.00472	0.00540	0.00810	0.01113	0.01484	0.03205	0.79184	0.03846	0.01822	0.00742	0.00236	0.00337	0.01653	0.00540	0.00472
37	0.01521	0.08941	0.23421	0.08014	0.11558	0.11693	0.01465	0.08870	0.05594	0.05583	0.01337	0.07028	0.01111	0.00680	0.00559	0.00177	0.00736	0.00549	0.00357	0.00809
38	0.01328	0.04995	0.01087	0.03213	0.01164	0.01008	0.00702	0.19675	0.01534	0.02273	0.01734	0.07894	0.01510	0.06281	0.08248	0.00263	0.01648	0.00637	0.34157	0.00650
39	0.01915	0.04643	0.01569	0.01190	0.01589	0.01493	0.00970	0.48842	0.04680	0.08593	0.04641	0.10752	0.01551	0.00836	0.00591	0.00178	0.00564	0.00671	0.00566	0.04166

[dist]
# distance from previous block
# <min> <max>
24	45

[block]
# block no. 5 follows, 40 sequences, length 15
# corresponding to MSA columns:
# 292-306
name=unknown_F
#
# <colnr> <probs for GDERKNQSTAVLIFYWHMCP>
#	G	D	E	R	K	N	Q	S	T	A	V	L	I	F	Y	W	H	M	C	P
0	0.01408	0.09081	0.07240	0.01296	0.04116	0.15807	0.04302	0.06180	0.03423	0.01810	0.08058	0.01784	0.01432	0.01267	0.12293	0.00287	0.09157	0.00542	0.09836	0.00681
1	0.01600	0.12619	0.08865	0.06009	0.23024	0.19773	0.03080	0.01890	0.01377	0.06471	0.01340	0.01639	0.03878	0.00747	0.03025	0.00192	0.00790	0.02579	0.00326	0.00777
2	0.00841	0.00622	0.00709	0.00726	0.00773	0.02505	0.00468	0.00906	0.00966	0.01267	0.02356	0.15576	0.09011	0.46422	0.13886	0.00525	0.00670	0.00962	0.00392	0.00418
3	0.01231	0.02326	0.46300	0.02152	0.19917	0.01328	0.10562	0.01779	0.01273	0.01844	0.01319	0.01542	0.04627	0.00584	0.00581	0.00183	0.00805	0.00522	0.00276	0.00846
4	0.01123	0.00772	0.03106	0.00900	0.01135	0.00654	0.04069	0.01350	0.01425	0.14538	0.19025	0.14175	0.24341	0.01274	0.00687	0.00204	0.00407	0.09629	0.00572	0.00615
5	0.00852	0.00634	0.00882	0.00916	0.01001	0.00615	0.04320	0.03941	0.01175	0.01564	0.02791	0.51849	0.03242	0.14255	0.01098	0.00288	0.00441	0.09140	0.00498	0.00497
6	0.01260	0.08466	0.53476	0.01914	0.15242	0.01434	0.01924	0.01898	0.05633	0.01851	0.01113	0.01299	0.00832	0.00556	0.00545	0.00178	0.00788	0.00450	0.00274	0.00865
7	0.00709	0.00506	0.00675	0.00810	0.00843	0.00472	0.00540	0.00810	0.01113	0.01484	0.03205	0.79184	0.03846	0.01822	0.00742	0.00236	0.00337	0.01653	0.00540	0.00472
8	0.08016	0.24525	0.29145	0.01373	0.01955	0.15593	0.03546	0.06407	0.01372	0.01805	0.00958	0.01109	0.00753	0.00552	0.00487	0.00160	0.00784	0.00390	0.00288	0.00781
9	0.01585	0.06378	0.01784	0.04378	0.01763	0.22539	0.09413	0.10355	0.01449	0.01801	0.01225	0.01519	0.02477	0.01058	0.08264	0.00253	0.14655	0.00511	0.07905	0.00690
10	0.01308	0.01419	0.02945	0.06124	0.13181	0.01358	0.53419	0.01737	0.01332	0.01815	0.01344	0.08680	0.01155	0.00621	0.00671	0.00196	0.00870	0.00743	0.00314	0.00768
11	0.00781	0.00638	0.00700	0.00716	0.00889	0.00587	0.00535	0.01070	0.07900	0.01694	0.09732	0.18146	0.47860	0.01460	0.00694	0.00206	0.00328	0.04978	0.00551	0.00532
12	0.08309	0.08787	0.47652	0.01544	0.02255	0.01456	0.08198	0.08494	0.01373	0.05120	0.01101	0.01257	0.00794	0.00562	0.00538	0.00179	0.00781	0.00448	0.00310	0.00841
13	0.01362	0.01854	0.22642	0.09325	0.39614	0.05867	0.01770	0.01838	0.04159	0.01834	0.01177	0.01561	0.00959	0.00584	0.00575	0.00180	0.00752	0.02800	0.00294	0.00853
14	0.01780	0.01691	0.01671	0.08685	0.11840	0.21876	0.01204	0.26536	0.01850	0.02281	0.01338	0.01815	0.01125	0.01003	0.06708	0.00238	0.00834	0.06325	0.00411	0.00789

[dist]
# distance from previous block
# <min> <max>
0	3

[block]
# block no. 6 follows, 40 sequences, length 10
# corresponding to MSA columns:
# 310-319
name=unknown_G
#
# <colnr> <probs for GDERKNQSTAVLIFYWHMCP>
#	G	D	E	R	K	N	Q	S	T	A	V	L	I	F	Y	W	H	M	C	P
0	0.01428	0.09943	0.13145	0.08372	0.45209	0.05805	0.01674	0.01842	0.03838	0.01796	0.01085	0.01366	0.00885	0.00540	0.00549	0.00170	0.00727	0.00480	0.00287	0.00859
1	0.03227	0.01219	0.06376	0.02694	0.04278	0.04730	0.00991	0.12011	0.17751	0.03406	0.07017	0.10145	0.07411	0.01061	0.00647	0.00206	0.00537	0.15048	0.00515	0.00732
2	0.01316	0.11771	0.01273	0.00961	0.01215	0.20759	0.00756	0.01622	0.08302	0.01642	0.02829	0.06836	0.23399	0.02779	0.00624	0.00181	0.00565	0.03448	0.09106	0.00616
3	0.00714	0.00517	0.00675	0.00790	0.00841	0.00478	0.00534	0.00829	0.01160	0.01541	0.07722	0.69654	0.08878	0.01760	0.00735	0.00230	0.00331	0.01588	0.00546	0.00478
4	0.01515	0.01549	0.04148	0.06202	0.47592	0.12069	0.01562	0.06293	0.01449	0.01905	0.01290	0.01920	0.01145	0.00659	0.00592	0.00181	0.00731	0.08030	0.00331	0.00836
5	0.01705	0.01276	0.01398	0.01156	0.01504	0.01386	0.00932	0.45200	0.09217	0.02980	0.08281	0.09732	0.06970	0.00957	0.00626	0.00190	0.00534	0.04539	0.00578	0.00838
6	0.00881	0.00634	0.00804	0.00881	0.00967	0.00625	0.00624	0.08546	0.01298	0.01730	0.03007	0.66545	0.03515	0.01690	0.00729	0.00232	0.00381	0.05838	0.00544	0.00531
7	0.01406	0.01938	0.27700	0.02003	0.05400	0.01317	0.35877	0.01907	0.01341	0.09688	0.01338	0.05011	0.01028	0.00597	0.00629	0.00191	0.00848	0.00626	0.00333	0.00822
8	0.01601	0.35575	0.08027	0.01194	0.01595	0.19321	0.01087	0.07400	0.01387	0.01609	0.01192	0.04037	0.03433	0.00883	0.05242	0.00201	0.04725	0.00459	0.00310	0.00720
9	0.00779	0.00617	0.00937	0.00948	0.01046	0.00574	0.07551	0.00924	0.01162	0.01548	0.05852	0.63179	0.07221	0.03721	0.00791	0.00237	0.00400	0.01495	0.00515	0.00503

[dist]
# distance from previous block
# <min> <max>
3	7

[block]
# block no. 7 follows, 40 sequences, length 11
# corresponding to MSA columns:
# 327-337
name=unknown_H
#
# <colnr> <probs for GDERKNQSTAVLIFYWHMCP>
#	G	D	E	R	K	N	Q	S	T	A	V	L	I	F	Y	W	H	M	C	P
0	0.01333	0.36025	0.44994	0.01373	0.02077	0.01759	0.01653	0.01799	0.01208	0.01638	0.00943	0.01101	0.00741	0.00529	0.00475	0.00158	0.00757	0.00379	0.00247	0.00811
1	0.05075	0.07110	0.10991	0.01094	0.01543	0.03565	0.01000	0.02386	0.08147	0.40660	0.10588	0.02033	0.01754	0.00733	0.00567	0.00177	0.00538	0.00589	0.00576	0.00873
2	0.00962	0.00679	0.00830	0.00838	0.01016	0.00644	0.00663	0.01283	0.07154	0.06574	0.18682	0.12760	0.24985	0.01384	0.00708	0.00215	0.00382	0.19090	0.00575	0.00577
3	0.08714	0.05215	0.38003	0.01330	0.01849	0.06760	0.04276	0.01574	0.01129	0.01658	0.01081	0.04255	0.00914	0.00935	0.00933	0.19222	0.00730	0.00484	0.00275	0.00663
4	0.06246	0.01602	0.08311	0.07969	0.13165	0.03449	0.43433	0.01804	0.01302	0.01850	0.01097	0.01459	0.00845	0.00535	0.00685	0.00192	0.04393	0.00593	0.00289	0.00780
5	0.00745	0.00566	0.00673	0.00696	0.00817	0.00508	0.00496	0.00909	0.01334	0.01751	0.26244	0.25326	0.29563	0.06656	0.00853	0.00228	0.00318	0.01265	0.00558	0.00494
6	0.01211	0.02723	0.62790	0.01901	0.08815	0.01365	0.09420	0.01839	0.01251	0.01849	0.01061	0.01280	0.00767	0.00543	0.00568	0.00184	0.00857	0.00463	0.00254	0.00857
7	0.06874	0.40875	0.10893	0.01156	0.01639	0.01918	0.01130	0.18299	0.01507	0.02030	0.01003	0.01151	0.00827	0.00753	0.04023	0.00189	0.04209	0.00397	0.00335	0.00792
8	0.01527	0.00838	0.01107	0.05572	0.01411	0.00819	0.00843	0.03470	0.08684	0.26909	0.02728	0.20354	0.05393	0.01189	0.00672	0.00215	0.00477	0.16477	0.00589	0.00727
9	0.00781	0.00539	0.00666	0.00737	0.00790	0.00512	0.00491	0.00890	0.01115	0.01519	0.08407	0.43042	0.07975	0.20764	0.01259	0.00304	0.00387	0.03413	0.05951	0.00456
10	0.06885	0.01241	0.01308	0.01114	0.01443	0.01386	0.00878	0.29111	0.28538	0.02753	0.01920	0.08417	0.01576	0.03925	0.00666	0.00201	0.00506	0.00669	0.06623	0.00839

[dist]
# distance from previous block
# <min> <max>
0	2

[block]
# block no. 8 follows, 40 sequences, length 25
# corresponding to MSA columns:
# 340-364
name=unknown_I
#
# <colnr> <probs for GDERKNQSTAVLIFYWHMCP>
#	G	D	E	R	K	N	Q	S	T	A	V	L	I	F	Y	W	H	M	C	P
0	0.65054	0.04787	0.12035	0.00898	0.01329	0.01327	0.00860	0.01717	0.01041	0.02427	0.00883	0.01030	0.00681	0.00545	0.00390	0.00177	0.00511	0.00340	0.03304	0.00665
1	0.01096	0.00659	0.00879	0.00874	0.01015	0.00621	0.00644	0.01261	0.01302	0.14163	0.15588	0.44474	0.03481	0.01436	0.00745	0.00214	0.03557	0.03880	0.00569	0.03543
2	0.01444	0.01439	0.02202	0.15495	0.58224	0.07556	0.01703	0.01780	0.01324	0.01794	0.01068	0.01425	0.00883	0.00535	0.00572	0.00174	0.00734	0.00506	0.00284	0.00856
3	0.00805	0.00594	0.00752	0.00712	0.00858	0.00541	0.00534	0.01062	0.01603	0.02229	0.66227	0.04513	0.14953	0.01227	0.00686	0.00185	0.00277	0.01075	0.00627	0.00541
4	0.00711	0.00561	0.00642	0.00683	0.00816	0.00491	0.00489	0.00857	0.01289	0.01631	0.13263	0.31212	0.42173	0.01561	0.00706	0.00209	0.00307	0.01355	0.00552	0.00491
5	0.03393	0.23534	0.43610	0.01479	0.04618	0.01563	0.03149	0.01904	0.01257	0.08831	0.01098	0.01227	0.00813	0.00551	0.00506	0.00167	0.00747	0.00418	0.00297	0.00836
6	0.00837	0.00567	0.00643	0.00645	0.00676	0.00559	0.00387	0.00880	0.00941	0.01269	0.04934	0.05875	0.08394	0.62364	0.04955	0.00505	0.00545	0.00887	0.03751	0.00388
7	0.01485	0.27189	0.26755	0.01751	0.15017	0.07429	0.03454	0.01918	0.03932	0.04448	0.01063	0.01228	0.00840	0.00545	0.00503	0.00161	0.00743	0.00424	0.00289	0.00825
8	0.44658	0.18131	0.08733	0.01160	0.07181	0.01523	0.00978	0.01779	0.01110	0.05879	0.00927	0.01072	0.00733	0.00558	0.00468	0.00171	0.03526	0.00362	0.00334	0.00718
9	0.02101	0.02565	0.01650	0.01534	0.04310	0.66288	0.01127	0.06708	0.03662	0.01624	0.02606	0.01185	0.00901	0.00620	0.00535	0.00154	0.00979	0.00411	0.00332	0.00706
10	0.01261	0.00813	0.00875	0.05985	0.01132	0.02179	0.00630	0.13390	0.02813	0.02237	0.01836	0.02213	0.03304	0.07709	0.02362	0.00204	0.00438	0.00582	0.49423	0.00614
11	0.00707	0.00568	0.00624	0.00654	0.00800	0.00493	0.00470	0.00846	0.01278	0.01584	0.09597	0.23403	0.51122	0.04215	0.00778	0.00218	0.00313	0.01307	0.00540	0.00485
12	0.01157	0.01110	0.01748	0.70399	0.06388	0.03787	0.01581	0.01578	0.03694	0.01531	0.01077	0.01551	0.00814	0.00587	0.00580	0.00192	0.00770	0.00517	0.00272	0.00666
13	0.00743	0.00536	0.00708	0.00809	0.00873	0.00500	0.00568	0.00887	0.01224	0.01643	0.14929	0.59053	0.06657	0.01691	0.00736	0.00229	0.00341	0.06830	0.00556	0.00490
14	0.01778	0.01347	0.01613	0.01270	0.01630	0.01451	0.07318	0.48976	0.02153	0.02886	0.01593	0.07807	0.01400	0.14855	0.01028	0.00251	0.00633	0.00682	0.00512	0.00818
15	0.00749	0.00545	0.00717	0.00822	0.00892	0.00503	0.00575	0.00878	0.01164	0.01556	0.05982	0.64629	0.06456	0.01717	0.00732	0.00230	0.00353	0.07518	0.00536	0.03443
16	0.01327	0.01290	0.02147	0.28913	0.32867	0.03091	0.09925	0.02738	0.03880	0.01773	0.01133	0.01519	0.00900	0.00573	0.00635	0.00185	0.03624	0.00539	0.02153	0.00786
17	0.01583	0.01258	0.04364	0.01164	0.01525	0.01315	0.00954	0.06415	0.52760	0.12431	0.02414	0.02363	0.04482	0.00822	0.00600	0.00196	0.00487	0.03377	0.00590	0.00900
18	0.01156	0.00851	0.01084	0.00940	0.01169	0.00876	0.00733	0.07674	0.01191	0.04763	0.01452	0.02034	0.01304	0.10402	0.32659	0.00513	0.05807	0.00560	0.05279	0.19554
19	0.00928	0.00666	0.00742	0.00719	0.00922	0.00600	0.00543	0.01203	0.06888	0.08098	0.11087	0.13247	0.48089	0.01374	0.00680	0.00200	0.00332	0.02545	0.00568	0.00570
20	0.01179	0.00926	0.01152	0.02628	0.01353	0.00738	0.01972	0.01397	0.01199	0.05526	0.01501	0.15712	0.01446	0.00758	0.00563	0.02783	0.00436	0.00614	0.00394	0.57722
21	0.01570	0.06989	0.05147	0.01770	0.18556	0.14608	0.01206	0.04103	0.24607	0.04744	0.01606	0.01848	0.01298	0.00911	0.05237	0.00224	0.00721	0.03611	0.00417	0.00826
22	0.01087	0.00823	0.00974	0.00910	0.01120	0.00804	0.00684	0.13624	0.04236	0.02031	0.09038	0.33242	0.08194	0.03356	0.02459	0.00222	0.00441	0.04660	0.00522	0.11572
23	0.04843	0.27080	0.48416	0.01390	0.02094	0.01628	0.01682	0.01780	0.01192	0.01707	0.00959	0.01135	0.00741	0.00568	0.00527	0.02058	0.00759	0.00389	0.00252	0.00800
24	0.22297	0.13613	0.03937	0.00964	0.01300	0.11809	0.00823	0.09346	0.03280	0.02197	0.04050	0.01623	0.01194	0.00654	0.00458	0.00160	0.00551	0.02783	0.18277	0.00682

[dist]
# distance from previous block
# <min> <max>
2	17

[block]
# block no. 9 follows, 40 sequences, length 9
# corresponding to MSA columns:
# 383-391
name=unknown_J
#
# <colnr> <probs for GDERKNQSTAVLIFYWHMCP>
#	G	D	E	R	K	N	Q	S	T	A	V	L	I	F	Y	W	H	M	C	P
0	0.01259	0.01074	0.01628	0.01423	0.04208	0.01125	0.15080	0.14942	0.04631	0.02118	0.08502	0.21908	0.02379	0.01117	0.00787	0.00214	0.06915	0.09522	0.00478	0.00692
1	0.01566	0.19656	0.06606	0.01160	0.01533	0.29732	0.00991	0.01907	0.08533	0.01585	0.02009	0.02036	0.15466	0.00755	0.00526	0.00157	0.00709	0.00556	0.00362	0.04157
2	0.01229	0.01209	0.01699	0.01469	0.01479	0.01679	0.01219	0.01364	0.00895	0.01395	0.00840	0.01370	0.00830	0.01342	0.09213	0.00320	0.71040	0.00520	0.00260	0.00625
3	0.01166	0.03008	0.76550	0.01657	0.02517	0.01351	0.02149	0.01842	0.01228	0.01842	0.01044	0.01228	0.00737	0.00552	0.00552	0.00184	0.00859	0.00430	0.00246	0.00859
4	0.00722	0.00524	0.00685	0.00809	0.00862	0.00487	0.00558	0.00838	0.01145	0.01508	0.03415	0.68447	0.09660	0.01779	0.00742	0.00235	0.00347	0.06219	0.00540	0.00478
5	0.00741	0.00543	0.00732	0.03345	0.00958	0.00521	0.00582	0.00880	0.01182	0.01590	0.12403	0.61001	0.06292	0.01806	0.04267	0.00259	0.00399	0.01477	0.00533	0.00491
6	0.00714	0.00590	0.00626	0.00617	0.00802	0.00502	0.00463	0.00886	0.01388	0.01720	0.19567	0.05351	0.61930	0.01417	0.00687	0.00194	0.00291	0.01193	0.00560	0.00502
7	0.01164	0.05919	0.65424	0.01577	0.02335	0.01365	0.01970	0.01766	0.01192	0.01771	0.01057	0.01288	0.00786	0.00825	0.05741	0.00235	0.04069	0.00441	0.00250	0.00823
8	0.00799	0.00585	0.00729	0.00761	0.00852	0.00558	0.00529	0.01023	0.04706	0.01788	0.28747	0.34112	0.09448	0.11446	0.00994	0.00254	0.00347	0.01260	0.00554	0.00506

[dist]
# distance from previous block
# <min> <max>
2	3

[block]
# block no. 10 follows, 40 sequences, length 24
# corresponding to MSA columns:
# 395-418
name=unknown_K
#
# <colnr> <probs for GDERKNQSTAVLIFYWHMCP>
#	G	D	E	R	K	N	Q	S	T	A	V	L	I	F	Y	W	H	M	C	P
0	0.01500	0.01325	0.01292	0.01167	0.01464	0.09139	0.00906	0.12068	0.43602	0.02339	0.02270	0.10300	0.03389	0.00914	0.00607	0.00195	0.00528	0.03944	0.02228	0.00823
1	0.01064	0.00818	0.01054	0.01172	0.04928	0.00861	0.00913	0.01624	0.17831	0.01875	0.02737	0.08929	0.02791	0.04871	0.00827	0.00255	0.00510	0.43445	0.02866	0.00630
2	0.03908	0.02688	0.61514	0.01837	0.07361	0.01364	0.09594	0.01836	0.01241	0.01873	0.01053	0.01268	0.00761	0.00543	0.00562	0.00185	0.00848	0.00459	0.00257	0.00848
3	0.00776	0.00594	0.00735	0.00774	0.00905	0.00519	0.00543	0.00914	0.01189	0.01595	0.06972	0.52507	0.15962	0.01547	0.00689	0.00207	0.00339	0.01378	0.00519	0.11335
4	0.01453	0.01403	0.02209	0.05698	0.63458	0.03925	0.01668	0.01927	0.08881	0.01925	0.01216	0.01505	0.00998	0.00551	0.00576	0.00175	0.00682	0.00528	0.00318	0.00904
5	0.05577	0.04719	0.01849	0.01912	0.18918	0.37631	0.01262	0.10521	0.01584	0.01848	0.00983	0.01193	0.00813	0.00626	0.00662	0.00168	0.08210	0.00433	0.00327	0.00765
6	0.01112	0.00653	0.00860	0.00782	0.00959	0.00595	0.00590	0.01356	0.01584	0.14439	0.56139	0.08285	0.04579	0.04524	0.00770	0.00202	0.00327	0.01001	0.00635	0.00609
7	0.01253	0.02452	0.49734	0.02136	0.15046	0.01379	0.16064	0.01836	0.01272	0.01856	0.01078	0.01330	0.00796	0.00535	0.00583	0.00185	0.00854	0.00495	0.00262	0.00855
8	0.00740	0.00603	0.00662	0.00682	0.00864	0.00526	0.00535	0.00916	0.01349	0.01650	0.09996	0.05681	0.58528	0.01477	0.00707	0.00208	0.00335	0.13493	0.00546	0.00502
9	0.01016	0.00700	0.00783	0.00738	0.00802	0.00720	0.00464	0.10443	0.01112	0.01485	0.01868	0.08571	0.02083	0.63972	0.02498	0.00491	0.00559	0.00858	0.00395	0.00444
10	0.01311	0.01096	0.01262	0.00911	0.01423	0.00883	0.00733	0.09074	0.01366	0.02081	0.01072	0.01226	0.00875	0.00459	0.00447	0.00095	0.00453	0.00363	0.00369	0.74502
11	0.01996	0.19001	0.01902	0.01312	0.01681	0.41716	0.01055	0.08220	0.09322	0.06820	0.01170	0.01234	0.00923	0.00614	0.00508	0.00153	0.00824	0.00417	0.00371	0.00763
12	0.01620	0.71820	0.02900	0.01048	0.01525	0.10162	0.01009	0.01802	0.01231	0.01374	0.00818	0.00945	0.00747	0.00508	0.00389	0.00127	0.00667	0.00318	0.00254	0.00739
13	0.00826	0.00619	0.00769	0.00727	0.00881	0.00575	0.00546	0.01134	0.04441	0.02217	0.61868	0.04455	0.16332	0.01218	0.00682	0.00186	0.00285	0.01064	0.00623	0.00554
14	0.01032	0.00717	0.00929	0.00882	0.01007	0.00820	0.00684	0.06512	0.01136	0.01731	0.01598	0.02208	0.01421	0.07383	0.41153	0.00593	0.06458	0.00599	0.22578	0.00558
15	0.00719	0.00573	0.00644	0.00662	0.00814	0.00499	0.00483	0.00882	0.01347	0.01706	0.19346	0.20213	0.47089	0.01486	0.00698	0.00202	0.00299	0.01278	0.00560	0.00499
16	0.22477	0.28574	0.03864	0.01071	0.01477	0.11273	0.00948	0.12825	0.02725	0.02108	0.00991	0.01118	0.00806	0.00584	0.00484	0.00157	0.03335	0.00379	0.04064	0.00738
17	0.07204	0.36346	0.14530	0.01082	0.01516	0.01663	0.01092	0.01595	0.03239	0.01603	0.01741	0.01850	0.13174	0.00806	0.02062	0.00181	0.08778	0.00519	0.00316	0.00704
18	0.00721	0.00585	0.00641	0.00666	0.00822	0.00513	0.00484	0.00902	0.02988	0.01632	0.10783	0.22669	0.51519	0.01516	0.00698	0.00205	0.00307	0.01300	0.00549	0.00501
19	0.00827	0.00659	0.00750	0.00730	0.00905	0.00620	0.00545	0.01189	0.09859	0.01945	0.31222	0.11308	0.34658	0.01320	0.00681	0.00195	0.00310	0.01135	0.00583	0.00560
20	0.01444	0.48778	0.18626	0.01172	0.01691	0.07920	0.01227	0.01736	0.01203	0.01473	0.00945	0.01148	0.00819	0.00923	0.08490	0.00224	0.00806	0.00374	0.00259	0.00741
21	0.01947	0.02536	0.01527	0.04370	0.13178	0.01137	0.01050	0.03789	0.20202	0.36154	0.02033	0.02029	0.01449	0.00836	0.03031	0.00209	0.00567	0.02465	0.00574	0.00917
22	0.02032	0.00904	0.01185	0.00984	0.01327	0.00823	0.00781	0.04804	0.05595	0.49936	0.05931	0.17111	0.03995	0.00977	0.00623	0.00192	0.00452	0.00831	0.00665	0.00853
23	0.01446	0.09565	0.07081	0.02917	0.55468	0.04670	0.01623	0.01788	0.02822	0.01792	0.01076	0.01387	0.00906	0.00595	0.00628	0.03908	0.00697	0.00487	0.00286	0.00858

[dist]
# distance from previous block
# <min> <max>
3	25

[block]
# block no. 11 follows, 40 sequences, length 78
# corresponding to MSA columns:
# 450-471,473-528
name=unknown_L
#
# <colnr> <probs for GDERKNQSTAVLIFYWHMCP>
#	G	D	E	R	K	N	Q	S	T	A	V	L	I	F	Y	W	H	M	C	P
0	0.01910	0.01490	0.01558	0.01235	0.01629	0.06038	0.01000	0.45108	0.08255	0.04937	0.01431	0.01540	0.01083	0.03437	0.00716	0.00183	0.05074	0.00520	0.03454	0.09402
1	0.02053	0.01499	0.01628	0.01246	0.01701	0.01606	0.01020	0.60449	0.02449	0.05592	0.01396	0.01477	0.01028	0.03483	0.00649	0.00178	0.00607	0.00515	0.00549	0.10875
2	0.00717	0.00513	0.00682	0.00804	0.00845	0.00478	0.00540	0.00831	0.01152	0.01546	0.08477	0.73736	0.03966	0.01776	0.00738	0.00232	0.00333	0.01609	0.00547	0.00478
3	0.23260	0.02044	0.34324	0.01565	0.02206	0.01334	0.18991	0.01790	0.01198	0.02055	0.01013	0.01233	0.00750	0.00527	0.00526	0.00180	0.00755	0.00456	0.00294	0.05499
4	0.01004	0.00507	0.00753	0.00753	0.00753	0.00507	0.00500	0.00761	0.00761	0.01014	0.01040	0.01841	0.01050	0.04796	0.02297	0.80127	0.00507	0.00517	0.00256	0.00256
5	0.00784	0.00543	0.00660	0.00712	0.00741	0.00523	0.00445	0.00849	0.01026	0.01373	0.07872	0.34614	0.05030	0.40088	0.01830	0.00393	0.00443	0.01200	0.00455	0.00419
6	0.00785	0.00591	0.00728	0.00709	0.00857	0.00534	0.00533	0.01017	0.01523	0.02066	0.50851	0.08543	0.24041	0.01311	0.00693	0.00192	0.00292	0.03600	0.00605	0.00529
7	0.06206	0.01105	0.01832	0.41706	0.06806	0.01229	0.11360	0.01766	0.04504	0.11079	0.01260	0.01606	0.00931	0.00672	0.00680	0.04945	0.00715	0.00543	0.00343	0.00711
8	0.02736	0.01454	0.02377	0.19016	0.36269	0.07128	0.17632	0.03082	0.01345	0.01810	0.01085	0.01453	0.00865	0.00535	0.00594	0.00181	0.00795	0.00541	0.00290	0.00810
9	0.00838	0.00585	0.00728	0.00697	0.00829	0.00542	0.00515	0.01083	0.01522	0.02171	0.56844	0.05816	0.10516	0.05382	0.00780	0.00201	0.00293	0.01015	0.09112	0.00531
10	0.01375	0.01559	0.03368	0.02413	0.02994	0.01470	0.71657	0.01899	0.03557	0.01880	0.01212	0.01586	0.00909	0.00499	0.00683	0.00196	0.00965	0.00685	0.00303	0.00788
11	0.01418	0.44520	0.11259	0.05816	0.01974	0.01945	0.11259	0.01706	0.01171	0.01502	0.00893	0.01139	0.00768	0.00582	0.00668	0.00164	0.11802	0.00416	0.00256	0.00743
12	0.01157	0.01105	0.01890	0.58880	0.08702	0.01330	0.07244	0.01526	0.01171	0.01556	0.01051	0.01539	0.00812	0.00606	0.00688	0.00196	0.06834	0.00530	0.02508	0.00673
13	0.00697	0.00585	0.00595	0.00600	0.00779	0.00494	0.00440	0.00834	0.01290	0.01542	0.05558	0.08169	0.68826	0.06007	0.00821	0.00219	0.00312	0.01221	0.00529	0.00482
14	0.00799	0.00593	0.00684	0.00680	0.00844	0.00518	0.00502	0.00979	0.01400	0.04457	0.25798	0.16033	0.41792	0.01414	0.00691	0.00198	0.00302	0.01216	0.00576	0.00523
15	0.00877	0.00670	0.00833	0.00867	0.00993	0.00652	0.01930	0.06649	0.04858	0.01732	0.03478	0.51781	0.16711	0.01588	0.00714	0.00223	0.00378	0.03980	0.00541	0.00546
16	0.01608	0.01275	0.01122	0.00977	0.01246	0.14523	0.00760	0.19057	0.08286	0.04586	0.01766	0.01906	0.03373	0.02135	0.00546	0.00164	0.00527	0.00544	0.34884	0.00715
17	0.01552	0.01285	0.01301	0.01159	0.01488	0.06128	0.00907	0.05378	0.55788	0.08070	0.02462	0.02370	0.06103	0.00829	0.00598	0.00194	0.00499	0.02435	0.00578	0.00878
18	0.00764	0.00580	0.00857	0.00925	0.00999	0.00545	0.04925	0.00899	0.01144	0.01524	0.03076	0.69615	0.03636	0.01728	0.00743	0.00236	0.00389	0.06395	0.00525	0.00495
19	0.01098	0.01034	0.01744	0.78165	0.04005	0.01292	0.01615	0.01486	0.01163	0.01486	0.01034	0.01550	0.00775	0.00581	0.00581	0.00194	0.00775	0.00517	0.00258	0.00646
20	0.01191	0.01127	0.01938	0.52729	0.14166	0.01293	0.08637	0.04053	0.01259	0.01659	0.01194	0.05984	0.00991	0.00638	0.00600	0.00193	0.00753	0.00599	0.00294	0.00702
21	0.01113	0.00818	0.01009	0.00936	0.01082	0.00857	0.02647	0.16425	0.01401	0.01900	0.03650	0.29824	0.04247	0.19996	0.06815	0.00346	0.02401	0.01040	0.02921	0.00573
22	0.00931	0.00597	0.00769	0.00788	0.00910	0.00548	0.00572	0.01104	0.01341	0.08424	0.24961	0.33608	0.11495	0.06109	0.00841	0.00232	0.00353	0.05303	0.00574	0.00540
23	0.00865	0.00601	0.00782	0.00740	0.00883	0.00551	0.00554	0.01123	0.01604	0.04454	0.66714	0.08768	0.07714	0.01222	0.00686	0.00186	0.00285	0.01080	0.00633	0.00555
24	0.01550	0.06132	0.03920	0.02857	0.52210	0.14029	0.01575	0.01924	0.05006	0.01811	0.01153	0.01496	0.00977	0.00570	0.00561	0.00170	0.00735	0.02156	0.00307	0.00860
25	0.03427	0.29425	0.02096	0.01190	0.01609	0.12643	0.01022	0.26765	0.07527	0.02295	0.02432	0.01392	0.03034	0.00652	0.00525	0.00157	0.02119	0.00460	0.00414	0.00819
26	0.02262	0.01081	0.02914	0.01057	0.01475	0.00976	0.00878	0.12852	0.03989	0.53283	0.02401	0.06684	0.05773	0.00824	0.00599	0.00184	0.00502	0.00675	0.00665	0.00925
27	0.02079	0.02499	0.01743	0.01791	0.12858	0.63124	0.01213	0.02260	0.01600	0.04219	0.00979	0.01141	0.00800	0.00592	0.00534	0.00154	0.00975	0.00404	0.00313	0.00723
28	0.01687	0.01773	0.01899	0.05104	0.33485	0.24115	0.01385	0.05910	0.15139	0.01932	0.01285	0.01460	0.01026	0.00604	0.00564	0.00171	0.00756	0.00501	0.00362	0.00841
29	0.01933	0.01365	0.01496	0.01186	0.01589	0.01459	0.00968	0.52831	0.02333	0.08706	0.02066	0.06897	0.08830	0.00864	0.00604	0.00181	0.00567	0.02436	0.00578	0.03113
30	0.01138	0.01055	0.01744	0.75428	0.03927	0.01310	0.01597	0.04069	0.01219	0.01563	0.01047	0.01545	0.00783	0.00586	0.00581	0.00193	0.00770	0.00517	0.00270	0.00658
31	0.01190	0.01152	0.01648	0.07902	0.01661	0.01578	0.01217	0.01351	0.00920	0.01399	0.00908	0.01452	0.00871	0.01496	0.13398	0.00354	0.60094	0.00527	0.00264	0.00619
32	0.01917	0.01430	0.01538	0.01232	0.01621	0.01583	0.00992	0.54167	0.12910	0.03193	0.01676	0.06279	0.01342	0.05090	0.00720	0.00202	0.00585	0.00628	0.01990	0.00906
33	0.00918	0.00582	0.00688	0.00690	0.00733	0.00567	0.00424	0.00959	0.00958	0.05523	0.02246	0.15419	0.05628	0.57460	0.04385	0.00485	0.00540	0.00967	0.00410	0.00418
34	0.01185	0.08478	0.60420	0.06171	0.04271	0.01380	0.01952	0.01775	0.01229	0.01781	0.01143	0.01536	0.00894	0.00610	0.00556	0.00185	0.00814	0.04535	0.00264	0.00821
35	0.00831	0.00621	0.00926	0.00926	0.01027	0.00722	0.00716	0.01033	0.00932	0.01344	0.01565	0.02328	0.01472	0.06488	0.75157	0.00924	0.01530	0.00629	0.00313	0.00514
36	0.01015	0.02452	0.00939	0.00873	0.01019	0.00781	0.00646	0.12510	0.01422	0.01913	0.13660	0.29678	0.08227	0.09834	0.10575	0.00336	0.00560	0.02486	0.00507	0.00568
37	0.01500	0.69130	0.13353	0.01088	0.01636	0.02168	0.01157	0.01755	0.01188	0.01435	0.00841	0.00974	0.00745	0.00505	0.00398	0.00133	0.00655	0.00328	0.00248	0.00762
38	0.01294	0.01243	0.02141	0.34694	0.43288	0.01347	0.04280	0.01663	0.01258	0.01726	0.01072	0.01490	0.00859	0.00544	0.00582	0.00182	0.00736	0.00524	0.00276	0.00801
39	0.01453	0.59742	0.22326	0.01169	0.01761	0.02052	0.01298	0.01768	0.01194	0.01492	0.00870	0.01010	0.00744	0.00512	0.00420	0.00140	0.00684	0.00342	0.00248	0.00776
40	0.05666	0.16412	0.59577	0.01493	0.02262	0.01515	0.01864	0.01817	0.01207	0.01800	0.00990	0.01161	0.00733	0.00542	0.00511	0.00173	0.00796	0.00403	0.00252	0.00827
41	0.01360	0.01078	0.01175	0.01076	0.01370	0.01190	0.00846	0.04284	0.49799	0.06533	0.02915	0.05132	0.12147	0.00982	0.00628	0.00203	0.00447	0.07432	0.00585	0.00819
42	0.00702	0.00589	0.00605	0.00602	0.00789	0.00497	0.00448	0.00856	0.01340	0.01622	0.11415	0.05454	0.68333	0.03264	0.00740	0.00204	0.00299	0.01204	0.00544	0.00492
43	0.00929	0.00723	0.00861	0.00816	0.00996	0.00720	0.00621	0.01450	0.15980	0.02207	0.47450	0.06160	0.13955	0.01180	0.00673	0.00192	0.00325	0.03542	0.00611	0.00612
44	0.06073	0.00957	0.01255	0.00979	0.01400	0.00843	0.00805	0.02616	0.01599	0.66107	0.02420	0.02147	0.05665	0.00753	0.00574	0.00179	0.00473	0.00608	0.03617	0.00929
45	0.01312	0.01303	0.01878	0.01575	0.01627	0.01763	0.05581	0.04013	0.00985	0.01508	0.00810	0.01294	0.00778	0.00975	0.01788	0.00248	0.71115	0.00520	0.00268	0.00658
46	0.00787	0.00578	0.00753	0.00856	0.00955	0.00545	0.00656	0.00960	0.01252	0.01631	0.07722	0.39135	0.15338	0.01659	0.00750	0.00237	0.00392	0.24750	0.00544	0.00500
47	0.01351	0.05312	0.01067	0.00846	0.01097	0.00755	0.00679	0.01628	0.03306	0.21895	0.39702	0.03705	0.09975	0.01064	0.00646	0.00185	0.00375	0.05111	0.00623	0.00681
48	0.71032	0.07218	0.01092	0.06670	0.01372	0.01381	0.00733	0.01695	0.01018	0.02428	0.00827	0.00990	0.00650	0.00540	0.00378	0.00177	0.00488	0.00330	0.00344	0.00640
49	0.72799	0.01270	0.03065	0.00846	0.01220	0.05801	0.00712	0.01801	0.01066	0.05875	0.00889	0.01006	0.00677	0.00552	0.00385	0.00178	0.00499	0.00334	0.00369	0.00655
50	0.00749	0.00613	0.00664	0.00647	0.00833	0.00539	0.00486	0.00982	0.03971	0.01800	0.24020	0.05149	0.54749	0.01375	0.00684	0.00193	0.00295	0.01161	0.00568	0.00521
51	0.01538	0.75236	0.02972	0.01027	0.01495	0.02270	0.01012	0.01721	0.01164	0.01370	0.00806	0.00953	0.00747	0.00528	0.00464	0.00132	0.05253	0.00323	0.00249	0.00740
