[name]
unknown

[dist]
# distance from previous block
# <min> <max>
9	1139

[block]
# block no. 0 follows, 43 sequences, length 44
# corresponding to MSA columns:
# 1169-1212
name=unknown_A
#
# <colnr> <probs for GDERKNQSTAVLIFYWHMCP>
#	G	D	E	R	K	N	Q	S	T	A	V	L	I	F	Y	W	H	M	C	P
0	0.04525	0.03221	0.03423	0.02920	0.08983	0.18710	0.00893	0.11531	0.02800	0.03295	0.06845	0.07276	0.02769	0.03246	0.00585	0.00170	0.00577	0.00590	0.16981	0.00661
1	0.04454	0.04047	0.09499	0.06322	0.23661	0.07900	0.02786	0.05344	0.02536	0.08634	0.05281	0.04383	0.06769	0.00692	0.00575	0.00170	0.02530	0.00581	0.03090	0.00746
2	0.10911	0.11775	0.07019	0.13954	0.17044	0.03852	0.01176	0.08245	0.04727	0.01931	0.08406	0.05998	0.01400	0.00666	0.00517	0.00168	0.00587	0.00551	0.00354	0.00717
3	0.17681	0.14297	0.13328	0.10127	0.23801	0.01445	0.04302	0.03778	0.03153	0.01870	0.00975	0.01203	0.00776	0.00516	0.00479	0.00164	0.00639	0.00421	0.00288	0.00756
4	0.01334	0.01286	0.05668	0.10242	0.28693	0.05421	0.05283	0.03416	0.10643	0.05906	0.01428	0.01754	0.02401	0.01089	0.11204	0.00272	0.00773	0.02075	0.00347	0.00764
5	0.04953	0.03174	0.01684	0.27564	0.17072	0.07317	0.02563	0.06544	0.03023	0.03115	0.01281	0.01560	0.04983	0.00623	0.00635	0.00172	0.06996	0.00502	0.00315	0.05923
6	0.02906	0.01036	0.01250	0.07788	0.12795	0.09748	0.02724	0.02732	0.04962	0.03961	0.04749	0.27888	0.04415	0.03673	0.00719	0.00206	0.02480	0.04937	0.00419	0.00612
7	0.01181	0.00918	0.01165	0.13477	0.05639	0.06819	0.03810	0.01429	0.02668	0.11402	0.11681	0.14163	0.14909	0.02440	0.01926	0.00201	0.00515	0.02090	0.02956	0.00611
8	0.08470	0.00857	0.01087	0.17005	0.04634	0.03707	0.02113	0.04027	0.01189	0.04200	0.03275	0.27646	0.03253	0.00990	0.00591	0.00185	0.02147	0.00854	0.11249	0.02521
9	0.01094	0.00978	0.01521	0.01232	0.01508	0.02580	0.20573	0.07960	0.01306	0.01789	0.03808	0.23614	0.08948	0.03902	0.00736	0.00196	0.03296	0.00905	0.06586	0.07468
10	0.01316	0.08433	0.14898	0.02018	0.02599	0.01458	0.52136	0.03892	0.04308	0.01801	0.01122	0.01409	0.00844	0.00494	0.00602	0.00179	0.00857	0.00579	0.00288	0.00766
11	0.06113	0.15610	0.13249	0.05325	0.02973	0.03843	0.01003	0.04128	0.02788	0.01832	0.19824	0.02659	0.06537	0.00956	0.03266	0.00197	0.00563	0.08092	0.00400	0.00640
12	0.00691	0.00499	0.00643	0.00751	0.00798	0.00465	0.00508	0.00791	0.01067	0.01406	0.03167	0.65279	0.09690	0.07486	0.00860	0.00246	0.00341	0.04365	0.00501	0.00445
13	0.00844	0.00637	0.00851	0.05123	0.01041	0.00696	0.00638	0.03519	0.01014	0.01380	0.02094	0.31318	0.02351	0.21965	0.15651	0.00425	0.06056	0.03532	0.00397	0.00468
14	0.01700	0.01419	0.01433	0.01155	0.01556	0.07417	0.00925	0.33624	0.24373	0.02647	0.01505	0.01491	0.01126	0.00635	0.00525	0.00155	0.00550	0.00493	0.00493	0.16777
15	0.01421	0.01110	0.01486	0.05656	0.17983	0.01060	0.01013	0.08397	0.07234	0.09770	0.04286	0.01501	0.01138	0.00562	0.00544	0.00140	0.03103	0.00467	0.00396	0.32735
16	0.06168	0.58011	0.10463	0.01141	0.01649	0.01954	0.07904	0.04413	0.01191	0.01542	0.00846	0.00990	0.00724	0.00488	0.00407	0.00135	0.00638	0.00349	0.00258	0.00727
17	0.00876	0.00721	0.01092	0.01021	0.01118	0.00871	0.03360	0.01065	0.00896	0.01304	0.01359	0.02041	0.01280	0.05690	0.61417	0.00753	0.13746	0.00584	0.00289	0.00516
18	0.00659	0.00557	0.00570	0.00576	0.00753	0.00468	0.00428	0.00799	0.01258	0.01509	0.07130	0.09405	0.71174	0.01415	0.00657	0.00189	0.00282	0.01187	0.00517	0.00468
19	0.00694	0.00499	0.00652	0.00747	0.00798	0.00464	0.00506	0.00813	0.01133	0.01522	0.13734	0.63966	0.06519	0.04211	0.00766	0.00226	0.00318	0.01452	0.00522	0.00457
20	0.01620	0.03942	0.01797	0.13300	0.26050	0.09777	0.03842	0.07306	0.05756	0.14574	0.01370	0.01633	0.01055	0.00606	0.00547	0.00169	0.00653	0.02877	0.02328	0.00798
21	0.01407	0.01369	0.02136	0.10086	0.63522	0.05700	0.01627	0.04270	0.01312	0.01806	0.01036	0.01358	0.00858	0.00509	0.00546	0.00165	0.00683	0.00486	0.00282	0.00842
22	0.00723	0.00564	0.00656	0.00633	0.00790	0.00497	0.00475	0.00927	0.01424	0.01879	0.43182	0.04700	0.39047	0.01260	0.00654	0.00180	0.00270	0.01081	0.00565	0.00497
23	0.00791	0.00531	0.00608	0.00623	0.00626	0.00527	0.00355	0.00802	0.00834	0.01112	0.01890	0.12109	0.02196	0.71802	0.02585	0.00502	0.00513	0.00891	0.00355	0.00348
24	0.01025	0.00956	0.01603	0.74745	0.03643	0.01186	0.01480	0.01378	0.01105	0.01415	0.01102	0.05952	0.00905	0.00621	0.00562	0.00187	0.00715	0.00554	0.00261	0.00606
25	0.01410	0.01391	0.02209	0.03287	0.72796	0.05694	0.01664	0.01729	0.01279	0.01784	0.01031	0.01350	0.00868	0.00498	0.00546	0.00163	0.00677	0.00486	0.00275	0.00864
26	0.01468	0.78270	0.05394	0.00969	0.01454	0.02161	0.00984	0.01662	0.01127	0.01318	0.00777	0.00898	0.00710	0.00476	0.00361	0.00120	0.00600	0.00300	0.00237	0.00714
27	0.84448	0.01071	0.00814	0.00728	0.01071	0.01242	0.00600	0.01628	0.00943	0.02485	0.00771	0.00900	0.00600	0.00514	0.00343	0.00171	0.00428	0.00300	0.00343	0.00600
28	0.01148	0.00984	0.01148	0.00820	0.01312	0.00738	0.00656	0.01395	0.01148	0.01805	0.00984	0.01148	0.00820	0.00410	0.00410	0.00082	0.00410	0.00328	0.00328	0.83922
29	0.01389	0.01104	0.01311	0.00981	0.01432	0.00990	0.03229	0.16279	0.06509	0.04973	0.05330	0.01448	0.01165	0.00535	0.00476	0.00118	0.00463	0.00438	0.00416	0.51414
30	0.00674	0.00486	0.00638	0.00760	0.00800	0.00451	0.00509	0.00772	0.01071	0.01418	0.03193	0.76072	0.07675	0.01717	0.00704	0.00223	0.00319	0.01552	0.00514	0.00451
31	0.79955	0.01064	0.00840	0.00742	0.01090	0.01219	0.00612	0.01687	0.00978	0.06595	0.00849	0.00954	0.00642	0.00523	0.00354	0.00171	0.00431	0.00314	0.00362	0.00619
32	0.01367	0.09718	0.02437	0.05441	0.01443	0.01102	0.04808	0.18413	0.01648	0.09554	0.24663	0.05419	0.06730	0.03999	0.00668	0.00184	0.00483	0.00732	0.00500	0.00689
33	0.01208	0.02581	0.64287	0.01595	0.02351	0.01276	0.08239	0.01852	0.04209	0.05636	0.01116	0.01270	0.00787	0.00538	0.00540	0.00177	0.00795	0.00447	0.00274	0.00821
34	0.00805	0.00537	0.00604	0.00604	0.00604	0.00537	0.00336	0.00805	0.00805	0.01074	0.01745	0.03624	0.02013	0.80536	0.02819	0.00537	0.00537	0.00805	0.00336	0.00336
35	0.01498	0.78519	0.02862	0.00962	0.01430	0.04479	0.00951	0.01675	0.01139	0.01305	0.00773	0.00892	0.00711	0.00477	0.00360	0.00119	0.00604	0.00298	0.00238	0.00709
36	0.01649	0.01210	0.01375	0.02612	0.01485	0.02909	0.00873	0.29915	0.01715	0.10636	0.01373	0.02672	0.02128	0.06203	0.00785	0.00177	0.07425	0.00500	0.00450	0.23909
37	0.00761	0.00543	0.00703	0.00774	0.00864	0.00486	0.00531	0.00876	0.01088	0.03231	0.02921	0.68407	0.05746	0.01574	0.00674	0.00209	0.00332	0.01419	0.00501	0.08360
38	0.03947	0.00987	0.01137	0.00817	0.01304	0.00755	0.00654	0.01402	0.01142	0.01828	0.00977	0.01140	0.00813	0.00414	0.00408	0.00085	0.00411	0.00327	0.00329	0.81123
39	0.03795	0.01546	0.09065	0.01383	0.04190	0.05313	0.07383	0.38238	0.01923	0.08888	0.01374	0.04557	0.01054	0.00770	0.02745	0.00192	0.03031	0.00542	0.03178	0.00832
40	0.28516	0.03481	0.01438	0.08591	0.06118	0.19405	0.03352	0.12330	0.03852	0.02132	0.03519	0.01239	0.00909	0.00588	0.00502	0.00166	0.02393	0.00421	0.00356	0.00691
41	0.02129	0.03015	0.05192	0.00995	0.01438	0.00880	0.00856	0.03964	0.02893	0.56457	0.01947	0.04351	0.01324	0.00673	0.00537	0.00161	0.00481	0.00548	0.00595	0.11566
42	0.00946	0.00746	0.01019	0.14362	0.07736	0.00796	0.00743	0.03524	0.01022	0.01378	0.03548	0.10083	0.03639	0.40959	0.01750	0.00362	0.03155	0.00775	0.00347	0.03112
43	0.10965	0.05119	0.01334	0.06980	0.07007	0.05517	0.03291	0.09073	0.01216	0.01824	0.01296	0.07592	0.01189	0.06003	0.03045	0.04806	0.10015	0.00566	0.12552	0.00608

[dist]
# distance from previous block
# <min> <max>
1	15

[block]
# block no. 1 follows, 43 sequences, length 6
# corresponding to MSA columns:
# 1228-1233
name=unknown_B
#
# <colnr> <probs for GDERKNQSTAVLIFYWHMCP>
#	G	D	E	R	K	N	Q	S	T	A	V	L	I	F	Y	W	H	M	C	P
0	0.01315	0.04199	0.04445	0.07532	0.01634	0.01138	0.06223	0.14341	0.01347	0.06253	0.01394	0.09346	0.01276	0.08388	0.05826	0.00249	0.09528	0.00612	0.00379	0.14576
1	0.01610	0.01075	0.01270	0.05377	0.01436	0.05509	0.00859	0.08588	0.05712	0.22514	0.06674	0.01922	0.01450	0.08163	0.00956	0.00207	0.13431	0.00560	0.04762	0.07925
2	0.05085	0.08071	0.01176	0.04713	0.01225	0.01110	0.00723	0.21960	0.01507	0.02248	0.01524	0.06346	0.01301	0.06292	0.00677	0.00181	0.03271	0.00562	0.31379	0.00648
3	0.01315	0.03989	0.10328	0.05355	0.04173	0.01302	0.29363	0.09057	0.01325	0.03882	0.01180	0.03964	0.00960	0.00839	0.06122	0.00225	0.07247	0.00567	0.00321	0.08485
4	0.10653	0.13999	0.22120	0.01517	0.02084	0.01449	0.22265	0.08666	0.01350	0.09169	0.01116	0.01272	0.00818	0.00528	0.00521	0.00168	0.00721	0.00472	0.00332	0.00781
5	0.01621	0.10162	0.04715	0.01435	0.10454	0.35457	0.01032	0.05492	0.03679	0.01582	0.01203	0.01503	0.03203	0.08027	0.00708	0.00181	0.00751	0.00453	0.02860	0.05482

[dist]
# distance from previous block
# <min> <max>
15	85

[block]
# block no. 2 follows, 43 sequences, length 24
# corresponding to MSA columns:
# 1321-1344
name=unknown_C
#
# <colnr> <probs for GDERKNQSTAVLIFYWHMCP>
#	G	D	E	R	K	N	Q	S	T	A	V	L	I	F	Y	W	H	M	C	P
0	0.06630	0.11883	0.11174	0.06647	0.24728	0.10698	0.01366	0.10487	0.01377	0.01870	0.01022	0.01325	0.00846	0.00583	0.00583	0.00166	0.05288	0.02252	0.00306	0.00770
1	0.10340	0.05680	0.03087	0.05481	0.06831	0.23171	0.01054	0.20957	0.11462	0.02192	0.01243	0.03870	0.00998	0.00639	0.00512	0.00164	0.00682	0.00477	0.00398	0.00761
2	0.08970	0.04217	0.01214	0.01015	0.02756	0.08254	0.00794	0.06408	0.02880	0.21382	0.22651	0.05367	0.02367	0.00859	0.00648	0.00177	0.05768	0.03057	0.00517	0.00699
3	0.01301	0.01103	0.01190	0.02592	0.01373	0.04492	0.00763	0.12661	0.12033	0.02058	0.01658	0.06509	0.05961	0.00673	0.00525	0.00135	0.02197	0.00542	0.03611	0.38624
4	0.06670	0.00900	0.06528	0.00854	0.01144	0.00732	0.00728	0.01532	0.04276	0.16131	0.33603	0.06530	0.05937	0.00931	0.00585	0.00171	0.00385	0.03165	0.00539	0.08660
5	0.01317	0.01210	0.01844	0.24745	0.37246	0.02835	0.01461	0.07889	0.06960	0.01853	0.01311	0.01753	0.02357	0.00613	0.00563	0.00177	0.00653	0.04108	0.00328	0.00777
6	0.01307	0.01259	0.01967	0.24827	0.46960	0.04350	0.01557	0.03016	0.04657	0.01727	0.01159	0.01487	0.02204	0.00545	0.00551	0.00171	0.00677	0.00506	0.00289	0.00787
7	0.01127	0.01084	0.01524	0.01331	0.01348	0.01487	0.01095	0.01257	0.00854	0.01317	0.00889	0.01451	0.00880	0.03909	0.15117	0.00363	0.63620	0.00513	0.00255	0.00578
8	0.84448	0.01071	0.00814	0.00728	0.01071	0.01242	0.00600	0.01628	0.00943	0.02485	0.00771	0.00900	0.00600	0.00514	0.00343	0.00171	0.00428	0.00300	0.00343	0.00600
9	0.03574	0.00646	0.00801	0.00906	0.05352	0.00603	0.00667	0.01034	0.01266	0.03119	0.08959	0.11404	0.35065	0.01355	0.00674	0.00208	0.00383	0.22961	0.00503	0.00520
10	0.84448	0.01071	0.00814	0.00728	0.01071	0.01242	0.00600	0.01628	0.00943	0.02485	0.00771	0.00900	0.00600	0.00514	0.00343	0.00171	0.00428	0.00300	0.00343	0.00600
11	0.01371	0.01316	0.02248	0.03399	0.77081	0.01316	0.01700	0.01700	0.01261	0.01809	0.01042	0.01371	0.00877	0.00493	0.00548	0.00164	0.00658	0.00493	0.00274	0.00877
12	0.80910	0.01066	0.00834	0.00739	0.01086	0.01224	0.00609	0.01674	0.00970	0.05721	0.00832	0.00942	0.00633	0.00522	0.00352	0.00171	0.00430	0.00311	0.00358	0.00615
13	0.00684	0.00486	0.00640	0.00760	0.00790	0.00456	0.00502	0.00773	0.01043	0.01391	0.02965	0.75045	0.03552	0.07016	0.00848	0.00246	0.00336	0.01523	0.00502	0.00442
14	0.00923	0.00672	0.00915	0.01027	0.01166	0.00684	0.00891	0.01261	0.06005	0.01699	0.02889	0.05983	0.03093	0.01481	0.00752	0.00251	0.00505	0.68755	0.00513	0.00533
15	0.01504	0.01206	0.01289	0.01131	0.01462	0.01373	0.00888	0.09035	0.65532	0.06796	0.02172	0.01994	0.01609	0.00740	0.00562	0.00185	0.00455	0.00611	0.00570	0.00886
16	0.00925	0.00626	0.00797	0.00746	0.00903	0.00591	0.00562	0.01252	0.06508	0.07210	0.57966	0.10312	0.07180	0.01137	0.00645	0.00180	0.00293	0.01001	0.00600	0.00566
17	0.01116	0.00685	0.01036	0.12423	0.01360	0.00721	0.03382	0.05948	0.00985	0.04734	0.01173	0.06207	0.01099	0.01517	0.01606	0.54211	0.00534	0.00557	0.00300	0.00405
18	0.01086	0.01073	0.01833	0.45566	0.02963	0.01281	0.13194	0.01405	0.01104	0.01464	0.01348	0.01755	0.07182	0.00690	0.00816	0.00196	0.15574	0.00574	0.00274	0.00622
19	0.05530	0.00783	0.01030	0.00881	0.01166	0.00703	0.00690	0.01946	0.01424	0.44856	0.12748	0.21400	0.02437	0.00998	0.00598	0.00185	0.00403	0.00857	0.00617	0.00747
20	0.01309	0.01064	0.01253	0.07812	0.06331	0.03656	0.00963	0.02214	0.38214	0.07053	0.04463	0.02912	0.04609	0.00893	0.00604	0.00196	0.00501	0.14691	0.00507	0.00755
21	0.01840	0.02238	0.01517	0.01504	0.07963	0.60905	0.01059	0.02008	0.01458	0.01414	0.00972	0.01191	0.00823	0.00933	0.08439	0.00220	0.00991	0.00399	0.03485	0.00642
22	0.01427	0.07772	0.01363	0.02383	0.01398	0.01028	0.00776	0.14421	0.01424	0.09667	0.01308	0.06296	0.01099	0.00793	0.05010	0.00167	0.00530	0.00476	0.00405	0.42258
23	0.10166	0.23794	0.04035	0.01156	0.02787	0.16617	0.02192	0.04568	0.02556	0.06042	0.01035	0.01230	0.00859	0.00898	0.07173	0.00218	0.09682	0.00406	0.03907	0.00679

[dist]
# distance from previous block
# <min> <max>
36	72

[block]
# block no. 3 follows, 43 sequences, length 18
# corresponding to MSA columns:
# 1422-1439
name=unknown_D
#
# <colnr> <probs for GDERKNQSTAVLIFYWHMCP>
#	G	D	E	R	K	N	Q	S	T	A	V	L	I	F	Y	W	H	M	C	P
0	0.03226	0.10386	0.14577	0.01336	0.07672	0.09589	0.02881	0.09834	0.08603	0.05552	0.12644	0.01963	0.01680	0.00702	0.00536	0.00166	0.00600	0.03511	0.03799	0.00741
1	0.05241	0.06124	0.12092	0.03642	0.13821	0.17741	0.01230	0.07769	0.07976	0.03271	0.02881	0.01517	0.03575	0.02460	0.00696	0.00179	0.08222	0.00487	0.00341	0.00737
2	0.01217	0.01299	0.06988	0.03493	0.05762	0.02475	0.28409	0.01634	0.06075	0.03616	0.01414	0.12065	0.01269	0.00689	0.00652	0.00172	0.05089	0.00669	0.00343	0.16669
3	0.01360	0.06127	0.05689	0.07543	0.37629	0.10425	0.11554	0.01701	0.02636	0.01674	0.01337	0.03515	0.05171	0.00590	0.00555	0.00167	0.00712	0.00551	0.00295	0.00768
4	0.01209	0.06074	0.12482	0.07208	0.24500	0.01255	0.20182	0.01582	0.01226	0.01703	0.03009	0.07278	0.01231	0.00652	0.00602	0.00178	0.02021	0.04073	0.00303	0.03233
5	0.01487	0.01172	0.03250	0.01155	0.01539	0.01125	0.06903	0.16716	0.04023	0.10891	0.01397	0.08138	0.01171	0.00694	0.00677	0.00155	0.09878	0.00554	0.00424	0.28650
6	0.04498	0.02220	0.01315	0.19179	0.01821	0.03890	0.02773	0.03528	0.01089	0.01582	0.01165	0.03412	0.01049	0.08225	0.09793	0.00279	0.11714	0.00513	0.05094	0.16860
7	0.05566	0.01290	0.01625	0.05094	0.29868	0.09300	0.01169	0.07731	0.01325	0.05148	0.01309	0.04757	0.03251	0.05114	0.00736	0.00183	0.05597	0.00535	0.00343	0.10059
8	0.05347	0.01905	0.40145	0.01434	0.07102	0.01114	0.01476	0.01780	0.08402	0.07330	0.05755	0.05682	0.01493	0.00747	0.00564	0.00185	0.00641	0.07768	0.00368	0.00762
9	0.01483	0.09926	0.15421	0.03755	0.28438	0.13903	0.01389	0.03921	0.01331	0.06130	0.01272	0.01451	0.03941	0.00572	0.00514	0.00158	0.00690	0.00468	0.04460	0.00776
10	0.01032	0.00516	0.00516	0.00516	0.00645	0.00516	0.00387	0.01290	0.01161	0.02065	0.01807	0.02065	0.01420	0.00645	0.00387	0.00129	0.00258	0.00516	0.83611	0.00516
11	0.05233	0.04811	0.37716	0.01987	0.22419	0.05691	0.01692	0.01706	0.01166	0.01716	0.00949	0.01197	0.00748	0.00570	0.00669	0.00176	0.10085	0.00429	0.00254	0.00785
12	0.00681	0.00492	0.00633	0.00742	0.00787	0.00457	0.00495	0.00775	0.01064	0.01401	0.03208	0.68936	0.10186	0.06306	0.00825	0.00240	0.00330	0.01493	0.00504	0.00445
13	0.02205	0.01005	0.01284	0.01011	0.01399	0.00944	0.00829	0.15424	0.01720	0.54527	0.05089	0.02153	0.01563	0.04001	0.00662	0.00189	0.00492	0.03986	0.00636	0.00880
14	0.00869	0.00585	0.00741	0.00774	0.00894	0.00539	0.00558	0.03148	0.01249	0.06567	0.13831	0.47215	0.12880	0.01463	0.00673	0.00205	0.00336	0.04235	0.00535	0.02704
15	0.01398	0.35947	0.25857	0.01334	0.05972	0.12504	0.01323	0.01730	0.01237	0.01538	0.05682	0.01224	0.01004	0.00547	0.00459	0.00146	0.00703	0.00396	0.00268	0.00732
16	0.33752	0.03435	0.18047	0.02959	0.09328	0.04891	0.01108	0.05738	0.01198	0.05166	0.02952	0.05138	0.00988	0.00641	0.00504	0.02077	0.00579	0.00457	0.00343	0.00697
17	0.15971	0.01227	0.09287	0.05066	0.01545	0.01130	0.05067	0.17468	0.05913	0.05846	0.10109	0.10528	0.01752	0.04047	0.00637	0.00193	0.00525	0.00663	0.02326	0.00700

[dist]
# distance from previous block
# <min> <max>
1	15

[block]
# block no. 4 follows, 43 sequences, length 68
# corresponding to MSA columns:
# 1455-1522
name=unknown_E
#
# <colnr> <probs for GDERKNQSTAVLIFYWHMCP>
#	G	D	E	R	K	N	Q	S	T	A	V	L	I	F	Y	W	H	M	C	P
0	0.09677	0.03145	0.10034	0.09192	0.01978	0.06321	0.17493	0.02748	0.07666	0.01731	0.01397	0.12879	0.01280	0.00911	0.04064	0.00220	0.07602	0.00659	0.00338	0.00666
1	0.01123	0.00883	0.02863	0.05664	0.01348	0.00857	0.06569	0.12712	0.03468	0.03241	0.09570	0.20521	0.04268	0.07155	0.00860	0.05281	0.00474	0.00851	0.07669	0.04624
2	0.01479	0.25177	0.04092	0.01301	0.05973	0.12386	0.07395	0.05162	0.14087	0.04309	0.01526	0.06270	0.04076	0.00671	0.00503	0.00157	0.00619	0.00544	0.03542	0.00731
3	0.03330	0.09476	0.12442	0.08248	0.07433	0.03990	0.26464	0.08938	0.07868	0.03095	0.01207	0.02886	0.00939	0.00560	0.00561	0.00174	0.00746	0.00542	0.00330	0.00771
4	0.00944	0.00737	0.00962	0.00876	0.01036	0.00728	0.05926	0.09812	0.03026	0.01711	0.08591	0.23834	0.16906	0.17808	0.04298	0.00295	0.00483	0.01035	0.00465	0.00527
5	0.07297	0.01208	0.04594	0.01049	0.01438	0.01176	0.00886	0.29437	0.06082	0.23907	0.08077	0.03244	0.07589	0.00773	0.00559	0.00173	0.00499	0.00617	0.00565	0.00831
6	0.01245	0.02794	0.05764	0.01084	0.03073	0.02730	0.00918	0.09584	0.08574	0.07759	0.07211	0.05860	0.07047	0.01072	0.00635	0.00199	0.00505	0.27906	0.00496	0.05542
7	0.00691	0.00509	0.00712	0.00812	0.00858	0.00475	0.02476	0.00798	0.01067	0.01423	0.03002	0.78105	0.03589	0.01702	0.00705	0.00224	0.00337	0.01550	0.00508	0.00458
8	0.00928	0.00691	0.02560	0.00798	0.00996	0.00592	0.02680	0.01176	0.01449	0.07007	0.48524	0.09787	0.10002	0.01110	0.00638	0.00177	0.00333	0.04080	0.00560	0.05914
9	0.01470	0.78683	0.04997	0.00965	0.01449	0.02166	0.00978	0.01661	0.01127	0.01316	0.00776	0.00896	0.00710	0.00475	0.00360	0.00120	0.00599	0.00299	0.00237	0.00714
10	0.01481	0.80869	0.02902	0.00948	0.01421	0.02191	0.00948	0.01658	0.01125	0.01303	0.00770	0.00888	0.00711	0.00474	0.00355	0.00118	0.00592	0.00296	0.00237	0.00711
11	0.01111	0.02865	0.77667	0.01579	0.02397	0.01286	0.02046	0.01754	0.01169	0.01754	0.00994	0.01169	0.00702	0.00526	0.00526	0.00175	0.00818	0.00409	0.00234	0.00818
12	0.01111	0.02865	0.77667	0.01579	0.02397	0.01286	0.02046	0.01754	0.01169	0.01754	0.00994	0.01169	0.00702	0.00526	0.00526	0.00175	0.00818	0.00409	0.00234	0.00818
13	0.00681	0.00486	0.00650	0.00778	0.00813	0.00455	0.00525	0.00782	0.01066	0.01421	0.03049	0.78135	0.03650	0.01729	0.00708	0.00226	0.00327	0.03555	0.00514	0.00452
14	0.01111	0.02865	0.77667	0.01579	0.02397	0.01286	0.02046	0.01754	0.01169	0.01754	0.00994	0.01169	0.00702	0.00526	0.00526	0.00175	0.00818	0.00409	0.00234	0.00818
15	0.00713	0.00509	0.00686	0.00815	0.00864	0.00483	0.00580	0.00837	0.01098	0.01456	0.03031	0.67236	0.03580	0.01699	0.00717	0.00230	0.00354	0.14138	0.00513	0.00460
16	0.01187	0.01143	0.03325	0.48507	0.04623	0.05853	0.04419	0.07374	0.01297	0.01650	0.01338	0.02227	0.01170	0.00722	0.00589	0.00192	0.00714	0.12709	0.00319	0.00641
17	0.01126	0.02774	0.73249	0.01685	0.06772	0.01288	0.02026	0.01751	0.01175	0.01757	0.00997	0.01181	0.00712	0.00524	0.00527	0.00175	0.00809	0.00414	0.00236	0.00822
18	0.00754	0.00552	0.00752	0.07586	0.01084	0.00550	0.00616	0.02424	0.01104	0.01487	0.02787	0.67469	0.03258	0.01565	0.00679	0.00217	0.00364	0.02613	0.03661	0.00478
19	0.01251	0.01713	0.17196	0.07258	0.02828	0.01375	0.54691	0.01736	0.01257	0.01736	0.01078	0.01425	0.00805	0.00495	0.00650	0.00186	0.02711	0.00593	0.00268	0.00749
20	0.05083	0.01360	0.19037	0.01085	0.01566	0.00921	0.01063	0.02261	0.03146	0.46950	0.10060	0.01932	0.01616	0.00692	0.00552	0.00173	0.00527	0.00563	0.00556	0.00853
21	0.54698	0.05945	0.03264	0.12618	0.01585	0.01282	0.00832	0.01744	0.05584	0.06614	0.00982	0.01122	0.00742	0.00542	0.00406	0.00171	0.00499	0.00367	0.00352	0.00652
22	0.06817	0.01121	0.01341	0.01005	0.01465	0.01017	0.05245	0.12061	0.08992	0.03737	0.01182	0.01288	0.00925	0.00497	0.00460	0.00119	0.00475	0.00405	0.00390	0.51459
23	0.01948	0.04608	0.01598	0.01465	0.05162	0.65104	0.01070	0.03370	0.05917	0.01469	0.01060	0.01179	0.02509	0.00595	0.00506	0.00147	0.00916	0.00398	0.00309	0.00670
24	0.01207	0.00972	0.01142	0.03886	0.01368	0.00836	0.00714	0.11041	0.01343	0.03302	0.01582	0.11003	0.05796	0.00674	0.00488	0.00122	0.00432	0.00563	0.00395	0.53134
25	0.00782	0.00574	0.00726	0.00775	0.00869	0.00528	0.00530	0.03063	0.01104	0.01505	0.04221	0.61095	0.03166	0.08360	0.00852	0.00234	0.00357	0.01330	0.00482	0.09448
26	0.04699	0.01072	0.01353	0.28647	0.02225	0.01242	0.01072	0.06249	0.32638	0.06479	0.01826	0.01903	0.04566	0.00689	0.00549	0.00182	0.00543	0.00575	0.02738	0.00753
27	0.01083	0.00579	0.00598	0.00576	0.00722	0.00593	0.00439	0.05520	0.01232	0.02112	0.01765	0.02028	0.01391	0.00802	0.03845	0.00165	0.00332	0.00519	0.75160	0.00540
28	0.04969	0.01281	0.01365	0.01075	0.01451	0.01384	0.00877	0.52018	0.02145	0.04078	0.01424	0.03230	0.01075	0.00665	0.00511	0.00156	0.00519	0.00509	0.15399	0.05872
29	0.01805	0.18461	0.08865	0.01056	0.01477	0.07463	0.00960	0.06618	0.09601	0.27213	0.02908	0.01573	0.01194	0.00626	0.00494	0.00156	0.00555	0.00479	0.07691	0.00805
30	0.01240	0.01264	0.01762	0.01492	0.01525	0.03833	0.04475	0.01377	0.00889	0.01353	0.00748	0.01218	0.00732	0.00936	0.01729	0.00237	0.73843	0.00489	0.00245	0.00613
31	0.00891	0.00588	0.00744	0.02145	0.00868	0.00597	0.00534	0.00992	0.01031	0.05990	0.02484	0.38292	0.06237	0.22191	0.01293	0.00294	0.05589	0.01108	0.07663	0.00469
32	0.09298	0.01120	0.01302	0.01030	0.01440	0.01119	0.00839	0.16969	0.14103	0.37079	0.01798	0.01654	0.01223	0.00653	0.00526	0.00165	0.00484	0.00514	0.00578	0.08106
33	0.01904	0.01379	0.01447	0.01166	0.01550	0.05583	0.00942	0.40688	0.17738	0.13270	0.05074	0.01780	0.03465	0.00722	0.00561	0.00171	0.00551	0.00567	0.00561	0.00880
34	0.05150	0.02051	0.01595	0.05942	0.03426	0.40825	0.01087	0.29193	0.01895	0.02203	0.01040	0.01154	0.00799	0.00601	0.00518	0.00155	0.00810	0.00418	0.00385	0.00755
35	0.62563	0.03294	0.01037	0.04090	0.07923	0.01222	0.00742	0.01622	0.02746	0.02291	0.00927	0.02549	0.00754	0.00544	0.00385	0.00167	0.00457	0.00365	0.03551	0.02770
36	0.06014	0.04177	0.01203	0.17897	0.01723	0.03972	0.00905	0.12932	0.01390	0.01883	0.06432	0.23919	0.04092	0.01047	0.00601	0.00192	0.00517	0.08234	0.00433	0.02435
37	0.01162	0.01159	0.01593	0.11575	0.01750	0.06048	0.05451	0.01339	0.00988	0.01394	0.01138	0.11637	0.01150	0.01045	0.03478	0.00239	0.45759	0.00634	0.01869	0.00592
38	0.62665	0.04747	0.01019	0.00807	0.01164	0.01251	0.00670	0.06071	0.02883	0.10598	0.03110	0.01148	0.00863	0.00562	0.00393	0.00169	0.00447	0.00366	0.00400	0.00666
39	0.04722	0.00541	0.00529	0.00526	0.00664	0.00548	0.00397	0.01305	0.01152	0.02083	0.01761	0.02013	0.01383	0.00639	0.00385	0.00131	0.00266	0.00507	0.79928	0.00520
40	0.01670	0.01231	0.01358	0.01068	0.01450	0.01272	0.00853	0.41140	0.06543	0.05575	0.01486	0.06336	0.01237	0.07616	0.00730	0.00185	0.00527	0.00564	0.00490	0.18671
41	0.00678	0.00483	0.00642	0.00767	0.00798	0.00452	0.00510	0.00772	0.01054	0.01405	0.03019	0.78207	0.03621	0.03760	0.00761	0.00233	0.00327	0.01555	0.00510	0.00447
42	0.01064	0.00547	0.00550	0.00539	0.00677	0.00552	0.00407	0.03491	0.01204	0.02107	0.01792	0.02043	0.01405	0.00646	0.00392	0.00130	0.00269	0.00516	0.81140	0.00529
43	0.01354	0.01294	0.02187	0.04908	0.72162	0.01289	0.01650	0.01680	0.01253	0.01801	0.01038	0.01363	0.00872	0.00491	0.00542	0.00161	0.00649	0.00486	0.00276	0.04545
44	0.13700	0.69117	0.02595	0.00915	0.01370	0.02052	0.00896	0.01654	0.01098	0.01477	0.00770	0.00890	0.00694	0.00480	0.00354	0.00126	0.00568	0.00297	0.00252	0.00694
45	0.00838	0.00553	0.00730	0.00801	0.00883	0.00520	0.00568	0.02628	0.01201	0.05957	0.12032	0.60035	0.03633	0.01564	0.00692	0.00216	0.00341	0.05772	0.00536	0.00502
46	0.00675	0.00482	0.00643	0.00771	0.00803	0.00450	0.00514	0.00771	0.01060	0.01414	0.03053	0.80175	0.03663	0.01735	0.00707	0.00225	0.00321	0.01574	0.00514	0.00450
47	0.04943	0.00974	0.01185	0.00920	0.01322	0.00873	0.00744	0.07589	0.05869	0.32577	0.11002	0.01876	0.01643	0.00655	0.00517	0.00146	0.00434	0.00534	0.00539	0.25661
48	0.01283	0.01263	0.03628	0.22670	0.56906	0.01294	0.01666	0.01628	0.01220	0.01708	0.01026	0.01394	0.00838	0.00509	0.00549	0.00170	0.00682	0.00491	0.00266	0.00809
49	0.00805	0.00537	0.00604	0.00604	0.00604	0.00537	0.00336	0.00805	0.00805	0.01074	0.01745	0.03624	0.02013	0.80536	0.02819	0.00537	0.00537	0.00805	0.00336	0.00336
50	0.01148	0.00984	0.01148	0.00820	0.01312	0.00738	0.00656	0.01395	0.01148	0.01805	0.00984	0.01148	0.00820	0.00410	0.00410	0.00082	0.00410	0.00328	0.00328	0.83922
51	0.01130	0.00965	0.01129	0.00818	0.01293	0.00727	0.00651	0.01371	0.01145	0.01790	0.01063	0.04163	0.00929	0.00461	0.00421	0.00087	0.00407	0.00376	0.00335	0.80738
52	0.06906	0.17205	0.02002	0.01453	0.06266	0.25569	0.10775	0.05774	0.01377	0.06088	0.01110	0.01266	0.02888	0.00585	0.00578	0.00156	0.05859	0.00438	0.00321	0.03384
53	0.01909	0.01402	0.01511	0.01199	0.01593	0.01548	0.00976	0.58305	0.11562	0.04743	0.01577	0.06072	0.01217	0.00738	0.00560	0.00171	0.00559	0.00579	0.02886	0.00893
54	0.00776	0.00564	0.00730	0.00692	0.00823	0.00518	0.00518	0.01028	0.01542	0.02170	0.71912	0.05971	0.08360	0.01158	0.00655	0.00176	0.00264	0.01022	0.00603	0.00518
55	0.01255	0.01271	0.04952	0.07326	0.49189	0.01220	0.07877	0.01669	0.05833	0.01795	0.03456	0.01908	0.06852	0.00621	0.00574	0.00174	0.00637	0.02271	0.00321	0.00799
56	0.00878	0.00633	0.00872	0.00992	0.01123	0.00627	0.00864	0.01126	0.01274	0.01648	0.03095	0.06192	0.07653	0.01522	0.00758	0.00251	0.00496	0.68978	0.00510	0.00507
57	0.01371	0.01352	0.02135	0.12757	0.63511	0.05815	0.01643	0.01694	0.01260	0.01733	0.01024	0.01362	0.00850	0.00506	0.00546	0.00166	0.00688	0.00485	0.00271	0.00831
58	0.01173	0.01232	0.03437	0.03874	0.14140	0.01188	0.38304	0.01525	0.01238	0.01709	0.04586	0.12563	0.01511	0.00753	0.00712	0.00192	0.05508	0.04020	0.00332	0.02003
59	0.01162	0.00960	0.01129	0.00822	0.01292	0.00727	0.00654	0.01400	0.01156	0.03777	0.01110	0.04768	0.00964	0.00478	0.00428	0.00091	0.00408	0.00391	0.00346	0.77936
60	0.00747	0.00525	0.00606	0.00642	0.00687	0.00499	0.00403	0.00805	0.00967	0.01268	0.02799	0.25721	0.15637	0.42334	0.01781	0.00377	0.00424	0.01082	0.02301	0.00395
61	0.10364	0.01007	0.01199	0.04022	0.01335	0.01156	0.02715	0.16101	0.07167	0.05588	0.01407	0.01694	0.01131	0.04115	0.09260	0.00266	0.12175	0.00517	0.18110	0.00670
62	0.01162	0.00890	0.04610	0.01074	0.04650	0.00826	0.00840	0.01685	0.17513	0.11068	0.11493	0.18015	0.05052	0.01151	0.00647	0.00205	0.00438	0.17487	0.00532	0.00662
63	0.04472	0.04345	0.02512	0.17920	0.16311	0.01400	0.34717	0.01639	0.01197	0.01679	0.01018	0.01397	0.00802	0.00535	0.00692	0.00184	0.07635	0.00550	0.00270	0.00725
64	0.01148	0.00984	0.01148	0.00820	0.01312	0.00738	0.00656	0.01395	0.01148	0.01805	0.00984	0.01148	0.00820	0.00410	0.00410	0.00082	0.00410	0.00328	0.00328	0.83922
65	0.00962	0.00481	0.00722	0.00722	0.00722	0.00481	0.00481	0.00722	0.00722	0.00962	0.00962	0.01684	0.00962	0.01924	0.02165	0.83886	0.00481	0.00481	0.00241	0.00241
66	0.04748	0.54038	0.07095	0.01138	0.04388	0.10589	0.01036	0.01834	0.05733	0.03598	0.00934	0.01036	0.00790	0.00513	0.00407	0.00134	0.00636	0.00345	0.00280	0.00728
67	0.01985	0.01470	0.01575	0.01226	0.01635	0.01628	0.01000	0.66493	0.06953	0.03278	0.01410	0.01509	0.01050	0.05349	0.00687	0.00189	0.00595	0.00524	0.00542	0.00902

[dist]
# distance from previous block
# <min> <max>
0	1

[block]
# block no. 5 follows, 43 sequences, length 63
# corresponding to MSA columns:
# 1524-1586
name=unknown_F
#
# <colnr> <probs for GDERKNQSTAVLIFYWHMCP>
#	G	D	E	R	K	N	Q	S	T	A	V	L	I	F	Y	W	H	M	C	P
0	0.01232	0.01005	0.01167	0.00862	0.01320	0.00811	0.00687	0.08087	0.01283	0.03356	0.01164	0.05968	0.01014	0.00519	0.00444	0.00100	0.00424	0.00423	0.00367	0.69769
1	0.02599	0.05389	0.67664	0.01476	0.02216	0.01255	0.01863	0.01682	0.01173	0.01753	0.03758	0.04604	0.00986	0.00597	0.00529	0.00175	0.00763	0.00474	0.00261	0.00785
2	0.00917	0.00685	0.00829	0.00865	0.01007	0.00685	0.00651	0.04773	0.11557	0.03070	0.03113	0.40488	0.12444	0.01427	0.00675	0.00214	0.00383	0.13624	0.00522	0.02069
3	0.00939	0.00669	0.03240	0.00753	0.00928	0.00570	0.00596	0.01202	0.01539	0.08743	0.65245	0.06543	0.04690	0.01095	0.00643	0.00176	0.00300	0.00964	0.00601	0.00566
4	0.01389	0.01350	0.02230	0.03348	0.75124	0.03315	0.01683	0.01713	0.01269	0.01798	0.01037	0.01361	0.00873	0.00495	0.00547	0.00164	0.00667	0.00490	0.00274	0.00871
5	0.01371	0.01316	0.02248	0.03399	0.77081	0.01316	0.01700	0.01700	0.01261	0.01809	0.01042	0.01371	0.00877	0.00493	0.00548	0.00164	0.00658	0.00493	0.00274	0.00877
6	0.00685	0.00488	0.00648	0.00772	0.00806	0.00458	0.00518	0.00782	0.01057	0.01409	0.03005	0.75595	0.03594	0.04424	0.00781	0.00236	0.00334	0.03454	0.00508	0.00448
7	0.00805	0.00537	0.00604	0.00604	0.00604	0.00537	0.00336	0.00805	0.00805	0.01074	0.01745	0.03624	0.02013	0.80536	0.02819	0.00537	0.00537	0.00805	0.00336	0.00336
8	0.01361	0.01342	0.02398	0.03243	0.66207	0.01328	0.12455	0.01711	0.01268	0.01804	0.01053	0.01389	0.00872	0.00490	0.00564	0.00168	0.00698	0.00517	0.00275	0.00858
9	0.00821	0.00575	0.00746	0.00698	0.00839	0.00528	0.00526	0.01076	0.01555	0.04081	0.71902	0.04131	0.08161	0.01132	0.00651	0.00175	0.00267	0.00997	0.00608	0.00531
10	0.00784	0.00542	0.00632	0.00629	0.00672	0.00525	0.00391	0.00854	0.01014	0.01366	0.18170	0.07729	0.07991	0.54017	0.02097	0.00419	0.00449	0.00912	0.00416	0.00391
11	0.01193	0.01201	0.01853	0.17225	0.06526	0.03238	0.09807	0.01422	0.00996	0.01426	0.00891	0.01359	0.00790	0.00980	0.05880	0.00256	0.43560	0.00510	0.00254	0.00634
12	0.00805	0.00537	0.00604	0.00604	0.00604	0.00537	0.00336	0.00805	0.00805	0.01074	0.01745	0.03624	0.02013	0.80536	0.02819	0.00537	0.00537	0.00805	0.00336	0.00336
13	0.00685	0.00507	0.00641	0.00723	0.00796	0.00463	0.00498	0.00812	0.01164	0.01535	0.13216	0.56494	0.17249	0.01595	0.00690	0.00211	0.00306	0.01425	0.00527	0.00463
14	0.00912	0.00610	0.00812	0.00798	0.00919	0.00680	0.00617	0.04211	0.01043	0.01601	0.01606	0.04018	0.01431	0.02961	0.51234	0.00629	0.01074	0.00592	0.23734	0.00518
15	0.01539	0.01317	0.01302	0.01152	0.01476	0.07882	0.00898	0.06572	0.61613	0.06721	0.02084	0.01927	0.01551	0.00728	0.00557	0.00182	0.00497	0.00593	0.00547	0.00864
16	0.00960	0.00831	0.01157	0.05005	0.01261	0.02663	0.00875	0.01140	0.00910	0.01325	0.01243	0.01871	0.01165	0.04793	0.46480	0.00620	0.23849	0.00555	0.02764	0.00532
17	0.02064	0.01027	0.01256	0.00989	0.01345	0.01002	0.00791	0.21763	0.01733	0.42975	0.03547	0.02046	0.01437	0.12394	0.00886	0.00223	0.00508	0.00587	0.02595	0.00834
18	0.14633	0.03315	0.05510	0.00856	0.01162	0.00862	0.00730	0.01733	0.06610	0.21115	0.30057	0.02703	0.06798	0.00854	0.00557	0.00173	0.00397	0.00705	0.00544	0.00685
19	0.01271	0.00977	0.01235	0.15653	0.04398	0.01069	0.00931	0.11328	0.19503	0.07224	0.13303	0.02608	0.10967	0.01011	0.04520	0.00217	0.00535	0.02048	0.00487	0.00713
20	0.00711	0.00550	0.00641	0.00670	0.00798	0.00492	0.00492	0.00866	0.01252	0.01603	0.17958	0.20531	0.37951	0.06092	0.00802	0.00219	0.00319	0.07062	0.00521	0.00470
21	0.05036	0.54089	0.11994	0.01071	0.01551	0.05280	0.01083	0.03652	0.01196	0.05956	0.00898	0.01013	0.00751	0.00525	0.00461	0.00139	0.03955	0.00342	0.00278	0.00732
22	0.00750	0.00572	0.00653	0.00659	0.00816	0.00506	0.00492	0.00937	0.02397	0.03516	0.20147	0.15912	0.44865	0.01372	0.00663	0.00192	0.00299	0.04215	0.00539	0.00496
23	0.09445	0.00857	0.00993	0.00875	0.01032	0.02883	0.03795	0.04395	0.01142	0.01961	0.01396	0.01691	0.01130	0.00783	0.02729	0.00181	0.17030	0.00491	0.46618	0.00573
24	0.01528	0.01233	0.01472	0.01085	0.01562	0.01156	0.05192	0.29948	0.01720	0.02454	0.01126	0.01239	0.00868	0.00512	0.00480	0.00121	0.00518	0.00413	0.00413	0.46960
25	0.00802	0.00538	0.00603	0.00603	0.00608	0.00535	0.00338	0.00805	0.00816	0.01084	0.01838	0.03665	0.03812	0.78635	0.02767	0.00529	0.00531	0.00814	0.00340	0.00339
26	0.01378	0.01190	0.01252	0.01127	0.01440	0.01378	0.00877	0.02943	0.76081	0.02317	0.02254	0.02066	0.01691	0.00751	0.00564	0.00188	0.00438	0.00626	0.00564	0.00877
27	0.00702	0.00510	0.00628	0.00701	0.00758	0.00473	0.00466	0.00797	0.01074	0.01409	0.07392	0.49366	0.15387	0.16366	0.01090	0.00274	0.00352	0.01332	0.00486	0.00435
28	0.01481	0.80869	0.02902	0.00948	0.01421	0.02191	0.00948	0.01658	0.01125	0.01303	0.00770	0.00888	0.00711	0.00474	0.00355	0.00118	0.00592	0.00296	0.00237	0.00711
29	0.01177	0.10010	0.69001	0.01507	0.02284	0.01359	0.01916	0.01767	0.01175	0.03471	0.01001	0.01160	0.00718	0.00525	0.00511	0.00170	0.00790	0.00402	0.00245	0.00811
30	0.00781	0.00527	0.00611	0.00635	0.00641	0.00521	0.00369	0.00799	0.00852	0.01137	0.01986	0.17753	0.02318	0.65992	0.02429	0.00479	0.00497	0.00947	0.00369	0.00357
31	0.02189	0.00910	0.01212	0.00957	0.01339	0.00813	0.00780	0.02499	0.06525	0.62649	0.11937	0.02191	0.01896	0.00748	0.00570	0.00173	0.00442	0.00620	0.00667	0.00883
32	0.01288	0.01443	0.03063	0.07431	0.05262	0.01399	0.64734	0.01729	0.01273	0.01733	0.01092	0.01477	0.00830	0.00495	0.00693	0.00188	0.04228	0.00631	0.00276	0.00736
33	0.02485	0.00943	0.01285	0.00985	0.01414	0.00814	0.00814	0.02699	0.01585	0.77465	0.02185	0.01885	0.01371	0.00685	0.00557	0.00171	0.00471	0.00557	0.00685	0.00943
34	0.00805	0.00537	0.00604	0.00604	0.00604	0.00537	0.00336	0.00805	0.00805	0.01074	0.01745	0.03624	0.02013	0.80536	0.02819	0.00537	0.00537	0.00805	0.00336	0.00336
35	0.01194	0.01183	0.01691	0.01496	0.04032	0.01612	0.02565	0.01336	0.00902	0.01394	0.03977	0.01362	0.00935	0.01003	0.02959	0.00246	0.70728	0.00512	0.00261	0.00612
36	0.01415	0.65029	0.15357	0.01140	0.04268	0.02009	0.01158	0.01676	0.01137	0.01396	0.00817	0.00952	0.00715	0.00483	0.00391	0.00130	0.00632	0.00322	0.00238	0.00735
37	0.01360	0.01368	0.04310	0.03288	0.70729	0.01320	0.06030	0.01706	0.01261	0.01806	0.01045	0.01373	0.00870	0.00493	0.00554	0.00166	0.00678	0.00501	0.00273	0.00868
38	0.05005	0.70456	0.05026	0.00986	0.01454	0.06655	0.00974	0.01693	0.01145	0.01370	0.00782	0.00904	0.00706	0.00483	0.00369	0.00124	0.00616	0.00303	0.00244	0.00705
39	0.02105	0.01551	0.01662	0.01274	0.01717	0.01717	0.01053	0.75235	0.02604	0.03490	0.01330	0.01330	0.00942	0.00665	0.00554	0.00166	0.00609	0.00499	0.00554	0.00942
40	0.00768	0.00554	0.00722	0.00814	0.00885	0.00527	0.00578	0.03125	0.01128	0.01508	0.02862	0.62092	0.03355	0.04961	0.00790	0.00236	0.00367	0.11092	0.00501	0.03132
41	0.00673	0.00489	0.00636	0.00753	0.00799	0.00451	0.00506	0.00773	0.01078	0.01421	0.03270	0.73809	0.09888	0.01707	0.00702	0.00222	0.00318	0.01540	0.00514	0.00451
42	0.00675	0.00482	0.00643	0.00771	0.00803	0.00450	0.00514	0.00771	0.01060	0.01414	0.03053	0.80175	0.03663	0.01735	0.00707	0.00225	0.00321	0.01574	0.00514	0.00450
43	0.84448	0.01071	0.00814	0.00728	0.01071	0.01242	0.00600	0.01628	0.00943	0.02485	0.00771	0.00900	0.00600	0.00514	0.00343	0.00171	0.00428	0.00300	0.00343	0.00600
44	0.01307	0.01495	0.11065	0.08332	0.46039	0.01324	0.14193	0.01771	0.05654	0.01798	0.01117	0.01417	0.00888	0.00512	0.00565	0.00172	0.00716	0.00519	0.00286	0.00829
45	0.00776	0.00591	0.00680	0.00663	0.00827	0.00532	0.00495	0.01019	0.04520	0.03525	0.31262	0.11461	0.39056	0.01290	0.00653	0.00185	0.00288	0.01107	0.00555	0.00514
46	0.01284	0.01332	0.01686	0.01452	0.01476	0.08172	0.01200	0.01407	0.00909	0.01335	0.00738	0.01194	0.00726	0.00936	0.01706	0.00234	0.72886	0.00474	0.00246	0.00609
47	0.00811	0.00562	0.00739	0.00752	0.00868	0.00521	0.00562	0.01022	0.01392	0.04165	0.44648	0.24365	0.07538	0.01329	0.00676	0.00196	0.00309	0.08460	0.00573	0.00512
48	0.07607	0.01175	0.03895	0.01039	0.01451	0.04909	0.00873	0.10657	0.06993	0.50035	0.01882	0.01708	0.01241	0.00664	0.00534	0.00169	0.00513	0.00522	0.03251	0.00882
49	0.00683	0.00485	0.00640	0.00761	0.00791	0.00455	0.00503	0.00773	0.01044	0.01393	0.02971	0.75413	0.03560	0.06636	0.00838	0.00244	0.00335	0.01527	0.00503	0.00443
50	0.00674	0.00487	0.00638	0.00759	0.00800	0.00451	0.00509	0.00773	0.01072	0.01419	0.03203	0.75767	0.07974	0.01716	0.00704	0.00223	0.00319	0.01551	0.00514	0.00451
51	0.03991	0.01296	0.02076	0.13890	0.51321	0.03356	0.05922	0.01780	0.07569	0.01803	0.01127	0.01427	0.00911	0.00525	0.00549	0.00170	0.00669	0.00504	0.00297	0.00817
52	0.00691	0.00494	0.00660	0.00769	0.00808	0.00470	0.00519	0.00797	0.01063	0.01428	0.06025	0.69657	0.03536	0.04648	0.05352	0.00273	0.00395	0.01465	0.00499	0.00451
53	0.00675	0.00482	0.00643	0.00771	0.00803	0.00450	0.00514	0.00771	0.01060	0.01414	0.03053	0.80175	0.03663	0.01735	0.00707	0.00225	0.00321	0.01574	0.00514	0.00450
54	0.00693	0.00497	0.00651	0.00768	0.00809	0.00466	0.00521	0.00795	0.01065	0.01411	0.03064	0.69037	0.06185	0.06200	0.00829	0.00243	0.00343	0.05472	0.00504	0.00447
55	0.01559	0.01020	0.01180	0.01007	0.01281	0.01064	0.00784	0.31247	0.04968	0.13341	0.08486	0.23928	0.02214	0.04382	0.00702	0.00201	0.00468	0.00871	0.00558	0.00739
56	0.05076	0.50720	0.06818	0.01114	0.03220	0.15510	0.01020	0.01767	0.01208	0.03262	0.00873	0.01008	0.00750	0.00518	0.00433	0.00134	0.02420	0.00336	0.03112	0.00701
57	0.00937	0.00656	0.00801	0.00739	0.00918	0.00623	0.00562	0.01313	0.09394	0.07032	0.52448	0.03965	0.16260	0.01107	0.00638	0.00178	0.00297	0.00960	0.00594	0.00578
58	0.12141	0.05585	0.50340	0.04261	0.07191	0.01319	0.07031	0.01734	0.01158	0.02949	0.00985	0.01180	0.00721	0.00519	0.00507	0.00173	0.00748	0.00418	0.00261	0.00779
59	0.01143	0.00911	0.01294	0.21227	0.12515	0.00973	0.01054	0.01614	0.12846	0.07430	0.05983	0.04307	0.15260	0.00912	0.00607	0.00191	0.00519	0.10109	0.00436	0.00670
60	0.10852	0.04786	0.53401	0.01535	0.02228	0.01317	0.10950	0.01759	0.01165	0.04077	0.01007	0.01192	0.00728	0.00529	0.00541	0.00176	0.02279	0.00430	0.00266	0.00780
61	0.00905	0.00675	0.00822	0.00864	0.02566	0.00663	0.00605	0.11733	0.01363	0.01806	0.09286	0.49374	0.14304	0.01452	0.00669	0.00205	0.00360	0.01285	0.00523	0.00540
62	0.08700	0.11732	0.06217	0.02666	0.01732	0.11738	0.04768	0.33091	0.08041	0.04307	0.01211	0.01270	0.00904	0.00603	0.00508	0.00161	0.00657	0.00452	0.00427	0.00816

[dist]
# distance from previous block
# <min> <max>
3	6

[block]
# block no. 6 follows, 43 sequences, length 15
# corresponding to MSA columns:
# 1593-1607
name=unknown_G
#
# <colnr> <probs for GDERKNQSTAVLIFYWHMCP>
#	G	D	E	R	K	N	Q	S	T	A	V	L	I	F	Y	W	H	M	C	P
0	0.01381	0.01128	0.01308	0.01015	0.01379	0.01133	0.00826	0.21923	0.01517	0.02184	0.01444	0.01580	0.07025	0.00658	0.00691	0.00141	0.12937	0.00475	0.03310	0.37946
1	0.01222	0.01266	0.01890	0.33962	0.02657	0.07332	0.11605	0.01496	0.01075	0.01430	0.00899	0.01345	0.00746	0.00696	0.01028	0.00203	0.29762	0.00501	0.00252	0.00632
2	0.01628	0.00933	0.01125	0.00954	0.01246	0.00911	0.00748	0.20573	0.01643	0.25206	0.04117	0.21392	0.06805	0.03765	0.00679	0.00195	0.00453	0.02687	0.00565	0.04375
3	0.03626	0.01501	0.01446	0.01168	0.01525	0.11890	0.00939	0.47347	0.02111	0.04877	0.01811	0.01871	0.10492	0.03550	0.00674	0.00181	0.03123	0.00571	0.00494	0.00802
4	0.01229	0.01175	0.01830	0.11078	0.50334	0.04161	0.01416	0.01524	0.01264	0.01719	0.05071	0.04748	0.08383	0.00694	0.00574	0.00173	0.00610	0.02932	0.00325	0.00758
5	0.01802	0.27226	0.02063	0.01309	0.05483	0.15311	0.01059	0.26029	0.01694	0.05052	0.01036	0.01144	0.00823	0.00603	0.00583	0.00153	0.07067	0.00409	0.00370	0.00784
6	0.07870	0.00653	0.00673	0.00633	0.00796	0.00687	0.00485	0.07686	0.01226	0.02110	0.01610	0.01888	0.01280	0.00909	0.04742	0.05554	0.00383	0.00499	0.59776	0.00541
7	0.01346	0.01398	0.01827	0.30191	0.27924	0.15893	0.03609	0.01652	0.01267	0.01567	0.01141	0.01737	0.00982	0.00613	0.00562	0.00176	0.00748	0.06378	0.00285	0.00704
8	0.00800	0.00540	0.00632	0.00636	0.00646	0.00549	0.00375	0.00821	0.00821	0.01104	0.01762	0.05935	0.02008	0.70905	0.09786	0.00560	0.00618	0.00810	0.00338	0.00354
9	0.00748	0.00554	0.00741	0.05816	0.01026	0.00545	0.00595	0.03400	0.01124	0.01489	0.02946	0.69851	0.05857	0.01611	0.00690	0.00219	0.00357	0.01454	0.00498	0.00478
10	0.25926	0.01261	0.03442	0.03975	0.01469	0.07419	0.00873	0.14145	0.01482	0.23951	0.04279	0.01453	0.01092	0.00675	0.00588	0.02295	0.03991	0.00462	0.00468	0.00754
