[name]
unknown

[dist]
# distance from previous block
# <min> <max>
0	84

[block]
# block no. 0 follows, 45 sequences, length 7
# corresponding to MSA columns:
# 84-90
name=unknown_A
#
# <colnr> <probs for GDERKNQSTAVLIFYWHMCP>
#	G	D	E	R	K	N	Q	S	T	A	V	L	I	F	Y	W	H	M	C	P
0	0.00705	0.00504	0.00679	0.00786	0.00845	0.00478	0.00569	0.00844	0.01118	0.01496	0.10618	0.58614	0.03618	0.01584	0.00691	0.00218	0.00340	0.15331	0.00507	0.00454
1	0.00680	0.00487	0.00646	0.00730	0.00784	0.00453	0.00500	0.00813	0.01149	0.01563	0.21351	0.61843	0.03924	0.01538	0.00672	0.00206	0.00297	0.01389	0.00521	0.00453
2	0.01364	0.37059	0.32723	0.01214	0.01792	0.04350	0.01354	0.08558	0.04031	0.01670	0.00938	0.01055	0.00741	0.00510	0.00440	0.00144	0.00671	0.00363	0.00270	0.00755
3	0.04696	0.02327	0.58018	0.04727	0.02292	0.01209	0.10929	0.01628	0.01132	0.01700	0.01086	0.05867	0.00863	0.00573	0.00529	0.00174	0.00759	0.00491	0.00253	0.00747
4	0.02096	0.00884	0.01170	0.00943	0.01299	0.00798	0.00759	0.05421	0.04648	0.60834	0.02207	0.13156	0.01644	0.00812	0.00561	0.00174	0.00440	0.00682	0.00630	0.00842
5	0.00942	0.00564	0.00748	0.00796	0.00912	0.00519	0.00590	0.01086	0.01170	0.12480	0.06345	0.48695	0.08874	0.01454	0.00667	0.00210	0.00355	0.12549	0.00526	0.00518
6	0.55334	0.04850	0.02758	0.00849	0.01136	0.01252	0.00722	0.03192	0.00991	0.04497	0.02734	0.01110	0.00796	0.00667	0.02317	0.00187	0.11905	0.00362	0.03739	0.00602

[dist]
# distance from previous block
# <min> <max>
0	15

[block]
# block no. 1 follows, 45 sequences, length 30
# corresponding to MSA columns:
# 106-135
name=unknown_B
#
# <colnr> <probs for GDERKNQSTAVLIFYWHMCP>
#	G	D	E	R	K	N	Q	S	T	A	V	L	I	F	Y	W	H	M	C	P
0	0.02427	0.00852	0.01107	0.03759	0.10015	0.00798	0.00769	0.07593	0.03640	0.04119	0.04262	0.28106	0.01920	0.00952	0.00594	0.02717	0.00424	0.00804	0.00413	0.24730
1	0.18689	0.01141	0.01273	0.18477	0.01834	0.08441	0.03296	0.08764	0.02401	0.08440	0.02482	0.03863	0.02248	0.00703	0.02621	0.00179	0.02448	0.00478	0.03544	0.08679
2	0.65734	0.01012	0.00858	0.00751	0.01077	0.02482	0.00609	0.01649	0.01001	0.11209	0.00990	0.03446	0.00780	0.00596	0.00430	0.02933	0.00428	0.00365	0.00372	0.03278
3	0.06586	0.01074	0.01644	0.44164	0.19257	0.01220	0.01360	0.08811	0.01274	0.06565	0.02368	0.01428	0.00869	0.00550	0.00524	0.00171	0.00643	0.00479	0.00312	0.00700
4	0.00755	0.00537	0.00687	0.00687	0.00789	0.00503	0.00503	0.00955	0.01333	0.01861	0.49069	0.15188	0.07359	0.09040	0.00845	0.00215	0.00304	0.05821	0.03074	0.00475
5	0.00796	0.00562	0.00698	0.00675	0.00804	0.00519	0.00494	0.01021	0.03125	0.04369	0.47360	0.13155	0.16483	0.06595	0.00776	0.00201	0.00292	0.01028	0.00548	0.00498
6	0.00782	0.00512	0.00678	0.00738	0.00811	0.00474	0.00511	0.00914	0.01157	0.05929	0.19239	0.56862	0.03703	0.04107	0.00733	0.00214	0.00314	0.01323	0.00522	0.00475
7	0.00683	0.00541	0.00614	0.00605	0.00757	0.00472	0.00450	0.00860	0.01323	0.01710	0.32415	0.09201	0.45905	0.01280	0.00637	0.00179	0.00267	0.01095	0.00533	0.00472
8	0.01106	0.02601	0.69432	0.01737	0.11161	0.01250	0.01944	0.01694	0.01144	0.01706	0.00969	0.01156	0.00700	0.00506	0.00512	0.00169	0.00775	0.00406	0.00231	0.00800
9	0.01435	0.81458	0.02813	0.00918	0.01378	0.02124	0.00918	0.01607	0.01091	0.01263	0.00746	0.00861	0.00689	0.00459	0.00344	0.00115	0.00574	0.00287	0.00230	0.00689
10	0.06768	0.00698	0.00814	0.08514	0.01119	0.00743	0.03139	0.07511	0.01227	0.02071	0.01543	0.01790	0.01199	0.00604	0.00411	0.00138	0.00358	0.00487	0.60310	0.00557
11	0.00760	0.00549	0.00718	0.00675	0.00802	0.00506	0.00506	0.01013	0.01519	0.02153	0.77503	0.04010	0.05065	0.01097	0.00633	0.00169	0.00253	0.00971	0.00591	0.00506
12	0.01245	0.07548	0.59592	0.06717	0.02248	0.01248	0.01747	0.01775	0.01172	0.10252	0.01078	0.01214	0.00756	0.00526	0.00504	0.00167	0.00736	0.00411	0.00277	0.00787
13	0.01490	0.01033	0.01136	0.00998	0.01301	0.01139	0.00783	0.02622	0.54347	0.15937	0.02122	0.01971	0.01552	0.00705	0.00525	0.00173	0.00410	0.00582	0.10355	0.00820
14	0.04321	0.03858	0.01596	0.05204	0.06466	0.06521	0.01033	0.44424	0.01930	0.02618	0.01113	0.01223	0.00840	0.00603	0.00587	0.00155	0.05971	0.00441	0.00426	0.10669
15	0.65628	0.01009	0.00896	0.00764	0.01116	0.01107	0.00630	0.01821	0.01059	0.20124	0.01068	0.01095	0.00756	0.00537	0.00381	0.00166	0.00425	0.00349	0.00410	0.00659
16	0.14284	0.01109	0.01284	0.01004	0.01408	0.01117	0.00827	0.23776	0.03626	0.43514	0.01679	0.01536	0.01107	0.00636	0.00509	0.00165	0.00489	0.00489	0.00576	0.00863
17	0.00781	0.00520	0.00585	0.00585	0.00585	0.00520	0.00325	0.00781	0.00781	0.01041	0.01691	0.03513	0.01952	0.81135	0.02732	0.00520	0.00520	0.00781	0.00325	0.00325
18	0.00783	0.00542	0.00713	0.00697	0.00812	0.00500	0.00512	0.01003	0.01424	0.04008	0.60957	0.18942	0.04670	0.01200	0.00641	0.00178	0.00270	0.01068	0.00575	0.00503
19	0.00657	0.00472	0.00623	0.00739	0.00778	0.00439	0.00496	0.00756	0.01049	0.01397	0.05340	0.76117	0.05841	0.01654	0.00682	0.00215	0.00308	0.01497	0.00501	0.00439
20	0.01198	0.01197	0.01596	0.01376	0.01405	0.03705	0.01139	0.01406	0.05627	0.01351	0.00818	0.01242	0.00778	0.00987	0.03428	0.00243	0.71168	0.00477	0.00257	0.00602
21	0.01082	0.01060	0.01640	0.01376	0.01464	0.01341	0.11866	0.01241	0.00910	0.01345	0.01124	0.10783	0.01166	0.06159	0.05360	0.00274	0.50319	0.00643	0.00280	0.00567
22	0.00690	0.00502	0.00627	0.00707	0.00768	0.00468	0.00487	0.00793	0.01055	0.01378	0.05537	0.48707	0.15272	0.13415	0.00984	0.00258	0.00349	0.07097	0.00475	0.00429
23	0.00682	0.00497	0.00647	0.00751	0.00813	0.00462	0.00532	0.00805	0.01095	0.01441	0.06464	0.60439	0.11522	0.01598	0.00684	0.00215	0.00326	0.10075	0.00502	0.00448
24	0.01329	0.01267	0.02114	0.03146	0.72625	0.01279	0.01594	0.01729	0.06330	0.01787	0.01089	0.01374	0.00904	0.00495	0.00532	0.00161	0.00623	0.00487	0.00285	0.00850
25	0.01038	0.00980	0.01647	0.72998	0.08303	0.01209	0.01492	0.01387	0.01076	0.01394	0.00951	0.01418	0.00724	0.00543	0.00568	0.00179	0.02764	0.00477	0.00240	0.00612
26	0.01794	0.00975	0.01175	0.00957	0.01274	0.00964	0.00760	0.24593	0.01712	0.32736	0.06503	0.12217	0.05118	0.05803	0.00702	0.00194	0.00463	0.00716	0.00571	0.00771
27	0.00666	0.00472	0.00619	0.00732	0.00760	0.00444	0.00481	0.00751	0.01004	0.01338	0.02835	0.73268	0.03395	0.09410	0.00884	0.00247	0.00332	0.01453	0.00481	0.00425
28	0.01811	0.03908	0.01491	0.01130	0.01511	0.01377	0.02088	0.40726	0.10406	0.14024	0.01463	0.01505	0.01073	0.02655	0.03599	0.00195	0.03540	0.00500	0.00502	0.06495
29	0.08725	0.01218	0.03863	0.01036	0.01459	0.01160	0.03245	0.28361	0.06010	0.04622	0.01282	0.05839	0.01039	0.00602	0.00483	0.00139	0.00496	0.00481	0.00427	0.29514

[dist]
# distance from previous block
# <min> <max>
0	10

[block]
# block no. 2 follows, 45 sequences, length 24
# corresponding to MSA columns:
# 146-169
name=unknown_C
#
# <colnr> <probs for GDERKNQSTAVLIFYWHMCP>
#	G	D	E	R	K	N	Q	S	T	A	V	L	I	F	Y	W	H	M	C	P
0	0.24718	0.15599	0.01531	0.01082	0.03031	0.16497	0.00873	0.11487	0.08431	0.07011	0.01062	0.01134	0.00824	0.00572	0.00490	0.00155	0.04049	0.00383	0.00366	0.00704
1	0.06676	0.00844	0.01075	0.11272	0.01457	0.00860	0.00776	0.07475	0.06472	0.23358	0.23251	0.05985	0.04867	0.00830	0.00559	0.00171	0.00422	0.00701	0.02260	0.00686
2	0.01041	0.00628	0.00808	0.00745	0.00917	0.00581	0.00564	0.02918	0.03068	0.14169	0.46649	0.15434	0.08124	0.01115	0.00622	0.00177	0.00307	0.00978	0.00581	0.00574
3	0.00910	0.00585	0.00700	0.00664	0.00841	0.00512	0.00500	0.01086	0.01331	0.11816	0.26797	0.13840	0.35956	0.01227	0.00628	0.00180	0.00296	0.01054	0.00549	0.00528
4	0.00764	0.00518	0.00610	0.00640	0.00653	0.00512	0.00390	0.00797	0.00853	0.01134	0.01984	0.16918	0.02300	0.62298	0.02251	0.00451	0.00483	0.05723	0.00366	0.00355
5	0.00677	0.00498	0.00635	0.00702	0.00777	0.00455	0.00488	0.00815	0.01174	0.01571	0.21353	0.51708	0.14181	0.01496	0.00666	0.00201	0.00292	0.01337	0.00521	0.00455
6	0.09640	0.00962	0.01229	0.00951	0.01360	0.00881	0.00785	0.07167	0.01544	0.66768	0.01945	0.01709	0.01237	0.00649	0.00521	0.00166	0.00462	0.00514	0.00627	0.00884
7	0.00733	0.00505	0.00620	0.00680	0.00701	0.00492	0.00433	0.00789	0.00914	0.01216	0.02298	0.36003	0.02696	0.42612	0.01744	0.00376	0.00431	0.05966	0.00409	0.00383
8	0.02265	0.01143	0.01388	0.01064	0.01485	0.01130	0.00879	0.31211	0.01921	0.49020	0.01795	0.01617	0.01167	0.00657	0.00539	0.00164	0.00509	0.00518	0.00615	0.00913
9	0.01255	0.01649	0.14599	0.08792	0.02389	0.07999	0.33818	0.01623	0.01148	0.01552	0.00945	0.01292	0.00748	0.00590	0.00852	0.00188	0.19103	0.00519	0.00253	0.00684
10	0.01148	0.00981	0.01150	0.00833	0.01291	0.00782	0.00669	0.03960	0.01152	0.01790	0.00957	0.01121	0.00796	0.00426	0.00451	0.00088	0.03268	0.00329	0.00323	0.78486
11	0.00775	0.00518	0.00587	0.00593	0.00594	0.00517	0.00333	0.00779	0.00791	0.01055	0.01746	0.06873	0.02021	0.77680	0.02643	0.00507	0.00511	0.00813	0.00333	0.00330
12	0.01949	0.01411	0.01525	0.01183	0.01586	0.01551	0.00970	0.66117	0.05176	0.05835	0.04027	0.01488	0.01127	0.02786	0.00599	0.00172	0.00566	0.00515	0.00538	0.00881
13	0.01174	0.01174	0.01644	0.01409	0.01409	0.01644	0.01174	0.01292	0.00822	0.01292	0.00705	0.01174	0.00705	0.00940	0.01762	0.00235	0.80153	0.00470	0.00235	0.00587
14	0.00767	0.00575	0.00863	0.00863	0.00959	0.00671	0.00671	0.00959	0.00863	0.01246	0.01438	0.02109	0.01342	0.04026	0.79008	0.00863	0.01438	0.00575	0.00288	0.00479
15	0.06982	0.62724	0.10423	0.00988	0.01472	0.01942	0.01013	0.06495	0.01177	0.01523	0.00804	0.00918	0.00695	0.00479	0.00373	0.00127	0.00587	0.00311	0.00256	0.00707
16	0.01014	0.00954	0.01610	0.79845	0.03697	0.01193	0.01491	0.01371	0.01073	0.01371	0.00954	0.01431	0.00716	0.00537	0.00537	0.00179	0.00716	0.00477	0.00239	0.00596
17	0.00666	0.00542	0.00589	0.00583	0.00746	0.00466	0.00435	0.00829	0.01289	0.01620	0.23024	0.07511	0.57217	0.01306	0.00636	0.00179	0.00269	0.01107	0.00521	0.00466
18	0.00886	0.00526	0.00705	0.00775	0.00857	0.00483	0.00537	0.00994	0.01095	0.11506	0.02848	0.70362	0.03257	0.01547	0.00666	0.00211	0.00331	0.01396	0.00520	0.00499
19	0.01044	0.00985	0.01664	0.72587	0.10722	0.01200	0.01506	0.01398	0.01087	0.01408	0.00959	0.01421	0.00728	0.00531	0.00536	0.00177	0.00708	0.00477	0.00241	0.00620
20	0.01317	0.01264	0.02159	0.05982	0.75186	0.01273	0.01642	0.01638	0.01217	0.01740	0.01008	0.01332	0.00846	0.00480	0.00532	0.00160	0.00640	0.00478	0.00265	0.00841
21	0.00814	0.00674	0.01113	0.01062	0.01207	0.00640	0.13204	0.01010	0.01129	0.01495	0.02676	0.45215	0.04844	0.01414	0.00691	0.00219	0.00460	0.21173	0.00459	0.00501
22	0.84927	0.01038	0.00789	0.00706	0.01038	0.01204	0.00581	0.01578	0.00914	0.02408	0.00747	0.00872	0.00581	0.00498	0.00332	0.00166	0.00415	0.00291	0.00332	0.00581
23	0.01001	0.00500	0.00500	0.00500	0.00625	0.00500	0.00375	0.01251	0.01126	0.02001	0.01751	0.02001	0.01376	0.00625	0.00375	0.00125	0.00250	0.00500	0.84115	0.00500

[dist]
# distance from previous block
# <min> <max>
5	8

[block]
# block no. 3 follows, 45 sequences, length 10
# corresponding to MSA columns:
# 178-187
name=unknown_D
#
# <colnr> <probs for GDERKNQSTAVLIFYWHMCP>
#	G	D	E	R	K	N	Q	S	T	A	V	L	I	F	Y	W	H	M	C	P
0	0.20188	0.03636	0.09893	0.03112	0.11684	0.24197	0.03423	0.07058	0.01301	0.01831	0.00974	0.01293	0.00814	0.00588	0.00540	0.00164	0.04655	0.03664	0.00306	0.00679
1	0.01078	0.01033	0.01789	0.63222	0.15483	0.01215	0.05726	0.01435	0.01108	0.01452	0.00970	0.01416	0.00743	0.00523	0.00541	0.00176	0.00714	0.00486	0.00245	0.00644
2	0.00713	0.00492	0.00606	0.00672	0.00689	0.00475	0.00418	0.00763	0.00913	0.01217	0.02371	0.44931	0.02808	0.38548	0.01635	0.00358	0.00408	0.01180	0.00418	0.00385
3	0.00849	0.00695	0.00914	0.00863	0.00913	0.00799	0.00643	0.00977	0.01069	0.01507	0.23370	0.18524	0.05951	0.17642	0.01379	0.00269	0.21827	0.00914	0.00418	0.00475
4	0.00781	0.00520	0.00585	0.00585	0.00585	0.00520	0.00325	0.00781	0.00781	0.01041	0.01691	0.03513	0.01952	0.81135	0.02732	0.00520	0.00520	0.00781	0.00325	0.00325
5	0.00732	0.00512	0.00604	0.00631	0.00669	0.00491	0.00395	0.00794	0.00959	0.01274	0.09879	0.23194	0.10061	0.45390	0.01803	0.00376	0.00417	0.01022	0.00412	0.00384
6	0.01415	0.68608	0.08194	0.00975	0.01452	0.04951	0.00987	0.01622	0.01112	0.01321	0.00776	0.00898	0.00694	0.00463	0.00365	0.00118	0.00596	0.00299	0.00236	0.04921
7	0.00804	0.00612	0.00906	0.00949	0.01070	0.00590	0.05377	0.01010	0.01189	0.01569	0.08309	0.30153	0.06154	0.01451	0.00704	0.00225	0.00434	0.37517	0.00489	0.00489
8	0.00789	0.00646	0.01013	0.03761	0.01185	0.00607	0.09452	0.00959	0.01084	0.01459	0.02530	0.56102	0.02909	0.01396	0.00662	0.00207	0.00420	0.08651	0.00451	0.05719
9	0.04980	0.01052	0.03082	0.03310	0.10381	0.07639	0.02823	0.01705	0.09964	0.13558	0.04242	0.10582	0.04282	0.00958	0.00597	0.00191	0.00527	0.19002	0.00458	0.00666

[dist]
# distance from previous block
# <min> <max>
7	20

[block]
# block no. 4 follows, 45 sequences, length 19
# corresponding to MSA columns:
# 208-226
name=unknown_E
#
# <colnr> <probs for GDERKNQSTAVLIFYWHMCP>
#	G	D	E	R	K	N	Q	S	T	A	V	L	I	F	Y	W	H	M	C	P
0	0.19270	0.25902	0.06269	0.02589	0.01454	0.07435	0.00919	0.17920	0.03859	0.03623	0.01151	0.01227	0.03535	0.00568	0.00430	0.00148	0.00565	0.00396	0.02028	0.00712
1	0.44561	0.01023	0.01031	0.05053	0.01310	0.01094	0.02495	0.09826	0.01220	0.07051	0.04952	0.01400	0.04017	0.00580	0.00422	0.00156	0.00446	0.00421	0.01970	0.10971
2	0.00697	0.00489	0.00623	0.00698	0.00731	0.00465	0.00455	0.00783	0.01015	0.01366	0.10301	0.53028	0.03295	0.22041	0.01206	0.00291	0.00359	0.01277	0.00463	0.00415
3	0.01313	0.00754	0.01040	0.00886	0.01128	0.00704	0.04627	0.01575	0.04383	0.25011	0.24289	0.09297	0.11517	0.03297	0.00702	0.00188	0.02960	0.03466	0.00548	0.02314
4	0.03676	0.07024	0.10096	0.11758	0.09795	0.01215	0.08559	0.10574	0.03968	0.23959	0.01418	0.03302	0.01028	0.00596	0.00529	0.00166	0.00609	0.00514	0.00419	0.00796
5	0.00665	0.00480	0.00632	0.00740	0.00788	0.00447	0.00506	0.00775	0.01071	0.01425	0.07166	0.70248	0.07495	0.01627	0.00681	0.00214	0.00312	0.03782	0.00503	0.00443
6	0.00771	0.00560	0.00786	0.00786	0.00855	0.00629	0.00575	0.00909	0.00840	0.01189	0.01508	0.02499	0.01511	0.25446	0.57819	0.00768	0.01183	0.00632	0.00298	0.00436
7	0.31981	0.01365	0.11651	0.12336	0.01768	0.05825	0.04984	0.08235	0.01175	0.02004	0.01068	0.07181	0.00914	0.00635	0.00531	0.00174	0.04690	0.00479	0.02364	0.00639
8	0.01272	0.05260	0.22923	0.06208	0.34704	0.02871	0.07502	0.01661	0.01209	0.05268	0.01272	0.01489	0.04881	0.00544	0.00530	0.00164	0.00682	0.00495	0.00284	0.00782
9	0.00652	0.00544	0.00568	0.00562	0.00736	0.00461	0.00422	0.00804	0.01265	0.01549	0.15538	0.05004	0.67407	0.01323	0.00634	0.00180	0.00269	0.01110	0.00511	0.00461
10	0.01112	0.01354	0.11278	0.03655	0.06124	0.01189	0.37157	0.01476	0.01144	0.01601	0.03527	0.08749	0.01216	0.00996	0.08443	0.00254	0.09106	0.00662	0.00293	0.00665
11	0.07517	0.03417	0.11836	0.29497	0.32378	0.03221	0.01522	0.01564	0.01140	0.01639	0.00953	0.01283	0.00753	0.00506	0.00509	0.00166	0.00675	0.00445	0.00255	0.00724
12	0.01468	0.00868	0.01112	0.00934	0.01221	0.00852	0.03694	0.04634	0.18376	0.26303	0.24205	0.04547	0.07710	0.00867	0.00582	0.00173	0.00397	0.00745	0.00581	0.00731
13	0.00837	0.00575	0.00699	0.00659	0.00825	0.00511	0.00503	0.01047	0.01410	0.07338	0.44992	0.04312	0.29878	0.01168	0.00630	0.00175	0.00281	0.03081	0.00561	0.00517
14	0.03083	0.09281	0.31969	0.13836	0.07621	0.05863	0.01446	0.04342	0.05467	0.01703	0.02661	0.01385	0.02412	0.00571	0.00527	0.00164	0.02558	0.00447	0.03945	0.00719
15	0.10734	0.02557	0.01224	0.01243	0.13115	0.00902	0.00842	0.01907	0.07169	0.31130	0.07190	0.10311	0.05403	0.00813	0.00545	0.00174	0.00444	0.03039	0.00512	0.00744
16	0.05495	0.02892	0.00954	0.00926	0.02363	0.12659	0.00679	0.05111	0.04107	0.04085	0.02273	0.34496	0.06474	0.01293	0.04365	0.00218	0.00510	0.04839	0.05708	0.00551
17	0.01315	0.01107	0.01619	0.20301	0.06138	0.01178	0.09655	0.15140	0.02929	0.04977	0.01295	0.01538	0.03782	0.00733	0.03752	0.00188	0.06709	0.00503	0.02309	0.14831
18	0.03496	0.03291	0.10505	0.01295	0.01720	0.01278	0.13029	0.27855	0.07934	0.09474	0.05551	0.07688	0.02982	0.00717	0.00559	0.00172	0.00588	0.00623	0.00458	0.00783

[dist]
# distance from previous block
# <min> <max>
0	7

[block]
# block no. 5 follows, 45 sequences, length 21
# corresponding to MSA columns:
# 234-254
name=unknown_F
#
# <colnr> <probs for GDERKNQSTAVLIFYWHMCP>
#	G	D	E	R	K	N	Q	S	T	A	V	L	I	F	Y	W	H	M	C	P
0	0.06613	0.01367	0.01611	0.10999	0.22093	0.12034	0.01165	0.16869	0.03278	0.15233	0.01236	0.01364	0.00912	0.00595	0.00547	0.01808	0.00631	0.00463	0.00398	0.00784
1	0.27716	0.09901	0.01586	0.05914	0.19531	0.13980	0.01040	0.08242	0.01278	0.04904	0.00934	0.01099	0.00740	0.00520	0.00443	0.00155	0.00608	0.00380	0.00322	0.00706
2	0.01334	0.02927	0.01547	0.11227	0.01764	0.16575	0.10237	0.06125	0.05429	0.01615	0.01140	0.01491	0.00949	0.03685	0.04494	0.02719	0.13460	0.00489	0.10958	0.01836
3	0.00778	0.00619	0.00676	0.00651	0.00804	0.00590	0.00472	0.01094	0.10941	0.01637	0.20356	0.04214	0.38501	0.15153	0.00989	0.00238	0.00331	0.00968	0.00495	0.00494
4	0.01315	0.01096	0.01137	0.01016	0.01297	0.02926	0.00791	0.07660	0.56390	0.02261	0.07570	0.02140	0.03360	0.00749	0.00538	0.00174	0.00418	0.00620	0.07757	0.00786
5	0.00664	0.00539	0.00588	0.00588	0.00746	0.00464	0.00436	0.00823	0.01276	0.01603	0.21492	0.10237	0.56022	0.01323	0.00638	0.00181	0.00270	0.01124	0.00519	0.00464
6	0.00820	0.00610	0.00794	0.00874	0.01014	0.00592	0.00741	0.01074	0.03057	0.01628	0.08809	0.05621	0.19022	0.01411	0.00706	0.00226	0.00428	0.51576	0.00503	0.00495
7	0.00662	0.00545	0.00583	0.00588	0.00755	0.00467	0.00445	0.00816	0.01255	0.01543	0.14318	0.07661	0.62409	0.01343	0.00641	0.00184	0.00281	0.04533	0.00510	0.00461
8	0.01435	0.81458	0.02813	0.00918	0.01378	0.02124	0.00918	0.01607	0.01091	0.01263	0.00746	0.00861	0.00689	0.00459	0.00344	0.00115	0.00574	0.00287	0.00230	0.00689
9	0.01435	0.81458	0.02813	0.00918	0.01378	0.02124	0.00918	0.01607	0.01091	0.01263	0.00746	0.00861	0.00689	0.00459	0.00344	0.00115	0.00574	0.00287	0.00230	0.00689
10	0.00924	0.00586	0.00729	0.00720	0.00878	0.00528	0.00550	0.01099	0.01286	0.11217	0.21501	0.17801	0.25560	0.04024	0.00717	0.00203	0.00334	0.10286	0.00535	0.00521
11	0.02056	0.01478	0.01595	0.01223	0.01652	0.01627	0.01010	0.72880	0.02482	0.06559	0.01324	0.01312	0.00931	0.00645	0.00537	0.00161	0.00585	0.00486	0.00542	0.00913
12	0.00702	0.00536	0.00741	0.00793	0.00855	0.00515	0.03258	0.00812	0.01045	0.01390	0.05278	0.61964	0.09142	0.06887	0.00847	0.00233	0.02718	0.01364	0.00473	0.00447
13	0.00714	0.00518	0.00687	0.00793	0.00866	0.00490	0.00591	0.00860	0.01122	0.01477	0.06597	0.51153	0.09248	0.01576	0.00694	0.00221	0.00355	0.21082	0.00502	0.00456
14	0.01097	0.07346	0.73967	0.01494	0.02268	0.01298	0.01921	0.01695	0.01131	0.01675	0.00951	0.01117	0.00680	0.00507	0.00500	0.00167	0.00781	0.00390	0.00227	0.00787
15	0.00713	0.00547	0.00652	0.00626	0.00773	0.00486	0.00469	0.00922	0.01408	0.01888	0.50341	0.04446	0.32392	0.01196	0.00634	0.00174	0.00260	0.01032	0.00556	0.00486
16	0.02149	0.03220	0.01229	0.00922	0.01306	0.00824	0.00761	0.05370	0.01545	0.63199	0.07420	0.02121	0.05977	0.00728	0.00546	0.00165	0.00441	0.00594	0.00632	0.00852
17	0.02259	0.00919	0.01218	0.00951	0.01349	0.00820	0.00780	0.02567	0.07445	0.69381	0.02245	0.01963	0.04144	0.00695	0.00544	0.00168	0.00447	0.00567	0.00649	0.00892
18	0.11697	0.01613	0.01386	0.03545	0.06195	0.30218	0.00990	0.01840	0.10724	0.01611	0.01083	0.03326	0.00926	0.00772	0.02961	0.00191	0.16794	0.00451	0.03036	0.00639
19	0.79326	0.01105	0.00841	0.00747	0.01080	0.03847	0.00612	0.04111	0.00988	0.02404	0.00768	0.00889	0.00596	0.00505	0.00344	0.00165	0.00440	0.00299	0.00337	0.00594
20	0.05816	0.01402	0.01525	0.01248	0.04679	0.01541	0.00981	0.63568	0.02283	0.04629	0.01294	0.01367	0.00947	0.02906	0.00584	0.00170	0.00569	0.00484	0.03142	0.00865

[dist]
# distance from previous block
# <min> <max>
0	1

[block]
# block no. 6 follows, 45 sequences, length 18
# corresponding to MSA columns:
# 256-273
name=unknown_G
#
# <colnr> <probs for GDERKNQSTAVLIFYWHMCP>
#	G	D	E	R	K	N	Q	S	T	A	V	L	I	F	Y	W	H	M	C	P
0	0.01552	0.01133	0.01267	0.01056	0.01353	0.01241	0.00845	0.36222	0.13944	0.06909	0.07064	0.07335	0.05536	0.04866	0.00730	0.00195	0.03920	0.03554	0.00520	0.00760
1	0.01663	0.42486	0.02228	0.01296	0.07426	0.33957	0.01024	0.01833	0.01280	0.01322	0.00801	0.00942	0.00702	0.00500	0.00417	0.00128	0.00743	0.00326	0.00252	0.00674
2	0.01205	0.21757	0.01798	0.02603	0.01398	0.04295	0.06060	0.04204	0.01059	0.01429	0.02390	0.08338	0.01160	0.04476	0.06442	0.00242	0.26766	0.00553	0.03224	0.00600
3	0.00825	0.00599	0.00764	0.00714	0.00857	0.00568	0.00546	0.04761	0.01549	0.02170	0.68365	0.03998	0.06712	0.01099	0.00633	0.00172	0.00282	0.04278	0.00581	0.00525
4	0.00654	0.00467	0.00623	0.00747	0.00779	0.00436	0.00498	0.00747	0.01028	0.01370	0.02959	0.80785	0.03550	0.01682	0.00685	0.00218	0.00311	0.01526	0.00498	0.00436
5	0.01543	0.63192	0.02526	0.01016	0.01435	0.12088	0.00949	0.06776	0.01237	0.01416	0.00793	0.00914	0.00705	0.00499	0.00420	0.00125	0.03103	0.00314	0.00257	0.00692
6	0.00773	0.00517	0.00588	0.00595	0.00597	0.00515	0.00335	0.00779	0.00795	0.01060	0.01766	0.08061	0.02046	0.76459	0.02612	0.00503	0.00508	0.00824	0.00335	0.00332
7	0.00669	0.00478	0.00641	0.00765	0.00803	0.00449	0.00525	0.00774	0.01043	0.01388	0.02950	0.75324	0.03517	0.01667	0.00689	0.00220	0.00325	0.06835	0.00498	0.00440
8	0.01153	0.01157	0.01752	0.05387	0.01639	0.01538	0.08663	0.01320	0.00882	0.01336	0.00796	0.01267	0.00752	0.01043	0.05904	0.00262	0.63819	0.00492	0.00242	0.00595
9	0.00767	0.00575	0.00863	0.00863	0.00959	0.00671	0.00671	0.00959	0.00863	0.01246	0.01438	0.02109	0.01342	0.04026	0.79008	0.00863	0.01438	0.00575	0.00288	0.00479
10	0.01001	0.00500	0.00500	0.00500	0.00625	0.00500	0.00375	0.01251	0.01126	0.02001	0.01751	0.02001	0.01376	0.00625	0.00375	0.00125	0.00250	0.00500	0.84115	0.00500
11	0.01038	0.00945	0.01230	0.16414	0.01618	0.04655	0.00948	0.01292	0.04464	0.01486	0.08373	0.04528	0.05786	0.04014	0.08161	0.00266	0.26493	0.00612	0.07121	0.00556
12	0.01576	0.01152	0.01260	0.01086	0.01420	0.01284	0.00858	0.10421	0.57364	0.14190	0.02081	0.01901	0.01515	0.00710	0.00544	0.00177	0.00447	0.00584	0.00564	0.00866
13	0.00652	0.00476	0.00614	0.00724	0.00772	0.00438	0.00488	0.00750	0.01050	0.01379	0.03241	0.72169	0.11984	0.01645	0.00679	0.00214	0.00307	0.01481	0.00498	0.00438
14	0.01344	0.01205	0.01314	0.01279	0.07319	0.04830	0.00927	0.05280	0.55222	0.02109	0.03382	0.03425	0.02965	0.00749	0.00631	0.00182	0.05939	0.00605	0.00489	0.00802
15	0.01871	0.01287	0.01423	0.01132	0.01511	0.01397	0.00920	0.48412	0.13986	0.13216	0.04890	0.04639	0.01364	0.00720	0.00549	0.00168	0.00521	0.00571	0.00557	0.00867
16	0.12374	0.04778	0.44413	0.01546	0.07906	0.04757	0.08445	0.01657	0.01163	0.01796	0.05551	0.01300	0.00958	0.00536	0.00500	0.00166	0.00709	0.00439	0.00272	0.00734
17	0.01076	0.00845	0.01033	0.01010	0.04367	0.06095	0.03896	0.05593	0.01180	0.05360	0.07821	0.05864	0.03220	0.23150	0.12939	0.00378	0.00672	0.12724	0.00398	0.02380

[dist]
# distance from previous block
# <min> <max>
0	2

[block]
# block no. 7 follows, 45 sequences, length 15
# corresponding to MSA columns:
# 276-290
name=unknown_H
#
# <colnr> <probs for GDERKNQSTAVLIFYWHMCP>
#	G	D	E	R	K	N	Q	S	T	A	V	L	I	F	Y	W	H	M	C	P
0	0.41674	0.12988	0.04446	0.11470	0.04200	0.14353	0.00919	0.01657	0.01081	0.01872	0.00806	0.00987	0.00646	0.00507	0.00400	0.00156	0.00593	0.00335	0.00289	0.00623
1	0.01001	0.00500	0.00500	0.00500	0.00625	0.00500	0.00375	0.01251	0.01126	0.02001	0.01751	0.02001	0.01376	0.00625	0.00375	0.00125	0.00250	0.00500	0.84115	0.00500
2	0.01926	0.01361	0.01486	0.01170	0.01562	0.01488	0.00954	0.59393	0.08178	0.09299	0.01535	0.06504	0.01174	0.00719	0.00547	0.00167	0.00549	0.00565	0.00546	0.00877
3	0.00680	0.00494	0.00623	0.00695	0.00757	0.00457	0.00471	0.00793	0.01102	0.01465	0.14262	0.52325	0.12916	0.09281	0.00870	0.00235	0.00318	0.01321	0.00495	0.00438
4	0.00721	0.00547	0.00664	0.00635	0.00778	0.00490	0.00476	0.00939	0.01429	0.01937	0.55433	0.04364	0.27270	0.01178	0.00634	0.00173	0.00259	0.01020	0.00563	0.00490
5	0.01166	0.00754	0.00899	0.00818	0.01036	0.00743	0.00636	0.04880	0.14482	0.14460	0.23306	0.07962	0.16777	0.03571	0.00675	0.00192	0.00364	0.06093	0.00555	0.00630
6	0.00662	0.00474	0.00630	0.00742	0.00780	0.00442	0.00499	0.00768	0.01066	0.01432	0.08836	0.74732	0.03670	0.01636	0.00681	0.00214	0.00307	0.01482	0.00506	0.00442
7	0.03572	0.11892	0.01431	0.01094	0.01374	0.40091	0.00856	0.04296	0.07223	0.01580	0.09453	0.01924	0.11636	0.00722	0.00505	0.00149	0.00682	0.00533	0.00364	0.00622
8	0.01174	0.01174	0.01644	0.01409	0.01409	0.01644	0.01174	0.01292	0.00822	0.01292	0.00705	0.01174	0.00705	0.00940	0.01762	0.00235	0.80153	0.00470	0.00235	0.00587
9	0.12874	0.06286	0.47912	0.05404	0.08262	0.01243	0.01593	0.01611	0.01100	0.01747	0.01014	0.01339	0.00799	0.00653	0.02934	0.00191	0.00720	0.03327	0.00258	0.00731
10	0.01435	0.81458	0.02813	0.00918	0.01378	0.02124	0.00918	0.01607	0.01091	0.01263	0.00746	0.00861	0.00689	0.00459	0.00344	0.00115	0.00574	0.00287	0.00230	0.00689
11	0.00715	0.00595	0.00630	0.00613	0.00794	0.00536	0.00462	0.00986	0.07522	0.01642	0.18157	0.04696	0.58229	0.01260	0.00627	0.00179	0.00281	0.01060	0.00519	0.00496
12	0.00836	0.07277	0.01050	0.00886	0.01008	0.00824	0.00708	0.01023	0.00880	0.01249	0.01356	0.01975	0.01267	0.03628	0.69930	0.00780	0.03995	0.00548	0.00281	0.00500
13	0.01663	0.01221	0.05139	0.01075	0.01410	0.01216	0.00894	0.42916	0.01906	0.10941	0.01702	0.12626	0.01510	0.09028	0.00789	0.00210	0.00537	0.03946	0.00507	0.00763
14	0.04982	0.08390	0.07003	0.07681	0.01748	0.16703	0.01055	0.29766	0.08311	0.02294	0.04490	0.01368	0.01058	0.00613	0.00502	0.00156	0.00645	0.00458	0.02016	0.00758

[dist]
# distance from previous block
# <min> <max>
4	21

[block]
# block no. 8 follows, 45 sequences, length 36
# corresponding to MSA columns:
# 312-347
name=unknown_I
#
# <colnr> <probs for GDERKNQSTAVLIFYWHMCP>
#	G	D	E	R	K	N	Q	S	T	A	V	L	I	F	Y	W	H	M	C	P
0	0.00715	0.00513	0.00659	0.00734	0.00791	0.00487	0.00508	0.00824	0.01037	0.01385	0.06902	0.47529	0.06610	0.15899	0.03738	0.00290	0.00402	0.08470	0.00461	0.02045
1	0.00874	0.00615	0.00743	0.00761	0.00901	0.00574	0.00560	0.06383	0.01228	0.05423	0.03325	0.41470	0.21936	0.02730	0.00683	0.00204	0.00351	0.07281	0.00500	0.03458
2	0.00986	0.00745	0.00961	0.00905	0.01075	0.00734	0.04390	0.12658	0.03697	0.03019	0.02586	0.45536	0.07879	0.04220	0.00711	0.00208	0.00407	0.03922	0.00481	0.04879
3	0.01246	0.03868	0.13170	0.01854	0.03705	0.04332	0.37785	0.01607	0.01130	0.01575	0.00943	0.01288	0.00758	0.00595	0.00899	0.00188	0.22151	0.00527	0.00255	0.02123
4	0.00757	0.00554	0.00734	0.00834	0.00927	0.00529	0.00642	0.00939	0.02343	0.01490	0.03002	0.43932	0.07928	0.01534	0.00693	0.00222	0.00383	0.29242	0.00492	0.02821
5	0.01057	0.09900	0.49922	0.12764	0.02234	0.01228	0.01616	0.01545	0.01157	0.01637	0.07624	0.01565	0.04319	0.00595	0.00513	0.00166	0.00693	0.00478	0.00271	0.00716
6	0.00849	0.00661	0.00952	0.00916	0.01000	0.00806	0.00723	0.01035	0.00879	0.01317	0.01351	0.01956	0.01247	0.03262	0.60431	0.00703	0.13469	0.00553	0.07391	0.00498
7	0.00777	0.00542	0.00674	0.02234	0.00859	0.00492	0.00504	0.00889	0.01082	0.05340	0.03242	0.48441	0.19716	0.08070	0.00821	0.00226	0.00339	0.01254	0.00480	0.04020
8	0.04448	0.00992	0.01276	0.00985	0.01397	0.00916	0.00812	0.11131	0.03624	0.65517	0.01988	0.01745	0.01269	0.00659	0.00534	0.00166	0.00470	0.00529	0.00638	0.00903
9	0.01487	0.74227	0.02694	0.00961	0.01404	0.09168	0.00929	0.01656	0.01130	0.01268	0.00754	0.00871	0.00689	0.00468	0.00357	0.00117	0.00610	0.00292	0.00234	0.00683
10	0.00729	0.00567	0.00654	0.00646	0.00783	0.00521	0.00471	0.00964	0.05178	0.01708	0.30975	0.13080	0.33185	0.07177	0.00791	0.00206	0.00296	0.01065	0.00522	0.00482
11	0.00758	0.00576	0.00720	0.02187	0.00897	0.00558	0.00551	0.01040	0.07696	0.01715	0.27070	0.35248	0.13603	0.01342	0.00649	0.00195	0.00311	0.03855	0.00527	0.00501
12	0.00661	0.00541	0.00584	0.00588	0.00749	0.00464	0.00439	0.00815	0.01259	0.01563	0.17056	0.10301	0.59027	0.01341	0.00640	0.00183	0.00276	0.02539	0.00514	0.00462
13	0.01363	0.01260	0.02029	0.09836	0.60621	0.01305	0.01538	0.08140	0.05224	0.01886	0.01090	0.01369	0.00884	0.00511	0.00533	0.00162	0.00630	0.00485	0.00301	0.00833
14	0.01864	0.00851	0.01113	0.00905	0.01232	0.00782	0.00732	0.04757	0.06858	0.49014	0.21118	0.02483	0.02324	0.00799	0.00569	0.00170	0.00409	0.02597	0.00629	0.00795
15	0.05696	0.06344	0.57365	0.01469	0.04868	0.01240	0.03192	0.01792	0.01171	0.10435	0.01077	0.01198	0.00758	0.00522	0.00499	0.00166	0.00720	0.00410	0.00285	0.00791
16	0.01156	0.00983	0.01135	0.00825	0.01292	0.00778	0.00660	0.04035	0.04740	0.01830	0.01024	0.01161	0.00839	0.00422	0.00409	0.00087	0.00406	0.00337	0.00336	0.77545
17	0.00654	0.00467	0.00623	0.00747	0.00779	0.00436	0.00498	0.00747	0.01028	0.01370	0.02959	0.80785	0.03550	0.01682	0.00685	0.00218	0.00311	0.01526	0.00498	0.00436
18	0.02059	0.01135	0.01323	0.01033	0.01420	0.03539	0.00844	0.28102	0.01869	0.39518	0.09753	0.01825	0.01546	0.00693	0.00543	0.00162	0.00497	0.00554	0.00591	0.02997
19	0.01395	0.01183	0.01247	0.01105	0.01419	0.01363	0.00864	0.09058	0.70514	0.02342	0.02109	0.01942	0.01577	0.00721	0.00545	0.00180	0.00439	0.00596	0.00545	0.00855
20	0.84927	0.01038	0.00789	0.00706	0.01038	0.01204	0.00581	0.01578	0.00914	0.02408	0.00747	0.00872	0.00581	0.00498	0.00332	0.00166	0.00415	0.00291	0.00332	0.00581
21	0.00704	0.00514	0.00651	0.00743	0.00806	0.00484	0.00508	0.03565	0.01105	0.01454	0.03171	0.69423	0.11662	0.01607	0.00674	0.00212	0.00317	0.01443	0.00500	0.00456
22	0.02379	0.00960	0.01275	0.00977	0.01394	0.00858	0.00807	0.08411	0.01614	0.72253	0.02052	0.01785	0.01296	0.00663	0.00540	0.00166	0.00467	0.00535	0.00654	0.00913
23	0.01850	0.01278	0.01350	0.01243	0.07535	0.13012	0.00909	0.10515	0.17240	0.29417	0.08464	0.01826	0.01543	0.00682	0.00540	0.00164	0.00540	0.00551	0.00528	0.00814
24	0.01453	0.79009	0.02773	0.00933	0.01386	0.04510	0.00922	0.01624	0.01104	0.01264	0.00749	0.00864	0.00689	0.00462	0.00349	0.00116	0.00586	0.00289	0.00231	0.00687
25	0.00755	0.00549	0.00711	0.00671	0.00799	0.00505	0.00503	0.01004	0.01509	0.02128	0.74967	0.04050	0.07617	0.01107	0.00633	0.00169	0.00254	0.00976	0.00588	0.00505
26	0.01174	0.01174	0.01644	0.01409	0.01409	0.01644	0.01174	0.01292	0.00822	0.01292	0.00705	0.01174	0.00705	0.00940	0.01762	0.00235	0.80153	0.00470	0.00235	0.00587
27	0.84927	0.01038	0.00789	0.00706	0.01038	0.01204	0.00581	0.01578	0.00914	0.02408	0.00747	0.00872	0.00581	0.00498	0.00332	0.00166	0.00415	0.00291	0.00332	0.00581
28	0.01267	0.01448	0.03167	0.02262	0.02805	0.01357	0.75837	0.01719	0.01267	0.01719	0.01086	0.01448	0.00814	0.00452	0.00633	0.00181	0.00905	0.00633	0.00271	0.00724
29	0.00675	0.00483	0.00644	0.00751	0.00797	0.00452	0.00516	0.00792	0.01088	0.01461	0.10546	0.69433	0.03683	0.01613	0.00683	0.00214	0.00314	0.04903	0.00508	0.00446
30	0.01351	0.01119	0.01211	0.01094	0.01388	0.01274	0.00871	0.10953	0.57961	0.02287	0.02173	0.02478	0.01755	0.00822	0.00572	0.00189	0.00453	0.10702	0.00538	0.00808
31	0.00740	0.00548	0.00691	0.00655	0.00790	0.00498	0.00491	0.00975	0.01473	0.02043	0.66307	0.04189	0.16329	0.01138	0.00633	0.00171	0.00256	0.00996	0.00577	0.00498
32	0.00823	0.00620	0.00836	0.00823	0.00942	0.00597	0.04410	0.03616	0.04995	0.02906	0.15948	0.43653	0.09428	0.06827	0.00795	0.00220	0.00361	0.01200	0.00498	0.00502
33	0.01781	0.03663	0.01535	0.01408	0.04800	0.57561	0.01042	0.03176	0.03560	0.01396	0.01084	0.01240	0.04363	0.00640	0.00650	0.00154	0.10609	0.00412	0.00293	0.00632
34	0.01318	0.01249	0.02002	0.08225	0.62654	0.03450	0.01521	0.02851	0.03977	0.01718	0.01044	0.01365	0.00870	0.00566	0.00610	0.04393	0.00635	0.00479	0.00277	0.00796
35	0.50425	0.05083	0.10024	0.00981	0.03491	0.01272	0.02406	0.08533	0.05042	0.02293	0.00951	0.01069	0.00728	0.00524	0.00398	0.00161	0.00493	0.00357	0.03322	0.02445

[dist]
# distance from previous block
# <min> <max>
0	26

[block]
# block no. 9 follows, 45 sequences, length 24
# corresponding to MSA columns:
# 374-397
name=unknown_J
#
# <colnr> <probs for GDERKNQSTAVLIFYWHMCP>
#	G	D	E	R	K	N	Q	S	T	A	V	L	I	F	Y	W	H	M	C	P
0	0.05962	0.01254	0.01437	0.30926	0.07951	0.14147	0.01140	0.05918	0.05431	0.09976	0.01316	0.01609	0.02533	0.00608	0.00516	0.00166	0.00645	0.02624	0.03429	0.02411
1	0.06321	0.06129	0.01858	0.01447	0.03363	0.28009	0.15942	0.20603	0.02704	0.02021	0.02778	0.01382	0.03864	0.00591	0.00522	0.00156	0.00751	0.00482	0.00361	0.00716
2	0.08443	0.01070	0.01699	0.15300	0.44638	0.01117	0.01329	0.01482	0.01217	0.01804	0.12780	0.01863	0.01521	0.00616	0.00537	0.00167	0.00568	0.02804	0.00324	0.00721
3	0.00869	0.00608	0.00761	0.00774	0.02397	0.00568	0.00558	0.03939	0.02523	0.05972	0.30443	0.25266	0.18623	0.01264	0.00639	0.00187	0.00315	0.03228	0.00539	0.00526
4	0.01246	0.01152	0.01980	0.11139	0.02078	0.01265	0.27451	0.11178	0.01236	0.01717	0.01065	0.01487	0.00877	0.02716	0.04050	0.08190	0.16017	0.00543	0.03982	0.00632
5	0.02011	0.02131	0.01457	0.01285	0.01592	0.56393	0.00982	0.05936	0.08120	0.13298	0.01168	0.01206	0.00883	0.00590	0.00501	0.00147	0.00824	0.00405	0.00372	0.00701
6	0.00767	0.00515	0.00590	0.00603	0.00607	0.00511	0.00344	0.00777	0.00808	0.01077	0.01831	0.12050	0.02128	0.72357	0.02506	0.00487	0.00497	0.00863	0.00344	0.00337
7	0.01220	0.01309	0.02393	0.01829	0.02096	0.01503	0.37879	0.01502	0.01041	0.01502	0.00892	0.01309	0.00759	0.00700	0.01207	0.00208	0.41194	0.00550	0.00253	0.00654
8	0.00772	0.00524	0.00593	0.00593	0.00606	0.00522	0.00342	0.00786	0.00808	0.01070	0.01887	0.03554	0.06061	0.74109	0.05257	0.00514	0.00539	0.00793	0.00333	0.00338
9	0.01301	0.01173	0.01877	0.27064	0.33359	0.01271	0.05496	0.12941	0.01367	0.01860	0.01120	0.01560	0.00913	0.00663	0.02871	0.00191	0.00688	0.03228	0.00308	0.00748
10	0.00716	0.00537	0.00664	0.00654	0.00781	0.00485	0.00482	0.00921	0.01385	0.01884	0.50705	0.14302	0.22043	0.01236	0.00640	0.00178	0.00265	0.01082	0.00557	0.00485
11	0.01202	0.01111	0.01862	0.02721	0.59323	0.01125	0.01429	0.01495	0.01168	0.01663	0.01235	0.01859	0.01120	0.01110	0.12601	0.00275	0.00748	0.06900	0.00289	0.00762
12	0.01294	0.05383	0.63736	0.01419	0.02142	0.01209	0.01761	0.01837	0.01194	0.13425	0.01133	0.01230	0.00780	0.00532	0.00508	0.00167	0.00734	0.00415	0.00294	0.00808
13	0.01855	0.02243	0.01541	0.13422	0.01973	0.61945	0.01106	0.06887	0.01518	0.01459	0.00879	0.01060	0.00710	0.00557	0.00496	0.00146	0.00904	0.00375	0.00288	0.00637
14	0.38354	0.01204	0.01043	0.02462	0.01242	0.09971	0.00726	0.17326	0.01448	0.02396	0.15079	0.01683	0.03734	0.00671	0.00461	0.00163	0.00487	0.00491	0.00420	0.00639
15	0.01062	0.01021	0.12753	0.00886	0.01179	0.00770	0.00805	0.01545	0.12806	0.10313	0.38311	0.03152	0.11349	0.00933	0.00591	0.00172	0.00386	0.00798	0.00526	0.00641
16	0.01330	0.33592	0.39621	0.01259	0.01874	0.04019	0.01452	0.08137	0.01249	0.01663	0.00902	0.01035	0.00704	0.00503	0.00446	0.00147	0.00695	0.00360	0.00256	0.00757
17	0.00786	0.00539	0.00700	0.00723	0.00787	0.00572	0.00508	0.00935	0.02310	0.01324	0.01876	0.18860	0.01979	0.24334	0.30833	0.00533	0.00790	0.00821	0.10352	0.00437
18	0.00777	0.00525	0.00606	0.00599	0.00619	0.00518	0.00353	0.00816	0.00894	0.01212	0.13333	0.03589	0.02430	0.68844	0.02410	0.00466	0.00479	0.00810	0.00366	0.00353
19	0.01084	0.00698	0.00991	0.00918	0.01057	0.00788	0.00722	0.02957	0.00996	0.13099	0.01489	0.02042	0.01308	0.07376	0.54273	0.00666	0.08061	0.00570	0.00349	0.00557
20	0.01192	0.01045	0.01446	0.01037	0.01521	0.00844	0.12199	0.03646	0.01188	0.03462	0.01010	0.01185	0.00813	0.00419	0.00441	0.00099	0.00482	0.00376	0.00325	0.67268
21	0.72080	0.01101	0.01154	0.00945	0.01309	0.01228	0.12138	0.01600	0.00968	0.02303	0.00799	0.00960	0.00617	0.00491	0.00378	0.00168	0.00490	0.00343	0.00323	0.00603
22	0.09999	0.01246	0.01329	0.04875	0.01542	0.01401	0.00899	0.36669	0.24248	0.04155	0.01531	0.01551	0.01135	0.01988	0.00547	0.00173	0.00508	0.00507	0.04881	0.00814
23	0.01048	0.00942	0.01591	0.37521	0.11263	0.01040	0.10387	0.03773	0.01158	0.01579	0.01423	0.15960	0.01325	0.00740	0.00561	0.00179	0.00612	0.00690	0.07595	0.00614

[dist]
# distance from previous block
# <min> <max>
0	26

# created by:
# /st0/software/busco_prod/Augustus/scripts/msa2prfl.pl ./align_prep/161721.fa
