[name]
unknown

[dist]
# distance from previous block
# <min> <max>
0	19

[block]
# block no. 0 follows, 46 sequences, length 25
# corresponding to MSA columns:
# 707-731
name=unknown_A
#
# <colnr> <probs for GDERKNQSTAVLIFYWHMCP>
#	G	D	E	R	K	N	Q	S	T	A	V	L	I	F	Y	W	H	M	C	P
0	0.05110	0.08720	0.01366	0.00982	0.01320	0.01123	0.02249	0.13072	0.07779	0.09099	0.02899	0.07206	0.01300	0.00704	0.00595	0.00150	0.07342	0.04870	0.00410	0.23705
1	0.02000	0.01354	0.01509	0.03056	0.01626	0.01453	0.00964	0.59814	0.02239	0.14817	0.01373	0.01347	0.00952	0.00624	0.00523	0.00156	0.00556	0.00477	0.00532	0.04628
2	0.01248	0.01204	0.01841	0.10720	0.53679	0.05203	0.01412	0.01618	0.06527	0.01664	0.01244	0.08962	0.01124	0.00611	0.00537	0.00165	0.00607	0.00572	0.00301	0.00761
3	0.00918	0.00885	0.00963	0.00933	0.01076	0.12694	0.06463	0.01056	0.01127	0.01394	0.02562	0.51599	0.09349	0.01297	0.00621	0.00189	0.00453	0.01159	0.00430	0.04831
4	0.00930	0.00620	0.00900	0.00854	0.01001	0.00674	0.00670	0.01123	0.00927	0.08632	0.01452	0.01993	0.01289	0.03438	0.67151	0.00739	0.01263	0.00548	0.00320	0.05474
5	0.01828	0.01242	0.01376	0.01106	0.01487	0.01343	0.00896	0.36077	0.26852	0.17387	0.01709	0.01598	0.01210	0.00660	0.00529	0.00164	0.00498	0.00523	0.00551	0.02963
6	0.01389	0.76184	0.08108	0.00947	0.01422	0.02031	0.00978	0.01589	0.01077	0.01274	0.00750	0.00867	0.00678	0.00456	0.00351	0.00117	0.00581	0.00290	0.00226	0.00686
7	0.01413	0.81739	0.02770	0.00905	0.01357	0.02092	0.00905	0.01583	0.01074	0.01244	0.00735	0.00848	0.00678	0.00452	0.00339	0.00113	0.00565	0.00283	0.00226	0.00678
8	0.00731	0.00540	0.00683	0.00647	0.00779	0.00491	0.00485	0.00964	0.01456	0.02023	0.67690	0.04108	0.15203	0.01117	0.00624	0.00168	0.00252	0.00978	0.00569	0.00491
9	0.02010	0.01481	0.01587	0.01216	0.01639	0.01639	0.01005	0.76360	0.02486	0.03332	0.01269	0.01269	0.00899	0.00635	0.00529	0.00159	0.00582	0.00476	0.00529	0.00899
10	0.00737	0.00609	0.01000	0.00966	0.01075	0.00570	0.12181	0.00884	0.01049	0.01403	0.02629	0.68777	0.03080	0.01469	0.00667	0.00209	0.00397	0.01367	0.00456	0.00473
11	0.00805	0.00530	0.00700	0.00733	0.00833	0.00490	0.00534	0.00974	0.01240	0.06550	0.30004	0.40093	0.06615	0.01359	0.00649	0.00195	0.00306	0.06366	0.00534	0.00489
12	0.00800	0.00559	0.00732	0.00709	0.00844	0.00519	0.00551	0.01042	0.01442	0.04061	0.61468	0.04234	0.08380	0.01136	0.00636	0.00178	0.00289	0.11347	0.00566	0.00505
13	0.00716	0.00526	0.00671	0.00662	0.00777	0.00481	0.00486	0.00925	0.01379	0.01907	0.56506	0.17334	0.13246	0.01210	0.00632	0.00176	0.00261	0.01069	0.00556	0.00481
14	0.00690	0.00511	0.00648	0.00726	0.00796	0.00485	0.00501	0.00877	0.04932	0.01501	0.12919	0.60227	0.10203	0.01505	0.00657	0.00203	0.00301	0.01351	0.00505	0.00461
15	0.00672	0.00492	0.00634	0.00711	0.00782	0.00454	0.00500	0.00807	0.01138	0.01517	0.17440	0.53347	0.12761	0.01498	0.00662	0.00203	0.00300	0.05125	0.00508	0.00448
16	0.01380	0.74197	0.10017	0.00962	0.01446	0.02009	0.01005	0.01592	0.01078	0.01285	0.00755	0.00874	0.00678	0.00457	0.00355	0.00118	0.00586	0.00293	0.00226	0.00688
17	0.01369	0.01009	0.01112	0.00983	0.01274	0.01107	0.00769	0.02476	0.54530	0.13041	0.08863	0.02336	0.07224	0.00783	0.00550	0.00176	0.00398	0.00655	0.00555	0.00789
18	0.01975	0.02520	0.01498	0.01362	0.01634	0.79299	0.01021	0.02111	0.01498	0.01294	0.00817	0.00953	0.00681	0.00545	0.00477	0.00136	0.00953	0.00340	0.00272	0.00613
19	0.01096	0.00940	0.01096	0.00783	0.01253	0.00705	0.00626	0.01331	0.01096	0.01723	0.00940	0.01096	0.00783	0.00392	0.00392	0.00078	0.00392	0.00313	0.00313	0.84653
20	0.00741	0.00516	0.00655	0.00678	0.00709	0.00535	0.00442	0.00808	0.00837	0.01140	0.01842	0.18108	0.02070	0.45838	0.22247	0.00543	0.00708	0.00858	0.00344	0.00381
21	0.00765	0.00511	0.00578	0.00582	0.00583	0.00510	0.00326	0.00768	0.00777	0.01036	0.01707	0.06037	0.01974	0.78772	0.02624	0.00503	0.00506	0.00793	0.00326	0.00324
22	0.00918	0.00459	0.00689	0.00689	0.00689	0.00459	0.00459	0.00689	0.00689	0.00918	0.00918	0.01607	0.00918	0.01837	0.02066	0.84619	0.00459	0.00459	0.00230	0.00230
23	0.20356	0.01207	0.01260	0.01016	0.01393	0.02897	0.00829	0.29366	0.12694	0.21530	0.01472	0.01405	0.01027	0.00618	0.00485	0.00163	0.00495	0.00463	0.00511	0.00812
24	0.21705	0.01237	0.01273	0.01051	0.01420	0.03024	0.00844	0.23609	0.18182	0.19670	0.01580	0.01540	0.01135	0.00670	0.00515	0.00179	0.00508	0.00491	0.00529	0.00838

[dist]
# distance from previous block
# <min> <max>
1	16

[block]
# block no. 1 follows, 46 sequences, length 45
# corresponding to MSA columns:
# 748-792
name=unknown_B
#
# <colnr> <probs for GDERKNQSTAVLIFYWHMCP>
#	G	D	E	R	K	N	Q	S	T	A	V	L	I	F	Y	W	H	M	C	P
0	0.09424	0.01307	0.01330	0.01059	0.01444	0.08869	0.00857	0.31713	0.05570	0.22099	0.01439	0.03124	0.01037	0.00624	0.00498	0.00154	0.00538	0.00475	0.00499	0.07938
1	0.00750	0.00520	0.00648	0.00713	0.00768	0.00499	0.00474	0.02498	0.02491	0.03017	0.02718	0.55629	0.07133	0.18263	0.01085	0.00272	0.00359	0.01267	0.00460	0.00436
2	0.01365	0.01051	0.01210	0.00971	0.02509	0.00998	0.00761	0.11403	0.19480	0.08330	0.01405	0.03160	0.01099	0.00562	0.00492	0.00127	0.02084	0.00452	0.00424	0.42118
3	0.00768	0.00514	0.00585	0.00585	0.00587	0.00517	0.00330	0.00774	0.00771	0.01031	0.01658	0.03419	0.01904	0.79145	0.04943	0.00522	0.00539	0.00763	0.00319	0.00325
4	0.01936	0.09891	0.01584	0.01093	0.01509	0.01433	0.00915	0.43542	0.07324	0.19535	0.01440	0.01383	0.01011	0.00614	0.00504	0.00153	0.00531	0.00469	0.00515	0.04618
5	0.01277	0.14532	0.07269	0.05889	0.32083	0.03092	0.19254	0.01641	0.03265	0.01615	0.02066	0.02232	0.00889	0.00506	0.00541	0.00159	0.02183	0.00491	0.00268	0.00747
6	0.00764	0.00515	0.00599	0.00603	0.00611	0.00521	0.00352	0.00781	0.00783	0.01051	0.01687	0.05891	0.01927	0.72870	0.08505	0.00529	0.00575	0.00777	0.00323	0.00336
7	0.00676	0.00485	0.00609	0.00696	0.00740	0.00455	0.00466	0.00761	0.00995	0.01307	0.02925	0.54814	0.10959	0.16849	0.01057	0.00269	0.00350	0.04715	0.00458	0.00413
8	0.03501	0.06908	0.05254	0.01226	0.01652	0.08722	0.05538	0.40880	0.04760	0.14351	0.01313	0.01314	0.00931	0.00600	0.00513	0.00157	0.00614	0.00465	0.00470	0.00832
9	0.01212	0.01274	0.01935	0.01567	0.01693	0.04933	0.17222	0.01399	0.00933	0.01363	0.00780	0.01205	0.00717	0.00806	0.01442	0.00216	0.59961	0.00492	0.00241	0.00609
10	0.00827	0.00545	0.00714	0.00691	0.00809	0.00503	0.00506	0.01032	0.01370	0.06535	0.55282	0.18667	0.04336	0.04897	0.00724	0.00192	0.00285	0.01027	0.00557	0.00501
11	0.00649	0.00484	0.00601	0.00681	0.00753	0.00440	0.00467	0.00761	0.01088	0.01418	0.08917	0.56295	0.20944	0.03009	0.00696	0.00208	0.00297	0.01359	0.00494	0.00436
12	0.01721	0.00986	0.01261	0.01018	0.01333	0.00996	0.00835	0.10806	0.03679	0.34052	0.01661	0.05466	0.01291	0.00751	0.00724	0.00168	0.13525	0.05000	0.00494	0.14231
13	0.00758	0.00511	0.00592	0.00602	0.00608	0.00513	0.00349	0.00774	0.00792	0.01060	0.01753	0.09538	0.02019	0.71564	0.06039	0.00504	0.00538	0.00818	0.00332	0.00336
14	0.00670	0.00486	0.00630	0.00701	0.00765	0.00449	0.00483	0.00802	0.01139	0.01536	0.21249	0.55283	0.09334	0.02994	0.00697	0.00206	0.00294	0.01328	0.00510	0.00445
15	0.01975	0.02520	0.01498	0.01362	0.01634	0.79299	0.01021	0.02111	0.01498	0.01294	0.00817	0.00953	0.00681	0.00545	0.00477	0.00136	0.00953	0.00340	0.00272	0.00613
16	0.07080	0.01379	0.01492	0.01150	0.01565	0.01502	0.00950	0.62406	0.02265	0.12883	0.01341	0.01312	0.00932	0.00628	0.00517	0.00160	0.00554	0.00472	0.00533	0.00879
17	0.00653	0.00518	0.00588	0.00616	0.00746	0.00453	0.00447	0.00796	0.01201	0.01520	0.16223	0.24897	0.45580	0.01383	0.00639	0.00187	0.00278	0.02319	0.00505	0.00451
18	0.00668	0.00494	0.00659	0.00762	0.00795	0.00485	0.00520	0.00762	0.01007	0.01348	0.02861	0.75771	0.04917	0.01616	0.00723	0.00215	0.04038	0.01446	0.00479	0.00437
19	0.06986	0.00541	0.00660	0.00748	0.00819	0.00536	0.00516	0.00918	0.05082	0.01503	0.05785	0.67715	0.03239	0.01496	0.00639	0.00207	0.00318	0.01341	0.00485	0.00465
20	0.00651	0.00467	0.00619	0.00735	0.00773	0.00436	0.00497	0.00752	0.01035	0.01379	0.05191	0.75625	0.05103	0.01628	0.00673	0.00213	0.00308	0.02989	0.00493	0.00433
21	0.07304	0.02390	0.01455	0.01314	0.01595	0.71744	0.00992	0.04514	0.01492	0.01430	0.00827	0.00958	0.00681	0.00544	0.00469	0.00139	0.00906	0.00341	0.00284	0.00620
22	0.01254	0.01410	0.02780	0.02039	0.02463	0.03952	0.59400	0.01627	0.01172	0.01600	0.00989	0.01359	0.00777	0.00541	0.00831	0.00187	0.16089	0.00584	0.00261	0.00684
23	0.00810	0.00576	0.00789	0.00838	0.00923	0.00565	0.02813	0.01011	0.05650	0.05013	0.02702	0.62540	0.03090	0.02514	0.00711	0.00215	0.02095	0.06169	0.00486	0.00490
24	0.01976	0.02491	0.01501	0.01358	0.01634	0.77169	0.01021	0.04147	0.01525	0.01350	0.00830	0.00962	0.00687	0.00547	0.00478	0.00137	0.00943	0.00344	0.00279	0.00621
25	0.01176	0.01426	0.09316	0.17059	0.02782	0.01318	0.49461	0.01593	0.01165	0.01593	0.01004	0.01375	0.00763	0.00504	0.00682	0.00181	0.07101	0.00561	0.00254	0.00684
26	0.00720	0.00534	0.00671	0.00647	0.00775	0.00485	0.00481	0.00939	0.01414	0.01948	0.60258	0.09226	0.17619	0.01164	0.00627	0.00172	0.00256	0.01020	0.00560	0.00485
27	0.00743	0.00540	0.00699	0.00659	0.00787	0.00497	0.00495	0.00987	0.01484	0.02090	0.74700	0.03998	0.08151	0.01092	0.00624	0.00167	0.00250	0.00963	0.00578	0.00497
28	0.03200	0.00543	0.00677	0.00661	0.00785	0.00503	0.00489	0.00951	0.01379	0.01943	0.57063	0.14686	0.12821	0.01172	0.00622	0.00174	0.00264	0.01030	0.00552	0.00485
29	0.00629	0.00533	0.00543	0.00546	0.00718	0.00448	0.00407	0.00766	0.01209	0.01448	0.07653	0.07310	0.73312	0.01340	0.00626	0.00179	0.00268	0.01122	0.00494	0.00448
30	0.05768	0.00905	0.01208	0.00931	0.01336	0.00794	0.00769	0.02534	0.01488	0.75366	0.02030	0.01761	0.01278	0.00648	0.00523	0.00164	0.00448	0.00522	0.00641	0.00886
31	0.01500	0.01122	0.01230	0.01074	0.01379	0.02298	0.00847	0.03802	0.59109	0.14638	0.02042	0.01882	0.01498	0.00713	0.00592	0.00178	0.04150	0.00575	0.00539	0.00833
32	0.85155	0.01022	0.00777	0.00695	0.01022	0.01186	0.00573	0.01554	0.00900	0.02372	0.00736	0.00859	0.00573	0.00491	0.00327	0.00164	0.00409	0.00286	0.00327	0.00573
33	0.00939	0.00654	0.00850	0.00795	0.00928	0.00700	0.00614	0.05613	0.01208	0.05284	0.22247	0.07743	0.07529	0.03587	0.24756	0.00386	0.06229	0.00750	0.08661	0.00527
34	0.01940	0.02023	0.01481	0.01272	0.01589	0.46889	0.00987	0.24063	0.05296	0.05118	0.01081	0.01151	0.00828	0.00591	0.00513	0.00147	0.01904	0.00405	0.02005	0.00717
35	0.01933	0.01433	0.01532	0.01190	0.01597	0.01590	0.00978	0.68949	0.08370	0.03214	0.01349	0.01340	0.00965	0.00641	0.00526	0.00160	0.00562	0.00486	0.02301	0.00886
36	0.00985	0.00493	0.00493	0.00493	0.00616	0.00493	0.00370	0.01232	0.01109	0.01971	0.01725	0.01971	0.01355	0.00616	0.00370	0.00123	0.00246	0.00493	0.84356	0.00493
37	0.17265	0.28897	0.02914	0.01036	0.04491	0.06949	0.00867	0.05734	0.04741	0.20718	0.01181	0.01188	0.00875	0.00539	0.00423	0.00145	0.00535	0.00383	0.00385	0.00735
38	0.00756	0.00562	0.00827	0.00827	0.00914	0.00649	0.00633	0.00930	0.00843	0.01211	0.01436	0.02190	0.01371	0.10281	0.73077	0.00822	0.01342	0.00583	0.00286	0.00460
39	0.00658	0.00524	0.00590	0.00601	0.00741	0.00456	0.00440	0.00813	0.01243	0.01583	0.22589	0.17704	0.47530	0.01330	0.00633	0.00182	0.00270	0.01143	0.00513	0.00456
40	0.00757	0.00547	0.00759	0.00762	0.00826	0.00610	0.00551	0.00885	0.00828	0.01167	0.01527	0.04260	0.01557	0.28028	0.53722	0.00731	0.01110	0.00650	0.00299	0.00424
41	0.01462	0.74810	0.02659	0.00945	0.01381	0.08845	0.00915	0.01629	0.01111	0.01248	0.00742	0.00857	0.00679	0.00460	0.00351	0.00115	0.00599	0.00288	0.00230	0.00673
42	0.02010	0.01481	0.01587	0.01216	0.01639	0.01639	0.01005	0.76360	0.02486	0.03332	0.01269	0.01269	0.00899	0.00635	0.00529	0.00159	0.00582	0.00476	0.00529	0.00899
43	0.10717	0.01436	0.01434	0.01142	0.01530	0.06871	0.00930	0.51582	0.10009	0.07123	0.01319	0.01307	0.00947	0.00623	0.00505	0.00160	0.00565	0.00462	0.00498	0.00838
44	0.02986	0.12785	0.03131	0.02740	0.01402	0.05322	0.00872	0.26739	0.05824	0.10357	0.03907	0.15045	0.01584	0.00827	0.00532	0.00167	0.00519	0.04077	0.00463	0.00724

[dist]
# distance from previous block
# <min> <max>
3	20

[block]
# block no. 2 follows, 46 sequences, length 22
# corresponding to MSA columns:
# 813-834
name=unknown_C
#
# <colnr> <probs for GDERKNQSTAVLIFYWHMCP>
#	G	D	E	R	K	N	Q	S	T	A	V	L	I	F	Y	W	H	M	C	P
0	0.00865	0.00708	0.00930	0.15547	0.01415	0.00774	0.00741	0.01262	0.14011	0.01564	0.10614	0.27582	0.08325	0.07762	0.00814	0.00219	0.02737	0.03155	0.00439	0.00534
1	0.01178	0.00726	0.00839	0.00753	0.00919	0.00755	0.00559	0.12084	0.05532	0.09194	0.05972	0.04650	0.01708	0.21973	0.10320	0.00326	0.00532	0.00635	0.20783	0.00561
2	0.08701	0.06858	0.17548	0.01129	0.01594	0.01317	0.01084	0.30257	0.03837	0.15350	0.03921	0.03690	0.01112	0.00633	0.00502	0.00161	0.00562	0.00488	0.00450	0.00804
3	0.01374	0.08769	0.13876	0.03915	0.20177	0.12553	0.02699	0.09088	0.07266	0.01779	0.01198	0.05768	0.01012	0.00609	0.00533	0.00158	0.02826	0.00495	0.05175	0.00728
4	0.00945	0.00564	0.00709	0.00711	0.00855	0.00501	0.00518	0.01086	0.01205	0.14572	0.12407	0.38855	0.22376	0.01335	0.00631	0.00191	0.00314	0.01173	0.00530	0.00522
5	0.01025	0.00764	0.00900	0.00887	0.01037	0.00799	0.00654	0.17506	0.09906	0.01888	0.02465	0.52184	0.02702	0.01321	0.00629	0.00199	0.00385	0.03665	0.00504	0.00580
6	0.01184	0.01496	0.14208	0.24881	0.14375	0.05352	0.20353	0.01562	0.01137	0.01536	0.00953	0.01305	0.00742	0.00532	0.00656	0.00175	0.08128	0.00489	0.00247	0.00689
7	0.01441	0.01474	0.01935	0.10700	0.51767	0.15933	0.01459	0.05898	0.01316	0.01697	0.00971	0.01250	0.00798	0.00500	0.00515	0.00155	0.00694	0.00447	0.00276	0.00773
8	0.00730	0.00502	0.00668	0.00762	0.00829	0.00470	0.00546	0.00859	0.01098	0.03684	0.08593	0.59879	0.06193	0.01545	0.00673	0.00212	0.00330	0.11468	0.00502	0.00457
9	0.04309	0.08326	0.56892	0.01548	0.05828	0.04154	0.05932	0.01665	0.01121	0.01646	0.00921	0.01109	0.00683	0.00508	0.00530	0.00164	0.03283	0.00396	0.00234	0.00752
10	0.01167	0.18762	0.60337	0.01379	0.02074	0.04374	0.01705	0.01672	0.01122	0.01572	0.00900	0.01056	0.00672	0.00494	0.00468	0.00155	0.00744	0.00367	0.00226	0.00754
11	0.00769	0.00513	0.00577	0.00577	0.00577	0.00513	0.00320	0.00769	0.00769	0.01025	0.01666	0.03460	0.01922	0.81421	0.02691	0.00513	0.00513	0.00769	0.00320	0.00320
12	0.00755	0.00544	0.00691	0.00702	0.00828	0.00500	0.00536	0.00957	0.01327	0.03248	0.40224	0.16200	0.18176	0.01265	0.00646	0.00187	0.00300	0.11891	0.00538	0.00484
13	0.04079	0.07979	0.05066	0.01068	0.05246	0.02432	0.00856	0.11751	0.12320	0.22855	0.04144	0.03191	0.10494	0.00852	0.03483	0.00188	0.00508	0.00588	0.02148	0.00752
14	0.04653	0.01283	0.07097	0.16196	0.41487	0.01215	0.10281	0.01670	0.02555	0.06909	0.01075	0.01355	0.00834	0.00498	0.00528	0.00165	0.00658	0.00483	0.00289	0.00769
15	0.01374	0.72854	0.11308	0.00972	0.01462	0.01995	0.01023	0.01593	0.01079	0.01292	0.00759	0.00878	0.00677	0.00458	0.00358	0.00119	0.00590	0.00295	0.00226	0.00690
16	0.01421	0.01765	0.36104	0.10617	0.04565	0.01078	0.08268	0.01853	0.01228	0.21942	0.01298	0.01407	0.00893	0.00545	0.00518	0.00166	0.00664	0.00466	0.04429	0.00771
17	0.01168	0.01381	0.14528	0.19860	0.09632	0.01205	0.17653	0.09474	0.01284	0.01766	0.05462	0.07518	0.01205	0.00649	0.00624	0.00177	0.04819	0.00596	0.00313	0.00686
18	0.01066	0.02525	0.03188	0.00888	0.01046	0.00683	0.02721	0.03309	0.01151	0.14935	0.05193	0.47452	0.02620	0.01431	0.05095	0.00234	0.04327	0.01097	0.00480	0.00561
19	0.11689	0.08672	0.03812	0.04848	0.01467	0.03594	0.00877	0.24557	0.16307	0.05222	0.04481	0.04195	0.05412	0.00693	0.00497	0.00162	0.00502	0.00540	0.01734	0.00739
20	0.01503	0.01195	0.03462	0.06361	0.38978	0.03386	0.04733	0.05997	0.03604	0.16797	0.01404	0.06007	0.01142	0.00619	0.00542	0.00166	0.00592	0.02339	0.00378	0.00795
21	0.19209	0.04600	0.26909	0.01252	0.04858	0.05625	0.03476	0.14271	0.01357	0.04309	0.03760	0.01347	0.03681	0.00572	0.00474	0.00159	0.00611	0.00435	0.00340	0.02755

[dist]
# distance from previous block
# <min> <max>
2	8

[block]
# block no. 3 follows, 46 sequences, length 50
# corresponding to MSA columns:
# 843-892
name=unknown_D
#
# <colnr> <probs for GDERKNQSTAVLIFYWHMCP>
#	G	D	E	R	K	N	Q	S	T	A	V	L	I	F	Y	W	H	M	C	P
0	0.32061	0.05202	0.01405	0.12364	0.05888	0.05211	0.06308	0.06305	0.10896	0.06125	0.01097	0.01230	0.00830	0.00537	0.00448	0.00162	0.00546	0.00414	0.00355	0.02616
1	0.11201	0.00997	0.00920	0.02362	0.04106	0.13301	0.02028	0.01268	0.04136	0.01695	0.16381	0.04464	0.31342	0.00957	0.00551	0.00165	0.00435	0.00784	0.00432	0.02477
2	0.12596	0.02249	0.01253	0.05010	0.05794	0.00879	0.06175	0.01694	0.03009	0.22967	0.09960	0.02085	0.08370	0.00681	0.00508	0.00154	0.00454	0.01973	0.00451	0.13738
3	0.01630	0.01091	0.01236	0.00995	0.01309	0.01159	0.00794	0.39122	0.03737	0.11788	0.01465	0.01740	0.01160	0.10602	0.10380	0.00280	0.00626	0.00524	0.05190	0.05172
4	0.01954	0.01427	0.01527	0.01177	0.01584	0.01577	0.00970	0.72258	0.02410	0.03257	0.01294	0.01308	0.00924	0.00634	0.00520	0.00157	0.00563	0.00477	0.05106	0.00877
5	0.00745	0.00612	0.00683	0.00787	0.00837	0.06106	0.00538	0.00844	0.01052	0.01351	0.02760	0.73451	0.03283	0.01571	0.00662	0.00210	0.00358	0.03231	0.00475	0.00444
6	0.00650	0.00469	0.00606	0.00712	0.00751	0.00436	0.00474	0.00740	0.01011	0.01336	0.03014	0.70922	0.08753	0.06452	0.00793	0.00230	0.00316	0.01431	0.00480	0.00424
7	0.02010	0.01481	0.01587	0.01216	0.01639	0.01639	0.01005	0.76360	0.02486	0.03332	0.01269	0.01269	0.00899	0.00635	0.00529	0.00159	0.00582	0.00476	0.00529	0.00899
8	0.85155	0.01022	0.00777	0.00695	0.01022	0.01186	0.00573	0.01554	0.00900	0.02372	0.00736	0.00859	0.00573	0.00491	0.00327	0.00164	0.00409	0.00286	0.00327	0.00573
9	0.02060	0.01400	0.01537	0.01178	0.01599	0.01520	0.00973	0.66117	0.02351	0.13765	0.01383	0.01343	0.00956	0.00637	0.00529	0.00159	0.00563	0.00484	0.00546	0.00899
10	0.00644	0.00460	0.00613	0.00736	0.00767	0.00429	0.00491	0.00736	0.01012	0.01350	0.02914	0.81076	0.03497	0.01656	0.00675	0.00215	0.00307	0.01503	0.00491	0.00429
11	0.02010	0.01481	0.01587	0.01216	0.01639	0.01639	0.01005	0.76360	0.02486	0.03332	0.01269	0.01269	0.00899	0.00635	0.00529	0.00159	0.00582	0.00476	0.00529	0.00899
12	0.00781	0.00562	0.00768	0.00883	0.00982	0.00549	0.00726	0.00975	0.01158	0.01508	0.02961	0.27427	0.06964	0.01510	0.00709	0.00232	0.00424	0.49925	0.00488	0.00468
13	0.02372	0.00900	0.01227	0.00941	0.01350	0.00777	0.00777	0.02576	0.01513	0.78489	0.02086	0.01799	0.01309	0.00654	0.00532	0.00164	0.00450	0.00532	0.00654	0.00900
14	0.00644	0.00460	0.00613	0.00736	0.00767	0.00429	0.00491	0.00736	0.01012	0.01350	0.02914	0.81076	0.03497	0.01656	0.00675	0.00215	0.00307	0.01503	0.00491	0.00429
15	0.00985	0.00493	0.00493	0.00493	0.00616	0.00493	0.00370	0.01232	0.01109	0.01971	0.01725	0.01971	0.01355	0.00616	0.00370	0.00123	0.00246	0.00493	0.84356	0.00493
16	0.00755	0.00566	0.00850	0.00850	0.00944	0.00661	0.00661	0.00944	0.00850	0.01227	0.01416	0.02077	0.01322	0.03965	0.79326	0.00850	0.01416	0.00566	0.00283	0.00472
17	0.00625	0.00536	0.00536	0.00536	0.00714	0.00446	0.00402	0.00759	0.01205	0.01428	0.05355	0.05088	0.77909	0.01339	0.00625	0.00179	0.00268	0.01116	0.00491	0.00446
18	0.01248	0.01426	0.03119	0.02228	0.02763	0.01337	0.76203	0.01693	0.01248	0.01693	0.01070	0.01426	0.00802	0.00446	0.00624	0.00178	0.00891	0.00624	0.00267	0.00713
19	0.01031	0.00973	0.01645	0.72017	0.11518	0.01183	0.01484	0.01379	0.01073	0.01391	0.00945	0.01399	0.00719	0.00522	0.00528	0.00174	0.00697	0.00470	0.00238	0.00614
20	0.00855	0.00568	0.00716	0.00662	0.00820	0.00511	0.00503	0.01079	0.01442	0.08110	0.57937	0.03994	0.18610	0.01096	0.00616	0.00168	0.00269	0.00953	0.00570	0.00521
21	0.00746	0.00503	0.00583	0.00605	0.00611	0.00498	0.00351	0.00763	0.00813	0.01083	0.01890	0.17431	0.02205	0.67063	0.02328	0.00459	0.00475	0.00901	0.00351	0.00340
22	0.00998	0.00940	0.01586	0.80150	0.03641	0.01175	0.01468	0.01351	0.01057	0.01351	0.00940	0.01409	0.00705	0.00529	0.00529	0.00176	0.00705	0.00470	0.00235	0.00587
23	0.12029	0.01352	0.01412	0.01121	0.01505	0.01507	0.00916	0.56738	0.10186	0.03025	0.01356	0.04114	0.01027	0.00662	0.00510	0.00163	0.00534	0.00502	0.00504	0.00836
24	0.67907	0.01069	0.03607	0.04534	0.01220	0.01128	0.00671	0.01521	0.00939	0.02219	0.00778	0.00923	0.00608	0.00481	0.00351	0.00154	0.00434	0.00302	0.00317	0.10836
25	0.01380	0.00989	0.01178	0.00942	0.01287	0.00953	0.00751	0.10981	0.10586	0.13310	0.01502	0.10400	0.01277	0.00689	0.00593	0.00142	0.07188	0.00548	0.00431	0.34871
26	0.00805	0.00659	0.00944	0.17352	0.01491	0.00656	0.02293	0.00998	0.01086	0.01457	0.05359	0.38354	0.08056	0.01180	0.00607	0.00187	0.00421	0.06931	0.00414	0.10749
27	0.01141	0.01126	0.01564	0.01335	0.01366	0.01535	0.01110	0.01266	0.00828	0.01298	0.00730	0.01180	0.00718	0.00983	0.03962	0.00240	0.73223	0.00457	0.00238	0.05697
28	0.01096	0.00940	0.01096	0.00783	0.01253	0.00705	0.00626	0.01331	0.01096	0.01723	0.00940	0.01096	0.00783	0.00392	0.00392	0.00078	0.00392	0.00313	0.00313	0.84653
29	0.01192	0.01404	0.06631	0.04355	0.02533	0.01308	0.59230	0.01594	0.01182	0.01625	0.01116	0.05370	0.00917	0.00558	0.00724	0.00185	0.08484	0.00636	0.00272	0.00686
30	0.01188	0.00937	0.01106	0.00794	0.01260	0.00710	0.00637	0.01421	0.01126	0.07244	0.01022	0.01147	0.00821	0.00410	0.00402	0.00084	0.00396	0.00329	0.00338	0.78629
31	0.00998	0.00940	0.01586	0.80150	0.03641	0.01175	0.01468	0.01351	0.01057	0.01351	0.00940	0.01409	0.00705	0.00529	0.00529	0.00176	0.00705	0.00470	0.00235	0.00587
32	0.00625	0.00536	0.00536	0.00536	0.00714	0.00446	0.00402	0.00759	0.01205	0.01428	0.05355	0.05088	0.77909	0.01339	0.00625	0.00179	0.00268	0.01116	0.00491	0.00446
33	0.00644	0.00460	0.00613	0.00736	0.00767	0.00429	0.00491	0.00736	0.01012	0.01350	0.02914	0.81076	0.03497	0.01656	0.00675	0.00215	0.00307	0.01503	0.00491	0.00429
34	0.00985	0.00493	0.00493	0.00493	0.00616	0.00493	0.00370	0.01232	0.01109	0.01971	0.01725	0.01971	0.01355	0.00616	0.00370	0.00123	0.00246	0.00493	0.84356	0.00493
35	0.00644	0.00460	0.00613	0.00736	0.00767	0.00429	0.00491	0.00736	0.01012	0.01350	0.02914	0.81076	0.03497	0.01656	0.00675	0.00215	0.00307	0.01503	0.00491	0.00429
36	0.01232	0.01380	0.02862	0.02084	0.02527	0.01385	0.63349	0.01621	0.01173	0.01621	0.01005	0.01380	0.00784	0.00528	0.00814	0.00187	0.14519	0.00596	0.00261	0.00690
37	0.79747	0.01014	0.00806	0.00711	0.01044	0.01159	0.00586	0.01621	0.00940	0.07344	0.00824	0.00920	0.00621	0.00501	0.00341	0.00164	0.00412	0.00302	0.00349	0.00594
38	0.01979	0.01420	0.01535	0.01189	0.01602	0.01563	0.00978	0.66361	0.08076	0.07766	0.01385	0.01354	0.00978	0.00642	0.00530	0.00161	0.00561	0.00489	0.00537	0.00894
39	0.01227	0.00981	0.01197	0.00880	0.01328	0.00801	0.03415	0.05454	0.04416	0.06496	0.01128	0.03036	0.00919	0.00465	0.00429	0.00099	0.00423	0.00386	0.00357	0.66562
40	0.01413	0.81739	0.02770	0.00905	0.01357	0.02092	0.00905	0.01583	0.01074	0.01244	0.00735	0.00848	0.00678	0.00452	0.00339	0.00113	0.00565	0.00283	0.00226	0.00678
41	0.75058	0.01007	0.00832	0.00725	0.01062	0.01136	0.00597	0.01679	0.00975	0.11656	0.00901	0.00974	0.00662	0.00511	0.00352	0.00164	0.00414	0.00316	0.00367	0.00612
42	0.01132	0.00961	0.01116	0.00800	0.01268	0.00742	0.00641	0.04299	0.01151	0.01786	0.00953	0.01103	0.00788	0.00401	0.00397	0.00081	0.00399	0.00320	0.00322	0.81339
43	0.12542	0.02255	0.58546	0.01312	0.01966	0.01155	0.01605	0.01588	0.01066	0.01740	0.00953	0.01149	0.00709	0.00744	0.06142	0.00211	0.00757	0.00385	0.00246	0.04928
44	0.01248	0.01426	0.03119	0.02228	0.02763	0.01337	0.76203	0.01693	0.01248	0.01693	0.01070	0.01426	0.00802	0.00446	0.00624	0.00178	0.00891	0.00624	0.00267	0.00713
45	0.00755	0.00566	0.00850	0.00850	0.00944	0.00661	0.00661	0.00944	0.00850	0.01227	0.01416	0.02077	0.01322	0.03965	0.79326	0.00850	0.01416	0.00566	0.00283	0.00472
46	0.00733	0.00540	0.00686	0.00649	0.00781	0.00492	0.00487	0.00968	0.01461	0.02036	0.69003	0.04088	0.13882	0.01112	0.00624	0.00168	0.00252	0.00976	0.00571	0.00492
47	0.02276	0.00944	0.01271	0.04972	0.01486	0.00859	0.00828	0.07821	0.01560	0.69177	0.01969	0.01741	0.01249	0.00647	0.00531	0.00164	0.00472	0.00524	0.00624	0.00884
48	0.00770	0.00639	0.00691	0.00658	0.00808	0.04472	0.00494	0.00976	0.01402	0.01853	0.50354	0.04168	0.28500	0.01138	0.00617	0.00169	0.00291	0.00977	0.00537	0.00487
49	0.00859	0.00603	0.00834	0.00949	0.01071	0.00603	0.00827	0.01102	0.01212	0.01602	0.02745	0.05761	0.02957	0.01418	0.00712	0.00237	0.00475	0.70814	0.04734	0.00487

[dist]
# distance from previous block
# <min> <max>
0	41

[block]
# block no. 4 follows, 46 sequences, length 20
# corresponding to MSA columns:
# 934-953
name=unknown_E
#
# <colnr> <probs for GDERKNQSTAVLIFYWHMCP>
#	G	D	E	R	K	N	Q	S	T	A	V	L	I	F	Y	W	H	M	C	P
0	0.01849	0.20329	0.01784	0.01259	0.01572	0.61941	0.00995	0.01992	0.01403	0.01283	0.00799	0.00930	0.00680	0.00524	0.00446	0.00131	0.00866	0.00327	0.00262	0.00628
1	0.01956	0.01506	0.18760	0.01160	0.01657	0.01166	0.01117	0.26946	0.01748	0.36190	0.01558	0.01469	0.01029	0.00614	0.00524	0.00163	0.00568	0.00481	0.00516	0.00873
2	0.00625	0.00536	0.00536	0.00536	0.00714	0.00446	0.00402	0.00759	0.01205	0.01428	0.05355	0.05088	0.77909	0.01339	0.00625	0.00179	0.00268	0.01116	0.00491	0.00446
3	0.00741	0.00501	0.00585	0.00612	0.00619	0.00494	0.00359	0.00761	0.00823	0.01098	0.01946	0.20909	0.02276	0.63489	0.02238	0.00446	0.00466	0.00934	0.00359	0.00345
4	0.02010	0.01481	0.01587	0.01216	0.01639	0.01639	0.01005	0.76360	0.02486	0.03332	0.01269	0.01269	0.00899	0.00635	0.00529	0.00159	0.00582	0.00476	0.00529	0.00899
5	0.02372	0.00900	0.01227	0.00941	0.01350	0.00777	0.00777	0.02576	0.01513	0.78489	0.02086	0.01799	0.01309	0.00654	0.00532	0.00164	0.00450	0.00532	0.00654	0.00900
6	0.01227	0.01365	0.02782	0.02039	0.02454	0.01400	0.59331	0.01599	0.01149	0.01599	0.00985	0.01365	0.00778	0.00553	0.00874	0.00190	0.18778	0.00588	0.00259	0.00683
7	0.00998	0.00940	0.01586	0.80150	0.03641	0.01175	0.01468	0.01351	0.01057	0.01351	0.00940	0.01409	0.00705	0.00529	0.00529	0.00176	0.00705	0.00470	0.00235	0.00587
8	0.01715	0.01375	0.01518	0.01225	0.01518	0.04755	0.01002	0.50811	0.01959	0.02638	0.01243	0.07140	0.01036	0.00772	0.00809	0.00178	0.18533	0.00543	0.00449	0.00780
9	0.23384	0.00794	0.00888	0.00907	0.01109	0.00852	0.00771	0.07359	0.02762	0.01952	0.03775	0.06338	0.02239	0.01118	0.00599	0.00211	0.00462	0.43480	0.00451	0.00549
10	0.00821	0.00628	0.00787	0.00690	0.00891	0.00542	0.00525	0.01060	0.01387	0.01993	0.56742	0.05257	0.05966	0.00947	0.00573	0.00148	0.00283	0.00829	0.00517	0.19415
11	0.01061	0.00817	0.00938	0.00721	0.01081	0.00659	0.00567	0.02905	0.01143	0.01816	0.04372	0.04290	0.01185	0.00521	0.00409	0.00099	0.00354	0.00426	0.19230	0.57406
12	0.00735	0.00627	0.00667	0.00595	0.00838	0.00506	0.00455	0.00895	0.01190	0.01516	0.06597	0.04155	0.58322	0.01118	0.00572	0.00156	0.00295	0.00930	0.00454	0.19379
13	0.01342	0.63574	0.02394	0.00877	0.01333	0.01780	0.00842	0.01526	0.01079	0.01351	0.00781	0.00904	0.00702	0.00439	0.00351	0.00105	0.00526	0.00290	0.00246	0.19557
14	0.01798	0.01191	0.01294	0.01022	0.01373	0.01286	0.00835	0.50092	0.03986	0.10635	0.01477	0.01499	0.01061	0.00635	0.00494	0.00152	0.00489	0.00489	0.19388	0.00806
15	0.00985	0.00493	0.00493	0.00493	0.00616	0.00493	0.00370	0.01232	0.01109	0.01971	0.01725	0.01971	0.01355	0.00616	0.00370	0.00123	0.00246	0.00493	0.84356	0.00493
16	0.00894	0.00687	0.00841	0.00796	0.00959	0.00728	0.00608	0.01381	0.18258	0.03279	0.24864	0.03060	0.12886	0.04577	0.23366	0.00380	0.00639	0.00770	0.00466	0.00562
17	0.00676	0.00540	0.00609	0.00618	0.00771	0.00473	0.00472	0.00845	0.01263	0.01598	0.21720	0.09028	0.49908	0.01308	0.00637	0.00184	0.00286	0.08091	0.00512	0.00461
18	0.66257	0.01004	0.00849	0.00715	0.01074	0.01078	0.00585	0.01504	0.00944	0.02226	0.00782	0.00912	0.00620	0.00468	0.00342	0.00144	0.00405	0.00292	0.00324	0.19475
19	0.04105	0.01196	0.02628	0.01055	0.01385	0.03559	0.00852	0.24451	0.30118	0.11220	0.09196	0.04700	0.01686	0.00739	0.00539	0.00169	0.00472	0.00601	0.00531	0.00799

[dist]
# distance from previous block
# <min> <max>
0	1

[block]
# block no. 5 follows, 46 sequences, length 100
# corresponding to MSA columns:
# 955-1054
name=unknown_F
#
# <colnr> <probs for GDERKNQSTAVLIFYWHMCP>
#	G	D	E	R	K	N	Q	S	T	A	V	L	I	F	Y	W	H	M	C	P
0	0.01509	0.14740	0.01716	0.01270	0.01459	0.33188	0.01035	0.01646	0.01134	0.01274	0.00789	0.01073	0.00720	0.00856	0.05120	0.00206	0.31023	0.00389	0.00250	0.00603
1	0.01956	0.01452	0.01586	0.05410	0.01746	0.01615	0.01029	0.72375	0.02410	0.03226	0.01252	0.01277	0.00889	0.00629	0.00529	0.00160	0.00588	0.00476	0.00513	0.00882
2	0.02307	0.00913	0.01248	0.00964	0.01352	0.00822	0.00797	0.02507	0.01476	0.74387	0.02012	0.01765	0.01276	0.00669	0.00596	0.00167	0.04701	0.00528	0.00632	0.00883
3	0.00835	0.00564	0.00630	0.00611	0.00633	0.00572	0.00357	0.04785	0.00860	0.01148	0.01645	0.03343	0.01868	0.77129	0.02576	0.00494	0.00516	0.00753	0.00331	0.00351
4	0.00736	0.00483	0.00646	0.00747	0.00798	0.00448	0.00506	0.00834	0.01039	0.05448	0.02870	0.76864	0.03380	0.01603	0.00667	0.00212	0.00314	0.01451	0.00499	0.00454
5	0.01251	0.01411	0.03017	0.02167	0.02689	0.01336	0.72199	0.01753	0.05282	0.01721	0.01127	0.01455	0.00845	0.00460	0.00619	0.00178	0.00866	0.00622	0.00282	0.00720
6	0.01240	0.01400	0.03012	0.02151	0.02683	0.01303	0.72188	0.01674	0.01240	0.01695	0.01063	0.01409	0.00801	0.00443	0.00612	0.00173	0.00865	0.00607	0.00270	0.05173
7	0.02372	0.00900	0.01227	0.00941	0.01350	0.00777	0.00777	0.02576	0.01513	0.78489	0.02086	0.01799	0.01309	0.00654	0.00532	0.00164	0.00450	0.00532	0.00654	0.00900
8	0.01949	0.01451	0.01552	0.01204	0.01616	0.01611	0.00990	0.69914	0.09032	0.03234	0.01347	0.01331	0.00962	0.00642	0.00530	0.00160	0.00567	0.00487	0.00530	0.00894
9	0.00815	0.00654	0.00964	0.00929	0.01010	0.00803	0.00734	0.00993	0.00844	0.01234	0.01309	0.01941	0.01229	0.03515	0.67843	0.00758	0.13113	0.00551	0.00276	0.00488
10	0.00625	0.00536	0.00536	0.00536	0.00714	0.00446	0.00402	0.00759	0.01205	0.01428	0.05355	0.05088	0.77909	0.01339	0.00625	0.00179	0.00268	0.01116	0.00491	0.00446
11	0.01315	0.01136	0.01195	0.01076	0.01375	0.01315	0.00837	0.02809	0.77168	0.02211	0.02152	0.01972	0.01614	0.00717	0.00538	0.00179	0.00418	0.00598	0.00538	0.00837
12	0.78174	0.01058	0.00834	0.02161	0.01103	0.02795	0.00612	0.03121	0.00963	0.04229	0.00786	0.00902	0.00602	0.00500	0.00343	0.00163	0.00430	0.00301	0.00337	0.00588
13	0.85155	0.01022	0.00777	0.00695	0.01022	0.01186	0.00573	0.01554	0.00900	0.02372	0.00736	0.00859	0.00573	0.00491	0.00327	0.00164	0.00409	0.00286	0.00327	0.00573
14	0.00720	0.00539	0.00668	0.00636	0.00773	0.00487	0.00477	0.00944	0.01431	0.01964	0.61483	0.04206	0.21447	0.01139	0.00624	0.00169	0.00254	0.00992	0.00561	0.00487
15	0.00817	0.00657	0.00967	0.00932	0.01012	0.00808	0.00737	0.00994	0.00843	0.01234	0.01305	0.01936	0.01226	0.03500	0.67448	0.00755	0.13516	0.00551	0.00275	0.00488
16	0.00858	0.00701	0.01003	0.00970	0.01067	0.00763	0.04956	0.04692	0.01098	0.01498	0.04767	0.41134	0.04941	0.01560	0.07131	0.00264	0.12728	0.08938	0.00426	0.00504
17	0.01325	0.01226	0.02034	0.06133	0.67870	0.01244	0.01540	0.01717	0.06362	0.03789	0.01100	0.01371	0.00897	0.00495	0.00525	0.00159	0.00612	0.00481	0.00290	0.00829
18	0.01096	0.00940	0.01096	0.00783	0.01253	0.00705	0.00626	0.01331	0.01096	0.01723	0.00940	0.01096	0.00783	0.00392	0.00392	0.00078	0.00392	0.00313	0.00313	0.84653
19	0.01221	0.01306	0.02595	0.02015	0.09562	0.01194	0.52987	0.01609	0.01211	0.01703	0.01035	0.01344	0.00801	0.00436	0.00565	0.00155	0.00759	0.00543	0.00277	0.18682
20	0.01209	0.01401	0.11446	0.01684	0.02071	0.02630	0.36754	0.01558	0.01177	0.05666	0.08481	0.04434	0.01288	0.00667	0.00829	0.00186	0.16918	0.00617	0.00313	0.00671
21	0.00843	0.00626	0.00780	0.00802	0.00929	0.00590	0.00578	0.08107	0.01176	0.01600	0.02507	0.59228	0.02887	0.01391	0.00629	0.00194	0.00354	0.05493	0.00472	0.10814
22	0.01458	0.63643	0.09701	0.01015	0.01482	0.08341	0.01017	0.05539	0.01187	0.01397	0.00790	0.00904	0.00689	0.00474	0.00376	0.00122	0.00618	0.00308	0.00245	0.00694
23	0.85155	0.01022	0.00777	0.00695	0.01022	0.01186	0.00573	0.01554	0.00900	0.02372	0.00736	0.00859	0.00573	0.00491	0.00327	0.00164	0.00409	0.00286	0.00327	0.00573
24	0.00658	0.00474	0.00626	0.00743	0.00780	0.00448	0.00498	0.00780	0.02608	0.01368	0.02898	0.79418	0.03457	0.01637	0.00672	0.00214	0.00309	0.01484	0.00492	0.00438
25	0.00766	0.00514	0.00588	0.00591	0.00595	0.00517	0.00337	0.00775	0.00777	0.01040	0.01682	0.05014	0.01931	0.76680	0.05703	0.00520	0.00544	0.00776	0.00322	0.00329
26	0.01231	0.01541	0.09743	0.02165	0.02721	0.01327	0.69695	0.01692	0.01236	0.01692	0.01059	0.01399	0.00791	0.00451	0.00613	0.00177	0.00882	0.00603	0.00264	0.00719
27	0.00772	0.00560	0.00816	0.00816	0.00910	0.00645	0.00630	0.00960	0.00866	0.01276	0.01445	0.02106	0.01340	0.05782	0.71505	0.00787	0.01306	0.00566	0.06439	0.00469
28	0.00644	0.00460	0.00613	0.00736	0.00767	0.00429	0.00491	0.00736	0.01012	0.01350	0.02914	0.81076	0.03497	0.01656	0.00675	0.00215	0.00307	0.01503	0.00491	0.00429
29	0.01821	0.01162	0.01328	0.01077	0.01432	0.01232	0.00879	0.38369	0.11848	0.20555	0.04245	0.05547	0.01487	0.00768	0.00554	0.00171	0.00500	0.05642	0.00557	0.00828
30	0.01457	0.00989	0.01138	0.01023	0.01314	0.01071	0.00820	0.02450	0.47335	0.18469	0.03631	0.02614	0.01840	0.00830	0.00569	0.00186	0.00433	0.12489	0.00555	0.00788
31	0.00724	0.00537	0.00674	0.00645	0.00776	0.00488	0.00482	0.00949	0.01432	0.01977	0.63077	0.06387	0.17611	0.01142	0.00625	0.00170	0.00254	0.01000	0.00563	0.00488
32	0.00775	0.00512	0.00574	0.00574	0.00578	0.00512	0.00322	0.00782	0.00778	0.01051	0.01667	0.03418	0.01906	0.79172	0.02626	0.00502	0.00505	0.00761	0.02659	0.00325
33	0.07612	0.00926	0.01203	0.00934	0.01335	0.00837	0.00770	0.03793	0.04144	0.69660	0.01988	0.01736	0.01265	0.00646	0.00519	0.00164	0.00448	0.00517	0.00627	0.00877
34	0.01394	0.01153	0.01224	0.01082	0.01393	0.01322	0.00847	0.07985	0.69720	0.04495	0.02088	0.01918	0.01555	0.00710	0.00537	0.00177	0.00431	0.00587	0.00541	0.00843
35	0.01413	0.81739	0.02770	0.00905	0.01357	0.02092	0.00905	0.01583	0.01074	0.01244	0.00735	0.00848	0.00678	0.00452	0.00339	0.00113	0.00565	0.00283	0.00226	0.00678
36	0.00647	0.00463	0.00616	0.00734	0.00767	0.00432	0.00491	0.00744	0.01027	0.01374	0.05259	0.78662	0.03543	0.01638	0.00673	0.00213	0.00305	0.01486	0.00494	0.00432
37	0.01113	0.01113	0.01738	0.01436	0.01530	0.01428	0.13170	0.01283	0.00887	0.01330	0.00901	0.03326	0.00874	0.03933	0.07803	0.00282	0.56490	0.00533	0.00251	0.00579
38	0.01991	0.01472	0.01576	0.01213	0.01632	0.01631	0.01000	0.74402	0.04474	0.03302	0.01293	0.01288	0.00918	0.00637	0.00529	0.00159	0.00577	0.00479	0.00529	0.00897
39	0.00998	0.00940	0.01586	0.80150	0.03641	0.01175	0.01468	0.01351	0.01057	0.01351	0.00940	0.01409	0.00705	0.00529	0.00529	0.00176	0.00705	0.00470	0.00235	0.00587
40	0.09620	0.01304	0.01433	0.05641	0.05634	0.08401	0.03577	0.25658	0.12268	0.16581	0.01426	0.01434	0.01020	0.00606	0.00505	0.00161	0.00563	0.00478	0.02894	0.00795
41	0.00768	0.00513	0.00580	0.00579	0.00582	0.00512	0.00325	0.00774	0.00787	0.01052	0.03545	0.03472	0.01998	0.79439	0.02640	0.00504	0.00506	0.00773	0.00327	0.00325
42	0.00653	0.00473	0.00617	0.00716	0.00765	0.00437	0.00486	0.00762	0.01071	0.01428	0.10158	0.68708	0.08612	0.01581	0.00667	0.00208	0.00299	0.01425	0.00499	0.00437
43	0.01176	0.01312	0.04481	0.23121	0.06099	0.01297	0.48696	0.01584	0.01177	0.01588	0.01016	0.01400	0.00771	0.00486	0.00628	0.00178	0.03487	0.00565	0.00256	0.00682
44	0.00644	0.00460	0.00613	0.00736	0.00767	0.00429	0.00491	0.00736	0.01012	0.01350	0.02914	0.81076	0.03497	0.01656	0.00675	0.00215	0.00307	0.01503	0.00491	0.00429
45	0.01098	0.00946	0.01111	0.00801	0.01257	0.00731	0.00642	0.01329	0.01088	0.01710	0.00932	0.01098	0.00780	0.00407	0.00431	0.00083	0.02717	0.00318	0.00311	0.82211
46	0.01242	0.01183	0.01985	0.19794	0.58791	0.01241	0.01556	0.01613	0.04356	0.01666	0.01031	0.01358	0.00841	0.00494	0.00525	0.00162	0.00636	0.00476	0.00267	0.00783
47	0.01370	0.01068	0.01212	0.00912	0.01349	0.00967	0.00734	0.16401	0.10535	0.06136	0.01211	0.01273	0.00933	0.00493	0.00444	0.00111	0.00435	0.00391	0.00401	0.53624
48	0.01104	0.00678	0.00850	0.00775	0.00962	0.00649	0.00590	0.05297	0.06810	0.14893	0.38885	0.16844	0.07382	0.01073	0.00606	0.00175	0.00324	0.00938	0.00568	0.00597
49	0.85155	0.01022	0.00777	0.00695	0.01022	0.01186	0.00573	0.01554	0.00900	0.02372	0.00736	0.00859	0.00573	0.00491	0.00327	0.00164	0.00409	0.00286	0.00327	0.00573
50	0.00748	0.00540	0.00707	0.00665	0.00790	0.00499	0.00499	0.00998	0.01496	0.02120	0.77844	0.03949	0.04988	0.01081	0.00624	0.00166	0.00249	0.00956	0.00582	0.00499
51	0.01413	0.81739	0.02770	0.00905	0.01357	0.02092	0.00905	0.01583	0.01074	0.01244	0.00735	0.00848	0.00678	0.00452	0.00339	0.00113	0.00565	0.00283	0.00226	0.00678
52	0.00769	0.00513	0.00577	0.00577	0.00577	0.00513	0.00320	0.00769	0.00769	0.01025	0.01666	0.03460	0.01922	0.81421	0.02691	0.00513	0.00513	0.00769	0.00320	0.00320
53	0.00998	0.00940	0.01586	0.80150	0.03641	0.01175	0.01468	0.01351	0.01057	0.01351	0.00940	0.01409	0.00705	0.00529	0.00529	0.00176	0.00705	0.00470	0.00235	0.00587
54	0.02372	0.00900	0.01227	0.00941	0.01350	0.00777	0.00777	0.02576	0.01513	0.78489	0.02086	0.01799	0.01309	0.00654	0.00532	0.00164	0.00450	0.00532	0.00654	0.00900
55	0.02010	0.01481	0.01587	0.01216	0.01639	0.01639	0.01005	0.76360	0.02486	0.03332	0.01269	0.01269	0.00899	0.00635	0.00529	0.00159	0.00582	0.00476	0.00529	0.00899
56	0.00985	0.00493	0.00493	0.00493	0.00616	0.00493	0.00370	0.01232	0.01109	0.01971	0.01725	0.01971	0.01355	0.00616	0.00370	0.00123	0.00246	0.00493	0.84356	0.00493
57	0.00769	0.00513	0.00577	0.00577	0.00577	0.00513	0.00320	0.00769	0.00769	0.01025	0.01666	0.03460	0.01922	0.81421	0.02691	0.00513	0.00513	0.00769	0.00320	0.00320
58	0.00985	0.00493	0.00493	0.00493	0.00616	0.00493	0.00370	0.01232	0.01109	0.01971	0.01725	0.01971	0.01355	0.00616	0.00370	0.00123	0.00246	0.00493	0.84356	0.00493
59	0.01157	0.01157	0.01619	0.01388	0.01388	0.01619	0.01157	0.01272	0.00810	0.01272	0.00694	0.01157	0.00694	0.00925	0.01735	0.00231	0.80453	0.00463	0.00231	0.00578
60	0.01417	0.01329	0.02204	0.03279	0.76843	0.01313	0.01654	0.01695	0.01272	0.01828	0.01106	0.01460	0.00943	0.00547	0.00571	0.00178	0.00663	0.00507	0.00301	0.00891
61	0.01457	0.01589	0.05156	0.05168	0.42367	0.18371	0.05865	0.05485	0.04934	0.01715	0.01054	0.01339	0.00865	0.00525	0.00523	0.00157	0.00710	0.01662	0.00292	0.00767
62	0.01342	0.01146	0.01212	0.01071	0.01384	0.01306	0.00837	0.06615	0.70053	0.02250	0.02054	0.01899	0.01541	0.00699	0.00531	0.00174	0.00426	0.00579	0.00528	0.04353
63	0.00625	0.00536	0.00536	0.00536	0.00714	0.00446	0.00402	0.00759	0.01205	0.01428	0.05355	0.05088	0.77909	0.01339	0.00625	0.00179	0.00268	0.01116	0.00491	0.00446
64	0.04942	0.75844	0.02650	0.00906	0.01352	0.02040	0.00894	0.03922	0.01111	0.01356	0.00752	0.00862	0.00681	0.00460	0.00345	0.00117	0.00559	0.00289	0.00240	0.00681
65	0.00857	0.00616	0.00854	0.00971	0.01094	0.00619	0.00844	0.01123	0.02788	0.01590	0.02788	0.07428	0.03022	0.01449	0.00725	0.00241	0.00482	0.71525	0.00488	0.00493
66	0.85155	0.01022	0.00777	0.00695	0.01022	0.01186	0.00573	0.01554	0.00900	0.02372	0.00736	0.00859	0.00573	0.00491	0.00327	0.00164	0.00409	0.00286	0.00327	0.00573
67	0.00758	0.00557	0.00802	0.00802	0.00880	0.00635	0.00601	0.00913	0.00835	0.01192	0.01460	0.02319	0.01427	0.17539	0.65896	0.00791	0.01258	0.00602	0.00290	0.00445
68	0.00687	0.00538	0.00622	0.00601	0.00752	0.00473	0.00451	0.00880	0.01353	0.01779	0.42141	0.04510	0.40905	0.01208	0.00624	0.00172	0.00258	0.01035	0.00537	0.00473
69	0.00985	0.00493	0.00493	0.00493	0.00616	0.00493	0.00370	0.01232	0.01109	0.01971	0.01725	0.01971	0.01355	0.00616	0.00370	0.00123	0.00246	0.00493	0.84356	0.00493
70	0.02010	0.01481	0.01587	0.01216	0.01639	0.01639	0.01005	0.76360	0.02486	0.03332	0.01269	0.01269	0.00899	0.00635	0.00529	0.00159	0.00582	0.00476	0.00529	0.00899
71	0.00745	0.00540	0.00702	0.00661	0.00788	0.00497	0.00496	0.00991	0.01488	0.02100	0.75750	0.03982	0.07095	0.01088	0.00624	0.00167	0.00250	0.00961	0.00579	0.00497
72	0.00985	0.00493	0.00493	0.00493	0.00616	0.00493	0.00370	0.01232	0.01109	0.01971	0.01725	0.01971	0.01355	0.00616	0.00370	0.00123	0.00246	0.00493	0.84356	0.00493
73	0.00644	0.00460	0.00613	0.00736	0.00767	0.00429	0.00491	0.00736	0.01012	0.01350	0.02914	0.81076	0.03497	0.01656	0.00675	0.00215	0.00307	0.01503	0.00491	0.00429
