[name]
unknown

[dist]
# distance from previous block
# <min> <max>
0	55

[block]
# block no. 0 follows, 45 sequences, length 6
# corresponding to MSA columns:
# 55-60
name=unknown_A
#
# <colnr> <probs for GDERKNQSTAVLIFYWHMCP>
#	G	D	E	R	K	N	Q	S	T	A	V	L	I	F	Y	W	H	M	C	P
0	0.00919	0.00666	0.00826	0.00780	0.00950	0.00642	0.00603	0.05243	0.06435	0.04054	0.43512	0.11473	0.08133	0.01125	0.00628	0.00180	0.00328	0.09082	0.00551	0.03872
1	0.04541	0.09291	0.46658	0.03943	0.02020	0.01242	0.03734	0.01598	0.01108	0.01674	0.00927	0.01115	0.00704	0.00499	0.00517	0.00151	0.03529	0.00380	0.00250	0.16118
2	0.01138	0.01070	0.04537	0.30745	0.09878	0.01136	0.03875	0.06790	0.15129	0.01776	0.05264	0.06293	0.01466	0.03580	0.00643	0.00194	0.00591	0.04853	0.00369	0.00674
3	0.00754	0.00525	0.00578	0.00578	0.00611	0.00508	0.00340	0.00779	0.00862	0.01116	0.02379	0.03816	0.15840	0.66483	0.02347	0.00458	0.00475	0.00845	0.00357	0.00349
4	0.00815	0.00589	0.00690	0.00658	0.00752	0.00539	0.00418	0.00879	0.00893	0.01240	0.01820	0.19169	0.02072	0.49755	0.01877	0.00376	0.00454	0.00851	0.00360	0.15793
5	0.01240	0.03645	0.01066	0.00872	0.01130	0.02760	0.00672	0.18162	0.04131	0.05043	0.05672	0.21414	0.04889	0.04169	0.00667	0.02232	0.00428	0.00773	0.06044	0.14991

[dist]
# distance from previous block
# <min> <max>
5	23

[block]
# block no. 1 follows, 45 sequences, length 31
# corresponding to MSA columns:
# 84-114
name=unknown_B
#
# <colnr> <probs for GDERKNQSTAVLIFYWHMCP>
#	G	D	E	R	K	N	Q	S	T	A	V	L	I	F	Y	W	H	M	C	P
0	0.04316	0.07224	0.10875	0.08610	0.01739	0.01236	0.05303	0.15198	0.06676	0.03386	0.01216	0.01492	0.00973	0.02111	0.05675	0.00207	0.05106	0.01842	0.04789	0.12025
1	0.01448	0.13965	0.10733	0.07739	0.06147	0.06307	0.06226	0.16384	0.05839	0.04442	0.02767	0.02844	0.01021	0.00597	0.00536	0.00156	0.03172	0.00477	0.05773	0.03426
2	0.04377	0.08141	0.07489	0.07498	0.01648	0.06958	0.00983	0.24675	0.07625	0.04822	0.04037	0.01615	0.05151	0.00744	0.02966	0.00175	0.00594	0.00495	0.02161	0.07845
3	0.08518	0.22755	0.06355	0.01169	0.01548	0.06767	0.08597	0.05555	0.11167	0.08212	0.01276	0.06396	0.01071	0.00646	0.00569	0.00161	0.06260	0.00500	0.00359	0.02120
4	0.08523	0.03085	0.06870	0.01396	0.08863	0.09791	0.08691	0.18210	0.01486	0.03530	0.01045	0.01202	0.00811	0.00583	0.02151	0.00155	0.00634	0.00418	0.00352	0.22208
5	0.00708	0.00552	0.00673	0.03564	0.00907	0.00516	0.00539	0.00888	0.02889	0.01516	0.11442	0.31475	0.31323	0.03003	0.00698	0.00206	0.00329	0.07810	0.00496	0.00468
6	0.01210	0.00906	0.01105	0.07230	0.03471	0.00973	0.00851	0.10242	0.22547	0.07114	0.02488	0.13913	0.09001	0.01034	0.00610	0.00196	0.00459	0.15474	0.00500	0.00676
7	0.00686	0.00507	0.00699	0.06960	0.01003	0.00498	0.00571	0.00797	0.01024	0.01361	0.02766	0.72385	0.03283	0.03816	0.00731	0.00223	0.00349	0.01423	0.00473	0.00446
8	0.00719	0.00542	0.00738	0.06963	0.01041	0.00518	0.00586	0.00853	0.01069	0.01446	0.07581	0.64336	0.03249	0.01470	0.00651	0.00203	0.00345	0.01329	0.00472	0.05886
9	0.01792	0.01310	0.01469	0.07337	0.01695	0.01450	0.00979	0.57018	0.04581	0.04505	0.01414	0.06505	0.01111	0.00750	0.00600	0.03227	0.00562	0.00555	0.02320	0.00821
10	0.72891	0.01145	0.06891	0.00781	0.01134	0.01173	0.00697	0.01547	0.00928	0.02278	0.00809	0.00973	0.00638	0.00727	0.05436	0.00211	0.00511	0.00317	0.00321	0.00591
11	0.01163	0.00971	0.01127	0.00822	0.01273	0.00777	0.00658	0.07197	0.01250	0.01904	0.05933	0.01314	0.01081	0.00462	0.00424	0.00092	0.00403	0.00373	0.00353	0.72425
12	0.01145	0.00913	0.01060	0.00793	0.01201	0.00732	0.00624	0.05359	0.01197	0.04551	0.02994	0.02936	0.05665	0.05738	0.00585	0.00126	0.00406	0.00448	0.00363	0.63163
13	0.01819	0.01200	0.01268	0.01011	0.01354	0.04049	0.00821	0.43815	0.01988	0.13168	0.01506	0.01536	0.01082	0.00639	0.00493	0.00152	0.00497	0.00490	0.22316	0.00795
14	0.01443	0.00962	0.01059	0.07049	0.01308	0.01049	0.00737	0.33015	0.01716	0.02539	0.01492	0.01654	0.01127	0.00626	0.00457	0.00145	0.00431	0.00491	0.42015	0.00683
15	0.84927	0.01038	0.00789	0.00706	0.01038	0.01204	0.00581	0.01578	0.00914	0.02408	0.00747	0.00872	0.00581	0.00498	0.00332	0.00166	0.00415	0.00291	0.00332	0.00581
16	0.01329	0.01275	0.02179	0.03295	0.77787	0.01275	0.01647	0.01647	0.01222	0.01754	0.01010	0.01329	0.00850	0.00478	0.00531	0.00159	0.00638	0.00478	0.00266	0.00850
17	0.01357	0.01164	0.01226	0.01097	0.01404	0.01345	0.00855	0.05096	0.74538	0.02280	0.02157	0.01981	0.01616	0.00726	0.00546	0.00181	0.00430	0.00603	0.00546	0.00852
18	0.02041	0.01504	0.01611	0.01235	0.01665	0.01665	0.01020	0.75997	0.02524	0.03383	0.01289	0.01289	0.00913	0.00644	0.00537	0.00161	0.00591	0.00483	0.00537	0.00913
19	0.00654	0.00467	0.00623	0.00747	0.00779	0.00436	0.00498	0.00747	0.01028	0.01370	0.02959	0.80785	0.03550	0.01682	0.00685	0.00218	0.00311	0.01526	0.00498	0.00436
20	0.00659	0.00473	0.00626	0.00738	0.00778	0.00440	0.00496	0.00762	0.01058	0.01413	0.06848	0.74787	0.05646	0.01643	0.00681	0.00214	0.00307	0.01487	0.00503	0.00440
21	0.00773	0.00517	0.00588	0.00595	0.00597	0.00515	0.00336	0.00779	0.00796	0.01061	0.01768	0.08217	0.02049	0.76298	0.02608	0.00502	0.00508	0.00826	0.00336	0.00332
22	0.01267	0.01448	0.03167	0.02262	0.02805	0.01357	0.75837	0.01719	0.01267	0.01719	0.01086	0.01448	0.00814	0.00452	0.00633	0.00181	0.00905	0.00633	0.00271	0.00724
23	0.00776	0.00522	0.00602	0.00606	0.00612	0.00527	0.00350	0.00790	0.00792	0.01062	0.01713	0.05616	0.01962	0.74496	0.07022	0.00531	0.00567	0.00790	0.00328	0.00337
24	0.02408	0.00914	0.01246	0.00955	0.01370	0.00789	0.00789	0.02616	0.01536	0.78158	0.02118	0.01827	0.01329	0.00664	0.00540	0.00166	0.00457	0.00540	0.00664	0.00914
25	0.00719	0.00523	0.00622	0.00644	0.00710	0.00504	0.00428	0.00806	0.00987	0.01293	0.07613	0.18770	0.19851	0.33703	0.10110	0.00399	0.00506	0.00996	0.00412	0.00405
26	0.02005	0.02558	0.01521	0.01383	0.01659	0.78980	0.01037	0.02143	0.01521	0.01314	0.00830	0.00968	0.00691	0.00553	0.00484	0.00138	0.00968	0.00346	0.00277	0.00622
27	0.01300	0.01087	0.06118	0.12274	0.01583	0.03193	0.00894	0.22062	0.03150	0.05099	0.08712	0.07555	0.08817	0.00881	0.02464	0.00183	0.00514	0.00660	0.12789	0.00665
28	0.04543	0.00915	0.01209	0.00941	0.01342	0.00812	0.00774	0.02538	0.04613	0.70514	0.02190	0.01916	0.03769	0.00685	0.00537	0.00167	0.00448	0.00555	0.00645	0.00887
29	0.01399	0.00984	0.01234	0.02835	0.07826	0.01051	0.00870	0.17660	0.11683	0.12577	0.07101	0.16409	0.05446	0.00999	0.02117	0.00197	0.05628	0.02770	0.00496	0.00717
30	0.07696	0.06912	0.24813	0.02662	0.01873	0.08767	0.09272	0.06001	0.01324	0.20066	0.01216	0.01296	0.00859	0.00569	0.00564	0.00166	0.04362	0.00446	0.00367	0.00770

[dist]
# distance from previous block
# <min> <max>
0	12

[block]
# block no. 2 follows, 45 sequences, length 26
# corresponding to MSA columns:
# 127-152
name=unknown_C
#
# <colnr> <probs for GDERKNQSTAVLIFYWHMCP>
#	G	D	E	R	K	N	Q	S	T	A	V	L	I	F	Y	W	H	M	C	P
0	0.24793	0.04994	0.03888	0.17046	0.04959	0.08063	0.01014	0.10643	0.02516	0.04770	0.00968	0.01161	0.00746	0.00554	0.00525	0.00161	0.05196	0.00394	0.00331	0.07279
1	0.08694	0.08469	0.02526	0.05795	0.11401	0.18859	0.03572	0.09054	0.02801	0.07568	0.01104	0.01395	0.00913	0.06572	0.03265	0.00206	0.04862	0.00449	0.00336	0.02158
2	0.00823	0.00563	0.00733	0.00682	0.00823	0.00516	0.00515	0.01071	0.01511	0.05237	0.72081	0.03958	0.07268	0.01088	0.00629	0.00169	0.00262	0.00958	0.00591	0.00521
3	0.00805	0.00604	0.00753	0.00715	0.00859	0.00580	0.00540	0.01163	0.08419	0.02084	0.62390	0.05820	0.09276	0.01103	0.00629	0.00174	0.00277	0.02700	0.00576	0.00533
4	0.00772	0.00522	0.00583	0.00583	0.00593	0.00517	0.00330	0.00780	0.00806	0.01064	0.01902	0.03606	0.06205	0.76648	0.02614	0.00501	0.00506	0.00800	0.00335	0.00332
5	0.00655	0.00540	0.00579	0.00605	0.00762	0.00464	0.00455	0.00794	0.01199	0.01452	0.04916	0.15020	0.62223	0.01411	0.00649	0.00191	0.00294	0.06841	0.00498	0.00454
6	0.01048	0.00546	0.00551	0.00534	0.00673	0.00554	0.00405	0.04690	0.01190	0.02065	0.01730	0.01968	0.01355	0.00626	0.00383	0.00127	0.00266	0.00500	0.80269	0.00519
7	0.01832	0.01943	0.01624	0.04877	0.09897	0.39363	0.01124	0.22454	0.02858	0.01949	0.00994	0.01145	0.00786	0.00599	0.00596	0.00156	0.06312	0.00416	0.00347	0.00727
8	0.01105	0.01040	0.01726	0.53548	0.23375	0.01180	0.01470	0.01444	0.01116	0.01502	0.00969	0.01380	0.00757	0.00511	0.00525	0.00166	0.00671	0.00466	0.00252	0.06796
9	0.09315	0.01180	0.03028	0.32425	0.09670	0.01302	0.14685	0.08251	0.01216	0.01763	0.00969	0.01317	0.00752	0.00556	0.00648	0.00177	0.08441	0.00480	0.00285	0.03538
10	0.01205	0.01106	0.01765	0.45813	0.26505	0.01261	0.01469	0.07000	0.05486	0.01687	0.01065	0.01421	0.00824	0.00537	0.00536	0.00172	0.00666	0.00485	0.00286	0.00713
11	0.00682	0.00488	0.00629	0.00730	0.00772	0.00459	0.00494	0.00776	0.01021	0.01348	0.02934	0.61990	0.07586	0.11703	0.00945	0.00256	0.00347	0.05939	0.00476	0.00427
12	0.01185	0.14827	0.58187	0.01475	0.02184	0.01408	0.07005	0.04724	0.01193	0.01702	0.00952	0.01120	0.00700	0.00504	0.00494	0.00162	0.00759	0.00400	0.00243	0.00777
13	0.01762	0.01692	0.07021	0.01207	0.01559	0.23566	0.01004	0.20168	0.15962	0.10901	0.03209	0.01515	0.01146	0.02676	0.02175	0.00184	0.02557	0.00488	0.00440	0.00769
14	0.01486	0.01511	0.01986	0.07103	0.54232	0.15720	0.01482	0.06860	0.01359	0.01763	0.00992	0.01265	0.00818	0.00507	0.00523	0.00157	0.00700	0.00454	0.00285	0.00798
15	0.01107	0.00943	0.01119	0.03693	0.01346	0.00739	0.00669	0.02838	0.01136	0.01751	0.01054	0.04813	0.00922	0.00467	0.00419	0.00091	0.00409	0.00383	0.00328	0.75774
16	0.01113	0.00954	0.01113	0.00795	0.01272	0.00716	0.00636	0.01352	0.01113	0.01749	0.00954	0.01113	0.00795	0.00398	0.00398	0.00080	0.00398	0.00318	0.00318	0.84417
17	0.00788	0.00536	0.00674	0.00678	0.00721	0.00567	0.00452	0.00874	0.00842	0.01192	0.01653	0.05569	0.01758	0.46473	0.28265	0.00597	0.00804	0.00716	0.06448	0.00394
18	0.00658	0.00469	0.00622	0.00742	0.00772	0.00439	0.00492	0.00749	0.01019	0.01359	0.02915	0.78100	0.03495	0.04442	0.00756	0.00229	0.00319	0.01500	0.00492	0.00432
19	0.01937	0.01353	0.01478	0.01142	0.01550	0.01458	0.00939	0.60601	0.02271	0.09981	0.01555	0.01537	0.04507	0.00720	0.01697	0.00169	0.00563	0.00514	0.02162	0.03867
20	0.01268	0.01449	0.04965	0.02363	0.13607	0.01352	0.60568	0.01694	0.01242	0.01709	0.01059	0.01413	0.00812	0.00474	0.00654	0.00179	0.03585	0.00599	0.00268	0.00739
21	0.71416	0.04611	0.00973	0.02865	0.01181	0.02901	0.00661	0.06893	0.01053	0.02378	0.00793	0.00918	0.00616	0.00509	0.00356	0.00163	0.00454	0.00310	0.00339	0.00611
22	0.00702	0.00565	0.00628	0.00609	0.00774	0.00500	0.00457	0.00923	0.03692	0.01730	0.31505	0.04647	0.48869	0.01245	0.00631	0.00177	0.00270	0.01058	0.00534	0.00485
23	0.01471	0.75641	0.04750	0.00936	0.01403	0.02039	0.00941	0.01656	0.01112	0.04830	0.00815	0.00913	0.00718	0.00470	0.00358	0.00119	0.00574	0.00302	0.00250	0.00702
24	0.01197	0.00961	0.01124	0.00822	0.01276	0.00758	0.00657	0.04497	0.02332	0.05224	0.02280	0.02970	0.00964	0.00464	0.00422	0.00093	0.00404	0.00376	0.00354	0.72825
25	0.03347	0.04054	0.07225	0.01223	0.01675	0.01596	0.01067	0.62397	0.03717	0.06419	0.01292	0.01294	0.00915	0.00629	0.00526	0.00161	0.00593	0.00472	0.00507	0.00890

[dist]
# distance from previous block
# <min> <max>
1	3

[block]
# block no. 3 follows, 45 sequences, length 13
# corresponding to MSA columns:
# 156-168
name=unknown_D
#
# <colnr> <probs for GDERKNQSTAVLIFYWHMCP>
#	G	D	E	R	K	N	Q	S	T	A	V	L	I	F	Y	W	H	M	C	P
0	0.06246	0.41534	0.14009	0.01073	0.01543	0.04079	0.01072	0.10324	0.03427	0.03402	0.00925	0.01037	0.00755	0.00524	0.00470	0.00139	0.04062	0.00353	0.00295	0.04729
1	0.00996	0.00662	0.00810	0.00764	0.00942	0.00636	0.00580	0.01374	0.11604	0.10669	0.34605	0.14901	0.14906	0.01134	0.00622	0.00182	0.00318	0.03151	0.00563	0.00581
2	0.00746	0.00511	0.00591	0.00616	0.00633	0.00499	0.00365	0.00773	0.00857	0.01132	0.02173	0.19358	0.06790	0.60183	0.02190	0.00439	0.00463	0.00954	0.00371	0.00355
3	0.04184	0.03031	0.07360	0.12114	0.06062	0.13764	0.29685	0.01726	0.01220	0.05260	0.01005	0.01300	0.00777	0.00551	0.00689	0.00176	0.09623	0.00503	0.00281	0.00690
4	0.01014	0.00955	0.01604	0.65090	0.05750	0.01169	0.03603	0.01341	0.01067	0.01390	0.01093	0.07204	0.00929	0.00637	0.00616	0.00184	0.04940	0.00558	0.00259	0.00596
5	0.00645	0.00544	0.00558	0.00554	0.00731	0.00457	0.00416	0.00790	0.01248	0.01507	0.11302	0.05072	0.71669	0.01338	0.00634	0.00180	0.00270	0.01120	0.00506	0.00457
6	0.01246	0.01383	0.04380	0.05807	0.09439	0.01382	0.48950	0.01686	0.04825	0.01666	0.01065	0.01414	0.00833	0.00547	0.00783	0.00187	0.12833	0.00580	0.00276	0.00716
7	0.00791	0.00594	0.00761	0.00845	0.00987	0.00565	0.00718	0.01002	0.01232	0.01556	0.03680	0.05768	0.27118	0.01443	0.00707	0.00226	0.00423	0.50610	0.00496	0.00481
8	0.01329	0.01275	0.02179	0.03295	0.77787	0.01275	0.01647	0.01647	0.01222	0.01754	0.01010	0.01329	0.00850	0.00478	0.00531	0.00159	0.00638	0.00478	0.00266	0.00850
9	0.00767	0.00575	0.00863	0.00863	0.00959	0.00671	0.00671	0.00959	0.00863	0.01246	0.01438	0.02109	0.01342	0.04026	0.79008	0.00863	0.01438	0.00575	0.00288	0.00479
10	0.00769	0.00553	0.00677	0.00652	0.00796	0.00495	0.00486	0.00974	0.01394	0.04383	0.48035	0.10483	0.25911	0.01207	0.00635	0.00176	0.00270	0.01049	0.00559	0.00499
11	0.01278	0.26673	0.39280	0.05182	0.05501	0.08282	0.01514	0.01681	0.01147	0.01508	0.00880	0.01060	0.00694	0.00509	0.00492	0.00152	0.02829	0.00368	0.00234	0.00734
12	0.03591	0.70895	0.04682	0.00968	0.01405	0.04533	0.00954	0.01611	0.01088	0.01307	0.00753	0.00887	0.00687	0.00488	0.00421	0.00124	0.04391	0.00301	0.00234	0.00682

[dist]
# distance from previous block
# <min> <max>
0	2

[block]
# block no. 4 follows, 45 sequences, length 14
# corresponding to MSA columns:
# 171-184
name=unknown_E
#
# <colnr> <probs for GDERKNQSTAVLIFYWHMCP>
#	G	D	E	R	K	N	Q	S	T	A	V	L	I	F	Y	W	H	M	C	P
0	0.06092	0.47017	0.12979	0.00960	0.01379	0.01595	0.00976	0.01476	0.01104	0.01485	0.09086	0.01390	0.01230	0.00974	0.10023	0.00223	0.00667	0.00411	0.00281	0.00652
1	0.01148	0.16041	0.55328	0.01474	0.02164	0.01385	0.09326	0.01665	0.01152	0.01641	0.03293	0.01207	0.00830	0.00513	0.00498	0.00162	0.00751	0.00420	0.00243	0.00760
2	0.61423	0.07601	0.13153	0.00863	0.01282	0.01264	0.00838	0.01647	0.00991	0.05692	0.00844	0.00956	0.00640	0.00505	0.00371	0.00163	0.00489	0.00318	0.00323	0.00638
3	0.00651	0.00533	0.00576	0.00599	0.00750	0.00458	0.00442	0.00789	0.01205	0.01476	0.08507	0.18129	0.58956	0.01406	0.00646	0.00189	0.00285	0.03446	0.00503	0.00454
4	0.01264	0.01265	0.01753	0.21330	0.39078	0.10694	0.01373	0.01594	0.03516	0.01644	0.07486	0.01684	0.03828	0.00591	0.00539	0.00164	0.00646	0.00529	0.00304	0.00718
5	0.01387	0.07997	0.02183	0.02959	0.65918	0.07013	0.01543	0.01680	0.01233	0.01681	0.00975	0.01264	0.00825	0.00482	0.00513	0.00154	0.00657	0.00453	0.00264	0.00820
6	0.00768	0.00571	0.00842	0.00842	0.00931	0.00660	0.00645	0.00945	0.00857	0.01231	0.01457	0.02214	0.01387	0.09781	0.73315	0.00837	0.01369	0.00590	0.00290	0.00468
7	0.00769	0.00515	0.00589	0.00600	0.00603	0.00513	0.00341	0.00778	0.00803	0.01071	0.01808	0.10649	0.02099	0.73798	0.02543	0.00492	0.00501	0.00849	0.00341	0.00335
8	0.02367	0.00980	0.01287	0.00986	0.01403	0.00887	0.00815	0.10842	0.01647	0.69776	0.02025	0.01767	0.01282	0.00662	0.00539	0.00166	0.00472	0.00533	0.00650	0.00913
9	0.10029	0.00925	0.01204	0.00932	0.01340	0.00827	0.00770	0.02520	0.01479	0.71163	0.01991	0.01739	0.01260	0.00649	0.00521	0.00166	0.00453	0.00517	0.00634	0.00883
10	0.00781	0.00520	0.00585	0.00585	0.00585	0.00520	0.00325	0.00781	0.00781	0.01041	0.01691	0.03513	0.01952	0.81135	0.02732	0.00520	0.00520	0.00781	0.00325	0.00325
11	0.01174	0.01174	0.01644	0.01409	0.01409	0.01644	0.01174	0.01292	0.00822	0.01292	0.00705	0.01174	0.00705	0.00940	0.01762	0.00235	0.80153	0.00470	0.00235	0.00587
12	0.00697	0.00514	0.00710	0.00794	0.00855	0.00482	0.02408	0.00820	0.01075	0.01430	0.06171	0.63625	0.06102	0.03655	0.00738	0.00224	0.00345	0.08413	0.00492	0.00450
13	0.01002	0.00935	0.01373	0.01257	0.03103	0.01200	0.04177	0.01150	0.00898	0.01327	0.01299	0.16284	0.01375	0.01671	0.17107	0.00355	0.43946	0.00696	0.00297	0.00549

[dist]
# distance from previous block
# <min> <max>
0	2

[block]
# block no. 5 follows, 45 sequences, length 18
# corresponding to MSA columns:
# 187-204
name=unknown_F
#
# <colnr> <probs for GDERKNQSTAVLIFYWHMCP>
#	G	D	E	R	K	N	Q	S	T	A	V	L	I	F	Y	W	H	M	C	P
0	0.04607	0.48284	0.10208	0.04067	0.05182	0.05671	0.03622	0.05911	0.01204	0.01526	0.00990	0.01129	0.03244	0.00522	0.00437	0.00137	0.01919	0.00371	0.00266	0.00701
1	0.01416	0.12846	0.03106	0.03205	0.11244	0.11290	0.04079	0.08637	0.14822	0.03143	0.01389	0.05441	0.01197	0.00651	0.00507	0.00153	0.00587	0.04400	0.00373	0.11514
2	0.00948	0.00598	0.00706	0.00672	0.00768	0.00567	0.00441	0.02741	0.00989	0.08525	0.02221	0.14324	0.09297	0.46846	0.03696	0.00389	0.00478	0.00863	0.00402	0.04527
3	0.01113	0.00954	0.01113	0.00795	0.01272	0.00716	0.00636	0.01352	0.01113	0.01749	0.00954	0.01113	0.00795	0.00398	0.00398	0.00080	0.00398	0.00318	0.00318	0.84417
4	0.01587	0.03083	0.01160	0.03809	0.01304	0.02548	0.00757	0.12113	0.09175	0.27464	0.22978	0.02544	0.07503	0.00823	0.00566	0.00167	0.00426	0.00685	0.00568	0.00739
5	0.02197	0.01022	0.01286	0.01009	0.01405	0.00976	0.00825	0.14790	0.08797	0.56437	0.02009	0.03930	0.01350	0.00695	0.00544	0.00168	0.00472	0.00564	0.00627	0.00894
6	0.00747	0.00544	0.00703	0.00671	0.00796	0.00500	0.00500	0.00986	0.01478	0.02074	0.69694	0.07820	0.09192	0.01141	0.00636	0.00172	0.00257	0.01007	0.00581	0.00500
7	0.00669	0.00542	0.00594	0.00588	0.00748	0.00467	0.00438	0.00834	0.01294	0.01634	0.24557	0.08295	0.54855	0.01304	0.00636	0.00180	0.00269	0.01107	0.00523	0.00467
8	0.00664	0.00545	0.00585	0.00575	0.00743	0.00466	0.00431	0.00828	0.01294	0.01617	0.22531	0.04892	0.60372	0.01297	0.00634	0.00178	0.00267	0.01094	0.00520	0.00466
9	0.01421	0.77202	0.02751	0.00945	0.01379	0.02099	0.00932	0.01591	0.01076	0.01264	0.00744	0.00878	0.00690	0.00485	0.00420	0.00121	0.04792	0.00297	0.00230	0.00683
10	0.05883	0.77174	0.02705	0.00907	0.01360	0.02075	0.00901	0.01606	0.01081	0.01324	0.00746	0.00862	0.00683	0.00461	0.00344	0.00118	0.00566	0.00287	0.00235	0.00683
11	0.00781	0.00520	0.00585	0.00585	0.00585	0.00520	0.00325	0.00781	0.00781	0.01041	0.01691	0.03513	0.01952	0.81135	0.02732	0.00520	0.00520	0.00781	0.00325	0.00325
12	0.58584	0.03673	0.00992	0.00796	0.01141	0.01162	0.00659	0.01766	0.03484	0.14560	0.01025	0.01087	0.00756	0.00542	0.00429	0.00163	0.03356	0.00349	0.00385	0.05091
13	0.04075	0.67535	0.07719	0.00991	0.01454	0.01940	0.03514	0.01581	0.01091	0.01349	0.00863	0.04190	0.00807	0.00514	0.00379	0.00127	0.00584	0.00357	0.00245	0.00683
14	0.00763	0.00525	0.00642	0.00656	0.00678	0.00539	0.00410	0.00810	0.00825	0.01117	0.01790	0.12176	0.02022	0.57469	0.16827	0.00550	0.00669	0.00828	0.00338	0.00367
15	0.00781	0.00520	0.00585	0.00585	0.00585	0.00520	0.00325	0.00781	0.00781	0.01041	0.01691	0.03513	0.01952	0.81135	0.02732	0.00520	0.00520	0.00781	0.00325	0.00325
16	0.01444	0.27612	0.05790	0.01094	0.01449	0.09642	0.02250	0.14869	0.09363	0.01841	0.05435	0.04240	0.05331	0.00694	0.00578	0.00156	0.06629	0.00512	0.00366	0.00706
17	0.01288	0.17437	0.37493	0.01626	0.05475	0.09164	0.16870	0.01728	0.01195	0.01584	0.00936	0.01138	0.00718	0.00491	0.00502	0.00158	0.00785	0.00423	0.00243	0.00745

[dist]
# distance from previous block
# <min> <max>
6	22

[block]
# block no. 6 follows, 45 sequences, length 25
# corresponding to MSA columns:
# 227-251
name=unknown_G
#
# <colnr> <probs for GDERKNQSTAVLIFYWHMCP>
#	G	D	E	R	K	N	Q	S	T	A	V	L	I	F	Y	W	H	M	C	P
0	0.01468	0.01072	0.01306	0.01003	0.01420	0.02973	0.05669	0.07698	0.13135	0.16173	0.01650	0.01648	0.05404	0.00581	0.00489	0.00132	0.00469	0.00485	0.00442	0.36782
1	0.01014	0.00954	0.01610	0.79845	0.03697	0.01193	0.01491	0.01371	0.01073	0.01371	0.00954	0.01431	0.00716	0.00537	0.00537	0.00179	0.00716	0.00477	0.00239	0.00596
2	0.58625	0.05978	0.01023	0.00774	0.01138	0.01151	0.00646	0.01773	0.01059	0.17329	0.01031	0.01075	0.00748	0.00523	0.00378	0.00158	0.00432	0.00341	0.00391	0.05426
3	0.01050	0.00991	0.01676	0.70943	0.12313	0.01202	0.01509	0.01404	0.01091	0.01416	0.00961	0.01419	0.00731	0.00530	0.00536	0.00177	0.00707	0.00477	0.00242	0.00626
4	0.01381	0.69621	0.14178	0.01010	0.01520	0.01992	0.01079	0.01621	0.01097	0.01329	0.00779	0.00902	0.00688	0.00467	0.00369	0.00123	0.00607	0.00304	0.00229	0.00705
5	0.00878	0.00582	0.00743	0.00797	0.00892	0.00559	0.00576	0.05198	0.01162	0.06239	0.02815	0.51649	0.06666	0.07879	0.00837	0.00238	0.00375	0.10927	0.00496	0.00492
6	0.02351	0.00926	0.01244	0.00962	0.01372	0.00818	0.00792	0.02629	0.05596	0.74065	0.02121	0.01837	0.01345	0.00668	0.00540	0.00167	0.00455	0.00543	0.00658	0.00910
7	0.00830	0.00598	0.00821	0.00928	0.01048	0.00588	0.00791	0.01059	0.01234	0.01611	0.07262	0.11979	0.07019	0.01471	0.00725	0.00237	0.00454	0.60356	0.00500	0.00488
8	0.01000	0.00618	0.00800	0.00727	0.00896	0.00570	0.00554	0.03283	0.01513	0.12006	0.59231	0.07828	0.06727	0.01068	0.00621	0.00171	0.00293	0.00936	0.00591	0.00565
9	0.03070	0.01021	0.01683	0.60892	0.15324	0.01234	0.01475	0.01416	0.01078	0.01452	0.00943	0.01386	0.00733	0.00551	0.00607	0.00179	0.05605	0.00472	0.00245	0.00636
10	0.01260	0.00981	0.01080	0.00969	0.01238	0.01075	0.00758	0.05622	0.46916	0.06885	0.15576	0.02703	0.08535	0.00862	0.00574	0.00180	0.00394	0.03083	0.00555	0.00752
11	0.00662	0.00473	0.00632	0.00756	0.00791	0.00443	0.00512	0.00761	0.01035	0.01379	0.02954	0.78056	0.03533	0.01674	0.00687	0.00219	0.00318	0.04179	0.00498	0.00438
12	0.02408	0.00914	0.01246	0.00955	0.01370	0.00789	0.00789	0.02616	0.01536	0.78158	0.02118	0.01827	0.01329	0.00664	0.00540	0.00166	0.00457	0.00540	0.00664	0.00914
13	0.00654	0.00467	0.00623	0.00747	0.00779	0.00436	0.00498	0.00747	0.01028	0.01370	0.02959	0.80785	0.03550	0.01682	0.00685	0.00218	0.00311	0.01526	0.00498	0.00436
14	0.01001	0.00500	0.00500	0.00500	0.00625	0.00500	0.00375	0.01251	0.01126	0.02001	0.01751	0.02001	0.01376	0.00625	0.00375	0.00125	0.00250	0.00500	0.84115	0.00500
15	0.01120	0.01077	0.01823	0.16335	0.06765	0.01270	0.17558	0.01380	0.01019	0.01480	0.01011	0.01452	0.00856	0.00982	0.07692	0.01828	0.27786	0.00519	0.07435	0.00612
16	0.01888	0.18907	0.01793	0.01281	0.01601	0.60151	0.01012	0.04770	0.01469	0.01380	0.00829	0.00958	0.00699	0.00537	0.00457	0.00134	0.00872	0.00339	0.00276	0.00647
17	0.02408	0.00914	0.01246	0.00955	0.01370	0.00789	0.00789	0.02616	0.01536	0.78158	0.02118	0.01827	0.01329	0.00664	0.00540	0.00166	0.00457	0.00540	0.00664	0.00914
18	0.00659	0.00547	0.00578	0.00578	0.00750	0.00466	0.00439	0.00814	0.01260	0.01543	0.14197	0.05060	0.65600	0.01332	0.00639	0.00182	0.00279	0.04104	0.00510	0.00461
19	0.04003	0.03450	0.02607	0.01143	0.05433	0.04931	0.00880	0.14236	0.13901	0.15409	0.07448	0.09458	0.03097	0.00872	0.00602	0.00180	0.02705	0.08413	0.00500	0.00732
20	0.01060	0.06215	0.01426	0.01165	0.01222	0.01329	0.00957	0.01196	0.00863	0.01294	0.01020	0.03776	0.01011	0.05424	0.19120	0.00378	0.48379	0.00528	0.03089	0.00550
21	0.02266	0.00882	0.01200	0.00931	0.01321	0.00765	0.00765	0.02478	0.01535	0.71607	0.08616	0.02015	0.01651	0.00702	0.00548	0.00166	0.00439	0.00577	0.00658	0.00878
22	0.01952	0.02461	0.01499	0.03630	0.01693	0.74796	0.01034	0.02099	0.01498	0.01332	0.00856	0.01007	0.00709	0.00554	0.00483	0.00139	0.00943	0.00353	0.02343	0.00619
23	0.05502	0.06001	0.23480	0.05813	0.16986	0.01300	0.15521	0.06372	0.03173	0.09080	0.01133	0.01316	0.00836	0.00519	0.00527	0.00167	0.00696	0.00474	0.00317	0.00786
24	0.01355	0.01315	0.01915	0.09081	0.46448	0.07104	0.04918	0.03219	0.13357	0.01803	0.01210	0.01442	0.00968	0.00535	0.00531	0.00163	0.00636	0.00497	0.02707	0.00797

[dist]
# distance from previous block
# <min> <max>
1	6

[block]
# block no. 7 follows, 45 sequences, length 10
# corresponding to MSA columns:
# 258-267
name=unknown_H
#
# <colnr> <probs for GDERKNQSTAVLIFYWHMCP>
#	G	D	E	R	K	N	Q	S	T	A	V	L	I	F	Y	W	H	M	C	P
0	0.01418	0.01074	0.01383	0.03163	0.01483	0.01073	0.06479	0.18588	0.05212	0.09387	0.02929	0.06224	0.01237	0.06242	0.00767	0.00175	0.06973	0.00549	0.00417	0.25227
1	0.01001	0.00500	0.00500	0.00500	0.00625	0.00500	0.00375	0.01251	0.01126	0.02001	0.01751	0.02001	0.01376	0.00625	0.00375	0.00125	0.00250	0.00500	0.84115	0.00500
2	0.01364	0.01879	0.23503	0.04424	0.21136	0.14794	0.09183	0.01730	0.01231	0.04290	0.01073	0.01452	0.00877	0.00588	0.00631	0.00172	0.06779	0.03880	0.00279	0.00739
3	0.00659	0.00476	0.00624	0.00732	0.00777	0.00441	0.00494	0.00765	0.01069	0.01423	0.07716	0.71846	0.07736	0.01628	0.00679	0.00213	0.00306	0.01470	0.00504	0.00441
4	0.00680	0.00487	0.00646	0.00730	0.00784	0.00453	0.00500	0.00812	0.01148	0.01561	0.21120	0.62080	0.03919	0.01539	0.00672	0.00206	0.00297	0.01391	0.00521	0.00453
5	0.00661	0.00480	0.00625	0.00726	0.00776	0.00443	0.00492	0.00771	0.01083	0.01441	0.09293	0.68727	0.09281	0.01609	0.00677	0.00211	0.00304	0.01450	0.00506	0.00443
6	0.02113	0.01387	0.01539	0.01180	0.01607	0.01492	0.00975	0.61534	0.02329	0.18121	0.01452	0.01395	0.00995	0.00648	0.00538	0.00162	0.00564	0.00494	0.00562	0.00913
7	0.01363	0.65697	0.17945	0.01041	0.01567	0.01948	0.01132	0.01626	0.01099	0.01350	0.00790	0.00916	0.00687	0.00469	0.00378	0.00126	0.00618	0.00309	0.00229	0.00710
8	0.01355	0.01131	0.01239	0.01138	0.03993	0.01279	0.00859	0.11543	0.56536	0.02357	0.10631	0.02121	0.01914	0.00752	0.00554	0.00177	0.00433	0.00629	0.00541	0.00818
9	0.01330	0.01390	0.01671	0.01420	0.01513	0.13236	0.05133	0.05137	0.01043	0.01425	0.00850	0.03887	0.00816	0.00866	0.01411	0.00213	0.57284	0.00497	0.00267	0.00611

[dist]
# distance from previous block
# <min> <max>
1	3

[block]
# block no. 8 follows, 45 sequences, length 20
# corresponding to MSA columns:
# 271-290
name=unknown_I
#
# <colnr> <probs for GDERKNQSTAVLIFYWHMCP>
#	G	D	E	R	K	N	Q	S	T	A	V	L	I	F	Y	W	H	M	C	P
0	0.69057	0.04218	0.00992	0.12555	0.01449	0.01239	0.00731	0.01548	0.00944	0.02208	0.00778	0.00955	0.00606	0.00502	0.00363	0.00166	0.00466	0.00318	0.00314	0.00588
1	0.01410	0.68735	0.12340	0.01012	0.01507	0.04694	0.01058	0.01638	0.01111	0.01320	0.00777	0.00899	0.00688	0.00469	0.00370	0.00123	0.00616	0.00303	0.00231	0.00700
2	0.01852	0.01428	0.01426	0.01168	0.01532	0.09928	0.00945	0.41542	0.16239	0.09791	0.01576	0.01702	0.01188	0.00695	0.00540	0.00167	0.00575	0.04304	0.02566	0.00837
3	0.01278	0.00993	0.01156	0.00852	0.01309	0.00815	0.00683	0.05347	0.06764	0.07846	0.01152	0.01243	0.00905	0.00455	0.00427	0.00098	0.00414	0.00365	0.00373	0.67526
4	0.01110	0.01014	0.01639	0.69741	0.07365	0.01234	0.01462	0.07224	0.01195	0.01549	0.00983	0.01415	0.00738	0.00542	0.00536	0.00176	0.00702	0.00478	0.00263	0.00634
5	0.00947	0.00682	0.00819	0.00830	0.00939	0.00693	0.00587	0.15986	0.01306	0.01745	0.02495	0.57018	0.02858	0.09360	0.00858	0.00237	0.00389	0.01241	0.00489	0.00522
6	0.00733	0.00579	0.00839	0.05188	0.01059	0.00591	0.03445	0.00859	0.01035	0.01385	0.02695	0.65306	0.04852	0.01515	0.00741	0.00215	0.05270	0.02767	0.00459	0.00467
7	0.00796	0.00566	0.00709	0.00698	0.00723	0.00614	0.00457	0.00852	0.00804	0.01107	0.01577	0.03032	0.01732	0.57055	0.22677	0.00596	0.04603	0.00712	0.00311	0.00378
8	0.00640	0.00539	0.00554	0.00561	0.00731	0.00454	0.00417	0.00777	0.01221	0.01468	0.07642	0.09853	0.70571	0.01371	0.00638	0.00183	0.00274	0.01152	0.00501	0.00454
9	0.00767	0.00575	0.00863	0.00863	0.00959	0.00671	0.00671	0.00959	0.00863	0.01246	0.01438	0.02109	0.01342	0.04026	0.79008	0.00863	0.01438	0.00575	0.00288	0.00479
10	0.01300	0.01269	0.02232	0.08620	0.65445	0.01277	0.08655	0.01635	0.01216	0.01723	0.01013	0.01347	0.00837	0.00480	0.00541	0.00163	0.00669	0.00493	0.00264	0.00820
11	0.05064	0.00958	0.01543	0.62222	0.10692	0.01144	0.01378	0.01362	0.01092	0.01466	0.01300	0.01686	0.06735	0.00593	0.00534	0.00177	0.00659	0.00519	0.00266	0.00610
12	0.00932	0.00466	0.00699	0.00699	0.00699	0.00466	0.00466	0.00699	0.00699	0.00932	0.00932	0.01632	0.00932	0.01865	0.02098	0.84382	0.00466	0.00466	0.00233	0.00233
13	0.00692	0.00542	0.00630	0.00641	0.00784	0.00480	0.00483	0.00866	0.01289	0.01661	0.26282	0.13772	0.41584	0.01329	0.00648	0.00187	0.00288	0.06845	0.00525	0.00470
14	0.03041	0.04565	0.01783	0.02683	0.02939	0.07243	0.14182	0.27842	0.02769	0.04169	0.01118	0.01249	0.00848	0.00533	0.00522	0.00142	0.01769	0.00450	0.00389	0.21765
15	0.01759	0.01299	0.01529	0.01283	0.05359	0.01411	0.05055	0.44199	0.15252	0.06973	0.01511	0.01523	0.01099	0.00640	0.00528	0.00163	0.00541	0.00518	0.08509	0.00849
16	0.00708	0.00604	0.00616	0.00603	0.00794	0.00543	0.00455	0.00985	0.08739	0.01553	0.07528	0.04813	0.67602	0.01288	0.00626	0.00181	0.00286	0.01075	0.00506	0.00494
17	0.00763	0.00533	0.00681	0.00694	0.00729	0.00561	0.00457	0.00836	0.00833	0.01143	0.01739	0.11091	0.01917	0.47400	0.27710	0.00602	0.00802	0.00790	0.00331	0.00388
18	0.01350	0.05213	0.01230	0.01012	0.01316	0.01233	0.00801	0.04328	0.55848	0.07570	0.06270	0.02266	0.07668	0.00776	0.00547	0.00176	0.00418	0.00643	0.00537	0.00799
19	0.00677	0.00568	0.00591	0.00581	0.00760	0.00494	0.00437	0.00880	0.04162	0.01567	0.14189	0.04902	0.65724	0.01303	0.00631	0.00180	0.00275	0.01093	0.00512	0.00475

[dist]
# distance from previous block
# <min> <max>
3	6

[block]
# block no. 9 follows, 45 sequences, length 9
# corresponding to MSA columns:
# 297-305
name=unknown_J
#
# <colnr> <probs for GDERKNQSTAVLIFYWHMCP>
#	G	D	E	R	K	N	Q	S	T	A	V	L	I	F	Y	W	H	M	C	P
0	0.01363	0.14343	0.01452	0.01066	0.04331	0.03634	0.02243	0.17456	0.04528	0.05962	0.01596	0.05501	0.02649	0.11560	0.06359	0.00260	0.02079	0.07263	0.04029	0.02328
1	0.65917	0.07967	0.01140	0.00840	0.01201	0.01337	0.03600	0.09317	0.01110	0.02385	0.00817	0.00937	0.00634	0.00508	0.00366	0.00162	0.00466	0.00324	0.00342	0.00631
2	0.01908	0.01412	0.01521	0.01192	0.01585	0.01566	0.00973	0.64363	0.10144	0.03133	0.01363	0.01381	0.00989	0.00719	0.00622	0.04677	0.00567	0.00495	0.00522	0.00870
3	0.00777	0.00535	0.00662	0.00662	0.00688	0.00562	0.00420	0.00829	0.00803	0.01097	0.01622	0.03127	0.01784	0.59957	0.23681	0.00614	0.00772	0.00724	0.00315	0.00368
4	0.00689	0.00511	0.00635	0.00698	0.00782	0.00481	0.00494	0.00816	0.01080	0.01422	0.06795	0.41034	0.22090	0.05905	0.08906	0.00288	0.00431	0.03808	0.02688	0.00446
5	0.00651	0.00477	0.00612	0.00721	0.00772	0.00438	0.00486	0.00750	0.01053	0.01381	0.03285	0.70840	0.13285	0.01639	0.00678	0.00213	0.00306	0.01474	0.00498	0.00438
6	0.01355	0.01231	0.01936	0.22092	0.36181	0.01325	0.06396	0.13104	0.07492	0.01945	0.01138	0.01411	0.00887	0.00537	0.00542	0.00168	0.00651	0.00499	0.00324	0.00787
7	0.03449	0.07009	0.04096	0.05676	0.05285	0.18395	0.01020	0.26535	0.01658	0.04788	0.01291	0.09501	0.01125	0.00881	0.04617	0.00199	0.02813	0.00547	0.00394	0.00721
8	0.05522	0.01401	0.01270	0.05658	0.05158	0.20697	0.00904	0.22299	0.01617	0.02010	0.02012	0.07687	0.13993	0.00921	0.02513	0.00186	0.00630	0.04448	0.00414	0.00659

[dist]
# distance from previous block
# <min> <max>
2	12

[block]
# block no. 10 follows, 45 sequences, length 18
# corresponding to MSA columns:
# 318-335
name=unknown_K
#
# <colnr> <probs for GDERKNQSTAVLIFYWHMCP>
#	G	D	E	R	K	N	Q	S	T	A	V	L	I	F	Y	W	H	M	C	P
0	0.03663	0.01108	0.05285	0.10236	0.10719	0.01095	0.03045	0.09592	0.17904	0.10178	0.11445	0.02334	0.03725	0.00760	0.00565	0.00178	0.00515	0.06455	0.00460	0.00738
1	0.01125	0.01110	0.04808	0.32434	0.23911	0.01191	0.01399	0.01545	0.07301	0.01588	0.01293	0.02008	0.01130	0.00687	0.00655	0.00186	0.06729	0.09912	0.00303	0.00683
2	0.01386	0.00969	0.01207	0.13694	0.04724	0.01030	0.00876	0.15898	0.13176	0.13631	0.03930	0.05754	0.13896	0.06546	0.00719	0.00199	0.00490	0.00693	0.00477	0.00703
3	0.02282	0.00886	0.01205	0.00934	0.01327	0.00767	0.00767	0.02493	0.01535	0.72337	0.07892	0.01994	0.01615	0.00698	0.00547	0.00166	0.00441	0.00573	0.00659	0.00882
4	0.01288	0.01234	0.02106	0.13073	0.68322	0.01265	0.01627	0.01612	0.01203	0.01705	0.01003	0.01342	0.00833	0.00486	0.00532	0.00162	0.00648	0.00478	0.00262	0.00818
5	0.00768	0.00571	0.00843	0.00843	0.00932	0.00660	0.00646	0.00946	0.00857	0.01231	0.01456	0.02209	0.01385	0.09523	0.73570	0.00838	0.01372	0.00590	0.00290	0.00468
6	0.01948	0.01518	0.01555	0.01225	0.01630	0.05975	0.00999	0.62481	0.11972	0.03121	0.01378	0.01362	0.00993	0.00650	0.00535	0.00162	0.00591	0.00491	0.00524	0.00888
7	0.00702	0.00576	0.00614	0.00618	0.00776	0.00521	0.00452	0.00930	0.06579	0.01512	0.08618	0.14458	0.54465	0.05832	0.00753	0.00204	0.00301	0.01117	0.00497	0.00475
8	0.02144	0.00921	0.01206	0.00959	0.01327	0.00840	0.00777	0.10425	0.01580	0.60133	0.02134	0.11869	0.01567	0.00792	0.00558	0.00172	0.00453	0.00660	0.00629	0.00852
9	0.00759	0.00598	0.00939	0.00918	0.01018	0.00562	0.10120	0.00902	0.01050	0.01432	0.02579	0.61806	0.02987	0.05982	0.00777	0.00225	0.00396	0.01312	0.05167	0.00470
10	0.11972	0.01391	0.02835	0.02093	0.04726	0.01336	0.64085	0.01699	0.01220	0.01809	0.01040	0.01371	0.00786	0.00459	0.00592	0.00178	0.00835	0.00585	0.00279	0.00709
11	0.00956	0.00800	0.01149	0.11079	0.01442	0.02558	0.03584	0.04502	0.00996	0.01405	0.01288	0.01894	0.01169	0.06290	0.45553	0.00587	0.09846	0.00550	0.03822	0.00532
12	0.00654	0.00467	0.00623	0.00747	0.00779	0.00436	0.00498	0.00747	0.01028	0.01370	0.02959	0.80785	0.03550	0.01682	0.00685	0.00218	0.00311	0.01526	0.00498	0.00436
13	0.00913	0.00739	0.01069	0.00921	0.01122	0.00714	0.10174	0.02613	0.08171	0.03347	0.33945	0.06794	0.14844	0.07216	0.02957	0.00223	0.00427	0.02759	0.00497	0.00555
14	0.00733	0.00499	0.00646	0.00729	0.00786	0.00468	0.00493	0.00830	0.01031	0.04158	0.02935	0.61574	0.08896	0.09084	0.04210	0.00269	0.00381	0.01350	0.00479	0.00446
15	0.01146	0.14955	0.61211	0.01487	0.02210	0.01391	0.07082	0.01687	0.01136	0.01633	0.00938	0.01113	0.00691	0.00498	0.00493	0.00162	0.00767	0.00396	0.00230	0.00772
16	0.24234	0.04858	0.31818	0.03441	0.03420	0.01308	0.04377	0.11146	0.01265	0.03571	0.03035	0.01189	0.00825	0.00551	0.00503	0.00168	0.02837	0.00409	0.00317	0.00728
17	0.00725	0.00595	0.00626	0.00613	0.00792	0.00531	0.00463	0.03613	0.03251	0.01584	0.10185	0.06960	0.61145	0.03474	0.00690	0.00192	0.00301	0.03276	0.00503	0.00482

[dist]
# distance from previous block
# <min> <max>
0	49

# created by:
# /st0/software/busco_prod/Augustus/scripts/msa2prfl.pl ./align_prep/162254.fa
