[name]
unknown

[dist]
# distance from previous block
# <min> <max>
9	443

[block]
# block no. 0 follows, 48 sequences, length 18
# corresponding to MSA columns:
# 460-477
name=unknown_A
#
# <colnr> <probs for GDERKNQSTAVLIFYWHMCP>
#	G	D	E	R	K	N	Q	S	T	A	V	L	I	F	Y	W	H	M	C	P
0	0.03384	0.07911	0.05513	0.01096	0.06220	0.05074	0.00867	0.06252	0.18168	0.20017	0.05213	0.03503	0.02459	0.00640	0.00488	0.00150	0.00476	0.01667	0.01811	0.09090
1	0.03157	0.02617	0.04015	0.01039	0.05471	0.03465	0.00810	0.15597	0.05068	0.16468	0.03479	0.05674	0.03602	0.00613	0.00475	0.00134	0.00461	0.00498	0.00428	0.26927
2	0.01332	0.03355	0.12094	0.01153	0.05408	0.05239	0.06530	0.05274	0.07523	0.15484	0.06359	0.04275	0.09598	0.00670	0.00509	0.00149	0.00511	0.00568	0.00408	0.13561
3	0.01424	0.08196	0.02762	0.01199	0.08133	0.07381	0.04932	0.09826	0.12278	0.15279	0.07759	0.09908	0.05879	0.00805	0.01772	0.00171	0.00515	0.00640	0.00443	0.00699
4	0.06363	0.01203	0.05340	0.01011	0.01313	0.09770	0.01869	0.13944	0.14710	0.11976	0.02977	0.14257	0.03863	0.00806	0.00545	0.00166	0.01930	0.02836	0.00450	0.04669
5	0.13717	0.01156	0.09420	0.03662	0.01534	0.01056	0.13000	0.13019	0.09490	0.01987	0.03332	0.13461	0.03315	0.00771	0.00525	0.00173	0.00520	0.04659	0.04561	0.00642
6	0.07492	0.20291	0.14134	0.05593	0.01669	0.29725	0.03466	0.01693	0.02473	0.01414	0.00994	0.03642	0.02631	0.00557	0.00468	0.00143	0.02327	0.00398	0.00264	0.00628
7	0.00734	0.00544	0.00796	0.00796	0.00877	0.00626	0.00605	0.00898	0.00816	0.01170	0.01401	0.02162	0.01346	0.12371	0.71499	0.00789	0.01279	0.00571	0.00279	0.00442
8	0.01064	0.00912	0.01064	0.00760	0.01216	0.00684	0.00608	0.01292	0.01064	0.01672	0.00912	0.01064	0.00760	0.00380	0.00380	0.00076	0.00380	0.00304	0.00304	0.85104
9	0.00958	0.00797	0.01023	0.01178	0.15789	0.00800	0.00743	0.04810	0.14702	0.01867	0.24288	0.03122	0.23165	0.00907	0.00560	0.00163	0.00360	0.00782	0.03379	0.00608
10	0.01064	0.00912	0.01064	0.00760	0.01216	0.00684	0.00608	0.01292	0.01064	0.01672	0.00912	0.01064	0.00760	0.00380	0.00380	0.00076	0.00380	0.00304	0.00304	0.85104
11	0.00642	0.00474	0.00601	0.00670	0.00741	0.00433	0.00464	0.00769	0.01106	0.01472	0.18361	0.53825	0.15664	0.01447	0.00637	0.00193	0.00281	0.01292	0.00494	0.00433
12	0.01844	0.01384	0.01480	0.01159	0.01550	0.01541	0.00949	0.65264	0.14379	0.03061	0.01368	0.01340	0.00983	0.00629	0.00515	0.00157	0.00539	0.00481	0.00515	0.00863
13	0.01168	0.00924	0.01113	0.05274	0.01363	0.00740	0.00674	0.03525	0.01128	0.06946	0.00996	0.01132	0.00794	0.00411	0.00400	0.00089	0.00406	0.00331	0.00328	0.72256
14	0.01018	0.00878	0.01108	0.00836	0.01200	0.00729	0.04186	0.01218	0.01019	0.01558	0.01082	0.05790	0.01014	0.08696	0.00704	0.00139	0.04939	0.00435	0.00308	0.63144
15	0.00935	0.00674	0.00854	0.00802	0.00984	0.00650	0.00604	0.04677	0.05325	0.05672	0.01918	0.30030	0.01996	0.04261	0.18876	0.00327	0.00600	0.03356	0.00404	0.17055
16	0.14272	0.00925	0.01016	0.00747	0.01181	0.00757	0.00600	0.01326	0.01034	0.01770	0.00881	0.01028	0.00728	0.00395	0.00370	0.00089	0.00383	0.00300	0.00306	0.71893
17	0.01514	0.06404	0.10132	0.00920	0.01326	0.00873	0.00828	0.05257	0.02665	0.29643	0.03829	0.10272	0.01355	0.00660	0.00484	0.00140	0.00451	0.00545	0.00448	0.22254

[dist]
# distance from previous block
# <min> <max>
0	2

[block]
# block no. 1 follows, 48 sequences, length 15
# corresponding to MSA columns:
# 480-494
name=unknown_B
#
# <colnr> <probs for GDERKNQSTAVLIFYWHMCP>
#	G	D	E	R	K	N	Q	S	T	A	V	L	I	F	Y	W	H	M	C	P
0	0.01245	0.01194	0.02038	0.09536	0.72574	0.01213	0.01562	0.01553	0.01157	0.01646	0.00961	0.01278	0.00802	0.00462	0.00508	0.00154	0.00616	0.00457	0.00252	0.00793
1	0.01401	0.25812	0.20623	0.01349	0.01841	0.07427	0.16680	0.04046	0.01192	0.09559	0.00985	0.01131	0.00752	0.00504	0.00525	0.00149	0.04622	0.00411	0.00283	0.00708
2	0.00655	0.00522	0.00589	0.00589	0.00738	0.00456	0.00446	0.00822	0.01246	0.01589	0.26573	0.07959	0.49358	0.01245	0.00614	0.00175	0.00268	0.05204	0.00502	0.00450
3	0.01029	0.02654	0.79309	0.01462	0.02221	0.01192	0.01896	0.01625	0.01083	0.01625	0.00921	0.01083	0.00650	0.00487	0.00487	0.00162	0.00758	0.00379	0.00217	0.00758
4	0.00694	0.00529	0.00744	0.00781	0.00869	0.00497	0.03033	0.00818	0.00976	0.01334	0.02422	0.61942	0.02815	0.01766	0.11119	0.00278	0.00466	0.01217	0.00429	0.07271
5	0.01539	0.03202	0.05595	0.17441	0.07307	0.15162	0.10349	0.10596	0.02708	0.13825	0.01122	0.01295	0.00827	0.00560	0.00591	0.00161	0.06220	0.00456	0.00342	0.00704
6	0.00969	0.00912	0.01539	0.80734	0.03534	0.01140	0.01425	0.01311	0.01026	0.01311	0.00912	0.01368	0.00684	0.00513	0.00513	0.00171	0.00684	0.00456	0.00228	0.00570
7	0.02302	0.00873	0.01191	0.00913	0.01310	0.00754	0.00754	0.02501	0.01469	0.79122	0.02024	0.01746	0.01270	0.00635	0.00516	0.00159	0.00437	0.00516	0.00635	0.00873
8	0.00829	0.00687	0.03302	0.03716	0.05010	0.00647	0.00826	0.01102	0.04561	0.01512	0.02607	0.21065	0.05750	0.01313	0.00661	0.00216	0.00447	0.44797	0.00448	0.00504
9	0.01330	0.01117	0.06715	0.00975	0.01290	0.01082	0.00824	0.22868	0.23606	0.06979	0.15181	0.04973	0.09220	0.00804	0.00544	0.00166	0.00432	0.00666	0.00506	0.00723
10	0.02302	0.00873	0.01191	0.00913	0.01310	0.00754	0.00754	0.02501	0.01469	0.79122	0.02024	0.01746	0.01270	0.00635	0.00516	0.00159	0.00437	0.00516	0.00635	0.00873
11	0.01798	0.01574	0.14821	0.01196	0.01659	0.01424	0.01103	0.53262	0.05466	0.10578	0.01297	0.01289	0.00906	0.00599	0.00510	0.00157	0.00578	0.00459	0.00475	0.00850
12	0.02046	0.01212	0.01392	0.01075	0.01475	0.01267	0.00886	0.45842	0.05848	0.31156	0.01567	0.01456	0.01054	0.00627	0.00515	0.00157	0.00509	0.00488	0.00559	0.00870
13	0.01406	0.01219	0.01653	0.23435	0.31593	0.10204	0.01278	0.06690	0.01279	0.11026	0.01207	0.03119	0.02516	0.00555	0.00511	0.00158	0.00628	0.00484	0.00321	0.00717
14	0.01758	0.01292	0.01418	0.01140	0.01501	0.01420	0.00950	0.64027	0.02201	0.02943	0.01486	0.02013	0.01229	0.00753	0.00547	0.00168	0.00549	0.13295	0.00506	0.00804

[dist]
# distance from previous block
# <min> <max>
3	6

[block]
# block no. 2 follows, 48 sequences, length 33
# corresponding to MSA columns:
# 501-533
name=unknown_C
#
# <colnr> <probs for GDERKNQSTAVLIFYWHMCP>
#	G	D	E	R	K	N	Q	S	T	A	V	L	I	F	Y	W	H	M	C	P
0	0.06135	0.01272	0.02611	0.01080	0.01456	0.01370	0.00892	0.45462	0.18487	0.11342	0.01486	0.01432	0.01059	0.00626	0.00501	0.00158	0.00502	0.00483	0.02815	0.00831
1	0.01330	0.01048	0.01575	0.34254	0.08632	0.01134	0.07205	0.16207	0.01378	0.10053	0.01334	0.02683	0.04455	0.00579	0.00518	0.00160	0.00598	0.00510	0.00351	0.05996
2	0.05093	0.14844	0.05633	0.01138	0.04140	0.10225	0.00951	0.27708	0.04441	0.17201	0.01323	0.01314	0.02587	0.00581	0.00471	0.00147	0.00570	0.00433	0.00428	0.00774
3	0.01390	0.50814	0.04565	0.01017	0.01370	0.03994	0.00952	0.05474	0.03059	0.04631	0.00835	0.00984	0.00723	0.00554	0.00621	0.00139	0.15980	0.00341	0.00264	0.02296
4	0.00684	0.00523	0.00627	0.00601	0.00741	0.00466	0.00451	0.00886	0.01352	0.01820	0.52544	0.04224	0.30942	0.01138	0.00606	0.00166	0.00248	0.00983	0.00534	0.00466
5	0.00657	0.00494	0.00609	0.00638	0.00739	0.00446	0.00456	0.00813	0.01204	0.01604	0.31221	0.32955	0.23648	0.01322	0.00624	0.00182	0.00267	0.01165	0.00509	0.00446
6	0.00741	0.00516	0.00654	0.00654	0.00687	0.00549	0.00429	0.00807	0.00774	0.01065	0.01530	0.02880	0.01658	0.54162	0.30133	0.00614	0.00810	0.00676	0.00298	0.00363
7	0.01043	0.02499	0.70886	0.01488	0.02187	0.01220	0.05324	0.01601	0.01071	0.01601	0.00911	0.01100	0.00657	0.00511	0.00568	0.00167	0.05809	0.00394	0.00219	0.00743
8	0.01372	0.82276	0.02689	0.00878	0.01317	0.02030	0.00878	0.01536	0.01043	0.01207	0.00713	0.00823	0.00658	0.00439	0.00329	0.00110	0.00549	0.00274	0.00219	0.00658
9	0.01111	0.15719	0.56027	0.01462	0.02134	0.01346	0.12092	0.01613	0.01094	0.01558	0.00903	0.01082	0.00669	0.00472	0.00477	0.00155	0.00738	0.00393	0.00223	0.00733
10	0.00897	0.00507	0.00747	0.00729	0.00734	0.00549	0.00508	0.00730	0.00689	0.00939	0.00921	0.01598	0.00922	0.03949	0.06488	0.71172	0.06967	0.00460	0.00228	0.00266
11	0.00624	0.00452	0.00589	0.00699	0.00740	0.00418	0.00470	0.00716	0.00997	0.01316	0.03014	0.75615	0.09291	0.01583	0.00651	0.00206	0.00295	0.01429	0.00476	0.00418
12	0.00963	0.00598	0.00740	0.00730	0.00900	0.00544	0.00571	0.03036	0.01239	0.13670	0.10445	0.19899	0.28044	0.01240	0.00619	0.00189	0.00342	0.15200	0.00510	0.00522
13	0.01478	0.00692	0.00920	0.00768	0.01024	0.00611	0.00609	0.01693	0.01446	0.39069	0.37938	0.02887	0.06943	0.00863	0.00562	0.00161	0.00337	0.00738	0.00594	0.00669
14	0.00858	0.00555	0.00715	0.00660	0.00809	0.00503	0.00500	0.01082	0.01419	0.09050	0.63200	0.05235	0.11357	0.01045	0.00598	0.00163	0.00263	0.00915	0.00561	0.00514
15	0.01793	0.13734	0.01631	0.01307	0.04391	0.64026	0.00982	0.01938	0.01376	0.01280	0.00809	0.00947	0.00682	0.00515	0.00443	0.00129	0.00844	0.00331	0.02236	0.00609
16	0.01270	0.01219	0.02083	0.03149	0.78767	0.01219	0.01575	0.01575	0.01168	0.01676	0.00965	0.01270	0.00813	0.00457	0.00508	0.00152	0.00610	0.00457	0.00254	0.00813
17	0.01117	0.00924	0.01101	0.00803	0.01228	0.00743	0.00646	0.01336	0.01062	0.04700	0.00941	0.01095	0.00775	0.00423	0.00467	0.00089	0.05452	0.00321	0.00312	0.76467
18	0.01509	0.01215	0.01944	0.07569	0.08422	0.04411	0.26922	0.13956	0.01416	0.15096	0.01245	0.01417	0.00905	0.00536	0.00567	0.00160	0.03304	0.00512	0.06657	0.02239
19	0.85592	0.00992	0.00754	0.00675	0.00992	0.01151	0.00556	0.01508	0.00873	0.02302	0.00714	0.00834	0.00556	0.00476	0.00318	0.00159	0.00397	0.00278	0.00318	0.00556
20	0.00666	0.00518	0.00605	0.00592	0.00732	0.00457	0.00441	0.00849	0.01299	0.01712	0.41126	0.08367	0.38408	0.01192	0.00608	0.00169	0.00253	0.01026	0.00520	0.00457
21	0.00733	0.00550	0.00825	0.00825	0.00916	0.00641	0.00641	0.00916	0.00825	0.01191	0.01374	0.02016	0.01283	0.03848	0.79934	0.00825	0.01374	0.00550	0.00275	0.00458
22	0.01030	0.00550	0.00557	0.00531	0.00672	0.00561	0.00405	0.06844	0.01176	0.02011	0.01641	0.01862	0.01282	0.00599	0.00370	0.00122	0.00263	0.00477	0.78539	0.00508
23	0.01105	0.20276	0.62352	0.01333	0.02021	0.01377	0.01671	0.01605	0.01074	0.01533	0.00875	0.01026	0.00652	0.00477	0.00452	0.00151	0.00712	0.00356	0.00217	0.00736
24	0.01752	0.01193	0.01336	0.01097	0.01404	0.05674	0.00889	0.20043	0.21951	0.24910	0.01588	0.01532	0.01134	0.00679	0.00683	0.00170	0.12173	0.00500	0.00496	0.00796
25	0.00683	0.00500	0.00637	0.00649	0.00747	0.00459	0.00467	0.00861	0.01265	0.01735	0.45874	0.26772	0.13069	0.03092	0.00666	0.00184	0.00266	0.01098	0.00523	0.00454
26	0.00624	0.00449	0.00593	0.00707	0.00742	0.00417	0.00473	0.00715	0.00989	0.01313	0.02916	0.78785	0.06185	0.01596	0.00653	0.00207	0.00296	0.01445	0.00476	0.00417
27	0.01774	0.01228	0.05662	0.05292	0.01569	0.01215	0.00940	0.36440	0.09780	0.22243	0.05114	0.03749	0.01277	0.00664	0.00522	0.00160	0.00510	0.00532	0.00515	0.00814
28	0.01863	0.01298	0.01419	0.01107	0.01492	0.01412	0.00908	0.58751	0.08275	0.11318	0.03482	0.01521	0.03422	0.00656	0.00519	0.00157	0.00521	0.00508	0.00527	0.00845
29	0.00853	0.00532	0.00685	0.00691	0.00807	0.00486	0.00498	0.01001	0.01178	0.10539	0.23681	0.35911	0.13028	0.04535	0.02934	0.00214	0.00332	0.01102	0.00507	0.00487
30	0.01299	0.01013	0.01303	0.01012	0.04426	0.00857	0.05861	0.10129	0.01270	0.09061	0.01063	0.01177	0.00824	0.00437	0.00428	0.00102	0.00448	0.00368	0.00354	0.58567
31	0.01509	0.07529	0.01622	0.14314	0.05280	0.01319	0.06998	0.32961	0.01650	0.06211	0.01251	0.01395	0.02376	0.00580	0.00524	0.00153	0.02867	0.00471	0.08752	0.02239
32	0.00934	0.00744	0.01042	0.00930	0.01111	0.00727	0.09048	0.12376	0.01245	0.01675	0.05525	0.37871	0.07652	0.06964	0.02767	0.00221	0.00447	0.03043	0.00435	0.05241

[dist]
# distance from previous block
# <min> <max>
1	22

[block]
# block no. 3 follows, 48 sequences, length 51
# corresponding to MSA columns:
# 556-606
name=unknown_D
#
# <colnr> <probs for GDERKNQSTAVLIFYWHMCP>
#	G	D	E	R	K	N	Q	S	T	A	V	L	I	F	Y	W	H	M	C	P
0	0.08510	0.01045	0.01190	0.03652	0.01341	0.04107	0.02862	0.17003	0.05421	0.05586	0.01359	0.13223	0.01240	0.02798	0.00632	0.00159	0.06883	0.00568	0.00390	0.22030
1	0.01180	0.02240	0.50195	0.01343	0.01872	0.13082	0.01513	0.04115	0.01125	0.01529	0.00946	0.01263	0.00766	0.07508	0.00789	0.00193	0.09008	0.00413	0.00243	0.00679
2	0.00652	0.00463	0.00589	0.00675	0.00706	0.00439	0.00441	0.00726	0.00939	0.01245	0.02658	0.60038	0.06589	0.18527	0.02570	0.00279	0.00358	0.01274	0.00438	0.00396
3	0.01123	0.01123	0.01572	0.01347	0.01347	0.01572	0.01123	0.01235	0.00786	0.01235	0.00674	0.01123	0.00674	0.00898	0.01684	0.00225	0.81028	0.00449	0.00225	0.00561
4	0.00646	0.00461	0.00619	0.00738	0.00777	0.00435	0.00512	0.00750	0.01003	0.01333	0.02817	0.73834	0.03348	0.01588	0.00660	0.00211	0.00316	0.09052	0.00476	0.00422
5	0.04152	0.00891	0.01191	0.00915	0.01311	0.00786	0.00756	0.04539	0.01481	0.75310	0.01973	0.01712	0.01243	0.00631	0.00511	0.00159	0.00439	0.00509	0.00625	0.00866
6	0.01917	0.02445	0.01454	0.01322	0.01586	0.79907	0.00991	0.02049	0.01454	0.01256	0.00793	0.00925	0.00661	0.00529	0.00463	0.00132	0.00925	0.00330	0.00264	0.00595
7	0.00969	0.00912	0.01539	0.80734	0.03534	0.01140	0.01425	0.01311	0.01026	0.01311	0.00912	0.01368	0.00684	0.00513	0.00513	0.00171	0.00684	0.00456	0.00228	0.00570
8	0.00625	0.00447	0.00595	0.00714	0.00744	0.00417	0.00476	0.00714	0.00982	0.01310	0.02828	0.81633	0.03394	0.01608	0.00655	0.00208	0.00298	0.01459	0.00476	0.00417
9	0.01372	0.82276	0.02689	0.00878	0.01317	0.02030	0.00878	0.01536	0.01043	0.01207	0.00713	0.00823	0.00658	0.00439	0.00329	0.00110	0.00549	0.00274	0.00219	0.00658
10	0.00969	0.00912	0.01539	0.80734	0.03534	0.01140	0.01425	0.01311	0.01026	0.01311	0.00912	0.01368	0.00684	0.00513	0.00513	0.00171	0.00684	0.00456	0.00228	0.00570
11	0.01372	0.82276	0.02689	0.00878	0.01317	0.02030	0.00878	0.01536	0.01043	0.01207	0.00713	0.00823	0.00658	0.00439	0.00329	0.00110	0.00549	0.00274	0.00219	0.00658
12	0.01276	0.01102	0.01160	0.01044	0.01334	0.01276	0.00812	0.02727	0.77840	0.02146	0.02088	0.01914	0.01566	0.00696	0.00522	0.00174	0.00406	0.00580	0.00522	0.00812
13	0.01951	0.01437	0.01540	0.01181	0.01591	0.01591	0.00975	0.77056	0.02412	0.03234	0.01232	0.01232	0.00873	0.00616	0.00513	0.00154	0.00565	0.00462	0.00513	0.00873
14	0.85592	0.00992	0.00754	0.00675	0.00992	0.01151	0.00556	0.01508	0.00873	0.02302	0.00714	0.00834	0.00556	0.00476	0.00318	0.00159	0.00397	0.00278	0.00318	0.00556
15	0.00675	0.00505	0.00626	0.00633	0.00745	0.00456	0.00461	0.00855	0.01276	0.01726	0.43717	0.22710	0.21254	0.01240	0.00617	0.00175	0.00259	0.01090	0.00524	0.00456
16	0.00796	0.00583	0.00781	0.00880	0.01004	0.00573	0.00753	0.01032	0.02467	0.01515	0.03031	0.09461	0.12673	0.01400	0.00690	0.00226	0.00435	0.60757	0.00474	0.00470
17	0.00681	0.00499	0.00639	0.00654	0.00752	0.00457	0.00472	0.00863	0.01272	0.01748	0.46586	0.28808	0.12156	0.01254	0.00621	0.00178	0.00262	0.01114	0.00527	0.00457
18	0.00607	0.00516	0.00524	0.00530	0.00696	0.00432	0.00394	0.00735	0.01160	0.01382	0.05078	0.08829	0.74745	0.01315	0.00609	0.00175	0.00262	0.01102	0.00476	0.00432
19	0.01364	0.01083	0.01163	0.01033	0.01332	0.01232	0.00807	0.02707	0.71309	0.08729	0.02083	0.01900	0.01541	0.00691	0.00522	0.00173	0.00409	0.00575	0.00532	0.00817
20	0.01244	0.01193	0.02036	0.09784	0.72333	0.01212	0.01562	0.01552	0.01156	0.01645	0.00961	0.01278	0.00802	0.00462	0.00508	0.00154	0.00616	0.00457	0.00252	0.00792
21	0.01542	0.08011	0.01287	0.00938	0.01244	0.01228	0.00768	0.43224	0.01813	0.04535	0.01481	0.10097	0.01238	0.00705	0.00478	0.00148	0.00457	0.00559	0.19529	0.00716
22	0.01270	0.01341	0.01650	0.01683	0.15964	0.13345	0.01188	0.01422	0.00959	0.01321	0.00747	0.01121	0.00698	0.00759	0.01278	0.00197	0.53776	0.00433	0.00236	0.00614
23	0.01206	0.01245	0.05861	0.02766	0.61687	0.01162	0.08059	0.01531	0.01192	0.01704	0.07599	0.01490	0.01146	0.00507	0.00524	0.00155	0.00608	0.00507	0.00279	0.00771
24	0.01088	0.00605	0.00798	0.00704	0.00890	0.00545	0.00544	0.01317	0.01448	0.19909	0.58549	0.03382	0.06239	0.00961	0.00585	0.00161	0.00288	0.00837	0.00578	0.00573
25	0.02292	0.00889	0.01201	0.00920	0.01318	0.00778	0.00760	0.04594	0.01495	0.76991	0.02002	0.01732	0.01259	0.00635	0.00516	0.00159	0.00440	0.00514	0.00632	0.00873
26	0.28692	0.01009	0.01113	0.00884	0.01258	0.01025	0.00729	0.15114	0.01443	0.41566	0.01471	0.01367	0.00974	0.00581	0.00453	0.00158	0.00446	0.00431	0.00513	0.00772
27	0.01273	0.01183	0.02009	0.06414	0.71985	0.01189	0.01526	0.01575	0.01175	0.03658	0.02504	0.01336	0.00898	0.00476	0.00510	0.00154	0.00601	0.00468	0.00269	0.00797
28	0.00647	0.00459	0.00605	0.00713	0.00745	0.00433	0.00480	0.00736	0.00972	0.01294	0.02714	0.70622	0.03234	0.08742	0.00832	0.00236	0.00325	0.05340	0.00461	0.00410
29	0.00866	0.00651	0.00798	0.00740	0.00897	0.00652	0.00566	0.05266	0.11787	0.02094	0.59382	0.05686	0.04083	0.01006	0.00594	0.00167	0.00291	0.03377	0.00551	0.00547
30	0.01287	0.01297	0.02016	0.12098	0.59124	0.07943	0.05627	0.01588	0.01178	0.01595	0.00948	0.01258	0.00783	0.00469	0.00510	0.00154	0.00659	0.00454	0.00252	0.00759
31	0.02067	0.00824	0.01098	0.00858	0.01224	0.00710	0.00704	0.02255	0.01427	0.68322	0.02465	0.02190	0.12008	0.00727	0.00529	0.00161	0.00412	0.00595	0.00613	0.00812
32	0.00746	0.00497	0.00560	0.00560	0.00560	0.00497	0.00311	0.00746	0.00746	0.00995	0.01617	0.03358	0.01865	0.81967	0.02612	0.00497	0.00497	0.00746	0.00311	0.00311
33	0.01298	0.01124	0.01252	0.01229	0.07965	0.01282	0.00883	0.05132	0.68742	0.02143	0.01963	0.01836	0.01478	0.00673	0.00521	0.00172	0.00429	0.00566	0.00499	0.00814
34	0.01458	0.36467	0.22935	0.01148	0.01636	0.16820	0.01179	0.08141	0.01261	0.03421	0.00861	0.00971	0.00690	0.00489	0.00418	0.00133	0.00677	0.00335	0.00263	0.00697
35	0.01088	0.01076	0.01564	0.18973	0.01833	0.01476	0.01190	0.01252	0.00839	0.01252	0.00726	0.01177	0.00676	0.00813	0.01424	0.00213	0.63190	0.00451	0.00225	0.00563
36	0.01212	0.01415	0.14886	0.06411	0.54485	0.01189	0.01550	0.03825	0.02538	0.01697	0.01076	0.01495	0.00908	0.00525	0.00516	0.00160	0.00626	0.04438	0.00271	0.00776
37	0.00702	0.00517	0.00657	0.00635	0.00755	0.00472	0.00471	0.00916	0.01376	0.01907	0.62514	0.10629	0.14283	0.01129	0.00610	0.00167	0.00249	0.00993	0.00546	0.00472
38	0.01215	0.01148	0.01925	0.29782	0.27794	0.01250	0.12839	0.08531	0.05196	0.01701	0.01033	0.01348	0.00803	0.00511	0.00556	0.00165	0.02726	0.00486	0.00283	0.00709
39	0.01270	0.01219	0.02083	0.03149	0.78767	0.01219	0.01575	0.01575	0.01168	0.01676	0.00965	0.01270	0.00813	0.00457	0.00508	0.00152	0.00610	0.00457	0.00254	0.00813
40	0.01463	0.01179	0.01254	0.01075	0.01396	0.01342	0.00851	0.20857	0.57747	0.04114	0.01878	0.01744	0.01390	0.00675	0.00520	0.00169	0.00445	0.00550	0.00522	0.00828
41	0.00733	0.00550	0.00825	0.00825	0.00916	0.00641	0.00641	0.00916	0.00825	0.01191	0.01374	0.02016	0.01283	0.03848	0.79934	0.00825	0.01374	0.00550	0.00275	0.00458
42	0.00633	0.00492	0.00576	0.00617	0.00725	0.00435	0.00439	0.00765	0.01141	0.01464	0.16059	0.34997	0.37062	0.01381	0.00625	0.00185	0.00272	0.01206	0.00491	0.00435
43	0.02255	0.00863	0.01176	0.00905	0.01293	0.00746	0.00746	0.02454	0.01468	0.76795	0.04333	0.01809	0.01378	0.00648	0.00519	0.00159	0.00431	0.00528	0.00633	0.00861
44	0.02106	0.00579	0.00804	0.03239	0.00955	0.00581	0.04297	0.03996	0.01017	0.01389	0.02332	0.55869	0.02698	0.11317	0.03189	0.00254	0.01860	0.01177	0.01891	0.00448
45	0.00981	0.00502	0.00504	0.00495	0.00622	0.00505	0.00374	0.03052	0.01109	0.01945	0.01663	0.01896	0.01304	0.00598	0.00362	0.00120	0.00247	0.00478	0.82753	0.00488
46	0.00849	0.00644	0.00720	0.00673	0.00863	0.00618	0.00514	0.01256	0.15167	0.05572	0.27191	0.03890	0.37943	0.01080	0.00586	0.00169	0.00290	0.00916	0.00520	0.00539
47	0.76962	0.00982	0.00816	0.04643	0.01135	0.01129	0.00609	0.01552	0.00913	0.06357	0.00794	0.00909	0.00600	0.00487	0.00338	0.00159	0.00413	0.00299	0.00330	0.00573
48	0.01432	0.01069	0.01225	0.01137	0.07875	0.06621	0.01977	0.19860	0.04934	0.11825	0.02867	0.10188	0.02495	0.02718	0.06137	0.00203	0.00552	0.00583	0.04346	0.11954
49	0.01798	0.00944	0.01225	0.01064	0.07419	0.00853	0.00786	0.09896	0.02791	0.42509	0.03042	0.01706	0.03642	0.02846	0.00551	0.00152	0.00445	0.00497	0.00510	0.17325
50	0.01066	0.00918	0.01079	0.00778	0.01220	0.00711	0.00623	0.01290	0.01056	0.01659	0.00905	0.01066	0.00757	0.00396	0.00419	0.00080	0.02796	0.00308	0.00302	0.82571

[dist]
# distance from previous block
# <min> <max>
0	3

[block]
# block no. 4 follows, 48 sequences, length 51
# corresponding to MSA columns:
# 610-660
name=unknown_E
#
# <colnr> <probs for GDERKNQSTAVLIFYWHMCP>
#	G	D	E	R	K	N	Q	S	T	A	V	L	I	F	Y	W	H	M	C	P
0	0.01416	0.06332	0.10487	0.01799	0.25213	0.18465	0.03172	0.03123	0.15889	0.04331	0.03973	0.01382	0.01058	0.00550	0.00494	0.00152	0.00640	0.00456	0.00330	0.00738
1	0.00963	0.00513	0.00728	0.00703	0.00731	0.00524	0.00482	0.05876	0.00787	0.01051	0.00914	0.01537	0.00890	0.01703	0.01904	0.79282	0.00454	0.00447	0.00243	0.00267
2	0.02421	0.04848	0.43336	0.07626	0.20125	0.04009	0.04141	0.04649	0.01165	0.01662	0.00932	0.01145	0.00703	0.00485	0.00490	0.00158	0.00707	0.00407	0.00243	0.00747
3	0.01205	0.01214	0.03811	0.23409	0.40996	0.04637	0.02578	0.01628	0.08802	0.01586	0.01043	0.01336	0.00836	0.00519	0.00562	0.00162	0.04215	0.00464	0.00272	0.00724
4	0.00795	0.00575	0.00638	0.00619	0.00801	0.00510	0.00476	0.01004	0.04685	0.07591	0.11296	0.07917	0.54464	0.01218	0.00604	0.00176	0.00293	0.05349	0.00499	0.00491
5	0.01216	0.03719	0.01387	0.14378	0.13718	0.01192	0.01008	0.04557	0.37077	0.03895	0.07685	0.01863	0.03186	0.00661	0.00542	0.00167	0.02033	0.00561	0.00421	0.00732
6	0.00648	0.00516	0.00581	0.00577	0.00722	0.00449	0.00428	0.00813	0.01251	0.01607	0.29756	0.10243	0.48119	0.01238	0.00610	0.00172	0.00257	0.01058	0.00506	0.00449
7	0.01198	0.01375	0.17235	0.09400	0.32156	0.01116	0.01333	0.11075	0.01297	0.01853	0.03952	0.01565	0.04660	0.00563	0.00498	0.00154	0.00574	0.00490	0.08781	0.00723
8	0.01951	0.01437	0.01540	0.01181	0.01591	0.01591	0.00975	0.77056	0.02412	0.03234	0.01232	0.01232	0.00873	0.00616	0.00513	0.00154	0.00565	0.00462	0.00513	0.00873
9	0.85592	0.00992	0.00754	0.00675	0.00992	0.01151	0.00556	0.01508	0.00873	0.02302	0.00714	0.00834	0.00556	0.00476	0.00318	0.00159	0.00397	0.00278	0.00318	0.00556
10	0.01123	0.01123	0.01572	0.01347	0.01347	0.01572	0.01123	0.01235	0.00786	0.01235	0.00674	0.01123	0.00674	0.00898	0.01684	0.00225	0.81028	0.00449	0.00225	0.00561
11	0.85592	0.00992	0.00754	0.00675	0.00992	0.01151	0.00556	0.01508	0.00873	0.02302	0.00714	0.00834	0.00556	0.00476	0.00318	0.00159	0.00397	0.00278	0.00318	0.00556
12	0.01001	0.00952	0.01631	0.72046	0.09413	0.01151	0.03931	0.01343	0.01043	0.01351	0.00920	0.01361	0.00697	0.00506	0.00516	0.00170	0.00684	0.00461	0.00231	0.00593
13	0.01951	0.01437	0.01540	0.01181	0.01591	0.01591	0.00975	0.77056	0.02412	0.03234	0.01232	0.01232	0.00873	0.00616	0.00513	0.00154	0.00565	0.00462	0.00513	0.00873
14	0.01208	0.01156	0.01971	0.19025	0.63373	0.01203	0.01544	0.01521	0.01139	0.01602	0.00954	0.01290	0.00786	0.00469	0.00509	0.00156	0.00625	0.00457	0.00249	0.00763
15	0.00846	0.00681	0.00918	0.07085	0.01042	0.00819	0.00648	0.00935	0.00793	0.01113	0.01300	0.02429	0.01387	0.41626	0.17752	0.00476	0.18838	0.00617	0.00278	0.00417
16	0.85592	0.00992	0.00754	0.00675	0.00992	0.01151	0.00556	0.01508	0.00873	0.02302	0.00714	0.00834	0.00556	0.00476	0.00318	0.00159	0.00397	0.00278	0.00318	0.00556
17	0.02077	0.00816	0.01097	0.00859	0.01213	0.00712	0.00703	0.02282	0.01437	0.67225	0.07786	0.01917	0.01544	0.00663	0.00510	0.00156	0.00406	0.00544	0.07239	0.00813
18	0.00886	0.00447	0.00665	0.00665	0.00665	0.00447	0.00441	0.00671	0.00671	0.00895	0.00915	0.01619	0.00923	0.04429	0.02025	0.82280	0.00447	0.00456	0.00226	0.00226
19	0.00969	0.00912	0.01539	0.80734	0.03534	0.01140	0.01425	0.01311	0.01026	0.01311	0.00912	0.01368	0.00684	0.00513	0.00513	0.00171	0.00684	0.00456	0.00228	0.00570
20	0.00726	0.00524	0.00686	0.00646	0.00767	0.00484	0.00484	0.00968	0.01452	0.02058	0.78496	0.03833	0.04841	0.01049	0.00605	0.00161	0.00242	0.00928	0.00565	0.00484
21	0.00733	0.00550	0.00825	0.00825	0.00916	0.00641	0.00641	0.00916	0.00825	0.01191	0.01374	0.02016	0.01283	0.03848	0.79934	0.00825	0.01374	0.00550	0.00275	0.00458
22	0.04142	0.01030	0.01276	0.00981	0.01380	0.00993	0.00810	0.22899	0.01713	0.56550	0.01777	0.01584	0.01145	0.00626	0.00511	0.00157	0.00471	0.00496	0.00594	0.00866
23	0.01725	0.00876	0.01239	0.01272	0.14261	0.00823	0.00868	0.02021	0.06543	0.43947	0.04562	0.03748	0.01571	0.04143	0.02383	0.00196	0.00481	0.08056	0.00520	0.00764
24	0.04389	0.04097	0.04219	0.06141	0.04143	0.01403	0.01004	0.43073	0.01770	0.03928	0.01200	0.06682	0.00984	0.00683	0.00649	0.00163	0.10509	0.00507	0.00416	0.04040
25	0.01360	0.79478	0.05382	0.00899	0.01349	0.02001	0.00914	0.01540	0.01044	0.01222	0.00721	0.00832	0.00658	0.00441	0.00335	0.00112	0.00556	0.00278	0.00219	0.00662
26	0.00821	0.00561	0.00699	0.00646	0.00800	0.00510	0.00491	0.02382	0.01414	0.06657	0.57804	0.03879	0.19263	0.01066	0.00598	0.00163	0.00263	0.00925	0.00551	0.00505
27	0.78952	0.01123	0.06922	0.00737	0.01089	0.01154	0.00661	0.01517	0.00890	0.02249	0.00731	0.00853	0.00563	0.00477	0.00331	0.00159	0.00425	0.00286	0.00310	0.00572
28	0.00984	0.00932	0.01589	0.76498	0.06002	0.01146	0.03036	0.01327	0.01035	0.01330	0.00916	0.01365	0.00690	0.00509	0.00515	0.00170	0.00685	0.00459	0.00230	0.00581
29	0.07019	0.01036	0.01244	0.04851	0.11540	0.01130	0.00887	0.14261	0.28483	0.04879	0.13642	0.03358	0.01788	0.00703	0.00520	0.00164	0.00445	0.01616	0.00464	0.01970
30	0.00625	0.00447	0.00595	0.00714	0.00744	0.00417	0.00476	0.00714	0.00982	0.01310	0.02828	0.81633	0.03394	0.01608	0.00655	0.00208	0.00298	0.01459	0.00476	0.00417
31	0.01064	0.00912	0.01064	0.00760	0.01216	0.00684	0.00608	0.01292	0.01064	0.01672	0.00912	0.01064	0.00760	0.00380	0.00380	0.00076	0.00380	0.00304	0.00304	0.85104
32	0.76058	0.07425	0.00930	0.00713	0.01039	0.03970	0.00596	0.01529	0.00907	0.02180	0.00717	0.00836	0.00567	0.00475	0.00324	0.00154	0.00427	0.00279	0.00308	0.00565
33	0.78926	0.00998	0.00829	0.00793	0.04470	0.01140	0.00608	0.01546	0.00907	0.04956	0.00771	0.00885	0.00592	0.00481	0.00333	0.00158	0.00408	0.00294	0.00326	0.00578
34	0.01875	0.01376	0.01476	0.01135	0.01534	0.01510	0.00935	0.71029	0.02306	0.03120	0.01240	0.01256	0.00888	0.00607	0.00502	0.00150	0.00544	0.00457	0.04263	0.03796
35	0.00938	0.00650	0.00809	0.03636	0.00980	0.00650	0.00584	0.05098	0.08030	0.06676	0.33473	0.11996	0.07204	0.11169	0.00847	0.00215	0.00355	0.05662	0.00499	0.00528
36	0.00770	0.00536	0.00691	0.00645	0.00779	0.00489	0.00486	0.01002	0.01433	0.04553	0.70729	0.03843	0.09997	0.01053	0.00602	0.00162	0.00250	0.00925	0.00561	0.00493
37	0.01076	0.01022	0.01733	0.53067	0.30363	0.01168	0.01478	0.01405	0.01077	0.01441	0.00931	0.01333	0.00730	0.00493	0.00511	0.00164	0.00657	0.00456	0.00237	0.00657
38	0.04231	0.57725	0.06124	0.00980	0.01393	0.07318	0.00943	0.07801	0.01177	0.03096	0.00798	0.00911	0.00686	0.00490	0.00432	0.00126	0.04525	0.00313	0.00259	0.00673
39	0.00819	0.00588	0.00816	0.00930	0.01050	0.00585	0.00811	0.01051	0.01181	0.01530	0.02807	0.05757	0.05692	0.01413	0.00705	0.00234	0.00465	0.72624	0.00473	0.00471
40	0.02784	0.04462	0.33834	0.01122	0.01603	0.01055	0.01203	0.09254	0.07281	0.13136	0.14423	0.04630	0.01643	0.00672	0.00514	0.00162	0.00547	0.00550	0.00401	0.00725
41	0.01276	0.01102	0.01160	0.01044	0.01334	0.01276	0.00812	0.02727	0.77840	0.02146	0.02088	0.01914	0.01566	0.00696	0.00522	0.00174	0.00406	0.00580	0.00522	0.00812
42	0.01508	0.01225	0.01558	0.08877	0.10408	0.01362	0.05017	0.37044	0.13666	0.02395	0.01357	0.05595	0.01083	0.00718	0.02110	0.00178	0.04160	0.00540	0.00426	0.00773
43	0.00734	0.00500	0.00562	0.00560	0.00579	0.00492	0.00325	0.00755	0.00811	0.01074	0.05381	0.03503	0.08022	0.71968	0.02363	0.00457	0.00467	0.00781	0.00335	0.00328
44	0.01044	0.04215	0.67838	0.01509	0.04159	0.01190	0.06023	0.01598	0.01096	0.01614	0.01004	0.01309	0.00764	0.00524	0.00501	0.00165	0.00743	0.03731	0.00231	0.00741
45	0.00708	0.00519	0.00664	0.00638	0.00758	0.00475	0.00475	0.00929	0.01393	0.01942	0.66259	0.09270	0.11834	0.01111	0.00609	0.00166	0.00248	0.00979	0.00550	0.00475
46	0.00662	0.03323	0.00671	0.00687	0.00761	0.00484	0.00481	0.00779	0.01070	0.01414	0.13021	0.59061	0.12796	0.01455	0.00631	0.00194	0.00294	0.01301	0.00479	0.00436
47	0.12971	0.01260	0.01347	0.03824	0.01501	0.01369	0.00873	0.52332	0.01952	0.06279	0.01176	0.01268	0.00868	0.03435	0.00551	0.00161	0.00524	0.00437	0.00459	0.07414
48	0.04699	0.00695	0.00763	0.00698	0.00869	0.03369	0.00534	0.06999	0.03012	0.02016	0.51646	0.03548	0.17197	0.01008	0.00579	0.00162	0.00305	0.00862	0.00523	0.00519
49	0.01825	0.03845	0.01458	0.01300	0.03010	0.64335	0.00973	0.07912	0.04976	0.01486	0.03601	0.01100	0.00867	0.00558	0.00472	0.00137	0.00836	0.00374	0.00305	0.00628
50	0.57123	0.01082	0.00909	0.05386	0.01202	0.08181	0.00674	0.04625	0.01024	0.02066	0.03623	0.07348	0.00962	0.00612	0.00434	0.00163	0.03270	0.00422	0.00334	0.00560

[dist]
# distance from previous block
# <min> <max>
10	43

[block]
# block no. 5 follows, 48 sequences, length 8
# corresponding to MSA columns:
# 704-711
name=unknown_F
#
# <colnr> <probs for GDERKNQSTAVLIFYWHMCP>
#	G	D	E	R	K	N	Q	S	T	A	V	L	I	F	Y	W	H	M	C	P
0	0.01211	0.02234	0.01068	0.03986	0.05309	0.02694	0.00736	0.14308	0.08577	0.09732	0.18781	0.05136	0.10182	0.06348	0.04446	0.00218	0.00472	0.03464	0.00471	0.00626
1	0.00687	0.00562	0.00747	0.00704	0.00850	0.00503	0.05472	0.00855	0.01195	0.01555	0.24086	0.20263	0.35219	0.04103	0.00687	0.00189	0.00311	0.01076	0.00480	0.00456
2	0.00774	0.00595	0.00729	0.00683	0.00849	0.00545	0.00520	0.01059	0.05814	0.01849	0.46493	0.08833	0.14740	0.01054	0.00587	0.00162	0.00284	0.04895	0.00512	0.09023
3	0.07602	0.00809	0.08658	0.00750	0.00979	0.00631	0.00653	0.01211	0.01358	0.09290	0.53833	0.03174	0.07229	0.00920	0.00562	0.00162	0.00326	0.00790	0.00513	0.00552
4	0.09567	0.01933	0.43966	0.09182	0.02184	0.01179	0.13633	0.01534	0.01083	0.01671	0.04980	0.01280	0.00886	0.00528	0.00551	0.00167	0.04292	0.00445	0.00253	0.00686
5	0.07730	0.12977	0.42187	0.04498	0.05035	0.01245	0.01415	0.01760	0.04547	0.12377	0.01083	0.01177	0.00779	0.00510	0.00460	0.00155	0.00633	0.00391	0.00298	0.00742
6	0.05764	0.06397	0.14282	0.09501	0.37660	0.05394	0.10600	0.01586	0.01139	0.01614	0.00924	0.01195	0.00740	0.00468	0.00494	0.00155	0.00672	0.00435	0.00248	0.00733
7	0.20285	0.01144	0.06017	0.16179	0.01819	0.01130	0.04025	0.17453	0.01389	0.17543	0.01231	0.01435	0.00903	0.00575	0.00475	0.00161	0.00538	0.03256	0.00402	0.04041

[dist]
# distance from previous block
# <min> <max>
6	16

[block]
# block no. 6 follows, 48 sequences, length 80
# corresponding to MSA columns:
# 728-807
name=unknown_G
#
# <colnr> <probs for GDERKNQSTAVLIFYWHMCP>
#	G	D	E	R	K	N	Q	S	T	A	V	L	I	F	Y	W	H	M	C	P
0	0.09251	0.11225	0.04691	0.06461	0.32169	0.12218	0.05742	0.04644	0.02914	0.03129	0.00937	0.01152	0.00759	0.00493	0.00491	0.00150	0.02169	0.00411	0.00278	0.00716
1	0.01404	0.53180	0.05648	0.00977	0.01366	0.07020	0.00924	0.10757	0.01243	0.01522	0.05108	0.01119	0.00938	0.01983	0.00496	0.00135	0.04877	0.00360	0.00279	0.00664
2	0.00974	0.04369	0.49351	0.01231	0.01770	0.01002	0.04023	0.01429	0.01163	0.02941	0.15508	0.05496	0.03067	0.00705	0.00531	0.00167	0.00610	0.04674	0.00320	0.00668
3	0.00680	0.00549	0.00609	0.00595	0.00756	0.00491	0.00452	0.00906	0.04649	0.01628	0.27218	0.04497	0.50271	0.01201	0.00606	0.00172	0.00268	0.03481	0.00505	0.00467
4	0.00658	0.00475	0.00611	0.00674	0.00734	0.00441	0.00461	0.00783	0.01097	0.01483	0.22217	0.51539	0.08267	0.07107	0.00777	0.00215	0.00295	0.01250	0.00487	0.00428
5	0.00743	0.00531	0.00664	0.00630	0.00766	0.00479	0.00472	0.00957	0.01381	0.04079	0.59156	0.06332	0.19689	0.01105	0.00604	0.00165	0.00253	0.00964	0.00546	0.00483
6	0.00959	0.00901	0.01511	0.78557	0.03457	0.01121	0.01397	0.01295	0.01030	0.01313	0.01028	0.01465	0.02798	0.00534	0.00516	0.00171	0.00672	0.00473	0.00235	0.00566
7	0.02269	0.00866	0.01180	0.00907	0.01299	0.00749	0.00749	0.02469	0.01468	0.77517	0.03617	0.01790	0.01345	0.00644	0.00518	0.00159	0.00433	0.00525	0.00634	0.00865
8	0.00853	0.00635	0.00858	0.08093	0.01088	0.00714	0.00631	0.06003	0.00964	0.01343	0.05491	0.02384	0.01553	0.26540	0.36485	0.00558	0.02542	0.00611	0.02197	0.00456
9	0.01064	0.00912	0.01064	0.00760	0.01216	0.00684	0.00608	0.01292	0.01064	0.01672	0.00912	0.01064	0.00760	0.00380	0.00380	0.00076	0.00380	0.00304	0.00304	0.85104
10	0.01014	0.01118	0.07611	0.46485	0.06986	0.01117	0.17442	0.01365	0.01064	0.01412	0.01072	0.05695	0.00900	0.03812	0.00622	0.00185	0.00696	0.00547	0.00252	0.00604
11	0.01857	0.01425	0.01485	0.01167	0.01556	0.04151	0.00953	0.64340	0.12754	0.03018	0.01335	0.01316	0.00961	0.00624	0.00513	0.00156	0.00555	0.00474	0.00506	0.00855
12	0.85592	0.00992	0.00754	0.00675	0.00992	0.01151	0.00556	0.01508	0.00873	0.02302	0.00714	0.00834	0.00556	0.00476	0.00318	0.00159	0.00397	0.00278	0.00318	0.00556
13	0.00969	0.00912	0.01539	0.80734	0.03534	0.01140	0.01425	0.01311	0.01026	0.01311	0.00912	0.01368	0.00684	0.00513	0.00513	0.00171	0.00684	0.00456	0.00228	0.00570
14	0.01276	0.01102	0.01160	0.01044	0.01334	0.01276	0.00812	0.02727	0.77840	0.02146	0.02088	0.01914	0.01566	0.00696	0.00522	0.00174	0.00406	0.00580	0.00522	0.00812
15	0.01123	0.01123	0.01572	0.01347	0.01347	0.01572	0.01123	0.01235	0.00786	0.01235	0.00674	0.01123	0.00674	0.00898	0.01684	0.00225	0.81028	0.00449	0.00225	0.00561
16	0.01211	0.01384	0.03028	0.02163	0.02682	0.01298	0.76903	0.01644	0.01211	0.01644	0.01038	0.01384	0.00779	0.00433	0.00606	0.00173	0.00865	0.00606	0.00260	0.00692
17	0.00610	0.00520	0.00525	0.00524	0.00695	0.00435	0.00393	0.00743	0.01178	0.01407	0.07435	0.04904	0.76308	0.01292	0.00606	0.00173	0.00259	0.01078	0.00479	0.00435
18	0.00969	0.00912	0.01539	0.80734	0.03534	0.01140	0.01425	0.01311	0.01026	0.01311	0.00912	0.01368	0.00684	0.00513	0.00513	0.00171	0.00684	0.00456	0.00228	0.00570
19	0.00625	0.00447	0.00595	0.00714	0.00744	0.00417	0.00476	0.00714	0.00982	0.01310	0.02828	0.81633	0.03394	0.01608	0.00655	0.00208	0.00298	0.01459	0.00476	0.00417
20	0.01123	0.01123	0.01572	0.01347	0.01347	0.01572	0.01123	0.01235	0.00786	0.01235	0.00674	0.01123	0.00674	0.00898	0.01684	0.00225	0.81028	0.00449	0.00225	0.00561
21	0.00956	0.00478	0.00478	0.00478	0.00598	0.00478	0.00359	0.01196	0.01076	0.01913	0.01674	0.01913	0.01315	0.00598	0.00359	0.00120	0.00239	0.00478	0.84816	0.00478
22	0.01206	0.01373	0.02994	0.03948	0.02701	0.01294	0.75188	0.01636	0.01207	0.01636	0.01035	0.01384	0.00776	0.00434	0.00603	0.00173	0.00861	0.00602	0.00259	0.00689
23	0.00746	0.00564	0.00833	0.00826	0.00910	0.00662	0.00638	0.00917	0.00819	0.01182	0.01366	0.02060	0.01295	0.07915	0.73431	0.00789	0.03759	0.00557	0.00275	0.00453
24	0.00624	0.00449	0.00592	0.00707	0.00742	0.00417	0.00473	0.00715	0.00990	0.01313	0.02923	0.78560	0.06405	0.01595	0.00653	0.00207	0.00296	0.01444	0.00476	0.00417
25	0.82779	0.00990	0.00780	0.03336	0.01077	0.01151	0.00585	0.01502	0.00878	0.02269	0.00721	0.00851	0.00560	0.00478	0.00324	0.00159	0.00406	0.00284	0.00315	0.00556
26	0.00652	0.00517	0.00566	0.00590	0.00718	0.00458	0.00434	0.00771	0.01091	0.01337	0.04177	0.12273	0.51900	0.13146	0.00916	0.00231	0.00321	0.09033	0.00452	0.00418
27	0.01366	0.01091	0.01226	0.00903	0.01344	0.00993	0.00733	0.27077	0.01523	0.02204	0.01021	0.01121	0.00798	0.00460	0.00425	0.00103	0.00443	0.00358	0.00375	0.56438
28	0.00609	0.00508	0.00532	0.00551	0.00701	0.00431	0.00404	0.00733	0.01139	0.01374	0.04816	0.17285	0.66458	0.01349	0.00614	0.00179	0.00266	0.01143	0.00476	0.00431
29	0.00952	0.00864	0.01406	0.58695	0.09735	0.01020	0.01249	0.01263	0.01082	0.01430	0.06859	0.01818	0.06615	0.00607	0.00519	0.00167	0.00595	0.00536	0.04016	0.00572
30	0.85592	0.00992	0.00754	0.00675	0.00992	0.01151	0.00556	0.01508	0.00873	0.02302	0.00714	0.00834	0.00556	0.00476	0.00318	0.00159	0.00397	0.00278	0.00318	0.00556
31	0.01372	0.82276	0.02689	0.00878	0.01317	0.02030	0.00878	0.01536	0.01043	0.01207	0.00713	0.00823	0.00658	0.00439	0.00329	0.00110	0.00549	0.00274	0.00219	0.00658
32	0.00724	0.00524	0.00683	0.00643	0.00765	0.00483	0.00482	0.00964	0.01447	0.02044	0.77029	0.03855	0.06316	0.01054	0.00605	0.00162	0.00242	0.00931	0.00563	0.00483
33	0.01246	0.01195	0.02039	0.09360	0.72744	0.01213	0.01563	0.01554	0.01157	0.01647	0.00961	0.01278	0.00802	0.00462	0.00508	0.00154	0.00616	0.00457	0.00252	0.00793
34	0.00733	0.00550	0.00825	0.00825	0.00916	0.00641	0.00641	0.00916	0.00825	0.01191	0.01374	0.02016	0.01283	0.03848	0.79934	0.00825	0.01374	0.00550	0.00275	0.00458
35	0.29682	0.01863	0.41522	0.01157	0.01667	0.01208	0.01311	0.02872	0.01005	0.01849	0.00848	0.01024	0.00639	0.00531	0.00552	0.00167	0.08939	0.00356	0.02144	0.00665
36	0.85592	0.00992	0.00754	0.00675	0.00992	0.01151	0.00556	0.01508	0.00873	0.02302	0.00714	0.00834	0.00556	0.00476	0.00318	0.00159	0.00397	0.00278	0.00318	0.00556
37	0.00793	0.00599	0.00770	0.02519	0.00912	0.00539	0.00540	0.01025	0.01335	0.01903	0.56427	0.03432	0.03852	0.04217	0.00654	0.00166	0.00299	0.05417	0.00499	0.14101
38	0.02503	0.03117	0.00924	0.00849	0.00954	0.02457	0.00664	0.01004	0.02335	0.01289	0.01897	0.11707	0.10834	0.02537	0.42249	0.00521	0.11249	0.00692	0.01738	0.00481
39	0.02623	0.04944	0.62139	0.01324	0.01950	0.01158	0.01630	0.01531	0.01093	0.01648	0.07461	0.01329	0.01023	0.00558	0.00549	0.00163	0.04956	0.00427	0.02786	0.00709
40	0.03288	0.00461	0.00671	0.00669	0.00678	0.00466	0.00449	0.00692	0.00674	0.00931	0.00886	0.01539	0.00882	0.01746	0.01958	0.82669	0.00444	0.00441	0.00225	0.00232
41	0.01418	0.04852	0.05111	0.09724	0.37194	0.24615	0.04679	0.01685	0.01231	0.01500	0.00917	0.01171	0.00752	0.00486	0.00488	0.00147	0.00717	0.00416	0.02194	0.00703
42	0.80544	0.02725	0.03877	0.00710	0.01047	0.01171	0.00615	0.01513	0.00885	0.02253	0.00723	0.00843	0.00561	0.00476	0.00324	0.00158	0.00414	0.00282	0.00312	0.00566
43	0.01049	0.01158	0.11566	0.19114	0.11988	0.02283	0.05779	0.07518	0.04587	0.01748	0.15020	0.08146	0.06393	0.00740	0.00547	0.00167	0.00544	0.00657	0.00362	0.00634
44	0.01185	0.11924	0.05295	0.07700	0.06840	0.01236	0.03978	0.06886	0.30488	0.01839	0.04586	0.02103	0.09899	0.00707	0.00514	0.00163	0.00488	0.03056	0.00408	0.00704
45	0.00843	0.00581	0.00765	0.00742	0.00828	0.00663	0.00563	0.02421	0.00905	0.01391	0.01433	0.02099	0.01322	0.13629	0.41725	0.00543	0.06543	0.00550	0.21997	0.00458
46	0.03583	0.59102	0.14404	0.01056	0.01522	0.01813	0.05084	0.01539	0.01039	0.01326	0.00760	0.00910	0.00662	0.00472	0.00441	0.00129	0.04948	0.00318	0.00224	0.00668
47	0.48832	0.01002	0.00961	0.00820	0.01110	0.01136	0.00665	0.12676	0.02613	0.10077	0.01037	0.01236	0.00818	0.05648	0.04707	0.00217	0.05064	0.00387	0.00375	0.00620
48	0.01123	0.01123	0.01572	0.01347	0.01347	0.01572	0.01123	0.01235	0.00786	0.01235	0.00674	0.01123	0.00674	0.00898	0.01684	0.00225	0.81028	0.00449	0.00225	0.00561
49	0.01542	0.05507	0.29292	0.01151	0.01625	0.01079	0.02537	0.05747	0.03420	0.28931	0.01385	0.01481	0.00988	0.04915	0.00689	0.00180	0.06234	0.00463	0.02079	0.00757
50	0.00625	0.00447	0.00595	0.00714	0.00744	0.00417	0.00476	0.00714	0.00982	0.01310	0.02828	0.81633	0.03394	0.01608	0.00655	0.00208	0.00298	0.01459	0.00476	0.00417
51	0.01123	0.01123	0.01572	0.01347	0.01347	0.01572	0.01123	0.01235	0.00786	0.01235	0.00674	0.01123	0.00674	0.00898	0.01684	0.00225	0.81028	0.00449	0.00225	0.00561
52	0.02277	0.00913	0.01215	0.00932	0.01330	0.00813	0.00770	0.07758	0.01535	0.73770	0.01968	0.01710	0.01242	0.00634	0.00516	0.00158	0.00446	0.00512	0.00626	0.00873
53	0.01029	0.02654	0.79309	0.01462	0.02221	0.01192	0.01896	0.01625	0.01083	0.01625	0.00921	0.01083	0.00650	0.00487	0.00487	0.00162	0.00758	0.00379	0.00217	0.00758
54	0.01735	0.01324	0.01409	0.04484	0.01569	0.03288	0.00929	0.55061	0.14752	0.02844	0.01377	0.01386	0.01002	0.00622	0.00504	0.00155	0.00532	0.00479	0.05730	0.00819
55	0.00630	0.00454	0.00598	0.00710	0.00750	0.00422	0.00481	0.00725	0.00998	0.01320	0.02951	0.75493	0.07381	0.01586	0.00654	0.00207	0.00300	0.03444	0.00476	0.00419
56	0.01913	0.01334	0.01461	0.01134	0.01525	0.01457	0.00932	0.64431	0.04615	0.10518	0.01373	0.03030	0.00994	0.00701	0.01990	0.00169	0.00557	0.00494	0.00520	0.00853
57	0.00725	0.00489	0.00566	0.00586	0.00591	0.00484	0.00339	0.00741	0.00787	0.01049	0.01824	0.16750	0.02127	0.68218	0.02277	0.00448	0.00463	0.00868	0.00339	0.00329
