[name]
unknown

[dist]
# distance from previous block
# <min> <max>
0	156

[block]
# block no. 0 follows, 47 sequences, length 12
# corresponding to MSA columns:
# 156-167
name=unknown_A
#
# <colnr> <probs for GDERKNQSTAVLIFYWHMCP>
#	G	D	E	R	K	N	Q	S	T	A	V	L	I	F	Y	W	H	M	C	P
0	0.07000	0.11343	0.08175	0.04733	0.07976	0.06801	0.01016	0.19708	0.04523	0.04412	0.01119	0.01346	0.00895	0.00553	0.00463	0.00141	0.00564	0.03366	0.00358	0.15508
1	0.03169	0.03409	0.09591	0.04932	0.01529	0.04638	0.03227	0.18811	0.07509	0.05723	0.04015	0.01557	0.01123	0.03630	0.09175	0.00243	0.07543	0.00488	0.04270	0.05418
2	0.01402	0.10307	0.11616	0.01185	0.01537	0.06378	0.05834	0.16404	0.09405	0.05552	0.01315	0.01548	0.03488	0.07097	0.00836	0.00191	0.11804	0.00490	0.00358	0.03254
3	0.05324	0.01031	0.01406	0.01199	0.04492	0.01061	0.12034	0.20279	0.06687	0.05253	0.01916	0.15832	0.08767	0.00947	0.03442	0.00194	0.03055	0.00723	0.00427	0.05931
4	0.05376	0.01301	0.02661	0.01146	0.03807	0.11209	0.02824	0.29302	0.01630	0.06539	0.04681	0.06065	0.01245	0.04311	0.00724	0.03291	0.04673	0.01796	0.00415	0.07003
5	0.01519	0.10406	0.03253	0.02956	0.08915	0.04200	0.08526	0.17991	0.03150	0.13024	0.02659	0.08831	0.01191	0.00681	0.00606	0.00161	0.06665	0.00560	0.00399	0.04306
6	0.01252	0.10601	0.05184	0.01480	0.04828	0.13781	0.26598	0.04818	0.01244	0.01556	0.03306	0.08878	0.04949	0.02966	0.04711	0.00205	0.00731	0.00619	0.01665	0.00629
7	0.09144	0.01103	0.03861	0.02974	0.15074	0.05714	0.08191	0.01402	0.05536	0.01590	0.01492	0.18000	0.03408	0.00918	0.03262	0.00198	0.11657	0.00679	0.00332	0.05466
8	0.06969	0.06292	0.08415	0.03871	0.10769	0.08778	0.20256	0.03819	0.01196	0.04129	0.01293	0.09241	0.01189	0.00692	0.00604	0.00173	0.04844	0.06494	0.00317	0.00658
9	0.01308	0.11972	0.13364	0.04942	0.09467	0.15791	0.09027	0.03286	0.12645	0.01617	0.03423	0.04703	0.04979	0.00625	0.00507	0.00157	0.00651	0.00524	0.00324	0.00689
10	0.00911	0.00455	0.00660	0.00660	0.00672	0.00455	0.00444	0.00730	0.00718	0.01004	0.00981	0.01617	0.00946	0.01694	0.01876	0.76748	0.00432	0.00455	0.08291	0.00251
11	0.01047	0.00757	0.00909	0.03756	0.05707	0.00740	0.00657	0.08465	0.08414	0.09472	0.09203	0.12065	0.34634	0.01063	0.00585	0.00174	0.00365	0.00903	0.00492	0.00593

[dist]
# distance from previous block
# <min> <max>
0	6

[block]
# block no. 1 follows, 47 sequences, length 19
# corresponding to MSA columns:
# 174-192
name=unknown_B
#
# <colnr> <probs for GDERKNQSTAVLIFYWHMCP>
#	G	D	E	R	K	N	Q	S	T	A	V	L	I	F	Y	W	H	M	C	P
0	0.01157	0.01802	0.35652	0.17491	0.14290	0.01202	0.07327	0.01716	0.08144	0.04623	0.01101	0.01313	0.00812	0.00516	0.00517	0.00167	0.00694	0.00454	0.00276	0.00745
1	0.01107	0.01282	0.21732	0.00966	0.01348	0.00882	0.00956	0.01686	0.18209	0.11199	0.12166	0.02748	0.21862	0.00848	0.00553	0.00170	0.00452	0.00705	0.00454	0.00674
2	0.01229	0.01405	0.03073	0.02195	0.02722	0.01317	0.76558	0.01668	0.01229	0.01668	0.01054	0.01405	0.00790	0.00439	0.00615	0.00176	0.00878	0.00615	0.00263	0.00702
3	0.01351	0.52457	0.14239	0.04312	0.01644	0.07776	0.04382	0.03342	0.01129	0.01365	0.00818	0.00979	0.00698	0.00575	0.02870	0.00150	0.00665	0.00335	0.00237	0.00675
4	0.01374	0.01089	0.05161	0.04067	0.03207	0.02950	0.03069	0.22757	0.08039	0.10311	0.05216	0.14313	0.06738	0.02061	0.00602	0.00182	0.00495	0.07203	0.00476	0.00690
5	0.00644	0.00460	0.00615	0.00736	0.00771	0.00431	0.00500	0.00742	0.01007	0.01340	0.02865	0.77809	0.03423	0.01622	0.00667	0.00213	0.00310	0.04935	0.00483	0.00426
6	0.01244	0.01261	0.05175	0.12045	0.66711	0.01227	0.01594	0.01569	0.01166	0.01656	0.00972	0.01293	0.00803	0.00472	0.00515	0.00157	0.00634	0.00461	0.00253	0.00794
7	0.05783	0.03561	0.10497	0.20038	0.20429	0.03594	0.10111	0.11540	0.02864	0.01834	0.01002	0.01258	0.00771	0.00503	0.00505	0.00159	0.00660	0.00451	0.00293	0.04147
8	0.01183	0.01146	0.02002	0.28823	0.47865	0.01217	0.07168	0.01514	0.01141	0.01575	0.00967	0.01331	0.00779	0.00481	0.00525	0.00163	0.00663	0.00475	0.00249	0.00734
9	0.00648	0.00466	0.00616	0.00720	0.00765	0.00434	0.00491	0.00757	0.01048	0.01402	0.09272	0.70747	0.05555	0.01570	0.00661	0.00207	0.00301	0.03417	0.00491	0.00431
10	0.00648	0.00529	0.00573	0.00562	0.00723	0.00454	0.00421	0.00811	0.01264	0.01590	0.24836	0.04711	0.58564	0.01251	0.00615	0.00173	0.00259	0.01057	0.00508	0.00454
11	0.01125	0.00860	0.03950	0.00959	0.03105	0.00841	0.00733	0.01768	0.28805	0.10533	0.02375	0.29740	0.03792	0.01050	0.00578	0.00187	0.00389	0.04383	0.04177	0.00651
12	0.01065	0.02163	0.55124	0.04527	0.04979	0.01168	0.04719	0.04818	0.01138	0.01666	0.02614	0.01293	0.00838	0.00870	0.08646	0.00235	0.02729	0.00435	0.00250	0.00725
13	0.01392	0.82012	0.02729	0.00891	0.01337	0.02061	0.00891	0.01559	0.01058	0.01225	0.00724	0.00835	0.00668	0.00446	0.00334	0.00111	0.00557	0.00278	0.00223	0.00668
14	0.01422	0.62654	0.05087	0.02937	0.01426	0.05778	0.00929	0.07783	0.01190	0.01430	0.00830	0.00982	0.00731	0.02183	0.00416	0.00128	0.00579	0.00321	0.02523	0.00672
15	0.00768	0.00526	0.00609	0.00601	0.00607	0.00540	0.00354	0.00783	0.00783	0.01056	0.03996	0.03322	0.01937	0.74839	0.04488	0.00494	0.02895	0.00749	0.00320	0.00332
16	0.03851	0.02576	0.05335	0.01190	0.08094	0.03082	0.00907	0.09625	0.25554	0.06351	0.04572	0.01647	0.01281	0.00611	0.00514	0.00148	0.02117	0.02285	0.00422	0.19838
17	0.00905	0.00452	0.00678	0.00678	0.00678	0.00452	0.00452	0.00678	0.00678	0.00905	0.00905	0.01583	0.00905	0.01809	0.02035	0.84848	0.00452	0.00452	0.00226	0.00226
18	0.02961	0.01169	0.01682	0.21571	0.29646	0.04088	0.03077	0.11829	0.06357	0.03681	0.04567	0.01547	0.02929	0.00578	0.00544	0.00163	0.02043	0.00506	0.00335	0.00729

[dist]
# distance from previous block
# <min> <max>
1	23

[block]
# block no. 2 follows, 47 sequences, length 31
# corresponding to MSA columns:
# 216-246
name=unknown_C
#
# <colnr> <probs for GDERKNQSTAVLIFYWHMCP>
#	G	D	E	R	K	N	Q	S	T	A	V	L	I	F	Y	W	H	M	C	P
0	0.10935	0.03090	0.16724	0.12379	0.06736	0.01272	0.04529	0.20715	0.01422	0.02111	0.04728	0.01354	0.00972	0.00584	0.00559	0.00163	0.05370	0.00455	0.05194	0.00706
1	0.09859	0.01679	0.33153	0.01222	0.01692	0.02800	0.09266	0.03793	0.01149	0.04871	0.04065	0.01814	0.10135	0.03751	0.00656	0.00181	0.05197	0.00531	0.03529	0.00658
2	0.02833	0.01157	0.10263	0.07795	0.19000	0.04299	0.04774	0.01437	0.03701	0.05879	0.09412	0.10466	0.07385	0.00795	0.00554	0.00169	0.00533	0.05302	0.00371	0.03873
3	0.00634	0.00453	0.00604	0.00725	0.00755	0.00423	0.00483	0.00725	0.00997	0.01329	0.02870	0.81358	0.03444	0.01632	0.00665	0.00211	0.00302	0.01480	0.00483	0.00423
4	0.01227	0.01189	0.01954	0.23150	0.57075	0.03247	0.01544	0.01541	0.01156	0.01594	0.00961	0.01306	0.00787	0.00481	0.00516	0.00159	0.00647	0.00460	0.00251	0.00755
5	0.00751	0.00552	0.00807	0.00807	0.00893	0.00635	0.00617	0.00924	0.00837	0.01213	0.01422	0.02149	0.01349	0.09853	0.71588	0.00792	0.01296	0.00572	0.02490	0.00454
6	0.00692	0.00531	0.00634	0.00608	0.00751	0.00472	0.00456	0.00896	0.01368	0.01837	0.51303	0.04304	0.31942	0.01158	0.00615	0.00168	0.00252	0.01000	0.00540	0.00472
7	0.85377	0.01007	0.00765	0.00685	0.01007	0.01168	0.00564	0.01531	0.00886	0.02336	0.00725	0.00846	0.00564	0.00483	0.00322	0.00161	0.00403	0.00282	0.00322	0.00564
8	0.85377	0.01007	0.00765	0.00685	0.01007	0.01168	0.00564	0.01531	0.00886	0.02336	0.00725	0.00846	0.00564	0.00483	0.00322	0.00161	0.00403	0.00282	0.00322	0.00564
9	0.00836	0.00589	0.00748	0.00704	0.00845	0.00566	0.00536	0.01168	0.07254	0.04217	0.63085	0.03731	0.04318	0.02722	0.00648	0.00175	0.00281	0.04697	0.02355	0.00524
10	0.01392	0.82012	0.02729	0.00891	0.01337	0.02061	0.00891	0.01559	0.01058	0.01225	0.00724	0.00835	0.00668	0.00446	0.00334	0.00111	0.00557	0.00278	0.00223	0.00668
11	0.00670	0.00518	0.00617	0.00655	0.00776	0.00465	0.00490	0.00826	0.01194	0.01534	0.18049	0.24427	0.36177	0.01366	0.00640	0.00190	0.00296	0.10160	0.00500	0.00450
12	0.01980	0.01459	0.01563	0.01198	0.01615	0.01615	0.00990	0.76713	0.02448	0.03282	0.01250	0.01250	0.00886	0.00625	0.00521	0.00156	0.00573	0.00469	0.00521	0.00886
13	0.00765	0.00507	0.00582	0.00580	0.00594	0.00511	0.00339	0.00791	0.00795	0.01088	0.03688	0.03291	0.01921	0.72226	0.06395	0.00497	0.00532	0.00741	0.03823	0.00335
14	0.01481	0.01048	0.01167	0.00973	0.01250	0.01122	0.00771	0.43984	0.01901	0.04638	0.11260	0.18185	0.01962	0.00887	0.00551	0.00166	0.00448	0.00740	0.06756	0.00711
15	0.01289	0.01237	0.02114	0.03196	0.78450	0.01237	0.01598	0.01598	0.01186	0.01701	0.00980	0.01289	0.00825	0.00464	0.00516	0.00155	0.00619	0.00464	0.00258	0.00825
16	0.01149	0.18861	0.47275	0.01362	0.03993	0.02765	0.03653	0.03232	0.01127	0.01570	0.02391	0.01259	0.03719	0.00550	0.00538	0.00157	0.05020	0.00413	0.00247	0.00720
17	0.01443	0.69624	0.05674	0.00962	0.01405	0.08389	0.00946	0.04066	0.01140	0.01314	0.00756	0.00868	0.00675	0.00461	0.00358	0.00117	0.00597	0.00294	0.00236	0.00674
18	0.01322	0.01198	0.05319	0.00999	0.01464	0.03521	0.05326	0.15963	0.01378	0.04035	0.01022	0.01147	0.00799	0.00453	0.00438	0.00107	0.00491	0.00368	0.00350	0.54301
19	0.01920	0.01389	0.01496	0.01161	0.01561	0.01533	0.00954	0.66761	0.07792	0.06052	0.01354	0.01337	0.00962	0.00631	0.00518	0.00157	0.00549	0.00480	0.02521	0.00872
20	0.00805	0.00638	0.00777	0.00829	0.04120	0.00623	0.00601	0.01149	0.10920	0.01672	0.20579	0.10698	0.25285	0.05448	0.00730	0.00204	0.00346	0.13570	0.00491	0.00515
21	0.02266	0.00888	0.01199	0.00924	0.01316	0.00778	0.00761	0.04498	0.01516	0.73817	0.04946	0.01839	0.01417	0.00660	0.00527	0.00161	0.00439	0.00538	0.00638	0.00871
22	0.00971	0.00485	0.00485	0.00485	0.00607	0.00485	0.00364	0.01213	0.01092	0.01942	0.01699	0.01942	0.01335	0.00607	0.00364	0.00121	0.00243	0.00485	0.84589	0.00485
23	0.50426	0.00986	0.00970	0.00800	0.01157	0.01043	0.00660	0.05771	0.01190	0.30620	0.01243	0.01209	0.00848	0.00550	0.00407	0.00161	0.00426	0.00381	0.00451	0.00700
24	0.01754	0.00923	0.01097	0.00910	0.01234	0.00928	0.00729	0.06012	0.25594	0.38051	0.02056	0.01897	0.03082	0.00673	0.00505	0.00160	0.00407	0.00549	0.12639	0.00799
25	0.00646	0.00469	0.00610	0.00701	0.00754	0.00433	0.00478	0.00760	0.01073	0.01433	0.12715	0.65630	0.09303	0.01535	0.00654	0.00203	0.00292	0.01382	0.00495	0.00433
26	0.00737	0.00532	0.00696	0.00655	0.00778	0.00491	0.00491	0.00983	0.01474	0.02088	0.78175	0.03890	0.04914	0.01065	0.00614	0.00164	0.00246	0.00942	0.00573	0.00491
27	0.00725	0.00532	0.00679	0.00642	0.00770	0.00486	0.00482	0.00959	0.01445	0.02020	0.70828	0.04003	0.12304	0.01090	0.00614	0.00165	0.00248	0.00958	0.00564	0.00486
28	0.00644	0.00465	0.00611	0.00719	0.00764	0.00432	0.00490	0.00747	0.01032	0.01370	0.05949	0.72063	0.07337	0.01587	0.00662	0.00209	0.00303	0.03701	0.00487	0.00428
29	0.01370	0.69074	0.12204	0.00982	0.01462	0.04913	0.01024	0.01590	0.01079	0.01280	0.00753	0.00872	0.00667	0.00455	0.00359	0.00119	0.00598	0.00294	0.00224	0.00678
30	0.01124	0.00589	0.00756	0.00731	0.00870	0.00535	0.00519	0.01230	0.01100	0.22484	0.02611	0.37079	0.09143	0.17513	0.01023	0.00254	0.00378	0.01039	0.00494	0.00530

[dist]
# distance from previous block
# <min> <max>
1	2

[block]
# block no. 3 follows, 47 sequences, length 22
# corresponding to MSA columns:
# 249-270
name=unknown_D
#
# <colnr> <probs for GDERKNQSTAVLIFYWHMCP>
#	G	D	E	R	K	N	Q	S	T	A	V	L	I	F	Y	W	H	M	C	P
0	0.01524	0.04933	0.01344	0.01096	0.01421	0.08170	0.00870	0.15916	0.50670	0.05594	0.01784	0.01674	0.01329	0.00663	0.00514	0.00166	0.00495	0.00528	0.00497	0.00812
1	0.03294	0.00569	0.00756	0.00819	0.00893	0.00571	0.02057	0.03997	0.01074	0.01470	0.02617	0.63155	0.03058	0.01487	0.00688	0.00211	0.03032	0.09322	0.00467	0.00463
2	0.01249	0.04560	0.20998	0.14446	0.15417	0.06599	0.23212	0.01653	0.01180	0.04279	0.00998	0.01269	0.00754	0.00484	0.00531	0.00163	0.00756	0.00475	0.00259	0.00718
3	0.00766	0.00569	0.00708	0.00676	0.00810	0.00537	0.00505	0.02979	0.04091	0.01978	0.58504	0.10893	0.12776	0.01120	0.00614	0.00170	0.00267	0.00983	0.00552	0.00501
4	0.00798	0.00614	0.03395	0.00697	0.00847	0.00521	0.00550	0.01045	0.01432	0.04730	0.68196	0.08501	0.04549	0.01065	0.00610	0.00167	0.00274	0.00941	0.00558	0.00511
5	0.00839	0.00698	0.01019	0.00964	0.01035	0.00878	0.00768	0.01008	0.00827	0.01220	0.01224	0.01828	0.01153	0.03187	0.60927	0.00691	0.20444	0.00533	0.00267	0.00490
6	0.01143	0.06943	0.48102	0.01598	0.02213	0.03750	0.18940	0.01628	0.01113	0.01584	0.00924	0.01152	0.00693	0.00515	0.00614	0.00169	0.07524	0.00436	0.00232	0.00726
7	0.01282	0.57543	0.22744	0.01030	0.01547	0.01767	0.01141	0.01568	0.01071	0.01368	0.00822	0.00953	0.00695	0.00466	0.00378	0.00126	0.00599	0.00316	0.03898	0.00687
8	0.01005	0.00732	0.00871	0.00797	0.00896	0.00803	0.00566	0.15592	0.01122	0.01527	0.01568	0.09021	0.01652	0.41248	0.15255	0.00454	0.05348	0.00709	0.00358	0.00476
9	0.01796	0.08746	0.08350	0.01136	0.02978	0.05991	0.00981	0.30385	0.07332	0.20291	0.02623	0.02836	0.01096	0.00624	0.00500	0.00155	0.00552	0.00483	0.02334	0.00810
10	0.00764	0.00574	0.00690	0.00683	0.00810	0.00556	0.00501	0.03123	0.05609	0.01702	0.28552	0.19586	0.20276	0.05087	0.06383	0.00240	0.00375	0.01004	0.03001	0.00486
11	0.00819	0.00566	0.00724	0.00698	0.00828	0.00534	0.00518	0.01098	0.05471	0.05469	0.55270	0.17151	0.06589	0.01132	0.00614	0.00173	0.00274	0.01002	0.00556	0.00514
12	0.01170	0.01119	0.03659	0.37937	0.09938	0.01230	0.06978	0.06573	0.16909	0.01715	0.01201	0.01458	0.00913	0.00559	0.00557	0.00169	0.02897	0.00492	0.00319	0.04207
13	0.00645	0.00464	0.00613	0.00723	0.00765	0.00433	0.00493	0.00749	0.01031	0.01372	0.06104	0.72565	0.06404	0.01589	0.00663	0.00209	0.00304	0.03958	0.00487	0.00428
14	0.01283	0.17450	0.11154	0.04787	0.04888	0.02818	0.25970	0.04109	0.05528	0.03209	0.00995	0.01237	0.00790	0.00550	0.00692	0.00167	0.12927	0.00473	0.00275	0.00698
15	0.00762	0.00595	0.00785	0.09806	0.01125	0.00584	0.00621	0.01021	0.02911	0.01819	0.46262	0.03970	0.18795	0.01080	0.00612	0.00175	0.00326	0.07749	0.00507	0.00497
16	0.01224	0.00921	0.01095	0.00789	0.01245	0.00702	0.00634	0.01452	0.01127	0.10530	0.01055	0.01159	0.00831	0.00415	0.00401	0.00087	0.00392	0.00333	0.00347	0.75261
17	0.00745	0.00552	0.00806	0.00806	0.00888	0.00634	0.00613	0.00910	0.00828	0.01186	0.01423	0.02202	0.01370	0.12816	0.70817	0.00799	0.01293	0.00581	0.00283	0.00448
18	0.00694	0.00525	0.00640	0.00623	0.00755	0.00471	0.00463	0.00895	0.01356	0.01835	0.51447	0.09731	0.26304	0.01180	0.00618	0.00171	0.00255	0.01026	0.00541	0.00471
19	0.01185	0.00867	0.01041	0.00785	0.01191	0.00672	0.00620	0.01396	0.01121	0.11230	0.01289	0.10361	0.01142	0.00561	0.00435	0.00103	0.00383	0.00469	0.00370	0.64778
20	0.72963	0.01074	0.00884	0.00761	0.01098	0.01235	0.00627	0.12722	0.01119	0.02477	0.00803	0.00906	0.00612	0.00505	0.00352	0.00160	0.00428	0.00310	0.00352	0.00612
21	0.00755	0.00508	0.00583	0.00578	0.00592	0.00503	0.00336	0.00783	0.00839	0.01133	0.10407	0.03463	0.02239	0.72462	0.02417	0.00466	0.00475	0.00778	0.00345	0.00336

[dist]
# distance from previous block
# <min> <max>
0	2

[block]
# block no. 4 follows, 47 sequences, length 16
# corresponding to MSA columns:
# 273-288
name=unknown_E
#
# <colnr> <probs for GDERKNQSTAVLIFYWHMCP>
#	G	D	E	R	K	N	Q	S	T	A	V	L	I	F	Y	W	H	M	C	P
0	0.00784	0.00543	0.00618	0.00592	0.00637	0.00520	0.00349	0.00809	0.00795	0.01085	0.01611	0.05602	0.01835	0.71512	0.02374	0.00455	0.00487	0.00737	0.00320	0.08333
1	0.00982	0.00884	0.01460	0.72869	0.03304	0.01093	0.01344	0.01319	0.01046	0.01388	0.00999	0.01441	0.00755	0.00529	0.00506	0.00169	0.00651	0.00465	0.08226	0.00570
2	0.01062	0.02572	0.71804	0.01552	0.02298	0.01220	0.08997	0.01651	0.01112	0.01651	0.00946	0.01128	0.00672	0.00489	0.00506	0.00166	0.00780	0.00407	0.00224	0.00763
3	0.04349	0.00942	0.01214	0.00944	0.01333	0.00870	0.00776	0.09041	0.05257	0.64458	0.03918	0.01765	0.01343	0.00653	0.00521	0.00162	0.00447	0.00527	0.00618	0.00865
4	0.01137	0.00924	0.01086	0.00778	0.01239	0.00697	0.00624	0.01367	0.01099	0.05229	0.00977	0.01112	0.00795	0.00398	0.00392	0.00081	0.00388	0.00318	0.00324	0.81035
5	0.00774	0.00544	0.00680	0.00652	0.00793	0.00491	0.00493	0.00983	0.01375	0.05028	0.52201	0.08435	0.20818	0.01148	0.00617	0.00172	0.00269	0.03488	0.00548	0.00492
6	0.00642	0.00468	0.00590	0.00684	0.00732	0.00432	0.00457	0.00731	0.01005	0.01314	0.03117	0.63953	0.14108	0.08150	0.00820	0.00230	0.00313	0.01366	0.00470	0.00417
7	0.00668	0.00506	0.00714	0.03642	0.00916	0.00480	0.02854	0.00786	0.01033	0.01370	0.05438	0.69115	0.07481	0.01518	0.00653	0.00205	0.00330	0.01377	0.00471	0.00440
8	0.28284	0.04061	0.14394	0.01434	0.07807	0.05004	0.16146	0.06437	0.05413	0.01965	0.00959	0.01136	0.00736	0.00514	0.00508	0.00164	0.03632	0.00418	0.00303	0.00686
9	0.00635	0.00466	0.00596	0.00694	0.00748	0.00427	0.00471	0.00736	0.01039	0.01364	0.05507	0.67836	0.14433	0.01569	0.00656	0.00205	0.00295	0.01408	0.00486	0.00427
10	0.00634	0.00453	0.00604	0.00725	0.00755	0.00423	0.00483	0.00725	0.00997	0.01329	0.02870	0.81358	0.03444	0.01632	0.00665	0.00211	0.00302	0.01480	0.00483	0.00423
11	0.01256	0.19167	0.43214	0.01437	0.02059	0.04028	0.13785	0.01701	0.01148	0.06137	0.00972	0.01128	0.00721	0.00486	0.00481	0.00154	0.00729	0.00406	0.00254	0.00739
12	0.01293	0.01287	0.01980	0.14873	0.60993	0.07345	0.01529	0.01595	0.01186	0.01611	0.00958	0.01277	0.00793	0.00478	0.00513	0.00156	0.00655	0.00454	0.00255	0.00770
13	0.00805	0.00576	0.00795	0.00884	0.00998	0.00566	0.00747	0.01035	0.01236	0.01642	0.17071	0.11019	0.03393	0.01382	0.00695	0.00223	0.00422	0.55534	0.00498	0.00478
14	0.05284	0.01179	0.01974	0.11879	0.59838	0.01204	0.03990	0.01612	0.01171	0.05438	0.01016	0.01307	0.00819	0.00479	0.00511	0.00158	0.00617	0.00463	0.00277	0.00783
15	0.01562	0.09920	0.03616	0.10049	0.09462	0.16888	0.02689	0.14542	0.07052	0.09667	0.01405	0.03509	0.04713	0.00626	0.00522	0.00155	0.02040	0.00493	0.00373	0.00716

[dist]
# distance from previous block
# <min> <max>
0	1

[block]
# block no. 5 follows, 47 sequences, length 21
# corresponding to MSA columns:
# 290-310
name=unknown_F
#
# <colnr> <probs for GDERKNQSTAVLIFYWHMCP>
#	G	D	E	R	K	N	Q	S	T	A	V	L	I	F	Y	W	H	M	C	P
0	0.06676	0.12822	0.03129	0.04724	0.04991	0.27406	0.00977	0.17083	0.06846	0.01873	0.01038	0.01158	0.00820	0.00560	0.00488	0.00145	0.02770	0.00394	0.05414	0.00687
1	0.01898	0.06803	0.01464	0.05081	0.07221	0.09650	0.00930	0.09673	0.07093	0.38000	0.03097	0.01543	0.01149	0.00620	0.00547	0.00158	0.03304	0.00484	0.00489	0.00797
2	0.01321	0.01379	0.01536	0.02824	0.07507	0.17480	0.03585	0.05046	0.02621	0.01472	0.01037	0.04032	0.02608	0.00756	0.01031	0.00181	0.35678	0.01744	0.00285	0.07874
3	0.01110	0.08374	0.05071	0.00887	0.01269	0.00952	0.00761	0.03862	0.01088	0.01638	0.01049	0.06576	0.00951	0.00556	0.00559	0.00115	0.09519	0.00417	0.03010	0.52236
4	0.00793	0.00566	0.00657	0.00642	0.00680	0.00585	0.00408	0.03366	0.00877	0.01165	0.02004	0.07276	0.09576	0.59031	0.06559	0.00452	0.03854	0.00795	0.00342	0.00372
5	0.00756	0.00552	0.00805	0.00805	0.00895	0.00635	0.00620	0.00936	0.00846	0.01237	0.01423	0.02107	0.01333	0.07546	0.71729	0.00783	0.01291	0.00564	0.04676	0.00459
6	0.01080	0.00926	0.01080	0.00771	0.01234	0.00694	0.00617	0.01311	0.01080	0.01697	0.00926	0.01080	0.00771	0.00386	0.00386	0.00077	0.00386	0.00309	0.00309	0.84882
7	0.01229	0.01405	0.03073	0.02195	0.02722	0.01317	0.76558	0.01668	0.01229	0.01668	0.01054	0.01405	0.00790	0.00439	0.00615	0.00176	0.00878	0.00615	0.00263	0.00702
8	0.00657	0.00471	0.00625	0.00710	0.00760	0.00438	0.00485	0.00782	0.01102	0.01497	0.19478	0.64273	0.03768	0.01506	0.00654	0.00201	0.00290	0.01362	0.00503	0.00438
9	0.00638	0.00460	0.00604	0.00712	0.00754	0.00427	0.00479	0.00737	0.01027	0.01365	0.06123	0.74161	0.07405	0.01592	0.00660	0.00208	0.00298	0.01438	0.00487	0.00427
10	0.00831	0.00594	0.00830	0.00950	0.01066	0.00593	0.00825	0.01065	0.01191	0.01550	0.02762	0.08795	0.03014	0.01446	0.00717	0.00239	0.00473	0.72102	0.00480	0.00477
11	0.00732	0.00532	0.00689	0.00650	0.00775	0.00489	0.00488	0.00973	0.01463	0.02061	0.75256	0.03935	0.07849	0.01075	0.00614	0.00164	0.00246	0.00948	0.00570	0.00489
12	0.01392	0.82012	0.02729	0.00891	0.01337	0.02061	0.00891	0.01559	0.01058	0.01225	0.00724	0.00835	0.00668	0.00446	0.00334	0.00111	0.00557	0.00278	0.00223	0.00668
13	0.85377	0.01007	0.00765	0.00685	0.01007	0.01168	0.00564	0.01531	0.00886	0.02336	0.00725	0.00846	0.00564	0.00483	0.00322	0.00161	0.00403	0.00282	0.00322	0.00564
14	0.01945	0.02482	0.01476	0.01342	0.01610	0.79608	0.01006	0.02079	0.01476	0.01275	0.00805	0.00939	0.00671	0.00537	0.00470	0.00134	0.00939	0.00335	0.00268	0.00604
15	0.85377	0.01007	0.00765	0.00685	0.01007	0.01168	0.00564	0.01531	0.00886	0.02336	0.00725	0.00846	0.00564	0.00483	0.00322	0.00161	0.00403	0.00282	0.00322	0.00564
16	0.00657	0.00510	0.00601	0.00650	0.00755	0.00462	0.00460	0.00820	0.03297	0.01466	0.11915	0.41081	0.32602	0.01423	0.00636	0.00192	0.00284	0.01249	0.00495	0.00448
17	0.00634	0.00456	0.00601	0.00717	0.00753	0.00424	0.00480	0.00726	0.01005	0.01332	0.02966	0.78316	0.06425	0.01619	0.00663	0.00210	0.00301	0.01465	0.00483	0.00424
18	0.01139	0.01139	0.01595	0.01367	0.01367	0.01595	0.01139	0.01253	0.00798	0.01253	0.00684	0.01139	0.00684	0.00911	0.01709	0.00228	0.80745	0.00456	0.00228	0.00570
19	0.01080	0.00926	0.01080	0.00771	0.01234	0.00694	0.00617	0.01311	0.01080	0.01697	0.00926	0.01080	0.00771	0.00386	0.00386	0.00077	0.00386	0.00309	0.00309	0.84882
20	0.01025	0.01047	0.03961	0.71526	0.03445	0.03271	0.05709	0.01379	0.01065	0.01358	0.00930	0.01369	0.00698	0.00516	0.00524	0.00172	0.00713	0.00466	0.00234	0.00592

[dist]
# distance from previous block
# <min> <max>
1	16

[block]
# block no. 6 follows, 47 sequences, length 40
# corresponding to MSA columns:
# 330-369
name=unknown_G
#
# <colnr> <probs for GDERKNQSTAVLIFYWHMCP>
#	G	D	E	R	K	N	Q	S	T	A	V	L	I	F	Y	W	H	M	C	P
0	0.00753	0.00503	0.00569	0.00573	0.00574	0.00502	0.00321	0.00756	0.00765	0.01020	0.01680	0.05860	0.01942	0.79180	0.02588	0.00496	0.00498	0.00780	0.00321	0.00319
1	0.85377	0.01007	0.00765	0.00685	0.01007	0.01168	0.00564	0.01531	0.00886	0.02336	0.00725	0.00846	0.00564	0.00483	0.00322	0.00161	0.00403	0.00282	0.00322	0.00564
2	0.00673	0.00482	0.00635	0.00744	0.00786	0.00457	0.00507	0.02586	0.01039	0.01384	0.02827	0.77108	0.03368	0.01601	0.00663	0.00211	0.00314	0.03695	0.00484	0.00436
3	0.02336	0.00886	0.01209	0.00927	0.01329	0.00765	0.00765	0.02538	0.01491	0.78810	0.02055	0.01773	0.01289	0.00645	0.00524	0.00161	0.00443	0.00524	0.00645	0.00886
4	0.01216	0.00722	0.00748	0.00659	0.00852	0.00760	0.00516	0.19587	0.01422	0.02268	0.01590	0.01773	0.01225	0.00611	0.00402	0.00130	0.00323	0.00481	0.64131	0.00583
5	0.01139	0.01139	0.01595	0.01367	0.01367	0.01595	0.01139	0.01253	0.00798	0.01253	0.00684	0.01139	0.00684	0.00911	0.01709	0.00228	0.80745	0.00456	0.00228	0.00570
6	0.00630	0.00470	0.00587	0.00682	0.00744	0.00427	0.00464	0.00730	0.01039	0.01346	0.03400	0.64532	0.19929	0.01563	0.00654	0.00204	0.00294	0.01396	0.00483	0.00427
7	0.85377	0.01007	0.00765	0.00685	0.01007	0.01168	0.00564	0.01531	0.00886	0.02336	0.00725	0.00846	0.00564	0.00483	0.00322	0.00161	0.00403	0.00282	0.00322	0.00564
8	0.00726	0.00532	0.00681	0.00644	0.00771	0.00487	0.00483	0.00962	0.01449	0.02029	0.71801	0.03988	0.11325	0.01087	0.00614	0.00165	0.00247	0.00956	0.00565	0.00487
9	0.00681	0.00574	0.03711	0.00766	0.00843	0.00493	0.00558	0.00851	0.04061	0.01384	0.02850	0.70591	0.05989	0.01534	0.00652	0.00208	0.00327	0.02998	0.00475	0.00454
10	0.02199	0.00981	0.03675	0.00964	0.01370	0.00851	0.00814	0.05013	0.07710	0.67593	0.01997	0.01748	0.01280	0.00644	0.00523	0.00162	0.00455	0.00523	0.00618	0.00877
11	0.01577	0.39571	0.05200	0.01136	0.01486	0.31266	0.01001	0.03393	0.01224	0.01309	0.00771	0.00922	0.00675	0.00529	0.00522	0.00134	0.08069	0.00325	0.00247	0.00644
12	0.00643	0.00481	0.00599	0.00678	0.00752	0.00437	0.00472	0.00760	0.01086	0.01414	0.09418	0.54908	0.21639	0.01506	0.00650	0.00200	0.00293	0.03142	0.00490	0.00434
13	0.01086	0.00931	0.01083	0.00780	0.01238	0.00712	0.00623	0.01353	0.03293	0.01711	0.00960	0.01105	0.00795	0.00395	0.00390	0.00080	0.00386	0.00317	0.00315	0.82448
14	0.01330	0.01111	0.01179	0.01055	0.01353	0.01278	0.00822	0.02760	0.74963	0.04745	0.02117	0.01937	0.01580	0.00704	0.00530	0.00176	0.00413	0.00587	0.00534	0.00826
15	0.00631	0.00523	0.00552	0.00555	0.00715	0.00444	0.00412	0.00773	0.01208	0.01480	0.13426	0.09757	0.65112	0.01310	0.00618	0.00177	0.00264	0.01105	0.00494	0.00444
16	0.85377	0.01007	0.00765	0.00685	0.01007	0.01168	0.00564	0.01531	0.00886	0.02336	0.00725	0.00846	0.00564	0.00483	0.00322	0.00161	0.00403	0.00282	0.00322	0.00564
17	0.00668	0.00530	0.00600	0.00582	0.00735	0.00462	0.00437	0.00849	0.01310	0.01700	0.36604	0.04530	0.46727	0.01210	0.00615	0.00171	0.00256	0.01031	0.00522	0.00462
18	0.80077	0.00999	0.00794	0.00700	0.01028	0.01143	0.00577	0.01595	0.00925	0.07218	0.00810	0.00905	0.00610	0.00494	0.00335	0.00161	0.00405	0.00297	0.00343	0.00585
19	0.01289	0.01237	0.02114	0.03196	0.78450	0.01237	0.01598	0.01598	0.01186	0.01701	0.00980	0.01289	0.00825	0.00464	0.00516	0.00155	0.00619	0.00464	0.00258	0.00825
20	0.01896	0.02273	0.01519	0.01437	0.06375	0.65146	0.01038	0.09878	0.02947	0.01528	0.00886	0.01012	0.00720	0.00545	0.00479	0.00139	0.00871	0.00362	0.00299	0.00651
21	0.00634	0.00453	0.00604	0.00725	0.00755	0.00423	0.00483	0.00725	0.00997	0.01329	0.02870	0.81358	0.03444	0.01632	0.00665	0.00211	0.00302	0.01480	0.00483	0.00423
22	0.01100	0.01073	0.01488	0.01284	0.01284	0.01482	0.01054	0.01202	0.00793	0.01228	0.00783	0.01375	0.00809	0.09313	0.01807	0.00257	0.72401	0.00487	0.00237	0.00543
23	0.01142	0.01234	0.06478	0.01330	0.01391	0.03131	0.01148	0.01294	0.00845	0.01313	0.00753	0.01172	0.00714	0.00862	0.01539	0.00217	0.69990	0.00450	0.04418	0.00579
24	0.00729	0.00532	0.00685	0.00647	0.00773	0.00488	0.00485	0.00967	0.01455	0.02043	0.73355	0.03964	0.09762	0.01081	0.00614	0.00165	0.00247	0.00952	0.00567	0.00488
25	0.04777	0.78747	0.02650	0.00883	0.01323	0.02025	0.00878	0.01558	0.01051	0.01270	0.00724	0.00836	0.00664	0.00447	0.00334	0.00113	0.00551	0.00279	0.00227	0.00664
26	0.85377	0.01007	0.00765	0.00685	0.01007	0.01168	0.00564	0.01531	0.00886	0.02336	0.00725	0.00846	0.00564	0.00483	0.00322	0.00161	0.00403	0.00282	0.00322	0.00564
27	0.00634	0.00453	0.00604	0.00725	0.00755	0.00423	0.00483	0.00725	0.00997	0.01329	0.02870	0.81358	0.03444	0.01632	0.00665	0.00211	0.00302	0.01480	0.00483	0.00423
28	0.01538	0.05788	0.01380	0.01131	0.01446	0.18007	0.00891	0.13336	0.46334	0.02096	0.01639	0.01570	0.01243	0.00645	0.00505	0.00161	0.00555	0.00501	0.00457	0.00778
29	0.01205	0.04728	0.10936	0.06269	0.08247	0.05985	0.39380	0.01569	0.01155	0.01550	0.01064	0.05304	0.00892	0.00608	0.01800	0.00183	0.07619	0.00568	0.00263	0.00676
30	0.01775	0.01300	0.01481	0.06263	0.04070	0.01433	0.00983	0.58119	0.02130	0.05948	0.04407	0.04276	0.01154	0.02008	0.00587	0.00167	0.02061	0.00530	0.00491	0.00816
31	0.27435	0.03143	0.29507	0.10648	0.05163	0.01192	0.01254	0.03090	0.06247	0.04312	0.01032	0.01256	0.00785	0.00537	0.00451	0.00166	0.00590	0.02204	0.00301	0.00686
32	0.00730	0.00530	0.00687	0.00651	0.00774	0.00488	0.00487	0.00967	0.01452	0.02044	0.73504	0.05523	0.08032	0.01087	0.00615	0.00165	0.00248	0.00960	0.00568	0.00488
33	0.01046	0.00975	0.01606	0.59759	0.16181	0.01154	0.01414	0.01440	0.05030	0.01448	0.01074	0.01589	0.00860	0.00559	0.00529	0.00173	0.00658	0.03614	0.00262	0.00629
34	0.01117	0.01417	0.15616	0.21721	0.19019	0.01226	0.19712	0.01496	0.01108	0.01542	0.01030	0.04513	0.00849	0.00558	0.00634	0.00174	0.06799	0.00526	0.00253	0.00688
35	0.00979	0.00822	0.04123	0.03824	0.03063	0.00771	0.05274	0.14099	0.01289	0.01757	0.02355	0.38923	0.08771	0.03842	0.00659	0.00195	0.00423	0.01009	0.07268	0.00552
36	0.00823	0.00504	0.00668	0.00733	0.00804	0.00466	0.00502	0.00925	0.01050	0.09393	0.05388	0.65191	0.03170	0.06779	0.00779	0.00224	0.00328	0.01314	0.00492	0.00467
37	0.04504	0.04279	0.39474	0.07944	0.05102	0.01258	0.17515	0.07311	0.01225	0.03468	0.01031	0.02708	0.00776	0.00517	0.00517	0.00166	0.00730	0.00466	0.00273	0.00736
38	0.06056	0.04364	0.05490	0.01060	0.04436	0.05931	0.00861	0.06008	0.02726	0.45345	0.01802	0.08981	0.01360	0.00717	0.00518	0.00164	0.00496	0.02384	0.00522	0.00781
39	0.01403	0.05060	0.18950	0.06033	0.32234	0.02993	0.02697	0.10854	0.05229	0.07882	0.01128	0.01293	0.00854	0.00520	0.00506	0.00158	0.00635	0.00450	0.00323	0.00799

[dist]
# distance from previous block
# <min> <max>
0	1

[block]
# block no. 7 follows, 47 sequences, length 69
# corresponding to MSA columns:
# 371-401,409-446
name=unknown_H
#
# <colnr> <probs for GDERKNQSTAVLIFYWHMCP>
#	G	D	E	R	K	N	Q	S	T	A	V	L	I	F	Y	W	H	M	C	P
0	0.01685	0.14203	0.01580	0.02769	0.02723	0.54434	0.00947	0.03445	0.01366	0.01325	0.01042	0.10077	0.00993	0.00648	0.00474	0.00141	0.00791	0.00464	0.00290	0.00602
1	0.01352	0.04621	0.07001	0.07358	0.03013	0.02902	0.05088	0.26167	0.03829	0.02130	0.01302	0.03087	0.01051	0.03969	0.06578	0.00219	0.03233	0.00503	0.15919	0.00678
2	0.05105	0.13071	0.01560	0.01069	0.01431	0.13245	0.04059	0.11590	0.08909	0.16132	0.01250	0.01286	0.00934	0.00567	0.00523	0.00143	0.04665	0.00420	0.02419	0.11622
3	0.12098	0.01554	0.20167	0.07524	0.36325	0.02691	0.05286	0.03380	0.01155	0.01767	0.01037	0.01276	0.02493	0.00501	0.00493	0.00160	0.00642	0.00441	0.00267	0.00744
4	0.04631	0.37951	0.16160	0.01224	0.03288	0.14905	0.06496	0.03333	0.01187	0.04154	0.00862	0.00997	0.00702	0.00488	0.00439	0.00137	0.01748	0.00351	0.00259	0.00689
5	0.03769	0.00565	0.00662	0.00665	0.00764	0.00548	0.00458	0.01009	0.04980	0.05030	0.16434	0.24045	0.11924	0.23895	0.01178	0.00274	0.00359	0.00982	0.02003	0.00455
6	0.00673	0.00535	0.00601	0.00616	0.00757	0.00476	0.00461	0.00844	0.02501	0.01516	0.16213	0.13541	0.47433	0.04622	0.00712	0.00197	0.00295	0.07065	0.00491	0.00451
7	0.01179	0.04702	0.01134	0.00900	0.01216	0.03403	0.00705	0.04397	0.30521	0.03330	0.01853	0.07803	0.06139	0.03135	0.02345	0.00169	0.00441	0.00582	0.00426	0.25620
8	0.00634	0.00453	0.00604	0.00725	0.00755	0.00423	0.00483	0.00725	0.00997	0.01329	0.02870	0.81358	0.03444	0.01632	0.00665	0.00211	0.00302	0.01480	0.00483	0.00423
9	0.00941	0.00785	0.00923	0.03766	0.04417	0.00823	0.00677	0.01602	0.28341	0.01904	0.26290	0.03304	0.20602	0.00960	0.00579	0.00173	0.00346	0.02442	0.00509	0.00615
10	0.85377	0.01007	0.00765	0.00685	0.01007	0.01168	0.00564	0.01531	0.00886	0.02336	0.00725	0.00846	0.00564	0.00483	0.00322	0.00161	0.00403	0.00282	0.00322	0.00564
11	0.03184	0.18013	0.05389	0.12215	0.07304	0.13881	0.07794	0.05906	0.01211	0.01581	0.00993	0.01235	0.00806	0.00600	0.02067	0.00161	0.05176	0.00415	0.11429	0.00641
12	0.01914	0.01426	0.01526	0.01185	0.01590	0.01584	0.00974	0.69653	0.09616	0.03177	0.01333	0.01316	0.00953	0.00633	0.00522	0.00158	0.00558	0.00480	0.00522	0.00880
13	0.83050	0.01005	0.00787	0.02884	0.01078	0.01168	0.00588	0.01525	0.00891	0.02309	0.00731	0.00861	0.00568	0.00484	0.00328	0.00161	0.00411	0.00287	0.00320	0.00564
14	0.01108	0.00985	0.01402	0.22801	0.15718	0.04046	0.05110	0.03278	0.09463	0.01576	0.01368	0.01897	0.02542	0.12596	0.00864	0.00215	0.03097	0.01623	0.09702	0.00611
15	0.01061	0.00902	0.00984	0.00931	0.02884	0.00984	0.00698	0.02026	0.47394	0.01989	0.14910	0.02892	0.18403	0.00888	0.00561	0.00174	0.00359	0.00751	0.00521	0.00689
16	0.00866	0.00464	0.00689	0.02241	0.00751	0.00466	0.00480	0.00703	0.00732	0.00977	0.01183	0.12430	0.01254	0.01805	0.03504	0.69876	0.00457	0.00594	0.00262	0.00265
17	0.85377	0.01007	0.00765	0.00685	0.01007	0.01168	0.00564	0.01531	0.00886	0.02336	0.00725	0.00846	0.00564	0.00483	0.00322	0.00161	0.00403	0.00282	0.00322	0.00564
18	0.01486	0.00742	0.00969	0.00820	0.01080	0.00683	0.00657	0.05154	0.03238	0.34509	0.34479	0.02978	0.04568	0.00888	0.00576	0.00168	0.00363	0.05369	0.00592	0.00682
19	0.08361	0.00895	0.01176	0.00909	0.01306	0.00795	0.00751	0.02465	0.01447	0.73262	0.01958	0.01705	0.01236	0.00633	0.00509	0.00161	0.00440	0.00506	0.00621	0.00863
20	0.00795	0.00568	0.00770	0.00872	0.00971	0.00560	0.00722	0.00990	0.01138	0.01486	0.04529	0.15584	0.05377	0.08737	0.00882	0.00256	0.00446	0.54393	0.00467	0.00456
21	0.00989	0.00922	0.01562	0.66478	0.05050	0.01117	0.04854	0.01319	0.01048	0.01376	0.01046	0.05088	0.00852	0.00579	0.00553	0.00174	0.02479	0.00517	0.03417	0.00579
22	0.01896	0.01409	0.01518	0.01159	0.01580	0.01530	0.00955	0.69727	0.02322	0.03135	0.01220	0.01235	0.00875	0.00603	0.00508	0.00149	0.00556	0.00454	0.00501	0.08668
23	0.01335	0.01153	0.02654	0.01067	0.02872	0.04547	0.00836	0.13287	0.41674	0.02154	0.01895	0.01865	0.05099	0.00710	0.00589	0.00168	0.05881	0.00557	0.10913	0.00745
24	0.06916	0.05078	0.14652	0.04832	0.03463	0.01016	0.15724	0.02790	0.01099	0.01638	0.01238	0.13798	0.01159	0.00670	0.00551	0.01876	0.01770	0.00581	0.00306	0.20843
25	0.52835	0.08947	0.04690	0.02460	0.01243	0.02897	0.00746	0.13788	0.01191	0.02293	0.00867	0.00982	0.00668	0.00510	0.00373	0.00154	0.00472	0.00330	0.03920	0.00634
26	0.01796	0.01300	0.01390	0.01092	0.01458	0.01434	0.00893	0.62462	0.05425	0.03026	0.01376	0.02908	0.01022	0.00646	0.00504	0.00154	0.00519	0.00495	0.11276	0.00823
27	0.01077	0.00809	0.01004	0.00961	0.03596	0.00832	0.02493	0.22609	0.01492	0.02008	0.12278	0.35562	0.06152	0.03039	0.02119	0.00204	0.00423	0.02272	0.00486	0.00585
28	0.01270	0.01221	0.02069	0.06086	0.72034	0.01251	0.01571	0.01572	0.01162	0.01667	0.00964	0.01286	0.00813	0.00487	0.00570	0.00159	0.04295	0.00464	0.00255	0.00804
29	0.01118	0.00948	0.01100	0.00789	0.01250	0.00733	0.00633	0.04517	0.01138	0.01764	0.00939	0.01087	0.00776	0.00396	0.00391	0.00080	0.00394	0.00315	0.00318	0.81311
30	0.00642	0.00529	0.00565	0.00565	0.00728	0.00453	0.00426	0.00795	0.01230	0.01518	0.16703	0.06170	0.62972	0.01288	0.00619	0.00177	0.00268	0.03405	0.00498	0.00449
31	0.00753	0.00523	0.00660	0.00660	0.00692	0.00555	0.00431	0.00817	0.00785	0.01078	0.01556	0.02940	0.01690	0.54988	0.29084	0.00619	0.00810	0.00689	0.00303	0.00367
32	0.00661	0.00529	0.00591	0.00575	0.00731	0.00459	0.00432	0.00836	0.01295	0.01662	0.32617	0.04591	0.50738	0.01224	0.00615	0.00171	0.00257	0.01040	0.00517	0.00459
33	0.01980	0.01459	0.01563	0.01198	0.01615	0.01615	0.00990	0.76713	0.02448	0.03282	0.01250	0.01250	0.00886	0.00625	0.00521	0.00156	0.00573	0.00469	0.00521	0.00886
34	0.00768	0.00607	0.00691	0.00645	0.00821	0.00561	0.00490	0.03477	0.06061	0.01826	0.37141	0.04097	0.36405	0.01121	0.00600	0.00167	0.00278	0.00956	0.00523	0.02766
35	0.85377	0.01007	0.00765	0.00685	0.01007	0.01168	0.00564	0.01531	0.00886	0.02336	0.00725	0.00846	0.00564	0.00483	0.00322	0.00161	0.00403	0.00282	0.00322	0.00564
36	0.01139	0.01139	0.01595	0.01367	0.01367	0.01595	0.01139	0.01253	0.00798	0.01253	0.00684	0.01139	0.00684	0.00911	0.01709	0.00228	0.80745	0.00456	0.00228	0.00570
37	0.00979	0.00906	0.01516	0.76246	0.03444	0.01125	0.01404	0.01320	0.01047	0.01351	0.00999	0.01538	0.00779	0.00551	0.00523	0.00174	0.00678	0.02752	0.02093	0.00573
38	0.00653	0.00541	0.00573	0.00567	0.00735	0.00468	0.00428	0.00832	0.02768	0.01535	0.16894	0.04785	0.63549	0.01268	0.00615	0.00175	0.00268	0.02391	0.00499	0.00456
39	0.01988	0.01445	0.01555	0.01192	0.01608	0.01595	0.00985	0.74964	0.02426	0.05064	0.01269	0.01263	0.00895	0.00626	0.00521	0.00156	0.00570	0.00470	0.00524	0.00886
40	0.00634	0.00455	0.00602	0.00720	0.00754	0.00423	0.00481	0.00726	0.01002	0.01331	0.02935	0.79311	0.05450	0.01623	0.00663	0.00211	0.00301	0.01470	0.00483	0.00423
41	0.01424	0.44293	0.14020	0.01138	0.01609	0.02850	0.08742	0.01710	0.02386	0.11264	0.01004	0.01118	0.00794	0.00604	0.02946	0.00159	0.02562	0.00379	0.00288	0.00708
42	0.01536	0.01230	0.01308	0.01100	0.01436	0.01393	0.00877	0.30325	0.47418	0.02588	0.03864	0.01737	0.01417	0.00686	0.00529	0.00169	0.00468	0.00554	0.00528	0.00838
43	0.06076	0.00890	0.01167	0.00904	0.01292	0.00795	0.00745	0.04425	0.01472	0.70011	0.01957	0.01723	0.01247	0.00635	0.00508	0.00159	0.00436	0.00510	0.04195	0.00854
44	0.00739	0.00575	0.00654	0.00628	0.00793	0.00524	0.00477	0.01006	0.06269	0.02943	0.33458	0.04342	0.41663	0.01172	0.00610	0.00172	0.00274	0.02681	0.00524	0.00493
45	0.06868	0.06343	0.23312	0.06898	0.21319	0.01155	0.01328	0.03836	0.03923	0.09093	0.03130	0.01675	0.04939	0.00601	0.00503	0.00163	0.00591	0.03260	0.00329	0.00734
46	0.00680	0.00556	0.00603	0.00586	0.00754	0.00493	0.00441	0.00904	0.04816	0.01624	0.24557	0.04570	0.55130	0.01223	0.00611	0.00173	0.00266	0.01033	0.00510	0.00471
47	0.00748	0.00548	0.00703	0.00661	0.00791	0.00511	0.00497	0.01023	0.03559	0.02064	0.73165	0.03881	0.07752	0.01065	0.00612	0.00165	0.00251	0.00938	0.00568	0.00498
48	0.02960	0.01230	0.02110	0.14673	0.54694	0.02721	0.10842	0.01574	0.01169	0.01646	0.00972	0.01303	0.00793	0.00471	0.00524	0.00160	0.00664	0.00476	0.00256	0.00763
49	0.00891	0.00701	0.01026	0.08278	0.07200	0.00724	0.02673	0.02853	0.03396	0.01565	0.05549	0.15670	0.03928	0.04014	0.03324	0.00242	0.00510	0.36501	0.00430	0.00525
50	0.01169	0.00860	0.00905	0.00831	0.01052	0.00957	0.00640	0.05684	0.40682	0.02104	0.03060	0.05578	0.01593	0.00713	0.00475	0.00156	0.00349	0.00590	0.31925	0.00677
51	0.01059	0.00581	0.00591	0.00560	0.00709	0.00599	0.00428	0.06994	0.03869	0.02051	0.01680	0.01889	0.01310	0.00612	0.00382	0.00126	0.00274	0.00488	0.75272	0.00528
52	0.01251	0.01234	0.01885	0.16992	0.54612	0.07127	0.01470	0.01544	0.01175	0.01585	0.01061	0.04181	0.00927	0.00542	0.00523	0.00160	0.00643	0.02080	0.00266	0.00742
53	0.00776	0.00577	0.00784	0.00769	0.00820	0.00658	0.00554	0.00885	0.00803	0.01135	0.01442	0.02511	0.01489	0.33795	0.44579	0.00667	0.06424	0.00628	0.00290	0.00414
54	0.00990	0.00935	0.01563	0.77085	0.03492	0.01176	0.01433	0.01327	0.01031	0.01327	0.00915	0.01378	0.00694	0.00537	0.00571	0.00176	0.04097	0.00463	0.00231	0.00578
55	0.00723	0.00534	0.00677	0.00647	0.00777	0.00487	0.00489	0.00952	0.01425	0.01975	0.65474	0.04111	0.15239	0.01112	0.00618	0.00168	0.00256	0.03295	0.00558	0.00484
56	0.01080	0.00926	0.01080	0.00771	0.01234	0.00694	0.00617	0.01311	0.01080	0.01697	0.00926	0.01080	0.00771	0.00386	0.00386	0.00077	0.00386	0.00309	0.00309	0.84882
57	0.01045	0.02694	0.79000	0.01484	0.02254	0.01209	0.01924	0.01649	0.01099	0.01649	0.00935	0.01099	0.00660	0.00495	0.00495	0.00165	0.00770	0.00385	0.00220	0.00770
58	0.01102	0.00941	0.01091	0.00787	0.01244	0.00728	0.00630	0.02750	0.03185	0.01739	0.00964	0.01107	0.00796	0.00399	0.00392	0.00081	0.00390	0.00319	0.00318	0.81037
59	0.00716	0.00598	0.00633	0.00612	0.00793	0.00549	0.00463	0.01026	0.10238	0.01614	0.17338	0.04458	0.56691	0.01203	0.00605	0.00174	0.00278	0.01012	0.00504	0.00494
60	0.00983	0.00926	0.01562	0.80447	0.03587	0.01157	0.01446	0.01331	0.01041	0.01331	0.00926	0.01388	0.00694	0.00521	0.00521	0.00174	0.00694	0.00463	0.00231	0.00579
61	0.01202	0.01361	0.02960	0.02128	0.02632	0.01276	0.73070	0.01625	0.01219	0.01653	0.01137	0.05071	0.00912	0.00494	0.00617	0.00177	0.00852	0.00654	0.00273	0.00690
62	0.02155	0.00864	0.01188	0.00970	0.03621	0.00754	0.00765	0.02364	0.01480	0.69302	0.09131	0.01956	0.01614	0.00678	0.00532	0.00161	0.00430	0.00561	0.00626	0.00848
63	0.01295	0.70371	0.04885	0.00875	0.01296	0.01851	0.00871	0.01470	0.01068	0.01257	0.01168	0.03632	0.07098	0.00555	0.00372	0.00121	0.00532	0.00385	0.00252	0.00645
64	0.03402	0.00628	0.00737	0.00842	0.07541	0.00577	0.00568	0.03088	0.01193	0.01519	0.04159	0.13522	0.52045	0.01244	0.00609	0.00182	0.00330	0.06864	0.00460	0.00491
65	0.01043	0.00969	0.01614	0.58397	0.13548	0.01125	0.03828	0.02881	0.01091	0.01433	0.01080	0.01483	0.03169	0.00571	0.00566	0.02640	0.00657	0.00483	0.00252	0.03169
66	0.03522	0.01377	0.01478	0.01140	0.01545	0.01503	0.00937	0.65918	0.04492	0.03093	0.03581	0.01332	0.01015	0.00623	0.00511	0.00152	0.00543	0.00473	0.00505	0.06258
67	0.01096	0.00987	0.01631	0.54300	0.20106	0.01137	0.01398	0.01444	0.02603	0.03877	0.01011	0.01400	0.00781	0.00614	0.02919	0.00186	0.00676	0.00466	0.00260	0.03106
68	0.01299	0.15651	0.20372	0.04482	0.02922	0.01141	0.04597	0.05437	0.02802	0.13247	0.13861	0.03843	0.01593	0.00641	0.00496	0.00152	0.00538	0.00532	0.02940	0.03454

[dist]
# distance from previous block
# <min> <max>
0	2

[block]
# block no. 8 follows, 47 sequences, length 6
# corresponding to MSA columns:
# 449-454
name=unknown_I
#
# <colnr> <probs for GDERKNQSTAVLIFYWHMCP>
#	G	D	E	R	K	N	Q	S	T	A	V	L	I	F	Y	W	H	M	C	P
0	0.01090	0.00817	0.00945	0.03409	0.01076	0.07479	0.00690	0.02527	0.01034	0.09194	0.01704	0.08499	0.04649	0.12006	0.21477	0.04162	0.08506	0.04793	0.05434	0.00509
