[name]
unknown

[dist]
# distance from previous block
# <min> <max>
0	16

[block]
# block no. 0 follows, 43 sequences, length 22
# corresponding to MSA columns:
# 16-37
name=unknown_A
#
# <colnr> <probs for GDERKNQSTAVLIFYWHMCP>
#	G	D	E	R	K	N	Q	S	T	A	V	L	I	F	Y	W	H	M	C	P
0	0.07616	0.06004	0.40826	0.01322	0.01940	0.01252	0.02730	0.07937	0.03292	0.17808	0.01329	0.01461	0.00948	0.00599	0.00522	0.00173	0.00673	0.02364	0.00379	0.00825
1	0.01318	0.09159	0.22920	0.01639	0.12165	0.01404	0.07580	0.04254	0.26387	0.01963	0.01423	0.01503	0.01082	0.00586	0.00532	0.00169	0.00634	0.00503	0.00368	0.04411
2	0.00919	0.00744	0.00839	0.00784	0.00982	0.00754	0.00597	0.01523	0.22943	0.02050	0.35829	0.03867	0.23827	0.01097	0.00628	0.00182	0.00318	0.00939	0.00570	0.00609
3	0.01252	0.01369	0.09324	0.25047	0.48815	0.01288	0.01686	0.01623	0.01208	0.01691	0.01021	0.01382	0.00820	0.00514	0.00548	0.00171	0.00696	0.00485	0.00262	0.00796
4	0.00793	0.00533	0.00614	0.00623	0.00632	0.00529	0.00360	0.00814	0.00864	0.01158	0.05386	0.10377	0.02309	0.69879	0.02531	0.00492	0.00505	0.00882	0.00364	0.00354
5	0.29913	0.01306	0.01308	0.01049	0.01432	0.01458	0.00864	0.41545	0.01884	0.06178	0.01361	0.01393	0.04405	0.00658	0.00524	0.00171	0.02815	0.00465	0.00477	0.00794
6	0.00753	0.00542	0.00713	0.00718	0.00821	0.00502	0.00520	0.00967	0.01424	0.01992	0.55871	0.25708	0.04782	0.01303	0.00668	0.00189	0.00278	0.01164	0.00583	0.00502
7	0.00715	0.00511	0.00688	0.00807	0.00860	0.00484	0.00575	0.00846	0.01122	0.01497	0.07079	0.64210	0.03673	0.01669	0.00713	0.00227	0.00348	0.12993	0.00519	0.00463
8	0.03435	0.00607	0.00705	0.00661	0.00810	0.00593	0.00501	0.04341	0.01454	0.02230	0.45511	0.03207	0.03595	0.00926	0.00548	0.00158	0.00280	0.00792	0.29103	0.00541
9	0.02177	0.01437	0.01591	0.01220	0.01660	0.01548	0.01008	0.61595	0.02412	0.17401	0.01491	0.01434	0.01023	0.00669	0.00555	0.00167	0.00583	0.00510	0.00579	0.00942
10	0.00771	0.00549	0.00747	0.00870	0.00941	0.00532	0.00667	0.00931	0.01142	0.01505	0.02957	0.46417	0.03406	0.04355	0.00804	0.00248	0.00408	0.31773	0.00506	0.00471
11	0.00796	0.00533	0.00607	0.00616	0.00618	0.00531	0.00348	0.00803	0.00824	0.01098	0.01839	0.09152	0.02133	0.74846	0.02666	0.00514	0.00521	0.00861	0.00348	0.00344
12	0.01552	0.05384	0.11620	0.01750	0.03769	0.24520	0.27707	0.04099	0.10771	0.01742	0.01157	0.01344	0.00890	0.00547	0.00562	0.00168	0.00847	0.00508	0.00317	0.00747
13	0.01578	0.00668	0.00949	0.00828	0.01001	0.00616	0.00616	0.01521	0.01071	0.31899	0.01457	0.01765	0.01127	0.01423	0.01514	0.50033	0.00477	0.00512	0.00420	0.00524
14	0.00842	0.00665	0.00787	0.00831	0.01002	0.00647	0.00678	0.01198	0.10146	0.01658	0.03972	0.08446	0.33719	0.01393	0.00693	0.00217	0.00398	0.31656	0.00518	0.00533
15	0.01417	0.01308	0.02371	0.01756	0.02201	0.01280	0.42489	0.16024	0.03645	0.05314	0.10965	0.05557	0.01598	0.00667	0.00630	0.00182	0.00723	0.00707	0.00411	0.00754
16	0.08305	0.01113	0.01804	0.44660	0.30475	0.01263	0.01517	0.01538	0.01150	0.01651	0.00987	0.01388	0.00777	0.00528	0.00534	0.00176	0.00682	0.00476	0.00265	0.00710
17	0.01744	0.26371	0.01928	0.01119	0.01529	0.04944	0.00961	0.34462	0.13231	0.02466	0.01299	0.01326	0.00997	0.00613	0.00483	0.00152	0.00577	0.00450	0.04521	0.00826
18	0.01283	0.01227	0.02090	0.23791	0.57372	0.01293	0.01656	0.01623	0.01220	0.01703	0.01026	0.01399	0.00840	0.00510	0.00550	0.00170	0.00680	0.00493	0.00267	0.00807
19	0.04266	0.01344	0.01496	0.03675	0.05338	0.01478	0.00999	0.39891	0.22695	0.02813	0.01522	0.01533	0.01131	0.00732	0.02295	0.00183	0.00568	0.00517	0.00504	0.07019
20	0.06214	0.01336	0.01495	0.01149	0.01585	0.01404	0.00948	0.48522	0.02181	0.23935	0.01526	0.01456	0.01039	0.00653	0.00539	0.00165	0.00554	0.00498	0.00571	0.04227
21	0.02149	0.00967	0.01249	0.00980	0.01369	0.00890	0.00800	0.09417	0.05250	0.55404	0.11284	0.02098	0.01806	0.00734	0.00565	0.00170	0.00455	0.00603	0.00648	0.03163

[dist]
# distance from previous block
# <min> <max>
0	1

[block]
# block no. 1 follows, 43 sequences, length 16
# corresponding to MSA columns:
# 39-54
name=unknown_B
#
# <colnr> <probs for GDERKNQSTAVLIFYWHMCP>
#	G	D	E	R	K	N	Q	S	T	A	V	L	I	F	Y	W	H	M	C	P
0	0.01371	0.01316	0.02248	0.03399	0.77081	0.01316	0.01700	0.01700	0.01261	0.01809	0.01042	0.01371	0.00877	0.00493	0.00548	0.00164	0.00658	0.00493	0.00274	0.00877
1	0.01046	0.00984	0.01661	0.79205	0.03814	0.01230	0.01538	0.01415	0.01107	0.01415	0.00984	0.01477	0.00738	0.00554	0.00554	0.00185	0.00738	0.00492	0.00246	0.00615
2	0.11833	0.01316	0.01606	0.03990	0.19149	0.01410	0.01107	0.36817	0.01875	0.09140	0.01385	0.01507	0.03003	0.02707	0.00589	0.00178	0.00580	0.00504	0.00459	0.00847
3	0.01245	0.01196	0.01980	0.26892	0.42613	0.01347	0.01575	0.01555	0.01150	0.01613	0.00976	0.01380	0.00811	0.00585	0.00743	0.00183	0.12652	0.00492	0.00261	0.00754
4	0.00769	0.00525	0.00626	0.00656	0.00676	0.00513	0.00399	0.00818	0.00940	0.01264	0.08722	0.23715	0.02729	0.52881	0.02074	0.00423	0.00456	0.01024	0.00407	0.00382
5	0.01046	0.00984	0.01661	0.79205	0.03814	0.01230	0.01538	0.01415	0.01107	0.01415	0.00984	0.01477	0.00738	0.00554	0.00554	0.00185	0.00738	0.00492	0.00246	0.00615
6	0.01486	0.01174	0.01711	0.02205	0.39095	0.01205	0.01250	0.02147	0.22949	0.12747	0.04284	0.01881	0.04064	0.00650	0.00561	0.00173	0.00541	0.00582	0.00436	0.00860
7	0.00792	0.00532	0.00608	0.00621	0.00624	0.00528	0.00353	0.00802	0.00831	0.01107	0.01874	0.11185	0.02176	0.72753	0.02610	0.00506	0.00516	0.00881	0.00353	0.00347
8	0.00681	0.00491	0.00647	0.00770	0.00813	0.00457	0.00523	0.00785	0.01078	0.01426	0.03172	0.73981	0.07174	0.01712	0.00706	0.00224	0.00326	0.04067	0.00514	0.00453
9	0.01448	0.73973	0.09512	0.01003	0.01508	0.02111	0.01045	0.01667	0.01129	0.01343	0.00790	0.00913	0.00710	0.00478	0.00370	0.00123	0.00612	0.00306	0.00237	0.00720
10	0.01402	0.01197	0.01453	0.25649	0.02192	0.06739	0.01127	0.04003	0.27154	0.08726	0.01562	0.03941	0.01213	0.00724	0.00713	0.00189	0.10295	0.00566	0.00414	0.00740
11	0.01139	0.00634	0.00815	0.00743	0.00877	0.00609	0.00528	0.01276	0.01175	0.16898	0.21516	0.03219	0.02646	0.33610	0.11549	0.00413	0.00573	0.00779	0.00474	0.00528
12	0.00927	0.00550	0.00679	0.00679	0.00795	0.00593	0.00520	0.01159	0.01043	0.01725	0.01666	0.02113	0.01404	0.02177	0.34429	0.00461	0.00793	0.00550	0.47228	0.00507
13	0.11482	0.04623	0.01526	0.11021	0.21993	0.08029	0.01103	0.03156	0.14613	0.01913	0.07648	0.01933	0.07341	0.00682	0.00531	0.00171	0.00565	0.00567	0.00381	0.00724
14	0.18009	0.09003	0.01444	0.01166	0.09483	0.03932	0.00847	0.08634	0.01295	0.06147	0.01020	0.01149	0.00809	0.00491	0.00431	0.00127	0.00502	0.00367	0.00356	0.34788
15	0.08693	0.01280	0.02966	0.15382	0.04665	0.02989	0.09724	0.24439	0.01640	0.04770	0.03999	0.01533	0.03063	0.00601	0.00532	0.00162	0.00616	0.00509	0.00402	0.12035

[dist]
# distance from previous block
# <min> <max>
0	4

[block]
# block no. 2 follows, 43 sequences, length 18
# corresponding to MSA columns:
# 59-76
name=unknown_C
#
# <colnr> <probs for GDERKNQSTAVLIFYWHMCP>
#	G	D	E	R	K	N	Q	S	T	A	V	L	I	F	Y	W	H	M	C	P
0	0.01461	0.59933	0.12795	0.01098	0.01577	0.07887	0.01120	0.01696	0.01150	0.01369	0.00804	0.00953	0.00711	0.00516	0.00471	0.00135	0.05045	0.00326	0.00241	0.00714
1	0.00976	0.00880	0.01088	0.01019	0.01134	0.08497	0.03256	0.01152	0.00960	0.01294	0.01362	0.02077	0.01295	0.10356	0.53874	0.00699	0.08693	0.00581	0.00293	0.00514
2	0.00805	0.00537	0.00604	0.00604	0.00604	0.00537	0.00336	0.00805	0.00805	0.01074	0.01745	0.03624	0.02013	0.80536	0.02819	0.00537	0.00537	0.00805	0.00336	0.00336
3	0.01899	0.04437	0.01521	0.01126	0.01537	0.01418	0.00929	0.49682	0.02196	0.11717	0.10099	0.01687	0.01468	0.00694	0.00547	0.00159	0.00537	0.00542	0.00546	0.07257
4	0.02459	0.00984	0.01311	0.01005	0.01434	0.00875	0.00830	0.07617	0.01654	0.72449	0.02127	0.01847	0.01342	0.00684	0.00557	0.00171	0.00481	0.00553	0.00677	0.00942
5	0.00737	0.00568	0.00684	0.00723	0.00863	0.00515	0.00562	0.00921	0.01296	0.01663	0.18557	0.16167	0.35315	0.01427	0.00687	0.00206	0.00335	0.17755	0.00532	0.00485
6	0.01046	0.00984	0.01661	0.79205	0.03814	0.01230	0.01538	0.01415	0.01107	0.01415	0.00984	0.01477	0.00738	0.00554	0.00554	0.00185	0.00738	0.00492	0.00246	0.00615
7	0.00675	0.00482	0.00643	0.00771	0.00803	0.00450	0.00514	0.00771	0.01060	0.01414	0.03053	0.80175	0.03663	0.01735	0.00707	0.00225	0.00321	0.01574	0.00514	0.00450
8	0.00675	0.00559	0.00592	0.00589	0.00762	0.00475	0.00440	0.00833	0.01303	0.01605	0.16514	0.07721	0.63277	0.01372	0.00656	0.00186	0.00279	0.01157	0.00529	0.00475
9	0.00672	0.00491	0.00633	0.00747	0.00797	0.00452	0.00503	0.00774	0.01084	0.01423	0.03350	0.71482	0.12164	0.01696	0.00701	0.00221	0.00317	0.01527	0.00514	0.00452
10	0.01148	0.00984	0.01148	0.00820	0.01312	0.00738	0.00656	0.01395	0.01148	0.01805	0.00984	0.01148	0.00820	0.00410	0.00410	0.00082	0.00410	0.00328	0.00328	0.83922
11	0.21031	0.09046	0.01526	0.01115	0.01500	0.14186	0.00915	0.33862	0.01814	0.06277	0.01103	0.01170	0.00825	0.00629	0.00518	0.02246	0.00620	0.00413	0.00430	0.00774
12	0.00674	0.00485	0.00639	0.00762	0.00801	0.00451	0.00510	0.00772	0.01069	0.01417	0.03161	0.76998	0.06770	0.01721	0.00705	0.00223	0.00320	0.01557	0.00514	0.00451
13	0.01481	0.80869	0.02902	0.00948	0.01421	0.02191	0.00948	0.01658	0.01125	0.01303	0.00770	0.00888	0.00711	0.00474	0.00355	0.00118	0.00592	0.00296	0.00237	0.00711
14	0.01077	0.01016	0.01716	0.72053	0.10727	0.01239	0.01553	0.01442	0.01122	0.01452	0.00990	0.01467	0.00751	0.00548	0.00553	0.00183	0.00731	0.00492	0.00249	0.00640
15	0.01111	0.02865	0.77667	0.01579	0.02397	0.01286	0.02046	0.01754	0.01169	0.01754	0.00994	0.01169	0.00702	0.00526	0.00526	0.00175	0.00818	0.00409	0.00234	0.00818
16	0.01046	0.00984	0.01661	0.79205	0.03814	0.01230	0.01538	0.01415	0.01107	0.01415	0.00984	0.01477	0.00738	0.00554	0.00554	0.00185	0.00738	0.00492	0.00246	0.00615
17	0.76715	0.01059	0.00858	0.00753	0.01103	0.01202	0.00620	0.01729	0.01003	0.09559	0.00905	0.00993	0.00673	0.00530	0.00363	0.00171	0.00432	0.00324	0.00375	0.00632

[dist]
# distance from previous block
# <min> <max>
0	12

[block]
# block no. 3 follows, 43 sequences, length 37
# corresponding to MSA columns:
# 89-125
name=unknown_D
#
# <colnr> <probs for GDERKNQSTAVLIFYWHMCP>
#	G	D	E	R	K	N	Q	S	T	A	V	L	I	F	Y	W	H	M	C	P
0	0.01914	0.01522	0.01550	0.01245	0.01645	0.06191	0.01008	0.52096	0.21640	0.03058	0.01542	0.01501	0.01123	0.00682	0.00553	0.00170	0.00588	0.00523	0.00541	0.00907
1	0.00791	0.00593	0.00890	0.00890	0.00989	0.00692	0.00692	0.00989	0.00890	0.01286	0.01483	0.02176	0.01385	0.04154	0.78341	0.00890	0.01483	0.00593	0.00297	0.00494
2	0.84448	0.01071	0.00814	0.00728	0.01071	0.01242	0.00600	0.01628	0.00943	0.02485	0.00771	0.00900	0.00600	0.00514	0.00343	0.00171	0.00428	0.00300	0.00343	0.00600
3	0.00675	0.00482	0.00643	0.00771	0.00803	0.00450	0.00514	0.00771	0.01060	0.01414	0.03053	0.80175	0.03663	0.01735	0.00707	0.00225	0.00321	0.01574	0.00514	0.00450
4	0.01335	0.01280	0.02184	0.11691	0.69067	0.01307	0.01682	0.01669	0.01244	0.01766	0.01035	0.01382	0.00862	0.00500	0.00549	0.00167	0.00667	0.00493	0.00271	0.00849
5	0.01111	0.02865	0.77667	0.01579	0.02397	0.01286	0.02046	0.01754	0.01169	0.01754	0.00994	0.01169	0.00702	0.00526	0.00526	0.00175	0.00818	0.00409	0.00234	0.00818
6	0.02004	0.01344	0.01560	0.01221	0.01594	0.01482	0.01009	0.44552	0.04009	0.18857	0.01436	0.01444	0.01017	0.00709	0.00739	0.00177	0.12336	0.00507	0.00529	0.03475
7	0.01178	0.00682	0.00882	0.00780	0.00986	0.00633	0.00603	0.01502	0.05869	0.18267	0.54866	0.03565	0.05906	0.01021	0.00628	0.00175	0.00317	0.00889	0.00621	0.00631
8	0.00675	0.00482	0.00643	0.00771	0.00803	0.00450	0.00514	0.00771	0.01060	0.01414	0.03053	0.80175	0.03663	0.01735	0.00707	0.00225	0.00321	0.01574	0.00514	0.00450
9	0.02485	0.00943	0.01285	0.00985	0.01414	0.00814	0.00814	0.02699	0.01585	0.77465	0.02185	0.01885	0.01371	0.00685	0.00557	0.00171	0.00471	0.00557	0.00685	0.00943
10	0.01609	0.01130	0.01287	0.01204	0.05899	0.02839	0.00888	0.06108	0.43075	0.18958	0.02260	0.06232	0.04425	0.00790	0.00570	0.00183	0.00467	0.00662	0.00562	0.00851
11	0.01259	0.00671	0.00747	0.00670	0.00856	0.00666	0.00513	0.08354	0.01375	0.10984	0.11004	0.02322	0.01871	0.05470	0.00600	0.00167	0.00333	0.00596	0.50945	0.00596
12	0.00678	0.00487	0.00644	0.00764	0.00803	0.00453	0.00512	0.00780	0.01081	0.01441	0.05434	0.75891	0.05565	0.01708	0.00704	0.00222	0.00318	0.01546	0.00517	0.00453
13	0.00809	0.00583	0.00668	0.00640	0.00817	0.00506	0.00482	0.00993	0.01380	0.06267	0.29755	0.07234	0.45308	0.01278	0.00650	0.00183	0.00287	0.01089	0.00557	0.00514
14	0.01468	0.78125	0.05533	0.00970	0.01456	0.02160	0.00986	0.01662	0.01127	0.01319	0.00778	0.00898	0.00710	0.00476	0.00361	0.00120	0.00600	0.00300	0.00237	0.00715
15	0.02485	0.00943	0.01285	0.00985	0.01414	0.00814	0.00814	0.02699	0.01585	0.77465	0.02185	0.01885	0.01371	0.00685	0.00557	0.00171	0.00471	0.00557	0.00685	0.00943
16	0.00675	0.00482	0.00643	0.00771	0.00803	0.00450	0.00514	0.00771	0.01060	0.01414	0.03053	0.80175	0.03663	0.01735	0.00707	0.00225	0.00321	0.01574	0.00514	0.00450
17	0.71920	0.01051	0.00886	0.00768	0.01123	0.01177	0.00633	0.01792	0.01041	0.13946	0.00987	0.01050	0.00718	0.00540	0.00375	0.00171	0.00435	0.00339	0.00395	0.00652
18	0.00752	0.00576	0.00706	0.00777	0.00912	0.00531	0.00620	0.00931	0.01239	0.01561	0.05927	0.18959	0.33964	0.01503	0.00706	0.00219	0.00375	0.28745	0.00515	0.00482
19	0.02208	0.01387	0.01561	0.01196	0.01636	0.01474	0.00988	0.55704	0.02330	0.23409	0.01560	0.01479	0.01057	0.00670	0.00555	0.00168	0.00572	0.00514	0.00589	0.00942
20	0.01184	0.01125	0.01910	0.47004	0.34937	0.01267	0.01607	0.01536	0.01173	0.01583	0.01009	0.01432	0.00797	0.00528	0.00551	0.00176	0.00704	0.00493	0.00258	0.00727
21	0.01416	0.60838	0.19724	0.01105	0.01651	0.04358	0.01199	0.01697	0.01149	0.01406	0.00823	0.00955	0.00709	0.00489	0.00398	0.00132	0.00656	0.00324	0.00238	0.00733
22	0.02143	0.01490	0.01624	0.01245	0.01687	0.01627	0.01029	0.67954	0.02502	0.10915	0.01416	0.01385	0.00985	0.00667	0.00554	0.00167	0.00596	0.00504	0.00567	0.00942
23	0.01305	0.13618	0.20998	0.01072	0.01627	0.01153	0.01090	0.03464	0.01208	0.06830	0.01037	0.01170	0.00811	0.00489	0.00481	0.00124	0.02563	0.00368	0.00318	0.40274
24	0.01481	0.80869	0.02902	0.00948	0.01421	0.02191	0.00948	0.01658	0.01125	0.01303	0.00770	0.00888	0.00711	0.00474	0.00355	0.00118	0.00592	0.00296	0.00237	0.00711
25	0.02466	0.00973	0.01304	0.01000	0.01429	0.00859	0.00826	0.06313	0.01636	0.73779	0.02142	0.01857	0.01350	0.00684	0.00557	0.00171	0.00478	0.00554	0.00679	0.00942
26	0.00843	0.00689	0.01054	0.08852	0.08323	0.00680	0.04441	0.01061	0.01266	0.01734	0.26640	0.34457	0.05317	0.01234	0.00655	0.00196	0.00404	0.01124	0.00485	0.00545
27	0.01084	0.01027	0.01718	0.68265	0.10526	0.01262	0.01537	0.01437	0.01109	0.01448	0.00977	0.01453	0.00751	0.00569	0.00616	0.00186	0.04656	0.00492	0.00249	0.00639
28	0.00675	0.00482	0.00643	0.00771	0.00803	0.00450	0.00514	0.00771	0.01060	0.01414	0.03053	0.80175	0.03663	0.01735	0.00707	0.00225	0.00321	0.01574	0.00514	0.00450
29	0.00774	0.00624	0.00692	0.00703	0.00855	0.00591	0.00511	0.01097	0.11101	0.01636	0.11231	0.23386	0.38704	0.04614	0.00744	0.00210	0.00320	0.01167	0.00523	0.00517
30	0.02069	0.02640	0.01569	0.01427	0.01712	0.78313	0.01070	0.02212	0.01569	0.01355	0.00856	0.00999	0.00713	0.00571	0.00499	0.00143	0.00999	0.00357	0.00285	0.00642
31	0.00962	0.00481	0.00722	0.00722	0.00722	0.00481	0.00481	0.00722	0.00722	0.00962	0.00962	0.01684	0.00962	0.01924	0.02165	0.83886	0.00481	0.00481	0.00241	0.00241
32	0.01046	0.00984	0.01661	0.79205	0.03814	0.01230	0.01538	0.01415	0.01107	0.01415	0.00984	0.01477	0.00738	0.00554	0.00554	0.00185	0.00738	0.00492	0.00246	0.00615
33	0.01299	0.01242	0.02118	0.20231	0.60813	0.01297	0.01664	0.01636	0.01227	0.01722	0.01029	0.01394	0.00846	0.00507	0.00549	0.00169	0.00676	0.00493	0.00268	0.00819
34	0.84448	0.01071	0.00814	0.00728	0.01071	0.01242	0.00600	0.01628	0.00943	0.02485	0.00771	0.00900	0.00600	0.00514	0.00343	0.00171	0.00428	0.00300	0.00343	0.00600
35	0.84448	0.01071	0.00814	0.00728	0.01071	0.01242	0.00600	0.01628	0.00943	0.02485	0.00771	0.00900	0.00600	0.00514	0.00343	0.00171	0.00428	0.00300	0.00343	0.00600
36	0.14658	0.01079	0.01320	0.01039	0.01452	0.01053	0.05201	0.05960	0.15356	0.30735	0.01669	0.01590	0.01164	0.00610	0.00506	0.00160	0.00483	0.00494	0.00518	0.14952

[dist]
# distance from previous block
# <min> <max>
0	3

[block]
# block no. 4 follows, 43 sequences, length 237
# corresponding to MSA columns:
# 129-365
name=unknown_E
#
# <colnr> <probs for GDERKNQSTAVLIFYWHMCP>
#	G	D	E	R	K	N	Q	S	T	A	V	L	I	F	Y	W	H	M	C	P
0	0.77227	0.01033	0.00810	0.00726	0.01048	0.01187	0.00587	0.01597	0.00947	0.03972	0.00865	0.01099	0.00709	0.05774	0.00510	0.00195	0.00436	0.00339	0.00349	0.00590
1	0.01981	0.01089	0.01364	0.12570	0.01778	0.03931	0.00940	0.14840	0.01667	0.40439	0.08017	0.01847	0.01475	0.00682	0.00555	0.00167	0.00534	0.00556	0.00558	0.05012
2	0.01970	0.02434	0.01503	0.01364	0.01637	0.68899	0.01019	0.04008	0.04398	0.01430	0.00973	0.01201	0.00832	0.05241	0.00638	0.00168	0.00941	0.00397	0.00306	0.00641
3	0.02445	0.00934	0.01273	0.00979	0.01400	0.00807	0.00807	0.02660	0.01585	0.75710	0.03925	0.01938	0.01461	0.00696	0.00559	0.00171	0.00466	0.00567	0.00684	0.00933
4	0.84448	0.01071	0.00814	0.00728	0.01071	0.01242	0.00600	0.01628	0.00943	0.02485	0.00771	0.00900	0.00600	0.00514	0.00343	0.00171	0.00428	0.00300	0.00343	0.00600
5	0.02069	0.02640	0.01569	0.01427	0.01712	0.78313	0.01070	0.02212	0.01569	0.01355	0.00856	0.00999	0.00713	0.00571	0.00499	0.00143	0.00999	0.00357	0.00285	0.00642
6	0.00805	0.00537	0.00604	0.00604	0.00604	0.00537	0.00336	0.00805	0.00805	0.01074	0.01745	0.03624	0.02013	0.80536	0.02819	0.00537	0.00537	0.00805	0.00336	0.00336
7	0.05881	0.01228	0.01438	0.01109	0.01529	0.01258	0.00915	0.34519	0.01959	0.35226	0.01637	0.01537	0.01099	0.00665	0.00582	0.00167	0.03203	0.00506	0.00580	0.04963
8	0.00768	0.00564	0.00774	0.00856	0.00927	0.00541	0.02463	0.03649	0.01147	0.01527	0.02926	0.67482	0.03439	0.01641	0.00706	0.00225	0.00367	0.09008	0.00509	0.00482
9	0.00756	0.00565	0.00702	0.00668	0.00810	0.00511	0.00501	0.00991	0.01502	0.02065	0.61450	0.04394	0.20662	0.01191	0.00654	0.00177	0.00265	0.01038	0.00589	0.00511
10	0.02485	0.00943	0.01285	0.00985	0.01414	0.00814	0.00814	0.02699	0.01585	0.77465	0.02185	0.01885	0.01371	0.00685	0.00557	0.00171	0.00471	0.00557	0.00685	0.00943
11	0.02382	0.01000	0.01307	0.01009	0.01426	0.00912	0.00828	0.10182	0.03097	0.66438	0.02087	0.01874	0.01349	0.02685	0.00613	0.00180	0.00487	0.00558	0.00661	0.00926
12	0.01124	0.05664	0.74984	0.01556	0.02362	0.01319	0.02007	0.01750	0.01168	0.01738	0.00986	0.01159	0.00702	0.00524	0.00520	0.00173	0.00810	0.00405	0.00234	0.00815
13	0.00779	0.00566	0.00734	0.00692	0.00825	0.00521	0.00519	0.01036	0.01557	0.02195	0.74235	0.04180	0.07796	0.01142	0.00653	0.00175	0.00262	0.01008	0.00606	0.00521
14	0.00675	0.00482	0.00643	0.00771	0.00803	0.00450	0.00514	0.00771	0.01060	0.01414	0.03053	0.80175	0.03663	0.01735	0.00707	0.00225	0.00321	0.01574	0.00514	0.00450
15	0.01288	0.01415	0.03000	0.02222	0.05209	0.01353	0.65052	0.01724	0.01279	0.01777	0.01146	0.01515	0.00874	0.00498	0.00678	0.00184	0.03885	0.00633	0.05536	0.00731
16	0.01056	0.00979	0.01636	0.70606	0.03554	0.01198	0.03185	0.03233	0.01147	0.01475	0.01124	0.06336	0.00926	0.00627	0.00566	0.00187	0.00714	0.00563	0.00271	0.00616
17	0.01046	0.00984	0.01661	0.79205	0.03814	0.01230	0.01538	0.01415	0.01107	0.01415	0.00984	0.01477	0.00738	0.00554	0.00554	0.00185	0.00738	0.00492	0.00246	0.00615
18	0.01307	0.01494	0.03268	0.02334	0.02894	0.01401	0.75070	0.01774	0.01307	0.01774	0.01120	0.01494	0.00840	0.00467	0.00654	0.00187	0.00934	0.00654	0.00280	0.00747
19	0.70625	0.01101	0.00963	0.00934	0.05906	0.01250	0.00699	0.06134	0.01091	0.03828	0.02752	0.01054	0.00768	0.00541	0.00380	0.00171	0.00451	0.00346	0.00364	0.00642
20	0.01040	0.00789	0.00977	0.01011	0.01189	0.00829	0.00839	0.06889	0.15410	0.01896	0.04154	0.12287	0.05658	0.01328	0.00700	0.00229	0.00472	0.43173	0.00526	0.00603
21	0.01799	0.01011	0.01206	0.01003	0.01348	0.01025	0.00802	0.07523	0.27609	0.34285	0.10733	0.02317	0.05236	0.00789	0.00574	0.00178	0.00437	0.00654	0.00618	0.00851
22	0.02023	0.01502	0.01618	0.01235	0.01682	0.01633	0.01018	0.68852	0.02478	0.03345	0.01300	0.01314	0.00931	0.00643	0.00542	0.00159	0.00592	0.00484	0.00535	0.08114
23	0.72791	0.01053	0.00881	0.00765	0.01120	0.01181	0.00630	0.01780	0.01034	0.13149	0.00972	0.01040	0.00709	0.00538	0.00373	0.00171	0.00435	0.00336	0.00391	0.00649
24	0.82337	0.01116	0.02761	0.00750	0.01105	0.01244	0.00636	0.01631	0.00948	0.02466	0.00777	0.00907	0.00602	0.00514	0.00347	0.00171	0.00438	0.00303	0.00340	0.00605
25	0.00674	0.00485	0.00640	0.00763	0.00801	0.00451	0.00511	0.00772	0.01068	0.01417	0.03149	0.77348	0.06428	0.01723	0.00705	0.00223	0.00320	0.01559	0.00514	0.00451
26	0.01364	0.01163	0.01239	0.01124	0.01428	0.01339	0.00882	0.04541	0.69623	0.02303	0.02275	0.02313	0.01767	0.00798	0.00576	0.00192	0.00447	0.05211	0.00560	0.00855
27	0.00660	0.00561	0.00569	0.00567	0.00751	0.00470	0.00425	0.00805	0.01275	0.01526	0.08592	0.05280	0.73856	0.01391	0.00655	0.00186	0.00280	0.01162	0.00518	0.00470
28	0.03678	0.01365	0.02057	0.15467	0.56833	0.07684	0.01591	0.01694	0.01253	0.01726	0.01010	0.01344	0.00833	0.00510	0.00539	0.00166	0.00693	0.00477	0.00272	0.00808
29	0.01121	0.05026	0.75595	0.01561	0.02370	0.01311	0.02016	0.01751	0.01168	0.01741	0.00988	0.01161	0.00702	0.00525	0.00521	0.00174	0.00812	0.00406	0.00234	0.00816
30	0.00713	0.00511	0.00677	0.00745	0.00812	0.00475	0.00517	0.00866	0.01237	0.01694	0.28667	0.53761	0.04206	0.01526	0.00688	0.00207	0.00300	0.01375	0.00547	0.00475
31	0.02069	0.02640	0.01569	0.01427	0.01712	0.78313	0.01070	0.02212	0.01569	0.01355	0.00856	0.00999	0.00713	0.00571	0.00499	0.00143	0.00999	0.00357	0.00285	0.00642
32	0.06099	0.57138	0.16867	0.01083	0.01596	0.04147	0.01147	0.01682	0.01128	0.01457	0.00814	0.00954	0.00703	0.00503	0.00432	0.00136	0.02825	0.00325	0.00244	0.00720
33	0.01160	0.00610	0.00812	0.00818	0.00952	0.00557	0.00585	0.01283	0.01179	0.21069	0.02708	0.51195	0.02910	0.08508	0.00859	0.00240	0.00384	0.03061	0.00542	0.00569
34	0.00675	0.00482	0.00643	0.00771	0.00803	0.00450	0.00514	0.00771	0.01060	0.01414	0.03053	0.80175	0.03663	0.01735	0.00707	0.00225	0.00321	0.01574	0.00514	0.00450
35	0.01494	0.79063	0.02871	0.00959	0.01428	0.03950	0.00950	0.01671	0.01136	0.01304	0.00772	0.00891	0.00711	0.00476	0.00359	0.00119	0.00602	0.00298	0.00238	0.00709
36	0.01102	0.01131	0.04414	0.55233	0.03277	0.01300	0.10567	0.01457	0.01101	0.01473	0.00984	0.01445	0.00762	0.00599	0.00728	0.00191	0.11149	0.00509	0.01941	0.00635
37	0.00674	0.00484	0.00641	0.00767	0.00802	0.00450	0.00512	0.00772	0.01065	0.01415	0.03105	0.78634	0.05170	0.01728	0.00706	0.00224	0.00320	0.01566	0.00514	0.00450
38	0.02435	0.01022	0.01334	0.01023	0.01453	0.00932	0.00845	0.12175	0.01718	0.67801	0.02073	0.01813	0.01315	0.00683	0.00557	0.00171	0.00489	0.00549	0.00668	0.00942
39	0.02116	0.01369	0.01498	0.01174	0.01582	0.04298	0.00958	0.49033	0.02205	0.22564	0.01640	0.06266	0.01211	0.00732	0.00562	0.00170	0.00571	0.00574	0.00576	0.00901
40	0.06996	0.01310	0.01469	0.01324	0.08333	0.03297	0.00980	0.33566	0.14803	0.15811	0.01589	0.01558	0.01136	0.00655	0.00533	0.00169	0.00542	0.00515	0.04539	0.00876
41	0.03097	0.07286	0.66811	0.01569	0.02340	0.01345	0.06555	0.01747	0.01170	0.01746	0.00984	0.01167	0.00708	0.00519	0.00520	0.00173	0.00803	0.00416	0.00240	0.00803
42	0.04972	0.07435	0.01623	0.01357	0.01664	0.65503	0.01040	0.05376	0.03388	0.01510	0.00903	0.01029	0.00743	0.00571	0.00489	0.00144	0.00922	0.00364	0.00303	0.00664
43	0.01066	0.01005	0.01698	0.74423	0.08437	0.01236	0.01548	0.01433	0.01117	0.01440	0.00988	0.01470	0.00747	0.00550	0.00553	0.00183	0.00733	0.00492	0.00248	0.00632
44	0.12214	0.01358	0.10132	0.01094	0.01549	0.04026	0.00983	0.14651	0.05057	0.40772	0.01684	0.01563	0.01117	0.00641	0.00525	0.00171	0.00548	0.00494	0.00549	0.00872
45	0.03163	0.07305	0.66392	0.01521	0.02286	0.01324	0.04027	0.01782	0.01181	0.04605	0.01024	0.01183	0.00729	0.00527	0.00517	0.00172	0.00786	0.00413	0.00255	0.00810
46	0.01371	0.01316	0.02248	0.03399	0.77081	0.01316	0.01700	0.01700	0.01261	0.01809	0.01042	0.01371	0.00877	0.00493	0.00548	0.00164	0.00658	0.00493	0.00274	0.00877
47	0.01612	0.01070	0.01202	0.01041	0.01374	0.01150	0.00821	0.02696	0.49845	0.22312	0.02520	0.02295	0.07980	0.00789	0.00569	0.00183	0.00434	0.00654	0.00592	0.00860
48	0.04831	0.01311	0.04272	0.01135	0.01520	0.01336	0.00946	0.44160	0.05084	0.14392	0.03860	0.11522	0.01486	0.00810	0.00569	0.00176	0.00536	0.00653	0.00551	0.00848
49	0.00726	0.00560	0.00663	0.00645	0.00794	0.00497	0.00481	0.00931	0.01420	0.01888	0.44385	0.08133	0.34339	0.01270	0.00656	0.00182	0.00272	0.01096	0.00566	0.00497
50	0.00674	0.00484	0.00641	0.00766	0.00802	0.00450	0.00512	0.00772	0.01065	0.01416	0.03111	0.78471	0.05329	0.01728	0.00706	0.00224	0.00320	0.01565	0.00514	0.00450
51	0.05238	0.01459	0.01579	0.01219	0.01654	0.01594	0.01006	0.62850	0.04322	0.11321	0.01424	0.01392	0.00994	0.00664	0.00547	0.00168	0.00583	0.00501	0.00560	0.00927
52	0.09022	0.14057	0.15216	0.01179	0.01635	0.03196	0.01110	0.16590	0.28126	0.02282	0.01451	0.01448	0.01094	0.00625	0.00501	0.00168	0.00575	0.00475	0.00426	0.00823
53	0.00688	0.00490	0.00651	0.00775	0.00809	0.00460	0.00522	0.00787	0.01059	0.01411	0.03001	0.74635	0.03586	0.04555	0.00785	0.00237	0.00336	0.04258	0.00508	0.00448
54	0.00658	0.00561	0.00566	0.00565	0.00750	0.00469	0.00423	0.00801	0.01270	0.01515	0.07441	0.05299	0.75015	0.01396	0.00655	0.00187	0.00280	0.01165	0.00517	0.00469
55	0.01381	0.01454	0.02352	0.14114	0.39028	0.09559	0.20565	0.01732	0.01283	0.01693	0.01034	0.01378	0.00830	0.00504	0.00571	0.00171	0.00778	0.00520	0.00273	0.00780
56	0.01371	0.01316	0.02248	0.03399	0.77081	0.01316	0.01700	0.01700	0.01261	0.01809	0.01042	0.01371	0.00877	0.00493	0.00548	0.00164	0.00658	0.00493	0.00274	0.00877
57	0.01378	0.01190	0.01252	0.01127	0.01440	0.01378	0.00877	0.02943	0.76081	0.02317	0.02254	0.02066	0.01691	0.00751	0.00564	0.00188	0.00438	0.00626	0.00564	0.00877
58	0.02069	0.02640	0.01569	0.01427	0.01712	0.78313	0.01070	0.02212	0.01569	0.01355	0.00856	0.00999	0.00713	0.00571	0.00499	0.00143	0.00999	0.00357	0.00285	0.00642
59	0.02447	0.01004	0.01323	0.01014	0.01444	0.00905	0.00838	0.10006	0.01688	0.70013	0.02099	0.01829	0.01328	0.00683	0.00557	0.00171	0.00485	0.00551	0.00672	0.00942
60	0.01170	0.01212	0.02514	0.01869	0.02291	0.01134	0.53000	0.01546	0.01296	0.03381	0.08963	0.15594	0.01781	0.00760	0.00661	0.00192	0.00750	0.00848	0.00363	0.00677
61	0.01111	0.02865	0.77667	0.01579	0.02397	0.01286	0.02046	0.01754	0.01169	0.01754	0.00994	0.01169	0.00702	0.00526	0.00526	0.00175	0.00818	0.00409	0.00234	0.00818
62	0.00892	0.00637	0.00892	0.01020	0.01147	0.00637	0.00892	0.01147	0.01275	0.01657	0.02932	0.06247	0.03187	0.01530	0.00765	0.00255	0.00510	0.73354	0.00510	0.00510
63	0.01350	0.01295	0.02211	0.08182	0.72459	0.01311	0.01690	0.01682	0.01251	0.01784	0.01038	0.01377	0.00868	0.00497	0.00549	0.00166	0.00663	0.00493	0.00272	0.00861
64	0.00962	0.00481	0.00722	0.00722	0.00722	0.00481	0.00481	0.00722	0.00722	0.00962	0.00962	0.01684	0.00962	0.01924	0.02165	0.83886	0.00481	0.00481	0.00241	0.00241
65	0.00673	0.00550	0.00594	0.00608	0.00766	0.00471	0.00447	0.00821	0.01268	0.01569	0.13605	0.16242	0.57623	0.01420	0.00662	0.00191	0.00284	0.01209	0.00525	0.00471
66	0.00696	0.00543	0.00632	0.00652	0.00784	0.00478	0.00473	0.00859	0.01297	0.01678	0.24825	0.23836	0.38449	0.01411	0.00667	0.00193	0.00285	0.01224	0.00541	0.00478
67	0.00907	0.00670	0.00965	0.08411	0.01400	0.00694	0.00953	0.01173	0.01259	0.01635	0.02748	0.05796	0.02956	0.01438	0.00745	0.00248	0.00532	0.66466	0.00485	0.00520
68	0.00655	0.00561	0.00561	0.00561	0.00748	0.00468	0.00421	0.00795	0.01262	0.01496	0.05610	0.05330	0.76857	0.01403	0.00655	0.00187	0.00281	0.01169	0.00514	0.00468
69	0.00655	0.00561	0.00561	0.00561	0.00748	0.00468	0.00421	0.00795	0.01262	0.01496	0.05610	0.05330	0.76857	0.01403	0.00655	0.00187	0.00281	0.01169	0.00514	0.00468
70	0.00674	0.00484	0.00641	0.00766	0.00802	0.00450	0.00512	0.00772	0.01065	0.01416	0.03115	0.78343	0.05455	0.01727	0.00706	0.00224	0.00320	0.01565	0.00514	0.00450
71	0.01371	0.01316	0.02248	0.03399	0.77081	0.01316	0.01700	0.01700	0.01261	0.01809	0.01042	0.01371	0.00877	0.00493	0.00548	0.00164	0.00658	0.00493	0.00274	0.00877
72	0.01501	0.78221	0.02857	0.00964	0.01431	0.04768	0.00952	0.01677	0.01140	0.01305	0.00773	0.00892	0.00711	0.00477	0.00360	0.00119	0.00606	0.00298	0.00239	0.00708
73	0.00675	0.00482	0.00643	0.00771	0.00803	0.00450	0.00514	0.00771	0.01060	0.01414	0.03053	0.80175	0.03663	0.01735	0.00707	0.00225	0.00321	0.01574	0.00514	0.00450
74	0.01371	0.01316	0.02248	0.03399	0.77081	0.01316	0.01700	0.01700	0.01261	0.01809	0.01042	0.01371	0.00877	0.00493	0.00548	0.00164	0.00658	0.00493	0.00274	0.00877
75	0.00683	0.00488	0.00652	0.00780	0.00816	0.00457	0.00528	0.00785	0.01068	0.01423	0.03048	0.77522	0.03646	0.01728	0.00709	0.00226	0.00328	0.04150	0.00514	0.00452
76	0.84448	0.01071	0.00814	0.00728	0.01071	0.01242	0.00600	0.01628	0.00943	0.02485	0.00771	0.00900	0.00600	0.00514	0.00343	0.00171	0.00428	0.00300	0.00343	0.00600
77	0.00723	0.00599	0.00642	0.00651	0.00833	0.00532	0.00506	0.00946	0.04543	0.01586	0.08442	0.05250	0.60776	0.01378	0.00665	0.00195	0.00316	0.10405	0.00520	0.00493
78	0.02105	0.01551	0.01662	0.01274	0.01717	0.01717	0.01053	0.75235	0.02604	0.03490	0.01330	0.01330	0.00942	0.00665	0.00554	0.00166	0.00609	0.00499	0.00554	0.00942
79	0.01111	0.02865	0.77667	0.01579	0.02397	0.01286	0.02046	0.01754	0.01169	0.01754	0.00994	0.01169	0.00702	0.00526	0.00526	0.00175	0.00818	0.00409	0.00234	0.00818
80	0.01363	0.01308	0.02234	0.05194	0.75347	0.01314	0.01696	0.01693	0.01257	0.01800	0.01040	0.01373	0.00874	0.00495	0.00548	0.00165	0.00660	0.00493	0.00273	0.00871
81	0.01985	0.01470	0.01572	0.01223	0.01642	0.01625	0.01004	0.66404	0.07160	0.03315	0.01544	0.01529	0.03570	0.00695	0.00554	0.00167	0.00579	0.00530	0.02519	0.00912
82	0.00668	0.00562	0.00580	0.00576	0.00757	0.00473	0.00432	0.00822	0.01295	0.01574	0.13248	0.05202	0.69171	0.01374	0.00654	0.00186	0.00278	0.01151	0.00525	0.00473
83	0.00805	0.00537	0.00604	0.00604	0.00604	0.00537	0.00336	0.00805	0.00805	0.01074	0.01745	0.03624	0.02013	0.80536	0.02819	0.00537	0.00537	0.00805	0.00336	0.00336
84	0.01286	0.04370	0.03616	0.03826	0.01782	0.01648	0.12697	0.06088	0.01055	0.01548	0.00841	0.01257	0.00757	0.00831	0.01436	0.00221	0.55311	0.00503	0.00268	0.00658
85	0.01111	0.02865	0.77667	0.01579	0.02397	0.01286	0.02046	0.01754	0.01169	0.01754	0.00994	0.01169	0.00702	0.00526	0.00526	0.00175	0.00818	0.00409	0.00234	0.00818
86	0.00805	0.00537	0.00604	0.00604	0.00604	0.00537	0.00336	0.00805	0.00805	0.01074	0.01745	0.03624	0.02013	0.80536	0.02819	0.00537	0.00537	0.00805	0.00336	0.00336
87	0.01212	0.01212	0.01696	0.01454	0.01454	0.01696	0.01212	0.01333	0.00848	0.01333	0.00727	0.01212	0.00727	0.00969	0.01818	0.00242	0.79523	0.00485	0.00242	0.00606
88	0.01155	0.00990	0.01151	0.00829	0.01316	0.00757	0.00663	0.01440	0.03330	0.01820	0.01021	0.01175	0.00846	0.00420	0.00415	0.00085	0.00411	0.00337	0.00335	0.81504
89	0.01481	0.80869	0.02902	0.00948	0.01421	0.02191	0.00948	0.01658	0.01125	0.01303	0.00770	0.00888	0.00711	0.00474	0.00355	0.00118	0.00592	0.00296	0.00237	0.00711
90	0.02485	0.00943	0.01285	0.00985	0.01414	0.00814	0.00814	0.02699	0.01585	0.77465	0.02185	0.01885	0.01371	0.00685	0.00557	0.00171	0.00471	0.00557	0.00685	0.00943
91	0.01123	0.02783	0.73207	0.01624	0.02427	0.01293	0.06423	0.01755	0.01178	0.01755	0.01001	0.01189	0.00710	0.00523	0.00534	0.00176	0.00825	0.00424	0.00237	0.00814
92	0.01473	0.79249	0.04455	0.00961	0.01442	0.02173	0.00970	0.01660	0.01126	0.01312	0.00775	0.00894	0.00711	0.00475	0.00359	0.00120	0.00597	0.00298	0.00237	0.00713
93	0.00682	0.00489	0.00658	0.00779	0.00815	0.00465	0.00525	0.00785	0.01050	0.01406	0.02954	0.75254	0.03519	0.01888	0.05605	0.00267	0.00395	0.01513	0.00500	0.00453
94	0.00805	0.00537	0.00604	0.00604	0.00604	0.00537	0.00336	0.00805	0.00805	0.01074	0.01745	0.03624	0.02013	0.80536	0.02819	0.00537	0.00537	0.00805	0.00336	0.00336
95	0.02069	0.02640	0.01569	0.01427	0.01712	0.78313	0.01070	0.02212	0.01569	0.01355	0.00856	0.00999	0.00713	0.00571	0.00499	0.00143	0.00999	0.00357	0.00285	0.00642
96	0.00784	0.00566	0.00740	0.00697	0.00827	0.00523	0.00523	0.01045	0.01568	0.02221	0.76789	0.04137	0.05226	0.01132	0.00653	0.00174	0.00261	0.01002	0.00610	0.00523
97	0.01378	0.01190	0.01252	0.01127	0.01440	0.01378	0.00877	0.02943	0.76081	0.02317	0.02254	0.02066	0.01691	0.00751	0.00564	0.00188	0.00438	0.00626	0.00564	0.00877
98	0.01032	0.00516	0.00516	0.00516	0.00645	0.00516	0.00387	0.01290	0.01161	0.02065	0.01807	0.02065	0.01420	0.00645	0.00387	0.00129	0.00258	0.00516	0.83611	0.00516
99	0.01481	0.80869	0.02902	0.00948	0.01421	0.02191	0.00948	0.01658	0.01125	0.01303	0.00770	0.00888	0.00711	0.00474	0.00355	0.00118	0.00592	0.00296	0.00237	0.00711
100	0.00675	0.00482	0.00643	0.00771	0.00803	0.00450	0.00514	0.00771	0.01060	0.01414	0.03053	0.80175	0.03663	0.01735	0.00707	0.00225	0.00321	0.01574	0.00514	0.00450
101	0.01344	0.01289	0.02200	0.09614	0.71075	0.01309	0.01686	0.01676	0.01248	0.01777	0.01037	0.01379	0.00866	0.00498	0.00549	0.00166	0.00665	0.00493	0.00272	0.00856
102	0.00702	0.00505	0.00677	0.02693	0.00882	0.00483	0.00547	0.00807	0.01057	0.01405	0.02918	0.70076	0.03469	0.06420	0.00833	0.00244	0.00354	0.04981	0.00497	0.00450
103	0.00784	0.00566	0.00740	0.00697	0.00827	0.00523	0.00523	0.01045	0.01568	0.02221	0.76789	0.04137	0.05226	0.01132	0.00653	0.00174	0.00261	0.01002	0.00610	0.00523
104	0.01032	0.00516	0.00516	0.00516	0.00645	0.00516	0.00387	0.01290	0.01161	0.02065	0.01807	0.02065	0.01420	0.00645	0.00387	0.00129	0.00258	0.00516	0.83611	0.00516
105	0.01111	0.02865	0.77667	0.01579	0.02397	0.01286	0.02046	0.01754	0.01169	0.01754	0.00994	0.01169	0.00702	0.00526	0.00526	0.00175	0.00818	0.00409	0.00234	0.00818
106	0.01363	0.01308	0.02234	0.05164	0.75376	0.01314	0.01696	0.01693	0.01257	0.01800	0.01040	0.01373	0.00874	0.00495	0.00548	0.00165	0.00660	0.00493	0.00273	0.00871
107	0.00675	0.00482	0.00643	0.00771	0.00803	0.00450	0.00514	0.00771	0.01060	0.01414	0.03053	0.80175	0.03663	0.01735	0.00707	0.00225	0.00321	0.01574	0.00514	0.00450
108	0.01361	0.01335	0.01795	0.42753	0.21574	0.11239	0.01471	0.08746	0.01350	0.01707	0.01016	0.01374	0.00789	0.00552	0.00545	0.00172	0.00739	0.00476	0.00288	0.00716
109	0.01496	0.78858	0.02868	0.00960	0.01429	0.04149	0.00951	0.01673	0.01137	0.01304	0.00772	0.00891	0.00711	0.00476	0.00359	0.00119	0.00603	0.00298	0.00238	0.00709
110	0.01051	0.00991	0.01662	0.76964	0.03746	0.01244	0.01529	0.01413	0.01100	0.01413	0.00977	0.01469	0.00738	0.00566	0.00590	0.00186	0.03009	0.00492	0.00246	0.00615
111	0.03688	0.01624	0.01585	0.03106	0.01695	0.13605	0.01052	0.45235	0.10647	0.02748	0.01285	0.01346	0.00960	0.00683	0.00661	0.00173	0.08109	0.00485	0.00472	0.00841
112	0.01246	0.01400	0.03002	0.02161	0.02681	0.01309	0.67545	0.01685	0.01314	0.01773	0.04262	0.01836	0.05802	0.00551	0.00654	0.00186	0.00867	0.00699	0.00307	0.00721
113	0.01046	0.00984	0.01661	0.79205	0.03814	0.01230	0.01538	0.01415	0.01107	0.01415	0.00984	0.01477	0.00738	0.00554	0.00554	0.00185	0.00738	0.00492	0.00246	0.00615
114	0.01213	0.01222	0.01687	0.01443	0.01474	0.03855	0.03304	0.01349	0.00885	0.01343	0.00790	0.01274	0.00771	0.01144	0.06573	0.00279	0.70048	0.00493	0.00248	0.00604
115	0.01371	0.01316	0.02248	0.03399	0.77081	0.01316	0.01700	0.01700	0.01261	0.01809	0.01042	0.01371	0.00877	0.00493	0.00548	0.00164	0.00658	0.00493	0.00274	0.00877
116	0.01055	0.00994	0.01678	0.77020	0.05926	0.01233	0.01543	0.01423	0.01112	0.01426	0.00986	0.01474	0.00742	0.00552	0.00554	0.00184	0.00736	0.00492	0.00247	0.00623
117	0.01307	0.01494	0.03268	0.02334	0.02894	0.01401	0.75070	0.01774	0.01307	0.01774	0.01120	0.01494	0.00840	0.00467	0.00654	0.00187	0.00934	0.00654	0.00280	0.00747
118	0.01481	0.80869	0.02902	0.00948	0.01421	0.02191	0.00948	0.01658	0.01125	0.01303	0.00770	0.00888	0.00711	0.00474	0.00355	0.00118	0.00592	0.00296	0.00237	0.00711
119	0.00655	0.00561	0.00561	0.00561	0.00748	0.00468	0.00421	0.00795	0.01262	0.01496	0.05610	0.05330	0.76857	0.01403	0.00655	0.00187	0.00281	0.01169	0.00514	0.00468
120	0.01111	0.02865	0.77667	0.01579	0.02397	0.01286	0.02046	0.01754	0.01169	0.01754	0.00994	0.01169	0.00702	0.00526	0.00526	0.00175	0.00818	0.00409	0.00234	0.00818
121	0.00822	0.00577	0.00740	0.00693	0.00837	0.00526	0.00522	0.01070	0.01540	0.04346	0.68124	0.04180	0.11648	0.01144	0.00651	0.00175	0.00269	0.01004	0.00603	0.00530
122	0.84448	0.01071	0.00814	0.00728	0.01071	0.01242	0.00600	0.01628	0.00943	0.02485	0.00771	0.00900	0.00600	0.00514	0.00343	0.00171	0.00428	0.00300	0.00343	0.00600
123	0.01371	0.01316	0.02248	0.03399	0.77081	0.01316	0.01700	0.01700	0.01261	0.01809	0.01042	0.01371	0.00877	0.00493	0.00548	0.00164	0.00658	0.00493	0.00274	0.00877
124	0.02310	0.00948	0.01267	0.00964	0.01401	0.00804	0.00793	0.02528	0.01528	0.67546	0.02028	0.01788	0.01299	0.00649	0.00538	0.00160	0.00463	0.00527	0.00639	0.11821
125	0.00784	0.00566	0.00740	0.00697	0.00827	0.00523	0.00523	0.01045	0.01568	0.02221	0.76789	0.04137	0.05226	0.01132	0.00653	0.00174	0.00261	0.01002	0.00610	0.00523
126	0.01046	0.00984	0.01661	0.79205	0.03814	0.01230	0.01538	0.01415	0.01107	0.01415	0.00984	0.01477	0.00738	0.00554	0.00554	0.00185	0.00738	0.00492	0.00246	0.00615
127	0.01180	0.00983	0.01152	0.00824	0.01315	0.00740	0.00660	0.01425	0.01159	0.03577	0.01013	0.01166	0.00833	0.00417	0.00414	0.00084	0.00412	0.00333	0.00336	0.81978
128	0.01307	0.01494	0.03268	0.02334	0.02894	0.01401	0.75070	0.01774	0.01307	0.01774	0.01120	0.01494	0.00840	0.00467	0.00654	0.00187	0.00934	0.00654	0.00280	0.00747
129	0.00675	0.00482	0.00643	0.00771	0.00803	0.00450	0.00514	0.00771	0.01060	0.01414	0.03053	0.80175	0.03663	0.01735	0.00707	0.00225	0.00321	0.01574	0.00514	0.00450
130	0.02477	0.00956	0.01293	0.00992	0.01420	0.00833	0.00819	0.04254	0.01607	0.75879	0.02167	0.01873	0.01362	0.00685	0.00557	0.00171	0.00474	0.00556	0.00683	0.00943
131	0.00985	0.00669	0.00931	0.01072	0.05284	0.00656	0.00811	0.02890	0.01248	0.06402	0.02731	0.25798	0.02978	0.04440	0.00797	0.00245	0.00467	0.40548	0.00504	0.00545
132	0.01046	0.00984	0.01661	0.79205	0.03814	0.01230	0.01538	0.01415	0.01107	0.01415	0.00984	0.01477	0.00738	0.00554	0.00554	0.00185	0.00738	0.00492	0.00246	0.00615
133	0.00893	0.00607	0.00760	0.00701	0.00867	0.00553	0.00533	0.02473	0.01534	0.06862	0.58023	0.04155	0.17652	0.01144	0.00646	0.00176	0.00284	0.00994	0.00596	0.00547
134	0.20514	0.01292	0.01398	0.09189	0.01732	0.03030	0.00956	0.35636	0.01859	0.17160	0.01322	0.01348	0.00921	0.00621	0.00506	0.00170	0.00564	0.00462	0.00494	0.00825
135	0.01736	0.46973	0.02325	0.01155	0.01547	0.35174	0.01001	0.01898	0.01318	0.01326	0.00807	0.00936	0.00712	0.00516	0.00418	0.00129	0.00768	0.00322	0.00258	0.00681
136	0.02043	0.00849	0.01139	0.00903	0.01260	0.00740	0.00733	0.02269	0.01555	0.57117	0.17761	0.02346	0.02167	0.00771	0.00567	0.00168	0.00418	0.00643	0.03794	0.02755
137	0.01918	0.01507	0.06312	0.04183	0.01732	0.10395	0.02898	0.23347	0.16012	0.21785	0.01618	0.01571	0.01138	0.00664	0.00577	0.00172	0.02276	0.00519	0.00513	0.00862
138	0.04141	0.06201	0.05646	0.01054	0.01479	0.01131	0.00914	0.14464	0.09778	0.41930	0.04741	0.01834	0.02764	0.00693	0.00543	0.00170	0.00505	0.00552	0.00582	0.00880
139	0.02485	0.00943	0.01285	0.00985	0.01414	0.00814	0.00814	0.02699	0.01585	0.77465	0.02185	0.01885	0.01371	0.00685	0.00557	0.00171	0.00471	0.00557	0.00685	0.00943
140	0.00962	0.00481	0.00722	0.00722	0.00722	0.00481	0.00481	0.00722	0.00722	0.00962	0.00962	0.01684	0.00962	0.01924	0.02165	0.83886	0.00481	0.00481	0.00241	0.00241
141	0.01346	0.01290	0.02202	0.09277	0.71400	0.01309	0.01687	0.01678	0.01249	0.01779	0.01037	0.01379	0.00866	0.00498	0.00549	0.00166	0.00664	0.00493	0.00272	0.00857
142	0.01351	0.01296	0.02212	0.08039	0.72597	0.01311	0.01690	0.01682	0.01252	0.01785	0.01038	0.01377	0.00869	0.00497	0.00549	0.00166	0.00663	0.00493	0.00272	0.00861
143	0.00697	0.00495	0.00656	0.00777	0.00813	0.00467	0.00527	0.00797	0.01058	0.01408	0.02964	0.70796	0.03531	0.06576	0.00841	0.00246	0.00346	0.06055	0.00503	0.00447
