[name]
unknown

[dist]
# distance from previous block
# <min> <max>
21	129

[block]
# block no. 0 follows, 46 sequences, length 9
# corresponding to MSA columns:
# 142-150
name=unknown_A
#
# <colnr> <probs for GDERKNQSTAVLIFYWHMCP>
#	G	D	E	R	K	N	Q	S	T	A	V	L	I	F	Y	W	H	M	C	P
0	0.05051	0.03434	0.08314	0.04896	0.01411	0.04133	0.00871	0.12688	0.10506	0.07199	0.05431	0.19457	0.03683	0.00865	0.00559	0.00169	0.01866	0.00722	0.00436	0.08311
1	0.07519	0.01239	0.16587	0.05607	0.01469	0.00989	0.00973	0.10675	0.05920	0.07041	0.05738	0.13026	0.14848	0.00897	0.00616	0.00179	0.04880	0.00729	0.00418	0.00649
2	0.05600	0.14279	0.13777	0.06026	0.01525	0.04221	0.00969	0.09096	0.03212	0.01736	0.03675	0.09652	0.04601	0.00906	0.05796	0.00195	0.00596	0.00548	0.00339	0.13251
3	0.05206	0.17846	0.05300	0.01025	0.01402	0.01335	0.02383	0.20161	0.05902	0.05342	0.02742	0.06965	0.01169	0.00750	0.02763	0.00168	0.03877	0.01761	0.00389	0.13515
4	0.08976	0.32343	0.04229	0.00997	0.01392	0.04895	0.02911	0.05167	0.01193	0.13547	0.01037	0.01142	0.00819	0.00664	0.03601	0.00165	0.05952	0.00373	0.00331	0.10267
5	0.01321	0.00997	0.05562	0.00934	0.01312	0.00808	0.04063	0.04498	0.02782	0.17284	0.07144	0.04190	0.03335	0.04625	0.03582	0.00177	0.02526	0.00527	0.00415	0.33918
6	0.01025	0.07967	0.00702	0.00531	0.00684	0.00640	0.00419	0.01264	0.01105	0.01904	0.01634	0.01868	0.01293	0.00601	0.00367	0.00122	0.00276	0.00473	0.76616	0.00510
7	0.10475	0.34347	0.01950	0.01100	0.04990	0.09030	0.03343	0.01771	0.03093	0.12471	0.01011	0.01101	0.00803	0.00518	0.00471	0.00136	0.04279	0.00363	0.00322	0.08425
8	0.01400	0.01068	0.04713	0.18283	0.01975	0.01004	0.07896	0.05754	0.03781	0.18555	0.03656	0.04477	0.01137	0.00608	0.00576	0.00155	0.04608	0.00517	0.00393	0.19444

[dist]
# distance from previous block
# <min> <max>
0	12

[block]
# block no. 1 follows, 46 sequences, length 55
# corresponding to MSA columns:
# 163-217
name=unknown_B
#
# <colnr> <probs for GDERKNQSTAVLIFYWHMCP>
#	G	D	E	R	K	N	Q	S	T	A	V	L	I	F	Y	W	H	M	C	P
0	0.04666	0.01029	0.04033	0.08512	0.01557	0.00911	0.03940	0.08715	0.01252	0.13166	0.01256	0.04028	0.01030	0.07062	0.00675	0.00162	0.02342	0.00469	0.00377	0.34817
1	0.01242	0.01190	0.10712	0.22923	0.07169	0.01071	0.14575	0.01533	0.01125	0.12339	0.01326	0.04818	0.03274	0.00739	0.00769	0.07740	0.05931	0.00557	0.00318	0.00649
2	0.01513	0.09206	0.09853	0.02700	0.09191	0.08104	0.01071	0.12367	0.25262	0.08619	0.03646	0.01530	0.01199	0.00611	0.00505	0.00158	0.00563	0.00488	0.00422	0.02992
3	0.00713	0.00478	0.00638	0.00744	0.00790	0.00443	0.00502	0.00809	0.01032	0.04411	0.02881	0.77929	0.03410	0.01616	0.00669	0.00213	0.00312	0.01464	0.00497	0.00448
4	0.01032	0.00998	0.01752	0.66503	0.07242	0.01181	0.09258	0.01388	0.01087	0.01407	0.01047	0.01482	0.02308	0.00534	0.00540	0.00175	0.00711	0.00499	0.00245	0.00610
5	0.10378	0.01173	0.02329	0.04392	0.01481	0.01210	0.00844	0.27053	0.16415	0.05407	0.01352	0.02996	0.01037	0.00623	0.00514	0.01954	0.00484	0.00465	0.00442	0.19450
6	0.01418	0.77771	0.02713	0.00925	0.01364	0.02069	0.00914	0.03126	0.01096	0.01288	0.00745	0.00866	0.00683	0.00470	0.00383	0.00117	0.02849	0.00292	0.00233	0.00680
7	0.01199	0.01384	0.05801	0.15997	0.06540	0.01300	0.56467	0.01629	0.01207	0.01634	0.01038	0.01405	0.00781	0.00464	0.00597	0.00176	0.00841	0.00580	0.00260	0.00700
8	0.00708	0.00526	0.00653	0.00716	0.00802	0.00496	0.00514	0.00882	0.03572	0.01487	0.12321	0.40770	0.17226	0.07504	0.00813	0.00227	0.00332	0.09509	0.00490	0.00452
9	0.01315	0.01136	0.01195	0.01076	0.01375	0.01315	0.00837	0.02809	0.77168	0.02211	0.02152	0.01972	0.01614	0.00717	0.00538	0.00179	0.00418	0.00598	0.00538	0.00837
10	0.00730	0.00535	0.00685	0.00658	0.00781	0.00490	0.00490	0.00959	0.01438	0.02007	0.66395	0.09154	0.11420	0.01142	0.00627	0.00171	0.00255	0.01007	0.00568	0.00490
11	0.00643	0.00464	0.00609	0.00726	0.00764	0.00430	0.00486	0.00737	0.01022	0.01354	0.03040	0.77145	0.07346	0.01640	0.00672	0.00213	0.00305	0.01483	0.00491	0.00430
12	0.00657	0.00534	0.00587	0.00615	0.00766	0.00464	0.00466	0.00802	0.01192	0.01461	0.07589	0.15315	0.56923	0.01385	0.00643	0.00190	0.00296	0.09170	0.00494	0.00451
13	0.01926	0.02212	0.01481	0.01301	0.01602	0.58945	0.00995	0.17435	0.03676	0.01743	0.01076	0.01164	0.02965	0.00591	0.00493	0.00143	0.00843	0.00397	0.00339	0.00673
14	0.85155	0.01022	0.00777	0.00695	0.01022	0.01186	0.00573	0.01554	0.00900	0.02372	0.00736	0.00859	0.00573	0.00491	0.00327	0.00164	0.00409	0.00286	0.00327	0.00573
15	0.00759	0.00550	0.00768	0.00768	0.00835	0.00617	0.00560	0.00892	0.00826	0.01167	0.01490	0.02488	0.01500	0.26989	0.56546	0.00749	0.01147	0.00627	0.00294	0.00427
16	0.05251	0.01409	0.01517	0.01172	0.01582	0.01552	0.00967	0.67664	0.02330	0.07024	0.01293	0.01302	0.00918	0.00720	0.02662	0.00178	0.00591	0.00474	0.00521	0.00875
17	0.03466	0.02638	0.74762	0.01465	0.02219	0.01211	0.01882	0.01656	0.01118	0.01704	0.02605	0.01170	0.00760	0.00514	0.00500	0.00167	0.00759	0.00400	0.00234	0.00769
18	0.01600	0.02870	0.01481	0.17828	0.01913	0.01327	0.01047	0.28445	0.06634	0.13800	0.01356	0.04102	0.01036	0.00785	0.02971	0.00195	0.10901	0.00522	0.00433	0.00755
19	0.00998	0.00940	0.01586	0.80150	0.03641	0.01175	0.01468	0.01351	0.01057	0.01351	0.00940	0.01409	0.00705	0.00529	0.00529	0.00176	0.00705	0.00470	0.00235	0.00587
20	0.00633	0.00503	0.00569	0.00622	0.00737	0.00439	0.00440	0.00749	0.01121	0.01394	0.04297	0.38021	0.45659	0.01476	0.00646	0.00194	0.00285	0.01284	0.00491	0.00439
21	0.01121	0.00963	0.01140	0.00840	0.01265	0.00796	0.00675	0.03830	0.01120	0.01736	0.00976	0.02848	0.00840	0.00466	0.00500	0.00095	0.06206	0.00355	0.00318	0.73909
22	0.00643	0.00466	0.00607	0.00720	0.00763	0.00431	0.00484	0.00738	0.01028	0.01356	0.03109	0.74994	0.09452	0.01631	0.00671	0.00212	0.00304	0.01472	0.00491	0.00431
23	0.00643	0.00465	0.00608	0.00723	0.00763	0.00431	0.00485	0.00738	0.01025	0.01355	0.03075	0.76048	0.08420	0.01635	0.00671	0.00212	0.00304	0.01477	0.00491	0.00431
24	0.01106	0.01254	0.07425	0.24934	0.02589	0.01253	0.29658	0.01511	0.04416	0.01532	0.01235	0.04705	0.03478	0.00631	0.00740	0.00186	0.11830	0.00590	0.00278	0.00647
25	0.01872	0.01366	0.01657	0.01357	0.05523	0.04013	0.08221	0.42967	0.09355	0.14543	0.01427	0.01423	0.01010	0.00612	0.00535	0.00161	0.00587	0.00503	0.00498	0.02370
26	0.00799	0.00627	0.00709	0.00678	0.00840	0.00601	0.00517	0.03841	0.01223	0.04569	0.07509	0.14273	0.52852	0.01281	0.00713	0.00186	0.06750	0.01058	0.00482	0.00493
27	0.01990	0.00838	0.01116	0.00888	0.01235	0.00745	0.00721	0.02262	0.05047	0.59392	0.15986	0.02267	0.03569	0.00749	0.00551	0.00165	0.00408	0.00624	0.00632	0.00814
28	0.16165	0.00946	0.01208	0.08026	0.01513	0.00936	0.03068	0.03790	0.06500	0.44600	0.05023	0.01752	0.02856	0.00645	0.00505	0.00167	0.00467	0.00520	0.00532	0.00779
29	0.03581	0.01029	0.01256	0.03240	0.04415	0.01062	0.00861	0.12465	0.22996	0.31823	0.06079	0.02053	0.01577	0.00719	0.00543	0.00172	0.00463	0.04287	0.00558	0.00821
30	0.00755	0.00566	0.00850	0.00850	0.00944	0.00661	0.00661	0.00944	0.00850	0.01227	0.01416	0.02077	0.01322	0.03965	0.79326	0.00850	0.01416	0.00566	0.00283	0.00472
31	0.02177	0.01180	0.01397	0.01074	0.01488	0.01198	0.00886	0.37580	0.03593	0.41208	0.01700	0.01552	0.01121	0.00646	0.00530	0.00162	0.00512	0.00507	0.00592	0.00898
32	0.06181	0.01013	0.01233	0.00989	0.01354	0.00995	0.00810	0.21213	0.03148	0.44594	0.01906	0.07494	0.01417	0.00755	0.00541	0.00170	0.00473	0.04306	0.00584	0.00828
33	0.01673	0.01199	0.01433	0.01151	0.01450	0.01335	0.03069	0.41101	0.01829	0.11454	0.01624	0.08576	0.05041	0.02572	0.00795	0.00185	0.13658	0.00613	0.00477	0.00764
34	0.01289	0.01054	0.01200	0.00874	0.01334	0.00902	0.00706	0.17163	0.01389	0.02062	0.01009	0.01133	0.00808	0.00443	0.00420	0.00095	0.00432	0.00348	0.00359	0.66980
35	0.01121	0.00804	0.00915	0.00826	0.01033	0.00808	0.00628	0.22569	0.01544	0.05075	0.10663	0.26596	0.19521	0.03340	0.00661	0.00189	0.00383	0.00988	0.00510	0.01823
36	0.00740	0.00540	0.00695	0.00657	0.00785	0.00495	0.00492	0.00982	0.01477	0.02074	0.73048	0.04024	0.09813	0.01098	0.00624	0.00167	0.00251	0.00967	0.00576	0.00495
37	0.01711	0.05292	0.01320	0.01019	0.01312	0.05059	0.00818	0.25323	0.01620	0.23445	0.02847	0.12262	0.01465	0.06203	0.02396	0.00207	0.05832	0.00640	0.00492	0.00736
38	0.02087	0.01299	0.06519	0.01110	0.01548	0.01224	0.00963	0.36942	0.03996	0.36275	0.01631	0.01512	0.01084	0.00637	0.00529	0.00162	0.00532	0.00498	0.00564	0.00890
39	0.00720	0.00539	0.00667	0.00635	0.00772	0.00487	0.00476	0.00943	0.01429	0.01961	0.61165	0.04211	0.21767	0.01140	0.00624	0.00169	0.00254	0.00993	0.00561	0.00487
40	0.00708	0.00522	0.00693	0.00716	0.00796	0.00496	0.01855	0.00851	0.01126	0.01530	0.24093	0.35355	0.09594	0.11671	0.07244	0.00286	0.00413	0.01132	0.00474	0.00445
41	0.00695	0.00536	0.00635	0.00614	0.00758	0.00476	0.00459	0.00894	0.01366	0.01820	0.46520	0.06380	0.34536	0.01200	0.00625	0.00172	0.00258	0.01035	0.00543	0.00476
42	0.00642	0.00468	0.00606	0.00716	0.00762	0.00431	0.00482	0.00738	0.01031	0.01357	0.03157	0.73500	0.10915	0.01625	0.00670	0.00211	0.00303	0.01464	0.00491	0.00431
43	0.00918	0.00459	0.00689	0.00689	0.00689	0.00459	0.00459	0.00689	0.00689	0.00918	0.00918	0.01607	0.00918	0.01837	0.02066	0.84619	0.00459	0.00459	0.00230	0.00230
44	0.56136	0.01028	0.00890	0.00766	0.01075	0.01165	0.00621	0.15740	0.01221	0.02455	0.00990	0.01170	0.00780	0.03745	0.00464	0.00172	0.00427	0.00366	0.10175	0.00615
45	0.01975	0.02520	0.01498	0.01362	0.01634	0.79299	0.01021	0.02111	0.01498	0.01294	0.00817	0.00953	0.00681	0.00545	0.00477	0.00136	0.00953	0.00340	0.00272	0.00613
46	0.01097	0.00940	0.01073	0.00816	0.01234	0.00782	0.00645	0.01522	0.13072	0.01777	0.01396	0.03191	0.04859	0.00518	0.00433	0.00102	0.00388	0.00425	0.00361	0.65371
47	0.03706	0.01419	0.01506	0.01215	0.02961	0.03103	0.00973	0.62007	0.09803	0.03063	0.01387	0.04001	0.01045	0.00669	0.00529	0.00162	0.00561	0.00516	0.00514	0.00863
48	0.01315	0.01136	0.01195	0.01076	0.01375	0.01315	0.00837	0.02809	0.77168	0.02211	0.02152	0.01972	0.01614	0.00717	0.00538	0.00179	0.00418	0.00598	0.00538	0.00837
49	0.01283	0.01016	0.01173	0.00853	0.01313	0.00843	0.00688	0.12249	0.01315	0.05266	0.01037	0.01152	0.00822	0.00438	0.00417	0.00094	0.00422	0.00346	0.00359	0.68914
50	0.02990	0.17775	0.06864	0.01017	0.01420	0.01312	0.00907	0.18124	0.06255	0.13613	0.02710	0.05608	0.01126	0.00632	0.00529	0.00146	0.04188	0.00481	0.00413	0.13888
51	0.01336	0.08047	0.05946	0.17355	0.12635	0.01327	0.19232	0.10771	0.01310	0.06286	0.01132	0.03983	0.00907	0.00647	0.02307	0.00184	0.05035	0.00528	0.00315	0.00717
52	0.00946	0.00740	0.00869	0.04324	0.01088	0.00786	0.00632	0.01540	0.26434	0.03239	0.15724	0.22612	0.08085	0.09553	0.00820	0.00221	0.00373	0.00937	0.00496	0.00583
53	0.00651	0.00467	0.00607	0.00716	0.00752	0.00436	0.00475	0.00739	0.01005	0.01332	0.02945	0.72388	0.06872	0.06919	0.00806	0.00233	0.00319	0.01436	0.00479	0.00423
54	0.01447	0.11859	0.05463	0.12455	0.01773	0.03518	0.03938	0.16882	0.11681	0.10157	0.04168	0.09715	0.01368	0.00720	0.00552	0.00167	0.02401	0.00592	0.00419	0.00725

[dist]
# distance from previous block
# <min> <max>
6	16

[block]
# block no. 2 follows, 46 sequences, length 18
# corresponding to MSA columns:
# 234-251
name=unknown_C
#
# <colnr> <probs for GDERKNQSTAVLIFYWHMCP>
#	G	D	E	R	K	N	Q	S	T	A	V	L	I	F	Y	W	H	M	C	P
0	0.01806	0.01257	0.01394	0.01120	0.01489	0.01378	0.00910	0.43912	0.19636	0.12980	0.01595	0.01562	0.01151	0.00897	0.06212	0.00214	0.00586	0.00518	0.00530	0.00854
1	0.00682	0.00499	0.00641	0.00687	0.00770	0.00458	0.00484	0.00839	0.01218	0.01653	0.31826	0.43405	0.12078	0.01402	0.00650	0.00192	0.00281	0.01252	0.00526	0.00458
2	0.00813	0.00700	0.00932	0.06720	0.01123	0.00792	0.00705	0.00976	0.01121	0.01523	0.19737	0.20800	0.20181	0.01192	0.00897	0.00197	0.19702	0.00961	0.00430	0.00497
3	0.01034	0.00964	0.01619	0.65552	0.03285	0.01140	0.06467	0.03025	0.01104	0.01451	0.01018	0.03178	0.00797	0.00546	0.00528	0.00171	0.00680	0.00496	0.02220	0.04725
4	0.01445	0.07032	0.02623	0.01835	0.02319	0.03913	0.51340	0.04549	0.07117	0.10545	0.01244	0.01449	0.00913	0.00501	0.00578	0.00170	0.00773	0.00573	0.00339	0.00745
5	0.01557	0.01150	0.01307	0.03649	0.05140	0.05540	0.00829	0.16328	0.03115	0.15159	0.01222	0.01282	0.00908	0.00508	0.00461	0.00121	0.00494	0.00403	0.00411	0.40414
6	0.01899	0.06967	0.01654	0.01198	0.01597	0.01657	0.00999	0.64597	0.05271	0.03042	0.01239	0.01263	0.00902	0.00640	0.00576	0.00160	0.04514	0.00467	0.00494	0.00866
7	0.03367	0.07802	0.01556	0.03980	0.03292	0.07426	0.03905	0.29450	0.03669	0.16628	0.01434	0.05390	0.01122	0.00659	0.00514	0.00156	0.00567	0.02599	0.00461	0.06021
8	0.02010	0.01481	0.01587	0.01216	0.01639	0.01639	0.01005	0.76360	0.02486	0.03332	0.01269	0.01269	0.00899	0.00635	0.00529	0.00159	0.00582	0.00476	0.00529	0.00899
9	0.00644	0.00460	0.00613	0.00736	0.00767	0.00429	0.00491	0.00736	0.01012	0.01350	0.02914	0.81076	0.03497	0.01656	0.00675	0.00215	0.00307	0.01503	0.00491	0.00429
10	0.01975	0.02520	0.01498	0.01362	0.01634	0.79299	0.01021	0.02111	0.01498	0.01294	0.00817	0.00953	0.00681	0.00545	0.00477	0.00136	0.00953	0.00340	0.00272	0.00613
11	0.01784	0.07917	0.01346	0.01011	0.01319	0.09472	0.00815	0.14999	0.01510	0.31464	0.01764	0.15603	0.01480	0.00903	0.02766	0.00186	0.03771	0.00651	0.00499	0.00742
12	0.00998	0.00940	0.01586	0.80150	0.03641	0.01175	0.01468	0.01351	0.01057	0.01351	0.00940	0.01409	0.00705	0.00529	0.00529	0.00176	0.00705	0.00470	0.00235	0.00587
13	0.00769	0.00513	0.00577	0.00577	0.00577	0.00513	0.00320	0.00769	0.00769	0.01025	0.01666	0.03460	0.01922	0.81421	0.02691	0.00513	0.00513	0.00769	0.00320	0.00320
14	0.00831	0.00674	0.00833	0.00866	0.00920	0.03037	0.00623	0.04589	0.01057	0.01418	0.02367	0.58187	0.02767	0.04707	0.03258	0.00243	0.11493	0.01216	0.00437	0.00476
15	0.01133	0.00961	0.01116	0.00800	0.01268	0.00742	0.00642	0.04336	0.01152	0.01787	0.00953	0.01103	0.00788	0.00401	0.00397	0.00082	0.00399	0.00320	0.00322	0.81299
16	0.01022	0.00957	0.01628	0.58642	0.03078	0.01163	0.07735	0.01327	0.01036	0.01373	0.00999	0.03438	0.00810	0.00643	0.00711	0.03593	0.08165	0.00509	0.02595	0.00576
17	0.05422	0.01125	0.04487	0.10165	0.08482	0.01021	0.03201	0.11936	0.04561	0.04779	0.01144	0.03882	0.00925	0.00525	0.00467	0.00130	0.00507	0.00438	0.00354	0.36446

[dist]
# distance from previous block
# <min> <max>
1	2

[block]
# block no. 3 follows, 46 sequences, length 29
# corresponding to MSA columns:
# 254-282
name=unknown_D
#
# <colnr> <probs for GDERKNQSTAVLIFYWHMCP>
#	G	D	E	R	K	N	Q	S	T	A	V	L	I	F	Y	W	H	M	C	P
0	0.00644	0.00536	0.00562	0.00556	0.00726	0.00454	0.00417	0.00796	0.01250	0.01536	0.16671	0.04910	0.66525	0.01299	0.00625	0.00177	0.00265	0.01091	0.00505	0.00454
1	0.07666	0.05927	0.05342	0.29384	0.13059	0.01328	0.03246	0.09379	0.14456	0.01851	0.01164	0.01385	0.00891	0.00561	0.00528	0.00168	0.02155	0.00468	0.00328	0.00715
2	0.01315	0.01136	0.01195	0.01076	0.01375	0.01315	0.00837	0.02809	0.77168	0.02211	0.02152	0.01972	0.01614	0.00717	0.00538	0.00179	0.00418	0.00598	0.00538	0.00837
3	0.01294	0.05238	0.01754	0.48978	0.06045	0.01210	0.07927	0.03591	0.01178	0.13016	0.01114	0.01423	0.00813	0.00551	0.00573	0.00172	0.03664	0.00483	0.00309	0.00668
4	0.07789	0.00943	0.01219	0.00941	0.01345	0.00856	0.00777	0.06928	0.01531	0.68988	0.01948	0.01706	0.01236	0.00642	0.00518	0.00163	0.00455	0.00512	0.00625	0.00878
5	0.00748	0.00540	0.00707	0.00665	0.00790	0.00499	0.00499	0.00998	0.01496	0.02120	0.77844	0.03949	0.04988	0.01081	0.00624	0.00166	0.00249	0.00956	0.00582	0.00499
6	0.01233	0.00619	0.00833	0.00816	0.00983	0.00559	0.00610	0.01375	0.01199	0.26997	0.02701	0.46925	0.04909	0.01300	0.00630	0.00199	0.00367	0.06610	0.00545	0.00590
7	0.02944	0.00568	0.00628	0.00606	0.00771	0.00512	0.00457	0.00933	0.03564	0.01745	0.33291	0.04440	0.45265	0.01198	0.00614	0.00173	0.00269	0.01016	0.00523	0.00482
8	0.01229	0.00564	0.00622	0.00571	0.00745	0.00543	0.00441	0.01468	0.01180	0.15401	0.01788	0.01941	0.01347	0.00623	0.00398	0.00130	0.00282	0.00500	0.69665	0.00564
9	0.01413	0.81739	0.02770	0.00905	0.01357	0.02092	0.00905	0.01583	0.01074	0.01244	0.00735	0.00848	0.00678	0.00452	0.00339	0.00113	0.00565	0.00283	0.00226	0.00678
10	0.01413	0.81739	0.02770	0.00905	0.01357	0.02092	0.00905	0.01583	0.01074	0.01244	0.00735	0.00848	0.00678	0.00452	0.00339	0.00113	0.00565	0.00283	0.00226	0.00678
11	0.01413	0.81739	0.02770	0.00905	0.01357	0.02092	0.00905	0.01583	0.01074	0.01244	0.00735	0.00848	0.00678	0.00452	0.00339	0.00113	0.00565	0.00283	0.00226	0.00678
12	0.00716	0.00537	0.00664	0.00637	0.00771	0.00484	0.00476	0.00934	0.01414	0.01935	0.58636	0.06498	0.22036	0.01158	0.00625	0.00171	0.00255	0.01010	0.00558	0.00484
13	0.01123	0.02016	0.49558	0.01309	0.01878	0.01077	0.03392	0.03975	0.06833	0.06665	0.01478	0.15606	0.01300	0.00738	0.00542	0.00177	0.00644	0.00624	0.00333	0.00732
14	0.00823	0.00647	0.00788	0.00691	0.00913	0.00547	0.00528	0.01043	0.01308	0.01853	0.40033	0.08336	0.13723	0.00971	0.00565	0.00148	0.00300	0.02461	0.00487	0.23835
15	0.01383	0.74323	0.04778	0.00914	0.01376	0.01978	0.00916	0.01569	0.01077	0.01287	0.00754	0.00872	0.00685	0.00450	0.00347	0.00112	0.00560	0.00288	0.00232	0.06100
16	0.01533	0.01029	0.01338	0.07233	0.02998	0.00995	0.03844	0.12110	0.07645	0.20660	0.01465	0.05587	0.01130	0.00617	0.00546	0.00145	0.03583	0.00508	0.00442	0.26593
17	0.01496	0.03340	0.06775	0.17643	0.32621	0.05640	0.01350	0.04106	0.01280	0.16664	0.01184	0.01373	0.00880	0.00527	0.00514	0.00158	0.00628	0.00461	0.00340	0.03022
18	0.02039	0.01376	0.01479	0.01154	0.01559	0.04647	0.00945	0.52489	0.07279	0.19299	0.01485	0.01417	0.01026	0.00641	0.00528	0.00160	0.00558	0.00491	0.00546	0.00883
19	0.00673	0.00495	0.00606	0.00662	0.00732	0.00455	0.00449	0.00784	0.01089	0.01433	0.14256	0.43058	0.18856	0.12802	0.00942	0.00242	0.00319	0.01239	0.00480	0.00428
20	0.03269	0.02064	0.35126	0.01437	0.04296	0.09902	0.04233	0.19121	0.04002	0.06113	0.01098	0.01212	0.00799	0.00569	0.00568	0.00165	0.04472	0.00432	0.00338	0.00783
21	0.00766	0.00508	0.00581	0.00588	0.00589	0.00507	0.00333	0.00765	0.00779	0.01039	0.01712	0.07447	0.01978	0.75266	0.02570	0.02620	0.00500	0.00799	0.00327	0.00324
22	0.02372	0.00900	0.01227	0.00941	0.01350	0.00777	0.00777	0.02576	0.01513	0.78489	0.02086	0.01799	0.01309	0.00654	0.00532	0.00164	0.00450	0.00532	0.00654	0.00900
23	0.00751	0.00505	0.00582	0.00599	0.00603	0.00501	0.00344	0.00764	0.00803	0.01070	0.01839	0.14248	0.02141	0.70334	0.02411	0.00471	0.00484	0.00871	0.00344	0.00335
24	0.01648	0.03887	0.03178	0.24957	0.06572	0.07428	0.09933	0.08954	0.01397	0.24819	0.01318	0.01449	0.00920	0.00562	0.00529	0.00164	0.00651	0.00489	0.00397	0.00748
25	0.00864	0.00616	0.00746	0.00718	0.00882	0.00583	0.00552	0.01189	0.08500	0.06128	0.37509	0.09070	0.22050	0.01155	0.00623	0.00180	0.00305	0.07248	0.00546	0.00535
26	0.00909	0.00463	0.00681	0.00681	0.00681	0.00463	0.00450	0.00694	0.00694	0.00925	0.00967	0.01727	0.00983	0.06972	0.02106	0.79192	0.00463	0.00479	0.00235	0.00235
27	0.08945	0.01218	0.04755	0.30810	0.15663	0.01254	0.17870	0.07730	0.01243	0.04013	0.01020	0.01334	0.00769	0.00508	0.00529	0.00170	0.00691	0.00487	0.00291	0.00698
28	0.03387	0.01443	0.09850	0.07972	0.05934	0.01366	0.10402	0.37430	0.03314	0.07053	0.02700	0.02858	0.01001	0.00629	0.00567	0.01732	0.00625	0.00514	0.00424	0.00798

[dist]
# distance from previous block
# <min> <max>
0	10

[block]
# block no. 4 follows, 46 sequences, length 26
# corresponding to MSA columns:
# 293-318
name=unknown_E
#
# <colnr> <probs for GDERKNQSTAVLIFYWHMCP>
#	G	D	E	R	K	N	Q	S	T	A	V	L	I	F	Y	W	H	M	C	P
0	0.06108	0.08712	0.05380	0.09181	0.01819	0.45363	0.03635	0.01882	0.01309	0.04590	0.00877	0.01060	0.00708	0.00560	0.00566	0.00151	0.06812	0.00375	0.00278	0.00635
1	0.03976	0.01103	0.03643	0.08384	0.01783	0.00944	0.13905	0.05635	0.01216	0.06640	0.01046	0.01229	0.00809	0.00450	0.00462	0.00120	0.00533	0.00406	0.00329	0.47386
2	0.16203	0.37001	0.11352	0.01067	0.01503	0.07070	0.04318	0.04227	0.01151	0.06765	0.00888	0.01008	0.00715	0.00513	0.00463	0.00143	0.04291	0.00347	0.00288	0.00687
3	0.01175	0.01048	0.01590	0.51980	0.06181	0.02689	0.04528	0.05875	0.06160	0.04095	0.01081	0.01408	0.00812	0.00532	0.00519	0.00164	0.00650	0.00470	0.00296	0.08747
4	0.00711	0.00497	0.00636	0.00720	0.00796	0.00455	0.00506	0.00827	0.01086	0.03870	0.05552	0.59353	0.15822	0.01543	0.00663	0.00207	0.00313	0.05489	0.00499	0.00453
5	0.00709	0.00539	0.00652	0.00623	0.00765	0.00482	0.00468	0.00921	0.01403	0.01897	0.54530	0.04315	0.28441	0.01164	0.00624	0.00170	0.00255	0.01007	0.00553	0.00482
6	0.85155	0.01022	0.00777	0.00695	0.01022	0.01186	0.00573	0.01554	0.00900	0.02372	0.00736	0.00859	0.00573	0.00491	0.00327	0.00164	0.00409	0.00286	0.00327	0.00573
7	0.00777	0.00553	0.00654	0.00661	0.00722	0.00536	0.00427	0.00881	0.03227	0.01239	0.03792	0.19506	0.05089	0.47610	0.03530	0.00390	0.00463	0.04121	0.00381	0.05442
8	0.00769	0.00513	0.00577	0.00577	0.00577	0.00513	0.00320	0.00769	0.00769	0.01025	0.01666	0.03460	0.01922	0.81421	0.02691	0.00513	0.00513	0.00769	0.00320	0.00320
9	0.07988	0.00798	0.00976	0.00782	0.01105	0.00694	0.00623	0.01600	0.01340	0.24453	0.27550	0.02259	0.02358	0.00712	0.00507	0.00140	0.00361	0.00595	0.00506	0.24652
10	0.00998	0.00940	0.01586	0.80150	0.03641	0.01175	0.01468	0.01351	0.01057	0.01351	0.00940	0.01409	0.00705	0.00529	0.00529	0.00176	0.00705	0.00470	0.00235	0.00587
11	0.02056	0.01407	0.01541	0.01181	0.01602	0.01529	0.00976	0.66933	0.02361	0.12935	0.01374	0.01337	0.00951	0.00637	0.00529	0.00159	0.00565	0.00483	0.00545	0.00899
12	0.01157	0.01157	0.01619	0.01388	0.01388	0.01619	0.01157	0.01272	0.00810	0.01272	0.00694	0.01157	0.00694	0.00925	0.01735	0.00231	0.80453	0.00463	0.00231	0.00578
13	0.12605	0.35629	0.03610	0.01039	0.01387	0.08215	0.00933	0.08719	0.01214	0.07838	0.00899	0.01030	0.00739	0.00576	0.00611	0.00150	0.13458	0.00358	0.00307	0.00684
14	0.00700	0.00510	0.00674	0.00728	0.00790	0.00511	0.00512	0.00820	0.00983	0.01327	0.06739	0.36878	0.08992	0.13748	0.21246	0.00417	0.00621	0.02955	0.00418	0.00431
15	0.01384	0.71822	0.06487	0.01034	0.01509	0.01993	0.06652	0.01596	0.01089	0.01299	0.00771	0.00905	0.00687	0.00454	0.00369	0.00121	0.00601	0.00314	0.00229	0.00686
16	0.00677	0.00496	0.00641	0.00742	0.00797	0.00470	0.00511	0.00831	0.03674	0.01417	0.05431	0.68523	0.07940	0.01579	0.00667	0.00211	0.00313	0.04136	0.00495	0.00449
17	0.04274	0.08663	0.04028	0.02608	0.01519	0.04947	0.07105	0.13398	0.12968	0.21975	0.06478	0.06807	0.01482	0.00699	0.00527	0.00164	0.00529	0.00585	0.00480	0.00764
18	0.06683	0.01300	0.03246	0.31210	0.07099	0.07300	0.10087	0.16694	0.03795	0.03367	0.01055	0.01318	0.00792	0.00556	0.00562	0.00169	0.03271	0.00471	0.00326	0.00699
19	0.11928	0.01129	0.01773	0.22480	0.43209	0.01226	0.01400	0.01561	0.01121	0.04304	0.00971	0.01287	0.00779	0.00515	0.00554	0.00166	0.04143	0.00449	0.00275	0.00730
20	0.01368	0.04760	0.26277	0.18550	0.05189	0.01377	0.01413	0.23212	0.08960	0.02119	0.01151	0.01305	0.00843	0.00564	0.00514	0.00166	0.00657	0.00452	0.00346	0.00777
21	0.00918	0.00459	0.00689	0.00689	0.00689	0.00459	0.00459	0.00689	0.00689	0.00918	0.00918	0.01607	0.00918	0.01837	0.02066	0.84619	0.00459	0.00459	0.00230	0.00230
22	0.00944	0.00602	0.00699	0.00661	0.00864	0.00522	0.00520	0.01114	0.01289	0.13950	0.12788	0.04518	0.49586	0.01212	0.00620	0.00181	0.00318	0.08556	0.00527	0.00530
23	0.00755	0.00566	0.00850	0.00850	0.00944	0.00661	0.00661	0.00944	0.00850	0.01227	0.01416	0.02077	0.01322	0.03965	0.79326	0.00850	0.01416	0.00566	0.00283	0.00472
24	0.03547	0.01089	0.01176	0.01036	0.01343	0.01224	0.00812	0.04915	0.61171	0.10412	0.05762	0.02000	0.01697	0.00720	0.00536	0.00176	0.00418	0.00596	0.00547	0.00822
25	0.01151	0.00713	0.01009	0.01096	0.10568	0.00667	0.00760	0.01394	0.01394	0.16882	0.35070	0.03658	0.06553	0.01010	0.00615	0.00181	0.00385	0.15745	0.00533	0.00615

[dist]
# distance from previous block
# <min> <max>
0	9

[block]
# block no. 5 follows, 46 sequences, length 28
# corresponding to MSA columns:
# 328-355
name=unknown_F
#
# <colnr> <probs for GDERKNQSTAVLIFYWHMCP>
#	G	D	E	R	K	N	Q	S	T	A	V	L	I	F	Y	W	H	M	C	P
0	0.01248	0.06863	0.15382	0.05557	0.01867	0.05257	0.11165	0.05666	0.01078	0.01517	0.00842	0.01174	0.00714	0.00702	0.01090	0.00194	0.38319	0.00455	0.00253	0.00658
1	0.01219	0.01075	0.01481	0.09270	0.01740	0.01013	0.10266	0.10274	0.05049	0.01863	0.01055	0.01259	0.00841	0.00562	0.02308	0.00140	0.04123	0.00414	0.00332	0.45718
2	0.16530	0.43960	0.02070	0.00975	0.01357	0.04291	0.04588	0.05444	0.01149	0.05415	0.01034	0.03429	0.02852	0.00563	0.00460	0.00141	0.04387	0.00391	0.00300	0.00663
3	0.01172	0.01120	0.01887	0.35171	0.43428	0.01240	0.01536	0.01492	0.01124	0.01549	0.00957	0.01343	0.00775	0.00517	0.00584	0.00169	0.04497	0.00470	0.00249	0.00721
4	0.00769	0.00581	0.00855	0.00848	0.00933	0.00681	0.00653	0.00942	0.00843	0.01215	0.01411	0.02143	0.01343	0.09206	0.71612	0.00807	0.03833	0.00577	0.00284	0.00465
5	0.02010	0.01481	0.01587	0.01216	0.01639	0.01639	0.01005	0.76360	0.02486	0.03332	0.01269	0.01269	0.00899	0.00635	0.00529	0.00159	0.00582	0.00476	0.00529	0.00899
6	0.00668	0.00549	0.00596	0.00616	0.00784	0.00476	0.00484	0.00824	0.01214	0.01472	0.06653	0.05215	0.62868	0.01354	0.00643	0.00190	0.00306	0.14139	0.00492	0.00455
7	0.00739	0.00536	0.00701	0.00706	0.00819	0.00499	0.00535	0.00957	0.01375	0.01903	0.53754	0.15926	0.08296	0.01227	0.00644	0.00183	0.00288	0.09876	0.00552	0.00484
8	0.00644	0.00460	0.00613	0.00736	0.00767	0.00429	0.00491	0.00736	0.01012	0.01350	0.02914	0.81076	0.03497	0.01656	0.00675	0.00215	0.00307	0.01503	0.00491	0.00429
9	0.01370	0.01123	0.01197	0.01069	0.01373	0.01287	0.00834	0.02797	0.73249	0.06163	0.02148	0.01963	0.01598	0.00714	0.00538	0.00178	0.00420	0.00594	0.00544	0.00840
10	0.01308	0.01256	0.02146	0.03245	0.78123	0.01256	0.01622	0.01622	0.01204	0.01727	0.00994	0.01308	0.00837	0.00471	0.00523	0.00157	0.00628	0.00471	0.00262	0.00837
11	0.00743	0.00506	0.00580	0.00599	0.00612	0.00497	0.00350	0.00763	0.00827	0.01094	0.02032	0.15279	0.05813	0.65505	0.02286	0.00451	0.00470	0.00897	0.00354	0.00343
12	0.00826	0.00590	0.00822	0.00944	0.01054	0.00586	0.00807	0.01051	0.01191	0.01553	0.02813	0.15327	0.03099	0.01485	0.00723	0.00240	0.00464	0.65457	0.00487	0.00480
13	0.00685	0.00531	0.00621	0.00653	0.00781	0.00476	0.00490	0.00839	0.01201	0.01530	0.16210	0.18702	0.39365	0.04769	0.00735	0.00206	0.00311	0.10944	0.00498	0.00452
14	0.00685	0.00489	0.00653	0.00755	0.00807	0.00462	0.00534	0.00811	0.01086	0.01456	0.11114	0.61238	0.03567	0.03398	0.00722	0.00220	0.00328	0.10737	0.00496	0.00442
15	0.12384	0.04481	0.01671	0.08509	0.30481	0.08500	0.01177	0.11389	0.01364	0.09287	0.01067	0.01239	0.00821	0.00519	0.00481	0.00153	0.00599	0.00426	0.00342	0.05111
16	0.01471	0.01006	0.01255	0.02435	0.01385	0.01035	0.05997	0.12353	0.24663	0.18070	0.07151	0.02327	0.10390	0.04780	0.00660	0.00186	0.00461	0.00650	0.00517	0.03208
17	0.05305	0.24691	0.21979	0.04910	0.05832	0.06962	0.09908	0.03055	0.01166	0.03821	0.00916	0.01098	0.00723	0.00496	0.00490	0.00147	0.02786	0.00390	0.00263	0.05061
18	0.00805	0.00654	0.00857	0.00862	0.00943	0.03888	0.00652	0.00963	0.00916	0.01267	0.03338	0.17221	0.01784	0.06219	0.52239	0.00638	0.05206	0.00748	0.00328	0.00470
19	0.00644	0.00460	0.00613	0.00736	0.00767	0.00429	0.00491	0.00736	0.01012	0.01350	0.02914	0.81076	0.03497	0.01656	0.00675	0.00215	0.00307	0.01503	0.00491	0.00429
20	0.00892	0.00819	0.05037	0.16330	0.01500	0.00874	0.00852	0.02594	0.00911	0.01266	0.01286	0.02164	0.01257	0.24225	0.28516	0.00508	0.09619	0.00582	0.00280	0.00489
21	0.02361	0.02634	0.15345	0.21316	0.20400	0.01166	0.06830	0.04412	0.02841	0.01632	0.01322	0.10175	0.03104	0.00670	0.00585	0.00175	0.03452	0.00595	0.00296	0.00688
22	0.00755	0.00566	0.00850	0.00850	0.00944	0.00661	0.00661	0.00944	0.00850	0.01227	0.01416	0.02077	0.01322	0.03965	0.79326	0.00850	0.01416	0.00566	0.00283	0.00472
23	0.01818	0.01384	0.01501	0.04302	0.01661	0.01550	0.00986	0.57371	0.18704	0.03009	0.01449	0.01428	0.01047	0.00648	0.00531	0.00164	0.00551	0.00502	0.00519	0.00873
24	0.00985	0.00493	0.00493	0.00493	0.00616	0.00493	0.00370	0.01232	0.01109	0.01971	0.01725	0.01971	0.01355	0.00616	0.00370	0.00123	0.00246	0.00493	0.84356	0.00493
25	0.18118	0.05629	0.11687	0.01261	0.08548	0.08098	0.01029	0.20661	0.01492	0.08972	0.04505	0.01306	0.00988	0.00638	0.00552	0.04400	0.00577	0.00430	0.00384	0.00725
26	0.35988	0.01072	0.05055	0.01063	0.08988	0.01012	0.00802	0.03230	0.03477	0.05451	0.01297	0.01628	0.04413	0.00597	0.00434	0.00152	0.00452	0.05932	0.00357	0.18600
27	0.32943	0.07082	0.23459	0.05075	0.01706	0.01222	0.06801	0.01558	0.01030	0.01892	0.00856	0.01037	0.00659	0.00487	0.00447	0.00154	0.02208	0.00358	0.00278	0.10749

[dist]
# distance from previous block
# <min> <max>
1	10

[block]
# block no. 6 follows, 46 sequences, length 24
# corresponding to MSA columns:
# 366-389
name=unknown_G
#
# <colnr> <probs for GDERKNQSTAVLIFYWHMCP>
#	G	D	E	R	K	N	Q	S	T	A	V	L	I	F	Y	W	H	M	C	P
0	0.13072	0.04423	0.25212	0.11092	0.12548	0.02836	0.08086	0.01676	0.01138	0.08483	0.01020	0.01217	0.00758	0.00509	0.00506	0.00162	0.01976	0.00423	0.00292	0.04572
1	0.01361	0.00681	0.00928	0.00877	0.01089	0.00624	0.00712	0.01565	0.01330	0.29943	0.13102	0.17128	0.02756	0.01144	0.00632	0.00198	0.00409	0.24326	0.00563	0.00631
2	0.01044	0.00986	0.01667	0.68935	0.14503	0.01186	0.01491	0.01390	0.01078	0.01406	0.00948	0.01395	0.00724	0.00520	0.00528	0.00173	0.00694	0.00470	0.00239	0.00624
3	0.14713	0.05156	0.10874	0.18761	0.10805	0.02773	0.01141	0.03377	0.01175	0.13088	0.01344	0.07366	0.01142	0.00673	0.00506	0.00172	0.00573	0.05328	0.00356	0.00679
4	0.00799	0.00673	0.03230	0.00863	0.05522	0.00596	0.00633	0.01032	0.02641	0.03362	0.25734	0.07256	0.27943	0.01546	0.11678	0.00272	0.00481	0.04748	0.00471	0.00518
5	0.00748	0.00540	0.00707	0.00665	0.00790	0.00499	0.00499	0.00998	0.01496	0.02120	0.77844	0.03949	0.04988	0.01081	0.00624	0.00166	0.00249	0.00956	0.00582	0.00499
6	0.01359	0.69625	0.14410	0.00997	0.01500	0.01959	0.01065	0.01597	0.01081	0.01310	0.00768	0.00889	0.00677	0.00460	0.00364	0.00121	0.00598	0.00299	0.00226	0.00694
7	0.01254	0.08893	0.22221	0.25416	0.11387	0.02709	0.03641	0.04219	0.02426	0.07720	0.01136	0.03052	0.00891	0.00567	0.00513	0.00166	0.00671	0.02107	0.00295	0.00715
8	0.08704	0.01048	0.11399	0.04884	0.09184	0.00853	0.02577	0.01445	0.01221	0.10827	0.10522	0.03256	0.02094	0.00952	0.00628	0.02248	0.00519	0.26593	0.00423	0.00622
9	0.03155	0.01191	0.01511	0.42621	0.03882	0.13855	0.05292	0.02699	0.01178	0.01450	0.01349	0.02002	0.04864	0.00687	0.00596	0.00179	0.03862	0.08747	0.00291	0.00589
10	0.01975	0.02520	0.01498	0.01362	0.01634	0.79299	0.01021	0.02111	0.01498	0.01294	0.00817	0.00953	0.00681	0.00545	0.00477	0.00136	0.00953	0.00340	0.00272	0.00613
11	0.00985	0.00493	0.00493	0.00493	0.00616	0.00493	0.00370	0.01232	0.01109	0.01971	0.01725	0.01971	0.01355	0.00616	0.00370	0.00123	0.00246	0.00493	0.84356	0.00493
12	0.01060	0.02735	0.78682	0.01507	0.02288	0.01228	0.01953	0.01674	0.01116	0.01674	0.00949	0.01116	0.00670	0.00502	0.00502	0.00167	0.00781	0.00391	0.00223	0.00781
13	0.01413	0.81739	0.02770	0.00905	0.01357	0.02092	0.00905	0.01583	0.01074	0.01244	0.00735	0.00848	0.00678	0.00452	0.00339	0.00113	0.00565	0.00283	0.00226	0.00678
14	0.00631	0.00533	0.00546	0.00549	0.00719	0.00448	0.00409	0.00768	0.01210	0.01455	0.08357	0.07859	0.72037	0.01340	0.00627	0.00179	0.00268	0.01123	0.00495	0.00448
15	0.00887	0.00522	0.00700	0.00765	0.00849	0.00478	0.00531	0.00995	0.01083	0.12190	0.02797	0.69935	0.03189	0.01515	0.00655	0.00208	0.00327	0.01366	0.00514	0.00495
16	0.00845	0.00603	0.00844	0.00966	0.01084	0.00602	0.00840	0.01083	0.01210	0.01574	0.02803	0.08511	0.03058	0.01467	0.00728	0.00242	0.00481	0.72087	0.00487	0.00485
17	0.01976	0.02472	0.01502	0.01355	0.01635	0.75741	0.01021	0.05512	0.01543	0.01387	0.00838	0.00968	0.00691	0.00549	0.00479	0.00137	0.00936	0.00347	0.00284	0.00626
18	0.00760	0.00511	0.00577	0.00582	0.00588	0.00507	0.00330	0.00767	0.00791	0.01050	0.01816	0.06813	0.03992	0.75908	0.02550	0.00491	0.00497	0.00809	0.00332	0.00328
19	0.00738	0.00532	0.00697	0.00672	0.00788	0.00492	0.00498	0.00972	0.01448	0.02043	0.70390	0.11622	0.04840	0.01138	0.00629	0.00171	0.00255	0.01010	0.00573	0.00492
20	0.01167	0.00647	0.00844	0.00748	0.00951	0.00589	0.00584	0.01427	0.03265	0.21295	0.49686	0.03506	0.08434	0.00995	0.00602	0.00170	0.00314	0.03582	0.00590	0.00604
21	0.02268	0.01016	0.01293	0.00997	0.01404	0.00956	0.00822	0.16330	0.04319	0.61842	0.01936	0.01707	0.01243	0.00653	0.00531	0.00163	0.00473	0.00524	0.00627	0.00897
22	0.03436	0.28317	0.26155	0.01186	0.01686	0.09638	0.01248	0.11886	0.01334	0.01729	0.01070	0.01463	0.00917	0.00594	0.00466	0.00152	0.00665	0.07046	0.00298	0.00714
23	0.03245	0.05492	0.36419	0.10330	0.08491	0.01205	0.05948	0.01665	0.03759	0.07613	0.01137	0.01465	0.00888	0.04521	0.00669	0.00187	0.03960	0.01994	0.00288	0.00725

[dist]
# distance from previous block
# <min> <max>
1	6

[block]
# block no. 7 follows, 46 sequences, length 6
# corresponding to MSA columns:
# 396-401
name=unknown_H
#
# <colnr> <probs for GDERKNQSTAVLIFYWHMCP>
#	G	D	E	R	K	N	Q	S	T	A	V	L	I	F	Y	W	H	M	C	P
0	0.01622	0.01381	0.19027	0.04454	0.11670	0.01015	0.01179	0.07405	0.04810	0.30320	0.05873	0.01867	0.03514	0.00659	0.00537	0.00167	0.00552	0.02684	0.00460	0.00802
1	0.72754	0.01275	0.12265	0.00815	0.01209	0.01192	0.00776	0.01572	0.00932	0.02269	0.00767	0.00897	0.00587	0.00492	0.00353	0.00164	0.00464	0.00302	0.00312	0.00603
2	0.00988	0.00821	0.00978	0.00762	0.01126	0.00639	0.00591	0.01203	0.01132	0.01715	0.10434	0.13232	0.01686	0.00661	0.00461	0.00109	0.00362	0.00566	0.00372	0.62162
3	0.00716	0.00539	0.00669	0.00690	0.00816	0.00492	0.00529	0.00909	0.01298	0.01724	0.34115	0.15776	0.24943	0.01300	0.00649	0.00190	0.00302	0.13343	0.00527	0.00472
4	0.00728	0.00532	0.00697	0.00787	0.00859	0.00516	0.00572	0.00941	0.05225	0.01528	0.11820	0.54731	0.03496	0.01503	0.00671	0.00212	0.00337	0.13874	0.00504	0.00470
5	0.00748	0.00540	0.00707	0.00665	0.00790	0.00499	0.00499	0.00998	0.01496	0.02120	0.77844	0.03949	0.04988	0.01081	0.00624	0.00166	0.00249	0.00956	0.00582	0.00499

[dist]
# distance from previous block
# <min> <max>
3	6

[block]
# block no. 8 follows, 46 sequences, length 12
# corresponding to MSA columns:
# 408-419
name=unknown_I
#
# <colnr> <probs for GDERKNQSTAVLIFYWHMCP>
#	G	D	E	R	K	N	Q	S	T	A	V	L	I	F	Y	W	H	M	C	P
0	0.00924	0.00612	0.00768	0.00693	0.00883	0.00535	0.00526	0.01136	0.01368	0.09753	0.44230	0.10641	0.14845	0.01054	0.00594	0.00163	0.00293	0.00917	0.00539	0.09524
1	0.00990	0.00921	0.01543	0.75594	0.03495	0.01142	0.01433	0.01336	0.01066	0.01364	0.01047	0.01672	0.00839	0.00582	0.00540	0.00180	0.00692	0.04734	0.00249	0.00581
2	0.01413	0.81739	0.02770	0.00905	0.01357	0.02092	0.00905	0.01583	0.01074	0.01244	0.00735	0.00848	0.00678	0.00452	0.00339	0.00113	0.00565	0.00283	0.00226	0.00678
3	0.00906	0.00527	0.00782	0.00766	0.00782	0.00575	0.00543	0.00774	0.00726	0.00997	0.00991	0.01659	0.00974	0.02149	0.15684	0.63966	0.06185	0.00478	0.00239	0.00297
4	0.85155	0.01022	0.00777	0.00695	0.01022	0.01186	0.00573	0.01554	0.00900	0.02372	0.00736	0.00859	0.00573	0.00491	0.00327	0.00164	0.00409	0.00286	0.00327	0.00573
5	0.01413	0.81739	0.02770	0.00905	0.01357	0.02092	0.00905	0.01583	0.01074	0.01244	0.00735	0.00848	0.00678	0.00452	0.00339	0.00113	0.00565	0.00283	0.00226	0.00678
6	0.04330	0.00991	0.01202	0.00917	0.01337	0.00889	0.00746	0.09363	0.07048	0.37150	0.01581	0.01493	0.01091	0.00563	0.00478	0.00135	0.00439	0.00450	0.00508	0.29288
7	0.00998	0.00940	0.01586	0.80150	0.03641	0.01175	0.01468	0.01351	0.01057	0.01351	0.00940	0.01409	0.00705	0.00529	0.00529	0.00176	0.00705	0.00470	0.00235	0.00587
8	0.01975	0.02520	0.01498	0.01362	0.01634	0.79299	0.01021	0.02111	0.01498	0.01294	0.00817	0.00953	0.00681	0.00545	0.00477	0.00136	0.00953	0.00340	0.00272	0.00613
9	0.03711	0.34842	0.26002	0.03845	0.01841	0.03499	0.06478	0.08163	0.04093	0.01663	0.00933	0.01072	0.00737	0.00499	0.00443	0.00145	0.00660	0.00376	0.00270	0.00730
10	0.33139	0.11392	0.12379	0.02741	0.04184	0.09232	0.00943	0.01606	0.01091	0.04967	0.05533	0.01205	0.00949	0.00630	0.02329	0.00171	0.03393	0.00381	0.00314	0.03419
11	0.21137	0.12341	0.20493	0.08169	0.01699	0.09414	0.01112	0.04737	0.01185	0.04812	0.04932	0.03951	0.01055	0.00601	0.00458	0.00160	0.00605	0.02163	0.00317	0.00660

[dist]
# distance from previous block
# <min> <max>
1	26

[block]
# block no. 9 follows, 46 sequences, length 9
# corresponding to MSA columns:
# 446-454
name=unknown_J
#
# <colnr> <probs for GDERKNQSTAVLIFYWHMCP>
#	G	D	E	R	K	N	Q	S	T	A	V	L	I	F	Y	W	H	M	C	P
0	0.01236	0.01114	0.05869	0.24479	0.16003	0.01126	0.01179	0.10700	0.10579	0.05321	0.12662	0.01888	0.01565	0.03271	0.00612	0.00179	0.00560	0.00567	0.00385	0.00704
1	0.06844	0.19451	0.17707	0.07450	0.01808	0.01401	0.04482	0.11080	0.08223	0.14795	0.01232	0.01289	0.00896	0.00551	0.00474	0.00156	0.00595	0.00430	0.00372	0.00766
2	0.05694	0.00755	0.06135	0.00769	0.00977	0.00618	0.00654	0.01204	0.01398	0.08367	0.51436	0.03639	0.07616	0.01019	0.00600	0.00174	0.00334	0.07524	0.00536	0.00552
3	0.67217	0.01049	0.00907	0.00773	0.01119	0.01176	0.00637	0.08463	0.01121	0.12023	0.00954	0.01014	0.00695	0.00524	0.00371	0.00163	0.00430	0.00334	0.00387	0.00643
4	0.00644	0.00460	0.00613	0.00736	0.00767	0.00429	0.00491	0.00736	0.01012	0.01350	0.02914	0.81076	0.03497	0.01656	0.00675	0.00215	0.00307	0.01503	0.00491	0.00429
5	0.02010	0.01481	0.01587	0.01216	0.01639	0.01639	0.01005	0.76360	0.02486	0.03332	0.01269	0.01269	0.00899	0.00635	0.00529	0.00159	0.00582	0.00476	0.00529	0.00899
6	0.14708	0.01271	0.01342	0.03624	0.01518	0.05204	0.00895	0.38231	0.01865	0.20571	0.01412	0.01522	0.01020	0.00645	0.00505	0.00164	0.00543	0.03649	0.00503	0.00807
7	0.01033	0.00973	0.01613	0.64948	0.03269	0.01171	0.06119	0.01490	0.07957	0.01480	0.04072	0.01561	0.00961	0.00562	0.00539	0.00176	0.00673	0.00510	0.00278	0.00614
8	0.19180	0.01146	0.01509	0.16090	0.25865	0.04526	0.01145	0.06863	0.01269	0.13729	0.03088	0.01358	0.00934	0.00544	0.00485	0.00162	0.00569	0.00448	0.00358	0.00731

[dist]
# distance from previous block
# <min> <max>
0	4

[block]
# block no. 10 follows, 46 sequences, length 32
# corresponding to MSA columns:
# 459-490
name=unknown_K
#
# <colnr> <probs for GDERKNQSTAVLIFYWHMCP>
#	G	D	E	R	K	N	Q	S	T	A	V	L	I	F	Y	W	H	M	C	P
0	0.27635	0.06070	0.41884	0.01243	0.04554	0.01228	0.01368	0.01695	0.01078	0.07412	0.00954	0.01078	0.00692	0.00506	0.00442	0.00163	0.00624	0.00365	0.00289	0.00721
1	0.01157	0.01157	0.01619	0.01388	0.01388	0.01619	0.01157	0.01272	0.00810	0.01272	0.00694	0.01157	0.00694	0.00925	0.01735	0.00231	0.80453	0.00463	0.00231	0.00578
2	0.00985	0.00858	0.01434	0.66725	0.03142	0.01054	0.01298	0.01239	0.00995	0.01278	0.00936	0.01443	0.00741	0.00750	0.00788	0.14443	0.00663	0.00468	0.00234	0.00527
3	0.01255	0.01430	0.12191	0.08120	0.63190	0.01247	0.01656	0.01611	0.01182	0.01695	0.00985	0.01290	0.00806	0.00479	0.00521	0.00160	0.00653	0.00460	0.00255	0.00813
4	0.01190	0.09716	0.01811	0.50185	0.17159	0.06653	0.01396	0.03130	0.01148	0.01450	0.00927	0.01296	0.00729	0.00513	0.00504	0.00163	0.00690	0.00441	0.00248	0.00652
5	0.00998	0.00940	0.01586	0.80150	0.03641	0.01175	0.01468	0.01351	0.01057	0.01351	0.00940	0.01409	0.00705	0.00529	0.00529	0.00176	0.00705	0.00470	0.00235	0.00587
6	0.85155	0.01022	0.00777	0.00695	0.01022	0.01186	0.00573	0.01554	0.00900	0.02372	0.00736	0.00859	0.00573	0.00491	0.00327	0.00164	0.00409	0.00286	0.00327	0.00573
7	0.05126	0.21142	0.32395	0.04723	0.08364	0.04668	0.03100	0.01575	0.01095	0.02911	0.00960	0.03486	0.00796	0.00606	0.00576	0.04606	0.02514	0.00414	0.00252	0.00693
8	0.00985	0.00493	0.00493	0.00493	0.00616	0.00493	0.00370	0.01232	0.01109	0.01971	0.01725	0.01971	0.01355	0.00616	0.00370	0.00123	0.00246	0.00493	0.84356	0.00493
9	0.00625	0.00533	0.00538	0.00542	0.00716	0.00446	0.00404	0.00758	0.01199	0.01426	0.05278	0.07499	0.75547	0.01349	0.00626	0.00180	0.00269	0.01128	0.00491	0.00446
10	0.16491	0.01107	0.03573	0.27069	0.04313	0.03008	0.01061	0.03523	0.25394	0.01890	0.01418	0.01762	0.01131	0.00643	0.00506	0.00177	0.00548	0.05335	0.00373	0.00678
11	0.01220	0.04493	0.65498	0.01456	0.02179	0.01204	0.04538	0.01771	0.01163	0.10061	0.01072	0.01195	0.00745	0.00516	0.00506	0.00166	0.00744	0.00412	0.00272	0.00789
