[name]
unknown

[dist]
# distance from previous block
# <min> <max>
0	159

[block]
# block no. 0 follows, 47 sequences, length 23
# corresponding to MSA columns:
# 178-182,184-201
name=unknown_A
#
# <colnr> <probs for GDERKNQSTAVLIFYWHMCP>
#	G	D	E	R	K	N	Q	S	T	A	V	L	I	F	Y	W	H	M	C	P
0	0.22442	0.01035	0.03313	0.00925	0.02265	0.01049	0.00762	0.15550	0.11396	0.08800	0.03366	0.02247	0.09794	0.00756	0.00497	0.00167	0.00442	0.08709	0.00449	0.06035
1	0.11789	0.05098	0.09051	0.14479	0.30889	0.06660	0.01311	0.06025	0.04218	0.04246	0.01006	0.01226	0.00787	0.00507	0.00480	0.00157	0.00621	0.00423	0.00296	0.00731
2	0.00897	0.00455	0.00673	0.00673	0.00673	0.00455	0.00445	0.00683	0.00683	0.00910	0.00943	0.01678	0.00956	0.05963	0.02067	0.80463	0.00455	0.00468	0.00231	0.00231
3	0.01080	0.00926	0.01080	0.00771	0.01234	0.00694	0.00617	0.01311	0.01080	0.01697	0.00926	0.01080	0.00771	0.00386	0.00386	0.00077	0.00386	0.00309	0.00309	0.84882
4	0.01539	0.01009	0.01338	0.01229	0.08534	0.01019	0.04533	0.16991	0.08297	0.21443	0.04270	0.14172	0.02952	0.00795	0.00596	0.00167	0.03894	0.00675	0.00485	0.06064
5	0.00645	0.00526	0.00571	0.00566	0.00723	0.00451	0.00422	0.00803	0.01248	0.01567	0.22678	0.07946	0.57494	0.01271	0.00617	0.00174	0.00261	0.01077	0.00505	0.00451
6	0.01391	0.01322	0.02026	0.02902	0.66855	0.05205	0.01507	0.09191	0.01328	0.01839	0.00998	0.01267	0.00823	0.00484	0.00514	0.00154	0.00630	0.00458	0.00285	0.00820
7	0.01161	0.00919	0.01096	0.04725	0.01323	0.00829	0.00703	0.12631	0.03422	0.03677	0.01365	0.13991	0.01269	0.00792	0.03844	0.00152	0.00461	0.00551	0.00378	0.46712
8	0.01289	0.01237	0.02114	0.03196	0.78450	0.01237	0.01598	0.01598	0.01186	0.01701	0.00980	0.01289	0.00825	0.00464	0.00516	0.00155	0.00619	0.00464	0.00258	0.00825
9	0.01176	0.01079	0.01614	0.12791	0.19427	0.02926	0.08849	0.08804	0.01209	0.01675	0.01229	0.11247	0.01154	0.04142	0.00726	0.00177	0.07900	0.00592	0.00316	0.12968
10	0.06559	0.31270	0.01924	0.01236	0.05470	0.42757	0.00969	0.01833	0.01274	0.01340	0.00780	0.00914	0.00672	0.00497	0.00414	0.00129	0.00752	0.00318	0.00254	0.00636
11	0.00638	0.00458	0.00606	0.00717	0.00755	0.00426	0.00481	0.00736	0.01021	0.01361	0.05901	0.76173	0.05596	0.01600	0.00661	0.00209	0.00299	0.01449	0.00487	0.00426
12	0.01261	0.01480	0.08633	0.09362	0.07989	0.05391	0.42889	0.04773	0.04486	0.01678	0.01043	0.01345	0.00798	0.00508	0.00645	0.00174	0.06024	0.00539	0.00276	0.00704
13	0.00688	0.00546	0.00658	0.05238	0.00900	0.00501	0.00498	0.00868	0.01259	0.01641	0.32026	0.10811	0.37973	0.03267	0.00666	0.00183	0.00291	0.01027	0.00498	0.00462
14	0.01620	0.03629	0.01410	0.07170	0.01657	0.33775	0.00967	0.10584	0.30076	0.01840	0.01355	0.01382	0.01041	0.00607	0.00499	0.00155	0.00673	0.00454	0.00391	0.00718
15	0.00972	0.00987	0.05939	0.47121	0.02655	0.01059	0.04192	0.01284	0.01010	0.01381	0.01040	0.02855	0.00855	0.01047	0.12090	0.00266	0.05999	0.00486	0.02623	0.06140
16	0.00640	0.00456	0.00602	0.00717	0.00746	0.00427	0.00475	0.00727	0.00985	0.01314	0.02810	0.77561	0.03369	0.05532	0.00761	0.00226	0.00312	0.01445	0.00475	0.00418
17	0.01255	0.01212	0.02097	0.11104	0.67567	0.01232	0.04728	0.01574	0.01173	0.01662	0.00977	0.01304	0.00810	0.00469	0.00520	0.00157	0.00637	0.00470	0.00255	0.00794
18	0.28240	0.38328	0.04265	0.00922	0.01313	0.12015	0.00841	0.06133	0.01144	0.01722	0.00773	0.00886	0.00648	0.00482	0.00365	0.00135	0.00566	0.00302	0.00278	0.00643
19	0.01390	0.02853	0.01203	0.01071	0.01297	0.27625	0.00815	0.05356	0.24672	0.01639	0.01798	0.08251	0.07283	0.06013	0.02116	0.00198	0.04783	0.00607	0.00394	0.00635
20	0.01302	0.48232	0.02233	0.01062	0.01376	0.03219	0.04441	0.05099	0.01077	0.01359	0.00920	0.06330	0.00890	0.00729	0.02901	0.00168	0.17336	0.00429	0.00260	0.00637
21	0.00634	0.00453	0.00604	0.00725	0.00755	0.00423	0.00483	0.00725	0.00997	0.01329	0.02870	0.81358	0.03444	0.01632	0.00665	0.00211	0.00302	0.01480	0.00483	0.00423
22	0.00720	0.00502	0.00566	0.00580	0.00612	0.00485	0.00348	0.00752	0.00854	0.01111	0.02366	0.12924	0.14236	0.59386	0.02091	0.00418	0.00442	0.00898	0.00362	0.00348

[dist]
# distance from previous block
# <min> <max>
0	24

[block]
# block no. 1 follows, 47 sequences, length 83
# corresponding to MSA columns:
# 226-294,296-309
name=unknown_B
#
# <colnr> <probs for GDERKNQSTAVLIFYWHMCP>
#	G	D	E	R	K	N	Q	S	T	A	V	L	I	F	Y	W	H	M	C	P
0	0.01295	0.01122	0.01204	0.01121	0.03553	0.01294	0.00846	0.02734	0.75332	0.02165	0.02087	0.01924	0.01568	0.00700	0.00529	0.00176	0.00418	0.00585	0.00522	0.00824
1	0.00700	0.00531	0.00645	0.00616	0.00755	0.00476	0.00462	0.00911	0.01387	0.01881	0.55970	0.04232	0.27248	0.01142	0.00615	0.00167	0.00251	0.00990	0.00546	0.00476
2	0.01160	0.06350	0.11612	0.01386	0.01890	0.01094	0.27356	0.03219	0.01158	0.01673	0.00999	0.02738	0.00810	0.00461	0.00510	0.00132	0.02159	0.00452	0.00283	0.34558
3	0.01832	0.18974	0.01741	0.01241	0.01553	0.59482	0.00981	0.05793	0.01439	0.01367	0.00811	0.00933	0.00681	0.00522	0.00444	0.00131	0.00841	0.00330	0.00272	0.00632
4	0.00769	0.00507	0.00575	0.00573	0.00600	0.00504	0.00344	0.00816	0.00848	0.01178	0.06511	0.03324	0.04665	0.64454	0.04570	0.00449	0.00484	0.00751	0.07727	0.00350
5	0.00697	0.00479	0.00586	0.00645	0.00660	0.00465	0.00398	0.00741	0.00875	0.01167	0.02245	0.41722	0.02656	0.42344	0.01674	0.00361	0.00405	0.01113	0.00398	0.00368
6	0.01469	0.01189	0.01264	0.01088	0.01412	0.01355	0.00860	0.19200	0.59227	0.04033	0.01925	0.01785	0.01427	0.00687	0.00528	0.00172	0.00449	0.00561	0.00530	0.00839
7	0.01759	0.01177	0.01308	0.01021	0.01402	0.01228	0.00833	0.41266	0.09321	0.14572	0.01460	0.01442	0.01044	0.00604	0.00490	0.00146	0.00482	0.00470	0.08393	0.11581
8	0.04335	0.10442	0.01329	0.00902	0.01264	0.00966	0.00752	0.07168	0.03179	0.50421	0.07423	0.01826	0.01466	0.03604	0.02402	0.00183	0.00473	0.00526	0.00549	0.00791
9	0.01045	0.02694	0.79000	0.01484	0.02254	0.01209	0.01924	0.01649	0.01099	0.01649	0.00935	0.01099	0.00660	0.00495	0.00495	0.00165	0.00770	0.00385	0.00220	0.00770
10	0.02081	0.01296	0.01462	0.01121	0.01534	0.01374	0.00926	0.55679	0.02177	0.24700	0.01478	0.01398	0.01000	0.00631	0.00522	0.00158	0.00536	0.00484	0.00556	0.00886
11	0.01302	0.06255	0.02088	0.09976	0.61361	0.02990	0.02902	0.03940	0.01211	0.01678	0.00965	0.01263	0.00801	0.00474	0.00506	0.00154	0.00632	0.00453	0.00262	0.00788
12	0.07991	0.00959	0.01219	0.03768	0.01413	0.00912	0.00798	0.08869	0.05986	0.59665	0.01856	0.01659	0.01200	0.00631	0.00510	0.00162	0.00459	0.00504	0.00590	0.00849
13	0.00757	0.00505	0.00568	0.00568	0.00568	0.00505	0.00316	0.00757	0.00757	0.01010	0.01641	0.03408	0.01893	0.81698	0.02651	0.00505	0.00505	0.00757	0.00316	0.00316
14	0.00690	0.00530	0.00631	0.00606	0.00749	0.00471	0.00455	0.00892	0.01364	0.01826	0.50136	0.04321	0.33116	0.01162	0.00615	0.00168	0.00253	0.01002	0.00539	0.00471
15	0.01364	0.13218	0.13700	0.04388	0.42393	0.01326	0.01428	0.03970	0.03863	0.07915	0.01069	0.01257	0.00839	0.00495	0.00487	0.00152	0.00612	0.00434	0.00295	0.00794
16	0.01601	0.00829	0.00994	0.00831	0.01121	0.03082	0.00659	0.01934	0.09882	0.39636	0.16148	0.02726	0.15044	0.02367	0.00595	0.00172	0.00390	0.00702	0.00574	0.00714
17	0.02285	0.00885	0.01199	0.00925	0.01320	0.00773	0.00762	0.02516	0.03225	0.75739	0.03368	0.01813	0.01358	0.00653	0.00525	0.00162	0.00439	0.00532	0.00641	0.00878
18	0.01045	0.02694	0.79000	0.01484	0.02254	0.01209	0.01924	0.01649	0.01099	0.01649	0.00935	0.01099	0.00660	0.00495	0.00495	0.00165	0.00770	0.00385	0.00220	0.00770
19	0.05277	0.01369	0.01485	0.01259	0.06291	0.04858	0.00967	0.54527	0.02102	0.11449	0.01345	0.04352	0.01003	0.00646	0.00516	0.00158	0.00560	0.00500	0.00498	0.00839
20	0.00687	0.00537	0.00628	0.00673	0.00800	0.00491	0.00508	0.00868	0.03325	0.01464	0.08098	0.24475	0.38810	0.02968	0.00683	0.00201	0.00318	0.13526	0.00486	0.00453
21	0.85377	0.01007	0.00765	0.00685	0.01007	0.01168	0.00564	0.01531	0.00886	0.02336	0.00725	0.00846	0.00564	0.00483	0.00322	0.00161	0.00403	0.00282	0.00322	0.00564
22	0.00757	0.00505	0.00568	0.00568	0.00568	0.00505	0.00316	0.00757	0.00757	0.01010	0.01641	0.03408	0.01893	0.81698	0.02651	0.00505	0.00505	0.00757	0.00316	0.00316
23	0.01187	0.00918	0.04033	0.00958	0.01224	0.00880	0.05413	0.04396	0.24282	0.11932	0.29134	0.06870	0.04812	0.00865	0.00572	0.00171	0.00395	0.00757	0.00528	0.00674
24	0.01139	0.01139	0.01595	0.01367	0.01367	0.01595	0.01139	0.01253	0.00798	0.01253	0.00684	0.01139	0.00684	0.00911	0.01709	0.00228	0.80745	0.00456	0.00228	0.00570
25	0.01224	0.01388	0.02981	0.02144	0.02638	0.01334	0.71881	0.01642	0.01202	0.01642	0.01031	0.01388	0.00784	0.00468	0.00682	0.00179	0.05831	0.00605	0.00261	0.00694
26	0.83477	0.01017	0.00784	0.00697	0.01021	0.01178	0.00574	0.03244	0.00922	0.02358	0.00737	0.00855	0.00571	0.00487	0.00327	0.00161	0.00407	0.00286	0.00327	0.00571
27	0.01980	0.01459	0.01563	0.01198	0.01615	0.01615	0.00990	0.76713	0.02448	0.03282	0.01250	0.01250	0.00886	0.00625	0.00521	0.00156	0.00573	0.00469	0.00521	0.00886
28	0.00678	0.00512	0.00724	0.10671	0.01109	0.00515	0.00604	0.00801	0.01003	0.01330	0.02628	0.71382	0.03101	0.01493	0.00647	0.00207	0.00351	0.01353	0.00452	0.00442
29	0.85377	0.01007	0.00765	0.00685	0.01007	0.01168	0.00564	0.01531	0.00886	0.02336	0.00725	0.00846	0.00564	0.00483	0.00322	0.00161	0.00403	0.00282	0.00322	0.00564
30	0.01080	0.00926	0.01080	0.00771	0.01234	0.00694	0.00617	0.01311	0.01080	0.01697	0.00926	0.01080	0.00771	0.00386	0.00386	0.00077	0.00386	0.00309	0.00309	0.84882
31	0.01615	0.00947	0.01121	0.00965	0.01265	0.00980	0.00758	0.06940	0.32540	0.30331	0.02163	0.14624	0.01734	0.00828	0.00549	0.00175	0.00416	0.00701	0.00564	0.00786
32	0.01125	0.01043	0.01752	0.13233	0.50852	0.01095	0.01365	0.01412	0.01088	0.01540	0.01065	0.01472	0.00914	0.01242	0.18234	0.00310	0.00803	0.00485	0.00259	0.00711
33	0.85377	0.01007	0.00765	0.00685	0.01007	0.01168	0.00564	0.01531	0.00886	0.02336	0.00725	0.00846	0.00564	0.00483	0.00322	0.00161	0.00403	0.00282	0.00322	0.00564
34	0.01050	0.02653	0.76618	0.01507	0.02269	0.01213	0.04266	0.01650	0.01104	0.01650	0.00938	0.01109	0.00664	0.00493	0.00499	0.00165	0.00773	0.00392	0.00221	0.00768
35	0.02336	0.00886	0.01209	0.00927	0.01329	0.00765	0.00765	0.02538	0.01491	0.78810	0.02055	0.01773	0.01289	0.00645	0.00524	0.00161	0.00443	0.00524	0.00645	0.00886
36	0.00746	0.00549	0.00790	0.00790	0.00867	0.00626	0.00593	0.00900	0.00823	0.01174	0.01438	0.02282	0.01405	0.17402	0.66278	0.00779	0.01240	0.00593	0.00285	0.00439
37	0.00983	0.00926	0.01562	0.80447	0.03587	0.01157	0.01446	0.01331	0.01041	0.01331	0.00926	0.01388	0.00694	0.00521	0.00521	0.00174	0.00694	0.00463	0.00231	0.00579
38	0.01392	0.82012	0.02729	0.00891	0.01337	0.02061	0.00891	0.01559	0.01058	0.01225	0.00724	0.00835	0.00668	0.00446	0.00334	0.00111	0.00557	0.00278	0.00223	0.00668
39	0.01945	0.02482	0.01476	0.01342	0.01610	0.79608	0.01006	0.02079	0.01476	0.01275	0.00805	0.00939	0.00671	0.00537	0.00470	0.00134	0.00939	0.00335	0.00268	0.00604
40	0.01364	0.73103	0.02604	0.00944	0.01340	0.02009	0.00918	0.01526	0.01029	0.01228	0.00720	0.00869	0.00670	0.00497	0.00486	0.00124	0.09390	0.00298	0.00223	0.00657
41	0.00983	0.00926	0.01562	0.80447	0.03587	0.01157	0.01446	0.01331	0.01041	0.01331	0.00926	0.01388	0.00694	0.00521	0.00521	0.00174	0.00694	0.00463	0.00231	0.00579
42	0.00653	0.00547	0.00570	0.00564	0.00735	0.00475	0.00423	0.00843	0.03903	0.01505	0.12858	0.06350	0.66216	0.01277	0.00613	0.00175	0.00268	0.01072	0.00495	0.00458
43	0.01995	0.01434	0.01548	0.01187	0.01603	0.01578	0.00980	0.73528	0.02407	0.06526	0.01285	0.01273	0.00903	0.00626	0.00521	0.00156	0.00567	0.00471	0.00526	0.00886
44	0.00745	0.00537	0.00710	0.00701	0.00818	0.00502	0.00539	0.00980	0.01407	0.01968	0.63128	0.08967	0.04559	0.01151	0.00632	0.00177	0.00281	0.11158	0.00555	0.00486
45	0.01585	0.06076	0.02972	0.01287	0.03109	0.41407	0.01002	0.02010	0.17073	0.01476	0.01111	0.01299	0.00923	0.00707	0.02289	0.00173	0.12697	0.01837	0.00317	0.00650
46	0.01420	0.74141	0.02616	0.00927	0.01355	0.02016	0.00906	0.06209	0.01135	0.01354	0.00755	0.00872	0.00682	0.00473	0.00395	0.00118	0.03408	0.00297	0.00241	0.00678
47	0.01162	0.00994	0.01284	0.00922	0.01387	0.00796	0.07418	0.05047	0.01168	0.03309	0.00975	0.01131	0.00789	0.00407	0.00415	0.00091	0.00440	0.00348	0.00322	0.71593
48	0.03303	0.09083	0.00976	0.00751	0.00940	0.03925	0.00583	0.03554	0.02864	0.07845	0.29875	0.18406	0.12286	0.02541	0.00607	0.00174	0.00358	0.00897	0.00488	0.00544
49	0.00634	0.00453	0.00604	0.00725	0.00755	0.00423	0.00483	0.00725	0.00997	0.01329	0.02870	0.81358	0.03444	0.01632	0.00665	0.00211	0.00302	0.01480	0.00483	0.00423
50	0.02336	0.00886	0.01209	0.00927	0.01329	0.00765	0.00765	0.02538	0.01491	0.78810	0.02055	0.01773	0.01289	0.00645	0.00524	0.00161	0.00443	0.00524	0.00645	0.00886
51	0.01303	0.37062	0.22784	0.01374	0.04037	0.05969	0.14515	0.03311	0.01154	0.01477	0.00872	0.01052	0.00707	0.00521	0.01677	0.00152	0.00706	0.00383	0.00240	0.00704
52	0.01558	0.01137	0.03628	0.01085	0.01429	0.03348	0.05522	0.07626	0.37751	0.20952	0.04390	0.01932	0.04106	0.00688	0.00532	0.00168	0.00472	0.00579	0.02299	0.00797
53	0.00646	0.00516	0.00581	0.00614	0.00749	0.00452	0.00456	0.00785	0.01167	0.01454	0.10296	0.22325	0.49966	0.01379	0.00634	0.00188	0.00287	0.06572	0.00490	0.00443
54	0.00905	0.00452	0.00678	0.00678	0.00678	0.00452	0.00452	0.00678	0.00678	0.00905	0.00905	0.01583	0.00905	0.01809	0.02035	0.84848	0.00452	0.00452	0.00226	0.00226
55	0.01172	0.05322	0.41699	0.09897	0.05374	0.07439	0.14260	0.01655	0.02601	0.01571	0.00951	0.01183	0.00712	0.00507	0.00553	0.00165	0.03549	0.00433	0.00240	0.00717
56	0.01997	0.01341	0.01474	0.01134	0.01538	0.01452	0.00935	0.63270	0.02262	0.14254	0.01383	0.01350	0.00960	0.00627	0.00516	0.00156	0.00543	0.00477	0.03458	0.00872
57	0.85377	0.01007	0.00765	0.00685	0.01007	0.01168	0.00564	0.01531	0.00886	0.02336	0.00725	0.00846	0.00564	0.00483	0.00322	0.00161	0.00403	0.00282	0.00322	0.00564
58	0.00637	0.00468	0.00598	0.00700	0.00755	0.00430	0.00478	0.00737	0.01032	0.01347	0.03242	0.67609	0.15091	0.01578	0.00658	0.00207	0.00301	0.03221	0.00483	0.00427
59	0.01770	0.08682	0.01726	0.01546	0.13455	0.32116	0.03684	0.19275	0.01592	0.06636	0.01027	0.01146	0.00799	0.00551	0.00510	0.00145	0.02403	0.00408	0.01801	0.00727
60	0.01411	0.02877	0.01794	0.19175	0.39014	0.14394	0.01358	0.04190	0.01259	0.06369	0.01048	0.02913	0.00852	0.00529	0.00509	0.00156	0.00669	0.00463	0.00291	0.00729
61	0.00696	0.00528	0.00647	0.00702	0.00790	0.00499	0.00499	0.03059	0.01121	0.01460	0.08393	0.48441	0.22743	0.02799	0.00701	0.00204	0.01954	0.03833	0.00482	0.00449
62	0.00757	0.00505	0.00568	0.00568	0.00568	0.00505	0.00316	0.00757	0.00757	0.01010	0.01641	0.03408	0.01893	0.81698	0.02651	0.00505	0.00505	0.00757	0.00316	0.00316
63	0.04270	0.12077	0.04949	0.01122	0.02980	0.01444	0.00943	0.34053	0.18413	0.07840	0.01477	0.04336	0.01148	0.00658	0.00499	0.00159	0.00519	0.01845	0.00465	0.00803
64	0.06618	0.74594	0.02569	0.00892	0.01324	0.04339	0.00874	0.01573	0.01060	0.01296	0.00726	0.00839	0.00662	0.00451	0.00337	0.00115	0.00559	0.00280	0.00230	0.00660
65	0.00629	0.00526	0.00536	0.00535	0.00697	0.00446	0.00394	0.00756	0.01168	0.01404	0.07621	0.04864	0.70475	0.06739	0.00753	0.00198	0.00279	0.01070	0.00475	0.00433
66	0.01349	0.01459	0.08462	0.05770	0.53463	0.07773	0.01500	0.06378	0.02826	0.01740	0.00989	0.01254	0.00807	0.00506	0.00553	0.00158	0.03502	0.00449	0.00275	0.00787
67	0.00714	0.00580	0.00615	0.00598	0.00772	0.00516	0.00449	0.05480	0.01278	0.01584	0.12014	0.10905	0.60105	0.01276	0.00614	0.00176	0.00284	0.01076	0.00495	0.00471
68	0.01214	0.01121	0.01645	0.53062	0.02963	0.06060	0.07607	0.10968	0.01267	0.03109	0.01003	0.01357	0.00753	0.00604	0.02345	0.00181	0.00711	0.00467	0.00285	0.03278
69	0.71802	0.01042	0.02548	0.09113	0.04055	0.01170	0.00722	0.01515	0.00918	0.02194	0.00760	0.00924	0.00589	0.00487	0.00353	0.00162	0.00449	0.00309	0.00308	0.00579
70	0.01225	0.01254	0.05711	0.16412	0.61904	0.01222	0.01588	0.01555	0.01157	0.01635	0.00968	0.01297	0.00794	0.00475	0.00515	0.00158	0.00639	0.00460	0.00251	0.00780
71	0.02500	0.00617	0.00799	0.00776	0.03608	0.00574	0.00561	0.02676	0.01435	0.09601	0.56552	0.06190	0.10044	0.01022	0.00596	0.00166	0.00291	0.00892	0.00553	0.00545
72	0.02327	0.00902	0.01218	0.00934	0.01337	0.00789	0.00772	0.04560	0.01517	0.76752	0.02033	0.01758	0.01278	0.00644	0.00524	0.00161	0.00447	0.00522	0.00641	0.00886
73	0.00849	0.00654	0.00791	0.00735	0.00895	0.00657	0.00557	0.01346	0.17282	0.02084	0.59927	0.03522	0.06662	0.00999	0.00597	0.00167	0.00281	0.00874	0.00561	0.00559
74	0.81714	0.01027	0.00800	0.00707	0.01034	0.01188	0.00583	0.04833	0.00955	0.02378	0.00748	0.00864	0.00578	0.00490	0.00331	0.00161	0.00410	0.00290	0.00331	0.00578
75	0.00634	0.00453	0.00604	0.00725	0.00755	0.00423	0.00483	0.00725	0.00997	0.01329	0.02870	0.81358	0.03444	0.01632	0.00665	0.00211	0.00302	0.01480	0.00483	0.00423
76	0.01945	0.02482	0.01476	0.01342	0.01610	0.79608	0.01006	0.02079	0.01476	0.01275	0.00805	0.00939	0.00671	0.00537	0.00470	0.00134	0.00939	0.00335	0.00268	0.00604
77	0.01145	0.00972	0.01156	0.00831	0.01292	0.00771	0.02285	0.06470	0.01177	0.01805	0.00951	0.01099	0.00780	0.00403	0.00400	0.00085	0.00409	0.00326	0.00322	0.77323
78	0.01947	0.02446	0.01479	0.01337	0.01610	0.76899	0.01006	0.04671	0.01510	0.01344	0.00820	0.00950	0.00678	0.00540	0.00471	0.00135	0.00926	0.00340	0.00277	0.00614
79	0.00619	0.00524	0.00535	0.00540	0.00708	0.00440	0.00402	0.00751	0.01183	0.01417	0.06665	0.08938	0.72847	0.01330	0.00618	0.00177	0.00265	0.01116	0.00485	0.00440
80	0.00983	0.00926	0.01562	0.80447	0.03587	0.01157	0.01446	0.01331	0.01041	0.01331	0.00926	0.01388	0.00694	0.00521	0.00521	0.00174	0.00694	0.00463	0.00231	0.00579
81	0.00739	0.00497	0.00573	0.00591	0.00595	0.00493	0.00340	0.00753	0.00792	0.01057	0.01821	0.14823	0.02120	0.69974	0.02360	0.00462	0.00475	0.00863	0.00340	0.00331
82	0.00744	0.00558	0.00837	0.00837	0.00930	0.00651	0.00651	0.00930	0.00837	0.01209	0.01395	0.02046	0.01302	0.03906	0.79635	0.00837	0.01395	0.00558	0.00279	0.00465

[dist]
# distance from previous block
# <min> <max>
0	9

[block]
# block no. 2 follows, 47 sequences, length 19
# corresponding to MSA columns:
# 319-337
name=unknown_C
#
# <colnr> <probs for GDERKNQSTAVLIFYWHMCP>
#	G	D	E	R	K	N	Q	S	T	A	V	L	I	F	Y	W	H	M	C	P
0	0.00983	0.00926	0.01562	0.80447	0.03587	0.01157	0.01446	0.01331	0.01041	0.01331	0.00926	0.01388	0.00694	0.00521	0.00521	0.00174	0.00694	0.00463	0.00231	0.00579
1	0.00744	0.00558	0.00837	0.00837	0.00930	0.00651	0.00651	0.00930	0.00837	0.01209	0.01395	0.02046	0.01302	0.03906	0.79635	0.00837	0.01395	0.00558	0.00279	0.00465
2	0.01422	0.01352	0.01774	0.02296	0.44651	0.09937	0.01292	0.11942	0.09847	0.01930	0.05229	0.01452	0.01115	0.00565	0.00552	0.00158	0.02872	0.00489	0.00341	0.00784
3	0.01278	0.01019	0.11460	0.00964	0.01298	0.00763	0.06149	0.03136	0.03152	0.22229	0.33487	0.02652	0.06091	0.00808	0.00564	0.00162	0.00428	0.00705	0.00509	0.03145
4	0.85377	0.01007	0.00765	0.00685	0.01007	0.01168	0.00564	0.01531	0.00886	0.02336	0.00725	0.00846	0.00564	0.00483	0.00322	0.00161	0.00403	0.00282	0.00322	0.00564
5	0.01229	0.01405	0.03073	0.02195	0.02722	0.01317	0.76558	0.01668	0.01229	0.01668	0.01054	0.01405	0.00790	0.00439	0.00615	0.00176	0.00878	0.00615	0.00263	0.00702
6	0.00997	0.00939	0.01539	0.68228	0.03234	0.01188	0.01388	0.01312	0.01018	0.01330	0.00964	0.01523	0.00777	0.00600	0.00668	0.00182	0.10116	0.03183	0.00240	0.00574
7	0.00757	0.00505	0.00568	0.00568	0.00568	0.00505	0.00316	0.00757	0.00757	0.01010	0.01641	0.03408	0.01893	0.81698	0.02651	0.00505	0.00505	0.00757	0.00316	0.00316
8	0.85377	0.01007	0.00765	0.00685	0.01007	0.01168	0.00564	0.01531	0.00886	0.02336	0.00725	0.00846	0.00564	0.00483	0.00322	0.00161	0.00403	0.00282	0.00322	0.00564
9	0.01012	0.00982	0.01740	0.71200	0.03485	0.01176	0.10322	0.01370	0.01064	0.01370	0.00941	0.01390	0.00706	0.00511	0.00532	0.00174	0.00716	0.00481	0.00235	0.00593
10	0.01139	0.01139	0.01595	0.01367	0.01367	0.01595	0.01139	0.01253	0.00798	0.01253	0.00684	0.01139	0.00684	0.00911	0.01709	0.00228	0.80745	0.00456	0.00228	0.00570
11	0.00632	0.00527	0.00542	0.00539	0.00701	0.00447	0.00398	0.00765	0.01183	0.01432	0.10220	0.04841	0.68679	0.05909	0.00732	0.00194	0.00276	0.01068	0.00480	0.00436
12	0.01392	0.82012	0.02729	0.00891	0.01337	0.02061	0.00891	0.01559	0.01058	0.01225	0.00724	0.00835	0.00668	0.00446	0.00334	0.00111	0.00557	0.00278	0.00223	0.00668
13	0.05879	0.02597	0.74515	0.01438	0.02182	0.01207	0.01846	0.01642	0.01087	0.01689	0.00923	0.01085	0.00654	0.00494	0.00485	0.00165	0.00749	0.00379	0.00226	0.00758
14	0.01980	0.01459	0.01563	0.01198	0.01615	0.01615	0.00990	0.76713	0.02448	0.03282	0.01250	0.01250	0.00886	0.00625	0.00521	0.00156	0.00573	0.00469	0.00521	0.00886
15	0.01015	0.00670	0.00803	0.00724	0.00893	0.04129	0.00553	0.01249	0.01476	0.12741	0.64049	0.03461	0.04216	0.00982	0.00595	0.00162	0.00305	0.00856	0.00569	0.00552
16	0.01389	0.58305	0.14642	0.01049	0.01512	0.10256	0.01075	0.01620	0.01101	0.01299	0.00765	0.00898	0.00668	0.00478	0.00418	0.00126	0.03191	0.00307	0.00227	0.00674
17	0.00636	0.00470	0.00595	0.00687	0.00747	0.00429	0.00468	0.00741	0.01052	0.01378	0.06738	0.64419	0.16634	0.01551	0.00654	0.00203	0.00293	0.01389	0.00488	0.00429
18	0.65024	0.07021	0.14278	0.00836	0.01244	0.01238	0.00820	0.01553	0.00935	0.02140	0.00761	0.00889	0.00588	0.00483	0.00353	0.00158	0.00476	0.00299	0.00298	0.00607

[dist]
# distance from previous block
# <min> <max>
0	1

[block]
# block no. 3 follows, 47 sequences, length 17
# corresponding to MSA columns:
# 339-355
name=unknown_D
#
# <colnr> <probs for GDERKNQSTAVLIFYWHMCP>
#	G	D	E	R	K	N	Q	S	T	A	V	L	I	F	Y	W	H	M	C	P
0	0.08520	0.43639	0.21227	0.01083	0.01597	0.01609	0.04545	0.01684	0.01106	0.09364	0.00927	0.01023	0.00726	0.00481	0.00405	0.00137	0.00599	0.00345	0.00275	0.00708
1	0.73106	0.09341	0.00997	0.00735	0.01067	0.04736	0.00617	0.01558	0.00930	0.02176	0.00729	0.00849	0.00579	0.00482	0.00330	0.00155	0.00442	0.00284	0.00310	0.00576
2	0.05128	0.01187	0.01740	0.14698	0.37077	0.03012	0.01326	0.11161	0.01262	0.01805	0.01008	0.01376	0.00841	0.00585	0.00675	0.00169	0.11794	0.02248	0.02182	0.00725
3	0.01138	0.00898	0.01440	0.47214	0.08944	0.01018	0.03740	0.01484	0.03673	0.09391	0.04202	0.03425	0.02999	0.00604	0.00520	0.00167	0.00585	0.00536	0.07395	0.00625
4	0.01295	0.01119	0.01178	0.01060	0.01354	0.01295	0.00824	0.02767	0.77509	0.02178	0.02120	0.01943	0.01590	0.00707	0.00530	0.00177	0.00412	0.00589	0.00530	0.00824
5	0.00998	0.01113	0.09391	0.04442	0.05990	0.01144	0.08782	0.01227	0.00928	0.01354	0.01139	0.07698	0.01096	0.03795	0.19825	0.00361	0.29297	0.00578	0.00267	0.00575
6	0.00744	0.00558	0.00837	0.00837	0.00930	0.00651	0.00651	0.00930	0.00837	0.01209	0.01395	0.02046	0.01302	0.03906	0.79635	0.00837	0.01395	0.00558	0.00279	0.00465
7	0.01295	0.01119	0.01178	0.01060	0.01354	0.01295	0.00824	0.02767	0.77509	0.02178	0.02120	0.01943	0.01590	0.00707	0.00530	0.00177	0.00412	0.00589	0.00530	0.00824
8	0.00634	0.00453	0.00604	0.00725	0.00755	0.00423	0.00483	0.00725	0.00997	0.01329	0.02870	0.81358	0.03444	0.01632	0.00665	0.00211	0.00302	0.01480	0.00483	0.00423
9	0.00634	0.00453	0.00604	0.00725	0.00755	0.00423	0.00483	0.00725	0.00997	0.01329	0.02870	0.81358	0.03444	0.01632	0.00665	0.00211	0.00302	0.01480	0.00483	0.00423
10	0.00639	0.00528	0.00560	0.00552	0.00718	0.00450	0.00414	0.00793	0.01242	0.01538	0.19327	0.04796	0.64105	0.01270	0.00615	0.00174	0.00260	0.01069	0.00501	0.00450
11	0.00744	0.00558	0.00837	0.00837	0.00930	0.00651	0.00651	0.00930	0.00837	0.01209	0.01395	0.02046	0.01302	0.03906	0.79635	0.00837	0.01395	0.00558	0.00279	0.00465
12	0.00634	0.00453	0.00604	0.00725	0.00755	0.00423	0.00483	0.00725	0.00997	0.01329	0.02870	0.81358	0.03444	0.01632	0.00665	0.00211	0.00302	0.01480	0.00483	0.00423
13	0.01881	0.01543	0.01491	0.01188	0.01568	0.12112	0.00962	0.58441	0.08423	0.02868	0.01373	0.01370	0.03073	0.00639	0.00517	0.00156	0.00601	0.00478	0.00486	0.00830
14	0.76864	0.01053	0.00847	0.00737	0.01069	0.01214	0.00607	0.09205	0.01046	0.02433	0.00779	0.00887	0.00597	0.00498	0.00343	0.00161	0.00420	0.00301	0.00343	0.00597
15	0.46162	0.07216	0.01274	0.03110	0.14556	0.07514	0.00850	0.06885	0.01139	0.02091	0.04338	0.01109	0.00849	0.00519	0.00400	0.00154	0.00506	0.00365	0.00323	0.00640
16	0.22857	0.01096	0.02882	0.00906	0.01239	0.03243	0.00749	0.22356	0.01423	0.02226	0.01383	0.06626	0.02815	0.03284	0.00540	0.00165	0.00472	0.08070	0.00400	0.17268

[dist]
# distance from previous block
# <min> <max>
3	19

[block]
# block no. 4 follows, 47 sequences, length 14
# corresponding to MSA columns:
# 375-388
name=unknown_E
#
# <colnr> <probs for GDERKNQSTAVLIFYWHMCP>
#	G	D	E	R	K	N	Q	S	T	A	V	L	I	F	Y	W	H	M	C	P
0	0.11561	0.06105	0.02821	0.00949	0.01273	0.04013	0.00793	0.22460	0.03212	0.15337	0.05950	0.03691	0.04318	0.04306	0.00604	0.00178	0.00490	0.07856	0.00465	0.03619
1	0.01193	0.11867	0.41865	0.04689	0.02227	0.01364	0.18448	0.06325	0.04042	0.01710	0.00999	0.01188	0.00740	0.00493	0.00506	0.00161	0.00740	0.00439	0.00261	0.00744
2	0.03556	0.01070	0.01358	0.04513	0.01530	0.01010	0.07065	0.18456	0.05440	0.09583	0.01336	0.03814	0.02737	0.00554	0.00474	0.00129	0.00484	0.00466	0.00403	0.36021
3	0.00634	0.00453	0.00604	0.00725	0.00755	0.00423	0.00483	0.00725	0.00997	0.01329	0.02870	0.81358	0.03444	0.01632	0.00665	0.00211	0.00302	0.01480	0.00483	0.00423
4	0.03883	0.00562	0.00711	0.00661	0.00803	0.00524	0.00500	0.01050	0.01443	0.04828	0.69890	0.03745	0.07361	0.01038	0.00600	0.00164	0.00259	0.00909	0.00563	0.00506
5	0.85377	0.01007	0.00765	0.00685	0.01007	0.01168	0.00564	0.01531	0.00886	0.02336	0.00725	0.00846	0.00564	0.00483	0.00322	0.00161	0.00403	0.00282	0.00322	0.00564
6	0.85377	0.01007	0.00765	0.00685	0.01007	0.01168	0.00564	0.01531	0.00886	0.02336	0.00725	0.00846	0.00564	0.00483	0.00322	0.00161	0.00403	0.00282	0.00322	0.00564
7	0.01045	0.02694	0.79000	0.01484	0.02254	0.01209	0.01924	0.01649	0.01099	0.01649	0.00935	0.01099	0.00660	0.00495	0.00495	0.00165	0.00770	0.00385	0.00220	0.00770
8	0.01295	0.01119	0.01178	0.01060	0.01354	0.01295	0.00824	0.02767	0.77509	0.02178	0.02120	0.01943	0.01590	0.00707	0.00530	0.00177	0.00412	0.00589	0.00530	0.00824
9	0.00737	0.00532	0.00696	0.00655	0.00778	0.00491	0.00491	0.00983	0.01474	0.02088	0.78175	0.03890	0.04914	0.01065	0.00614	0.00164	0.00246	0.00942	0.00573	0.00491
10	0.00757	0.00505	0.00568	0.00568	0.00568	0.00505	0.00316	0.00757	0.00757	0.01010	0.01641	0.03408	0.01893	0.81698	0.02651	0.00505	0.00505	0.00757	0.00316	0.00316
11	0.00744	0.00558	0.00837	0.00837	0.00930	0.00651	0.00651	0.00930	0.00837	0.01209	0.01395	0.02046	0.01302	0.03906	0.79635	0.00837	0.01395	0.00558	0.00279	0.00465
12	0.47817	0.26642	0.01460	0.00819	0.01175	0.06990	0.00714	0.01655	0.05732	0.01902	0.00817	0.00917	0.00668	0.00489	0.00349	0.00145	0.00490	0.00304	0.00300	0.00616
13	0.06787	0.01365	0.01626	0.03420	0.01692	0.07372	0.11214	0.34264	0.01692	0.02346	0.01044	0.01186	0.00794	0.00560	0.00586	0.00149	0.06886	0.00436	0.00384	0.16198

[dist]
# distance from previous block
# <min> <max>
3	9

[block]
# block no. 5 follows, 47 sequences, length 34
# corresponding to MSA columns:
# 398-431
name=unknown_F
#
# <colnr> <probs for GDERKNQSTAVLIFYWHMCP>
#	G	D	E	R	K	N	Q	S	T	A	V	L	I	F	Y	W	H	M	C	P
0	0.02166	0.00913	0.03706	0.00930	0.01316	0.00754	0.00782	0.02372	0.01440	0.70432	0.02080	0.07765	0.01431	0.00714	0.00533	0.00165	0.00443	0.00591	0.00618	0.00847
1	0.01058	0.02596	0.73262	0.01538	0.02289	0.01218	0.07564	0.01651	0.01109	0.01651	0.00944	0.01123	0.00670	0.00491	0.00504	0.00166	0.00778	0.00402	0.00223	0.00765
2	0.00737	0.00532	0.00696	0.00655	0.00778	0.00491	0.00491	0.00983	0.01474	0.02088	0.78175	0.03890	0.04914	0.01065	0.00614	0.00164	0.00246	0.00942	0.00573	0.00491
3	0.02008	0.00915	0.01183	0.00908	0.01299	0.00809	0.00743	0.08714	0.01515	0.55568	0.07578	0.01789	0.01455	0.00638	0.00511	0.00149	0.00431	0.00520	0.00581	0.12685
4	0.01080	0.00926	0.01080	0.00771	0.01234	0.00694	0.00617	0.01311	0.01080	0.01697	0.00926	0.01080	0.00771	0.00386	0.00386	0.00077	0.00386	0.00309	0.00309	0.84882
5	0.01061	0.00828	0.03453	0.00834	0.01059	0.00802	0.00673	0.03143	0.22126	0.08776	0.34025	0.03146	0.12729	0.00939	0.00606	0.00171	0.02239	0.02229	0.00534	0.00629
6	0.01149	0.02320	0.57355	0.01570	0.02261	0.01245	0.15213	0.07316	0.01224	0.01777	0.00980	0.01165	0.00703	0.00492	0.00515	0.00164	0.00764	0.00430	0.00253	0.03103
7	0.85377	0.01007	0.00765	0.00685	0.01007	0.01168	0.00564	0.01531	0.00886	0.02336	0.00725	0.00846	0.00564	0.00483	0.00322	0.00161	0.00403	0.00282	0.00322	0.00564
8	0.00850	0.00615	0.00844	0.00954	0.01077	0.00622	0.00824	0.01136	0.04447	0.01575	0.02735	0.08842	0.02956	0.01415	0.00709	0.00236	0.00469	0.68720	0.00482	0.00492
9	0.02336	0.00886	0.01209	0.00927	0.01329	0.00765	0.00765	0.02538	0.01491	0.78810	0.02055	0.01773	0.01289	0.00645	0.00524	0.00161	0.00443	0.00524	0.00645	0.00886
10	0.00634	0.00453	0.00604	0.00725	0.00755	0.00423	0.00483	0.00725	0.00997	0.01329	0.02870	0.81358	0.03444	0.01632	0.00665	0.00211	0.00302	0.01480	0.00483	0.00423
11	0.00660	0.00470	0.00608	0.00693	0.00734	0.00441	0.00461	0.00758	0.01025	0.01376	0.11057	0.61328	0.05375	0.11339	0.00900	0.00241	0.00320	0.01323	0.00473	0.00418
12	0.01139	0.01139	0.01595	0.01367	0.01367	0.01595	0.01139	0.01253	0.00798	0.01253	0.00684	0.01139	0.00684	0.00911	0.01709	0.00228	0.80745	0.00456	0.00228	0.00570
13	0.00626	0.00501	0.00560	0.00603	0.00725	0.00435	0.00430	0.00746	0.01126	0.01399	0.06542	0.32801	0.48826	0.01425	0.00633	0.00188	0.00277	0.01233	0.00486	0.00435
14	0.01139	0.01139	0.01595	0.01367	0.01367	0.01595	0.01139	0.01253	0.00798	0.01253	0.00684	0.01139	0.00684	0.00911	0.01709	0.00228	0.80745	0.00456	0.00228	0.00570
15	0.85377	0.01007	0.00765	0.00685	0.01007	0.01168	0.00564	0.01531	0.00886	0.02336	0.00725	0.00846	0.00564	0.00483	0.00322	0.00161	0.00403	0.00282	0.00322	0.00564
16	0.01632	0.52759	0.02267	0.00977	0.01391	0.03215	0.03102	0.04250	0.01209	0.19763	0.01067	0.01103	0.00827	0.00520	0.00454	0.00132	0.03913	0.00361	0.00335	0.00723
17	0.01232	0.03542	0.07849	0.09230	0.61579	0.01228	0.01563	0.01560	0.01164	0.01649	0.01030	0.01439	0.00878	0.00506	0.00517	0.00159	0.00629	0.03202	0.00260	0.00783
18	0.00971	0.00485	0.00485	0.00485	0.00607	0.00485	0.00364	0.01213	0.01092	0.01942	0.01699	0.01942	0.01335	0.00607	0.00364	0.00121	0.00243	0.00485	0.84589	0.00485
19	0.00809	0.00578	0.00804	0.00924	0.01031	0.00573	0.00786	0.01026	0.01169	0.01524	0.02774	0.17103	0.03064	0.01467	0.00711	0.00236	0.00453	0.64017	0.00480	0.00471
20	0.00634	0.00453	0.00604	0.00725	0.00755	0.00423	0.00483	0.00725	0.00997	0.01329	0.02870	0.81358	0.03444	0.01632	0.00665	0.00211	0.00302	0.01480	0.00483	0.00423
21	0.01139	0.01139	0.01595	0.01367	0.01367	0.01595	0.01139	0.01253	0.00798	0.01253	0.00684	0.01139	0.00684	0.00911	0.01709	0.00228	0.80745	0.00456	0.00228	0.00570
22	0.01045	0.02694	0.79000	0.01484	0.02254	0.01209	0.01924	0.01649	0.01099	0.01649	0.00935	0.01099	0.00660	0.00495	0.00495	0.00165	0.00770	0.00385	0.00220	0.00770
23	0.10612	0.00929	0.01183	0.00917	0.01312	0.00851	0.00757	0.06358	0.01481	0.67180	0.01879	0.01652	0.01195	0.00627	0.00503	0.00161	0.00446	0.00497	0.00606	0.00854
24	0.01013	0.00956	0.01615	0.72998	0.10806	0.01165	0.01461	0.01356	0.01055	0.01366	0.00931	0.01379	0.00707	0.00515	0.00520	0.00172	0.00687	0.00463	0.00234	0.00602
25	0.01556	0.01712	0.01204	0.01089	0.01327	0.45148	0.00822	0.03576	0.07214	0.05112	0.18049	0.01971	0.05823	0.02467	0.00564	0.00156	0.00672	0.00548	0.00390	0.00601
26	0.00731	0.00532	0.00687	0.00648	0.00774	0.00489	0.00486	0.00970	0.01459	0.02052	0.74322	0.03949	0.08790	0.01078	0.00614	0.00164	0.00247	0.00950	0.00569	0.00489
27	0.01423	0.01240	0.01439	0.09363	0.13578	0.05447	0.01042	0.18788	0.33802	0.02185	0.01655	0.01736	0.03211	0.00654	0.00528	0.00167	0.00533	0.01983	0.00440	0.00785
28	0.01252	0.01200	0.02047	0.12494	0.69439	0.01228	0.01580	0.01566	0.01168	0.01657	0.00973	0.01301	0.00809	0.00471	0.00516	0.00157	0.00628	0.00464	0.00255	0.00795
29	0.61619	0.01427	0.00968	0.00872	0.01179	0.23504	0.00690	0.01687	0.01054	0.02034	0.00748	0.00872	0.00594	0.00499	0.00364	0.00153	0.00556	0.00297	0.00307	0.00575
30	0.00856	0.00566	0.00688	0.00637	0.00807	0.00501	0.00485	0.01057	0.01374	0.09594	0.44722	0.04073	0.30466	0.01112	0.00606	0.00168	0.00272	0.00955	0.00549	0.00513
31	0.01289	0.01237	0.02114	0.03196	0.78450	0.01237	0.01598	0.01598	0.01186	0.01701	0.00980	0.01289	0.00825	0.00464	0.00516	0.00155	0.00619	0.00464	0.00258	0.00825
32	0.00792	0.00635	0.00863	0.00857	0.00957	0.03823	0.00665	0.00976	0.00863	0.01212	0.01371	0.02001	0.01277	0.03770	0.76454	0.00809	0.01377	0.00549	0.00279	0.00471
33	0.00768	0.00565	0.00707	0.00666	0.00802	0.00527	0.00500	0.03984	0.01455	0.02018	0.62751	0.08007	0.13076	0.01106	0.00613	0.00167	0.00264	0.00969	0.00556	0.00498

[dist]
# distance from previous block
# <min> <max>
0	3

[block]
# block no. 6 follows, 47 sequences, length 8
# corresponding to MSA columns:
# 435-442
name=unknown_G
#
# <colnr> <probs for GDERKNQSTAVLIFYWHMCP>
#	G	D	E	R	K	N	Q	S	T	A	V	L	I	F	Y	W	H	M	C	P
0	0.00675	0.00472	0.00599	0.00677	0.00703	0.00450	0.00436	0.00747	0.00953	0.01277	0.06372	0.55235	0.03078	0.24366	0.01227	0.00292	0.00357	0.01247	0.00440	0.00396
1	0.00983	0.00926	0.01562	0.80447	0.03587	0.01157	0.01446	0.01331	0.01041	0.01331	0.00926	0.01388	0.00694	0.00521	0.00521	0.00174	0.00694	0.00463	0.00231	0.00579
2	0.01770	0.01354	0.01445	0.01156	0.01535	0.01517	0.00939	0.54045	0.25459	0.02944	0.01517	0.01463	0.01101	0.00650	0.00524	0.00163	0.00524	0.00506	0.00524	0.00867
3	0.01286	0.57696	0.26110	0.01073	0.01618	0.01800	0.01208	0.01587	0.01071	0.01355	0.00789	0.00916	0.00666	0.00461	0.00383	0.00128	0.00622	0.00311	0.00222	0.00699
4	0.00908	0.00712	0.00844	0.00779	0.00955	0.00738	0.00593	0.01530	0.24783	0.02116	0.54860	0.03293	0.03895	0.00955	0.00588	0.00168	0.00297	0.00834	0.00560	0.00593
5	0.01091	0.00772	0.00908	0.00818	0.01029	0.00795	0.00630	0.04045	0.24785	0.09431	0.38907	0.05509	0.07272	0.00932	0.00578	0.00169	0.00329	0.00804	0.00558	0.00639
6	0.00782	0.00534	0.00651	0.00688	0.00725	0.00534	0.00476	0.00856	0.00893	0.01178	0.01983	0.04164	0.02232	0.57094	0.02059	0.00424	0.00497	0.23500	0.00366	0.00366
7	0.01870	0.01011	0.01348	0.01091	0.01360	0.01101	0.00906	0.09753	0.01365	0.44000	0.01580	0.01696	0.01133	0.00758	0.00895	0.00184	0.25075	0.03604	0.00497	0.00772

[dist]
# distance from previous block
# <min> <max>
0	20

# created by:
# /st0/software/busco_prod/Augustus/scripts/msa2prfl.pl ./align_prep/162766.fa
