[name]
unknown

[dist]
# distance from previous block
# <min> <max>
20	61

[block]
# block no. 0 follows, 42 sequences, length 6
# corresponding to MSA columns:
# 77-82
name=unknown_A
#
# <colnr> <probs for GDERKNQSTAVLIFYWHMCP>
#	G	D	E	R	K	N	Q	S	T	A	V	L	I	F	Y	W	H	M	C	P
0	0.01322	0.01795	0.33298	0.01649	0.13668	0.01144	0.01497	0.01741	0.01293	0.12498	0.11444	0.02002	0.01591	0.00730	0.00695	0.00186	0.07993	0.04295	0.00376	0.00782
1	0.01388	0.18270	0.22261	0.07637	0.09056	0.01511	0.17348	0.01785	0.01226	0.07669	0.01073	0.01303	0.00821	0.00551	0.00617	0.00172	0.05765	0.00477	0.00290	0.00779
2	0.05536	0.34109	0.02417	0.01585	0.13554	0.04771	0.11007	0.08651	0.03619	0.06160	0.01179	0.01315	0.02696	0.00552	0.00483	0.00152	0.00650	0.00451	0.00333	0.00780
3	0.01134	0.00860	0.01025	0.01072	0.08039	0.00910	0.00674	0.11601	0.12598	0.01730	0.01848	0.09896	0.01889	0.42257	0.01778	0.00374	0.00532	0.00789	0.00418	0.00574
4	0.01513	0.01629	0.05220	0.04883	0.15331	0.19264	0.03226	0.04555	0.26158	0.01937	0.03173	0.01691	0.03201	0.00650	0.00551	0.00168	0.00661	0.00535	0.00402	0.05253
5	0.01376	0.01253	0.04099	0.05639	0.25772	0.03411	0.08510	0.02025	0.20075	0.07473	0.10911	0.02055	0.03496	0.00688	0.00586	0.00178	0.00586	0.00630	0.00430	0.00807

[dist]
# distance from previous block
# <min> <max>
3	40

[block]
# block no. 1 follows, 42 sequences, length 7
# corresponding to MSA columns:
# 147-153
name=unknown_B
#
# <colnr> <probs for GDERKNQSTAVLIFYWHMCP>
#	G	D	E	R	K	N	Q	S	T	A	V	L	I	F	Y	W	H	M	C	P
0	0.14910	0.03181	0.03949	0.01495	0.12460	0.12977	0.03742	0.14575	0.06670	0.10752	0.01243	0.01325	0.00930	0.00578	0.00505	0.00159	0.00628	0.00449	0.00412	0.09058
1	0.21507	0.05271	0.01716	0.01755	0.22474	0.05377	0.05931	0.08945	0.05519	0.07053	0.01141	0.01290	0.00884	0.00544	0.00490	0.00161	0.00593	0.00444	0.00371	0.08536
2	0.08197	0.15912	0.04245	0.20728	0.08518	0.11265	0.01183	0.08506	0.03710	0.05999	0.01072	0.01270	0.00832	0.00556	0.00491	0.00158	0.00670	0.00426	0.00332	0.05930
3	0.06761	0.01493	0.03991	0.01403	0.06391	0.08459	0.05940	0.26641	0.12614	0.14583	0.01490	0.01494	0.01071	0.00633	0.00546	0.00169	0.00619	0.00509	0.00491	0.04702
4	0.06523	0.01315	0.01604	0.49201	0.05672	0.13473	0.01364	0.07407	0.01324	0.01689	0.01087	0.01595	0.00874	0.00616	0.00550	0.00181	0.00749	0.03816	0.00301	0.00659
5	0.01092	0.00786	0.01059	0.00899	0.01114	0.00761	0.05545	0.10694	0.01660	0.06261	0.50961	0.03563	0.07207	0.04975	0.00755	0.00196	0.00383	0.00902	0.00576	0.00612
6	0.00949	0.00504	0.00739	0.00739	0.00749	0.00513	0.00497	0.00765	0.00756	0.01017	0.01090	0.01914	0.01102	0.08381	0.09260	0.69380	0.00587	0.00525	0.00257	0.00276

[dist]
# distance from previous block
# <min> <max>
9	26

[block]
# block no. 2 follows, 42 sequences, length 15
# corresponding to MSA columns:
# 185-199
name=unknown_C
#
# <colnr> <probs for GDERKNQSTAVLIFYWHMCP>
#	G	D	E	R	K	N	Q	S	T	A	V	L	I	F	Y	W	H	M	C	P
0	0.25053	0.01122	0.01154	0.05069	0.01433	0.07577	0.00802	0.02169	0.06990	0.31992	0.05738	0.01690	0.01326	0.00764	0.02781	0.00194	0.00538	0.00502	0.02342	0.00765
1	0.04229	0.01322	0.01623	0.08816	0.01881	0.01398	0.05571	0.35778	0.04083	0.04814	0.01225	0.01353	0.00915	0.00609	0.00603	0.00158	0.05045	0.00475	0.00443	0.19660
2	0.46819	0.03513	0.01166	0.06574	0.01455	0.03106	0.00802	0.06883	0.03086	0.17748	0.01171	0.01233	0.00842	0.00591	0.00477	0.00175	0.02814	0.00401	0.00425	0.00717
3	0.00715	0.00502	0.00644	0.00746	0.00771	0.00477	0.00482	0.00791	0.01019	0.01359	0.02804	0.62803	0.03347	0.19327	0.01199	0.00300	0.00376	0.01425	0.00482	0.00431
4	0.01199	0.01003	0.01233	0.01113	0.01258	0.05457	0.00889	0.08614	0.05093	0.03953	0.01350	0.01814	0.01186	0.02537	0.39961	0.00557	0.19213	0.00553	0.02401	0.00617
5	0.02115	0.02312	0.01626	0.01398	0.01742	0.52466	0.01081	0.26530	0.01946	0.02103	0.01031	0.01127	0.00803	0.00612	0.00526	0.00153	0.00883	0.00411	0.00381	0.00754
6	0.00752	0.00521	0.00630	0.00689	0.00711	0.00503	0.00426	0.00802	0.00955	0.01265	0.02539	0.38118	0.05952	0.41494	0.01803	0.00388	0.00436	0.01187	0.00431	0.00399
7	0.02525	0.00958	0.01306	0.01001	0.01437	0.00827	0.00827	0.02743	0.01611	0.77102	0.02220	0.01915	0.01393	0.00697	0.00566	0.00174	0.00479	0.00566	0.00697	0.00958
8	0.00978	0.00489	0.00733	0.00733	0.00733	0.00489	0.00489	0.00733	0.00733	0.00978	0.00978	0.01711	0.00978	0.01955	0.02199	0.83627	0.00489	0.00489	0.00244	0.00244
9	0.02378	0.00982	0.01298	0.01013	0.01425	0.00883	0.00829	0.08812	0.01667	0.66095	0.02200	0.06698	0.01500	0.00761	0.00575	0.00177	0.00481	0.00625	0.00674	0.00927
10	0.01315	0.01492	0.03238	0.06266	0.02989	0.01414	0.70946	0.01784	0.01318	0.01784	0.01131	0.01517	0.00849	0.00479	0.00659	0.00190	0.00939	0.00656	0.00283	0.00752
11	0.02525	0.00958	0.01306	0.01001	0.01437	0.00827	0.00827	0.02743	0.01611	0.77102	0.02220	0.01915	0.01393	0.00697	0.00566	0.00174	0.00479	0.00566	0.00697	0.00958
12	0.00796	0.00575	0.00752	0.00708	0.00841	0.00531	0.00531	0.01062	0.01593	0.02257	0.76415	0.04204	0.05310	0.01150	0.00664	0.00177	0.00265	0.01018	0.00619	0.00531
13	0.01365	0.01549	0.03005	0.08769	0.06838	0.06897	0.59406	0.01800	0.01328	0.01743	0.01103	0.01474	0.00838	0.00491	0.00639	0.00185	0.00922	0.00620	0.00282	0.00747
14	0.02041	0.02520	0.01660	0.01622	0.08397	0.68215	0.01143	0.05005	0.01608	0.01502	0.00905	0.01061	0.00749	0.00577	0.00514	0.00148	0.00969	0.00380	0.00299	0.00685

[dist]
# distance from previous block
# <min> <max>
0	6

[block]
# block no. 3 follows, 42 sequences, length 10
# corresponding to MSA columns:
# 206-215
name=unknown_D
#
# <colnr> <probs for GDERKNQSTAVLIFYWHMCP>
#	G	D	E	R	K	N	Q	S	T	A	V	L	I	F	Y	W	H	M	C	P
0	0.01361	0.01418	0.06884	0.06944	0.68649	0.01331	0.01741	0.01717	0.01268	0.01816	0.01053	0.01385	0.00874	0.00506	0.00556	0.00169	0.00683	0.00496	0.00275	0.00875
1	0.01293	0.01075	0.01234	0.00893	0.01387	0.00879	0.00719	0.10898	0.01358	0.02055	0.01046	0.01191	0.00849	0.00450	0.00436	0.00094	0.00443	0.00356	0.00363	0.72982
2	0.00698	0.00495	0.00649	0.00768	0.00798	0.00465	0.00506	0.00787	0.01054	0.01405	0.02980	0.72883	0.03569	0.08945	0.00915	0.00258	0.00347	0.01528	0.00506	0.00446
3	0.16059	0.16624	0.06431	0.01119	0.01484	0.25767	0.00960	0.09794	0.01488	0.01960	0.11965	0.01491	0.01401	0.00643	0.00483	0.00155	0.00671	0.00456	0.00366	0.00685
4	0.06451	0.09853	0.36429	0.01228	0.01759	0.01192	0.01356	0.01565	0.01147	0.04617	0.01369	0.14890	0.01273	0.00760	0.00595	0.00174	0.04749	0.00605	0.00323	0.09666
5	0.13270	0.08116	0.04595	0.07060	0.01354	0.00956	0.03589	0.03831	0.01234	0.01829	0.10585	0.13217	0.16515	0.01139	0.04621	0.00216	0.00506	0.00800	0.03623	0.02942
6	0.06235	0.00647	0.00769	0.00755	0.00887	0.00606	0.00523	0.01070	0.01053	0.05900	0.04143	0.30554	0.02505	0.26592	0.01337	0.00305	0.00431	0.04259	0.00442	0.10987
7	0.04181	0.00804	0.01009	0.01021	0.06844	0.03057	0.00716	0.01468	0.03606	0.12867	0.42106	0.08181	0.03634	0.01012	0.00622	0.00178	0.00382	0.03924	0.00562	0.03827
8	0.01282	0.05017	0.04230	0.11354	0.12064	0.01014	0.01111	0.05374	0.01337	0.08394	0.01794	0.03060	0.01692	0.00879	0.00599	0.00186	0.00569	0.25014	0.00414	0.14617
9	0.02897	0.29893	0.14367	0.01219	0.05788	0.01499	0.01114	0.05674	0.07744	0.10502	0.06267	0.05693	0.01437	0.00695	0.00504	0.00162	0.00575	0.02811	0.00390	0.00769

[dist]
# distance from previous block
# <min> <max>
11	69

[block]
# block no. 4 follows, 42 sequences, length 21
# corresponding to MSA columns:
# 422-442
name=unknown_E
#
# <colnr> <probs for GDERKNQSTAVLIFYWHMCP>
#	G	D	E	R	K	N	Q	S	T	A	V	L	I	F	Y	W	H	M	C	P
0	0.13399	0.45596	0.13672	0.01052	0.01538	0.06860	0.01066	0.01752	0.01191	0.04791	0.03938	0.01131	0.00918	0.00538	0.00416	0.00143	0.00621	0.00363	0.00293	0.00720
1	0.10005	0.28202	0.16020	0.01039	0.01463	0.01418	0.01048	0.05162	0.03211	0.01837	0.10871	0.05222	0.03648	0.00780	0.00510	0.00168	0.00555	0.07784	0.00370	0.00685
2	0.04786	0.10540	0.55170	0.01416	0.02130	0.01342	0.01719	0.01916	0.02990	0.11217	0.01159	0.01260	0.00819	0.00554	0.00514	0.00172	0.00738	0.00423	0.00308	0.00828
3	0.01260	0.01167	0.01943	0.06710	0.56899	0.01175	0.01512	0.01577	0.01290	0.01808	0.05012	0.02326	0.03680	0.00706	0.00596	0.00182	0.00622	0.10405	0.00333	0.00798
4	0.01116	0.02820	0.74314	0.01569	0.02373	0.01277	0.02019	0.01754	0.01204	0.01801	0.03958	0.01306	0.00893	0.00559	0.00540	0.00178	0.00810	0.00439	0.00253	0.00820
5	0.01146	0.06575	0.73798	0.01574	0.02389	0.01350	0.02027	0.01778	0.01186	0.01761	0.00999	0.01175	0.00713	0.00532	0.00526	0.00175	0.00821	0.00410	0.00238	0.00827
6	0.80239	0.01175	0.04471	0.00781	0.01153	0.01265	0.00679	0.01660	0.00969	0.02490	0.00794	0.00927	0.00614	0.00523	0.00357	0.00174	0.00454	0.00310	0.00343	0.00620
7	0.01129	0.02911	0.77306	0.01604	0.02436	0.01307	0.02079	0.01782	0.01188	0.01782	0.01010	0.01188	0.00713	0.00535	0.00535	0.00178	0.00832	0.00416	0.00238	0.00832
8	0.00682	0.00504	0.00638	0.00746	0.00806	0.00460	0.00506	0.00788	0.01113	0.01451	0.03558	0.66786	0.16497	0.01704	0.00709	0.00222	0.00319	0.01527	0.00522	0.00460
9	0.01129	0.02911	0.77306	0.01604	0.02436	0.01307	0.02079	0.01782	0.01188	0.01782	0.01010	0.01188	0.00713	0.00535	0.00535	0.00178	0.00832	0.00416	0.00238	0.00832
10	0.01129	0.02911	0.77306	0.01604	0.02436	0.01307	0.02079	0.01782	0.01188	0.01782	0.01010	0.01188	0.00713	0.00535	0.00535	0.00178	0.00832	0.00416	0.00238	0.00832
11	0.84197	0.01088	0.00827	0.00740	0.01088	0.01262	0.00609	0.01654	0.00958	0.02525	0.00784	0.00914	0.00609	0.00522	0.00348	0.00174	0.00435	0.00305	0.00348	0.00609
12	0.01129	0.02911	0.77306	0.01604	0.02436	0.01307	0.02079	0.01782	0.01188	0.01782	0.01010	0.01188	0.00713	0.00535	0.00535	0.00178	0.00832	0.00416	0.00238	0.00832
13	0.00997	0.00638	0.00707	0.00652	0.00882	0.00539	0.00502	0.01158	0.01353	0.14821	0.08060	0.04750	0.60310	0.01286	0.00648	0.00187	0.00318	0.01071	0.00557	0.00562
14	0.07416	0.50933	0.11733	0.00982	0.01437	0.01743	0.01001	0.01586	0.01214	0.01634	0.14090	0.01519	0.01518	0.00609	0.00435	0.00142	0.00559	0.00441	0.00315	0.00694
15	0.03194	0.03383	0.05443	0.00964	0.01127	0.00701	0.06913	0.01078	0.01098	0.04615	0.02458	0.48567	0.02788	0.11872	0.00961	0.00258	0.00461	0.03142	0.00455	0.00524
16	0.11003	0.52709	0.03854	0.00966	0.01400	0.01859	0.00913	0.05592	0.06079	0.04110	0.04144	0.03143	0.01072	0.00582	0.00415	0.00142	0.00554	0.00407	0.00329	0.00728
17	0.01924	0.05241	0.07415	0.01193	0.01629	0.01420	0.01043	0.38668	0.08460	0.17569	0.03264	0.03704	0.01303	0.00792	0.02026	0.00188	0.00591	0.02137	0.00544	0.00890
18	0.02892	0.16237	0.38063	0.01301	0.01905	0.04575	0.01452	0.07587	0.03746	0.08216	0.02973	0.01383	0.00981	0.03176	0.00581	0.00175	0.00697	0.00443	0.00333	0.03285
19	0.01338	0.04893	0.01206	0.00912	0.01255	0.00962	0.00731	0.13872	0.05961	0.07136	0.13061	0.07247	0.01972	0.02903	0.00594	0.00158	0.00437	0.03437	0.04425	0.27502
20	0.10410	0.04232	0.07429	0.01025	0.02942	0.01060	0.00863	0.14881	0.05917	0.03833	0.18388	0.09086	0.03794	0.00866	0.00561	0.00171	0.00465	0.03724	0.00478	0.09872

[dist]
# distance from previous block
# <min> <max>
3	47

[block]
# block no. 5 follows, 42 sequences, length 14
# corresponding to MSA columns:
# 530-543
name=unknown_F
#
# <colnr> <probs for GDERKNQSTAVLIFYWHMCP>
#	G	D	E	R	K	N	Q	S	T	A	V	L	I	F	Y	W	H	M	C	P
0	0.01103	0.00976	0.05870	0.01096	0.06361	0.03256	0.00784	0.13824	0.01333	0.01785	0.04182	0.31346	0.02319	0.17131	0.02567	0.03544	0.00525	0.00984	0.00438	0.00576
1	0.05022	0.20892	0.36492	0.01293	0.03601	0.01441	0.01408	0.04231	0.05971	0.01781	0.04786	0.04217	0.01182	0.04657	0.00619	0.00185	0.00663	0.00494	0.00311	0.00752
2	0.03941	0.01438	0.09072	0.10506	0.25597	0.05320	0.10727	0.09127	0.01429	0.01962	0.06172	0.02021	0.03947	0.00676	0.00586	0.00180	0.00685	0.05498	0.00351	0.00762
3	0.01300	0.01567	0.14697	0.28589	0.14665	0.06336	0.07395	0.06412	0.07309	0.01794	0.01211	0.04066	0.00964	0.00606	0.00568	0.00181	0.00737	0.00538	0.00313	0.00752
4	0.01090	0.00875	0.05895	0.00939	0.01194	0.00725	0.05802	0.05034	0.01511	0.10387	0.37186	0.10662	0.12821	0.01090	0.00647	0.00185	0.00404	0.02379	0.00554	0.00621
5	0.08023	0.04363	0.04197	0.01504	0.12384	0.22831	0.01068	0.12188	0.03243	0.07163	0.01425	0.06846	0.03388	0.00815	0.02811	0.00190	0.03884	0.00545	0.02396	0.00735
6	0.06994	0.06044	0.02817	0.00954	0.01190	0.01060	0.00754	0.23925	0.01578	0.02196	0.07549	0.28627	0.02312	0.07104	0.00811	0.02163	0.00473	0.02322	0.00486	0.00641
7	0.00678	0.00567	0.00591	0.00592	0.00770	0.00480	0.00441	0.00831	0.01304	0.01587	0.12354	0.08211	0.66839	0.01412	0.00667	0.00190	0.00285	0.01188	0.00532	0.00480
8	0.05059	0.01016	0.01676	0.46363	0.07853	0.01161	0.08623	0.04366	0.01201	0.01638	0.01373	0.14546	0.01268	0.00753	0.00588	0.00192	0.00674	0.00691	0.00318	0.00641
9	0.05898	0.12892	0.45666	0.07400	0.07749	0.04322	0.03478	0.01770	0.01199	0.03269	0.00992	0.01189	0.00742	0.00530	0.00507	0.00169	0.00763	0.00414	0.00261	0.00788
10	0.01365	0.05987	0.14593	0.01276	0.01690	0.01067	0.14367	0.03981	0.05625	0.14408	0.16890	0.02448	0.02077	0.05827	0.00740	0.00203	0.00592	0.04105	0.02031	0.00727
11	0.00686	0.00490	0.00653	0.00784	0.00816	0.00457	0.00522	0.00784	0.01077	0.01437	0.03102	0.79855	0.03722	0.01763	0.00718	0.00229	0.00326	0.01600	0.00522	0.00457
12	0.01174	0.10735	0.49146	0.01640	0.05769	0.01372	0.09548	0.01680	0.01182	0.01695	0.01147	0.07078	0.00963	0.00631	0.00597	0.00179	0.03894	0.00526	0.00267	0.00779
13	0.18590	0.01318	0.01354	0.03647	0.01558	0.04434	0.00923	0.34701	0.07312	0.11029	0.01487	0.01709	0.01133	0.00701	0.00527	0.00176	0.00557	0.05051	0.02976	0.00818

[dist]
# distance from previous block
# <min> <max>
0	2

[block]
# block no. 6 follows, 42 sequences, length 21
# corresponding to MSA columns:
# 546-566
name=unknown_G
#
# <colnr> <probs for GDERKNQSTAVLIFYWHMCP>
#	G	D	E	R	K	N	Q	S	T	A	V	L	I	F	Y	W	H	M	C	P
0	0.00916	0.00727	0.02718	0.00833	0.02532	0.00648	0.00632	0.06703	0.01479	0.03529	0.32768	0.17169	0.20757	0.01248	0.00659	0.00190	0.00346	0.03711	0.00553	0.01882
1	0.03220	0.10136	0.15212	0.01214	0.04148	0.03653	0.05107	0.06336	0.04118	0.18249	0.10862	0.04990	0.08803	0.00781	0.00563	0.00173	0.00563	0.00650	0.00461	0.00761
2	0.01421	0.15946	0.43784	0.04262	0.02169	0.12417	0.03281	0.04823	0.01313	0.04180	0.01007	0.01164	0.00753	0.00543	0.00507	0.00164	0.00798	0.00406	0.00275	0.00787
3	0.07729	0.00994	0.04266	0.00975	0.01357	0.00862	0.00826	0.02338	0.06073	0.50513	0.13021	0.02328	0.01975	0.00780	0.00572	0.00179	0.00458	0.03278	0.00628	0.00845
4	0.01419	0.10238	0.34556	0.01494	0.02074	0.07150	0.12287	0.01843	0.01274	0.10882	0.01418	0.01548	0.05520	0.00625	0.00621	0.00176	0.05269	0.00507	0.00323	0.00777
5	0.01326	0.01365	0.11009	0.02339	0.41925	0.01164	0.01406	0.01793	0.09147	0.07322	0.02017	0.02130	0.13204	0.00697	0.00574	0.00175	0.00589	0.00621	0.00374	0.00822
6	0.05875	0.01521	0.01629	0.01254	0.01699	0.01674	0.01036	0.67634	0.02514	0.07467	0.01372	0.01362	0.00965	0.00670	0.00553	0.00169	0.00603	0.00501	0.00560	0.00941
7	0.00804	0.00550	0.00640	0.00645	0.00666	0.00553	0.00387	0.00834	0.00862	0.01148	0.02013	0.06397	0.06150	0.65829	0.09790	0.00549	0.00614	0.00847	0.00354	0.00368
8	0.06807	0.11165	0.29581	0.05580	0.01973	0.01375	0.03786	0.09302	0.01358	0.09799	0.04033	0.01376	0.00996	0.00604	0.00594	0.00170	0.05536	0.00457	0.00349	0.05159
9	0.29871	0.04258	0.16161	0.05941	0.01724	0.01172	0.06507	0.01817	0.02357	0.14614	0.05026	0.01693	0.02435	0.00643	0.00500	0.00179	0.00576	0.03408	0.00397	0.00722
10	0.01095	0.00817	0.04006	0.00851	0.01073	0.00738	0.00684	0.02786	0.12608	0.10158	0.46149	0.08209	0.06440	0.01059	0.00636	0.00182	0.00349	0.00922	0.00595	0.00643
11	0.01111	0.00605	0.00613	0.00584	0.00742	0.00613	0.00445	0.06741	0.01294	0.02178	0.01986	0.02203	0.05022	0.00694	0.00419	0.00137	0.00290	0.00555	0.73215	0.00554
12	0.03197	0.01372	0.02610	0.01188	0.01565	0.01487	0.00979	0.52347	0.03959	0.07966	0.01474	0.03159	0.01126	0.03632	0.04950	0.00226	0.03458	0.00548	0.03897	0.00862
13	0.01227	0.01152	0.01911	0.48855	0.19791	0.01336	0.05498	0.06070	0.01251	0.01673	0.01028	0.01453	0.00799	0.00575	0.00638	0.00185	0.05060	0.00509	0.00277	0.00712
14	0.00700	0.00503	0.00659	0.00774	0.00819	0.00470	0.00525	0.00807	0.01100	0.01460	0.05283	0.69040	0.06985	0.04545	0.00794	0.00238	0.00337	0.03984	0.00519	0.00458
15	0.01066	0.01075	0.04521	0.16792	0.10894	0.01081	0.17471	0.01348	0.01145	0.01574	0.01648	0.24489	0.01680	0.00958	0.00780	0.01966	0.07959	0.00856	0.02064	0.00633
16	0.13247	0.04567	0.01542	0.07908	0.06043	0.28049	0.02852	0.08982	0.14745	0.01947	0.01215	0.01394	0.00971	0.03492	0.00594	0.00179	0.00719	0.00458	0.00370	0.00723
17	0.01846	0.01192	0.01333	0.01081	0.01441	0.01273	0.00872	0.34206	0.15164	0.16964	0.05411	0.04387	0.01530	0.00751	0.00556	0.00172	0.00495	0.00603	0.09862	0.00860
18	0.00729	0.00522	0.00659	0.00750	0.00800	0.00493	0.00509	0.00825	0.01063	0.01396	0.03071	0.51309	0.10248	0.17482	0.01150	0.00291	0.00383	0.07395	0.00486	0.00441
19	0.02394	0.12256	0.46913	0.01379	0.02032	0.01288	0.05104	0.01692	0.01220	0.04483	0.05789	0.04565	0.01160	0.00610	0.00524	0.00166	0.00703	0.00496	0.00301	0.06926
20	0.06636	0.03282	0.04560	0.01289	0.01714	0.09714	0.03662	0.43699	0.09895	0.05891	0.01409	0.01506	0.01049	0.00672	0.00550	0.00171	0.00644	0.02288	0.00498	0.00870

[dist]
# distance from previous block
# <min> <max>
5	17

[block]
# block no. 7 follows, 42 sequences, length 13
# corresponding to MSA columns:
# 588-600
name=unknown_H
#
# <colnr> <probs for GDERKNQSTAVLIFYWHMCP>
#	G	D	E	R	K	N	Q	S	T	A	V	L	I	F	Y	W	H	M	C	P
0	0.01493	0.09081	0.01529	0.01031	0.01482	0.01194	0.03286	0.18251	0.08049	0.05912	0.05261	0.01474	0.01194	0.00567	0.00487	0.00129	0.00496	0.00455	0.00428	0.38202
1	0.01335	0.06616	0.07541	0.03941	0.09877	0.02324	0.09399	0.02863	0.14087	0.10413	0.09771	0.04820	0.08577	0.00824	0.00596	0.00183	0.00561	0.05074	0.00453	0.00746
2	0.01142	0.01020	0.01486	0.08734	0.30720	0.04103	0.01149	0.04689	0.01301	0.01758	0.07671	0.23786	0.02171	0.02781	0.00674	0.00200	0.00549	0.04989	0.00399	0.00678
3	0.07951	0.63329	0.08868	0.01028	0.01500	0.02046	0.01043	0.01672	0.01116	0.01458	0.00799	0.00946	0.00714	0.00518	0.00460	0.00137	0.05128	0.00322	0.00249	0.00716
4	0.01852	0.11352	0.01414	0.00958	0.01332	0.01061	0.00791	0.04764	0.10333	0.37781	0.02090	0.02078	0.06086	0.05575	0.04490	0.00222	0.00534	0.00579	0.00542	0.06166
5	0.00751	0.00583	0.00686	0.00773	0.00834	0.03147	0.00525	0.00863	0.01142	0.01494	0.09683	0.60046	0.09374	0.06275	0.00829	0.00237	0.00355	0.01427	0.00512	0.00465
6	0.00823	0.00589	0.00723	0.00707	0.00863	0.00530	0.00540	0.01038	0.01443	0.04721	0.41579	0.09133	0.26907	0.01287	0.00673	0.00191	0.00303	0.06848	0.00579	0.00524
7	0.01271	0.07660	0.06041	0.09117	0.02647	0.01454	0.48185	0.01674	0.01223	0.01662	0.01075	0.01465	0.00847	0.00738	0.04958	0.00228	0.08171	0.00591	0.00273	0.00720
8	0.00994	0.00944	0.01772	0.04036	0.05844	0.00915	0.27489	0.01238	0.01163	0.01573	0.02075	0.39886	0.02259	0.01175	0.00766	0.03145	0.02637	0.01098	0.00397	0.00592
9	0.03737	0.00862	0.01059	0.00897	0.01168	0.00827	0.00689	0.11699	0.01481	0.33931	0.02125	0.16075	0.01839	0.13399	0.00936	0.00238	0.00463	0.00773	0.07072	0.00728
10	0.00810	0.00560	0.00679	0.00705	0.00745	0.00558	0.00466	0.00885	0.00969	0.01293	0.06464	0.10591	0.05261	0.51077	0.06998	0.00470	0.00559	0.10109	0.00400	0.00400
11	0.04509	0.01152	0.01184	0.01038	0.01350	0.09803	0.00824	0.03447	0.22215	0.25871	0.05988	0.04884	0.07539	0.00877	0.00588	0.00185	0.00505	0.06693	0.00564	0.00783
12	0.35230	0.01044	0.01117	0.00906	0.01291	0.01067	0.00745	0.08543	0.01438	0.36574	0.05619	0.01588	0.01254	0.00649	0.00484	0.00174	0.00462	0.00480	0.00541	0.00794

[dist]
# distance from previous block
# <min> <max>
0	3

[block]
# block no. 8 follows, 42 sequences, length 10
# corresponding to MSA columns:
# 604-613
name=unknown_I
#
# <colnr> <probs for GDERKNQSTAVLIFYWHMCP>
#	G	D	E	R	K	N	Q	S	T	A	V	L	I	F	Y	W	H	M	C	P
0	0.00904	0.00695	0.00803	0.00758	0.00936	0.00671	0.00571	0.07768	0.06345	0.02052	0.34001	0.13837	0.26040	0.01244	0.00656	0.00188	0.00323	0.01072	0.00570	0.00567
1	0.01509	0.01616	0.01440	0.01376	0.05546	0.28634	0.01020	0.05055	0.11689	0.01618	0.01328	0.01598	0.02807	0.01476	0.17425	0.00335	0.14010	0.00507	0.00341	0.00669
2	0.01969	0.01438	0.01670	0.01303	0.01720	0.01578	0.05015	0.51135	0.12596	0.09325	0.01531	0.01529	0.01099	0.00771	0.02438	0.00193	0.02688	0.00540	0.00546	0.00917
3	0.01153	0.00843	0.07258	0.00839	0.01087	0.00652	0.00717	0.01442	0.01563	0.16443	0.56008	0.03517	0.04181	0.01013	0.00634	0.00177	0.00353	0.00882	0.00602	0.00637
4	0.01036	0.00603	0.00756	0.00732	0.00811	0.00594	0.00485	0.01108	0.00978	0.11779	0.01988	0.14062	0.02105	0.47471	0.12614	0.00498	0.00638	0.00864	0.00411	0.00466
5	0.04327	0.06197	0.01194	0.11655	0.03778	0.09071	0.00820	0.09577	0.02487	0.01980	0.06886	0.06162	0.03579	0.01976	0.02366	0.00182	0.00530	0.00598	0.26011	0.00625
6	0.02042	0.01542	0.01567	0.01245	0.01645	0.08487	0.01008	0.56955	0.02346	0.08380	0.01515	0.07925	0.01198	0.00759	0.00571	0.00172	0.00621	0.00589	0.00544	0.00888
7	0.03280	0.00803	0.03726	0.00992	0.01159	0.00781	0.00835	0.04259	0.07979	0.01727	0.02453	0.11418	0.02573	0.09218	0.09332	0.00339	0.00618	0.37481	0.00470	0.00560
8	0.01873	0.16125	0.03612	0.08317	0.01847	0.33407	0.01102	0.10360	0.03555	0.09849	0.01103	0.01217	0.00853	0.00604	0.00555	0.00156	0.03953	0.00416	0.00357	0.00739
9	0.01291	0.03978	0.01375	0.02185	0.01415	0.06366	0.08254	0.14052	0.01459	0.03685	0.04049	0.11302	0.06636	0.08194	0.02410	0.00228	0.02241	0.08835	0.03601	0.08443

[dist]
# distance from previous block
# <min> <max>
0	1

[block]
# block no. 9 follows, 42 sequences, length 18
# corresponding to MSA columns:
# 615-632
name=unknown_J
#
# <colnr> <probs for GDERKNQSTAVLIFYWHMCP>
#	G	D	E	R	K	N	Q	S	T	A	V	L	I	F	Y	W	H	M	C	P
0	0.01231	0.04131	0.05761	0.09128	0.14242	0.01201	0.22661	0.09150	0.01376	0.01867	0.03770	0.19641	0.01643	0.00829	0.00622	0.00189	0.00668	0.00807	0.00370	0.00714
1	0.01341	0.01287	0.02205	0.19777	0.46207	0.01346	0.09933	0.04485	0.04490	0.01833	0.01119	0.01459	0.00894	0.00530	0.00571	0.00175	0.00707	0.00526	0.00296	0.00820
2	0.01154	0.05557	0.64188	0.01672	0.05550	0.01321	0.06224	0.01751	0.01214	0.01786	0.03777	0.01316	0.00898	0.00550	0.00542	0.00176	0.00802	0.00452	0.00256	0.00815
3	0.01245	0.05067	0.11547	0.05877	0.02649	0.01368	0.51229	0.01682	0.01260	0.01718	0.01247	0.07742	0.01054	0.00605	0.00670	0.00190	0.03146	0.00681	0.00294	0.00731
4	0.02015	0.06220	0.01649	0.01415	0.01705	0.68573	0.01078	0.02220	0.04609	0.01414	0.00920	0.01062	0.00766	0.00597	0.00550	0.00149	0.03718	0.00375	0.00298	0.00664
5	0.01311	0.01226	0.02003	0.10476	0.55943	0.01265	0.01544	0.01754	0.07853	0.01858	0.04900	0.01814	0.01265	0.00607	0.00574	0.00176	0.00631	0.03639	0.00329	0.00832
6	0.03029	0.39132	0.19871	0.01213	0.01739	0.12208	0.02394	0.03551	0.05377	0.03532	0.00991	0.01103	0.00800	0.00532	0.00449	0.00145	0.00699	0.00373	0.00289	0.02574
7	0.01217	0.01057	0.01160	0.03944	0.02434	0.08778	0.03398	0.06269	0.12665	0.05380	0.08968	0.09924	0.18960	0.01079	0.00688	0.00195	0.04009	0.08741	0.00490	0.00645
8	0.00742	0.00532	0.00672	0.00754	0.00812	0.00503	0.00522	0.00853	0.01098	0.01449	0.07108	0.44649	0.10339	0.17541	0.01151	0.00290	0.00386	0.09662	0.00491	0.00447
9	0.01532	0.01133	0.01257	0.01076	0.01362	0.01219	0.00840	0.42748	0.04543	0.02665	0.02199	0.29472	0.05315	0.01099	0.00623	0.00192	0.00494	0.00930	0.00547	0.00756
10	0.01159	0.01076	0.01776	0.64303	0.14507	0.01285	0.01565	0.04755	0.01216	0.01591	0.01024	0.01478	0.00780	0.00559	0.00562	0.00184	0.00732	0.00501	0.00268	0.00679
11	0.00757	0.00536	0.00698	0.00793	0.00847	0.00510	0.00540	0.03587	0.01146	0.01529	0.05850	0.68844	0.05139	0.01699	0.00775	0.03945	0.00342	0.01477	0.00515	0.00470
12	0.00694	0.00503	0.00650	0.00755	0.00807	0.00465	0.00509	0.00802	0.01116	0.01479	0.07285	0.66857	0.10283	0.03974	0.00773	0.00231	0.00326	0.01509	0.00522	0.00459
13	0.01495	0.01051	0.01212	0.01092	0.04783	0.01108	0.00799	0.28138	0.07857	0.08720	0.04558	0.06577	0.09368	0.15995	0.04452	0.00280	0.00559	0.00730	0.00504	0.00722
14	0.01104	0.04053	0.01294	0.04105	0.01274	0.02955	0.00885	0.05455	0.01085	0.01523	0.04098	0.16408	0.03617	0.11351	0.04112	0.00283	0.32039	0.00771	0.03024	0.00563
15	0.01013	0.00622	0.00781	0.00728	0.00909	0.00554	0.00550	0.01223	0.01464	0.13253	0.40204	0.12735	0.21370	0.01217	0.00656	0.00186	0.00309	0.01056	0.00597	0.00574
16	0.01463	0.01549	0.04468	0.05647	0.53547	0.13035	0.01562	0.01841	0.05108	0.01772	0.01160	0.01552	0.00984	0.00569	0.00558	0.00169	0.00713	0.03171	0.00302	0.00829
17	0.08610	0.13806	0.01594	0.01138	0.01467	0.27632	0.00909	0.18683	0.04697	0.02008	0.01285	0.01519	0.03410	0.07451	0.00691	0.00186	0.00701	0.00464	0.03046	0.00703

[dist]
# distance from previous block
# <min> <max>
0	2

[block]
# block no. 10 follows, 42 sequences, length 25
# corresponding to MSA columns:
# 635-659
name=unknown_K
#
# <colnr> <probs for GDERKNQSTAVLIFYWHMCP>
#	G	D	E	R	K	N	Q	S	T	A	V	L	I	F	Y	W	H	M	C	P
0	0.01130	0.14780	0.05650	0.01215	0.06514	0.02400	0.04842	0.03175	0.06478	0.01637	0.08766	0.05852	0.02737	0.07110	0.18261	0.00363	0.05329	0.00637	0.02488	0.00636
1	0.01599	0.01217	0.01391	0.01056	0.01493	0.01187	0.00860	0.28723	0.03603	0.06464	0.01230	0.01332	0.00943	0.00675	0.02804	0.00155	0.04518	0.00434	0.00439	0.39877
2	0.01497	0.07955	0.01637	0.06886	0.01730	0.02640	0.08302	0.13307	0.10654	0.09676	0.05233	0.04199	0.01345	0.00705	0.01874	0.00167	0.00569	0.00549	0.02048	0.19026
3	0.00754	0.00549	0.00700	0.00780	0.00856	0.00509	0.00547	0.00870	0.01090	0.01450	0.02992	0.51597	0.08510	0.11708	0.00981	0.00263	0.00380	0.10134	0.00489	0.04842
4	0.00762	0.00522	0.00631	0.00687	0.00700	0.00508	0.00419	0.00803	0.00929	0.01239	0.02342	0.36300	0.02764	0.46626	0.01945	0.00410	0.00452	0.01153	0.00419	0.00391
5	0.01902	0.01485	0.01536	0.01225	0.01639	0.05425	0.00991	0.46622	0.19769	0.05174	0.01549	0.01514	0.01129	0.00673	0.00552	0.00167	0.00579	0.00519	0.00538	0.07012
6	0.01438	0.01130	0.01361	0.04958	0.01577	0.01053	0.03244	0.22066	0.01592	0.04665	0.01397	0.05412	0.03178	0.02348	0.00554	0.00140	0.00505	0.00507	0.00419	0.42458
7	0.01346	0.18554	0.38951	0.05399	0.04357	0.10891	0.03630	0.03888	0.01270	0.01659	0.01053	0.04613	0.00867	0.00586	0.00510	0.00165	0.00773	0.00454	0.00270	0.00764
8	0.01313	0.01466	0.03063	0.04372	0.05871	0.01447	0.61837	0.01742	0.01271	0.01746	0.01089	0.01482	0.00840	0.00532	0.00783	0.00195	0.09290	0.00635	0.00279	0.00746
9	0.00965	0.00747	0.01050	0.14415	0.06771	0.00763	0.00879	0.03761	0.01307	0.04154	0.09785	0.18543	0.17023	0.01229	0.00667	0.00208	0.00465	0.16222	0.00474	0.00574
10	0.01420	0.08385	0.11450	0.04681	0.41609	0.11095	0.01514	0.01824	0.05604	0.01748	0.02707	0.01481	0.02908	0.00568	0.00537	0.00164	0.00699	0.00492	0.00301	0.00814
11	0.01192	0.02730	0.68154	0.01738	0.08313	0.01328	0.02009	0.04856	0.01257	0.01861	0.01028	0.01211	0.00737	0.00538	0.00538	0.00177	0.00810	0.00426	0.00255	0.00842
12	0.00782	0.00573	0.00663	0.00673	0.00828	0.00502	0.00497	0.00944	0.01309	0.04973	0.17701	0.21125	0.42614	0.01420	0.00675	0.00197	0.00305	0.03169	0.00548	0.00504
13	0.01293	0.32428	0.41117	0.01440	0.02110	0.01671	0.09289	0.01747	0.01186	0.01609	0.00937	0.01114	0.00731	0.00508	0.00482	0.00157	0.00756	0.00398	0.00244	0.00782
14	0.10301	0.07153	0.01332	0.01020	0.03019	0.01154	0.00807	0.17078	0.08019	0.20466	0.18545	0.02201	0.02096	0.03579	0.00631	0.00184	0.00468	0.00622	0.00547	0.00777
15	0.00977	0.00719	0.01036	0.12034	0.04661	0.00734	0.00936	0.01236	0.01298	0.04936	0.09078	0.08585	0.09635	0.01297	0.00706	0.00227	0.00503	0.40353	0.00487	0.00562
16	0.01061	0.00888	0.00943	0.05553	0.01220	0.08080	0.00722	0.05742	0.03406	0.04313	0.20141	0.15664	0.18792	0.01210	0.00654	0.00195	0.00445	0.09884	0.00515	0.00573
17	0.01296	0.01105	0.01476	0.12814	0.03533	0.05319	0.10561	0.10971	0.09020	0.04570	0.03396	0.11666	0.05280	0.08340	0.00805	0.00214	0.00591	0.00736	0.04138	0.04169
18	0.01763	0.04374	0.01689	0.01363	0.05390	0.05769	0.08420	0.35877	0.01888	0.08410	0.01418	0.04161	0.01139	0.05186	0.03296	0.04441	0.00662	0.00567	0.03397	0.00791
19	0.03219	0.00611	0.00733	0.00791	0.00905	0.00596	0.00574	0.01083	0.08224	0.01684	0.11946	0.43219	0.15871	0.01488	0.00683	0.00213	0.00341	0.06768	0.00533	0.00519
20	0.01560	0.25185	0.08985	0.03109	0.01563	0.17110	0.01020	0.08990	0.01498	0.06910	0.14458	0.04264	0.01703	0.00703	0.00512	0.00155	0.00637	0.00538	0.00390	0.00712
21	0.01459	0.01171	0.03638	0.08581	0.01687	0.01217	0.06084	0.26660	0.07615	0.04693	0.01553	0.05343	0.01353	0.16191	0.04300	0.00279	0.02198	0.00634	0.02661	0.02684
22	0.03187	0.01318	0.10600	0.03247	0.03746	0.01119	0.00992	0.24555	0.01728	0.06228	0.14151	0.05243	0.04227	0.00749	0.00554	0.00159	0.00518	0.00616	0.00471	0.16593
23	0.09975	0.20727	0.08647	0.01028	0.01453	0.01271	0.03283	0.05731	0.01394	0.21364	0.10173	0.03435	0.03351	0.00706	0.00511	0.00162	0.00527	0.02345	0.00454	0.03464
24	0.10009	0.04814	0.04652	0.04310	0.04462	0.03034	0.06079	0.01651	0.03772	0.15196	0.22703	0.02655	0.10659	0.00831	0.00572	0.00173	0.00479	0.00707	0.00488	0.02754

[dist]
# distance from previous block
# <min> <max>
40	87

[block]
# block no. 11 follows, 42 sequences, length 10
# corresponding to MSA columns:
# 813-822
name=unknown_L
#
# <colnr> <probs for GDERKNQSTAVLIFYWHMCP>
#	G	D	E	R	K	N	Q	S	T	A	V	L	I	F	Y	W	H	M	C	P
0	0.03835	0.01306	0.03554	0.03680	0.01358	0.20255	0.00838	0.06550	0.01455	0.04857	0.14013	0.18250	0.06002	0.01031	0.00605	0.00182	0.00569	0.06634	0.00456	0.04571
1	0.22132	0.00924	0.00972	0.03338	0.01195	0.01003	0.00710	0.14828	0.04867	0.02181	0.06193	0.13854	0.06709	0.10063	0.00830	0.00235	0.00466	0.08425	0.00464	0.00612
2	0.08051	0.20972	0.01476	0.04545	0.01292	0.01222	0.00773	0.12425	0.01401	0.03516	0.11079	0.23001	0.04461	0.02628	0.00600	0.00184	0.00468	0.00825	0.00442	0.00638
3	0.01172	0.01018	0.01209	0.00883	0.01345	0.00825	0.00710	0.01412	0.01144	0.01797	0.00980	0.01172	0.00826	0.00460	0.00526	0.00096	0.06430	0.00346	0.00327	0.77323
4	0.00714	0.00511	0.00678	0.00765	0.00822	0.00476	0.00525	0.00854	0.01208	0.01644	0.21616	0.60751	0.04123	0.01608	0.00705	0.00216	0.00311	0.01453	0.00547	0.00476
5	0.00720	0.00515	0.00632	0.00710	0.00753	0.00484	0.00460	0.00796	0.01030	0.01350	0.03050	0.49385	0.12215	0.23662	0.01312	0.00312	0.00383	0.01331	0.00472	0.00427
6	0.01655	0.60894	0.02607	0.01086	0.01519	0.21353	0.00994	0.01827	0.01257	0.01337	0.00804	0.00931	0.00723	0.00506	0.00398	0.00127	0.00706	0.00316	0.00253	0.00705
7	0.01074	0.00786	0.00937	0.00915	0.01073	0.00795	0.00667	0.19511	0.01477	0.01987	0.02569	0.56630	0.02899	0.01430	0.00666	0.00207	0.00404	0.01269	0.00524	0.04178
8	0.01127	0.01058	0.01443	0.01259	0.01259	0.01426	0.01006	0.01219	0.00851	0.01288	0.01000	0.01850	0.01069	0.20995	0.02104	0.00322	0.59331	0.00575	0.00270	0.00546
9	0.01560	0.21247	0.02230	0.06438	0.40091	0.01459	0.01364	0.01838	0.01289	0.13101	0.01220	0.01503	0.00988	0.00561	0.00516	0.00160	0.00623	0.02641	0.00338	0.00833

[dist]
# distance from previous block
# <min> <max>
0	1

[block]
# block no. 12 follows, 42 sequences, length 14
# corresponding to MSA columns:
# 824-837
name=unknown_M
#
# <colnr> <probs for GDERKNQSTAVLIFYWHMCP>
#	G	D	E	R	K	N	Q	S	T	A	V	L	I	F	Y	W	H	M	C	P
0	0.17792	0.52200	0.07388	0.00939	0.01386	0.01818	0.00929	0.01628	0.01151	0.01679	0.07735	0.01227	0.01120	0.00555	0.00398	0.00140	0.00554	0.00375	0.00297	0.00690
1	0.01152	0.01061	0.01418	0.01261	0.01350	0.01391	0.01025	0.01586	0.15694	0.01540	0.01249	0.01662	0.01109	0.01794	0.21672	0.00409	0.43113	0.00550	0.00325	0.00640
2	0.17863	0.60780	0.06399	0.00952	0.01425	0.01988	0.00951	0.01684	0.01109	0.01586	0.00794	0.00920	0.00699	0.00492	0.00368	0.00134	0.00581	0.00308	0.00262	0.00706
3	0.17803	0.01800	0.35163	0.01174	0.01726	0.01080	0.01300	0.01819	0.01246	0.17205	0.03667	0.03889	0.06856	0.00704	0.00528	0.00181	0.00605	0.02096	0.00398	0.00761
4	0.05871	0.59813	0.07707	0.01059	0.01536	0.09933	0.01038	0.04772	0.01246	0.01515	0.00830	0.00953	0.00726	0.00505	0.00396	0.00132	0.00652	0.00324	0.00265	0.00726
5	0.02061	0.01614	0.01640	0.01290	0.01716	0.06897	0.01052	0.62523	0.10070	0.03277	0.01415	0.01405	0.01019	0.00678	0.00560	0.00170	0.00628	0.00510	0.00545	0.00930
6	0.00826	0.00658	0.00976	0.01313	0.15848	0.00631	0.00761	0.00970	0.01118	0.01516	0.02697	0.64315	0.03161	0.01513	0.00686	0.00216	0.00394	0.01382	0.00474	0.00543
7	0.01167	0.01000	0.01167	0.00834	0.01334	0.00750	0.00667	0.01417	0.01167	0.01834	0.01000	0.01167	0.00834	0.00417	0.00417	0.00083	0.00417	0.00333	0.00333	0.83663
8	0.01926	0.01462	0.01689	0.16659	0.02167	0.01647	0.01167	0.60299	0.02345	0.03129	0.01282	0.01381	0.00916	0.00653	0.00563	0.00173	0.00645	0.00505	0.00501	0.00891
9	0.01212	0.01067	0.01388	0.01353	0.16262	0.00866	0.00877	0.01478	0.01190	0.01835	0.01012	0.01212	0.00845	0.00434	0.00445	0.00100	0.00467	0.00367	0.00323	0.67270
10	0.01400	0.01209	0.01273	0.01145	0.01463	0.01400	0.00891	0.02990	0.75695	0.02354	0.02291	0.02100	0.01718	0.00764	0.00573	0.00191	0.00445	0.00636	0.00573	0.00891
11	0.03923	0.01142	0.02026	0.56096	0.03491	0.01309	0.17938	0.04358	0.01224	0.01637	0.01038	0.01479	0.00777	0.00546	0.00578	0.00187	0.00779	0.00531	0.00273	0.00668
12	0.01286	0.16416	0.50795	0.01665	0.08749	0.01459	0.05323	0.01801	0.01213	0.04820	0.01030	0.01201	0.00765	0.00526	0.00513	0.00167	0.00768	0.00421	0.00263	0.00819
13	0.01831	0.01712	0.01340	0.01173	0.01490	0.33494	0.00904	0.07148	0.14097	0.14941	0.02030	0.03666	0.10502	0.00765	0.00555	0.00166	0.00680	0.00583	0.00462	0.02461

[dist]
# distance from previous block
# <min> <max>
22	60

[block]
# block no. 13 follows, 42 sequences, length 9
# corresponding to MSA columns:
# 915-923
name=unknown_N
#
# <colnr> <probs for GDERKNQSTAVLIFYWHMCP>
#	G	D	E	R	K	N	Q	S	T	A	V	L	I	F	Y	W	H	M	C	P
0	0.00976	0.00767	0.00904	0.00878	0.01031	0.02472	0.00660	0.07334	0.05739	0.01894	0.20240	0.29218	0.06974	0.03979	0.00780	0.00211	0.03304	0.07119	0.00520	0.04998
1	0.01056	0.00973	0.01435	0.01249	0.01349	0.01229	0.04783	0.01237	0.00922	0.01386	0.01093	0.01647	0.01027	0.02263	0.33187	0.00506	0.38396	0.00538	0.00276	0.05449
2	0.01280	0.01081	0.01327	0.01019	0.01427	0.00996	0.04299	0.11741	0.06793	0.02067	0.03995	0.05939	0.02850	0.00638	0.00575	0.00132	0.05082	0.00519	0.00400	0.47841
3	0.01139	0.00832	0.01071	0.00976	0.01163	0.00944	0.00774	0.18770	0.01339	0.01891	0.01489	0.01998	0.01301	0.03163	0.54906	0.00683	0.01222	0.00575	0.05152	0.00613
4	0.05296	0.05122	0.38895	0.01173	0.01664	0.01019	0.01319	0.01423	0.01218	0.01788	0.13760	0.11213	0.05985	0.04668	0.00686	0.00202	0.00599	0.02931	0.00367	0.00672
5	0.01743	0.01749	0.01442	0.01268	0.01597	0.26627	0.00983	0.13699	0.40194	0.02215	0.01680	0.01629	0.01275	0.00690	0.00550	0.00172	0.00659	0.00526	0.00478	0.00822
6	0.01453	0.69833	0.13222	0.01051	0.01581	0.02100	0.01117	0.01699	0.01150	0.01387	0.00814	0.00942	0.00721	0.00489	0.00385	0.00128	0.00634	0.00317	0.00240	0.00737
7	0.02381	0.00996	0.01315	0.01003	0.01445	0.00872	0.00826	0.06690	0.01629	0.66182	0.02061	0.01816	0.01318	0.00670	0.00552	0.00166	0.00481	0.00542	0.00656	0.08397
8	0.00736	0.00545	0.00735	0.03974	0.00952	0.00539	0.00577	0.00859	0.01114	0.01503	0.10643	0.62251	0.03591	0.05816	0.00854	0.00239	0.02679	0.01419	0.00504	0.00470

[dist]
# distance from previous block
# <min> <max>
0	1

[block]
# block no. 14 follows, 42 sequences, length 8
# corresponding to MSA columns:
# 925-932
name=unknown_O
#
# <colnr> <probs for GDERKNQSTAVLIFYWHMCP>
#	G	D	E	R	K	N	Q	S	T	A	V	L	I	F	Y	W	H	M	C	P
0	0.02378	0.12400	0.01542	0.00996	0.01438	0.01028	0.00847	0.02591	0.01544	0.66210	0.02014	0.01770	0.01297	0.00666	0.00536	0.00166	0.00497	0.00528	0.00631	0.00924
1	0.00800	0.00571	0.00731	0.00694	0.00806	0.00533	0.00502	0.01025	0.01474	0.02077	0.64935	0.04124	0.04808	0.13311	0.01002	0.00234	0.00309	0.00987	0.00577	0.00502
2	0.02002	0.08769	0.01721	0.01209	0.01639	0.01701	0.01011	0.62789	0.02402	0.03237	0.01334	0.01364	0.00971	0.00656	0.00532	0.00162	0.00592	0.00489	0.06517	0.00904
3	0.01697	0.01370	0.01450	0.01205	0.01526	0.05420	0.00971	0.35673	0.21350	0.02670	0.01557	0.01627	0.01187	0.00977	0.06267	0.00231	0.07867	0.00540	0.05582	0.00833
4	0.00804	0.00603	0.00904	0.00904	0.01005	0.00703	0.00703	0.01005	0.00904	0.01306	0.01507	0.02211	0.01407	0.04221	0.77992	0.00904	0.01507	0.00603	0.00301	0.00502
5	0.01310	0.01456	0.03061	0.07909	0.08248	0.01417	0.61039	0.01752	0.01290	0.01760	0.01106	0.01496	0.00844	0.00504	0.00700	0.00190	0.04253	0.00633	0.00280	0.00753
6	0.01299	0.01435	0.03021	0.12455	0.09212	0.01393	0.59038	0.01749	0.01298	0.01758	0.01114	0.01505	0.00843	0.00488	0.00642	0.00188	0.00899	0.00629	0.00280	0.00753
7	0.01359	0.01303	0.02223	0.11204	0.69227	0.01328	0.01710	0.01697	0.01265	0.01797	0.01053	0.01404	0.00877	0.00508	0.00558	0.00169	0.00677	0.00501	0.00276	0.00864

[dist]
# distance from previous block
# <min> <max>
5	12

[block]
# block no. 15 follows, 42 sequences, length 11
# corresponding to MSA columns:
# 946-956
name=unknown_P
#
# <colnr> <probs for GDERKNQSTAVLIFYWHMCP>
#	G	D	E	R	K	N	Q	S	T	A	V	L	I	F	Y	W	H	M	C	P
0	0.01552	0.42220	0.18667	0.01206	0.01726	0.12571	0.01227	0.07700	0.05368	0.01664	0.00971	0.01081	0.00793	0.00538	0.00447	0.00144	0.00702	0.00369	0.00291	0.00764
1	0.01345	0.21447	0.08239	0.23285	0.23335	0.07275	0.01441	0.01661	0.01220	0.01553	0.01021	0.01425	0.00864	0.00558	0.00511	0.00163	0.00708	0.02940	0.00267	0.00739
2	0.00706	0.00498	0.00647	0.00758	0.00785	0.00471	0.00495	0.00789	0.01038	0.01384	0.02899	0.68257	0.03467	0.13710	0.01045	0.00277	0.00360	0.01481	0.00495	0.00439
3	0.01167	0.01000	0.01167	0.00834	0.01334	0.00750	0.00667	0.01417	0.01167	0.01834	0.01000	0.01167	0.00834	0.00417	0.00417	0.00083	0.00417	0.00333	0.00333	0.83663
4	0.02139	0.01576	0.01689	0.01295	0.01745	0.01745	0.01070	0.74835	0.02646	0.03547	0.01351	0.01351	0.00957	0.00676	0.00563	0.00169	0.00619	0.00507	0.00563	0.00957
5	0.01167	0.01000	0.01167	0.00834	0.01334	0.00750	0.00667	0.01417	0.01167	0.01834	0.01000	0.01167	0.00834	0.00417	0.00417	0.00083	0.00417	0.00333	0.00333	0.83663
6	0.01400	0.01209	0.01273	0.01145	0.01463	0.01400	0.00891	0.02990	0.75695	0.02354	0.02291	0.02100	0.01718	0.00764	0.00573	0.00191	0.00445	0.00636	0.00573	0.00891
7	0.01167	0.01000	0.01167	0.00834	0.01334	0.00750	0.00667	0.01417	0.01167	0.01834	0.01000	0.01167	0.00834	0.00417	0.00417	0.00083	0.00417	0.00333	0.00333	0.83663
8	0.02139	0.01576	0.01689	0.01295	0.01745	0.01745	0.01070	0.74835	0.02646	0.03547	0.01351	0.01351	0.00957	0.00676	0.00563	0.00169	0.00619	0.00507	0.00563	0.00957
9	0.24510	0.15170	0.39650	0.01248	0.01858	0.05490	0.01431	0.01755	0.01138	0.01893	0.00902	0.01055	0.00686	0.00525	0.00452	0.00166	0.00692	0.00363	0.00272	0.00742
10	0.01247	0.27264	0.53986	0.01403	0.02125	0.01595	0.01729	0.01752	0.01174	0.01639	0.00939	0.01099	0.00716	0.00518	0.00480	0.00160	0.00760	0.00380	0.00239	0.00797

[dist]
# distance from previous block
# <min> <max>
4	8

[block]
# block no. 16 follows, 42 sequences, length 11
# corresponding to MSA columns:
# 965-975
name=unknown_Q
#
# <colnr> <probs for GDERKNQSTAVLIFYWHMCP>
#	G	D	E	R	K	N	Q	S	T	A	V	L	I	F	Y	W	H	M	C	P
0	0.49654	0.21622	0.01403	0.00819	0.01187	0.01448	0.00713	0.01726	0.04663	0.04772	0.04761	0.01199	0.00978	0.00565	0.00387	0.00160	0.00467	0.00370	0.02447	0.00658
1	0.03967	0.64614	0.09486	0.01023	0.01524	0.02022	0.01045	0.01790	0.04146	0.04655	0.00924	0.01020	0.00786	0.00508	0.00394	0.00132	0.00606	0.00336	0.00276	0.00745
2	0.01374	0.00978	0.01112	0.01069	0.05816	0.02500	0.00781	0.07325	0.22988	0.13562	0.06959	0.03119	0.22687	0.00952	0.00598	0.00183	0.00429	0.02961	0.03867	0.00740
3	0.28055	0.04354	0.01191	0.01007	0.01233	0.16812	0.00783	0.06290	0.01206	0.01883	0.04319	0.06358	0.01267	0.11884	0.00976	0.00231	0.10666	0.00535	0.00354	0.00596
4	0.58729	0.08503	0.14778	0.00937	0.01387	0.01375	0.00923	0.04536	0.01081	0.02325	0.00846	0.00979	0.00652	0.00527	0.00391	0.00170	0.00528	0.00332	0.00327	0.00673
5	0.01129	0.02911	0.77306	0.01604	0.02436	0.01307	0.02079	0.01782	0.01188	0.01782	0.01010	0.01188	0.00713	0.00535	0.00535	0.00178	0.00832	0.00416	0.00238	0.00832
6	0.00869	0.00595	0.00756	0.00704	0.00861	0.00539	0.00532	0.01115	0.01551	0.06065	0.62815	0.04251	0.14893	0.01165	0.00659	0.00179	0.00279	0.01018	0.00610	0.00546
