[name]
unknown

[dist]
# distance from previous block
# <min> <max>
12	64

[block]
# block no. 0 follows, 46 sequences, length 6
# corresponding to MSA columns:
# 66-71
name=unknown_A
#
# <colnr> <probs for GDERKNQSTAVLIFYWHMCP>
#	G	D	E	R	K	N	Q	S	T	A	V	L	I	F	Y	W	H	M	C	P
0	0.01080	0.00831	0.01099	0.06799	0.09156	0.02732	0.03121	0.07573	0.03168	0.06189	0.15993	0.11843	0.11107	0.06831	0.03773	0.00222	0.01861	0.00791	0.05243	0.00588
1	0.01635	0.01270	0.07008	0.01054	0.01399	0.06328	0.02774	0.28842	0.04056	0.15664	0.01754	0.07031	0.05019	0.06022	0.00670	0.00185	0.00535	0.00598	0.07418	0.00740
2	0.00954	0.00513	0.00669	0.00665	0.00745	0.00491	0.00467	0.00984	0.01005	0.07133	0.10793	0.16297	0.04570	0.05168	0.01191	0.30330	0.00362	0.00752	0.16502	0.00409
3	0.01562	0.01223	0.01438	0.05708	0.07406	0.03802	0.01008	0.37280	0.06135	0.04631	0.04923	0.01860	0.01300	0.01002	0.07285	0.00230	0.05982	0.06021	0.00447	0.00758
4	0.01698	0.01198	0.01439	0.10168	0.06346	0.01299	0.00988	0.44425	0.01916	0.10751	0.01484	0.09327	0.01222	0.04497	0.00644	0.00183	0.00554	0.00596	0.00479	0.00787
5	0.04593	0.01295	0.01465	0.04634	0.09495	0.05996	0.00976	0.32272	0.05608	0.14699	0.01311	0.01342	0.00946	0.00576	0.00500	0.00149	0.00552	0.00453	0.00457	0.12683

[dist]
# distance from previous block
# <min> <max>
0	3

[block]
# block no. 1 follows, 46 sequences, length 6
# corresponding to MSA columns:
# 75-80
name=unknown_B
#
# <colnr> <probs for GDERKNQSTAVLIFYWHMCP>
#	G	D	E	R	K	N	Q	S	T	A	V	L	I	F	Y	W	H	M	C	P
0	0.04745	0.00754	0.00943	0.00846	0.01064	0.00738	0.00676	0.10731	0.01493	0.17931	0.29894	0.08312	0.02978	0.01038	0.00655	0.03386	0.00388	0.12265	0.00546	0.00618
1	0.14729	0.01098	0.01407	0.16994	0.14984	0.01231	0.01063	0.14652	0.10697	0.02043	0.01272	0.07788	0.01082	0.00660	0.00562	0.00170	0.04477	0.00534	0.00367	0.04191
2	0.06084	0.00691	0.00850	0.00916	0.05326	0.00676	0.00627	0.08031	0.01199	0.04789	0.02600	0.42661	0.10469	0.04519	0.00693	0.00205	0.00380	0.04718	0.00463	0.04105
3	0.08265	0.01126	0.02904	0.14990	0.05985	0.07229	0.13510	0.01562	0.08572	0.04311	0.03714	0.13546	0.01388	0.00771	0.00635	0.02981	0.03317	0.00647	0.00349	0.04196
4	0.06274	0.07223	0.03804	0.01356	0.14709	0.04833	0.03165	0.04087	0.01269	0.13390	0.13125	0.09963	0.01844	0.00909	0.03784	0.00195	0.04444	0.02039	0.02921	0.00667
5	0.50724	0.00902	0.00872	0.05528	0.03338	0.00987	0.00647	0.01462	0.01011	0.06455	0.03970	0.09652	0.01163	0.00649	0.00411	0.00162	0.00407	0.00484	0.05506	0.05670

[dist]
# distance from previous block
# <min> <max>
1	27

[block]
# block no. 2 follows, 46 sequences, length 30
# corresponding to MSA columns:
# 108-137
name=unknown_C
#
# <colnr> <probs for GDERKNQSTAVLIFYWHMCP>
#	G	D	E	R	K	N	Q	S	T	A	V	L	I	F	Y	W	H	M	C	P
0	0.02694	0.01045	0.01422	0.06675	0.22725	0.06354	0.05292	0.02736	0.08203	0.05194	0.20935	0.02393	0.07638	0.03633	0.00635	0.00177	0.00513	0.00662	0.00409	0.00665
1	0.04047	0.01018	0.01503	0.09877	0.21053	0.04453	0.08349	0.05048	0.01177	0.01622	0.02774	0.20911	0.04175	0.02641	0.03363	0.00208	0.03881	0.00759	0.00346	0.02797
2	0.05937	0.01123	0.04750	0.11914	0.01701	0.07807	0.10436	0.09965	0.02917	0.02869	0.10589	0.18084	0.04503	0.02371	0.00606	0.00181	0.00553	0.00761	0.00398	0.02538
3	0.03745	0.01098	0.05999	0.07197	0.01495	0.03504	0.04175	0.16623	0.03993	0.05538	0.06269	0.15032	0.03143	0.02325	0.02436	0.06454	0.09255	0.00693	0.00401	0.00623
4	0.05686	0.01142	0.04896	0.05770	0.07320	0.03789	0.11516	0.13374	0.01371	0.01938	0.13675	0.08370	0.01740	0.03578	0.03044	0.00201	0.06138	0.00643	0.00380	0.05430
5	0.01331	0.14268	0.01994	0.11272	0.30910	0.11947	0.06399	0.01672	0.05540	0.01576	0.04857	0.01399	0.01039	0.00631	0.02840	0.00173	0.00682	0.00468	0.00287	0.00715
6	0.01132	0.01077	0.01651	0.50532	0.21423	0.04621	0.01406	0.01518	0.04928	0.01510	0.01042	0.01417	0.00810	0.00529	0.00519	0.00168	0.00663	0.00472	0.03925	0.00658
7	0.04215	0.03493	0.03433	0.33854	0.03896	0.06075	0.01120	0.07817	0.05204	0.11587	0.05081	0.05151	0.01255	0.00665	0.00528	0.00169	0.00595	0.03101	0.00373	0.02389
8	0.38355	0.00944	0.00979	0.07264	0.01319	0.00998	0.00698	0.04224	0.04484	0.14382	0.03010	0.06038	0.01087	0.00610	0.00429	0.00156	0.00429	0.00459	0.03256	0.10878
9	0.04687	0.00797	0.00844	0.00776	0.00958	0.04155	0.00585	0.07579	0.11184	0.02002	0.36139	0.07200	0.13453	0.06437	0.00727	0.00193	0.00360	0.00850	0.00512	0.00562
10	0.00702	0.00530	0.00625	0.00632	0.00757	0.00471	0.00454	0.00860	0.01215	0.01622	0.25712	0.22941	0.29112	0.05336	0.00724	0.00195	0.00288	0.01096	0.03415	0.03312
11	0.01046	0.00977	0.01619	0.62060	0.11919	0.01165	0.02675	0.01447	0.04865	0.01454	0.01103	0.01659	0.00886	0.00578	0.00540	0.00178	0.00674	0.04264	0.00266	0.00625
12	0.06038	0.00740	0.00849	0.00749	0.00916	0.00818	0.00596	0.05894	0.01174	0.11571	0.01520	0.01748	0.01184	0.02521	0.00670	0.00159	0.13192	0.00486	0.48594	0.00582
13	0.02372	0.00900	0.01227	0.00941	0.01350	0.00777	0.00777	0.02576	0.01513	0.78489	0.02086	0.01799	0.01309	0.00654	0.00532	0.00164	0.00450	0.00532	0.00654	0.00900
14	0.01315	0.01136	0.01195	0.01076	0.01375	0.01315	0.00837	0.02809	0.77168	0.02211	0.02152	0.01972	0.01614	0.00717	0.00538	0.00179	0.00418	0.00598	0.00538	0.00837
15	0.00814	0.00738	0.00704	0.00690	0.00882	0.05234	0.00524	0.01144	0.11985	0.01535	0.04411	0.07753	0.55899	0.01223	0.00611	0.00181	0.00341	0.04336	0.00484	0.00513
16	0.01060	0.02735	0.78682	0.01507	0.02288	0.01228	0.01953	0.01674	0.01116	0.01674	0.00949	0.01116	0.00670	0.00502	0.00502	0.00167	0.00781	0.00391	0.00223	0.00781
17	0.01102	0.10633	0.68451	0.01471	0.02211	0.01318	0.04402	0.01666	0.01116	0.01632	0.00931	0.01100	0.00675	0.00495	0.00490	0.00162	0.00763	0.00388	0.00225	0.00769
18	0.00632	0.00536	0.00545	0.00543	0.00718	0.00449	0.00407	0.00772	0.01222	0.01468	0.09484	0.05023	0.73755	0.01324	0.00625	0.00178	0.00267	0.01107	0.00496	0.00449
19	0.01078	0.06694	0.74878	0.01477	0.02241	0.01271	0.01901	0.01670	0.01114	0.01653	0.00938	0.01103	0.00670	0.00500	0.00494	0.00165	0.00770	0.00385	0.00223	0.00776
20	0.02294	0.01008	0.05802	0.00974	0.01405	0.00804	0.00846	0.02523	0.01490	0.73952	0.02018	0.01759	0.01271	0.00645	0.00530	0.00164	0.00469	0.00523	0.00629	0.00893
21	0.01060	0.02735	0.78682	0.01507	0.02288	0.01228	0.01953	0.01674	0.01116	0.01674	0.00949	0.01116	0.00670	0.00502	0.00502	0.00167	0.00781	0.00391	0.00223	0.00781
22	0.01308	0.01256	0.02146	0.03245	0.78123	0.01256	0.01622	0.01622	0.01204	0.01727	0.00994	0.01308	0.00837	0.00471	0.00523	0.00157	0.00628	0.00471	0.00262	0.00837
23	0.04642	0.01423	0.09672	0.01151	0.01570	0.01352	0.01022	0.46031	0.04886	0.13011	0.01465	0.01690	0.01108	0.03442	0.00606	0.00178	0.00565	0.04859	0.00497	0.00829
24	0.01151	0.00725	0.00882	0.00828	0.01016	0.00708	0.00630	0.12558	0.03396	0.13516	0.11208	0.32976	0.12056	0.01211	0.00618	0.00189	0.00371	0.04832	0.00533	0.00595
25	0.00632	0.00536	0.00546	0.00543	0.00719	0.00449	0.00407	0.00773	0.01222	0.01469	0.09637	0.05020	0.73601	0.01324	0.00625	0.00178	0.00267	0.01106	0.00496	0.00449
26	0.01046	0.02566	0.72146	0.01493	0.03877	0.01183	0.01856	0.01631	0.01142	0.01703	0.05721	0.01296	0.00941	0.00537	0.00510	0.00167	0.00745	0.00428	0.00246	0.00765
27	0.01381	0.07162	0.12820	0.03840	0.38678	0.13948	0.01429	0.04303	0.03666	0.01671	0.01089	0.01479	0.00927	0.00557	0.00513	0.00158	0.00684	0.04650	0.00286	0.00759
28	0.03095	0.55949	0.07933	0.01188	0.01661	0.07550	0.13075	0.01645	0.01132	0.01372	0.00810	0.00967	0.00696	0.00462	0.00406	0.00130	0.00658	0.00349	0.00238	0.00684
29	0.01733	0.00791	0.01044	0.00854	0.01157	0.00718	0.00684	0.02043	0.06831	0.46552	0.28448	0.02559	0.02610	0.00807	0.00564	0.00166	0.00378	0.00684	0.00621	0.00756

[dist]
# distance from previous block
# <min> <max>
0	6

[block]
# block no. 3 follows, 46 sequences, length 151
# corresponding to MSA columns:
# 144-218,220-295
name=unknown_D
#
# <colnr> <probs for GDERKNQSTAVLIFYWHMCP>
#	G	D	E	R	K	N	Q	S	T	A	V	L	I	F	Y	W	H	M	C	P
0	0.01238	0.01168	0.01977	0.10213	0.64246	0.01190	0.01539	0.01550	0.01191	0.01679	0.01152	0.01737	0.01023	0.00565	0.00542	0.00167	0.00622	0.07137	0.00279	0.00783
1	0.07558	0.03885	0.45504	0.01423	0.04509	0.02992	0.04791	0.11711	0.01340	0.09818	0.01092	0.01198	0.00770	0.00531	0.00498	0.00164	0.00692	0.00418	0.00320	0.00787
2	0.01066	0.01008	0.01707	0.63423	0.19841	0.01192	0.01502	0.01410	0.01089	0.01433	0.00952	0.01387	0.00734	0.00516	0.00527	0.00172	0.00688	0.00470	0.00241	0.00642
3	0.00852	0.00608	0.00852	0.00974	0.01095	0.00608	0.00852	0.01095	0.01217	0.01582	0.02799	0.05963	0.03042	0.01460	0.00730	0.00243	0.00487	0.74565	0.00487	0.00487
4	0.01069	0.04636	0.76855	0.01492	0.02266	0.01249	0.01928	0.01672	0.01115	0.01664	0.00944	0.01110	0.00670	0.00501	0.00498	0.00166	0.00776	0.00388	0.00223	0.00779
5	0.01284	0.01232	0.02103	0.09181	0.72374	0.01250	0.01611	0.01601	0.01192	0.01698	0.00990	0.01316	0.00827	0.00475	0.00524	0.00158	0.00634	0.00471	0.00260	0.00818
6	0.01572	0.01112	0.01228	0.01058	0.01387	0.01230	0.00836	0.07683	0.57109	0.17473	0.02080	0.01891	0.01505	0.00699	0.00536	0.00175	0.00436	0.00576	0.00560	0.00853
7	0.00634	0.00524	0.00557	0.00575	0.00727	0.00446	0.00421	0.00767	0.01189	0.01451	0.08691	0.17386	0.62054	0.01377	0.00633	0.00184	0.00273	0.01170	0.00496	0.00446
8	0.01106	0.13024	0.68795	0.01428	0.02167	0.01340	0.01817	0.01662	0.01111	0.01618	0.00921	0.01081	0.00671	0.00496	0.00481	0.00160	0.00753	0.00377	0.00224	0.00768
9	0.01452	0.01271	0.01231	0.01099	0.01396	0.09971	0.00855	0.06730	0.57596	0.05771	0.01982	0.03896	0.01530	0.00728	0.00537	0.00175	0.00487	0.01979	0.00511	0.00801
10	0.00763	0.00563	0.00719	0.00696	0.00822	0.00532	0.00521	0.01052	0.05034	0.02004	0.61641	0.11453	0.07590	0.01142	0.00628	0.00175	0.00271	0.03325	0.00564	0.00506
11	0.01046	0.01019	0.01819	0.61965	0.08384	0.01185	0.12174	0.01403	0.01093	0.01425	0.01009	0.03322	0.00795	0.00540	0.00545	0.00176	0.00717	0.00517	0.00247	0.00618
12	0.11322	0.01281	0.03822	0.01066	0.01429	0.04477	0.00879	0.22839	0.30032	0.12865	0.01717	0.01629	0.02978	0.00660	0.00509	0.00167	0.00497	0.00514	0.00505	0.00812
13	0.01965	0.02300	0.01530	0.01380	0.03450	0.63293	0.01033	0.15632	0.01671	0.01676	0.00904	0.01019	0.00724	0.00559	0.00487	0.00141	0.00878	0.00368	0.00319	0.00670
14	0.00769	0.00513	0.00577	0.00577	0.00577	0.00513	0.00320	0.00769	0.00769	0.01025	0.01666	0.03460	0.01922	0.81421	0.02691	0.00513	0.00513	0.00769	0.00320	0.00320
15	0.04515	0.05074	0.01520	0.01323	0.01606	0.72615	0.01003	0.03726	0.01488	0.01371	0.00822	0.00954	0.00682	0.00542	0.00469	0.00137	0.00916	0.00340	0.00278	0.00620
16	0.01942	0.01310	0.01447	0.01140	0.01536	0.01421	0.00932	0.48966	0.16579	0.16708	0.01585	0.01499	0.01110	0.00654	0.00531	0.00163	0.00527	0.00509	0.00553	0.00887
17	0.00680	0.00538	0.00613	0.00594	0.00748	0.00470	0.00445	0.00866	0.01336	0.01740	0.38012	0.04575	0.45058	0.01223	0.00624	0.00173	0.00259	0.01044	0.00532	0.00470
18	0.00998	0.00940	0.01586	0.80150	0.03641	0.01175	0.01468	0.01351	0.01057	0.01351	0.00940	0.01409	0.00705	0.00529	0.00529	0.00176	0.00705	0.00470	0.00235	0.00587
19	0.01315	0.01136	0.01195	0.01076	0.01375	0.01315	0.00837	0.02809	0.77168	0.02211	0.02152	0.01972	0.01614	0.00717	0.00538	0.00179	0.00418	0.00598	0.00538	0.00837
20	0.82915	0.01063	0.00796	0.00713	0.01039	0.03289	0.00585	0.01569	0.00916	0.02343	0.00738	0.00861	0.00575	0.00492	0.00331	0.00163	0.00424	0.00288	0.00326	0.00574
21	0.00998	0.00940	0.01586	0.80150	0.03641	0.01175	0.01468	0.01351	0.01057	0.01351	0.00940	0.01409	0.00705	0.00529	0.00529	0.00176	0.00705	0.00470	0.00235	0.00587
22	0.02295	0.00988	0.01277	0.00983	0.01391	0.00913	0.00811	0.13089	0.03446	0.65977	0.01971	0.01728	0.01258	0.00653	0.00531	0.00163	0.00468	0.00525	0.00634	0.00898
23	0.01953	0.02164	0.01508	0.01308	0.01623	0.53893	0.01008	0.22882	0.05379	0.01907	0.01007	0.01090	0.00786	0.00578	0.00494	0.00145	0.00824	0.00391	0.00357	0.00703
24	0.01190	0.00918	0.01090	0.00791	0.01241	0.00702	0.00634	0.01423	0.01150	0.08326	0.04453	0.01283	0.01015	0.00445	0.00414	0.00090	0.00390	0.00360	0.00354	0.73731
25	0.02268	0.01141	0.01321	0.01029	0.01431	0.06878	0.00842	0.17682	0.01712	0.57242	0.01822	0.01627	0.01177	0.00642	0.00527	0.00161	0.00515	0.00506	0.00600	0.00878
26	0.00821	0.00591	0.00813	0.00929	0.01045	0.00584	0.00795	0.01045	0.01198	0.01553	0.02946	0.12674	0.07096	0.01471	0.00720	0.00237	0.00459	0.64054	0.00487	0.00479
27	0.00644	0.00460	0.00613	0.00736	0.00767	0.00429	0.00491	0.00736	0.01012	0.01350	0.02914	0.81076	0.03497	0.01656	0.00675	0.00215	0.00307	0.01503	0.00491	0.00429
28	0.01413	0.81739	0.02770	0.00905	0.01357	0.02092	0.00905	0.01583	0.01074	0.01244	0.00735	0.00848	0.00678	0.00452	0.00339	0.00113	0.00565	0.00283	0.00226	0.00678
29	0.03546	0.01105	0.01852	0.38192	0.42020	0.01217	0.01522	0.01497	0.01128	0.01574	0.00962	0.01342	0.00769	0.00498	0.00520	0.00166	0.00657	0.00465	0.00251	0.00716
30	0.00666	0.00537	0.00592	0.00578	0.00739	0.00464	0.00434	0.00838	0.01301	0.01657	0.29286	0.04712	0.53836	0.01254	0.00624	0.00174	0.00262	0.01063	0.00521	0.00464
31	0.01075	0.02629	0.72580	0.01565	0.02326	0.01237	0.07949	0.01676	0.01127	0.01676	0.00958	0.01141	0.00680	0.00498	0.00512	0.00168	0.00790	0.00409	0.00227	0.00776
32	0.00748	0.00540	0.00707	0.00665	0.00790	0.00499	0.00499	0.00998	0.01496	0.02120	0.77844	0.03949	0.04988	0.01081	0.00624	0.00166	0.00249	0.00956	0.00582	0.00499
33	0.01106	0.12963	0.68854	0.01429	0.02168	0.01340	0.01817	0.01662	0.01111	0.01618	0.00921	0.01081	0.00671	0.00496	0.00481	0.00160	0.00753	0.00377	0.00224	0.00768
34	0.00755	0.00566	0.00850	0.00850	0.00944	0.00661	0.00661	0.00944	0.00850	0.01227	0.01416	0.02077	0.01322	0.03965	0.79326	0.00850	0.01416	0.00566	0.00283	0.00472
35	0.00756	0.00565	0.00841	0.00841	0.00932	0.00656	0.00650	0.00938	0.00847	0.01221	0.01424	0.02121	0.01341	0.06413	0.76904	0.00839	0.01387	0.00573	0.00284	0.00467
36	0.85155	0.01022	0.00777	0.00695	0.01022	0.01186	0.00573	0.01554	0.00900	0.02372	0.00736	0.00859	0.00573	0.00491	0.00327	0.00164	0.00409	0.00286	0.00327	0.00573
37	0.01569	0.01262	0.01338	0.01127	0.01471	0.01433	0.00898	0.29660	0.49904	0.02620	0.01830	0.01716	0.01353	0.00687	0.00535	0.00172	0.00478	0.00553	0.00535	0.00860
38	0.01203	0.01098	0.01147	0.00848	0.01299	0.07805	0.00674	0.03709	0.01175	0.01734	0.00939	0.01089	0.00777	0.00413	0.00403	0.00086	0.00448	0.00321	0.00316	0.74516
39	0.00766	0.00559	0.00722	0.00678	0.00808	0.00524	0.00509	0.01053	0.03824	0.02123	0.75516	0.03888	0.04884	0.01070	0.00621	0.00167	0.00255	0.00945	0.00581	0.00509
40	0.07434	0.01540	0.01411	0.01142	0.01506	0.15290	0.00920	0.49263	0.04208	0.02702	0.01546	0.01549	0.07788	0.00675	0.00515	0.00157	0.00603	0.00500	0.00467	0.00784
41	0.00644	0.00460	0.00613	0.00736	0.00767	0.00429	0.00491	0.00736	0.01012	0.01350	0.02914	0.81076	0.03497	0.01656	0.00675	0.00215	0.00307	0.01503	0.00491	0.00429
42	0.01308	0.01256	0.02146	0.03245	0.78123	0.01256	0.01622	0.01622	0.01204	0.01727	0.00994	0.01308	0.00837	0.00471	0.00523	0.00157	0.00628	0.00471	0.00262	0.00837
43	0.01961	0.01456	0.01559	0.01206	0.01621	0.01617	0.00993	0.71180	0.07745	0.03253	0.01331	0.01319	0.00949	0.00640	0.00529	0.00160	0.00570	0.00485	0.00529	0.00895
44	0.00626	0.00531	0.00540	0.00547	0.00717	0.00445	0.00407	0.00757	0.01194	0.01424	0.05218	0.09369	0.73717	0.01357	0.00628	0.00181	0.00270	0.01138	0.00491	0.00445
45	0.02372	0.00900	0.01227	0.00941	0.01350	0.00777	0.00777	0.02576	0.01513	0.78489	0.02086	0.01799	0.01309	0.00654	0.00532	0.00164	0.00450	0.00532	0.00654	0.00900
46	0.01248	0.01426	0.03119	0.02228	0.02763	0.01337	0.76203	0.01693	0.01248	0.01693	0.01070	0.01426	0.00802	0.00446	0.00624	0.00178	0.00891	0.00624	0.00267	0.00713
47	0.00658	0.00552	0.00574	0.00565	0.00741	0.00476	0.00425	0.00842	0.03268	0.01532	0.13934	0.04868	0.67156	0.01291	0.00622	0.00177	0.00270	0.01083	0.00503	0.00463
48	0.01972	0.01591	0.01557	0.01227	0.01626	0.11119	0.00999	0.63779	0.05923	0.03029	0.01256	0.01264	0.00906	0.00628	0.00523	0.00157	0.00619	0.00465	0.00498	0.00861
49	0.01383	0.01192	0.01232	0.01093	0.01401	0.03011	0.00854	0.08462	0.69792	0.02278	0.02055	0.01896	0.01539	0.00707	0.00536	0.00177	0.00442	0.00583	0.00532	0.00837
50	0.01096	0.00940	0.01096	0.00783	0.01253	0.00705	0.00626	0.01331	0.01096	0.01723	0.00940	0.01096	0.00783	0.00392	0.00392	0.00078	0.00392	0.00313	0.00313	0.84653
51	0.01393	0.77077	0.07250	0.00940	0.01412	0.02041	0.00966	0.01588	0.01077	0.01269	0.00748	0.00864	0.00678	0.00455	0.00349	0.00116	0.00578	0.00289	0.00226	0.00684
52	0.27628	0.01075	0.01174	0.00931	0.01318	0.01106	0.00768	0.19741	0.01556	0.37386	0.01479	0.01386	0.00986	0.00600	0.00468	0.00162	0.00469	0.00443	0.00524	0.00799
53	0.01830	0.01371	0.01482	0.02578	0.01599	0.01526	0.00964	0.56727	0.18260	0.04491	0.02762	0.01476	0.01124	0.00658	0.00532	0.00164	0.00541	0.00511	0.00529	0.00874
54	0.01932	0.01442	0.01543	0.01201	0.01610	0.01603	0.00986	0.68187	0.10785	0.03207	0.01367	0.01347	0.00978	0.00644	0.00530	0.00161	0.00564	0.00489	0.00530	0.00892
55	0.00643	0.00477	0.00597	0.00691	0.00751	0.00435	0.00468	0.00742	0.01045	0.01357	0.03378	0.63680	0.18561	0.03618	0.00716	0.00215	0.00304	0.01406	0.00486	0.00430
56	0.00665	0.00481	0.00632	0.00747	0.00786	0.00457	0.00502	0.00802	0.03419	0.01377	0.02890	0.78576	0.03437	0.01627	0.00670	0.00214	0.00310	0.01474	0.00492	0.00442
57	0.00687	0.00531	0.00626	0.00618	0.00756	0.00470	0.00457	0.00872	0.01328	0.01756	0.40280	0.11912	0.35314	0.01244	0.00629	0.00176	0.00263	0.01076	0.00535	0.00470
58	0.01315	0.01443	0.02868	0.02126	0.04986	0.03747	0.64059	0.05614	0.04935	0.01791	0.01121	0.01426	0.00843	0.00472	0.00607	0.00175	0.00846	0.00601	0.00294	0.00729
59	0.01096	0.00940	0.01096	0.00783	0.01253	0.00705	0.00626	0.01331	0.01096	0.01723	0.00940	0.01096	0.00783	0.00392	0.00392	0.00078	0.00392	0.00313	0.00313	0.84653
60	0.00758	0.00555	0.00791	0.00791	0.00865	0.00629	0.00588	0.00906	0.00832	0.01184	0.01470	0.02374	0.01451	0.20629	0.62838	0.00777	0.01222	0.00610	0.00291	0.00439
61	0.01413	0.81739	0.02770	0.00905	0.01357	0.02092	0.00905	0.01583	0.01074	0.01244	0.00735	0.00848	0.00678	0.00452	0.00339	0.00113	0.00565	0.00283	0.00226	0.00678
62	0.01308	0.01256	0.02146	0.03245	0.78123	0.01256	0.01622	0.01622	0.01204	0.01727	0.00994	0.01308	0.00837	0.00471	0.00523	0.00157	0.00628	0.00471	0.00262	0.00837
63	0.01994	0.01473	0.01578	0.01213	0.01633	0.01632	0.01001	0.74674	0.04198	0.03306	0.01289	0.01285	0.00915	0.00637	0.00529	0.00159	0.00578	0.00479	0.00529	0.00898
64	0.01875	0.01351	0.01442	0.01121	0.01505	0.01488	0.00921	0.66462	0.02304	0.03152	0.01329	0.01362	0.00959	0.00632	0.00508	0.00154	0.00538	0.00478	0.11573	0.00846
65	0.00644	0.00460	0.00613	0.00736	0.00767	0.00429	0.00491	0.00736	0.01012	0.01350	0.02914	0.81076	0.03497	0.01656	0.00675	0.00215	0.00307	0.01503	0.00491	0.00429
66	0.04858	0.01240	0.02043	0.03034	0.71203	0.01256	0.01541	0.01676	0.04810	0.01777	0.01039	0.01321	0.00863	0.00484	0.00516	0.00158	0.00609	0.00469	0.00278	0.00826
67	0.01872	0.02698	0.01191	0.00941	0.01269	0.00898	0.00757	0.16758	0.01607	0.43463	0.06921	0.15688	0.01834	0.00849	0.00558	0.00171	0.00441	0.00712	0.00587	0.00787
68	0.00627	0.00536	0.00539	0.00538	0.00716	0.00447	0.00404	0.00764	0.01211	0.01443	0.06889	0.05064	0.76366	0.01333	0.00625	0.00178	0.00267	0.01112	0.00493	0.00447
69	0.01060	0.02735	0.78682	0.01507	0.02288	0.01228	0.01953	0.01674	0.01116	0.01674	0.00949	0.01116	0.00670	0.00502	0.00502	0.00167	0.00781	0.00391	0.00223	0.00781
70	0.01308	0.01256	0.02146	0.03245	0.78123	0.01256	0.01622	0.01622	0.01204	0.01727	0.00994	0.01308	0.00837	0.00471	0.00523	0.00157	0.00628	0.00471	0.00262	0.00837
71	0.02249	0.00951	0.01241	0.00967	0.01366	0.00872	0.00794	0.06114	0.09090	0.67316	0.02053	0.01791	0.01319	0.00660	0.00532	0.00165	0.00453	0.00536	0.00637	0.00893
72	0.00626	0.00532	0.00539	0.00545	0.00717	0.00445	0.00406	0.00758	0.01196	0.01424	0.05239	0.08708	0.74364	0.01354	0.00627	0.00180	0.00270	0.01134	0.00491	0.00445
73	0.00740	0.00538	0.00697	0.00661	0.00786	0.00495	0.00494	0.00981	0.01471	0.02070	0.72775	0.06056	0.08035	0.01107	0.00625	0.00168	0.00252	0.00977	0.00576	0.00495
74	0.07651	0.01522	0.01445	0.01361	0.10062	0.20798	0.00975	0.23362	0.06129	0.16754	0.01431	0.01435	0.03485	0.00616	0.00505	0.00156	0.00623	0.00467	0.00444	0.00779
75	0.02062	0.01397	0.01535	0.01177	0.01598	0.01516	0.00972	0.65778	0.02346	0.14111	0.01386	0.01345	0.00958	0.00637	0.00529	0.00159	0.00563	0.00484	0.00547	0.00899
76	0.01522	0.63636	0.02524	0.01032	0.01451	0.17607	0.02956	0.01692	0.01164	0.01266	0.00761	0.00885	0.00682	0.00471	0.00375	0.00119	0.00652	0.00303	0.00237	0.00666
77	0.00667	0.00504	0.00642	0.00715	0.00780	0.00478	0.00498	0.00782	0.01085	0.01433	0.10306	0.57630	0.16826	0.01521	0.00696	0.00204	0.02948	0.01348	0.00491	0.00444
78	0.77908	0.05369	0.00911	0.00724	0.01061	0.01250	0.00605	0.04033	0.00962	0.02343	0.00754	0.00872	0.00589	0.00493	0.00334	0.00161	0.00423	0.00292	0.00328	0.00589
79	0.00733	0.00532	0.00705	0.00779	0.00872	0.00504	0.00600	0.00913	0.01206	0.01611	0.20743	0.33205	0.09538	0.01434	0.00676	0.00210	0.00347	0.24418	0.00511	0.00465
80	0.01362	0.01204	0.01219	0.01092	0.01393	0.04625	0.00849	0.04760	0.71954	0.02203	0.02071	0.01910	0.01555	0.00708	0.00535	0.00177	0.00445	0.00584	0.00526	0.00829
81	0.01096	0.00940	0.01096	0.00783	0.01253	0.00705	0.00626	0.01331	0.01096	0.01723	0.00940	0.01096	0.00783	0.00392	0.00392	0.00078	0.00392	0.00313	0.00313	0.84653
82	0.01981	0.02339	0.01514	0.01337	0.01635	0.65772	0.01019	0.15044	0.01670	0.01649	0.00896	0.01008	0.00719	0.00560	0.00486	0.00140	0.00889	0.00364	0.00317	0.00663
83	0.01975	0.02520	0.01498	0.01362	0.01634	0.79299	0.01021	0.02111	0.01498	0.01294	0.00817	0.00953	0.00681	0.00545	0.00477	0.00136	0.00953	0.00340	0.00272	0.00613
84	0.01413	0.81739	0.02770	0.00905	0.01357	0.02092	0.00905	0.01583	0.01074	0.01244	0.00735	0.00848	0.00678	0.00452	0.00339	0.00113	0.00565	0.00283	0.00226	0.00678
85	0.85155	0.01022	0.00777	0.00695	0.01022	0.01186	0.00573	0.01554	0.00900	0.02372	0.00736	0.00859	0.00573	0.00491	0.00327	0.00164	0.00409	0.00286	0.00327	0.00573
86	0.01234	0.16877	0.55750	0.01381	0.02042	0.10808	0.01653	0.01711	0.01155	0.01551	0.00894	0.01048	0.00673	0.00498	0.00470	0.00154	0.00763	0.00365	0.00230	0.00743
87	0.00818	0.00568	0.00739	0.00696	0.00831	0.00529	0.00527	0.02487	0.01488	0.04263	0.68923	0.06911	0.04685	0.01095	0.00624	0.00170	0.00271	0.03283	0.00576	0.00515
88	0.00625	0.00536	0.00536	0.00536	0.00714	0.00446	0.00402	0.00759	0.01205	0.01428	0.05355	0.05088	0.77909	0.01339	0.00625	0.00179	0.00268	0.01116	0.00491	0.00446
89	0.00998	0.00940	0.01586	0.80150	0.03641	0.01175	0.01468	0.01351	0.01057	0.01351	0.00940	0.01409	0.00705	0.00529	0.00529	0.00176	0.00705	0.00470	0.00235	0.00587
90	0.00666	0.00479	0.00632	0.00727	0.00780	0.00446	0.00501	0.00787	0.01095	0.01471	0.13738	0.64899	0.06159	0.01556	0.00668	0.00208	0.00303	0.03939	0.00504	0.00442
91	0.01797	0.01454	0.01413	0.01161	0.01519	0.11879	0.00929	0.38111	0.23548	0.07976	0.03690	0.01541	0.01218	0.00660	0.00527	0.00162	0.00566	0.00510	0.00507	0.00832
92	0.00683	0.00515	0.00632	0.00659	0.00769	0.00465	0.00478	0.00849	0.01252	0.01664	0.31454	0.28870	0.25125	0.01347	0.00643	0.00187	0.00279	0.03140	0.00525	0.00462
93	0.01096	0.00940	0.01096	0.00783	0.01253	0.00705	0.00626	0.01331	0.01096	0.01723	0.00940	0.01096	0.00783	0.00392	0.00392	0.00078	0.00392	0.00313	0.00313	0.84653
94	0.01204	0.01285	0.02534	0.01810	0.02326	0.01154	0.54325	0.01589	0.01204	0.01702	0.01032	0.01331	0.00797	0.00430	0.00557	0.00149	0.00747	0.00534	0.00281	0.25013
95	0.00644	0.00460	0.00613	0.00736	0.00767	0.00429	0.00491	0.00736	0.01012	0.01350	0.02914	0.81076	0.03497	0.01656	0.00675	0.00215	0.00307	0.01503	0.00491	0.00429
96	0.01315	0.01136	0.01195	0.01076	0.01375	0.01315	0.00837	0.02809	0.77168	0.02211	0.02152	0.01972	0.01614	0.00717	0.00538	0.00179	0.00418	0.00598	0.00538	0.00837
97	0.02023	0.01408	0.01535	0.01183	0.01600	0.01538	0.00975	0.66110	0.05017	0.11093	0.01385	0.01349	0.00967	0.00640	0.00529	0.00160	0.00562	0.00486	0.00542	0.00897
98	0.01255	0.46320	0.36803	0.01175	0.01774	0.01704	0.01375	0.01624	0.01093	0.01437	0.00831	0.00968	0.00675	0.00475	0.00412	0.00137	0.00662	0.00331	0.00225	0.00725
99	0.00998	0.00940	0.01586	0.80150	0.03641	0.01175	0.01468	0.01351	0.01057	0.01351	0.00940	0.01409	0.00705	0.00529	0.00529	0.00176	0.00705	0.00470	0.00235	0.00587
100	0.00998	0.00940	0.01586	0.80150	0.03641	0.01175	0.01468	0.01351	0.01057	0.01351	0.00940	0.01409	0.00705	0.00529	0.00529	0.00176	0.00705	0.00470	0.00235	0.00587
101	0.01308	0.01256	0.02146	0.03245	0.78123	0.01256	0.01622	0.01622	0.01204	0.01727	0.00994	0.01308	0.00837	0.00471	0.00523	0.00157	0.00628	0.00471	0.00262	0.00837
102	0.01103	0.12175	0.69611	0.01435	0.02177	0.01331	0.01828	0.01663	0.01111	0.01623	0.00923	0.01084	0.00671	0.00496	0.00483	0.00161	0.00755	0.00378	0.00224	0.00769
103	0.00660	0.00471	0.00627	0.00746	0.00781	0.00443	0.00508	0.00759	0.01018	0.01354	0.02871	0.74332	0.03424	0.03908	0.00735	0.00225	0.00323	0.05900	0.00486	0.00430
104	0.01767	0.01240	0.01367	0.01106	0.01459	0.01350	0.00891	0.48372	0.13273	0.10391	0.01693	0.11702	0.01380	0.00780	0.00549	0.00169	0.00509	0.00632	0.00538	0.00829
105	0.01308	0.01256	0.02146	0.03245	0.78123	0.01256	0.01622	0.01622	0.01204	0.01727	0.00994	0.01308	0.00837	0.00471	0.00523	0.00157	0.00628	0.00471	0.00262	0.00837
106	0.00795	0.00620	0.00735	0.00722	0.00873	0.00602	0.00546	0.01177	0.12207	0.01846	0.36407	0.13188	0.21177	0.01181	0.00624	0.00182	0.00300	0.05753	0.00538	0.00526
107	0.00748	0.00540	0.00707	0.00665	0.00790	0.00499	0.00499	0.00998	0.01496	0.02120	0.77844	0.03949	0.04988	0.01081	0.00624	0.00166	0.00249	0.00956	0.00582	0.00499
108	0.02284	0.01040	0.01314	0.01007	0.01420	0.00985	0.00832	0.20407	0.01748	0.60327	0.01888	0.01671	0.01210	0.00650	0.00531	0.00162	0.00482	0.00518	0.00624	0.00900
109	0.01300	0.01247	0.02130	0.05427	0.76010	0.01254	0.01618	0.01615	0.01200	0.01716	0.00993	0.01311	0.00834	0.00473	0.00524	0.00158	0.00630	0.00471	0.00261	0.00830
110	0.01033	0.01082	0.02228	0.01697	0.02053	0.01014	0.49268	0.01353	0.01164	0.01571	0.01726	0.29762	0.01761	0.00876	0.00642	0.00191	0.00683	0.00937	0.00347	0.00612
111	0.02140	0.01061	0.01302	0.01017	0.01412	0.01040	0.00834	0.21054	0.09247	0.50407	0.03570	0.01731	0.01318	0.00665	0.00534	0.00164	0.00475	0.00534	0.00610	0.00884
112	0.01060	0.02735	0.78682	0.01507	0.02288	0.01228	0.01953	0.01674	0.01116	0.01674	0.00949	0.01116	0.00670	0.00502	0.00502	0.00167	0.00781	0.00391	0.00223	0.00781
113	0.01105	0.12619	0.69184	0.01431	0.02172	0.01336	0.01822	0.01663	0.01111	0.01620	0.00922	0.01083	0.00671	0.00496	0.00482	0.00161	0.00754	0.00377	0.00224	0.00768
114	0.85155	0.01022	0.00777	0.00695	0.01022	0.01186	0.00573	0.01554	0.00900	0.02372	0.00736	0.00859	0.00573	0.00491	0.00327	0.00164	0.00409	0.00286	0.00327	0.00573
115	0.01308	0.01256	0.02146	0.03245	0.78123	0.01256	0.01622	0.01622	0.01204	0.01727	0.00994	0.01308	0.00837	0.00471	0.00523	0.00157	0.00628	0.00471	0.00262	0.00837
116	0.00748	0.00540	0.00707	0.00665	0.00790	0.00499	0.00499	0.00998	0.01496	0.02120	0.77844	0.03949	0.04988	0.01081	0.00624	0.00166	0.00249	0.00956	0.00582	0.00499
117	0.02372	0.00900	0.01227	0.00941	0.01350	0.00777	0.00777	0.02576	0.01513	0.78489	0.02086	0.01799	0.01309	0.00654	0.00532	0.00164	0.00450	0.00532	0.00654	0.00900
118	0.00648	0.00502	0.00591	0.00641	0.00747	0.00445	0.00453	0.00777	0.01153	0.01475	0.12834	0.38930	0.36014	0.01450	0.00647	0.00193	0.00283	0.01270	0.00502	0.00445
119	0.00998	0.00940	0.01586	0.80150	0.03641	0.01175	0.01468	0.01351	0.01057	0.01351	0.00940	0.01409	0.00705	0.00529	0.00529	0.00176	0.00705	0.00470	0.00235	0.00587
120	0.01975	0.02520	0.01498	0.01362	0.01634	0.79299	0.01021	0.02111	0.01498	0.01294	0.00817	0.00953	0.00681	0.00545	0.00477	0.00136	0.00953	0.00340	0.00272	0.00613
121	0.00639	0.00536	0.00555	0.00550	0.00723	0.00452	0.00413	0.00786	0.01238	0.01507	0.13581	0.04958	0.69634	0.01310	0.00625	0.00177	0.00266	0.01098	0.00501	0.00452
122	0.00998	0.00940	0.01586	0.80150	0.03641	0.01175	0.01468	0.01351	0.01057	0.01351	0.00940	0.01409	0.00705	0.00529	0.00529	0.00176	0.00705	0.00470	0.00235	0.00587
123	0.00998	0.00940	0.01586	0.80150	0.03641	0.01175	0.01468	0.01351	0.01057	0.01351	0.00940	0.01409	0.00705	0.00529	0.00529	0.00176	0.00705	0.00470	0.00235	0.00587
124	0.01413	0.81739	0.02770	0.00905	0.01357	0.02092	0.00905	0.01583	0.01074	0.01244	0.00735	0.00848	0.00678	0.00452	0.00339	0.00113	0.00565	0.00283	0.00226	0.00678
125	0.02332	0.00930	0.01241	0.00955	0.01362	0.00826	0.00788	0.05706	0.03332	0.73515	0.02053	0.01781	0.01298	0.00655	0.00532	0.00164	0.00455	0.00531	0.00646	0.00898
126	0.00635	0.00497	0.00575	0.00637	0.00741	0.00438	0.00447	0.00747	0.01107	0.01388	0.04116	0.43661	0.40136	0.01500	0.00650	0.00197	0.00288	0.01312	0.00491	0.00438
127	0.01308	0.01256	0.02146	0.03245	0.78123	0.01256	0.01622	0.01622	0.01204	0.01727	0.00994	0.01308	0.00837	0.00471	0.00523	0.00157	0.00628	0.00471	0.00262	0.00837
128	0.02256	0.01050	0.01316	0.01013	0.01422	0.01005	0.00835	0.20983	0.03550	0.57937	0.01884	0.01671	0.01214	0.00651	0.00531	0.00163	0.00482	0.00519	0.00620	0.00898
129	0.00760	0.00561	0.00832	0.00835	0.00929	0.00649	0.00647	0.00948	0.00862	0.01255	0.01464	0.04080	0.01378	0.03795	0.74713	0.00809	0.01349	0.00588	0.03072	0.00472
130	0.01203	0.34759	0.47911	0.01263	0.01911	0.01578	0.01528	0.01637	0.01099	0.01500	0.00862	0.01007	0.00673	0.00482	0.00436	0.00145	0.00694	0.00347	0.00224	0.00740
131	0.01308	0.01256	0.02146	0.03245	0.78123	0.01256	0.01622	0.01622	0.01204	0.01727	0.00994	0.01308	0.00837	0.00471	0.00523	0.00157	0.00628	0.00471	0.00262	0.00837
132	0.00644	0.00460	0.00613	0.00736	0.00767	0.00429	0.00491	0.00736	0.01012	0.01350	0.02914	0.81076	0.03497	0.01656	0.00675	0.00215	0.00307	0.01503	0.00491	0.00429
133	0.01080	0.02601	0.70949	0.01581	0.02337	0.01239	0.09552	0.01676	0.01130	0.01676	0.00961	0.01148	0.00683	0.00496	0.00515	0.00169	0.00793	0.00415	0.00228	0.00774
134	0.01308	0.01256	0.02146	0.03245	0.78123	0.01256	0.01622	0.01622	0.01204	0.01727	0.00994	0.01308	0.00837	0.00471	0.00523	0.00157	0.00628	0.00471	0.00262	0.00837
135	0.01076	0.06269	0.75286	0.01480	0.02246	0.01266	0.01906	0.01670	0.01114	0.01655	0.00939	0.01104	0.00670	0.00500	0.00495	0.00165	0.00772	0.00386	0.00223	0.00777
136	0.01308	0.01256	0.02146	0.03245	0.78123	0.01256	0.01622	0.01622	0.01204	0.01727	0.00994	0.01308	0.00837	0.00471	0.00523	0.00157	0.00628	0.00471	0.00262	0.00837
137	0.01308	0.01256	0.02146	0.03245	0.78123	0.01256	0.01622	0.01622	0.01204	0.01727	0.00994	0.01308	0.00837	0.00471	0.00523	0.00157	0.00628	0.00471	0.00262	0.00837
138	0.00644	0.00460	0.00613	0.00736	0.00767	0.00429	0.00491	0.00736	0.01012	0.01350	0.02914	0.81076	0.03497	0.01656	0.00675	0.00215	0.00307	0.01503	0.00491	0.00429
139	0.02010	0.01481	0.01587	0.01216	0.01639	0.01639	0.01005	0.76360	0.02486	0.03332	0.01269	0.01269	0.00899	0.00635	0.00529	0.00159	0.00582	0.00476	0.00529	0.00899
140	0.01101	0.02681	0.75418	0.01494	0.02261	0.01245	0.01913	0.04836	0.01174	0.01744	0.00962	0.01123	0.00679	0.00508	0.00503	0.00167	0.00773	0.00394	0.00236	0.00786
141	0.01413	0.81739	0.02770	0.00905	0.01357	0.02092	0.00905	0.01583	0.01074	0.01244	0.00735	0.00848	0.00678	0.00452	0.00339	0.00113	0.00565	0.00283	0.00226	0.00678
142	0.01841	0.02312	0.01407	0.01283	0.01547	0.70481	0.00963	0.02010	0.03344	0.01328	0.01247	0.01340	0.07451	0.00618	0.00491	0.00141	0.00880	0.00415	0.00298	0.00604
143	0.00743	0.00536	0.00702	0.00669	0.00789	0.00495	0.00498	0.00984	0.01472	0.02080	0.73991	0.07915	0.04911	0.01110	0.00626	0.00169	0.00252	0.00984	0.00577	0.00495
144	0.01308	0.01256	0.02146	0.03245	0.78123	0.01256	0.01622	0.01622	0.01204	0.01727	0.00994	0.01308	0.00837	0.00471	0.00523	0.00157	0.00628	0.00471	0.00262	0.00837
145	0.01413	0.81739	0.02770	0.00905	0.01357	0.02092	0.00905	0.01583	0.01074	0.01244	0.00735	0.00848	0.00678	0.00452	0.00339	0.00113	0.00565	0.00283	0.00226	0.00678
146	0.00665	0.00472	0.00625	0.00740	0.00774	0.00446	0.00501	0.00760	0.01008	0.01342	0.02823	0.71345	0.03363	0.07028	0.00814	0.00237	0.00331	0.05823	0.00479	0.00425
147	0.02021	0.01463	0.01575	0.01208	0.01631	0.01613	0.00998	0.74091	0.02456	0.05643	0.01294	0.01286	0.00912	0.00635	0.00529	0.00159	0.00578	0.00478	0.00533	0.00899
148	0.11804	0.04731	0.01483	0.01140	0.03313	0.03254	0.00921	0.46545	0.01997	0.17657	0.01326	0.01300	0.00924	0.00608	0.00496	0.00158	0.00545	0.00453	0.00504	0.00843
149	0.01413	0.81739	0.02770	0.00905	0.01357	0.02092	0.00905	0.01583	0.01074	0.01244	0.00735	0.00848	0.00678	0.00452	0.00339	0.00113	0.00565	0.00283	0.00226	0.00678
150	0.00642	0.00467	0.00606	0.00718	0.00762	0.00431	0.00483	0.00738	0.01029	0.01357	0.03133	0.74239	0.10192	0.01628	0.00670	0.00211	0.00303	0.01468	0.00491	0.00431

[dist]
# distance from previous block
# <min> <max>
0	23

[block]
# block no. 4 follows, 46 sequences, length 25
# corresponding to MSA columns:
# 319-343
name=unknown_E
#
# <colnr> <probs for GDERKNQSTAVLIFYWHMCP>
#	G	D	E	R	K	N	Q	S	T	A	V	L	I	F	Y	W	H	M	C	P
0	0.01248	0.01426	0.03119	0.02228	0.02763	0.01337	0.76203	0.01693	0.01248	0.01693	0.01070	0.01426	0.00802	0.00446	0.00624	0.00178	0.00891	0.00624	0.00267	0.00713
1	0.01297	0.01245	0.02126	0.05993	0.75462	0.01253	0.01617	0.01613	0.01199	0.01714	0.00992	0.01312	0.00833	0.00473	0.00524	0.00158	0.00631	0.00471	0.00261	0.00828
2	0.00724	0.00516	0.00685	0.00727	0.00813	0.00484	0.00535	0.00896	0.01248	0.01710	0.36362	0.32851	0.05993	0.01373	0.00702	0.02914	0.00307	0.10176	0.00523	0.00461
3	0.01207	0.01039	0.01094	0.00993	0.01270	0.01176	0.00770	0.02485	0.64888	0.02108	0.05091	0.02438	0.11522	0.00809	0.00552	0.00179	0.00393	0.00676	0.00533	0.00775
4	0.01413	0.81739	0.02770	0.00905	0.01357	0.02092	0.00905	0.01583	0.01074	0.01244	0.00735	0.00848	0.00678	0.00452	0.00339	0.00113	0.00565	0.00283	0.00226	0.00678
5	0.07960	0.14635	0.51368	0.01268	0.01895	0.01317	0.01523	0.01667	0.05389	0.01706	0.04061	0.01303	0.02646	0.00547	0.00472	0.00160	0.00665	0.00416	0.00270	0.00733
6	0.00755	0.00566	0.00850	0.00850	0.00944	0.00661	0.00661	0.00944	0.00850	0.01227	0.01416	0.02077	0.01322	0.03965	0.79326	0.00850	0.01416	0.00566	0.00283	0.00472
7	0.00814	0.00592	0.00799	0.00888	0.01017	0.00577	0.00760	0.01046	0.01248	0.01627	0.11819	0.05630	0.11711	0.01403	0.00706	0.00227	0.00434	0.57718	0.00498	0.00484
8	0.01308	0.01256	0.02146	0.03245	0.78123	0.01256	0.01622	0.01622	0.01204	0.01727	0.00994	0.01308	0.00837	0.00471	0.00523	0.00157	0.00628	0.00471	0.00262	0.00837
9	0.01298	0.01245	0.02127	0.05854	0.75597	0.01253	0.01617	0.01613	0.01199	0.01714	0.00993	0.01312	0.00833	0.00473	0.00524	0.00158	0.00631	0.00471	0.00261	0.00829
10	0.00654	0.00530	0.00580	0.00582	0.00735	0.00456	0.00431	0.00810	0.01253	0.01575	0.21243	0.11378	0.55307	0.01309	0.00629	0.00179	0.00267	0.01114	0.00511	0.00456
11	0.01278	0.51397	0.31924	0.01136	0.01714	0.01760	0.01307	0.01618	0.01090	0.01409	0.00817	0.00951	0.00675	0.00471	0.00402	0.00134	0.00648	0.00324	0.00225	0.00718
12	0.03164	0.01351	0.10429	0.01109	0.01513	0.01254	0.00982	0.27683	0.22101	0.15471	0.06567	0.01765	0.02827	0.00684	0.00533	0.00167	0.00509	0.00547	0.00516	0.00829
13	0.00662	0.00523	0.00599	0.00626	0.00759	0.00460	0.00462	0.00812	0.01211	0.01535	0.16875	0.22020	0.44900	0.01373	0.00641	0.00188	0.00285	0.05108	0.00506	0.00454
14	0.00934	0.00797	0.01359	0.01120	0.01310	0.00797	0.20928	0.03517	0.01017	0.01414	0.01564	0.10389	0.01574	0.25823	0.19938	0.00439	0.00796	0.00732	0.05051	0.00502
15	0.01308	0.01256	0.02146	0.03245	0.78123	0.01256	0.01622	0.01622	0.01204	0.01727	0.00994	0.01308	0.00837	0.00471	0.00523	0.00157	0.00628	0.00471	0.00262	0.00837
16	0.01239	0.01488	0.06706	0.02194	0.02740	0.01332	0.72679	0.01692	0.01242	0.01692	0.01064	0.01411	0.00796	0.00448	0.00618	0.00178	0.00886	0.00613	0.00265	0.00716
17	0.01308	0.01256	0.02146	0.03245	0.78123	0.01256	0.01622	0.01622	0.01204	0.01727	0.00994	0.01308	0.00837	0.00471	0.00523	0.00157	0.00628	0.00471	0.00262	0.00837
18	0.01073	0.05682	0.75850	0.01484	0.02253	0.01260	0.01914	0.01671	0.01115	0.01658	0.00941	0.01106	0.00670	0.00500	0.00496	0.00165	0.00773	0.00387	0.00223	0.00777
19	0.01289	0.01345	0.05729	0.03031	0.64689	0.01266	0.11546	0.01634	0.01206	0.01720	0.01002	0.01315	0.00825	0.00469	0.00536	0.00160	0.00670	0.00488	0.00261	0.00818
20	0.01030	0.02518	0.70985	0.01424	0.02140	0.01156	0.01810	0.01607	0.01154	0.01718	0.08539	0.01396	0.01096	0.00559	0.00514	0.00167	0.00729	0.00446	0.00259	0.00753
21	0.00739	0.00596	0.00711	0.03499	0.00927	0.04693	0.00568	0.00853	0.01046	0.01361	0.04134	0.67465	0.03172	0.01647	0.04212	0.00237	0.00408	0.02822	0.00463	0.00449
22	0.00826	0.00634	0.00845	0.00887	0.00989	0.00647	0.02453	0.04398	0.04751	0.01547	0.02761	0.45528	0.06970	0.01438	0.00719	0.00216	0.04002	0.19415	0.00477	0.00499
23	0.01344	0.01232	0.01822	0.02320	0.43361	0.01301	0.04679	0.05938	0.28371	0.01982	0.01425	0.01549	0.01116	0.00566	0.00533	0.00166	0.00563	0.00523	0.00374	0.00835
24	0.00787	0.00593	0.00760	0.04921	0.00961	0.00567	0.00554	0.03565	0.01466	0.02023	0.60916	0.03881	0.14867	0.01072	0.00615	0.00168	0.00288	0.00936	0.00549	0.00510

[dist]
# distance from previous block
# <min> <max>
0	35

# created by:
# /st0/software/busco_prod/Augustus/scripts/msa2prfl.pl ./align_prep/162919.fa
