[name]
unknown

[dist]
# distance from previous block
# <min> <max>
16	112

[block]
# block no. 0 follows, 44 sequences, length 10
# corresponding to MSA columns:
# 133-142
name=unknown_A
#
# <colnr> <probs for GDERKNQSTAVLIFYWHMCP>
#	G	D	E	R	K	N	Q	S	T	A	V	L	I	F	Y	W	H	M	C	P
0	0.03145	0.01250	0.02467	0.06840	0.06381	0.01246	0.45519	0.01656	0.01202	0.07274	0.01185	0.01572	0.00928	0.02436	0.09035	0.00265	0.05996	0.00596	0.00305	0.00702
1	0.01313	0.13839	0.20136	0.01460	0.01850	0.03761	0.11288	0.08676	0.01200	0.01667	0.00928	0.01217	0.00769	0.00801	0.04172	0.00214	0.25270	0.00456	0.00274	0.00709
2	0.01608	0.06075	0.01421	0.03762	0.01499	0.23477	0.00924	0.10974	0.14810	0.07659	0.09404	0.01708	0.01472	0.00851	0.04059	0.00195	0.06146	0.00522	0.02723	0.00709
3	0.01798	0.01282	0.01407	0.01130	0.01478	0.01395	0.00912	0.55968	0.02171	0.05981	0.01590	0.07303	0.01358	0.08567	0.00784	0.00208	0.00562	0.04769	0.00525	0.00811
4	0.01558	0.01317	0.01307	0.01036	0.01424	0.09403	0.00823	0.27150	0.10504	0.02345	0.01291	0.01424	0.01015	0.03668	0.00570	0.00148	0.00533	0.00446	0.04854	0.29184
5	0.06095	0.01287	0.09533	0.03810	0.01600	0.03827	0.08624	0.13981	0.17967	0.03568	0.01467	0.07190	0.01225	0.00930	0.00847	0.15815	0.00578	0.00583	0.00397	0.00677
6	0.01269	0.01124	0.01595	0.05487	0.01658	0.01261	0.10143	0.14024	0.04177	0.01833	0.01119	0.01499	0.00953	0.03926	0.11952	0.00287	0.21972	0.00506	0.00333	0.14882
7	0.00715	0.00513	0.00648	0.00706	0.00757	0.00497	0.00472	0.00811	0.01013	0.01354	0.07856	0.40523	0.09436	0.22282	0.09520	0.00364	0.00485	0.01178	0.00445	0.00425
8	0.10080	0.05808	0.09570	0.35434	0.02633	0.01299	0.09198	0.04786	0.01162	0.04253	0.01069	0.04529	0.00864	0.00611	0.00616	0.00180	0.06447	0.00507	0.00293	0.00662
9	0.01516	0.01196	0.01632	0.01937	0.30885	0.01251	0.01157	0.19045	0.13945	0.07757	0.09493	0.01860	0.01541	0.03576	0.00637	0.00181	0.00542	0.00577	0.00447	0.00826

[dist]
# distance from previous block
# <min> <max>
0	46

[block]
# block no. 1 follows, 44 sequences, length 17
# corresponding to MSA columns:
# 229-245
name=unknown_B
#
# <colnr> <probs for GDERKNQSTAVLIFYWHMCP>
#	G	D	E	R	K	N	Q	S	T	A	V	L	I	F	Y	W	H	M	C	P
0	0.02858	0.00721	0.00947	0.00931	0.05222	0.00653	0.00677	0.01520	0.01346	0.26689	0.13294	0.14480	0.19595	0.01166	0.02461	0.00202	0.00407	0.05631	0.00553	0.00647
1	0.03530	0.00969	0.02479	0.08602	0.27099	0.00962	0.04594	0.02549	0.04240	0.05078	0.05973	0.10588	0.07116	0.02315	0.00746	0.07265	0.00531	0.02430	0.02275	0.00657
2	0.05473	0.01225	0.01405	0.01120	0.01482	0.01316	0.03994	0.38880	0.11461	0.13147	0.01613	0.04216	0.01237	0.05541	0.00673	0.00190	0.00533	0.00566	0.05108	0.00821
3	0.01229	0.03182	0.08308	0.05718	0.12208	0.01318	0.43009	0.01597	0.01182	0.01633	0.01080	0.03517	0.00886	0.00625	0.00788	0.04797	0.07358	0.00591	0.00270	0.00704
4	0.00808	0.00591	0.00859	0.05140	0.01051	0.00675	0.00659	0.00969	0.00878	0.01254	0.01461	0.02291	0.01404	0.14922	0.58016	0.03899	0.01210	0.00603	0.02851	0.00462
5	0.01217	0.01124	0.01810	0.24600	0.31469	0.01222	0.05523	0.06041	0.06193	0.01743	0.01356	0.09001	0.02302	0.00674	0.00606	0.00179	0.03272	0.00614	0.00323	0.00731
6	0.01450	0.01218	0.06546	0.01084	0.02416	0.05765	0.00896	0.06281	0.26547	0.14259	0.12338	0.02159	0.04848	0.00858	0.02833	0.00192	0.03843	0.00615	0.00501	0.05351
7	0.00799	0.00596	0.00869	0.00862	0.00951	0.00695	0.00663	0.00980	0.00877	0.01275	0.01466	0.02210	0.01388	0.09241	0.68842	0.00811	0.03661	0.00593	0.02741	0.00480
8	0.01119	0.08277	0.72781	0.01511	0.02293	0.01328	0.01939	0.01720	0.01148	0.01696	0.00963	0.01132	0.00691	0.00514	0.00506	0.00169	0.00790	0.00395	0.00230	0.00798
9	0.04936	0.46562	0.20961	0.01149	0.01658	0.11893	0.01205	0.01718	0.01162	0.01448	0.00822	0.00964	0.00694	0.00504	0.00441	0.00138	0.02462	0.00331	0.00243	0.00710
10	0.01823	0.00823	0.01096	0.00907	0.01216	0.00755	0.00724	0.04043	0.04296	0.47428	0.15882	0.08856	0.02234	0.01081	0.06020	0.00223	0.00486	0.00716	0.00612	0.00778
11	0.00848	0.00541	0.00637	0.00628	0.00674	0.00528	0.00392	0.00920	0.00983	0.03827	0.14628	0.08754	0.02574	0.54444	0.02054	0.00411	0.00449	0.00852	0.05456	0.00399
12	0.00768	0.00537	0.00632	0.00625	0.00680	0.00515	0.00400	0.00861	0.01066	0.01443	0.24540	0.06948	0.09686	0.46888	0.01868	0.00379	0.00417	0.00912	0.00433	0.00401
13	0.07535	0.03388	0.08935	0.13202	0.17925	0.11049	0.05915	0.12304	0.03034	0.01899	0.01004	0.01256	0.00793	0.00584	0.00649	0.00173	0.08845	0.00455	0.00311	0.00742
14	0.03130	0.01330	0.01981	0.06418	0.56968	0.06540	0.01496	0.04301	0.03092	0.04855	0.01157	0.01533	0.00965	0.00551	0.00541	0.00166	0.00650	0.03192	0.00312	0.00821
15	0.00949	0.00622	0.00744	0.00702	0.00874	0.00570	0.00523	0.01200	0.05467	0.10686	0.28520	0.12439	0.27287	0.06019	0.00762	0.00203	0.00320	0.01017	0.00550	0.00546
16	0.01350	0.01285	0.02130	0.03156	0.70986	0.01300	0.01604	0.01777	0.07626	0.01823	0.01127	0.01407	0.00932	0.00507	0.00541	0.00164	0.00629	0.00497	0.00294	0.00864

[dist]
# distance from previous block
# <min> <max>
0	4

[block]
# block no. 2 follows, 44 sequences, length 44
# corresponding to MSA columns:
# 250-293
name=unknown_C
#
# <colnr> <probs for GDERKNQSTAVLIFYWHMCP>
#	G	D	E	R	K	N	Q	S	T	A	V	L	I	F	Y	W	H	M	C	P
0	0.01339	0.49835	0.31338	0.01169	0.01763	0.01792	0.01340	0.01689	0.01133	0.02986	0.00869	0.00999	0.00709	0.00490	0.00418	0.00139	0.00665	0.00339	0.00241	0.00744
1	0.33331	0.01810	0.33544	0.01197	0.01753	0.01204	0.05453	0.01814	0.02771	0.10885	0.01065	0.01169	0.00758	0.00533	0.00460	0.00172	0.00617	0.00397	0.00333	0.00735
2	0.00692	0.00498	0.00657	0.00744	0.00802	0.00463	0.00514	0.00826	0.01162	0.01570	0.19025	0.60274	0.05903	0.01567	0.00684	0.00210	0.00307	0.03115	0.00526	0.00460
3	0.01091	0.00841	0.00988	0.02916	0.04715	0.06088	0.00773	0.01444	0.08654	0.07764	0.24053	0.10749	0.07043	0.01129	0.00642	0.00196	0.00439	0.19364	0.00517	0.00595
4	0.01184	0.00911	0.01025	0.04904	0.01261	0.02283	0.00730	0.17595	0.11932	0.04761	0.08433	0.15740	0.20559	0.01228	0.04716	0.00220	0.00478	0.00887	0.00506	0.00648
5	0.07432	0.00895	0.01167	0.00922	0.01295	0.00805	0.00753	0.03869	0.01528	0.60918	0.10945	0.03700	0.01789	0.00737	0.00549	0.00170	0.00436	0.00604	0.00638	0.00847
6	0.04022	0.01116	0.01654	0.31613	0.24396	0.04349	0.02381	0.05399	0.02897	0.04178	0.06408	0.04513	0.01242	0.00719	0.02679	0.00192	0.00658	0.00557	0.00328	0.00700
7	0.03008	0.10813	0.60538	0.01549	0.02282	0.01370	0.09647	0.01716	0.01156	0.01698	0.00964	0.01150	0.00704	0.00506	0.00510	0.00168	0.00786	0.00414	0.00238	0.00782
8	0.01403	0.01543	0.01639	0.01425	0.01495	0.20833	0.01158	0.01527	0.01012	0.01318	0.00747	0.01141	0.00712	0.00857	0.01466	0.00214	0.60212	0.00446	0.00249	0.00605
9	0.01152	0.01038	0.01419	0.01014	0.01508	0.00817	0.11006	0.01424	0.01152	0.01772	0.00988	0.01178	0.00810	0.00411	0.00437	0.00095	0.00475	0.00367	0.00316	0.72619
10	0.05572	0.01086	0.01162	0.00979	0.01304	0.09030	0.00775	0.02294	0.16417	0.37374	0.12308	0.04274	0.03462	0.00771	0.00553	0.00171	0.00474	0.00629	0.00576	0.00789
11	0.01405	0.01391	0.23330	0.01098	0.01518	0.00911	0.01102	0.06877	0.03209	0.22065	0.05851	0.11922	0.07085	0.00917	0.00591	0.00187	0.00535	0.08794	0.00479	0.00732
12	0.05716	0.01027	0.01212	0.01003	0.01359	0.01050	0.00805	0.06577	0.28881	0.37041	0.07687	0.02012	0.01690	0.00722	0.00548	0.00175	0.00442	0.00591	0.00603	0.00857
13	0.13757	0.00681	0.00725	0.00680	0.00866	0.00673	0.00508	0.01239	0.04393	0.08382	0.13896	0.06237	0.23756	0.12329	0.03653	0.00249	0.00396	0.00820	0.06228	0.00531
14	0.81839	0.01050	0.00817	0.00726	0.01066	0.01208	0.00598	0.01639	0.00950	0.05060	0.00807	0.00919	0.00617	0.00512	0.00345	0.00169	0.00423	0.00304	0.00349	0.00602
15	0.00742	0.00546	0.00611	0.00599	0.00752	0.00486	0.00448	0.00937	0.01331	0.01802	0.30423	0.06397	0.39105	0.01192	0.00609	0.00173	0.00267	0.01014	0.12083	0.00486
16	0.23375	0.00939	0.01073	0.00890	0.01235	0.00933	0.00718	0.03936	0.07426	0.40222	0.06731	0.07182	0.01572	0.00736	0.00511	0.00174	0.00430	0.00585	0.00558	0.00775
17	0.06602	0.00659	0.00749	0.00734	0.00894	0.00655	0.00546	0.01223	0.11713	0.01914	0.32159	0.19146	0.18585	0.01193	0.00621	0.00186	0.00308	0.01033	0.00538	0.00543
18	0.01608	0.00973	0.01152	0.00974	0.01280	0.01002	0.00771	0.10965	0.25121	0.25003	0.19712	0.04984	0.02364	0.00830	0.00577	0.00176	0.00416	0.00699	0.00599	0.00794
19	0.05152	0.01014	0.01265	0.01004	0.01402	0.00975	0.00820	0.07031	0.15826	0.56326	0.02064	0.01822	0.01357	0.00680	0.00542	0.00171	0.00464	0.00549	0.00632	0.00903
20	0.47405	0.01004	0.00975	0.00825	0.01167	0.01078	0.00671	0.04355	0.06402	0.22717	0.05740	0.01483	0.01176	0.02299	0.00485	0.00177	0.00432	0.00443	0.00465	0.00701
21	0.00710	0.00498	0.00615	0.00688	0.00717	0.00475	0.00438	0.00773	0.00964	0.01275	0.02675	0.48609	0.06980	0.30318	0.01445	0.00331	0.00391	0.01254	0.00443	0.00403
22	0.00681	0.00503	0.00621	0.00694	0.00773	0.00458	0.00479	0.00805	0.01140	0.01502	0.11552	0.51349	0.20780	0.03374	0.00720	0.00212	0.00304	0.01357	0.02241	0.00453
23	0.00804	0.00519	0.00676	0.00747	0.00815	0.00480	0.00509	0.00911	0.01099	0.06697	0.07743	0.60613	0.06454	0.08157	0.00853	0.00239	0.00339	0.01365	0.00509	0.00472
24	0.00796	0.00571	0.00765	0.00875	0.00960	0.00560	0.00689	0.00989	0.02369	0.01507	0.02889	0.33351	0.04804	0.07526	0.00878	0.00258	0.00429	0.38821	0.00492	0.00472
25	0.01054	0.00988	0.01620	0.64851	0.03353	0.01145	0.04195	0.01403	0.01104	0.01464	0.00974	0.01406	0.00743	0.00521	0.00528	0.00167	0.00686	0.00466	0.00256	0.13077
26	0.70626	0.01051	0.00891	0.03573	0.01198	0.01204	0.00656	0.01753	0.06191	0.07276	0.00958	0.01048	0.00719	0.00535	0.00373	0.00170	0.00436	0.00341	0.00371	0.00632
27	0.01130	0.00969	0.01130	0.00807	0.01292	0.00727	0.00646	0.01373	0.01130	0.01776	0.00969	0.01130	0.00807	0.00404	0.00404	0.00081	0.00404	0.00323	0.00323	0.84173
28	0.01030	0.00969	0.01635	0.79530	0.03755	0.01211	0.01514	0.01393	0.01090	0.01393	0.00969	0.01453	0.00727	0.00545	0.00545	0.00182	0.00727	0.00484	0.00242	0.00606
29	0.01030	0.00969	0.01635	0.79530	0.03755	0.01211	0.01514	0.01393	0.01090	0.01393	0.00969	0.01453	0.00727	0.00545	0.00545	0.00182	0.00727	0.00484	0.00242	0.00606
30	0.00781	0.00524	0.00598	0.00610	0.00613	0.00521	0.00347	0.00790	0.00816	0.01088	0.01836	0.10658	0.02132	0.73546	0.02583	0.00500	0.00509	0.00863	0.00347	0.00341
31	0.00669	0.00476	0.00631	0.00753	0.00783	0.00446	0.00499	0.00760	0.01034	0.01379	0.02956	0.77590	0.03545	0.04686	0.00774	0.00233	0.00324	0.01521	0.00499	0.00439
32	0.00774	0.00540	0.00672	0.00680	0.00722	0.00556	0.00446	0.00835	0.00865	0.01164	0.02015	0.08253	0.07966	0.46433	0.22452	0.03356	0.00738	0.00805	0.00343	0.00386
33	0.01045	0.00995	0.01695	0.73977	0.03641	0.01233	0.04226	0.01403	0.01089	0.01403	0.00965	0.01445	0.00730	0.00556	0.00592	0.00184	0.03478	0.00490	0.00243	0.00610
34	0.01481	0.01703	0.02000	0.04522	0.06028	0.27950	0.20327	0.01720	0.01230	0.01457	0.00937	0.01276	0.00793	0.00868	0.06246	0.00229	0.19830	0.00485	0.00268	0.00652
35	0.01356	0.01171	0.01233	0.01109	0.01418	0.01356	0.00863	0.02897	0.76455	0.02281	0.02219	0.02034	0.01664	0.00740	0.00555	0.00185	0.00431	0.00616	0.00555	0.00863
36	0.00706	0.00505	0.00614	0.00678	0.00723	0.00474	0.00440	0.00783	0.01010	0.01327	0.05666	0.43808	0.12845	0.26293	0.01335	0.00310	0.00375	0.01241	0.00455	0.00413
37	0.78794	0.01053	0.00830	0.00737	0.01067	0.01216	0.00603	0.04359	0.00982	0.02433	0.00786	0.00927	0.00615	0.00558	0.00405	0.02964	0.00430	0.00309	0.00342	0.00591
38	0.01047	0.01004	0.01744	0.74196	0.03692	0.01223	0.06621	0.01417	0.01104	0.01417	0.00978	0.01455	0.00734	0.00539	0.00552	0.00182	0.00740	0.00495	0.00245	0.00615
39	0.00747	0.00509	0.00608	0.00653	0.00665	0.00498	0.00393	0.00781	0.00882	0.01176	0.02177	0.30989	0.02561	0.52629	0.02034	0.00419	0.00453	0.01063	0.00393	0.00370
40	0.01242	0.01334	0.02730	0.08987	0.17165	0.01292	0.50222	0.01650	0.01265	0.01731	0.04014	0.03516	0.01059	0.00528	0.00616	0.00180	0.00810	0.00635	0.00290	0.00733
41	0.01910	0.01473	0.01543	0.01225	0.01629	0.03535	0.00997	0.57364	0.19227	0.03123	0.01503	0.01465	0.01088	0.00671	0.00546	0.00168	0.00571	0.00516	0.00541	0.00905
42	0.01080	0.02745	0.75528	0.01528	0.02309	0.01240	0.01966	0.01695	0.01148	0.01716	0.01044	0.03702	0.00784	0.00556	0.00524	0.00174	0.00790	0.00440	0.00239	0.00794
43	0.01143	0.02517	0.62639	0.01879	0.14792	0.01275	0.04749	0.01718	0.01171	0.01736	0.00991	0.01196	0.00724	0.00510	0.00526	0.00171	0.00784	0.00426	0.00238	0.00813

[dist]
# distance from previous block
# <min> <max>
0	15

[block]
# block no. 3 follows, 44 sequences, length 87
# corresponding to MSA columns:
# 309-395
name=unknown_D
#
# <colnr> <probs for GDERKNQSTAVLIFYWHMCP>
#	G	D	E	R	K	N	Q	S	T	A	V	L	I	F	Y	W	H	M	C	P
0	0.02079	0.15672	0.04511	0.01075	0.01520	0.01100	0.06446	0.02319	0.01442	0.53089	0.04025	0.01688	0.01281	0.00628	0.00521	0.00161	0.00526	0.00516	0.00546	0.00855
1	0.01067	0.01036	0.01907	0.13841	0.13032	0.01033	0.25732	0.02509	0.01217	0.01626	0.01902	0.17357	0.06604	0.00881	0.00632	0.00194	0.00647	0.07790	0.00355	0.00640
2	0.00778	0.00551	0.00692	0.00725	0.00778	0.00556	0.00486	0.03215	0.00997	0.01344	0.04736	0.32175	0.04997	0.30754	0.14304	0.00436	0.00588	0.01051	0.00411	0.00428
3	0.04348	0.01061	0.01023	0.00923	0.01158	0.12502	0.00706	0.06405	0.10689	0.12967	0.21049	0.13705	0.09278	0.00978	0.00586	0.00176	0.00456	0.00820	0.00523	0.00649
4	0.01305	0.16233	0.05315	0.25685	0.33312	0.01454	0.01463	0.05968	0.01245	0.01666	0.00973	0.01281	0.00788	0.00511	0.00505	0.00160	0.00663	0.00446	0.00269	0.00756
5	0.02218	0.00920	0.01214	0.00955	0.01346	0.00825	0.00781	0.02542	0.07967	0.65423	0.05430	0.02086	0.04261	0.00724	0.00556	0.00171	0.00446	0.00594	0.00655	0.00888
6	0.01162	0.08136	0.70370	0.01492	0.02262	0.01312	0.01901	0.01750	0.01161	0.04162	0.01001	0.01155	0.00713	0.00520	0.00507	0.00169	0.00779	0.00400	0.00245	0.00802
7	0.01381	0.01412	0.04938	0.02587	0.46530	0.06521	0.09794	0.07081	0.04646	0.01858	0.01240	0.07223	0.01085	0.00603	0.00560	0.00169	0.00669	0.00576	0.00320	0.00805
8	0.04742	0.01744	0.01579	0.06749	0.05074	0.28973	0.03489	0.24531	0.01682	0.02069	0.01060	0.01291	0.00851	0.03571	0.00705	0.00176	0.07513	0.00449	0.03038	0.00715
9	0.00762	0.00548	0.00728	0.00751	0.00856	0.00514	0.00567	0.00979	0.01380	0.01913	0.48243	0.22662	0.04474	0.01315	0.00672	0.00195	0.00308	0.12072	0.00563	0.00495
10	0.01328	0.01325	0.01881	0.05280	0.42554	0.09799	0.06552	0.01738	0.08219	0.01731	0.01526	0.02063	0.04845	0.00665	0.00570	0.00174	0.00654	0.08001	0.00332	0.00763
11	0.01160	0.09466	0.60570	0.01483	0.02183	0.01321	0.04806	0.01702	0.01161	0.03599	0.02076	0.01348	0.00848	0.00567	0.00559	0.00173	0.03327	0.02618	0.00257	0.00777
12	0.00706	0.00509	0.00683	0.00777	0.00829	0.00499	0.00546	0.00823	0.01026	0.01372	0.02772	0.55225	0.05836	0.07190	0.12568	0.00341	0.00515	0.06874	0.00462	0.00447
13	0.08899	0.08350	0.03981	0.04122	0.13065	0.31023	0.01132	0.11129	0.06533	0.01832	0.01010	0.01162	0.00811	0.00577	0.00544	0.00157	0.04214	0.00408	0.00327	0.00724
14	0.00964	0.01010	0.07440	0.01241	0.01509	0.00877	0.17906	0.01420	0.12487	0.01669	0.03494	0.34312	0.04815	0.01145	0.00651	0.00204	0.00524	0.07283	0.00440	0.00608
15	0.02041	0.01511	0.01618	0.01248	0.01679	0.01676	0.01029	0.72430	0.05807	0.03385	0.01349	0.01341	0.00959	0.00658	0.00546	0.00165	0.00593	0.00496	0.00546	0.00924
16	0.02340	0.00564	0.00701	0.00668	0.00807	0.00518	0.00501	0.00995	0.01473	0.02063	0.62962	0.06214	0.15862	0.01159	0.00639	0.00175	0.00265	0.01013	0.00579	0.00506
17	0.03385	0.43703	0.19032	0.01323	0.03733	0.02972	0.11239	0.01744	0.03929	0.03001	0.00941	0.01091	0.00765	0.00494	0.00444	0.00144	0.00673	0.00386	0.00263	0.00738
18	0.00979	0.00925	0.04328	0.01254	0.10509	0.05414	0.04223	0.06292	0.01227	0.01614	0.02388	0.51059	0.04092	0.01299	0.00644	0.00201	0.00467	0.02071	0.00444	0.00570
19	0.00814	0.00595	0.00792	0.00902	0.00997	0.00593	0.00711	0.01081	0.06112	0.01567	0.02895	0.39054	0.03250	0.01546	0.00714	0.00233	0.00414	0.36722	0.00507	0.00499
20	0.01334	0.01280	0.02185	0.07039	0.73868	0.01291	0.01665	0.01660	0.01234	0.01762	0.01023	0.01354	0.00857	0.00489	0.00540	0.00163	0.00652	0.00486	0.00269	0.00851
21	0.01499	0.01591	0.02106	0.02874	0.57641	0.18406	0.04549	0.01788	0.01310	0.01681	0.00988	0.01273	0.00826	0.00501	0.00533	0.00158	0.00733	0.00462	0.00273	0.00807
22	0.01160	0.17084	0.64332	0.01441	0.02185	0.01428	0.01817	0.01709	0.01143	0.01646	0.00938	0.01101	0.00692	0.00509	0.00487	0.00162	0.00765	0.00383	0.00231	0.00786
23	0.06257	0.01464	0.01549	0.01211	0.01628	0.01630	0.00994	0.63822	0.10587	0.03258	0.01380	0.01367	0.00991	0.00656	0.00536	0.00166	0.00572	0.00495	0.00536	0.00903
24	0.04837	0.01256	0.04374	0.11726	0.50890	0.01249	0.01476	0.04962	0.04446	0.03776	0.02950	0.01541	0.03006	0.00556	0.00537	0.00167	0.00618	0.00511	0.00316	0.00806
25	0.01364	0.01380	0.01914	0.02689	0.54810	0.12562	0.01433	0.01642	0.01231	0.01638	0.01064	0.01415	0.00915	0.01039	0.12290	0.00266	0.00819	0.00481	0.00275	0.00773
26	0.00782	0.00593	0.00736	0.00820	0.00906	0.00594	0.00581	0.01107	0.12413	0.01545	0.02984	0.60463	0.06379	0.01535	0.00676	0.00216	0.00345	0.06301	0.00513	0.00511
27	0.00695	0.00663	0.06552	0.00796	0.00905	0.00508	0.00611	0.00836	0.01075	0.01427	0.03145	0.65571	0.12027	0.01578	0.00676	0.00213	0.00349	0.01415	0.00485	0.00473
28	0.01162	0.14165	0.46613	0.01553	0.05291	0.01362	0.10352	0.01690	0.03929	0.01662	0.01145	0.06580	0.00949	0.00591	0.00522	0.00169	0.00732	0.00504	0.00268	0.00761
29	0.01100	0.01041	0.01762	0.62822	0.19915	0.01230	0.01549	0.01454	0.01123	0.01478	0.00981	0.01431	0.00757	0.00532	0.00544	0.00177	0.00709	0.00485	0.00248	0.00662
30	0.01941	0.00926	0.01171	0.00947	0.01299	0.00876	0.00765	0.06161	0.12997	0.48264	0.12879	0.02323	0.05391	0.00778	0.00567	0.00172	0.00428	0.00645	0.00631	0.00838
31	0.14301	0.01101	0.01289	0.01157	0.07174	0.03027	0.00861	0.15943	0.04764	0.34162	0.08163	0.02806	0.01475	0.00683	0.00525	0.00168	0.00489	0.00544	0.00546	0.00820
32	0.00708	0.00509	0.00660	0.00727	0.00784	0.00494	0.00497	0.00806	0.01018	0.01356	0.05712	0.45373	0.11264	0.12262	0.12193	0.03038	0.00506	0.01212	0.00448	0.00433
33	0.26899	0.00965	0.01127	0.00895	0.01291	0.00927	0.00739	0.02343	0.01372	0.55408	0.01737	0.01567	0.01124	0.00625	0.00486	0.00169	0.00451	0.00473	0.00574	0.00827
34	0.02698	0.02698	0.71621	0.01587	0.02367	0.01273	0.06823	0.01725	0.01156	0.01742	0.00982	0.01167	0.00698	0.00514	0.00523	0.00173	0.00806	0.00417	0.00235	0.00797
35	0.01456	0.03825	0.16601	0.02372	0.39167	0.06470	0.03913	0.12895	0.04518	0.01996	0.01091	0.01300	0.00857	0.00531	0.00532	0.00163	0.00691	0.00467	0.00315	0.00838
36	0.01392	0.45825	0.25130	0.01162	0.01689	0.01761	0.01269	0.01701	0.01128	0.06457	0.00912	0.01048	0.00741	0.00536	0.00532	0.00147	0.07213	0.00357	0.00262	0.00738
37	0.00790	0.00563	0.00769	0.00889	0.00972	0.00550	0.00707	0.00968	0.01151	0.01511	0.02882	0.35464	0.03272	0.05068	0.00819	0.00251	0.00430	0.41977	0.00496	0.00471
38	0.01217	0.01186	0.02075	0.04368	0.33495	0.01194	0.20134	0.03459	0.06141	0.01755	0.01586	0.11537	0.04981	0.00716	0.00638	0.00181	0.03559	0.00700	0.00336	0.00743
39	0.06558	0.00971	0.01419	0.51050	0.02800	0.03457	0.01238	0.03226	0.01109	0.01536	0.04139	0.01596	0.01000	0.01064	0.11035	0.00273	0.04557	0.00502	0.01876	0.00592
40	0.79276	0.01046	0.00832	0.00734	0.01077	0.01195	0.00604	0.01672	0.00969	0.07409	0.00851	0.00949	0.00640	0.00517	0.00351	0.00169	0.00425	0.00312	0.00360	0.00613
41	0.01121	0.01124	0.03311	0.16175	0.02152	0.01252	0.20667	0.04482	0.01127	0.01561	0.01316	0.11631	0.01259	0.00996	0.04675	0.00238	0.22100	0.03879	0.00310	0.00624
42	0.04332	0.02544	0.01386	0.01193	0.03460	0.04662	0.00924	0.21167	0.44653	0.06932	0.01826	0.01723	0.01348	0.00688	0.00539	0.00175	0.00507	0.00551	0.00528	0.00862
43	0.01356	0.27808	0.24991	0.06846	0.17688	0.06278	0.02605	0.01714	0.01188	0.03468	0.00939	0.01135	0.00751	0.00502	0.00471	0.00151	0.00699	0.00393	0.00255	0.00761
44	0.00665	0.00484	0.00623	0.00733	0.00780	0.00447	0.00492	0.00762	0.01058	0.01392	0.03236	0.70647	0.11277	0.03686	0.00743	0.00225	0.00317	0.01489	0.00502	0.00442
45	0.01007	0.00876	0.01424	0.34389	0.12770	0.00974	0.02938	0.01314	0.01176	0.01544	0.01788	0.06532	0.01777	0.00946	0.00631	0.00207	0.00618	0.28135	0.00356	0.00598
46	0.10814	0.17540	0.01669	0.01125	0.01482	0.27797	0.00921	0.17793	0.01612	0.07221	0.06227	0.01293	0.01086	0.00602	0.00473	0.00148	0.00675	0.00420	0.00384	0.00717
47	0.01891	0.01041	0.01234	0.01008	0.01364	0.01061	0.00812	0.13693	0.23152	0.35707	0.06090	0.01955	0.01584	0.00712	0.00544	0.00170	0.00450	0.00580	0.06094	0.00859
48	0.79276	0.01046	0.00832	0.00734	0.01077	0.01195	0.00604	0.01672	0.00969	0.07409	0.00851	0.00949	0.00640	0.00517	0.00351	0.00169	0.00425	0.00312	0.00360	0.00613
49	0.06547	0.01573	0.01707	0.07670	0.24343	0.18479	0.01227	0.18456	0.04946	0.05266	0.01118	0.01286	0.00867	0.00583	0.00566	0.00164	0.03601	0.00454	0.00365	0.00784
50	0.01278	0.05926	0.14316	0.05211	0.02655	0.03899	0.52762	0.01724	0.01243	0.01678	0.01040	0.01366	0.00788	0.00490	0.00634	0.00179	0.03246	0.00567	0.00264	0.00731
51	0.00670	0.00555	0.00580	0.00586	0.00749	0.00479	0.00429	0.00826	0.02400	0.01494	0.08511	0.10963	0.63385	0.05022	0.00744	0.00202	0.00292	0.01149	0.00503	0.00462
52	0.01278	0.01366	0.02730	0.13780	0.06658	0.01387	0.51125	0.04896	0.01273	0.01733	0.01056	0.01431	0.00809	0.00524	0.00715	0.00186	0.07463	0.00591	0.00279	0.00719
53	0.07016	0.01268	0.01710	0.29136	0.04462	0.01456	0.06488	0.32895	0.01707	0.02359	0.01096	0.01338	0.00813	0.00605	0.00610	0.00176	0.05242	0.00486	0.00380	0.00756
54	0.00675	0.00485	0.00642	0.00748	0.00792	0.00451	0.00506	0.00788	0.01101	0.01478	0.11001	0.71099	0.04930	0.01639	0.00689	0.00215	0.00309	0.01483	0.00516	0.00451
55	0.03159	0.00991	0.01154	0.00931	0.01273	0.03742	0.00752	0.15212	0.01680	0.38601	0.12728	0.02525	0.13174	0.00831	0.00570	0.00169	0.00450	0.00677	0.00596	0.00784
56	0.07857	0.01489	0.01896	0.10699	0.46523	0.15299	0.01431	0.05259	0.01319	0.01789	0.00980	0.01257	0.00802	0.00515	0.00516	0.00161	0.00697	0.00447	0.00287	0.00777
57	0.05566	0.06710	0.01666	0.01214	0.01636	0.01659	0.02401	0.58210	0.10389	0.03093	0.01343	0.01343	0.00975	0.00641	0.00526	0.00163	0.00579	0.00486	0.00512	0.00887
58	0.00964	0.00642	0.00776	0.00728	0.00911	0.00594	0.00557	0.03169	0.04582	0.09860	0.33550	0.10361	0.25884	0.01185	0.00636	0.00183	0.00316	0.03978	0.00565	0.00561
59	0.00877	0.03116	0.01109	0.04182	0.01183	0.00891	0.02159	0.01065	0.00891	0.01279	0.01319	0.01986	0.01241	0.06262	0.58147	0.00711	0.12223	0.00565	0.00282	0.00512
60	0.01347	0.01301	0.02243	0.03315	0.75202	0.01298	0.03887	0.01675	0.01243	0.01780	0.01028	0.01353	0.00862	0.00485	0.00543	0.00163	0.00656	0.00490	0.00270	0.00860
61	0.01317	0.00774	0.00953	0.00827	0.01073	0.00741	0.00651	0.06498	0.08777	0.20980	0.35723	0.03339	0.12201	0.00981	0.00608	0.00175	0.00357	0.02757	0.00597	0.00671
62	0.04626	0.05944	0.71698	0.01493	0.02265	0.01301	0.01910	0.01717	0.01140	0.01739	0.00960	0.01129	0.00687	0.00515	0.00503	0.00170	0.00780	0.00394	0.00235	0.00792
63	0.03981	0.01338	0.01399	0.01112	0.01500	0.06601	0.00903	0.38976	0.08789	0.19413	0.01556	0.01509	0.01093	0.00649	0.00523	0.00160	0.00547	0.00497	0.06384	0.03070
64	0.01313	0.01607	0.16006	0.07550	0.10017	0.01357	0.29305	0.07591	0.15814	0.01953	0.01294	0.01495	0.00968	0.00548	0.00579	0.00178	0.00739	0.00556	0.00339	0.00791
65	0.02288	0.00893	0.01214	0.00943	0.01337	0.00774	0.00774	0.02503	0.01559	0.70668	0.09240	0.02065	0.01708	0.00716	0.00557	0.00169	0.00444	0.00590	0.00668	0.00889
66	0.03246	0.01062	0.04519	0.07098	0.04051	0.00975	0.00930	0.05222	0.12979	0.45989	0.04919	0.01934	0.03172	0.00692	0.00550	0.00172	0.00492	0.00570	0.00574	0.00854
67	0.20042	0.60643	0.02358	0.03456	0.01399	0.01917	0.00875	0.01618	0.01067	0.01546	0.00765	0.00896	0.00676	0.00478	0.00353	0.00130	0.00552	0.00299	0.00257	0.00672
68	0.00677	0.00481	0.00634	0.00746	0.00779	0.00451	0.00495	0.00771	0.01045	0.01398	0.05583	0.72676	0.03554	0.06897	0.00831	0.00240	0.00328	0.01480	0.00498	0.00438
69	0.00851	0.00613	0.00843	0.00953	0.01077	0.00604	0.00818	0.01091	0.01263	0.01648	0.07646	0.09383	0.06619	0.01485	0.00739	0.00242	0.00468	0.62651	0.00509	0.00498
70	0.01406	0.68786	0.10020	0.01023	0.01494	0.02042	0.01053	0.01622	0.01095	0.01327	0.00777	0.00920	0.00700	0.00501	0.00453	0.00129	0.05401	0.00313	0.00233	0.00704
71	0.28917	0.12811	0.04263	0.16176	0.05213	0.01267	0.02888	0.04750	0.01154	0.03931	0.06724	0.05337	0.01214	0.02649	0.00520	0.00175	0.00536	0.00495	0.00341	0.00638
72	0.00664	0.00474	0.00633	0.00759	0.00791	0.00443	0.00506	0.00759	0.01044	0.01392	0.03005	0.80485	0.03606	0.01708	0.00696	0.00221	0.00316	0.01550	0.00506	0.00443
73	0.01030	0.00969	0.01635	0.79530	0.03755	0.01211	0.01514	0.01393	0.01090	0.01393	0.00969	0.01453	0.00727	0.00545	0.00545	0.00182	0.00727	0.00484	0.00242	0.00606
74	0.01197	0.07434	0.32912	0.01389	0.01919	0.01259	0.11438	0.01881	0.16490	0.04243	0.06161	0.01712	0.03240	0.00787	0.04142	0.00206	0.01940	0.00541	0.00350	0.00759
75	0.00662	0.00549	0.00581	0.00604	0.00760	0.00474	0.00441	0.00818	0.02640	0.01472	0.04957	0.20213	0.61072	0.01434	0.00653	0.00192	0.00287	0.01220	0.00507	0.00464
76	0.01241	0.01034	0.01190	0.00860	0.01339	0.00840	0.00692	0.10074	0.01298	0.01971	0.01009	0.01151	0.00822	0.00433	0.00420	0.00090	0.00427	0.00343	0.00349	0.74417
77	0.61686	0.01171	0.00969	0.00850	0.01189	0.04111	0.00689	0.08493	0.12462	0.02470	0.01031	0.01100	0.00786	0.00557	0.00394	0.00170	0.00460	0.00363	0.00387	0.00663
78	0.04445	0.00972	0.01601	0.76312	0.03645	0.01212	0.01476	0.01401	0.01083	0.01436	0.00960	0.01430	0.00721	0.00543	0.00537	0.00181	0.00714	0.00477	0.00246	0.00605
79	0.01230	0.20726	0.42073	0.01509	0.02157	0.01500	0.14588	0.01789	0.06349	0.01665	0.01034	0.01204	0.00784	0.00511	0.00503	0.00162	0.00748	0.00434	0.00261	0.00773
80	0.02345	0.01050	0.01336	0.01028	0.01450	0.00987	0.00848	0.16712	0.03744	0.61488	0.01991	0.01755	0.01277	0.00673	0.00548	0.00168	0.00489	0.00539	0.00647	0.00926
81	0.00663	0.00481	0.00626	0.00741	0.00786	0.00444	0.00498	0.00761	0.01061	0.01399	0.03221	0.74033	0.09918	0.01680	0.00691	0.00218	0.00313	0.01516	0.00506	0.00444
82	0.01342	0.01604	0.19548	0.08511	0.44466	0.01252	0.06254	0.01740	0.01235	0.07239	0.01097	0.01356	0.00846	0.00510	0.00542	0.00168	0.00693	0.00481	0.00288	0.00827
83	0.00664	0.00474	0.00633	0.00759	0.00791	0.00443	0.00506	0.00759	0.01044	0.01392	0.03005	0.80485	0.03606	0.01708	0.00696	0.00221	0.00316	0.01550	0.00506	0.00443
84	0.01030	0.00969	0.01635	0.79530	0.03755	0.01211	0.01514	0.01393	0.01090	0.01393	0.00969	0.01453	0.00727	0.00545	0.00545	0.00182	0.00727	0.00484	0.00242	0.00606
85	0.04979	0.00943	0.01237	0.00960	0.01361	0.00849	0.00790	0.06889	0.01599	0.65937	0.06993	0.01937	0.01549	0.00697	0.00547	0.00169	0.00457	0.00565	0.00651	0.00890
86	0.01108	0.04299	0.73490	0.01572	0.02361	0.01288	0.04992	0.01725	0.01156	0.01719	0.00979	0.01159	0.00696	0.00515	0.00520	0.00172	0.00806	0.00410	0.00232	0.00801

[dist]
# distance from previous block
# <min> <max>
1	23

[block]
# block no. 4 follows, 44 sequences, length 22
# corresponding to MSA columns:
# 420-441
name=unknown_E
#
# <colnr> <probs for GDERKNQSTAVLIFYWHMCP>
#	G	D	E	R	K	N	Q	S	T	A	V	L	I	F	Y	W	H	M	C	P
0	0.02446	0.00928	0.01265	0.00970	0.01392	0.00801	0.00801	0.02657	0.01560	0.77817	0.02151	0.01856	0.01350	0.00675	0.00548	0.00169	0.00464	0.00548	0.00675	0.00928
1	0.03779	0.01490	0.01574	0.01218	0.01645	0.03416	0.01001	0.64805	0.04883	0.06548	0.01345	0.01336	0.00955	0.00646	0.00537	0.00162	0.00589	0.00486	0.00535	0.03053
2	0.00863	0.00617	0.00859	0.00974	0.01096	0.00613	0.00840	0.01109	0.01266	0.01659	0.07834	0.08801	0.03289	0.01488	0.00744	0.00245	0.00479	0.66215	0.00509	0.00501
3	0.01995	0.00949	0.01198	0.00982	0.01340	0.00911	0.00788	0.02542	0.20733	0.50916	0.05445	0.06399	0.01720	0.00768	0.00562	0.00176	0.00438	0.00641	0.00631	0.00866
4	0.01958	0.01381	0.01501	0.01172	0.01567	0.01514	0.00958	0.61099	0.05979	0.07366	0.01407	0.01425	0.01010	0.00714	0.00609	0.03896	0.00562	0.00500	0.04510	0.00873
5	0.01229	0.18329	0.10815	0.01108	0.01409	0.07283	0.04495	0.05090	0.03166	0.04099	0.04887	0.20885	0.01737	0.04822	0.00768	0.00194	0.07952	0.00735	0.00366	0.00633
6	0.00766	0.00511	0.00684	0.00775	0.00839	0.00476	0.00541	0.00890	0.01126	0.04877	0.09947	0.65628	0.03624	0.01595	0.00688	0.00216	0.00328	0.05496	0.00522	0.00474
7	0.01268	0.01212	0.02065	0.22824	0.58600	0.01274	0.01632	0.01601	0.01203	0.01682	0.01011	0.01376	0.00829	0.00501	0.00541	0.00167	0.00668	0.00485	0.00263	0.00798
8	0.02769	0.03584	0.06714	0.12567	0.08671	0.10979	0.37321	0.04142	0.04609	0.01726	0.01080	0.01375	0.00826	0.00509	0.00576	0.00173	0.00824	0.00539	0.00290	0.00728
9	0.01272	0.01488	0.06552	0.04380	0.10720	0.01375	0.58240	0.01705	0.01247	0.01717	0.01065	0.01427	0.00816	0.00493	0.00684	0.00184	0.05020	0.00602	0.00270	0.00742
10	0.01062	0.01002	0.01694	0.71767	0.11263	0.01220	0.01530	0.01421	0.01106	0.01432	0.00975	0.01443	0.00741	0.00539	0.00545	0.00180	0.00719	0.00485	0.00245	0.00632
11	0.01435	0.01138	0.01272	0.05889	0.05715	0.05658	0.00899	0.18258	0.19156	0.07244	0.05731	0.05968	0.08489	0.00960	0.04172	0.00207	0.02654	0.00657	0.03757	0.00739
12	0.07168	0.01016	0.07683	0.00951	0.01287	0.00851	0.00827	0.08291	0.01480	0.32657	0.16651	0.08620	0.02175	0.01029	0.04941	0.00215	0.00507	0.02363	0.00549	0.00740
13	0.00692	0.00502	0.00660	0.00772	0.00830	0.00469	0.00546	0.00814	0.01099	0.01449	0.05117	0.63259	0.09361	0.01642	0.00698	0.00221	0.00335	0.10575	0.00508	0.00453
14	0.01596	0.41668	0.12237	0.01226	0.01698	0.19420	0.06687	0.01846	0.01257	0.06481	0.00925	0.01045	0.00752	0.00508	0.00439	0.00138	0.00721	0.00363	0.00276	0.00716
15	0.01325	0.01572	0.13481	0.07330	0.56526	0.05080	0.03436	0.01691	0.01235	0.01728	0.01008	0.01311	0.00821	0.00497	0.00537	0.00164	0.00699	0.00470	0.00263	0.00826
16	0.01093	0.01046	0.01785	0.62138	0.13975	0.01250	0.04638	0.01444	0.01108	0.01459	0.00971	0.01428	0.00750	0.00551	0.00603	0.00181	0.04195	0.00491	0.00247	0.00647
17	0.00799	0.00617	0.00727	0.00788	0.05888	0.00540	0.00536	0.00968	0.01293	0.05336	0.15395	0.08235	0.54387	0.01263	0.00635	0.00182	0.00309	0.01072	0.00512	0.00517
18	0.01101	0.00906	0.00960	0.02356	0.01171	0.09402	0.00773	0.03777	0.07492	0.05121	0.13236	0.12808	0.07797	0.02863	0.00701	0.00212	0.00485	0.27771	0.00497	0.00569
19	0.04189	0.01254	0.02108	0.14955	0.56793	0.01298	0.05520	0.04175	0.01255	0.01799	0.01021	0.01355	0.00833	0.00500	0.00539	0.00166	0.00665	0.00488	0.00278	0.00809
20	0.00678	0.00553	0.00603	0.00623	0.00785	0.00479	0.00474	0.00831	0.01248	0.01531	0.10055	0.11524	0.58843	0.01402	0.00659	0.00193	0.00300	0.08240	0.00512	0.00467
21	0.02052	0.01501	0.01577	0.01229	0.01649	0.04727	0.01007	0.62203	0.07363	0.08977	0.01415	0.01386	0.00999	0.00658	0.00544	0.00164	0.00594	0.00498	0.00545	0.00911

[dist]
# distance from previous block
# <min> <max>
0	1

[block]
# block no. 5 follows, 44 sequences, length 6
# corresponding to MSA columns:
# 443-448
name=unknown_F
#
# <colnr> <probs for GDERKNQSTAVLIFYWHMCP>
#	G	D	E	R	K	N	Q	S	T	A	V	L	I	F	Y	W	H	M	C	P
0	0.01243	0.17696	0.51676	0.01487	0.02180	0.01475	0.08756	0.06286	0.01243	0.01749	0.00968	0.01138	0.00720	0.00511	0.00499	0.00162	0.00761	0.00410	0.00255	0.00786
1	0.00749	0.00555	0.00768	0.00839	0.00895	0.00585	0.00616	0.00885	0.01002	0.01365	0.02417	0.43525	0.02750	0.06625	0.21288	0.00414	0.04058	0.09774	0.00428	0.00462
2	0.84691	0.01054	0.00801	0.00717	0.01054	0.01223	0.00590	0.01603	0.00928	0.02446	0.00759	0.00886	0.00590	0.00506	0.00337	0.00169	0.00422	0.00295	0.00337	0.00590
3	0.00720	0.00549	0.00660	0.00645	0.00786	0.00490	0.00479	0.00924	0.01402	0.01880	0.46866	0.10063	0.30055	0.01250	0.00647	0.00180	0.00268	0.01084	0.00561	0.00490
4	0.09291	0.01053	0.01260	0.13848	0.01737	0.00993	0.00847	0.11901	0.01328	0.05955	0.01058	0.01223	0.00818	0.00486	0.00448	0.00122	0.00489	0.00382	0.00361	0.46399
5	0.00739	0.00549	0.00689	0.00669	0.00798	0.00498	0.00496	0.00960	0.01444	0.01987	0.57661	0.11339	0.17721	0.01216	0.00648	0.00178	0.00266	0.01067	0.00575	0.00498

[dist]
# distance from previous block
# <min> <max>
0	0

# created by:
# /st0/software/busco_prod/Augustus/scripts/msa2prfl.pl ./align_prep/163003.fa
