[name]
unknown

[dist]
# distance from previous block
# <min> <max>
19	83

[block]
# block no. 0 follows, 46 sequences, length 6
# corresponding to MSA columns:
# 128-133
name=unknown_A
#
# <colnr> <probs for GDERKNQSTAVLIFYWHMCP>
#	G	D	E	R	K	N	Q	S	T	A	V	L	I	F	Y	W	H	M	C	P
0	0.04866	0.00800	0.01069	0.20975	0.01660	0.00876	0.00821	0.04936	0.05376	0.06926	0.04195	0.14338	0.01637	0.14773	0.05858	0.00274	0.03250	0.00698	0.00375	0.06296
1	0.05976	0.00945	0.01342	0.27926	0.13196	0.01052	0.01055	0.05310	0.05024	0.05949	0.01363	0.01819	0.03848	0.11520	0.00855	0.00213	0.04183	0.00528	0.03884	0.04011
2	0.04890	0.00919	0.04010	0.07709	0.03518	0.04812	0.03256	0.08228	0.01215	0.05382	0.09221	0.13143	0.06056	0.21198	0.01093	0.00258	0.00501	0.00759	0.03289	0.00543
3	0.01409	0.01323	0.08051	0.16241	0.06232	0.06631	0.02619	0.15424	0.09323	0.07484	0.01291	0.04000	0.01028	0.03666	0.00632	0.00172	0.02973	0.00502	0.00375	0.10623
4	0.01183	0.00904	0.01247	0.18089	0.10982	0.00956	0.00955	0.08942	0.09880	0.08142	0.05081	0.21340	0.03982	0.00882	0.00565	0.00176	0.00483	0.00776	0.00426	0.05008
5	0.06960	0.01005	0.01263	0.01211	0.08474	0.01078	0.02895	0.11267	0.17052	0.12013	0.07590	0.11440	0.01720	0.03684	0.00715	0.00188	0.06934	0.00666	0.00463	0.03381

[dist]
# distance from previous block
# <min> <max>
1	2

[block]
# block no. 1 follows, 46 sequences, length 10
# corresponding to MSA columns:
# 136-145
name=unknown_B
#
# <colnr> <probs for GDERKNQSTAVLIFYWHMCP>
#	G	D	E	R	K	N	Q	S	T	A	V	L	I	F	Y	W	H	M	C	P
0	0.06650	0.01048	0.03543	0.36969	0.09638	0.01093	0.01181	0.07476	0.01254	0.14219	0.01164	0.01394	0.00846	0.00538	0.00498	0.00159	0.00588	0.00452	0.02473	0.08816
1	0.01902	0.01068	0.05775	0.14671	0.01816	0.00941	0.00970	0.08714	0.01457	0.46584	0.01638	0.01577	0.01080	0.00596	0.00515	0.00157	0.00519	0.00487	0.00513	0.09020
2	0.06456	0.01193	0.08737	0.01024	0.01403	0.01090	0.00893	0.10603	0.26701	0.24995	0.06558	0.01942	0.04636	0.00703	0.00528	0.00169	0.00465	0.00569	0.00529	0.00805
3	0.00854	0.00649	0.00761	0.00736	0.00862	0.00648	0.00536	0.09753	0.01279	0.01690	0.15625	0.26073	0.22500	0.11205	0.00929	0.00228	0.03645	0.01056	0.00479	0.00494
4	0.16227	0.35178	0.10291	0.00930	0.01369	0.01489	0.00902	0.07510	0.01160	0.01737	0.00972	0.06104	0.00873	0.00548	0.00399	0.00133	0.00521	0.00394	0.00298	0.12965
5	0.16541	0.16027	0.25736	0.04897	0.01716	0.06323	0.01184	0.01858	0.05767	0.13650	0.01113	0.01184	0.00813	0.00532	0.00448	0.00156	0.00610	0.00388	0.00332	0.00727
6	0.01073	0.03592	0.01355	0.16116	0.17532	0.03659	0.02798	0.01339	0.02733	0.05277	0.11963	0.15643	0.07704	0.00842	0.00558	0.00167	0.00497	0.00750	0.00383	0.06018
7	0.06428	0.27898	0.25754	0.01165	0.01688	0.08591	0.01224	0.11883	0.01343	0.08024	0.00991	0.01076	0.00751	0.00520	0.00443	0.00145	0.00651	0.00368	0.00311	0.00746
8	0.01275	0.03297	0.08485	0.08598	0.22902	0.06202	0.32249	0.01689	0.03597	0.01655	0.01034	0.01329	0.00807	0.00476	0.00552	0.00163	0.00758	0.00513	0.00269	0.04149
9	0.01386	0.18077	0.14300	0.01149	0.02940	0.15899	0.04343	0.05242	0.05793	0.06689	0.01681	0.03031	0.10646	0.05848	0.00634	0.00175	0.00629	0.00530	0.00342	0.00666

[dist]
# distance from previous block
# <min> <max>
6	21

[block]
# block no. 2 follows, 46 sequences, length 53
# corresponding to MSA columns:
# 167-219
name=unknown_C
#
# <colnr> <probs for GDERKNQSTAVLIFYWHMCP>
#	G	D	E	R	K	N	Q	S	T	A	V	L	I	F	Y	W	H	M	C	P
0	0.03118	0.01345	0.12176	0.04057	0.10310	0.01113	0.26919	0.04227	0.05981	0.07169	0.01589	0.08259	0.05803	0.00650	0.00565	0.00171	0.00648	0.00639	0.00349	0.04913
1	0.01291	0.05684	0.08298	0.02894	0.01415	0.00910	0.03232	0.06245	0.04024	0.13004	0.07852	0.08107	0.02757	0.00653	0.00490	0.00135	0.00461	0.00550	0.00408	0.31589
2	0.01623	0.08971	0.10999	0.01428	0.07647	0.31888	0.03527	0.16414	0.01532	0.01788	0.01131	0.08487	0.00999	0.00643	0.00505	0.00153	0.00738	0.00495	0.00332	0.00699
3	0.01336	0.01417	0.11601	0.14260	0.20091	0.01272	0.13758	0.17971	0.01440	0.01984	0.01107	0.03722	0.00882	0.00569	0.00561	0.01459	0.00668	0.00510	0.00321	0.05071
4	0.11635	0.13496	0.42355	0.01379	0.06934	0.01295	0.02715	0.01754	0.01140	0.11134	0.01037	0.01148	0.00751	0.00509	0.00464	0.00158	0.00656	0.00389	0.00293	0.00758
5	0.00761	0.00558	0.00716	0.00677	0.00806	0.00523	0.00507	0.01044	0.03988	0.02083	0.71297	0.05893	0.06964	0.01091	0.00622	0.00168	0.00257	0.00963	0.00575	0.00507
6	0.01324	0.03606	0.45548	0.02934	0.01890	0.01101	0.01450	0.01901	0.09018	0.16875	0.07947	0.01584	0.01267	0.00604	0.00519	0.00167	0.00627	0.00488	0.00372	0.00780
7	0.01119	0.06107	0.63166	0.08743	0.04885	0.01250	0.01813	0.01666	0.01124	0.03973	0.00974	0.01158	0.00698	0.00506	0.00499	0.00165	0.00749	0.00400	0.00239	0.00764
8	0.07194	0.01479	0.01534	0.01188	0.01601	0.03601	0.00978	0.69793	0.02361	0.03220	0.01224	0.01236	0.00873	0.00623	0.00515	0.00158	0.00580	0.00461	0.00510	0.00871
9	0.00737	0.00540	0.00691	0.00653	0.00783	0.00494	0.00490	0.00976	0.01470	0.02057	0.71212	0.04053	0.11660	0.01104	0.00624	0.00167	0.00251	0.00971	0.00574	0.00494
10	0.01290	0.01365	0.10251	0.14326	0.41823	0.04585	0.03608	0.03742	0.01225	0.05497	0.01165	0.06618	0.00993	0.00578	0.00533	0.00165	0.00647	0.00533	0.00297	0.00758
11	0.00734	0.00534	0.00691	0.00674	0.00792	0.00492	0.00503	0.00960	0.01422	0.01985	0.63715	0.11745	0.09215	0.01165	0.00632	0.00174	0.00263	0.03251	0.00564	0.00488
12	0.00644	0.00460	0.00613	0.00736	0.00767	0.00429	0.00491	0.00736	0.01012	0.01350	0.02914	0.81076	0.03497	0.01656	0.00675	0.00215	0.00307	0.01503	0.00491	0.00429
13	0.01308	0.01256	0.02146	0.03245	0.78123	0.01256	0.01622	0.01622	0.01204	0.01727	0.00994	0.01308	0.00837	0.00471	0.00523	0.00157	0.00628	0.00471	0.00262	0.00837
14	0.01733	0.08188	0.08373	0.02756	0.08696	0.30973	0.01084	0.02169	0.13824	0.15184	0.01285	0.01317	0.00959	0.00574	0.00493	0.00152	0.00696	0.00431	0.00374	0.00741
15	0.02372	0.00900	0.01227	0.00941	0.01350	0.00777	0.00777	0.02576	0.01513	0.78489	0.02086	0.01799	0.01309	0.00654	0.00532	0.00164	0.00450	0.00532	0.00654	0.00900
16	0.02372	0.00900	0.01227	0.00941	0.01350	0.00777	0.00777	0.02576	0.01513	0.78489	0.02086	0.01799	0.01309	0.00654	0.00532	0.00164	0.00450	0.00532	0.00654	0.00900
17	0.01298	0.01246	0.02127	0.05798	0.75650	0.01253	0.01617	0.01613	0.01199	0.01715	0.00993	0.01312	0.00833	0.00473	0.00524	0.00158	0.00631	0.00471	0.00261	0.00829
18	0.01361	0.01159	0.01221	0.01085	0.01392	0.01337	0.00848	0.07700	0.72202	0.02286	0.02093	0.01926	0.01566	0.00712	0.00537	0.00178	0.00429	0.00590	0.00537	0.00841
19	0.01019	0.00961	0.01623	0.75037	0.08594	0.01180	0.01478	0.01369	0.01067	0.01376	0.00943	0.01403	0.00714	0.00525	0.00528	0.00175	0.00700	0.00470	0.00237	0.00604
20	0.01270	0.01207	0.02058	0.10261	0.69365	0.01229	0.01580	0.01574	0.01178	0.01673	0.00987	0.01325	0.00827	0.00510	0.00562	0.02233	0.00631	0.00471	0.00258	0.00799
21	0.00738	0.00540	0.00692	0.00654	0.00783	0.00494	0.00490	0.00977	0.01471	0.02060	0.71559	0.04048	0.11311	0.01103	0.00624	0.00167	0.00251	0.00970	0.00574	0.00494
22	0.01509	0.03321	0.03816	0.00875	0.01330	0.00824	0.00739	0.05294	0.01289	0.23841	0.02438	0.01343	0.00996	0.00495	0.00444	0.00112	0.00433	0.00395	0.00420	0.50086
23	0.07667	0.00962	0.02562	0.01036	0.04796	0.00857	0.00814	0.04016	0.03966	0.59564	0.03510	0.03097	0.01332	0.00654	0.00518	0.00163	0.00455	0.00532	0.00588	0.02912
24	0.02684	0.11548	0.27648	0.01278	0.06412	0.03144	0.01240	0.08200	0.05339	0.10561	0.01139	0.01220	0.00844	0.00515	0.00467	0.00142	0.00598	0.00400	0.00338	0.16285
25	0.01173	0.04147	0.67170	0.01526	0.04387	0.01218	0.04089	0.01735	0.01150	0.07093	0.01030	0.01174	0.00724	0.00509	0.00505	0.00166	0.00752	0.00408	0.00256	0.00787
26	0.00687	0.00535	0.00625	0.00609	0.00754	0.00472	0.00454	0.00877	0.01343	0.01771	0.41549	0.07718	0.38263	0.01223	0.00626	0.00174	0.00260	0.01052	0.00536	0.00472
27	0.00729	0.00505	0.00644	0.00734	0.00785	0.00486	0.00502	0.03211	0.01059	0.01445	0.02689	0.64632	0.03138	0.06846	0.00785	0.00227	0.00332	0.04403	0.06404	0.00444
28	0.02156	0.03612	0.01471	0.01089	0.01508	0.01227	0.02106	0.36880	0.01948	0.39935	0.01648	0.01518	0.01091	0.00636	0.00526	0.00160	0.00522	0.00500	0.00577	0.00890
29	0.02372	0.00900	0.01227	0.00941	0.01350	0.00777	0.00777	0.02576	0.01513	0.78489	0.02086	0.01799	0.01309	0.00654	0.00532	0.00164	0.00450	0.00532	0.00654	0.00900
30	0.00688	0.00479	0.00600	0.00679	0.00699	0.00459	0.00430	0.00748	0.00926	0.01234	0.02470	0.53506	0.02937	0.29989	0.01391	0.00320	0.00380	0.01242	0.00430	0.00391
31	0.03485	0.01249	0.03014	0.12073	0.06028	0.01311	0.01050	0.39949	0.01888	0.19737	0.01380	0.01425	0.00964	0.00721	0.03141	0.00185	0.00600	0.00485	0.00484	0.00830
32	0.01122	0.00813	0.03368	0.01090	0.10469	0.00744	0.00753	0.03362	0.07945	0.12282	0.38272	0.05466	0.07409	0.00947	0.00636	0.03016	0.00372	0.00789	0.00516	0.00628
33	0.00636	0.00522	0.00562	0.00592	0.00738	0.00448	0.00435	0.00765	0.01165	0.01417	0.04760	0.20966	0.59864	0.01409	0.00639	0.00188	0.00283	0.03674	0.00491	0.00444
34	0.01127	0.02335	0.57991	0.01977	0.22789	0.01235	0.01864	0.01660	0.01140	0.01689	0.00961	0.01168	0.00715	0.00494	0.00508	0.00165	0.00740	0.00412	0.00234	0.00796
35	0.01305	0.01264	0.02107	0.06894	0.73189	0.02647	0.01604	0.01618	0.01202	0.01701	0.00989	0.01307	0.00828	0.00475	0.00523	0.00158	0.00638	0.00469	0.00261	0.00821
36	0.08168	0.00981	0.03572	0.00949	0.01364	0.00845	0.00805	0.04628	0.01486	0.68575	0.01932	0.01697	0.01225	0.00638	0.00516	0.00164	0.00461	0.00508	0.00614	0.00873
37	0.01313	0.01283	0.02084	0.08287	0.70275	0.04205	0.01589	0.01623	0.01205	0.01686	0.00984	0.01302	0.00823	0.00478	0.00522	0.00157	0.00645	0.00466	0.00260	0.00812
38	0.00829	0.00538	0.00670	0.00684	0.00800	0.00486	0.00487	0.00969	0.01190	0.08532	0.19923	0.34570	0.19860	0.07002	0.00782	0.00212	0.00313	0.01156	0.00514	0.00484
39	0.01453	0.72321	0.04943	0.00963	0.01410	0.08926	0.00947	0.01633	0.01113	0.01261	0.00749	0.00865	0.00678	0.00462	0.00356	0.00117	0.00606	0.00291	0.00230	0.00676
40	0.01224	0.01027	0.01200	0.06485	0.01480	0.00938	0.00762	0.10450	0.12463	0.01951	0.01165	0.01284	0.00923	0.00537	0.01752	0.00122	0.00457	0.00390	0.00366	0.55024
41	0.01966	0.01459	0.01562	0.01208	0.01623	0.01619	0.00994	0.71757	0.07159	0.03262	0.01324	0.01313	0.00944	0.00640	0.00529	0.00160	0.00572	0.00484	0.00529	0.00895
42	0.26044	0.06963	0.01413	0.05011	0.06994	0.10069	0.03426	0.07535	0.13021	0.08179	0.01158	0.01242	0.00880	0.00563	0.00490	0.00160	0.03109	0.00414	0.00374	0.02953
43	0.00768	0.00516	0.00596	0.00596	0.00603	0.00523	0.00344	0.00781	0.00774	0.01039	0.01648	0.03362	0.01880	0.75950	0.08104	0.00536	0.00576	0.00754	0.00318	0.00331
44	0.00807	0.00505	0.00644	0.00704	0.00758	0.00476	0.00466	0.00891	0.00993	0.06742	0.02518	0.54333	0.02895	0.20537	0.01134	0.00279	0.00364	0.01225	0.03290	0.00439
45	0.03723	0.14374	0.51060	0.01363	0.02012	0.04684	0.02854	0.10809	0.01289	0.01817	0.00946	0.01085	0.00699	0.00511	0.00477	0.00157	0.00723	0.00384	0.00267	0.00766
46	0.01232	0.01064	0.01116	0.01011	0.01295	0.01211	0.00785	0.02563	0.68054	0.02117	0.02536	0.02346	0.10767	0.00792	0.00548	0.00179	0.00400	0.00660	0.00532	0.00790
47	0.00643	0.00465	0.00608	0.00722	0.00763	0.00431	0.00484	0.00738	0.01026	0.01355	0.03086	0.75709	0.08752	0.01634	0.00671	0.00212	0.00304	0.01476	0.00491	0.00431
48	0.85155	0.01022	0.00777	0.00695	0.01022	0.01186	0.00573	0.01554	0.00900	0.02372	0.00736	0.00859	0.00573	0.00491	0.00327	0.00164	0.00409	0.00286	0.00327	0.00573
49	0.85155	0.01022	0.00777	0.00695	0.01022	0.01186	0.00573	0.01554	0.00900	0.02372	0.00736	0.00859	0.00573	0.00491	0.00327	0.00164	0.00409	0.00286	0.00327	0.00573
50	0.01582	0.01320	0.01370	0.01214	0.04758	0.06374	0.00923	0.26549	0.39446	0.03738	0.01696	0.02893	0.01283	0.00671	0.00527	0.00165	0.00513	0.00539	0.00499	0.03940
51	0.01232	0.05019	0.45540	0.04091	0.19254	0.01280	0.03364	0.07921	0.01260	0.03433	0.01070	0.01251	0.01889	0.00520	0.00509	0.00163	0.00708	0.00433	0.00272	0.00791
52	0.07538	0.01450	0.01533	0.01182	0.01598	0.01609	0.00976	0.71386	0.02380	0.03268	0.01234	0.01242	0.00877	0.00625	0.00515	0.00159	0.00570	0.00463	0.00515	0.00877

[dist]
# distance from previous block
# <min> <max>
0	1

[block]
# block no. 3 follows, 46 sequences, length 13
# corresponding to MSA columns:
# 221-233
name=unknown_D
#
# <colnr> <probs for GDERKNQSTAVLIFYWHMCP>
#	G	D	E	R	K	N	Q	S	T	A	V	L	I	F	Y	W	H	M	C	P
0	0.01090	0.01240	0.14068	0.00904	0.01426	0.00792	0.00848	0.01388	0.01100	0.01715	0.00941	0.01100	0.00764	0.00410	0.00410	0.00093	0.00457	0.00326	0.00298	0.70630
1	0.71101	0.01009	0.00830	0.00710	0.01061	0.01105	0.00582	0.01517	0.00933	0.02263	0.00770	0.00898	0.00608	0.00474	0.00338	0.00149	0.00406	0.00291	0.00325	0.14630
2	0.01048	0.01021	0.01581	0.76110	0.03538	0.05181	0.01445	0.01390	0.01080	0.01348	0.00933	0.01386	0.00704	0.00529	0.00526	0.00174	0.00717	0.00463	0.00237	0.00589
3	0.01260	0.01028	0.01078	0.00978	0.01248	0.01177	0.00759	0.02545	0.64451	0.02171	0.02080	0.01972	0.01571	0.00700	0.00510	0.00170	0.00390	0.00580	0.14552	0.00779
4	0.00924	0.00462	0.00671	0.00671	0.00682	0.00462	0.00451	0.00736	0.00726	0.01011	0.00989	0.01639	0.00957	0.01729	0.01917	0.77184	0.00440	0.00462	0.07632	0.00253
5	0.00843	0.00603	0.00839	0.00946	0.01068	0.00599	0.00821	0.01087	0.01242	0.01629	0.09403	0.05786	0.03214	0.01427	0.00721	0.00237	0.00466	0.68088	0.00495	0.00488
6	0.00644	0.00460	0.00613	0.00736	0.00767	0.00429	0.00491	0.00736	0.01012	0.01350	0.02914	0.81076	0.03497	0.01656	0.00675	0.00215	0.00307	0.01503	0.00491	0.00429
7	0.00658	0.00537	0.00582	0.00571	0.00735	0.00461	0.00428	0.00824	0.01284	0.01617	0.25125	0.04777	0.58021	0.01268	0.00624	0.00175	0.00263	0.01072	0.00516	0.00461
8	0.00769	0.00513	0.00577	0.00577	0.00577	0.00513	0.00320	0.00769	0.00769	0.01025	0.01666	0.03460	0.01922	0.81421	0.02691	0.00513	0.00513	0.00769	0.00320	0.00320
9	0.01315	0.01136	0.01195	0.01076	0.01375	0.01315	0.00837	0.02809	0.77168	0.02211	0.02152	0.01972	0.01614	0.00717	0.00538	0.00179	0.00418	0.00598	0.00538	0.00837
10	0.02194	0.01001	0.01270	0.00985	0.01380	0.00945	0.00809	0.16468	0.04227	0.58258	0.05370	0.01802	0.01408	0.00672	0.00535	0.00163	0.00465	0.00543	0.00623	0.00879
11	0.19019	0.06036	0.34480	0.01642	0.10570	0.01289	0.16433	0.01642	0.01104	0.01810	0.00922	0.01131	0.00695	0.00482	0.00483	0.00165	0.00696	0.00419	0.00259	0.00724
12	0.18130	0.01190	0.01700	0.02295	0.47599	0.03614	0.01254	0.01784	0.01204	0.14676	0.01120	0.01290	0.00859	0.00508	0.00484	0.00159	0.00565	0.00440	0.00341	0.00788

[dist]
# distance from previous block
# <min> <max>
0	9

[block]
# block no. 4 follows, 46 sequences, length 19
# corresponding to MSA columns:
# 247-265
name=unknown_E
#
# <colnr> <probs for GDERKNQSTAVLIFYWHMCP>
#	G	D	E	R	K	N	Q	S	T	A	V	L	I	F	Y	W	H	M	C	P
0	0.24212	0.01180	0.03296	0.15162	0.25481	0.03844	0.09977	0.01537	0.01131	0.01850	0.06671	0.01398	0.01040	0.00532	0.00488	0.00165	0.00598	0.00468	0.00299	0.00674
1	0.10654	0.00703	0.06486	0.00786	0.00911	0.00588	0.00610	0.00916	0.01010	0.01505	0.04560	0.59636	0.02891	0.03440	0.02555	0.00226	0.00384	0.01220	0.00445	0.00473
2	0.22355	0.06126	0.23063	0.01746	0.23114	0.06930	0.02833	0.03409	0.02670	0.01863	0.00921	0.01106	0.00721	0.00497	0.00457	0.00159	0.00636	0.00388	0.00278	0.00729
3	0.35066	0.03529	0.01546	0.11458	0.23197	0.01286	0.05619	0.09193	0.01193	0.02087	0.00909	0.01130	0.00714	0.00501	0.00446	0.00162	0.00559	0.00401	0.00311	0.00694
4	0.85155	0.01022	0.00777	0.00695	0.01022	0.01186	0.00573	0.01554	0.00900	0.02372	0.00736	0.00859	0.00573	0.00491	0.00327	0.00164	0.00409	0.00286	0.00327	0.00573
5	0.01262	0.01129	0.01725	0.42879	0.10657	0.01293	0.07518	0.14448	0.10312	0.01859	0.01156	0.01443	0.00867	0.00556	0.00537	0.00172	0.00657	0.00499	0.00327	0.00706
6	0.00755	0.00566	0.00850	0.00850	0.00944	0.00661	0.00661	0.00944	0.00850	0.01227	0.01416	0.02077	0.01322	0.03965	0.79326	0.00850	0.01416	0.00566	0.00283	0.00472
7	0.00769	0.00513	0.00577	0.00577	0.00577	0.00513	0.00320	0.00769	0.00769	0.01025	0.01666	0.03460	0.01922	0.81421	0.02691	0.00513	0.00513	0.00769	0.00320	0.00320
8	0.01096	0.00940	0.01096	0.00783	0.01253	0.00705	0.00626	0.01331	0.01096	0.01723	0.00940	0.01096	0.00783	0.00392	0.00392	0.00078	0.00392	0.00313	0.00313	0.84653
9	0.00681	0.00508	0.00612	0.00643	0.00736	0.00462	0.00448	0.00816	0.01165	0.01538	0.23344	0.30448	0.24257	0.10825	0.00885	0.00227	0.00305	0.01164	0.00495	0.00440
10	0.01315	0.01136	0.01195	0.01076	0.01375	0.01315	0.00837	0.02809	0.77168	0.02211	0.02152	0.01972	0.01614	0.00717	0.00538	0.00179	0.00418	0.00598	0.00538	0.00837
11	0.02372	0.00900	0.01227	0.00941	0.01350	0.00777	0.00777	0.02576	0.01513	0.78489	0.02086	0.01799	0.01309	0.00654	0.00532	0.00164	0.00450	0.00532	0.00654	0.00900
12	0.00724	0.00539	0.00673	0.00640	0.00775	0.00488	0.00480	0.00951	0.01439	0.01984	0.63595	0.04173	0.19323	0.01132	0.00624	0.00169	0.00253	0.00987	0.00564	0.00488
13	0.01248	0.01426	0.03119	0.02228	0.02763	0.01337	0.76203	0.01693	0.01248	0.01693	0.01070	0.01426	0.00802	0.00446	0.00624	0.00178	0.00891	0.00624	0.00267	0.00713
14	0.01101	0.01115	0.01760	0.65058	0.03387	0.07044	0.10251	0.01448	0.01113	0.01387	0.00946	0.01377	0.00714	0.00520	0.00536	0.00173	0.00745	0.00478	0.00242	0.00604
15	0.00767	0.00519	0.00609	0.00609	0.00620	0.00530	0.00360	0.00789	0.00778	0.01049	0.01636	0.03296	0.01851	0.72284	0.11731	0.00552	0.00619	0.00745	0.00316	0.00338
16	0.01480	0.72394	0.02620	0.00959	0.01390	0.11200	0.00918	0.01645	0.01124	0.01250	0.00745	0.00860	0.00679	0.00463	0.00355	0.00116	0.00611	0.00289	0.00232	0.00671
17	0.02293	0.00917	0.01224	0.00951	0.01351	0.00817	0.00781	0.02594	0.07178	0.72777	0.02091	0.01812	0.01331	0.00659	0.00532	0.00165	0.00447	0.00537	0.00646	0.00895
18	0.02048	0.00983	0.03840	0.00968	0.01354	0.00871	0.00812	0.02495	0.14746	0.58087	0.06442	0.01931	0.01553	0.00685	0.00537	0.00167	0.00444	0.00563	0.00615	0.00861

[dist]
# distance from previous block
# <min> <max>
0	7

[block]
# block no. 5 follows, 46 sequences, length 26
# corresponding to MSA columns:
# 273-298
name=unknown_F
#
# <colnr> <probs for GDERKNQSTAVLIFYWHMCP>
#	G	D	E	R	K	N	Q	S	T	A	V	L	I	F	Y	W	H	M	C	P
0	0.38999	0.00977	0.01024	0.00845	0.01207	0.01010	0.00692	0.02145	0.08458	0.37442	0.01493	0.01399	0.01011	0.00588	0.00442	0.00165	0.00429	0.00429	0.00498	0.00749
1	0.01271	0.01246	0.02218	0.07608	0.61435	0.01247	0.11961	0.01604	0.01201	0.01697	0.01044	0.01440	0.00876	0.00494	0.00542	0.00163	0.00666	0.02224	0.00266	0.00797
2	0.01112	0.01005	0.01589	0.68330	0.05336	0.01225	0.01410	0.08555	0.03388	0.01574	0.01007	0.01410	0.00753	0.00543	0.00529	0.00174	0.00683	0.00474	0.00272	0.00631
3	0.00627	0.00527	0.00544	0.00558	0.00720	0.00444	0.00412	0.00756	0.01183	0.01419	0.05076	0.13775	0.69402	0.01375	0.00631	0.00183	0.00272	0.01160	0.00491	0.00444
4	0.01078	0.02610	0.71474	0.01576	0.02333	0.01238	0.09036	0.01676	0.01129	0.01676	0.00960	0.01146	0.00682	0.00497	0.00514	0.00168	0.00792	0.00413	0.00227	0.00775
5	0.01975	0.02520	0.01498	0.01362	0.01634	0.79299	0.01021	0.02111	0.01498	0.01294	0.00817	0.00953	0.00681	0.00545	0.00477	0.00136	0.00953	0.00340	0.00272	0.00613
6	0.85155	0.01022	0.00777	0.00695	0.01022	0.01186	0.00573	0.01554	0.00900	0.02372	0.00736	0.00859	0.00573	0.00491	0.00327	0.00164	0.00409	0.00286	0.00327	0.00573
7	0.00750	0.00540	0.00677	0.00654	0.00786	0.00488	0.00486	0.00963	0.01397	0.03560	0.55718	0.11470	0.18197	0.01174	0.00627	0.00173	0.00263	0.01029	0.00558	0.00491
8	0.00757	0.00557	0.00804	0.00804	0.00883	0.00636	0.00604	0.00915	0.00836	0.01194	0.01458	0.02307	0.01422	0.16874	0.66554	0.00793	0.01265	0.00600	0.00289	0.00447
9	0.00653	0.00464	0.00611	0.00725	0.00754	0.00435	0.00479	0.00738	0.00995	0.01327	0.02828	0.75730	0.03388	0.07150	0.00814	0.00235	0.00321	0.01452	0.00479	0.00422
10	0.75534	0.01013	0.00869	0.09779	0.01322	0.01185	0.00675	0.01531	0.00918	0.02255	0.00759	0.00922	0.00588	0.00495	0.00350	0.00165	0.00443	0.00307	0.00317	0.00574
11	0.02988	0.01032	0.01409	0.01012	0.01487	0.00840	0.11983	0.03795	0.01159	0.01784	0.00965	0.01146	0.00785	0.00410	0.00429	0.00098	0.00473	0.00364	0.00314	0.67527
12	0.00688	0.00505	0.00604	0.00658	0.00759	0.00450	0.00461	0.00806	0.01121	0.03321	0.08208	0.44376	0.31560	0.03061	0.00689	0.00203	0.00296	0.01286	0.00497	0.00449
13	0.85155	0.01022	0.00777	0.00695	0.01022	0.01186	0.00573	0.01554	0.00900	0.02372	0.00736	0.00859	0.00573	0.00491	0.00327	0.00164	0.00409	0.00286	0.00327	0.00573
14	0.01318	0.00968	0.01032	0.00882	0.01090	0.09751	0.04947	0.12262	0.01359	0.08770	0.08778	0.02159	0.01616	0.15288	0.03078	0.01624	0.00515	0.00579	0.23404	0.00579
15	0.00644	0.00460	0.00613	0.00736	0.00767	0.00429	0.00491	0.00736	0.01012	0.01350	0.02914	0.81076	0.03497	0.01656	0.00675	0.00215	0.00307	0.01503	0.00491	0.00429
16	0.01340	0.01295	0.08602	0.01119	0.01471	0.01306	0.00948	0.05329	0.65471	0.03984	0.02004	0.01861	0.01491	0.00692	0.00534	0.00177	0.00460	0.00572	0.00510	0.00835
17	0.00769	0.00513	0.00577	0.00577	0.00577	0.00513	0.00320	0.00769	0.00769	0.01025	0.01666	0.03460	0.01922	0.81421	0.02691	0.00513	0.00513	0.00769	0.00320	0.00320
18	0.01149	0.02388	0.62444	0.01423	0.02100	0.01216	0.01740	0.10157	0.01282	0.01855	0.01162	0.01596	0.00922	0.00609	0.00527	0.00174	0.00730	0.07476	0.00283	0.00767
19	0.85155	0.01022	0.00777	0.00695	0.01022	0.01186	0.00573	0.01554	0.00900	0.02372	0.00736	0.00859	0.00573	0.00491	0.00327	0.00164	0.00409	0.00286	0.00327	0.00573
20	0.01095	0.01050	0.01679	0.58129	0.19172	0.03322	0.01450	0.01428	0.01102	0.01446	0.00948	0.01361	0.00736	0.00511	0.00520	0.00167	0.00681	0.00459	0.00245	0.04501
21	0.00718	0.00491	0.00592	0.00642	0.00654	0.00479	0.00390	0.00755	0.00868	0.01158	0.02175	0.35144	0.02565	0.48859	0.01868	0.00391	0.00429	0.01068	0.00390	0.00365
22	0.02002	0.01514	0.01707	0.01538	0.10459	0.01618	0.01118	0.59494	0.05998	0.03140	0.01513	0.04413	0.01190	0.00775	0.00611	0.00195	0.00628	0.00576	0.00553	0.00958
23	0.00901	0.00465	0.00676	0.00676	0.00676	0.00465	0.00443	0.00698	0.00698	0.00930	0.01004	0.01819	0.01033	0.10935	0.02138	0.75004	0.00465	0.00495	0.00240	0.00240
24	0.01366	0.01480	0.10801	0.02747	0.58126	0.03538	0.01565	0.08800	0.03135	0.01873	0.01038	0.01288	0.00838	0.00498	0.00520	0.00158	0.00646	0.00462	0.00290	0.00830
25	0.01536	0.03338	0.01918	0.02447	0.45919	0.27763	0.02823	0.01838	0.04470	0.01590	0.00979	0.01208	0.00813	0.00505	0.00506	0.00150	0.00734	0.00431	0.00276	0.00755

[dist]
# distance from previous block
# <min> <max>
0	1

[block]
# block no. 6 follows, 46 sequences, length 27
# corresponding to MSA columns:
# 300-326
name=unknown_G
#
# <colnr> <probs for GDERKNQSTAVLIFYWHMCP>
#	G	D	E	R	K	N	Q	S	T	A	V	L	I	F	Y	W	H	M	C	P
0	0.01140	0.01137	0.01672	0.59980	0.16053	0.08295	0.01454	0.01466	0.01122	0.01409	0.00938	0.01351	0.00725	0.00520	0.00523	0.00169	0.00714	0.00458	0.00243	0.00632
1	0.00773	0.00678	0.00867	0.01083	0.15508	0.00612	0.00665	0.00951	0.01214	0.01516	0.06572	0.04385	0.56433	0.01173	0.00612	0.00178	0.00349	0.05456	0.00450	0.00525
2	0.00644	0.00460	0.00613	0.00736	0.00767	0.00429	0.00491	0.00736	0.01012	0.01350	0.02914	0.81076	0.03497	0.01656	0.00675	0.00215	0.00307	0.01503	0.00491	0.00429
3	0.02166	0.00960	0.01227	0.00953	0.01327	0.00895	0.00773	0.14556	0.01605	0.59073	0.01913	0.01863	0.01297	0.07998	0.00728	0.00195	0.00477	0.00544	0.00603	0.00847
4	0.00769	0.00513	0.00577	0.00577	0.00577	0.00513	0.00320	0.00769	0.00769	0.01025	0.01666	0.03460	0.01922	0.81421	0.02691	0.00513	0.00513	0.00769	0.00320	0.00320
5	0.00685	0.00537	0.00603	0.00592	0.00734	0.00474	0.00436	0.00845	0.01255	0.01614	0.28222	0.04581	0.44987	0.09253	0.00833	0.00210	0.00292	0.02892	0.00503	0.00452
6	0.00767	0.00515	0.00590	0.00585	0.00598	0.00511	0.00338	0.00792	0.00841	0.01134	0.09270	0.03508	0.02228	0.73401	0.02484	0.00478	0.00486	0.00787	0.00346	0.00338
7	0.01196	0.09827	0.60309	0.01523	0.05867	0.09101	0.01749	0.01707	0.01155	0.01600	0.00918	0.01085	0.00680	0.00500	0.00486	0.00159	0.00771	0.00380	0.00230	0.00758
8	0.01317	0.01183	0.01562	0.28461	0.03589	0.08997	0.09894	0.17075	0.01416	0.01875	0.01182	0.03031	0.00935	0.00804	0.05769	0.00207	0.00707	0.00506	0.10839	0.00651
9	0.00652	0.00506	0.00593	0.00636	0.00747	0.00448	0.00452	0.00787	0.01173	0.01504	0.15626	0.35316	0.36820	0.01426	0.00645	0.00191	0.00281	0.01246	0.00505	0.00448
10	0.01246	0.01237	0.01585	0.57537	0.04617	0.12871	0.01354	0.08290	0.01249	0.01528	0.00946	0.01320	0.00721	0.00550	0.00553	0.00170	0.02883	0.00451	0.00268	0.00624
11	0.00661	0.00525	0.00578	0.00586	0.00721	0.00459	0.00422	0.00798	0.01191	0.01500	0.17078	0.14113	0.49391	0.08618	0.00819	0.00211	0.00292	0.01105	0.00491	0.00442
12	0.01302	0.01236	0.02037	0.04900	0.68649	0.01260	0.01540	0.01734	0.08784	0.01766	0.01109	0.01377	0.00912	0.00497	0.00525	0.00160	0.00609	0.00484	0.00289	0.00831
13	0.00702	0.00533	0.00642	0.00626	0.00758	0.00478	0.00462	0.00896	0.01348	0.01813	0.47251	0.09541	0.28115	0.03645	0.00690	0.00184	0.00267	0.01039	0.00539	0.00472
14	0.85155	0.01022	0.00777	0.00695	0.01022	0.01186	0.00573	0.01554	0.00900	0.02372	0.00736	0.00859	0.00573	0.00491	0.00327	0.00164	0.00409	0.00286	0.00327	0.00573
15	0.01176	0.00980	0.01167	0.08055	0.01484	0.00862	0.00743	0.11293	0.02643	0.01885	0.01243	0.04901	0.03537	0.00531	0.00446	0.00109	0.00438	0.00435	0.00353	0.57720
16	0.00702	0.00490	0.00623	0.00688	0.00714	0.00483	0.00444	0.00769	0.00905	0.01217	0.02300	0.44295	0.02693	0.31581	0.09277	0.00389	0.00494	0.01136	0.00407	0.00393
17	0.32105	0.09781	0.03002	0.01259	0.08505	0.29204	0.03330	0.01762	0.01181	0.01756	0.00810	0.00964	0.00663	0.00500	0.00415	0.00146	0.00662	0.00336	0.00287	0.03332
18	0.01200	0.00983	0.01139	0.00822	0.01286	0.00782	0.00661	0.07459	0.01219	0.03607	0.00993	0.01126	0.00804	0.00417	0.00406	0.00087	0.00408	0.00331	0.00339	0.75931
19	0.00680	0.00482	0.00601	0.00676	0.00712	0.00456	0.00438	0.00755	0.00976	0.01293	0.05281	0.52025	0.08363	0.23286	0.01217	0.00291	0.00358	0.01258	0.00448	0.00403
20	0.01183	0.10210	0.35690	0.09552	0.04070	0.03812	0.24799	0.01651	0.01161	0.01593	0.00960	0.01213	0.00719	0.00483	0.00526	0.00165	0.00788	0.00460	0.00241	0.00726
21	0.00646	0.00533	0.00546	0.00545	0.00700	0.00456	0.00395	0.00768	0.01162	0.01403	0.07317	0.04854	0.66329	0.10983	0.00874	0.00218	0.00297	0.01069	0.00473	0.00433
22	0.16621	0.01360	0.01442	0.07759	0.09290	0.08648	0.00996	0.33404	0.01734	0.09433	0.01142	0.01225	0.00832	0.00570	0.00483	0.00157	0.00582	0.00428	0.00423	0.03473
23	0.00650	0.00483	0.00591	0.00674	0.00738	0.00440	0.00455	0.00744	0.01039	0.01342	0.03409	0.56079	0.21591	0.08142	0.00828	0.00230	0.00314	0.01348	0.00477	0.00425
24	0.59346	0.01177	0.01117	0.01206	0.14126	0.05080	0.00811	0.08397	0.01125	0.02297	0.00832	0.00977	0.00652	0.00503	0.00386	0.00161	0.00488	0.00337	0.00332	0.00649
25	0.30741	0.01240	0.01851	0.01831	0.21472	0.02646	0.21953	0.04549	0.03692	0.03813	0.00996	0.01209	0.00771	0.00491	0.00483	0.00166	0.00617	0.00452	0.00315	0.00710
26	0.11006	0.01379	0.07647	0.02527	0.51122	0.04145	0.04889	0.03425	0.01223	0.06212	0.01027	0.01262	0.00815	0.00491	0.00503	0.00159	0.00627	0.00450	0.00296	0.00794

[dist]
# distance from previous block
# <min> <max>
0	3

[block]
# block no. 7 follows, 46 sequences, length 6
# corresponding to MSA columns:
# 330-335
name=unknown_H
#
# <colnr> <probs for GDERKNQSTAVLIFYWHMCP>
#	G	D	E	R	K	N	Q	S	T	A	V	L	I	F	Y	W	H	M	C	P
0	0.08210	0.24070	0.28710	0.01198	0.01701	0.18340	0.01255	0.04428	0.01236	0.01610	0.04126	0.01113	0.00859	0.00526	0.00444	0.00145	0.00699	0.00369	0.00270	0.00692
1	0.01139	0.14106	0.10443	0.46933	0.02783	0.01337	0.01337	0.06096	0.04760	0.01562	0.03936	0.01402	0.00916	0.00550	0.00499	0.00164	0.00653	0.00456	0.00278	0.00651
2	0.01034	0.07597	0.61188	0.01332	0.01987	0.01168	0.01651	0.01560	0.01174	0.01717	0.13246	0.01552	0.01362	0.00592	0.00511	0.00164	0.00682	0.00474	0.00281	0.00729
3	0.01096	0.00940	0.01096	0.00783	0.01253	0.00705	0.00626	0.01331	0.01096	0.01723	0.00940	0.01096	0.00783	0.00392	0.00392	0.00078	0.00392	0.00313	0.00313	0.84653
4	0.08250	0.20357	0.01762	0.01100	0.01502	0.06752	0.00934	0.41700	0.08496	0.02535	0.01150	0.01179	0.00870	0.00582	0.00466	0.00149	0.00574	0.00418	0.00426	0.00798
5	0.01540	0.01629	0.01451	0.01521	0.13751	0.28038	0.01026	0.02380	0.39067	0.01819	0.01509	0.01517	0.01170	0.00619	0.00515	0.00161	0.00635	0.00489	0.00403	0.00760

[dist]
# distance from previous block
# <min> <max>
0	2

[block]
# block no. 8 follows, 46 sequences, length 33
# corresponding to MSA columns:
# 338-370
name=unknown_I
#
# <colnr> <probs for GDERKNQSTAVLIFYWHMCP>
#	G	D	E	R	K	N	Q	S	T	A	V	L	I	F	Y	W	H	M	C	P
0	0.01362	0.01437	0.05189	0.02995	0.67751	0.08699	0.01579	0.01671	0.01228	0.01684	0.00976	0.01267	0.00816	0.00479	0.00518	0.00155	0.00665	0.00455	0.00261	0.00814
1	0.01446	0.77132	0.02696	0.00931	0.01373	0.06582	0.00911	0.01614	0.01099	0.01247	0.00740	0.00854	0.00679	0.00458	0.00347	0.00114	0.00588	0.00286	0.00229	0.00675
2	0.01096	0.00940	0.01096	0.00783	0.01253	0.00705	0.00626	0.01331	0.01096	0.01723	0.00940	0.01096	0.00783	0.00392	0.00392	0.00078	0.00392	0.00313	0.00313	0.84653
3	0.00775	0.00512	0.00574	0.00574	0.00578	0.00512	0.00322	0.00782	0.00779	0.01053	0.01667	0.03416	0.01905	0.79062	0.02623	0.00501	0.00505	0.00761	0.02773	0.00325
4	0.00769	0.00513	0.00577	0.00577	0.00577	0.00513	0.00320	0.00769	0.00769	0.01025	0.01666	0.03460	0.01922	0.81421	0.02691	0.00513	0.00513	0.00769	0.00320	0.00320
5	0.00647	0.00534	0.00568	0.00564	0.00729	0.00455	0.00421	0.00801	0.01252	0.01550	0.18304	0.06918	0.62825	0.01301	0.00626	0.00177	0.00266	0.01097	0.00507	0.00455
6	0.00918	0.00459	0.00689	0.00689	0.00689	0.00459	0.00459	0.00689	0.00689	0.00918	0.00918	0.01607	0.00918	0.01837	0.02066	0.84619	0.00459	0.00459	0.00230	0.00230
7	0.00762	0.00515	0.00604	0.00609	0.00619	0.00523	0.00359	0.00784	0.00787	0.01058	0.01697	0.06719	0.01935	0.70748	0.09718	0.00531	0.00587	0.00782	0.00324	0.00339
8	0.00755	0.00566	0.00850	0.00850	0.00944	0.00661	0.00661	0.00944	0.00850	0.01227	0.01416	0.02077	0.01322	0.03965	0.79326	0.00850	0.01416	0.00566	0.00283	0.00472
9	0.00922	0.00588	0.00708	0.00649	0.00836	0.00516	0.00497	0.01117	0.01378	0.12431	0.37196	0.04124	0.34791	0.01129	0.00611	0.00171	0.00285	0.00964	0.00554	0.00533
10	0.01413	0.81739	0.02770	0.00905	0.01357	0.02092	0.00905	0.01583	0.01074	0.01244	0.00735	0.00848	0.00678	0.00452	0.00339	0.00113	0.00565	0.00283	0.00226	0.00678
11	0.01126	0.08544	0.69704	0.01456	0.02191	0.04717	0.01835	0.01687	0.01130	0.01626	0.00927	0.01089	0.00671	0.00500	0.00489	0.00162	0.00773	0.00380	0.00226	0.00766
12	0.01060	0.02735	0.78682	0.01507	0.02288	0.01228	0.01953	0.01674	0.01116	0.01674	0.00949	0.01116	0.00670	0.00502	0.00502	0.00167	0.00781	0.00391	0.00223	0.00781
13	0.00626	0.00530	0.00541	0.00550	0.00718	0.00445	0.00408	0.00757	0.01191	0.01423	0.05182	0.10496	0.72613	0.01361	0.00628	0.00181	0.00271	0.01143	0.00491	0.00445
14	0.02137	0.00849	0.01142	0.00893	0.01266	0.00735	0.00731	0.02340	0.01489	0.67840	0.07261	0.02182	0.07190	0.00733	0.00544	0.00165	0.00423	0.00602	0.00638	0.00840
15	0.00748	0.00540	0.00707	0.00665	0.00790	0.00499	0.00499	0.00998	0.01496	0.02120	0.77844	0.03949	0.04988	0.01081	0.00624	0.00166	0.00249	0.00956	0.00582	0.00499
16	0.10297	0.00911	0.01184	0.00917	0.01318	0.00816	0.00757	0.02478	0.01454	0.71202	0.01956	0.01709	0.01238	0.00639	0.00512	0.00164	0.00446	0.00508	0.00623	0.00868
17	0.01102	0.01101	0.02035	0.50591	0.13765	0.01225	0.19604	0.01471	0.01124	0.01486	0.00979	0.01399	0.00747	0.00500	0.00551	0.00174	0.00739	0.00507	0.00246	0.00652
18	0.85155	0.01022	0.00777	0.00695	0.01022	0.01186	0.00573	0.01554	0.00900	0.02372	0.00736	0.00859	0.00573	0.00491	0.00327	0.00164	0.00409	0.00286	0.00327	0.00573
19	0.03432	0.00986	0.01640	0.67298	0.13829	0.01186	0.01464	0.01394	0.01073	0.01432	0.00941	0.01380	0.00719	0.00520	0.00522	0.00173	0.00686	0.00465	0.00241	0.00621
20	0.33679	0.01291	0.01332	0.01053	0.01443	0.01435	0.03885	0.43155	0.01809	0.04594	0.01076	0.01131	0.00780	0.00573	0.00456	0.00161	0.00525	0.00411	0.00444	0.00767
21	0.85155	0.01022	0.00777	0.00695	0.01022	0.01186	0.00573	0.01554	0.00900	0.02372	0.00736	0.00859	0.00573	0.00491	0.00327	0.00164	0.00409	0.00286	0.00327	0.00573
22	0.85155	0.01022	0.00777	0.00695	0.01022	0.01186	0.00573	0.01554	0.00900	0.02372	0.00736	0.00859	0.00573	0.00491	0.00327	0.00164	0.00409	0.00286	0.00327	0.00573
23	0.01107	0.00936	0.01007	0.00920	0.01168	0.01034	0.00710	0.02169	0.51823	0.02080	0.16893	0.02799	0.13374	0.00876	0.00567	0.00177	0.00365	0.00741	0.00539	0.00716
24	0.02372	0.00900	0.01227	0.00941	0.01350	0.00777	0.00777	0.02576	0.01513	0.78489	0.02086	0.01799	0.01309	0.00654	0.00532	0.00164	0.00450	0.00532	0.00654	0.00900
25	0.00758	0.00520	0.00636	0.00644	0.00666	0.00538	0.00403	0.00804	0.00802	0.01089	0.01694	0.08223	0.01898	0.59911	0.18702	0.00564	0.00689	0.00774	0.00324	0.00359
26	0.00918	0.00459	0.00689	0.00689	0.00689	0.00459	0.00459	0.00689	0.00689	0.00918	0.00918	0.01607	0.00918	0.01837	0.02066	0.84619	0.00459	0.00459	0.00230	0.00230
27	0.00931	0.00504	0.00542	0.00532	0.00656	0.00494	0.00399	0.01178	0.01198	0.02005	0.19206	0.02425	0.02189	0.00723	0.00428	0.00133	0.00247	0.00599	0.65116	0.00494
28	0.01009	0.00961	0.01653	0.76731	0.03603	0.01182	0.04747	0.01366	0.01065	0.01366	0.00945	0.01410	0.00709	0.00525	0.00533	0.00176	0.00713	0.00477	0.00236	0.00593
29	0.00985	0.00493	0.00493	0.00493	0.00616	0.00493	0.00370	0.01232	0.01109	0.01971	0.01725	0.01971	0.01355	0.00616	0.00370	0.00123	0.00246	0.00493	0.84356	0.00493
30	0.01241	0.01188	0.01734	0.46563	0.05946	0.06377	0.08163	0.10494	0.03422	0.01650	0.00999	0.01355	0.00766	0.00571	0.00634	0.00176	0.07303	0.00479	0.00285	0.00654
31	0.01087	0.01089	0.01683	0.69083	0.03434	0.06940	0.06484	0.01430	0.01102	0.01370	0.00939	0.01377	0.00710	0.00524	0.00531	0.00173	0.00736	0.00471	0.00240	0.00598
32	0.00867	0.00592	0.00778	0.05844	0.01006	0.00556	0.00569	0.01103	0.01428	0.07597	0.56967	0.03787	0.14788	0.01050	0.00611	0.00168	0.00296	0.00916	0.00552	0.00527

[dist]
# distance from previous block
# <min> <max>
0	6

# created by:
# /st0/software/busco_prod/Augustus/scripts/msa2prfl.pl ./align_prep/163227.fa
