[name]
unknown

[dist]
# distance from previous block
# <min> <max>
0	49

[block]
# block no. 0 follows, 49 sequences, length 22
# corresponding to MSA columns:
# 53-74
name=unknown_A
#
# <colnr> <probs for GDERKNQSTAVLIFYWHMCP>
#	G	D	E	R	K	N	Q	S	T	A	V	L	I	F	Y	W	H	M	C	P
0	0.00872	0.09281	0.01010	0.00924	0.01074	0.00733	0.00820	0.01097	0.01150	0.01479	0.02468	0.05185	0.02670	0.01295	0.00659	0.00220	0.00474	0.67667	0.00439	0.00485
1	0.01071	0.16153	0.66572	0.01344	0.02038	0.01314	0.01698	0.01587	0.01061	0.01532	0.00873	0.01024	0.00642	0.00472	0.00454	0.00151	0.00712	0.00356	0.00214	0.00731
2	0.73971	0.01081	0.03547	0.00745	0.01082	0.01182	0.00637	0.09547	0.01029	0.02343	0.00765	0.00872	0.00584	0.00484	0.00339	0.00156	0.00421	0.00297	0.00330	0.00588
3	0.00933	0.00664	0.00756	0.00682	0.00881	0.00632	0.00526	0.07661	0.07468	0.07852	0.29782	0.03698	0.34441	0.01040	0.00576	0.00164	0.00301	0.00880	0.00518	0.00544
4	0.00756	0.00534	0.00639	0.00602	0.00757	0.00472	0.00455	0.00949	0.01321	0.06138	0.45113	0.04095	0.34091	0.01109	0.00592	0.00164	0.00256	0.00952	0.00526	0.00479
5	0.00729	0.00532	0.00690	0.00666	0.00788	0.00500	0.00507	0.00988	0.03271	0.01947	0.66546	0.06910	0.06466	0.01079	0.00604	0.00167	0.00262	0.06327	0.00543	0.00480
6	0.00955	0.00899	0.01517	0.81013	0.03483	0.01123	0.01404	0.01292	0.01011	0.01292	0.00899	0.01348	0.00674	0.00506	0.00506	0.00169	0.00674	0.00449	0.00225	0.00562
7	0.00955	0.00899	0.01517	0.81013	0.03483	0.01123	0.01404	0.01292	0.01011	0.01292	0.00899	0.01348	0.00674	0.00506	0.00506	0.00169	0.00674	0.00449	0.00225	0.00562
8	0.00700	0.00516	0.00654	0.00619	0.00746	0.00470	0.00465	0.00923	0.01394	0.01938	0.68830	0.03925	0.14805	0.01067	0.00597	0.00161	0.00241	0.00935	0.00545	0.00470
9	0.00598	0.00512	0.00512	0.00512	0.00683	0.00427	0.00384	0.00726	0.01153	0.01366	0.05123	0.04866	0.78869	0.01281	0.00598	0.00171	0.00256	0.01067	0.00470	0.00427
10	0.01049	0.00899	0.01049	0.00749	0.01198	0.00674	0.00599	0.01273	0.01049	0.01648	0.00899	0.01049	0.00749	0.00374	0.00374	0.00075	0.00374	0.00300	0.00300	0.85320
11	0.01947	0.01376	0.01493	0.01144	0.01548	0.01509	0.00945	0.71980	0.02310	0.08690	0.01270	0.01251	0.00888	0.00608	0.00506	0.00152	0.00547	0.00459	0.00515	0.00860
12	0.01352	0.82533	0.02650	0.00865	0.01298	0.02001	0.00865	0.01514	0.01027	0.01190	0.00703	0.00811	0.00649	0.00433	0.00324	0.00108	0.00541	0.00270	0.00216	0.00649
13	0.01889	0.02410	0.01433	0.01303	0.01563	0.80199	0.00977	0.02019	0.01433	0.01238	0.00782	0.00912	0.00651	0.00521	0.00456	0.00130	0.00912	0.00326	0.00261	0.00586
14	0.01922	0.01416	0.01518	0.01163	0.01568	0.01568	0.00961	0.77388	0.02378	0.03187	0.01214	0.01214	0.00860	0.00607	0.00506	0.00152	0.00556	0.00455	0.00506	0.00860
15	0.00943	0.00471	0.00471	0.00471	0.00589	0.00471	0.00353	0.01178	0.01060	0.01885	0.01650	0.01885	0.01296	0.00589	0.00353	0.00118	0.00236	0.00471	0.85036	0.00471
16	0.00615	0.00444	0.00583	0.00693	0.00731	0.00412	0.00465	0.00705	0.00979	0.01295	0.02919	0.77545	0.07613	0.01567	0.00643	0.00203	0.00291	0.01417	0.00469	0.00412
17	0.00735	0.00490	0.00552	0.00552	0.00552	0.00490	0.00306	0.00735	0.00735	0.00980	0.01593	0.03309	0.01838	0.82229	0.02574	0.00490	0.00490	0.00735	0.00306	0.00306
18	0.01889	0.02410	0.01433	0.01303	0.01563	0.80199	0.00977	0.02019	0.01433	0.01238	0.00782	0.00912	0.00651	0.00521	0.00456	0.00130	0.00912	0.00326	0.00261	0.00586
19	0.02269	0.00861	0.01174	0.00900	0.01291	0.00743	0.00743	0.02464	0.01447	0.79425	0.01995	0.01721	0.01252	0.00626	0.00509	0.00156	0.00430	0.00509	0.00626	0.00861
20	0.00698	0.00516	0.00651	0.00618	0.00745	0.00470	0.00463	0.00920	0.01390	0.01929	0.67788	0.03940	0.15852	0.01071	0.00597	0.00161	0.00241	0.00937	0.00544	0.00470
21	0.85801	0.00978	0.00743	0.00665	0.00978	0.01134	0.00548	0.01486	0.00861	0.02269	0.00704	0.00821	0.00548	0.00469	0.00313	0.00156	0.00391	0.00274	0.00313	0.00548

[dist]
# distance from previous block
# <min> <max>
1	24

[block]
# block no. 1 follows, 49 sequences, length 121
# corresponding to MSA columns:
# 99-219
name=unknown_B
#
# <colnr> <probs for GDERKNQSTAVLIFYWHMCP>
#	G	D	E	R	K	N	Q	S	T	A	V	L	I	F	Y	W	H	M	C	P
0	0.00709	0.00517	0.00667	0.00630	0.00752	0.00474	0.00472	0.00942	0.01416	0.01992	0.74872	0.03835	0.08729	0.01047	0.00596	0.00160	0.00240	0.00923	0.00552	0.00474
1	0.00813	0.00581	0.00812	0.00925	0.01042	0.00580	0.00808	0.01046	0.01170	0.01524	0.04252	0.05664	0.02949	0.01389	0.00696	0.00231	0.00461	0.74124	0.00468	0.00466
2	0.01249	0.52010	0.29691	0.01081	0.01619	0.04057	0.01222	0.01560	0.01054	0.01336	0.00777	0.00904	0.00646	0.00452	0.00383	0.00127	0.00625	0.00308	0.00217	0.00682
3	0.01115	0.01105	0.01613	0.07077	0.11766	0.01473	0.01186	0.01266	0.00841	0.01280	0.00718	0.01142	0.00683	0.00801	0.01426	0.00208	0.65044	0.00444	0.00225	0.00587
4	0.01477	0.60872	0.02310	0.00970	0.01356	0.20502	0.00887	0.02812	0.01152	0.01247	0.02064	0.00892	0.00723	0.00467	0.00363	0.00115	0.00624	0.00297	0.00237	0.00634
5	0.01162	0.01111	0.01902	0.21141	0.57610	0.01161	0.02983	0.01467	0.01114	0.01557	0.00996	0.03708	0.00847	0.00497	0.00508	0.00157	0.00614	0.00483	0.00251	0.00731
6	0.01555	0.01729	0.02918	0.01532	0.11288	0.34129	0.03733	0.10498	0.06263	0.01586	0.00918	0.01115	0.00758	0.00612	0.00750	0.00161	0.19096	0.00409	0.00294	0.00657
7	0.01237	0.01186	0.02026	0.07007	0.75287	0.01198	0.01545	0.01539	0.01144	0.01634	0.00949	0.01256	0.00795	0.00453	0.00501	0.00151	0.00604	0.00450	0.00249	0.00789
8	0.02245	0.00899	0.01197	0.00918	0.01310	0.00801	0.00758	0.07683	0.01512	0.74115	0.01941	0.01686	0.01224	0.00625	0.00508	0.00156	0.00439	0.00505	0.00618	0.00861
9	0.01388	0.01062	0.01317	0.01027	0.04108	0.00962	0.04912	0.20205	0.02782	0.08764	0.01100	0.01187	0.00837	0.00465	0.00437	0.00110	0.00459	0.00382	0.00378	0.48116
10	0.01004	0.04022	0.73734	0.01395	0.02100	0.01160	0.01780	0.01561	0.01053	0.01570	0.00929	0.01114	0.00676	0.00665	0.04939	0.00196	0.00777	0.00381	0.00217	0.00729
11	0.00616	0.00440	0.00587	0.00704	0.00733	0.00411	0.00469	0.00704	0.00968	0.01291	0.02787	0.81899	0.03344	0.01584	0.00645	0.00205	0.00293	0.01438	0.00469	0.00411
12	0.00955	0.00899	0.01517	0.81013	0.03483	0.01123	0.01404	0.01292	0.01011	0.01292	0.00899	0.01348	0.00674	0.00506	0.00506	0.00169	0.00674	0.00449	0.00225	0.00562
13	0.01188	0.01405	0.05475	0.02109	0.02628	0.01275	0.74788	0.01619	0.01189	0.01619	0.01019	0.01354	0.00763	0.00428	0.00593	0.00170	0.00849	0.00590	0.00254	0.00684
14	0.00716	0.00517	0.00676	0.00636	0.00755	0.00477	0.00477	0.00954	0.01431	0.02028	0.78808	0.03777	0.04771	0.01034	0.00596	0.00159	0.00239	0.00914	0.00557	0.00477
15	0.00598	0.00512	0.00512	0.00512	0.00683	0.00427	0.00384	0.00726	0.01153	0.01366	0.05123	0.04866	0.78869	0.01281	0.00598	0.00171	0.00256	0.01067	0.00470	0.00427
16	0.02269	0.00861	0.01174	0.00900	0.01291	0.00743	0.00743	0.02464	0.01447	0.79425	0.01995	0.01721	0.01252	0.00626	0.00509	0.00156	0.00430	0.00509	0.00626	0.00861
17	0.05072	0.00865	0.01159	0.00892	0.01280	0.00756	0.00737	0.02432	0.01428	0.76836	0.01952	0.01691	0.01228	0.00621	0.00502	0.00156	0.00429	0.00501	0.00615	0.00850
18	0.01479	0.00997	0.01120	0.00971	0.01275	0.01083	0.00765	0.02527	0.54512	0.21590	0.04208	0.01982	0.03791	0.00697	0.00518	0.00167	0.00399	0.00579	0.00542	0.00796
19	0.00716	0.00517	0.00676	0.00636	0.00755	0.00477	0.00477	0.00954	0.01431	0.02028	0.78808	0.03777	0.04771	0.01034	0.00596	0.00159	0.00239	0.00914	0.00557	0.00477
20	0.02000	0.00856	0.01160	0.00908	0.01265	0.00765	0.02921	0.06632	0.01444	0.62154	0.02151	0.06084	0.06189	0.00710	0.00521	0.00159	0.00428	0.00591	0.02265	0.00797
21	0.03378	0.01409	0.01504	0.01155	0.01558	0.01561	0.00954	0.76071	0.02351	0.03171	0.01205	0.01207	0.00855	0.00605	0.00503	0.00152	0.00554	0.00452	0.00503	0.00855
22	0.01383	0.77860	0.02579	0.00891	0.01313	0.06561	0.00872	0.01544	0.01051	0.01192	0.00708	0.00817	0.00649	0.00438	0.00332	0.00109	0.00562	0.00274	0.00219	0.00645
23	0.01135	0.00950	0.01165	0.01009	0.08793	0.00784	0.00717	0.02936	0.06220	0.03957	0.01019	0.01147	0.00824	0.00414	0.00403	0.00093	0.00403	0.00341	0.00323	0.67369
24	0.03426	0.01491	0.28336	0.02754	0.02855	0.01027	0.03804	0.01833	0.22505	0.08043	0.16754	0.01896	0.01763	0.00656	0.00515	0.00163	0.00515	0.00554	0.00403	0.00707
25	0.01275	0.01213	0.01943	0.05884	0.67020	0.02784	0.01467	0.04091	0.06213	0.01710	0.01027	0.01289	0.00843	0.00475	0.00501	0.00152	0.00595	0.00456	0.00275	0.00789
26	0.00748	0.00578	0.00853	0.00838	0.00920	0.00688	0.00653	0.00918	0.00808	0.01170	0.01316	0.01971	0.01243	0.06148	0.72481	0.00763	0.06639	0.00541	0.00269	0.00454
27	0.01799	0.01673	0.01409	0.01170	0.01502	0.27514	0.00926	0.41021	0.10895	0.02371	0.01185	0.01216	0.00886	0.00587	0.00485	0.00146	0.00645	0.00427	0.03394	0.00749
28	0.02828	0.09860	0.67770	0.01373	0.02065	0.01241	0.03238	0.01577	0.01057	0.01569	0.00896	0.01063	0.00654	0.00541	0.02049	0.00168	0.00735	0.00370	0.00218	0.00727
29	0.02133	0.00831	0.01130	0.00877	0.01244	0.00720	0.00720	0.02333	0.01446	0.72674	0.08695	0.01900	0.01559	0.00661	0.00516	0.00157	0.00414	0.00544	0.00620	0.00827
30	0.00731	0.00491	0.00550	0.00550	0.00556	0.00488	0.00309	0.00735	0.00750	0.00994	0.01717	0.03364	0.04539	0.79391	0.02504	0.00479	0.00482	0.00747	0.00312	0.00311
31	0.00615	0.00445	0.00582	0.00691	0.00730	0.00412	0.00464	0.00706	0.00980	0.01296	0.02942	0.76780	0.08363	0.01564	0.00642	0.00203	0.00291	0.01413	0.00469	0.00412
32	0.77217	0.01017	0.03053	0.00705	0.01036	0.01107	0.00600	0.01562	0.00910	0.07916	0.00805	0.00895	0.00602	0.00481	0.00332	0.00157	0.00404	0.00294	0.00333	0.00576
33	0.01252	0.01201	0.02053	0.03104	0.79074	0.01201	0.01552	0.01552	0.01151	0.01652	0.00951	0.01252	0.00801	0.00451	0.00501	0.00150	0.00601	0.00451	0.00250	0.00801
34	0.01256	0.01038	0.01235	0.00919	0.01337	0.00939	0.03636	0.18832	0.04488	0.02004	0.01056	0.02757	0.00858	0.00477	0.00450	0.00106	0.02034	0.00384	0.00356	0.55840
35	0.01803	0.02284	0.01372	0.01250	0.01505	0.74898	0.00938	0.01933	0.01414	0.01246	0.01070	0.01175	0.05849	0.00572	0.00465	0.00133	0.00868	0.00375	0.00274	0.00576
36	0.05601	0.01841	0.42112	0.01425	0.10097	0.03176	0.04060	0.01654	0.01158	0.13691	0.04193	0.01533	0.06101	0.00572	0.00494	0.00159	0.00621	0.00470	0.00319	0.00723
37	0.01230	0.07148	0.53522	0.01249	0.01876	0.01126	0.01490	0.04480	0.01176	0.12093	0.03652	0.01234	0.00876	0.00513	0.00472	0.00150	0.00643	0.00401	0.00297	0.06371
38	0.00737	0.00537	0.00790	0.00790	0.00882	0.00621	0.00614	0.00921	0.00829	0.01221	0.01374	0.01980	0.01266	0.03580	0.74917	0.00767	0.01280	0.00537	0.05903	0.00453
39	0.00920	0.00476	0.00492	0.00488	0.00606	0.00472	0.00366	0.01156	0.01098	0.01900	0.09481	0.02077	0.01649	0.00634	0.00378	0.00122	0.00236	0.00516	0.76461	0.00472
40	0.03454	0.11287	0.04271	0.01054	0.01444	0.05409	0.08433	0.08706	0.04549	0.37049	0.02893	0.01688	0.06247	0.00618	0.00494	0.00152	0.00519	0.00509	0.00470	0.00754
41	0.00868	0.00446	0.00669	0.00669	0.00675	0.00452	0.00452	0.00675	0.00669	0.00898	0.00910	0.01567	0.00904	0.01892	0.07176	0.79674	0.00500	0.00446	0.00223	0.00235
42	0.00612	0.00517	0.00532	0.00540	0.00707	0.00437	0.00413	0.00747	0.01153	0.01376	0.04960	0.04922	0.73822	0.01288	0.00604	0.00175	0.00270	0.06025	0.00469	0.00429
43	0.00780	0.00586	0.00800	0.00823	0.00915	0.00573	0.04191	0.08538	0.01125	0.01503	0.02541	0.68522	0.02962	0.01426	0.00630	0.00199	0.00350	0.02605	0.00463	0.00470
44	0.01652	0.38062	0.01981	0.01098	0.01445	0.40114	0.00926	0.06802	0.01315	0.01346	0.00775	0.00887	0.00664	0.00487	0.00401	0.00122	0.00723	0.00310	0.00257	0.00632
45	0.01268	0.01060	0.01144	0.00861	0.01271	0.03838	0.00691	0.20023	0.02707	0.02001	0.01272	0.01352	0.05977	0.00503	0.00427	0.00104	0.00432	0.00395	0.00364	0.54311
46	0.01060	0.15582	0.57544	0.01342	0.01981	0.01280	0.05698	0.01542	0.01051	0.01506	0.00910	0.01102	0.00690	0.00690	0.05760	0.00195	0.00759	0.00380	0.00220	0.00708
47	0.01209	0.01151	0.01955	0.02944	0.73869	0.01149	0.01480	0.01496	0.01139	0.01628	0.01073	0.06610	0.00970	0.00526	0.00510	0.00154	0.00580	0.00516	0.00265	0.00775
48	0.00883	0.00441	0.00646	0.00646	0.00654	0.00441	0.00433	0.00693	0.00685	0.00945	0.00930	0.01560	0.00906	0.01679	0.01868	0.79628	0.00426	0.00441	0.05856	0.00236
49	0.80173	0.00986	0.00797	0.00709	0.01001	0.01162	0.00585	0.01469	0.00855	0.02199	0.00701	0.00840	0.00555	0.00497	0.00402	0.00161	0.05768	0.00285	0.00307	0.00548
50	0.80162	0.00944	0.00725	0.00652	0.00952	0.01090	0.00535	0.01466	0.00874	0.02243	0.00767	0.00892	0.00597	0.00477	0.00316	0.00154	0.00381	0.00287	0.05943	0.00543
51	0.02269	0.00861	0.01174	0.00900	0.01291	0.00743	0.00743	0.02464	0.01447	0.79425	0.01995	0.01721	0.01252	0.00626	0.00509	0.00156	0.00430	0.00509	0.00626	0.00861
52	0.00598	0.00512	0.00512	0.00512	0.00683	0.00427	0.00384	0.00726	0.01153	0.01366	0.05123	0.04866	0.78869	0.01281	0.00598	0.00171	0.00256	0.01067	0.00470	0.00427
53	0.01014	0.02616	0.79609	0.01441	0.02189	0.01174	0.01868	0.01601	0.01068	0.01601	0.00907	0.01068	0.00641	0.00480	0.00480	0.00160	0.00747	0.00374	0.00214	0.00747
54	0.00616	0.00440	0.00587	0.00704	0.00733	0.00411	0.00469	0.00704	0.00968	0.01291	0.02787	0.81899	0.03344	0.01584	0.00645	0.00205	0.00293	0.01438	0.00469	0.00411
55	0.01983	0.01319	0.01457	0.01117	0.01520	0.01424	0.00923	0.64292	0.02215	0.16513	0.01351	0.01303	0.00928	0.00610	0.00506	0.00153	0.00534	0.00465	0.00527	0.00860
56	0.00600	0.00512	0.00515	0.00515	0.00684	0.00428	0.00386	0.00730	0.01158	0.01379	0.06530	0.04846	0.77454	0.01276	0.00598	0.00171	0.00256	0.01064	0.00471	0.00428
57	0.00616	0.00440	0.00587	0.00704	0.00733	0.00411	0.00469	0.00704	0.00968	0.01291	0.02787	0.81899	0.03344	0.01584	0.00645	0.00205	0.00293	0.01438	0.00469	0.00411
58	0.02100	0.01071	0.01297	0.01001	0.01392	0.01064	0.00824	0.29544	0.05114	0.48523	0.01716	0.01545	0.01123	0.00622	0.00508	0.00155	0.00475	0.00492	0.00578	0.00858
59	0.01289	0.52790	0.27334	0.01052	0.01584	0.01673	0.01182	0.01589	0.01061	0.05186	0.00833	0.00939	0.00676	0.00458	0.00384	0.00127	0.00602	0.00315	0.00236	0.00691
60	0.00761	0.00597	0.00881	0.00859	0.00939	0.00720	0.00673	0.00931	0.00808	0.01175	0.01290	0.01923	0.01215	0.04900	0.71085	0.00749	0.09235	0.00535	0.00267	0.00459
61	0.00723	0.00540	0.00805	0.00805	0.00892	0.00628	0.00622	0.00898	0.00810	0.01168	0.01362	0.02026	0.01281	0.06146	0.77895	0.00803	0.01329	0.00548	0.00272	0.00447
62	0.78432	0.00982	0.00830	0.04763	0.04000	0.01136	0.00628	0.01479	0.00879	0.02197	0.00723	0.00864	0.00563	0.00471	0.00330	0.00157	0.00413	0.00289	0.00306	0.00558
63	0.00955	0.00899	0.01517	0.81013	0.03483	0.01123	0.01404	0.01292	0.01011	0.01292	0.00899	0.01348	0.00674	0.00506	0.00506	0.00169	0.00674	0.00449	0.00225	0.00562
64	0.01014	0.02616	0.79609	0.01441	0.02189	0.01174	0.01868	0.01601	0.01068	0.01601	0.00907	0.01068	0.00641	0.00480	0.00480	0.00160	0.00747	0.00374	0.00214	0.00747
65	0.00598	0.00512	0.00512	0.00512	0.00683	0.00427	0.00384	0.00726	0.01153	0.01366	0.05123	0.04866	0.78869	0.01281	0.00598	0.00171	0.00256	0.01067	0.00470	0.00427
66	0.02269	0.00861	0.01174	0.00900	0.01291	0.00743	0.00743	0.02464	0.01447	0.79425	0.01995	0.01721	0.01252	0.00626	0.00509	0.00156	0.00430	0.00509	0.00626	0.00861
67	0.02269	0.00861	0.01174	0.00900	0.01291	0.00743	0.00743	0.02464	0.01447	0.79425	0.01995	0.01721	0.01252	0.00626	0.00509	0.00156	0.00430	0.00509	0.00626	0.00861
68	0.00727	0.00540	0.00801	0.00801	0.00891	0.00626	0.00621	0.00905	0.00816	0.01184	0.01364	0.02008	0.01275	0.05145	0.77299	0.00794	0.01318	0.00544	0.01891	0.00449
69	0.01352	0.82533	0.02650	0.00865	0.01298	0.02001	0.00865	0.01514	0.01027	0.01190	0.00703	0.00811	0.00649	0.00433	0.00324	0.00108	0.00541	0.00270	0.00216	0.00649
70	0.00602	0.00512	0.00518	0.00517	0.00686	0.00429	0.00388	0.00734	0.01163	0.01391	0.07857	0.04826	0.76120	0.01271	0.00598	0.00170	0.00255	0.01062	0.00473	0.00429
71	0.01194	0.01364	0.02984	0.02131	0.02643	0.01279	0.77238	0.01620	0.01194	0.01620	0.01023	0.01364	0.00767	0.00426	0.00597	0.00171	0.00853	0.00597	0.00256	0.00682
72	0.01290	0.01124	0.01160	0.01039	0.01327	0.02992	0.00809	0.04694	0.74432	0.02125	0.02007	0.01847	0.01506	0.00680	0.00513	0.00170	0.00416	0.00563	0.00509	0.00797
73	0.05620	0.01113	0.01196	0.01084	0.04039	0.02781	0.00829	0.15852	0.45385	0.07778	0.01798	0.03160	0.01383	0.00685	0.00507	0.00166	0.00445	0.03322	0.02082	0.00773
74	0.00955	0.00899	0.01517	0.81013	0.03483	0.01123	0.01404	0.01292	0.01011	0.01292	0.00899	0.01348	0.00674	0.00506	0.00506	0.00169	0.00674	0.00449	0.00225	0.00562
75	0.00943	0.00471	0.00471	0.00471	0.00589	0.00471	0.00353	0.01178	0.01060	0.01885	0.01650	0.01885	0.01296	0.00589	0.00353	0.00118	0.00236	0.00471	0.85036	0.00471
76	0.01352	0.82533	0.02650	0.00865	0.01298	0.02001	0.00865	0.01514	0.01027	0.01190	0.00703	0.00811	0.00649	0.00433	0.00324	0.00108	0.00541	0.00270	0.00216	0.00649
77	0.00619	0.00442	0.00589	0.00702	0.00734	0.00413	0.00470	0.00711	0.00982	0.01312	0.04983	0.79642	0.03386	0.01568	0.00644	0.00204	0.00292	0.01422	0.00472	0.00413
78	0.00722	0.00542	0.00813	0.00813	0.00903	0.00632	0.00632	0.00903	0.00813	0.01174	0.01354	0.01987	0.01264	0.03792	0.80225	0.00813	0.01354	0.00542	0.00271	0.00451
79	0.85801	0.00978	0.00743	0.00665	0.00978	0.01134	0.00548	0.01486	0.00861	0.02269	0.00704	0.00821	0.00548	0.00469	0.00313	0.00156	0.00391	0.00274	0.00313	0.00548
80	0.01194	0.01364	0.02984	0.02131	0.02643	0.01279	0.77238	0.01620	0.01194	0.01620	0.01023	0.01364	0.00767	0.00426	0.00597	0.00171	0.00853	0.00597	0.00256	0.00682
81	0.22705	0.11962	0.39962	0.01123	0.01666	0.01287	0.01276	0.03941	0.08549	0.01818	0.00951	0.01057	0.00712	0.00495	0.00422	0.00154	0.00591	0.00357	0.00277	0.00693
82	0.02925	0.01130	0.01835	0.12946	0.55669	0.01182	0.01409	0.05370	0.01181	0.03917	0.01038	0.02857	0.00876	0.00526	0.00547	0.00158	0.03585	0.01823	0.00279	0.00747
83	0.11174	0.01796	0.01499	0.07064	0.18840	0.42387	0.01082	0.06306	0.02528	0.01580	0.00864	0.01040	0.00701	0.00506	0.00457	0.00142	0.00738	0.00368	0.00280	0.00648
84	0.00720	0.00536	0.00791	0.00795	0.00878	0.00617	0.00609	0.00887	0.00813	0.01166	0.01411	0.04472	0.01360	0.08193	0.73403	0.00776	0.01273	0.00580	0.00279	0.00442
85	0.04059	0.09779	0.04775	0.02839	0.01679	0.06690	0.13623	0.32838	0.03010	0.03604	0.01274	0.02768	0.03620	0.00588	0.00495	0.00149	0.00601	0.02059	0.00384	0.05165
86	0.01014	0.02616	0.79609	0.01441	0.02189	0.01174	0.01868	0.01601	0.01068	0.01601	0.00907	0.01068	0.00641	0.00480	0.00480	0.00160	0.00747	0.00374	0.00214	0.00747
87	0.00955	0.00899	0.01517	0.81013	0.03483	0.01123	0.01404	0.01292	0.01011	0.01292	0.00899	0.01348	0.00674	0.00506	0.00506	0.00169	0.00674	0.00449	0.00225	0.00562
88	0.00849	0.00554	0.00724	0.00664	0.00808	0.00512	0.00504	0.01105	0.02785	0.08190	0.71341	0.03580	0.04434	0.00995	0.00588	0.00159	0.00257	0.00876	0.00561	0.00513
89	0.00805	0.00575	0.00804	0.00920	0.01032	0.00574	0.00798	0.01031	0.01154	0.01502	0.02683	0.09469	0.02932	0.01406	0.00696	0.00231	0.00457	0.72002	0.00466	0.00463
90	0.00626	0.00448	0.00596	0.00697	0.00736	0.00417	0.00470	0.00729	0.01014	0.01364	0.10372	0.74105	0.03487	0.01529	0.00641	0.00201	0.00288	0.01385	0.00478	0.00417
91	0.00599	0.00506	0.00519	0.00529	0.00687	0.00426	0.00391	0.00724	0.01137	0.01360	0.04924	0.11407	0.72456	0.01306	0.00602	0.00174	0.00259	0.01099	0.00470	0.00426
92	0.00722	0.00542	0.00813	0.00813	0.00903	0.00632	0.00632	0.00903	0.00813	0.01174	0.01354	0.01987	0.01264	0.03792	0.80225	0.00813	0.01354	0.00542	0.00271	0.00451
93	0.01352	0.82533	0.02650	0.00865	0.01298	0.02001	0.00865	0.01514	0.01027	0.01190	0.00703	0.00811	0.00649	0.00433	0.00324	0.00108	0.00541	0.00270	0.00216	0.00649
94	0.85801	0.00978	0.00743	0.00665	0.00978	0.01134	0.00548	0.01486	0.00861	0.02269	0.00704	0.00821	0.00548	0.00469	0.00313	0.00156	0.00391	0.00274	0.00313	0.00548
95	0.00616	0.00440	0.00587	0.00704	0.00733	0.00411	0.00469	0.00704	0.00968	0.01291	0.02787	0.81899	0.03344	0.01584	0.00645	0.00205	0.00293	0.01438	0.00469	0.00411
96	0.01106	0.01106	0.01549	0.01328	0.01328	0.01549	0.01106	0.01217	0.00774	0.01217	0.00664	0.01106	0.00664	0.00885	0.01659	0.00221	0.81303	0.00443	0.00221	0.00553
97	0.00722	0.00542	0.00813	0.00813	0.00903	0.00632	0.00632	0.00903	0.00813	0.01174	0.01354	0.01987	0.01264	0.03792	0.80225	0.00813	0.01354	0.00542	0.00271	0.00451
98	0.01352	0.82533	0.02650	0.00865	0.01298	0.02001	0.00865	0.01514	0.01027	0.01190	0.00703	0.00811	0.00649	0.00433	0.00324	0.00108	0.00541	0.00270	0.00216	0.00649
99	0.02269	0.00861	0.01174	0.00900	0.01291	0.00743	0.00743	0.02464	0.01447	0.79425	0.01995	0.01721	0.01252	0.00626	0.00509	0.00156	0.00430	0.00509	0.00626	0.00861
100	0.00616	0.00440	0.00587	0.00704	0.00733	0.00411	0.00469	0.00704	0.00968	0.01291	0.02787	0.81899	0.03344	0.01584	0.00645	0.00205	0.00293	0.01438	0.00469	0.00411
101	0.05043	0.00844	0.01119	0.00872	0.01235	0.00750	0.00716	0.03926	0.01446	0.67740	0.09190	0.01873	0.01551	0.00659	0.00510	0.00157	0.00414	0.00537	0.00606	0.00813
102	0.00756	0.00549	0.00740	0.00839	0.00947	0.00534	0.00700	0.00954	0.01140	0.01479	0.05592	0.18109	0.11116	0.01403	0.00675	0.00219	0.00407	0.52919	0.00470	0.00453
103	0.01916	0.01324	0.01441	0.01110	0.01501	0.01443	0.00915	0.66968	0.02233	0.10584	0.01308	0.01291	0.00916	0.00608	0.00500	0.00151	0.00531	0.00461	0.03954	0.00844
104	0.01049	0.00899	0.01049	0.00749	0.01198	0.00674	0.00599	0.01273	0.01049	0.01648	0.00899	0.01049	0.00749	0.00374	0.00374	0.00075	0.00374	0.00300	0.00300	0.85320
105	0.01252	0.00693	0.00831	0.00722	0.00876	0.00679	0.00512	0.10125	0.01159	0.20677	0.07122	0.02749	0.01806	0.45399	0.01650	0.00340	0.00465	0.01992	0.00429	0.00523
106	0.01160	0.10046	0.61569	0.01323	0.01989	0.04297	0.01623	0.01652	0.01101	0.06415	0.00951	0.01077	0.00684	0.00483	0.00463	0.00151	0.00701	0.00368	0.00244	0.03703
107	0.62252	0.10228	0.09321	0.00788	0.01152	0.03589	0.00734	0.01503	0.00920	0.02024	0.00753	0.00884	0.00595	0.00524	0.01646	0.00161	0.00475	0.00293	0.01578	0.00578
108	0.02211	0.00848	0.01155	0.00890	0.01271	0.00733	0.00733	0.02408	0.01447	0.76553	0.04845	0.01797	0.01382	0.00641	0.00512	0.00157	0.00423	0.00524	0.00623	0.00846
109	0.01045	0.01066	0.08692	0.00816	0.01295	0.00723	0.00723	0.01305	0.01050	0.01643	0.00900	0.01050	0.00738	0.00385	0.00385	0.00083	0.00411	0.00307	0.00291	0.77092
110	0.01008	0.02554	0.77233	0.01426	0.02154	0.01157	0.01837	0.01585	0.01071	0.01599	0.00961	0.01207	0.00709	0.00508	0.00487	0.00162	0.00739	0.02644	0.00221	0.00739
111	0.01088	0.20004	0.62864	0.01316	0.01995	0.01354	0.01650	0.01582	0.01059	0.01512	0.00863	0.01012	0.00642	0.00470	0.00446	0.00149	0.00702	0.00351	0.00214	0.00726
112	0.00733	0.00493	0.00564	0.00560	0.00571	0.00489	0.00323	0.00757	0.00803	0.01083	0.09139	0.03355	0.02125	0.74294	0.02381	0.00458	0.00466	0.00753	0.00331	0.00323
113	0.01352	0.82533	0.02650	0.00865	0.01298	0.02001	0.00865	0.01514	0.01027	0.01190	0.00703	0.00811	0.00649	0.00433	0.00324	0.00108	0.00541	0.00270	0.00216	0.00649
114	0.01157	0.01288	0.02773	0.02015	0.02488	0.01211	0.69803	0.01564	0.01191	0.01609	0.01184	0.01786	0.00976	0.00521	0.00607	0.00177	0.00815	0.07901	0.00276	0.00661
115	0.01258	0.01086	0.01143	0.01029	0.01315	0.01258	0.00800	0.02687	0.78161	0.02115	0.02058	0.01887	0.01544	0.00686	0.00515	0.00172	0.00400	0.00572	0.00515	0.00800
116	0.00610	0.00513	0.00530	0.00526	0.00691	0.00432	0.00394	0.00750	0.01183	0.01438	0.13103	0.04749	0.70844	0.01254	0.00598	0.00169	0.00254	0.01051	0.00479	0.00432
117	0.00735	0.00493	0.00565	0.00565	0.00570	0.00498	0.00324	0.00744	0.00739	0.00991	0.01581	0.03238	0.01808	0.78039	0.06721	0.00507	0.00536	0.00725	0.00305	0.00314
118	0.01517	0.01101	0.02834	0.01021	0.03850	0.03399	0.00802	0.18800	0.14877	0.16877	0.04054	0.04428	0.01235	0.00604	0.00480	0.00138	0.00454	0.00491	0.00456	0.22581
119	0.00724	0.00529	0.00681	0.00641	0.00765	0.00492	0.00481	0.00985	0.03040	0.02012	0.75197	0.03767	0.06709	0.01033	0.00595	0.00160	0.00242	0.00911	0.00553	0.00483
120	0.09474	0.17670	0.02284	0.11169	0.03327	0.07964	0.34245	0.01573	0.02262	0.01519	0.00917	0.01185	0.00728	0.00555	0.02878	0.00172	0.00733	0.00455	0.00254	0.00636

[dist]
# distance from previous block
# <min> <max>
6	8

[block]
# block no. 2 follows, 49 sequences, length 57
# corresponding to MSA columns:
# 228-284
name=unknown_C
#
# <colnr> <probs for GDERKNQSTAVLIFYWHMCP>
#	G	D	E	R	K	N	Q	S	T	A	V	L	I	F	Y	W	H	M	C	P
0	0.01217	0.00634	0.00807	0.00698	0.00923	0.00558	0.00547	0.01412	0.01355	0.28331	0.32283	0.03322	0.22500	0.01005	0.01953	0.00173	0.00328	0.00808	0.00553	0.00595
1	0.01103	0.02494	0.73054	0.01408	0.02126	0.01176	0.01784	0.05110	0.01142	0.04623	0.00963	0.01099	0.00674	0.00492	0.00483	0.00160	0.00727	0.00383	0.00243	0.00757
2	0.40746	0.03509	0.07670	0.23136	0.04803	0.03663	0.00986	0.07164	0.01067	0.01926	0.00825	0.01036	0.00630	0.00491	0.00407	0.00157	0.00540	0.00353	0.00288	0.00605
3	0.00675	0.00525	0.00758	0.00806	0.00858	0.00521	0.04088	0.00784	0.00980	0.01322	0.04683	0.71176	0.03104	0.01473	0.00702	0.00203	0.05135	0.01325	0.00447	0.00434
4	0.01925	0.00832	0.01095	0.00870	0.01207	0.00754	0.00707	0.04553	0.06157	0.58793	0.15404	0.02075	0.01873	0.00700	0.00524	0.00158	0.00399	0.00582	0.00603	0.00790
5	0.00683	0.00666	0.07302	0.00808	0.00921	0.00517	0.03621	0.00829	0.00997	0.01348	0.05992	0.62937	0.04177	0.05766	0.00731	0.00213	0.00361	0.01248	0.00435	0.00447
6	0.01676	0.03791	0.05744	0.08142	0.08905	0.56984	0.01114	0.03420	0.01348	0.01339	0.00819	0.00997	0.00671	0.00519	0.00491	0.00139	0.02670	0.00354	0.00257	0.00619
7	0.00644	0.00454	0.00590	0.00681	0.00712	0.00430	0.00451	0.00727	0.00956	0.01280	0.06082	0.64298	0.03162	0.14391	0.00951	0.00249	0.00326	0.02772	0.00447	0.00398
8	0.00788	0.00545	0.00708	0.00655	0.00788	0.00506	0.00495	0.02467	0.01450	0.04497	0.74892	0.03663	0.04585	0.01013	0.00592	0.00159	0.00251	0.00893	0.00558	0.00497
9	0.01192	0.01350	0.12002	0.08359	0.60830	0.01183	0.01554	0.01555	0.02720	0.01627	0.00994	0.01323	0.00822	0.00479	0.00502	0.00155	0.00618	0.01710	0.00253	0.00771
10	0.01199	0.37745	0.42638	0.01177	0.01772	0.01554	0.01391	0.04569	0.01102	0.01483	0.00830	0.00961	0.00653	0.00464	0.00413	0.00137	0.00649	0.00331	0.00226	0.00708
11	0.01583	0.01239	0.03945	0.01655	0.02125	0.01135	0.45595	0.08201	0.01368	0.25819	0.01337	0.01456	0.00922	0.00504	0.00559	0.00164	0.00695	0.00553	0.00390	0.00753
12	0.01206	0.01339	0.02445	0.01864	0.03825	0.05616	0.48402	0.01518	0.01078	0.01478	0.00899	0.01259	0.00730	0.00571	0.00910	0.00183	0.25260	0.00532	0.00245	0.00640
13	0.03379	0.00934	0.01480	0.70974	0.03210	0.01147	0.01328	0.07330	0.01109	0.01462	0.00918	0.01326	0.00689	0.00536	0.00527	0.01726	0.00653	0.00445	0.00249	0.00579
14	0.01363	0.01234	0.01988	0.02799	0.65999	0.04762	0.04460	0.01652	0.01191	0.08147	0.01034	0.01280	0.00831	0.00467	0.00503	0.00151	0.00611	0.00456	0.00282	0.00791
15	0.00963	0.00907	0.01532	0.78786	0.05644	0.01126	0.01409	0.01299	0.01015	0.01302	0.00900	0.01345	0.00678	0.00504	0.00505	0.00168	0.00672	0.00449	0.00225	0.00569
16	0.01627	0.01291	0.01623	0.12336	0.18659	0.01420	0.01145	0.48526	0.04093	0.02568	0.01139	0.01259	0.00842	0.00562	0.00505	0.00154	0.00577	0.00457	0.00413	0.00805
17	0.00726	0.00528	0.00743	0.00743	0.00809	0.00594	0.00545	0.00858	0.00792	0.01122	0.01419	0.02342	0.01418	0.24855	0.59373	0.00726	0.01122	0.00594	0.00280	0.00413
18	0.01258	0.01086	0.01143	0.01029	0.01315	0.01258	0.00800	0.02687	0.78161	0.02115	0.02058	0.01887	0.01544	0.00686	0.00515	0.00172	0.00400	0.00572	0.00515	0.00800
19	0.01381	0.78211	0.02584	0.00889	0.01312	0.06219	0.00871	0.01541	0.01049	0.01192	0.00707	0.00817	0.00649	0.00437	0.00332	0.00109	0.00561	0.00273	0.00219	0.00646
20	0.01258	0.01086	0.01143	0.01029	0.01315	0.01258	0.00800	0.02687	0.78161	0.02115	0.02058	0.01887	0.01544	0.00686	0.00515	0.00172	0.00400	0.00572	0.00515	0.00800
21	0.13678	0.00936	0.01147	0.00896	0.01276	0.00889	0.00739	0.09667	0.03160	0.59658	0.01743	0.01552	0.01123	0.00604	0.00482	0.00156	0.00437	0.00472	0.00569	0.00816
22	0.01770	0.02136	0.01462	0.01433	0.08644	0.63728	0.01010	0.06638	0.01433	0.01394	0.00855	0.01020	0.00711	0.00696	0.04766	0.00170	0.00885	0.00357	0.00276	0.00616
23	0.00735	0.00490	0.00552	0.00552	0.00552	0.00490	0.00306	0.00735	0.00735	0.00980	0.01593	0.03309	0.01838	0.82229	0.02574	0.00490	0.00490	0.00735	0.00306	0.00306
24	0.01257	0.01092	0.01192	0.01141	0.05510	0.01255	0.00841	0.02626	0.74007	0.02090	0.01998	0.01852	0.01504	0.00673	0.00514	0.00170	0.00411	0.00565	0.00500	0.00800
25	0.00616	0.00440	0.00587	0.00704	0.00733	0.00411	0.00469	0.00704	0.00968	0.01291	0.02787	0.81899	0.03344	0.01584	0.00645	0.00205	0.00293	0.01438	0.00469	0.00411
26	0.00955	0.00899	0.01517	0.81013	0.03483	0.01123	0.01404	0.01292	0.01011	0.01292	0.00899	0.01348	0.00674	0.00506	0.00506	0.00169	0.00674	0.00449	0.00225	0.00562
27	0.00943	0.00471	0.00471	0.00471	0.00589	0.00471	0.00353	0.01178	0.01060	0.01885	0.01650	0.01885	0.01296	0.00589	0.00353	0.00118	0.00236	0.00471	0.85036	0.00471
28	0.82973	0.00974	0.00758	0.00673	0.00989	0.01121	0.00554	0.01520	0.00880	0.04881	0.00748	0.00852	0.00571	0.00475	0.00320	0.00156	0.00392	0.00282	0.00324	0.00558
29	0.00710	0.00517	0.00668	0.00631	0.00752	0.00475	0.00473	0.00944	0.01419	0.01998	0.75453	0.03827	0.08145	0.01045	0.00596	0.00160	0.00239	0.00921	0.00553	0.00475
30	0.00943	0.00471	0.00471	0.00471	0.00589	0.00471	0.00353	0.01178	0.01060	0.01885	0.01650	0.01885	0.01296	0.00589	0.00353	0.00118	0.00236	0.00471	0.85036	0.00471
31	0.01194	0.01364	0.02984	0.02131	0.02643	0.01279	0.77238	0.01620	0.01194	0.01620	0.01023	0.01364	0.00767	0.00426	0.00597	0.00171	0.00853	0.00597	0.00256	0.00682
32	0.00686	0.00667	0.04263	0.00798	0.07337	0.00534	0.00573	0.00858	0.01159	0.01438	0.08084	0.05899	0.60661	0.01173	0.00589	0.00171	0.00315	0.03874	0.00444	0.00476
33	0.85801	0.00978	0.00743	0.00665	0.00978	0.01134	0.00548	0.01486	0.00861	0.02269	0.00704	0.00821	0.00548	0.00469	0.00313	0.00156	0.00391	0.00274	0.00313	0.00548
34	0.00772	0.00521	0.00686	0.00658	0.00777	0.00480	0.00488	0.00987	0.01364	0.05469	0.64100	0.15176	0.04400	0.01096	0.00600	0.00166	0.00255	0.00973	0.00547	0.00485
35	0.00689	0.00559	0.00656	0.00679	0.03839	0.00503	0.00479	0.00907	0.03663	0.01654	0.33020	0.04214	0.45043	0.01135	0.00591	0.00165	0.00268	0.00969	0.00496	0.00473
36	0.85801	0.00978	0.00743	0.00665	0.00978	0.01134	0.00548	0.01486	0.00861	0.02269	0.00704	0.00821	0.00548	0.00469	0.00313	0.00156	0.00391	0.00274	0.00313	0.00548
37	0.01194	0.01364	0.02984	0.02131	0.02643	0.01279	0.77238	0.01620	0.01194	0.01620	0.01023	0.01364	0.00767	0.00426	0.00597	0.00171	0.00853	0.00597	0.00256	0.00682
38	0.01307	0.01157	0.01950	0.02879	0.71094	0.01149	0.01471	0.01597	0.01172	0.06986	0.01081	0.01435	0.00903	0.00495	0.00508	0.00153	0.00584	0.03001	0.00283	0.00794
39	0.01014	0.02616	0.79609	0.01441	0.02189	0.01174	0.01868	0.01601	0.01068	0.01601	0.00907	0.01068	0.00641	0.00480	0.00480	0.00160	0.00747	0.00374	0.00214	0.00747
40	0.02269	0.00861	0.01174	0.00900	0.01291	0.00743	0.00743	0.02464	0.01447	0.79425	0.01995	0.01721	0.01252	0.00626	0.00509	0.00156	0.00430	0.00509	0.00626	0.00861
41	0.03073	0.00534	0.00680	0.00653	0.00780	0.00501	0.00500	0.00964	0.01381	0.01961	0.67048	0.03898	0.08360	0.01058	0.00596	0.00165	0.00261	0.06572	0.00538	0.00476
42	0.01100	0.02472	0.72677	0.01422	0.02141	0.01149	0.03593	0.01658	0.01095	0.06666	0.00981	0.01117	0.00683	0.00489	0.00485	0.00160	0.00729	0.00388	0.00241	0.00753
43	0.01106	0.01106	0.01549	0.01328	0.01328	0.01549	0.01106	0.01217	0.00774	0.01217	0.00664	0.01106	0.00664	0.00885	0.01659	0.00221	0.81303	0.00443	0.00221	0.00553
44	0.02269	0.00861	0.01174	0.00900	0.01291	0.00743	0.00743	0.02464	0.01447	0.79425	0.01995	0.01721	0.01252	0.00626	0.00509	0.00156	0.00430	0.00509	0.00626	0.00861
45	0.01194	0.01333	0.04513	0.05680	0.22120	0.01250	0.52988	0.01588	0.01172	0.01614	0.00997	0.01328	0.00769	0.00437	0.00566	0.00165	0.00778	0.00548	0.00252	0.00709
46	0.02004	0.00819	0.01091	0.00865	0.01213	0.00721	0.00704	0.02242	0.04451	0.65658	0.05113	0.05625	0.05679	0.00723	0.00523	0.00160	0.00406	0.00599	0.00603	0.00800
47	0.01258	0.01086	0.01143	0.01029	0.01315	0.01258	0.00800	0.02687	0.78161	0.02115	0.02058	0.01887	0.01544	0.00686	0.00515	0.00172	0.00400	0.00572	0.00515	0.00800
48	0.85801	0.00978	0.00743	0.00665	0.00978	0.01134	0.00548	0.01486	0.00861	0.02269	0.00704	0.00821	0.00548	0.00469	0.00313	0.00156	0.00391	0.00274	0.00313	0.00548
49	0.01106	0.01106	0.01549	0.01328	0.01328	0.01549	0.01106	0.01217	0.00774	0.01217	0.00664	0.01106	0.00664	0.00885	0.01659	0.00221	0.81303	0.00443	0.00221	0.00553
50	0.00868	0.00609	0.00760	0.00698	0.00855	0.00591	0.00531	0.01255	0.11346	0.06245	0.62936	0.03447	0.05930	0.00972	0.00581	0.00161	0.00270	0.00852	0.00553	0.00539
51	0.01889	0.02410	0.01433	0.01303	0.01563	0.80199	0.00977	0.02019	0.01433	0.01238	0.00782	0.00912	0.00651	0.00521	0.00456	0.00130	0.00912	0.00326	0.00261	0.00586
52	0.00735	0.00490	0.00552	0.00552	0.00552	0.00490	0.00306	0.00735	0.00735	0.00980	0.01593	0.03309	0.01838	0.82229	0.02574	0.00490	0.00490	0.00735	0.00306	0.00306
53	0.01194	0.01364	0.02984	0.02131	0.02643	0.01279	0.77238	0.01620	0.01194	0.01620	0.01023	0.01364	0.00767	0.00426	0.00597	0.00171	0.00853	0.00597	0.00256	0.00682
54	0.01014	0.02616	0.79609	0.01441	0.02189	0.01174	0.01868	0.01601	0.01068	0.01601	0.00907	0.01068	0.00641	0.00480	0.00480	0.00160	0.00747	0.00374	0.00214	0.00747
55	0.00725	0.00533	0.00770	0.00770	0.00845	0.00609	0.00578	0.00875	0.00800	0.01142	0.01394	0.02205	0.01359	0.16722	0.67425	0.00760	0.01212	0.00574	0.00277	0.00428
56	0.01163	0.01124	0.01732	0.42473	0.30228	0.05447	0.02847	0.04919	0.01146	0.01510	0.00924	0.01280	0.00728	0.00496	0.00521	0.00160	0.01940	0.00446	0.00249	0.00664

[dist]
# distance from previous block
# <min> <max>
0	1

# created by:
# /st0/software/busco_prod/Augustus/scripts/msa2prfl.pl ./align_prep/163212.fa
