[name]
unknown

[dist]
# distance from previous block
# <min> <max>
0	40

[block]
# block no. 0 follows, 46 sequences, length 6
# corresponding to MSA columns:
# 40-45
name=unknown_A
#
# <colnr> <probs for GDERKNQSTAVLIFYWHMCP>
#	G	D	E	R	K	N	Q	S	T	A	V	L	I	F	Y	W	H	M	C	P
0	0.05214	0.00709	0.00930	0.00913	0.01133	0.00668	0.00774	0.01455	0.01257	0.19798	0.02534	0.07014	0.05705	0.01159	0.00636	0.00207	0.00452	0.43108	0.00508	0.05827
1	0.01539	0.00878	0.01069	0.00871	0.01176	0.00819	0.00683	0.15227	0.01491	0.26592	0.09549	0.12047	0.04286	0.07140	0.00709	0.00184	0.00425	0.00689	0.00518	0.14108
2	0.01088	0.00688	0.00793	0.00727	0.00832	0.00697	0.00487	0.12358	0.01127	0.08519	0.01800	0.12656	0.01907	0.51853	0.01914	0.00390	0.00492	0.00794	0.00404	0.00475
3	0.01823	0.01297	0.01356	0.01086	0.01434	0.05589	0.00870	0.44883	0.10193	0.12457	0.01500	0.01626	0.01129	0.08049	0.00719	0.00191	0.00547	0.00516	0.03927	0.00807
4	0.05848	0.00988	0.01088	0.00911	0.01230	0.00999	0.00733	0.21861	0.11300	0.07710	0.04074	0.06133	0.14644	0.00841	0.00538	0.00162	0.00430	0.06077	0.00484	0.13949
5	0.04117	0.00793	0.00924	0.00821	0.01026	0.00807	0.00624	0.11304	0.10323	0.12497	0.22360	0.07904	0.05636	0.14612	0.00937	0.00232	0.00404	0.03557	0.00513	0.00611

[dist]
# distance from previous block
# <min> <max>
22	45

[block]
# block no. 1 follows, 46 sequences, length 49
# corresponding to MSA columns:
# 95-143
name=unknown_B
#
# <colnr> <probs for GDERKNQSTAVLIFYWHMCP>
#	G	D	E	R	K	N	Q	S	T	A	V	L	I	F	Y	W	H	M	C	P
0	0.01733	0.01152	0.01501	0.09350	0.01775	0.02673	0.07393	0.22889	0.04830	0.23655	0.01468	0.01580	0.01056	0.00601	0.00521	0.00154	0.00552	0.02658	0.00471	0.13988
1	0.04519	0.01128	0.01265	0.01020	0.01379	0.01174	0.00821	0.32827	0.12476	0.17134	0.01770	0.09596	0.03244	0.00743	0.00528	0.00161	0.00474	0.00602	0.00523	0.08615
2	0.03098	0.01329	0.09624	0.04753	0.14618	0.04632	0.01120	0.19513	0.01585	0.20604	0.04435	0.01864	0.02812	0.00669	0.00537	0.00165	0.00569	0.05458	0.00449	0.02167
3	0.01897	0.01278	0.01431	0.01129	0.01509	0.01383	0.00922	0.48041	0.11009	0.16383	0.01558	0.04497	0.01148	0.00691	0.00569	0.00165	0.02873	0.00536	0.00538	0.02443
4	0.01356	0.01011	0.01142	0.01007	0.03956	0.03359	0.00761	0.09785	0.22047	0.11515	0.11141	0.05351	0.05565	0.00747	0.00528	0.00153	0.00427	0.01871	0.00488	0.17790
5	0.01529	0.04429	0.01972	0.03283	0.08054	0.07699	0.19760	0.20433	0.05667	0.05232	0.01129	0.01319	0.00868	0.00605	0.00692	0.01927	0.09067	0.00492	0.00360	0.05482
6	0.00769	0.00513	0.00577	0.00577	0.00577	0.00513	0.00320	0.00769	0.00769	0.01025	0.01666	0.03460	0.01922	0.81421	0.02691	0.00513	0.00513	0.00769	0.00320	0.00320
7	0.01413	0.81739	0.02770	0.00905	0.01357	0.02092	0.00905	0.01583	0.01074	0.01244	0.00735	0.00848	0.00678	0.00452	0.00339	0.00113	0.00565	0.00283	0.00226	0.00678
8	0.00644	0.00460	0.00613	0.00736	0.00767	0.00429	0.00491	0.00736	0.01012	0.01350	0.02914	0.81076	0.03497	0.01656	0.00675	0.00215	0.00307	0.01503	0.00491	0.00429
9	0.01135	0.01074	0.01816	0.42156	0.38083	0.01193	0.01506	0.01460	0.01117	0.01516	0.00986	0.01423	0.00802	0.02880	0.00590	0.00177	0.00664	0.00479	0.00250	0.00695
10	0.09339	0.01180	0.01235	0.10579	0.02983	0.07326	0.00900	0.08003	0.38335	0.05637	0.05560	0.03808	0.01470	0.00689	0.00519	0.00172	0.00500	0.00560	0.00461	0.00744
11	0.00755	0.00566	0.00850	0.00850	0.00944	0.00661	0.00661	0.00944	0.00850	0.01227	0.01416	0.02077	0.01322	0.03965	0.79326	0.00850	0.01416	0.00566	0.00283	0.00472
12	0.00918	0.00459	0.00689	0.00689	0.00689	0.00459	0.00459	0.00689	0.00689	0.00918	0.00918	0.01607	0.00918	0.01837	0.02066	0.84619	0.00459	0.00459	0.00230	0.00230
13	0.02927	0.01103	0.01251	0.01179	0.05825	0.01223	0.00878	0.05958	0.54774	0.12375	0.02038	0.02026	0.01537	0.00718	0.00540	0.00177	0.00445	0.03665	0.00531	0.00829
14	0.03551	0.01340	0.05336	0.01163	0.01544	0.01406	0.02740	0.30038	0.38746	0.05806	0.01701	0.01621	0.01243	0.00661	0.00530	0.00170	0.00510	0.00532	0.00512	0.00851
15	0.00652	0.00466	0.00622	0.00745	0.00779	0.00436	0.00504	0.00750	0.01020	0.01358	0.02909	0.78256	0.03479	0.01649	0.00677	0.00216	0.00313	0.04246	0.00491	0.00432
16	0.00660	0.00550	0.00600	0.02223	0.00820	0.00483	0.00479	0.00809	0.01188	0.01435	0.04830	0.07307	0.64478	0.01411	0.02642	0.00203	0.00330	0.08619	0.00480	0.00453
17	0.08201	0.01164	0.06087	0.06918	0.01564	0.01122	0.00916	0.19972	0.12988	0.21936	0.07874	0.03593	0.01453	0.00678	0.00521	0.00165	0.00492	0.00547	0.00503	0.03305
18	0.01173	0.19971	0.46599	0.01487	0.02126	0.01452	0.13841	0.01642	0.01117	0.01567	0.00912	0.01109	0.00694	0.00498	0.00532	0.00160	0.03743	0.00408	0.00231	0.00740
19	0.00643	0.00536	0.00561	0.00554	0.00725	0.00454	0.00416	0.00794	0.01248	0.01529	0.15957	0.04921	0.67244	0.01301	0.00625	0.00177	0.00265	0.01092	0.00504	0.00454
20	0.01620	0.14286	0.23205	0.01327	0.01769	0.44093	0.01259	0.01929	0.03258	0.01416	0.00876	0.01009	0.00701	0.00524	0.00465	0.00143	0.00834	0.00352	0.00259	0.00675
21	0.05695	0.03315	0.05417	0.01636	0.03654	0.01224	0.37075	0.10902	0.02725	0.15755	0.06155	0.01586	0.01166	0.00557	0.00565	0.00169	0.00683	0.00572	0.00393	0.00755
22	0.01297	0.07954	0.15280	0.02528	0.44760	0.03118	0.12394	0.03368	0.01221	0.01702	0.00979	0.01247	0.00789	0.00477	0.00519	0.00158	0.00694	0.00462	0.00260	0.00794
23	0.00644	0.00460	0.00613	0.00736	0.00767	0.00429	0.00491	0.00736	0.01012	0.01350	0.02914	0.81076	0.03497	0.01656	0.00675	0.00215	0.00307	0.01503	0.00491	0.00429
24	0.01400	0.62909	0.13684	0.01027	0.01513	0.03584	0.01069	0.05420	0.01156	0.01415	0.00794	0.00917	0.00689	0.00480	0.00403	0.00126	0.02158	0.00313	0.00242	0.00701
25	0.01490	0.01965	0.42426	0.01530	0.07649	0.01134	0.07816	0.05041	0.01299	0.22595	0.01284	0.01348	0.00876	0.00542	0.00523	0.00166	0.00681	0.00458	0.00360	0.00817
26	0.02338	0.00954	0.01260	0.00966	0.01377	0.00857	0.00798	0.09454	0.01604	0.71484	0.02010	0.01750	0.01270	0.00652	0.00531	0.00163	0.00462	0.00526	0.00643	0.00900
27	0.00723	0.00576	0.00658	0.00664	0.00823	0.00526	0.00515	0.00968	0.05149	0.01650	0.21717	0.07072	0.43755	0.01274	0.00637	0.00186	0.00304	0.11806	0.00514	0.00484
28	0.01113	0.00959	0.01160	0.02663	0.01346	0.00766	0.02547	0.02871	0.04003	0.01755	0.01042	0.03050	0.00880	0.00443	0.00415	0.00092	0.00414	0.00367	0.00327	0.73786
29	0.00711	0.00541	0.00657	0.00647	0.00786	0.00487	0.00491	0.00917	0.01364	0.01828	0.46119	0.07113	0.28820	0.01212	0.00633	0.00177	0.00274	0.06203	0.00542	0.00478
30	0.01286	0.01203	0.02195	0.25352	0.26614	0.01246	0.23515	0.04764	0.01244	0.05816	0.01071	0.01398	0.00816	0.00497	0.00555	0.00169	0.00717	0.00519	0.00288	0.00733
31	0.00826	0.00637	0.00870	0.00821	0.00948	0.00691	0.00623	0.01022	0.02854	0.01281	0.01394	0.02148	0.01340	0.15814	0.52899	0.00665	0.03725	0.00566	0.00298	0.10578
32	0.01096	0.00940	0.01096	0.00783	0.01253	0.00705	0.00626	0.01331	0.01096	0.01723	0.00940	0.01096	0.00783	0.00392	0.00392	0.00078	0.00392	0.00313	0.00313	0.84653
33	0.01366	0.05892	0.44691	0.01430	0.02036	0.14315	0.07270	0.04372	0.02583	0.06548	0.01030	0.01163	0.00751	0.00517	0.00499	0.00157	0.00760	0.00408	0.00282	0.03929
34	0.08126	0.01272	0.03702	0.15104	0.04097	0.01289	0.32028	0.17465	0.01437	0.02029	0.03729	0.03128	0.00990	0.00585	0.00593	0.02134	0.00701	0.00557	0.00336	0.00699
35	0.00630	0.00536	0.00543	0.00541	0.00717	0.00448	0.00406	0.00769	0.01217	0.01457	0.08388	0.05040	0.74858	0.01328	0.00625	0.00178	0.00267	0.01109	0.00495	0.00448
36	0.00917	0.00793	0.01031	0.00972	0.01053	0.04879	0.00767	0.01083	0.00882	0.01266	0.01245	0.01852	0.01169	0.05299	0.52413	0.00635	0.18895	0.00535	0.03815	0.00499
37	0.01218	0.02502	0.64193	0.01534	0.05358	0.03325	0.01795	0.08746	0.01269	0.03781	0.01006	0.01152	0.00715	0.00518	0.00506	0.00165	0.00752	0.00404	0.00266	0.00793
38	0.04266	0.01032	0.01296	0.00996	0.01406	0.00979	0.00823	0.19002	0.01715	0.59917	0.01871	0.01659	0.01200	0.00646	0.00526	0.00162	0.00478	0.00513	0.00619	0.00892
39	0.00852	0.00608	0.00852	0.00974	0.01095	0.00608	0.00852	0.01095	0.01217	0.01582	0.02799	0.05963	0.03042	0.01460	0.00730	0.00243	0.00487	0.74565	0.00487	0.00487
40	0.00998	0.00940	0.01586	0.80150	0.03641	0.01175	0.01468	0.01351	0.01057	0.01351	0.00940	0.01409	0.00705	0.00529	0.00529	0.00176	0.00705	0.00470	0.00235	0.00587
41	0.00815	0.00655	0.00964	0.00930	0.01010	0.00804	0.00735	0.00993	0.00844	0.01234	0.01308	0.01939	0.01228	0.03511	0.67744	0.00757	0.13213	0.00551	0.00275	0.00488
42	0.02018	0.01356	0.01496	0.01159	0.01570	0.01468	0.00953	0.58232	0.08031	0.15984	0.01475	0.01413	0.01023	0.00644	0.00530	0.00161	0.00547	0.00495	0.00551	0.00894
43	0.00899	0.00585	0.00762	0.00702	0.00851	0.00541	0.00531	0.02681	0.01494	0.08217	0.66360	0.07660	0.04532	0.01067	0.00617	0.00168	0.00275	0.00940	0.00582	0.00536
44	0.00644	0.00460	0.00613	0.00736	0.00767	0.00429	0.00491	0.00736	0.01012	0.01350	0.02914	0.81076	0.03497	0.01656	0.00675	0.00215	0.00307	0.01503	0.00491	0.00429
45	0.02016	0.04384	0.01293	0.00937	0.01345	0.00945	0.00776	0.14084	0.01569	0.48079	0.01712	0.01580	0.01142	0.00602	0.00494	0.00146	0.00457	0.00478	0.04841	0.13119
46	0.21557	0.04537	0.04871	0.01985	0.32833	0.04183	0.08080	0.03795	0.01155	0.01877	0.00916	0.01148	0.00745	0.00486	0.00494	0.00154	0.02589	0.00411	0.00287	0.07897
47	0.69559	0.00999	0.00862	0.00741	0.01084	0.01109	0.00611	0.01747	0.01015	0.16712	0.00990	0.01036	0.00711	0.00522	0.00366	0.00164	0.00417	0.00332	0.00389	0.00634
48	0.21716	0.00928	0.01100	0.00880	0.01253	0.00893	0.00722	0.02289	0.05605	0.53431	0.04639	0.01669	0.01292	0.00636	0.00487	0.00165	0.00431	0.00494	0.00568	0.00804

[dist]
# distance from previous block
# <min> <max>
0	5

[block]
# block no. 2 follows, 46 sequences, length 10
# corresponding to MSA columns:
# 149-158
name=unknown_C
#
# <colnr> <probs for GDERKNQSTAVLIFYWHMCP>
#	G	D	E	R	K	N	Q	S	T	A	V	L	I	F	Y	W	H	M	C	P
0	0.01308	0.01256	0.02146	0.03245	0.78123	0.01256	0.01622	0.01622	0.01204	0.01727	0.00994	0.01308	0.00837	0.00471	0.00523	0.00157	0.00628	0.00471	0.00262	0.00837
1	0.00998	0.00940	0.01586	0.80150	0.03641	0.01175	0.01468	0.01351	0.01057	0.01351	0.00940	0.01409	0.00705	0.00529	0.00529	0.00176	0.00705	0.00470	0.00235	0.00587
2	0.02300	0.01015	0.01298	0.00995	0.01407	0.00948	0.00822	0.17219	0.01706	0.63575	0.01924	0.01694	0.01227	0.00650	0.00531	0.00163	0.00476	0.00521	0.00629	0.00900
3	0.01217	0.01015	0.01160	0.00850	0.01306	0.00849	0.00683	0.10437	0.05176	0.01941	0.01042	0.01162	0.00840	0.00438	0.00416	0.00093	0.00416	0.00347	0.00351	0.70262
4	0.01096	0.00940	0.01096	0.00783	0.01253	0.00705	0.00626	0.01331	0.01096	0.01723	0.00940	0.01096	0.00783	0.00392	0.00392	0.00078	0.00392	0.00313	0.00313	0.84653
5	0.00715	0.00539	0.00661	0.00631	0.00770	0.00485	0.00473	0.00934	0.01419	0.01935	0.58491	0.04253	0.24456	0.01150	0.00624	0.00170	0.00254	0.00999	0.00558	0.00485
6	0.00818	0.00584	0.00813	0.00935	0.01041	0.00579	0.00793	0.01036	0.01183	0.01544	0.02818	0.18268	0.03117	0.01492	0.00721	0.00239	0.00457	0.62596	0.00487	0.00477
7	0.00985	0.00493	0.00493	0.00493	0.00616	0.00493	0.00370	0.01232	0.01109	0.01971	0.01725	0.01971	0.01355	0.00616	0.00370	0.00123	0.00246	0.00493	0.84356	0.00493
8	0.00709	0.00539	0.00653	0.00624	0.00766	0.00482	0.00468	0.00922	0.01404	0.01902	0.54959	0.04308	0.28010	0.01162	0.00624	0.00170	0.00255	0.01006	0.00553	0.00482
9	0.02262	0.00980	0.01265	0.00980	0.01383	0.00908	0.00806	0.10758	0.06646	0.65105	0.02000	0.01752	0.01284	0.00656	0.00532	0.00164	0.00462	0.00530	0.00633	0.00895

[dist]
# distance from previous block
# <min> <max>
0	1

[block]
# block no. 3 follows, 46 sequences, length 77
# corresponding to MSA columns:
# 160-236
name=unknown_D
#
# <colnr> <probs for GDERKNQSTAVLIFYWHMCP>
#	G	D	E	R	K	N	Q	S	T	A	V	L	I	F	Y	W	H	M	C	P
0	0.02285	0.00922	0.01227	0.00950	0.01350	0.00823	0.00782	0.04837	0.04932	0.71414	0.03392	0.01828	0.01374	0.00664	0.00533	0.00164	0.00449	0.00540	0.00644	0.00890
1	0.00973	0.00497	0.00512	0.00512	0.00634	0.00502	0.00385	0.01216	0.01095	0.01931	0.01708	0.01977	0.01353	0.00795	0.04603	0.00162	0.00309	0.00497	0.79848	0.00492
2	0.01080	0.07143	0.74446	0.01473	0.02236	0.01276	0.01895	0.01669	0.01114	0.01650	0.00937	0.01101	0.00670	0.00499	0.00493	0.00164	0.00769	0.00385	0.00223	0.00776
3	0.00643	0.00463	0.00611	0.00729	0.00765	0.00430	0.00488	0.00737	0.01019	0.01352	0.02998	0.78469	0.06050	0.01645	0.00673	0.00213	0.00305	0.01490	0.00491	0.00430
4	0.00732	0.00500	0.00598	0.00629	0.00648	0.00488	0.00383	0.00779	0.00899	0.01209	0.08530	0.25119	0.02623	0.52331	0.01952	0.00400	0.00433	0.00989	0.00390	0.00366
5	0.85155	0.01022	0.00777	0.00695	0.01022	0.01186	0.00573	0.01554	0.00900	0.02372	0.00736	0.00859	0.00573	0.00491	0.00327	0.00164	0.00409	0.00286	0.00327	0.00573
6	0.58324	0.03743	0.00957	0.00763	0.01108	0.01089	0.00633	0.01793	0.01082	0.21559	0.03853	0.01207	0.00921	0.00552	0.00390	0.00162	0.00419	0.00372	0.00416	0.00656
7	0.01519	0.22364	0.01744	0.01089	0.01440	0.22079	0.00906	0.09083	0.05550	0.01625	0.00929	0.01066	0.00778	0.00545	0.00560	0.00132	0.08825	0.00360	0.00305	0.19102
8	0.01012	0.00967	0.01671	0.75802	0.03592	0.01184	0.05639	0.01370	0.01068	0.01370	0.00947	0.01410	0.00710	0.00524	0.00534	0.00176	0.00715	0.00478	0.00237	0.00594
9	0.01140	0.00969	0.10053	0.02246	0.01215	0.00797	0.00808	0.12711	0.01324	0.11388	0.03573	0.42056	0.05105	0.01180	0.00636	0.00192	0.02496	0.01026	0.00476	0.00610
10	0.03926	0.00869	0.01164	0.00911	0.01293	0.00757	0.00746	0.02405	0.01466	0.70574	0.02218	0.05455	0.04273	0.00722	0.00537	0.00166	0.00436	0.00592	0.00634	0.00855
11	0.02372	0.00900	0.01227	0.00941	0.01350	0.00777	0.00777	0.02576	0.01513	0.78489	0.02086	0.01799	0.01309	0.00654	0.00532	0.00164	0.00450	0.00532	0.00654	0.00900
12	0.00740	0.00506	0.00611	0.00638	0.00653	0.00508	0.00390	0.00778	0.00830	0.01116	0.01918	0.20475	0.02213	0.56459	0.09509	0.00479	0.00553	0.00912	0.00354	0.00359
13	0.01096	0.00940	0.01096	0.00783	0.01253	0.00705	0.00626	0.01331	0.01096	0.01723	0.00940	0.01096	0.00783	0.00392	0.00392	0.00078	0.00392	0.00313	0.00313	0.84653
14	0.01439	0.01108	0.01199	0.01060	0.01372	0.01252	0.00830	0.02782	0.68299	0.11154	0.02144	0.01952	0.01578	0.00710	0.00537	0.00177	0.00422	0.00590	0.00552	0.00844
15	0.02372	0.00900	0.01227	0.00941	0.01350	0.00777	0.00777	0.02576	0.01513	0.78489	0.02086	0.01799	0.01309	0.00654	0.00532	0.00164	0.00450	0.00532	0.00654	0.00900
16	0.01224	0.00592	0.00649	0.00591	0.00768	0.00578	0.00457	0.04252	0.01231	0.13398	0.03736	0.01970	0.01425	0.00634	0.00406	0.00132	0.00289	0.00510	0.66589	0.00569
17	0.02372	0.00900	0.01227	0.00941	0.01350	0.00777	0.00777	0.02576	0.01513	0.78489	0.02086	0.01799	0.01309	0.00654	0.00532	0.00164	0.00450	0.00532	0.00654	0.00900
18	0.00644	0.00460	0.00613	0.00736	0.00767	0.00429	0.00491	0.00736	0.01012	0.01350	0.02914	0.81076	0.03497	0.01656	0.00675	0.00215	0.00307	0.01503	0.00491	0.00429
19	0.01060	0.02735	0.78682	0.01507	0.02288	0.01228	0.01953	0.01674	0.01116	0.01674	0.00949	0.01116	0.00670	0.00502	0.00502	0.00167	0.00781	0.00391	0.00223	0.00781
20	0.00852	0.00608	0.00852	0.00974	0.01095	0.00608	0.00852	0.01095	0.01217	0.01582	0.02799	0.05963	0.03042	0.01460	0.00730	0.00243	0.00487	0.74565	0.00487	0.00487
21	0.00781	0.00542	0.00697	0.00673	0.00800	0.00494	0.00499	0.00996	0.01403	0.04704	0.58013	0.14659	0.11410	0.01169	0.00627	0.00174	0.00266	0.01031	0.00563	0.00499
22	0.01157	0.01157	0.01619	0.01388	0.01388	0.01619	0.01157	0.01272	0.00810	0.01272	0.00694	0.01157	0.00694	0.00925	0.01735	0.00231	0.80453	0.00463	0.00231	0.00578
23	0.02210	0.01012	0.05056	0.00981	0.01398	0.00849	0.00841	0.02553	0.08448	0.67677	0.02035	0.01781	0.01305	0.00653	0.00531	0.00165	0.00463	0.00531	0.00622	0.00888
24	0.02372	0.00900	0.01227	0.00941	0.01350	0.00777	0.00777	0.02576	0.01513	0.78489	0.02086	0.01799	0.01309	0.00654	0.00532	0.00164	0.00450	0.00532	0.00654	0.00900
25	0.02010	0.01481	0.01587	0.01216	0.01639	0.01639	0.01005	0.76360	0.02486	0.03332	0.01269	0.01269	0.00899	0.00635	0.00529	0.00159	0.00582	0.00476	0.00529	0.00899
26	0.00644	0.00460	0.00613	0.00736	0.00767	0.00429	0.00491	0.00736	0.01012	0.01350	0.02914	0.81076	0.03497	0.01656	0.00675	0.00215	0.00307	0.01503	0.00491	0.00429
27	0.00659	0.00537	0.00583	0.00572	0.00735	0.00461	0.00429	0.00825	0.01286	0.01621	0.25529	0.04771	0.57615	0.01267	0.00624	0.00175	0.00263	0.01071	0.00516	0.00461
28	0.01157	0.01157	0.01619	0.01388	0.01388	0.01619	0.01157	0.01272	0.00810	0.01272	0.00694	0.01157	0.00694	0.00925	0.01735	0.00231	0.80453	0.00463	0.00231	0.00578
29	0.01413	0.81739	0.02770	0.00905	0.01357	0.02092	0.00905	0.01583	0.01074	0.01244	0.00735	0.00848	0.00678	0.00452	0.00339	0.00113	0.00565	0.00283	0.00226	0.00678
30	0.01413	0.81739	0.02770	0.00905	0.01357	0.02092	0.00905	0.01583	0.01074	0.01244	0.00735	0.00848	0.00678	0.00452	0.00339	0.00113	0.00565	0.00283	0.00226	0.00678
31	0.00644	0.00460	0.00613	0.00736	0.00767	0.00429	0.00491	0.00736	0.01012	0.01350	0.02914	0.81076	0.03497	0.01656	0.00675	0.00215	0.00307	0.01503	0.00491	0.00429
32	0.01096	0.00940	0.01096	0.00783	0.01253	0.00705	0.00626	0.01331	0.01096	0.01723	0.00940	0.01096	0.00783	0.00392	0.00392	0.00078	0.00392	0.00313	0.00313	0.84653
33	0.01005	0.00521	0.00532	0.00522	0.00652	0.00528	0.00395	0.03163	0.01136	0.01983	0.01703	0.01956	0.01342	0.00720	0.02811	0.00147	0.00291	0.00495	0.79596	0.00503
34	0.00838	0.00593	0.00807	0.00909	0.01010	0.00593	0.00765	0.01042	0.01144	0.01491	0.02613	0.05553	0.02859	0.14558	0.01051	0.00287	0.00491	0.62477	0.00460	0.00460
35	0.01413	0.81739	0.02770	0.00905	0.01357	0.02092	0.00905	0.01583	0.01074	0.01244	0.00735	0.00848	0.00678	0.00452	0.00339	0.00113	0.00565	0.00283	0.00226	0.00678
36	0.01736	0.53369	0.02237	0.00932	0.01364	0.04436	0.00868	0.01916	0.01228	0.25649	0.01165	0.01152	0.00878	0.00519	0.00405	0.00130	0.00543	0.00363	0.00363	0.00746
37	0.01851	0.42792	0.02050	0.00941	0.01373	0.01516	0.00858	0.07066	0.01352	0.33400	0.01331	0.01271	0.00955	0.00548	0.00432	0.00137	0.00519	0.00399	0.00424	0.00785
38	0.01099	0.00950	0.01214	0.00909	0.01330	0.00775	0.06177	0.04058	0.03631	0.01755	0.01212	0.09726	0.01107	0.00550	0.00449	0.00106	0.00427	0.00479	0.00344	0.63703
39	0.01299	0.01024	0.03745	0.00968	0.01234	0.01041	0.00776	0.22025	0.20803	0.05696	0.14790	0.16215	0.03700	0.03415	0.00641	0.00187	0.00429	0.00790	0.00521	0.00702
40	0.00998	0.00940	0.01586	0.80150	0.03641	0.01175	0.01468	0.01351	0.01057	0.01351	0.00940	0.01409	0.00705	0.00529	0.00529	0.00176	0.00705	0.00470	0.00235	0.00587
41	0.00998	0.00940	0.01586	0.80150	0.03641	0.01175	0.01468	0.01351	0.01057	0.01351	0.00940	0.01409	0.00705	0.00529	0.00529	0.00176	0.00705	0.00470	0.00235	0.00587
42	0.85155	0.01022	0.00777	0.00695	0.01022	0.01186	0.00573	0.01554	0.00900	0.02372	0.00736	0.00859	0.00573	0.00491	0.00327	0.00164	0.00409	0.00286	0.00327	0.00573
43	0.01080	0.01080	0.02015	0.35949	0.10627	0.01169	0.24557	0.01424	0.01125	0.01502	0.01204	0.07897	0.01058	0.00636	0.00620	0.00182	0.03565	0.03397	0.00277	0.00635
44	0.01128	0.00923	0.01086	0.00787	0.01241	0.00699	0.00628	0.01357	0.01109	0.04455	0.01042	0.03590	0.00886	0.00440	0.00405	0.00086	0.00391	0.00358	0.00331	0.79060
45	0.02007	0.01365	0.01500	0.01163	0.01574	0.01483	0.00957	0.59254	0.08435	0.14550	0.01464	0.01406	0.01019	0.00644	0.00530	0.00161	0.00549	0.00494	0.00548	0.00894
46	0.01828	0.02212	0.01431	0.01298	0.01577	0.61948	0.00980	0.02266	0.18334	0.01498	0.01114	0.01180	0.00889	0.00583	0.00490	0.00146	0.00834	0.00398	0.00331	0.00663
47	0.01154	0.01149	0.01600	0.01366	0.01383	0.01586	0.01137	0.01274	0.00820	0.01289	0.00703	0.01154	0.00697	0.00906	0.01686	0.00226	0.77565	0.00457	0.00234	0.03611
48	0.01689	0.01047	0.01251	0.01129	0.05405	0.01098	0.00848	0.06670	0.38566	0.28704	0.06194	0.01947	0.01613	0.00698	0.00539	0.00171	0.00440	0.00581	0.00566	0.00843
49	0.01040	0.00623	0.00823	0.02764	0.02382	0.00569	0.00583	0.01259	0.01411	0.15949	0.46139	0.09322	0.12948	0.01052	0.00606	0.00171	0.00311	0.00917	0.00563	0.00569
50	0.00762	0.00540	0.00714	0.00714	0.00762	0.00587	0.00492	0.00857	0.00810	0.01127	0.01540	0.02761	0.01619	0.42306	0.41391	0.00683	0.00969	0.00667	0.00302	0.00397
51	0.85155	0.01022	0.00777	0.00695	0.01022	0.01186	0.00573	0.01554	0.00900	0.02372	0.00736	0.00859	0.00573	0.00491	0.00327	0.00164	0.00409	0.00286	0.00327	0.00573
52	0.01047	0.05040	0.05084	0.00866	0.01104	0.00869	0.00725	0.05588	0.17445	0.04647	0.42650	0.03129	0.03366	0.00926	0.00583	0.00171	0.00368	0.05235	0.00529	0.00628
53	0.04526	0.69918	0.06861	0.00942	0.01407	0.01969	0.00952	0.04303	0.01129	0.02852	0.00792	0.00897	0.00694	0.00467	0.00358	0.00121	0.00570	0.00301	0.00249	0.00692
54	0.00832	0.00611	0.00816	0.00916	0.01045	0.00606	0.00782	0.01100	0.03944	0.01575	0.03065	0.09848	0.11293	0.01431	0.00709	0.00232	0.00450	0.59763	0.00489	0.00492
55	0.02372	0.00900	0.01227	0.00941	0.01350	0.00777	0.00777	0.02576	0.01513	0.78489	0.02086	0.01799	0.01309	0.00654	0.00532	0.00164	0.00450	0.00532	0.00654	0.00900
56	0.00662	0.00531	0.00590	0.00588	0.00740	0.00460	0.00436	0.00825	0.01274	0.01620	0.25898	0.10531	0.51408	0.01289	0.00628	0.00178	0.00265	0.01099	0.00517	0.00460
57	0.00644	0.00460	0.00613	0.00736	0.00767	0.00429	0.00491	0.00736	0.01012	0.01350	0.02914	0.81076	0.03497	0.01656	0.00675	0.00215	0.00307	0.01503	0.00491	0.00429
58	0.02332	0.00909	0.01226	0.00946	0.01350	0.00797	0.00779	0.02585	0.04359	0.75620	0.02088	0.01806	0.01320	0.00657	0.00532	0.00164	0.00449	0.00534	0.00650	0.00897
59	0.85155	0.01022	0.00777	0.00695	0.01022	0.01186	0.00573	0.01554	0.00900	0.02372	0.00736	0.00859	0.00573	0.00491	0.00327	0.00164	0.00409	0.00286	0.00327	0.00573
60	0.01413	0.81739	0.02770	0.00905	0.01357	0.02092	0.00905	0.01583	0.01074	0.01244	0.00735	0.00848	0.00678	0.00452	0.00339	0.00113	0.00565	0.00283	0.00226	0.00678
61	0.02372	0.00900	0.01227	0.00941	0.01350	0.00777	0.00777	0.02576	0.01513	0.78489	0.02086	0.01799	0.01309	0.00654	0.00532	0.00164	0.00450	0.00532	0.00654	0.00900
62	0.00644	0.00460	0.00613	0.00736	0.00767	0.00429	0.00491	0.00736	0.01012	0.01350	0.02914	0.81076	0.03497	0.01656	0.00675	0.00215	0.00307	0.01503	0.00491	0.00429
63	0.00769	0.00513	0.00577	0.00577	0.00577	0.00513	0.00320	0.00769	0.00769	0.01025	0.01666	0.03460	0.01922	0.81421	0.02691	0.00513	0.00513	0.00769	0.00320	0.00320
64	0.01096	0.00940	0.01096	0.00783	0.01253	0.00705	0.00626	0.01331	0.01096	0.01723	0.00940	0.01096	0.00783	0.00392	0.00392	0.00078	0.00392	0.00313	0.00313	0.84653
65	0.00673	0.00499	0.00670	0.00772	0.00801	0.00496	0.00528	0.00766	0.01001	0.01345	0.02790	0.76616	0.03340	0.01615	0.00734	0.00216	0.04779	0.01445	0.00476	0.00438
66	0.55459	0.00978	0.00938	0.00783	0.01140	0.01039	0.00646	0.01921	0.01120	0.29676	0.01220	0.01196	0.00837	0.00549	0.00401	0.00164	0.00424	0.00374	0.00445	0.00690
67	0.00766	0.00522	0.00625	0.00625	0.00642	0.00539	0.00381	0.00800	0.00783	0.01061	0.01621	0.03214	0.01815	0.67668	0.16298	0.00572	0.00673	0.00733	0.00314	0.00347
68	0.01357	0.01258	0.04072	0.19396	0.02457	0.01294	0.29368	0.09185	0.11836	0.08036	0.01268	0.01490	0.00934	0.00565	0.00631	0.00177	0.05045	0.00549	0.00352	0.00730
69	0.01157	0.01157	0.01619	0.01388	0.01388	0.01619	0.01157	0.01272	0.00810	0.01272	0.00694	0.01157	0.00694	0.00925	0.01735	0.00231	0.80453	0.00463	0.00231	0.00578
70	0.00654	0.00537	0.00576	0.00566	0.00732	0.00459	0.00425	0.00815	0.01274	0.01592	0.22571	0.04817	0.60591	0.01278	0.00624	0.00176	0.00263	0.01078	0.00513	0.00459
71	0.00843	0.00586	0.00728	0.00676	0.00834	0.00542	0.00513	0.01125	0.04836	0.06265	0.57572	0.03939	0.17361	0.01086	0.00615	0.00169	0.00271	0.00944	0.00568	0.00527
72	0.05135	0.01362	0.01450	0.01140	0.01534	0.04897	0.00938	0.53374	0.02138	0.16140	0.01426	0.01508	0.01030	0.00722	0.02058	0.00175	0.00582	0.03016	0.00525	0.00852
73	0.01268	0.01251	0.01738	0.11608	0.06093	0.08012	0.08120	0.01461	0.00997	0.04809	0.00888	0.02629	0.00789	0.00773	0.01232	0.00204	0.46755	0.00490	0.00264	0.00621
74	0.01290	0.01110	0.01180	0.01066	0.01355	0.01286	0.00829	0.02726	0.73750	0.02167	0.02119	0.01977	0.01601	0.00863	0.04067	0.00209	0.00463	0.00596	0.00527	0.00820
75	0.01124	0.00939	0.01087	0.00786	0.01238	0.00729	0.00628	0.04008	0.01146	0.01791	0.00987	0.01142	0.00813	0.00410	0.00395	0.00083	0.00392	0.00327	0.04086	0.77890
76	0.01628	0.01165	0.01382	0.03069	0.01514	0.01192	0.03538	0.33501	0.08601	0.11465	0.01381	0.01488	0.01038	0.03543	0.04975	0.00196	0.00569	0.00479	0.00461	0.18816

[dist]
# distance from previous block
# <min> <max>
0	5

[block]
# block no. 4 follows, 46 sequences, length 33
# corresponding to MSA columns:
# 242-274
name=unknown_E
#
# <colnr> <probs for GDERKNQSTAVLIFYWHMCP>
#	G	D	E	R	K	N	Q	S	T	A	V	L	I	F	Y	W	H	M	C	P
0	0.05229	0.39523	0.12708	0.01089	0.01518	0.07747	0.01060	0.07653	0.08751	0.03174	0.00978	0.01079	0.00797	0.00545	0.00507	0.00144	0.06120	0.00366	0.00298	0.00713
1	0.00764	0.00584	0.00728	0.00775	0.00885	0.00550	0.00541	0.01012	0.08572	0.01479	0.02604	0.63753	0.02988	0.01413	0.00628	0.00195	0.00328	0.01272	0.00474	0.10454
2	0.00734	0.00532	0.00692	0.00668	0.00785	0.00490	0.00495	0.00964	0.01439	0.02022	0.68168	0.11631	0.07102	0.01146	0.00629	0.00171	0.00256	0.01015	0.00570	0.00490
3	0.01328	0.01077	0.01221	0.00893	0.01351	0.00942	0.00723	0.20388	0.01449	0.02131	0.01023	0.01140	0.00812	0.00453	0.00426	0.00099	0.00440	0.00355	0.00368	0.63380
4	0.01044	0.01895	0.42240	0.11345	0.02132	0.01182	0.03622	0.01478	0.01041	0.01537	0.00961	0.01261	0.00755	0.00898	0.08488	0.00238	0.11963	0.00429	0.00240	0.07251
5	0.04391	0.09002	0.04900	0.02351	0.01498	0.01177	0.04565	0.09102	0.18222	0.23901	0.03193	0.01561	0.01194	0.00608	0.00523	0.00155	0.02294	0.00489	0.00469	0.10405
6	0.01311	0.01082	0.01493	0.32173	0.02336	0.04472	0.06836	0.09177	0.15018	0.08807	0.10415	0.01815	0.01456	0.00644	0.00547	0.00171	0.00589	0.00563	0.00402	0.00692
7	0.00666	0.00499	0.00618	0.00668	0.00760	0.00451	0.00471	0.00809	0.01184	0.01566	0.22721	0.42535	0.22264	0.01430	0.00649	0.00193	0.00282	0.01267	0.00514	0.00451
8	0.00643	0.00463	0.00611	0.00730	0.00765	0.00430	0.00488	0.00737	0.01018	0.01352	0.02994	0.78575	0.05945	0.01646	0.00673	0.00214	0.00305	0.01490	0.00491	0.00430
9	0.01052	0.00996	0.01689	0.70218	0.03455	0.01213	0.06439	0.03770	0.01109	0.01435	0.00952	0.01399	0.00717	0.00537	0.00569	0.00177	0.02941	0.00480	0.00246	0.00605
10	0.00778	0.00537	0.00706	0.00685	0.00802	0.00495	0.00506	0.00999	0.01414	0.04211	0.62743	0.17159	0.04624	0.01167	0.00630	0.00175	0.00265	0.01038	0.00568	0.00499
11	0.00655	0.00526	0.00586	0.00602	0.00745	0.00457	0.00444	0.00805	0.01225	0.01541	0.17717	0.17472	0.50913	0.01349	0.00635	0.00184	0.00276	0.02906	0.00507	0.00454
12	0.07672	0.01031	0.01206	0.00988	0.01350	0.01057	0.00797	0.08828	0.27302	0.39475	0.03339	0.01788	0.01395	0.00671	0.00521	0.00169	0.00444	0.00540	0.00580	0.00848
13	0.01060	0.02735	0.78682	0.01507	0.02288	0.01228	0.01953	0.01674	0.01116	0.01674	0.00949	0.01116	0.00670	0.00502	0.00502	0.00167	0.00781	0.00391	0.00223	0.00781
14	0.00637	0.00530	0.00558	0.00578	0.00737	0.00451	0.00431	0.00770	0.01183	0.01425	0.04957	0.14133	0.65897	0.01382	0.00635	0.00186	0.00282	0.04292	0.00491	0.00446
15	0.02372	0.00900	0.01227	0.00941	0.01350	0.00777	0.00777	0.02576	0.01513	0.78489	0.02086	0.01799	0.01309	0.00654	0.00532	0.00164	0.00450	0.00532	0.00654	0.00900
16	0.01104	0.01004	0.01620	0.70588	0.03423	0.01224	0.03088	0.08795	0.01203	0.01555	0.00975	0.01396	0.00726	0.00537	0.00531	0.00174	0.00697	0.00474	0.00265	0.00621
17	0.01887	0.01054	0.01242	0.01014	0.01376	0.01086	0.00818	0.12851	0.29551	0.37478	0.01985	0.01795	0.01366	0.00674	0.00528	0.00167	0.00450	0.00547	0.03267	0.00863
18	0.00748	0.00540	0.00707	0.00665	0.00790	0.00499	0.00499	0.00998	0.01496	0.02120	0.77844	0.03949	0.04988	0.01081	0.00624	0.00166	0.00249	0.00956	0.00582	0.00499
19	0.85155	0.01022	0.00777	0.00695	0.01022	0.01186	0.00573	0.01554	0.00900	0.02372	0.00736	0.00859	0.00573	0.00491	0.00327	0.00164	0.00409	0.00286	0.00327	0.00573
20	0.02046	0.01423	0.01551	0.01189	0.01611	0.01554	0.00982	0.69045	0.02389	0.10783	0.01350	0.01322	0.00940	0.00637	0.00529	0.00159	0.00569	0.00481	0.00541	0.00899
21	0.01314	0.01120	0.01291	0.10335	0.05040	0.01292	0.00947	0.04092	0.61881	0.03698	0.01941	0.01860	0.01453	0.00681	0.00536	0.00177	0.00465	0.00573	0.00493	0.00810
22	0.85155	0.01022	0.00777	0.00695	0.01022	0.01186	0.00573	0.01554	0.00900	0.02372	0.00736	0.00859	0.00573	0.00491	0.00327	0.00164	0.00409	0.00286	0.00327	0.00573
23	0.00852	0.00608	0.00852	0.00974	0.01095	0.00608	0.00852	0.01095	0.01217	0.01582	0.02799	0.05963	0.03042	0.01460	0.00730	0.00243	0.00487	0.74565	0.00487	0.00487
24	0.02177	0.00857	0.01164	0.00908	0.01282	0.00744	0.00744	0.02387	0.01511	0.69323	0.11178	0.02057	0.01750	0.00706	0.00543	0.00164	0.00426	0.00583	0.00646	0.00852
25	0.02195	0.01092	0.08904	0.01003	0.01444	0.00846	0.00896	0.02497	0.04823	0.67497	0.01976	0.01739	0.01259	0.00642	0.00529	0.00165	0.00481	0.00521	0.00606	0.00885
26	0.85155	0.01022	0.00777	0.00695	0.01022	0.01186	0.00573	0.01554	0.00900	0.02372	0.00736	0.00859	0.00573	0.00491	0.00327	0.00164	0.00409	0.00286	0.00327	0.00573
27	0.01248	0.01426	0.03119	0.02228	0.02763	0.01337	0.76203	0.01693	0.01248	0.01693	0.01070	0.01426	0.00802	0.00446	0.00624	0.00178	0.00891	0.00624	0.00267	0.00713
28	0.00766	0.00521	0.00621	0.00632	0.00650	0.00529	0.00390	0.00802	0.00810	0.01088	0.01750	0.06872	0.01983	0.65719	0.10667	0.00522	0.00598	0.04398	0.00332	0.00349
29	0.00669	0.00477	0.00628	0.00716	0.00762	0.00446	0.00484	0.00785	0.01087	0.01472	0.16301	0.63427	0.03687	0.05464	0.00764	0.00221	0.00307	0.01369	0.00499	0.00437
30	0.01413	0.81739	0.02770	0.00905	0.01357	0.02092	0.00905	0.01583	0.01074	0.01244	0.00735	0.00848	0.00678	0.00452	0.00339	0.00113	0.00565	0.00283	0.00226	0.00678
31	0.00644	0.00460	0.00613	0.00736	0.00767	0.00429	0.00491	0.00736	0.01012	0.01350	0.02914	0.81076	0.03497	0.01656	0.00675	0.00215	0.00307	0.01503	0.00491	0.00429
32	0.05025	0.04534	0.41138	0.01378	0.04985	0.03642	0.01454	0.04837	0.03404	0.10816	0.01185	0.05136	0.00927	0.00628	0.00626	0.00172	0.08574	0.00472	0.00318	0.00749

[dist]
# distance from previous block
# <min> <max>
2	23

[block]
# block no. 5 follows, 46 sequences, length 56
# corresponding to MSA columns:
# 298-353
name=unknown_F
#
# <colnr> <probs for GDERKNQSTAVLIFYWHMCP>
#	G	D	E	R	K	N	Q	S	T	A	V	L	I	F	Y	W	H	M	C	P
0	0.01747	0.03610	0.08885	0.02945	0.01555	0.39349	0.00989	0.05429	0.04629	0.13937	0.01214	0.01468	0.00978	0.10105	0.00752	0.00191	0.00749	0.00446	0.00356	0.00665
1	0.05527	0.08434	0.15344	0.01041	0.01482	0.01133	0.00984	0.15173	0.05391	0.19620	0.01478	0.07959	0.01177	0.02407	0.00542	0.00162	0.00523	0.00526	0.00434	0.10665
2	0.00736	0.00544	0.00691	0.00659	0.00792	0.00493	0.00491	0.00962	0.01421	0.01981	0.62814	0.09404	0.12659	0.01132	0.00621	0.00169	0.00259	0.00995	0.00559	0.02616
3	0.04345	0.21488	0.25098	0.01098	0.01546	0.01292	0.01163	0.10263	0.01306	0.01795	0.07297	0.03826	0.03304	0.00757	0.00513	0.00167	0.00577	0.13143	0.00348	0.00675
4	0.00924	0.00777	0.04282	0.05837	0.02768	0.00718	0.07098	0.04215	0.00987	0.03005	0.03496	0.07443	0.04224	0.49879	0.01866	0.00381	0.00547	0.00755	0.00343	0.00454
5	0.00914	0.00582	0.00731	0.00670	0.00840	0.00520	0.00511	0.01133	0.01435	0.11023	0.53079	0.03942	0.20430	0.01086	0.00613	0.00169	0.00277	0.00941	0.00571	0.00535
6	0.01050	0.01102	0.02251	0.01707	0.02064	0.01048	0.48985	0.01376	0.01177	0.01600	0.04797	0.24534	0.01752	0.00836	0.00671	0.00190	0.03011	0.00887	0.00344	0.00618
7	0.01210	0.05457	0.61072	0.03439	0.02201	0.01312	0.01754	0.01866	0.10961	0.01829	0.02773	0.01435	0.00988	0.00615	0.00551	0.00187	0.00746	0.00464	0.00311	0.00828
8	0.01295	0.01243	0.02122	0.06522	0.74949	0.01253	0.01616	0.01611	0.01197	0.01711	0.00992	0.01313	0.00832	0.00473	0.00524	0.00158	0.00631	0.00471	0.00261	0.00827
9	0.01308	0.01256	0.02146	0.03245	0.78123	0.01256	0.01622	0.01622	0.01204	0.01727	0.00994	0.01308	0.00837	0.00471	0.00523	0.00157	0.00628	0.00471	0.00262	0.00837
10	0.00765	0.00526	0.00645	0.00645	0.00669	0.00550	0.00406	0.00813	0.00789	0.01076	0.01603	0.03111	0.01771	0.61901	0.22004	0.00597	0.00740	0.00718	0.00311	0.00359
11	0.85155	0.01022	0.00777	0.00695	0.01022	0.01186	0.00573	0.01554	0.00900	0.02372	0.00736	0.00859	0.00573	0.00491	0.00327	0.00164	0.00409	0.00286	0.00327	0.00573
12	0.01232	0.02384	0.64502	0.01392	0.02093	0.01134	0.01727	0.01773	0.01188	0.12526	0.04320	0.01331	0.00940	0.00548	0.00511	0.00167	0.00712	0.00434	0.00299	0.00786
13	0.00836	0.00597	0.00833	0.00955	0.01070	0.00595	0.00824	0.01068	0.01201	0.01564	0.02808	0.11772	0.03078	0.01476	0.00726	0.00241	0.00473	0.68915	0.00487	0.00482
14	0.38777	0.01025	0.01073	0.00866	0.01241	0.01063	0.00715	0.11175	0.01362	0.35757	0.01391	0.01320	0.00934	0.00580	0.00441	0.00163	0.00448	0.00417	0.00495	0.00756
15	0.01123	0.02588	0.71334	0.01525	0.02278	0.01216	0.06108	0.01711	0.01139	0.04722	0.01001	0.01161	0.00703	0.00505	0.00510	0.00168	0.00774	0.00409	0.00243	0.00782
16	0.00985	0.00493	0.00493	0.00493	0.00616	0.00493	0.00370	0.01232	0.01109	0.01971	0.01725	0.01971	0.01355	0.00616	0.00370	0.00123	0.00246	0.00493	0.84356	0.00493
17	0.02010	0.01481	0.01587	0.01216	0.01639	0.01639	0.01005	0.76360	0.02486	0.03332	0.01269	0.01269	0.00899	0.00635	0.00529	0.00159	0.00582	0.00476	0.00529	0.00899
18	0.02372	0.00900	0.01227	0.00941	0.01350	0.00777	0.00777	0.02576	0.01513	0.78489	0.02086	0.01799	0.01309	0.00654	0.00532	0.00164	0.00450	0.00532	0.00654	0.00900
19	0.00957	0.00587	0.00773	0.00700	0.00862	0.00535	0.00535	0.01200	0.01499	0.11931	0.68111	0.03673	0.04515	0.01026	0.00612	0.00166	0.00275	0.00902	0.00591	0.00550
20	0.00985	0.00493	0.00493	0.00493	0.00616	0.00493	0.00370	0.01232	0.01109	0.01971	0.01725	0.01971	0.01355	0.00616	0.00370	0.00123	0.00246	0.00493	0.84356	0.00493
21	0.85155	0.01022	0.00777	0.00695	0.01022	0.01186	0.00573	0.01554	0.00900	0.02372	0.00736	0.00859	0.00573	0.00491	0.00327	0.00164	0.00409	0.00286	0.00327	0.00573
22	0.66437	0.00995	0.00879	0.00751	0.01096	0.01093	0.00619	0.01785	0.01038	0.19583	0.01041	0.01071	0.00739	0.00528	0.00373	0.00164	0.00418	0.00342	0.00401	0.00647
23	0.00674	0.00490	0.00634	0.00738	0.00795	0.00458	0.00520	0.00786	0.01050	0.01375	0.03120	0.59761	0.11671	0.04876	0.00759	0.00227	0.00334	0.10816	0.00483	0.00434
24	0.00648	0.00465	0.00616	0.00729	0.00767	0.00433	0.00489	0.00747	0.01036	0.01383	0.06091	0.76350	0.05033	0.01626	0.00672	0.00212	0.00304	0.01472	0.00495	0.00433
25	0.44059	0.00961	0.01000	0.00817	0.01185	0.00983	0.00674	0.02062	0.01204	0.40159	0.01406	0.01326	0.00938	0.00572	0.00429	0.00164	0.00429	0.00408	0.00490	0.00735
26	0.82480	0.01037	0.00803	0.00712	0.01042	0.01201	0.00586	0.03961	0.00951	0.02403	0.00753	0.00872	0.00583	0.00495	0.00334	0.00163	0.00415	0.00292	0.00334	0.00583
27	0.04781	0.00903	0.01214	0.00933	0.01340	0.00789	0.00771	0.02547	0.01495	0.76274	0.02046	0.01772	0.01287	0.00650	0.00526	0.00164	0.00449	0.00524	0.00645	0.00890
28	0.15586	0.08215	0.20969	0.01239	0.03433	0.09254	0.02863	0.18068	0.09840	0.04057	0.01117	0.01191	0.00832	0.00555	0.00471	0.00159	0.00626	0.00411	0.00360	0.00755
29	0.04872	0.51845	0.15860	0.00999	0.01495	0.01710	0.01047	0.01557	0.01070	0.01430	0.00798	0.00936	0.00686	0.00467	0.00411	0.00123	0.02663	0.00311	0.00241	0.11478
30	0.01309	0.48293	0.26070	0.01133	0.01656	0.05073	0.01242	0.01613	0.01092	0.01389	0.00806	0.00956	0.00678	0.00496	0.00470	0.00136	0.04853	0.00329	0.00229	0.02177
31	0.01080	0.10028	0.68261	0.01415	0.02137	0.01277	0.01793	0.01637	0.01128	0.01653	0.04205	0.01212	0.00855	0.00522	0.00492	0.00162	0.00738	0.00405	0.00239	0.00760
32	0.00775	0.00819	0.10645	0.00751	0.00976	0.00566	0.00662	0.00974	0.01175	0.04745	0.07640	0.22718	0.39990	0.01271	0.00621	0.00187	0.00359	0.04150	0.00468	0.00509
33	0.01322	0.04728	0.33349	0.03258	0.02243	0.01218	0.26777	0.01771	0.01207	0.13072	0.01193	0.03316	0.00882	0.00544	0.00578	0.00172	0.02789	0.00518	0.00310	0.00754
34	0.03267	0.01025	0.01451	0.35718	0.02359	0.01206	0.01149	0.11371	0.03163	0.15924	0.01214	0.01449	0.00887	0.00636	0.00708	0.00178	0.13184	0.00481	0.03944	0.00686
35	0.00652	0.00466	0.00623	0.00745	0.00779	0.00436	0.00505	0.00750	0.01020	0.01358	0.02909	0.78187	0.03479	0.01649	0.00677	0.00216	0.00314	0.04313	0.00491	0.00432
36	0.00998	0.00940	0.01586	0.80150	0.03641	0.01175	0.01468	0.01351	0.01057	0.01351	0.00940	0.01409	0.00705	0.00529	0.00529	0.00176	0.00705	0.00470	0.00235	0.00587
37	0.01047	0.00978	0.01633	0.67444	0.12771	0.01176	0.01457	0.02686	0.01099	0.01432	0.00997	0.03192	0.00788	0.00549	0.00531	0.00174	0.00684	0.00493	0.00249	0.00620
38	0.00755	0.00566	0.00850	0.00850	0.00944	0.00661	0.00661	0.00944	0.00850	0.01227	0.01416	0.02077	0.01322	0.03965	0.79326	0.00850	0.01416	0.00566	0.00283	0.00472
39	0.85155	0.01022	0.00777	0.00695	0.01022	0.01186	0.00573	0.01554	0.00900	0.02372	0.00736	0.00859	0.00573	0.00491	0.00327	0.00164	0.00409	0.00286	0.00327	0.00573
40	0.01008	0.00949	0.01602	0.77844	0.05875	0.01177	0.01473	0.01359	0.01061	0.01362	0.00941	0.01406	0.00709	0.00527	0.00528	0.00176	0.00702	0.00470	0.00236	0.00595
41	0.02081	0.03072	0.01240	0.00953	0.01331	0.00900	0.00780	0.02526	0.15519	0.59053	0.05290	0.01898	0.01505	0.00679	0.00532	0.00165	0.00439	0.00555	0.00618	0.00865
42	0.00736	0.00542	0.00689	0.00658	0.00790	0.00496	0.00498	0.00970	0.01450	0.02014	0.66116	0.04160	0.14294	0.01126	0.00627	0.00170	0.00259	0.03345	0.00567	0.00492
43	0.85155	0.01022	0.00777	0.00695	0.01022	0.01186	0.00573	0.01554	0.00900	0.02372	0.00736	0.00859	0.00573	0.00491	0.00327	0.00164	0.00409	0.00286	0.00327	0.00573
44	0.00753	0.00549	0.00715	0.00706	0.00833	0.00511	0.00548	0.00990	0.01420	0.01965	0.58761	0.05902	0.10225	0.01173	0.00642	0.00181	0.00290	0.12788	0.00558	0.00491
45	0.00644	0.00460	0.00613	0.00736	0.00767	0.00429	0.00491	0.00736	0.01012	0.01350	0.02914	0.81076	0.03497	0.01656	0.00675	0.00215	0.00307	0.01503	0.00491	0.00429
46	0.00755	0.00566	0.00850	0.00850	0.00944	0.00661	0.00661	0.00944	0.00850	0.01227	0.01416	0.02077	0.01322	0.03965	0.79326	0.00850	0.01416	0.00566	0.00283	0.00472
47	0.01268	0.01574	0.17248	0.11923	0.02674	0.01252	0.46573	0.01715	0.01219	0.07635	0.01109	0.01394	0.00804	0.00483	0.00581	0.00175	0.00812	0.00552	0.00285	0.00725
48	0.00763	0.00533	0.00694	0.00681	0.00796	0.00490	0.00500	0.00974	0.01386	0.03865	0.57609	0.19600	0.07720	0.01198	0.00632	0.00177	0.00267	0.01063	0.00561	0.00493
49	0.00742	0.00540	0.00698	0.00659	0.00786	0.00496	0.00494	0.00986	0.01482	0.02087	0.74348	0.04004	0.08505	0.01093	0.00624	0.00167	0.00250	0.00964	0.00578	0.00496
50	0.01457	0.72959	0.04235	0.00958	0.01401	0.09029	0.00937	0.01632	0.01113	0.01257	0.00747	0.00863	0.00678	0.00462	0.00355	0.00116	0.00605	0.00290	0.00230	0.00675
51	0.01413	0.81739	0.02770	0.00905	0.01357	0.02092	0.00905	0.01583	0.01074	0.01244	0.00735	0.00848	0.00678	0.00452	0.00339	0.00113	0.00565	0.00283	0.00226	0.00678
52	0.00671	0.00540	0.00600	0.00594	0.00754	0.00469	0.00451	0.00844	0.01289	0.01634	0.26019	0.04804	0.53349	0.01271	0.00630	0.00178	0.00273	0.04649	0.00517	0.00463
53	0.00804	0.02715	0.00971	0.12894	0.04529	0.00699	0.02262	0.01052	0.06345	0.01430	0.02389	0.56518	0.02705	0.01315	0.00627	0.00201	0.00407	0.01191	0.00434	0.00511
54	0.01201	0.08983	0.40535	0.01450	0.07358	0.01256	0.02819	0.11180	0.03095	0.01845	0.01314	0.03691	0.01141	0.00680	0.00532	0.00173	0.00666	0.11021	0.00317	0.00741
55	0.01684	0.10215	0.26548	0.01104	0.01609	0.01064	0.01153	0.03727	0.01323	0.36300	0.04686	0.01600	0.01192	0.02677	0.02618	0.00186	0.00592	0.00482	0.00444	0.00795

[dist]
# distance from previous block
# <min> <max>
2	27

[block]
# block no. 6 follows, 46 sequences, length 25
# corresponding to MSA columns:
# 381-405
name=unknown_G
#
# <colnr> <probs for GDERKNQSTAVLIFYWHMCP>
#	G	D	E	R	K	N	Q	S	T	A	V	L	I	F	Y	W	H	M	C	P
0	0.04990	0.20339	0.44028	0.01590	0.11369	0.01432	0.06013	0.01643	0.01115	0.01616	0.00903	0.01086	0.00696	0.00483	0.00467	0.00154	0.00703	0.00385	0.00236	0.00751
1	0.08910	0.05321	0.01833	0.33086	0.37764	0.01261	0.01428	0.01507	0.01111	0.01613	0.00936	0.01283	0.00753	0.00494	0.00498	0.00163	0.00635	0.00444	0.00255	0.00706
2	0.02311	0.00908	0.01226	0.00950	0.01350	0.00798	0.00787	0.04829	0.01534	0.73625	0.02084	0.01919	0.01353	0.00680	0.00538	0.00166	0.00455	0.02956	0.00645	0.00886
