[name]
unknown

[dist]
# distance from previous block
# <min> <max>
0	25

[block]
# block no. 0 follows, 44 sequences, length 17
# corresponding to MSA columns:
# 25-41
name=unknown_A
#
# <colnr> <probs for GDERKNQSTAVLIFYWHMCP>
#	G	D	E	R	K	N	Q	S	T	A	V	L	I	F	Y	W	H	M	C	P
0	0.01207	0.00878	0.01065	0.00945	0.01195	0.00873	0.02406	0.12992	0.12421	0.07308	0.09340	0.23869	0.04447	0.02267	0.00633	0.00186	0.00422	0.05909	0.00509	0.11127
1	0.06765	0.01058	0.01243	0.02527	0.01403	0.01060	0.00811	0.20012	0.09442	0.27833	0.06832	0.04570	0.01493	0.00736	0.00576	0.02471	0.00471	0.00565	0.00542	0.09590
2	0.05915	0.00613	0.00673	0.00649	0.00727	0.00613	0.00417	0.04054	0.01005	0.03120	0.07268	0.07637	0.09996	0.52790	0.02003	0.00406	0.00467	0.00836	0.00394	0.00417
3	0.03580	0.00621	0.00707	0.00768	0.00837	0.04152	0.00527	0.00933	0.01099	0.02988	0.11357	0.51133	0.03243	0.10917	0.00947	0.02208	0.00379	0.02670	0.00477	0.00458
4	0.05017	0.01096	0.01601	0.33128	0.14281	0.02944	0.04130	0.02733	0.02910	0.01667	0.01010	0.01336	0.00801	0.00522	0.00550	0.00155	0.03710	0.00445	0.01756	0.20209
5	0.01861	0.02335	0.01936	0.01613	0.01958	0.60575	0.18459	0.02076	0.01485	0.01431	0.00904	0.01097	0.00731	0.00538	0.00527	0.00151	0.00968	0.00419	0.00280	0.00656
6	0.01372	0.01216	0.03399	0.45769	0.10292	0.01364	0.03109	0.23091	0.01541	0.02042	0.01077	0.01395	0.00800	0.00569	0.00546	0.00174	0.00688	0.00488	0.00334	0.00732
7	0.01082	0.00803	0.01046	0.00956	0.01130	0.00913	0.00754	0.18431	0.01268	0.01767	0.01432	0.01989	0.01279	0.05525	0.58187	0.00699	0.01232	0.00568	0.00352	0.00585
8	0.00990	0.00589	0.00809	0.00733	0.00846	0.00533	0.00514	0.00865	0.00809	0.01141	0.00952	0.01534	0.00914	0.01545	0.01727	0.64475	0.00457	0.00438	0.00257	0.19872
9	0.00777	0.00551	0.00679	0.00678	0.00810	0.00494	0.00497	0.00963	0.01346	0.04760	0.37485	0.22179	0.24150	0.01308	0.00652	0.00186	0.00284	0.01145	0.00556	0.00499
10	0.00675	0.00483	0.00643	0.00751	0.00793	0.00450	0.00507	0.00787	0.01096	0.01474	0.10717	0.72537	0.03766	0.01646	0.00690	0.00216	0.00310	0.01491	0.00516	0.00450
11	0.00939	0.00872	0.01382	0.61055	0.03049	0.01036	0.01257	0.01250	0.01126	0.01412	0.02034	0.02341	0.18620	0.00741	0.00568	0.00182	0.00621	0.00640	0.00304	0.00572
12	0.01193	0.01193	0.01670	0.01431	0.01431	0.01670	0.01193	0.01312	0.00835	0.01312	0.00716	0.01193	0.00716	0.00954	0.01789	0.00239	0.79843	0.00477	0.00239	0.00596
13	0.65035	0.00919	0.00762	0.00727	0.00993	0.01040	0.00571	0.01405	0.00955	0.02199	0.01284	0.19506	0.01296	0.00787	0.00421	0.00181	0.00397	0.00589	0.00377	0.00556
14	0.01281	0.01195	0.01857	0.19520	0.43506	0.01291	0.01449	0.01898	0.18803	0.01813	0.01292	0.01532	0.01021	0.00558	0.00544	0.00172	0.00614	0.00516	0.00330	0.00807
15	0.01905	0.01444	0.01542	0.01220	0.01627	0.01612	0.00996	0.58609	0.19849	0.03166	0.01522	0.01479	0.01100	0.00674	0.00548	0.00169	0.00561	0.00520	0.00548	0.00912
16	0.00832	0.00698	0.00741	0.00705	0.00909	0.00679	0.00536	0.01318	0.18887	0.01781	0.16756	0.04298	0.47463	0.01186	0.00623	0.00182	0.00309	0.00998	0.00533	0.00564

[dist]
# distance from previous block
# <min> <max>
0	4

[block]
# block no. 1 follows, 44 sequences, length 10
# corresponding to MSA columns:
# 46-55
name=unknown_B
#
# <colnr> <probs for GDERKNQSTAVLIFYWHMCP>
#	G	D	E	R	K	N	Q	S	T	A	V	L	I	F	Y	W	H	M	C	P
0	0.01145	0.01020	0.01253	0.00949	0.01324	0.00941	0.00770	0.01359	0.01063	0.01671	0.00911	0.01145	0.00787	0.00529	0.00719	0.00117	0.18471	0.00358	0.00304	0.65165
1	0.02037	0.02598	0.01545	0.01404	0.01685	0.78652	0.01053	0.02177	0.01545	0.01334	0.00843	0.00983	0.00702	0.00562	0.00492	0.00140	0.00983	0.00351	0.00281	0.00632
2	0.01182	0.07108	0.52789	0.01959	0.19400	0.01331	0.05290	0.01710	0.01175	0.01713	0.00982	0.01194	0.00737	0.00505	0.00519	0.00167	0.00762	0.00426	0.00242	0.00809
3	0.01451	0.01217	0.01661	0.30745	0.13203	0.05488	0.04075	0.19591	0.01536	0.05556	0.01257	0.01685	0.00992	0.00624	0.00549	0.00173	0.00659	0.04558	0.04250	0.00732
4	0.65701	0.01086	0.00999	0.00879	0.01140	0.01325	0.00727	0.01536	0.00907	0.02188	0.00749	0.00955	0.00619	0.00608	0.00668	0.00185	0.18484	0.00337	0.00315	0.00592
5	0.00668	0.00491	0.00616	0.00713	0.00770	0.00451	0.00480	0.00765	0.01066	0.01388	0.03385	0.62816	0.16698	0.05968	0.00800	0.00231	0.00321	0.01437	0.00497	0.00440
6	0.00659	0.00553	0.00572	0.00567	0.00745	0.00466	0.00425	0.00810	0.01276	0.01552	0.13515	0.05116	0.69176	0.01351	0.00644	0.00183	0.00274	0.01132	0.00517	0.00466
7	0.00895	0.00697	0.00831	0.00773	0.00946	0.00702	0.00587	0.01436	0.18559	0.02157	0.55026	0.03692	0.09468	0.01048	0.00623	0.00175	0.00298	0.00914	0.00583	0.00590
8	0.02019	0.01727	0.01567	0.01257	0.01644	0.19143	0.01012	0.55740	0.02271	0.02898	0.01223	0.01266	0.00896	0.00633	0.00526	0.00157	0.00672	0.00460	0.04047	0.00842
9	0.01733	0.01367	0.01425	0.01144	0.01479	0.06884	0.00926	0.49985	0.02179	0.02904	0.18497	0.01909	0.01860	0.00766	0.00622	0.00167	0.04238	0.00593	0.00525	0.00797

[dist]
# distance from previous block
# <min> <max>
0	11

[block]
# block no. 2 follows, 44 sequences, length 69
# corresponding to MSA columns:
# 80-148
name=unknown_C
#
# <colnr> <probs for GDERKNQSTAVLIFYWHMCP>
#	G	D	E	R	K	N	Q	S	T	A	V	L	I	F	Y	W	H	M	C	P
0	0.00783	0.00577	0.00815	0.03873	0.01077	0.00567	0.01883	0.00957	0.01140	0.01495	0.02892	0.40874	0.05499	0.01551	0.00736	0.01608	0.00422	0.32288	0.00486	0.00476
1	0.01148	0.04202	0.68926	0.01490	0.02241	0.01281	0.01876	0.06216	0.01251	0.01840	0.03888	0.01266	0.00874	0.00548	0.00521	0.00171	0.00768	0.00428	0.00264	0.00800
2	0.01973	0.02495	0.01522	0.01385	0.01653	0.74221	0.01042	0.02115	0.01506	0.01331	0.00864	0.01031	0.00728	0.00703	0.03487	0.00170	0.02506	0.00362	0.00281	0.00626
3	0.84691	0.01054	0.00801	0.00717	0.01054	0.01223	0.00590	0.01603	0.00928	0.02446	0.00759	0.00886	0.00590	0.00506	0.00337	0.00169	0.00422	0.00295	0.00337	0.00590
4	0.01111	0.00944	0.01130	0.01199	0.10009	0.01012	0.00824	0.01983	0.37829	0.02061	0.18544	0.03031	0.12432	0.00915	0.00594	0.00183	0.00402	0.04558	0.00522	0.00716
5	0.00843	0.00701	0.01079	0.18012	0.12662	0.00732	0.00893	0.01029	0.01083	0.01449	0.02279	0.51955	0.02587	0.01280	0.00641	0.00204	0.00453	0.01166	0.00415	0.00539
6	0.01311	0.03817	0.18520	0.02407	0.01687	0.02843	0.04306	0.09063	0.03805	0.05533	0.01152	0.03260	0.00913	0.00522	0.00476	0.00129	0.00561	0.00426	0.00347	0.38921
7	0.03653	0.04559	0.51241	0.01770	0.08822	0.06040	0.12888	0.01746	0.01196	0.01719	0.00980	0.01191	0.00724	0.00507	0.00527	0.00170	0.00803	0.00437	0.00247	0.00780
8	0.00784	0.00562	0.00764	0.00764	0.00823	0.00621	0.00542	0.00902	0.00843	0.01183	0.01562	0.02707	0.01609	0.34537	0.48568	0.00738	0.01091	0.00667	0.00307	0.00425
9	0.35958	0.01331	0.05687	0.01710	0.11401	0.01287	0.30063	0.01694	0.01131	0.03540	0.00965	0.01204	0.00737	0.00489	0.00495	0.00174	0.00664	0.00465	0.00306	0.00698
10	0.00664	0.00474	0.00633	0.00759	0.00791	0.00443	0.00506	0.00759	0.01044	0.01392	0.03005	0.80485	0.03606	0.01708	0.00696	0.00221	0.00316	0.01550	0.00506	0.00443
11	0.02351	0.03482	0.01345	0.00997	0.01418	0.00935	0.00827	0.08731	0.03909	0.66921	0.02039	0.01785	0.01304	0.00669	0.00542	0.00167	0.00478	0.00538	0.00647	0.00919
12	0.01397	0.03296	0.01292	0.00939	0.01376	0.01047	0.00761	0.24834	0.01585	0.02259	0.01359	0.04528	0.04437	0.00581	0.00470	0.00118	0.00461	0.00462	0.00407	0.48390
13	0.01270	0.21735	0.39424	0.01538	0.04968	0.01509	0.12145	0.06199	0.01247	0.01719	0.01012	0.03019	0.00802	0.00532	0.00501	0.00161	0.00737	0.00445	0.00265	0.00771
14	0.84691	0.01054	0.00801	0.00717	0.01054	0.01223	0.00590	0.01603	0.00928	0.02446	0.00759	0.00886	0.00590	0.00506	0.00337	0.00169	0.00422	0.00295	0.00337	0.00590
15	0.00744	0.00554	0.00669	0.00646	0.00772	0.00505	0.00472	0.00936	0.01360	0.01841	0.47116	0.04352	0.23284	0.11745	0.00928	0.00224	0.00303	0.02536	0.00538	0.00476
16	0.01443	0.10387	0.19589	0.03893	0.11175	0.16375	0.07930	0.03237	0.01283	0.06861	0.01269	0.06167	0.03047	0.00643	0.00585	0.00166	0.04394	0.00521	0.00312	0.00725
17	0.01287	0.01471	0.03217	0.02298	0.02849	0.01379	0.75460	0.01746	0.01287	0.01746	0.01103	0.01471	0.00827	0.00460	0.00643	0.00184	0.00919	0.00643	0.00276	0.00735
18	0.02446	0.00928	0.01265	0.00970	0.01392	0.00801	0.00801	0.02657	0.01560	0.77817	0.02151	0.01856	0.01350	0.00675	0.00548	0.00169	0.00464	0.00548	0.00675	0.00928
19	0.01203	0.01416	0.13306	0.33857	0.12174	0.01267	0.21117	0.01616	0.01182	0.04485	0.01053	0.01411	0.00788	0.00524	0.00591	0.00179	0.02332	0.00517	0.00269	0.00713
20	0.01059	0.00648	0.00825	0.00835	0.00969	0.00622	0.00605	0.08392	0.01288	0.12314	0.04917	0.56294	0.04766	0.01431	0.00659	0.00207	0.00366	0.02704	0.00536	0.00562
21	0.02446	0.00928	0.01265	0.00970	0.01392	0.00801	0.00801	0.02657	0.01560	0.77817	0.02151	0.01856	0.01350	0.00675	0.00548	0.00169	0.00464	0.00548	0.00675	0.00928
22	0.76313	0.01041	0.00849	0.00743	0.01089	0.01180	0.00612	0.01710	0.00992	0.10124	0.00901	0.00984	0.00668	0.00523	0.00359	0.00169	0.00426	0.00321	0.00372	0.00625
23	0.01204	0.02322	0.54148	0.01606	0.05450	0.03429	0.09877	0.01729	0.01209	0.06352	0.01333	0.03007	0.04703	0.00588	0.00544	0.00174	0.00759	0.00501	0.00285	0.00778
24	0.01300	0.00965	0.01248	0.01129	0.03381	0.00997	0.06224	0.26258	0.03789	0.05421	0.02180	0.40183	0.02271	0.01155	0.00627	0.00194	0.00475	0.01027	0.00505	0.00672
25	0.00757	0.00514	0.00605	0.00640	0.00649	0.00505	0.00379	0.00783	0.00862	0.01150	0.02074	0.24859	0.02431	0.58936	0.02199	0.00444	0.00470	0.01002	0.00379	0.00361
26	0.00919	0.03223	0.03503	0.14756	0.03436	0.04351	0.09954	0.01133	0.01121	0.01460	0.03273	0.45857	0.02424	0.01193	0.00634	0.00200	0.00520	0.01096	0.00402	0.00544
27	0.01322	0.01348	0.04523	0.06065	0.63655	0.01301	0.10375	0.01673	0.01238	0.01761	0.01031	0.01362	0.00849	0.00486	0.00552	0.00166	0.00687	0.00502	0.00268	0.00837
28	0.01161	0.03866	0.51358	0.01540	0.02200	0.01196	0.14163	0.01692	0.01237	0.05375	0.09762	0.01567	0.01254	0.00583	0.00551	0.00173	0.00741	0.00515	0.00301	0.00764
29	0.00668	0.00481	0.00634	0.00749	0.00790	0.00447	0.00503	0.00772	0.01073	0.01431	0.06471	0.74419	0.06203	0.01670	0.00692	0.00218	0.00312	0.01510	0.00510	0.00447
30	0.01261	0.04674	0.32827	0.02508	0.43279	0.02579	0.01775	0.01702	0.01205	0.01735	0.00994	0.01247	0.00785	0.00499	0.00524	0.00164	0.00715	0.00443	0.00253	0.00831
31	0.05110	0.04417	0.54069	0.01430	0.04232	0.01181	0.01659	0.01819	0.01210	0.13105	0.01255	0.01548	0.00939	0.00599	0.00525	0.00175	0.00708	0.04905	0.00319	0.00794
32	0.01624	0.06566	0.02719	0.04161	0.17292	0.25402	0.01105	0.08376	0.01460	0.08449	0.01442	0.03664	0.02852	0.00701	0.00534	0.00163	0.00684	0.07919	0.04175	0.00711
33	0.17007	0.05570	0.03131	0.03358	0.10015	0.41388	0.01066	0.04218	0.02658	0.01676	0.00882	0.01055	0.00724	0.00563	0.00531	0.00155	0.04667	0.00373	0.00297	0.00668
34	0.00750	0.00568	0.00619	0.00601	0.00782	0.00485	0.00453	0.00912	0.01305	0.05079	0.18184	0.07063	0.58657	0.01310	0.00641	0.00182	0.00282	0.01105	0.00531	0.00491
35	0.01209	0.02719	0.05205	0.00901	0.01339	0.00848	0.00763	0.08346	0.01276	0.04075	0.01299	0.08424	0.01180	0.00608	0.00468	0.00117	0.00445	0.03806	0.00372	0.56600
36	0.00692	0.00517	0.00681	0.04316	0.00923	0.00489	0.00542	0.00825	0.01133	0.01503	0.12722	0.58350	0.12207	0.01541	0.00676	0.00209	0.00323	0.01383	0.00506	0.00461
37	0.03680	0.25742	0.46544	0.01415	0.05734	0.01525	0.01589	0.03001	0.01171	0.03598	0.00945	0.01092	0.00720	0.00507	0.00465	0.00155	0.00709	0.00376	0.00253	0.00776
38	0.01838	0.08674	0.01819	0.01548	0.08409	0.40763	0.05636	0.15967	0.05568	0.01841	0.01026	0.01156	0.00817	0.00575	0.00529	0.00151	0.02193	0.00418	0.00339	0.00732
39	0.00764	0.00555	0.00719	0.00681	0.00810	0.00511	0.00510	0.01012	0.01520	0.02139	0.72478	0.05578	0.08400	0.01138	0.00644	0.00173	0.00259	0.01004	0.00594	0.00511
40	0.01074	0.01004	0.01700	0.65368	0.12731	0.01199	0.03185	0.01431	0.01115	0.01473	0.01009	0.01463	0.00771	0.00539	0.00540	0.00177	0.00704	0.00489	0.03390	0.00637
41	0.00650	0.00554	0.00561	0.00564	0.00746	0.00465	0.00426	0.00791	0.01243	0.01477	0.05455	0.05270	0.75321	0.01384	0.00647	0.00186	0.00282	0.03011	0.00506	0.00461
42	0.01029	0.00608	0.00710	0.10032	0.01058	0.00652	0.00554	0.03298	0.01145	0.01902	0.01669	0.03916	0.01377	0.05562	0.00593	0.00164	0.02218	0.00547	0.62444	0.00521
43	0.00886	0.00603	0.00891	0.00873	0.00991	0.00685	0.00682	0.01083	0.00924	0.05964	0.01510	0.02122	0.01363	0.03800	0.72089	0.00816	0.01371	0.00580	0.02251	0.00514
44	0.02072	0.01527	0.01636	0.01254	0.01691	0.01691	0.01036	0.75622	0.02563	0.03436	0.01309	0.01309	0.00927	0.00654	0.00545	0.00164	0.00600	0.00491	0.00545	0.00927
45	0.01130	0.00969	0.01130	0.00807	0.01292	0.00727	0.00646	0.01373	0.01130	0.01776	0.00969	0.01130	0.00807	0.00404	0.00404	0.00081	0.00404	0.00323	0.00323	0.84173
46	0.00793	0.00529	0.00595	0.00595	0.00595	0.00529	0.00330	0.00793	0.00793	0.01057	0.01718	0.03568	0.01982	0.80840	0.02775	0.00529	0.00529	0.00793	0.00330	0.00330
47	0.02110	0.01434	0.01574	0.01211	0.01642	0.01556	0.00999	0.63601	0.04055	0.14024	0.01449	0.01403	0.01004	0.00659	0.00546	0.00165	0.00577	0.00502	0.00564	0.00926
48	0.01030	0.00969	0.01635	0.79530	0.03755	0.01211	0.01514	0.01393	0.01090	0.01393	0.00969	0.01453	0.00727	0.00545	0.00545	0.00182	0.00727	0.00484	0.00242	0.00606
49	0.01356	0.01171	0.01233	0.01109	0.01418	0.01356	0.00863	0.02897	0.76455	0.02281	0.02219	0.02034	0.01664	0.00740	0.00555	0.00185	0.00431	0.00616	0.00555	0.00863
50	0.01233	0.01041	0.01236	0.08346	0.07172	0.01155	0.00917	0.09240	0.37951	0.02095	0.04432	0.07274	0.10403	0.00874	0.00582	0.00186	0.00465	0.04157	0.00494	0.00747
51	0.01197	0.07149	0.17719	0.01482	0.01720	0.01600	0.06490	0.01451	0.00951	0.01426	0.00800	0.01181	0.00717	0.00795	0.01345	0.00213	0.52408	0.00460	0.00239	0.00657
52	0.01381	0.01183	0.01247	0.01114	0.01427	0.01368	0.00869	0.05393	0.73918	0.02320	0.02188	0.02009	0.01639	0.00737	0.00554	0.00184	0.00437	0.00612	0.00554	0.00865
53	0.02436	0.00944	0.01275	0.00978	0.01400	0.00826	0.00808	0.04672	0.01588	0.75763	0.02128	0.01841	0.01338	0.00674	0.00548	0.00169	0.00468	0.00547	0.00671	0.00928
54	0.01230	0.01547	0.15870	0.22215	0.31831	0.03263	0.12921	0.01635	0.01201	0.01656	0.01010	0.01349	0.00788	0.00505	0.00552	0.00172	0.00746	0.00491	0.00257	0.00762
55	0.00834	0.00813	0.09240	0.00791	0.01001	0.00602	0.00691	0.01122	0.01464	0.03570	0.59618	0.05784	0.08103	0.01080	0.00632	0.00176	0.00331	0.03047	0.00551	0.00550
56	0.00824	0.00569	0.00745	0.00695	0.00832	0.00523	0.00523	0.01079	0.01544	0.04539	0.74819	0.04003	0.05026	0.01101	0.00640	0.00171	0.00264	0.00972	0.00602	0.00527
57	0.02446	0.00928	0.01265	0.00970	0.01392	0.00801	0.00801	0.02657	0.01560	0.77817	0.02151	0.01856	0.01350	0.00675	0.00548	0.00169	0.00464	0.00548	0.00675	0.00928
58	0.10006	0.11486	0.08031	0.07921	0.03089	0.03392	0.03773	0.41118	0.01887	0.02619	0.01107	0.01211	0.00819	0.00584	0.00500	0.00161	0.00629	0.00441	0.00414	0.00813
59	0.00869	0.00635	0.00797	0.00743	0.00892	0.00613	0.00567	0.05631	0.03483	0.02191	0.63156	0.03973	0.06280	0.03146	0.00695	0.00185	0.00303	0.04717	0.00581	0.00542
60	0.00685	0.00490	0.00657	0.00783	0.00824	0.00461	0.00543	0.00796	0.01065	0.01415	0.02993	0.73115	0.03559	0.01688	0.00702	0.00224	0.00335	0.08709	0.00506	0.00449
61	0.26275	0.15254	0.01545	0.01123	0.01452	0.43091	0.00897	0.01917	0.01290	0.01653	0.00804	0.00936	0.00669	0.00529	0.00423	0.00145	0.00751	0.00325	0.00290	0.00631
62	0.00674	0.00523	0.00613	0.00656	0.00771	0.00463	0.00467	0.00815	0.01216	0.01562	0.16631	0.34472	0.36263	0.01464	0.00664	0.00197	0.00289	0.01279	0.00522	0.00463
63	0.01277	0.01058	0.01268	0.00940	0.01391	0.00907	0.03478	0.14709	0.01389	0.02050	0.01160	0.06027	0.01001	0.00531	0.00456	0.00108	0.00453	0.00440	0.00372	0.60986
64	0.00790	0.00531	0.00614	0.00630	0.00640	0.00529	0.00375	0.00811	0.00837	0.01114	0.01872	0.08693	0.02158	0.70879	0.02517	0.00492	0.00513	0.05304	0.00352	0.00348
65	0.01253	0.21902	0.50036	0.01455	0.04150	0.06226	0.03117	0.01723	0.01164	0.01589	0.00915	0.01086	0.00701	0.00514	0.00500	0.00158	0.02129	0.00381	0.00236	0.00766
66	0.57043	0.03618	0.01066	0.00853	0.01218	0.01295	0.00706	0.13954	0.04584	0.09699	0.01046	0.01097	0.00768	0.00556	0.00402	0.00167	0.00461	0.00365	0.00410	0.00693
67	0.01286	0.01003	0.01209	0.00993	0.05943	0.00832	0.00732	0.07524	0.01271	0.06478	0.01121	0.01304	0.00908	0.02802	0.00501	0.00112	0.00437	0.00380	0.03227	0.61937
68	0.01383	0.01448	0.02742	0.03834	0.04050	0.03207	0.54059	0.10793	0.01418	0.01923	0.01095	0.01405	0.00830	0.00503	0.00651	0.00176	0.03736	0.00585	0.00310	0.05852

[dist]
# distance from previous block
# <min> <max>
0	1

[block]
# block no. 3 follows, 44 sequences, length 22
# corresponding to MSA columns:
# 150-171
name=unknown_D
#
# <colnr> <probs for GDERKNQSTAVLIFYWHMCP>
#	G	D	E	R	K	N	Q	S	T	A	V	L	I	F	Y	W	H	M	C	P
0	0.01051	0.00555	0.00570	0.00556	0.00699	0.00556	0.00417	0.01352	0.04776	0.04236	0.01980	0.02225	0.04899	0.03298	0.00485	0.00147	0.00279	0.00553	0.70839	0.00530
1	0.01258	0.01243	0.06307	0.02704	0.57040	0.01140	0.01474	0.01570	0.01242	0.04083	0.01629	0.03828	0.07918	0.00669	0.00566	0.00172	0.00601	0.05441	0.00322	0.00792
2	0.01350	0.00799	0.03479	0.00851	0.01113	0.00688	0.00701	0.01650	0.05169	0.25441	0.29633	0.03329	0.06785	0.04617	0.00705	0.00193	0.00393	0.08552	0.00570	0.03980
3	0.00875	0.00623	0.00780	0.00815	0.00956	0.00602	0.00643	0.01156	0.06445	0.04695	0.15099	0.16284	0.17583	0.05358	0.00786	0.00227	0.00386	0.25646	0.00521	0.00520
4	0.01053	0.07631	0.38639	0.01387	0.07799	0.01107	0.01409	0.01544	0.04936	0.01775	0.14447	0.07607	0.01893	0.00776	0.00559	0.00177	0.00609	0.05592	0.00351	0.00709
5	0.08807	0.41881	0.23207	0.01161	0.01697	0.06275	0.03636	0.01740	0.02733	0.03161	0.00895	0.01023	0.00726	0.00500	0.00421	0.00143	0.00659	0.00350	0.00262	0.00725
6	0.00664	0.00477	0.00630	0.00752	0.00789	0.00443	0.00503	0.00760	0.01051	0.01395	0.03095	0.77776	0.06255	0.01696	0.00694	0.00220	0.00315	0.01535	0.00506	0.00443
7	0.01034	0.00959	0.01594	0.74092	0.03564	0.01200	0.01462	0.01386	0.01084	0.01414	0.00991	0.01467	0.00751	0.00561	0.00579	0.00181	0.03240	0.00485	0.03354	0.00602
8	0.01093	0.02820	0.78016	0.01554	0.02360	0.01266	0.02014	0.01727	0.01151	0.01727	0.00978	0.01151	0.00691	0.00518	0.00518	0.00173	0.00806	0.00403	0.00230	0.00806
9	0.01030	0.00969	0.01635	0.79530	0.03755	0.01211	0.01514	0.01393	0.01090	0.01393	0.00969	0.01453	0.00727	0.00545	0.00545	0.00182	0.00727	0.00484	0.00242	0.00606
10	0.00839	0.00615	0.00862	0.00890	0.03393	0.00685	0.00633	0.02741	0.00918	0.01312	0.01511	0.02416	0.01478	0.21202	0.54457	0.00732	0.01162	0.00624	0.03055	0.00475
11	0.00793	0.00529	0.00595	0.00595	0.00595	0.00529	0.00330	0.00793	0.00793	0.01057	0.01718	0.03568	0.01982	0.80840	0.02775	0.00529	0.00529	0.00793	0.00330	0.00330
12	0.84691	0.01054	0.00801	0.00717	0.01054	0.01223	0.00590	0.01603	0.00928	0.02446	0.00759	0.00886	0.00590	0.00506	0.00337	0.00169	0.00422	0.00295	0.00337	0.00590
13	0.01130	0.00969	0.01130	0.00807	0.01292	0.00727	0.00646	0.01373	0.01130	0.01776	0.00969	0.01130	0.00807	0.00404	0.00404	0.00081	0.00404	0.00323	0.00323	0.84173
14	0.01799	0.01356	0.01465	0.01169	0.01553	0.01488	0.00946	0.54678	0.13620	0.03007	0.01578	0.08253	0.01265	0.00747	0.00553	0.00168	0.00541	0.00594	0.00533	0.04686
15	0.00795	0.00571	0.00739	0.00737	0.00776	0.00619	0.00501	0.00880	0.00864	0.01197	0.04141	0.08252	0.01937	0.43753	0.28155	0.00602	0.03970	0.00768	0.00335	0.00407
16	0.01093	0.02820	0.78016	0.01554	0.02360	0.01266	0.02014	0.01727	0.01151	0.01727	0.00978	0.01151	0.00691	0.00518	0.00518	0.00173	0.00806	0.00403	0.00230	0.00806
17	0.00671	0.00477	0.00631	0.00751	0.00781	0.00447	0.00497	0.00761	0.01031	0.01375	0.02941	0.76654	0.03525	0.05649	0.00799	0.00237	0.00327	0.01512	0.00497	0.00437
18	0.01121	0.01009	0.01643	0.01764	0.19801	0.02616	0.15054	0.04291	0.02921	0.03252	0.01938	0.28691	0.02028	0.01026	0.00671	0.00197	0.03018	0.07909	0.00398	0.00653
19	0.02038	0.01510	0.01617	0.01247	0.01678	0.01675	0.01028	0.72119	0.06122	0.03380	0.01353	0.01344	0.00963	0.00659	0.00546	0.00165	0.00592	0.00497	0.00546	0.00924
20	0.01193	0.01193	0.01670	0.01431	0.01431	0.01670	0.01193	0.01312	0.00835	0.01312	0.00716	0.01193	0.00716	0.00954	0.01789	0.00239	0.79843	0.00477	0.00239	0.00596
21	0.01359	0.59875	0.23283	0.01102	0.01660	0.01915	0.01227	0.01658	0.01120	0.01403	0.00818	0.00950	0.00697	0.00480	0.00396	0.00132	0.00644	0.00322	0.00232	0.00728

[dist]
# distance from previous block
# <min> <max>
0	35

[block]
# block no. 4 follows, 44 sequences, length 18
# corresponding to MSA columns:
# 207-224
name=unknown_E
#
# <colnr> <probs for GDERKNQSTAVLIFYWHMCP>
#	G	D	E	R	K	N	Q	S	T	A	V	L	I	F	Y	W	H	M	C	P
0	0.01321	0.01269	0.02149	0.08174	0.68939	0.01308	0.01639	0.01637	0.01212	0.01733	0.01007	0.01348	0.00847	0.00513	0.00602	0.00167	0.04550	0.00485	0.00267	0.00834
1	0.00779	0.00584	0.00876	0.00876	0.00974	0.00681	0.00681	0.00974	0.00876	0.01266	0.01460	0.02142	0.01363	0.04089	0.78680	0.00876	0.01460	0.00584	0.00292	0.00487
2	0.01738	0.01246	0.06946	0.01111	0.01557	0.03083	0.04854	0.10520	0.06275	0.28118	0.01488	0.01477	0.01048	0.00587	0.00565	0.00148	0.04081	0.00469	0.00470	0.24220
3	0.01169	0.19014	0.62481	0.01426	0.02161	0.01450	0.01791	0.01707	0.01142	0.01635	0.00933	0.01094	0.00692	0.00507	0.00483	0.00161	0.00760	0.00380	0.00231	0.00784
4	0.00672	0.00553	0.00591	0.00582	0.00754	0.00472	0.00436	0.00837	0.01309	0.01630	0.21351	0.04987	0.61292	0.01322	0.00644	0.00181	0.00272	0.01114	0.00527	0.00472
5	0.00947	0.00473	0.00710	0.00710	0.00710	0.00473	0.00473	0.00710	0.00710	0.00947	0.00947	0.01657	0.00947	0.01894	0.02131	0.84138	0.00473	0.00473	0.00237	0.00237
6	0.02067	0.10223	0.05633	0.01019	0.01446	0.01084	0.00893	0.08050	0.07833	0.49638	0.05109	0.01774	0.01397	0.00665	0.00528	0.00164	0.00495	0.00531	0.00577	0.00872
7	0.00695	0.00510	0.00654	0.00733	0.00809	0.00470	0.00519	0.00835	0.01175	0.01561	0.16661	0.51217	0.14319	0.01542	0.00683	0.00209	0.00312	0.06110	0.00523	0.00462
8	0.01458	0.81168	0.02857	0.00933	0.01399	0.02157	0.00933	0.01632	0.01108	0.01283	0.00758	0.00875	0.00700	0.00466	0.00350	0.00117	0.00583	0.00292	0.00233	0.00700
9	0.05115	0.02537	0.65845	0.01521	0.04491	0.01227	0.01838	0.01795	0.01177	0.07980	0.01065	0.01202	0.00745	0.00529	0.00513	0.00172	0.00755	0.00412	0.00273	0.00807
10	0.01419	0.01259	0.06980	0.02302	0.43719	0.03878	0.01337	0.01718	0.01314	0.13660	0.05850	0.02087	0.07272	0.00674	0.00562	0.00169	0.00584	0.04045	0.00379	0.00793
11	0.01419	0.69518	0.02684	0.01005	0.01404	0.02086	0.00971	0.01586	0.01068	0.01287	0.00752	0.00921	0.00702	0.00537	0.00559	0.00134	0.12129	0.00319	0.00234	0.00685
12	0.01130	0.00969	0.01130	0.00807	0.01292	0.00727	0.00646	0.01373	0.01130	0.01776	0.00969	0.01130	0.00807	0.00404	0.00404	0.00081	0.00404	0.00323	0.00323	0.84173
13	0.00780	0.00548	0.00674	0.00691	0.00708	0.00570	0.00438	0.00825	0.00856	0.01159	0.01919	0.19260	0.02203	0.52997	0.10688	0.00492	0.03538	0.00915	0.00359	0.00381
14	0.04957	0.00845	0.03548	0.01087	0.03183	0.00815	0.04316	0.03906	0.09550	0.01845	0.09665	0.10521	0.04681	0.01214	0.00668	0.00217	0.00483	0.37428	0.00486	0.00586
15	0.17172	0.01103	0.01625	0.15473	0.08709	0.01116	0.12220	0.05027	0.01287	0.20664	0.01261	0.01400	0.00899	0.00542	0.00507	0.00163	0.00588	0.00472	0.00396	0.09375
16	0.01104	0.00938	0.01106	0.03117	0.01315	0.00745	0.00659	0.01386	0.03860	0.01767	0.04341	0.01416	0.01079	0.04271	0.00536	0.00113	0.00414	0.00389	0.00341	0.71102
17	0.05113	0.15304	0.55368	0.01432	0.02128	0.03364	0.04622	0.03681	0.01186	0.01725	0.00943	0.01107	0.00699	0.00511	0.00487	0.00163	0.00755	0.00390	0.00247	0.00775

[dist]
# distance from previous block
# <min> <max>
0	1

[block]
# block no. 5 follows, 44 sequences, length 43
# corresponding to MSA columns:
# 226-268
name=unknown_F
#
# <colnr> <probs for GDERKNQSTAVLIFYWHMCP>
#	G	D	E	R	K	N	Q	S	T	A	V	L	I	F	Y	W	H	M	C	P
0	0.79273	0.01035	0.00812	0.00722	0.01057	0.01188	0.00593	0.01636	0.00959	0.05436	0.00841	0.00954	0.00641	0.00516	0.00347	0.00168	0.00419	0.00311	0.02491	0.00602
1	0.80335	0.01048	0.00826	0.00730	0.01072	0.01201	0.00602	0.01658	0.00961	0.06438	0.00833	0.00937	0.00631	0.00515	0.00349	0.00169	0.00424	0.00309	0.00355	0.00608
2	0.01093	0.02820	0.78016	0.01554	0.02360	0.01266	0.02014	0.01727	0.01151	0.01727	0.00978	0.01151	0.00691	0.00518	0.00518	0.00173	0.00806	0.00403	0.00230	0.00806
3	0.02040	0.01496	0.01602	0.01232	0.01659	0.01655	0.01016	0.73359	0.02520	0.03393	0.01323	0.01331	0.00941	0.00654	0.00540	0.00162	0.00589	0.00491	0.03081	0.00914
4	0.01041	0.00617	0.00815	0.00732	0.00907	0.00560	0.00560	0.01290	0.01546	0.14338	0.65102	0.03716	0.04534	0.01044	0.00628	0.00171	0.00290	0.00916	0.00612	0.00581
5	0.02130	0.14195	0.03527	0.01128	0.04423	0.08610	0.00924	0.02340	0.01440	0.50703	0.01680	0.01554	0.01126	0.00627	0.00548	0.00160	0.03037	0.00479	0.00524	0.00846
6	0.01453	0.75045	0.06804	0.00978	0.01457	0.04031	0.00993	0.01651	0.01121	0.01307	0.00772	0.00892	0.00699	0.00472	0.00362	0.00120	0.00605	0.00299	0.00234	0.00704
7	0.00772	0.00557	0.00729	0.00686	0.00814	0.00514	0.00514	0.01029	0.01543	0.02186	0.77152	0.04072	0.05144	0.01115	0.00643	0.00171	0.00257	0.00986	0.00600	0.00514
8	0.01780	0.00775	0.01036	0.00845	0.01148	0.00685	0.00678	0.02009	0.01532	0.47135	0.28578	0.02647	0.02690	0.00828	0.00573	0.00167	0.00380	0.00700	0.05054	0.00760
9	0.03464	0.01419	0.01460	0.01165	0.01548	0.05266	0.00947	0.53378	0.10738	0.04477	0.01575	0.01574	0.03886	0.00772	0.02539	0.00183	0.00590	0.00523	0.03641	0.00855
10	0.01030	0.00969	0.01635	0.79530	0.03755	0.01211	0.01514	0.01393	0.01090	0.01393	0.00969	0.01453	0.00727	0.00545	0.00545	0.00182	0.00727	0.00484	0.00242	0.00606
11	0.00681	0.00486	0.00630	0.00733	0.00769	0.00455	0.00485	0.00773	0.01042	0.01389	0.05724	0.67208	0.05800	0.09967	0.00910	0.00251	0.00335	0.01437	0.00491	0.00434
12	0.02064	0.01116	0.01333	0.01057	0.01448	0.01128	0.00861	0.22865	0.14683	0.40089	0.06019	0.01855	0.01493	0.00704	0.00554	0.00170	0.00485	0.00568	0.00614	0.00894
13	0.04023	0.02793	0.08367	0.03492	0.10458	0.11159	0.05348	0.08378	0.19850	0.09617	0.02916	0.01811	0.06676	0.00677	0.00564	0.00171	0.01944	0.00556	0.00425	0.00776
14	0.02115	0.00855	0.01158	0.00920	0.01279	0.00748	0.00749	0.02326	0.01524	0.62621	0.12452	0.02347	0.01946	0.03345	0.00639	0.00183	0.00439	0.02867	0.00648	0.00839
15	0.00742	0.00540	0.00714	0.00816	0.00902	0.00512	0.00624	0.00906	0.01170	0.01534	0.08101	0.42098	0.11385	0.01565	0.00706	0.00224	0.00371	0.26108	0.00511	0.00470
16	0.01617	0.01136	0.09135	0.01062	0.03092	0.00963	0.00904	0.13250	0.08913	0.27324	0.05807	0.08549	0.08915	0.03270	0.00645	0.00189	0.00485	0.03434	0.00538	0.00771
17	0.01707	0.03907	0.05265	0.05421	0.03102	0.10578	0.05042	0.22932	0.19130	0.11209	0.03549	0.01649	0.02709	0.00660	0.00544	0.00168	0.00609	0.00533	0.00472	0.00816
18	0.00989	0.00674	0.00860	0.00905	0.01078	0.00657	0.00758	0.01309	0.07203	0.08010	0.03331	0.08268	0.18448	0.01358	0.00695	0.00224	0.00438	0.43719	0.00522	0.00555
19	0.01116	0.07586	0.73444	0.01516	0.02301	0.01320	0.01948	0.01721	0.01148	0.01700	0.00965	0.01134	0.00691	0.00515	0.00508	0.00169	0.00792	0.00396	0.00230	0.00799
20	0.01927	0.01166	0.01373	0.01141	0.02969	0.01213	0.00915	0.32590	0.10696	0.26653	0.04123	0.03564	0.01509	0.00773	0.00570	0.00176	0.00514	0.06686	0.00579	0.00861
21	0.01126	0.08630	0.54712	0.01567	0.02251	0.01297	0.13186	0.01660	0.01166	0.01676	0.01129	0.05143	0.00918	0.00589	0.00539	0.00174	0.00774	0.02443	0.00258	0.00761
22	0.00786	0.00537	0.00648	0.00650	0.00672	0.00551	0.00401	0.00831	0.00843	0.01145	0.04540	0.05829	0.02050	0.62535	0.15258	0.00563	0.00667	0.00790	0.00340	0.00367
23	0.01234	0.03618	0.14846	0.06054	0.03757	0.03032	0.41255	0.01637	0.01176	0.01626	0.01039	0.03085	0.00838	0.00584	0.00793	0.00189	0.13691	0.00571	0.00265	0.00710
24	0.73534	0.01082	0.00913	0.05767	0.01271	0.01255	0.00681	0.06818	0.01054	0.02449	0.00811	0.00952	0.00623	0.00519	0.00365	0.00169	0.00454	0.00321	0.00346	0.00615
25	0.01219	0.00713	0.00735	0.00661	0.00850	0.00748	0.00514	0.14970	0.03413	0.02297	0.01704	0.01900	0.01318	0.00641	0.00416	0.00135	0.00322	0.00508	0.66341	0.00595
26	0.05103	0.01128	0.03294	0.01033	0.01410	0.05096	0.00856	0.06480	0.16759	0.43854	0.05024	0.01998	0.01525	0.00717	0.00549	0.00173	0.00493	0.03069	0.00589	0.00852
27	0.00697	0.00552	0.00626	0.00612	0.00770	0.00482	0.00457	0.00882	0.01360	0.01761	0.34650	0.06721	0.45934	0.01281	0.00645	0.00180	0.00269	0.01094	0.00545	0.00482
28	0.00674	0.00482	0.00641	0.00753	0.00793	0.00449	0.00507	0.00783	0.01087	0.01461	0.09476	0.73815	0.03740	0.01656	0.00691	0.00217	0.00311	0.01501	0.00514	0.00449
29	0.00729	0.00556	0.00669	0.00641	0.00788	0.00496	0.00481	0.00946	0.01442	0.01945	0.52965	0.04469	0.29481	0.01204	0.00643	0.00176	0.00264	0.01042	0.00568	0.00496
30	0.00772	0.00557	0.00729	0.00686	0.00814	0.00514	0.00514	0.01029	0.01543	0.02186	0.77152	0.04072	0.05144	0.01115	0.00643	0.00171	0.00257	0.00986	0.00600	0.00514
31	0.02072	0.01527	0.01636	0.01254	0.01691	0.01691	0.01036	0.75622	0.02563	0.03436	0.01309	0.01309	0.00927	0.00654	0.00545	0.00164	0.00600	0.00491	0.00545	0.00927
32	0.01193	0.01193	0.01670	0.01431	0.01431	0.01670	0.01193	0.01312	0.00835	0.01312	0.00716	0.01193	0.00716	0.00954	0.01789	0.00239	0.79843	0.00477	0.00239	0.00596
33	0.84691	0.01054	0.00801	0.00717	0.01054	0.01223	0.00590	0.01603	0.00928	0.02446	0.00759	0.00886	0.00590	0.00506	0.00337	0.00169	0.00422	0.00295	0.00337	0.00590
34	0.01458	0.81168	0.02857	0.00933	0.01399	0.02157	0.00933	0.01632	0.01108	0.01283	0.00758	0.00875	0.00700	0.00466	0.00350	0.00117	0.00583	0.00292	0.00233	0.00700
35	0.01156	0.00991	0.01142	0.00841	0.01306	0.00797	0.00670	0.01542	0.09514	0.01833	0.01108	0.01231	0.00903	0.00441	0.00421	0.00092	0.00407	0.00356	0.00349	0.74901
36	0.00664	0.00474	0.00633	0.00759	0.00791	0.00443	0.00506	0.00759	0.01044	0.01392	0.03005	0.80485	0.03606	0.01708	0.00696	0.00221	0.00316	0.01550	0.00506	0.00443
37	0.01287	0.01471	0.03217	0.02298	0.02849	0.01379	0.75460	0.01746	0.01287	0.01746	0.01103	0.01471	0.00827	0.00460	0.00643	0.00184	0.00919	0.00643	0.00276	0.00735
38	0.00674	0.00562	0.00594	0.00610	0.00786	0.00481	0.00473	0.00826	0.01244	0.01493	0.05188	0.05361	0.67814	0.01397	0.00658	0.00193	0.00305	0.10370	0.00506	0.00466
39	0.00709	0.00493	0.00619	0.00702	0.00722	0.00473	0.00445	0.00771	0.00956	0.01275	0.02557	0.53715	0.03041	0.29249	0.01419	0.00328	0.00390	0.01286	0.00445	0.00404
40	0.01284	0.01461	0.03164	0.02268	0.02801	0.01389	0.72911	0.01731	0.01271	0.01731	0.01090	0.01461	0.00823	0.00477	0.00683	0.00186	0.03628	0.00638	0.00274	0.00731
41	0.01784	0.01240	0.01276	0.01094	0.01437	0.09194	0.00862	0.02744	0.44159	0.26916	0.02054	0.01867	0.01461	0.00700	0.00546	0.00175	0.00499	0.00567	0.00566	0.00860
42	0.00726	0.00567	0.00662	0.00651	0.00805	0.00509	0.00492	0.00949	0.02900	0.01807	0.36753	0.07795	0.37579	0.01270	0.00649	0.00183	0.00283	0.04378	0.00548	0.00493

[dist]
# distance from previous block
# <min> <max>
9	23

[block]
# block no. 6 follows, 44 sequences, length 21
# corresponding to MSA columns:
# 293-313
name=unknown_G
#
# <colnr> <probs for GDERKNQSTAVLIFYWHMCP>
#	G	D	E	R	K	N	Q	S	T	A	V	L	I	F	Y	W	H	M	C	P
0	0.13495	0.12308	0.24755	0.01323	0.04014	0.25215	0.01267	0.03911	0.02327	0.01695	0.00997	0.01138	0.02359	0.00558	0.00497	0.00156	0.02617	0.00383	0.00282	0.00701
1	0.10503	0.30713	0.04682	0.00893	0.01218	0.05854	0.00797	0.03296	0.04709	0.01818	0.24895	0.04917	0.02239	0.00745	0.00482	0.00151	0.00479	0.00584	0.00395	0.00633
2	0.00924	0.00718	0.00967	0.18845	0.01566	0.00767	0.00783	0.05560	0.06104	0.03460	0.02571	0.39807	0.10076	0.04398	0.00717	0.00214	0.00443	0.01086	0.00448	0.00546
3	0.04726	0.14263	0.03142	0.00929	0.01247	0.03955	0.00776	0.07369	0.06560	0.22469	0.05686	0.05501	0.02828	0.00887	0.00745	0.12549	0.00491	0.00551	0.02126	0.03201
4	0.01699	0.01384	0.06987	0.01189	0.01570	0.01370	0.02402	0.51057	0.02092	0.04645	0.01662	0.16227	0.01480	0.00862	0.00579	0.00178	0.00562	0.02730	0.00512	0.00812
5	0.01232	0.01247	0.01645	0.32276	0.16191	0.12552	0.05882	0.04428	0.01274	0.01572	0.01611	0.05472	0.09199	0.00701	0.00565	0.00175	0.00685	0.02328	0.00314	0.00652
6	0.00915	0.00734	0.00998	0.12626	0.10201	0.00734	0.00788	0.01158	0.04158	0.04348	0.05622	0.11281	0.29128	0.09363	0.00843	0.00224	0.00443	0.05453	0.00432	0.00551
7	0.01307	0.01550	0.15674	0.17777	0.17771	0.03578	0.23597	0.01719	0.01240	0.06958	0.01145	0.01506	0.00876	0.00535	0.00572	0.00176	0.00766	0.02207	0.00293	0.00752
8	0.13940	0.19570	0.05101	0.01099	0.03776	0.01310	0.03748	0.08444	0.02962	0.28760	0.01467	0.02841	0.01091	0.00625	0.00483	0.00161	0.00533	0.02847	0.00454	0.00788
9	0.02511	0.00723	0.00848	0.00790	0.00986	0.00713	0.00609	0.05936	0.10932	0.06986	0.31141	0.10714	0.18814	0.01129	0.00625	0.00184	0.00339	0.04867	0.00558	0.00594
10	0.01239	0.01042	0.01504	0.15880	0.16908	0.01100	0.05253	0.12445	0.08009	0.04080	0.06788	0.02602	0.13956	0.00808	0.00588	0.00180	0.00550	0.05945	0.00418	0.00706
11	0.13403	0.00775	0.00867	0.00792	0.01010	0.00796	0.00611	0.01583	0.15487	0.09102	0.36000	0.07605	0.07926	0.00966	0.00576	0.00177	0.00338	0.00818	0.00548	0.00621
12	0.01431	0.01057	0.01579	0.06684	0.03810	0.01007	0.11865	0.01705	0.02404	0.17877	0.01261	0.01483	0.00971	0.03748	0.00751	0.00163	0.10323	0.00476	0.00378	0.31028
13	0.01760	0.02819	0.01434	0.01104	0.01505	0.03005	0.00899	0.43151	0.13071	0.05795	0.01436	0.01443	0.01056	0.00624	0.00510	0.00151	0.00526	0.00481	0.05931	0.13300
14	0.00868	0.12479	0.01024	0.00727	0.00924	0.00785	0.00585	0.01135	0.04823	0.01810	0.36820	0.06839	0.23059	0.01115	0.00604	0.00173	0.00334	0.04846	0.00510	0.00540
15	0.13062	0.00562	0.00655	0.00748	0.00828	0.00558	0.00516	0.00884	0.01032	0.01549	0.02736	0.66879	0.04981	0.01523	0.00642	0.00213	0.00331	0.01355	0.00481	0.00465
16	0.01786	0.01327	0.01422	0.01124	0.01501	0.01442	0.00916	0.60553	0.02287	0.03036	0.02022	0.06148	0.12328	0.00818	0.00568	0.00170	0.00537	0.00645	0.00537	0.00832
17	0.04494	0.13220	0.04018	0.05484	0.04621	0.03587	0.50176	0.01704	0.01236	0.01679	0.01017	0.01325	0.00789	0.00469	0.00566	0.00167	0.00815	0.00543	0.00271	0.03821
18	0.01184	0.01160	0.01590	0.01339	0.01411	0.01531	0.01112	0.01321	0.00879	0.01381	0.00753	0.01184	0.00729	0.00873	0.01585	0.00215	0.68122	0.00454	0.00251	0.12928
19	0.00991	0.00908	0.01501	0.67897	0.03321	0.01108	0.01367	0.01339	0.01157	0.01510	0.12209	0.01840	0.01378	0.00629	0.00560	0.00180	0.00657	0.00558	0.00295	0.00592
20	0.01293	0.01354	0.05562	0.16441	0.51454	0.04333	0.06348	0.01638	0.01226	0.01687	0.01056	0.01468	0.00878	0.00524	0.00550	0.00169	0.00696	0.02265	0.00270	0.00789

[dist]
# distance from previous block
# <min> <max>
0	9

[block]
# block no. 7 follows, 44 sequences, length 12
# corresponding to MSA columns:
# 323-334
name=unknown_H
#
# <colnr> <probs for GDERKNQSTAVLIFYWHMCP>
#	G	D	E	R	K	N	Q	S	T	A	V	L	I	F	Y	W	H	M	C	P
0	0.00916	0.00625	0.00750	0.00725	0.00757	0.02423	0.00476	0.03317	0.00858	0.01146	0.01423	0.02704	0.01540	0.44920	0.10705	0.21925	0.03468	0.00657	0.00305	0.00360
1	0.02033	0.00859	0.01152	0.00926	0.01241	0.00787	0.00736	0.07893	0.01422	0.52306	0.01777	0.01762	0.01213	0.00985	0.00953	0.21650	0.00477	0.00525	0.00553	0.00751
2	0.00758	0.00601	0.00889	0.20911	0.01549	0.00639	0.00764	0.00921	0.01056	0.01392	0.02484	0.60266	0.02869	0.01410	0.00657	0.00211	0.00421	0.01277	0.00439	0.00484
3	0.01139	0.01211	0.06056	0.01473	0.01783	0.07765	0.29068	0.01411	0.01202	0.04858	0.01872	0.33238	0.01947	0.01000	0.00676	0.00196	0.03147	0.00960	0.00383	0.00616
4	0.01635	0.01109	0.01241	0.01074	0.01411	0.01214	0.00847	0.02836	0.57294	0.21605	0.02202	0.01988	0.01584	0.00723	0.00553	0.00181	0.00440	0.00599	0.00585	0.00880
5	0.55201	0.01072	0.00958	0.00842	0.01181	0.01215	0.00681	0.02038	0.20313	0.09891	0.01271	0.01276	0.00941	0.00583	0.00414	0.00173	0.00428	0.00403	0.00427	0.00694
6	0.01174	0.02303	0.53099	0.01493	0.02153	0.01297	0.06898	0.02027	0.20426	0.01870	0.01305	0.01399	0.00949	0.00571	0.00536	0.00177	0.00718	0.00474	0.00316	0.00815
7	0.00696	0.00504	0.00658	0.00725	0.00795	0.00466	0.00504	0.00844	0.01210	0.01643	0.26159	0.52682	0.08077	0.01506	0.00677	0.00204	0.00296	0.01353	0.00535	0.00466
8	0.01071	0.01026	0.01644	0.59550	0.03160	0.01329	0.01432	0.01372	0.01025	0.01372	0.00904	0.01387	0.00724	0.00650	0.00863	0.00196	0.20967	0.00483	0.00241	0.00603
9	0.04352	0.01135	0.01921	0.10747	0.02116	0.01092	0.27070	0.07392	0.01367	0.15780	0.03017	0.05471	0.01158	0.00600	0.00559	0.00165	0.00637	0.00589	0.03157	0.11674
10	0.01164	0.00634	0.00827	0.00760	0.00949	0.00567	0.00576	0.01361	0.01409	0.21289	0.34513	0.20104	0.11351	0.01158	0.00630	0.00183	0.00325	0.01013	0.00589	0.00599
11	0.00843	0.00623	0.00787	0.03282	0.03142	0.00577	0.00575	0.01092	0.03439	0.04934	0.39835	0.10395	0.24467	0.01160	0.00631	0.00178	0.00310	0.01007	0.00542	0.02183

[dist]
# distance from previous block
# <min> <max>
0	21

# created by:
# /st0/software/busco_prod/Augustus/scripts/msa2prfl.pl ./align_prep/163383.fa
