[name]
unknown

[dist]
# distance from previous block
# <min> <max>
0	58

[block]
# block no. 0 follows, 46 sequences, length 28
# corresponding to MSA columns:
# 64-91
name=unknown_A
#
# <colnr> <probs for GDERKNQSTAVLIFYWHMCP>
#	G	D	E	R	K	N	Q	S	T	A	V	L	I	F	Y	W	H	M	C	P
0	0.14383	0.23676	0.08932	0.00991	0.01394	0.05421	0.00923	0.14536	0.01397	0.10723	0.04373	0.01642	0.04004	0.00639	0.00459	0.00153	0.00543	0.04721	0.00384	0.00705
1	0.05091	0.04127	0.03732	0.04525	0.03729	0.01039	0.04378	0.15838	0.03682	0.14396	0.08429	0.04071	0.14043	0.00775	0.00579	0.00163	0.03480	0.00634	0.00456	0.06831
2	0.04084	0.02499	0.05794	0.03556	0.01411	0.01156	0.00857	0.34789	0.03304	0.05856	0.06089	0.05729	0.07347	0.03648	0.00597	0.00170	0.00490	0.00594	0.05363	0.06667
3	0.01454	0.01069	0.01240	0.01064	0.03107	0.05445	0.03233	0.18940	0.09060	0.12986	0.14056	0.08340	0.03366	0.03209	0.02185	0.00188	0.03684	0.00664	0.00486	0.06223
4	0.08553	0.00733	0.00861	0.03366	0.00971	0.03188	0.00588	0.11282	0.01022	0.01467	0.01059	0.03668	0.00988	0.03726	0.01506	0.51637	0.00483	0.00481	0.04026	0.00396
5	0.04491	0.70967	0.02551	0.00923	0.01349	0.07454	0.00889	0.01603	0.01109	0.01313	0.02873	0.00942	0.00794	0.00478	0.00356	0.00118	0.00578	0.00305	0.00243	0.00665
6	0.85155	0.01022	0.00777	0.00695	0.01022	0.01186	0.00573	0.01554	0.00900	0.02372	0.00736	0.00859	0.00573	0.00491	0.00327	0.00164	0.00409	0.00286	0.00327	0.00573
7	0.01327	0.01142	0.01278	0.07549	0.03983	0.01319	0.00922	0.06659	0.64558	0.02188	0.01969	0.01868	0.01477	0.00690	0.00536	0.00177	0.00457	0.00577	0.00504	0.00820
8	0.00643	0.00483	0.00596	0.00680	0.00754	0.00436	0.00467	0.00752	0.01081	0.01398	0.06272	0.58007	0.23413	0.01551	0.00660	0.00203	0.00294	0.01380	0.00494	0.00436
9	0.01796	0.01354	0.01466	0.03207	0.01608	0.01513	0.00963	0.51649	0.23595	0.04923	0.01532	0.01486	0.01107	0.00656	0.00531	0.00165	0.00535	0.00512	0.00527	0.00873
10	0.01371	0.00919	0.01075	0.00907	0.01192	0.00896	0.00706	0.24238	0.01573	0.12259	0.05361	0.26015	0.05123	0.00958	0.00559	0.00164	0.00420	0.00818	0.00498	0.14949
11	0.04233	0.16553	0.12785	0.06553	0.07767	0.10434	0.01149	0.13161	0.15709	0.04876	0.01209	0.01285	0.00922	0.00563	0.00479	0.00154	0.00620	0.00430	0.00359	0.00760
12	0.11810	0.36122	0.29153	0.01181	0.01729	0.01613	0.05544	0.03141	0.01101	0.01606	0.00839	0.00991	0.00674	0.00487	0.00441	0.00145	0.02121	0.00348	0.00246	0.00706
13	0.00769	0.00513	0.00577	0.00577	0.00577	0.00513	0.00320	0.00769	0.00769	0.01025	0.01666	0.03460	0.01922	0.81421	0.02691	0.00513	0.00513	0.00769	0.00320	0.00320
14	0.01290	0.01217	0.01417	0.12077	0.05900	0.12618	0.04822	0.13952	0.03728	0.01745	0.03905	0.03847	0.05506	0.02382	0.12673	0.00280	0.09868	0.00562	0.01579	0.00632
15	0.01179	0.00885	0.02757	0.00905	0.03838	0.07245	0.00671	0.03833	0.04492	0.14264	0.25966	0.13110	0.12606	0.05001	0.00693	0.00188	0.00408	0.00856	0.00508	0.00595
16	0.09143	0.01093	0.01303	0.01007	0.01414	0.01083	0.00832	0.25725	0.01768	0.48493	0.01716	0.01554	0.01118	0.00635	0.00514	0.00162	0.00488	0.00494	0.00588	0.00872
17	0.02266	0.00926	0.01228	0.00951	0.01347	0.00831	0.00782	0.06433	0.04034	0.69546	0.04505	0.01847	0.01416	0.00669	0.00535	0.00164	0.00449	0.00545	0.00642	0.00885
18	0.01373	0.04141	0.03319	0.21780	0.09221	0.03279	0.01097	0.15474	0.04190	0.09724	0.04678	0.09094	0.01325	0.02617	0.00673	0.00181	0.06158	0.00595	0.00388	0.00693
19	0.02033	0.04116	0.01317	0.01011	0.01385	0.05067	0.00825	0.09825	0.15613	0.47579	0.01880	0.01708	0.01269	0.00754	0.02974	0.00184	0.00518	0.00520	0.00573	0.00851
20	0.00723	0.00493	0.00590	0.00635	0.00646	0.00482	0.00382	0.00757	0.00857	0.01143	0.02119	0.31679	0.02494	0.52420	0.01958	0.00404	0.00438	0.01036	0.00382	0.00360
21	0.01763	0.00896	0.01111	0.00910	0.01227	0.00863	0.00737	0.14348	0.05574	0.38247	0.13859	0.04006	0.04749	0.00801	0.00553	0.00167	0.00420	0.03984	0.05020	0.00768
22	0.01197	0.18169	0.34957	0.01671	0.12215	0.01419	0.11038	0.01666	0.04318	0.01602	0.01026	0.01315	0.00825	0.00535	0.00541	0.00162	0.03615	0.02729	0.00256	0.00745
23	0.01208	0.01184	0.01991	0.21092	0.47871	0.03092	0.07867	0.01527	0.01176	0.01606	0.01185	0.03000	0.03767	0.00540	0.00539	0.00165	0.00657	0.00525	0.00269	0.00740
24	0.00918	0.00459	0.00689	0.00689	0.00689	0.00459	0.00459	0.00689	0.00689	0.00918	0.00918	0.01607	0.00918	0.01837	0.02066	0.84619	0.00459	0.00459	0.00230	0.00230
25	0.01319	0.01588	0.12963	0.09279	0.47548	0.11791	0.01546	0.01653	0.01219	0.01623	0.01027	0.01417	0.00864	0.00528	0.00522	0.00161	0.00695	0.03229	0.00264	0.00764
26	0.02994	0.01478	0.16125	0.16999	0.08549	0.08153	0.03078	0.09492	0.04221	0.04627	0.01485	0.04690	0.05567	0.00706	0.00609	0.00175	0.05187	0.04842	0.00338	0.00685
27	0.00903	0.00647	0.00769	0.00731	0.00842	0.00678	0.00540	0.02189	0.04206	0.05042	0.06726	0.10164	0.21595	0.19644	0.03105	0.00275	0.09383	0.02747	0.09331	0.00484

[dist]
# distance from previous block
# <min> <max>
1	5

[block]
# block no. 1 follows, 46 sequences, length 10
# corresponding to MSA columns:
# 97-106
name=unknown_B
#
# <colnr> <probs for GDERKNQSTAVLIFYWHMCP>
#	G	D	E	R	K	N	Q	S	T	A	V	L	I	F	Y	W	H	M	C	P
0	0.01430	0.11808	0.01591	0.01082	0.01441	0.01307	0.04964	0.28862	0.01577	0.02164	0.01271	0.11299	0.01150	0.00697	0.00595	0.00148	0.07138	0.00549	0.00394	0.20533
1	0.12435	0.07523	0.01368	0.00998	0.01367	0.03414	0.00824	0.29165	0.08726	0.18726	0.04883	0.01672	0.05285	0.00668	0.00497	0.00159	0.00494	0.00511	0.00500	0.00785
2	0.00796	0.00556	0.00667	0.00701	0.00747	0.00552	0.00454	0.06157	0.01012	0.01351	0.02255	0.41715	0.02628	0.36170	0.01538	0.00340	0.00416	0.01111	0.00420	0.00416
3	0.01128	0.00958	0.01129	0.00831	0.01256	0.00791	0.00668	0.05157	0.01173	0.01802	0.04974	0.01258	0.01005	0.00469	0.00483	0.00095	0.04681	0.00363	0.00334	0.71446
4	0.01256	0.09987	0.08996	0.01148	0.01575	0.05165	0.09052	0.07794	0.01218	0.01718	0.00998	0.03905	0.00853	0.00542	0.00586	0.00132	0.08773	0.00423	0.00304	0.35576
5	0.00918	0.00459	0.00689	0.00689	0.00689	0.00459	0.00459	0.00689	0.00689	0.00918	0.00918	0.01607	0.00918	0.01837	0.02066	0.84619	0.00459	0.00459	0.00230	0.00230
6	0.01502	0.01259	0.04307	0.01150	0.01494	0.01317	0.04822	0.36548	0.20318	0.02517	0.01925	0.09623	0.07231	0.00802	0.00587	0.00174	0.02492	0.00661	0.00492	0.00781
7	0.00918	0.00459	0.00689	0.00689	0.00689	0.00459	0.00459	0.00689	0.00689	0.00918	0.00918	0.01607	0.00918	0.01837	0.02066	0.84619	0.00459	0.00459	0.00230	0.00230
8	0.00849	0.00802	0.03114	0.03949	0.07720	0.04191	0.02731	0.01089	0.03055	0.01669	0.26162	0.06191	0.30850	0.04473	0.00689	0.00186	0.00388	0.00903	0.00459	0.00529
9	0.01324	0.03417	0.01199	0.00894	0.01297	0.12288	0.00710	0.07663	0.01279	0.03887	0.01078	0.03662	0.00904	0.00494	0.00425	0.00103	0.00485	0.00383	0.04743	0.53765

[dist]
# distance from previous block
# <min> <max>
0	1

[block]
# block no. 2 follows, 46 sequences, length 6
# corresponding to MSA columns:
# 108-113
name=unknown_C
#
# <colnr> <probs for GDERKNQSTAVLIFYWHMCP>
#	G	D	E	R	K	N	Q	S	T	A	V	L	I	F	Y	W	H	M	C	P
0	0.01226	0.01038	0.04441	0.03870	0.06424	0.00887	0.06357	0.10168	0.01305	0.06274	0.01568	0.06196	0.06892	0.00616	0.00483	0.00131	0.00471	0.00530	0.06838	0.34286
1	0.01338	0.01339	0.01737	0.16491	0.37487	0.13274	0.01321	0.04395	0.05072	0.01696	0.05373	0.01441	0.01062	0.00541	0.00516	0.00155	0.00646	0.00476	0.00303	0.05336
2	0.04484	0.00909	0.01340	0.15074	0.07584	0.00967	0.06944	0.03761	0.04261	0.01665	0.06035	0.10488	0.05285	0.00874	0.00672	0.00182	0.07354	0.12041	0.00370	0.09711
3	0.14092	0.06685	0.01286	0.05866	0.01403	0.01031	0.04862	0.03868	0.06861	0.01756	0.01208	0.08420	0.01109	0.05246	0.00643	0.00161	0.04725	0.00501	0.00338	0.29939
4	0.13100	0.05278	0.00925	0.03257	0.01022	0.00768	0.00600	0.04059	0.01112	0.05153	0.12670	0.16936	0.05632	0.03669	0.02344	0.12933	0.00418	0.02545	0.00403	0.07175
5	0.06639	0.00879	0.01052	0.03973	0.01211	0.02678	0.04079	0.12948	0.01311	0.08144	0.07203	0.12428	0.03903	0.13157	0.00891	0.02285	0.00462	0.00685	0.05239	0.10836

[dist]
# distance from previous block
# <min> <max>
1	10

[block]
# block no. 3 follows, 46 sequences, length 18
# corresponding to MSA columns:
# 124-131,133-142
name=unknown_D
#
# <colnr> <probs for GDERKNQSTAVLIFYWHMCP>
#	G	D	E	R	K	N	Q	S	T	A	V	L	I	F	Y	W	H	M	C	P
0	0.01185	0.01614	0.20783	0.01953	0.19132	0.05235	0.22230	0.03001	0.01190	0.01644	0.03563	0.03148	0.01048	0.04794	0.05419	0.00227	0.02303	0.00545	0.00278	0.00707
1	0.01133	0.00983	0.09441	0.01050	0.06484	0.02429	0.02361	0.01502	0.06867	0.13407	0.38977	0.05238	0.06161	0.00889	0.00582	0.00168	0.00406	0.00775	0.00509	0.00640
2	0.06509	0.07234	0.41284	0.01321	0.01908	0.01156	0.09439	0.01757	0.01197	0.14117	0.04998	0.01401	0.01024	0.00550	0.00499	0.00162	0.00655	0.00457	0.03581	0.00748
3	0.74819	0.01233	0.10353	0.00795	0.01178	0.01191	0.00742	0.01569	0.00926	0.02286	0.00762	0.00890	0.00584	0.00492	0.00349	0.00164	0.00455	0.00299	0.00314	0.00598
4	0.00786	0.00607	0.00915	0.10572	0.01242	0.00710	0.00729	0.00978	0.00868	0.01224	0.01381	0.02123	0.01301	0.10712	0.62547	0.00736	0.01245	0.00573	0.00281	0.00472
5	0.00664	0.00470	0.00613	0.00714	0.00744	0.00442	0.00470	0.00751	0.01002	0.01340	0.05759	0.68449	0.03363	0.11438	0.00921	0.00249	0.00330	0.01391	0.00473	0.00419
6	0.01776	0.01112	0.01280	0.01045	0.02518	0.01176	0.00827	0.40115	0.04780	0.17103	0.04413	0.01599	0.01201	0.00803	0.00709	0.10539	0.00496	0.00509	0.07232	0.00765
7	0.00661	0.00472	0.00632	0.00746	0.00786	0.00443	0.00511	0.00769	0.01048	0.01401	0.06659	0.72986	0.03546	0.01616	0.00675	0.00214	0.00314	0.05588	0.00495	0.00436
8	0.01066	0.04926	0.58876	0.01496	0.02160	0.01191	0.09402	0.01602	0.01141	0.01651	0.01182	0.01735	0.00975	0.00613	0.00537	0.00176	0.00749	0.09528	0.00260	0.00735
9	0.11659	0.11590	0.01699	0.07500	0.14887	0.32511	0.01105	0.01745	0.01214	0.01495	0.00824	0.01047	0.00698	0.00554	0.00591	0.00154	0.09440	0.00373	0.00264	0.00649
10	0.00944	0.00686	0.00822	0.00773	0.00949	0.00669	0.00613	0.11233	0.01487	0.03384	0.33242	0.04153	0.19304	0.04385	0.00713	0.00197	0.00358	0.15020	0.00528	0.00540
11	0.00841	0.00544	0.00639	0.00635	0.00746	0.00566	0.00476	0.01026	0.01026	0.01576	0.02338	0.05044	0.16094	0.07099	0.20063	0.00346	0.03492	0.00678	0.36304	0.00468
12	0.00918	0.00815	0.01258	0.09747	0.01475	0.00888	0.10944	0.02997	0.01095	0.01502	0.06183	0.24331	0.10920	0.03692	0.02262	0.00215	0.14191	0.00891	0.03770	0.01907
13	0.04265	0.03267	0.01036	0.00842	0.01084	0.02791	0.03501	0.04781	0.02978	0.01609	0.06673	0.15553	0.08579	0.03927	0.00822	0.10544	0.02690	0.00696	0.00376	0.23987
14	0.10786	0.01220	0.04334	0.23384	0.20579	0.05869	0.01208	0.11760	0.01312	0.01894	0.03281	0.01453	0.02830	0.00576	0.00528	0.00163	0.02670	0.00470	0.04994	0.00686
15	0.12027	0.04191	0.01237	0.01027	0.03783	0.01177	0.00788	0.24364	0.13141	0.11083	0.01648	0.08712	0.02808	0.06974	0.01629	0.00199	0.00488	0.00591	0.00468	0.03663
16	0.11430	0.02346	0.03501	0.05717	0.05775	0.04708	0.04699	0.18442	0.08211	0.02887	0.04545	0.06119	0.03737	0.01141	0.11145	0.00259	0.02187	0.00570	0.01906	0.00676
17	0.02702	0.02985	0.35020	0.03671	0.15200	0.03380	0.03705	0.10538	0.01351	0.01935	0.10465	0.01548	0.01283	0.00587	0.00518	0.00162	0.00644	0.00492	0.03071	0.00744

[dist]
# distance from previous block
# <min> <max>
12	27

[block]
# block no. 4 follows, 46 sequences, length 10
# corresponding to MSA columns:
# 185-194
name=unknown_E
#
# <colnr> <probs for GDERKNQSTAVLIFYWHMCP>
#	G	D	E	R	K	N	Q	S	T	A	V	L	I	F	Y	W	H	M	C	P
0	0.01050	0.05222	0.09914	0.00853	0.01113	0.03874	0.00744	0.03347	0.08619	0.07268	0.25595	0.07404	0.13419	0.08344	0.00765	0.00200	0.00424	0.00790	0.00467	0.00589
1	0.12629	0.62842	0.04876	0.00903	0.01343	0.01870	0.00888	0.01658	0.03527	0.04231	0.00837	0.00929	0.00717	0.00475	0.00356	0.00126	0.00543	0.00306	0.00265	0.00681
2	0.01329	0.20957	0.03606	0.01130	0.01429	0.06916	0.06319	0.08646	0.10508	0.01695	0.01239	0.03789	0.02289	0.00748	0.02783	0.00177	0.14619	0.00480	0.07255	0.04086
3	0.05831	0.14084	0.01417	0.00917	0.01298	0.01044	0.00774	0.02277	0.08887	0.49351	0.07245	0.01772	0.01466	0.00651	0.00498	0.00157	0.00449	0.00517	0.00553	0.00813
4	0.01233	0.00974	0.01051	0.00945	0.01219	0.01070	0.00734	0.02315	0.53422	0.07545	0.08131	0.02630	0.14769	0.00844	0.00558	0.00177	0.00383	0.00707	0.00541	0.00751
5	0.00771	0.00514	0.00690	0.00763	0.00814	0.00498	0.00538	0.03444	0.01040	0.01389	0.05705	0.51857	0.02912	0.01612	0.00950	0.17050	0.00362	0.08232	0.00444	0.00415
6	0.00834	0.00598	0.00786	0.00723	0.00851	0.00588	0.00553	0.01069	0.01438	0.04905	0.67003	0.03706	0.06998	0.01062	0.00700	0.00171	0.06029	0.00910	0.00556	0.00518
7	0.07207	0.01338	0.09492	0.01718	0.05196	0.01166	0.41041	0.01551	0.01149	0.01732	0.01114	0.03252	0.00893	0.00587	0.02116	0.00179	0.04678	0.00548	0.08114	0.06929
8	0.03347	0.07167	0.01653	0.03305	0.09640	0.07079	0.04049	0.36056	0.06647	0.02402	0.01184	0.01345	0.00925	0.04080	0.00592	0.00164	0.00593	0.00458	0.00409	0.08907
9	0.04601	0.07431	0.05972	0.01080	0.01417	0.06696	0.03145	0.25392	0.01565	0.05266	0.04946	0.03591	0.01218	0.00966	0.07740	0.00218	0.04886	0.02354	0.05152	0.06364

[dist]
# distance from previous block
# <min> <max>
0	3

[block]
# block no. 5 follows, 46 sequences, length 50
# corresponding to MSA columns:
# 198-247
name=unknown_F
#
# <colnr> <probs for GDERKNQSTAVLIFYWHMCP>
#	G	D	E	R	K	N	Q	S	T	A	V	L	I	F	Y	W	H	M	C	P
0	0.02414	0.23660	0.03290	0.03492	0.05038	0.11656	0.12660	0.02809	0.01118	0.01432	0.00984	0.02450	0.00888	0.06525	0.02151	0.00195	0.13389	0.00459	0.04766	0.00625
1	0.03592	0.18874	0.38979	0.01309	0.01871	0.13042	0.04732	0.03536	0.01223	0.01617	0.05780	0.01227	0.00957	0.00535	0.00473	0.00152	0.00718	0.00406	0.00266	0.00711
2	0.04243	0.00776	0.03153	0.09219	0.02671	0.00723	0.05054	0.01289	0.03626	0.09231	0.30660	0.11102	0.11007	0.00973	0.00591	0.00175	0.00403	0.02959	0.00482	0.01663
3	0.01202	0.04310	0.01590	0.04264	0.01442	0.06379	0.01105	0.01337	0.00889	0.01315	0.00771	0.01188	0.00731	0.00851	0.01479	0.00213	0.64848	0.00450	0.05056	0.00580
4	0.00877	0.00744	0.03765	0.03084	0.01086	0.00800	0.00752	0.01048	0.00970	0.03426	0.11141	0.08177	0.04009	0.05863	0.34764	0.03755	0.14220	0.00679	0.00340	0.00499
5	0.00767	0.00561	0.00822	0.00822	0.00914	0.00647	0.00634	0.00952	0.00859	0.01256	0.01440	0.02123	0.01346	0.06700	0.72604	0.00802	0.01325	0.00570	0.04388	0.00467
6	0.01425	0.74674	0.02641	0.00928	0.01366	0.04415	0.00904	0.01670	0.05463	0.01301	0.00819	0.00916	0.00732	0.00470	0.00355	0.00118	0.00569	0.00303	0.00245	0.00686
7	0.00760	0.00516	0.00612	0.00618	0.00631	0.00526	0.00371	0.00788	0.00792	0.01067	0.01702	0.07426	0.01933	0.67762	0.11893	0.00538	0.00611	0.00783	0.00325	0.00345
8	0.01157	0.01157	0.01619	0.01388	0.01388	0.01619	0.01157	0.01272	0.00810	0.01272	0.00694	0.01157	0.00694	0.00925	0.01735	0.00231	0.80453	0.00463	0.00231	0.00578
9	0.00722	0.00548	0.00613	0.00592	0.00760	0.00473	0.00446	0.00893	0.01301	0.04267	0.27305	0.05838	0.51879	0.01242	0.00622	0.00175	0.00269	0.01053	0.00524	0.00478
10	0.00821	0.00557	0.00704	0.00663	0.00810	0.00503	0.00499	0.01040	0.01423	0.06631	0.56884	0.07930	0.17285	0.01128	0.00621	0.00171	0.00268	0.00985	0.00566	0.00511
11	0.00784	0.00609	0.00905	0.00888	0.00976	0.00729	0.00696	0.00967	0.00847	0.01230	0.01364	0.02011	0.01277	0.03748	0.73778	0.00805	0.07067	0.00559	0.00279	0.00480
12	0.01952	0.04155	0.01578	0.01198	0.01595	0.10356	0.00982	0.63029	0.02282	0.02989	0.01217	0.01244	0.00883	0.00618	0.00511	0.00153	0.00612	0.00455	0.03347	0.00846
13	0.03010	0.03654	0.05668	0.00978	0.01301	0.03089	0.00818	0.21470	0.03835	0.21457	0.01618	0.01923	0.03299	0.15018	0.06179	0.00267	0.02000	0.00546	0.00458	0.03414
14	0.01975	0.01492	0.01565	0.01213	0.01626	0.03727	0.00997	0.70759	0.06104	0.03222	0.01300	0.01295	0.00928	0.00636	0.00528	0.00159	0.00584	0.00478	0.00522	0.00888
15	0.00758	0.00556	0.00796	0.00796	0.00871	0.00631	0.00593	0.00909	0.00834	0.01187	0.01465	0.02350	0.01440	0.19287	0.64166	0.00783	0.01237	0.00606	0.00291	0.00442
16	0.02455	0.01039	0.01729	0.54915	0.20368	0.01202	0.03603	0.03977	0.01145	0.01534	0.01001	0.01464	0.00789	0.00535	0.00531	0.00172	0.00679	0.01946	0.00258	0.00656
17	0.00765	0.00562	0.00719	0.00676	0.00808	0.00527	0.00508	0.01055	0.04228	0.02100	0.72629	0.03916	0.07353	0.01076	0.00620	0.00167	0.00256	0.00949	0.00577	0.00509
18	0.01096	0.00940	0.01096	0.00783	0.01253	0.00705	0.00626	0.01331	0.01096	0.01723	0.00940	0.01096	0.00783	0.00392	0.00392	0.00078	0.00392	0.00313	0.00313	0.84653
19	0.00756	0.00547	0.00718	0.00703	0.00826	0.00510	0.00541	0.00997	0.01441	0.02013	0.64393	0.06160	0.06649	0.01151	0.00639	0.00178	0.00282	0.10436	0.00565	0.00494
20	0.00644	0.00460	0.00613	0.00736	0.00767	0.00429	0.00491	0.00736	0.01012	0.01350	0.02914	0.81076	0.03497	0.01656	0.00675	0.00215	0.00307	0.01503	0.00491	0.00429
21	0.00757	0.00560	0.00816	0.00816	0.00899	0.00643	0.00619	0.00923	0.00840	0.01203	0.01447	0.02246	0.01395	0.13437	0.69954	0.00808	0.01306	0.00591	0.00288	0.00453
22	0.00755	0.00507	0.00581	0.00594	0.00597	0.00503	0.00339	0.00765	0.00795	0.01060	0.01802	0.11917	0.02094	0.72730	0.02471	0.00480	0.00490	0.00849	0.00339	0.00332
23	0.01048	0.01029	0.01819	0.62500	0.03340	0.01232	0.12716	0.01397	0.01067	0.01397	0.00941	0.01393	0.00719	0.00546	0.00633	0.00181	0.06705	0.00493	0.00240	0.00606
24	0.47285	0.01002	0.00990	0.00822	0.01176	0.01066	0.00675	0.06569	0.04071	0.27596	0.03268	0.01317	0.00990	0.00578	0.00423	0.00164	0.00429	0.00408	0.00462	0.00709
25	0.00826	0.00675	0.01050	0.08365	0.01284	0.00798	0.03678	0.01026	0.00881	0.01255	0.01339	0.03377	0.01257	0.06135	0.58771	0.00690	0.07244	0.00576	0.00279	0.00494
26	0.01107	0.02442	0.01202	0.10150	0.01424	0.00982	0.06718	0.08171	0.04107	0.01793	0.01428	0.06217	0.01215	0.00999	0.07695	0.00225	0.12159	0.00559	0.30828	0.00582
27	0.04468	0.01315	0.01521	0.01184	0.01566	0.03513	0.07524	0.49061	0.03814	0.07337	0.01546	0.03685	0.04440	0.00672	0.00528	0.00161	0.00559	0.00543	0.05758	0.00804
28	0.12918	0.67205	0.03970	0.00895	0.01336	0.01940	0.00882	0.03340	0.01084	0.01456	0.00752	0.00865	0.00669	0.00463	0.00345	0.00122	0.00549	0.00290	0.00247	0.00671
29	0.85155	0.01022	0.00777	0.00695	0.01022	0.01186	0.00573	0.01554	0.00900	0.02372	0.00736	0.00859	0.00573	0.00491	0.00327	0.00164	0.00409	0.00286	0.00327	0.00573
30	0.01160	0.01480	0.13805	0.13843	0.05358	0.01268	0.43529	0.01581	0.01165	0.01617	0.01063	0.02949	0.00831	0.00523	0.00644	0.00178	0.05215	0.00566	0.02536	0.00689
31	0.01106	0.00910	0.01118	0.00854	0.01253	0.00739	0.03206	0.03896	0.03603	0.03728	0.01314	0.12901	0.01226	0.00605	0.00454	0.00110	0.00405	0.00519	0.00361	0.61693
32	0.00644	0.00460	0.00613	0.00736	0.00767	0.00429	0.00491	0.00736	0.01012	0.01350	0.02914	0.81076	0.03497	0.01656	0.00675	0.00215	0.00307	0.01503	0.00491	0.00429
33	0.02899	0.04017	0.03366	0.05723	0.05930	0.04089	0.03377	0.10955	0.11574	0.15357	0.04003	0.10135	0.01548	0.00779	0.00577	0.00170	0.02804	0.05651	0.00450	0.06598
34	0.00756	0.00539	0.00687	0.00776	0.02916	0.00517	0.00511	0.02892	0.02396	0.01424	0.05646	0.48893	0.10577	0.08977	0.00941	0.06544	0.00348	0.01192	0.03026	0.00442
35	0.07664	0.45125	0.19826	0.01069	0.01560	0.09096	0.01119	0.04044	0.01157	0.01520	0.00837	0.00966	0.00695	0.00486	0.00396	0.00133	0.00631	0.00325	0.02659	0.00690
36	0.01218	0.29696	0.39132	0.01238	0.01824	0.01494	0.03951	0.05883	0.01216	0.01658	0.07158	0.01274	0.01042	0.00538	0.00462	0.00148	0.00656	0.00412	0.00273	0.00727
37	0.00650	0.00528	0.00571	0.00577	0.00726	0.00454	0.00423	0.00792	0.01214	0.01510	0.15790	0.12850	0.56762	0.03919	0.00697	0.00191	0.00277	0.01121	0.00499	0.00448
38	0.01090	0.02166	0.52212	0.01856	0.19179	0.01173	0.04446	0.01591	0.01145	0.01680	0.03131	0.05844	0.00990	0.00575	0.00525	0.00168	0.00709	0.00496	0.00258	0.00764
39	0.03973	0.01290	0.05140	0.09934	0.57266	0.02545	0.05346	0.01615	0.02478	0.01707	0.01048	0.01431	0.00878	0.00509	0.00527	0.00163	0.00646	0.02449	0.00271	0.00784
40	0.04811	0.63981	0.10298	0.00995	0.01450	0.04932	0.01013	0.01598	0.01077	0.01337	0.00758	0.00893	0.00674	0.00482	0.00419	0.00127	0.03943	0.00304	0.00232	0.00678
41	0.00657	0.00468	0.00609	0.00715	0.00748	0.00439	0.00473	0.00744	0.01003	0.01335	0.04114	0.70630	0.05421	0.08910	0.00856	0.00240	0.00323	0.01416	0.00477	0.00421
42	0.01096	0.00940	0.01096	0.00783	0.01253	0.00705	0.00626	0.01331	0.01096	0.01723	0.00940	0.01096	0.00783	0.00392	0.00392	0.00078	0.00392	0.00313	0.00313	0.84653
43	0.08568	0.01041	0.03949	0.00936	0.01298	0.00973	0.00782	0.17276	0.05458	0.25503	0.10689	0.04208	0.01599	0.00773	0.02663	0.00173	0.00472	0.00552	0.01921	0.11169
44	0.06064	0.03725	0.01269	0.01122	0.04182	0.12427	0.03396	0.06629	0.01140	0.01646	0.01142	0.01482	0.00975	0.01353	0.17328	0.00308	0.17398	0.00464	0.17367	0.00584
45	0.01924	0.01420	0.01525	0.01190	0.01596	0.01574	0.00976	0.64554	0.12600	0.05036	0.01409	0.01378	0.01006	0.00646	0.00530	0.00162	0.00556	0.00494	0.00533	0.00891
46	0.01598	0.00961	0.01279	0.01040	0.01349	0.00951	0.06855	0.19292	0.05619	0.25796	0.13293	0.15715	0.02117	0.00874	0.00577	0.00174	0.00460	0.00761	0.00548	0.00740
47	0.01362	0.07358	0.09184	0.02278	0.36254	0.08261	0.13140	0.07713	0.01313	0.01752	0.01100	0.05828	0.00949	0.00557	0.00529	0.00160	0.00686	0.00522	0.00292	0.00763
48	0.03189	0.00916	0.11396	0.00848	0.01081	0.00697	0.00740	0.02555	0.07848	0.05608	0.26184	0.24867	0.09776	0.01109	0.00600	0.00182	0.00374	0.00968	0.00491	0.00571
49	0.00765	0.00561	0.00716	0.03041	0.00918	0.00550	0.00556	0.06928	0.01144	0.01516	0.02857	0.68114	0.07282	0.01523	0.00656	0.00207	0.00338	0.01368	0.00487	0.00473

[dist]
# distance from previous block
# <min> <max>
0	1

[block]
# block no. 6 follows, 46 sequences, length 39
# corresponding to MSA columns:
# 249-287
name=unknown_G
#
# <colnr> <probs for GDERKNQSTAVLIFYWHMCP>
#	G	D	E	R	K	N	Q	S	T	A	V	L	I	F	Y	W	H	M	C	P
0	0.01106	0.08749	0.54515	0.03751	0.03309	0.02264	0.06410	0.03593	0.01177	0.01667	0.03064	0.01440	0.05542	0.00564	0.00509	0.00164	0.00719	0.00460	0.00261	0.00737
1	0.01965	0.01462	0.01587	0.01265	0.03680	0.01617	0.01015	0.71609	0.05242	0.03247	0.01295	0.01297	0.00924	0.00633	0.00529	0.00159	0.00577	0.00480	0.00522	0.00895
2	0.01280	0.01227	0.02095	0.10281	0.71308	0.01249	0.01608	0.01598	0.01190	0.01693	0.00989	0.01318	0.00825	0.00476	0.00524	0.00159	0.00635	0.00471	0.00259	0.00815
3	0.00918	0.00459	0.00689	0.00689	0.00689	0.00459	0.00459	0.00689	0.00689	0.00918	0.00918	0.01607	0.00918	0.01837	0.02066	0.84619	0.00459	0.00459	0.00230	0.00230
4	0.01354	0.01127	0.01197	0.01071	0.01374	0.01295	0.00835	0.02800	0.74341	0.05062	0.02149	0.01966	0.01602	0.00715	0.00538	0.00179	0.00420	0.00595	0.00542	0.00839
5	0.00769	0.00513	0.00577	0.00577	0.00577	0.00513	0.00320	0.00769	0.00769	0.01025	0.01666	0.03460	0.01922	0.81421	0.02691	0.00513	0.00513	0.00769	0.00320	0.00320
6	0.00655	0.00538	0.00583	0.00609	0.00767	0.00465	0.00467	0.00799	0.01189	0.01440	0.04809	0.12132	0.61628	0.01383	0.00643	0.00190	0.00299	0.10463	0.00490	0.00450
7	0.01342	0.01149	0.01210	0.01081	0.01385	0.01327	0.00843	0.05641	0.74293	0.02255	0.02118	0.01945	0.01586	0.00714	0.00538	0.00179	0.00425	0.00593	0.00538	0.00839
8	0.01193	0.01320	0.02711	0.12005	0.02701	0.02574	0.58936	0.01596	0.01215	0.01633	0.03232	0.04003	0.00987	0.00527	0.00641	0.00180	0.02960	0.00632	0.00278	0.00677
9	0.01073	0.02643	0.73411	0.01557	0.02321	0.01235	0.07133	0.01676	0.01125	0.01676	0.00957	0.01138	0.00679	0.00498	0.00511	0.00168	0.00789	0.00407	0.00226	0.00777
10	0.01107	0.13092	0.68730	0.01428	0.02166	0.01341	0.01816	0.01662	0.01111	0.01618	0.00921	0.01081	0.00671	0.00496	0.00481	0.00160	0.00753	0.00376	0.00224	0.00768
11	0.01157	0.01157	0.01619	0.01388	0.01388	0.01619	0.01157	0.01272	0.00810	0.01272	0.00694	0.01157	0.00694	0.00925	0.01735	0.00231	0.80453	0.00463	0.00231	0.00578
12	0.01096	0.00940	0.01096	0.00783	0.01253	0.00705	0.00626	0.01331	0.01096	0.01723	0.00940	0.01096	0.00783	0.00392	0.00392	0.00078	0.00392	0.00313	0.00313	0.84653
13	0.00804	0.00645	0.00931	0.00904	0.00980	0.00777	0.00705	0.00968	0.00862	0.01241	0.01528	0.07104	0.03635	0.05745	0.58076	0.00687	0.12999	0.00633	0.00296	0.00479
14	0.00676	0.00490	0.00632	0.00735	0.00785	0.00460	0.00498	0.02576	0.01060	0.01403	0.03029	0.74297	0.08173	0.01611	0.00668	0.00211	0.00311	0.01453	0.00492	0.00442
15	0.01778	0.04396	0.01590	0.04275	0.07540	0.49913	0.01078	0.10800	0.01491	0.01583	0.00894	0.01072	0.00735	0.00584	0.00602	0.00150	0.08432	0.00384	0.02043	0.00660
16	0.01007	0.00931	0.01558	0.74609	0.05736	0.01149	0.01428	0.01354	0.01064	0.01387	0.00973	0.01429	0.00735	0.00530	0.00522	0.00173	0.00684	0.00471	0.03668	0.00591
17	0.01096	0.00940	0.01096	0.00783	0.01253	0.00705	0.00626	0.01331	0.01096	0.01723	0.00940	0.01096	0.00783	0.00392	0.00392	0.00078	0.00392	0.00313	0.00313	0.84653
18	0.00927	0.00463	0.00664	0.00664	0.00679	0.00463	0.00448	0.00758	0.00742	0.01053	0.01021	0.01654	0.00974	0.01680	0.01849	0.73816	0.00432	0.00463	0.10985	0.00263
19	0.00761	0.00556	0.00768	0.00763	0.00833	0.00612	0.00557	0.00906	0.00916	0.01295	0.11283	0.05004	0.01997	0.23082	0.46217	0.00648	0.02336	0.00694	0.00336	0.00438
20	0.01324	0.01102	0.01484	0.01804	0.28019	0.01179	0.01098	0.02188	0.37768	0.06827	0.01818	0.04248	0.01491	0.00713	0.00552	0.00177	0.00496	0.06467	0.00444	0.00802
21	0.00648	0.00463	0.00617	0.00733	0.00768	0.00432	0.00491	0.00746	0.01031	0.01379	0.05799	0.78107	0.03554	0.01634	0.00673	0.00213	0.00305	0.01482	0.00494	0.00432
22	0.01118	0.01087	0.01521	0.01335	0.01351	0.01490	0.01118	0.01250	0.00862	0.01312	0.00963	0.01771	0.00994	0.00994	0.01606	0.00233	0.70230	0.09937	0.00264	0.00567
23	0.01084	0.00940	0.01159	0.10930	0.01558	0.00765	0.00734	0.01334	0.01091	0.01675	0.00940	0.01136	0.00773	0.00409	0.00409	0.00091	0.00432	0.00333	0.00303	0.73905
24	0.01028	0.00575	0.00583	0.00567	0.00713	0.00598	0.00429	0.01433	0.10833	0.02002	0.01779	0.01971	0.01388	0.00629	0.00391	0.00130	0.00268	0.00506	0.73640	0.00537
25	0.69131	0.00943	0.00784	0.00716	0.01010	0.01063	0.00575	0.01514	0.00953	0.07040	0.01100	0.11174	0.00993	0.00650	0.00384	0.00170	0.00398	0.00457	0.00369	0.00575
26	0.01380	0.01296	0.01216	0.01098	0.01390	0.11261	0.00848	0.02663	0.65401	0.02073	0.02069	0.01928	0.03596	0.00712	0.00532	0.00174	0.00483	0.00579	0.00503	0.00797
27	0.18285	0.01434	0.06537	0.01110	0.01529	0.01472	0.00962	0.51817	0.03540	0.04999	0.01191	0.01219	0.00853	0.00599	0.00485	0.00160	0.00548	0.00437	0.02004	0.00818
28	0.01330	0.25260	0.46911	0.01261	0.01900	0.01419	0.01501	0.01763	0.01155	0.11371	0.01032	0.01126	0.00754	0.00507	0.00459	0.00151	0.00677	0.00378	0.00279	0.00767
29	0.01031	0.00598	0.00780	0.00735	0.00806	0.00612	0.00517	0.10393	0.00978	0.01314	0.01346	0.03456	0.05926	0.04573	0.01706	0.60241	0.00453	0.00537	0.03652	0.00347
30	0.00863	0.00666	0.00913	0.00977	0.01085	0.00716	0.00836	0.01076	0.01161	0.01530	0.03867	0.07930	0.08955	0.01383	0.00846	0.00234	0.10682	0.55330	0.00456	0.00493
31	0.01236	0.01403	0.11857	0.13192	0.58579	0.01242	0.01644	0.01593	0.01173	0.01671	0.00981	0.01297	0.00798	0.00483	0.00521	0.00161	0.00658	0.00461	0.00253	0.00797
32	0.00818	0.00726	0.00730	0.00814	0.00879	0.10515	0.00559	0.00921	0.01092	0.01370	0.05322	0.68077	0.03190	0.01494	0.00648	0.00203	0.00387	0.01335	0.00466	0.00455
33	0.00749	0.10857	0.00895	0.00753	0.00844	0.00646	0.00544	0.00861	0.01051	0.01385	0.07407	0.65907	0.03231	0.01466	0.00629	0.00199	0.00336	0.01312	0.00463	0.00466
34	0.00862	0.00576	0.00687	0.00696	0.00768	0.00568	0.00463	0.05887	0.01039	0.04332	0.02344	0.31597	0.07320	0.34490	0.04003	0.00348	0.00447	0.01018	0.02117	0.00438
35	0.07290	0.02643	0.10228	0.11288	0.01822	0.05007	0.08738	0.17619	0.01432	0.07068	0.03569	0.16593	0.01433	0.00783	0.00568	0.00175	0.02001	0.00670	0.00395	0.00679
36	0.35765	0.12836	0.05079	0.02249	0.03894	0.10037	0.03616	0.15369	0.02271	0.03198	0.00912	0.01025	0.00706	0.00521	0.00416	0.00153	0.00570	0.00359	0.00340	0.00683
37	0.17519	0.23419	0.09000	0.02597	0.02792	0.05789	0.00918	0.11670	0.05037	0.01867	0.03565	0.02808	0.02880	0.05739	0.00603	0.00174	0.02183	0.00444	0.00334	0.00662
38	0.04233	0.04931	0.02282	0.01123	0.06161	0.02639	0.03213	0.15303	0.06081	0.19716	0.14398	0.05145	0.02887	0.00721	0.00543	0.00157	0.01523	0.00599	0.00488	0.07857

[dist]
# distance from previous block
# <min> <max>
2	59

[block]
# block no. 7 follows, 46 sequences, length 24
# corresponding to MSA columns:
# 351-374
name=unknown_H
#
# <colnr> <probs for GDERKNQSTAVLIFYWHMCP>
#	G	D	E	R	K	N	Q	S	T	A	V	L	I	F	Y	W	H	M	C	P
0	0.01113	0.07808	0.42646	0.01265	0.01812	0.01200	0.02960	0.04227	0.14402	0.01777	0.04194	0.09475	0.01294	0.00675	0.00519	0.00168	0.00620	0.00558	0.00332	0.02955
1	0.01019	0.00944	0.01514	0.09115	0.18605	0.03085	0.12182	0.01220	0.01051	0.01424	0.02881	0.19037	0.01647	0.14900	0.01075	0.02411	0.06222	0.00773	0.00323	0.00570
2	0.00754	0.00562	0.00825	0.00817	0.00917	0.00633	0.00633	0.00953	0.00962	0.01383	0.14719	0.02403	0.01960	0.03463	0.65627	0.00731	0.01213	0.00634	0.00335	0.00477
3	0.00765	0.00588	0.00715	0.00782	0.00875	0.00590	0.00550	0.01111	0.14299	0.01529	0.04866	0.58236	0.08939	0.01450	0.00647	0.00205	0.00325	0.02523	0.00501	0.00504
4	0.00983	0.01068	0.14391	0.00896	0.01196	0.00785	0.00820	0.07836	0.06584	0.03848	0.23763	0.14830	0.13336	0.00984	0.00578	0.00170	0.00409	0.00844	0.00469	0.06210
5	0.01780	0.01184	0.01331	0.01078	0.01421	0.01266	0.00866	0.45911	0.07529	0.15038	0.01752	0.15297	0.01470	0.00822	0.00555	0.00171	0.00501	0.00673	0.00543	0.00813
6	0.00918	0.00459	0.00689	0.00689	0.00689	0.00459	0.00459	0.00689	0.00689	0.00918	0.00918	0.01607	0.00918	0.01837	0.02066	0.84619	0.00459	0.00459	0.00230	0.00230
7	0.00775	0.00578	0.00778	0.14494	0.01198	0.00608	0.00601	0.00880	0.00925	0.01217	0.02056	0.25215	0.04233	0.38020	0.01576	0.00345	0.00480	0.05243	0.00368	0.00411
8	0.01770	0.01307	0.01422	0.01116	0.01484	0.01431	0.00912	0.61096	0.04493	0.03088	0.14624	0.01756	0.01632	0.00715	0.00546	0.00161	0.00519	0.00563	0.00538	0.00828
9	0.00799	0.00540	0.00705	0.00690	0.00800	0.00502	0.00504	0.01000	0.01350	0.04930	0.53984	0.17304	0.04296	0.07305	0.00789	0.00203	0.00294	0.02970	0.00546	0.00489
10	0.00963	0.00960	0.14321	0.00831	0.01104	0.00651	0.00774	0.01263	0.01411	0.09976	0.51243	0.03314	0.09179	0.00954	0.00593	0.00167	0.00364	0.00825	0.00520	0.00586
11	0.66339	0.00974	0.00802	0.00715	0.01007	0.01111	0.00574	0.06787	0.01015	0.02291	0.00935	0.02979	0.00791	0.05285	0.00521	0.01687	0.00417	0.00370	0.04832	0.00567
12	0.01104	0.01145	0.02230	0.04284	0.02145	0.01048	0.45529	0.01443	0.01170	0.01628	0.01360	0.15224	0.01264	0.00648	0.00583	0.00165	0.00684	0.00710	0.00314	0.17319
13	0.01088	0.00632	0.00773	0.00701	0.00888	0.00596	0.00538	0.01403	0.06845	0.14847	0.37049	0.05784	0.10335	0.00946	0.00560	0.00162	0.00298	0.00812	0.15161	0.00582
14	0.00758	0.00546	0.00688	0.00687	0.00791	0.00516	0.00513	0.00943	0.01266	0.01728	0.41605	0.04309	0.11216	0.18055	0.01077	0.00254	0.00348	0.13745	0.00501	0.00454
15	0.67872	0.01335	0.14363	0.00853	0.01262	0.01208	0.00827	0.03955	0.00988	0.02281	0.00790	0.00917	0.00600	0.00497	0.00364	0.00164	0.00479	0.00310	0.00315	0.00619
16	0.00649	0.00465	0.00609	0.00721	0.00756	0.00434	0.00479	0.00738	0.01009	0.01338	0.02954	0.74511	0.06390	0.05279	0.00765	0.00227	0.00315	0.01454	0.00483	0.00425
17	0.04033	0.01377	0.15116	0.28005	0.28312	0.02404	0.01487	0.02683	0.01154	0.06088	0.01022	0.01326	0.00784	0.00556	0.00566	0.02983	0.00661	0.00452	0.00274	0.00717
18	0.00788	0.00565	0.00599	0.00589	0.00762	0.00508	0.00447	0.01009	0.04348	0.04170	0.08862	0.06476	0.50240	0.01161	0.00578	0.00170	0.00282	0.02854	0.15101	0.00489
19	0.01172	0.01040	0.01464	0.01052	0.01529	0.00848	0.13797	0.03254	0.02319	0.03208	0.01010	0.01184	0.00812	0.00417	0.00440	0.00101	0.00485	0.00380	0.00320	0.65169
20	0.00841	0.00578	0.00717	0.01651	0.00847	0.00574	0.00519	0.06372	0.01084	0.03549	0.02466	0.42876	0.06164	0.20569	0.05166	0.00310	0.00443	0.02983	0.01833	0.00458
21	0.03331	0.15899	0.35380	0.01661	0.15957	0.03954	0.04254	0.03650	0.01152	0.01623	0.00963	0.01189	0.00766	0.00780	0.07071	0.00212	0.00763	0.00408	0.00250	0.00738
22	0.01000	0.00891	0.00870	0.00921	0.01042	0.14239	0.00713	0.01163	0.01205	0.03065	0.06868	0.27925	0.04608	0.04964	0.00745	0.00220	0.00494	0.28124	0.00452	0.00492
23	0.00928	0.00697	0.00858	0.03328	0.01006	0.00739	0.00623	0.07989	0.03254	0.03533	0.06224	0.22126	0.15450	0.15536	0.04553	0.00281	0.07153	0.04781	0.00435	0.00506

[dist]
# distance from previous block
# <min> <max>
1	52

# created by:
# /st0/software/busco_prod/Augustus/scripts/msa2prfl.pl ./align_prep/163507.fa
