[name]
unknown

[dist]
# distance from previous block
# <min> <max>
4	165

[block]
# block no. 0 follows, 44 sequences, length 56
# corresponding to MSA columns:
# 644-657,661-666,682-717
name=unknown_A
#
# <colnr> <probs for GDERKNQSTAVLIFYWHMCP>
#	G	D	E	R	K	N	Q	S	T	A	V	L	I	F	Y	W	H	M	C	P
0	0.04984	0.02754	0.01561	0.01205	0.01554	0.00988	0.17510	0.07528	0.05093	0.15427	0.05685	0.05173	0.05697	0.06164	0.00729	0.00199	0.00553	0.08344	0.00452	0.08397
1	0.01099	0.00896	0.01003	0.00925	0.01082	0.06071	0.00698	0.12547	0.03319	0.01708	0.05777	0.13633	0.01832	0.13035	0.25076	0.00442	0.04350	0.00731	0.01987	0.03791
2	0.01212	0.00642	0.00848	0.00768	0.00950	0.00582	0.00576	0.01408	0.01401	0.22603	0.37822	0.16369	0.03584	0.07749	0.00804	0.00209	0.00346	0.00946	0.00582	0.00600
3	0.05267	0.01693	0.18658	0.01250	0.01733	0.01462	0.01186	0.39717	0.14430	0.04353	0.03861	0.01478	0.01129	0.00647	0.00535	0.00170	0.00596	0.00501	0.00472	0.00861
4	0.82289	0.01068	0.00826	0.00733	0.01073	0.01237	0.00603	0.03754	0.00975	0.02475	0.00775	0.00898	0.00600	0.00510	0.00343	0.00169	0.00427	0.00301	0.00343	0.00600
5	0.00958	0.00484	0.00669	0.00669	0.00701	0.00487	0.00459	0.00843	0.00812	0.01200	0.01148	0.01755	0.01060	0.01673	0.03892	0.62916	0.00452	0.00484	0.19031	0.00305
6	0.00903	0.00655	0.00896	0.01009	0.01144	0.00664	0.00878	0.01219	0.05072	0.01664	0.02853	0.05941	0.03063	0.01467	0.00743	0.00248	0.00498	0.70057	0.00505	0.00520
7	0.00779	0.00584	0.00876	0.00876	0.00974	0.00681	0.00681	0.00974	0.00876	0.01266	0.01460	0.02142	0.01363	0.04089	0.78680	0.00876	0.01460	0.00584	0.00292	0.00487
8	0.07358	0.00606	0.00745	0.00745	0.00890	0.00585	0.00585	0.01060	0.01387	0.01994	0.46245	0.07745	0.10805	0.01197	0.00644	0.00191	0.00324	0.15838	0.00547	0.00510
9	0.02038	0.02550	0.01549	0.01398	0.01686	0.75206	0.01053	0.05465	0.01591	0.01428	0.00864	0.00998	0.00712	0.00566	0.00494	0.00141	0.00966	0.00357	0.00293	0.00645
10	0.04930	0.03487	0.47529	0.01687	0.02366	0.01281	0.23325	0.01737	0.01201	0.03980	0.02757	0.01315	0.00846	0.00518	0.00548	0.00175	0.00796	0.00484	0.00270	0.00771
11	0.01430	0.01569	0.02149	0.04066	0.02078	0.18501	0.30297	0.05451	0.04485	0.01655	0.01147	0.05845	0.00985	0.00673	0.00811	0.00185	0.15618	0.00583	0.01795	0.00677
12	0.84691	0.01054	0.00801	0.00717	0.01054	0.01223	0.00590	0.01603	0.00928	0.02446	0.00759	0.00886	0.00590	0.00506	0.00337	0.00169	0.00422	0.00295	0.00337	0.00590
13	0.01281	0.01536	0.06547	0.02181	0.02718	0.03869	0.67034	0.01725	0.01281	0.01720	0.01154	0.04161	0.00912	0.00509	0.00634	0.00183	0.00895	0.00654	0.00282	0.00725
14	0.00869	0.00621	0.00868	0.00994	0.01115	0.00620	0.00863	0.01114	0.01246	0.01621	0.02892	0.09298	0.03157	0.01515	0.00751	0.00250	0.00494	0.70711	0.00502	0.00500
15	0.01065	0.00555	0.00561	0.00543	0.00684	0.00563	0.00412	0.04723	0.01209	0.02098	0.01757	0.01999	0.01376	0.00636	0.00389	0.00129	0.00270	0.00507	0.79998	0.00528
16	0.84691	0.01054	0.00801	0.00717	0.01054	0.01223	0.00590	0.01603	0.00928	0.02446	0.00759	0.00886	0.00590	0.00506	0.00337	0.00169	0.00422	0.00295	0.00337	0.00590
17	0.01192	0.00967	0.01137	0.00815	0.01297	0.00730	0.00653	0.01432	0.01150	0.05308	0.01024	0.01164	0.00833	0.00416	0.00410	0.00085	0.00407	0.00333	0.00339	0.80308
18	0.00779	0.00584	0.00876	0.00876	0.00974	0.00681	0.00681	0.00974	0.00876	0.01266	0.01460	0.02142	0.01363	0.04089	0.78680	0.00876	0.01460	0.00584	0.00292	0.00487
19	0.01107	0.00837	0.00906	0.00781	0.01066	0.00793	0.00611	0.11200	0.10811	0.06950	0.03676	0.05198	0.41001	0.01037	0.00583	0.00168	0.00369	0.00857	0.00505	0.11548
20	0.01249	0.01369	0.05652	0.02070	0.15676	0.01229	0.38325	0.01625	0.01213	0.01735	0.01032	0.01344	0.00817	0.00481	0.00629	0.00159	0.05087	0.00524	0.00281	0.19503
21	0.03913	0.02071	0.39084	0.05213	0.07529	0.01312	0.28241	0.01705	0.01190	0.01740	0.01014	0.01284	0.00750	0.00503	0.00581	0.00177	0.02180	0.00496	0.00253	0.00765
22	0.01287	0.01471	0.03217	0.02298	0.02849	0.01379	0.75460	0.01746	0.01287	0.01746	0.01103	0.01471	0.00827	0.00460	0.00643	0.00184	0.00919	0.00643	0.00276	0.00735
23	0.00664	0.00474	0.00633	0.00759	0.00791	0.00443	0.00506	0.00759	0.01044	0.01392	0.03005	0.80485	0.03606	0.01708	0.00696	0.00221	0.00316	0.01550	0.00506	0.00443
24	0.00834	0.04017	0.00947	0.00855	0.00964	0.00756	0.00662	0.02206	0.00916	0.01287	0.01574	0.02309	0.03862	0.11871	0.62009	0.00761	0.02769	0.00609	0.00304	0.00488
25	0.01165	0.18180	0.63281	0.01432	0.02171	0.01441	0.01802	0.01708	0.01143	0.01640	0.00935	0.01097	0.00692	0.00508	0.00485	0.00162	0.00762	0.00381	0.00231	0.00785
26	0.84691	0.01054	0.00801	0.00717	0.01054	0.01223	0.00590	0.01603	0.00928	0.02446	0.00759	0.00886	0.00590	0.00506	0.00337	0.00169	0.00422	0.00295	0.00337	0.00590
27	0.00664	0.00474	0.00633	0.00759	0.00791	0.00443	0.00506	0.00759	0.01044	0.01392	0.03005	0.80485	0.03606	0.01708	0.00696	0.00221	0.00316	0.01550	0.00506	0.00443
28	0.02012	0.01500	0.01616	0.01251	0.01670	0.01673	0.01031	0.69875	0.06404	0.03320	0.01341	0.01344	0.00960	0.00667	0.00578	0.00167	0.02642	0.00497	0.00538	0.00915
29	0.01461	0.01223	0.01292	0.01131	0.01458	0.01405	0.00888	0.13581	0.65599	0.02450	0.02085	0.01927	0.01556	0.00727	0.00553	0.00182	0.00456	0.00598	0.00553	0.00872
30	0.79614	0.01108	0.00851	0.00753	0.01093	0.03003	0.00618	0.04480	0.01005	0.02459	0.00782	0.00904	0.00606	0.00513	0.00349	0.00168	0.00441	0.00304	0.00344	0.00604
31	0.00792	0.00530	0.00604	0.00604	0.00608	0.00534	0.00342	0.00799	0.00796	0.01064	0.01709	0.03519	0.01961	0.78197	0.05389	0.00541	0.00561	0.00786	0.00329	0.00336
32	0.00664	0.00474	0.00633	0.00759	0.00791	0.00443	0.00506	0.00759	0.01044	0.01392	0.03005	0.80485	0.03606	0.01708	0.00696	0.00221	0.00316	0.01550	0.00506	0.00443
33	0.01134	0.00982	0.01163	0.00845	0.01300	0.00783	0.00678	0.01369	0.01113	0.01749	0.00954	0.01134	0.00802	0.00436	0.00486	0.00090	0.05118	0.00332	0.00318	0.79213
34	0.03408	0.22101	0.36136	0.04330	0.02133	0.01518	0.13387	0.04216	0.01188	0.01660	0.00954	0.01187	0.00746	0.01960	0.00569	0.00168	0.02914	0.00426	0.00254	0.00745
35	0.01323	0.37287	0.39429	0.01263	0.01888	0.03745	0.01468	0.05005	0.01206	0.01597	0.00892	0.01032	0.00705	0.00503	0.00444	0.00147	0.00703	0.00356	0.00247	0.00760
36	0.00664	0.00474	0.00633	0.00759	0.00791	0.00443	0.00506	0.00759	0.01044	0.01392	0.03005	0.80485	0.03606	0.01708	0.00696	0.00221	0.00316	0.01550	0.00506	0.00443
37	0.01321	0.00861	0.01090	0.00885	0.01204	0.00761	0.00696	0.01515	0.01200	0.18760	0.04857	0.17740	0.01680	0.00812	0.00631	0.00147	0.07512	0.00668	0.00444	0.37218
38	0.00745	0.00556	0.00691	0.00657	0.00798	0.00503	0.00493	0.00976	0.01479	0.02034	0.61920	0.04322	0.20471	0.01171	0.00643	0.00174	0.00261	0.01021	0.00580	0.00503
39	0.00779	0.00584	0.00876	0.00876	0.00974	0.00681	0.00681	0.00974	0.00876	0.01266	0.01460	0.02142	0.01363	0.04089	0.78680	0.00876	0.01460	0.00584	0.00292	0.00487
40	0.01466	0.00958	0.01165	0.00849	0.01317	0.00746	0.00686	0.01700	0.01240	0.21178	0.01271	0.01316	0.00946	0.00473	0.00441	0.00103	0.00419	0.00380	0.00413	0.62933
41	0.00757	0.00577	0.00699	0.00678	0.00821	0.00533	0.00504	0.01029	0.04902	0.01940	0.49011	0.10911	0.23186	0.01216	0.00644	0.00180	0.00275	0.01060	0.00566	0.00511
42	0.00781	0.00547	0.00663	0.00664	0.00772	0.00499	0.00467	0.00930	0.01238	0.04261	0.29236	0.20053	0.20789	0.15421	0.01029	0.00248	0.00329	0.01092	0.00514	0.00469
43	0.23109	0.04416	0.01392	0.01216	0.01516	0.56743	0.00932	0.02015	0.01375	0.01616	0.00819	0.00955	0.00674	0.00545	0.00448	0.00147	0.00829	0.00335	0.00294	0.00623
44	0.84691	0.01054	0.00801	0.00717	0.01054	0.01223	0.00590	0.01603	0.00928	0.02446	0.00759	0.00886	0.00590	0.00506	0.00337	0.00169	0.00422	0.00295	0.00337	0.00590
45	0.02997	0.03988	0.01582	0.01607	0.17725	0.06755	0.03919	0.10480	0.19928	0.10095	0.02719	0.01738	0.01261	0.01068	0.10296	0.00257	0.00691	0.01680	0.00427	0.00787
46	0.00818	0.00630	0.00770	0.00812	0.00945	0.00619	0.00616	0.01168	0.11263	0.01679	0.12649	0.31789	0.15508	0.01385	0.00667	0.00207	0.00356	0.15474	0.00520	0.02125
47	0.01427	0.00873	0.01052	0.00916	0.01178	0.00870	0.00732	0.13985	0.05068	0.20771	0.06595	0.12414	0.18190	0.01052	0.00664	0.00187	0.04105	0.07052	0.00545	0.02324
48	0.01962	0.09920	0.01660	0.01348	0.01650	0.67706	0.01036	0.03487	0.03803	0.01397	0.00885	0.01011	0.00735	0.00560	0.00481	0.00140	0.00922	0.00356	0.00290	0.00651
49	0.03261	0.01059	0.01229	0.00906	0.01369	0.00911	0.00734	0.14086	0.01433	0.13600	0.01201	0.01265	0.00905	0.00489	0.00448	0.00110	0.00446	0.00385	0.00414	0.55749
50	0.00769	0.00557	0.00725	0.00683	0.00813	0.00513	0.00512	0.01023	0.01537	0.02171	0.75600	0.04098	0.06706	0.01120	0.00643	0.00172	0.00258	0.00990	0.00598	0.00513
51	0.01256	0.01010	0.01302	0.00955	0.01408	0.00835	0.05668	0.04199	0.01205	0.07231	0.01089	0.01256	0.00873	0.00607	0.03788	0.00135	0.02677	0.00382	0.00350	0.63776
52	0.00664	0.00474	0.00633	0.00759	0.00791	0.00443	0.00506	0.00759	0.01044	0.01392	0.03005	0.80485	0.03606	0.01708	0.00696	0.00221	0.00316	0.01550	0.00506	0.00443
53	0.04559	0.01399	0.01935	0.02612	0.52206	0.07638	0.01419	0.14174	0.01478	0.02035	0.01250	0.01470	0.04270	0.00561	0.00534	0.00162	0.00642	0.00498	0.00330	0.00827
54	0.00897	0.00680	0.00898	0.00870	0.00981	0.02105	0.00660	0.06595	0.01008	0.01404	0.01518	0.04441	0.01469	0.14696	0.58364	0.00741	0.01222	0.00630	0.00322	0.00499
55	0.00741	0.00513	0.00604	0.00643	0.00667	0.00497	0.00392	0.00781	0.00905	0.01193	0.02401	0.27947	0.07971	0.50100	0.01964	0.00407	0.00443	0.01058	0.00399	0.00375

[dist]
# distance from previous block
# <min> <max>
0	8

[block]
# block no. 1 follows, 44 sequences, length 17
# corresponding to MSA columns:
# 745-761
name=unknown_B
#
# <colnr> <probs for GDERKNQSTAVLIFYWHMCP>
#	G	D	E	R	K	N	Q	S	T	A	V	L	I	F	Y	W	H	M	C	P
0	0.01328	0.01483	0.08125	0.06879	0.47501	0.09051	0.07346	0.01665	0.01285	0.01741	0.07331	0.01538	0.01179	0.00549	0.00550	0.00164	0.00687	0.00519	0.00294	0.00782
1	0.01246	0.01383	0.02849	0.02088	0.02524	0.01392	0.59748	0.01633	0.01200	0.01658	0.01112	0.04548	0.00918	0.00594	0.00842	0.00195	0.14441	0.00651	0.00278	0.00700
2	0.00769	0.00532	0.00625	0.00636	0.00663	0.00533	0.00390	0.00809	0.00858	0.01140	0.02096	0.09935	0.07977	0.59661	0.10687	0.00514	0.00592	0.00861	0.00355	0.00367
3	0.01141	0.00928	0.01122	0.07191	0.01426	0.00830	0.00736	0.11404	0.01303	0.01881	0.01500	0.20058	0.01483	0.00760	0.00504	0.00134	0.00436	0.00651	0.00391	0.46123
4	0.16953	0.21022	0.06485	0.01117	0.01527	0.17592	0.00984	0.22922	0.01593	0.02168	0.02420	0.01102	0.00830	0.00563	0.00449	0.00149	0.00649	0.00382	0.00358	0.00734
5	0.01360	0.01394	0.02076	0.01606	0.01905	0.07649	0.24613	0.08107	0.01227	0.01701	0.00934	0.01266	0.00781	0.00667	0.01029	0.00186	0.31036	0.00501	0.00292	0.11669
6	0.07700	0.00647	0.00806	0.03035	0.00972	0.00622	0.00568	0.01284	0.01259	0.14229	0.27332	0.05814	0.09785	0.01116	0.00833	0.14471	0.00358	0.00753	0.07880	0.00535
7	0.01833	0.01201	0.01188	0.01012	0.01299	0.16580	0.00794	0.07322	0.04396	0.31345	0.01604	0.01680	0.01170	0.01192	0.10608	0.07686	0.00688	0.00502	0.07187	0.00714
8	0.08257	0.01143	0.01215	0.01023	0.01349	0.01254	0.00812	0.23927	0.29779	0.08780	0.04716	0.02118	0.07426	0.04941	0.00660	0.00193	0.00470	0.00612	0.00531	0.00793
9	0.43794	0.03800	0.00946	0.00773	0.01080	0.03702	0.00627	0.01639	0.01193	0.15109	0.14179	0.01950	0.07856	0.00710	0.00456	0.00168	0.00415	0.00527	0.00447	0.00630
10	0.04761	0.00935	0.00952	0.00824	0.01037	0.07631	0.00594	0.07557	0.01211	0.10934	0.04477	0.08641	0.01706	0.31395	0.01379	0.00294	0.00515	0.00670	0.00410	0.14079
11	0.01954	0.01179	0.01326	0.04868	0.01538	0.07305	0.00892	0.20618	0.06421	0.34174	0.08073	0.03479	0.01604	0.00744	0.00561	0.00171	0.00532	0.03169	0.00567	0.00825
12	0.00886	0.00585	0.00789	0.00765	0.00888	0.00589	0.00572	0.01068	0.01160	0.07452	0.24116	0.10002	0.08701	0.09845	0.29555	0.00470	0.00748	0.00849	0.00451	0.00508
13	0.01305	0.03674	0.01096	0.00934	0.01154	0.00947	0.00717	0.23137	0.04730	0.08512	0.10052	0.34230	0.02530	0.01170	0.00656	0.02568	0.00425	0.00981	0.00527	0.00654
14	0.07096	0.01144	0.01232	0.01051	0.01370	0.04484	0.03144	0.17123	0.23379	0.03759	0.02145	0.05323	0.09795	0.00829	0.00571	0.00175	0.01519	0.06610	0.00482	0.08768
15	0.02613	0.01185	0.01248	0.08118	0.01567	0.10197	0.00866	0.12091	0.12114	0.13267	0.06407	0.06843	0.03177	0.00745	0.00539	0.00160	0.00528	0.03149	0.00466	0.14720
16	0.11243	0.07706	0.02262	0.01011	0.01338	0.16582	0.00828	0.11597	0.02964	0.08709	0.13687	0.02034	0.01724	0.00721	0.00512	0.00156	0.00557	0.06267	0.00433	0.09669

[dist]
# distance from previous block
# <min> <max>
18	109

[block]
# block no. 2 follows, 44 sequences, length 50
# corresponding to MSA columns:
# 925-974
name=unknown_C
#
# <colnr> <probs for GDERKNQSTAVLIFYWHMCP>
#	G	D	E	R	K	N	Q	S	T	A	V	L	I	F	Y	W	H	M	C	P
0	0.01505	0.03652	0.04353	0.01146	0.01514	0.02238	0.07120	0.26313	0.04264	0.08775	0.03174	0.16604	0.01541	0.00810	0.00578	0.00165	0.01941	0.00690	0.00464	0.13153
1	0.03306	0.00737	0.02300	0.00975	0.01134	0.00698	0.06350	0.07066	0.01244	0.01694	0.03913	0.44135	0.04759	0.01388	0.00671	0.00213	0.00435	0.16445	0.00480	0.02058
2	0.14814	0.07563	0.01380	0.01015	0.01365	0.01364	0.00832	0.38489	0.03389	0.02692	0.09697	0.08948	0.01582	0.00758	0.00517	0.00164	0.00495	0.00594	0.00482	0.03860
3	0.19338	0.01392	0.01310	0.08234	0.01607	0.13623	0.00911	0.29944	0.01668	0.02374	0.03435	0.01330	0.00953	0.00856	0.03902	0.06939	0.00650	0.00444	0.00398	0.00692
4	0.03705	0.07039	0.65005	0.01535	0.04628	0.01338	0.01848	0.05626	0.01219	0.01816	0.00978	0.01142	0.00706	0.00521	0.00505	0.00169	0.00766	0.00401	0.00252	0.00802
5	0.03848	0.13321	0.48749	0.01389	0.01984	0.01427	0.01621	0.01695	0.01111	0.05843	0.00964	0.01150	0.00729	0.00588	0.00692	0.00175	0.13290	0.00404	0.00260	0.00758
6	0.01888	0.01264	0.03531	0.05241	0.01620	0.01281	0.00948	0.41844	0.02007	0.18491	0.03590	0.01553	0.01148	0.00646	0.00526	0.00158	0.00534	0.00505	0.07526	0.05699
7	0.01070	0.00588	0.00564	0.00551	0.00690	0.02495	0.00416	0.03296	0.01192	0.02053	0.01742	0.01987	0.01367	0.00634	0.00388	0.00128	0.00282	0.00504	0.79532	0.00523
8	0.00947	0.00473	0.00710	0.00710	0.00710	0.00473	0.00473	0.00710	0.00710	0.00947	0.00947	0.01657	0.00947	0.01894	0.02131	0.84138	0.00473	0.00473	0.00237	0.00237
9	0.00760	0.00534	0.00694	0.00773	0.00830	0.00517	0.00557	0.00887	0.01083	0.01446	0.09826	0.35339	0.03234	0.21213	0.01220	0.00300	0.00410	0.19468	0.00471	0.00437
10	0.00760	0.00529	0.00652	0.00676	0.00707	0.00536	0.00432	0.00821	0.00882	0.01190	0.03209	0.18489	0.04594	0.48197	0.15503	0.00513	0.00637	0.00919	0.00368	0.00387
11	0.01065	0.02196	0.56307	0.01335	0.01956	0.01065	0.01615	0.01581	0.01226	0.04687	0.13282	0.05996	0.01653	0.00713	0.00556	0.00177	0.00670	0.02855	0.00329	0.00735
12	0.04776	0.77974	0.02775	0.00924	0.01386	0.02120	0.00919	0.01631	0.01101	0.01329	0.00758	0.00875	0.00695	0.00468	0.00349	0.00119	0.00577	0.00292	0.00237	0.00695
13	0.15202	0.21076	0.15732	0.01228	0.03893	0.01532	0.03273	0.08732	0.02780	0.09404	0.01031	0.01163	0.00797	0.00593	0.00629	0.00166	0.11292	0.00404	0.00333	0.00741
14	0.05838	0.08080	0.51457	0.01622	0.09953	0.01307	0.04015	0.01704	0.03488	0.01734	0.01023	0.01227	0.00774	0.00704	0.04639	0.00205	0.00778	0.00421	0.00255	0.00775
15	0.78140	0.01073	0.00856	0.00751	0.01095	0.01232	0.00618	0.05196	0.01026	0.04856	0.00829	0.00936	0.00630	0.00518	0.00354	0.00168	0.00432	0.00313	0.00358	0.00617
16	0.01080	0.00962	0.01508	0.53589	0.06673	0.01139	0.02785	0.02966	0.07972	0.01599	0.01390	0.01905	0.03316	0.00643	0.00551	0.00181	0.00639	0.04450	0.06019	0.00634
17	0.01464	0.01429	0.01962	0.15433	0.49280	0.13535	0.01502	0.01759	0.01282	0.05670	0.01047	0.01335	0.00841	0.00518	0.00533	0.00162	0.00704	0.00467	0.00288	0.00788
18	0.01194	0.01190	0.01667	0.05782	0.01601	0.04000	0.04865	0.01355	0.00925	0.01376	0.00898	0.01500	0.00869	0.00915	0.01527	0.00227	0.62565	0.04361	0.02587	0.00597
19	0.84691	0.01054	0.00801	0.00717	0.01054	0.01223	0.00590	0.01603	0.00928	0.02446	0.00759	0.00886	0.00590	0.00506	0.00337	0.00169	0.00422	0.00295	0.00337	0.00590
20	0.01168	0.00968	0.01134	0.00812	0.01295	0.00729	0.00650	0.01410	0.01143	0.03967	0.01003	0.01151	0.00823	0.00412	0.00408	0.00083	0.00405	0.00329	0.00333	0.81775
21	0.01127	0.01095	0.01543	0.01343	0.01358	0.01512	0.01111	0.01258	0.00842	0.01305	0.00835	0.01344	0.00819	0.01455	0.14081	0.00340	0.67313	0.00494	0.00247	0.00579
22	0.02003	0.01491	0.01619	0.04199	0.01757	0.01659	0.01047	0.69815	0.05565	0.03311	0.01334	0.01344	0.00950	0.00654	0.00546	0.00165	0.00598	0.00496	0.00534	0.00912
23	0.00679	0.00510	0.00645	0.02867	0.00853	0.00477	0.00507	0.00787	0.01072	0.01389	0.03402	0.56345	0.19484	0.05906	0.02180	0.00240	0.00351	0.01375	0.00486	0.00446
24	0.01465	0.00905	0.01085	0.00956	0.01195	0.03160	0.01995	0.15660	0.04084	0.20478	0.08679	0.26692	0.02378	0.05216	0.00725	0.00206	0.00453	0.03443	0.00544	0.00681
25	0.01122	0.06757	0.63896	0.01579	0.02318	0.01303	0.09791	0.01697	0.01160	0.01696	0.01036	0.03346	0.00786	0.00542	0.00527	0.00172	0.00793	0.00454	0.00243	0.00783
26	0.00664	0.00474	0.00633	0.00759	0.00791	0.00443	0.00506	0.00759	0.01044	0.01392	0.03005	0.80485	0.03606	0.01708	0.00696	0.00221	0.00316	0.01550	0.00506	0.00443
27	0.01005	0.00779	0.00966	0.00903	0.01043	0.03303	0.00704	0.09620	0.01130	0.01574	0.01727	0.02219	0.07617	0.04629	0.45652	0.04059	0.05738	0.00602	0.06197	0.00534
28	0.01757	0.01413	0.01419	0.01169	0.01499	0.11822	0.00941	0.44218	0.01965	0.05412	0.01315	0.01494	0.01022	0.01504	0.20123	0.00339	0.00862	0.00497	0.00451	0.00777
29	0.00949	0.00474	0.00704	0.00704	0.00708	0.00474	0.00471	0.00726	0.00723	0.00978	0.00971	0.01668	0.00960	0.01858	0.02080	0.81721	0.00467	0.00474	0.02643	0.00245
30	0.01114	0.01080	0.01696	0.02749	0.01562	0.01362	0.12843	0.01308	0.00943	0.01418	0.01046	0.05107	0.00993	0.01316	0.11988	0.00309	0.47315	0.00570	0.04688	0.00592
31	0.01243	0.01263	0.02091	0.11934	0.02164	0.03368	0.25012	0.05440	0.01142	0.01591	0.03042	0.01486	0.00933	0.03732	0.01164	0.00216	0.32694	0.00555	0.00282	0.00649
32	0.01231	0.01144	0.01285	0.03474	0.01353	0.11647	0.00929	0.10280	0.01174	0.01575	0.01152	0.01605	0.01029	0.02151	0.33452	0.00477	0.22316	0.00507	0.02626	0.00593
33	0.68354	0.01148	0.00966	0.00823	0.01180	0.01315	0.00679	0.16240	0.01251	0.02642	0.00868	0.00969	0.00657	0.00535	0.00379	0.00168	0.00457	0.00334	0.00379	0.00657
34	0.00796	0.00609	0.00909	0.00899	0.00992	0.00722	0.00703	0.00988	0.00874	0.01267	0.01429	0.02102	0.01336	0.03959	0.75499	0.00850	0.04703	0.00580	0.00290	0.00491
35	0.00677	0.00505	0.00630	0.00701	0.00782	0.00458	0.00487	0.00807	0.01168	0.01536	0.15342	0.51420	0.20419	0.01540	0.00676	0.00205	0.00298	0.01370	0.00521	0.00458
36	0.01391	0.03536	0.04143	0.12425	0.10596	0.01324	0.11984	0.16617	0.01437	0.05615	0.05009	0.05726	0.01205	0.00725	0.00779	0.01619	0.12675	0.00582	0.00365	0.02248
37	0.09038	0.68814	0.02589	0.00939	0.01387	0.04859	0.00909	0.03712	0.01148	0.01450	0.00776	0.00892	0.00696	0.00479	0.00359	0.00124	0.00584	0.00300	0.00253	0.00694
38	0.01922	0.01281	0.01431	0.01139	0.01515	0.01374	0.00923	0.51803	0.04562	0.14936	0.01696	0.11904	0.01372	0.00800	0.00566	0.00173	0.00535	0.00644	0.00561	0.00861
39	0.01303	0.00808	0.00980	0.00870	0.01096	0.00799	0.00669	0.14094	0.06087	0.15992	0.25012	0.20743	0.07111	0.01084	0.00616	0.00183	0.00379	0.00938	0.00575	0.00662
40	0.00848	0.00614	0.00833	0.00929	0.01047	0.00610	0.00774	0.01121	0.03931	0.01685	0.12103	0.17546	0.03409	0.01462	0.00723	0.00234	0.00440	0.50667	0.00517	0.00507
41	0.00660	0.00550	0.00576	0.00576	0.00748	0.00466	0.00430	0.00810	0.01270	0.01553	0.13844	0.08108	0.65809	0.01362	0.00646	0.00184	0.00276	0.01147	0.00517	0.00466
42	0.00989	0.00848	0.01245	0.19010	0.01725	0.01059	0.00982	0.04692	0.00992	0.01397	0.01191	0.01813	0.01088	0.06541	0.36129	0.00525	0.18395	0.00545	0.00283	0.00551
43	0.01235	0.13888	0.01858	0.01352	0.01426	0.01747	0.01151	0.01363	0.00878	0.01307	0.00722	0.01142	0.00713	0.00877	0.01561	0.00219	0.67261	0.00448	0.00238	0.00613
44	0.07733	0.03104	0.00980	0.00818	0.01066	0.00817	0.00653	0.08405	0.04934	0.15680	0.27077	0.03285	0.13848	0.03390	0.00653	0.00187	0.00384	0.05799	0.00547	0.00640
45	0.01390	0.41069	0.27040	0.01310	0.04221	0.05952	0.04766	0.01729	0.01169	0.04127	0.00906	0.01052	0.00731	0.00504	0.00464	0.00145	0.02062	0.00365	0.00253	0.00743
46	0.07363	0.05789	0.01649	0.01445	0.05724	0.53089	0.03052	0.12404	0.01605	0.01735	0.00916	0.01050	0.00738	0.00560	0.00489	0.00147	0.00855	0.00380	0.00319	0.00689
47	0.01365	0.01343	0.02140	0.08232	0.68606	0.05383	0.01630	0.01681	0.01248	0.01732	0.01012	0.01337	0.00846	0.00494	0.00538	0.00162	0.00671	0.00479	0.00269	0.00834
48	0.00804	0.00526	0.00631	0.00650	0.00701	0.00532	0.00428	0.00905	0.00941	0.01357	0.04174	0.15355	0.04301	0.37976	0.13495	0.00443	0.00574	0.00847	0.14946	0.00412
49	0.25180	0.05413	0.01603	0.27630	0.13937	0.01316	0.04411	0.07552	0.02713	0.04004	0.00996	0.01255	0.00763	0.00533	0.00479	0.00170	0.00605	0.00432	0.00317	0.00692

[dist]
# distance from previous block
# <min> <max>
0	1

[block]
# block no. 3 follows, 44 sequences, length 14
# corresponding to MSA columns:
# 976-989
name=unknown_D
#
# <colnr> <probs for GDERKNQSTAVLIFYWHMCP>
#	G	D	E	R	K	N	Q	S	T	A	V	L	I	F	Y	W	H	M	C	P
0	0.00892	0.00616	0.00688	0.00669	0.00751	0.00612	0.00435	0.04913	0.04334	0.03084	0.02472	0.11551	0.14095	0.48125	0.01886	0.00388	0.00457	0.00892	0.02705	0.00436
1	0.01338	0.01130	0.01342	0.05585	0.05200	0.01265	0.02807	0.08001	0.47352	0.03510	0.05190	0.02144	0.03646	0.00754	0.00597	0.00181	0.02737	0.02950	0.00500	0.03772
2	0.00664	0.00474	0.00633	0.00759	0.00791	0.00443	0.00506	0.00759	0.01044	0.01392	0.03005	0.80485	0.03606	0.01708	0.00696	0.00221	0.00316	0.01550	0.00506	0.00443
3	0.07383	0.00913	0.06561	0.01150	0.10008	0.00783	0.00819	0.04800	0.01275	0.12932	0.11708	0.30416	0.04760	0.03151	0.00655	0.00197	0.00430	0.00950	0.00480	0.00630
4	0.01941	0.01446	0.01553	0.01219	0.01625	0.01603	0.00996	0.65229	0.09736	0.03233	0.01472	0.04836	0.01116	0.00709	0.00553	0.00168	0.00571	0.00549	0.00545	0.00900
5	0.00855	0.00559	0.00715	0.00738	0.00861	0.00508	0.00542	0.01022	0.01272	0.08120	0.23718	0.35369	0.16151	0.01389	0.00664	0.00199	0.00318	0.05942	0.00546	0.00510
6	0.00730	0.00586	0.00703	0.00769	0.04359	0.00525	0.00538	0.00904	0.01277	0.01636	0.20524	0.11982	0.42527	0.03810	0.00719	0.00200	0.00319	0.06892	0.00510	0.00489
7	0.17383	0.14844	0.06739	0.01154	0.01517	0.35905	0.00979	0.08529	0.01405	0.01784	0.00908	0.01037	0.00733	0.00545	0.00441	0.00146	0.00732	0.00354	0.04199	0.00668
8	0.06134	0.01136	0.07986	0.01112	0.04762	0.00995	0.00916	0.12955	0.07329	0.29263	0.11578	0.03715	0.01756	0.00812	0.00641	0.04773	0.00489	0.02342	0.00530	0.00779
9	0.00930	0.00475	0.00693	0.00703	0.00712	0.00473	0.00471	0.00745	0.00759	0.01041	0.01146	0.07541	0.01170	0.01810	0.01927	0.73218	0.00450	0.00555	0.04915	0.00267
10	0.01473	0.01324	0.01691	0.22880	0.22541	0.07967	0.01291	0.18604	0.09274	0.02078	0.01216	0.01438	0.00934	0.00580	0.00533	0.00167	0.00647	0.00489	0.04102	0.00773
11	0.20478	0.02714	0.06928	0.09196	0.02819	0.01106	0.00923	0.01864	0.21714	0.06053	0.05414	0.05864	0.03640	0.00795	0.00530	0.00185	0.00486	0.08171	0.00436	0.00684
12	0.14073	0.20067	0.09480	0.01305	0.11364	0.05184	0.01037	0.07278	0.03329	0.12849	0.03008	0.01538	0.06098	0.00611	0.00472	0.00156	0.00562	0.00465	0.00377	0.00746
13	0.17503	0.01154	0.05394	0.05109	0.04223	0.01187	0.07678	0.08309	0.14890	0.03438	0.01642	0.01759	0.06653	0.00681	0.00603	0.00175	0.07069	0.00535	0.11307	0.00691

[dist]
# distance from previous block
# <min> <max>
7	19

[block]
# block no. 4 follows, 44 sequences, length 49
# corresponding to MSA columns:
# 1014-1036,1055-1075,1077-1081
name=unknown_E
#
# <colnr> <probs for GDERKNQSTAVLIFYWHMCP>
#	G	D	E	R	K	N	Q	S	T	A	V	L	I	F	Y	W	H	M	C	P
0	0.28998	0.06534	0.03888	0.02317	0.01302	0.06225	0.00788	0.08948	0.04781	0.13788	0.13570	0.01704	0.01570	0.00751	0.02508	0.00183	0.00513	0.00498	0.00445	0.00690
1	0.05528	0.05337	0.01493	0.01122	0.01492	0.03319	0.00914	0.48226	0.05002	0.02768	0.01370	0.06549	0.01132	0.04309	0.00659	0.00178	0.02739	0.00544	0.00478	0.06840
2	0.10229	0.00791	0.00907	0.00858	0.01040	0.00815	0.00641	0.13459	0.03403	0.09567	0.03996	0.34288	0.02383	0.10398	0.00855	0.00236	0.00425	0.04624	0.00494	0.00591
3	0.08114	0.01079	0.01211	0.01026	0.01296	0.08618	0.07105	0.12911	0.04905	0.03806	0.21657	0.12435	0.03660	0.00886	0.00569	0.00170	0.00485	0.01739	0.02442	0.05886
4	0.09865	0.15118	0.07229	0.08484	0.03730	0.12539	0.01070	0.22517	0.04533	0.05623	0.01121	0.01227	0.00849	0.00574	0.00477	0.00155	0.00638	0.00419	0.03076	0.00757
5	0.00758	0.00529	0.00627	0.00651	0.00688	0.00509	0.00404	0.00810	0.00919	0.01228	0.04551	0.24611	0.06418	0.48991	0.03347	0.00410	0.00463	0.01008	0.00395	0.02684
6	0.00739	0.00587	0.00674	0.00687	0.00844	0.00536	0.00528	0.00982	0.04907	0.01679	0.20091	0.11367	0.41839	0.01338	0.00659	0.00194	0.00314	0.11012	0.00528	0.00495
7	0.07389	0.03331	0.05689	0.01173	0.01604	0.02877	0.01007	0.55304	0.02190	0.05124	0.03855	0.01379	0.01047	0.00640	0.00520	0.00160	0.00576	0.00480	0.02498	0.03155
8	0.01311	0.21883	0.45099	0.01366	0.02001	0.08492	0.04170	0.01752	0.01198	0.04259	0.01083	0.01217	0.02829	0.00536	0.00483	0.00157	0.00744	0.00405	0.00260	0.00756
9	0.00783	0.00590	0.00640	0.00613	0.00803	0.00512	0.00464	0.00983	0.03269	0.05780	0.17768	0.04773	0.58524	0.01279	0.00637	0.00181	0.00287	0.01075	0.00533	0.00506
10	0.01830	0.01311	0.01434	0.01130	0.01508	0.01423	0.00922	0.55028	0.06352	0.07245	0.11403	0.01891	0.04520	0.00748	0.00563	0.00167	0.00526	0.00591	0.00559	0.00852
11	0.08046	0.10809	0.54856	0.01430	0.02105	0.01367	0.05148	0.01680	0.01120	0.01722	0.00931	0.01116	0.00694	0.00526	0.00546	0.00168	0.04305	0.00395	0.00244	0.02795
12	0.09690	0.26408	0.38055	0.01242	0.01840	0.07236	0.01413	0.01764	0.01164	0.05292	0.00936	0.01062	0.00716	0.00512	0.00448	0.00153	0.00696	0.00361	0.00267	0.00745
13	0.00724	0.00543	0.00662	0.00656	0.00780	0.00491	0.00477	0.00915	0.01358	0.01832	0.44199	0.14748	0.24153	0.05099	0.00753	0.00199	0.00283	0.01098	0.00549	0.00481
14	0.08885	0.01318	0.01378	0.01085	0.01462	0.01455	0.00890	0.57027	0.02189	0.03119	0.01340	0.01393	0.00977	0.00639	0.00501	0.00158	0.00527	0.00477	0.14350	0.00829
15	0.03865	0.01218	0.01345	0.01109	0.01374	0.04135	0.00895	0.36948	0.01839	0.03885	0.12478	0.05622	0.03012	0.02142	0.00801	0.00184	0.13893	0.00620	0.03902	0.00732
16	0.01280	0.04336	0.06770	0.02179	0.02718	0.01412	0.66313	0.01724	0.01256	0.01712	0.01069	0.01423	0.00812	0.00482	0.00673	0.00183	0.04043	0.00613	0.00271	0.00732
17	0.00664	0.00474	0.00633	0.00759	0.00791	0.00443	0.00506	0.00759	0.01044	0.01392	0.03005	0.80485	0.03606	0.01708	0.00696	0.00221	0.00316	0.01550	0.00506	0.00443
18	0.01205	0.01228	0.01865	0.01541	0.01610	0.01633	0.10553	0.01367	0.00892	0.01367	0.00764	0.01228	0.00730	0.00892	0.01645	0.00232	0.69896	0.00498	0.00243	0.00614
19	0.05721	0.04749	0.01370	0.03519	0.01476	0.01230	0.00904	0.27386	0.07826	0.18416	0.02938	0.03506	0.01476	0.02645	0.02293	0.00203	0.02735	0.10306	0.00516	0.00783
20	0.58941	0.00998	0.00899	0.03540	0.01172	0.01120	0.00652	0.06342	0.01169	0.06541	0.12696	0.01479	0.01363	0.00620	0.00417	0.00169	0.00421	0.00435	0.00406	0.00619
21	0.00650	0.00553	0.00561	0.00559	0.00740	0.00463	0.00419	0.00794	0.01257	0.01507	0.08966	0.05190	0.73754	0.01368	0.00644	0.00183	0.00275	0.01143	0.00511	0.00463
22	0.00843	0.00608	0.00833	0.00941	0.01063	0.00598	0.00803	0.01077	0.01257	0.01640	0.07640	0.11143	0.07629	0.01489	0.00736	0.00240	0.00461	0.59994	0.00509	0.00496
23	0.01371	0.01336	0.02192	0.03286	0.75073	0.03712	0.01654	0.01689	0.01251	0.01767	0.01020	0.01338	0.00859	0.00488	0.00538	0.00161	0.00658	0.00482	0.00270	0.00856
24	0.02018	0.01097	0.01325	0.04105	0.01520	0.01106	0.00872	0.22927	0.10697	0.39134	0.02137	0.01970	0.07096	0.00726	0.00555	0.00171	0.00494	0.00584	0.00594	0.00871
25	0.06428	0.00964	0.01242	0.00967	0.01369	0.00884	0.00795	0.07671	0.03294	0.63462	0.05629	0.01879	0.01471	0.00688	0.00542	0.00169	0.00461	0.00554	0.00642	0.00890
26	0.01030	0.00969	0.01635	0.79530	0.03755	0.01211	0.01514	0.01393	0.01090	0.01393	0.00969	0.01453	0.00727	0.00545	0.00545	0.00182	0.00727	0.00484	0.00242	0.00606
27	0.01069	0.01010	0.01707	0.70048	0.12926	0.01222	0.01534	0.01428	0.01109	0.01441	0.00976	0.01441	0.00744	0.00538	0.00544	0.00179	0.00717	0.00485	0.00246	0.00638
28	0.01065	0.00676	0.00843	0.00772	0.00956	0.00648	0.00587	0.01436	0.10161	0.12779	0.43938	0.07784	0.08958	0.04693	0.00721	0.00194	0.00328	0.02284	0.00580	0.00597
29	0.00787	0.00535	0.00684	0.00720	0.00810	0.00495	0.00508	0.00933	0.01211	0.04741	0.24478	0.38066	0.10674	0.09143	0.00874	0.00232	0.00329	0.03782	0.00523	0.00476
30	0.00678	0.00496	0.00624	0.00710	0.00770	0.00457	0.00480	0.00784	0.01091	0.01435	0.08465	0.57941	0.14939	0.07402	0.00836	0.00235	0.00322	0.01394	0.00500	0.00442
31	0.01458	0.81168	0.02857	0.00933	0.01399	0.02157	0.00933	0.01632	0.01108	0.01283	0.00758	0.00875	0.00700	0.00466	0.00350	0.00117	0.00583	0.00292	0.00233	0.00700
32	0.08747	0.04567	0.69124	0.01462	0.02217	0.01284	0.01858	0.01713	0.01130	0.01781	0.00953	0.01120	0.00682	0.00516	0.00497	0.00171	0.00765	0.00390	0.00240	0.00783
33	0.00645	0.00549	0.00556	0.00562	0.00739	0.00459	0.00418	0.00781	0.01234	0.01469	0.05408	0.08668	0.73871	0.01396	0.00647	0.00186	0.00278	0.01169	0.00506	0.00459
34	0.00693	0.00549	0.00589	0.00582	0.00723	0.00482	0.00415	0.00825	0.01208	0.01513	0.16588	0.04741	0.51347	0.16148	0.01041	0.00246	0.00320	0.01057	0.00489	0.00445
35	0.11856	0.01444	0.01521	0.01178	0.01602	0.01595	0.00973	0.63554	0.02324	0.06702	0.01282	0.01284	0.00907	0.00638	0.00521	0.00164	0.00573	0.00470	0.00527	0.00887
36	0.03335	0.07553	0.01569	0.01212	0.01510	0.23449	0.00979	0.26634	0.04348	0.03744	0.01131	0.01260	0.00886	0.00656	0.00676	0.00162	0.12053	0.00438	0.07671	0.00734
37	0.00976	0.00650	0.00782	0.00728	0.00923	0.00602	0.00565	0.01287	0.07171	0.10712	0.34626	0.04174	0.27748	0.01146	0.00633	0.00181	0.00316	0.05639	0.00568	0.00571
38	0.00660	0.00541	0.00583	0.00605	0.00759	0.00464	0.00446	0.00800	0.01226	0.01502	0.08940	0.17900	0.59121	0.01424	0.00656	0.00191	0.00287	0.02922	0.00511	0.00461
39	0.05144	0.01233	0.01444	0.01098	0.01528	0.03311	0.04906	0.30229	0.01793	0.16639	0.04780	0.01473	0.01141	0.00595	0.00509	0.00144	0.00529	0.00477	0.00484	0.22543
40	0.01222	0.29168	0.48493	0.01338	0.01985	0.01589	0.01605	0.01672	0.01119	0.01554	0.00890	0.01060	0.00695	0.00524	0.00531	0.00157	0.05039	0.00369	0.00232	0.00759
41	0.00858	0.00584	0.00660	0.00655	0.00724	0.00593	0.00430	0.02633	0.04585	0.01377	0.02171	0.07476	0.08887	0.46612	0.06777	0.00420	0.00514	0.02483	0.11138	0.00424
42	0.00929	0.00617	0.00728	0.00691	0.00862	0.00558	0.00514	0.03906	0.01354	0.09538	0.23676	0.15489	0.32408	0.05328	0.00747	0.00202	0.00322	0.01060	0.00541	0.00531
43	0.01988	0.03153	0.01439	0.01250	0.06864	0.09122	0.00935	0.13671	0.17227	0.34276	0.03208	0.01702	0.01306	0.00663	0.00540	0.00167	0.00543	0.00531	0.00549	0.00866
44	0.04813	0.03376	0.09072	0.01161	0.04845	0.01128	0.00980	0.18525	0.10782	0.15353	0.03755	0.04988	0.01569	0.00793	0.00553	0.00178	0.00514	0.09990	0.06857	0.00770
45	0.01259	0.01192	0.01996	0.14380	0.59245	0.01229	0.01557	0.01605	0.02808	0.01717	0.01274	0.01704	0.03642	0.00571	0.00553	0.00170	0.00636	0.03377	0.00289	0.00797
46	0.01349	0.01295	0.02213	0.03346	0.77440	0.01295	0.01673	0.01673	0.01241	0.01781	0.01025	0.01349	0.00864	0.00486	0.00540	0.00162	0.00648	0.00486	0.00270	0.00864
47	0.01753	0.10392	0.01460	0.02767	0.01447	0.01265	0.00865	0.17089	0.21155	0.23856	0.03210	0.01803	0.03012	0.00844	0.04197	0.00199	0.00536	0.00545	0.02779	0.00827
48	0.01289	0.08726	0.16808	0.08257	0.09025	0.09563	0.25558	0.01661	0.01210	0.01585	0.01083	0.05596	0.00917	0.00591	0.00636	0.00175	0.05793	0.00548	0.00271	0.00711

[dist]
# distance from previous block
# <min> <max>
32	111

[block]
# block no. 5 follows, 44 sequences, length 64
# corresponding to MSA columns:
# 1329-1392
name=unknown_F
#
# <colnr> <probs for GDERKNQSTAVLIFYWHMCP>
#	G	D	E	R	K	N	Q	S	T	A	V	L	I	F	Y	W	H	M	C	P
0	0.01196	0.18313	0.14800	0.05811	0.04745	0.01316	0.08885	0.04305	0.05375	0.01714	0.06645	0.07613	0.01368	0.00677	0.00581	0.00161	0.05079	0.00563	0.04698	0.06153
1	0.01592	0.01226	0.01408	0.01101	0.01486	0.04256	0.05476	0.32252	0.04247	0.05951	0.01420	0.04633	0.01154	0.02930	0.00579	0.00157	0.00535	0.02396	0.06728	0.20474
2	0.01410	0.07072	0.01416	0.01053	0.01383	0.01204	0.03584	0.29502	0.05492	0.02334	0.06988	0.17609	0.01766	0.00852	0.00579	0.00163	0.02317	0.00712	0.00466	0.14101
3	0.09003	0.01088	0.03003	0.07304	0.10683	0.04298	0.06255	0.04234	0.07713	0.16489	0.12260	0.05744	0.01829	0.00754	0.00559	0.00175	0.00530	0.04503	0.00456	0.03122
4	0.03115	0.07863	0.01481	0.01165	0.04515	0.08974	0.00916	0.28547	0.01768	0.16514	0.03604	0.01748	0.01240	0.00947	0.06693	0.00217	0.00644	0.03873	0.05398	0.00780
5	0.01241	0.04335	0.01130	0.00952	0.02393	0.01011	0.00740	0.12918	0.20236	0.06015	0.12160	0.05122	0.13996	0.04209	0.02869	0.00209	0.00454	0.04960	0.00508	0.04541
6	0.01284	0.01312	0.05023	0.04240	0.48351	0.01254	0.15348	0.01721	0.06636	0.01791	0.01228	0.04799	0.01037	0.00558	0.00562	0.00170	0.00665	0.00567	0.02649	0.00804
7	0.01790	0.01299	0.01420	0.01127	0.01473	0.01434	0.00912	0.55236	0.03805	0.04502	0.04925	0.03870	0.01308	0.05862	0.00734	0.00190	0.03493	0.00567	0.05232	0.00819
8	0.02748	0.00724	0.00836	0.00771	0.00955	0.00733	0.00585	0.04145	0.16312	0.02128	0.45956	0.03643	0.13952	0.03287	0.00675	0.00186	0.00318	0.00896	0.00563	0.00588
9	0.51064	0.01026	0.00986	0.02837	0.01231	0.01116	0.00690	0.07973	0.01244	0.19591	0.04402	0.01323	0.01011	0.00587	0.00422	0.00168	0.00442	0.00409	0.02787	0.00690
10	0.05781	0.01299	0.01445	0.01155	0.01512	0.03296	0.04334	0.46638	0.06460	0.02888	0.12047	0.03725	0.01662	0.00750	0.00557	0.00169	0.00540	0.02280	0.02663	0.00801
11	0.00951	0.00737	0.00950	0.00847	0.00999	0.00771	0.04092	0.03188	0.02560	0.05316	0.07484	0.05633	0.29250	0.13690	0.05983	0.00285	0.11607	0.00855	0.04281	0.00523
12	0.07818	0.14838	0.42210	0.01367	0.04891	0.04643	0.01490	0.01714	0.03105	0.03932	0.03147	0.01260	0.00893	0.00712	0.04164	0.00196	0.02186	0.00414	0.00278	0.00745
13	0.01835	0.02276	0.05169	0.01591	0.10143	0.56206	0.01147	0.05012	0.05028	0.01533	0.01052	0.01192	0.02442	0.00590	0.00537	0.00151	0.02700	0.00407	0.00305	0.00684
14	0.00792	0.00531	0.00608	0.00608	0.00613	0.00536	0.00347	0.00801	0.00797	0.01067	0.01706	0.03500	0.01953	0.77210	0.06365	0.00545	0.00573	0.00783	0.00329	0.00338
15	0.01395	0.00916	0.01302	0.03501	0.01399	0.03004	0.11106	0.04702	0.03106	0.15903	0.01428	0.04212	0.01139	0.00894	0.00868	0.18640	0.00514	0.00530	0.12190	0.13251
16	0.21365	0.25142	0.17780	0.01015	0.01457	0.01434	0.01028	0.01714	0.07035	0.05810	0.04044	0.01259	0.00974	0.00640	0.00556	0.05131	0.02213	0.00397	0.00321	0.00684
17	0.01507	0.01008	0.01130	0.00953	0.01250	0.01041	0.00754	0.29394	0.07633	0.13094	0.04586	0.14513	0.16919	0.00984	0.00588	0.00178	0.00442	0.00818	0.02475	0.00733
18	0.00791	0.00559	0.00767	0.03914	0.00965	0.00603	0.00607	0.00956	0.00999	0.01450	0.02136	0.35900	0.02291	0.02265	0.26862	0.00425	0.03209	0.00982	0.13842	0.00479
19	0.01744	0.01197	0.03261	0.01182	0.04461	0.02867	0.00926	0.28981	0.11689	0.19241	0.01909	0.13431	0.01601	0.00853	0.00577	0.00180	0.00517	0.04026	0.00543	0.00816
20	0.01501	0.00894	0.06509	0.00868	0.01179	0.00711	0.00744	0.01797	0.03965	0.33677	0.31020	0.02982	0.10024	0.00901	0.00592	0.00172	0.00391	0.00765	0.00594	0.00714
21	0.00864	0.00580	0.00731	0.00684	0.00840	0.00522	0.00516	0.01089	0.01469	0.07457	0.55541	0.06976	0.18362	0.01155	0.00638	0.00175	0.00278	0.01006	0.00584	0.00531
22	0.01076	0.00729	0.01038	0.13303	0.01410	0.00790	0.06106	0.05564	0.01133	0.01748	0.01394	0.01786	0.01132	0.01073	0.06653	0.13178	0.02567	0.00513	0.38284	0.00523
23	0.08123	0.01296	0.07294	0.28665	0.21800	0.01291	0.15491	0.01604	0.02933	0.01687	0.01011	0.01366	0.00788	0.00530	0.00593	0.00178	0.03872	0.00496	0.00270	0.00714
24	0.01065	0.00817	0.00995	0.01021	0.04151	0.00857	0.00779	0.01715	0.25537	0.04591	0.15816	0.03944	0.09018	0.04061	0.00720	0.00214	0.00423	0.23107	0.00527	0.00640
25	0.00685	0.00498	0.00620	0.00701	0.00756	0.00461	0.00468	0.00781	0.01062	0.01395	0.06844	0.54565	0.14453	0.12862	0.00981	0.00257	0.00338	0.01355	0.00486	0.00433
26	0.00806	0.00588	0.00769	0.00760	0.00799	0.00653	0.00525	0.00892	0.00837	0.01166	0.01610	0.05949	0.01732	0.43316	0.31853	0.00633	0.05660	0.00724	0.00317	0.00411
27	0.01319	0.35415	0.08614	0.01096	0.03527	0.11336	0.00982	0.01542	0.01116	0.02860	0.01039	0.01320	0.00913	0.01449	0.20909	0.00328	0.02185	0.00406	0.02998	0.00646
28	0.01306	0.13676	0.14145	0.01212	0.03262	0.01385	0.01109	0.18189	0.03284	0.01878	0.01158	0.01459	0.00969	0.01618	0.22958	0.00371	0.10515	0.00474	0.00330	0.00703
29	0.01512	0.00959	0.01016	0.00843	0.01111	0.01026	0.00675	0.33333	0.01767	0.04805	0.01587	0.01716	0.01193	0.00645	0.00457	0.00144	0.00409	0.00502	0.45600	0.00701
30	0.00849	0.00608	0.00844	0.00967	0.01083	0.00603	0.00826	0.01080	0.01230	0.01601	0.02952	0.14715	0.04657	0.01527	0.00744	0.00246	0.00476	0.63995	0.00503	0.00494
31	0.01299	0.01583	0.11338	0.05486	0.24691	0.04880	0.34603	0.01706	0.01248	0.01715	0.01037	0.01356	0.00810	0.00488	0.00597	0.00171	0.02101	0.00534	0.00269	0.04089
32	0.01212	0.04454	0.01079	0.02142	0.01153	0.13528	0.00704	0.08704	0.04565	0.04851	0.38610	0.05826	0.09098	0.00954	0.00590	0.00167	0.00449	0.00798	0.00511	0.00606
33	0.00801	0.00582	0.00726	0.00781	0.00911	0.00545	0.00608	0.01014	0.03374	0.03741	0.10840	0.25646	0.24331	0.01442	0.00685	0.00212	0.00361	0.22383	0.00520	0.00498
34	0.00947	0.00473	0.00710	0.00710	0.00710	0.00473	0.00473	0.00710	0.00710	0.00947	0.00947	0.01657	0.00947	0.01894	0.02131	0.84138	0.00473	0.00473	0.00237	0.00237
35	0.01844	0.23816	0.04953	0.01276	0.01635	0.51602	0.01058	0.05133	0.01454	0.01425	0.00845	0.00974	0.00711	0.00538	0.00457	0.00136	0.00852	0.00343	0.00277	0.00670
36	0.10826	0.01176	0.09547	0.01015	0.01435	0.00979	0.00903	0.04225	0.11198	0.46250	0.01843	0.01764	0.01257	0.04348	0.00626	0.00188	0.00499	0.00524	0.00556	0.00843
37	0.00751	0.00556	0.00701	0.00665	0.00802	0.00506	0.00499	0.00990	0.01496	0.02073	0.65804	0.04258	0.16562	0.01157	0.00643	0.00173	0.00260	0.01012	0.00585	0.00506
38	0.00804	0.00551	0.00649	0.00669	0.00699	0.00547	0.00416	0.03157	0.00946	0.01266	0.04534	0.21854	0.02473	0.54564	0.02081	0.00424	0.00471	0.03114	0.00393	0.00387
39	0.02871	0.00782	0.01014	0.03513	0.01168	0.00889	0.00745	0.14939	0.01216	0.01736	0.01486	0.05589	0.01363	0.05992	0.48145	0.00614	0.02349	0.00605	0.04415	0.00570
40	0.01430	0.67305	0.11985	0.01088	0.04002	0.01992	0.01086	0.01667	0.01127	0.02955	0.00823	0.00944	0.00717	0.00478	0.00381	0.00126	0.00610	0.00317	0.00243	0.00723
41	0.01391	0.01071	0.01272	0.05277	0.01499	0.01077	0.00839	0.08894	0.20424	0.09474	0.03198	0.02515	0.01213	0.00623	0.00595	0.00145	0.06685	0.00487	0.00435	0.32886
42	0.00748	0.00558	0.00697	0.00667	0.00807	0.00506	0.00504	0.00981	0.01473	0.02024	0.60310	0.04373	0.19904	0.01180	0.00646	0.00176	0.00268	0.03094	0.00578	0.00503
43	0.01854	0.02477	0.01219	0.01005	0.01331	0.03996	0.00829	0.10739	0.04770	0.39394	0.07938	0.04674	0.01960	0.00882	0.00592	0.00184	0.00489	0.14294	0.00588	0.00785
44	0.01375	0.35029	0.32042	0.01238	0.01810	0.07016	0.01364	0.05222	0.07171	0.01638	0.00991	0.01102	0.00783	0.00523	0.00451	0.00148	0.00687	0.00374	0.00275	0.00760
45	0.00880	0.00678	0.00956	0.00916	0.01009	0.00806	0.00711	0.03971	0.00939	0.01358	0.01407	0.02128	0.01332	0.10000	0.59302	0.00734	0.09410	0.00585	0.02376	0.00503
46	0.01573	0.00990	0.01093	0.00906	0.01190	0.01044	0.00723	0.32545	0.03057	0.10413	0.06171	0.07202	0.01573	0.00751	0.00507	0.00157	0.00428	0.00606	0.28342	0.00729
47	0.09321	0.11884	0.05082	0.01103	0.01472	0.02726	0.00947	0.34439	0.10192	0.02499	0.01356	0.05645	0.01112	0.02299	0.02124	0.00186	0.03729	0.00519	0.02584	0.00778
48	0.04363	0.01046	0.01267	0.03485	0.01453	0.01059	0.00850	0.18634	0.11369	0.35992	0.08296	0.02090	0.01653	0.00742	0.00556	0.00173	0.00478	0.03684	0.01972	0.00839
