[name]
unknown

[dist]
# distance from previous block
# <min> <max>
20	71

[block]
# block no. 0 follows, 39 sequences, length 32
# corresponding to MSA columns:
# 117-148
name=unknown_A
#
# <colnr> <probs for GDERKNQSTAVLIFYWHMCP>
#	G	D	E	R	K	N	Q	S	T	A	V	L	I	F	Y	W	H	M	C	P
0	0.05218	0.01440	0.01506	0.03324	0.06649	0.08246	0.01000	0.21325	0.17693	0.02519	0.03321	0.01573	0.01215	0.00641	0.00541	0.00158	0.00583	0.00505	0.00468	0.22073
1	0.01385	0.00999	0.01274	0.05357	0.01531	0.00905	0.03132	0.10953	0.01461	0.10381	0.01841	0.22183	0.01769	0.00897	0.00578	0.00161	0.00486	0.00780	0.00472	0.33455
2	0.08915	0.03615	0.10227	0.01038	0.01575	0.03635	0.00939	0.07830	0.01377	0.05260	0.01107	0.01242	0.00868	0.00506	0.00468	0.00123	0.00539	0.00384	0.00372	0.49980
3	0.06599	0.02439	0.49596	0.01719	0.07261	0.01396	0.05679	0.02078	0.13741	0.02031	0.01286	0.01427	0.00943	0.00596	0.00565	0.00189	0.00773	0.00489	0.00323	0.00870
4	0.01506	0.05993	0.09731	0.01181	0.01571	0.01354	0.01028	0.02655	0.47279	0.09490	0.02185	0.02097	0.04043	0.00859	0.00702	0.05784	0.00524	0.00624	0.00530	0.00865
5	0.12582	0.18714	0.33120	0.01231	0.01771	0.03610	0.01363	0.01639	0.01147	0.01733	0.02885	0.01315	0.00909	0.00821	0.00797	0.14270	0.00694	0.00423	0.00280	0.00698
6	0.01093	0.00554	0.00566	0.00566	0.00703	0.00558	0.00426	0.01366	0.01229	0.02173	0.01916	0.02209	0.01514	0.00830	0.03291	0.00168	0.00325	0.00554	0.79407	0.00550
7	0.01226	0.01051	0.01226	0.00876	0.01401	0.00788	0.00701	0.01489	0.01226	0.01927	0.01051	0.01226	0.00876	0.00438	0.00438	0.00088	0.00438	0.00350	0.00350	0.82832
8	0.00837	0.00604	0.00790	0.00744	0.00883	0.00558	0.00558	0.01116	0.01674	0.02371	0.75216	0.04417	0.05580	0.01209	0.00697	0.00186	0.00279	0.01069	0.00651	0.00558
9	0.01226	0.01051	0.01226	0.00876	0.01401	0.00788	0.00701	0.01489	0.01226	0.01927	0.01051	0.01226	0.00876	0.00438	0.00438	0.00088	0.00438	0.00350	0.00350	0.82832
10	0.01035	0.00801	0.01080	0.02953	0.03160	0.00706	0.03164	0.01221	0.01191	0.04831	0.02233	0.40169	0.02450	0.03235	0.00716	0.00193	0.01951	0.01064	0.00459	0.27390
11	0.01287	0.22634	0.57463	0.01513	0.02293	0.01621	0.01885	0.01847	0.01237	0.01750	0.01000	0.01172	0.00752	0.00548	0.00515	0.00172	0.00812	0.00406	0.00251	0.00845
12	0.01396	0.01595	0.03490	0.02493	0.03091	0.01496	0.73380	0.01894	0.01396	0.01894	0.01196	0.01595	0.00897	0.00499	0.00698	0.00199	0.00997	0.00698	0.00299	0.00798
13	0.01303	0.01433	0.03027	0.12780	0.03047	0.01389	0.57594	0.01755	0.01345	0.01810	0.01342	0.07804	0.01125	0.00620	0.00688	0.00202	0.00916	0.00753	0.00314	0.00753
14	0.01226	0.01051	0.01226	0.00876	0.01401	0.00788	0.00701	0.01489	0.01226	0.01927	0.01051	0.01226	0.00876	0.00438	0.00438	0.00088	0.00438	0.00350	0.00350	0.82832
15	0.00764	0.00602	0.00689	0.00667	0.00839	0.00527	0.00500	0.00974	0.01501	0.01960	0.38453	0.05094	0.42600	0.01362	0.00698	0.00193	0.00290	0.01164	0.00597	0.00527
16	0.02089	0.02630	0.01649	0.06658	0.01948	0.69377	0.01155	0.02257	0.01632	0.01456	0.01080	0.01244	0.03061	0.00636	0.00542	0.00157	0.01024	0.00417	0.00309	0.00678
17	0.01186	0.03059	0.76153	0.01686	0.02560	0.01373	0.02185	0.01873	0.01249	0.01873	0.01061	0.01249	0.00749	0.00562	0.00562	0.00187	0.00874	0.00437	0.00250	0.00874
18	0.00847	0.00625	0.00905	0.00905	0.00994	0.00714	0.00682	0.01027	0.00937	0.01339	0.01626	0.02555	0.01579	0.15633	0.65813	0.00894	0.01433	0.00668	0.00323	0.00503
19	0.01349	0.01904	0.20579	0.02395	0.12155	0.01472	0.43369	0.01854	0.01328	0.01869	0.01131	0.01480	0.00861	0.00546	0.00718	0.00197	0.05082	0.00604	0.00284	0.00826
20	0.02331	0.01575	0.01591	0.01267	0.01700	0.12470	0.01026	0.33813	0.07059	0.28415	0.01730	0.01627	0.01183	0.00709	0.00585	0.00177	0.00648	0.00541	0.00599	0.00954
21	0.00721	0.00515	0.00686	0.00823	0.00858	0.00480	0.00549	0.00823	0.01132	0.01510	0.03259	0.78831	0.03911	0.01853	0.00755	0.00240	0.00343	0.01681	0.00549	0.00480
22	0.02314	0.01454	0.01632	0.01255	0.01713	0.01545	0.01035	0.53085	0.02451	0.22182	0.01671	0.01597	0.01140	0.00715	0.00587	0.00178	0.00601	0.00549	0.03306	0.00991
23	0.01814	0.11358	0.01674	0.01200	0.01605	0.01600	0.00984	0.20198	0.38959	0.11275	0.01953	0.01830	0.01435	0.00733	0.00570	0.00183	0.00538	0.00581	0.00570	0.00939
24	0.02248	0.01656	0.01775	0.01361	0.01834	0.01834	0.01124	0.73556	0.02780	0.03727	0.01420	0.01420	0.01006	0.00710	0.00592	0.00177	0.00651	0.00532	0.00592	0.01006
25	0.01041	0.00698	0.00932	0.00851	0.00944	0.00682	0.05428	0.03439	0.01060	0.06404	0.02062	0.15708	0.02267	0.53380	0.02243	0.00454	0.00563	0.00954	0.00418	0.00473
26	0.01192	0.01015	0.01190	0.00872	0.01365	0.00767	0.00690	0.01444	0.01220	0.01899	0.01201	0.06479	0.01081	0.00534	0.00459	0.00098	0.00432	0.00440	0.00364	0.77258
27	0.00859	0.00576	0.00656	0.00656	0.00660	0.00580	0.00373	0.00867	0.00863	0.01155	0.01853	0.03812	0.02125	0.76404	0.05788	0.00588	0.00611	0.00851	0.00357	0.00365
28	0.02248	0.01656	0.01775	0.01361	0.01834	0.01834	0.01124	0.73556	0.02780	0.03727	0.01420	0.01420	0.01006	0.00710	0.00592	0.00177	0.00651	0.00532	0.00592	0.01006
29	0.01016	0.00514	0.00767	0.00772	0.00773	0.00512	0.00515	0.00772	0.00783	0.01044	0.01106	0.04502	0.01128	0.02047	0.02257	0.79896	0.00508	0.00555	0.00267	0.00265
30	0.02607	0.01008	0.01368	0.01046	0.01506	0.00867	0.00864	0.02837	0.01677	0.73535	0.02291	0.01987	0.01445	0.00722	0.00590	0.00180	0.00501	0.00587	0.00720	0.03663
31	0.02470	0.01301	0.01555	0.01192	0.01657	0.01307	0.00985	0.34937	0.02186	0.43185	0.01919	0.01744	0.01256	0.00722	0.00593	0.00180	0.00570	0.00566	0.00668	0.01006

[dist]
# distance from previous block
# <min> <max>
0	1

[block]
# block no. 1 follows, 39 sequences, length 32
# corresponding to MSA columns:
# 150-181
name=unknown_B
#
# <colnr> <probs for GDERKNQSTAVLIFYWHMCP>
#	G	D	E	R	K	N	Q	S	T	A	V	L	I	F	Y	W	H	M	C	P
0	0.61752	0.03021	0.01012	0.00854	0.01206	0.03901	0.00696	0.06083	0.01202	0.06454	0.02393	0.04921	0.00982	0.00648	0.00424	0.00182	0.00483	0.00435	0.02677	0.00675
1	0.01589	0.75540	0.04858	0.01043	0.01552	0.04402	0.01044	0.01790	0.01216	0.01405	0.00831	0.00959	0.00759	0.00510	0.00388	0.00129	0.00651	0.00321	0.00254	0.00760
2	0.00843	0.00568	0.00722	0.00780	0.00867	0.00522	0.00537	0.00975	0.01242	0.05231	0.14488	0.48220	0.12127	0.08853	0.00942	0.00255	0.00357	0.01408	0.00556	0.00509
3	0.01023	0.00782	0.01133	0.18189	0.01725	0.00793	0.02888	0.01348	0.02985	0.05715	0.42481	0.05530	0.07718	0.01020	0.00658	0.00187	0.00438	0.00902	0.00536	0.03947
4	0.04535	0.04540	0.50010	0.01464	0.02091	0.01304	0.01718	0.01727	0.01246	0.04434	0.07344	0.06239	0.01365	0.00746	0.00714	0.00196	0.08641	0.00571	0.00324	0.00793
5	0.00846	0.00629	0.00925	0.00925	0.01022	0.00725	0.00707	0.01040	0.00943	0.01354	0.01607	0.02453	0.01535	0.10712	0.70673	0.00919	0.01499	0.00653	0.00320	0.00514
6	0.12701	0.00897	0.00913	0.00789	0.01053	0.00948	0.00627	0.16545	0.01563	0.08297	0.01704	0.01857	0.01286	0.00678	0.00458	0.00156	0.00396	0.00519	0.47920	0.00693
7	0.02037	0.01536	0.01709	0.09124	0.02008	0.01712	0.01142	0.60302	0.05566	0.03362	0.01609	0.01642	0.04029	0.00734	0.00596	0.00181	0.00643	0.00566	0.00557	0.00947
8	0.01128	0.01063	0.01794	0.75403	0.06378	0.01317	0.01648	0.01521	0.01188	0.01525	0.01053	0.01573	0.00793	0.00589	0.00591	0.00196	0.00786	0.00526	0.00264	0.00666
9	0.00726	0.00519	0.00691	0.00820	0.00859	0.00484	0.00549	0.00838	0.01159	0.01552	0.06814	0.75155	0.03994	0.01821	0.00752	0.00237	0.00340	0.01651	0.00554	0.00484
10	0.01400	0.00710	0.00878	0.00787	0.00962	0.00651	0.00552	0.01505	0.01223	0.25067	0.04123	0.09942	0.10761	0.36837	0.01728	0.00369	0.00493	0.00896	0.00522	0.00596
11	0.05538	0.00753	0.00973	0.00869	0.01105	0.00690	0.00663	0.01701	0.01495	0.28380	0.26673	0.19917	0.03363	0.04207	0.00748	0.00212	0.00394	0.00991	0.00632	0.00697
12	0.01363	0.01155	0.01239	0.01121	0.01417	0.01315	0.00864	0.02786	0.61963	0.02414	0.12334	0.02566	0.02333	0.03579	0.00698	0.00212	0.00446	0.00730	0.00600	0.00864
13	0.75113	0.01196	0.00962	0.00837	0.01214	0.01378	0.00690	0.09068	0.01187	0.02763	0.00884	0.01008	0.00678	0.00565	0.00389	0.00182	0.00477	0.00342	0.00389	0.00678
14	0.07198	0.00890	0.01122	0.00965	0.01271	0.00836	0.00752	0.04550	0.05041	0.39932	0.05708	0.22034	0.02255	0.03746	0.00710	0.00212	0.00454	0.00891	0.00633	0.00800
15	0.13173	0.01437	0.01560	0.01211	0.01666	0.01542	0.01000	0.47516	0.02290	0.20396	0.01553	0.01497	0.01064	0.00694	0.00562	0.00179	0.00591	0.00519	0.00594	0.00957
16	0.00859	0.00574	0.00650	0.00648	0.00652	0.00573	0.00365	0.00868	0.00885	0.01185	0.04138	0.03887	0.02256	0.76798	0.02938	0.00561	0.00564	0.00866	0.00367	0.00365
17	0.04968	0.01050	0.01382	0.01063	0.01519	0.00941	0.00878	0.07117	0.01738	0.69453	0.02234	0.01947	0.01412	0.00725	0.00588	0.00183	0.00511	0.00583	0.00713	0.00996
18	0.00754	0.00535	0.00701	0.00805	0.00850	0.00504	0.00543	0.00870	0.01167	0.01569	0.10456	0.61281	0.03885	0.09716	0.00982	0.00270	0.00367	0.03729	0.00540	0.00478
19	0.00826	0.00559	0.00655	0.00689	0.00697	0.00551	0.00405	0.00851	0.00927	0.01236	0.02205	0.22238	0.02582	0.60260	0.02457	0.00492	0.00517	0.01061	0.00405	0.00388
20	0.00798	0.00593	0.00737	0.00720	0.00857	0.00539	0.00529	0.01025	0.01530	0.02093	0.51795	0.12255	0.19464	0.03488	0.00768	0.00205	0.00298	0.01162	0.00612	0.00533
21	0.83394	0.01144	0.00869	0.00778	0.01144	0.01327	0.00640	0.01738	0.01006	0.02653	0.00823	0.00961	0.00640	0.00549	0.00366	0.00183	0.00457	0.00320	0.00366	0.00640
22	0.00752	0.00515	0.00695	0.00818	0.00849	0.00484	0.00545	0.00818	0.01095	0.01460	0.03032	0.70969	0.03617	0.01873	0.00914	0.08665	0.00361	0.01562	0.00519	0.00458
23	0.01226	0.01051	0.01226	0.00876	0.01401	0.00788	0.00701	0.01489	0.01226	0.01927	0.01051	0.01226	0.00876	0.00438	0.00438	0.00088	0.00438	0.00350	0.00350	0.82832
24	0.00837	0.00604	0.00790	0.00744	0.00883	0.00558	0.00558	0.01116	0.01674	0.02371	0.75216	0.04417	0.05580	0.01209	0.00697	0.00186	0.00279	0.01069	0.00651	0.00558
25	0.02491	0.01290	0.01471	0.01150	0.01592	0.07088	0.00940	0.19143	0.01933	0.51757	0.02001	0.01805	0.01304	0.00716	0.00585	0.00178	0.00577	0.00562	0.02446	0.00971
26	0.01349	0.00728	0.01032	0.08722	0.01305	0.00744	0.00731	0.06547	0.01129	0.12680	0.01433	0.07866	0.01295	0.01589	0.01625	0.49205	0.00537	0.00621	0.00377	0.00484
27	0.00854	0.00577	0.00676	0.00679	0.00693	0.00583	0.00402	0.00883	0.00904	0.01218	0.04389	0.06113	0.02268	0.68086	0.08829	0.00580	0.00638	0.00875	0.00371	0.00383
28	0.83394	0.01144	0.00869	0.00778	0.01144	0.01327	0.00640	0.01738	0.01006	0.02653	0.00823	0.00961	0.00640	0.00549	0.00366	0.00183	0.00457	0.00320	0.00366	0.00640
29	0.10352	0.01316	0.01449	0.01158	0.01570	0.01407	0.00944	0.34405	0.12316	0.19606	0.07869	0.01868	0.01566	0.00753	0.00580	0.00183	0.00541	0.00589	0.00607	0.00922
30	0.03228	0.00772	0.01049	0.10850	0.01461	0.00763	0.00801	0.01475	0.01488	0.14234	0.33737	0.06229	0.06713	0.02598	0.00731	0.00204	0.01797	0.08087	0.00566	0.03216
31	0.57772	0.01190	0.01014	0.05691	0.01383	0.06076	0.00753	0.03982	0.01165	0.06301	0.01191	0.09023	0.01046	0.00703	0.00450	0.00188	0.00514	0.00497	0.00401	0.00659

[dist]
# distance from previous block
# <min> <max>
0	11

[block]
# block no. 2 follows, 39 sequences, length 45
# corresponding to MSA columns:
# 193-237
name=unknown_C
#
# <colnr> <probs for GDERKNQSTAVLIFYWHMCP>
#	G	D	E	R	K	N	Q	S	T	A	V	L	I	F	Y	W	H	M	C	P
0	0.01538	0.01041	0.01239	0.00934	0.01388	0.00876	0.00751	0.09125	0.01524	0.16033	0.08975	0.01908	0.04707	0.00645	0.00521	0.00130	0.00450	0.00526	0.00486	0.47205
1	0.15181	0.07984	0.34824	0.01546	0.03956	0.01384	0.13099	0.03516	0.01288	0.02016	0.03696	0.01652	0.06120	0.00634	0.00552	0.00184	0.00736	0.00531	0.00321	0.00782
2	0.11710	0.01156	0.01336	0.06095	0.01593	0.01237	0.00913	0.24210	0.03435	0.09137	0.03869	0.07476	0.01393	0.01139	0.07477	0.02525	0.03565	0.00605	0.00478	0.10650
3	0.01328	0.29104	0.48890	0.01482	0.02221	0.01707	0.04088	0.01839	0.01237	0.01709	0.00984	0.01157	0.00757	0.00541	0.00504	0.00167	0.00796	0.00404	0.00252	0.00832
4	0.06115	0.01040	0.01288	0.00953	0.01436	0.00845	0.03463	0.01736	0.01331	0.14846	0.06120	0.01571	0.01273	0.00548	0.00488	0.00120	0.00461	0.00451	0.00435	0.55479
5	0.00867	0.00597	0.00778	0.00822	0.00915	0.00569	0.00591	0.01071	0.03332	0.03670	0.26167	0.36466	0.04072	0.07853	0.00953	0.02165	0.00371	0.07654	0.00565	0.00522
6	0.01440	0.01401	0.03810	0.13072	0.48477	0.01473	0.03663	0.06425	0.01363	0.01928	0.01084	0.01454	0.00897	0.00610	0.00756	0.00190	0.10262	0.00529	0.00303	0.00863
7	0.01157	0.00949	0.01359	0.26854	0.02208	0.00979	0.04299	0.06103	0.01326	0.01897	0.04335	0.13131	0.01573	0.00784	0.00565	0.00169	0.00553	0.00690	0.11886	0.19184
8	0.03898	0.00735	0.00870	0.00793	0.01003	0.00681	0.00590	0.04661	0.01423	0.17165	0.14603	0.14118	0.22790	0.12786	0.01011	0.00253	0.00406	0.01024	0.00571	0.00618
9	0.00738	0.00535	0.00692	0.00790	0.00851	0.00494	0.00538	0.00866	0.01216	0.01624	0.13097	0.61164	0.09847	0.03585	0.00796	0.00238	0.00336	0.01545	0.00558	0.00489
10	0.52357	0.01031	0.00946	0.00825	0.01169	0.01130	0.00671	0.01925	0.03576	0.16225	0.01320	0.01404	0.00972	0.00785	0.03918	0.00213	0.00497	0.00424	0.09909	0.00703
11	0.02517	0.01140	0.01445	0.01117	0.01571	0.01078	0.00920	0.15905	0.05665	0.58838	0.02169	0.01914	0.01397	0.00732	0.00594	0.00183	0.00529	0.00587	0.00699	0.01003
12	0.03079	0.00856	0.01053	0.00920	0.01176	0.00840	0.00716	0.06779	0.10670	0.19229	0.37943	0.08538	0.03642	0.01047	0.00652	0.00190	0.00387	0.00902	0.00646	0.00734
13	0.12111	0.01427	0.01496	0.01177	0.01590	0.01570	0.00963	0.52590	0.02310	0.06511	0.01448	0.01541	0.01065	0.03206	0.00625	0.00187	0.00583	0.00521	0.08181	0.00898
14	0.11933	0.01452	0.01549	0.01216	0.01648	0.01586	0.00998	0.51180	0.04689	0.10352	0.06297	0.01643	0.01330	0.00728	0.00572	0.00180	0.00583	0.00552	0.00582	0.00930
15	0.83394	0.01144	0.00869	0.00778	0.01144	0.01327	0.00640	0.01738	0.01006	0.02653	0.00823	0.00961	0.00640	0.00549	0.00366	0.00183	0.00457	0.00320	0.00366	0.00640
16	0.00741	0.00571	0.00663	0.00699	0.00822	0.00508	0.00494	0.00887	0.01301	0.01671	0.16732	0.28885	0.35286	0.06921	0.00876	0.00236	0.00329	0.01330	0.00553	0.00494
17	0.00773	0.00553	0.00658	0.00716	0.00768	0.00521	0.00460	0.00848	0.01077	0.01406	0.04856	0.36417	0.15153	0.31210	0.01602	0.00359	0.00422	0.01283	0.00479	0.00439
18	0.01440	0.00732	0.00974	0.00851	0.01085	0.00657	0.00656	0.01681	0.01618	0.27003	0.43416	0.09036	0.03979	0.03263	0.00731	0.00200	0.00367	0.00949	0.00663	0.00698
19	0.01129	0.00669	0.00884	0.00794	0.00984	0.00608	0.00608	0.01400	0.01677	0.14199	0.63498	0.04031	0.04918	0.01132	0.00681	0.00186	0.00315	0.00993	0.00664	0.00630
20	0.01556	0.01390	0.01380	0.01232	0.01571	0.06421	0.00959	0.06439	0.66287	0.02466	0.02262	0.02094	0.01699	0.00785	0.00597	0.00196	0.00516	0.00643	0.00582	0.00923
21	0.00744	0.00532	0.00696	0.00811	0.00857	0.00499	0.00549	0.00856	0.01155	0.01540	0.06822	0.65214	0.05837	0.07115	0.00908	0.00260	0.00362	0.04222	0.00541	0.00479
22	0.02564	0.01006	0.01358	0.01047	0.01491	0.00881	0.00862	0.04647	0.01720	0.70856	0.05479	0.02102	0.01631	0.00752	0.00599	0.00183	0.00497	0.00614	0.00725	0.00987
23	0.00956	0.00631	0.00829	0.00764	0.00924	0.00578	0.00578	0.01232	0.01675	0.07186	0.70446	0.04260	0.05311	0.01178	0.00691	0.00186	0.00294	0.01038	0.00656	0.00587
24	0.00807	0.00581	0.00763	0.00765	0.00877	0.00538	0.00556	0.01040	0.01533	0.02146	0.56424	0.23851	0.05144	0.01377	0.00712	0.00200	0.00296	0.01229	0.00624	0.00538
25	0.01117	0.01051	0.01774	0.77795	0.04073	0.01314	0.01642	0.01511	0.01182	0.01511	0.01051	0.01577	0.00788	0.00591	0.00591	0.00197	0.00788	0.00526	0.00263	0.00657
26	0.00953	0.00681	0.00953	0.01089	0.01225	0.00681	0.00953	0.01225	0.01361	0.01770	0.03131	0.06671	0.03403	0.01634	0.00817	0.00272	0.00545	0.71547	0.00545	0.00545
27	0.00845	0.00634	0.00950	0.00950	0.01056	0.00739	0.00739	0.01056	0.00950	0.01373	0.01584	0.02323	0.01478	0.04435	0.76873	0.00950	0.01584	0.00634	0.00317	0.00528
28	0.00721	0.00515	0.00686	0.00823	0.00858	0.00480	0.00549	0.00823	0.01132	0.01510	0.03259	0.78831	0.03911	0.01853	0.00755	0.00240	0.00343	0.01681	0.00549	0.00480
29	0.83394	0.01144	0.00869	0.00778	0.01144	0.01327	0.00640	0.01738	0.01006	0.02653	0.00823	0.00961	0.00640	0.00549	0.00366	0.00183	0.00457	0.00320	0.00366	0.00640
30	0.01027	0.00514	0.00770	0.00770	0.00770	0.00514	0.00514	0.00770	0.00770	0.01027	0.01027	0.01798	0.01027	0.02054	0.02311	0.82794	0.00514	0.00514	0.00257	0.00257
31	0.02640	0.01028	0.01386	0.01062	0.01520	0.00901	0.00878	0.05208	0.01728	0.73561	0.02303	0.01993	0.01449	0.00731	0.00595	0.00183	0.00508	0.00593	0.00727	0.01006
32	0.00845	0.00634	0.00950	0.00950	0.01056	0.00739	0.00739	0.01056	0.00950	0.01373	0.01584	0.02323	0.01478	0.04435	0.76873	0.00950	0.01584	0.00634	0.00317	0.00528
33	0.00837	0.00604	0.00790	0.00744	0.00883	0.00558	0.00558	0.01116	0.01674	0.02371	0.75216	0.04417	0.05580	0.01209	0.00697	0.00186	0.00279	0.01069	0.00651	0.00558
34	0.83394	0.01144	0.00869	0.00778	0.01144	0.01327	0.00640	0.01738	0.01006	0.02653	0.00823	0.00961	0.00640	0.00549	0.00366	0.00183	0.00457	0.00320	0.00366	0.00640
35	0.02209	0.02819	0.01676	0.01524	0.01828	0.76843	0.01143	0.02361	0.01676	0.01447	0.00914	0.01066	0.00762	0.00609	0.00533	0.00152	0.01066	0.00381	0.00305	0.00686
36	0.01117	0.01051	0.01774	0.77795	0.04073	0.01314	0.01642	0.01511	0.01182	0.01511	0.01051	0.01577	0.00788	0.00591	0.00591	0.00197	0.00788	0.00526	0.00263	0.00657
37	0.00721	0.00515	0.00686	0.00823	0.00858	0.00480	0.00549	0.00823	0.01132	0.01510	0.03259	0.78831	0.03911	0.01853	0.00755	0.00240	0.00343	0.01681	0.00549	0.00480
38	0.00721	0.00515	0.00686	0.00823	0.00858	0.00480	0.00549	0.00823	0.01132	0.01510	0.03259	0.78831	0.03911	0.01853	0.00755	0.00240	0.00343	0.01681	0.00549	0.00480
39	0.02248	0.01656	0.01775	0.01361	0.01834	0.01834	0.01124	0.73556	0.02780	0.03727	0.01420	0.01420	0.01006	0.00710	0.00592	0.00177	0.00651	0.00532	0.00592	0.01006
40	0.05177	0.01011	0.01357	0.01044	0.01498	0.00883	0.00862	0.02846	0.01671	0.73647	0.02286	0.01980	0.01438	0.00726	0.00588	0.00183	0.00502	0.00586	0.00721	0.00995
41	0.01471	0.01270	0.01337	0.01203	0.01538	0.01471	0.00936	0.03142	0.74459	0.02474	0.02407	0.02206	0.01805	0.00802	0.00602	0.00201	0.00468	0.00669	0.00602	0.00936
42	0.00837	0.00604	0.00790	0.00744	0.00883	0.00558	0.00558	0.01116	0.01674	0.02371	0.75216	0.04417	0.05580	0.01209	0.00697	0.00186	0.00279	0.01069	0.00651	0.00558
43	0.01207	0.07025	0.72366	0.01651	0.02506	0.01424	0.02124	0.01868	0.01246	0.01848	0.01049	0.01233	0.00750	0.00559	0.00552	0.00184	0.00861	0.00431	0.00250	0.00868
44	0.00945	0.00651	0.00962	0.00945	0.01070	0.00741	0.00738	0.01159	0.00996	0.05259	0.01632	0.02304	0.01479	0.04147	0.70956	0.00890	0.01494	0.00629	0.02448	0.00553

[dist]
# distance from previous block
# <min> <max>
1	22

[block]
# block no. 3 follows, 39 sequences, length 27
# corresponding to MSA columns:
# 264-290
name=unknown_D
#
# <colnr> <probs for GDERKNQSTAVLIFYWHMCP>
#	G	D	E	R	K	N	Q	S	T	A	V	L	I	F	Y	W	H	M	C	P
0	0.01107	0.02661	0.63929	0.01510	0.02275	0.01232	0.01904	0.01707	0.01265	0.01828	0.01859	0.01967	0.12809	0.00713	0.00584	0.00189	0.00781	0.00568	0.00298	0.00813
1	0.01414	0.01235	0.01408	0.13596	0.01948	0.01446	0.01050	0.02878	0.62604	0.02318	0.02188	0.02105	0.01641	0.00768	0.00600	0.00200	0.00520	0.00645	0.00547	0.00891
2	0.70082	0.01129	0.01016	0.13239	0.01618	0.01325	0.00803	0.01702	0.01035	0.02468	0.00860	0.01060	0.00664	0.00556	0.00402	0.00185	0.00511	0.00353	0.00349	0.00643
3	0.01000	0.00523	0.00750	0.00750	0.00750	0.00523	0.00488	0.00785	0.00785	0.01047	0.01162	0.02133	0.01209	0.14539	0.02424	0.69491	0.00523	0.00570	0.00273	0.00273
4	0.00907	0.00701	0.00995	0.00938	0.01112	0.00747	0.00733	0.01126	0.00995	0.01462	0.01498	0.02146	0.01381	0.03789	0.64506	0.00811	0.01399	0.00588	0.00322	0.13844
5	0.01551	0.66956	0.03162	0.01251	0.01772	0.02203	0.12721	0.01791	0.01233	0.01473	0.00883	0.01053	0.00781	0.00505	0.00431	0.00138	0.00691	0.00378	0.00260	0.00765
6	0.70331	0.01121	0.00951	0.00822	0.01203	0.01253	0.00677	0.01923	0.01117	0.14510	0.01068	0.01131	0.00774	0.00579	0.00403	0.00183	0.00465	0.00365	0.00425	0.00700
7	0.01287	0.01420	0.03036	0.02222	0.02729	0.01331	0.61596	0.01721	0.01353	0.01832	0.01530	0.14091	0.01385	0.00718	0.00707	0.00206	0.00891	0.00857	0.00340	0.00746
8	0.00742	0.00607	0.00659	0.00664	0.00849	0.00524	0.00510	0.00921	0.01396	0.01725	0.15746	0.05595	0.58743	0.01468	0.00709	0.00204	0.00319	0.07542	0.00563	0.00512
9	0.01027	0.00514	0.00770	0.00770	0.00770	0.00514	0.00514	0.00770	0.00770	0.01027	0.01027	0.01798	0.01027	0.02054	0.02311	0.82794	0.00514	0.00514	0.00257	0.00257
10	0.00829	0.00604	0.00779	0.00736	0.00879	0.00555	0.00552	0.01101	0.01655	0.02327	0.71233	0.04491	0.09590	0.01226	0.00698	0.00187	0.00280	0.01080	0.00645	0.00555
11	0.01464	0.01405	0.02400	0.03630	0.75528	0.01405	0.01815	0.01815	0.01347	0.01932	0.01112	0.01464	0.00937	0.00527	0.00585	0.00176	0.00703	0.00527	0.00293	0.00937
12	0.01505	0.01283	0.01358	0.01199	0.01549	0.01463	0.00937	0.07123	0.67229	0.02523	0.02293	0.02120	0.01720	0.00782	0.00594	0.00194	0.00477	0.00647	0.00590	0.04414
13	0.01845	0.01052	0.01304	0.00964	0.01460	0.00855	0.00783	0.04372	0.01467	0.32350	0.01589	0.01555	0.01121	0.00567	0.00507	0.00130	0.00472	0.00456	0.00515	0.46636
14	0.01203	0.02942	0.70347	0.01750	0.02602	0.01383	0.07873	0.01875	0.01260	0.01875	0.01072	0.01276	0.00761	0.00557	0.00573	0.00188	0.00884	0.00458	0.00254	0.00868
15	0.00827	0.00604	0.00777	0.00734	0.00878	0.00554	0.00551	0.01098	0.01652	0.02318	0.70454	0.04505	0.10375	0.01229	0.00698	0.00187	0.00280	0.01082	0.00644	0.00554
16	0.00721	0.00515	0.00686	0.00823	0.00858	0.00480	0.00549	0.00823	0.01132	0.01510	0.03259	0.78831	0.03911	0.01853	0.00755	0.00240	0.00343	0.01681	0.00549	0.00480
17	0.02638	0.01031	0.01387	0.01064	0.01522	0.00905	0.00879	0.05514	0.01733	0.73249	0.02299	0.01991	0.01447	0.00731	0.00595	0.00183	0.00509	0.00592	0.00727	0.01006
18	0.01117	0.01051	0.01774	0.77795	0.04073	0.01314	0.01642	0.01511	0.01182	0.01511	0.01051	0.01577	0.00788	0.00591	0.00591	0.00197	0.00788	0.00526	0.00263	0.00657
19	0.01581	0.79572	0.03099	0.01012	0.01518	0.02340	0.01012	0.01771	0.01202	0.01391	0.00822	0.00949	0.00759	0.00506	0.00379	0.00126	0.00632	0.00316	0.00253	0.00759
20	0.01117	0.01051	0.01774	0.77795	0.04073	0.01314	0.01642	0.01511	0.01182	0.01511	0.01051	0.01577	0.00788	0.00591	0.00591	0.00197	0.00788	0.00526	0.00263	0.00657
21	0.00721	0.00515	0.00686	0.00823	0.00858	0.00480	0.00549	0.00823	0.01132	0.01510	0.03259	0.78831	0.03911	0.01853	0.00755	0.00240	0.00343	0.01681	0.00549	0.00480
22	0.00721	0.00515	0.00686	0.00823	0.00858	0.00480	0.00549	0.00823	0.01132	0.01510	0.03259	0.78831	0.03911	0.01853	0.00755	0.00240	0.00343	0.01681	0.00549	0.00480
23	0.83394	0.01144	0.00869	0.00778	0.01144	0.01327	0.00640	0.01738	0.01006	0.02653	0.00823	0.00961	0.00640	0.00549	0.00366	0.00183	0.00457	0.00320	0.00366	0.00640
24	0.02248	0.01656	0.01775	0.01361	0.01834	0.01834	0.01124	0.73556	0.02780	0.03727	0.01420	0.01420	0.01006	0.00710	0.00592	0.00177	0.00651	0.00532	0.00592	0.01006
25	0.00858	0.00582	0.00691	0.00691	0.00707	0.00599	0.00416	0.00890	0.00874	0.01181	0.01821	0.03635	0.02048	0.67862	0.14225	0.00631	0.00727	0.00826	0.00352	0.00384
26	0.02159	0.01601	0.01801	0.01387	0.01854	0.01758	0.04274	0.62300	0.08610	0.05880	0.01521	0.01512	0.01082	0.00709	0.00597	0.00181	0.00646	0.00553	0.00584	0.00991

[dist]
# distance from previous block
# <min> <max>
0	81

[block]
# block no. 4 follows, 39 sequences, length 21
# corresponding to MSA columns:
# 372-392
name=unknown_E
#
# <colnr> <probs for GDERKNQSTAVLIFYWHMCP>
#	G	D	E	R	K	N	Q	S	T	A	V	L	I	F	Y	W	H	M	C	P
0	0.00837	0.00604	0.00790	0.00744	0.00883	0.00558	0.00558	0.01116	0.01674	0.02371	0.75216	0.04417	0.05580	0.01209	0.00697	0.00186	0.00279	0.01069	0.00651	0.00558
1	0.01464	0.01395	0.02320	0.03445	0.69902	0.01410	0.01748	0.01916	0.06906	0.01973	0.01211	0.01520	0.01003	0.00548	0.00587	0.00178	0.00685	0.00538	0.00316	0.00937
2	0.01226	0.01051	0.01226	0.00876	0.01401	0.00788	0.00701	0.01489	0.01226	0.01927	0.01051	0.01226	0.00876	0.00438	0.00438	0.00088	0.00438	0.00350	0.00350	0.82832
3	0.00818	0.00601	0.00766	0.00731	0.00874	0.00549	0.00546	0.01077	0.01620	0.02258	0.65216	0.07246	0.12967	0.01263	0.00700	0.00189	0.00284	0.01111	0.00636	0.00549
4	0.00721	0.00515	0.00686	0.00823	0.00858	0.00480	0.00549	0.00823	0.01132	0.01510	0.03259	0.78831	0.03911	0.01853	0.00755	0.00240	0.00343	0.01681	0.00549	0.00480
5	0.18533	0.01731	0.01518	0.01299	0.03684	0.18982	0.01010	0.31677	0.03724	0.08618	0.01372	0.01407	0.02574	0.00671	0.00535	0.00174	0.00686	0.00479	0.00482	0.00843
6	0.01131	0.01065	0.01799	0.74845	0.06916	0.01318	0.01649	0.01523	0.01189	0.01528	0.01054	0.01572	0.00794	0.00589	0.00591	0.00196	0.00785	0.00526	0.00264	0.00668
7	0.00750	0.00538	0.00713	0.00803	0.00864	0.00500	0.00551	0.00899	0.01271	0.01731	0.21727	0.59732	0.04340	0.01688	0.00740	0.00226	0.00327	0.01524	0.00575	0.00500
8	0.01464	0.01405	0.02400	0.03630	0.75528	0.01405	0.01815	0.01815	0.01347	0.01932	0.01112	0.01464	0.00937	0.00527	0.00585	0.00176	0.00703	0.00527	0.00293	0.00937
9	0.01194	0.01202	0.01014	0.00985	0.01128	0.21556	0.00713	0.01338	0.01265	0.01494	0.09882	0.12763	0.07961	0.16269	0.18178	0.00428	0.00853	0.00838	0.00405	0.00535
10	0.01511	0.01290	0.01360	0.01212	0.01553	0.01490	0.00946	0.06768	0.70768	0.02538	0.02356	0.02166	0.01764	0.00798	0.00601	0.00199	0.00477	0.00662	0.00601	0.00940
11	0.00721	0.00515	0.00686	0.00823	0.00858	0.00480	0.00549	0.00823	0.01132	0.01510	0.03259	0.78831	0.03911	0.01853	0.00755	0.00240	0.00343	0.01681	0.00549	0.00480
12	0.00830	0.00604	0.00784	0.00766	0.00902	0.00559	0.00580	0.01089	0.01596	0.02225	0.61109	0.09496	0.09444	0.01299	0.00710	0.00197	0.00304	0.06326	0.00630	0.00548
13	0.29121	0.01028	0.01003	0.00889	0.01200	0.01120	0.00706	0.05922	0.18740	0.07832	0.09439	0.02367	0.10553	0.00822	0.00528	0.00186	0.00423	0.00639	0.06757	0.00726
14	0.00719	0.00521	0.00680	0.00807	0.00853	0.00482	0.00542	0.00825	0.01148	0.01516	0.03461	0.73428	0.09184	0.01827	0.00751	0.00237	0.00340	0.01649	0.00549	0.00482
15	0.14100	0.01029	0.01274	0.01011	0.01434	0.00967	0.00829	0.02665	0.06968	0.56972	0.05097	0.01974	0.01539	0.00730	0.00567	0.00184	0.00485	0.00580	0.00666	0.00930
16	0.06372	0.00900	0.01083	0.00949	0.01237	0.00885	0.00740	0.03654	0.14764	0.26590	0.17964	0.13800	0.06493	0.01036	0.00633	0.00196	0.00416	0.00882	0.00631	0.00775
17	0.02113	0.01472	0.01606	0.01257	0.01679	0.01602	0.01025	0.59399	0.02496	0.08968	0.01623	0.05841	0.01251	0.02732	0.00654	0.00190	0.00605	0.00610	0.03938	0.00942
18	0.00718	0.00524	0.00677	0.00799	0.00851	0.00482	0.00538	0.00826	0.01155	0.01519	0.03551	0.71019	0.11535	0.01815	0.00749	0.00236	0.00338	0.01635	0.00549	0.00482
19	0.00816	0.00602	0.00714	0.00737	0.00829	0.00574	0.00501	0.01015	0.04842	0.01659	0.18700	0.25707	0.16538	0.22520	0.01335	0.00309	0.00390	0.01200	0.00522	0.00490
20	0.03842	0.00741	0.00920	0.00870	0.01066	0.00706	0.00659	0.06822	0.01524	0.14207	0.23179	0.27929	0.09657	0.01321	0.00685	0.00207	0.00383	0.04039	0.00605	0.00638

[dist]
# distance from previous block
# <min> <max>
2	6

[block]
# block no. 5 follows, 39 sequences, length 6
# corresponding to MSA columns:
# 399-404
name=unknown_F
#
# <colnr> <probs for GDERKNQSTAVLIFYWHMCP>
#	G	D	E	R	K	N	Q	S	T	A	V	L	I	F	Y	W	H	M	C	P
0	0.02104	0.07178	0.01735	0.01444	0.01770	0.59542	0.01111	0.10637	0.01739	0.01708	0.01003	0.01167	0.00828	0.00816	0.04539	0.00196	0.01019	0.00408	0.00336	0.00719
1	0.00857	0.00693	0.00784	0.00785	0.00957	0.00674	0.00580	0.01268	0.13290	0.01827	0.14978	0.20855	0.33722	0.01554	0.04209	0.00241	0.00393	0.01193	0.00562	0.00577
2	0.10425	0.30178	0.36046	0.01406	0.02070	0.01724	0.07069	0.01823	0.01216	0.01788	0.00960	0.01136	0.00752	0.00536	0.00485	0.00166	0.00751	0.00401	0.00268	0.00801
3	0.32058	0.09142	0.07295	0.01321	0.05208	0.14789	0.04294	0.13346	0.03723	0.02359	0.01031	0.01164	0.00801	0.00587	0.00480	0.00173	0.00680	0.00411	0.00372	0.00766
4	0.25185	0.07542	0.01460	0.03444	0.01541	0.03589	0.00884	0.21338	0.01615	0.04520	0.03571	0.01317	0.00998	0.00611	0.00520	0.00159	0.02883	0.00431	0.00426	0.17965
5	0.08392	0.01411	0.04743	0.06999	0.14689	0.01319	0.31357	0.04199	0.01337	0.01985	0.01140	0.01477	0.00897	0.00692	0.04050	0.00210	0.00813	0.00556	0.00319	0.13418

[dist]
# distance from previous block
# <min> <max>
4	15

[block]
# block no. 6 follows, 39 sequences, length 29
# corresponding to MSA columns:
# 420-448
name=unknown_G
#
# <colnr> <probs for GDERKNQSTAVLIFYWHMCP>
#	G	D	E	R	K	N	Q	S	T	A	V	L	I	F	Y	W	H	M	C	P
0	0.43295	0.01250	0.03545	0.13268	0.03405	0.01354	0.00970	0.12215	0.03873	0.08448	0.02657	0.01342	0.00933	0.00616	0.00478	0.00185	0.00557	0.00441	0.00420	0.00747
1	0.35859	0.12242	0.04789	0.01138	0.05614	0.05870	0.00918	0.10748	0.01431	0.05475	0.09602	0.01508	0.01337	0.00650	0.00475	0.00173	0.00556	0.00465	0.00414	0.00738
2	0.02936	0.05564	0.04619	0.57565	0.03399	0.01285	0.03000	0.01487	0.01192	0.01564	0.01306	0.07560	0.01149	0.00729	0.00599	0.00199	0.00734	0.04156	0.00300	0.00655
3	0.01841	0.00986	0.01224	0.00981	0.01342	0.00917	0.00781	0.10516	0.05755	0.32880	0.18838	0.02516	0.02343	0.05284	0.00737	0.00194	0.00463	0.00685	0.00620	0.11096
4	0.00755	0.00601	0.00677	0.00658	0.00833	0.00523	0.00494	0.00958	0.01481	0.01913	0.34226	0.05172	0.46856	0.01380	0.00698	0.00194	0.00291	0.01175	0.00591	0.00523
5	0.01481	0.01086	0.01328	0.05646	0.01609	0.00920	0.00823	0.05797	0.01369	0.12415	0.01245	0.01371	0.00958	0.00521	0.00520	0.00118	0.02662	0.00411	0.00410	0.59311
6	0.83394	0.01144	0.00869	0.00778	0.01144	0.01327	0.00640	0.01738	0.01006	0.02653	0.00823	0.00961	0.00640	0.00549	0.00366	0.00183	0.00457	0.00320	0.00366	0.00640
7	0.01089	0.00661	0.00866	0.00782	0.00969	0.00600	0.00598	0.01356	0.01665	0.12766	0.62364	0.04123	0.07541	0.01152	0.00683	0.00186	0.00312	0.01009	0.00659	0.00619
8	0.00845	0.00634	0.00950	0.00950	0.01056	0.00739	0.00739	0.01056	0.00950	0.01373	0.01584	0.02323	0.01478	0.04435	0.76873	0.00950	0.01584	0.00634	0.00317	0.00528
9	0.02117	0.11773	0.01887	0.03383	0.01850	0.39893	0.01133	0.26818	0.01986	0.02228	0.01081	0.01187	0.00846	0.00631	0.00536	0.00159	0.00863	0.00429	0.00396	0.00804
10	0.01547	0.72884	0.09485	0.01071	0.01609	0.02256	0.01114	0.01780	0.01206	0.01433	0.00843	0.00975	0.00758	0.00511	0.00395	0.00132	0.00654	0.00327	0.00253	0.00769
11	0.01514	0.25262	0.36267	0.01382	0.02028	0.04763	0.01548	0.06125	0.08005	0.06081	0.01199	0.01293	0.00904	0.00587	0.00514	0.00168	0.00740	0.00434	0.00332	0.00853
12	0.02188	0.01548	0.01683	0.01313	0.01767	0.01699	0.01077	0.58220	0.11645	0.10241	0.01628	0.01573	0.01148	0.00724	0.00593	0.00181	0.00614	0.00555	0.00606	0.00997
13	0.02653	0.01006	0.01372	0.01052	0.01510	0.00869	0.00869	0.02882	0.01693	0.75937	0.02333	0.02013	0.01464	0.00732	0.00595	0.00183	0.00503	0.00595	0.00732	0.01006
14	0.01130	0.01065	0.01798	0.74927	0.06836	0.01317	0.01649	0.01523	0.01189	0.01527	0.01053	0.01572	0.00794	0.00589	0.00591	0.00196	0.00785	0.00526	0.00264	0.00668
15	0.01872	0.01352	0.01486	0.01221	0.01591	0.01476	0.00976	0.45766	0.13035	0.07107	0.01957	0.15902	0.01687	0.00936	0.00623	0.00193	0.00559	0.00769	0.00593	0.00898
16	0.00860	0.00573	0.00645	0.00645	0.00645	0.00573	0.00358	0.00860	0.00860	0.01147	0.01863	0.03870	0.02150	0.79217	0.03010	0.00573	0.00573	0.00860	0.00358	0.00358
17	0.01186	0.03059	0.76153	0.01686	0.02560	0.01373	0.02185	0.01873	0.01249	0.01873	0.01061	0.01249	0.00749	0.00562	0.00562	0.00187	0.00874	0.00437	0.00250	0.00874
18	0.01226	0.01051	0.01226	0.00876	0.01401	0.00788	0.00701	0.01489	0.01226	0.01927	0.01051	0.01226	0.00876	0.00438	0.00438	0.00088	0.00438	0.00350	0.00350	0.82832
19	0.01551	0.65126	0.14602	0.01120	0.01682	0.02143	0.01193	0.01820	0.01224	0.03692	0.00905	0.01028	0.00778	0.00522	0.00415	0.00138	0.00667	0.00344	0.00267	0.00785
20	0.02572	0.03399	0.03967	0.01073	0.01546	0.00930	0.00918	0.02815	0.01663	0.71213	0.02245	0.01955	0.01419	0.00719	0.00587	0.00181	0.00520	0.00581	0.00701	0.00995
21	0.00860	0.00573	0.00645	0.00645	0.00645	0.00573	0.00358	0.00860	0.00860	0.01147	0.01863	0.03870	0.02150	0.79217	0.03010	0.00573	0.00573	0.00860	0.00358	0.00358
22	0.01104	0.00590	0.00647	0.06580	0.00953	0.00611	0.00509	0.01388	0.01236	0.02151	0.01861	0.02156	0.01459	0.00681	0.00427	0.00142	0.00316	0.00549	0.76081	0.00559
23	0.77008	0.07265	0.01043	0.00796	0.01173	0.01406	0.00669	0.01741	0.01022	0.02555	0.00823	0.00960	0.00650	0.00546	0.00367	0.00179	0.00471	0.00320	0.00357	0.00650
24	0.09385	0.02462	0.54979	0.01443	0.02154	0.01257	0.01751	0.03560	0.01286	0.02008	0.05491	0.04197	0.03230	0.00667	0.00557	0.00185	0.00742	0.00526	0.00315	0.03803
25	0.04376	0.03682	0.06595	0.01039	0.01578	0.01023	0.03356	0.08468	0.01386	0.04182	0.01113	0.01263	0.00885	0.00489	0.00470	0.00114	0.00516	0.00390	0.00373	0.58702
26	0.18863	0.21774	0.10289	0.01084	0.01557	0.03178	0.01022	0.13608	0.01478	0.05183	0.03720	0.03591	0.01135	0.00650	0.00483	0.00162	0.00588	0.02258	0.00392	0.08983
27	0.01292	0.00876	0.03097	0.00953	0.01187	0.00796	0.00735	0.10421	0.04388	0.13762	0.02862	0.41494	0.08211	0.01342	0.00674	0.00208	0.00429	0.01177	0.00566	0.05531
28	0.06307	0.21194	0.02055	0.01218	0.01679	0.01556	0.09897	0.20944	0.01642	0.02299	0.02877	0.02703	0.01057	0.00639	0.00556	0.02474	0.00606	0.00483	0.03218	0.16596

[dist]
# distance from previous block
# <min> <max>
0	49

# created by:
# /st0/software/busco_prod/Augustus/scripts/msa2prfl.pl ./align_prep/164172.fa
