[name]
unknown

[dist]
# distance from previous block
# <min> <max>
0	130

[block]
# block no. 0 follows, 44 sequences, length 31
# corresponding to MSA columns:
# 145-175
name=unknown_A
#
# <colnr> <probs for GDERKNQSTAVLIFYWHMCP>
#	G	D	E	R	K	N	Q	S	T	A	V	L	I	F	Y	W	H	M	C	P
0	0.01443	0.01346	0.11993	0.05545	0.36884	0.02320	0.01363	0.03627	0.01316	0.15895	0.01750	0.03822	0.08964	0.00658	0.00553	0.00169	0.00595	0.00580	0.00376	0.00802
1	0.05876	0.01053	0.05267	0.03400	0.17266	0.05792	0.00936	0.03805	0.02390	0.03525	0.13542	0.20357	0.07365	0.00964	0.00581	0.00177	0.00481	0.02206	0.00423	0.04595
2	0.00950	0.00718	0.00934	0.00998	0.08517	0.00682	0.00667	0.04779	0.04347	0.04453	0.37259	0.13487	0.14689	0.01090	0.00619	0.00175	0.00342	0.00956	0.00528	0.03810
3	0.03264	0.01238	0.01959	0.09863	0.40639	0.01284	0.08373	0.11864	0.05215	0.02003	0.03069	0.01724	0.04010	0.00600	0.00559	0.00171	0.00631	0.02394	0.00344	0.00797
4	0.01309	0.01249	0.02096	0.09849	0.63728	0.01278	0.02975	0.01707	0.05539	0.01783	0.02559	0.01452	0.00979	0.00517	0.00545	0.00166	0.00640	0.00506	0.00290	0.00832
5	0.01404	0.04590	0.01454	0.03216	0.18945	0.01052	0.00977	0.06511	0.08832	0.14463	0.16973	0.05066	0.01987	0.00740	0.00598	0.00164	0.03552	0.00629	0.00461	0.08387
6	0.53346	0.01064	0.01007	0.00942	0.06103	0.01138	0.00694	0.05853	0.03004	0.02276	0.00922	0.01119	0.00750	0.03603	0.00475	0.00166	0.00448	0.00352	0.00348	0.16393
7	0.06882	0.01499	0.01948	0.08951	0.52232	0.15878	0.01473	0.01741	0.01266	0.01709	0.00969	0.01258	0.00804	0.00506	0.00518	0.00160	0.00703	0.00448	0.00274	0.00781
8	0.04990	0.01289	0.05192	0.12926	0.43744	0.05222	0.03006	0.01621	0.03703	0.01780	0.08407	0.01684	0.02905	0.00587	0.00543	0.00167	0.00626	0.00536	0.00314	0.00757
9	0.01142	0.05967	0.65817	0.05049	0.02390	0.01299	0.05978	0.01726	0.01162	0.03127	0.00998	0.01184	0.00713	0.00517	0.00519	0.00171	0.00793	0.00418	0.00242	0.00791
10	0.01176	0.01179	0.01757	0.06565	0.01673	0.01586	0.06723	0.01339	0.00887	0.01348	0.00785	0.01261	0.00746	0.00993	0.04125	0.00252	0.66266	0.00493	0.00243	0.00604
11	0.01186	0.01183	0.01668	0.04761	0.01530	0.01650	0.01206	0.01315	0.00846	0.01315	0.00726	0.01204	0.00716	0.00937	0.01736	0.00236	0.76470	0.00477	0.00239	0.00597
12	0.00673	0.00478	0.00630	0.00748	0.00778	0.00448	0.00495	0.00761	0.01027	0.01370	0.02921	0.75475	0.03500	0.06862	0.00831	0.00241	0.00330	0.01501	0.00495	0.00435
13	0.00947	0.00473	0.00710	0.00710	0.00710	0.00473	0.00473	0.00710	0.00710	0.00947	0.00947	0.01657	0.00947	0.01894	0.02131	0.84138	0.00473	0.00473	0.00237	0.00237
14	0.01179	0.01131	0.01804	0.04181	0.38451	0.03594	0.10176	0.03043	0.01283	0.01711	0.02116	0.02694	0.15543	0.00788	0.00597	0.00180	0.00604	0.09859	0.00350	0.00714
15	0.01320	0.01231	0.02014	0.20050	0.53796	0.01302	0.01570	0.05891	0.04204	0.01809	0.01076	0.01397	0.00868	0.00518	0.00542	0.00167	0.00654	0.00491	0.00291	0.00810
16	0.01168	0.01154	0.01748	0.58162	0.18798	0.06839	0.01513	0.01508	0.01154	0.01469	0.00971	0.01398	0.00753	0.00534	0.00540	0.00175	0.00729	0.00475	0.00251	0.00661
17	0.01389	0.66408	0.17016	0.01050	0.01580	0.01989	0.01137	0.01650	0.01116	0.01366	0.00799	0.00927	0.00698	0.00476	0.00381	0.00127	0.00625	0.00312	0.00233	0.00720
18	0.01936	0.01421	0.01538	0.01196	0.01607	0.01557	0.00979	0.62175	0.08340	0.04574	0.01369	0.01383	0.00990	0.00699	0.00601	0.03423	0.00570	0.00494	0.00527	0.04622
19	0.02329	0.00958	0.01263	0.00980	0.01390	0.00861	0.00805	0.05917	0.05403	0.68725	0.02200	0.01924	0.03230	0.00695	0.00551	0.00170	0.00464	0.00564	0.00659	0.00913
20	0.71374	0.01068	0.01013	0.06336	0.01357	0.01217	0.04947	0.01631	0.00980	0.04792	0.00839	0.00991	0.00638	0.00512	0.00376	0.00170	0.00473	0.00337	0.00338	0.00611
21	0.02072	0.01527	0.01636	0.01254	0.01691	0.01691	0.01036	0.75622	0.02563	0.03436	0.01309	0.01309	0.00927	0.00654	0.00545	0.00164	0.00600	0.00491	0.00545	0.00927
22	0.81500	0.01073	0.00834	0.00738	0.01079	0.01241	0.00608	0.04461	0.00991	0.02484	0.00780	0.00902	0.00603	0.00512	0.00345	0.00168	0.00429	0.00303	0.00345	0.00603
23	0.01252	0.01393	0.04676	0.07420	0.16852	0.01316	0.50191	0.01669	0.01265	0.01741	0.04474	0.01550	0.01015	0.00510	0.00635	0.00180	0.02226	0.00610	0.00285	0.00740
24	0.01347	0.01301	0.02246	0.03311	0.74955	0.01298	0.04131	0.01676	0.01243	0.01780	0.01028	0.01353	0.00862	0.00485	0.00543	0.00163	0.00657	0.00491	0.00270	0.00859
25	0.02446	0.00928	0.01265	0.00970	0.01392	0.00801	0.00801	0.02657	0.01560	0.77817	0.02151	0.01856	0.01350	0.00675	0.00548	0.00169	0.00464	0.00548	0.00675	0.00928
26	0.00711	0.00533	0.00707	0.00801	0.00842	0.00534	0.00560	0.00815	0.01043	0.01394	0.02932	0.66592	0.06652	0.03509	0.00817	0.00230	0.05508	0.04881	0.00484	0.00454
27	0.04979	0.02038	0.01475	0.12992	0.01899	0.51144	0.01070	0.03860	0.05719	0.01522	0.00983	0.01172	0.00792	0.00589	0.00548	0.00154	0.04161	0.00400	0.03861	0.00640
28	0.00664	0.00474	0.00633	0.00759	0.00791	0.00443	0.00506	0.00759	0.01044	0.01392	0.03005	0.80485	0.03606	0.01708	0.00696	0.00221	0.00316	0.01550	0.00506	0.00443
29	0.00759	0.00557	0.00711	0.00673	0.00807	0.00509	0.00505	0.01005	0.01514	0.02116	0.70146	0.04187	0.12193	0.01141	0.00643	0.00173	0.00259	0.01002	0.00591	0.00509
30	0.01198	0.07627	0.01735	0.59299	0.03202	0.11644	0.02985	0.01517	0.01167	0.01402	0.02665	0.01404	0.00824	0.00552	0.00527	0.00171	0.00743	0.00466	0.00256	0.00617

[dist]
# distance from previous block
# <min> <max>
0	5

[block]
# block no. 1 follows, 44 sequences, length 87
# corresponding to MSA columns:
# 181-267
name=unknown_B
#
# <colnr> <probs for GDERKNQSTAVLIFYWHMCP>
#	G	D	E	R	K	N	Q	S	T	A	V	L	I	F	Y	W	H	M	C	P
0	0.00940	0.00761	0.00862	0.00815	0.01037	0.00757	0.02376	0.01486	0.22119	0.04289	0.04017	0.08032	0.41324	0.01185	0.00629	0.00192	0.00364	0.07697	0.00520	0.00597
1	0.00725	0.00546	0.00670	0.00658	0.00791	0.00492	0.00486	0.00931	0.01404	0.01902	0.49278	0.13231	0.24379	0.01255	0.00649	0.00181	0.00269	0.01096	0.00564	0.00492
2	0.01888	0.01417	0.03060	0.01173	0.01573	0.01528	0.00977	0.61982	0.05518	0.03163	0.01390	0.01427	0.01010	0.00734	0.02355	0.00178	0.00583	0.00498	0.08676	0.00871
3	0.32269	0.05756	0.10573	0.06505	0.22974	0.01272	0.04787	0.01635	0.01107	0.03602	0.01010	0.01356	0.00830	0.00546	0.00466	0.00169	0.00587	0.03539	0.00306	0.00710
4	0.00674	0.00478	0.00633	0.00752	0.00788	0.00446	0.00504	0.00777	0.01061	0.01429	0.05233	0.76612	0.03609	0.01669	0.00688	0.00218	0.00313	0.01512	0.02157	0.00446
5	0.01176	0.00996	0.01155	0.00829	0.01311	0.00773	0.00665	0.04953	0.01200	0.01857	0.00985	0.01139	0.00813	0.00416	0.00411	0.00085	0.00413	0.00331	0.00334	0.80159
6	0.01978	0.04926	0.01608	0.01431	0.03439	0.69700	0.01068	0.04441	0.01535	0.01409	0.00855	0.01005	0.00713	0.00572	0.00530	0.00144	0.03351	0.00361	0.00286	0.00648
7	0.03184	0.06425	0.69671	0.01572	0.05137	0.01308	0.01915	0.01717	0.01147	0.01725	0.00964	0.01139	0.00695	0.00514	0.00506	0.00169	0.00780	0.00398	0.00234	0.00798
8	0.01339	0.01284	0.02193	0.05916	0.74954	0.01293	0.01668	0.01664	0.01236	0.01768	0.01024	0.01353	0.00859	0.00488	0.00540	0.00163	0.00650	0.00486	0.00269	0.00855
9	0.01096	0.02781	0.76208	0.01551	0.02338	0.01276	0.01995	0.01717	0.01144	0.01717	0.00972	0.01152	0.00691	0.00528	0.00548	0.00174	0.02677	0.00405	0.00230	0.00801
10	0.02191	0.00966	0.01239	0.00969	0.01359	0.00893	0.00794	0.11237	0.04011	0.58388	0.05822	0.02002	0.03555	0.00714	0.00550	0.00168	0.00457	0.00580	0.03225	0.00880
11	0.00736	0.00556	0.00679	0.00649	0.00793	0.00499	0.00486	0.00960	0.01459	0.01987	0.57153	0.04400	0.25268	0.01189	0.00643	0.00175	0.00262	0.01032	0.00574	0.00499
12	0.00779	0.00583	0.00869	0.00869	0.00964	0.00678	0.00673	0.00969	0.00874	0.01260	0.01467	0.02177	0.01378	0.05999	0.76791	0.00868	0.01437	0.00589	0.00293	0.00483
13	0.65776	0.01146	0.05878	0.09710	0.01444	0.01211	0.00795	0.01564	0.00978	0.02252	0.03117	0.01069	0.00753	0.00538	0.00408	0.00172	0.01911	0.00348	0.00326	0.00604
14	0.02334	0.01084	0.07601	0.01018	0.01472	0.00840	0.00901	0.02580	0.01527	0.71535	0.02054	0.01797	0.01295	0.00662	0.00546	0.00169	0.00492	0.00536	0.00638	0.00918
15	0.00664	0.00474	0.00633	0.00759	0.00791	0.00443	0.00506	0.00759	0.01044	0.01392	0.03005	0.80485	0.03606	0.01708	0.00696	0.00221	0.00316	0.01550	0.00506	0.00443
16	0.01512	0.73760	0.02733	0.00977	0.01426	0.09370	0.00944	0.01684	0.01149	0.01288	0.00766	0.00885	0.00700	0.00475	0.00363	0.00119	0.00621	0.00297	0.00238	0.00693
17	0.01294	0.01454	0.11286	0.08912	0.62818	0.01285	0.01702	0.01658	0.01219	0.01745	0.01016	0.01333	0.00832	0.00494	0.00538	0.00165	0.00673	0.00476	0.00263	0.00837
18	0.00947	0.00473	0.00710	0.00710	0.00710	0.00473	0.00473	0.00710	0.00710	0.00947	0.00947	0.01657	0.00947	0.01894	0.02131	0.84138	0.00473	0.00473	0.00237	0.00237
19	0.01306	0.01003	0.01085	0.00944	0.01232	0.01074	0.00742	0.15412	0.32155	0.06403	0.10947	0.02909	0.20644	0.00920	0.00584	0.00178	0.00407	0.00762	0.00552	0.00741
20	0.02446	0.00928	0.01265	0.00970	0.01392	0.00801	0.00801	0.02657	0.01560	0.77817	0.02151	0.01856	0.01350	0.00675	0.00548	0.00169	0.00464	0.00548	0.00675	0.00928
21	0.00920	0.00483	0.00690	0.00690	0.00690	0.00483	0.00449	0.00725	0.00725	0.00966	0.01080	0.01988	0.01126	0.15552	0.02242	0.69674	0.00483	0.00529	0.00253	0.00253
22	0.01093	0.02820	0.78016	0.01554	0.02360	0.01266	0.02014	0.01727	0.01151	0.01727	0.00978	0.01151	0.00691	0.00518	0.00518	0.00173	0.00806	0.00403	0.00230	0.00806
23	0.01335	0.01053	0.01163	0.01008	0.01321	0.01130	0.00787	0.06621	0.46679	0.06470	0.11234	0.04835	0.01991	0.00768	0.00551	0.00169	0.00414	0.00646	0.00536	0.11290
24	0.01093	0.02820	0.78016	0.01554	0.02360	0.01266	0.02014	0.01727	0.01151	0.01727	0.00978	0.01151	0.00691	0.00518	0.00518	0.00173	0.00806	0.00403	0.00230	0.00806
25	0.00793	0.00529	0.00595	0.00595	0.00595	0.00529	0.00330	0.00793	0.00793	0.01057	0.01718	0.03568	0.01982	0.80840	0.02775	0.00529	0.00529	0.00793	0.00330	0.00330
26	0.01130	0.00969	0.01130	0.00807	0.01292	0.00727	0.00646	0.01373	0.01130	0.01776	0.00969	0.01130	0.00807	0.00404	0.00404	0.00081	0.00404	0.00323	0.00323	0.84173
27	0.00739	0.00581	0.00680	0.00735	0.00831	0.02159	0.00517	0.00937	0.04583	0.01585	0.16348	0.46966	0.18376	0.01471	0.00666	0.00202	0.00317	0.01305	0.00520	0.00482
28	0.00657	0.00552	0.00566	0.00563	0.00739	0.00466	0.00419	0.00801	0.01254	0.01514	0.10621	0.05121	0.70176	0.03284	0.00696	0.00192	0.00281	0.01130	0.00509	0.00461
29	0.02382	0.00914	0.01245	0.00959	0.01370	0.00790	0.00790	0.02595	0.01560	0.74941	0.05003	0.01940	0.01494	0.00691	0.00552	0.00169	0.00456	0.00565	0.00672	0.00912
30	0.02216	0.00907	0.01211	0.00951	0.01337	0.00808	0.00777	0.02514	0.06183	0.65810	0.09437	0.02082	0.01737	0.00721	0.00558	0.00170	0.00442	0.00595	0.00660	0.00884
31	0.02359	0.00925	0.01249	0.00964	0.01372	0.00809	0.00794	0.04346	0.01584	0.72508	0.05612	0.01945	0.01515	0.00695	0.00553	0.00169	0.00458	0.00567	0.00668	0.00909
32	0.01349	0.01295	0.02213	0.03346	0.77440	0.01295	0.01673	0.01673	0.01241	0.01781	0.01025	0.01349	0.00864	0.00486	0.00540	0.00162	0.00648	0.00486	0.00270	0.00864
33	0.04994	0.00932	0.01251	0.00962	0.01381	0.00814	0.00795	0.02624	0.01541	0.75482	0.02108	0.01826	0.01326	0.00670	0.00542	0.00169	0.00463	0.00540	0.00664	0.00917
34	0.00664	0.00474	0.00633	0.00759	0.00791	0.00443	0.00506	0.00759	0.01044	0.01392	0.03005	0.80485	0.03606	0.01708	0.00696	0.00221	0.00316	0.01550	0.00506	0.00443
35	0.14023	0.01441	0.14573	0.30638	0.08929	0.04006	0.09536	0.02862	0.03771	0.01765	0.02844	0.01372	0.00864	0.00543	0.00520	0.00175	0.00693	0.00471	0.00287	0.00686
36	0.00706	0.00588	0.00659	0.00715	0.03139	0.00515	0.00533	0.00870	0.01245	0.01510	0.04930	0.05284	0.62078	0.01375	0.00660	0.00195	0.00327	0.13693	0.00498	0.00480
37	0.00673	0.00481	0.00643	0.00770	0.00805	0.00451	0.00522	0.00775	0.01053	0.01402	0.03000	0.77304	0.03586	0.01699	0.00698	0.00223	0.00324	0.04640	0.00506	0.00445
38	0.01142	0.01089	0.01862	0.52404	0.28361	0.01243	0.03162	0.01494	0.01145	0.01530	0.00991	0.01419	0.00775	0.00523	0.00545	0.00175	0.00704	0.00488	0.00252	0.00695
39	0.01289	0.01303	0.04084	0.18600	0.45480	0.01304	0.14298	0.03881	0.01256	0.01745	0.01035	0.01385	0.00827	0.00499	0.00558	0.00170	0.00713	0.00511	0.00273	0.00789
40	0.01110	0.01104	0.01888	0.60365	0.03423	0.03130	0.13831	0.01506	0.03001	0.01470	0.01012	0.01451	0.00766	0.00549	0.00599	0.00183	0.03209	0.00511	0.00256	0.00634
41	0.06146	0.01446	0.01642	0.31802	0.08410	0.16326	0.03744	0.18327	0.01521	0.01959	0.01039	0.01305	0.00790	0.00566	0.00522	0.00166	0.00719	0.00456	0.02407	0.00705
42	0.01208	0.01293	0.02632	0.04536	0.11776	0.01259	0.50377	0.01590	0.01231	0.01683	0.01324	0.08438	0.01178	0.00649	0.00692	0.00190	0.04558	0.04379	0.00303	0.00704
43	0.00947	0.00473	0.00710	0.00710	0.00710	0.00473	0.00473	0.00710	0.00710	0.00947	0.00947	0.01657	0.00947	0.01894	0.02131	0.84138	0.00473	0.00473	0.00237	0.00237
44	0.00931	0.00798	0.01203	0.04707	0.20956	0.00836	0.00932	0.01138	0.02448	0.01550	0.05792	0.39855	0.04348	0.01212	0.00746	0.00203	0.07769	0.03578	0.00414	0.00587
45	0.01055	0.01019	0.01777	0.66367	0.03493	0.01230	0.09118	0.01411	0.01098	0.01426	0.01020	0.03291	0.00804	0.00581	0.00612	0.00185	0.04122	0.00525	0.00252	0.00615
46	0.00730	0.00556	0.00672	0.00643	0.00789	0.00497	0.00482	0.00949	0.01446	0.01956	0.54002	0.04452	0.28438	0.01201	0.00643	0.00176	0.00263	0.01039	0.00570	0.00497
47	0.00644	0.00552	0.00552	0.00552	0.00736	0.00460	0.00414	0.00782	0.01243	0.01473	0.05523	0.05247	0.77218	0.01381	0.00644	0.00184	0.00276	0.01151	0.00506	0.00460
48	0.01287	0.01471	0.03217	0.02298	0.02849	0.01379	0.75460	0.01746	0.01287	0.01746	0.01103	0.01471	0.00827	0.00460	0.00643	0.00184	0.00919	0.00643	0.00276	0.00735
49	0.00763	0.00551	0.00721	0.00692	0.00813	0.00509	0.00514	0.01007	0.01504	0.02123	0.71277	0.10126	0.05022	0.01162	0.00647	0.00175	0.00262	0.01031	0.00593	0.00509
50	0.06467	0.01019	0.01243	0.01003	0.01390	0.01002	0.00814	0.04884	0.21997	0.50975	0.02071	0.01837	0.01383	0.00683	0.00539	0.00173	0.00457	0.00552	0.00620	0.00892
51	0.01329	0.01267	0.02156	0.03246	0.74174	0.01267	0.01639	0.01650	0.01242	0.01775	0.01105	0.01555	0.00961	0.00529	0.00549	0.00166	0.00641	0.03622	0.00280	0.00848
52	0.00947	0.00473	0.00710	0.00710	0.00710	0.00473	0.00473	0.00710	0.00710	0.00947	0.00947	0.01657	0.00947	0.01894	0.02131	0.84138	0.00473	0.00473	0.00237	0.00237
53	0.00809	0.00578	0.00798	0.00924	0.01019	0.00567	0.00757	0.01009	0.01186	0.01553	0.02925	0.30393	0.03290	0.01572	0.00734	0.00241	0.00441	0.50217	0.00503	0.00483
54	0.00706	0.00503	0.00674	0.00796	0.00842	0.00478	0.00564	0.00824	0.01071	0.01421	0.02938	0.64882	0.03467	0.04495	0.00780	0.00237	0.00356	0.14017	0.00499	0.00449
55	0.10282	0.01502	0.01540	0.01201	0.01620	0.03841	0.00988	0.64275	0.04271	0.03247	0.01264	0.01276	0.00906	0.00639	0.00523	0.00164	0.00589	0.00471	0.00517	0.00883
56	0.01349	0.01295	0.02213	0.03346	0.77440	0.01295	0.01673	0.01673	0.01241	0.01781	0.01025	0.01349	0.00864	0.00486	0.00540	0.00162	0.00648	0.00486	0.00270	0.00864
57	0.84691	0.01054	0.00801	0.00717	0.01054	0.01223	0.00590	0.01603	0.00928	0.02446	0.00759	0.00886	0.00590	0.00506	0.00337	0.00169	0.00422	0.00295	0.00337	0.00590
58	0.01287	0.01471	0.03217	0.02298	0.02849	0.01379	0.75460	0.01746	0.01287	0.01746	0.01103	0.01471	0.00827	0.00460	0.00643	0.00184	0.00919	0.00643	0.00276	0.00735
59	0.57639	0.00892	0.00768	0.00699	0.00969	0.00994	0.00560	0.01428	0.01109	0.02356	0.22170	0.01826	0.01899	0.00682	0.00425	0.00168	0.00369	0.00498	0.03985	0.00566
60	0.01570	0.00786	0.01017	0.00920	0.01170	0.00745	0.00717	0.01926	0.11548	0.35337	0.02482	0.26302	0.02265	0.02725	0.00660	0.00202	0.00419	0.07907	0.00583	0.00718
61	0.01356	0.01171	0.01233	0.01109	0.01418	0.01356	0.00863	0.02897	0.76455	0.02281	0.02219	0.02034	0.01664	0.00740	0.00555	0.00185	0.00431	0.00616	0.00555	0.00863
62	0.00884	0.00596	0.00842	0.00946	0.01047	0.00596	0.00798	0.01046	0.01155	0.01506	0.02554	0.07503	0.02772	0.01579	0.00990	0.14763	0.00492	0.59020	0.00456	0.00454
63	0.49149	0.01061	0.01007	0.00859	0.01213	0.01165	0.00699	0.04365	0.14187	0.19455	0.01343	0.01316	0.00958	0.00589	0.00429	0.00171	0.00438	0.00414	0.00458	0.00724
64	0.01356	0.01171	0.01233	0.01109	0.01418	0.01356	0.00863	0.02897	0.76455	0.02281	0.02219	0.02034	0.01664	0.00740	0.00555	0.00185	0.00431	0.00616	0.00555	0.00863
65	0.00780	0.00579	0.00852	0.00852	0.00941	0.00668	0.00652	0.00958	0.00869	0.01248	0.01482	0.02263	0.01416	0.10634	0.72207	0.00847	0.01381	0.00602	0.00295	0.00473
66	0.01458	0.81168	0.02857	0.00933	0.01399	0.02157	0.00933	0.01632	0.01108	0.01283	0.00758	0.00875	0.00700	0.00466	0.00350	0.00117	0.00583	0.00292	0.00233	0.00700
67	0.01451	0.01159	0.01240	0.01095	0.01415	0.01315	0.00858	0.06272	0.66247	0.07562	0.02238	0.02052	0.03134	0.00744	0.00556	0.00183	0.00439	0.00617	0.00562	0.00862
68	0.00668	0.00477	0.00636	0.00757	0.00792	0.00445	0.00506	0.00768	0.01061	0.01419	0.05572	0.77839	0.03659	0.01687	0.00694	0.00220	0.00314	0.01530	0.00509	0.00445
69	0.00671	0.00480	0.00641	0.00767	0.00802	0.00449	0.00519	0.00772	0.01051	0.01400	0.03001	0.77977	0.03590	0.01701	0.00698	0.00222	0.00323	0.03986	0.00506	0.00445
70	0.00683	0.00500	0.00670	0.00783	0.00814	0.00487	0.00531	0.00779	0.01036	0.01389	0.02923	0.77657	0.03503	0.01681	0.00735	0.00222	0.03152	0.01512	0.00497	0.00448
71	0.02395	0.01000	0.04184	0.00992	0.01429	0.00819	0.00847	0.02622	0.01545	0.74924	0.02106	0.01829	0.01324	0.00669	0.00547	0.00169	0.00477	0.00543	0.00658	0.00923
72	0.00770	0.00521	0.00609	0.00631	0.00639	0.00518	0.00370	0.00792	0.00838	0.01121	0.01933	0.16836	0.02246	0.65069	0.04474	0.00485	0.00517	0.00918	0.00360	0.00354
73	0.04950	0.61561	0.02363	0.00893	0.01278	0.04054	0.00833	0.03189	0.01098	0.01349	0.00917	0.01293	0.00893	0.12568	0.00723	0.00183	0.00580	0.00373	0.00261	0.00643
74	0.00929	0.00706	0.01031	0.01155	0.04843	0.00708	0.03487	0.01237	0.03946	0.01683	0.04973	0.05548	0.02957	0.01382	0.00729	0.00240	0.00513	0.62905	0.00488	0.00541
75	0.01399	0.68622	0.14892	0.01032	0.01553	0.02014	0.01106	0.01648	0.01115	0.01354	0.00793	0.00919	0.00698	0.00475	0.00377	0.00126	0.00619	0.00309	0.00233	0.00717
76	0.32106	0.01561	0.07335	0.01700	0.19280	0.15278	0.08859	0.01727	0.01162	0.01914	0.00890	0.01111	0.00715	0.00538	0.00518	0.01387	0.02538	0.00401	0.00293	0.00688
77	0.04211	0.00972	0.01603	0.76533	0.03652	0.01212	0.01479	0.01401	0.01084	0.01433	0.00961	0.01432	0.00722	0.00544	0.00537	0.00181	0.00715	0.00477	0.00246	0.00605
78	0.00948	0.00598	0.00770	0.00729	0.00891	0.00542	0.00559	0.01170	0.01445	0.10765	0.47783	0.10278	0.14085	0.01174	0.00644	0.00182	0.00305	0.06003	0.00582	0.00549
79	0.01458	0.81168	0.02857	0.00933	0.01399	0.02157	0.00933	0.01632	0.01108	0.01283	0.00758	0.00875	0.00700	0.00466	0.00350	0.00117	0.00583	0.00292	0.00233	0.00700
80	0.01105	0.05255	0.75680	0.01535	0.02330	0.01294	0.01981	0.01724	0.01150	0.01713	0.00972	0.01142	0.00691	0.00516	0.00513	0.00171	0.00799	0.00399	0.00230	0.00802
81	0.02403	0.00918	0.01251	0.00963	0.01377	0.00794	0.00794	0.02615	0.01560	0.75857	0.04094	0.01913	0.01448	0.00686	0.00551	0.00169	0.00459	0.00560	0.00673	0.00917
82	0.04030	0.02700	0.72964	0.01507	0.02284	0.01250	0.01927	0.01751	0.01156	0.04109	0.01007	0.01164	0.00708	0.00522	0.00513	0.00172	0.00782	0.00404	0.00248	0.00802
83	0.01865	0.01413	0.01512	0.01190	0.01598	0.01557	0.00971	0.57595	0.15551	0.03107	0.01588	0.01553	0.03424	0.00683	0.00545	0.00165	0.00553	0.00527	0.00537	0.04067
84	0.00674	0.00503	0.00610	0.00685	0.00758	0.00458	0.00464	0.00776	0.01088	0.01404	0.05585	0.50393	0.23723	0.09155	0.00879	0.00239	0.00324	0.01353	0.00492	0.00439
85	0.00947	0.00473	0.00710	0.00710	0.00710	0.00473	0.00473	0.00710	0.00710	0.00947	0.00947	0.01657	0.00947	0.01894	0.02131	0.84138	0.00473	0.00473	0.00237	0.00237
86	0.02002	0.02530	0.01553	0.01444	0.03510	0.74794	0.01063	0.02183	0.03463	0.01369	0.00882	0.01019	0.00731	0.00565	0.00494	0.00142	0.00961	0.00361	0.00288	0.00644

[dist]
# distance from previous block
# <min> <max>
0	1

[block]
# block no. 2 follows, 44 sequences, length 91
# corresponding to MSA columns:
# 269-317,319-328,336-367
name=unknown_C
#
# <colnr> <probs for GDERKNQSTAVLIFYWHMCP>
#	G	D	E	R	K	N	Q	S	T	A	V	L	I	F	Y	W	H	M	C	P
0	0.00975	0.00784	0.00929	0.00997	0.01152	0.04711	0.00838	0.01370	0.10501	0.01710	0.06618	0.08028	0.05391	0.01347	0.00704	0.00230	0.00491	0.52173	0.00502	0.00550
1	0.00663	0.00553	0.00579	0.00572	0.00748	0.00468	0.00429	0.00819	0.01288	0.01579	0.16239	0.05071	0.66436	0.01341	0.00644	0.00182	0.00273	0.01126	0.00520	0.00468
2	0.00663	0.00495	0.00617	0.00710	0.00779	0.00449	0.00485	0.00772	0.01104	0.01433	0.05730	0.61018	0.20531	0.01616	0.00683	0.00211	0.00305	0.01442	0.00509	0.00449
3	0.01234	0.01340	0.04128	0.01647	0.01811	0.03460	0.19458	0.01451	0.00972	0.01431	0.00821	0.01255	0.00742	0.00811	0.01441	0.00221	0.56380	0.00513	0.00248	0.00637
4	0.01314	0.01138	0.01243	0.04078	0.03237	0.01309	0.00888	0.02720	0.68384	0.02217	0.04191	0.02115	0.03234	0.00749	0.00558	0.00184	0.00440	0.00629	0.00537	0.00836
5	0.01297	0.01261	0.01618	0.01379	0.01461	0.06145	0.02656	0.08977	0.01068	0.01536	0.00860	0.01285	0.00798	0.01176	0.08582	0.00282	0.58231	0.00484	0.00278	0.00625
6	0.01335	0.01239	0.03311	0.01117	0.01418	0.05504	0.00891	0.02652	0.63329	0.02159	0.03549	0.03922	0.01769	0.00792	0.00565	0.00186	0.00470	0.04451	0.00528	0.00814
7	0.01030	0.00969	0.01635	0.79530	0.03755	0.01211	0.01514	0.01393	0.01090	0.01393	0.00969	0.01453	0.00727	0.00545	0.00545	0.00182	0.00727	0.00484	0.00242	0.00606
8	0.02072	0.01527	0.01636	0.01254	0.01691	0.01691	0.01036	0.75622	0.02563	0.03436	0.01309	0.01309	0.00927	0.00654	0.00545	0.00164	0.00600	0.00491	0.00545	0.00927
9	0.00707	0.00552	0.00641	0.00624	0.00776	0.00486	0.00466	0.00902	0.01384	0.01819	0.40474	0.06954	0.39740	0.01260	0.00645	0.00179	0.00268	0.01082	0.00552	0.00486
10	0.01756	0.01339	0.01466	0.01104	0.01557	0.01367	0.00905	0.50652	0.02081	0.02878	0.01195	0.01249	0.00887	0.00570	0.00498	0.00136	0.00534	0.00434	0.00471	0.28922
11	0.01312	0.01257	0.02146	0.12200	0.68876	0.01286	0.01655	0.01641	0.01224	0.01736	0.01019	0.01361	0.00848	0.00493	0.00540	0.00164	0.00657	0.00486	0.00267	0.00834
12	0.01055	0.01000	0.01715	0.69358	0.07878	0.01206	0.04763	0.01417	0.01112	0.01438	0.01036	0.01591	0.00812	0.00567	0.00555	0.00183	0.00724	0.02714	0.00253	0.00623
13	0.00666	0.00479	0.00633	0.00751	0.00790	0.00445	0.00504	0.00767	0.01063	0.01415	0.05050	0.76174	0.05879	0.01682	0.00693	0.00219	0.00314	0.01523	0.00509	0.00445
14	0.00793	0.00529	0.00595	0.00595	0.00595	0.00529	0.00330	0.00793	0.00793	0.01057	0.01718	0.03568	0.01982	0.80840	0.02775	0.00529	0.00529	0.00793	0.00330	0.00330
15	0.02130	0.01435	0.01579	0.01211	0.01645	0.01554	0.01000	0.64407	0.02409	0.14868	0.01438	0.01393	0.00992	0.00658	0.00546	0.00164	0.00579	0.00500	0.00565	0.00927
16	0.01030	0.00969	0.01635	0.79530	0.03755	0.01211	0.01514	0.01393	0.01090	0.01393	0.00969	0.01453	0.00727	0.00545	0.00545	0.00182	0.00727	0.00484	0.00242	0.00606
17	0.00858	0.00621	0.00850	0.00965	0.01095	0.00613	0.00838	0.01099	0.01254	0.01618	0.03115	0.06071	0.09558	0.01495	0.00744	0.00245	0.00482	0.67476	0.00502	0.00498
18	0.00680	0.00572	0.00595	0.00600	0.00782	0.00494	0.00460	0.00861	0.02970	0.01518	0.06792	0.05212	0.68672	0.01369	0.00650	0.00189	0.00295	0.06307	0.00509	0.00474
19	0.01835	0.01218	0.01419	0.01138	0.01498	0.01293	0.02921	0.43098	0.07292	0.16011	0.01756	0.13093	0.01444	0.00840	0.00605	0.01960	0.00529	0.00669	0.00549	0.00832
20	0.00680	0.00505	0.00639	0.00738	0.00811	0.00464	0.00521	0.00799	0.01105	0.01431	0.03525	0.57664	0.19093	0.01620	0.00690	0.00216	0.00325	0.08214	0.00506	0.00452
21	0.00779	0.00583	0.00869	0.00869	0.00964	0.00678	0.00673	0.00969	0.00874	0.01261	0.01467	0.02176	0.01378	0.05955	0.76834	0.00868	0.01438	0.00589	0.00293	0.00483
22	0.01597	0.65439	0.04597	0.00974	0.01439	0.04045	0.00952	0.03572	0.01210	0.10477	0.00946	0.01012	0.00783	0.00500	0.00387	0.00126	0.00586	0.00332	0.00295	0.00733
23	0.01186	0.01168	0.01533	0.01323	0.01374	0.03259	0.01092	0.03083	0.04867	0.01428	0.01286	0.01635	0.08333	0.00969	0.01554	0.00226	0.64240	0.00548	0.00290	0.00605
24	0.01163	0.01151	0.01648	0.11064	0.01708	0.01591	0.01221	0.01314	0.00867	0.01321	0.00764	0.01246	0.00732	0.00975	0.03379	0.00246	0.68294	0.00480	0.00240	0.00595
25	0.06000	0.20759	0.03538	0.05462	0.01654	0.15772	0.03317	0.06837	0.01191	0.01547	0.00824	0.01091	0.00721	0.00674	0.00911	0.00176	0.28191	0.00404	0.00273	0.00660
26	0.02105	0.00654	0.00898	0.03335	0.04082	0.00682	0.00769	0.01062	0.01174	0.01616	0.09154	0.25890	0.05479	0.01355	0.00759	0.00219	0.06184	0.29313	0.04760	0.00511
27	0.01168	0.01075	0.01524	0.02534	0.03193	0.00934	0.12193	0.01476	0.03317	0.01746	0.01008	0.01224	0.00828	0.00466	0.00551	0.00115	0.06301	0.00398	0.00314	0.59633
28	0.01384	0.54508	0.20019	0.01146	0.01672	0.04881	0.03230	0.01698	0.02722	0.01421	0.00851	0.00990	0.00722	0.00498	0.00438	0.00136	0.02378	0.00340	0.00242	0.00724
29	0.02904	0.01368	0.04212	0.03196	0.71927	0.03411	0.01645	0.01687	0.01241	0.01780	0.01014	0.01325	0.00849	0.00489	0.00534	0.00162	0.00657	0.00476	0.00270	0.00851
30	0.00699	0.00550	0.00631	0.00621	0.00772	0.00482	0.00462	0.00884	0.01356	0.01765	0.35234	0.09324	0.42701	0.01290	0.00647	0.00181	0.00271	0.01106	0.00545	0.00482
31	0.00664	0.00528	0.00596	0.00631	0.00761	0.00460	0.00453	0.00800	0.01211	0.01521	0.12093	0.28738	0.46710	0.01456	0.00660	0.00195	0.00287	0.01259	0.00516	0.00460
32	0.01107	0.05756	0.75199	0.01531	0.02324	0.01300	0.01974	0.01723	0.01149	0.01710	0.00970	0.01141	0.00691	0.00516	0.00512	0.00171	0.00797	0.00399	0.00230	0.00802
33	0.00746	0.00556	0.00693	0.00659	0.00799	0.00504	0.00494	0.00979	0.01483	0.02043	0.62773	0.04308	0.19612	0.01168	0.00643	0.00174	0.00261	0.01019	0.00581	0.00504
34	0.00791	0.00535	0.00630	0.00630	0.00642	0.00548	0.00374	0.00815	0.00803	0.01083	0.01686	0.03390	0.01905	0.71301	0.12209	0.00572	0.00644	0.00767	0.00326	0.00350
35	0.02392	0.00940	0.01264	0.00977	0.01393	0.00829	0.00804	0.02669	0.05290	0.74055	0.02154	0.01864	0.01365	0.00678	0.00549	0.00169	0.00462	0.00552	0.00669	0.00925
36	0.01458	0.81168	0.02857	0.00933	0.01399	0.02157	0.00933	0.01632	0.01108	0.01283	0.00758	0.00875	0.00700	0.00466	0.00350	0.00117	0.00583	0.00292	0.00233	0.00700
37	0.00872	0.00626	0.00870	0.00992	0.01119	0.00623	0.00866	0.01120	0.01255	0.01627	0.02957	0.06126	0.05110	0.01503	0.00750	0.00249	0.00496	0.71837	0.00502	0.00501
38	0.01093	0.02820	0.78016	0.01554	0.02360	0.01266	0.02014	0.01727	0.01151	0.01727	0.00978	0.01151	0.00691	0.00518	0.00518	0.00173	0.00806	0.00403	0.00230	0.00806
39	0.01093	0.02820	0.78016	0.01554	0.02360	0.01266	0.02014	0.01727	0.01151	0.01727	0.00978	0.01151	0.00691	0.00518	0.00518	0.00173	0.00806	0.00403	0.00230	0.00806
40	0.00664	0.00474	0.00633	0.00759	0.00791	0.00443	0.00506	0.00759	0.01044	0.01392	0.03005	0.80485	0.03606	0.01708	0.00696	0.00221	0.00316	0.01550	0.00506	0.00443
41	0.59191	0.01119	0.03369	0.04553	0.10097	0.01206	0.00810	0.05093	0.01080	0.02323	0.02625	0.01117	0.00787	0.00533	0.00394	0.00167	0.00470	0.00364	0.04062	0.00640
42	0.00772	0.00557	0.00729	0.00686	0.00814	0.00514	0.00514	0.01029	0.01543	0.02186	0.77152	0.04072	0.05144	0.01115	0.00643	0.00171	0.00257	0.00986	0.00600	0.00514
43	0.01245	0.01188	0.01885	0.33196	0.36714	0.02942	0.01520	0.03513	0.03473	0.01641	0.01020	0.01391	0.00821	0.00558	0.00635	0.00176	0.06586	0.00486	0.00273	0.00738
44	0.01130	0.00969	0.01130	0.00807	0.01292	0.00727	0.00646	0.01373	0.01130	0.01776	0.00969	0.01130	0.00807	0.00404	0.00404	0.00081	0.00404	0.00323	0.00323	0.84173
45	0.01458	0.81168	0.02857	0.00933	0.01399	0.02157	0.00933	0.01632	0.01108	0.01283	0.00758	0.00875	0.00700	0.00466	0.00350	0.00117	0.00583	0.00292	0.00233	0.00700
46	0.01105	0.02739	0.73517	0.01599	0.02389	0.01273	0.06432	0.01728	0.01159	0.01728	0.00986	0.01170	0.00699	0.00514	0.00526	0.00173	0.00813	0.00417	0.00233	0.00801
47	0.01483	0.77665	0.02798	0.00954	0.01412	0.05568	0.00938	0.01657	0.01127	0.01285	0.00762	0.00879	0.00700	0.00471	0.00356	0.00118	0.00601	0.00294	0.00235	0.00697
48	0.01426	0.01206	0.01272	0.01124	0.01444	0.01389	0.00880	0.09974	0.69264	0.02393	0.02130	0.01963	0.01592	0.00731	0.00554	0.00183	0.00448	0.00604	0.00554	0.00869
49	0.01195	0.00740	0.00915	0.00807	0.01028	0.00717	0.00626	0.03217	0.12823	0.16404	0.45844	0.03359	0.08131	0.00981	0.00610	0.00174	0.00331	0.00847	0.00601	0.00650
50	0.02419	0.01019	0.01656	0.67648	0.09375	0.01237	0.01479	0.03713	0.03327	0.01528	0.01017	0.01449	0.00769	0.00549	0.00542	0.00179	0.00703	0.00486	0.00264	0.00643
51	0.01082	0.01022	0.01730	0.67066	0.15811	0.01225	0.01540	0.01439	0.01115	0.01456	0.00978	0.01436	0.00749	0.00535	0.00544	0.00178	0.00714	0.00485	0.00247	0.00648
52	0.00731	0.00557	0.00672	0.00648	0.00795	0.00499	0.00489	0.00947	0.01434	0.01931	0.51105	0.04519	0.29598	0.01214	0.00646	0.00178	0.00269	0.02706	0.00566	0.00496
53	0.27590	0.00975	0.01134	0.03482	0.01367	0.00959	0.00762	0.02298	0.03370	0.50153	0.01687	0.01550	0.01105	0.00621	0.00484	0.00170	0.00459	0.00470	0.00554	0.00812
54	0.01110	0.01041	0.01680	0.56265	0.10835	0.01290	0.01449	0.02940	0.01096	0.01473	0.00956	0.01408	0.00755	0.00608	0.00740	0.00187	0.13317	0.00484	0.01728	0.00635
55	0.02446	0.00928	0.01265	0.00970	0.01392	0.00801	0.00801	0.02657	0.01560	0.77817	0.02151	0.01856	0.01350	0.00675	0.00548	0.00169	0.00464	0.00548	0.00675	0.00928
56	0.00793	0.00529	0.00595	0.00595	0.00595	0.00529	0.00330	0.00793	0.00793	0.01057	0.01718	0.03568	0.01982	0.80840	0.02775	0.00529	0.00529	0.00793	0.00330	0.00330
57	0.02842	0.01280	0.07947	0.10614	0.07078	0.01156	0.30899	0.01722	0.05237	0.09234	0.08665	0.01921	0.01405	0.00658	0.00656	0.02224	0.02042	0.03347	0.00362	0.00712
58	0.01328	0.01516	0.21349	0.04688	0.16244	0.03312	0.03801	0.05426	0.04511	0.11599	0.01886	0.05126	0.08757	0.01924	0.00603	0.00184	0.00614	0.05997	0.00388	0.00749
59	0.00790	0.00576	0.00756	0.00806	0.00878	0.00558	0.02119	0.05843	0.01152	0.01544	0.06292	0.62618	0.03288	0.08967	0.00876	0.00243	0.00365	0.01361	0.00492	0.00475
60	0.80352	0.01107	0.00843	0.00749	0.01088	0.03256	0.00614	0.03573	0.00987	0.02443	0.00776	0.00899	0.00602	0.00511	0.00347	0.00168	0.00441	0.00302	0.00341	0.00600
61	0.01222	0.03905	0.13718	0.02047	0.02598	0.01322	0.57718	0.01673	0.01246	0.01706	0.01204	0.06773	0.00993	0.00553	0.00621	0.00183	0.00852	0.00660	0.00284	0.00724
62	0.01093	0.04187	0.66240	0.01576	0.06560	0.01231	0.01857	0.01665	0.01167	0.01722	0.02762	0.01372	0.03665	0.00558	0.00521	0.00170	0.00754	0.00444	0.00252	0.02205
63	0.01301	0.47558	0.35099	0.01199	0.01811	0.01775	0.01397	0.01673	0.01126	0.01473	0.00852	0.00993	0.00696	0.00489	0.00422	0.00141	0.00679	0.00339	0.00232	0.00745
64	0.01432	0.01513	0.04392	0.03036	0.65187	0.11513	0.01601	0.01741	0.01279	0.01720	0.01000	0.01295	0.00837	0.00497	0.00533	0.00159	0.00697	0.00465	0.00270	0.00831
65	0.01197	0.01506	0.14101	0.18877	0.07604	0.01287	0.34751	0.03171	0.01237	0.01707	0.03541	0.01473	0.00927	0.00528	0.00622	0.00178	0.03212	0.00555	0.00278	0.03249
66	0.01329	0.05324	0.03869	0.07455	0.64363	0.01337	0.03639	0.01681	0.02598	0.01741	0.01032	0.01343	0.00857	0.00493	0.00533	0.00162	0.00656	0.00481	0.00271	0.00836
67	0.00773	0.00656	0.02539	0.00921	0.01040	0.00598	0.05929	0.00927	0.01071	0.01451	0.02646	0.57639	0.04824	0.01587	0.04009	0.00239	0.02810	0.05181	0.00457	0.04704
68	0.00751	0.00550	0.00697	0.00671	0.00795	0.00504	0.00495	0.00973	0.01446	0.02006	0.61008	0.09021	0.13292	0.04491	0.00735	0.00191	0.00274	0.01033	0.00572	0.00496
69	0.00739	0.00535	0.00757	0.00821	0.00895	0.00501	0.03334	0.00864	0.01088	0.03146	0.04974	0.66225	0.06493	0.01665	0.02759	0.00234	0.00375	0.03626	0.00498	0.00470
70	0.01257	0.04847	0.13076	0.20965	0.33892	0.01331	0.11020	0.04056	0.01236	0.01710	0.01013	0.01340	0.00797	0.00506	0.00543	0.00169	0.00719	0.00486	0.00266	0.00773
71	0.01191	0.01134	0.01927	0.41028	0.40994	0.01254	0.01594	0.01535	0.01167	0.01589	0.00998	0.01401	0.00796	0.00515	0.00542	0.00172	0.00687	0.00485	0.00256	0.00736
72	0.00779	0.00584	0.00876	0.00876	0.00974	0.00681	0.00681	0.00974	0.00876	0.01266	0.01460	0.02142	0.01363	0.04089	0.78680	0.00876	0.01460	0.00584	0.00292	0.00487
73	0.14051	0.00889	0.01407	0.03866	0.05785	0.00892	0.17699	0.03192	0.01143	0.01724	0.01991	0.37677	0.02160	0.01092	0.00612	0.00200	0.00518	0.04117	0.00406	0.00577
74	0.03332	0.01249	0.01433	0.02697	0.15924	0.05822	0.00998	0.32549	0.01781	0.02460	0.01570	0.04417	0.04507	0.00700	0.00525	0.00160	0.00546	0.03286	0.12532	0.03512
75	0.01289	0.01472	0.10973	0.14187	0.51702	0.03525	0.05650	0.01657	0.01220	0.01703	0.01011	0.01337	0.00817	0.00499	0.00542	0.00167	0.00702	0.00481	0.00262	0.00805
76	0.00915	0.00485	0.00712	0.00716	0.00724	0.00491	0.00480	0.00737	0.00739	0.00993	0.01106	0.04482	0.01138	0.07446	0.07686	0.69542	0.00544	0.00540	0.00256	0.00268
77	0.01349	0.01295	0.02213	0.03346	0.77440	0.01295	0.01673	0.01673	0.01241	0.01781	0.01025	0.01349	0.00864	0.00486	0.00540	0.00162	0.00648	0.00486	0.00270	0.00864
78	0.00779	0.00584	0.00876	0.00876	0.00974	0.00681	0.00681	0.00974	0.00876	0.01266	0.01460	0.02142	0.01363	0.04089	0.78680	0.00876	0.01460	0.00584	0.00292	0.00487
79	0.00661	0.00548	0.00580	0.00591	0.00757	0.00467	0.00441	0.00807	0.01248	0.01523	0.10590	0.11586	0.63736	0.01392	0.00651	0.00188	0.00284	0.02973	0.00513	0.00464
80	0.01145	0.01122	0.01578	0.01367	0.01378	0.01555	0.01133	0.01273	0.00840	0.01307	0.00802	0.01303	0.00791	0.01319	0.10725	0.00313	0.70733	0.00490	0.00245	0.00584
81	0.00793	0.00529	0.00595	0.00595	0.00595	0.00529	0.00330	0.00793	0.00793	0.01057	0.01718	0.03568	0.01982	0.80840	0.02775	0.00529	0.00529	0.00793	0.00330	0.00330
82	0.01859	0.02261	0.01718	0.01907	0.21298	0.58624	0.01214	0.02047	0.01466	0.01450	0.00890	0.01078	0.00744	0.00542	0.00504	0.00146	0.00896	0.00386	0.00278	0.00692
83	0.80987	0.01051	0.00838	0.04207	0.01174	0.01222	0.00631	0.01593	0.00935	0.02399	0.00768	0.00911	0.00596	0.00508	0.00347	0.00169	0.00435	0.00304	0.00333	0.00591
84	0.01093	0.02820	0.78016	0.01554	0.02360	0.01266	0.02014	0.01727	0.01151	0.01727	0.00978	0.01151	0.00691	0.00518	0.00518	0.00173	0.00806	0.00403	0.00230	0.00806
85	0.01038	0.00986	0.01687	0.76988	0.03725	0.01217	0.03948	0.01405	0.01097	0.01405	0.00973	0.01454	0.00730	0.00542	0.00548	0.00182	0.00733	0.00490	0.00243	0.00610
86	0.01013	0.00611	0.00803	0.00724	0.00897	0.00555	0.00554	0.01260	0.01538	0.13237	0.64243	0.03780	0.06532	0.01057	0.00629	0.00171	0.00288	0.00926	0.00609	0.00573
87	0.01064	0.01004	0.01697	0.71392	0.11626	0.01220	0.01531	0.01423	0.01106	0.01434	0.00975	0.01442	0.00741	0.00539	0.00544	0.00180	0.00718	0.00485	0.00245	0.00633
88	0.00767	0.00557	0.00723	0.00681	0.00812	0.00513	0.00511	0.01020	0.01533	0.02162	0.74735	0.04112	0.07576	0.01124	0.00643	0.00172	0.00258	0.00991	0.00597	0.00513
89	0.01166	0.01103	0.01842	0.48692	0.26583	0.01267	0.03100	0.02898	0.02689	0.01575	0.01013	0.01422	0.00794	0.00543	0.00583	0.00177	0.03097	0.00491	0.00263	0.00700
90	0.01178	0.00999	0.01540	0.57483	0.05105	0.01195	0.01349	0.01722	0.13527	0.06452	0.01303	0.01697	0.00989	0.00609	0.00552	0.00183	0.00653	0.02462	0.00329	0.00673

[dist]
# distance from previous block
# <min> <max>
0	21

# created by:
# /st0/software/busco_prod/Augustus/scripts/msa2prfl.pl ./align_prep/164374.fa
