[name]
unknown

[dist]
# distance from previous block
# <min> <max>
11	92

[block]
# block no. 0 follows, 48 sequences, length 11
# corresponding to MSA columns:
# 108-118
name=unknown_A
#
# <colnr> <probs for GDERKNQSTAVLIFYWHMCP>
#	G	D	E	R	K	N	Q	S	T	A	V	L	I	F	Y	W	H	M	C	P
0	0.18107	0.00872	0.01008	0.16488	0.01464	0.03404	0.00774	0.06704	0.01079	0.01707	0.06077	0.01801	0.06275	0.05246	0.03136	0.06305	0.08932	0.00507	0.09591	0.00522
1	0.25978	0.01325	0.06547	0.07659	0.04969	0.08116	0.05659	0.16027	0.01268	0.02006	0.00924	0.01145	0.00732	0.00792	0.06227	0.00212	0.09046	0.00404	0.00318	0.00648
2	0.03832	0.08140	0.01549	0.24123	0.14490	0.04213	0.03186	0.03074	0.14432	0.05770	0.01553	0.01868	0.06261	0.00638	0.00509	0.00164	0.00562	0.04623	0.00345	0.00670
3	0.00672	0.00502	0.00591	0.00602	0.00699	0.00457	0.00419	0.00801	0.01133	0.01490	0.25244	0.19546	0.27543	0.16813	0.01002	0.00239	0.00308	0.01048	0.00470	0.00421
4	0.01030	0.00930	0.01440	0.53701	0.05008	0.01092	0.03487	0.06402	0.06609	0.01536	0.01528	0.01944	0.08634	0.00647	0.00534	0.00173	0.00608	0.03791	0.00305	0.00600
5	0.01267	0.00705	0.00898	0.00752	0.01009	0.00624	0.00591	0.01543	0.04907	0.25552	0.37615	0.02837	0.07654	0.00840	0.00547	0.00152	0.00327	0.00720	0.00547	0.10913
6	0.01147	0.01313	0.07165	0.15304	0.02235	0.06823	0.28759	0.03132	0.01096	0.01468	0.01016	0.03942	0.00857	0.00880	0.07616	0.00235	0.15599	0.00536	0.00259	0.00619
7	0.02119	0.00948	0.01217	0.00958	0.01336	0.00889	0.00791	0.12354	0.06183	0.60453	0.01958	0.01893	0.01321	0.00676	0.00526	0.00163	0.00454	0.04310	0.00604	0.00849
8	0.01755	0.01288	0.01392	0.01098	0.01448	0.01416	0.00887	0.65318	0.02176	0.02916	0.01391	0.08032	0.01152	0.06481	0.00674	0.00183	0.00538	0.00565	0.00496	0.00795
9	0.01885	0.07960	0.01562	0.01259	0.01568	0.56955	0.00980	0.18634	0.01637	0.01691	0.00885	0.00986	0.00708	0.00542	0.00464	0.00135	0.00818	0.00356	0.00316	0.00661
10	0.01101	0.00716	0.00871	0.00759	0.00965	0.00699	0.00591	0.11000	0.05652	0.11859	0.48937	0.03223	0.09663	0.00943	0.00578	0.00162	0.00318	0.00810	0.00558	0.00596

[dist]
# distance from previous block
# <min> <max>
0	3

[block]
# block no. 1 follows, 48 sequences, length 8
# corresponding to MSA columns:
# 122-129
name=unknown_B
#
# <colnr> <probs for GDERKNQSTAVLIFYWHMCP>
#	G	D	E	R	K	N	Q	S	T	A	V	L	I	F	Y	W	H	M	C	P
0	0.69215	0.01139	0.05193	0.00871	0.01235	0.01190	0.07116	0.05779	0.01000	0.02263	0.00782	0.00916	0.00597	0.00481	0.00362	0.00160	0.00465	0.00321	0.00318	0.00596
1	0.01753	0.01170	0.01329	0.01002	0.01424	0.01156	0.00822	0.39841	0.01825	0.17529	0.01290	0.01282	0.00916	0.00549	0.00474	0.00132	0.00484	0.00425	0.00474	0.26122
2	0.63245	0.06790	0.06289	0.00758	0.01094	0.01185	0.00671	0.05072	0.00963	0.02121	0.00824	0.01067	0.00687	0.06869	0.00519	0.00182	0.00448	0.00330	0.00313	0.00573
3	0.28023	0.19399	0.07626	0.00982	0.01383	0.08704	0.00889	0.21608	0.01406	0.04378	0.00913	0.00991	0.00700	0.00515	0.00404	0.00144	0.00553	0.00346	0.00344	0.00691
4	0.00904	0.07612	0.03421	0.00856	0.01007	0.00857	0.00695	0.06945	0.00964	0.01341	0.01306	0.01980	0.01240	0.13599	0.51997	0.00631	0.03318	0.00538	0.00291	0.00500
5	0.23729	0.08859	0.35878	0.01293	0.07112	0.01255	0.03292	0.05508	0.01123	0.06218	0.00932	0.01060	0.00687	0.00492	0.00436	0.00156	0.00608	0.00366	0.00286	0.00710
6	0.37498	0.08712	0.14706	0.04648	0.01490	0.01351	0.00976	0.16054	0.01222	0.02146	0.00856	0.00997	0.00656	0.00533	0.00490	0.00159	0.06174	0.00351	0.00318	0.00662
7	0.11943	0.10634	0.11279	0.22448	0.04184	0.05411	0.01162	0.13542	0.02914	0.01780	0.00917	0.01151	0.00716	0.00576	0.00593	0.01980	0.07425	0.00400	0.00291	0.00655

[dist]
# distance from previous block
# <min> <max>
19	41

[block]
# block no. 2 follows, 48 sequences, length 10
# corresponding to MSA columns:
# 171-180
name=unknown_C
#
# <colnr> <probs for GDERKNQSTAVLIFYWHMCP>
#	G	D	E	R	K	N	Q	S	T	A	V	L	I	F	Y	W	H	M	C	P
0	0.22588	0.04063	0.01283	0.02607	0.08781	0.06072	0.00847	0.28136	0.05342	0.02309	0.01422	0.01530	0.07615	0.03272	0.00529	0.00165	0.00511	0.00467	0.00396	0.02065
1	0.19976	0.01130	0.01855	0.13000	0.14439	0.01136	0.25283	0.01501	0.01080	0.01753	0.00917	0.01192	0.00718	0.00450	0.00478	0.00151	0.00619	0.00441	0.00274	0.13608
2	0.00961	0.00750	0.00898	0.00926	0.07143	0.00746	0.00638	0.15969	0.01378	0.01805	0.11064	0.13854	0.28824	0.06658	0.04170	0.00223	0.00421	0.02571	0.00455	0.00548
3	0.01264	0.01034	0.01326	0.10624	0.08242	0.02991	0.02369	0.07165	0.01204	0.07915	0.01019	0.01191	0.00799	0.00468	0.00491	0.00116	0.03982	0.00377	0.00328	0.47096
4	0.00778	0.00590	0.00830	0.00820	0.00920	0.00680	0.00628	0.01047	0.06982	0.01251	0.01451	0.02118	0.01353	0.10009	0.67231	0.00746	0.01225	0.00568	0.00298	0.00474
5	0.01109	0.00925	0.01212	0.01095	0.07905	0.00834	0.05097	0.12514	0.01276	0.01817	0.01607	0.16838	0.05143	0.00739	0.00498	0.00135	0.00437	0.03161	0.00375	0.37284
6	0.08137	0.00739	0.01207	0.01044	0.01237	0.00707	0.18500	0.01084	0.01083	0.04079	0.09027	0.42232	0.04322	0.03323	0.00657	0.00197	0.00444	0.01049	0.00420	0.00512
7	0.02018	0.01329	0.01473	0.01129	0.01537	0.01430	0.00933	0.62695	0.02231	0.17851	0.01385	0.01331	0.00949	0.00620	0.00514	0.00155	0.00540	0.00472	0.00537	0.00873
8	0.00618	0.00508	0.00544	0.00561	0.00707	0.00434	0.00411	0.00748	0.01157	0.01419	0.09782	0.17754	0.60914	0.01334	0.00614	0.00178	0.00265	0.01136	0.00482	0.00434
9	0.08442	0.00877	0.01245	0.00970	0.01331	0.00793	0.07252	0.02137	0.01375	0.56405	0.08155	0.05701	0.01569	0.00687	0.00522	0.00163	0.00448	0.00585	0.00565	0.00779

[dist]
# distance from previous block
# <min> <max>
0	6

[block]
# block no. 3 follows, 48 sequences, length 12
# corresponding to MSA columns:
# 187-198
name=unknown_D
#
# <colnr> <probs for GDERKNQSTAVLIFYWHMCP>
#	G	D	E	R	K	N	Q	S	T	A	V	L	I	F	Y	W	H	M	C	P
0	0.19881	0.00731	0.00847	0.00763	0.00996	0.00711	0.00590	0.01544	0.01154	0.28904	0.06265	0.21801	0.04506	0.05819	0.00647	0.00195	0.00382	0.03165	0.00492	0.00607
1	0.07452	0.00562	0.00695	0.00663	0.00797	0.00537	0.00497	0.01025	0.01353	0.04164	0.61535	0.12451	0.04237	0.01056	0.00586	0.00166	0.00266	0.00926	0.00537	0.00493
2	0.00638	0.00463	0.00602	0.00689	0.00743	0.00428	0.00471	0.00752	0.01064	0.01421	0.13702	0.64595	0.09526	0.01504	0.00644	0.00199	0.00287	0.01354	0.00489	0.00428
3	0.10608	0.00624	0.00705	0.00709	0.00829	0.00633	0.00503	0.07118	0.01088	0.05839	0.02163	0.40722	0.03693	0.13596	0.00870	0.00231	0.00363	0.00984	0.08238	0.00484
4	0.32571	0.00726	0.00724	0.00703	0.00896	0.00763	0.00532	0.04104	0.01085	0.05837	0.09391	0.29405	0.09427	0.01013	0.00507	0.00177	0.00343	0.00843	0.00435	0.00518
5	0.10862	0.00682	0.00688	0.00616	0.00812	0.00713	0.00483	0.10880	0.01246	0.06881	0.01530	0.01693	0.01170	0.00588	0.00383	0.00131	0.00310	0.00456	0.59315	0.00561
6	0.11735	0.00945	0.01117	0.00923	0.01263	0.00947	0.00748	0.07206	0.17686	0.42675	0.01890	0.05289	0.01373	0.00697	0.00506	0.00166	0.00429	0.03061	0.00553	0.00789
7	0.00816	0.00503	0.00661	0.00715	0.00794	0.00462	0.00494	0.00926	0.01066	0.09570	0.08738	0.60142	0.06044	0.05580	0.00735	0.00213	0.00317	0.01266	0.00492	0.00465
8	0.11118	0.00725	0.00901	0.00762	0.01022	0.00672	0.00605	0.01671	0.01367	0.35116	0.31562	0.05321	0.05365	0.00834	0.00536	0.00162	0.00346	0.00700	0.00560	0.00655
9	0.10788	0.00714	0.00787	0.00702	0.00843	0.00737	0.00490	0.10514	0.01094	0.10300	0.05733	0.04250	0.01709	0.45920	0.03045	0.00359	0.00485	0.00653	0.00390	0.00486
10	0.04846	0.01039	0.01175	0.00955	0.01262	0.01092	0.00768	0.38701	0.01844	0.15036	0.14597	0.10250	0.01877	0.00791	0.00532	0.00161	0.00444	0.00648	0.03249	0.00734
11	0.01022	0.00557	0.00724	0.00720	0.00836	0.00511	0.00506	0.01132	0.01088	0.18440	0.07873	0.42221	0.05312	0.15425	0.00962	0.00244	0.00358	0.01076	0.00489	0.00504

[dist]
# distance from previous block
# <min> <max>
5	7

[block]
# block no. 4 follows, 48 sequences, length 111
# corresponding to MSA columns:
# 206-316
name=unknown_E
#
# <colnr> <probs for GDERKNQSTAVLIFYWHMCP>
#	G	D	E	R	K	N	Q	S	T	A	V	L	I	F	Y	W	H	M	C	P
0	0.01115	0.00946	0.01090	0.00796	0.01239	0.00760	0.00637	0.04604	0.05976	0.01768	0.01000	0.01125	0.00816	0.00410	0.00395	0.00086	0.00389	0.00328	0.00327	0.76193
1	0.01876	0.06471	0.01552	0.01116	0.01527	0.01501	0.00929	0.60988	0.03879	0.08565	0.01259	0.01250	0.00898	0.00595	0.00495	0.00148	0.00541	0.00448	0.00492	0.05470
2	0.01993	0.01197	0.01371	0.01068	0.01457	0.01255	0.00876	0.44395	0.07464	0.29185	0.01601	0.03266	0.01116	0.00651	0.00518	0.00158	0.00503	0.00511	0.00555	0.00858
3	0.00666	0.00489	0.00620	0.00656	0.00741	0.00448	0.00463	0.00819	0.01189	0.01608	0.33093	0.37900	0.14519	0.03515	0.00681	0.00193	0.00276	0.01176	0.00507	0.00443
4	0.00657	0.00482	0.00618	0.00681	0.00756	0.00443	0.00481	0.00796	0.01134	0.01519	0.22359	0.48823	0.13523	0.01418	0.00638	0.00193	0.00286	0.04257	0.00499	0.00438
5	0.03912	0.02783	0.04005	0.01018	0.03499	0.00920	0.00839	0.11534	0.01533	0.60103	0.01781	0.01594	0.01148	0.00610	0.00503	0.00155	0.00469	0.00488	0.00573	0.02532
6	0.04775	0.00866	0.01129	0.00917	0.01271	0.00793	0.00758	0.02299	0.08182	0.59351	0.02045	0.02184	0.01457	0.00721	0.00530	0.00167	0.00436	0.09131	0.00590	0.02397
7	0.00650	0.00499	0.00575	0.00599	0.00705	0.00446	0.00421	0.00776	0.01125	0.01447	0.17965	0.24474	0.36155	0.10788	0.00854	0.00218	0.00294	0.01112	0.00474	0.00424
8	0.02218	0.00981	0.01254	0.00965	0.01362	0.00918	0.00796	0.16185	0.03085	0.63742	0.01880	0.01655	0.01203	0.00633	0.00516	0.00158	0.00460	0.00507	0.00611	0.00872
9	0.01244	0.01193	0.02036	0.09760	0.72357	0.01212	0.01562	0.01552	0.01156	0.01645	0.00961	0.01278	0.00802	0.00462	0.00508	0.00154	0.00616	0.00457	0.00252	0.00792
10	0.01922	0.01423	0.01524	0.01175	0.01580	0.01578	0.00968	0.73900	0.05615	0.03188	0.01268	0.01261	0.00902	0.00619	0.00514	0.00155	0.00558	0.00467	0.00514	0.00870
11	0.85592	0.00992	0.00754	0.00675	0.00992	0.01151	0.00556	0.01508	0.00873	0.02302	0.00714	0.00834	0.00556	0.00476	0.00318	0.00159	0.00397	0.00278	0.00318	0.00556
12	0.00740	0.00496	0.00565	0.00570	0.00574	0.00493	0.00324	0.00750	0.00776	0.01038	0.03612	0.07337	0.02018	0.75859	0.02462	0.00474	0.00481	0.00787	0.00326	0.00321
13	0.01285	0.01099	0.01167	0.01025	0.01334	0.01237	0.00801	0.05601	0.68008	0.02148	0.01950	0.01812	0.01467	0.00665	0.00509	0.00165	0.00410	0.00551	0.00502	0.08266
14	0.02302	0.00873	0.01191	0.00913	0.01310	0.00754	0.00754	0.02501	0.01469	0.79122	0.02024	0.01746	0.01270	0.00635	0.00516	0.00159	0.00437	0.00516	0.00635	0.00873
15	0.02302	0.00873	0.01191	0.00913	0.01310	0.00754	0.00754	0.02501	0.01469	0.79122	0.02024	0.01746	0.01270	0.00635	0.00516	0.00159	0.00437	0.00516	0.00635	0.00873
16	0.00746	0.00497	0.00560	0.00560	0.00560	0.00497	0.00311	0.00746	0.00746	0.00995	0.01617	0.03358	0.01865	0.81967	0.02612	0.00497	0.00497	0.00746	0.00311	0.00311
17	0.01607	0.01188	0.01295	0.01079	0.01414	0.01318	0.00868	0.34064	0.34727	0.08649	0.01766	0.03895	0.01354	0.00711	0.00529	0.00168	0.00475	0.03551	0.00524	0.00818
18	0.00625	0.00447	0.00595	0.00714	0.00744	0.00417	0.00476	0.00714	0.00982	0.01310	0.02828	0.81633	0.03394	0.01608	0.00655	0.00208	0.00298	0.01459	0.00476	0.00417
19	0.00606	0.00520	0.00520	0.00520	0.00693	0.00433	0.00390	0.00736	0.01170	0.01386	0.05198	0.04938	0.78558	0.01299	0.00606	0.00173	0.00260	0.01083	0.00476	0.00433
20	0.00764	0.00514	0.00583	0.00584	0.00595	0.00516	0.00337	0.02399	0.00798	0.01065	0.01691	0.08670	0.01949	0.74702	0.02432	0.00470	0.00485	0.00789	0.00327	0.00330
21	0.00726	0.00524	0.00686	0.00646	0.00767	0.00484	0.00484	0.00968	0.01452	0.02058	0.78496	0.03833	0.04841	0.01049	0.00605	0.00161	0.00242	0.00928	0.00565	0.00484
22	0.01951	0.01437	0.01540	0.01181	0.01591	0.01591	0.00975	0.77056	0.02412	0.03234	0.01232	0.01232	0.00873	0.00616	0.00513	0.00154	0.00565	0.00462	0.00513	0.00873
23	0.01029	0.02654	0.79309	0.01462	0.02221	0.01192	0.01896	0.01625	0.01083	0.01625	0.00921	0.01083	0.00650	0.00487	0.00487	0.00162	0.00758	0.00379	0.00217	0.00758
24	0.00606	0.00520	0.00520	0.00520	0.00693	0.00433	0.00390	0.00736	0.01170	0.01386	0.05198	0.04938	0.78558	0.01299	0.00606	0.00173	0.00260	0.01083	0.00476	0.00433
25	0.85592	0.00992	0.00754	0.00675	0.00992	0.01151	0.00556	0.01508	0.00873	0.02302	0.00714	0.00834	0.00556	0.00476	0.00318	0.00159	0.00397	0.00278	0.00318	0.00556
26	0.01372	0.82276	0.02689	0.00878	0.01317	0.02030	0.00878	0.01536	0.01043	0.01207	0.00713	0.00823	0.00658	0.00439	0.00329	0.00110	0.00549	0.00274	0.00219	0.00658
27	0.01270	0.01219	0.02083	0.03149	0.78767	0.01219	0.01575	0.01575	0.01168	0.01676	0.00965	0.01270	0.00813	0.00457	0.00508	0.00152	0.00610	0.00457	0.00254	0.00813
28	0.01276	0.01102	0.01160	0.01044	0.01334	0.01276	0.00812	0.02727	0.77840	0.02146	0.02088	0.01914	0.01566	0.00696	0.00522	0.00174	0.00406	0.00580	0.00522	0.00812
29	0.00746	0.00497	0.00560	0.00560	0.00560	0.00497	0.00311	0.00746	0.00746	0.00995	0.01617	0.03358	0.01865	0.81967	0.02612	0.00497	0.00497	0.00746	0.00311	0.00311
30	0.00746	0.00497	0.00560	0.00560	0.00560	0.00497	0.00311	0.00746	0.00746	0.00995	0.01617	0.03358	0.01865	0.81967	0.02612	0.00497	0.00497	0.00746	0.00311	0.00311
31	0.00606	0.00520	0.00520	0.00520	0.00693	0.00433	0.00390	0.00736	0.01170	0.01386	0.05198	0.04938	0.78558	0.01299	0.00606	0.00173	0.00260	0.01083	0.00476	0.00433
32	0.02302	0.00873	0.01191	0.00913	0.01310	0.00754	0.00754	0.02501	0.01469	0.79122	0.02024	0.01746	0.01270	0.00635	0.00516	0.00159	0.00437	0.00516	0.00635	0.00873
33	0.02302	0.00873	0.01191	0.00913	0.01310	0.00754	0.00754	0.02501	0.01469	0.79122	0.02024	0.01746	0.01270	0.00635	0.00516	0.00159	0.00437	0.00516	0.00635	0.00873
34	0.00625	0.00447	0.00595	0.00714	0.00744	0.00417	0.00476	0.00714	0.00982	0.01310	0.02828	0.81633	0.03394	0.01608	0.00655	0.00208	0.00298	0.01459	0.00476	0.00417
35	0.00625	0.00447	0.00595	0.00714	0.00744	0.00417	0.00476	0.00714	0.00982	0.01310	0.02828	0.81633	0.03394	0.01608	0.00655	0.00208	0.00298	0.01459	0.00476	0.00417
36	0.02302	0.00873	0.01191	0.00913	0.01310	0.00754	0.00754	0.02501	0.01469	0.79122	0.02024	0.01746	0.01270	0.00635	0.00516	0.00159	0.00437	0.00516	0.00635	0.00873
37	0.00827	0.00591	0.00827	0.00945	0.01063	0.00591	0.00827	0.01063	0.01181	0.01536	0.02717	0.05788	0.02953	0.01417	0.00709	0.00236	0.00472	0.75313	0.00472	0.00472
38	0.01186	0.01335	0.02873	0.10303	0.02770	0.01281	0.69083	0.01609	0.01192	0.01609	0.01025	0.01382	0.00769	0.00441	0.00596	0.00173	0.00846	0.00590	0.00256	0.00679
39	0.00774	0.00607	0.00891	0.00868	0.00946	0.00732	0.00678	0.00942	0.00817	0.01188	0.01312	0.01979	0.01244	0.06780	0.68622	0.00749	0.09591	0.00547	0.00271	0.00463
40	0.03384	0.14018	0.28531	0.01830	0.19845	0.06333	0.12606	0.04672	0.01188	0.01635	0.00916	0.01122	0.00715	0.00473	0.00481	0.00151	0.00702	0.00413	0.00250	0.00735
41	0.01186	0.01133	0.01930	0.24872	0.57703	0.01197	0.01533	0.01501	0.01128	0.01574	0.00950	0.01297	0.00777	0.00473	0.00509	0.00158	0.00630	0.00457	0.00247	0.00745
42	0.29673	0.00828	0.00884	0.00762	0.01041	0.00847	0.00607	0.01717	0.07496	0.25432	0.10208	0.03534	0.08062	0.00781	0.00564	0.05532	0.00382	0.00549	0.00469	0.00631
43	0.00648	0.00467	0.00621	0.00729	0.00775	0.00434	0.00500	0.00749	0.00996	0.01332	0.02773	0.75164	0.03302	0.01566	0.00651	0.00207	0.00310	0.05755	0.00472	0.02551
44	0.00726	0.00524	0.00686	0.00646	0.00767	0.00484	0.00484	0.00968	0.01452	0.02058	0.78496	0.03833	0.04841	0.01049	0.00605	0.00161	0.00242	0.00928	0.00565	0.00484
45	0.00630	0.00452	0.00600	0.00716	0.00752	0.00422	0.00484	0.00724	0.00992	0.01318	0.02876	0.77922	0.05009	0.01596	0.00655	0.00208	0.00302	0.03447	0.00476	0.00419
46	0.00634	0.00451	0.00595	0.00705	0.00735	0.00422	0.00468	0.00722	0.00980	0.01309	0.04372	0.75832	0.03343	0.05853	0.00758	0.00223	0.00307	0.01410	0.00469	0.00413
47	0.85592	0.00992	0.00754	0.00675	0.00992	0.01151	0.00556	0.01508	0.00873	0.02302	0.00714	0.00834	0.00556	0.00476	0.00318	0.00159	0.00397	0.00278	0.00318	0.00556
48	0.01987	0.01379	0.01504	0.01153	0.01562	0.01504	0.00952	0.69331	0.02315	0.11096	0.01314	0.01285	0.00914	0.00618	0.00514	0.00154	0.00551	0.00468	0.00526	0.00873
49	0.00923	0.00682	0.00882	0.00941	0.01095	0.00701	0.00807	0.05989	0.07644	0.01698	0.04374	0.05093	0.06350	0.01293	0.00674	0.00221	0.00458	0.59170	0.00481	0.00524
50	0.66556	0.00983	0.00860	0.00738	0.01071	0.01092	0.00607	0.03303	0.03094	0.16155	0.00998	0.01036	0.00718	0.00514	0.00363	0.00159	0.00408	0.00333	0.00384	0.00626
51	0.02302	0.00873	0.01191	0.00913	0.01310	0.00754	0.00754	0.02501	0.01469	0.79122	0.02024	0.01746	0.01270	0.00635	0.00516	0.00159	0.00437	0.00516	0.00635	0.00873
52	0.00625	0.00447	0.00595	0.00714	0.00744	0.00417	0.00476	0.00714	0.00982	0.01310	0.02828	0.81633	0.03394	0.01608	0.00655	0.00208	0.00298	0.01459	0.00476	0.00417
53	0.05470	0.01335	0.01455	0.01120	0.01524	0.01448	0.00925	0.62787	0.02208	0.14532	0.01329	0.01292	0.00919	0.00613	0.00506	0.00155	0.00539	0.00462	0.00523	0.00860
54	0.00632	0.00451	0.00601	0.00710	0.00746	0.00421	0.00477	0.00731	0.01012	0.01357	0.07613	0.76713	0.03485	0.01572	0.00652	0.00205	0.00294	0.01425	0.00482	0.00421
55	0.00827	0.00591	0.00827	0.00945	0.01063	0.00591	0.00827	0.01063	0.01181	0.01536	0.02717	0.05788	0.02953	0.01417	0.00709	0.00236	0.00472	0.75313	0.00472	0.00472
56	0.01342	0.01135	0.01197	0.01058	0.01359	0.01307	0.00828	0.09999	0.70460	0.02253	0.02005	0.01848	0.01498	0.00688	0.00521	0.00172	0.00422	0.00569	0.00521	0.00818
57	0.00687	0.00529	0.00598	0.00577	0.00734	0.00459	0.00434	0.00862	0.01285	0.03204	0.33621	0.04445	0.48361	0.01189	0.00604	0.00168	0.00257	0.01011	0.00514	0.00462
58	0.00643	0.00467	0.00597	0.00676	0.00731	0.00432	0.00459	0.00752	0.01050	0.01399	0.13006	0.58945	0.11286	0.06078	0.00755	0.00215	0.00298	0.01309	0.00479	0.00421
59	0.01951	0.01437	0.01540	0.01181	0.01591	0.01591	0.00975	0.77056	0.02412	0.03234	0.01232	0.01232	0.00873	0.00616	0.00513	0.00154	0.00565	0.00462	0.00513	0.00873
60	0.00726	0.00524	0.00686	0.00646	0.00767	0.00484	0.00484	0.00968	0.01452	0.02058	0.78496	0.03833	0.04841	0.01049	0.00605	0.00161	0.00242	0.00928	0.00565	0.00484
61	0.02642	0.00533	0.00607	0.00585	0.00736	0.00475	0.00440	0.00868	0.01302	0.01737	0.41120	0.04299	0.40512	0.01157	0.00599	0.00167	0.00254	0.00988	0.00516	0.00461
62	0.00612	0.00522	0.00528	0.00531	0.00703	0.00437	0.00402	0.00745	0.01170	0.01390	0.05130	0.04961	0.76478	0.01303	0.00609	0.00175	0.00266	0.03126	0.00476	0.00434
63	0.85592	0.00992	0.00754	0.00675	0.00992	0.01151	0.00556	0.01508	0.00873	0.02302	0.00714	0.00834	0.00556	0.00476	0.00318	0.00159	0.00397	0.00278	0.00318	0.00556
64	0.00975	0.00912	0.01526	0.67488	0.10821	0.01098	0.01372	0.01297	0.01041	0.01349	0.01103	0.05177	0.02575	0.00576	0.00521	0.00171	0.00649	0.00517	0.00248	0.00584
65	0.00623	0.00514	0.00546	0.00552	0.00706	0.00438	0.00409	0.00762	0.01187	0.01460	0.13813	0.11607	0.63016	0.01297	0.00611	0.00175	0.00261	0.01098	0.00487	0.00438
66	0.00746	0.00497	0.00560	0.00560	0.00560	0.00497	0.00311	0.00746	0.00746	0.00995	0.01617	0.03358	0.01865	0.81967	0.02612	0.00497	0.00497	0.00746	0.00311	0.00311
67	0.01207	0.01316	0.02250	0.06777	0.03425	0.06339	0.36505	0.01487	0.01048	0.01439	0.00871	0.01250	0.00725	0.00626	0.01010	0.00190	0.32146	0.00515	0.00244	0.00629
68	0.01907	0.01423	0.01574	0.01305	0.06471	0.01568	0.01013	0.72283	0.02334	0.03135	0.01215	0.01234	0.00869	0.00606	0.00513	0.00154	0.00567	0.00462	0.00497	0.00869
69	0.00726	0.00524	0.00686	0.00646	0.00767	0.00484	0.00484	0.00968	0.01452	0.02058	0.78496	0.03833	0.04841	0.01049	0.00605	0.00161	0.00242	0.00928	0.00565	0.00484
70	0.01064	0.00912	0.01064	0.00760	0.01216	0.00684	0.00608	0.01292	0.01064	0.01672	0.00912	0.01064	0.00760	0.00380	0.00380	0.00076	0.00380	0.00304	0.00304	0.85104
71	0.02259	0.00903	0.01205	0.00928	0.01322	0.00804	0.00765	0.05667	0.03610	0.73787	0.01992	0.01729	0.01261	0.00636	0.00516	0.00159	0.00441	0.00515	0.00627	0.00872
72	0.01258	0.01387	0.02934	0.02101	0.02613	0.01316	0.72102	0.06412	0.01287	0.01744	0.01050	0.01374	0.00784	0.00444	0.00600	0.00172	0.00846	0.00596	0.00276	0.00703
73	0.00734	0.00492	0.00563	0.00576	0.00579	0.00489	0.00328	0.00743	0.00771	0.01028	0.01742	0.11468	0.02024	0.73641	0.02409	0.00468	0.00477	0.00820	0.00328	0.00322
74	0.01213	0.01380	0.03002	0.02189	0.04712	0.01295	0.74893	0.01642	0.01210	0.01644	0.01036	0.01381	0.00779	0.00433	0.00603	0.00172	0.00858	0.00602	0.00259	0.00695
75	0.01276	0.01102	0.01160	0.01044	0.01334	0.01276	0.00812	0.02727	0.77840	0.02146	0.02088	0.01914	0.01566	0.00696	0.00522	0.00174	0.00406	0.00580	0.00522	0.00812
76	0.01310	0.01095	0.01161	0.01040	0.01333	0.01259	0.00810	0.02719	0.75311	0.04695	0.02086	0.01909	0.01557	0.00694	0.00522	0.00174	0.00407	0.00578	0.00526	0.00814
77	0.00632	0.00452	0.00603	0.00718	0.00752	0.00422	0.00485	0.00728	0.00998	0.01332	0.04518	0.78128	0.03416	0.01591	0.00655	0.00208	0.00301	0.03165	0.00478	0.00420
78	0.01064	0.00912	0.01064	0.00760	0.01216	0.00684	0.00608	0.01292	0.01064	0.01672	0.00912	0.01064	0.00760	0.00380	0.00380	0.00076	0.00380	0.00304	0.00304	0.85104
79	0.00617	0.00517	0.00537	0.00539	0.00701	0.00437	0.00401	0.00755	0.01185	0.01440	0.11290	0.08114	0.69126	0.01291	0.00608	0.00174	0.00260	0.01086	0.00484	0.00437
80	0.85592	0.00992	0.00754	0.00675	0.00992	0.01151	0.00556	0.01508	0.00873	0.02302	0.00714	0.00834	0.00556	0.00476	0.00318	0.00159	0.00397	0.00278	0.00318	0.00556
81	0.01029	0.02654	0.79309	0.01462	0.02221	0.01192	0.01896	0.01625	0.01083	0.01625	0.00921	0.01083	0.00650	0.00487	0.00487	0.00162	0.00758	0.00379	0.00217	0.00758
82	0.00733	0.00550	0.00825	0.00825	0.00916	0.00641	0.00641	0.00916	0.00825	0.01191	0.01374	0.02016	0.01283	0.03848	0.79934	0.00825	0.01374	0.00550	0.00275	0.00458
83	0.02302	0.00873	0.01191	0.00913	0.01310	0.00754	0.00754	0.02501	0.01469	0.79122	0.02024	0.01746	0.01270	0.00635	0.00516	0.00159	0.00437	0.00516	0.00635	0.00873
84	0.02302	0.00873	0.01191	0.00913	0.01310	0.00754	0.00754	0.02501	0.01469	0.79122	0.02024	0.01746	0.01270	0.00635	0.00516	0.00159	0.00437	0.00516	0.00635	0.00873
85	0.00758	0.00535	0.00674	0.00633	0.00772	0.00484	0.00477	0.00979	0.01404	0.04492	0.63253	0.03955	0.17508	0.01079	0.00602	0.00163	0.00252	0.00941	0.00552	0.00488
86	0.01963	0.00958	0.01187	0.00960	0.01323	0.00939	0.00777	0.03945	0.26218	0.52799	0.02030	0.01791	0.01359	0.00654	0.00518	0.00164	0.00429	0.00536	0.00596	0.00853
87	0.00625	0.00447	0.00595	0.00714	0.00744	0.00417	0.00476	0.00714	0.00982	0.01310	0.02828	0.81633	0.03394	0.01608	0.00655	0.00208	0.00298	0.01459	0.00476	0.00417
88	0.00625	0.00447	0.00595	0.00714	0.00744	0.00417	0.00476	0.00714	0.00982	0.01310	0.02828	0.81633	0.03394	0.01608	0.00655	0.00208	0.00298	0.01459	0.00476	0.00417
89	0.01021	0.00618	0.00792	0.00797	0.00939	0.00595	0.00612	0.01269	0.06864	0.14305	0.07374	0.24831	0.07001	0.10698	0.00859	0.00234	0.00391	0.19780	0.00491	0.00529
90	0.00761	0.00492	0.00571	0.00571	0.00571	0.00492	0.00325	0.00738	0.00738	0.00984	0.01542	0.03171	0.01765	0.73660	0.02549	0.09260	0.00492	0.00715	0.00302	0.00302
91	0.00746	0.00497	0.00560	0.00560	0.00560	0.00497	0.00311	0.00746	0.00746	0.00995	0.01617	0.03358	0.01865	0.81967	0.02612	0.00497	0.00497	0.00746	0.00311	0.00311
92	0.85592	0.00992	0.00754	0.00675	0.00992	0.01151	0.00556	0.01508	0.00873	0.02302	0.00714	0.00834	0.00556	0.00476	0.00318	0.00159	0.00397	0.00278	0.00318	0.00556
93	0.00649	0.00458	0.00587	0.00680	0.00707	0.00433	0.00442	0.00721	0.00939	0.01249	0.02634	0.64701	0.04518	0.17490	0.01041	0.00265	0.00336	0.01311	0.00444	0.00396
94	0.01239	0.01187	0.02026	0.11188	0.70972	0.01211	0.01559	0.01547	0.01154	0.01638	0.00960	0.01280	0.00799	0.00463	0.00508	0.00154	0.00617	0.00457	0.00251	0.00788
95	0.01973	0.01401	0.01518	0.01163	0.01573	0.01538	0.00961	0.72281	0.02352	0.08094	0.01283	0.01265	0.00898	0.00617	0.00513	0.00154	0.00556	0.00465	0.00521	0.00873
96	0.00607	0.00517	0.00523	0.00528	0.00695	0.00432	0.00393	0.00735	0.01162	0.01383	0.05098	0.08172	0.75389	0.01312	0.00608	0.00175	0.00261	0.01099	0.00476	0.00432
97	0.01248	0.01196	0.02031	0.03062	0.76182	0.01193	0.01535	0.01547	0.01168	0.01667	0.01105	0.01391	0.03386	0.00485	0.00511	0.00153	0.00598	0.00478	0.00261	0.00800
98	0.01433	0.64595	0.05345	0.00947	0.01373	0.07984	0.00916	0.01694	0.05950	0.04432	0.00867	0.00947	0.00740	0.00472	0.00365	0.00120	0.00573	0.00312	0.00259	0.00676
99	0.02302	0.00873	0.01191	0.00913	0.01310	0.00754	0.00754	0.02501	0.01469	0.79122	0.02024	0.01746	0.01270	0.00635	0.00516	0.00159	0.00437	0.00516	0.00635	0.00873
100	0.00874	0.00446	0.00664	0.00671	0.00673	0.00444	0.00448	0.00671	0.00689	0.00918	0.01016	0.06723	0.01053	0.01771	0.01918	0.79600	0.00436	0.00511	0.00239	0.00235
101	0.01379	0.51420	0.19308	0.01129	0.04125	0.01670	0.03734	0.01655	0.01103	0.08941	0.00906	0.01004	0.00726	0.00469	0.00398	0.00130	0.00597	0.00338	0.00262	0.00708
102	0.00623	0.00456	0.00586	0.00689	0.00738	0.00419	0.00465	0.00717	0.01007	0.01320	0.03138	0.71615	0.13211	0.01567	0.00649	0.00204	0.00293	0.01410	0.00476	0.00419
103	0.01064	0.00912	0.01064	0.00760	0.01216	0.00684	0.00608	0.01292	0.01064	0.01672	0.00912	0.01064	0.00760	0.00380	0.00380	0.00076	0.00380	0.00304	0.00304	0.85104
104	0.01733	0.12026	0.01655	0.01113	0.01521	0.01500	0.03336	0.52443	0.03634	0.04729	0.01212	0.03370	0.00925	0.00595	0.00484	0.00144	0.00542	0.00459	0.00451	0.08126
105	0.01660	0.16493	0.06765	0.01313	0.09667	0.21914	0.01018	0.11546	0.05415	0.13573	0.03816	0.01329	0.02163	0.00567	0.00469	0.00143	0.00630	0.00427	0.00367	0.00724
106	0.08629	0.10313	0.15696	0.00988	0.01371	0.02715	0.03975	0.03328	0.04701	0.18379	0.22470	0.01978	0.01977	0.00678	0.00500	0.00155	0.00481	0.00557	0.00434	0.00678
107	0.01406	0.07170	0.02841	0.00894	0.01188	0.09601	0.00732	0.11717	0.03158	0.16240	0.30145	0.02232	0.02391	0.00739	0.00518	0.00146	0.00445	0.00606	0.00483	0.07350
108	0.15802	0.01366	0.11265	0.03554	0.44796	0.02903	0.03368	0.03667	0.03106	0.01827	0.03046	0.01254	0.00872	0.00492	0.00477	0.00156	0.00590	0.00434	0.00283	0.00743
109	0.05264	0.07868	0.01565	0.03489	0.07548	0.32808	0.02506	0.15581	0.13753	0.03125	0.01112	0.01189	0.00864	0.00556	0.00474	0.00146	0.00686	0.00409	0.00354	0.00706
110	0.45904	0.02918	0.07587	0.00895	0.03303	0.04687	0.00753	0.06445	0.01091	0.06696	0.01194	0.09933	0.02695	0.00637	0.00414	0.00159	0.00460	0.00469	0.00355	0.03405

[dist]
# distance from previous block
# <min> <max>
0	2

[block]
# block no. 5 follows, 48 sequences, length 19
# corresponding to MSA columns:
# 319-337
name=unknown_F
#
# <colnr> <probs for GDERKNQSTAVLIFYWHMCP>
#	G	D	E	R	K	N	Q	S	T	A	V	L	I	F	Y	W	H	M	C	P
0	0.15345	0.04171	0.23149	0.02659	0.06695	0.08693	0.01192	0.21561	0.04368	0.05942	0.01052	0.01140	0.00771	0.00536	0.00464	0.00155	0.00617	0.00397	0.00351	0.00745
1	0.23350	0.01414	0.01283	0.01097	0.03946	0.13685	0.00852	0.33164	0.06067	0.02448	0.01045	0.01109	0.00787	0.00547	0.00445	0.00147	0.00556	0.00388	0.00399	0.07270
2	0.01403	0.01173	0.01587	0.03430	0.03086	0.02508	0.14966	0.25143	0.03187	0.04935	0.01393	0.01494	0.06159	0.00550	0.00495	0.00135	0.00545	0.00484	0.00386	0.26939
3	0.03412	0.12889	0.64445	0.01360	0.02047	0.04151	0.01695	0.01626	0.01086	0.01576	0.00884	0.01037	0.00649	0.00482	0.00462	0.00154	0.00727	0.00361	0.00222	0.00734
4	0.00956	0.00693	0.00838	0.00843	0.00970	0.00709	0.00622	0.18879	0.01338	0.01784	0.02440	0.56653	0.02761	0.01357	0.00625	0.00198	0.00375	0.06946	0.00485	0.00529
5	0.51598	0.33801	0.01535	0.00757	0.01123	0.01506	0.00686	0.01520	0.00942	0.01860	0.00714	0.00829	0.00597	0.00461	0.00322	0.00139	0.00458	0.00276	0.00278	0.00597
6	0.01029	0.02654	0.79309	0.01462	0.02221	0.01192	0.01896	0.01625	0.01083	0.01625	0.00921	0.01083	0.00650	0.00487	0.00487	0.00162	0.00758	0.00379	0.00217	0.00758
7	0.00688	0.00489	0.00652	0.00706	0.00746	0.00502	0.00481	0.00781	0.00876	0.01194	0.02095	0.38365	0.02389	0.23178	0.23952	0.00461	0.00659	0.01012	0.00375	0.00401
8	0.01665	0.00827	0.01051	0.00863	0.01162	0.00786	0.00691	0.06111	0.11614	0.41255	0.25375	0.02379	0.02380	0.00769	0.00544	0.00161	0.00380	0.00648	0.00592	0.00746
9	0.01014	0.02549	0.75441	0.01422	0.02149	0.01157	0.01826	0.01593	0.01101	0.01646	0.04737	0.01219	0.00856	0.00515	0.00493	0.00162	0.00733	0.00406	0.00234	0.00745
10	0.02302	0.00873	0.01191	0.00913	0.01310	0.00754	0.00754	0.02501	0.01469	0.79122	0.02024	0.01746	0.01270	0.00635	0.00516	0.00159	0.00437	0.00516	0.00635	0.00873
11	0.01049	0.02513	0.70831	0.01540	0.02272	0.01203	0.10232	0.01627	0.01098	0.01627	0.00934	0.01117	0.00664	0.00481	0.00501	0.00164	0.00770	0.00404	0.00221	0.00751
12	0.01012	0.02532	0.74815	0.01416	0.02138	0.01151	0.01815	0.01587	0.01104	0.01650	0.05355	0.01240	0.00890	0.00520	0.00494	0.00162	0.00729	0.00411	0.00237	0.00743
13	0.00649	0.00460	0.00585	0.00675	0.00704	0.00434	0.00439	0.00722	0.00941	0.01248	0.02670	0.62615	0.05956	0.18107	0.01055	0.00266	0.00337	0.01298	0.00442	0.00396
14	0.00707	0.00510	0.00669	0.00659	0.00762	0.00471	0.00483	0.00920	0.01364	0.01917	0.64222	0.18509	0.04568	0.01154	0.00615	0.00170	0.00253	0.01028	0.00548	0.00471
15	0.01243	0.01379	0.10666	0.02962	0.70259	0.01216	0.01610	0.01580	0.01159	0.01671	0.00960	0.01249	0.00795	0.00461	0.00506	0.00154	0.00626	0.00449	0.00250	0.00807
16	0.01072	0.02268	0.58788	0.01745	0.13051	0.01186	0.09050	0.01601	0.01118	0.01646	0.03143	0.01217	0.00805	0.00494	0.00505	0.00162	0.00733	0.00428	0.00236	0.00752
17	0.01282	0.01315	0.08668	0.02589	0.57450	0.01201	0.01452	0.09921	0.01321	0.01874	0.06999	0.01448	0.01117	0.00523	0.00514	0.00154	0.00589	0.00487	0.00304	0.00789
18	0.01279	0.01092	0.17819	0.00913	0.01255	0.00721	0.00880	0.01579	0.01358	0.25772	0.34256	0.04805	0.02748	0.00824	0.00556	0.00164	0.00421	0.02390	0.00507	0.00662

[dist]
# distance from previous block
# <min> <max>
0	1

[block]
# block no. 6 follows, 48 sequences, length 37
# corresponding to MSA columns:
# 339-375
name=unknown_G
#
# <colnr> <probs for GDERKNQSTAVLIFYWHMCP>
#	G	D	E	R	K	N	Q	S	T	A	V	L	I	F	Y	W	H	M	C	P
0	0.01906	0.05055	0.01542	0.01194	0.04350	0.01464	0.00952	0.56051	0.06791	0.13412	0.01359	0.01327	0.00957	0.00610	0.00506	0.00154	0.00538	0.00468	0.00507	0.00857
1	0.01233	0.01174	0.02019	0.04722	0.68776	0.01174	0.04958	0.01536	0.01159	0.01665	0.01041	0.03400	0.00893	0.00492	0.00511	0.00154	0.00602	0.00491	0.03221	0.00780
2	0.01130	0.01088	0.01880	0.25532	0.43134	0.01137	0.07870	0.01442	0.01121	0.01545	0.01135	0.04342	0.02930	0.00534	0.00522	0.00160	0.00626	0.00518	0.00262	0.03092
3	0.00691	0.00472	0.00617	0.00703	0.00763	0.00434	0.00481	0.00797	0.01042	0.04210	0.07601	0.68409	0.08831	0.01515	0.00643	0.00201	0.00297	0.01365	0.00488	0.00439
4	0.01468	0.01146	0.01248	0.03211	0.02950	0.03421	0.00871	0.22881	0.37251	0.07015	0.01887	0.04780	0.02904	0.00749	0.00536	0.00171	0.00476	0.05758	0.00500	0.00776
5	0.01830	0.02079	0.01427	0.01258	0.01551	0.55111	0.00963	0.15059	0.12610	0.01724	0.01055	0.01120	0.00828	0.00568	0.00480	0.00142	0.00789	0.00389	0.00344	0.00674
6	0.01064	0.00912	0.01064	0.00760	0.01216	0.00684	0.00608	0.01292	0.01064	0.01672	0.00912	0.01064	0.00760	0.00380	0.00380	0.00076	0.00380	0.00304	0.00304	0.85104
7	0.00652	0.00476	0.00609	0.00693	0.00749	0.00435	0.00465	0.00744	0.00982	0.01309	0.02811	0.67681	0.08013	0.07069	0.00774	0.00220	0.00313	0.01334	0.00457	0.04212
8	0.01138	0.04116	0.66719	0.01458	0.02166	0.01210	0.06381	0.04307	0.01155	0.05240	0.00985	0.01132	0.00694	0.00494	0.00494	0.00162	0.00739	0.00400	0.00249	0.00761
9	0.00643	0.00518	0.00573	0.00566	0.00717	0.00448	0.00422	0.00804	0.01245	0.01583	0.26904	0.08052	0.53247	0.01239	0.00608	0.00171	0.00256	0.01054	0.00503	0.00448
10	0.00703	0.00498	0.00619	0.00656	0.00757	0.00449	0.00466	0.00843	0.01158	0.04233	0.21424	0.41097	0.22480	0.01363	0.00626	0.00187	0.00280	0.01205	0.00503	0.00453
11	0.07066	0.00526	0.00705	0.00692	0.00733	0.00548	0.00476	0.00855	0.05407	0.01071	0.00952	0.01529	0.00908	0.01621	0.01792	0.73708	0.00440	0.00442	0.00248	0.00283
12	0.01234	0.01435	0.13719	0.02895	0.67233	0.01215	0.01623	0.01582	0.01156	0.01669	0.00958	0.01242	0.00788	0.00462	0.00505	0.00154	0.00632	0.00445	0.00248	0.00805
13	0.01988	0.01377	0.01502	0.01152	0.01561	0.01501	0.00952	0.69058	0.02311	0.11375	0.01317	0.01287	0.00915	0.00618	0.00514	0.00155	0.00551	0.00468	0.00526	0.00873
14	0.00746	0.00497	0.00560	0.00560	0.00560	0.00497	0.00311	0.00746	0.00746	0.00995	0.01617	0.03358	0.01865	0.81967	0.02612	0.00497	0.00497	0.00746	0.00311	0.00311
15	0.01898	0.01411	0.01511	0.01170	0.01571	0.01567	0.00963	0.71305	0.08248	0.03150	0.01298	0.01285	0.00926	0.00622	0.00514	0.00156	0.00552	0.00471	0.00514	0.00868
16	0.00625	0.00447	0.00595	0.00714	0.00744	0.00417	0.00476	0.00714	0.00982	0.01310	0.02828	0.81633	0.03394	0.01608	0.00655	0.00208	0.00298	0.01459	0.00476	0.00417
17	0.00712	0.00524	0.00667	0.00631	0.00758	0.00478	0.00473	0.00941	0.01419	0.01979	0.69949	0.03962	0.13438	0.01078	0.00605	0.00163	0.00244	0.00946	0.00555	0.00478
18	0.00741	0.00495	0.00561	0.00567	0.00568	0.00494	0.00318	0.00745	0.00757	0.01009	0.01671	0.06872	0.01934	0.78360	0.02524	0.00484	0.00488	0.00778	0.00318	0.00316
19	0.00743	0.00502	0.00579	0.00573	0.00592	0.00495	0.00338	0.00781	0.00856	0.01160	0.13547	0.03432	0.02327	0.69411	0.02300	0.00445	0.00458	0.00774	0.00350	0.00338
20	0.02302	0.00873	0.01191	0.00913	0.01310	0.00754	0.00754	0.02501	0.01469	0.79122	0.02024	0.01746	0.01270	0.00635	0.00516	0.00159	0.00437	0.00516	0.00635	0.00873
21	0.01029	0.02654	0.79309	0.01462	0.02221	0.01192	0.01896	0.01625	0.01083	0.01625	0.00921	0.01083	0.00650	0.00487	0.00487	0.00162	0.00758	0.00379	0.00217	0.00758
22	0.00891	0.00446	0.00668	0.00668	0.00668	0.00446	0.00446	0.00668	0.00668	0.00891	0.00891	0.01560	0.00891	0.01783	0.02005	0.85071	0.00446	0.00446	0.00223	0.00223
23	0.85592	0.00992	0.00754	0.00675	0.00992	0.01151	0.00556	0.01508	0.00873	0.02302	0.00714	0.00834	0.00556	0.00476	0.00318	0.00159	0.00397	0.00278	0.00318	0.00556
24	0.01372	0.82276	0.02689	0.00878	0.01317	0.02030	0.00878	0.01536	0.01043	0.01207	0.00713	0.00823	0.00658	0.00439	0.00329	0.00110	0.00549	0.00274	0.00219	0.00658
25	0.00969	0.00912	0.01539	0.80734	0.03534	0.01140	0.01425	0.01311	0.01026	0.01311	0.00912	0.01368	0.00684	0.00513	0.00513	0.00171	0.00684	0.00456	0.00228	0.00570
26	0.01951	0.01437	0.01540	0.01181	0.01591	0.01591	0.00975	0.77056	0.02412	0.03234	0.01232	0.01232	0.00873	0.00616	0.00513	0.00154	0.00565	0.00462	0.00513	0.00873
27	0.00827	0.00591	0.00827	0.00945	0.01063	0.00591	0.00827	0.01063	0.01181	0.01536	0.02717	0.05788	0.02953	0.01417	0.00709	0.00236	0.00472	0.75313	0.00472	0.00472
28	0.00625	0.00447	0.00595	0.00714	0.00744	0.00417	0.00476	0.00714	0.00982	0.01310	0.02828	0.81633	0.03394	0.01608	0.00655	0.00208	0.00298	0.01459	0.00476	0.00417
29	0.02302	0.00873	0.01191	0.00913	0.01310	0.00754	0.00754	0.02501	0.01469	0.79122	0.02024	0.01746	0.01270	0.00635	0.00516	0.00159	0.00437	0.00516	0.00635	0.00873
30	0.01276	0.01102	0.01160	0.01044	0.01334	0.01276	0.00812	0.02727	0.77840	0.02146	0.02088	0.01914	0.01566	0.00696	0.00522	0.00174	0.00406	0.00580	0.00522	0.00812
31	0.00623	0.00520	0.00543	0.00538	0.00703	0.00440	0.00403	0.00769	0.01210	0.01481	0.15584	0.04781	0.68113	0.01264	0.00606	0.00172	0.00257	0.01061	0.00489	0.00440
32	0.02302	0.00873	0.01191	0.00913	0.01310	0.00754	0.00754	0.02501	0.01469	0.79122	0.02024	0.01746	0.01270	0.00635	0.00516	0.00159	0.00437	0.00516	0.00635	0.00873
33	0.00625	0.00447	0.00595	0.00714	0.00744	0.00417	0.00476	0.00714	0.00982	0.01310	0.02828	0.81633	0.03394	0.01608	0.00655	0.00208	0.00298	0.01459	0.00476	0.00417
34	0.81058	0.01002	0.00788	0.00695	0.01018	0.01153	0.00573	0.03672	0.00932	0.04327	0.00763	0.00869	0.00583	0.00484	0.00328	0.00159	0.00403	0.00289	0.00331	0.00573
35	0.02302	0.00873	0.01191	0.00913	0.01310	0.00754	0.00754	0.02501	0.01469	0.79122	0.02024	0.01746	0.01270	0.00635	0.00516	0.00159	0.00437	0.00516	0.00635	0.00873
36	0.02292	0.00889	0.01201	0.00921	0.01318	0.00778	0.00761	0.04651	0.01496	0.76933	0.02001	0.01732	0.01259	0.00635	0.00516	0.00159	0.00440	0.00514	0.00632	0.00873

[dist]
# distance from previous block
# <min> <max>
0	34

[block]
# block no. 7 follows, 48 sequences, length 57
# corresponding to MSA columns:
# 410-466
name=unknown_H
#
# <colnr> <probs for GDERKNQSTAVLIFYWHMCP>
#	G	D	E	R	K	N	Q	S	T	A	V	L	I	F	Y	W	H	M	C	P
0	0.01211	0.01384	0.03028	0.02163	0.02682	0.01298	0.76903	0.01644	0.01211	0.01644	0.01038	0.01384	0.00779	0.00433	0.00606	0.00173	0.00865	0.00606	0.00260	0.00692
1	0.01951	0.01437	0.01540	0.01181	0.01591	0.01591	0.00975	0.77056	0.02412	0.03234	0.01232	0.01232	0.00873	0.00616	0.00513	0.00154	0.00565	0.00462	0.00513	0.00873
2	0.01093	0.00911	0.01067	0.00764	0.01218	0.00686	0.00611	0.01320	0.01074	0.03492	0.00938	0.01080	0.00772	0.00386	0.00383	0.00078	0.00381	0.00309	0.00312	0.83125
3	0.00843	0.00449	0.00651	0.00669	0.00673	0.00444	0.00442	0.00680	0.00720	0.00960	0.01223	0.13563	0.01322	0.06603	0.01841	0.67354	0.00427	0.00614	0.00266	0.00257
4	0.85592	0.00992	0.00754	0.00675	0.00992	0.01151	0.00556	0.01508	0.00873	0.02302	0.00714	0.00834	0.00556	0.00476	0.00318	0.00159	0.00397	0.00278	0.00318	0.00556
5	0.00726	0.00524	0.00686	0.00646	0.00767	0.00484	0.00484	0.00968	0.01452	0.02058	0.78496	0.03833	0.04841	0.01049	0.00605	0.00161	0.00242	0.00928	0.00565	0.00484
6	0.02210	0.00865	0.01173	0.00917	0.01299	0.00759	0.00759	0.02439	0.03221	0.73744	0.02058	0.01938	0.01355	0.00673	0.00525	0.00163	0.00438	0.03986	0.00625	0.00853
7	0.14645	0.01318	0.01363	0.01072	0.01452	0.01469	0.00881	0.58766	0.06422	0.02986	0.01216	0.01233	0.00878	0.00599	0.00479	0.00155	0.00519	0.00441	0.03298	0.00808
8	0.85592	0.00992	0.00754	0.00675	0.00992	0.01151	0.00556	0.01508	0.00873	0.02302	0.00714	0.00834	0.00556	0.00476	0.00318	0.00159	0.00397	0.00278	0.00318	0.00556
9	0.02302	0.00873	0.01191	0.00913	0.01310	0.00754	0.00754	0.02501	0.01469	0.79122	0.02024	0.01746	0.01270	0.00635	0.00516	0.00159	0.00437	0.00516	0.00635	0.00873
10	0.00611	0.00520	0.00526	0.00524	0.00696	0.00435	0.00393	0.00744	0.01179	0.01410	0.07762	0.04899	0.75980	0.01291	0.00606	0.00173	0.00259	0.01077	0.00480	0.00435
11	0.06351	0.00876	0.01141	0.00902	0.01271	0.00797	0.00741	0.02380	0.06628	0.65553	0.04504	0.01880	0.01413	0.00664	0.00514	0.00162	0.00427	0.02360	0.00605	0.00830
12	0.81730	0.00987	0.00774	0.00686	0.01007	0.01133	0.00565	0.01554	0.00901	0.05864	0.00775	0.00876	0.00589	0.00484	0.00327	0.00159	0.00399	0.00289	0.00332	0.00570
13	0.01123	0.01123	0.01572	0.01347	0.01347	0.01572	0.01123	0.01235	0.00786	0.01235	0.00674	0.01123	0.00674	0.00898	0.01684	0.00225	0.81028	0.00449	0.00225	0.00561
14	0.00681	0.00468	0.00616	0.00701	0.00747	0.00437	0.00472	0.00783	0.01029	0.03065	0.11003	0.66239	0.03405	0.06811	0.00775	0.00221	0.00308	0.01333	0.00479	0.00427
15	0.00674	0.00497	0.00611	0.00630	0.00722	0.00455	0.00443	0.00821	0.01177	0.01580	0.32422	0.27004	0.19400	0.10194	0.00842	0.00215	0.00290	0.01097	0.00492	0.00435
16	0.02302	0.00873	0.01191	0.00913	0.01310	0.00754	0.00754	0.02501	0.01469	0.79122	0.02024	0.01746	0.01270	0.00635	0.00516	0.00159	0.00437	0.00516	0.00635	0.00873
17	0.01276	0.01102	0.01160	0.01044	0.01334	0.01276	0.00812	0.02727	0.77840	0.02146	0.02088	0.01914	0.01566	0.00696	0.00522	0.00174	0.00406	0.00580	0.00522	0.00812
18	0.01574	0.01043	0.01180	0.00977	0.01273	0.01104	0.00778	0.36830	0.08516	0.14012	0.05951	0.12672	0.03368	0.04169	0.00629	0.00180	0.00460	0.02393	0.02156	0.00735
19	0.00627	0.00491	0.00562	0.00612	0.00718	0.00433	0.00433	0.00740	0.01085	0.01359	0.05695	0.35813	0.42154	0.04384	0.00702	0.00200	0.00288	0.02807	0.00472	0.00424
20	0.02302	0.00873	0.01191	0.00913	0.01310	0.00754	0.00754	0.02501	0.01469	0.79122	0.02024	0.01746	0.01270	0.00635	0.00516	0.00159	0.00437	0.00516	0.00635	0.00873
21	0.00677	0.00529	0.00582	0.00565	0.00727	0.00455	0.00425	0.00841	0.01258	0.03213	0.26544	0.04548	0.55402	0.01212	0.00604	0.00169	0.00258	0.01026	0.00506	0.00457
22	0.00659	0.00477	0.00626	0.00703	0.00767	0.00444	0.00496	0.00794	0.01109	0.01492	0.19482	0.55294	0.07953	0.01456	0.00645	0.00198	0.00295	0.06178	0.00495	0.00436
23	0.85592	0.00992	0.00754	0.00675	0.00992	0.01151	0.00556	0.01508	0.00873	0.02302	0.00714	0.00834	0.00556	0.00476	0.00318	0.00159	0.00397	0.00278	0.00318	0.00556
24	0.85592	0.00992	0.00754	0.00675	0.00992	0.01151	0.00556	0.01508	0.00873	0.02302	0.00714	0.00834	0.00556	0.00476	0.00318	0.00159	0.00397	0.00278	0.00318	0.00556
