[name]
unknown

[dist]
# distance from previous block
# <min> <max>
0	1

[block]
# block no. 0 follows, 46 sequences, length 18
# corresponding to MSA columns:
# 1-18
name=unknown_A
#
# <colnr> <probs for GDERKNQSTAVLIFYWHMCP>
#	G	D	E	R	K	N	Q	S	T	A	V	L	I	F	Y	W	H	M	C	P
0	0.01294	0.58448	0.19106	0.01041	0.01539	0.01792	0.01128	0.01566	0.01094	0.01363	0.00938	0.01293	0.00855	0.00539	0.00404	0.00135	0.00606	0.05927	0.00245	0.00686
1	0.01954	0.07513	0.01644	0.01174	0.01594	0.01620	0.00980	0.64316	0.05269	0.06689	0.01302	0.01290	0.00930	0.00625	0.00515	0.00156	0.00568	0.00469	0.00512	0.00880
2	0.00644	0.00460	0.00613	0.00736	0.00767	0.00429	0.00491	0.00736	0.01012	0.01350	0.02914	0.81076	0.03497	0.01656	0.00675	0.00215	0.00307	0.01503	0.00491	0.00429
3	0.00685	0.00481	0.00629	0.00720	0.00767	0.00454	0.00493	0.00800	0.01064	0.01445	0.11630	0.60649	0.03477	0.07372	0.00810	0.00230	0.00322	0.04730	0.02811	0.00434
4	0.02233	0.00869	0.01182	0.00917	0.01302	0.00753	0.00753	0.02441	0.01512	0.71962	0.08561	0.01983	0.01623	0.00691	0.00539	0.00164	0.00433	0.00568	0.00648	0.00865
5	0.01946	0.02053	0.01511	0.01291	0.01620	0.46040	0.01004	0.29284	0.06598	0.02096	0.01066	0.01133	0.00819	0.00588	0.00500	0.00147	0.00784	0.00406	0.00383	0.00731
6	0.00755	0.00566	0.00850	0.00850	0.00944	0.00661	0.00661	0.00944	0.00850	0.01227	0.01416	0.02077	0.01322	0.03965	0.79326	0.00850	0.01416	0.00566	0.00283	0.00472
7	0.08583	0.00897	0.01176	0.00913	0.01306	0.00799	0.00752	0.02447	0.01466	0.70235	0.04458	0.01798	0.01373	0.00656	0.00519	0.00164	0.00440	0.00527	0.00627	0.00862
8	0.02010	0.01481	0.01587	0.01216	0.01639	0.01639	0.01005	0.76360	0.02486	0.03332	0.01269	0.01269	0.00899	0.00635	0.00529	0.00159	0.00582	0.00476	0.00529	0.00899
9	0.01900	0.16251	0.01804	0.01159	0.01587	0.01723	0.00986	0.62599	0.02226	0.02948	0.01171	0.01192	0.00858	0.00601	0.00494	0.00150	0.00579	0.00440	0.00473	0.00858
10	0.12646	0.61609	0.07390	0.00932	0.01387	0.01891	0.00934	0.05462	0.01127	0.01531	0.00777	0.00889	0.00675	0.00470	0.00358	0.00126	0.00559	0.00300	0.00255	0.00682
11	0.01202	0.34455	0.48203	0.01265	0.01914	0.01575	0.01532	0.01638	0.01099	0.01501	0.00863	0.01008	0.00673	0.00482	0.00437	0.00146	0.00695	0.00347	0.00224	0.00740
12	0.01215	0.37437	0.45338	0.01242	0.01879	0.01607	0.01493	0.01634	0.01098	0.01485	0.00855	0.00998	0.00674	0.00480	0.00431	0.00144	0.00686	0.00343	0.00225	0.00736
13	0.04831	0.08690	0.57535	0.01341	0.02018	0.01239	0.01633	0.01805	0.02971	0.11537	0.01097	0.01192	0.00771	0.00522	0.00486	0.00163	0.00697	0.00401	0.00291	0.00781
14	0.05221	0.29354	0.35254	0.01249	0.01831	0.03360	0.06626	0.01639	0.01126	0.03197	0.02650	0.01109	0.00795	0.00494	0.00445	0.00145	0.00666	0.00377	0.00255	0.04208
15	0.04410	0.07194	0.34257	0.01412	0.01956	0.04906	0.14078	0.09012	0.01308	0.03580	0.06523	0.03797	0.01122	0.00589	0.00541	0.00164	0.02082	0.00502	0.00313	0.02254
16	0.01319	0.03239	0.11132	0.05222	0.07470	0.03739	0.19961	0.03654	0.15219	0.07483	0.05592	0.01585	0.01192	0.00611	0.00661	0.00173	0.08153	0.00542	0.00360	0.02695
17	0.01079	0.04330	0.16125	0.06163	0.05399	0.01042	0.13398	0.03755	0.01174	0.03226	0.04560	0.11774	0.07970	0.00754	0.00627	0.00167	0.05999	0.00659	0.00335	0.11465

[dist]
# distance from previous block
# <min> <max>
45	194

[block]
# block no. 1 follows, 46 sequences, length 19
# corresponding to MSA columns:
# 308-326
name=unknown_B
#
# <colnr> <probs for GDERKNQSTAVLIFYWHMCP>
#	G	D	E	R	K	N	Q	S	T	A	V	L	I	F	Y	W	H	M	C	P
0	0.10196	0.01149	0.01590	0.04546	0.11352	0.01154	0.11984	0.15303	0.08258	0.06165	0.01243	0.03154	0.00991	0.03295	0.00571	0.00162	0.00552	0.00491	0.00380	0.17463
1	0.03473	0.01470	0.01387	0.01485	0.15566	0.27796	0.03952	0.04109	0.05971	0.01628	0.07846	0.08532	0.08032	0.03312	0.00602	0.00169	0.00631	0.00622	0.00361	0.03054
2	0.01328	0.00987	0.01243	0.02835	0.08970	0.00853	0.00789	0.06220	0.04545	0.11751	0.05142	0.01411	0.01115	0.00501	0.00453	0.00113	0.00435	0.00416	0.00387	0.50505
3	0.01289	0.01236	0.02110	0.08142	0.73380	0.01251	0.01613	0.01605	0.01194	0.01703	0.00991	0.01315	0.00829	0.00475	0.00524	0.00158	0.00633	0.00471	0.00260	0.00821
4	0.01109	0.01056	0.01770	0.50360	0.27727	0.01228	0.01499	0.01434	0.01090	0.01468	0.00943	0.01361	0.00747	0.00534	0.00600	0.00173	0.05519	0.00470	0.00243	0.00668
5	0.00773	0.00585	0.00725	0.00673	0.00830	0.00534	0.00507	0.01051	0.04359	0.01990	0.58943	0.05618	0.14205	0.01072	0.00607	0.00164	0.00268	0.00937	0.00550	0.05610
6	0.00748	0.00540	0.00707	0.00665	0.00790	0.00499	0.00499	0.00998	0.01496	0.02120	0.77844	0.03949	0.04988	0.01081	0.00624	0.00166	0.00249	0.00956	0.00582	0.00499
7	0.01232	0.01289	0.05424	0.04515	0.04596	0.01146	0.49562	0.01610	0.01219	0.06316	0.01333	0.06810	0.02857	0.00561	0.00588	0.00169	0.00742	0.00639	0.00313	0.09080
8	0.00757	0.00519	0.00595	0.00594	0.00617	0.00516	0.00354	0.00787	0.00832	0.01107	0.04677	0.03512	0.07625	0.67780	0.07217	0.00496	0.00541	0.00789	0.00340	0.00346
9	0.01192	0.01157	0.03724	0.30309	0.34520	0.01238	0.01422	0.01758	0.15988	0.01686	0.01200	0.01469	0.00937	0.00541	0.00528	0.00168	0.00618	0.00493	0.00305	0.00746
10	0.01009	0.00853	0.00999	0.00761	0.01157	0.00653	0.00595	0.01219	0.01093	0.01657	0.01471	0.11468	0.06038	0.00612	0.00442	0.00102	0.00373	0.00515	0.00347	0.68636
11	0.01109	0.00980	0.01263	0.00902	0.01378	0.00757	0.06871	0.01361	0.01109	0.01720	0.00950	0.01123	0.00785	0.00396	0.00411	0.00087	0.00433	0.00339	0.00309	0.77717
12	0.00831	0.00658	0.00749	0.00688	0.00888	0.00598	0.00520	0.06088	0.03851	0.01786	0.22833	0.13941	0.32585	0.01135	0.00594	0.00167	0.00309	0.00971	0.00498	0.10310
13	0.01437	0.06471	0.01235	0.01016	0.01285	0.37927	0.00782	0.03315	0.01351	0.02908	0.03571	0.04173	0.18742	0.02742	0.00563	0.00154	0.00645	0.02173	0.00355	0.09154
14	0.01073	0.00875	0.01115	0.08454	0.01416	0.00797	0.02762	0.05837	0.03718	0.03602	0.06176	0.12524	0.04807	0.03281	0.00591	0.00146	0.02077	0.00615	0.00380	0.39755
15	0.01473	0.01292	0.01606	0.09910	0.06837	0.09608	0.11165	0.24804	0.05667	0.04348	0.01488	0.06332	0.03918	0.06455	0.02537	0.00207	0.00654	0.00595	0.00397	0.00707
16	0.01264	0.00991	0.01118	0.03619	0.01314	0.04034	0.00759	0.17221	0.06291	0.05007	0.08861	0.12218	0.01820	0.00902	0.02804	0.00172	0.00481	0.06540	0.00443	0.24140
17	0.01199	0.06060	0.01172	0.01029	0.03818	0.07478	0.00764	0.08491	0.14885	0.04598	0.04931	0.25582	0.02056	0.04153	0.00699	0.00191	0.03903	0.03709	0.00443	0.04838
18	0.11104	0.06465	0.10605	0.07861	0.17280	0.12584	0.01157	0.07215	0.01248	0.01764	0.02616	0.03924	0.00931	0.00661	0.02776	0.00172	0.02597	0.00443	0.00301	0.08297

[dist]
# distance from previous block
# <min> <max>
19	32

[block]
# block no. 2 follows, 46 sequences, length 18
# corresponding to MSA columns:
# 361-378
name=unknown_C
#
# <colnr> <probs for GDERKNQSTAVLIFYWHMCP>
#	G	D	E	R	K	N	Q	S	T	A	V	L	I	F	Y	W	H	M	C	P
0	0.01291	0.04619	0.05963	0.01344	0.01718	0.04705	0.21620	0.04786	0.03891	0.08289	0.09186	0.04508	0.01450	0.00668	0.00658	0.00163	0.08096	0.03104	0.00368	0.13574
1	0.03294	0.10064	0.05023	0.01201	0.05250	0.04886	0.05278	0.17471	0.20088	0.04656	0.04293	0.04374	0.05196	0.04080	0.00608	0.00176	0.00535	0.00572	0.00429	0.02526
2	0.08359	0.01147	0.01347	0.01166	0.06122	0.01184	0.02465	0.27202	0.11802	0.16252	0.01526	0.05635	0.01167	0.00649	0.00506	0.00156	0.00490	0.00525	0.01682	0.10618
3	0.13418	0.01342	0.01464	0.01222	0.04974	0.01493	0.00960	0.51445	0.05170	0.07476	0.01240	0.01270	0.00895	0.00626	0.00561	0.00164	0.04507	0.00457	0.00482	0.00833
4	0.04055	0.00881	0.01071	0.01020	0.06970	0.00892	0.00726	0.19301	0.03593	0.04037	0.37312	0.05848	0.02962	0.03299	0.00630	0.00171	0.00391	0.00740	0.00509	0.05591
5	0.24538	0.01224	0.01626	0.04859	0.38014	0.03296	0.02399	0.09152	0.04548	0.04077	0.01024	0.01218	0.00807	0.00512	0.00471	0.00161	0.00565	0.00427	0.00328	0.00755
6	0.12588	0.01351	0.01432	0.01203	0.05942	0.04080	0.00926	0.47022	0.01949	0.05276	0.01150	0.01201	0.00843	0.00570	0.00482	0.00147	0.00544	0.00426	0.00453	0.12417
7	0.00732	0.00507	0.00605	0.00623	0.00664	0.00487	0.00395	0.00797	0.00972	0.01302	0.14798	0.19548	0.08795	0.43540	0.01756	0.02312	0.00406	0.00971	0.00410	0.00380
8	0.01193	0.00842	0.00967	0.00887	0.01077	0.00877	0.00662	0.24629	0.05264	0.05480	0.02356	0.37361	0.06677	0.08188	0.00789	0.00217	0.00421	0.01006	0.00498	0.00610
9	0.01943	0.01405	0.04726	0.01157	0.01569	0.01449	0.00977	0.59621	0.02207	0.12504	0.01381	0.01456	0.01000	0.05327	0.00654	0.00180	0.00570	0.00496	0.00520	0.00861
10	0.01441	0.00982	0.01082	0.00946	0.01185	0.03994	0.00734	0.23589	0.06998	0.13038	0.02000	0.12132	0.04075	0.16047	0.00977	0.00243	0.00499	0.08892	0.00488	0.00658
11	0.00672	0.00512	0.00626	0.00704	0.00803	0.00465	0.00519	0.00804	0.01115	0.01416	0.03764	0.41466	0.29911	0.01511	0.00666	0.00207	0.00323	0.13581	0.00490	0.00445
12	0.01096	0.00940	0.01096	0.00783	0.01253	0.00705	0.00626	0.01331	0.01096	0.01723	0.00940	0.01096	0.00783	0.00392	0.00392	0.00078	0.00392	0.00313	0.00313	0.84653
13	0.02048	0.00904	0.01186	0.00905	0.01316	0.00769	0.00741	0.02293	0.03394	0.59237	0.03887	0.01722	0.01311	0.00615	0.00506	0.00147	0.00432	0.00501	0.00582	0.17501
14	0.01096	0.00940	0.01096	0.00783	0.01253	0.00705	0.00626	0.01331	0.01096	0.01723	0.00940	0.01096	0.00783	0.00392	0.00392	0.00078	0.00392	0.00313	0.00313	0.84653
15	0.01247	0.01218	0.01958	0.25205	0.53601	0.04475	0.01553	0.01565	0.01174	0.01601	0.00971	0.01323	0.00793	0.00491	0.00523	0.00162	0.00664	0.00465	0.00254	0.00756
16	0.01734	0.01979	0.01507	0.05018	0.03257	0.48405	0.01051	0.11533	0.01465	0.01564	0.00903	0.01117	0.00753	0.00807	0.05247	0.00196	0.12130	0.00397	0.00299	0.00641
17	0.01936	0.01410	0.01520	0.01186	0.01592	0.01559	0.00973	0.63527	0.12083	0.06588	0.01420	0.01384	0.01010	0.00646	0.00530	0.00162	0.00555	0.00494	0.00536	0.00891

[dist]
# distance from previous block
# <min> <max>
12	20

[block]
# block no. 3 follows, 46 sequences, length 9
# corresponding to MSA columns:
# 401-409
name=unknown_D
#
# <colnr> <probs for GDERKNQSTAVLIFYWHMCP>
#	G	D	E	R	K	N	Q	S	T	A	V	L	I	F	Y	W	H	M	C	P
0	0.00684	0.00526	0.00630	0.00657	0.00781	0.00471	0.00489	0.00851	0.01244	0.01620	0.25127	0.22359	0.33538	0.01349	0.00645	0.00189	0.00291	0.07572	0.00516	0.00461
1	0.07872	0.15552	0.53087	0.01407	0.02075	0.01377	0.08346	0.01651	0.01104	0.01661	0.00907	0.01079	0.00675	0.00488	0.00472	0.00159	0.00726	0.00385	0.00236	0.00741
2	0.01440	0.01014	0.01105	0.00972	0.01260	0.03895	0.00767	0.04146	0.39710	0.17828	0.10084	0.02512	0.08019	0.00816	0.00558	0.00175	0.00422	0.03963	0.00550	0.00762
3	0.09960	0.20158	0.31309	0.01208	0.01749	0.03030	0.04944	0.04291	0.01193	0.11945	0.01139	0.01229	0.02544	0.00543	0.00491	0.00156	0.02658	0.00406	0.00312	0.00737
4	0.10281	0.01036	0.01167	0.01096	0.07369	0.04650	0.00796	0.13375	0.10547	0.19123	0.18862	0.02206	0.05741	0.00751	0.00533	0.00164	0.00446	0.00616	0.00513	0.00727
5	0.01149	0.05035	0.07400	0.00984	0.05339	0.00858	0.00799	0.05731	0.01251	0.04761	0.10892	0.04231	0.03831	0.00590	0.00464	0.00118	0.00433	0.00489	0.00370	0.45277
6	0.05209	0.01120	0.08794	0.00942	0.01328	0.00931	0.00825	0.11309	0.08655	0.18947	0.13945	0.01898	0.01700	0.03494	0.00581	0.00159	0.00452	0.00537	0.00473	0.18699
7	0.02989	0.00998	0.01155	0.07319	0.05598	0.04594	0.00806	0.14309	0.07609	0.05071	0.15104	0.10897	0.05297	0.00799	0.00536	0.00155	0.00453	0.00677	0.00446	0.15187
8	0.05759	0.07121	0.08649	0.01379	0.12308	0.09868	0.01040	0.16231	0.07936	0.08688	0.06451	0.05186	0.01300	0.00642	0.00503	0.00155	0.00567	0.00516	0.00404	0.05296

[dist]
# distance from previous block
# <min> <max>
68	167

[block]
# block no. 4 follows, 46 sequences, length 9
# corresponding to MSA columns:
# 618-626
name=unknown_E
#
# <colnr> <probs for GDERKNQSTAVLIFYWHMCP>
#	G	D	E	R	K	N	Q	S	T	A	V	L	I	F	Y	W	H	M	C	P
0	0.05418	0.06329	0.04157	0.00868	0.01193	0.00930	0.00725	0.10946	0.05240	0.18588	0.14644	0.05202	0.06999	0.05443	0.00643	0.00174	0.00428	0.00629	0.00481	0.10965
1	0.07638	0.10861	0.27595	0.01103	0.01597	0.01082	0.03463	0.01617	0.01173	0.12048	0.06348	0.01787	0.01271	0.02826	0.00548	0.00164	0.00570	0.06082	0.00350	0.11877
2	0.01512	0.18430	0.12692	0.04399	0.01660	0.08991	0.04376	0.21688	0.01556	0.06496	0.05510	0.01594	0.05483	0.02695	0.00551	0.00161	0.00616	0.00490	0.00376	0.00724
3	0.11140	0.00859	0.00944	0.00855	0.01087	0.03857	0.00684	0.09947	0.04225	0.12744	0.24689	0.07167	0.06670	0.00968	0.00575	0.00179	0.00407	0.11866	0.00518	0.00617
4	0.23764	0.00783	0.00833	0.00763	0.00985	0.00809	0.00585	0.05609	0.05026	0.12162	0.15747	0.18187	0.07339	0.04371	0.00620	0.00191	0.00370	0.00787	0.00482	0.00586
5	0.01237	0.01064	0.01772	0.41229	0.20357	0.01178	0.07526	0.04110	0.04329	0.07450	0.01177	0.01597	0.00916	0.00562	0.00543	0.00173	0.00659	0.03118	0.00307	0.00696
6	0.00875	0.00705	0.00849	0.09780	0.01191	0.02727	0.00651	0.06983	0.01354	0.01779	0.27977	0.12891	0.20483	0.04637	0.00704	0.00194	0.00382	0.04843	0.00482	0.00515
7	0.12158	0.01319	0.11207	0.09417	0.07696	0.01132	0.03836	0.14685	0.03455	0.06306	0.01078	0.01223	0.00811	0.00507	0.00466	0.00142	0.00550	0.00408	0.00353	0.23252
8	0.64011	0.01076	0.03878	0.09715	0.06490	0.01166	0.00791	0.01520	0.00967	0.02180	0.03579	0.01072	0.00769	0.00515	0.00380	0.00165	0.00465	0.00347	0.00318	0.00597

[dist]
# distance from previous block
# <min> <max>
0	1

[block]
# block no. 5 follows, 46 sequences, length 6
# corresponding to MSA columns:
# 628-633
name=unknown_F
#
# <colnr> <probs for GDERKNQSTAVLIFYWHMCP>
#	G	D	E	R	K	N	Q	S	T	A	V	L	I	F	Y	W	H	M	C	P
0	0.01223	0.01169	0.01992	0.24376	0.57658	0.01234	0.01580	0.01548	0.01163	0.01624	0.00979	0.01336	0.00801	0.00487	0.00525	0.00162	0.00649	0.00471	0.00254	0.00769
1	0.01054	0.00996	0.01685	0.66442	0.16918	0.01189	0.01496	0.01399	0.01083	0.01418	0.00949	0.01391	0.00728	0.00518	0.00528	0.00173	0.00691	0.00470	0.00240	0.00632
2	0.66088	0.01001	0.00937	0.13541	0.01467	0.01157	0.00731	0.01589	0.00966	0.07245	0.00858	0.01010	0.00643	0.00508	0.00373	0.00166	0.00459	0.00332	0.00334	0.00597
3	0.01067	0.01010	0.01710	0.63087	0.20166	0.01193	0.01502	0.01411	0.01090	0.01434	0.00952	0.01387	0.00734	0.00516	0.00527	0.00172	0.00688	0.00470	0.00241	0.00643
4	0.01709	0.06797	0.04389	0.03715	0.11980	0.47176	0.01123	0.06605	0.03511	0.01521	0.01031	0.01183	0.02885	0.00574	0.00533	0.00147	0.03756	0.00402	0.00293	0.00671
5	0.06201	0.35045	0.26674	0.01291	0.01842	0.01569	0.13870	0.01595	0.01112	0.01530	0.01050	0.01206	0.03886	0.00506	0.00450	0.00147	0.00667	0.00409	0.00249	0.00701

[dist]
# distance from previous block
# <min> <max>
2	5

[block]
# block no. 6 follows, 46 sequences, length 32
# corresponding to MSA columns:
# 639-670
name=unknown_G
#
# <colnr> <probs for GDERKNQSTAVLIFYWHMCP>
#	G	D	E	R	K	N	Q	S	T	A	V	L	I	F	Y	W	H	M	C	P
0	0.01267	0.05180	0.48879	0.01591	0.02227	0.14984	0.15156	0.01751	0.01206	0.01596	0.00940	0.01134	0.00696	0.00498	0.00514	0.00162	0.00824	0.00420	0.00240	0.00736
1	0.00663	0.00539	0.00588	0.00581	0.00744	0.00464	0.00439	0.00830	0.01280	0.01610	0.23884	0.04820	0.57064	0.01276	0.00627	0.00177	0.00269	0.03167	0.00514	0.00461
2	0.00685	0.00527	0.00627	0.00626	0.00757	0.00468	0.00460	0.00867	0.01313	0.01741	0.38964	0.15727	0.32797	0.01265	0.00632	0.00178	0.00265	0.01098	0.00534	0.00468
3	0.01060	0.02735	0.78682	0.01507	0.02288	0.01228	0.01953	0.01674	0.01116	0.01674	0.00949	0.01116	0.00670	0.00502	0.00502	0.00167	0.00781	0.00391	0.00223	0.00781
4	0.00748	0.00540	0.00707	0.00665	0.00790	0.00499	0.00499	0.00998	0.01496	0.02120	0.77844	0.03949	0.04988	0.01081	0.00624	0.00166	0.00249	0.00956	0.00582	0.00499
5	0.01461	0.05691	0.02021	0.04322	0.55011	0.16448	0.01443	0.04344	0.01296	0.01666	0.00955	0.01216	0.00798	0.00491	0.00505	0.00151	0.00688	0.00436	0.00271	0.00782
6	0.01228	0.01394	0.03036	0.02179	0.02697	0.01307	0.73689	0.01662	0.01240	0.01682	0.01131	0.04071	0.00892	0.00486	0.00626	0.00179	0.00872	0.00653	0.00275	0.00704
7	0.01660	0.58179	0.04303	0.00930	0.01379	0.01719	0.00897	0.01850	0.01192	0.21835	0.01100	0.01108	0.00846	0.00507	0.00395	0.00128	0.00540	0.00352	0.00340	0.00740
8	0.01129	0.15874	0.62024	0.01444	0.02157	0.01378	0.05676	0.01660	0.01116	0.01603	0.00919	0.01088	0.00678	0.00491	0.00481	0.00159	0.00751	0.00385	0.00226	0.00761
9	0.00644	0.00460	0.00613	0.00736	0.00767	0.00429	0.00491	0.00736	0.01012	0.01350	0.02914	0.81076	0.03497	0.01656	0.00675	0.00215	0.00307	0.01503	0.00491	0.00429
10	0.00886	0.00678	0.00850	0.00902	0.01061	0.00691	0.00755	0.01318	0.13628	0.01706	0.09139	0.05022	0.13867	0.01291	0.00675	0.00217	0.00425	0.45848	0.00503	0.00539
11	0.06305	0.01234	0.01984	0.02859	0.65252	0.01245	0.01481	0.05596	0.01271	0.06198	0.01056	0.01308	0.00852	0.00491	0.00513	0.00158	0.00603	0.00464	0.00302	0.00829
12	0.11493	0.05200	0.01496	0.01367	0.05569	0.63366	0.00997	0.02002	0.01398	0.01439	0.00814	0.00957	0.00677	0.00531	0.00457	0.00140	0.00859	0.00339	0.00276	0.00622
13	0.03240	0.00960	0.01597	0.73557	0.07924	0.01180	0.01454	0.01372	0.01061	0.01400	0.00937	0.01389	0.00709	0.00524	0.00523	0.00175	0.00692	0.00465	0.00239	0.00601
14	0.01072	0.00928	0.01093	0.00803	0.01229	0.00741	0.00643	0.01294	0.01086	0.01680	0.01184	0.01333	0.05285	0.00477	0.00481	0.00093	0.04921	0.00369	0.00319	0.74969
15	0.01061	0.00987	0.01636	0.70528	0.10277	0.01198	0.01466	0.03941	0.01119	0.01452	0.00956	0.01396	0.00723	0.00527	0.00528	0.00174	0.00694	0.00470	0.00247	0.00620
16	0.01113	0.02278	0.57322	0.01515	0.02195	0.01164	0.12677	0.01652	0.01172	0.04261	0.05954	0.01366	0.00992	0.00532	0.00525	0.00166	0.00739	0.00463	0.00270	0.03644
17	0.01413	0.81739	0.02770	0.00905	0.01357	0.02092	0.00905	0.01583	0.01074	0.01244	0.00735	0.00848	0.00678	0.00452	0.00339	0.00113	0.00565	0.00283	0.00226	0.00678
18	0.01264	0.01374	0.02806	0.02377	0.18521	0.01319	0.56265	0.01742	0.05535	0.01730	0.01115	0.01432	0.00855	0.00466	0.00598	0.00174	0.00809	0.00590	0.00281	0.00746
19	0.01384	0.00844	0.01025	0.00871	0.01119	0.00840	0.00684	0.19490	0.03345	0.17889	0.33665	0.11698	0.03007	0.00945	0.00586	0.00170	0.00381	0.00809	0.00572	0.00676
20	0.01282	0.01260	0.02001	0.18423	0.59312	0.05337	0.01560	0.01594	0.01190	0.01630	0.00974	0.01310	0.00803	0.00486	0.00522	0.00160	0.00660	0.00464	0.00257	0.00776
21	0.01032	0.00730	0.00879	0.00863	0.01011	0.00747	0.00638	0.16131	0.05685	0.04518	0.08131	0.49042	0.02887	0.01312	0.00631	0.00197	0.00376	0.04104	0.00513	0.00570
22	0.01315	0.01136	0.01195	0.01076	0.01375	0.01315	0.00837	0.02809	0.77168	0.02211	0.02152	0.01972	0.01614	0.00717	0.00538	0.00179	0.00418	0.00598	0.00538	0.00837
23	0.85155	0.01022	0.00777	0.00695	0.01022	0.01186	0.00573	0.01554	0.00900	0.02372	0.00736	0.00859	0.00573	0.00491	0.00327	0.00164	0.00409	0.00286	0.00327	0.00573
24	0.00641	0.00529	0.00566	0.00591	0.00744	0.00453	0.00441	0.00775	0.01178	0.01426	0.04850	0.16124	0.62697	0.01392	0.00638	0.00188	0.00286	0.05542	0.00491	0.00446
25	0.02372	0.00900	0.01227	0.00941	0.01350	0.00777	0.00777	0.02576	0.01513	0.78489	0.02086	0.01799	0.01309	0.00654	0.00532	0.00164	0.00450	0.00532	0.00654	0.00900
26	0.00769	0.00513	0.00577	0.00577	0.00577	0.00513	0.00320	0.00769	0.00769	0.01025	0.01666	0.03460	0.01922	0.81421	0.02691	0.00513	0.00513	0.00769	0.00320	0.00320
27	0.85155	0.01022	0.00777	0.00695	0.01022	0.01186	0.00573	0.01554	0.00900	0.02372	0.00736	0.00859	0.00573	0.00491	0.00327	0.00164	0.00409	0.00286	0.00327	0.00573
28	0.01096	0.00940	0.01096	0.00783	0.01253	0.00705	0.00626	0.01331	0.01096	0.01723	0.00940	0.01096	0.00783	0.00392	0.00392	0.00078	0.00392	0.00313	0.00313	0.84653
29	0.02031	0.01411	0.01545	0.01197	0.01608	0.05848	0.03319	0.52616	0.04803	0.18023	0.01430	0.01386	0.00990	0.00630	0.00530	0.00160	0.00581	0.00488	0.00531	0.00875
30	0.00755	0.00566	0.00850	0.00850	0.00944	0.00661	0.00661	0.00944	0.00850	0.01227	0.01416	0.02077	0.01322	0.03965	0.79326	0.00850	0.01416	0.00566	0.00283	0.00472
31	0.01221	0.01434	0.05409	0.02154	0.02680	0.01302	0.71280	0.01660	0.01236	0.01681	0.01129	0.04140	0.00890	0.00489	0.00622	0.00179	0.00868	0.00647	0.00274	0.00705

[dist]
# distance from previous block
# <min> <max>
3	30

[block]
# block no. 7 follows, 46 sequences, length 49
# corresponding to MSA columns:
# 703-751
name=unknown_H
#
# <colnr> <probs for GDERKNQSTAVLIFYWHMCP>
#	G	D	E	R	K	N	Q	S	T	A	V	L	I	F	Y	W	H	M	C	P
0	0.11373	0.01206	0.01332	0.01076	0.01446	0.03826	0.03223	0.24333	0.20075	0.22341	0.03284	0.01584	0.01221	0.00644	0.00512	0.00166	0.00503	0.00509	0.00525	0.00823
1	0.01344	0.01244	0.02115	0.03168	0.75577	0.01240	0.01594	0.01654	0.01214	0.04273	0.01031	0.01325	0.00853	0.00477	0.00524	0.00157	0.00622	0.00473	0.00275	0.00839
2	0.76718	0.09155	0.00978	0.00716	0.01056	0.01277	0.00606	0.01557	0.00917	0.02258	0.00736	0.00858	0.00583	0.00487	0.00328	0.00158	0.00425	0.00286	0.00317	0.00583
3	0.01308	0.01256	0.02146	0.03245	0.78123	0.01256	0.01622	0.01622	0.01204	0.01727	0.00994	0.01308	0.00837	0.00471	0.00523	0.00157	0.00628	0.00471	0.00262	0.00837
4	0.01056	0.00893	0.01051	0.00769	0.01199	0.00681	0.00612	0.01292	0.01143	0.01769	0.09927	0.01430	0.01274	0.00472	0.00419	0.00089	0.00375	0.00388	0.00345	0.74818
5	0.01896	0.01424	0.01522	0.01193	0.01596	0.01586	0.00977	0.64303	0.14728	0.03148	0.01414	0.01385	0.01016	0.00648	0.00530	0.00162	0.00555	0.00496	0.00530	0.00889
6	0.01308	0.01256	0.02146	0.03245	0.78123	0.01256	0.01622	0.01622	0.01204	0.01727	0.00994	0.01308	0.00837	0.00471	0.00523	0.00157	0.00628	0.00471	0.00262	0.00837
7	0.00648	0.00468	0.00614	0.00722	0.00765	0.00434	0.00486	0.00750	0.01045	0.01390	0.06551	0.73366	0.07583	0.01612	0.00670	0.00210	0.00302	0.01456	0.00495	0.00434
8	0.01099	0.01093	0.01648	0.01392	0.01454	0.01431	0.09161	0.01247	0.00884	0.01328	0.01029	0.11774	0.01077	0.00970	0.01475	0.00223	0.61255	0.00618	0.00270	0.00573
9	0.01277	0.01224	0.02089	0.10994	0.70619	0.01248	0.01607	0.01595	0.01189	0.01689	0.00989	0.01319	0.00824	0.00477	0.00524	0.00159	0.00636	0.00471	0.00259	0.00812
10	0.00998	0.00940	0.01586	0.80150	0.03641	0.01175	0.01468	0.01351	0.01057	0.01351	0.00940	0.01409	0.00705	0.00529	0.00529	0.00176	0.00705	0.00470	0.00235	0.00587
11	0.01308	0.01256	0.02146	0.03245	0.78123	0.01256	0.01622	0.01622	0.01204	0.01727	0.00994	0.01308	0.00837	0.00471	0.00523	0.00157	0.00628	0.00471	0.00262	0.00837
12	0.01157	0.01157	0.01619	0.01388	0.01388	0.01619	0.01157	0.01272	0.00810	0.01272	0.00694	0.01157	0.00694	0.00925	0.01735	0.00231	0.80453	0.00463	0.00231	0.00578
13	0.01248	0.01426	0.03119	0.02228	0.02763	0.01337	0.76203	0.01693	0.01248	0.01693	0.01070	0.01426	0.00802	0.00446	0.00624	0.00178	0.00891	0.00624	0.00267	0.00713
14	0.00625	0.00536	0.00536	0.00536	0.00714	0.00446	0.00402	0.00759	0.01205	0.01428	0.05355	0.05088	0.77909	0.01339	0.00625	0.00179	0.00268	0.01116	0.00491	0.00446
15	0.63369	0.01095	0.00935	0.00812	0.01147	0.01260	0.00662	0.11026	0.11512	0.02469	0.00996	0.01062	0.00755	0.00540	0.00381	0.00165	0.00432	0.00352	0.00381	0.00649
16	0.01952	0.01322	0.01458	0.01145	0.01544	0.01436	0.00937	0.51125	0.15144	0.15979	0.01560	0.01481	0.01092	0.00652	0.00531	0.00163	0.00531	0.00506	0.00552	0.00888
17	0.00644	0.00460	0.00613	0.00736	0.00767	0.00429	0.00491	0.00736	0.01012	0.01350	0.02914	0.81076	0.03497	0.01656	0.00675	0.00215	0.00307	0.01503	0.00491	0.00429
18	0.00752	0.00543	0.00753	0.00762	0.00824	0.00601	0.00549	0.00878	0.00837	0.01176	0.01592	0.07899	0.01647	0.26583	0.51400	0.00707	0.01074	0.00690	0.00308	0.00424
19	0.00794	0.00565	0.00714	0.00718	0.00752	0.00606	0.00492	0.00867	0.00840	0.01144	0.01701	0.03357	0.01871	0.52210	0.18347	0.00538	0.04437	0.09337	0.00328	0.00383
20	0.01413	0.81739	0.02770	0.00905	0.01357	0.02092	0.00905	0.01583	0.01074	0.01244	0.00735	0.00848	0.00678	0.00452	0.00339	0.00113	0.00565	0.00283	0.00226	0.00678
21	0.00843	0.00602	0.00842	0.00963	0.01081	0.00601	0.00836	0.01080	0.01208	0.01572	0.02804	0.09216	0.03062	0.01469	0.00728	0.00242	0.00479	0.71401	0.00487	0.00484
22	0.01231	0.01183	0.02032	0.22063	0.58091	0.01238	0.03349	0.01558	0.01169	0.01634	0.00983	0.01336	0.00804	0.00485	0.00527	0.00162	0.00653	0.00474	0.00255	0.00773
23	0.01360	0.01397	0.02659	0.01944	0.02394	0.01418	0.53850	0.13573	0.02999	0.01916	0.01080	0.01381	0.00822	0.00538	0.00737	0.00181	0.10130	0.00581	0.00311	0.00730
24	0.01355	0.01351	0.02080	0.04883	0.70188	0.07581	0.01570	0.01656	0.01224	0.01683	0.00979	0.01282	0.00822	0.00478	0.00520	0.00156	0.00656	0.00460	0.00262	0.00813
25	0.01060	0.02735	0.78682	0.01507	0.02288	0.01228	0.01953	0.01674	0.01116	0.01674	0.00949	0.01116	0.00670	0.00502	0.00502	0.00167	0.00781	0.00391	0.00223	0.00781
26	0.00970	0.00713	0.00929	0.00994	0.01151	0.00739	0.00853	0.06542	0.07975	0.01756	0.02637	0.06928	0.02776	0.01341	0.00698	0.00231	0.00484	0.61243	0.00494	0.00545
27	0.01080	0.02615	0.72477	0.01648	0.08436	0.01230	0.01926	0.01670	0.01123	0.01678	0.00952	0.01132	0.00683	0.00500	0.00504	0.00167	0.00769	0.00397	0.00226	0.00786
28	0.00658	0.00469	0.00625	0.00745	0.00780	0.00441	0.00506	0.00756	0.01018	0.01355	0.02880	0.75281	0.03437	0.03434	0.00723	0.00223	0.00321	0.05430	0.00487	0.00430
29	0.01948	0.01006	0.01320	0.01050	0.01416	0.00978	0.04825	0.14256	0.10999	0.45035	0.01991	0.09703	0.01474	0.00749	0.00551	0.00171	0.00476	0.00634	0.00582	0.00834
30	0.01079	0.06999	0.74584	0.01474	0.02238	0.01274	0.01897	0.01669	0.01114	0.01651	0.00937	0.01102	0.00670	0.00500	0.00493	0.00164	0.00770	0.00385	0.00223	0.00776
31	0.00998	0.00940	0.01586	0.80150	0.03641	0.01175	0.01468	0.01351	0.01057	0.01351	0.00940	0.01409	0.00705	0.00529	0.00529	0.00176	0.00705	0.00470	0.00235	0.00587
32	0.00998	0.00940	0.01586	0.80150	0.03641	0.01175	0.01468	0.01351	0.01057	0.01351	0.00940	0.01409	0.00705	0.00529	0.00529	0.00176	0.00705	0.00470	0.00235	0.00587
33	0.02185	0.01200	0.01413	0.01083	0.01499	0.01223	0.00895	0.40719	0.02016	0.39637	0.01664	0.01525	0.01097	0.00644	0.00530	0.00161	0.00518	0.00503	0.00589	0.00899
34	0.01244	0.01190	0.02029	0.19264	0.62608	0.01239	0.01590	0.01566	0.01173	0.01649	0.00983	0.01329	0.00810	0.00483	0.00524	0.00161	0.00644	0.00471	0.00256	0.00785
35	0.85155	0.01022	0.00777	0.00695	0.01022	0.01186	0.00573	0.01554	0.00900	0.02372	0.00736	0.00859	0.00573	0.00491	0.00327	0.00164	0.00409	0.00286	0.00327	0.00573
36	0.00878	0.00743	0.00768	0.00804	0.00875	0.08481	0.00578	0.00978	0.01027	0.01286	0.02341	0.24465	0.07105	0.28013	0.01369	0.00310	0.03133	0.16014	0.00403	0.00429
37	0.00675	0.00510	0.00742	0.00813	0.00869	0.00476	0.04376	0.00785	0.01024	0.01367	0.02819	0.76989	0.03358	0.01594	0.00672	0.00213	0.00337	0.01458	0.00479	0.00444
38	0.01315	0.01136	0.01195	0.01076	0.01375	0.01315	0.00837	0.02809	0.77168	0.02211	0.02152	0.01972	0.01614	0.00717	0.00538	0.00179	0.00418	0.00598	0.00538	0.00837
39	0.01308	0.01256	0.02146	0.03245	0.78123	0.01256	0.01622	0.01622	0.01204	0.01727	0.00994	0.01308	0.00837	0.00471	0.00523	0.00157	0.00628	0.00471	0.00262	0.00837
40	0.02338	0.00911	0.01256	0.01013	0.03778	0.00792	0.00804	0.02546	0.01503	0.76062	0.02051	0.01784	0.01294	0.00649	0.00531	0.00163	0.00455	0.00530	0.00642	0.00898
41	0.01095	0.02489	0.64507	0.01642	0.02377	0.01248	0.15882	0.01678	0.01141	0.01678	0.00971	0.01174	0.00695	0.00492	0.00525	0.00169	0.00802	0.00434	0.00232	0.00768
42	0.01315	0.01136	0.01195	0.01076	0.01375	0.01315	0.00837	0.02809	0.77168	0.02211	0.02152	0.01972	0.01614	0.00717	0.00538	0.00179	0.00418	0.00598	0.00538	0.00837
43	0.01235	0.01387	0.02901	0.02106	0.02563	0.01378	0.65286	0.01632	0.01184	0.01632	0.01015	0.01387	0.00786	0.00515	0.00786	0.00186	0.12465	0.00600	0.00262	0.00693
44	0.16014	0.00920	0.01153	0.00900	0.01296	0.00844	0.00743	0.02408	0.01412	0.65945	0.01863	0.01644	0.01187	0.00627	0.00498	0.00164	0.00443	0.00491	0.00600	0.00846
45	0.01308	0.01256	0.02146	0.03245	0.78123	0.01256	0.01622	0.01622	0.01204	0.01727	0.00994	0.01308	0.00837	0.00471	0.00523	0.00157	0.00628	0.00471	0.00262	0.00837
46	0.00755	0.00566	0.00850	0.00850	0.00944	0.00661	0.00661	0.00944	0.00850	0.01227	0.01416	0.02077	0.01322	0.03965	0.79326	0.00850	0.01416	0.00566	0.00283	0.00472
47	0.85155	0.01022	0.00777	0.00695	0.01022	0.01186	0.00573	0.01554	0.00900	0.02372	0.00736	0.00859	0.00573	0.00491	0.00327	0.00164	0.00409	0.00286	0.00327	0.00573
48	0.00918	0.00459	0.00689	0.00689	0.00689	0.00459	0.00459	0.00689	0.00689	0.00918	0.00918	0.01607	0.00918	0.01837	0.02066	0.84619	0.00459	0.00459	0.00230	0.00230

[dist]
# distance from previous block
# <min> <max>
0	0

# created by:
# /st0/software/busco_prod/Augustus/scripts/msa2prfl.pl ./align_prep/164462.fa
