[name]
unknown

[dist]
# distance from previous block
# <min> <max>
0	48

[block]
# block no. 0 follows, 43 sequences, length 26
# corresponding to MSA columns:
# 68-90,95-97
name=unknown_A
#
# <colnr> <probs for GDERKNQSTAVLIFYWHMCP>
#	G	D	E	R	K	N	Q	S	T	A	V	L	I	F	Y	W	H	M	C	P
0	0.10026	0.03454	0.26768	0.10482	0.13007	0.01285	0.01443	0.09634	0.05465	0.06795	0.01229	0.01512	0.00944	0.00597	0.00524	0.00174	0.00655	0.03338	0.00346	0.02321
1	0.13279	0.05090	0.12017	0.03889	0.16434	0.01255	0.01156	0.15037	0.02936	0.08036	0.03696	0.01604	0.05501	0.00620	0.00508	0.00162	0.00565	0.00496	0.00393	0.07327
2	0.03185	0.04224	0.29947	0.13445	0.15224	0.01294	0.09043	0.04493	0.03770	0.01808	0.01056	0.01302	0.00802	0.00520	0.00530	0.00167	0.00720	0.00459	0.00281	0.07730
3	0.07220	0.04136	0.29209	0.02935	0.01832	0.01203	0.03063	0.06749	0.12067	0.15061	0.03547	0.01601	0.01155	0.00621	0.00526	0.00170	0.00611	0.01918	0.00411	0.05965
4	0.00787	0.00562	0.00771	0.00899	0.00980	0.00546	0.00709	0.00965	0.01171	0.01539	0.02991	0.42144	0.03418	0.01630	0.00737	0.00240	0.00418	0.38500	0.00512	0.00481
5	0.01451	0.01351	0.06123	0.04507	0.30516	0.01301	0.10523	0.04775	0.21739	0.08020	0.01478	0.01603	0.01121	0.00584	0.00563	0.00174	0.00622	0.00547	0.00395	0.02608
6	0.01195	0.00983	0.01153	0.00826	0.01316	0.00741	0.00662	0.01440	0.01164	0.04449	0.01026	0.01174	0.00840	0.00420	0.00415	0.00085	0.00412	0.00336	0.00341	0.81022
7	0.00962	0.00481	0.00722	0.00722	0.00722	0.00481	0.00481	0.00722	0.00722	0.00962	0.00962	0.01684	0.00962	0.01924	0.02165	0.83886	0.00481	0.00481	0.00241	0.00241
8	0.01161	0.13382	0.67586	0.01493	0.02265	0.01408	0.01898	0.01741	0.01163	0.01693	0.00964	0.01131	0.00703	0.00519	0.00503	0.00168	0.00788	0.00394	0.00234	0.00804
9	0.01307	0.01494	0.03268	0.02334	0.02894	0.01401	0.75070	0.01774	0.01307	0.01774	0.01120	0.01494	0.00840	0.00467	0.00654	0.00187	0.00934	0.00654	0.00280	0.00747
10	0.01212	0.01212	0.01696	0.01454	0.01454	0.01696	0.01212	0.01333	0.00848	0.01333	0.00727	0.01212	0.00727	0.00969	0.01818	0.00242	0.79523	0.00485	0.00242	0.00606
11	0.08986	0.01249	0.01420	0.01113	0.01496	0.01332	0.00912	0.38359	0.01955	0.26450	0.01540	0.01580	0.01091	0.04774	0.00723	0.00191	0.04899	0.00515	0.00549	0.00864
12	0.09075	0.01093	0.01353	0.05776	0.03271	0.01089	0.00902	0.18532	0.03182	0.45109	0.01771	0.01652	0.01170	0.00655	0.00534	0.00170	0.00512	0.00518	0.02755	0.00880
13	0.00764	0.00565	0.00713	0.00676	0.00815	0.00514	0.00507	0.01008	0.01522	0.02112	0.66112	0.04316	0.15971	0.01173	0.00653	0.00176	0.00264	0.01027	0.00595	0.00514
14	0.00655	0.00561	0.00561	0.00561	0.00748	0.00468	0.00421	0.00795	0.01262	0.01496	0.05610	0.05330	0.76857	0.01403	0.00655	0.00187	0.00281	0.01169	0.00514	0.00468
15	0.02052	0.01995	0.01602	0.01322	0.01699	0.34456	0.01044	0.41059	0.02104	0.02510	0.01113	0.01181	0.00839	0.00614	0.00525	0.00153	0.00768	0.00431	0.00430	0.04103
16	0.00694	0.00547	0.00632	0.00689	0.00820	0.00486	0.00515	0.00836	0.01202	0.01493	0.04453	0.28468	0.44139	0.01522	0.00686	0.00208	0.00325	0.11303	0.00514	0.00468
17	0.01143	0.00984	0.01175	0.04842	0.01441	0.00764	0.00701	0.01396	0.01146	0.01785	0.00984	0.01165	0.00816	0.00418	0.00418	0.00087	0.00427	0.00337	0.00324	0.79647
18	0.01046	0.00984	0.01661	0.79205	0.03814	0.01230	0.01538	0.01415	0.01107	0.01415	0.00984	0.01477	0.00738	0.00554	0.00554	0.00185	0.00738	0.00492	0.00246	0.00615
19	0.00800	0.00559	0.00718	0.00718	0.00757	0.00599	0.00477	0.00878	0.00839	0.01158	0.01641	0.03050	0.01764	0.50231	0.32783	0.00677	0.00912	0.00721	0.00320	0.00399
20	0.01487	0.67376	0.02584	0.00950	0.01378	0.04278	0.00908	0.01658	0.01159	0.05514	0.01041	0.07569	0.00994	0.00594	0.00400	0.00131	0.00575	0.00419	0.00286	0.00700
21	0.00791	0.00593	0.00890	0.00890	0.00989	0.00692	0.00692	0.00989	0.00890	0.01286	0.01483	0.02176	0.01385	0.04154	0.78341	0.00890	0.01483	0.00593	0.00297	0.00494
22	0.01750	0.01878	0.01725	0.13069	0.19555	0.36812	0.01265	0.08124	0.04483	0.04612	0.01064	0.01259	0.00838	0.00570	0.00528	0.00159	0.00807	0.00438	0.00326	0.00739
23	0.02444	0.01009	0.01326	0.01017	0.01447	0.00912	0.00840	0.10584	0.01696	0.69423	0.02092	0.01825	0.01324	0.00683	0.00557	0.00171	0.00486	0.00551	0.00671	0.00942
24	0.01475	0.07789	0.01423	0.00951	0.01423	0.01103	0.00785	0.18479	0.03132	0.06333	0.01140	0.01229	0.00888	0.00497	0.00450	0.00112	0.00475	0.00384	0.00397	0.51538
25	0.11653	0.01431	0.01492	0.03355	0.01639	0.04557	0.00970	0.52006	0.02172	0.11085	0.01339	0.01390	0.00961	0.02728	0.00587	0.00177	0.00591	0.00484	0.00519	0.00865

[dist]
# distance from previous block
# <min> <max>
1	2

[block]
# block no. 1 follows, 43 sequences, length 15
# corresponding to MSA columns:
# 100-112,119,120
name=unknown_B
#
# <colnr> <probs for GDERKNQSTAVLIFYWHMCP>
#	G	D	E	R	K	N	Q	S	T	A	V	L	I	F	Y	W	H	M	C	P
0	0.00717	0.00531	0.00686	0.00768	0.00848	0.00477	0.00524	0.00829	0.01076	0.01453	0.02960	0.70143	0.06164	0.01602	0.00678	0.00210	0.00328	0.01445	0.00497	0.08066
1	0.01187	0.05625	0.12634	0.12242	0.02117	0.01286	0.17471	0.05319	0.01194	0.03119	0.01363	0.14639	0.01282	0.00813	0.00819	0.00195	0.15367	0.00689	0.01971	0.00670
2	0.01239	0.01280	0.03302	0.23212	0.08419	0.09485	0.04928	0.04036	0.01142	0.01506	0.01130	0.08560	0.01058	0.02311	0.02449	0.00218	0.24210	0.00589	0.00291	0.00637
3	0.08722	0.01395	0.01510	0.01179	0.01567	0.01549	0.00972	0.53400	0.02129	0.03014	0.01216	0.01294	0.00901	0.00658	0.00633	0.00165	0.07764	0.00467	0.03489	0.07976
4	0.01229	0.01255	0.01660	0.13127	0.01827	0.07874	0.03858	0.01398	0.00963	0.01349	0.00863	0.01392	0.00815	0.04938	0.03686	0.00256	0.52158	0.00500	0.00254	0.00599
5	0.01970	0.01432	0.01553	0.01210	0.01620	0.01573	0.00992	0.63159	0.06256	0.05593	0.07652	0.01617	0.01348	0.00709	0.00563	0.00168	0.00568	0.00549	0.00563	0.00904
6	0.77790	0.01061	0.00852	0.00749	0.01099	0.01208	0.00617	0.01715	0.00995	0.08576	0.00886	0.00980	0.00662	0.00528	0.00360	0.00171	0.00432	0.00321	0.00371	0.00628
7	0.00805	0.00537	0.00604	0.00604	0.00604	0.00537	0.00336	0.00805	0.00805	0.01074	0.01745	0.03624	0.02013	0.80536	0.02819	0.00537	0.00537	0.00805	0.00336	0.00336
8	0.00675	0.00482	0.00643	0.00771	0.00803	0.00450	0.00514	0.00771	0.01060	0.01414	0.03053	0.80175	0.03663	0.01735	0.00707	0.00225	0.00321	0.01574	0.00514	0.00450
9	0.00680	0.00559	0.00598	0.00594	0.00765	0.00478	0.00444	0.00842	0.01314	0.01633	0.19220	0.07647	0.60583	0.01362	0.00656	0.00186	0.00278	0.01150	0.00533	0.00478
10	0.01378	0.01190	0.01252	0.01127	0.01440	0.01378	0.00877	0.02943	0.76081	0.02317	0.02254	0.02066	0.01691	0.00751	0.00564	0.00188	0.00438	0.00626	0.00564	0.00877
11	0.01032	0.00516	0.00516	0.00516	0.00645	0.00516	0.00387	0.01290	0.01161	0.02065	0.01807	0.02065	0.01420	0.00645	0.00387	0.00129	0.00258	0.00516	0.83611	0.00516
12	0.01463	0.05130	0.01333	0.01003	0.01413	0.04074	0.00805	0.06660	0.28224	0.08953	0.01556	0.01538	0.01181	0.00583	0.00488	0.00138	0.00470	0.00466	0.00453	0.34069
13	0.00680	0.00560	0.00597	0.00601	0.00760	0.00493	0.00441	0.00813	0.01185	0.01440	0.04838	0.07114	0.61609	0.08217	0.07923	0.00281	0.00413	0.01098	0.00480	0.00459
14	0.01349	0.01320	0.02079	0.16418	0.58041	0.05136	0.01613	0.01717	0.03759	0.01735	0.01063	0.01394	0.00872	0.00516	0.00547	0.00168	0.00682	0.00491	0.00280	0.00820

[dist]
# distance from previous block
# <min> <max>
0	8

[block]
# block no. 2 follows, 43 sequences, length 19
# corresponding to MSA columns:
# 132-150
name=unknown_C
#
# <colnr> <probs for GDERKNQSTAVLIFYWHMCP>
#	G	D	E	R	K	N	Q	S	T	A	V	L	I	F	Y	W	H	M	C	P
0	0.01046	0.00984	0.01661	0.79205	0.03814	0.01230	0.01538	0.01415	0.01107	0.01415	0.00984	0.01477	0.00738	0.00554	0.00554	0.00185	0.00738	0.00492	0.00246	0.00615
1	0.01111	0.02865	0.77667	0.01579	0.02397	0.01286	0.02046	0.01754	0.01169	0.01754	0.00994	0.01169	0.00702	0.00526	0.00526	0.00175	0.00818	0.00409	0.00234	0.00818
2	0.01371	0.01316	0.02248	0.03399	0.77081	0.01316	0.01700	0.01700	0.01261	0.01809	0.01042	0.01371	0.00877	0.00493	0.00548	0.00164	0.00658	0.00493	0.00274	0.00877
3	0.02105	0.01551	0.01662	0.01274	0.01717	0.01717	0.01053	0.75235	0.02604	0.03490	0.01330	0.01330	0.00942	0.00665	0.00554	0.00166	0.00609	0.00499	0.00554	0.00942
4	0.02485	0.00943	0.01285	0.00985	0.01414	0.00814	0.00814	0.02699	0.01585	0.77465	0.02185	0.01885	0.01371	0.00685	0.00557	0.00171	0.00471	0.00557	0.00685	0.00943
5	0.01378	0.01190	0.01252	0.01127	0.01440	0.01378	0.00877	0.02943	0.76081	0.02317	0.02254	0.02066	0.01691	0.00751	0.00564	0.00188	0.00438	0.00626	0.00564	0.00877
6	0.01371	0.01316	0.02248	0.03399	0.77081	0.01316	0.01700	0.01700	0.01261	0.01809	0.01042	0.01371	0.00877	0.00493	0.00548	0.00164	0.00658	0.00493	0.00274	0.00877
7	0.01111	0.02865	0.77667	0.01579	0.02397	0.01286	0.02046	0.01754	0.01169	0.01754	0.00994	0.01169	0.00702	0.00526	0.00526	0.00175	0.00818	0.00409	0.00234	0.00818
8	0.02170	0.00873	0.01185	0.00932	0.01305	0.00760	0.00760	0.02393	0.01582	0.63558	0.15974	0.02301	0.02083	0.00768	0.00575	0.00172	0.00432	0.00639	0.00671	0.00865
9	0.00732	0.00579	0.00672	0.00716	0.00874	0.00520	0.00572	0.00909	0.01266	0.01568	0.07501	0.09996	0.47599	0.01450	0.00691	0.00209	0.00351	0.22796	0.00517	0.00481
10	0.03818	0.01386	0.04511	0.01153	0.01585	0.01398	0.00974	0.47534	0.04095	0.16484	0.01489	0.01507	0.01058	0.02778	0.00597	0.00172	0.00561	0.00504	0.03023	0.05373
11	0.00658	0.00546	0.00577	0.00601	0.00759	0.00464	0.00439	0.00790	0.01224	0.01480	0.05122	0.19632	0.62870	0.01466	0.00665	0.00194	0.00288	0.01246	0.00514	0.00464
12	0.00692	0.00489	0.00638	0.00749	0.00777	0.00461	0.00491	0.00776	0.01027	0.01369	0.02881	0.70137	0.03447	0.12068	0.00984	0.00266	0.00350	0.01474	0.00491	0.00435
13	0.13193	0.03856	0.38708	0.11072	0.02237	0.02970	0.05124	0.05201	0.01238	0.08172	0.01068	0.01243	0.00766	0.00554	0.00536	0.00175	0.02385	0.00430	0.00307	0.00764
14	0.01334	0.04274	0.20328	0.02821	0.54346	0.03799	0.01739	0.01728	0.01245	0.01765	0.01016	0.01295	0.00825	0.00503	0.00535	0.00165	0.00705	0.00463	0.00264	0.00850
15	0.00893	0.00665	0.00880	0.00842	0.00937	0.00744	0.00625	0.05702	0.01031	0.01439	0.06361	0.02691	0.04401	0.23447	0.42597	0.00653	0.04572	0.00684	0.00348	0.00487
16	0.00765	0.00579	0.00662	0.00669	0.00816	0.00526	0.00500	0.02905	0.01318	0.01725	0.20008	0.16076	0.37543	0.03367	0.00707	0.00200	0.00311	0.05733	0.05100	0.00492
17	0.35178	0.07549	0.04868	0.03838	0.04310	0.02832	0.06191	0.04775	0.01203	0.02123	0.12343	0.04895	0.01499	0.00669	0.00504	0.00169	0.02492	0.00520	0.00371	0.03671
18	0.01467	0.02844	0.01268	0.01007	0.01278	0.01161	0.00805	0.26712	0.01603	0.06385	0.04404	0.03987	0.04063	0.07569	0.03011	0.03177	0.10540	0.00577	0.07677	0.10464

[dist]
# distance from previous block
# <min> <max>
1	51

[block]
# block no. 3 follows, 43 sequences, length 10
# corresponding to MSA columns:
# 203-212
name=unknown_D
#
# <colnr> <probs for GDERKNQSTAVLIFYWHMCP>
#	G	D	E	R	K	N	Q	S	T	A	V	L	I	F	Y	W	H	M	C	P
0	0.04711	0.07153	0.05947	0.01086	0.01405	0.08323	0.06681	0.05196	0.05104	0.09064	0.17814	0.10833	0.03852	0.00848	0.00609	0.00170	0.03403	0.00712	0.00448	0.06642
1	0.06063	0.13959	0.01455	0.00963	0.01335	0.04479	0.00802	0.06655	0.11039	0.29571	0.08647	0.02013	0.06225	0.00719	0.00521	0.00161	0.00483	0.00568	0.00524	0.03820
2	0.06556	0.01523	0.18241	0.01159	0.01620	0.01220	0.01112	0.21755	0.08343	0.18474	0.05828	0.01876	0.06468	0.00721	0.00580	0.00175	0.02471	0.00564	0.00492	0.00825
3	0.01311	0.07785	0.02125	0.02880	0.61886	0.01295	0.01499	0.01619	0.01286	0.01816	0.09919	0.01656	0.01374	0.00567	0.00545	0.00162	0.00606	0.00537	0.00310	0.00822
4	0.08011	0.01297	0.10671	0.44285	0.22106	0.01260	0.01562	0.01545	0.01140	0.01644	0.00983	0.01366	0.00758	0.00532	0.00532	0.00177	0.00702	0.00467	0.00260	0.00705
5	0.01051	0.01005	0.01755	0.68304	0.03579	0.01206	0.08125	0.01415	0.01123	0.01447	0.01101	0.05453	0.00895	0.00606	0.00570	0.00187	0.00735	0.00561	0.00263	0.00619
6	0.01350	0.01323	0.02343	0.06473	0.65274	0.01322	0.10313	0.01696	0.01260	0.01789	0.01049	0.01390	0.00867	0.00493	0.00561	0.00168	0.00694	0.00512	0.00274	0.00851
7	0.00936	0.00725	0.00820	0.00795	0.00965	0.00723	0.00587	0.09813	0.09992	0.01880	0.13083	0.27822	0.24566	0.03793	0.00716	0.00206	0.00356	0.01122	0.00531	0.00568
8	0.04870	0.00869	0.00961	0.00834	0.01065	0.00927	0.02667	0.18572	0.07654	0.02329	0.03984	0.04325	0.03504	0.03864	0.03604	0.00197	0.00441	0.00592	0.38096	0.00644
9	0.05626	0.05334	0.11700	0.01204	0.02913	0.03502	0.04222	0.20146	0.11406	0.04354	0.06848	0.03968	0.05846	0.00788	0.00562	0.00176	0.00563	0.06688	0.00454	0.03700

[dist]
# distance from previous block
# <min> <max>
19	44

[block]
# block no. 4 follows, 43 sequences, length 30
# corresponding to MSA columns:
# 265-294
name=unknown_E
#
# <colnr> <probs for GDERKNQSTAVLIFYWHMCP>
#	G	D	E	R	K	N	Q	S	T	A	V	L	I	F	Y	W	H	M	C	P
0	0.12620	0.21473	0.14435	0.01214	0.03452	0.09544	0.01123	0.17299	0.02864	0.03564	0.01095	0.04529	0.00907	0.00618	0.00511	0.00159	0.03046	0.00442	0.00351	0.00753
1	0.04033	0.06158	0.13404	0.01455	0.13465	0.01224	0.01136	0.08784	0.16770	0.12632	0.03034	0.01867	0.07450	0.00675	0.00534	0.00167	0.00544	0.00554	0.00439	0.05673
2	0.06146	0.14095	0.02867	0.01141	0.03529	0.22923	0.00906	0.13234	0.01523	0.07537	0.03744	0.01652	0.06777	0.03911	0.00587	0.00163	0.00645	0.00483	0.00385	0.07752
3	0.09823	0.01093	0.10224	0.03413	0.03469	0.00890	0.02512	0.01578	0.09321	0.07361	0.20147	0.06003	0.06923	0.00844	0.00560	0.00171	0.00453	0.03841	0.00460	0.10913
4	0.05200	0.21371	0.29784	0.01511	0.11669	0.03756	0.01410	0.07936	0.01315	0.04808	0.01272	0.01391	0.05154	0.00578	0.00489	0.00159	0.00667	0.00443	0.00308	0.00780
5	0.08347	0.02390	0.02827	0.18295	0.15826	0.02628	0.06482	0.01584	0.07551	0.01796	0.09704	0.02115	0.01557	0.02657	0.00685	0.00190	0.05014	0.06018	0.00355	0.03978
6	0.10911	0.12490	0.03327	0.02827	0.11417	0.08229	0.01018	0.18100	0.12597	0.04769	0.03499	0.01544	0.03416	0.00634	0.00499	0.00162	0.00575	0.00489	0.02718	0.00780
7	0.07803	0.10139	0.01543	0.01102	0.01454	0.10054	0.02679	0.22445	0.08932	0.02178	0.01222	0.01478	0.01013	0.07867	0.02104	0.00199	0.04247	0.00466	0.00396	0.12681
8	0.03538	0.06999	0.13373	0.01030	0.01363	0.17642	0.00926	0.01523	0.03602	0.03900	0.12942	0.11551	0.13459	0.00903	0.00559	0.00167	0.00567	0.00734	0.00407	0.04816
9	0.00715	0.00507	0.00657	0.00762	0.00802	0.00482	0.00518	0.00812	0.01045	0.01384	0.02903	0.59071	0.05382	0.14295	0.01048	0.00276	0.00372	0.08046	0.00485	0.00438
10	0.01843	0.01381	0.01572	0.07143	0.03979	0.01526	0.01072	0.58237	0.02277	0.03046	0.01502	0.04984	0.01226	0.00769	0.00578	0.00177	0.00600	0.06712	0.00517	0.00859
11	0.00675	0.00482	0.00643	0.00771	0.00803	0.00450	0.00514	0.00771	0.01060	0.01414	0.03053	0.80175	0.03663	0.01735	0.00707	0.00225	0.00321	0.01574	0.00514	0.00450
12	0.00778	0.00568	0.00733	0.00697	0.00831	0.00522	0.00526	0.01031	0.01539	0.02157	0.69963	0.04276	0.09962	0.01161	0.00656	0.00177	0.00270	0.03035	0.00600	0.00519
13	0.01371	0.01316	0.02248	0.03399	0.77081	0.01316	0.01700	0.01700	0.01261	0.01809	0.01042	0.01371	0.00877	0.00493	0.00548	0.00164	0.00658	0.00493	0.00274	0.00877
14	0.00679	0.00485	0.00647	0.00768	0.00804	0.00453	0.00514	0.00782	0.01081	0.01447	0.06069	0.77064	0.03727	0.01710	0.00705	0.00223	0.00319	0.01551	0.00518	0.00453
15	0.01636	0.01181	0.01280	0.01106	0.01444	0.02942	0.00879	0.11282	0.47538	0.15721	0.02220	0.02180	0.03613	0.00774	0.00570	0.00184	0.00475	0.03534	0.00575	0.00865
16	0.03591	0.01053	0.01684	0.54217	0.16649	0.01240	0.01464	0.01594	0.07484	0.01601	0.01156	0.01637	0.00915	0.00588	0.00554	0.00183	0.00682	0.02737	0.00289	0.00681
17	0.01967	0.01631	0.01606	0.01362	0.04700	0.13363	0.01068	0.54797	0.02279	0.02940	0.01381	0.01697	0.01094	0.00717	0.00563	0.00170	0.00663	0.06646	0.00498	0.00857
18	0.84448	0.01071	0.00814	0.00728	0.01071	0.01242	0.00600	0.01628	0.00943	0.02485	0.00771	0.00900	0.00600	0.00514	0.00343	0.00171	0.00428	0.00300	0.00343	0.00600
19	0.00700	0.00501	0.00670	0.00784	0.00831	0.00470	0.00543	0.00823	0.01119	0.01500	0.09288	0.68187	0.03760	0.01669	0.00707	0.00223	0.00330	0.06913	0.00522	0.00461
20	0.00690	0.00505	0.00649	0.00735	0.00801	0.00463	0.00505	0.00818	0.01164	0.01552	0.15099	0.59426	0.12353	0.01601	0.00692	0.00212	0.00307	0.01436	0.00529	0.00463
21	0.00698	0.00497	0.00657	0.00761	0.00795	0.00478	0.00507	0.00791	0.01019	0.01366	0.02786	0.65629	0.03305	0.10864	0.06774	0.00310	0.00433	0.01413	0.00478	0.00440
22	0.00751	0.00528	0.00606	0.00636	0.00673	0.00506	0.00390	0.00796	0.00937	0.01219	0.02663	0.21504	0.14348	0.49771	0.01987	0.00409	0.00446	0.01040	0.00405	0.00383
23	0.01516	0.01252	0.01361	0.01281	0.07267	0.03685	0.00936	0.19897	0.40182	0.04089	0.03643	0.02153	0.08716	0.00774	0.00568	0.00179	0.00495	0.00635	0.00529	0.00840
24	0.00927	0.00574	0.00670	0.00650	0.00710	0.00556	0.00406	0.00971	0.00930	0.07607	0.02207	0.06558	0.09443	0.59773	0.05369	0.00473	0.00536	0.00842	0.00388	0.00411
25	0.03696	0.01050	0.01203	0.00896	0.01346	0.00908	0.00721	0.09409	0.04713	0.03334	0.03399	0.01308	0.01008	0.00498	0.00479	0.00107	0.02565	0.00388	0.00376	0.62597
26	0.05310	0.01113	0.01519	0.10406	0.14010	0.03314	0.07269	0.13752	0.04836	0.02024	0.05646	0.01879	0.02433	0.07674	0.00838	0.02057	0.04699	0.00569	0.09968	0.00683
27	0.18870	0.17732	0.21464	0.07041	0.01820	0.11354	0.01231	0.05080	0.01204	0.01789	0.00928	0.02782	0.00763	0.00579	0.00533	0.00164	0.05283	0.00397	0.00286	0.00698
28	0.12872	0.03894	0.01488	0.01379	0.09214	0.18821	0.00998	0.19529	0.07221	0.02175	0.03623	0.01606	0.06531	0.00700	0.00628	0.00170	0.07514	0.00505	0.00399	0.00733
29	0.01697	0.01214	0.01478	0.04291	0.01621	0.01266	0.05223	0.39563	0.01936	0.09517	0.03836	0.08105	0.01368	0.03494	0.02322	0.00192	0.00575	0.00613	0.02383	0.09305

[dist]
# distance from previous block
# <min> <max>
0	1

[block]
# block no. 5 follows, 43 sequences, length 22
# corresponding to MSA columns:
# 296-317
name=unknown_F
#
# <colnr> <probs for GDERKNQSTAVLIFYWHMCP>
#	G	D	E	R	K	N	Q	S	T	A	V	L	I	F	Y	W	H	M	C	P
0	0.01525	0.43555	0.03165	0.02912	0.01493	0.08583	0.00974	0.06620	0.01259	0.06171	0.01069	0.06462	0.00975	0.00649	0.00588	0.00149	0.09323	0.00446	0.00313	0.03769
1	0.01100	0.00854	0.00985	0.00882	0.01122	0.00872	0.00676	0.04718	0.25932	0.04198	0.31603	0.08948	0.05876	0.00963	0.00598	0.00174	0.00359	0.00832	0.00556	0.08751
2	0.00919	0.03366	0.00854	0.00747	0.00911	0.00676	0.00561	0.01276	0.09758	0.04881	0.44047	0.08930	0.12367	0.07293	0.00801	0.00207	0.00328	0.00961	0.00556	0.00559
3	0.05685	0.25322	0.06715	0.01262	0.01694	0.13693	0.08859	0.13427	0.07279	0.05677	0.01140	0.01255	0.00894	0.00718	0.03926	0.00185	0.00722	0.00434	0.00354	0.00756
4	0.00875	0.00713	0.00800	0.00812	0.03537	0.00675	0.00603	0.06809	0.06186	0.01792	0.10481	0.04676	0.49545	0.01264	0.00649	0.00191	0.00353	0.08966	0.00520	0.00554
5	0.00869	0.00565	0.00738	0.00730	0.00843	0.00523	0.00525	0.01060	0.01364	0.06972	0.44831	0.25701	0.04269	0.07446	0.00830	0.00217	0.00314	0.01120	0.00566	0.00516
6	0.01783	0.01370	0.01560	0.01311	0.04948	0.01498	0.03500	0.46406	0.18364	0.04545	0.01862	0.01820	0.07008	0.00727	0.00567	0.00173	0.00557	0.00585	0.00534	0.00881
7	0.01471	0.10444	0.07270	0.16026	0.18125	0.21173	0.11587	0.01776	0.01283	0.01540	0.00950	0.01239	0.00769	0.00538	0.00574	0.00164	0.03633	0.00453	0.00265	0.00719
8	0.00688	0.00567	0.00607	0.00610	0.00785	0.00486	0.00466	0.00852	0.01305	0.01605	0.15070	0.05229	0.62270	0.01374	0.00662	0.00190	0.00293	0.05937	0.00527	0.00478
9	0.00813	0.00630	0.00671	0.00689	0.00773	0.03318	0.00474	0.00903	0.01057	0.01329	0.05176	0.08903	0.22790	0.38676	0.01686	0.00361	0.00459	0.10451	0.00424	0.00418
10	0.01381	0.05504	0.02425	0.05965	0.07335	0.13097	0.35480	0.01703	0.01249	0.01614	0.01066	0.03272	0.00885	0.00592	0.00744	0.00179	0.11264	0.00559	0.03146	0.02541
11	0.01886	0.14863	0.01755	0.03236	0.01609	0.01627	0.00972	0.49904	0.02104	0.07339	0.01315	0.01450	0.01001	0.05439	0.00652	0.00180	0.00588	0.00487	0.02746	0.00846
12	0.00722	0.00516	0.00666	0.00745	0.00802	0.00486	0.00514	0.00844	0.01130	0.01516	0.14488	0.50202	0.06968	0.11710	0.00971	0.00257	0.00350	0.06155	0.00506	0.00451
13	0.09630	0.03822	0.46284	0.04512	0.06023	0.01353	0.09329	0.01683	0.01129	0.01769	0.00955	0.01196	0.00719	0.00562	0.00650	0.00182	0.08753	0.00436	0.00253	0.00761
14	0.07636	0.01478	0.01590	0.01232	0.01650	0.01645	0.01018	0.64074	0.02376	0.06607	0.01305	0.01320	0.00929	0.00668	0.00591	0.00170	0.03786	0.00487	0.00533	0.00905
15	0.62569	0.01060	0.01025	0.17216	0.01672	0.01238	0.00814	0.03295	0.01035	0.04570	0.00872	0.01061	0.00660	0.00531	0.00398	0.00174	0.00499	0.00353	0.00338	0.00621
16	0.01671	0.09769	0.04444	0.01506	0.13172	0.06104	0.01102	0.25715	0.12300	0.07351	0.01636	0.01733	0.05515	0.00692	0.00583	0.00169	0.03299	0.01964	0.00446	0.00828
17	0.05927	0.00714	0.00972	0.12236	0.01398	0.00748	0.03266	0.06863	0.01212	0.01700	0.05164	0.50390	0.02750	0.01314	0.00639	0.00206	0.00428	0.01178	0.02359	0.00536
18	0.05825	0.01272	0.01936	0.04697	0.50767	0.01282	0.01419	0.10916	0.01425	0.07923	0.01147	0.01369	0.00902	0.00527	0.00530	0.00161	0.00611	0.00478	0.00347	0.06466
19	0.01877	0.01235	0.01427	0.03895	0.01600	0.01250	0.00913	0.38886	0.01967	0.18203	0.01517	0.05664	0.01145	0.00672	0.00534	0.00154	0.00530	0.00534	0.00523	0.17473
20	0.01085	0.00917	0.01081	0.00814	0.01245	0.00700	0.00637	0.01311	0.01137	0.01753	0.01260	0.11695	0.01200	0.00587	0.00450	0.00101	0.00398	0.00494	0.00353	0.72782
21	0.01010	0.00825	0.01391	0.09871	0.01642	0.00819	0.16151	0.01238	0.01200	0.07248	0.07240	0.33840	0.09666	0.01159	0.00704	0.00202	0.03705	0.01066	0.00444	0.00580

[dist]
# distance from previous block
# <min> <max>
0	11

[block]
# block no. 6 follows, 43 sequences, length 35
# corresponding to MSA columns:
# 329-363
name=unknown_G
#
# <colnr> <probs for GDERKNQSTAVLIFYWHMCP>
#	G	D	E	R	K	N	Q	S	T	A	V	L	I	F	Y	W	H	M	C	P
0	0.00962	0.00481	0.00722	0.00722	0.00722	0.00481	0.00481	0.00722	0.00722	0.00962	0.00962	0.01684	0.00962	0.01924	0.02165	0.83886	0.00481	0.00481	0.00241	0.00241
1	0.01020	0.00518	0.00518	0.00518	0.00649	0.00515	0.00388	0.01274	0.01165	0.02046	0.01932	0.02172	0.03907	0.00670	0.00396	0.00131	0.00259	0.00538	0.80871	0.00515
2	0.01373	0.01481	0.01672	0.01449	0.01503	0.16141	0.01185	0.01499	0.00984	0.01337	0.00751	0.01172	0.00724	0.00894	0.01569	0.00224	0.64718	0.00461	0.00250	0.00613
3	0.01046	0.00984	0.01661	0.79205	0.03814	0.01230	0.01538	0.01415	0.01107	0.01415	0.00984	0.01477	0.00738	0.00554	0.00554	0.00185	0.00738	0.00492	0.00246	0.00615
4	0.00669	0.00566	0.00580	0.00588	0.00771	0.00478	0.00448	0.00815	0.01263	0.01506	0.05453	0.05384	0.72536	0.01410	0.00661	0.00191	0.00294	0.05402	0.00514	0.00470
5	0.00761	0.00518	0.00617	0.00660	0.00671	0.00508	0.00396	0.00794	0.00891	0.01189	0.02186	0.29445	0.02570	0.53957	0.02107	0.00432	0.00464	0.01065	0.00396	0.00374
6	0.01148	0.00984	0.01148	0.00820	0.01312	0.00738	0.00656	0.01395	0.01148	0.01805	0.00984	0.01148	0.00820	0.00410	0.00410	0.00082	0.00410	0.00328	0.00328	0.83922
7	0.00815	0.00591	0.00644	0.00614	0.00811	0.00502	0.00466	0.00979	0.01333	0.07432	0.16131	0.04885	0.60216	0.01307	0.00647	0.00184	0.00292	0.01097	0.00542	0.00512
8	0.01307	0.01494	0.03268	0.02334	0.02894	0.01401	0.75070	0.01774	0.01307	0.01774	0.01120	0.01494	0.00840	0.00467	0.00654	0.00187	0.00934	0.00654	0.00280	0.00747
9	0.16359	0.03367	0.23526	0.01092	0.01587	0.01032	0.01120	0.02030	0.01328	0.31991	0.07300	0.01796	0.01379	0.00666	0.00520	0.00174	0.00553	0.02916	0.00471	0.00794
10	0.01378	0.01190	0.01252	0.01127	0.01440	0.01378	0.00877	0.02943	0.76081	0.02317	0.02254	0.02066	0.01691	0.00751	0.00564	0.00188	0.00438	0.00626	0.00564	0.00877
11	0.01020	0.00517	0.00521	0.00521	0.00643	0.00517	0.00384	0.01264	0.01142	0.02012	0.01803	0.02148	0.01451	0.04934	0.00518	0.00151	0.00273	0.00532	0.79141	0.00507
12	0.06014	0.00904	0.01060	0.08432	0.01376	0.00963	0.00770	0.17413	0.05043	0.03385	0.14794	0.11379	0.07772	0.00928	0.00594	0.00176	0.02159	0.02986	0.09762	0.04092
13	0.00738	0.00523	0.00684	0.00788	0.00834	0.00507	0.00533	0.00895	0.05434	0.01432	0.02845	0.69575	0.03340	0.01692	0.00810	0.06639	0.00340	0.01435	0.00496	0.00459
14	0.01732	0.09940	0.09172	0.01340	0.02872	0.32095	0.01125	0.12434	0.17636	0.01901	0.01227	0.01293	0.00957	0.00621	0.00554	0.00160	0.03370	0.00440	0.00371	0.00761
15	0.01127	0.02636	0.67425	0.06271	0.08208	0.01285	0.01990	0.01730	0.01173	0.01738	0.00997	0.01203	0.00717	0.00525	0.00529	0.00175	0.00801	0.00421	0.00238	0.00811
16	0.01387	0.01596	0.13837	0.05182	0.48103	0.06827	0.01594	0.01787	0.03846	0.04331	0.01160	0.01513	0.00953	0.00554	0.00546	0.00167	0.00686	0.02875	0.00301	0.02755
17	0.02829	0.23471	0.46318	0.01412	0.03753	0.05855	0.01612	0.05695	0.01255	0.01719	0.00942	0.01093	0.00720	0.00521	0.00478	0.00158	0.00746	0.00381	0.00258	0.00784
18	0.00706	0.00506	0.00672	0.00762	0.00819	0.00472	0.00528	0.00844	0.01181	0.01603	0.19606	0.60830	0.03999	0.01593	0.00697	0.00214	0.00314	0.03651	0.00535	0.00468
19	0.01223	0.01221	0.02199	0.15463	0.13006	0.01317	0.27867	0.03311	0.02660	0.01659	0.01216	0.01663	0.02823	0.04908	0.00920	0.00209	0.14002	0.00587	0.03057	0.00689
20	0.03261	0.01444	0.13282	0.03976	0.10678	0.06909	0.01140	0.07720	0.08404	0.26032	0.04951	0.04441	0.03869	0.00704	0.00555	0.00173	0.00583	0.00580	0.00479	0.00819
21	0.00984	0.00853	0.00881	0.00837	0.01017	0.06662	0.00628	0.01490	0.17996	0.01983	0.36130	0.12090	0.14061	0.01110	0.00628	0.00182	0.00367	0.00956	0.00550	0.00594
22	0.00784	0.00566	0.00740	0.00697	0.00827	0.00523	0.00523	0.01045	0.01568	0.02221	0.76789	0.04137	0.05226	0.01132	0.00653	0.00174	0.00261	0.01002	0.00610	0.00523
23	0.01832	0.01403	0.01534	0.01215	0.01616	0.01547	0.02683	0.53533	0.16998	0.03066	0.01836	0.01786	0.06910	0.00734	0.00566	0.00173	0.00558	0.00579	0.00547	0.00888
24	0.01350	0.01295	0.02051	0.12241	0.51886	0.03844	0.04586	0.03514	0.07025	0.01818	0.01208	0.01626	0.01011	0.00568	0.00562	0.00173	0.00666	0.03449	0.00310	0.00819
25	0.00674	0.00485	0.00640	0.00764	0.00801	0.00450	0.00511	0.00772	0.01067	0.01417	0.03137	0.77698	0.06085	0.01724	0.00705	0.00224	0.00320	0.01561	0.00514	0.00450
26	0.00858	0.00580	0.00752	0.00709	0.00837	0.00540	0.00526	0.01089	0.01475	0.05099	0.63119	0.04062	0.04652	0.09782	0.00889	0.00216	0.00308	0.03406	0.00579	0.00519
27	0.02784	0.07992	0.04543	0.04328	0.14977	0.01082	0.19935	0.01410	0.01189	0.04134	0.02949	0.27332	0.01856	0.02140	0.00643	0.00193	0.00602	0.00881	0.00370	0.00661
28	0.01256	0.15767	0.08251	0.13683	0.10344	0.01431	0.21355	0.01686	0.06920	0.01622	0.01181	0.01639	0.00986	0.00645	0.00665	0.03538	0.03610	0.04415	0.00294	0.00711
29	0.00825	0.00583	0.00715	0.00702	0.00720	0.00627	0.00447	0.00867	0.00823	0.01126	0.01643	0.03232	0.01830	0.62393	0.16481	0.00585	0.04949	0.00750	0.00324	0.00379
30	0.00818	0.00595	0.00756	0.00785	0.00898	0.00569	0.00593	0.03973	0.01341	0.01807	0.28093	0.25471	0.10720	0.06009	0.00812	0.00226	0.00358	0.15139	0.00537	0.00501
31	0.06613	0.14499	0.01839	0.07421	0.14277	0.25271	0.01137	0.11107	0.06341	0.04896	0.01081	0.01219	0.00854	0.00566	0.00492	0.00154	0.00717	0.00420	0.00344	0.00752
32	0.08142	0.26772	0.01923	0.01264	0.05710	0.30708	0.00991	0.08846	0.01447	0.04755	0.00969	0.01087	0.00789	0.00548	0.00448	0.00141	0.00720	0.00369	0.03662	0.00709
33	0.07432	0.04124	0.08765	0.19163	0.32788	0.05126	0.04437	0.03996	0.05637	0.01808	0.01070	0.01351	0.00845	0.00534	0.00529	0.00170	0.00684	0.00472	0.00295	0.00774
34	0.05689	0.10906	0.07557	0.04280	0.03657	0.04604	0.33383	0.07773	0.02932	0.03122	0.05175	0.01573	0.01111	0.03767	0.00675	0.00187	0.01992	0.00562	0.00329	0.00725

[dist]
# distance from previous block
# <min> <max>
0	1

[block]
# block no. 7 follows, 43 sequences, length 22
# corresponding to MSA columns:
# 366-387
name=unknown_H
#
# <colnr> <probs for GDERKNQSTAVLIFYWHMCP>
#	G	D	E	R	K	N	Q	S	T	A	V	L	I	F	Y	W	H	M	C	P
0	0.01396	0.09739	0.11522	0.04031	0.24867	0.10284	0.03481	0.06371	0.10206	0.01871	0.07100	0.01684	0.03813	0.00626	0.00537	0.00164	0.00650	0.00529	0.00351	0.00777
1	0.07379	0.00828	0.01093	0.01044	0.04198	0.00814	0.06290	0.05819	0.07263	0.01786	0.04134	0.36583	0.02352	0.06816	0.00761	0.00212	0.00441	0.00998	0.00447	0.10740
2	0.09516	0.11318	0.18423	0.01240	0.01735	0.03421	0.06407	0.18231	0.01568	0.14358	0.05766	0.01478	0.01150	0.00686	0.02177	0.00180	0.00645	0.00484	0.00417	0.00798
3	0.04787	0.02916	0.14806	0.25607	0.16646	0.07375	0.04011	0.07778	0.02974	0.01785	0.01021	0.01319	0.00791	0.00571	0.00609	0.00176	0.05333	0.00465	0.00290	0.00739
4	0.01204	0.01025	0.01176	0.00870	0.01340	0.00842	0.00694	0.03782	0.09966	0.01915	0.01143	0.01261	0.00926	0.00458	0.00432	0.00097	0.00419	0.00368	0.00362	0.71718
5	0.00716	0.00565	0.00647	0.00652	0.00799	0.00504	0.00479	0.00922	0.03167	0.01728	0.27237	0.17329	0.40554	0.01358	0.00661	0.00189	0.00285	0.01171	0.00545	0.00492
6	0.01359	0.01308	0.02206	0.03250	0.71292	0.01345	0.01662	0.01672	0.01229	0.01773	0.01018	0.01359	0.00866	0.00530	0.00645	0.00170	0.06695	0.00493	0.00272	0.00856
7	0.00803	0.00546	0.00650	0.00650	0.00666	0.00562	0.00393	0.00835	0.00819	0.01108	0.01703	0.03390	0.01912	0.68194	0.15023	0.00594	0.00690	0.00771	0.00329	0.00361
8	0.02485	0.00943	0.01285	0.00985	0.01414	0.00814	0.00814	0.02699	0.01585	0.77465	0.02185	0.01885	0.01371	0.00685	0.00557	0.00171	0.00471	0.00557	0.00685	0.00943
9	0.00944	0.00602	0.00786	0.00720	0.00881	0.00549	0.00547	0.01196	0.01558	0.09477	0.66964	0.03963	0.07473	0.01099	0.00644	0.00174	0.00282	0.00965	0.00614	0.00561
10	0.67401	0.01044	0.00912	0.00782	0.01142	0.01153	0.00644	0.01851	0.01076	0.18079	0.01065	0.01105	0.00760	0.00550	0.00387	0.00171	0.00437	0.00353	0.00414	0.00671
11	0.00794	0.00579	0.00819	0.00816	0.00895	0.00648	0.00604	0.00953	0.00914	0.01297	0.06199	0.02612	0.01759	0.20564	0.57125	0.00769	0.01202	0.00665	0.00325	0.00462
12	0.01988	0.07441	0.01756	0.01446	0.01764	0.66885	0.05419	0.04184	0.01555	0.01436	0.00879	0.01030	0.00727	0.00561	0.00501	0.00144	0.00959	0.00374	0.00289	0.00661
13	0.01130	0.01052	0.01729	0.64099	0.13822	0.01260	0.01526	0.03477	0.03599	0.01554	0.01043	0.01477	0.00794	0.00555	0.00553	0.00181	0.00714	0.00497	0.00268	0.00669
14	0.01066	0.01005	0.01698	0.74458	0.08403	0.01236	0.01548	0.01433	0.01117	0.01440	0.00988	0.01470	0.00747	0.00550	0.00553	0.00183	0.00733	0.00492	0.00248	0.00632
15	0.84448	0.01071	0.00814	0.00728	0.01071	0.01242	0.00600	0.01628	0.00943	0.02485	0.00771	0.00900	0.00600	0.00514	0.00343	0.00171	0.00428	0.00300	0.00343	0.00600
16	0.00906	0.00626	0.00715	0.00697	0.00878	0.00567	0.00522	0.01142	0.05759	0.08997	0.11354	0.15553	0.41925	0.04469	0.00737	0.00206	0.00331	0.03543	0.00536	0.00537
17	0.03475	0.17839	0.58668	0.01492	0.04593	0.01461	0.01783	0.01730	0.01158	0.01689	0.00946	0.01114	0.00706	0.00515	0.00489	0.00164	0.00759	0.00387	0.00239	0.00794
18	0.07568	0.12285	0.53245	0.01380	0.02058	0.01407	0.01657	0.01875	0.10152	0.01821	0.01100	0.01221	0.00814	0.00546	0.00495	0.00169	0.00715	0.00413	0.00282	0.00795
19	0.01410	0.01264	0.05741	0.01365	0.09622	0.01292	0.01015	0.07896	0.48592	0.05686	0.02204	0.02170	0.06215	0.00759	0.00569	0.00184	0.00490	0.02165	0.00514	0.00848
20	0.01298	0.01904	0.35082	0.01876	0.17307	0.01197	0.10057	0.04239	0.02910	0.08084	0.05002	0.06027	0.01231	0.00635	0.00566	0.00177	0.00699	0.00571	0.00337	0.00802
21	0.12145	0.01108	0.01216	0.01354	0.12293	0.08863	0.00939	0.08761	0.06300	0.03716	0.03539	0.12330	0.03714	0.01006	0.00601	0.00197	0.00542	0.20274	0.00445	0.00657

[dist]
# distance from previous block
# <min> <max>
2	14

[block]
# block no. 8 follows, 43 sequences, length 44
# corresponding to MSA columns:
# 402-445
name=unknown_I
#
# <colnr> <probs for GDERKNQSTAVLIFYWHMCP>
#	G	D	E	R	K	N	Q	S	T	A	V	L	I	F	Y	W	H	M	C	P
0	0.05521	0.05212	0.05003	0.01006	0.01427	0.03000	0.00857	0.14367	0.08849	0.20118	0.06935	0.01717	0.02936	0.00642	0.00509	0.00149	0.00492	0.00508	0.00489	0.20264
1	0.00756	0.00561	0.00714	0.00791	0.00869	0.00545	0.00554	0.01008	0.07523	0.01623	0.14409	0.58083	0.05506	0.01545	0.00687	0.00214	0.00326	0.03253	0.00533	0.00499
2	0.00725	0.00511	0.00666	0.00772	0.00810	0.00489	0.00528	0.00823	0.01041	0.01382	0.02802	0.57331	0.03308	0.15898	0.01094	0.00285	0.00383	0.10233	0.00481	0.00437
3	0.18093	0.60179	0.05373	0.00939	0.01396	0.03588	0.00923	0.01668	0.01100	0.01558	0.00781	0.00904	0.00688	0.00486	0.00363	0.00132	0.00577	0.00303	0.00259	0.00691
4	0.01077	0.01016	0.01717	0.71997	0.10782	0.01239	0.01553	0.01442	0.01122	0.01453	0.00990	0.01466	0.00751	0.00548	0.00553	0.00183	0.00731	0.00492	0.00249	0.00640
5	0.09831	0.16156	0.08584	0.03458	0.03038	0.29069	0.02563	0.04885	0.02664	0.01668	0.01145	0.01273	0.04449	0.00572	0.00468	0.00145	0.00721	0.00405	0.00308	0.08599
6	0.01331	0.01664	0.18625	0.02756	0.47310	0.01312	0.12003	0.01770	0.02833	0.03481	0.01093	0.01371	0.00862	0.00506	0.00559	0.00171	0.00722	0.00502	0.00282	0.00848
7	0.01032	0.00516	0.00516	0.00516	0.00645	0.00516	0.00387	0.01290	0.01161	0.02065	0.01807	0.02065	0.01420	0.00645	0.00387	0.00129	0.00258	0.00516	0.83611	0.00516
8	0.00778	0.00541	0.00596	0.00596	0.00630	0.00524	0.00351	0.00803	0.00888	0.01150	0.02441	0.03931	0.15489	0.66288	0.02429	0.00474	0.00491	0.00871	0.00368	0.00359
9	0.07240	0.03002	0.15198	0.11315	0.17196	0.01439	0.01388	0.20225	0.04578	0.03901	0.01121	0.01321	0.00853	0.00611	0.00650	0.00177	0.08153	0.00469	0.00356	0.00804
10	0.01006	0.00657	0.00823	0.00752	0.00934	0.00618	0.00574	0.01353	0.07643	0.10495	0.53540	0.05560	0.11693	0.01092	0.00637	0.00177	0.00302	0.00951	0.00603	0.00591
11	0.00784	0.00566	0.00740	0.00697	0.00827	0.00523	0.00523	0.01045	0.01568	0.02221	0.76789	0.04137	0.05226	0.01132	0.00653	0.00174	0.00261	0.01002	0.00610	0.00523
12	0.02391	0.00964	0.01282	0.00997	0.01416	0.00862	0.00819	0.02720	0.07914	0.71080	0.02191	0.01900	0.01398	0.00691	0.00558	0.00173	0.00468	0.00563	0.00675	0.00937
13	0.17771	0.01250	0.08544	0.01121	0.04190	0.01090	0.00956	0.12146	0.02918	0.42008	0.01649	0.01540	0.01092	0.00629	0.00513	0.00171	0.00521	0.00485	0.00543	0.00862
14	0.09171	0.00944	0.01234	0.00957	0.01372	0.00842	0.00789	0.02572	0.01532	0.69507	0.03857	0.01858	0.01400	0.00682	0.00542	0.00171	0.00463	0.00547	0.00656	0.00904
15	0.00770	0.00564	0.00714	0.00677	0.00809	0.00517	0.00503	0.01007	0.01503	0.02092	0.65608	0.04255	0.13405	0.04262	0.00738	0.00190	0.00274	0.01013	0.00588	0.00509
16	0.01374	0.01362	0.02242	0.02992	0.58587	0.03824	0.08587	0.01735	0.03812	0.01768	0.01058	0.01381	0.00884	0.00543	0.00665	0.00173	0.07388	0.00508	0.00282	0.00834
17	0.09037	0.20389	0.15551	0.01370	0.04715	0.01611	0.07474	0.19644	0.01507	0.06717	0.01070	0.01200	0.00814	0.00580	0.00577	0.00164	0.05998	0.00433	0.00356	0.00793
18	0.00950	0.00601	0.00769	0.00718	0.00881	0.00541	0.00541	0.01174	0.01479	0.10660	0.51394	0.11275	0.14539	0.01176	0.00647	0.00180	0.00294	0.01028	0.00596	0.00556
19	0.01294	0.00778	0.00957	0.00844	0.01083	0.00758	0.00655	0.01793	0.16511	0.19993	0.37180	0.05149	0.08734	0.00984	0.00614	0.00178	0.00349	0.00847	0.00609	0.00687
20	0.01464	0.01687	0.21895	0.01338	0.06561	0.01247	0.01225	0.26563	0.01670	0.02378	0.03819	0.01337	0.00991	0.00559	0.00508	0.00144	0.00598	0.00442	0.00386	0.25187
21	0.01548	0.51014	0.05054	0.01084	0.01487	0.20924	0.00993	0.01736	0.01215	0.01331	0.00867	0.01048	0.00775	0.00850	0.07813	0.00200	0.00786	0.00343	0.00255	0.00677
22	0.01855	0.01298	0.01425	0.01119	0.01503	0.01392	0.00915	0.53966	0.02278	0.09363	0.10057	0.02063	0.08665	0.00788	0.00575	0.00169	0.00529	0.00622	0.00567	0.00851
23	0.01059	0.00792	0.00996	0.01015	0.07461	0.00779	0.00710	0.10043	0.05281	0.04718	0.39733	0.03683	0.16572	0.01052	0.00629	0.00178	0.00365	0.03754	0.00554	0.00624
24	0.00784	0.00566	0.00740	0.00697	0.00827	0.00523	0.00523	0.01045	0.01568	0.02221	0.76789	0.04137	0.05226	0.01132	0.00653	0.00174	0.00261	0.01002	0.00610	0.00523
25	0.01481	0.80869	0.02902	0.00948	0.01421	0.02191	0.00948	0.01658	0.01125	0.01303	0.00770	0.00888	0.00711	0.00474	0.00355	0.00118	0.00592	0.00296	0.00237	0.00711
26	0.00675	0.00482	0.00643	0.00771	0.00803	0.00450	0.00514	0.00771	0.01060	0.01414	0.03053	0.80175	0.03663	0.01735	0.00707	0.00225	0.00321	0.01574	0.00514	0.00450
27	0.01380	0.01308	0.01923	0.11601	0.47366	0.04334	0.01462	0.03829	0.17437	0.01898	0.01297	0.01518	0.01032	0.00564	0.00550	0.00171	0.00632	0.00517	0.00341	0.00839
28	0.01935	0.07150	0.02765	0.01226	0.01615	0.12192	0.01012	0.48899	0.03826	0.04632	0.01275	0.01385	0.00966	0.03697	0.00647	0.00176	0.02657	0.00480	0.02627	0.00838
29	0.01148	0.00984	0.01148	0.00820	0.01312	0.00738	0.00656	0.01395	0.01148	0.01805	0.00984	0.01148	0.00820	0.00410	0.00410	0.00082	0.00410	0.00328	0.00328	0.83922
30	0.01138	0.02600	0.64491	0.01723	0.05281	0.01287	0.10751	0.01741	0.01196	0.01767	0.02376	0.01269	0.00806	0.00529	0.00545	0.00176	0.00816	0.00452	0.00248	0.00807
31	0.00743	0.00538	0.00713	0.00798	0.00880	0.00507	0.00593	0.00911	0.01223	0.01637	0.18278	0.44190	0.08059	0.01548	0.00706	0.00219	0.00348	0.17099	0.00533	0.00479
32	0.03479	0.00947	0.01090	0.00900	0.01193	0.00963	0.00720	0.22877	0.03707	0.18020	0.21162	0.02439	0.04938	0.00811	0.00552	0.00165	0.00413	0.00666	0.14221	0.00738
33	0.00751	0.00565	0.00694	0.00662	0.00807	0.00508	0.00496	0.00981	0.01489	0.02035	0.58503	0.04443	0.23629	0.01202	0.00654	0.00177	0.00266	0.01045	0.00585	0.00508
34	0.00699	0.00506	0.00658	0.00771	0.00824	0.00473	0.00535	0.00810	0.01088	0.01431	0.03208	0.63862	0.09773	0.04697	0.00789	0.00236	0.00344	0.08336	0.00507	0.00453
35	0.00750	0.00554	0.00701	0.00687	0.00812	0.00505	0.00506	0.00971	0.01454	0.02005	0.56305	0.14513	0.15678	0.01253	0.00661	0.00183	0.00272	0.01103	0.00583	0.00505
36	0.01111	0.02865	0.77667	0.01579	0.02397	0.01286	0.02046	0.01754	0.01169	0.01754	0.00994	0.01169	0.00702	0.00526	0.00526	0.00175	0.00818	0.00409	0.00234	0.00818
37	0.00710	0.00508	0.00678	0.00780	0.00835	0.00476	0.00546	0.00845	0.01158	0.01560	0.14633	0.62225	0.03870	0.01624	0.00703	0.00219	0.00327	0.07308	0.00529	0.00466
38	0.00684	0.00489	0.00651	0.00765	0.00805	0.00456	0.00515	0.00794	0.01103	0.01482	0.09317	0.73715	0.03796	0.01684	0.00702	0.00221	0.00316	0.01526	0.00522	0.00456
39	0.01148	0.00984	0.01148	0.00820	0.01312	0.00738	0.00656	0.01395	0.01148	0.01805	0.00984	0.01148	0.00820	0.00410	0.00410	0.00082	0.00410	0.00328	0.00328	0.83922
40	0.00686	0.00514	0.00638	0.00709	0.00793	0.00465	0.00493	0.00818	0.01186	0.01556	0.14819	0.50436	0.21745	0.01563	0.00686	0.00208	0.00302	0.01389	0.00529	0.00465
41	0.01986	0.01367	0.01512	0.01169	0.01583	0.01464	0.00960	0.57118	0.02334	0.11711	0.08589	0.01653	0.01393	0.00702	0.00558	0.00164	0.00553	0.00547	0.00566	0.04071
42	0.55777	0.01040	0.01095	0.25502	0.01947	0.01226	0.00902	0.01591	0.01013	0.04297	0.00879	0.01110	0.00666	0.00532	0.00415	0.00176	0.00527	0.00368	0.00322	0.00614
43	0.00896	0.00588	0.00747	0.00707	0.00862	0.00531	0.00530	0.01116	0.01467	0.08412	0.51183	0.12108	0.16348	0.01201	0.00651	0.00181	0.00289	0.01051	0.00591	0.00542

[dist]
# distance from previous block
# <min> <max>
1	3

[block]
# block no. 9 follows, 43 sequences, length 33
# corresponding to MSA columns:
# 449-472,484-492
name=unknown_J
#
# <colnr> <probs for GDERKNQSTAVLIFYWHMCP>
#	G	D	E	R	K	N	Q	S	T	A	V	L	I	F	Y	W	H	M	C	P
0	0.01899	0.01460	0.03475	0.01276	0.03196	0.01565	0.01040	0.56823	0.11659	0.04633	0.01550	0.04578	0.01192	0.00729	0.00565	0.00173	0.00578	0.02164	0.00542	0.00901
1	0.01182	0.00787	0.00951	0.02322	0.01121	0.00785	0.00671	0.13481	0.04987	0.10111	0.02604	0.36426	0.08322	0.06343	0.02203	0.00231	0.00438	0.02738	0.00514	0.03781
2	0.00750	0.00559	0.00697	0.00675	0.00810	0.00506	0.00502	0.00974	0.01468	0.02015	0.56962	0.10203	0.19370	0.01232	0.00658	0.00181	0.00270	0.01079	0.00583	0.00506
3	0.04646	0.00747	0.00950	0.00809	0.01066	0.00692	0.00638	0.01780	0.04492	0.30326	0.37265	0.02930	0.03175	0.00889	0.00581	0.00170	0.00353	0.00756	0.07039	0.00696
4	0.41721	0.01004	0.01060	0.00862	0.01250	0.01019	0.00711	0.02186	0.01278	0.41571	0.01508	0.01413	0.01002	0.00603	0.00454	0.00171	0.00451	0.00434	0.00521	0.00778
5	0.00779	0.00566	0.00733	0.00691	0.00824	0.00520	0.00519	0.01035	0.01556	0.02192	0.73950	0.04185	0.08083	0.01143	0.00653	0.00175	0.00262	0.01008	0.00606	0.00520
