[name]
unknown

[dist]
# distance from previous block
# <min> <max>
1	43

[block]
# block no. 0 follows, 43 sequences, length 24
# corresponding to MSA columns:
# 61-84
name=unknown_A
#
# <colnr> <probs for GDERKNQSTAVLIFYWHMCP>
#	G	D	E	R	K	N	Q	S	T	A	V	L	I	F	Y	W	H	M	C	P
0	0.07229	0.01010	0.01262	0.03256	0.09156	0.01044	0.02972	0.20151	0.04802	0.04162	0.04785	0.23673	0.01913	0.03062	0.00634	0.00188	0.00483	0.00814	0.02618	0.06785
1	0.00988	0.00699	0.00847	0.03334	0.01032	0.00699	0.00603	0.07569	0.06704	0.05319	0.11758	0.32718	0.09020	0.13444	0.00979	0.00249	0.00399	0.01085	0.00502	0.02051
2	0.01061	0.00700	0.00864	0.00832	0.00976	0.00697	0.00609	0.05086	0.06173	0.10167	0.11585	0.31468	0.08191	0.11644	0.00978	0.00244	0.03461	0.02703	0.00513	0.02049
3	0.03793	0.00733	0.02184	0.04122	0.01093	0.00721	0.00654	0.04769	0.03514	0.10472	0.04308	0.33358	0.06650	0.11766	0.03182	0.00264	0.03128	0.01022	0.03707	0.00559
4	0.04336	0.00649	0.00796	0.00768	0.00891	0.00631	0.00539	0.05035	0.01170	0.12397	0.08553	0.28159	0.02533	0.20987	0.01283	0.06503	0.00421	0.00971	0.02865	0.00516
5	0.08350	0.00661	0.00752	0.00729	0.00874	0.00645	0.00516	0.02984	0.02766	0.08332	0.06767	0.25708	0.07499	0.19434	0.01096	0.00266	0.00395	0.00949	0.07702	0.03578
6	0.00951	0.00624	0.00731	0.00754	0.00829	0.02561	0.00503	0.02945	0.01083	0.07536	0.03809	0.40274	0.02740	0.28070	0.01386	0.00318	0.00428	0.01132	0.02852	0.00472
7	0.03274	0.00713	0.00834	0.00811	0.00973	0.00711	0.00589	0.05124	0.10916	0.08119	0.07591	0.33575	0.07996	0.08692	0.00825	0.00226	0.00379	0.01051	0.05117	0.02484
8	0.01002	0.00676	0.00800	0.00788	0.00926	0.00665	0.00567	0.09567	0.03646	0.05863	0.08836	0.36656	0.11314	0.09651	0.00868	0.00232	0.00375	0.01124	0.05898	0.00546
9	0.01245	0.00812	0.00956	0.00896	0.01078	0.00835	0.00659	0.13861	0.10668	0.10776	0.02357	0.35862	0.02407	0.10631	0.00884	0.00237	0.00425	0.01023	0.03753	0.00633
10	0.01042	0.00680	0.00830	0.00820	0.00942	0.00678	0.00585	0.10096	0.01261	0.07694	0.02614	0.43164	0.07304	0.11832	0.01001	0.02301	0.02189	0.01148	0.03284	0.00536
11	0.00919	0.00677	0.00775	0.00760	0.00897	0.00659	0.00540	0.11363	0.01303	0.01722	0.05468	0.32931	0.19477	0.14526	0.01007	0.00252	0.00387	0.01126	0.02585	0.02625
12	0.01136	0.00784	0.00902	0.00825	0.01006	0.00801	0.00616	0.12994	0.05652	0.07407	0.06952	0.17778	0.17814	0.13148	0.02341	0.00253	0.03019	0.00931	0.05053	0.00589
13	0.01505	0.01087	0.01199	0.01005	0.01304	0.03118	0.00787	0.21034	0.15969	0.09834	0.03881	0.06872	0.03685	0.06744	0.03019	0.02337	0.02575	0.00633	0.03722	0.09691
14	0.04280	0.01070	0.01195	0.03270	0.01370	0.02796	0.00804	0.21107	0.11037	0.10638	0.06225	0.08812	0.05992	0.02328	0.02660	0.00194	0.02543	0.00664	0.03995	0.09020
15	0.02023	0.01318	0.01448	0.01141	0.01531	0.03475	0.00927	0.46059	0.04678	0.20094	0.04148	0.04095	0.01324	0.02788	0.00617	0.00178	0.00554	0.00571	0.02153	0.00878
16	0.01354	0.00907	0.01135	0.04136	0.01316	0.00947	0.02381	0.16701	0.07418	0.12921	0.09738	0.23018	0.05787	0.02439	0.02595	0.00213	0.03054	0.00896	0.02363	0.00683
17	0.29834	0.01031	0.01156	0.00921	0.01322	0.01025	0.00760	0.07825	0.01448	0.46828	0.01648	0.01514	0.01081	0.00627	0.00485	0.00171	0.00467	0.00467	0.00561	0.00828
18	0.00805	0.00537	0.00604	0.00604	0.00604	0.00537	0.00336	0.00805	0.00805	0.01074	0.01745	0.03624	0.02013	0.80536	0.02819	0.00537	0.00537	0.00805	0.00336	0.00336
19	0.01290	0.01547	0.07291	0.04935	0.05330	0.01386	0.66135	0.01758	0.01291	0.01762	0.01106	0.01471	0.00830	0.00474	0.00640	0.00185	0.00912	0.00629	0.00276	0.00751
20	0.02051	0.01501	0.01618	0.01248	0.01670	0.01659	0.01026	0.71709	0.02515	0.03371	0.01312	0.01346	0.00943	0.00724	0.00630	0.04128	0.00603	0.00498	0.00539	0.00909
21	0.01481	0.80869	0.02902	0.00948	0.01421	0.02191	0.00948	0.01658	0.01125	0.01303	0.00770	0.00888	0.00711	0.00474	0.00355	0.00118	0.00592	0.00296	0.00237	0.00711
22	0.01111	0.02865	0.77667	0.01579	0.02397	0.01286	0.02046	0.01754	0.01169	0.01754	0.00994	0.01169	0.00702	0.00526	0.00526	0.00175	0.00818	0.00409	0.00234	0.00818
23	0.00675	0.00482	0.00643	0.00771	0.00803	0.00450	0.00514	0.00771	0.01060	0.01414	0.03053	0.80175	0.03663	0.01735	0.00707	0.00225	0.00321	0.01574	0.00514	0.00450

[dist]
# distance from previous block
# <min> <max>
1	4

[block]
# block no. 1 follows, 43 sequences, length 13
# corresponding to MSA columns:
# 89-101
name=unknown_B
#
# <colnr> <probs for GDERKNQSTAVLIFYWHMCP>
#	G	D	E	R	K	N	Q	S	T	A	V	L	I	F	Y	W	H	M	C	P
0	0.01524	0.70953	0.07321	0.00988	0.01480	0.02047	0.01005	0.01732	0.01158	0.06282	0.00876	0.00970	0.00753	0.00491	0.00379	0.00125	0.00598	0.00320	0.00266	0.00732
1	0.01241	0.30266	0.51404	0.01357	0.02054	0.01604	0.01660	0.01720	0.01154	0.01596	0.00915	0.01071	0.00705	0.00508	0.00466	0.00155	0.00739	0.00370	0.00235	0.00781
2	0.01111	0.02865	0.77667	0.01579	0.02397	0.01286	0.02046	0.01754	0.01169	0.01754	0.00994	0.01169	0.00702	0.00526	0.00526	0.00175	0.00818	0.00409	0.00234	0.00818
3	0.00815	0.00527	0.00620	0.00628	0.00630	0.00525	0.00363	0.00794	0.00812	0.01083	0.01739	0.08174	0.01999	0.66842	0.02614	0.09835	0.00517	0.00817	0.00336	0.00332
4	0.43945	0.01547	0.24920	0.00985	0.01443	0.01131	0.01037	0.01559	0.01110	0.02186	0.11452	0.01580	0.03858	0.00633	0.00454	0.00174	0.00523	0.00460	0.00351	0.00653
5	0.30161	0.00790	0.00831	0.00901	0.04957	0.00839	0.00620	0.04687	0.01101	0.01898	0.02123	0.37337	0.05681	0.04860	0.00660	0.00213	0.00399	0.00964	0.00435	0.00544
6	0.01198	0.01740	0.34507	0.01213	0.01700	0.01063	0.01302	0.09050	0.07939	0.06344	0.11024	0.10810	0.04651	0.00857	0.00586	0.00185	0.00586	0.04087	0.00421	0.00739
7	0.62852	0.01076	0.01063	0.07995	0.01449	0.01193	0.04757	0.01590	0.01001	0.02271	0.00834	0.01013	0.00651	0.00503	0.00387	0.00163	0.00482	0.00340	0.00329	0.10051
8	0.25631	0.05406	0.06362	0.05328	0.05188	0.01192	0.04973	0.10329	0.01377	0.19390	0.03858	0.06181	0.01199	0.00662	0.00499	0.00173	0.00536	0.00528	0.00440	0.00748
9	0.03335	0.01087	0.01411	0.22343	0.09543	0.02443	0.01066	0.19472	0.01545	0.04854	0.04386	0.07508	0.09794	0.00766	0.00560	0.00170	0.00559	0.00646	0.00413	0.08101
10	0.01556	0.01243	0.01641	0.06830	0.06484	0.03901	0.08304	0.17004	0.03088	0.10819	0.01320	0.01463	0.02735	0.00607	0.00648	0.00155	0.08231	0.00487	0.00402	0.23083
11	0.01470	0.01092	0.01376	0.11475	0.01743	0.01148	0.02908	0.20830	0.09929	0.09370	0.04446	0.08141	0.01424	0.00920	0.04833	0.00205	0.02902	0.00606	0.00457	0.14726
12	0.01469	0.04681	0.07736	0.08047	0.04606	0.01308	0.07609	0.23921	0.09695	0.03561	0.03184	0.01708	0.05981	0.00641	0.00540	0.00159	0.00587	0.00539	0.00421	0.13607

[dist]
# distance from previous block
# <min> <max>
13	35

[block]
# block no. 2 follows, 43 sequences, length 16
# corresponding to MSA columns:
# 142-157
name=unknown_C
#
# <colnr> <probs for GDERKNQSTAVLIFYWHMCP>
#	G	D	E	R	K	N	Q	S	T	A	V	L	I	F	Y	W	H	M	C	P
0	0.09965	0.32771	0.05929	0.01010	0.01459	0.01557	0.00933	0.12282	0.03403	0.19141	0.01289	0.03302	0.00989	0.00594	0.00453	0.00149	0.00546	0.00434	0.00413	0.03382
1	0.07640	0.12762	0.21509	0.01211	0.01713	0.01500	0.01205	0.30333	0.04203	0.02431	0.02992	0.06163	0.01112	0.00666	0.00513	0.00165	0.00613	0.00512	0.00406	0.02350
2	0.01723	0.43298	0.02285	0.01091	0.01541	0.01942	0.00984	0.31181	0.07217	0.02252	0.01103	0.01151	0.00875	0.00571	0.00450	0.00143	0.00588	0.00401	0.00388	0.00815
3	0.01941	0.01755	0.01724	0.01670	0.14660	0.19860	0.01161	0.42335	0.05058	0.02647	0.01204	0.01287	0.00906	0.00616	0.00540	0.00161	0.00704	0.00469	0.00442	0.00857
4	0.01630	0.01251	0.01903	0.06543	0.45357	0.01276	0.01397	0.10406	0.07623	0.15005	0.01368	0.01517	0.01029	0.00571	0.00552	0.00169	0.00606	0.00516	0.00399	0.00882
5	0.00798	0.00573	0.00685	0.00663	0.00820	0.00507	0.00494	0.00994	0.01401	0.05199	0.38480	0.11559	0.33250	0.01275	0.00654	0.00184	0.00284	0.01101	0.00566	0.00513
6	0.01295	0.01441	0.03040	0.02197	0.02724	0.01375	0.67118	0.01833	0.06780	0.01797	0.01216	0.01559	0.00921	0.00612	0.03266	0.00211	0.00916	0.00650	0.00301	0.00748
7	0.00805	0.00537	0.00604	0.00604	0.00604	0.00537	0.00336	0.00805	0.00805	0.01074	0.01745	0.03624	0.02013	0.80536	0.02819	0.00537	0.00537	0.00805	0.00336	0.00336
8	0.01584	0.01213	0.03913	0.01126	0.01517	0.01199	0.04144	0.17394	0.27414	0.12945	0.07067	0.03293	0.01584	0.00701	0.00551	0.00165	0.00494	0.00586	0.00524	0.12586
9	0.00675	0.00482	0.00643	0.00771	0.00803	0.00450	0.00514	0.00771	0.01060	0.01414	0.03053	0.80175	0.03663	0.01735	0.00707	0.00225	0.00321	0.01574	0.00514	0.00450
10	0.01138	0.05658	0.67783	0.01577	0.02327	0.01347	0.04776	0.01728	0.01155	0.01714	0.00976	0.01174	0.00709	0.00546	0.00596	0.00177	0.05164	0.00419	0.00236	0.00800
11	0.01212	0.01212	0.01696	0.01454	0.01454	0.01696	0.01212	0.01333	0.00848	0.01333	0.00727	0.01212	0.00727	0.00969	0.01818	0.00242	0.79523	0.00485	0.00242	0.00606
12	0.02201	0.19447	0.01704	0.01022	0.01457	0.04344	0.00878	0.09360	0.01576	0.49824	0.01724	0.01567	0.01152	0.00630	0.00508	0.00158	0.00534	0.00483	0.00554	0.00877
13	0.00761	0.00518	0.00617	0.00661	0.00673	0.00507	0.00397	0.00794	0.00893	0.01191	0.02194	0.29931	0.02580	0.53456	0.02093	0.00430	0.00463	0.01070	0.00397	0.00375
14	0.77449	0.01161	0.04873	0.00781	0.01152	0.01231	0.00683	0.01669	0.00975	0.04838	0.00828	0.00945	0.00630	0.00520	0.00359	0.00172	0.00450	0.00314	0.00348	0.00622
15	0.09510	0.58521	0.02398	0.00933	0.01376	0.01870	0.00888	0.04537	0.01231	0.09752	0.03872	0.01139	0.00954	0.00533	0.00395	0.00133	0.00551	0.00359	0.00322	0.00727

[dist]
# distance from previous block
# <min> <max>
1	4

[block]
# block no. 3 follows, 43 sequences, length 18
# corresponding to MSA columns:
# 162-179
name=unknown_D
#
# <colnr> <probs for GDERKNQSTAVLIFYWHMCP>
#	G	D	E	R	K	N	Q	S	T	A	V	L	I	F	Y	W	H	M	C	P
0	0.00805	0.00540	0.00618	0.00618	0.00623	0.00544	0.00353	0.00814	0.00809	0.01084	0.01732	0.03555	0.01983	0.76860	0.06454	0.00554	0.00582	0.00795	0.00334	0.00343
1	0.01570	0.01398	0.11157	0.01138	0.01525	0.01280	0.01007	0.33613	0.13146	0.06409	0.12898	0.05022	0.01846	0.04617	0.00682	0.00192	0.00537	0.00641	0.00517	0.00805
2	0.01268	0.05714	0.01623	0.08858	0.01802	0.01043	0.10402	0.06061	0.01256	0.03470	0.01031	0.01239	0.00826	0.00471	0.00499	0.00119	0.02484	0.00404	0.00328	0.51103
3	0.02249	0.00893	0.01192	0.00931	0.01328	0.00769	0.00763	0.02453	0.01544	0.67665	0.02627	0.02329	0.11108	0.00778	0.00570	0.00173	0.00447	0.00636	0.00663	0.00881
4	0.84448	0.01071	0.00814	0.00728	0.01071	0.01242	0.00600	0.01628	0.00943	0.02485	0.00771	0.00900	0.00600	0.00514	0.00343	0.00171	0.00428	0.00300	0.00343	0.00600
5	0.01419	0.01202	0.01227	0.01095	0.01388	0.05716	0.00849	0.09415	0.51693	0.04256	0.08171	0.07482	0.01977	0.00830	0.00576	0.00184	0.00465	0.00692	0.00550	0.00813
6	0.00805	0.00537	0.00604	0.00604	0.00604	0.00537	0.00336	0.00805	0.00805	0.01074	0.01745	0.03624	0.02013	0.80536	0.02819	0.00537	0.00537	0.00805	0.00336	0.00336
7	0.01788	0.01394	0.01483	0.01210	0.01597	0.01569	0.00976	0.43698	0.34658	0.02978	0.01733	0.01651	0.01268	0.00703	0.00558	0.00176	0.00535	0.00554	0.00558	0.00913
8	0.02485	0.00943	0.01285	0.00985	0.01414	0.00814	0.00814	0.02699	0.01585	0.77465	0.02185	0.01885	0.01371	0.00685	0.00557	0.00171	0.00471	0.00557	0.00685	0.00943
9	0.00998	0.00920	0.01530	0.69087	0.03426	0.01130	0.01406	0.01332	0.01101	0.01415	0.01251	0.11629	0.01116	0.00706	0.00573	0.00190	0.00684	0.00632	0.00281	0.00594
10	0.00673	0.00487	0.00637	0.00757	0.00800	0.00451	0.00508	0.00773	0.01074	0.01419	0.03221	0.75256	0.08474	0.01713	0.00703	0.00222	0.00319	0.01548	0.00514	0.00451
11	0.01303	0.01246	0.02125	0.19313	0.61701	0.01298	0.01666	0.01640	0.01229	0.01727	0.01030	0.01393	0.00848	0.00506	0.00549	0.00169	0.00675	0.00493	0.00268	0.00822
12	0.01556	0.01271	0.01355	0.01142	0.01505	0.01418	0.00907	0.22427	0.50087	0.02594	0.01901	0.01792	0.01417	0.00700	0.00549	0.00173	0.00482	0.00567	0.00542	0.07615
13	0.01497	0.01050	0.01204	0.01006	0.01262	0.01127	0.00776	0.31899	0.11252	0.02242	0.01304	0.01604	0.01067	0.03283	0.01194	0.30667	0.00526	0.00506	0.00420	0.06115
14	0.04561	0.01345	0.01415	0.01128	0.01518	0.08078	0.00911	0.36273	0.01980	0.24849	0.01649	0.07825	0.01253	0.00735	0.00550	0.00167	0.00567	0.00578	0.00551	0.04067
15	0.01117	0.01082	0.01535	0.07642	0.01548	0.01470	0.01134	0.01258	0.00898	0.01349	0.01069	0.11446	0.01125	0.01123	0.03693	0.00253	0.60767	0.00629	0.00279	0.00583
16	0.84448	0.01071	0.00814	0.00728	0.01071	0.01242	0.00600	0.01628	0.00943	0.02485	0.00771	0.00900	0.00600	0.00514	0.00343	0.00171	0.00428	0.00300	0.00343	0.00600
17	0.43595	0.01181	0.01194	0.05433	0.01444	0.01382	0.00849	0.16328	0.05886	0.06075	0.01047	0.01177	0.00796	0.00628	0.00611	0.00181	0.10688	0.00406	0.00396	0.00703

[dist]
# distance from previous block
# <min> <max>
0	10

[block]
# block no. 4 follows, 43 sequences, length 42
# corresponding to MSA columns:
# 190-231
name=unknown_E
#
# <colnr> <probs for GDERKNQSTAVLIFYWHMCP>
#	G	D	E	R	K	N	Q	S	T	A	V	L	I	F	Y	W	H	M	C	P
0	0.01310	0.01485	0.03216	0.02388	0.06645	0.01396	0.71361	0.01770	0.01305	0.01776	0.01116	0.01488	0.00842	0.00468	0.00648	0.00186	0.00920	0.00645	0.00280	0.00754
1	0.01429	0.01345	0.08528	0.01159	0.01531	0.01343	0.00985	0.07073	0.59513	0.05712	0.02153	0.02003	0.03249	0.00737	0.00561	0.00185	0.00483	0.00607	0.00536	0.00869
2	0.00673	0.00489	0.00635	0.00751	0.00798	0.00452	0.00505	0.00773	0.01080	0.01422	0.03296	0.73058	0.10623	0.01703	0.00702	0.00221	0.00317	0.01536	0.00514	0.00452
3	0.05133	0.01196	0.01327	0.01325	0.08616	0.01366	0.00942	0.02765	0.65569	0.02276	0.02072	0.01947	0.01564	0.00716	0.00552	0.00185	0.00459	0.00599	0.00526	0.00864
4	0.01371	0.01316	0.02248	0.03399	0.77081	0.01316	0.01700	0.01700	0.01261	0.01809	0.01042	0.01371	0.00877	0.00493	0.00548	0.00164	0.00658	0.00493	0.00274	0.00877
5	0.00688	0.00491	0.00658	0.00786	0.00824	0.00461	0.00537	0.00794	0.01073	0.01428	0.03045	0.75775	0.03635	0.01723	0.00710	0.00227	0.00333	0.05847	0.00514	0.00453
6	0.01046	0.00984	0.01661	0.79205	0.03814	0.01230	0.01538	0.01415	0.01107	0.01415	0.00984	0.01477	0.00738	0.00554	0.00554	0.00185	0.00738	0.00492	0.00246	0.00615
7	0.00783	0.00528	0.00611	0.00633	0.00638	0.00522	0.00366	0.00800	0.00849	0.01132	0.01969	0.16732	0.02296	0.67044	0.02457	0.00484	0.00500	0.00937	0.00366	0.00355
8	0.01860	0.01601	0.08843	0.01365	0.04785	0.01594	0.01147	0.54160	0.12279	0.03065	0.01440	0.01507	0.01059	0.00672	0.00556	0.00172	0.00606	0.01865	0.00513	0.00911
9	0.01046	0.00984	0.01661	0.79205	0.03814	0.01230	0.01538	0.01415	0.01107	0.01415	0.00984	0.01477	0.00738	0.00554	0.00554	0.00185	0.00738	0.00492	0.00246	0.00615
10	0.01854	0.11440	0.03134	0.01375	0.03567	0.57247	0.01052	0.02111	0.06621	0.01438	0.01049	0.04652	0.00918	0.00622	0.00498	0.00148	0.00870	0.00428	0.00308	0.00667
11	0.04034	0.14276	0.14452	0.01309	0.08772	0.01247	0.01122	0.05261	0.06556	0.28324	0.01474	0.01453	0.01040	0.00582	0.00500	0.00156	0.00564	0.00460	0.00444	0.07975
12	0.00729	0.00505	0.00627	0.00702	0.00721	0.00486	0.00440	0.00785	0.00955	0.01273	0.02513	0.48578	0.02982	0.34261	0.01579	0.00354	0.00410	0.01257	0.00440	0.00403
13	0.01652	0.01342	0.01383	0.01172	0.01524	0.04705	0.00934	0.27308	0.43119	0.04302	0.01965	0.01931	0.02983	0.00744	0.00564	0.00180	0.00519	0.02250	0.00549	0.00873
14	0.13204	0.21933	0.30229	0.03438	0.09032	0.01500	0.03028	0.04152	0.01207	0.06126	0.00992	0.01140	0.00756	0.00521	0.00465	0.00159	0.00664	0.00392	0.00292	0.00770
15	0.03335	0.12210	0.18255	0.01042	0.01450	0.01122	0.01020	0.01830	0.14154	0.11372	0.21605	0.04793	0.02261	0.00777	0.00546	0.00169	0.00496	0.00642	0.00461	0.02458
16	0.01192	0.15841	0.58031	0.01544	0.02280	0.01449	0.08805	0.01740	0.01175	0.01680	0.00968	0.01153	0.00716	0.00512	0.00510	0.00167	0.00791	0.00413	0.00239	0.00794
17	0.01412	0.01337	0.02256	0.03228	0.69450	0.01343	0.04773	0.06080	0.01343	0.01908	0.01062	0.01374	0.00880	0.00503	0.00553	0.00166	0.00667	0.00501	0.00291	0.00876
18	0.01279	0.16636	0.33712	0.10918	0.09743	0.06614	0.04893	0.01703	0.01206	0.02940	0.02756	0.01284	0.00867	0.00623	0.02427	0.00181	0.00766	0.00435	0.00264	0.00752
19	0.03011	0.09594	0.04002	0.01800	0.22117	0.06185	0.08169	0.05279	0.01436	0.26760	0.02866	0.01635	0.03429	0.00605	0.00540	0.00164	0.00618	0.00525	0.00433	0.00832
20	0.00805	0.00537	0.00604	0.00604	0.00604	0.00537	0.00336	0.00805	0.00805	0.01074	0.01745	0.03624	0.02013	0.80536	0.02819	0.00537	0.00537	0.00805	0.00336	0.00336
21	0.01315	0.01766	0.24378	0.04890	0.38819	0.01314	0.08265	0.03235	0.05719	0.03320	0.01133	0.01376	0.00877	0.00525	0.00553	0.00172	0.00715	0.00492	0.00293	0.00843
22	0.01309	0.01757	0.20712	0.12503	0.27781	0.08278	0.06357	0.01838	0.09073	0.01745	0.01177	0.02923	0.00938	0.00566	0.00551	0.00173	0.00728	0.00505	0.00297	0.00790
23	0.00674	0.00485	0.00639	0.00762	0.00801	0.00451	0.00510	0.00772	0.01069	0.01417	0.03159	0.77070	0.06699	0.01721	0.00705	0.00223	0.00320	0.01558	0.00514	0.00451
24	0.00685	0.00490	0.00652	0.00764	0.00806	0.00457	0.00515	0.00797	0.01109	0.01491	0.10064	0.72945	0.03812	0.01678	0.00702	0.00220	0.00316	0.01520	0.00523	0.00457
25	0.01279	0.03176	0.14441	0.12967	0.35018	0.04488	0.13889	0.01670	0.01244	0.01711	0.02421	0.03139	0.00953	0.00544	0.00562	0.00172	0.00739	0.00530	0.00276	0.00782
26	0.30311	0.13630	0.21810	0.01177	0.01672	0.11140	0.04213	0.05468	0.02747	0.01990	0.00914	0.01052	0.00707	0.00529	0.00441	0.00162	0.00659	0.00367	0.00303	0.00709
27	0.01481	0.80869	0.02902	0.00948	0.01421	0.02191	0.00948	0.01658	0.01125	0.01303	0.00770	0.00888	0.00711	0.00474	0.00355	0.00118	0.00592	0.00296	0.00237	0.00711
28	0.32504	0.41591	0.09643	0.00936	0.01395	0.01736	0.00930	0.03088	0.01090	0.01833	0.00804	0.00930	0.00673	0.00498	0.00372	0.00145	0.00554	0.00313	0.00282	0.00685
29	0.00815	0.00555	0.00640	0.00634	0.00638	0.00571	0.00369	0.00824	0.00809	0.01087	0.01711	0.03517	0.01961	0.76078	0.05260	0.00541	0.02518	0.00791	0.00332	0.00347
30	0.00786	0.00592	0.00876	0.00876	0.00979	0.00683	0.00681	0.00981	0.00906	0.01294	0.01655	0.02307	0.04515	0.04040	0.75119	0.00861	0.01434	0.00617	0.00306	0.00493
31	0.01294	0.01142	0.01544	0.34201	0.09168	0.01336	0.01242	0.07770	0.32220	0.01983	0.01541	0.01700	0.01160	0.00639	0.00557	0.00183	0.00597	0.00548	0.00404	0.00772
32	0.00667	0.00562	0.00579	0.00575	0.00756	0.00473	0.00431	0.00820	0.01293	0.01568	0.12671	0.05212	0.69751	0.01376	0.00654	0.00186	0.00279	0.01152	0.00524	0.00473
33	0.01046	0.00984	0.01661	0.79205	0.03814	0.01230	0.01538	0.01415	0.01107	0.01415	0.00984	0.01477	0.00738	0.00554	0.00554	0.00185	0.00738	0.00492	0.00246	0.00615
34	0.00704	0.00507	0.00667	0.00745	0.00808	0.00470	0.00514	0.00846	0.01204	0.01635	0.23170	0.57442	0.06102	0.01562	0.00691	0.00210	0.00304	0.01408	0.00540	0.00470
35	0.06119	0.00989	0.01126	0.00828	0.01292	0.00789	0.00660	0.03795	0.01180	0.01885	0.01063	0.04191	0.00921	0.00476	0.00422	0.00096	0.00414	0.00380	0.00344	0.73030
36	0.02101	0.01437	0.01577	0.01222	0.01653	0.01564	0.01005	0.59381	0.08232	0.13777	0.01522	0.01465	0.01061	0.00675	0.00555	0.00169	0.00577	0.00517	0.00573	0.00937
37	0.01993	0.09978	0.01723	0.01436	0.04076	0.64522	0.01077	0.06061	0.01573	0.01479	0.00879	0.01018	0.00731	0.00564	0.00490	0.00142	0.00928	0.00363	0.00295	0.00672
38	0.00797	0.00589	0.00754	0.00713	0.00856	0.00540	0.00531	0.01063	0.02886	0.02105	0.62754	0.11230	0.07027	0.01158	0.00646	0.00175	0.00278	0.01024	0.00584	0.04291
39	0.00689	0.00504	0.00647	0.00735	0.00800	0.00463	0.00504	0.00815	0.01160	0.01544	0.14325	0.59830	0.12735	0.01605	0.00693	0.00213	0.00307	0.01440	0.00528	0.00463
40	0.01858	0.12622	0.01887	0.01600	0.13314	0.22527	0.01142	0.30511	0.03686	0.02274	0.01089	0.01201	0.00852	0.00596	0.00540	0.00155	0.02513	0.00434	0.00388	0.00810
41	0.01264	0.01015	0.01174	0.00883	0.01324	0.00851	0.00702	0.10499	0.03081	0.03857	0.01265	0.08031	0.01115	0.00571	0.00461	0.00109	0.00429	0.00469	0.00386	0.62516

[dist]
# distance from previous block
# <min> <max>
2	3

[block]
# block no. 5 follows, 43 sequences, length 12
# corresponding to MSA columns:
# 235-246
name=unknown_F
#
# <colnr> <probs for GDERKNQSTAVLIFYWHMCP>
#	G	D	E	R	K	N	Q	S	T	A	V	L	I	F	Y	W	H	M	C	P
0	0.04333	0.30381	0.30032	0.01380	0.06169	0.07413	0.01399	0.04093	0.01212	0.01630	0.00897	0.01065	0.00725	0.00530	0.00515	0.00152	0.04335	0.00370	0.00258	0.03111
1	0.00961	0.00851	0.00991	0.00942	0.01058	0.09733	0.03197	0.01120	0.00966	0.01266	0.01453	0.02318	0.01419	0.19566	0.50842	0.00705	0.01210	0.00612	0.00303	0.00487
2	0.00798	0.00617	0.00734	0.00696	0.00857	0.00579	0.00525	0.01135	0.07686	0.02033	0.51353	0.04287	0.24287	0.01174	0.00646	0.00179	0.00281	0.01016	0.00580	0.00537
3	0.00832	0.00604	0.00727	0.00714	0.00876	0.00561	0.00544	0.01074	0.04140	0.05234	0.26288	0.10661	0.32451	0.01511	0.06676	0.00244	0.00400	0.05402	0.00536	0.00525
4	0.02171	0.01447	0.01597	0.01225	0.01665	0.01562	0.01012	0.62751	0.02429	0.16222	0.01477	0.01425	0.01016	0.00668	0.00555	0.00167	0.00586	0.00509	0.00577	0.00942
5	0.02045	0.01470	0.01594	0.01229	0.01654	0.01612	0.01012	0.67990	0.02503	0.06451	0.05708	0.01514	0.01206	0.00693	0.00560	0.00167	0.00584	0.00530	0.00563	0.00918
6	0.00752	0.00565	0.00697	0.00664	0.00808	0.00509	0.00498	0.00984	0.01493	0.02044	0.59420	0.04428	0.22706	0.01198	0.00654	0.00177	0.00266	0.01042	0.00586	0.00509
7	0.01300	0.01244	0.02120	0.19953	0.61083	0.01297	0.01664	0.01638	0.01228	0.01723	0.01029	0.01394	0.00847	0.00507	0.00549	0.00169	0.00675	0.00493	0.00268	0.00820
8	0.07116	0.00977	0.01260	0.00978	0.01389	0.00890	0.00806	0.07771	0.01620	0.64405	0.05429	0.01890	0.01471	0.00694	0.00549	0.00171	0.00469	0.00558	0.00653	0.00904
9	0.01046	0.00984	0.01661	0.79205	0.03814	0.01230	0.01538	0.01415	0.01107	0.01415	0.00984	0.01477	0.00738	0.00554	0.00554	0.00185	0.00738	0.00492	0.00246	0.00615
10	0.01032	0.00516	0.00516	0.00516	0.00645	0.00516	0.00387	0.01290	0.01161	0.02065	0.01807	0.02065	0.01420	0.00645	0.00387	0.00129	0.00258	0.00516	0.83611	0.00516
11	0.00669	0.00506	0.00618	0.00707	0.00787	0.00455	0.00486	0.00778	0.01122	0.01439	0.03829	0.57467	0.25869	0.01634	0.00691	0.00213	0.00309	0.01451	0.00514	0.00455

[dist]
# distance from previous block
# <min> <max>
0	1

[block]
# block no. 6 follows, 43 sequences, length 48
# corresponding to MSA columns:
# 248-295
name=unknown_G
#
# <colnr> <probs for GDERKNQSTAVLIFYWHMCP>
#	G	D	E	R	K	N	Q	S	T	A	V	L	I	F	Y	W	H	M	C	P
0	0.01357	0.01004	0.01176	0.00888	0.01330	0.00848	0.00710	0.05495	0.08742	0.10972	0.04517	0.02694	0.01210	0.00541	0.00465	0.00114	0.00423	0.00442	0.00421	0.56653
1	0.05497	0.00948	0.01500	0.51781	0.04634	0.01090	0.03930	0.01485	0.01171	0.09062	0.01649	0.04969	0.08631	0.00693	0.00563	0.00184	0.00638	0.00606	0.00334	0.00636
2	0.06975	0.31022	0.25676	0.01153	0.01707	0.02895	0.01240	0.01951	0.03942	0.16850	0.01179	0.01221	0.00869	0.00547	0.00458	0.00153	0.00630	0.00397	0.00346	0.00788
3	0.31845	0.04597	0.04644	0.01285	0.08970	0.09215	0.00976	0.22246	0.03637	0.06165	0.01082	0.01168	0.00811	0.00574	0.00463	0.00165	0.00585	0.00406	0.00403	0.00765
4	0.00675	0.00482	0.00643	0.00771	0.00803	0.00450	0.00514	0.00771	0.01060	0.01414	0.03053	0.80175	0.03663	0.01735	0.00707	0.00225	0.00321	0.01574	0.00514	0.00450
5	0.01409	0.49238	0.15788	0.01563	0.16790	0.03843	0.01294	0.01698	0.01172	0.01485	0.00866	0.01037	0.00743	0.00489	0.00428	0.00138	0.00656	0.00357	0.00245	0.00761
6	0.01111	0.02865	0.77667	0.01579	0.02397	0.01286	0.02046	0.01754	0.01169	0.01754	0.00994	0.01169	0.00702	0.00526	0.00526	0.00175	0.00818	0.00409	0.00234	0.00818
7	0.01163	0.01144	0.01658	0.17045	0.01909	0.01566	0.01257	0.01333	0.00906	0.01352	0.00847	0.03598	0.00816	0.00909	0.01531	0.00230	0.61364	0.00518	0.00251	0.00603
8	0.00770	0.00535	0.00604	0.00617	0.00649	0.00518	0.00369	0.00805	0.00910	0.01189	0.03836	0.11633	0.12791	0.59900	0.02259	0.00449	0.00474	0.00938	0.00384	0.00369
9	0.00914	0.16687	0.01158	0.00737	0.00937	0.00853	0.00598	0.01143	0.01437	0.01955	0.54246	0.04748	0.09164	0.02334	0.00630	0.00171	0.00335	0.00877	0.00522	0.00552
10	0.00674	0.00560	0.00571	0.00574	0.00741	0.00478	0.00421	0.00802	0.01217	0.01457	0.05177	0.05177	0.68062	0.09273	0.00872	0.00223	0.00310	0.02459	0.00496	0.00455
11	0.01163	0.01136	0.01608	0.01378	0.01395	0.01548	0.03038	0.01283	0.00857	0.01317	0.00858	0.01484	0.00875	0.08948	0.03844	0.00287	0.67623	0.00524	0.00254	0.00580
12	0.00927	0.00687	0.00910	0.01008	0.01147	0.00705	0.00853	0.01320	0.09990	0.01710	0.02865	0.13109	0.03060	0.01459	0.00736	0.00244	0.00483	0.57724	0.00517	0.00547
13	0.01353	0.55710	0.24821	0.01131	0.01696	0.01884	0.01263	0.01668	0.01132	0.01435	0.00856	0.01007	0.00727	0.00592	0.02574	0.00157	0.00684	0.00338	0.00238	0.00736
14	0.67729	0.01105	0.01147	0.08693	0.01529	0.01257	0.08241	0.01622	0.00996	0.02306	0.00828	0.01017	0.00638	0.00513	0.00395	0.00174	0.00510	0.00355	0.00327	0.00616
15	0.19675	0.00709	0.00794	0.00722	0.00926	0.00705	0.00560	0.01299	0.01419	0.08214	0.51542	0.03271	0.06193	0.00967	0.00576	0.00174	0.00316	0.00814	0.00553	0.00571
16	0.02024	0.04899	0.01636	0.01490	0.04666	0.73037	0.01091	0.02175	0.01544	0.01372	0.00861	0.01010	0.00720	0.00565	0.00497	0.00143	0.00973	0.00360	0.00283	0.00653
17	0.00665	0.00554	0.00581	0.00591	0.00759	0.00469	0.00437	0.00809	0.01263	0.01537	0.10151	0.12691	0.64755	0.01417	0.00660	0.00190	0.00283	0.01198	0.00521	0.00469
18	0.00670	0.00500	0.00624	0.00724	0.00791	0.00454	0.00493	0.00776	0.01106	0.01432	0.03627	0.63356	0.20111	0.01660	0.00695	0.00216	0.00312	0.01483	0.00514	0.00454
19	0.19424	0.00969	0.01188	0.00932	0.01343	0.00903	0.00770	0.02478	0.01452	0.61969	0.01893	0.01681	0.01212	0.00650	0.00513	0.00171	0.00462	0.00504	0.00615	0.00872
20	0.00775	0.00566	0.00728	0.00687	0.00822	0.00519	0.00516	0.01028	0.01547	0.02171	0.71869	0.04219	0.10177	0.01151	0.00653	0.00175	0.00263	0.01013	0.00603	0.00519
21	0.10426	0.02275	0.01510	0.01327	0.01648	0.56002	0.01019	0.15975	0.01702	0.01874	0.00937	0.01051	0.00745	0.00583	0.00494	0.00150	0.00867	0.00378	0.00342	0.00695
22	0.00791	0.00593	0.00890	0.00890	0.00989	0.00692	0.00692	0.00989	0.00890	0.01286	0.01483	0.02176	0.01385	0.04154	0.78341	0.00890	0.01483	0.00593	0.00297	0.00494
23	0.67915	0.01167	0.00984	0.00838	0.01201	0.01338	0.00691	0.16407	0.01276	0.02687	0.00883	0.00986	0.00668	0.00544	0.00385	0.00170	0.00465	0.00340	0.00385	0.00668
24	0.02163	0.01357	0.01530	0.01184	0.01614	0.01443	0.00974	0.50203	0.07158	0.24086	0.01630	0.01533	0.01111	0.00676	0.00555	0.00169	0.00560	0.00523	0.00591	0.00938
25	0.09616	0.00868	0.01003	0.00805	0.01154	0.00754	0.00631	0.01481	0.04195	0.09263	0.17844	0.06585	0.02038	0.02135	0.00537	0.00141	0.00384	0.00588	0.00446	0.39530
26	0.73172	0.01053	0.00879	0.00764	0.01118	0.01183	0.00629	0.01775	0.01031	0.12800	0.00966	0.01035	0.00706	0.00538	0.00372	0.00171	0.00434	0.00335	0.00390	0.00647
27	0.13908	0.09134	0.01415	0.00975	0.01387	0.01130	0.00820	0.12522	0.01589	0.46031	0.04423	0.01648	0.01274	0.00653	0.00509	0.00165	0.00489	0.00502	0.00570	0.00855
28	0.01032	0.00516	0.00516	0.00516	0.00645	0.00516	0.00387	0.01290	0.01161	0.02065	0.01807	0.02065	0.01420	0.00645	0.00387	0.00129	0.00258	0.00516	0.83611	0.00516
29	0.01370	0.01290	0.02119	0.03400	0.02092	0.01195	0.31406	0.13413	0.03189	0.02065	0.01125	0.01349	0.00866	0.00486	0.00541	0.00144	0.00666	0.00500	0.00348	0.32438
30	0.00802	0.00605	0.00897	0.00891	0.00984	0.00709	0.00689	0.00989	0.00886	0.01278	0.01477	0.02215	0.01396	0.07317	0.73344	0.00860	0.03274	0.00600	0.00297	0.00490
31	0.01148	0.00984	0.01148	0.00820	0.01312	0.00738	0.00656	0.01395	0.01148	0.01805	0.00984	0.01148	0.00820	0.00410	0.00410	0.00082	0.00410	0.00328	0.00328	0.83922
32	0.01046	0.00984	0.01661	0.79205	0.03814	0.01230	0.01538	0.01415	0.01107	0.01415	0.00984	0.01477	0.00738	0.00554	0.00554	0.00185	0.00738	0.00492	0.00246	0.00615
33	0.01230	0.01422	0.09828	0.01606	0.02101	0.03614	0.34054	0.04459	0.01282	0.01794	0.01288	0.10199	0.01138	0.00612	0.00573	0.00160	0.00702	0.00630	0.00326	0.22983
34	0.00720	0.00515	0.00694	0.00808	0.00861	0.00493	0.00577	0.00850	0.01105	0.01476	0.06090	0.61127	0.03543	0.03185	0.03563	0.00257	0.00394	0.12772	0.00506	0.00462
35	0.01324	0.01258	0.02022	0.08759	0.60153	0.03381	0.01538	0.03297	0.01319	0.01846	0.08570	0.01642	0.01296	0.00568	0.00558	0.00166	0.00633	0.00540	0.00312	0.00817
36	0.00794	0.00622	0.00882	0.00902	0.00960	0.00653	0.03528	0.00917	0.01034	0.01408	0.04636	0.47904	0.02921	0.11474	0.06075	0.00307	0.08484	0.05586	0.00444	0.00472
37	0.01150	0.00990	0.01163	0.00837	0.01316	0.00764	0.00671	0.01393	0.01140	0.01792	0.00977	0.01150	0.00818	0.00425	0.00448	0.00086	0.02524	0.00332	0.00326	0.81695
38	0.07174	0.01415	0.10199	0.03549	0.04648	0.03191	0.01082	0.23786	0.01757	0.33792	0.01568	0.01511	0.01053	0.00641	0.00560	0.00171	0.01997	0.00496	0.00526	0.00881
39	0.01456	0.09249	0.02254	0.02940	0.61920	0.01444	0.01559	0.09149	0.01384	0.01929	0.01044	0.01319	0.00867	0.00509	0.00530	0.00160	0.00647	0.00474	0.00299	0.00867
40	0.00962	0.00481	0.00722	0.00722	0.00722	0.00481	0.00481	0.00722	0.00722	0.00962	0.00962	0.01684	0.00962	0.01924	0.02165	0.83886	0.00481	0.00481	0.00241	0.00241
41	0.01868	0.01371	0.01482	0.01188	0.01582	0.01515	0.00965	0.47528	0.22884	0.07668	0.03477	0.01711	0.02740	0.00715	0.00561	0.00173	0.00539	0.00562	0.00565	0.00905
42	0.00805	0.00537	0.00604	0.00604	0.00604	0.00537	0.00336	0.00805	0.00805	0.01074	0.01745	0.03624	0.02013	0.80536	0.02819	0.00537	0.00537	0.00805	0.00336	0.00336
43	0.01958	0.10150	0.01697	0.02902	0.05249	0.48320	0.01058	0.06792	0.06049	0.09132	0.01105	0.01188	0.00860	0.00585	0.00501	0.00149	0.00826	0.00405	0.00353	0.00722
44	0.02032	0.01515	0.01621	0.01259	0.01689	0.01683	0.01035	0.67907	0.10051	0.03371	0.01423	0.01404	0.01018	0.00674	0.00555	0.00168	0.00592	0.00512	0.00555	0.00935
45	0.01087	0.08908	0.01512	0.01190	0.01265	0.01378	0.00982	0.01228	0.00894	0.01310	0.01073	0.04881	0.01077	0.04935	0.22212	0.00415	0.44259	0.00554	0.00272	0.00569
46	0.01277	0.01102	0.01170	0.01034	0.01355	0.01210	0.00805	0.02544	0.59712	0.02174	0.02445	0.02289	0.09207	0.00777	0.00555	0.00175	0.00419	0.00646	0.00531	0.10572
47	0.00745	0.00552	0.00688	0.00679	0.00800	0.00503	0.00495	0.00949	0.01406	0.01923	0.49889	0.15317	0.18016	0.04635	0.00753	0.00199	0.00285	0.01107	0.00567	0.00494

[dist]
# distance from previous block
# <min> <max>
0	2

[block]
# block no. 7 follows, 43 sequences, length 9
# corresponding to MSA columns:
# 298-306
name=unknown_H
#
# <colnr> <probs for GDERKNQSTAVLIFYWHMCP>
#	G	D	E	R	K	N	Q	S	T	A	V	L	I	F	Y	W	H	M	C	P
0	0.00889	0.00657	0.00832	0.00880	0.00966	0.00676	0.00635	0.09978	0.01252	0.01679	0.02723	0.62519	0.03162	0.01555	0.00744	0.00220	0.04132	0.05474	0.00506	0.00521
1	0.01371	0.01316	0.02248	0.03399	0.77081	0.01316	0.01700	0.01700	0.01261	0.01809	0.01042	0.01371	0.00877	0.00493	0.00548	0.00164	0.00658	0.00493	0.00274	0.00877
2	0.15762	0.01594	0.01276	0.01111	0.01431	0.26575	0.00867	0.11017	0.11661	0.01988	0.01184	0.01332	0.00951	0.01021	0.10081	0.00242	0.00768	0.00427	0.00373	0.10339
3	0.14343	0.01360	0.01434	0.01139	0.01547	0.01498	0.00933	0.45637	0.13093	0.11250	0.01476	0.01435	0.01048	0.00657	0.00524	0.00171	0.00542	0.00494	0.00538	0.00881
4	0.01148	0.10617	0.70236	0.01516	0.02300	0.01376	0.01937	0.01744	0.01165	0.01709	0.00972	0.01141	0.00702	0.00521	0.00509	0.00170	0.00796	0.00398	0.00234	0.00808
5	0.01253	0.01465	0.05969	0.02177	0.02704	0.01320	0.65591	0.01701	0.01289	0.01752	0.01282	0.05189	0.01065	0.00573	0.00656	0.00191	0.00883	0.03916	0.00299	0.00726
6	0.02485	0.00943	0.01285	0.00985	0.01414	0.00814	0.00814	0.02699	0.01585	0.77465	0.02185	0.01885	0.01371	0.00685	0.00557	0.00171	0.00471	0.00557	0.00685	0.00943
7	0.01167	0.01025	0.01328	0.07933	0.10848	0.00852	0.00861	0.01434	0.01159	0.01771	0.00991	0.01204	0.00820	0.00433	0.00440	0.00101	0.00469	0.00363	0.00314	0.66486
8	0.01101	0.01019	0.01593	0.66142	0.03417	0.01255	0.01427	0.01671	0.13651	0.01566	0.01197	0.01575	0.00898	0.00587	0.00555	0.00185	0.00688	0.00515	0.00299	0.00659

[dist]
# distance from previous block
# <min> <max>
1	9

[block]
# block no. 8 follows, 43 sequences, length 6
# corresponding to MSA columns:
# 316-321
name=unknown_I
#
# <colnr> <probs for GDERKNQSTAVLIFYWHMCP>
#	G	D	E	R	K	N	Q	S	T	A	V	L	I	F	Y	W	H	M	C	P
0	0.01361	0.00977	0.01097	0.00945	0.01227	0.01009	0.00762	0.26019	0.08004	0.07121	0.15697	0.03399	0.20401	0.01024	0.00619	0.00184	0.00436	0.08457	0.00558	0.00704
1	0.00870	0.00611	0.00678	0.00663	0.00699	0.00632	0.00397	0.01048	0.09351	0.01215	0.01803	0.03447	0.01977	0.71479	0.02563	0.00497	0.00526	0.00785	0.00361	0.00397
2	0.01776	0.01110	0.01473	0.01165	0.01536	0.01121	0.08668	0.17986	0.15279	0.26533	0.15155	0.02157	0.01965	0.00749	0.00585	0.00175	0.00507	0.00646	0.00579	0.00835
3	0.01215	0.24798	0.56644	0.01401	0.02123	0.01541	0.01737	0.01727	0.01157	0.01627	0.00931	0.01090	0.00704	0.00511	0.00478	0.00159	0.00755	0.00377	0.00235	0.00788
4	0.01482	0.22378	0.26674	0.01497	0.02093	0.01547	0.17834	0.09583	0.01379	0.08832	0.01110	0.01252	0.00822	0.00529	0.00516	0.00162	0.00732	0.00458	0.00321	0.00799
5	0.01127	0.00755	0.00952	0.00883	0.01092	0.00734	0.03037	0.03885	0.12482	0.12721	0.11981	0.24429	0.17683	0.01213	0.00643	0.00196	0.00384	0.04626	0.00551	0.00625

[dist]
# distance from previous block
# <min> <max>
8	13

[block]
# block no. 9 follows, 43 sequences, length 39
# corresponding to MSA columns:
# 335-347,350-375
name=unknown_J
#
# <colnr> <probs for GDERKNQSTAVLIFYWHMCP>
#	G	D	E	R	K	N	Q	S	T	A	V	L	I	F	Y	W	H	M	C	P
0	0.24034	0.01203	0.13979	0.01010	0.04035	0.00956	0.00903	0.03069	0.02794	0.11728	0.23365	0.02355	0.05477	0.00783	0.00529	0.00175	0.00459	0.02012	0.00462	0.00673
1	0.00860	0.00971	0.12537	0.01028	0.05714	0.00700	0.00859	0.01170	0.02833	0.01851	0.30615	0.13210	0.14884	0.01155	0.00645	0.00192	0.00413	0.09292	0.00493	0.00577
2	0.07680	0.01182	0.01764	0.02079	0.33950	0.02572	0.07496	0.01621	0.02496	0.03353	0.02952	0.01646	0.01094	0.00555	0.00519	0.00150	0.00578	0.04657	0.00329	0.23328
3	0.01234	0.01056	0.01402	0.01031	0.01503	0.00878	0.09247	0.03004	0.06962	0.04303	0.01193	0.03200	0.00978	0.00489	0.00465	0.00110	0.00476	0.00429	0.00361	0.61677
4	0.01127	0.01001	0.03055	0.01051	0.07119	0.00775	0.01997	0.01385	0.01194	0.02982	0.04420	0.02954	0.05692	0.00574	0.00472	0.00112	0.00437	0.03126	0.00358	0.60168
5	0.01111	0.02865	0.77667	0.01579	0.02397	0.01286	0.02046	0.01754	0.01169	0.01754	0.00994	0.01169	0.00702	0.00526	0.00526	0.00175	0.00818	0.00409	0.00234	0.00818
6	0.01214	0.01156	0.01965	0.39990	0.41716	0.01275	0.01622	0.01562	0.01187	0.01619	0.01014	0.01422	0.00810	0.00523	0.00551	0.00174	0.00697	0.00493	0.00261	0.00751
7	0.01990	0.01475	0.01583	0.01242	0.01663	0.01638	0.01017	0.61191	0.15139	0.05010	0.01508	0.01469	0.01080	0.00680	0.00556	0.00170	0.00577	0.00522	0.00559	0.00931
8	0.00802	0.00535	0.00605	0.00609	0.00609	0.00535	0.00340	0.00804	0.00812	0.01083	0.01780	0.05690	0.02058	0.78409	0.02762	0.00529	0.00531	0.00826	0.00340	0.00339
9	0.00962	0.00481	0.00722	0.00722	0.00722	0.00481	0.00481	0.00722	0.00722	0.00962	0.00962	0.01684	0.00962	0.01924	0.02165	0.83886	0.00481	0.00481	0.00241	0.00241
10	0.02382	0.01005	0.01450	0.01098	0.01537	0.00888	0.06525	0.04967	0.01597	0.69266	0.02076	0.01837	0.01316	0.00668	0.00564	0.00172	0.00511	0.00562	0.00650	0.00927
11	0.01371	0.01316	0.02248	0.03399	0.77081	0.01316	0.01700	0.01700	0.01261	0.01809	0.01042	0.01371	0.00877	0.00493	0.00548	0.00164	0.00658	0.00493	0.00274	0.00877
12	0.00791	0.00593	0.00890	0.00890	0.00989	0.00692	0.00692	0.00989	0.00890	0.01286	0.01483	0.02176	0.01385	0.04154	0.78341	0.00890	0.01483	0.00593	0.00297	0.00494
13	0.00962	0.00481	0.00722	0.00722	0.00722	0.00481	0.00481	0.00722	0.00722	0.00962	0.00962	0.01684	0.00962	0.01924	0.02165	0.83886	0.00481	0.00481	0.00241	0.00241
14	0.00884	0.00631	0.00883	0.01010	0.01134	0.00630	0.00877	0.01133	0.01266	0.01648	0.02937	0.09171	0.03206	0.01538	0.00763	0.00254	0.00503	0.70515	0.00510	0.00508
15	0.00791	0.00593	0.00890	0.00890	0.00989	0.00692	0.00692	0.00989	0.00890	0.01286	0.01483	0.02176	0.01385	0.04154	0.78341	0.00890	0.01483	0.00593	0.00297	0.00494
16	0.00706	0.00527	0.00664	0.00755	0.00842	0.00485	0.00548	0.00842	0.01159	0.01498	0.06286	0.48622	0.21113	0.01604	0.00701	0.00219	0.00337	0.12109	0.00517	0.00466
17	0.00670	0.00562	0.00582	0.00577	0.00757	0.00474	0.00433	0.00824	0.01298	0.01580	0.13892	0.05191	0.68522	0.01371	0.00654	0.00186	0.00278	0.01149	0.00525	0.00474
18	0.01148	0.00984	0.01148	0.00820	0.01312	0.00738	0.00656	0.01395	0.01148	0.01805	0.00984	0.01148	0.00820	0.00410	0.00410	0.00082	0.00410	0.00328	0.00328	0.83922
19	0.06945	0.00530	0.00652	0.00755	0.00808	0.00516	0.00507	0.00838	0.01032	0.01468	0.02782	0.68372	0.03307	0.07696	0.00842	0.00245	0.00346	0.01420	0.00488	0.00452
20	0.78197	0.01033	0.00808	0.00726	0.01053	0.01189	0.00594	0.01584	0.00989	0.02465	0.06452	0.01142	0.00945	0.00560	0.00366	0.00172	0.00416	0.00352	0.00363	0.00594
21	0.00690	0.00488	0.00638	0.00752	0.00781	0.00460	0.00494	0.00775	0.01031	0.01375	0.02903	0.71427	0.03475	0.10740	0.00948	0.00261	0.00346	0.01487	0.00494	0.00437
22	0.00674	0.00565	0.00588	0.00590	0.00770	0.00479	0.00448	0.00828	0.01286	0.01558	0.10919	0.05276	0.68432	0.01387	0.00659	0.00189	0.00288	0.04070	0.00521	0.00473
23	0.00766	0.00563	0.00717	0.00683	0.00818	0.00514	0.00511	0.01009	0.01519	0.02116	0.66588	0.06346	0.13428	0.01180	0.00655	0.00177	0.00265	0.01036	0.00596	0.00514
24	0.00855	0.00613	0.00845	0.00956	0.01075	0.00604	0.00811	0.01090	0.01274	0.01670	0.08688	0.13969	0.05343	0.01518	0.00747	0.00244	0.00465	0.58209	0.00518	0.00503
25	0.02069	0.02640	0.01569	0.01427	0.01712	0.78313	0.01070	0.02212	0.01569	0.01355	0.00856	0.00999	0.00713	0.00571	0.00499	0.00143	0.00999	0.00357	0.00285	0.00642
26	0.05606	0.00906	0.01206	0.00943	0.01335	0.00799	0.00773	0.02473	0.01557	0.66120	0.10375	0.02094	0.01766	0.00728	0.00559	0.00172	0.00446	0.00596	0.00663	0.00882
27	0.00773	0.00570	0.00712	0.00731	0.00851	0.00531	0.00557	0.00966	0.01318	0.01761	0.32337	0.10612	0.19421	0.10164	0.00922	0.00238	0.00353	0.16170	0.00531	0.00482
28	0.01460	0.01231	0.01299	0.01144	0.01472	0.01416	0.00897	0.11146	0.67743	0.02450	0.02149	0.01983	0.01606	0.00742	0.00562	0.00185	0.00458	0.00612	0.00562	0.00884
29	0.01455	0.01425	0.03019	0.02165	0.02709	0.01327	0.65749	0.01890	0.01342	0.11275	0.01254	0.01543	0.00907	0.00494	0.00641	0.00185	0.00876	0.00641	0.00331	0.00772
30	0.02284	0.00893	0.01216	0.00958	0.01346	0.00775	0.00780	0.02491	0.01544	0.68894	0.04959	0.07980	0.01687	0.00782	0.00572	0.00176	0.00452	0.00651	0.00670	0.00889
31	0.01334	0.00762	0.01020	0.01013	0.01228	0.00742	0.00860	0.05382	0.03175	0.19843	0.02662	0.09043	0.02629	0.01277	0.00696	0.00227	0.00494	0.46416	0.00556	0.00641
32	0.02069	0.02640	0.01569	0.01427	0.01712	0.78313	0.01070	0.02212	0.01569	0.01355	0.00856	0.00999	0.00713	0.00571	0.00499	0.00143	0.00999	0.00357	0.00285	0.00642
33	0.00826	0.00601	0.00809	0.00921	0.01039	0.00584	0.00770	0.01040	0.01237	0.01596	0.03284	0.18780	0.12365	0.01549	0.00741	0.00241	0.00449	0.52163	0.00511	0.00494
34	0.01543	0.00991	0.01265	0.00923	0.01399	0.00784	0.03402	0.01788	0.01281	0.23812	0.01339	0.01375	0.00981	0.00492	0.00462	0.00112	0.00447	0.00406	0.00430	0.56766
35	0.01106	0.02644	0.69199	0.01502	0.02271	0.01222	0.01901	0.01705	0.01172	0.01754	0.01063	0.01350	0.00799	0.00553	0.00526	0.00171	0.00777	0.03016	0.00251	0.07017
36	0.01136	0.07715	0.70145	0.01511	0.02296	0.01323	0.01926	0.01735	0.01166	0.01727	0.00979	0.01151	0.00707	0.00519	0.00511	0.00168	0.00789	0.00399	0.00238	0.03860
37	0.03471	0.01500	0.10933	0.01811	0.02375	0.01210	0.45282	0.01696	0.01250	0.03443	0.01087	0.01367	0.00825	0.00466	0.00570	0.00159	0.00770	0.00536	0.00297	0.20953
38	0.09078	0.01145	0.01362	0.01091	0.01477	0.06763	0.06130	0.02366	0.14747	0.37133	0.06103	0.01818	0.01459	0.00666	0.00538	0.00168	0.00518	0.00549	0.00547	0.06344

[dist]
# distance from previous block
# <min> <max>
16	29

# created by:
# /st0/software/busco_prod/Augustus/scripts/msa2prfl.pl ./align_prep/164966.fa
