[name]
unknown

[dist]
# distance from previous block
# <min> <max>
28	111

[block]
# block no. 0 follows, 47 sequences, length 80
# corresponding to MSA columns:
# 140-219
name=unknown_A
#
# <colnr> <probs for GDERKNQSTAVLIFYWHMCP>
#	G	D	E	R	K	N	Q	S	T	A	V	L	I	F	Y	W	H	M	C	P
0	0.11892	0.00918	0.01118	0.18379	0.05886	0.02490	0.00859	0.10342	0.07251	0.04972	0.16611	0.02022	0.04188	0.00688	0.00499	0.00160	0.00457	0.00568	0.10074	0.00626
1	0.06734	0.00852	0.02216	0.08620	0.02960	0.02412	0.03971	0.10556	0.01410	0.06427	0.27291	0.02416	0.05093	0.00761	0.00516	0.00156	0.00409	0.00646	0.15958	0.00595
2	0.22919	0.01095	0.06429	0.18432	0.02966	0.05879	0.00895	0.06492	0.01193	0.05986	0.06776	0.01494	0.01130	0.00578	0.00443	0.00155	0.00502	0.00446	0.15583	0.00607
3	0.08312	0.00778	0.00911	0.13192	0.01349	0.00807	0.00687	0.10594	0.01307	0.11044	0.02524	0.04063	0.23061	0.00812	0.00501	0.00159	0.00399	0.00661	0.18249	0.00590
4	0.43878	0.12768	0.12869	0.00932	0.01352	0.01377	0.00893	0.13603	0.04608	0.02221	0.00902	0.00996	0.00690	0.00512	0.00391	0.00155	0.00507	0.00340	0.00334	0.00672
5	0.00628	0.00491	0.00566	0.00624	0.00726	0.00433	0.00437	0.00737	0.01086	0.01361	0.04035	0.41990	0.40405	0.03128	0.00681	0.00200	0.00287	0.01277	0.00480	0.00429
6	0.26491	0.01269	0.12270	0.02596	0.03246	0.01127	0.05729	0.14295	0.04810	0.08322	0.04523	0.02808	0.01101	0.00691	0.00574	0.05589	0.00525	0.02981	0.00383	0.00671
7	0.01392	0.82012	0.02729	0.00891	0.01337	0.02061	0.00891	0.01559	0.01058	0.01225	0.00724	0.00835	0.00668	0.00446	0.00334	0.00111	0.00557	0.00278	0.00223	0.00668
8	0.00745	0.00510	0.00621	0.00631	0.00651	0.00525	0.00392	0.00787	0.00792	0.01073	0.01698	0.09687	0.01914	0.60612	0.16713	0.00542	0.00652	0.00781	0.00323	0.00352
9	0.00645	0.00529	0.00569	0.00559	0.00722	0.00452	0.00419	0.00805	0.01258	0.01575	0.23245	0.04735	0.60164	0.01256	0.00615	0.00173	0.00259	0.01060	0.00506	0.00452
10	0.85377	0.01007	0.00765	0.00685	0.01007	0.01168	0.00564	0.01531	0.00886	0.02336	0.00725	0.00846	0.00564	0.00483	0.00322	0.00161	0.00403	0.00282	0.00322	0.00564
11	0.85377	0.01007	0.00765	0.00685	0.01007	0.01168	0.00564	0.01531	0.00886	0.02336	0.00725	0.00846	0.00564	0.00483	0.00322	0.00161	0.00403	0.00282	0.00322	0.00564
12	0.01392	0.82012	0.02729	0.00891	0.01337	0.02061	0.00891	0.01559	0.01058	0.01225	0.00724	0.00835	0.00668	0.00446	0.00334	0.00111	0.00557	0.00278	0.00223	0.00668
13	0.00638	0.00455	0.00603	0.00721	0.00750	0.00425	0.00479	0.00726	0.00990	0.01320	0.02835	0.79117	0.03400	0.03934	0.00722	0.00220	0.00308	0.01460	0.00479	0.00420
14	0.00685	0.00506	0.00640	0.00658	0.00759	0.00461	0.00474	0.00863	0.01275	0.01737	0.42467	0.28964	0.16015	0.01287	0.00631	0.00181	0.00267	0.01140	0.00530	0.00461
15	0.09588	0.01106	0.01785	0.21383	0.49402	0.01177	0.01409	0.01488	0.01099	0.01641	0.00938	0.01281	0.00771	0.00537	0.00563	0.03807	0.00608	0.00445	0.00257	0.00714
16	0.00865	0.00671	0.00793	0.00690	0.00893	0.00566	0.00482	0.00984	0.00949	0.01374	0.01624	0.20485	0.01779	0.28796	0.01234	0.00256	0.00408	0.00735	0.00351	0.36066
17	0.01392	0.82012	0.02729	0.00891	0.01337	0.02061	0.00891	0.01559	0.01058	0.01225	0.00724	0.00835	0.00668	0.00446	0.00334	0.00111	0.00557	0.00278	0.00223	0.00668
18	0.00665	0.00510	0.00669	0.06563	0.00967	0.00488	0.00551	0.00790	0.01049	0.01356	0.03228	0.56138	0.18936	0.01476	0.00646	0.00202	0.00331	0.04530	0.00465	0.00440
19	0.69851	0.12604	0.02470	0.00735	0.01084	0.01287	0.00640	0.01561	0.00929	0.04014	0.00761	0.00871	0.00598	0.00482	0.00332	0.00154	0.00432	0.00289	0.00314	0.00590
20	0.01140	0.01157	0.02173	0.35567	0.20098	0.01231	0.26096	0.01535	0.02904	0.01544	0.01007	0.01384	0.00776	0.00485	0.00551	0.00170	0.00731	0.00516	0.00255	0.00680
21	0.00889	0.00458	0.00667	0.00667	0.00667	0.00458	0.00438	0.00687	0.00687	0.00915	0.00980	0.01770	0.01006	0.09988	0.02098	0.76214	0.00458	0.00484	0.00235	0.00235
22	0.00731	0.00541	0.00744	0.00795	0.00868	0.00527	0.02708	0.04491	0.01087	0.01464	0.06465	0.65363	0.03160	0.01687	0.06467	0.00251	0.00409	0.01311	0.00468	0.00460
23	0.05940	0.12171	0.10483	0.01386	0.07359	0.01539	0.07182	0.41707	0.01827	0.03864	0.01097	0.01183	0.00810	0.00553	0.00490	0.00153	0.00610	0.00437	0.00400	0.00808
24	0.01392	0.82012	0.02729	0.00891	0.01337	0.02061	0.00891	0.01559	0.01058	0.01225	0.00724	0.00835	0.00668	0.00446	0.00334	0.00111	0.00557	0.00278	0.00223	0.00668
25	0.00737	0.00532	0.00696	0.00655	0.00778	0.00491	0.00491	0.00983	0.01474	0.02088	0.78175	0.03890	0.04914	0.01065	0.00614	0.00164	0.00246	0.00942	0.00573	0.00491
26	0.01045	0.02694	0.79000	0.01484	0.02254	0.01209	0.01924	0.01649	0.01099	0.01649	0.00935	0.01099	0.00660	0.00495	0.00495	0.00165	0.00770	0.00385	0.00220	0.00770
27	0.03235	0.02086	0.44767	0.02086	0.28818	0.03729	0.04694	0.01643	0.01142	0.01673	0.00946	0.01166	0.00721	0.00483	0.00502	0.00161	0.00718	0.00417	0.00239	0.00776
28	0.01072	0.01032	0.01431	0.01242	0.01247	0.01413	0.01014	0.01176	0.00795	0.01221	0.00837	0.01463	0.00863	0.10957	0.05793	0.00293	0.66878	0.00498	0.00241	0.00533
29	0.15868	0.01197	0.01880	0.02761	0.65023	0.01225	0.01419	0.01587	0.01134	0.01811	0.00935	0.01212	0.00780	0.00467	0.00482	0.00156	0.00581	0.00432	0.00269	0.00780
30	0.02240	0.01041	0.01304	0.01000	0.01406	0.00995	0.00826	0.22547	0.01749	0.58437	0.01838	0.01632	0.01180	0.00639	0.00523	0.00160	0.00478	0.00509	0.00611	0.00886
31	0.00627	0.00483	0.00573	0.00645	0.00734	0.00430	0.00448	0.00734	0.01074	0.01361	0.03840	0.50586	0.33591	0.01506	0.00645	0.00197	0.00287	0.01327	0.00483	0.00430
32	0.06392	0.00892	0.01187	0.00915	0.01314	0.00785	0.00756	0.02489	0.01461	0.75076	0.01990	0.01727	0.01254	0.00637	0.00514	0.00161	0.00441	0.00512	0.00629	0.00871
33	0.00633	0.00528	0.00552	0.00546	0.00714	0.00447	0.00409	0.00781	0.01228	0.01504	0.15672	0.04852	0.67782	0.01283	0.00615	0.00174	0.00261	0.01077	0.00496	0.00447
34	0.00744	0.00558	0.00837	0.00837	0.00930	0.00651	0.00651	0.00930	0.00837	0.01209	0.01395	0.02046	0.01302	0.03906	0.79635	0.00837	0.01395	0.00558	0.00279	0.00465
35	0.01482	0.01104	0.01235	0.00973	0.01364	0.01100	0.00782	0.21415	0.22376	0.09427	0.03228	0.01490	0.01169	0.00575	0.00478	0.00135	0.00444	0.00461	0.00462	0.30299
36	0.01080	0.00926	0.01080	0.00771	0.01234	0.00694	0.00617	0.01311	0.01080	0.01697	0.00926	0.01080	0.00771	0.00386	0.00386	0.00077	0.00386	0.00309	0.00309	0.84882
37	0.01193	0.01100	0.01512	0.01272	0.01349	0.01443	0.01056	0.01326	0.00867	0.05257	0.00783	0.01164	0.00725	0.00833	0.01487	0.00206	0.66815	0.00441	0.00259	0.10910
38	0.01045	0.02694	0.79000	0.01484	0.02254	0.01209	0.01924	0.01649	0.01099	0.01649	0.00935	0.01099	0.00660	0.00495	0.00495	0.00165	0.00770	0.00385	0.00220	0.00770
39	0.85377	0.01007	0.00765	0.00685	0.01007	0.01168	0.00564	0.01531	0.00886	0.02336	0.00725	0.00846	0.00564	0.00483	0.00322	0.00161	0.00403	0.00282	0.00322	0.00564
40	0.85377	0.01007	0.00765	0.00685	0.01007	0.01168	0.00564	0.01531	0.00886	0.02336	0.00725	0.00846	0.00564	0.00483	0.00322	0.00161	0.00403	0.00282	0.00322	0.00564
41	0.00744	0.00558	0.00837	0.00837	0.00930	0.00651	0.00651	0.00930	0.00837	0.01209	0.01395	0.02046	0.01302	0.03906	0.79635	0.00837	0.01395	0.00558	0.00279	0.00465
42	0.01045	0.02694	0.79000	0.01484	0.02254	0.01209	0.01924	0.01649	0.01099	0.01649	0.00935	0.01099	0.00660	0.00495	0.00495	0.00165	0.00770	0.00385	0.00220	0.00770
43	0.85377	0.01007	0.00765	0.00685	0.01007	0.01168	0.00564	0.01531	0.00886	0.02336	0.00725	0.00846	0.00564	0.00483	0.00322	0.00161	0.00403	0.00282	0.00322	0.00564
44	0.00983	0.00926	0.01562	0.80447	0.03587	0.01157	0.01446	0.01331	0.01041	0.01331	0.00926	0.01388	0.00694	0.00521	0.00521	0.00174	0.00694	0.00463	0.00231	0.00579
45	0.00744	0.00558	0.00837	0.00837	0.00930	0.00651	0.00651	0.00930	0.00837	0.01209	0.01395	0.02046	0.01302	0.03906	0.79635	0.00837	0.01395	0.00558	0.00279	0.00465
46	0.00922	0.00562	0.00724	0.00760	0.00853	0.00533	0.00529	0.04820	0.01111	0.10890	0.02583	0.60895	0.02918	0.08278	0.00809	0.00227	0.00350	0.01250	0.00491	0.00494
47	0.01725	0.01867	0.01374	0.01220	0.01515	0.42576	0.00936	0.09851	0.28551	0.03162	0.01338	0.01341	0.01029	0.00608	0.00497	0.00152	0.00707	0.00442	0.00393	0.00715
48	0.01032	0.00991	0.01601	0.71233	0.09005	0.03068	0.01441	0.01367	0.01057	0.01355	0.00922	0.01365	0.00703	0.00525	0.00543	0.00172	0.02328	0.00460	0.00234	0.00597
49	0.00634	0.00453	0.00604	0.00725	0.00755	0.00423	0.00483	0.00725	0.00997	0.01329	0.02870	0.81358	0.03444	0.01632	0.00665	0.00211	0.00302	0.01480	0.00483	0.00423
50	0.01117	0.01062	0.01801	0.44279	0.23578	0.01183	0.08392	0.04330	0.02558	0.01556	0.01174	0.01524	0.04102	0.00539	0.00532	0.00168	0.00662	0.00507	0.00269	0.00667
51	0.00892	0.00734	0.02800	0.09758	0.01337	0.00805	0.00830	0.06737	0.01036	0.01438	0.01492	0.02393	0.01406	0.02807	0.50728	0.00603	0.02718	0.10650	0.00317	0.00520
52	0.01180	0.01588	0.16106	0.04582	0.05434	0.01273	0.56978	0.01633	0.01195	0.01649	0.01061	0.02886	0.00817	0.00475	0.00588	0.00174	0.00833	0.00581	0.00259	0.00709
53	0.85377	0.01007	0.00765	0.00685	0.01007	0.01168	0.00564	0.01531	0.00886	0.02336	0.00725	0.00846	0.00564	0.00483	0.00322	0.00161	0.00403	0.00282	0.00322	0.00564
54	0.00744	0.00558	0.00837	0.00837	0.00930	0.00651	0.00651	0.00930	0.00837	0.01209	0.01395	0.02046	0.01302	0.03906	0.79635	0.00837	0.01395	0.00558	0.00279	0.00465
55	0.00920	0.00821	0.01254	0.10554	0.02780	0.01034	0.03490	0.01113	0.00869	0.01261	0.01102	0.01655	0.01014	0.02407	0.42269	0.00537	0.25624	0.00516	0.00257	0.00525
56	0.00740	0.00508	0.00563	0.00563	0.00585	0.00497	0.00325	0.00756	0.00810	0.01058	0.02086	0.03604	0.11242	0.71855	0.02401	0.00465	0.00475	0.00799	0.00336	0.00331
57	0.00660	0.00471	0.00634	0.00754	0.00796	0.00445	0.00528	0.00769	0.01022	0.01358	0.02856	0.71957	0.03389	0.01607	0.00671	0.00215	0.00324	0.10630	0.00483	0.00430
58	0.01517	0.68105	0.02492	0.00939	0.01363	0.09701	0.00893	0.01683	0.01132	0.06942	0.00830	0.00915	0.00714	0.00469	0.00362	0.00117	0.00587	0.00302	0.00258	0.00678
59	0.00646	0.00479	0.00606	0.00702	0.00769	0.00439	0.00492	0.00756	0.01050	0.01362	0.03347	0.60401	0.18498	0.01554	0.00659	0.00206	0.00307	0.06812	0.00483	0.00431
60	0.01822	0.01381	0.01474	0.01166	0.01555	0.01542	0.00952	0.59732	0.19685	0.03029	0.01450	0.01409	0.01047	0.00644	0.00523	0.00161	0.00536	0.00496	0.00523	0.00872
61	0.02336	0.00886	0.01209	0.00927	0.01329	0.00765	0.00765	0.02538	0.01491	0.78810	0.02055	0.01773	0.01289	0.00645	0.00524	0.00161	0.00443	0.00524	0.00645	0.00886
62	0.01006	0.00949	0.01603	0.74759	0.09098	0.01163	0.01457	0.01350	0.01052	0.01358	0.00930	0.01381	0.00704	0.00516	0.00520	0.00172	0.00689	0.00463	0.00233	0.00597
63	0.85377	0.01007	0.00765	0.00685	0.01007	0.01168	0.00564	0.01531	0.00886	0.02336	0.00725	0.00846	0.00564	0.00483	0.00322	0.00161	0.00403	0.00282	0.00322	0.00564
64	0.00634	0.00456	0.00602	0.00719	0.00754	0.00424	0.00481	0.00726	0.01003	0.01332	0.02947	0.78917	0.05836	0.01622	0.00663	0.00210	0.00301	0.01468	0.00483	0.00424
65	0.85377	0.01007	0.00765	0.00685	0.01007	0.01168	0.00564	0.01531	0.00886	0.02336	0.00725	0.00846	0.00564	0.00483	0.00322	0.00161	0.00403	0.00282	0.00322	0.00564
66	0.01392	0.82012	0.02729	0.00891	0.01337	0.02061	0.00891	0.01559	0.01058	0.01225	0.00724	0.00835	0.00668	0.00446	0.00334	0.00111	0.00557	0.00278	0.00223	0.00668
67	0.01047	0.00891	0.01045	0.00768	0.01199	0.00674	0.00607	0.01268	0.01074	0.01670	0.01069	0.06990	0.00968	0.00477	0.00406	0.00087	0.00380	0.00395	0.00321	0.78664
68	0.01045	0.02694	0.79000	0.01484	0.02254	0.01209	0.01924	0.01649	0.01099	0.01649	0.00935	0.01099	0.00660	0.00495	0.00495	0.00165	0.00770	0.00385	0.00220	0.00770
69	0.01544	0.01150	0.01250	0.01068	0.01397	0.01287	0.00846	0.15832	0.54877	0.11791	0.01958	0.01799	0.01428	0.00685	0.00528	0.00171	0.00444	0.00560	0.00542	0.00843
70	0.01200	0.01021	0.01118	0.01021	0.01281	0.01184	0.00794	0.02449	0.64215	0.02010	0.01994	0.01961	0.01540	0.01261	0.14245	0.00291	0.00583	0.00583	0.00486	0.00762
71	0.00634	0.00453	0.00604	0.00725	0.00755	0.00423	0.00483	0.00725	0.00997	0.01329	0.02870	0.81358	0.03444	0.01632	0.00665	0.00211	0.00302	0.01480	0.00483	0.00423
72	0.01223	0.01045	0.01114	0.01023	0.01288	0.01199	0.00787	0.02542	0.69085	0.02085	0.02202	0.10686	0.01794	0.00808	0.00545	0.00180	0.00400	0.00687	0.00525	0.00780
73	0.01308	0.01369	0.05884	0.03023	0.71016	0.04976	0.01586	0.01624	0.01195	0.01678	0.00969	0.01263	0.00809	0.00469	0.00512	0.00154	0.00641	0.00454	0.00256	0.00812
74	0.00771	0.00667	0.00664	0.00629	0.00788	0.05412	0.00460	0.00922	0.01223	0.01545	0.23947	0.04065	0.40273	0.11366	0.00854	0.00207	0.00337	0.00928	0.00465	0.04478
75	0.01088	0.01064	0.01497	0.01299	0.01311	0.01473	0.01076	0.01211	0.00803	0.01248	0.00776	0.01257	0.00764	0.01299	0.11788	0.00307	0.70482	0.00469	0.00234	0.00556
76	0.15695	0.00940	0.01025	0.00756	0.01195	0.00776	0.00608	0.01349	0.01046	0.01808	0.00891	0.01039	0.00735	0.00403	0.00375	0.00092	0.00389	0.00304	0.00311	0.70263
77	0.00737	0.00532	0.00696	0.00655	0.00778	0.00491	0.00491	0.00983	0.01474	0.02088	0.78175	0.03890	0.04914	0.01065	0.00614	0.00164	0.00246	0.00942	0.00573	0.00491
78	0.00968	0.00563	0.00680	0.14357	0.01131	0.00606	0.00558	0.01227	0.01077	0.01818	0.01558	0.01848	0.01223	0.00669	0.02248	0.00147	0.00348	0.00483	0.67989	0.00501
79	0.01080	0.00926	0.01080	0.00771	0.01234	0.00694	0.00617	0.01311	0.01080	0.01697	0.00926	0.01080	0.00771	0.00386	0.00386	0.00077	0.00386	0.00309	0.00309	0.84882

[dist]
# distance from previous block
# <min> <max>
0	29

[block]
# block no. 1 follows, 47 sequences, length 82
# corresponding to MSA columns:
# 249-330
name=unknown_B
#
# <colnr> <probs for GDERKNQSTAVLIFYWHMCP>
#	G	D	E	R	K	N	Q	S	T	A	V	L	I	F	Y	W	H	M	C	P
0	0.01772	0.00904	0.01151	0.00857	0.01287	0.00733	0.00699	0.01987	0.01306	0.44192	0.01548	0.01462	0.01057	0.00528	0.00462	0.00123	0.00417	0.00427	0.00494	0.38594
1	0.01277	0.01192	0.01590	0.01339	0.01408	0.01598	0.01115	0.13660	0.01069	0.01587	0.00777	0.01158	0.00717	0.00864	0.01514	0.00216	0.67564	0.00458	0.00276	0.00622
2	0.00667	0.00481	0.00633	0.00698	0.00762	0.00446	0.00484	0.00810	0.01157	0.01578	0.27450	0.54467	0.05549	0.01440	0.00647	0.00195	0.00283	0.01297	0.00513	0.00446
3	0.85377	0.01007	0.00765	0.00685	0.01007	0.01168	0.00564	0.01531	0.00886	0.02336	0.00725	0.00846	0.00564	0.00483	0.00322	0.00161	0.00403	0.00282	0.00322	0.00564
4	0.01210	0.01157	0.01971	0.23202	0.59062	0.01217	0.01559	0.01529	0.01148	0.01605	0.00966	0.01315	0.00791	0.00479	0.00517	0.00160	0.00638	0.00464	0.00251	0.00761
5	0.01229	0.01405	0.03073	0.02195	0.02722	0.01317	0.76558	0.01668	0.01229	0.01668	0.01054	0.01405	0.00790	0.00439	0.00615	0.00176	0.00878	0.00615	0.00263	0.00702
6	0.01221	0.00929	0.01097	0.00799	0.01249	0.00726	0.00641	0.01498	0.04167	0.09841	0.01092	0.01187	0.00858	0.00426	0.00406	0.00090	0.00393	0.00342	0.00353	0.72684
7	0.00633	0.00528	0.00552	0.00546	0.00714	0.00447	0.00410	0.00781	0.01229	0.01505	0.15816	0.04850	0.67637	0.01282	0.00615	0.00174	0.00261	0.01076	0.00497	0.00447
8	0.02305	0.00936	0.01239	0.00950	0.01354	0.00840	0.00785	0.09017	0.01574	0.72213	0.01984	0.01727	0.01254	0.00643	0.00523	0.00161	0.00454	0.00519	0.00634	0.00886
9	0.00967	0.00900	0.01506	0.75279	0.03405	0.01114	0.01384	0.01308	0.01069	0.01380	0.05928	0.01550	0.00967	0.00556	0.00527	0.00173	0.00665	0.00494	0.00254	0.00573
10	0.00905	0.00452	0.00678	0.00678	0.00678	0.00452	0.00452	0.00678	0.00678	0.00905	0.00905	0.01583	0.00905	0.01809	0.02035	0.84848	0.00452	0.00452	0.00226	0.00226
11	0.00748	0.00555	0.00833	0.00833	0.00923	0.00646	0.00646	0.00923	0.00833	0.01201	0.01382	0.02033	0.01291	0.03849	0.77541	0.03104	0.01369	0.00555	0.00278	0.00459
12	0.00759	0.00516	0.00615	0.00620	0.00637	0.00528	0.00381	0.00793	0.00786	0.01059	0.01653	0.03327	0.01859	0.68083	0.12821	0.00538	0.00622	0.03743	0.00317	0.00342
13	0.01080	0.00926	0.01080	0.00771	0.01234	0.00694	0.00617	0.01311	0.01080	0.01697	0.00926	0.01080	0.00771	0.00386	0.00386	0.00077	0.00386	0.00309	0.00309	0.84882
14	0.01080	0.00926	0.01080	0.00771	0.01234	0.00694	0.00617	0.01311	0.01080	0.01697	0.00926	0.01080	0.00771	0.00386	0.00386	0.00077	0.00386	0.00309	0.00309	0.84882
15	0.01045	0.02694	0.79000	0.01484	0.02254	0.01209	0.01924	0.01649	0.01099	0.01649	0.00935	0.01099	0.00660	0.00495	0.00495	0.00165	0.00770	0.00385	0.00220	0.00770
16	0.00726	0.00532	0.00681	0.00643	0.00771	0.00487	0.00483	0.00961	0.01448	0.02026	0.71487	0.03993	0.11641	0.01088	0.00614	0.00165	0.00247	0.00956	0.00565	0.00487
17	0.01392	0.82012	0.02729	0.00891	0.01337	0.02061	0.00891	0.01559	0.01058	0.01225	0.00724	0.00835	0.00668	0.00446	0.00334	0.00111	0.00557	0.00278	0.00223	0.00668
18	0.00744	0.00557	0.00830	0.00830	0.00921	0.00647	0.00643	0.00926	0.00835	0.01204	0.01401	0.02080	0.01317	0.05851	0.77709	0.00829	0.01373	0.00563	0.00280	0.00461
19	0.00983	0.00926	0.01562	0.80447	0.03587	0.01157	0.01446	0.01331	0.01041	0.01331	0.00926	0.01388	0.00694	0.00521	0.00521	0.00174	0.00694	0.00463	0.00231	0.00579
20	0.00634	0.00453	0.00604	0.00725	0.00755	0.00423	0.00483	0.00725	0.00997	0.01329	0.02870	0.81358	0.03444	0.01632	0.00665	0.00211	0.00302	0.01480	0.00483	0.00423
21	0.01910	0.02904	0.09393	0.01204	0.01658	0.01454	0.02679	0.55564	0.02124	0.13875	0.01320	0.01306	0.00915	0.00608	0.00517	0.00157	0.00581	0.00468	0.00497	0.00866
22	0.01251	0.00635	0.00849	0.00824	0.00995	0.00581	0.00620	0.03258	0.01214	0.27175	0.02549	0.46570	0.02626	0.01262	0.00619	0.00196	0.00371	0.07275	0.00538	0.00593
23	0.00634	0.00453	0.00604	0.00725	0.00755	0.00423	0.00483	0.00725	0.00997	0.01329	0.02870	0.81358	0.03444	0.01632	0.00665	0.00211	0.00302	0.01480	0.00483	0.00423
24	0.01091	0.00965	0.01175	0.00881	0.01259	0.00860	0.00713	0.01301	0.01028	0.01615	0.00881	0.01091	0.00755	0.00483	0.00630	0.00105	0.15196	0.00336	0.00294	0.69343
25	0.01146	0.01079	0.06225	0.01027	0.07523	0.00798	0.00794	0.03417	0.01135	0.03399	0.00964	0.01117	0.00783	0.00411	0.00410	0.00093	0.00436	0.00335	0.00312	0.68597
26	0.01616	0.46179	0.02201	0.01158	0.04691	0.26481	0.00966	0.08550	0.01322	0.01448	0.00808	0.00925	0.00695	0.00491	0.00402	0.00124	0.00682	0.00322	0.00266	0.00674
27	0.02131	0.00839	0.01110	0.00868	0.01230	0.00741	0.00711	0.03759	0.01451	0.66211	0.01988	0.01787	0.01288	0.00639	0.00500	0.00155	0.00417	0.00517	0.12830	0.00828
28	0.01269	0.01216	0.02070	0.04913	0.75189	0.01220	0.01571	0.01575	0.01182	0.01687	0.01064	0.01365	0.02362	0.00482	0.00518	0.00156	0.00613	0.00477	0.00262	0.00812
29	0.85377	0.01007	0.00765	0.00685	0.01007	0.01168	0.00564	0.01531	0.00886	0.02336	0.00725	0.00846	0.00564	0.00483	0.00322	0.00161	0.00403	0.00282	0.00322	0.00564
30	0.00634	0.00453	0.00604	0.00725	0.00755	0.00423	0.00483	0.00725	0.00997	0.01329	0.02870	0.81358	0.03444	0.01632	0.00665	0.00211	0.00302	0.01480	0.00483	0.00423
31	0.00726	0.00532	0.00681	0.00644	0.00771	0.00487	0.00483	0.00962	0.01448	0.02027	0.71643	0.03991	0.11483	0.01087	0.00614	0.00165	0.00247	0.00956	0.00565	0.00487
32	0.00722	0.00521	0.00683	0.00665	0.00775	0.00481	0.00490	0.00945	0.01405	0.01978	0.67196	0.15184	0.04699	0.01147	0.00622	0.00171	0.00254	0.01020	0.00560	0.00481
33	0.00906	0.00453	0.00673	0.00673	0.00676	0.00453	0.00450	0.00693	0.00690	0.00933	0.00926	0.01593	0.00916	0.01776	0.01990	0.82538	0.00447	0.00453	0.02527	0.00233
34	0.00663	0.00527	0.00597	0.00597	0.00745	0.00461	0.00449	0.00831	0.01263	0.01616	0.27284	0.09648	0.47944	0.01266	0.00622	0.00177	0.00269	0.04074	0.00511	0.00456
35	0.00674	0.00548	0.00630	0.00661	0.00790	0.00510	0.00496	0.00832	0.02653	0.01406	0.04133	0.24428	0.46616	0.01445	0.02561	0.00208	0.03007	0.07482	0.00471	0.00451
36	0.01045	0.02694	0.79000	0.01484	0.02254	0.01209	0.01924	0.01649	0.01099	0.01649	0.00935	0.01099	0.00660	0.00495	0.00495	0.00165	0.00770	0.00385	0.00220	0.00770
37	0.02193	0.00844	0.01132	0.00880	0.01253	0.00736	0.00723	0.02398	0.01449	0.70711	0.02017	0.01790	0.01294	0.00641	0.00507	0.00157	0.00422	0.00520	0.09489	0.00844
38	0.01273	0.01332	0.07093	0.03086	0.73515	0.01236	0.01619	0.01602	0.01180	0.01698	0.00977	0.01277	0.00814	0.00466	0.00514	0.00155	0.00628	0.00459	0.00255	0.00821
39	0.00737	0.00532	0.00696	0.00655	0.00778	0.00491	0.00491	0.00983	0.01474	0.02088	0.78175	0.03890	0.04914	0.01065	0.00614	0.00164	0.00246	0.00942	0.00573	0.00491
40	0.00634	0.00453	0.00604	0.00725	0.00755	0.00423	0.00483	0.00725	0.00997	0.01329	0.02870	0.81358	0.03444	0.01632	0.00665	0.00211	0.00302	0.01480	0.00483	0.00423
41	0.01980	0.01459	0.01563	0.01198	0.01615	0.01615	0.00990	0.76713	0.02448	0.03282	0.01250	0.01250	0.00886	0.00625	0.00521	0.00156	0.00573	0.00469	0.00521	0.00886
42	0.01289	0.01237	0.02114	0.03196	0.78450	0.01237	0.01598	0.01598	0.01186	0.01701	0.00980	0.01289	0.00825	0.00464	0.00516	0.00155	0.00619	0.00464	0.00258	0.00825
43	0.02205	0.01039	0.01296	0.01000	0.01402	0.00999	0.00824	0.21084	0.04816	0.56824	0.01856	0.01649	0.01200	0.00642	0.00523	0.00161	0.00474	0.00513	0.00609	0.00884
44	0.01045	0.02694	0.79000	0.01484	0.02254	0.01209	0.01924	0.01649	0.01099	0.01649	0.00935	0.01099	0.00660	0.00495	0.00495	0.00165	0.00770	0.00385	0.00220	0.00770
45	0.00634	0.00453	0.00604	0.00725	0.00755	0.00423	0.00483	0.00725	0.00997	0.01329	0.02870	0.81358	0.03444	0.01632	0.00665	0.00211	0.00302	0.01480	0.00483	0.00423
46	0.01229	0.01405	0.03073	0.02195	0.02722	0.01317	0.76558	0.01668	0.01229	0.01668	0.01054	0.01405	0.00790	0.00439	0.00615	0.00176	0.00878	0.00615	0.00263	0.00702
47	0.00757	0.00505	0.00568	0.00568	0.00568	0.00505	0.00316	0.00757	0.00757	0.01010	0.01641	0.03408	0.01893	0.81698	0.02651	0.00505	0.00505	0.00757	0.00316	0.00316
48	0.00634	0.00453	0.00604	0.00725	0.00755	0.00423	0.00483	0.00725	0.00997	0.01329	0.02870	0.81358	0.03444	0.01632	0.00665	0.00211	0.00302	0.01480	0.00483	0.00423
49	0.02269	0.00901	0.01207	0.00935	0.01331	0.00800	0.00769	0.02553	0.06414	0.73848	0.02059	0.01784	0.01309	0.00649	0.00524	0.00162	0.00441	0.00528	0.00637	0.00882
50	0.00657	0.00475	0.00626	0.00739	0.00789	0.00445	0.00519	0.00768	0.01033	0.01361	0.03017	0.67557	0.08347	0.01588	0.00668	0.00212	0.00320	0.09965	0.00483	0.00431
51	0.00634	0.00453	0.00604	0.00725	0.00755	0.00423	0.00483	0.00725	0.00997	0.01329	0.02870	0.81358	0.03444	0.01632	0.00665	0.00211	0.00302	0.01480	0.00483	0.00423
52	0.01080	0.00926	0.01080	0.00771	0.01234	0.00694	0.00617	0.01311	0.01080	0.01697	0.00926	0.01080	0.00771	0.00386	0.00386	0.00077	0.00386	0.00309	0.00309	0.84882
53	0.01681	0.14493	0.01560	0.01057	0.01431	0.01446	0.00880	0.26185	0.29897	0.13501	0.01603	0.01515	0.01169	0.00629	0.00494	0.00157	0.00492	0.00490	0.00493	0.00827
54	0.00632	0.00462	0.00595	0.00701	0.00749	0.00425	0.00473	0.00728	0.01020	0.01339	0.03163	0.72062	0.12552	0.01593	0.00659	0.00207	0.00297	0.01434	0.00483	0.00425
55	0.00983	0.00926	0.01562	0.80447	0.03587	0.01157	0.01446	0.01331	0.01041	0.01331	0.00926	0.01388	0.00694	0.00521	0.00521	0.00174	0.00694	0.00463	0.00231	0.00579
56	0.01080	0.00926	0.01080	0.00771	0.01234	0.00694	0.00617	0.01311	0.01080	0.01697	0.00926	0.01080	0.00771	0.00386	0.00386	0.00077	0.00386	0.00309	0.00309	0.84882
57	0.01420	0.01508	0.01981	0.06248	0.55078	0.18795	0.04191	0.01696	0.01246	0.01588	0.00941	0.01219	0.00783	0.00482	0.00509	0.00152	0.00703	0.00441	0.00259	0.00760
58	0.00737	0.00532	0.00696	0.00655	0.00778	0.00491	0.00491	0.00983	0.01474	0.02088	0.78175	0.03890	0.04914	0.01065	0.00614	0.00164	0.00246	0.00942	0.00573	0.00491
59	0.01046	0.00990	0.01676	0.64539	0.19003	0.01174	0.01478	0.01386	0.01071	0.01407	0.00937	0.01368	0.00721	0.00509	0.00520	0.00170	0.00679	0.00463	0.00237	0.00629
60	0.00737	0.00532	0.00696	0.00655	0.00778	0.00491	0.00491	0.00983	0.01474	0.02088	0.78175	0.03890	0.04914	0.01065	0.00614	0.00164	0.00246	0.00942	0.00573	0.00491
61	0.00619	0.00525	0.00534	0.00537	0.00707	0.00440	0.00401	0.00752	0.01187	0.01420	0.06836	0.07534	0.74092	0.01324	0.00617	0.00177	0.00265	0.01108	0.00486	0.00440
62	0.02336	0.00886	0.01209	0.00927	0.01329	0.00765	0.00765	0.02538	0.01491	0.78810	0.02055	0.01773	0.01289	0.00645	0.00524	0.00161	0.00443	0.00524	0.00645	0.00886
63	0.01045	0.02694	0.79000	0.01484	0.02254	0.01209	0.01924	0.01649	0.01099	0.01649	0.00935	0.01099	0.00660	0.00495	0.00495	0.00165	0.00770	0.00385	0.00220	0.00770
64	0.00963	0.00487	0.00492	0.00491	0.00612	0.00486	0.00368	0.01206	0.01105	0.01946	0.04250	0.02007	0.01454	0.00622	0.00372	0.00123	0.00243	0.00501	0.81786	0.00486
65	0.85377	0.01007	0.00765	0.00685	0.01007	0.01168	0.00564	0.01531	0.00886	0.02336	0.00725	0.00846	0.00564	0.00483	0.00322	0.00161	0.00403	0.00282	0.00322	0.00564
66	0.07287	0.02269	0.01402	0.01265	0.01545	0.68205	0.00955	0.02040	0.04450	0.01396	0.00857	0.00979	0.00705	0.00534	0.00459	0.00135	0.00861	0.00341	0.00284	0.04032
67	0.00905	0.00452	0.00678	0.00678	0.00678	0.00452	0.00452	0.00678	0.00678	0.00905	0.00905	0.01583	0.00905	0.01809	0.02035	0.84848	0.00452	0.00452	0.00226	0.00226
68	0.00983	0.00926	0.01562	0.80447	0.03587	0.01157	0.01446	0.01331	0.01041	0.01331	0.00926	0.01388	0.00694	0.00521	0.00521	0.00174	0.00694	0.00463	0.00231	0.00579
69	0.01355	0.01249	0.02028	0.06241	0.66536	0.01277	0.01523	0.10134	0.01323	0.01865	0.01008	0.01289	0.00826	0.00485	0.00516	0.00156	0.00617	0.00465	0.00287	0.00821
70	0.00756	0.00507	0.00578	0.00575	0.00585	0.00504	0.00330	0.00775	0.00815	0.01096	0.07753	0.03446	0.02135	0.75259	0.02488	0.00478	0.00484	0.00772	0.00336	0.00330
71	0.00809	0.00607	0.00844	0.04135	0.04125	0.00596	0.00736	0.01048	0.01286	0.01730	0.29673	0.06098	0.08265	0.01225	0.00658	0.00202	0.00394	0.36577	0.00494	0.00498
72	0.00905	0.00452	0.00678	0.00678	0.00678	0.00452	0.00452	0.00678	0.00678	0.00905	0.00905	0.01583	0.00905	0.01809	0.02035	0.84848	0.00452	0.00452	0.00226	0.00226
73	0.01252	0.01189	0.01966	0.12398	0.62685	0.01233	0.01513	0.01667	0.07770	0.01698	0.01072	0.01358	0.00875	0.00492	0.00517	0.00159	0.00610	0.00475	0.00278	0.00795
74	0.01080	0.00926	0.01080	0.00771	0.01234	0.00694	0.00617	0.01311	0.01080	0.01697	0.00926	0.01080	0.00771	0.00386	0.00386	0.00077	0.00386	0.00309	0.00309	0.84882
75	0.00634	0.00453	0.00604	0.00725	0.00755	0.00423	0.00483	0.00725	0.00997	0.01329	0.02870	0.81358	0.03444	0.01632	0.00665	0.00211	0.00302	0.01480	0.00483	0.00423
76	0.01373	0.01229	0.03754	0.07135	0.62107	0.01198	0.03585	0.02970	0.01227	0.08786	0.01081	0.01337	0.00857	0.00486	0.00519	0.00157	0.00617	0.00472	0.00296	0.00813
77	0.01164	0.09547	0.54689	0.01539	0.02207	0.06380	0.14043	0.01672	0.01141	0.01590	0.00927	0.01116	0.00683	0.00484	0.00498	0.00160	0.00779	0.00410	0.00230	0.00739
78	0.00684	0.00542	0.00555	0.00543	0.00728	0.00453	0.00410	0.00819	0.01199	0.04489	0.05147	0.04883	0.75174	0.01292	0.00612	0.00175	0.00271	0.01076	0.00490	0.00457
79	0.02299	0.00947	0.01246	0.00955	0.01360	0.00855	0.00789	0.10392	0.01592	0.70813	0.01969	0.01717	0.01246	0.00642	0.00523	0.00161	0.00457	0.00518	0.00631	0.00886
80	0.71117	0.02532	0.02688	0.00802	0.01141	0.06612	0.02741	0.01610	0.00965	0.04808	0.00790	0.00905	0.00606	0.00491	0.00352	0.00159	0.00465	0.00305	0.00324	0.00588
81	0.03054	0.00519	0.00657	0.00749	0.00811	0.00506	0.00513	0.00912	0.05958	0.02814	0.02748	0.72547	0.03205	0.01522	0.00644	0.00207	0.00315	0.01372	0.00485	0.00461

[dist]
# distance from previous block
# <min> <max>
0	51

# created by:
# /st0/software/busco_prod/Augustus/scripts/msa2prfl.pl ./align_prep/164931.fa
