[name]
unknown

[dist]
# distance from previous block
# <min> <max>
20	60

[block]
# block no. 0 follows, 47 sequences, length 8
# corresponding to MSA columns:
# 73-80
name=unknown_A
#
# <colnr> <probs for GDERKNQSTAVLIFYWHMCP>
#	G	D	E	R	K	N	Q	S	T	A	V	L	I	F	Y	W	H	M	C	P
0	0.08052	0.00953	0.00990	0.01007	0.06991	0.09247	0.00677	0.08002	0.01173	0.04311	0.03437	0.21326	0.04074	0.17415	0.00987	0.00234	0.02189	0.00762	0.00386	0.07787
1	0.00837	0.00582	0.00746	0.00735	0.00884	0.00506	0.00527	0.00986	0.01120	0.06133	0.14670	0.48792	0.03046	0.01244	0.00595	0.00175	0.00317	0.01113	0.00474	0.16519
2	0.01407	0.01111	0.01392	0.01197	0.08526	0.01060	0.03678	0.20469	0.04237	0.06829	0.01233	0.01334	0.02892	0.00531	0.00520	0.00126	0.04125	0.00426	0.00385	0.38521
3	0.01336	0.07486	0.01957	0.13064	0.48088	0.03531	0.01391	0.09439	0.01292	0.01768	0.00973	0.01242	0.00794	0.00485	0.00495	0.00149	0.00616	0.00438	0.00282	0.05174
4	0.14937	0.01322	0.03546	0.01057	0.01390	0.07582	0.00861	0.26504	0.27109	0.02418	0.01524	0.06915	0.01223	0.00688	0.00497	0.00166	0.00508	0.00536	0.00460	0.00756
5	0.01006	0.00706	0.00873	0.02427	0.01023	0.00666	0.00596	0.06920	0.01188	0.07957	0.08255	0.31415	0.06902	0.07978	0.00787	0.00197	0.03297	0.00916	0.00445	0.16446
6	0.00787	0.00546	0.00611	0.00607	0.00680	0.00531	0.00396	0.04285	0.01011	0.01361	0.06475	0.13446	0.16635	0.41838	0.01625	0.00341	0.00402	0.00889	0.07134	0.00402
7	0.01110	0.00891	0.01062	0.00938	0.03916	0.00843	0.00696	0.16091	0.01329	0.01868	0.01867	0.23252	0.07889	0.00875	0.00573	0.00147	0.04086	0.00736	0.00407	0.31425

[dist]
# distance from previous block
# <min> <max>
9	35

[block]
# block no. 1 follows, 47 sequences, length 11
# corresponding to MSA columns:
# 126-136
name=unknown_B
#
# <colnr> <probs for GDERKNQSTAVLIFYWHMCP>
#	G	D	E	R	K	N	Q	S	T	A	V	L	I	F	Y	W	H	M	C	P
0	0.08733	0.03054	0.01329	0.18507	0.08715	0.04688	0.00973	0.12199	0.10099	0.07333	0.10980	0.01784	0.03361	0.00740	0.02834	0.00180	0.00548	0.00531	0.00400	0.03014
1	0.03612	0.02778	0.01352	0.16471	0.07484	0.12731	0.00977	0.11148	0.10293	0.10601	0.08423	0.04302	0.03652	0.00670	0.00517	0.00159	0.00562	0.00549	0.00408	0.03311
2	0.18391	0.00954	0.01100	0.09855	0.04272	0.01008	0.00787	0.07615	0.14116	0.11921	0.04573	0.04928	0.04621	0.03932	0.00567	0.00172	0.00450	0.00538	0.00424	0.09775
3	0.03829	0.01074	0.02786	0.07404	0.04261	0.01103	0.00867	0.18505	0.21291	0.09097	0.01885	0.07799	0.07138	0.00730	0.00520	0.00161	0.00465	0.00604	0.00461	0.10021
4	0.00821	0.00618	0.00699	0.00655	0.00840	0.00567	0.00494	0.01121	0.08916	0.05179	0.25044	0.07112	0.37977	0.03198	0.00647	0.00177	0.00295	0.00950	0.00509	0.04182
5	0.01388	0.01352	0.03616	0.22806	0.04035	0.14632	0.09463	0.04580	0.08118	0.08084	0.01121	0.01358	0.00859	0.00607	0.00704	0.00172	0.13204	0.00472	0.02764	0.00663
6	0.02261	0.01007	0.01283	0.00984	0.01389	0.00944	0.00813	0.18129	0.01692	0.62935	0.01885	0.01663	0.01204	0.00640	0.00523	0.00160	0.00470	0.00512	0.00619	0.00886
7	0.01857	0.01398	0.01494	0.01173	0.01568	0.01558	0.00960	0.63448	0.15913	0.03084	0.01406	0.01375	0.01012	0.00640	0.00523	0.00160	0.00544	0.00490	0.00523	0.00875
8	0.00665	0.00475	0.00637	0.00745	0.00792	0.00447	0.00523	0.00783	0.01055	0.01412	0.08551	0.67284	0.03507	0.01568	0.00667	0.00211	0.00317	0.09437	0.00490	0.00434
9	0.00653	0.00485	0.00612	0.00696	0.00769	0.00444	0.00491	0.00774	0.01086	0.01419	0.09051	0.54691	0.18659	0.01512	0.00655	0.00203	0.00303	0.06572	0.00490	0.00436
10	0.01153	0.08238	0.63976	0.01361	0.02050	0.01205	0.01696	0.01679	0.01143	0.07472	0.04540	0.01259	0.00903	0.00529	0.00491	0.00161	0.00705	0.00413	0.00268	0.00758

[dist]
# distance from previous block
# <min> <max>
3	5

[block]
# block no. 2 follows, 47 sequences, length 21
# corresponding to MSA columns:
# 142-162
name=unknown_C
#
# <colnr> <probs for GDERKNQSTAVLIFYWHMCP>
#	G	D	E	R	K	N	Q	S	T	A	V	L	I	F	Y	W	H	M	C	P
0	0.00672	0.00485	0.00640	0.00723	0.00786	0.00453	0.00512	0.00809	0.01119	0.01505	0.18055	0.55740	0.07117	0.01487	0.00657	0.00203	0.00305	0.07790	0.00501	0.00442
1	0.01051	0.07083	0.00931	0.00748	0.00825	0.00698	0.00541	0.08374	0.00886	0.01169	0.00925	0.01490	0.00884	0.01581	0.01747	0.69571	0.00473	0.00440	0.00255	0.00328
2	0.01841	0.00771	0.01044	0.00851	0.01160	0.00675	0.00682	0.02041	0.01438	0.55483	0.17571	0.10183	0.02240	0.00829	0.00556	0.00167	0.00389	0.00704	0.00614	0.00760
3	0.67821	0.00934	0.00775	0.00694	0.00982	0.01058	0.00563	0.03498	0.01035	0.02318	0.14707	0.01406	0.01357	0.00592	0.00380	0.00161	0.00379	0.00406	0.00373	0.00560
4	0.00983	0.00926	0.01562	0.80447	0.03587	0.01157	0.01446	0.01331	0.01041	0.01331	0.00926	0.01388	0.00694	0.00521	0.00521	0.00174	0.00694	0.00463	0.00231	0.00579
5	0.00683	0.00504	0.00642	0.00688	0.00781	0.00463	0.00501	0.00845	0.01207	0.01620	0.29048	0.36419	0.15977	0.01371	0.00644	0.00192	0.00291	0.07155	0.00514	0.00454
6	0.00927	0.00483	0.00501	0.00513	0.00620	0.00480	0.00374	0.01143	0.01067	0.01837	0.01814	0.09973	0.01572	0.04460	0.00500	0.00148	0.00261	0.00598	0.72257	0.00471
7	0.00689	0.00523	0.00634	0.00622	0.00752	0.00468	0.00460	0.00883	0.01336	0.01798	0.47721	0.11992	0.27821	0.01201	0.00620	0.00172	0.00257	0.01045	0.00536	0.00468
8	0.00764	0.00535	0.00660	0.00654	0.00676	0.00569	0.00418	0.00812	0.00777	0.01064	0.01556	0.03022	0.01720	0.60977	0.20961	0.00576	0.02895	0.00702	0.00304	0.00358
9	0.00744	0.00558	0.00837	0.00837	0.00930	0.00651	0.00651	0.00930	0.00837	0.01209	0.01395	0.02046	0.01302	0.03906	0.79635	0.00837	0.01395	0.00558	0.00279	0.00465
10	0.02115	0.00837	0.01138	0.00889	0.01253	0.00727	0.00727	0.02323	0.01488	0.68192	0.12590	0.02066	0.01791	0.00703	0.00536	0.00162	0.00416	0.00582	0.00635	0.00832
11	0.00634	0.00453	0.00604	0.00725	0.00755	0.00423	0.00483	0.00725	0.00997	0.01329	0.02870	0.81358	0.03444	0.01632	0.00665	0.00211	0.00302	0.01480	0.00483	0.00423
12	0.00649	0.00475	0.00610	0.00690	0.00753	0.00436	0.00474	0.00770	0.01098	0.01463	0.15465	0.59446	0.12752	0.01501	0.00650	0.00199	0.00288	0.01346	0.00498	0.00436
13	0.01253	0.01249	0.02212	0.04565	0.53913	0.01292	0.15059	0.01564	0.01144	0.01634	0.00956	0.01294	0.00799	0.00514	0.00675	0.00168	0.10196	0.00490	0.00255	0.00767
14	0.01804	0.00938	0.01141	0.00935	0.01273	0.00923	0.00752	0.08662	0.20266	0.42186	0.05722	0.04285	0.07216	0.00754	0.00540	0.00167	0.00421	0.00623	0.00586	0.00807
15	0.85377	0.01007	0.00765	0.00685	0.01007	0.01168	0.00564	0.01531	0.00886	0.02336	0.00725	0.00846	0.00564	0.00483	0.00322	0.00161	0.00403	0.00282	0.00322	0.00564
16	0.00640	0.00475	0.00583	0.00666	0.00728	0.00433	0.00449	0.00733	0.01023	0.01323	0.03344	0.57144	0.21045	0.07848	0.00809	0.00226	0.00309	0.01333	0.00470	0.00418
17	0.02158	0.00847	0.01151	0.00896	0.01268	0.00735	0.00735	0.02364	0.01489	0.70241	0.10556	0.02009	0.01694	0.00691	0.00534	0.00161	0.00421	0.00570	0.00637	0.00842
18	0.78600	0.00969	0.00760	0.00682	0.00989	0.01114	0.00558	0.01487	0.00933	0.02317	0.06926	0.01090	0.00912	0.00530	0.00346	0.00161	0.00390	0.00335	0.00342	0.00558
19	0.01719	0.01314	0.01476	0.09080	0.01747	0.01427	0.00976	0.54786	0.06371	0.02810	0.01223	0.01280	0.00891	0.00587	0.00503	0.00148	0.00551	0.00453	0.00464	0.12195
20	0.14491	0.02585	0.02986	0.01452	0.10054	0.01137	0.19621	0.09868	0.01250	0.03199	0.00977	0.01174	0.00765	0.00468	0.00494	0.00139	0.02351	0.00422	0.00318	0.26249

[dist]
# distance from previous block
# <min> <max>
7	21

[block]
# block no. 3 follows, 47 sequences, length 12
# corresponding to MSA columns:
# 184-195
name=unknown_D
#
# <colnr> <probs for GDERKNQSTAVLIFYWHMCP>
#	G	D	E	R	K	N	Q	S	T	A	V	L	I	F	Y	W	H	M	C	P
0	0.40701	0.12423	0.15032	0.00940	0.01360	0.01336	0.00915	0.08939	0.08477	0.02133	0.02846	0.01109	0.00832	0.00530	0.00401	0.00156	0.00503	0.00364	0.00336	0.00669
1	0.19906	0.08640	0.02942	0.01064	0.04959	0.11184	0.00838	0.15554	0.03212	0.15427	0.10114	0.01497	0.01315	0.00613	0.00465	0.00153	0.00523	0.00459	0.00427	0.00708
2	0.19476	0.18557	0.10151	0.00968	0.01400	0.02932	0.00906	0.09785	0.03777	0.23714	0.01231	0.01219	0.00876	0.00543	0.00433	0.00149	0.00517	0.00392	0.00407	0.02566
3	0.01371	0.77101	0.07451	0.00928	0.01393	0.02008	0.00955	0.01565	0.01061	0.01251	0.00737	0.00852	0.00668	0.00449	0.00344	0.00115	0.00570	0.00285	0.00223	0.00675
4	0.00933	0.00677	0.00828	0.00840	0.00958	0.00693	0.00612	0.16885	0.01305	0.01747	0.02452	0.57781	0.02783	0.01518	0.04379	0.00230	0.00418	0.03953	0.00482	0.00525
5	0.75681	0.01060	0.00858	0.00745	0.01078	0.01220	0.00613	0.10272	0.01068	0.02446	0.00786	0.00893	0.00601	0.00500	0.00345	0.00161	0.00423	0.00304	0.00345	0.00601
6	0.00815	0.00594	0.00733	0.09874	0.00983	0.00599	0.00476	0.00877	0.00821	0.01113	0.01489	0.02949	0.01646	0.64446	0.02185	0.00425	0.00515	0.00680	0.00305	0.08473
7	0.01677	0.01119	0.01252	0.00980	0.01315	0.01158	0.00776	0.41653	0.01805	0.13610	0.01409	0.01747	0.01137	0.17160	0.00941	0.00219	0.00518	0.00517	0.00472	0.10535
8	0.01367	0.01242	0.04761	0.06320	0.65007	0.01187	0.01523	0.01679	0.01206	0.09093	0.01079	0.01333	0.00858	0.00485	0.00516	0.00156	0.00611	0.00467	0.00292	0.00818
9	0.00890	0.00452	0.00674	0.00681	0.00683	0.00451	0.00454	0.00681	0.00696	0.00928	0.01013	0.05993	0.01045	0.01799	0.01960	0.80170	0.00444	0.00509	0.00240	0.00237
10	0.00876	0.00550	0.00680	0.00686	0.00795	0.00509	0.00480	0.01023	0.02889	0.10122	0.13717	0.33179	0.14790	0.16076	0.00996	0.00246	0.00344	0.01082	0.00485	0.00477
11	0.05534	0.08508	0.43067	0.01567	0.02178	0.05953	0.20814	0.01657	0.01134	0.01625	0.00924	0.01135	0.00690	0.00488	0.00531	0.00163	0.02646	0.00429	0.00240	0.00719

[dist]
# distance from previous block
# <min> <max>
6	13

[block]
# block no. 4 follows, 47 sequences, length 121
# corresponding to MSA columns:
# 209-329
name=unknown_E
#
# <colnr> <probs for GDERKNQSTAVLIFYWHMCP>
#	G	D	E	R	K	N	Q	S	T	A	V	L	I	F	Y	W	H	M	C	P
0	0.01295	0.06207	0.08475	0.05914	0.60801	0.05108	0.01548	0.01613	0.01179	0.01633	0.00950	0.01233	0.00789	0.00471	0.00501	0.00153	0.00646	0.00440	0.00252	0.00790
1	0.01153	0.15923	0.50440	0.01730	0.17513	0.01360	0.01682	0.01624	0.01110	0.01587	0.00908	0.01093	0.00695	0.00480	0.00472	0.00154	0.00703	0.00383	0.00228	0.00764
2	0.08524	0.07769	0.01333	0.00946	0.01337	0.07138	0.00787	0.04682	0.01438	0.58079	0.01719	0.01542	0.01121	0.00607	0.00488	0.00155	0.00493	0.00468	0.00552	0.00821
3	0.01768	0.01150	0.01689	0.03299	0.15311	0.03557	0.12466	0.09005	0.09662	0.32776	0.02886	0.01603	0.01156	0.00587	0.00536	0.00163	0.00567	0.00529	0.00472	0.00818
4	0.01474	0.56187	0.09716	0.01043	0.01482	0.16730	0.01012	0.03176	0.02598	0.01334	0.00796	0.00909	0.00689	0.00476	0.00383	0.00123	0.00648	0.00309	0.00243	0.00673
5	0.05888	0.01047	0.01584	0.30425	0.29415	0.04357	0.03064	0.01380	0.01115	0.01531	0.01445	0.07901	0.07384	0.00651	0.00527	0.00168	0.00599	0.00584	0.00289	0.00645
6	0.01093	0.00882	0.01429	0.61538	0.04948	0.01039	0.01265	0.01390	0.01091	0.09047	0.01400	0.01731	0.07196	0.00636	0.00574	0.02708	0.00624	0.00521	0.00294	0.00593
7	0.01289	0.01237	0.02114	0.03196	0.78450	0.01237	0.01598	0.01598	0.01186	0.01701	0.00980	0.01289	0.00825	0.00464	0.00516	0.00155	0.00619	0.00464	0.00258	0.00825
8	0.00643	0.00459	0.00611	0.00720	0.00757	0.00428	0.00484	0.00745	0.01035	0.01389	0.08800	0.75258	0.03560	0.01587	0.00661	0.00208	0.00298	0.01438	0.00490	0.00428
9	0.00829	0.00651	0.00881	0.13595	0.01286	0.00675	0.00677	0.01207	0.08567	0.01974	0.58520	0.03302	0.03918	0.00943	0.00591	0.00167	0.00334	0.00831	0.00514	0.00537
10	0.01893	0.01352	0.01535	0.10336	0.01820	0.01495	0.01025	0.62160	0.02210	0.09004	0.01276	0.01307	0.00895	0.00615	0.00521	0.00159	0.00577	0.00472	0.00497	0.00850
11	0.01365	0.01381	0.02040	0.02982	0.69569	0.10295	0.01530	0.01654	0.01219	0.01652	0.00959	0.01248	0.00807	0.00472	0.00510	0.00152	0.00656	0.00449	0.00259	0.00799
12	0.00905	0.00452	0.00678	0.00678	0.00678	0.00452	0.00452	0.00678	0.00678	0.00905	0.00905	0.01583	0.00905	0.01809	0.02035	0.84848	0.00452	0.00452	0.00226	0.00226
13	0.01127	0.01114	0.01631	0.13813	0.07820	0.01499	0.01223	0.01293	0.00866	0.01301	0.00745	0.01190	0.00696	0.00815	0.01430	0.00214	0.61944	0.00457	0.00231	0.00591
14	0.01197	0.00939	0.01098	0.00807	0.01252	0.00750	0.00646	0.01529	0.07452	0.07809	0.01114	0.01206	0.00880	0.00433	0.00409	0.00092	0.00392	0.00349	0.00353	0.71295
15	0.01406	0.01174	0.01240	0.01082	0.01396	0.01347	0.00851	0.14724	0.65372	0.02357	0.01979	0.01831	0.01476	0.00693	0.00528	0.00173	0.00438	0.00569	0.00528	0.00834
16	0.01239	0.01070	0.01124	0.01016	0.01300	0.01224	0.00789	0.02600	0.71178	0.02114	0.02381	0.02198	0.07948	0.00757	0.00537	0.00177	0.00400	0.00631	0.00526	0.00792
17	0.01289	0.01237	0.02114	0.03196	0.78450	0.01237	0.01598	0.01598	0.01186	0.01701	0.00980	0.01289	0.00825	0.00464	0.00516	0.00155	0.00619	0.00464	0.00258	0.00825
18	0.85377	0.01007	0.00765	0.00685	0.01007	0.01168	0.00564	0.01531	0.00886	0.02336	0.00725	0.00846	0.00564	0.00483	0.00322	0.00161	0.00403	0.00282	0.00322	0.00564
19	0.01295	0.01119	0.01178	0.01060	0.01354	0.01295	0.00824	0.02767	0.77509	0.02178	0.02120	0.01943	0.01590	0.00707	0.00530	0.00177	0.00412	0.00589	0.00530	0.00824
20	0.00634	0.00453	0.00604	0.00725	0.00755	0.00423	0.00483	0.00725	0.00997	0.01329	0.02870	0.81358	0.03444	0.01632	0.00665	0.00211	0.00302	0.01480	0.00483	0.00423
21	0.01103	0.01026	0.01667	0.38915	0.30958	0.01146	0.01376	0.01522	0.07472	0.01598	0.07127	0.01594	0.01149	0.00558	0.00527	0.00166	0.00607	0.00511	0.00293	0.00683
22	0.00983	0.00926	0.01562	0.80447	0.03587	0.01157	0.01446	0.01331	0.01041	0.01331	0.00926	0.01388	0.00694	0.00521	0.00521	0.00174	0.00694	0.00463	0.00231	0.00579
23	0.01691	0.01832	0.01497	0.07655	0.08088	0.40195	0.01063	0.14585	0.10826	0.01771	0.01120	0.01330	0.00904	0.00600	0.00528	0.00153	0.02481	0.02647	0.00344	0.00690
24	0.00744	0.00558	0.00837	0.00837	0.00930	0.00651	0.00651	0.00930	0.00837	0.01209	0.01395	0.02046	0.01302	0.03906	0.79635	0.00837	0.01395	0.00558	0.00279	0.00465
25	0.00983	0.00926	0.01562	0.80447	0.03587	0.01157	0.01446	0.01331	0.01041	0.01331	0.00926	0.01388	0.00694	0.00521	0.00521	0.00174	0.00694	0.00463	0.00231	0.00579
26	0.00850	0.00561	0.00711	0.00657	0.00812	0.00506	0.00499	0.01073	0.01429	0.08342	0.59976	0.03897	0.16567	0.01071	0.00607	0.00166	0.00265	0.00933	0.00565	0.00516
27	0.01154	0.00981	0.01181	0.08532	0.01500	0.00854	0.00746	0.07614	0.03676	0.01799	0.00986	0.01153	0.00798	0.00440	0.00443	0.00100	0.02171	0.00349	0.00324	0.65197
28	0.01926	0.01432	0.01533	0.01187	0.01594	0.01590	0.00977	0.70891	0.08359	0.03195	0.01319	0.01305	0.00941	0.00632	0.00522	0.00158	0.00560	0.00478	0.00522	0.00881
29	0.01277	0.01212	0.02012	0.02980	0.70983	0.01224	0.01516	0.01670	0.06793	0.01745	0.02862	0.01397	0.00976	0.00496	0.00519	0.00156	0.00595	0.00484	0.00285	0.00817
30	0.05595	0.05534	0.09306	0.01169	0.01593	0.02536	0.07230	0.27334	0.12509	0.09476	0.02562	0.03903	0.01097	0.00612	0.00503	0.00155	0.00551	0.00500	0.00436	0.07398
31	0.07704	0.02354	0.64946	0.01346	0.02024	0.01142	0.01681	0.01622	0.01121	0.04166	0.06321	0.01295	0.00968	0.00538	0.00490	0.00164	0.00694	0.00420	0.00266	0.00738
32	0.85377	0.01007	0.00765	0.00685	0.01007	0.01168	0.00564	0.01531	0.00886	0.02336	0.00725	0.00846	0.00564	0.00483	0.00322	0.00161	0.00403	0.00282	0.00322	0.00564
33	0.01086	0.01082	0.01641	0.52803	0.12440	0.07474	0.06167	0.01396	0.01103	0.01394	0.01092	0.07975	0.00943	0.00602	0.00534	0.00171	0.00684	0.00547	0.00261	0.00606
34	0.01008	0.00950	0.01605	0.74364	0.09481	0.01163	0.01458	0.01352	0.01053	0.01360	0.00930	0.01381	0.00704	0.00516	0.00520	0.00172	0.00688	0.00463	0.00233	0.00598
35	0.00666	0.00481	0.00604	0.00683	0.00756	0.00437	0.00470	0.00777	0.01074	0.02750	0.07785	0.59409	0.19169	0.01515	0.00649	0.00200	0.00293	0.01352	0.00492	0.00439
36	0.00634	0.00453	0.00604	0.00725	0.00755	0.00423	0.00483	0.00725	0.00997	0.01329	0.02870	0.81358	0.03444	0.01632	0.00665	0.00211	0.00302	0.01480	0.00483	0.00423
37	0.01414	0.01306	0.01991	0.05529	0.61753	0.07700	0.03108	0.01704	0.01230	0.07724	0.01049	0.01304	0.00843	0.00486	0.00515	0.00155	0.00640	0.00461	0.00288	0.00800
38	0.02022	0.01273	0.13063	0.01057	0.01503	0.02671	0.00973	0.14111	0.01567	0.50977	0.01755	0.04078	0.01184	0.00647	0.00522	0.00162	0.00520	0.00520	0.00547	0.00848
39	0.00622	0.00527	0.00537	0.00537	0.00708	0.00442	0.00402	0.00758	0.01198	0.01438	0.08734	0.06275	0.73428	0.01312	0.00616	0.00176	0.00264	0.01098	0.00488	0.00442
40	0.02088	0.00834	0.01119	0.00895	0.01250	0.00738	0.00739	0.02317	0.02703	0.65072	0.02081	0.02112	0.01432	0.00705	0.00526	0.00164	0.00429	0.06382	0.07593	0.00820
41	0.01810	0.01331	0.01572	0.01215	0.01602	0.01437	0.06877	0.59905	0.02162	0.06588	0.01408	0.07611	0.01116	0.02159	0.00578	0.00169	0.00568	0.00568	0.00500	0.00825
42	0.00652	0.00467	0.00620	0.00713	0.00759	0.00435	0.00485	0.00769	0.01079	0.01460	0.15793	0.68064	0.03696	0.01534	0.00656	0.00203	0.00292	0.01388	0.00499	0.00435
43	0.00634	0.00453	0.00604	0.00725	0.00755	0.00423	0.00483	0.00725	0.00997	0.01329	0.02870	0.81358	0.03444	0.01632	0.00665	0.00211	0.00302	0.01480	0.00483	0.00423
44	0.01980	0.01459	0.01563	0.01198	0.01615	0.01615	0.00990	0.76713	0.02448	0.03282	0.01250	0.01250	0.00886	0.00625	0.00521	0.00156	0.00573	0.00469	0.00521	0.00886
45	0.01306	0.60002	0.19917	0.01092	0.01614	0.01831	0.05023	0.01585	0.01076	0.01343	0.00788	0.00924	0.00673	0.00456	0.00385	0.00127	0.00621	0.00320	0.00224	0.00693
46	0.01392	0.82012	0.02729	0.00891	0.01337	0.02061	0.00891	0.01559	0.01058	0.01225	0.00724	0.00835	0.00668	0.00446	0.00334	0.00111	0.00557	0.00278	0.00223	0.00668
47	0.01392	0.82012	0.02729	0.00891	0.01337	0.02061	0.00891	0.01559	0.01058	0.01225	0.00724	0.00835	0.00668	0.00446	0.00334	0.00111	0.00557	0.00278	0.00223	0.00668
48	0.01240	0.07928	0.01711	0.01331	0.01439	0.05103	0.04207	0.03913	0.06962	0.01408	0.00839	0.01183	0.00764	0.00811	0.01362	0.00205	0.58261	0.00453	0.00264	0.00615
49	0.00757	0.00505	0.00568	0.00568	0.00568	0.00505	0.00316	0.00757	0.00757	0.01010	0.01641	0.03408	0.01893	0.81698	0.02651	0.00505	0.00505	0.00757	0.00316	0.00316
50	0.00875	0.00741	0.01034	0.28528	0.01821	0.00817	0.00854	0.01293	0.11000	0.01720	0.29324	0.05444	0.12737	0.00881	0.00573	0.00172	0.00428	0.00768	0.00434	0.00555
51	0.01358	0.74175	0.10264	0.00950	0.01427	0.01977	0.00993	0.01568	0.01062	0.01267	0.00745	0.00861	0.00667	0.00450	0.00350	0.00117	0.00578	0.00289	0.00222	0.00678
52	0.02069	0.00822	0.01118	0.00888	0.01238	0.00715	0.00720	0.02265	0.01448	0.66342	0.08116	0.08541	0.01753	0.00760	0.00543	0.00166	0.00416	0.00636	0.00626	0.00817
53	0.08522	0.01151	0.01223	0.01041	0.01374	0.01289	0.00829	0.17276	0.47830	0.10944	0.01825	0.01696	0.01332	0.00665	0.00510	0.00170	0.00447	0.00532	0.00524	0.00822
54	0.01799	0.01369	0.01461	0.01162	0.01546	0.01530	0.00946	0.57173	0.22283	0.02990	0.01480	0.01433	0.01072	0.00647	0.00523	0.00162	0.00531	0.00501	0.00523	0.00869
55	0.01139	0.01139	0.01595	0.01367	0.01367	0.01595	0.01139	0.01253	0.00798	0.01253	0.00684	0.01139	0.00684	0.00911	0.01709	0.00228	0.80745	0.00456	0.00228	0.00570
56	0.01289	0.01237	0.02114	0.03196	0.78450	0.01237	0.01598	0.01598	0.01186	0.01701	0.00980	0.01289	0.00825	0.00464	0.00516	0.00155	0.00619	0.00464	0.00258	0.00825
57	0.85377	0.01007	0.00765	0.00685	0.01007	0.01168	0.00564	0.01531	0.00886	0.02336	0.00725	0.00846	0.00564	0.00483	0.00322	0.00161	0.00403	0.00282	0.00322	0.00564
58	0.00971	0.00485	0.00485	0.00485	0.00607	0.00485	0.00364	0.01213	0.01092	0.01942	0.01699	0.01942	0.01335	0.00607	0.00364	0.00121	0.00243	0.00485	0.84589	0.00485
59	0.01316	0.01351	0.02885	0.03791	0.02625	0.01268	0.68638	0.01733	0.01247	0.08060	0.01134	0.01435	0.00829	0.00458	0.00605	0.00174	0.00838	0.00604	0.00294	0.00715
60	0.00618	0.00528	0.00531	0.00530	0.00705	0.00441	0.00397	0.00752	0.01192	0.01419	0.06623	0.04991	0.76883	0.01314	0.00615	0.00176	0.00263	0.01096	0.00485	0.00441
61	0.00983	0.00926	0.01562	0.80447	0.03587	0.01157	0.01446	0.01331	0.01041	0.01331	0.00926	0.01388	0.00694	0.00521	0.00521	0.00174	0.00694	0.00463	0.00231	0.00579
62	0.00983	0.00926	0.01562	0.80447	0.03587	0.01157	0.01446	0.01331	0.01041	0.01331	0.00926	0.01388	0.00694	0.00521	0.00521	0.00174	0.00694	0.00463	0.00231	0.00579
63	0.01045	0.02694	0.79000	0.01484	0.02254	0.01209	0.01924	0.01649	0.01099	0.01649	0.00935	0.01099	0.00660	0.00495	0.00495	0.00165	0.00770	0.00385	0.00220	0.00770
64	0.01927	0.01638	0.01520	0.01217	0.01597	0.17007	0.00982	0.57025	0.07269	0.02812	0.01220	0.01235	0.00890	0.00613	0.00511	0.00153	0.00635	0.00450	0.00472	0.00826
65	0.02336	0.00886	0.01209	0.00927	0.01329	0.00765	0.00765	0.02538	0.01491	0.78810	0.02055	0.01773	0.01289	0.00645	0.00524	0.00161	0.00443	0.00524	0.00645	0.00886
66	0.01139	0.01139	0.01595	0.01367	0.01367	0.01595	0.01139	0.01253	0.00798	0.01253	0.00684	0.01139	0.00684	0.00911	0.01709	0.00228	0.80745	0.00456	0.00228	0.00570
67	0.71949	0.00988	0.00837	0.00724	0.01059	0.01103	0.00597	0.01694	0.00984	0.14702	0.00940	0.00996	0.00681	0.00509	0.00355	0.00161	0.00409	0.00321	0.00374	0.00616
68	0.01059	0.02589	0.72847	0.01542	0.02292	0.01218	0.07973	0.01651	0.01110	0.01651	0.00944	0.01124	0.00670	0.00490	0.00504	0.00166	0.00778	0.00403	0.00223	0.00764
69	0.01923	0.01430	0.01531	0.01187	0.01593	0.01588	0.00976	0.70585	0.08669	0.03191	0.01322	0.01308	0.00944	0.00632	0.00522	0.00158	0.00560	0.00479	0.00522	0.00881
70	0.00737	0.00532	0.00696	0.00655	0.00778	0.00491	0.00491	0.00983	0.01474	0.02088	0.78175	0.03890	0.04914	0.01065	0.00614	0.00164	0.00246	0.00942	0.00573	0.00491
71	0.00971	0.00485	0.00485	0.00485	0.00607	0.00485	0.00364	0.01213	0.01092	0.01942	0.01699	0.01942	0.01335	0.00607	0.00364	0.00121	0.00243	0.00485	0.84589	0.00485
72	0.00971	0.00485	0.00485	0.00485	0.00607	0.00485	0.00364	0.01213	0.01092	0.01942	0.01699	0.01942	0.01335	0.00607	0.00364	0.00121	0.00243	0.00485	0.84589	0.00485
73	0.01687	0.02063	0.01390	0.01267	0.01484	0.60271	0.00965	0.01827	0.01315	0.01263	0.00883	0.01126	0.00768	0.01083	0.12606	0.00250	0.08525	0.00381	0.00266	0.00579
74	0.01945	0.02482	0.01476	0.01342	0.01610	0.79608	0.01006	0.02079	0.01476	0.01275	0.00805	0.00939	0.00671	0.00537	0.00470	0.00134	0.00939	0.00335	0.00268	0.00604
75	0.00733	0.00532	0.00691	0.00651	0.00776	0.00490	0.00488	0.00975	0.01465	0.02067	0.75877	0.03925	0.07225	0.01073	0.00614	0.00164	0.00246	0.00947	0.00570	0.00490
76	0.00983	0.00926	0.01562	0.80447	0.03587	0.01157	0.01446	0.01331	0.01041	0.01331	0.00926	0.01388	0.00694	0.00521	0.00521	0.00174	0.00694	0.00463	0.00231	0.00579
77	0.02336	0.00886	0.01209	0.00927	0.01329	0.00765	0.00765	0.02538	0.01491	0.78810	0.02055	0.01773	0.01289	0.00645	0.00524	0.00161	0.00443	0.00524	0.00645	0.00886
78	0.00634	0.00453	0.00604	0.00725	0.00755	0.00423	0.00483	0.00725	0.00997	0.01329	0.02870	0.81358	0.03444	0.01632	0.00665	0.00211	0.00302	0.01480	0.00483	0.00423
79	0.00757	0.00505	0.00568	0.00568	0.00568	0.00505	0.00316	0.00757	0.00757	0.01010	0.01641	0.03408	0.01893	0.81698	0.02651	0.00505	0.00505	0.00757	0.00316	0.00316
80	0.01392	0.82012	0.02729	0.00891	0.01337	0.02061	0.00891	0.01559	0.01058	0.01225	0.00724	0.00835	0.00668	0.00446	0.00334	0.00111	0.00557	0.00278	0.00223	0.00668
81	0.01045	0.02694	0.79000	0.01484	0.02254	0.01209	0.01924	0.01649	0.01099	0.01649	0.00935	0.01099	0.00660	0.00495	0.00495	0.00165	0.00770	0.00385	0.00220	0.00770
82	0.00634	0.00453	0.00604	0.00725	0.00755	0.00423	0.00483	0.00725	0.00997	0.01329	0.02870	0.81358	0.03444	0.01632	0.00665	0.00211	0.00302	0.01480	0.00483	0.00423
83	0.01080	0.00926	0.01080	0.00771	0.01234	0.00694	0.00617	0.01311	0.01080	0.01697	0.00926	0.01080	0.00771	0.00386	0.00386	0.00077	0.00386	0.00309	0.00309	0.84882
84	0.05933	0.01113	0.01155	0.01039	0.01335	0.01288	0.00810	0.02699	0.73283	0.02187	0.02043	0.01882	0.01533	0.00694	0.00518	0.00176	0.00412	0.00572	0.00518	0.00810
85	0.01080	0.00926	0.01080	0.00771	0.01234	0.00694	0.00617	0.01311	0.01080	0.01697	0.00926	0.01080	0.00771	0.00386	0.00386	0.00077	0.00386	0.00309	0.00309	0.84882
86	0.01139	0.01139	0.01595	0.01367	0.01367	0.01595	0.01139	0.01253	0.00798	0.01253	0.00684	0.01139	0.00684	0.00911	0.01709	0.00228	0.80745	0.00456	0.00228	0.00570
87	0.00642	0.00462	0.00610	0.00724	0.00764	0.00430	0.00492	0.00741	0.01018	0.01352	0.04241	0.74894	0.06160	0.01604	0.00664	0.00210	0.00305	0.03773	0.00485	0.00427
88	0.00752	0.00579	0.00693	0.00660	0.00808	0.00545	0.00496	0.01070	0.07899	0.01905	0.51380	0.06018	0.23024	0.01113	0.00609	0.00169	0.00266	0.00965	0.00545	0.00505
89	0.00718	0.00518	0.00679	0.00668	0.00774	0.00479	0.00490	0.00935	0.01386	0.01948	0.64285	0.18179	0.04643	0.01169	0.00624	0.00173	0.00256	0.01041	0.00557	0.00479
90	0.01045	0.02694	0.79000	0.01484	0.02254	0.01209	0.01924	0.01649	0.01099	0.01649	0.00935	0.01099	0.00660	0.00495	0.00495	0.00165	0.00770	0.00385	0.00220	0.00770
91	0.00615	0.00528	0.00528	0.00528	0.00703	0.00440	0.00396	0.00747	0.01187	0.01407	0.05276	0.05012	0.78238	0.01319	0.00615	0.00176	0.00264	0.01099	0.00484	0.00440
92	0.01295	0.01119	0.01178	0.01060	0.01354	0.01295	0.00824	0.02767	0.77509	0.02178	0.02120	0.01943	0.01590	0.00707	0.00530	0.00177	0.00412	0.00589	0.00530	0.00824
93	0.01281	0.00854	0.01044	0.00784	0.01180	0.00676	0.00627	0.01509	0.01227	0.17511	0.13647	0.01676	0.01547	0.00548	0.00451	0.00108	0.00375	0.00455	0.00420	0.54080
94	0.00757	0.00505	0.00568	0.00568	0.00568	0.00505	0.00316	0.00757	0.00757	0.01010	0.01641	0.03408	0.01893	0.81698	0.02651	0.00505	0.00505	0.00757	0.00316	0.00316
95	0.01080	0.00926	0.01080	0.00771	0.01234	0.00694	0.00617	0.01311	0.01080	0.01697	0.00926	0.01080	0.00771	0.00386	0.00386	0.00077	0.00386	0.00309	0.00309	0.84882
96	0.02163	0.00921	0.01273	0.01115	0.07716	0.00826	0.00832	0.03581	0.03876	0.66519	0.04235	0.01793	0.01362	0.00644	0.00526	0.00161	0.00453	0.00532	0.00605	0.00867
97	0.85377	0.01007	0.00765	0.00685	0.01007	0.01168	0.00564	0.01531	0.00886	0.02336	0.00725	0.00846	0.00564	0.00483	0.00322	0.00161	0.00403	0.00282	0.00322	0.00564
98	0.01115	0.00962	0.01166	0.00857	0.01284	0.00797	0.02631	0.03888	0.03415	0.01753	0.02911	0.01194	0.00900	0.00447	0.00469	0.00095	0.04211	0.00353	0.00324	0.71229
99	0.00631	0.00465	0.00592	0.00693	0.00747	0.00426	0.00469	0.00729	0.01028	0.01342	0.03259	0.69013	0.15538	0.01581	0.00657	0.00206	0.00296	0.01419	0.00483	0.00426
100	0.01354	0.01149	0.01197	0.01067	0.01368	0.02638	0.00832	0.05464	0.71806	0.03862	0.02064	0.01897	0.01542	0.00699	0.00528	0.00175	0.00428	0.00579	0.00528	0.00824
101	0.01275	0.31960	0.44595	0.01220	0.01841	0.01490	0.01450	0.01686	0.01115	0.07568	0.00945	0.01055	0.00712	0.00488	0.00437	0.00145	0.00665	0.00356	0.00254	0.00741
102	0.01530	0.01472	0.01576	0.04585	0.28701	0.22835	0.01137	0.07728	0.06143	0.07819	0.07649	0.01608	0.03717	0.00606	0.00516	0.00153	0.00637	0.00501	0.00361	0.00725
103	0.01351	0.68935	0.02546	0.00968	0.01342	0.01985	0.00931	0.01510	0.01016	0.01230	0.00717	0.00885	0.00671	0.00521	0.00556	0.00130	0.13523	0.00307	0.00224	0.00652
104	0.00757	0.00549	0.00824	0.00824	0.00909	0.00634	0.00634	0.00909	0.00824	0.01184	0.01354	0.02007	0.01269	0.03732	0.73197	0.07806	0.01317	0.00549	0.00275	0.00445
105	0.01295	0.01030	0.07386	0.13099	0.01712	0.00934	0.07180	0.04840	0.12857	0.18079	0.10818	0.08606	0.08310	0.00792	0.00559	0.00172	0.00494	0.00694	0.00459	0.00684
106	0.01282	0.01230	0.02101	0.05043	0.76660	0.01235	0.01595	0.01592	0.01182	0.01692	0.00978	0.01291	0.00822	0.00465	0.00516	0.00155	0.00620	0.00464	0.00257	0.00819
107	0.02336	0.00886	0.01209	0.00927	0.01329	0.00765	0.00765	0.02538	0.01491	0.78810	0.02055	0.01773	0.01289	0.00645	0.00524	0.00161	0.00443	0.00524	0.00645	0.00886
108	0.01183	0.08759	0.64726	0.01408	0.02116	0.01242	0.03531	0.01716	0.01132	0.08017	0.01014	0.01142	0.00716	0.00502	0.00487	0.00161	0.00728	0.00393	0.00256	0.00770
109	0.01236	0.01183	0.02018	0.16597	0.65463	0.01223	0.01572	0.01552	0.01161	0.01637	0.00970	0.01306	0.00802	0.00474	0.00516	0.00158	0.00632	0.00464	0.00253	0.00782
110	0.00633	0.00459	0.00598	0.00710	0.00751	0.00424	0.00477	0.00727	0.01012	0.01335	0.03060	0.75347	0.09334	0.01607	0.00661	0.00209	0.00299	0.01450	0.00483	0.00424
111	0.01045	0.02694	0.79000	0.01484	0.02254	0.01209	0.01924	0.01649	0.01099	0.01649	0.00935	0.01099	0.00660	0.00495	0.00495	0.00165	0.00770	0.00385	0.00220	0.00770
112	0.01072	0.01005	0.01733	0.37220	0.25776	0.01101	0.07621	0.01397	0.01127	0.01509	0.01260	0.02112	0.01128	0.00651	0.00560	0.00179	0.00651	0.12967	0.00284	0.00647
113	0.00751	0.00553	0.00705	0.00663	0.00795	0.00518	0.00499	0.01036	0.04209	0.02058	0.71815	0.03875	0.08424	0.01064	0.00611	0.00165	0.00253	0.00937	0.00567	0.00501
114	0.00634	0.00453	0.00604	0.00725	0.00755	0.00423	0.00483	0.00725	0.00997	0.01329	0.02870	0.81358	0.03444	0.01632	0.00665	0.00211	0.00302	0.01480	0.00483	0.00423
115	0.02795	0.00983	0.01644	0.64975	0.16918	0.01172	0.01455	0.01383	0.01064	0.01418	0.00931	0.01359	0.00715	0.00510	0.00516	0.00170	0.00675	0.00459	0.00238	0.00622
116	0.01639	0.01238	0.01396	0.07705	0.01647	0.01377	0.00962	0.51360	0.09832	0.02728	0.01550	0.07574	0.01295	0.00762	0.00548	0.00170	0.00539	0.06397	0.00492	0.00788
117	0.59516	0.01166	0.03519	0.00844	0.01203	0.01268	0.00717	0.18680	0.03675	0.03909	0.00919	0.00998	0.00686	0.00526	0.00383	0.00161	0.00455	0.00342	0.00376	0.00658
118	0.01444	0.01050	0.01141	0.00883	0.01276	0.07314	0.00708	0.07962	0.01345	0.17245	0.07311	0.01599	0.01275	0.00558	0.00461	0.00117	0.00451	0.02852	0.00417	0.44592
119	0.01944	0.01510	0.01521	0.01187	0.01582	0.07899	0.00971	0.68202	0.02325	0.03076	0.01229	0.01248	0.00883	0.00617	0.00512	0.00153	0.00592	0.00459	0.03243	0.00850
120	0.00667	0.00525	0.00602	0.00593	0.00738	0.00460	0.00441	0.00844	0.01294	0.01685	0.35410	0.09322	0.43097	0.01233	0.00618	0.00173	0.00259	0.01058	0.00521	0.00460

[dist]
# distance from previous block
# <min> <max>
0	9

# created by:
# /st0/software/busco_prod/Augustus/scripts/msa2prfl.pl ./align_prep/165240.fa
