[name]
unknown

[dist]
# distance from previous block
# <min> <max>
0	165

[block]
# block no. 0 follows, 45 sequences, length 6
# corresponding to MSA columns:
# 167-172
name=unknown_A
#
# <colnr> <probs for GDERKNQSTAVLIFYWHMCP>
#	G	D	E	R	K	N	Q	S	T	A	V	L	I	F	Y	W	H	M	C	P
0	0.01123	0.00861	0.00970	0.01013	0.01190	0.08113	0.00856	0.01442	0.06640	0.07868	0.02649	0.04905	0.05584	0.01269	0.00682	0.00223	0.00522	0.53033	0.00491	0.00564
1	0.12073	0.01520	0.08684	0.01140	0.01557	0.05541	0.00999	0.45657	0.04547	0.05319	0.01258	0.01298	0.00909	0.00611	0.00495	0.00160	0.00574	0.00451	0.06393	0.00814
2	0.05232	0.06175	0.01615	0.01166	0.01595	0.01598	0.00972	0.62532	0.02278	0.06526	0.01260	0.01265	0.00901	0.00619	0.00512	0.00156	0.00569	0.00460	0.00508	0.04059
3	0.04266	0.01310	0.08975	0.26529	0.25552	0.03336	0.01412	0.07538	0.01237	0.01717	0.01234	0.01528	0.05316	0.00606	0.00630	0.00174	0.07145	0.00498	0.00289	0.00709
4	0.01279	0.35053	0.19032	0.01395	0.10495	0.01550	0.04708	0.01588	0.01157	0.03482	0.07149	0.01311	0.01090	0.00553	0.00522	0.00146	0.04824	0.00423	0.00279	0.03965
5	0.09308	0.15698	0.01658	0.01374	0.12441	0.23922	0.02461	0.03332	0.02766	0.05186	0.01425	0.01588	0.08115	0.00615	0.00474	0.00146	0.00639	0.02046	0.00329	0.06477

[dist]
# distance from previous block
# <min> <max>
4	84

[block]
# block no. 1 follows, 45 sequences, length 108
# corresponding to MSA columns:
# 264-371
name=unknown_B
#
# <colnr> <probs for GDERKNQSTAVLIFYWHMCP>
#	G	D	E	R	K	N	Q	S	T	A	V	L	I	F	Y	W	H	M	C	P
0	0.06720	0.05305	0.04293	0.05956	0.06893	0.05585	0.01036	0.29630	0.10949	0.13284	0.02665	0.01439	0.01060	0.00625	0.00538	0.00164	0.02095	0.00482	0.00463	0.00818
1	0.01454	0.01168	0.01652	0.03049	0.03581	0.01184	0.15811	0.29228	0.03114	0.05008	0.01560	0.13706	0.01407	0.03583	0.00647	0.00181	0.00580	0.02853	0.00437	0.09794
2	0.11951	0.05783	0.07835	0.04621	0.08487	0.15163	0.01098	0.23627	0.07733	0.02204	0.01138	0.03073	0.00902	0.00612	0.00538	0.00162	0.03494	0.00451	0.00377	0.00752
3	0.17315	0.03228	0.01227	0.01101	0.05071	0.10776	0.00823	0.12917	0.15260	0.07221	0.06730	0.03532	0.03099	0.05089	0.00653	0.00188	0.02390	0.02249	0.00438	0.00696
4	0.01373	0.02879	0.01350	0.09916	0.06231	0.06222	0.00959	0.21363	0.14093	0.02115	0.01695	0.13916	0.01556	0.00832	0.00559	0.00173	0.00538	0.06496	0.00439	0.07295
5	0.06398	0.24055	0.10773	0.01416	0.09623	0.24641	0.03340	0.06361	0.01320	0.01605	0.00949	0.03827	0.00819	0.00550	0.00458	0.00144	0.00712	0.00404	0.00284	0.02320
6	0.00846	0.00573	0.00644	0.00625	0.00651	0.00581	0.00369	0.04863	0.00892	0.01192	0.02928	0.04879	0.01976	0.73947	0.02540	0.00489	0.00516	0.00782	0.00344	0.00362
7	0.01993	0.01554	0.01578	0.01234	0.01639	0.07692	0.01009	0.67573	0.02387	0.03146	0.01258	0.01292	0.00911	0.00756	0.03286	0.00184	0.00650	0.00476	0.00508	0.00875
8	0.01292	0.01287	0.03818	0.04896	0.66586	0.01257	0.06714	0.01623	0.01207	0.01723	0.01028	0.01362	0.00858	0.00603	0.03292	0.00186	0.00689	0.00491	0.00265	0.00821
9	0.00657	0.00472	0.00624	0.00740	0.00778	0.00439	0.00496	0.00757	0.01050	0.01400	0.05633	0.76288	0.05368	0.01654	0.00682	0.00215	0.00308	0.01497	0.00502	0.00439
10	0.00740	0.00547	0.00786	0.00874	0.00951	0.00524	0.03253	0.00892	0.01099	0.01454	0.02858	0.55331	0.03314	0.01578	0.00700	0.00226	0.00388	0.23532	0.00489	0.00464
11	0.01191	0.27822	0.54309	0.01335	0.02022	0.01526	0.01644	0.01670	0.01120	0.01561	0.00894	0.01047	0.00683	0.00494	0.00457	0.00152	0.00724	0.00362	0.00228	0.00760
12	0.84927	0.01038	0.00789	0.00706	0.01038	0.01204	0.00581	0.01578	0.00914	0.02408	0.00747	0.00872	0.00581	0.00498	0.00332	0.00166	0.00415	0.00291	0.00332	0.00581
13	0.00753	0.00548	0.00708	0.00668	0.00798	0.00504	0.00501	0.01000	0.01503	0.02114	0.73582	0.04073	0.09010	0.01112	0.00633	0.00170	0.00254	0.00980	0.00586	0.00504
14	0.00757	0.00549	0.00714	0.00672	0.00800	0.00505	0.00504	0.01007	0.01513	0.02137	0.75875	0.04036	0.06703	0.01103	0.00633	0.00169	0.00254	0.00974	0.00589	0.00505
15	0.00777	0.00519	0.00586	0.00590	0.00591	0.00518	0.00330	0.00780	0.00787	0.01050	0.01725	0.05583	0.01994	0.79006	0.02677	0.00512	0.00515	0.00801	0.00330	0.00328
16	0.01036	0.00656	0.00839	0.00746	0.00926	0.00618	0.00574	0.06348	0.01590	0.10910	0.63665	0.03574	0.04353	0.01017	0.00616	0.00168	0.00300	0.00888	0.00596	0.00581
17	0.00689	0.00499	0.00643	0.00746	0.00798	0.00469	0.00506	0.02695	0.01080	0.01428	0.03086	0.73534	0.08568	0.01633	0.00678	0.00214	0.00316	0.01472	0.00499	0.00450
18	0.02041	0.01504	0.01611	0.01235	0.01665	0.01665	0.01020	0.75997	0.02524	0.03383	0.01289	0.01289	0.00913	0.00644	0.00537	0.00161	0.00591	0.00483	0.00537	0.00913
19	0.84927	0.01038	0.00789	0.00706	0.01038	0.01204	0.00581	0.01578	0.00914	0.02408	0.00747	0.00872	0.00581	0.00498	0.00332	0.00166	0.00415	0.00291	0.00332	0.00581
20	0.00770	0.00516	0.00589	0.00600	0.00602	0.00513	0.00340	0.00778	0.00802	0.01070	0.01802	0.10284	0.02092	0.74173	0.02553	0.00494	0.00502	0.00846	0.00340	0.00335
21	0.00760	0.00551	0.00718	0.00682	0.00810	0.00509	0.00516	0.01010	0.01503	0.02117	0.73280	0.04105	0.06803	0.01116	0.00637	0.00172	0.00262	0.03359	0.00585	0.00505
22	0.02005	0.02558	0.01521	0.01383	0.01659	0.78980	0.01037	0.02143	0.01521	0.01314	0.00830	0.00968	0.00691	0.00553	0.00484	0.00138	0.00968	0.00346	0.00277	0.00622
23	0.01113	0.00954	0.01113	0.00795	0.01272	0.00716	0.00636	0.01352	0.01113	0.01749	0.00954	0.01113	0.00795	0.00398	0.00398	0.00080	0.00398	0.00318	0.00318	0.84417
24	0.01077	0.02777	0.78354	0.01530	0.02323	0.01247	0.01983	0.01700	0.01133	0.01700	0.00963	0.01133	0.00680	0.00510	0.00510	0.00170	0.00793	0.00397	0.00227	0.00793
25	0.01014	0.00954	0.01610	0.79845	0.03697	0.01193	0.01491	0.01371	0.01073	0.01371	0.00954	0.01431	0.00716	0.00537	0.00537	0.00179	0.00716	0.00477	0.00239	0.00596
26	0.42108	0.01233	0.01185	0.00958	0.01339	0.01374	0.00790	0.34331	0.01669	0.08738	0.01092	0.01129	0.00785	0.00575	0.00438	0.00164	0.00496	0.00395	0.00448	0.00753
27	0.01118	0.01077	0.06366	0.04392	0.01389	0.01073	0.00860	0.02127	0.45845	0.01996	0.08536	0.05061	0.11947	0.00889	0.00577	0.00185	0.00429	0.04908	0.00504	0.00723
28	0.00654	0.00467	0.00623	0.00747	0.00779	0.00436	0.00498	0.00747	0.01028	0.01370	0.02959	0.80785	0.03550	0.01682	0.00685	0.00218	0.00311	0.01526	0.00498	0.00436
29	0.01014	0.00954	0.01610	0.79845	0.03697	0.01193	0.01491	0.01371	0.01073	0.01371	0.00954	0.01431	0.00716	0.00537	0.00537	0.00179	0.00716	0.00477	0.00239	0.00596
30	0.01998	0.01482	0.01707	0.01297	0.01734	0.01617	0.06154	0.68707	0.02408	0.05496	0.01300	0.01316	0.00919	0.00632	0.00544	0.00163	0.00608	0.00495	0.00523	0.00900
31	0.01201	0.01303	0.02687	0.13107	0.04996	0.01295	0.54423	0.01606	0.01215	0.01643	0.01168	0.01746	0.00953	0.00559	0.00678	0.00187	0.04614	0.05652	0.00280	0.00687
32	0.02358	0.00904	0.01233	0.00956	0.01362	0.00783	0.00791	0.02567	0.01527	0.75665	0.02141	0.01965	0.01386	0.00691	0.00546	0.00169	0.00458	0.02938	0.00659	0.00900
33	0.00739	0.00505	0.00678	0.00787	0.00847	0.00475	0.00562	0.00860	0.01079	0.03696	0.02960	0.65482	0.04753	0.01615	0.00689	0.00220	0.00343	0.12748	0.00503	0.00460
34	0.03291	0.16741	0.51300	0.01324	0.01986	0.01374	0.01585	0.03287	0.04057	0.08688	0.01077	0.01177	0.00780	0.00526	0.00480	0.00160	0.00696	0.00397	0.00288	0.00785
35	0.00860	0.00615	0.00860	0.00983	0.01105	0.00614	0.00857	0.01104	0.01231	0.01601	0.02845	0.07699	0.03099	0.01487	0.00740	0.00247	0.00490	0.72575	0.00494	0.00493
36	0.84927	0.01038	0.00789	0.00706	0.01038	0.01204	0.00581	0.01578	0.00914	0.02408	0.00747	0.00872	0.00581	0.00498	0.00332	0.00166	0.00415	0.00291	0.00332	0.00581
37	0.02408	0.00914	0.01246	0.00955	0.01370	0.00789	0.00789	0.02616	0.01536	0.78158	0.02118	0.01827	0.01329	0.00664	0.00540	0.00166	0.00457	0.00540	0.00664	0.00914
38	0.01188	0.05266	0.42547	0.01754	0.12540	0.01268	0.11458	0.01792	0.08556	0.03267	0.04415	0.01413	0.01016	0.00546	0.00532	0.00169	0.00712	0.00483	0.00293	0.00783
39	0.00767	0.00573	0.00852	0.00852	0.00944	0.00665	0.00658	0.00952	0.00860	0.01238	0.01448	0.02163	0.01365	0.06987	0.76079	0.00850	0.01403	0.00583	0.00289	0.00473
40	0.01179	0.01375	0.08401	0.23897	0.12771	0.01277	0.38465	0.01595	0.01193	0.01620	0.01061	0.02739	0.00827	0.00504	0.00585	0.00177	0.00799	0.00566	0.00262	0.00705
41	0.03340	0.00990	0.01217	0.00881	0.01350	0.00789	0.03791	0.03692	0.01192	0.08289	0.01063	0.01187	0.00839	0.00432	0.00422	0.00096	0.00430	0.00354	0.00352	0.69295
42	0.01477	0.75965	0.02730	0.00940	0.01397	0.02092	0.00925	0.06718	0.01189	0.01409	0.00784	0.00890	0.00704	0.00472	0.00358	0.00118	0.00575	0.00301	0.00251	0.00704
43	0.00932	0.00466	0.00699	0.00699	0.00699	0.00466	0.00466	0.00699	0.00699	0.00932	0.00932	0.01632	0.00932	0.01865	0.02098	0.84382	0.00466	0.00466	0.00233	0.00233
44	0.01883	0.02045	0.01481	0.01295	0.01602	0.47252	0.00999	0.16243	0.15098	0.03423	0.01181	0.01235	0.00915	0.00612	0.00534	0.00153	0.02519	0.00425	0.00381	0.00723
45	0.01974	0.01472	0.01563	0.01198	0.01628	0.03248	0.00986	0.67125	0.02372	0.04633	0.01268	0.01278	0.00907	0.00623	0.00525	0.00154	0.00581	0.00468	0.00517	0.07480
46	0.12107	0.46907	0.08589	0.01041	0.01471	0.17478	0.00987	0.01748	0.02841	0.01477	0.00813	0.00932	0.00696	0.00493	0.00389	0.00132	0.00649	0.00316	0.00259	0.00674
47	0.01235	0.00727	0.00751	0.00666	0.00860	0.00763	0.00521	0.18128	0.01441	0.02313	0.01647	0.01840	0.01271	0.00630	0.00412	0.00133	0.00327	0.00496	0.65244	0.00593
48	0.01335	0.01153	0.01214	0.01092	0.01396	0.01335	0.00850	0.02852	0.76817	0.02245	0.02185	0.02003	0.01639	0.00728	0.00546	0.00182	0.00425	0.00607	0.00546	0.00850
49	0.00653	0.00469	0.00620	0.00741	0.00777	0.00437	0.00496	0.00748	0.01034	0.01373	0.03033	0.78518	0.05769	0.01672	0.00684	0.00217	0.00310	0.01514	0.00498	0.00437
50	0.00654	0.00467	0.00623	0.00747	0.00779	0.00436	0.00498	0.00747	0.01028	0.01370	0.02959	0.80785	0.03550	0.01682	0.00685	0.00218	0.00311	0.01526	0.00498	0.00436
51	0.00713	0.00547	0.00652	0.00626	0.00773	0.00486	0.00469	0.00922	0.01408	0.01888	0.50383	0.04445	0.32350	0.01196	0.00634	0.00174	0.00260	0.01032	0.00556	0.00486
52	0.01097	0.00529	0.00552	0.00532	0.00677	0.00520	0.00404	0.01345	0.01154	0.07234	0.01776	0.01989	0.01373	0.00628	0.00387	0.00128	0.00264	0.00503	0.78381	0.00529
53	0.02408	0.00914	0.01246	0.00955	0.01370	0.00789	0.00789	0.02616	0.01536	0.78158	0.02118	0.01827	0.01329	0.00664	0.00540	0.00166	0.00457	0.00540	0.00664	0.00914
54	0.00780	0.00523	0.00599	0.00599	0.00603	0.00528	0.00342	0.00789	0.00785	0.01051	0.01679	0.03445	0.01922	0.77440	0.06388	0.00537	0.00564	0.00771	0.00323	0.00333
55	0.01523	0.01039	0.01276	0.00941	0.01393	0.00894	0.03114	0.13157	0.01431	0.17835	0.02644	0.01351	0.01002	0.00505	0.00460	0.00115	0.00453	0.00411	0.00427	0.50027
56	0.02007	0.02499	0.01526	0.01375	0.01660	0.74666	0.01036	0.06265	0.01577	0.01429	0.00855	0.00986	0.00704	0.00558	0.00487	0.00140	0.00947	0.00353	0.00291	0.00639
57	0.01335	0.01153	0.01214	0.01092	0.01396	0.01335	0.00850	0.02852	0.76817	0.02245	0.02185	0.02003	0.01639	0.00728	0.00546	0.00182	0.00425	0.00607	0.00546	0.00850
58	0.01113	0.00954	0.01113	0.00795	0.01272	0.00716	0.00636	0.01352	0.01113	0.01749	0.00954	0.01113	0.00795	0.00398	0.00398	0.00080	0.00398	0.00318	0.00318	0.84417
59	0.01377	0.01291	0.02140	0.03153	0.72557	0.01302	0.01604	0.06756	0.01312	0.01866	0.01029	0.01326	0.00855	0.00490	0.00532	0.00160	0.00634	0.00479	0.00284	0.00855
60	0.00781	0.00520	0.00585	0.00585	0.00585	0.00520	0.00325	0.00781	0.00781	0.01041	0.01691	0.03513	0.01952	0.81135	0.02732	0.00520	0.00520	0.00781	0.00325	0.00325
61	0.01091	0.01074	0.01621	0.72186	0.05753	0.06540	0.01464	0.01433	0.01109	0.01379	0.00947	0.01396	0.00718	0.00536	0.00533	0.00176	0.00731	0.00468	0.00242	0.00606
62	0.01267	0.01448	0.03167	0.02262	0.02805	0.01357	0.75837	0.01719	0.01267	0.01719	0.01086	0.01448	0.00814	0.00452	0.00633	0.00181	0.00905	0.00633	0.00271	0.00724
63	0.00760	0.00549	0.00718	0.00675	0.00802	0.00506	0.00506	0.01013	0.01519	0.02153	0.77503	0.04010	0.05065	0.01097	0.00633	0.00169	0.00253	0.00971	0.00591	0.00506
64	0.03367	0.02319	0.55324	0.01765	0.09762	0.01243	0.12805	0.01674	0.01167	0.01741	0.03248	0.01277	0.00844	0.00515	0.00529	0.00170	0.00768	0.00454	0.00251	0.00774
65	0.02201	0.01118	0.01331	0.01044	0.01446	0.03369	0.00854	0.18734	0.09816	0.51325	0.01905	0.01702	0.01252	0.00664	0.00538	0.00166	0.00498	0.00529	0.00612	0.00898
66	0.01433	0.62206	0.07004	0.00991	0.01427	0.10750	0.00967	0.01633	0.01172	0.01356	0.06042	0.01106	0.00989	0.00517	0.00390	0.00124	0.00610	0.00347	0.00260	0.00675
67	0.17242	0.01367	0.01026	0.00921	0.01161	0.27179	0.02913	0.04805	0.01283	0.01897	0.01211	0.01393	0.00959	0.00573	0.00418	0.00140	0.00557	0.00412	0.33962	0.00581
68	0.84927	0.01038	0.00789	0.00706	0.01038	0.01204	0.00581	0.01578	0.00914	0.02408	0.00747	0.00872	0.00581	0.00498	0.00332	0.00166	0.00415	0.00291	0.00332	0.00581
69	0.01335	0.01153	0.01214	0.01092	0.01396	0.01335	0.00850	0.02852	0.76817	0.02245	0.02185	0.02003	0.01639	0.00728	0.00546	0.00182	0.00425	0.00607	0.00546	0.00850
70	0.00637	0.00544	0.00548	0.00547	0.00727	0.00454	0.00410	0.00776	0.01230	0.01465	0.07018	0.05141	0.75979	0.01354	0.00634	0.00181	0.00271	0.01129	0.00500	0.00454
71	0.00742	0.00548	0.00693	0.00657	0.00791	0.00499	0.00492	0.00978	0.01477	0.02052	0.67225	0.04175	0.15406	0.01135	0.00633	0.00171	0.00256	0.00994	0.00578	0.00499
72	0.01961	0.01447	0.01626	0.01335	0.05284	0.01610	0.01052	0.64423	0.02306	0.06093	0.01268	0.01304	0.00912	0.00657	0.00621	0.00166	0.06054	0.00484	0.00508	0.00888
73	0.01329	0.01275	0.02179	0.03295	0.77787	0.01275	0.01647	0.01647	0.01222	0.01754	0.01010	0.01329	0.00850	0.00478	0.00531	0.00159	0.00638	0.00478	0.00266	0.00850
74	0.03081	0.33905	0.46708	0.01269	0.01920	0.01593	0.01530	0.01661	0.01112	0.01543	0.00873	0.01020	0.00681	0.00490	0.00440	0.00148	0.00698	0.00351	0.00230	0.00747
75	0.00932	0.00466	0.00699	0.00699	0.00699	0.00466	0.00466	0.00699	0.00699	0.00932	0.00932	0.01632	0.00932	0.01865	0.02098	0.84382	0.00466	0.00466	0.00233	0.00233
76	0.00635	0.00541	0.00547	0.00551	0.00727	0.00453	0.00411	0.00770	0.01217	0.01447	0.05351	0.07819	0.74972	0.01371	0.00636	0.00183	0.00273	0.01147	0.00498	0.00453
77	0.01383	0.01064	0.01225	0.01039	0.01322	0.01149	0.03654	0.26655	0.22491	0.03882	0.07286	0.12910	0.06437	0.04738	0.00679	0.00194	0.00465	0.00754	0.01940	0.00732
78	0.01134	0.16874	0.63077	0.01401	0.02120	0.01388	0.01760	0.01668	0.01134	0.01631	0.02596	0.01147	0.00777	0.00514	0.00483	0.00160	0.00742	0.00389	0.00235	0.00768
79	0.01162	0.00656	0.00673	0.00614	0.00787	0.00681	0.00475	0.12865	0.01343	0.02216	0.01679	0.01891	0.01304	0.00628	0.00400	0.00131	0.00303	0.00498	0.71129	0.00564
80	0.00854	0.00703	0.01029	0.00979	0.01055	0.00879	0.00778	0.01030	0.00854	0.01256	0.01281	0.01910	0.01206	0.03368	0.62533	0.00729	0.18225	0.00553	0.00276	0.00502
81	0.01623	0.03435	0.01694	0.01810	0.23551	0.12673	0.03141	0.13891	0.22780	0.07746	0.01436	0.01488	0.01090	0.00599	0.00528	0.00163	0.00611	0.00500	0.00418	0.00824
82	0.01239	0.01472	0.07179	0.07575	0.06312	0.01345	0.60892	0.01678	0.01231	0.01683	0.01055	0.01415	0.00799	0.00477	0.00649	0.00181	0.03234	0.00597	0.00265	0.00721
83	0.01227	0.01180	0.02033	0.27413	0.51825	0.01252	0.04155	0.01563	0.01177	0.01632	0.00995	0.01365	0.00807	0.00496	0.00537	0.00166	0.00671	0.00483	0.00257	0.00766
84	0.01324	0.01382	0.07409	0.04879	0.66573	0.01285	0.03636	0.03875	0.01253	0.01789	0.01016	0.01320	0.00836	0.00486	0.00533	0.00161	0.00656	0.00477	0.00271	0.00839
85	0.00654	0.00467	0.00623	0.00747	0.00779	0.00436	0.00498	0.00747	0.01028	0.01370	0.02959	0.80785	0.03550	0.01682	0.00685	0.00218	0.00311	0.01526	0.00498	0.00436
86	0.00810	0.00561	0.00726	0.00677	0.00817	0.00513	0.00511	0.01055	0.01502	0.04778	0.70575	0.04002	0.09243	0.01098	0.00630	0.00169	0.00261	0.00965	0.00588	0.00518
87	0.05092	0.49213	0.23089	0.01075	0.01617	0.01722	0.01178	0.01695	0.01126	0.06726	0.00904	0.01007	0.00728	0.00487	0.00403	0.00135	0.00615	0.00335	0.00265	0.02588
88	0.00634	0.00544	0.00544	0.00544	0.00725	0.00453	0.00408	0.00770	0.01224	0.01450	0.05438	0.05166	0.77569	0.01359	0.00634	0.00181	0.00272	0.01133	0.00498	0.00453
89	0.01150	0.20863	0.58598	0.01363	0.02060	0.01427	0.01693	0.01658	0.01135	0.01613	0.03208	0.01157	0.00813	0.00516	0.00475	0.00157	0.00727	0.00389	0.00238	0.00761
90	0.01397	0.01317	0.06734	0.03496	0.01641	0.04268	0.08198	0.19903	0.13412	0.02196	0.01440	0.01526	0.03671	0.00580	0.00500	0.00143	0.00545	0.00485	0.05127	0.23419
91	0.00800	0.00618	0.00855	0.00848	0.00934	0.02187	0.00644	0.00966	0.00865	0.01223	0.01444	0.02243	0.01393	0.13416	0.66688	0.00795	0.02730	0.00594	0.00291	0.00465
92	0.00673	0.00483	0.00642	0.00763	0.00807	0.00453	0.00529	0.00781	0.01053	0.01394	0.03029	0.71538	0.05920	0.01653	0.00689	0.00219	0.00327	0.08108	0.00498	0.00442
93	0.00819	0.00585	0.00812	0.00931	0.01036	0.00578	0.00781	0.01035	0.01200	0.01571	0.04646	0.21423	0.03231	0.01515	0.00727	0.00239	0.00451	0.57441	0.00497	0.00483
94	0.01195	0.01211	0.01621	0.01395	0.01408	0.04467	0.01158	0.01315	0.00849	0.01292	0.00726	0.01189	0.00719	0.00998	0.03526	0.00246	0.75393	0.00468	0.00238	0.00586
95	0.02185	0.00864	0.01174	0.00917	0.01293	0.00751	0.00751	0.02398	0.01534	0.67842	0.12350	0.02123	0.01836	0.00723	0.00552	0.00166	0.00429	0.00598	0.00654	0.00858
96	0.84927	0.01038	0.00789	0.00706	0.01038	0.01204	0.00581	0.01578	0.00914	0.02408	0.00747	0.00872	0.00581	0.00498	0.00332	0.00166	0.00415	0.00291	0.00332	0.00581
97	0.01386	0.01397	0.02084	0.06470	0.66490	0.09467	0.01576	0.01688	0.01247	0.01690	0.00988	0.01295	0.00828	0.00489	0.00527	0.00158	0.00676	0.00464	0.00266	0.00815
98	0.01113	0.00954	0.01113	0.00795	0.01272	0.00716	0.00636	0.01352	0.01113	0.01749	0.00954	0.01113	0.00795	0.00398	0.00398	0.00080	0.00398	0.00318	0.00318	0.84417
99	0.00932	0.00466	0.00699	0.00699	0.00699	0.00466	0.00466	0.00699	0.00699	0.00932	0.00932	0.01632	0.00932	0.01865	0.02098	0.84382	0.00466	0.00466	0.00233	0.00233
100	0.01033	0.00973	0.01644	0.75274	0.08121	0.01198	0.01500	0.01388	0.01082	0.01394	0.00957	0.01425	0.00724	0.00533	0.00536	0.00178	0.00711	0.00477	0.00240	0.00611
101	0.01332	0.01122	0.01871	0.21249	0.45039	0.01176	0.03170	0.01644	0.01203	0.08890	0.01138	0.01437	0.00889	0.00528	0.00554	0.00165	0.02346	0.00488	0.04992	0.00767
102	0.16338	0.01482	0.01703	0.04377	0.01800	0.16641	0.18610	0.18197	0.03006	0.02105	0.01216	0.03693	0.02578	0.00699	0.02853	0.00185	0.00711	0.00508	0.02605	0.00690
103	0.01638	0.04924	0.03140	0.01503	0.13856	0.14955	0.01062	0.30969	0.05277	0.02260	0.01391	0.01515	0.04806	0.00919	0.07333	0.00216	0.00713	0.00491	0.00400	0.02631
104	0.01103	0.06723	0.13827	0.06152	0.03721	0.05253	0.00943	0.05859	0.02834	0.05021	0.23242	0.06068	0.13537	0.00868	0.00561	0.00166	0.00486	0.00727	0.00431	0.02478
105	0.01490	0.01180	0.01438	0.02620	0.01525	0.03184	0.07320	0.32991	0.03039	0.04299	0.08185	0.10067	0.01568	0.02529	0.00618	0.00166	0.02094	0.00630	0.00459	0.14598
106	0.04609	0.08196	0.03157	0.02584	0.01469	0.03594	0.09418	0.07079	0.01195	0.06436	0.06787	0.03804	0.08415	0.04987	0.01037	0.00205	0.25442	0.00604	0.00354	0.00627
107	0.02896	0.11729	0.45959	0.01533	0.06777	0.04363	0.06422	0.04834	0.03174	0.03454	0.01069	0.03527	0.00833	0.00549	0.00503	0.00163	0.00724	0.00446	0.00276	0.00768

[dist]
# distance from previous block
# <min> <max>
26	46

[block]
# block no. 2 follows, 45 sequences, length 89
# corresponding to MSA columns:
# 428-516
name=unknown_C
#
# <colnr> <probs for GDERKNQSTAVLIFYWHMCP>
#	G	D	E	R	K	N	Q	S	T	A	V	L	I	F	Y	W	H	M	C	P
0	0.04908	0.05521	0.01274	0.03483	0.01318	0.04868	0.02544	0.03242	0.07335	0.21141	0.16120	0.07383	0.01993	0.00868	0.01838	0.00185	0.10934	0.00647	0.02374	0.02026
1	0.01575	0.02429	0.01289	0.01007	0.01354	0.01217	0.00820	0.38384	0.04798	0.04713	0.01488	0.03286	0.02665	0.00754	0.02597	0.00167	0.02897	0.01901	0.12520	0.14139
2	0.02923	0.23903	0.06241	0.10777	0.07112	0.22164	0.02953	0.04858	0.03419	0.01549	0.04148	0.01219	0.00930	0.00551	0.00499	0.00146	0.02781	0.00405	0.00288	0.03134
3	0.01318	0.02802	0.04846	0.01172	0.08738	0.07002	0.00854	0.15488	0.06036	0.04968	0.05276	0.09736	0.07340	0.07218	0.00706	0.00185	0.00507	0.00652	0.03727	0.11430
4	0.03700	0.00849	0.02664	0.00868	0.01111	0.00814	0.00694	0.08980	0.06580	0.21092	0.23278	0.05721	0.07927	0.02903	0.00792	0.06936	0.03183	0.00729	0.00528	0.00650
5	0.08114	0.05819	0.05357	0.11637	0.34429	0.11296	0.03187	0.07302	0.01304	0.01795	0.02526	0.01275	0.00863	0.00532	0.00530	0.00160	0.02389	0.00446	0.00292	0.00746
6	0.05591	0.25658	0.18253	0.01566	0.18402	0.06843	0.01235	0.01549	0.01146	0.01545	0.01243	0.10354	0.03210	0.00649	0.00478	0.00154	0.00615	0.00523	0.00284	0.00701
7	0.07580	0.01001	0.04820	0.06290	0.08632	0.00982	0.08282	0.03300	0.01120	0.01769	0.03448	0.08288	0.01266	0.00839	0.04116	0.00193	0.09845	0.00568	0.17344	0.10316
8	0.00897	0.00550	0.00645	0.00629	0.00675	0.00533	0.00385	0.00934	0.00902	0.07306	0.04960	0.09003	0.04358	0.63426	0.02264	0.00446	0.00482	0.00833	0.00381	0.00391
9	0.01749	0.01426	0.05939	0.01166	0.01570	0.01458	0.00991	0.54556	0.09739	0.02934	0.03188	0.04726	0.03339	0.01814	0.00574	0.00170	0.00552	0.00561	0.00510	0.03038
10	0.01142	0.00921	0.01090	0.02711	0.01275	0.00776	0.00670	0.06905	0.03561	0.03466	0.13431	0.03977	0.01607	0.00585	0.00465	0.00111	0.00396	0.00488	0.00395	0.56029
11	0.01760	0.07755	0.01555	0.01130	0.01520	0.01507	0.00932	0.48769	0.12872	0.04613	0.01447	0.04525	0.01120	0.00771	0.02861	0.00180	0.00567	0.00522	0.00497	0.05099
12	0.01269	0.03708	0.28377	0.02537	0.45504	0.04223	0.03394	0.01685	0.01201	0.01706	0.00983	0.01240	0.00781	0.00491	0.00520	0.00162	0.00708	0.00444	0.00252	0.00815
13	0.00772	0.00554	0.00686	0.00657	0.00799	0.00498	0.00491	0.00987	0.01422	0.04169	0.53934	0.08646	0.22033	0.01180	0.00634	0.00175	0.00267	0.01029	0.00566	0.00502
14	0.01314	0.01334	0.04083	0.03114	0.65869	0.01286	0.11712	0.01658	0.01226	0.01748	0.01019	0.01340	0.00841	0.00476	0.00545	0.00163	0.00678	0.00497	0.00266	0.00832
15	0.01268	0.01531	0.14886	0.04269	0.42915	0.01309	0.12760	0.03714	0.01216	0.01735	0.01064	0.01362	0.01987	0.00536	0.00644	0.00171	0.07076	0.00498	0.00268	0.00791
16	0.00931	0.00470	0.00704	0.00707	0.00710	0.00470	0.00477	0.00710	0.00713	0.00950	0.00983	0.01748	0.00989	0.01855	0.02062	0.82171	0.00467	0.02404	0.00240	0.00240
17	0.02184	0.00859	0.01169	0.00924	0.01294	0.00746	0.00751	0.02385	0.01495	0.68136	0.06017	0.08271	0.01697	0.00768	0.00556	0.00170	0.00435	0.00641	0.00647	0.00855
18	0.00985	0.00752	0.00881	0.08795	0.02557	0.03755	0.00670	0.03773	0.02987	0.07392	0.13963	0.08693	0.28757	0.07527	0.00783	0.00210	0.00415	0.06090	0.00473	0.00540
19	0.01403	0.61290	0.10834	0.00995	0.01457	0.06099	0.01009	0.01620	0.01132	0.03344	0.01020	0.03835	0.02972	0.00543	0.00395	0.00129	0.00599	0.00376	0.00260	0.00687
20	0.01435	0.81458	0.02813	0.00918	0.01378	0.02124	0.00918	0.01607	0.01091	0.01263	0.00746	0.00861	0.00689	0.00459	0.00344	0.00115	0.00574	0.00287	0.00230	0.00689
21	0.00678	0.00480	0.00626	0.00724	0.00755	0.00456	0.00477	0.00765	0.01002	0.01343	0.04975	0.65300	0.03310	0.13385	0.02810	0.00276	0.00367	0.01378	0.00471	0.00423
22	0.01787	0.06928	0.01581	0.01417	0.09834	0.29339	0.01020	0.09314	0.08649	0.13862	0.01348	0.01407	0.02947	0.00632	0.00592	0.00158	0.06291	0.00457	0.01697	0.00739
23	0.03431	0.01265	0.05244	0.25203	0.29417	0.01280	0.14022	0.04272	0.07283	0.01747	0.01101	0.01411	0.00856	0.00519	0.00545	0.00171	0.00688	0.00506	0.00291	0.00747
24	0.01269	0.01088	0.01156	0.01056	0.01336	0.01249	0.00814	0.02650	0.69526	0.02163	0.02299	0.08372	0.03009	0.00815	0.00559	0.00185	0.00413	0.00689	0.00542	0.00810
25	0.00708	0.00593	0.00684	0.06966	0.01011	0.00549	0.00544	0.00914	0.03356	0.01529	0.10893	0.09471	0.54700	0.01280	0.00632	0.00186	0.00324	0.04692	0.00487	0.00481
26	0.01853	0.01435	0.01675	0.03014	0.01759	0.01581	0.06904	0.57691	0.13380	0.03040	0.01398	0.01410	0.01008	0.00639	0.00546	0.00166	0.00594	0.00513	0.00511	0.00882
27	0.00932	0.00466	0.00699	0.00699	0.00699	0.00466	0.00466	0.00699	0.00699	0.00932	0.00932	0.01632	0.00932	0.01865	0.02098	0.84382	0.00466	0.00466	0.00233	0.00233
28	0.00654	0.00467	0.00623	0.00747	0.00779	0.00436	0.00498	0.00747	0.01028	0.01370	0.02959	0.80785	0.03550	0.01682	0.00685	0.00218	0.00311	0.01526	0.00498	0.00436
29	0.01205	0.05762	0.66489	0.01485	0.02225	0.01249	0.04424	0.01770	0.01169	0.07815	0.01051	0.01189	0.00737	0.00518	0.00510	0.00168	0.00761	0.00412	0.00263	0.00796
30	0.01929	0.01740	0.07753	0.03492	0.01774	0.12622	0.01113	0.57426	0.02229	0.02897	0.01188	0.01235	0.00857	0.00618	0.00527	0.00159	0.00664	0.00457	0.00467	0.00853
31	0.01250	0.01414	0.03061	0.07554	0.02866	0.01346	0.70767	0.01696	0.01254	0.01696	0.01077	0.01447	0.00808	0.00458	0.00627	0.00181	0.00892	0.00623	0.00269	0.00715
32	0.01207	0.31596	0.48860	0.03126	0.02008	0.01567	0.01581	0.01658	0.01116	0.01532	0.00883	0.01040	0.00684	0.00492	0.00450	0.00150	0.00711	0.00358	0.00228	0.00750
33	0.01077	0.02777	0.78354	0.01530	0.02323	0.01247	0.01983	0.01700	0.01133	0.01700	0.00963	0.01133	0.00680	0.00510	0.00510	0.00170	0.00793	0.00397	0.00227	0.00793
34	0.01298	0.01244	0.02123	0.10747	0.70574	0.01267	0.01632	0.01621	0.01208	0.01716	0.01004	0.01339	0.00837	0.00484	0.00532	0.00161	0.00645	0.00478	0.00263	0.00826
35	0.01113	0.00954	0.01113	0.00795	0.01272	0.00716	0.00636	0.01352	0.01113	0.01749	0.00954	0.01113	0.00795	0.00398	0.00398	0.00080	0.00398	0.00318	0.00318	0.84417
36	0.01175	0.17736	0.58155	0.01404	0.02110	0.01395	0.03886	0.01689	0.01135	0.02945	0.00945	0.01102	0.00700	0.00498	0.00479	0.00157	0.00738	0.00383	0.00239	0.03130
37	0.01201	0.01120	0.07441	0.01009	0.03583	0.00805	0.04618	0.01478	0.01152	0.06946	0.01090	0.03093	0.00891	0.00461	0.00439	0.00103	0.00464	0.00389	0.00335	0.63381
38	0.07325	0.12425	0.01729	0.05742	0.04722	0.10787	0.02872	0.31984	0.03421	0.03315	0.01139	0.01381	0.00910	0.00637	0.00589	0.00163	0.06364	0.03343	0.00394	0.00759
39	0.01111	0.07309	0.61614	0.01588	0.05264	0.01281	0.07770	0.01667	0.01160	0.01695	0.03985	0.01263	0.00871	0.00524	0.00516	0.00167	0.00761	0.00435	0.00246	0.00772
40	0.00688	0.00544	0.00627	0.00671	0.00812	0.00484	0.00516	0.00842	0.01204	0.01498	0.07829	0.18862	0.46754	0.01429	0.00664	0.00200	0.00320	0.15094	0.00502	0.00460
41	0.01320	0.01378	0.08170	0.07651	0.60216	0.02229	0.01593	0.01731	0.05633	0.03309	0.01092	0.01364	0.00882	0.00504	0.00530	0.00163	0.00643	0.00479	0.00286	0.00829
42	0.03714	0.01192	0.03379	0.10101	0.29712	0.04194	0.11836	0.01719	0.04638	0.11091	0.01327	0.05709	0.01092	0.00868	0.06843	0.00225	0.00708	0.00565	0.00341	0.00745
43	0.00656	0.00545	0.00574	0.00567	0.00738	0.00462	0.00425	0.00813	0.01275	0.01573	0.18003	0.04964	0.64927	0.01314	0.00634	0.00179	0.00269	0.01105	0.00515	0.00462
44	0.02408	0.00914	0.01246	0.00955	0.01370	0.00789	0.00789	0.02616	0.01536	0.78158	0.02118	0.01827	0.01329	0.00664	0.00540	0.00166	0.00457	0.00540	0.00664	0.00914
45	0.06595	0.00932	0.01230	0.00948	0.01360	0.00829	0.00783	0.04131	0.01526	0.72710	0.02030	0.01767	0.01282	0.00656	0.00529	0.00166	0.00458	0.00526	0.00645	0.00897
46	0.06304	0.02479	0.63543	0.01542	0.02270	0.01244	0.09730	0.01719	0.01145	0.03749	0.00993	0.01169	0.00705	0.00507	0.00513	0.00171	0.00773	0.00419	0.00249	0.00776
47	0.84927	0.01038	0.00789	0.00706	0.01038	0.01204	0.00581	0.01578	0.00914	0.02408	0.00747	0.00872	0.00581	0.00498	0.00332	0.00166	0.00415	0.00291	0.00332	0.00581
48	0.00659	0.00539	0.00582	0.00584	0.00743	0.00461	0.00433	0.00813	0.01262	0.01571	0.18319	0.11021	0.58473	0.01338	0.00638	0.00182	0.00272	0.01135	0.00515	0.00461
49	0.00672	0.00501	0.00622	0.00697	0.00777	0.00457	0.00488	0.00796	0.01129	0.01473	0.11286	0.49792	0.21520	0.03339	0.00716	0.00212	0.00308	0.04263	0.00504	0.00447
50	0.01377	0.01095	0.01174	0.01047	0.01351	0.01236	0.00817	0.02702	0.66009	0.08284	0.02385	0.02188	0.06405	0.00763	0.00551	0.00181	0.00418	0.00635	0.00553	0.00830
51	0.01001	0.00500	0.00500	0.00500	0.00625	0.00500	0.00375	0.01251	0.01126	0.02001	0.01751	0.02001	0.01376	0.00625	0.00375	0.00125	0.00250	0.00500	0.84115	0.00500
52	0.00654	0.00467	0.00623	0.00747	0.00779	0.00436	0.00498	0.00747	0.01028	0.01370	0.02959	0.80785	0.03550	0.01682	0.00685	0.00218	0.00311	0.01526	0.00498	0.00436
53	0.01241	0.01628	0.13364	0.02163	0.02740	0.01342	0.65821	0.01717	0.01249	0.01717	0.01069	0.01405	0.00796	0.00460	0.00617	0.00180	0.00890	0.00601	0.00265	0.00733
54	0.01435	0.81458	0.02813	0.00918	0.01378	0.02124	0.00918	0.01607	0.01091	0.01263	0.00746	0.00861	0.00689	0.00459	0.00344	0.00115	0.00574	0.00287	0.00230	0.00689
55	0.02340	0.00927	0.01244	0.00960	0.01367	0.00819	0.00791	0.04651	0.03106	0.72837	0.03745	0.01863	0.01405	0.00675	0.00542	0.00166	0.00455	0.00549	0.00657	0.00903
56	0.00648	0.00542	0.00564	0.00563	0.00735	0.00458	0.00421	0.00795	0.01248	0.01520	0.12767	0.07317	0.67898	0.01342	0.00636	0.00181	0.00271	0.01128	0.00508	0.00458
57	0.01336	0.51434	0.17873	0.02969	0.07707	0.01744	0.01172	0.01620	0.01119	0.02667	0.00895	0.01046	0.00750	0.00485	0.00402	0.00132	0.00607	0.00345	0.04984	0.00714
58	0.01975	0.01312	0.01450	0.01132	0.01525	0.01413	0.00927	0.56175	0.03889	0.14851	0.01527	0.04564	0.01121	0.00689	0.00535	0.00163	0.00538	0.00537	0.04804	0.00872
59	0.00653	0.00470	0.00620	0.00739	0.00776	0.00437	0.00495	0.00748	0.01036	0.01374	0.03061	0.77662	0.06607	0.01668	0.00683	0.00216	0.00310	0.01510	0.00498	0.00437
60	0.05203	0.06900	0.35402	0.03846	0.22801	0.03630	0.07595	0.01694	0.01168	0.03578	0.00980	0.01203	0.00751	0.00509	0.00537	0.00165	0.02574	0.00432	0.00259	0.00775
61	0.03462	0.04463	0.14973	0.02078	0.05566	0.03217	0.54776	0.01716	0.01235	0.01710	0.01037	0.01346	0.00781	0.00467	0.00588	0.00175	0.00854	0.00562	0.00264	0.00733
62	0.24453	0.10531	0.01685	0.01787	0.26992	0.22999	0.01104	0.01762	0.01206	0.01756	0.00858	0.01051	0.00714	0.00502	0.00443	0.00150	0.00662	0.00369	0.00283	0.00695
63	0.01346	0.01497	0.02533	0.01992	0.06674	0.10804	0.47821	0.01847	0.09964	0.01701	0.01212	0.03758	0.00971	0.00559	0.00658	0.00178	0.04854	0.00604	0.00308	0.00718
64	0.13124	0.62211	0.04062	0.00936	0.01373	0.06359	0.00904	0.03325	0.01124	0.01483	0.00768	0.00884	0.00679	0.00475	0.00359	0.00126	0.00580	0.00298	0.00254	0.00677
65	0.00687	0.00537	0.00625	0.00636	0.00775	0.00475	0.00473	0.00859	0.01288	0.01666	0.27583	0.16165	0.40296	0.01331	0.00647	0.00186	0.00282	0.04492	0.00527	0.00469
66	0.13808	0.01172	0.03485	0.29710	0.17865	0.03013	0.12557	0.02841	0.01160	0.04380	0.01082	0.04638	0.00880	0.00560	0.00524	0.00173	0.00663	0.00514	0.00295	0.00680
67	0.11468	0.02948	0.03427	0.08273	0.12435	0.01254	0.23646	0.05886	0.04239	0.03604	0.01210	0.07693	0.01039	0.00629	0.00633	0.00176	0.06528	0.00580	0.00326	0.04006
68	0.07395	0.00596	0.00684	0.00665	0.00829	0.00555	0.00511	0.01009	0.01333	0.03593	0.37313	0.07279	0.28701	0.01179	0.00618	0.00180	0.00296	0.06232	0.00531	0.00500
69	0.01419	0.00986	0.01126	0.01003	0.01290	0.01058	0.00803	0.08016	0.38158	0.14741	0.08090	0.02808	0.06411	0.00879	0.00583	0.00186	0.00431	0.10687	0.00559	0.00768
70	0.01140	0.10776	0.67926	0.01492	0.03650	0.01330	0.01849	0.01704	0.01137	0.02885	0.00961	0.01120	0.00695	0.00507	0.00494	0.00164	0.00762	0.00389	0.00235	0.00786
71	0.03460	0.06486	0.09423	0.04590	0.02403	0.07536	0.47931	0.01650	0.01229	0.01635	0.01171	0.07748	0.00997	0.00570	0.00585	0.00175	0.00812	0.00626	0.00284	0.00688
72	0.00932	0.00466	0.00699	0.00699	0.00699	0.00466	0.00466	0.00699	0.00699	0.00932	0.00932	0.01632	0.00932	0.01865	0.02098	0.84382	0.00466	0.00466	0.00233	0.00233
73	0.08436	0.01560	0.05046	0.01485	0.12050	0.15845	0.02119	0.27115	0.04703	0.08117	0.01325	0.01644	0.01058	0.00655	0.00527	0.00166	0.00643	0.06303	0.00423	0.00780
74	0.00864	0.00579	0.00634	0.00615	0.00676	0.00584	0.00387	0.03557	0.03942	0.01356	0.03530	0.03313	0.07992	0.56142	0.02037	0.00406	0.00457	0.00757	0.11765	0.00404
75	0.00723	0.00539	0.00672	0.00656	0.00784	0.00488	0.00485	0.00935	0.01406	0.01925	0.54730	0.12550	0.19701	0.01214	0.00639	0.00177	0.00263	0.01064	0.00562	0.00488
76	0.01113	0.00954	0.01113	0.00795	0.01272	0.00716	0.00636	0.01352	0.01113	0.01749	0.00954	0.01113	0.00795	0.00398	0.00398	0.00080	0.00398	0.00318	0.00318	0.84417
77	0.01047	0.01001	0.01639	0.54958	0.03001	0.01262	0.04710	0.01337	0.01019	0.01363	0.00974	0.04150	0.00820	0.00683	0.00842	0.01505	0.18333	0.00519	0.00248	0.00589
78	0.01195	0.00646	0.00852	0.00745	0.00951	0.00580	0.00578	0.01431	0.01512	0.22413	0.54496	0.03473	0.06969	0.00992	0.00608	0.00169	0.00308	0.00862	0.00607	0.00613
79	0.00754	0.00548	0.00709	0.00669	0.00798	0.00504	0.00502	0.01001	0.01505	0.02119	0.74062	0.04065	0.08528	0.01110	0.00633	0.00169	0.00254	0.00979	0.00586	0.00504
80	0.01252	0.07051	0.39787	0.02007	0.24740	0.06521	0.03373	0.01748	0.04210	0.01679	0.01002	0.01206	0.00774	0.00514	0.00528	0.00163	0.01972	0.00426	0.00256	0.00790
81	0.01064	0.02689	0.75253	0.01503	0.02269	0.01224	0.01931	0.01670	0.01122	0.01682	0.00982	0.01172	0.00706	0.00651	0.03651	0.00198	0.00819	0.00404	0.00229	0.00781
82	0.00654	0.00467	0.00623	0.00747	0.00779	0.00436	0.00498	0.00747	0.01028	0.01370	0.02959	0.80785	0.03550	0.01682	0.00685	0.00218	0.00311	0.01526	0.00498	0.00436
83	0.10636	0.01015	0.07212	0.00895	0.01245	0.03126	0.00776	0.01911	0.01375	0.39363	0.12167	0.06179	0.10187	0.00814	0.00543	0.00170	0.00440	0.00666	0.00546	0.00732
84	0.01231	0.01507	0.16392	0.07500	0.52978	0.01230	0.03825	0.01607	0.01198	0.01708	0.01157	0.01520	0.02758	0.00535	0.00539	0.00166	0.00667	0.02414	0.00269	0.00801
85	0.00736	0.00688	0.06881	0.00794	0.00892	0.00550	0.00612	0.00870	0.01020	0.01376	0.05517	0.48795	0.04963	0.17186	0.01091	0.00273	0.01677	0.05185	0.00442	0.00452
86	0.02490	0.32504	0.33942	0.01206	0.01756	0.01499	0.04266	0.03290	0.01159	0.01576	0.04311	0.07552	0.01110	0.00610	0.00469	0.00153	0.00642	0.00479	0.00276	0.00709
87	0.30324	0.08512	0.01315	0.04268	0.01403	0.05358	0.00814	0.25718	0.03238	0.04004	0.05697	0.01460	0.04555	0.00630	0.00457	0.00160	0.00513	0.00454	0.00417	0.00704
88	0.03488	0.01284	0.02858	0.07623	0.09091	0.01395	0.01075	0.35279	0.09871	0.10778	0.04361	0.01525	0.01150	0.00667	0.00635	0.00172	0.06941	0.00514	0.00470	0.00824

[dist]
# distance from previous block
# <min> <max>
1	7

[block]
# block no. 3 follows, 45 sequences, length 28
# corresponding to MSA columns:
# 524-551
name=unknown_D
#
# <colnr> <probs for GDERKNQSTAVLIFYWHMCP>
#	G	D	E	R	K	N	Q	S	T	A	V	L	I	F	Y	W	H	M	C	P
0	0.01192	0.00896	0.00969	0.00975	0.04586	0.08603	0.00692	0.03555	0.05735	0.12728	0.05688	0.31425	0.11600	0.01135	0.00601	0.00182	0.00432	0.03158	0.00487	0.05360
1	0.01726	0.01314	0.01550	0.01195	0.01612	0.01373	0.06082	0.47473	0.06477	0.04972	0.01390	0.03539	0.01082	0.00650	0.00531	0.00154	0.00556	0.02951	0.00484	0.14890
2	0.01412	0.01387	0.02006	0.07631	0.55640	0.08739	0.01505	0.06783	0.01305	0.01770	0.00988	0.01288	0.00821	0.00531	0.00608	0.00164	0.05874	0.00465	0.00282	0.00800
3	0.01230	0.08941	0.47606	0.04315	0.19740	0.02788	0.01738	0.01712	0.01171	0.04475	0.00995	0.01187	0.00745	0.00506	0.00502	0.00162	0.00727	0.00413	0.00253	0.00793
4	0.01274	0.41810	0.21022	0.06724	0.03540	0.01687	0.09949	0.01605	0.01128	0.01464	0.02824	0.01133	0.00819	0.00504	0.00476	0.00146	0.02551	0.00393	0.00245	0.00708
5	0.00667	0.00496	0.00650	0.03539	0.00876	0.00467	0.00523	0.00778	0.01064	0.01396	0.04733	0.67023	0.12632	0.01589	0.00673	0.00211	0.00320	0.01429	0.00491	0.00445
6	0.01112	0.00719	0.00873	0.00798	0.00938	0.00801	0.00625	0.07916	0.02633	0.05264	0.06827	0.06408	0.01612	0.01296	0.12234	0.02438	0.10725	0.00599	0.35623	0.00560
7	0.01176	0.01449	0.14997	0.26359	0.30333	0.01267	0.10959	0.01569	0.01154	0.01608	0.00984	0.01337	0.00771	0.00513	0.00582	0.00172	0.03297	0.00483	0.00250	0.00738
8	0.01089	0.01375	0.13103	0.04726	0.05122	0.01142	0.38345	0.01457	0.01159	0.01601	0.01460	0.19236	0.01402	0.00770	0.00686	0.00190	0.05384	0.00779	0.00313	0.00661
9	0.02302	0.00890	0.01212	0.00937	0.01334	0.00771	0.00771	0.02512	0.01535	0.73239	0.06997	0.01968	0.01571	0.00692	0.00546	0.00166	0.00444	0.00568	0.00660	0.00887
10	0.01016	0.03471	0.06540	0.01474	0.21004	0.00865	0.00961	0.01355	0.06601	0.04159	0.14350	0.14598	0.14110	0.00992	0.00596	0.00181	0.00448	0.06205	0.00434	0.00639
11	0.01479	0.09816	0.04312	0.08824	0.13045	0.01279	0.01055	0.14361	0.16471	0.11201	0.11117	0.01809	0.01574	0.00661	0.00529	0.00164	0.00523	0.00551	0.00448	0.00781
12	0.00993	0.00527	0.00553	0.00543	0.00666	0.00525	0.00402	0.03129	0.01123	0.01881	0.01914	0.02190	0.06587	0.02138	0.00602	0.08234	0.00286	0.00545	0.66683	0.00479
13	0.01306	0.01247	0.02126	0.03197	0.74691	0.01251	0.01608	0.01620	0.01208	0.01733	0.01027	0.01360	0.00870	0.00621	0.03694	0.00188	0.00670	0.00482	0.00267	0.00835
14	0.04616	0.03230	0.07420	0.14255	0.26757	0.02741	0.17214	0.05220	0.01228	0.01726	0.01130	0.06793	0.00976	0.00595	0.00597	0.00174	0.03748	0.00563	0.00290	0.00726
15	0.00660	0.00549	0.00582	0.00600	0.00769	0.00471	0.00461	0.00807	0.01218	0.01464	0.05064	0.07958	0.66753	0.01384	0.00648	0.00190	0.00298	0.09167	0.00498	0.00457
16	0.00767	0.00575	0.00863	0.00863	0.00959	0.00671	0.00671	0.00959	0.00863	0.01246	0.01438	0.02109	0.01342	0.04026	0.79008	0.00863	0.01438	0.00575	0.00288	0.00479
17	0.01140	0.04179	0.54969	0.03514	0.04710	0.01291	0.13759	0.01771	0.06376	0.01725	0.01064	0.01251	0.00774	0.00514	0.00530	0.00171	0.00774	0.00451	0.00258	0.00781
18	0.03566	0.05377	0.15960	0.01090	0.04914	0.00949	0.00965	0.04052	0.07646	0.20042	0.11240	0.10438	0.07162	0.03430	0.00623	0.00183	0.00485	0.00699	0.00468	0.00711
19	0.01075	0.02661	0.73206	0.01533	0.02298	0.01229	0.04782	0.01681	0.01150	0.01714	0.03191	0.01229	0.00812	0.00525	0.00518	0.00170	0.00782	0.00422	0.00239	0.00782
20	0.00708	0.00508	0.00657	0.00714	0.00763	0.00504	0.00484	0.00806	0.00966	0.01298	0.04949	0.39520	0.07901	0.21198	0.16080	0.00409	0.00571	0.01121	0.00420	0.00421
21	0.05704	0.07933	0.01670	0.08376	0.11619	0.08885	0.06188	0.10911	0.04468	0.17102	0.02715	0.04750	0.01173	0.00698	0.01571	0.00175	0.02439	0.02465	0.00410	0.00747
22	0.03425	0.01580	0.01722	0.10930	0.16330	0.23506	0.05947	0.07828	0.03525	0.01669	0.01065	0.01311	0.02600	0.00612	0.00699	0.00167	0.12411	0.00458	0.00301	0.03914
23	0.03036	0.00678	0.00870	0.07106	0.02450	0.00678	0.00690	0.06046	0.02930	0.01662	0.06781	0.38921	0.09157	0.01290	0.00633	0.00198	0.00395	0.10743	0.00468	0.05268
24	0.14978	0.24682	0.17538	0.01196	0.04489	0.12504	0.02387	0.03369	0.01180	0.04368	0.01013	0.03313	0.00872	0.02279	0.00511	0.00160	0.01844	0.02341	0.00293	0.00682
25	0.04259	0.28335	0.07725	0.02890	0.04507	0.07308	0.06204	0.12469	0.01323	0.01719	0.01160	0.06854	0.01074	0.03049	0.02280	0.00182	0.04346	0.03314	0.00319	0.00683
26	0.15318	0.27261	0.12254	0.01129	0.03708	0.10305	0.02268	0.09283	0.02874	0.03547	0.01047	0.04933	0.00890	0.00576	0.00437	0.00148	0.00605	0.00418	0.02301	0.00698
27	0.06320	0.10351	0.16448	0.04129	0.03598	0.02604	0.01089	0.16296	0.05143	0.12500	0.01334	0.06377	0.01059	0.00626	0.00492	0.00155	0.00565	0.00493	0.00399	0.10021

[dist]
# distance from previous block
# <min> <max>
1	25

[block]
# block no. 4 follows, 45 sequences, length 30
# corresponding to MSA columns:
# 581-610
name=unknown_E
#
# <colnr> <probs for GDERKNQSTAVLIFYWHMCP>
#	G	D	E	R	K	N	Q	S	T	A	V	L	I	F	Y	W	H	M	C	P
0	0.04436	0.11835	0.03553	0.01239	0.11467	0.01142	0.00889	0.06005	0.18515	0.05770	0.09065	0.11449	0.06242	0.00833	0.00538	0.00169	0.00457	0.02844	0.00442	0.03109
1	0.05592	0.03053	0.05837	0.04929	0.11463	0.01280	0.01079	0.31250	0.02996	0.15025	0.01454	0.01743	0.01118	0.00663	0.00531	0.00166	0.00562	0.06241	0.01836	0.03180
2	0.08028	0.05514	0.01485	0.18956	0.05986	0.08051	0.01034	0.19853	0.09483	0.03353	0.01288	0.01430	0.02877	0.00589	0.00493	0.00156	0.00586	0.00462	0.02712	0.07666
3	0.06546	0.39581	0.04264	0.04403	0.03550	0.08277	0.00907	0.04427	0.01240	0.05632	0.10717	0.01490	0.01340	0.02760	0.02681	0.00168	0.00589	0.00438	0.00326	0.00662
4	0.03003	0.24887	0.01628	0.00981	0.02954	0.04527	0.00807	0.04971	0.04652	0.26972	0.06172	0.13084	0.01630	0.00768	0.00503	0.00158	0.00488	0.00621	0.00465	0.00731
5	0.08197	0.06033	0.08275	0.01043	0.03677	0.00982	0.00901	0.06281	0.02482	0.41521	0.06832	0.01880	0.01445	0.00671	0.00516	0.00163	0.00486	0.03308	0.02055	0.03251
