[name]
unknown

[dist]
# distance from previous block
# <min> <max>
0	30

[block]
# block no. 0 follows, 48 sequences, length 18
# corresponding to MSA columns:
# 32-49
name=unknown_A
#
# <colnr> <probs for GDERKNQSTAVLIFYWHMCP>
#	G	D	E	R	K	N	Q	S	T	A	V	L	I	F	Y	W	H	M	C	P
0	0.03538	0.01410	0.19234	0.03714	0.01744	0.06293	0.18466	0.02462	0.01180	0.03113	0.11424	0.07918	0.01558	0.00772	0.02901	0.00183	0.03066	0.01954	0.04430	0.04640
1	0.01277	0.02691	0.11861	0.25351	0.20775	0.01136	0.08663	0.01690	0.05551	0.12370	0.02894	0.01439	0.00944	0.00527	0.00517	0.00163	0.00631	0.00484	0.00317	0.00720
2	0.01469	0.03531	0.15387	0.20891	0.03923	0.04463	0.04167	0.04423	0.09254	0.22585	0.01403	0.01582	0.01014	0.00588	0.00513	0.00164	0.00602	0.02923	0.00388	0.00732
3	0.01036	0.00759	0.03780	0.00823	0.03528	0.03484	0.00627	0.01217	0.01237	0.15492	0.17410	0.16898	0.26190	0.01143	0.02210	0.00186	0.02022	0.00918	0.00487	0.00553
4	0.00630	0.00456	0.00592	0.00693	0.00736	0.00422	0.00466	0.00725	0.01006	0.01333	0.05514	0.71106	0.09187	0.03637	0.00700	0.00212	0.00298	0.01394	0.00475	0.00418
5	0.01099	0.01453	0.20369	0.28426	0.16364	0.05030	0.03639	0.01544	0.05821	0.01537	0.01076	0.01420	0.00845	0.00652	0.03509	0.00188	0.00692	0.01786	0.03881	0.00669
6	0.01355	0.07103	0.36066	0.01432	0.02007	0.01148	0.19561	0.01784	0.01191	0.17605	0.01199	0.01315	0.00841	0.00507	0.00505	0.00159	0.00679	0.00460	0.04338	0.00746
7	0.01461	0.00688	0.00916	0.00766	0.01019	0.00609	0.00607	0.01678	0.01448	0.38223	0.39457	0.02900	0.06305	0.00865	0.00563	0.00161	0.00334	0.00741	0.00594	0.00665
8	0.00746	0.00497	0.00560	0.00560	0.00560	0.00497	0.00311	0.00746	0.00746	0.00995	0.01617	0.03358	0.01865	0.81967	0.02612	0.00497	0.00497	0.00746	0.00311	0.00311
9	0.85592	0.00992	0.00754	0.00675	0.00992	0.01151	0.00556	0.01508	0.00873	0.02302	0.00714	0.00834	0.00556	0.00476	0.00318	0.00159	0.00397	0.00278	0.00318	0.00556
10	0.07367	0.34221	0.31443	0.01133	0.01655	0.01571	0.01256	0.06128	0.04021	0.01604	0.00873	0.01003	0.00696	0.00503	0.00474	0.00144	0.04605	0.00346	0.00255	0.00703
11	0.01776	0.11111	0.01599	0.01100	0.01482	0.01550	0.00917	0.61654	0.02121	0.02820	0.01259	0.05081	0.01001	0.03476	0.00571	0.00163	0.00548	0.00497	0.00469	0.00806
12	0.01882	0.05499	0.04928	0.01178	0.01605	0.01596	0.01010	0.70078	0.02288	0.03064	0.01193	0.01205	0.00852	0.00602	0.00503	0.00152	0.00572	0.00449	0.00486	0.00857
13	0.03688	0.51830	0.15956	0.01036	0.01516	0.05793	0.01067	0.11016	0.01237	0.01566	0.00819	0.00926	0.00681	0.00475	0.00387	0.00127	0.00603	0.00319	0.00261	0.00697
14	0.07346	0.25984	0.06620	0.01116	0.03236	0.01662	0.00987	0.42744	0.01784	0.02423	0.01015	0.01073	0.00771	0.00541	0.00443	0.00141	0.00561	0.00387	0.00387	0.00778
15	0.05441	0.21831	0.42832	0.01230	0.01827	0.01466	0.01417	0.15049	0.01300	0.01843	0.00915	0.01034	0.00687	0.00498	0.00445	0.00148	0.00655	0.00363	0.00275	0.00744
16	0.26775	0.22271	0.13616	0.00950	0.01363	0.01404	0.00928	0.10293	0.03665	0.04740	0.01019	0.01113	0.02460	0.00534	0.00447	0.00147	0.03784	0.00362	0.01976	0.02152
17	0.06069	0.30467	0.26292	0.02593	0.05371	0.01367	0.01154	0.02577	0.01048	0.01466	0.01089	0.06887	0.02337	0.02549	0.03757	0.01719	0.00617	0.00447	0.00259	0.01935

[dist]
# distance from previous block
# <min> <max>
2	49

[block]
# block no. 1 follows, 48 sequences, length 38
# corresponding to MSA columns:
# 99-136
name=unknown_B
#
# <colnr> <probs for GDERKNQSTAVLIFYWHMCP>
#	G	D	E	R	K	N	Q	S	T	A	V	L	I	F	Y	W	H	M	C	P
0	0.10345	0.05336	0.04413	0.05697	0.03361	0.00931	0.00719	0.08752	0.04317	0.01677	0.05618	0.05079	0.09977	0.16470	0.04623	0.00251	0.02994	0.00605	0.00357	0.08481
1	0.22661	0.17166	0.08640	0.16657	0.01783	0.03144	0.03323	0.07762	0.03281	0.04973	0.00970	0.01220	0.00776	0.05034	0.00544	0.00171	0.00564	0.00392	0.00303	0.00635
2	0.10173	0.11323	0.19480	0.04597	0.06335	0.02742	0.08666	0.05709	0.02643	0.02801	0.02840	0.02853	0.00975	0.00651	0.02718	0.00170	0.02087	0.03535	0.00298	0.09405
3	0.01438	0.01628	0.09947	0.06935	0.04216	0.24304	0.04495	0.15505	0.04603	0.01798	0.01404	0.03470	0.06077	0.00642	0.00519	0.00152	0.01805	0.02534	0.04272	0.04254
4	0.01149	0.00909	0.01242	0.07947	0.03851	0.00987	0.03076	0.05841	0.05764	0.05801	0.01151	0.04790	0.00999	0.00999	0.06083	0.10170	0.17101	0.00485	0.02686	0.18967
5	0.01238	0.04016	0.07853	0.16362	0.08648	0.08900	0.05275	0.14509	0.04830	0.01826	0.07376	0.04333	0.09333	0.00685	0.00522	0.00160	0.00580	0.00579	0.02319	0.00655
6	0.00891	0.00446	0.00668	0.00668	0.00668	0.00446	0.00446	0.00668	0.00668	0.00891	0.00891	0.01560	0.00891	0.01783	0.02005	0.85071	0.00446	0.00446	0.00223	0.00223
7	0.01081	0.04859	0.65618	0.05112	0.02193	0.01182	0.04226	0.01621	0.01109	0.04471	0.03244	0.01204	0.00802	0.00507	0.00492	0.00161	0.00725	0.00408	0.00244	0.00740
8	0.01348	0.01010	0.01519	0.21092	0.04621	0.01044	0.10330	0.10573	0.01290	0.13654	0.01247	0.01566	0.00958	0.00576	0.00567	0.00154	0.05036	0.03636	0.05395	0.14386
9	0.00676	0.00535	0.00605	0.00592	0.00737	0.00478	0.00439	0.00881	0.03513	0.01643	0.32283	0.07567	0.43098	0.03855	0.00671	0.00181	0.00267	0.01015	0.00505	0.00459
10	0.01540	0.06853	0.24308	0.01575	0.16444	0.01284	0.01314	0.19841	0.03293	0.15009	0.01198	0.01270	0.00861	0.00548	0.00519	0.00156	0.02373	0.00436	0.00373	0.00806
11	0.22592	0.03883	0.48009	0.01313	0.04416	0.01207	0.04490	0.03679	0.01082	0.03632	0.00904	0.01052	0.00657	0.00487	0.00447	0.00160	0.00648	0.00368	0.00263	0.00709
12	0.00647	0.00521	0.00576	0.00563	0.00718	0.00450	0.00422	0.00815	0.01266	0.01614	0.30108	0.04562	0.53506	0.01214	0.00606	0.00169	0.00254	0.01030	0.00507	0.00450
13	0.04196	0.15905	0.06206	0.11042	0.27977	0.20469	0.01255	0.04406	0.01230	0.01523	0.00872	0.01092	0.00718	0.00486	0.00459	0.00143	0.00684	0.00384	0.00257	0.00695
14	0.85592	0.00992	0.00754	0.00675	0.00992	0.01151	0.00556	0.01508	0.00873	0.02302	0.00714	0.00834	0.00556	0.00476	0.00318	0.00159	0.00397	0.00278	0.00318	0.00556
15	0.00625	0.00447	0.00595	0.00714	0.00744	0.00417	0.00476	0.00714	0.00982	0.01310	0.02828	0.81633	0.03394	0.01608	0.00655	0.00208	0.00298	0.01459	0.00476	0.00417
16	0.00948	0.00497	0.00699	0.00682	0.00710	0.00504	0.00466	0.04487	0.00781	0.01073	0.00959	0.01566	0.00918	0.01648	0.01825	0.75385	0.00438	0.00449	0.05693	0.00271
17	0.00668	0.00504	0.00665	0.00806	0.04379	0.00469	0.00529	0.00779	0.01024	0.01342	0.03066	0.59196	0.14878	0.03983	0.00704	0.00211	0.00323	0.05577	0.00461	0.00438
18	0.00929	0.00479	0.00497	0.00504	0.00618	0.00480	0.00375	0.01157	0.01062	0.01852	0.01732	0.06669	0.01438	0.00770	0.03123	0.00149	0.00282	0.00539	0.76870	0.00474
19	0.03158	0.01130	0.05152	0.47507	0.12660	0.05377	0.01311	0.03851	0.01153	0.08785	0.01023	0.01324	0.00759	0.00514	0.00499	0.00160	0.00644	0.00441	0.00285	0.04267
20	0.08488	0.36970	0.07365	0.01033	0.01412	0.22582	0.00939	0.01744	0.01168	0.08664	0.00888	0.01012	0.00730	0.01992	0.00476	0.00139	0.03132	0.00334	0.00280	0.00651
21	0.00746	0.00497	0.00560	0.00560	0.00560	0.00497	0.00311	0.00746	0.00746	0.00995	0.01617	0.03358	0.01865	0.81967	0.02612	0.00497	0.00497	0.00746	0.00311	0.00311
22	0.00624	0.00450	0.00592	0.00706	0.00742	0.00417	0.00473	0.00715	0.00990	0.01313	0.02926	0.78450	0.06513	0.01595	0.00653	0.00207	0.00296	0.01443	0.00476	0.00417
23	0.01792	0.07348	0.01623	0.01158	0.01559	0.01530	0.04080	0.61197	0.03886	0.02873	0.01199	0.01240	0.00876	0.00610	0.00523	0.01671	0.00557	0.00452	0.02407	0.03419
24	0.01295	0.05120	0.01130	0.00835	0.01187	0.05231	0.00669	0.10087	0.03137	0.11724	0.05407	0.06688	0.10489	0.00675	0.00473	0.00126	0.00422	0.00549	0.00413	0.34344
25	0.03127	0.18643	0.12526	0.05739	0.06524	0.01412	0.14902	0.06047	0.01169	0.06624	0.04555	0.01290	0.00937	0.00576	0.00677	0.00162	0.13660	0.00455	0.00292	0.00683
26	0.01182	0.07256	0.17245	0.08851	0.02265	0.05172	0.32823	0.02797	0.01126	0.01522	0.00979	0.03710	0.00800	0.00557	0.00691	0.00172	0.11419	0.00515	0.00252	0.00664
27	0.01211	0.01384	0.03028	0.02163	0.02682	0.01298	0.76903	0.01644	0.01211	0.01644	0.01038	0.01384	0.00779	0.00433	0.00606	0.00173	0.00865	0.00606	0.00260	0.00692
28	0.01820	0.01440	0.05204	0.05168	0.01750	0.03323	0.05244	0.56451	0.04512	0.08008	0.01261	0.01289	0.00891	0.00596	0.00516	0.00157	0.00591	0.00470	0.00474	0.00834
29	0.01398	0.04463	0.05794	0.18988	0.04479	0.04915	0.01089	0.26214	0.06340	0.04302	0.01269	0.06914	0.01057	0.00780	0.03206	0.00189	0.05957	0.01569	0.00375	0.00700
30	0.00628	0.00454	0.00595	0.00701	0.00742	0.00420	0.00472	0.00726	0.01011	0.01344	0.05977	0.74370	0.07526	0.01569	0.00650	0.00205	0.00293	0.01417	0.00480	0.00420
31	0.00630	0.00457	0.00596	0.00696	0.00742	0.00422	0.00471	0.00732	0.01026	0.01363	0.07863	0.71114	0.08893	0.01549	0.00648	0.00203	0.00291	0.01398	0.00482	0.00422
32	0.01862	0.05796	0.01491	0.01096	0.01481	0.01437	0.00905	0.54550	0.07751	0.12757	0.01409	0.02946	0.01035	0.02405	0.00553	0.00162	0.00529	0.00493	0.00508	0.00835
33	0.02059	0.05633	0.01395	0.01020	0.01406	0.03292	0.00846	0.25229	0.05242	0.44170	0.01648	0.01509	0.01098	0.00624	0.00529	0.00156	0.02267	0.00482	0.00550	0.00844
34	0.00620	0.00518	0.00540	0.00538	0.00702	0.00438	0.00402	0.00761	0.01195	0.01456	0.13003	0.06862	0.68644	0.01281	0.00608	0.00173	0.00259	0.01076	0.00486	0.00438
35	0.01086	0.03750	0.20909	0.07108	0.05714	0.05126	0.29695	0.01462	0.01139	0.01538	0.02778	0.14751	0.01250	0.00666	0.00559	0.00171	0.00702	0.00659	0.00288	0.00649
36	0.01515	0.01584	0.03496	0.19422	0.11163	0.26314	0.10553	0.10300	0.01389	0.05933	0.01094	0.01299	0.02564	0.00538	0.00510	0.00154	0.00739	0.00451	0.00307	0.00674
37	0.01030	0.04354	0.68984	0.01441	0.02143	0.01178	0.05859	0.01587	0.01110	0.01640	0.05237	0.01246	0.00890	0.00515	0.00497	0.00162	0.00730	0.00419	0.00238	0.00737

[dist]
# distance from previous block
# <min> <max>
5	42

[block]
# block no. 2 follows, 48 sequences, length 9
# corresponding to MSA columns:
# 181-189
name=unknown_C
#
# <colnr> <probs for GDERKNQSTAVLIFYWHMCP>
#	G	D	E	R	K	N	Q	S	T	A	V	L	I	F	Y	W	H	M	C	P
0	0.01831	0.01329	0.01659	0.04244	0.01743	0.04303	0.11708	0.46654	0.01964	0.14657	0.01314	0.01349	0.00920	0.00585	0.00520	0.00156	0.00595	0.00486	0.03169	0.00813
1	0.01289	0.01289	0.05869	0.05856	0.01543	0.07876	0.04087	0.18890	0.01330	0.01777	0.03417	0.01735	0.10130	0.02870	0.00997	0.00191	0.29345	0.00540	0.00337	0.00630
2	0.01731	0.02172	0.01322	0.01208	0.01460	0.68635	0.00906	0.01863	0.01414	0.01274	0.01418	0.01494	0.11709	0.00638	0.00483	0.00138	0.00831	0.00437	0.00294	0.00572
3	0.01128	0.01251	0.02683	0.01957	0.02407	0.01173	0.66063	0.01512	0.01179	0.01596	0.01292	0.12766	0.01149	0.00599	0.00613	0.00178	0.00785	0.00727	0.00290	0.00653
4	0.02186	0.00849	0.01145	0.00886	0.01268	0.00732	0.00729	0.02380	0.01448	0.73811	0.02241	0.01965	0.06551	0.00680	0.00522	0.00160	0.00425	0.00555	0.00624	0.00843
5	0.00827	0.00591	0.00827	0.00945	0.01063	0.00591	0.00827	0.01063	0.01181	0.01536	0.02717	0.05788	0.02953	0.01417	0.00709	0.00236	0.00472	0.75313	0.00472	0.00472
6	0.00969	0.00912	0.01539	0.80734	0.03534	0.01140	0.01425	0.01311	0.01026	0.01311	0.00912	0.01368	0.00684	0.00513	0.00513	0.00171	0.00684	0.00456	0.00228	0.00570
7	0.00746	0.00497	0.00560	0.00560	0.00560	0.00497	0.00311	0.00746	0.00746	0.00995	0.01617	0.03358	0.01865	0.81967	0.02612	0.00497	0.00497	0.00746	0.00311	0.00311
8	0.85592	0.00992	0.00754	0.00675	0.00992	0.01151	0.00556	0.01508	0.00873	0.02302	0.00714	0.00834	0.00556	0.00476	0.00318	0.00159	0.00397	0.00278	0.00318	0.00556

[dist]
# distance from previous block
# <min> <max>
0	2

[block]
# block no. 3 follows, 48 sequences, length 17
# corresponding to MSA columns:
# 206-217,219-223
name=unknown_D
#
# <colnr> <probs for GDERKNQSTAVLIFYWHMCP>
#	G	D	E	R	K	N	Q	S	T	A	V	L	I	F	Y	W	H	M	C	P
0	0.04612	0.56727	0.02249	0.00966	0.01333	0.14377	0.00885	0.03055	0.01130	0.01332	0.03836	0.00986	0.00827	0.00510	0.00446	0.00125	0.05396	0.00324	0.00250	0.00636
1	0.00631	0.00449	0.00594	0.00707	0.00735	0.00421	0.00468	0.00716	0.00971	0.01295	0.02769	0.77826	0.03319	0.05516	0.00750	0.00222	0.00307	0.01424	0.00468	0.00412
2	0.01064	0.00912	0.01064	0.00760	0.01216	0.00684	0.00608	0.01292	0.01064	0.01672	0.00912	0.01064	0.00760	0.00380	0.00380	0.00076	0.00380	0.00304	0.00304	0.85104
3	0.14146	0.01258	0.10702	0.01005	0.01378	0.03056	0.00899	0.22476	0.05231	0.11223	0.01400	0.07057	0.01159	0.00851	0.04966	0.00195	0.00556	0.03995	0.00420	0.08026
4	0.00891	0.00446	0.00668	0.00668	0.00668	0.00446	0.00446	0.00668	0.00668	0.00891	0.00891	0.01560	0.00891	0.01783	0.02005	0.85071	0.00446	0.00446	0.00223	0.00223
5	0.02237	0.00860	0.01165	0.00898	0.01286	0.00742	0.00740	0.02432	0.01457	0.76118	0.02147	0.01870	0.04257	0.00661	0.00519	0.00159	0.00430	0.00538	0.00629	0.00856
6	0.00979	0.00772	0.00888	0.00847	0.03148	0.00781	0.00623	0.03794	0.24488	0.04298	0.20758	0.10665	0.18945	0.00968	0.00563	0.00167	0.00335	0.00830	0.00501	0.05651
7	0.01175	0.06239	0.52523	0.01487	0.07511	0.06230	0.02886	0.04980	0.04232	0.01679	0.00967	0.01117	0.00718	0.00492	0.00478	0.00152	0.00705	0.00388	0.00254	0.05788
8	0.00628	0.00455	0.00593	0.00697	0.00741	0.00421	0.00470	0.00726	0.01015	0.01345	0.05953	0.72887	0.09050	0.01563	0.00649	0.00204	0.00293	0.01410	0.00480	0.00421
9	0.01913	0.01318	0.01439	0.01117	0.01508	0.01437	0.00918	0.61095	0.07199	0.11772	0.01393	0.01359	0.00978	0.00623	0.00509	0.00155	0.00529	0.00476	0.03407	0.00855
10	0.04323	0.17782	0.02930	0.14216	0.01721	0.08700	0.00982	0.14895	0.07010	0.07297	0.02449	0.01342	0.00936	0.04163	0.00680	0.00170	0.08953	0.00435	0.00343	0.00672
11	0.03612	0.00956	0.01119	0.00973	0.01209	0.01017	0.03124	0.36217	0.01652	0.02240	0.01999	0.35266	0.04094	0.01130	0.02706	0.00196	0.00470	0.00901	0.00477	0.00643
12	0.00635	0.00521	0.00559	0.00550	0.00711	0.00445	0.00412	0.00792	0.01237	0.01546	0.22701	0.04674	0.60955	0.01240	0.00606	0.00170	0.00256	0.01046	0.00498	0.00445
13	0.01006	0.00957	0.01532	0.48660	0.05951	0.01208	0.03012	0.01268	0.00958	0.01299	0.00930	0.02852	0.00799	0.03954	0.02762	0.00213	0.21346	0.00490	0.00238	0.00565
14	0.01141	0.06092	0.52887	0.06282	0.08756	0.01289	0.01666	0.07429	0.01168	0.01688	0.00921	0.01118	0.00685	0.00522	0.00567	0.00163	0.06242	0.00397	0.00244	0.00742
15	0.01622	0.00934	0.02613	0.00883	0.01184	0.03036	0.00719	0.12633	0.08427	0.32507	0.15889	0.04543	0.04368	0.00754	0.00525	0.00158	0.00411	0.00624	0.07442	0.00727
16	0.00780	0.00569	0.00679	0.00638	0.00793	0.00521	0.00482	0.04264	0.01383	0.03977	0.45884	0.07231	0.28644	0.01124	0.00601	0.00167	0.00270	0.00969	0.00532	0.00492

[dist]
# distance from previous block
# <min> <max>
1	20

[block]
# block no. 4 follows, 48 sequences, length 28
# corresponding to MSA columns:
# 245-272
name=unknown_E
#
# <colnr> <probs for GDERKNQSTAVLIFYWHMCP>
#	G	D	E	R	K	N	Q	S	T	A	V	L	I	F	Y	W	H	M	C	P
0	0.04079	0.04500	0.26159	0.01750	0.24298	0.02492	0.02498	0.05343	0.03699	0.01733	0.08422	0.03753	0.01265	0.03989	0.00636	0.00175	0.03695	0.00508	0.00302	0.00706
1	0.05726	0.18937	0.28106	0.06877	0.04574	0.08611	0.03488	0.06790	0.01189	0.03290	0.01049	0.03089	0.02188	0.03367	0.00531	0.00161	0.00654	0.00421	0.00274	0.00679
2	0.03233	0.05098	0.05001	0.03793	0.04584	0.00988	0.00838	0.14266	0.06112	0.25379	0.05282	0.09219	0.01451	0.02591	0.00552	0.00161	0.00462	0.00578	0.02316	0.08096
3	0.05719	0.00695	0.00796	0.02096	0.05181	0.00697	0.00560	0.05235	0.03979	0.01852	0.01413	0.01696	0.01148	0.03223	0.06436	0.02043	0.00416	0.00457	0.43959	0.12401
4	0.00879	0.00713	0.00888	0.00745	0.01011	0.00599	0.03707	0.03251	0.01186	0.03080	0.13103	0.15214	0.22929	0.00930	0.00532	0.00143	0.00342	0.00805	0.00424	0.29518
5	0.00680	0.00469	0.00589	0.00667	0.00693	0.00451	0.00433	0.00751	0.00917	0.01234	0.02406	0.51704	0.02833	0.27180	0.01272	0.00299	0.00366	0.03902	0.02767	0.00387
6	0.01210	0.00940	0.01102	0.00796	0.01245	0.00743	0.00641	0.05872	0.01175	0.07631	0.01015	0.01126	0.00805	0.00413	0.00398	0.00087	0.00395	0.00329	0.00341	0.73734
7	0.01485	0.01175	0.04194	0.07055	0.01692	0.01135	0.09826	0.30566	0.01623	0.09559	0.01346	0.08697	0.01109	0.02311	0.00556	0.00156	0.00544	0.00549	0.00418	0.16003
8	0.01393	0.40630	0.16751	0.01233	0.04146	0.17436	0.04372	0.01645	0.01130	0.01331	0.00788	0.00948	0.00668	0.00492	0.00479	0.00135	0.05191	0.00335	0.00231	0.00665
9	0.00629	0.00458	0.00593	0.00693	0.00741	0.00422	0.00469	0.00731	0.01026	0.01358	0.07232	0.70185	0.10477	0.01548	0.00648	0.00203	0.00291	0.01394	0.00481	0.00422
10	0.00635	0.00460	0.00597	0.00702	0.00748	0.00428	0.00478	0.00732	0.01000	0.01317	0.02997	0.69426	0.09957	0.03915	0.00710	0.00215	0.00307	0.04486	0.00471	0.00417
11	0.05793	0.00683	0.00990	0.00914	0.03236	0.00725	0.05855	0.05153	0.00884	0.03208	0.01000	0.01550	0.00920	0.04773	0.01558	0.50449	0.06379	0.00465	0.05078	0.00387
12	0.00969	0.00912	0.01539	0.80734	0.03534	0.01140	0.01425	0.01311	0.01026	0.01311	0.00912	0.01368	0.00684	0.00513	0.00513	0.00171	0.00684	0.00456	0.00228	0.00570
13	0.01068	0.05909	0.68387	0.01605	0.09767	0.01230	0.01821	0.01616	0.01090	0.01612	0.00916	0.01091	0.00666	0.00482	0.00483	0.00159	0.00735	0.00382	0.00220	0.00759
14	0.01064	0.00912	0.01064	0.00760	0.01216	0.00684	0.00608	0.01292	0.01064	0.01672	0.00912	0.01064	0.00760	0.00380	0.00380	0.00076	0.00380	0.00304	0.00304	0.85104
15	0.00651	0.00458	0.00582	0.00675	0.00715	0.00429	0.00448	0.00740	0.00974	0.01307	0.02807	0.64755	0.08149	0.10133	0.00848	0.00233	0.00314	0.01316	0.04057	0.00409
16	0.00746	0.00497	0.00560	0.00560	0.00560	0.00497	0.00311	0.00746	0.00746	0.00995	0.01617	0.03358	0.01865	0.81967	0.02612	0.00497	0.00497	0.00746	0.00311	0.00311
17	0.01422	0.74854	0.02574	0.00919	0.01342	0.09271	0.00889	0.01584	0.01081	0.01212	0.00721	0.00833	0.00659	0.00447	0.00342	0.00112	0.00584	0.00280	0.00224	0.00653
18	0.01211	0.01384	0.03028	0.02163	0.02682	0.01298	0.76903	0.01644	0.01211	0.01644	0.01038	0.01384	0.00779	0.00433	0.00606	0.00173	0.00865	0.00606	0.00260	0.00692
19	0.00686	0.00489	0.00660	0.00775	0.00829	0.00469	0.00571	0.00814	0.01032	0.01364	0.02759	0.57721	0.03222	0.04015	0.00730	0.00225	0.00353	0.22387	0.00470	0.00429
20	0.00606	0.00520	0.00520	0.00520	0.00693	0.00433	0.00390	0.00736	0.01170	0.01386	0.05198	0.04938	0.78558	0.01299	0.00606	0.00173	0.00260	0.01083	0.00476	0.00433
21	0.02987	0.00659	0.00837	0.00752	0.00946	0.00625	0.00577	0.01464	0.08254	0.19874	0.43354	0.12180	0.03456	0.00974	0.00577	0.00167	0.00312	0.00849	0.00562	0.00598
22	0.01917	0.02445	0.01454	0.01322	0.01586	0.79907	0.00991	0.02049	0.01454	0.01256	0.00793	0.00925	0.00661	0.00529	0.00463	0.00132	0.00925	0.00330	0.00264	0.00595
23	0.00994	0.00723	0.00950	0.11470	0.02490	0.00749	0.00725	0.11600	0.01388	0.04900	0.29343	0.12442	0.05408	0.06046	0.00717	0.00196	0.00406	0.08434	0.00472	0.00548
24	0.00733	0.00550	0.00825	0.00825	0.00916	0.00641	0.00641	0.00916	0.00825	0.01191	0.01374	0.02016	0.01283	0.03848	0.79934	0.00825	0.01374	0.00550	0.00275	0.00458
25	0.01241	0.01460	0.06059	0.03747	0.10878	0.05934	0.55092	0.01629	0.01187	0.01594	0.00987	0.01316	0.00762	0.00471	0.00640	0.00171	0.05331	0.00551	0.00255	0.00693
26	0.01064	0.00912	0.01064	0.00760	0.01216	0.00684	0.00608	0.01292	0.01064	0.01672	0.00912	0.01064	0.00760	0.00380	0.00380	0.00076	0.00380	0.00304	0.00304	0.85104
27	0.77088	0.02631	0.00796	0.00687	0.00993	0.01119	0.00563	0.01490	0.00898	0.04137	0.00864	0.05323	0.00732	0.00542	0.00341	0.00161	0.00396	0.00349	0.00332	0.00558

[dist]
# distance from previous block
# <min> <max>
0	10

[block]
# block no. 5 follows, 48 sequences, length 32
# corresponding to MSA columns:
# 283-314
name=unknown_F
#
# <colnr> <probs for GDERKNQSTAVLIFYWHMCP>
#	G	D	E	R	K	N	Q	S	T	A	V	L	I	F	Y	W	H	M	C	P
0	0.01034	0.02617	0.77096	0.01483	0.02234	0.01195	0.04071	0.01625	0.01087	0.01625	0.00924	0.01092	0.00654	0.00486	0.00491	0.00163	0.00761	0.00386	0.00218	0.00756
1	0.85592	0.00992	0.00754	0.00675	0.00992	0.01151	0.00556	0.01508	0.00873	0.02302	0.00714	0.00834	0.00556	0.00476	0.00318	0.00159	0.00397	0.00278	0.00318	0.00556
2	0.00610	0.00520	0.00525	0.00524	0.00695	0.00435	0.00393	0.00743	0.01178	0.01406	0.07386	0.04905	0.76357	0.01292	0.00606	0.00173	0.00259	0.01078	0.00479	0.00435
3	0.12195	0.00547	0.00515	0.00504	0.00650	0.00568	0.00385	0.01237	0.01049	0.01965	0.01546	0.01770	0.01214	0.00582	0.00353	0.00125	0.00260	0.00452	0.73595	0.00489
4	0.03942	0.00886	0.01148	0.00868	0.01278	0.00745	0.00712	0.02165	0.01350	0.57332	0.01706	0.01549	0.01122	0.00566	0.00476	0.00137	0.00421	0.00456	0.00542	0.22599
5	0.01123	0.01123	0.01572	0.01347	0.01347	0.01572	0.01123	0.01235	0.00786	0.01235	0.00674	0.01123	0.00674	0.00898	0.01684	0.00225	0.81028	0.00449	0.00225	0.00561
6	0.00717	0.00524	0.00673	0.00636	0.00761	0.00480	0.00477	0.00950	0.01430	0.02005	0.72803	0.03919	0.10567	0.01068	0.00605	0.00162	0.00243	0.00940	0.00558	0.00480
7	0.01372	0.82276	0.02689	0.00878	0.01317	0.02030	0.00878	0.01536	0.01043	0.01207	0.00713	0.00823	0.00658	0.00439	0.00329	0.00110	0.00549	0.00274	0.00219	0.00658
8	0.00625	0.00447	0.00595	0.00714	0.00744	0.00417	0.00476	0.00714	0.00982	0.01310	0.02828	0.81633	0.03394	0.01608	0.00655	0.00208	0.00298	0.01459	0.00476	0.00417
9	0.00870	0.00570	0.00788	0.00880	0.00992	0.00554	0.00726	0.01063	0.01146	0.06633	0.02701	0.26337	0.02962	0.01418	0.00681	0.00223	0.00422	0.50068	0.00484	0.00484
10	0.00969	0.00899	0.01508	0.78357	0.03447	0.01120	0.01393	0.01308	0.01027	0.01329	0.00935	0.01384	0.00703	0.00516	0.00508	0.00169	0.00671	0.00457	0.02733	0.00567
11	0.00746	0.00497	0.00560	0.00560	0.00560	0.00497	0.00311	0.00746	0.00746	0.00995	0.01617	0.03358	0.01865	0.81967	0.02612	0.00497	0.00497	0.00746	0.00311	0.00311
12	0.03690	0.17341	0.62714	0.01330	0.02016	0.01346	0.01666	0.01605	0.01069	0.01568	0.00876	0.01027	0.00649	0.00478	0.00453	0.00153	0.00708	0.00357	0.00220	0.00734
13	0.01372	0.82276	0.02689	0.00878	0.01317	0.02030	0.00878	0.01536	0.01043	0.01207	0.00713	0.00823	0.00658	0.00439	0.00329	0.00110	0.00549	0.00274	0.00219	0.00658
14	0.82452	0.00988	0.00771	0.00684	0.01004	0.01136	0.00563	0.01546	0.00896	0.05198	0.00764	0.00868	0.00583	0.00482	0.00325	0.00159	0.00398	0.00287	0.00330	0.00568
15	0.00606	0.00520	0.00520	0.00520	0.00693	0.00433	0.00390	0.00736	0.01170	0.01386	0.05198	0.04938	0.78558	0.01299	0.00606	0.00173	0.00260	0.01083	0.00476	0.00433
16	0.04090	0.00823	0.01103	0.00867	0.01220	0.00723	0.00708	0.02244	0.01452	0.65549	0.13605	0.02041	0.01795	0.00694	0.00525	0.00159	0.00406	0.00573	0.00617	0.00806
17	0.00615	0.00518	0.00533	0.00533	0.00699	0.00436	0.00398	0.00751	0.01184	0.01429	0.10017	0.06644	0.71913	0.01290	0.00607	0.00173	0.00260	0.01081	0.00482	0.00436
18	0.00694	0.00505	0.00653	0.00655	0.00757	0.00464	0.00476	0.00892	0.01320	0.01833	0.55425	0.23008	0.08999	0.01201	0.00617	0.00174	0.00257	0.01068	0.00538	0.00464
19	0.01951	0.01437	0.01540	0.01181	0.01591	0.01591	0.00975	0.77056	0.02412	0.03234	0.01232	0.01232	0.00873	0.00616	0.00513	0.00154	0.00565	0.00462	0.00513	0.00873
20	0.00632	0.00451	0.00603	0.00722	0.00755	0.00423	0.00488	0.00726	0.00989	0.01317	0.02824	0.79093	0.03379	0.01601	0.00657	0.00209	0.00304	0.03931	0.00476	0.00419
21	0.00990	0.04205	0.67093	0.01345	0.02005	0.01113	0.01684	0.01519	0.01100	0.01623	0.06186	0.06616	0.01110	0.00598	0.00503	0.00164	0.00689	0.00485	0.00257	0.00715
22	0.01951	0.01437	0.01540	0.01181	0.01591	0.01591	0.00975	0.77056	0.02412	0.03234	0.01232	0.01232	0.00873	0.00616	0.00513	0.00154	0.00565	0.00462	0.00513	0.00873
23	0.01781	0.04413	0.04043	0.01060	0.01487	0.01299	0.00900	0.45289	0.03338	0.14435	0.01282	0.01273	0.00911	0.00567	0.00482	0.00140	0.00515	0.00434	0.00474	0.15879
24	0.00957	0.00507	0.00549	0.05799	0.00792	0.00522	0.00429	0.01203	0.01073	0.01873	0.01623	0.01877	0.01273	0.00592	0.00369	0.00123	0.00269	0.00477	0.79208	0.00484
25	0.00717	0.00524	0.00673	0.00636	0.00761	0.00480	0.00477	0.00951	0.01431	0.02007	0.72968	0.03916	0.10401	0.01068	0.00605	0.00162	0.00243	0.00940	0.00558	0.00480
26	0.00827	0.00591	0.00827	0.00945	0.01063	0.00591	0.00827	0.01063	0.01181	0.01536	0.02717	0.05788	0.02953	0.01417	0.00709	0.00236	0.00472	0.75313	0.00472	0.00472
27	0.01101	0.02992	0.01546	0.15512	0.01725	0.01463	0.01138	0.01344	0.05947	0.01310	0.00853	0.02797	0.00788	0.00819	0.01345	0.00209	0.57809	0.00475	0.00250	0.00579
28	0.00746	0.00497	0.00560	0.00560	0.00560	0.00497	0.00311	0.00746	0.00746	0.00995	0.01617	0.03358	0.01865	0.81967	0.02612	0.00497	0.00497	0.00746	0.00311	0.00311
29	0.01525	0.01203	0.01329	0.01201	0.06522	0.01346	0.00898	0.32400	0.37360	0.02536	0.01642	0.01597	0.01221	0.00642	0.00507	0.00161	0.00472	0.00518	0.06106	0.00814
30	0.03096	0.01070	0.01580	0.26107	0.08380	0.04116	0.11329	0.06423	0.04041	0.01606	0.01069	0.04346	0.00898	0.02511	0.00640	0.02769	0.03598	0.00489	0.00292	0.15640
31	0.01171	0.00842	0.08347	0.00803	0.01061	0.00664	0.00699	0.03035	0.02723	0.19269	0.37810	0.02674	0.02882	0.01022	0.05821	0.00200	0.00423	0.00691	0.07401	0.02461

[dist]
# distance from previous block
# <min> <max>
0	22

[block]
# block no. 6 follows, 48 sequences, length 32
# corresponding to MSA columns:
# 370-401
name=unknown_G
#
# <colnr> <probs for GDERKNQSTAVLIFYWHMCP>
#	G	D	E	R	K	N	Q	S	T	A	V	L	I	F	Y	W	H	M	C	P
0	0.02863	0.06322	0.06101	0.00934	0.01266	0.00989	0.01914	0.13738	0.10391	0.06873	0.09019	0.06497	0.02825	0.02175	0.02059	0.00169	0.00466	0.07088	0.01843	0.16469
1	0.02662	0.01275	0.14174	0.08077	0.03967	0.03160	0.10419	0.04818	0.14192	0.05207	0.05767	0.11476	0.02725	0.00775	0.00622	0.00178	0.05537	0.03935	0.00376	0.00661
2	0.02919	0.02655	0.01796	0.12448	0.48790	0.03854	0.01348	0.06719	0.04390	0.03215	0.01063	0.01332	0.00858	0.00612	0.03231	0.00177	0.00625	0.00456	0.02763	0.00750
3	0.00697	0.00534	0.00637	0.00609	0.00749	0.00483	0.00455	0.00921	0.02904	0.01809	0.50440	0.04159	0.29733	0.02826	0.00646	0.00173	0.00257	0.00970	0.00529	0.00470
4	0.06563	0.11429	0.01254	0.00770	0.01215	0.00888	0.00639	0.01338	0.01049	0.01653	0.00874	0.01018	0.00734	0.00394	0.00369	0.00086	0.00403	0.00298	0.00294	0.68735
5	0.00712	0.00521	0.00662	0.00631	0.00752	0.00477	0.00469	0.00931	0.01390	0.01937	0.66617	0.05819	0.12562	0.03457	0.00665	0.00174	0.00253	0.00952	0.00546	0.00472
6	0.00694	0.00517	0.00721	0.00787	0.00839	0.00547	0.00573	0.00820	0.00935	0.01280	0.02272	0.48085	0.02590	0.03785	0.24211	0.00399	0.04204	0.05901	0.00402	0.00437
7	0.00625	0.00447	0.00595	0.00714	0.00744	0.00417	0.00476	0.00714	0.00982	0.01310	0.02828	0.81633	0.03394	0.01608	0.00655	0.00208	0.00298	0.01459	0.00476	0.00417
8	0.01431	0.01341	0.01277	0.06270	0.02715	0.14903	0.00905	0.13049	0.42298	0.02043	0.01722	0.01773	0.03132	0.00671	0.00515	0.00164	0.00538	0.02705	0.00447	0.02102
9	0.01110	0.00940	0.01089	0.00782	0.01236	0.00732	0.00627	0.05262	0.01135	0.01754	0.00929	0.01073	0.00766	0.00392	0.00387	0.00080	0.00390	0.00312	0.00315	0.80691
10	0.85592	0.00992	0.00754	0.00675	0.00992	0.01151	0.00556	0.01508	0.00873	0.02302	0.00714	0.00834	0.00556	0.00476	0.00318	0.00159	0.00397	0.00278	0.00318	0.00556
11	0.05327	0.11977	0.01537	0.01039	0.01417	0.01504	0.00874	0.55250	0.02014	0.02777	0.01192	0.01238	0.00881	0.00585	0.00463	0.00144	0.00518	0.00431	0.10043	0.00786
12	0.00630	0.00450	0.00600	0.00711	0.00745	0.00420	0.00477	0.00727	0.01005	0.01345	0.06423	0.77936	0.03462	0.01581	0.00653	0.00206	0.00295	0.01433	0.00481	0.00420
13	0.00662	0.00515	0.00601	0.00594	0.00731	0.00455	0.00440	0.00839	0.01280	0.01681	0.37952	0.11435	0.38545	0.01215	0.00610	0.00171	0.00255	0.01047	0.00516	0.00455
14	0.00652	0.00473	0.00608	0.00675	0.00737	0.00437	0.00463	0.00775	0.01094	0.01471	0.20046	0.54083	0.10126	0.04944	0.00724	0.00207	0.00291	0.01276	0.00489	0.00429
15	0.00798	0.00574	0.00791	0.00904	0.01016	0.00567	0.00774	0.01015	0.01162	0.01507	0.02838	0.12999	0.06372	0.01430	0.00699	0.00231	0.00446	0.64938	0.00473	0.00465
16	0.01565	0.01119	0.01296	0.04318	0.01406	0.01233	0.02178	0.48413	0.01808	0.02448	0.01169	0.01416	0.00921	0.03703	0.00916	0.17778	0.02330	0.00471	0.04840	0.00675
17	0.80452	0.04089	0.00846	0.02507	0.01063	0.01184	0.00588	0.01505	0.00883	0.02238	0.00719	0.00845	0.00563	0.00476	0.00322	0.00157	0.00409	0.00282	0.00312	0.00560
18	0.01130	0.24151	0.55317	0.01334	0.01996	0.01423	0.04818	0.01602	0.01078	0.01513	0.00870	0.01026	0.00658	0.00472	0.00450	0.00149	0.00706	0.00360	0.00219	0.00728
19	0.02256	0.00863	0.01176	0.00905	0.01294	0.00746	0.00746	0.02456	0.01468	0.76887	0.04243	0.01807	0.01374	0.00647	0.00519	0.00159	0.00431	0.00528	0.00633	0.00862
20	0.00969	0.00912	0.01539	0.80734	0.03534	0.01140	0.01425	0.01311	0.01026	0.01311	0.00912	0.01368	0.00684	0.00513	0.00513	0.00171	0.00684	0.00456	0.00228	0.00570
21	0.00733	0.00550	0.00825	0.00825	0.00916	0.00641	0.00641	0.00916	0.00825	0.01191	0.01374	0.02016	0.01283	0.03848	0.79934	0.00825	0.01374	0.00550	0.00275	0.00458
22	0.06297	0.00741	0.03060	0.08199	0.04189	0.00738	0.04561	0.04056	0.01082	0.01541	0.07989	0.45376	0.02512	0.02352	0.00679	0.00196	0.04480	0.01039	0.00410	0.00507
23	0.00891	0.00446	0.00668	0.00668	0.00668	0.00446	0.00446	0.00668	0.00668	0.00891	0.00891	0.01560	0.00891	0.01783	0.02005	0.85071	0.00446	0.00446	0.00223	0.00223
24	0.01258	0.01194	0.01965	0.06241	0.67606	0.01222	0.01490	0.01682	0.09037	0.01709	0.01078	0.01340	0.00885	0.00484	0.00510	0.00155	0.00592	0.00470	0.00280	0.00802
25	0.01123	0.01123	0.01572	0.01347	0.01347	0.01572	0.01123	0.01235	0.00786	0.01235	0.00674	0.01123	0.00674	0.00898	0.01684	0.00225	0.81028	0.00449	0.00225	0.00561
26	0.01029	0.02654	0.79309	0.01462	0.02221	0.01192	0.01896	0.01625	0.01083	0.01625	0.00921	0.01083	0.00650	0.00487	0.00487	0.00162	0.00758	0.00379	0.00217	0.00758
27	0.00606	0.00520	0.00520	0.00520	0.00693	0.00433	0.00390	0.00736	0.01170	0.01386	0.05198	0.04938	0.78558	0.01299	0.00606	0.00173	0.00260	0.01083	0.00476	0.00433
28	0.01888	0.06628	0.01519	0.01299	0.01572	0.75827	0.00985	0.02022	0.01433	0.01253	0.00789	0.00920	0.00661	0.00524	0.00456	0.00131	0.00906	0.00328	0.00262	0.00598
29	0.00989	0.00924	0.01515	0.75588	0.03392	0.01149	0.01385	0.01402	0.05987	0.01365	0.00988	0.01403	0.00741	0.00525	0.00514	0.00171	0.00666	0.00464	0.00247	0.00586
30	0.01381	0.01400	0.01938	0.02750	0.62479	0.13325	0.01447	0.04139	0.01254	0.01660	0.00989	0.01323	0.00842	0.00496	0.00506	0.00151	0.00653	0.02221	0.00269	0.00773
31	0.01183	0.00995	0.01414	0.01024	0.01467	0.00826	0.13064	0.01437	0.01107	0.07439	0.01006	0.01170	0.00798	0.00429	0.00481	0.00104	0.03790	0.00375	0.00318	0.61574

[dist]
# distance from previous block
# <min> <max>
0	1

[block]
# block no. 7 follows, 48 sequences, length 26
# corresponding to MSA columns:
# 403-428
name=unknown_H
#
# <colnr> <probs for GDERKNQSTAVLIFYWHMCP>
#	G	D	E	R	K	N	Q	S	T	A	V	L	I	F	Y	W	H	M	C	P
0	0.72378	0.01133	0.07816	0.00761	0.01124	0.01128	0.00689	0.01586	0.00932	0.07447	0.00822	0.00918	0.00613	0.00488	0.00346	0.00159	0.00432	0.00303	0.00330	0.00595
1	0.01001	0.00751	0.03686	0.02372	0.00970	0.02428	0.05674	0.02791	0.00978	0.09436	0.04684	0.02915	0.06177	0.50424	0.03289	0.00380	0.00533	0.00701	0.00359	0.00453
2	0.01211	0.01384	0.03028	0.02163	0.02682	0.01298	0.76903	0.01644	0.01211	0.01644	0.01038	0.01384	0.00779	0.00433	0.00606	0.00173	0.00865	0.00606	0.00260	0.00692
3	0.00955	0.00797	0.00998	0.01041	0.07689	0.04050	0.03875	0.03350	0.06943	0.04400	0.11704	0.12048	0.24521	0.01083	0.00627	0.00182	0.02367	0.12362	0.00453	0.00553
4	0.00891	0.00446	0.00668	0.00668	0.00668	0.00446	0.00446	0.00668	0.00668	0.00891	0.00891	0.01560	0.00891	0.01783	0.02005	0.85071	0.00446	0.00446	0.00223	0.00223
5	0.08504	0.13489	0.38961	0.01504	0.06321	0.06209	0.13173	0.01620	0.01101	0.01599	0.00881	0.01073	0.00673	0.00481	0.00494	0.00155	0.02426	0.00393	0.00238	0.00705
6	0.82026	0.01062	0.04066	0.00708	0.01044	0.01153	0.00612	0.01513	0.00882	0.02274	0.00723	0.00844	0.00560	0.00477	0.00325	0.00159	0.00412	0.00282	0.00313	0.00564
7	0.01109	0.01375	0.13982	0.16242	0.12896	0.01159	0.31468	0.03275	0.01188	0.01637	0.06312	0.04707	0.01129	0.00552	0.00557	0.00168	0.00709	0.00576	0.00282	0.00676
8	0.01032	0.02248	0.59861	0.01374	0.02005	0.03274	0.04759	0.01527	0.01081	0.01581	0.01075	0.07868	0.00895	0.00585	0.00533	0.00162	0.02986	0.00475	0.00248	0.06432
9	0.00624	0.00485	0.00568	0.00622	0.00723	0.00429	0.00438	0.00741	0.01098	0.01395	0.09019	0.41943	0.37223	0.01431	0.00630	0.00189	0.00277	0.01254	0.00482	0.00429
10	0.01305	0.27276	0.19292	0.01120	0.01553	0.12376	0.02800	0.04923	0.05298	0.01532	0.02936	0.01284	0.02550	0.00557	0.00501	0.00140	0.04761	0.01700	0.01705	0.06392
11	0.01211	0.01384	0.03028	0.02163	0.02682	0.01298	0.76903	0.01644	0.01211	0.01644	0.01038	0.01384	0.00779	0.00433	0.00606	0.00173	0.00865	0.00606	0.00260	0.00692
12	0.04634	0.01376	0.10213	0.05437	0.41660	0.01295	0.07502	0.09229	0.01228	0.01787	0.00948	0.01225	0.00767	0.00528	0.00642	0.00165	0.09881	0.00453	0.00275	0.00755
13	0.01149	0.01033	0.01605	0.47308	0.20288	0.01184	0.01339	0.10641	0.03399	0.01656	0.01196	0.01511	0.04388	0.00555	0.00516	0.00165	0.00625	0.00490	0.00289	0.00663
14	0.00969	0.00912	0.01539	0.80734	0.03534	0.01140	0.01425	0.01311	0.01026	0.01311	0.00912	0.01368	0.00684	0.00513	0.00513	0.00171	0.00684	0.00456	0.00228	0.00570
15	0.00995	0.00857	0.00891	0.00824	0.01065	0.00922	0.00635	0.01890	0.45597	0.01827	0.03396	0.03186	0.33945	0.00950	0.00558	0.00174	0.00345	0.00792	0.00503	0.00653
16	0.01951	0.01437	0.01540	0.01181	0.01591	0.01591	0.00975	0.77056	0.02412	0.03234	0.01232	0.01232	0.00873	0.00616	0.00513	0.00154	0.00565	0.00462	0.00513	0.00873
17	0.00667	0.00522	0.00604	0.00584	0.00730	0.00459	0.00438	0.00854	0.01313	0.01727	0.42432	0.04377	0.41111	0.01172	0.00606	0.00167	0.00251	0.01004	0.00521	0.00459
18	0.01276	0.01102	0.01160	0.01044	0.01334	0.01276	0.00812	0.02727	0.77840	0.02146	0.02088	0.01914	0.01566	0.00696	0.00522	0.00174	0.00406	0.00580	0.00522	0.00812
19	0.00632	0.00451	0.00603	0.00722	0.00755	0.00423	0.00488	0.00726	0.00989	0.01317	0.02824	0.79097	0.03379	0.01601	0.00657	0.00209	0.00304	0.03927	0.00476	0.00419
20	0.00969	0.00912	0.01539	0.80734	0.03534	0.01140	0.01425	0.01311	0.01026	0.01311	0.00912	0.01368	0.00684	0.00513	0.00513	0.00171	0.00684	0.00456	0.00228	0.00570
21	0.01214	0.01158	0.01970	0.14401	0.65739	0.01191	0.01533	0.01523	0.01148	0.01619	0.01004	0.01404	0.00851	0.00491	0.00514	0.00157	0.00617	0.02442	0.00256	0.00768
22	0.00625	0.00447	0.00595	0.00714	0.00744	0.00417	0.00476	0.00714	0.00982	0.01310	0.02828	0.81633	0.03394	0.01608	0.00655	0.00208	0.00298	0.01459	0.00476	0.00417
23	0.05123	0.00619	0.00672	0.05659	0.00912	0.00652	0.00506	0.08382	0.01180	0.01957	0.01656	0.09977	0.01411	0.00692	0.00412	0.00137	0.00312	0.00567	0.58656	0.00519
24	0.04816	0.01061	0.01595	0.13864	0.06114	0.03191	0.15750	0.04884	0.01181	0.09609	0.01269	0.03394	0.03730	0.00566	0.00574	0.00149	0.06001	0.00496	0.03041	0.18716
25	0.01522	0.02657	0.04189	0.01103	0.01453	0.03367	0.06010	0.30078	0.12817	0.09661	0.13612	0.01839	0.03048	0.00686	0.00556	0.00158	0.02471	0.00563	0.00479	0.03729

[dist]
# distance from previous block
# <min> <max>
0	25

# created by:
# /st0/software/busco_prod/Augustus/scripts/msa2prfl.pl ./align_prep/165381.fa
