[name]
unknown

[dist]
# distance from previous block
# <min> <max>
0	171

[block]
# block no. 0 follows, 44 sequences, length 29
# corresponding to MSA columns:
# 179-207
name=unknown_A
#
# <colnr> <probs for GDERKNQSTAVLIFYWHMCP>
#	G	D	E	R	K	N	Q	S	T	A	V	L	I	F	Y	W	H	M	C	P
0	0.07418	0.19620	0.15954	0.03079	0.03236	0.02387	0.01007	0.01636	0.02750	0.11902	0.10127	0.02066	0.08390	0.00707	0.00497	0.00158	0.00524	0.02705	0.02906	0.02930
1	0.06163	0.23823	0.26940	0.01132	0.03068	0.01321	0.01188	0.01652	0.02412	0.08356	0.12639	0.03271	0.01506	0.00631	0.00483	0.00154	0.00574	0.00493	0.00348	0.03846
2	0.06084	0.23969	0.36629	0.02440	0.01868	0.03043	0.01406	0.07883	0.01289	0.07153	0.02869	0.01195	0.00863	0.00541	0.00469	0.00155	0.00671	0.00398	0.00305	0.00769
3	0.03869	0.73585	0.07822	0.00968	0.01453	0.02070	0.00995	0.01638	0.01105	0.01346	0.00773	0.00893	0.00696	0.00471	0.00361	0.00122	0.00593	0.00299	0.00236	0.00704
4	0.01450	0.67412	0.12325	0.01023	0.01527	0.03717	0.01069	0.01683	0.01135	0.03304	0.00824	0.00937	0.00715	0.00480	0.00379	0.00126	0.00617	0.00314	0.00245	0.00717
5	0.01424	0.64242	0.13021	0.01032	0.01533	0.01971	0.01077	0.05694	0.01192	0.01464	0.00869	0.02741	0.00777	0.00512	0.00391	0.00129	0.00608	0.00346	0.00256	0.00721
6	0.01155	0.01016	0.04116	0.10105	0.01637	0.00885	0.04343	0.01602	0.11516	0.05524	0.07347	0.07910	0.01502	0.00646	0.00506	0.00138	0.00469	0.00561	0.00393	0.38629
7	0.01061	0.00895	0.01056	0.00800	0.01217	0.00684	0.00625	0.01281	0.01118	0.01719	0.01273	0.12992	0.01226	0.00599	0.00447	0.00102	0.00391	0.00506	0.00350	0.71657
8	0.01456	0.01024	0.01531	0.03607	0.01640	0.01029	0.14990	0.10600	0.11898	0.16964	0.09143	0.05753	0.01997	0.02382	0.00659	0.00197	0.00552	0.13345	0.00504	0.00729
9	0.00664	0.00474	0.00633	0.00759	0.00791	0.00443	0.00506	0.00759	0.01044	0.01392	0.03005	0.80485	0.03606	0.01708	0.00696	0.00221	0.00316	0.01550	0.00506	0.00443
10	0.02016	0.01497	0.01636	0.05477	0.01802	0.01665	0.01062	0.71617	0.02484	0.03326	0.01291	0.01317	0.00916	0.00649	0.00545	0.00165	0.00607	0.00490	0.00529	0.00910
11	0.01979	0.01236	0.01411	0.01099	0.01498	0.01277	0.00894	0.44337	0.02053	0.22682	0.01627	0.06688	0.01231	0.02665	0.00600	0.00172	0.00530	0.00571	0.00556	0.06897
12	0.01368	0.05615	0.07589	0.04441	0.01916	0.01389	0.20493	0.01644	0.01117	0.12185	0.02613	0.01444	0.00946	0.00844	0.04213	0.00226	0.30413	0.00530	0.00318	0.00694
13	0.02258	0.00970	0.01260	0.00994	0.01396	0.00897	0.00812	0.02698	0.14468	0.64799	0.02163	0.01886	0.01404	0.00686	0.00549	0.00171	0.00458	0.00560	0.00654	0.00917
14	0.00878	0.00544	0.00716	0.00784	0.00880	0.00499	0.00560	0.01001	0.01135	0.09919	0.03116	0.59436	0.09607	0.01549	0.00680	0.00215	0.00344	0.07111	0.00525	0.00503
15	0.06567	0.04179	0.37047	0.01291	0.01883	0.01103	0.05376	0.02026	0.01289	0.29355	0.01451	0.03751	0.01018	0.00605	0.00525	0.00171	0.00644	0.00493	0.00409	0.00820
16	0.02446	0.00928	0.01265	0.00970	0.01392	0.00801	0.00801	0.02657	0.01560	0.77817	0.02151	0.01856	0.01350	0.00675	0.00548	0.00169	0.00464	0.00548	0.00675	0.00928
17	0.00664	0.00474	0.00633	0.00759	0.00791	0.00443	0.00506	0.00759	0.01044	0.01392	0.03005	0.80485	0.03606	0.01708	0.00696	0.00221	0.00316	0.01550	0.00506	0.00443
18	0.01210	0.01198	0.02161	0.32782	0.33137	0.01287	0.15271	0.01569	0.01181	0.01612	0.01011	0.01409	0.00800	0.00515	0.00590	0.00175	0.02585	0.00514	0.00259	0.00733
19	0.01137	0.09050	0.66641	0.01556	0.02317	0.01346	0.07137	0.01720	0.01157	0.01692	0.00969	0.01151	0.00701	0.00510	0.00513	0.00169	0.00796	0.00411	0.00234	0.00792
20	0.00788	0.00528	0.00604	0.00608	0.00612	0.00530	0.00346	0.00797	0.00803	0.01074	0.01751	0.05948	0.02015	0.76126	0.04907	0.00529	0.00549	0.00811	0.00335	0.00338
21	0.00682	0.00489	0.00651	0.00775	0.00818	0.00459	0.00535	0.00791	0.01067	0.01414	0.03057	0.72322	0.05398	0.01683	0.00699	0.00223	0.00331	0.07651	0.00506	0.00448
22	0.01773	0.02409	0.09066	0.10052	0.03030	0.04412	0.02770	0.13059	0.03033	0.31548	0.01736	0.09906	0.01338	0.00735	0.00553	0.00173	0.00565	0.00613	0.02435	0.00795
23	0.01175	0.10206	0.65197	0.01507	0.02257	0.01372	0.04349	0.04732	0.01209	0.01754	0.00975	0.01142	0.00706	0.00517	0.00507	0.00167	0.00780	0.00404	0.00245	0.00798
24	0.01273	0.01443	0.03130	0.06544	0.02899	0.01369	0.71394	0.01727	0.01276	0.01727	0.01096	0.01470	0.00822	0.00464	0.00638	0.00184	0.00909	0.00635	0.00274	0.00728
25	0.06303	0.07480	0.01860	0.06707	0.03719	0.25528	0.12881	0.16803	0.05660	0.01951	0.01126	0.03898	0.00917	0.00607	0.00548	0.00162	0.02290	0.00488	0.00352	0.00720
26	0.07823	0.01176	0.03694	0.27130	0.16837	0.01249	0.14329	0.05457	0.01210	0.03144	0.01074	0.01451	0.00846	0.02427	0.00659	0.00184	0.05229	0.00505	0.04884	0.00692
27	0.07955	0.05394	0.06281	0.04377	0.03350	0.04939	0.04940	0.08756	0.11412	0.10437	0.01477	0.09929	0.01254	0.00724	0.00619	0.00169	0.06781	0.00578	0.00409	0.10216
28	0.13466	0.03014	0.12300	0.03811	0.01597	0.04859	0.09972	0.08142	0.02679	0.05146	0.10062	0.14488	0.04142	0.00834	0.00592	0.00180	0.02951	0.00709	0.00402	0.00657

[dist]
# distance from previous block
# <min> <max>
1	21

[block]
# block no. 1 follows, 44 sequences, length 38
# corresponding to MSA columns:
# 229-266
name=unknown_B
#
# <colnr> <probs for GDERKNQSTAVLIFYWHMCP>
#	G	D	E	R	K	N	Q	S	T	A	V	L	I	F	Y	W	H	M	C	P
0	0.27908	0.17011	0.12445	0.02555	0.01502	0.08754	0.00982	0.07204	0.02975	0.07497	0.01011	0.01127	0.00780	0.00680	0.03634	0.00184	0.00626	0.00372	0.00337	0.02414
1	0.16472	0.12277	0.22739	0.01222	0.01707	0.06728	0.03572	0.14699	0.01392	0.06888	0.01069	0.02892	0.00828	0.00593	0.00541	0.00165	0.04694	0.00427	0.00345	0.00749
2	0.23024	0.23014	0.12946	0.01141	0.05005	0.04682	0.01032	0.11069	0.04200	0.03943	0.01034	0.03263	0.00842	0.00562	0.00434	0.00154	0.00576	0.00400	0.00336	0.02342
3	0.17979	0.13509	0.26353	0.01365	0.10461	0.01293	0.01255	0.03424	0.01178	0.11070	0.01181	0.01302	0.02892	0.00605	0.00532	0.03514	0.00604	0.00418	0.00326	0.00739
4	0.00816	0.00741	0.06164	0.00772	0.00966	0.00582	0.00643	0.01090	0.01451	0.02063	0.59876	0.07677	0.04387	0.01075	0.00626	0.00172	0.00319	0.04139	0.00547	0.05893
5	0.07568	0.04723	0.16870	0.08056	0.01815	0.01187	0.01133	0.13148	0.06979	0.27263	0.01482	0.01469	0.01017	0.00601	0.00513	0.00165	0.00573	0.00471	0.00461	0.04505
6	0.00763	0.00548	0.00703	0.00794	0.00854	0.00530	0.00543	0.05997	0.01150	0.01535	0.02886	0.74945	0.03418	0.01634	0.00685	0.00217	0.00336	0.01476	0.00509	0.00477
7	0.00748	0.00545	0.00704	0.00688	0.00806	0.00501	0.00507	0.00975	0.01453	0.02027	0.62014	0.15016	0.09545	0.01216	0.00651	0.00179	0.00267	0.01077	0.00581	0.00501
8	0.07690	0.04467	0.01390	0.01059	0.01456	0.01283	0.00867	0.23882	0.20819	0.23621	0.01693	0.01587	0.01192	0.00648	0.00517	0.00164	0.00494	0.00506	0.00542	0.06123
9	0.01093	0.02820	0.78016	0.01554	0.02360	0.01266	0.02014	0.01727	0.01151	0.01727	0.00978	0.01151	0.00691	0.00518	0.00518	0.00173	0.00806	0.00403	0.00230	0.00806
10	0.01492	0.76469	0.02778	0.00961	0.01416	0.06733	0.00940	0.01665	0.01134	0.01286	0.00763	0.00881	0.00700	0.00472	0.00358	0.00118	0.00607	0.00295	0.00236	0.00696
11	0.00947	0.00473	0.00710	0.00710	0.00710	0.00473	0.00473	0.00710	0.00710	0.00947	0.00947	0.01657	0.00947	0.01894	0.02131	0.84138	0.00473	0.00473	0.00237	0.00237
12	0.06943	0.01072	0.01571	0.69342	0.03442	0.05844	0.01422	0.01454	0.01106	0.01463	0.00947	0.01386	0.00716	0.00543	0.00527	0.00178	0.00721	0.00463	0.00251	0.00606
13	0.00698	0.00498	0.00671	0.00798	0.00844	0.00472	0.00565	0.00817	0.01077	0.01429	0.02986	0.68812	0.03532	0.01676	0.00705	0.00226	0.00345	0.12891	0.00505	0.00452
14	0.02072	0.01527	0.01636	0.01254	0.01691	0.01691	0.01036	0.75622	0.02563	0.03436	0.01309	0.01309	0.00927	0.00654	0.00545	0.00164	0.00600	0.00491	0.00545	0.00927
15	0.01287	0.01471	0.03217	0.02298	0.02849	0.01379	0.75460	0.01746	0.01287	0.01746	0.01103	0.01471	0.00827	0.00460	0.00643	0.00184	0.00919	0.00643	0.00276	0.00735
16	0.00793	0.00529	0.00595	0.00595	0.00595	0.00529	0.00330	0.00793	0.00793	0.01057	0.01718	0.03568	0.01982	0.80840	0.02775	0.00529	0.00529	0.00793	0.00330	0.00330
17	0.00947	0.00473	0.00710	0.00710	0.00710	0.00473	0.00473	0.00710	0.00710	0.00947	0.00947	0.01657	0.00947	0.01894	0.02131	0.84138	0.00473	0.00473	0.00237	0.00237
18	0.00779	0.00584	0.00876	0.00876	0.00974	0.00681	0.00681	0.00974	0.00876	0.01266	0.01460	0.02142	0.01363	0.04089	0.78680	0.00876	0.01460	0.00584	0.00292	0.00487
19	0.01495	0.61319	0.08225	0.01067	0.01545	0.05498	0.03073	0.07164	0.03512	0.01519	0.00872	0.00983	0.00748	0.00496	0.00397	0.00129	0.00624	0.00337	0.00269	0.00727
20	0.01208	0.11011	0.14555	0.24229	0.02260	0.01190	0.03040	0.01543	0.01134	0.05485	0.00999	0.01246	0.00776	0.00509	0.00525	0.00144	0.03677	0.00406	0.00286	0.25776
21	0.01063	0.03621	0.38994	0.11358	0.02123	0.01185	0.05013	0.01556	0.04968	0.01639	0.06241	0.04989	0.01265	0.06275	0.00803	0.00206	0.07159	0.00554	0.00295	0.00692
22	0.01356	0.01171	0.01233	0.01109	0.01418	0.01356	0.00863	0.02897	0.76455	0.02281	0.02219	0.02034	0.01664	0.00740	0.00555	0.00185	0.00431	0.00616	0.00555	0.00863
23	0.02427	0.00958	0.01284	0.00985	0.01407	0.00847	0.00813	0.06386	0.01612	0.74015	0.02108	0.01828	0.01328	0.00674	0.00548	0.00168	0.00471	0.00545	0.00668	0.00928
24	0.01192	0.03279	0.40354	0.19660	0.07007	0.01215	0.04517	0.01662	0.01173	0.07330	0.01261	0.01475	0.04137	0.00581	0.00570	0.00176	0.02902	0.00480	0.00283	0.00746
25	0.03226	0.01152	0.02716	0.01065	0.01391	0.01255	0.00851	0.05882	0.58265	0.08875	0.02348	0.02169	0.06848	0.00766	0.00555	0.00182	0.00438	0.00631	0.00550	0.00836
26	0.00735	0.00537	0.00691	0.00692	0.00802	0.00493	0.00504	0.00943	0.01398	0.01935	0.53296	0.22375	0.11010	0.01279	0.00656	0.00184	0.00273	0.01134	0.00570	0.00493
27	0.02266	0.00918	0.01229	0.00955	0.01348	0.00812	0.00783	0.05670	0.01602	0.67188	0.09448	0.02049	0.01702	0.00717	0.00557	0.00169	0.00450	0.00589	0.00662	0.00887
28	0.01416	0.04688	0.34403	0.03572	0.08731	0.07591	0.17448	0.04873	0.01315	0.09152	0.01118	0.01296	0.00811	0.00526	0.00544	0.00169	0.00780	0.00473	0.00304	0.00790
29	0.01093	0.02820	0.78016	0.01554	0.02360	0.01266	0.02014	0.01727	0.01151	0.01727	0.00978	0.01151	0.00691	0.00518	0.00518	0.00173	0.00806	0.00403	0.00230	0.00806
30	0.00787	0.00561	0.00713	0.00677	0.00816	0.00511	0.00507	0.01020	0.01483	0.03700	0.63002	0.07314	0.14539	0.01165	0.00643	0.00175	0.00267	0.01021	0.00585	0.00513
31	0.01010	0.00802	0.00996	0.12555	0.01400	0.06458	0.02567	0.01203	0.01245	0.07382	0.19990	0.28937	0.06102	0.04661	0.00740	0.00205	0.01737	0.01003	0.00467	0.00540
32	0.03507	0.01235	0.01454	0.22693	0.02108	0.06353	0.01096	0.13096	0.23782	0.09891	0.01479	0.01580	0.01094	0.00668	0.00647	0.00181	0.07426	0.00517	0.00430	0.00764
33	0.00671	0.00482	0.00637	0.00749	0.00791	0.00448	0.00504	0.00779	0.01084	0.01449	0.08257	0.73208	0.05602	0.01658	0.00691	0.00217	0.00311	0.01500	0.00513	0.00448
34	0.01227	0.00732	0.00846	0.03779	0.01040	0.00746	0.00603	0.12920	0.01424	0.09124	0.08587	0.09084	0.07113	0.00963	0.03621	0.00185	0.00401	0.00688	0.36311	0.00607
35	0.15981	0.05243	0.04855	0.07218	0.04707	0.03366	0.07577	0.29520	0.03425	0.06127	0.01320	0.04593	0.02441	0.00640	0.00514	0.00169	0.00598	0.00515	0.00421	0.00771
36	0.11248	0.11837	0.01553	0.06898	0.02910	0.04714	0.00935	0.26942	0.03031	0.04003	0.01257	0.08091	0.01092	0.02611	0.00632	0.00173	0.05678	0.00527	0.00403	0.05468
37	0.01390	0.06171	0.01244	0.04969	0.01354	0.02815	0.00791	0.22480	0.10320	0.07440	0.06639	0.10462	0.09650	0.09168	0.00800	0.00212	0.00492	0.02429	0.00486	0.00687

[dist]
# distance from previous block
# <min> <max>
1	6

[block]
# block no. 2 follows, 44 sequences, length 87
# corresponding to MSA columns:
# 278-364
name=unknown_C
#
# <colnr> <probs for GDERKNQSTAVLIFYWHMCP>
#	G	D	E	R	K	N	Q	S	T	A	V	L	I	F	Y	W	H	M	C	P
0	0.05378	0.00997	0.01166	0.07545	0.01454	0.01001	0.00784	0.19568	0.03171	0.12986	0.02615	0.01605	0.01132	0.02459	0.03116	0.00174	0.00498	0.00476	0.15153	0.18721
1	0.01565	0.01080	0.01509	0.34516	0.04963	0.01157	0.01160	0.16203	0.01491	0.18472	0.01294	0.01468	0.00916	0.00575	0.00528	0.00162	0.00601	0.00479	0.00407	0.11456
2	0.00806	0.00567	0.00728	0.00682	0.00823	0.00517	0.00514	0.01052	0.01518	0.04171	0.68935	0.04114	0.11268	0.01126	0.00641	0.00172	0.00264	0.00988	0.00594	0.00521
3	0.02385	0.00933	0.01259	0.00969	0.01382	0.00817	0.00799	0.04576	0.01587	0.73509	0.04410	0.01908	0.01454	0.00688	0.00551	0.00169	0.00461	0.00560	0.00669	0.00915
4	0.01016	0.00508	0.00508	0.00508	0.00635	0.00508	0.00381	0.01270	0.01143	0.02033	0.01778	0.02033	0.01397	0.00635	0.00381	0.00127	0.00254	0.00508	0.83867	0.00508
5	0.00669	0.00551	0.00588	0.00583	0.00753	0.00470	0.00436	0.00829	0.01295	0.01606	0.19055	0.06889	0.61714	0.01338	0.00645	0.00183	0.00274	0.01129	0.00524	0.00470
6	0.02420	0.00969	0.01291	0.00990	0.01412	0.00863	0.00817	0.07681	0.01629	0.72696	0.02093	0.01818	0.01320	0.00673	0.00548	0.00168	0.00473	0.00544	0.00666	0.00928
7	0.01016	0.00508	0.00508	0.00508	0.00635	0.00508	0.00381	0.01270	0.01143	0.02033	0.01778	0.02033	0.01397	0.00635	0.00381	0.00127	0.00254	0.00508	0.83867	0.00508
8	0.01130	0.00969	0.01130	0.00807	0.01292	0.00727	0.00646	0.01373	0.01130	0.01776	0.00969	0.01130	0.00807	0.00404	0.00404	0.00081	0.00404	0.00323	0.00323	0.84173
9	0.01427	0.01207	0.01273	0.01124	0.01445	0.01389	0.00880	0.10135	0.69100	0.02396	0.02128	0.01962	0.01591	0.00731	0.00554	0.00183	0.00448	0.00604	0.00554	0.00869
10	0.00663	0.00480	0.00626	0.00743	0.00787	0.00444	0.00499	0.00761	0.01059	0.01398	0.03196	0.74776	0.09191	0.01683	0.00692	0.00219	0.00313	0.01520	0.00506	0.00444
11	0.00780	0.00579	0.00848	0.00848	0.00936	0.00666	0.00646	0.00955	0.00868	0.01245	0.01486	0.02285	0.01425	0.11786	0.71067	0.00841	0.01367	0.00605	0.00296	0.00471
12	0.01720	0.00813	0.01062	0.00882	0.01182	0.00748	0.00702	0.02073	0.08938	0.42578	0.26820	0.05622	0.02713	0.00865	0.00586	0.00173	0.00387	0.00737	0.00632	0.00767
13	0.00813	0.00738	0.05665	0.00937	0.01078	0.00735	0.00786	0.01036	0.00914	0.01316	0.01497	0.02291	0.01410	0.03654	0.67768	0.00783	0.02986	0.04783	0.00299	0.00510
14	0.00670	0.00480	0.00637	0.00761	0.00799	0.00448	0.00514	0.00770	0.01054	0.01400	0.03058	0.76782	0.05247	0.01695	0.00696	0.00221	0.00320	0.03495	0.00506	0.00445
15	0.01322	0.01268	0.02164	0.09808	0.71189	0.01288	0.01660	0.01649	0.01229	0.01748	0.01021	0.01358	0.00852	0.00491	0.00540	0.00164	0.00654	0.00486	0.00268	0.00842
16	0.01390	0.01356	0.02159	0.06690	0.63295	0.05830	0.05052	0.01733	0.02722	0.03000	0.01057	0.01360	0.00870	0.00500	0.00542	0.00163	0.00677	0.00489	0.00282	0.00833
17	0.01022	0.00831	0.00949	0.06747	0.02599	0.02371	0.00723	0.13290	0.05982	0.01837	0.03391	0.14759	0.31360	0.02880	0.00675	0.00199	0.00429	0.08888	0.00483	0.00582
18	0.05060	0.38538	0.04158	0.03174	0.03202	0.09844	0.03234	0.04734	0.01179	0.03534	0.00965	0.01199	0.00836	0.01092	0.12838	0.00257	0.04815	0.00392	0.00280	0.00670
19	0.01204	0.01002	0.01180	0.00860	0.01318	0.00814	0.00692	0.04516	0.01187	0.03610	0.00999	0.01158	0.00821	0.00447	0.00479	0.00094	0.04183	0.00343	0.00337	0.74758
20	0.10344	0.18700	0.05309	0.01243	0.03188	0.26778	0.03017	0.12428	0.07387	0.01865	0.01024	0.01134	0.00819	0.00567	0.00491	0.00150	0.02434	0.00393	0.02016	0.00715
21	0.00863	0.00577	0.00718	0.00697	0.00849	0.00518	0.00524	0.01061	0.01384	0.07979	0.38961	0.15150	0.23385	0.01248	0.00647	0.00185	0.00297	0.03870	0.00564	0.00523
22	0.01572	0.01326	0.01548	0.05694	0.01724	0.05334	0.06266	0.31427	0.06709	0.02398	0.01200	0.01354	0.00927	0.02374	0.00603	0.00153	0.03366	0.00460	0.00415	0.25150
23	0.01413	0.00709	0.00942	0.00807	0.01055	0.00630	0.00638	0.01647	0.01513	0.30676	0.41262	0.04471	0.05066	0.00960	0.00606	0.00172	0.00350	0.03612	0.00614	0.02857
24	0.01301	0.01459	0.02963	0.04083	0.08932	0.03473	0.61368	0.01719	0.01259	0.01705	0.01064	0.01431	0.00818	0.00495	0.00694	0.00184	0.05437	0.00609	0.00272	0.00732
25	0.00663	0.00480	0.00627	0.00743	0.00787	0.00444	0.00499	0.00761	0.01059	0.01398	0.03195	0.74800	0.09167	0.01683	0.00692	0.00219	0.00313	0.01520	0.00506	0.00444
26	0.00679	0.00484	0.00645	0.00757	0.00791	0.00463	0.00507	0.00774	0.01019	0.01365	0.02835	0.71210	0.03374	0.06410	0.05640	0.00280	0.00399	0.01447	0.00483	0.00439
27	0.01093	0.02820	0.78016	0.01554	0.02360	0.01266	0.02014	0.01727	0.01151	0.01727	0.00978	0.01151	0.00691	0.00518	0.00518	0.00173	0.00806	0.00403	0.00230	0.00806
28	0.00779	0.00584	0.00876	0.00876	0.00974	0.00681	0.00681	0.00974	0.00876	0.01266	0.01460	0.02142	0.01363	0.04089	0.78680	0.00876	0.01460	0.00584	0.00292	0.00487
29	0.01458	0.81168	0.02857	0.00933	0.01399	0.02157	0.00933	0.01632	0.01108	0.01283	0.00758	0.00875	0.00700	0.00466	0.00350	0.00117	0.00583	0.00292	0.00233	0.00700
30	0.01231	0.01359	0.09703	0.12018	0.41929	0.03218	0.06103	0.01612	0.02881	0.01715	0.02741	0.01978	0.01194	0.00636	0.00571	0.00178	0.00669	0.09200	0.00303	0.00762
31	0.01030	0.00969	0.01635	0.79530	0.03755	0.01211	0.01514	0.01393	0.01090	0.01393	0.00969	0.01453	0.00727	0.00545	0.00545	0.00182	0.00727	0.00484	0.00242	0.00606
32	0.00793	0.00529	0.00595	0.00595	0.00595	0.00529	0.00330	0.00793	0.00793	0.01057	0.01718	0.03568	0.01982	0.80840	0.02775	0.00529	0.00529	0.00793	0.00330	0.00330
33	0.11367	0.05376	0.54189	0.01470	0.04081	0.01284	0.05137	0.03375	0.01185	0.06216	0.01025	0.01172	0.00733	0.00523	0.00498	0.00170	0.00728	0.00409	0.00279	0.00783
34	0.01254	0.01380	0.02892	0.13986	0.09450	0.01346	0.57961	0.01687	0.01253	0.01696	0.01076	0.01458	0.00815	0.00475	0.00620	0.00182	0.00867	0.00606	0.00270	0.00727
35	0.00812	0.00632	0.00939	0.00920	0.01010	0.00760	0.00722	0.01000	0.00873	0.01269	0.01401	0.02066	0.01312	0.03840	0.72575	0.00826	0.07684	0.00576	0.00288	0.00495
36	0.84691	0.01054	0.00801	0.00717	0.01054	0.01223	0.00590	0.01603	0.00928	0.02446	0.00759	0.00886	0.00590	0.00506	0.00337	0.00169	0.00422	0.00295	0.00337	0.00590
37	0.08797	0.07590	0.01657	0.01231	0.03134	0.05276	0.01001	0.56996	0.04237	0.03027	0.01219	0.01246	0.00890	0.00622	0.00511	0.00160	0.00598	0.00456	0.00487	0.00865
38	0.01353	0.55091	0.23092	0.01250	0.06363	0.01863	0.01270	0.01660	0.01128	0.01433	0.00834	0.00978	0.00707	0.00482	0.00407	0.00135	0.00647	0.00334	0.00235	0.00738
39	0.00791	0.00534	0.00621	0.00621	0.00631	0.00543	0.00364	0.00810	0.00801	0.01077	0.01693	0.03432	0.01923	0.73519	0.10016	0.00562	0.00617	0.00773	0.00327	0.00345
40	0.01341	0.01097	0.01170	0.01050	0.01350	0.01240	0.00817	0.02678	0.65169	0.05928	0.04486	0.02319	0.07351	0.00794	0.00563	0.00184	0.00417	0.00663	0.00558	0.00827
41	0.00791	0.00535	0.00626	0.00626	0.00637	0.00545	0.00369	0.00813	0.00802	0.01080	0.01689	0.03410	0.01913	0.72339	0.11183	0.00567	0.00632	0.00770	0.00326	0.00348
42	0.00779	0.00584	0.00876	0.00876	0.00974	0.00681	0.00681	0.00974	0.00876	0.01266	0.01460	0.02142	0.01363	0.04089	0.78680	0.00876	0.01460	0.00584	0.00292	0.00487
43	0.01458	0.81168	0.02857	0.00933	0.01399	0.02157	0.00933	0.01632	0.01108	0.01283	0.00758	0.00875	0.00700	0.00466	0.00350	0.00117	0.00583	0.00292	0.00233	0.00700
44	0.00779	0.00584	0.00876	0.00876	0.00974	0.00681	0.00681	0.00974	0.00876	0.01266	0.01460	0.02142	0.01363	0.04089	0.78680	0.00876	0.01460	0.00584	0.00292	0.00487
45	0.02037	0.02598	0.01545	0.01404	0.01685	0.78652	0.01053	0.02177	0.01545	0.01334	0.00843	0.00983	0.00702	0.00562	0.00492	0.00140	0.00983	0.00351	0.00281	0.00632
46	0.01206	0.01396	0.12808	0.08588	0.03822	0.01187	0.34266	0.01582	0.01208	0.06356	0.04260	0.11235	0.01330	0.00709	0.00713	0.00189	0.07425	0.00697	0.00329	0.00692
47	0.01130	0.00969	0.01130	0.00807	0.01292	0.00727	0.00646	0.01373	0.01130	0.01776	0.00969	0.01130	0.00807	0.00404	0.00404	0.00081	0.00404	0.00323	0.00323	0.84173
48	0.01078	0.06245	0.65729	0.01474	0.02189	0.01238	0.03753	0.01637	0.01143	0.01677	0.01150	0.08130	0.00951	0.00619	0.00529	0.00175	0.00755	0.00505	0.00256	0.00767
49	0.01364	0.37030	0.38094	0.01242	0.01859	0.03983	0.01438	0.01756	0.01169	0.06140	0.00949	0.01068	0.00735	0.00506	0.00445	0.00147	0.00693	0.00361	0.00260	0.00761
50	0.00675	0.00487	0.00641	0.00751	0.00798	0.00452	0.00511	0.00786	0.01089	0.01450	0.07707	0.70490	0.07135	0.01651	0.00692	0.00217	0.00315	0.03192	0.00512	0.00449
51	0.01127	0.03126	0.01164	0.00810	0.01282	0.00758	0.00650	0.01364	0.01128	0.01753	0.01017	0.03202	0.00878	0.00440	0.00410	0.00085	0.00406	0.00354	0.00325	0.79722
52	0.01386	0.01069	0.04141	0.05510	0.01468	0.01004	0.00852	0.23016	0.03078	0.08206	0.01740	0.19060	0.01642	0.02619	0.00604	0.00172	0.00488	0.04018	0.00461	0.19464
53	0.01449	0.03664	0.34304	0.01421	0.01988	0.01305	0.08970	0.14487	0.04821	0.10443	0.03271	0.01403	0.00988	0.00598	0.00609	0.00171	0.05241	0.00483	0.00367	0.04016
54	0.00769	0.00568	0.00769	0.00865	0.00921	0.00579	0.00650	0.00907	0.01080	0.01440	0.02754	0.48799	0.03193	0.06155	0.00900	0.00249	0.05305	0.23157	0.00478	0.00464
55	0.03536	0.01403	0.08809	0.07832	0.64232	0.01286	0.01664	0.01659	0.01216	0.01770	0.01011	0.01326	0.00833	0.00493	0.00533	0.00164	0.00660	0.00473	0.00266	0.00835
56	0.01219	0.01230	0.01735	0.03657	0.06234	0.03304	0.02897	0.01365	0.00893	0.01353	0.00753	0.01211	0.00727	0.00895	0.01625	0.00229	0.69337	0.00479	0.00242	0.00617
57	0.08871	0.01129	0.01285	0.05524	0.01524	0.04792	0.00859	0.18503	0.04152	0.38855	0.01694	0.01609	0.01141	0.00643	0.00515	0.00164	0.00514	0.00501	0.06891	0.00833
58	0.00809	0.00551	0.00709	0.00709	0.00764	0.00593	0.00488	0.00919	0.00864	0.01244	0.01611	0.02794	0.01654	0.39460	0.35641	0.00641	0.00908	0.00674	0.08552	0.00416
59	0.03046	0.04625	0.02200	0.11507	0.09215	0.03410	0.28055	0.05193	0.01219	0.01696	0.01021	0.01369	0.00825	0.00748	0.05198	0.00212	0.10253	0.00515	0.00285	0.09410
60	0.00696	0.00554	0.00624	0.00607	0.00768	0.00482	0.00455	0.00883	0.01365	0.01763	0.34633	0.04769	0.47927	0.01273	0.00644	0.00179	0.00268	0.01084	0.00544	0.00482
61	0.00727	0.00551	0.00671	0.00651	0.00790	0.00494	0.00484	0.00939	0.01423	0.01926	0.51344	0.09148	0.26401	0.01230	0.00647	0.00178	0.00266	0.01070	0.00567	0.00494
62	0.00859	0.00578	0.00747	0.00693	0.00842	0.00527	0.00524	0.01106	0.01524	0.06490	0.67911	0.04025	0.09881	0.01108	0.00638	0.00172	0.00270	0.00972	0.00598	0.00534
63	0.02357	0.00908	0.01237	0.00955	0.01361	0.00786	0.00786	0.02570	0.01559	0.73794	0.06140	0.01974	0.01551	0.00698	0.00553	0.00169	0.00453	0.00572	0.00671	0.00906
64	0.01458	0.81168	0.02857	0.00933	0.01399	0.02157	0.00933	0.01632	0.01108	0.01283	0.00758	0.00875	0.00700	0.00466	0.00350	0.00117	0.00583	0.00292	0.00233	0.00700
65	0.01130	0.00969	0.01130	0.00807	0.01292	0.00727	0.00646	0.01373	0.01130	0.01776	0.00969	0.01130	0.00807	0.00404	0.00404	0.00081	0.00404	0.00323	0.00323	0.84173
66	0.01130	0.00969	0.01130	0.00807	0.01292	0.00727	0.00646	0.01373	0.01130	0.01776	0.00969	0.01130	0.00807	0.00404	0.00404	0.00081	0.00404	0.00323	0.00323	0.84173
67	0.00779	0.00584	0.00876	0.00876	0.00974	0.00681	0.00681	0.00974	0.00876	0.01266	0.01460	0.02142	0.01363	0.04089	0.78680	0.00876	0.01460	0.00584	0.00292	0.00487
68	0.00664	0.00474	0.00633	0.00759	0.00791	0.00443	0.00506	0.00759	0.01044	0.01392	0.03005	0.80485	0.03606	0.01708	0.00696	0.00221	0.00316	0.01550	0.00506	0.00443
69	0.02072	0.01527	0.01636	0.01254	0.01691	0.01691	0.01036	0.75622	0.02563	0.03436	0.01309	0.01309	0.00927	0.00654	0.00545	0.00164	0.00600	0.00491	0.00545	0.00927
70	0.02947	0.01403	0.09479	0.12299	0.49239	0.01276	0.10339	0.01639	0.01213	0.01734	0.01057	0.01450	0.00869	0.00515	0.00551	0.00170	0.00697	0.02053	0.00270	0.00798
71	0.01093	0.02820	0.78016	0.01554	0.02360	0.01266	0.02014	0.01727	0.01151	0.01727	0.00978	0.01151	0.00691	0.00518	0.00518	0.00173	0.00806	0.00403	0.00230	0.00806
72	0.01016	0.00508	0.00508	0.00508	0.00635	0.00508	0.00381	0.01270	0.01143	0.02033	0.01778	0.02033	0.01397	0.00635	0.00381	0.00127	0.00254	0.00508	0.83867	0.00508
73	0.00664	0.00474	0.00633	0.00759	0.00791	0.00443	0.00506	0.00759	0.01044	0.01392	0.03005	0.80485	0.03606	0.01708	0.00696	0.00221	0.00316	0.01550	0.00506	0.00443
74	0.01112	0.04704	0.73240	0.01607	0.05220	0.01289	0.01974	0.01722	0.01153	0.01718	0.00975	0.01152	0.00697	0.00515	0.00515	0.00171	0.00794	0.00403	0.00232	0.00805
75	0.01320	0.01265	0.02159	0.10401	0.70616	0.01288	0.01658	0.01647	0.01227	0.01745	0.01020	0.01359	0.00851	0.00491	0.00540	0.00164	0.00655	0.00486	0.00267	0.00840
76	0.00837	0.00630	0.00783	0.00732	0.00884	0.00613	0.00552	0.01243	0.10479	0.02172	0.65659	0.03871	0.07288	0.01079	0.00633	0.00174	0.00279	0.00948	0.00591	0.00554
77	0.02007	0.01019	0.01254	0.01006	0.01376	0.01001	0.00815	0.13386	0.15146	0.44706	0.10445	0.02055	0.01768	0.00733	0.00560	0.00171	0.00455	0.00601	0.00626	0.00870
78	0.01233	0.01666	0.18556	0.08567	0.17566	0.01339	0.35788	0.01678	0.01212	0.01700	0.01032	0.01365	0.00792	0.00508	0.00643	0.00180	0.04617	0.00541	0.00260	0.00758
79	0.01448	0.01151	0.01235	0.01098	0.01415	0.01309	0.00858	0.02877	0.70123	0.08666	0.02213	0.02019	0.01638	0.00734	0.00554	0.00184	0.00434	0.00611	0.00565	0.00868
80	0.00722	0.00575	0.00654	0.00652	0.00816	0.00514	0.00503	0.00938	0.02976	0.01716	0.26082	0.04930	0.46588	0.01302	0.00654	0.00188	0.00298	0.08870	0.00534	0.00489
81	0.03966	0.01433	0.05144	0.11987	0.04928	0.01490	0.05419	0.47889	0.02050	0.06710	0.01289	0.02944	0.00948	0.00634	0.00547	0.00169	0.00629	0.00514	0.00464	0.00846
82	0.00781	0.00532	0.00637	0.00646	0.00662	0.00544	0.00393	0.00816	0.00823	0.01111	0.01775	0.08981	0.02013	0.64257	0.13311	0.00555	0.00644	0.00819	0.00338	0.00361
83	0.00663	0.00479	0.00628	0.00746	0.00787	0.00444	0.00500	0.00761	0.01056	0.01397	0.03161	0.75829	0.08160	0.01688	0.00693	0.00219	0.00314	0.01525	0.00506	0.00444
84	0.02061	0.00990	0.01292	0.01119	0.05670	0.00934	0.00859	0.11583	0.05336	0.50368	0.04837	0.02218	0.05058	0.00755	0.00566	0.00173	0.00476	0.04229	0.00610	0.00863
85	0.01329	0.01356	0.08279	0.20235	0.05868	0.01314	0.24444	0.08503	0.03000	0.06485	0.01243	0.01524	0.02903	0.00600	0.00706	0.00183	0.09096	0.00550	0.00323	0.02062
86	0.01229	0.10593	0.01410	0.02988	0.01403	0.01020	0.00756	0.06008	0.01200	0.01786	0.00952	0.01123	0.00795	0.00459	0.00482	0.00101	0.04599	0.00342	0.00319	0.62435

[dist]
# distance from previous block
# <min> <max>
1	4

[block]
# block no. 3 follows, 44 sequences, length 54
# corresponding to MSA columns:
# 369-422
name=unknown_D
#
# <colnr> <probs for GDERKNQSTAVLIFYWHMCP>
#	G	D	E	R	K	N	Q	S	T	A	V	L	I	F	Y	W	H	M	C	P
0	0.01719	0.01234	0.01366	0.01061	0.01454	0.01280	0.00862	0.44548	0.03896	0.07082	0.05017	0.01560	0.01206	0.02230	0.02732	0.00174	0.00539	0.00498	0.04687	0.16854
1	0.00883	0.00696	0.00922	0.00899	0.02187	0.00780	0.00650	0.01093	0.05483	0.01326	0.01607	0.09876	0.01654	0.24081	0.31156	0.00546	0.09656	0.00707	0.00335	0.05463
2	0.00686	0.00491	0.00641	0.00734	0.00780	0.00458	0.00494	0.00797	0.01099	0.01478	0.12704	0.63730	0.05734	0.06435	0.00814	0.00233	0.00320	0.01419	0.00508	0.00446
3	0.00677	0.00484	0.00648	0.00774	0.00811	0.00454	0.00529	0.00782	0.01057	0.01406	0.02998	0.75963	0.03577	0.01696	0.00699	0.00223	0.00328	0.05943	0.00506	0.00446
4	0.00675	0.00483	0.00643	0.00760	0.00799	0.00451	0.00514	0.00783	0.01078	0.01445	0.07513	0.74337	0.03690	0.01668	0.00694	0.00219	0.00316	0.02972	0.00512	0.00448
5	0.00664	0.00474	0.00633	0.00759	0.00791	0.00443	0.00506	0.00759	0.01044	0.01392	0.03005	0.80485	0.03606	0.01708	0.00696	0.00221	0.00316	0.01550	0.00506	0.00443
6	0.01356	0.01171	0.01233	0.01109	0.01418	0.01356	0.00863	0.02897	0.76455	0.02281	0.02219	0.02034	0.01664	0.00740	0.00555	0.00185	0.00431	0.00616	0.00555	0.00863
7	0.84691	0.01054	0.00801	0.00717	0.01054	0.01223	0.00590	0.01603	0.00928	0.02446	0.00759	0.00886	0.00590	0.00506	0.00337	0.00169	0.00422	0.00295	0.00337	0.00590
8	0.03585	0.06010	0.55737	0.01442	0.02141	0.01279	0.04492	0.06233	0.01282	0.11133	0.01130	0.01239	0.00788	0.00540	0.00515	0.00169	0.00735	0.00427	0.00308	0.00815
9	0.00772	0.00557	0.00729	0.00686	0.00814	0.00514	0.00514	0.01029	0.01543	0.02186	0.77152	0.04072	0.05144	0.01115	0.00643	0.00171	0.00257	0.00986	0.00600	0.00514
10	0.01287	0.01471	0.03217	0.02298	0.02849	0.01379	0.75460	0.01746	0.01287	0.01746	0.01103	0.01471	0.00827	0.00460	0.00643	0.00184	0.00919	0.00643	0.00276	0.00735
11	0.01264	0.01287	0.06648	0.24848	0.37015	0.01265	0.07989	0.04317	0.01244	0.03256	0.01139	0.01519	0.02021	0.00551	0.00578	0.00174	0.02179	0.01661	0.00285	0.00761
12	0.04364	0.42964	0.33493	0.01199	0.01781	0.01739	0.01373	0.01657	0.01108	0.01508	0.00846	0.01001	0.00693	0.00508	0.00476	0.00146	0.03828	0.00345	0.00236	0.00735
13	0.01110	0.01004	0.01588	0.62454	0.04753	0.01231	0.01399	0.07584	0.01200	0.01568	0.01108	0.06210	0.00920	0.00646	0.00621	0.00185	0.04958	0.00549	0.00284	0.00627
14	0.02313	0.00898	0.01223	0.00947	0.01346	0.00778	0.00778	0.02527	0.01559	0.71804	0.08114	0.02032	0.01651	0.00710	0.00556	0.00169	0.00447	0.00583	0.00669	0.00895
15	0.06163	0.00886	0.01120	0.00919	0.01231	0.00839	0.00726	0.10239	0.01460	0.45146	0.01965	0.10842	0.01544	0.06912	0.02223	0.05322	0.00483	0.00658	0.00565	0.00760
16	0.01139	0.09805	0.57559	0.01648	0.10926	0.01309	0.01773	0.01656	0.01136	0.01652	0.01007	0.01292	0.00789	0.05291	0.00639	0.00187	0.00750	0.00425	0.00241	0.00774
17	0.00672	0.00484	0.00638	0.00754	0.00798	0.00450	0.00512	0.00777	0.01072	0.01424	0.05201	0.73161	0.06817	0.01672	0.00694	0.00219	0.00318	0.03381	0.00509	0.00447
18	0.00679	0.00488	0.00648	0.00771	0.00814	0.00457	0.00531	0.00787	0.01066	0.01412	0.03077	0.72553	0.05952	0.01682	0.00698	0.00222	0.00329	0.06879	0.00506	0.00448
19	0.55374	0.03618	0.01162	0.01115	0.07987	0.17585	0.00805	0.03718	0.01135	0.02147	0.00815	0.00958	0.00650	0.00519	0.00394	0.00161	0.00569	0.00329	0.00322	0.00635
20	0.05871	0.00556	0.00700	0.00744	0.00839	0.00532	0.00532	0.00966	0.01217	0.03846	0.27125	0.44194	0.03814	0.03016	0.00697	0.00208	0.00318	0.03810	0.00528	0.00489
21	0.01053	0.01007	0.01683	0.37569	0.04250	0.01232	0.09268	0.01340	0.01018	0.01398	0.01022	0.01526	0.00858	0.01293	0.15574	0.00325	0.18210	0.00519	0.00255	0.00601
22	0.01209	0.00983	0.01150	0.00826	0.01307	0.00757	0.00663	0.03491	0.01188	0.04854	0.01026	0.01164	0.00832	0.00422	0.00413	0.00087	0.00412	0.00337	0.00343	0.78537
23	0.01016	0.00508	0.00508	0.00508	0.00635	0.00508	0.00381	0.01270	0.01143	0.02033	0.01778	0.02033	0.01397	0.00635	0.00381	0.00127	0.00254	0.00508	0.83867	0.00508
24	0.51120	0.01048	0.00935	0.02302	0.01157	0.05415	0.02044	0.04547	0.01192	0.05607	0.15327	0.01678	0.03055	0.00656	0.00438	0.00168	0.00441	0.00478	0.01787	0.00606
25	0.00793	0.00529	0.00595	0.00595	0.00595	0.00529	0.00330	0.00793	0.00793	0.01057	0.01718	0.03568	0.01982	0.80840	0.02775	0.00529	0.00529	0.00793	0.00330	0.00330
26	0.01081	0.01006	0.01698	0.63239	0.16351	0.01196	0.01500	0.01414	0.01101	0.01442	0.00978	0.01444	0.00759	0.00589	0.00607	0.03525	0.00703	0.00484	0.00247	0.00635
27	0.01130	0.00969	0.01130	0.00807	0.01292	0.00727	0.00646	0.01373	0.01130	0.01776	0.00969	0.01130	0.00807	0.00404	0.00404	0.00081	0.00404	0.00323	0.00323	0.84173
28	0.01292	0.04447	0.12702	0.08850	0.06409	0.01358	0.36991	0.01684	0.01196	0.06163	0.01107	0.02910	0.00868	0.00577	0.00744	0.00185	0.10937	0.00566	0.00288	0.00727
29	0.01193	0.01193	0.01670	0.01431	0.01431	0.01670	0.01193	0.01312	0.00835	0.01312	0.00716	0.01193	0.00716	0.00954	0.01789	0.00239	0.79843	0.00477	0.00239	0.00596
30	0.01942	0.01450	0.01644	0.06128	0.06307	0.01603	0.01090	0.61855	0.05663	0.04804	0.01330	0.01364	0.00953	0.00642	0.00545	0.00166	0.00600	0.00497	0.00514	0.00901
31	0.03919	0.01814	0.01592	0.01297	0.01659	0.24492	0.01040	0.47716	0.02121	0.02664	0.01123	0.01196	0.00840	0.00641	0.00599	0.00161	0.05427	0.00444	0.00444	0.00812
32	0.01349	0.01295	0.02213	0.03346	0.77440	0.01295	0.01673	0.01673	0.01241	0.01781	0.01025	0.01349	0.00864	0.00486	0.00540	0.00162	0.00648	0.00486	0.00270	0.00864
33	0.00664	0.00474	0.00633	0.00759	0.00791	0.00443	0.00506	0.00759	0.01044	0.01392	0.03005	0.80485	0.03606	0.01708	0.00696	0.00221	0.00316	0.01550	0.00506	0.00443
34	0.84691	0.01054	0.00801	0.00717	0.01054	0.01223	0.00590	0.01603	0.00928	0.02446	0.00759	0.00886	0.00590	0.00506	0.00337	0.00169	0.00422	0.00295	0.00337	0.00590
35	0.02037	0.02598	0.01545	0.01404	0.01685	0.78652	0.01053	0.02177	0.01545	0.01334	0.00843	0.00983	0.00702	0.00562	0.00492	0.00140	0.00983	0.00351	0.00281	0.00632
36	0.01086	0.02765	0.76140	0.01533	0.02322	0.01248	0.01978	0.01710	0.01161	0.01738	0.02827	0.01222	0.00799	0.00532	0.00521	0.00173	0.00792	0.00417	0.00239	0.00799
37	0.00793	0.00529	0.00595	0.00595	0.00595	0.00529	0.00330	0.00793	0.00793	0.01057	0.01718	0.03568	0.01982	0.80840	0.02775	0.00529	0.00529	0.00793	0.00330	0.00330
38	0.01025	0.00943	0.01572	0.65564	0.07817	0.01141	0.01437	0.01368	0.01113	0.01438	0.01206	0.04006	0.01037	0.00662	0.00568	0.00188	0.00690	0.07341	0.00275	0.00607
39	0.00669	0.00478	0.00636	0.00756	0.00792	0.00446	0.00506	0.00770	0.01064	0.01423	0.05961	0.77438	0.03667	0.01684	0.00694	0.00219	0.00314	0.01527	0.00510	0.00446
40	0.00790	0.00541	0.00657	0.00657	0.00679	0.00562	0.00408	0.00833	0.00811	0.01103	0.01661	0.03252	0.01845	0.63841	0.19587	0.00606	0.00735	0.00747	0.00322	0.00365
41	0.01311	0.01118	0.01179	0.01057	0.01356	0.01273	0.00823	0.05811	0.64938	0.02259	0.04394	0.02328	0.08142	0.00800	0.00564	0.00184	0.00421	0.00666	0.00551	0.00822
42	0.02030	0.04231	0.01593	0.01365	0.01680	0.62148	0.01047	0.16206	0.01729	0.01735	0.00930	0.01043	0.00745	0.00577	0.00499	0.00144	0.00901	0.00376	0.00330	0.00690
43	0.00779	0.00584	0.00876	0.00876	0.00974	0.00681	0.00681	0.00974	0.00876	0.01266	0.01460	0.02142	0.01363	0.04089	0.78680	0.00876	0.01460	0.00584	0.00292	0.00487
44	0.01550	0.68650	0.02648	0.01008	0.01445	0.14345	0.00952	0.01719	0.01177	0.01291	0.00771	0.00892	0.00700	0.00482	0.00372	0.00120	0.00647	0.00301	0.00241	0.00689
45	0.01130	0.00969	0.01130	0.00807	0.01292	0.00727	0.00646	0.01373	0.01130	0.01776	0.00969	0.01130	0.00807	0.00404	0.00404	0.00081	0.00404	0.00323	0.00323	0.84173
46	0.53020	0.01227	0.11187	0.00906	0.02656	0.01104	0.00819	0.01694	0.01106	0.11768	0.08844	0.01380	0.01174	0.00591	0.00423	0.00169	0.00465	0.00416	0.00391	0.00659
47	0.04887	0.19106	0.22459	0.01145	0.01600	0.01396	0.01165	0.01990	0.25919	0.01822	0.01649	0.03419	0.03080	0.00713	0.00513	0.00173	0.00567	0.07269	0.00379	0.00749
48	0.01098	0.01074	0.01644	0.72955	0.05493	0.05824	0.01491	0.01447	0.01121	0.01399	0.00963	0.01423	0.00729	0.00545	0.00542	0.00179	0.00740	0.00477	0.00245	0.00614
49	0.00696	0.00514	0.00688	0.00787	0.00823	0.00506	0.00540	0.00802	0.01063	0.01435	0.07308	0.72102	0.03558	0.01636	0.00746	0.00219	0.04158	0.01464	0.00499	0.00455
50	0.71707	0.01069	0.02354	0.05442	0.01245	0.01199	0.00681	0.03639	0.00993	0.02346	0.00900	0.04785	0.00756	0.00571	0.00376	0.00172	0.00447	0.00375	0.00344	0.00598
51	0.80639	0.01034	0.00805	0.00731	0.01058	0.01194	0.00604	0.01580	0.00944	0.02407	0.00862	0.01140	0.00714	0.00554	0.00357	0.00173	0.00426	0.03848	0.00345	0.00586
52	0.00929	0.00498	0.00723	0.00720	0.00746	0.00483	0.00485	0.00747	0.00763	0.01030	0.01146	0.09207	0.01196	0.01804	0.01909	0.72010	0.00455	0.00570	0.00267	0.04315
53	0.02537	0.12310	0.56962	0.01476	0.04191	0.01326	0.03806	0.01695	0.01156	0.04130	0.01088	0.04985	0.00861	0.00571	0.00508	0.00168	0.00736	0.00456	0.00262	0.00775

[dist]
# distance from previous block
# <min> <max>
0	48

# created by:
# /st0/software/busco_prod/Augustus/scripts/msa2prfl.pl ./align_prep/165512.fa
