[name]
unknown

[dist]
# distance from previous block
# <min> <max>
0	25

[block]
# block no. 0 follows, 43 sequences, length 25
# corresponding to MSA columns:
# 25-49
name=unknown_A
#
# <colnr> <probs for GDERKNQSTAVLIFYWHMCP>
#	G	D	E	R	K	N	Q	S	T	A	V	L	I	F	Y	W	H	M	C	P
0	0.00941	0.00808	0.03525	0.07450	0.01508	0.00769	0.07128	0.01266	0.03002	0.01749	0.13500	0.04897	0.02983	0.01254	0.00710	0.00228	0.00535	0.46713	0.00477	0.00558
1	0.03099	0.00977	0.08877	0.19330	0.01814	0.00839	0.02673	0.01436	0.01400	0.11133	0.38638	0.02798	0.03031	0.00850	0.00598	0.00177	0.00475	0.00743	0.00481	0.00632
2	0.06798	0.03710	0.34185	0.29584	0.02794	0.01290	0.07211	0.03264	0.01173	0.01712	0.00987	0.01283	0.00727	0.00530	0.00527	0.00176	0.00753	0.00448	0.00259	0.02591
3	0.10694	0.01050	0.01597	0.54953	0.11716	0.01254	0.01394	0.01600	0.07375	0.01659	0.01073	0.01447	0.00818	0.00559	0.00530	0.00181	0.00668	0.00481	0.00287	0.00665
4	0.01046	0.00984	0.01661	0.79205	0.03814	0.01230	0.01538	0.01415	0.01107	0.01415	0.00984	0.01477	0.00738	0.00554	0.00554	0.00185	0.00738	0.00492	0.00246	0.00615
5	0.01407	0.01373	0.02107	0.12481	0.60038	0.06425	0.01612	0.04685	0.01317	0.01799	0.01034	0.01357	0.00852	0.00513	0.00546	0.00166	0.00688	0.00484	0.00283	0.00832
6	0.01148	0.00984	0.01148	0.00820	0.01312	0.00738	0.00656	0.01395	0.01148	0.01805	0.00984	0.01148	0.00820	0.00410	0.00410	0.00082	0.00410	0.00328	0.00328	0.83922
7	0.00675	0.00482	0.00643	0.00771	0.00803	0.00450	0.00514	0.00771	0.01060	0.01414	0.03053	0.80175	0.03663	0.01735	0.00707	0.00225	0.00321	0.01574	0.00514	0.00450
8	0.00741	0.00558	0.00685	0.00667	0.00804	0.00502	0.00495	0.00957	0.01446	0.01964	0.51997	0.10560	0.24090	0.01252	0.00658	0.00182	0.00271	0.01092	0.00577	0.00502
9	0.00675	0.00482	0.00643	0.00771	0.00803	0.00450	0.00514	0.00771	0.01060	0.01414	0.03053	0.80175	0.03663	0.01735	0.00707	0.00225	0.00321	0.01574	0.00514	0.00450
10	0.01941	0.01407	0.01608	0.01255	0.01655	0.07795	0.08210	0.38413	0.05514	0.15506	0.01508	0.01524	0.01071	0.00643	0.00543	0.00164	0.00605	0.00520	0.09266	0.00850
11	0.01970	0.01662	0.09111	0.01296	0.01770	0.01657	0.01141	0.64241	0.06296	0.03258	0.01345	0.01352	0.00957	0.00656	0.00552	0.00168	0.00621	0.00496	0.00523	0.00926
12	0.01438	0.01220	0.01287	0.01139	0.01463	0.01406	0.00891	0.08988	0.69937	0.02415	0.02177	0.02005	0.01628	0.00744	0.00563	0.00186	0.00453	0.00615	0.00563	0.00882
13	0.01409	0.01293	0.04520	0.15830	0.45956	0.01261	0.10443	0.01760	0.01270	0.09173	0.01152	0.01448	0.00892	0.00520	0.00562	0.00172	0.00691	0.00516	0.00309	0.00822
14	0.01664	0.04137	0.12822	0.01155	0.01536	0.10324	0.01036	0.06904	0.14745	0.21635	0.01849	0.04644	0.05080	0.04048	0.00725	0.00192	0.05671	0.00584	0.00467	0.00780
15	0.00969	0.00667	0.00850	0.00856	0.00973	0.00682	0.00627	0.01231	0.07986	0.09040	0.09191	0.45522	0.09785	0.01397	0.00763	0.00210	0.06960	0.01212	0.00521	0.00558
16	0.00725	0.00547	0.00698	0.04791	0.00938	0.00517	0.00536	0.00872	0.01192	0.01577	0.19371	0.38262	0.18262	0.08065	0.00853	0.00230	0.00340	0.01249	0.00506	0.00468
17	0.01588	0.28837	0.01971	0.08314	0.03439	0.26183	0.01035	0.07865	0.01374	0.01537	0.01093	0.08832	0.01028	0.00674	0.00537	0.00153	0.04071	0.00488	0.00308	0.00673
18	0.02143	0.01491	0.01625	0.01246	0.01688	0.01629	0.01029	0.68105	0.02504	0.10761	0.01414	0.01384	0.00984	0.00667	0.00554	0.00167	0.00596	0.00504	0.00567	0.00942
19	0.08998	0.00625	0.00734	0.00746	0.00877	0.00619	0.00544	0.01111	0.06104	0.01919	0.33695	0.30992	0.08427	0.01280	0.00636	0.00194	0.00312	0.01124	0.00540	0.00523
20	0.00830	0.00580	0.00747	0.02264	0.00925	0.00527	0.00544	0.00963	0.01113	0.04099	0.08683	0.51791	0.03120	0.08028	0.00827	0.00225	0.00357	0.01230	0.02616	0.10533
21	0.15214	0.01995	0.08971	0.01281	0.01679	0.32307	0.03145	0.18421	0.01612	0.02098	0.00976	0.01102	0.00756	0.00573	0.00515	0.00155	0.02371	0.00394	0.00352	0.06085
22	0.01659	0.07596	0.12473	0.01210	0.01656	0.03044	0.01098	0.39973	0.08840	0.02636	0.01469	0.09144	0.01218	0.00730	0.00543	0.00167	0.00592	0.00578	0.00465	0.04908
23	0.05807	0.01191	0.06296	0.13179	0.09270	0.01139	0.04145	0.14634	0.06341	0.12843	0.01600	0.12327	0.01367	0.02405	0.00606	0.00184	0.00569	0.00650	0.00435	0.05013
24	0.03201	0.01513	0.11688	0.19866	0.07428	0.12310	0.04953	0.01671	0.06490	0.01649	0.01348	0.03546	0.04867	0.00623	0.00571	0.00163	0.03316	0.00511	0.00312	0.13973

[dist]
# distance from previous block
# <min> <max>
3	26

[block]
# block no. 1 follows, 43 sequences, length 16
# corresponding to MSA columns:
# 76-91
name=unknown_B
#
# <colnr> <probs for GDERKNQSTAVLIFYWHMCP>
#	G	D	E	R	K	N	Q	S	T	A	V	L	I	F	Y	W	H	M	C	P
0	0.03605	0.01084	0.01448	0.19392	0.03616	0.01133	0.05168	0.18734	0.04463	0.06001	0.01438	0.09590	0.01229	0.02579	0.00593	0.00172	0.00562	0.00597	0.03100	0.15496
1	0.09847	0.04789	0.10366	0.07170	0.01729	0.03269	0.04612	0.12791	0.04108	0.04641	0.06178	0.03128	0.01193	0.00592	0.00495	0.00147	0.00557	0.00479	0.00382	0.23527
2	0.07745	0.01311	0.06078	0.02732	0.06942	0.08624	0.00910	0.11315	0.07446	0.05503	0.01507	0.01831	0.04794	0.09070	0.00745	0.00189	0.00560	0.01833	0.00392	0.20471
3	0.00892	0.00776	0.05958	0.00877	0.01040	0.00646	0.03592	0.04661	0.01299	0.03714	0.25589	0.34674	0.03487	0.09125	0.00873	0.00231	0.00399	0.01127	0.00505	0.00534
4	0.01180	0.01190	0.03991	0.31837	0.04362	0.03389	0.18567	0.05062	0.01202	0.01609	0.01199	0.08126	0.01045	0.00730	0.00773	0.03006	0.09150	0.00616	0.02321	0.00644
5	0.00742	0.00531	0.00669	0.00755	0.00805	0.00507	0.00504	0.03395	0.01091	0.01445	0.02954	0.62879	0.07348	0.12414	0.00986	0.00263	0.00359	0.01410	0.00491	0.00453
6	0.03925	0.01098	0.01602	0.27870	0.14706	0.01146	0.04280	0.08740	0.03931	0.01857	0.01281	0.03682	0.03431	0.00585	0.00525	0.00157	0.00598	0.00513	0.00332	0.19741
7	0.06088	0.00947	0.01199	0.00939	0.01335	0.00853	0.00765	0.04723	0.05255	0.50359	0.09734	0.01971	0.01669	0.00692	0.00539	0.00161	0.00443	0.00564	0.00606	0.11159
8	0.84448	0.01071	0.00814	0.00728	0.01071	0.01242	0.00600	0.01628	0.00943	0.02485	0.00771	0.00900	0.00600	0.00514	0.00343	0.00171	0.00428	0.00300	0.00343	0.00600
9	0.00680	0.00557	0.00600	0.00600	0.00767	0.00477	0.00446	0.00840	0.01306	0.01627	0.18804	0.10079	0.58545	0.01374	0.00658	0.00187	0.00280	0.01164	0.00532	0.00477
10	0.00675	0.00482	0.00643	0.00771	0.00803	0.00450	0.00514	0.00771	0.01060	0.01414	0.03053	0.80175	0.03663	0.01735	0.00707	0.00225	0.00321	0.01574	0.00514	0.00450
11	0.01097	0.01053	0.01851	0.56389	0.11377	0.01214	0.10496	0.01449	0.01128	0.01479	0.01058	0.01610	0.00851	0.05851	0.00716	0.00206	0.00740	0.00533	0.00259	0.00641
12	0.00793	0.00526	0.00634	0.00651	0.00684	0.00511	0.00408	0.00830	0.00962	0.01300	0.10841	0.16782	0.06445	0.44142	0.01970	0.08422	0.00442	0.00942	0.02335	0.00379
13	0.03472	0.03308	0.01525	0.05336	0.03265	0.01328	0.02533	0.38735	0.01910	0.06837	0.03789	0.01440	0.01073	0.00741	0.03604	0.00177	0.00591	0.00478	0.00462	0.19398
14	0.05226	0.10594	0.07635	0.09675	0.23332	0.06461	0.01283	0.14111	0.02848	0.03759	0.04130	0.01521	0.01080	0.00595	0.00519	0.00162	0.00638	0.02499	0.00352	0.03581
15	0.09197	0.46028	0.07761	0.03045	0.09076	0.03709	0.01066	0.05225	0.01217	0.03647	0.00999	0.04974	0.00893	0.00565	0.00427	0.00143	0.00598	0.00411	0.00293	0.00725

[dist]
# distance from previous block
# <min> <max>
1	17

[block]
# block no. 2 follows, 43 sequences, length 53
# corresponding to MSA columns:
# 122-174
name=unknown_C
#
# <colnr> <probs for GDERKNQSTAVLIFYWHMCP>
#	G	D	E	R	K	N	Q	S	T	A	V	L	I	F	Y	W	H	M	C	P
0	0.01533	0.01261	0.01282	0.03853	0.02948	0.09661	0.00848	0.33616	0.01776	0.02315	0.04324	0.12284	0.01610	0.14809	0.00962	0.00233	0.00584	0.00689	0.00455	0.04959
1	0.12866	0.00743	0.00863	0.00978	0.06963	0.03184	0.00625	0.01056	0.01036	0.01561	0.07255	0.32693	0.02453	0.17117	0.01164	0.04554	0.03009	0.00980	0.00411	0.00488
2	0.01382	0.60119	0.22790	0.01115	0.01681	0.01951	0.01240	0.01684	0.01137	0.01423	0.00830	0.00963	0.00708	0.00488	0.00401	0.00134	0.00652	0.00326	0.00236	0.00739
3	0.01397	0.45280	0.06066	0.01048	0.01404	0.05649	0.00972	0.03953	0.01175	0.04545	0.01211	0.13299	0.01205	0.00750	0.00611	0.00157	0.09750	0.00542	0.00312	0.00677
4	0.02120	0.01309	0.01479	0.01144	0.01553	0.01382	0.00936	0.49824	0.02200	0.23700	0.01597	0.01616	0.01125	0.04766	0.00667	0.00186	0.00560	0.00531	0.02405	0.00902
5	0.02148	0.01145	0.01396	0.01090	0.01469	0.01167	0.00892	0.28102	0.01859	0.41063	0.03438	0.01787	0.01299	0.04800	0.00751	0.00193	0.05372	0.00555	0.00592	0.00881
6	0.00726	0.00512	0.00666	0.00758	0.00801	0.00488	0.00517	0.00833	0.01076	0.01442	0.08866	0.53991	0.03460	0.15495	0.01078	0.00278	0.00371	0.07713	0.00490	0.00441
7	0.00761	0.00554	0.00716	0.00700	0.00819	0.00509	0.00516	0.00991	0.01477	0.02062	0.62005	0.15244	0.09104	0.01235	0.00661	0.00182	0.00271	0.01094	0.00590	0.00509
8	0.67041	0.01044	0.00914	0.00783	0.01144	0.01151	0.00645	0.01855	0.01079	0.18409	0.01071	0.01109	0.00764	0.00551	0.00388	0.00171	0.00438	0.00354	0.00416	0.00673
9	0.00693	0.00500	0.00656	0.00749	0.00805	0.00463	0.00511	0.00821	0.01159	0.01560	0.16171	0.63427	0.07203	0.01614	0.00695	0.00214	0.00309	0.01455	0.00531	0.00463
10	0.01845	0.01405	0.01520	0.01173	0.01611	0.01496	0.00959	0.53386	0.10426	0.03044	0.01367	0.01377	0.01001	0.00626	0.00528	0.00153	0.00553	0.00481	0.00513	0.16537
11	0.01681	0.01073	0.01231	0.01055	0.01391	0.01143	0.00840	0.06496	0.42494	0.24461	0.06097	0.02281	0.03437	0.00785	0.00574	0.00183	0.00447	0.02871	0.00599	0.00861
12	0.01896	0.03966	0.01742	0.01281	0.01729	0.01537	0.07547	0.52933	0.03868	0.06081	0.01328	0.01371	0.00960	0.00619	0.00539	0.00158	0.00600	0.00495	0.02590	0.08759
13	0.01355	0.02274	0.01221	0.01007	0.01258	0.00766	0.08435	0.01625	0.03668	0.23991	0.25148	0.18792	0.02997	0.01038	0.00653	0.00188	0.01941	0.02413	0.00560	0.00669
14	0.00675	0.00482	0.00643	0.00771	0.00803	0.00450	0.00514	0.00771	0.01060	0.01414	0.03053	0.80175	0.03663	0.01735	0.00707	0.00225	0.00321	0.01574	0.00514	0.00450
15	0.01264	0.01202	0.02014	0.28188	0.49919	0.01290	0.01613	0.01657	0.04290	0.01701	0.01073	0.01434	0.00865	0.00524	0.00551	0.00172	0.00675	0.00499	0.00277	0.00791
16	0.01209	0.01162	0.01754	0.54429	0.14061	0.05221	0.03324	0.03969	0.06388	0.01607	0.01088	0.01473	0.00832	0.00561	0.00553	0.00179	0.00720	0.00499	0.00285	0.00686
17	0.00675	0.00482	0.00643	0.00771	0.00803	0.00450	0.00514	0.00771	0.01060	0.01414	0.03053	0.80175	0.03663	0.01735	0.00707	0.00225	0.00321	0.01574	0.00514	0.00450
18	0.01908	0.01168	0.01323	0.01062	0.01426	0.01233	0.00861	0.35124	0.10460	0.21823	0.01765	0.03804	0.01283	0.00784	0.02268	0.00183	0.00520	0.00562	0.11589	0.00855
19	0.00701	0.00557	0.00631	0.00637	0.00790	0.00487	0.00475	0.00874	0.01325	0.01692	0.24807	0.13059	0.46722	0.01368	0.00664	0.00190	0.00288	0.03712	0.00540	0.00482
20	0.01472	0.01217	0.01222	0.01081	0.01378	0.08036	0.00841	0.06256	0.47645	0.08445	0.14029	0.02251	0.02106	0.00787	0.00571	0.00179	0.00471	0.00650	0.00556	0.00808
21	0.01962	0.01445	0.01551	0.01222	0.01634	0.01603	0.00999	0.58627	0.15477	0.05384	0.01529	0.01493	0.01098	0.00680	0.00552	0.00169	0.00567	0.00523	0.02565	0.00920
22	0.84448	0.01071	0.00814	0.00728	0.01071	0.01242	0.00600	0.01628	0.00943	0.02485	0.00771	0.00900	0.00600	0.00514	0.00343	0.00171	0.00428	0.00300	0.00343	0.00600
23	0.01955	0.01464	0.01566	0.01230	0.01638	0.01627	0.01002	0.62233	0.13088	0.03237	0.01477	0.01516	0.01087	0.03494	0.00635	0.00182	0.00582	0.00528	0.00548	0.00911
24	0.00881	0.00644	0.00850	0.00828	0.00987	0.00569	0.02374	0.01035	0.02739	0.03923	0.02390	0.51759	0.02706	0.03054	0.00755	0.04483	0.00375	0.01164	0.00458	0.18028
25	0.00773	0.00564	0.00726	0.00688	0.00821	0.00517	0.00515	0.01022	0.01536	0.02154	0.70326	0.05609	0.10349	0.01163	0.00654	0.00176	0.00264	0.01024	0.00601	0.00517
26	0.00770	0.00538	0.00708	0.00782	0.00848	0.00516	0.00545	0.00892	0.01137	0.04301	0.10669	0.62032	0.08200	0.01587	0.00732	0.00216	0.03111	0.01414	0.00521	0.00482
27	0.00732	0.00560	0.00671	0.00652	0.00798	0.00499	0.00486	0.00941	0.01432	0.01919	0.47423	0.08465	0.30893	0.01260	0.00656	0.00181	0.00271	0.01091	0.00570	0.00499
28	0.01330	0.01322	0.03652	0.14941	0.61154	0.02939	0.01652	0.01693	0.02763	0.01748	0.01053	0.01389	0.00865	0.00510	0.00548	0.00168	0.00676	0.00491	0.00275	0.00831
29	0.02070	0.02599	0.01573	0.01421	0.01712	0.75491	0.01069	0.04902	0.01608	0.01434	0.00874	0.01011	0.00722	0.00574	0.00501	0.00144	0.00984	0.00362	0.00295	0.00653
30	0.01152	0.00748	0.00905	0.00821	0.01038	0.00718	0.00631	0.07300	0.07335	0.12689	0.24903	0.15793	0.15722	0.01186	0.02065	0.00197	0.00379	0.02569	0.00564	0.03284
31	0.04552	0.30300	0.34592	0.01224	0.01792	0.08328	0.01372	0.01668	0.01168	0.01545	0.01129	0.01276	0.04612	0.00607	0.00523	0.03237	0.00699	0.00402	0.00258	0.00717
32	0.01482	0.01345	0.01258	0.01125	0.01429	0.12330	0.00875	0.06794	0.50836	0.04451	0.03755	0.02209	0.06737	0.00785	0.00565	0.00181	0.00517	0.01996	0.00523	0.00807
33	0.09263	0.02173	0.01659	0.01548	0.07590	0.50525	0.05480	0.10158	0.03460	0.01775	0.00966	0.01112	0.00773	0.00568	0.00506	0.00153	0.00861	0.00402	0.00326	0.00702
34	0.00996	0.00866	0.03506	0.01064	0.04935	0.00779	0.08869	0.03922	0.06602	0.04669	0.34206	0.03594	0.21720	0.01018	0.00631	0.00179	0.00409	0.00902	0.00519	0.00614
35	0.28351	0.02939	0.04448	0.03442	0.02061	0.01283	0.36118	0.01708	0.01180	0.05854	0.03705	0.01390	0.00935	0.00559	0.00585	0.01882	0.02023	0.00521	0.00328	0.00687
36	0.01062	0.01001	0.01690	0.75419	0.07474	0.01235	0.01546	0.01429	0.01115	0.01435	0.00987	0.01471	0.00745	0.00551	0.00553	0.00184	0.00734	0.00492	0.00247	0.00628
37	0.00729	0.00605	0.00650	0.00633	0.00826	0.00524	0.00480	0.00940	0.03853	0.01628	0.13419	0.07331	0.57014	0.01313	0.00644	0.00184	0.00300	0.03646	0.00517	0.04763
38	0.17282	0.00901	0.01090	0.00883	0.01232	0.00855	0.00718	0.04105	0.01490	0.45291	0.18052	0.02175	0.02051	0.00750	0.00538	0.00172	0.00422	0.00604	0.00602	0.00788
39	0.01250	0.01302	0.02551	0.10973	0.24169	0.01291	0.37926	0.01641	0.01273	0.01758	0.06289	0.01644	0.01148	0.00602	0.01942	0.00192	0.02394	0.00609	0.00297	0.00747
40	0.01477	0.00720	0.00958	0.00811	0.01065	0.00640	0.00639	0.01715	0.01566	0.33014	0.44082	0.03251	0.05815	0.00957	0.00614	0.00173	0.00348	0.00825	0.00638	0.00693
41	0.00788	0.00599	0.00786	0.00829	0.04732	0.00552	0.00577	0.01020	0.01455	0.02005	0.53644	0.10248	0.16202	0.01202	0.00656	0.00182	0.00297	0.03136	0.00567	0.00526
42	0.00941	0.00594	0.00770	0.00719	0.00873	0.00542	0.00541	0.01180	0.01504	0.09338	0.58574	0.09784	0.07549	0.01131	0.00640	0.00177	0.00287	0.00994	0.03306	0.00555
43	0.00685	0.00487	0.00643	0.00760	0.00793	0.00456	0.00504	0.00779	0.01057	0.01412	0.04618	0.74143	0.03604	0.06190	0.00825	0.00241	0.00332	0.01518	0.00506	0.00445
44	0.01500	0.72433	0.02766	0.01000	0.01439	0.06400	0.00968	0.01672	0.01136	0.01307	0.00773	0.00911	0.00712	0.00505	0.00438	0.00126	0.04662	0.00309	0.00240	0.00702
45	0.01180	0.03636	0.01371	0.07455	0.01570	0.00998	0.02585	0.02904	0.01133	0.01727	0.00974	0.01216	0.00817	0.00521	0.00638	0.00121	0.12233	0.00381	0.02830	0.55710
46	0.01170	0.00991	0.01156	0.00841	0.01320	0.00765	0.00676	0.03662	0.01197	0.01852	0.01059	0.01320	0.00901	0.00455	0.00426	0.00090	0.00420	0.02717	0.00341	0.78642
47	0.07222	0.05009	0.05328	0.06009	0.05163	0.13610	0.01003	0.24767	0.03580	0.02296	0.08371	0.07117	0.01507	0.00740	0.00535	0.00167	0.00603	0.01556	0.04687	0.00728
48	0.01373	0.01025	0.01180	0.05071	0.03019	0.02924	0.00848	0.13208	0.24646	0.08821	0.06316	0.18424	0.02120	0.00969	0.00598	0.00189	0.00467	0.04519	0.01826	0.02455
49	0.08042	0.22820	0.03644	0.05814	0.05837	0.01592	0.06178	0.10408	0.08621	0.01865	0.02858	0.05690	0.01112	0.00692	0.00690	0.00173	0.12381	0.00517	0.00345	0.00720
50	0.08019	0.10599	0.26472	0.04314	0.09442	0.01263	0.04604	0.05407	0.04369	0.03833	0.09563	0.06959	0.01492	0.00684	0.00531	0.00172	0.00616	0.00572	0.00352	0.00738
51	0.01536	0.04503	0.12697	0.01415	0.07662	0.08464	0.03013	0.16906	0.05358	0.08428	0.09666	0.01763	0.03448	0.00726	0.00712	0.00176	0.10628	0.00552	0.01579	0.00766
52	0.05040	0.06613	0.05970	0.03501	0.05639	0.01219	0.04334	0.11118	0.15559	0.05859	0.03599	0.13457	0.01636	0.01022	0.04625	0.00221	0.05027	0.02883	0.00435	0.02243

[dist]
# distance from previous block
# <min> <max>
2	13

[block]
# block no. 3 follows, 43 sequences, length 20
# corresponding to MSA columns:
# 188-207
name=unknown_D
#
# <colnr> <probs for GDERKNQSTAVLIFYWHMCP>
#	G	D	E	R	K	N	Q	S	T	A	V	L	I	F	Y	W	H	M	C	P
0	0.03912	0.00888	0.01150	0.03412	0.03388	0.00905	0.03839	0.11149	0.08306	0.12493	0.12386	0.24287	0.04669	0.01044	0.00632	0.00188	0.02014	0.00908	0.02156	0.02275
1	0.04641	0.01301	0.01522	0.03408	0.04119	0.01392	0.03020	0.41660	0.04057	0.02690	0.01322	0.05699	0.01072	0.00778	0.02774	0.00182	0.04725	0.00532	0.00458	0.14648
2	0.01365	0.12118	0.01731	0.02880	0.05456	0.01395	0.06573	0.16249	0.01360	0.01899	0.01241	0.01617	0.03076	0.07515	0.02510	0.00214	0.17848	0.00511	0.06071	0.08372
3	0.01918	0.01351	0.01470	0.01157	0.01545	0.03544	0.00943	0.46892	0.05718	0.12192	0.02727	0.03087	0.01158	0.00692	0.00588	0.00164	0.03499	0.00527	0.04551	0.06276
4	0.07375	0.06646	0.05259	0.04008	0.01653	0.01341	0.06740	0.32363	0.01753	0.02488	0.03404	0.06622	0.01196	0.00776	0.02885	0.00181	0.00596	0.00549	0.04226	0.09938
5	0.06227	0.01365	0.07879	0.12822	0.06998	0.08917	0.01195	0.03270	0.01100	0.01596	0.01044	0.05233	0.00939	0.00855	0.03145	0.00213	0.28396	0.00511	0.04897	0.03397
6	0.01343	0.01002	0.04805	0.01092	0.05229	0.00951	0.00841	0.02057	0.27656	0.16061	0.17439	0.07886	0.07146	0.00922	0.00599	0.00185	0.00423	0.03058	0.00556	0.00749
7	0.01098	0.00730	0.00970	0.01024	0.01197	0.00736	0.00875	0.05228	0.05091	0.07866	0.02760	0.09003	0.02872	0.01388	0.00724	0.00239	0.00499	0.56588	0.00529	0.00583
8	0.11347	0.00787	0.00855	0.03212	0.02813	0.04263	0.00630	0.03873	0.05061	0.03555	0.04114	0.40078	0.04193	0.11590	0.00900	0.00245	0.00432	0.01065	0.00456	0.00532
9	0.00864	0.00607	0.00746	0.00760	0.02635	0.00560	0.00532	0.01081	0.03781	0.06114	0.28920	0.17850	0.22846	0.09146	0.00867	0.00223	0.00332	0.01079	0.00535	0.00521
10	0.00747	0.00512	0.00621	0.00679	0.00693	0.00498	0.00415	0.00790	0.00919	0.01226	0.02330	0.37884	0.02752	0.45269	0.01874	0.00397	0.00440	0.01150	0.00415	0.00387
11	0.01192	0.01010	0.01172	0.00841	0.01331	0.00783	0.00674	0.04764	0.01215	0.01882	0.01000	0.01157	0.00826	0.00422	0.00417	0.00086	0.00419	0.00336	0.00338	0.80135
12	0.01671	0.01200	0.01303	0.01074	0.01396	0.01311	0.00854	0.43978	0.11081	0.04574	0.01756	0.11869	0.01491	0.03795	0.00641	0.00186	0.00506	0.00669	0.09846	0.00800
13	0.00910	0.00679	0.00919	0.10548	0.01225	0.00784	0.00701	0.01086	0.00988	0.01455	0.03951	0.06130	0.04090	0.18364	0.20414	0.00431	0.09768	0.00676	0.16390	0.00491
14	0.01554	0.10219	0.03865	0.02924	0.02779	0.01494	0.00994	0.27903	0.21112	0.02410	0.01619	0.01718	0.03902	0.00802	0.02833	0.00190	0.05289	0.01934	0.00458	0.06001
15	0.00790	0.00563	0.00730	0.00744	0.00801	0.00589	0.00510	0.00930	0.02666	0.01343	0.09457	0.16220	0.02412	0.33142	0.26075	0.00551	0.00770	0.00885	0.00386	0.00436
16	0.01270	0.01056	0.01253	0.02725	0.01426	0.00973	0.00804	0.11855	0.04140	0.02004	0.01245	0.01700	0.01084	0.00609	0.00577	0.00128	0.06306	0.07244	0.00378	0.53224
17	0.04236	0.11702	0.07163	0.03209	0.01827	0.01342	0.15484	0.15280	0.06175	0.17027	0.01472	0.01574	0.02379	0.02726	0.00593	0.00173	0.00622	0.00522	0.01672	0.04822
18	0.01593	0.08256	0.03512	0.01463	0.08446	0.23061	0.07969	0.11002	0.11949	0.01898	0.01355	0.01485	0.03093	0.00643	0.00563	0.02550	0.00689	0.00485	0.06223	0.03764
19	0.20427	0.11135	0.03716	0.01268	0.06197	0.05403	0.08236	0.01582	0.03838	0.03540	0.01483	0.03121	0.08327	0.00823	0.03153	0.00201	0.13660	0.00526	0.02713	0.00652

[dist]
# distance from previous block
# <min> <max>
0	2

[block]
# block no. 4 follows, 43 sequences, length 46
# corresponding to MSA columns:
# 210-255
name=unknown_E
#
# <colnr> <probs for GDERKNQSTAVLIFYWHMCP>
#	G	D	E	R	K	N	Q	S	T	A	V	L	I	F	Y	W	H	M	C	P
0	0.01151	0.00940	0.01157	0.01133	0.08645	0.00884	0.00778	0.10356	0.08964	0.01966	0.05271	0.22599	0.04440	0.00903	0.00555	0.00157	0.00427	0.00786	0.00443	0.28446
1	0.00837	0.00630	0.00779	0.00784	0.00927	0.00577	0.00566	0.05266	0.01263	0.01723	0.14495	0.46017	0.09350	0.01383	0.00650	0.00194	0.00341	0.02979	0.00509	0.10731
2	0.01684	0.57444	0.02492	0.01055	0.01489	0.16330	0.00967	0.05256	0.01307	0.06262	0.00902	0.00993	0.00764	0.00514	0.00404	0.00129	0.00661	0.00334	0.00289	0.00723
3	0.09170	0.11032	0.13906	0.07221	0.02043	0.01401	0.19112	0.04078	0.03079	0.04675	0.01120	0.03758	0.00909	0.00618	0.00688	0.00178	0.10777	0.00512	0.03000	0.02721
4	0.07111	0.14264	0.37749	0.01538	0.02158	0.05001	0.17397	0.01724	0.01213	0.01743	0.04400	0.01304	0.00931	0.00534	0.00519	0.00167	0.00764	0.00461	0.00271	0.00750
5	0.00931	0.00661	0.00810	0.00748	0.00923	0.00635	0.00569	0.01333	0.10533	0.06172	0.55436	0.03907	0.13006	0.01094	0.00637	0.00177	0.00296	0.00952	0.00597	0.00581
6	0.02470	0.00966	0.01300	0.00996	0.01425	0.00849	0.00823	0.05485	0.01624	0.74623	0.02152	0.01864	0.01354	0.00685	0.00557	0.00171	0.00477	0.00555	0.00680	0.00943
7	0.00792	0.00591	0.00880	0.00880	0.00976	0.00687	0.00680	0.00983	0.00887	0.01279	0.01492	0.02224	0.01406	0.06722	0.75802	0.00878	0.01452	0.00601	0.00298	0.00489
8	0.00755	0.00528	0.00687	0.00745	0.00830	0.00486	0.00527	0.00909	0.01241	0.03513	0.24479	0.48525	0.09729	0.01504	0.00685	0.00207	0.00310	0.03308	0.00546	0.00486
9	0.02019	0.01508	0.01613	0.01257	0.01685	0.01677	0.01032	0.66658	0.11322	0.03351	0.01439	0.01417	0.01031	0.00675	0.00555	0.00169	0.00589	0.00514	0.00555	0.00934
10	0.01157	0.00976	0.01148	0.00843	0.01303	0.00772	0.00674	0.04199	0.01184	0.01829	0.01036	0.01235	0.00869	0.00711	0.06467	0.00148	0.00501	0.00355	0.00334	0.74256
11	0.00736	0.00550	0.00702	0.00773	0.00874	0.00497	0.00554	0.00873	0.01134	0.01511	0.05969	0.54123	0.12411	0.01547	0.00682	0.00210	0.00341	0.09066	0.00503	0.06943
12	0.00682	0.00486	0.00643	0.00763	0.00796	0.00455	0.00508	0.00778	0.01061	0.01417	0.04492	0.75757	0.03632	0.04690	0.00785	0.00236	0.00328	0.01534	0.00509	0.00447
13	0.02485	0.00943	0.01285	0.00985	0.01414	0.00814	0.00814	0.02699	0.01585	0.77465	0.02185	0.01885	0.01371	0.00685	0.00557	0.00171	0.00471	0.00557	0.00685	0.00943
14	0.00805	0.00537	0.00604	0.00604	0.00604	0.00537	0.00336	0.00805	0.00805	0.01074	0.01745	0.03624	0.02013	0.80536	0.02819	0.00537	0.00537	0.00805	0.00336	0.00336
15	0.02069	0.02640	0.01569	0.01427	0.01712	0.78313	0.01070	0.02212	0.01569	0.01355	0.00856	0.00999	0.00713	0.00571	0.00499	0.00143	0.00999	0.00357	0.00285	0.00642
16	0.00677	0.00498	0.00635	0.00735	0.00796	0.00456	0.00500	0.00788	0.01115	0.01464	0.06885	0.65013	0.15098	0.01655	0.00696	0.00217	0.00312	0.01485	0.00519	0.00456
17	0.35043	0.21760	0.01600	0.01003	0.01369	0.20612	0.00842	0.07619	0.01275	0.01965	0.00848	0.00976	0.00696	0.00590	0.01681	0.00162	0.00643	0.00334	0.00318	0.00664
18	0.00686	0.00489	0.00648	0.00761	0.00798	0.00457	0.00509	0.00790	0.01085	0.01455	0.07753	0.72773	0.03709	0.04281	0.00773	0.00232	0.00325	0.01512	0.00514	0.00451
19	0.01216	0.01226	0.01775	0.01498	0.01527	0.01681	0.04930	0.01355	0.00871	0.01355	0.00747	0.01226	0.00733	0.00944	0.01759	0.00240	0.75566	0.00493	0.00244	0.00613
20	0.00829	0.00658	0.00813	0.00872	0.04718	0.00634	0.00603	0.01179	0.09974	0.01850	0.29737	0.20662	0.21586	0.01260	0.00652	0.00191	0.00324	0.02366	0.00542	0.00552
21	0.01996	0.01386	0.01524	0.01191	0.01596	0.01505	0.00975	0.59358	0.04138	0.10608	0.05310	0.04993	0.01337	0.00739	0.00566	0.00170	0.00562	0.00580	0.00568	0.00898
22	0.01080	0.00565	0.00589	0.00570	0.00704	0.00573	0.00427	0.04909	0.01199	0.02050	0.01717	0.01999	0.01360	0.00746	0.00533	0.06635	0.00293	0.00513	0.73022	0.00516
23	0.00684	0.00486	0.00640	0.00759	0.00789	0.00456	0.00501	0.00774	0.01042	0.01390	0.02960	0.74742	0.03546	0.07328	0.00857	0.00247	0.00337	0.01520	0.00501	0.00442
24	0.04165	0.07631	0.02035	0.12048	0.45273	0.12519	0.01456	0.01791	0.04752	0.01702	0.01034	0.01309	0.00852	0.00523	0.00521	0.00162	0.00694	0.00458	0.00285	0.00789
25	0.01502	0.01102	0.01237	0.01055	0.01332	0.01186	0.00835	0.41214	0.03780	0.02643	0.09568	0.17746	0.02172	0.05473	0.00738	0.00207	0.00501	0.06441	0.00536	0.00732
26	0.00700	0.00507	0.00666	0.00777	0.00834	0.00473	0.00545	0.00823	0.01120	0.01482	0.06763	0.63971	0.08861	0.01663	0.00706	0.00223	0.00334	0.08572	0.00518	0.00460
27	0.00713	0.00550	0.00651	0.00654	0.00791	0.00488	0.00480	0.00897	0.01358	0.01791	0.35460	0.17461	0.34023	0.01344	0.00663	0.00188	0.00279	0.01166	0.00555	0.00488
28	0.01208	0.01251	0.02044	0.15722	0.02235	0.03983	0.20492	0.01469	0.01041	0.01460	0.00929	0.01388	0.00800	0.00955	0.06168	0.00256	0.37168	0.00533	0.00258	0.00638
29	0.08100	0.01423	0.08420	0.17699	0.18706	0.03386	0.18240	0.03160	0.01185	0.01729	0.00979	0.01332	0.00779	0.00577	0.00733	0.00186	0.11867	0.00502	0.00274	0.00724
30	0.84448	0.01071	0.00814	0.00728	0.01071	0.01242	0.00600	0.01628	0.00943	0.02485	0.00771	0.00900	0.00600	0.00514	0.00343	0.00171	0.00428	0.00300	0.00343	0.00600
31	0.07350	0.03873	0.15646	0.02012	0.19774	0.12392	0.17015	0.07498	0.02692	0.01881	0.01057	0.01301	0.00829	0.00661	0.03470	0.00195	0.00799	0.00480	0.00301	0.00772
32	0.05307	0.12234	0.49645	0.01505	0.05344	0.01424	0.03458	0.07496	0.03173	0.03947	0.01051	0.01192	0.00771	0.00537	0.00504	0.00167	0.00732	0.00416	0.00288	0.00810
33	0.01546	0.07235	0.01391	0.03688	0.03336	0.01144	0.00858	0.11927	0.15300	0.17000	0.10812	0.05829	0.01772	0.00750	0.00590	0.00164	0.03502	0.00609	0.00502	0.12043
34	0.00760	0.06734	0.00811	0.00756	0.00817	0.00600	0.00517	0.00846	0.01022	0.01347	0.02650	0.60844	0.03150	0.15198	0.01043	0.00270	0.00379	0.01343	0.00462	0.00450
35	0.06046	0.03542	0.06957	0.01629	0.18856	0.05212	0.01139	0.13029	0.04964	0.28025	0.04044	0.01595	0.01200	0.00625	0.00537	0.00167	0.00579	0.00511	0.00481	0.00862
36	0.01628	0.07431	0.01553	0.01259	0.07443	0.01398	0.00938	0.39930	0.04694	0.02561	0.03120	0.02899	0.01222	0.09759	0.04666	0.00235	0.00612	0.00541	0.00452	0.07661
37	0.00766	0.00532	0.00682	0.00728	0.00811	0.00531	0.00520	0.00920	0.01077	0.01521	0.08412	0.32296	0.10386	0.06981	0.19618	0.00385	0.00599	0.01059	0.11706	0.00470
38	0.01029	0.00875	0.06755	0.00789	0.00922	0.00778	0.00585	0.12519	0.01121	0.01513	0.01653	0.04924	0.01784	0.59928	0.02236	0.00443	0.00565	0.00745	0.00366	0.00471
39	0.08679	0.06729	0.30097	0.07322	0.09029	0.05743	0.11076	0.07401	0.01307	0.01883	0.02419	0.01358	0.02242	0.00606	0.01658	0.00181	0.00749	0.00469	0.00295	0.00757
40	0.02905	0.03241	0.05020	0.00954	0.01310	0.03877	0.00804	0.06212	0.09203	0.26780	0.19780	0.02385	0.05672	0.00784	0.00558	0.00163	0.00452	0.00647	0.00549	0.08704
41	0.03576	0.10517	0.17489	0.09476	0.30806	0.05738	0.03458	0.01661	0.01181	0.01644	0.00971	0.01291	0.00804	0.02238	0.00664	0.00177	0.06833	0.00451	0.00261	0.00765
42	0.05333	0.08667	0.20011	0.02724	0.01563	0.01109	0.02923	0.07716	0.03860	0.06962	0.14313	0.02020	0.01742	0.05970	0.02709	0.00204	0.00579	0.01615	0.01586	0.08395
43	0.01444	0.34100	0.03938	0.01181	0.04827	0.12162	0.02899	0.03154	0.04985	0.03874	0.01218	0.03267	0.02806	0.00888	0.06576	0.00204	0.05286	0.00452	0.04188	0.02550
44	0.06986	0.21088	0.15104	0.06613	0.04623	0.14028	0.01199	0.11093	0.01382	0.01806	0.03012	0.04865	0.00996	0.00631	0.00546	0.00160	0.04370	0.00460	0.00317	0.00718
45	0.17170	0.09049	0.20909	0.01128	0.05081	0.01126	0.01065	0.03168	0.04003	0.09014	0.04256	0.08975	0.11327	0.00788	0.00518	0.00175	0.00529	0.00630	0.00393	0.00697

[dist]
# distance from previous block
# <min> <max>
5	27

[block]
# block no. 5 follows, 43 sequences, length 9
# corresponding to MSA columns:
# 283-291
name=unknown_F
#
# <colnr> <probs for GDERKNQSTAVLIFYWHMCP>
#	G	D	E	R	K	N	Q	S	T	A	V	L	I	F	Y	W	H	M	C	P
0	0.01386	0.01058	0.01054	0.00990	0.01212	0.09339	0.00738	0.06111	0.01567	0.10690	0.14637	0.15550	0.26398	0.01314	0.00723	0.00226	0.00501	0.05213	0.00593	0.00698
1	0.08250	0.04452	0.01461	0.01262	0.05809	0.09696	0.00956	0.12684	0.07937	0.03194	0.05939	0.03154	0.01249	0.03343	0.00882	0.00186	0.18758	0.00513	0.00380	0.09894
2	0.00758	0.00608	0.00887	0.00852	0.00984	0.00557	0.07044	0.00941	0.01261	0.01690	0.24361	0.38988	0.16161	0.01396	0.00678	0.00201	0.00351	0.01262	0.00521	0.00500
3	0.17101	0.13537	0.22891	0.03278	0.01686	0.09831	0.01174	0.06515	0.01289	0.08511	0.03725	0.03393	0.01006	0.00642	0.00529	0.02750	0.00642	0.00441	0.00342	0.00717
4	0.00721	0.00524	0.00675	0.00755	0.00828	0.00489	0.00537	0.00861	0.01173	0.01561	0.15111	0.47521	0.11621	0.05926	0.00816	0.00233	0.00340	0.09325	0.00519	0.00464
5	0.10341	0.04559	0.29952	0.01388	0.04211	0.01203	0.08791	0.01614	0.04629	0.03891	0.05382	0.09422	0.03805	0.00751	0.00658	0.00185	0.07557	0.00614	0.00337	0.00709
6	0.01435	0.09908	0.01583	0.01179	0.08083	0.01078	0.03655	0.08820	0.01347	0.09302	0.01122	0.01242	0.00880	0.00478	0.00454	0.00114	0.00497	0.00390	0.00369	0.48065
7	0.00938	0.00646	0.00860	0.00836	0.00918	0.00699	0.00619	0.05512	0.01135	0.01610	0.15110	0.20437	0.02422	0.01785	0.11784	0.18938	0.07673	0.00848	0.06758	0.00472
8	0.07027	0.10043	0.01616	0.01102	0.01517	0.01190	0.08988	0.14189	0.05597	0.11665	0.04887	0.06458	0.01318	0.00645	0.00508	0.00148	0.00520	0.00543	0.00435	0.21604

[dist]
# distance from previous block
# <min> <max>
0	1

[block]
# block no. 6 follows, 43 sequences, length 22
# corresponding to MSA columns:
# 293-314
name=unknown_G
#
# <colnr> <probs for GDERKNQSTAVLIFYWHMCP>
#	G	D	E	R	K	N	Q	S	T	A	V	L	I	F	Y	W	H	M	C	P
0	0.20080	0.06256	0.05382	0.04415	0.06693	0.03575	0.29596	0.01627	0.01150	0.01830	0.01084	0.05662	0.00925	0.00604	0.00641	0.00182	0.07335	0.00552	0.01728	0.00683
1	0.00847	0.00624	0.00785	0.00765	0.00903	0.00579	0.00554	0.04998	0.01368	0.01907	0.35301	0.32812	0.03899	0.03816	0.00716	0.00197	0.00325	0.01127	0.00536	0.07939
2	0.01095	0.00915	0.01064	0.00787	0.01202	0.00707	0.00606	0.01303	0.01095	0.01691	0.01103	0.01534	0.01006	0.12892	0.00785	0.00153	0.00430	0.00402	0.00329	0.70901
3	0.07075	0.01199	0.01848	0.22411	0.37176	0.02906	0.01456	0.01547	0.01135	0.01659	0.01015	0.03694	0.00879	0.00623	0.00737	0.00184	0.12944	0.00508	0.00274	0.00730
4	0.00837	0.00626	0.00880	0.00862	0.00937	0.00730	0.00651	0.00995	0.00884	0.01287	0.01490	0.02363	0.01452	0.17717	0.55122	0.00741	0.07077	0.00620	0.04252	0.00475
5	0.02485	0.00943	0.01285	0.00985	0.01414	0.00814	0.00814	0.02699	0.01585	0.77465	0.02185	0.01885	0.01371	0.00685	0.00557	0.00171	0.00471	0.00557	0.00685	0.00943
6	0.01891	0.01275	0.01422	0.01147	0.01519	0.01373	0.00925	0.45331	0.11558	0.14601	0.01799	0.11511	0.01449	0.00815	0.00575	0.00177	0.00530	0.00660	0.00571	0.00871
7	0.01164	0.01147	0.01603	0.01393	0.01396	0.01585	0.01150	0.01283	0.00867	0.01340	0.00934	0.08244	0.00988	0.01038	0.01719	0.00241	0.72469	0.00582	0.00267	0.00592
8	0.00711	0.00511	0.00682	0.00802	0.00856	0.00482	0.00571	0.00839	0.01114	0.01478	0.05302	0.64411	0.05570	0.01676	0.00713	0.00227	0.00348	0.12728	0.00516	0.00462
9	0.01046	0.00984	0.01661	0.79205	0.03814	0.01230	0.01538	0.01415	0.01107	0.01415	0.00984	0.01477	0.00738	0.00554	0.00554	0.00185	0.00738	0.00492	0.00246	0.00615
10	0.01099	0.00655	0.00812	0.00727	0.00937	0.00586	0.00561	0.01351	0.03327	0.16904	0.40720	0.03967	0.23977	0.01108	0.00632	0.00177	0.00312	0.00950	0.00597	0.00599
11	0.02177	0.01436	0.01591	0.01220	0.01660	0.01547	0.01008	0.61523	0.02411	0.17474	0.01491	0.01435	0.01023	0.00669	0.00555	0.00167	0.00583	0.00510	0.00579	0.00942
12	0.00866	0.00646	0.00791	0.00748	0.00763	0.00716	0.00495	0.00916	0.00904	0.01253	0.10638	0.03310	0.02201	0.58564	0.02402	0.00447	0.12807	0.00779	0.00354	0.00400
13	0.00756	0.00561	0.00704	0.00677	0.00812	0.00510	0.00504	0.00989	0.01491	0.02057	0.60910	0.07951	0.17612	0.01208	0.00656	0.00179	0.00267	0.01058	0.00589	0.00510
14	0.01273	0.01217	0.02072	0.26104	0.55137	0.01290	0.01651	0.01614	0.01215	0.01691	0.01025	0.01402	0.00836	0.00512	0.00550	0.00171	0.00682	0.00493	0.00266	0.00799
15	0.00784	0.00659	0.00694	0.00680	0.00875	0.00618	0.00516	0.01157	0.12932	0.01678	0.10078	0.07542	0.55107	0.01298	0.00645	0.00190	0.00312	0.03172	0.00529	0.00536
16	0.01148	0.00984	0.01148	0.00820	0.01312	0.00738	0.00656	0.01395	0.01148	0.01805	0.00984	0.01148	0.00820	0.00410	0.00410	0.00082	0.00410	0.00328	0.00328	0.83922
17	0.01362	0.06197	0.56054	0.01502	0.03645	0.01263	0.04066	0.01932	0.03483	0.13544	0.01211	0.01308	0.00844	0.00553	0.00528	0.00173	0.00743	0.00443	0.00316	0.00833
18	0.01239	0.00716	0.00737	0.00662	0.00852	0.00748	0.00516	0.15556	0.01440	0.02340	0.01715	0.01923	0.01327	0.00649	0.00419	0.00136	0.00326	0.00513	0.67588	0.00598
19	0.68396	0.01070	0.00921	0.00790	0.01150	0.01195	0.00651	0.04731	0.01109	0.14205	0.01014	0.01070	0.00734	0.00547	0.00385	0.00171	0.00442	0.00348	0.00405	0.00667
20	0.01380	0.00950	0.01077	0.00946	0.01229	0.00991	0.00747	0.10021	0.27629	0.13944	0.13500	0.04654	0.15575	0.00956	0.00602	0.00184	0.00409	0.03882	0.00576	0.00746
21	0.00910	0.00839	0.00791	0.00852	0.00946	0.12596	0.00600	0.01026	0.01175	0.01434	0.05237	0.50129	0.11044	0.05339	0.00773	0.00223	0.00440	0.04690	0.00473	0.00481

[dist]
# distance from previous block
# <min> <max>
0	1

[block]
# block no. 7 follows, 43 sequences, length 58
# corresponding to MSA columns:
# 316-373
name=unknown_H
#
# <colnr> <probs for GDERKNQSTAVLIFYWHMCP>
#	G	D	E	R	K	N	Q	S	T	A	V	L	I	F	Y	W	H	M	C	P
0	0.10701	0.15356	0.22395	0.01352	0.03520	0.04020	0.08702	0.11914	0.01419	0.12314	0.01149	0.01242	0.00837	0.00549	0.00495	0.00161	0.00667	0.00433	0.00361	0.02413
1	0.02003	0.01497	0.01720	0.03545	0.10270	0.01640	0.01133	0.63410	0.02391	0.04874	0.01307	0.01350	0.00939	0.00643	0.00553	0.00167	0.00615	0.00499	0.00517	0.00926
2	0.00761	0.00771	0.09348	0.00845	0.00991	0.00558	0.00686	0.00939	0.01141	0.02709	0.09843	0.58187	0.08107	0.01505	0.00676	0.00211	0.00372	0.01348	0.00494	0.00507
3	0.01286	0.01266	0.01971	0.26005	0.44761	0.06193	0.03013	0.01615	0.01251	0.01681	0.04869	0.01522	0.01045	0.00549	0.00554	0.00170	0.00689	0.00513	0.00284	0.00762
4	0.32284	0.10047	0.03524	0.01086	0.09394	0.01172	0.00804	0.04664	0.03174	0.05403	0.08657	0.01906	0.09940	0.00690	0.00464	0.00164	0.00454	0.00525	0.03191	0.02456
5	0.01716	0.12154	0.01711	0.01427	0.09105	0.29728	0.01041	0.18541	0.03287	0.01899	0.01256	0.01420	0.03804	0.01012	0.09289	0.00234	0.00837	0.00459	0.00355	0.00725
6	0.01944	0.01431	0.01547	0.01217	0.01614	0.01574	0.00992	0.66832	0.02430	0.03256	0.01524	0.10227	0.01249	0.00786	0.00571	0.00173	0.00577	0.00620	0.00550	0.00886
7	0.02045	0.03031	0.01543	0.01208	0.03587	0.01393	0.00967	0.43935	0.05784	0.21617	0.01549	0.01500	0.01079	0.00713	0.01974	0.00175	0.00571	0.00506	0.00554	0.06268
8	0.00991	0.02751	0.00800	0.00701	0.00887	0.00649	0.00520	0.01253	0.07531	0.10169	0.15209	0.05873	0.33663	0.15367	0.01016	0.00245	0.00367	0.00950	0.00513	0.00546
9	0.12437	0.03730	0.57169	0.01360	0.02019	0.01202	0.01657	0.01624	0.01125	0.01807	0.01192	0.10043	0.01022	0.00660	0.00519	0.00179	0.00705	0.00524	0.00280	0.00745
10	0.13293	0.03402	0.03657	0.01271	0.09942	0.01095	0.00947	0.08850	0.04649	0.39721	0.03568	0.01650	0.01232	0.00709	0.01921	0.00184	0.02017	0.00511	0.00532	0.00850
11	0.05906	0.05752	0.43490	0.01730	0.14124	0.01379	0.01668	0.13501	0.01403	0.02058	0.01091	0.01351	0.00837	0.00570	0.00524	0.00172	0.00718	0.02599	0.00306	0.00822
12	0.01450	0.59684	0.15770	0.01094	0.01610	0.06811	0.01144	0.01753	0.03679	0.01419	0.00864	0.00984	0.00742	0.00498	0.00401	0.00132	0.00652	0.00331	0.00250	0.00731
13	0.01063	0.00966	0.01558	0.61407	0.03224	0.01200	0.01386	0.04368	0.01126	0.01478	0.01054	0.01553	0.00834	0.01070	0.11230	0.00283	0.04818	0.00506	0.00265	0.00612
14	0.01307	0.01494	0.03268	0.02334	0.02894	0.01401	0.75070	0.01774	0.01307	0.01774	0.01120	0.01494	0.00840	0.00467	0.00654	0.00187	0.00934	0.00654	0.00280	0.00747
15	0.10459	0.27912	0.43245	0.02988	0.01965	0.01574	0.01519	0.01702	0.01129	0.01681	0.00896	0.01055	0.00694	0.00508	0.00451	0.00157	0.00700	0.00362	0.00247	0.00755
16	0.00857	0.00654	0.00946	0.09839	0.04205	0.00669	0.00863	0.01081	0.01207	0.01587	0.05759	0.26013	0.04910	0.01418	0.00709	0.00230	0.00473	0.37584	0.00477	0.00518
17	0.00663	0.00561	0.00573	0.00570	0.00753	0.00471	0.00427	0.00811	0.01282	0.01543	0.10186	0.05253	0.72252	0.01385	0.00654	0.00186	0.00279	0.01158	0.00520	0.00471
18	0.01466	0.79112	0.02858	0.00946	0.01412	0.02159	0.00942	0.01644	0.01120	0.01303	0.00786	0.00917	0.00725	0.00554	0.02063	0.00135	0.00612	0.00303	0.00238	0.00706
19	0.01271	0.01031	0.01415	0.01258	0.03987	0.01073	0.10934	0.21038	0.09988	0.02138	0.02137	0.25111	0.03285	0.05048	0.00748	0.00216	0.00534	0.07624	0.00481	0.00684
20	0.02319	0.01177	0.09603	0.01062	0.01533	0.00903	0.00958	0.05659	0.01583	0.66112	0.02019	0.01784	0.01280	0.00667	0.00553	0.00172	0.00515	0.00538	0.00631	0.00929
21	0.00675	0.00482	0.00643	0.00771	0.00803	0.00450	0.00514	0.00771	0.01060	0.01414	0.03053	0.80175	0.03663	0.01735	0.00707	0.00225	0.00321	0.01574	0.00514	0.00450
22	0.01639	0.01920	0.01972	0.01619	0.01919	0.36044	0.19083	0.02017	0.09774	0.01561	0.01053	0.01281	0.00857	0.00643	0.00800	0.00178	0.16161	0.00484	0.00307	0.00687
23	0.01542	0.06242	0.21979	0.02143	0.29407	0.19840	0.01544	0.05719	0.01382	0.03669	0.01014	0.01214	0.00799	0.00533	0.00521	0.00160	0.00771	0.00430	0.00289	0.00802
24	0.00822	0.00638	0.00948	0.00931	0.01023	0.00765	0.00730	0.01014	0.00887	0.01289	0.01429	0.02106	0.01337	0.03924	0.72821	0.00843	0.07113	0.00586	0.00293	0.00503
25	0.00805	0.00537	0.00604	0.00604	0.00604	0.00537	0.00336	0.00805	0.00805	0.01074	0.01745	0.03624	0.02013	0.80536	0.02819	0.00537	0.00537	0.00805	0.00336	0.00336
26	0.15017	0.04256	0.30949	0.02037	0.28317	0.01347	0.01584	0.06886	0.01264	0.02003	0.00991	0.01198	0.00764	0.00521	0.00501	0.00169	0.00676	0.00424	0.00289	0.00809
27	0.00849	0.00616	0.00754	0.00710	0.00847	0.00591	0.00520	0.01164	0.07195	0.03241	0.53276	0.03976	0.10785	0.11952	0.00940	0.00226	0.00318	0.00953	0.00562	0.00526
28	0.01466	0.77683	0.05956	0.00973	0.01461	0.02154	0.00993	0.01662	0.01127	0.01321	0.00779	0.00900	0.00710	0.00476	0.00362	0.00121	0.00602	0.00301	0.00237	0.00715
29	0.01056	0.00994	0.01679	0.76961	0.05984	0.01233	0.01543	0.01423	0.01112	0.01427	0.00986	0.01473	0.00742	0.00552	0.00554	0.00184	0.00736	0.00492	0.00247	0.00623
30	0.00820	0.00617	0.00872	0.00848	0.00918	0.00671	0.03138	0.00950	0.00931	0.01306	0.03937	0.15650	0.02015	0.26451	0.31949	0.00577	0.04859	0.00828	0.02206	0.00454
31	0.00687	0.00493	0.00652	0.00758	0.00805	0.00458	0.00513	0.00803	0.01122	0.01507	0.11430	0.69934	0.05463	0.01660	0.00700	0.00218	0.00314	0.01501	0.00525	0.00458
32	0.02305	0.01122	0.01383	0.01072	0.01497	0.01095	0.00882	0.22031	0.07158	0.52419	0.01962	0.01750	0.01279	0.00685	0.00557	0.00171	0.00506	0.00546	0.00642	0.00938
33	0.02723	0.00980	0.01560	0.57151	0.11035	0.01151	0.01375	0.03305	0.01180	0.01543	0.01609	0.01961	0.10854	0.00662	0.00562	0.00182	0.00659	0.00578	0.00295	0.00632
34	0.79190	0.06128	0.00946	0.00742	0.01093	0.01303	0.00622	0.01630	0.00954	0.02410	0.00771	0.00899	0.00607	0.00512	0.00344	0.00168	0.00439	0.00300	0.00336	0.00607
35	0.01481	0.80869	0.02902	0.00948	0.01421	0.02191	0.00948	0.01658	0.01125	0.01303	0.00770	0.00888	0.00711	0.00474	0.00355	0.00118	0.00592	0.00296	0.00237	0.00711
36	0.00734	0.00550	0.00680	0.00677	0.00804	0.00497	0.00497	0.00937	0.01405	0.01905	0.46726	0.17863	0.22087	0.01303	0.00663	0.00186	0.00276	0.01143	0.00570	0.00497
37	0.00786	0.00532	0.00607	0.00621	0.00631	0.00525	0.00359	0.00801	0.00850	0.01126	0.02022	0.12320	0.04714	0.68986	0.02508	0.00490	0.00504	0.00904	0.00362	0.00353
38	0.06929	0.01234	0.01359	0.12158	0.01743	0.03896	0.00957	0.39838	0.01883	0.02657	0.01318	0.01497	0.00996	0.00907	0.06609	0.00219	0.00641	0.00491	0.13908	0.00760
39	0.00698	0.00563	0.00621	0.00607	0.00775	0.00486	0.00455	0.00879	0.01365	0.01739	0.29466	0.04930	0.52850	0.01312	0.00654	0.00183	0.00274	0.01113	0.00546	0.00486
40	0.02835	0.01000	0.01442	0.17434	0.03357	0.04266	0.11377	0.05512	0.01199	0.01766	0.01301	0.01725	0.01065	0.03987	0.07226	0.00243	0.08401	0.00533	0.24724	0.00607
41	0.00883	0.00869	0.00755	0.02595	0.00978	0.11132	0.00557	0.01071	0.03440	0.01515	0.06721	0.08661	0.56321	0.01261	0.00631	0.00183	0.00396	0.01044	0.00481	0.00507
