[name]
unknown

[dist]
# distance from previous block
# <min> <max>
0	203

[block]
# block no. 0 follows, 37 sequences, length 18
# corresponding to MSA columns:
# 413-430
name=unknown_A
#
# <colnr> <probs for GDERKNQSTAVLIFYWHMCP>
#	G	D	E	R	K	N	Q	S	T	A	V	L	I	F	Y	W	H	M	C	P
0	0.01081	0.03723	0.01071	0.01071	0.01243	0.00814	0.00926	0.04772	0.01461	0.01963	0.05698	0.05761	0.03146	0.01609	0.03616	0.00282	0.00579	0.53166	0.07423	0.00596
1	0.04007	0.10509	0.15021	0.04892	0.01833	0.04727	0.01176	0.02373	0.01532	0.38299	0.05111	0.01905	0.01430	0.03673	0.00675	0.00198	0.00639	0.00565	0.00537	0.00898
2	0.05840	0.37639	0.09293	0.01186	0.01681	0.09924	0.01121	0.09924	0.01519	0.10822	0.01198	0.01362	0.00967	0.04397	0.00612	0.00178	0.00701	0.00434	0.00378	0.00822
3	0.01058	0.03140	0.00920	0.00781	0.00940	0.00775	0.00543	0.06326	0.01188	0.01623	0.02275	0.03504	0.10359	0.42324	0.06264	0.00437	0.00596	0.02308	0.04156	0.10482
4	0.01477	0.14851	0.46250	0.01555	0.02285	0.01584	0.04486	0.08694	0.03326	0.05603	0.01225	0.01421	0.00917	0.02983	0.00640	0.00196	0.00808	0.00480	0.00332	0.00888
5	0.01921	0.00990	0.01268	0.00978	0.01421	0.00816	0.00787	0.02170	0.01549	0.37622	0.09692	0.05649	0.01873	0.00756	0.00577	0.00157	0.00464	0.00631	0.00598	0.30081
6	0.01269	0.01088	0.01269	0.00907	0.01451	0.00816	0.00725	0.01541	0.01269	0.01995	0.01088	0.01269	0.00907	0.00453	0.00453	0.00091	0.00453	0.00363	0.00363	0.82229
7	0.02327	0.01715	0.01837	0.01408	0.01898	0.01898	0.01163	0.72628	0.02878	0.03858	0.01470	0.01470	0.01041	0.00735	0.00612	0.00184	0.00674	0.00551	0.00612	0.01041
8	0.00890	0.00593	0.00668	0.00668	0.00668	0.00593	0.00371	0.00890	0.00890	0.01187	0.01929	0.04006	0.02225	0.78487	0.03116	0.00593	0.00593	0.00890	0.00371	0.00371
9	0.02327	0.01715	0.01837	0.01408	0.01898	0.01898	0.01163	0.72628	0.02878	0.03858	0.01470	0.01470	0.01041	0.00735	0.00612	0.00184	0.00674	0.00551	0.00612	0.01041
10	0.00746	0.00533	0.00710	0.00852	0.00888	0.00497	0.00568	0.00852	0.01172	0.01563	0.03374	0.78088	0.04049	0.01918	0.00781	0.00249	0.00355	0.01740	0.00568	0.00497
11	0.82811	0.01184	0.00900	0.00805	0.01184	0.01373	0.00663	0.01799	0.01042	0.02746	0.00852	0.00994	0.00663	0.00568	0.00379	0.00189	0.00474	0.00331	0.00379	0.00663
12	0.00763	0.00556	0.00690	0.00788	0.00846	0.00514	0.00523	0.00862	0.01167	0.01523	0.03621	0.55675	0.15159	0.12962	0.01110	0.00292	0.00382	0.01544	0.00540	0.00482
13	0.01660	0.65876	0.09246	0.01137	0.01691	0.02292	0.01161	0.07825	0.01386	0.01687	0.00924	0.01050	0.00806	0.00546	0.00427	0.00141	0.00678	0.00357	0.00291	0.00817
14	0.01027	0.10243	0.01103	0.00871	0.01006	0.00902	0.00625	0.04551	0.06521	0.01626	0.02594	0.35967	0.05186	0.23379	0.01376	0.00325	0.00483	0.01177	0.00481	0.00558
15	0.06233	0.60422	0.10781	0.01099	0.01657	0.02135	0.01134	0.01821	0.01239	0.01610	0.00895	0.01038	0.00786	0.00527	0.00417	0.00138	0.00657	0.00344	0.00276	0.06791
16	0.01481	0.14067	0.01448	0.00962	0.01301	0.03215	0.00773	0.06390	0.03494	0.13587	0.02466	0.17544	0.10901	0.05282	0.00734	0.00199	0.00502	0.00842	0.00499	0.14314
17	0.08890	0.35390	0.10756	0.01213	0.01719	0.01817	0.03174	0.05266	0.03417	0.12317	0.01195	0.01292	0.00931	0.00623	0.00593	0.00167	0.06297	0.00432	0.00375	0.04135

[dist]
# distance from previous block
# <min> <max>
16	106

[block]
# block no. 1 follows, 37 sequences, length 14
# corresponding to MSA columns:
# 564-577
name=unknown_B
#
# <colnr> <probs for GDERKNQSTAVLIFYWHMCP>
#	G	D	E	R	K	N	Q	S	T	A	V	L	I	F	Y	W	H	M	C	P
0	0.01506	0.01413	0.10767	0.03163	0.01727	0.01092	0.01033	0.07240	0.09563	0.09451	0.03371	0.01582	0.01195	0.00602	0.00561	0.00143	0.02143	0.00479	0.00441	0.42530
1	0.01414	0.01056	0.01346	0.14434	0.01900	0.01011	0.00952	0.07046	0.07112	0.09425	0.10390	0.03755	0.03230	0.00762	0.00584	0.00162	0.00523	0.03635	0.00479	0.30785
2	0.01353	0.01242	0.01685	0.31675	0.02697	0.03345	0.04140	0.05033	0.13673	0.01955	0.01330	0.01612	0.01032	0.00638	0.00658	0.00177	0.05180	0.00526	0.00373	0.21674
3	0.01364	0.00996	0.01248	0.09971	0.04572	0.02375	0.00893	0.10236	0.03271	0.09672	0.22688	0.08683	0.09769	0.00997	0.00647	0.00185	0.00486	0.00854	0.00549	0.10542
4	0.00795	0.00575	0.00748	0.00849	0.00876	0.00569	0.00563	0.00884	0.01112	0.01491	0.03012	0.61695	0.03592	0.15715	0.01251	0.00312	0.03420	0.01539	0.00521	0.00481
5	0.01535	0.01514	0.02394	0.08830	0.65386	0.05835	0.01825	0.01890	0.01402	0.01939	0.01135	0.01499	0.00948	0.00555	0.00603	0.00182	0.00756	0.00536	0.00302	0.00934
6	0.01156	0.01088	0.01836	0.77016	0.04216	0.01360	0.01700	0.01564	0.01224	0.01564	0.01088	0.01632	0.00816	0.00612	0.00612	0.00204	0.00816	0.00544	0.00272	0.00680
7	0.00745	0.00537	0.00706	0.00841	0.00885	0.00498	0.00563	0.00854	0.01183	0.01567	0.03512	0.74562	0.07485	0.01900	0.00778	0.00247	0.00353	0.01718	0.00568	0.00498
8	0.01170	0.01108	0.01906	0.61846	0.09266	0.01317	0.05631	0.01560	0.01246	0.01619	0.01264	0.07053	0.01064	0.00694	0.00630	0.00206	0.00789	0.00639	0.00298	0.00697
9	0.01192	0.01125	0.01901	0.69702	0.11250	0.01369	0.01718	0.01595	0.01241	0.01608	0.01094	0.01620	0.00831	0.00605	0.00611	0.00202	0.00807	0.00544	0.00275	0.00709
10	0.76349	0.01172	0.00942	0.00828	0.01214	0.01335	0.00682	0.01895	0.01099	0.08586	0.00978	0.01082	0.00732	0.00584	0.00398	0.00189	0.00477	0.00354	0.00409	0.00694
11	0.10459	0.01000	0.01128	0.00899	0.01312	0.00861	0.00707	0.04683	0.01362	0.07855	0.03870	0.12201	0.06983	0.00806	0.00537	0.00147	0.00442	0.00665	0.00459	0.43626
12	0.03759	0.07496	0.01481	0.05827	0.01626	0.06752	0.00903	0.11086	0.05938	0.13236	0.10818	0.02249	0.07748	0.00779	0.00575	0.00165	0.00550	0.00624	0.00509	0.17881
13	0.01517	0.01272	0.04444	0.05346	0.04762	0.01214	0.05208	0.21281	0.06930	0.05017	0.03698	0.17069	0.03613	0.00930	0.00630	0.00186	0.00574	0.00806	0.00504	0.15001

[dist]
# distance from previous block
# <min> <max>
3	36

[block]
# block no. 2 follows, 37 sequences, length 13
# corresponding to MSA columns:
# 614-626
name=unknown_C
#
# <colnr> <probs for GDERKNQSTAVLIFYWHMCP>
#	G	D	E	R	K	N	Q	S	T	A	V	L	I	F	Y	W	H	M	C	P
0	0.05964	0.21627	0.01970	0.01228	0.01614	0.15921	0.01027	0.23631	0.01815	0.04172	0.01265	0.03208	0.01055	0.03541	0.00686	0.00184	0.04460	0.00495	0.05330	0.00809
1	0.11208	0.00938	0.04417	0.04810	0.01261	0.04186	0.00761	0.01353	0.01398	0.05396	0.26386	0.21387	0.04953	0.03164	0.03540	0.00243	0.00490	0.01020	0.02481	0.00609
2	0.01520	0.56388	0.21545	0.01248	0.01848	0.02145	0.01369	0.01845	0.01244	0.01569	0.00912	0.01076	0.00784	0.00561	0.00507	0.00153	0.03848	0.00368	0.00261	0.00811
3	0.01596	0.71289	0.10416	0.01117	0.01679	0.02322	0.01169	0.01843	0.01249	0.01490	0.00876	0.01013	0.00785	0.00529	0.00412	0.00137	0.00680	0.00340	0.00262	0.00797
4	0.01477	0.49332	0.31335	0.01319	0.01992	0.02032	0.01521	0.01874	0.01263	0.01635	0.00948	0.01103	0.00782	0.00546	0.00466	0.00155	0.00752	0.00376	0.00261	0.00832
5	0.00723	0.00620	0.00620	0.00620	0.00827	0.00517	0.00465	0.00878	0.01395	0.01654	0.06201	0.05891	0.74421	0.01550	0.00723	0.00207	0.00310	0.01292	0.00568	0.00517
6	0.01228	0.03166	0.75316	0.01745	0.02649	0.01422	0.02262	0.01939	0.01292	0.01939	0.01099	0.01292	0.00775	0.00582	0.00582	0.00194	0.00905	0.00452	0.00258	0.00905
7	0.05393	0.34208	0.42005	0.01412	0.02134	0.01831	0.01684	0.01888	0.01260	0.01773	0.00985	0.01150	0.00774	0.00557	0.00494	0.00168	0.00781	0.00395	0.00266	0.00844
8	0.00909	0.00589	0.00667	0.00667	0.00686	0.00585	0.00389	0.00918	0.00932	0.01270	0.02074	0.03850	0.05392	0.65343	0.02792	0.05587	0.00557	0.00866	0.05543	0.00384
9	0.02156	0.01597	0.01705	0.01338	0.01790	0.01773	0.01096	0.59724	0.11632	0.03602	0.01629	0.01620	0.01176	0.00746	0.00603	0.00184	0.00627	0.00570	0.05430	0.01004
10	0.02142	0.06474	0.01949	0.01421	0.01901	0.01867	0.04481	0.56206	0.11557	0.03455	0.01548	0.01550	0.01123	0.00723	0.00605	0.00184	0.00666	0.00563	0.00578	0.01006
11	0.01481	0.14593	0.19077	0.01768	0.02390	0.01607	0.25963	0.08351	0.01467	0.02031	0.01128	0.01380	0.00874	0.00564	0.00637	0.00175	0.03622	0.00525	0.00324	0.12044
12	0.01325	0.17285	0.55145	0.01690	0.02497	0.01622	0.08480	0.01921	0.01297	0.01847	0.01065	0.01267	0.00791	0.00565	0.00559	0.00183	0.00869	0.00454	0.00264	0.00875

[dist]
# distance from previous block
# <min> <max>
2	10

[block]
# block no. 3 follows, 37 sequences, length 24
# corresponding to MSA columns:
# 637-649,658-668
name=unknown_D
#
# <colnr> <probs for GDERKNQSTAVLIFYWHMCP>
#	G	D	E	R	K	N	Q	S	T	A	V	L	I	F	Y	W	H	M	C	P
0	0.08162	0.42015	0.02270	0.01031	0.01463	0.04658	0.00928	0.01785	0.01262	0.06150	0.03642	0.01412	0.01096	0.04927	0.00675	0.00170	0.04935	0.00424	0.00339	0.12658
1	0.11103	0.08541	0.07307	0.07367	0.12890	0.05481	0.01179	0.04122	0.03380	0.16669	0.06155	0.02220	0.06847	0.00775	0.00583	0.00188	0.00620	0.03290	0.00463	0.00819
2	0.01400	0.11642	0.01525	0.01107	0.01366	0.03314	0.00908	0.08336	0.04145	0.05565	0.01685	0.11223	0.01583	0.01454	0.11432	0.00301	0.12730	0.03346	0.07627	0.09308
3	0.05798	0.01250	0.01489	0.02661	0.01625	0.01285	0.02249	0.22333	0.04513	0.11566	0.01635	0.10012	0.01384	0.00819	0.00716	0.00178	0.07932	0.00640	0.00506	0.21410
4	0.01978	0.01472	0.01617	0.01240	0.01721	0.01525	0.01013	0.45835	0.06718	0.05790	0.04291	0.01612	0.01259	0.00693	0.00579	0.00163	0.00588	0.00538	0.00560	0.20810
5	0.01409	0.01091	0.01441	0.04261	0.16931	0.01119	0.01031	0.06250	0.18131	0.08173	0.17314	0.02868	0.08764	0.04465	0.00756	0.00209	0.00510	0.00777	0.00537	0.03963
6	0.09794	0.01486	0.06944	0.13338	0.02744	0.01400	0.36560	0.03650	0.01345	0.02005	0.01183	0.01561	0.00908	0.00619	0.00724	0.02661	0.03393	0.00597	0.04253	0.04835
7	0.01772	0.01642	0.01567	0.01345	0.01628	0.17753	0.01069	0.25804	0.06237	0.02355	0.01594	0.04303	0.03994	0.01475	0.13290	0.00327	0.11997	0.00609	0.00448	0.00791
8	0.01528	0.01499	0.01878	0.10591	0.04053	0.11896	0.09123	0.08703	0.01393	0.01891	0.01223	0.01590	0.02306	0.00812	0.01109	0.00211	0.28907	0.00558	0.10003	0.00724
9	0.01968	0.01576	0.01599	0.04200	0.01769	0.08178	0.01048	0.46835	0.06537	0.03095	0.05777	0.02041	0.03938	0.07639	0.00838	0.00221	0.00665	0.00632	0.00554	0.00890
10	0.05386	0.00929	0.01058	0.00939	0.01206	0.00947	0.00736	0.09292	0.14328	0.09020	0.30854	0.03720	0.14814	0.01105	0.00670	0.00199	0.00406	0.03030	0.00631	0.00731
11	0.11327	0.00898	0.01003	0.05298	0.01260	0.00962	0.03061	0.13106	0.01501	0.02480	0.01753	0.05473	0.01439	0.02945	0.00565	0.00178	0.00440	0.00605	0.45041	0.00665
12	0.05607	0.01588	0.01633	0.05511	0.01849	0.06207	0.01082	0.52455	0.02438	0.03342	0.01455	0.01537	0.01062	0.00712	0.00576	0.00178	0.00651	0.00534	0.10659	0.00926
13	0.02236	0.01801	0.01745	0.01380	0.01819	0.11642	0.01117	0.58708	0.02610	0.03406	0.01432	0.01533	0.01064	0.03379	0.00684	0.00193	0.00716	0.00542	0.03032	0.00960
14	0.02185	0.01620	0.01743	0.01365	0.01819	0.01792	0.01116	0.64336	0.06757	0.03645	0.01643	0.06194	0.01271	0.00812	0.00623	0.00189	0.00643	0.00632	0.00610	0.01004
15	0.01483	0.01422	0.02427	0.10216	0.68457	0.01446	0.01863	0.01851	0.01379	0.01961	0.01146	0.01525	0.00956	0.00551	0.00607	0.00184	0.00735	0.00545	0.00300	0.00944
16	0.00943	0.00695	0.00856	0.00906	0.05373	0.00633	0.00587	0.01103	0.01320	0.04183	0.18658	0.10731	0.23993	0.21744	0.01337	0.00302	0.00424	0.01070	0.00518	0.04622
17	0.01804	0.01399	0.01556	0.01183	0.01665	0.01393	0.00962	0.38812	0.02102	0.02943	0.01379	0.04634	0.01108	0.00676	0.00584	0.00150	0.02203	0.00524	0.00500	0.34424
18	0.00746	0.00533	0.00710	0.00852	0.00888	0.00497	0.00568	0.00852	0.01172	0.01563	0.03374	0.78088	0.04049	0.01918	0.00781	0.00249	0.00355	0.01740	0.00568	0.00497
19	0.01299	0.03558	0.01883	0.05975	0.08772	0.03348	0.11471	0.04249	0.01270	0.01777	0.04382	0.09125	0.04838	0.04824	0.01195	0.00236	0.24637	0.00739	0.03484	0.02939
20	0.56379	0.01481	0.01247	0.01261	0.08482	0.12810	0.00904	0.01911	0.01190	0.03871	0.00925	0.01103	0.00737	0.00608	0.00524	0.00188	0.04929	0.00379	0.00363	0.00708
21	0.03963	0.01300	0.01793	0.18513	0.02310	0.04813	0.11047	0.15288	0.03366	0.04286	0.03466	0.07312	0.01362	0.00806	0.00771	0.00201	0.09275	0.00667	0.08700	0.00759
22	0.45741	0.01191	0.01316	0.22521	0.05474	0.01387	0.01051	0.07971	0.01263	0.02412	0.00995	0.01274	0.00769	0.00654	0.00553	0.03334	0.00602	0.00428	0.00362	0.00700
23	0.01019	0.00657	0.00850	0.00787	0.00952	0.00601	0.00588	0.01277	0.01659	0.08531	0.59542	0.06135	0.08082	0.05590	0.00849	0.00217	0.00328	0.01076	0.00657	0.00601

[dist]
# distance from previous block
# <min> <max>
0	1

[block]
# block no. 4 follows, 37 sequences, length 7
# corresponding to MSA columns:
# 670-676
name=unknown_E
#
# <colnr> <probs for GDERKNQSTAVLIFYWHMCP>
#	G	D	E	R	K	N	Q	S	T	A	V	L	I	F	Y	W	H	M	C	P
0	0.01049	0.00864	0.00901	0.00931	0.01041	0.07187	0.00650	0.07630	0.01386	0.01781	0.07202	0.48569	0.05825	0.10775	0.01019	0.00271	0.00472	0.01359	0.00533	0.00556
1	0.01728	0.01464	0.01517	0.06702	0.01833	0.07950	0.01081	0.25354	0.28031	0.02693	0.02047	0.06726	0.01715	0.00912	0.00643	0.00205	0.00623	0.07333	0.00559	0.00883
2	0.03932	0.06866	0.01538	0.04935	0.01681	0.05899	0.00976	0.16005	0.23723	0.08735	0.01976	0.11829	0.01668	0.00870	0.00601	0.00189	0.00571	0.00712	0.00538	0.06755
3	0.01544	0.01815	0.06846	0.05894	0.02561	0.13966	0.33601	0.02088	0.09220	0.01894	0.01264	0.01550	0.00981	0.00613	0.00739	0.00192	0.06440	0.00594	0.00341	0.07859
4	0.01903	0.01513	0.01921	0.06698	0.02107	0.01591	0.10033	0.44987	0.02266	0.03077	0.01454	0.05311	0.01143	0.00717	0.00612	0.00178	0.00681	0.00604	0.00513	0.12692
5	0.05299	0.01530	0.06883	0.01433	0.05325	0.01566	0.01170	0.31695	0.11051	0.08409	0.05800	0.01785	0.01411	0.00791	0.00767	0.00197	0.09757	0.00588	0.03630	0.00913
6	0.03533	0.01465	0.01611	0.06498	0.03328	0.05305	0.01103	0.36420	0.06407	0.04801	0.01736	0.01839	0.05507	0.00808	0.00763	0.00193	0.09777	0.00593	0.07444	0.00870

[dist]
# distance from previous block
# <min> <max>
12	21

[block]
# block no. 5 follows, 37 sequences, length 15
# corresponding to MSA columns:
# 701-715
name=unknown_F
#
# <colnr> <probs for GDERKNQSTAVLIFYWHMCP>
#	G	D	E	R	K	N	Q	S	T	A	V	L	I	F	Y	W	H	M	C	P
0	0.11219	0.01437	0.01470	0.03393	0.01646	0.06780	0.00983	0.33626	0.05277	0.08835	0.11563	0.02028	0.03492	0.00810	0.00633	0.00188	0.02641	0.00620	0.02498	0.00863
1	0.01156	0.00826	0.01023	0.01033	0.02638	0.00838	0.00757	0.12650	0.04778	0.04110	0.14716	0.35605	0.03493	0.04686	0.00834	0.00242	0.00446	0.08937	0.00586	0.00645
2	0.20021	0.11799	0.37073	0.01619	0.08812	0.04104	0.01635	0.01886	0.01239	0.02033	0.00999	0.01202	0.00771	0.00590	0.00572	0.00186	0.03921	0.00419	0.00293	0.00824
3	0.04807	0.01394	0.10863	0.11380	0.05181	0.01269	0.02909	0.02299	0.29219	0.07918	0.02380	0.02457	0.10110	0.04255	0.00729	0.00219	0.00593	0.00695	0.00491	0.00832
4	0.12175	0.07218	0.01718	0.06239	0.01866	0.15233	0.01085	0.36596	0.02118	0.02823	0.01539	0.01610	0.05737	0.00726	0.00564	0.00179	0.00711	0.00527	0.00479	0.00857
5	0.08806	0.01408	0.01597	0.04266	0.08968	0.08651	0.04324	0.18556	0.06291	0.02407	0.01392	0.01641	0.01109	0.01143	0.09666	0.00275	0.04631	0.00535	0.08821	0.05511
6	0.09359	0.13009	0.01857	0.01433	0.06373	0.20622	0.02691	0.20199	0.04967	0.02385	0.07266	0.01725	0.04143	0.00722	0.00559	0.00173	0.00720	0.00541	0.00441	0.00814
7	0.17741	0.01503	0.01691	0.05282	0.23622	0.11611	0.01229	0.05339	0.09977	0.11941	0.01424	0.01546	0.01075	0.00639	0.00553	0.00184	0.00663	0.00510	0.02604	0.00863
8	0.01384	0.01022	0.01355	0.01538	0.15465	0.01051	0.00963	0.12759	0.08247	0.07304	0.05415	0.24726	0.02385	0.09772	0.03520	0.00278	0.00568	0.00985	0.00517	0.00748
9	0.00961	0.00671	0.00866	0.00904	0.01050	0.00640	0.00704	0.01249	0.04526	0.05031	0.24984	0.22850	0.11534	0.01523	0.00761	0.00232	0.00399	0.19922	0.00609	0.00584
10	0.01011	0.00692	0.00780	0.00753	0.00801	0.00707	0.00462	0.07561	0.01100	0.01468	0.02011	0.10188	0.02273	0.64620	0.02680	0.00525	0.00580	0.00932	0.00410	0.00444
11	0.01395	0.01257	0.01798	0.01476	0.08575	0.01069	0.12371	0.06675	0.01423	0.02122	0.01145	0.01368	0.00926	0.00492	0.00522	0.00124	0.00587	0.00451	0.00366	0.55858
12	0.01467	0.07129	0.08507	0.15820	0.32085	0.07625	0.11396	0.01856	0.01381	0.01824	0.01202	0.01702	0.01006	0.00612	0.00612	0.00189	0.00818	0.03623	0.00304	0.00841
13	0.01014	0.00761	0.00894	0.00915	0.01051	0.00769	0.00650	0.09635	0.08117	0.01913	0.03298	0.48082	0.11717	0.07056	0.00905	0.00257	0.00417	0.01388	0.00565	0.00599
14	0.01692	0.01313	0.01412	0.01227	0.01596	0.01476	0.00967	0.11593	0.56024	0.08800	0.02508	0.02311	0.04619	0.00841	0.00625	0.00203	0.00504	0.00692	0.00631	0.00966

[dist]
# distance from previous block
# <min> <max>
0	1

[block]
# block no. 6 follows, 37 sequences, length 12
# corresponding to MSA columns:
# 717-728
name=unknown_G
#
# <colnr> <probs for GDERKNQSTAVLIFYWHMCP>
#	G	D	E	R	K	N	Q	S	T	A	V	L	I	F	Y	W	H	M	C	P
0	0.02240	0.01672	0.01788	0.01391	0.01865	0.01858	0.01143	0.65154	0.10493	0.03718	0.01580	0.01557	0.01130	0.00745	0.00613	0.00186	0.00653	0.00566	0.00613	0.01033
1	0.01269	0.01088	0.01269	0.00907	0.01451	0.00816	0.00725	0.01541	0.01269	0.01995	0.01088	0.01269	0.00907	0.00453	0.00453	0.00091	0.00453	0.00363	0.00363	0.82229
2	0.00797	0.00599	0.00752	0.00827	0.00938	0.00539	0.00589	0.00945	0.01269	0.01677	0.07983	0.50769	0.16946	0.01709	0.00753	0.00231	0.00364	0.06506	0.00562	0.05245
3	0.01176	0.01108	0.01872	0.72932	0.08143	0.01365	0.01710	0.01582	0.01233	0.01588	0.01092	0.01625	0.00825	0.00608	0.00612	0.00203	0.00811	0.00544	0.00274	0.00696
4	0.01298	0.01231	0.02067	0.38551	0.36756	0.01355	0.01711	0.01670	0.01313	0.01772	0.01414	0.01824	0.05151	0.00635	0.00616	0.00194	0.00745	0.00588	0.00304	0.00805
5	0.00825	0.00604	0.00649	0.00649	0.00730	0.00563	0.00408	0.00886	0.01088	0.01370	0.03602	0.04744	0.30505	0.48350	0.02179	0.00442	0.00482	0.01048	0.00448	0.00428
6	0.01384	0.01508	0.02847	0.02191	0.04628	0.04275	0.45414	0.01768	0.01308	0.01791	0.01261	0.04782	0.01077	0.01007	0.06885	0.00279	0.15816	0.00706	0.00314	0.00760
7	0.00762	0.00539	0.00706	0.00832	0.00863	0.00508	0.00546	0.00857	0.01141	0.01521	0.03213	0.69836	0.03846	0.10447	0.01041	0.00287	0.00382	0.01645	0.00546	0.00483
8	0.00847	0.00637	0.00764	0.00812	0.00934	0.00595	0.00576	0.05157	0.01397	0.01822	0.11817	0.45492	0.23546	0.01673	0.00749	0.00227	0.00354	0.01476	0.00582	0.00544
9	0.01711	0.70545	0.03060	0.01086	0.01606	0.02366	0.01060	0.09460	0.01420	0.01701	0.00918	0.01034	0.00813	0.00546	0.00416	0.00137	0.00657	0.00351	0.00300	0.00813
10	0.02327	0.01715	0.01837	0.01408	0.01898	0.01898	0.01163	0.72628	0.02878	0.03858	0.01470	0.01470	0.01041	0.00735	0.00612	0.00184	0.00674	0.00551	0.00612	0.01041
11	0.01614	0.74636	0.07227	0.01086	0.01631	0.02366	0.01115	0.01839	0.01246	0.01468	0.00865	0.00999	0.00785	0.00527	0.00403	0.00134	0.00669	0.00334	0.00262	0.00792

[dist]
# distance from previous block
# <min> <max>
34	94

[block]
# block no. 7 follows, 37 sequences, length 13
# corresponding to MSA columns:
# 1058-1070
name=unknown_H
#
# <colnr> <probs for GDERKNQSTAVLIFYWHMCP>
#	G	D	E	R	K	N	Q	S	T	A	V	L	I	F	Y	W	H	M	C	P
0	0.03790	0.01597	0.09704	0.01240	0.01620	0.11486	0.01077	0.11080	0.01520	0.06078	0.04085	0.07689	0.01392	0.02351	0.02617	0.00204	0.10790	0.00597	0.02181	0.18904
1	0.03632	0.01603	0.10399	0.04398	0.18599	0.01445	0.26259	0.03294	0.09477	0.02044	0.01437	0.05360	0.01183	0.00678	0.00720	0.00202	0.04983	0.00666	0.02777	0.00846
2	0.14556	0.07002	0.13544	0.05721	0.09591	0.22108	0.01310	0.04370	0.08576	0.02008	0.01403	0.01541	0.04464	0.00664	0.00545	0.00180	0.00774	0.00491	0.00361	0.00791
3	0.01391	0.10874	0.20735	0.05792	0.08706	0.01426	0.05973	0.12888	0.01586	0.02181	0.10335	0.10369	0.01827	0.00835	0.00647	0.00193	0.02312	0.00710	0.00409	0.00810
4	0.01677	0.39820	0.02310	0.01154	0.01574	0.07376	0.01010	0.13349	0.13007	0.02024	0.01501	0.09931	0.01365	0.00771	0.00520	0.00167	0.00630	0.00585	0.00414	0.00818
5	0.00961	0.00751	0.00969	0.01081	0.06402	0.00718	0.00696	0.01257	0.08093	0.01748	0.07190	0.42697	0.03144	0.11090	0.01005	0.00262	0.00431	0.01252	0.00513	0.09741
6	0.01197	0.00916	0.01136	0.06566	0.01321	0.09131	0.04633	0.01159	0.01118	0.01419	0.12688	0.02178	0.01755	0.01621	0.01699	0.49475	0.00606	0.00619	0.00339	0.00426
7	0.01465	0.01701	0.12484	0.08255	0.46535	0.01472	0.13092	0.04003	0.01421	0.02011	0.01163	0.01513	0.00928	0.00556	0.00622	0.00189	0.00804	0.00561	0.00305	0.00920
8	0.04603	0.45662	0.02837	0.01676	0.13336	0.07448	0.09176	0.01862	0.01306	0.01639	0.00988	0.01220	0.00863	0.00734	0.04164	0.00193	0.00783	0.00427	0.00285	0.00797
9	0.01172	0.09554	0.01138	0.00840	0.01000	0.00989	0.00600	0.12372	0.01320	0.01719	0.02283	0.10206	0.09078	0.42917	0.01967	0.00407	0.00564	0.00890	0.00434	0.00549
10	0.01622	0.01534	0.13018	0.04986	0.01692	0.04906	0.01095	0.26288	0.03107	0.02658	0.01554	0.01747	0.01177	0.00815	0.02367	0.01947	0.00626	0.00538	0.27522	0.00799
11	0.01554	0.06054	0.01430	0.01020	0.01479	0.01093	0.00824	0.09431	0.09617	0.10586	0.03751	0.06989	0.01456	0.00692	0.00535	0.00142	0.00489	0.00566	0.00481	0.41810
12	0.01353	0.08541	0.06036	0.01689	0.18251	0.04980	0.03747	0.02719	0.06499	0.06163	0.15682	0.03007	0.15309	0.00923	0.00636	0.00189	0.00572	0.02461	0.00472	0.00771

[dist]
# distance from previous block
# <min> <max>
0	1

[block]
# block no. 8 follows, 37 sequences, length 25
# corresponding to MSA columns:
# 1072-1096
name=unknown_I
#
# <colnr> <probs for GDERKNQSTAVLIFYWHMCP>
#	G	D	E	R	K	N	Q	S	T	A	V	L	I	F	Y	W	H	M	C	P
0	0.01940	0.01948	0.01767	0.01750	0.12341	0.26971	0.01217	0.21125	0.11311	0.02350	0.01623	0.01714	0.05414	0.00752	0.00677	0.00184	0.05058	0.00559	0.00446	0.00856
1	0.01271	0.05628	0.01121	0.00900	0.01105	0.03031	0.00675	0.13025	0.04556	0.03915	0.15983	0.05863	0.09516	0.24171	0.01380	0.00310	0.00512	0.02572	0.03840	0.00627
2	0.03285	0.01801	0.01842	0.04977	0.14632	0.19550	0.01287	0.23964	0.01852	0.02391	0.01183	0.01404	0.00940	0.00709	0.00779	0.00186	0.11693	0.00503	0.04301	0.02722
3	0.00798	0.00600	0.00695	0.00704	0.00843	0.00533	0.00505	0.00930	0.01360	0.01743	0.20400	0.15003	0.38929	0.05874	0.01011	0.07450	0.00347	0.01222	0.00554	0.00497
4	0.01692	0.01355	0.05603	0.01458	0.05692	0.01138	0.11943	0.08284	0.01532	0.16412	0.01399	0.01521	0.01034	0.00578	0.00603	0.00152	0.02965	0.00504	0.00443	0.35693
5	0.01523	0.01315	0.01384	0.01246	0.01592	0.01523	0.00969	0.03253	0.73563	0.02561	0.02491	0.02284	0.01869	0.00830	0.00623	0.00208	0.00484	0.00692	0.00623	0.00969
6	0.01269	0.01088	0.01269	0.00907	0.01451	0.00816	0.00725	0.01541	0.01269	0.01995	0.01088	0.01269	0.00907	0.00453	0.00453	0.00091	0.00453	0.00363	0.00363	0.82229
7	0.06278	0.01010	0.01342	0.01047	0.01486	0.00892	0.00859	0.02762	0.01717	0.65128	0.08898	0.02260	0.01864	0.00794	0.00614	0.00190	0.00498	0.00647	0.00732	0.00982
8	0.00805	0.00558	0.00693	0.00776	0.00797	0.00537	0.00487	0.00868	0.01056	0.01408	0.02780	0.47658	0.03300	0.33369	0.01740	0.00390	0.00453	0.01391	0.00487	0.00445
9	0.01713	0.69876	0.03033	0.01110	0.01609	0.11126	0.01063	0.01905	0.01302	0.01447	0.00862	0.00996	0.00786	0.00536	0.00412	0.00134	0.00708	0.00335	0.00268	0.00777
10	0.01348	0.12549	0.59678	0.01718	0.04970	0.05708	0.02036	0.01951	0.01314	0.01854	0.01061	0.01251	0.00784	0.00576	0.00557	0.00184	0.00878	0.00437	0.00264	0.00881
11	0.00862	0.00610	0.00758	0.00742	0.00830	0.00585	0.00508	0.01030	0.01354	0.01874	0.38520	0.08505	0.07028	0.28807	0.05057	0.00375	0.00464	0.01053	0.00540	0.00496
12	0.01128	0.00572	0.00575	0.00575	0.00711	0.00572	0.00425	0.01399	0.01264	0.02226	0.01993	0.02370	0.01602	0.04670	0.00565	0.00166	0.00301	0.00587	0.77738	0.00560
13	0.01423	0.06250	0.47812	0.01965	0.08435	0.07490	0.11637	0.04433	0.01410	0.01955	0.01111	0.01336	0.00823	0.00576	0.00593	0.00188	0.00904	0.00490	0.00286	0.00883
14	0.01265	0.09987	0.68817	0.01682	0.02552	0.01512	0.02152	0.01929	0.01288	0.01894	0.01076	0.01264	0.00776	0.00576	0.00565	0.00188	0.00882	0.00441	0.00259	0.00894
15	0.00875	0.00653	0.00969	0.00969	0.01073	0.00757	0.00747	0.01084	0.00979	0.01410	0.01653	0.02479	0.01563	0.08026	0.72671	0.00966	0.01591	0.00667	0.00330	0.00538
16	0.00928	0.00632	0.00733	0.00725	0.00752	0.00645	0.00437	0.03199	0.00974	0.01309	0.01958	0.07239	0.02216	0.66471	0.08821	0.00596	0.00669	0.00900	0.00384	0.00412
17	0.01522	0.05798	0.02398	0.14135	0.21099	0.05450	0.17917	0.08472	0.04506	0.02030	0.01377	0.01686	0.03208	0.00645	0.00695	0.00192	0.04914	0.00596	0.02525	0.00833
18	0.02185	0.01635	0.01795	0.01470	0.04871	0.01803	0.01158	0.62549	0.07061	0.03644	0.04495	0.01648	0.01282	0.00754	0.00617	0.00185	0.00649	0.00582	0.00603	0.01015
19	0.01378	0.03075	0.01109	0.01005	0.03109	0.02937	0.00755	0.03298	0.05419	0.17075	0.25785	0.14402	0.09905	0.02494	0.00732	0.00211	0.00435	0.05556	0.00618	0.00703
20	0.01628	0.01696	0.02407	0.05378	0.56710	0.13716	0.05736	0.01967	0.01448	0.01903	0.01121	0.01458	0.00933	0.00560	0.00604	0.00180	0.00809	0.00530	0.00305	0.00911
21	0.03241	0.31472	0.02231	0.02798	0.05711	0.11106	0.01103	0.07228	0.10947	0.04365	0.01259	0.01393	0.01027	0.00670	0.00646	0.00170	0.08358	0.00461	0.05004	0.00810
22	0.11845	0.01430	0.01827	0.04531	0.22223	0.04887	0.04914	0.11524	0.16090	0.08127	0.01571	0.01773	0.01215	0.00680	0.00589	0.00190	0.00648	0.02421	0.00461	0.03054
23	0.06231	0.04694	0.08051	0.03848	0.13089	0.33153	0.03813	0.10171	0.07537	0.02045	0.01180	0.01343	0.00930	0.00630	0.00568	0.00175	0.00873	0.00474	0.00367	0.00827
24	0.01612	0.01205	0.01384	0.05953	0.06038	0.06053	0.00949	0.10987	0.11504	0.12685	0.13570	0.06116	0.02154	0.05165	0.00754	0.00202	0.00554	0.00712	0.00535	0.11869

[dist]
# distance from previous block
# <min> <max>
8	59

[block]
# block no. 9 follows, 37 sequences, length 8
# corresponding to MSA columns:
# 1160-1167
name=unknown_J
#
# <colnr> <probs for GDERKNQSTAVLIFYWHMCP>
#	G	D	E	R	K	N	Q	S	T	A	V	L	I	F	Y	W	H	M	C	P
0	0.04123	0.07886	0.01525	0.01298	0.05870	0.12539	0.00951	0.06315	0.21067	0.06957	0.10171	0.02287	0.01912	0.09396	0.03129	0.00254	0.02397	0.00649	0.00489	0.00784
1	0.04591	0.04784	0.34071	0.01545	0.04035	0.07198	0.07286	0.01735	0.01322	0.01883	0.07650	0.06387	0.01517	0.05286	0.00806	0.00214	0.04134	0.00623	0.00340	0.04592
2	0.07829	0.01333	0.03943	0.08873	0.06462	0.01322	0.20860	0.09209	0.01442	0.02098	0.01574	0.10521	0.03780	0.00792	0.00740	0.00196	0.06920	0.00716	0.00384	0.11008
3	0.01582	0.05699	0.04314	0.03806	0.07577	0.15796	0.10148	0.06580	0.05867	0.05348	0.04444	0.06344	0.03138	0.06267	0.02399	0.00232	0.04121	0.00671	0.04916	0.00750
4	0.01179	0.08555	0.04168	0.06430	0.07426	0.01068	0.10441	0.01365	0.01219	0.01669	0.07275	0.09045	0.01886	0.01236	0.01102	0.19602	0.02837	0.07877	0.05019	0.00600
5	0.01673	0.23395	0.06659	0.07480	0.01955	0.24238	0.04791	0.06022	0.01525	0.01752	0.05628	0.07496	0.01375	0.00732	0.00553	0.00168	0.00789	0.00566	0.00354	0.02849
6	0.01331	0.01135	0.07123	0.01120	0.01452	0.00957	0.04517	0.13011	0.01543	0.07434	0.06575	0.25366	0.02329	0.05304	0.04319	0.00250	0.00582	0.00948	0.00502	0.14200
7	0.12049	0.08752	0.09118	0.05270	0.02030	0.03694	0.12101	0.13542	0.07909	0.09665	0.06049	0.01695	0.01324	0.00670	0.00577	0.00184	0.00680	0.00562	0.00453	0.03674

[dist]
# distance from previous block
# <min> <max>
0	1

[block]
# block no. 10 follows, 37 sequences, length 33
# corresponding to MSA columns:
# 1169-1201
name=unknown_K
#
# <colnr> <probs for GDERKNQSTAVLIFYWHMCP>
#	G	D	E	R	K	N	Q	S	T	A	V	L	I	F	Y	W	H	M	C	P
0	0.07305	0.01282	0.01330	0.01081	0.03608	0.07556	0.00823	0.08284	0.01461	0.02177	0.03881	0.04962	0.01218	0.00604	0.00501	0.00126	0.00530	0.00478	0.00402	0.52390
1	0.01098	0.00997	0.03882	0.04406	0.04850	0.00978	0.07763	0.06764	0.01381	0.01906	0.10332	0.34993	0.02845	0.03563	0.00915	0.00233	0.08238	0.01142	0.00481	0.03232
2	0.01190	0.01009	0.01207	0.00924	0.01371	0.00806	0.00726	0.01436	0.01235	0.01901	0.01379	0.10525	0.01309	0.00839	0.04062	0.00156	0.02724	0.00546	0.00383	0.66271
3	0.01304	0.01109	0.01288	0.00923	0.01465	0.00852	0.00740	0.03893	0.01323	0.02056	0.01101	0.01276	0.00911	0.00463	0.00459	0.00094	0.00461	0.00369	0.00371	0.79543
4	0.02562	0.01168	0.01482	0.01143	0.01604	0.01101	0.00941	0.18076	0.01997	0.55971	0.05765	0.02073	0.01623	0.00777	0.00620	0.00188	0.00543	0.00626	0.00722	0.01019
5	0.01179	0.01088	0.01532	0.01380	0.01421	0.01448	0.01137	0.01345	0.01001	0.01493	0.01311	0.02314	0.01330	0.04557	0.18456	0.00440	0.48928	0.08700	0.00319	0.00620
6	0.04688	0.01229	0.01833	0.18000	0.10272	0.03572	0.09814	0.03477	0.01259	0.01889	0.01222	0.01633	0.00995	0.00732	0.00930	0.00203	0.20122	0.00556	0.16860	0.00714
7	0.00876	0.00651	0.00959	0.00959	0.01060	0.00752	0.00735	0.01077	0.00977	0.01403	0.01662	0.02529	0.01584	0.10328	0.70398	0.00953	0.01558	0.00674	0.00331	0.00533
8	0.00890	0.00595	0.00677	0.00677	0.00680	0.00599	0.00383	0.00896	0.00893	0.01194	0.01920	0.03959	0.02205	0.76309	0.05266	0.00605	0.00624	0.00883	0.00370	0.00376
9	0.00894	0.00600	0.00731	0.00742	0.00778	0.00621	0.00474	0.00969	0.00961	0.01346	0.01985	0.09292	0.02172	0.51214	0.18161	0.00616	0.00774	0.00883	0.06355	0.00432
10	0.01381	0.01408	0.01869	0.01606	0.01620	0.05125	0.01332	0.01516	0.00972	0.01474	0.00810	0.01329	0.00803	0.01052	0.01945	0.00263	0.74024	0.00529	0.00270	0.00671
11	0.04003	0.25191	0.13812	0.04952	0.10692	0.03648	0.04277	0.11712	0.03932	0.04447	0.04509	0.01476	0.01134	0.00640	0.00585	0.00174	0.03098	0.00495	0.00369	0.00854
12	0.01637	0.78856	0.03208	0.01047	0.01571	0.02422	0.01047	0.01833	0.01244	0.01440	0.00851	0.00982	0.00786	0.00524	0.00393	0.00131	0.00655	0.00327	0.00262	0.00786
13	0.01480	0.01127	0.01449	0.01082	0.01579	0.00939	0.05852	0.07287	0.01465	0.09908	0.01560	0.04518	0.03097	0.00636	0.00535	0.00132	0.00515	0.02887	0.00440	0.53512
14	0.01239	0.01154	0.01819	0.66014	0.06410	0.03113	0.01639	0.04698	0.01323	0.01690	0.01198	0.01840	0.00950	0.00663	0.00621	0.00205	0.00802	0.03618	0.00302	0.00702
15	0.00750	0.00621	0.00657	0.00648	0.00843	0.00528	0.00486	0.00930	0.01459	0.01804	0.19000	0.05643	0.61528	0.01494	0.00723	0.00204	0.00306	0.01257	0.00588	0.00528
16	0.01389	0.01466	0.02937	0.27391	0.03479	0.01501	0.45550	0.05064	0.01437	0.01915	0.01199	0.01636	0.00896	0.00558	0.00680	0.00205	0.00943	0.00655	0.00311	0.00787
17	0.01670	0.09436	0.03500	0.08190	0.22114	0.17259	0.12554	0.04248	0.11351	0.01929	0.01279	0.01507	0.01017	0.00607	0.00594	0.00181	0.00822	0.00538	0.00352	0.00852
18	0.00746	0.00533	0.00710	0.00852	0.00888	0.00497	0.00568	0.00852	0.01172	0.01563	0.03374	0.78088	0.04049	0.01918	0.00781	0.00249	0.00355	0.01740	0.00568	0.00497
19	0.01004	0.00658	0.00854	0.00787	0.00960	0.00599	0.00596	0.01282	0.01715	0.08050	0.64967	0.04453	0.09267	0.01230	0.00714	0.00193	0.00308	0.01079	0.00674	0.00610
20	0.01252	0.01180	0.01970	0.55836	0.09386	0.01423	0.05944	0.03659	0.01274	0.01698	0.01109	0.01608	0.00858	0.00648	0.00740	0.00206	0.07729	0.00555	0.02204	0.00719
21	0.01828	0.19181	0.11838	0.03600	0.06463	0.03963	0.06837	0.25065	0.06323	0.05828	0.01334	0.01439	0.01004	0.00639	0.00563	0.00176	0.00722	0.00508	0.01776	0.00913
22	0.01162	0.01096	0.01837	0.74537	0.04130	0.01377	0.01688	0.01561	0.01215	0.01561	0.01079	0.01622	0.00816	0.00627	0.00658	0.00206	0.03333	0.00544	0.00272	0.00680
23	0.00753	0.00536	0.00708	0.00844	0.00878	0.00502	0.00559	0.00854	0.01159	0.01545	0.03306	0.74635	0.03964	0.05487	0.00890	0.00265	0.00366	0.01701	0.00559	0.00491
24	0.01234	0.01049	0.01378	0.06841	0.04833	0.00921	0.03766	0.01507	0.01243	0.01911	0.01287	0.04250	0.01131	0.04150	0.00688	0.00150	0.04166	0.00499	0.07909	0.51087
25	0.01722	0.01989	0.01565	0.01416	0.01593	0.39858	0.01086	0.01866	0.01350	0.01450	0.01099	0.01624	0.01033	0.09075	0.11025	0.00337	0.20440	0.00514	0.00311	0.00644
26	0.00881	0.00590	0.00670	0.00679	0.00681	0.00588	0.00383	0.00888	0.00907	0.01210	0.02017	0.08517	0.02336	0.73825	0.02973	0.00572	0.00579	0.00942	0.00383	0.00379
27	0.01314	0.01104	0.01039	0.00954	0.01115	0.11100	0.00676	0.13732	0.01518	0.01944	0.10967	0.12752	0.04306	0.30797	0.01598	0.00346	0.00593	0.00901	0.02660	0.00586
28	0.01237	0.01054	0.01235	0.00903	0.01416	0.00797	0.00716	0.01499	0.01263	0.01968	0.01227	0.05947	0.01098	0.00543	0.00473	0.00100	0.00447	0.00447	0.00375	0.77252
29	0.00776	0.00571	0.00731	0.00851	0.00912	0.00541	0.00577	0.00953	0.04152	0.01610	0.03550	0.69561	0.09246	0.01846	0.00770	0.00244	0.00357	0.01664	0.00570	0.00518
30	0.65625	0.01271	0.01037	0.00911	0.01278	0.04024	0.00747	0.08958	0.01266	0.02751	0.01013	0.01245	0.00809	0.00631	0.00456	0.00190	0.02100	0.02191	0.02797	0.00698
31	0.05503	0.00948	0.01169	0.00976	0.01340	0.00878	0.00788	0.02329	0.09412	0.40834	0.08525	0.03207	0.16721	0.00992	0.00645	0.00199	0.00456	0.03548	0.00674	0.00857
32	0.07303	0.02584	0.14831	0.01213	0.03405	0.07405	0.04309	0.01774	0.01483	0.13669	0.16071	0.04962	0.12151	0.00990	0.02064	0.00205	0.00603	0.00764	0.03471	0.00742

[dist]
# distance from previous block
# <min> <max>
4	9

[block]
# block no. 11 follows, 37 sequences, length 7
# corresponding to MSA columns:
# 1211-1217
name=unknown_L
#
# <colnr> <probs for GDERKNQSTAVLIFYWHMCP>
#	G	D	E	R	K	N	Q	S	T	A	V	L	I	F	Y	W	H	M	C	P
0	0.15028	0.12914	0.10376	0.10502	0.02043	0.11377	0.04406	0.07064	0.10950	0.02147	0.04162	0.01536	0.01159	0.00653	0.00535	0.00180	0.00702	0.00498	0.02982	0.00785
1	0.13583	0.01261	0.10150	0.01060	0.01478	0.01034	0.00953	0.05206	0.07145	0.24224	0.21157	0.02445	0.02419	0.00831	0.00598	0.00187	0.00499	0.00677	0.00585	0.04506
2	0.01743	0.01803	0.17826	0.01544	0.06887	0.01472	0.03791	0.33169	0.01997	0.04704	0.03872	0.01777	0.01245	0.07784	0.00829	0.00217	0.00698	0.00571	0.00467	0.07605
3	0.01354	0.01242	0.01175	0.01067	0.01283	0.13924	0.00816	0.13692	0.01730	0.02190	0.21386	0.15961	0.14123	0.01202	0.00770	0.00202	0.05692	0.00986	0.00539	0.00664
4	0.00784	0.00609	0.00711	0.00761	0.00901	0.00545	0.00566	0.00949	0.01350	0.01707	0.11144	0.23951	0.37985	0.04991	0.00858	0.00243	0.00365	0.10493	0.00569	0.00517
5	0.01867	0.52340	0.02709	0.01211	0.01683	0.18957	0.01092	0.10589	0.01553	0.01748	0.00948	0.01069	0.00817	0.00574	0.00455	0.00143	0.00758	0.00370	0.00317	0.00800
6	0.00877	0.00648	0.00942	0.00942	0.01037	0.00743	0.00713	0.01066	0.00971	0.01390	0.01678	0.02616	0.01622	0.14325	0.66453	0.00932	0.01502	0.00687	0.00334	0.00523

[dist]
# distance from previous block
# <min> <max>
0	1

[block]
# block no. 12 follows, 37 sequences, length 6
# corresponding to MSA columns:
# 1219-1224
name=unknown_M
#
# <colnr> <probs for GDERKNQSTAVLIFYWHMCP>
#	G	D	E	R	K	N	Q	S	T	A	V	L	I	F	Y	W	H	M	C	P
0	0.01030	0.00815	0.01217	0.15325	0.06943	0.00859	0.01135	0.01326	0.01360	0.01771	0.02837	0.09383	0.06102	0.01416	0.00776	0.00255	0.00599	0.45751	0.00492	0.00608
1	0.29036	0.01552	0.01449	0.15170	0.02032	0.12839	0.01064	0.21828	0.01710	0.02631	0.01136	0.01322	0.00858	0.00639	0.00516	0.00184	0.00681	0.00453	0.04123	0.00776
2	0.01412	0.01586	0.03407	0.11152	0.03316	0.01526	0.64299	0.01915	0.01419	0.01915	0.01221	0.01649	0.00916	0.00527	0.00710	0.00206	0.01007	0.00702	0.00305	0.00809
3	0.00890	0.00593	0.00668	0.00668	0.00668	0.00593	0.00371	0.00890	0.00890	0.01187	0.01929	0.04006	0.02225	0.78487	0.03116	0.00593	0.00593	0.00890	0.00371	0.00371
4	0.27971	0.07456	0.01496	0.01138	0.01503	0.10794	0.00933	0.19428	0.05125	0.04993	0.01232	0.01348	0.00948	0.00680	0.00599	0.00182	0.06112	0.00453	0.06818	0.00792
5	0.06401	0.05529	0.01943	0.01639	0.06962	0.18473	0.05690	0.20369	0.05067	0.04421	0.01197	0.01379	0.00945	0.00720	0.00821	0.00190	0.14152	0.00503	0.00412	0.03187

[dist]
# distance from previous block
# <min> <max>
2	87

[block]
# block no. 13 follows, 37 sequences, length 21
# corresponding to MSA columns:
# 1314-1324,1327-1336
name=unknown_N
#
# <colnr> <probs for GDERKNQSTAVLIFYWHMCP>
#	G	D	E	R	K	N	Q	S	T	A	V	L	I	F	Y	W	H	M	C	P
0	0.06336	0.11290	0.02151	0.02992	0.01944	0.10973	0.15005	0.06646	0.06622	0.08410	0.03559	0.01573	0.01146	0.00714	0.00818	0.00192	0.13749	0.00550	0.02240	0.03089
1	0.12806	0.04605	0.08408	0.01175	0.01632	0.04087	0.01036	0.09474	0.15882	0.27588	0.05735	0.01895	0.01526	0.00740	0.00576	0.00189	0.00573	0.00577	0.00578	0.00916
2	0.06383	0.01696	0.01649	0.01323	0.01755	0.10920	0.01067	0.44911	0.08249	0.06787	0.01502	0.01564	0.01113	0.02393	0.02509	0.00208	0.00707	0.00537	0.00549	0.04177
3	0.33797	0.10506	0.26206	0.04780	0.01985	0.04809	0.04491	0.01902	0.01221	0.03897	0.01003	0.01182	0.00759	0.00575	0.00487	0.00184	0.00707	0.00408	0.00324	0.00776
4	0.17486	0.13718	0.05019	0.09783	0.01975	0.18882	0.01145	0.18797	0.01721	0.02346	0.03127	0.01317	0.00967	0.00640	0.00521	0.00174	0.00747	0.00449	0.00393	0.00793
5	0.01063	0.00532	0.00797	0.00797	0.00797	0.00532	0.00532	0.00797	0.00797	0.01063	0.01063	0.01861	0.01063	0.02127	0.02392	0.82190	0.00532	0.00532	0.00266	0.00266
6	0.00857	0.00630	0.00809	0.00803	0.00949	0.00582	0.00617	0.01118	0.01614	0.02217	0.51978	0.09126	0.14307	0.01386	0.00742	0.00209	0.00332	0.10517	0.00639	0.00563
7	0.01884	0.16779	0.12170	0.01443	0.01885	0.38819	0.01270	0.02403	0.14277	0.01736	0.01223	0.01316	0.00977	0.00639	0.00539	0.00167	0.00883	0.00443	0.00352	0.00797
8	0.01265	0.01086	0.01284	0.03950	0.01554	0.00867	0.00773	0.01614	0.05050	0.01996	0.01220	0.03289	0.01033	0.00517	0.00477	0.00105	0.00467	0.00422	0.00378	0.72655
9	0.01496	0.01519	0.02183	0.27011	0.42986	0.10707	0.01735	0.01848	0.01382	0.01797	0.01105	0.01501	0.00898	0.00577	0.00601	0.00186	0.00803	0.00526	0.00295	0.00844
10	0.05675	0.01602	0.01828	0.08272	0.05885	0.04400	0.03428	0.46226	0.07787	0.06549	0.01486	0.01548	0.01072	0.00704	0.00604	0.00188	0.00686	0.00554	0.00543	0.00964
11	0.08498	0.01424	0.03656	0.11631	0.07041	0.09687	0.01078	0.18489	0.07272	0.02472	0.01484	0.01716	0.01150	0.02435	0.00599	0.00186	0.00629	0.00534	0.19236	0.00784
12	0.02115	0.01120	0.01482	0.01169	0.01589	0.01070	0.05922	0.11215	0.09560	0.39889	0.04866	0.02565	0.10891	0.00861	0.00636	0.00193	0.00532	0.00723	0.02678	0.00926
13	0.16658	0.01464	0.01516	0.01284	0.04480	0.05405	0.00997	0.29165	0.09404	0.12920	0.02799	0.01572	0.01178	0.00689	0.00556	0.00179	0.00596	0.00520	0.00543	0.08074
14	0.01276	0.00951	0.01183	0.01025	0.01314	0.02567	0.05779	0.04667	0.11443	0.10475	0.16424	0.06991	0.24932	0.01168	0.00689	0.00202	0.00458	0.04703	0.00588	0.03165
15	0.01254	0.01088	0.01405	0.01177	0.06318	0.00869	0.03742	0.01536	0.01291	0.01966	0.01333	0.04478	0.01210	0.00602	0.00514	0.00121	0.00499	0.05402	0.00378	0.64817
16	0.01521	0.06933	0.02271	0.09391	0.41863	0.04499	0.04842	0.02160	0.16401	0.02017	0.01399	0.01638	0.01121	0.00611	0.00598	0.00186	0.00708	0.00563	0.00365	0.00914
17	0.01616	0.55407	0.02647	0.01146	0.02955	0.13072	0.01025	0.01809	0.01311	0.01472	0.01280	0.01435	0.05699	0.00895	0.05792	0.00201	0.00770	0.00428	0.00295	0.00743
18	0.02427	0.01029	0.01485	0.01144	0.01581	0.00903	0.05571	0.02678	0.01699	0.61181	0.08643	0.02344	0.01877	0.03628	0.00723	0.00206	0.00537	0.00676	0.00707	0.00962
19	0.64925	0.01222	0.01059	0.00902	0.01303	0.01372	0.00743	0.09344	0.01318	0.11422	0.01102	0.01173	0.00803	0.00608	0.00431	0.00189	0.00500	0.00388	0.00448	0.00747
20	0.01528	0.01561	0.04741	0.13349	0.49629	0.06407	0.01754	0.04734	0.01418	0.01943	0.01116	0.01482	0.00921	0.00606	0.00702	0.00190	0.06187	0.00532	0.00308	0.00892

[dist]
# distance from previous block
# <min> <max>
1	18

[block]
# block no. 14 follows, 37 sequences, length 37
# corresponding to MSA columns:
# 1366-1402
name=unknown_O
#
# <colnr> <probs for GDERKNQSTAVLIFYWHMCP>
#	G	D	E	R	K	N	Q	S	T	A	V	L	I	F	Y	W	H	M	C	P
0	0.09293	0.01552	0.01851	0.01416	0.01904	0.01656	0.08634	0.45487	0.06556	0.08300	0.01492	0.01525	0.01069	0.00686	0.00594	0.00183	0.00658	0.00551	0.00555	0.06037
1	0.02509	0.01263	0.01541	0.01188	0.01652	0.01241	0.00979	0.27760	0.02153	0.46294	0.05415	0.01980	0.01544	0.00772	0.00619	0.00188	0.00565	0.00615	0.00702	0.01020
2	0.79787	0.01204	0.00935	0.00828	0.01211	0.01393	0.00682	0.04461	0.01111	0.02788	0.00876	0.01012	0.00677	0.00574	0.00388	0.00189	0.00481	0.00340	0.00388	0.00677
3	0.01319	0.01320	0.01946	0.06312	0.01845	0.01789	0.05480	0.01495	0.00986	0.01506	0.00873	0.01409	0.00834	0.01121	0.04165	0.00283	0.65818	0.00551	0.00272	0.00675
4	0.01063	0.00532	0.00797	0.00797	0.00797	0.00532	0.00532	0.00797	0.00797	0.01063	0.01063	0.01861	0.01063	0.02127	0.02392	0.82190	0.00532	0.00532	0.00266	0.00266
5	0.00875	0.00628	0.00857	0.00863	0.00929	0.00692	0.00613	0.01009	0.00957	0.01341	0.01815	0.06043	0.01886	0.31491	0.46364	0.00811	0.01205	0.00785	0.00353	0.00480
