[name]
unknown

[dist]
# distance from previous block
# <min> <max>
0	678

[block]
# block no. 0 follows, 44 sequences, length 133
# corresponding to MSA columns:
# 678-810
name=unknown_A
#
# <colnr> <probs for GDERKNQSTAVLIFYWHMCP>
#	G	D	E	R	K	N	Q	S	T	A	V	L	I	F	Y	W	H	M	C	P
0	0.00804	0.00622	0.00726	0.02684	0.00946	0.00584	0.00573	0.01073	0.06193	0.03204	0.16003	0.06313	0.40051	0.04402	0.00737	0.00207	0.00348	0.13505	0.00514	0.00510
1	0.01438	0.01279	0.05963	0.12090	0.48851	0.01224	0.01498	0.01862	0.07001	0.11563	0.01252	0.01469	0.00961	0.00538	0.00541	0.00168	0.00626	0.00499	0.00338	0.00837
2	0.01345	0.00893	0.01075	0.09451	0.01427	0.02474	0.00793	0.10453	0.10727	0.14714	0.14842	0.06041	0.08875	0.00902	0.00578	0.00177	0.00442	0.06182	0.07928	0.00678
3	0.00703	0.00554	0.00636	0.00629	0.00784	0.00487	0.00475	0.00890	0.01351	0.01749	0.32760	0.07755	0.43803	0.01296	0.00650	0.00183	0.00279	0.03991	0.00542	0.00482
4	0.77525	0.01043	0.00842	0.00739	0.01084	0.01186	0.00609	0.01694	0.00983	0.09013	0.00880	0.00970	0.00657	0.00521	0.00356	0.00169	0.00425	0.00317	0.00367	0.00620
5	0.00768	0.00557	0.00724	0.00682	0.00812	0.00513	0.00512	0.01022	0.01535	0.02168	0.75278	0.04103	0.07029	0.01122	0.00643	0.00172	0.00258	0.00990	0.00598	0.00513
6	0.00741	0.00556	0.00687	0.00654	0.00796	0.00502	0.00491	0.00970	0.01472	0.02016	0.60110	0.04352	0.22292	0.01178	0.00643	0.00174	0.00262	0.01025	0.00578	0.00502
7	0.84691	0.01054	0.00801	0.00717	0.01054	0.01223	0.00590	0.01603	0.00928	0.02446	0.00759	0.00886	0.00590	0.00506	0.00337	0.00169	0.00422	0.00295	0.00337	0.00590
8	0.31196	0.01060	0.01157	0.00923	0.01317	0.01079	0.00762	0.12964	0.01486	0.40537	0.01540	0.01436	0.01022	0.00613	0.00474	0.00168	0.00469	0.00451	0.00538	0.00810
9	0.84691	0.01054	0.00801	0.00717	0.01054	0.01223	0.00590	0.01603	0.00928	0.02446	0.00759	0.00886	0.00590	0.00506	0.00337	0.00169	0.00422	0.00295	0.00337	0.00590
10	0.01287	0.01471	0.03217	0.02298	0.02849	0.01379	0.75460	0.01746	0.01287	0.01746	0.01103	0.01471	0.00827	0.00460	0.00643	0.00184	0.00919	0.00643	0.00276	0.00735
11	0.00879	0.00628	0.00879	0.01004	0.01130	0.00628	0.00879	0.01130	0.01255	0.01632	0.02887	0.06150	0.03138	0.01506	0.00753	0.00251	0.00502	0.73770	0.00502	0.00502
12	0.84691	0.01054	0.00801	0.00717	0.01054	0.01223	0.00590	0.01603	0.00928	0.02446	0.00759	0.00886	0.00590	0.00506	0.00337	0.00169	0.00422	0.00295	0.00337	0.00590
13	0.02122	0.01448	0.01587	0.01217	0.01651	0.01573	0.01005	0.65977	0.02431	0.13268	0.01420	0.01381	0.00983	0.00657	0.00546	0.00164	0.00582	0.00498	0.00562	0.00927
14	0.84691	0.01054	0.00801	0.00717	0.01054	0.01223	0.00590	0.01603	0.00928	0.02446	0.00759	0.00886	0.00590	0.00506	0.00337	0.00169	0.00422	0.00295	0.00337	0.00590
15	0.00644	0.00552	0.00552	0.00552	0.00736	0.00460	0.00414	0.00782	0.01243	0.01473	0.05523	0.05247	0.77218	0.01381	0.00644	0.00184	0.00276	0.01151	0.00506	0.00460
16	0.02446	0.00928	0.01265	0.00970	0.01392	0.00801	0.00801	0.02657	0.01560	0.77817	0.02151	0.01856	0.01350	0.00675	0.00548	0.00169	0.00464	0.00548	0.00675	0.00928
17	0.01287	0.01471	0.03217	0.02298	0.02849	0.01379	0.75460	0.01746	0.01287	0.01746	0.01103	0.01471	0.00827	0.00460	0.00643	0.00184	0.00919	0.00643	0.00276	0.00735
18	0.00678	0.00488	0.00643	0.00743	0.00792	0.00453	0.00504	0.00796	0.01116	0.01499	0.12897	0.68128	0.06000	0.01620	0.00687	0.00214	0.00307	0.01463	0.00519	0.00453
19	0.13462	0.00931	0.01183	0.00925	0.01325	0.00847	0.00762	0.02454	0.01475	0.64852	0.04753	0.01807	0.01388	0.00668	0.00523	0.00169	0.00451	0.00530	0.00627	0.00867
20	0.02270	0.00888	0.01204	0.00940	0.01331	0.00769	0.00769	0.02478	0.01538	0.70100	0.06059	0.04108	0.03473	0.00742	0.00559	0.00171	0.00445	0.00611	0.00662	0.00883
21	0.01290	0.00789	0.00989	0.00896	0.01127	0.00783	0.00719	0.04807	0.14022	0.17854	0.32711	0.03527	0.03243	0.01011	0.00624	0.00187	0.00387	0.13771	0.00588	0.00673
22	0.01829	0.02934	0.01460	0.02997	0.01504	0.18227	0.00978	0.08296	0.01392	0.25870	0.01325	0.01438	0.00984	0.00875	0.04594	0.00212	0.20970	0.00476	0.02905	0.00732
23	0.73115	0.01182	0.02678	0.00922	0.04019	0.04462	0.03543	0.01637	0.00984	0.02332	0.00790	0.00935	0.00616	0.00506	0.00367	0.00168	0.00481	0.00320	0.00328	0.00613
24	0.00836	0.00563	0.00697	0.00719	0.00808	0.00560	0.00524	0.00988	0.01113	0.03103	0.11868	0.20389	0.10604	0.15891	0.05576	0.00293	0.03005	0.08690	0.13307	0.00467
25	0.07449	0.45783	0.03810	0.01202	0.01643	0.01760	0.13772	0.01757	0.02616	0.09045	0.00985	0.01123	0.00798	0.00526	0.00517	0.00147	0.05653	0.00398	0.00298	0.00719
26	0.00870	0.00579	0.00760	0.00703	0.00849	0.00531	0.00531	0.01125	0.01544	0.06653	0.72723	0.03941	0.04920	0.01089	0.00637	0.00171	0.00269	0.00960	0.00605	0.00539
27	0.00867	0.00513	0.00719	0.04268	0.00859	0.00509	0.00512	0.00796	0.00891	0.01194	0.07383	0.13251	0.07160	0.07189	0.01643	0.48408	0.00431	0.00735	0.02340	0.00332
28	0.00676	0.00487	0.00638	0.00752	0.00797	0.00454	0.00512	0.00780	0.01068	0.01414	0.04521	0.70270	0.07856	0.03279	0.00736	0.00226	0.00324	0.04261	0.00504	0.00445
29	0.01007	0.00692	0.00944	0.00928	0.01021	0.00758	0.00710	0.01148	0.01085	0.10358	0.05006	0.35539	0.04952	0.03691	0.08280	0.00288	0.15334	0.07265	0.00454	0.00538
30	0.01458	0.81168	0.02857	0.00933	0.01399	0.02157	0.00933	0.01632	0.01108	0.01283	0.00758	0.00875	0.00700	0.00466	0.00350	0.00117	0.00583	0.00292	0.00233	0.00700
31	0.01592	0.01120	0.01342	0.03154	0.03023	0.01200	0.03213	0.23832	0.23464	0.13509	0.07850	0.10757	0.01828	0.00825	0.00576	0.00179	0.00486	0.00699	0.00545	0.00806
32	0.01472	0.71994	0.04825	0.00969	0.01432	0.03917	0.00961	0.04721	0.01190	0.01406	0.02472	0.00973	0.00807	0.00492	0.00373	0.00122	0.00592	0.00320	0.00255	0.00706
33	0.04646	0.01174	0.01348	0.07733	0.01634	0.03979	0.02269	0.18523	0.05992	0.06474	0.01220	0.03187	0.00963	0.00566	0.00516	0.00135	0.02723	0.00445	0.00401	0.36072
34	0.03368	0.11340	0.11768	0.03390	0.01723	0.06777	0.07084	0.12293	0.04817	0.24427	0.06464	0.01597	0.01269	0.00625	0.00525	0.00163	0.00608	0.00508	0.00454	0.00801
35	0.02356	0.00908	0.01236	0.00955	0.01361	0.00786	0.00786	0.02570	0.01559	0.73771	0.06164	0.01974	0.01553	0.00698	0.00553	0.00169	0.00453	0.00572	0.00671	0.00906
36	0.00667	0.00477	0.00635	0.00757	0.00791	0.00445	0.00506	0.00767	0.01059	0.01415	0.05196	0.78227	0.03651	0.01690	0.00694	0.00220	0.00315	0.01533	0.00509	0.00445
37	0.03374	0.01312	0.04653	0.01189	0.01563	0.01356	0.05235	0.35232	0.16846	0.07439	0.03252	0.03436	0.05771	0.02446	0.02228	0.00196	0.02554	0.00599	0.00503	0.00816
38	0.01128	0.01074	0.01720	0.56538	0.19302	0.02927	0.01490	0.01525	0.04473	0.01514	0.01073	0.02957	0.00852	0.00564	0.00546	0.00177	0.00695	0.00508	0.00268	0.00670
39	0.14515	0.00965	0.01209	0.00942	0.01352	0.00891	0.00778	0.04793	0.01499	0.64411	0.01920	0.01696	0.01225	0.00649	0.00517	0.00169	0.00462	0.00509	0.00621	0.00878
40	0.01309	0.01078	0.01402	0.04678	0.03089	0.02708	0.08453	0.14029	0.21636	0.04549	0.13385	0.09258	0.02160	0.00886	0.00638	0.00187	0.02854	0.06488	0.00493	0.00720
41	0.01668	0.07941	0.03904	0.06836	0.26998	0.07817	0.07845	0.09058	0.01428	0.16988	0.01233	0.01384	0.00919	0.00561	0.00568	0.00164	0.03019	0.00483	0.00372	0.00813
42	0.02024	0.01405	0.01517	0.01187	0.01593	0.03779	0.00972	0.55411	0.05867	0.14060	0.03045	0.01497	0.01119	0.00776	0.03000	0.00187	0.00603	0.00514	0.00550	0.00893
43	0.00644	0.00552	0.00552	0.00552	0.00736	0.00460	0.00414	0.00782	0.01243	0.01473	0.05523	0.05247	0.77218	0.01381	0.00644	0.00184	0.00276	0.01151	0.00506	0.00460
44	0.04089	0.01473	0.01605	0.01241	0.01662	0.03593	0.03209	0.61852	0.04074	0.07361	0.03461	0.01419	0.01068	0.00658	0.00545	0.00165	0.00594	0.00507	0.00534	0.00892
45	0.03932	0.08667	0.01621	0.01170	0.01573	0.08822	0.00965	0.45277	0.08352	0.10083	0.01464	0.01440	0.02863	0.00652	0.00521	0.00160	0.00595	0.00487	0.00500	0.00854
46	0.02022	0.01611	0.01597	0.03567	0.01727	0.11129	0.01036	0.61261	0.02346	0.04949	0.01334	0.01354	0.02204	0.00653	0.00540	0.00162	0.00642	0.00486	0.00506	0.00873
47	0.00669	0.00530	0.00603	0.00640	0.00770	0.00464	0.00463	0.00808	0.01212	0.01526	0.12261	0.28675	0.45060	0.01457	0.00663	0.00196	0.00291	0.02734	0.00516	0.00461
48	0.04093	0.03595	0.02273	0.17854	0.07753	0.08314	0.31639	0.04817	0.01307	0.07436	0.01146	0.03160	0.00889	0.00555	0.00604	0.00176	0.02806	0.00555	0.00315	0.00715
49	0.01092	0.01020	0.01686	0.68479	0.09973	0.01245	0.01505	0.03608	0.01140	0.01484	0.00977	0.01433	0.00744	0.00555	0.00579	0.00181	0.02924	0.00485	0.00253	0.00637
50	0.00725	0.00501	0.00623	0.00695	0.00716	0.00484	0.00441	0.00783	0.00942	0.01255	0.02453	0.45793	0.02902	0.35431	0.01583	0.00353	0.00412	0.03081	0.00431	0.00396
51	0.00887	0.00577	0.00749	0.00709	0.00854	0.00526	0.00530	0.01113	0.01465	0.08233	0.57263	0.13051	0.09622	0.01167	0.00642	0.00178	0.00282	0.01028	0.00589	0.00536
52	0.01978	0.03507	0.01648	0.01375	0.07688	0.01561	0.01049	0.55196	0.08082	0.10205	0.01423	0.01409	0.01014	0.00645	0.00541	0.00164	0.00577	0.00500	0.00528	0.00911
53	0.01339	0.01285	0.02194	0.05820	0.75047	0.01293	0.01668	0.01664	0.01236	0.01768	0.01024	0.01353	0.00859	0.00488	0.00540	0.00163	0.00650	0.00486	0.00269	0.00855
54	0.71455	0.03498	0.01033	0.03300	0.01260	0.03782	0.03778	0.03402	0.01013	0.02337	0.00796	0.00941	0.00620	0.00510	0.00367	0.00167	0.00479	0.00322	0.00332	0.00610
55	0.01235	0.01209	0.02227	0.01701	0.02055	0.01237	0.39515	0.04402	0.08414	0.04156	0.04386	0.13251	0.01487	0.00775	0.00787	0.00195	0.11153	0.00757	0.00366	0.00691
56	0.00661	0.00499	0.00608	0.00694	0.00770	0.00450	0.00475	0.00767	0.01096	0.01408	0.03716	0.56540	0.25237	0.03461	0.00729	0.00218	0.00309	0.01415	0.00502	0.00445
57	0.02042	0.01498	0.01609	0.01242	0.01671	0.01658	0.01023	0.70618	0.06345	0.04665	0.01370	0.01356	0.00972	0.00659	0.00546	0.00165	0.00589	0.00498	0.00548	0.00924
58	0.01261	0.01445	0.05775	0.06684	0.14459	0.01331	0.55400	0.01693	0.01258	0.01724	0.01121	0.03179	0.00883	0.00498	0.00618	0.00181	0.00849	0.00621	0.00276	0.00744
59	0.01731	0.06674	0.29734	0.01174	0.01720	0.01075	0.01242	0.03674	0.03281	0.35699	0.01589	0.03193	0.01115	0.02857	0.00586	0.00176	0.00597	0.00501	0.00455	0.02928
60	0.04037	0.01065	0.10087	0.01093	0.06367	0.00849	0.00895	0.03140	0.07504	0.24172	0.23587	0.02738	0.08287	0.00849	0.00579	0.00174	0.00442	0.02875	0.00533	0.00726
61	0.41428	0.01002	0.00968	0.00848	0.02600	0.01086	0.00668	0.12760	0.01312	0.13847	0.01353	0.01451	0.02808	0.02518	0.00477	0.00170	0.00433	0.00432	0.13164	0.00675
62	0.01586	0.23758	0.09419	0.01158	0.04578	0.06150	0.01011	0.09273	0.12204	0.14479	0.09715	0.01652	0.01464	0.00642	0.00497	0.00155	0.00557	0.00500	0.00428	0.00776
63	0.05141	0.49056	0.11499	0.01030	0.01494	0.03471	0.01032	0.03799	0.01202	0.10419	0.01118	0.01192	0.03262	0.00555	0.00468	0.00141	0.03708	0.00377	0.00308	0.00727
64	0.02204	0.01054	0.01314	0.01030	0.01433	0.01019	0.00843	0.15838	0.10513	0.53411	0.04095	0.01839	0.01416	0.00691	0.00551	0.00170	0.00479	0.00558	0.00635	0.00909
65	0.00730	0.00538	0.00677	0.00729	0.00824	0.00496	0.00529	0.00881	0.01191	0.01584	0.18866	0.34977	0.15945	0.07570	0.00838	0.00229	0.00339	0.10471	0.00508	0.02075
66	0.11663	0.01279	0.06144	0.23622	0.21496	0.05315	0.05020	0.01683	0.01185	0.09317	0.01120	0.01482	0.00880	0.00583	0.00590	0.00176	0.04768	0.02645	0.00315	0.00718
67	0.01100	0.01029	0.01615	0.68459	0.03435	0.03498	0.02778	0.03747	0.01150	0.01487	0.01007	0.01454	0.00762	0.00560	0.00564	0.00179	0.02334	0.00484	0.03744	0.00615
68	0.00667	0.00492	0.00625	0.00720	0.00783	0.00450	0.00491	0.00779	0.01107	0.01452	0.07769	0.63272	0.16162	0.01618	0.00684	0.00212	0.00306	0.01449	0.00512	0.00450
69	0.01188	0.01116	0.03263	0.37767	0.18623	0.01268	0.02757	0.06233	0.03064	0.01624	0.01032	0.01435	0.00828	0.00730	0.02622	0.03504	0.10017	0.00491	0.01765	0.00674
70	0.00929	0.00571	0.00650	0.00650	0.00759	0.00593	0.00470	0.01219	0.06749	0.01751	0.06475	0.09608	0.01933	0.13365	0.11288	0.00304	0.00476	0.00694	0.41015	0.00500
71	0.01416	0.01140	0.01230	0.01073	0.01380	0.01284	0.00843	0.14017	0.53276	0.04187	0.11978	0.02186	0.02002	0.00774	0.00565	0.00179	0.00436	0.00644	0.00562	0.00828
72	0.01818	0.01379	0.01485	0.01186	0.01576	0.01527	0.00967	0.53484	0.18699	0.03056	0.04361	0.01687	0.01298	0.00706	0.00553	0.00169	0.00544	0.02342	0.00544	0.02620
73	0.01844	0.10807	0.01722	0.09016	0.03655	0.35618	0.01083	0.21465	0.04896	0.03334	0.01055	0.01173	0.00820	0.00582	0.00500	0.00151	0.00771	0.00413	0.00360	0.00736
74	0.00688	0.00499	0.00653	0.00743	0.00803	0.00459	0.00507	0.00809	0.01119	0.01508	0.12854	0.65776	0.06522	0.01588	0.00680	0.00210	0.00309	0.01433	0.00514	0.02324
75	0.01277	0.05152	0.42946	0.04091	0.06295	0.03187	0.19955	0.04510	0.01263	0.04670	0.01057	0.01268	0.00769	0.00513	0.00546	0.00172	0.00798	0.00472	0.00274	0.00786
76	0.01309	0.48097	0.33122	0.01229	0.03223	0.01782	0.01382	0.01671	0.01128	0.01471	0.00852	0.00995	0.00699	0.00488	0.00421	0.00140	0.00674	0.00340	0.00233	0.00745
77	0.00698	0.00494	0.00647	0.00757	0.00792	0.00469	0.00513	0.00793	0.01028	0.01367	0.02827	0.64487	0.03356	0.12037	0.00972	0.00264	0.00359	0.07223	0.00483	0.00433
78	0.03022	0.02753	0.01690	0.28170	0.02310	0.01392	0.07081	0.11792	0.01244	0.03230	0.01022	0.01381	0.00816	0.00685	0.00913	0.00191	0.24825	0.00491	0.06332	0.00659
79	0.04463	0.15722	0.03591	0.01166	0.01578	0.03313	0.01001	0.45503	0.09794	0.02731	0.03079	0.01346	0.01038	0.00638	0.00536	0.00159	0.02567	0.00468	0.00464	0.00842
80	0.02076	0.00901	0.01186	0.00935	0.01298	0.00814	0.00762	0.08173	0.01637	0.56496	0.17316	0.02262	0.02086	0.00762	0.00567	0.00169	0.00433	0.00633	0.00649	0.00844
81	0.01458	0.81168	0.02857	0.00933	0.01399	0.02157	0.00933	0.01632	0.01108	0.01283	0.00758	0.00875	0.00700	0.00466	0.00350	0.00117	0.00583	0.00292	0.00233	0.00700
82	0.00718	0.00533	0.00626	0.00638	0.00735	0.00488	0.00440	0.00848	0.01182	0.01556	0.23818	0.18931	0.25752	0.19947	0.01152	0.00268	0.00338	0.01098	0.00491	0.00441
83	0.00713	0.00555	0.00647	0.00624	0.00778	0.00489	0.00468	0.00915	0.01405	0.01857	0.44136	0.04614	0.38365	0.01237	0.00644	0.00177	0.00266	0.01062	0.00557	0.00489
84	0.00673	0.00553	0.00592	0.00582	0.00754	0.00472	0.00437	0.00838	0.01310	0.01634	0.21666	0.04982	0.60975	0.01321	0.00644	0.00181	0.00272	0.01113	0.00527	0.00472
85	0.01093	0.02820	0.78016	0.01554	0.02360	0.01266	0.02014	0.01727	0.01151	0.01727	0.00978	0.01151	0.00691	0.00518	0.00518	0.00173	0.00806	0.00403	0.00230	0.00806
86	0.02446	0.00928	0.01265	0.00970	0.01392	0.00801	0.00801	0.02657	0.01560	0.77817	0.02151	0.01856	0.01350	0.00675	0.00548	0.00169	0.00464	0.00548	0.00675	0.00928
87	0.00665	0.00553	0.00582	0.00574	0.00749	0.00469	0.00431	0.00823	0.01292	0.01591	0.17403	0.05052	0.65265	0.01337	0.00644	0.00182	0.00273	0.01123	0.00522	0.00469
88	0.00972	0.00652	0.00822	0.00744	0.00915	0.00617	0.00568	0.06742	0.01591	0.07243	0.60804	0.06375	0.07660	0.01082	0.00631	0.00173	0.00300	0.00946	0.00594	0.00568
89	0.01093	0.02820	0.78016	0.01554	0.02360	0.01266	0.02014	0.01727	0.01151	0.01727	0.00978	0.01151	0.00691	0.00518	0.00518	0.00173	0.00806	0.00403	0.00230	0.00806
90	0.02016	0.01591	0.01640	0.04299	0.03217	0.08075	0.01068	0.65254	0.02397	0.03151	0.01252	0.01288	0.00900	0.00639	0.00541	0.00162	0.00638	0.00479	0.00506	0.00889
91	0.01093	0.02820	0.78016	0.01554	0.02360	0.01266	0.02014	0.01727	0.01151	0.01727	0.00978	0.01151	0.00691	0.00518	0.00518	0.00173	0.00806	0.00403	0.00230	0.00806
92	0.09129	0.54786	0.04723	0.01067	0.01515	0.04777	0.07930	0.01663	0.01160	0.03629	0.04562	0.01127	0.00936	0.00512	0.00407	0.00134	0.00602	0.00372	0.00279	0.00691
93	0.00891	0.00604	0.00751	0.00702	0.00863	0.00553	0.00530	0.03291	0.01477	0.07177	0.50128	0.10094	0.18530	0.01169	0.00638	0.00177	0.00290	0.01018	0.00578	0.00539
94	0.01349	0.01295	0.02213	0.03346	0.77440	0.01295	0.01673	0.01673	0.01241	0.01781	0.01025	0.01349	0.00864	0.00486	0.00540	0.00162	0.00648	0.00486	0.00270	0.00864
95	0.01310	0.01254	0.02125	0.05704	0.71848	0.01258	0.01615	0.01627	0.01237	0.01756	0.01211	0.01515	0.04044	0.00525	0.00544	0.00163	0.00635	0.00513	0.00279	0.00838
96	0.04609	0.01342	0.04247	0.06854	0.46800	0.01368	0.03786	0.12754	0.05936	0.02040	0.01115	0.01364	0.00891	0.00550	0.00589	0.00169	0.03940	0.00489	0.00327	0.00831
97	0.00662	0.00484	0.00623	0.00735	0.00784	0.00445	0.00495	0.00762	0.01067	0.01401	0.03300	0.71673	0.12227	0.01670	0.00690	0.00217	0.00312	0.01503	0.00506	0.00445
98	0.00793	0.00529	0.00595	0.00595	0.00595	0.00529	0.00330	0.00793	0.00793	0.01057	0.01718	0.03568	0.01982	0.80840	0.02775	0.00529	0.00529	0.00793	0.00330	0.00330
99	0.01375	0.00934	0.01215	0.03679	0.10937	0.00942	0.00851	0.18971	0.01656	0.12791	0.23862	0.12817	0.05776	0.00936	0.00598	0.00175	0.00440	0.00810	0.00528	0.00705
100	0.01263	0.17974	0.44388	0.03564	0.04308	0.07035	0.10787	0.01733	0.01189	0.01606	0.00942	0.01137	0.00716	0.00504	0.00500	0.00161	0.00782	0.00411	0.00241	0.00760
101	0.00664	0.00476	0.00631	0.00755	0.00790	0.00443	0.00504	0.00760	0.01048	0.01393	0.03060	0.78840	0.05215	0.01701	0.00695	0.00221	0.00315	0.01541	0.00506	0.00443
102	0.01458	0.81168	0.02857	0.00933	0.01399	0.02157	0.00933	0.01632	0.01108	0.01283	0.00758	0.00875	0.00700	0.00466	0.00350	0.00117	0.00583	0.00292	0.00233	0.00700
103	0.08413	0.01224	0.01914	0.20344	0.50340	0.03543	0.01506	0.01604	0.01182	0.01726	0.00993	0.01339	0.00815	0.00577	0.02122	0.00181	0.00673	0.00467	0.00270	0.00767
104	0.00669	0.00560	0.00611	0.00655	0.02640	0.00480	0.00462	0.00810	0.01226	0.01496	0.07724	0.15614	0.62373	0.01394	0.00649	0.00188	0.00290	0.01184	0.00504	0.00470
105	0.01414	0.00802	0.01000	0.00874	0.01126	0.00784	0.00680	0.01928	0.18065	0.25733	0.31272	0.09038	0.03069	0.00942	0.00598	0.00178	0.00365	0.00813	0.00606	0.00715
106	0.01349	0.01295	0.02213	0.03346	0.77440	0.01295	0.01673	0.01673	0.01241	0.01781	0.01025	0.01349	0.00864	0.00486	0.00540	0.00162	0.00648	0.00486	0.00270	0.00864
107	0.06914	0.07650	0.03632	0.03629	0.03029	0.01316	0.00917	0.31415	0.03533	0.05506	0.02908	0.01300	0.00971	0.00561	0.00478	0.00138	0.00524	0.00428	0.00426	0.24725
108	0.02052	0.01507	0.01614	0.01240	0.01670	0.01668	0.01024	0.74183	0.02536	0.03409	0.01318	0.01323	0.00936	0.00654	0.00542	0.00163	0.00593	0.00491	0.02158	0.00919
109	0.02306	0.00953	0.01258	0.00980	0.01385	0.00860	0.00804	0.04992	0.06797	0.67778	0.04484	0.01920	0.01477	0.00692	0.00552	0.00170	0.00460	0.00565	0.00660	0.00910
110	0.00651	0.00553	0.00562	0.00560	0.00741	0.00463	0.00420	0.00796	0.01259	0.01512	0.09421	0.05183	0.73296	0.01366	0.00644	0.00183	0.00275	0.01142	0.00511	0.00463
111	0.00668	0.00476	0.00632	0.00755	0.00785	0.00445	0.00501	0.00760	0.01037	0.01382	0.02969	0.78343	0.03561	0.03911	0.00754	0.00230	0.00322	0.01529	0.00501	0.00440
112	0.02446	0.00928	0.01265	0.00970	0.01392	0.00801	0.00801	0.02657	0.01560	0.77817	0.02151	0.01856	0.01350	0.00675	0.00548	0.00169	0.00464	0.00548	0.00675	0.00928
113	0.02072	0.01527	0.01636	0.01254	0.01691	0.01691	0.01036	0.75622	0.02563	0.03436	0.01309	0.01309	0.00927	0.00654	0.00545	0.00164	0.00600	0.00491	0.00545	0.00927
114	0.02037	0.02598	0.01545	0.01404	0.01685	0.78652	0.01053	0.02177	0.01545	0.01334	0.00843	0.00983	0.00702	0.00562	0.00492	0.00140	0.00983	0.00351	0.00281	0.00632
115	0.01356	0.01171	0.01233	0.01109	0.01418	0.01356	0.00863	0.02897	0.76455	0.02281	0.02219	0.02034	0.01664	0.00740	0.00555	0.00185	0.00431	0.00616	0.00555	0.00863
116	0.02072	0.01527	0.01636	0.01254	0.01691	0.01691	0.01036	0.75622	0.02563	0.03436	0.01309	0.01309	0.00927	0.00654	0.00545	0.00164	0.00600	0.00491	0.00545	0.00927
117	0.02072	0.01527	0.01636	0.01254	0.01691	0.01691	0.01036	0.75622	0.02563	0.03436	0.01309	0.01309	0.00927	0.00654	0.00545	0.00164	0.00600	0.00491	0.00545	0.00927
118	0.00644	0.00552	0.00552	0.00552	0.00736	0.00460	0.00414	0.00782	0.01243	0.01473	0.05523	0.05247	0.77218	0.01381	0.00644	0.00184	0.00276	0.01151	0.00506	0.00460
119	0.02042	0.01509	0.01620	0.01240	0.01678	0.01659	0.01024	0.73211	0.02517	0.03382	0.01298	0.01303	0.00923	0.00646	0.00541	0.00161	0.00594	0.00485	0.00538	0.03630
120	0.00648	0.00549	0.00559	0.00564	0.00740	0.00461	0.00420	0.00787	0.01241	0.01484	0.06933	0.08360	0.72624	0.01389	0.00646	0.00185	0.00277	0.01164	0.00508	0.00461
121	0.01356	0.01171	0.01233	0.01109	0.01418	0.01356	0.00863	0.02897	0.76455	0.02281	0.02219	0.02034	0.01664	0.00740	0.00555	0.00185	0.00431	0.00616	0.00555	0.00863
122	0.01030	0.00969	0.01635	0.79530	0.03755	0.01211	0.01514	0.01393	0.01090	0.01393	0.00969	0.01453	0.00727	0.00545	0.00545	0.00182	0.00727	0.00484	0.00242	0.00606
123	0.00662	0.00484	0.00623	0.00734	0.00784	0.00445	0.00495	0.00762	0.01068	0.01401	0.03308	0.71438	0.12457	0.01669	0.00690	0.00217	0.00311	0.01502	0.00506	0.00445
124	0.04368	0.00931	0.01254	0.00964	0.01384	0.00811	0.00796	0.02632	0.01546	0.76056	0.02118	0.01833	0.01332	0.00671	0.00543	0.00169	0.00463	0.00542	0.00667	0.00920
125	0.02066	0.01440	0.01569	0.01210	0.01634	0.01572	0.00995	0.64914	0.04632	0.10749	0.01427	0.01424	0.01009	0.02047	0.00585	0.00171	0.00580	0.00506	0.00555	0.00915
126	0.02155	0.00983	0.01252	0.00983	0.01364	0.00924	0.00799	0.12963	0.05286	0.55048	0.07556	0.02013	0.01608	0.03689	0.00638	0.00182	0.00469	0.00585	0.00632	0.00872
127	0.01356	0.01171	0.01233	0.01109	0.01418	0.01356	0.00863	0.02897	0.76455	0.02281	0.02219	0.02034	0.01664	0.00740	0.00555	0.00185	0.00431	0.00616	0.00555	0.00863
128	0.06789	0.01452	0.01815	0.08905	0.09445	0.07848	0.12314	0.29311	0.12368	0.02428	0.01274	0.01400	0.00952	0.00593	0.00544	0.00170	0.00661	0.00507	0.00416	0.00808
129	0.01037	0.00974	0.01626	0.77653	0.03699	0.01215	0.01498	0.01429	0.02894	0.01414	0.00999	0.01467	0.00749	0.00550	0.00545	0.00182	0.00720	0.00488	0.00250	0.00612
130	0.01160	0.00968	0.01134	0.00811	0.01294	0.00728	0.00649	0.01401	0.01140	0.03475	0.00995	0.01147	0.00820	0.00410	0.00407	0.00083	0.00405	0.00328	0.00331	0.82313
131	0.01572	0.01368	0.04106	0.09295	0.03513	0.08330	0.09879	0.25985	0.02883	0.05527	0.01299	0.01551	0.00999	0.00713	0.02222	0.00183	0.06247	0.02026	0.11562	0.00741
132	0.01289	0.01466	0.03189	0.02327	0.04931	0.01376	0.73401	0.01744	0.01285	0.01747	0.01101	0.01467	0.00828	0.00460	0.00640	0.00183	0.00912	0.00639	0.00276	0.00739

[dist]
# distance from previous block
# <min> <max>
0	1

[block]
# block no. 1 follows, 44 sequences, length 150
# corresponding to MSA columns:
# 812-842,846-964
name=unknown_B
#
# <colnr> <probs for GDERKNQSTAVLIFYWHMCP>
#	G	D	E	R	K	N	Q	S	T	A	V	L	I	F	Y	W	H	M	C	P
0	0.00772	0.00557	0.00729	0.00686	0.00814	0.00514	0.00514	0.01029	0.01543	0.02186	0.77152	0.04072	0.05144	0.01115	0.00643	0.00171	0.00257	0.00986	0.00600	0.00514
1	0.00653	0.00553	0.00565	0.00562	0.00742	0.00464	0.00421	0.00800	0.01264	0.01523	0.10560	0.05164	0.72150	0.01362	0.00644	0.00183	0.00275	0.01139	0.00513	0.00464
2	0.84691	0.01054	0.00801	0.00717	0.01054	0.01223	0.00590	0.01603	0.00928	0.02446	0.00759	0.00886	0.00590	0.00506	0.00337	0.00169	0.00422	0.00295	0.00337	0.00590
3	0.00876	0.00626	0.00875	0.00997	0.01122	0.00625	0.00870	0.01127	0.01262	0.01644	0.04585	0.06102	0.03183	0.01497	0.00750	0.00249	0.00496	0.72105	0.00504	0.00502
4	0.01193	0.01193	0.01670	0.01431	0.01431	0.01670	0.01193	0.01312	0.00835	0.01312	0.00716	0.01193	0.00716	0.00954	0.01789	0.00239	0.79843	0.00477	0.00239	0.00596
5	0.00793	0.00529	0.00595	0.00595	0.00595	0.00529	0.00330	0.00793	0.00793	0.01057	0.01718	0.03568	0.01982	0.80840	0.02775	0.00529	0.00529	0.00793	0.00330	0.00330
6	0.00866	0.00613	0.00838	0.00946	0.01053	0.00613	0.00800	0.01081	0.01189	0.01549	0.02720	0.05781	0.02972	0.12844	0.01042	0.00291	0.00506	0.63341	0.00477	0.00477
7	0.02037	0.02598	0.01545	0.01404	0.01685	0.78652	0.01053	0.02177	0.01545	0.01334	0.00843	0.00983	0.00702	0.00562	0.00492	0.00140	0.00983	0.00351	0.00281	0.00632
8	0.01130	0.00969	0.01130	0.00807	0.01292	0.00727	0.00646	0.01373	0.01130	0.01776	0.00969	0.01130	0.00807	0.00404	0.00404	0.00081	0.00404	0.00323	0.00323	0.84173
9	0.01130	0.00969	0.01130	0.00807	0.01292	0.00727	0.00646	0.01373	0.01130	0.01776	0.00969	0.01130	0.00807	0.00404	0.00404	0.00081	0.00404	0.00323	0.00323	0.84173
10	0.01130	0.00969	0.01130	0.00807	0.01292	0.00727	0.00646	0.01373	0.01130	0.01776	0.00969	0.01130	0.00807	0.00404	0.00404	0.00081	0.00404	0.00323	0.00323	0.84173
11	0.00660	0.00536	0.00585	0.00609	0.00755	0.00461	0.00443	0.00799	0.01225	0.01517	0.11153	0.21492	0.55009	0.01429	0.00655	0.00191	0.00283	0.01223	0.00514	0.00461
12	0.00891	0.00646	0.00915	0.01068	0.03224	0.00646	0.00900	0.01144	0.01255	0.01636	0.02835	0.06018	0.03075	0.01478	0.00747	0.00249	0.00506	0.71759	0.00496	0.00512
13	0.01336	0.01374	0.06142	0.03253	0.73548	0.01294	0.01691	0.01676	0.01237	0.01778	0.01023	0.01339	0.00855	0.00487	0.00539	0.00162	0.00656	0.00481	0.00268	0.00861
14	0.00664	0.00474	0.00633	0.00759	0.00791	0.00443	0.00506	0.00759	0.01044	0.01392	0.03005	0.80485	0.03606	0.01708	0.00696	0.00221	0.00316	0.01550	0.00506	0.00443
15	0.00742	0.00554	0.00688	0.00659	0.00797	0.00501	0.00492	0.00969	0.01467	0.02014	0.59983	0.06010	0.20743	0.01185	0.00644	0.00175	0.00263	0.01034	0.00578	0.00501
16	0.01093	0.02820	0.78016	0.01554	0.02360	0.01266	0.02014	0.01727	0.01151	0.01727	0.00978	0.01151	0.00691	0.00518	0.00518	0.00173	0.00806	0.00403	0.00230	0.00806
17	0.00648	0.00549	0.00560	0.00565	0.00741	0.00461	0.00421	0.00787	0.01240	0.01485	0.07034	0.08877	0.71997	0.01391	0.00647	0.00186	0.00278	0.01166	0.00508	0.00461
18	0.00701	0.00554	0.00631	0.00612	0.00771	0.00484	0.00459	0.00892	0.01376	0.01789	0.37307	0.04726	0.45236	0.01263	0.00644	0.00178	0.00268	0.01078	0.00548	0.00484
19	0.01033	0.00974	0.01636	0.77729	0.03701	0.01222	0.01507	0.01391	0.01084	0.01391	0.00963	0.01447	0.00726	0.00554	0.00574	0.00183	0.02551	0.00484	0.00242	0.00605
20	0.81115	0.01054	0.00814	0.00725	0.01060	0.01219	0.00596	0.03247	0.00969	0.02460	0.00792	0.00919	0.00615	0.00512	0.00343	0.00168	0.00422	0.00304	0.02072	0.00596
21	0.02171	0.00889	0.01195	0.00961	0.01330	0.00790	0.00785	0.04076	0.02934	0.63686	0.02250	0.09327	0.01647	0.00814	0.00573	0.00178	0.00455	0.04436	0.00645	0.00860
22	0.01531	0.64328	0.02681	0.01061	0.01522	0.03658	0.06130	0.05563	0.03058	0.04796	0.00909	0.01012	0.00772	0.00494	0.00397	0.00128	0.00607	0.00347	0.00281	0.00726
23	0.01356	0.01171	0.01233	0.01109	0.01418	0.01356	0.00863	0.02897	0.76455	0.02281	0.02219	0.02034	0.01664	0.00740	0.00555	0.00185	0.00431	0.00616	0.00555	0.00863
24	0.06350	0.05334	0.01628	0.01192	0.01624	0.01631	0.00993	0.63393	0.02342	0.08169	0.01309	0.01302	0.00926	0.00639	0.00525	0.00162	0.00581	0.00475	0.00528	0.00899
25	0.01321	0.50776	0.30257	0.01191	0.01783	0.01814	0.03046	0.01669	0.01128	0.01455	0.00846	0.00989	0.00699	0.00485	0.00418	0.00139	0.00672	0.00340	0.00233	0.00739
26	0.01230	0.12937	0.62626	0.01441	0.02171	0.03242	0.01791	0.01770	0.01175	0.05357	0.01003	0.01145	0.00724	0.00520	0.00497	0.00164	0.00764	0.00394	0.00253	0.00794
27	0.01138	0.00942	0.01045	0.00951	0.01192	0.01042	0.00733	0.02199	0.48477	0.02245	0.30204	0.02795	0.02964	0.00880	0.00588	0.00180	0.00366	0.00754	0.00572	0.00733
28	0.00791	0.00537	0.00639	0.00639	0.00654	0.00552	0.00385	0.00821	0.00806	0.01090	0.01677	0.03344	0.01885	0.68827	0.14656	0.00583	0.00674	0.00760	0.00324	0.00355
29	0.01568	0.09195	0.04711	0.02828	0.01397	0.13387	0.00893	0.08048	0.04326	0.16826	0.03180	0.03539	0.07466	0.00888	0.03450	0.00192	0.06079	0.03658	0.07675	0.00695
30	0.01870	0.01028	0.01412	0.01261	0.07735	0.00998	0.05587	0.03987	0.18870	0.41064	0.03703	0.03826	0.04660	0.00723	0.00564	0.00175	0.00488	0.00621	0.00573	0.00856
31	0.01132	0.00926	0.01010	0.00921	0.01170	0.01008	0.00710	0.02127	0.45645	0.03759	0.20305	0.03005	0.14153	0.00925	0.00589	0.00181	0.00367	0.00784	0.00560	0.00720
32	0.01334	0.01279	0.02185	0.07049	0.73858	0.01291	0.01665	0.01660	0.01234	0.01762	0.01023	0.01354	0.00857	0.00489	0.00540	0.00163	0.00652	0.00486	0.00269	0.00851
33	0.01799	0.01204	0.08304	0.01041	0.01435	0.01080	0.00910	0.15941	0.17277	0.29955	0.03378	0.01858	0.02917	0.00689	0.00532	0.00167	0.00483	0.00555	0.09633	0.00840
34	0.00683	0.00482	0.00627	0.00736	0.00763	0.00455	0.00481	0.00764	0.01008	0.01344	0.02821	0.69492	0.03374	0.13017	0.00993	0.00265	0.00347	0.01442	0.00481	0.00427
35	0.02357	0.01070	0.01353	0.01038	0.01463	0.01013	0.00857	0.20008	0.01799	0.60129	0.01951	0.01726	0.01249	0.00670	0.00548	0.00167	0.00496	0.00535	0.00644	0.00928
36	0.01117	0.02663	0.69502	0.01662	0.04081	0.01277	0.08704	0.01727	0.01165	0.01730	0.00991	0.01185	0.00707	0.00512	0.00530	0.00173	0.00813	0.00427	0.00235	0.00801
37	0.01030	0.00969	0.01635	0.79530	0.03755	0.01211	0.01514	0.01393	0.01090	0.01393	0.00969	0.01453	0.00727	0.00545	0.00545	0.00182	0.00727	0.00484	0.00242	0.00606
38	0.00762	0.00513	0.00599	0.00635	0.00658	0.00500	0.00386	0.00808	0.00901	0.01220	0.02243	0.25322	0.05541	0.50987	0.01974	0.00406	0.00444	0.01007	0.04718	0.00377
39	0.82286	0.01058	0.00826	0.00738	0.01065	0.01236	0.00608	0.01594	0.00925	0.02413	0.00758	0.00894	0.00594	0.00519	0.00379	0.00171	0.02709	0.00300	0.00335	0.00591
40	0.01349	0.01295	0.02213	0.03346	0.77440	0.01295	0.01673	0.01673	0.01241	0.01781	0.01025	0.01349	0.00864	0.00486	0.00540	0.00162	0.00648	0.00486	0.00270	0.00864
41	0.01340	0.01153	0.01259	0.01192	0.04817	0.01318	0.00885	0.04181	0.67840	0.02276	0.05919	0.02091	0.01789	0.00745	0.00558	0.00183	0.00436	0.00627	0.00544	0.00847
42	0.00822	0.00619	0.00767	0.00719	0.00870	0.00596	0.00543	0.01200	0.09092	0.02145	0.64509	0.03950	0.09894	0.01095	0.00634	0.00174	0.00276	0.00960	0.00589	0.00546
43	0.00745	0.00616	0.00661	0.00639	0.00823	0.00563	0.00482	0.01051	0.08866	0.01717	0.21596	0.04655	0.53123	0.01255	0.00635	0.00181	0.00287	0.01059	0.00533	0.00513
44	0.01087	0.00601	0.00610	0.00585	0.00739	0.00622	0.00445	0.04638	0.06719	0.02112	0.01790	0.02001	0.01396	0.00644	0.00401	0.00133	0.00282	0.00515	0.74127	0.00552
45	0.02072	0.01527	0.01636	0.01254	0.01691	0.01691	0.01036	0.75622	0.02563	0.03436	0.01309	0.01309	0.00927	0.00654	0.00545	0.00164	0.00600	0.00491	0.00545	0.00927
46	0.01250	0.01373	0.02763	0.14751	0.08337	0.03006	0.53348	0.01662	0.01243	0.01666	0.01105	0.03208	0.00871	0.00515	0.00641	0.00183	0.02474	0.00617	0.00274	0.00712
47	0.01458	0.81168	0.02857	0.00933	0.01399	0.02157	0.00933	0.01632	0.01108	0.01283	0.00758	0.00875	0.00700	0.00466	0.00350	0.00117	0.00583	0.00292	0.00233	0.00700
48	0.00781	0.00576	0.00835	0.00835	0.00918	0.00659	0.00630	0.00947	0.00864	0.01235	0.01498	0.02349	0.01453	0.15264	0.67628	0.00826	0.01325	0.00615	0.00298	0.00464
49	0.01727	0.01182	0.01353	0.01011	0.01466	0.01119	0.00826	0.30821	0.01768	0.15449	0.01305	0.01325	0.00947	0.00549	0.00484	0.00128	0.00491	0.00428	0.00471	0.37150
50	0.82809	0.01051	0.00812	0.00723	0.01062	0.01213	0.00595	0.01627	0.00942	0.04171	0.00791	0.00908	0.00608	0.00510	0.00342	0.00169	0.00423	0.00301	0.00345	0.00598
51	0.00793	0.00529	0.00595	0.00595	0.00595	0.00529	0.00330	0.00793	0.00793	0.01057	0.01718	0.03568	0.01982	0.80840	0.02775	0.00529	0.00529	0.00793	0.00330	0.00330
52	0.00670	0.00553	0.00588	0.00579	0.00752	0.00471	0.00434	0.00832	0.01303	0.01617	0.19990	0.05009	0.62661	0.01327	0.00644	0.00182	0.00272	0.01117	0.00525	0.00471
53	0.00766	0.00557	0.00721	0.00680	0.00811	0.00512	0.00510	0.01018	0.01530	0.02156	0.74083	0.04123	0.08232	0.01126	0.00643	0.00172	0.00258	0.00993	0.00596	0.00512
54	0.02037	0.02598	0.01545	0.01404	0.01685	0.78652	0.01053	0.02177	0.01545	0.01334	0.00843	0.00983	0.00702	0.00562	0.00492	0.00140	0.00983	0.00351	0.00281	0.00632
55	0.01030	0.00969	0.01635	0.79530	0.03755	0.01211	0.01514	0.01393	0.01090	0.01393	0.00969	0.01453	0.00727	0.00545	0.00545	0.00182	0.00727	0.00484	0.00242	0.00606
56	0.00656	0.00553	0.00569	0.00565	0.00744	0.00465	0.00424	0.00806	0.01271	0.01541	0.12361	0.05135	0.70337	0.01355	0.00644	0.00183	0.00274	0.01135	0.00515	0.00465
57	0.00664	0.00474	0.00633	0.00759	0.00791	0.00443	0.00506	0.00759	0.01044	0.01392	0.03005	0.80485	0.03606	0.01708	0.00696	0.00221	0.00316	0.01550	0.00506	0.00443
58	0.00879	0.00628	0.00879	0.01004	0.01130	0.00628	0.00879	0.01130	0.01255	0.01632	0.02887	0.06150	0.03138	0.01506	0.00753	0.00251	0.00502	0.73770	0.00502	0.00502
59	0.01130	0.00969	0.01130	0.00807	0.01292	0.00727	0.00646	0.01373	0.01130	0.01776	0.00969	0.01130	0.00807	0.00404	0.00404	0.00081	0.00404	0.00323	0.00323	0.84173
60	0.00879	0.00628	0.00879	0.01004	0.01130	0.00628	0.00879	0.01130	0.01255	0.01632	0.02887	0.06150	0.03138	0.01506	0.00753	0.00251	0.00502	0.73770	0.00502	0.00502
61	0.00644	0.00552	0.00552	0.00552	0.00736	0.00460	0.00414	0.00782	0.01243	0.01473	0.05523	0.05247	0.77218	0.01381	0.00644	0.00184	0.00276	0.01151	0.00506	0.00460
62	0.02037	0.02598	0.01545	0.01404	0.01685	0.78652	0.01053	0.02177	0.01545	0.01334	0.00843	0.00983	0.00702	0.00562	0.00492	0.00140	0.00983	0.00351	0.00281	0.00632
63	0.01093	0.02820	0.78016	0.01554	0.02360	0.01266	0.02014	0.01727	0.01151	0.01727	0.00978	0.01151	0.00691	0.00518	0.00518	0.00173	0.00806	0.00403	0.00230	0.00806
64	0.02446	0.00928	0.01265	0.00970	0.01392	0.00801	0.00801	0.02657	0.01560	0.77817	0.02151	0.01856	0.01350	0.00675	0.00548	0.00169	0.00464	0.00548	0.00675	0.00928
65	0.00793	0.00529	0.00595	0.00595	0.00595	0.00529	0.00330	0.00793	0.00793	0.01057	0.01718	0.03568	0.01982	0.80840	0.02775	0.00529	0.00529	0.00793	0.00330	0.00330
66	0.00911	0.00713	0.00966	0.00902	0.00936	0.00860	0.00672	0.00964	0.00835	0.01182	0.01461	0.02387	0.04999	0.25238	0.21265	0.12470	0.21887	0.00628	0.00291	0.00433
67	0.01833	0.01026	0.01210	0.01015	0.01365	0.01060	0.00810	0.02704	0.38583	0.36527	0.02165	0.01953	0.01508	0.00705	0.00543	0.00175	0.00437	0.00580	0.04928	0.00874
68	0.00664	0.00474	0.00633	0.00759	0.00791	0.00443	0.00506	0.00759	0.01044	0.01392	0.03005	0.80485	0.03606	0.01708	0.00696	0.00221	0.00316	0.01550	0.00506	0.00443
69	0.00804	0.00625	0.00979	0.00947	0.01065	0.00702	0.04319	0.01010	0.00923	0.01313	0.01584	0.05740	0.01527	0.03674	0.67440	0.00782	0.01334	0.04423	0.00311	0.00498
70	0.01311	0.01405	0.12308	0.02796	0.01602	0.01340	0.01042	0.02697	0.64041	0.02182	0.02014	0.01895	0.01504	0.00704	0.00549	0.00183	0.00492	0.00583	0.00501	0.00849
71	0.82781	0.01057	0.00821	0.00733	0.01063	0.01233	0.00604	0.01596	0.00926	0.02420	0.00758	0.00893	0.00593	0.00516	0.00371	0.00170	0.02239	0.00299	0.00335	0.00591
72	0.00765	0.00557	0.00720	0.00679	0.00810	0.00512	0.00509	0.01016	0.01528	0.02149	0.73439	0.04133	0.08880	0.01128	0.00643	0.00172	0.00258	0.00994	0.00595	0.00512
73	0.06248	0.00960	0.01260	0.00971	0.01389	0.00860	0.00802	0.05796	0.01575	0.71068	0.02049	0.01787	0.01296	0.00666	0.00538	0.00168	0.00468	0.00534	0.00653	0.00912
74	0.01438	0.01212	0.01279	0.01126	0.01449	0.01394	0.00883	0.11250	0.67968	0.02413	0.02114	0.01951	0.01580	0.00730	0.00554	0.00182	0.00451	0.00602	0.00554	0.00870
75	0.01439	0.01244	0.02069	0.02995	0.66473	0.01220	0.01539	0.01748	0.01265	0.08799	0.01126	0.01385	0.00906	0.00499	0.00533	0.00158	0.00618	0.00483	0.00310	0.05188
76	0.01148	0.02773	0.72298	0.01588	0.04062	0.05278	0.01957	0.01749	0.01174	0.01707	0.00972	0.01147	0.00695	0.00519	0.00517	0.00171	0.00811	0.00402	0.00234	0.00798
77	0.01442	0.77745	0.06141	0.00960	0.01441	0.02118	0.00980	0.01637	0.01110	0.01302	0.00768	0.00887	0.00699	0.00469	0.00357	0.00119	0.00593	0.00296	0.00233	0.00704
78	0.00644	0.00552	0.00552	0.00552	0.00736	0.00460	0.00414	0.00782	0.01243	0.01473	0.05523	0.05247	0.77218	0.01381	0.00644	0.00184	0.00276	0.01151	0.00506	0.00460
79	0.01458	0.81168	0.02857	0.00933	0.01399	0.02157	0.00933	0.01632	0.01108	0.01283	0.00758	0.00875	0.00700	0.00466	0.00350	0.00117	0.00583	0.00292	0.00233	0.00700
80	0.01519	0.01167	0.01267	0.03254	0.01486	0.02995	0.00889	0.09922	0.51852	0.10693	0.03642	0.02145	0.01653	0.00760	0.00563	0.00183	0.00472	0.04150	0.00551	0.00840
81	0.78729	0.01045	0.00835	0.00735	0.01079	0.01192	0.00606	0.01679	0.00974	0.07910	0.00860	0.00956	0.00645	0.00518	0.00353	0.00169	0.00425	0.00314	0.00362	0.00615
82	0.00879	0.00628	0.00879	0.01004	0.01130	0.00628	0.00879	0.01130	0.01255	0.01632	0.02887	0.06150	0.03138	0.01506	0.00753	0.00251	0.00502	0.73770	0.00502	0.00502
83	0.01341	0.01287	0.02197	0.05375	0.75478	0.01293	0.01669	0.01666	0.01237	0.01771	0.01024	0.01352	0.00860	0.00487	0.00540	0.00162	0.00650	0.00486	0.00269	0.00857
84	0.00718	0.00547	0.00737	0.00827	0.00855	0.00567	0.00575	0.00815	0.01023	0.01384	0.02773	0.72472	0.03314	0.01632	0.00806	0.00223	0.08353	0.01441	0.00479	0.00458
85	0.84691	0.01054	0.00801	0.00717	0.01054	0.01223	0.00590	0.01603	0.00928	0.02446	0.00759	0.00886	0.00590	0.00506	0.00337	0.00169	0.00422	0.00295	0.00337	0.00590
86	0.01356	0.01171	0.01233	0.01109	0.01418	0.01356	0.00863	0.02897	0.76455	0.02281	0.02219	0.02034	0.01664	0.00740	0.00555	0.00185	0.00431	0.00616	0.00555	0.00863
87	0.02038	0.02569	0.01547	0.01400	0.01686	0.76539	0.01053	0.04193	0.01573	0.01392	0.00855	0.00992	0.00708	0.00564	0.00493	0.00141	0.00973	0.00355	0.00288	0.00640
88	0.01216	0.01263	0.02059	0.01649	0.01788	0.01597	0.19869	0.01421	0.00949	0.01421	0.00813	0.01263	0.00744	0.00830	0.01501	0.00225	0.59996	0.00519	0.00248	0.00631
89	0.01130	0.00969	0.01130	0.00807	0.01292	0.00727	0.00646	0.01373	0.01130	0.01776	0.00969	0.01130	0.00807	0.00404	0.00404	0.00081	0.00404	0.00323	0.00323	0.84173
90	0.00872	0.00625	0.00869	0.00991	0.01118	0.00623	0.00865	0.01120	0.01255	0.01627	0.02962	0.06124	0.05271	0.01502	0.00750	0.00249	0.00496	0.71678	0.00502	0.00501
91	0.84691	0.01054	0.00801	0.00717	0.01054	0.01223	0.00590	0.01603	0.00928	0.02446	0.00759	0.00886	0.00590	0.00506	0.00337	0.00169	0.00422	0.00295	0.00337	0.00590
92	0.01130	0.00969	0.01130	0.00807	0.01292	0.00727	0.00646	0.01373	0.01130	0.01776	0.00969	0.01130	0.00807	0.00404	0.00404	0.00081	0.00404	0.00323	0.00323	0.84173
93	0.00664	0.00474	0.00633	0.00759	0.00791	0.00443	0.00506	0.00759	0.01044	0.01392	0.03005	0.80485	0.03606	0.01708	0.00696	0.00221	0.00316	0.01550	0.00506	0.00443
94	0.01337	0.02206	0.48021	0.01658	0.02344	0.01228	0.20429	0.01866	0.01244	0.12699	0.01179	0.01333	0.00820	0.00526	0.00554	0.00175	0.00785	0.00485	0.00306	0.00805
95	0.00664	0.00474	0.00633	0.00759	0.00791	0.00443	0.00506	0.00759	0.01044	0.01392	0.03005	0.80485	0.03606	0.01708	0.00696	0.00221	0.00316	0.01550	0.00506	0.00443
96	0.02446	0.00928	0.01265	0.00970	0.01392	0.00801	0.00801	0.02657	0.01560	0.77817	0.02151	0.01856	0.01350	0.00675	0.00548	0.00169	0.00464	0.00548	0.00675	0.00928
97	0.01458	0.81168	0.02857	0.00933	0.01399	0.02157	0.00933	0.01632	0.01108	0.01283	0.00758	0.00875	0.00700	0.00466	0.00350	0.00117	0.00583	0.00292	0.00233	0.00700
98	0.00783	0.00536	0.00627	0.00640	0.00645	0.00543	0.00378	0.00800	0.00832	0.01114	0.01890	0.15270	0.02199	0.66798	0.02433	0.00475	0.02426	0.00901	0.00355	0.00354
99	0.00644	0.00552	0.00552	0.00552	0.00736	0.00460	0.00414	0.00782	0.01243	0.01473	0.05523	0.05247	0.77218	0.01381	0.00644	0.00184	0.00276	0.01151	0.00506	0.00460
100	0.84691	0.01054	0.00801	0.00717	0.01054	0.01223	0.00590	0.01603	0.00928	0.02446	0.00759	0.00886	0.00590	0.00506	0.00337	0.00169	0.00422	0.00295	0.00337	0.00590
101	0.00664	0.00474	0.00633	0.00759	0.00791	0.00443	0.00506	0.00759	0.01044	0.01392	0.03005	0.80485	0.03606	0.01708	0.00696	0.00221	0.00316	0.01550	0.00506	0.00443
102	0.01458	0.81168	0.02857	0.00933	0.01399	0.02157	0.00933	0.01632	0.01108	0.01283	0.00758	0.00875	0.00700	0.00466	0.00350	0.00117	0.00583	0.00292	0.00233	0.00700
103	0.00850	0.00646	0.00794	0.00741	0.00898	0.00633	0.00560	0.01288	0.12328	0.02169	0.63297	0.03829	0.07716	0.01072	0.00630	0.00174	0.00283	0.00940	0.00590	0.00562
104	0.01016	0.00508	0.00508	0.00508	0.00635	0.00508	0.00381	0.01270	0.01143	0.02033	0.01778	0.02033	0.01397	0.00635	0.00381	0.00127	0.00254	0.00508	0.83867	0.00508
105	0.00667	0.00477	0.00635	0.00757	0.00791	0.00445	0.00506	0.00766	0.01057	0.01413	0.04979	0.78450	0.03647	0.01692	0.00694	0.00220	0.00315	0.01535	0.00509	0.00445
106	0.02091	0.01498	0.01618	0.01241	0.01676	0.01647	0.01025	0.72075	0.02515	0.07051	0.01350	0.01335	0.00948	0.00655	0.00546	0.00164	0.00593	0.00494	0.00552	0.00927
107	0.00675	0.00553	0.00595	0.00585	0.00755	0.00473	0.00439	0.00842	0.01316	0.01647	0.22985	0.04960	0.59648	0.01316	0.00644	0.00181	0.00272	0.01110	0.00529	0.00473
