[name]
unknown

[dist]
# distance from previous block
# <min> <max>
2	88

[block]
# block no. 0 follows, 46 sequences, length 93
# corresponding to MSA columns:
# 117-209
name=unknown_A
#
# <colnr> <probs for GDERKNQSTAVLIFYWHMCP>
#	G	D	E	R	K	N	Q	S	T	A	V	L	I	F	Y	W	H	M	C	P
0	0.26357	0.06399	0.06784	0.04030	0.09455	0.06281	0.00941	0.08320	0.06627	0.03556	0.05783	0.02967	0.01130	0.00842	0.06086	0.00211	0.02756	0.00457	0.00353	0.00666
1	0.12156	0.02922	0.11161	0.13969	0.14557	0.04059	0.02794	0.16080	0.06029	0.05105	0.03352	0.01361	0.00954	0.00593	0.00536	0.02225	0.00603	0.00457	0.00353	0.00733
2	0.20516	0.01035	0.01241	0.06084	0.08073	0.01087	0.02970	0.15016	0.05797	0.05844	0.03437	0.04806	0.01286	0.00708	0.00522	0.01504	0.00492	0.08276	0.00405	0.10899
3	0.17988	0.00978	0.01204	0.18969	0.03803	0.02754	0.03082	0.10126	0.01269	0.01939	0.12360	0.05302	0.06080	0.02000	0.00598	0.00172	0.04303	0.00583	0.00373	0.06117
4	0.02907	0.01271	0.07931	0.19307	0.31501	0.04050	0.01338	0.06191	0.01248	0.04749	0.02533	0.04986	0.00999	0.00565	0.00515	0.00157	0.00612	0.00500	0.00307	0.08331
5	0.01203	0.01149	0.05180	0.34548	0.24049	0.01148	0.01348	0.06786	0.01218	0.03142	0.01001	0.01313	0.00779	0.00498	0.00503	0.00153	0.00621	0.00442	0.00284	0.14635
6	0.05922	0.00928	0.01213	0.01013	0.04020	0.00851	0.00789	0.06636	0.03534	0.58934	0.01977	0.07326	0.01388	0.00707	0.00529	0.00165	0.00450	0.00582	0.00597	0.02439
7	0.00870	0.00589	0.00869	0.00849	0.00964	0.00665	0.00660	0.01055	0.00895	0.06706	0.01470	0.02092	0.01336	0.05685	0.71798	0.00792	0.01325	0.00569	0.00310	0.00499
8	0.24885	0.50608	0.10350	0.00910	0.01363	0.01745	0.00924	0.01585	0.01030	0.01607	0.00758	0.00880	0.00648	0.00468	0.00353	0.00133	0.00545	0.00295	0.00254	0.00660
9	0.44217	0.01092	0.06497	0.00856	0.01250	0.01016	0.00757	0.01994	0.01174	0.34476	0.01321	0.01274	0.00890	0.00561	0.00426	0.00164	0.00453	0.00397	0.00458	0.00726
10	0.00669	0.00494	0.00682	0.06373	0.00971	0.00482	0.00560	0.00780	0.01015	0.01350	0.02774	0.75421	0.03298	0.01576	0.00664	0.00212	0.00335	0.01430	0.00473	0.00441
11	0.00651	0.00466	0.00620	0.00731	0.00768	0.00434	0.00491	0.00755	0.01047	0.01404	0.08232	0.75602	0.03602	0.01615	0.00671	0.00211	0.00303	0.01464	0.00497	0.00434
12	0.00745	0.00536	0.00686	0.00767	0.00830	0.00518	0.00528	0.06114	0.01137	0.01522	0.05860	0.72258	0.03373	0.01560	0.00662	0.00209	0.00324	0.01408	0.00497	0.00466
13	0.01384	0.76004	0.02686	0.06529	0.01519	0.02027	0.00945	0.01567	0.01073	0.01251	0.00749	0.00888	0.00680	0.00458	0.00353	0.00118	0.00575	0.00296	0.00227	0.00672
14	0.02133	0.00840	0.01130	0.00885	0.01249	0.00733	0.00724	0.02344	0.01483	0.66446	0.08620	0.01998	0.01631	0.00689	0.00528	0.00161	0.00418	0.00566	0.06589	0.00836
15	0.67511	0.00999	0.00863	0.00736	0.01085	0.01094	0.00605	0.01682	0.01000	0.13063	0.00941	0.01008	0.00691	0.00507	0.00361	0.00158	0.00413	0.00323	0.00372	0.06587
16	0.70433	0.01174	0.00876	0.00772	0.01103	0.09374	0.00624	0.01597	0.00977	0.02212	0.00759	0.00886	0.00599	0.00489	0.00347	0.00155	0.00465	0.00294	0.00320	0.06545
17	0.01299	0.01122	0.01188	0.01055	0.01366	0.01272	0.00822	0.02704	0.71769	0.02177	0.02066	0.01910	0.01555	0.00694	0.00528	0.00172	0.00416	0.00578	0.00522	0.06786
18	0.00676	0.00494	0.00648	0.00739	0.00801	0.00449	0.00500	0.00778	0.01018	0.01376	0.02774	0.75399	0.03304	0.01566	0.00655	0.00205	0.00313	0.01418	0.00478	0.06407
19	0.00644	0.00460	0.00613	0.00736	0.00767	0.00429	0.00491	0.00736	0.01012	0.01350	0.02914	0.81076	0.03497	0.01656	0.00675	0.00215	0.00307	0.01503	0.00491	0.00429
20	0.01229	0.01533	0.09626	0.02145	0.02688	0.01334	0.67943	0.01681	0.01226	0.01681	0.01050	0.01393	0.00788	0.00462	0.00640	0.00179	0.02823	0.00600	0.00263	0.00716
21	0.00730	0.00545	0.00689	0.00770	0.00839	0.00538	0.00532	0.00998	0.09876	0.01514	0.09068	0.65485	0.03403	0.01500	0.00655	0.00207	0.00315	0.01352	0.00504	0.00482
22	0.02084	0.01010	0.01259	0.00983	0.01374	0.00964	0.00804	0.15713	0.08451	0.51438	0.05423	0.01791	0.01412	0.00665	0.00530	0.00161	0.00459	0.00538	0.00604	0.04337
23	0.01233	0.01344	0.07026	0.21452	0.39413	0.05566	0.08054	0.01568	0.01165	0.01583	0.00996	0.01393	0.00818	0.00528	0.00587	0.00168	0.04238	0.01879	0.00257	0.00732
24	0.01096	0.00940	0.01096	0.00783	0.01253	0.00705	0.00626	0.01331	0.01096	0.01723	0.00940	0.01096	0.00783	0.00392	0.00392	0.00078	0.00392	0.00313	0.00313	0.84653
25	0.00748	0.00540	0.00707	0.00665	0.00790	0.00499	0.00499	0.00998	0.01496	0.02120	0.77844	0.03949	0.04988	0.01081	0.00624	0.00166	0.00249	0.00956	0.00582	0.00499
26	0.07301	0.03487	0.45763	0.01284	0.01865	0.01167	0.01470	0.01784	0.01147	0.16569	0.01125	0.01228	0.00794	0.00566	0.00606	0.00167	0.08343	0.00412	0.00319	0.04601
27	0.01173	0.10816	0.57561	0.01519	0.04021	0.01358	0.07098	0.05895	0.01195	0.01718	0.00949	0.01124	0.00698	0.00508	0.00519	0.00163	0.02266	0.00404	0.00245	0.00770
28	0.01194	0.01022	0.01085	0.00984	0.01256	0.01154	0.00762	0.02440	0.62742	0.02123	0.09105	0.02465	0.09747	0.00813	0.00554	0.00178	0.00388	0.00682	0.00537	0.00767
29	0.00755	0.00566	0.00850	0.00850	0.00944	0.00661	0.00661	0.00944	0.00850	0.01227	0.01416	0.02077	0.01322	0.03965	0.79326	0.00850	0.01416	0.00566	0.00283	0.00472
30	0.04002	0.00924	0.01231	0.00946	0.01354	0.00817	0.00781	0.05277	0.01537	0.74207	0.02029	0.01761	0.01279	0.00650	0.00527	0.00163	0.00454	0.00525	0.00643	0.00893
31	0.03135	0.03853	0.04676	0.04815	0.03729	0.01437	0.01017	0.46004	0.10296	0.12161	0.02665	0.01437	0.01063	0.00631	0.00521	0.00161	0.00554	0.00491	0.00500	0.00853
32	0.00630	0.00515	0.00557	0.00590	0.00728	0.00442	0.00426	0.00753	0.01152	0.01407	0.04687	0.25893	0.57535	0.01426	0.00638	0.00188	0.00278	0.01222	0.00491	0.00442
33	0.83374	0.01020	0.00787	0.00700	0.01029	0.01177	0.00577	0.01576	0.00913	0.04010	0.00765	0.00879	0.00588	0.00494	0.00332	0.00164	0.00410	0.00292	0.00334	0.00580
34	0.01397	0.01104	0.01614	0.30863	0.12452	0.03335	0.05677	0.12532	0.04445	0.11770	0.02818	0.06091	0.01116	0.00638	0.00561	0.00171	0.01771	0.00559	0.00373	0.00714
35	0.01249	0.01201	0.02057	0.15032	0.60283	0.01224	0.04676	0.01571	0.01178	0.01667	0.00987	0.01320	0.00813	0.00476	0.00523	0.00158	0.00641	0.00471	0.00260	0.04213
36	0.00782	0.00602	0.00884	0.00869	0.00952	0.00715	0.00674	0.00956	0.00843	0.01219	0.01383	0.02094	0.01314	0.08087	0.70015	0.00791	0.06497	0.00571	0.00282	0.00470
37	0.85155	0.01022	0.00777	0.00695	0.01022	0.01186	0.00573	0.01554	0.00900	0.02372	0.00736	0.00859	0.00573	0.00491	0.00327	0.00164	0.00409	0.00286	0.00327	0.00573
38	0.00687	0.00496	0.00653	0.00717	0.00787	0.00461	0.00507	0.00840	0.01189	0.01620	0.28116	0.49840	0.06043	0.01446	0.00659	0.00199	0.00294	0.04470	0.00521	0.00456
39	0.01498	0.03712	0.03644	0.02580	0.15704	0.08909	0.01056	0.20736	0.21687	0.03629	0.01693	0.03346	0.05007	0.00696	0.00535	0.00166	0.00563	0.03625	0.00433	0.00781
40	0.01492	0.00992	0.01344	0.01495	0.19447	0.01008	0.00963	0.03678	0.22639	0.21912	0.10097	0.05028	0.01849	0.00756	0.00558	0.00173	0.00461	0.04825	0.00503	0.00784
41	0.01572	0.05731	0.01410	0.02620	0.01492	0.04719	0.00881	0.24612	0.32380	0.05861	0.01566	0.01522	0.01167	0.00621	0.00502	0.00154	0.00502	0.00490	0.00477	0.11721
42	0.01230	0.01483	0.23258	0.01046	0.01561	0.00962	0.01050	0.11559	0.01331	0.05340	0.05981	0.03679	0.01136	0.00548	0.00471	0.00128	0.00519	0.00443	0.00354	0.37920
43	0.03207	0.04518	0.10361	0.01248	0.09096	0.01034	0.01011	0.11603	0.01512	0.41618	0.04258	0.01591	0.01201	0.00607	0.00512	0.00157	0.00517	0.00492	0.00508	0.04949
44	0.04398	0.08175	0.50416	0.03146	0.08609	0.04838	0.02975	0.03517	0.01156	0.01672	0.00987	0.01242	0.00762	0.00660	0.03707	0.00190	0.00761	0.01798	0.00249	0.00742
45	0.00625	0.00536	0.00536	0.00536	0.00714	0.00446	0.00402	0.00759	0.01205	0.01428	0.05355	0.05088	0.77909	0.01339	0.00625	0.00179	0.00268	0.01116	0.00491	0.00446
46	0.01239	0.01158	0.01950	0.02902	0.66480	0.01158	0.01506	0.01543	0.01206	0.01705	0.01267	0.02012	0.01171	0.00621	0.00555	0.00170	0.00607	0.11671	0.00296	0.00784
47	0.01210	0.01624	0.17542	0.05818	0.12430	0.01297	0.45508	0.01710	0.04311	0.01699	0.01074	0.01372	0.00810	0.00475	0.00579	0.00173	0.00808	0.00550	0.00268	0.00742
48	0.85155	0.01022	0.00777	0.00695	0.01022	0.01186	0.00573	0.01554	0.00900	0.02372	0.00736	0.00859	0.00573	0.00491	0.00327	0.00164	0.00409	0.00286	0.00327	0.00573
49	0.00769	0.00513	0.00577	0.00577	0.00577	0.00513	0.00320	0.00769	0.00769	0.01025	0.01666	0.03460	0.01922	0.81421	0.02691	0.00513	0.00513	0.00769	0.00320	0.00320
50	0.01247	0.01193	0.02034	0.18553	0.63298	0.01240	0.01592	0.01568	0.01175	0.01652	0.00983	0.01329	0.00811	0.00482	0.00524	0.00161	0.00643	0.00471	0.00256	0.00788
51	0.01039	0.00982	0.01660	0.69959	0.13511	0.01185	0.01489	0.01387	0.01077	0.01401	0.00947	0.01396	0.00722	0.00521	0.00528	0.00174	0.00695	0.00470	0.00238	0.00620
52	0.02318	0.00888	0.01209	0.00931	0.01331	0.00768	0.00768	0.02524	0.01513	0.75933	0.04622	0.01871	0.01432	0.00669	0.00535	0.00164	0.00443	0.00546	0.00652	0.00886
53	0.00769	0.00513	0.00577	0.00577	0.00577	0.00513	0.00320	0.00769	0.00769	0.01025	0.01666	0.03460	0.01922	0.81421	0.02691	0.00513	0.00513	0.00769	0.00320	0.00320
54	0.02191	0.01154	0.01380	0.01062	0.01474	0.01160	0.00876	0.34206	0.03746	0.44446	0.01737	0.01576	0.01140	0.00647	0.00531	0.00162	0.00506	0.00509	0.00598	0.00898
55	0.04082	0.00996	0.04763	0.00966	0.01390	0.00821	0.00830	0.03764	0.01498	0.72071	0.01991	0.01739	0.01257	0.00644	0.00526	0.00164	0.00466	0.00519	0.00625	0.00887
56	0.01162	0.00993	0.01192	0.00863	0.01318	0.00807	0.02481	0.06298	0.01184	0.01816	0.00958	0.01117	0.00789	0.00424	0.00443	0.00090	0.02638	0.00336	0.00324	0.74768
57	0.00918	0.00459	0.00689	0.00689	0.00689	0.00459	0.00459	0.00689	0.00689	0.00918	0.00918	0.01607	0.00918	0.01837	0.02066	0.84619	0.00459	0.00459	0.00230	0.00230
58	0.01128	0.00961	0.01113	0.00804	0.01267	0.00749	0.00643	0.03476	0.03362	0.01782	0.00984	0.01127	0.00811	0.00408	0.00400	0.00084	0.00398	0.00326	0.00326	0.79853
59	0.03503	0.07089	0.50235	0.01851	0.17095	0.01294	0.08320	0.01657	0.01136	0.01680	0.00949	0.01158	0.00712	0.00488	0.00502	0.00163	0.00737	0.00417	0.00238	0.00774
60	0.01331	0.01296	0.01864	0.09343	0.51132	0.06878	0.01412	0.01867	0.16095	0.01758	0.01204	0.01422	0.00967	0.00530	0.00523	0.00162	0.00617	0.00486	0.00314	0.00799
61	0.00644	0.00460	0.00613	0.00736	0.00767	0.00429	0.00491	0.00736	0.01012	0.01350	0.02914	0.81076	0.03497	0.01656	0.00675	0.00215	0.00307	0.01503	0.00491	0.00429
62	0.00998	0.00931	0.01566	0.78689	0.03586	0.01162	0.01448	0.01349	0.01058	0.01362	0.00954	0.01420	0.00717	0.00530	0.00526	0.00175	0.00696	0.00470	0.01778	0.00586
63	0.00755	0.00566	0.00850	0.00850	0.00944	0.00661	0.00661	0.00944	0.00850	0.01227	0.01416	0.02077	0.01322	0.03965	0.79326	0.00850	0.01416	0.00566	0.00283	0.00472
64	0.01222	0.01611	0.13973	0.02146	0.04311	0.01319	0.63918	0.01689	0.01228	0.01691	0.01051	0.01379	0.00784	0.00454	0.00604	0.00176	0.00870	0.00587	0.00261	0.00726
65	0.76340	0.09519	0.00987	0.00717	0.01058	0.01281	0.00607	0.01557	0.00918	0.02253	0.00736	0.00858	0.00584	0.00487	0.00328	0.00158	0.00425	0.00286	0.00317	0.00584
66	0.01413	0.81739	0.02770	0.00905	0.01357	0.02092	0.00905	0.01583	0.01074	0.01244	0.00735	0.00848	0.00678	0.00452	0.00339	0.00113	0.00565	0.00283	0.00226	0.00678
67	0.83107	0.01019	0.00788	0.00701	0.01030	0.01176	0.00578	0.01579	0.00915	0.04255	0.00770	0.00882	0.00591	0.00495	0.00332	0.00164	0.00410	0.00292	0.00335	0.00581
68	0.01036	0.00978	0.01654	0.70722	0.12773	0.01185	0.01487	0.01384	0.01075	0.01397	0.00946	0.01397	0.00721	0.00521	0.00528	0.00174	0.00695	0.00470	0.00238	0.00618
69	0.01210	0.00936	0.01108	0.00797	0.01261	0.00711	0.00640	0.01442	0.01133	0.08578	0.01042	0.01159	0.00830	0.00415	0.00404	0.00086	0.00397	0.00333	0.00344	0.77174
70	0.00769	0.00513	0.00577	0.00577	0.00577	0.00513	0.00320	0.00769	0.00769	0.01025	0.01666	0.03460	0.01922	0.81421	0.02691	0.00513	0.00513	0.00769	0.00320	0.00320
71	0.00918	0.00459	0.00689	0.00689	0.00689	0.00459	0.00459	0.00689	0.00689	0.00918	0.00918	0.01607	0.00918	0.01837	0.02066	0.84619	0.00459	0.00459	0.00230	0.00230
72	0.01182	0.01127	0.01918	0.34556	0.47799	0.01223	0.01560	0.01512	0.01144	0.01574	0.00972	0.01350	0.00783	0.00494	0.00525	0.00165	0.00659	0.00471	0.00251	0.00736
73	0.00706	0.00528	0.00652	0.00707	0.00772	0.00514	0.00486	0.02271	0.01030	0.01349	0.03045	0.47368	0.17614	0.13256	0.04581	0.00279	0.02732	0.01227	0.00450	0.00432
74	0.00882	0.00571	0.00742	0.00682	0.00834	0.00520	0.00517	0.01121	0.01481	0.08693	0.67171	0.03827	0.08808	0.01058	0.00616	0.00167	0.00268	0.00928	0.00583	0.00531
75	0.00748	0.00540	0.00707	0.00665	0.00790	0.00499	0.00499	0.00998	0.01496	0.02120	0.77844	0.03949	0.04988	0.01081	0.00624	0.00166	0.00249	0.00956	0.00582	0.00499
76	0.02127	0.01262	0.01447	0.01113	0.01528	0.01319	0.00918	0.47968	0.03663	0.30693	0.01585	0.01477	0.01063	0.00643	0.00530	0.00161	0.00530	0.00499	0.00575	0.00898
77	0.01076	0.02554	0.70474	0.01453	0.02180	0.01221	0.01829	0.01759	0.07709	0.01729	0.02530	0.01245	0.00834	0.00532	0.00508	0.00168	0.00740	0.00419	0.00257	0.00781
78	0.02372	0.00900	0.01227	0.00941	0.01350	0.00777	0.00777	0.02576	0.01513	0.78489	0.02086	0.01799	0.01309	0.00654	0.00532	0.00164	0.00450	0.00532	0.00654	0.00900
79	0.01315	0.01136	0.01195	0.01076	0.01375	0.01315	0.00837	0.02809	0.77168	0.02211	0.02152	0.01972	0.01614	0.00717	0.00538	0.00179	0.00418	0.00598	0.00538	0.00837
80	0.68761	0.11791	0.03035	0.00769	0.01122	0.04315	0.00669	0.01582	0.00951	0.02164	0.00744	0.00868	0.00593	0.00488	0.00339	0.00156	0.00460	0.00291	0.00309	0.00593
81	0.01004	0.00519	0.00527	0.00520	0.00649	0.00523	0.00391	0.03322	0.01144	0.01991	0.01747	0.04267	0.01405	0.00647	0.00383	0.00127	0.00258	0.00522	0.79552	0.00502
82	0.06599	0.05395	0.01436	0.05550	0.01583	0.01388	0.00919	0.31953	0.23241	0.14077	0.01565	0.01511	0.01122	0.00637	0.00510	0.00164	0.00512	0.00497	0.00506	0.00834
83	0.01583	0.48544	0.03826	0.04853	0.01582	0.29050	0.00994	0.01759	0.01223	0.01275	0.00778	0.00917	0.00680	0.00489	0.00400	0.00125	0.00712	0.00314	0.00243	0.00653
84	0.03147	0.28669	0.13734	0.01194	0.01590	0.35461	0.01098	0.01785	0.01254	0.01358	0.00894	0.04295	0.00794	0.00560	0.00464	0.00139	0.02274	0.00379	0.00259	0.00651
85	0.02954	0.56957	0.04630	0.01081	0.04920	0.03532	0.00966	0.08411	0.09223	0.01588	0.00952	0.01035	0.00802	0.00501	0.00393	0.00129	0.00566	0.00346	0.00290	0.00722
86	0.00756	0.00564	0.00835	0.00835	0.00925	0.00653	0.00643	0.00935	0.00845	0.01217	0.01429	0.02148	0.01353	0.07974	0.75359	0.00832	0.01369	0.00577	0.00285	0.00464
87	0.00769	0.00513	0.00577	0.00577	0.00577	0.00513	0.00320	0.00769	0.00769	0.01025	0.01666	0.03460	0.01922	0.81421	0.02691	0.00513	0.00513	0.00769	0.00320	0.00320
88	0.01070	0.04872	0.76629	0.01490	0.02263	0.01251	0.01925	0.01672	0.01115	0.01663	0.00943	0.01109	0.00670	0.00501	0.00498	0.00166	0.00775	0.00388	0.00223	0.00779
89	0.01073	0.04107	0.74117	0.01509	0.02264	0.01254	0.03543	0.01665	0.01112	0.01659	0.00942	0.01119	0.00673	0.00509	0.00527	0.00168	0.02367	0.00395	0.00224	0.00774
90	0.00737	0.00531	0.00696	0.00673	0.00787	0.00491	0.00498	0.00969	0.01443	0.02034	0.69502	0.12536	0.04822	0.01145	0.00629	0.00172	0.00256	0.01017	0.00572	0.00491
91	0.00755	0.00566	0.00850	0.00850	0.00944	0.00661	0.00661	0.00944	0.00850	0.01227	0.01416	0.02077	0.01322	0.03965	0.79326	0.00850	0.01416	0.00566	0.00283	0.00472
92	0.01177	0.01937	0.33345	0.02019	0.08491	0.01287	0.40571	0.01680	0.01192	0.01688	0.01015	0.01293	0.00752	0.00470	0.00567	0.00172	0.00826	0.00518	0.00249	0.00750

[dist]
# distance from previous block
# <min> <max>
3	52

[block]
# block no. 1 follows, 46 sequences, length 22
# corresponding to MSA columns:
# 262-283
name=unknown_B
#
# <colnr> <probs for GDERKNQSTAVLIFYWHMCP>
#	G	D	E	R	K	N	Q	S	T	A	V	L	I	F	Y	W	H	M	C	P
0	0.01690	0.06236	0.06096	0.10545	0.06467	0.23294	0.01119	0.07525	0.04384	0.16307	0.01160	0.01282	0.00868	0.00610	0.00644	0.00162	0.10099	0.00435	0.00360	0.00718
1	0.69242	0.01110	0.00932	0.00795	0.01140	0.01273	0.00655	0.15871	0.01203	0.02556	0.00838	0.00937	0.00635	0.00518	0.00366	0.00163	0.00442	0.00323	0.00366	0.00635
2	0.03144	0.37896	0.18493	0.01131	0.01615	0.05128	0.01150	0.18185	0.01399	0.01824	0.00916	0.01040	0.00738	0.00600	0.02216	0.00157	0.02972	0.00363	0.00298	0.00737
3	0.02156	0.00967	0.01234	0.00977	0.01365	0.00912	0.00797	0.05379	0.16029	0.61082	0.02068	0.01813	0.01352	0.00666	0.00533	0.00166	0.00449	0.00542	0.00627	0.00888
4	0.00918	0.00459	0.00689	0.00689	0.00689	0.00459	0.00459	0.00689	0.00689	0.00918	0.00918	0.01607	0.00918	0.01837	0.02066	0.84619	0.00459	0.00459	0.00230	0.00230
5	0.01277	0.01126	0.01629	0.26448	0.10110	0.01365	0.03395	0.15714	0.01281	0.01795	0.00989	0.01333	0.00797	0.00663	0.00878	0.00184	0.24247	0.00475	0.05625	0.00668
6	0.00649	0.00469	0.00614	0.00720	0.00765	0.00434	0.00486	0.00753	0.01052	0.01399	0.07448	0.71945	0.08104	0.01603	0.00669	0.00210	0.00301	0.01447	0.00496	0.00434
7	0.01254	0.00985	0.01147	0.00830	0.01293	0.00791	0.00669	0.07969	0.01243	0.06527	0.01038	0.01154	0.00825	0.00429	0.00412	0.00091	0.00412	0.00341	0.00353	0.72240
8	0.02994	0.17559	0.05682	0.00962	0.03487	0.01114	0.00821	0.09748	0.03355	0.23548	0.06506	0.03219	0.15969	0.00759	0.00509	0.00155	0.00461	0.00607	0.00466	0.02078
9	0.64451	0.16518	0.03447	0.02865	0.01193	0.01360	0.00700	0.01558	0.00944	0.02109	0.00747	0.00879	0.00599	0.00485	0.00340	0.00154	0.00458	0.00293	0.00302	0.00599
10	0.02065	0.00826	0.01102	0.00871	0.01202	0.00726	0.00690	0.02230	0.01371	0.63664	0.02005	0.02117	0.01426	0.16112	0.00945	0.00230	0.00462	0.00577	0.00590	0.00789
11	0.01020	0.04941	0.01229	0.01010	0.01210	0.00998	0.05157	0.04055	0.15555	0.01540	0.01428	0.01877	0.01254	0.06728	0.38007	0.00509	0.06905	0.00546	0.00337	0.05695
12	0.01303	0.07888	0.50710	0.03891	0.02077	0.01362	0.01603	0.16026	0.05240	0.03436	0.01077	0.01192	0.00775	0.00539	0.00499	0.00163	0.00701	0.00415	0.00306	0.00795
13	0.02665	0.01119	0.02535	0.01234	0.01601	0.01139	0.15236	0.04607	0.35036	0.19483	0.01930	0.01923	0.02938	0.00666	0.00548	0.00174	0.00517	0.02021	0.03833	0.00796
14	0.16871	0.00624	0.00694	0.00751	0.00895	0.00627	0.00587	0.00996	0.01088	0.01626	0.02981	0.29012	0.18519	0.01312	0.00613	0.00205	0.00368	0.21296	0.00458	0.00476
15	0.02679	0.00769	0.00991	0.11790	0.01339	0.00833	0.02989	0.10770	0.02949	0.03400	0.10244	0.09661	0.02884	0.05289	0.02790	0.02074	0.03154	0.00664	0.24170	0.00562
16	0.00930	0.05730	0.05003	0.07447	0.01259	0.03147	0.05117	0.01099	0.02915	0.01438	0.09563	0.18718	0.08690	0.02228	0.00905	0.16341	0.02053	0.00788	0.06144	0.00484
17	0.00712	0.00552	0.00799	0.15935	0.01317	0.00572	0.00678	0.00854	0.01021	0.01350	0.02536	0.65829	0.02962	0.01440	0.00647	0.00207	0.00383	0.01305	0.00442	0.00460
18	0.01415	0.01275	0.01974	0.07246	0.54464	0.01347	0.01467	0.15889	0.01417	0.01985	0.01026	0.01298	0.00833	0.00533	0.00598	0.00163	0.05473	0.00471	0.00309	0.00819
19	0.01343	0.36873	0.07471	0.05831	0.04572	0.13295	0.01013	0.01560	0.01112	0.03652	0.00956	0.01204	0.00829	0.01161	0.15534	0.00270	0.02042	0.00382	0.00259	0.00642
20	0.02040	0.01362	0.16102	0.01096	0.01573	0.02361	0.01038	0.12168	0.03411	0.50632	0.01739	0.01588	0.01129	0.00622	0.00525	0.00164	0.00539	0.00496	0.00546	0.00870
21	0.65899	0.01107	0.00964	0.03951	0.01244	0.01272	0.00691	0.15863	0.01209	0.02515	0.00846	0.00959	0.00640	0.00520	0.00374	0.00163	0.00454	0.00330	0.00362	0.00636

[dist]
# distance from previous block
# <min> <max>
1	39

[block]
# block no. 2 follows, 46 sequences, length 50
# corresponding to MSA columns:
# 323-372
name=unknown_C
#
# <colnr> <probs for GDERKNQSTAVLIFYWHMCP>
#	G	D	E	R	K	N	Q	S	T	A	V	L	I	F	Y	W	H	M	C	P
0	0.01299	0.01252	0.02155	0.05229	0.74373	0.01256	0.03405	0.01617	0.01201	0.01716	0.00995	0.01314	0.00833	0.00472	0.00526	0.00158	0.00636	0.00475	0.00261	0.00828
1	0.00689	0.00493	0.00662	0.00767	0.00823	0.00466	0.00551	0.00823	0.01097	0.01470	0.10902	0.60529	0.03582	0.01563	0.00678	0.00214	0.00330	0.13414	0.00500	0.00446
2	0.02330	0.00890	0.01213	0.00933	0.01335	0.00770	0.00770	0.02535	0.01513	0.76496	0.04064	0.01855	0.01405	0.00665	0.00534	0.00164	0.00445	0.00543	0.00652	0.00889
3	0.00748	0.00540	0.00707	0.00665	0.00790	0.00499	0.00499	0.00998	0.01496	0.02120	0.77844	0.03949	0.04988	0.01081	0.00624	0.00166	0.00249	0.00956	0.00582	0.00499
4	0.00748	0.00540	0.00707	0.00665	0.00790	0.00499	0.00499	0.00998	0.01496	0.02120	0.77844	0.03949	0.04988	0.01081	0.00624	0.00166	0.00249	0.00956	0.00582	0.00499
5	0.02010	0.01481	0.01587	0.01216	0.01639	0.01639	0.01005	0.76360	0.02486	0.03332	0.01269	0.01269	0.00899	0.00635	0.00529	0.00159	0.00582	0.00476	0.00529	0.00899
6	0.01975	0.02520	0.01498	0.01362	0.01634	0.79299	0.01021	0.02111	0.01498	0.01294	0.00817	0.00953	0.00681	0.00545	0.00477	0.00136	0.00953	0.00340	0.00272	0.00613
7	0.00769	0.00513	0.00577	0.00577	0.00577	0.00513	0.00320	0.00769	0.00769	0.01025	0.01666	0.03460	0.01922	0.81421	0.02691	0.00513	0.00513	0.00769	0.00320	0.00320
8	0.01413	0.81739	0.02770	0.00905	0.01357	0.02092	0.00905	0.01583	0.01074	0.01244	0.00735	0.00848	0.00678	0.00452	0.00339	0.00113	0.00565	0.00283	0.00226	0.00678
9	0.01472	0.01305	0.01271	0.01112	0.01426	0.08529	0.00871	0.14593	0.56328	0.02290	0.01962	0.01838	0.03212	0.00703	0.00533	0.00172	0.00491	0.00567	0.00511	0.00817
10	0.00998	0.00940	0.01586	0.80150	0.03641	0.01175	0.01468	0.01351	0.01057	0.01351	0.00940	0.01409	0.00705	0.00529	0.00529	0.00176	0.00705	0.00470	0.00235	0.00587
11	0.00644	0.00460	0.00613	0.00736	0.00767	0.00429	0.00491	0.00736	0.01012	0.01350	0.02914	0.81076	0.03497	0.01656	0.00675	0.00215	0.00307	0.01503	0.00491	0.00429
12	0.01010	0.00933	0.01536	0.74530	0.03457	0.01159	0.01409	0.01404	0.04057	0.01404	0.01012	0.01449	0.00761	0.00539	0.00524	0.00175	0.00679	0.00476	0.02892	0.00594
13	0.01263	0.01208	0.02038	0.08900	0.63015	0.01202	0.03865	0.01577	0.01184	0.01697	0.00988	0.01301	0.00821	0.00467	0.00515	0.00152	0.00621	0.00461	0.00265	0.08462
14	0.00656	0.00480	0.00617	0.00703	0.00764	0.00441	0.00481	0.00775	0.01102	0.01465	0.13561	0.61566	0.12362	0.01540	0.00662	0.00204	0.00294	0.01382	0.00503	0.00441
15	0.00644	0.00460	0.00613	0.00736	0.00767	0.00429	0.00491	0.00736	0.01012	0.01350	0.02914	0.81076	0.03497	0.01656	0.00675	0.00215	0.00307	0.01503	0.00491	0.00429
16	0.01305	0.01342	0.06257	0.06276	0.59039	0.01275	0.07992	0.04698	0.03407	0.01784	0.01040	0.01330	0.00844	0.00487	0.00532	0.00161	0.00654	0.00484	0.00278	0.00815
17	0.01346	0.66570	0.17346	0.01020	0.01536	0.01926	0.01106	0.01601	0.01082	0.01326	0.00776	0.00900	0.00677	0.00462	0.00371	0.00124	0.00607	0.00303	0.00226	0.00698
18	0.00644	0.00460	0.00613	0.00736	0.00767	0.00429	0.00491	0.00736	0.01012	0.01350	0.02914	0.81076	0.03497	0.01656	0.00675	0.00215	0.00307	0.01503	0.00491	0.00429
19	0.01847	0.06685	0.01727	0.01407	0.01712	0.59590	0.07879	0.06974	0.01490	0.01463	0.00861	0.01020	0.00707	0.00552	0.00537	0.00144	0.04100	0.00377	0.00285	0.00643
20	0.00736	0.00541	0.00689	0.00656	0.00788	0.00495	0.00495	0.00971	0.01454	0.02023	0.67214	0.04135	0.13876	0.01121	0.00626	0.00170	0.00257	0.02692	0.00569	0.00492
21	0.01158	0.04296	0.03027	0.00813	0.01034	0.00752	0.00646	0.10529	0.01341	0.14569	0.07226	0.26122	0.18479	0.02924	0.04385	0.00219	0.00434	0.00955	0.00496	0.00594
22	0.01452	0.53433	0.02393	0.01085	0.01459	0.09315	0.04017	0.05212	0.04476	0.01412	0.00839	0.00990	0.00737	0.00541	0.00557	0.00138	0.10657	0.00348	0.00261	0.00678
23	0.00698	0.00501	0.00674	0.00793	0.00851	0.00477	0.00583	0.00830	0.01070	0.01412	0.02942	0.59662	0.05141	0.01598	0.00688	0.00221	0.00353	0.20572	0.00490	0.00445
24	0.00765	0.00511	0.00578	0.00581	0.00582	0.00510	0.00325	0.00768	0.00776	0.01035	0.01702	0.05747	0.01968	0.79070	0.02631	0.00504	0.00506	0.00790	0.00325	0.00324
25	0.01405	0.79051	0.02732	0.00921	0.01358	0.02076	0.00913	0.01573	0.01065	0.01245	0.00734	0.00858	0.00679	0.00468	0.00386	0.00117	0.03230	0.00289	0.00226	0.00675
26	0.02357	0.00923	0.01241	0.00952	0.01361	0.00812	0.00786	0.05583	0.01553	0.75427	0.02052	0.01778	0.01292	0.00654	0.00532	0.00163	0.00455	0.00529	0.00649	0.00900
27	0.00690	0.00530	0.00631	0.00623	0.00758	0.00471	0.00461	0.00878	0.01332	0.01771	0.41938	0.12684	0.32839	0.01242	0.00630	0.00176	0.00263	0.01076	0.00537	0.00471
28	0.00650	0.00534	0.00572	0.00568	0.00731	0.00456	0.00424	0.00806	0.01257	0.01563	0.19730	0.07395	0.60885	0.01298	0.00626	0.00177	0.00265	0.01097	0.00509	0.00456
29	0.00668	0.00537	0.00595	0.00581	0.00740	0.00465	0.00435	0.00842	0.01306	0.01669	0.30551	0.04692	0.52563	0.01249	0.00624	0.00174	0.00261	0.01060	0.00523	0.00465
30	0.02010	0.01481	0.01587	0.01216	0.01639	0.01639	0.01005	0.76360	0.02486	0.03332	0.01269	0.01269	0.00899	0.00635	0.00529	0.00159	0.00582	0.00476	0.00529	0.00899
31	0.02058	0.01403	0.01539	0.01180	0.01601	0.01524	0.00974	0.66520	0.02356	0.13355	0.01378	0.01340	0.00954	0.00637	0.00529	0.00159	0.00564	0.00483	0.00546	0.00899
32	0.01060	0.02735	0.78682	0.01507	0.02288	0.01228	0.01953	0.01674	0.01116	0.01674	0.00949	0.01116	0.00670	0.00502	0.00502	0.00167	0.00781	0.00391	0.00223	0.00781
33	0.00742	0.00540	0.00699	0.00659	0.00786	0.00496	0.00494	0.00986	0.01483	0.02087	0.74394	0.04003	0.08459	0.01093	0.00624	0.00167	0.00250	0.00964	0.00578	0.00496
34	0.85155	0.01022	0.00777	0.00695	0.01022	0.01186	0.00573	0.01554	0.00900	0.02372	0.00736	0.00859	0.00573	0.00491	0.00327	0.00164	0.00409	0.00286	0.00327	0.00573
35	0.00877	0.00682	0.00955	0.00906	0.00998	0.00816	0.00706	0.04955	0.00929	0.01341	0.01345	0.02035	0.01273	0.09941	0.57382	0.00693	0.11159	0.00564	0.01945	0.00495
36	0.01060	0.02735	0.78682	0.01507	0.02288	0.01228	0.01953	0.01674	0.01116	0.01674	0.00949	0.01116	0.00670	0.00502	0.00502	0.00167	0.00781	0.00391	0.00223	0.00781
37	0.01308	0.01256	0.02146	0.03245	0.78123	0.01256	0.01622	0.01622	0.01204	0.01727	0.00994	0.01308	0.00837	0.00471	0.00523	0.00157	0.00628	0.00471	0.00262	0.00837
38	0.01096	0.00940	0.01096	0.00783	0.01253	0.00705	0.00626	0.01331	0.01096	0.01723	0.00940	0.01096	0.00783	0.00392	0.00392	0.00078	0.00392	0.00313	0.00313	0.84653
39	0.01732	0.51869	0.02234	0.00945	0.01383	0.01690	0.00880	0.09249	0.01333	0.22407	0.01154	0.01148	0.00871	0.00525	0.00410	0.00131	0.00536	0.00369	0.00372	0.00760
40	0.05317	0.02562	0.07468	0.08151	0.01561	0.00941	0.00874	0.08425	0.04383	0.21076	0.03190	0.01684	0.06583	0.00602	0.00484	0.00141	0.00476	0.00484	0.00430	0.25169
41	0.03178	0.01713	0.26779	0.22707	0.15503	0.06739	0.07119	0.01611	0.01163	0.03767	0.01056	0.01448	0.00830	0.00546	0.00526	0.00169	0.00725	0.03448	0.00265	0.00709
42	0.00625	0.00536	0.00536	0.00536	0.00714	0.00446	0.00402	0.00759	0.01205	0.01428	0.05355	0.05088	0.77909	0.01339	0.00625	0.00179	0.00268	0.01116	0.00491	0.00446
43	0.00769	0.00513	0.00577	0.00577	0.00577	0.00513	0.00320	0.00769	0.00769	0.01025	0.01666	0.03460	0.01922	0.81421	0.02691	0.00513	0.00513	0.00769	0.00320	0.00320
44	0.01189	0.01415	0.13558	0.14718	0.43558	0.01215	0.10007	0.01560	0.01165	0.01642	0.01066	0.04559	0.00896	0.00530	0.00539	0.00166	0.00679	0.00518	0.00262	0.00759
45	0.01986	0.00933	0.01178	0.02633	0.01348	0.00883	0.00772	0.08961	0.09945	0.52218	0.02324	0.02104	0.09160	0.00726	0.00538	0.00166	0.00441	0.00592	0.02261	0.00831
46	0.02372	0.00900	0.01227	0.00941	0.01350	0.00777	0.00777	0.02576	0.01513	0.78489	0.02086	0.01799	0.01309	0.00654	0.00532	0.00164	0.00450	0.00532	0.00654	0.00900
47	0.00644	0.00460	0.00613	0.00736	0.00767	0.00429	0.00491	0.00736	0.01012	0.01350	0.02914	0.81076	0.03497	0.01656	0.00675	0.00215	0.00307	0.01503	0.00491	0.00429
48	0.01412	0.62315	0.14330	0.01032	0.01526	0.05307	0.01076	0.05179	0.01166	0.01412	0.00797	0.00914	0.00688	0.00473	0.00379	0.00125	0.00616	0.00311	0.00242	0.00702
49	0.03666	0.01539	0.07640	0.02103	0.08267	0.06441	0.53642	0.01682	0.01213	0.01660	0.01005	0.01332	0.00775	0.00491	0.00665	0.00176	0.06173	0.00558	0.00264	0.00707

[dist]
# distance from previous block
# <min> <max>
0	4

[block]
# block no. 3 follows, 46 sequences, length 28
# corresponding to MSA columns:
# 377-404
name=unknown_D
#
# <colnr> <probs for GDERKNQSTAVLIFYWHMCP>
#	G	D	E	R	K	N	Q	S	T	A	V	L	I	F	Y	W	H	M	C	P
0	0.00670	0.00530	0.00606	0.00633	0.00764	0.00473	0.00462	0.00842	0.02802	0.01537	0.16059	0.25543	0.42555	0.01374	0.00639	0.00188	0.00284	0.03072	0.00506	0.00459
1	0.25573	0.06017	0.06191	0.01157	0.04822	0.17734	0.00938	0.16364	0.01380	0.02085	0.00942	0.01089	0.00743	0.00571	0.00534	0.00157	0.06996	0.00377	0.05658	0.00671
2	0.00858	0.00566	0.00739	0.00689	0.00834	0.00518	0.00524	0.01097	0.01470	0.07442	0.66359	0.05420	0.07405	0.01082	0.00621	0.00169	0.00271	0.02834	0.00579	0.00523
3	0.04965	0.19574	0.49164	0.03325	0.03687	0.01410	0.03792	0.03075	0.01139	0.03944	0.00937	0.01091	0.00699	0.00496	0.00465	0.00156	0.00702	0.00379	0.00250	0.00750
4	0.02222	0.00926	0.01223	0.00943	0.01343	0.00825	0.00776	0.06494	0.03380	0.67011	0.04614	0.01822	0.01401	0.00660	0.00529	0.00161	0.00447	0.00537	0.00629	0.04057
5	0.15642	0.10375	0.06442	0.03946	0.01469	0.08347	0.00910	0.25789	0.03408	0.04367	0.01412	0.01558	0.05637	0.00636	0.00469	0.00155	0.00551	0.02455	0.05723	0.00708
6	0.01300	0.01236	0.01947	0.25539	0.44941	0.06146	0.04840	0.01616	0.01194	0.04726	0.01015	0.01341	0.00806	0.00499	0.00527	0.00163	0.00676	0.00472	0.00271	0.00747
7	0.01977	0.00866	0.01135	0.00910	0.01258	0.00792	0.00737	0.02336	0.10163	0.56869	0.14886	0.02182	0.01965	0.00734	0.00548	0.00166	0.00412	0.00611	0.00629	0.00825
8	0.00725	0.00534	0.00678	0.00653	0.00778	0.00487	0.00485	0.00948	0.01425	0.01976	0.63157	0.09406	0.14474	0.01154	0.00627	0.00171	0.00256	0.01015	0.00564	0.00487
9	0.01157	0.01157	0.01619	0.01388	0.01388	0.01619	0.01157	0.01272	0.00810	0.01272	0.00694	0.01157	0.00694	0.00925	0.01735	0.00231	0.80453	0.00463	0.00231	0.00578
10	0.00721	0.00539	0.00669	0.00637	0.00773	0.00487	0.00478	0.00946	0.01433	0.01969	0.62054	0.04197	0.20872	0.01137	0.00624	0.00169	0.00253	0.00991	0.00562	0.00487
11	0.85155	0.01022	0.00777	0.00695	0.01022	0.01186	0.00573	0.01554	0.00900	0.02372	0.00736	0.00859	0.00573	0.00491	0.00327	0.00164	0.00409	0.00286	0.00327	0.00573
12	0.01413	0.81739	0.02770	0.00905	0.01357	0.02092	0.00905	0.01583	0.01074	0.01244	0.00735	0.00848	0.00678	0.00452	0.00339	0.00113	0.00565	0.00283	0.00226	0.00678
13	0.01435	0.78706	0.02722	0.00922	0.01367	0.05048	0.00909	0.01603	0.01090	0.01246	0.00738	0.00852	0.00679	0.00456	0.00344	0.00114	0.00580	0.00285	0.00228	0.00676
14	0.01099	0.01943	0.44361	0.03215	0.05526	0.01074	0.10692	0.01555	0.01137	0.05068	0.01280	0.11960	0.01112	0.00648	0.00535	0.00168	0.00678	0.00575	0.00293	0.07082
15	0.08828	0.01275	0.05812	0.03908	0.43446	0.01239	0.06705	0.01834	0.15134	0.03082	0.01293	0.01476	0.02542	0.00540	0.00517	0.00165	0.00588	0.00499	0.00327	0.00790
16	0.02311	0.00956	0.01224	0.00950	0.01346	0.03979	0.00779	0.02514	0.01512	0.73227	0.04124	0.01824	0.01385	0.00662	0.00532	0.00163	0.00465	0.00536	0.00637	0.00877
17	0.01413	0.81739	0.02770	0.00905	0.01357	0.02092	0.00905	0.01583	0.01074	0.01244	0.00735	0.00848	0.00678	0.00452	0.00339	0.00113	0.00565	0.00283	0.00226	0.00678
18	0.01298	0.01246	0.02127	0.05814	0.75635	0.01253	0.01617	0.01613	0.01199	0.01715	0.00993	0.01312	0.00833	0.00473	0.00524	0.00158	0.00631	0.00471	0.00261	0.00829
19	0.16241	0.02128	0.05344	0.00955	0.01236	0.02882	0.05756	0.01553	0.03764	0.16138	0.16351	0.08872	0.04998	0.00972	0.03562	0.00202	0.02855	0.05108	0.00456	0.00626
20	0.85155	0.01022	0.00777	0.00695	0.01022	0.01186	0.00573	0.01554	0.00900	0.02372	0.00736	0.00859	0.00573	0.00491	0.00327	0.00164	0.00409	0.00286	0.00327	0.00573
21	0.02361	0.00917	0.01238	0.00949	0.01358	0.00803	0.00784	0.04813	0.01543	0.76211	0.02061	0.01783	0.01296	0.00654	0.00532	0.00163	0.00454	0.00530	0.00651	0.00900
22	0.01860	0.03678	0.04941	0.01348	0.03329	0.60740	0.01040	0.06262	0.02795	0.04378	0.01008	0.04309	0.00851	0.00597	0.00491	0.00144	0.00856	0.00411	0.00312	0.00650
23	0.05053	0.02732	0.01256	0.00953	0.01345	0.02856	0.00785	0.07439	0.03250	0.62586	0.04795	0.01775	0.01373	0.00658	0.00523	0.00162	0.00464	0.00527	0.00610	0.00860
24	0.00930	0.00604	0.00729	0.00696	0.00877	0.00544	0.00539	0.01154	0.03598	0.11643	0.25296	0.09673	0.32507	0.01191	0.00623	0.00182	0.00314	0.07827	0.00539	0.00534
25	0.82052	0.04014	0.00851	0.00703	0.01035	0.01220	0.00585	0.01555	0.00906	0.02330	0.00736	0.00858	0.00576	0.00489	0.00328	0.00162	0.00415	0.00286	0.00323	0.00576
26	0.00634	0.00524	0.00556	0.00573	0.00726	0.00446	0.00420	0.00768	0.01190	0.01452	0.08728	0.16806	0.62602	0.01375	0.00632	0.00183	0.00273	0.01167	0.00496	0.00446
27	0.01413	0.46604	0.20062	0.01209	0.05043	0.04737	0.02630	0.01697	0.01136	0.07377	0.00909	0.01029	0.00735	0.00498	0.00452	0.00137	0.02997	0.00350	0.00263	0.00722

[dist]
# distance from previous block
# <min> <max>
0	1

[block]
# block no. 4 follows, 46 sequences, length 20
# corresponding to MSA columns:
# 406-425
name=unknown_E
#
# <colnr> <probs for GDERKNQSTAVLIFYWHMCP>
#	G	D	E	R	K	N	Q	S	T	A	V	L	I	F	Y	W	H	M	C	P
0	0.01130	0.00578	0.00603	0.00564	0.00722	0.00580	0.00433	0.05933	0.01217	0.06570	0.01718	0.01918	0.01324	0.00619	0.00389	0.00128	0.00279	0.00494	0.74259	0.00542
1	0.00924	0.00493	0.00751	0.06234	0.00895	0.00509	0.00530	0.00735	0.00714	0.00948	0.00920	0.01593	0.00903	0.01745	0.01959	0.78726	0.00476	0.00460	0.00230	0.00255
2	0.00670	0.00502	0.00721	0.00800	0.00853	0.00468	0.03746	0.00777	0.01022	0.01364	0.02834	0.77651	0.03381	0.01604	0.00673	0.00213	0.00332	0.01465	0.00481	0.00442
3	0.00918	0.00459	0.00689	0.00689	0.00689	0.00459	0.00459	0.00689	0.00689	0.00918	0.00918	0.01607	0.00918	0.01837	0.02066	0.84619	0.00459	0.00459	0.00230	0.00230
4	0.75049	0.01051	0.00942	0.01003	0.10316	0.01194	0.00699	0.01562	0.00936	0.02294	0.00767	0.00913	0.00604	0.00488	0.00351	0.00163	0.00435	0.00309	0.00319	0.00604
5	0.01257	0.02291	0.08299	0.06087	0.15403	0.01062	0.02704	0.12615	0.10789	0.06885	0.15329	0.03428	0.10058	0.00761	0.00555	0.00167	0.00497	0.00655	0.00439	0.00717
6	0.01378	0.73877	0.10325	0.00964	0.01450	0.02006	0.01009	0.01592	0.01078	0.01287	0.00756	0.00875	0.00678	0.00457	0.00355	0.00118	0.00587	0.00293	0.00226	0.00689
7	0.00741	0.00535	0.00700	0.00670	0.00788	0.00494	0.00498	0.00979	0.01462	0.02066	0.72571	0.09377	0.04883	0.01121	0.00627	0.00170	0.00253	0.00995	0.00576	0.00494
8	0.01315	0.01274	0.02143	0.04753	0.66467	0.02700	0.06544	0.03317	0.01238	0.01742	0.01044	0.01421	0.00883	0.00499	0.00534	0.00161	0.00649	0.02232	0.00273	0.00812
9	0.01584	0.01311	0.04561	0.01136	0.01502	0.01401	0.00938	0.27915	0.45414	0.05631	0.01797	0.01689	0.01318	0.00677	0.00533	0.00171	0.00491	0.00545	0.00526	0.00858
10	0.00769	0.00513	0.00577	0.00577	0.00577	0.00513	0.00320	0.00769	0.00769	0.01025	0.01666	0.03460	0.01922	0.81421	0.02691	0.00513	0.00513	0.00769	0.00320	0.00320
11	0.02992	0.02905	0.08098	0.03079	0.06140	0.01305	0.02821	0.32702	0.05485	0.20703	0.02507	0.01489	0.01063	0.02236	0.00617	0.00172	0.03878	0.00497	0.00480	0.00832
12	0.01278	0.45830	0.35194	0.01174	0.01762	0.03796	0.01356	0.01636	0.01104	0.01429	0.00829	0.00965	0.00675	0.00476	0.00413	0.00137	0.00668	0.00330	0.00226	0.00721
13	0.00636	0.00529	0.00555	0.00563	0.00724	0.00449	0.00417	0.00775	0.01211	0.01475	0.10723	0.11467	0.65968	0.01346	0.00629	0.00181	0.00270	0.01136	0.00498	0.00449
14	0.03716	0.01264	0.06521	0.09393	0.05477	0.01149	0.39966	0.03452	0.01261	0.10996	0.02738	0.03275	0.01025	0.00540	0.00564	0.00170	0.00709	0.00582	0.06494	0.00706
15	0.06506	0.25925	0.04855	0.01314	0.08022	0.32097	0.01026	0.01796	0.04050	0.01428	0.00944	0.01100	0.02010	0.00640	0.02766	0.00161	0.04067	0.00367	0.00271	0.00656
16	0.02985	0.00944	0.01574	0.65336	0.03226	0.01158	0.04830	0.01331	0.01033	0.01371	0.00975	0.01488	0.00774	0.03671	0.03625	0.00216	0.04155	0.00487	0.00243	0.00578
17	0.00647	0.00537	0.00568	0.00575	0.00741	0.00458	0.00435	0.00794	0.01222	0.01488	0.10924	0.07860	0.65541	0.01336	0.00632	0.00182	0.00279	0.04831	0.00498	0.00452
18	0.00657	0.00469	0.00620	0.00724	0.00762	0.00438	0.00485	0.00759	0.01043	0.01401	0.09100	0.71739	0.03561	0.04610	0.00746	0.00222	0.00310	0.01430	0.00492	0.00431
19	0.01134	0.00997	0.01077	0.02182	0.02601	0.10269	0.05317	0.02682	0.15662	0.06797	0.16481	0.07635	0.23098	0.00959	0.00582	0.00172	0.00446	0.00818	0.00479	0.00611

[dist]
# distance from previous block
# <min> <max>
0	8

# created by:
# /st0/software/busco_prod/Augustus/scripts/msa2prfl.pl ./align_prep/166043.fa
