[name]
unknown

[dist]
# distance from previous block
# <min> <max>
11	391

[block]
# block no. 0 follows, 42 sequences, length 11
# corresponding to MSA columns:
# 443-453
name=unknown_A
#
# <colnr> <probs for GDERKNQSTAVLIFYWHMCP>
#	G	D	E	R	K	N	Q	S	T	A	V	L	I	F	Y	W	H	M	C	P
0	0.01539	0.13784	0.01670	0.01271	0.07624	0.06940	0.03868	0.15178	0.01537	0.09126	0.09835	0.01923	0.03761	0.04566	0.02232	0.00195	0.05827	0.00565	0.05700	0.02858
1	0.01387	0.03833	0.01230	0.05443	0.03982	0.03374	0.00794	0.21264	0.06289	0.04392	0.08964	0.04327	0.01754	0.17838	0.01140	0.04923	0.00533	0.00647	0.05101	0.02788
2	0.06109	0.01072	0.03684	0.02753	0.03382	0.06836	0.02543	0.11471	0.05518	0.04367	0.21676	0.15020	0.02589	0.01004	0.00664	0.03937	0.00478	0.00805	0.03590	0.02502
3	0.01529	0.01090	0.01206	0.01022	0.01283	0.03421	0.00804	0.31812	0.01809	0.07136	0.08690	0.12797	0.03413	0.04790	0.04719	0.00233	0.04088	0.00739	0.08700	0.00720
4	0.01421	0.01132	0.01328	0.06348	0.03224	0.04751	0.02951	0.27245	0.04143	0.02272	0.04604	0.06377	0.03318	0.04926	0.14685	0.00323	0.02854	0.00640	0.06755	0.00702
5	0.27964	0.01128	0.01373	0.34292	0.06896	0.04120	0.01132	0.05630	0.03152	0.04526	0.01057	0.01333	0.00798	0.00566	0.00485	0.00177	0.00610	0.00439	0.03652	0.00669
6	0.01063	0.01000	0.01688	0.78870	0.03876	0.01250	0.01563	0.01438	0.01125	0.01438	0.01000	0.01500	0.00750	0.00563	0.00563	0.00188	0.00750	0.00500	0.00250	0.00625
7	0.01115	0.01073	0.01874	0.65660	0.10726	0.01272	0.07352	0.01494	0.01156	0.01505	0.01017	0.01492	0.00772	0.00550	0.00570	0.00186	0.00758	0.00513	0.00256	0.00661
8	0.17906	0.08371	0.06442	0.03368	0.03073	0.04375	0.00914	0.06202	0.01373	0.15207	0.07157	0.02636	0.06948	0.00845	0.00549	0.00184	0.00527	0.12769	0.00459	0.00696
9	0.00819	0.00540	0.00695	0.00753	0.00814	0.00510	0.00510	0.00929	0.01121	0.04792	0.12846	0.46443	0.03447	0.19189	0.01187	0.00291	0.00380	0.03767	0.00503	0.00465
10	0.01043	0.00626	0.00781	0.00749	0.00931	0.00556	0.00567	0.01227	0.01380	0.15007	0.23066	0.20160	0.25794	0.01302	0.00664	0.00195	0.00334	0.04468	0.00579	0.00573

[dist]
# distance from previous block
# <min> <max>
0	6

[block]
# block no. 1 follows, 42 sequences, length 11
# corresponding to MSA columns:
# 460-470
name=unknown_B
#
# <colnr> <probs for GDERKNQSTAVLIFYWHMCP>
#	G	D	E	R	K	N	Q	S	T	A	V	L	I	F	Y	W	H	M	C	P
0	0.04603	0.01078	0.01273	0.01007	0.01391	0.01061	0.00819	0.22550	0.05057	0.32664	0.10011	0.02205	0.07482	0.00777	0.00568	0.00170	0.00474	0.00627	0.00600	0.05583
1	0.01258	0.00990	0.01099	0.01024	0.01271	0.01093	0.00784	0.04629	0.45739	0.05405	0.07021	0.16509	0.03794	0.02828	0.00667	0.00206	0.00422	0.03939	0.00563	0.00759
2	0.00791	0.00580	0.00721	0.00774	0.00871	0.00553	0.00550	0.03258	0.03873	0.01650	0.13620	0.45683	0.15315	0.01556	0.00768	0.04369	0.00339	0.03712	0.00525	0.00493
3	0.01520	0.01171	0.01586	0.01156	0.01650	0.01030	0.11467	0.14423	0.01500	0.11006	0.01225	0.01338	0.00924	0.00503	0.00496	0.00124	0.00536	0.00439	0.00409	0.47495
4	0.00892	0.00580	0.00685	0.00702	0.00786	0.00556	0.00468	0.01040	0.03901	0.05753	0.05879	0.27388	0.11736	0.30120	0.01457	0.00326	0.00408	0.01075	0.05777	0.00469
5	0.00752	0.00571	0.00701	0.00766	0.00867	0.00539	0.00548	0.00982	0.05764	0.01634	0.13445	0.45447	0.18774	0.01538	0.00694	0.00213	0.00328	0.05395	0.00538	0.00501
6	0.00906	0.00658	0.00801	0.00839	0.00951	0.00651	0.00618	0.09236	0.01284	0.01683	0.03009	0.38580	0.11700	0.12176	0.00995	0.00266	0.00419	0.14216	0.00502	0.00511
7	0.01260	0.01158	0.01371	0.02816	0.01510	0.05365	0.04405	0.04025	0.05411	0.01819	0.01136	0.04237	0.00980	0.00571	0.00613	0.00126	0.08784	0.00443	0.00346	0.53623
8	0.06227	0.00888	0.01149	0.04449	0.01296	0.00962	0.04896	0.11807	0.01288	0.01911	0.02762	0.20047	0.01778	0.05064	0.00922	0.05104	0.09255	0.02546	0.12458	0.05192
9	0.03991	0.10701	0.04385	0.04311	0.01393	0.03674	0.00924	0.06743	0.05127	0.01764	0.11164	0.11933	0.03936	0.02898	0.04177	0.00228	0.17982	0.00701	0.00389	0.03581
10	0.06799	0.06099	0.12630	0.07853	0.01965	0.03661	0.11159	0.05989	0.04418	0.06836	0.01118	0.01328	0.00863	0.00611	0.00687	0.02083	0.08689	0.00460	0.00337	0.16416

[dist]
# distance from previous block
# <min> <max>
4	20

[block]
# block no. 2 follows, 42 sequences, length 64
# corresponding to MSA columns:
# 491-554
name=unknown_C
#
# <colnr> <probs for GDERKNQSTAVLIFYWHMCP>
#	G	D	E	R	K	N	Q	S	T	A	V	L	I	F	Y	W	H	M	C	P
0	0.01738	0.05486	0.01550	0.01166	0.01540	0.02701	0.08577	0.08766	0.16011	0.26879	0.06521	0.02269	0.07148	0.00776	0.00611	0.00179	0.02413	0.02608	0.00543	0.02519
1	0.03339	0.19052	0.07802	0.04482	0.03941	0.04895	0.01001	0.12707	0.04106	0.06677	0.05160	0.02051	0.05819	0.03667	0.07708	0.00244	0.00672	0.03968	0.00395	0.02313
2	0.01196	0.19597	0.35745	0.05097	0.05541	0.03070	0.03899	0.01654	0.03288	0.01661	0.03842	0.01805	0.08451	0.00657	0.00525	0.00168	0.00688	0.02072	0.00299	0.00744
3	0.06352	0.00890	0.02677	0.02381	0.01198	0.03161	0.00760	0.08848	0.03708	0.08872	0.03841	0.10281	0.05203	0.05308	0.33352	0.00502	0.00924	0.00709	0.00418	0.00614
4	0.01326	0.01271	0.12664	0.01094	0.01434	0.02625	0.02404	0.18432	0.03040	0.07141	0.03707	0.25460	0.02010	0.05298	0.00728	0.00205	0.00533	0.02858	0.00469	0.07300
5	0.00912	0.00726	0.01029	0.09362	0.01368	0.00727	0.05678	0.02773	0.06375	0.03491	0.11445	0.33833	0.14351	0.02922	0.00712	0.00212	0.00428	0.02606	0.00493	0.00559
6	0.00736	0.00579	0.00672	0.00718	0.00867	0.00519	0.00560	0.00904	0.01264	0.01574	0.07806	0.14892	0.44571	0.03196	0.00747	0.00219	0.00352	0.18818	0.00522	0.00483
7	0.01274	0.01301	0.02468	0.25097	0.29994	0.01341	0.26848	0.01669	0.01252	0.01709	0.01069	0.01467	0.00837	0.00510	0.00596	0.00181	0.00789	0.00557	0.00272	0.00768
8	0.03284	0.07731	0.35363	0.05116	0.02109	0.20140	0.02913	0.05454	0.05788	0.05358	0.01107	0.01238	0.00822	0.00570	0.00521	0.00167	0.00801	0.00426	0.00312	0.00780
9	0.18293	0.02350	0.53506	0.01373	0.02064	0.01279	0.01653	0.04438	0.01223	0.07366	0.01062	0.01190	0.00749	0.00549	0.00500	0.00177	0.00718	0.00407	0.00305	0.00800
10	0.00768	0.00570	0.00680	0.00671	0.00819	0.00506	0.00496	0.00962	0.01403	0.03502	0.37402	0.14801	0.32715	0.01330	0.00669	0.00189	0.00286	0.01152	0.00570	0.00509
11	0.03618	0.01050	0.01668	0.64019	0.08458	0.01268	0.01480	0.05010	0.03243	0.01625	0.01146	0.01565	0.02349	0.00586	0.00558	0.00185	0.00711	0.00513	0.00284	0.00663
12	0.01573	0.01565	0.02097	0.04581	0.57077	0.15197	0.01560	0.03605	0.01379	0.04480	0.01072	0.01344	0.00878	0.00528	0.00549	0.00164	0.00725	0.00479	0.00302	0.00846
13	0.00795	0.00573	0.00738	0.00698	0.00823	0.00531	0.00515	0.01038	0.01530	0.02155	0.69326	0.04198	0.06901	0.06749	0.00819	0.00203	0.00286	0.01008	0.00597	0.00516
14	0.00744	0.00533	0.00709	0.00774	0.00851	0.00499	0.00554	0.00916	0.01287	0.01762	0.30567	0.46067	0.04281	0.01518	0.00702	0.00211	0.00318	0.06658	0.00558	0.00489
15	0.01879	0.01447	0.01542	0.01242	0.01646	0.01623	0.01007	0.49518	0.28388	0.03126	0.01682	0.01615	0.01225	0.00707	0.00566	0.00177	0.00558	0.00552	0.00566	0.00934
16	0.01393	0.01332	0.02246	0.03368	0.73886	0.01339	0.01696	0.01775	0.04075	0.01858	0.01105	0.01419	0.00922	0.00511	0.00558	0.00168	0.00660	0.00506	0.00290	0.00891
17	0.50988	0.01073	0.03801	0.00840	0.01190	0.01095	0.00710	0.03257	0.03150	0.15963	0.09090	0.04101	0.01386	0.00671	0.00450	0.00177	0.00441	0.00486	0.00452	0.00682
18	0.01388	0.01347	0.02228	0.08488	0.70009	0.03166	0.01701	0.01720	0.01278	0.01801	0.01050	0.01391	0.00878	0.00507	0.00556	0.00168	0.00682	0.00498	0.00277	0.00868
19	0.02494	0.01008	0.01337	0.01025	0.01461	0.00901	0.00847	0.08549	0.01694	0.71177	0.02150	0.01870	0.01358	0.00695	0.00566	0.00174	0.00490	0.00561	0.00686	0.00958
20	0.02487	0.00959	0.01302	0.00997	0.01434	0.00825	0.00823	0.02706	0.01598	0.75010	0.02186	0.01895	0.01378	0.00689	0.00562	0.00172	0.00477	0.00559	0.00686	0.03256
21	0.81957	0.01102	0.00851	0.00755	0.01106	0.01276	0.00622	0.03652	0.01004	0.02553	0.00799	0.00926	0.00619	0.00527	0.00354	0.00174	0.00440	0.00310	0.00354	0.00619
22	0.00791	0.00575	0.00749	0.00739	0.00866	0.00533	0.00562	0.01035	0.01504	0.02090	0.59021	0.10555	0.09198	0.01256	0.00680	0.00190	0.00297	0.08243	0.00596	0.00520
23	0.00686	0.00490	0.00653	0.00784	0.00816	0.00457	0.00522	0.00784	0.01077	0.01437	0.03102	0.79855	0.03722	0.01763	0.00718	0.00229	0.00326	0.01600	0.00522	0.00457
24	0.01063	0.01000	0.01688	0.78870	0.03876	0.01250	0.01563	0.01438	0.01125	0.01438	0.01000	0.01500	0.00750	0.00563	0.00563	0.00188	0.00750	0.00500	0.00250	0.00625
25	0.00703	0.00501	0.00668	0.00794	0.00832	0.00472	0.00541	0.00808	0.01083	0.01441	0.03053	0.72934	0.03640	0.04182	0.00788	0.00240	0.00345	0.05999	0.00517	0.00457
26	0.01271	0.00714	0.00928	0.00805	0.01025	0.00659	0.00627	0.04963	0.01647	0.20093	0.55231	0.03525	0.04173	0.01020	0.00636	0.00176	0.00333	0.00886	0.00635	0.00653
27	0.00818	0.00546	0.00614	0.00614	0.00614	0.00546	0.00341	0.00818	0.00818	0.01091	0.01773	0.03683	0.02046	0.80222	0.02864	0.00546	0.00546	0.00818	0.00341	0.00341
28	0.01231	0.01231	0.01724	0.01477	0.01477	0.01724	0.01231	0.01354	0.00862	0.01354	0.00739	0.01231	0.00739	0.00985	0.01847	0.00246	0.79192	0.00492	0.00246	0.00616
29	0.01505	0.80561	0.02949	0.00963	0.01444	0.02227	0.00963	0.01685	0.01143	0.01324	0.00782	0.00903	0.00722	0.00481	0.00361	0.00120	0.00602	0.00301	0.00241	0.00722
30	0.02525	0.00958	0.01306	0.01001	0.01437	0.00827	0.00827	0.02743	0.01611	0.77102	0.02220	0.01915	0.01393	0.00697	0.00566	0.00174	0.00479	0.00566	0.00697	0.00958
31	0.84197	0.01088	0.00827	0.00740	0.01088	0.01262	0.00609	0.01654	0.00958	0.02525	0.00784	0.00914	0.00609	0.00522	0.00348	0.00174	0.00435	0.00305	0.00348	0.00609
32	0.01389	0.01199	0.01267	0.01130	0.01457	0.01369	0.00880	0.02915	0.72144	0.02329	0.02229	0.02055	0.01676	0.00747	0.00565	0.00186	0.00444	0.00622	0.00561	0.04834
33	0.00817	0.00550	0.00636	0.00636	0.00644	0.00558	0.00369	0.00833	0.00825	0.01108	0.01753	0.03569	0.01997	0.74370	0.08649	0.00573	0.00620	0.00802	0.00338	0.00353
34	0.01358	0.37455	0.34942	0.01368	0.01998	0.05378	0.06995	0.01763	0.01198	0.01560	0.00911	0.01077	0.00728	0.00509	0.00466	0.00152	0.00747	0.00381	0.00245	0.00769
35	0.00887	0.03051	0.00860	0.00826	0.00986	0.00699	0.00639	0.04620	0.07592	0.01775	0.12233	0.25726	0.22100	0.01392	0.00679	0.00209	0.00376	0.14270	0.00531	0.00550
36	0.08007	0.37585	0.06398	0.01243	0.06719	0.08098	0.01059	0.11715	0.01440	0.11359	0.01080	0.01151	0.00841	0.00550	0.00449	0.00146	0.00628	0.00388	0.00356	0.00787
37	0.09523	0.42773	0.27724	0.01166	0.01744	0.01782	0.01301	0.01777	0.04692	0.01646	0.00931	0.01057	0.00755	0.00517	0.00428	0.00149	0.00655	0.00356	0.00266	0.00756
38	0.01717	0.05986	0.01907	0.04903	0.28680	0.37754	0.01325	0.01997	0.04399	0.01581	0.00990	0.01214	0.00826	0.00570	0.00576	0.00159	0.03945	0.00430	0.00292	0.00749
39	0.01885	0.01455	0.01662	0.01354	0.04184	0.01593	0.04535	0.54386	0.12896	0.03119	0.01717	0.01703	0.05432	0.00716	0.00575	0.00174	0.00592	0.00572	0.00539	0.00908
40	0.84197	0.01088	0.00827	0.00740	0.01088	0.01262	0.00609	0.01654	0.00958	0.02525	0.00784	0.00914	0.00609	0.00522	0.00348	0.00174	0.00435	0.00305	0.00348	0.00609
41	0.84197	0.01088	0.00827	0.00740	0.01088	0.01262	0.00609	0.01654	0.00958	0.02525	0.00784	0.00914	0.00609	0.00522	0.00348	0.00174	0.00435	0.00305	0.00348	0.00609
42	0.00876	0.00638	0.00864	0.00977	0.01115	0.00626	0.00846	0.01121	0.01294	0.01663	0.03324	0.06230	0.12512	0.01538	0.00763	0.00250	0.00489	0.63842	0.00519	0.00513
43	0.02102	0.02682	0.01595	0.01450	0.01740	0.77963	0.01087	0.02247	0.01595	0.01377	0.00870	0.01015	0.00725	0.00580	0.00507	0.00145	0.01015	0.00362	0.00290	0.00652
44	0.84197	0.01088	0.00827	0.00740	0.01088	0.01262	0.00609	0.01654	0.00958	0.02525	0.00784	0.00914	0.00609	0.00522	0.00348	0.00174	0.00435	0.00305	0.00348	0.00609
45	0.02139	0.01576	0.01689	0.01295	0.01745	0.01745	0.01070	0.74835	0.02646	0.03547	0.01351	0.01351	0.00957	0.00676	0.00563	0.00169	0.00619	0.00507	0.00563	0.00957
46	0.00677	0.00563	0.00592	0.00601	0.00772	0.00478	0.00445	0.00826	0.01289	0.01571	0.11103	0.12147	0.64133	0.01434	0.00670	0.00193	0.00287	0.01212	0.00530	0.00478
47	0.00884	0.00605	0.00731	0.00702	0.00869	0.00542	0.00525	0.01108	0.02850	0.07723	0.35933	0.14044	0.28827	0.01279	0.00662	0.00188	0.00300	0.01107	0.00579	0.00543
48	0.00796	0.00585	0.00841	0.00853	0.00933	0.00660	0.00636	0.00959	0.00907	0.01287	0.01684	0.09178	0.01699	0.14815	0.60582	0.00795	0.01268	0.00720	0.00326	0.00476
49	0.01129	0.02911	0.77306	0.01604	0.02436	0.01307	0.02079	0.01782	0.01188	0.01782	0.01010	0.01188	0.00713	0.00535	0.00535	0.00178	0.00832	0.00416	0.00238	0.00832
50	0.00739	0.00510	0.00678	0.00780	0.00833	0.00473	0.00530	0.00858	0.01146	0.03220	0.11095	0.69841	0.03844	0.01672	0.00709	0.00222	0.00323	0.01513	0.00537	0.00476
51	0.01352	0.48955	0.33215	0.01224	0.01848	0.01852	0.01417	0.01725	0.01162	0.01511	0.00875	0.01019	0.00718	0.00503	0.00432	0.00144	0.00695	0.00348	0.00239	0.00767
52	0.01063	0.01000	0.01688	0.78870	0.03876	0.01250	0.01563	0.01438	0.01125	0.01438	0.01000	0.01500	0.00750	0.00563	0.00563	0.00188	0.00750	0.00500	0.00250	0.00625
53	0.01154	0.00983	0.01146	0.00825	0.01307	0.00743	0.00655	0.01395	0.01154	0.01806	0.01029	0.01261	0.00879	0.03413	0.00509	0.00101	0.00422	0.00352	0.00334	0.80534
54	0.01129	0.02911	0.77306	0.01604	0.02436	0.01307	0.02079	0.01782	0.01188	0.01782	0.01010	0.01188	0.00713	0.00535	0.00535	0.00178	0.00832	0.00416	0.00238	0.00832
55	0.02104	0.02630	0.01599	0.01442	0.01740	0.74345	0.01087	0.05693	0.01645	0.01480	0.00893	0.01031	0.00736	0.00584	0.00510	0.00146	0.00996	0.00369	0.00303	0.00667
56	0.01858	0.01060	0.01535	0.03846	0.15792	0.01026	0.04517	0.02336	0.13317	0.37728	0.07750	0.02064	0.03147	0.00706	0.00580	0.00177	0.00519	0.00615	0.00555	0.00872
57	0.84197	0.01088	0.00827	0.00740	0.01088	0.01262	0.00609	0.01654	0.00958	0.02525	0.00784	0.00914	0.00609	0.00522	0.00348	0.00174	0.00435	0.00305	0.00348	0.00609
58	0.00686	0.00490	0.00653	0.00784	0.00816	0.00457	0.00522	0.00784	0.01077	0.01437	0.03102	0.79855	0.03722	0.01763	0.00718	0.00229	0.00326	0.01600	0.00522	0.00457
59	0.06715	0.01668	0.04275	0.04649	0.42818	0.17409	0.04941	0.07487	0.01428	0.01902	0.01025	0.01284	0.00833	0.00534	0.00539	0.00165	0.00743	0.00466	0.00306	0.00814
60	0.01369	0.01310	0.02113	0.16940	0.57508	0.03168	0.01640	0.03564	0.03602	0.01814	0.01089	0.01424	0.00889	0.00527	0.00558	0.00171	0.00683	0.00502	0.00290	0.00839
61	0.01924	0.01449	0.01573	0.01193	0.01654	0.01525	0.00980	0.58557	0.02318	0.03167	0.01273	0.01310	0.00930	0.00618	0.00531	0.00150	0.00574	0.00468	0.00512	0.19295
62	0.00713	0.00527	0.00656	0.00715	0.00799	0.00482	0.00495	0.00850	0.01215	0.01611	0.19351	0.44313	0.18594	0.05967	0.00816	0.00227	0.00317	0.01348	0.00533	0.00470
63	0.01393	0.01337	0.02284	0.03454	0.76712	0.01337	0.01727	0.01727	0.01281	0.01839	0.01059	0.01393	0.00891	0.00501	0.00557	0.00167	0.00669	0.00501	0.00279	0.00891

[dist]
# distance from previous block
# <min> <max>
0	7

[block]
# block no. 3 follows, 42 sequences, length 15
# corresponding to MSA columns:
# 562-576
name=unknown_D
#
# <colnr> <probs for GDERKNQSTAVLIFYWHMCP>
#	G	D	E	R	K	N	Q	S	T	A	V	L	I	F	Y	W	H	M	C	P
0	0.00714	0.00572	0.00637	0.00621	0.00790	0.00496	0.00466	0.00901	0.01397	0.01792	0.31775	0.04969	0.50240	0.01324	0.00665	0.00185	0.00278	0.01125	0.00558	0.00496
1	0.00693	0.00504	0.00654	0.00758	0.00813	0.00465	0.00515	0.00809	0.01140	0.01514	0.09558	0.66797	0.10342	0.01681	0.00709	0.00221	0.00318	0.01514	0.00531	0.00465
2	0.06363	0.08022	0.36468	0.03071	0.02077	0.01308	0.10431	0.06974	0.03084	0.07708	0.01329	0.08298	0.01087	0.00661	0.00548	0.00179	0.00706	0.00561	0.00342	0.00783
3	0.01369	0.01477	0.08971	0.03289	0.70091	0.01334	0.01759	0.01732	0.01273	0.01834	0.01054	0.01375	0.00876	0.00504	0.00555	0.00168	0.00683	0.00494	0.00275	0.00886
4	0.02217	0.00933	0.01236	0.00978	0.01366	0.00841	0.00797	0.02559	0.08026	0.61504	0.11270	0.02210	0.01899	0.00758	0.00578	0.00176	0.00450	0.00627	0.00676	0.00900
5	0.01364	0.01308	0.02233	0.09987	0.70402	0.01330	0.01713	0.01702	0.01268	0.01804	0.01054	0.01402	0.00879	0.00507	0.00558	0.00169	0.00676	0.00501	0.00276	0.00868
6	0.06502	0.03881	0.09098	0.08363	0.17525	0.05978	0.01228	0.13030	0.09595	0.09175	0.03584	0.01815	0.04994	0.00674	0.00550	0.00174	0.00614	0.01998	0.00417	0.00804
7	0.09532	0.05200	0.31834	0.01549	0.06861	0.03023	0.11273	0.01734	0.01269	0.07220	0.07034	0.01945	0.01360	0.00672	0.00561	0.00182	0.00695	0.06957	0.00346	0.00753
8	0.00785	0.00577	0.00684	0.00667	0.00823	0.00510	0.00496	0.00981	0.01412	0.04237	0.37138	0.12230	0.34789	0.01312	0.00667	0.00188	0.00287	0.01133	0.00572	0.00514
9	0.01414	0.53269	0.25871	0.01182	0.01763	0.05147	0.01313	0.01739	0.01176	0.01468	0.00856	0.00996	0.00719	0.00502	0.00421	0.00139	0.00690	0.00339	0.00242	0.00753
10	0.01600	0.03446	0.18629	0.03114	0.09583	0.09562	0.05450	0.03444	0.02468	0.19799	0.03366	0.07350	0.01308	0.00690	0.00559	0.00170	0.00655	0.01698	0.00414	0.06694
11	0.00911	0.06372	0.00971	0.03848	0.03929	0.00765	0.00637	0.01227	0.07961	0.03779	0.18735	0.07787	0.38662	0.01172	0.00627	0.00183	0.00358	0.00992	0.00511	0.00575
12	0.01171	0.01210	0.02377	0.16845	0.06122	0.01227	0.39406	0.01541	0.01251	0.01700	0.08342	0.04915	0.01433	0.05241	0.00825	0.00212	0.04493	0.00695	0.00320	0.00675
13	0.01306	0.01305	0.07039	0.01358	0.06418	0.01102	0.10597	0.09139	0.01324	0.01963	0.01036	0.01253	0.00836	0.00514	0.00605	0.00132	0.07377	0.00425	0.00333	0.45938
14	0.00877	0.00593	0.00778	0.00722	0.00869	0.00545	0.00545	0.01141	0.01594	0.05757	0.72945	0.04097	0.05127	0.01129	0.00659	0.00177	0.00275	0.00997	0.00623	0.00551

[dist]
# distance from previous block
# <min> <max>
0	4

[block]
# block no. 4 follows, 42 sequences, length 32
# corresponding to MSA columns:
# 581-612
name=unknown_E
#
# <colnr> <probs for GDERKNQSTAVLIFYWHMCP>
#	G	D	E	R	K	N	Q	S	T	A	V	L	I	F	Y	W	H	M	C	P
0	0.02108	0.01558	0.01672	0.01280	0.01732	0.01713	0.01057	0.72456	0.02598	0.03491	0.01340	0.01345	0.00953	0.00667	0.00558	0.00166	0.00613	0.00501	0.00556	0.03637
1	0.00968	0.00493	0.00734	0.00732	0.00739	0.00491	0.00491	0.00750	0.00777	0.01043	0.04816	0.01838	0.01198	0.01914	0.02121	0.79380	0.00477	0.00516	0.00263	0.00259
2	0.02505	0.00989	0.01325	0.01016	0.01452	0.00874	0.00839	0.06411	0.01663	0.73359	0.02176	0.01887	0.01371	0.00695	0.00566	0.00174	0.00486	0.00563	0.00690	0.00958
3	0.01505	0.80561	0.02949	0.00963	0.01444	0.02227	0.00963	0.01685	0.01143	0.01324	0.00782	0.00903	0.00722	0.00481	0.00361	0.00120	0.00602	0.00301	0.00241	0.00722
4	0.00795	0.00577	0.00764	0.00867	0.00965	0.00553	0.00683	0.00976	0.01216	0.01588	0.06998	0.32027	0.11035	0.04357	0.00812	0.00247	0.00414	0.34120	0.00519	0.00487
5	0.00665	0.00570	0.00570	0.00570	0.00760	0.00475	0.00428	0.00808	0.01283	0.01520	0.05701	0.05416	0.76483	0.01425	0.00665	0.00190	0.00285	0.01188	0.00523	0.00475
6	0.02474	0.01039	0.01356	0.01040	0.01477	0.00948	0.00859	0.12203	0.01747	0.67449	0.02106	0.01841	0.01336	0.00694	0.00566	0.00173	0.00497	0.00558	0.00679	0.00958
7	0.00782	0.00563	0.00740	0.00729	0.00845	0.00522	0.00540	0.01020	0.01502	0.02110	0.62707	0.16409	0.05000	0.01260	0.00675	0.00187	0.00282	0.03006	0.00601	0.00519
8	0.10443	0.00990	0.01271	0.00985	0.01412	0.00898	0.00813	0.04863	0.01579	0.67589	0.02054	0.01801	0.01304	0.00679	0.00545	0.00174	0.00479	0.00539	0.00659	0.00924
9	0.84197	0.01088	0.00827	0.00740	0.01088	0.01262	0.00609	0.01654	0.00958	0.02525	0.00784	0.00914	0.00609	0.00522	0.00348	0.00174	0.00435	0.00305	0.00348	0.00609
10	0.02469	0.01048	0.01362	0.01044	0.01481	0.00961	0.00862	0.13217	0.01761	0.66415	0.02094	0.01833	0.01330	0.00693	0.00566	0.00173	0.00499	0.00557	0.00677	0.00958
11	0.01169	0.02596	0.66372	0.01491	0.02237	0.01211	0.01873	0.01764	0.01247	0.05636	0.08055	0.01504	0.01173	0.00600	0.00548	0.00178	0.00761	0.00479	0.00296	0.00810
12	0.02507	0.00986	0.01324	0.01015	0.01451	0.00869	0.00838	0.06044	0.01658	0.73733	0.02180	0.01890	0.01373	0.00696	0.00566	0.00174	0.00485	0.00563	0.00690	0.00958
13	0.00792	0.00575	0.00746	0.00703	0.00838	0.00529	0.00527	0.01053	0.01582	0.02230	0.73804	0.04248	0.07938	0.01161	0.00664	0.00177	0.00266	0.01024	0.00616	0.00529
14	0.01894	0.01428	0.06638	0.01189	0.01595	0.01412	0.01011	0.49802	0.02160	0.11540	0.01611	0.08441	0.01310	0.06420	0.00739	0.00202	0.00587	0.00625	0.00537	0.00861
15	0.00734	0.00659	0.04537	0.00752	0.00897	0.00528	0.00586	0.00917	0.01269	0.01679	0.21108	0.34796	0.24769	0.01454	0.00682	0.00204	0.00331	0.03069	0.00531	0.00500
16	0.01049	0.00525	0.00525	0.00525	0.00656	0.00525	0.00393	0.01311	0.01180	0.02098	0.01836	0.02098	0.01442	0.00656	0.00393	0.00131	0.00262	0.00525	0.83346	0.00525
17	0.80014	0.05108	0.00934	0.00751	0.01106	0.01311	0.00627	0.01656	0.00967	0.02464	0.00784	0.00914	0.00615	0.00520	0.00349	0.00171	0.00444	0.00305	0.00343	0.00615
18	0.84197	0.01088	0.00827	0.00740	0.01088	0.01262	0.00609	0.01654	0.00958	0.02525	0.00784	0.00914	0.00609	0.00522	0.00348	0.00174	0.00435	0.00305	0.00348	0.00609
19	0.01167	0.01000	0.01167	0.00834	0.01334	0.00750	0.00667	0.01417	0.01167	0.01834	0.01000	0.01167	0.00834	0.00417	0.00417	0.00083	0.00417	0.00333	0.00333	0.83663
20	0.01403	0.01481	0.15410	0.01538	0.14461	0.03667	0.01185	0.08507	0.17940	0.08105	0.06819	0.03734	0.05472	0.03586	0.00650	0.00188	0.00571	0.00616	0.00441	0.04226
21	0.00665	0.00570	0.00570	0.00570	0.00760	0.00475	0.00428	0.00808	0.01283	0.01520	0.05701	0.05416	0.76483	0.01425	0.00665	0.00190	0.00285	0.01188	0.00523	0.00475
22	0.01208	0.02727	0.01418	0.02781	0.01546	0.00875	0.07234	0.03145	0.01214	0.01851	0.01016	0.01204	0.00834	0.00433	0.00444	0.00098	0.00480	0.00370	0.00331	0.70793
23	0.00777	0.00572	0.00728	0.00694	0.00830	0.00522	0.00519	0.01023	0.01540	0.02144	0.65726	0.06795	0.13628	0.01203	0.00666	0.00180	0.00270	0.01057	0.00605	0.00522
24	0.01230	0.01144	0.03369	0.28910	0.05256	0.01166	0.19873	0.06053	0.02901	0.04961	0.09045	0.04921	0.03316	0.00675	0.00600	0.00181	0.00680	0.00651	0.00363	0.04702
25	0.00696	0.00501	0.00662	0.00781	0.00826	0.00467	0.00532	0.00807	0.01110	0.01476	0.05766	0.72123	0.06381	0.01723	0.00716	0.00226	0.00329	0.03889	0.00526	0.00462
26	0.84197	0.01088	0.00827	0.00740	0.01088	0.01262	0.00609	0.01654	0.00958	0.02525	0.00784	0.00914	0.00609	0.00522	0.00348	0.00174	0.00435	0.00305	0.00348	0.00609
27	0.01063	0.01000	0.01688	0.78870	0.03876	0.01250	0.01563	0.01438	0.01125	0.01438	0.01000	0.01500	0.00750	0.00563	0.00563	0.00188	0.00750	0.00500	0.00250	0.00625
28	0.00746	0.03427	0.00831	0.02762	0.00976	0.00575	0.02562	0.00875	0.01121	0.01461	0.03239	0.61222	0.12690	0.01603	0.00695	0.00219	0.00364	0.03650	0.00499	0.00483
29	0.01505	0.80561	0.02949	0.00963	0.01444	0.02227	0.00963	0.01685	0.01143	0.01324	0.00782	0.00903	0.00722	0.00481	0.00361	0.00120	0.00602	0.00301	0.00241	0.00722
30	0.02169	0.01344	0.01525	0.01185	0.01608	0.01418	0.00972	0.50589	0.02270	0.24067	0.01690	0.05773	0.01230	0.00741	0.00572	0.00174	0.00564	0.00583	0.00598	0.00930
31	0.04467	0.00972	0.01252	0.12270	0.04909	0.01037	0.00985	0.15216	0.06820	0.07883	0.03902	0.12253	0.02037	0.01020	0.00628	0.00202	0.00533	0.19749	0.00486	0.03379

[dist]
# distance from previous block
# <min> <max>
0	5

[block]
# block no. 5 follows, 42 sequences, length 28
# corresponding to MSA columns:
# 618-645
name=unknown_F
#
# <colnr> <probs for GDERKNQSTAVLIFYWHMCP>
#	G	D	E	R	K	N	Q	S	T	A	V	L	I	F	Y	W	H	M	C	P
0	0.06383	0.01303	0.13344	0.01300	0.04937	0.02706	0.10020	0.04537	0.11617	0.03975	0.19637	0.09171	0.04455	0.00880	0.00605	0.00187	0.00542	0.03246	0.00457	0.00699
1	0.01434	0.01029	0.01261	0.00924	0.01406	0.00832	0.02524	0.03662	0.04212	0.14532	0.01268	0.01343	0.00966	0.00486	0.00458	0.00108	0.00447	0.00397	0.00409	0.62304
2	0.01505	0.80561	0.02949	0.00963	0.01444	0.02227	0.00963	0.01685	0.01143	0.01324	0.00782	0.00903	0.00722	0.00481	0.00361	0.00120	0.00602	0.00301	0.00241	0.00722
3	0.01275	0.01013	0.01189	0.00856	0.01351	0.00781	0.00687	0.03430	0.01233	0.06468	0.01084	0.01217	0.00871	0.00441	0.00430	0.00091	0.00426	0.00352	0.00362	0.76443
4	0.01243	0.02312	0.52059	0.01497	0.02169	0.01247	0.06940	0.06161	0.05679	0.05123	0.08895	0.01614	0.01296	0.00622	0.00562	0.00179	0.00732	0.00520	0.00338	0.00812
5	0.80195	0.04935	0.00930	0.00751	0.01106	0.01309	0.00627	0.01656	0.00967	0.02467	0.00784	0.00914	0.00615	0.00520	0.00349	0.00172	0.00443	0.00305	0.00343	0.00615
6	0.01352	0.01312	0.02287	0.11788	0.63688	0.01333	0.06559	0.01700	0.01267	0.01791	0.01057	0.01413	0.00873	0.00506	0.00565	0.00171	0.00696	0.00512	0.00276	0.00853
7	0.00714	0.00510	0.00686	0.00816	0.00862	0.00482	0.00572	0.00833	0.01106	0.01469	0.03086	0.70328	0.03659	0.01736	0.00726	0.00233	0.00351	0.10844	0.00522	0.00465
8	0.01167	0.01000	0.01167	0.00834	0.01334	0.00750	0.00667	0.01417	0.01167	0.01834	0.01000	0.01167	0.00834	0.00417	0.00417	0.00083	0.00417	0.00333	0.00333	0.83663
9	0.01150	0.02238	0.50365	0.04186	0.02260	0.01174	0.09616	0.01673	0.01201	0.03807	0.01246	0.08395	0.01033	0.00634	0.00556	0.00175	0.00746	0.00549	0.00291	0.08706
10	0.01129	0.02911	0.77306	0.01604	0.02436	0.01307	0.02079	0.01782	0.01188	0.01782	0.01010	0.01188	0.00713	0.00535	0.00535	0.00178	0.00832	0.00416	0.00238	0.00832
11	0.01765	0.01391	0.01478	0.01219	0.01603	0.01571	0.00979	0.38509	0.39581	0.02944	0.01826	0.01730	0.01342	0.00720	0.00568	0.00180	0.00531	0.00572	0.00568	0.00924
12	0.00737	0.00525	0.00680	0.00786	0.00828	0.00500	0.00525	0.02889	0.01103	0.01471	0.02954	0.72009	0.03520	0.07518	0.00872	0.00250	0.00351	0.01511	0.00510	0.00463
13	0.05173	0.54288	0.02398	0.01015	0.01442	0.06891	0.00934	0.07043	0.08975	0.01691	0.04696	0.01228	0.01062	0.00565	0.00421	0.00138	0.00590	0.00389	0.00324	0.00737
14	0.07894	0.00953	0.01255	0.00974	0.01392	0.00846	0.00802	0.02611	0.01567	0.69494	0.04750	0.01930	0.01480	0.00701	0.00555	0.00174	0.00468	0.00565	0.00671	0.00919
15	0.01779	0.01243	0.01377	0.01103	0.01467	0.01322	0.00884	0.41634	0.09815	0.10356	0.06475	0.05148	0.03386	0.06154	0.00728	0.00196	0.00529	0.00632	0.00551	0.05225
16	0.30922	0.01258	0.04137	0.02792	0.01571	0.01271	0.05777	0.17648	0.05193	0.22104	0.01390	0.01390	0.00966	0.00611	0.00494	0.00175	0.00542	0.00465	0.00486	0.00807
17	0.00697	0.00498	0.00665	0.00796	0.00833	0.00466	0.00541	0.00802	0.01088	0.01449	0.03096	0.76248	0.03698	0.01753	0.00721	0.00230	0.00336	0.05100	0.00522	0.00460
18	0.01353	0.01296	0.02212	0.12565	0.67913	0.01327	0.01707	0.01692	0.01263	0.01790	0.01052	0.01406	0.00874	0.00509	0.00558	0.00170	0.00678	0.00501	0.00275	0.00859
19	0.01332	0.01653	0.15694	0.07537	0.11718	0.01390	0.31303	0.05285	0.14465	0.01954	0.01309	0.01538	0.00983	0.00555	0.00600	0.00184	0.00776	0.00577	0.00337	0.00811
20	0.01264	0.00720	0.00783	0.00714	0.00907	0.00736	0.00549	0.11335	0.04141	0.07242	0.05580	0.08681	0.01767	0.00783	0.00475	0.00152	0.00337	0.00644	0.52570	0.00620
21	0.00818	0.00546	0.00614	0.00614	0.00614	0.00546	0.00341	0.00818	0.00818	0.01091	0.01773	0.03683	0.02046	0.80222	0.02864	0.00546	0.00546	0.00818	0.00341	0.00341
22	0.04243	0.01460	0.07454	0.06299	0.11676	0.03048	0.39352	0.06201	0.01356	0.01877	0.01332	0.07724	0.01155	0.00646	0.00624	0.00189	0.00793	0.03500	0.00326	0.00744
23	0.01382	0.01329	0.07361	0.35695	0.21705	0.03435	0.01499	0.07405	0.06156	0.06816	0.01204	0.01491	0.00904	0.00576	0.00559	0.00178	0.00695	0.00504	0.00332	0.00774
24	0.01393	0.01337	0.02284	0.03454	0.76712	0.01337	0.01727	0.01727	0.01281	0.01839	0.01059	0.01393	0.00891	0.00501	0.00557	0.00167	0.00669	0.00501	0.00279	0.00891
25	0.84197	0.01088	0.00827	0.00740	0.01088	0.01262	0.00609	0.01654	0.00958	0.02525	0.00784	0.00914	0.00609	0.00522	0.00348	0.00174	0.00435	0.00305	0.00348	0.00609
26	0.00794	0.00535	0.00621	0.00645	0.00651	0.00529	0.00375	0.00812	0.00866	0.01155	0.02019	0.17756	0.02356	0.65726	0.02468	0.00487	0.00505	0.00963	0.00375	0.00362
27	0.02082	0.01514	0.01627	0.01259	0.01694	0.01672	0.01036	0.67308	0.06418	0.05330	0.01435	0.01424	0.01021	0.00680	0.00559	0.00169	0.00597	0.00515	0.02716	0.00942

[dist]
# distance from previous block
# <min> <max>
0	8

[block]
# block no. 6 follows, 42 sequences, length 34
# corresponding to MSA columns:
# 654-687
name=unknown_G
#
# <colnr> <probs for GDERKNQSTAVLIFYWHMCP>
#	G	D	E	R	K	N	Q	S	T	A	V	L	I	F	Y	W	H	M	C	P
0	0.01477	0.01183	0.01271	0.01124	0.01457	0.01334	0.00878	0.02917	0.67538	0.07976	0.02241	0.02054	0.01663	0.00747	0.00567	0.00186	0.00447	0.00621	0.00574	0.03747
1	0.01328	0.01518	0.03321	0.02372	0.02941	0.01423	0.74668	0.01803	0.01328	0.01803	0.01139	0.01518	0.00854	0.00474	0.00664	0.00190	0.00949	0.00664	0.00285	0.00759
2	0.01144	0.06706	0.69675	0.01567	0.02356	0.01335	0.03815	0.01759	0.01200	0.01772	0.03007	0.01262	0.00839	0.00547	0.00533	0.00176	0.00808	0.00432	0.00249	0.00816
3	0.00729	0.00520	0.00702	0.00833	0.00884	0.00494	0.00597	0.00858	0.01120	0.01485	0.03078	0.65553	0.03628	0.01723	0.00730	0.00234	0.00364	0.15477	0.00522	0.00469
4	0.00796	0.00575	0.00752	0.00708	0.00841	0.00531	0.00531	0.01062	0.01593	0.02257	0.76415	0.04204	0.05310	0.01150	0.00664	0.00177	0.00265	0.01018	0.00619	0.00531
5	0.02174	0.00880	0.01193	0.00942	0.01315	0.00767	0.00767	0.02401	0.01607	0.61887	0.17302	0.02381	0.02189	0.00789	0.00586	0.00175	0.00435	0.00658	0.00681	0.00871
6	0.00686	0.00490	0.00653	0.00784	0.00816	0.00457	0.00522	0.00784	0.01077	0.01437	0.03102	0.79855	0.03722	0.01763	0.00718	0.00229	0.00326	0.01600	0.00522	0.00457
7	0.02139	0.01576	0.01689	0.01295	0.01745	0.01745	0.01070	0.74835	0.02646	0.03547	0.01351	0.01351	0.00957	0.00676	0.00563	0.00169	0.00619	0.00507	0.00563	0.00957
8	0.84197	0.01088	0.00827	0.00740	0.01088	0.01262	0.00609	0.01654	0.00958	0.02525	0.00784	0.00914	0.00609	0.00522	0.00348	0.00174	0.00435	0.00305	0.00348	0.00609
9	0.02525	0.00958	0.01306	0.01001	0.01437	0.00827	0.00827	0.02743	0.01611	0.77102	0.02220	0.01915	0.01393	0.00697	0.00566	0.00174	0.00479	0.00566	0.00697	0.00958
10	0.01231	0.01231	0.01724	0.01477	0.01477	0.01724	0.01231	0.01354	0.00862	0.01354	0.00739	0.01231	0.00739	0.00985	0.01847	0.00246	0.79192	0.00492	0.00246	0.00616
11	0.01442	0.01230	0.01296	0.01154	0.01480	0.01420	0.00901	0.07113	0.71503	0.02423	0.02237	0.02057	0.01674	0.00758	0.00572	0.00190	0.00455	0.00629	0.00572	0.00895
12	0.00687	0.00528	0.00629	0.00694	0.00797	0.00470	0.00486	0.00817	0.01201	0.01539	0.10391	0.44428	0.32154	0.01579	0.00693	0.00209	0.00305	0.01390	0.00531	0.00470
13	0.84197	0.01088	0.00827	0.00740	0.01088	0.01262	0.00609	0.01654	0.00958	0.02525	0.00784	0.00914	0.00609	0.00522	0.00348	0.00174	0.00435	0.00305	0.00348	0.00609
14	0.26428	0.01538	0.01394	0.01139	0.01531	0.10648	0.00923	0.39635	0.06954	0.02905	0.01189	0.01232	0.00878	0.00625	0.00493	0.00169	0.00600	0.00438	0.00467	0.00813
15	0.01393	0.01337	0.02284	0.03454	0.76712	0.01337	0.01727	0.01727	0.01281	0.01839	0.01059	0.01393	0.00891	0.00501	0.00557	0.00167	0.00669	0.00501	0.00279	0.00891
16	0.84197	0.01088	0.00827	0.00740	0.01088	0.01262	0.00609	0.01654	0.00958	0.02525	0.00784	0.00914	0.00609	0.00522	0.00348	0.00174	0.00435	0.00305	0.00348	0.00609
17	0.00818	0.00546	0.00614	0.00614	0.00614	0.00546	0.00341	0.00818	0.00818	0.01091	0.01773	0.03683	0.02046	0.80222	0.02864	0.00546	0.00546	0.00818	0.00341	0.00341
18	0.84197	0.01088	0.00827	0.00740	0.01088	0.01262	0.00609	0.01654	0.00958	0.02525	0.00784	0.00914	0.00609	0.00522	0.00348	0.00174	0.00435	0.00305	0.00348	0.00609
19	0.01989	0.18690	0.01910	0.01297	0.01679	0.37354	0.01055	0.25647	0.01841	0.02069	0.01007	0.01100	0.00800	0.00590	0.00495	0.00148	0.00800	0.00396	0.00368	0.00766
20	0.01167	0.01000	0.01167	0.00834	0.01334	0.00750	0.00667	0.01417	0.01167	0.01834	0.01000	0.01167	0.00834	0.00417	0.00417	0.00083	0.00417	0.00333	0.00333	0.83663
21	0.01289	0.01260	0.01106	0.01020	0.01251	0.17295	0.00770	0.01993	0.29439	0.01889	0.15057	0.02712	0.10236	0.06789	0.05192	0.00245	0.00586	0.00715	0.00483	0.00671
22	0.03065	0.00721	0.00877	0.00795	0.00986	0.00707	0.00609	0.05843	0.07534	0.07171	0.53145	0.06530	0.07643	0.01081	0.00638	0.00180	0.00323	0.00939	0.00603	0.00610
23	0.00818	0.00546	0.00614	0.00614	0.00614	0.00546	0.00341	0.00818	0.00818	0.01091	0.01773	0.03683	0.02046	0.80222	0.02864	0.00546	0.00546	0.00818	0.00341	0.00341
24	0.01505	0.80561	0.02949	0.00963	0.01444	0.02227	0.00963	0.01685	0.01143	0.01324	0.00782	0.00903	0.00722	0.00481	0.00361	0.00120	0.00602	0.00301	0.00241	0.00722
25	0.02102	0.02682	0.01595	0.01450	0.01740	0.77963	0.01087	0.02247	0.01595	0.01377	0.00870	0.01015	0.00725	0.00580	0.00507	0.00145	0.01015	0.00362	0.00290	0.00652
26	0.02038	0.01372	0.04815	0.01172	0.01607	0.01369	0.00993	0.40449	0.09755	0.23132	0.01918	0.01807	0.05477	0.00727	0.00569	0.00174	0.00554	0.00571	0.00583	0.00917
27	0.00804	0.00603	0.00904	0.00904	0.01005	0.00703	0.00703	0.01005	0.00904	0.01306	0.01507	0.02211	0.01407	0.04221	0.77992	0.00904	0.01507	0.00603	0.00301	0.00502
28	0.00812	0.00572	0.00747	0.00747	0.00794	0.00618	0.00508	0.00904	0.00858	0.01190	0.01651	0.03006	0.01752	0.45291	0.37394	0.00711	0.00988	0.00719	0.00323	0.00415
29	0.01412	0.01384	0.02302	0.03353	0.71685	0.03646	0.04448	0.01746	0.01293	0.01823	0.01056	0.01386	0.00885	0.00503	0.00560	0.00167	0.00690	0.00503	0.00279	0.00879
30	0.00701	0.00571	0.00619	0.00607	0.00782	0.00490	0.00455	0.00876	0.01366	0.01719	0.24764	0.05089	0.57296	0.01351	0.00665	0.00187	0.00280	0.01142	0.00549	0.00490
31	0.00686	0.00490	0.00653	0.00784	0.00816	0.00457	0.00522	0.00784	0.01077	0.01437	0.03102	0.79855	0.03722	0.01763	0.00718	0.00229	0.00326	0.01600	0.00522	0.00457
32	0.00714	0.00513	0.00683	0.00810	0.00860	0.00482	0.00569	0.00834	0.01112	0.01471	0.03164	0.68070	0.05853	0.01726	0.00724	0.00231	0.00350	0.10845	0.00522	0.00466
33	0.01204	0.07194	0.64585	0.01618	0.02397	0.01357	0.08322	0.01804	0.01209	0.03732	0.01040	0.01220	0.00744	0.00531	0.00537	0.00176	0.00819	0.00435	0.00254	0.00822

[dist]
# distance from previous block
# <min> <max>
6	14

[block]
# block no. 7 follows, 42 sequences, length 18
# corresponding to MSA columns:
# 703-720
name=unknown_H
#
# <colnr> <probs for GDERKNQSTAVLIFYWHMCP>
#	G	D	E	R	K	N	Q	S	T	A	V	L	I	F	Y	W	H	M	C	P
0	0.00924	0.00671	0.00924	0.01023	0.01177	0.00655	0.00891	0.01183	0.01287	0.01694	0.02847	0.06001	0.03078	0.01478	0.00753	0.00247	0.00511	0.68068	0.00506	0.06080
1	0.00743	0.00599	0.00664	0.00643	0.00819	0.00534	0.00484	0.00990	0.04579	0.01815	0.30390	0.04848	0.48285	0.01300	0.00661	0.00185	0.00285	0.01104	0.00559	0.00513
2	0.84197	0.01088	0.00827	0.00740	0.01088	0.01262	0.00609	0.01654	0.00958	0.02525	0.00784	0.00914	0.00609	0.00522	0.00348	0.00174	0.00435	0.00305	0.00348	0.00609
3	0.00686	0.00490	0.00653	0.00784	0.00816	0.00457	0.00522	0.00784	0.01077	0.01437	0.03102	0.79855	0.03722	0.01763	0.00718	0.00229	0.00326	0.01600	0.00522	0.00457
4	0.01237	0.03649	0.01283	0.08262	0.01584	0.00851	0.00770	0.01495	0.01185	0.05585	0.01055	0.01228	0.00850	0.00447	0.00436	0.00099	0.00458	0.00360	0.00341	0.68827
5	0.01982	0.01498	0.01600	0.01263	0.01685	0.01672	0.01032	0.59569	0.18168	0.03293	0.01551	0.01510	0.01119	0.00694	0.00565	0.00174	0.00582	0.00534	0.00565	0.00943
6	0.01505	0.80561	0.02949	0.00963	0.01444	0.02227	0.00963	0.01685	0.01143	0.01324	0.00782	0.00903	0.00722	0.00481	0.00361	0.00120	0.00602	0.00301	0.00241	0.00722
7	0.01086	0.00968	0.01541	0.49239	0.02841	0.01231	0.01316	0.01305	0.01004	0.01345	0.00939	0.01475	0.00784	0.00881	0.01109	0.13711	0.17917	0.00497	0.00248	0.00561
8	0.05755	0.01007	0.01314	0.01012	0.01445	0.00910	0.00836	0.07817	0.01658	0.68905	0.02101	0.01835	0.01331	0.00688	0.00557	0.00174	0.00487	0.00551	0.00673	0.00944
9	0.00685	0.00494	0.00648	0.00772	0.00813	0.00458	0.00517	0.00785	0.01089	0.01441	0.03244	0.75789	0.07696	0.01745	0.00715	0.00226	0.00324	0.01577	0.00522	0.00458
10	0.07182	0.00866	0.01008	0.00866	0.01139	0.00858	0.00679	0.06237	0.13569	0.13616	0.34643	0.02925	0.06032	0.00900	0.00587	0.00171	0.00373	0.00760	0.00575	0.07013
11	0.01169	0.09376	0.59543	0.01649	0.06939	0.01351	0.03749	0.01733	0.01200	0.01740	0.01118	0.01503	0.00884	0.00589	0.00539	0.00178	0.00785	0.04889	0.00259	0.00805
12	0.01505	0.80561	0.02949	0.00963	0.01444	0.02227	0.00963	0.01685	0.01143	0.01324	0.00782	0.00903	0.00722	0.00481	0.00361	0.00120	0.00602	0.00301	0.00241	0.00722
13	0.01430	0.58976	0.18096	0.01107	0.01641	0.05067	0.01184	0.01709	0.01185	0.01449	0.03169	0.01068	0.00862	0.00517	0.00412	0.00135	0.00655	0.00349	0.00254	0.00736
14	0.01189	0.02897	0.72637	0.01594	0.02393	0.06035	0.02018	0.01811	0.01213	0.01757	0.01001	0.01177	0.00714	0.00537	0.00533	0.00176	0.00843	0.00413	0.00241	0.00821
15	0.01049	0.00525	0.00525	0.00525	0.00656	0.00525	0.00393	0.01311	0.01180	0.02098	0.01836	0.02098	0.01442	0.00656	0.00393	0.00131	0.00262	0.00525	0.83346	0.00525
16	0.00697	0.00505	0.00658	0.00760	0.00815	0.00467	0.00517	0.00817	0.01151	0.01536	0.11621	0.65969	0.09068	0.01669	0.00708	0.00220	0.00317	0.01504	0.00533	0.00467
17	0.05078	0.01125	0.05513	0.65860	0.08840	0.01260	0.01555	0.01486	0.01132	0.01536	0.00994	0.01449	0.00752	0.00555	0.00551	0.00185	0.00733	0.00487	0.00256	0.00654

[dist]
# distance from previous block
# <min> <max>
2	13

[block]
# block no. 8 follows, 42 sequences, length 20
# corresponding to MSA columns:
# 753-757,772-786
name=unknown_I
#
# <colnr> <probs for GDERKNQSTAVLIFYWHMCP>
#	G	D	E	R	K	N	Q	S	T	A	V	L	I	F	Y	W	H	M	C	P
0	0.01631	0.03506	0.03813	0.10510	0.22570	0.24545	0.01304	0.08368	0.14615	0.01880	0.01230	0.01395	0.00969	0.00594	0.00541	0.00166	0.00741	0.00477	0.00353	0.00790
1	0.01153	0.02592	0.02748	0.06674	0.22924	0.02667	0.01142	0.01404	0.02395	0.03602	0.07911	0.07813	0.13828	0.00933	0.00883	0.00196	0.18142	0.01949	0.00372	0.00672
2	0.00807	0.00590	0.00839	0.00839	0.00917	0.00668	0.00622	0.00963	0.00885	0.01258	0.01567	0.02541	0.01550	0.21245	0.61164	0.00824	0.01292	0.00651	0.00310	0.00466
3	0.02510	0.00981	0.01321	0.01013	0.01448	0.00862	0.00836	0.05511	0.01650	0.74277	0.02187	0.01894	0.01376	0.00696	0.00566	0.00174	0.00484	0.00564	0.00691	0.00958
4	0.04034	0.18053	0.26090	0.01848	0.18725	0.07272	0.05811	0.03720	0.01296	0.06601	0.01051	0.01225	0.00811	0.00530	0.00507	0.00161	0.00729	0.00431	0.00296	0.00809
5	0.01560	0.47723	0.02418	0.01164	0.01509	0.12856	0.01046	0.05393	0.01221	0.01451	0.00814	0.01015	0.00738	0.00618	0.00725	0.00155	0.18265	0.00363	0.00265	0.00700
6	0.01484	0.01712	0.12559	0.02031	0.02608	0.01480	0.48760	0.18159	0.01605	0.02191	0.01169	0.01438	0.00859	0.00527	0.00625	0.00184	0.00860	0.00597	0.00341	0.00813
7	0.04880	0.36653	0.02127	0.01215	0.05454	0.19657	0.00991	0.06179	0.01412	0.10138	0.04243	0.01334	0.01056	0.00590	0.00461	0.00144	0.00668	0.01711	0.00350	0.00739
8	0.00960	0.00842	0.01250	0.13542	0.20791	0.00852	0.01013	0.01227	0.02903	0.01625	0.04455	0.16620	0.22428	0.01105	0.00640	0.00197	0.00489	0.08024	0.00420	0.00617
9	0.00818	0.00546	0.00614	0.00614	0.00614	0.00546	0.00341	0.00818	0.00818	0.01091	0.01773	0.03683	0.02046	0.80222	0.02864	0.00546	0.00546	0.00818	0.00341	0.00341
10	0.00815	0.00558	0.00679	0.00679	0.00701	0.00581	0.00422	0.00860	0.00838	0.01139	0.01714	0.03353	0.01903	0.63198	0.19693	0.00626	0.00761	0.00770	0.00332	0.00377
11	0.01412	0.15420	0.28746	0.05599	0.03997	0.01469	0.02677	0.04845	0.20776	0.07500	0.01412	0.01466	0.01047	0.00602	0.00523	0.00171	0.00650	0.00480	0.00375	0.00831
12	0.20046	0.60356	0.02432	0.00928	0.01374	0.04348	0.00888	0.01696	0.01116	0.01595	0.00785	0.00909	0.00697	0.00494	0.00363	0.00133	0.00577	0.00304	0.00266	0.00695
13	0.00813	0.00552	0.00645	0.00635	0.00665	0.00542	0.00384	0.00873	0.00992	0.01352	0.18493	0.03799	0.02777	0.62510	0.02371	0.00463	0.00483	0.00863	0.00403	0.00384
14	0.01213	0.01201	0.05339	0.11175	0.29018	0.02350	0.02661	0.06254	0.09399	0.01888	0.05036	0.02471	0.18052	0.00781	0.00588	0.00178	0.00569	0.00686	0.00391	0.00748
15	0.01818	0.11583	0.02157	0.01648	0.05192	0.38667	0.17564	0.05856	0.04272	0.04500	0.01056	0.01222	0.00835	0.00557	0.00535	0.00157	0.00873	0.00454	0.00322	0.00731
16	0.02117	0.01022	0.01484	0.01533	0.18256	0.00935	0.01009	0.02401	0.03513	0.52849	0.07314	0.01968	0.01572	0.00687	0.00571	0.00173	0.00505	0.00586	0.00594	0.00910
17	0.00936	0.00767	0.01214	0.01476	0.17963	0.00845	0.00933	0.01167	0.00989	0.01426	0.01407	0.02028	0.01291	0.03388	0.60647	0.00739	0.01319	0.00580	0.00296	0.00590
