[name]
unknown

[dist]
# distance from previous block
# <min> <max>
38	170

[block]
# block no. 0 follows, 46 sequences, length 33
# corresponding to MSA columns:
# 188-220
name=unknown_A
#
# <colnr> <probs for GDERKNQSTAVLIFYWHMCP>
#	G	D	E	R	K	N	Q	S	T	A	V	L	I	F	Y	W	H	M	C	P
0	0.06678	0.11319	0.02949	0.07336	0.18623	0.15557	0.03390	0.04115	0.02576	0.02796	0.03315	0.01272	0.00921	0.00563	0.00544	0.02041	0.03376	0.00419	0.03600	0.08612
1	0.01387	0.14680	0.01446	0.00946	0.01283	0.05208	0.00783	0.08193	0.04721	0.10968	0.05305	0.04746	0.01244	0.02263	0.03939	0.00173	0.07177	0.00478	0.00380	0.24679
2	0.08366	0.02663	0.01395	0.07167	0.04211	0.02795	0.09536	0.09391	0.01200	0.01755	0.01458	0.21285	0.01462	0.00893	0.02050	0.00183	0.09222	0.00704	0.01721	0.12544
3	0.14896	0.05168	0.02598	0.00923	0.01156	0.01067	0.00745	0.16203	0.04147	0.02009	0.06657	0.23227	0.01871	0.02396	0.00681	0.00184	0.07986	0.02271	0.00423	0.05393
4	0.05713	0.12928	0.07804	0.03386	0.10986	0.09309	0.01056	0.13841	0.08794	0.03425	0.04741	0.01437	0.01105	0.00914	0.07979	0.00221	0.03814	0.00461	0.01374	0.00714
5	0.40969	0.17293	0.01382	0.07124	0.01406	0.04759	0.00776	0.07763	0.01140	0.04123	0.00856	0.00987	0.00676	0.00495	0.00380	0.00145	0.00501	0.00327	0.00322	0.08576
6	0.00942	0.00662	0.00769	0.03163	0.00894	0.02123	0.00529	0.08077	0.01066	0.01514	0.03244	0.05303	0.03606	0.31862	0.18830	0.00442	0.00668	0.00668	0.15173	0.00463
7	0.06829	0.16421	0.04222	0.13958	0.13135	0.17931	0.02903	0.03399	0.01200	0.05321	0.00912	0.01139	0.00740	0.00555	0.00599	0.00157	0.09223	0.00400	0.00279	0.00676
8	0.00636	0.00526	0.00558	0.00571	0.00726	0.00448	0.00420	0.00772	0.01199	0.01466	0.10068	0.15175	0.62884	0.01363	0.00631	0.00183	0.00272	0.01156	0.00497	0.00448
9	0.01108	0.20117	0.51988	0.01353	0.04280	0.01346	0.01571	0.01564	0.01100	0.01549	0.01088	0.08617	0.00944	0.00599	0.00483	0.00159	0.00683	0.00474	0.00250	0.00727
10	0.00743	0.00553	0.00699	0.00739	0.00833	0.00535	0.00529	0.01016	0.07755	0.01701	0.29057	0.42507	0.06768	0.01357	0.00645	0.00194	0.00299	0.03053	0.00527	0.00491
11	0.00882	0.08228	0.00924	0.00700	0.00868	0.00661	0.00549	0.01122	0.01457	0.05372	0.67251	0.03562	0.04420	0.01003	0.00593	0.00161	0.00288	0.00874	0.00551	0.00533
12	0.01380	0.74275	0.09942	0.00961	0.01445	0.02010	0.01004	0.01592	0.01078	0.01284	0.00755	0.00873	0.00678	0.00457	0.00355	0.00118	0.00586	0.00293	0.00226	0.00688
13	0.01468	0.34633	0.01991	0.02409	0.01474	0.08955	0.03712	0.16257	0.05357	0.01768	0.01185	0.06393	0.02550	0.00625	0.00503	0.00142	0.03933	0.00465	0.00336	0.05843
14	0.01373	0.47669	0.19529	0.01136	0.01611	0.05151	0.02853	0.01643	0.01100	0.04719	0.00849	0.00996	0.00708	0.00521	0.00528	0.00141	0.08181	0.00345	0.00248	0.00700
15	0.01280	0.00888	0.01096	0.00970	0.01212	0.00917	0.03937	0.08865	0.24240	0.13146	0.03464	0.26438	0.02094	0.05186	0.00691	0.00200	0.00425	0.00863	0.00510	0.03579
16	0.00909	0.00463	0.00690	0.00687	0.00694	0.00461	0.00461	0.00705	0.00731	0.00981	0.04933	0.01729	0.01131	0.01797	0.01991	0.80212	0.00448	0.00485	0.00248	0.00244
17	0.14440	0.02925	0.04409	0.09744	0.03609	0.01077	0.07434	0.08277	0.02990	0.03935	0.01207	0.10013	0.01080	0.00696	0.00621	0.03071	0.05802	0.00533	0.00342	0.17792
18	0.00944	0.00611	0.00781	0.00719	0.00882	0.00567	0.00546	0.01189	0.03257	0.10743	0.49547	0.10926	0.11385	0.01083	0.00634	0.00171	0.01964	0.00940	0.00558	0.02553
19	0.02010	0.01481	0.01587	0.01216	0.01639	0.01639	0.01005	0.76360	0.02486	0.03332	0.01269	0.01269	0.00899	0.00635	0.00529	0.00159	0.00582	0.00476	0.00529	0.00899
20	0.01502	0.01083	0.01189	0.00988	0.01259	0.01183	0.00767	0.38120	0.11881	0.04965	0.01600	0.05773	0.01389	0.18258	0.05110	0.00276	0.00562	0.00612	0.02774	0.00710
21	0.49033	0.07800	0.01277	0.01174	0.12455	0.01325	0.00825	0.14201	0.01247	0.02338	0.03449	0.01097	0.00823	0.00529	0.00401	0.00158	0.00478	0.00368	0.00352	0.00673
22	0.00747	0.03330	0.00730	0.00700	0.00793	0.00536	0.00480	0.00850	0.01019	0.01379	0.08520	0.45412	0.05964	0.17926	0.01047	0.00255	0.00360	0.01137	0.00437	0.08379
23	0.01988	0.01136	0.01255	0.01012	0.01367	0.08356	0.00813	0.18390	0.03622	0.41463	0.05145	0.07998	0.01490	0.00733	0.00538	0.00162	0.00504	0.00594	0.00563	0.02871
24	0.01276	0.16854	0.17242	0.03621	0.01966	0.01405	0.21568	0.08593	0.01254	0.03795	0.01183	0.06052	0.01028	0.00644	0.00636	0.00171	0.07606	0.04099	0.00306	0.00700
25	0.01894	0.11047	0.07399	0.01070	0.01495	0.04500	0.04829	0.10065	0.01510	0.40573	0.07338	0.01667	0.01353	0.00627	0.00512	0.00155	0.00532	0.00509	0.00507	0.02417
26	0.02428	0.08362	0.02428	0.00865	0.02514	0.00818	0.00661	0.07179	0.01033	0.05098	0.01449	0.07298	0.05189	0.01442	0.05134	0.37551	0.02365	0.03462	0.00325	0.04402
27	0.01230	0.06656	0.05684	0.36164	0.14316	0.02700	0.05026	0.01565	0.02632	0.08623	0.03321	0.01565	0.03580	0.00585	0.00576	0.00169	0.04127	0.00502	0.00303	0.00675
28	0.37676	0.07368	0.07137	0.15654	0.01773	0.01260	0.04347	0.08570	0.01135	0.02031	0.00888	0.01114	0.00696	0.02169	0.00464	0.00164	0.00543	0.00373	0.00310	0.06327
29	0.27996	0.01056	0.01126	0.04600	0.09372	0.06583	0.02720	0.01610	0.09758	0.04843	0.01306	0.04455	0.01173	0.11589	0.00762	0.00211	0.00512	0.03725	0.00358	0.06245
30	0.04254	0.18759	0.05277	0.04352	0.03085	0.06856	0.15153	0.05707	0.16766	0.01737	0.02500	0.01533	0.01077	0.02263	0.02200	0.00181	0.03397	0.02388	0.00338	0.02179
31	0.15104	0.01577	0.20032	0.04108	0.06148	0.08733	0.05609	0.08239	0.01332	0.11785	0.08416	0.04147	0.01279	0.00625	0.00504	0.00164	0.00606	0.00506	0.00375	0.00710
32	0.07165	0.09151	0.16675	0.05614	0.04212	0.01038	0.00995	0.04591	0.03993	0.10611	0.14068	0.01918	0.03341	0.03032	0.04372	0.00199	0.00550	0.00538	0.03969	0.03970

[dist]
# distance from previous block
# <min> <max>
1	28

[block]
# block no. 1 follows, 46 sequences, length 46
# corresponding to MSA columns:
# 249-294
name=unknown_B
#
# <colnr> <probs for GDERKNQSTAVLIFYWHMCP>
#	G	D	E	R	K	N	Q	S	T	A	V	L	I	F	Y	W	H	M	C	P
0	0.03339	0.16630	0.08445	0.01034	0.01353	0.01204	0.04697	0.11676	0.05274	0.01791	0.07615	0.10760	0.03066	0.03510	0.05786	0.00219	0.04497	0.03680	0.00374	0.05050
1	0.05717	0.09064	0.16783	0.01000	0.01343	0.12286	0.00945	0.04844	0.01323	0.05629	0.21350	0.04744	0.05647	0.03654	0.01988	0.00184	0.00559	0.01924	0.00395	0.00620
2	0.07224	0.16087	0.45798	0.01400	0.05487	0.04243	0.02991	0.01620	0.01103	0.01621	0.02303	0.01134	0.00769	0.00594	0.02232	0.00174	0.03865	0.00388	0.00244	0.00724
3	0.11568	0.15786	0.11857	0.01153	0.05980	0.11299	0.00993	0.05579	0.01271	0.06470	0.09725	0.01628	0.01335	0.00629	0.00506	0.00151	0.03018	0.03677	0.02177	0.05198
4	0.05167	0.33975	0.19930	0.03227	0.01643	0.01616	0.02787	0.08449	0.02419	0.01603	0.00875	0.01070	0.00725	0.00614	0.00652	0.04641	0.09286	0.00372	0.00265	0.00684
5	0.01167	0.16087	0.01456	0.00929	0.01238	0.01029	0.06175	0.06245	0.01148	0.05362	0.01432	0.15637	0.01433	0.11744	0.00818	0.00190	0.02777	0.00629	0.00355	0.24150
6	0.05878	0.62259	0.02361	0.00901	0.01308	0.01869	0.00851	0.09635	0.01194	0.01513	0.00867	0.01103	0.00796	0.06930	0.00547	0.00153	0.00555	0.00343	0.00272	0.00668
7	0.00931	0.10348	0.04336	0.00748	0.00859	0.02173	0.00559	0.02959	0.00900	0.01183	0.01566	0.04191	0.03975	0.54052	0.03407	0.00406	0.05990	0.00679	0.00311	0.00429
8	0.01377	0.71835	0.07719	0.00952	0.01409	0.03602	0.00968	0.01577	0.01078	0.01273	0.00776	0.00913	0.00702	0.00587	0.03262	0.00144	0.00619	0.00302	0.00229	0.00676
9	0.01159	0.24716	0.57561	0.01339	0.02029	0.01468	0.01661	0.01649	0.01104	0.01554	0.00889	0.01042	0.00672	0.00488	0.00457	0.00152	0.00721	0.00361	0.00224	0.00753
10	0.00625	0.00536	0.00536	0.00536	0.00714	0.00446	0.00402	0.00759	0.01205	0.01428	0.05355	0.05088	0.77909	0.01339	0.00625	0.00179	0.00268	0.01116	0.00491	0.00446
11	0.01253	0.47134	0.33535	0.01151	0.01727	0.01695	0.01329	0.01605	0.01096	0.01429	0.00886	0.01116	0.00748	0.00504	0.00418	0.00139	0.00651	0.02638	0.00233	0.00714
12	0.01588	0.52411	0.05142	0.01079	0.01484	0.27808	0.00982	0.01762	0.01217	0.01276	0.00770	0.00893	0.00679	0.00485	0.00391	0.00123	0.00703	0.00306	0.00241	0.00660
13	0.00813	0.00581	0.00808	0.00930	0.01034	0.00575	0.00785	0.01029	0.01179	0.01539	0.02820	0.19886	0.03127	0.01497	0.00720	0.00238	0.00453	0.61022	0.00488	0.00476
14	0.01011	0.00953	0.01609	0.76966	0.06725	0.01178	0.01475	0.01362	0.01063	0.01366	0.00942	0.01405	0.00710	0.00526	0.00528	0.00175	0.00702	0.00470	0.00236	0.00598
15	0.00736	0.00623	0.00748	0.00733	0.00847	0.00641	0.00559	0.00872	0.01125	0.01448	0.10672	0.16719	0.41541	0.03799	0.00875	0.00205	0.12844	0.04092	0.00453	0.00467
16	0.03630	0.00956	0.01592	0.68247	0.03324	0.01178	0.04487	0.01359	0.01047	0.01403	0.00952	0.01405	0.00727	0.00600	0.01897	0.00188	0.04059	0.00472	0.01889	0.00588
17	0.58418	0.01080	0.01183	0.05595	0.21634	0.01204	0.00899	0.01561	0.00989	0.02146	0.00816	0.01007	0.00650	0.00488	0.00390	0.00163	0.00483	0.00345	0.00305	0.00644
18	0.03161	0.08681	0.01868	0.04012	0.29328	0.36988	0.02866	0.04164	0.01359	0.01539	0.00895	0.01103	0.00745	0.00509	0.00485	0.00145	0.00774	0.00395	0.00273	0.00709
19	0.00644	0.00460	0.00613	0.00736	0.00767	0.00429	0.00491	0.00736	0.01012	0.01350	0.02914	0.81076	0.03497	0.01656	0.00675	0.00215	0.00307	0.01503	0.00491	0.00429
20	0.00768	0.00515	0.00588	0.00588	0.00592	0.00519	0.00335	0.00776	0.00772	0.01034	0.01655	0.03401	0.01897	0.78165	0.05912	0.00527	0.00551	0.00760	0.00319	0.00327
21	0.00756	0.00564	0.00840	0.00840	0.00930	0.00655	0.00648	0.00938	0.00847	0.01220	0.01425	0.02128	0.01344	0.06817	0.76504	0.00837	0.01383	0.00574	0.00285	0.00466
22	0.01295	0.01243	0.02122	0.06478	0.74992	0.01253	0.01616	0.01611	0.01198	0.01711	0.00992	0.01313	0.00832	0.00473	0.00524	0.00158	0.00631	0.00471	0.00261	0.00827
23	0.00640	0.00475	0.00598	0.00697	0.00756	0.00433	0.00473	0.00741	0.01050	0.01365	0.03392	0.66192	0.18072	0.01594	0.00665	0.00208	0.00299	0.01427	0.00491	0.00433
24	0.01393	0.72007	0.10151	0.00975	0.01455	0.03973	0.01010	0.01605	0.01089	0.01287	0.00758	0.00877	0.00678	0.00460	0.00359	0.00119	0.00596	0.00295	0.00227	0.00687
25	0.01101	0.01045	0.01771	0.54634	0.28353	0.01202	0.01519	0.01441	0.01106	0.01476	0.00958	0.01376	0.00749	0.00509	0.00527	0.00170	0.00679	0.00470	0.00244	0.00670
26	0.37979	0.29573	0.01680	0.00909	0.01295	0.05476	0.02762	0.10386	0.01198	0.03449	0.00836	0.00941	0.00673	0.00499	0.00374	0.00144	0.00525	0.00323	0.00317	0.00660
27	0.02010	0.01481	0.01587	0.01216	0.01639	0.01639	0.01005	0.76360	0.02486	0.03332	0.01269	0.01269	0.00899	0.00635	0.00529	0.00159	0.00582	0.00476	0.00529	0.00899
28	0.01225	0.01158	0.01951	0.10612	0.63016	0.01178	0.01516	0.01532	0.01190	0.01670	0.01251	0.01758	0.03421	0.00572	0.00541	0.00166	0.00615	0.05572	0.00282	0.00776
29	0.01060	0.02735	0.78682	0.01507	0.02288	0.01228	0.01953	0.01674	0.01116	0.01674	0.00949	0.01116	0.00670	0.00502	0.00502	0.00167	0.00781	0.00391	0.00223	0.00781
30	0.00764	0.00532	0.00676	0.00676	0.00710	0.00567	0.00444	0.00833	0.00798	0.01099	0.01575	0.02956	0.01703	0.53223	0.30590	0.00635	0.00841	0.00695	0.00307	0.00376
31	0.01093	0.08611	0.70464	0.01486	0.02234	0.01296	0.04360	0.01668	0.01117	0.01643	0.00937	0.01106	0.00675	0.00497	0.00494	0.00164	0.00769	0.00390	0.00225	0.00771
32	0.01060	0.02735	0.78682	0.01507	0.02288	0.01228	0.01953	0.01674	0.01116	0.01674	0.00949	0.01116	0.00670	0.00502	0.00502	0.00167	0.00781	0.00391	0.00223	0.00781
33	0.01043	0.00958	0.00980	0.00940	0.01082	0.15091	0.00726	0.04296	0.01050	0.01366	0.01317	0.01832	0.01189	0.03023	0.57430	0.00652	0.01235	0.00517	0.04760	0.00517
34	0.01872	0.02057	0.01597	0.04041	0.12365	0.49771	0.01108	0.14810	0.01614	0.04496	0.00969	0.01102	0.00764	0.00553	0.00496	0.00145	0.00818	0.00393	0.00328	0.00703
35	0.00745	0.00540	0.00665	0.00671	0.00721	0.00550	0.00449	0.00830	0.00952	0.01285	0.11459	0.15602	0.10259	0.38515	0.11166	0.00420	0.03476	0.00907	0.00389	0.00400
36	0.01343	0.41858	0.16082	0.05279	0.01691	0.01655	0.02555	0.08411	0.06010	0.01630	0.00947	0.01069	0.00769	0.00493	0.00419	0.00133	0.00594	0.00359	0.00282	0.08420
37	0.00753	0.00504	0.00595	0.00614	0.00622	0.00503	0.00363	0.00767	0.00807	0.01079	0.01830	0.15509	0.02118	0.63898	0.04921	0.03057	0.00509	0.00867	0.00343	0.00340
38	0.01079	0.01047	0.01520	0.16073	0.01754	0.01422	0.01154	0.01243	0.00866	0.01287	0.00875	0.04214	0.00845	0.01100	0.07149	0.00266	0.56785	0.00510	0.00245	0.00567
39	0.06508	0.01017	0.01647	0.56265	0.18230	0.01211	0.01428	0.01415	0.01065	0.01488	0.00927	0.01343	0.00722	0.00532	0.00567	0.00174	0.04123	0.00458	0.00246	0.00636
40	0.01187	0.01113	0.01829	0.37720	0.38521	0.01232	0.01495	0.03490	0.05208	0.01625	0.01038	0.01388	0.00820	0.00514	0.00527	0.00167	0.00650	0.00477	0.00271	0.00726
41	0.01406	0.01442	0.01819	0.13761	0.43703	0.18118	0.01380	0.03925	0.01254	0.01579	0.00952	0.01263	0.00791	0.00583	0.00608	0.05292	0.00698	0.00442	0.00266	0.00717
42	0.04586	0.01352	0.01724	0.04362	0.26008	0.06414	0.04903	0.28830	0.04021	0.02292	0.01184	0.03959	0.00954	0.00593	0.00541	0.00159	0.02068	0.00499	0.02144	0.03409
43	0.04434	0.01340	0.01495	0.13656	0.06566	0.09618	0.01062	0.29555	0.04852	0.07772	0.01222	0.03830	0.00951	0.00646	0.00619	0.00165	0.07402	0.00488	0.00407	0.03918
44	0.01259	0.08355	0.07329	0.09196	0.44636	0.02915	0.05281	0.04521	0.01216	0.01668	0.01144	0.03898	0.02576	0.00649	0.02975	0.00180	0.00665	0.00504	0.00278	0.00756
45	0.01498	0.02919	0.01829	0.07726	0.41545	0.25741	0.01340	0.04043	0.02706	0.01606	0.01099	0.01327	0.03238	0.00535	0.00510	0.00152	0.00718	0.00450	0.00283	0.00737

[dist]
# distance from previous block
# <min> <max>
35	131

[block]
# block no. 2 follows, 46 sequences, length 63
# corresponding to MSA columns:
# 427-489
name=unknown_C
#
# <colnr> <probs for GDERKNQSTAVLIFYWHMCP>
#	G	D	E	R	K	N	Q	S	T	A	V	L	I	F	Y	W	H	M	C	P
0	0.07583	0.07784	0.21944	0.01175	0.03892	0.02394	0.06471	0.01561	0.05475	0.06275	0.23967	0.02033	0.02057	0.00695	0.00555	0.00163	0.02666	0.00581	0.00388	0.02341
1	0.07465	0.06484	0.11891	0.05098	0.20181	0.07750	0.01132	0.03905	0.02714	0.08308	0.09780	0.08651	0.03049	0.00699	0.00518	0.00163	0.00562	0.00588	0.00366	0.00696
2	0.01311	0.01275	0.02126	0.03121	0.72521	0.03052	0.03584	0.01623	0.01212	0.01713	0.01035	0.01413	0.00885	0.00495	0.00530	0.00159	0.00639	0.02217	0.00267	0.00821
3	0.01123	0.01067	0.01812	0.49128	0.33686	0.01207	0.01530	0.01460	0.01116	0.01503	0.00962	0.01369	0.00758	0.00505	0.00526	0.00168	0.00674	0.00470	0.00246	0.00688
4	0.00982	0.08000	0.17035	0.01137	0.01473	0.00949	0.12040	0.05421	0.01266	0.01743	0.19036	0.24331	0.02483	0.00954	0.00584	0.00177	0.00513	0.00863	0.00404	0.00606
5	0.00998	0.00940	0.01586	0.80150	0.03641	0.01175	0.01468	0.01351	0.01057	0.01351	0.00940	0.01409	0.00705	0.00529	0.00529	0.00176	0.00705	0.00470	0.00235	0.00587
6	0.01218	0.00980	0.01067	0.00954	0.01204	0.02691	0.00747	0.10507	0.37238	0.03671	0.25398	0.02727	0.04120	0.00862	0.00573	0.00175	0.00397	0.04217	0.00544	0.00712
7	0.01042	0.00877	0.01028	0.00767	0.01175	0.00672	0.00597	0.01252	0.01070	0.01652	0.01133	0.07261	0.01057	0.05446	0.00554	0.00115	0.00393	0.00431	0.00327	0.73152
8	0.01315	0.01136	0.01195	0.01076	0.01375	0.01315	0.00837	0.02809	0.77168	0.02211	0.02152	0.01972	0.01614	0.00717	0.00538	0.00179	0.00418	0.00598	0.00538	0.00837
9	0.00763	0.00519	0.00605	0.00605	0.00621	0.00527	0.00360	0.00788	0.00789	0.01058	0.01737	0.03351	0.03897	0.70761	0.11054	0.00541	0.00605	0.00756	0.00321	0.00340
10	0.01975	0.02520	0.01498	0.01362	0.01634	0.79299	0.01021	0.02111	0.01498	0.01294	0.00817	0.00953	0.00681	0.00545	0.00477	0.00136	0.00953	0.00340	0.00272	0.00613
11	0.01248	0.01426	0.03119	0.02228	0.02763	0.01337	0.76203	0.01693	0.01248	0.01693	0.01070	0.01426	0.00802	0.00446	0.00624	0.00178	0.00891	0.00624	0.00267	0.00713
12	0.00768	0.00568	0.00761	0.00898	0.03881	0.00557	0.00621	0.03237	0.03541	0.01491	0.02745	0.60753	0.03178	0.01516	0.00669	0.00214	0.00361	0.13274	0.00484	0.00482
13	0.01315	0.01136	0.01195	0.01076	0.01375	0.01315	0.00837	0.02809	0.77168	0.02211	0.02152	0.01972	0.01614	0.00717	0.00538	0.00179	0.00418	0.00598	0.00538	0.00837
14	0.23585	0.27954	0.01626	0.00865	0.01267	0.01323	0.00766	0.01978	0.01207	0.32869	0.01283	0.01237	0.00907	0.00544	0.00414	0.00147	0.00478	0.00385	0.00426	0.00741
15	0.01144	0.00928	0.01092	0.00789	0.01247	0.00702	0.00630	0.01375	0.01113	0.05172	0.01033	0.02804	0.00864	0.00430	0.00404	0.00085	0.00392	0.00348	0.00332	0.79115
16	0.00757	0.00560	0.00815	0.00815	0.00897	0.00642	0.00618	0.00922	0.00839	0.01202	0.01448	0.02252	0.01398	0.13792	0.69603	0.00807	0.01301	0.00592	0.00288	0.00453
17	0.01146	0.01137	0.01592	0.01373	0.01377	0.01583	0.01146	0.01266	0.00824	0.01283	0.00769	0.01328	0.00778	0.00944	0.01699	0.00232	0.77602	0.03105	0.00240	0.00575
18	0.01014	0.01836	0.40897	0.01423	0.03409	0.01131	0.07928	0.01426	0.01053	0.01539	0.01246	0.09755	0.01138	0.01052	0.08400	0.00252	0.12113	0.03446	0.00273	0.00669
19	0.01096	0.00940	0.01096	0.00783	0.01253	0.00705	0.00626	0.01331	0.01096	0.01723	0.00940	0.01096	0.00783	0.00392	0.00392	0.00078	0.00392	0.00313	0.00313	0.84653
20	0.00769	0.00513	0.00577	0.00577	0.00577	0.00513	0.00320	0.00769	0.00769	0.01025	0.01666	0.03460	0.01922	0.81421	0.02691	0.00513	0.00513	0.00769	0.00320	0.00320
21	0.00985	0.00493	0.00493	0.00493	0.00616	0.00493	0.00370	0.01232	0.01109	0.01971	0.01725	0.01971	0.01355	0.00616	0.00370	0.00123	0.00246	0.00493	0.84356	0.00493
22	0.00644	0.00460	0.00613	0.00736	0.00767	0.00429	0.00491	0.00736	0.01012	0.01350	0.02914	0.81076	0.03497	0.01656	0.00675	0.00215	0.00307	0.01503	0.00491	0.00429
23	0.01413	0.81739	0.02770	0.00905	0.01357	0.02092	0.00905	0.01583	0.01074	0.01244	0.00735	0.00848	0.00678	0.00452	0.00339	0.00113	0.00565	0.00283	0.00226	0.00678
24	0.00635	0.00536	0.00549	0.00546	0.00720	0.00450	0.00409	0.00778	0.01228	0.01484	0.11162	0.04996	0.72068	0.01318	0.00625	0.00178	0.00266	0.01103	0.00498	0.00450
25	0.00848	0.00690	0.00973	0.00920	0.00976	0.00849	0.00709	0.00986	0.00826	0.01200	0.01299	0.02126	0.01291	0.17644	0.47614	0.00648	0.19074	0.00581	0.00278	0.00468
26	0.00683	0.00538	0.00616	0.00596	0.00750	0.00471	0.00447	0.00871	0.01342	0.01754	0.39454	0.04552	0.43607	0.01217	0.00624	0.00173	0.00259	0.01041	0.00534	0.00471
27	0.01860	0.01406	0.01502	0.01186	0.01582	0.01569	0.00969	0.60471	0.18620	0.03090	0.01460	0.01421	0.01053	0.00652	0.00531	0.00163	0.00546	0.00502	0.00531	0.00886
28	0.01325	0.01288	0.02129	0.03197	0.76173	0.03246	0.01607	0.01635	0.01211	0.01716	0.00990	0.01299	0.00833	0.00473	0.00522	0.00156	0.00636	0.00468	0.00262	0.00832
29	0.44037	0.01082	0.04300	0.00861	0.01246	0.01066	0.00740	0.07476	0.01259	0.31303	0.01297	0.01257	0.00880	0.00564	0.00427	0.00163	0.00453	0.00398	0.00462	0.00730
30	0.02010	0.01481	0.01587	0.01216	0.01639	0.01639	0.01005	0.76360	0.02486	0.03332	0.01269	0.01269	0.00899	0.00635	0.00529	0.00159	0.00582	0.00476	0.00529	0.00899
31	0.00812	0.00554	0.00727	0.00676	0.00812	0.00510	0.00510	0.01059	0.01497	0.05096	0.74892	0.03865	0.04845	0.01064	0.00620	0.00166	0.00257	0.00940	0.00585	0.00514
32	0.01094	0.00991	0.01586	0.72661	0.03451	0.01219	0.01424	0.08467	0.01193	0.01539	0.00971	0.01396	0.00723	0.00539	0.00529	0.00175	0.00693	0.00470	0.00263	0.00617
33	0.02372	0.00900	0.01227	0.00941	0.01350	0.00777	0.00777	0.02576	0.01513	0.78489	0.02086	0.01799	0.01309	0.00654	0.00532	0.00164	0.00450	0.00532	0.00654	0.00900
34	0.01185	0.00685	0.00705	0.00633	0.00815	0.00716	0.00493	0.15841	0.01376	0.02236	0.01636	0.01834	0.01266	0.00620	0.00401	0.00130	0.00312	0.00489	0.68055	0.00572
35	0.00680	0.00533	0.00587	0.00576	0.00711	0.00471	0.00414	0.00823	0.01210	0.01543	0.23684	0.04526	0.46520	0.14285	0.00960	0.00230	0.00303	0.01018	0.00487	0.00440
36	0.00687	0.00538	0.00622	0.00601	0.00752	0.00473	0.00451	0.00879	0.01352	0.01777	0.41861	0.04514	0.41186	0.01209	0.00624	0.00172	0.00259	0.01035	0.00537	0.00473
37	0.01157	0.01157	0.01619	0.01388	0.01388	0.01619	0.01157	0.01272	0.00810	0.01272	0.00694	0.01157	0.00694	0.00925	0.01735	0.00231	0.80453	0.00463	0.00231	0.00578
38	0.00998	0.00940	0.01586	0.80150	0.03641	0.01175	0.01468	0.01351	0.01057	0.01351	0.00940	0.01409	0.00705	0.00529	0.00529	0.00176	0.00705	0.00470	0.00235	0.00587
39	0.01197	0.00640	0.00844	0.00736	0.00938	0.00575	0.00569	0.01425	0.01476	0.23324	0.52978	0.03370	0.05849	0.02911	0.00648	0.00174	0.00312	0.00838	0.00593	0.00605
40	0.01337	0.01146	0.01208	0.01080	0.01383	0.01325	0.00842	0.05113	0.74829	0.02247	0.02124	0.01950	0.01591	0.00715	0.00538	0.00179	0.00424	0.00594	0.00538	0.00839
41	0.01978	0.01450	0.01553	0.01194	0.01608	0.01604	0.00985	0.74035	0.02443	0.03290	0.01283	0.01291	0.00913	0.00634	0.00524	0.00158	0.00571	0.00476	0.03124	0.00886
42	0.01282	0.01268	0.01977	0.20466	0.56299	0.06366	0.01548	0.01593	0.01190	0.01614	0.00970	0.01308	0.00797	0.00489	0.00521	0.00160	0.00667	0.00462	0.00256	0.00766
43	0.00748	0.00540	0.00707	0.00665	0.00790	0.00499	0.00499	0.00998	0.01496	0.02120	0.77844	0.03949	0.04988	0.01081	0.00624	0.00166	0.00249	0.00956	0.00582	0.00499
44	0.00748	0.00540	0.00707	0.00665	0.00790	0.00499	0.00499	0.00998	0.01496	0.02120	0.77844	0.03949	0.04988	0.01081	0.00624	0.00166	0.00249	0.00956	0.00582	0.00499
45	0.01827	0.00896	0.01132	0.00919	0.01249	0.00857	0.00740	0.07766	0.12521	0.44661	0.19083	0.02269	0.02150	0.00758	0.00553	0.00166	0.00410	0.00633	0.00612	0.00800
46	0.00748	0.00540	0.00707	0.00665	0.00790	0.00499	0.00499	0.00998	0.01496	0.02120	0.77844	0.03949	0.04988	0.01081	0.00624	0.00166	0.00249	0.00956	0.00582	0.00499
47	0.02322	0.00930	0.01240	0.00956	0.01362	0.00829	0.00788	0.05460	0.04116	0.72974	0.02056	0.01785	0.01303	0.00656	0.00532	0.00164	0.00454	0.00532	0.00645	0.00898
48	0.01183	0.01200	0.01615	0.01387	0.01396	0.04111	0.01152	0.01299	0.00832	0.01273	0.00698	0.01150	0.00694	0.00913	0.01695	0.00228	0.77903	0.00459	0.00233	0.00579
49	0.02010	0.01481	0.01587	0.01216	0.01639	0.01639	0.01005	0.76360	0.02486	0.03332	0.01269	0.01269	0.00899	0.00635	0.00529	0.00159	0.00582	0.00476	0.00529	0.00899
50	0.00625	0.00536	0.00536	0.00536	0.00714	0.00446	0.00402	0.00759	0.01205	0.01428	0.05355	0.05088	0.77909	0.01339	0.00625	0.00179	0.00268	0.01116	0.00491	0.00446
51	0.02010	0.01481	0.01587	0.01216	0.01639	0.01639	0.01005	0.76360	0.02486	0.03332	0.01269	0.01269	0.00899	0.00635	0.00529	0.00159	0.00582	0.00476	0.00529	0.00899
52	0.01308	0.01256	0.02146	0.03245	0.78123	0.01256	0.01622	0.01622	0.01204	0.01727	0.00994	0.01308	0.00837	0.00471	0.00523	0.00157	0.00628	0.00471	0.00262	0.00837
53	0.01413	0.81739	0.02770	0.00905	0.01357	0.02092	0.00905	0.01583	0.01074	0.01244	0.00735	0.00848	0.00678	0.00452	0.00339	0.00113	0.00565	0.00283	0.00226	0.00678
54	0.00823	0.00594	0.00815	0.00929	0.01048	0.00586	0.00798	0.01049	0.01203	0.01557	0.02974	0.10895	0.07980	0.01465	0.00720	0.00237	0.00460	0.64897	0.00487	0.00480
55	0.01308	0.01256	0.02146	0.03245	0.78123	0.01256	0.01622	0.01622	0.01204	0.01727	0.00994	0.01308	0.00837	0.00471	0.00523	0.00157	0.00628	0.00471	0.00262	0.00837
56	0.00790	0.00535	0.00611	0.00603	0.00607	0.00551	0.00352	0.00802	0.00782	0.01066	0.01633	0.03327	0.01859	0.75812	0.02578	0.00489	0.03354	0.00749	0.03166	0.00335
57	0.01405	0.79857	0.04578	0.00919	0.01379	0.02071	0.00930	0.01585	0.01075	0.01254	0.00740	0.00854	0.00678	0.00453	0.00343	0.00114	0.00570	0.00285	0.00226	0.00681
58	0.00651	0.00465	0.00620	0.00731	0.00768	0.00434	0.00491	0.00753	0.01044	0.01400	0.07801	0.76046	0.03594	0.01619	0.00671	0.00212	0.00303	0.01467	0.00497	0.00434
59	0.49442	0.04469	0.01037	0.00903	0.04571	0.01140	0.00698	0.03326	0.08910	0.10150	0.05428	0.01441	0.01110	0.00593	0.00415	0.00163	0.00428	0.02777	0.00399	0.02599
60	0.01986	0.01472	0.01587	0.01221	0.01632	0.01639	0.01009	0.74240	0.02438	0.03274	0.01253	0.01266	0.00893	0.00643	0.00563	0.00161	0.02837	0.00476	0.00520	0.00890
61	0.01228	0.01090	0.01366	0.22859	0.07133	0.01273	0.01062	0.02331	0.51255	0.01943	0.01743	0.01774	0.01313	0.00649	0.00534	0.00177	0.00511	0.00554	0.00437	0.00769
62	0.01206	0.01151	0.01960	0.28738	0.53433	0.01229	0.01571	0.01532	0.01155	0.01602	0.00976	0.01342	0.00793	0.00490	0.00525	0.00163	0.00653	0.00471	0.00253	0.00754

[dist]
# distance from previous block
# <min> <max>
2	12

[block]
# block no. 3 follows, 46 sequences, length 53
# corresponding to MSA columns:
# 502-554
name=unknown_D
#
# <colnr> <probs for GDERKNQSTAVLIFYWHMCP>
#	G	D	E	R	K	N	Q	S	T	A	V	L	I	F	Y	W	H	M	C	P
0	0.00827	0.00568	0.00699	0.00669	0.00819	0.00515	0.00500	0.01055	0.03138	0.07003	0.43823	0.13085	0.22958	0.01176	0.00622	0.00175	0.00278	0.01024	0.00552	0.00512
1	0.00682	0.00489	0.00641	0.00746	0.00790	0.00463	0.00504	0.02692	0.01064	0.01423	0.05033	0.76796	0.03473	0.01613	0.00670	0.00212	0.00312	0.01461	0.00494	0.00443
2	0.02502	0.01015	0.01335	0.01049	0.01464	0.00872	0.00845	0.02658	0.01605	0.76659	0.02220	0.02008	0.01450	0.00759	0.00601	0.00193	0.00506	0.00582	0.00701	0.00976
3	0.01260	0.01391	0.02920	0.02437	0.18227	0.01320	0.60899	0.01679	0.01239	0.01700	0.01054	0.01402	0.00809	0.00451	0.00603	0.00174	0.00837	0.00593	0.00266	0.00739
4	0.00998	0.00940	0.01586	0.80150	0.03641	0.01175	0.01468	0.01351	0.01057	0.01351	0.00940	0.01409	0.00705	0.00529	0.00529	0.00176	0.00705	0.00470	0.00235	0.00587
5	0.02316	0.00927	0.01232	0.00947	0.01350	0.00825	0.00782	0.07200	0.01565	0.71928	0.02026	0.01770	0.01284	0.00652	0.00528	0.00162	0.00453	0.00527	0.02636	0.00890
6	0.00665	0.00498	0.00645	0.00769	0.02582	0.00459	0.00516	0.00776	0.01060	0.01382	0.03301	0.62498	0.16717	0.01564	0.00665	0.00208	0.00315	0.04451	0.00485	0.00444
7	0.08532	0.04561	0.27080	0.01108	0.01637	0.01010	0.01158	0.02156	0.01315	0.43868	0.01548	0.01460	0.01013	0.00583	0.00498	0.00163	0.00561	0.00456	0.00468	0.00826
8	0.01413	0.81739	0.02770	0.00905	0.01357	0.02092	0.00905	0.01583	0.01074	0.01244	0.00735	0.00848	0.00678	0.00452	0.00339	0.00113	0.00565	0.00283	0.00226	0.00678
9	0.01413	0.81739	0.02770	0.00905	0.01357	0.02092	0.00905	0.01583	0.01074	0.01244	0.00735	0.00848	0.00678	0.00452	0.00339	0.00113	0.00565	0.00283	0.00226	0.00678
10	0.00625	0.00536	0.00536	0.00536	0.00714	0.00446	0.00402	0.00759	0.01205	0.01428	0.05355	0.05088	0.77909	0.01339	0.00625	0.00179	0.00268	0.01116	0.00491	0.00446
11	0.01144	0.01138	0.01595	0.01371	0.01374	0.01589	0.01141	0.01262	0.00811	0.01271	0.00717	0.01186	0.00714	0.01021	0.04181	0.00251	0.77962	0.00466	0.00233	0.00575
12	0.01746	0.34853	0.02017	0.01175	0.01521	0.47787	0.00974	0.01895	0.01325	0.01273	0.00784	0.00910	0.00680	0.00507	0.00421	0.00127	0.00795	0.00317	0.00254	0.00640
13	0.01078	0.00621	0.00808	0.00722	0.00908	0.00564	0.00555	0.01328	0.02740	0.17623	0.54559	0.05546	0.08803	0.01019	0.00605	0.00168	0.00296	0.00888	0.00588	0.00581
14	0.00700	0.00548	0.00632	0.00613	0.00762	0.00490	0.00457	0.00913	0.02880	0.01760	0.39289	0.06230	0.38858	0.02717	0.00662	0.00180	0.00268	0.01032	0.00532	0.00476
15	0.00755	0.00566	0.00850	0.00850	0.00944	0.00661	0.00661	0.00944	0.00850	0.01227	0.01416	0.02077	0.01322	0.03965	0.79326	0.00850	0.01416	0.00566	0.00283	0.00472
16	0.01315	0.01136	0.01195	0.01076	0.01375	0.01315	0.00837	0.02809	0.77168	0.02211	0.02152	0.01972	0.01614	0.00717	0.00538	0.00179	0.00418	0.00598	0.00538	0.00837
17	0.01096	0.00940	0.01096	0.00783	0.01253	0.00705	0.00626	0.01331	0.01096	0.01723	0.00940	0.01096	0.00783	0.00392	0.00392	0.00078	0.00392	0.00313	0.00313	0.84653
18	0.00998	0.00940	0.01586	0.80150	0.03641	0.01175	0.01468	0.01351	0.01057	0.01351	0.00940	0.01409	0.00705	0.00529	0.00529	0.00176	0.00705	0.00470	0.00235	0.00587
19	0.01300	0.01237	0.02057	0.05399	0.70095	0.01258	0.01559	0.01704	0.06923	0.01752	0.01080	0.01361	0.00892	0.00491	0.00525	0.00159	0.00615	0.00481	0.00282	0.00830
20	0.80982	0.01018	0.00817	0.04636	0.01152	0.01185	0.00617	0.01544	0.00907	0.02321	0.00746	0.00886	0.00579	0.00493	0.00337	0.00164	0.00424	0.00295	0.00323	0.00573
21	0.01214	0.37125	0.45638	0.01245	0.01883	0.01604	0.01497	0.01634	0.01098	0.01487	0.00856	0.00999	0.00673	0.00481	0.00431	0.00144	0.00687	0.00344	0.00224	0.00737
22	0.01235	0.01199	0.01954	0.26697	0.52942	0.03691	0.01556	0.01555	0.01168	0.01598	0.00972	0.01328	0.00792	0.00491	0.00523	0.00162	0.00662	0.00467	0.00254	0.00754
23	0.00653	0.00500	0.00599	0.00651	0.00751	0.00446	0.00459	0.00784	0.01157	0.01496	0.15286	0.41246	0.31165	0.01451	0.00648	0.00194	0.00284	0.01276	0.00505	0.00446
24	0.01060	0.02735	0.78682	0.01507	0.02288	0.01228	0.01953	0.01674	0.01116	0.01674	0.00949	0.01116	0.00670	0.00502	0.00502	0.00167	0.00781	0.00391	0.00223	0.00781
25	0.81669	0.04383	0.00860	0.00704	0.01036	0.01224	0.00586	0.01555	0.00907	0.02325	0.00736	0.00858	0.00577	0.00489	0.00328	0.00161	0.00415	0.00286	0.00323	0.00577
26	0.01308	0.01256	0.02146	0.03245	0.78123	0.01256	0.01622	0.01622	0.01204	0.01727	0.00994	0.01308	0.00837	0.00471	0.00523	0.00157	0.00628	0.00471	0.00262	0.00837
27	0.00642	0.00480	0.00597	0.00687	0.00755	0.00435	0.00470	0.00747	0.01069	0.01386	0.05227	0.61452	0.20994	0.01568	0.00662	0.00205	0.00296	0.01399	0.00493	0.00435
28	0.01146	0.01699	0.24651	0.01958	0.08965	0.01224	0.39733	0.01592	0.01179	0.01655	0.01187	0.07129	0.01003	0.00581	0.00609	0.00178	0.02428	0.02093	0.00274	0.00716
29	0.00719	0.00573	0.00629	0.00602	0.00770	0.00509	0.00453	0.03717	0.01334	0.01706	0.27495	0.04555	0.50802	0.02981	0.00666	0.00181	0.00279	0.01034	0.00517	0.00477
30	0.00748	0.00540	0.00707	0.00665	0.00790	0.00499	0.00499	0.00998	0.01496	0.02120	0.77844	0.03949	0.04988	0.01081	0.00624	0.00166	0.00249	0.00956	0.00582	0.00499
31	0.00650	0.00465	0.00619	0.00732	0.00768	0.00433	0.00491	0.00751	0.01039	0.01393	0.07139	0.76727	0.03581	0.01624	0.00672	0.00212	0.00303	0.01472	0.00496	0.00433
32	0.01229	0.01406	0.05014	0.12540	0.08597	0.03382	0.53222	0.01636	0.01204	0.01622	0.01021	0.01382	0.00780	0.00483	0.00642	0.00177	0.04133	0.00570	0.00260	0.00700
33	0.06291	0.01301	0.01449	0.01116	0.01530	0.01383	0.00921	0.52636	0.02143	0.23615	0.01463	0.01392	0.00993	0.00633	0.00519	0.00160	0.00537	0.00481	0.00553	0.00883
34	0.00642	0.00526	0.00566	0.00578	0.00730	0.00450	0.00425	0.00784	0.01214	0.01500	0.13673	0.15020	0.59357	0.01350	0.00631	0.00182	0.00271	0.01148	0.00502	0.00450
35	0.00661	0.00559	0.00574	0.00566	0.00745	0.00484	0.00426	0.00856	0.04175	0.01511	0.10763	0.04880	0.69383	0.01295	0.00621	0.00178	0.00272	0.01083	0.00500	0.00465
36	0.01464	0.57646	0.09798	0.01109	0.03805	0.11437	0.01049	0.04506	0.01184	0.01386	0.00793	0.00922	0.00691	0.00484	0.00407	0.00126	0.01942	0.00316	0.00244	0.00692
37	0.06498	0.03408	0.01497	0.05953	0.01677	0.55538	0.01035	0.03894	0.02588	0.01423	0.00836	0.01025	0.00699	0.00594	0.00636	0.00153	0.11283	0.00368	0.00278	0.00617
38	0.85155	0.01022	0.00777	0.00695	0.01022	0.01186	0.00573	0.01554	0.00900	0.02372	0.00736	0.00859	0.00573	0.00491	0.00327	0.00164	0.00409	0.00286	0.00327	0.00573
39	0.00700	0.00539	0.00640	0.00615	0.00760	0.00478	0.00461	0.00905	0.01383	0.01852	0.49739	0.04390	0.33260	0.01181	0.00624	0.00171	0.00257	0.01018	0.00547	0.00478
40	0.01720	0.23041	0.03354	0.02838	0.01564	0.51068	0.00989	0.01867	0.01324	0.01274	0.00819	0.00990	0.00705	0.00650	0.02378	0.03372	0.00836	0.00339	0.00257	0.00615
41	0.00748	0.00540	0.00707	0.00665	0.00790	0.00499	0.00499	0.00998	0.01496	0.02120	0.77844	0.03949	0.04988	0.01081	0.00624	0.00166	0.00249	0.00956	0.00582	0.00499
42	0.01308	0.01256	0.02146	0.03245	0.78123	0.01256	0.01622	0.01622	0.01204	0.01727	0.00994	0.01308	0.00837	0.00471	0.00523	0.00157	0.00628	0.00471	0.00262	0.00837
43	0.00743	0.00536	0.00702	0.00669	0.00789	0.00495	0.00498	0.00985	0.01473	0.02083	0.74219	0.07681	0.04916	0.01109	0.00626	0.00169	0.00252	0.00983	0.00578	0.00495
44	0.01276	0.01222	0.02074	0.05369	0.73290	0.01226	0.01576	0.01585	0.01200	0.01706	0.01144	0.01442	0.03506	0.00503	0.00527	0.00158	0.00618	0.00493	0.00269	0.00817
45	0.00641	0.00490	0.00589	0.00662	0.00749	0.00438	0.00459	0.00754	0.01100	0.01407	0.06648	0.50906	0.30216	0.01521	0.00655	0.00200	0.00291	0.01343	0.00494	0.00438
46	0.01299	0.01247	0.02129	0.05507	0.75933	0.01254	0.01618	0.01614	0.01199	0.01716	0.00993	0.01311	0.00833	0.00473	0.00524	0.00158	0.00630	0.00471	0.00261	0.00830
47	0.01250	0.01404	0.02996	0.02284	0.08734	0.01339	0.67974	0.01675	0.01231	0.01683	0.01052	0.01408	0.00802	0.00462	0.00650	0.00178	0.03286	0.00607	0.00266	0.00719
48	0.01049	0.00992	0.01661	0.63655	0.13025	0.01180	0.03376	0.01438	0.03988	0.01442	0.01085	0.01492	0.02309	0.00542	0.00533	0.00174	0.00680	0.00492	0.00256	0.00629
49	0.03007	0.01205	0.01901	0.13374	0.51265	0.03465	0.02785	0.01598	0.02696	0.03324	0.01097	0.01391	0.02399	0.00526	0.00575	0.00161	0.04390	0.00476	0.00279	0.04085
50	0.01185	0.00929	0.01237	0.09828	0.10468	0.00915	0.01991	0.03160	0.15310	0.08030	0.01732	0.13200	0.03439	0.03175	0.00590	0.00166	0.00465	0.02130	0.00406	0.21645
51	0.01245	0.01128	0.01720	0.09091	0.42635	0.01163	0.02683	0.08213	0.09178	0.01857	0.03273	0.04192	0.07861	0.00639	0.00540	0.00163	0.00558	0.00582	0.00347	0.02933
52	0.01304	0.01264	0.01988	0.06179	0.62141	0.03956	0.01496	0.01664	0.05152	0.01702	0.01032	0.01321	0.00859	0.00505	0.00568	0.00158	0.03946	0.00467	0.00276	0.04022

[dist]
# distance from previous block
# <min> <max>
0	57

# created by:
# /st0/software/busco_prod/Augustus/scripts/msa2prfl.pl ./align_prep/166295.fa
