[name]
unknown

[dist]
# distance from previous block
# <min> <max>
5	70

[block]
# block no. 0 follows, 47 sequences, length 23
# corresponding to MSA columns:
# 74-96
name=unknown_A
#
# <colnr> <probs for GDERKNQSTAVLIFYWHMCP>
#	G	D	E	R	K	N	Q	S	T	A	V	L	I	F	Y	W	H	M	C	P
0	0.01406	0.31735	0.24099	0.01229	0.05927	0.01445	0.03081	0.04859	0.01199	0.11807	0.01023	0.01113	0.00778	0.00489	0.00435	0.00136	0.00600	0.00371	0.00301	0.07966
1	0.01212	0.14028	0.34755	0.02045	0.29974	0.01360	0.04771	0.03036	0.01156	0.01636	0.00930	0.01145	0.00731	0.00476	0.00484	0.00153	0.00683	0.00409	0.00242	0.00774
2	0.01362	0.41287	0.29971	0.01102	0.01650	0.01552	0.01237	0.01693	0.01137	0.10775	0.03186	0.01132	0.00862	0.00505	0.00423	0.00138	0.00611	0.00365	0.00283	0.00726
3	0.00639	0.00463	0.00605	0.00707	0.00753	0.00428	0.00478	0.00743	0.01040	0.01382	0.07684	0.71208	0.08798	0.01575	0.00658	0.00206	0.00296	0.01420	0.00489	0.00428
4	0.00768	0.00501	0.00576	0.00576	0.00576	0.00501	0.00325	0.00752	0.00752	0.01002	0.01589	0.03279	0.01824	0.76077	0.02607	0.06440	0.00501	0.00736	0.00309	0.00309
5	0.02633	0.01323	0.11455	0.13952	0.44761	0.01190	0.01466	0.03004	0.07444	0.01700	0.01159	0.05516	0.00982	0.00561	0.00519	0.00164	0.00611	0.00514	0.00289	0.00757
6	0.02249	0.00865	0.01173	0.00907	0.01287	0.00751	0.00740	0.02439	0.01450	0.74480	0.02031	0.01864	0.01323	0.05156	0.00642	0.00180	0.00447	0.00537	0.00626	0.00854
7	0.02336	0.00886	0.01209	0.00927	0.01329	0.00765	0.00765	0.02538	0.01491	0.78810	0.02055	0.01773	0.01289	0.00645	0.00524	0.00161	0.00443	0.00524	0.00645	0.00886
8	0.01058	0.09174	0.68714	0.01393	0.02103	0.01244	0.01766	0.01608	0.01115	0.01636	0.04813	0.01218	0.00875	0.00519	0.00487	0.00160	0.00726	0.00404	0.00238	0.00747
9	0.03667	0.03795	0.06449	0.01591	0.18981	0.12287	0.01101	0.24171	0.08187	0.05324	0.01328	0.01425	0.03708	0.00635	0.00557	0.03236	0.00602	0.00469	0.01727	0.00759
10	0.85377	0.01007	0.00765	0.00685	0.01007	0.01168	0.00564	0.01531	0.00886	0.02336	0.00725	0.00846	0.00564	0.00483	0.00322	0.00161	0.00403	0.00282	0.00322	0.00564
11	0.01429	0.71323	0.05821	0.00958	0.01400	0.09194	0.00945	0.01611	0.01098	0.01248	0.00740	0.00856	0.00668	0.00456	0.00353	0.00116	0.00601	0.00288	0.00227	0.00667
12	0.01865	0.01117	0.01336	0.06612	0.01566	0.01146	0.00879	0.32011	0.06293	0.29023	0.03650	0.01587	0.01176	0.02325	0.00559	0.00162	0.00503	0.00501	0.00525	0.07163
13	0.01963	0.01216	0.01384	0.01083	0.01463	0.01280	0.00885	0.49844	0.02061	0.23886	0.01609	0.08215	0.01214	0.00716	0.00534	0.00162	0.00514	0.00570	0.00552	0.00846
14	0.00997	0.00638	0.00770	0.00718	0.00883	0.00602	0.00525	0.01279	0.09022	0.12384	0.20720	0.16711	0.14688	0.13454	0.00906	0.00224	0.00348	0.00912	0.00500	0.03719
15	0.00752	0.00503	0.00570	0.00575	0.00577	0.00501	0.00323	0.00756	0.00768	0.01024	0.01697	0.06953	0.01964	0.78057	0.02560	0.00492	0.00496	0.00790	0.00323	0.00320
16	0.01444	0.09168	0.16375	0.03827	0.27199	0.01237	0.03877	0.08857	0.02751	0.13724	0.02329	0.01535	0.01018	0.00567	0.00510	0.00159	0.00605	0.03681	0.00351	0.00785
17	0.01881	0.05453	0.04781	0.01137	0.01552	0.01460	0.00971	0.53015	0.07454	0.13006	0.03135	0.01401	0.01060	0.00629	0.00514	0.00157	0.00544	0.00482	0.00511	0.00857
18	0.00655	0.00478	0.00635	0.03716	0.00848	0.00457	0.00505	0.00751	0.00991	0.01312	0.02817	0.70002	0.06380	0.06846	0.00788	0.00228	0.00329	0.01378	0.00463	0.00422
19	0.01808	0.04314	0.01461	0.03065	0.01538	0.01372	0.00905	0.47747	0.07914	0.12124	0.01364	0.01352	0.00974	0.00599	0.00498	0.00148	0.00521	0.00461	0.02228	0.09606
20	0.01188	0.08945	0.23437	0.06378	0.02958	0.01116	0.08671	0.05320	0.02475	0.04284	0.01028	0.01263	0.00812	0.03879	0.00554	0.00149	0.00599	0.00409	0.00292	0.26242
21	0.02743	0.08646	0.35746	0.01405	0.06664	0.01192	0.06889	0.03921	0.01188	0.12357	0.01079	0.01204	0.00787	0.00510	0.00522	0.00151	0.03415	0.00411	0.00306	0.10866
22	0.01330	0.08669	0.18045	0.01721	0.04946	0.03353	0.33494	0.07363	0.05163	0.05139	0.01086	0.01296	0.00816	0.00515	0.00598	0.00167	0.04763	0.00502	0.00299	0.00736

[dist]
# distance from previous block
# <min> <max>
0	5

[block]
# block no. 1 follows, 47 sequences, length 29
# corresponding to MSA columns:
# 102-130
name=unknown_B
#
# <colnr> <probs for GDERKNQSTAVLIFYWHMCP>
#	G	D	E	R	K	N	Q	S	T	A	V	L	I	F	Y	W	H	M	C	P
0	0.00766	0.00588	0.00819	0.14372	0.01285	0.00612	0.00675	0.04901	0.01082	0.01434	0.02451	0.63401	0.02837	0.01388	0.00632	0.00202	0.00384	0.01252	0.00442	0.00474
1	0.01789	0.01347	0.01465	0.01262	0.06147	0.04388	0.00962	0.51530	0.11052	0.07086	0.01470	0.06550	0.01146	0.00688	0.00529	0.00162	0.00546	0.00546	0.00501	0.00834
2	0.00656	0.00464	0.00605	0.00710	0.00739	0.00439	0.00470	0.00739	0.00970	0.01292	0.02702	0.68878	0.03223	0.12424	0.00934	0.00252	0.00334	0.03298	0.00461	0.00410
3	0.01019	0.00967	0.01634	0.70663	0.06336	0.01173	0.04764	0.01416	0.04265	0.01395	0.00983	0.01409	0.00741	0.00523	0.00525	0.00173	0.00688	0.00475	0.00246	0.00604
4	0.01887	0.10916	0.01609	0.01294	0.01581	0.71384	0.00994	0.02024	0.01431	0.01269	0.00796	0.00928	0.00671	0.00527	0.00455	0.00132	0.00899	0.00329	0.00263	0.00611
5	0.01112	0.18198	0.64091	0.01368	0.02075	0.01376	0.01722	0.01632	0.01091	0.01566	0.00893	0.01048	0.00661	0.00485	0.00463	0.00154	0.00728	0.00364	0.00220	0.00750
6	0.01392	0.82012	0.02729	0.00891	0.01337	0.02061	0.00891	0.01559	0.01058	0.01225	0.00724	0.00835	0.00668	0.00446	0.00334	0.00111	0.00557	0.00278	0.00223	0.00668
7	0.50837	0.12602	0.06249	0.00841	0.01229	0.01225	0.02240	0.01733	0.01044	0.16376	0.00993	0.01045	0.00725	0.00508	0.00378	0.00155	0.00465	0.00340	0.00360	0.00655
8	0.00983	0.00926	0.01562	0.80447	0.03587	0.01157	0.01446	0.01331	0.01041	0.01331	0.00926	0.01388	0.00694	0.00521	0.00521	0.00174	0.00694	0.00463	0.00231	0.00579
9	0.01917	0.01427	0.01528	0.01186	0.01591	0.01586	0.00975	0.69933	0.09331	0.03181	0.01330	0.01314	0.00950	0.00633	0.00522	0.00158	0.00558	0.00480	0.00522	0.00880
10	0.00637	0.00459	0.00605	0.00715	0.00754	0.00426	0.00480	0.00735	0.01021	0.01359	0.05639	0.75667	0.06375	0.01599	0.00661	0.00208	0.00299	0.01447	0.00487	0.00426
11	0.00647	0.00467	0.00612	0.00706	0.00756	0.00433	0.00480	0.00760	0.01069	0.01433	0.12841	0.67414	0.07370	0.01542	0.00656	0.00203	0.00293	0.01391	0.00495	0.00433
12	0.01139	0.01139	0.01595	0.01367	0.01367	0.01595	0.01139	0.01253	0.00798	0.01253	0.00684	0.01139	0.00684	0.00911	0.01709	0.00228	0.80745	0.00456	0.00228	0.00570
13	0.00737	0.00532	0.00696	0.00655	0.00778	0.00491	0.00491	0.00983	0.01474	0.02088	0.78175	0.03890	0.04914	0.01065	0.00614	0.00164	0.00246	0.00942	0.00573	0.00491
14	0.02315	0.00921	0.01230	0.00943	0.01347	0.00817	0.00779	0.07075	0.01549	0.74190	0.02005	0.01741	0.01264	0.00643	0.00524	0.00161	0.00451	0.00520	0.00637	0.00886
15	0.01791	0.00824	0.01073	0.00869	0.01185	0.00758	0.00700	0.04864	0.07116	0.48489	0.23737	0.02370	0.02330	0.00768	0.00550	0.00163	0.00389	0.00646	0.00611	0.00769
16	0.02100	0.01266	0.01444	0.01107	0.01519	0.01329	0.00914	0.51766	0.02126	0.28685	0.01521	0.01426	0.01021	0.00632	0.00522	0.00158	0.00529	0.00487	0.00563	0.00886
17	0.01784	0.01191	0.01310	0.01031	0.01366	0.01280	0.00826	0.51901	0.01999	0.12281	0.01434	0.01684	0.01114	0.13155	0.00842	0.00209	0.00530	0.00521	0.04764	0.00777
18	0.66479	0.01024	0.00889	0.00761	0.01100	0.01146	0.00626	0.06787	0.02783	0.12874	0.00974	0.01025	0.00708	0.00520	0.00368	0.00161	0.00420	0.00335	0.00385	0.00636
19	0.01131	0.01143	0.01639	0.15247	0.01823	0.04240	0.05340	0.01307	0.00890	0.01289	0.00777	0.01224	0.00714	0.00915	0.04288	0.00235	0.56524	0.00465	0.00234	0.00576
20	0.01598	0.01082	0.01266	0.01044	0.03956	0.01069	0.00809	0.27376	0.08553	0.16169	0.06449	0.05098	0.01367	0.00645	0.00501	0.00142	0.00457	0.00526	0.00485	0.21408
21	0.01148	0.08938	0.43062	0.01750	0.05420	0.01320	0.27711	0.01646	0.01144	0.01622	0.00960	0.01191	0.00712	0.00470	0.00523	0.00164	0.00783	0.00459	0.00237	0.00740
22	0.00764	0.00537	0.00686	0.00654	0.00785	0.00489	0.00488	0.00985	0.01409	0.04264	0.62528	0.09319	0.12895	0.01120	0.00615	0.00168	0.00258	0.00984	0.00559	0.00493
23	0.00740	0.00534	0.00700	0.00664	0.00787	0.00495	0.00502	0.00986	0.01466	0.02072	0.75907	0.03950	0.04856	0.01076	0.00617	0.00166	0.00253	0.03167	0.00570	0.00491
24	0.01300	0.06003	0.08124	0.12025	0.41352	0.05929	0.01390	0.04516	0.04334	0.03974	0.01134	0.05555	0.00964	0.00561	0.00510	0.00158	0.00624	0.00500	0.00295	0.00750
25	0.00941	0.00644	0.00799	0.00839	0.05889	0.00592	0.00578	0.01190	0.05979	0.11206	0.17473	0.16369	0.33212	0.01145	0.00600	0.00176	0.00321	0.00988	0.00508	0.00551
26	0.00633	0.00460	0.00597	0.00708	0.00751	0.00424	0.00476	0.00727	0.01014	0.01336	0.03083	0.74600	0.10065	0.01604	0.00660	0.00208	0.00299	0.01447	0.00483	0.00424
27	0.03072	0.00953	0.01120	0.00939	0.01224	0.00970	0.00742	0.29339	0.01698	0.21856	0.07358	0.22036	0.04533	0.00937	0.00564	0.00173	0.00435	0.00791	0.00542	0.00720
28	0.02997	0.07609	0.11011	0.01128	0.02993	0.05691	0.02311	0.20055	0.03149	0.30807	0.04146	0.01566	0.02928	0.00622	0.00506	0.00156	0.00551	0.00490	0.00481	0.00805

[dist]
# distance from previous block
# <min> <max>
3	7

[block]
# block no. 2 follows, 47 sequences, length 33
# corresponding to MSA columns:
# 138-170
name=unknown_C
#
# <colnr> <probs for GDERKNQSTAVLIFYWHMCP>
#	G	D	E	R	K	N	Q	S	T	A	V	L	I	F	Y	W	H	M	C	P
0	0.01826	0.01578	0.04459	0.01317	0.05988	0.11594	0.01036	0.52565	0.08165	0.02756	0.01244	0.01276	0.00911	0.00606	0.00511	0.00155	0.00611	0.00458	0.02116	0.00829
1	0.20917	0.00659	0.00729	0.00685	0.00864	0.00662	0.00529	0.01163	0.01282	0.05690	0.45626	0.08364	0.06486	0.00967	0.00548	0.00169	0.00305	0.03329	0.00504	0.00520
2	0.00664	0.00518	0.00603	0.00606	0.00739	0.00456	0.00445	0.00832	0.01266	0.01651	0.32268	0.16312	0.39234	0.01271	0.00623	0.00177	0.00263	0.01099	0.00517	0.00456
3	0.01945	0.02482	0.01476	0.01342	0.01610	0.79608	0.01006	0.02079	0.01476	0.01275	0.00805	0.00939	0.00671	0.00537	0.00470	0.00134	0.00939	0.00335	0.00268	0.00604
4	0.15489	0.01214	0.01269	0.01006	0.01369	0.02642	0.00824	0.44202	0.01907	0.13491	0.04895	0.01422	0.01104	0.00623	0.00482	0.00155	0.00496	0.00467	0.06161	0.00783
5	0.11761	0.01150	0.01579	0.01927	0.34668	0.02897	0.02641	0.10642	0.06407	0.11717	0.06847	0.01590	0.02729	0.00586	0.00505	0.00159	0.00530	0.00505	0.00391	0.00769
6	0.01392	0.82012	0.02729	0.00891	0.01337	0.02061	0.00891	0.01559	0.01058	0.01225	0.00724	0.00835	0.00668	0.00446	0.00334	0.00111	0.00557	0.00278	0.00223	0.00668
7	0.01092	0.13478	0.68630	0.01404	0.02129	0.01325	0.01784	0.01637	0.01094	0.01592	0.00906	0.01064	0.00661	0.00488	0.00473	0.00158	0.00741	0.00370	0.00220	0.00756
8	0.01067	0.07822	0.74069	0.01446	0.02195	0.01264	0.01857	0.01643	0.01097	0.01622	0.00921	0.01082	0.00660	0.00492	0.00484	0.00161	0.00756	0.00378	0.00220	0.00763
9	0.85377	0.01007	0.00765	0.00685	0.01007	0.01168	0.00564	0.01531	0.00886	0.02336	0.00725	0.00846	0.00564	0.00483	0.00322	0.00161	0.00403	0.00282	0.00322	0.00564
10	0.00905	0.00452	0.00678	0.00678	0.00678	0.00452	0.00452	0.00678	0.00678	0.00905	0.00905	0.01583	0.00905	0.01809	0.02035	0.84848	0.00452	0.00452	0.00226	0.00226
11	0.01962	0.00896	0.01151	0.00920	0.01270	0.00839	0.00746	0.06025	0.11437	0.54456	0.12573	0.02062	0.01811	0.00710	0.00537	0.00163	0.00418	0.00587	0.00614	0.00823
12	0.01080	0.00926	0.01080	0.00771	0.01234	0.00694	0.00617	0.01311	0.01080	0.01697	0.00926	0.01080	0.00771	0.00386	0.00386	0.00077	0.00386	0.00309	0.00309	0.84882
13	0.00628	0.00477	0.00579	0.00661	0.00738	0.00428	0.00455	0.00732	0.01059	0.01355	0.03652	0.56556	0.27743	0.01530	0.00649	0.00200	0.00290	0.01357	0.00483	0.00428
14	0.01139	0.01139	0.01595	0.01367	0.01367	0.01595	0.01139	0.01253	0.00798	0.01253	0.00684	0.01139	0.00684	0.00911	0.01709	0.00228	0.80745	0.00456	0.00228	0.00570
15	0.01941	0.01440	0.01541	0.01190	0.01600	0.01597	0.00981	0.72565	0.06660	0.03220	0.01299	0.01289	0.00925	0.00630	0.00521	0.00157	0.00564	0.00476	0.00521	0.00882
16	0.02171	0.00875	0.01174	0.00911	0.01288	0.00772	0.00748	0.05273	0.01526	0.68602	0.09239	0.01953	0.01617	0.00684	0.00532	0.00161	0.00429	0.00561	0.00633	0.00849
17	0.02101	0.00950	0.01216	0.00947	0.01323	0.00888	0.00777	0.14482	0.03230	0.57452	0.09317	0.01897	0.01582	0.00683	0.00532	0.00161	0.00444	0.00557	0.00615	0.00847
18	0.01980	0.01459	0.01563	0.01198	0.01615	0.01615	0.00990	0.76713	0.02448	0.03282	0.01250	0.01250	0.00886	0.00625	0.00521	0.00156	0.00573	0.00469	0.00521	0.00886
19	0.03926	0.00831	0.00870	0.00751	0.01001	0.00839	0.00593	0.22929	0.03265	0.04016	0.06847	0.03266	0.38284	0.00975	0.00548	0.00163	0.00363	0.00793	0.09139	0.00600
20	0.85377	0.01007	0.00765	0.00685	0.01007	0.01168	0.00564	0.01531	0.00886	0.02336	0.00725	0.00846	0.00564	0.00483	0.00322	0.00161	0.00403	0.00282	0.00322	0.00564
21	0.01694	0.02057	0.01523	0.07422	0.07935	0.56510	0.01088	0.01858	0.01327	0.01309	0.00837	0.01062	0.00709	0.00690	0.03467	0.00174	0.09090	0.00376	0.00261	0.00611
22	0.04479	0.03976	0.02613	0.00852	0.01120	0.00811	0.00687	0.08696	0.05109	0.27483	0.15603	0.18619	0.05883	0.00939	0.00558	0.00171	0.00391	0.00799	0.00537	0.00674
23	0.03839	0.08305	0.48569	0.01466	0.03821	0.01237	0.10926	0.01770	0.02831	0.10820	0.01087	0.01212	0.00773	0.00505	0.00497	0.00162	0.00705	0.00425	0.00287	0.00763
24	0.00652	0.00536	0.00576	0.00582	0.00737	0.00468	0.00430	0.00831	0.03389	0.01500	0.13551	0.14143	0.58164	0.01309	0.00619	0.00179	0.00271	0.01112	0.00496	0.00455
25	0.00740	0.00546	0.00697	0.00687	0.00808	0.00513	0.00516	0.00999	0.03964	0.01910	0.55757	0.13961	0.10068	0.01167	0.00624	0.00176	0.00274	0.05557	0.00548	0.00489
26	0.04244	0.14233	0.52564	0.01469	0.07646	0.01371	0.01618	0.07994	0.01206	0.01753	0.00926	0.01078	0.00689	0.00496	0.00468	0.00155	0.00697	0.00378	0.00252	0.00761
27	0.00798	0.00613	0.00685	0.00671	0.00845	0.00574	0.00511	0.01119	0.10708	0.04537	0.15842	0.11318	0.43290	0.01213	0.00611	0.00180	0.00302	0.05160	0.00509	0.00513
28	0.00634	0.00453	0.00604	0.00725	0.00755	0.00423	0.00483	0.00725	0.00997	0.01329	0.02870	0.81358	0.03444	0.01632	0.00665	0.00211	0.00302	0.01480	0.00483	0.00423
29	0.00634	0.00453	0.00604	0.00725	0.00755	0.00423	0.00483	0.00725	0.00997	0.01329	0.02870	0.81358	0.03444	0.01632	0.00665	0.00211	0.00302	0.01480	0.00483	0.00423
30	0.03713	0.14884	0.09639	0.02734	0.01580	0.10789	0.01019	0.29542	0.08968	0.06502	0.04781	0.01340	0.01067	0.00595	0.00482	0.00150	0.00595	0.00445	0.00410	0.00766
31	0.03582	0.01133	0.01758	0.33693	0.27772	0.04045	0.05578	0.05467	0.01161	0.01584	0.00980	0.01400	0.00804	0.04315	0.00673	0.00183	0.04461	0.00476	0.00265	0.00671
32	0.85377	0.01007	0.00765	0.00685	0.01007	0.01168	0.00564	0.01531	0.00886	0.02336	0.00725	0.00846	0.00564	0.00483	0.00322	0.00161	0.00403	0.00282	0.00322	0.00564

[dist]
# distance from previous block
# <min> <max>
0	59

[block]
# block no. 3 follows, 47 sequences, length 41
# corresponding to MSA columns:
# 230-270
name=unknown_D
#
# <colnr> <probs for GDERKNQSTAVLIFYWHMCP>
#	G	D	E	R	K	N	Q	S	T	A	V	L	I	F	Y	W	H	M	C	P
0	0.04516	0.00895	0.01196	0.00924	0.01321	0.00790	0.00762	0.02517	0.03426	0.74811	0.02021	0.01752	0.01278	0.00642	0.00519	0.00162	0.00441	0.00519	0.00633	0.00876
1	0.01475	0.70123	0.02542	0.00958	0.01377	0.13653	0.00908	0.01637	0.01121	0.01233	0.00736	0.00851	0.00669	0.00459	0.00354	0.00115	0.00614	0.00287	0.00230	0.00659
2	0.00730	0.00532	0.00686	0.00648	0.00774	0.00488	0.00486	0.00969	0.01458	0.02049	0.73976	0.03955	0.09137	0.01079	0.00614	0.00164	0.00247	0.00951	0.00568	0.00488
3	0.06431	0.12703	0.01599	0.01247	0.01542	0.65278	0.00967	0.01982	0.01389	0.01326	0.00790	0.00921	0.00665	0.00522	0.00444	0.00133	0.00860	0.00325	0.00265	0.00610
4	0.00917	0.00552	0.00761	0.00790	0.00901	0.00506	0.02161	0.01047	0.01111	0.12998	0.05366	0.57857	0.05902	0.01416	0.00642	0.00202	0.00342	0.05517	0.00506	0.00505
5	0.01315	0.01115	0.01711	0.02337	0.49350	0.01134	0.01266	0.01834	0.16187	0.07978	0.07132	0.01748	0.03372	0.00593	0.00529	0.00161	0.00527	0.00546	0.00371	0.00795
6	0.01833	0.02247	0.01424	0.01293	0.01566	0.66114	0.00975	0.02198	0.14576	0.01430	0.01031	0.01112	0.00829	0.00566	0.00480	0.00141	0.00848	0.00379	0.00313	0.00642
7	0.04856	0.47987	0.06384	0.01049	0.01450	0.23205	0.00962	0.01775	0.05572	0.01361	0.00838	0.00942	0.00717	0.00490	0.00391	0.00126	0.00659	0.00318	0.00257	0.00661
8	0.77871	0.00996	0.00805	0.00707	0.01036	0.01132	0.00582	0.01622	0.00941	0.09249	0.00845	0.00930	0.00630	0.00498	0.00340	0.00161	0.00406	0.00304	0.00351	0.00593
9	0.85377	0.01007	0.00765	0.00685	0.01007	0.01168	0.00564	0.01531	0.00886	0.02336	0.00725	0.00846	0.00564	0.00483	0.00322	0.00161	0.00403	0.00282	0.00322	0.00564
10	0.00998	0.00953	0.01649	0.75939	0.03537	0.01166	0.05773	0.01350	0.01052	0.01350	0.00933	0.01389	0.00700	0.00516	0.00526	0.00174	0.00705	0.00472	0.00233	0.00586
11	0.01331	0.01100	0.01170	0.01040	0.01335	0.01259	0.00812	0.06408	0.68180	0.04003	0.04379	0.01963	0.01643	0.00710	0.00529	0.00174	0.00413	0.00590	0.02148	0.00812
12	0.04516	0.00889	0.01197	0.00920	0.01321	0.00776	0.00760	0.02511	0.01475	0.76803	0.02020	0.01748	0.01270	0.00640	0.00518	0.00161	0.00442	0.00517	0.00636	0.00878
13	0.00634	0.00453	0.00604	0.00725	0.00755	0.00423	0.00483	0.00725	0.00997	0.01329	0.02870	0.81358	0.03444	0.01632	0.00665	0.00211	0.00302	0.01480	0.00483	0.00423
14	0.01139	0.01139	0.01595	0.01367	0.01367	0.01595	0.01139	0.01253	0.00798	0.01253	0.00684	0.01139	0.00684	0.00911	0.01709	0.00228	0.80745	0.00456	0.00228	0.00570
15	0.00744	0.00558	0.00837	0.00837	0.00930	0.00651	0.00651	0.00930	0.00837	0.01209	0.01395	0.02046	0.01302	0.03906	0.79635	0.00837	0.01395	0.00558	0.00279	0.00465
16	0.02328	0.00900	0.01217	0.00933	0.01336	0.00786	0.00771	0.04365	0.01514	0.76950	0.02035	0.01760	0.01279	0.00644	0.00524	0.00161	0.00446	0.00522	0.00642	0.00886
17	0.02315	0.00920	0.01229	0.00943	0.01346	0.00816	0.00779	0.06927	0.01547	0.74341	0.02007	0.01742	0.01265	0.00643	0.00524	0.00161	0.00451	0.00520	0.00637	0.00886
18	0.01980	0.01459	0.01563	0.01198	0.01615	0.01615	0.00990	0.76713	0.02448	0.03282	0.01250	0.01250	0.00886	0.00625	0.00521	0.00156	0.00573	0.00469	0.00521	0.00886
19	0.01289	0.01237	0.02114	0.03196	0.78450	0.01237	0.01598	0.01598	0.01186	0.01701	0.00980	0.01289	0.00825	0.00464	0.00516	0.00155	0.00619	0.00464	0.00258	0.00825
20	0.85377	0.01007	0.00765	0.00685	0.01007	0.01168	0.00564	0.01531	0.00886	0.02336	0.00725	0.00846	0.00564	0.00483	0.00322	0.00161	0.00403	0.00282	0.00322	0.00564
21	0.00963	0.00714	0.01144	0.30671	0.01875	0.00842	0.02406	0.00997	0.00837	0.01113	0.00894	0.01464	0.00802	0.01214	0.01408	0.43395	0.08172	0.00460	0.00229	0.00400
22	0.00822	0.00566	0.00724	0.00769	0.00863	0.00546	0.00554	0.06532	0.01207	0.04326	0.13388	0.55128	0.04885	0.01422	0.00644	0.00200	0.00330	0.06101	0.00504	0.00488
23	0.01344	0.04959	0.16939	0.02495	0.49122	0.12952	0.01545	0.01678	0.01207	0.01608	0.00935	0.01182	0.00764	0.00480	0.00497	0.00152	0.00693	0.00422	0.00251	0.00775
24	0.00629	0.00524	0.00549	0.00550	0.00714	0.00444	0.00410	0.00771	0.01207	0.01474	0.12716	0.08646	0.66962	0.01308	0.00618	0.00176	0.00264	0.01101	0.00493	0.00444
25	0.02295	0.00877	0.01195	0.00920	0.01315	0.00758	0.00758	0.02498	0.01490	0.76829	0.04020	0.01827	0.01383	0.00655	0.00526	0.00161	0.00438	0.00534	0.00643	0.00876
26	0.01149	0.02496	0.61754	0.03164	0.02271	0.08661	0.09990	0.01686	0.01148	0.01609	0.00935	0.01124	0.00676	0.00493	0.00506	0.00163	0.00796	0.00407	0.00229	0.00743
27	0.00905	0.00735	0.00895	0.01021	0.08398	0.03074	0.00688	0.01261	0.12396	0.03576	0.08844	0.29408	0.16237	0.01202	0.00614	0.00190	0.00380	0.09148	0.00473	0.00553
28	0.00634	0.00453	0.00604	0.00725	0.00755	0.00423	0.00483	0.00725	0.00997	0.01329	0.02870	0.81358	0.03444	0.01632	0.00665	0.00211	0.00302	0.01480	0.00483	0.00423
29	0.00634	0.00523	0.00559	0.00580	0.00733	0.00448	0.00434	0.00769	0.01171	0.01422	0.06568	0.14349	0.63038	0.01358	0.00627	0.00184	0.00280	0.05395	0.00485	0.00441
30	0.01895	0.01276	0.01423	0.05448	0.01615	0.03329	0.00939	0.45479	0.10133	0.18806	0.01520	0.03290	0.01089	0.00653	0.00524	0.00161	0.00538	0.00513	0.00525	0.00845
31	0.01147	0.01148	0.01575	0.05019	0.04566	0.04281	0.02752	0.01284	0.00862	0.01281	0.00776	0.01278	0.00760	0.05253	0.01561	0.00230	0.63156	0.00469	0.00238	0.02364
32	0.68789	0.05038	0.00977	0.05745	0.01237	0.04360	0.00673	0.05029	0.01000	0.02221	0.00765	0.00902	0.00596	0.00493	0.00350	0.00158	0.00458	0.00304	0.00319	0.00586
33	0.02302	0.00942	0.01243	0.00953	0.01357	0.00849	0.00787	0.09799	0.01584	0.71417	0.01976	0.01721	0.01250	0.00643	0.00523	0.00161	0.00456	0.00518	0.00632	0.00886
34	0.01479	0.01598	0.01929	0.02659	0.56167	0.23964	0.01427	0.01738	0.01270	0.01578	0.00929	0.01187	0.00780	0.00485	0.00502	0.00149	0.00712	0.00427	0.00261	0.00761
35	0.00652	0.00518	0.00585	0.00592	0.00732	0.00451	0.00435	0.00808	0.01237	0.01581	0.24797	0.16226	0.46952	0.01297	0.00623	0.00178	0.00265	0.01114	0.00508	0.00451
36	0.01945	0.02482	0.01476	0.01342	0.01610	0.79608	0.01006	0.02079	0.01476	0.01275	0.00805	0.00939	0.00671	0.00537	0.00470	0.00134	0.00939	0.00335	0.00268	0.00604
37	0.01273	0.00925	0.01379	0.04768	0.24030	0.00903	0.04321	0.08049	0.01352	0.14429	0.09968	0.11052	0.13652	0.00832	0.00564	0.00168	0.00472	0.00741	0.00436	0.00686
38	0.01285	0.01226	0.02032	0.02991	0.70688	0.01252	0.01530	0.01670	0.06538	0.01721	0.01051	0.01330	0.00874	0.00495	0.00553	0.00158	0.03041	0.00473	0.00276	0.00817
39	0.01392	0.82012	0.02729	0.00891	0.01337	0.02061	0.00891	0.01559	0.01058	0.01225	0.00724	0.00835	0.00668	0.00446	0.00334	0.00111	0.00557	0.00278	0.00223	0.00668
40	0.01327	0.01249	0.02084	0.03087	0.74253	0.01258	0.01565	0.05701	0.01255	0.01788	0.00994	0.01287	0.00828	0.00473	0.00516	0.00155	0.00616	0.00464	0.00272	0.00828

[dist]
# distance from previous block
# <min> <max>
0	17

[block]
# block no. 4 follows, 47 sequences, length 76
# corresponding to MSA columns:
# 288-314,321-336,345-376,378
name=unknown_E
#
# <colnr> <probs for GDERKNQSTAVLIFYWHMCP>
#	G	D	E	R	K	N	Q	S	T	A	V	L	I	F	Y	W	H	M	C	P
0	0.00732	0.00530	0.00674	0.00643	0.00752	0.00496	0.00469	0.00936	0.01337	0.01867	0.60233	0.03829	0.09394	0.11514	0.04132	0.00236	0.00327	0.00913	0.00522	0.00464
1	0.85377	0.01007	0.00765	0.00685	0.01007	0.01168	0.00564	0.01531	0.00886	0.02336	0.00725	0.00846	0.00564	0.00483	0.00322	0.00161	0.00403	0.00282	0.00322	0.00564
2	0.01107	0.00595	0.00614	0.00569	0.00728	0.00608	0.00438	0.09027	0.01241	0.03907	0.01661	0.01866	0.01287	0.00610	0.00384	0.00126	0.00282	0.00485	0.73928	0.00536
3	0.01338	0.01109	0.01179	0.01054	0.01353	0.01273	0.00822	0.02758	0.74375	0.05337	0.02117	0.01936	0.01577	0.00704	0.00530	0.00176	0.00413	0.00586	0.00535	0.00827
4	0.01127	0.00935	0.01092	0.00783	0.01244	0.00714	0.00628	0.02831	0.01116	0.03521	0.00958	0.01099	0.00786	0.00396	0.00392	0.00081	0.00391	0.00317	0.00321	0.81268
5	0.00634	0.00453	0.00604	0.00725	0.00755	0.00423	0.00483	0.00725	0.00997	0.01329	0.02870	0.81358	0.03444	0.01632	0.00665	0.00211	0.00302	0.01480	0.00483	0.00423
6	0.01139	0.01139	0.01595	0.01367	0.01367	0.01595	0.01139	0.01253	0.00798	0.01253	0.00684	0.01139	0.00684	0.00911	0.01709	0.00228	0.80745	0.00456	0.00228	0.00570
7	0.00983	0.00926	0.01562	0.80447	0.03587	0.01157	0.01446	0.01331	0.01041	0.01331	0.00926	0.01388	0.00694	0.00521	0.00521	0.00174	0.00694	0.00463	0.00231	0.00579
8	0.04267	0.00889	0.01198	0.00921	0.01322	0.00775	0.00761	0.02515	0.01476	0.77033	0.02024	0.01751	0.01272	0.00641	0.00519	0.00161	0.00442	0.00518	0.00637	0.00879
9	0.02336	0.00886	0.01209	0.00927	0.01329	0.00765	0.00765	0.02538	0.01491	0.78810	0.02055	0.01773	0.01289	0.00645	0.00524	0.00161	0.00443	0.00524	0.00645	0.00886
10	0.04028	0.01448	0.01543	0.01186	0.01600	0.01604	0.00979	0.74867	0.02410	0.03259	0.01237	0.01240	0.00878	0.00622	0.00516	0.00156	0.00569	0.00464	0.00516	0.00878
11	0.01347	0.01037	0.01127	0.01001	0.01293	0.01159	0.00782	0.02560	0.62000	0.10330	0.06483	0.02160	0.04902	0.00745	0.00537	0.00174	0.00400	0.00623	0.00543	0.00796
12	0.83599	0.01005	0.00775	0.00690	0.01014	0.01160	0.00568	0.01552	0.00899	0.03973	0.00754	0.00866	0.00580	0.00487	0.00327	0.00161	0.00404	0.00287	0.00329	0.00571
13	0.01649	0.01949	0.01665	0.04439	0.22531	0.47404	0.01196	0.01836	0.01310	0.01390	0.00843	0.01070	0.00715	0.00556	0.00616	0.00151	0.09372	0.00387	0.00260	0.00659
14	0.03091	0.01141	0.01300	0.01038	0.01385	0.01205	0.00842	0.43612	0.03321	0.18657	0.05777	0.08631	0.01440	0.00877	0.03871	0.00191	0.00531	0.00596	0.00530	0.01964
15	0.01184	0.07176	0.54653	0.01510	0.02176	0.01258	0.13236	0.01722	0.02848	0.06558	0.01034	0.01193	0.00742	0.00504	0.00526	0.00164	0.02068	0.00428	0.00261	0.00758
16	0.00679	0.00486	0.00653	0.00756	0.00811	0.00459	0.00543	0.00811	0.01081	0.01447	0.10801	0.60754	0.03526	0.01540	0.00668	0.00211	0.00325	0.13518	0.00492	0.00440
17	0.00971	0.00485	0.00485	0.00485	0.00607	0.00485	0.00364	0.01213	0.01092	0.01942	0.01699	0.01942	0.01335	0.00607	0.00364	0.00121	0.00243	0.00485	0.84589	0.00485
18	0.01045	0.02694	0.79000	0.01484	0.02254	0.01209	0.01924	0.01649	0.01099	0.01649	0.00935	0.01099	0.00660	0.00495	0.00495	0.00165	0.00770	0.00385	0.00220	0.00770
19	0.00782	0.00505	0.00643	0.00688	0.00737	0.00485	0.00455	0.00862	0.00965	0.05498	0.06281	0.42404	0.02789	0.28482	0.04531	0.00330	0.00422	0.02290	0.00432	0.00418
20	0.00638	0.00455	0.00603	0.00721	0.00750	0.00425	0.00479	0.00726	0.00990	0.01321	0.02836	0.79217	0.03402	0.03831	0.00719	0.00220	0.00308	0.01461	0.00479	0.00420
21	0.00621	0.00522	0.00539	0.00547	0.00710	0.00440	0.00405	0.00753	0.01182	0.01423	0.07439	0.10762	0.70210	0.01334	0.00619	0.00178	0.00266	0.01123	0.00486	0.00440
22	0.01045	0.02694	0.79000	0.01484	0.02254	0.01209	0.01924	0.01649	0.01099	0.01649	0.00935	0.01099	0.00660	0.00495	0.00495	0.00165	0.00770	0.00385	0.00220	0.00770
23	0.01115	0.02595	0.74746	0.01454	0.02203	0.01185	0.01861	0.01698	0.01121	0.05869	0.00996	0.01136	0.00694	0.00503	0.00496	0.00165	0.00752	0.00392	0.00243	0.00776
24	0.85377	0.01007	0.00765	0.00685	0.01007	0.01168	0.00564	0.01531	0.00886	0.02336	0.00725	0.00846	0.00564	0.00483	0.00322	0.00161	0.00403	0.00282	0.00322	0.00564
25	0.02336	0.00886	0.01209	0.00927	0.01329	0.00765	0.00765	0.02538	0.01491	0.78810	0.02055	0.01773	0.01289	0.00645	0.00524	0.00161	0.00443	0.00524	0.00645	0.00886
26	0.01136	0.27507	0.51819	0.01259	0.01902	0.01445	0.01537	0.01584	0.01090	0.01506	0.01047	0.01178	0.03860	0.00513	0.00449	0.00149	0.00682	0.00381	0.00232	0.00724
27	0.00692	0.00531	0.00633	0.00607	0.00750	0.00472	0.00456	0.00895	0.01367	0.01834	0.50946	0.04309	0.32302	0.01160	0.00615	0.00168	0.00252	0.01001	0.00540	0.00472
28	0.01373	0.77674	0.06900	0.00924	0.01387	0.02014	0.00948	0.01564	0.01060	0.01248	0.00736	0.00850	0.00668	0.00448	0.00343	0.00114	0.00569	0.00284	0.00223	0.00674
29	0.01949	0.03571	0.09189	0.00951	0.01368	0.00844	0.00856	0.03685	0.02723	0.55979	0.04824	0.01937	0.06309	0.00676	0.00521	0.00159	0.00462	0.00549	0.00562	0.02886
30	0.00955	0.02154	0.02932	0.00822	0.01034	0.00831	0.00652	0.01655	0.29670	0.02048	0.41465	0.03124	0.08709	0.00925	0.00575	0.00169	0.00328	0.00796	0.00536	0.00621
31	0.01392	0.82012	0.02729	0.00891	0.01337	0.02061	0.00891	0.01559	0.01058	0.01225	0.00724	0.00835	0.00668	0.00446	0.00334	0.00111	0.00557	0.00278	0.00223	0.00668
32	0.01150	0.01088	0.01841	0.30916	0.47406	0.01169	0.01486	0.01470	0.01149	0.01588	0.04988	0.01460	0.00991	0.00516	0.00523	0.00162	0.00626	0.00488	0.00265	0.00719
33	0.01810	0.00944	0.01125	0.00960	0.01276	0.04928	0.00780	0.02232	0.14847	0.45279	0.02200	0.05797	0.03151	0.00820	0.00558	0.00176	0.00459	0.11314	0.00571	0.00773
34	0.80743	0.00977	0.00757	0.00687	0.00993	0.01127	0.00560	0.01487	0.00892	0.02281	0.00842	0.05249	0.00721	0.00546	0.00341	0.00164	0.00397	0.00348	0.00331	0.00556
35	0.01211	0.01532	0.10562	0.02125	0.02676	0.01306	0.69197	0.01666	0.01216	0.01666	0.01042	0.01375	0.00777	0.00444	0.00603	0.00175	0.00867	0.00592	0.00259	0.00709
36	0.01323	0.01132	0.01193	0.01065	0.01365	0.01308	0.00831	0.05773	0.74458	0.02223	0.02084	0.01915	0.01561	0.00703	0.00530	0.00176	0.00419	0.00584	0.00530	0.00827
37	0.01198	0.00942	0.01104	0.00802	0.01254	0.00741	0.00643	0.03239	0.03645	0.07253	0.01053	0.01162	0.00838	0.00420	0.00403	0.00088	0.00395	0.00337	0.00345	0.74138
38	0.00633	0.00460	0.00597	0.00707	0.00751	0.00425	0.00475	0.00727	0.01014	0.01337	0.03091	0.74342	0.10318	0.01603	0.00660	0.00208	0.00299	0.01445	0.00483	0.00425
39	0.00858	0.00623	0.00851	0.00958	0.01085	0.00631	0.00829	0.01158	0.05175	0.01585	0.02727	0.07632	0.02935	0.01405	0.00708	0.00236	0.00471	0.69155	0.00482	0.00496
40	0.01476	0.01487	0.01492	0.01279	0.01488	0.21528	0.04682	0.10031	0.15991	0.03588	0.01220	0.05469	0.01041	0.00752	0.00895	0.00181	0.25862	0.00515	0.00354	0.00669
41	0.02285	0.00969	0.01260	0.00966	0.01371	0.00888	0.00798	0.13239	0.01629	0.67914	0.01938	0.01697	0.01231	0.00642	0.00523	0.00160	0.00462	0.00516	0.00627	0.00886
42	0.00766	0.00563	0.00721	0.00676	0.00808	0.00533	0.00509	0.01076	0.05441	0.02093	0.74207	0.03788	0.04740	0.01046	0.00610	0.00164	0.00254	0.00923	0.00571	0.00509
43	0.00642	0.00531	0.00564	0.00562	0.00727	0.00453	0.00425	0.00795	0.01232	0.01518	0.16574	0.04865	0.64327	0.01283	0.00619	0.00176	0.00268	0.03493	0.00497	0.00449
44	0.00992	0.00513	0.00523	0.00513	0.00641	0.00520	0.00388	0.03230	0.01122	0.01960	0.01680	0.01925	0.01322	0.00685	0.02239	0.00139	0.00279	0.00487	0.80347	0.00496
45	0.09635	0.22035	0.16823	0.01237	0.01646	0.01361	0.14770	0.01459	0.01026	0.01523	0.00959	0.01242	0.00801	0.01045	0.13020	0.00262	0.07083	0.00425	0.03012	0.00638
46	0.01830	0.14925	0.01657	0.01259	0.01551	0.65553	0.00980	0.01970	0.01395	0.01265	0.00806	0.00949	0.00685	0.00602	0.02331	0.00147	0.00890	0.00332	0.00261	0.00611
47	0.01224	0.02450	0.02126	0.18162	0.53896	0.01244	0.10176	0.01553	0.01161	0.01618	0.00974	0.01315	0.00793	0.00472	0.00525	0.00160	0.00662	0.00478	0.00253	0.00760
48	0.09649	0.01948	0.40770	0.05888	0.02270	0.01202	0.23167	0.01631	0.01133	0.03786	0.03099	0.01272	0.00823	0.00499	0.00517	0.00168	0.00736	0.00464	0.00264	0.00715
49	0.00742	0.00581	0.02446	0.00671	0.00810	0.00506	0.00522	0.00993	0.01460	0.02066	0.75066	0.03849	0.06206	0.01057	0.00612	0.00164	0.00258	0.00932	0.00564	0.00497
50	0.02283	0.00932	0.01232	0.00949	0.01350	0.00838	0.00782	0.07616	0.03664	0.71521	0.02001	0.01742	0.01270	0.00645	0.00524	0.00161	0.00451	0.00522	0.00633	0.00884
51	0.00665	0.00469	0.00613	0.00716	0.00747	0.00445	0.00480	0.00751	0.00974	0.01297	0.02685	0.65531	0.03192	0.13247	0.00956	0.00256	0.00342	0.05763	0.00459	0.00411
52	0.00634	0.00453	0.00604	0.00725	0.00755	0.00423	0.00483	0.00725	0.00997	0.01329	0.02870	0.81358	0.03444	0.01632	0.00665	0.00211	0.00302	0.01480	0.00483	0.00423
53	0.00634	0.00453	0.00604	0.00725	0.00755	0.00423	0.00483	0.00725	0.00997	0.01329	0.02870	0.81358	0.03444	0.01632	0.00665	0.00211	0.00302	0.01480	0.00483	0.00423
54	0.00630	0.00522	0.00552	0.00558	0.00716	0.00444	0.00413	0.00771	0.01201	0.01473	0.12846	0.11376	0.64067	0.01318	0.00620	0.00178	0.00265	0.01115	0.00493	0.00444
55	0.00983	0.00926	0.01562	0.80447	0.03587	0.01157	0.01446	0.01331	0.01041	0.01331	0.00926	0.01388	0.00694	0.00521	0.00521	0.00174	0.00694	0.00463	0.00231	0.00579
56	0.01209	0.01259	0.01551	0.01343	0.01375	0.09892	0.01105	0.01328	0.00872	0.01254	0.00726	0.01155	0.00708	0.00995	0.04789	0.00243	0.68946	0.00447	0.00234	0.00569
57	0.80765	0.01099	0.05044	0.00729	0.01075	0.01170	0.00638	0.01537	0.00898	0.02299	0.00737	0.00860	0.00569	0.00484	0.00332	0.00161	0.00423	0.00288	0.00317	0.00575
58	0.02336	0.00886	0.01209	0.00927	0.01329	0.00765	0.00765	0.02538	0.01491	0.78810	0.02055	0.01773	0.01289	0.00645	0.00524	0.00161	0.00443	0.00524	0.00645	0.00886
59	0.01420	0.77973	0.02665	0.00914	0.01350	0.05998	0.00897	0.01586	0.01079	0.01228	0.00728	0.00841	0.00668	0.00450	0.00341	0.00113	0.00576	0.00281	0.00225	0.00665
60	0.00735	0.00530	0.00697	0.00676	0.00792	0.00492	0.00509	0.00969	0.01425	0.02005	0.68659	0.09649	0.04704	0.01126	0.00623	0.00171	0.00262	0.04926	0.00562	0.00486
61	0.01418	0.79838	0.02688	0.00892	0.01336	0.02026	0.00888	0.01586	0.01070	0.03304	0.00760	0.00860	0.00685	0.00451	0.00339	0.00113	0.00554	0.00285	0.00234	0.00674
62	0.00923	0.00600	0.00741	0.00678	0.00853	0.00546	0.00522	0.03449	0.01429	0.10356	0.47708	0.03899	0.22405	0.01076	0.00604	0.00168	0.00287	0.02666	0.00555	0.00534
63	0.01057	0.02617	0.74785	0.01555	0.04631	0.01213	0.03711	0.01648	0.01105	0.01651	0.00939	0.01113	0.00668	0.00492	0.00498	0.00165	0.00768	0.00393	0.00222	0.00770
64	0.01392	0.82012	0.02729	0.00891	0.01337	0.02061	0.00891	0.01559	0.01058	0.01225	0.00724	0.00835	0.00668	0.00446	0.00334	0.00111	0.00557	0.00278	0.00223	0.00668
65	0.02882	0.01326	0.04531	0.02905	0.67315	0.04469	0.01525	0.01679	0.05171	0.01719	0.01026	0.01294	0.00848	0.00481	0.00510	0.00155	0.00622	0.00459	0.00272	0.00809
66	0.01054	0.04894	0.76885	0.01468	0.02228	0.01233	0.01895	0.01647	0.01098	0.01637	0.00929	0.01092	0.00660	0.00493	0.00490	0.00163	0.00764	0.00382	0.00220	0.00767
67	0.81238	0.01068	0.03209	0.00719	0.01057	0.01178	0.00614	0.02905	0.00921	0.02332	0.00741	0.00861	0.00573	0.00486	0.00331	0.00161	0.00417	0.00289	0.00323	0.00576
68	0.00750	0.00555	0.00823	0.00823	0.00915	0.00644	0.00638	0.00934	0.00842	0.01223	0.01407	0.02069	0.01314	0.05282	0.76285	0.00813	0.01350	0.00560	0.02310	0.00463
69	0.01295	0.01119	0.01178	0.01060	0.01354	0.01295	0.00824	0.02767	0.77509	0.02178	0.02120	0.01943	0.01590	0.00707	0.00530	0.00177	0.00412	0.00589	0.00530	0.00824
70	0.00815	0.00549	0.00721	0.00668	0.00805	0.00505	0.00505	0.01058	0.01475	0.05812	0.74480	0.03787	0.04738	0.01044	0.00610	0.00164	0.00255	0.00921	0.00577	0.00511
71	0.00638	0.00455	0.00603	0.00721	0.00750	0.00425	0.00479	0.00726	0.00991	0.01321	0.02838	0.79332	0.03404	0.03713	0.00716	0.00219	0.00307	0.01462	0.00479	0.00420
72	0.82799	0.01003	0.00779	0.00692	0.01017	0.01156	0.00570	0.01562	0.00905	0.04711	0.00766	0.00875	0.00586	0.00488	0.00329	0.00161	0.00404	0.00289	0.00332	0.00574
73	0.00983	0.00928	0.01564	0.72353	0.03370	0.01152	0.03207	0.01313	0.01034	0.01335	0.00991	0.04338	0.00798	0.00576	0.00577	0.00177	0.03984	0.00504	0.00241	0.00575
74	0.02293	0.00877	0.01194	0.00919	0.01314	0.00758	0.00758	0.02495	0.01490	0.76703	0.04146	0.01831	0.01389	0.00656	0.00526	0.00161	0.00438	0.00535	0.00643	0.00875
75	0.01845	0.01445	0.01484	0.01174	0.01563	0.05613	0.00956	0.58895	0.15107	0.02961	0.01369	0.01348	0.00992	0.00630	0.00517	0.00157	0.00561	0.00479	0.00505	0.02396

[dist]
# distance from previous block
# <min> <max>
0	1

[block]
# block no. 5 follows, 47 sequences, length 16
# corresponding to MSA columns:
# 380-395
name=unknown_F
#
# <colnr> <probs for GDERKNQSTAVLIFYWHMCP>
#	G	D	E	R	K	N	Q	S	T	A	V	L	I	F	Y	W	H	M	C	P
0	0.04123	0.23848	0.06334	0.01406	0.11922	0.21945	0.01075	0.08280	0.01301	0.03294	0.02376	0.01179	0.02652	0.00569	0.00555	0.00146	0.07628	0.00394	0.00291	0.00682
1	0.07491	0.46259	0.23422	0.01070	0.01592	0.01717	0.01161	0.09088	0.01196	0.01628	0.00834	0.00950	0.00680	0.00480	0.00396	0.00134	0.00606	0.00327	0.00259	0.00710
2	0.00715	0.00486	0.00583	0.00623	0.00644	0.00471	0.00383	0.00742	0.00859	0.01135	0.02232	0.29350	0.06951	0.46335	0.01838	0.04497	0.00420	0.01004	0.00377	0.00354
3	0.00983	0.00926	0.01562	0.80447	0.03587	0.01157	0.01446	0.01331	0.01041	0.01331	0.00926	0.01388	0.00694	0.00521	0.00521	0.00174	0.00694	0.00463	0.00231	0.00579
4	0.01212	0.10133	0.01302	0.02391	0.01313	0.03347	0.00698	0.04290	0.03130	0.04331	0.01027	0.02993	0.00861	0.00455	0.00405	0.00096	0.00436	0.00357	0.00326	0.60896
5	0.01360	0.00766	0.00952	0.00855	0.02576	0.00726	0.00651	0.10553	0.02856	0.25027	0.15733	0.13114	0.14934	0.04036	0.00659	0.00186	0.00383	0.03443	0.00542	0.00646
6	0.00633	0.00459	0.00598	0.00709	0.00751	0.00424	0.00476	0.00727	0.01012	0.01336	0.03064	0.75223	0.09455	0.01606	0.00661	0.00209	0.00299	0.01450	0.00483	0.00424
7	0.00657	0.00532	0.00585	0.00580	0.00740	0.00460	0.00441	0.00822	0.01259	0.01584	0.23296	0.04775	0.56323	0.01261	0.00620	0.00176	0.00270	0.04658	0.00506	0.00454
8	0.01372	0.73823	0.05834	0.00926	0.01376	0.01979	0.00930	0.01636	0.05656	0.01300	0.00817	0.00913	0.00723	0.00463	0.00353	0.00118	0.00557	0.00302	0.00241	0.00682
9	0.02336	0.00886	0.01209	0.00927	0.01329	0.00765	0.00765	0.02538	0.01491	0.78810	0.02055	0.01773	0.01289	0.00645	0.00524	0.00161	0.00443	0.00524	0.00645	0.00886
10	0.02336	0.00886	0.01209	0.00927	0.01329	0.00765	0.00765	0.02538	0.01491	0.78810	0.02055	0.01773	0.01289	0.00645	0.00524	0.00161	0.00443	0.00524	0.00645	0.00886
11	0.01312	0.01244	0.02101	0.05779	0.68904	0.01257	0.04388	0.05549	0.01249	0.01770	0.00995	0.01295	0.00822	0.00474	0.00520	0.00156	0.00629	0.00470	0.00271	0.00815
12	0.01940	0.00867	0.01130	0.00917	0.01260	0.00804	0.00746	0.02332	0.12472	0.55695	0.10700	0.02215	0.01817	0.00736	0.00543	0.00167	0.00418	0.03814	0.00613	0.00815
13	0.00839	0.00599	0.00839	0.00959	0.01079	0.00599	0.00839	0.01079	0.01199	0.01558	0.02757	0.05874	0.02997	0.01439	0.00719	0.00240	0.00480	0.74945	0.00480	0.00480
14	0.00725	0.00497	0.00665	0.02567	0.00856	0.00471	0.00533	0.00840	0.01044	0.04023	0.06065	0.63109	0.04799	0.04885	0.00741	0.00220	0.00334	0.06702	0.00480	0.00445
15	0.01045	0.02694	0.79000	0.01484	0.02254	0.01209	0.01924	0.01649	0.01099	0.01649	0.00935	0.01099	0.00660	0.00495	0.00495	0.00165	0.00770	0.00385	0.00220	0.00770

[dist]
# distance from previous block
# <min> <max>
0	2

# created by:
# /st0/software/busco_prod/Augustus/scripts/msa2prfl.pl ./align_prep/166256.fa
