[name]
unknown

[dist]
# distance from previous block
# <min> <max>
0	10

[block]
# block no. 0 follows, 41 sequences, length 16
# corresponding to MSA columns:
# 46-61
name=unknown_A
#
# <colnr> <probs for GDERKNQSTAVLIFYWHMCP>
#	G	D	E	R	K	N	Q	S	T	A	V	L	I	F	Y	W	H	M	C	P
0	0.00851	0.00691	0.00830	0.09444	0.01215	0.04641	0.00672	0.00994	0.01133	0.01473	0.02770	0.50037	0.06896	0.07762	0.00862	0.00244	0.00439	0.04660	0.03895	0.00491
1	0.01453	0.03588	0.01979	0.12292	0.02146	0.07659	0.19564	0.04188	0.01308	0.09385	0.04959	0.01641	0.01153	0.00794	0.03150	0.00211	0.16114	0.00565	0.05043	0.02809
2	0.01861	0.01495	0.01501	0.01277	0.04331	0.08748	0.00989	0.45117	0.11025	0.02927	0.01728	0.01741	0.05349	0.00723	0.00557	0.00169	0.00594	0.00558	0.08445	0.00863
3	0.01521	0.01136	0.01294	0.00984	0.01419	0.01044	0.00785	0.23486	0.01643	0.06904	0.01367	0.06041	0.01158	0.04791	0.00627	0.00150	0.00491	0.00508	0.00444	0.44205
4	0.00807	0.00550	0.00626	0.00641	0.00656	0.00540	0.00372	0.00827	0.00889	0.01174	0.02192	0.12343	0.06683	0.66467	0.02534	0.00497	0.00514	0.00943	0.00378	0.00368
5	0.00728	0.00521	0.00662	0.00749	0.00795	0.00493	0.00497	0.00824	0.01080	0.01434	0.06097	0.54669	0.08999	0.15861	0.03541	0.00307	0.00404	0.01395	0.00495	0.00449
6	0.64558	0.01174	0.02894	0.00854	0.01241	0.01264	0.00724	0.07577	0.01203	0.12503	0.01042	0.01107	0.00756	0.00567	0.00405	0.00177	0.00473	0.00364	0.00416	0.00700
7	0.01327	0.00971	0.01068	0.00918	0.01207	0.03324	0.00702	0.06330	0.17927	0.10838	0.11168	0.07745	0.10156	0.08620	0.00810	0.00206	0.00444	0.00758	0.00519	0.14962
8	0.01316	0.01134	0.01329	0.01064	0.04972	0.04877	0.02894	0.02939	0.01280	0.05004	0.03456	0.01332	0.01015	0.00479	0.00460	0.00104	0.00485	0.00394	0.00362	0.65106
9	0.00873	0.00668	0.00843	0.04785	0.01101	0.00650	0.00631	0.04087	0.05412	0.01680	0.07506	0.49922	0.06260	0.04706	0.00765	0.00221	0.00384	0.01266	0.00503	0.07736
10	0.06254	0.01142	0.04203	0.11400	0.05964	0.01146	0.12759	0.05957	0.01267	0.01861	0.05658	0.09714	0.03437	0.00892	0.03178	0.00206	0.10051	0.00664	0.02252	0.11996
11	0.05989	0.01160	0.03299	0.02615	0.01427	0.01214	0.02424	0.28625	0.08054	0.05055	0.05393	0.12714	0.04072	0.04170	0.00724	0.00200	0.03503	0.00733	0.07880	0.00748
12	0.04779	0.02590	0.01436	0.01157	0.01493	0.04379	0.03379	0.37050	0.06993	0.02645	0.03807	0.11659	0.05763	0.02998	0.03205	0.00214	0.01934	0.00711	0.00505	0.03302
13	0.05250	0.00872	0.01077	0.05113	0.02953	0.00944	0.00770	0.10684	0.05499	0.01885	0.07940	0.26580	0.02310	0.08474	0.01027	0.04172	0.07668	0.00922	0.00451	0.05411
14	0.01503	0.03419	0.05249	0.08023	0.13119	0.19956	0.05006	0.07455	0.04564	0.01779	0.03299	0.01641	0.01121	0.08265	0.00844	0.00203	0.05094	0.00515	0.02330	0.06613
15	0.25248	0.01306	0.04179	0.14732	0.04862	0.06387	0.03009	0.06285	0.05128	0.02050	0.01140	0.01369	0.02423	0.00627	0.00630	0.00177	0.08965	0.00450	0.02738	0.08295

[dist]
# distance from previous block
# <min> <max>
52	78

[block]
# block no. 1 follows, 41 sequences, length 6
# corresponding to MSA columns:
# 159-164
name=unknown_B
#
# <colnr> <probs for GDERKNQSTAVLIFYWHMCP>
#	G	D	E	R	K	N	Q	S	T	A	V	L	I	F	Y	W	H	M	C	P
0	0.10649	0.03166	0.07669	0.01054	0.01434	0.05906	0.00902	0.08957	0.12585	0.25771	0.01903	0.02032	0.04533	0.09961	0.00818	0.00221	0.00557	0.00577	0.00512	0.00795
1	0.00825	0.00582	0.00742	0.00808	0.00879	0.00562	0.00561	0.05062	0.01214	0.01625	0.09770	0.53815	0.05597	0.07099	0.00946	0.04517	0.00373	0.04026	0.00515	0.00484
2	0.00994	0.00685	0.00822	0.00746	0.00929	0.00644	0.00564	0.06920	0.01579	0.06579	0.44777	0.04144	0.20457	0.06646	0.00817	0.00208	0.00336	0.00991	0.00588	0.00574
3	0.06280	0.01230	0.01675	0.35721	0.14500	0.04628	0.01362	0.13101	0.05255	0.03924	0.01289	0.01779	0.01035	0.00656	0.00570	0.00186	0.00683	0.05017	0.00362	0.00747
4	0.01716	0.01251	0.01389	0.01145	0.01475	0.01378	0.00910	0.43001	0.11424	0.05301	0.01719	0.07976	0.01450	0.07724	0.09170	0.00293	0.00671	0.00659	0.00527	0.00822
5	0.00770	0.00558	0.00748	0.06047	0.01026	0.00555	0.00595	0.00881	0.01060	0.01406	0.02708	0.51939	0.03172	0.18452	0.01192	0.00301	0.00425	0.07235	0.00472	0.00456

[dist]
# distance from previous block
# <min> <max>
1	2

[block]
# block no. 2 follows, 41 sequences, length 136
# corresponding to MSA columns:
# 167-173,176-304
name=unknown_C
#
# <colnr> <probs for GDERKNQSTAVLIFYWHMCP>
#	G	D	E	R	K	N	Q	S	T	A	V	L	I	F	Y	W	H	M	C	P
0	0.01303	0.01088	0.01248	0.00909	0.01406	0.00895	0.00730	0.09580	0.03654	0.02073	0.01097	0.01236	0.00889	0.00464	0.00445	0.00098	0.00447	0.00368	0.00372	0.71697
1	0.00744	0.00537	0.00700	0.00753	0.00833	0.00497	0.00526	0.00911	0.01306	0.01788	0.32303	0.44892	0.07166	0.03345	0.00757	0.00217	0.00311	0.01355	0.00566	0.00493
2	0.00975	0.00500	0.00735	0.00739	0.00740	0.00499	0.00488	0.00752	0.00760	0.01014	0.01104	0.04015	0.01138	0.06827	0.02236	0.75910	0.00496	0.00549	0.00262	0.00260
3	0.01332	0.01903	0.25164	0.13472	0.34720	0.06869	0.03360	0.01763	0.01266	0.01748	0.01034	0.01339	0.00813	0.00544	0.00585	0.00177	0.02346	0.00476	0.00266	0.00822
4	0.01171	0.07765	0.72336	0.01590	0.02413	0.01387	0.02043	0.01805	0.01205	0.01782	0.01012	0.01190	0.00725	0.00540	0.00532	0.00177	0.00831	0.00415	0.00242	0.00838
5	0.83938	0.01106	0.00841	0.00752	0.01106	0.01283	0.00619	0.01681	0.00973	0.02566	0.00796	0.00929	0.00619	0.00531	0.00354	0.00177	0.00442	0.00310	0.00354	0.00619
6	0.00697	0.00498	0.00664	0.00796	0.00830	0.00465	0.00531	0.00796	0.01095	0.01460	0.03153	0.79525	0.03783	0.01792	0.00730	0.00232	0.00332	0.01626	0.00531	0.00465
7	0.00808	0.00594	0.00810	0.00802	0.00855	0.00573	0.05017	0.00880	0.00977	0.01301	0.02373	0.33421	0.04162	0.42689	0.01870	0.00398	0.00487	0.01142	0.00419	0.00422
8	0.00744	0.00520	0.00648	0.00731	0.00756	0.00497	0.00464	0.00809	0.01007	0.01339	0.02736	0.51214	0.04796	0.29263	0.01496	0.00345	0.00409	0.01337	0.00466	0.00423
9	0.00783	0.00570	0.00698	0.00685	0.00793	0.00527	0.00483	0.00963	0.01363	0.01861	0.43336	0.11223	0.15697	0.17181	0.01132	0.00262	0.00336	0.01075	0.00548	0.00485
10	0.01080	0.01017	0.01716	0.78523	0.03940	0.01271	0.01589	0.01461	0.01144	0.01461	0.01017	0.01525	0.00762	0.00572	0.00572	0.00191	0.00762	0.00508	0.00254	0.00635
11	0.04396	0.00590	0.00621	0.00601	0.00757	0.00584	0.00451	0.01416	0.01208	0.08165	0.01934	0.06935	0.01593	0.03280	0.00514	0.00158	0.00305	0.00605	0.65326	0.00562
12	0.02174	0.01602	0.01717	0.01316	0.01774	0.01774	0.01087	0.74423	0.02689	0.03605	0.01373	0.01373	0.00973	0.00687	0.00572	0.00172	0.00629	0.00515	0.00572	0.00973
13	0.00912	0.00613	0.00791	0.00745	0.00905	0.00560	0.00572	0.01167	0.01571	0.06771	0.60281	0.04382	0.11728	0.01193	0.00676	0.00186	0.00301	0.05466	0.00619	0.00560
14	0.00815	0.00554	0.00651	0.00664	0.00679	0.00558	0.00396	0.00844	0.00873	0.01169	0.01984	0.10856	0.03597	0.64811	0.08762	0.00547	0.00608	0.00897	0.00364	0.00374
15	0.04171	0.00746	0.00902	0.00818	0.01022	0.00727	0.00612	0.01692	0.08858	0.20995	0.14529	0.12387	0.02538	0.14563	0.00988	0.00247	0.00411	0.02188	0.10959	0.00647
16	0.02386	0.00997	0.01313	0.01024	0.01444	0.00903	0.00840	0.06100	0.05988	0.64906	0.06202	0.02056	0.01629	0.00736	0.00581	0.00178	0.00480	0.00601	0.00690	0.00946
17	0.00963	0.00619	0.00814	0.00746	0.00907	0.00566	0.00566	0.01228	0.01621	0.08783	0.69596	0.04070	0.05050	0.01129	0.00666	0.00180	0.00289	0.00994	0.00636	0.00578
18	0.00780	0.00614	0.00689	0.00691	0.00854	0.00554	0.00518	0.03734	0.01371	0.01741	0.17256	0.14595	0.44687	0.03943	0.00758	0.00211	0.00328	0.05624	0.00544	0.00508
19	0.02008	0.01467	0.01574	0.01225	0.01627	0.01616	0.00993	0.64977	0.02461	0.03312	0.01430	0.01633	0.01098	0.08678	0.00803	0.00209	0.00612	0.00547	0.02831	0.00897
20	0.48376	0.00992	0.00956	0.00822	0.01158	0.01060	0.00667	0.01881	0.03625	0.19773	0.13833	0.01767	0.01644	0.00687	0.00467	0.00178	0.00424	0.00504	0.00490	0.00698
21	0.01232	0.00679	0.00890	0.00799	0.01009	0.00610	0.00620	0.01471	0.01558	0.20616	0.45357	0.07942	0.09927	0.01127	0.00658	0.00186	0.00338	0.03711	0.00632	0.00638
22	0.17592	0.00727	0.00761	0.00702	0.00927	0.00735	0.00550	0.01618	0.01230	0.15707	0.01867	0.08202	0.01535	0.00767	0.00462	0.00162	0.00355	0.02896	0.42580	0.00624
23	0.01053	0.00610	0.00803	0.00842	0.00975	0.00558	0.00620	0.01197	0.01234	0.14700	0.03222	0.48098	0.10552	0.02941	0.00744	0.00228	0.00383	0.10121	0.00558	0.00561
24	0.00723	0.00513	0.00676	0.00796	0.00832	0.00485	0.00537	0.00823	0.01084	0.01442	0.03018	0.67922	0.03592	0.09146	0.00939	0.00265	0.00365	0.05871	0.00513	0.00457
25	0.00976	0.00714	0.00871	0.00811	0.00977	0.00699	0.00610	0.11523	0.01656	0.02281	0.47481	0.17852	0.08862	0.01233	0.00670	0.00189	0.00334	0.01080	0.00597	0.00584
26	0.00994	0.00497	0.00745	0.00745	0.00745	0.00497	0.00497	0.00745	0.00745	0.00994	0.00994	0.01739	0.00994	0.01987	0.02235	0.83358	0.00497	0.00497	0.00248	0.00248
27	0.00820	0.00604	0.00882	0.00883	0.00980	0.00689	0.00676	0.01015	0.00954	0.01378	0.04675	0.04289	0.01687	0.08098	0.66750	0.00834	0.01369	0.00665	0.02250	0.00502
28	0.54166	0.01091	0.01039	0.00865	0.01252	0.01171	0.00713	0.05867	0.01272	0.25821	0.01284	0.01271	0.00887	0.00595	0.00435	0.00177	0.00466	0.00404	0.00476	0.00749
29	0.01317	0.01459	0.03059	0.11516	0.06877	0.01433	0.58968	0.01766	0.01305	0.01772	0.01120	0.01523	0.00853	0.00514	0.00704	0.00194	0.03940	0.00640	0.00283	0.00757
30	0.01404	0.01311	0.01342	0.07741	0.09408	0.17228	0.00985	0.07830	0.07808	0.05066	0.07120	0.23739	0.02087	0.01004	0.00654	0.00190	0.03109	0.00848	0.00446	0.00681
31	0.01344	0.01281	0.02152	0.19463	0.57951	0.01343	0.01687	0.01742	0.04132	0.01802	0.01112	0.01467	0.00908	0.00533	0.00568	0.00175	0.00688	0.00515	0.00289	0.00848
32	0.02566	0.00973	0.01327	0.01018	0.01460	0.00841	0.00841	0.02788	0.01637	0.76726	0.02257	0.01947	0.01416	0.00708	0.00575	0.00177	0.00487	0.00575	0.00708	0.00973
33	0.01256	0.01193	0.02007	0.39221	0.39957	0.01319	0.01655	0.01647	0.03060	0.01687	0.01079	0.01486	0.00858	0.00546	0.00569	0.00180	0.00713	0.00512	0.00277	0.00777
34	0.18879	0.01284	0.02979	0.01089	0.01487	0.01345	0.00906	0.32778	0.06068	0.16749	0.04920	0.03157	0.01297	0.00844	0.03518	0.00206	0.00571	0.00539	0.00537	0.00846
35	0.00824	0.00567	0.00697	0.00701	0.00727	0.00591	0.00442	0.00877	0.00861	0.01173	0.01778	0.05730	0.01974	0.58983	0.21116	0.00634	0.00787	0.00803	0.00342	0.00390
36	0.00777	0.00607	0.00707	0.00678	0.00844	0.00550	0.00510	0.01046	0.04337	0.01982	0.43553	0.04710	0.35076	0.01272	0.00672	0.00186	0.00285	0.01092	0.00586	0.00530
37	0.01147	0.02959	0.76934	0.01630	0.02476	0.01328	0.02113	0.01811	0.01208	0.01811	0.01026	0.01208	0.00725	0.00543	0.00543	0.00181	0.00845	0.00423	0.00242	0.00845
38	0.02144	0.02529	0.01347	0.01054	0.01450	0.01053	0.00858	0.10821	0.15160	0.47187	0.06749	0.03727	0.01712	0.00766	0.00582	0.00180	0.00482	0.00628	0.00652	0.00918
39	0.01405	0.01444	0.02236	0.19845	0.41205	0.09101	0.11393	0.01780	0.02812	0.01736	0.01080	0.01433	0.00869	0.00533	0.00577	0.00176	0.00768	0.00520	0.00285	0.00803
40	0.00696	0.00510	0.00655	0.00768	0.00823	0.00468	0.00519	0.00805	0.01131	0.01486	0.04805	0.68920	0.12839	0.01738	0.00722	0.00226	0.00325	0.01563	0.00533	0.00468
41	0.00697	0.00498	0.00664	0.00796	0.00830	0.00465	0.00531	0.00796	0.01095	0.01460	0.03153	0.79525	0.03783	0.01792	0.00730	0.00232	0.00332	0.01626	0.00531	0.00465
42	0.01186	0.01017	0.01186	0.00847	0.01356	0.00762	0.00678	0.01440	0.01186	0.01864	0.01017	0.01186	0.00847	0.00424	0.00424	0.00085	0.00424	0.00339	0.00339	0.83395
43	0.02231	0.01512	0.01661	0.01273	0.01729	0.01640	0.01052	0.64155	0.02539	0.14085	0.01500	0.01455	0.01036	0.00690	0.00573	0.00172	0.00609	0.00524	0.00592	0.00973
44	0.01102	0.00650	0.00856	0.00767	0.00955	0.00589	0.00588	0.01362	0.01616	0.14792	0.62283	0.03905	0.06080	0.01097	0.00658	0.00180	0.00307	0.00961	0.00641	0.00612
45	0.01178	0.00641	0.00652	0.00612	0.00778	0.00658	0.00469	0.08686	0.01349	0.02281	0.01816	0.02056	0.01416	0.00668	0.00417	0.00137	0.00303	0.00531	0.74773	0.00577
46	0.02036	0.01353	0.03197	0.01260	0.03811	0.01391	0.01009	0.43311	0.05922	0.20057	0.01783	0.09216	0.01383	0.00796	0.00588	0.00180	0.00565	0.00642	0.00584	0.00915
47	0.01365	0.00752	0.00971	0.00887	0.01121	0.00705	0.00703	0.01706	0.07536	0.23647	0.26627	0.10465	0.08620	0.01138	0.00660	0.00198	0.00391	0.11207	0.00618	0.00683
48	0.00701	0.00509	0.00662	0.00775	0.00826	0.00470	0.00524	0.00813	0.01138	0.01509	0.07008	0.69723	0.09768	0.01733	0.00723	0.00226	0.00325	0.01562	0.00536	0.00470
49	0.13804	0.01532	0.01592	0.01236	0.01679	0.01704	0.01021	0.64077	0.02445	0.03457	0.01291	0.01310	0.00922	0.00664	0.00541	0.00172	0.00603	0.00486	0.00541	0.00922
50	0.06412	0.24708	0.49293	0.01440	0.04036	0.01591	0.01689	0.01774	0.01183	0.01728	0.00948	0.01114	0.00725	0.00526	0.00482	0.00164	0.00750	0.00385	0.00250	0.00801
51	0.01002	0.00792	0.01083	0.01015	0.01123	0.00964	0.00802	0.04050	0.04910	0.01542	0.01459	0.02053	0.01324	0.04950	0.48392	0.00655	0.15493	0.00589	0.07234	0.00568
52	0.00699	0.00546	0.00634	0.00683	0.00805	0.00481	0.00485	0.00839	0.01252	0.01590	0.12225	0.35751	0.38854	0.01560	0.00698	0.00208	0.00305	0.01361	0.00542	0.00481
53	0.01346	0.01574	0.04999	0.02394	0.02978	0.01444	0.72660	0.01832	0.01347	0.01832	0.01154	0.01536	0.00865	0.00484	0.00672	0.00193	0.00962	0.00669	0.00288	0.00773
54	0.01089	0.01029	0.01718	0.74365	0.03808	0.01297	0.01570	0.01457	0.01129	0.01457	0.01002	0.01510	0.00762	0.00595	0.00642	0.00194	0.04978	0.00508	0.00254	0.00635
55	0.01235	0.19625	0.59032	0.01510	0.02271	0.01534	0.03754	0.01791	0.01202	0.01711	0.00980	0.01154	0.00730	0.00530	0.00509	0.00169	0.00798	0.00404	0.00243	0.00819
56	0.00742	0.00553	0.00690	0.00717	0.00828	0.00501	0.00514	0.00925	0.01367	0.01841	0.35455	0.31092	0.19779	0.01448	0.00694	0.00201	0.00296	0.01280	0.00574	0.00501
57	0.01445	0.45015	0.09067	0.10241	0.01805	0.06405	0.01124	0.01698	0.01210	0.03906	0.03712	0.01263	0.00970	0.00580	0.00521	0.00149	0.05026	0.00403	0.04750	0.00712
58	0.00810	0.00549	0.00641	0.00657	0.00672	0.00540	0.00389	0.00846	0.00933	0.01254	0.07850	0.14949	0.02592	0.62189	0.02414	0.00478	0.00499	0.00965	0.00396	0.00379
59	0.83938	0.01106	0.00841	0.00752	0.01106	0.01283	0.00619	0.01681	0.00973	0.02566	0.00796	0.00929	0.00619	0.00531	0.00354	0.00177	0.00442	0.00310	0.00354	0.00619
60	0.04015	0.01302	0.02187	0.14207	0.63509	0.01344	0.01695	0.01711	0.01269	0.01833	0.01058	0.01416	0.00876	0.00519	0.00560	0.00173	0.00684	0.00503	0.00281	0.00858
61	0.00862	0.00597	0.00778	0.00726	0.00872	0.00548	0.00547	0.01128	0.01612	0.04662	0.71867	0.04230	0.07076	0.01162	0.00671	0.00180	0.00277	0.01024	0.00630	0.00552
62	0.01079	0.00998	0.01628	0.64957	0.06328	0.01215	0.01469	0.01502	0.05149	0.01527	0.01269	0.08085	0.01074	0.00683	0.00585	0.00193	0.00707	0.00609	0.00296	0.00646
63	0.03026	0.01323	0.01687	0.32317	0.08211	0.04395	0.01306	0.31416	0.01807	0.02393	0.01281	0.04520	0.01023	0.00681	0.00576	0.00182	0.00685	0.01980	0.00406	0.00786
64	0.00743	0.00581	0.00673	0.00653	0.00814	0.00511	0.00489	0.00949	0.01457	0.01916	0.40665	0.06267	0.39603	0.01316	0.00676	0.00187	0.00281	0.01129	0.00580	0.00511
65	0.02122	0.01564	0.01686	0.01301	0.01745	0.01733	0.01073	0.71582	0.02621	0.03517	0.01379	0.01407	0.00990	0.00826	0.03554	0.00201	0.00664	0.00519	0.00562	0.00955
66	0.01186	0.01017	0.01186	0.00847	0.01356	0.00762	0.00678	0.01440	0.01186	0.01864	0.01017	0.01186	0.00847	0.00424	0.00424	0.00085	0.00424	0.00339	0.00339	0.83395
67	0.00696	0.00500	0.00662	0.00791	0.00828	0.00465	0.00528	0.00797	0.01100	0.01462	0.03220	0.77633	0.05631	0.01783	0.00729	0.00231	0.00331	0.01615	0.00531	0.00465
68	0.24798	0.01367	0.01365	0.01088	0.01487	0.01524	0.00894	0.47540	0.02077	0.03182	0.01258	0.01319	0.00920	0.00642	0.00496	0.00170	0.00544	0.00460	0.08036	0.00834
69	0.00698	0.00578	0.00599	0.00595	0.00771	0.00493	0.00439	0.00845	0.01304	0.01587	0.12036	0.05281	0.64962	0.06302	0.00815	0.00214	0.00304	0.01168	0.00529	0.00480
70	0.01452	0.01243	0.01310	0.01170	0.01498	0.01436	0.00912	0.05782	0.72507	0.02439	0.02291	0.02105	0.01716	0.00773	0.00582	0.00193	0.00459	0.00642	0.00582	0.00908
71	0.00704	0.00503	0.00670	0.00792	0.00831	0.00469	0.00532	0.00814	0.01128	0.01512	0.07685	0.74845	0.03883	0.01753	0.00727	0.00229	0.00328	0.01589	0.00537	0.00469
72	0.01169	0.02528	0.57913	0.01643	0.02314	0.01390	0.06676	0.01722	0.01156	0.01730	0.01002	0.01263	0.00756	0.00707	0.02681	0.00212	0.13639	0.00457	0.00248	0.00796
73	0.02047	0.01405	0.01550	0.01233	0.01652	0.01530	0.01008	0.46930	0.17416	0.14439	0.01747	0.01750	0.01260	0.00732	0.00580	0.00179	0.00569	0.02433	0.00594	0.00947
74	0.01281	0.00740	0.00762	0.00685	0.00881	0.00773	0.00533	0.15469	0.01488	0.02417	0.01771	0.01986	0.01371	0.00670	0.00433	0.00141	0.00337	0.00530	0.67117	0.00618
75	0.02174	0.01602	0.01717	0.01316	0.01774	0.01774	0.01087	0.74423	0.02689	0.03605	0.01373	0.01373	0.00973	0.00687	0.00572	0.00172	0.00629	0.00515	0.00572	0.00973
76	0.00791	0.00596	0.00664	0.00643	0.00794	0.00535	0.00463	0.00970	0.02654	0.03210	0.23106	0.04728	0.41327	0.15752	0.01082	0.00256	0.00340	0.01070	0.00527	0.00490
77	0.83938	0.01106	0.00841	0.00752	0.01106	0.01283	0.00619	0.01681	0.00973	0.02566	0.00796	0.00929	0.00619	0.00531	0.00354	0.00177	0.00442	0.00310	0.00354	0.00619
78	0.01186	0.01017	0.01186	0.00847	0.01356	0.00762	0.00678	0.01440	0.01186	0.01864	0.01017	0.01186	0.00847	0.00424	0.00424	0.00085	0.00424	0.00339	0.00339	0.83395
79	0.01219	0.03525	0.01736	0.08081	0.01682	0.01664	0.01241	0.01373	0.00910	0.01380	0.00821	0.01324	0.00791	0.01143	0.06194	0.00281	0.65254	0.00502	0.00254	0.00623
80	0.15411	0.02820	0.05654	0.07513	0.06191	0.04639	0.05620	0.19763	0.03286	0.13074	0.03004	0.03043	0.01099	0.00663	0.00587	0.00179	0.03641	0.00520	0.02492	0.00801
81	0.03007	0.15752	0.58841	0.01571	0.04010	0.01488	0.04201	0.01792	0.01202	0.01752	0.00988	0.01169	0.00733	0.00531	0.00515	0.00171	0.00798	0.00411	0.00247	0.00821
82	0.01147	0.02959	0.76934	0.01630	0.02476	0.01328	0.02113	0.01811	0.01208	0.01811	0.01026	0.01208	0.00725	0.00543	0.00543	0.00181	0.00845	0.00423	0.00242	0.00845
83	0.00832	0.00555	0.00624	0.00624	0.00624	0.00555	0.00347	0.00832	0.00832	0.01109	0.01802	0.03743	0.02080	0.79898	0.02911	0.00555	0.00555	0.00832	0.00347	0.00347
84	0.02174	0.01602	0.01717	0.01316	0.01774	0.01774	0.01087	0.74423	0.02689	0.03605	0.01373	0.01373	0.00973	0.00687	0.00572	0.00172	0.00629	0.00515	0.00572	0.00973
85	0.01066	0.00533	0.00533	0.00533	0.00666	0.00533	0.00400	0.01333	0.01200	0.02132	0.01866	0.02132	0.01466	0.00666	0.00400	0.00133	0.00267	0.00533	0.83073	0.00533
86	0.72451	0.01087	0.00909	0.00790	0.01156	0.01221	0.00651	0.01838	0.01067	0.13036	0.01003	0.01073	0.00732	0.00556	0.00385	0.00177	0.00449	0.00347	0.00404	0.00669
87	0.01147	0.02959	0.76934	0.01630	0.02476	0.01328	0.02113	0.01811	0.01208	0.01811	0.01026	0.01208	0.00725	0.00543	0.00543	0.00181	0.00845	0.00423	0.00242	0.00845
88	0.01127	0.00650	0.00860	0.00795	0.00976	0.00591	0.00608	0.01364	0.01542	0.16085	0.49361	0.12884	0.05792	0.01178	0.00667	0.00189	0.00328	0.03767	0.00627	0.00610
89	0.01300	0.01075	0.01258	0.00918	0.01399	0.00891	0.00740	0.07614	0.01309	0.03482	0.01060	0.01220	0.00865	0.00476	0.00501	0.00101	0.03756	0.00365	0.00362	0.71309
90	0.01459	0.01203	0.01327	0.01216	0.04340	0.01352	0.00916	0.14508	0.49871	0.02559	0.12685	0.02287	0.02109	0.00807	0.00593	0.00187	0.00464	0.00675	0.00576	0.00864
91	0.00868	0.00638	0.00839	0.00898	0.01037	0.00620	0.00739	0.01155	0.03768	0.01871	0.24395	0.09666	0.11345	0.01434	0.00735	0.00228	0.00415	0.38257	0.00559	0.00535
92	0.01407	0.01350	0.02306	0.05472	0.74438	0.01357	0.01751	0.01748	0.01298	0.01858	0.01074	0.01419	0.00902	0.00511	0.00566	0.00170	0.00682	0.00510	0.00282	0.00899
93	0.00698	0.00531	0.00643	0.00720	0.00813	0.00476	0.00500	0.00825	0.01201	0.01548	0.09267	0.49889	0.27556	0.01635	0.00708	0.00216	0.00314	0.01446	0.00538	0.00476
94	0.01083	0.00978	0.01609	0.69673	0.03586	0.01214	0.01472	0.01448	0.01143	0.01521	0.01088	0.01574	0.00826	0.00590	0.00586	0.00187	0.02478	0.00510	0.07808	0.00626
95	0.00764	0.00573	0.00691	0.00678	0.00809	0.00518	0.00492	0.00961	0.01419	0.01910	0.43588	0.10783	0.25238	0.07996	0.00870	0.00220	0.00305	0.01115	0.00569	0.00501
96	0.01050	0.00933	0.01480	0.46686	0.02785	0.01144	0.02901	0.01345	0.01110	0.01526	0.01392	0.13312	0.01290	0.00822	0.00759	0.00199	0.11301	0.00682	0.08682	0.00601
97	0.01186	0.01017	0.01186	0.00847	0.01356	0.00762	0.00678	0.01440	0.01186	0.01864	0.01017	0.01186	0.00847	0.00424	0.00424	0.00085	0.00424	0.00339	0.00339	0.83395
98	0.00825	0.00551	0.00626	0.00633	0.00635	0.00550	0.00357	0.00830	0.00846	0.01128	0.01875	0.07834	0.02171	0.75681	0.02794	0.00537	0.00543	0.00875	0.00357	0.00353
99	0.02310	0.01104	0.01393	0.03061	0.01567	0.01068	0.00904	0.17973	0.05828	0.52254	0.02075	0.04826	0.01414	0.00746	0.00581	0.00179	0.00516	0.00605	0.00654	0.00941
100	0.02174	0.01602	0.01717	0.01316	0.01774	0.01774	0.01087	0.74423	0.02689	0.03605	0.01373	0.01373	0.00973	0.00687	0.00572	0.00172	0.00629	0.00515	0.00572	0.00973
101	0.00696	0.00500	0.00662	0.00791	0.00828	0.00465	0.00529	0.00797	0.01100	0.01462	0.03217	0.77724	0.05543	0.01784	0.00729	0.00231	0.00331	0.01616	0.00531	0.00465
102	0.01188	0.01053	0.01684	0.61320	0.08003	0.01265	0.01482	0.07757	0.01270	0.01653	0.01093	0.01623	0.00857	0.00676	0.00666	0.04679	0.00726	0.02059	0.00289	0.00658
103	0.01125	0.01058	0.01763	0.68574	0.11146	0.01284	0.01584	0.01540	0.03462	0.01531	0.01063	0.01533	0.00807	0.00572	0.00572	0.00189	0.00745	0.00513	0.00267	0.00671
104	0.83938	0.01106	0.00841	0.00752	0.01106	0.01283	0.00619	0.01681	0.00973	0.02566	0.00796	0.00929	0.00619	0.00531	0.00354	0.00177	0.00442	0.00310	0.00354	0.00619
105	0.01363	0.01340	0.02119	0.23786	0.52632	0.05451	0.01675	0.01704	0.01276	0.01733	0.01049	0.01425	0.00858	0.00531	0.00565	0.00174	0.00721	0.00502	0.00276	0.00819
106	0.00717	0.00574	0.00623	0.00621	0.00777	0.00500	0.00451	0.00871	0.01312	0.01647	0.18970	0.08513	0.52169	0.08659	0.00885	0.00226	0.00312	0.01158	0.00533	0.00480
107	0.00806	0.00585	0.00759	0.00715	0.00852	0.00538	0.00537	0.01072	0.01610	0.02272	0.73955	0.04309	0.07484	0.01178	0.00675	0.00180	0.00270	0.01040	0.00627	0.00538
108	0.00738	0.00580	0.00653	0.00636	0.00792	0.00510	0.00468	0.00919	0.01387	0.01794	0.31961	0.04907	0.43863	0.07269	0.00844	0.00215	0.00302	0.01114	0.00554	0.00494
109	0.01567	0.75421	0.02912	0.01009	0.01487	0.06949	0.00987	0.01748	0.01191	0.01349	0.00801	0.00925	0.00734	0.00496	0.00376	0.00124	0.00638	0.00310	0.00248	0.00730
110	0.02443	0.00978	0.01309	0.01018	0.01444	0.00868	0.00836	0.02753	0.06218	0.69906	0.04439	0.02027	0.01554	0.00726	0.00579	0.00178	0.00478	0.00593	0.00698	0.00956
111	0.00784	0.00579	0.00720	0.00691	0.00825	0.00528	0.00509	0.01009	0.01498	0.02061	0.56705	0.06871	0.17591	0.06135	0.00816	0.00207	0.00293	0.01071	0.00592	0.00515
112	0.00700	0.00500	0.00667	0.00794	0.00830	0.00467	0.00531	0.00805	0.01111	0.01486	0.05415	0.77188	0.03833	0.01773	0.00728	0.00231	0.00330	0.01608	0.00534	0.00467
113	0.02132	0.01607	0.01704	0.01319	0.01760	0.03312	0.01086	0.69347	0.04635	0.03477	0.01376	0.01385	0.00984	0.00694	0.00600	0.00174	0.02377	0.00515	0.00560	0.00957
114	0.01463	0.05931	0.10301	0.11893	0.02146	0.20689	0.08424	0.01726	0.01197	0.01485	0.00892	0.01239	0.00756	0.00712	0.01016	0.00196	0.28520	0.00467	0.00264	0.00681
115	0.01261	0.01014	0.01194	0.00856	0.01361	0.00767	0.00687	0.01513	0.01210	0.05905	0.01084	0.01227	0.00878	0.00439	0.00432	0.00090	0.00427	0.00352	0.00359	0.78945
116	0.01772	0.01523	0.01395	0.01181	0.01522	0.14547	0.00933	0.29085	0.24869	0.02632	0.01658	0.01662	0.01245	0.00695	0.00540	0.00169	0.00591	0.00533	0.12614	0.00834
117	0.01002	0.00619	0.00776	0.00746	0.00915	0.00551	0.00555	0.01195	0.01423	0.12585	0.31327	0.21676	0.21812	0.01316	0.00674	0.00195	0.00320	0.01148	0.00594	0.00571
118	0.00725	0.00519	0.00695	0.00815	0.00864	0.00488	0.00568	0.00852	0.01152	0.01541	0.08139	0.67591	0.03848	0.01730	0.00732	0.00232	0.00346	0.08153	0.00537	0.00475
119	0.00776	0.00583	0.00718	0.00684	0.00834	0.00525	0.00513	0.01014	0.01539	0.02104	0.58186	0.04586	0.23357	0.01240	0.00675	0.00183	0.00275	0.01078	0.00605	0.00525
120	0.01927	0.00922	0.01188	0.00955	0.01296	0.00857	0.00771	0.11252	0.01764	0.42512	0.26912	0.02655	0.02697	0.00860	0.00608	0.00177	0.00432	0.00722	0.00665	0.00828
121	0.01350	0.01543	0.03375	0.02411	0.02989	0.01446	0.74253	0.01832	0.01350	0.01832	0.01157	0.01543	0.00868	0.00482	0.00675	0.00193	0.00964	0.00675	0.00289	0.00771
122	0.01397	0.01340	0.02287	0.07792	0.72199	0.01354	0.01746	0.01739	0.01293	0.01845	0.01073	0.01422	0.00898	0.00513	0.00567	0.00171	0.00684	0.00510	0.00281	0.00891
123	0.03971	0.01715	0.19846	0.09045	0.44262	0.01350	0.08071	0.01749	0.01261	0.01841	0.01057	0.01371	0.00839	0.00521	0.00564	0.00176	0.00742	0.00497	0.00274	0.00849
124	0.01646	0.65351	0.02733	0.01074	0.01526	0.16736	0.01003	0.01822	0.01250	0.01356	0.00812	0.00939	0.00735	0.00509	0.00396	0.00127	0.00692	0.00318	0.00254	0.00720
125	0.00826	0.00577	0.00735	0.00735	0.00774	0.00615	0.00486	0.00903	0.00865	0.01192	0.01700	0.03178	0.01834	0.51330	0.31144	0.00692	0.00924	0.00749	0.00331	0.00409
126	0.01812	0.01422	0.01512	0.01243	0.01636	0.01604	0.00999	0.39966	0.37737	0.03020	0.01834	0.01741	0.01346	0.00730	0.00577	0.00182	0.00544	0.00579	0.00577	0.00940
127	0.00983	0.00500	0.00738	0.00738	0.00738	0.00500	0.00487	0.00751	0.00751	0.01001	0.01044	0.01863	0.01061	0.06833	0.02278	0.78208	0.00500	0.00518	0.00254	0.00254
128	0.00697	0.00498	0.00664	0.00796	0.00830	0.00465	0.00531	0.00796	0.01095	0.01460	0.03153	0.79525	0.03783	0.01792	0.00730	0.00232	0.00332	0.01626	0.00531	0.00465
129	0.83938	0.01106	0.00841	0.00752	0.01106	0.01283	0.00619	0.01681	0.00973	0.02566	0.00796	0.00929	0.00619	0.00531	0.00354	0.00177	0.00442	0.00310	0.00354	0.00619
130	0.00680	0.00563	0.00597	0.00624	0.00784	0.00479	0.00454	0.00816	0.01261	0.01528	0.05258	0.20543	0.61406	0.01518	0.00687	0.00201	0.00298	0.01292	0.00531	0.00479
131	0.01186	0.01017	0.01186	0.00847	0.01356	0.00762	0.00678	0.01440	0.01186	0.01864	0.01017	0.01186	0.00847	0.00424	0.00424	0.00085	0.00424	0.00339	0.00339	0.83395
132	0.03214	0.00966	0.01106	0.00937	0.01183	0.00990	0.00701	0.22563	0.03069	0.12197	0.01812	0.10571	0.01708	0.26437	0.04543	0.00328	0.00571	0.00735	0.00483	0.05884
133	0.01612	0.01245	0.01384	0.01076	0.01494	0.01257	0.00867	0.34654	0.07403	0.02637	0.01357	0.01521	0.01066	0.03408	0.06173	0.00209	0.00601	0.00482	0.02145	0.29412
134	0.01628	0.18797	0.28815	0.01415	0.02024	0.01702	0.05379	0.29239	0.01766	0.02391	0.01115	0.01227	0.00828	0.00583	0.00524	0.00166	0.00720	0.00446	0.00370	0.00866
135	0.28983	0.07528	0.32805	0.01177	0.01734	0.02857	0.01296	0.01821	0.03751	0.06312	0.05908	0.01363	0.01068	0.00594	0.00478	0.00175	0.00626	0.00431	0.00344	0.00748

[dist]
# distance from previous block
# <min> <max>
2	3

[block]
# block no. 3 follows, 41 sequences, length 53
# corresponding to MSA columns:
# 308-310,314-363
name=unknown_D
#
# <colnr> <probs for GDERKNQSTAVLIFYWHMCP>
#	G	D	E	R	K	N	Q	S	T	A	V	L	I	F	Y	W	H	M	C	P
0	0.01227	0.01413	0.08406	0.01797	0.05963	0.02717	0.34386	0.01599	0.01271	0.01784	0.04302	0.07792	0.02995	0.00664	0.00685	0.00175	0.05462	0.00667	0.00330	0.16363
1	0.02943	0.01209	0.01812	0.46954	0.18111	0.02792	0.01502	0.12794	0.01429	0.03429	0.01102	0.01468	0.00834	0.00579	0.00566	0.00182	0.00719	0.00505	0.00321	0.00749
2	0.01179	0.01152	0.01737	0.34136	0.02535	0.01548	0.01394	0.01413	0.00989	0.01413	0.00863	0.01367	0.00756	0.00819	0.01324	0.00225	0.45764	0.00504	0.00252	0.00630
3	0.01165	0.00918	0.01134	0.06678	0.01350	0.02801	0.00830	0.12893	0.01339	0.04034	0.02180	0.35119	0.04396	0.05712	0.00998	0.00234	0.14158	0.01025	0.02434	0.00602
4	0.02194	0.01570	0.01697	0.01301	0.01758	0.01726	0.01075	0.70764	0.02636	0.07340	0.01418	0.01403	0.00995	0.00688	0.00572	0.00172	0.00622	0.00518	0.00579	0.00973
5	0.08297	0.08857	0.03186	0.01136	0.01517	0.01529	0.00939	0.23802	0.32741	0.05167	0.01718	0.01751	0.01313	0.04737	0.00658	0.00197	0.00534	0.00550	0.00513	0.00858
6	0.01147	0.02959	0.76934	0.01630	0.02476	0.01328	0.02113	0.01811	0.01208	0.01811	0.01026	0.01208	0.00725	0.00543	0.00543	0.00181	0.00845	0.00423	0.00242	0.00845
7	0.01175	0.08578	0.71559	0.01583	0.02402	0.01396	0.02031	0.01804	0.01204	0.01778	0.01010	0.01187	0.00725	0.00539	0.00531	0.00177	0.00828	0.00414	0.00242	0.00837
8	0.81513	0.01091	0.00838	0.00751	0.01099	0.01261	0.00617	0.01664	0.00992	0.02558	0.02991	0.01027	0.00759	0.00550	0.00363	0.00177	0.00437	0.00331	0.00362	0.00617
9	0.00688	0.00578	0.00599	0.00613	0.00793	0.00489	0.00461	0.00834	0.01291	0.01547	0.05516	0.10138	0.68586	0.01475	0.00684	0.00198	0.00302	0.04193	0.00531	0.00484
10	0.01529	0.80242	0.02997	0.00979	0.01468	0.02263	0.00979	0.01713	0.01162	0.01346	0.00795	0.00918	0.00734	0.00489	0.00367	0.00122	0.00612	0.00306	0.00245	0.00734
11	0.01013	0.00908	0.01135	0.01059	0.01189	0.07822	0.04504	0.02743	0.01061	0.01417	0.01680	0.11095	0.03092	0.08588	0.43017	0.00621	0.07450	0.00727	0.00339	0.00539
12	0.01080	0.01017	0.01716	0.78523	0.03940	0.01271	0.01589	0.01461	0.01144	0.01461	0.01017	0.01525	0.00762	0.00572	0.00572	0.00191	0.00762	0.00508	0.00254	0.00635
13	0.01423	0.01229	0.01293	0.01164	0.01487	0.01423	0.00905	0.03039	0.75297	0.02393	0.02328	0.02134	0.01746	0.00776	0.00582	0.00194	0.00453	0.00647	0.00582	0.00905
14	0.01382	0.01324	0.02260	0.11085	0.69021	0.01350	0.01739	0.01726	0.01286	0.01828	0.01070	0.01427	0.00892	0.00516	0.00567	0.00172	0.00688	0.00510	0.00280	0.00879
15	0.01238	0.01076	0.01137	0.04085	0.01394	0.03428	0.00815	0.04022	0.46036	0.02181	0.11137	0.04868	0.14293	0.00941	0.00609	0.00191	0.00436	0.00791	0.00556	0.00767
16	0.01080	0.01017	0.01716	0.78523	0.03940	0.01271	0.01589	0.01461	0.01144	0.01461	0.01017	0.01525	0.00762	0.00572	0.00572	0.00191	0.00762	0.00508	0.00254	0.00635
17	0.01080	0.01017	0.01716	0.78523	0.03940	0.01271	0.01589	0.01461	0.01144	0.01461	0.01017	0.01525	0.00762	0.00572	0.00572	0.00191	0.00762	0.00508	0.00254	0.00635
18	0.00753	0.00558	0.00653	0.00694	0.00824	0.00491	0.00496	0.00893	0.01256	0.03821	0.10959	0.35733	0.37725	0.01542	0.00695	0.00208	0.00311	0.01345	0.00545	0.00495
19	0.02510	0.01063	0.01383	0.01060	0.01505	0.00974	0.00876	0.13031	0.01788	0.66271	0.02130	0.01865	0.01353	0.00705	0.00575	0.00176	0.00507	0.00567	0.00689	0.00973
20	0.01087	0.01012	0.01706	0.74513	0.05740	0.01253	0.01564	0.01450	0.01137	0.01460	0.01018	0.01528	0.00772	0.00608	0.00616	0.02389	0.00753	0.00508	0.00255	0.00632
21	0.01206	0.02876	0.73795	0.01605	0.02433	0.01308	0.02060	0.01852	0.01225	0.04922	0.01078	0.01238	0.00753	0.00550	0.00545	0.00181	0.00830	0.00429	0.00261	0.00851
22	0.01309	0.10613	0.50847	0.01857	0.13971	0.04097	0.03759	0.01837	0.01248	0.03836	0.01043	0.01233	0.00778	0.00537	0.00532	0.00172	0.00795	0.00433	0.00264	0.00839
23	0.02337	0.01129	0.01358	0.01075	0.01485	0.04886	0.00879	0.12502	0.03692	0.55557	0.03872	0.03501	0.01522	0.00757	0.00583	0.00179	0.00526	0.02584	0.00655	0.00923
24	0.19083	0.00966	0.01136	0.00921	0.01291	0.00930	0.00746	0.04425	0.03926	0.44953	0.08145	0.02124	0.04700	0.03371	0.00619	0.00191	0.00457	0.00593	0.00601	0.00821
25	0.06024	0.03800	0.08999	0.01038	0.01449	0.01031	0.00926	0.05257	0.13191	0.33673	0.05420	0.02446	0.10476	0.00818	0.00577	0.00183	0.00495	0.02794	0.00571	0.00834
26	0.01182	0.01189	0.05605	0.41519	0.07524	0.03587	0.10566	0.02995	0.01230	0.01682	0.01227	0.04301	0.00988	0.00622	0.00589	0.00182	0.02219	0.00563	0.11564	0.00668
27	0.02921	0.00566	0.00823	0.04010	0.00933	0.00596	0.00590	0.00859	0.00818	0.01137	0.01129	0.01988	0.01118	0.01802	0.01972	0.68074	0.02898	0.04771	0.02684	0.00309
28	0.03790	0.14502	0.08045	0.01118	0.01521	0.07402	0.01004	0.08830	0.01529	0.28098	0.08015	0.01872	0.01497	0.00841	0.03158	0.00196	0.04614	0.02672	0.00488	0.00805
29	0.01258	0.01617	0.17491	0.36363	0.16331	0.05058	0.06371	0.03271	0.03582	0.01703	0.01081	0.01433	0.00821	0.00559	0.00569	0.00183	0.00778	0.00499	0.00278	0.00753
30	0.05423	0.09344	0.62136	0.01604	0.04050	0.01411	0.04772	0.01796	0.01200	0.01813	0.01001	0.01187	0.00730	0.00535	0.00524	0.00176	0.00806	0.00419	0.00250	0.00823
31	0.01080	0.01017	0.01716	0.78523	0.03940	0.01271	0.01589	0.01461	0.01144	0.01461	0.01017	0.01525	0.00762	0.00572	0.00572	0.00191	0.00762	0.00508	0.00254	0.00635
32	0.01370	0.60339	0.02445	0.00921	0.01318	0.01861	0.00867	0.01598	0.03532	0.01501	0.11975	0.01652	0.01548	0.06292	0.00601	0.00164	0.00552	0.00461	0.00319	0.00683
33	0.04212	0.24346	0.12203	0.03472	0.16402	0.11094	0.02673	0.05325	0.01369	0.03217	0.06997	0.03878	0.01257	0.00625	0.00509	0.00159	0.00677	0.00496	0.00327	0.00761
34	0.04728	0.13261	0.01578	0.01030	0.01461	0.02891	0.00875	0.05216	0.03336	0.54145	0.01950	0.01869	0.01325	0.00696	0.00542	0.00171	0.00523	0.02899	0.00602	0.00902
35	0.02566	0.00973	0.01327	0.01018	0.01460	0.00841	0.00841	0.02788	0.01637	0.76726	0.02257	0.01947	0.01416	0.00708	0.00575	0.00177	0.00487	0.00575	0.00708	0.00973
36	0.01153	0.01149	0.04190	0.54620	0.22031	0.01269	0.01609	0.01525	0.01191	0.01578	0.01191	0.01620	0.03299	0.00584	0.00573	0.00185	0.00728	0.00529	0.00270	0.00705
37	0.01220	0.04038	0.46870	0.04511	0.19814	0.01339	0.08105	0.01757	0.01236	0.01795	0.01107	0.03634	0.00872	0.00567	0.00563	0.00180	0.00793	0.00501	0.00264	0.00833
38	0.02537	0.01021	0.01357	0.01040	0.01484	0.00911	0.00859	0.08186	0.01716	0.71216	0.02190	0.01904	0.01383	0.00706	0.00575	0.00177	0.00497	0.00571	0.00698	0.00973
39	0.02449	0.01003	0.01330	0.01026	0.01454	0.00898	0.00845	0.08256	0.01718	0.67366	0.05847	0.02018	0.01579	0.00729	0.00580	0.00177	0.00487	0.00593	0.00694	0.00952
40	0.01155	0.02756	0.68270	0.01702	0.04900	0.01309	0.05646	0.01786	0.01231	0.01830	0.03516	0.01333	0.00892	0.00560	0.00555	0.00181	0.00827	0.00458	0.00258	0.00834
41	0.01061	0.00839	0.01261	0.12947	0.14459	0.00867	0.01086	0.01376	0.03094	0.04003	0.10346	0.06637	0.05973	0.01157	0.00688	0.00219	0.00541	0.32355	0.00462	0.00628
42	0.83938	0.01106	0.00841	0.00752	0.01106	0.01283	0.00619	0.01681	0.00973	0.02566	0.00796	0.00929	0.00619	0.00531	0.00354	0.00177	0.00442	0.00310	0.00354	0.00619
43	0.00818	0.00611	0.00909	0.00909	0.01007	0.00709	0.00702	0.01015	0.00916	0.01320	0.01542	0.02300	0.01453	0.06944	0.75009	0.00906	0.01498	0.00621	0.00308	0.00505
44	0.00796	0.00627	0.00704	0.00679	0.00847	0.00573	0.00504	0.02760	0.04328	0.01857	0.29215	0.07555	0.40487	0.05568	0.00792	0.00209	0.00313	0.01105	0.00558	0.00523
45	0.00780	0.00568	0.00721	0.00712	0.00828	0.00523	0.00516	0.00993	0.01454	0.02011	0.52655	0.16344	0.12061	0.06269	0.00825	0.00213	0.00300	0.01133	0.00586	0.00510
46	0.01495	0.01194	0.01338	0.01001	0.01467	0.01104	0.00805	0.24407	0.05115	0.02409	0.01218	0.01379	0.00972	0.03312	0.00565	0.00134	0.00494	0.00426	0.00424	0.50741
47	0.01383	0.10891	0.33290	0.03267	0.02213	0.05701	0.15817	0.09336	0.01406	0.01950	0.01134	0.01343	0.00851	0.00555	0.00538	0.00170	0.00774	0.00478	0.08117	0.00787
48	0.28712	0.01389	0.09290	0.14606	0.14954	0.03811	0.05374	0.01684	0.01146	0.03327	0.00992	0.01261	0.00776	0.00564	0.00560	0.00178	0.04840	0.00435	0.02785	0.03315
49	0.12817	0.13073	0.01850	0.01283	0.01665	0.16359	0.10179	0.18975	0.01617	0.03450	0.01339	0.01465	0.04847	0.00645	0.00565	0.00166	0.03869	0.00487	0.04606	0.00742
50	0.01861	0.03810	0.01497	0.01146	0.01523	0.01464	0.00933	0.52157	0.02239	0.05524	0.03623	0.06870	0.01366	0.02665	0.02092	0.00193	0.00575	0.00607	0.07487	0.02368
51	0.13510	0.09942	0.02963	0.01022	0.01357	0.05637	0.00843	0.25671	0.06498	0.02474	0.10640	0.01977	0.02944	0.08519	0.00754	0.00205	0.00546	0.00569	0.03196	0.00732
52	0.01399	0.01163	0.03540	0.03037	0.01591	0.01130	0.08643	0.26184	0.03240	0.02374	0.03807	0.19418	0.03032	0.00926	0.00602	0.00179	0.00541	0.03050	0.03909	0.12237

[dist]
# distance from previous block
# <min> <max>
11	22

[block]
# block no. 4 follows, 41 sequences, length 8
# corresponding to MSA columns:
# 409-416
name=unknown_E
#
# <colnr> <probs for GDERKNQSTAVLIFYWHMCP>
#	G	D	E	R	K	N	Q	S	T	A	V	L	I	F	Y	W	H	M	C	P
0	0.01725	0.01501	0.05873	0.03502	0.01693	0.06922	0.01021	0.37217	0.04378	0.04192	0.01460	0.04724	0.02671	0.00813	0.03366	0.00185	0.00639	0.00534	0.00468	0.17116
1	0.06873	0.09611	0.14590	0.06097	0.13333	0.08650	0.01300	0.18288	0.04042	0.03507	0.07253	0.01526	0.01233	0.00632	0.00535	0.00169	0.00668	0.00498	0.00387	0.00808
2	0.06524	0.01383	0.01443	0.01149	0.01553	0.04169	0.00925	0.44058	0.05837	0.02888	0.01492	0.09325	0.01249	0.00747	0.00549	0.00164	0.00559	0.00588	0.00506	0.14891
3	0.00936	0.00745	0.00782	0.00742	0.00819	0.05101	0.00482	0.01002	0.01001	0.01323	0.07307	0.08386	0.04994	0.51979	0.02140	0.00419	0.03529	0.00834	0.00379	0.07100
4	0.01004	0.00788	0.00934	0.04730	0.03792	0.02992	0.00645	0.06010	0.04217	0.01530	0.03786	0.11660	0.05884	0.34451	0.11789	0.00437	0.00663	0.00830	0.00395	0.03462
5	0.01144	0.00684	0.00792	0.00860	0.06944	0.00702	0.00572	0.06651	0.01273	0.02096	0.01744	0.02154	0.01432	0.07246	0.04438	0.00212	0.00413	0.00558	0.59503	0.00580
6	0.05947	0.00822	0.01004	0.01069	0.04960	0.03926	0.00820	0.01375	0.01357	0.07881	0.16253	0.06067	0.04421	0.05219	0.00793	0.00232	0.00488	0.33092	0.00512	0.03763
7	0.01578	0.63340	0.08449	0.01177	0.05855	0.02024	0.01099	0.01811	0.01213	0.07571	0.00948	0.01052	0.00799	0.00513	0.00409	0.00134	0.00623	0.00348	0.00285	0.00772

[dist]
# distance from previous block
# <min> <max>
12	17

[block]
# block no. 5 follows, 41 sequences, length 28
# corresponding to MSA columns:
# 438-465
name=unknown_F
#
# <colnr> <probs for GDERKNQSTAVLIFYWHMCP>
#	G	D	E	R	K	N	Q	S	T	A	V	L	I	F	Y	W	H	M	C	P
0	0.12345	0.00707	0.00814	0.00751	0.00959	0.00681	0.00582	0.01273	0.01376	0.08921	0.33069	0.03711	0.17109	0.04420	0.04915	0.00238	0.00414	0.04182	0.00538	0.02994
1	0.01334	0.33735	0.28285	0.05427	0.01903	0.01581	0.01362	0.01704	0.01216	0.05100	0.01304	0.01636	0.03952	0.00626	0.00490	0.00159	0.00669	0.04850	0.00299	0.04369
2	0.00997	0.00776	0.01082	0.01017	0.01145	0.00925	0.00806	0.08488	0.01094	0.01563	0.01439	0.02060	0.01317	0.03600	0.62341	0.00777	0.09084	0.00592	0.00328	0.00569
3	0.19344	0.39238	0.05102	0.04038	0.06339	0.03985	0.01007	0.06788	0.01281	0.03173	0.04383	0.01195	0.00965	0.00557	0.00428	0.00150	0.00590	0.00387	0.00321	0.00731
4	0.01020	0.00758	0.00915	0.00917	0.01080	0.00768	0.00708	0.12273	0.05576	0.01996	0.11537	0.31834	0.10876	0.01415	0.00698	0.00217	0.00412	0.15858	0.00551	0.00590
5	0.01385	0.01456	0.06849	0.09665	0.64201	0.02877	0.01750	0.01745	0.01290	0.01822	0.01064	0.01404	0.00879	0.00519	0.00564	0.00172	0.00704	0.00501	0.00278	0.00875
6	0.01251	0.01251	0.01752	0.01502	0.01502	0.01752	0.01251	0.01377	0.00876	0.01377	0.00751	0.01251	0.00751	0.01001	0.01877	0.00250	0.78851	0.00501	0.00250	0.00626
7	0.04626	0.04471	0.01372	0.01024	0.01437	0.00989	0.00843	0.07058	0.06167	0.58112	0.02150	0.06088	0.01486	0.00755	0.00569	0.00178	0.00489	0.00614	0.00652	0.00921
8	0.01418	0.54046	0.23161	0.01320	0.06559	0.01950	0.01339	0.01742	0.01184	0.01507	0.00876	0.01029	0.00743	0.00505	0.00428	0.00141	0.00680	0.00351	0.00246	0.00776
9	0.00798	0.00576	0.00736	0.00821	0.00891	0.00554	0.00565	0.05550	0.01234	0.01651	0.07577	0.68354	0.05179	0.01676	0.00715	0.00224	0.00346	0.01510	0.00540	0.00502
10	0.01147	0.02959	0.76934	0.01630	0.02476	0.01328	0.02113	0.01811	0.01208	0.01811	0.01026	0.01208	0.00725	0.00543	0.00543	0.00181	0.00845	0.00423	0.00242	0.00845
11	0.01394	0.01337	0.02283	0.08342	0.71668	0.01353	0.01745	0.01736	0.01292	0.01842	0.01072	0.01423	0.00897	0.00514	0.00567	0.00171	0.00685	0.00510	0.00281	0.00889
12	0.01933	0.01413	0.01547	0.01230	0.01629	0.01553	0.01000	0.56339	0.07890	0.05342	0.01584	0.06310	0.01244	0.00989	0.05537	0.00224	0.00648	0.00598	0.00553	0.02439
13	0.00826	0.00552	0.00625	0.00631	0.00632	0.00551	0.00354	0.00830	0.00842	0.01123	0.01856	0.06779	0.02148	0.76769	0.02824	0.00542	0.00546	0.00864	0.00354	0.00351
14	0.73258	0.06189	0.01022	0.02977	0.01223	0.01329	0.00678	0.01718	0.01015	0.05223	0.00857	0.00983	0.00661	0.00536	0.00369	0.00174	0.00464	0.00325	0.00357	0.00640
15	0.01116	0.00654	0.00847	0.00775	0.00965	0.00591	0.00596	0.01351	0.01536	0.15684	0.47027	0.06883	0.12302	0.02914	0.00714	0.00195	0.00332	0.04296	0.00618	0.00605
