[name]
unknown

[dist]
# distance from previous block
# <min> <max>
0	1

[block]
# block no. 0 follows, 42 sequences, length 7
# corresponding to MSA columns:
# 1-7
name=unknown_A
#
# <colnr> <probs for GDERKNQSTAVLIFYWHMCP>
#	G	D	E	R	K	N	Q	S	T	A	V	L	I	F	Y	W	H	M	C	P
0	0.00907	0.00648	0.00907	0.01036	0.01166	0.00648	0.00907	0.01166	0.01296	0.01684	0.02980	0.06348	0.03239	0.01555	0.00777	0.00259	0.00518	0.72924	0.00518	0.00518
1	0.01461	0.01550	0.01975	0.03828	0.01952	0.17993	0.21352	0.07758	0.06114	0.01728	0.01211	0.04637	0.01039	0.01073	0.08893	0.00265	0.15571	0.00579	0.00330	0.00691
2	0.04753	0.01281	0.01469	0.01303	0.07682	0.01354	0.00968	0.39391	0.07646	0.10262	0.01577	0.06511	0.01235	0.00714	0.00546	0.00167	0.00536	0.00573	0.04973	0.07059
3	0.00709	0.00518	0.00641	0.00718	0.00781	0.00478	0.00482	0.00815	0.01120	0.01471	0.09351	0.50517	0.16218	0.12249	0.00994	0.00260	0.00344	0.01376	0.00506	0.00451
4	0.01400	0.01334	0.01812	0.30475	0.10764	0.13277	0.09390	0.01699	0.01258	0.07740	0.03342	0.01553	0.01002	0.00844	0.05628	0.00228	0.06727	0.00523	0.00314	0.00689
5	0.01203	0.01067	0.01709	0.45976	0.20531	0.01223	0.01429	0.07020	0.01237	0.01646	0.01086	0.01608	0.00891	0.05454	0.00794	0.04953	0.00694	0.00520	0.00286	0.00674
6	0.00963	0.00670	0.00832	0.05500	0.01102	0.00649	0.00623	0.07072	0.01325	0.06949	0.08563	0.37172	0.21064	0.03908	0.00737	0.00214	0.00379	0.01204	0.00523	0.00549

[dist]
# distance from previous block
# <min> <max>
17	51

[block]
# block no. 1 follows, 42 sequences, length 25
# corresponding to MSA columns:
# 67-91
name=unknown_B
#
# <colnr> <probs for GDERKNQSTAVLIFYWHMCP>
#	G	D	E	R	K	N	Q	S	T	A	V	L	I	F	Y	W	H	M	C	P
0	0.03968	0.01154	0.01420	0.12621	0.09548	0.03453	0.01017	0.12138	0.14510	0.09825	0.01592	0.08786	0.01315	0.00706	0.00544	0.00165	0.00541	0.00594	0.00444	0.15660
1	0.01692	0.04537	0.01645	0.04341	0.14729	0.14312	0.01092	0.18232	0.14054	0.06271	0.01363	0.01495	0.01060	0.02975	0.00599	0.00169	0.00638	0.00488	0.00421	0.09887
2	0.03747	0.01259	0.01608	0.05260	0.12299	0.02655	0.04860	0.19117	0.15030	0.14525	0.01544	0.01632	0.01147	0.03008	0.00616	0.00177	0.00574	0.00530	0.00475	0.09940
3	0.09664	0.01492	0.01646	0.13355	0.18740	0.15900	0.01206	0.12708	0.04894	0.13165	0.01258	0.01394	0.00933	0.00594	0.00531	0.00169	0.00679	0.00472	0.00400	0.00798
4	0.09009	0.06860	0.01581	0.03772	0.09749	0.19800	0.01030	0.15142	0.15937	0.04066	0.04587	0.01552	0.01216	0.02605	0.00580	0.00175	0.00652	0.00496	0.00419	0.00774
5	0.58715	0.10096	0.01253	0.01037	0.07380	0.04685	0.00777	0.01767	0.01079	0.07610	0.00912	0.01028	0.00706	0.00531	0.00389	0.00166	0.00501	0.00342	0.00353	0.00672
6	0.03927	0.38577	0.30057	0.01302	0.01893	0.09130	0.04697	0.01779	0.01206	0.01555	0.00890	0.01046	0.00722	0.00511	0.00452	0.00149	0.00737	0.00366	0.00250	0.00754
7	0.01417	0.62417	0.20324	0.01113	0.01676	0.02012	0.01224	0.01708	0.01154	0.01431	0.00836	0.00969	0.00720	0.00494	0.00402	0.00134	0.00656	0.00328	0.00240	0.00748
8	0.03252	0.04712	0.60077	0.01717	0.09417	0.01370	0.01897	0.07759	0.01310	0.01938	0.01031	0.01207	0.00748	0.00541	0.00530	0.00175	0.00783	0.00426	0.00271	0.00839
9	0.00978	0.00489	0.00733	0.00733	0.00733	0.00489	0.00489	0.00733	0.00733	0.00978	0.00978	0.01711	0.00978	0.01955	0.02199	0.83627	0.00489	0.00489	0.00244	0.00244
10	0.02102	0.02682	0.01595	0.01450	0.01740	0.77963	0.01087	0.02247	0.01595	0.01377	0.00870	0.01015	0.00725	0.00580	0.00507	0.00145	0.01015	0.00362	0.00290	0.00652
11	0.01489	0.63408	0.14134	0.01094	0.01615	0.07315	0.01141	0.01739	0.01181	0.01397	0.00823	0.00954	0.00721	0.00496	0.00398	0.00131	0.00665	0.00323	0.00244	0.00734
12	0.02443	0.01000	0.01321	0.01023	0.01452	0.00901	0.00842	0.06008	0.05913	0.69491	0.02185	0.01901	0.01392	0.00699	0.00566	0.00175	0.00483	0.00567	0.00683	0.00954
13	0.00978	0.00489	0.00733	0.00733	0.00733	0.00489	0.00489	0.00733	0.00733	0.00978	0.00978	0.01711	0.00978	0.01955	0.02199	0.83627	0.00489	0.00489	0.00244	0.00244
14	0.01129	0.02911	0.77306	0.01604	0.02436	0.01307	0.02079	0.01782	0.01188	0.01782	0.01010	0.01188	0.00713	0.00535	0.00535	0.00178	0.00832	0.00416	0.00238	0.00832
15	0.01729	0.01257	0.01379	0.01161	0.01520	0.01390	0.00929	0.26297	0.38406	0.11253	0.02026	0.04798	0.01551	0.00787	0.00580	0.00185	0.00504	0.02775	0.00580	0.00893
16	0.02508	0.00986	0.01323	0.01015	0.01451	0.00869	0.00838	0.05996	0.01657	0.73782	0.02181	0.01890	0.01373	0.00696	0.00566	0.00174	0.00485	0.00563	0.00691	0.00958
17	0.00978	0.00489	0.00733	0.00733	0.00733	0.00489	0.00489	0.00733	0.00733	0.00978	0.00978	0.01711	0.00978	0.01955	0.02199	0.83627	0.00489	0.00489	0.00244	0.00244
18	0.00686	0.00490	0.00653	0.00784	0.00816	0.00457	0.00522	0.00784	0.01077	0.01437	0.03102	0.79855	0.03722	0.01763	0.00718	0.00229	0.00326	0.01600	0.00522	0.00457
19	0.01167	0.01000	0.01167	0.00834	0.01334	0.00750	0.00667	0.01417	0.01167	0.01834	0.01000	0.01167	0.00834	0.00417	0.00417	0.00083	0.00417	0.00333	0.00333	0.83663
20	0.12071	0.29082	0.35945	0.01251	0.01876	0.01589	0.03318	0.01713	0.01145	0.01725	0.00906	0.01062	0.00713	0.00507	0.00448	0.00153	0.00682	0.00364	0.00259	0.05189
21	0.01542	0.72409	0.02797	0.01003	0.01465	0.07372	0.00969	0.01770	0.03834	0.01364	0.00842	0.00953	0.00758	0.00498	0.00379	0.00125	0.00624	0.00317	0.00256	0.00723
22	0.00981	0.00694	0.00850	0.00848	0.00996	0.00664	0.00611	0.10548	0.01338	0.04537	0.05627	0.54154	0.06901	0.01441	0.00665	0.00204	0.00372	0.01282	0.00524	0.06764
23	0.01785	0.01434	0.01505	0.03117	0.01667	0.04814	0.00978	0.41458	0.19529	0.02851	0.01488	0.01488	0.01102	0.00649	0.00540	0.00160	0.00567	0.00504	0.00510	0.13856
24	0.15610	0.08650	0.01353	0.00936	0.01358	0.01116	0.00775	0.08289	0.06134	0.23658	0.01482	0.04260	0.01118	0.00615	0.00476	0.00148	0.00471	0.00473	0.00473	0.22604

[dist]
# distance from previous block
# <min> <max>
0	4

[block]
# block no. 2 follows, 42 sequences, length 14
# corresponding to MSA columns:
# 96-109
name=unknown_C
#
# <colnr> <probs for GDERKNQSTAVLIFYWHMCP>
#	G	D	E	R	K	N	Q	S	T	A	V	L	I	F	Y	W	H	M	C	P
0	0.03158	0.06860	0.01947	0.12115	0.34563	0.06816	0.01368	0.06028	0.01387	0.15210	0.01223	0.01421	0.00931	0.00579	0.00593	0.00170	0.03955	0.00485	0.00364	0.00827
1	0.01677	0.16380	0.01714	0.01201	0.03269	0.25919	0.00951	0.08106	0.09070	0.04775	0.01301	0.01379	0.03772	0.00606	0.00523	0.00142	0.02910	0.00432	0.00364	0.15508
2	0.01334	0.01004	0.01639	0.62528	0.05832	0.01178	0.01437	0.01680	0.01217	0.14926	0.01219	0.01571	0.00869	0.00584	0.00563	0.00184	0.00699	0.00512	0.00331	0.00693
3	0.02459	0.04337	0.01398	0.01017	0.01455	0.00941	0.00847	0.07035	0.01653	0.69495	0.02108	0.01839	0.01339	0.00686	0.00557	0.00172	0.00492	0.00551	0.00669	0.00948
4	0.01244	0.01046	0.01208	0.00870	0.01366	0.00829	0.00699	0.07233	0.01284	0.01969	0.01028	0.01182	0.00843	0.00437	0.00428	0.00090	0.00433	0.00347	0.00352	0.77111
5	0.00978	0.00489	0.00733	0.00733	0.00733	0.00489	0.00489	0.00733	0.00733	0.00978	0.00978	0.01711	0.00978	0.01955	0.02199	0.83627	0.00489	0.00489	0.00244	0.00244
6	0.01129	0.02911	0.77306	0.01604	0.02436	0.01307	0.02079	0.01782	0.01188	0.01782	0.01010	0.01188	0.00713	0.00535	0.00535	0.00178	0.00832	0.00416	0.00238	0.00832
7	0.03269	0.01378	0.04437	0.02950	0.02932	0.01408	0.01004	0.34348	0.20731	0.08667	0.01612	0.02896	0.01196	0.00675	0.00547	0.00167	0.00545	0.00536	0.00521	0.10181
8	0.01550	0.56538	0.02448	0.00961	0.01440	0.01840	0.00907	0.05689	0.01262	0.06828	0.00953	0.01045	0.00802	0.00496	0.00396	0.00120	0.00561	0.00336	0.00307	0.15522
9	0.01151	0.05216	0.04108	0.00874	0.01137	0.00879	0.00723	0.08989	0.08058	0.06654	0.45462	0.03204	0.05887	0.00958	0.00608	0.00171	0.00378	0.00819	0.00563	0.04163
10	0.01996	0.02036	0.01530	0.01299	0.01655	0.41517	0.01010	0.22436	0.04979	0.06177	0.01295	0.01349	0.03202	0.00635	0.00527	0.00152	0.00787	0.00449	0.00410	0.06556
11	0.04031	0.00878	0.05508	0.00815	0.00989	0.00786	0.00612	0.09465	0.01170	0.11945	0.01761	0.05968	0.01771	0.49678	0.01977	0.00405	0.00550	0.00738	0.00416	0.00539
12	0.07679	0.08002	0.01459	0.01010	0.01455	0.01207	0.00838	0.18384	0.07344	0.22259	0.01468	0.01438	0.01053	0.00589	0.00492	0.00145	0.00498	0.00453	0.00493	0.23735
13	0.04315	0.01142	0.01277	0.01057	0.01388	0.02754	0.00841	0.28417	0.07937	0.15079	0.07175	0.13238	0.03025	0.00942	0.02091	0.00191	0.01843	0.00716	0.00546	0.06025

[dist]
# distance from previous block
# <min> <max>
0	18

[block]
# block no. 3 follows, 42 sequences, length 26
# corresponding to MSA columns:
# 130-155
name=unknown_D
#
# <colnr> <probs for GDERKNQSTAVLIFYWHMCP>
#	G	D	E	R	K	N	Q	S	T	A	V	L	I	F	Y	W	H	M	C	P
0	0.01270	0.24541	0.50674	0.01396	0.02083	0.05131	0.01679	0.01753	0.01186	0.01621	0.00955	0.01131	0.00737	0.00633	0.02819	0.00182	0.00796	0.00387	0.00243	0.00783
1	0.01227	0.00712	0.00895	0.00796	0.01022	0.00658	0.00621	0.01557	0.06884	0.19618	0.40501	0.03770	0.15203	0.01071	0.00638	0.00182	0.00339	0.03043	0.00616	0.00648
2	0.01505	0.80561	0.02949	0.00963	0.01444	0.02227	0.00963	0.01685	0.01143	0.01324	0.00782	0.00903	0.00722	0.00481	0.00361	0.00120	0.00602	0.00301	0.00241	0.00722
3	0.01869	0.01046	0.04621	0.00981	0.01397	0.00873	0.00828	0.05716	0.06330	0.40432	0.10015	0.03900	0.01738	0.00713	0.00550	0.00159	0.00460	0.00590	0.00577	0.17204
4	0.01223	0.22318	0.58722	0.01444	0.02188	0.01537	0.01800	0.01758	0.01177	0.01668	0.00953	0.01117	0.00715	0.00521	0.00491	0.00164	0.00774	0.00387	0.00238	0.00804
5	0.01523	0.01181	0.01276	0.01130	0.01460	0.01337	0.00884	0.02963	0.67602	0.10520	0.02283	0.02080	0.01682	0.00756	0.00572	0.00189	0.00449	0.00629	0.00586	0.00898
6	0.01390	0.01344	0.02325	0.03411	0.73780	0.01341	0.04626	0.01730	0.01283	0.01837	0.01062	0.01398	0.00890	0.00500	0.00561	0.00168	0.00680	0.00508	0.00279	0.00886
7	0.02525	0.00958	0.01306	0.01001	0.01437	0.00827	0.00827	0.02743	0.01611	0.77102	0.02220	0.01915	0.01393	0.00697	0.00566	0.00174	0.00479	0.00566	0.00697	0.00958
8	0.00818	0.00546	0.00614	0.00614	0.00614	0.00546	0.00341	0.00818	0.00818	0.01091	0.01773	0.03683	0.02046	0.80222	0.02864	0.00546	0.00546	0.00818	0.00341	0.00341
9	0.00791	0.00571	0.00747	0.00712	0.00840	0.00527	0.00531	0.01049	0.01568	0.02217	0.72862	0.07870	0.05233	0.01180	0.00666	0.00179	0.00268	0.01046	0.00615	0.00527
10	0.01519	0.02366	0.56089	0.01436	0.02157	0.01173	0.01730	0.02050	0.01306	0.22809	0.01348	0.01391	0.00903	0.00580	0.00543	0.00177	0.00733	0.00458	0.00366	0.00867
11	0.01400	0.59043	0.23554	0.01141	0.01719	0.01972	0.01272	0.01712	0.01156	0.01451	0.00845	0.00982	0.00720	0.00496	0.00409	0.00136	0.00666	0.00333	0.00240	0.00753
12	0.00907	0.00648	0.00907	0.01036	0.01166	0.00648	0.00907	0.01166	0.01296	0.01684	0.02980	0.06348	0.03239	0.01555	0.00777	0.00259	0.00518	0.72924	0.00518	0.00518
13	0.01951	0.17769	0.01842	0.01340	0.01669	0.59425	0.01053	0.02175	0.05180	0.01415	0.00923	0.01047	0.00774	0.00570	0.00482	0.00142	0.00906	0.00364	0.00294	0.00678
14	0.01247	0.17881	0.60412	0.01460	0.02211	0.01469	0.01822	0.01795	0.01193	0.04169	0.01006	0.01157	0.00737	0.00530	0.00502	0.00167	0.00776	0.00399	0.00253	0.00815
15	0.01763	0.02129	0.01631	0.19600	0.02212	0.51653	0.01215	0.01960	0.01405	0.01389	0.00886	0.01152	0.00732	0.00620	0.00667	0.00166	0.09493	0.00409	0.00276	0.00642
16	0.00978	0.00489	0.00733	0.00733	0.00733	0.00489	0.00489	0.00733	0.00733	0.00978	0.00978	0.01711	0.00978	0.01955	0.02199	0.83627	0.00489	0.00489	0.00244	0.00244
17	0.05206	0.15601	0.05328	0.01278	0.01633	0.32910	0.01076	0.09987	0.01513	0.10576	0.01056	0.01165	0.00825	0.00625	0.00629	0.00160	0.08939	0.00405	0.00354	0.00736
18	0.01143	0.02546	0.60378	0.01568	0.02272	0.04812	0.07182	0.01702	0.01206	0.01729	0.01230	0.09389	0.01037	0.00660	0.00562	0.00183	0.00796	0.00555	0.00273	0.00779
19	0.01063	0.01000	0.01688	0.78870	0.03876	0.01250	0.01563	0.01438	0.01125	0.01438	0.01000	0.01500	0.00750	0.00563	0.00563	0.00188	0.00750	0.00500	0.00250	0.00625
20	0.01163	0.01082	0.01791	0.62710	0.16396	0.01285	0.01572	0.04428	0.01213	0.01592	0.01024	0.01476	0.00783	0.00557	0.00562	0.00183	0.00731	0.00501	0.00268	0.00685
21	0.28340	0.01271	0.01511	0.08764	0.19928	0.07115	0.02752	0.05460	0.01318	0.16720	0.01192	0.01322	0.00875	0.00566	0.00491	0.00172	0.00595	0.00444	0.00395	0.00771
22	0.09140	0.01169	0.01551	0.03558	0.22800	0.03414	0.01091	0.08174	0.03733	0.27664	0.04542	0.01747	0.01285	0.00640	0.00542	0.00168	0.00551	0.02120	0.00481	0.05628
23	0.01561	0.01373	0.01914	0.12607	0.17506	0.03707	0.10454	0.24534	0.08037	0.02349	0.02925	0.01504	0.01047	0.00593	0.00564	0.00168	0.00662	0.00528	0.00401	0.07566
24	0.12285	0.05045	0.06311	0.17956	0.25045	0.03615	0.10450	0.01713	0.02843	0.04087	0.02870	0.01536	0.00990	0.00569	0.00540	0.00176	0.00682	0.02226	0.00312	0.00749
25	0.04811	0.01648	0.07861	0.11195	0.26815	0.15772	0.05620	0.08436	0.04540	0.01881	0.01193	0.05508	0.01007	0.00619	0.00554	0.00172	0.00731	0.00534	0.00328	0.00774

[dist]
# distance from previous block
# <min> <max>
3	20

[block]
# block no. 4 follows, 42 sequences, length 41
# corresponding to MSA columns:
# 176-216
name=unknown_E
#
# <colnr> <probs for GDERKNQSTAVLIFYWHMCP>
#	G	D	E	R	K	N	Q	S	T	A	V	L	I	F	Y	W	H	M	C	P
0	0.16292	0.07274	0.23377	0.01332	0.05104	0.13651	0.01252	0.12857	0.01455	0.03727	0.04177	0.04840	0.01081	0.00640	0.00505	0.00168	0.00682	0.00479	0.00356	0.00751
1	0.28864	0.05263	0.17723	0.02726	0.01628	0.11899	0.01093	0.10061	0.01356	0.07986	0.01163	0.05818	0.00941	0.00637	0.00479	0.00171	0.00633	0.00461	0.00371	0.00726
2	0.28128	0.06157	0.04967	0.07719	0.01611	0.03096	0.00932	0.20974	0.06041	0.05056	0.08956	0.01541	0.01309	0.00651	0.00490	0.00171	0.00538	0.00484	0.00437	0.00741
3	0.19205	0.01407	0.08706	0.01172	0.03528	0.01346	0.01001	0.29759	0.07151	0.12983	0.04841	0.03855	0.01254	0.00688	0.00525	0.00175	0.00546	0.00529	0.00499	0.00831
4	0.06012	0.00841	0.07401	0.00902	0.01096	0.00677	0.00726	0.03725	0.01213	0.12918	0.02593	0.54067	0.02836	0.01387	0.00652	0.00211	0.00409	0.01229	0.00515	0.00590
5	0.11252	0.00775	0.01081	0.01162	0.09000	0.00851	0.00812	0.01337	0.01022	0.09221	0.01444	0.01936	0.01254	0.03019	0.52487	0.00663	0.01184	0.00552	0.00345	0.00603
6	0.05388	0.01635	0.06115	0.04938	0.03926	0.08469	0.01127	0.47624	0.02174	0.11071	0.01334	0.01363	0.00943	0.00644	0.00548	0.00169	0.00652	0.00486	0.00502	0.00891
7	0.00992	0.00754	0.01099	0.05938	0.14991	0.00748	0.00844	0.04475	0.01273	0.04787	0.11398	0.44867	0.02999	0.01293	0.00660	0.00204	0.00427	0.01170	0.00482	0.00599
8	0.01259	0.06171	0.48990	0.02108	0.24287	0.01375	0.01887	0.04238	0.01263	0.01836	0.01025	0.01240	0.00774	0.00527	0.00534	0.00172	0.00765	0.00439	0.00261	0.00848
9	0.01979	0.01919	0.01521	0.01451	0.08064	0.40461	0.01038	0.07880	0.07684	0.15564	0.01574	0.01589	0.05464	0.00667	0.00541	0.00161	0.00766	0.00494	0.00422	0.00761
10	0.08371	0.00885	0.05553	0.03151	0.01305	0.00763	0.06213	0.01298	0.01294	0.07741	0.09249	0.07383	0.23568	0.01166	0.00650	0.00205	0.00469	0.19664	0.00486	0.00587
11	0.05394	0.01182	0.01879	0.02566	0.50159	0.01155	0.01382	0.01919	0.01336	0.20448	0.01455	0.06164	0.01171	0.00626	0.00559	0.00173	0.00591	0.00574	0.00400	0.00869
12	0.06300	0.22649	0.02260	0.15709	0.37854	0.02982	0.01414	0.01671	0.01204	0.01662	0.00954	0.01244	0.00801	0.00509	0.00492	0.00158	0.00657	0.00433	0.00268	0.00778
13	0.01441	0.67525	0.15432	0.01071	0.01611	0.02072	0.01150	0.01701	0.01151	0.01401	0.00821	0.00951	0.00721	0.00490	0.00390	0.00130	0.00640	0.00320	0.00240	0.00741
14	0.00804	0.00603	0.00904	0.00904	0.01005	0.00703	0.00703	0.01005	0.00904	0.01306	0.01507	0.02211	0.01407	0.04221	0.77992	0.00904	0.01507	0.00603	0.00301	0.00502
15	0.01063	0.01000	0.01688	0.78870	0.03876	0.01250	0.01563	0.01438	0.01125	0.01438	0.01000	0.01500	0.00750	0.00563	0.00563	0.00188	0.00750	0.00500	0.00250	0.00625
16	0.00881	0.00637	0.00790	0.00829	0.00940	0.00630	0.00590	0.03129	0.10358	0.03814	0.16151	0.50873	0.05266	0.01465	0.00681	0.00211	0.00341	0.01311	0.00552	0.00551
17	0.01265	0.01205	0.02045	0.29204	0.46103	0.01293	0.03440	0.01645	0.03013	0.01708	0.01120	0.01579	0.00923	0.00555	0.00568	0.00178	0.00694	0.02392	0.00282	0.00787
18	0.01393	0.01337	0.02284	0.03454	0.76712	0.01337	0.01727	0.01727	0.01281	0.01839	0.01059	0.01393	0.00891	0.00501	0.00557	0.00167	0.00669	0.00501	0.00279	0.00891
19	0.01328	0.01518	0.03321	0.02372	0.02941	0.01423	0.74668	0.01803	0.01328	0.01803	0.01139	0.01518	0.00854	0.00474	0.00664	0.00190	0.00949	0.00664	0.00285	0.00759
20	0.01098	0.01036	0.01752	0.70820	0.11651	0.01260	0.01580	0.01469	0.01142	0.01481	0.01006	0.01489	0.00765	0.00556	0.00562	0.00185	0.00741	0.00500	0.00253	0.00654
21	0.00715	0.00568	0.00643	0.00640	0.00799	0.00496	0.00479	0.00898	0.01372	0.01763	0.28986	0.10020	0.46362	0.01359	0.00671	0.00190	0.00286	0.02703	0.00555	0.00493
22	0.01231	0.01231	0.01724	0.01477	0.01477	0.01724	0.01231	0.01354	0.00862	0.01354	0.00739	0.01231	0.00739	0.00985	0.01847	0.00246	0.79192	0.00492	0.00246	0.00616
23	0.02486	0.01020	0.01344	0.01031	0.01468	0.00919	0.00851	0.09963	0.01714	0.69734	0.02133	0.01859	0.01349	0.00694	0.00566	0.00174	0.00493	0.00560	0.00683	0.00958
24	0.53730	0.01147	0.01053	0.00879	0.01258	0.03111	0.00722	0.09591	0.01309	0.20722	0.01194	0.01206	0.00839	0.00582	0.00428	0.00173	0.00480	0.00391	0.00454	0.00732
25	0.00686	0.00490	0.00653	0.00784	0.00816	0.00457	0.00522	0.00784	0.01077	0.01437	0.03102	0.79855	0.03722	0.01763	0.00718	0.00229	0.00326	0.01600	0.00522	0.00457
26	0.00978	0.00489	0.00733	0.00733	0.00733	0.00489	0.00489	0.00733	0.00733	0.00978	0.00978	0.01711	0.00978	0.01955	0.02199	0.83627	0.00489	0.00489	0.00244	0.00244
27	0.00922	0.00660	0.00865	0.00912	0.01051	0.00657	0.00735	0.01278	0.08216	0.03567	0.23566	0.17291	0.03718	0.01383	0.00712	0.00223	0.00408	0.32725	0.00556	0.00556
28	0.01393	0.01337	0.02284	0.03454	0.76712	0.01337	0.01727	0.01727	0.01281	0.01839	0.01059	0.01393	0.00891	0.00501	0.00557	0.00167	0.00669	0.00501	0.00279	0.00891
29	0.01138	0.02849	0.74023	0.01638	0.02458	0.01312	0.05301	0.01783	0.01194	0.01783	0.01016	0.01203	0.00719	0.00532	0.00540	0.00179	0.00837	0.00427	0.00240	0.00828
30	0.00665	0.00570	0.00570	0.00570	0.00760	0.00475	0.00428	0.00808	0.01283	0.01520	0.05701	0.05416	0.76483	0.01425	0.00665	0.00190	0.00285	0.01188	0.00523	0.00475
31	0.01229	0.15403	0.63142	0.01483	0.02247	0.01442	0.01863	0.01794	0.01193	0.03838	0.01007	0.01163	0.00734	0.00531	0.00508	0.00169	0.00785	0.00402	0.00251	0.00818
32	0.01353	0.01291	0.02196	0.05344	0.71404	0.01296	0.01669	0.01678	0.01268	0.01810	0.01148	0.04878	0.01013	0.00559	0.00564	0.00170	0.00656	0.00550	0.00289	0.00865
33	0.00940	0.00850	0.03133	0.03177	0.01543	0.00789	0.16999	0.01208	0.01228	0.01630	0.02520	0.27833	0.02747	0.01335	0.00723	0.00231	0.00566	0.31532	0.00455	0.00562
34	0.01156	0.06281	0.69971	0.01617	0.02419	0.01354	0.05989	0.01779	0.01194	0.01763	0.01007	0.01193	0.00721	0.00529	0.00534	0.00176	0.00828	0.00424	0.00240	0.00823
35	0.01129	0.02911	0.77306	0.01604	0.02436	0.01307	0.02079	0.01782	0.01188	0.01782	0.01010	0.01188	0.00713	0.00535	0.00535	0.00178	0.00832	0.00416	0.00238	0.00832
36	0.02365	0.01036	0.02714	0.01028	0.01456	0.00915	0.00860	0.09096	0.03095	0.64327	0.05494	0.01959	0.01526	0.00714	0.00570	0.00174	0.00488	0.00580	0.00670	0.00935
37	0.01321	0.01258	0.02139	0.16531	0.61751	0.01301	0.01674	0.01660	0.01255	0.01764	0.01106	0.01560	0.00937	0.00544	0.00565	0.00173	0.00678	0.02669	0.00281	0.00834
38	0.00686	0.00490	0.00653	0.00784	0.00816	0.00457	0.00522	0.00784	0.01077	0.01437	0.03102	0.79855	0.03722	0.01763	0.00718	0.00229	0.00326	0.01600	0.00522	0.00457
39	0.71864	0.04677	0.00974	0.00778	0.01141	0.01260	0.00648	0.01770	0.01035	0.10310	0.00935	0.01019	0.00697	0.00539	0.00372	0.00172	0.00447	0.00332	0.00380	0.00651
40	0.37867	0.36634	0.01830	0.00888	0.01289	0.04722	0.00801	0.01734	0.03058	0.03525	0.00876	0.01000	0.00732	0.00613	0.02390	0.00168	0.00562	0.00328	0.00310	0.00674

[dist]
# distance from previous block
# <min> <max>
0	8

[block]
# block no. 5 follows, 42 sequences, length 27
# corresponding to MSA columns:
# 225-251
name=unknown_F
#
# <colnr> <probs for GDERKNQSTAVLIFYWHMCP>
#	G	D	E	R	K	N	Q	S	T	A	V	L	I	F	Y	W	H	M	C	P
0	0.38899	0.02950	0.01161	0.00918	0.01296	0.02732	0.00759	0.03761	0.01302	0.35922	0.01441	0.01387	0.00979	0.00622	0.00511	0.00175	0.03470	0.00435	0.00502	0.00777
1	0.01531	0.72782	0.02820	0.01012	0.01464	0.06838	0.00981	0.01707	0.01160	0.01328	0.00786	0.00922	0.00723	0.00507	0.00427	0.00127	0.03616	0.00312	0.00244	0.00714
2	0.01494	0.77437	0.02901	0.00983	0.01446	0.02207	0.00973	0.01672	0.01132	0.01325	0.00781	0.00916	0.00723	0.00501	0.00420	0.00125	0.03696	0.00308	0.00241	0.00718
3	0.00665	0.00570	0.00570	0.00570	0.00760	0.00475	0.00428	0.00808	0.01283	0.01520	0.05701	0.05416	0.76483	0.01425	0.00665	0.00190	0.00285	0.01188	0.00523	0.00475
4	0.01319	0.38367	0.36601	0.01379	0.02027	0.01739	0.08076	0.01740	0.01180	0.01574	0.00917	0.01087	0.00730	0.00505	0.00467	0.00153	0.00737	0.00385	0.00243	0.00775
5	0.01141	0.01080	0.01829	0.61024	0.21111	0.01271	0.01602	0.01506	0.01162	0.01533	0.01014	0.01475	0.00784	0.00548	0.00561	0.00183	0.00731	0.00500	0.00257	0.00688
6	0.00686	0.00490	0.00653	0.00784	0.00816	0.00457	0.00522	0.00784	0.01077	0.01437	0.03102	0.79855	0.03722	0.01763	0.00718	0.00229	0.00326	0.01600	0.00522	0.00457
7	0.00692	0.00500	0.00656	0.00778	0.00824	0.00465	0.00529	0.00798	0.01098	0.01451	0.03269	0.72431	0.08517	0.01734	0.00717	0.00227	0.00330	0.04000	0.00522	0.00460
8	0.01477	0.73346	0.04990	0.01014	0.01475	0.02169	0.01012	0.01667	0.01127	0.01339	0.00786	0.00932	0.00723	0.00515	0.00460	0.00130	0.05565	0.00316	0.00241	0.00719
9	0.02036	0.01524	0.01647	0.03318	0.01773	0.01697	0.01065	0.65643	0.09991	0.03371	0.01437	0.01431	0.01029	0.00681	0.00564	0.00172	0.00605	0.00520	0.00556	0.00942
10	0.01170	0.00564	0.00601	0.00575	0.00732	0.00555	0.00438	0.01427	0.01210	0.08540	0.01861	0.02085	0.01437	0.00748	0.02334	0.00154	0.00312	0.00530	0.74166	0.00561
11	0.02155	0.01551	0.01673	0.01283	0.01733	0.01708	0.01060	0.71929	0.02604	0.06512	0.01386	0.01374	0.00975	0.00676	0.00563	0.00169	0.00614	0.00509	0.00568	0.00957
12	0.01216	0.14452	0.63797	0.01504	0.02266	0.03925	0.01881	0.01783	0.01195	0.01701	0.00972	0.01140	0.00715	0.00528	0.00508	0.00169	0.00803	0.00397	0.00240	0.00810
13	0.00665	0.00570	0.00570	0.00570	0.00760	0.00475	0.00428	0.00808	0.01283	0.01520	0.05701	0.05416	0.76483	0.01425	0.00665	0.00190	0.00285	0.01188	0.00523	0.00475
14	0.00818	0.00546	0.00614	0.00614	0.00614	0.00546	0.00341	0.00818	0.00818	0.01091	0.01773	0.03683	0.02046	0.80222	0.02864	0.00546	0.00546	0.00818	0.00341	0.00341
15	0.03739	0.69225	0.07146	0.01003	0.01483	0.03716	0.01012	0.01677	0.01142	0.01384	0.00824	0.00970	0.00744	0.00625	0.03220	0.00155	0.00653	0.00320	0.00247	0.00716
16	0.01875	0.01378	0.01515	0.01202	0.01595	0.01509	0.00976	0.47117	0.14778	0.07556	0.01565	0.03301	0.01181	0.02402	0.00660	0.00180	0.03742	0.00551	0.00539	0.06376
17	0.29983	0.01006	0.01049	0.00864	0.01232	0.01011	0.00696	0.03461	0.09883	0.16771	0.10627	0.01711	0.01522	0.00643	0.00474	0.00158	0.00424	0.00492	0.00477	0.17517
18	0.02028	0.12686	0.01780	0.01371	0.01702	0.60317	0.01069	0.09610	0.01644	0.01593	0.00908	0.01035	0.00748	0.00577	0.00494	0.00144	0.00921	0.00369	0.00312	0.00693
19	0.01718	0.17314	0.04802	0.01215	0.01552	0.29166	0.01022	0.06566	0.06257	0.07881	0.01522	0.01649	0.07227	0.00711	0.00630	0.00163	0.07740	0.01786	0.00367	0.00713
20	0.04694	0.66174	0.07544	0.01116	0.04554	0.05148	0.01057	0.01715	0.01163	0.01423	0.00812	0.00946	0.00724	0.00491	0.00386	0.00129	0.00629	0.00319	0.00248	0.00729
21	0.00821	0.00569	0.00723	0.00782	0.00835	0.00562	0.00529	0.04739	0.01095	0.01467	0.04170	0.48264	0.02983	0.18130	0.04380	0.05578	0.00449	0.03010	0.00462	0.00451
22	0.14451	0.15769	0.09334	0.01282	0.01698	0.33206	0.03471	0.11304	0.01505	0.01876	0.00926	0.01057	0.00739	0.00558	0.00473	0.00153	0.00783	0.00377	0.00320	0.00718
23	0.01837	0.20743	0.01962	0.01485	0.08341	0.44054	0.01104	0.06582	0.01494	0.01545	0.01005	0.01154	0.02526	0.00589	0.00530	0.00147	0.03505	0.00393	0.00299	0.00704
24	0.01957	0.01320	0.01472	0.01169	0.01568	0.01409	0.00948	0.46447	0.09765	0.14942	0.01729	0.08529	0.01347	0.00775	0.00573	0.00174	0.00545	0.00620	0.00573	0.04138
25	0.01499	0.01807	0.10411	0.07785	0.41641	0.18840	0.06432	0.01838	0.01335	0.01698	0.01011	0.01299	0.00822	0.00525	0.00551	0.00166	0.00790	0.00471	0.00275	0.00804
26	0.00840	0.00619	0.00725	0.00703	0.00874	0.00566	0.00530	0.01114	0.05557	0.04899	0.32369	0.10712	0.33875	0.01284	0.00663	0.00189	0.00304	0.03069	0.00570	0.00539

[dist]
# distance from previous block
# <min> <max>
1	3

[block]
# block no. 6 follows, 42 sequences, length 18
# corresponding to MSA columns:
# 255-272
name=unknown_G
#
# <colnr> <probs for GDERKNQSTAVLIFYWHMCP>
#	G	D	E	R	K	N	Q	S	T	A	V	L	I	F	Y	W	H	M	C	P
0	0.04177	0.04197	0.01625	0.01358	0.06666	0.06496	0.01034	0.42098	0.11723	0.10846	0.01490	0.01513	0.01089	0.02381	0.00598	0.00177	0.00604	0.00514	0.00520	0.00894
1	0.01171	0.11678	0.68911	0.01532	0.02324	0.01411	0.01953	0.01771	0.01183	0.01730	0.00984	0.01156	0.00714	0.00529	0.00515	0.00172	0.00806	0.00403	0.00238	0.00819
2	0.00764	0.00541	0.00625	0.00651	0.00695	0.00521	0.00407	0.00817	0.00957	0.01245	0.02736	0.19010	0.15822	0.47500	0.04949	0.00432	0.00492	0.01031	0.00408	0.00394
3	0.01371	0.01314	0.02244	0.08527	0.71812	0.01331	0.01716	0.01708	0.01271	0.01812	0.01055	0.01400	0.00882	0.00506	0.00558	0.00169	0.00674	0.00501	0.00277	0.00874
4	0.01909	0.02195	0.01512	0.01354	0.01663	0.51358	0.01031	0.07509	0.22280	0.01800	0.01299	0.01340	0.01017	0.00638	0.00529	0.00159	0.00829	0.00449	0.00388	0.00740
5	0.01395	0.01364	0.02099	0.03073	0.63929	0.06707	0.01601	0.01709	0.01305	0.01791	0.01235	0.01855	0.01111	0.00611	0.00575	0.00175	0.00678	0.07645	0.00303	0.00838
6	0.01167	0.01000	0.01167	0.00834	0.01334	0.00750	0.00667	0.01417	0.01167	0.01834	0.01000	0.01167	0.00834	0.00417	0.00417	0.00083	0.00417	0.00333	0.00333	0.83663
7	0.01505	0.80561	0.02949	0.00963	0.01444	0.02227	0.00963	0.01685	0.01143	0.01324	0.00782	0.00903	0.00722	0.00481	0.00361	0.00120	0.00602	0.00301	0.00241	0.00722
8	0.84197	0.01088	0.00827	0.00740	0.01088	0.01262	0.00609	0.01654	0.00958	0.02525	0.00784	0.00914	0.00609	0.00522	0.00348	0.00174	0.00435	0.00305	0.00348	0.00609
9	0.00978	0.00489	0.00733	0.00733	0.00733	0.00489	0.00489	0.00733	0.00733	0.00978	0.00978	0.01711	0.00978	0.01955	0.02199	0.83627	0.00489	0.00489	0.00244	0.00244
10	0.01129	0.02911	0.77306	0.01604	0.02436	0.01307	0.02079	0.01782	0.01188	0.01782	0.01010	0.01188	0.00713	0.00535	0.00535	0.00178	0.00832	0.00416	0.00238	0.00832
11	0.01518	0.01267	0.01339	0.01169	0.01508	0.01455	0.00919	0.14447	0.64047	0.02544	0.02141	0.01980	0.01597	0.00749	0.00571	0.00187	0.00473	0.00616	0.00571	0.00901
12	0.01270	0.01086	0.01155	0.01058	0.01340	0.01230	0.00815	0.02595	0.61953	0.02220	0.05214	0.07677	0.08143	0.00899	0.00593	0.00193	0.00418	0.00760	0.00567	0.00815
13	0.02030	0.01396	0.01539	0.01207	0.01619	0.01514	0.00987	0.55486	0.07394	0.12386	0.04211	0.04763	0.01327	0.00745	0.00574	0.00174	0.00566	0.00585	0.00580	0.00917
14	0.01342	0.01285	0.02192	0.15112	0.65453	0.01324	0.01702	0.01682	0.01257	0.01777	0.01050	0.01409	0.00870	0.00511	0.00558	0.00170	0.00681	0.00501	0.00274	0.00850
15	0.18679	0.01640	0.13476	0.01164	0.01617	0.10835	0.01062	0.14217	0.09106	0.20694	0.01429	0.01409	0.01002	0.00624	0.00510	0.00172	0.00613	0.00461	0.00467	0.00822
16	0.01304	0.01508	0.05867	0.02202	0.05168	0.01409	0.57821	0.01732	0.01265	0.01759	0.01082	0.01452	0.00837	0.00527	0.00763	0.00188	0.08898	0.00613	0.00281	0.05323
17	0.01453	0.69810	0.13244	0.01052	0.01582	0.02099	0.01117	0.01699	0.01150	0.01387	0.00814	0.00942	0.00721	0.00489	0.00385	0.00128	0.00634	0.00317	0.00240	0.00737

[dist]
# distance from previous block
# <min> <max>
0	1

[block]
# block no. 7 follows, 42 sequences, length 88
# corresponding to MSA columns:
# 280-367
name=unknown_H
#
# <colnr> <probs for GDERKNQSTAVLIFYWHMCP>
#	G	D	E	R	K	N	Q	S	T	A	V	L	I	F	Y	W	H	M	C	P
0	0.79021	0.06063	0.00960	0.00754	0.01111	0.01323	0.00632	0.01656	0.00969	0.02450	0.00784	0.00913	0.00617	0.00520	0.00349	0.00171	0.00446	0.00304	0.00342	0.00617
1	0.02106	0.02564	0.01605	0.01433	0.01740	0.69823	0.01085	0.09999	0.01707	0.01609	0.00921	0.01051	0.00750	0.00590	0.00513	0.00148	0.00973	0.00378	0.00319	0.00685
2	0.00706	0.00562	0.00633	0.00635	0.00790	0.00489	0.00469	0.00879	0.01350	0.01725	0.26031	0.13614	0.47362	0.01384	0.00671	0.00191	0.00284	0.01185	0.00551	0.00489
3	0.00978	0.00489	0.00733	0.00733	0.00733	0.00489	0.00489	0.00733	0.00733	0.00978	0.00978	0.01711	0.00978	0.01955	0.02199	0.83627	0.00489	0.00489	0.00244	0.00244
4	0.01168	0.10941	0.69617	0.01538	0.02333	0.01402	0.01964	0.01772	0.01184	0.01735	0.00986	0.01159	0.00714	0.00529	0.00517	0.00172	0.00808	0.00404	0.00238	0.00820
5	0.00833	0.00622	0.00805	0.00898	0.01042	0.00594	0.00762	0.01055	0.01286	0.01631	0.03749	0.08034	0.23869	0.01524	0.00744	0.00239	0.00447	0.50841	0.00520	0.00504
6	0.02063	0.01538	0.01646	0.01279	0.01716	0.01709	0.01051	0.67391	0.10215	0.03423	0.01448	0.01429	0.01036	0.00685	0.00564	0.00171	0.00601	0.00520	0.00564	0.00950
7	0.01326	0.01510	0.03276	0.02347	0.02900	0.01432	0.72621	0.01790	0.01315	0.01790	0.01127	0.01510	0.00851	0.00489	0.00697	0.00191	0.03130	0.00659	0.00284	0.00755
8	0.01063	0.01000	0.01688	0.78870	0.03876	0.01250	0.01563	0.01438	0.01125	0.01438	0.01000	0.01500	0.00750	0.00563	0.00563	0.00188	0.00750	0.00500	0.00250	0.00625
9	0.01129	0.02911	0.77306	0.01604	0.02436	0.01307	0.02079	0.01782	0.01188	0.01782	0.01010	0.01188	0.00713	0.00535	0.00535	0.00178	0.00832	0.00416	0.00238	0.00832
10	0.01147	0.06776	0.73605	0.01572	0.02386	0.01353	0.02024	0.01777	0.01186	0.01759	0.00999	0.01174	0.00713	0.00532	0.00526	0.00175	0.00820	0.00410	0.00238	0.00826
11	0.01505	0.80561	0.02949	0.00963	0.01444	0.02227	0.00963	0.01685	0.01143	0.01324	0.00782	0.00903	0.00722	0.00481	0.00361	0.00120	0.00602	0.00301	0.00241	0.00722
12	0.00665	0.00570	0.00570	0.00570	0.00760	0.00475	0.00428	0.00808	0.01283	0.01520	0.05701	0.05416	0.76483	0.01425	0.00665	0.00190	0.00285	0.01188	0.00523	0.00475
13	0.00686	0.00490	0.00653	0.00784	0.00816	0.00457	0.00522	0.00784	0.01077	0.01437	0.03102	0.79855	0.03722	0.01763	0.00718	0.00229	0.00326	0.01600	0.00522	0.00457
14	0.00714	0.00511	0.00681	0.00785	0.00838	0.00478	0.00543	0.00845	0.01166	0.01572	0.14101	0.64761	0.03936	0.01661	0.00713	0.00222	0.00327	0.05140	0.00537	0.00471
15	0.01328	0.01518	0.03321	0.02372	0.02941	0.01423	0.74668	0.01803	0.01328	0.01803	0.01139	0.01518	0.00854	0.00474	0.00664	0.00190	0.00949	0.00664	0.00285	0.00759
16	0.01129	0.02911	0.77306	0.01604	0.02436	0.01307	0.02079	0.01782	0.01188	0.01782	0.01010	0.01188	0.00713	0.00535	0.00535	0.00178	0.00832	0.00416	0.00238	0.00832
17	0.00818	0.00546	0.00614	0.00614	0.00614	0.00546	0.00341	0.00818	0.00818	0.01091	0.01773	0.03683	0.02046	0.80222	0.02864	0.00546	0.00546	0.00818	0.00341	0.00341
18	0.01245	0.26950	0.54286	0.01406	0.02129	0.01592	0.01734	0.01752	0.01174	0.01640	0.00939	0.01100	0.00716	0.00518	0.00481	0.00160	0.00761	0.00380	0.00239	0.00798
19	0.01063	0.01000	0.01688	0.78870	0.03876	0.01250	0.01563	0.01438	0.01125	0.01438	0.01000	0.01500	0.00750	0.00563	0.00563	0.00188	0.00750	0.00500	0.00250	0.00625
20	0.01063	0.01000	0.01688	0.78870	0.03876	0.01250	0.01563	0.01438	0.01125	0.01438	0.01000	0.01500	0.00750	0.00563	0.00563	0.00188	0.00750	0.00500	0.00250	0.00625
21	0.00735	0.00620	0.00646	0.00649	0.00842	0.00552	0.00500	0.00985	0.06290	0.01590	0.05237	0.05273	0.65140	0.01392	0.00669	0.00196	0.00316	0.07334	0.00526	0.00507
22	0.02515	0.00974	0.01316	0.01009	0.01445	0.00852	0.00834	0.04683	0.01639	0.75122	0.02197	0.01900	0.01381	0.00696	0.00566	0.00174	0.00483	0.00564	0.00693	0.00958
23	0.00813	0.00567	0.00722	0.00722	0.00760	0.00604	0.00476	0.00888	0.00850	0.01171	0.01674	0.03134	0.01808	0.51889	0.30871	0.00679	0.00904	0.00738	0.00326	0.00401
24	0.01858	0.01595	0.01374	0.01142	0.01472	0.20855	0.00905	0.37994	0.02012	0.02633	0.01350	0.01452	0.01019	0.00646	0.00506	0.00153	0.00631	0.00474	0.21156	0.00771
25	0.01393	0.01337	0.02284	0.03454	0.76712	0.01337	0.01727	0.01727	0.01281	0.01839	0.01059	0.01393	0.00891	0.00501	0.00557	0.00167	0.00669	0.00501	0.00279	0.00891
26	0.00889	0.00683	0.01002	0.00869	0.00952	0.00674	0.10734	0.00962	0.00893	0.01198	0.01675	0.03330	0.01857	0.66464	0.05147	0.00508	0.00635	0.00789	0.00332	0.00405
27	0.01322	0.01505	0.03280	0.04278	0.02964	0.01419	0.72847	0.01794	0.01323	0.01794	0.01135	0.01518	0.00851	0.00477	0.00662	0.00190	0.00944	0.00660	0.00284	0.00756
28	0.00665	0.00570	0.00570	0.00570	0.00760	0.00475	0.00428	0.00808	0.01283	0.01520	0.05701	0.05416	0.76483	0.01425	0.00665	0.00190	0.00285	0.01188	0.00523	0.00475
29	0.02512	0.00979	0.01319	0.01011	0.01447	0.00859	0.00835	0.05228	0.01646	0.74565	0.02190	0.01896	0.01378	0.00696	0.00566	0.00174	0.00484	0.00564	0.00692	0.00958
30	0.02139	0.01576	0.01689	0.01295	0.01745	0.01745	0.01070	0.74835	0.02646	0.03547	0.01351	0.01351	0.00957	0.00676	0.00563	0.00169	0.00619	0.00507	0.00563	0.00957
31	0.00818	0.00546	0.00614	0.00614	0.00614	0.00546	0.00341	0.00818	0.00818	0.01091	0.01773	0.03683	0.02046	0.80222	0.02864	0.00546	0.00546	0.00818	0.00341	0.00341
32	0.00669	0.00570	0.00575	0.00574	0.00762	0.00477	0.00430	0.00815	0.01291	0.01540	0.07613	0.05383	0.74559	0.01418	0.00665	0.00190	0.00285	0.01183	0.00525	0.00477
33	0.01384	0.01328	0.02268	0.05489	0.74746	0.01335	0.01723	0.01719	0.01277	0.01828	0.01057	0.01396	0.00888	0.00503	0.00557	0.00168	0.00671	0.00501	0.00278	0.00884
34	0.01515	0.01306	0.01577	0.01311	0.01680	0.01460	0.09396	0.14854	0.54950	0.02490	0.02001	0.01908	0.01492	0.00716	0.00582	0.00187	0.00532	0.00618	0.00538	0.00887
35	0.01231	0.01231	0.01724	0.01477	0.01477	0.01724	0.01231	0.01354	0.00862	0.01354	0.00739	0.01231	0.00739	0.00985	0.01847	0.00246	0.79192	0.00492	0.00246	0.00616
36	0.00666	0.00568	0.00572	0.00576	0.00762	0.00475	0.00430	0.00807	0.01277	0.01518	0.05633	0.07371	0.74572	0.01434	0.00667	0.00191	0.00286	0.01199	0.00523	0.00475
37	0.00818	0.00546	0.00614	0.00614	0.00614	0.00546	0.00341	0.00818	0.00818	0.01091	0.01773	0.03683	0.02046	0.80222	0.02864	0.00546	0.00546	0.00818	0.00341	0.00341
38	0.02139	0.01576	0.01689	0.01295	0.01745	0.01745	0.01070	0.74835	0.02646	0.03547	0.01351	0.01351	0.00957	0.00676	0.00563	0.00169	0.00619	0.00507	0.00563	0.00957
39	0.01063	0.01000	0.01688	0.78870	0.03876	0.01250	0.01563	0.01438	0.01125	0.01438	0.01000	0.01500	0.00750	0.00563	0.00563	0.00188	0.00750	0.00500	0.00250	0.00625
40	0.01063	0.01000	0.01688	0.78870	0.03876	0.01250	0.01563	0.01438	0.01125	0.01438	0.01000	0.01500	0.00750	0.00563	0.00563	0.00188	0.00750	0.00500	0.00250	0.00625
41	0.01063	0.01000	0.01688	0.78870	0.03876	0.01250	0.01563	0.01438	0.01125	0.01438	0.01000	0.01500	0.00750	0.00563	0.00563	0.00188	0.00750	0.00500	0.00250	0.00625
42	0.01167	0.01000	0.01167	0.00834	0.01334	0.00750	0.00667	0.01417	0.01167	0.01834	0.01000	0.01167	0.00834	0.00417	0.00417	0.00083	0.00417	0.00333	0.00333	0.83663
43	0.00683	0.00571	0.00595	0.00589	0.00771	0.00483	0.00441	0.00842	0.01324	0.01619	0.15178	0.05253	0.66945	0.01388	0.00665	0.00188	0.00282	0.01165	0.00536	0.00483
44	0.01505	0.80561	0.02949	0.00963	0.01444	0.02227	0.00963	0.01685	0.01143	0.01324	0.00782	0.00903	0.00722	0.00481	0.00361	0.00120	0.00602	0.00301	0.00241	0.00722
45	0.84197	0.01088	0.00827	0.00740	0.01088	0.01262	0.00609	0.01654	0.00958	0.02525	0.00784	0.00914	0.00609	0.00522	0.00348	0.00174	0.00435	0.00305	0.00348	0.00609
46	0.00978	0.00489	0.00733	0.00733	0.00733	0.00489	0.00489	0.00733	0.00733	0.00978	0.00978	0.01711	0.00978	0.01955	0.02199	0.83627	0.00489	0.00489	0.00244	0.00244
47	0.01347	0.01290	0.02201	0.13973	0.66553	0.01325	0.01704	0.01687	0.01260	0.01783	0.01050	0.01408	0.00872	0.00510	0.00558	0.00170	0.00680	0.00501	0.00275	0.00854
48	0.00804	0.00603	0.00904	0.00904	0.01005	0.00703	0.00703	0.01005	0.00904	0.01306	0.01507	0.02211	0.01407	0.04221	0.77992	0.00904	0.01507	0.00603	0.00301	0.00502
49	0.00907	0.00648	0.00907	0.01036	0.01166	0.00648	0.00907	0.01166	0.01296	0.01684	0.02980	0.06348	0.03239	0.01555	0.00777	0.00259	0.00518	0.72924	0.00518	0.00518
50	0.00665	0.00570	0.00570	0.00570	0.00760	0.00475	0.00428	0.00808	0.01283	0.01520	0.05701	0.05416	0.76483	0.01425	0.00665	0.00190	0.00285	0.01188	0.00523	0.00475
51	0.01129	0.02911	0.77306	0.01604	0.02436	0.01307	0.02079	0.01782	0.01188	0.01782	0.01010	0.01188	0.00713	0.00535	0.00535	0.00178	0.00832	0.00416	0.00238	0.00832
52	0.01007	0.02081	0.50092	0.01282	0.01867	0.01030	0.01526	0.01520	0.01324	0.01932	0.25958	0.02292	0.04212	0.00761	0.00581	0.00178	0.00631	0.00634	0.00371	0.00723
53	0.00687	0.00551	0.00609	0.00636	0.00778	0.00478	0.00458	0.00827	0.01251	0.01560	0.11813	0.23132	0.50140	0.03578	0.00736	0.00207	0.00300	0.01260	0.00527	0.00473
54	0.84197	0.01088	0.00827	0.00740	0.01088	0.01262	0.00609	0.01654	0.00958	0.02525	0.00784	0.00914	0.00609	0.00522	0.00348	0.00174	0.00435	0.00305	0.00348	0.00609
55	0.01167	0.01000	0.01167	0.00834	0.01334	0.00750	0.00667	0.01417	0.01167	0.01834	0.01000	0.01167	0.00834	0.00417	0.00417	0.00083	0.00417	0.00333	0.00333	0.83663
56	0.02102	0.02682	0.01595	0.01450	0.01740	0.77963	0.01087	0.02247	0.01595	0.01377	0.00870	0.01015	0.00725	0.00580	0.00507	0.00145	0.01015	0.00362	0.00290	0.00652
57	0.02525	0.00958	0.01306	0.01001	0.01437	0.00827	0.00827	0.02743	0.01611	0.77102	0.02220	0.01915	0.01393	0.00697	0.00566	0.00174	0.00479	0.00566	0.00697	0.00958
58	0.01178	0.01127	0.01936	0.51928	0.27380	0.01284	0.04074	0.01544	0.01183	0.01580	0.01024	0.01466	0.00799	0.00540	0.00564	0.00181	0.00730	0.00506	0.00260	0.00716
59	0.01308	0.01250	0.02130	0.22947	0.57885	0.01315	0.01685	0.01652	0.01241	0.01735	0.01043	0.01421	0.00855	0.00517	0.00559	0.00172	0.00690	0.00501	0.00271	0.00823
60	0.84197	0.01088	0.00827	0.00740	0.01088	0.01262	0.00609	0.01654	0.00958	0.02525	0.00784	0.00914	0.00609	0.00522	0.00348	0.00174	0.00435	0.00305	0.00348	0.00609
61	0.01385	0.01329	0.02270	0.05232	0.74995	0.01335	0.01723	0.01720	0.01278	0.01829	0.01057	0.01395	0.00888	0.00503	0.00557	0.00168	0.00670	0.00501	0.00278	0.00885
62	0.84197	0.01088	0.00827	0.00740	0.01088	0.01262	0.00609	0.01654	0.00958	0.02525	0.00784	0.00914	0.00609	0.00522	0.00348	0.00174	0.00435	0.00305	0.00348	0.00609
63	0.02150	0.01560	0.01679	0.01287	0.01737	0.01720	0.01063	0.72890	0.02618	0.05531	0.01375	0.01366	0.00969	0.00676	0.00563	0.00169	0.00615	0.00508	0.00567	0.00957
64	0.00855	0.00588	0.00771	0.00718	0.00861	0.00541	0.00541	0.01119	0.01594	0.04774	0.73920	0.04127	0.05178	0.01135	0.00660	0.00177	0.00273	0.01003	0.00622	0.00545
65	0.01825	0.01490	0.02086	0.01555	0.02035	0.01551	0.21769	0.44254	0.05751	0.04880	0.01339	0.01439	0.00970	0.00608	0.00583	0.00171	0.00687	0.00548	0.00475	0.05985
66	0.01063	0.01000	0.01688	0.78870	0.03876	0.01250	0.01563	0.01438	0.01125	0.01438	0.01000	0.01500	0.00750	0.00563	0.00563	0.00188	0.00750	0.00500	0.00250	0.00625
67	0.00695	0.00501	0.00658	0.00768	0.00816	0.00465	0.00519	0.00810	0.01132	0.01514	0.09819	0.69930	0.06900	0.01694	0.00711	0.00222	0.00319	0.01530	0.00531	0.00465
68	0.01167	0.01000	0.01167	0.00834	0.01334	0.00750	0.00667	0.01417	0.01167	0.01834	0.01000	0.01167	0.00834	0.00417	0.00417	0.00083	0.00417	0.00333	0.00333	0.83663
69	0.08413	0.01493	0.01535	0.01213	0.01633	0.05657	0.00991	0.50303	0.09193	0.11690	0.01470	0.01435	0.01039	0.00669	0.00545	0.00171	0.00594	0.00502	0.00548	0.00908
70	0.00704	0.00521	0.00659	0.00732	0.00812	0.00475	0.00508	0.00843	0.01216	0.01615	0.18193	0.52023	0.16470	0.01583	0.00698	0.00212	0.00307	0.01413	0.00542	0.00475
71	0.02010	0.01346	0.01488	0.01184	0.01592	0.01459	0.00964	0.42655	0.19337	0.16989	0.01745	0.01651	0.01228	0.00699	0.00561	0.00174	0.00543	0.00548	0.02898	0.00930
72	0.01505	0.80561	0.02949	0.00963	0.01444	0.02227	0.00963	0.01685	0.01143	0.01324	0.00782	0.00903	0.00722	0.00481	0.00361	0.00120	0.00602	0.00301	0.00241	0.00722
73	0.01752	0.01034	0.03173	0.00950	0.01383	0.00864	0.00789	0.07905	0.03077	0.32203	0.10209	0.01851	0.01598	0.00644	0.00523	0.00142	0.00452	0.00528	0.00533	0.30390
74	0.02212	0.01459	0.01616	0.01239	0.01687	0.01571	0.01024	0.61187	0.02450	0.17472	0.01516	0.01458	0.01040	0.00680	0.00564	0.00170	0.00593	0.00518	0.00588	0.00957
