[name]
unknown

[dist]
# distance from previous block
# <min> <max>
4	271

[block]
# block no. 0 follows, 47 sequences, length 68
# corresponding to MSA columns:
# 288-355
name=unknown_A
#
# <colnr> <probs for GDERKNQSTAVLIFYWHMCP>
#	G	D	E	R	K	N	Q	S	T	A	V	L	I	F	Y	W	H	M	C	P
0	0.07854	0.01159	0.03285	0.10885	0.06028	0.02237	0.00927	0.26272	0.06101	0.03714	0.01308	0.04858	0.02520	0.03510	0.00562	0.00160	0.00518	0.00493	0.00396	0.17213
1	0.05696	0.05925	0.06078	0.02398	0.05743	0.09355	0.00890	0.07275	0.10245	0.14642	0.07948	0.04284	0.06472	0.00758	0.00523	0.00163	0.00511	0.06852	0.00439	0.03803
2	0.11100	0.30299	0.03370	0.01062	0.02903	0.17987	0.00903	0.11376	0.01345	0.08646	0.01099	0.01167	0.03499	0.00555	0.00455	0.00139	0.02704	0.00377	0.00330	0.00685
3	0.06386	0.01354	0.06230	0.01296	0.01670	0.04078	0.14453	0.28044	0.01556	0.03676	0.01150	0.04808	0.00945	0.03153	0.00717	0.00173	0.09747	0.00510	0.00375	0.09678
4	0.07713	0.00895	0.01028	0.00924	0.01108	0.05415	0.04141	0.08834	0.04320	0.06215	0.03097	0.28695	0.03235	0.06936	0.00796	0.00203	0.06813	0.00836	0.04523	0.04274
5	0.00871	0.00654	0.00865	0.00857	0.00985	0.00641	0.03546	0.10903	0.01242	0.01673	0.06914	0.55531	0.02964	0.01362	0.00634	0.00197	0.00371	0.05808	0.00479	0.03502
6	0.01232	0.05884	0.04514	0.01764	0.02184	0.01250	0.49525	0.01572	0.01154	0.06069	0.01181	0.05883	0.00997	0.04301	0.00783	0.00191	0.08164	0.00617	0.00294	0.02441
7	0.00905	0.00452	0.00678	0.00678	0.00678	0.00452	0.00452	0.00678	0.00678	0.00905	0.00905	0.01583	0.00905	0.01809	0.02035	0.84848	0.00452	0.00452	0.00226	0.00226
8	0.03290	0.01362	0.01444	0.02893	0.01563	0.03251	0.00941	0.57423	0.12726	0.02955	0.05739	0.01486	0.01199	0.00655	0.00523	0.00160	0.00540	0.00506	0.00510	0.00836
9	0.01148	0.01298	0.04215	0.01993	0.05179	0.01190	0.61533	0.01547	0.01230	0.01669	0.05749	0.03854	0.05626	0.00560	0.00610	0.00175	0.00779	0.00674	0.00299	0.00673
10	0.00905	0.00452	0.00678	0.00678	0.00678	0.00452	0.00452	0.00678	0.00678	0.00905	0.00905	0.01583	0.00905	0.01809	0.02035	0.84848	0.00452	0.00452	0.00226	0.00226
11	0.01229	0.01405	0.03073	0.02195	0.02722	0.01317	0.76558	0.01668	0.01229	0.01668	0.01054	0.01405	0.00790	0.00439	0.00615	0.00176	0.00878	0.00615	0.00263	0.00702
12	0.00636	0.00457	0.00603	0.00717	0.00754	0.00425	0.00481	0.00731	0.01013	0.01347	0.04432	0.77175	0.06083	0.01609	0.00662	0.00209	0.00300	0.01457	0.00485	0.00425
13	0.00639	0.00465	0.00602	0.00702	0.00752	0.00428	0.00475	0.00742	0.01043	0.01380	0.07403	0.69611	0.10701	0.01569	0.00657	0.00205	0.00295	0.01413	0.00489	0.00428
14	0.01392	0.82012	0.02729	0.00891	0.01337	0.02061	0.00891	0.01559	0.01058	0.01225	0.00724	0.00835	0.00668	0.00446	0.00334	0.00111	0.00557	0.00278	0.00223	0.00668
15	0.01980	0.01459	0.01563	0.01198	0.01615	0.01615	0.00990	0.76713	0.02448	0.03282	0.01250	0.01250	0.00886	0.00625	0.00521	0.00156	0.00573	0.00469	0.00521	0.00886
16	0.00654	0.00520	0.00571	0.00573	0.00710	0.00455	0.00414	0.00794	0.01189	0.01500	0.19319	0.10766	0.50504	0.08740	0.00808	0.00207	0.00286	0.01067	0.00486	0.00437
17	0.00641	0.00456	0.00602	0.00716	0.00745	0.00428	0.00474	0.00727	0.00983	0.01311	0.02800	0.76905	0.03356	0.06206	0.00778	0.00228	0.00314	0.01439	0.00474	0.00417
18	0.01080	0.00926	0.01080	0.00771	0.01234	0.00694	0.00617	0.01311	0.01080	0.01697	0.00926	0.01080	0.00771	0.00386	0.00386	0.00077	0.00386	0.00309	0.00309	0.84882
19	0.01295	0.01119	0.01178	0.01060	0.01354	0.01295	0.00824	0.02767	0.77509	0.02178	0.02120	0.01943	0.01590	0.00707	0.00530	0.00177	0.00412	0.00589	0.00530	0.00824
20	0.85377	0.01007	0.00765	0.00685	0.01007	0.01168	0.00564	0.01531	0.00886	0.02336	0.00725	0.00846	0.00564	0.00483	0.00322	0.00161	0.00403	0.00282	0.00322	0.00564
21	0.85377	0.01007	0.00765	0.00685	0.01007	0.01168	0.00564	0.01531	0.00886	0.02336	0.00725	0.00846	0.00564	0.00483	0.00322	0.00161	0.00403	0.00282	0.00322	0.00564
22	0.00757	0.00505	0.00568	0.00568	0.00568	0.00505	0.00316	0.00757	0.00757	0.01010	0.01641	0.03408	0.01893	0.81698	0.02651	0.00505	0.00505	0.00757	0.00316	0.00316
23	0.02336	0.00886	0.01209	0.00927	0.01329	0.00765	0.00765	0.02538	0.01491	0.78810	0.02055	0.01773	0.01289	0.00645	0.00524	0.00161	0.00443	0.00524	0.00645	0.00886
24	0.01139	0.01139	0.01595	0.01367	0.01367	0.01595	0.01139	0.01253	0.00798	0.01253	0.00684	0.01139	0.00684	0.00911	0.01709	0.00228	0.80745	0.00456	0.00228	0.00570
25	0.01990	0.01442	0.01553	0.01190	0.01607	0.01591	0.00983	0.74580	0.02421	0.05454	0.01273	0.01265	0.00897	0.00626	0.00521	0.00156	0.00569	0.00470	0.00525	0.00886
26	0.00760	0.00519	0.00645	0.00647	0.00679	0.00546	0.00419	0.00825	0.00798	0.01111	0.01593	0.04372	0.01726	0.54150	0.25192	0.00582	0.00753	0.00701	0.03614	0.00368
27	0.85377	0.01007	0.00765	0.00685	0.01007	0.01168	0.00564	0.01531	0.00886	0.02336	0.00725	0.00846	0.00564	0.00483	0.00322	0.00161	0.00403	0.00282	0.00322	0.00564
28	0.00638	0.00456	0.00608	0.00723	0.00756	0.00426	0.00484	0.00735	0.01015	0.01357	0.05655	0.78494	0.03499	0.01611	0.00663	0.00210	0.00300	0.01461	0.00487	0.00426
29	0.01045	0.02694	0.79000	0.01484	0.02254	0.01209	0.01924	0.01649	0.01099	0.01649	0.00935	0.01099	0.00660	0.00495	0.00495	0.00165	0.00770	0.00385	0.00220	0.00770
30	0.02316	0.00920	0.01229	0.00942	0.01346	0.00815	0.00779	0.06878	0.01547	0.74391	0.02007	0.01742	0.01265	0.00643	0.00524	0.00161	0.00451	0.00520	0.00637	0.00886
31	0.04076	0.00903	0.01208	0.00928	0.01330	0.00796	0.00767	0.04409	0.01502	0.75274	0.02006	0.01740	0.01264	0.00641	0.00519	0.00161	0.00446	0.00517	0.00635	0.00879
32	0.00797	0.00563	0.00679	0.00679	0.00836	0.00506	0.00535	0.00982	0.01269	0.06134	0.23322	0.06507	0.35801	0.02802	0.00672	0.00192	0.00320	0.16406	0.00512	0.00485
33	0.01229	0.01405	0.03073	0.02195	0.02722	0.01317	0.76558	0.01668	0.01229	0.01668	0.01054	0.01405	0.00790	0.00439	0.00615	0.00176	0.00878	0.00615	0.00263	0.00702
34	0.01971	0.01050	0.01252	0.01000	0.01371	0.01062	0.00813	0.18609	0.19196	0.42069	0.01883	0.01705	0.01273	0.00653	0.00519	0.00162	0.00457	0.00525	0.03573	0.00858
35	0.10776	0.00950	0.01440	0.56817	0.02878	0.01171	0.02591	0.02562	0.02719	0.01516	0.00954	0.01349	0.00736	0.00611	0.01944	0.00185	0.06518	0.00449	0.03250	0.00583
36	0.00678	0.00501	0.00621	0.00695	0.00773	0.00465	0.00499	0.00797	0.01064	0.01377	0.06228	0.40721	0.20673	0.10194	0.00875	0.00237	0.00340	0.12367	0.00468	0.00426
37	0.00718	0.00532	0.00670	0.00636	0.00767	0.00483	0.00477	0.00947	0.01430	0.01984	0.67023	0.04062	0.16131	0.01104	0.00614	0.00166	0.00248	0.00966	0.00560	0.00483
38	0.01702	0.01402	0.01353	0.01112	0.01435	0.12237	0.00887	0.46995	0.07427	0.02594	0.04388	0.04163	0.01286	0.05439	0.00651	0.00179	0.00577	0.03171	0.02245	0.00756
39	0.31162	0.19962	0.05363	0.00998	0.02649	0.14770	0.00857	0.10909	0.01240	0.01936	0.00852	0.00975	0.00685	0.00515	0.00417	0.00145	0.02258	0.00333	0.03328	0.00646
40	0.01310	0.01055	0.01341	0.00985	0.01425	0.00931	0.06829	0.13072	0.02836	0.06447	0.01068	0.01192	0.00834	0.00465	0.00477	0.00109	0.02965	0.00381	0.00359	0.55920
41	0.03593	0.09333	0.47744	0.01518	0.07602	0.07080	0.04706	0.01644	0.02544	0.01590	0.01012	0.01188	0.02409	0.00535	0.00555	0.00162	0.05407	0.00408	0.00243	0.00726
42	0.01413	0.64370	0.06766	0.00967	0.01412	0.03921	0.00952	0.05969	0.07351	0.01445	0.00881	0.00966	0.00755	0.00482	0.00373	0.00123	0.00568	0.00322	0.00266	0.00697
43	0.00642	0.00456	0.00602	0.00716	0.00744	0.00428	0.00473	0.00727	0.00983	0.01310	0.02797	0.76686	0.03351	0.06431	0.00784	0.00229	0.00314	0.01437	0.00473	0.00417
44	0.01155	0.06071	0.16641	0.22684	0.25214	0.01280	0.14533	0.01540	0.01123	0.01551	0.00948	0.01270	0.00741	0.00490	0.00548	0.00164	0.02625	0.00464	0.00242	0.00714
45	0.01306	0.01116	0.01212	0.01177	0.07070	0.03640	0.00846	0.12750	0.46439	0.02131	0.02130	0.07688	0.06798	0.02571	0.00588	0.00180	0.00451	0.00657	0.00489	0.00760
46	0.00816	0.00625	0.00840	0.00785	0.00824	0.00702	0.02879	0.00890	0.00797	0.01110	0.01443	0.02727	0.01562	0.49893	0.21477	0.00542	0.10732	0.00666	0.00294	0.00396
47	0.00846	0.00574	0.00701	0.00662	0.00821	0.00522	0.00498	0.01087	0.04055	0.08162	0.42486	0.10584	0.24762	0.01136	0.00608	0.00171	0.00278	0.00985	0.00545	0.00516
48	0.00737	0.00615	0.00713	0.00772	0.05225	0.00569	0.00534	0.01010	0.07826	0.01583	0.14704	0.11314	0.48309	0.01212	0.00609	0.00178	0.00303	0.02798	0.00487	0.00502
49	0.01249	0.01234	0.01937	0.01541	0.01728	0.01510	0.19963	0.08436	0.05547	0.01599	0.00913	0.01263	0.00782	0.00755	0.01256	0.00205	0.48649	0.00504	0.00282	0.00647
50	0.00870	0.00605	0.00737	0.00695	0.00854	0.00572	0.00525	0.01156	0.06970	0.07843	0.39122	0.12088	0.22270	0.01126	0.00626	0.00174	0.01731	0.00971	0.00538	0.00528
51	0.00649	0.00464	0.00620	0.00737	0.00775	0.00435	0.00504	0.00753	0.01021	0.01363	0.04833	0.74916	0.03457	0.01605	0.00667	0.00212	0.00311	0.05765	0.00486	0.00428
52	0.01119	0.18544	0.61725	0.01384	0.02083	0.01383	0.03684	0.01632	0.01095	0.01565	0.00896	0.01055	0.00665	0.00483	0.00466	0.00154	0.00730	0.00370	0.00222	0.00748
53	0.01945	0.02482	0.01476	0.01342	0.01610	0.79608	0.01006	0.02079	0.01476	0.01275	0.00805	0.00939	0.00671	0.00537	0.00470	0.00134	0.00939	0.00335	0.00268	0.00604
54	0.01318	0.01089	0.01154	0.01025	0.01322	0.01236	0.00801	0.06840	0.65391	0.04577	0.02294	0.02118	0.07023	0.00744	0.00535	0.00175	0.00412	0.00616	0.00530	0.00802
55	0.70892	0.00986	0.00843	0.00727	0.01063	0.01098	0.00599	0.01706	0.00992	0.15676	0.00957	0.01008	0.00690	0.00512	0.00357	0.00161	0.00410	0.00324	0.00378	0.00620
56	0.01962	0.01450	0.01553	0.01195	0.01608	0.01607	0.00986	0.74811	0.04380	0.03254	0.01273	0.01268	0.00904	0.00627	0.00521	0.00157	0.00569	0.00472	0.00521	0.00884
57	0.00639	0.00456	0.00609	0.00730	0.00763	0.00427	0.00491	0.00733	0.01002	0.01334	0.02868	0.79680	0.03434	0.01627	0.00666	0.00212	0.00306	0.03113	0.00483	0.00424
58	0.00643	0.00458	0.00607	0.00723	0.00754	0.00429	0.00483	0.00733	0.00991	0.01321	0.02820	0.76966	0.03375	0.04792	0.00744	0.00224	0.00313	0.02729	0.00477	0.00420
59	0.00634	0.00453	0.00604	0.00725	0.00755	0.00423	0.00483	0.00725	0.00997	0.01329	0.02870	0.81358	0.03444	0.01632	0.00665	0.00211	0.00302	0.01480	0.00483	0.00423
60	0.01080	0.00926	0.01080	0.00771	0.01234	0.00694	0.00617	0.01311	0.01080	0.01697	0.00926	0.01080	0.00771	0.00386	0.00386	0.00077	0.00386	0.00309	0.00309	0.84882
61	0.00757	0.00507	0.00580	0.00580	0.00584	0.00511	0.00331	0.00765	0.00761	0.01019	0.01630	0.03347	0.01867	0.78219	0.06093	0.00520	0.00545	0.00748	0.00314	0.00322
62	0.00731	0.00532	0.00688	0.00649	0.00774	0.00489	0.00487	0.00971	0.01460	0.02054	0.74551	0.03946	0.08559	0.01077	0.00614	0.00164	0.00247	0.00950	0.00569	0.00489
63	0.00867	0.00643	0.00879	0.00840	0.00938	0.00750	0.00649	0.05293	0.00941	0.01377	0.01383	0.02057	0.01292	0.10964	0.54253	0.00653	0.07312	0.00558	0.07868	0.00484
64	0.01633	0.01090	0.01214	0.01070	0.05232	0.03122	0.00810	0.28590	0.14148	0.14671	0.04321	0.01679	0.01293	0.00643	0.00492	0.00153	0.00457	0.00514	0.18100	0.00768
65	0.02029	0.00895	0.01161	0.00933	0.01284	0.00829	0.00753	0.07965	0.07181	0.58115	0.02096	0.11241	0.01538	0.00765	0.00541	0.00168	0.00434	0.00639	0.00607	0.00826
66	0.01413	0.01305	0.01152	0.01023	0.01260	0.18750	0.00782	0.15979	0.21702	0.01976	0.06063	0.08220	0.01575	0.07079	0.00713	0.00188	0.02586	0.00604	0.06968	0.00662
67	0.01159	0.01075	0.06069	0.04085	0.37709	0.00981	0.02787	0.01499	0.05175	0.06818	0.03016	0.08062	0.09862	0.00782	0.00563	0.00173	0.00530	0.08586	0.00364	0.00704

[dist]
# distance from previous block
# <min> <max>
0	2

[block]
# block no. 1 follows, 47 sequences, length 47
# corresponding to MSA columns:
# 358-404
name=unknown_B
#
# <colnr> <probs for GDERKNQSTAVLIFYWHMCP>
#	G	D	E	R	K	N	Q	S	T	A	V	L	I	F	Y	W	H	M	C	P
0	0.01663	0.01271	0.01310	0.01060	0.01382	0.06073	0.00850	0.52553	0.02061	0.02761	0.08865	0.08034	0.01517	0.02221	0.00567	0.00164	0.00520	0.00595	0.05776	0.00757
1	0.01060	0.00893	0.01063	0.00813	0.01213	0.00719	0.00656	0.02821	0.01109	0.01690	0.01176	0.04534	0.01087	0.00554	0.00468	0.00104	0.02617	0.07613	0.00334	0.69477
2	0.01598	0.44248	0.02136	0.01094	0.02637	0.22043	0.00939	0.10892	0.07131	0.01567	0.00918	0.01004	0.00768	0.00511	0.00410	0.00128	0.00648	0.00343	0.00295	0.00692
3	0.00933	0.00594	0.00744	0.00739	0.00882	0.00558	0.00551	0.02765	0.04008	0.11014	0.16407	0.29908	0.16188	0.04306	0.02234	0.00213	0.00355	0.06570	0.00511	0.00520
4	0.02647	0.17790	0.44754	0.01271	0.01873	0.01301	0.04584	0.01738	0.03829	0.10132	0.04555	0.01286	0.00960	0.00532	0.00475	0.00155	0.00654	0.00420	0.00298	0.00746
5	0.05475	0.01440	0.08796	0.01120	0.01478	0.10709	0.00954	0.10565	0.41489	0.08466	0.01690	0.01665	0.01262	0.00653	0.00511	0.00167	0.00531	0.01776	0.00466	0.00786
6	0.00885	0.00468	0.00702	0.02435	0.00759	0.00477	0.00486	0.00708	0.00710	0.00950	0.01026	0.05476	0.01044	0.01882	0.06006	0.74479	0.00500	0.00508	0.00242	0.00256
7	0.01039	0.00892	0.01312	0.04772	0.01374	0.00996	0.10763	0.06889	0.03160	0.03629	0.09335	0.03948	0.13933	0.06476	0.09273	0.00275	0.18298	0.00686	0.02387	0.00565
8	0.09508	0.01438	0.07915	0.07079	0.49087	0.09683	0.01426	0.01638	0.01168	0.02905	0.00939	0.01203	0.00766	0.00493	0.00520	0.00157	0.02631	0.00427	0.00266	0.00751
9	0.00649	0.00472	0.00631	0.00739	0.00771	0.00453	0.00500	0.00744	0.01002	0.01344	0.04447	0.77709	0.03408	0.01602	0.00689	0.00211	0.02279	0.01444	0.00479	0.00428
10	0.01423	0.77535	0.02658	0.00916	0.01352	0.06426	0.00898	0.01589	0.01082	0.01228	0.00729	0.00841	0.00668	0.00451	0.00342	0.00113	0.00578	0.00282	0.00225	0.00665
11	0.04104	0.01036	0.01774	0.32116	0.25937	0.01114	0.11428	0.01472	0.01121	0.03504	0.01094	0.02972	0.00874	0.00524	0.00512	0.00163	0.00628	0.00501	0.08461	0.00666
12	0.00891	0.00605	0.00720	0.00729	0.00885	0.00569	0.00551	0.01149	0.08667	0.08982	0.03523	0.25966	0.30643	0.01313	0.00677	0.03339	0.00338	0.09445	0.00494	0.00513
13	0.00634	0.00453	0.00604	0.00725	0.00755	0.00423	0.00483	0.00725	0.00997	0.01329	0.02870	0.81358	0.03444	0.01632	0.00665	0.00211	0.00302	0.01480	0.00483	0.00423
14	0.01374	0.39935	0.20639	0.01166	0.01607	0.15079	0.01187	0.01634	0.01109	0.01338	0.00784	0.00952	0.00668	0.00527	0.00557	0.00142	0.10067	0.00334	0.00230	0.00670
15	0.02336	0.00886	0.01209	0.00927	0.01329	0.00765	0.00765	0.02538	0.01491	0.78810	0.02055	0.01773	0.01289	0.00645	0.00524	0.00161	0.00443	0.00524	0.00645	0.00886
16	0.01166	0.00976	0.01075	0.01004	0.01253	0.01103	0.00794	0.02317	0.57597	0.02068	0.09616	0.02777	0.02144	0.00861	0.00569	0.00186	0.00407	0.12825	0.00526	0.00735
17	0.00662	0.00473	0.00636	0.00757	0.00799	0.00447	0.00531	0.00773	0.01024	0.01360	0.02855	0.71217	0.03384	0.01606	0.00672	0.00215	0.00326	0.11350	0.00483	0.00431
18	0.01414	0.01178	0.01244	0.01084	0.01399	0.01351	0.00853	0.15565	0.64519	0.02369	0.01969	0.01823	0.01468	0.00692	0.00528	0.00173	0.00440	0.00568	0.00528	0.00835
19	0.01945	0.02482	0.01476	0.01342	0.01610	0.79608	0.01006	0.02079	0.01476	0.01275	0.00805	0.00939	0.00671	0.00537	0.00470	0.00134	0.00939	0.00335	0.00268	0.00604
20	0.09263	0.02337	0.60873	0.01485	0.03644	0.01232	0.06990	0.01619	0.01075	0.01700	0.00912	0.01102	0.00664	0.00509	0.00544	0.00168	0.04517	0.00396	0.00234	0.00737
21	0.00748	0.00556	0.00732	0.00732	0.03232	0.00513	0.00526	0.00987	0.01440	0.02018	0.69200	0.03924	0.09897	0.01071	0.00613	0.00166	0.00263	0.02329	0.00555	0.00498
22	0.30903	0.01182	0.01213	0.00964	0.01345	0.01282	0.00795	0.35157	0.01707	0.18788	0.01237	0.01220	0.00859	0.00580	0.00453	0.00159	0.00487	0.00416	0.00478	0.00774
23	0.01081	0.00982	0.01577	0.71275	0.05371	0.01200	0.01409	0.08136	0.01172	0.01516	0.00956	0.01373	0.00715	0.00529	0.00521	0.00171	0.00681	0.00463	0.00258	0.00613
24	0.01367	0.01179	0.01982	0.09065	0.65053	0.01185	0.01505	0.01668	0.01204	0.09166	0.01080	0.01344	0.00860	0.00486	0.00517	0.00157	0.00608	0.00470	0.00293	0.00811
25	0.02314	0.00891	0.01208	0.00929	0.01330	0.00777	0.00767	0.02543	0.03136	0.77151	0.02056	0.01776	0.01296	0.00646	0.00524	0.00161	0.00442	0.00525	0.00642	0.00885
26	0.01980	0.01459	0.01563	0.01198	0.01615	0.01615	0.00990	0.76713	0.02448	0.03282	0.01250	0.01250	0.00886	0.00625	0.00521	0.00156	0.00573	0.00469	0.00521	0.00886
27	0.01002	0.00725	0.00821	0.00746	0.00960	0.00713	0.00580	0.06383	0.14740	0.07942	0.24221	0.03688	0.30917	0.01046	0.00590	0.00172	0.00327	0.03307	0.00531	0.00587
28	0.10162	0.01291	0.01409	0.01090	0.01494	0.01388	0.00900	0.53380	0.02090	0.19509	0.01373	0.01324	0.00942	0.00616	0.00502	0.00158	0.00528	0.00463	0.00528	0.00855
29	0.01229	0.01405	0.03073	0.02195	0.02722	0.01317	0.76558	0.01668	0.01229	0.01668	0.01054	0.01405	0.00790	0.00439	0.00615	0.00176	0.00878	0.00615	0.00263	0.00702
30	0.85377	0.01007	0.00765	0.00685	0.01007	0.01168	0.00564	0.01531	0.00886	0.02336	0.00725	0.00846	0.00564	0.00483	0.00322	0.00161	0.00403	0.00282	0.00322	0.00564
31	0.01922	0.01422	0.01607	0.01385	0.09075	0.01556	0.01043	0.67465	0.02301	0.05111	0.01245	0.01268	0.00890	0.00610	0.00521	0.00156	0.00574	0.00470	0.00499	0.00880
32	0.02326	0.00903	0.01219	0.00934	0.01338	0.00790	0.00772	0.04662	0.01518	0.76648	0.02031	0.01758	0.01278	0.00644	0.00524	0.00161	0.00447	0.00522	0.00641	0.00886
33	0.00634	0.00453	0.00604	0.00725	0.00755	0.00423	0.00483	0.00725	0.00997	0.01329	0.02870	0.81358	0.03444	0.01632	0.00665	0.00211	0.00302	0.01480	0.00483	0.00423
34	0.00710	0.00504	0.00675	0.00785	0.00841	0.00486	0.00581	0.00840	0.01039	0.01373	0.02724	0.50492	0.03163	0.08792	0.00861	0.00247	0.00376	0.24613	0.00467	0.00431
35	0.00983	0.00926	0.01562	0.80447	0.03587	0.01157	0.01446	0.01331	0.01041	0.01331	0.00926	0.01388	0.00694	0.00521	0.00521	0.00174	0.00694	0.00463	0.00231	0.00579
36	0.00762	0.00577	0.00709	0.00682	0.00818	0.00550	0.00509	0.01088	0.08199	0.01938	0.55002	0.11384	0.13571	0.01119	0.00612	0.00171	0.00268	0.00982	0.00550	0.00508
37	0.04950	0.00904	0.01203	0.00926	0.01326	0.00799	0.00765	0.04344	0.01495	0.74524	0.01993	0.01730	0.01256	0.00639	0.00517	0.00161	0.00445	0.00515	0.00631	0.00876
38	0.10346	0.00942	0.01187	0.00925	0.01317	0.00877	0.00762	0.07093	0.04317	0.63801	0.01877	0.01656	0.01205	0.00630	0.00504	0.00161	0.00446	0.00499	0.00601	0.00853
39	0.10118	0.01230	0.01355	0.01063	0.01455	0.01314	0.00873	0.42712	0.08897	0.23391	0.01495	0.01415	0.01027	0.00624	0.00503	0.00160	0.00507	0.00476	0.00536	0.00849
40	0.00792	0.00546	0.00717	0.00672	0.00804	0.00503	0.00510	0.01036	0.01467	0.04554	0.73630	0.03876	0.04744	0.01061	0.00614	0.00166	0.00259	0.02974	0.00573	0.00504
41	0.00756	0.00512	0.00603	0.00603	0.00615	0.00524	0.00359	0.00780	0.00768	0.01036	0.01609	0.03231	0.01817	0.71619	0.12625	0.00548	0.00620	0.00731	0.00311	0.00335
42	0.01397	0.01150	0.01472	0.01346	0.08956	0.01238	0.07502	0.17810	0.31263	0.05083	0.06644	0.03190	0.02732	0.00681	0.00573	0.00166	0.02995	0.00581	0.00464	0.04757
43	0.01072	0.09005	0.72931	0.01437	0.02181	0.01277	0.01842	0.01642	0.01096	0.01615	0.00918	0.01078	0.00660	0.00491	0.00482	0.00161	0.00753	0.00376	0.00220	0.00762
44	0.00796	0.00601	0.00673	0.00654	0.00809	0.01834	0.00485	0.02305	0.03819	0.04814	0.26399	0.15172	0.35693	0.02776	0.00651	0.00182	0.00297	0.01035	0.00512	0.00492
45	0.01277	0.00970	0.01300	0.00942	0.01394	0.00781	0.07989	0.01522	0.01149	0.12824	0.01097	0.01212	0.00846	0.00438	0.00451	0.00101	0.01883	0.00372	0.00351	0.63100
46	0.11874	0.01332	0.04952	0.01068	0.01406	0.06818	0.00895	0.37959	0.02861	0.06325	0.01243	0.03451	0.00984	0.03456	0.06990	0.00224	0.03606	0.00478	0.02119	0.01959

[dist]
# distance from previous block
# <min> <max>
0	1

[block]
# block no. 2 follows, 47 sequences, length 10
# corresponding to MSA columns:
# 406-415
name=unknown_C
#
# <colnr> <probs for GDERKNQSTAVLIFYWHMCP>
#	G	D	E	R	K	N	Q	S	T	A	V	L	I	F	Y	W	H	M	C	P
0	0.00650	0.00465	0.00606	0.00702	0.00743	0.00434	0.00470	0.00748	0.01024	0.01369	0.08675	0.67553	0.06041	0.06913	0.00791	0.00226	0.00310	0.01378	0.00479	0.00422
1	0.06871	0.01203	0.02051	0.05831	0.55096	0.01203	0.10689	0.01664	0.01189	0.07666	0.01053	0.01315	0.00834	0.00478	0.00516	0.00159	0.00626	0.00475	0.00291	0.00788
2	0.01427	0.11217	0.08268	0.01329	0.09971	0.04774	0.02986	0.08788	0.19565	0.11199	0.03139	0.02097	0.01407	0.00707	0.00527	0.00168	0.00544	0.10717	0.00423	0.00746
3	0.00761	0.00555	0.00737	0.00836	0.00941	0.00536	0.00684	0.00946	0.01140	0.01471	0.03097	0.21879	0.13537	0.04036	0.00755	0.00233	0.00412	0.46511	0.00476	0.00457
4	0.00983	0.00926	0.01562	0.80447	0.03587	0.01157	0.01446	0.01331	0.01041	0.01331	0.00926	0.01388	0.00694	0.00521	0.00521	0.00174	0.00694	0.00463	0.00231	0.00579
5	0.08803	0.31459	0.21172	0.06357	0.03670	0.03891	0.05098	0.03070	0.01146	0.03181	0.06823	0.01246	0.01013	0.00524	0.00438	0.00144	0.00609	0.00401	0.00278	0.00677
6	0.01389	0.01050	0.02780	0.01040	0.02897	0.06640	0.02251	0.10611	0.17701	0.14759	0.14190	0.04888	0.05225	0.00872	0.00572	0.00176	0.00469	0.11290	0.00508	0.00693
7	0.04024	0.00941	0.01058	0.00884	0.01131	0.00991	0.00684	0.29676	0.03855	0.10740	0.12507	0.06113	0.01866	0.16394	0.02487	0.00240	0.00475	0.00648	0.04630	0.00657
8	0.00692	0.00514	0.00704	0.05983	0.00990	0.00502	0.00598	0.00831	0.01059	0.01397	0.05652	0.57659	0.06932	0.01492	0.00659	0.00210	0.00352	0.12859	0.00470	0.00445
9	0.45895	0.01078	0.01098	0.03161	0.05985	0.01182	0.00769	0.14314	0.04587	0.15750	0.01126	0.01164	0.00808	0.00545	0.00417	0.00161	0.00460	0.00385	0.00414	0.00701

[dist]
# distance from previous block
# <min> <max>
2	4

[block]
# block no. 3 follows, 47 sequences, length 100
# corresponding to MSA columns:
# 420-519
name=unknown_D
#
# <colnr> <probs for GDERKNQSTAVLIFYWHMCP>
#	G	D	E	R	K	N	Q	S	T	A	V	L	I	F	Y	W	H	M	C	P
0	0.02562	0.00597	0.00756	0.00686	0.00864	0.00540	0.00525	0.01212	0.01407	0.14923	0.50546	0.06548	0.14729	0.01041	0.00596	0.00167	0.00287	0.00902	0.00564	0.00549
1	0.01551	0.01186	0.01418	0.11180	0.04754	0.02667	0.00989	0.38342	0.03250	0.05326	0.01210	0.01415	0.00932	0.02334	0.06852	0.01755	0.07295	0.00476	0.03535	0.03534
2	0.10874	0.00567	0.00600	0.00587	0.00634	0.00583	0.00356	0.00864	0.00817	0.01236	0.06296	0.03132	0.01922	0.66967	0.02245	0.00443	0.00477	0.00712	0.00332	0.00356
3	0.01139	0.01139	0.01595	0.01367	0.01367	0.01595	0.01139	0.01253	0.00798	0.01253	0.00684	0.01139	0.00684	0.00911	0.01709	0.00228	0.80745	0.00456	0.00228	0.00570
4	0.01139	0.01139	0.01595	0.01367	0.01367	0.01595	0.01139	0.01253	0.00798	0.01253	0.00684	0.01139	0.00684	0.00911	0.01709	0.00228	0.80745	0.00456	0.00228	0.00570
5	0.02336	0.00886	0.01209	0.00927	0.01329	0.00765	0.00765	0.02538	0.01491	0.78810	0.02055	0.01773	0.01289	0.00645	0.00524	0.00161	0.00443	0.00524	0.00645	0.00886
6	0.05988	0.00917	0.01044	0.00780	0.01202	0.00740	0.00619	0.02731	0.03326	0.01755	0.01074	0.06015	0.00949	0.00482	0.00406	0.00095	0.00386	0.00390	0.00330	0.70771
7	0.00670	0.00528	0.00605	0.00595	0.00744	0.00463	0.00447	0.00849	0.01296	0.01682	0.34485	0.07253	0.44427	0.01230	0.00619	0.00174	0.00263	0.02689	0.00520	0.00461
8	0.00756	0.00507	0.00576	0.00573	0.00581	0.00504	0.00326	0.00771	0.00801	0.01076	0.06332	0.03437	0.02078	0.76756	0.02526	0.00484	0.00489	0.00769	0.00331	0.00326
9	0.85377	0.01007	0.00765	0.00685	0.01007	0.01168	0.00564	0.01531	0.00886	0.02336	0.00725	0.00846	0.00564	0.00483	0.00322	0.00161	0.00403	0.00282	0.00322	0.00564
10	0.00672	0.00503	0.00674	0.05600	0.00943	0.00484	0.00554	0.00800	0.01060	0.01397	0.07662	0.59809	0.10775	0.01486	0.00651	0.00204	0.00329	0.05481	0.00473	0.00442
11	0.00706	0.00554	0.00642	0.00628	0.00775	0.00505	0.00468	0.00954	0.05252	0.01741	0.37075	0.10930	0.35469	0.01202	0.00615	0.00174	0.00267	0.01036	0.00526	0.00481
12	0.00940	0.00485	0.00503	0.00510	0.00622	0.00486	0.00377	0.01166	0.01073	0.01865	0.01762	0.06847	0.01477	0.02689	0.02209	0.00152	0.00278	0.00555	0.75528	0.00477
13	0.85377	0.01007	0.00765	0.00685	0.01007	0.01168	0.00564	0.01531	0.00886	0.02336	0.00725	0.00846	0.00564	0.00483	0.00322	0.00161	0.00403	0.00282	0.00322	0.00564
14	0.00754	0.00512	0.00691	0.00753	0.00822	0.00479	0.01910	0.00883	0.02376	0.05327	0.05788	0.65680	0.05091	0.05363	0.00746	0.00219	0.00329	0.01334	0.00484	0.00457
15	0.00661	0.00479	0.00627	0.00719	0.00769	0.00450	0.00490	0.00802	0.02587	0.01452	0.13264	0.67733	0.04966	0.01529	0.00654	0.00204	0.00296	0.01382	0.00497	0.00441
16	0.80476	0.01021	0.00844	0.00831	0.05520	0.01172	0.00624	0.01535	0.00904	0.02299	0.00740	0.00872	0.00579	0.00482	0.00334	0.00161	0.00415	0.00293	0.00319	0.00579
17	0.00726	0.00502	0.00628	0.00685	0.00720	0.00490	0.00461	0.00807	0.00949	0.01267	0.06920	0.30760	0.02776	0.37342	0.01557	0.00344	0.00415	0.11852	0.00413	0.00387
18	0.07272	0.61319	0.04222	0.00961	0.01377	0.10507	0.00914	0.04365	0.01140	0.01394	0.00757	0.00875	0.00669	0.00474	0.00384	0.00122	0.02043	0.00298	0.00246	0.00663
19	0.03396	0.01179	0.01365	0.02484	0.01476	0.01224	0.00874	0.39757	0.01876	0.23439	0.02993	0.01431	0.01056	0.00620	0.00550	0.00152	0.03704	0.00472	0.01937	0.10016
20	0.15261	0.04755	0.36594	0.02551	0.01744	0.01200	0.02693	0.11550	0.03931	0.04953	0.01183	0.05913	0.00953	0.00606	0.00479	0.00165	0.00605	0.01728	0.02417	0.00717
21	0.01291	0.01043	0.01117	0.00993	0.01263	0.01179	0.00765	0.07536	0.58335	0.04593	0.04865	0.02162	0.03267	0.08337	0.00733	0.00205	0.00424	0.00618	0.00513	0.00763
22	0.01815	0.01247	0.01361	0.01079	0.01446	0.01358	0.00879	0.49693	0.13380	0.11656	0.02820	0.01515	0.01142	0.00645	0.00511	0.00157	0.00501	0.00502	0.07454	0.00837
23	0.01229	0.01405	0.03073	0.02195	0.02722	0.01317	0.76558	0.01668	0.01229	0.01668	0.01054	0.01405	0.00790	0.00439	0.00615	0.00176	0.00878	0.00615	0.00263	0.00702
24	0.01024	0.00967	0.01635	0.70269	0.13450	0.01168	0.01466	0.01366	0.01060	0.01379	0.00933	0.01375	0.00711	0.00513	0.00520	0.00171	0.00684	0.00463	0.00235	0.00611
25	0.02279	0.00883	0.01198	0.00930	0.01323	0.00771	0.00768	0.02504	0.02844	0.75409	0.02074	0.01883	0.01339	0.00667	0.00529	0.00163	0.00444	0.02479	0.00638	0.00874
26	0.00745	0.00555	0.00824	0.00824	0.00912	0.00644	0.00635	0.00922	0.00833	0.01199	0.01407	0.02112	0.01331	0.07692	0.75887	0.00821	0.01352	0.00568	0.00281	0.00458
27	0.00766	0.00550	0.00753	0.00868	0.00962	0.00537	0.00710	0.00954	0.01135	0.01480	0.02891	0.29676	0.06066	0.01495	0.00698	0.00228	0.00415	0.48874	0.00481	0.00460
28	0.00767	0.00531	0.00634	0.00627	0.00640	0.00556	0.00385	0.00795	0.00769	0.01044	0.01580	0.03159	0.01779	0.68903	0.12945	0.00541	0.02973	0.00722	0.00308	0.00343
29	0.00690	0.00544	0.00629	0.00646	0.00783	0.00495	0.00482	0.00904	0.04436	0.01589	0.20939	0.19099	0.39213	0.01303	0.00628	0.00184	0.00288	0.06174	0.00505	0.00467
30	0.01354	0.01091	0.01172	0.01049	0.01346	0.01244	0.00821	0.02713	0.70687	0.07269	0.02130	0.02022	0.01602	0.00719	0.00534	0.00177	0.00416	0.02297	0.00536	0.00820
31	0.00760	0.00546	0.00747	0.00863	0.00954	0.00533	0.00700	0.00944	0.01128	0.01474	0.02882	0.32125	0.05711	0.01502	0.00697	0.00228	0.00410	0.46857	0.00481	0.00458
32	0.00983	0.00926	0.01562	0.80447	0.03587	0.01157	0.01446	0.01331	0.01041	0.01331	0.00926	0.01388	0.00694	0.00521	0.00521	0.00174	0.00694	0.00463	0.00231	0.00579
33	0.01392	0.82012	0.02729	0.00891	0.01337	0.02061	0.00891	0.01559	0.01058	0.01225	0.00724	0.00835	0.00668	0.00446	0.00334	0.00111	0.00557	0.00278	0.00223	0.00668
34	0.00770	0.00550	0.00702	0.00668	0.00803	0.00507	0.00506	0.01019	0.02588	0.03633	0.63722	0.05368	0.12051	0.01101	0.00616	0.00169	0.00265	0.03906	0.00560	0.00498
35	0.00646	0.00511	0.00572	0.00591	0.00719	0.00447	0.00425	0.00779	0.01169	0.01474	0.15733	0.20793	0.47308	0.05558	0.00732	0.00199	0.00282	0.01137	0.00488	0.00438
36	0.01980	0.01459	0.01563	0.01198	0.01615	0.01615	0.00990	0.76713	0.02448	0.03282	0.01250	0.01250	0.00886	0.00625	0.00521	0.00156	0.00573	0.00469	0.00521	0.00886
37	0.02329	0.00899	0.01216	0.00932	0.01336	0.00784	0.00770	0.04157	0.01511	0.77161	0.02037	0.01761	0.01280	0.00644	0.00524	0.00161	0.00446	0.00523	0.00642	0.00886
38	0.02313	0.00923	0.01231	0.00944	0.01348	0.00820	0.00780	0.07338	0.01553	0.73923	0.02002	0.01739	0.01263	0.00643	0.00524	0.00161	0.00452	0.00520	0.00637	0.00886
39	0.01295	0.01119	0.01178	0.01060	0.01354	0.01295	0.00824	0.02767	0.77509	0.02178	0.02120	0.01943	0.01590	0.00707	0.00530	0.00177	0.00412	0.00589	0.00530	0.00824
40	0.00983	0.00926	0.01562	0.80447	0.03587	0.01157	0.01446	0.01331	0.01041	0.01331	0.00926	0.01388	0.00694	0.00521	0.00521	0.00174	0.00694	0.00463	0.00231	0.00579
41	0.00634	0.00453	0.00604	0.00725	0.00755	0.00423	0.00483	0.00725	0.00997	0.01329	0.02870	0.81358	0.03444	0.01632	0.00665	0.00211	0.00302	0.01480	0.00483	0.00423
42	0.01945	0.02482	0.01476	0.01342	0.01610	0.79608	0.01006	0.02079	0.01476	0.01275	0.00805	0.00939	0.00671	0.00537	0.00470	0.00134	0.00939	0.00335	0.00268	0.00604
43	0.00641	0.00462	0.00608	0.00713	0.00755	0.00429	0.00481	0.00745	0.01040	0.01389	0.08578	0.72797	0.06277	0.01578	0.00659	0.00207	0.00297	0.01426	0.00490	0.00429
44	0.00696	0.00531	0.00639	0.00612	0.00753	0.00474	0.00459	0.00903	0.01376	0.01856	0.53352	0.04272	0.29881	0.01151	0.00615	0.00168	0.00252	0.00995	0.00543	0.00474
45	0.85377	0.01007	0.00765	0.00685	0.01007	0.01168	0.00564	0.01531	0.00886	0.02336	0.00725	0.00846	0.00564	0.00483	0.00322	0.00161	0.00403	0.00282	0.00322	0.00564
46	0.01080	0.00926	0.01080	0.00771	0.01234	0.00694	0.00617	0.01311	0.01080	0.01697	0.00926	0.01080	0.00771	0.00386	0.00386	0.00077	0.00386	0.00309	0.00309	0.84882
47	0.00703	0.00524	0.00746	0.00827	0.00900	0.00497	0.03350	0.00842	0.01057	0.01397	0.02848	0.58851	0.05434	0.01534	0.00674	0.00216	0.00363	0.18316	0.00474	0.00447
48	0.61271	0.01117	0.05761	0.00858	0.01227	0.01124	0.05106	0.03343	0.01033	0.11683	0.00955	0.01042	0.00697	0.00507	0.00380	0.00161	0.00458	0.00346	0.02298	0.00630
49	0.08694	0.00896	0.01175	0.00908	0.01305	0.00796	0.00750	0.02461	0.01444	0.72956	0.01953	0.01702	0.01234	0.00632	0.00508	0.00161	0.00440	0.00505	0.00620	0.00862
50	0.02217	0.01077	0.01327	0.01017	0.01425	0.01049	0.00840	0.27315	0.01811	0.53581	0.01786	0.01598	0.01154	0.00638	0.00523	0.00160	0.00487	0.00505	0.00603	0.00886
51	0.00933	0.00596	0.00803	0.00807	0.04370	0.00547	0.00570	0.01153	0.01390	0.11018	0.53213	0.13624	0.06795	0.01071	0.00606	0.00170	0.00294	0.00946	0.00552	0.00542
52	0.00665	0.00475	0.00640	0.00760	0.00804	0.00450	0.00537	0.00779	0.01027	0.01364	0.02853	0.69969	0.03377	0.01602	0.00673	0.00216	0.00329	0.12565	0.00483	0.00432
53	0.01226	0.01394	0.03014	0.02162	0.02668	0.01328	0.73548	0.01652	0.01212	0.01652	0.01039	0.01394	0.00786	0.00458	0.00658	0.00178	0.04066	0.00608	0.00262	0.00697
54	0.01145	0.01155	0.01681	0.01415	0.01446	0.01579	0.05535	0.01277	0.00823	0.01277	0.00705	0.01155	0.00690	0.00884	0.01645	0.00225	0.76091	0.00465	0.00230	0.00577
55	0.01219	0.03017	0.05717	0.21474	0.04988	0.02632	0.43486	0.05950	0.01237	0.01653	0.01006	0.01349	0.00760	0.00487	0.00597	0.00172	0.02768	0.00539	0.00267	0.00683
56	0.00693	0.00551	0.00668	0.00673	0.00788	0.00526	0.00502	0.00850	0.01201	0.01577	0.25054	0.22034	0.33280	0.01297	0.00696	0.00186	0.05207	0.03264	0.00493	0.00460
57	0.06028	0.00890	0.01191	0.05540	0.01426	0.00811	0.00786	0.03679	0.01445	0.66457	0.03217	0.01738	0.01277	0.00636	0.00512	0.00161	0.00450	0.00514	0.02403	0.00838
58	0.06150	0.00935	0.02773	0.01019	0.04313	0.00879	0.05373	0.07263	0.01245	0.12933	0.06151	0.06791	0.10211	0.02260	0.02022	0.00171	0.07006	0.00606	0.03495	0.18405
59	0.01083	0.10809	0.01077	0.00785	0.01002	0.05644	0.00619	0.09137	0.04176	0.05230	0.24716	0.09170	0.17785	0.05673	0.00677	0.00181	0.00399	0.00805	0.00468	0.00565
60	0.07146	0.00912	0.01191	0.00922	0.01318	0.00820	0.00760	0.04315	0.03006	0.70950	0.01958	0.01709	0.01243	0.00636	0.00512	0.00161	0.00443	0.00510	0.00620	0.00866
61	0.01045	0.02694	0.79000	0.01484	0.02254	0.01209	0.01924	0.01649	0.01099	0.01649	0.00935	0.01099	0.00660	0.00495	0.00495	0.00165	0.00770	0.00385	0.00220	0.00770
62	0.07863	0.04943	0.17204	0.11866	0.08848	0.01121	0.03029	0.05968	0.08328	0.15618	0.06597	0.03879	0.01260	0.00617	0.00506	0.00164	0.00559	0.00514	0.00387	0.00730
63	0.00725	0.00544	0.00685	0.00734	0.00852	0.00510	0.00572	0.00931	0.02732	0.01607	0.20960	0.21889	0.21674	0.01351	0.00654	0.00199	0.00332	0.22077	0.00504	0.00467
64	0.00986	0.00722	0.00871	0.00839	0.00991	0.00740	0.00639	0.16006	0.04792	0.01964	0.21583	0.30084	0.03116	0.04157	0.00697	0.00201	0.00376	0.10174	0.00509	0.00553
65	0.07845	0.01585	0.16504	0.09680	0.27874	0.09114	0.10672	0.02774	0.02502	0.01682	0.01078	0.01394	0.02116	0.00526	0.00512	0.00162	0.00688	0.02300	0.00273	0.00719
66	0.01247	0.01200	0.02064	0.13453	0.66616	0.01229	0.03428	0.01564	0.01168	0.01651	0.00974	0.01305	0.00807	0.00471	0.00519	0.00158	0.00635	0.00468	0.00254	0.00789
67	0.00899	0.00461	0.00677	0.00677	0.00690	0.00466	0.00459	0.00725	0.00712	0.00984	0.00981	0.01632	0.00954	0.01868	0.06694	0.74762	0.00498	0.00461	0.05146	0.00256
68	0.01123	0.00780	0.01161	0.10924	0.12024	0.00797	0.01005	0.03168	0.01248	0.10839	0.03582	0.04062	0.02200	0.01072	0.00637	0.00207	0.00518	0.43613	0.00441	0.00597
69	0.01611	0.50495	0.02232	0.01070	0.01445	0.32791	0.00937	0.01765	0.01224	0.01245	0.00756	0.00876	0.00669	0.00482	0.00388	0.00120	0.00708	0.00301	0.00241	0.00643
70	0.00990	0.00934	0.01563	0.77165	0.03495	0.01175	0.01434	0.01327	0.01031	0.01327	0.00916	0.01378	0.00694	0.00537	0.00570	0.00176	0.04016	0.00463	0.00231	0.00578
71	0.12926	0.09561	0.11308	0.01007	0.03011	0.04007	0.00903	0.10705	0.04220	0.07119	0.01037	0.01125	0.00796	0.00485	0.00423	0.00126	0.00507	0.00361	0.00345	0.30027
72	0.00958	0.00581	0.00753	0.00684	0.00847	0.00526	0.00520	0.01181	0.01431	0.13105	0.58697	0.05004	0.09905	0.02700	0.00644	0.00172	0.00282	0.00899	0.00570	0.00540
73	0.02927	0.07205	0.52575	0.01405	0.02032	0.01339	0.04782	0.12189	0.01276	0.03138	0.00970	0.01126	0.00708	0.00536	0.00565	0.00165	0.05622	0.00404	0.00274	0.00762
74	0.01111	0.17824	0.64451	0.01371	0.02079	0.01372	0.01727	0.01632	0.01092	0.01568	0.00894	0.01049	0.00661	0.00485	0.00464	0.00155	0.00729	0.00365	0.00220	0.00750
75	0.02336	0.00886	0.01209	0.00927	0.01329	0.00765	0.00765	0.02538	0.01491	0.78810	0.02055	0.01773	0.01289	0.00645	0.00524	0.00161	0.00443	0.00524	0.00645	0.00886
76	0.01075	0.00633	0.00673	0.00624	0.00767	0.00681	0.00481	0.07676	0.04103	0.02004	0.01613	0.01863	0.01278	0.02242	0.00512	0.00141	0.05216	0.00492	0.67393	0.00534
77	0.01229	0.01405	0.03073	0.02195	0.02722	0.01317	0.76558	0.01668	0.01229	0.01668	0.01054	0.01405	0.00790	0.00439	0.00615	0.00176	0.00878	0.00615	0.00263	0.00702
78	0.01245	0.01033	0.01105	0.00992	0.01270	0.01168	0.00772	0.03871	0.63122	0.04036	0.08725	0.02278	0.06548	0.00771	0.00542	0.00175	0.00393	0.00646	0.00533	0.00775
79	0.05210	0.01102	0.01255	0.01005	0.01359	0.02511	0.00827	0.33734	0.01838	0.28318	0.07155	0.02013	0.03361	0.00728	0.00533	0.00164	0.00486	0.05635	0.01970	0.00794
80	0.01108	0.00925	0.01083	0.00775	0.01236	0.00696	0.00620	0.01339	0.01089	0.03409	0.00951	0.01095	0.00783	0.00391	0.00389	0.00079	0.00387	0.00313	0.00316	0.83016
81	0.00640	0.00457	0.00610	0.00731	0.00764	0.00428	0.00493	0.00734	0.01002	0.01335	0.02867	0.79376	0.03433	0.01626	0.00666	0.00212	0.00307	0.03410	0.00483	0.00424
82	0.00649	0.00479	0.00658	0.00749	0.00798	0.00445	0.02180	0.00752	0.01019	0.01355	0.04427	0.75221	0.06155	0.01582	0.00661	0.00208	0.00312	0.01436	0.00480	0.00431
83	0.01392	0.82012	0.02729	0.00891	0.01337	0.02061	0.00891	0.01559	0.01058	0.01225	0.00724	0.00835	0.00668	0.00446	0.00334	0.00111	0.00557	0.00278	0.00223	0.00668
84	0.01328	0.00935	0.01054	0.00930	0.01204	0.01005	0.00727	0.02276	0.45957	0.15174	0.15808	0.02465	0.07258	0.00800	0.00550	0.00172	0.00378	0.00674	0.00554	0.00750
85	0.00793	0.00535	0.00686	0.00671	0.00796	0.00486	0.00494	0.00989	0.01336	0.06312	0.48573	0.20971	0.12998	0.01195	0.00620	0.00176	0.00272	0.01055	0.00547	0.00493
86	0.01229	0.01405	0.03073	0.02195	0.02722	0.01317	0.76558	0.01668	0.01229	0.01668	0.01054	0.01405	0.00790	0.00439	0.00615	0.00176	0.00878	0.00615	0.00263	0.00702
87	0.80537	0.01000	0.00791	0.00699	0.01026	0.01145	0.00576	0.01590	0.00921	0.06793	0.00803	0.00900	0.00606	0.00493	0.00334	0.00161	0.00405	0.00296	0.00341	0.00583
88	0.01033	0.00545	0.00551	0.00529	0.00669	0.00555	0.00402	0.05841	0.01175	0.02024	0.01671	0.01899	0.01307	0.00608	0.00374	0.00123	0.00263	0.00484	0.79437	0.00510
89	0.01145	0.01156	0.01686	0.01418	0.01450	0.01578	0.05762	0.01279	0.00824	0.01279	0.00706	0.01156	0.00690	0.00883	0.01642	0.00225	0.75850	0.00465	0.00230	0.00578
90	0.43407	0.05767	0.01161	0.00877	0.01239	0.01188	0.02692	0.09874	0.07247	0.20174	0.01209	0.01206	0.00860	0.00550	0.00415	0.00159	0.00453	0.00391	0.00428	0.00704
91	0.00760	0.00585	0.00867	0.00861	0.00945	0.00692	0.00669	0.00936	0.00844	0.01219	0.01444	0.06854	0.01397	0.03592	0.70253	0.00763	0.05952	0.00609	0.00289	0.00468
92	0.00660	0.00471	0.00633	0.00754	0.00795	0.00445	0.00527	0.00769	0.01022	0.01358	0.02856	0.72064	0.03389	0.01608	0.00671	0.00215	0.00324	0.10526	0.00483	0.00430
93	0.00757	0.00505	0.00568	0.00568	0.00568	0.00505	0.00316	0.00757	0.00757	0.01010	0.01641	0.03408	0.01893	0.81698	0.02651	0.00505	0.00505	0.00757	0.00316	0.00316
94	0.01952	0.01445	0.01547	0.01193	0.01605	0.01602	0.00983	0.73762	0.05444	0.03238	0.01285	0.01278	0.00914	0.00628	0.00521	0.00157	0.00567	0.00474	0.00521	0.00883
95	0.00990	0.00933	0.01575	0.78667	0.05311	0.01159	0.01450	0.01337	0.01045	0.01339	0.00927	0.01386	0.00697	0.00519	0.00521	0.00173	0.00692	0.00463	0.00232	0.00584
96	0.00642	0.00459	0.00613	0.00734	0.00767	0.00429	0.00496	0.00738	0.01004	0.01338	0.02866	0.78592	0.03428	0.01624	0.00667	0.00213	0.00309	0.04173	0.00483	0.00425
97	0.00757	0.00505	0.00568	0.00568	0.00568	0.00505	0.00316	0.00757	0.00757	0.01010	0.01641	0.03408	0.01893	0.81698	0.02651	0.00505	0.00505	0.00757	0.00316	0.00316
98	0.01074	0.00585	0.00596	0.00558	0.00710	0.00601	0.00428	0.08947	0.01231	0.02079	0.01653	0.01871	0.01289	0.00609	0.00380	0.00125	0.00277	0.00484	0.75978	0.00526
99	0.01966	0.01452	0.01555	0.01195	0.01610	0.01608	0.00986	0.75196	0.03989	0.03259	0.01268	0.01265	0.00900	0.00627	0.00521	0.00157	0.00570	0.00471	0.00521	0.00884

[dist]
# distance from previous block
# <min> <max>
0	0

# created by:
# /st0/software/busco_prod/Augustus/scripts/msa2prfl.pl ./align_prep/166649.fa
