[name]
unknown

[dist]
# distance from previous block
# <min> <max>
18	122

[block]
# block no. 0 follows, 42 sequences, length 16
# corresponding to MSA columns:
# 133-148
name=unknown_A
#
# <colnr> <probs for GDERKNQSTAVLIFYWHMCP>
#	G	D	E	R	K	N	Q	S	T	A	V	L	I	F	Y	W	H	M	C	P
0	0.06199	0.02569	0.02530	0.12636	0.06108	0.01181	0.02024	0.16448	0.03832	0.04995	0.02980	0.04345	0.05805	0.06273	0.02108	0.04553	0.06876	0.00590	0.00396	0.07554
1	0.05070	0.03508	0.05410	0.11346	0.06179	0.04966	0.00892	0.01425	0.02624	0.08303	0.09659	0.18094	0.08782	0.03626	0.00657	0.00192	0.00498	0.00823	0.03344	0.04602
2	0.08941	0.03187	0.09164	0.11974	0.03294	0.06437	0.01042	0.13641	0.06249	0.10516	0.05862	0.02209	0.13614	0.00772	0.00555	0.00176	0.00571	0.00616	0.00446	0.00733
3	0.06536	0.01111	0.01246	0.08989	0.01592	0.07476	0.00865	0.09783	0.05101	0.25193	0.10961	0.08527	0.01830	0.00787	0.00561	0.00171	0.00519	0.00648	0.00521	0.07584
4	0.08482	0.04951	0.06767	0.01502	0.16824	0.01124	0.01056	0.06340	0.07529	0.20326	0.08913	0.03622	0.01540	0.00671	0.00535	0.00165	0.00520	0.00559	0.00467	0.08107
5	0.05239	0.01278	0.15049	0.03840	0.01567	0.00990	0.04821	0.09794	0.05629	0.09305	0.08472	0.16258	0.05533	0.03600	0.00672	0.00198	0.00534	0.02627	0.00459	0.04134
6	0.05401	0.01178	0.03344	0.01469	0.14234	0.01207	0.01004	0.25309	0.05647	0.02325	0.04116	0.16684	0.01632	0.00933	0.00714	0.04707	0.03520	0.00719	0.00448	0.05410
7	0.06700	0.03765	0.08916	0.00995	0.04358	0.02342	0.00818	0.03831	0.05494	0.01847	0.07756	0.13787	0.16765	0.00925	0.00555	0.00164	0.00447	0.00775	0.00426	0.19333
8	0.10933	0.12852	0.24054	0.01213	0.01723	0.05590	0.05480	0.01896	0.01268	0.18875	0.01488	0.04291	0.03575	0.03670	0.00602	0.00184	0.00644	0.00516	0.00384	0.00762
9	0.05575	0.02024	0.40832	0.10070	0.02195	0.01213	0.01538	0.06540	0.04934	0.05507	0.04753	0.01441	0.01042	0.00582	0.00527	0.00169	0.00681	0.00463	0.00332	0.09581
10	0.00705	0.00528	0.00622	0.00682	0.00764	0.00480	0.00460	0.00806	0.01116	0.01430	0.05961	0.39965	0.27481	0.15063	0.01066	0.00269	0.00348	0.01312	0.00494	0.00445
11	0.01036	0.01009	0.06119	0.00959	0.01351	0.00742	0.05043	0.01281	0.01152	0.01714	0.01613	0.23811	0.01657	0.00815	0.00526	0.00138	0.00449	0.00722	0.00379	0.49485
12	0.01219	0.01008	0.01157	0.00850	0.01316	0.00814	0.00679	0.05294	0.04330	0.01962	0.01127	0.01276	0.00916	0.00460	0.00429	0.00095	0.00418	0.00367	0.05778	0.70502
13	0.02102	0.02682	0.01595	0.01450	0.01740	0.77963	0.01087	0.02247	0.01595	0.01377	0.00870	0.01015	0.00725	0.00580	0.00507	0.00145	0.01015	0.00362	0.00290	0.00652
14	0.02431	0.00937	0.01276	0.00985	0.01404	0.00811	0.00811	0.02651	0.01610	0.73042	0.06244	0.02040	0.01605	0.00721	0.00571	0.00174	0.00467	0.00590	0.00692	0.00935
15	0.00990	0.00866	0.05108	0.16233	0.01722	0.00811	0.05701	0.01309	0.05477	0.05857	0.09600	0.34822	0.02660	0.02601	0.00693	0.00212	0.00497	0.03793	0.00458	0.00590

[dist]
# distance from previous block
# <min> <max>
6	11

[block]
# block no. 1 follows, 42 sequences, length 22
# corresponding to MSA columns:
# 160-181
name=unknown_B
#
# <colnr> <probs for GDERKNQSTAVLIFYWHMCP>
#	G	D	E	R	K	N	Q	S	T	A	V	L	I	F	Y	W	H	M	C	P
0	0.71041	0.01074	0.00963	0.13104	0.01529	0.01261	0.00760	0.01620	0.00984	0.02353	0.00818	0.01007	0.00632	0.00529	0.00382	0.00176	0.00485	0.00336	0.00333	0.00612
1	0.00913	0.00703	0.00869	0.00812	0.00812	0.00816	0.00546	0.00942	0.00828	0.01152	0.01535	0.03119	0.01745	0.62010	0.02630	0.00477	0.18623	0.00743	0.00319	0.00404
2	0.02086	0.01550	0.01659	0.01284	0.01725	0.01720	0.01057	0.69691	0.07876	0.03461	0.01418	0.01405	0.01012	0.00682	0.00564	0.00170	0.00607	0.00516	0.00564	0.00952
3	0.00700	0.00501	0.00666	0.00774	0.00819	0.00467	0.00524	0.00820	0.01145	0.01544	0.12688	0.69963	0.03930	0.01683	0.00711	0.00222	0.00319	0.01524	0.00535	0.00467
4	0.71273	0.01068	0.00903	0.00781	0.01143	0.01194	0.00644	0.01826	0.01061	0.14327	0.01011	0.01073	0.00733	0.00550	0.00383	0.00174	0.00442	0.00346	0.00403	0.00665
5	0.00778	0.00570	0.00730	0.00700	0.00832	0.00522	0.00521	0.01023	0.01535	0.02143	0.65821	0.08616	0.11686	0.01210	0.00667	0.00181	0.00271	0.01066	0.00605	0.00522
6	0.01505	0.80561	0.02949	0.00963	0.01444	0.02227	0.00963	0.01685	0.01143	0.01324	0.00782	0.00903	0.00722	0.00481	0.00361	0.00120	0.00602	0.00301	0.00241	0.00722
7	0.00715	0.00501	0.00646	0.00748	0.00780	0.00473	0.00489	0.00788	0.01033	0.01371	0.02918	0.62689	0.05972	0.14173	0.01102	0.02892	0.00365	0.01427	0.00485	0.00433
8	0.84197	0.01088	0.00827	0.00740	0.01088	0.01262	0.00609	0.01654	0.00958	0.02525	0.00784	0.00914	0.00609	0.00522	0.00348	0.00174	0.00435	0.00305	0.00348	0.00609
9	0.04209	0.25531	0.05717	0.00959	0.01250	0.02986	0.00839	0.04452	0.02529	0.07151	0.01952	0.28957	0.02061	0.02438	0.00602	0.00189	0.00504	0.06617	0.00420	0.00637
10	0.02061	0.01202	0.01407	0.01100	0.01494	0.01233	0.00900	0.38008	0.02118	0.29005	0.13533	0.01999	0.01798	0.00758	0.00580	0.00172	0.00514	0.00608	0.00619	0.00890
11	0.01156	0.01099	0.01841	0.55319	0.22187	0.01300	0.01585	0.01506	0.01150	0.01535	0.01000	0.01458	0.00785	0.00571	0.00635	0.00186	0.05238	0.00500	0.00257	0.00692
12	0.01400	0.01209	0.01273	0.01145	0.01463	0.01400	0.00891	0.02990	0.75695	0.02354	0.02291	0.02100	0.01718	0.00764	0.00573	0.00191	0.00445	0.00636	0.00573	0.00891
13	0.84197	0.01088	0.00827	0.00740	0.01088	0.01262	0.00609	0.01654	0.00958	0.02525	0.00784	0.00914	0.00609	0.00522	0.00348	0.00174	0.00435	0.00305	0.00348	0.00609
14	0.00703	0.00510	0.00665	0.00757	0.00817	0.00471	0.00518	0.00833	0.01179	0.01583	0.15872	0.62111	0.08625	0.01636	0.00706	0.00217	0.00313	0.01474	0.00539	0.00471
15	0.02464	0.01056	0.01367	0.01048	0.01485	0.00972	0.00866	0.14151	0.01775	0.65462	0.02083	0.01826	0.01324	0.00693	0.00565	0.00173	0.00501	0.00557	0.00675	0.00958
16	0.00702	0.00535	0.00646	0.00696	0.00802	0.00479	0.00492	0.00850	0.01255	0.01637	0.19406	0.38856	0.28570	0.01520	0.00689	0.00205	0.00300	0.01338	0.00543	0.00479
17	0.19981	0.01470	0.01502	0.01174	0.01602	0.01640	0.00970	0.58923	0.02279	0.03325	0.01228	0.01256	0.00881	0.00642	0.00516	0.00170	0.00579	0.00463	0.00516	0.00881
18	0.01179	0.01090	0.01817	0.14455	0.48050	0.01121	0.01425	0.01466	0.01210	0.01684	0.01519	0.19444	0.01520	0.00801	0.00595	0.00184	0.00603	0.00754	0.00330	0.00751
19	0.71094	0.01128	0.01058	0.01170	0.13056	0.01274	0.00786	0.01666	0.01009	0.02416	0.00827	0.00990	0.00654	0.00519	0.00381	0.00173	0.00472	0.00336	0.00337	0.00654
20	0.19962	0.00682	0.00703	0.00681	0.00803	0.00723	0.00470	0.01043	0.00944	0.01541	0.04390	0.03069	0.10799	0.39157	0.12427	0.00455	0.00614	0.00722	0.00368	0.00448
21	0.01492	0.02696	0.01283	0.01075	0.01359	0.05081	0.00852	0.24860	0.19087	0.03903	0.04317	0.01950	0.01459	0.04890	0.18448	0.00355	0.00765	0.00582	0.04792	0.00753

[dist]
# distance from previous block
# <min> <max>
0	1

[block]
# block no. 2 follows, 42 sequences, length 25
# corresponding to MSA columns:
# 183-187,287-306
name=unknown_C
#
# <colnr> <probs for GDERKNQSTAVLIFYWHMCP>
#	G	D	E	R	K	N	Q	S	T	A	V	L	I	F	Y	W	H	M	C	P
0	0.01005	0.00781	0.00915	0.00748	0.01038	0.00653	0.00565	0.02982	0.01281	0.03360	0.20220	0.02906	0.12925	0.12518	0.00880	0.00194	0.00386	0.00703	0.00444	0.35497
1	0.01085	0.01023	0.01727	0.73869	0.08706	0.01256	0.01574	0.01457	0.01136	0.01464	0.01004	0.01493	0.00760	0.00559	0.00562	0.00186	0.00745	0.00500	0.00252	0.00643
2	0.01167	0.01000	0.01167	0.00834	0.01334	0.00750	0.00667	0.01417	0.01167	0.01834	0.01000	0.01167	0.00834	0.00417	0.00417	0.00083	0.00417	0.00333	0.00333	0.83663
3	0.00691	0.00492	0.00652	0.00777	0.00809	0.00460	0.00516	0.00785	0.01068	0.01424	0.03052	0.77000	0.03659	0.04704	0.00799	0.00240	0.00335	0.01571	0.00516	0.00453
4	0.01421	0.01152	0.01283	0.01220	0.04914	0.01294	0.00914	0.04378	0.59341	0.06375	0.02378	0.02414	0.04572	0.00817	0.00587	0.00192	0.00460	0.04870	0.00560	0.00858
5	0.00796	0.00575	0.00752	0.00708	0.00841	0.00531	0.00531	0.01062	0.01593	0.02257	0.76415	0.04204	0.05310	0.01150	0.00664	0.00177	0.00265	0.01018	0.00619	0.00531
6	0.00700	0.00501	0.00666	0.00774	0.00819	0.00467	0.00523	0.00819	0.01143	0.01542	0.12493	0.70165	0.03925	0.01685	0.00711	0.00222	0.00319	0.01525	0.00535	0.00467
7	0.01268	0.05011	0.36435	0.15457	0.22239	0.04628	0.01787	0.03573	0.01255	0.01748	0.01015	0.01283	0.00774	0.00534	0.00539	0.00173	0.00768	0.00449	0.00261	0.00803
8	0.00850	0.00653	0.00935	0.00936	0.01039	0.00632	0.06342	0.06299	0.01197	0.01600	0.02745	0.63668	0.03200	0.06022	0.00824	0.00239	0.00409	0.01402	0.00497	0.00511
9	0.01076	0.01008	0.01672	0.75918	0.03784	0.01256	0.01537	0.01497	0.03957	0.01473	0.01049	0.01523	0.00787	0.00570	0.00563	0.00188	0.00739	0.00505	0.00262	0.00635
10	0.84197	0.01088	0.00827	0.00740	0.01088	0.01262	0.00609	0.01654	0.00958	0.02525	0.00784	0.00914	0.00609	0.00522	0.00348	0.00174	0.00435	0.00305	0.00348	0.00609
11	0.01344	0.14175	0.07882	0.02117	0.05381	0.01548	0.53753	0.01769	0.01276	0.01715	0.01061	0.01387	0.00822	0.00493	0.00634	0.00179	0.02853	0.00580	0.00273	0.00759
12	0.01380	0.01324	0.02261	0.06379	0.73887	0.01334	0.01721	0.01716	0.01275	0.01823	0.01056	0.01397	0.00886	0.00504	0.00557	0.00168	0.00672	0.00501	0.00277	0.00881
13	0.00686	0.00490	0.00653	0.00784	0.00816	0.00457	0.00522	0.00784	0.01077	0.01437	0.03102	0.79855	0.03722	0.01763	0.00718	0.00229	0.00326	0.01600	0.00522	0.00457
14	0.01068	0.02589	0.66979	0.01481	0.02214	0.01194	0.01864	0.01649	0.01185	0.01740	0.01439	0.07570	0.05235	0.00681	0.00556	0.00183	0.00761	0.00552	0.00276	0.00782
15	0.00983	0.03009	0.11219	0.01041	0.03307	0.00813	0.00860	0.04645	0.08470	0.03606	0.07609	0.44030	0.02876	0.01307	0.00653	0.00207	0.00443	0.03823	0.00488	0.00611
16	0.04993	0.01154	0.03279	0.38787	0.04763	0.01255	0.17178	0.01711	0.10642	0.01732	0.02772	0.01928	0.01149	0.00644	0.00592	0.00192	0.00714	0.05499	0.00329	0.00688
17	0.00681	0.00507	0.00635	0.00737	0.00804	0.00461	0.00501	0.00789	0.01123	0.01455	0.03675	0.63436	0.19771	0.01689	0.00707	0.00220	0.00317	0.01509	0.00522	0.00461
18	0.00698	0.00516	0.00655	0.00756	0.00826	0.00473	0.00527	0.00818	0.01143	0.01491	0.05762	0.59540	0.17333	0.01670	0.00710	0.00222	0.00328	0.05541	0.00525	0.00466
19	0.01401	0.28888	0.32765	0.01537	0.06208	0.05377	0.09030	0.03491	0.01258	0.03759	0.00984	0.01152	0.00766	0.00519	0.00491	0.00157	0.00751	0.00411	0.00269	0.00788
20	0.00700	0.00573	0.00618	0.00612	0.00788	0.00492	0.00462	0.00872	0.01351	0.01685	0.21057	0.05175	0.59079	0.01369	0.00668	0.00189	0.00287	0.02991	0.00544	0.00488
21	0.08902	0.00968	0.01269	0.00981	0.01409	0.00861	0.00810	0.02658	0.01560	0.71278	0.02108	0.01837	0.01332	0.00683	0.00549	0.00174	0.00475	0.00546	0.00669	0.00931
22	0.03067	0.01970	0.38076	0.05371	0.05448	0.01219	0.12546	0.01707	0.05420	0.03667	0.01601	0.06049	0.06901	0.00698	0.00626	0.00187	0.03767	0.00604	0.00319	0.00758
23	0.01253	0.03409	0.12394	0.19076	0.16806	0.03810	0.26475	0.01669	0.01258	0.01690	0.01242	0.01693	0.02798	0.00575	0.00596	0.00183	0.00798	0.03250	0.00283	0.00744
24	0.01196	0.02450	0.53031	0.01882	0.04407	0.01343	0.24085	0.01787	0.01233	0.01790	0.01050	0.01293	0.00760	0.00516	0.00574	0.00181	0.00863	0.00493	0.00253	0.00811

[dist]
# distance from previous block
# <min> <max>
0	3

[block]
# block no. 3 follows, 42 sequences, length 60
# corresponding to MSA columns:
# 310-369
name=unknown_D
#
# <colnr> <probs for GDERKNQSTAVLIFYWHMCP>
#	G	D	E	R	K	N	Q	S	T	A	V	L	I	F	Y	W	H	M	C	P
0	0.01138	0.02650	0.66262	0.08574	0.06848	0.01304	0.02013	0.01748	0.01188	0.01755	0.01012	0.01228	0.00726	0.00535	0.00538	0.00178	0.00815	0.00428	0.00241	0.00817
1	0.01686	0.00788	0.01048	0.00869	0.01160	0.00707	0.00691	0.01969	0.03904	0.39986	0.36714	0.02985	0.03224	0.00910	0.00612	0.00176	0.00379	0.00778	0.00657	0.00757
2	0.03747	0.78406	0.02891	0.00957	0.01435	0.02201	0.00953	0.01684	0.01138	0.01357	0.00782	0.00903	0.00719	0.00483	0.00361	0.00122	0.00597	0.00301	0.00244	0.00719
3	0.01129	0.02911	0.77306	0.01604	0.02436	0.01307	0.02079	0.01782	0.01188	0.01782	0.01010	0.01188	0.00713	0.00535	0.00535	0.00178	0.00832	0.00416	0.00238	0.00832
4	0.00795	0.00536	0.00621	0.00644	0.00650	0.00530	0.00374	0.00812	0.00865	0.01153	0.02012	0.17374	0.02347	0.66120	0.02479	0.00489	0.00506	0.00959	0.00374	0.00362
5	0.00677	0.00571	0.00586	0.00582	0.00767	0.00480	0.00437	0.00830	0.01310	0.01586	0.11982	0.05308	0.70161	0.01401	0.00665	0.00189	0.00283	0.01173	0.00531	0.00480
6	0.00702	0.00572	0.00622	0.00609	0.00783	0.00491	0.00457	0.00879	0.01370	0.01728	0.25673	0.05074	0.56381	0.01348	0.00665	0.00186	0.00280	0.01140	0.00550	0.00491
7	0.84197	0.01088	0.00827	0.00740	0.01088	0.01262	0.00609	0.01654	0.00958	0.02525	0.00784	0.00914	0.00609	0.00522	0.00348	0.00174	0.00435	0.00305	0.00348	0.00609
8	0.00685	0.00494	0.00648	0.00772	0.00813	0.00458	0.00517	0.00785	0.01089	0.01441	0.03244	0.75781	0.07704	0.01745	0.00715	0.00226	0.00324	0.01577	0.00522	0.00458
9	0.01167	0.01000	0.01167	0.00834	0.01334	0.00750	0.00667	0.01417	0.01167	0.01834	0.01000	0.01167	0.00834	0.00417	0.00417	0.00083	0.00417	0.00333	0.00333	0.83663
10	0.01116	0.01015	0.01642	0.14732	0.38991	0.01037	0.01283	0.01411	0.01298	0.01793	0.15297	0.08165	0.08266	0.00802	0.00599	0.00179	0.00550	0.00736	0.00375	0.00715
11	0.02131	0.01500	0.01631	0.01260	0.01702	0.01644	0.01038	0.64288	0.06767	0.10012	0.01483	0.01444	0.01040	0.00682	0.00564	0.00171	0.00597	0.00519	0.00575	0.00953
12	0.04683	0.02539	0.01317	0.06256	0.01488	0.01176	0.00867	0.28700	0.01672	0.15294	0.01387	0.01605	0.01053	0.02665	0.00981	0.17537	0.03618	0.00509	0.05936	0.00715
13	0.01553	0.72177	0.02810	0.01011	0.01471	0.06540	0.00978	0.03964	0.01210	0.01396	0.00804	0.00929	0.00730	0.00503	0.00404	0.00126	0.02104	0.00314	0.00254	0.00723
14	0.81637	0.01086	0.00854	0.03146	0.01174	0.01262	0.00639	0.01648	0.00963	0.02491	0.00790	0.00932	0.00614	0.00524	0.00355	0.00175	0.00445	0.00311	0.00345	0.00610
15	0.01391	0.01305	0.02064	0.15331	0.54233	0.02802	0.01588	0.06891	0.03650	0.01895	0.01204	0.01508	0.02517	0.00553	0.00560	0.00171	0.00670	0.00518	0.00309	0.00839
16	0.01162	0.09809	0.70701	0.01547	0.02348	0.01389	0.01980	0.01774	0.01184	0.01742	0.00990	0.01163	0.00714	0.00530	0.00519	0.00173	0.00811	0.00406	0.00238	0.00822
17	0.01465	0.01242	0.01309	0.01159	0.01488	0.01430	0.00907	0.09372	0.69206	0.02460	0.02207	0.02033	0.01650	0.00756	0.00572	0.00189	0.00461	0.00625	0.00572	0.00897
18	0.01280	0.10312	0.05769	0.00964	0.03129	0.01003	0.00816	0.05916	0.01296	0.05303	0.02941	0.01611	0.07396	0.00562	0.00462	0.00115	0.00469	0.00446	0.00368	0.49842
19	0.01321	0.01568	0.05971	0.02344	0.02923	0.01419	0.72068	0.01802	0.01323	0.01802	0.01134	0.01506	0.00849	0.00477	0.00659	0.00189	0.00945	0.00655	0.00283	0.00762
20	0.02147	0.01495	0.01626	0.01250	0.01691	0.01634	0.01031	0.66621	0.02518	0.10045	0.01440	0.01420	0.01008	0.00677	0.00559	0.00168	0.00598	0.00512	0.02613	0.00946
21	0.02102	0.02682	0.01595	0.01450	0.01740	0.77963	0.01087	0.02247	0.01595	0.01377	0.00870	0.01015	0.00725	0.00580	0.00507	0.00145	0.01015	0.00362	0.00290	0.00652
22	0.01326	0.01267	0.02127	0.03190	0.69744	0.01258	0.01608	0.01643	0.01282	0.01809	0.01484	0.01762	0.07826	0.00586	0.00567	0.00169	0.00633	0.00564	0.00301	0.00853
23	0.00837	0.00607	0.00738	0.00699	0.00850	0.00573	0.00526	0.01162	0.05790	0.02152	0.56269	0.04054	0.14065	0.01120	0.00635	0.00175	0.00278	0.00974	0.07953	0.00544
24	0.01063	0.01000	0.01688	0.78870	0.03876	0.01250	0.01563	0.01438	0.01125	0.01438	0.01000	0.01500	0.00750	0.00563	0.00563	0.00188	0.00750	0.00500	0.00250	0.00625
25	0.02119	0.01566	0.01678	0.01291	0.01738	0.01736	0.01065	0.72904	0.04609	0.03515	0.01376	0.01371	0.00977	0.00678	0.00563	0.00169	0.00615	0.00510	0.00563	0.00955
26	0.00777	0.00569	0.00702	0.00679	0.00799	0.00524	0.00492	0.00979	0.01409	0.01932	0.50528	0.06327	0.16589	0.12804	0.00990	0.00236	0.00316	0.02298	0.00558	0.00492
27	0.02214	0.00889	0.01206	0.00949	0.01329	0.00774	0.00774	0.02441	0.01608	0.63649	0.15556	0.02327	0.02097	0.00778	0.00584	0.00175	0.00441	0.00647	0.00683	0.00881
28	0.84197	0.01088	0.00827	0.00740	0.01088	0.01262	0.00609	0.01654	0.00958	0.02525	0.00784	0.00914	0.00609	0.00522	0.00348	0.00174	0.00435	0.00305	0.00348	0.00609
29	0.01063	0.01000	0.01688	0.78870	0.03876	0.01250	0.01563	0.01438	0.01125	0.01438	0.01000	0.01500	0.00750	0.00563	0.00563	0.00188	0.00750	0.00500	0.00250	0.00625
30	0.00694	0.00500	0.00649	0.00760	0.00804	0.00465	0.00508	0.00794	0.01092	0.01448	0.05221	0.69393	0.08255	0.05538	0.00818	0.00240	0.00333	0.01520	0.00516	0.00455
31	0.02525	0.00958	0.01306	0.01001	0.01437	0.00827	0.00827	0.02743	0.01611	0.77102	0.02220	0.01915	0.01393	0.00697	0.00566	0.00174	0.00479	0.00566	0.00697	0.00958
32	0.05852	0.00823	0.00859	0.00786	0.00976	0.07470	0.00599	0.01314	0.01527	0.08298	0.52044	0.03665	0.11528	0.01054	0.00624	0.00175	0.00361	0.00898	0.00571	0.00576
33	0.01164	0.01166	0.02177	0.39073	0.03111	0.01249	0.28607	0.04225	0.01263	0.01650	0.01482	0.01853	0.07528	0.00638	0.00641	0.01811	0.00773	0.00622	0.00299	0.00666
34	0.02371	0.00924	0.01257	0.00975	0.01384	0.00801	0.00801	0.02593	0.01609	0.70453	0.08811	0.02119	0.01741	0.00737	0.00575	0.00174	0.00460	0.00606	0.00690	0.00920
35	0.09780	0.00969	0.01263	0.00978	0.01406	0.00866	0.00808	0.02646	0.01553	0.70477	0.02093	0.01827	0.01323	0.00681	0.00547	0.00174	0.00475	0.00543	0.00666	0.00927
36	0.01139	0.09646	0.56531	0.08391	0.02399	0.01341	0.04629	0.01686	0.01177	0.01691	0.01114	0.05740	0.00896	0.00601	0.00537	0.00177	0.00779	0.00491	0.00257	0.00779
37	0.01071	0.01009	0.01704	0.76889	0.05789	0.01253	0.01567	0.01445	0.01129	0.01448	0.01002	0.01498	0.00754	0.00561	0.00562	0.00187	0.00748	0.00500	0.00251	0.00632
38	0.82043	0.01086	0.00849	0.02765	0.01161	0.01262	0.00634	0.01649	0.00962	0.02497	0.00789	0.00929	0.00613	0.00523	0.00354	0.00174	0.00443	0.00310	0.00346	0.00610
39	0.00930	0.00490	0.00718	0.00738	0.00743	0.00485	0.00490	0.00743	0.00787	0.01049	0.01316	0.13499	0.01416	0.03842	0.01993	0.69063	0.00466	0.00664	0.00289	0.00279
40	0.01063	0.01000	0.01688	0.78870	0.03876	0.01250	0.01563	0.01438	0.01125	0.01438	0.01000	0.01500	0.00750	0.00563	0.00563	0.00188	0.00750	0.00500	0.00250	0.00625
41	0.00796	0.00575	0.00752	0.00708	0.00841	0.00531	0.00531	0.01062	0.01593	0.02257	0.76415	0.04204	0.05310	0.01150	0.00664	0.00177	0.00265	0.01018	0.00619	0.00531
42	0.00805	0.00601	0.00893	0.00893	0.00990	0.00697	0.00689	0.00998	0.00901	0.01298	0.01518	0.02268	0.01432	0.07186	0.75061	0.00890	0.01470	0.00611	0.00303	0.00496
43	0.00695	0.00497	0.00662	0.00777	0.00818	0.00463	0.00523	0.00808	0.01122	0.01508	0.09441	0.73314	0.03859	0.01710	0.00714	0.00224	0.00321	0.01550	0.00531	0.00463
44	0.01207	0.01315	0.02785	0.02046	0.02507	0.01238	0.59631	0.01604	0.01262	0.01711	0.01439	0.12178	0.01304	0.03981	0.02892	0.00229	0.00864	0.00795	0.00319	0.00694
45	0.01498	0.74186	0.07124	0.01012	0.01508	0.04099	0.01029	0.01705	0.01157	0.01351	0.00797	0.00922	0.00722	0.00487	0.00375	0.00124	0.00625	0.00309	0.00242	0.00727
46	0.01129	0.02911	0.77306	0.01604	0.02436	0.01307	0.02079	0.01782	0.01188	0.01782	0.01010	0.01188	0.00713	0.00535	0.00535	0.00178	0.00832	0.00416	0.00238	0.00832
47	0.01164	0.01142	0.01486	0.01315	0.01361	0.06032	0.01074	0.01310	0.00918	0.01342	0.00962	0.01493	0.00925	0.01868	0.23128	0.00425	0.52688	0.00516	0.00264	0.00586
48	0.81614	0.01086	0.00854	0.03168	0.01175	0.01262	0.00639	0.01648	0.00963	0.02491	0.00790	0.00932	0.00614	0.00524	0.00355	0.00175	0.00445	0.00311	0.00345	0.00610
49	0.01400	0.01209	0.01273	0.01145	0.01463	0.01400	0.00891	0.02990	0.75695	0.02354	0.02291	0.02100	0.01718	0.00764	0.00573	0.00191	0.00445	0.00636	0.00573	0.00891
50	0.01945	0.01480	0.01579	0.01255	0.01671	0.01654	0.01023	0.55944	0.21854	0.03233	0.01598	0.01548	0.01157	0.00699	0.00566	0.00175	0.00574	0.00541	0.00566	0.00940
51	0.01356	0.01077	0.02812	0.05648	0.01636	0.01080	0.10051	0.12122	0.17430	0.09655	0.06050	0.05917	0.15539	0.00930	0.00623	0.00191	0.00524	0.06114	0.00510	0.00736
52	0.01328	0.43998	0.37961	0.01265	0.01911	0.01794	0.01489	0.01731	0.01165	0.01540	0.00890	0.01037	0.00718	0.00507	0.00443	0.00148	0.00710	0.00355	0.00239	0.00774
53	0.07236	0.00965	0.01278	0.00986	0.01417	0.00852	0.00815	0.02680	0.01573	0.72800	0.02137	0.01858	0.01348	0.00686	0.00553	0.00174	0.00476	0.00551	0.00676	0.00938
54	0.01062	0.00766	0.02989	0.00921	0.01089	0.00715	0.00721	0.07586	0.05822	0.08178	0.05133	0.42033	0.06022	0.01417	0.00684	0.00217	0.00414	0.13100	0.00538	0.00592
55	0.02929	0.47222	0.06769	0.01086	0.01503	0.08811	0.01024	0.09167	0.01305	0.01619	0.00944	0.01129	0.00819	0.00870	0.07313	0.00207	0.04361	0.00374	0.01834	0.00717
56	0.00929	0.02384	0.01206	0.26555	0.01929	0.00944	0.00971	0.01140	0.00982	0.01336	0.01434	0.09354	0.01401	0.10141	0.28571	0.02541	0.06681	0.00668	0.00303	0.00529
57	0.00907	0.00648	0.00907	0.01036	0.01166	0.00648	0.00907	0.01166	0.01296	0.01684	0.02980	0.06348	0.03239	0.01555	0.00777	0.00259	0.00518	0.72924	0.00518	0.00518
58	0.00679	0.00566	0.00592	0.00595	0.00771	0.00479	0.00443	0.00830	0.01300	0.01584	0.12153	0.09596	0.65642	0.01419	0.00668	0.00191	0.00286	0.01196	0.00532	0.00479
59	0.01738	0.27766	0.07761	0.01196	0.01611	0.23826	0.01064	0.15943	0.01619	0.03921	0.07513	0.01356	0.01182	0.00615	0.00487	0.00148	0.00710	0.00436	0.00362	0.00745

[dist]
# distance from previous block
# <min> <max>
5	33

[block]
# block no. 4 follows, 42 sequences, length 10
# corresponding to MSA columns:
# 406-415
name=unknown_E
#
# <colnr> <probs for GDERKNQSTAVLIFYWHMCP>
#	G	D	E	R	K	N	Q	S	T	A	V	L	I	F	Y	W	H	M	C	P
0	0.03979	0.01303	0.01538	0.20506	0.02140	0.01472	0.01104	0.44041	0.05325	0.02718	0.01510	0.01718	0.04422	0.04900	0.00684	0.00196	0.00620	0.00553	0.00466	0.00807
1	0.04767	0.06908	0.08353	0.15986	0.01912	0.03336	0.01054	0.05101	0.07703	0.26184	0.03843	0.01756	0.01260	0.02847	0.00593	0.00181	0.00569	0.00526	0.06344	0.00777
2	0.01036	0.00966	0.01659	0.56783	0.03206	0.01128	0.08123	0.01399	0.01234	0.01629	0.15500	0.02021	0.01636	0.00667	0.00591	0.00186	0.00675	0.00615	0.00324	0.00619
3	0.17245	0.09389	0.06051	0.01919	0.10522	0.01457	0.35818	0.01710	0.01192	0.01861	0.01007	0.01312	0.00798	0.00605	0.02437	0.00197	0.04941	0.00518	0.00288	0.00731
4	0.12522	0.06390	0.06909	0.16516	0.16403	0.08119	0.03156	0.05409	0.09094	0.01948	0.07190	0.01572	0.01233	0.00612	0.00525	0.00172	0.00640	0.00504	0.00351	0.00737
5	0.01391	0.01626	0.16551	0.15231	0.32937	0.01383	0.06272	0.12267	0.03301	0.02018	0.01118	0.01391	0.00861	0.00548	0.00562	0.00175	0.00719	0.00499	0.00315	0.00837
6	0.01153	0.01064	0.05915	0.01007	0.01263	0.04950	0.04262	0.15352	0.03035	0.03511	0.06342	0.29040	0.18414	0.01208	0.00643	0.00195	0.00475	0.01047	0.00498	0.00628
7	0.01619	0.65600	0.02689	0.01056	0.01501	0.16776	0.00987	0.01793	0.01230	0.01334	0.00799	0.00924	0.00723	0.00500	0.00389	0.00125	0.00681	0.00313	0.00250	0.00709
8	0.02172	0.00868	0.01181	0.00959	0.01317	0.00756	0.00769	0.02366	0.01508	0.62566	0.02390	0.16888	0.01840	0.00901	0.00595	0.00185	0.00450	0.00765	0.00663	0.00862
9	0.00806	0.00595	0.00864	0.00864	0.00951	0.00682	0.00653	0.00979	0.00892	0.01276	0.01544	0.02415	0.01496	0.14781	0.67553	0.00855	0.01374	0.00633	0.00307	0.00480

[dist]
# distance from previous block
# <min> <max>
0	1

[block]
# block no. 5 follows, 42 sequences, length 17
# corresponding to MSA columns:
# 417-433
name=unknown_F
#
# <colnr> <probs for GDERKNQSTAVLIFYWHMCP>
#	G	D	E	R	K	N	Q	S	T	A	V	L	I	F	Y	W	H	M	C	P
0	0.02245	0.01125	0.01755	0.01309	0.01774	0.01026	0.16142	0.08460	0.01637	0.55472	0.01925	0.01787	0.01246	0.00649	0.00586	0.00177	0.00588	0.00581	0.00600	0.00917
1	0.02445	0.01086	0.01385	0.01062	0.01501	0.01017	0.00877	0.17676	0.01825	0.61866	0.02040	0.01799	0.01303	0.00692	0.00565	0.00173	0.00508	0.00554	0.00669	0.00958
2	0.01236	0.01086	0.01029	0.01013	0.01197	0.16667	0.00799	0.01530	0.05750	0.06713	0.21429	0.12242	0.03097	0.01169	0.00660	0.00201	0.00528	0.22548	0.00512	0.00593
3	0.00994	0.00651	0.00898	0.00998	0.04678	0.00625	0.00761	0.01129	0.01202	0.05908	0.04680	0.04673	0.15569	0.01504	0.01026	0.17504	0.00470	0.35769	0.00463	0.00498
4	0.00720	0.00548	0.00663	0.00685	0.00807	0.00491	0.00495	0.00895	0.01337	0.01770	0.31319	0.27225	0.28156	0.01424	0.00681	0.00197	0.00290	0.01248	0.00559	0.00491
5	0.00761	0.00497	0.00626	0.00730	0.00783	0.00471	0.00496	0.00893	0.01099	0.01574	0.02840	0.63749	0.03250	0.01534	0.00651	0.00208	0.00313	0.01377	0.17678	0.00471
6	0.01439	0.03935	0.44603	0.01531	0.04865	0.17185	0.01629	0.06391	0.01366	0.03498	0.01068	0.01235	0.00796	0.00573	0.00555	0.00168	0.02854	0.00423	0.05105	0.00782
7	0.01047	0.00947	0.01456	0.57838	0.03098	0.01120	0.01297	0.05862	0.01252	0.01586	0.01996	0.02302	0.16450	0.00748	0.00584	0.00187	0.00646	0.00643	0.00326	0.00615
8	0.01073	0.01034	0.01047	0.01017	0.01157	0.16707	0.00783	0.01262	0.01047	0.01321	0.01375	0.01963	0.01266	0.03467	0.61942	0.00747	0.01405	0.00553	0.00299	0.00534
9	0.00817	0.00549	0.00633	0.00633	0.00640	0.00556	0.00365	0.00831	0.00824	0.01106	0.01755	0.03584	0.02003	0.75119	0.07909	0.00570	0.00610	0.00804	0.00338	0.00352
10	0.06903	0.01406	0.06026	0.01698	0.18839	0.01387	0.01176	0.33217	0.04652	0.10626	0.01491	0.07427	0.01193	0.00707	0.00559	0.00175	0.00588	0.00583	0.00477	0.00872
11	0.01487	0.03417	0.07832	0.03277	0.19882	0.01297	0.01240	0.21262	0.09909	0.04624	0.01724	0.05544	0.01530	0.00826	0.00600	0.00190	0.00597	0.13501	0.00448	0.00812
12	0.06497	0.01253	0.01531	0.01307	0.06194	0.01329	0.05790	0.39629	0.02040	0.06640	0.16894	0.02043	0.01889	0.03608	0.00661	0.00186	0.00550	0.00625	0.00525	0.00809
13	0.66899	0.00964	0.00791	0.00749	0.01032	0.01096	0.00591	0.01474	0.00983	0.02299	0.01264	0.17266	0.01254	0.00779	0.00425	0.00185	0.00413	0.00573	0.00384	0.00578
14	0.01204	0.01372	0.16153	0.04808	0.03861	0.01070	0.17977	0.05778	0.03066	0.06461	0.01789	0.23937	0.01725	0.00919	0.00667	0.00196	0.03630	0.00845	0.03846	0.00696
15	0.43977	0.04324	0.11583	0.23519	0.03694	0.01303	0.01122	0.01612	0.01051	0.02050	0.00883	0.01131	0.00674	0.00534	0.00441	0.00176	0.00592	0.00380	0.00299	0.00654
16	0.01609	0.00984	0.01137	0.00978	0.01302	0.01010	0.00773	0.02436	0.34933	0.26530	0.07333	0.02709	0.14041	0.00873	0.00591	0.00184	0.00419	0.00727	0.00608	0.00823

[dist]
# distance from previous block
# <min> <max>
0	1

[block]
# block no. 6 follows, 42 sequences, length 19
# corresponding to MSA columns:
# 435-453
name=unknown_G
#
# <colnr> <probs for GDERKNQSTAVLIFYWHMCP>
#	G	D	E	R	K	N	Q	S	T	A	V	L	I	F	Y	W	H	M	C	P
0	0.01145	0.02188	0.45456	0.01860	0.11742	0.01236	0.15108	0.01667	0.01236	0.01763	0.01579	0.01761	0.09480	0.00622	0.00576	0.00180	0.00770	0.00561	0.00284	0.00785
1	0.00709	0.00535	0.00637	0.00706	0.00797	0.00487	0.00494	0.00822	0.01135	0.01443	0.03859	0.39784	0.29194	0.10658	0.00950	0.00254	0.00350	0.06231	0.00501	0.00454
2	0.00763	0.00571	0.00707	0.00679	0.00822	0.00516	0.00507	0.00994	0.01504	0.02060	0.57683	0.07195	0.21458	0.01235	0.00666	0.00182	0.00272	0.01077	0.00594	0.00516
3	0.00724	0.00516	0.00684	0.00768	0.00830	0.00481	0.00533	0.00859	0.01199	0.01624	0.19948	0.56829	0.05628	0.01613	0.00739	0.02073	0.00321	0.03622	0.00538	0.00472
4	0.01275	0.01194	0.01216	0.00904	0.01380	0.09635	0.00715	0.01513	0.01216	0.01781	0.00985	0.01149	0.00821	0.00436	0.00427	0.00090	0.00486	0.00337	0.00328	0.74111
5	0.01358	0.01301	0.02221	0.11487	0.68954	0.01328	0.01710	0.01696	0.01265	0.01796	0.01052	0.01404	0.00876	0.00508	0.00558	0.00169	0.00677	0.00501	0.00276	0.00863
6	0.06473	0.06182	0.02341	0.04896	0.02243	0.08891	0.30973	0.21673	0.01690	0.07371	0.01197	0.01380	0.00880	0.00561	0.00575	0.00174	0.00776	0.00537	0.00388	0.00800
7	0.00828	0.00657	0.00966	0.00948	0.01097	0.00600	0.06604	0.01008	0.01175	0.01594	0.06865	0.47917	0.04874	0.01446	0.00688	0.00212	0.00412	0.12593	0.00489	0.09029
8	0.03826	0.20244	0.32551	0.01308	0.01884	0.06652	0.03829	0.01917	0.01283	0.14678	0.03854	0.01349	0.01001	0.00585	0.00537	0.00164	0.02769	0.00440	0.00340	0.00791
9	0.00850	0.00801	0.09518	0.00885	0.01040	0.00581	0.00720	0.01030	0.01156	0.05887	0.07813	0.61156	0.03350	0.01519	0.00685	0.00216	0.00389	0.01364	0.00506	0.00534
10	0.01417	0.01639	0.03047	0.02285	0.05471	0.10234	0.61831	0.01841	0.01346	0.01745	0.01095	0.01449	0.00838	0.00499	0.00670	0.00185	0.02756	0.00619	0.00284	0.00748
11	0.03977	0.16225	0.39379	0.01560	0.02216	0.04290	0.15013	0.04251	0.01281	0.05233	0.01048	0.01222	0.00777	0.00528	0.00523	0.00168	0.00783	0.00445	0.00284	0.00795
12	0.01549	0.01494	0.02124	0.05761	0.51898	0.12627	0.05746	0.01855	0.01347	0.06885	0.01152	0.01486	0.00942	0.00549	0.00561	0.00168	0.00723	0.01986	0.00313	0.00835
13	0.00683	0.00501	0.00642	0.00755	0.00809	0.00460	0.00510	0.00787	0.01105	0.01448	0.03452	0.69815	0.13535	0.01718	0.00711	0.00223	0.00321	0.01544	0.00522	0.00460
14	0.01069	0.00945	0.01516	0.24643	0.22214	0.00996	0.05081	0.01365	0.01211	0.01667	0.02085	0.07770	0.13431	0.00801	0.00578	0.00180	0.00567	0.02446	0.10781	0.00653
15	0.01435	0.01454	0.12295	0.14966	0.20542	0.04597	0.11881	0.03356	0.01336	0.12387	0.03426	0.06126	0.01223	0.00654	0.00585	0.00181	0.00699	0.01717	0.00362	0.00779
16	0.52450	0.01075	0.01166	0.02513	0.07067	0.01199	0.06166	0.03319	0.01041	0.03329	0.01009	0.01434	0.00880	0.11812	0.00805	0.00230	0.03108	0.00438	0.00343	0.00618
17	0.01510	0.01077	0.01238	0.03001	0.01402	0.01024	0.00770	0.22044	0.03302	0.09169	0.03680	0.01740	0.01240	0.09742	0.00767	0.00179	0.00492	0.00500	0.03972	0.33152
18	0.01377	0.12412	0.01631	0.15314	0.01898	0.05648	0.03050	0.12348	0.02387	0.01918	0.01151	0.04266	0.00963	0.00568	0.00482	0.00136	0.00574	0.00457	0.03975	0.29443

[dist]
# distance from previous block
# <min> <max>
2	124

# created by:
# /st0/software/busco_prod/Augustus/scripts/msa2prfl.pl ./align_prep/166707.fa
