[name]
unknown

[dist]
# distance from previous block
# <min> <max>
53	124

[block]
# block no. 0 follows, 40 sequences, length 48
# corresponding to MSA columns:
# 194-215,219-223,225-227,234-249,252,253
name=unknown_A
#
# <colnr> <probs for GDERKNQSTAVLIFYWHMCP>
#	G	D	E	R	K	N	Q	S	T	A	V	L	I	F	Y	W	H	M	C	P
0	0.07065	0.06756	0.23406	0.05994	0.11234	0.03078	0.01382	0.08742	0.06714	0.05212	0.01399	0.01527	0.04043	0.00609	0.00530	0.00167	0.00655	0.00484	0.00362	0.10640
1	0.11737	0.14218	0.09687	0.01290	0.02857	0.28627	0.01112	0.07462	0.05123	0.07519	0.01114	0.01202	0.00861	0.00588	0.00493	0.00157	0.00755	0.00405	0.00362	0.04429
2	0.14041	0.07991	0.09678	0.01295	0.05072	0.04682	0.04799	0.17211	0.04769	0.07092	0.03199	0.01439	0.01056	0.02269	0.00562	0.00169	0.00611	0.00470	0.00414	0.13181
3	0.09011	0.12009	0.15300	0.01216	0.01688	0.07963	0.03444	0.05239	0.05406	0.16251	0.02597	0.01516	0.02468	0.00644	0.00588	0.00168	0.04818	0.00479	0.02158	0.07038
4	0.07799	0.12146	0.12434	0.05674	0.20288	0.05432	0.01344	0.07560	0.04152	0.12426	0.01299	0.01507	0.01000	0.00606	0.00532	0.00171	0.00662	0.02174	0.00383	0.02413
5	0.05091	0.08999	0.07599	0.01265	0.06360	0.14262	0.01010	0.09861	0.10166	0.05460	0.08576	0.02298	0.13190	0.00803	0.00563	0.00171	0.00602	0.00633	0.00446	0.02645
6	0.00968	0.04896	0.00915	0.00752	0.00840	0.00709	0.02785	0.01024	0.00933	0.03597	0.01760	0.05342	0.01942	0.61497	0.05710	0.00503	0.00609	0.00793	0.00359	0.04065
7	0.01231	0.01137	0.05293	0.01026	0.04710	0.00825	0.00815	0.01510	0.01220	0.03608	0.01135	0.03703	0.00965	0.00492	0.00457	0.00102	0.00464	0.00404	0.00352	0.70551
8	0.01483	0.01179	0.01341	0.02806	0.05628	0.01299	0.00931	0.09029	0.46688	0.06604	0.07873	0.02293	0.03350	0.03305	0.00669	0.00200	0.00482	0.00668	0.00561	0.03610
9	0.01315	0.01135	0.01317	0.01382	0.10382	0.01262	0.00947	0.02505	0.51629	0.02179	0.02502	0.05014	0.07426	0.05102	0.00736	0.00217	0.00480	0.03105	0.00535	0.00830
10	0.00867	0.00751	0.00985	0.04544	0.13466	0.00691	0.00745	0.01077	0.01348	0.01734	0.14345	0.08307	0.43954	0.01220	0.00659	0.00189	0.00385	0.01048	0.00493	0.03192
11	0.01202	0.01034	0.01225	0.03548	0.01469	0.00793	0.00721	0.01465	0.01204	0.01881	0.01034	0.01218	0.00858	0.00436	0.00436	0.00090	0.00443	0.00351	0.00342	0.80252
12	0.03218	0.01115	0.01862	0.59303	0.20277	0.01313	0.01629	0.01559	0.01195	0.01608	0.01042	0.01510	0.00805	0.00566	0.00575	0.00189	0.00748	0.00512	0.00268	0.00708
13	0.01412	0.01343	0.02284	0.03435	0.71919	0.01343	0.01739	0.01754	0.01325	0.01891	0.01201	0.01714	0.01052	0.00577	0.00588	0.00178	0.00682	0.04362	0.00301	0.00900
14	0.01270	0.01062	0.01230	0.00894	0.01390	0.00848	0.00716	0.07272	0.01348	0.02056	0.04350	0.01359	0.01075	0.00486	0.00454	0.00097	0.00441	0.00390	0.00377	0.72884
15	0.01139	0.01076	0.01819	0.69141	0.12707	0.01303	0.01636	0.01522	0.01182	0.01536	0.01041	0.01537	0.00793	0.00574	0.00581	0.00191	0.00765	0.00517	0.00262	0.00679
16	0.01098	0.01034	0.01744	0.78165	0.04005	0.01292	0.01615	0.01486	0.01163	0.01486	0.01034	0.01550	0.00775	0.00581	0.00581	0.00194	0.00775	0.00517	0.00258	0.00646
17	0.83671	0.01125	0.00855	0.00765	0.01125	0.01305	0.00630	0.01709	0.00990	0.02609	0.00810	0.00945	0.00630	0.00540	0.00360	0.00180	0.00450	0.00315	0.00360	0.00630
18	0.01098	0.01034	0.01744	0.78165	0.04005	0.01292	0.01615	0.01486	0.01163	0.01486	0.01034	0.01550	0.00775	0.00581	0.00581	0.00194	0.00775	0.00517	0.00258	0.00646
19	0.01131	0.01067	0.01803	0.71022	0.10894	0.01301	0.01631	0.01514	0.01178	0.01525	0.01039	0.01540	0.00789	0.00575	0.00581	0.00192	0.00767	0.00517	0.00261	0.00672
20	0.07687	0.01579	0.01685	0.03363	0.01817	0.01756	0.01087	0.67163	0.02574	0.03535	0.01347	0.01370	0.00959	0.00684	0.00567	0.00175	0.00631	0.00509	0.00558	0.00955
21	0.01166	0.03008	0.76550	0.01657	0.02517	0.01351	0.02149	0.01842	0.01228	0.01842	0.01044	0.01228	0.00737	0.00552	0.00552	0.00184	0.00859	0.00430	0.00246	0.00859
22	0.02523	0.00991	0.01337	0.01031	0.01468	0.00869	0.00849	0.04808	0.01694	0.71144	0.05343	0.02062	0.01596	0.00739	0.00589	0.00180	0.00490	0.00603	0.00712	0.00971
23	0.01806	0.09849	0.03963	0.00975	0.01331	0.00937	0.00842	0.02059	0.01559	0.38503	0.21610	0.02900	0.02593	0.00898	0.00607	0.00183	0.00467	0.07508	0.00611	0.00797
24	0.02482	0.01115	0.05434	0.01174	0.04662	0.00903	0.00963	0.02737	0.01627	0.69213	0.02177	0.01916	0.01380	0.00702	0.00583	0.00180	0.00523	0.00574	0.00676	0.00980
25	0.00820	0.00592	0.00775	0.00734	0.00868	0.00547	0.00548	0.01090	0.01632	0.02310	0.73770	0.06264	0.05445	0.01205	0.00687	0.00184	0.00276	0.01067	0.00638	0.00547
26	0.01166	0.03008	0.76550	0.01657	0.02517	0.01351	0.02149	0.01842	0.01228	0.01842	0.01044	0.01228	0.00737	0.00552	0.00552	0.00184	0.00859	0.00430	0.00246	0.00859
27	0.01545	0.77308	0.03005	0.01013	0.01494	0.02284	0.01004	0.01730	0.01172	0.01369	0.00807	0.00944	0.00747	0.00515	0.00424	0.00129	0.03202	0.00318	0.00249	0.00743
28	0.00836	0.00573	0.00685	0.00694	0.00719	0.00584	0.00431	0.00880	0.00896	0.01203	0.01997	0.07033	0.04141	0.61359	0.13243	0.00584	0.00686	0.02702	0.00365	0.00390
29	0.00810	0.00597	0.00760	0.00727	0.00872	0.00546	0.00551	0.01068	0.01591	0.02208	0.63486	0.04601	0.14534	0.01243	0.00691	0.00188	0.00288	0.04075	0.00623	0.00541
30	0.01098	0.01034	0.01744	0.78165	0.04005	0.01292	0.01615	0.01486	0.01163	0.01486	0.01034	0.01550	0.00775	0.00581	0.00581	0.00194	0.00775	0.00517	0.00258	0.00646
31	0.22747	0.33641	0.05200	0.01093	0.01532	0.14855	0.00986	0.10654	0.01404	0.01996	0.00906	0.01025	0.00746	0.00553	0.00429	0.00152	0.00664	0.00354	0.00326	0.00738
32	0.01799	0.01416	0.01703	0.21534	0.04117	0.01612	0.01231	0.43840	0.11851	0.02887	0.01422	0.01540	0.01035	0.00675	0.00583	0.00183	0.00653	0.00539	0.00491	0.00888
33	0.00709	0.00506	0.00675	0.00810	0.00843	0.00472	0.00540	0.00810	0.01113	0.01484	0.03205	0.79184	0.03846	0.01822	0.00742	0.00236	0.00337	0.01653	0.00540	0.00472
34	0.03981	0.05914	0.63007	0.01658	0.02447	0.03819	0.07583	0.01850	0.01243	0.01836	0.01032	0.01227	0.00745	0.00547	0.00548	0.00181	0.00852	0.00439	0.00255	0.00835
35	0.01293	0.01409	0.05781	0.34665	0.20208	0.04554	0.18176	0.01691	0.01264	0.01680	0.01068	0.01485	0.00830	0.00557	0.00637	0.00189	0.02943	0.00546	0.00274	0.00752
36	0.01342	0.01140	0.01225	0.01108	0.01405	0.01296	0.00858	0.02757	0.62646	0.02416	0.14610	0.02533	0.02395	0.00856	0.00607	0.00195	0.00429	0.00723	0.00600	0.00858
37	0.00846	0.00564	0.00634	0.00634	0.00634	0.00564	0.00352	0.00846	0.00846	0.01128	0.01832	0.03805	0.02114	0.79563	0.02960	0.00564	0.00564	0.00846	0.00352	0.00352
38	0.02310	0.03465	0.11578	0.01158	0.01663	0.01089	0.01065	0.11286	0.03470	0.53728	0.01979	0.01784	0.01280	0.00690	0.00575	0.00179	0.00564	0.00551	0.00623	0.00964
39	0.02101	0.01441	0.01585	0.01255	0.01687	0.01571	0.01023	0.46584	0.18914	0.14971	0.01759	0.01664	0.01239	0.00722	0.00584	0.00181	0.00576	0.00564	0.00606	0.00974
40	0.00687	0.00589	0.00589	0.00589	0.00785	0.00491	0.00442	0.00835	0.01325	0.01571	0.05891	0.05596	0.75700	0.01473	0.00687	0.00196	0.00295	0.01227	0.00540	0.00491
41	0.01185	0.01152	0.02035	0.55563	0.14012	0.01313	0.10958	0.01576	0.01214	0.01605	0.01061	0.01527	0.00812	0.00556	0.00590	0.00188	0.00780	0.00534	0.00270	0.03068
42	0.01264	0.02528	0.50765	0.01909	0.04936	0.03926	0.20152	0.01847	0.01270	0.01820	0.01065	0.01316	0.00781	0.00553	0.00631	0.00188	0.03463	0.00498	0.00261	0.00829
43	0.01332	0.01477	0.03107	0.13503	0.05227	0.01451	0.59135	0.01792	0.01327	0.01795	0.01141	0.01554	0.00864	0.00519	0.00703	0.00197	0.03172	0.00652	0.00288	0.00764
44	0.02110	0.10973	0.01811	0.01425	0.01765	0.60119	0.01108	0.10822	0.01727	0.01685	0.00949	0.01078	0.00777	0.00600	0.00515	0.00150	0.00954	0.00385	0.00328	0.00720
45	0.01740	0.01242	0.03304	0.01035	0.01519	0.03114	0.00857	0.17391	0.01638	0.18113	0.01392	0.01457	0.01030	0.02065	0.00550	0.00139	0.00520	0.00447	0.00472	0.41976
46	0.10152	0.17224	0.49347	0.01426	0.02125	0.06889	0.01697	0.01843	0.01223	0.01805	0.00964	0.01129	0.00728	0.00544	0.00496	0.00170	0.00784	0.00391	0.00262	0.00800
47	0.01028	0.00693	0.00891	0.04935	0.01124	0.00660	0.00648	0.03162	0.03178	0.08828	0.48688	0.06055	0.14318	0.01156	0.00670	0.00188	0.00344	0.02226	0.00606	0.00603

[dist]
# distance from previous block
# <min> <max>
14	44

[block]
# block no. 1 follows, 40 sequences, length 41
# corresponding to MSA columns:
# 300-335,339-343
name=unknown_B
#
# <colnr> <probs for GDERKNQSTAVLIFYWHMCP>
#	G	D	E	R	K	N	Q	S	T	A	V	L	I	F	Y	W	H	M	C	P
0	0.08754	0.04946	0.32950	0.06551	0.13822	0.04619	0.03396	0.03797	0.01312	0.01941	0.05805	0.01728	0.01209	0.00644	0.00556	0.00181	0.00724	0.04286	0.00319	0.02459
1	0.21651	0.01596	0.19905	0.12458	0.16307	0.01276	0.01382	0.01810	0.07289	0.03882	0.01453	0.01627	0.05770	0.00631	0.00526	0.00184	0.00635	0.00506	0.00344	0.00769
2	0.11989	0.07313	0.38974	0.02017	0.22554	0.01430	0.01742	0.04145	0.01269	0.01985	0.01023	0.01236	0.00783	0.00542	0.00523	0.00176	0.00737	0.00435	0.00283	0.00844
3	0.03149	0.06691	0.16786	0.02501	0.34999	0.05927	0.12899	0.01777	0.01311	0.01814	0.01291	0.03351	0.03723	0.00591	0.00576	0.00177	0.00757	0.00555	0.00296	0.00829
4	0.03272	0.01793	0.22923	0.04322	0.42324	0.01335	0.04272	0.03672	0.01348	0.04854	0.03617	0.01493	0.01033	0.00564	0.00572	0.00178	0.00721	0.00515	0.00313	0.00878
5	0.07374	0.00869	0.03936	0.01034	0.01251	0.00822	0.00903	0.01426	0.05715	0.03697	0.12282	0.04770	0.02955	0.01271	0.00741	0.00229	0.03097	0.41781	0.00512	0.05334
6	0.00801	0.00588	0.00750	0.00720	0.00858	0.00538	0.00536	0.01051	0.01578	0.02195	0.63425	0.09060	0.13214	0.01259	0.00689	0.00188	0.00280	0.01108	0.00623	0.00538
7	0.00793	0.00590	0.00737	0.00706	0.00852	0.00535	0.00527	0.01036	0.01565	0.02154	0.59525	0.07087	0.19213	0.01266	0.00688	0.00187	0.00280	0.01106	0.00617	0.00535
8	0.01192	0.08051	0.71730	0.01614	0.02450	0.01413	0.02073	0.01835	0.01225	0.01811	0.01028	0.01208	0.00737	0.00549	0.00541	0.00180	0.00844	0.00422	0.00246	0.00852
9	0.01208	0.02950	0.74372	0.01639	0.02487	0.01336	0.02111	0.01870	0.01240	0.03999	0.01080	0.01250	0.00757	0.00557	0.00553	0.00184	0.00849	0.00434	0.00259	0.00863
10	0.01261	0.21718	0.58667	0.01496	0.02268	0.01582	0.01868	0.01817	0.01217	0.01726	0.00986	0.01156	0.00739	0.00539	0.00509	0.00170	0.00802	0.00401	0.00246	0.00832
11	0.01696	0.59241	0.02679	0.01090	0.01563	0.07122	0.01018	0.13375	0.04353	0.01780	0.00969	0.01063	0.00826	0.00548	0.00425	0.00137	0.00647	0.00363	0.00319	0.00787
12	0.01302	0.04274	0.05933	0.03050	0.04801	0.00961	0.00885	0.05065	0.01294	0.03465	0.01071	0.01241	0.00868	0.00467	0.00456	0.00106	0.00496	0.00374	0.00349	0.63541
13	0.01879	0.26855	0.07832	0.01291	0.01740	0.23883	0.01147	0.22976	0.01768	0.02090	0.01042	0.01156	0.00834	0.00681	0.02297	0.00170	0.00792	0.00408	0.00362	0.00799
14	0.01010	0.00505	0.00758	0.00758	0.00758	0.00505	0.00505	0.00758	0.00758	0.01010	0.01010	0.01768	0.01010	0.02020	0.02273	0.83081	0.00505	0.00505	0.00253	0.00253
15	0.01206	0.01034	0.01206	0.00861	0.01378	0.00775	0.00689	0.01464	0.01206	0.01895	0.01034	0.01206	0.00861	0.00431	0.00431	0.00086	0.00431	0.00345	0.00345	0.83118
16	0.00766	0.00562	0.00765	0.00892	0.03664	0.00527	0.00589	0.00923	0.01263	0.01726	0.22453	0.56299	0.04174	0.01604	0.00721	0.00220	0.00334	0.01450	0.00557	0.00510
17	0.01555	0.79913	0.03047	0.00995	0.01493	0.02301	0.00995	0.01741	0.01182	0.01368	0.00808	0.00933	0.00746	0.00498	0.00373	0.00124	0.00622	0.00311	0.00249	0.00746
18	0.02375	0.01042	0.01343	0.01065	0.01490	0.00974	0.00868	0.02886	0.16419	0.61446	0.02309	0.02018	0.01507	0.00734	0.00586	0.00183	0.00488	0.00599	0.00694	0.00976
19	0.01512	0.71543	0.11047	0.01067	0.01604	0.02198	0.01121	0.01752	0.01187	0.01420	0.00834	0.00965	0.00745	0.00503	0.00393	0.00131	0.00648	0.00324	0.00248	0.00759
20	0.00802	0.00594	0.00749	0.00710	0.00856	0.00540	0.00532	0.01057	0.01597	0.02216	0.64983	0.04535	0.16205	0.01232	0.00686	0.00185	0.00277	0.01078	0.00625	0.00540
21	0.83671	0.01125	0.00855	0.00765	0.01125	0.01305	0.00630	0.01709	0.00990	0.02609	0.00810	0.00945	0.00630	0.00540	0.00360	0.00180	0.00450	0.00315	0.00360	0.00630
22	0.01010	0.00505	0.00758	0.00758	0.00758	0.00505	0.00505	0.00758	0.00758	0.01010	0.01010	0.01768	0.01010	0.02020	0.02273	0.83081	0.00505	0.00505	0.00253	0.00253
23	0.83671	0.01125	0.00855	0.00765	0.01125	0.01305	0.00630	0.01709	0.00990	0.02609	0.00810	0.00945	0.00630	0.00540	0.00360	0.00180	0.00450	0.00315	0.00360	0.00630
24	0.00761	0.00633	0.00670	0.00653	0.00848	0.00564	0.00492	0.01029	0.06205	0.01761	0.17878	0.05152	0.58551	0.01378	0.00681	0.00194	0.00302	0.01159	0.00561	0.00529
25	0.01250	0.01137	0.01826	0.60938	0.13317	0.01353	0.01589	0.08465	0.01335	0.01749	0.01076	0.01521	0.00815	0.00584	0.00581	0.00189	0.00751	0.00518	0.00293	0.00715
26	0.02595	0.01012	0.01363	0.01045	0.01496	0.00888	0.00863	0.05314	0.01702	0.73806	0.02263	0.01959	0.01424	0.00719	0.00585	0.00180	0.00500	0.00583	0.00715	0.00990
27	0.02211	0.01629	0.01745	0.01338	0.01803	0.01803	0.01105	0.73997	0.02734	0.03665	0.01396	0.01396	0.00989	0.00698	0.00582	0.00175	0.00640	0.00524	0.00582	0.00989
28	0.01252	0.19926	0.60381	0.01512	0.02292	0.01560	0.01895	0.01820	0.01218	0.01737	0.00992	0.01163	0.00739	0.00540	0.00513	0.00171	0.00807	0.00404	0.00246	0.00835
29	0.00831	0.00623	0.00935	0.00935	0.01038	0.00727	0.00727	0.01038	0.00935	0.01350	0.01558	0.02285	0.01454	0.04361	0.77259	0.00935	0.01558	0.00623	0.00312	0.00519
30	0.00846	0.00564	0.00634	0.00634	0.00634	0.00564	0.00352	0.00846	0.00846	0.01128	0.01832	0.03805	0.02114	0.79563	0.02960	0.00564	0.00564	0.00846	0.00352	0.00352
31	0.01373	0.32281	0.44154	0.01396	0.02085	0.06174	0.01649	0.01832	0.01235	0.01637	0.00946	0.01105	0.00741	0.00534	0.00483	0.00159	0.00780	0.00381	0.00250	0.00805
32	0.01455	0.01520	0.04653	0.02954	0.48718	0.05099	0.15188	0.01963	0.08975	0.01923	0.01230	0.01514	0.00988	0.00546	0.00595	0.00179	0.00744	0.00554	0.00320	0.00882
33	0.01206	0.01175	0.01654	0.01438	0.01454	0.01623	0.01191	0.01345	0.00897	0.01392	0.00882	0.01424	0.00867	0.01518	0.13185	0.00356	0.66984	0.00526	0.00263	0.00619
34	0.04753	0.01168	0.01394	0.01025	0.01523	0.01026	0.03634	0.15467	0.01533	0.08234	0.01201	0.01308	0.00924	0.00512	0.00479	0.00119	0.00498	0.00410	0.00419	0.54375
35	0.00687	0.00589	0.00589	0.00589	0.00785	0.00491	0.00442	0.00835	0.01325	0.01571	0.05891	0.05596	0.75700	0.01473	0.00687	0.00196	0.00295	0.01227	0.00540	0.00491
36	0.01368	0.01309	0.02231	0.19236	0.60828	0.01363	0.01749	0.01722	0.01290	0.01813	0.01081	0.01463	0.00890	0.00531	0.00577	0.00177	0.00709	0.00518	0.00282	0.00863
37	0.02172	0.02772	0.01648	0.01498	0.01798	0.77228	0.01124	0.02322	0.01648	0.01423	0.00899	0.01049	0.00749	0.00599	0.00524	0.00150	0.01049	0.00375	0.00300	0.00674
38	0.00814	0.00594	0.00765	0.00722	0.00863	0.00545	0.00542	0.01080	0.01625	0.02282	0.71056	0.04426	0.10091	0.01207	0.00686	0.00184	0.00276	0.01063	0.00634	0.00545
39	0.00905	0.00688	0.00845	0.00795	0.00962	0.00674	0.00604	0.01364	0.11922	0.02285	0.59304	0.04169	0.09174	0.01160	0.00676	0.00188	0.00308	0.02753	0.00625	0.00597
40	0.58046	0.04148	0.02832	0.00799	0.01134	0.01170	0.00673	0.01628	0.01166	0.05246	0.16501	0.01700	0.01682	0.00681	0.00442	0.00178	0.00432	0.00482	0.00425	0.00637

[dist]
# distance from previous block
# <min> <max>
0	1

[block]
# block no. 2 follows, 40 sequences, length 15
# corresponding to MSA columns:
# 363-377
name=unknown_C
#
# <colnr> <probs for GDERKNQSTAVLIFYWHMCP>
#	G	D	E	R	K	N	Q	S	T	A	V	L	I	F	Y	W	H	M	C	P
0	0.01621	0.71660	0.02898	0.01049	0.01525	0.10317	0.01009	0.01803	0.01231	0.01374	0.00818	0.00945	0.00747	0.00508	0.00389	0.00127	0.00668	0.00318	0.00254	0.00739
1	0.83671	0.01125	0.00855	0.00765	0.01125	0.01305	0.00630	0.01709	0.00990	0.02609	0.00810	0.00945	0.00630	0.00540	0.00360	0.00180	0.00450	0.00315	0.00360	0.00630
2	0.01071	0.04050	0.03609	0.00860	0.01075	0.00830	0.00688	0.03145	0.13380	0.04905	0.43469	0.06258	0.03839	0.05163	0.00755	0.00202	0.00372	0.00893	0.04796	0.00640
3	0.01181	0.02763	0.66111	0.01777	0.06675	0.01332	0.05749	0.01815	0.01254	0.01862	0.03478	0.01359	0.00909	0.00568	0.00565	0.00184	0.00837	0.00468	0.00263	0.00849
4	0.00689	0.00584	0.00595	0.00604	0.00789	0.00490	0.00448	0.00833	0.01311	0.01565	0.05713	0.10467	0.70944	0.01496	0.00691	0.00199	0.00297	0.01255	0.00540	0.00490
5	0.01602	0.73997	0.02940	0.01034	0.01516	0.08047	0.01005	0.01786	0.01217	0.01372	0.00815	0.00942	0.00746	0.00505	0.00385	0.00126	0.00655	0.00316	0.00253	0.00741
6	0.01010	0.00505	0.00758	0.00758	0.00758	0.00505	0.00505	0.00758	0.00758	0.01010	0.01010	0.01768	0.01010	0.02020	0.02273	0.83081	0.00505	0.00505	0.00253	0.00253
7	0.01166	0.03008	0.76550	0.01657	0.02517	0.01351	0.02149	0.01842	0.01228	0.01842	0.01044	0.01228	0.00737	0.00552	0.00552	0.00184	0.00859	0.00430	0.00246	0.00859
8	0.79409	0.01120	0.00901	0.04760	0.01273	0.01304	0.00681	0.01698	0.00999	0.02551	0.00821	0.00976	0.00637	0.00542	0.00371	0.00181	0.00467	0.00325	0.00355	0.00631
9	0.01166	0.03008	0.76550	0.01657	0.02517	0.01351	0.02149	0.01842	0.01228	0.01842	0.01044	0.01228	0.00737	0.00552	0.00552	0.00184	0.00859	0.00430	0.00246	0.00859
10	0.00789	0.00613	0.00726	0.00733	0.00893	0.00559	0.00563	0.01034	0.03413	0.01879	0.29865	0.10409	0.34483	0.01396	0.00703	0.00204	0.00326	0.10308	0.00576	0.00527
11	0.01443	0.57799	0.24183	0.01186	0.01787	0.02028	0.01327	0.01770	0.01195	0.01504	0.00876	0.01018	0.00744	0.00513	0.00425	0.00142	0.00690	0.00345	0.00248	0.00779
12	0.01463	0.57638	0.15850	0.03207	0.03693	0.02034	0.03105	0.01803	0.03734	0.01517	0.00926	0.01072	0.00789	0.00520	0.00431	0.00142	0.00673	0.00364	0.00262	0.00775
13	0.25715	0.01808	0.01338	0.01158	0.01505	0.31035	0.00909	0.14673	0.01620	0.07954	0.01134	0.01226	0.00859	0.00614	0.00484	0.00164	0.00709	0.00411	0.05952	0.00732
14	0.00970	0.00512	0.00751	0.00761	0.00774	0.00509	0.00512	0.00773	0.00811	0.01078	0.01374	0.07860	0.03973	0.02058	0.04423	0.71150	0.00517	0.00623	0.00287	0.00286

[dist]
# distance from previous block
# <min> <max>
0	1

[block]
# block no. 3 follows, 40 sequences, length 29
# corresponding to MSA columns:
# 379-392,394-408
name=unknown_D
#
# <colnr> <probs for GDERKNQSTAVLIFYWHMCP>
#	G	D	E	R	K	N	Q	S	T	A	V	L	I	F	Y	W	H	M	C	P
0	0.00823	0.00594	0.00777	0.00732	0.00869	0.00549	0.00549	0.01097	0.01646	0.02332	0.75629	0.04344	0.05487	0.01189	0.00686	0.00183	0.00274	0.01052	0.00640	0.00549
1	0.01427	0.01416	0.02557	0.03364	0.62541	0.01398	0.15022	0.01799	0.01333	0.01893	0.01109	0.01463	0.00914	0.00513	0.00596	0.00177	0.00744	0.00549	0.00289	0.00896
2	0.01166	0.03008	0.76550	0.01657	0.02517	0.01351	0.02149	0.01842	0.01228	0.01842	0.01044	0.01228	0.00737	0.00552	0.00552	0.00184	0.00859	0.00430	0.00246	0.00859
3	0.00687	0.00589	0.00589	0.00589	0.00785	0.00491	0.00442	0.00835	0.01325	0.01571	0.05891	0.05596	0.75700	0.01473	0.00687	0.00196	0.00295	0.01227	0.00540	0.00491
4	0.02143	0.02710	0.01634	0.01485	0.01786	0.74152	0.01115	0.02353	0.04621	0.01464	0.00958	0.01094	0.00791	0.00607	0.00527	0.00152	0.01025	0.00386	0.00311	0.00684
5	0.01084	0.00542	0.00542	0.00542	0.00678	0.00542	0.00407	0.01355	0.01220	0.02168	0.01897	0.02168	0.01491	0.00678	0.00407	0.00136	0.00271	0.00542	0.82791	0.00542
6	0.00709	0.00506	0.00675	0.00810	0.00843	0.00472	0.00540	0.00810	0.01113	0.01484	0.03205	0.79184	0.03846	0.01822	0.00742	0.00236	0.00337	0.01653	0.00540	0.00472
7	0.01166	0.03008	0.76550	0.01657	0.02517	0.01351	0.02149	0.01842	0.01228	0.01842	0.01044	0.01228	0.00737	0.00552	0.00552	0.00184	0.00859	0.00430	0.00246	0.00859
8	0.01010	0.00505	0.00758	0.00758	0.00758	0.00505	0.00505	0.00758	0.00758	0.01010	0.01010	0.01768	0.01010	0.02020	0.02273	0.83081	0.00505	0.00505	0.00253	0.00253
9	0.01166	0.03008	0.76550	0.01657	0.02517	0.01351	0.02149	0.01842	0.01228	0.01842	0.01044	0.01228	0.00737	0.00552	0.00552	0.00184	0.00859	0.00430	0.00246	0.00859
10	0.02187	0.01588	0.01732	0.03867	0.01866	0.01755	0.01114	0.69248	0.02647	0.05995	0.01414	0.01421	0.00997	0.00695	0.00582	0.00175	0.00640	0.00525	0.00576	0.00978
11	0.00846	0.00564	0.00634	0.00634	0.00634	0.00564	0.00352	0.00846	0.00846	0.01128	0.01832	0.03805	0.02114	0.79563	0.02960	0.00564	0.00564	0.00846	0.00352	0.00352
12	0.02609	0.00990	0.01350	0.01035	0.01484	0.00855	0.00855	0.02834	0.01664	0.76338	0.02294	0.01979	0.01439	0.00720	0.00585	0.00180	0.00495	0.00585	0.00720	0.00990
13	0.00846	0.00564	0.00634	0.00634	0.00634	0.00564	0.00352	0.00846	0.00846	0.01128	0.01832	0.03805	0.02114	0.79563	0.02960	0.00564	0.00564	0.00846	0.00352	0.00352
14	0.01272	0.01272	0.01781	0.01527	0.01527	0.01781	0.01272	0.01399	0.00891	0.01399	0.00763	0.01272	0.00763	0.01018	0.01908	0.00254	0.78499	0.00509	0.00254	0.00636
15	0.01206	0.01034	0.01206	0.00861	0.01378	0.00775	0.00689	0.01464	0.01206	0.01895	0.01034	0.01206	0.00861	0.00431	0.00431	0.00086	0.00431	0.00345	0.00345	0.83118
16	0.02211	0.01629	0.01745	0.01338	0.01803	0.01803	0.01105	0.73997	0.02734	0.03665	0.01396	0.01396	0.00989	0.00698	0.00582	0.00175	0.00640	0.00524	0.00582	0.00989
17	0.01206	0.01034	0.01206	0.00861	0.01378	0.00775	0.00689	0.01464	0.01206	0.01895	0.01034	0.01206	0.00861	0.00431	0.00431	0.00086	0.00431	0.00345	0.00345	0.83118
18	0.00709	0.00506	0.00675	0.00810	0.00843	0.00472	0.00540	0.00810	0.01113	0.01484	0.03205	0.79184	0.03846	0.01822	0.00742	0.00236	0.00337	0.01653	0.00540	0.00472
19	0.00735	0.00589	0.00659	0.00657	0.00825	0.00512	0.00493	0.00920	0.01407	0.01792	0.25858	0.09206	0.49336	0.01413	0.00693	0.00197	0.00298	0.03332	0.00569	0.00508
20	0.00823	0.00594	0.00777	0.00732	0.00869	0.00549	0.00549	0.01097	0.01646	0.02332	0.75629	0.04344	0.05487	0.01189	0.00686	0.00183	0.00274	0.01052	0.00640	0.00549
21	0.00717	0.00510	0.00672	0.00799	0.00831	0.00478	0.00529	0.00812	0.01097	0.01463	0.03123	0.74657	0.03742	0.06490	0.00875	0.00256	0.00351	0.01605	0.00529	0.00465
22	0.00823	0.00594	0.00777	0.00732	0.00869	0.00549	0.00549	0.01097	0.01646	0.02332	0.75629	0.04344	0.05487	0.01189	0.00686	0.00183	0.00274	0.01052	0.00640	0.00549
23	0.00846	0.00564	0.00634	0.00634	0.00634	0.00564	0.00352	0.00846	0.00846	0.01128	0.01832	0.03805	0.02114	0.79563	0.02960	0.00564	0.00564	0.00846	0.00352	0.00352
24	0.01166	0.03008	0.76550	0.01657	0.02517	0.01351	0.02149	0.01842	0.01228	0.01842	0.01044	0.01228	0.00737	0.00552	0.00552	0.00184	0.00859	0.00430	0.00246	0.00859
25	0.01098	0.01034	0.01744	0.78165	0.04005	0.01292	0.01615	0.01486	0.01163	0.01486	0.01034	0.01550	0.00775	0.00581	0.00581	0.00194	0.00775	0.00517	0.00258	0.00646
26	0.00831	0.00623	0.00935	0.00935	0.01038	0.00727	0.00727	0.01038	0.00935	0.01350	0.01558	0.02285	0.01454	0.04361	0.77259	0.00935	0.01558	0.00623	0.00312	0.00519
27	0.02046	0.02532	0.01771	0.01855	0.14580	0.64152	0.01238	0.02229	0.01592	0.01505	0.00932	0.01116	0.00779	0.00585	0.00533	0.00154	0.00987	0.00399	0.00298	0.00717
28	0.01107	0.01027	0.01732	0.73113	0.06274	0.01269	0.01583	0.01471	0.01155	0.01484	0.01035	0.01554	0.00788	0.00627	0.00638	0.02963	0.00763	0.00516	0.00259	0.00642

[dist]
# distance from previous block
# <min> <max>
0	10

[block]
# block no. 4 follows, 40 sequences, length 65
# corresponding to MSA columns:
# 419-463,466-485
name=unknown_E
#
# <colnr> <probs for GDERKNQSTAVLIFYWHMCP>
#	G	D	E	R	K	N	Q	S	T	A	V	L	I	F	Y	W	H	M	C	P
0	0.02609	0.00990	0.01350	0.01035	0.01484	0.00855	0.00855	0.02834	0.01664	0.76338	0.02294	0.01979	0.01439	0.00720	0.00585	0.00180	0.00495	0.00585	0.00720	0.00990
1	0.02139	0.01332	0.01491	0.01196	0.01615	0.03028	0.00970	0.28821	0.21899	0.28194	0.01956	0.01798	0.01351	0.00728	0.00584	0.00182	0.00550	0.00578	0.00626	0.00964
2	0.01485	0.62482	0.06939	0.01139	0.03425	0.03752	0.01086	0.01700	0.01166	0.01411	0.00869	0.01061	0.00790	0.00750	0.04739	0.00183	0.05678	0.00354	0.00255	0.00736
3	0.02172	0.02772	0.01648	0.01498	0.01798	0.77228	0.01124	0.02322	0.01648	0.01423	0.00899	0.01049	0.00749	0.00599	0.00524	0.00150	0.01049	0.00375	0.00300	0.00674
4	0.01010	0.00505	0.00758	0.00758	0.00758	0.00505	0.00505	0.00758	0.00758	0.01010	0.01010	0.01768	0.01010	0.02020	0.02273	0.83081	0.00505	0.00505	0.00253	0.00253
5	0.05947	0.01331	0.02212	0.11304	0.64194	0.01368	0.01703	0.01749	0.01289	0.01895	0.01072	0.01424	0.00890	0.00526	0.00564	0.00175	0.00686	0.00507	0.00289	0.00876
6	0.01399	0.00973	0.01041	0.00953	0.01168	0.06653	0.00706	0.01910	0.19007	0.15983	0.14488	0.15392	0.02648	0.13813	0.01011	0.00254	0.00477	0.00883	0.00554	0.00687
7	0.00709	0.00506	0.00675	0.00810	0.00843	0.00472	0.00540	0.00810	0.01113	0.01484	0.03205	0.79184	0.03846	0.01822	0.00742	0.00236	0.00337	0.01653	0.00540	0.00472
8	0.01462	0.01535	0.04790	0.03243	0.59640	0.05584	0.11542	0.01827	0.01346	0.01867	0.01093	0.01429	0.00901	0.00520	0.00587	0.00175	0.00755	0.00530	0.00288	0.00887
9	0.01166	0.03008	0.76550	0.01657	0.02517	0.01351	0.02149	0.01842	0.01228	0.01842	0.01044	0.01228	0.00737	0.00552	0.00552	0.00184	0.00859	0.00430	0.00246	0.00859
10	0.00709	0.00506	0.00675	0.00810	0.00843	0.00472	0.00540	0.00810	0.01113	0.01484	0.03205	0.79184	0.03846	0.01822	0.00742	0.00236	0.00337	0.01653	0.00540	0.00472
11	0.01140	0.02874	0.72352	0.01598	0.02421	0.01303	0.02054	0.01786	0.01233	0.01827	0.01311	0.01469	0.04879	0.00603	0.00560	0.00185	0.00828	0.00474	0.00262	0.00839
12	0.01439	0.01382	0.02360	0.03569	0.75936	0.01382	0.01785	0.01785	0.01324	0.01900	0.01094	0.01439	0.00921	0.00518	0.00576	0.00173	0.00691	0.00518	0.00288	0.00921
13	0.02609	0.00990	0.01350	0.01035	0.01484	0.00855	0.00855	0.02834	0.01664	0.76338	0.02294	0.01979	0.01439	0.00720	0.00585	0.00180	0.00495	0.00585	0.00720	0.00990
14	0.01645	0.00803	0.01013	0.00864	0.01157	0.00719	0.00676	0.01913	0.05322	0.36444	0.12490	0.09217	0.19992	0.04133	0.00728	0.00205	0.00408	0.00895	0.00632	0.00746
15	0.01376	0.01390	0.04027	0.07382	0.57028	0.01353	0.12009	0.01742	0.01312	0.01854	0.01184	0.04501	0.01018	0.00569	0.00598	0.00180	0.00727	0.00585	0.00296	0.00868
16	0.00820	0.00594	0.00772	0.00728	0.00867	0.00547	0.00546	0.01091	0.01638	0.02312	0.73841	0.04376	0.07287	0.01196	0.00686	0.00183	0.00275	0.01056	0.00638	0.00547
17	0.00831	0.00623	0.00935	0.00935	0.01038	0.00727	0.00727	0.01038	0.00935	0.01350	0.01558	0.02285	0.01454	0.04361	0.77259	0.00935	0.01558	0.00623	0.00312	0.00519
18	0.01010	0.00505	0.00758	0.00758	0.00758	0.00505	0.00505	0.00758	0.00758	0.01010	0.01010	0.01768	0.01010	0.02020	0.02273	0.83081	0.00505	0.00505	0.00253	0.00253
19	0.04005	0.16268	0.02018	0.03805	0.12331	0.25825	0.01190	0.23781	0.01815	0.02191	0.01062	0.01200	0.00843	0.00597	0.00519	0.00158	0.00773	0.00431	0.00374	0.00816
20	0.02458	0.01192	0.01429	0.01115	0.01555	0.04381	0.00913	0.15145	0.05793	0.56510	0.02082	0.01848	0.01349	0.00714	0.00582	0.00179	0.00542	0.00569	0.00671	0.00972
21	0.01455	0.01420	0.02373	0.03489	0.72171	0.03193	0.03742	0.01800	0.01333	0.01887	0.01091	0.01433	0.00916	0.00519	0.00578	0.00173	0.00707	0.00519	0.00288	0.00911
22	0.01590	0.64787	0.09170	0.01107	0.01614	0.10532	0.01108	0.01814	0.01237	0.01415	0.00839	0.00971	0.00746	0.00513	0.00405	0.00132	0.00690	0.00328	0.00254	0.00748
23	0.01131	0.01070	0.01788	0.68892	0.08727	0.01325	0.01608	0.01501	0.01159	0.01509	0.01023	0.01528	0.00784	0.00601	0.00654	0.00196	0.05064	0.00516	0.00260	0.00664
24	0.00709	0.00506	0.00675	0.00810	0.00843	0.00472	0.00540	0.00810	0.01113	0.01484	0.03205	0.79184	0.03846	0.01822	0.00742	0.00236	0.00337	0.01653	0.00540	0.00472
25	0.01206	0.01034	0.01206	0.00861	0.01378	0.00775	0.00689	0.01464	0.01206	0.01895	0.01034	0.01206	0.00861	0.00431	0.00431	0.00086	0.00431	0.00345	0.00345	0.83118
26	0.01206	0.01034	0.01206	0.00861	0.01378	0.00775	0.00689	0.01464	0.01206	0.01895	0.01034	0.01206	0.00861	0.00431	0.00431	0.00086	0.00431	0.00345	0.00345	0.83118
27	0.01098	0.01034	0.01744	0.78165	0.04005	0.01292	0.01615	0.01486	0.01163	0.01486	0.01034	0.01550	0.00775	0.00581	0.00581	0.00194	0.00775	0.00517	0.00258	0.00646
28	0.01903	0.01199	0.01367	0.01149	0.01530	0.01284	0.00916	0.09675	0.43865	0.27009	0.02252	0.02034	0.01590	0.00758	0.00588	0.00189	0.00489	0.00621	0.00633	0.00950
29	0.00809	0.00594	0.00757	0.00716	0.00860	0.00543	0.00537	0.01070	0.01612	0.02251	0.68234	0.04477	0.12932	0.01219	0.00686	0.00184	0.00276	0.01070	0.00630	0.00543
30	0.01439	0.01382	0.02360	0.03569	0.75936	0.01382	0.01785	0.01785	0.01324	0.01900	0.01094	0.01439	0.00921	0.00518	0.00576	0.00173	0.00691	0.00518	0.00288	0.00921
31	0.00708	0.00581	0.00624	0.00632	0.00803	0.00497	0.00467	0.00868	0.01347	0.01666	0.15132	0.13308	0.58409	0.01471	0.00693	0.00199	0.00296	0.01249	0.00554	0.00497
32	0.01555	0.79913	0.03047	0.00995	0.01493	0.02301	0.00995	0.01741	0.01182	0.01368	0.00808	0.00933	0.00746	0.00498	0.00373	0.00124	0.00622	0.00311	0.00249	0.00746
33	0.00724	0.00587	0.00649	0.00687	0.00850	0.00512	0.00523	0.00880	0.01295	0.01580	0.05105	0.17025	0.55047	0.01544	0.00711	0.00212	0.00333	0.10704	0.00539	0.00494
34	0.02172	0.02772	0.01648	0.01498	0.01798	0.77228	0.01124	0.02322	0.01648	0.01423	0.00899	0.01049	0.00749	0.00599	0.00524	0.00150	0.01049	0.00375	0.00300	0.00674
35	0.00687	0.00589	0.00589	0.00589	0.00785	0.00491	0.00442	0.00835	0.01325	0.01571	0.05891	0.05596	0.75700	0.01473	0.00687	0.00196	0.00295	0.01227	0.00540	0.00491
36	0.01166	0.03008	0.76550	0.01657	0.02517	0.01351	0.02149	0.01842	0.01228	0.01842	0.01044	0.01228	0.00737	0.00552	0.00552	0.00184	0.00859	0.00430	0.00246	0.00859
37	0.01218	0.01123	0.01715	0.51820	0.11653	0.01338	0.01474	0.01891	0.18243	0.01752	0.01349	0.01681	0.01023	0.00622	0.00583	0.00192	0.00693	0.00550	0.00339	0.00741
38	0.01555	0.79913	0.03047	0.00995	0.01493	0.02301	0.00995	0.01741	0.01182	0.01368	0.00808	0.00933	0.00746	0.00498	0.00373	0.00124	0.00622	0.00311	0.00249	0.00746
39	0.00720	0.00514	0.00688	0.00823	0.00862	0.00482	0.00560	0.00830	0.01125	0.01497	0.03199	0.75529	0.03821	0.01811	0.00745	0.00238	0.00347	0.05194	0.00540	0.00476
40	0.02609	0.00990	0.01350	0.01035	0.01484	0.00855	0.00855	0.02834	0.01664	0.76338	0.02294	0.01979	0.01439	0.00720	0.00585	0.00180	0.00495	0.00585	0.00720	0.00990
41	0.00882	0.00665	0.00963	0.00945	0.01051	0.00776	0.00732	0.03111	0.00980	0.01405	0.01547	0.02315	0.01458	0.08228	0.69123	0.00875	0.03467	0.00629	0.00320	0.00527
42	0.02609	0.00990	0.01350	0.01035	0.01484	0.00855	0.00855	0.02834	0.01664	0.76338	0.02294	0.01979	0.01439	0.00720	0.00585	0.00180	0.00495	0.00585	0.00720	0.00990
43	0.00709	0.00506	0.00675	0.00810	0.00843	0.00472	0.00540	0.00810	0.01113	0.01484	0.03205	0.79184	0.03846	0.01822	0.00742	0.00236	0.00337	0.01653	0.00540	0.00472
44	0.01455	0.01471	0.02535	0.03277	0.59246	0.04369	0.15382	0.01820	0.01346	0.01874	0.01102	0.01448	0.00907	0.00516	0.00595	0.00176	0.00760	0.00544	0.00289	0.00886
45	0.01181	0.00674	0.00888	0.00789	0.00991	0.00609	0.00607	0.01442	0.01640	0.17327	0.58557	0.03903	0.06869	0.01103	0.00665	0.00183	0.00320	0.00962	0.00653	0.00636
46	0.01274	0.01247	0.04336	0.33271	0.40618	0.01298	0.01652	0.01643	0.01251	0.01747	0.01112	0.01517	0.00888	0.00553	0.00568	0.00179	0.00707	0.00516	0.04834	0.00788
47	0.01257	0.07092	0.65136	0.01644	0.02451	0.01391	0.06354	0.01876	0.01251	0.04734	0.01088	0.01261	0.00773	0.00552	0.00552	0.00181	0.00839	0.00445	0.00267	0.00854
48	0.05711	0.00600	0.00588	0.00573	0.00729	0.00614	0.00435	0.03075	0.01242	0.02228	0.01825	0.02082	0.01431	0.00670	0.00408	0.00139	0.00290	0.00529	0.76275	0.00557
49	0.01206	0.01034	0.01206	0.00861	0.01378	0.00775	0.00689	0.01464	0.01206	0.01895	0.01034	0.01206	0.00861	0.00431	0.00431	0.00086	0.00431	0.00345	0.00345	0.83118
50	0.01364	0.01625	0.06295	0.02420	0.03019	0.01466	0.71016	0.01862	0.01367	0.01862	0.01171	0.01555	0.00877	0.00493	0.00681	0.00196	0.00976	0.00676	0.00292	0.00787
51	0.00699	0.00557	0.00628	0.00680	0.00810	0.00485	0.00483	0.00831	0.01250	0.01556	0.06570	0.34567	0.45632	0.01603	0.00709	0.00212	0.00311	0.01391	0.00542	0.00485
52	0.00709	0.00506	0.00675	0.00810	0.00843	0.00472	0.00540	0.00810	0.01113	0.01484	0.03205	0.79184	0.03846	0.01822	0.00742	0.00236	0.00337	0.01653	0.00540	0.00472
53	0.00846	0.00564	0.00634	0.00634	0.00634	0.00564	0.00352	0.00846	0.00846	0.01128	0.01832	0.03805	0.02114	0.79563	0.02960	0.00564	0.00564	0.00846	0.00352	0.00352
54	0.00713	0.00508	0.00674	0.00804	0.00837	0.00475	0.00534	0.00811	0.01105	0.01474	0.03164	0.76916	0.03794	0.04160	0.00809	0.00246	0.00344	0.01629	0.00534	0.00469
55	0.01136	0.01069	0.01803	0.65793	0.13960	0.01284	0.01611	0.01510	0.01184	0.01544	0.01097	0.03507	0.00874	0.00604	0.00585	0.00192	0.00752	0.00546	0.00270	0.00680
56	0.83671	0.01125	0.00855	0.00765	0.01125	0.01305	0.00630	0.01709	0.00990	0.02609	0.00810	0.00945	0.00630	0.00540	0.00360	0.00180	0.00450	0.00315	0.00360	0.00630
57	0.02129	0.04830	0.01690	0.01485	0.01782	0.73002	0.01124	0.02280	0.01613	0.01421	0.00892	0.01052	0.00749	0.00609	0.00560	0.00152	0.03279	0.00377	0.00297	0.00675
58	0.01235	0.01173	0.01991	0.48300	0.32804	0.01328	0.01683	0.01605	0.01227	0.01652	0.01058	0.01506	0.00834	0.00556	0.00579	0.00185	0.00741	0.00517	0.00270	0.00756
59	0.00699	0.00586	0.00607	0.00609	0.00794	0.00495	0.00454	0.00854	0.01342	0.01626	0.11150	0.08379	0.67488	0.01465	0.00689	0.00197	0.00295	0.01230	0.00548	0.00495
60	0.00732	0.00529	0.00693	0.00791	0.00853	0.00491	0.00546	0.00868	0.01219	0.01635	0.15287	0.60876	0.08183	0.01692	0.00731	0.00226	0.00329	0.03274	0.00556	0.00488
61	0.00848	0.00648	0.00968	0.00958	0.01058	0.00768	0.00748	0.01053	0.00933	0.01352	0.01527	0.02245	0.01427	0.04231	0.74311	0.00908	0.04568	0.00619	0.00309	0.00524
62	0.01098	0.01034	0.01744	0.78165	0.04005	0.01292	0.01615	0.01486	0.01163	0.01486	0.01034	0.01550	0.00775	0.00581	0.00581	0.00194	0.00775	0.00517	0.00258	0.00646
63	0.01166	0.03008	0.76550	0.01657	0.02517	0.01351	0.02149	0.01842	0.01228	0.01842	0.01044	0.01228	0.00737	0.00552	0.00552	0.00184	0.00859	0.00430	0.00246	0.00859
64	0.01444	0.01370	0.02289	0.05234	0.66319	0.01376	0.03252	0.03890	0.03078	0.01952	0.01131	0.01453	0.00937	0.00528	0.00574	0.00172	0.00684	0.00520	0.00305	0.03492

[dist]
# distance from previous block
# <min> <max>
0	4

[block]
# block no. 5 follows, 40 sequences, length 26
# corresponding to MSA columns:
# 490-515
name=unknown_F
#
# <colnr> <probs for GDERKNQSTAVLIFYWHMCP>
#	G	D	E	R	K	N	Q	S	T	A	V	L	I	F	Y	W	H	M	C	P
0	0.01285	0.24686	0.52651	0.01504	0.02250	0.01624	0.04883	0.01814	0.01221	0.01709	0.00983	0.01159	0.00746	0.00534	0.00508	0.00168	0.00797	0.00407	0.00249	0.00824
1	0.00805	0.00610	0.00684	0.00690	0.00803	0.00572	0.00474	0.00961	0.03857	0.01458	0.05186	0.12612	0.30048	0.30151	0.03234	0.00352	0.00446	0.04170	0.00465	0.02420
2	0.01098	0.01034	0.01744	0.78165	0.04005	0.01292	0.01615	0.01486	0.01163	0.01486	0.01034	0.01550	0.00775	0.00581	0.00581	0.00194	0.00775	0.00517	0.00258	0.00646
3	0.01500	0.01256	0.01368	0.01261	0.03638	0.01430	0.00968	0.11322	0.58870	0.02513	0.02268	0.02378	0.01772	0.00830	0.00606	0.00199	0.00494	0.05849	0.00578	0.00900
4	0.02481	0.01150	0.01472	0.01183	0.03846	0.01091	0.00941	0.19281	0.01902	0.57221	0.02049	0.01828	0.01319	0.00709	0.00584	0.00178	0.00534	0.00569	0.00675	0.00987
5	0.01497	0.68553	0.13905	0.01093	0.01644	0.02161	0.01165	0.01756	0.01188	0.01438	0.00843	0.00976	0.00745	0.00506	0.00400	0.00133	0.00657	0.00328	0.00248	0.00763
6	0.01221	0.10573	0.63570	0.01653	0.02455	0.01455	0.07565	0.01833	0.01234	0.01796	0.01030	0.01225	0.00749	0.00542	0.00545	0.00179	0.00845	0.00438	0.00250	0.00842
7	0.00708	0.00510	0.00671	0.00800	0.00841	0.00473	0.00535	0.00811	0.01123	0.01488	0.03325	0.75890	0.07062	0.01806	0.00740	0.00234	0.00335	0.01634	0.00540	0.00473
8	0.00823	0.00594	0.00777	0.00732	0.00869	0.00549	0.00549	0.01097	0.01646	0.02332	0.75629	0.04344	0.05487	0.01189	0.00686	0.00183	0.00274	0.01052	0.00640	0.00549
9	0.01376	0.01472	0.02983	0.05824	0.02784	0.01461	0.56168	0.01863	0.04591	0.03493	0.01202	0.01564	0.00917	0.00566	0.00794	0.00199	0.08894	0.00648	0.00312	0.02890
10	0.00926	0.00666	0.00922	0.01050	0.01187	0.00662	0.00916	0.01189	0.01338	0.01733	0.03200	0.06518	0.06455	0.01601	0.00798	0.00265	0.00525	0.68980	0.00536	0.00534
11	0.00694	0.00588	0.00591	0.00591	0.00779	0.00494	0.00438	0.00835	0.01304	0.01551	0.05710	0.05517	0.72421	0.04952	0.00789	0.00213	0.00307	0.01210	0.00532	0.00485
12	0.02609	0.00990	0.01350	0.01035	0.01484	0.00855	0.00855	0.02834	0.01664	0.76338	0.02294	0.01979	0.01439	0.00720	0.00585	0.00180	0.00495	0.00585	0.00720	0.00990
13	0.01121	0.01043	0.01462	0.01295	0.01322	0.01403	0.01051	0.01258	0.00898	0.01363	0.01062	0.01758	0.01061	0.08895	0.21278	0.00456	0.51849	0.00568	0.00278	0.00581
14	0.00846	0.00564	0.00634	0.00634	0.00634	0.00564	0.00352	0.00846	0.00846	0.01128	0.01832	0.03805	0.02114	0.79563	0.02960	0.00564	0.00564	0.00846	0.00352	0.00352
15	0.00831	0.00623	0.00935	0.00935	0.01038	0.00727	0.00727	0.01038	0.00935	0.01350	0.01558	0.02285	0.01454	0.04361	0.77259	0.00935	0.01558	0.00623	0.00312	0.00519
16	0.00831	0.00623	0.00935	0.00935	0.01038	0.00727	0.00727	0.01038	0.00935	0.01350	0.01558	0.02285	0.01454	0.04361	0.77259	0.00935	0.01558	0.00623	0.00312	0.00519
17	0.01977	0.02402	0.01838	0.02050	0.21535	0.57036	0.01300	0.02179	0.01562	0.01550	0.00951	0.01153	0.00795	0.00578	0.00538	0.00156	0.00953	0.00413	0.00296	0.00740
18	0.02609	0.00990	0.01350	0.01035	0.01484	0.00855	0.00855	0.02834	0.01664	0.76338	0.02294	0.01979	0.01439	0.00720	0.00585	0.00180	0.00495	0.00585	0.00720	0.00990
19	0.01409	0.01351	0.02306	0.10192	0.69549	0.01374	0.01770	0.01758	0.01310	0.01863	0.01088	0.01449	0.00908	0.00524	0.00576	0.00175	0.00698	0.00518	0.00285	0.00897
20	0.01282	0.01221	0.02076	0.38044	0.42693	0.01340	0.01706	0.01647	0.01250	0.01708	0.01066	0.01491	0.00854	0.00547	0.00578	0.00182	0.00730	0.00518	0.00274	0.00794
21	0.01206	0.01034	0.01206	0.00861	0.01378	0.00775	0.00689	0.01464	0.01206	0.01895	0.01034	0.01206	0.00861	0.00431	0.00431	0.00086	0.00431	0.00345	0.00345	0.83118
22	0.02113	0.01457	0.01608	0.01243	0.01689	0.01554	0.01019	0.56911	0.02421	0.11961	0.01564	0.05230	0.01172	0.00736	0.00579	0.00172	0.00593	0.00573	0.00579	0.06827
23	0.01037	0.00524	0.00657	0.00657	0.00717	0.00524	0.00456	0.01026	0.00966	0.01528	0.01434	0.02021	0.01264	0.04307	0.01470	0.43213	0.00403	0.00534	0.36877	0.00385
24	0.00751	0.00594	0.00680	0.00678	0.00845	0.00522	0.00516	0.00948	0.01427	0.01836	0.29062	0.07760	0.44601	0.01398	0.00697	0.00198	0.00306	0.06097	0.00573	0.00513
25	0.01811	0.39260	0.02390	0.01444	0.08744	0.28088	0.01124	0.07909	0.01485	0.01628	0.00916	0.01060	0.00784	0.00551	0.00462	0.00142	0.00778	0.00370	0.00298	0.00758

[dist]
# distance from previous block
# <min> <max>
0	11

# created by:
# /st0/software/busco_prod/Augustus/scripts/msa2prfl.pl ./align_prep/166728.fa
