[name]
unknown

[dist]
# distance from previous block
# <min> <max>
8	175

[block]
# block no. 0 follows, 47 sequences, length 11
# corresponding to MSA columns:
# 211-221
name=unknown_A
#
# <colnr> <probs for GDERKNQSTAVLIFYWHMCP>
#	G	D	E	R	K	N	Q	S	T	A	V	L	I	F	Y	W	H	M	C	P
0	0.10589	0.05593	0.17171	0.04377	0.06218	0.01149	0.01057	0.10323	0.05456	0.07396	0.03498	0.06459	0.02694	0.05241	0.00698	0.00183	0.06356	0.00527	0.00359	0.04657
1	0.03650	0.05437	0.01331	0.07539	0.13534	0.03159	0.00904	0.08929	0.13581	0.12563	0.10199	0.04811	0.05140	0.02861	0.00575	0.00170	0.00475	0.00601	0.03839	0.00702
2	0.09372	0.01167	0.04448	0.03325	0.28655	0.01135	0.08360	0.07980	0.08611	0.08587	0.04971	0.01493	0.01111	0.00621	0.00595	0.04941	0.00556	0.00494	0.00360	0.03218
3	0.08498	0.09141	0.04032	0.10284	0.01493	0.00984	0.02259	0.03870	0.05867	0.25630	0.08389	0.06461	0.07261	0.00732	0.00507	0.00162	0.00459	0.00603	0.02683	0.00685
4	0.01032	0.00788	0.05073	0.00749	0.00903	0.00722	0.00571	0.07120	0.03790	0.05946	0.05651	0.05417	0.01743	0.38798	0.01553	0.00319	0.03699	0.00663	0.10830	0.04635
5	0.06400	0.01046	0.04306	0.01098	0.04191	0.00942	0.05498	0.09085	0.06922	0.39524	0.06216	0.04042	0.01404	0.00650	0.00517	0.00159	0.00477	0.00547	0.00522	0.06455
6	0.00816	0.00542	0.00698	0.00668	0.00792	0.00497	0.00491	0.01018	0.01356	0.06622	0.54871	0.13616	0.09109	0.05680	0.00730	0.00190	0.00281	0.00984	0.00546	0.00494
7	0.11767	0.00961	0.01053	0.00824	0.01207	0.00872	0.00654	0.10632	0.05587	0.01960	0.01221	0.09876	0.01098	0.00582	0.00433	0.00118	0.00403	0.00469	0.00368	0.49915
8	0.00983	0.00926	0.01562	0.80447	0.03587	0.01157	0.01446	0.01331	0.01041	0.01331	0.00926	0.01388	0.00694	0.00521	0.00521	0.00174	0.00694	0.00463	0.00231	0.00579
9	0.00983	0.00926	0.01562	0.80447	0.03587	0.01157	0.01446	0.01331	0.01041	0.01331	0.00926	0.01388	0.00694	0.00521	0.00521	0.00174	0.00694	0.00463	0.00231	0.00579
10	0.01663	0.08085	0.03091	0.07699	0.14574	0.37686	0.02590	0.06387	0.01368	0.05735	0.00932	0.01113	0.00748	0.00548	0.00556	0.00149	0.05709	0.00394	0.00293	0.00679

[dist]
# distance from previous block
# <min> <max>
3	6

[block]
# block no. 1 follows, 47 sequences, length 8
# corresponding to MSA columns:
# 228-235
name=unknown_B
#
# <colnr> <probs for GDERKNQSTAVLIFYWHMCP>
#	G	D	E	R	K	N	Q	S	T	A	V	L	I	F	Y	W	H	M	C	P
0	0.09890	0.00722	0.00822	0.00807	0.00966	0.00753	0.00596	0.08672	0.11152	0.04223	0.13214	0.41005	0.02792	0.01179	0.00585	0.00188	0.00350	0.01031	0.00494	0.00560
1	0.00683	0.00513	0.00618	0.00676	0.00772	0.00472	0.00495	0.00809	0.01090	0.01393	0.07133	0.29701	0.28488	0.11055	0.00893	0.00237	0.00341	0.13737	0.00467	0.00429
2	0.00900	0.00536	0.00688	0.00726	0.00812	0.00504	0.00513	0.01007	0.01036	0.10591	0.02524	0.41383	0.05013	0.18660	0.01068	0.00267	0.00379	0.09220	0.03709	0.00464
3	0.02060	0.01330	0.01483	0.01137	0.01551	0.01424	0.00939	0.60016	0.02233	0.20284	0.01431	0.01368	0.00976	0.00630	0.00522	0.00157	0.00544	0.00481	0.00549	0.00886
4	0.21588	0.01161	0.01220	0.00991	0.01357	0.01266	0.00808	0.27947	0.17739	0.18509	0.01477	0.01410	0.01042	0.00613	0.00477	0.00163	0.00472	0.00461	0.00502	0.00797
5	0.01105	0.00760	0.00891	0.00820	0.00987	0.00815	0.00615	0.14235	0.10392	0.05092	0.04424	0.14185	0.01808	0.13840	0.16422	0.00350	0.00604	0.00719	0.11363	0.00573
6	0.00973	0.00655	0.00775	0.00736	0.00924	0.00624	0.00574	0.01319	0.11179	0.10929	0.20035	0.06030	0.27832	0.04541	0.00694	0.00195	0.00340	0.10569	0.00521	0.00554
7	0.00849	0.00571	0.00692	0.00688	0.00776	0.00553	0.00470	0.05667	0.01135	0.04801	0.16646	0.28869	0.07584	0.26837	0.01268	0.00288	0.00377	0.01021	0.00456	0.00452

[dist]
# distance from previous block
# <min> <max>
8	19

[block]
# block no. 2 follows, 47 sequences, length 182
# corresponding to MSA columns:
# 256-437
name=unknown_C
#
# <colnr> <probs for GDERKNQSTAVLIFYWHMCP>
#	G	D	E	R	K	N	Q	S	T	A	V	L	I	F	Y	W	H	M	C	P
0	0.11679	0.01187	0.01264	0.01004	0.01379	0.01265	0.00818	0.39107	0.10466	0.10784	0.01661	0.01618	0.07042	0.00654	0.00495	0.00154	0.00480	0.00502	0.00490	0.07953
1	0.14360	0.02929	0.00926	0.04219	0.01103	0.00812	0.00616	0.04081	0.07846	0.03551	0.31193	0.02559	0.08087	0.02259	0.00547	0.00157	0.00356	0.00655	0.00454	0.13290
2	0.25872	0.01195	0.14027	0.02412	0.01332	0.00988	0.00876	0.05326	0.07316	0.12877	0.14279	0.01935	0.03076	0.00683	0.00482	0.00165	0.00458	0.03515	0.00426	0.02762
3	0.00739	0.00501	0.00589	0.00606	0.00616	0.00502	0.00359	0.00763	0.00796	0.01067	0.01801	0.14393	0.02078	0.65709	0.06943	0.00483	0.00529	0.00848	0.00337	0.00340
4	0.01004	0.00944	0.01593	0.71962	0.10240	0.01150	0.01441	0.01343	0.01053	0.01364	0.00969	0.02946	0.00760	0.00537	0.00523	0.00173	0.00680	0.00483	0.00239	0.00598
5	0.01068	0.02544	0.70726	0.01621	0.06805	0.01216	0.05547	0.01647	0.01111	0.01653	0.00943	0.01126	0.00676	0.00490	0.00502	0.00165	0.00766	0.00401	0.00224	0.00770
6	0.00760	0.00581	0.00868	0.00858	0.00948	0.00689	0.00671	0.00943	0.00835	0.01211	0.01366	0.02009	0.01277	0.03785	0.76485	0.00812	0.04602	0.00554	0.00277	0.00469
7	0.00707	0.00627	0.00611	0.00603	0.00774	0.04317	0.00457	0.00860	0.01243	0.01505	0.15522	0.04685	0.60783	0.01249	0.00612	0.00175	0.00303	0.04024	0.00486	0.00457
8	0.01392	0.82012	0.02729	0.00891	0.01337	0.02061	0.00891	0.01559	0.01058	0.01225	0.00724	0.00835	0.00668	0.00446	0.00334	0.00111	0.00557	0.00278	0.00223	0.00668
9	0.01352	0.01124	0.01215	0.09628	0.01573	0.04631	0.00875	0.07338	0.51025	0.06569	0.02000	0.01959	0.04829	0.02814	0.00585	0.00181	0.00474	0.00580	0.00485	0.00765
10	0.00750	0.00502	0.00570	0.00577	0.00579	0.00500	0.00326	0.00755	0.00772	0.01029	0.01714	0.08040	0.01985	0.76940	0.02533	0.00487	0.00493	0.00800	0.00326	0.00322
11	0.01392	0.82012	0.02729	0.00891	0.01337	0.02061	0.00891	0.01559	0.01058	0.01225	0.00724	0.00835	0.00668	0.00446	0.00334	0.00111	0.00557	0.00278	0.00223	0.00668
12	0.85377	0.01007	0.00765	0.00685	0.01007	0.01168	0.00564	0.01531	0.00886	0.02336	0.00725	0.00846	0.00564	0.00483	0.00322	0.00161	0.00403	0.00282	0.00322	0.00564
13	0.00744	0.00558	0.00837	0.00837	0.00930	0.00651	0.00651	0.00930	0.00837	0.01209	0.01395	0.02046	0.01302	0.03906	0.79635	0.00837	0.01395	0.00558	0.00279	0.00465
14	0.01888	0.01369	0.01478	0.01159	0.01555	0.01512	0.00949	0.60110	0.14770	0.07588	0.01441	0.01396	0.01026	0.00640	0.00523	0.00160	0.00539	0.00492	0.00530	0.00876
15	0.00749	0.00501	0.00570	0.00579	0.00581	0.00499	0.00327	0.00755	0.00774	0.01032	0.01725	0.08741	0.01999	0.76221	0.02515	0.00485	0.00491	0.00807	0.00327	0.00323
16	0.01120	0.02856	0.01523	0.07803	0.32088	0.04477	0.03672	0.05779	0.01205	0.01610	0.01667	0.18868	0.03341	0.04119	0.00652	0.00189	0.00551	0.07487	0.00347	0.00646
17	0.00744	0.00558	0.00837	0.00837	0.00930	0.00651	0.00651	0.00930	0.00837	0.01209	0.01395	0.02046	0.01302	0.03906	0.79635	0.00837	0.01395	0.00558	0.00279	0.00465
18	0.01080	0.00926	0.01080	0.00771	0.01234	0.00694	0.00617	0.01311	0.01080	0.01697	0.00926	0.01080	0.00771	0.00386	0.00386	0.00077	0.00386	0.00309	0.00309	0.84882
19	0.02772	0.01326	0.06007	0.12652	0.27772	0.01275	0.27032	0.09316	0.01293	0.01800	0.01029	0.01340	0.00802	0.00569	0.02562	0.00182	0.00736	0.00511	0.00283	0.00740
20	0.14684	0.02091	0.01370	0.01216	0.01512	0.55702	0.00932	0.11459	0.03496	0.01715	0.00883	0.00991	0.00706	0.00544	0.00455	0.00142	0.00797	0.00351	0.00315	0.00639
21	0.00905	0.00452	0.00678	0.00678	0.00678	0.00452	0.00452	0.00678	0.00678	0.00905	0.00905	0.01583	0.00905	0.01809	0.02035	0.84848	0.00452	0.00452	0.00226	0.00226
22	0.00623	0.00528	0.00538	0.00535	0.00708	0.00443	0.00401	0.00761	0.01204	0.01447	0.09616	0.04945	0.73872	0.01304	0.00615	0.00175	0.00263	0.01090	0.00489	0.00443
23	0.01223	0.01393	0.03034	0.04188	0.02744	0.01313	0.74645	0.01660	0.01224	0.01660	0.01050	0.01404	0.00788	0.00441	0.00612	0.00176	0.00873	0.00611	0.00263	0.00699
24	0.00737	0.00532	0.00696	0.00655	0.00778	0.00491	0.00491	0.00983	0.01474	0.02088	0.78175	0.03890	0.04914	0.01065	0.00614	0.00164	0.00246	0.00942	0.00573	0.00491
25	0.01018	0.00960	0.01624	0.71822	0.11944	0.01166	0.01463	0.01360	0.01057	0.01372	0.00932	0.01377	0.00709	0.00514	0.00520	0.00171	0.00686	0.00463	0.00234	0.00606
26	0.85377	0.01007	0.00765	0.00685	0.01007	0.01168	0.00564	0.01531	0.00886	0.02336	0.00725	0.00846	0.00564	0.00483	0.00322	0.00161	0.00403	0.00282	0.00322	0.00564
27	0.02303	0.00940	0.01242	0.00952	0.01356	0.00845	0.00786	0.09507	0.01581	0.71715	0.01979	0.01723	0.01251	0.00643	0.00523	0.00161	0.00455	0.00519	0.00633	0.00886
28	0.81327	0.01079	0.00800	0.00717	0.01036	0.04976	0.00585	0.01557	0.00915	0.02285	0.00729	0.00850	0.00569	0.00486	0.00329	0.00160	0.00429	0.00285	0.00320	0.00566
29	0.02336	0.00886	0.01209	0.00927	0.01329	0.00765	0.00765	0.02538	0.01491	0.78810	0.02055	0.01773	0.01289	0.00645	0.00524	0.00161	0.00443	0.00524	0.00645	0.00886
30	0.01392	0.82012	0.02729	0.00891	0.01337	0.02061	0.00891	0.01559	0.01058	0.01225	0.00724	0.00835	0.00668	0.00446	0.00334	0.00111	0.00557	0.00278	0.00223	0.00668
31	0.00629	0.00528	0.00546	0.00541	0.00711	0.00445	0.00406	0.00773	0.01218	0.01481	0.13165	0.04890	0.70303	0.01291	0.00615	0.00175	0.00262	0.01082	0.00493	0.00445
32	0.00757	0.00505	0.00568	0.00568	0.00568	0.00505	0.00316	0.00757	0.00757	0.01010	0.01641	0.03408	0.01893	0.81698	0.02651	0.00505	0.00505	0.00757	0.00316	0.00316
33	0.00757	0.00506	0.00574	0.00574	0.00576	0.00508	0.00323	0.00761	0.00759	0.01014	0.01635	0.03376	0.01880	0.79904	0.04427	0.00513	0.00525	0.00753	0.00315	0.00319
34	0.00983	0.00926	0.01562	0.80447	0.03587	0.01157	0.01446	0.01331	0.01041	0.01331	0.00926	0.01388	0.00694	0.00521	0.00521	0.00174	0.00694	0.00463	0.00231	0.00579
35	0.01403	0.80460	0.02704	0.00900	0.01342	0.03573	0.00893	0.01570	0.01066	0.01226	0.00726	0.00837	0.00668	0.00447	0.00337	0.00112	0.00564	0.00280	0.00224	0.00667
36	0.01116	0.00947	0.01099	0.00789	0.01250	0.00731	0.00632	0.04359	0.01135	0.01761	0.00939	0.01087	0.00776	0.00395	0.00391	0.00080	0.00393	0.00315	0.00317	0.81487
37	0.00730	0.00522	0.00683	0.00688	0.00753	0.00536	0.00481	0.00856	0.00977	0.01353	0.18135	0.12159	0.05110	0.28032	0.26165	0.00492	0.00698	0.00829	0.00384	0.00417
38	0.00852	0.00739	0.00760	0.00721	0.00860	0.09046	0.00538	0.01068	0.01426	0.01902	0.59562	0.07132	0.11309	0.01057	0.00601	0.00164	0.00325	0.00915	0.00528	0.00496
39	0.00634	0.00453	0.00604	0.00725	0.00755	0.00423	0.00483	0.00725	0.00997	0.01329	0.02870	0.81358	0.03444	0.01632	0.00665	0.00211	0.00302	0.01480	0.00483	0.00423
40	0.01392	0.82012	0.02729	0.00891	0.01337	0.02061	0.00891	0.01559	0.01058	0.01225	0.00724	0.00835	0.00668	0.00446	0.00334	0.00111	0.00557	0.00278	0.00223	0.00668
41	0.01031	0.02597	0.75507	0.01447	0.02188	0.01177	0.01860	0.01619	0.01116	0.01669	0.04380	0.01224	0.00849	0.00520	0.00500	0.00165	0.00746	0.00410	0.00236	0.00757
42	0.01945	0.02482	0.01476	0.01342	0.01610	0.79608	0.01006	0.02079	0.01476	0.01275	0.00805	0.00939	0.00671	0.00537	0.00470	0.00134	0.00939	0.00335	0.00268	0.00604
43	0.00673	0.00489	0.00640	0.00726	0.00793	0.00456	0.00520	0.00809	0.01111	0.01482	0.14857	0.54058	0.09671	0.01494	0.00659	0.00204	0.00311	0.10106	0.00497	0.00442
44	0.01825	0.01307	0.01430	0.01126	0.01497	0.01427	0.00922	0.63366	0.02241	0.06332	0.05174	0.06280	0.01305	0.00728	0.00539	0.00162	0.00533	0.02452	0.00526	0.00829
45	0.00730	0.00529	0.00689	0.00662	0.00780	0.00488	0.00495	0.00963	0.01433	0.02015	0.70368	0.08587	0.06730	0.01112	0.00619	0.00168	0.00254	0.02329	0.00564	0.00486
46	0.01128	0.12678	0.65949	0.01403	0.02110	0.04797	0.01753	0.01657	0.01111	0.01579	0.00902	0.01059	0.00661	0.00490	0.00473	0.00157	0.00750	0.00369	0.00222	0.00749
47	0.00684	0.00518	0.00605	0.00641	0.00743	0.00473	0.00464	0.00807	0.01095	0.01396	0.09972	0.20550	0.33143	0.15969	0.01008	0.00250	0.00341	0.10459	0.00460	0.00423
48	0.01980	0.01459	0.01563	0.01198	0.01615	0.01615	0.00990	0.76713	0.02448	0.03282	0.01250	0.01250	0.00886	0.00625	0.00521	0.00156	0.00573	0.00469	0.00521	0.00886
49	0.01980	0.01459	0.01563	0.01198	0.01615	0.01615	0.00990	0.76713	0.02448	0.03282	0.01250	0.01250	0.00886	0.00625	0.00521	0.00156	0.00573	0.00469	0.00521	0.00886
50	0.01080	0.00926	0.01080	0.00771	0.01234	0.00694	0.00617	0.01311	0.01080	0.01697	0.00926	0.01080	0.00771	0.00386	0.00386	0.00077	0.00386	0.00309	0.00309	0.84882
51	0.01980	0.01459	0.01563	0.01198	0.01615	0.01615	0.00990	0.76713	0.02448	0.03282	0.01250	0.01250	0.00886	0.00625	0.00521	0.00156	0.00573	0.00469	0.00521	0.00886
52	0.01980	0.01459	0.01563	0.01198	0.01615	0.01615	0.00990	0.76713	0.02448	0.03282	0.01250	0.01250	0.00886	0.00625	0.00521	0.00156	0.00573	0.00469	0.00521	0.00886
53	0.01980	0.01459	0.01563	0.01198	0.01615	0.01615	0.00990	0.76713	0.02448	0.03282	0.01250	0.01250	0.00886	0.00625	0.00521	0.00156	0.00573	0.00469	0.00521	0.00886
54	0.01333	0.04586	0.01747	0.21010	0.27984	0.14437	0.03827	0.04637	0.04424	0.02967	0.01046	0.01368	0.00855	0.02781	0.04645	0.00200	0.00721	0.00459	0.00284	0.00689
55	0.00745	0.00552	0.00809	0.00809	0.00892	0.00636	0.00616	0.00912	0.00829	0.01188	0.01420	0.02187	0.01363	0.11953	0.71671	0.00803	0.01303	0.00579	0.00283	0.00450
56	0.01235	0.01176	0.01890	0.05426	0.58933	0.02702	0.03084	0.01623	0.06857	0.01722	0.04812	0.01702	0.02509	0.00566	0.00532	0.00161	0.00589	0.03404	0.00305	0.00773
57	0.01897	0.01418	0.01516	0.01181	0.01583	0.01576	0.00970	0.67781	0.11515	0.03149	0.01355	0.01334	0.00971	0.00635	0.00522	0.00159	0.00554	0.00483	0.00522	0.00878
58	0.00724	0.00525	0.00683	0.00658	0.00774	0.00484	0.00488	0.00952	0.01422	0.01999	0.69215	0.11202	0.06667	0.01124	0.00619	0.00169	0.00251	0.00996	0.00563	0.00484
59	0.01082	0.02452	0.65535	0.01696	0.08907	0.01221	0.08574	0.01646	0.01119	0.01655	0.00949	0.01143	0.00686	0.00487	0.00507	0.00165	0.00766	0.00412	0.00227	0.00768
60	0.01392	0.82012	0.02729	0.00891	0.01337	0.02061	0.00891	0.01559	0.01058	0.01225	0.00724	0.00835	0.00668	0.00446	0.00334	0.00111	0.00557	0.00278	0.00223	0.00668
61	0.00634	0.00453	0.00604	0.00725	0.00755	0.00423	0.00483	0.00725	0.00997	0.01329	0.02870	0.81358	0.03444	0.01632	0.00665	0.00211	0.00302	0.01480	0.00483	0.00423
62	0.85377	0.01007	0.00765	0.00685	0.01007	0.01168	0.00564	0.01531	0.00886	0.02336	0.00725	0.00846	0.00564	0.00483	0.00322	0.00161	0.00403	0.00282	0.00322	0.00564
63	0.01256	0.01019	0.01188	0.00894	0.01317	0.00900	0.02099	0.13911	0.07830	0.03459	0.01184	0.04446	0.00978	0.00509	0.00438	0.00108	0.00426	0.00416	0.00375	0.57247
64	0.01080	0.00926	0.01080	0.00771	0.01234	0.00694	0.00617	0.01311	0.01080	0.01697	0.00926	0.01080	0.00771	0.00386	0.00386	0.00077	0.00386	0.00309	0.00309	0.84882
65	0.01103	0.02301	0.56423	0.01759	0.07201	0.01236	0.19298	0.01650	0.01135	0.01657	0.00965	0.01183	0.00701	0.00480	0.00524	0.00167	0.00785	0.00443	0.00232	0.00757
66	0.01148	0.02000	0.46135	0.01762	0.17571	0.01139	0.05290	0.03587	0.01195	0.04737	0.04859	0.03019	0.01083	0.00582	0.00525	0.00167	0.00680	0.03481	0.00287	0.00753
67	0.02273	0.00872	0.01188	0.00916	0.01308	0.00755	0.00755	0.02476	0.01490	0.75766	0.05075	0.01857	0.01433	0.00661	0.00527	0.00161	0.00435	0.00540	0.00642	0.00871
68	0.59726	0.00970	0.00902	0.00759	0.01107	0.01044	0.00626	0.01842	0.01073	0.25959	0.01136	0.01132	0.00788	0.00533	0.00384	0.00161	0.00415	0.00357	0.00422	0.00664
69	0.01254	0.03448	0.23727	0.04334	0.48753	0.02667	0.03004	0.01640	0.01169	0.03698	0.00987	0.01236	0.00781	0.00479	0.00507	0.00157	0.00667	0.00440	0.00256	0.00796
70	0.12946	0.01212	0.01781	0.13553	0.46613	0.05268	0.03055	0.01640	0.02477	0.05186	0.00997	0.01259	0.00796	0.00490	0.00490	0.00158	0.00611	0.00440	0.00286	0.00742
71	0.00737	0.00532	0.00696	0.00655	0.00778	0.00491	0.00491	0.00983	0.01474	0.02088	0.78175	0.03890	0.04914	0.01065	0.00614	0.00164	0.00246	0.00942	0.00573	0.00491
72	0.00663	0.00495	0.00708	0.00782	0.00836	0.00462	0.03559	0.00774	0.01026	0.01373	0.05813	0.75024	0.03396	0.01561	0.00661	0.00208	0.00323	0.01424	0.00478	0.00437
73	0.01241	0.01247	0.01985	0.24799	0.42695	0.06521	0.08858	0.01591	0.03069	0.01576	0.00988	0.01321	0.00793	0.00489	0.00524	0.00161	0.00682	0.00473	0.00258	0.00728
74	0.01229	0.01405	0.03073	0.02195	0.02722	0.01317	0.76558	0.01668	0.01229	0.01668	0.01054	0.01405	0.00790	0.00439	0.00615	0.00176	0.00878	0.00615	0.00263	0.00702
75	0.00825	0.00685	0.00989	0.00932	0.01058	0.03879	0.05171	0.01025	0.00891	0.01252	0.01356	0.01961	0.01247	0.03505	0.70326	0.00756	0.01325	0.00551	0.01780	0.00485
76	0.00634	0.00453	0.00604	0.00725	0.00755	0.00423	0.00483	0.00725	0.00997	0.01329	0.02870	0.81358	0.03444	0.01632	0.00665	0.00211	0.00302	0.01480	0.00483	0.00423
77	0.01268	0.01095	0.01151	0.01038	0.01328	0.01261	0.00807	0.02686	0.74424	0.02147	0.02247	0.02067	0.04688	0.00731	0.00533	0.00177	0.00406	0.00609	0.00528	0.00809
78	0.01045	0.02694	0.79000	0.01484	0.02254	0.01209	0.01924	0.01649	0.01099	0.01649	0.00935	0.01099	0.00660	0.00495	0.00495	0.00165	0.00770	0.00385	0.00220	0.00770
79	0.00757	0.00505	0.00568	0.00568	0.00568	0.00505	0.00316	0.00757	0.00757	0.01010	0.01641	0.03408	0.01893	0.81698	0.02651	0.00505	0.00505	0.00757	0.00316	0.00316
80	0.00839	0.00599	0.00839	0.00959	0.01079	0.00599	0.00839	0.01079	0.01199	0.01558	0.02757	0.05874	0.02997	0.01439	0.00719	0.00240	0.00480	0.74945	0.00480	0.00480
81	0.01980	0.01459	0.01563	0.01198	0.01615	0.01615	0.00990	0.76713	0.02448	0.03282	0.01250	0.01250	0.00886	0.00625	0.00521	0.00156	0.00573	0.00469	0.00521	0.00886
82	0.01295	0.01119	0.01178	0.01060	0.01354	0.01295	0.00824	0.02767	0.77509	0.02178	0.02120	0.01943	0.01590	0.00707	0.00530	0.00177	0.00412	0.00589	0.00530	0.00824
83	0.00983	0.00926	0.01562	0.80447	0.03587	0.01157	0.01446	0.01331	0.01041	0.01331	0.00926	0.01388	0.00694	0.00521	0.00521	0.00174	0.00694	0.00463	0.00231	0.00579
84	0.00632	0.00461	0.00596	0.00704	0.00750	0.00425	0.00474	0.00728	0.01018	0.01338	0.03131	0.73096	0.11539	0.01598	0.00659	0.00208	0.00298	0.01439	0.00483	0.00425
85	0.85377	0.01007	0.00765	0.00685	0.01007	0.01168	0.00564	0.01531	0.00886	0.02336	0.00725	0.00846	0.00564	0.00483	0.00322	0.00161	0.00403	0.00282	0.00322	0.00564
86	0.00737	0.00532	0.00696	0.00655	0.00778	0.00491	0.00491	0.00983	0.01474	0.02088	0.78175	0.03890	0.04914	0.01065	0.00614	0.00164	0.00246	0.00942	0.00573	0.00491
87	0.01028	0.00971	0.01643	0.69087	0.14596	0.01169	0.01469	0.01370	0.01063	0.01385	0.00934	0.01374	0.00713	0.00512	0.00520	0.00171	0.00683	0.00463	0.00235	0.00615
88	0.00983	0.00926	0.01562	0.80447	0.03587	0.01157	0.01446	0.01331	0.01041	0.01331	0.00926	0.01388	0.00694	0.00521	0.00521	0.00174	0.00694	0.00463	0.00231	0.00579
89	0.01057	0.02609	0.74307	0.01505	0.02255	0.01216	0.04963	0.01673	0.02655	0.01661	0.00963	0.01129	0.00684	0.00497	0.00500	0.00166	0.00767	0.00398	0.00228	0.00768
90	0.03932	0.01355	0.01487	0.01142	0.01555	0.01467	0.00944	0.62931	0.02257	0.15555	0.01369	0.01326	0.00944	0.00625	0.00517	0.00157	0.00548	0.00474	0.00537	0.00878
91	0.01907	0.04946	0.01553	0.01321	0.03342	0.51170	0.01007	0.23409	0.03295	0.01875	0.00960	0.01053	0.00755	0.00561	0.00482	0.00141	0.00803	0.00380	0.00344	0.00696
92	0.00655	0.00529	0.00583	0.00569	0.00728	0.00457	0.00427	0.00824	0.01281	0.01629	0.29082	0.04645	0.54293	0.01236	0.00615	0.00172	0.00258	0.01048	0.00513	0.00457
93	0.00690	0.00500	0.00644	0.00734	0.00790	0.00482	0.00502	0.00879	0.05587	0.01458	0.09310	0.68278	0.03417	0.01506	0.00646	0.00203	0.00303	0.01360	0.02257	0.00454
94	0.01960	0.01405	0.01519	0.01174	0.01583	0.01546	0.00967	0.67923	0.06840	0.07705	0.01350	0.01322	0.00951	0.00631	0.00522	0.00158	0.00556	0.00479	0.00529	0.00882
95	0.01485	0.01076	0.01183	0.01036	0.01350	0.01199	0.00814	0.02725	0.63660	0.16139	0.02108	0.01912	0.01535	0.00695	0.00529	0.00174	0.00418	0.00577	0.00551	0.00836
96	0.01840	0.01375	0.01511	0.05882	0.01688	0.01530	0.00991	0.65855	0.05984	0.03055	0.02714	0.02797	0.01029	0.00649	0.00526	0.00159	0.00561	0.00501	0.00504	0.00849
97	0.01980	0.01459	0.01563	0.01198	0.01615	0.01615	0.00990	0.76713	0.02448	0.03282	0.01250	0.01250	0.00886	0.00625	0.00521	0.00156	0.00573	0.00469	0.00521	0.00886
98	0.01035	0.00975	0.01633	0.67481	0.14350	0.01172	0.01454	0.01402	0.02802	0.01403	0.00961	0.01387	0.00733	0.00517	0.00520	0.00171	0.00677	0.00466	0.00242	0.00620
99	0.00727	0.00533	0.00682	0.00648	0.00776	0.00488	0.00489	0.00961	0.01440	0.02009	0.69369	0.04042	0.12248	0.01098	0.00616	0.00166	0.00252	0.02407	0.00562	0.00486
100	0.11324	0.00899	0.01161	0.00900	0.01295	0.00809	0.00744	0.02429	0.01425	0.70534	0.01911	0.01672	0.01211	0.00627	0.00502	0.00161	0.00439	0.00498	0.00610	0.00851
101	0.06381	0.71275	0.06305	0.00916	0.01369	0.01955	0.00925	0.03477	0.01085	0.01364	0.00748	0.00859	0.00667	0.00455	0.00346	0.00118	0.00559	0.00289	0.00236	0.00673
102	0.01392	0.82012	0.02729	0.00891	0.01337	0.02061	0.00891	0.01559	0.01058	0.01225	0.00724	0.00835	0.00668	0.00446	0.00334	0.00111	0.00557	0.00278	0.00223	0.00668
103	0.85377	0.01007	0.00765	0.00685	0.01007	0.01168	0.00564	0.01531	0.00886	0.02336	0.00725	0.00846	0.00564	0.00483	0.00322	0.00161	0.00403	0.00282	0.00322	0.00564
104	0.01214	0.01161	0.01979	0.22101	0.60130	0.01218	0.01561	0.01533	0.01150	0.01611	0.00966	0.01313	0.00793	0.00478	0.00517	0.00159	0.00637	0.00464	0.00251	0.00765
105	0.00700	0.00516	0.00666	0.00753	0.00821	0.00494	0.00528	0.00891	0.05353	0.01446	0.07188	0.64247	0.04704	0.01502	0.00651	0.00205	0.00318	0.06339	0.00487	0.02189
106	0.00744	0.00558	0.00837	0.00837	0.00930	0.00651	0.00651	0.00930	0.00837	0.01209	0.01395	0.02046	0.01302	0.03906	0.79635	0.00837	0.01395	0.00558	0.00279	0.00465
107	0.00744	0.00558	0.00837	0.00837	0.00930	0.00651	0.00651	0.00930	0.00837	0.01209	0.01395	0.02046	0.01302	0.03906	0.79635	0.00837	0.01395	0.00558	0.00279	0.00465
108	0.01184	0.12842	0.19947	0.01781	0.02330	0.01354	0.45609	0.01610	0.01177	0.01605	0.02988	0.03165	0.00910	0.00496	0.00550	0.00165	0.00780	0.00545	0.00261	0.00701
109	0.00720	0.00532	0.00672	0.00637	0.00768	0.00484	0.00478	0.00950	0.01434	0.01993	0.67963	0.04047	0.15185	0.01100	0.00614	0.00165	0.00248	0.00964	0.00561	0.00484
110	0.01045	0.02694	0.79000	0.01484	0.02254	0.01209	0.01924	0.01649	0.01099	0.01649	0.00935	0.01099	0.00660	0.00495	0.00495	0.00165	0.00770	0.00385	0.00220	0.00770
111	0.00805	0.00548	0.00715	0.00665	0.00801	0.00502	0.00502	0.01046	0.01470	0.05428	0.73519	0.03818	0.06093	0.01051	0.00610	0.00164	0.00255	0.00926	0.00575	0.00508
112	0.01874	0.02366	0.01429	0.01301	0.01560	0.74906	0.00976	0.02014	0.01476	0.01323	0.05403	0.01114	0.00923	0.00568	0.00478	0.00136	0.00898	0.00371	0.00286	0.00597
113	0.00724	0.00549	0.00576	0.00557	0.00744	0.00462	0.00422	0.00865	0.01219	0.06040	0.08642	0.04765	0.70087	0.01266	0.00610	0.00174	0.00274	0.01057	0.00498	0.00469
114	0.01330	0.01250	0.02081	0.03078	0.73884	0.01260	0.01562	0.06062	0.01261	0.01795	0.00996	0.01287	0.00829	0.00474	0.00516	0.00155	0.00616	0.00464	0.00273	0.00829
115	0.01980	0.01459	0.01563	0.01198	0.01615	0.01615	0.00990	0.76713	0.02448	0.03282	0.01250	0.01250	0.00886	0.00625	0.00521	0.00156	0.00573	0.00469	0.00521	0.00886
116	0.00746	0.00551	0.00802	0.00802	0.00882	0.00632	0.00607	0.00907	0.00826	0.01183	0.01427	0.02225	0.01380	0.14148	0.69499	0.00793	0.01278	0.00584	0.00284	0.00445
117	0.02336	0.00886	0.01209	0.00927	0.01329	0.00765	0.00765	0.02538	0.01491	0.78810	0.02055	0.01773	0.01289	0.00645	0.00524	0.00161	0.00443	0.00524	0.00645	0.00886
118	0.01956	0.02157	0.01503	0.01296	0.01612	0.54809	0.01001	0.25810	0.01785	0.01913	0.00947	0.01038	0.00739	0.00565	0.00486	0.00141	0.00823	0.00378	0.00349	0.00693
119	0.01881	0.02319	0.01448	0.01310	0.01584	0.69774	0.00987	0.04007	0.09162	0.01416	0.00949	0.01048	0.00769	0.00556	0.00477	0.00139	0.00877	0.00364	0.00301	0.00633
120	0.01945	0.02482	0.01476	0.01342	0.01610	0.79608	0.01006	0.02079	0.01476	0.01275	0.00805	0.00939	0.00671	0.00537	0.00470	0.00134	0.00939	0.00335	0.00268	0.00604
121	0.01064	0.02554	0.70783	0.01561	0.02305	0.01221	0.10001	0.01651	0.01114	0.01651	0.00947	0.01133	0.00674	0.00489	0.00508	0.00166	0.00781	0.00410	0.00225	0.00762
122	0.00641	0.00458	0.00612	0.00733	0.00766	0.00429	0.00495	0.00737	0.01004	0.01337	0.02867	0.78868	0.03430	0.01625	0.00666	0.00212	0.00308	0.03905	0.00483	0.00425
123	0.02336	0.00886	0.01209	0.00927	0.01329	0.00765	0.00765	0.02538	0.01491	0.78810	0.02055	0.01773	0.01289	0.00645	0.00524	0.00161	0.00443	0.00524	0.00645	0.00886
124	0.00737	0.00532	0.00696	0.00655	0.00778	0.00491	0.00491	0.00983	0.01474	0.02088	0.78175	0.03890	0.04914	0.01065	0.00614	0.00164	0.00246	0.00942	0.00573	0.00491
125	0.00839	0.00599	0.00839	0.00959	0.01079	0.00599	0.00839	0.01079	0.01199	0.01558	0.02757	0.05874	0.02997	0.01439	0.00719	0.00240	0.00480	0.74945	0.00480	0.00480
126	0.01080	0.00926	0.01080	0.00771	0.01234	0.00694	0.00617	0.01311	0.01080	0.01697	0.00926	0.01080	0.00771	0.00386	0.00386	0.00077	0.00386	0.00309	0.00309	0.84882
127	0.06221	0.01473	0.09610	0.02130	0.10846	0.01289	0.55734	0.01671	0.02604	0.01719	0.01035	0.01341	0.00784	0.00454	0.00574	0.00172	0.00803	0.00557	0.00267	0.00716
128	0.01388	0.71592	0.09139	0.00962	0.01427	0.05590	0.00984	0.01591	0.01081	0.01263	0.00746	0.00863	0.00668	0.00454	0.00354	0.00117	0.00593	0.00290	0.00225	0.00674
129	0.00983	0.00926	0.01562	0.80447	0.03587	0.01157	0.01446	0.01331	0.01041	0.01331	0.00926	0.01388	0.00694	0.00521	0.00521	0.00174	0.00694	0.00463	0.00231	0.00579
130	0.00726	0.00539	0.00679	0.00639	0.00776	0.00488	0.00480	0.00955	0.01426	0.01985	0.66467	0.03997	0.15198	0.01088	0.00610	0.00164	0.00251	0.00952	0.00556	0.02022
131	0.01483	0.00888	0.01364	0.01063	0.01397	0.00813	0.13880	0.01839	0.07246	0.30479	0.25286	0.02327	0.02307	0.00725	0.00558	0.00160	0.00452	0.00659	0.00524	0.06550
132	0.01200	0.01091	0.01660	0.55861	0.11314	0.03051	0.03368	0.13115	0.01291	0.01682	0.00983	0.01346	0.00740	0.00529	0.00521	0.00168	0.00678	0.00465	0.00281	0.00657
133	0.00665	0.00483	0.00659	0.00805	0.02807	0.00456	0.00535	0.00771	0.01015	0.01354	0.02814	0.74415	0.03347	0.01589	0.00664	0.00212	0.00322	0.06175	0.00477	0.00437
134	0.01045	0.02694	0.79000	0.01484	0.02254	0.01209	0.01924	0.01649	0.01099	0.01649	0.00935	0.01099	0.00660	0.00495	0.00495	0.00165	0.00770	0.00385	0.00220	0.00770
135	0.00905	0.00452	0.00678	0.00678	0.00678	0.00452	0.00452	0.00678	0.00678	0.00905	0.00905	0.01583	0.00905	0.01809	0.02035	0.84848	0.00452	0.00452	0.00226	0.00226
136	0.01590	0.53989	0.02299	0.01034	0.01433	0.20835	0.00930	0.09819	0.01310	0.01460	0.00801	0.00905	0.00692	0.00487	0.00387	0.00122	0.00651	0.00313	0.00266	0.00676
137	0.00983	0.00926	0.01562	0.80447	0.03587	0.01157	0.01446	0.01331	0.01041	0.01331	0.00926	0.01388	0.00694	0.00521	0.00521	0.00174	0.00694	0.00463	0.00231	0.00579
138	0.00987	0.00931	0.01563	0.78407	0.03529	0.01168	0.01438	0.01329	0.01035	0.01329	0.00919	0.01382	0.00694	0.00531	0.00551	0.00175	0.02759	0.00463	0.00231	0.00578
139	0.00744	0.00558	0.00837	0.00837	0.00930	0.00651	0.00651	0.00930	0.00837	0.01209	0.01395	0.02046	0.01302	0.03906	0.79635	0.00837	0.01395	0.00558	0.00279	0.00465
140	0.00634	0.00453	0.00604	0.00725	0.00755	0.00423	0.00483	0.00725	0.00997	0.01329	0.02870	0.81358	0.03444	0.01632	0.00665	0.00211	0.00302	0.01480	0.00483	0.00423
141	0.01981	0.01360	0.01490	0.01153	0.01560	0.01481	0.00949	0.61949	0.07376	0.13172	0.01415	0.01366	0.00986	0.00633	0.00522	0.00158	0.00545	0.00484	0.00538	0.00882
142	0.00737	0.00532	0.00696	0.00655	0.00778	0.00491	0.00491	0.00983	0.01474	0.02088	0.78175	0.03890	0.04914	0.01065	0.00614	0.00164	0.00246	0.00942	0.00573	0.00491
143	0.00634	0.00457	0.00601	0.00715	0.00753	0.00424	0.00479	0.00726	0.01006	0.01333	0.02988	0.77632	0.07094	0.01616	0.00662	0.00210	0.00300	0.01462	0.00483	0.00424
144	0.85377	0.01007	0.00765	0.00685	0.01007	0.01168	0.00564	0.01531	0.00886	0.02336	0.00725	0.00846	0.00564	0.00483	0.00322	0.00161	0.00403	0.00282	0.00322	0.00564
145	0.00737	0.00532	0.00696	0.00655	0.00778	0.00491	0.00491	0.00983	0.01474	0.02088	0.78175	0.03890	0.04914	0.01065	0.00614	0.00164	0.00246	0.00942	0.00573	0.00491
146	0.03274	0.02649	0.76931	0.01463	0.02221	0.01208	0.01888	0.01646	0.01094	0.01667	0.00929	0.01093	0.00657	0.00494	0.00490	0.00165	0.00760	0.00382	0.00223	0.00764
147	0.01945	0.02482	0.01476	0.01342	0.01610	0.79608	0.01006	0.02079	0.01476	0.01275	0.00805	0.00939	0.00671	0.00537	0.00470	0.00134	0.00939	0.00335	0.00268	0.00604
148	0.03915	0.03755	0.01593	0.01584	0.13419	0.54309	0.01082	0.11256	0.01529	0.01615	0.00884	0.01027	0.00719	0.00533	0.00477	0.00140	0.00823	0.00369	0.00299	0.00673
149	0.01050	0.01034	0.01919	0.55229	0.03204	0.01167	0.21789	0.01416	0.01095	0.01453	0.00999	0.01420	0.00752	0.00503	0.00538	0.00172	0.00722	0.00505	0.04427	0.00608
150	0.00634	0.00453	0.00604	0.00725	0.00755	0.00423	0.00483	0.00725	0.00997	0.01329	0.02870	0.81358	0.03444	0.01632	0.00665	0.00211	0.00302	0.01480	0.00483	0.00423
151	0.00744	0.00558	0.00837	0.00837	0.00930	0.00651	0.00651	0.00930	0.00837	0.01209	0.01395	0.02046	0.01302	0.03906	0.79635	0.00837	0.01395	0.00558	0.00279	0.00465
152	0.01222	0.02324	0.59950	0.01441	0.02121	0.01206	0.06156	0.08750	0.01270	0.07010	0.03039	0.01249	0.00841	0.00528	0.00509	0.00164	0.00722	0.00430	0.00288	0.00777
153	0.00634	0.00456	0.00601	0.00717	0.00753	0.00424	0.00480	0.00726	0.01005	0.01332	0.02966	0.78329	0.06412	0.01619	0.00663	0.00210	0.00301	0.01465	0.00483	0.00424
154	0.00983	0.00926	0.01562	0.80447	0.03587	0.01157	0.01446	0.01331	0.01041	0.01331	0.00926	0.01388	0.00694	0.00521	0.00521	0.00174	0.00694	0.00463	0.00231	0.00579
155	0.00632	0.00463	0.00594	0.00698	0.00748	0.00425	0.00472	0.00728	0.01023	0.01340	0.03195	0.71060	0.13533	0.01589	0.00658	0.00207	0.00297	0.01429	0.00483	0.00425
156	0.01229	0.01405	0.03073	0.02195	0.02722	0.01317	0.76558	0.01668	0.01229	0.01668	0.01054	0.01405	0.00790	0.00439	0.00615	0.00176	0.00878	0.00615	0.00263	0.00702
157	0.01248	0.01020	0.01105	0.00973	0.01244	0.01137	0.00760	0.12993	0.47474	0.02288	0.18229	0.02379	0.05290	0.00795	0.00550	0.00171	0.00394	0.00667	0.00536	0.00747
158	0.01080	0.00926	0.01080	0.00771	0.01234	0.00694	0.00617	0.01311	0.01080	0.01697	0.00926	0.01080	0.00771	0.00386	0.00386	0.00077	0.00386	0.00309	0.00309	0.84882
159	0.01045	0.02694	0.79000	0.01484	0.02254	0.01209	0.01924	0.01649	0.01099	0.01649	0.00935	0.01099	0.00660	0.00495	0.00495	0.00165	0.00770	0.00385	0.00220	0.00770
160	0.01626	0.05410	0.01800	0.09165	0.18690	0.38753	0.06787	0.07441	0.02643	0.01565	0.00924	0.01127	0.00746	0.00517	0.00494	0.00147	0.00789	0.00408	0.00283	0.00685
161	0.00796	0.00585	0.00743	0.00697	0.00833	0.00561	0.00527	0.02998	0.05299	0.02096	0.69292	0.05500	0.04575	0.01055	0.00611	0.00167	0.00268	0.02314	0.00566	0.00516
162	0.00836	0.00522	0.00616	0.00614	0.00643	0.00514	0.00369	0.00863	0.00831	0.05675	0.01807	0.12601	0.02030	0.65679	0.03901	0.00456	0.00496	0.00826	0.00354	0.00365
163	0.01221	0.05665	0.04937	0.04484	0.02836	0.00823	0.03331	0.06387	0.02744	0.17246	0.14903	0.24789	0.02465	0.01003	0.00580	0.00178	0.00432	0.04866	0.00483	0.00625
164	0.01072	0.08370	0.53787	0.04694	0.02220	0.01242	0.13123	0.01577	0.01108	0.01588	0.01051	0.05907	0.00847	0.00551	0.00512	0.00166	0.00739	0.00480	0.00243	0.00723
165	0.01078	0.02646	0.76967	0.01470	0.02230	0.01198	0.01894	0.01672	0.01110	0.03666	0.00964	0.01117	0.00676	0.00499	0.00496	0.00165	0.00761	0.00388	0.00231	0.00773
166	0.05171	0.02535	0.70670	0.01488	0.02221	0.01214	0.06293	0.01645	0.01097	0.01684	0.00931	0.01105	0.00663	0.00491	0.00493	0.00165	0.00758	0.00393	0.00227	0.00756
167	0.07129	0.03067	0.05726	0.03160	0.17150	0.22964	0.05610	0.16882	0.01514	0.08793	0.01069	0.01203	0.00812	0.00597	0.01936	0.00164	0.00706	0.00426	0.00350	0.00740
168	0.01380	0.70793	0.10375	0.00969	0.01440	0.05109	0.01000	0.01589	0.01079	0.01270	0.00749	0.00866	0.00668	0.00454	0.00356	0.00118	0.00594	0.00291	0.00224	0.00676
169	0.00630	0.00470	0.00587	0.00681	0.00744	0.00427	0.00464	0.00730	0.01040	0.01347	0.03413	0.64118	0.20334	0.01561	0.00654	0.00203	0.00293	0.01394	0.00483	0.00427
170	0.00983	0.00926	0.01562	0.80447	0.03587	0.01157	0.01446	0.01331	0.01041	0.01331	0.00926	0.01388	0.00694	0.00521	0.00521	0.00174	0.00694	0.00463	0.00231	0.00579
171	0.01299	0.02700	0.05010	0.28683	0.08995	0.01227	0.28862	0.05862	0.01249	0.09338	0.01104	0.01396	0.00808	0.00502	0.00551	0.00169	0.00724	0.00519	0.00302	0.00701
172	0.00721	0.00535	0.00674	0.00648	0.00780	0.00488	0.00492	0.00946	0.01411	0.01944	0.61805	0.04182	0.17584	0.01127	0.00620	0.00170	0.00260	0.04581	0.00553	0.00482
173	0.00829	0.00594	0.00826	0.00943	0.01062	0.00591	0.00820	0.01062	0.01193	0.01549	0.02818	0.07801	0.04744	0.01441	0.00715	0.00238	0.00470	0.71346	0.00480	0.00477
174	0.01439	0.60498	0.09992	0.00993	0.01448	0.07626	0.00992	0.01712	0.04845	0.05014	0.00882	0.00968	0.00742	0.00479	0.00379	0.00124	0.00594	0.00320	0.00261	0.00691
175	0.01980	0.01459	0.01563	0.01198	0.01615	0.01615	0.00990	0.76713	0.02448	0.03282	0.01250	0.01250	0.00886	0.00625	0.00521	0.00156	0.00573	0.00469	0.00521	0.00886
176	0.00757	0.00505	0.00568	0.00568	0.00568	0.00505	0.00316	0.00757	0.00757	0.01010	0.01641	0.03408	0.01893	0.81698	0.02651	0.00505	0.00505	0.00757	0.00316	0.00316
177	0.01013	0.00969	0.01679	0.72027	0.07189	0.01170	0.05917	0.01364	0.01060	0.01369	0.00936	0.01385	0.00706	0.00513	0.00526	0.00173	0.00701	0.00472	0.00235	0.00598
178	0.00856	0.00556	0.00731	0.00680	0.00820	0.00509	0.00512	0.01091	0.01452	0.07989	0.68608	0.07507	0.04561	0.01060	0.00610	0.00166	0.00264	0.00936	0.00574	0.00519
179	0.01431	0.01807	0.08472	0.01112	0.01366	0.43850	0.00899	0.02816	0.01346	0.01439	0.10821	0.10109	0.05754	0.05738	0.00653	0.00174	0.00702	0.00604	0.00342	0.00565
180	0.01298	0.01258	0.02073	0.03105	0.74938	0.03297	0.01568	0.01601	0.01194	0.01687	0.01009	0.01367	0.00862	0.00485	0.00518	0.00156	0.00624	0.01885	0.00262	0.00812
181	0.00906	0.00630	0.00742	0.00707	0.00880	0.00598	0.00531	0.01254	0.11557	0.08827	0.26952	0.15968	0.26155	0.01144	0.00603	0.00176	0.00301	0.00988	0.00533	0.00546

[dist]
# distance from previous block
# <min> <max>
0	2

# created by:
# /st0/software/busco_prod/Augustus/scripts/msa2prfl.pl ./align_prep/166883.fa
