[name]
unknown

[dist]
# distance from previous block
# <min> <max>
5	7

[block]
# block no. 0 follows, 45 sequences, length 7
# corresponding to MSA columns:
# 8-14
name=unknown_A
#
# <colnr> <probs for GDERKNQSTAVLIFYWHMCP>
#	G	D	E	R	K	N	Q	S	T	A	V	L	I	F	Y	W	H	M	C	P
0	0.00957	0.00736	0.00811	0.00748	0.00947	0.00717	0.00569	0.16956	0.01505	0.01943	0.13609	0.18375	0.37624	0.01232	0.00623	0.00182	0.00345	0.01046	0.00519	0.00556
1	0.08621	0.00776	0.00816	0.00728	0.00944	0.00827	0.00573	0.13150	0.06226	0.05926	0.01748	0.01910	0.04125	0.00951	0.07299	0.00207	0.00444	0.00518	0.43599	0.00612
2	0.01076	0.00915	0.01342	0.42397	0.02464	0.01086	0.01125	0.11555	0.01232	0.01626	0.01457	0.18559	0.01422	0.05438	0.00773	0.00208	0.05674	0.00720	0.00340	0.00590
3	0.01168	0.00912	0.01184	0.00927	0.01300	0.00769	0.05812	0.04705	0.03822	0.07288	0.01535	0.18340	0.01461	0.00719	0.00497	0.00130	0.00428	0.00633	0.00396	0.47974
4	0.07215	0.05722	0.01715	0.11751	0.01780	0.03243	0.10215	0.01361	0.00948	0.01415	0.00899	0.01408	0.00829	0.06530	0.05227	0.00259	0.38146	0.00492	0.00257	0.00588
5	0.01485	0.00963	0.01128	0.00946	0.01255	0.00974	0.00754	0.11332	0.20671	0.18798	0.05069	0.02316	0.09748	0.00863	0.00683	0.05957	0.02338	0.03699	0.00510	0.10513
6	0.00975	0.00600	0.00786	0.00747	0.00885	0.00586	0.00564	0.01166	0.01244	0.11182	0.29185	0.12323	0.07878	0.07150	0.12551	0.00305	0.02400	0.03030	0.05913	0.00530

[dist]
# distance from previous block
# <min> <max>
48	85

[block]
# block no. 1 follows, 45 sequences, length 15
# corresponding to MSA columns:
# 101-115
name=unknown_B
#
# <colnr> <probs for GDERKNQSTAVLIFYWHMCP>
#	G	D	E	R	K	N	Q	S	T	A	V	L	I	F	Y	W	H	M	C	P
0	0.02218	0.01054	0.01251	0.00988	0.01372	0.06762	0.00804	0.06622	0.03650	0.60985	0.06984	0.01881	0.01514	0.00685	0.00542	0.00164	0.00489	0.00552	0.00620	0.00863
1	0.01894	0.01236	0.01354	0.01095	0.01449	0.05607	0.00884	0.36930	0.05759	0.22739	0.01667	0.07542	0.01282	0.00996	0.06789	0.00222	0.00614	0.00583	0.00534	0.00823
2	0.08194	0.02090	0.01652	0.01507	0.07024	0.48631	0.06750	0.14543	0.01605	0.01809	0.00933	0.01077	0.00741	0.00552	0.00496	0.00149	0.00834	0.00396	0.00324	0.00692
3	0.00932	0.00466	0.00699	0.00699	0.00699	0.00466	0.00466	0.00699	0.00699	0.00932	0.00932	0.01632	0.00932	0.01865	0.02098	0.84382	0.00466	0.00466	0.00233	0.00233
4	0.01555	0.19367	0.01673	0.01187	0.05444	0.12795	0.00923	0.09829	0.28231	0.06657	0.01689	0.01654	0.05437	0.00652	0.00495	0.00156	0.00559	0.00503	0.00425	0.00769
5	0.05283	0.28530	0.16753	0.01200	0.01684	0.08621	0.04133	0.16481	0.01448	0.07670	0.01020	0.01113	0.00781	0.00543	0.00488	0.00148	0.02621	0.00390	0.00333	0.00758
6	0.05545	0.14196	0.38340	0.01420	0.02014	0.01429	0.10924	0.08575	0.01244	0.01808	0.00950	0.01134	0.00722	0.00526	0.00559	0.00162	0.05197	0.00413	0.00272	0.04570
7	0.01367	0.01410	0.06220	0.04802	0.57601	0.03185	0.08799	0.06807	0.01316	0.01840	0.01028	0.01321	0.00835	0.00492	0.00540	0.00162	0.00678	0.00486	0.00283	0.00828
8	0.02041	0.01504	0.01611	0.01235	0.01665	0.01665	0.01020	0.75997	0.02524	0.03383	0.01289	0.01289	0.00913	0.00644	0.00537	0.00161	0.00591	0.00483	0.00537	0.00913
9	0.01113	0.00954	0.01113	0.00795	0.01272	0.00716	0.00636	0.01352	0.01113	0.01749	0.00954	0.01113	0.00795	0.00398	0.00398	0.00080	0.00398	0.00318	0.00318	0.84417
10	0.00767	0.00575	0.00863	0.00863	0.00959	0.00671	0.00671	0.00959	0.00863	0.01246	0.01438	0.02109	0.01342	0.04026	0.79008	0.00863	0.01438	0.00575	0.00288	0.00479
11	0.01170	0.23182	0.58763	0.01371	0.02078	0.01474	0.01707	0.01676	0.01122	0.01587	0.00907	0.01063	0.00682	0.00497	0.00467	0.00156	0.00736	0.00368	0.00227	0.00766
12	0.01274	0.01095	0.01158	0.01046	0.01335	0.01253	0.00812	0.02665	0.69624	0.02201	0.05675	0.02253	0.05677	0.00777	0.00555	0.00181	0.00409	0.00650	0.00546	0.00814
13	0.00654	0.00467	0.00623	0.00747	0.00779	0.00436	0.00498	0.00747	0.01028	0.01370	0.02959	0.80785	0.03550	0.01682	0.00685	0.00218	0.00311	0.01526	0.00498	0.00436
14	0.11836	0.02439	0.64416	0.01380	0.02080	0.01203	0.01728	0.01649	0.01125	0.01814	0.04850	0.01247	0.00892	0.00539	0.00493	0.00169	0.00717	0.00412	0.00259	0.00751

[dist]
# distance from previous block
# <min> <max>
0	52

[block]
# block no. 2 follows, 45 sequences, length 29
# corresponding to MSA columns:
# 168-191,236-240
name=unknown_C
#
# <colnr> <probs for GDERKNQSTAVLIFYWHMCP>
#	G	D	E	R	K	N	Q	S	T	A	V	L	I	F	Y	W	H	M	C	P
0	0.00671	0.00480	0.00638	0.00736	0.00782	0.00447	0.00500	0.00789	0.01106	0.01494	0.14764	0.68626	0.03790	0.01589	0.00677	0.00210	0.00302	0.01438	0.00513	0.00447
1	0.05750	0.16112	0.54142	0.01353	0.02031	0.01434	0.01636	0.08476	0.01241	0.01817	0.00944	0.01087	0.00698	0.00513	0.00474	0.00159	0.00717	0.00380	0.00261	0.00775
2	0.12273	0.00964	0.01495	0.65502	0.04996	0.01182	0.01357	0.01399	0.01059	0.01525	0.00974	0.01468	0.00759	0.00554	0.00514	0.00178	0.00668	0.02275	0.00258	0.00598
3	0.03569	0.77195	0.02725	0.00926	0.01377	0.04266	0.00913	0.01622	0.01098	0.01293	0.00749	0.00864	0.00686	0.00463	0.00348	0.00117	0.00581	0.00289	0.00234	0.00684
4	0.02247	0.00896	0.01207	0.00937	0.01326	0.00787	0.00769	0.04479	0.01562	0.69155	0.08993	0.02012	0.01659	0.00703	0.00548	0.00166	0.00442	0.00578	0.00654	0.00876
5	0.01387	0.63899	0.17050	0.01050	0.01566	0.04573	0.01124	0.01643	0.01113	0.01347	0.00790	0.00916	0.00687	0.00472	0.00380	0.00126	0.00629	0.00310	0.00231	0.00706
6	0.01174	0.24184	0.57801	0.01364	0.02066	0.01485	0.01694	0.01675	0.01122	0.01581	0.00904	0.01059	0.00682	0.00496	0.00465	0.00155	0.00734	0.00367	0.00227	0.00765
7	0.01230	0.21297	0.53365	0.01423	0.04055	0.06652	0.01660	0.01706	0.01152	0.01572	0.00904	0.01063	0.00687	0.00500	0.00470	0.00155	0.00749	0.00370	0.00232	0.00759
8	0.01290	0.01547	0.10992	0.03714	0.13730	0.04253	0.37838	0.01929	0.15531	0.01799	0.01256	0.01481	0.00954	0.00521	0.00580	0.00175	0.00760	0.00564	0.00317	0.00768
9	0.00634	0.00544	0.00544	0.00544	0.00725	0.00453	0.00408	0.00770	0.01224	0.01450	0.05438	0.05166	0.77569	0.01359	0.00634	0.00181	0.00272	0.01133	0.00498	0.00453
10	0.01329	0.01275	0.02179	0.03295	0.77787	0.01275	0.01647	0.01647	0.01222	0.01754	0.01010	0.01329	0.00850	0.00478	0.00531	0.00159	0.00638	0.00478	0.00266	0.00850
11	0.06755	0.00795	0.00887	0.00798	0.01012	0.02228	0.00609	0.05560	0.11968	0.11969	0.26837	0.08465	0.12332	0.06515	0.00729	0.00198	0.00371	0.00825	0.00532	0.00613
12	0.02379	0.00961	0.01275	0.00977	0.01394	0.00859	0.00807	0.08460	0.01615	0.72203	0.02052	0.01784	0.01296	0.00663	0.00540	0.00166	0.00467	0.00535	0.00654	0.00913
13	0.00767	0.00575	0.00863	0.00863	0.00959	0.00671	0.00671	0.00959	0.00863	0.01246	0.01438	0.02109	0.01342	0.04026	0.79008	0.00863	0.01438	0.00575	0.00288	0.00479
14	0.01014	0.00954	0.01610	0.79845	0.03697	0.01193	0.01491	0.01371	0.01073	0.01371	0.00954	0.01431	0.00716	0.00537	0.00537	0.00179	0.00716	0.00477	0.00239	0.00596
15	0.01013	0.00940	0.01574	0.77298	0.03598	0.01170	0.01455	0.01368	0.01075	0.01392	0.00980	0.01449	0.00737	0.00540	0.00531	0.00177	0.00701	0.00478	0.02931	0.00593
16	0.00687	0.00491	0.00661	0.00786	0.00831	0.00465	0.00556	0.00805	0.01061	0.01408	0.02940	0.68950	0.03477	0.01650	0.00694	0.00223	0.00340	0.13031	0.00498	0.00445
17	0.02408	0.00914	0.01246	0.00955	0.01370	0.00789	0.00789	0.02616	0.01536	0.78158	0.02118	0.01827	0.01329	0.00664	0.00540	0.00166	0.00457	0.00540	0.00664	0.00914
18	0.01329	0.01275	0.02179	0.03295	0.77787	0.01275	0.01647	0.01647	0.01222	0.01754	0.01010	0.01329	0.00850	0.00478	0.00531	0.00159	0.00638	0.00478	0.00266	0.00850
19	0.00881	0.00691	0.01038	0.00891	0.00994	0.00686	0.12330	0.02631	0.00911	0.01227	0.01612	0.05665	0.01759	0.58392	0.07675	0.00473	0.00641	0.00761	0.00325	0.00416
20	0.00769	0.00566	0.00819	0.00819	0.00899	0.00647	0.00616	0.00930	0.00850	0.01214	0.01478	0.02331	0.01438	0.16237	0.66928	0.00808	0.01293	0.00608	0.00294	0.00455
21	0.01174	0.01174	0.01644	0.01409	0.01409	0.01644	0.01174	0.01292	0.00822	0.01292	0.00705	0.01174	0.00705	0.00940	0.01762	0.00235	0.80153	0.00470	0.00235	0.00587
22	0.01113	0.00954	0.01113	0.00795	0.01272	0.00716	0.00636	0.01352	0.01113	0.01749	0.00954	0.01113	0.00795	0.00398	0.00398	0.00080	0.00398	0.00318	0.00318	0.84417
23	0.01435	0.81458	0.02813	0.00918	0.01378	0.02124	0.00918	0.01607	0.01091	0.01263	0.00746	0.00861	0.00689	0.00459	0.00344	0.00115	0.00574	0.00287	0.00230	0.00689
24	0.00760	0.00549	0.00718	0.00675	0.00802	0.00506	0.00506	0.01013	0.01519	0.02153	0.77503	0.04010	0.05065	0.01097	0.00633	0.00169	0.00253	0.00971	0.00591	0.00506
25	0.00767	0.00575	0.00863	0.00863	0.00959	0.00671	0.00671	0.00959	0.00863	0.01246	0.01438	0.02109	0.01342	0.04026	0.79008	0.00863	0.01438	0.00575	0.00288	0.00479
26	0.01571	0.62719	0.02509	0.01025	0.01445	0.18394	0.00946	0.03604	0.01218	0.01327	0.00778	0.00895	0.00695	0.00484	0.00379	0.00121	0.00658	0.00304	0.00247	0.00680
27	0.71745	0.01205	0.01015	0.00872	0.01213	0.08331	0.05655	0.01639	0.00993	0.02262	0.00778	0.00919	0.00607	0.00500	0.00366	0.00165	0.00499	0.00319	0.00323	0.00595
28	0.01182	0.01080	0.01744	0.54694	0.20892	0.01255	0.01484	0.08265	0.01241	0.01645	0.00998	0.01394	0.00765	0.00533	0.00535	0.00173	0.00686	0.00478	0.00272	0.00685

[dist]
# distance from previous block
# <min> <max>
0	1

[block]
# block no. 3 follows, 45 sequences, length 88
# corresponding to MSA columns:
# 242-283,306-351
name=unknown_D
#
# <colnr> <probs for GDERKNQSTAVLIFYWHMCP>
#	G	D	E	R	K	N	Q	S	T	A	V	L	I	F	Y	W	H	M	C	P
0	0.77209	0.01198	0.07928	0.00782	0.01156	0.01208	0.00710	0.01589	0.00934	0.02343	0.00767	0.00896	0.00590	0.00499	0.00349	0.00166	0.00450	0.00300	0.00322	0.00601
1	0.01369	0.01312	0.06097	0.01121	0.01445	0.06116	0.00918	0.05327	0.58680	0.03679	0.02033	0.06400	0.01596	0.00754	0.00548	0.00180	0.00482	0.00624	0.00508	0.00812
2	0.00654	0.00467	0.00623	0.00747	0.00779	0.00436	0.00498	0.00747	0.01028	0.01370	0.02959	0.80785	0.03550	0.01682	0.00685	0.00218	0.00311	0.01526	0.00498	0.00436
3	0.01121	0.02642	0.71907	0.01630	0.07080	0.01239	0.01937	0.01716	0.01147	0.03315	0.00991	0.01160	0.00704	0.00511	0.00512	0.00169	0.00776	0.00405	0.00238	0.00799
4	0.01148	0.02521	0.65895	0.01753	0.12501	0.01238	0.01904	0.01718	0.01157	0.03847	0.01002	0.01179	0.00721	0.00510	0.00514	0.00168	0.00763	0.00412	0.00244	0.00804
5	0.81926	0.03928	0.00862	0.00714	0.01050	0.01237	0.00593	0.01579	0.00920	0.02367	0.00747	0.00872	0.00585	0.00497	0.00333	0.00164	0.00421	0.00291	0.00329	0.00585
6	0.01077	0.02777	0.78354	0.01530	0.02323	0.01247	0.01983	0.01700	0.01133	0.01700	0.00963	0.01133	0.00680	0.00510	0.00510	0.00170	0.00793	0.00397	0.00227	0.00793
7	0.01335	0.01153	0.01214	0.01092	0.01396	0.01335	0.00850	0.02852	0.76817	0.02245	0.02185	0.02003	0.01639	0.00728	0.00546	0.00182	0.00425	0.00607	0.00546	0.00850
8	0.02284	0.00949	0.01253	0.00961	0.01378	0.00837	0.00791	0.05893	0.03373	0.68074	0.02008	0.01762	0.01283	0.00648	0.00531	0.00161	0.00458	0.00525	0.00634	0.06197
9	0.01077	0.02777	0.78354	0.01530	0.02323	0.01247	0.01983	0.01700	0.01133	0.01700	0.00963	0.01133	0.00680	0.00510	0.00510	0.00170	0.00793	0.00397	0.00227	0.00793
10	0.05390	0.01048	0.01297	0.01009	0.01416	0.01010	0.00830	0.16797	0.06636	0.55844	0.01910	0.01698	0.01240	0.00658	0.00532	0.00166	0.00479	0.00524	0.00619	0.00897
11	0.01022	0.00954	0.01605	0.69097	0.09087	0.01166	0.01451	0.01366	0.01071	0.01392	0.00989	0.01466	0.00765	0.00753	0.05503	0.00221	0.00755	0.00483	0.00244	0.00608
12	0.00781	0.00520	0.00585	0.00585	0.00585	0.00520	0.00325	0.00781	0.00781	0.01041	0.01691	0.03513	0.01952	0.81135	0.02732	0.00520	0.00520	0.00781	0.00325	0.00325
13	0.00634	0.00544	0.00544	0.00544	0.00725	0.00453	0.00408	0.00770	0.01224	0.01450	0.05438	0.05166	0.77569	0.01359	0.00634	0.00181	0.00272	0.01133	0.00498	0.00453
14	0.01322	0.01297	0.02194	0.07604	0.67061	0.03016	0.06321	0.01647	0.01223	0.01720	0.01007	0.01334	0.00837	0.00482	0.00537	0.00161	0.00667	0.00485	0.00265	0.00823
15	0.00634	0.00544	0.00544	0.00544	0.00725	0.00453	0.00408	0.00770	0.01224	0.01450	0.05438	0.05166	0.77569	0.01359	0.00634	0.00181	0.00272	0.01133	0.00498	0.00453
16	0.01267	0.01448	0.03167	0.02262	0.02805	0.01357	0.75837	0.01719	0.01267	0.01719	0.01086	0.01448	0.00814	0.00452	0.00633	0.00181	0.00905	0.00633	0.00271	0.00724
17	0.02408	0.00914	0.01246	0.00955	0.01370	0.00789	0.00789	0.02616	0.01536	0.78158	0.02118	0.01827	0.01329	0.00664	0.00540	0.00166	0.00457	0.00540	0.00664	0.00914
18	0.02408	0.00914	0.01246	0.00955	0.01370	0.00789	0.00789	0.02616	0.01536	0.78158	0.02118	0.01827	0.01329	0.00664	0.00540	0.00166	0.00457	0.00540	0.00664	0.00914
19	0.00767	0.00575	0.00863	0.00863	0.00959	0.00671	0.00671	0.00959	0.00863	0.01246	0.01438	0.02109	0.01342	0.04026	0.79008	0.00863	0.01438	0.00575	0.00288	0.00479
20	0.01077	0.02777	0.78354	0.01530	0.02323	0.01247	0.01983	0.01700	0.01133	0.01700	0.00963	0.01133	0.00680	0.00510	0.00510	0.00170	0.00793	0.00397	0.00227	0.00793
21	0.00654	0.00467	0.00623	0.00747	0.00779	0.00436	0.00498	0.00747	0.01028	0.01370	0.02959	0.80785	0.03550	0.01682	0.00685	0.00218	0.00311	0.01526	0.00498	0.00436
22	0.00654	0.00467	0.00623	0.00747	0.00779	0.00436	0.00498	0.00747	0.01028	0.01370	0.02959	0.80785	0.03550	0.01682	0.00685	0.00218	0.00311	0.01526	0.00498	0.00436
23	0.00708	0.00564	0.00647	0.00687	0.00845	0.00504	0.00551	0.00879	0.01229	0.01513	0.06455	0.07550	0.51128	0.01399	0.00668	0.00202	0.00340	0.23165	0.00500	0.00466
24	0.01425	0.79226	0.04956	0.00936	0.01405	0.02099	0.00949	0.01610	0.01092	0.01275	0.00752	0.00869	0.00689	0.00461	0.00349	0.00116	0.00580	0.00290	0.00230	0.00692
25	0.08102	0.20248	0.17824	0.10755	0.05297	0.03987	0.03359	0.07447	0.04143	0.05888	0.07097	0.01407	0.01127	0.00572	0.00479	0.00156	0.00614	0.00449	0.00331	0.00718
26	0.01192	0.25098	0.52207	0.01423	0.03664	0.01502	0.04648	0.01673	0.01128	0.01577	0.00907	0.01073	0.00692	0.00493	0.00468	0.00155	0.00732	0.00377	0.00230	0.00762
27	0.01243	0.01379	0.08444	0.23343	0.33649	0.03291	0.14746	0.02978	0.02608	0.01668	0.01027	0.01363	0.00805	0.00502	0.00548	0.00169	0.00723	0.00498	0.00267	0.00750
28	0.01035	0.00976	0.01643	0.74041	0.07831	0.01206	0.01494	0.01386	0.01077	0.01392	0.00952	0.01420	0.00723	0.00541	0.00560	0.00179	0.02218	0.00477	0.00240	0.00610
29	0.07987	0.00995	0.01623	0.62671	0.09236	0.01191	0.04078	0.01415	0.01089	0.01518	0.02672	0.01435	0.00817	0.00538	0.00525	0.00176	0.00681	0.00478	0.00258	0.00618
30	0.01438	0.04245	0.02648	0.02217	0.17635	0.02778	0.45773	0.03367	0.01310	0.10112	0.01169	0.01427	0.00873	0.00486	0.00584	0.00170	0.00777	0.00566	0.00318	0.02109
31	0.00767	0.00575	0.00863	0.00863	0.00959	0.00671	0.00671	0.00959	0.00863	0.01246	0.01438	0.02109	0.01342	0.04026	0.79008	0.00863	0.01438	0.00575	0.00288	0.00479
32	0.01435	0.81458	0.02813	0.00918	0.01378	0.02124	0.00918	0.01607	0.01091	0.01263	0.00746	0.00861	0.00689	0.00459	0.00344	0.00115	0.00574	0.00287	0.00230	0.00689
33	0.02586	0.00913	0.01238	0.21647	0.11239	0.04287	0.01050	0.04728	0.03220	0.01662	0.05815	0.07760	0.09270	0.00978	0.00610	0.00195	0.00547	0.21265	0.00396	0.00594
34	0.01414	0.63573	0.15633	0.01040	0.01549	0.04710	0.01102	0.01663	0.01122	0.02882	0.00814	0.00931	0.00700	0.00475	0.00382	0.00126	0.00623	0.00313	0.00240	0.00709
35	0.01617	0.01918	0.01541	0.01372	0.01526	0.44498	0.01075	0.01746	0.01217	0.01307	0.00851	0.03793	0.00795	0.00751	0.01016	0.00181	0.33491	0.00437	0.00267	0.00601
36	0.01008	0.00944	0.01540	0.67264	0.03278	0.01184	0.01383	0.01323	0.01043	0.01353	0.01092	0.01602	0.02995	0.03898	0.00739	0.00198	0.07817	0.00508	0.00249	0.00580
37	0.00785	0.00584	0.00736	0.00697	0.00834	0.00553	0.00522	0.01106	0.06252	0.02091	0.66018	0.06585	0.08980	0.01109	0.00629	0.00172	0.00267	0.00976	0.00580	0.00523
38	0.02005	0.02558	0.01521	0.01383	0.01659	0.78980	0.01037	0.02143	0.01521	0.01314	0.00830	0.00968	0.00691	0.00553	0.00484	0.00138	0.00968	0.00346	0.00277	0.00622
39	0.01113	0.00954	0.01113	0.00795	0.01272	0.00716	0.00636	0.01352	0.01113	0.01749	0.00954	0.01113	0.00795	0.00398	0.00398	0.00080	0.00398	0.00318	0.00318	0.84417
40	0.00817	0.00584	0.00810	0.00934	0.01037	0.00577	0.00782	0.01030	0.01189	0.01553	0.02868	0.22936	0.03193	0.01528	0.00729	0.00241	0.00453	0.57763	0.00495	0.00481
41	0.01325	0.01285	0.02236	0.03235	0.73460	0.01280	0.05929	0.01652	0.01225	0.01752	0.01014	0.01335	0.00848	0.00477	0.00537	0.00161	0.00653	0.00487	0.00266	0.00843
42	0.02408	0.00914	0.01246	0.00955	0.01370	0.00789	0.00789	0.02616	0.01536	0.78158	0.02118	0.01827	0.01329	0.00664	0.00540	0.00166	0.00457	0.00540	0.00664	0.00914
43	0.02041	0.01504	0.01611	0.01235	0.01665	0.01665	0.01020	0.75997	0.02524	0.03383	0.01289	0.01289	0.00913	0.00644	0.00537	0.00161	0.00591	0.00483	0.00537	0.00913
44	0.01271	0.01633	0.14886	0.06559	0.02708	0.01350	0.55116	0.06398	0.01314	0.01802	0.01072	0.01387	0.00794	0.00479	0.00602	0.00178	0.00856	0.00577	0.00279	0.00740
45	0.02399	0.00929	0.01255	0.00962	0.01378	0.00812	0.00795	0.04521	0.01562	0.76217	0.02096	0.01813	0.01318	0.00664	0.00540	0.00166	0.00460	0.00538	0.00661	0.00914
46	0.00932	0.00466	0.00699	0.00699	0.00699	0.00466	0.00466	0.00699	0.00699	0.00932	0.00932	0.01632	0.00932	0.01865	0.02098	0.84382	0.00466	0.00466	0.00233	0.00233
47	0.00872	0.00631	0.00865	0.00966	0.01096	0.00633	0.00835	0.01164	0.03854	0.01673	0.08982	0.05747	0.03203	0.01425	0.00726	0.00238	0.00472	0.65606	0.00504	0.00507
48	0.01201	0.21760	0.57890	0.01366	0.02067	0.01446	0.01692	0.01704	0.01134	0.03764	0.00944	0.01087	0.00701	0.00502	0.00471	0.00157	0.00731	0.00374	0.00240	0.00771
49	0.00932	0.00466	0.00699	0.00699	0.00699	0.00466	0.00466	0.00699	0.00699	0.00932	0.00932	0.01632	0.00932	0.01865	0.02098	0.84382	0.00466	0.00466	0.00233	0.00233
50	0.00685	0.00491	0.00651	0.00726	0.00786	0.00457	0.00501	0.00826	0.01174	0.01603	0.25147	0.57933	0.04001	0.01508	0.00670	0.00203	0.00294	0.01361	0.00526	0.00457
51	0.00796	0.00596	0.00770	0.00856	0.00997	0.00569	0.00729	0.01011	0.01232	0.01560	0.03613	0.05791	0.25218	0.01446	0.00710	0.00228	0.00428	0.52472	0.00496	0.00482
52	0.01329	0.01275	0.02179	0.03295	0.77787	0.01275	0.01647	0.01647	0.01222	0.01754	0.01010	0.01329	0.00850	0.00478	0.00531	0.00159	0.00638	0.00478	0.00266	0.00850
53	0.01329	0.01275	0.02179	0.03295	0.77787	0.01275	0.01647	0.01647	0.01222	0.01754	0.01010	0.01329	0.00850	0.00478	0.00531	0.00159	0.00638	0.00478	0.00266	0.00850
54	0.03105	0.00984	0.01651	0.72078	0.07891	0.01201	0.02818	0.01399	0.01081	0.01425	0.00955	0.01412	0.00722	0.00531	0.00533	0.00177	0.00707	0.00475	0.00243	0.00613
55	0.01304	0.01251	0.02135	0.09173	0.72098	0.01269	0.01635	0.01626	0.01211	0.01724	0.01005	0.01336	0.00840	0.00483	0.00532	0.00161	0.00644	0.00478	0.00264	0.00831
56	0.02385	0.00951	0.01269	0.00973	0.01389	0.00844	0.00804	0.07261	0.01599	0.73425	0.02065	0.01793	0.01302	0.00663	0.00540	0.00166	0.00465	0.00536	0.00656	0.00913
57	0.00786	0.00518	0.00590	0.00590	0.00590	0.00518	0.00331	0.00777	0.00777	0.01037	0.01662	0.03440	0.01912	0.78070	0.02708	0.03763	0.00518	0.00768	0.00322	0.00322
58	0.01379	0.69236	0.14547	0.01013	0.01525	0.01988	0.01084	0.01622	0.01097	0.01331	0.00780	0.00903	0.00687	0.00467	0.00370	0.00123	0.00608	0.00304	0.00229	0.00705
59	0.01269	0.01441	0.03127	0.02305	0.05877	0.01354	0.72798	0.01717	0.01265	0.01721	0.01083	0.01443	0.00816	0.00454	0.00629	0.00180	0.00894	0.00627	0.00271	0.00729
60	0.01021	0.00968	0.01655	0.77594	0.03671	0.01197	0.03648	0.01382	0.01079	0.01382	0.00958	0.01432	0.00718	0.00534	0.00539	0.00179	0.00721	0.00482	0.00239	0.00600
61	0.84927	0.01038	0.00789	0.00706	0.01038	0.01204	0.00581	0.01578	0.00914	0.02408	0.00747	0.00872	0.00581	0.00498	0.00332	0.00166	0.00415	0.00291	0.00332	0.00581
62	0.01404	0.74578	0.09419	0.00972	0.01460	0.02047	0.01012	0.01615	0.01094	0.01301	0.00765	0.00885	0.00688	0.00464	0.00359	0.00120	0.00593	0.00297	0.00229	0.00698
63	0.00865	0.00618	0.00865	0.00989	0.01112	0.00618	0.00865	0.01112	0.01236	0.01606	0.02842	0.06055	0.03089	0.01483	0.00741	0.00247	0.00494	0.74174	0.00494	0.00494
64	0.02408	0.00914	0.01246	0.00955	0.01370	0.00789	0.00789	0.02616	0.01536	0.78158	0.02118	0.01827	0.01329	0.00664	0.00540	0.00166	0.00457	0.00540	0.00664	0.00914
65	0.00880	0.00590	0.00672	0.00626	0.00822	0.00507	0.00478	0.01054	0.01334	0.10906	0.22822	0.04477	0.50449	0.01211	0.00623	0.00176	0.00290	0.01021	0.00541	0.00522
66	0.02200	0.00994	0.01308	0.01009	0.01407	0.00922	0.02486	0.14339	0.01689	0.58663	0.07609	0.01895	0.01530	0.00689	0.00548	0.00166	0.00473	0.00565	0.00629	0.00879
67	0.02313	0.00892	0.01215	0.00939	0.01337	0.00773	0.00773	0.02523	0.01535	0.73772	0.06468	0.01953	0.01544	0.00689	0.00545	0.00166	0.00445	0.00565	0.00660	0.00890
68	0.00932	0.00466	0.00699	0.00699	0.00699	0.00466	0.00466	0.00699	0.00699	0.00932	0.00932	0.01632	0.00932	0.01865	0.02098	0.84382	0.00466	0.00466	0.00233	0.00233
69	0.02362	0.00903	0.01231	0.00947	0.01354	0.00781	0.00781	0.02571	0.01536	0.76031	0.04228	0.01888	0.01433	0.00677	0.00542	0.00166	0.00451	0.00552	0.00662	0.00902
70	0.01077	0.02777	0.78354	0.01530	0.02323	0.01247	0.01983	0.01700	0.01133	0.01700	0.00963	0.01133	0.00680	0.00510	0.00510	0.00170	0.00793	0.00397	0.00227	0.00793
71	0.01258	0.01430	0.03116	0.02234	0.02768	0.01341	0.74172	0.01706	0.01266	0.01717	0.01125	0.01550	0.00865	0.00475	0.00636	0.00182	0.00896	0.02267	0.00276	0.00719
72	0.01267	0.01448	0.03167	0.02262	0.02805	0.01357	0.75837	0.01719	0.01267	0.01719	0.01086	0.01448	0.00814	0.00452	0.00633	0.00181	0.00905	0.00633	0.00271	0.00724
73	0.01238	0.01384	0.02960	0.02147	0.02642	0.01322	0.68084	0.01664	0.01247	0.01695	0.01182	0.01729	0.00954	0.00537	0.00686	0.00187	0.04072	0.05282	0.00284	0.00704
74	0.00943	0.00861	0.01433	0.61382	0.03058	0.01035	0.02860	0.01246	0.01068	0.01379	0.01383	0.18300	0.01320	0.00778	0.00570	0.00187	0.00634	0.00703	0.00294	0.00565
75	0.02841	0.04514	0.75026	0.01499	0.02275	0.01266	0.01930	0.01695	0.01128	0.01705	0.00954	0.01122	0.00678	0.00509	0.00503	0.00169	0.00780	0.00392	0.00229	0.00787
76	0.00735	0.00534	0.00711	0.00823	0.00905	0.00509	0.00635	0.00894	0.01128	0.01471	0.03146	0.44151	0.10342	0.01573	0.00703	0.00226	0.00380	0.30176	0.00497	0.00461
77	0.01875	0.02242	0.01457	0.01311	0.01595	0.61556	0.00993	0.06457	0.11414	0.01585	0.03789	0.01231	0.00985	0.00601	0.00501	0.00146	0.00850	0.00410	0.00338	0.00665
78	0.00658	0.00483	0.00618	0.00715	0.00773	0.00443	0.00487	0.00767	0.01086	0.01431	0.08018	0.65632	0.13717	0.01601	0.00675	0.00210	0.00302	0.01437	0.00504	0.00443
79	0.01084	0.01025	0.01736	0.62853	0.20143	0.01211	0.01526	0.01433	0.01106	0.01456	0.00966	0.01408	0.00745	0.00524	0.00536	0.00175	0.00698	0.00477	0.00245	0.00653
80	0.01966	0.00816	0.01104	0.00880	0.01218	0.00713	0.00713	0.02186	0.01532	0.57749	0.22361	0.02413	0.02332	0.00781	0.00565	0.00167	0.00402	0.00656	0.00645	0.00804
81	0.01014	0.00954	0.01610	0.79845	0.03697	0.01193	0.01491	0.01371	0.01073	0.01371	0.00954	0.01431	0.00716	0.00537	0.00537	0.00179	0.00716	0.00477	0.00239	0.00596
82	0.01021	0.00976	0.01698	0.70849	0.03521	0.01178	0.07352	0.01377	0.01087	0.01399	0.01037	0.04285	0.00825	0.00571	0.00550	0.00180	0.00716	0.00527	0.00250	0.00601
83	0.00785	0.00522	0.00717	0.05143	0.00978	0.00500	0.00572	0.00900	0.01062	0.06231	0.02794	0.71391	0.03253	0.01554	0.00668	0.00213	0.00343	0.01405	0.00494	0.00475
84	0.02151	0.01326	0.01501	0.01151	0.01576	0.01401	0.00951	0.53898	0.02226	0.25902	0.01538	0.01451	0.01038	0.00650	0.00538	0.00163	0.00550	0.00500	0.00575	0.00913
85	0.01024	0.00971	0.01648	0.76038	0.03619	0.01208	0.03279	0.01378	0.01072	0.01378	0.00951	0.01425	0.00718	0.00545	0.00569	0.00180	0.02678	0.00481	0.00239	0.00599
86	0.01952	0.06545	0.01689	0.01225	0.01632	0.01693	0.01023	0.66977	0.02335	0.03128	0.01221	0.01255	0.00887	0.00650	0.00595	0.00162	0.05181	0.00470	0.00500	0.00880
87	0.01329	0.01275	0.02179	0.03295	0.77787	0.01275	0.01647	0.01647	0.01222	0.01754	0.01010	0.01329	0.00850	0.00478	0.00531	0.00159	0.00638	0.00478	0.00266	0.00850

[dist]
# distance from previous block
# <min> <max>
0	78

[block]
# block no. 4 follows, 45 sequences, length 41
# corresponding to MSA columns:
# 430-461,463-471
name=unknown_E
#
# <colnr> <probs for GDERKNQSTAVLIFYWHMCP>
#	G	D	E	R	K	N	Q	S	T	A	V	L	I	F	Y	W	H	M	C	P
0	0.00769	0.00597	0.00709	0.00690	0.00848	0.00559	0.00531	0.01073	0.06836	0.01872	0.40855	0.04444	0.29044	0.01195	0.00637	0.00181	0.00294	0.07805	0.00548	0.00512
1	0.01435	0.81458	0.02813	0.00918	0.01378	0.02124	0.00918	0.01607	0.01091	0.01263	0.00746	0.00861	0.00689	0.00459	0.00344	0.00115	0.00574	0.00287	0.00230	0.00689
2	0.01113	0.00954	0.01113	0.00795	0.01272	0.00716	0.00636	0.01352	0.01113	0.01749	0.00954	0.01113	0.00795	0.00398	0.00398	0.00080	0.00398	0.00318	0.00318	0.84417
3	0.01146	0.20005	0.59286	0.01366	0.02060	0.01417	0.01697	0.01651	0.01113	0.01583	0.00939	0.01149	0.00722	0.03048	0.00544	0.00169	0.00736	0.00385	0.00230	0.00756
4	0.01077	0.02777	0.78354	0.01530	0.02323	0.01247	0.01983	0.01700	0.01133	0.01700	0.00963	0.01133	0.00680	0.00510	0.00510	0.00170	0.00793	0.00397	0.00227	0.00793
5	0.01168	0.02648	0.73040	0.01490	0.02258	0.01215	0.01901	0.01763	0.01161	0.06969	0.01043	0.01181	0.00725	0.00521	0.00512	0.00170	0.00770	0.00407	0.00257	0.00802
6	0.01053	0.00994	0.01680	0.70387	0.12851	0.01203	0.01510	0.01406	0.01092	0.01419	0.00961	0.01418	0.00732	0.00529	0.00536	0.00176	0.00706	0.00477	0.00242	0.00628
7	0.01116	0.01058	0.01794	0.55057	0.27689	0.01219	0.01541	0.01461	0.01122	0.01495	0.00972	0.01398	0.00759	0.00518	0.00535	0.00173	0.00690	0.00477	0.00247	0.00679
8	0.00640	0.00522	0.00566	0.00601	0.00740	0.00448	0.00433	0.00764	0.01168	0.01428	0.04739	0.26487	0.56699	0.01450	0.00649	0.00192	0.00283	0.01244	0.00498	0.00448
9	0.00671	0.00480	0.00620	0.00725	0.00763	0.00450	0.00483	0.00760	0.01017	0.01345	0.02957	0.66869	0.07394	0.10062	0.00900	0.00249	0.00335	0.03015	0.00480	0.00426
10	0.02236	0.01071	0.08209	0.00998	0.01439	0.00821	0.00888	0.02482	0.01499	0.68831	0.04400	0.01833	0.01388	0.00664	0.00540	0.00167	0.00481	0.00540	0.00622	0.00890
11	0.01244	0.01189	0.02027	0.23770	0.57970	0.01253	0.01606	0.01574	0.01182	0.01651	0.00995	0.01356	0.00814	0.00494	0.00533	0.00165	0.00659	0.00478	0.00258	0.00782
12	0.01077	0.02777	0.78354	0.01530	0.02323	0.01247	0.01983	0.01700	0.01133	0.01700	0.00963	0.01133	0.00680	0.00510	0.00510	0.00170	0.00793	0.00397	0.00227	0.00793
13	0.01256	0.01196	0.02034	0.17967	0.61472	0.01242	0.01596	0.01580	0.01194	0.01676	0.01048	0.01475	0.00884	0.00516	0.00538	0.00166	0.00649	0.02453	0.00267	0.00792
14	0.01415	0.01257	0.02168	0.03026	0.66183	0.01240	0.06678	0.01734	0.01252	0.08196	0.01108	0.01379	0.00888	0.00492	0.00539	0.00161	0.00641	0.00494	0.00300	0.00847
15	0.02408	0.00914	0.01246	0.00955	0.01370	0.00789	0.00789	0.02616	0.01536	0.78158	0.02118	0.01827	0.01329	0.00664	0.00540	0.00166	0.00457	0.00540	0.00664	0.00914
16	0.02021	0.01494	0.01600	0.01231	0.01657	0.01655	0.01016	0.73957	0.04596	0.03351	0.01314	0.01309	0.00933	0.00647	0.00537	0.00162	0.00586	0.00487	0.00537	0.00911
17	0.01042	0.00741	0.02577	0.09302	0.06779	0.00703	0.00861	0.01277	0.01257	0.10953	0.12935	0.16569	0.07481	0.01164	0.00645	0.00202	0.00452	0.24004	0.00481	0.00577
18	0.01205	0.09443	0.61898	0.01564	0.07374	0.01298	0.01796	0.01743	0.01160	0.06236	0.01017	0.01164	0.00731	0.00513	0.00499	0.00164	0.00743	0.00401	0.00256	0.00795
19	0.01223	0.01289	0.01117	0.01049	0.01192	0.26931	0.02028	0.01396	0.03224	0.01288	0.01379	0.08988	0.01375	0.13903	0.25806	0.00441	0.05927	0.00611	0.00312	0.00521
20	0.00769	0.00533	0.00657	0.00661	0.00691	0.00554	0.00422	0.00825	0.00822	0.01116	0.01767	0.06125	0.03715	0.56480	0.22072	0.00588	0.00741	0.00765	0.00326	0.00372
21	0.01794	0.02001	0.11451	0.01345	0.01745	0.29186	0.03067	0.29346	0.08447	0.02218	0.01138	0.01218	0.00859	0.00606	0.00557	0.00159	0.03264	0.00437	0.00388	0.00773
22	0.01849	0.01964	0.01467	0.01277	0.01596	0.41643	0.00987	0.19815	0.20202	0.02032	0.01270	0.01297	0.00976	0.00618	0.00512	0.00154	0.00746	0.00442	0.00404	0.00747
23	0.01335	0.01153	0.01214	0.01092	0.01396	0.01335	0.00850	0.02852	0.76817	0.02245	0.02185	0.02003	0.01639	0.00728	0.00546	0.00182	0.00425	0.00607	0.00546	0.00850
24	0.00669	0.00486	0.00633	0.00735	0.00790	0.00451	0.00507	0.00784	0.01088	0.01442	0.08298	0.65495	0.10138	0.01604	0.00680	0.00213	0.00312	0.04724	0.00504	0.00445
25	0.01290	0.01277	0.01980	0.23833	0.52545	0.06598	0.01563	0.01607	0.01203	0.01620	0.00982	0.01331	0.00803	0.00499	0.00530	0.00163	0.00681	0.00469	0.00259	0.00766
26	0.01018	0.00960	0.01611	0.77709	0.03635	0.01205	0.01482	0.01369	0.01067	0.01369	0.00947	0.01424	0.00715	0.00548	0.00570	0.00180	0.02878	0.00477	0.00238	0.00596
27	0.01180	0.01191	0.01735	0.01460	0.01493	0.01627	0.05638	0.01317	0.00849	0.01317	0.00727	0.01191	0.00711	0.00910	0.01694	0.00232	0.75415	0.00480	0.00237	0.00595
28	0.01401	0.01130	0.01211	0.01075	0.01383	0.01286	0.00840	0.04835	0.67849	0.06813	0.04537	0.02036	0.01708	0.00734	0.00548	0.00180	0.00426	0.00611	0.00554	0.00844
29	0.00654	0.00467	0.00623	0.00747	0.00779	0.00436	0.00498	0.00747	0.01028	0.01370	0.02959	0.80785	0.03550	0.01682	0.00685	0.00218	0.00311	0.01526	0.00498	0.00436
30	0.00754	0.00548	0.00710	0.00669	0.00799	0.00504	0.00502	0.01002	0.01506	0.02121	0.74289	0.04061	0.08299	0.01109	0.00633	0.00169	0.00254	0.00978	0.00587	0.00504
31	0.00659	0.00469	0.00621	0.00742	0.00772	0.00439	0.00492	0.00749	0.01019	0.01358	0.02912	0.77969	0.03492	0.04577	0.00760	0.00229	0.00319	0.01499	0.00492	0.00432
32	0.01226	0.01156	0.01965	0.24679	0.54189	0.01223	0.01560	0.01535	0.01161	0.01617	0.00991	0.01368	0.00815	0.00545	0.00590	0.03234	0.00653	0.00477	0.00257	0.00757
33	0.01329	0.01275	0.02179	0.03295	0.77787	0.01275	0.01647	0.01647	0.01222	0.01754	0.01010	0.01329	0.00850	0.00478	0.00531	0.00159	0.00638	0.00478	0.00266	0.00850
34	0.01014	0.00954	0.01610	0.79845	0.03697	0.01193	0.01491	0.01371	0.01073	0.01371	0.00954	0.01431	0.00716	0.00537	0.00537	0.00179	0.00716	0.00477	0.00239	0.00596
35	0.01410	0.76046	0.08009	0.00961	0.01443	0.02064	0.00992	0.01614	0.01094	0.01293	0.00761	0.00880	0.00688	0.00463	0.00356	0.00119	0.00589	0.00295	0.00229	0.00696
36	0.00653	0.00497	0.00602	0.00685	0.00769	0.00446	0.00477	0.00764	0.01099	0.01403	0.03789	0.53517	0.28403	0.01569	0.00670	0.00206	0.00303	0.03207	0.00498	0.00443
37	0.00943	0.00751	0.00910	0.01016	0.01150	0.06008	0.00877	0.01183	0.01255	0.01586	0.02704	0.05705	0.02924	0.01419	0.00724	0.00240	0.00527	0.69096	0.00479	0.00503
38	0.01073	0.01050	0.01605	0.75154	0.03575	0.05843	0.01464	0.01418	0.01100	0.01368	0.00947	0.01403	0.00714	0.00538	0.00534	0.00176	0.00731	0.00469	0.00241	0.00598
39	0.01243	0.01159	0.01918	0.33932	0.43649	0.01264	0.01548	0.05805	0.01237	0.01694	0.01003	0.01367	0.00800	0.00511	0.00534	0.00167	0.00666	0.00478	0.00270	0.00752
40	0.01320	0.01266	0.02163	0.05472	0.75679	0.01273	0.01643	0.01640	0.01218	0.01743	0.01008	0.01331	0.00846	0.00480	0.00532	0.00160	0.00640	0.00478	0.00265	0.00843

[dist]
# distance from previous block
# <min> <max>
0	1

[block]
# block no. 5 follows, 45 sequences, length 25
# corresponding to MSA columns:
# 473-482,487-491,493-502
name=unknown_F
#
# <colnr> <probs for GDERKNQSTAVLIFYWHMCP>
#	G	D	E	R	K	N	Q	S	T	A	V	L	I	F	Y	W	H	M	C	P
0	0.02124	0.09637	0.03780	0.06463	0.01581	0.01040	0.00903	0.07104	0.02922	0.56077	0.01804	0.01644	0.01177	0.00629	0.00518	0.00162	0.00505	0.00502	0.00565	0.00863
1	0.01089	0.05442	0.75795	0.01509	0.02291	0.01276	0.01947	0.01697	0.01132	0.01685	0.00956	0.01124	0.00680	0.00508	0.00504	0.00168	0.00786	0.00393	0.00227	0.00790
2	0.01178	0.05332	0.67777	0.01506	0.02254	0.01254	0.05126	0.01753	0.01162	0.06296	0.01031	0.01180	0.00725	0.00515	0.00511	0.00168	0.00770	0.00412	0.00255	0.00794
3	0.01364	0.25097	0.43063	0.01362	0.05456	0.01441	0.01506	0.01790	0.01177	0.11493	0.01053	0.01154	0.00775	0.00514	0.00467	0.00153	0.00679	0.00388	0.00286	0.00782
4	0.01303	0.01276	0.02148	0.09871	0.62168	0.03276	0.06747	0.01628	0.01220	0.01703	0.01051	0.01454	0.00887	0.00508	0.00543	0.00164	0.00668	0.02312	0.00270	0.00804
5	0.01380	0.02968	0.02028	0.09124	0.60629	0.03944	0.01523	0.01684	0.01237	0.06300	0.01115	0.01486	0.00927	0.00527	0.00533	0.00162	0.00639	0.02689	0.00294	0.00812
6	0.01352	0.02800	0.01964	0.06640	0.56804	0.07733	0.01465	0.03888	0.03263	0.01730	0.01156	0.05125	0.01023	0.00576	0.00536	0.00163	0.00643	0.02053	0.00296	0.00791
7	0.01039	0.01032	0.14607	0.00898	0.01183	0.00730	0.00821	0.03208	0.06117	0.10882	0.21522	0.19967	0.13688	0.01072	0.00604	0.00182	0.00408	0.00927	0.00497	0.00615
8	0.00655	0.00544	0.00568	0.00562	0.00731	0.00462	0.00418	0.00802	0.01249	0.01529	0.14676	0.04968	0.65972	0.03640	0.00695	0.00189	0.00277	0.01102	0.00505	0.00456
9	0.09465	0.01495	0.01690	0.02867	0.01768	0.07948	0.10677	0.44546	0.09601	0.02752	0.01259	0.01319	0.00921	0.00605	0.00527	0.00165	0.00632	0.00486	0.00457	0.00821
10	0.01171	0.01246	0.02510	0.32739	0.06661	0.01289	0.43209	0.01580	0.01189	0.01585	0.01031	0.01436	0.00777	0.00487	0.00591	0.00179	0.00818	0.00565	0.00258	0.00680
11	0.00654	0.00467	0.00623	0.00747	0.00779	0.00436	0.00498	0.00747	0.01028	0.01370	0.02959	0.80785	0.03550	0.01682	0.00685	0.00218	0.00311	0.01526	0.00498	0.00436
12	0.00654	0.00467	0.00623	0.00747	0.00779	0.00436	0.00498	0.00747	0.01028	0.01370	0.02959	0.80785	0.03550	0.01682	0.00685	0.00218	0.00311	0.01526	0.00498	0.00436
13	0.02316	0.01043	0.06597	0.00995	0.01436	0.00821	0.00872	0.02552	0.01508	0.72853	0.02038	0.01779	0.01284	0.00654	0.00538	0.00166	0.00480	0.00530	0.00634	0.00905
14	0.02311	0.00942	0.03097	0.00961	0.01371	0.00787	0.00807	0.02524	0.01508	0.73444	0.02121	0.04746	0.01396	0.00698	0.00544	0.00168	0.00460	0.00573	0.00648	0.00893
15	0.01077	0.02777	0.78354	0.01530	0.02323	0.01247	0.01983	0.01700	0.01133	0.01700	0.00963	0.01133	0.00680	0.00510	0.00510	0.00170	0.00793	0.00397	0.00227	0.00793
16	0.84927	0.01038	0.00789	0.00706	0.01038	0.01204	0.00581	0.01578	0.00914	0.02408	0.00747	0.00872	0.00581	0.00498	0.00332	0.00166	0.00415	0.00291	0.00332	0.00581
17	0.00659	0.00469	0.00622	0.00742	0.00772	0.00439	0.00492	0.00749	0.01019	0.01358	0.02913	0.78000	0.03493	0.04545	0.00759	0.00229	0.00319	0.01499	0.00492	0.00432
18	0.01077	0.02777	0.78354	0.01530	0.02323	0.01247	0.01983	0.01700	0.01133	0.01700	0.00963	0.01133	0.00680	0.00510	0.00510	0.00170	0.00793	0.00397	0.00227	0.00793
19	0.00654	0.00467	0.00623	0.00747	0.00779	0.00436	0.00498	0.00747	0.01028	0.01370	0.02959	0.80785	0.03550	0.01682	0.00685	0.00218	0.00311	0.01526	0.00498	0.00436
20	0.01503	0.61989	0.12314	0.01001	0.01498	0.01856	0.01040	0.01737	0.01148	0.10278	0.00934	0.01009	0.00762	0.00490	0.00388	0.00128	0.00588	0.00331	0.00280	0.00728
21	0.01437	0.15583	0.08374	0.01154	0.03165	0.01470	0.00991	0.08654	0.45451	0.05450	0.01717	0.01640	0.01293	0.00646	0.00506	0.00166	0.00504	0.00515	0.00460	0.00824
22	0.01372	0.48362	0.27459	0.01155	0.01714	0.05198	0.01278	0.05227	0.01192	0.01510	0.00847	0.00976	0.00697	0.00489	0.00414	0.00136	0.00664	0.00335	0.00245	0.00731
23	0.02921	0.39249	0.26894	0.05919	0.01830	0.01689	0.01309	0.04719	0.01150	0.02997	0.00875	0.01042	0.00708	0.00526	0.00519	0.00149	0.06171	0.00360	0.00253	0.00721
24	0.01413	0.44287	0.20297	0.01105	0.01602	0.05992	0.01153	0.10336	0.01274	0.01604	0.00923	0.01141	0.00789	0.05363	0.00558	0.00159	0.00646	0.00369	0.00273	0.00714

[dist]
# distance from previous block
# <min> <max>
0	42

# created by:
# /st0/software/busco_prod/Augustus/scripts/msa2prfl.pl ./align_prep/167028.fa
