[name]
unknown

[dist]
# distance from previous block
# <min> <max>
0	55

[block]
# block no. 0 follows, 48 sequences, length 31
# corresponding to MSA columns:
# 144-174
name=unknown_A
#
# <colnr> <probs for GDERKNQSTAVLIFYWHMCP>
#	G	D	E	R	K	N	Q	S	T	A	V	L	I	F	Y	W	H	M	C	P
0	0.00807	0.00584	0.00799	0.00906	0.01029	0.00576	0.00787	0.01033	0.01180	0.01522	0.02944	0.05710	0.09864	0.01407	0.00699	0.00230	0.00453	0.68528	0.00473	0.00469
1	0.00746	0.00497	0.00560	0.00560	0.00560	0.00497	0.00311	0.00746	0.00746	0.00995	0.01617	0.03358	0.01865	0.81967	0.02612	0.00497	0.00497	0.00746	0.00311	0.00311
2	0.85592	0.00992	0.00754	0.00675	0.00992	0.01151	0.00556	0.01508	0.00873	0.02302	0.00714	0.00834	0.00556	0.00476	0.00318	0.00159	0.00397	0.00278	0.00318	0.00556
3	0.00716	0.00524	0.00672	0.00635	0.00760	0.00480	0.00476	0.00949	0.01429	0.02001	0.72362	0.03925	0.11010	0.01070	0.00605	0.00162	0.00244	0.00941	0.00557	0.00480
4	0.00713	0.00514	0.00674	0.00655	0.00764	0.00475	0.00483	0.00935	0.01390	0.01959	0.68477	0.14134	0.04650	0.01123	0.00612	0.00168	0.00249	0.00998	0.00553	0.00475
5	0.00746	0.00497	0.00560	0.00560	0.00560	0.00497	0.00311	0.00746	0.00746	0.00995	0.01617	0.03358	0.01865	0.81967	0.02612	0.00497	0.00497	0.00746	0.00311	0.00311
6	0.01064	0.00912	0.01064	0.00760	0.01216	0.00684	0.00608	0.01292	0.01064	0.01672	0.00912	0.01064	0.00760	0.00380	0.00380	0.00076	0.00380	0.00304	0.00304	0.85104
7	0.01634	0.27102	0.04202	0.08447	0.01700	0.46141	0.01023	0.01809	0.01276	0.01257	0.00783	0.00939	0.00662	0.00498	0.00427	0.00130	0.00781	0.00326	0.00246	0.00617
8	0.01015	0.00975	0.01549	0.56828	0.02875	0.01270	0.01334	0.01288	0.00954	0.01288	0.00840	0.01294	0.00681	0.00629	0.00866	0.00187	0.24878	0.00454	0.00227	0.00567
9	0.01832	0.01378	0.01473	0.01157	0.01546	0.01536	0.00947	0.64012	0.15649	0.03043	0.01382	0.01352	0.00994	0.00630	0.00515	0.00158	0.00537	0.00483	0.00515	0.00862
10	0.00744	0.00506	0.00605	0.00605	0.00621	0.00522	0.00367	0.00775	0.00760	0.01028	0.01575	0.03128	0.01766	0.68615	0.15828	0.00553	0.00647	0.00713	0.00305	0.00336
11	0.01064	0.00912	0.01064	0.00760	0.01216	0.00684	0.00608	0.01292	0.01064	0.01672	0.00912	0.01064	0.00760	0.00380	0.00380	0.00076	0.00380	0.00304	0.00304	0.85104
12	0.00708	0.00522	0.00680	0.00776	0.00871	0.00494	0.00610	0.00868	0.01103	0.01421	0.03233	0.34562	0.17572	0.01467	0.00669	0.00214	0.00365	0.32948	0.00475	0.00444
13	0.04763	0.75698	0.02550	0.00871	0.01304	0.01943	0.00860	0.01575	0.01053	0.04449	0.00767	0.00861	0.00679	0.00449	0.00336	0.00114	0.00538	0.00284	0.00240	0.00663
14	0.01189	0.00675	0.00791	0.00681	0.00935	0.00589	0.00536	0.04518	0.01329	0.24623	0.09481	0.03637	0.44496	0.01028	0.00569	0.00164	0.00327	0.00854	0.00527	0.03050
15	0.01689	0.01276	0.01365	0.01093	0.01439	0.01421	0.00878	0.53395	0.19192	0.02785	0.01459	0.01579	0.01119	0.08070	0.00707	0.00190	0.00523	0.00514	0.00497	0.00808
16	0.01767	0.01097	0.01252	0.01029	0.01381	0.01167	0.00827	0.18570	0.35879	0.28389	0.01883	0.01711	0.01318	0.00658	0.00518	0.00165	0.00450	0.00533	0.00558	0.00846
17	0.00746	0.00497	0.00560	0.00560	0.00560	0.00497	0.00311	0.00746	0.00746	0.00995	0.01617	0.03358	0.01865	0.81967	0.02612	0.00497	0.00497	0.00746	0.00311	0.00311
18	0.08350	0.01102	0.01265	0.01162	0.08392	0.05295	0.00850	0.13839	0.13649	0.33245	0.03092	0.01705	0.04451	0.00643	0.00503	0.00159	0.00480	0.00515	0.00511	0.00793
19	0.01211	0.01384	0.03028	0.02163	0.02682	0.01298	0.76903	0.01644	0.01211	0.01644	0.01038	0.01384	0.00779	0.00433	0.00606	0.00173	0.00865	0.00606	0.00260	0.00692
20	0.00643	0.00514	0.00575	0.00574	0.00719	0.00446	0.00425	0.00802	0.01235	0.01574	0.26281	0.11627	0.50267	0.01255	0.00610	0.00173	0.00258	0.01072	0.00502	0.00446
21	0.04557	0.62318	0.02306	0.00878	0.01304	0.01731	0.00841	0.01738	0.01126	0.17587	0.00988	0.01017	0.00783	0.00481	0.00368	0.00122	0.00520	0.00325	0.00310	0.00700
22	0.02849	0.04458	0.04327	0.00959	0.01344	0.01122	0.00796	0.08900	0.36239	0.02022	0.01467	0.01454	0.01126	0.00554	0.00458	0.00134	0.00431	0.00446	0.00416	0.30496
23	0.01112	0.00981	0.00903	0.00852	0.00967	0.14789	0.00611	0.01382	0.11324	0.03857	0.01636	0.11540	0.01642	0.29252	0.01341	0.00284	0.07024	0.01926	0.08081	0.00497
24	0.01270	0.01152	0.01559	0.14988	0.01775	0.01501	0.01144	0.17150	0.01168	0.01667	0.00832	0.01188	0.00717	0.00773	0.01237	0.00201	0.50312	0.00453	0.00286	0.00628
25	0.00891	0.00446	0.00668	0.00668	0.00668	0.00446	0.00446	0.00668	0.00668	0.00891	0.00891	0.01560	0.00891	0.01783	0.02005	0.85071	0.00446	0.00446	0.00223	0.00223
26	0.00745	0.00505	0.00623	0.00639	0.00748	0.00461	0.00461	0.00913	0.01209	0.04308	0.29850	0.29646	0.17858	0.01227	0.00596	0.00175	0.00270	0.01078	0.08222	0.00465
27	0.00625	0.00447	0.00595	0.00714	0.00744	0.00417	0.00476	0.00714	0.00982	0.01310	0.02828	0.81633	0.03394	0.01608	0.00655	0.00208	0.00298	0.01459	0.00476	0.00417
28	0.01357	0.78913	0.05925	0.00903	0.01355	0.01995	0.00921	0.01540	0.01044	0.01225	0.00722	0.00834	0.00658	0.00441	0.00336	0.00112	0.00558	0.00279	0.00219	0.00663
29	0.00790	0.00563	0.00777	0.00889	0.00988	0.00558	0.00746	0.00991	0.01128	0.01473	0.02683	0.18012	0.02974	0.05238	0.00789	0.00244	0.00445	0.59790	0.00465	0.00456
30	0.01942	0.01943	0.01473	0.01322	0.05160	0.46868	0.00986	0.20981	0.01684	0.11248	0.01062	0.01119	0.00795	0.00560	0.00484	0.00142	0.00760	0.00392	0.00372	0.00709

[dist]
# distance from previous block
# <min> <max>
6	9

[block]
# block no. 1 follows, 48 sequences, length 11
# corresponding to MSA columns:
# 184-194
name=unknown_B
#
# <colnr> <probs for GDERKNQSTAVLIFYWHMCP>
#	G	D	E	R	K	N	Q	S	T	A	V	L	I	F	Y	W	H	M	C	P
0	0.00780	0.00626	0.00733	0.00656	0.00870	0.00539	0.00507	0.01017	0.03500	0.01728	0.31470	0.03654	0.28145	0.00998	0.00561	0.00151	0.00294	0.04755	0.00474	0.18542
1	0.06216	0.01095	0.01569	0.43286	0.19150	0.04320	0.01300	0.06328	0.08681	0.01650	0.01042	0.01342	0.00802	0.00524	0.00499	0.00164	0.00626	0.00453	0.00287	0.00665
2	0.01288	0.14584	0.46892	0.01349	0.01972	0.01412	0.05495	0.17716	0.01368	0.01905	0.00961	0.01091	0.00706	0.00505	0.00475	0.00153	0.00690	0.00393	0.00283	0.00764
3	0.01065	0.00615	0.00801	0.00783	0.00967	0.00563	0.00638	0.01262	0.01272	0.18141	0.15956	0.09830	0.18481	0.01177	0.00625	0.00192	0.00370	0.26189	0.00524	0.00548
4	0.00907	0.00488	0.00523	0.00514	0.00634	0.00480	0.00385	0.01147	0.01156	0.01944	0.18075	0.02323	0.02068	0.00694	0.00411	0.00128	0.00240	0.00574	0.66829	0.00480
5	0.00639	0.00517	0.00567	0.00563	0.00715	0.00446	0.00419	0.00796	0.01233	0.01558	0.24241	0.08815	0.55193	0.01251	0.00609	0.00172	0.00257	0.01063	0.00500	0.00446
6	0.00746	0.00497	0.00560	0.00560	0.00560	0.00497	0.00311	0.00746	0.00746	0.00995	0.01617	0.03358	0.01865	0.81967	0.02612	0.00497	0.00497	0.00746	0.00311	0.00311
7	0.00625	0.00447	0.00595	0.00714	0.00744	0.00417	0.00476	0.00714	0.00982	0.01310	0.02828	0.81633	0.03394	0.01608	0.00655	0.00208	0.00298	0.01459	0.00476	0.00417
8	0.00630	0.00456	0.00587	0.00689	0.00730	0.00423	0.00460	0.00718	0.00986	0.01299	0.02971	0.70561	0.09944	0.05997	0.00758	0.00221	0.00305	0.01386	0.00467	0.00412
9	0.01715	0.02083	0.01362	0.01189	0.01499	0.61184	0.00901	0.01870	0.01362	0.01354	0.00821	0.00958	0.00684	0.00494	0.00443	0.00119	0.00796	0.00324	0.00274	0.20567
10	0.09353	0.06098	0.03431	0.01157	0.01511	0.34757	0.05064	0.07114	0.03411	0.15430	0.01091	0.01144	0.00812	0.00531	0.00459	0.00139	0.00683	0.00386	0.00358	0.07072

[dist]
# distance from previous block
# <min> <max>
0	2

[block]
# block no. 2 follows, 48 sequences, length 16
# corresponding to MSA columns:
# 197-212
name=unknown_C
#
# <colnr> <probs for GDERKNQSTAVLIFYWHMCP>
#	G	D	E	R	K	N	Q	S	T	A	V	L	I	F	Y	W	H	M	C	P
0	0.04319	0.00646	0.00840	0.00753	0.00901	0.00619	0.03135	0.01294	0.01012	0.21142	0.01824	0.08881	0.01773	0.38341	0.04376	0.00347	0.00497	0.05411	0.03384	0.00507
1	0.01482	0.01078	0.01188	0.01017	0.01313	0.04903	0.02286	0.12858	0.34993	0.15564	0.10962	0.04145	0.01840	0.00751	0.00538	0.00168	0.00448	0.03183	0.00525	0.00758
2	0.00632	0.00449	0.00593	0.00706	0.00734	0.00421	0.00467	0.00716	0.00969	0.01292	0.02760	0.77229	0.03308	0.06128	0.00765	0.00225	0.00309	0.01419	0.00467	0.00411
3	0.01064	0.00912	0.01064	0.00760	0.01216	0.00684	0.00608	0.01292	0.01064	0.01672	0.00912	0.01064	0.00760	0.00380	0.00380	0.00076	0.00380	0.00304	0.00304	0.85104
4	0.01234	0.00907	0.01081	0.00781	0.01229	0.00694	0.00628	0.01458	0.01120	0.12328	0.01065	0.01158	0.00830	0.00415	0.00399	0.00087	0.00388	0.00333	0.00350	0.73515
5	0.26039	0.48195	0.09490	0.00889	0.01318	0.04190	0.00886	0.01553	0.01010	0.01570	0.00736	0.00855	0.00628	0.00457	0.00345	0.00130	0.00537	0.00287	0.00249	0.00636
6	0.01270	0.01219	0.02083	0.03149	0.78767	0.01219	0.01575	0.01575	0.01168	0.01676	0.00965	0.01270	0.00813	0.00457	0.00508	0.00152	0.00610	0.00457	0.00254	0.00813
7	0.02280	0.00909	0.01213	0.00930	0.01328	0.00807	0.00768	0.07208	0.01528	0.74331	0.01974	0.01714	0.01245	0.00634	0.00516	0.00158	0.00445	0.00513	0.00627	0.00873
8	0.00643	0.00460	0.00611	0.00702	0.00748	0.00428	0.00478	0.00759	0.01064	0.01440	0.15970	0.68120	0.03645	0.01511	0.00646	0.00200	0.00288	0.01367	0.00492	0.00428
9	0.02302	0.00873	0.01191	0.00913	0.01310	0.00754	0.00754	0.02501	0.01469	0.79122	0.02024	0.01746	0.01270	0.00635	0.00516	0.00159	0.00437	0.00516	0.00635	0.00873
10	0.00775	0.00534	0.00696	0.00654	0.00783	0.00490	0.00491	0.01007	0.01428	0.04720	0.71052	0.06613	0.06686	0.01062	0.00604	0.00163	0.00251	0.00937	0.00562	0.00494
11	0.00733	0.00550	0.00825	0.00825	0.00916	0.00641	0.00641	0.00916	0.00825	0.01191	0.01374	0.02016	0.01283	0.03848	0.79934	0.00825	0.01374	0.00550	0.00275	0.00458
12	0.00693	0.00514	0.00605	0.00595	0.00711	0.00471	0.00429	0.00853	0.01200	0.01611	0.33875	0.07993	0.28759	0.12501	0.03618	0.00236	0.00325	0.00952	0.03620	0.00438
13	0.01211	0.01384	0.03028	0.02163	0.02682	0.01298	0.76903	0.01644	0.01211	0.01644	0.01038	0.01384	0.00779	0.00433	0.00606	0.00173	0.00865	0.00606	0.00260	0.00692
14	0.01968	0.01232	0.01399	0.01068	0.01479	0.01275	0.00880	0.49363	0.02027	0.24296	0.01424	0.01360	0.00973	0.00600	0.00502	0.00148	0.00512	0.00463	0.00528	0.08501
15	0.01308	0.00958	0.01099	0.00806	0.01245	0.03416	0.00647	0.01528	0.01148	0.15110	0.01101	0.01178	0.00845	0.00429	0.00406	0.00092	0.00409	0.00342	0.00360	0.67573

[dist]
# distance from previous block
# <min> <max>
0	1

[block]
# block no. 3 follows, 48 sequences, length 22
# corresponding to MSA columns:
# 214-235
name=unknown_D
#
# <colnr> <probs for GDERKNQSTAVLIFYWHMCP>
#	G	D	E	R	K	N	Q	S	T	A	V	L	I	F	Y	W	H	M	C	P
0	0.68073	0.01253	0.00904	0.00804	0.01117	0.14249	0.00646	0.04871	0.01036	0.02169	0.00750	0.00866	0.00587	0.00491	0.00350	0.00154	0.00492	0.00295	0.00317	0.00576
1	0.01730	0.01332	0.01579	0.15642	0.01964	0.01501	0.02997	0.59232	0.02084	0.02787	0.01153	0.01257	0.00830	0.00601	0.00549	0.00160	0.02888	0.00464	0.00447	0.00804
2	0.03515	0.00978	0.01219	0.00898	0.01328	0.00836	0.03999	0.08203	0.01255	0.16527	0.01146	0.01218	0.00860	0.00466	0.00456	0.00108	0.02281	0.00374	0.00382	0.53950
3	0.00746	0.00497	0.00560	0.00560	0.00560	0.00497	0.00311	0.00746	0.00746	0.00995	0.01617	0.03358	0.01865	0.81967	0.02612	0.00497	0.00497	0.00746	0.00311	0.00311
4	0.01089	0.00950	0.10982	0.01006	0.01285	0.00713	0.10647	0.01351	0.01250	0.15592	0.25594	0.19892	0.02721	0.03732	0.00654	0.00184	0.00444	0.00853	0.00466	0.00595
5	0.00743	0.00511	0.00631	0.00631	0.00655	0.00536	0.00399	0.00792	0.00767	0.01047	0.01552	0.02998	0.01709	0.61053	0.23313	0.00585	0.00732	0.00694	0.00301	0.00350
6	0.00897	0.00510	0.00590	0.07151	0.00869	0.00523	0.00469	0.01120	0.01065	0.01766	0.03615	0.15152	0.01691	0.00769	0.00426	0.00140	0.00286	0.00650	0.61834	0.00476
7	0.85592	0.00992	0.00754	0.00675	0.00992	0.01151	0.00556	0.01508	0.00873	0.02302	0.00714	0.00834	0.00556	0.00476	0.00318	0.00159	0.00397	0.00278	0.00318	0.00556
8	0.08740	0.00882	0.01157	0.00895	0.01285	0.00785	0.00739	0.02424	0.01423	0.73184	0.01923	0.01676	0.01215	0.00623	0.00501	0.00159	0.00434	0.00498	0.00611	0.00849
9	0.00693	0.00511	0.00648	0.00640	0.00753	0.00466	0.00470	0.00894	0.01335	0.01840	0.55760	0.16906	0.14829	0.01176	0.00614	0.00171	0.00254	0.01038	0.00538	0.00466
10	0.15321	0.01152	0.01189	0.01044	0.01296	0.04708	0.00832	0.09087	0.39681	0.02054	0.01479	0.01513	0.01147	0.00813	0.04126	0.00204	0.12734	0.00487	0.00420	0.00712
11	0.01124	0.00930	0.00923	0.00844	0.01055	0.11867	0.00630	0.04599	0.04591	0.08189	0.12713	0.29594	0.04723	0.00995	0.00549	0.00160	0.00420	0.00857	0.00447	0.14791
12	0.08724	0.01049	0.01236	0.00993	0.01346	0.03014	0.03275	0.14880	0.15344	0.35665	0.07642	0.01744	0.01442	0.00652	0.00509	0.00161	0.00461	0.00529	0.00541	0.00793
13	0.00966	0.00824	0.01323	0.64399	0.02936	0.01005	0.01208	0.01288	0.01036	0.01434	0.01067	0.01479	0.00812	0.00530	0.00482	0.00161	0.00593	0.00461	0.17445	0.00551
14	0.01064	0.00912	0.01064	0.00760	0.01216	0.00684	0.00608	0.01292	0.01064	0.01672	0.00912	0.01064	0.00760	0.00380	0.00380	0.00076	0.00380	0.00304	0.00304	0.85104
15	0.01951	0.01437	0.01540	0.01181	0.01591	0.01591	0.00975	0.77056	0.02412	0.03234	0.01232	0.01232	0.00873	0.00616	0.00513	0.00154	0.00565	0.00462	0.00513	0.00873
16	0.02302	0.00873	0.01191	0.00913	0.01310	0.00754	0.00754	0.02501	0.01469	0.79122	0.02024	0.01746	0.01270	0.00635	0.00516	0.00159	0.00437	0.00516	0.00635	0.00873
17	0.00884	0.00651	0.00805	0.00757	0.00908	0.00649	0.00581	0.08943	0.06245	0.02060	0.51240	0.12459	0.03915	0.01074	0.00604	0.00173	0.00310	0.06668	0.00540	0.00536
18	0.00645	0.00464	0.00580	0.00663	0.00704	0.00434	0.00436	0.00723	0.00961	0.01261	0.02881	0.58290	0.11861	0.16371	0.01010	0.00258	0.00330	0.01284	0.00446	0.00399
19	0.01646	0.01206	0.01386	0.01074	0.01471	0.01248	0.03461	0.39361	0.13371	0.09491	0.01390	0.02865	0.01034	0.00593	0.00493	0.00143	0.00496	0.00476	0.00473	0.18322
20	0.00625	0.00447	0.00595	0.00714	0.00744	0.00417	0.00476	0.00714	0.00982	0.01310	0.02828	0.81633	0.03394	0.01608	0.00655	0.00208	0.00298	0.01459	0.00476	0.00417
21	0.01070	0.02493	0.01272	0.00985	0.01315	0.03127	0.09786	0.03607	0.04246	0.03110	0.01489	0.18945	0.02810	0.00726	0.00542	0.00135	0.03939	0.00635	0.00355	0.39412

[dist]
# distance from previous block
# <min> <max>
5	22

[block]
# block no. 4 follows, 48 sequences, length 23
# corresponding to MSA columns:
# 258-280
name=unknown_E
#
# <colnr> <probs for GDERKNQSTAVLIFYWHMCP>
#	G	D	E	R	K	N	Q	S	T	A	V	L	I	F	Y	W	H	M	C	P
0	0.11554	0.00906	0.01050	0.00806	0.01197	0.00793	0.00651	0.06109	0.01239	0.24045	0.01488	0.04533	0.04389	0.00566	0.00440	0.00124	0.00401	0.00450	0.00427	0.38832
1	0.11611	0.46395	0.16546	0.01071	0.01546	0.03588	0.07284	0.01553	0.01066	0.01482	0.03214	0.01015	0.00785	0.00473	0.00392	0.00133	0.00595	0.00343	0.00246	0.00660
2	0.01803	0.02905	0.01285	0.00958	0.01349	0.01046	0.00787	0.28692	0.01721	0.30057	0.07816	0.01592	0.01317	0.00612	0.00494	0.00141	0.00459	0.00487	0.00517	0.15962
3	0.05346	0.03539	0.01310	0.00976	0.01365	0.00976	0.05148	0.10597	0.10963	0.30702	0.05301	0.01579	0.01252	0.00583	0.00483	0.00142	0.00453	0.00481	0.00486	0.18320
4	0.07305	0.00916	0.01076	0.00820	0.01208	0.00794	0.01796	0.07395	0.03232	0.10678	0.08757	0.03651	0.01307	0.00543	0.00438	0.00114	0.00394	0.00443	0.00394	0.48738
5	0.17152	0.00638	0.00722	0.00725	0.00879	0.00633	0.00531	0.03091	0.01091	0.09252	0.07727	0.45050	0.06461	0.01188	0.00561	0.00185	0.00333	0.01032	0.00465	0.02284
6	0.01761	0.01359	0.01409	0.01094	0.01495	0.06207	0.00891	0.50603	0.07484	0.06076	0.01245	0.01255	0.00907	0.00576	0.00488	0.00141	0.00538	0.00437	0.00467	0.15568
7	0.02302	0.00873	0.01191	0.00913	0.01310	0.00754	0.00754	0.02501	0.01469	0.79122	0.02024	0.01746	0.01270	0.00635	0.00516	0.00159	0.00437	0.00516	0.00635	0.00873
8	0.01309	0.01242	0.02100	0.02975	0.69888	0.01246	0.05612	0.06237	0.01247	0.01771	0.00986	0.01274	0.00815	0.00466	0.00514	0.00154	0.00621	0.00465	0.00270	0.00810
9	0.00609	0.00509	0.00531	0.00549	0.00701	0.00431	0.00403	0.00733	0.01142	0.01375	0.04847	0.16311	0.67412	0.01345	0.00614	0.00178	0.00266	0.01139	0.00476	0.00431
10	0.85592	0.00992	0.00754	0.00675	0.00992	0.01151	0.00556	0.01508	0.00873	0.02302	0.00714	0.00834	0.00556	0.00476	0.00318	0.00159	0.00397	0.00278	0.00318	0.00556
11	0.00715	0.00524	0.00670	0.00633	0.00759	0.00479	0.00475	0.00946	0.01425	0.01992	0.71354	0.03940	0.12024	0.01073	0.00605	0.00163	0.00244	0.00943	0.00556	0.00479
12	0.02003	0.01354	0.01488	0.01141	0.01549	0.01467	0.00942	0.66000	0.02273	0.14487	0.01349	0.01308	0.00932	0.00619	0.00514	0.00155	0.00546	0.00470	0.00531	0.00873
13	0.00720	0.00520	0.00680	0.00650	0.00765	0.00480	0.00484	0.00953	0.01423	0.02011	0.73826	0.08634	0.04752	0.01083	0.00608	0.00164	0.00246	0.00961	0.00559	0.00480
14	0.01047	0.04516	0.73263	0.01487	0.02224	0.01218	0.05987	0.01624	0.01089	0.01616	0.00922	0.01093	0.00657	0.00483	0.00490	0.00162	0.00759	0.00389	0.00219	0.00752
15	0.01356	0.78636	0.06192	0.00905	0.01358	0.01992	0.00924	0.01540	0.01044	0.01226	0.00723	0.00835	0.00658	0.00441	0.00336	0.00112	0.00558	0.00279	0.00219	0.00663
16	0.01070	0.00567	0.00748	0.00747	0.00883	0.00511	0.00538	0.01191	0.01125	0.21690	0.04746	0.50874	0.07452	0.04432	0.00690	0.00203	0.00338	0.01147	0.00514	0.00535
17	0.05936	0.00928	0.01176	0.00923	0.01297	0.00870	0.00756	0.08655	0.07227	0.60162	0.05212	0.01764	0.01381	0.00649	0.00511	0.00160	0.00435	0.00523	0.00599	0.00837
18	0.01914	0.01066	0.01258	0.01011	0.01379	0.01096	0.00820	0.18933	0.24832	0.39125	0.01870	0.01684	0.01273	0.00649	0.00517	0.00162	0.00455	0.00524	0.00574	0.00855
19	0.00625	0.00447	0.00595	0.00714	0.00744	0.00417	0.00476	0.00714	0.00982	0.01310	0.02828	0.81633	0.03394	0.01608	0.00655	0.00208	0.00298	0.01459	0.00476	0.00417
20	0.01092	0.00957	0.01229	0.05018	0.01441	0.00772	0.05606	0.03334	0.01107	0.01693	0.00929	0.01105	0.00760	0.00397	0.00405	0.00089	0.00432	0.00336	0.00303	0.72996
21	0.01673	0.01215	0.01386	0.01067	0.01463	0.01253	0.02855	0.46569	0.04701	0.08455	0.01343	0.05869	0.01046	0.00623	0.00497	0.00142	0.00503	0.00498	0.00470	0.18372
22	0.00755	0.00537	0.00698	0.00737	0.00848	0.00482	0.00532	0.00894	0.01075	0.03720	0.09918	0.53279	0.04790	0.01354	0.00617	0.00189	0.00322	0.08257	0.00469	0.10528

[dist]
# distance from previous block
# <min> <max>
2	5

[block]
# block no. 5 follows, 48 sequences, length 24
# corresponding to MSA columns:
# 288-311
name=unknown_F
#
# <colnr> <probs for GDERKNQSTAVLIFYWHMCP>
#	G	D	E	R	K	N	Q	S	T	A	V	L	I	F	Y	W	H	M	C	P
0	0.09745	0.05669	0.43802	0.01370	0.01931	0.01161	0.13454	0.01506	0.01041	0.01614	0.00976	0.01232	0.00756	0.00977	0.12340	0.00260	0.00820	0.00425	0.00243	0.00677
1	0.03047	0.01084	0.01905	0.16292	0.37895	0.01131	0.13807	0.01463	0.02660	0.01558	0.01046	0.01421	0.00864	0.00974	0.12376	0.00260	0.00770	0.00494	0.00260	0.00691
2	0.01065	0.01018	0.01676	0.49965	0.21553	0.01224	0.01416	0.01364	0.01025	0.01389	0.00889	0.01307	0.00714	0.00557	0.00687	0.00174	0.12658	0.00455	0.00234	0.00628
3	0.00870	0.00569	0.00657	0.00608	0.00797	0.00491	0.00465	0.01041	0.01289	0.12144	0.25055	0.04198	0.47642	0.01140	0.00594	0.00168	0.00279	0.00963	0.00523	0.00507
4	0.01029	0.02654	0.79309	0.01462	0.02221	0.01192	0.01896	0.01625	0.01083	0.01625	0.00921	0.01083	0.00650	0.00487	0.00487	0.00162	0.00758	0.00379	0.00217	0.00758
5	0.02793	0.01130	0.07114	0.49088	0.19677	0.01194	0.03734	0.01400	0.01048	0.01438	0.00909	0.01300	0.00709	0.00521	0.00585	0.00170	0.05866	0.00451	0.00235	0.00639
6	0.00681	0.00497	0.00645	0.00709	0.00782	0.00469	0.00503	0.00859	0.03305	0.01550	0.23190	0.50894	0.07140	0.01408	0.00639	0.00195	0.00294	0.05290	0.00501	0.00450
7	0.02302	0.00873	0.01191	0.00913	0.01310	0.00754	0.00754	0.02501	0.01469	0.79122	0.02024	0.01746	0.01270	0.00635	0.00516	0.00159	0.00437	0.00516	0.00635	0.00873
8	0.00708	0.00505	0.00690	0.00809	0.00874	0.00488	0.00620	0.00857	0.01064	0.01402	0.02783	0.50645	0.03214	0.01530	0.00677	0.00220	0.00369	0.31633	0.00475	0.00440
9	0.01213	0.01161	0.01979	0.17902	0.64462	0.01204	0.01546	0.01525	0.01141	0.01607	0.00955	0.01289	0.00788	0.00468	0.00509	0.00156	0.00624	0.00457	0.00249	0.00767
10	0.00708	0.00524	0.00661	0.00627	0.00756	0.00477	0.00470	0.00934	0.01410	0.01957	0.67555	0.03998	0.15845	0.01086	0.00605	0.00163	0.00245	0.00951	0.00552	0.00477
11	0.85592	0.00992	0.00754	0.00675	0.00992	0.01151	0.00556	0.01508	0.00873	0.02302	0.00714	0.00834	0.00556	0.00476	0.00318	0.00159	0.00397	0.00278	0.00318	0.00556
12	0.01029	0.02654	0.79309	0.01462	0.02221	0.01192	0.01896	0.01625	0.01083	0.01625	0.00921	0.01083	0.00650	0.00487	0.00487	0.00162	0.00758	0.00379	0.00217	0.00758
13	0.01917	0.02445	0.01454	0.01322	0.01586	0.79907	0.00991	0.02049	0.01454	0.01256	0.00793	0.00925	0.00661	0.00529	0.00463	0.00132	0.00925	0.00330	0.00264	0.00595
14	0.00643	0.00454	0.00590	0.00691	0.00717	0.00429	0.00452	0.00719	0.00947	0.01263	0.02647	0.69949	0.03166	0.13602	0.00947	0.00252	0.00328	0.01352	0.00452	0.00401
15	0.00746	0.00497	0.00560	0.00560	0.00560	0.00497	0.00311	0.00746	0.00746	0.00995	0.01617	0.03358	0.01865	0.81967	0.02612	0.00497	0.00497	0.00746	0.00311	0.00311
16	0.01798	0.02248	0.01472	0.01326	0.01551	0.68215	0.01011	0.01927	0.01354	0.01253	0.00775	0.00955	0.00663	0.00584	0.00645	0.00146	0.12882	0.00348	0.00258	0.00590
17	0.00746	0.00500	0.00572	0.00572	0.00577	0.00504	0.00327	0.00754	0.00750	0.01004	0.01605	0.03294	0.01838	0.78260	0.06282	0.00513	0.00539	0.00737	0.00309	0.00318
18	0.00827	0.00591	0.00827	0.00945	0.01063	0.00591	0.00827	0.01063	0.01181	0.01536	0.02717	0.05788	0.02953	0.01417	0.00709	0.00236	0.00472	0.75313	0.00472	0.00472
19	0.01211	0.01384	0.03028	0.02163	0.02682	0.01298	0.76903	0.01644	0.01211	0.01644	0.01038	0.01384	0.00779	0.00433	0.00606	0.00173	0.00865	0.00606	0.00260	0.00692
20	0.01951	0.01437	0.01540	0.01181	0.01591	0.01591	0.00975	0.77056	0.02412	0.03234	0.01232	0.01232	0.00873	0.00616	0.00513	0.00154	0.00565	0.00462	0.00513	0.00873
21	0.00778	0.00495	0.00547	0.00547	0.00565	0.00495	0.00318	0.00813	0.00795	0.01132	0.01625	0.03142	0.01783	0.69822	0.02275	0.00441	0.00459	0.00706	0.12924	0.00336
22	0.04972	0.00645	0.00649	0.00592	0.00764	0.00675	0.00460	0.12533	0.01266	0.02128	0.01564	0.01762	0.01214	0.00595	0.00380	0.00126	0.00295	0.00467	0.68372	0.00541
23	0.60890	0.01042	0.01024	0.01096	0.12657	0.01166	0.00747	0.03930	0.06359	0.05644	0.00922	0.01027	0.00706	0.00500	0.00375	0.00159	0.00436	0.00342	0.00342	0.00636

[dist]
# distance from previous block
# <min> <max>
0	1

[block]
# block no. 6 follows, 48 sequences, length 35
# corresponding to MSA columns:
# 313-347
name=unknown_G
#
# <colnr> <probs for GDERKNQSTAVLIFYWHMCP>
#	G	D	E	R	K	N	Q	S	T	A	V	L	I	F	Y	W	H	M	C	P
0	0.01168	0.00648	0.00844	0.00738	0.00940	0.00599	0.00573	0.01467	0.05791	0.22139	0.54239	0.03180	0.03725	0.00921	0.00577	0.00161	0.00302	0.00801	0.00581	0.00604
1	0.01319	0.61252	0.07327	0.01171	0.01645	0.01833	0.16235	0.01563	0.01079	0.01320	0.00791	0.00951	0.00682	0.00441	0.00394	0.00126	0.00625	0.00347	0.00227	0.00671
2	0.73425	0.12734	0.01034	0.00704	0.01039	0.01278	0.00602	0.01512	0.00898	0.02144	0.00714	0.00832	0.00571	0.00471	0.00319	0.00152	0.00419	0.00277	0.00303	0.00571
3	0.28449	0.06189	0.01353	0.01012	0.01384	0.07038	0.00837	0.43259	0.01774	0.02677	0.01006	0.01059	0.00744	0.00555	0.00437	0.00151	0.00536	0.00383	0.00416	0.00740
4	0.01162	0.01109	0.01888	0.30916	0.51842	0.01191	0.01521	0.01480	0.01117	0.01546	0.00946	0.01305	0.00767	0.00477	0.00510	0.00159	0.00636	0.00457	0.00245	0.00726
5	0.00622	0.00457	0.00584	0.00686	0.00737	0.00419	0.00464	0.00718	0.01009	0.01321	0.03170	0.70553	0.14252	0.01563	0.00648	0.00203	0.00292	0.01404	0.00476	0.00419
6	0.00687	0.00523	0.00631	0.00604	0.00742	0.00467	0.00453	0.00892	0.01359	0.01837	0.54380	0.04196	0.29096	0.01131	0.00606	0.00165	0.00248	0.00979	0.00536	0.00467
7	0.00726	0.00524	0.00686	0.00646	0.00767	0.00484	0.00484	0.00968	0.01452	0.02058	0.78496	0.03833	0.04841	0.01049	0.00605	0.00161	0.00242	0.00928	0.00565	0.00484
8	0.01064	0.00912	0.01064	0.00760	0.01216	0.00684	0.00608	0.01292	0.01064	0.01672	0.00912	0.01064	0.00760	0.00380	0.00380	0.00076	0.00380	0.00304	0.00304	0.85104
9	0.00865	0.00646	0.00843	0.00926	0.01058	0.00668	0.00774	0.01261	0.12610	0.01594	0.02639	0.16165	0.02809	0.01337	0.00673	0.00223	0.00437	0.53474	0.00480	0.00515
10	0.01451	0.70744	0.02510	0.00942	0.01356	0.13280	0.00894	0.01610	0.01102	0.01214	0.00725	0.00838	0.00659	0.00452	0.00349	0.00113	0.00603	0.00282	0.00226	0.00649
11	0.00609	0.00509	0.00531	0.00548	0.00700	0.00431	0.00402	0.00733	0.01143	0.01375	0.04856	0.16017	0.67700	0.01344	0.00613	0.00178	0.00265	0.01137	0.00476	0.00431
12	0.00625	0.00447	0.00595	0.00714	0.00744	0.00417	0.00476	0.00714	0.00982	0.01310	0.02828	0.81633	0.03394	0.01608	0.00655	0.00208	0.00298	0.01459	0.00476	0.00417
13	0.01444	0.71637	0.02524	0.00937	0.01353	0.12409	0.00893	0.01605	0.01097	0.01214	0.00724	0.00837	0.00659	0.00451	0.00347	0.00113	0.00599	0.00282	0.00225	0.00650
14	0.01018	0.01007	0.01839	0.64926	0.03362	0.01172	0.16611	0.01378	0.01063	0.01378	0.00937	0.01371	0.00703	0.00497	0.00532	0.00171	0.00720	0.00486	0.00234	0.00595
15	0.00891	0.00446	0.00668	0.00668	0.00668	0.00446	0.00446	0.00668	0.00668	0.00891	0.00891	0.01560	0.00891	0.01783	0.02005	0.85071	0.00446	0.00446	0.00223	0.00223
16	0.00746	0.00497	0.00560	0.00560	0.00560	0.00497	0.00311	0.00746	0.00746	0.00995	0.01617	0.03358	0.01865	0.81967	0.02612	0.00497	0.00497	0.00746	0.00311	0.00311
17	0.01150	0.01087	0.01763	0.11685	0.55155	0.02574	0.01356	0.01442	0.01198	0.01673	0.12272	0.01746	0.03517	0.00574	0.00524	0.00156	0.00561	0.00540	0.00302	0.00723
18	0.01226	0.01175	0.02004	0.14357	0.67899	0.01208	0.01553	0.01537	0.01148	0.01624	0.00957	0.01284	0.00794	0.00465	0.00509	0.00155	0.00620	0.00457	0.00250	0.00778
19	0.00746	0.00497	0.00560	0.00560	0.00560	0.00497	0.00311	0.00746	0.00746	0.00995	0.01617	0.03358	0.01865	0.81967	0.02612	0.00497	0.00497	0.00746	0.00311	0.00311
20	0.01209	0.01339	0.02825	0.05804	0.13711	0.01279	0.62661	0.01619	0.01197	0.01634	0.01022	0.01367	0.00779	0.00440	0.00587	0.00170	0.00820	0.00577	0.00257	0.00704
21	0.01099	0.18905	0.63670	0.01343	0.02036	0.01363	0.01688	0.01607	0.01075	0.01540	0.00878	0.01030	0.00652	0.00478	0.00455	0.00152	0.00716	0.00358	0.00217	0.00738
22	0.01116	0.01062	0.01804	0.42865	0.40255	0.01179	0.01498	0.01440	0.01095	0.01489	0.00938	0.01320	0.00747	0.00486	0.00511	0.00162	0.00648	0.00457	0.00241	0.00688
23	0.02293	0.00889	0.01200	0.00920	0.01317	0.00777	0.00760	0.04521	0.01494	0.77066	0.02003	0.01733	0.01259	0.00635	0.00516	0.00159	0.00440	0.00515	0.00632	0.00873
24	0.01351	0.01230	0.01952	0.07217	0.61522	0.01270	0.01462	0.12491	0.03149	0.01892	0.01027	0.01285	0.00832	0.00489	0.00509	0.00154	0.00602	0.00461	0.00296	0.00808
25	0.01038	0.00975	0.01644	0.52967	0.25664	0.01120	0.01413	0.01354	0.01066	0.01419	0.01042	0.06126	0.00884	0.00562	0.00520	0.00168	0.00639	0.00516	0.00251	0.00633
26	0.01372	0.82276	0.02689	0.00878	0.01317	0.02030	0.00878	0.01536	0.01043	0.01207	0.00713	0.00823	0.00658	0.00439	0.00329	0.00110	0.00549	0.00274	0.00219	0.00658
27	0.01089	0.00927	0.01078	0.00772	0.01227	0.00710	0.00619	0.03471	0.01103	0.01717	0.00921	0.01069	0.00763	0.00387	0.00384	0.00078	0.00385	0.00309	0.00310	0.82682
28	0.05279	0.30792	0.32457	0.01180	0.01728	0.01521	0.04022	0.07418	0.06438	0.03314	0.00968	0.01072	0.00746	0.00495	0.00432	0.00144	0.00624	0.00368	0.00276	0.00725
29	0.00735	0.00543	0.00791	0.00791	0.00871	0.00623	0.00599	0.00895	0.00815	0.01166	0.01405	0.02186	0.01357	0.13779	0.70104	0.00783	0.01263	0.00575	0.00279	0.00439
30	0.00625	0.00447	0.00595	0.00714	0.00744	0.00417	0.00476	0.00714	0.00982	0.01310	0.02828	0.81633	0.03394	0.01608	0.00655	0.00208	0.00298	0.01459	0.00476	0.00417
31	0.01345	0.01362	0.02010	0.02937	0.69784	0.10377	0.01507	0.01630	0.01202	0.01627	0.00945	0.01230	0.00795	0.00466	0.00503	0.00150	0.00646	0.00442	0.00255	0.00787
32	0.39022	0.02887	0.01418	0.10349	0.01696	0.02917	0.11804	0.18865	0.02999	0.02257	0.00935	0.01092	0.00702	0.00511	0.00435	0.00160	0.00551	0.00396	0.00345	0.00658
33	0.00746	0.00497	0.00560	0.00560	0.00560	0.00497	0.00311	0.00746	0.00746	0.00995	0.01617	0.03358	0.01865	0.81967	0.02612	0.00497	0.00497	0.00746	0.00311	0.00311
34	0.01683	0.12797	0.01633	0.01094	0.01471	0.01099	0.11767	0.05686	0.11424	0.34202	0.08733	0.01830	0.01493	0.00638	0.00515	0.00157	0.00500	0.02024	0.00490	0.00764

[dist]
# distance from previous block
# <min> <max>
0	1

# created by:
# /st0/software/busco_prod/Augustus/scripts/msa2prfl.pl ./align_prep/167052.fa
