[name]
unknown

[dist]
# distance from previous block
# <min> <max>
0	9

[block]
# block no. 0 follows, 33 sequences, length 23
# corresponding to MSA columns:
# 62-66,98-105,122-131
name=unknown_A
#
# <colnr> <probs for GDERKNQSTAVLIFYWHMCP>
#	G	D	E	R	K	N	Q	S	T	A	V	L	I	F	Y	W	H	M	C	P
0	0.01669	0.01071	0.01303	0.01220	0.01537	0.04030	0.01032	0.07375	0.01716	0.17115	0.02765	0.04880	0.02660	0.01318	0.00773	0.00244	0.00616	0.37688	0.00617	0.10372
1	0.02197	0.01640	0.01743	0.01379	0.01872	0.04244	0.01117	0.38183	0.17561	0.09602	0.01833	0.01786	0.01328	0.00769	0.00636	0.00189	0.00650	0.00598	0.00627	0.12050
2	0.01756	0.01301	0.01398	0.01238	0.01603	0.03422	0.00976	0.05688	0.43199	0.13401	0.05242	0.03079	0.09528	0.01012	0.00692	0.00221	0.00532	0.04072	0.00675	0.00964
3	0.01080	0.00865	0.00931	0.00950	0.01108	0.05218	0.00685	0.03458	0.05157	0.04030	0.16161	0.37562	0.17012	0.01639	0.00782	0.00236	0.00433	0.01437	0.00625	0.00629
4	0.00957	0.00638	0.00718	0.00718	0.00718	0.00638	0.00399	0.00957	0.00957	0.01276	0.02074	0.04308	0.02393	0.76864	0.03351	0.00638	0.00638	0.00957	0.00399	0.00399
5	0.00811	0.00655	0.00732	0.00764	0.00940	0.00575	0.00566	0.00985	0.01460	0.01811	0.09807	0.19520	0.49510	0.01864	0.03812	0.00268	0.00412	0.04341	0.00607	0.00559
6	0.02954	0.01120	0.01528	0.01171	0.01681	0.00968	0.00968	0.03208	0.01884	0.73213	0.02597	0.02241	0.01630	0.00815	0.00662	0.00204	0.00560	0.00662	0.00815	0.01120
7	0.00866	0.00622	0.00821	0.00873	0.00969	0.00577	0.00616	0.01077	0.01558	0.02154	0.37562	0.41151	0.05271	0.01709	0.00809	0.00238	0.00347	0.01536	0.00667	0.00577
8	0.01548	0.01760	0.03794	0.02724	0.03358	0.01682	0.67028	0.02083	0.01527	0.02083	0.01309	0.01760	0.00992	0.00584	0.00844	0.00225	0.04720	0.00767	0.00331	0.00880
9	0.01227	0.00614	0.00614	0.00614	0.00767	0.00614	0.00460	0.01534	0.01381	0.02454	0.02148	0.02454	0.01687	0.00767	0.00460	0.00153	0.00307	0.00614	0.80518	0.00614
10	0.01077	0.00638	0.00719	0.00710	0.00825	0.00635	0.00500	0.01298	0.01335	0.02104	0.13982	0.03448	0.04622	0.20145	0.06721	0.00352	0.00499	0.00824	0.39009	0.00558
11	0.01493	0.02151	0.20431	0.02516	0.03227	0.01647	0.51212	0.02081	0.01492	0.02081	0.01276	0.01669	0.00954	0.00597	0.00799	0.00222	0.04234	0.00699	0.00318	0.00901
12	0.01227	0.00614	0.00614	0.00614	0.00767	0.00614	0.00460	0.01534	0.01381	0.02454	0.02148	0.02454	0.01687	0.00767	0.00460	0.00153	0.00307	0.00614	0.80518	0.00614
13	0.02407	0.01770	0.01898	0.01466	0.01960	0.01955	0.01199	0.66266	0.02963	0.03972	0.01611	0.01749	0.01198	0.05485	0.00825	0.00225	0.00719	0.00615	0.00643	0.01075
14	0.01637	0.01414	0.01489	0.01340	0.01712	0.01637	0.01042	0.03498	0.71568	0.02754	0.02679	0.02456	0.02010	0.00893	0.00670	0.00223	0.00521	0.00744	0.00670	0.01042
15	0.01061	0.00758	0.01061	0.01212	0.01364	0.00758	0.01061	0.01364	0.01515	0.01970	0.03486	0.07426	0.03789	0.01819	0.00909	0.00303	0.00606	0.68326	0.00606	0.00606
16	0.01554	0.01776	0.03885	0.02775	0.03441	0.01665	0.70366	0.02109	0.01554	0.02109	0.01332	0.01776	0.00999	0.00555	0.00777	0.00222	0.01110	0.00777	0.00333	0.00888
17	0.00932	0.00673	0.00880	0.00828	0.00984	0.00621	0.00621	0.01242	0.01863	0.02640	0.72410	0.04918	0.06212	0.01346	0.00776	0.00207	0.00311	0.01191	0.00725	0.00621
18	0.01629	0.01564	0.02672	0.04041	0.72757	0.01564	0.02020	0.02020	0.01499	0.02151	0.01238	0.01629	0.01043	0.00587	0.00652	0.00196	0.00782	0.00587	0.00326	0.01043
19	0.01540	0.01731	0.03696	0.02640	0.03300	0.01606	0.65170	0.02075	0.01540	0.02111	0.01320	0.01745	0.00997	0.00550	0.00755	0.00213	0.01063	0.00748	0.00337	0.06862
20	0.01502	0.01601	0.03219	0.18764	0.18036	0.01600	0.41344	0.01998	0.01491	0.02025	0.01277	0.01741	0.00982	0.00584	0.00725	0.00216	0.00992	0.00696	0.00323	0.00886
21	0.01646	0.01615	0.02593	0.06315	0.65118	0.04723	0.01963	0.02021	0.01493	0.02093	0.01215	0.01609	0.01023	0.00611	0.00697	0.00198	0.03154	0.00579	0.00324	0.01010
22	0.01624	0.01580	0.02763	0.03946	0.67556	0.01572	0.07149	0.02027	0.01503	0.02148	0.01245	0.01640	0.01039	0.00584	0.00661	0.00198	0.00807	0.00601	0.00326	0.01031

[dist]
# distance from previous block
# <min> <max>
1	5

[block]
# block no. 1 follows, 33 sequences, length 44
# corresponding to MSA columns:
# 140-183
name=unknown_B
#
# <colnr> <probs for GDERKNQSTAVLIFYWHMCP>
#	G	D	E	R	K	N	Q	S	T	A	V	L	I	F	Y	W	H	M	C	P
0	0.05291	0.01855	0.01872	0.01467	0.01953	0.07077	0.01196	0.59723	0.02852	0.03817	0.03455	0.01689	0.01254	0.02577	0.00711	0.00206	0.00736	0.00597	0.00622	0.01049
1	0.02459	0.03138	0.01866	0.01696	0.02035	0.74221	0.01272	0.02629	0.01866	0.01611	0.01018	0.01187	0.00848	0.00678	0.00594	0.00170	0.01187	0.00424	0.00339	0.00763
2	0.01654	0.01611	0.02648	0.03971	0.70638	0.03742	0.01998	0.02039	0.01510	0.02135	0.01232	0.01616	0.01037	0.00589	0.00650	0.00195	0.00794	0.00582	0.00326	0.01034
3	0.01144	0.00572	0.00858	0.00858	0.00858	0.00572	0.00572	0.00858	0.00858	0.01144	0.01144	0.02001	0.01144	0.02287	0.02573	0.80846	0.00572	0.00572	0.00286	0.00286
4	0.01515	0.01277	0.01284	0.01150	0.01446	0.08159	0.00887	0.06613	0.27908	0.05582	0.28253	0.03407	0.07614	0.01075	0.00707	0.00210	0.00511	0.00903	0.00660	0.00840
5	0.01227	0.00614	0.00614	0.00614	0.00767	0.00614	0.00460	0.01534	0.01381	0.02454	0.02148	0.02454	0.01687	0.00767	0.00460	0.00153	0.00307	0.00614	0.80518	0.00614
6	0.01554	0.00811	0.01079	0.00934	0.01198	0.00728	0.00728	0.01848	0.01870	0.24365	0.50919	0.04094	0.04801	0.01182	0.00741	0.00206	0.00387	0.01028	0.00752	0.00775
7	0.00893	0.00666	0.00830	0.00800	0.00963	0.00603	0.00596	0.01163	0.01755	0.02409	0.55048	0.09283	0.19658	0.01452	0.00780	0.00214	0.00319	0.01270	0.00695	0.00603
8	0.01227	0.00614	0.00614	0.00614	0.00767	0.00614	0.00460	0.01534	0.01381	0.02454	0.02148	0.02454	0.01687	0.00767	0.00460	0.00153	0.00307	0.00614	0.80518	0.00614
9	0.02380	0.03010	0.01823	0.01663	0.01990	0.70373	0.01248	0.02553	0.01823	0.01607	0.01057	0.01261	0.00890	0.00902	0.04455	0.00216	0.01217	0.00439	0.00340	0.00754
10	0.01491	0.01842	0.10195	0.05720	0.07275	0.01590	0.54210	0.02033	0.01513	0.02073	0.01403	0.04891	0.01123	0.00632	0.00753	0.00221	0.01038	0.00777	0.00337	0.00883
11	0.01564	0.01539	0.02422	0.24725	0.48791	0.05675	0.01922	0.01956	0.01467	0.01983	0.01206	0.01641	0.00983	0.00613	0.00650	0.00201	0.00833	0.00577	0.00317	0.00936
12	0.01554	0.01776	0.03885	0.02775	0.03441	0.01665	0.70366	0.02109	0.01554	0.02109	0.01332	0.01776	0.00999	0.00555	0.00777	0.00222	0.01110	0.00777	0.00333	0.00888
13	0.02503	0.01844	0.01976	0.01515	0.02042	0.02042	0.01251	0.70562	0.03095	0.04149	0.01581	0.01581	0.01120	0.00790	0.00659	0.00198	0.00724	0.00593	0.00659	0.01120
14	0.01002	0.00686	0.00888	0.00838	0.01006	0.00627	0.00628	0.01290	0.01809	0.05545	0.61635	0.08962	0.09819	0.01383	0.00775	0.00211	0.00327	0.01219	0.00715	0.00634
15	0.01180	0.01050	0.01696	0.41257	0.07433	0.01203	0.03929	0.01580	0.04437	0.01777	0.02035	0.17291	0.03856	0.01090	0.00776	0.02673	0.00724	0.04906	0.00404	0.00704
16	0.01494	0.01436	0.02478	0.28533	0.46644	0.01533	0.04530	0.01907	0.01438	0.01988	0.01218	0.01678	0.00984	0.00610	0.00659	0.00205	0.00827	0.00593	0.00315	0.00930
17	0.00918	0.00671	0.00853	0.00808	0.00963	0.00616	0.00600	0.01202	0.01789	0.02498	0.63069	0.05025	0.12322	0.04718	0.00891	0.00228	0.00327	0.01199	0.00700	0.00605
18	0.01084	0.00855	0.01085	0.01009	0.01017	0.01016	0.00704	0.01138	0.00978	0.01375	0.01732	0.03431	0.01937	0.51889	0.07876	0.00574	0.20596	0.00839	0.00366	0.00497
19	0.02885	0.01104	0.01500	0.01156	0.01647	0.00956	0.00948	0.03131	0.01852	0.70738	0.02579	0.02312	0.01656	0.03431	0.00755	0.00219	0.00563	0.00672	0.00801	0.01096
20	0.01447	0.01650	0.06193	0.23987	0.03647	0.01618	0.43715	0.01955	0.01448	0.01955	0.01253	0.01736	0.00949	0.00620	0.00808	0.00224	0.04944	0.00698	0.00316	0.00837
21	0.66700	0.01319	0.01119	0.00958	0.01387	0.01491	0.00790	0.09079	0.01388	0.09081	0.01128	0.01222	0.00833	0.00647	0.00455	0.00203	0.00536	0.00407	0.00468	0.00789
22	0.01203	0.00915	0.01134	0.01011	0.01224	0.00949	0.00757	0.07041	0.04271	0.01871	0.01746	0.02688	0.01670	0.22080	0.29072	0.00621	0.03272	0.00700	0.02773	0.15002
23	0.01291	0.01106	0.01876	0.11379	0.14646	0.01114	0.11920	0.01651	0.01503	0.04141	0.04532	0.07456	0.05440	0.01219	0.00792	0.00250	0.00719	0.27729	0.00485	0.00753
24	0.02954	0.01120	0.01528	0.01171	0.01681	0.00968	0.00968	0.03208	0.01884	0.73213	0.02597	0.02241	0.01630	0.00815	0.00662	0.00204	0.00560	0.00662	0.00815	0.01120
25	0.01720	0.01423	0.02350	0.18108	0.47774	0.01469	0.01819	0.02145	0.03480	0.11163	0.01439	0.01756	0.01111	0.00639	0.00655	0.00202	0.00766	0.00600	0.00391	0.00989
26	0.01667	0.61565	0.18326	0.01286	0.01936	0.02376	0.01404	0.01995	0.01349	0.01663	0.00972	0.01127	0.00843	0.00576	0.00466	0.00155	0.00761	0.00381	0.00281	0.00872
27	0.00832	0.00624	0.00772	0.00830	0.00946	0.00564	0.00586	0.01013	0.01485	0.01968	0.23218	0.39422	0.21805	0.01768	0.00807	0.00240	0.00350	0.01565	0.00642	0.00564
28	0.01243	0.01170	0.01975	0.75282	0.04534	0.01463	0.01828	0.01682	0.01316	0.01682	0.01170	0.01755	0.00878	0.00658	0.00658	0.00219	0.00878	0.00585	0.00293	0.00731
29	0.04768	0.01298	0.01872	0.13245	0.30485	0.04512	0.01437	0.01675	0.01367	0.01915	0.01853	0.11916	0.05574	0.05597	0.00936	0.00239	0.05908	0.00799	0.00384	0.04220
30	0.00944	0.00640	0.00714	0.00714	0.00730	0.00632	0.00406	0.00956	0.00997	0.01313	0.02407	0.04455	0.07463	0.71425	0.03165	0.00608	0.00616	0.00989	0.00414	0.00410
31	0.00932	0.00673	0.00880	0.00828	0.00984	0.00621	0.00621	0.01242	0.01863	0.02640	0.72410	0.04918	0.06212	0.01346	0.00776	0.00207	0.00311	0.01191	0.00725	0.00621
32	0.01554	0.01776	0.03885	0.02775	0.03441	0.01665	0.70366	0.02109	0.01554	0.02109	0.01332	0.01776	0.00999	0.00555	0.00777	0.00222	0.01110	0.00777	0.00333	0.00888
33	0.04587	0.13108	0.11016	0.01459	0.02026	0.03566	0.01336	0.40163	0.07908	0.06228	0.01530	0.01553	0.01117	0.00738	0.00612	0.00192	0.00733	0.00548	0.00548	0.01034
34	0.01345	0.00796	0.00919	0.00837	0.00949	0.00792	0.00542	0.06856	0.01261	0.10747	0.02104	0.03766	0.02171	0.58605	0.02699	0.00532	0.00625	0.00879	0.03019	0.00556
35	0.02459	0.03138	0.01866	0.01696	0.02035	0.74221	0.01272	0.02629	0.01866	0.01611	0.01018	0.01187	0.00848	0.00678	0.00594	0.00170	0.01187	0.00424	0.00339	0.00763
36	0.01128	0.00760	0.01031	0.01141	0.01294	0.00751	0.00942	0.01447	0.04437	0.05990	0.03437	0.24246	0.03732	0.01783	0.00868	0.00285	0.00544	0.44925	0.00622	0.00636
37	0.02433	0.01766	0.01908	0.01471	0.01991	0.01932	0.01211	0.61633	0.06565	0.06893	0.01665	0.01646	0.01182	0.00785	0.00653	0.00195	0.00698	0.00596	0.00656	0.04122
38	0.01243	0.01170	0.01975	0.75282	0.04534	0.01463	0.01828	0.01682	0.01316	0.01682	0.01170	0.01755	0.00878	0.00658	0.00658	0.00219	0.00878	0.00585	0.00293	0.00731
39	0.11956	0.01610	0.02452	0.02534	0.25606	0.05665	0.19461	0.09057	0.01660	0.05394	0.01647	0.03724	0.04840	0.00711	0.00662	0.00206	0.00807	0.00676	0.00416	0.00917
40	0.01429	0.04286	0.01511	0.10726	0.05469	0.01192	0.03565	0.12273	0.04680	0.05016	0.09831	0.05049	0.02226	0.25436	0.04211	0.00376	0.00698	0.00823	0.00485	0.00718
41	0.10665	0.01206	0.01466	0.05088	0.01717	0.01283	0.03567	0.10815	0.14105	0.17805	0.07848	0.06753	0.05836	0.04722	0.00861	0.00238	0.03747	0.00795	0.00606	0.00876
42	0.05229	0.41150	0.09526	0.01432	0.02026	0.04647	0.10710	0.02168	0.01453	0.10930	0.01227	0.01356	0.00965	0.00603	0.00529	0.00168	0.00767	0.00467	0.00369	0.04277
43	0.05823	0.11922	0.13470	0.01854	0.02394	0.09087	0.21971	0.04901	0.01484	0.02036	0.01198	0.03328	0.00994	0.00703	0.00825	0.00203	0.10548	0.00587	0.00341	0.06332

[dist]
# distance from previous block
# <min> <max>
15	31

[block]
# block no. 2 follows, 33 sequences, length 19
# corresponding to MSA columns:
# 218-229,236-242
name=unknown_C
#
# <colnr> <probs for GDERKNQSTAVLIFYWHMCP>
#	G	D	E	R	K	N	Q	S	T	A	V	L	I	F	Y	W	H	M	C	P
0	0.16447	0.01629	0.03489	0.03305	0.09529	0.14287	0.03949	0.03876	0.08160	0.04251	0.01752	0.01916	0.05780	0.00769	0.00673	0.00195	0.05229	0.00582	0.09077	0.05106
1	0.13543	0.07828	0.05413	0.22431	0.10606	0.01551	0.07462	0.03390	0.01360	0.02098	0.01148	0.01511	0.00916	0.00644	0.00685	0.00195	0.05842	0.00521	0.02570	0.10285
2	0.09509	0.01555	0.05727	0.15182	0.15843	0.06690	0.04778	0.06569	0.05232	0.09877	0.01919	0.02178	0.07155	0.00795	0.00688	0.00210	0.02721	0.02046	0.00448	0.00878
3	0.01502	0.01406	0.02220	0.05396	0.50711	0.03660	0.01696	0.03422	0.01484	0.02062	0.01610	0.08822	0.01522	0.01159	0.06893	0.00280	0.00834	0.04026	0.00375	0.00920
4	0.01522	0.01422	0.02373	0.36188	0.31310	0.01565	0.06218	0.07658	0.01554	0.02103	0.01242	0.01692	0.00971	0.00634	0.00663	0.00208	0.00842	0.00599	0.00339	0.00898
5	0.01276	0.01230	0.02137	0.66735	0.04349	0.01498	0.07601	0.01715	0.01326	0.01715	0.01174	0.01747	0.00887	0.00666	0.00718	0.00222	0.03363	0.00601	0.00296	0.00744
6	0.01942	0.01685	0.01681	0.01539	0.04792	0.11396	0.01189	0.25850	0.23582	0.02914	0.02161	0.02822	0.01820	0.00978	0.00697	0.00220	0.00706	0.12476	0.00596	0.00955
7	0.01775	0.68159	0.03326	0.01393	0.07701	0.05137	0.01207	0.01999	0.01371	0.01602	0.00946	0.01109	0.00862	0.00569	0.00448	0.00146	0.00728	0.00374	0.00287	0.00859
8	0.01148	0.00598	0.00907	0.04148	0.01020	0.00611	0.00627	0.00894	0.00878	0.01167	0.01145	0.01990	0.01132	0.02215	0.02488	0.77281	0.00585	0.00572	0.00286	0.00306
9	0.02163	0.01759	0.01779	0.01458	0.01913	0.06478	0.01171	0.40162	0.29641	0.03445	0.01972	0.01896	0.01448	0.00823	0.00659	0.00206	0.00675	0.00641	0.00643	0.01067
10	0.01485	0.06569	0.60540	0.01835	0.02735	0.01542	0.06052	0.02171	0.01436	0.07763	0.01291	0.01464	0.00907	0.00634	0.00627	0.00206	0.00935	0.00511	0.00324	0.00974
11	0.00941	0.00702	0.01041	0.01041	0.01153	0.00814	0.00802	0.01165	0.01053	0.01516	0.01779	0.02671	0.01683	0.08492	0.70751	0.01037	0.01708	0.00718	0.00355	0.00578
12	0.00807	0.00584	0.00763	0.00896	0.00952	0.00540	0.00604	0.00934	0.01306	0.01734	0.07194	0.68385	0.08864	0.02002	0.00833	0.00261	0.00375	0.01807	0.00617	0.00540
13	0.01694	0.66087	0.14040	0.01240	0.01865	0.02442	0.01324	0.01988	0.01346	0.01630	0.00956	0.01107	0.00843	0.00573	0.00453	0.00151	0.00745	0.00372	0.00281	0.00864
14	0.01705	0.15817	0.08019	0.01300	0.01791	0.07349	0.04463	0.11033	0.03247	0.05820	0.04926	0.03695	0.01456	0.06564	0.00818	0.00203	0.02027	0.00585	0.00438	0.18744
15	0.03495	0.18986	0.39395	0.01746	0.06779	0.01725	0.03561	0.02079	0.03514	0.03661	0.01193	0.01386	0.00915	0.00624	0.00614	0.00188	0.02808	0.00475	0.00319	0.06537
16	0.12926	0.25411	0.17040	0.04055	0.02033	0.01810	0.04738	0.07112	0.05948	0.04166	0.01526	0.03672	0.03993	0.00716	0.00556	0.00188	0.00716	0.00547	0.00394	0.02455
17	0.01531	0.20734	0.19090	0.01448	0.01977	0.11080	0.04761	0.01886	0.01419	0.01819	0.03573	0.01869	0.07097	0.00936	0.03781	0.00221	0.07585	0.00564	0.00345	0.08285
18	0.03163	0.12681	0.08473	0.06847	0.13274	0.08579	0.04579	0.02007	0.01470	0.09440	0.05971	0.01921	0.03153	0.00970	0.04216	0.00241	0.09285	0.00604	0.02281	0.00848

[dist]
# distance from previous block
# <min> <max>
3	22

[block]
# block no. 3 follows, 33 sequences, length 8
# corresponding to MSA columns:
# 265-272
name=unknown_D
#
# <colnr> <probs for GDERKNQSTAVLIFYWHMCP>
#	G	D	E	R	K	N	Q	S	T	A	V	L	I	F	Y	W	H	M	C	P
0	0.01756	0.14510	0.10918	0.06830	0.23770	0.10809	0.04683	0.02111	0.01521	0.08792	0.01540	0.05566	0.02932	0.00728	0.00623	0.00193	0.00810	0.00618	0.00382	0.00908
1	0.00932	0.00735	0.00859	0.00796	0.01026	0.00634	0.00605	0.01173	0.01614	0.02166	0.32420	0.05116	0.31422	0.03847	0.00830	0.00217	0.00365	0.03973	0.00623	0.10647
2	0.01394	0.10451	0.01461	0.09223	0.01621	0.01099	0.00901	0.01838	0.07970	0.11503	0.40308	0.03517	0.03981	0.01062	0.00695	0.00201	0.00474	0.00910	0.00628	0.00763
3	0.01541	0.01369	0.01734	0.01467	0.01878	0.01471	0.09703	0.02913	0.48212	0.02530	0.02421	0.02731	0.01940	0.00895	0.00686	0.00217	0.00599	0.07255	0.00590	0.09847
4	0.01418	0.19815	0.57899	0.01710	0.02592	0.01768	0.02142	0.02060	0.01378	0.01966	0.01122	0.01316	0.00836	0.00612	0.00580	0.00193	0.00913	0.00457	0.00279	0.00944
5	0.00959	0.09127	0.01111	0.00964	0.01083	0.00818	0.00719	0.01109	0.01276	0.01669	0.03195	0.47735	0.05924	0.06999	0.05516	0.00330	0.00547	0.09803	0.00544	0.00573
6	0.01387	0.01483	0.11031	0.05730	0.01920	0.01059	0.01087	0.04553	0.03472	0.02192	0.01315	0.03947	0.01099	0.00593	0.00541	0.00133	0.00584	0.00483	0.00396	0.56995
7	0.10547	0.04148	0.09642	0.02121	0.21858	0.05186	0.04475	0.03858	0.12474	0.05298	0.01459	0.01621	0.01133	0.00643	0.00596	0.00186	0.00709	0.00541	0.00421	0.13084

[dist]
# distance from previous block
# <min> <max>
0	1

[block]
# block no. 4 follows, 33 sequences, length 10
# corresponding to MSA columns:
# 274-281,292,293
name=unknown_E
#
# <colnr> <probs for GDERKNQSTAVLIFYWHMCP>
#	G	D	E	R	K	N	Q	S	T	A	V	L	I	F	Y	W	H	M	C	P
0	0.08657	0.05962	0.22279	0.02276	0.20691	0.11836	0.07137	0.02120	0.01487	0.04840	0.01288	0.04034	0.01050	0.00666	0.00616	0.00196	0.00861	0.00561	0.00350	0.03094
1	0.01302	0.07318	0.03094	0.10016	0.03221	0.06934	0.07675	0.01712	0.06560	0.01925	0.06313	0.16206	0.04132	0.01260	0.00780	0.00239	0.02204	0.17902	0.00491	0.00715
2	0.01168	0.00943	0.00951	0.00906	0.01006	0.07671	0.00604	0.01230	0.01141	0.01516	0.01975	0.12540	0.02168	0.39773	0.02221	0.06278	0.03796	0.00906	0.05367	0.07841
3	0.01560	0.07755	0.08343	0.12427	0.46441	0.01642	0.08433	0.01988	0.01460	0.02035	0.01208	0.01594	0.00986	0.00594	0.00644	0.00198	0.00834	0.00578	0.00315	0.00968
4	0.01713	0.01549	0.02071	0.16716	0.23524	0.07317	0.01559	0.13377	0.01733	0.04291	0.07558	0.01893	0.01457	0.00796	0.00875	0.00213	0.11420	0.00629	0.00420	0.00891
5	0.07382	0.01240	0.01398	0.05040	0.01691	0.01220	0.00912	0.14004	0.11522	0.04319	0.01740	0.07733	0.01519	0.06878	0.00809	0.00207	0.00562	0.00653	0.00502	0.30669
6	0.09395	0.01503	0.02010	0.11492	0.26158	0.01627	0.01475	0.25750	0.01963	0.02804	0.01439	0.01919	0.01186	0.05429	0.00807	0.00231	0.00734	0.02674	0.00458	0.00946
7	0.01100	0.00922	0.01430	0.06789	0.07328	0.00898	0.08055	0.04214	0.01449	0.01974	0.07972	0.42629	0.03272	0.01476	0.00772	0.00236	0.00546	0.02771	0.00533	0.05634
8	0.01718	0.01681	0.02278	0.16489	0.26423	0.11119	0.08131	0.10216	0.05733	0.02270	0.03941	0.01968	0.01325	0.00721	0.00672	0.00205	0.00840	0.02954	0.00405	0.00911
9	0.13884	0.05946	0.04172	0.15651	0.12759	0.09600	0.06891	0.08531	0.03288	0.04238	0.01318	0.01598	0.01022	0.00727	0.01772	0.00210	0.00794	0.00542	0.06208	0.00848

[dist]
# distance from previous block
# <min> <max>
5	21

[block]
# block no. 5 follows, 33 sequences, length 6
# corresponding to MSA columns:
# 315-320
name=unknown_F
#
# <colnr> <probs for GDERKNQSTAVLIFYWHMCP>
#	G	D	E	R	K	N	Q	S	T	A	V	L	I	F	Y	W	H	M	C	P
0	0.01574	0.01514	0.01368	0.03958	0.01620	0.17495	0.00909	0.08318	0.04149	0.02074	0.01967	0.14217	0.04811	0.06386	0.00817	0.00206	0.00666	0.00772	0.02617	0.24563
1	0.01145	0.01016	0.03648	0.03206	0.05992	0.04175	0.00838	0.01346	0.01253	0.01750	0.06470	0.08706	0.05337	0.22659	0.12850	0.00449	0.03415	0.00851	0.05883	0.09012
2	0.01654	0.01571	0.02158	0.12531	0.37692	0.08082	0.01631	0.07806	0.07734	0.02310	0.08823	0.02018	0.01635	0.00728	0.00663	0.00200	0.00755	0.00649	0.00422	0.00938
3	0.01590	0.09227	0.01709	0.07288	0.01884	0.01276	0.00975	0.08623	0.06220	0.05175	0.01342	0.01495	0.01063	0.00580	0.00531	0.00135	0.00571	0.00457	0.00433	0.49427
4	0.01781	0.03950	0.01446	0.01185	0.01512	0.06634	0.00931	0.18664	0.09914	0.12015	0.20615	0.13265	0.03052	0.01116	0.00704	0.00210	0.00556	0.00937	0.00654	0.00861
5	0.00915	0.00641	0.00787	0.00813	0.00857	0.00649	0.00523	0.00991	0.01066	0.01428	0.02599	0.16671	0.07374	0.45169	0.16098	0.00624	0.00785	0.01098	0.00442	0.00469

[dist]
# distance from previous block
# <min> <max>
0	1

[block]
# block no. 6 follows, 33 sequences, length 7
# corresponding to MSA columns:
# 322-328
name=unknown_G
#
# <colnr> <probs for GDERKNQSTAVLIFYWHMCP>
#	G	D	E	R	K	N	Q	S	T	A	V	L	I	F	Y	W	H	M	C	P
0	0.01688	0.01761	0.02067	0.08563	0.34003	0.18151	0.01529	0.02077	0.04823	0.02032	0.06048	0.01954	0.04229	0.00712	0.00639	0.00186	0.00798	0.00611	0.00385	0.07746
1	0.01569	0.01357	0.02013	0.38847	0.16100	0.01552	0.01657	0.15518	0.04875	0.02328	0.01502	0.02146	0.01221	0.00767	0.00676	0.00217	0.00794	0.05578	0.00412	0.00870
2	0.04728	0.01885	0.02196	0.08485	0.16965	0.20665	0.11828	0.10674	0.01742	0.02203	0.01439	0.01743	0.03022	0.00956	0.05388	0.00250	0.00962	0.00596	0.03414	0.00858
3	0.01492	0.05165	0.07760	0.03604	0.08753	0.03142	0.09972	0.06848	0.12796	0.04730	0.02738	0.03044	0.15424	0.02800	0.00807	0.00226	0.03243	0.04256	0.02353	0.00846
4	0.09743	0.08643	0.04830	0.08424	0.11596	0.07697	0.04808	0.08416	0.06005	0.05720	0.01723	0.05343	0.03747	0.00798	0.00620	0.00196	0.00719	0.03414	0.00442	0.07116
5	0.05493	0.01543	0.06709	0.02090	0.21946	0.05842	0.06067	0.06940	0.01618	0.06918	0.02252	0.02576	0.11903	0.00945	0.02557	0.00219	0.00729	0.03814	0.00448	0.09391
6	0.01582	0.01810	0.16690	0.04251	0.12750	0.01423	0.12433	0.08912	0.04696	0.06258	0.06039	0.02080	0.05037	0.00752	0.00725	0.00200	0.03764	0.00665	0.00436	0.09498

[dist]
# distance from previous block
# <min> <max>
6	143

[block]
# block no. 7 follows, 33 sequences, length 22
# corresponding to MSA columns:
# 487-508
name=unknown_H
#
# <colnr> <probs for GDERKNQSTAVLIFYWHMCP>
#	G	D	E	R	K	N	Q	S	T	A	V	L	I	F	Y	W	H	M	C	P
0	0.08347	0.01548	0.06170	0.05446	0.15447	0.03776	0.07357	0.14827	0.08167	0.02557	0.01849	0.06413	0.04362	0.02467	0.00700	0.00212	0.00697	0.00703	0.05662	0.03294
1	0.08440	0.03486	0.09433	0.01325	0.07344	0.01127	0.01059	0.05792	0.04553	0.14335	0.11637	0.05063	0.05452	0.03663	0.00723	0.00208	0.00557	0.00732	0.06968	0.08104
2	0.01518	0.01342	0.02001	0.04211	0.16171	0.03069	0.12186	0.04836	0.10994	0.05453	0.04699	0.08780	0.05626	0.00919	0.00730	0.00208	0.02452	0.04076	0.00483	0.10247
3	0.04125	0.01772	0.08995	0.01807	0.09581	0.07720	0.09765	0.14024	0.05568	0.09319	0.01617	0.03944	0.01289	0.00736	0.00642	0.00190	0.00755	0.02932	0.00478	0.14742
4	0.01680	0.01387	0.03813	0.09481	0.10140	0.04820	0.01208	0.08532	0.20113	0.10142	0.10310	0.08892	0.02230	0.00940	0.00681	0.00210	0.00620	0.00804	0.00569	0.03426
5	0.04572	0.01106	0.03474	0.03521	0.05781	0.01049	0.00977	0.04674	0.12901	0.19670	0.14109	0.12669	0.08425	0.01141	0.00710	0.00220	0.00513	0.02987	0.00646	0.00854
6	0.01823	0.01618	0.10488	0.08254	0.11477	0.05426	0.01386	0.05958	0.16826	0.16623	0.02191	0.06310	0.03294	0.00896	0.00679	0.00216	0.00691	0.04350	0.00545	0.00948
7	0.11998	0.01654	0.06694	0.07101	0.22065	0.06375	0.01443	0.08170	0.10067	0.15600	0.01628	0.01730	0.01194	0.00699	0.00620	0.00202	0.00717	0.00573	0.00491	0.00977
8	0.12318	0.01270	0.01840	0.15371	0.10682	0.01296	0.09655	0.05690	0.04089	0.04343	0.08315	0.02222	0.06286	0.00757	0.00631	0.00193	0.00664	0.00666	0.00443	0.13268
9	0.02015	0.01379	0.03760	0.13612	0.05021	0.06590	0.01181	0.08921	0.04692	0.26066	0.10932	0.02389	0.04081	0.00838	0.00662	0.00198	0.00652	0.00693	0.00593	0.05724
10	0.02426	0.01770	0.01894	0.01461	0.01965	0.01956	0.01204	0.66420	0.02992	0.04047	0.01615	0.01633	0.01154	0.00789	0.00647	0.00195	0.00699	0.00594	0.05450	0.01089
11	0.01609	0.01543	0.02635	0.07877	0.69083	0.01559	0.02010	0.02002	0.01489	0.02126	0.01235	0.01636	0.01034	0.00590	0.00652	0.00197	0.00787	0.00586	0.00324	0.01026
12	0.01129	0.00577	0.00847	0.00847	0.00847	0.00577	0.00558	0.00865	0.00865	0.01154	0.01215	0.02179	0.01240	0.08035	0.02633	0.74664	0.00577	0.00601	0.00295	0.00295
13	0.02305	0.13799	0.02155	0.01554	0.04217	0.18346	0.01238	0.35733	0.07066	0.05186	0.01445	0.01492	0.01089	0.00731	0.00608	0.00184	0.00809	0.00529	0.00523	0.00989
14	0.04804	0.23642	0.21103	0.01573	0.07438	0.08047	0.01472	0.02260	0.01523	0.15387	0.03551	0.01584	0.01190	0.00671	0.00565	0.00182	0.00765	0.00504	0.02821	0.00920
15	0.00941	0.00702	0.01042	0.01042	0.01153	0.00814	0.00802	0.01165	0.01053	0.01516	0.01778	0.02670	0.01682	0.08428	0.70814	0.01038	0.01709	0.00718	0.00355	0.00579
16	0.00821	0.00622	0.00762	0.00855	0.00967	0.00563	0.00611	0.00977	0.01389	0.01785	0.08265	0.45026	0.26086	0.01880	0.00822	0.00253	0.00380	0.06767	0.00617	0.00552
17	0.01549	0.17416	0.12167	0.01287	0.01778	0.04322	0.01192	0.04551	0.30112	0.02254	0.02464	0.02403	0.10744	0.00860	0.00615	0.00196	0.00629	0.00679	0.00501	0.04280
18	0.01617	0.12289	0.34062	0.01829	0.06841	0.05689	0.06631	0.04716	0.07115	0.05008	0.01336	0.01504	0.01007	0.00651	0.00640	0.00194	0.02435	0.00520	0.00362	0.05554
19	0.07953	0.28666	0.18781	0.01355	0.01903	0.06250	0.01371	0.10325	0.01529	0.02091	0.01182	0.01497	0.01004	0.05039	0.05680	0.00263	0.03431	0.00481	0.00352	0.00847
20	0.08592	0.32744	0.23505	0.01470	0.06278	0.03703	0.01446	0.01897	0.01311	0.01837	0.01159	0.01594	0.01032	0.09948	0.00859	0.00231	0.00775	0.00483	0.00310	0.00827
21	0.12578	0.26966	0.06992	0.01209	0.01658	0.10932	0.01082	0.11462	0.03720	0.02205	0.04364	0.01836	0.03098	0.08383	0.00815	0.00223	0.00721	0.00539	0.00408	0.00808

[dist]
# distance from previous block
# <min> <max>
18	41

[block]
# block no. 8 follows, 33 sequences, length 6
# corresponding to MSA columns:
# 564-569
name=unknown_I
#
# <colnr> <probs for GDERKNQSTAVLIFYWHMCP>
#	G	D	E	R	K	N	Q	S	T	A	V	L	I	F	Y	W	H	M	C	P
0	0.01694	0.08273	0.06627	0.01523	0.07285	0.06571	0.02848	0.08913	0.10579	0.07749	0.11005	0.03832	0.01957	0.00864	0.00773	0.00199	0.07656	0.00679	0.06373	0.04602
1	0.04478	0.43841	0.13795	0.01283	0.01812	0.04824	0.01295	0.04492	0.01374	0.01782	0.01103	0.01362	0.00962	0.01223	0.10891	0.00291	0.03611	0.00443	0.00312	0.00827
2	0.01448	0.02094	0.24699	0.02065	0.02703	0.01502	0.30171	0.06689	0.01619	0.02274	0.09587	0.02254	0.01682	0.00770	0.00791	0.00221	0.04297	0.03860	0.00394	0.00879
3	0.01127	0.01214	0.09115	0.22655	0.07072	0.01085	0.01285	0.01598	0.06815	0.01995	0.12368	0.13577	0.12967	0.01149	0.00723	0.00225	0.00616	0.03201	0.00484	0.00729
4	0.01107	0.07350	0.01123	0.00873	0.01068	0.00808	0.00673	0.01378	0.01735	0.06274	0.54469	0.09060	0.05187	0.04978	0.00869	0.00226	0.00379	0.01122	0.00668	0.00651
5	0.08581	0.20895	0.38638	0.01650	0.05575	0.05023	0.01793	0.02144	0.01415	0.06943	0.01187	0.01342	0.00892	0.00623	0.00560	0.00189	0.00839	0.00457	0.00332	0.00923

[dist]
# distance from previous block
# <min> <max>
0	1

[block]
# block no. 9 follows, 33 sequences, length 8
# corresponding to MSA columns:
# 571-578
name=unknown_J
#
# <colnr> <probs for GDERKNQSTAVLIFYWHMCP>
#	G	D	E	R	K	N	Q	S	T	A	V	L	I	F	Y	W	H	M	C	P
0	0.01572	0.47998	0.15182	0.17380	0.02508	0.02171	0.01504	0.01928	0.01342	0.01670	0.01016	0.01266	0.00850	0.00595	0.00509	0.00170	0.00788	0.00426	0.00283	0.00842
1	0.18871	0.21821	0.39796	0.01465	0.02210	0.01793	0.01725	0.02023	0.01318	0.02137	0.01056	0.01235	0.00810	0.00606	0.00526	0.00190	0.00803	0.00424	0.00307	0.00884
2	0.01042	0.00856	0.01161	0.01448	0.16492	0.00810	0.00830	0.01245	0.01436	0.01910	0.18121	0.04488	0.24817	0.20888	0.01418	0.00321	0.00505	0.01061	0.00518	0.00635
3	0.18903	0.01397	0.01651	0.01440	0.01625	0.01801	0.01179	0.02158	0.19352	0.02186	0.01347	0.01623	0.01129	0.00967	0.01392	0.00253	0.39810	0.00572	0.00413	0.00802
4	0.22233	0.01250	0.01289	0.01026	0.01519	0.01198	0.00820	0.02130	0.16567	0.02487	0.01433	0.01526	0.01132	0.00608	0.00506	0.00152	0.00500	0.00458	0.00455	0.42710
5	0.01726	0.57607	0.03248	0.01883	0.20141	0.02335	0.01359	0.01984	0.01380	0.01705	0.00999	0.01205	0.00896	0.00569	0.00482	0.00155	0.00724	0.00413	0.00293	0.00896
6	0.01083	0.00846	0.01055	0.00980	0.00980	0.00996	0.00669	0.01120	0.00971	0.01356	0.01760	0.03564	0.01996	0.57207	0.03042	0.00547	0.20115	0.00858	0.00370	0.00482
7	0.01007	0.00818	0.01145	0.01232	0.05267	0.00830	0.03098	0.01293	0.03417	0.01818	0.03660	0.13109	0.20844	0.02329	0.16826	0.00431	0.02908	0.18814	0.00521	0.00631

[dist]
# distance from previous block
# <min> <max>
0	40

# created by:
# /st0/software/busco_prod/Augustus/scripts/msa2prfl.pl ./align_prep/167427.fa
