[name]
unknown

[dist]
# distance from previous block
# <min> <max>
8	215

[block]
# block no. 0 follows, 44 sequences, length 8
# corresponding to MSA columns:
# 301-308
name=unknown_A
#
# <colnr> <probs for GDERKNQSTAVLIFYWHMCP>
#	G	D	E	R	K	N	Q	S	T	A	V	L	I	F	Y	W	H	M	C	P
0	0.14051	0.03183	0.02932	0.04783	0.08475	0.06369	0.02794	0.09713	0.08311	0.09567	0.03583	0.10724	0.01411	0.03079	0.00579	0.00177	0.00524	0.00602	0.03365	0.05777
1	0.10276	0.01254	0.07513	0.17692	0.15825	0.03067	0.03148	0.08695	0.07762	0.08265	0.04220	0.01672	0.04006	0.00620	0.00524	0.00170	0.00586	0.00521	0.03446	0.00737
2	0.01016	0.00508	0.00508	0.00508	0.00635	0.00508	0.00381	0.01270	0.01143	0.02033	0.01778	0.02033	0.01397	0.00635	0.00381	0.00127	0.00254	0.00508	0.83867	0.00508
3	0.00947	0.00473	0.00710	0.00710	0.00710	0.00473	0.00473	0.00710	0.00710	0.00947	0.00947	0.01657	0.00947	0.01894	0.02131	0.84138	0.00473	0.00473	0.00237	0.00237
4	0.02044	0.02366	0.01565	0.01372	0.01687	0.61936	0.01050	0.18129	0.01766	0.01791	0.00944	0.01054	0.00751	0.00582	0.00503	0.00145	0.00900	0.00381	0.00338	0.00696
5	0.01016	0.00508	0.00508	0.00508	0.00635	0.00508	0.00381	0.01270	0.01143	0.02033	0.01778	0.02033	0.01397	0.00635	0.00381	0.00127	0.00254	0.00508	0.83867	0.00508
6	0.35591	0.03750	0.03883	0.01121	0.06159	0.18613	0.00856	0.04981	0.01207	0.02020	0.03135	0.01195	0.00877	0.00581	0.00502	0.00160	0.05377	0.00385	0.08973	0.00633
7	0.04383	0.01348	0.11147	0.01122	0.01553	0.06966	0.03596	0.06780	0.06337	0.42807	0.04003	0.01764	0.01306	0.03618	0.00623	0.00182	0.00565	0.00533	0.00533	0.00834

[dist]
# distance from previous block
# <min> <max>
1	8

[block]
# block no. 1 follows, 44 sequences, length 35
# corresponding to MSA columns:
# 317-351
name=unknown_B
#
# <colnr> <probs for GDERKNQSTAVLIFYWHMCP>
#	G	D	E	R	K	N	Q	S	T	A	V	L	I	F	Y	W	H	M	C	P
0	0.18366	0.07305	0.02964	0.01078	0.05541	0.01164	0.00841	0.05899	0.16267	0.25560	0.04362	0.01663	0.01292	0.02864	0.00553	0.00175	0.00476	0.00500	0.00490	0.02641
1	0.01346	0.00920	0.01113	0.00839	0.01265	0.00732	0.00668	0.01609	0.03273	0.16358	0.04253	0.06371	0.01275	0.00573	0.00463	0.00113	0.00405	0.00476	0.00419	0.57529
2	0.00793	0.00529	0.00595	0.00595	0.00595	0.00529	0.00330	0.00793	0.00793	0.01057	0.01718	0.03568	0.01982	0.80840	0.02775	0.00529	0.00529	0.00793	0.00330	0.00330
3	0.00677	0.00480	0.00629	0.00742	0.00771	0.00452	0.00488	0.00763	0.01018	0.01358	0.02874	0.72677	0.03441	0.09740	0.00907	0.00253	0.00338	0.01473	0.00488	0.00431
4	0.01231	0.00798	0.00952	0.00824	0.01022	0.00802	0.00622	0.17074	0.01568	0.10431	0.31157	0.04867	0.04953	0.17442	0.03611	0.00267	0.00450	0.00797	0.00526	0.00606
5	0.01016	0.00508	0.00508	0.00508	0.00635	0.00508	0.00381	0.01270	0.01143	0.02033	0.01778	0.02033	0.01397	0.00635	0.00381	0.00127	0.00254	0.00508	0.83867	0.00508
6	0.19124	0.14603	0.10286	0.02915	0.01723	0.12071	0.09295	0.12367	0.04149	0.02006	0.00978	0.01124	0.00764	0.00540	0.00492	0.00156	0.02419	0.00402	0.00327	0.04258
7	0.02046	0.03270	0.01561	0.01190	0.01604	0.04237	0.00978	0.54975	0.05800	0.14518	0.01492	0.03320	0.01078	0.00679	0.00543	0.00165	0.00578	0.00522	0.00548	0.00897
8	0.01016	0.00508	0.00508	0.00508	0.00635	0.00508	0.00381	0.01270	0.01143	0.02033	0.01778	0.02033	0.01397	0.00635	0.00381	0.00127	0.00254	0.00508	0.83867	0.00508
9	0.25250	0.01033	0.01456	0.42245	0.14765	0.01208	0.01241	0.01495	0.01069	0.01778	0.00940	0.01289	0.00728	0.00527	0.00480	0.00173	0.00613	0.00431	0.02640	0.00640
10	0.01875	0.01161	0.01289	0.01023	0.01381	0.01232	0.00834	0.40731	0.05792	0.17928	0.01628	0.01617	0.01154	0.00659	0.00510	0.00158	0.00487	0.00513	0.19199	0.00830
11	0.00715	0.00555	0.00650	0.00626	0.00780	0.00490	0.00470	0.00919	0.01409	0.01867	0.45117	0.04598	0.37378	0.01234	0.00644	0.00177	0.00266	0.01060	0.00558	0.00490
12	0.01287	0.01471	0.03217	0.02298	0.02849	0.01379	0.75460	0.01746	0.01287	0.01746	0.01103	0.01471	0.00827	0.00460	0.00643	0.00184	0.00919	0.00643	0.00276	0.00735
13	0.01160	0.00986	0.01146	0.00821	0.01304	0.00757	0.00658	0.03694	0.01175	0.01828	0.00980	0.01136	0.00811	0.00412	0.00408	0.00083	0.00410	0.00328	0.00330	0.81570
14	0.00752	0.00546	0.00710	0.00699	0.00815	0.00504	0.00518	0.00980	0.01448	0.02022	0.61096	0.15752	0.07919	0.01225	0.00654	0.00181	0.00273	0.02824	0.00580	0.00501
15	0.01458	0.81168	0.02857	0.00933	0.01399	0.02157	0.00933	0.01632	0.01108	0.01283	0.00758	0.00875	0.00700	0.00466	0.00350	0.00117	0.00583	0.00292	0.00233	0.00700
16	0.03127	0.06533	0.02969	0.01350	0.01668	0.01292	0.17322	0.02765	0.04293	0.03420	0.01077	0.03479	0.00930	0.01955	0.00920	0.00176	0.23978	0.00503	0.02185	0.20061
17	0.02112	0.01463	0.01597	0.01224	0.01659	0.01596	0.01011	0.67848	0.02456	0.11361	0.01399	0.01367	0.00972	0.00657	0.00546	0.00164	0.00585	0.00497	0.00559	0.00927
18	0.00769	0.00587	0.00714	0.00704	0.00851	0.00546	0.00539	0.01044	0.04785	0.01904	0.43375	0.08040	0.24270	0.01237	0.00653	0.00186	0.00298	0.08428	0.00558	0.00511
19	0.01522	0.72470	0.02712	0.00985	0.01431	0.10626	0.00946	0.01693	0.01156	0.01288	0.00767	0.00887	0.00700	0.00477	0.00366	0.00119	0.00627	0.00298	0.00238	0.00692
20	0.00781	0.00577	0.00841	0.00841	0.00926	0.00662	0.00637	0.00951	0.00866	0.01239	0.01493	0.02321	0.01441	0.13736	0.69139	0.00832	0.01343	0.00610	0.00297	0.00467
21	0.00793	0.00529	0.00595	0.00595	0.00595	0.00529	0.00330	0.00793	0.00793	0.01057	0.01718	0.03568	0.01982	0.80840	0.02775	0.00529	0.00529	0.00793	0.00330	0.00330
22	0.01248	0.05871	0.08168	0.10486	0.04352	0.03446	0.46616	0.01653	0.01235	0.01663	0.04253	0.01491	0.00973	0.00534	0.00670	0.00180	0.05593	0.00582	0.00278	0.00707
23	0.00646	0.00544	0.00560	0.00573	0.00742	0.00458	0.00424	0.00780	0.01222	0.01465	0.05267	0.12884	0.69746	0.01414	0.00650	0.00188	0.00280	0.01191	0.00506	0.00458
24	0.00780	0.00523	0.00598	0.00611	0.00615	0.00520	0.00348	0.00789	0.00818	0.01091	0.01848	0.11375	0.02147	0.72808	0.02564	0.00497	0.00507	0.00870	0.00348	0.00342
25	0.73933	0.01116	0.00910	0.00787	0.01137	0.01284	0.00648	0.11241	0.01141	0.02575	0.00831	0.00941	0.00634	0.00525	0.00364	0.00168	0.00445	0.00321	0.00364	0.00634
26	0.00719	0.00520	0.00672	0.00754	0.00817	0.00489	0.00518	0.02917	0.01168	0.01569	0.13931	0.63855	0.06877	0.01577	0.00682	0.00211	0.00314	0.01420	0.00521	0.00468
27	0.01176	0.15801	0.59084	0.01600	0.08495	0.01418	0.01805	0.01706	0.01151	0.01657	0.00945	0.01121	0.00707	0.00507	0.00492	0.00162	0.00755	0.00391	0.00234	0.00793
28	0.01256	0.01210	0.01937	0.28847	0.40281	0.03159	0.04127	0.01717	0.08834	0.01688	0.01126	0.01449	0.00893	0.00533	0.00546	0.00171	0.00670	0.00501	0.00290	0.00766
29	0.11012	0.01443	0.10767	0.04504	0.40471	0.03082	0.01399	0.09193	0.03390	0.03769	0.01298	0.01490	0.04694	0.00569	0.00519	0.00166	0.00617	0.00490	0.00330	0.00800
30	0.00780	0.00579	0.00851	0.00851	0.00939	0.00668	0.00650	0.00957	0.00869	0.01247	0.01484	0.02271	0.01419	0.11060	0.71785	0.00845	0.01376	0.00603	0.00296	0.00473
31	0.09558	0.30243	0.22771	0.01165	0.03372	0.08018	0.01172	0.01681	0.02563	0.04810	0.01146	0.09116	0.01031	0.00633	0.00458	0.00154	0.00628	0.00477	0.00300	0.00703
32	0.00810	0.00725	0.01007	0.00857	0.01095	0.00651	0.11452	0.04089	0.01323	0.01655	0.10875	0.07369	0.53622	0.01205	0.00642	0.00184	0.00384	0.01050	0.00482	0.00524
33	0.04168	0.19643	0.28184	0.04022	0.23058	0.01424	0.03092	0.01632	0.01179	0.01676	0.04190	0.01409	0.00995	0.00548	0.00495	0.00160	0.00667	0.02426	0.00270	0.00763
34	0.20630	0.32156	0.06204	0.00915	0.01311	0.02846	0.00849	0.09042	0.01295	0.01964	0.13198	0.01468	0.01421	0.00602	0.00429	0.00144	0.00507	0.00434	0.00353	0.04232

[dist]
# distance from previous block
# <min> <max>
0	1

[block]
# block no. 2 follows, 44 sequences, length 98
# corresponding to MSA columns:
# 353-428,443-464
name=unknown_C
#
# <colnr> <probs for GDERKNQSTAVLIFYWHMCP>
#	G	D	E	R	K	N	Q	S	T	A	V	L	I	F	Y	W	H	M	C	P
0	0.15297	0.11706	0.24439	0.01369	0.07253	0.11007	0.02675	0.05089	0.04377	0.03896	0.02768	0.01302	0.02760	0.00580	0.00520	0.00163	0.03331	0.00426	0.00313	0.00727
1	0.04274	0.04141	0.01519	0.01356	0.03944	0.54854	0.01013	0.09970	0.01566	0.01617	0.01232	0.01346	0.06339	0.00642	0.00555	0.00151	0.04068	0.00431	0.00325	0.00658
2	0.00664	0.00474	0.00633	0.00759	0.00791	0.00443	0.00506	0.00759	0.01044	0.01392	0.03005	0.80485	0.03606	0.01708	0.00696	0.00221	0.00316	0.01550	0.00506	0.00443
3	0.01116	0.07772	0.73265	0.01515	0.02299	0.01322	0.01946	0.01721	0.01148	0.01698	0.00964	0.01134	0.00691	0.00515	0.00507	0.00169	0.00792	0.00396	0.00230	0.00799
4	0.47677	0.01102	0.01145	0.16772	0.07237	0.03817	0.00890	0.06510	0.01118	0.02139	0.02414	0.01210	0.00796	0.02388	0.00522	0.02393	0.00531	0.00392	0.00328	0.00621
5	0.01365	0.01343	0.02054	0.05636	0.63733	0.06932	0.01563	0.01702	0.03043	0.01739	0.01132	0.01583	0.00980	0.00551	0.00547	0.00166	0.00663	0.04159	0.00288	0.00820
6	0.00779	0.00584	0.00876	0.00876	0.00974	0.00681	0.00681	0.00974	0.00876	0.01266	0.01460	0.02142	0.01363	0.04089	0.78680	0.00876	0.01460	0.00584	0.00292	0.00487
7	0.01349	0.01295	0.02213	0.03346	0.77440	0.01295	0.01673	0.01673	0.01241	0.01781	0.01025	0.01349	0.00864	0.00486	0.00540	0.00162	0.00648	0.00486	0.00270	0.00864
8	0.01396	0.58571	0.15012	0.01182	0.01707	0.03815	0.08592	0.01672	0.01143	0.01402	0.00830	0.00982	0.00711	0.00476	0.00410	0.00133	0.00663	0.00346	0.00238	0.00719
9	0.00926	0.00474	0.00705	0.00714	0.00716	0.00471	0.00476	0.00714	0.00735	0.00980	0.01098	0.07437	0.01142	0.01880	0.02025	0.77985	0.00462	0.00552	0.00256	0.00252
10	0.01287	0.01471	0.03217	0.02298	0.02849	0.01379	0.75460	0.01746	0.01287	0.01746	0.01103	0.01471	0.00827	0.00460	0.00643	0.00184	0.00919	0.00643	0.00276	0.00735
11	0.01315	0.01260	0.02150	0.11591	0.69465	0.01286	0.01656	0.01643	0.01225	0.01739	0.01019	0.01361	0.00849	0.00492	0.00540	0.00164	0.00656	0.00486	0.00267	0.00836
12	0.01297	0.01234	0.02103	0.05493	0.67501	0.01239	0.03554	0.01602	0.01205	0.01715	0.01077	0.01518	0.00940	0.06379	0.00707	0.00190	0.00649	0.00512	0.00274	0.00813
13	0.00664	0.00477	0.00630	0.00753	0.00789	0.00443	0.00503	0.00760	0.01050	0.01394	0.03083	0.78137	0.05902	0.01698	0.00694	0.00220	0.00315	0.01537	0.00506	0.00443
14	0.01193	0.01193	0.01670	0.01431	0.01431	0.01670	0.01193	0.01312	0.00835	0.01312	0.00716	0.01193	0.00716	0.00954	0.01789	0.00239	0.79843	0.00477	0.00239	0.00596
15	0.01130	0.00969	0.01130	0.00807	0.01292	0.00727	0.00646	0.01373	0.01130	0.01776	0.00969	0.01130	0.00807	0.00404	0.00404	0.00081	0.00404	0.00323	0.00323	0.84173
16	0.01458	0.81168	0.02857	0.00933	0.01399	0.02157	0.00933	0.01632	0.01108	0.01283	0.00758	0.00875	0.00700	0.00466	0.00350	0.00117	0.00583	0.00292	0.00233	0.00700
17	0.00664	0.00474	0.00633	0.00759	0.00791	0.00443	0.00506	0.00759	0.01044	0.01392	0.03005	0.80485	0.03606	0.01708	0.00696	0.00221	0.00316	0.01550	0.00506	0.00443
18	0.00867	0.00628	0.00795	0.00728	0.00879	0.00601	0.00553	0.06498	0.01618	0.02278	0.71591	0.03870	0.04835	0.01081	0.00636	0.00171	0.00282	0.00950	0.00596	0.00545
19	0.01257	0.01217	0.01667	0.01418	0.01450	0.01671	0.01181	0.06761	0.00962	0.01468	0.00759	0.01201	0.00731	0.00932	0.01698	0.00233	0.74032	0.00478	0.00261	0.00621
20	0.07934	0.01481	0.01450	0.01182	0.01557	0.08537	0.00952	0.46289	0.17141	0.02869	0.01468	0.04169	0.01124	0.00689	0.00532	0.00168	0.00578	0.00526	0.00507	0.00846
21	0.01349	0.01295	0.02213	0.03346	0.77440	0.01295	0.01673	0.01673	0.01241	0.01781	0.01025	0.01349	0.00864	0.00486	0.00540	0.00162	0.00648	0.00486	0.00270	0.00864
22	0.02072	0.01527	0.01636	0.01254	0.01691	0.01691	0.01036	0.75622	0.02563	0.03436	0.01309	0.01309	0.00927	0.00654	0.00545	0.00164	0.00600	0.00491	0.00545	0.00927
23	0.01179	0.03979	0.47077	0.01887	0.08561	0.01310	0.23217	0.01719	0.01196	0.01728	0.01013	0.01253	0.00747	0.00495	0.00550	0.00172	0.00813	0.00475	0.00248	0.02379
24	0.01299	0.03016	0.08236	0.14351	0.55573	0.01309	0.03255	0.03349	0.01241	0.01747	0.01016	0.01341	0.00827	0.00500	0.00537	0.00165	0.00676	0.00478	0.00268	0.00816
25	0.01093	0.02820	0.78016	0.01554	0.02360	0.01266	0.02014	0.01727	0.01151	0.01727	0.00978	0.01151	0.00691	0.00518	0.00518	0.00173	0.00806	0.00403	0.00230	0.00806
26	0.01128	0.01087	0.01894	0.54998	0.21939	0.01244	0.06975	0.01488	0.01142	0.01515	0.00993	0.01429	0.00768	0.00524	0.00551	0.00177	0.00721	0.00496	0.00252	0.00679
27	0.11227	0.19810	0.35385	0.01217	0.01793	0.04022	0.01359	0.03777	0.03849	0.09433	0.01111	0.01268	0.00841	0.00555	0.00468	0.00160	0.00657	0.01992	0.00316	0.00762
28	0.00783	0.00569	0.00801	0.00801	0.00872	0.00641	0.00588	0.00925	0.00854	0.01210	0.01529	0.02523	0.01528	0.24592	0.58402	0.00783	0.01211	0.00640	0.00302	0.00445
29	0.02419	0.00972	0.01292	0.00991	0.01414	0.00866	0.00819	0.08007	0.01634	0.72363	0.02089	0.01816	0.01319	0.00673	0.00548	0.00168	0.00474	0.00544	0.00665	0.00928
30	0.02446	0.00928	0.01265	0.00970	0.01392	0.00801	0.00801	0.02657	0.01560	0.77817	0.02151	0.01856	0.01350	0.00675	0.00548	0.00169	0.00464	0.00548	0.00675	0.00928
31	0.04386	0.04927	0.70240	0.01499	0.02258	0.04002	0.01895	0.01735	0.01155	0.01728	0.00959	0.01127	0.00687	0.00518	0.00505	0.00170	0.00791	0.00394	0.00236	0.00788
32	0.01287	0.01471	0.03217	0.02298	0.02849	0.01379	0.75460	0.01746	0.01287	0.01746	0.01103	0.01471	0.00827	0.00460	0.00643	0.00184	0.00919	0.00643	0.00276	0.00735
33	0.02072	0.01527	0.01636	0.01254	0.01691	0.01691	0.01036	0.75622	0.02563	0.03436	0.01309	0.01309	0.00927	0.00654	0.00545	0.00164	0.00600	0.00491	0.00545	0.00927
34	0.04915	0.00968	0.03306	0.00971	0.01387	0.00815	0.00818	0.02535	0.01512	0.70831	0.02104	0.04456	0.01384	0.00700	0.00546	0.00171	0.00467	0.00570	0.00647	0.00898
35	0.01021	0.00958	0.01648	0.54692	0.09921	0.01112	0.06794	0.01346	0.01111	0.01454	0.01301	0.13740	0.01194	0.00714	0.00575	0.00186	0.00670	0.00662	0.00288	0.00613
36	0.00772	0.00557	0.00729	0.00686	0.00814	0.00514	0.00514	0.01029	0.01543	0.02186	0.77152	0.04072	0.05144	0.01115	0.00643	0.00171	0.00257	0.00986	0.00600	0.00514
37	0.00777	0.00697	0.00667	0.00648	0.00850	0.03306	0.00489	0.01080	0.10108	0.01563	0.04970	0.04719	0.65641	0.01277	0.00628	0.00183	0.00319	0.01060	0.00504	0.00514
38	0.01384	0.57496	0.18504	0.01248	0.07181	0.03301	0.01215	0.01665	0.01135	0.01413	0.00825	0.00969	0.00710	0.00480	0.00401	0.00132	0.00642	0.00330	0.00236	0.00733
39	0.02446	0.00928	0.01265	0.00970	0.01392	0.00801	0.00801	0.02657	0.01560	0.77817	0.02151	0.01856	0.01350	0.00675	0.00548	0.00169	0.00464	0.00548	0.00675	0.00928
40	0.00815	0.00599	0.00872	0.00863	0.00959	0.00702	0.00673	0.01013	0.00899	0.01337	0.01462	0.02097	0.01343	0.03661	0.68774	0.00785	0.04198	0.00573	0.07883	0.00493
41	0.01031	0.00963	0.01590	0.59796	0.04905	0.01191	0.03046	0.01377	0.02395	0.01407	0.01059	0.02935	0.00860	0.00932	0.08005	0.00252	0.06874	0.00519	0.00258	0.00604
42	0.01313	0.01126	0.01196	0.01078	0.01373	0.01294	0.00837	0.02760	0.70962	0.02274	0.07713	0.02183	0.01919	0.00767	0.00561	0.00184	0.00419	0.00643	0.00558	0.00837
43	0.00664	0.00477	0.00630	0.00752	0.00789	0.00443	0.00503	0.00760	0.01051	0.01395	0.03093	0.77847	0.06186	0.01697	0.00694	0.00220	0.00315	0.01536	0.00506	0.00443
44	0.01678	0.01310	0.01493	0.04451	0.03699	0.01452	0.02806	0.43400	0.20937	0.02784	0.01723	0.07389	0.02861	0.00754	0.00563	0.00175	0.00544	0.00617	0.00518	0.00846
45	0.01463	0.24038	0.02259	0.04881	0.39767	0.12724	0.01352	0.01712	0.01228	0.01546	0.00910	0.01160	0.00784	0.00510	0.00525	0.00149	0.03557	0.00411	0.00259	0.00765
46	0.01205	0.01001	0.01209	0.07989	0.01541	0.00829	0.00751	0.05724	0.01220	0.03510	0.01015	0.01186	0.00819	0.00437	0.00428	0.00097	0.00446	0.00352	0.00336	0.69905
47	0.00682	0.00503	0.00682	0.04845	0.00943	0.00483	0.00555	0.00793	0.01053	0.01395	0.02990	0.73645	0.06130	0.01636	0.00686	0.00218	0.00336	0.01480	0.00492	0.00452
48	0.01890	0.01292	0.01437	0.01134	0.01521	0.01375	0.00921	0.52247	0.03795	0.12420	0.01616	0.10686	0.01305	0.00770	0.00556	0.00167	0.00536	0.00617	0.00546	0.05171
49	0.01030	0.00969	0.01635	0.79530	0.03755	0.01211	0.01514	0.01393	0.01090	0.01393	0.00969	0.01453	0.00727	0.00545	0.00545	0.00182	0.00727	0.00484	0.00242	0.00606
50	0.05948	0.00933	0.01245	0.00959	0.01377	0.00819	0.00792	0.02612	0.01533	0.74608	0.02092	0.01814	0.01317	0.00668	0.00539	0.00169	0.00462	0.00537	0.00660	0.00913
51	0.00728	0.00591	0.00713	0.06463	0.01040	0.00555	0.00590	0.00923	0.02773	0.01514	0.06759	0.20216	0.42424	0.01380	0.00660	0.00200	0.00351	0.11144	0.00491	0.00483
52	0.00779	0.00584	0.00876	0.00876	0.00974	0.00681	0.00681	0.00974	0.00876	0.01266	0.01460	0.02142	0.01363	0.04089	0.78680	0.00876	0.01460	0.00584	0.00292	0.00487
53	0.00690	0.00537	0.00635	0.00697	0.00818	0.00481	0.00520	0.00834	0.01182	0.01485	0.05800	0.31472	0.38592	0.01508	0.00679	0.00207	0.00325	0.12567	0.00508	0.00462
54	0.00714	0.00510	0.00689	0.00810	0.00865	0.00485	0.00587	0.00848	0.01106	0.01470	0.05478	0.61864	0.03557	0.01644	0.00706	0.00226	0.00354	0.17120	0.00508	0.00458
55	0.01293	0.01285	0.02206	0.19032	0.50260	0.03369	0.11306	0.01638	0.01224	0.01684	0.01019	0.01377	0.00826	0.00497	0.00553	0.00168	0.00709	0.00503	0.00265	0.00787
56	0.00664	0.00476	0.00631	0.00754	0.00789	0.00443	0.00504	0.00760	0.01049	0.01394	0.03067	0.78615	0.05435	0.01700	0.00695	0.00220	0.00315	0.01540	0.00506	0.00443
57	0.01381	0.02577	0.52950	0.03312	0.02201	0.17490	0.03563	0.03469	0.01286	0.05355	0.01017	0.01168	0.00734	0.00537	0.00518	0.00166	0.00823	0.00409	0.00271	0.00771
58	0.82717	0.02954	0.00850	0.00722	0.01062	0.01245	0.00599	0.01603	0.00932	0.02418	0.00759	0.00885	0.00593	0.00505	0.00338	0.00167	0.00426	0.00295	0.00335	0.00593
59	0.00761	0.00577	0.00733	0.00732	0.02933	0.00525	0.00526	0.00995	0.01472	0.02025	0.59993	0.04243	0.20156	0.01153	0.00640	0.00174	0.00272	0.01007	0.00571	0.00513
60	0.01348	0.22796	0.12510	0.01287	0.01581	0.12275	0.02699	0.01561	0.01065	0.01376	0.00855	0.02375	0.00788	0.02810	0.01015	0.00187	0.30756	0.00426	0.00251	0.02039
61	0.00745	0.00555	0.00683	0.00652	0.00785	0.00503	0.00482	0.00962	0.01435	0.01967	0.57283	0.04300	0.20695	0.05650	0.00763	0.00194	0.00277	0.01011	0.00564	0.00492
62	0.01537	0.67461	0.02632	0.01016	0.01443	0.13537	0.00957	0.01706	0.01166	0.01291	0.00769	0.00899	0.00700	0.00493	0.00407	0.00123	0.02631	0.00305	0.00240	0.00687
63	0.01099	0.02783	0.75992	0.01574	0.02373	0.01269	0.04002	0.01727	0.01155	0.01727	0.00982	0.01160	0.00694	0.00516	0.00521	0.00173	0.00809	0.00409	0.00231	0.00804
64	0.01105	0.05264	0.75671	0.01534	0.02330	0.01294	0.01981	0.01724	0.01150	0.01713	0.00971	0.01142	0.00691	0.00516	0.00513	0.00171	0.00799	0.00399	0.00230	0.00802
65	0.01190	0.03657	0.34197	0.02154	0.25002	0.01260	0.15138	0.01661	0.01231	0.01771	0.06596	0.01477	0.01094	0.00540	0.00553	0.00170	0.00734	0.00512	0.00278	0.00787
66	0.01339	0.01168	0.01309	0.05231	0.05892	0.01345	0.00942	0.02750	0.68307	0.02207	0.02087	0.01965	0.01571	0.00715	0.00553	0.00183	0.00459	0.00602	0.00522	0.00850
67	0.00679	0.00547	0.00605	0.00605	0.00761	0.00473	0.00448	0.00844	0.01303	0.01650	0.23839	0.11690	0.51959	0.01341	0.00649	0.00184	0.00275	0.01144	0.00531	0.00473
68	0.01735	0.10093	0.01643	0.01204	0.01556	0.08220	0.00997	0.38093	0.15515	0.02546	0.01428	0.01654	0.01137	0.00716	0.00625	0.00171	0.06405	0.04980	0.00465	0.00815
69	0.01364	0.61025	0.22181	0.01093	0.01646	0.01928	0.01211	0.01657	0.01119	0.01397	0.00815	0.00946	0.00697	0.00480	0.00393	0.00131	0.00640	0.00320	0.00232	0.00727
70	0.01098	0.00923	0.01108	0.00845	0.01251	0.00748	0.02126	0.04301	0.03234	0.01833	0.05694	0.09538	0.03087	0.00620	0.00467	0.00111	0.00402	0.00526	0.00376	0.61711
71	0.01305	0.14502	0.48231	0.01407	0.02066	0.01393	0.05449	0.03548	0.08054	0.07327	0.01157	0.01260	0.00841	0.00542	0.00505	0.00165	0.00714	0.00430	0.00302	0.00803
72	0.00674	0.00479	0.00630	0.00746	0.00776	0.00449	0.00493	0.00762	0.01024	0.01366	0.02906	0.74559	0.03481	0.07804	0.00856	0.00245	0.00333	0.01492	0.00493	0.00434
73	0.00663	0.00477	0.00630	0.00752	0.00789	0.00443	0.00503	0.00760	0.01051	0.01395	0.03096	0.77752	0.06279	0.01696	0.00694	0.00220	0.00315	0.01535	0.00506	0.00443
74	0.03068	0.00940	0.01126	0.01010	0.01295	0.02607	0.00835	0.09124	0.13717	0.25599	0.06316	0.03270	0.02101	0.00962	0.00610	0.00195	0.00479	0.23605	0.02399	0.00739
75	0.01093	0.02820	0.78016	0.01554	0.02360	0.01266	0.02014	0.01727	0.01151	0.01727	0.00978	0.01151	0.00691	0.00518	0.00518	0.00173	0.00806	0.00403	0.00230	0.00806
76	0.00725	0.00577	0.00665	0.00706	0.00869	0.00517	0.00571	0.00904	0.01254	0.01543	0.06442	0.05518	0.50758	0.01416	0.00680	0.00206	0.00351	0.25313	0.00507	0.00475
77	0.00844	0.00603	0.00839	0.00965	0.01076	0.00598	0.00819	0.01071	0.01221	0.01593	0.02905	0.17957	0.03212	0.01538	0.00744	0.00246	0.00473	0.62299	0.00503	0.00493
78	0.01101	0.04532	0.76373	0.01540	0.02339	0.01286	0.01991	0.01724	0.01150	0.01717	0.00974	0.01145	0.00691	0.00517	0.00514	0.00171	0.00801	0.00400	0.00230	0.00803
79	0.00659	0.00535	0.00582	0.00613	0.00754	0.00462	0.00444	0.00788	0.01191	0.01461	0.06280	0.23121	0.55083	0.03408	0.00711	0.00202	0.00295	0.02453	0.00504	0.00455
80	0.01030	0.00969	0.01635	0.79530	0.03755	0.01211	0.01514	0.01393	0.01090	0.01393	0.00969	0.01453	0.00727	0.00545	0.00545	0.00182	0.00727	0.00484	0.00242	0.00606
81	0.01093	0.02820	0.78016	0.01554	0.02360	0.01266	0.02014	0.01727	0.01151	0.01727	0.00978	0.01151	0.00691	0.00518	0.00518	0.00173	0.00806	0.00403	0.00230	0.00806
82	0.02134	0.01207	0.08834	0.01075	0.01521	0.01011	0.00953	0.10167	0.11269	0.52903	0.01957	0.01753	0.01282	0.00666	0.00546	0.00171	0.00507	0.00537	0.00602	0.00907
83	0.00760	0.00557	0.00713	0.00674	0.00807	0.00509	0.00505	0.01006	0.01516	0.02121	0.70645	0.04179	0.11692	0.01139	0.00643	0.00173	0.00259	0.01001	0.00592	0.00509
84	0.01353	0.12354	0.52583	0.01413	0.02091	0.05349	0.01668	0.11477	0.01363	0.03996	0.01020	0.01148	0.00742	0.00536	0.00500	0.00163	0.00750	0.00402	0.00287	0.00803
85	0.01156	0.16313	0.65072	0.01447	0.02194	0.01420	0.01828	0.01710	0.01144	0.01650	0.00940	0.01103	0.00692	0.00509	0.00489	0.00163	0.00767	0.00384	0.00231	0.00787
86	0.02372	0.00983	0.03287	0.00986	0.01413	0.00826	0.00833	0.04051	0.01569	0.72944	0.03482	0.01867	0.01393	0.00678	0.00549	0.00169	0.00472	0.00551	0.00659	0.00917
87	0.05109	0.11510	0.03100	0.01114	0.04177	0.08198	0.00893	0.13198	0.12086	0.14988	0.06930	0.01653	0.01358	0.00636	0.00500	0.00151	0.00532	0.01625	0.00454	0.11790
88	0.05171	0.61807	0.05282	0.01020	0.01467	0.12845	0.00977	0.03529	0.01199	0.01410	0.00791	0.00911	0.00700	0.00488	0.00380	0.00125	0.00641	0.00309	0.00252	0.00695
89	0.03736	0.01376	0.01522	0.01213	0.04138	0.01443	0.00961	0.54052	0.02159	0.05466	0.01246	0.01283	0.00907	0.00595	0.00512	0.00147	0.00553	0.00454	0.00491	0.17745
90	0.01260	0.03388	0.13022	0.03657	0.10289	0.06200	0.35112	0.01704	0.04355	0.01726	0.06686	0.03074	0.01197	0.00591	0.00659	0.00179	0.05278	0.00595	0.00305	0.00724
91	0.01994	0.01161	0.06451	0.01221	0.07041	0.01031	0.00966	0.08799	0.14546	0.44953	0.04654	0.01836	0.01426	0.00676	0.00550	0.00171	0.00499	0.00557	0.00581	0.00889
92	0.00664	0.00474	0.00633	0.00759	0.00791	0.00443	0.00506	0.00759	0.01044	0.01392	0.03005	0.80485	0.03606	0.01708	0.00696	0.00221	0.00316	0.01550	0.00506	0.00443
93	0.01604	0.01927	0.12864	0.06197	0.17977	0.31398	0.01298	0.01951	0.05272	0.07172	0.02558	0.03210	0.01044	0.00616	0.00530	0.00162	0.00763	0.02398	0.00329	0.00729
94	0.05387	0.03612	0.15969	0.03803	0.16960	0.01364	0.38039	0.01693	0.01208	0.01747	0.01021	0.01335	0.00788	0.00500	0.00626	0.00178	0.04215	0.00534	0.00266	0.00756
95	0.00646	0.00548	0.00557	0.00565	0.00740	0.00459	0.00420	0.00781	0.01230	0.01468	0.05368	0.09868	0.72696	0.01401	0.00647	0.00186	0.00279	0.01175	0.00506	0.00459
96	0.01241	0.01397	0.05308	0.09576	0.15601	0.01305	0.50275	0.01658	0.01246	0.01704	0.01154	0.04802	0.00938	0.00527	0.00614	0.00181	0.00825	0.00632	0.00280	0.00735
97	0.08859	0.01525	0.08904	0.01198	0.01624	0.01522	0.01058	0.51943	0.03733	0.04632	0.01267	0.01317	0.00916	0.00643	0.00572	0.00167	0.04069	0.00470	0.04732	0.00850

[dist]
# distance from previous block
# <min> <max>
0	10

[block]
# block no. 3 follows, 44 sequences, length 46
# corresponding to MSA columns:
# 475-520
name=unknown_D
#
# <colnr> <probs for GDERKNQSTAVLIFYWHMCP>
#	G	D	E	R	K	N	Q	S	T	A	V	L	I	F	Y	W	H	M	C	P
0	0.01251	0.01581	0.11540	0.02208	0.06936	0.01327	0.59740	0.01710	0.01260	0.01738	0.01126	0.03255	0.00878	0.00496	0.00620	0.00180	0.00867	0.00622	0.00277	0.02390
1	0.00851	0.00711	0.00781	0.00810	0.00964	0.05463	0.00655	0.01061	0.01338	0.01694	0.21213	0.05043	0.27103	0.01314	0.00676	0.00204	0.00402	0.28705	0.00513	0.00500
2	0.01268	0.03395	0.12369	0.06447	0.20010	0.03119	0.39665	0.01690	0.01244	0.01704	0.01097	0.03422	0.00879	0.00513	0.00589	0.00176	0.00810	0.00576	0.00272	0.00756
3	0.13292	0.05053	0.40121	0.07771	0.12497	0.01283	0.03229	0.04316	0.01194	0.01875	0.03850	0.01277	0.00884	0.00538	0.00499	0.00169	0.00688	0.00431	0.00279	0.00754
4	0.01375	0.01350	0.02169	0.04821	0.72337	0.04956	0.01641	0.01691	0.01253	0.01752	0.01016	0.01334	0.00853	0.00491	0.00538	0.00161	0.00665	0.00479	0.00270	0.00847
5	0.00712	0.00503	0.00660	0.00756	0.00796	0.00485	0.00517	0.00812	0.01022	0.01365	0.04071	0.56134	0.03223	0.15243	0.04292	0.00303	0.00415	0.07791	0.00469	0.00432
6	0.04433	0.01989	0.35256	0.06592	0.16200	0.04503	0.09227	0.08008	0.01307	0.01862	0.01172	0.03177	0.02701	0.00570	0.00538	0.00172	0.00734	0.00494	0.00289	0.00775
7	0.03054	0.09760	0.03594	0.01615	0.07943	0.09458	0.17736	0.03861	0.09652	0.03036	0.04829	0.01520	0.02331	0.00673	0.00821	0.00181	0.18371	0.00530	0.00329	0.00707
8	0.01172	0.00661	0.00864	0.04035	0.00985	0.00689	0.00592	0.11153	0.01080	0.04396	0.01175	0.01668	0.01022	0.01423	0.01511	0.52693	0.00466	0.00485	0.13514	0.00416
9	0.05684	0.01457	0.06347	0.01220	0.01633	0.01491	0.03836	0.53322	0.04828	0.02937	0.01321	0.01446	0.00989	0.03116	0.05378	0.00219	0.00652	0.00501	0.02783	0.00839
10	0.04170	0.13126	0.05635	0.04815	0.07006	0.40663	0.02952	0.03317	0.01372	0.01478	0.01246	0.01391	0.06932	0.00616	0.00531	0.00151	0.03212	0.00438	0.00293	0.00658
11	0.01958	0.01421	0.01533	0.03455	0.01664	0.03654	0.00994	0.56967	0.07506	0.08994	0.01430	0.01471	0.01035	0.02575	0.02620	0.00192	0.00612	0.00509	0.00529	0.00880
12	0.00778	0.00524	0.00610	0.00624	0.00631	0.00525	0.00364	0.00796	0.00825	0.01103	0.01855	0.12321	0.02144	0.68865	0.05418	0.00507	0.00540	0.00872	0.00349	0.00349
13	0.05673	0.01220	0.09760	0.04615	0.08044	0.01004	0.09065	0.03984	0.03161	0.39182	0.05955	0.03132	0.01372	0.00650	0.00553	0.00172	0.00562	0.00566	0.00503	0.00826
14	0.03913	0.11221	0.20982	0.01648	0.10964	0.24124	0.06104	0.04674	0.03052	0.01640	0.00944	0.01136	0.00755	0.00557	0.00584	0.00160	0.06124	0.00410	0.00276	0.00731
15	0.02316	0.00968	0.01252	0.00973	0.01374	0.02696	0.00798	0.05343	0.01597	0.68352	0.06812	0.01953	0.01557	0.00699	0.00553	0.00168	0.00469	0.00569	0.00656	0.00895
16	0.00766	0.00521	0.00621	0.00646	0.00659	0.00521	0.00389	0.00798	0.00849	0.01139	0.01963	0.19115	0.02272	0.59755	0.07292	0.00489	0.00546	0.00933	0.00364	0.00363
17	0.01308	0.09148	0.14702	0.10230	0.13338	0.07417	0.29630	0.01702	0.01224	0.01619	0.00990	0.01296	0.00774	0.00509	0.00603	0.00171	0.03844	0.00503	0.00259	0.00735
18	0.01768	0.01620	0.01658	0.05373	0.15372	0.20354	0.02375	0.29186	0.01796	0.05161	0.01330	0.01451	0.04191	0.00635	0.00576	0.00162	0.03386	0.00489	0.02334	0.00783
19	0.10035	0.01137	0.01932	0.39442	0.11116	0.01301	0.16327	0.01509	0.01104	0.01611	0.00955	0.01359	0.00746	0.00558	0.00666	0.00184	0.08601	0.00496	0.00262	0.00657
20	0.01553	0.30535	0.06107	0.05549	0.21311	0.23321	0.01242	0.01789	0.01266	0.01454	0.00872	0.01070	0.00744	0.00505	0.00457	0.00141	0.00730	0.00374	0.00256	0.00724
21	0.00803	0.00557	0.00670	0.00666	0.00701	0.00576	0.00420	0.00898	0.03038	0.01206	0.06467	0.04883	0.02100	0.58862	0.15424	0.00549	0.00663	0.00780	0.00351	0.00386
22	0.01235	0.35716	0.36697	0.01215	0.01797	0.03005	0.01402	0.01623	0.01157	0.01531	0.02795	0.01492	0.02458	0.00590	0.00466	0.00153	0.00673	0.05005	0.00263	0.00725
23	0.07895	0.21527	0.36265	0.08468	0.02046	0.04852	0.01451	0.04801	0.02742	0.03865	0.00973	0.01128	0.00737	0.00523	0.00467	0.00158	0.00696	0.00385	0.00275	0.00746
24	0.02436	0.00943	0.01275	0.00977	0.01399	0.00824	0.00807	0.04535	0.01586	0.75902	0.02129	0.01842	0.01339	0.00674	0.00548	0.00169	0.00467	0.00547	0.00671	0.00928
25	0.00815	0.00685	0.00989	0.02965	0.08922	0.00638	0.05180	0.01035	0.01322	0.01768	0.30490	0.15317	0.25458	0.01163	0.00638	0.00183	0.00364	0.01034	0.00496	0.00539
26	0.01551	0.03400	0.07638	0.01499	0.16166	0.09261	0.01060	0.05247	0.11893	0.17335	0.03670	0.05868	0.06369	0.00710	0.00541	0.00164	0.00558	0.00592	0.00441	0.06037
27	0.01839	0.00931	0.01122	0.00915	0.01233	0.00911	0.00735	0.19673	0.01664	0.34729	0.04119	0.09763	0.01595	0.00779	0.00531	0.00164	0.00433	0.00640	0.17440	0.00782
28	0.00878	0.00693	0.00741	0.00698	0.00910	0.00661	0.00533	0.01316	0.16399	0.04895	0.13777	0.04312	0.49780	0.01189	0.00622	0.00182	0.00313	0.00997	0.00535	0.00567
29	0.01149	0.01277	0.05679	0.41079	0.03283	0.01290	0.35099	0.01568	0.01182	0.01568	0.01030	0.01448	0.00771	0.00505	0.00589	0.00182	0.00817	0.00553	0.00257	0.00673
30	0.01038	0.00965	0.01609	0.70411	0.08124	0.01176	0.01461	0.01389	0.01105	0.01437	0.01124	0.01571	0.02927	0.00568	0.00543	0.00179	0.00696	0.00504	0.02559	0.00615
31	0.00879	0.00628	0.00879	0.01004	0.01130	0.00628	0.00879	0.01130	0.01255	0.01632	0.02887	0.06150	0.03138	0.01506	0.00753	0.00251	0.00502	0.73770	0.00502	0.00502
32	0.01280	0.01134	0.01399	0.19387	0.07623	0.01318	0.01074	0.02458	0.53444	0.02038	0.01841	0.01849	0.01388	0.00676	0.00551	0.00182	0.00516	0.00576	0.00461	0.00804
33	0.00779	0.00584	0.00876	0.00876	0.00974	0.00681	0.00681	0.00974	0.00876	0.01266	0.01460	0.02142	0.01363	0.04089	0.78680	0.00876	0.01460	0.00584	0.00292	0.00487
34	0.00797	0.00611	0.00911	0.00900	0.00993	0.00725	0.00704	0.00988	0.00874	0.01268	0.01428	0.02100	0.01335	0.03952	0.75332	0.00848	0.04874	0.00579	0.00290	0.00492
35	0.01251	0.11903	0.33982	0.01703	0.13100	0.01429	0.06230	0.05488	0.04104	0.01759	0.02923	0.01300	0.00901	0.00585	0.00656	0.00171	0.09680	0.00454	0.01611	0.00769
36	0.01069	0.01009	0.01706	0.70138	0.12839	0.01222	0.01534	0.01427	0.01109	0.01441	0.00976	0.01441	0.00744	0.00538	0.00544	0.00179	0.00717	0.00485	0.00246	0.00637
37	0.01650	0.00754	0.00998	0.00825	0.01114	0.00662	0.00658	0.01872	0.01526	0.42294	0.30947	0.02999	0.09536	0.00905	0.00593	0.00171	0.00369	0.00768	0.00631	0.00729
38	0.01281	0.01360	0.01112	0.01161	0.07830	0.27749	0.00804	0.02989	0.03125	0.01602	0.08140	0.06315	0.23516	0.00945	0.00570	0.00167	0.00576	0.04722	0.05454	0.00582
39	0.01128	0.08771	0.69556	0.01533	0.02304	0.01338	0.04586	0.01720	0.01153	0.01693	0.00966	0.01141	0.00696	0.00512	0.00510	0.00169	0.00793	0.00403	0.00232	0.00795
40	0.01154	0.02712	0.73468	0.01522	0.02303	0.01248	0.01944	0.01786	0.02502	0.04896	0.01049	0.01196	0.00735	0.00528	0.00520	0.00173	0.00785	0.00413	0.00254	0.00812
41	0.00751	0.00634	0.00660	0.00639	0.00834	0.00583	0.00483	0.01084	0.11105	0.01652	0.12512	0.04705	0.59876	0.01269	0.00632	0.00183	0.00294	0.01064	0.00522	0.00518
42	0.00899	0.00746	0.03734	0.00795	0.00983	0.00678	0.00633	0.01350	0.13687	0.03872	0.43391	0.11062	0.11990	0.01115	0.00629	0.00182	0.00325	0.02789	0.00559	0.00580
43	0.01320	0.01265	0.02159	0.10428	0.70590	0.01288	0.01658	0.01647	0.01227	0.01745	0.01020	0.01359	0.00851	0.00491	0.00540	0.00164	0.00655	0.00486	0.00267	0.00840
44	0.01311	0.01256	0.02143	0.12517	0.68570	0.01285	0.01654	0.01639	0.01223	0.01734	0.01019	0.01362	0.00847	0.00493	0.00540	0.00164	0.00657	0.00486	0.00267	0.00833
45	0.00727	0.00569	0.00874	0.00905	0.00987	0.00533	0.07307	0.00859	0.01072	0.01431	0.02829	0.71220	0.03341	0.01589	0.00693	0.00219	0.00376	0.03514	0.00485	0.00471

[dist]
# distance from previous block
# <min> <max>
0	0

# created by:
# /st0/software/busco_prod/Augustus/scripts/msa2prfl.pl ./align_prep/167614.fa
