[name]
unknown

[dist]
# distance from previous block
# <min> <max>
0	7

[block]
# block no. 0 follows, 45 sequences, length 39
# corresponding to MSA columns:
# 106-144
name=unknown_A
#
# <colnr> <probs for GDERKNQSTAVLIFYWHMCP>
#	G	D	E	R	K	N	Q	S	T	A	V	L	I	F	Y	W	H	M	C	P
0	0.22014	0.02894	0.10113	0.01066	0.03114	0.01134	0.00941	0.10024	0.12043	0.19422	0.01602	0.01957	0.01257	0.00703	0.00506	0.00177	0.00507	0.09309	0.00464	0.00753
1	0.01945	0.06107	0.01528	0.01136	0.01530	0.06006	0.00933	0.41364	0.11748	0.17441	0.03760	0.01521	0.01184	0.00656	0.00527	0.00161	0.00555	0.00505	0.00531	0.00862
2	0.06816	0.01039	0.03258	0.00993	0.01359	0.01003	0.00818	0.04941	0.24596	0.41224	0.03686	0.04863	0.01515	0.00718	0.00536	0.00173	0.00448	0.00587	0.00584	0.00844
3	0.01833	0.00877	0.02862	0.00924	0.01264	0.00761	0.02335	0.02138	0.05532	0.49380	0.23292	0.02427	0.02371	0.00782	0.00568	0.00168	0.00415	0.00663	0.00619	0.00789
4	0.01219	0.00699	0.00894	0.00798	0.01011	0.00661	0.00621	0.01581	0.09292	0.20703	0.42841	0.06916	0.05830	0.01002	0.00608	0.00175	0.00333	0.03586	0.00594	0.00636
5	0.05100	0.09354	0.68265	0.01439	0.02182	0.01319	0.01826	0.01686	0.01119	0.01697	0.00935	0.01098	0.00676	0.00505	0.00488	0.00165	0.00757	0.00382	0.00232	0.00774
6	0.01329	0.01275	0.02179	0.03295	0.77787	0.01275	0.01647	0.01647	0.01222	0.01754	0.01010	0.01329	0.00850	0.00478	0.00531	0.00159	0.00638	0.00478	0.00266	0.00850
7	0.01378	0.01174	0.01238	0.01101	0.01412	0.01355	0.00860	0.07259	0.72341	0.02314	0.02131	0.01960	0.01595	0.00723	0.00546	0.00181	0.00435	0.00599	0.00546	0.00853
8	0.01593	0.01965	0.45249	0.01274	0.01895	0.01041	0.01461	0.02040	0.01306	0.31976	0.03971	0.01504	0.01083	0.00591	0.00526	0.00168	0.00642	0.00472	0.00412	0.00831
9	0.01122	0.07086	0.57865	0.01596	0.02293	0.01308	0.14182	0.01667	0.01143	0.01661	0.01009	0.02920	0.00767	0.00533	0.00554	0.00171	0.02663	0.00456	0.00240	0.00763
10	0.01107	0.11838	0.61227	0.01435	0.02135	0.01307	0.04960	0.01646	0.01159	0.01678	0.05853	0.01299	0.00968	0.00539	0.00504	0.00164	0.00738	0.00431	0.00252	0.00760
11	0.00652	0.00476	0.00613	0.00723	0.00772	0.00438	0.00487	0.00750	0.01051	0.01380	0.03257	0.71697	0.12446	0.01643	0.00679	0.00214	0.00307	0.01479	0.00498	0.00438
12	0.00992	0.00937	0.01619	0.64535	0.03288	0.01118	0.07262	0.01327	0.01083	0.01399	0.01197	0.10629	0.01052	0.00663	0.00562	0.00184	0.00684	0.00611	0.00271	0.00588
13	0.01284	0.01280	0.02037	0.21374	0.35294	0.05455	0.10097	0.03854	0.01198	0.01627	0.00966	0.01328	0.00789	0.00555	0.00694	0.00175	0.10509	0.00488	0.00265	0.00731
14	0.01086	0.04874	0.76340	0.01514	0.02298	0.01270	0.01955	0.01697	0.01132	0.01688	0.00958	0.01126	0.00680	0.00509	0.00506	0.00169	0.00787	0.00394	0.00227	0.00791
15	0.00643	0.00511	0.00578	0.00631	0.00748	0.00446	0.00447	0.00761	0.01140	0.01416	0.04375	0.37574	0.45846	0.01498	0.00656	0.00197	0.00289	0.01301	0.00498	0.00446
16	0.01291	0.31504	0.10971	0.01524	0.10561	0.01490	0.18012	0.01576	0.01136	0.04292	0.01135	0.01501	0.02560	0.09419	0.00728	0.00189	0.00664	0.00482	0.00275	0.00690
17	0.01158	0.02493	0.63412	0.01625	0.02364	0.01247	0.13711	0.01738	0.01170	0.04634	0.01027	0.01210	0.00726	0.00507	0.00531	0.00172	0.00798	0.00440	0.00251	0.00787
18	0.00654	0.00467	0.00623	0.00747	0.00779	0.00436	0.00498	0.00747	0.01028	0.01370	0.02959	0.80785	0.03550	0.01682	0.00685	0.00218	0.00311	0.01526	0.00498	0.00436
19	0.01245	0.10670	0.05374	0.04591	0.03596	0.09969	0.20852	0.01489	0.01102	0.01437	0.01132	0.10087	0.01086	0.03160	0.00937	0.00196	0.21566	0.00602	0.00281	0.00630
20	0.01032	0.01187	0.10572	0.67393	0.03499	0.01206	0.04783	0.01425	0.01089	0.01425	0.00961	0.01397	0.00716	0.00530	0.00538	0.00178	0.00733	0.00475	0.00239	0.00625
21	0.01267	0.01448	0.03167	0.02262	0.02805	0.01357	0.75837	0.01719	0.01267	0.01719	0.01086	0.01448	0.00814	0.00452	0.00633	0.00181	0.00905	0.00633	0.00271	0.00724
22	0.01252	0.01374	0.02802	0.05656	0.11366	0.01375	0.55030	0.01645	0.01200	0.01657	0.01026	0.01401	0.00801	0.00518	0.00753	0.00185	0.10390	0.00589	0.00265	0.00717
23	0.01008	0.00905	0.01510	0.69243	0.03311	0.01122	0.01370	0.01295	0.01026	0.01321	0.00946	0.01448	0.00739	0.00694	0.00738	0.09542	0.02513	0.00476	0.00238	0.00556
24	0.01087	0.02701	0.74073	0.01572	0.02351	0.01253	0.06188	0.01701	0.01141	0.01701	0.00970	0.01151	0.00688	0.00507	0.00517	0.00171	0.00800	0.00410	0.00229	0.00789
25	0.00634	0.00544	0.00544	0.00544	0.00725	0.00453	0.00408	0.00770	0.01224	0.01450	0.05438	0.05166	0.77569	0.01359	0.00634	0.00181	0.00272	0.01133	0.00498	0.00453
26	0.01553	0.01204	0.01268	0.01100	0.01429	0.03602	0.00866	0.10457	0.58093	0.11135	0.02043	0.01877	0.01499	0.00707	0.00543	0.00177	0.00462	0.00578	0.00551	0.00857
27	0.01121	0.06027	0.66238	0.01708	0.11028	0.01288	0.01898	0.01690	0.01142	0.01687	0.00959	0.01144	0.00700	0.00504	0.00505	0.00166	0.00766	0.00401	0.00231	0.00795
28	0.01014	0.00954	0.01610	0.79845	0.03697	0.01193	0.01491	0.01371	0.01073	0.01371	0.00954	0.01431	0.00716	0.00537	0.00537	0.00179	0.00716	0.00477	0.00239	0.00596
29	0.00651	0.00479	0.00611	0.00716	0.00770	0.00439	0.00484	0.00751	0.01058	0.01383	0.03341	0.69122	0.14966	0.01632	0.00677	0.00212	0.00305	0.01465	0.00498	0.00439
30	0.01170	0.01183	0.01675	0.60622	0.13265	0.10219	0.01459	0.01497	0.01145	0.01415	0.00947	0.01364	0.00731	0.00531	0.00530	0.00172	0.00735	0.00462	0.00247	0.00633
31	0.01456	0.78544	0.02765	0.00936	0.01388	0.04963	0.00923	0.01627	0.01107	0.01265	0.00749	0.00865	0.00689	0.00463	0.00350	0.00116	0.00589	0.00289	0.00231	0.00686
32	0.01113	0.00954	0.01113	0.00795	0.01272	0.00716	0.00636	0.01352	0.01113	0.01749	0.00954	0.01113	0.00795	0.00398	0.00398	0.00080	0.00398	0.00318	0.00318	0.84417
33	0.00984	0.00907	0.01507	0.70670	0.03362	0.01113	0.01377	0.01330	0.01125	0.01462	0.09826	0.01730	0.01220	0.00602	0.00548	0.00178	0.00662	0.00534	0.00279	0.00586
34	0.75173	0.00981	0.00781	0.00702	0.01011	0.01123	0.00573	0.01512	0.00984	0.02379	0.09643	0.01236	0.01101	0.00568	0.00367	0.00166	0.00396	0.00369	0.00362	0.00573
35	0.00696	0.00540	0.00727	0.09876	0.01108	0.00529	0.00598	0.00834	0.01085	0.01413	0.05909	0.55641	0.16112	0.01472	0.00657	0.00205	0.00349	0.01316	0.00472	0.00460
36	0.01014	0.00954	0.01610	0.79845	0.03697	0.01193	0.01491	0.01371	0.01073	0.01371	0.00954	0.01431	0.00716	0.00537	0.00537	0.00179	0.00716	0.00477	0.00239	0.00596
37	0.01040	0.00981	0.01658	0.73385	0.09949	0.01200	0.01504	0.01395	0.01086	0.01404	0.00959	0.01422	0.00727	0.00532	0.00536	0.00177	0.00709	0.00477	0.00241	0.00618
38	0.64412	0.01027	0.00915	0.00777	0.01130	0.01130	0.00641	0.04281	0.01101	0.18738	0.01060	0.01091	0.00753	0.00539	0.00384	0.00166	0.00430	0.00351	0.00410	0.00664

[dist]
# distance from previous block
# <min> <max>
8	29

[block]
# block no. 1 follows, 45 sequences, length 8
# corresponding to MSA columns:
# 176-183
name=unknown_B
#
# <colnr> <probs for GDERKNQSTAVLIFYWHMCP>
#	G	D	E	R	K	N	Q	S	T	A	V	L	I	F	Y	W	H	M	C	P
0	0.01174	0.01228	0.02128	0.09215	0.02204	0.05883	0.37851	0.03208	0.05304	0.01648	0.01557	0.15408	0.03509	0.00737	0.00637	0.00181	0.02822	0.00749	0.00337	0.04220
1	0.01014	0.00954	0.01610	0.79845	0.03697	0.01193	0.01491	0.01371	0.01073	0.01371	0.00954	0.01431	0.00716	0.00537	0.00537	0.00179	0.00716	0.00477	0.00239	0.00596
2	0.55448	0.01267	0.00995	0.00852	0.01202	0.12348	0.00685	0.05686	0.01136	0.05176	0.00866	0.00974	0.00669	0.00509	0.00381	0.00152	0.00504	0.00322	0.00347	0.10483
3	0.00756	0.00518	0.00603	0.00614	0.00640	0.00505	0.00371	0.00801	0.00912	0.01222	0.10241	0.13389	0.05946	0.58791	0.02151	0.00429	0.00454	0.00911	0.00384	0.00365
4	0.01146	0.00689	0.00851	0.00751	0.00982	0.00617	0.00578	0.01424	0.05823	0.18393	0.29202	0.10372	0.18072	0.01029	0.00593	0.00169	0.00328	0.00885	0.00555	0.07542
5	0.01156	0.01185	0.01597	0.68553	0.03404	0.12387	0.01425	0.01483	0.01138	0.01363	0.00936	0.01364	0.00712	0.00539	0.00529	0.00173	0.00752	0.00458	0.00244	0.00600
6	0.01174	0.01017	0.01314	0.12270	0.01719	0.00883	0.04178	0.06872	0.01218	0.01814	0.00985	0.01187	0.00793	0.00438	0.00438	0.00104	0.00480	0.00367	0.00321	0.62426
7	0.13303	0.01216	0.01227	0.00989	0.01372	0.14372	0.00798	0.02344	0.01433	0.51626	0.01664	0.01522	0.01097	0.00612	0.00497	0.00158	0.00537	0.00464	0.00539	0.04229

[dist]
# distance from previous block
# <min> <max>
1	6

[block]
# block no. 2 follows, 45 sequences, length 18
# corresponding to MSA columns:
# 190-207
name=unknown_C
#
# <colnr> <probs for GDERKNQSTAVLIFYWHMCP>
#	G	D	E	R	K	N	Q	S	T	A	V	L	I	F	Y	W	H	M	C	P
0	0.07861	0.02405	0.62532	0.01447	0.04196	0.01206	0.01733	0.01697	0.04197	0.01806	0.05246	0.01312	0.00959	0.00550	0.00504	0.00170	0.00714	0.00431	0.00269	0.00764
1	0.01389	0.68676	0.09533	0.00984	0.01453	0.04083	0.01007	0.01602	0.01096	0.01303	0.00798	0.00943	0.00716	0.00621	0.03768	0.00153	0.00642	0.00311	0.00233	0.00687
2	0.01242	0.01621	0.12960	0.02167	0.02743	0.01343	0.66218	0.01717	0.01250	0.01717	0.01070	0.01407	0.00797	0.00460	0.00617	0.00180	0.00890	0.00603	0.00266	0.00733
3	0.01184	0.01009	0.01215	0.00874	0.01350	0.00804	0.03098	0.06661	0.01218	0.01864	0.00982	0.01136	0.00804	0.00417	0.00415	0.00089	0.00428	0.00340	0.00332	0.75781
4	0.01444	0.00981	0.04745	0.00867	0.01300	0.00736	0.00730	0.01684	0.01252	0.23869	0.05210	0.05839	0.01308	0.00585	0.00472	0.00121	0.00421	0.00485	0.00437	0.47514
5	0.03402	0.00983	0.01279	0.00949	0.01393	0.00825	0.05115	0.04060	0.02846	0.26930	0.03043	0.01449	0.01081	0.00520	0.00469	0.00122	0.00450	0.00434	0.00447	0.44206
6	0.01329	0.01275	0.02179	0.03295	0.77787	0.01275	0.01647	0.01647	0.01222	0.01754	0.01010	0.01329	0.00850	0.00478	0.00531	0.00159	0.00638	0.00478	0.00266	0.00850
7	0.01014	0.00954	0.01610	0.79845	0.03697	0.01193	0.01491	0.01371	0.01073	0.01371	0.00954	0.01431	0.00716	0.00537	0.00537	0.00179	0.00716	0.00477	0.00239	0.00596
8	0.01014	0.00954	0.01610	0.79845	0.03697	0.01193	0.01491	0.01371	0.01073	0.01371	0.00954	0.01431	0.00716	0.00537	0.00537	0.00179	0.00716	0.00477	0.00239	0.00596
9	0.00659	0.00485	0.00619	0.00723	0.00782	0.00446	0.00497	0.00765	0.01068	0.01392	0.03362	0.65493	0.15716	0.01621	0.00679	0.00213	0.00312	0.04227	0.00498	0.00441
10	0.01605	0.01178	0.01301	0.01082	0.01386	0.01279	0.00856	0.52364	0.02054	0.02751	0.01813	0.26256	0.01741	0.00970	0.00584	0.00179	0.00503	0.00811	0.00525	0.00763
11	0.02041	0.01504	0.01611	0.01235	0.01665	0.01665	0.01020	0.75997	0.02524	0.03383	0.01289	0.01289	0.00913	0.00644	0.00537	0.00161	0.00591	0.00483	0.00537	0.00913
12	0.02279	0.00942	0.01242	0.00972	0.01373	0.00855	0.00796	0.02645	0.10632	0.68987	0.02126	0.01848	0.01366	0.00672	0.00541	0.00168	0.00453	0.00548	0.00650	0.00906
13	0.00755	0.00549	0.00711	0.00670	0.00799	0.00504	0.00503	0.01003	0.01508	0.02125	0.74626	0.04056	0.07960	0.01108	0.00633	0.00169	0.00254	0.00977	0.00587	0.00504
14	0.00753	0.00548	0.00708	0.00668	0.00798	0.00504	0.00501	0.01000	0.01503	0.02114	0.73547	0.04073	0.09045	0.01112	0.00633	0.00170	0.00254	0.00980	0.00586	0.00504
15	0.01329	0.01275	0.02179	0.03295	0.77787	0.01275	0.01647	0.01647	0.01222	0.01754	0.01010	0.01329	0.00850	0.00478	0.00531	0.00159	0.00638	0.00478	0.00266	0.00850
16	0.00766	0.00646	0.03385	0.00713	0.00873	0.00555	0.00564	0.01050	0.04658	0.01923	0.49111	0.10624	0.18534	0.01173	0.00633	0.00178	0.00295	0.03257	0.00548	0.00515
17	0.07273	0.26918	0.42633	0.02946	0.01906	0.01504	0.01465	0.01723	0.03731	0.03970	0.00958	0.01088	0.00729	0.00506	0.00449	0.00153	0.00673	0.00368	0.00260	0.00747

[dist]
# distance from previous block
# <min> <max>
0	2

[block]
# block no. 3 follows, 45 sequences, length 7
# corresponding to MSA columns:
# 210-216
name=unknown_D
#
# <colnr> <probs for GDERKNQSTAVLIFYWHMCP>
#	G	D	E	R	K	N	Q	S	T	A	V	L	I	F	Y	W	H	M	C	P
0	0.43584	0.01272	0.10491	0.01027	0.01459	0.01134	0.08628	0.01784	0.04943	0.11843	0.01076	0.01165	0.00786	0.00519	0.00428	0.00161	0.00516	0.00390	0.00365	0.08429
1	0.08796	0.02384	0.63102	0.01365	0.02046	0.01166	0.01700	0.01617	0.01153	0.01813	0.08910	0.01409	0.01127	0.00570	0.00506	0.00170	0.00702	0.00447	0.00274	0.00744
2	0.01181	0.11422	0.09232	0.00923	0.01245	0.05294	0.00822	0.07533	0.12542	0.05711	0.11902	0.06121	0.22136	0.00907	0.00552	0.00167	0.00460	0.00742	0.00454	0.00653
3	0.10112	0.04905	0.03924	0.01417	0.16151	0.17035	0.00956	0.01710	0.04790	0.08552	0.15679	0.01916	0.04992	0.00675	0.00510	0.00154	0.00558	0.00545	0.00394	0.05023
4	0.12757	0.09915	0.42747	0.01282	0.01869	0.09260	0.01448	0.08162	0.01276	0.01880	0.04054	0.01185	0.00868	0.00544	0.00474	0.00160	0.00698	0.00397	0.00288	0.00735
5	0.04147	0.48170	0.09246	0.03442	0.05979	0.06008	0.01069	0.05106	0.01194	0.04356	0.00979	0.01108	0.02565	0.00533	0.00469	0.00138	0.04144	0.00364	0.00275	0.00707
6	0.07245	0.19663	0.11004	0.00934	0.01298	0.04814	0.00871	0.01656	0.04119	0.14109	0.22265	0.02058	0.02069	0.03243	0.00566	0.00164	0.00490	0.00561	0.00425	0.02446

[dist]
# distance from previous block
# <min> <max>
20	37

[block]
# block no. 4 follows, 45 sequences, length 14
# corresponding to MSA columns:
# 284-297
name=unknown_E
#
# <colnr> <probs for GDERKNQSTAVLIFYWHMCP>
#	G	D	E	R	K	N	Q	S	T	A	V	L	I	F	Y	W	H	M	C	P
0	0.01248	0.01279	0.01814	0.12006	0.08790	0.11402	0.17577	0.04359	0.01234	0.01603	0.05757	0.05770	0.01360	0.02140	0.00826	0.00193	0.14298	0.06404	0.00321	0.01620
1	0.06493	0.01349	0.02033	0.21712	0.02491	0.09463	0.27662	0.07674	0.03645	0.01770	0.01141	0.01421	0.02590	0.00537	0.00567	0.00167	0.02077	0.00516	0.00305	0.06387
2	0.24442	0.04490	0.01371	0.05386	0.01559	0.13395	0.00896	0.29487	0.06015	0.02461	0.01067	0.01150	0.00805	0.00570	0.00459	0.00155	0.00588	0.00401	0.00403	0.04899
3	0.44972	0.03695	0.01121	0.00922	0.01261	0.13432	0.00744	0.14478	0.05084	0.02300	0.01160	0.01231	0.04503	0.00582	0.00419	0.00159	0.00530	0.00390	0.00374	0.02643
4	0.24518	0.00753	0.00840	0.05461	0.01050	0.02518	0.00608	0.03785	0.00892	0.01510	0.01001	0.01583	0.00933	0.05386	0.07301	0.38927	0.00560	0.01676	0.00286	0.00413
5	0.01404	0.00954	0.01081	0.00896	0.01166	0.00960	0.00683	0.25608	0.03942	0.10273	0.01878	0.11283	0.05722	0.19662	0.01057	0.00244	0.00480	0.00698	0.00466	0.11542
6	0.01076	0.01038	0.01806	0.62354	0.12159	0.01228	0.07650	0.01430	0.01100	0.01442	0.00964	0.01413	0.00739	0.00534	0.00578	0.00178	0.02939	0.00490	0.00244	0.00636
7	0.01089	0.01072	0.01590	0.67890	0.06423	0.07110	0.01426	0.01419	0.01112	0.01382	0.01020	0.04275	0.00822	0.00577	0.00538	0.00176	0.00717	0.00505	0.00252	0.00603
8	0.07770	0.59513	0.05429	0.00946	0.01365	0.06375	0.00920	0.01586	0.01133	0.01432	0.04679	0.01291	0.01016	0.00552	0.00392	0.00132	0.00574	0.03964	0.00271	0.00662
9	0.49809	0.08918	0.01120	0.05130	0.01264	0.03667	0.00703	0.03826	0.01114	0.10558	0.06293	0.01312	0.01044	0.02744	0.00464	0.00171	0.00466	0.00396	0.00376	0.00628
10	0.03020	0.08094	0.09951	0.05502	0.01624	0.30101	0.01044	0.07308	0.03396	0.03940	0.01376	0.07478	0.04798	0.01918	0.04147	0.00197	0.04600	0.00527	0.00332	0.00647
11	0.01277	0.01272	0.02388	0.08985	0.06074	0.03628	0.43763	0.03044	0.02892	0.05873	0.03086	0.08642	0.01192	0.00636	0.00667	0.00183	0.04704	0.00674	0.00327	0.00694
12	0.03903	0.00973	0.01579	0.54940	0.07812	0.01125	0.03744	0.01573	0.02634	0.11520	0.01132	0.01478	0.00830	0.00601	0.00594	0.03462	0.00658	0.00487	0.00306	0.00649
13	0.11670	0.01266	0.07014	0.02601	0.01397	0.11684	0.00863	0.04173	0.05072	0.15826	0.04494	0.07294	0.01452	0.00730	0.00511	0.00159	0.00531	0.07178	0.00426	0.15659

[dist]
# distance from previous block
# <min> <max>
6	10

[block]
# block no. 5 follows, 45 sequences, length 28
# corresponding to MSA columns:
# 314-341
name=unknown_F
#
# <colnr> <probs for GDERKNQSTAVLIFYWHMCP>
#	G	D	E	R	K	N	Q	S	T	A	V	L	I	F	Y	W	H	M	C	P
0	0.01277	0.01050	0.04651	0.01005	0.04328	0.00894	0.00793	0.01825	0.18710	0.10070	0.06209	0.01732	0.01380	0.02219	0.00527	0.00138	0.00433	0.01912	0.00422	0.40426
1	0.01095	0.04647	0.71531	0.01550	0.04770	0.01253	0.01904	0.01685	0.01135	0.01692	0.00959	0.01132	0.00689	0.00504	0.00503	0.00165	0.00770	0.00394	0.00231	0.03389
2	0.01178	0.01174	0.03941	0.01113	0.01414	0.04041	0.02792	0.01419	0.03009	0.01575	0.00893	0.01163	0.00777	0.00617	0.00918	0.00147	0.29882	0.00393	0.00288	0.43268
3	0.01041	0.00697	0.00853	0.00787	0.00970	0.00684	0.00597	0.04034	0.12308	0.10142	0.41401	0.14003	0.08180	0.01078	0.00615	0.00178	0.00321	0.00941	0.00572	0.00601
4	0.01113	0.00954	0.01113	0.00795	0.01272	0.00716	0.00636	0.01352	0.01113	0.01749	0.00954	0.01113	0.00795	0.00398	0.00398	0.00080	0.00398	0.00318	0.00318	0.84417
5	0.01014	0.00954	0.01610	0.79845	0.03697	0.01193	0.01491	0.01371	0.01073	0.01371	0.00954	0.01431	0.00716	0.00537	0.00537	0.00179	0.00716	0.00477	0.00239	0.00596
6	0.00944	0.01162	0.18763	0.00903	0.01217	0.03401	0.00875	0.01268	0.01396	0.04950	0.46352	0.03140	0.08893	0.00921	0.00588	0.00166	0.00417	0.00789	0.00483	0.03373
7	0.00770	0.00533	0.00692	0.00757	0.00839	0.00486	0.00523	0.00879	0.01042	0.03934	0.02661	0.62199	0.03104	0.07683	0.00818	0.00230	0.00348	0.04626	0.00475	0.07403
8	0.01131	0.00981	0.01201	0.01002	0.07610	0.00762	0.00720	0.01376	0.01122	0.01750	0.00959	0.01131	0.00800	0.00404	0.00409	0.00086	0.00417	0.00331	0.00314	0.77494
9	0.01264	0.01200	0.02034	0.05196	0.69363	0.01204	0.01548	0.01565	0.01202	0.01711	0.01170	0.07913	0.01070	0.00580	0.00544	0.00165	0.00613	0.00565	0.00284	0.00809
10	0.01576	0.24109	0.09961	0.01233	0.01617	0.37626	0.04892	0.01792	0.01324	0.01388	0.02624	0.01384	0.07144	0.00594	0.00471	0.00141	0.00767	0.00426	0.00282	0.00648
11	0.01155	0.06590	0.62225	0.01584	0.02309	0.04369	0.11002	0.01715	0.01163	0.01665	0.00962	0.01152	0.00697	0.00502	0.00516	0.00167	0.00803	0.00418	0.00234	0.00773
12	0.01435	0.81458	0.02813	0.00918	0.01378	0.02124	0.00918	0.01607	0.01091	0.01263	0.00746	0.00861	0.00689	0.00459	0.00344	0.00115	0.00574	0.00287	0.00230	0.00689
13	0.01232	0.00988	0.01280	0.00920	0.01397	0.00770	0.06354	0.01484	0.01160	0.08076	0.01060	0.01198	0.00841	0.00424	0.00427	0.00094	0.00441	0.00360	0.00343	0.71149
14	0.01844	0.01602	0.01701	0.06223	0.15782	0.14191	0.01166	0.45910	0.02036	0.02628	0.01143	0.01252	0.00854	0.00593	0.00527	0.00158	0.00668	0.00460	0.00427	0.00835
15	0.00668	0.00480	0.00636	0.00748	0.00793	0.00448	0.00512	0.00778	0.01068	0.01424	0.06867	0.71148	0.05906	0.01633	0.00683	0.00216	0.00315	0.04730	0.00503	0.00443
16	0.00763	0.00554	0.00723	0.00696	0.00824	0.00514	0.00532	0.01011	0.01484	0.02079	0.68363	0.04227	0.07875	0.01140	0.00642	0.00176	0.00274	0.07041	0.00579	0.00503
17	0.03324	0.01805	0.01704	0.11804	0.21492	0.33670	0.01240	0.15207	0.01556	0.01828	0.00973	0.01176	0.00773	0.00547	0.00509	0.00154	0.00772	0.00420	0.00317	0.00729
18	0.01014	0.00954	0.01610	0.79845	0.03697	0.01193	0.01491	0.01371	0.01073	0.01371	0.00954	0.01431	0.00716	0.00537	0.00537	0.00179	0.00716	0.00477	0.00239	0.00596
19	0.02005	0.02558	0.01521	0.01383	0.01659	0.78980	0.01037	0.02143	0.01521	0.01314	0.00830	0.00968	0.00691	0.00553	0.00484	0.00138	0.00968	0.00346	0.00277	0.00622
20	0.01231	0.01176	0.02003	0.26893	0.54946	0.01250	0.01599	0.01562	0.01176	0.01636	0.00993	0.01360	0.00809	0.00496	0.00533	0.00165	0.00662	0.00478	0.00257	0.00772
21	0.01014	0.00954	0.01610	0.79845	0.03697	0.01193	0.01491	0.01371	0.01073	0.01371	0.00954	0.01431	0.00716	0.00537	0.00537	0.00179	0.00716	0.00477	0.00239	0.00596
22	0.00865	0.00618	0.00865	0.00989	0.01112	0.00618	0.00865	0.01112	0.01236	0.01606	0.02842	0.06055	0.03089	0.01483	0.00741	0.00247	0.00494	0.74174	0.00494	0.00494
23	0.00654	0.00467	0.00623	0.00747	0.00779	0.00436	0.00498	0.00747	0.01028	0.01370	0.02959	0.80785	0.03550	0.01682	0.00685	0.00218	0.00311	0.01526	0.00498	0.00436
24	0.81172	0.01059	0.00826	0.00730	0.01066	0.01225	0.00601	0.04949	0.00986	0.02453	0.00772	0.00891	0.00596	0.00505	0.00341	0.00166	0.00423	0.00299	0.00341	0.00596
25	0.01361	0.01514	0.02795	0.02200	0.09646	0.07975	0.55706	0.04654	0.01311	0.01732	0.01045	0.01376	0.00806	0.00496	0.00665	0.00177	0.04951	0.00580	0.00280	0.00728
26	0.00659	0.00471	0.00628	0.00744	0.00780	0.00440	0.00499	0.00761	0.01053	0.01411	0.06795	0.76834	0.03628	0.01652	0.00682	0.00215	0.00308	0.01497	0.00503	0.00440
27	0.00653	0.00469	0.00620	0.00741	0.00777	0.00437	0.00496	0.00748	0.01034	0.01373	0.03033	0.78509	0.05778	0.01672	0.00684	0.00217	0.00310	0.01514	0.00498	0.00437

[dist]
# distance from previous block
# <min> <max>
0	1

[block]
# block no. 6 follows, 45 sequences, length 89
# corresponding to MSA columns:
# 343-431
name=unknown_G
#
# <colnr> <probs for GDERKNQSTAVLIFYWHMCP>
#	G	D	E	R	K	N	Q	S	T	A	V	L	I	F	Y	W	H	M	C	P
0	0.84927	0.01038	0.00789	0.00706	0.01038	0.01204	0.00581	0.01578	0.00914	0.02408	0.00747	0.00872	0.00581	0.00498	0.00332	0.00166	0.00415	0.00291	0.00332	0.00581
1	0.01335	0.01153	0.01214	0.01092	0.01396	0.01335	0.00850	0.02852	0.76817	0.02245	0.02185	0.02003	0.01639	0.00728	0.00546	0.00182	0.00425	0.00607	0.00546	0.00850
2	0.00654	0.00467	0.00623	0.00747	0.00779	0.00436	0.00498	0.00747	0.01028	0.01370	0.02959	0.80785	0.03550	0.01682	0.00685	0.00218	0.00311	0.01526	0.00498	0.00436
3	0.01077	0.02777	0.78354	0.01530	0.02323	0.01247	0.01983	0.01700	0.01133	0.01700	0.00963	0.01133	0.00680	0.00510	0.00510	0.00170	0.00793	0.00397	0.00227	0.00793
4	0.01273	0.01219	0.02079	0.16743	0.64771	0.01261	0.01620	0.01599	0.01196	0.01687	0.01000	0.01347	0.00827	0.00489	0.00532	0.00163	0.00651	0.00478	0.00261	0.00806
5	0.00781	0.00520	0.00585	0.00585	0.00585	0.00520	0.00325	0.00781	0.00781	0.01041	0.01691	0.03513	0.01952	0.81135	0.02732	0.00520	0.00520	0.00781	0.00325	0.00325
6	0.01077	0.01069	0.01961	0.61122	0.05421	0.01230	0.17539	0.01454	0.01119	0.01456	0.00984	0.01432	0.00740	0.00517	0.00557	0.00179	0.00754	0.00511	0.00246	0.00630
7	0.01279	0.01483	0.11811	0.04917	0.53835	0.01283	0.14160	0.01659	0.01215	0.01731	0.01015	0.01327	0.00820	0.00479	0.00546	0.00165	0.00704	0.00494	0.00261	0.00815
8	0.01077	0.02777	0.78354	0.01530	0.02323	0.01247	0.01983	0.01700	0.01133	0.01700	0.00963	0.01133	0.00680	0.00510	0.00510	0.00170	0.00793	0.00397	0.00227	0.00793
9	0.01452	0.79152	0.02775	0.00932	0.01386	0.04370	0.00922	0.01623	0.01103	0.01264	0.00749	0.00864	0.00689	0.00462	0.00349	0.00115	0.00586	0.00289	0.00231	0.00687
10	0.01157	0.01026	0.03681	0.02140	0.38848	0.00973	0.03187	0.01454	0.01264	0.04602	0.08661	0.03133	0.01980	0.00870	0.00612	0.00190	0.00560	0.24577	0.00384	0.00700
11	0.01280	0.01421	0.04705	0.02551	0.26359	0.01335	0.49051	0.01687	0.01240	0.01721	0.01051	0.01397	0.00820	0.00472	0.00622	0.00175	0.02508	0.00575	0.00268	0.00763
12	0.00677	0.00502	0.00685	0.05961	0.00969	0.00487	0.00560	0.00789	0.01038	0.01373	0.02919	0.72714	0.06136	0.01594	0.00673	0.00214	0.00337	0.01442	0.00481	0.00447
13	0.02041	0.01504	0.01611	0.01235	0.01665	0.01665	0.01020	0.75997	0.02524	0.03383	0.01289	0.01289	0.00913	0.00644	0.00537	0.00161	0.00591	0.00483	0.00537	0.00913
14	0.56713	0.01342	0.01029	0.00896	0.01232	0.14319	0.00720	0.09733	0.03211	0.05239	0.00910	0.00999	0.00692	0.00536	0.00393	0.00161	0.00529	0.00339	0.00363	0.00644
15	0.01514	0.01242	0.01314	0.01129	0.01464	0.01419	0.00893	0.21389	0.57989	0.02534	0.01958	0.01822	0.01455	0.00707	0.00544	0.00177	0.00467	0.00576	0.00544	0.00866
16	0.01162	0.21508	0.60370	0.01384	0.02098	0.01456	0.01730	0.01678	0.01123	0.01596	0.00912	0.01068	0.00682	0.00498	0.00471	0.00157	0.00741	0.00371	0.00227	0.00768
17	0.02394	0.00936	0.01260	0.00966	0.01382	0.00822	0.00798	0.05424	0.01574	0.75297	0.02086	0.01806	0.01313	0.00664	0.00540	0.00166	0.00462	0.00538	0.00660	0.00914
18	0.00770	0.00561	0.00790	0.00790	0.00861	0.00632	0.00580	0.00912	0.00841	0.01192	0.01504	0.02476	0.01502	0.24218	0.59034	0.00773	0.01198	0.00629	0.00297	0.00439
19	0.01046	0.00666	0.00942	0.02716	0.03094	0.00655	0.00865	0.01283	0.01253	0.10551	0.02679	0.10330	0.02807	0.01355	0.00704	0.00232	0.00486	0.57281	0.00503	0.00551
20	0.01025	0.00977	0.01682	0.76241	0.03656	0.01200	0.04944	0.01388	0.01082	0.01388	0.00960	0.01432	0.00720	0.00533	0.00541	0.00179	0.00724	0.00484	0.00240	0.00602
21	0.01014	0.00954	0.01610	0.79845	0.03697	0.01193	0.01491	0.01371	0.01073	0.01371	0.00954	0.01431	0.00716	0.00537	0.00537	0.00179	0.00716	0.00477	0.00239	0.00596
22	0.02008	0.01487	0.01592	0.01228	0.01652	0.01649	0.01012	0.72589	0.05985	0.03330	0.01331	0.01322	0.00947	0.00648	0.00537	0.00162	0.00583	0.00489	0.00537	0.00910
23	0.01646	0.33464	0.14908	0.01157	0.01611	0.21674	0.01112	0.04832	0.01314	0.10436	0.01001	0.01091	0.00786	0.00599	0.02106	0.00154	0.00718	0.00364	0.00306	0.00720
24	0.01977	0.01331	0.01472	0.01153	0.01556	0.01440	0.00944	0.51648	0.12261	0.16080	0.03511	0.01547	0.01188	0.00671	0.00541	0.00165	0.00537	0.00522	0.00562	0.00894
25	0.00757	0.00632	0.01051	0.01002	0.01119	0.00591	0.13167	0.00911	0.01068	0.01429	0.02644	0.67444	0.03090	0.01475	0.00676	0.00212	0.00411	0.01376	0.00460	0.00484
26	0.01198	0.01245	0.02438	0.16755	0.23856	0.01244	0.36433	0.01572	0.01203	0.01642	0.01162	0.06574	0.00984	0.00555	0.00590	0.00177	0.00757	0.00619	0.00279	0.00717
27	0.01075	0.01016	0.01706	0.58340	0.21461	0.01184	0.01487	0.01415	0.01115	0.01467	0.01139	0.01549	0.03689	0.00554	0.00539	0.00174	0.00680	0.00502	0.00255	0.00652
28	0.02408	0.00914	0.01246	0.00955	0.01370	0.00789	0.00789	0.02616	0.01536	0.78158	0.02118	0.01827	0.01329	0.00664	0.00540	0.00166	0.00457	0.00540	0.00664	0.00914
29	0.01113	0.10756	0.70693	0.01468	0.02227	0.01336	0.01875	0.01691	0.01129	0.01656	0.00941	0.01106	0.00681	0.00505	0.00493	0.00164	0.00771	0.00386	0.00227	0.00783
30	0.01241	0.01630	0.13483	0.02162	0.02739	0.01342	0.65704	0.01717	0.01249	0.01717	0.01069	0.01405	0.00796	0.00460	0.00617	0.00179	0.00890	0.00601	0.00265	0.00733
31	0.01156	0.01099	0.01867	0.45252	0.37178	0.01230	0.01562	0.01496	0.01141	0.01544	0.00979	0.01385	0.00776	0.00510	0.00534	0.00170	0.00680	0.00478	0.00251	0.00711
32	0.02253	0.00879	0.01196	0.00929	0.01317	0.00762	0.00762	0.02465	0.01535	0.71016	0.09202	0.02032	0.01680	0.00705	0.00549	0.00166	0.00438	0.00580	0.00657	0.00875
33	0.01029	0.00985	0.01707	0.75030	0.03642	0.01203	0.06105	0.01393	0.01085	0.01393	0.00962	0.01432	0.00722	0.00531	0.00543	0.00179	0.00727	0.00487	0.00241	0.00604
34	0.01077	0.02777	0.78354	0.01530	0.02323	0.01247	0.01983	0.01700	0.01133	0.01700	0.00963	0.01133	0.00680	0.00510	0.00510	0.00170	0.00793	0.00397	0.00227	0.00793
35	0.01109	0.09811	0.71601	0.01475	0.02239	0.01325	0.01888	0.01692	0.01129	0.01661	0.00944	0.01109	0.00681	0.00505	0.00495	0.00165	0.00774	0.00387	0.00227	0.00784
36	0.02041	0.01504	0.01611	0.01235	0.01665	0.01665	0.01020	0.75997	0.02524	0.03383	0.01289	0.01289	0.00913	0.00644	0.00537	0.00161	0.00591	0.00483	0.00537	0.00913
37	0.01086	0.02722	0.75575	0.01594	0.05076	0.01248	0.01971	0.01698	0.01137	0.01702	0.00965	0.01140	0.00686	0.00509	0.00511	0.00170	0.00788	0.00400	0.00228	0.00795
38	0.01118	0.01054	0.01781	0.50100	0.29530	0.01200	0.01522	0.01458	0.01132	0.01514	0.01044	0.01568	0.00852	0.00552	0.00543	0.00175	0.00680	0.03238	0.00258	0.00681
39	0.00654	0.00467	0.00623	0.00747	0.00779	0.00436	0.00498	0.00747	0.01028	0.01370	0.02959	0.80785	0.03550	0.01682	0.00685	0.00218	0.00311	0.01526	0.00498	0.00436
40	0.01014	0.00954	0.01610	0.79845	0.03697	0.01193	0.01491	0.01371	0.01073	0.01371	0.00954	0.01431	0.00716	0.00537	0.00537	0.00179	0.00716	0.00477	0.00239	0.00596
41	0.01182	0.01345	0.05452	0.02134	0.10561	0.01218	0.54817	0.01578	0.01228	0.01676	0.01381	0.10787	0.02699	0.00620	0.00624	0.00183	0.00790	0.00723	0.00300	0.00701
42	0.01254	0.01540	0.08366	0.02212	0.02772	0.01350	0.70731	0.01718	0.01258	0.01718	0.01077	0.01426	0.00805	0.00456	0.00625	0.00180	0.00897	0.00617	0.00268	0.00729
43	0.01077	0.02777	0.78354	0.01530	0.02323	0.01247	0.01983	0.01700	0.01133	0.01700	0.00963	0.01133	0.00680	0.00510	0.00510	0.00170	0.00793	0.00397	0.00227	0.00793
44	0.01014	0.00954	0.01610	0.79845	0.03697	0.01193	0.01491	0.01371	0.01073	0.01371	0.00954	0.01431	0.00716	0.00537	0.00537	0.00179	0.00716	0.00477	0.00239	0.00596
45	0.01077	0.02777	0.78354	0.01530	0.02323	0.01247	0.01983	0.01700	0.01133	0.01700	0.00963	0.01133	0.00680	0.00510	0.00510	0.00170	0.00793	0.00397	0.00227	0.00793
46	0.01326	0.01511	0.02868	0.04167	0.04632	0.08023	0.61675	0.01772	0.03629	0.01684	0.01085	0.01415	0.00826	0.00483	0.00636	0.00178	0.02500	0.00596	0.00279	0.00716
47	0.00844	0.00587	0.00696	0.04686	0.00964	0.00525	0.00534	0.00992	0.01203	0.09211	0.04240	0.21898	0.47116	0.01324	0.00634	0.00190	0.00328	0.03022	0.00502	0.00504
48	0.01987	0.09782	0.07150	0.00998	0.01421	0.01032	0.00887	0.03703	0.10281	0.50122	0.03748	0.01819	0.03289	0.00666	0.00522	0.00163	0.00484	0.00534	0.00563	0.00851
49	0.01077	0.02777	0.78354	0.01530	0.02323	0.01247	0.01983	0.01700	0.01133	0.01700	0.00963	0.01133	0.00680	0.00510	0.00510	0.00170	0.00793	0.00397	0.00227	0.00793
50	0.01376	0.01366	0.02132	0.03159	0.72393	0.06781	0.01604	0.01683	0.01243	0.01723	0.00997	0.01303	0.00839	0.00484	0.00528	0.00158	0.00661	0.00469	0.00266	0.00834
51	0.00962	0.00884	0.01467	0.68408	0.03275	0.01083	0.01347	0.01281	0.01067	0.01371	0.01244	0.12905	0.01125	0.00702	0.00558	0.00185	0.00657	0.00629	0.00276	0.00573
52	0.01167	0.01110	0.01886	0.42676	0.39671	0.01233	0.01567	0.01505	0.01146	0.01557	0.00981	0.01381	0.00781	0.00508	0.00534	0.00169	0.00678	0.00478	0.00252	0.00720
53	0.01021	0.00969	0.01656	0.77546	0.03671	0.01197	0.03694	0.01382	0.01079	0.01382	0.00958	0.01432	0.00718	0.00534	0.00540	0.00179	0.00721	0.00482	0.00239	0.00600
54	0.01435	0.81458	0.02813	0.00918	0.01378	0.02124	0.00918	0.01607	0.01091	0.01263	0.00746	0.00861	0.00689	0.00459	0.00344	0.00115	0.00574	0.00287	0.00230	0.00689
55	0.00694	0.00495	0.00662	0.00782	0.00827	0.00470	0.00553	0.00810	0.01053	0.01397	0.02891	0.65262	0.03412	0.04688	0.00773	0.00234	0.00350	0.13713	0.00491	0.00442
56	0.01220	0.01036	0.01116	0.01032	0.01302	0.01173	0.00811	0.02468	0.61291	0.02117	0.04434	0.02720	0.07221	0.00865	0.00576	0.00189	0.00417	0.08700	0.00538	0.00774
57	0.00654	0.00467	0.00623	0.00747	0.00779	0.00436	0.00498	0.00747	0.01028	0.01370	0.02959	0.80785	0.03550	0.01682	0.00685	0.00218	0.00311	0.01526	0.00498	0.00436
58	0.01025	0.00966	0.01631	0.77053	0.06399	0.01196	0.01496	0.01382	0.01079	0.01385	0.00956	0.01427	0.00720	0.00535	0.00536	0.00178	0.00713	0.00477	0.00240	0.00606
59	0.02408	0.00914	0.01246	0.00955	0.01370	0.00789	0.00789	0.02616	0.01536	0.78158	0.02118	0.01827	0.01329	0.00664	0.00540	0.00166	0.00457	0.00540	0.00664	0.00914
60	0.01014	0.00954	0.01610	0.79845	0.03697	0.01193	0.01491	0.01371	0.01073	0.01371	0.00954	0.01431	0.00716	0.00537	0.00537	0.00179	0.00716	0.00477	0.00239	0.00596
61	0.00737	0.00537	0.00694	0.00678	0.00794	0.00493	0.00500	0.00961	0.01432	0.02000	0.62722	0.15175	0.08873	0.01196	0.00641	0.00177	0.00263	0.01060	0.00572	0.00493
62	0.02400	0.00949	0.01252	0.00964	0.01377	0.02494	0.00794	0.02606	0.01536	0.76483	0.02090	0.01808	0.01315	0.00662	0.00539	0.00165	0.00468	0.00536	0.00656	0.00907
63	0.02408	0.00914	0.01246	0.00955	0.01370	0.00789	0.00789	0.02616	0.01536	0.78158	0.02118	0.01827	0.01329	0.00664	0.00540	0.00166	0.00457	0.00540	0.00664	0.00914
64	0.01329	0.01275	0.02179	0.03295	0.77787	0.01275	0.01647	0.01647	0.01222	0.01754	0.01010	0.01329	0.00850	0.00478	0.00531	0.00159	0.00638	0.00478	0.00266	0.00850
65	0.02243	0.00950	0.01241	0.00976	0.01374	0.00873	0.00798	0.02652	0.13103	0.66495	0.02128	0.01854	0.01376	0.00674	0.00541	0.00169	0.00452	0.00550	0.00646	0.00904
66	0.01082	0.02740	0.76306	0.01550	0.02336	0.01250	0.03995	0.01700	0.01137	0.01700	0.00967	0.01142	0.00684	0.00508	0.00513	0.00170	0.00796	0.00403	0.00228	0.00791
67	0.01103	0.02589	0.67762	0.01633	0.02391	0.01262	0.12387	0.01703	0.01152	0.01703	0.00981	0.01178	0.00699	0.00502	0.00527	0.00172	0.00809	0.00430	0.00233	0.00784
68	0.01329	0.01275	0.02179	0.03295	0.77787	0.01275	0.01647	0.01647	0.01222	0.01754	0.01010	0.01329	0.00850	0.00478	0.00531	0.00159	0.00638	0.00478	0.00266	0.00850
69	0.01236	0.01283	0.07204	0.27739	0.45982	0.01261	0.01597	0.04274	0.01216	0.01686	0.00999	0.01347	0.00798	0.00505	0.00532	0.00166	0.00672	0.00472	0.00264	0.00767
70	0.00659	0.00471	0.00628	0.00753	0.00786	0.00440	0.00507	0.00756	0.01032	0.01376	0.02956	0.79100	0.03540	0.01677	0.00686	0.00219	0.00316	0.03164	0.00498	0.00437
71	0.01077	0.02777	0.78354	0.01530	0.02323	0.01247	0.01983	0.01700	0.01133	0.01700	0.00963	0.01133	0.00680	0.00510	0.00510	0.00170	0.00793	0.00397	0.00227	0.00793
72	0.00662	0.00473	0.00630	0.00742	0.00780	0.00441	0.00499	0.00767	0.01064	0.01428	0.08470	0.75108	0.03662	0.01639	0.00681	0.00214	0.00307	0.01485	0.00505	0.00441
73	0.00654	0.00467	0.00623	0.00747	0.00779	0.00436	0.00498	0.00747	0.01028	0.01370	0.02959	0.80785	0.03550	0.01682	0.00685	0.00218	0.00311	0.01526	0.00498	0.00436
74	0.00778	0.00531	0.00640	0.00640	0.00659	0.00550	0.00394	0.00816	0.00797	0.01081	0.01641	0.03235	0.01831	0.65884	0.17819	0.00588	0.00702	0.00740	0.00318	0.00356
75	0.00666	0.00490	0.00628	0.00733	0.00794	0.00452	0.00511	0.00777	0.01074	0.01400	0.03340	0.63500	0.15152	0.01617	0.00681	0.00214	0.00318	0.06712	0.00498	0.00443
76	0.01141	0.03272	0.02227	0.36552	0.02971	0.01267	0.32135	0.03515	0.01188	0.01567	0.01182	0.04291	0.02690	0.00575	0.00615	0.00181	0.03116	0.00589	0.00275	0.00651
77	0.00932	0.00466	0.00699	0.00699	0.00699	0.00466	0.00466	0.00699	0.00699	0.00932	0.00932	0.01632	0.00932	0.01865	0.02098	0.84382	0.00466	0.00466	0.00233	0.00233
78	0.01962	0.01343	0.01470	0.01149	0.01550	0.01459	0.00942	0.55606	0.09487	0.13002	0.01575	0.01522	0.02465	0.00668	0.00535	0.00163	0.00541	0.00515	0.03160	0.00886
79	0.01111	0.10418	0.71017	0.01471	0.02231	0.01332	0.01880	0.01691	0.01129	0.01658	0.00942	0.01107	0.00681	0.00505	0.00494	0.00165	0.00772	0.00386	0.00227	0.00783
80	0.01177	0.01183	0.01692	0.01436	0.01453	0.01635	0.03502	0.01305	0.00836	0.01305	0.00717	0.01183	0.00708	0.00924	0.01726	0.00233	0.77682	0.00475	0.00236	0.00591
81	0.01228	0.01280	0.01877	0.04336	0.04097	0.06057	0.13043	0.01416	0.00956	0.01377	0.00807	0.01241	0.00741	0.00881	0.03168	0.00231	0.55912	0.00491	0.00245	0.00617
82	0.01346	0.01274	0.02141	0.05486	0.72739	0.01288	0.01619	0.04425	0.01267	0.01803	0.01019	0.01330	0.00849	0.00486	0.00532	0.00160	0.00638	0.00478	0.00275	0.00845
83	0.01301	0.01255	0.02052	0.13392	0.63347	0.02923	0.01583	0.01667	0.04101	0.01712	0.01043	0.01360	0.00859	0.00497	0.00532	0.00162	0.00647	0.00480	0.00273	0.00811
84	0.00654	0.00467	0.00623	0.00747	0.00779	0.00436	0.00498	0.00747	0.01028	0.01370	0.02959	0.80785	0.03550	0.01682	0.00685	0.00218	0.00311	0.01526	0.00498	0.00436
85	0.13244	0.01178	0.01249	0.00998	0.01358	0.01274	0.00816	0.39688	0.05632	0.13786	0.01452	0.01458	0.01037	0.00628	0.00484	0.00158	0.00485	0.00474	0.13802	0.00799
86	0.01982	0.02457	0.01550	0.01447	0.04512	0.72171	0.01059	0.05848	0.01561	0.01435	0.00860	0.00998	0.00709	0.00555	0.00488	0.00140	0.00937	0.00358	0.00289	0.00645
87	0.00779	0.00526	0.00615	0.00615	0.00625	0.00537	0.00362	0.00800	0.00789	0.01063	0.01664	0.03362	0.01886	0.72880	0.10898	0.00557	0.00619	0.00759	0.00321	0.00342
88	0.00661	0.00528	0.00594	0.00642	0.00765	0.00469	0.00457	0.00815	0.03101	0.01438	0.04326	0.36429	0.44919	0.01477	0.00653	0.00197	0.00292	0.01282	0.00500	0.00456

[dist]
# distance from previous block
# <min> <max>
1	48

[block]
# block no. 7 follows, 45 sequences, length 17
# corresponding to MSA columns:
# 480-496
name=unknown_H
#
# <colnr> <probs for GDERKNQSTAVLIFYWHMCP>
#	G	D	E	R	K	N	Q	S	T	A	V	L	I	F	Y	W	H	M	C	P
0	0.01335	0.01153	0.01214	0.01092	0.01396	0.01335	0.00850	0.02852	0.76817	0.02245	0.02185	0.02003	0.01639	0.00728	0.00546	0.00182	0.00425	0.00607	0.00546	0.00850
1	0.01419	0.01442	0.02058	0.02965	0.65042	0.11623	0.01539	0.01755	0.03845	0.01712	0.01026	0.01304	0.00856	0.00497	0.00526	0.00157	0.00674	0.00465	0.00277	0.00820
2	0.02024	0.00999	0.01234	0.01004	0.01379	0.00985	0.00811	0.02701	0.28506	0.50963	0.02142	0.01890	0.01440	0.00687	0.00542	0.00172	0.00445	0.00564	0.00622	0.00891
3	0.01178	0.02662	0.66456	0.01628	0.07025	0.08422	0.01875	0.01738	0.01175	0.01668	0.00954	0.01130	0.00692	0.00512	0.00509	0.00166	0.00800	0.00397	0.00234	0.00781
4	0.01113	0.00954	0.01113	0.00795	0.01272	0.00716	0.00636	0.01352	0.01113	0.01749	0.00954	0.01113	0.00795	0.00398	0.00398	0.00080	0.00398	0.00318	0.00318	0.84417
5	0.01249	0.01034	0.01341	0.11324	0.01690	0.00965	0.03293	0.07629	0.01224	0.05412	0.01019	0.01220	0.00812	0.00500	0.00565	0.00121	0.07662	0.00387	0.00333	0.52222
6	0.00634	0.00544	0.00544	0.00544	0.00725	0.00453	0.00408	0.00770	0.01224	0.01450	0.05438	0.05166	0.77569	0.01359	0.00634	0.00181	0.00272	0.01133	0.00498	0.00453
7	0.00783	0.00586	0.00842	0.00834	0.00911	0.00678	0.00630	0.00940	0.00848	0.01213	0.01456	0.02312	0.01423	0.16765	0.63771	0.00785	0.03869	0.00606	0.00292	0.00457
8	0.00767	0.00575	0.00863	0.00863	0.00959	0.00671	0.00671	0.00959	0.00863	0.01246	0.01438	0.02109	0.01342	0.04026	0.79008	0.00863	0.01438	0.00575	0.00288	0.00479
9	0.01231	0.00795	0.00979	0.00940	0.01133	0.00807	0.00737	0.15586	0.05631	0.11774	0.02462	0.34366	0.02550	0.01255	0.00643	0.00205	0.00431	0.17323	0.00529	0.00625
10	0.00989	0.00801	0.00941	0.00749	0.01066	0.00644	0.00560	0.01160	0.01033	0.01548	0.01358	0.08383	0.01372	0.19360	0.00978	0.00200	0.00423	0.03161	0.00341	0.54934
11	0.01918	0.01114	0.01373	0.01359	0.13506	0.07296	0.00933	0.03993	0.10475	0.42076	0.08676	0.01885	0.01568	0.00672	0.00543	0.00165	0.00508	0.00560	0.00546	0.00835
12	0.01314	0.01260	0.02152	0.06899	0.74298	0.01272	0.01640	0.01634	0.01215	0.01736	0.01007	0.01333	0.00844	0.00481	0.00532	0.00160	0.00641	0.00478	0.00264	0.00838
13	0.01071	0.00909	0.01068	0.00791	0.01227	0.00690	0.00623	0.01296	0.01105	0.01714	0.01139	0.08466	0.01049	0.00516	0.00424	0.00092	0.00390	0.00430	0.00335	0.76666
14	0.00766	0.07985	0.00834	0.00729	0.00835	0.00631	0.00523	0.02737	0.01091	0.01405	0.03073	0.53061	0.16293	0.06500	0.00770	0.00220	0.00349	0.01268	0.00464	0.00467
15	0.01209	0.20922	0.31918	0.01128	0.01640	0.01320	0.01244	0.08368	0.01296	0.04230	0.06637	0.01910	0.12779	0.00693	0.00530	0.00159	0.02437	0.00535	0.00336	0.00708
16	0.01216	0.27595	0.45901	0.01483	0.06809	0.01532	0.05224	0.01668	0.01132	0.01566	0.00903	0.01075	0.00700	0.00489	0.00465	0.00152	0.00719	0.00379	0.00232	0.00760

[dist]
# distance from previous block
# <min> <max>
0	2

[block]
# block no. 8 follows, 45 sequences, length 40
# corresponding to MSA columns:
# 499-538
name=unknown_I
#
# <colnr> <probs for GDERKNQSTAVLIFYWHMCP>
#	G	D	E	R	K	N	Q	S	T	A	V	L	I	F	Y	W	H	M	C	P
0	0.01465	0.01046	0.05761	0.00939	0.01338	0.00864	0.00794	0.05618	0.11216	0.21471	0.03469	0.08680	0.01440	0.00684	0.00506	0.00143	0.00441	0.02248	0.00469	0.31408
1	0.03414	0.01172	0.03115	0.01054	0.01402	0.04441	0.00854	0.06842	0.40295	0.24604	0.04084	0.01934	0.02926	0.00709	0.00540	0.00173	0.00468	0.00577	0.00557	0.00839
2	0.00898	0.03493	0.07202	0.00858	0.02487	0.00730	0.00684	0.09549	0.01281	0.01688	0.08476	0.32415	0.20364	0.06439	0.00757	0.00210	0.00398	0.01070	0.00463	0.00539
3	0.01071	0.00670	0.00852	0.00792	0.00968	0.00648	0.00607	0.03164	0.06253	0.13834	0.34238	0.16137	0.09842	0.01195	0.02514	0.00199	0.01962	0.03909	0.00557	0.00587
4	0.01113	0.04258	0.72011	0.01488	0.02243	0.01263	0.01890	0.04677	0.01186	0.01752	0.01016	0.02901	0.00753	0.00540	0.00512	0.00170	0.00770	0.00423	0.00245	0.00788
5	0.01231	0.01507	0.09595	0.05294	0.09581	0.01312	0.57866	0.01675	0.01238	0.01699	0.01107	0.03282	0.00867	0.00492	0.00611	0.00179	0.00849	0.00613	0.00271	0.00730
6	0.01336	0.01387	0.02105	0.26871	0.15845	0.12488	0.21391	0.01661	0.01216	0.04053	0.01004	0.01348	0.00782	0.00535	0.00630	0.00173	0.05714	0.00502	0.00271	0.00688
7	0.01299	0.01246	0.02126	0.10411	0.70899	0.01268	0.01633	0.01622	0.01208	0.01718	0.01005	0.01338	0.00838	0.00484	0.00532	0.00161	0.00645	0.00478	0.00263	0.00827
8	0.01144	0.17457	0.64259	0.01416	0.02147	0.01410	0.01785	0.01683	0.01125	0.01618	0.00923	0.01083	0.00682	0.00501	0.00479	0.00160	0.00752	0.00376	0.00227	0.00774
9	0.01248	0.01502	0.09954	0.04101	0.20959	0.01306	0.47646	0.01678	0.01244	0.01727	0.02633	0.01442	0.00896	0.00479	0.00595	0.00174	0.00812	0.00577	0.00272	0.00754
10	0.01418	0.05515	0.10436	0.00918	0.01268	0.00882	0.00830	0.01853	0.11801	0.25995	0.18843	0.02694	0.13596	0.00843	0.00561	0.00169	0.00427	0.00701	0.00530	0.00719
