[name]
unknown

[dist]
# distance from previous block
# <min> <max>
0	5

[block]
# block no. 0 follows, 48 sequences, length 38
# corresponding to MSA columns:
# 5-42
name=unknown_A
#
# <colnr> <probs for GDERKNQSTAVLIFYWHMCP>
#	G	D	E	R	K	N	Q	S	T	A	V	L	I	F	Y	W	H	M	C	P
0	0.02832	0.00997	0.05560	0.01227	0.09294	0.02218	0.00962	0.11249	0.06013	0.10331	0.01972	0.03386	0.01875	0.00950	0.00590	0.00190	0.00508	0.34655	0.00447	0.04743
1	0.11916	0.07275	0.01485	0.01274	0.05211	0.41097	0.05189	0.04767	0.07700	0.01578	0.01079	0.07150	0.00952	0.00606	0.00468	0.00147	0.00711	0.00453	0.00314	0.00626
2	0.01372	0.82276	0.02689	0.00878	0.01317	0.02030	0.00878	0.01536	0.01043	0.01207	0.00713	0.00823	0.00658	0.00439	0.00329	0.00110	0.00549	0.00274	0.00219	0.00658
3	0.01316	0.01112	0.01253	0.03021	0.07629	0.01261	0.00878	0.11003	0.56898	0.02149	0.01846	0.01853	0.01423	0.05251	0.00638	0.00188	0.00452	0.00563	0.00481	0.00785
4	0.00772	0.00517	0.00676	0.00677	0.00785	0.00474	0.00492	0.00957	0.01288	0.05863	0.46695	0.29028	0.07390	0.01219	0.00617	0.00177	0.00271	0.01085	0.00536	0.00481
5	0.01354	0.78063	0.06743	0.00909	0.01365	0.01986	0.00932	0.01541	0.01045	0.01229	0.00724	0.00837	0.00658	0.00442	0.00338	0.00113	0.00560	0.00280	0.00219	0.00664
6	0.01230	0.01179	0.02011	0.13353	0.68873	0.01209	0.01555	0.01540	0.01150	0.01628	0.00958	0.01283	0.00796	0.00465	0.00509	0.00155	0.00619	0.00457	0.00251	0.00781
7	0.00625	0.00447	0.00595	0.00714	0.00744	0.00417	0.00476	0.00714	0.00982	0.01310	0.02828	0.81633	0.03394	0.01608	0.00655	0.00208	0.00298	0.01459	0.00476	0.00417
8	0.00807	0.00543	0.00709	0.00657	0.00794	0.00497	0.00496	0.01044	0.01447	0.06120	0.72787	0.03747	0.06325	0.01033	0.00600	0.00162	0.00253	0.00910	0.00567	0.00504
9	0.00663	0.00522	0.00598	0.00579	0.00728	0.00457	0.00434	0.00845	0.01302	0.01702	0.39630	0.04419	0.43930	0.01182	0.00606	0.00168	0.00252	0.01010	0.00518	0.00457
10	0.00746	0.00497	0.00560	0.00560	0.00560	0.00497	0.00311	0.00746	0.00746	0.00995	0.01617	0.03358	0.01865	0.81967	0.02612	0.00497	0.00497	0.00746	0.00311	0.00311
11	0.00628	0.00448	0.00594	0.00710	0.00739	0.00419	0.00472	0.00715	0.00976	0.01301	0.02795	0.79499	0.03352	0.03798	0.00708	0.00216	0.00303	0.01439	0.00472	0.00414
12	0.02302	0.00873	0.01191	0.00913	0.01310	0.00754	0.00754	0.02501	0.01469	0.79122	0.02024	0.01746	0.01270	0.00635	0.00516	0.00159	0.00437	0.00516	0.00635	0.00873
13	0.01270	0.01219	0.02083	0.03149	0.78767	0.01219	0.01575	0.01575	0.01168	0.01676	0.00965	0.01270	0.00813	0.00457	0.00508	0.00152	0.00610	0.00457	0.00254	0.00813
14	0.00969	0.00912	0.01539	0.80734	0.03534	0.01140	0.01425	0.01311	0.01026	0.01311	0.00912	0.01368	0.00684	0.00513	0.00513	0.00171	0.00684	0.00456	0.00228	0.00570
15	0.01372	0.82276	0.02689	0.00878	0.01317	0.02030	0.00878	0.01536	0.01043	0.01207	0.00713	0.00823	0.00658	0.00439	0.00329	0.00110	0.00549	0.00274	0.00219	0.00658
16	0.85592	0.00992	0.00754	0.00675	0.00992	0.01151	0.00556	0.01508	0.00873	0.02302	0.00714	0.00834	0.00556	0.00476	0.00318	0.00159	0.00397	0.00278	0.00318	0.00556
17	0.00606	0.00520	0.00520	0.00520	0.00693	0.00433	0.00390	0.00736	0.01170	0.01386	0.05198	0.04938	0.78558	0.01299	0.00606	0.00173	0.00260	0.01083	0.00476	0.00433
18	0.01372	0.82276	0.02689	0.00878	0.01317	0.02030	0.00878	0.01536	0.01043	0.01207	0.00713	0.00823	0.00658	0.00439	0.00329	0.00110	0.00549	0.00274	0.00219	0.00658
19	0.01270	0.01219	0.02083	0.03149	0.78767	0.01219	0.01575	0.01575	0.01168	0.01676	0.00965	0.01270	0.00813	0.00457	0.00508	0.00152	0.00610	0.00457	0.00254	0.00813
20	0.00630	0.00450	0.00600	0.00711	0.00745	0.00420	0.00477	0.00727	0.01005	0.01346	0.06493	0.77864	0.03464	0.01580	0.00653	0.00206	0.00295	0.01433	0.00481	0.00420
21	0.00726	0.00524	0.00686	0.00646	0.00767	0.00484	0.00484	0.00968	0.01452	0.02058	0.78496	0.03833	0.04841	0.01049	0.00605	0.00161	0.00242	0.00928	0.00565	0.00484
22	0.01270	0.01219	0.02083	0.03149	0.78767	0.01219	0.01575	0.01575	0.01168	0.01676	0.00965	0.01270	0.00813	0.00457	0.00508	0.00152	0.00610	0.00457	0.00254	0.00813
23	0.01276	0.01102	0.01160	0.01044	0.01334	0.01276	0.00812	0.02727	0.77840	0.02146	0.02088	0.01914	0.01566	0.00696	0.00522	0.00174	0.00406	0.00580	0.00522	0.00812
24	0.00733	0.00495	0.00580	0.00592	0.00601	0.00498	0.00349	0.00753	0.00776	0.01040	0.01729	0.11485	0.01990	0.68723	0.07173	0.00487	0.00531	0.00809	0.00326	0.00331
25	0.01211	0.01384	0.03028	0.02163	0.02682	0.01298	0.76903	0.01644	0.01211	0.01644	0.01038	0.01384	0.00779	0.00433	0.00606	0.00173	0.00865	0.00606	0.00260	0.00692
26	0.00733	0.00550	0.00825	0.00825	0.00916	0.00641	0.00641	0.00916	0.00825	0.01191	0.01374	0.02016	0.01283	0.03848	0.79934	0.00825	0.01374	0.00550	0.00275	0.00458
27	0.00785	0.00586	0.00737	0.00688	0.00827	0.00569	0.00519	0.01156	0.09626	0.02067	0.70320	0.03628	0.04491	0.01011	0.00596	0.00163	0.00260	0.00891	0.00560	0.00519
28	0.10758	0.01335	0.01423	0.01101	0.01501	0.01463	0.00909	0.61782	0.02158	0.10617	0.01256	0.01241	0.00879	0.00603	0.00493	0.00155	0.00534	0.00448	0.00505	0.00839
29	0.01270	0.01219	0.02083	0.03149	0.78767	0.01219	0.01575	0.01575	0.01168	0.01676	0.00965	0.01270	0.00813	0.00457	0.00508	0.00152	0.00610	0.00457	0.00254	0.00813
30	0.00635	0.00454	0.00607	0.00726	0.00760	0.00426	0.00494	0.00732	0.00992	0.01321	0.02822	0.77798	0.03371	0.01598	0.00658	0.00210	0.00307	0.05192	0.00476	0.00420
31	0.03263	0.00702	0.00896	0.00763	0.00998	0.00649	0.00600	0.05775	0.01475	0.28038	0.41525	0.04897	0.06487	0.00897	0.00565	0.00162	0.00332	0.00768	0.00574	0.00635
32	0.01282	0.01359	0.01492	0.01281	0.01384	0.19255	0.05011	0.01431	0.01006	0.01349	0.02753	0.01237	0.00843	0.00764	0.01191	0.00189	0.48580	0.00445	0.08583	0.00566
33	0.00890	0.00482	0.00719	0.00709	0.00715	0.00508	0.00489	0.00710	0.00685	0.00927	0.00916	0.01573	0.00909	0.01889	0.07459	0.75469	0.04017	0.00453	0.00227	0.00254
34	0.09686	0.01080	0.01594	0.06418	0.03340	0.01359	0.09359	0.01393	0.00915	0.06885	0.00870	0.01230	0.00750	0.00901	0.05200	0.00233	0.47458	0.00459	0.00270	0.00598
35	0.01064	0.00611	0.00792	0.00737	0.00898	0.00566	0.00551	0.04503	0.01342	0.17247	0.35202	0.25423	0.04881	0.02966	0.00644	0.00182	0.00317	0.00975	0.00544	0.00555
36	0.01087	0.08574	0.65069	0.01364	0.02041	0.01239	0.01694	0.05830	0.01150	0.01668	0.01019	0.05144	0.00802	0.00548	0.00485	0.00160	0.00708	0.00430	0.00247	0.00740
37	0.01642	0.01175	0.03207	0.09529	0.06199	0.03106	0.00965	0.21947	0.19444	0.19607	0.03207	0.01562	0.01172	0.00613	0.00510	0.00158	0.00512	0.00499	0.00476	0.04470

[dist]
# distance from previous block
# <min> <max>
0	5

[block]
# block no. 1 follows, 48 sequences, length 38
# corresponding to MSA columns:
# 48-85
name=unknown_B
#
# <colnr> <probs for GDERKNQSTAVLIFYWHMCP>
#	G	D	E	R	K	N	Q	S	T	A	V	L	I	F	Y	W	H	M	C	P
0	0.04812	0.01154	0.01309	0.01209	0.07865	0.01263	0.00888	0.28070	0.29702	0.08848	0.03033	0.04720	0.03425	0.00692	0.00518	0.00165	0.00469	0.00565	0.00496	0.00797
1	0.01246	0.01267	0.01446	0.08620	0.02918	0.16639	0.05411	0.07199	0.01172	0.01506	0.07078	0.03192	0.01229	0.01059	0.08371	0.00243	0.26829	0.03689	0.00304	0.00582
2	0.01101	0.00921	0.01110	0.00794	0.01250	0.00699	0.02249	0.01333	0.01078	0.03785	0.00945	0.01089	0.00774	0.00388	0.00389	0.00080	0.00392	0.00316	0.00312	0.80995
3	0.08169	0.33765	0.19183	0.02339	0.03779	0.10737	0.01073	0.01592	0.01119	0.04765	0.05136	0.01217	0.00955	0.03613	0.00498	0.00150	0.00608	0.00377	0.00273	0.00654
4	0.00897	0.00556	0.00710	0.00738	0.02414	0.00504	0.00518	0.01033	0.01146	0.12217	0.13852	0.33931	0.18270	0.07642	0.00772	0.00210	0.00329	0.03273	0.00493	0.00494
5	0.02240	0.00913	0.01208	0.00933	0.01326	0.00821	0.00768	0.06513	0.04769	0.71772	0.01984	0.01726	0.01261	0.00637	0.00516	0.00159	0.00442	0.00516	0.00624	0.00871
6	0.08196	0.09540	0.06373	0.09269	0.10304	0.03691	0.13761	0.05999	0.14891	0.07123	0.01192	0.01335	0.00906	0.00548	0.00551	0.00162	0.04637	0.00466	0.00339	0.00717
7	0.00977	0.00920	0.01554	0.78632	0.05572	0.01142	0.01429	0.01318	0.01030	0.01321	0.00913	0.01365	0.00687	0.00511	0.00513	0.00170	0.00682	0.00456	0.00229	0.00577
8	0.01787	0.00752	0.00997	0.00811	0.01082	0.00677	0.00626	0.01930	0.01234	0.53319	0.01876	0.02205	0.01435	0.23223	0.05449	0.00289	0.00505	0.00581	0.00526	0.00696
9	0.01270	0.01219	0.02083	0.03149	0.78767	0.01219	0.01575	0.01575	0.01168	0.01676	0.00965	0.01270	0.00813	0.00457	0.00508	0.00152	0.00610	0.00457	0.00254	0.00813
10	0.01521	0.01518	0.02153	0.01844	0.12236	0.17959	0.32790	0.10791	0.01413	0.07811	0.01145	0.04338	0.00907	0.00539	0.00546	0.00160	0.00753	0.00536	0.00328	0.00713
11	0.00847	0.00447	0.00652	0.00672	0.00680	0.00441	0.00449	0.00688	0.00732	0.00987	0.01241	0.15281	0.01330	0.01725	0.01736	0.68579	0.00416	0.00620	0.02218	0.00262
12	0.01029	0.02654	0.79309	0.01462	0.02221	0.01192	0.01896	0.01625	0.01083	0.01625	0.00921	0.01083	0.00650	0.00487	0.00487	0.00162	0.00758	0.00379	0.00217	0.00758
13	0.00819	0.00622	0.00766	0.00712	0.00862	0.00617	0.00539	0.01264	0.14284	0.02073	0.65661	0.03511	0.04291	0.00990	0.00591	0.00164	0.00270	0.00870	0.00558	0.00539
14	0.02191	0.00998	0.01261	0.00973	0.01369	0.00946	0.00802	0.17826	0.04572	0.60599	0.01864	0.01647	0.01200	0.00633	0.00516	0.00158	0.00462	0.00507	0.00606	0.00871
15	0.01917	0.01191	0.01333	0.01035	0.01408	0.01262	0.00851	0.50492	0.02032	0.21075	0.01472	0.01434	0.01019	0.00618	0.00496	0.00151	0.00496	0.00477	0.10414	0.00827
16	0.85592	0.00992	0.00754	0.00675	0.00992	0.01151	0.00556	0.01508	0.00873	0.02302	0.00714	0.00834	0.00556	0.00476	0.00318	0.00159	0.00397	0.00278	0.00318	0.00556
17	0.00630	0.00456	0.00598	0.00709	0.00751	0.00423	0.00481	0.00726	0.01000	0.01321	0.02974	0.74496	0.08124	0.01582	0.00653	0.00207	0.00301	0.03671	0.00476	0.00419
18	0.01978	0.01393	0.01513	0.01160	0.01569	0.01526	0.00958	0.71217	0.02339	0.09177	0.01294	0.01272	0.00904	0.00617	0.00514	0.00154	0.00555	0.00466	0.00523	0.00873
19	0.00969	0.00912	0.01539	0.80734	0.03534	0.01140	0.01425	0.01311	0.01026	0.01311	0.00912	0.01368	0.00684	0.00513	0.00513	0.00171	0.00684	0.00456	0.00228	0.00570
20	0.01270	0.01219	0.02083	0.03149	0.78767	0.01219	0.01575	0.01575	0.01168	0.01676	0.00965	0.01270	0.00813	0.00457	0.00508	0.00152	0.00610	0.00457	0.00254	0.00813
21	0.02180	0.00842	0.01141	0.00884	0.01258	0.00731	0.00727	0.02382	0.01453	0.72714	0.05398	0.01845	0.01430	0.00652	0.00514	0.00157	0.00420	0.00533	0.03898	0.00841
22	0.00746	0.00497	0.00560	0.00560	0.00560	0.00497	0.00311	0.00746	0.00746	0.00995	0.01617	0.03358	0.01865	0.81967	0.02612	0.00497	0.00497	0.00746	0.00311	0.00311
23	0.00969	0.00912	0.01539	0.80734	0.03534	0.01140	0.01425	0.01311	0.01026	0.01311	0.00912	0.01368	0.00684	0.00513	0.00513	0.00171	0.00684	0.00456	0.00228	0.00570
24	0.01438	0.01157	0.01236	0.01061	0.01369	0.01308	0.00837	0.26060	0.47983	0.02425	0.01876	0.07942	0.01490	0.00742	0.00530	0.00170	0.00448	0.00612	0.00516	0.00800
25	0.85592	0.00992	0.00754	0.00675	0.00992	0.01151	0.00556	0.01508	0.00873	0.02302	0.00714	0.00834	0.00556	0.00476	0.00318	0.00159	0.00397	0.00278	0.00318	0.00556
26	0.00969	0.00912	0.01539	0.80734	0.03534	0.01140	0.01425	0.01311	0.01026	0.01311	0.00912	0.01368	0.00684	0.00513	0.00513	0.00171	0.00684	0.00456	0.00228	0.00570
27	0.01033	0.00708	0.00792	0.00710	0.00804	0.00744	0.00473	0.18193	0.01121	0.01499	0.01472	0.02731	0.01562	0.57082	0.02084	0.07042	0.00509	0.00658	0.00350	0.00432
28	0.00625	0.00447	0.00595	0.00714	0.00744	0.00417	0.00476	0.00714	0.00982	0.01310	0.02828	0.81633	0.03394	0.01608	0.00655	0.00208	0.00298	0.01459	0.00476	0.00417
29	0.06006	0.01192	0.01195	0.01052	0.01356	0.04652	0.00825	0.11283	0.61588	0.02244	0.01858	0.01734	0.01392	0.00668	0.00507	0.00169	0.00446	0.00539	0.00499	0.00796
30	0.81024	0.00986	0.00778	0.00688	0.01010	0.01129	0.00567	0.01563	0.00906	0.06515	0.00786	0.00884	0.00595	0.00485	0.00328	0.00159	0.00399	0.00291	0.00335	0.00573
31	0.00725	0.00489	0.00566	0.00587	0.00592	0.00483	0.00340	0.00741	0.00787	0.01050	0.01828	0.17011	0.02132	0.67950	0.02270	0.00447	0.00463	0.00870	0.00340	0.00329
32	0.01917	0.02445	0.01454	0.01322	0.01586	0.79907	0.00991	0.02049	0.01454	0.01256	0.00793	0.00925	0.00661	0.00529	0.00463	0.00132	0.00925	0.00330	0.00264	0.00595
33	0.06595	0.01038	0.01149	0.00944	0.01285	0.08465	0.00756	0.02320	0.12871	0.50534	0.03461	0.05482	0.01391	0.00680	0.00509	0.00161	0.00466	0.00548	0.00556	0.00790
34	0.00629	0.00460	0.00592	0.00696	0.00747	0.00424	0.00475	0.00728	0.01012	0.01326	0.03130	0.69516	0.13068	0.01562	0.00650	0.00205	0.00298	0.03584	0.00476	0.00421
35	0.00969	0.00912	0.01539	0.80734	0.03534	0.01140	0.01425	0.01311	0.01026	0.01311	0.00912	0.01368	0.00684	0.00513	0.00513	0.00171	0.00684	0.00456	0.00228	0.00570
36	0.01102	0.00927	0.01476	0.67021	0.03154	0.01123	0.01315	0.01537	0.08253	0.07483	0.01109	0.01449	0.00813	0.00540	0.00514	0.00170	0.00639	0.00472	0.00287	0.00616
37	0.04799	0.01614	0.01363	0.01127	0.01476	0.28125	0.00891	0.25675	0.07920	0.13626	0.01227	0.01232	0.00896	0.00572	0.00480	0.00143	0.00636	0.00416	0.00424	0.07358

[dist]
# distance from previous block
# <min> <max>
2	7

[block]
# block no. 2 follows, 48 sequences, length 73
# corresponding to MSA columns:
# 93-165
name=unknown_C
#
# <colnr> <probs for GDERKNQSTAVLIFYWHMCP>
#	G	D	E	R	K	N	Q	S	T	A	V	L	I	F	Y	W	H	M	C	P
0	0.00769	0.00503	0.00597	0.00608	0.00656	0.00483	0.00386	0.00799	0.00871	0.03781	0.02315	0.16615	0.13621	0.44920	0.04159	0.06856	0.00448	0.00881	0.00367	0.00364
1	0.11496	0.01013	0.01724	0.42112	0.05906	0.01121	0.18310	0.01394	0.01055	0.01549	0.01013	0.04574	0.00821	0.00530	0.00507	0.00166	0.00651	0.00504	0.02060	0.03493
2	0.01230	0.00639	0.00826	0.00761	0.00908	0.00610	0.00549	0.01369	0.02911	0.26034	0.05795	0.26000	0.02226	0.23617	0.01186	0.00271	0.03162	0.00879	0.00477	0.00550
3	0.00625	0.00447	0.00595	0.00714	0.00744	0.00417	0.00476	0.00714	0.00982	0.01310	0.02828	0.81633	0.03394	0.01608	0.00655	0.00208	0.00298	0.01459	0.00476	0.00417
4	0.04294	0.00948	0.01206	0.00943	0.01328	0.00889	0.00774	0.08856	0.09302	0.62860	0.01930	0.01696	0.01248	0.00636	0.00511	0.00160	0.00443	0.00512	0.00605	0.00859
5	0.00702	0.00522	0.00652	0.00623	0.00752	0.00473	0.00466	0.00920	0.01390	0.01916	0.63153	0.05339	0.18983	0.01106	0.00606	0.00164	0.00246	0.00967	0.00546	0.00473
6	0.00657	0.00462	0.00595	0.00679	0.00710	0.00438	0.00444	0.00740	0.00972	0.01305	0.08369	0.60343	0.03205	0.17322	0.01035	0.00261	0.00333	0.01278	0.00451	0.00401
7	0.15922	0.00923	0.01138	0.00888	0.01273	0.00864	0.00734	0.06343	0.01422	0.62466	0.01767	0.01569	0.01132	0.00608	0.00483	0.00159	0.00437	0.00474	0.00577	0.00821
8	0.01841	0.02325	0.01414	0.01290	0.01544	0.74861	0.00969	0.01977	0.01414	0.01252	0.00830	0.00995	0.00701	0.00740	0.05522	0.00176	0.00954	0.00344	0.00265	0.00586
9	0.11907	0.01035	0.01231	0.00955	0.01347	0.01020	0.00789	0.21909	0.01646	0.50306	0.01664	0.01505	0.01083	0.00612	0.00492	0.00158	0.00466	0.00474	0.00566	0.00836
10	0.85592	0.00992	0.00754	0.00675	0.00992	0.01151	0.00556	0.01508	0.00873	0.02302	0.00714	0.00834	0.00556	0.00476	0.00318	0.00159	0.00397	0.00278	0.00318	0.00556
11	0.01029	0.02654	0.79309	0.01462	0.02221	0.01192	0.01896	0.01625	0.01083	0.01625	0.00921	0.01083	0.00650	0.00487	0.00487	0.00162	0.00758	0.00379	0.00217	0.00758
12	0.00821	0.00583	0.00806	0.00916	0.01025	0.00583	0.00787	0.01039	0.01148	0.01494	0.02633	0.05602	0.02870	0.07569	0.00854	0.00256	0.00474	0.69619	0.00460	0.00460
13	0.00718	0.00524	0.00675	0.00637	0.00762	0.00481	0.00478	0.00953	0.01433	0.02012	0.73570	0.03907	0.09795	0.01066	0.00605	0.00162	0.00243	0.00938	0.00559	0.00481
14	0.00733	0.00550	0.00825	0.00825	0.00916	0.00641	0.00641	0.00916	0.00825	0.01191	0.01374	0.02016	0.01283	0.03848	0.79934	0.00825	0.01374	0.00550	0.00275	0.00458
15	0.00759	0.00494	0.00577	0.00577	0.00579	0.00497	0.00332	0.00744	0.00741	0.00991	0.01543	0.03155	0.01760	0.72431	0.04666	0.08316	0.00517	0.00713	0.00302	0.00307
16	0.00781	0.00524	0.00588	0.00577	0.00589	0.00529	0.00330	0.02935	0.00794	0.01059	0.01606	0.03297	0.01837	0.79634	0.02551	0.00488	0.00499	0.00738	0.00317	0.00327
17	0.00746	0.00497	0.00560	0.00560	0.00560	0.00497	0.00311	0.00746	0.00746	0.00995	0.01617	0.03358	0.01865	0.81967	0.02612	0.00497	0.00497	0.00746	0.00311	0.00311
18	0.01372	0.82276	0.02689	0.00878	0.01317	0.02030	0.00878	0.01536	0.01043	0.01207	0.00713	0.00823	0.00658	0.00439	0.00329	0.00110	0.00549	0.00274	0.00219	0.00658
19	0.01123	0.01123	0.01572	0.01347	0.01347	0.01572	0.01123	0.01235	0.00786	0.01235	0.00674	0.01123	0.00674	0.00898	0.01684	0.00225	0.81028	0.00449	0.00225	0.00561
20	0.00724	0.00490	0.00564	0.00583	0.00592	0.00483	0.00339	0.00741	0.00794	0.01054	0.01899	0.15712	0.04063	0.67266	0.02253	0.00444	0.00460	0.00867	0.00341	0.00331
21	0.00839	0.00662	0.00781	0.00823	0.00938	0.00699	0.00587	0.01375	0.26210	0.01584	0.02585	0.55466	0.02794	0.01308	0.00611	0.00197	0.00333	0.01170	0.00491	0.00547
22	0.00891	0.00446	0.00668	0.00668	0.00668	0.00446	0.00446	0.00668	0.00668	0.00891	0.00891	0.01560	0.00891	0.01783	0.02005	0.85071	0.00446	0.00446	0.00223	0.00223
23	0.00646	0.00461	0.00619	0.00738	0.00777	0.00435	0.00513	0.00751	0.01003	0.01333	0.02817	0.73771	0.03348	0.01588	0.00660	0.00211	0.00316	0.09114	0.00476	0.00423
24	0.02009	0.01343	0.01482	0.01136	0.01544	0.01451	0.00938	0.64594	0.02255	0.15918	0.01364	0.01318	0.00939	0.00619	0.00514	0.00155	0.00543	0.00471	0.00534	0.00873
25	0.00994	0.00938	0.01585	0.74213	0.09858	0.01147	0.01438	0.01333	0.01038	0.01342	0.00916	0.01360	0.00695	0.00508	0.00513	0.00169	0.00678	0.00456	0.00230	0.00590
26	0.00762	0.00560	0.00618	0.00591	0.00769	0.00489	0.00447	0.00957	0.03522	0.06663	0.19357	0.06239	0.54791	0.01195	0.00599	0.00171	0.00273	0.01009	0.00506	0.00483
27	0.76274	0.01161	0.03527	0.00751	0.01080	0.07167	0.00635	0.01554	0.00925	0.02199	0.00728	0.00849	0.00567	0.00481	0.00335	0.00157	0.00450	0.00285	0.00310	0.00566
28	0.00947	0.00691	0.00822	0.00755	0.00918	0.00706	0.00568	0.04118	0.17693	0.04696	0.44379	0.03267	0.04702	0.10594	0.00823	0.00206	0.00332	0.02702	0.00522	0.00560
29	0.00634	0.00468	0.00589	0.00682	0.00741	0.00430	0.00468	0.00734	0.01016	0.01321	0.03214	0.61468	0.17149	0.04602	0.00723	0.00214	0.00305	0.04354	0.00470	0.00418
30	0.01366	0.69870	0.10441	0.00961	0.01424	0.06121	0.00988	0.01573	0.01069	0.01252	0.00739	0.00855	0.00658	0.00449	0.00353	0.00116	0.00590	0.00288	0.00222	0.00665
31	0.02957	0.00974	0.01172	0.00892	0.01300	0.00876	0.00725	0.11886	0.06727	0.32190	0.02753	0.01454	0.01095	0.00545	0.00463	0.00128	0.00426	0.00437	0.00481	0.32518
32	0.02819	0.03329	0.01685	0.04187	0.36286	0.13931	0.01191	0.14983	0.03014	0.03784	0.01017	0.01246	0.00823	0.00636	0.00639	0.08339	0.00625	0.00433	0.00314	0.00718
33	0.00645	0.00467	0.00619	0.00706	0.00755	0.00446	0.00484	0.00752	0.01000	0.01341	0.07590	0.62709	0.07097	0.04080	0.08458	0.00272	0.00403	0.01296	0.00458	0.00423
34	0.07604	0.00881	0.01163	0.00898	0.01290	0.00779	0.00742	0.02437	0.01431	0.74232	0.01941	0.01688	0.01225	0.00625	0.00503	0.00159	0.00434	0.00501	0.00615	0.00853
35	0.01133	0.07190	0.01677	0.36076	0.25219	0.01133	0.01267	0.01428	0.01117	0.04454	0.05894	0.01440	0.01014	0.00517	0.00491	0.00151	0.00586	0.00461	0.00279	0.08472
36	0.01047	0.00992	0.01680	0.60595	0.23062	0.01161	0.01464	0.01379	0.01063	0.01406	0.00926	0.01343	0.00717	0.00499	0.00512	0.00166	0.00665	0.00456	0.00235	0.00633
37	0.00945	0.00655	0.00848	0.00896	0.01029	0.00667	0.00742	0.04655	0.06057	0.04517	0.02419	0.06986	0.02553	0.13503	0.00967	0.00264	0.00470	0.50866	0.00459	0.00502
38	0.01897	0.01328	0.01437	0.01110	0.01497	0.01453	0.00914	0.66517	0.02250	0.07964	0.01316	0.01317	0.00932	0.00616	0.00502	0.00152	0.00532	0.00467	0.06959	0.00843
39	0.00738	0.00510	0.00633	0.00638	0.00664	0.00533	0.00407	0.00791	0.00777	0.01061	0.01600	0.06185	0.01770	0.57546	0.23462	0.00574	0.00727	0.00722	0.00308	0.00355
40	0.00635	0.00521	0.00559	0.00550	0.00711	0.00445	0.00412	0.00791	0.01237	0.01545	0.22589	0.04676	0.61068	0.01240	0.00606	0.00170	0.00256	0.01046	0.00497	0.00445
41	0.01951	0.01437	0.01540	0.01181	0.01591	0.01591	0.00975	0.77056	0.02412	0.03234	0.01232	0.01232	0.00873	0.00616	0.00513	0.00154	0.00565	0.00462	0.00513	0.00873
42	0.02288	0.00896	0.01205	0.00924	0.01321	0.00788	0.00763	0.05539	0.01507	0.76029	0.01992	0.01725	0.01254	0.00634	0.00516	0.00159	0.00442	0.00514	0.00630	0.00873
43	0.00795	0.00536	0.00600	0.00585	0.00602	0.00542	0.00338	0.03856	0.00814	0.01086	0.01601	0.03271	0.01825	0.78652	0.02526	0.00483	0.00500	0.00735	0.00319	0.00334
44	0.85592	0.00992	0.00754	0.00675	0.00992	0.01151	0.00556	0.01508	0.00873	0.02302	0.00714	0.00834	0.00556	0.00476	0.00318	0.00159	0.00397	0.00278	0.00318	0.00556
45	0.01029	0.02654	0.79309	0.01462	0.02221	0.01192	0.01896	0.01625	0.01083	0.01625	0.00921	0.01083	0.00650	0.00487	0.00487	0.00162	0.00758	0.00379	0.00217	0.00758
46	0.02029	0.01258	0.01419	0.01091	0.01491	0.01332	0.00900	0.54450	0.02119	0.24627	0.01465	0.01391	0.00994	0.00621	0.00511	0.00155	0.00522	0.00478	0.02283	0.00865
47	0.00722	0.00507	0.00625	0.00615	0.00683	0.00482	0.00415	0.00854	0.01132	0.01565	0.40255	0.10669	0.05583	0.32097	0.01378	0.00295	0.00345	0.00910	0.00457	0.00410
48	0.73813	0.00991	0.00809	0.00713	0.01017	0.01140	0.00581	0.07224	0.00978	0.02283	0.00765	0.00910	0.00601	0.00570	0.00440	0.05564	0.00413	0.00303	0.00326	0.00559
49	0.00733	0.00550	0.00825	0.00825	0.00916	0.00641	0.00641	0.00916	0.00825	0.01191	0.01374	0.02016	0.01283	0.03848	0.79934	0.00825	0.01374	0.00550	0.00275	0.00458
50	0.00720	0.00554	0.00661	0.00629	0.00775	0.00511	0.00473	0.00993	0.05478	0.01859	0.52236	0.04064	0.26940	0.01106	0.00601	0.00166	0.00256	0.00956	0.00536	0.00486
51	0.00762	0.00496	0.00553	0.00553	0.00563	0.00496	0.00315	0.00780	0.00771	0.01065	0.01621	0.03247	0.01823	0.75754	0.02440	0.00469	0.00478	0.00726	0.06764	0.00324
52	0.00746	0.00497	0.00560	0.00560	0.00560	0.00497	0.00311	0.00746	0.00746	0.00995	0.01617	0.03358	0.01865	0.81967	0.02612	0.00497	0.00497	0.00746	0.00311	0.00311
53	0.00685	0.00564	0.00591	0.00576	0.00750	0.00506	0.00435	0.00935	0.07062	0.01555	0.15229	0.04461	0.59948	0.01197	0.00592	0.00170	0.00268	0.01005	0.03001	0.00471
54	0.00857	0.00592	0.00677	0.00635	0.00819	0.00533	0.00483	0.01107	0.06152	0.09632	0.24514	0.06743	0.43075	0.01135	0.00593	0.00170	0.00284	0.00963	0.00520	0.00516
55	0.01415	0.00958	0.01232	0.01042	0.01335	0.00972	0.06598	0.24326	0.04512	0.14586	0.02344	0.05756	0.12105	0.00937	0.00588	0.00182	0.00487	0.19448	0.00497	0.00681
56	0.01335	0.73827	0.10819	0.00940	0.01413	0.01941	0.00986	0.01546	0.01047	0.01252	0.00735	0.00851	0.00658	0.00444	0.00346	0.00115	0.00571	0.00285	0.00219	0.00669
57	0.00793	0.00501	0.00607	0.00624	0.00674	0.00485	0.00404	0.00877	0.00952	0.04472	0.10876	0.24467	0.02543	0.38892	0.02956	0.00339	0.00404	0.00924	0.07810	0.00400
58	0.00700	0.00590	0.00603	0.00585	0.00771	0.00533	0.00443	0.03163	0.07063	0.01510	0.06166	0.05922	0.67676	0.01234	0.00598	0.00173	0.00280	0.01030	0.00483	0.00476
59	0.00906	0.00568	0.00752	0.00792	0.00915	0.00538	0.00626	0.01076	0.01155	0.09876	0.10131	0.21952	0.09149	0.08395	0.00824	0.00232	0.00392	0.30748	0.00486	0.00487
60	0.00635	0.00512	0.00570	0.00609	0.00745	0.00447	0.00457	0.00768	0.01131	0.01386	0.04415	0.21494	0.54054	0.01379	0.00628	0.00188	0.00292	0.09382	0.00476	0.00434
61	0.01196	0.01062	0.01657	0.34423	0.29483	0.01191	0.01339	0.02792	0.13355	0.04770	0.01163	0.01428	0.00896	0.00538	0.00541	0.00165	0.02508	0.00479	0.00305	0.00711
62	0.02251	0.04094	0.19076	0.33466	0.12284	0.01223	0.17343	0.01493	0.01094	0.01505	0.00938	0.01271	0.00710	0.00481	0.00517	0.00165	0.00721	0.00462	0.00236	0.00670
63	0.68490	0.01093	0.06811	0.07750	0.01294	0.01128	0.00727	0.01488	0.00910	0.02149	0.00784	0.00941	0.00603	0.00485	0.00349	0.00159	0.00444	0.00309	0.03518	0.00569
64	0.00666	0.00505	0.00670	0.06790	0.00954	0.00486	0.00540	0.00799	0.01067	0.01408	0.12054	0.52861	0.13961	0.02833	0.00667	0.00200	0.00321	0.02315	0.00465	0.00438
65	0.01142	0.01306	0.14793	0.23235	0.30283	0.02992	0.01397	0.01486	0.01166	0.05224	0.09160	0.01624	0.02843	0.00567	0.00517	0.00160	0.00609	0.00506	0.00296	0.00694
66	0.01678	0.01396	0.16695	0.04436	0.08232	0.01096	0.10229	0.11497	0.06302	0.30936	0.01466	0.01466	0.00999	0.00564	0.00520	0.00162	0.00588	0.00490	0.00439	0.00809
67	0.01012	0.02222	0.59576	0.04476	0.02155	0.01145	0.08813	0.01522	0.01074	0.01574	0.01090	0.08189	0.00905	0.00596	0.00555	0.00170	0.03474	0.00501	0.00244	0.00708
68	0.03919	0.00959	0.01571	0.51194	0.22352	0.01102	0.01348	0.01349	0.01088	0.01487	0.05962	0.01568	0.02871	0.00551	0.00513	0.00165	0.00617	0.00495	0.00265	0.00623
69	0.01179	0.01318	0.11893	0.20717	0.31646	0.02604	0.10565	0.01550	0.02460	0.04409	0.01122	0.03384	0.00927	0.00547	0.00529	0.00165	0.00660	0.03340	0.00276	0.00710
70	0.00670	0.00510	0.00668	0.00739	0.00783	0.00512	0.00515	0.00771	0.01003	0.01344	0.07003	0.62989	0.09403	0.03452	0.00774	0.00211	0.06461	0.01304	0.00458	0.00430
71	0.00912	0.00756	0.03802	0.15896	0.06391	0.00722	0.02233	0.04124	0.01141	0.05865	0.06791	0.37507	0.08071	0.01113	0.00593	0.00186	0.00433	0.02507	0.00418	0.00538
72	0.02699	0.01071	0.02846	0.12918	0.20603	0.01114	0.01093	0.14110	0.10134	0.12853	0.01567	0.06242	0.03381	0.00737	0.01941	0.00179	0.02041	0.03332	0.00405	0.00735

[dist]
# distance from previous block
# <min> <max>
2	28

[block]
# block no. 3 follows, 48 sequences, length 63
# corresponding to MSA columns:
# 194-256
name=unknown_D
#
# <colnr> <probs for GDERKNQSTAVLIFYWHMCP>
#	G	D	E	R	K	N	Q	S	T	A	V	L	I	F	Y	W	H	M	C	P
0	0.03214	0.01115	0.06343	0.05813	0.19873	0.06489	0.02649	0.02607	0.10229	0.08660	0.07951	0.13759	0.05877	0.00798	0.00543	0.00168	0.00508	0.02340	0.00397	0.00665
1	0.08133	0.02874	0.27832	0.12098	0.23987	0.03736	0.03460	0.04357	0.01141	0.01680	0.01022	0.02957	0.01900	0.00529	0.00512	0.00161	0.02205	0.00444	0.00260	0.00713
2	0.12256	0.04162	0.29770	0.01418	0.12851	0.01068	0.02938	0.01778	0.01188	0.20954	0.05824	0.01406	0.01070	0.00549	0.00480	0.00158	0.00575	0.00446	0.00361	0.00748
3	0.03139	0.01604	0.24019	0.05754	0.25628	0.03488	0.02539	0.10668	0.01338	0.11865	0.04230	0.01364	0.00978	0.00537	0.00504	0.00157	0.00622	0.00457	0.00336	0.00773
4	0.00683	0.00578	0.02399	0.00625	0.00778	0.00488	0.00478	0.02635	0.01237	0.01596	0.23534	0.18241	0.42372	0.01255	0.00610	0.00176	0.00281	0.01079	0.00494	0.00461
5	0.03119	0.01222	0.03362	0.26910	0.24173	0.02615	0.03144	0.21751	0.04026	0.03151	0.01066	0.01303	0.00808	0.00530	0.00509	0.00160	0.00622	0.00459	0.00331	0.00740
6	0.09397	0.01320	0.11329	0.09661	0.37675	0.01181	0.03018	0.08879	0.01267	0.06223	0.04448	0.01353	0.00965	0.00519	0.00495	0.00157	0.00590	0.00458	0.00313	0.00750
7	0.00607	0.00518	0.00522	0.00525	0.00694	0.00433	0.00392	0.00736	0.01165	0.01384	0.05137	0.06904	0.76632	0.01307	0.00608	0.00174	0.00261	0.01093	0.00476	0.00433
8	0.04755	0.00951	0.01560	0.70105	0.07114	0.01157	0.02821	0.02978	0.01060	0.01421	0.00915	0.01337	0.00691	0.00509	0.00506	0.00169	0.00668	0.00451	0.00240	0.00590
9	0.16975	0.02098	0.03439	0.00821	0.01064	0.02738	0.00672	0.06555	0.02397	0.16577	0.10534	0.10190	0.05021	0.08659	0.00726	0.00205	0.00429	0.09854	0.00456	0.00591
10	0.01308	0.63125	0.04416	0.08734	0.04258	0.01837	0.07305	0.01527	0.01060	0.01279	0.00773	0.00943	0.00676	0.00447	0.00380	0.00124	0.00595	0.00328	0.00225	0.00660
11	0.00926	0.00860	0.01411	0.70109	0.03161	0.01049	0.01292	0.01245	0.01058	0.01351	0.04724	0.01792	0.07742	0.00606	0.00525	0.00171	0.00627	0.00532	0.00265	0.00554
12	0.00724	0.00539	0.00676	0.00639	0.00771	0.00498	0.00480	0.00982	0.03373	0.01971	0.66786	0.03931	0.14565	0.01073	0.00603	0.00163	0.00249	0.00940	0.00552	0.00486
13	0.00827	0.00591	0.00827	0.00945	0.01063	0.00591	0.00827	0.01063	0.01181	0.01536	0.02717	0.05788	0.02953	0.01417	0.00709	0.00236	0.00472	0.75313	0.00472	0.00472
14	0.01113	0.00926	0.01510	0.71427	0.03284	0.01123	0.01354	0.03946	0.01109	0.07851	0.01015	0.01395	0.00739	0.00527	0.00513	0.00169	0.00659	0.00461	0.00271	0.00605
15	0.00702	0.00475	0.00618	0.00692	0.00754	0.00438	0.00474	0.00796	0.01038	0.03961	0.09220	0.60310	0.10517	0.02814	0.00733	0.03959	0.00304	0.01290	0.00475	0.00429
16	0.00941	0.00659	0.00859	0.00922	0.01067	0.00675	0.00794	0.07429	0.02604	0.01724	0.02482	0.04970	0.02599	0.01260	0.00656	0.00217	0.00457	0.60610	0.08566	0.00512
17	0.22839	0.00975	0.01127	0.00888	0.01267	0.00959	0.00733	0.11759	0.01442	0.50465	0.01600	0.01455	0.01043	0.00593	0.00467	0.00158	0.00443	0.00450	0.00541	0.00795
18	0.00744	0.00589	0.00677	0.00643	0.00804	0.00555	0.00486	0.01081	0.10094	0.01812	0.41824	0.04034	0.32546	0.01104	0.00596	0.00167	0.00268	0.00947	0.00526	0.00502
19	0.02096	0.00948	0.01199	0.00929	0.01310	0.00882	0.00765	0.16086	0.01618	0.58675	0.02142	0.01917	0.07629	0.00687	0.00523	0.00159	0.00445	0.00553	0.00599	0.00836
20	0.02268	0.00927	0.01224	0.00939	0.01337	0.00834	0.00775	0.09651	0.01559	0.71844	0.01948	0.01697	0.01232	0.00633	0.00516	0.00158	0.00449	0.00511	0.00623	0.00873
21	0.01751	0.02157	0.01421	0.01401	0.07911	0.65743	0.00975	0.01885	0.01362	0.01266	0.00886	0.01187	0.00789	0.08334	0.00673	0.00169	0.00858	0.00381	0.00268	0.00586
22	0.00979	0.00617	0.00761	0.00703	0.00880	0.00575	0.00534	0.01278	0.07709	0.13627	0.38537	0.11685	0.17978	0.01063	0.00590	0.00169	0.00295	0.00921	0.00546	0.00554
23	0.02268	0.00927	0.01224	0.00939	0.01337	0.00834	0.00775	0.09651	0.01559	0.71844	0.01948	0.01697	0.01232	0.00633	0.00516	0.00158	0.00449	0.00511	0.00623	0.00873
24	0.01372	0.82276	0.02689	0.00878	0.01317	0.02030	0.00878	0.01536	0.01043	0.01207	0.00713	0.00823	0.00658	0.00439	0.00329	0.00110	0.00549	0.00274	0.00219	0.00658
25	0.00649	0.00457	0.00588	0.00684	0.00708	0.00433	0.00444	0.00721	0.00936	0.01248	0.02589	0.66198	0.03092	0.17453	0.01041	0.00265	0.00337	0.01318	0.00444	0.00396
26	0.00667	0.00525	0.00582	0.00577	0.00709	0.00469	0.00416	0.00831	0.02653	0.01510	0.22400	0.08802	0.45087	0.11477	0.00862	0.00214	0.00291	0.01014	0.00478	0.00436
27	0.00606	0.00520	0.00520	0.00520	0.00693	0.00433	0.00390	0.00736	0.01170	0.01386	0.05198	0.04938	0.78558	0.01299	0.00606	0.00173	0.00260	0.01083	0.00476	0.00433
28	0.09701	0.08676	0.01267	0.00871	0.01254	0.00902	0.00732	0.02267	0.01358	0.61636	0.01766	0.01582	0.01149	0.00600	0.00474	0.00153	0.00436	0.00470	0.03900	0.00808
29	0.00700	0.00497	0.00643	0.00708	0.00791	0.00459	0.00514	0.00844	0.01130	0.03067	0.17629	0.46293	0.13158	0.01419	0.00643	0.00197	0.00306	0.10059	0.00496	0.00448
30	0.02151	0.00840	0.01142	0.00887	0.01258	0.00728	0.00728	0.02354	0.01467	0.71731	0.09359	0.01947	0.01613	0.00675	0.00525	0.00159	0.00418	0.00556	0.00628	0.00836
31	0.01144	0.34944	0.41522	0.01156	0.01731	0.01475	0.01363	0.01534	0.01097	0.01491	0.07292	0.01206	0.01002	0.00514	0.00433	0.00141	0.00630	0.00382	0.00247	0.00695
32	0.00643	0.00526	0.00568	0.00571	0.00724	0.00459	0.00423	0.00816	0.02904	0.01505	0.16776	0.12048	0.57693	0.01275	0.00609	0.00175	0.00264	0.01083	0.00492	0.00448
33	0.01208	0.10709	0.51699	0.01468	0.05423	0.01328	0.05565	0.08856	0.01216	0.03575	0.00954	0.01111	0.00702	0.00509	0.00524	0.00158	0.03584	0.00397	0.00260	0.00753
34	0.01064	0.00912	0.01064	0.00760	0.01216	0.00684	0.00608	0.01292	0.01064	0.01672	0.00912	0.01064	0.00760	0.00380	0.00380	0.00076	0.00380	0.00304	0.00304	0.85104
35	0.01917	0.02445	0.01454	0.01322	0.01586	0.79907	0.00991	0.02049	0.01454	0.01256	0.00793	0.00925	0.00661	0.00529	0.00463	0.00132	0.00925	0.00330	0.00264	0.00595
36	0.01058	0.00912	0.01093	0.05676	0.01358	0.00712	0.00658	0.01293	0.01062	0.01650	0.00912	0.01083	0.00755	0.00388	0.00388	0.00082	0.00399	0.00313	0.00299	0.79908
37	0.00742	0.00498	0.00571	0.00570	0.00581	0.00494	0.00329	0.00764	0.00810	0.01089	0.07930	0.05307	0.02146	0.73392	0.02400	0.00463	0.00472	0.00778	0.00336	0.00328
38	0.00908	0.00488	0.00522	0.00514	0.00634	0.00479	0.00385	0.01147	0.01156	0.01944	0.18008	0.02321	0.02065	0.00694	0.00411	0.00128	0.00240	0.00574	0.66903	0.00479
39	0.01817	0.02147	0.01403	0.01257	0.01534	0.61574	0.00954	0.08361	0.11410	0.01549	0.01015	0.01099	0.00809	0.00559	0.00472	0.00139	0.00814	0.00377	0.02065	0.00644
40	0.01123	0.01123	0.01572	0.01347	0.01347	0.01572	0.01123	0.01235	0.00786	0.01235	0.00674	0.01123	0.00674	0.00898	0.01684	0.00225	0.81028	0.00449	0.00225	0.00561
41	0.03380	0.00988	0.01240	0.01011	0.01363	0.00998	0.04137	0.02487	0.33303	0.39206	0.03267	0.01805	0.01409	0.00650	0.00517	0.00164	0.00438	0.00545	0.00557	0.02535
42	0.00699	0.00516	0.00653	0.00635	0.00754	0.00470	0.00470	0.00909	0.01363	0.01884	0.60201	0.12049	0.15209	0.01143	0.00611	0.00168	0.00250	0.01005	0.00543	0.00470
43	0.01301	0.01109	0.01169	0.01041	0.01335	0.01276	0.00812	0.07095	0.71664	0.02194	0.02106	0.01941	0.03230	0.00705	0.00523	0.00173	0.00412	0.00584	0.00521	0.00807
44	0.00625	0.00447	0.00595	0.00714	0.00744	0.00417	0.00476	0.00714	0.00982	0.01310	0.02828	0.81633	0.03394	0.01608	0.00655	0.00208	0.00298	0.01459	0.00476	0.00417
45	0.81891	0.01012	0.00789	0.00697	0.01019	0.01171	0.00574	0.04851	0.00941	0.02343	0.00737	0.00851	0.00570	0.00482	0.00326	0.00159	0.00404	0.00286	0.00326	0.00570
46	0.00610	0.00507	0.00533	0.00555	0.00702	0.00430	0.00405	0.00732	0.01136	0.01372	0.04773	0.18677	0.65094	0.01355	0.00615	0.00180	0.00267	0.01150	0.00476	0.00430
47	0.01951	0.01437	0.01540	0.01181	0.01591	0.01591	0.00975	0.77056	0.02412	0.03234	0.01232	0.01232	0.00873	0.00616	0.00513	0.00154	0.00565	0.00462	0.00513	0.00873
48	0.85592	0.00992	0.00754	0.00675	0.00992	0.01151	0.00556	0.01508	0.00873	0.02302	0.00714	0.00834	0.00556	0.00476	0.00318	0.00159	0.00397	0.00278	0.00318	0.00556
49	0.00625	0.00447	0.00595	0.00714	0.00744	0.00417	0.00476	0.00714	0.00982	0.01310	0.02828	0.81633	0.03394	0.01608	0.00655	0.00208	0.00298	0.01459	0.00476	0.00417
50	0.00910	0.00609	0.00773	0.00706	0.00866	0.00583	0.00538	0.01264	0.08780	0.08480	0.64803	0.03475	0.04230	0.00981	0.00590	0.00162	0.00274	0.00860	0.00567	0.00548
51	0.01951	0.01437	0.01540	0.01181	0.01591	0.01591	0.00975	0.77056	0.02412	0.03234	0.01232	0.01232	0.00873	0.00616	0.00513	0.00154	0.00565	0.00462	0.00513	0.00873
52	0.02302	0.00873	0.01191	0.00913	0.01310	0.00754	0.00754	0.02501	0.01469	0.79122	0.02024	0.01746	0.01270	0.00635	0.00516	0.00159	0.00437	0.00516	0.00635	0.00873
53	0.00891	0.00446	0.00668	0.00668	0.00668	0.00446	0.00446	0.00668	0.00668	0.00891	0.00891	0.01560	0.00891	0.01783	0.02005	0.85071	0.00446	0.00446	0.00223	0.00223
54	0.02176	0.00940	0.01215	0.00947	0.01334	0.00870	0.00777	0.08389	0.08868	0.65768	0.01968	0.01722	0.01267	0.00639	0.00516	0.00160	0.00444	0.00518	0.00615	0.00867
55	0.85592	0.00992	0.00754	0.00675	0.00992	0.01151	0.00556	0.01508	0.00873	0.02302	0.00714	0.00834	0.00556	0.00476	0.00318	0.00159	0.00397	0.00278	0.00318	0.00556
56	0.00891	0.00446	0.00668	0.00668	0.00668	0.00446	0.00446	0.00668	0.00668	0.00891	0.00891	0.01560	0.00891	0.01783	0.02005	0.85071	0.00446	0.00446	0.00223	0.00223
57	0.00733	0.00550	0.00825	0.00825	0.00916	0.00641	0.00641	0.00916	0.00825	0.01191	0.01374	0.02016	0.01283	0.03848	0.79934	0.00825	0.01374	0.00550	0.00275	0.00458
58	0.00989	0.00951	0.01663	0.74195	0.03463	0.01153	0.07706	0.01339	0.01041	0.01339	0.00922	0.01369	0.00692	0.00506	0.00521	0.00171	0.00699	0.00468	0.00231	0.00580
59	0.01846	0.02128	0.01357	0.01232	0.01490	0.65700	0.00926	0.01981	0.01416	0.08728	0.01081	0.07721	0.00947	0.00629	0.00484	0.00141	0.00826	0.00442	0.00318	0.00607
60	0.00891	0.00446	0.00668	0.00668	0.00668	0.00446	0.00446	0.00668	0.00668	0.00891	0.00891	0.01560	0.00891	0.01783	0.02005	0.85071	0.00446	0.00446	0.00223	0.00223
61	0.01064	0.00912	0.01064	0.00760	0.01216	0.00684	0.00608	0.01292	0.01064	0.01672	0.00912	0.01064	0.00760	0.00380	0.00380	0.00076	0.00380	0.00304	0.00304	0.85104
62	0.01832	0.01280	0.01457	0.08761	0.01711	0.01405	0.00972	0.55093	0.06356	0.12009	0.01378	0.03069	0.00995	0.00634	0.00517	0.00158	0.00546	0.00496	0.00500	0.00830

[dist]
# distance from previous block
# <min> <max>
0	46

# created by:
# /st0/software/busco_prod/Augustus/scripts/msa2prfl.pl ./align_prep/167934.fa
