[name]
unknown

[dist]
# distance from previous block
# <min> <max>
2	75

[block]
# block no. 0 follows, 43 sequences, length 11
# corresponding to MSA columns:
# 177-187
name=unknown_A
#
# <colnr> <probs for GDERKNQSTAVLIFYWHMCP>
#	G	D	E	R	K	N	Q	S	T	A	V	L	I	F	Y	W	H	M	C	P
0	0.01244	0.00858	0.01028	0.00862	0.01139	0.00812	0.00670	0.11858	0.06202	0.09826	0.31537	0.08479	0.02941	0.02871	0.00633	0.00168	0.00384	0.00767	0.00537	0.17186
1	0.01256	0.00968	0.01406	0.11303	0.01689	0.01075	0.07570	0.10340	0.05144	0.08728	0.13552	0.08684	0.01944	0.02628	0.10747	0.00287	0.10878	0.00710	0.00430	0.00659
2	0.03732	0.01029	0.01303	0.12489	0.01740	0.04806	0.00918	0.04475	0.01477	0.45101	0.04370	0.02013	0.01407	0.00698	0.00552	0.00169	0.00531	0.04812	0.00546	0.07833
3	0.01409	0.01098	0.02010	0.13924	0.06928	0.01087	0.27013	0.01736	0.01294	0.17250	0.01674	0.08741	0.01440	0.00769	0.00658	0.00194	0.02642	0.09010	0.00403	0.00719
4	0.06230	0.01237	0.10266	0.06046	0.06110	0.01020	0.01040	0.02318	0.11932	0.38474	0.01737	0.01657	0.01182	0.00624	0.00530	0.00167	0.00527	0.00509	0.00516	0.07878
5	0.01129	0.01047	0.01746	0.39211	0.30874	0.01158	0.01449	0.01467	0.01233	0.01682	0.12151	0.01828	0.01450	0.00616	0.00566	0.00176	0.00638	0.00568	0.00310	0.00700
6	0.01163	0.00995	0.01579	0.43689	0.13788	0.01144	0.01345	0.01550	0.05109	0.05390	0.01308	0.01940	0.01090	0.00875	0.05434	0.00229	0.03037	0.06651	0.00317	0.03365
7	0.41966	0.01121	0.01153	0.12408	0.01629	0.01271	0.00850	0.15721	0.05330	0.07864	0.04990	0.01365	0.01036	0.00605	0.00457	0.00173	0.00503	0.00438	0.00419	0.00702
8	0.01000	0.00677	0.00792	0.00754	0.00850	0.00683	0.00509	0.10902	0.01220	0.03944	0.11045	0.20239	0.02602	0.40357	0.01717	0.00363	0.00464	0.00950	0.00448	0.00484
9	0.07634	0.01227	0.01337	0.01065	0.01435	0.01304	0.00865	0.44567	0.02049	0.08444	0.08033	0.05360	0.05906	0.00852	0.02346	0.00183	0.00533	0.00611	0.00530	0.05717
10	0.06389	0.01098	0.01292	0.12495	0.01701	0.01168	0.00897	0.25476	0.07338	0.07865	0.03802	0.07264	0.01384	0.07831	0.00740	0.00198	0.00531	0.00597	0.00457	0.11478

[dist]
# distance from previous block
# <min> <max>
6	21

[block]
# block no. 1 follows, 43 sequences, length 189
# corresponding to MSA columns:
# 217-319,330-336,366-444
name=unknown_B
#
# <colnr> <probs for GDERKNQSTAVLIFYWHMCP>
#	G	D	E	R	K	N	Q	S	T	A	V	L	I	F	Y	W	H	M	C	P
0	0.01497	0.78676	0.02865	0.00961	0.01430	0.04326	0.00951	0.01674	0.01138	0.01304	0.00772	0.00892	0.00711	0.00477	0.00359	0.00119	0.00604	0.00298	0.00238	0.00709
1	0.00737	0.00526	0.00682	0.00777	0.00827	0.00501	0.00528	0.02951	0.01125	0.01507	0.07403	0.66356	0.03560	0.06799	0.00838	0.00241	0.00345	0.03324	0.00509	0.00463
2	0.01274	0.01451	0.12906	0.14374	0.02429	0.01275	0.28919	0.10448	0.01353	0.01902	0.01185	0.01538	0.00913	0.02368	0.02920	0.00206	0.04173	0.00553	0.09100	0.00713
3	0.00817	0.00556	0.00636	0.00629	0.00629	0.00570	0.00361	0.00821	0.00807	0.01081	0.01716	0.03555	0.01976	0.78238	0.02790	0.00528	0.02819	0.00796	0.00333	0.00343
4	0.01157	0.08195	0.65574	0.01464	0.02206	0.01291	0.01842	0.01732	0.01202	0.03937	0.05538	0.01347	0.00992	0.00563	0.00523	0.00171	0.00759	0.00441	0.00270	0.00797
5	0.09794	0.01119	0.02838	0.04685	0.01510	0.01089	0.00850	0.13081	0.14768	0.20534	0.05879	0.01680	0.01351	0.00636	0.00511	0.00156	0.00477	0.00507	0.00502	0.18034
6	0.01148	0.00984	0.01148	0.00820	0.01312	0.00738	0.00656	0.01395	0.01148	0.01805	0.00984	0.01148	0.00820	0.00410	0.00410	0.00082	0.00410	0.00328	0.00328	0.83922
7	0.00675	0.00482	0.00643	0.00771	0.00803	0.00450	0.00514	0.00771	0.01060	0.01414	0.03053	0.80175	0.03663	0.01735	0.00707	0.00225	0.00321	0.01574	0.00514	0.00450
8	0.01327	0.01430	0.08702	0.07801	0.62491	0.01312	0.03465	0.01720	0.03116	0.01792	0.01066	0.01380	0.00873	0.00506	0.00550	0.00168	0.00678	0.00493	0.00276	0.00853
9	0.00680	0.00562	0.00597	0.00588	0.00764	0.00479	0.00441	0.00845	0.01324	0.01641	0.19883	0.05091	0.62493	0.01348	0.00654	0.00184	0.00277	0.01135	0.00533	0.00479
10	0.00830	0.00579	0.00740	0.00692	0.00840	0.00527	0.00522	0.01077	0.01535	0.04818	0.66407	0.04186	0.12867	0.01146	0.00650	0.00175	0.00271	0.01004	0.00602	0.00532
11	0.01143	0.02538	0.62532	0.01845	0.13257	0.01272	0.04055	0.01721	0.01184	0.01754	0.01058	0.03261	0.00808	0.00551	0.00538	0.00175	0.00785	0.00459	0.00248	0.00815
12	0.00791	0.00593	0.00890	0.00890	0.00989	0.00692	0.00692	0.00989	0.00890	0.01286	0.01483	0.02176	0.01385	0.04154	0.78341	0.00890	0.01483	0.00593	0.00297	0.00494
13	0.01148	0.00984	0.01148	0.00820	0.01312	0.00738	0.00656	0.01395	0.01148	0.01805	0.00984	0.01148	0.00820	0.00410	0.00410	0.00082	0.00410	0.00328	0.00328	0.83922
14	0.01516	0.76127	0.02821	0.00977	0.01439	0.06806	0.00955	0.01692	0.01152	0.01306	0.00775	0.00895	0.00711	0.00480	0.00364	0.00120	0.00617	0.00300	0.00240	0.00707
15	0.01148	0.00984	0.01148	0.00820	0.01312	0.00738	0.00656	0.01395	0.01148	0.01805	0.00984	0.01148	0.00820	0.00410	0.00410	0.00082	0.00410	0.00328	0.00328	0.83922
16	0.03293	0.00683	0.00839	0.05630	0.08955	0.00636	0.00651	0.00988	0.01276	0.01634	0.12118	0.04449	0.52556	0.01204	0.00631	0.00184	0.00356	0.02909	0.00478	0.00530
17	0.00675	0.00482	0.00643	0.00771	0.00803	0.00450	0.00514	0.00771	0.01060	0.01414	0.03053	0.80175	0.03663	0.01735	0.00707	0.00225	0.00321	0.01574	0.00514	0.00450
18	0.01046	0.00984	0.01661	0.79205	0.03814	0.01230	0.01538	0.01415	0.01107	0.01415	0.00984	0.01477	0.00738	0.00554	0.00554	0.00185	0.00738	0.00492	0.00246	0.00615
19	0.02259	0.01010	0.03341	0.05511	0.04782	0.00880	0.00921	0.02533	0.03401	0.64600	0.03515	0.01870	0.01381	0.00676	0.00558	0.00172	0.00498	0.00557	0.00627	0.00908
20	0.01289	0.01244	0.02000	0.24187	0.50069	0.03574	0.01575	0.01618	0.01221	0.01686	0.01017	0.01376	0.00830	0.00508	0.00540	0.00165	0.00676	0.00479	0.00270	0.05676
21	0.02070	0.02600	0.01573	0.01421	0.01712	0.75524	0.01069	0.04870	0.01607	0.01433	0.00873	0.01011	0.00722	0.00574	0.00501	0.00144	0.00985	0.00362	0.00295	0.00653
22	0.01371	0.01316	0.02248	0.03399	0.77081	0.01316	0.01700	0.01700	0.01261	0.01809	0.01042	0.01371	0.00877	0.00493	0.00548	0.00164	0.00658	0.00493	0.00274	0.00877
23	0.01032	0.00962	0.01599	0.73174	0.03599	0.01179	0.01464	0.01385	0.01107	0.01427	0.01079	0.05049	0.00874	0.00603	0.00556	0.00183	0.00709	0.00536	0.00261	0.03223
24	0.00663	0.00560	0.00574	0.00574	0.00754	0.00470	0.00429	0.00809	0.01276	0.01538	0.09818	0.06839	0.71023	0.01393	0.00656	0.00187	0.00280	0.01167	0.00520	0.00470
25	0.23611	0.28932	0.01845	0.01051	0.01434	0.18658	0.03499	0.04887	0.01285	0.05661	0.03948	0.01137	0.00911	0.00551	0.00425	0.00147	0.00633	0.00373	0.00328	0.00681
26	0.01418	0.01191	0.01310	0.01254	0.06638	0.02810	0.00914	0.09284	0.53467	0.03975	0.08162	0.02162	0.03411	0.00765	0.00569	0.00182	0.00463	0.00640	0.00543	0.00842
27	0.00805	0.00537	0.00604	0.00604	0.00604	0.00537	0.00336	0.00805	0.00805	0.01074	0.01745	0.03624	0.02013	0.80536	0.02819	0.00537	0.00537	0.00805	0.00336	0.00336
28	0.01481	0.80869	0.02902	0.00948	0.01421	0.02191	0.00948	0.01658	0.01125	0.01303	0.00770	0.00888	0.00711	0.00474	0.00355	0.00118	0.00592	0.00296	0.00237	0.00711
29	0.01423	0.36014	0.33620	0.01260	0.01865	0.03971	0.02957	0.01834	0.03003	0.07843	0.01026	0.01132	0.00788	0.00523	0.00458	0.00150	0.00692	0.00382	0.00283	0.00777
30	0.04087	0.04566	0.01576	0.01380	0.01678	0.69133	0.01047	0.04321	0.04517	0.01482	0.00921	0.01045	0.00756	0.00577	0.00496	0.00145	0.00940	0.00368	0.00304	0.00661
31	0.00675	0.00482	0.00643	0.00771	0.00803	0.00450	0.00514	0.00771	0.01060	0.01414	0.03053	0.80175	0.03663	0.01735	0.00707	0.00225	0.00321	0.01574	0.00514	0.00450
32	0.01340	0.01316	0.02093	0.18808	0.58223	0.05250	0.01634	0.01668	0.01245	0.01705	0.01020	0.01373	0.00840	0.00510	0.00547	0.00167	0.00692	0.00486	0.00269	0.00812
33	0.01522	0.01400	0.01986	0.07395	0.52230	0.09142	0.01484	0.05614	0.03640	0.06956	0.01234	0.01467	0.02331	0.00552	0.00547	0.00165	0.00669	0.00501	0.00329	0.00837
34	0.00675	0.00482	0.00643	0.00771	0.00803	0.00450	0.00514	0.00771	0.01060	0.01414	0.03053	0.80175	0.03663	0.01735	0.00707	0.00225	0.00321	0.01574	0.00514	0.00450
35	0.01227	0.00675	0.00890	0.00779	0.00989	0.00616	0.00604	0.01506	0.03271	0.21226	0.56248	0.03521	0.04172	0.01011	0.00627	0.00174	0.00318	0.00881	0.00628	0.00637
36	0.01465	0.62153	0.06275	0.01127	0.03206	0.03771	0.02453	0.03958	0.01164	0.01417	0.00809	0.00971	0.00725	0.00531	0.00520	0.00137	0.08013	0.00338	0.00250	0.00716
37	0.01251	0.02669	0.69871	0.01518	0.02297	0.01238	0.01920	0.01850	0.01212	0.09481	0.01115	0.01242	0.00770	0.00542	0.00529	0.00175	0.00783	0.00424	0.00280	0.00831
38	0.00892	0.00637	0.00892	0.01020	0.01147	0.00637	0.00892	0.01147	0.01275	0.01657	0.02932	0.06247	0.03187	0.01530	0.00765	0.00255	0.00510	0.73354	0.00510	0.00510
39	0.00801	0.00535	0.00605	0.00610	0.00611	0.00534	0.00342	0.00804	0.00814	0.01086	0.01792	0.06346	0.02072	0.77734	0.02744	0.00526	0.00529	0.00833	0.00342	0.00340
40	0.01470	0.77025	0.02885	0.00995	0.01461	0.02160	0.02900	0.01654	0.01124	0.01316	0.00778	0.00911	0.00714	0.00485	0.00396	0.00123	0.02345	0.00310	0.00238	0.00709
41	0.00745	0.00560	0.00686	0.00664	0.00801	0.00505	0.00492	0.00961	0.01448	0.01969	0.53059	0.08451	0.23652	0.02702	0.00696	0.00187	0.00275	0.01072	0.00575	0.00501
42	0.00892	0.00637	0.00892	0.01020	0.01147	0.00637	0.00892	0.01147	0.01275	0.01657	0.02932	0.06247	0.03187	0.01530	0.00765	0.00255	0.00510	0.73354	0.00510	0.00510
43	0.00791	0.00593	0.00890	0.00890	0.00989	0.00692	0.00692	0.00989	0.00890	0.01286	0.01483	0.02176	0.01385	0.04154	0.78341	0.00890	0.01483	0.00593	0.00297	0.00494
44	0.01355	0.01300	0.02220	0.07012	0.73590	0.01312	0.01692	0.01686	0.01254	0.01791	0.01039	0.01376	0.00871	0.00496	0.00549	0.00165	0.00662	0.00493	0.00273	0.00865
45	0.01382	0.04339	0.01318	0.01120	0.01439	0.01410	0.00879	0.02892	0.73118	0.02277	0.02195	0.02020	0.01652	0.00740	0.00555	0.00185	0.00444	0.00613	0.00551	0.00870
46	0.01481	0.80869	0.02902	0.00948	0.01421	0.02191	0.00948	0.01658	0.01125	0.01303	0.00770	0.00888	0.00711	0.00474	0.00355	0.00118	0.00592	0.00296	0.00237	0.00711
47	0.84448	0.01071	0.00814	0.00728	0.01071	0.01242	0.00600	0.01628	0.00943	0.02485	0.00771	0.00900	0.00600	0.00514	0.00343	0.00171	0.00428	0.00300	0.00343	0.00600
48	0.00663	0.00561	0.00572	0.00569	0.00753	0.00471	0.00427	0.00810	0.01281	0.01541	0.09997	0.05256	0.72443	0.01386	0.00654	0.00186	0.00279	0.01159	0.00520	0.00471
49	0.84448	0.01071	0.00814	0.00728	0.01071	0.01242	0.00600	0.01628	0.00943	0.02485	0.00771	0.00900	0.00600	0.00514	0.00343	0.00171	0.00428	0.00300	0.00343	0.00600
50	0.00675	0.00482	0.00643	0.00771	0.00803	0.00450	0.00514	0.00771	0.01060	0.01414	0.03053	0.80175	0.03663	0.01735	0.00707	0.00225	0.00321	0.01574	0.00514	0.00450
51	0.02116	0.01534	0.01652	0.01266	0.01709	0.01692	0.01046	0.73201	0.02575	0.05565	0.01354	0.01345	0.00954	0.00665	0.00554	0.00166	0.00606	0.00500	0.00558	0.00942
52	0.02485	0.00943	0.01285	0.00985	0.01414	0.00814	0.00814	0.02699	0.01585	0.77465	0.02185	0.01885	0.01371	0.00685	0.00557	0.00171	0.00471	0.00557	0.00685	0.00943
53	0.01148	0.00984	0.01148	0.00820	0.01312	0.00738	0.00656	0.01395	0.01148	0.01805	0.00984	0.01148	0.00820	0.00410	0.00410	0.00082	0.00410	0.00328	0.00328	0.83922
54	0.01307	0.01494	0.03268	0.02334	0.02894	0.01401	0.75070	0.01774	0.01307	0.01774	0.01120	0.01494	0.00840	0.00467	0.00654	0.00187	0.00934	0.00654	0.00280	0.00747
55	0.00784	0.00566	0.00740	0.00697	0.00827	0.00523	0.00523	0.01045	0.01568	0.02221	0.76789	0.04137	0.05226	0.01132	0.00653	0.00174	0.00261	0.01002	0.00610	0.00523
56	0.84448	0.01071	0.00814	0.00728	0.01071	0.01242	0.00600	0.01628	0.00943	0.02485	0.00771	0.00900	0.00600	0.00514	0.00343	0.00171	0.00428	0.00300	0.00343	0.00600
57	0.00746	0.00566	0.00696	0.00725	0.00860	0.00516	0.00559	0.00942	0.01335	0.01752	0.27922	0.15926	0.28597	0.01387	0.00683	0.00202	0.00325	0.15226	0.00545	0.00491
58	0.02069	0.02640	0.01569	0.01427	0.01712	0.78313	0.01070	0.02212	0.01569	0.01355	0.00856	0.00999	0.00713	0.00571	0.00499	0.00143	0.00999	0.00357	0.00285	0.00642
59	0.00777	0.00566	0.00731	0.00690	0.00823	0.00520	0.00517	0.01033	0.01552	0.02185	0.73238	0.04197	0.08799	0.01146	0.00653	0.00175	0.00262	0.01010	0.00605	0.00520
60	0.01278	0.01436	0.03086	0.11025	0.02999	0.01381	0.66756	0.01733	0.01285	0.01733	0.01105	0.01492	0.00829	0.00477	0.00642	0.00186	0.00912	0.00635	0.00276	0.00732
61	0.00679	0.00487	0.00644	0.00763	0.00803	0.00453	0.00512	0.00783	0.01086	0.01448	0.06034	0.75204	0.05647	0.01703	0.00703	0.00222	0.00318	0.01541	0.00518	0.00453
62	0.00892	0.00637	0.00892	0.01020	0.01147	0.00637	0.00892	0.01147	0.01275	0.01657	0.02932	0.06247	0.03187	0.01530	0.00765	0.00255	0.00510	0.73354	0.00510	0.00510
63	0.00784	0.00566	0.00740	0.00697	0.00827	0.00523	0.00523	0.01045	0.01568	0.02221	0.76789	0.04137	0.05226	0.01132	0.00653	0.00174	0.00261	0.01002	0.00610	0.00523
64	0.00805	0.00537	0.00604	0.00604	0.00604	0.00537	0.00336	0.00805	0.00805	0.01074	0.01745	0.03624	0.02013	0.80536	0.02819	0.00537	0.00537	0.00805	0.00336	0.00336
65	0.02069	0.02640	0.01569	0.01427	0.01712	0.78313	0.01070	0.02212	0.01569	0.01355	0.00856	0.00999	0.00713	0.00571	0.00499	0.00143	0.00999	0.00357	0.00285	0.00642
66	0.01330	0.00996	0.01179	0.00852	0.01336	0.00775	0.00686	0.03647	0.01240	0.10616	0.01133	0.01239	0.00888	0.00449	0.00431	0.00095	0.00423	0.00359	0.00376	0.71949
67	0.01707	0.00771	0.01032	0.00850	0.01145	0.00680	0.00678	0.01939	0.01568	0.43196	0.34000	0.02946	0.05280	0.00897	0.00601	0.00173	0.00376	0.00764	0.00648	0.00750
68	0.84448	0.01071	0.00814	0.00728	0.01071	0.01242	0.00600	0.01628	0.00943	0.02485	0.00771	0.00900	0.00600	0.00514	0.00343	0.00171	0.00428	0.00300	0.00343	0.00600
69	0.01042	0.02382	0.61506	0.01393	0.02067	0.01126	0.01726	0.01605	0.01253	0.01852	0.16917	0.01793	0.01652	0.00654	0.00553	0.00175	0.00701	0.00534	0.00313	0.00756
70	0.01126	0.01106	0.04017	0.57597	0.14085	0.01237	0.01505	0.02904	0.01156	0.01544	0.00993	0.01422	0.00766	0.00549	0.00577	0.00176	0.02797	0.00480	0.00261	0.05702
71	0.84448	0.01071	0.00814	0.00728	0.01071	0.01242	0.00600	0.01628	0.00943	0.02485	0.00771	0.00900	0.00600	0.00514	0.00343	0.00171	0.00428	0.00300	0.00343	0.00600
72	0.01105	0.02759	0.73492	0.01597	0.04311	0.01264	0.01991	0.01725	0.01174	0.01748	0.01127	0.01293	0.02874	0.00550	0.00530	0.00175	0.00799	0.00433	0.00243	0.00810
73	0.84448	0.01071	0.00814	0.00728	0.01071	0.01242	0.00600	0.01628	0.00943	0.02485	0.00771	0.00900	0.00600	0.00514	0.00343	0.00171	0.00428	0.00300	0.00343	0.00600
74	0.01125	0.02774	0.72911	0.01649	0.03994	0.01292	0.05145	0.01754	0.01177	0.01756	0.01000	0.01187	0.00711	0.00523	0.00532	0.00176	0.00820	0.00421	0.00237	0.00817
75	0.01111	0.02865	0.77667	0.01579	0.02397	0.01286	0.02046	0.01754	0.01169	0.01754	0.00994	0.01169	0.00702	0.00526	0.00526	0.00175	0.00818	0.00409	0.00234	0.00818
76	0.00659	0.00561	0.00567	0.00566	0.00751	0.00469	0.00424	0.00804	0.01273	0.01522	0.08142	0.05288	0.74310	0.01393	0.00655	0.00187	0.00280	0.01163	0.00518	0.00469
77	0.00780	0.00566	0.00735	0.00693	0.00825	0.00521	0.00519	0.01038	0.01558	0.02199	0.74634	0.04173	0.07395	0.01140	0.00653	0.00175	0.00262	0.01007	0.00607	0.00521
78	0.00675	0.00482	0.00643	0.00771	0.00803	0.00450	0.00514	0.00771	0.01060	0.01414	0.03053	0.80175	0.03663	0.01735	0.00707	0.00225	0.00321	0.01574	0.00514	0.00450
79	0.00764	0.00565	0.00713	0.00676	0.00815	0.00514	0.00507	0.01007	0.01521	0.02110	0.65900	0.04320	0.16184	0.01174	0.00653	0.00176	0.00264	0.01027	0.00595	0.00514
80	0.02069	0.02640	0.01569	0.01427	0.01712	0.78313	0.01070	0.02212	0.01569	0.01355	0.00856	0.00999	0.00713	0.00571	0.00499	0.00143	0.00999	0.00357	0.00285	0.00642
81	0.01148	0.00984	0.01148	0.00820	0.01312	0.00738	0.00656	0.01395	0.01148	0.01805	0.00984	0.01148	0.00820	0.00410	0.00410	0.00082	0.00410	0.00328	0.00328	0.83922
82	0.01071	0.00959	0.01536	0.42924	0.16646	0.01083	0.01296	0.03687	0.01292	0.01741	0.18535	0.02145	0.03408	0.00697	0.00578	0.00178	0.00600	0.00624	0.00350	0.00650
83	0.00748	0.00563	0.00692	0.00663	0.00806	0.00507	0.00496	0.00975	0.01478	0.02017	0.56888	0.06027	0.23677	0.01215	0.00655	0.00179	0.00267	0.01057	0.00583	0.00507
84	0.01506	0.01374	0.01323	0.01223	0.04568	0.18408	0.00916	0.20144	0.05070	0.03589	0.01449	0.01772	0.03389	0.04622	0.25405	0.00408	0.03233	0.00535	0.00386	0.00681
85	0.01293	0.01236	0.02107	0.21599	0.59491	0.01295	0.01661	0.01631	0.01224	0.01715	0.01028	0.01396	0.00844	0.00508	0.00550	0.00169	0.00677	0.00493	0.00267	0.00814
86	0.00971	0.00703	0.00955	0.00912	0.01051	0.00790	0.00708	0.08239	0.03099	0.03261	0.04270	0.04283	0.01621	0.07930	0.56096	0.00708	0.01198	0.02295	0.00361	0.00549
87	0.03929	0.01513	0.01626	0.01249	0.01689	0.01666	0.01032	0.70301	0.02521	0.06852	0.01357	0.01346	0.00954	0.00662	0.00550	0.00167	0.00599	0.00497	0.00555	0.00934
88	0.01314	0.09361	0.02100	0.18201	0.42013	0.02783	0.04403	0.03728	0.02928	0.01711	0.01148	0.03951	0.00993	0.00580	0.00544	0.00169	0.00664	0.02340	0.00293	0.00777
89	0.01296	0.01282	0.02053	0.28967	0.45227	0.05445	0.04511	0.01634	0.01227	0.01650	0.01015	0.01391	0.00820	0.00517	0.00552	0.00171	0.00714	0.00492	0.00265	0.00771
90	0.00942	0.00756	0.00902	0.02887	0.03253	0.00776	0.00695	0.04932	0.16932	0.01783	0.05339	0.28317	0.19885	0.01296	0.00654	0.00205	0.00389	0.08949	0.00515	0.00592
91	0.00877	0.00659	0.00820	0.06316	0.01093	0.00647	0.00611	0.03262	0.06247	0.03832	0.32013	0.16708	0.20047	0.03497	0.00707	0.00197	0.00345	0.01043	0.00536	0.00545
92	0.00960	0.03247	0.00954	0.00806	0.01042	0.00687	0.00603	0.05440	0.01265	0.01793	0.15048	0.32417	0.02723	0.02858	0.00628	0.00170	0.00370	0.00949	0.00460	0.27578
93	0.00802	0.00552	0.00682	0.00682	0.00709	0.00579	0.00432	0.00855	0.00828	0.01131	0.01674	0.03231	0.01843	0.59794	0.23328	0.00633	0.00794	0.00748	0.00325	0.00379
94	0.01638	0.21714	0.23329	0.01342	0.01827	0.34360	0.01310	0.03580	0.03308	0.01527	0.00921	0.01055	0.00740	0.00541	0.00475	0.00148	0.00826	0.00367	0.00272	0.00721
95	0.01111	0.02865	0.77667	0.01579	0.02397	0.01286	0.02046	0.01754	0.01169	0.01754	0.00994	0.01169	0.00702	0.00526	0.00526	0.00175	0.00818	0.00409	0.00234	0.00818
96	0.82150	0.01067	0.00827	0.00736	0.01081	0.01230	0.00606	0.01658	0.00961	0.04588	0.00811	0.00927	0.00621	0.00519	0.00349	0.00171	0.00430	0.00307	0.00352	0.00609
97	0.01032	0.00516	0.00516	0.00516	0.00645	0.00516	0.00387	0.01290	0.01161	0.02065	0.01807	0.02065	0.01420	0.00645	0.00387	0.00129	0.00258	0.00516	0.83611	0.00516
98	0.00675	0.00482	0.00643	0.00771	0.00803	0.00450	0.00514	0.00771	0.01060	0.01414	0.03053	0.80175	0.03663	0.01735	0.00707	0.00225	0.00321	0.01574	0.00514	0.00450
99	0.02105	0.01551	0.01662	0.01274	0.01717	0.01717	0.01053	0.75235	0.02604	0.03490	0.01330	0.01330	0.00942	0.00665	0.00554	0.00166	0.00609	0.00499	0.00554	0.00942
100	0.00805	0.00537	0.00604	0.00604	0.00604	0.00537	0.00336	0.00805	0.00805	0.01074	0.01745	0.03624	0.02013	0.80536	0.02819	0.00537	0.00537	0.00805	0.00336	0.00336
101	0.01148	0.00984	0.01148	0.00820	0.01312	0.00738	0.00656	0.01395	0.01148	0.01805	0.00984	0.01148	0.00820	0.00410	0.00410	0.00082	0.00410	0.00328	0.00328	0.83922
102	0.65289	0.01146	0.05415	0.05559	0.04020	0.01201	0.00802	0.01589	0.01002	0.02291	0.00971	0.01375	0.00821	0.00594	0.00406	0.00179	0.00484	0.05899	0.00341	0.00617
103	0.00660	0.00559	0.00571	0.00573	0.00753	0.00469	0.00428	0.00804	0.01268	0.01522	0.08344	0.07632	0.71728	0.01402	0.00656	0.00188	0.00281	0.01175	0.00518	0.00469
104	0.00895	0.00753	0.00999	0.00968	0.01060	0.04350	0.00755	0.01074	0.00918	0.01291	0.01408	0.03640	0.01343	0.05722	0.62422	0.00759	0.10242	0.00596	0.00296	0.00508
105	0.19152	0.00969	0.01189	0.00933	0.01344	0.00901	0.00770	0.02481	0.01454	0.62218	0.01897	0.01685	0.01214	0.00651	0.00513	0.00171	0.00463	0.00505	0.00616	0.00873
106	0.01579	0.60045	0.07148	0.01084	0.01540	0.17811	0.01039	0.01778	0.01219	0.01341	0.00801	0.00928	0.00711	0.00497	0.00395	0.00127	0.00690	0.00315	0.00247	0.00703
107	0.00780	0.00566	0.00736	0.00693	0.00825	0.00521	0.00520	0.01038	0.01560	0.02202	0.74900	0.04169	0.07126	0.01139	0.00653	0.00175	0.00262	0.01006	0.00607	0.00521
108	0.01034	0.01653	0.31238	0.01582	0.11882	0.01011	0.09056	0.01458	0.01292	0.01855	0.21644	0.10050	0.02259	0.00802	0.00595	0.00180	0.00608	0.00724	0.00374	0.00702
109	0.01046	0.00984	0.01661	0.79205	0.03814	0.01230	0.01538	0.01415	0.01107	0.01415	0.00984	0.01477	0.00738	0.00554	0.00554	0.00185	0.00738	0.00492	0.00246	0.00615
110	0.01148	0.00984	0.01148	0.00820	0.01312	0.00738	0.00656	0.01395	0.01148	0.01805	0.00984	0.01148	0.00820	0.00410	0.00410	0.00082	0.00410	0.00328	0.00328	0.83922
111	0.01386	0.18361	0.43238	0.01465	0.02122	0.04505	0.09107	0.04441	0.01274	0.07599	0.01060	0.01200	0.00779	0.00529	0.00507	0.00163	0.00757	0.00424	0.00288	0.00796
112	0.02082	0.01548	0.01612	0.01257	0.01684	0.05309	0.01030	0.63410	0.06834	0.07466	0.01410	0.01388	0.00999	0.00667	0.00552	0.00167	0.00610	0.00503	0.00549	0.00924
113	0.00772	0.00562	0.00725	0.00691	0.00822	0.00516	0.00516	0.01019	0.01529	0.02144	0.69459	0.07217	0.09607	0.01173	0.00655	0.00177	0.00265	0.01035	0.00600	0.00516
114	0.01348	0.01286	0.02188	0.03293	0.74067	0.01285	0.01653	0.01674	0.01273	0.01826	0.04036	0.01480	0.01049	0.00519	0.00552	0.00165	0.00642	0.00514	0.00287	0.00863
115	0.00692	0.00563	0.00614	0.00601	0.00771	0.00484	0.00451	0.00868	0.01352	0.01708	0.26459	0.04981	0.55876	0.01323	0.00654	0.00183	0.00275	0.01120	0.00542	0.00484
116	0.03097	0.65736	0.13487	0.01035	0.01554	0.02002	0.01094	0.01703	0.01142	0.03697	0.00845	0.00959	0.00727	0.00489	0.00386	0.00129	0.00618	0.00320	0.00252	0.00731
117	0.02473	0.00961	0.01297	0.00994	0.01423	0.00841	0.00821	0.04880	0.01616	0.75240	0.02159	0.01868	0.01358	0.00685	0.00557	0.00171	0.00475	0.00555	0.00682	0.00943
118	0.01163	0.01217	0.02411	0.34683	0.05493	0.01273	0.37571	0.01564	0.01208	0.01604	0.01169	0.05915	0.00957	0.00576	0.00611	0.00187	0.00808	0.00632	0.00279	0.00679
119	0.01510	0.76927	0.02835	0.00972	0.01436	0.06027	0.00954	0.01686	0.01148	0.01306	0.00774	0.00894	0.00711	0.00479	0.00363	0.00120	0.00613	0.00299	0.00239	0.00707
120	0.00737	0.00571	0.00625	0.00610	0.00787	0.00490	0.00458	0.00906	0.01336	0.03843	0.21669	0.06945	0.56416	0.01329	0.00653	0.00185	0.00283	0.01124	0.00541	0.00493
121	0.01748	0.01851	0.01470	0.02816	0.03754	0.34388	0.01015	0.10614	0.32443	0.02004	0.01494	0.01496	0.01148	0.00653	0.00534	0.00165	0.00709	0.00490	0.00429	0.00778
122	0.84448	0.01071	0.00814	0.00728	0.01071	0.01242	0.00600	0.01628	0.00943	0.02485	0.00771	0.00900	0.00600	0.00514	0.00343	0.00171	0.00428	0.00300	0.00343	0.00600
123	0.04354	0.01185	0.09219	0.01115	0.03403	0.00953	0.00965	0.04808	0.07408	0.55887	0.03565	0.01817	0.01363	0.00674	0.00550	0.00173	0.00508	0.00546	0.00604	0.00905
124	0.01167	0.01105	0.01858	0.50942	0.29434	0.01264	0.01580	0.01548	0.02796	0.01573	0.01032	0.01452	0.00808	0.00537	0.00552	0.00178	0.00704	0.00496	0.00263	0.00713
125	0.00779	0.00541	0.00597	0.00597	0.00629	0.00525	0.00350	0.00804	0.00885	0.01148	0.02420	0.03922	0.15076	0.66725	0.02441	0.00476	0.00492	0.00869	0.00367	0.00359
126	0.01520	0.01536	0.13443	0.05687	0.16982	0.01395	0.01305	0.21959	0.21166	0.03976	0.01523	0.01714	0.01172	0.00660	0.00559	0.00177	0.00607	0.03322	0.00436	0.00859
127	0.00795	0.00574	0.00705	0.00670	0.00822	0.00514	0.00503	0.01018	0.01474	0.04147	0.53625	0.06114	0.24580	0.01207	0.00652	0.00179	0.00274	0.01047	0.00584	0.00518
128	0.03997	0.03624	0.01668	0.03965	0.12595	0.33093	0.01134	0.20743	0.10110	0.02102	0.01160	0.01266	0.00903	0.00600	0.00522	0.00158	0.00756	0.00444	0.00383	0.00778
129	0.00675	0.00482	0.00643	0.00771	0.00803	0.00450	0.00514	0.00771	0.01060	0.01414	0.03053	0.80175	0.03663	0.01735	0.00707	0.00225	0.00321	0.01574	0.00514	0.00450
130	0.02060	0.01529	0.01637	0.01265	0.01700	0.01696	0.01042	0.70745	0.07167	0.03418	0.01387	0.01375	0.00988	0.00670	0.00555	0.00168	0.00599	0.00507	0.00555	0.00938
131	0.50523	0.05864	0.06642	0.08867	0.01537	0.01252	0.00865	0.04084	0.01132	0.13241	0.01033	0.01135	0.00751	0.00546	0.00416	0.00170	0.00510	0.00371	0.00376	0.00684
132	0.00680	0.00484	0.00641	0.00765	0.00795	0.00453	0.00507	0.00773	0.01050	0.01400	0.03001	0.77149	0.03598	0.04850	0.00790	0.00237	0.00330	0.01544	0.00507	0.00445
133	0.01305	0.01053	0.01227	0.02506	0.01418	0.00872	0.00728	0.10589	0.01341	0.04297	0.01064	0.01200	0.00850	0.00453	0.00435	0.00097	0.00444	0.00360	0.00365	0.69395
134	0.02477	0.00955	0.01293	0.00991	0.01420	0.00833	0.00819	0.04222	0.01607	0.75912	0.02167	0.01873	0.01362	0.00685	0.00557	0.00171	0.00474	0.00556	0.00683	0.00943
135	0.01046	0.00984	0.01661	0.79205	0.03814	0.01230	0.01538	0.01415	0.01107	0.01415	0.00984	0.01477	0.00738	0.00554	0.00554	0.00185	0.00738	0.00492	0.00246	0.00615
136	0.00748	0.00565	0.00690	0.00659	0.00805	0.00507	0.00494	0.00975	0.01483	0.02019	0.56948	0.04470	0.25193	0.01208	0.00654	0.00178	0.00267	0.01048	0.00583	0.00507
137	0.00805	0.00537	0.00604	0.00604	0.00604	0.00537	0.00336	0.00805	0.00805	0.01074	0.01745	0.03624	0.02013	0.80536	0.02819	0.00537	0.00537	0.00805	0.00336	0.00336
138	0.01307	0.01494	0.03268	0.02334	0.02894	0.01401	0.75070	0.01774	0.01307	0.01774	0.01120	0.01494	0.00840	0.00467	0.00654	0.00187	0.00934	0.00654	0.00280	0.00747
139	0.01212	0.01212	0.01696	0.01454	0.01454	0.01696	0.01212	0.01333	0.00848	0.01333	0.00727	0.01212	0.00727	0.00969	0.01818	0.00242	0.79523	0.00485	0.00242	0.00606
140	0.01111	0.02865	0.77667	0.01579	0.02397	0.01286	0.02046	0.01754	0.01169	0.01754	0.00994	0.01169	0.00702	0.00526	0.00526	0.00175	0.00818	0.00409	0.00234	0.00818
141	0.00803	0.00545	0.00647	0.00647	0.00662	0.00560	0.00389	0.00833	0.00818	0.01106	0.01706	0.03406	0.01919	0.69008	0.14217	0.00590	0.00680	0.00773	0.00330	0.00360
142	0.01481	0.80869	0.02902	0.00948	0.01421	0.02191	0.00948	0.01658	0.01125	0.01303	0.00770	0.00888	0.00711	0.00474	0.00355	0.00118	0.00592	0.00296	0.00237	0.00711
143	0.01212	0.01212	0.01696	0.01454	0.01454	0.01696	0.01212	0.01333	0.00848	0.01333	0.00727	0.01212	0.00727	0.00969	0.01818	0.00242	0.79523	0.00485	0.00242	0.00606
144	0.00675	0.00482	0.00643	0.00771	0.00803	0.00450	0.00514	0.00771	0.01060	0.01414	0.03053	0.80175	0.03663	0.01735	0.00707	0.00225	0.00321	0.01574	0.00514	0.00450
145	0.01219	0.01604	0.14100	0.02077	0.02627	0.01295	0.57288	0.01678	0.01264	0.01738	0.01281	0.08739	0.01081	0.00593	0.00640	0.00189	0.00860	0.00703	0.00295	0.00730
146	0.84448	0.01071	0.00814	0.00728	0.01071	0.01242	0.00600	0.01628	0.00943	0.02485	0.00771	0.00900	0.00600	0.00514	0.00343	0.00171	0.00428	0.00300	0.00343	0.00600
147	0.00776	0.00625	0.00700	0.00677	0.00854	0.00579	0.00514	0.01099	0.08518	0.01836	0.30476	0.04621	0.42125	0.01248	0.00649	0.00185	0.00295	0.03143	0.00553	0.00527
148	0.00678	0.00485	0.00646	0.00769	0.00804	0.00452	0.00514	0.00779	0.01076	0.01438	0.05270	0.77888	0.03710	0.01717	0.00705	0.00223	0.00320	0.01557	0.00517	0.00452
149	0.00805	0.00537	0.00604	0.00604	0.00604	0.00537	0.00336	0.00805	0.00805	0.01074	0.01745	0.03624	0.02013	0.80536	0.02819	0.00537	0.00537	0.00805	0.00336	0.00336
150	0.00844	0.00567	0.00636	0.00624	0.00638	0.00572	0.00357	0.03044	0.00859	0.01147	0.01733	0.03555	0.01981	0.78134	0.02751	0.00526	0.00539	0.00796	0.00342	0.00354
151	0.01418	0.67688	0.15536	0.01054	0.01586	0.02038	0.01133	0.01675	0.01133	0.01379	0.00808	0.00936	0.00709	0.00483	0.00384	0.00128	0.00631	0.00315	0.00236	0.00729
152	0.01104	0.01043	0.01765	0.65753	0.16816	0.01246	0.01567	0.01466	0.01135	0.01485	0.00995	0.01458	0.00763	0.00543	0.00553	0.00181	0.00724	0.00492	0.00251	0.00662
153	0.00892	0.00637	0.00892	0.01020	0.01147	0.00637	0.00892	0.01147	0.01275	0.01657	0.02932	0.06247	0.03187	0.01530	0.00765	0.00255	0.00510	0.73354	0.00510	0.00510
154	0.01488	0.04076	0.01371	0.01142	0.01480	0.01456	0.00905	0.13461	0.62679	0.02452	0.02066	0.01917	0.01546	0.00729	0.00555	0.00182	0.00469	0.00596	0.00551	0.00880
155	0.02979	0.32740	0.27116	0.01140	0.01649	0.01485	0.01249	0.03160	0.01233	0.03623	0.08060	0.03637	0.01444	0.00692	0.00496	0.00161	0.00617	0.07483	0.00323	0.00713
156	0.04571	0.30368	0.36248	0.01376	0.01992	0.01594	0.10325	0.01684	0.01148	0.01600	0.00947	0.01185	0.00764	0.03345	0.00555	0.00169	0.00726	0.00408	0.00248	0.00746
157	0.00779	0.00566	0.00733	0.00691	0.00824	0.00520	0.00519	0.01035	0.01556	0.02192	0.73976	0.04184	0.08057	0.01143	0.00653	0.00175	0.00262	0.01008	0.00606	0.00520
158	0.00684	0.00489	0.00651	0.00765	0.00805	0.00456	0.00515	0.00794	0.01103	0.01482	0.09321	0.73710	0.03796	0.01684	0.00702	0.00221	0.00316	0.01526	0.00522	0.00456
159	0.01356	0.54623	0.28058	0.01160	0.01750	0.01887	0.01317	0.01691	0.01140	0.01455	0.00845	0.00983	0.00708	0.00491	0.00413	0.00138	0.00668	0.00334	0.00236	0.00747
160	0.01834	0.01416	0.01522	0.02886	0.01667	0.01591	0.01003	0.48962	0.27675	0.03045	0.01638	0.01584	0.01193	0.00692	0.00557	0.00174	0.00554	0.00542	0.00551	0.00913
161	0.00677	0.00562	0.00592	0.00584	0.00762	0.00477	0.00438	0.00838	0.01315	0.01621	0.17880	0.05124	0.64509	0.01356	0.00654	0.00185	0.00277	0.01140	0.00531	0.00477
162	0.03154	0.00973	0.01572	0.68638	0.03446	0.01206	0.01427	0.02960	0.01126	0.01507	0.01029	0.01498	0.00785	0.00670	0.02803	0.00203	0.02269	0.00491	0.03630	0.00614
163	0.08345	0.03825	0.36478	0.01308	0.03495	0.01203	0.01396	0.09541	0.03348	0.17574	0.01357	0.04141	0.00996	0.00615	0.00519	0.00170	0.00640	0.00483	0.00392	0.04173
164	0.07834	0.09525	0.37597	0.01705	0.03782	0.02909	0.23893	0.01772	0.02678	0.01780	0.01017	0.01238	0.00760	0.00507	0.00535	0.00173	0.00794	0.00469	0.00265	0.00768
165	0.00675	0.00482	0.00643	0.00771	0.00803	0.00450	0.00514	0.00771	0.01060	0.01414	0.03053	0.80175	0.03663	0.01735	0.00707	0.00225	0.00321	0.01574	0.00514	0.00450
166	0.01221	0.01640	0.19174	0.02279	0.23591	0.01250	0.29438	0.01664	0.01294	0.01831	0.09835	0.01693	0.01328	0.00565	0.00595	0.00176	0.00752	0.00594	0.00306	0.00774
167	0.02258	0.06565	0.05103	0.01125	0.03782	0.06227	0.00934	0.04610	0.02943	0.57746	0.01885	0.01696	0.01229	0.00651	0.00538	0.00166	0.00541	0.00516	0.00588	0.00897
168	0.00675	0.00482	0.00643	0.00771	0.00803	0.00450	0.00514	0.00771	0.01060	0.01414	0.03053	0.80175	0.03663	0.01735	0.00707	0.00225	0.00321	0.01574	0.00514	0.00450
169	0.01111	0.02865	0.77667	0.01579	0.02397	0.01286	0.02046	0.01754	0.01169	0.01754	0.00994	0.01169	0.00702	0.00526	0.00526	0.00175	0.00818	0.00409	0.00234	0.00818
170	0.01384	0.06058	0.02206	0.04427	0.58620	0.06124	0.05114	0.01696	0.01272	0.01733	0.01124	0.01602	0.00983	0.00556	0.00551	0.00167	0.00682	0.04595	0.00286	0.00821
171	0.01393	0.01357	0.02227	0.03337	0.74716	0.03733	0.01680	0.01716	0.01271	0.01795	0.01036	0.01359	0.00872	0.00496	0.00547	0.00164	0.00669	0.00489	0.00274	0.00870
172	0.00792	0.00591	0.00878	0.00878	0.00972	0.00686	0.00677	0.00981	0.00886	0.01276	0.01495	0.02239	0.01412	0.07468	0.75064	0.00875	0.01442	0.00603	0.00298	0.00488
173	0.01093	0.02741	0.73531	0.01531	0.02313	0.01245	0.01964	0.01716	0.01191	0.01779	0.05068	0.01329	0.00945	0.00559	0.00533	0.00175	0.00789	0.00441	0.00254	0.00803
174	0.09080	0.28472	0.34028	0.03412	0.04301	0.03285	0.03653	0.04895	0.01210	0.01732	0.00915	0.01078	0.00716	0.00513	0.00458	0.00155	0.00698	0.00376	0.00263	0.00758
175	0.01221	0.01137	0.01729	0.28277	0.26489	0.03609	0.03978	0.05110	0.06888	0.01733	0.01496	0.07653	0.03391	0.00711	0.00579	0.00183	0.00644	0.04119	0.00336	0.00718
176	0.01378	0.01190	0.01252	0.01127	0.01440	0.01378	0.00877	0.02943	0.76081	0.02317	0.02254	0.02066	0.01691	0.00751	0.00564	0.00188	0.00438	0.00626	0.00564	0.00877
177	0.82076	0.01122	0.03001	0.00753	0.01109	0.01244	0.00641	0.01632	0.00949	0.02464	0.00777	0.00907	0.00603	0.00514	0.00348	0.00171	0.00440	0.00303	0.00340	0.00606
178	0.00793	0.00628	0.00962	0.00951	0.01053	0.00599	0.08669	0.03006	0.01116	0.01494	0.02701	0.64298	0.03156	0.05131	0.02407	0.00247	0.00430	0.01389	0.00477	0.00492
179	0.01347	0.01006	0.01260	0.00929	0.01390	0.00822	0.04020	0.03554	0.04718	0.11693	0.04838	0.01449	0.01146	0.00505	0.00462	0.00110	0.00441	0.00423	0.00402	0.59485
180	0.01951	0.01449	0.01552	0.01216	0.01626	0.01607	0.00996	0.62446	0.11039	0.03273	0.03270	0.01509	0.01149	0.00685	0.00552	0.00168	0.00569	0.00526	0.03510	0.00909
181	0.01148	0.00984	0.01148	0.00820	0.01312	0.00738	0.00656	0.01395	0.01148	0.01805	0.00984	0.01148	0.00820	0.00410	0.00410	0.00082	0.00410	0.00328	0.00328	0.83922
182	0.01111	0.02865	0.77667	0.01579	0.02397	0.01286	0.02046	0.01754	0.01169	0.01754	0.00994	0.01169	0.00702	0.00526	0.00526	0.00175	0.00818	0.00409	0.00234	0.00818
183	0.01422	0.01273	0.01791	0.22948	0.29595	0.03577	0.01380	0.15448	0.10959	0.02059	0.01349	0.01574	0.02966	0.00601	0.00554	0.00173	0.00643	0.00525	0.00362	0.00801
184	0.00682	0.00562	0.00599	0.00590	0.00765	0.00479	0.00442	0.00848	0.01327	0.01649	0.20627	0.05078	0.61744	0.01346	0.00654	0.00184	0.00276	0.01134	0.00534	0.00479
185	0.01345	0.21409	0.41200	0.01456	0.02094	0.07662	0.08901	0.01839	0.03906	0.03812	0.01021	0.01173	0.00773	0.00524	0.00498	0.00161	0.00766	0.00414	0.00268	0.00777
186	0.01737	0.01623	0.03084	0.01305	0.05224	0.24204	0.00988	0.07880	0.28874	0.11792	0.01819	0.01833	0.04243	0.00707	0.00549	0.00171	0.00637	0.02065	0.00471	0.00795
187	0.01024	0.00885	0.01398	0.45129	0.02637	0.01059	0.02705	0.05583	0.01115	0.01482	0.01205	0.01827	0.01030	0.07634	0.22535	0.00408	0.00928	0.00548	0.00286	0.00582
188	0.01257	0.01341	0.07449	0.17749	0.45403	0.01271	0.07546	0.01618	0.01225	0.01727	0.03181	0.01455	0.00954	0.00531	0.00582	0.00170	0.02352	0.00509	0.00277	0.03403

[dist]
# distance from previous block
# <min> <max>
1	9

[block]
# block no. 2 follows, 43 sequences, length 8
# corresponding to MSA columns:
# 467-474
name=unknown_C
#
# <colnr> <probs for GDERKNQSTAVLIFYWHMCP>
#	G	D	E	R	K	N	Q	S	T	A	V	L	I	F	Y	W	H	M	C	P
0	0.01478	0.01560	0.02153	0.08070	0.52246	0.16084	0.06933	0.01784	0.01313	0.01693	0.01008	0.01316	0.00834	0.00510	0.00547	0.00163	0.00749	0.00479	0.00275	0.00805
1	0.01530	0.18920	0.11584	0.07243	0.03502	0.01163	0.01021	0.01807	0.01332	0.24234	0.13368	0.02137	0.01785	0.04274	0.00632	0.00181	0.00541	0.03563	0.00446	0.00736
2	0.09528	0.00808	0.00994	0.00827	0.01137	0.00725	0.00656	0.01787	0.01406	0.33633	0.18404	0.08442	0.09101	0.00882	0.00562	0.00168	0.00387	0.00737	0.00571	0.09243
3	0.01444	0.00751	0.00958	0.00833	0.01078	0.00693	0.00654	0.04074	0.03513	0.28744	0.25563	0.03436	0.10769	0.08254	0.00820	0.00214	0.00399	0.06541	0.00590	0.00671
4	0.66107	0.01178	0.01003	0.00850	0.01215	0.01348	0.00701	0.18023	0.01313	0.02709	0.00896	0.00995	0.00676	0.00548	0.00390	0.00170	0.00469	0.00344	0.00390	0.00676
5	0.00805	0.00537	0.00604	0.00604	0.00604	0.00537	0.00336	0.00805	0.00805	0.01074	0.01745	0.03624	0.02013	0.80536	0.02819	0.00537	0.00537	0.00805	0.00336	0.00336
6	0.45165	0.01221	0.01170	0.00951	0.01340	0.01351	0.00785	0.27275	0.01603	0.12667	0.01150	0.01178	0.00819	0.00589	0.00444	0.00170	0.00497	0.00402	0.00461	0.00763
7	0.08841	0.01261	0.01789	0.33270	0.31857	0.07369	0.01452	0.01669	0.04178	0.01697	0.01028	0.01369	0.00816	0.00536	0.00529	0.00172	0.00687	0.00470	0.00282	0.00728

[dist]
# distance from previous block
# <min> <max>
0	2

# created by:
# /st0/software/busco_prod/Augustus/scripts/msa2prfl.pl ./align_prep/168014.fa
