[name]
unknown

[dist]
# distance from previous block
# <min> <max>
0	224

[block]
# block no. 0 follows, 46 sequences, length 20
# corresponding to MSA columns:
# 230-249
name=unknown_A
#
# <colnr> <probs for GDERKNQSTAVLIFYWHMCP>
#	G	D	E	R	K	N	Q	S	T	A	V	L	I	F	Y	W	H	M	C	P
0	0.05534	0.00908	0.01148	0.01034	0.01282	0.00936	0.04488	0.21510	0.01549	0.06572	0.06187	0.12926	0.02238	0.01071	0.00618	0.00197	0.00489	0.28290	0.00491	0.02531
1	0.04952	0.03036	0.04128	0.01056	0.01438	0.03219	0.02396	0.21365	0.04827	0.36447	0.01654	0.03957	0.01186	0.03567	0.00631	0.00176	0.02697	0.00529	0.00528	0.02211
2	0.04615	0.05093	0.03509	0.02425	0.07052	0.04452	0.04541	0.19784	0.05580	0.17711	0.01565	0.08479	0.01318	0.10551	0.00791	0.00207	0.00548	0.00600	0.00448	0.00729
3	0.00894	0.08956	0.00950	0.00822	0.00949	0.00698	0.00642	0.02732	0.01143	0.04768	0.07037	0.39730	0.02946	0.05394	0.00743	0.00220	0.00399	0.20010	0.00467	0.00499
4	0.06377	0.00947	0.01231	0.00948	0.01354	0.00858	0.00783	0.07780	0.01552	0.69432	0.01962	0.01716	0.01244	0.00645	0.00521	0.00163	0.00457	0.00516	0.00629	0.00884
5	0.04099	0.01190	0.01449	0.01136	0.01525	0.01238	0.05406	0.33927	0.11115	0.26722	0.01689	0.05407	0.01228	0.00686	0.00538	0.00167	0.00521	0.00562	0.00547	0.00849
6	0.11599	0.01318	0.06502	0.05082	0.12480	0.01242	0.33847	0.03430	0.01219	0.09770	0.02802	0.01398	0.00909	0.00530	0.00618	0.00174	0.05508	0.00527	0.00321	0.00722
7	0.00838	0.00580	0.00620	0.00585	0.00792	0.00487	0.00447	0.00981	0.01243	0.10838	0.04956	0.04686	0.68555	0.01255	0.00613	0.00177	0.00290	0.01044	0.00511	0.00502
8	0.00944	0.00489	0.00507	0.00522	0.00634	0.00485	0.00384	0.01171	0.01097	0.01895	0.01870	0.11631	0.01617	0.00743	0.00407	0.00134	0.00254	0.00616	0.74115	0.00485
9	0.01983	0.11464	0.01573	0.01159	0.01510	0.34924	0.00929	0.11294	0.05665	0.22541	0.01279	0.01264	0.00928	0.00584	0.00485	0.00146	0.00695	0.00416	0.00416	0.00746
10	0.01221	0.01527	0.13659	0.06643	0.02479	0.01343	0.46387	0.01624	0.01151	0.03675	0.01009	0.01345	0.00773	0.00545	0.00784	0.00185	0.14139	0.00551	0.00263	0.00698
11	0.00626	0.00532	0.00539	0.00546	0.00717	0.00445	0.00406	0.00758	0.01195	0.01424	0.05233	0.08911	0.74164	0.01355	0.00627	0.00180	0.00270	0.01135	0.00491	0.00445
12	0.05924	0.01198	0.01494	0.06969	0.01678	0.04447	0.05479	0.20913	0.05401	0.29000	0.01449	0.01463	0.01009	0.00651	0.00671	0.00172	0.10315	0.00494	0.00479	0.00795
13	0.01936	0.01295	0.01507	0.10799	0.01822	0.01410	0.01014	0.51183	0.04163	0.17333	0.01408	0.01406	0.00973	0.00628	0.00530	0.00162	0.00567	0.00489	0.00517	0.00859
14	0.00768	0.00573	0.00703	0.00658	0.00805	0.00529	0.00497	0.03658	0.01471	0.02019	0.59928	0.04091	0.20094	0.01119	0.00620	0.00169	0.00265	0.00972	0.00561	0.00502
15	0.00769	0.00513	0.00577	0.00577	0.00577	0.00513	0.00320	0.00769	0.00769	0.01025	0.01666	0.03460	0.01922	0.81421	0.02691	0.00513	0.00513	0.00769	0.00320	0.00320
16	0.01916	0.01486	0.01572	0.01242	0.01636	0.10954	0.05486	0.43999	0.11779	0.12344	0.01419	0.01398	0.01010	0.00625	0.00530	0.00160	0.00608	0.00491	0.00499	0.00845
17	0.04553	0.01300	0.06298	0.12999	0.23286	0.07338	0.04876	0.05635	0.03866	0.17615	0.01281	0.01484	0.00958	0.00636	0.02327	0.00178	0.00643	0.01702	0.00369	0.02655
18	0.01275	0.03926	0.01226	0.00919	0.02524	0.02292	0.02430	0.10801	0.08257	0.03529	0.01205	0.01319	0.00950	0.00492	0.00429	0.00111	0.00432	0.00395	0.10624	0.46866
19	0.01484	0.01414	0.10782	0.01160	0.01555	0.01360	0.01020	0.23789	0.36471	0.03867	0.01605	0.01568	0.01191	0.00653	0.00571	0.00167	0.03878	0.00511	0.00471	0.06484

[dist]
# distance from previous block
# <min> <max>
1	13

[block]
# block no. 1 follows, 46 sequences, length 11
# corresponding to MSA columns:
# 263-273
name=unknown_B
#
# <colnr> <probs for GDERKNQSTAVLIFYWHMCP>
#	G	D	E	R	K	N	Q	S	T	A	V	L	I	F	Y	W	H	M	C	P
0	0.01555	0.00924	0.01136	0.00855	0.01272	0.00769	0.00690	0.04674	0.03528	0.28427	0.06758	0.01571	0.01288	0.00550	0.00466	0.00120	0.00410	0.00448	0.00465	0.44094
1	0.03624	0.00573	0.00782	0.08973	0.01132	0.00567	0.00624	0.01015	0.01064	0.09286	0.02553	0.62085	0.02888	0.01399	0.00634	0.00204	0.00366	0.01257	0.00476	0.00499
2	0.01428	0.44600	0.14272	0.01277	0.09397	0.01715	0.01139	0.10607	0.03258	0.03529	0.00936	0.01049	0.00763	0.00493	0.00418	0.00133	0.00595	0.00357	0.00287	0.03747
3	0.00815	0.00618	0.00834	0.00956	0.08729	0.00584	0.00618	0.01052	0.03950	0.03457	0.34000	0.27197	0.12758	0.01203	0.00624	0.00182	0.00318	0.01070	0.00510	0.00527
4	0.00737	0.00514	0.00668	0.00758	0.00830	0.00485	0.00537	0.00893	0.03151	0.03831	0.04886	0.61559	0.09024	0.01542	0.00667	0.00211	0.00327	0.08418	0.00499	0.00464
5	0.00819	0.00556	0.00719	0.00673	0.00812	0.00507	0.00506	0.01054	0.01463	0.05913	0.66907	0.06439	0.09433	0.01095	0.00621	0.00169	0.00263	0.00963	0.00577	0.00513
6	0.05796	0.07604	0.06135	0.09347	0.01878	0.02924	0.11116	0.15937	0.15988	0.13039	0.01378	0.01442	0.01003	0.00596	0.00559	0.00167	0.03409	0.00494	0.00416	0.00773
7	0.01237	0.02455	0.63768	0.01453	0.02158	0.03715	0.03952	0.01814	0.03391	0.09547	0.01100	0.01215	0.00767	0.00524	0.00509	0.00167	0.00746	0.00416	0.00279	0.00788
8	0.00639	0.00499	0.00580	0.00638	0.00743	0.00440	0.00449	0.00757	0.01122	0.01415	0.06860	0.42217	0.38793	0.01485	0.00649	0.00196	0.00286	0.01299	0.00494	0.00440
9	0.01864	0.04674	0.03608	0.01069	0.01450	0.01192	0.00908	0.26666	0.12754	0.29220	0.01808	0.02015	0.01350	0.00726	0.00543	0.00170	0.00507	0.08092	0.00548	0.00835
10	0.07697	0.03881	0.01248	0.04980	0.01427	0.05213	0.00818	0.11805	0.12149	0.32268	0.01823	0.11420	0.01431	0.00754	0.00526	0.00169	0.00486	0.00615	0.00522	0.00770

[dist]
# distance from previous block
# <min> <max>
1	8

[block]
# block no. 2 follows, 46 sequences, length 44
# corresponding to MSA columns:
# 282-325
name=unknown_C
#
# <colnr> <probs for GDERKNQSTAVLIFYWHMCP>
#	G	D	E	R	K	N	Q	S	T	A	V	L	I	F	Y	W	H	M	C	P
0	0.01243	0.01141	0.01906	0.46350	0.03010	0.05214	0.19887	0.03222	0.01201	0.08124	0.01173	0.01505	0.02562	0.00541	0.00552	0.00173	0.00729	0.00522	0.00293	0.00650
1	0.29154	0.01590	0.01405	0.04634	0.18472	0.27308	0.01017	0.05467	0.01268	0.03905	0.00891	0.01057	0.00708	0.00517	0.00444	0.00153	0.00661	0.00368	0.00309	0.00670
2	0.56221	0.01054	0.01018	0.05964	0.03220	0.01175	0.00734	0.09823	0.01182	0.13802	0.01016	0.01091	0.00733	0.00533	0.00398	0.00164	0.00458	0.00360	0.00391	0.00665
3	0.02934	0.01063	0.01663	0.50350	0.18860	0.03059	0.01404	0.02962	0.01141	0.06447	0.01013	0.01377	0.00771	0.00544	0.00576	0.00172	0.04253	0.00467	0.00276	0.00666
4	0.00721	0.00537	0.00671	0.00642	0.00775	0.00487	0.00480	0.00944	0.01426	0.01964	0.61710	0.06513	0.18880	0.01148	0.00625	0.00170	0.00255	0.01003	0.00562	0.00487
5	0.00762	0.00516	0.00590	0.00585	0.00605	0.00509	0.00343	0.00794	0.00863	0.01160	0.10280	0.03564	0.04576	0.70018	0.02397	0.00464	0.00476	0.00800	0.00355	0.00344
6	0.00718	0.00523	0.00679	0.00713	0.00799	0.00494	0.00507	0.00936	0.03905	0.01757	0.39552	0.40577	0.04161	0.01342	0.00645	0.00190	0.00283	0.01204	0.00537	0.00478
7	0.00933	0.00828	0.01191	0.01088	0.01141	0.01085	0.00880	0.01089	0.00832	0.01247	0.01096	0.01669	0.01044	0.02619	0.44957	0.00576	0.36425	0.00520	0.00260	0.00519
8	0.85155	0.01022	0.00777	0.00695	0.01022	0.01186	0.00573	0.01554	0.00900	0.02372	0.00736	0.00859	0.00573	0.00491	0.00327	0.00164	0.00409	0.00286	0.00327	0.00573
9	0.00748	0.00540	0.00707	0.00665	0.00790	0.00499	0.00499	0.00998	0.01496	0.02120	0.77844	0.03949	0.04988	0.01081	0.00624	0.00166	0.00249	0.00956	0.00582	0.00499
10	0.85155	0.01022	0.00777	0.00695	0.01022	0.01186	0.00573	0.01554	0.00900	0.02372	0.00736	0.00859	0.00573	0.00491	0.00327	0.00164	0.00409	0.00286	0.00327	0.00573
11	0.00998	0.00940	0.01586	0.80150	0.03641	0.01175	0.01468	0.01351	0.01057	0.01351	0.00940	0.01409	0.00705	0.00529	0.00529	0.00176	0.00705	0.00470	0.00235	0.00587
12	0.01060	0.02735	0.78682	0.01507	0.02288	0.01228	0.01953	0.01674	0.01116	0.01674	0.00949	0.01116	0.00670	0.00502	0.00502	0.00167	0.00781	0.00391	0.00223	0.00781
13	0.85155	0.01022	0.00777	0.00695	0.01022	0.01186	0.00573	0.01554	0.00900	0.02372	0.00736	0.00859	0.00573	0.00491	0.00327	0.00164	0.00409	0.00286	0.00327	0.00573
14	0.00644	0.00460	0.00613	0.00736	0.00767	0.00429	0.00491	0.00736	0.01012	0.01350	0.02914	0.81076	0.03497	0.01656	0.00675	0.00215	0.00307	0.01503	0.00491	0.00429
15	0.00852	0.00608	0.00852	0.00974	0.01095	0.00608	0.00852	0.01095	0.01217	0.01582	0.02799	0.05963	0.03042	0.01460	0.00730	0.00243	0.00487	0.74565	0.00487	0.00487
16	0.00734	0.00531	0.00710	0.00824	0.00893	0.00517	0.00618	0.00923	0.03734	0.01454	0.02851	0.54383	0.03286	0.01561	0.00688	0.00223	0.00368	0.24752	0.00491	0.00462
17	0.01232	0.01178	0.02008	0.22118	0.59845	0.01236	0.01585	0.01556	0.01168	0.01635	0.00981	0.01333	0.00805	0.00485	0.00525	0.00162	0.00647	0.00471	0.00255	0.00776
18	0.04686	0.00903	0.01214	0.00934	0.01340	0.00788	0.00771	0.02548	0.01496	0.76362	0.02048	0.01773	0.01288	0.00650	0.00526	0.00164	0.00449	0.00525	0.00645	0.00891
19	0.00680	0.00475	0.00603	0.00690	0.00712	0.00453	0.00442	0.00745	0.00942	0.01256	0.02556	0.58820	0.03045	0.24528	0.01253	0.00300	0.00366	0.01292	0.00442	0.00398
20	0.01415	0.00700	0.00785	0.00678	0.00900	0.00691	0.00535	0.10380	0.01361	0.19158	0.01751	0.01850	0.01291	0.00627	0.00424	0.00136	0.00331	0.00499	0.55857	0.00631
21	0.00852	0.00608	0.00852	0.00974	0.01095	0.00608	0.00852	0.01095	0.01217	0.01582	0.02799	0.05963	0.03042	0.01460	0.00730	0.00243	0.00487	0.74565	0.00487	0.00487
22	0.00998	0.00940	0.01586	0.80150	0.03641	0.01175	0.01468	0.01351	0.01057	0.01351	0.00940	0.01409	0.00705	0.00529	0.00529	0.00176	0.00705	0.00470	0.00235	0.00587
23	0.00644	0.00460	0.00613	0.00736	0.00767	0.00429	0.00491	0.00736	0.01012	0.01350	0.02914	0.81076	0.03497	0.01656	0.00675	0.00215	0.00307	0.01503	0.00491	0.00429
24	0.01669	0.00748	0.00962	0.00797	0.01032	0.00688	0.00594	0.03610	0.01217	0.43133	0.01877	0.02468	0.01548	0.33535	0.03509	0.00323	0.00504	0.00627	0.00506	0.00653
25	0.01157	0.01157	0.01619	0.01388	0.01388	0.01619	0.01157	0.01272	0.00810	0.01272	0.00694	0.01157	0.00694	0.00925	0.01735	0.00231	0.80453	0.00463	0.00231	0.00578
26	0.00648	0.00462	0.00612	0.00731	0.00761	0.00432	0.00485	0.00737	0.01004	0.01339	0.02874	0.78626	0.03447	0.04174	0.00738	0.00224	0.00313	0.01480	0.00485	0.00426
27	0.85155	0.01022	0.00777	0.00695	0.01022	0.01186	0.00573	0.01554	0.00900	0.02372	0.00736	0.00859	0.00573	0.00491	0.00327	0.00164	0.00409	0.00286	0.00327	0.00573
28	0.00655	0.00477	0.00615	0.00720	0.00771	0.00442	0.00493	0.00757	0.01039	0.01362	0.03169	0.66624	0.12300	0.03512	0.00720	0.00219	0.00315	0.04893	0.00487	0.00432
29	0.07088	0.01294	0.01497	0.01147	0.01561	0.01359	0.05894	0.45567	0.06380	0.04398	0.01225	0.01284	0.00903	0.00605	0.00536	0.02221	0.00542	0.00453	0.00456	0.15589
30	0.02112	0.01016	0.01265	0.00993	0.01379	0.00982	0.00812	0.16215	0.09896	0.52590	0.05595	0.01823	0.01443	0.00678	0.00536	0.00165	0.00461	0.00549	0.00615	0.00873
31	0.01225	0.01125	0.01575	0.01346	0.01374	0.01541	0.01120	0.01348	0.00856	0.06239	0.00802	0.01221	0.00749	0.00984	0.03613	0.00243	0.73315	0.00470	0.00260	0.00596
32	0.00913	0.00553	0.00651	0.00636	0.00748	0.00547	0.02077	0.03709	0.01146	0.01796	0.10606	0.15286	0.02200	0.11497	0.00772	0.00199	0.00322	0.02273	0.43589	0.00479
33	0.00731	0.00535	0.00686	0.00659	0.00782	0.00490	0.00490	0.00961	0.01441	0.02012	0.66952	0.09006	0.11000	0.01139	0.00627	0.00170	0.00255	0.01005	0.00568	0.00490
34	0.36126	0.00766	0.00703	0.00653	0.00807	0.00841	0.00454	0.04252	0.00895	0.01685	0.01260	0.02280	0.01315	0.44189	0.01612	0.00352	0.00472	0.00555	0.00332	0.00450
35	0.01413	0.81739	0.02770	0.00905	0.01357	0.02092	0.00905	0.01583	0.01074	0.01244	0.00735	0.00848	0.00678	0.00452	0.00339	0.00113	0.00565	0.00283	0.00226	0.00678
36	0.00820	0.00587	0.00807	0.00878	0.01001	0.00575	0.00743	0.01065	0.01303	0.01748	0.25963	0.05342	0.03643	0.01343	0.00697	0.00220	0.00414	0.51844	0.00516	0.00491
37	0.01406	0.01328	0.01237	0.01116	0.01411	0.12128	0.00862	0.02712	0.66675	0.02084	0.01967	0.01831	0.01484	0.00693	0.00529	0.00173	0.00493	0.00562	0.00501	0.00806
38	0.01442	0.01027	0.01122	0.00990	0.01286	0.01140	0.00775	0.02597	0.56986	0.13975	0.02094	0.01945	0.01538	0.00696	0.00518	0.00171	0.00404	0.00576	0.09910	0.00808
39	0.01096	0.00940	0.01096	0.00783	0.01253	0.00705	0.00626	0.01331	0.01096	0.01723	0.00940	0.01096	0.00783	0.00392	0.00392	0.00078	0.00392	0.00313	0.00313	0.84653
40	0.01105	0.00939	0.01135	0.00928	0.06168	0.00730	0.00678	0.01345	0.01104	0.01735	0.00980	0.01151	0.00814	0.00407	0.00399	0.00085	0.00400	0.00332	0.04283	0.75282
41	0.00868	0.00580	0.00644	0.00611	0.00807	0.00493	0.00464	0.01016	0.01253	0.11780	0.09534	0.09461	0.58071	0.01251	0.00615	0.00178	0.00293	0.01052	0.00519	0.00509
42	0.26272	0.01189	0.01211	0.00993	0.01354	0.01314	0.00807	0.30206	0.15667	0.11784	0.01413	0.03249	0.01046	0.00634	0.00475	0.00166	0.00479	0.00474	0.00485	0.00781
43	0.06630	0.01247	0.04953	0.01022	0.01456	0.01179	0.00866	0.29598	0.09720	0.11224	0.01311	0.01321	0.00957	0.00558	0.00476	0.00138	0.00491	0.00431	0.00453	0.25968

[dist]
# distance from previous block
# <min> <max>
0	1

[block]
# block no. 3 follows, 46 sequences, length 40
# corresponding to MSA columns:
# 327-335,338-368
name=unknown_D
#
# <colnr> <probs for GDERKNQSTAVLIFYWHMCP>
#	G	D	E	R	K	N	Q	S	T	A	V	L	I	F	Y	W	H	M	C	P
0	0.34929	0.01269	0.01143	0.00998	0.03709	0.10469	0.00772	0.15872	0.05254	0.08509	0.01184	0.01235	0.02899	0.00562	0.00431	0.00152	0.00511	0.00396	0.00397	0.09310
1	0.01413	0.81739	0.02770	0.00905	0.01357	0.02092	0.00905	0.01583	0.01074	0.01244	0.00735	0.00848	0.00678	0.00452	0.00339	0.00113	0.00565	0.00283	0.00226	0.00678
2	0.00644	0.00460	0.00613	0.00736	0.00767	0.00429	0.00491	0.00736	0.01012	0.01350	0.02914	0.81076	0.03497	0.01656	0.00675	0.00215	0.00307	0.01503	0.00491	0.00429
3	0.00656	0.00465	0.00610	0.00720	0.00748	0.00438	0.00474	0.00739	0.00988	0.01317	0.02790	0.73358	0.03340	0.09588	0.00875	0.00244	0.00327	0.01430	0.00474	0.00419
4	0.00644	0.00522	0.00572	0.00589	0.00733	0.00450	0.00430	0.00784	0.01206	0.01500	0.13986	0.19128	0.54880	0.01366	0.00634	0.00184	0.00273	0.01168	0.00502	0.00450
5	0.02197	0.00890	0.01191	0.00928	0.01310	0.00789	0.00761	0.04220	0.03597	0.68134	0.08488	0.01974	0.01619	0.00692	0.00540	0.00164	0.00435	0.00568	0.00642	0.00864
6	0.02010	0.01481	0.01587	0.01216	0.01639	0.01639	0.01005	0.76360	0.02486	0.03332	0.01269	0.01269	0.00899	0.00635	0.00529	0.00159	0.00582	0.00476	0.00529	0.00899
7	0.02337	0.00907	0.01226	0.00945	0.01350	0.00795	0.00779	0.02584	0.03998	0.75984	0.02088	0.01805	0.01319	0.00656	0.00532	0.00164	0.00449	0.00534	0.00650	0.00898
8	0.85155	0.01022	0.00777	0.00695	0.01022	0.01186	0.00573	0.01554	0.00900	0.02372	0.00736	0.00859	0.00573	0.00491	0.00327	0.00164	0.00409	0.00286	0.00327	0.00573
9	0.01096	0.00940	0.01096	0.00783	0.01253	0.00705	0.00626	0.01331	0.01096	0.01723	0.00940	0.01096	0.00783	0.00392	0.00392	0.00078	0.00392	0.00313	0.00313	0.84653
10	0.85155	0.01022	0.00777	0.00695	0.01022	0.01186	0.00573	0.01554	0.00900	0.02372	0.00736	0.00859	0.00573	0.00491	0.00327	0.00164	0.00409	0.00286	0.00327	0.00573
11	0.56228	0.01117	0.06411	0.00817	0.01171	0.01114	0.00716	0.06309	0.01088	0.12406	0.01030	0.01191	0.00786	0.04458	0.03086	0.00203	0.00490	0.00370	0.00374	0.00636
12	0.00769	0.00513	0.00577	0.00577	0.00577	0.00513	0.00320	0.00769	0.00769	0.01025	0.01666	0.03460	0.01922	0.81421	0.02691	0.00513	0.00513	0.00769	0.00320	0.00320
13	0.01988	0.01443	0.01558	0.01192	0.01616	0.01578	0.00984	0.71321	0.02405	0.05671	0.01283	0.01280	0.00908	0.00627	0.00524	0.00156	0.00571	0.00472	0.00525	0.03897
14	0.01364	0.01160	0.01223	0.01086	0.01393	0.01338	0.00849	0.08031	0.71866	0.02291	0.02089	0.01922	0.01563	0.00711	0.00537	0.00178	0.00430	0.00589	0.00537	0.00841
15	0.00748	0.00540	0.00707	0.00665	0.00790	0.00499	0.00499	0.00998	0.01496	0.02120	0.77844	0.03949	0.04988	0.01081	0.00624	0.00166	0.00249	0.00956	0.00582	0.00499
16	0.01449	0.68466	0.07523	0.00991	0.01445	0.10017	0.00984	0.01643	0.01121	0.01277	0.00757	0.00876	0.00678	0.00465	0.00364	0.00119	0.00619	0.00296	0.00231	0.00678
17	0.02372	0.00900	0.01227	0.00941	0.01350	0.00777	0.00777	0.02576	0.01513	0.78489	0.02086	0.01799	0.01309	0.00654	0.00532	0.00164	0.00450	0.00532	0.00654	0.00900
18	0.00630	0.00516	0.00556	0.00588	0.00728	0.00442	0.00425	0.00753	0.01154	0.01407	0.04712	0.25120	0.58292	0.01423	0.00638	0.00188	0.00278	0.01218	0.00491	0.00442
19	0.01066	0.00588	0.00614	0.00590	0.00740	0.00602	0.00460	0.07810	0.01237	0.02063	0.01761	0.02193	0.01435	0.00678	0.00409	0.00135	0.00293	0.05750	0.71050	0.00528
20	0.32252	0.01134	0.01211	0.04686	0.06526	0.01247	0.00845	0.25709	0.03974	0.09855	0.01265	0.06868	0.01014	0.00643	0.00466	0.00166	0.00490	0.00488	0.00433	0.00726
21	0.00779	0.00587	0.00740	0.02188	0.00878	0.00563	0.00532	0.01104	0.06820	0.02027	0.62233	0.06059	0.11317	0.01085	0.00617	0.00170	0.00273	0.00952	0.00561	0.00518
22	0.02355	0.00926	0.01243	0.00953	0.01363	0.00816	0.00787	0.05932	0.01557	0.75071	0.02049	0.01775	0.01290	0.00653	0.00532	0.00163	0.00456	0.00529	0.00649	0.00900
23	0.01133	0.01082	0.01853	0.46345	0.34741	0.01212	0.03137	0.01472	0.01122	0.01515	0.00965	0.01368	0.00762	0.00503	0.00528	0.00168	0.00677	0.00474	0.00247	0.00694
24	0.09359	0.07237	0.09495	0.01129	0.01564	0.01483	0.01012	0.47571	0.03336	0.07284	0.01232	0.01296	0.00900	0.02536	0.00543	0.00165	0.00567	0.00449	0.02023	0.00819
25	0.03962	0.01474	0.01396	0.01212	0.03625	0.24416	0.00939	0.09378	0.01450	0.29512	0.01335	0.01380	0.00964	0.00804	0.04378	0.00197	0.11955	0.00453	0.00432	0.00739
26	0.82809	0.03284	0.00833	0.00701	0.01032	0.01211	0.00582	0.01555	0.00905	0.02340	0.00736	0.00858	0.00575	0.00490	0.00327	0.00162	0.00413	0.00286	0.00324	0.00575
27	0.15824	0.00920	0.01154	0.00901	0.01296	0.00843	0.00744	0.02410	0.01413	0.66121	0.01866	0.01647	0.01189	0.00628	0.00498	0.00164	0.00443	0.00492	0.00601	0.00847
28	0.01070	0.01005	0.01640	0.61306	0.14284	0.01208	0.01438	0.01492	0.06476	0.01465	0.01027	0.01428	0.00788	0.00544	0.00559	0.00175	0.02713	0.00479	0.00260	0.00641
29	0.00743	0.00540	0.00699	0.00659	0.00786	0.00496	0.00494	0.00987	0.01483	0.02089	0.74547	0.04001	0.08305	0.01093	0.00624	0.00167	0.00250	0.00963	0.00578	0.00496
30	0.00785	0.00515	0.00678	0.00732	0.00818	0.00474	0.00519	0.00927	0.01169	0.06529	0.19864	0.52787	0.06936	0.01441	0.00654	0.00200	0.00307	0.03665	0.00522	0.00478
31	0.00659	0.00473	0.00633	0.00735	0.00777	0.00447	0.00500	0.00771	0.01051	0.01417	0.09973	0.70007	0.03536	0.01710	0.04384	0.00240	0.00354	0.01407	0.00490	0.00438
32	0.00653	0.00483	0.00611	0.00693	0.00760	0.00441	0.00476	0.00771	0.01103	0.01454	0.12197	0.58741	0.16616	0.01533	0.00660	0.00203	0.00293	0.01371	0.00502	0.00441
33	0.01315	0.01136	0.01195	0.01076	0.01375	0.01315	0.00837	0.02809	0.77168	0.02211	0.02152	0.01972	0.01614	0.00717	0.00538	0.00179	0.00418	0.00598	0.00538	0.00837
34	0.02372	0.00900	0.01227	0.00941	0.01350	0.00777	0.00777	0.02576	0.01513	0.78489	0.02086	0.01799	0.01309	0.00654	0.00532	0.00164	0.00450	0.00532	0.00654	0.00900
35	0.01197	0.01393	0.06122	0.11886	0.04701	0.01303	0.58031	0.01618	0.01199	0.01631	0.01066	0.02767	0.00828	0.00495	0.00640	0.00179	0.03384	0.00601	0.00264	0.00694
36	0.01136	0.00943	0.01102	0.00793	0.01258	0.00719	0.00635	0.01396	0.02688	0.03841	0.00996	0.01134	0.00815	0.00405	0.00398	0.00083	0.00394	0.00325	0.00327	0.80611
37	0.06326	0.12949	0.59019	0.01375	0.02057	0.01338	0.03150	0.01670	0.01104	0.03531	0.00933	0.01089	0.00684	0.00506	0.00497	0.00161	0.02239	0.00379	0.00242	0.00753
38	0.20164	0.01180	0.01176	0.00985	0.01324	0.03960	0.00791	0.23995	0.20463	0.11015	0.01746	0.03594	0.05998	0.00692	0.00495	0.00167	0.00474	0.00532	0.00488	0.00761
39	0.60317	0.08384	0.03239	0.04564	0.01286	0.01264	0.03148	0.01629	0.06371	0.02162	0.02965	0.01073	0.00793	0.00520	0.00375	0.00161	0.00459	0.00349	0.00331	0.00610

[dist]
# distance from previous block
# <min> <max>
2	8

[block]
# block no. 4 follows, 46 sequences, length 16
# corresponding to MSA columns:
# 377-392
name=unknown_E
#
# <colnr> <probs for GDERKNQSTAVLIFYWHMCP>
#	G	D	E	R	K	N	Q	S	T	A	V	L	I	F	Y	W	H	M	C	P
0	0.01049	0.00957	0.01424	0.01223	0.01314	0.01204	0.08181	0.02803	0.00946	0.01428	0.01202	0.10403	0.01183	0.01379	0.12946	0.00305	0.42298	0.00614	0.08583	0.00557
1	0.06923	0.00906	0.01202	0.00927	0.01332	0.00799	0.00766	0.02520	0.01479	0.74305	0.02011	0.01748	0.01268	0.00645	0.00520	0.00164	0.00448	0.00518	0.00636	0.00882
2	0.01427	0.25203	0.01634	0.00960	0.01263	0.06353	0.00788	0.19897	0.13468	0.01860	0.01315	0.01751	0.01174	0.19599	0.00979	0.00230	0.00558	0.00498	0.00375	0.00669
3	0.01225	0.04497	0.02765	0.04688	0.01272	0.01016	0.00829	0.06208	0.03426	0.13040	0.33094	0.02439	0.02608	0.00878	0.00844	0.00179	0.19225	0.00673	0.00466	0.00629
4	0.00797	0.00634	0.00900	0.19360	0.01455	0.00654	0.00719	0.01062	0.01370	0.01884	0.53977	0.03442	0.09784	0.00971	0.00601	0.00170	0.00358	0.00854	0.00493	0.00515
5	0.05925	0.00942	0.01122	0.00895	0.01230	0.00927	0.00729	0.19519	0.01647	0.37345	0.09499	0.01875	0.01559	0.00679	0.00505	0.00156	0.00427	0.00544	0.13696	0.00779
6	0.00832	0.00674	0.00972	0.00926	0.00998	0.00825	0.00726	0.00998	0.00867	0.01265	0.04889	0.02077	0.01413	0.08068	0.56166	0.00679	0.16274	0.00578	0.00290	0.00484
7	0.00838	0.00692	0.00997	0.01263	0.18971	0.00654	0.00745	0.01052	0.01282	0.01756	0.32398	0.18578	0.16535	0.01095	0.00610	0.00176	0.00353	0.00977	0.00473	0.00556
8	0.01271	0.00934	0.01114	0.00805	0.01266	0.00715	0.00647	0.01502	0.01153	0.12266	0.01097	0.01193	0.00855	0.00428	0.00411	0.00090	0.00400	0.00343	0.00360	0.73150
9	0.05562	0.00802	0.01063	0.00882	0.01198	0.00713	0.00701	0.02099	0.01369	0.57029	0.02222	0.20415	0.01792	0.00883	0.00556	0.00176	0.00414	0.00750	0.00602	0.00775
10	0.01259	0.20273	0.02869	0.10455	0.02528	0.01497	0.50294	0.01630	0.01186	0.01550	0.00977	0.01288	0.00762	0.00456	0.00546	0.00163	0.00794	0.00527	0.00254	0.00691
11	0.01153	0.00994	0.01040	0.00949	0.01219	0.01111	0.00734	0.02327	0.59292	0.02027	0.02906	0.02706	0.19568	0.00864	0.00558	0.00179	0.00383	0.00720	0.00527	0.00745
12	0.00803	0.00574	0.00796	0.00918	0.01018	0.00566	0.00767	0.01011	0.01169	0.01527	0.02826	0.23639	0.03149	0.01506	0.00717	0.00237	0.00444	0.57371	0.00488	0.00473
13	0.02146	0.19924	0.01590	0.00932	0.01351	0.01086	0.00807	0.02343	0.01410	0.60311	0.01768	0.01575	0.01160	0.00607	0.00486	0.00152	0.00477	0.00473	0.00554	0.00848
14	0.01465	0.42353	0.20303	0.01148	0.01643	0.14261	0.01177	0.07573	0.02923	0.01538	0.00871	0.00986	0.00714	0.00499	0.00419	0.00135	0.00677	0.00339	0.00263	0.00713
15	0.01322	0.58174	0.04338	0.00907	0.01358	0.01728	0.00874	0.01517	0.01072	0.01369	0.00787	0.00923	0.00703	0.00454	0.00399	0.00110	0.02982	0.00298	0.00247	0.20440

[dist]
# distance from previous block
# <min> <max>
2	119

[block]
# block no. 5 follows, 46 sequences, length 34
# corresponding to MSA columns:
# 512-545
name=unknown_F
#
# <colnr> <probs for GDERKNQSTAVLIFYWHMCP>
#	G	D	E	R	K	N	Q	S	T	A	V	L	I	F	Y	W	H	M	C	P
0	0.10405	0.03853	0.20368	0.01080	0.03596	0.00976	0.01027	0.06479	0.02815	0.14778	0.07543	0.09670	0.03491	0.00771	0.00523	0.00168	0.00509	0.05406	0.00418	0.06125
1	0.16494	0.01444	0.14016	0.01497	0.14615	0.02769	0.05524	0.13541	0.03206	0.12846	0.01161	0.01256	0.00847	0.00530	0.00481	0.00155	0.00577	0.00430	0.00376	0.08234
2	0.05607	0.05636	0.20220	0.04365	0.03656	0.01293	0.06611	0.24225	0.03392	0.07997	0.02980	0.01336	0.00949	0.00561	0.00498	0.00155	0.00604	0.00454	0.02766	0.06694
3	0.06165	0.01296	0.08632	0.46146	0.06414	0.08794	0.03008	0.01607	0.04371	0.05185	0.01028	0.01336	0.00769	0.00532	0.00508	0.00167	0.00687	0.00447	0.00280	0.02626
4	0.01361	0.01087	0.07017	0.04548	0.08929	0.00881	0.00898	0.05562	0.04380	0.15294	0.06331	0.01512	0.01195	0.00592	0.00541	0.03636	0.00472	0.00449	0.00393	0.34922
5	0.00764	0.00601	0.00866	0.07846	0.09374	0.00591	0.00688	0.00905	0.01078	0.01438	0.08280	0.49088	0.10240	0.01364	0.00695	0.03703	0.00374	0.01180	0.00440	0.00486
6	0.00653	0.00467	0.00624	0.00747	0.00781	0.00437	0.00507	0.00752	0.01021	0.01360	0.02909	0.77772	0.03477	0.01648	0.00677	0.00216	0.00315	0.04716	0.00491	0.00432
7	0.01084	0.00923	0.01084	0.00793	0.01245	0.00700	0.00638	0.01319	0.01102	0.01716	0.01033	0.01342	0.00897	0.00445	0.00409	0.00087	0.00396	0.04056	0.00322	0.80410
8	0.00852	0.00608	0.00852	0.00974	0.01095	0.00608	0.00852	0.01095	0.01217	0.01582	0.02799	0.05963	0.03042	0.01460	0.00730	0.00243	0.00487	0.74565	0.00487	0.00487
9	0.85155	0.01022	0.00777	0.00695	0.01022	0.01186	0.00573	0.01554	0.00900	0.02372	0.00736	0.00859	0.00573	0.00491	0.00327	0.00164	0.00409	0.00286	0.00327	0.00573
10	0.02010	0.01481	0.01587	0.01216	0.01639	0.01639	0.01005	0.76360	0.02486	0.03332	0.01269	0.01269	0.00899	0.00635	0.00529	0.00159	0.00582	0.00476	0.00529	0.00899
11	0.00736	0.00510	0.00674	0.00705	0.00792	0.00472	0.00501	0.00909	0.01265	0.03497	0.40251	0.40813	0.04190	0.01346	0.00646	0.00189	0.00281	0.01208	0.00540	0.00475
12	0.00756	0.00565	0.00842	0.00842	0.00933	0.00657	0.00651	0.00939	0.00847	0.01221	0.01423	0.02117	0.01339	0.06205	0.77109	0.00840	0.01390	0.00572	0.00284	0.00468
13	0.01060	0.02735	0.78682	0.01507	0.02288	0.01228	0.01953	0.01674	0.01116	0.01674	0.00949	0.01116	0.00670	0.00502	0.00502	0.00167	0.00781	0.00391	0.00223	0.00781
14	0.85155	0.01022	0.00777	0.00695	0.01022	0.01186	0.00573	0.01554	0.00900	0.02372	0.00736	0.00859	0.00573	0.00491	0.00327	0.00164	0.00409	0.00286	0.00327	0.00573
15	0.02321	0.00888	0.01211	0.00932	0.01332	0.00768	0.00768	0.02527	0.01513	0.76102	0.04454	0.01867	0.01424	0.00668	0.00535	0.00164	0.00444	0.00545	0.00652	0.00887
16	0.00769	0.00549	0.00757	0.00879	0.00964	0.00537	0.00708	0.00952	0.01135	0.01489	0.02845	0.35979	0.03224	0.01539	0.00708	0.00232	0.00415	0.45369	0.00488	0.00464
17	0.00767	0.00520	0.00616	0.00616	0.00630	0.00534	0.00370	0.00794	0.00781	0.01054	0.01629	0.03259	0.01835	0.70162	0.13831	0.00562	0.00644	0.00739	0.00315	0.00342
18	0.00736	0.00540	0.00690	0.00652	0.00782	0.00494	0.00489	0.00974	0.01468	0.02052	0.70764	0.04060	0.12111	0.01106	0.00624	0.00167	0.00251	0.00972	0.00573	0.00494
19	0.00644	0.00460	0.00613	0.00736	0.00767	0.00429	0.00491	0.00736	0.01012	0.01350	0.02914	0.81076	0.03497	0.01656	0.00675	0.00215	0.00307	0.01503	0.00491	0.00429
20	0.00769	0.00513	0.00577	0.00577	0.00577	0.00513	0.00320	0.00769	0.00769	0.01025	0.01666	0.03460	0.01922	0.81421	0.02691	0.00513	0.00513	0.00769	0.00320	0.00320
21	0.01060	0.02735	0.78682	0.01507	0.02288	0.01228	0.01953	0.01674	0.01116	0.01674	0.00949	0.01116	0.00670	0.00502	0.00502	0.00167	0.00781	0.00391	0.00223	0.00781
22	0.00830	0.00601	0.00821	0.00931	0.01058	0.00593	0.00808	0.01062	0.01216	0.01567	0.03049	0.05878	0.10355	0.01449	0.00720	0.00237	0.00465	0.67391	0.00487	0.00483
23	0.00826	0.00558	0.00731	0.00678	0.00816	0.00512	0.00512	0.01073	0.01497	0.05762	0.74231	0.03846	0.04813	0.01060	0.00619	0.00166	0.00259	0.00936	0.00585	0.00518
24	0.00799	0.00598	0.00748	0.00700	0.00844	0.00577	0.00528	0.01166	0.08877	0.02103	0.67742	0.03798	0.07384	0.01055	0.00615	0.00168	0.00267	0.00927	0.00574	0.00530
25	0.00738	0.00527	0.00710	0.00732	0.00785	0.00561	0.00511	0.00849	0.00882	0.01223	0.04961	0.17972	0.02090	0.28331	0.36082	0.00589	0.00861	0.00830	0.00348	0.00416
26	0.01128	0.01308	0.12356	0.22421	0.41088	0.01152	0.01509	0.01476	0.01154	0.01594	0.01400	0.01677	0.08308	0.00575	0.00532	0.00165	0.00634	0.00523	0.00272	0.00727
27	0.00649	0.00466	0.00616	0.00727	0.00766	0.00433	0.00489	0.00750	0.01042	0.01391	0.06760	0.75034	0.05682	0.01618	0.00671	0.00211	0.00303	0.01464	0.00495	0.00433
28	0.41019	0.01036	0.01084	0.08599	0.01450	0.01132	0.00775	0.09313	0.06666	0.22305	0.01263	0.01279	0.00885	0.00568	0.00435	0.00165	0.00466	0.00410	0.00439	0.00711
29	0.02980	0.11801	0.44121	0.08187	0.05919	0.01260	0.02941	0.03350	0.01162	0.01656	0.03290	0.01676	0.01042	0.00609	0.00510	0.00168	0.00686	0.07653	0.00273	0.00715
30	0.01069	0.00691	0.00965	0.01054	0.11630	0.00640	0.00687	0.01305	0.01408	0.13766	0.44966	0.05988	0.09769	0.00960	0.00591	0.00166	0.00337	0.00844	0.02563	0.00601
31	0.00658	0.00468	0.00618	0.00733	0.00764	0.00440	0.00490	0.00749	0.01002	0.01335	0.02828	0.73762	0.03379	0.06914	0.00809	0.00235	0.00326	0.03587	0.00479	0.00424
32	0.62044	0.01083	0.01089	0.01166	0.12887	0.01250	0.00801	0.03389	0.00977	0.02189	0.00785	0.00967	0.00633	0.00534	0.00500	0.00169	0.08265	0.00337	0.00313	0.00622
33	0.01166	0.01842	0.29014	0.07490	0.02662	0.01288	0.45368	0.01663	0.01189	0.01663	0.01019	0.01318	0.00750	0.00471	0.00575	0.00174	0.00840	0.00533	0.00250	0.00728

[dist]
# distance from previous block
# <min> <max>
0	1

[block]
# block no. 6 follows, 46 sequences, length 13
# corresponding to MSA columns:
# 547-559
name=unknown_G
#
# <colnr> <probs for GDERKNQSTAVLIFYWHMCP>
#	G	D	E	R	K	N	Q	S	T	A	V	L	I	F	Y	W	H	M	C	P
0	0.01765	0.01356	0.01466	0.03478	0.01615	0.01511	0.00962	0.52082	0.22591	0.02924	0.01488	0.01458	0.01083	0.00647	0.00527	0.00162	0.00536	0.00504	0.00516	0.03327
1	0.01169	0.00929	0.01092	0.00803	0.01234	0.00740	0.00642	0.05549	0.01231	0.05219	0.08484	0.01414	0.01221	0.00484	0.00428	0.00095	0.00391	0.00394	0.00366	0.68114
2	0.01325	0.07812	0.52303	0.01360	0.02002	0.01217	0.03495	0.01799	0.01171	0.15079	0.01124	0.01226	0.00790	0.00541	0.00553	0.00164	0.04392	0.00415	0.00303	0.02929
3	0.09984	0.04711	0.06516	0.01164	0.01587	0.01101	0.11175	0.08762	0.05504	0.37850	0.03262	0.01565	0.01145	0.00609	0.00546	0.00166	0.02547	0.00507	0.00493	0.00805
4	0.00729	0.00545	0.00685	0.00703	0.00830	0.00501	0.00545	0.00933	0.01321	0.01769	0.37918	0.12583	0.21756	0.01277	0.00650	0.00190	0.00307	0.15747	0.00532	0.00477
5	0.01001	0.00923	0.01494	0.56361	0.02949	0.01043	0.04705	0.01329	0.01115	0.01500	0.08421	0.01608	0.01138	0.00557	0.00521	0.00160	0.00620	0.00500	0.00282	0.13774
6	0.04033	0.01109	0.01256	0.00989	0.01358	0.01135	0.00809	0.37039	0.01897	0.26885	0.02169	0.02045	0.13115	0.00747	0.00535	0.00162	0.00477	0.00590	0.02842	0.00809
7	0.01157	0.01025	0.01586	0.67766	0.03327	0.01247	0.01395	0.13119	0.01281	0.01662	0.00991	0.01387	0.00735	0.00545	0.00529	0.00173	0.00685	0.00471	0.00281	0.00636
8	0.01147	0.01123	0.01537	0.01293	0.01367	0.01476	0.01073	0.01282	0.00855	0.01343	0.00733	0.01147	0.00708	0.00842	0.01524	0.00207	0.67892	0.00439	0.00244	0.13769
9	0.01290	0.01139	0.01262	0.01125	0.01377	0.01363	0.00887	0.02568	0.65188	0.02064	0.01923	0.01844	0.01469	0.00750	0.00726	0.00187	0.12975	0.00577	0.00490	0.00796
10	0.01975	0.02520	0.01498	0.01362	0.01634	0.79299	0.01021	0.02111	0.01498	0.01294	0.00817	0.00953	0.00681	0.00545	0.00477	0.00136	0.00953	0.00340	0.00272	0.00613
11	0.00664	0.00474	0.00637	0.00759	0.00799	0.00447	0.00526	0.00771	0.01032	0.01372	0.02903	0.73774	0.03452	0.01637	0.00680	0.00217	0.00324	0.08605	0.00490	0.00435
12	0.01060	0.02735	0.78682	0.01507	0.02288	0.01228	0.01953	0.01674	0.01116	0.01674	0.00949	0.01116	0.00670	0.00502	0.00502	0.00167	0.00781	0.00391	0.00223	0.00781

[dist]
# distance from previous block
# <min> <max>
0	0

# created by:
# /st0/software/busco_prod/Augustus/scripts/msa2prfl.pl ./align_prep/168007.fa
