[name]
unknown

[dist]
# distance from previous block
# <min> <max>
17	187

[block]
# block no. 0 follows, 41 sequences, length 73
# corresponding to MSA columns:
# 189-233,239-245,272-292
name=unknown_A
#
# <colnr> <probs for GDERKNQSTAVLIFYWHMCP>
#	G	D	E	R	K	N	Q	S	T	A	V	L	I	F	Y	W	H	M	C	P
0	0.03165	0.05481	0.06474	0.05292	0.03673	0.17676	0.00974	0.09634	0.05513	0.08601	0.01702	0.09840	0.04128	0.10864	0.00889	0.00224	0.02501	0.00654	0.02028	0.00688
1	0.11208	0.01231	0.01374	0.09515	0.01716	0.03140	0.00945	0.30238	0.05373	0.12707	0.04879	0.05131	0.01363	0.03641	0.00677	0.02069	0.00563	0.00581	0.00503	0.03145
2	0.12114	0.00928	0.02911	0.00933	0.01224	0.00872	0.03605	0.08579	0.01570	0.17449	0.32946	0.05973	0.03011	0.02942	0.00655	0.00189	0.00425	0.00774	0.00564	0.02335
3	0.16041	0.04211	0.01347	0.04485	0.01520	0.11053	0.00876	0.18522	0.04708	0.12268	0.03210	0.01637	0.02922	0.03083	0.04615	0.00215	0.00635	0.00499	0.02320	0.05831
4	0.32110	0.02709	0.02903	0.04100	0.02967	0.04321	0.00881	0.16471	0.02990	0.16791	0.03259	0.01383	0.01025	0.00615	0.00480	0.00170	0.00535	0.00446	0.00464	0.05381
5	0.01362	0.01101	0.01439	0.04284	0.04680	0.04586	0.09040	0.08436	0.12953	0.08708	0.19738	0.06164	0.06211	0.00849	0.00607	0.00176	0.00517	0.00750	0.00506	0.07894
6	0.01066	0.00533	0.00533	0.00533	0.00666	0.00533	0.00400	0.01333	0.01200	0.02132	0.01866	0.02132	0.01466	0.00666	0.00400	0.00133	0.00267	0.00533	0.83073	0.00533
7	0.01197	0.07665	0.53178	0.08720	0.02594	0.01411	0.12138	0.01766	0.01212	0.01742	0.01023	0.01266	0.00749	0.00544	0.00582	0.00181	0.02519	0.00460	0.00250	0.00804
8	0.00772	0.00548	0.00698	0.00759	0.00785	0.00552	0.00495	0.00844	0.00974	0.01312	0.02434	0.41804	0.02849	0.31740	0.08539	0.00418	0.02411	0.01205	0.00434	0.00428
9	0.04031	0.03585	0.01713	0.03406	0.01799	0.01748	0.01080	0.66230	0.05214	0.03419	0.01370	0.01383	0.00981	0.00678	0.00562	0.00172	0.00622	0.00509	0.00550	0.00947
10	0.00887	0.00601	0.00733	0.00717	0.00816	0.00573	0.00498	0.01067	0.03150	0.04648	0.29648	0.10688	0.09244	0.29670	0.01486	0.00324	0.00403	0.03854	0.00509	0.00485
11	0.01183	0.01228	0.13042	0.04689	0.03506	0.02772	0.00983	0.06240	0.10360	0.06553	0.16332	0.12670	0.10673	0.00991	0.00617	0.00186	0.00494	0.02452	0.00489	0.04540
12	0.08325	0.25356	0.09719	0.11934	0.01980	0.06977	0.06310	0.01627	0.01125	0.01546	0.00907	0.01212	0.00773	0.00788	0.03792	0.02102	0.14155	0.00426	0.00265	0.00681
13	0.25501	0.07993	0.04371	0.21701	0.04216	0.13185	0.04057	0.09353	0.01346	0.02027	0.00959	0.01196	0.00743	0.00562	0.00486	0.00172	0.00693	0.00417	0.00324	0.00699
14	0.18288	0.16679	0.01739	0.01237	0.01573	0.40884	0.03047	0.01965	0.01349	0.01632	0.00887	0.01068	0.00751	0.00744	0.04244	0.00190	0.02397	0.00368	0.00297	0.00663
15	0.03615	0.01443	0.03712	0.05482	0.41053	0.09210	0.01426	0.03412	0.05661	0.11761	0.03035	0.01534	0.01087	0.00606	0.00623	0.00175	0.04427	0.00517	0.00370	0.00850
16	0.00752	0.00554	0.00735	0.00805	0.00869	0.00537	0.00568	0.00902	0.01234	0.01681	0.21946	0.53485	0.05726	0.01589	0.00758	0.00219	0.03176	0.03426	0.00546	0.00492
17	0.00819	0.00605	0.00878	0.00878	0.00966	0.00692	0.00663	0.00995	0.00907	0.01297	0.01570	0.02457	0.01521	0.14893	0.67153	0.00868	0.01395	0.00644	0.00312	0.00488
18	0.02013	0.09692	0.01726	0.01373	0.01697	0.53692	0.01070	0.10352	0.04381	0.03424	0.01031	0.01159	0.00835	0.00709	0.02625	0.00173	0.02586	0.00404	0.00341	0.00716
19	0.00825	0.00583	0.00770	0.00770	0.00821	0.00634	0.00529	0.00926	0.00875	0.01217	0.01669	0.03003	0.01758	0.42493	0.39877	0.00735	0.01038	0.00723	0.00327	0.00428
20	0.02080	0.03684	0.01710	0.01404	0.04455	0.18268	0.01094	0.47564	0.07397	0.04715	0.01330	0.01356	0.00978	0.00661	0.00555	0.00167	0.00703	0.00488	0.00497	0.00892
21	0.00697	0.00498	0.00664	0.00796	0.00830	0.00465	0.00531	0.00796	0.01095	0.01460	0.03153	0.79525	0.03783	0.01792	0.00730	0.00232	0.00332	0.01626	0.00531	0.00465
22	0.06940	0.03041	0.01360	0.01094	0.03456	0.01049	0.00866	0.07896	0.11943	0.48552	0.06190	0.01962	0.01576	0.00721	0.00563	0.00178	0.00486	0.00583	0.00632	0.00911
23	0.02168	0.04789	0.01704	0.01327	0.04358	0.04343	0.01056	0.50813	0.04560	0.16794	0.01513	0.01472	0.01057	0.00675	0.00562	0.00170	0.00613	0.00516	0.00563	0.00947
24	0.01297	0.01082	0.01245	0.00900	0.01402	0.00876	0.00724	0.09601	0.01354	0.02059	0.01057	0.01207	0.00861	0.00453	0.00440	0.00094	0.00447	0.00359	0.00365	0.74178
25	0.00991	0.00805	0.00877	0.00843	0.01056	0.00817	0.00643	0.06962	0.19453	0.01922	0.05945	0.17177	0.34192	0.01285	0.00660	0.00202	0.00374	0.04622	0.00549	0.00624
26	0.01380	0.04962	0.04886	0.17667	0.09907	0.03220	0.05816	0.11098	0.06294	0.02000	0.01151	0.01375	0.00899	0.00537	0.00520	0.00149	0.00626	0.00459	0.00349	0.26705
27	0.05257	0.01925	0.05867	0.03477	0.20105	0.33588	0.03909	0.02066	0.01451	0.11406	0.01232	0.04939	0.01008	0.00632	0.00548	0.00166	0.00799	0.00503	0.00355	0.00765
28	0.00969	0.00765	0.00985	0.00912	0.00944	0.00911	0.00657	0.03081	0.00911	0.01286	0.01484	0.02790	0.01603	0.44311	0.16555	0.00538	0.19812	0.00701	0.00322	0.00463
29	0.01214	0.01041	0.01277	0.10972	0.01709	0.00871	0.00813	0.04488	0.01243	0.01884	0.01032	0.01238	0.00841	0.00454	0.00449	0.00102	0.00476	0.00368	0.00338	0.69188
30	0.01251	0.01251	0.01752	0.01502	0.01502	0.01752	0.01251	0.01377	0.00876	0.01377	0.00751	0.01251	0.00751	0.01001	0.01877	0.00250	0.78851	0.00501	0.00250	0.00626
31	0.83938	0.01106	0.00841	0.00752	0.01106	0.01283	0.00619	0.01681	0.00973	0.02566	0.00796	0.00929	0.00619	0.00531	0.00354	0.00177	0.00442	0.00310	0.00354	0.00619
32	0.00935	0.00617	0.00775	0.00716	0.00890	0.00554	0.00544	0.01175	0.01555	0.08619	0.55034	0.04326	0.19718	0.01187	0.00666	0.00182	0.00293	0.01030	0.00616	0.00566
33	0.00743	0.00561	0.00795	0.05619	0.01080	0.00544	0.02196	0.00876	0.01118	0.01481	0.03048	0.68061	0.05570	0.01671	0.00720	0.00229	0.00378	0.04318	0.00509	0.00485
34	0.02174	0.01602	0.01717	0.01316	0.01774	0.01774	0.01087	0.74423	0.02689	0.03605	0.01373	0.01373	0.00973	0.00687	0.00572	0.00172	0.00629	0.00515	0.00572	0.00973
35	0.01206	0.02876	0.73779	0.01605	0.02433	0.01308	0.02060	0.01852	0.01226	0.04938	0.01078	0.01238	0.00753	0.00550	0.00545	0.00181	0.00830	0.00429	0.00261	0.00851
36	0.01545	0.78179	0.02961	0.00992	0.01476	0.04268	0.00982	0.01728	0.01174	0.01347	0.00798	0.00921	0.00734	0.00492	0.00371	0.00123	0.00623	0.00308	0.00246	0.00732
37	0.83938	0.01106	0.00841	0.00752	0.01106	0.01283	0.00619	0.01681	0.00973	0.02566	0.00796	0.00929	0.00619	0.00531	0.00354	0.00177	0.00442	0.00310	0.00354	0.00619
38	0.00831	0.00557	0.00635	0.00635	0.00638	0.00560	0.00360	0.00839	0.00835	0.01117	0.01792	0.03689	0.02056	0.77148	0.05629	0.00568	0.00590	0.00824	0.00345	0.00353
39	0.00817	0.00613	0.00919	0.00919	0.01021	0.00715	0.00715	0.01021	0.00919	0.01328	0.01532	0.02247	0.01430	0.04290	0.77631	0.00919	0.01532	0.00613	0.00306	0.00511
40	0.01344	0.01279	0.02173	0.14099	0.62988	0.01314	0.01683	0.01686	0.01292	0.01828	0.04063	0.01545	0.01065	0.00545	0.00571	0.00173	0.00675	0.00530	0.00293	0.00853
41	0.00858	0.00596	0.00774	0.00723	0.00870	0.00547	0.00545	0.01121	0.01607	0.04536	0.71008	0.04250	0.08063	0.01166	0.00672	0.00180	0.00277	0.01027	0.00628	0.00551
42	0.02315	0.01241	0.09799	0.01106	0.01586	0.00974	0.00997	0.08079	0.03409	0.59524	0.03568	0.01873	0.01394	0.00699	0.00574	0.00178	0.00532	0.00565	0.00641	0.00949
43	0.05406	0.00835	0.02774	0.00881	0.01134	0.00764	0.00715	0.07235	0.01625	0.19133	0.40522	0.06431	0.03609	0.01032	0.00635	0.00186	0.00388	0.05406	0.00610	0.00679
44	0.02137	0.02726	0.01621	0.01474	0.01768	0.77602	0.01105	0.02284	0.01621	0.01400	0.00884	0.01031	0.00737	0.00589	0.00516	0.00147	0.01031	0.00368	0.00295	0.00663
45	0.19242	0.16110	0.31841	0.01347	0.03754	0.05134	0.03047	0.09907	0.01340	0.02074	0.00972	0.01119	0.00740	0.00547	0.00477	0.00167	0.00700	0.00393	0.00308	0.00782
46	0.01625	0.01329	0.01407	0.01205	0.01564	0.01517	0.00954	0.22219	0.55788	0.02718	0.02072	0.01930	0.01538	0.00752	0.00579	0.00188	0.00500	0.00611	0.00579	0.00923
47	0.00876	0.00670	0.00833	0.00825	0.02948	0.00642	0.00596	0.02916	0.06904	0.02155	0.51714	0.09013	0.15341	0.01193	0.00666	0.00186	0.00310	0.01044	0.00594	0.00573
48	0.00706	0.00514	0.00665	0.00769	0.00827	0.00473	0.00523	0.00826	0.01165	0.01547	0.10336	0.65413	0.10727	0.01700	0.00720	0.00224	0.00322	0.01530	0.00540	0.00473
49	0.00994	0.00497	0.00745	0.00745	0.00745	0.00497	0.00497	0.00745	0.00745	0.00994	0.00994	0.01739	0.00994	0.01987	0.02235	0.83358	0.00497	0.00497	0.00248	0.00248
50	0.00831	0.00557	0.00635	0.00635	0.00640	0.00561	0.00361	0.00839	0.00835	0.01118	0.01792	0.03684	0.02054	0.76918	0.05857	0.00569	0.00593	0.00823	0.00345	0.00353
51	0.01350	0.01543	0.03375	0.02411	0.02989	0.01446	0.74253	0.01832	0.01350	0.01832	0.01157	0.01543	0.00868	0.00482	0.00675	0.00193	0.00964	0.00675	0.00289	0.00771
52	0.00697	0.00498	0.00664	0.00796	0.00830	0.00465	0.00531	0.00796	0.01095	0.01460	0.03153	0.79525	0.03783	0.01792	0.00730	0.00232	0.00332	0.01626	0.00531	0.00465
53	0.01066	0.00533	0.00533	0.00533	0.00666	0.00533	0.00400	0.01333	0.01200	0.02132	0.01866	0.02132	0.01466	0.00666	0.00400	0.00133	0.00267	0.00533	0.83073	0.00533
54	0.07406	0.70549	0.02772	0.00989	0.01458	0.06159	0.00960	0.01741	0.01173	0.01435	0.00800	0.00924	0.00726	0.00498	0.00374	0.00128	0.00622	0.00309	0.00255	0.00722
55	0.29160	0.01157	0.05135	0.06160	0.01730	0.01116	0.14706	0.03664	0.01285	0.11486	0.09177	0.07222	0.01604	0.00743	0.00547	0.00188	0.00569	0.03233	0.00427	0.00692
56	0.00897	0.00640	0.00893	0.01025	0.01145	0.00637	0.00878	0.01142	0.01292	0.01684	0.03042	0.14623	0.03347	0.01604	0.00783	0.00260	0.00505	0.64557	0.00527	0.00520
57	0.00689	0.00566	0.00608	0.00628	0.00789	0.00484	0.00459	0.00836	0.01290	0.01585	0.10494	0.18349	0.58265	0.01488	0.00685	0.00199	0.00296	0.01268	0.00538	0.00484
58	0.00832	0.00555	0.00624	0.00624	0.00624	0.00555	0.00347	0.00832	0.00832	0.01109	0.01802	0.03743	0.02080	0.79898	0.02911	0.00555	0.00555	0.00832	0.00347	0.00347
59	0.02137	0.02726	0.01621	0.01474	0.01768	0.77602	0.01105	0.02284	0.01621	0.01400	0.00884	0.01031	0.00737	0.00589	0.00516	0.00147	0.01031	0.00368	0.00295	0.00663
60	0.01197	0.01161	0.01605	0.01387	0.01387	0.01596	0.01134	0.01306	0.00870	0.01342	0.00888	0.01576	0.00924	0.11266	0.02012	0.00290	0.68665	0.00544	0.00263	0.00589
61	0.04551	0.72346	0.02834	0.01003	0.01468	0.05226	0.00977	0.01726	0.01167	0.01393	0.00798	0.00931	0.00730	0.00507	0.00409	0.00128	0.02518	0.00313	0.00251	0.00724
62	0.01182	0.01035	0.01312	0.00947	0.01445	0.00798	0.05446	0.01446	0.01194	0.01849	0.01091	0.03601	0.00938	0.00469	0.00449	0.00096	0.00456	0.00400	0.00342	0.75504
63	0.01186	0.01017	0.01186	0.00847	0.01356	0.00762	0.00678	0.01440	0.01186	0.01864	0.01017	0.01186	0.00847	0.00424	0.00424	0.00085	0.00424	0.00339	0.00339	0.83395
64	0.05163	0.00991	0.01418	0.39816	0.04870	0.01156	0.01211	0.04300	0.12795	0.01878	0.11154	0.04078	0.01784	0.00786	0.00596	0.00194	0.00600	0.06141	0.00398	0.00673
65	0.01066	0.00533	0.00533	0.00533	0.00666	0.00533	0.00400	0.01333	0.01200	0.02132	0.01866	0.02132	0.01466	0.00666	0.00400	0.00133	0.00267	0.00533	0.83073	0.00533
66	0.00958	0.00629	0.00807	0.00775	0.00895	0.00612	0.00563	0.01127	0.01299	0.08508	0.30230	0.17677	0.10525	0.14408	0.04733	0.00290	0.03862	0.01041	0.00531	0.00530
67	0.19846	0.33781	0.09295	0.04189	0.01628	0.14525	0.01053	0.03433	0.01229	0.01730	0.00907	0.02771	0.00783	0.00568	0.00458	0.00153	0.02283	0.00375	0.00291	0.00701
68	0.01066	0.00533	0.00533	0.00533	0.00666	0.00533	0.00400	0.01333	0.01200	0.02132	0.01866	0.02132	0.01466	0.00666	0.00400	0.00133	0.00267	0.00533	0.83073	0.00533
69	0.05512	0.01516	0.21762	0.04347	0.08702	0.01091	0.11704	0.06680	0.01228	0.01774	0.01388	0.13582	0.01301	0.00997	0.00892	0.15198	0.00665	0.00672	0.00329	0.00663
70	0.12277	0.57240	0.10184	0.01043	0.01542	0.05038	0.01055	0.03306	0.01193	0.01603	0.00835	0.00963	0.00723	0.00509	0.00394	0.00138	0.00631	0.00325	0.00268	0.00733
71	0.01066	0.00533	0.00533	0.00533	0.00666	0.00533	0.00400	0.01333	0.01200	0.02132	0.01866	0.02132	0.01466	0.00666	0.00400	0.00133	0.00267	0.00533	0.83073	0.00533
72	0.80645	0.04269	0.00927	0.00761	0.01121	0.01322	0.00634	0.01683	0.00981	0.02518	0.00796	0.00929	0.00624	0.00529	0.00354	0.00175	0.00449	0.00310	0.00350	0.00624

[dist]
# distance from previous block
# <min> <max>
0	1

[block]
# block no. 1 follows, 41 sequences, length 52
# corresponding to MSA columns:
# 294-310,337-371
name=unknown_B
#
# <colnr> <probs for GDERKNQSTAVLIFYWHMCP>
#	G	D	E	R	K	N	Q	S	T	A	V	L	I	F	Y	W	H	M	C	P
0	0.83938	0.01106	0.00841	0.00752	0.01106	0.01283	0.00619	0.01681	0.00973	0.02566	0.00796	0.00929	0.00619	0.00531	0.00354	0.00177	0.00442	0.00310	0.00354	0.00619
1	0.01345	0.01126	0.01243	0.00924	0.01394	0.02667	0.00742	0.14457	0.01474	0.02140	0.01450	0.01553	0.06740	0.00554	0.00472	0.00110	0.00464	0.00439	0.00395	0.60312
2	0.01802	0.01384	0.01495	0.01221	0.01573	0.04699	0.02482	0.52185	0.02234	0.02960	0.01774	0.20081	0.01634	0.00943	0.00610	0.00186	0.00582	0.00778	0.00545	0.00834
3	0.01144	0.01098	0.01723	0.45236	0.06058	0.01422	0.01443	0.01427	0.01048	0.01444	0.00946	0.01453	0.00791	0.00866	0.04057	0.00239	0.28201	0.00510	0.00256	0.00639
4	0.01066	0.00533	0.00533	0.00533	0.00666	0.00533	0.00400	0.01333	0.01200	0.02132	0.01866	0.02132	0.01466	0.00666	0.00400	0.00133	0.00267	0.00533	0.83073	0.00533
5	0.83938	0.01106	0.00841	0.00752	0.01106	0.01283	0.00619	0.01681	0.00973	0.02566	0.00796	0.00929	0.00619	0.00531	0.00354	0.00177	0.00442	0.00310	0.00354	0.00619
6	0.01156	0.00867	0.01061	0.01083	0.01291	0.00929	0.00900	0.01891	0.27497	0.04891	0.02755	0.07190	0.02688	0.01268	0.00706	0.00234	0.00492	0.41872	0.00554	0.00676
7	0.30755	0.04708	0.09865	0.04631	0.09244	0.01399	0.18228	0.08540	0.01305	0.02222	0.01067	0.01393	0.00846	0.00567	0.00514	0.00181	0.00670	0.02782	0.00338	0.00743
8	0.01066	0.00533	0.00533	0.00533	0.00666	0.00533	0.00400	0.01333	0.01200	0.02132	0.01866	0.02132	0.01466	0.00666	0.00400	0.00133	0.00267	0.00533	0.83073	0.00533
9	0.04490	0.01720	0.01680	0.01319	0.01754	0.10688	0.01076	0.63865	0.02515	0.03316	0.01299	0.01320	0.00935	0.00671	0.00559	0.00169	0.00671	0.00492	0.00533	0.00926
10	0.05235	0.00978	0.01311	0.01009	0.01449	0.00855	0.00833	0.02751	0.01615	0.74294	0.02209	0.01913	0.01390	0.00702	0.00568	0.00177	0.00485	0.00567	0.00696	0.00962
11	0.00697	0.00498	0.00664	0.00796	0.00830	0.00465	0.00531	0.00796	0.01095	0.01460	0.03153	0.79525	0.03783	0.01792	0.00730	0.00232	0.00332	0.01626	0.00531	0.00465
12	0.00900	0.00621	0.00800	0.00758	0.00911	0.00579	0.00576	0.01195	0.03763	0.05532	0.60727	0.07239	0.08510	0.01195	0.00675	0.00187	0.00300	0.04351	0.00618	0.00564
13	0.02268	0.01258	0.03965	0.01131	0.01577	0.01194	0.00957	0.29943	0.02012	0.42232	0.03553	0.01874	0.03856	0.00729	0.00579	0.00176	0.00542	0.00578	0.00633	0.00943
14	0.01853	0.05160	0.11800	0.03586	0.12934	0.51807	0.01343	0.02104	0.01492	0.01524	0.00932	0.01119	0.00761	0.00568	0.00523	0.00155	0.00934	0.00398	0.00283	0.00725
15	0.01688	0.06925	0.01609	0.03395	0.06934	0.39336	0.02841	0.06661	0.04383	0.01659	0.04861	0.01758	0.05792	0.04274	0.05260	0.00221	0.00851	0.00523	0.00352	0.00677
16	0.00936	0.00706	0.00896	0.07316	0.04369	0.00673	0.00679	0.04016	0.01442	0.05397	0.25581	0.08972	0.33069	0.01211	0.00659	0.00190	0.00370	0.02407	0.00537	0.00573
17	0.54319	0.01286	0.08576	0.11077	0.03155	0.01274	0.00945	0.05067	0.01134	0.05269	0.00993	0.02964	0.00777	0.00581	0.00433	0.00180	0.00537	0.00402	0.00357	0.00676
18	0.83938	0.01106	0.00841	0.00752	0.01106	0.01283	0.00619	0.01681	0.00973	0.02566	0.00796	0.00929	0.00619	0.00531	0.00354	0.00177	0.00442	0.00310	0.00354	0.00619
19	0.00817	0.00613	0.00919	0.00919	0.01021	0.00715	0.00715	0.01021	0.00919	0.01328	0.01532	0.02247	0.01430	0.04290	0.77631	0.00919	0.01532	0.00613	0.00306	0.00511
20	0.01289	0.29106	0.01950	0.01051	0.01416	0.01486	0.02624	0.01487	0.01095	0.01529	0.00950	0.01263	0.00867	0.03370	0.05750	0.00201	0.15277	0.00399	0.00286	0.28603
21	0.00873	0.00600	0.00778	0.00724	0.00875	0.00549	0.00546	0.01134	0.01604	0.05216	0.69598	0.04241	0.08759	0.01165	0.00671	0.00180	0.00279	0.01025	0.00628	0.00554
22	0.01066	0.00533	0.00533	0.00533	0.00666	0.00533	0.00400	0.01333	0.01200	0.02132	0.01866	0.02132	0.01466	0.00666	0.00400	0.00133	0.00267	0.00533	0.83073	0.00533
23	0.01433	0.01224	0.01345	0.04268	0.04127	0.01399	0.00954	0.08438	0.60720	0.02394	0.02320	0.02182	0.05070	0.00783	0.00585	0.00191	0.00479	0.00652	0.00556	0.00880
24	0.01579	0.01241	0.01336	0.01159	0.01501	0.01401	0.00913	0.13519	0.56825	0.07177	0.05327	0.02101	0.01767	0.00775	0.00584	0.00189	0.00473	0.00639	0.00590	0.00904
25	0.00703	0.00559	0.00633	0.00675	0.00814	0.00489	0.00493	0.00848	0.01264	0.01578	0.09602	0.27456	0.46482	0.01538	0.00697	0.00207	0.00312	0.04629	0.00538	0.00483
26	0.83938	0.01106	0.00841	0.00752	0.01106	0.01283	0.00619	0.01681	0.00973	0.02566	0.00796	0.00929	0.00619	0.00531	0.00354	0.00177	0.00442	0.00310	0.00354	0.00619
27	0.03275	0.01168	0.01758	0.27243	0.07064	0.04228	0.08692	0.04321	0.01167	0.01603	0.01244	0.03832	0.03406	0.01103	0.08657	0.00276	0.19431	0.00579	0.00297	0.00655
28	0.08126	0.01018	0.01251	0.01085	0.04320	0.00997	0.00828	0.12484	0.06621	0.34975	0.11355	0.07085	0.01951	0.02408	0.00624	0.00186	0.00471	0.00674	0.00598	0.02943
29	0.01958	0.01456	0.01579	0.01217	0.01662	0.01558	0.00995	0.55683	0.07779	0.04775	0.01421	0.01464	0.01044	0.02301	0.00600	0.00169	0.00582	0.00507	0.00538	0.12710
30	0.05480	0.01814	0.01709	0.01587	0.10641	0.20544	0.01143	0.41424	0.05556	0.02749	0.01236	0.01310	0.00927	0.00639	0.00549	0.00167	0.00719	0.00475	0.00460	0.00870
31	0.01354	0.01129	0.01392	0.01178	0.01490	0.01212	0.08192	0.16352	0.30402	0.02326	0.05464	0.07489	0.11393	0.04074	0.00716	0.00208	0.00510	0.03816	0.00531	0.00771
32	0.01476	0.14011	0.01797	0.01441	0.08509	0.15637	0.03441	0.06457	0.09492	0.01760	0.07564	0.01765	0.02821	0.04231	0.03499	0.00219	0.14265	0.00545	0.00363	0.00708
33	0.00762	0.00607	0.00663	0.00646	0.00807	0.00548	0.00471	0.00986	0.04662	0.01715	0.22512	0.04830	0.46122	0.11035	0.00947	0.00235	0.00325	0.01093	0.00535	0.00499
34	0.03462	0.19878	0.09482	0.01293	0.03270	0.14914	0.01132	0.20184	0.12638	0.06473	0.01295	0.01330	0.00983	0.00618	0.00509	0.00161	0.00680	0.00451	0.00414	0.00833
35	0.00723	0.00554	0.00671	0.00725	0.00837	0.00491	0.00509	0.00861	0.01217	0.01590	0.11454	0.45940	0.25711	0.01565	0.00695	0.00209	0.00317	0.01383	0.00533	0.04017
36	0.00730	0.00615	0.00666	0.03242	0.00924	0.00550	0.00515	0.00943	0.04229	0.01588	0.06609	0.11770	0.61001	0.01421	0.00676	0.00198	0.00321	0.02973	0.00526	0.00505
37	0.01518	0.77942	0.05198	0.00998	0.01498	0.02235	0.01012	0.01716	0.01164	0.01360	0.00802	0.00926	0.00734	0.00491	0.00372	0.00124	0.00619	0.00309	0.00245	0.00737
38	0.01306	0.08334	0.17869	0.07124	0.42328	0.01382	0.05527	0.01700	0.01264	0.01769	0.01297	0.01564	0.04896	0.00568	0.00557	0.00172	0.00707	0.00520	0.00283	0.00833
39	0.05010	0.01876	0.11940	0.07295	0.24081	0.20687	0.08158	0.04756	0.04306	0.01816	0.01206	0.02688	0.02466	0.00595	0.00558	0.00172	0.00788	0.00508	0.00314	0.00780
40	0.01752	0.28264	0.02041	0.01313	0.04135	0.35404	0.01047	0.04335	0.05902	0.01528	0.01086	0.01233	0.02348	0.00757	0.03813	0.00181	0.03439	0.00406	0.00308	0.00708
41	0.01186	0.01017	0.01186	0.00847	0.01356	0.00762	0.00678	0.01440	0.01186	0.01864	0.01017	0.01186	0.00847	0.00424	0.00424	0.00085	0.00424	0.00339	0.00339	0.83395
42	0.09032	0.06694	0.03932	0.05098	0.06607	0.04992	0.21608	0.03358	0.01193	0.01719	0.01278	0.11215	0.01213	0.02715	0.02695	0.00223	0.14765	0.00663	0.00322	0.00678
43	0.01443	0.01292	0.01978	0.06837	0.51143	0.03817	0.01509	0.05285	0.04554	0.05059	0.01474	0.02034	0.02789	0.00668	0.00590	0.00181	0.00652	0.07495	0.00355	0.00844
44	0.83938	0.01106	0.00841	0.00752	0.01106	0.01283	0.00619	0.01681	0.00973	0.02566	0.00796	0.00929	0.00619	0.00531	0.00354	0.00177	0.00442	0.00310	0.00354	0.00619
45	0.00777	0.00580	0.00722	0.00694	0.00837	0.00525	0.00518	0.01013	0.01530	0.02101	0.58239	0.08019	0.19824	0.01256	0.00677	0.00185	0.00277	0.01097	0.00605	0.00525
46	0.00955	0.00774	0.00829	0.00800	0.01014	0.02241	0.00624	0.01428	0.16278	0.03963	0.13758	0.04583	0.39938	0.01253	0.00664	0.00198	0.00367	0.09181	0.00554	0.00598
47	0.00979	0.00619	0.00809	0.00747	0.00908	0.00566	0.00563	0.01228	0.01574	0.09713	0.62146	0.07269	0.06625	0.02835	0.00715	0.00190	0.00301	0.01013	0.00625	0.00575
48	0.01362	0.01304	0.02209	0.15105	0.60472	0.01350	0.03258	0.01762	0.04221	0.01825	0.01118	0.01464	0.00916	0.00529	0.00570	0.00175	0.00690	0.00518	0.00291	0.00861
49	0.00925	0.00667	0.00919	0.01042	0.01174	0.00672	0.00898	0.01222	0.03690	0.01719	0.03013	0.10598	0.03271	0.01567	0.00780	0.00259	0.00513	0.66007	0.00529	0.00535
50	0.01650	0.01242	0.01379	0.01200	0.04885	0.01349	0.00895	0.42046	0.09264	0.02733	0.04299	0.03871	0.06250	0.15139	0.01010	0.00246	0.00561	0.00670	0.00517	0.00793
51	0.04844	0.01696	0.01559	0.01287	0.01638	0.20319	0.01030	0.34407	0.03573	0.11104	0.01367	0.03929	0.01055	0.00805	0.02411	0.00192	0.06959	0.00519	0.00479	0.00828

[dist]
# distance from previous block
# <min> <max>
0	9

[block]
# block no. 2 follows, 41 sequences, length 42
# corresponding to MSA columns:
# 381-400,403-424
name=unknown_C
#
# <colnr> <probs for GDERKNQSTAVLIFYWHMCP>
#	G	D	E	R	K	N	Q	S	T	A	V	L	I	F	Y	W	H	M	C	P
0	0.05114	0.01124	0.03372	0.05231	0.03722	0.01129	0.07137	0.17996	0.07494	0.02240	0.09976	0.12082	0.01958	0.04958	0.02428	0.00217	0.02240	0.02607	0.00459	0.08518
1	0.01904	0.04054	0.01761	0.01840	0.17334	0.50434	0.01206	0.07174	0.01579	0.01642	0.00999	0.01241	0.00844	0.02931	0.02490	0.00184	0.00918	0.00426	0.00312	0.00725
2	0.01066	0.00533	0.00533	0.00533	0.00666	0.00533	0.00400	0.01333	0.01200	0.02132	0.01866	0.02132	0.01466	0.00666	0.00400	0.00133	0.00267	0.00533	0.83073	0.00533
3	0.02174	0.01602	0.01717	0.01316	0.01774	0.01774	0.01087	0.74423	0.02689	0.03605	0.01373	0.01373	0.00973	0.00687	0.00572	0.00172	0.00629	0.00515	0.00572	0.00973
4	0.00693	0.00512	0.00649	0.00758	0.00820	0.00468	0.00514	0.00801	0.01132	0.01475	0.03621	0.66391	0.16615	0.01731	0.00720	0.00225	0.00324	0.01552	0.00531	0.00468
5	0.02193	0.01504	0.01648	0.01271	0.01721	0.01637	0.01047	0.61995	0.05672	0.13108	0.01530	0.01481	0.01064	0.00693	0.00573	0.00173	0.00603	0.00529	0.00590	0.00970
6	0.00810	0.00585	0.00765	0.00720	0.00855	0.00540	0.00540	0.01079	0.01619	0.02294	0.76028	0.04273	0.05397	0.01169	0.00675	0.00180	0.00270	0.01034	0.00630	0.00540
7	0.01998	0.01470	0.01597	0.01252	0.01659	0.01625	0.01022	0.65050	0.02467	0.03312	0.01457	0.04158	0.01131	0.03332	0.05538	0.00233	0.00674	0.00568	0.00547	0.00907
8	0.00772	0.00583	0.00713	0.00680	0.00832	0.00524	0.00510	0.01007	0.01531	0.02084	0.56309	0.04619	0.25247	0.01248	0.00675	0.00184	0.00275	0.01083	0.00602	0.00524
9	0.00751	0.00571	0.00654	0.00658	0.00778	0.00521	0.00465	0.00889	0.01230	0.01587	0.18608	0.10752	0.34895	0.19327	0.03815	0.00302	0.00397	0.02833	0.00501	0.00464
10	0.01066	0.00533	0.00533	0.00533	0.00666	0.00533	0.00400	0.01333	0.01200	0.02132	0.01866	0.02132	0.01466	0.00666	0.00400	0.00133	0.00267	0.00533	0.83073	0.00533
11	0.01580	0.57392	0.04413	0.01216	0.01691	0.12169	0.08743	0.01846	0.03624	0.01448	0.00899	0.01044	0.00781	0.00512	0.00430	0.00137	0.00705	0.00367	0.00267	0.00736
12	0.01754	0.01382	0.01612	0.01515	0.11853	0.01481	0.01075	0.40231	0.15475	0.02856	0.01572	0.05894	0.01250	0.00715	0.00568	0.00170	0.00567	0.00584	0.00509	0.08937
13	0.01986	0.04748	0.01567	0.01347	0.01659	0.53080	0.01032	0.05635	0.10913	0.06472	0.03334	0.01364	0.01068	0.00731	0.02457	0.00176	0.00883	0.00446	0.00378	0.00723
14	0.35940	0.01221	0.06992	0.05828	0.11517	0.01181	0.02889	0.06394	0.01311	0.05558	0.14356	0.01734	0.01588	0.00662	0.00499	0.00178	0.00521	0.00520	0.00407	0.00704
15	0.01326	0.00712	0.00921	0.00809	0.01037	0.00645	0.00625	0.01596	0.03660	0.23983	0.41550	0.07021	0.09981	0.02678	0.00691	0.00191	0.00349	0.00926	0.00633	0.00665
16	0.01352	0.08362	0.07212	0.02168	0.04989	0.02994	0.53830	0.01776	0.01293	0.01744	0.01122	0.02946	0.00896	0.00550	0.00717	0.00189	0.06192	0.00625	0.00285	0.00759
17	0.46728	0.03529	0.05290	0.00805	0.01105	0.01044	0.00688	0.01450	0.01179	0.02313	0.21395	0.08717	0.02200	0.00813	0.00485	0.00181	0.00415	0.00627	0.00434	0.00601
18	0.01333	0.01104	0.01265	0.00917	0.01418	0.00913	0.00739	0.12296	0.01410	0.02123	0.01070	0.01214	0.00866	0.00463	0.00446	0.00098	0.00454	0.00365	0.00374	0.71135
19	0.01391	0.17099	0.06294	0.03244	0.01893	0.15604	0.18904	0.01699	0.03421	0.01542	0.01289	0.09955	0.01207	0.02563	0.05926	0.00235	0.06124	0.00618	0.00313	0.00679
20	0.01638	0.01358	0.03835	0.01618	0.14173	0.01414	0.03605	0.23835	0.27221	0.06337	0.01898	0.05175	0.03772	0.00750	0.00588	0.00184	0.00564	0.00635	0.00511	0.00890
21	0.00746	0.00524	0.00675	0.00774	0.00808	0.00500	0.00517	0.00838	0.01063	0.01417	0.04480	0.55502	0.03398	0.19497	0.01228	0.00306	0.00395	0.06398	0.00491	0.00444
22	0.01360	0.05816	0.38797	0.01489	0.06248	0.07338	0.01530	0.06792	0.06995	0.05043	0.11556	0.01727	0.01505	0.00663	0.00559	0.00175	0.00701	0.00532	0.00369	0.00805
23	0.01105	0.01021	0.01682	0.11656	0.30384	0.01032	0.07467	0.01431	0.03851	0.01732	0.05801	0.19034	0.09519	0.00933	0.00629	0.00192	0.00570	0.00870	0.00387	0.00703
24	0.01451	0.01123	0.01210	0.01056	0.01323	0.03819	0.00818	0.32137	0.08715	0.02557	0.11605	0.24719	0.04830	0.01100	0.00634	0.00192	0.00484	0.00934	0.00557	0.00737
25	0.83938	0.01106	0.00841	0.00752	0.01106	0.01283	0.00619	0.01681	0.00973	0.02566	0.00796	0.00929	0.00619	0.00531	0.00354	0.00177	0.00442	0.00310	0.00354	0.00619
26	0.03721	0.03285	0.01448	0.03403	0.06742	0.05973	0.00983	0.11338	0.41337	0.06132	0.03814	0.03634	0.01547	0.00735	0.00565	0.00181	0.00530	0.00602	0.00518	0.03512
27	0.01066	0.00533	0.00533	0.00533	0.00666	0.00533	0.00400	0.01333	0.01200	0.02132	0.01866	0.02132	0.01466	0.00666	0.00400	0.00133	0.00267	0.00533	0.83073	0.00533
28	0.01565	0.61036	0.04460	0.01113	0.01554	0.06320	0.02693	0.03640	0.01217	0.03161	0.00858	0.01012	0.00760	0.00554	0.00539	0.00141	0.08024	0.00350	0.00268	0.00735
29	0.00817	0.00613	0.00919	0.00919	0.01021	0.00715	0.00715	0.01021	0.00919	0.01328	0.01532	0.02247	0.01430	0.04290	0.77631	0.00919	0.01532	0.00613	0.00306	0.00511
30	0.02268	0.00960	0.01269	0.00997	0.01394	0.00866	0.00814	0.06093	0.04268	0.60389	0.12255	0.02242	0.01947	0.00772	0.00589	0.00178	0.00463	0.00637	0.00686	0.00912
31	0.01459	0.01175	0.01259	0.01124	0.01447	0.01331	0.00877	0.02902	0.66158	0.07298	0.04369	0.02283	0.04143	0.00803	0.00587	0.00192	0.00445	0.00670	0.00590	0.00887
32	0.01275	0.01551	0.20366	0.01454	0.04668	0.01151	0.12648	0.07942	0.11520	0.05433	0.11783	0.02599	0.08214	0.00820	0.00621	0.00190	0.00623	0.05934	0.00443	0.00766
33	0.00716	0.00519	0.00669	0.00781	0.00835	0.00483	0.00536	0.00825	0.01117	0.01467	0.03350	0.63346	0.11191	0.05775	0.00841	0.00247	0.00351	0.05966	0.00521	0.00464
34	0.01223	0.01160	0.01914	0.47461	0.18463	0.01366	0.05004	0.04025	0.02723	0.01646	0.01047	0.01483	0.00823	0.00606	0.00708	0.00192	0.08643	0.00519	0.00279	0.00714
35	0.01251	0.01251	0.01752	0.01502	0.01502	0.01752	0.01251	0.01377	0.00876	0.01377	0.00751	0.01251	0.00751	0.01001	0.01877	0.00250	0.78851	0.00501	0.00250	0.00626
36	0.01186	0.01017	0.01186	0.00847	0.01356	0.00762	0.00678	0.01440	0.01186	0.01864	0.01017	0.01186	0.00847	0.00424	0.00424	0.00085	0.00424	0.00339	0.00339	0.83395
37	0.02170	0.01488	0.01633	0.01262	0.01703	0.01616	0.01038	0.63250	0.02507	0.12301	0.01542	0.04181	0.01124	0.00728	0.00578	0.00174	0.00602	0.00561	0.00587	0.00955
38	0.83938	0.01106	0.00841	0.00752	0.01106	0.01283	0.00619	0.01681	0.00973	0.02566	0.00796	0.00929	0.00619	0.00531	0.00354	0.00177	0.00442	0.00310	0.00354	0.00619
39	0.01066	0.00533	0.00533	0.00533	0.00666	0.00533	0.00400	0.01333	0.01200	0.02132	0.01866	0.02132	0.01466	0.00666	0.00400	0.00133	0.00267	0.00533	0.83073	0.00533
40	0.02432	0.00967	0.01304	0.00999	0.01438	0.00828	0.00823	0.02657	0.01607	0.69968	0.04017	0.01955	0.01478	0.00701	0.00568	0.00171	0.00477	0.00571	0.00682	0.06357
41	0.01301	0.01181	0.05858	0.13025	0.28002	0.01120	0.03776	0.01768	0.09281	0.08259	0.11317	0.05117	0.06008	0.00753	0.00598	0.00182	0.00581	0.00681	0.00413	0.00777

[dist]
# distance from previous block
# <min> <max>
0	1

[block]
# block no. 3 follows, 41 sequences, length 7
# corresponding to MSA columns:
# 426-432
name=unknown_D
#
# <colnr> <probs for GDERKNQSTAVLIFYWHMCP>
#	G	D	E	R	K	N	Q	S	T	A	V	L	I	F	Y	W	H	M	C	P
0	0.00811	0.00761	0.05080	0.00733	0.00955	0.00606	0.00613	0.03770	0.01438	0.01854	0.24490	0.04816	0.45317	0.01298	0.00671	0.00192	0.00343	0.05167	0.00543	0.00540
1	0.01953	0.01478	0.01680	0.01318	0.01701	0.04904	0.03597	0.46534	0.02125	0.09266	0.01331	0.01428	0.00983	0.00864	0.04152	0.00211	0.10514	0.00513	0.00498	0.04951
2	0.07690	0.04772	0.01113	0.02696	0.01203	0.00908	0.00708	0.07421	0.05756	0.18891	0.25328	0.09275	0.04961	0.05851	0.00740	0.00205	0.00423	0.00807	0.00562	0.00690
3	0.05378	0.08246	0.05455	0.01370	0.01584	0.13765	0.01170	0.09542	0.01262	0.04120	0.00933	0.01239	0.00807	0.00911	0.03657	0.00227	0.38868	0.00458	0.00313	0.00696
4	0.61239	0.01254	0.05486	0.05663	0.01449	0.01312	0.00827	0.09251	0.01210	0.06462	0.00960	0.01082	0.00713	0.00560	0.00413	0.00178	0.00508	0.00364	0.00382	0.00689
5	0.09348	0.01715	0.01767	0.07905	0.17566	0.23344	0.04089	0.10257	0.07703	0.01962	0.01103	0.01314	0.00882	0.00627	0.00660	0.00176	0.08002	0.00468	0.00346	0.00765
6	0.71262	0.01221	0.07263	0.00826	0.01197	0.01233	0.00737	0.01628	0.00978	0.02395	0.00829	0.01008	0.00654	0.00632	0.00499	0.05875	0.00480	0.00332	0.00337	0.00613

[dist]
# distance from previous block
# <min> <max>
0	1

[block]
# block no. 4 follows, 41 sequences, length 56
# corresponding to MSA columns:
# 434-489
name=unknown_E
#
# <colnr> <probs for GDERKNQSTAVLIFYWHMCP>
#	G	D	E	R	K	N	Q	S	T	A	V	L	I	F	Y	W	H	M	C	P
0	0.81357	0.01103	0.00868	0.03175	0.01194	0.01283	0.00650	0.01675	0.00979	0.02532	0.00803	0.00948	0.00624	0.00532	0.00361	0.00177	0.00452	0.00316	0.00351	0.00620
1	0.00981	0.00499	0.00739	0.00743	0.00744	0.00498	0.00493	0.00749	0.00757	0.01009	0.01074	0.03820	0.01098	0.04291	0.02216	0.78744	0.00494	0.00536	0.00259	0.00257
2	0.00808	0.00545	0.00631	0.00654	0.00660	0.00539	0.00379	0.00826	0.00878	0.01170	0.02038	0.16963	0.02377	0.66273	0.02531	0.00498	0.00516	0.00970	0.00379	0.00367
3	0.54522	0.01142	0.01028	0.00871	0.01227	0.01280	0.00713	0.16257	0.01409	0.06666	0.06972	0.01368	0.01133	0.00626	0.00436	0.00175	0.00464	0.00428	0.02583	0.00700
4	0.01352	0.01167	0.01226	0.01109	0.01420	0.01334	0.00861	0.02829	0.68295	0.02313	0.02656	0.02453	0.08782	0.00840	0.00591	0.00194	0.00437	0.00700	0.00577	0.00865
5	0.00878	0.00625	0.00773	0.00828	0.00904	0.00619	0.00577	0.07541	0.01211	0.01609	0.02756	0.49590	0.04423	0.17296	0.01156	0.00293	0.00420	0.07512	0.00497	0.00493
6	0.02913	0.00587	0.00715	0.00782	0.00873	0.00566	0.00563	0.00973	0.03348	0.01565	0.07684	0.35989	0.14370	0.13849	0.01056	0.00276	0.00394	0.12512	0.00504	0.00480
7	0.00878	0.00736	0.00786	0.00767	0.00981	0.00718	0.00595	0.01377	0.18238	0.01795	0.08448	0.04762	0.48234	0.01293	0.00666	0.00200	0.00349	0.08045	0.00548	0.00587
8	0.00814	0.00688	0.00718	0.00698	0.00903	0.00647	0.00526	0.01218	0.13983	0.01739	0.10011	0.07687	0.55648	0.01327	0.00662	0.00194	0.00318	0.01115	0.00547	0.00558
9	0.00774	0.00630	0.00668	0.00654	0.00842	0.00559	0.00490	0.04961	0.01391	0.01722	0.11805	0.12076	0.58589	0.01412	0.00675	0.00194	0.00311	0.01192	0.00543	0.00514
10	0.00717	0.00517	0.00666	0.00772	0.00823	0.00482	0.00523	0.00824	0.01120	0.01480	0.05828	0.62564	0.09844	0.07412	0.00884	0.00252	0.00349	0.03960	0.00521	0.00462
11	0.01091	0.00571	0.00579	0.00565	0.00702	0.00577	0.00421	0.03830	0.01230	0.02125	0.01845	0.02198	0.01484	0.05198	0.00549	0.00159	0.00296	0.00550	0.75492	0.00538
12	0.00826	0.00591	0.00745	0.00824	0.00889	0.00577	0.00561	0.06705	0.01202	0.01604	0.02902	0.67225	0.03422	0.07919	0.00891	0.00253	0.00373	0.01474	0.00520	0.00496
13	0.00805	0.00558	0.00660	0.00699	0.00729	0.00545	0.00433	0.02392	0.00988	0.01309	0.02462	0.31133	0.06026	0.46449	0.01972	0.00414	0.00464	0.01129	0.00426	0.00409
14	0.73067	0.01060	0.00864	0.00770	0.01112	0.01202	0.00628	0.01705	0.01044	0.07373	0.03639	0.03565	0.00940	0.00605	0.00392	0.00179	0.00436	0.00394	0.00392	0.00635
15	0.38693	0.00986	0.01015	0.00850	0.01203	0.01015	0.00692	0.04348	0.01356	0.28121	0.10859	0.01938	0.05291	0.00722	0.00493	0.00178	0.00435	0.00543	0.00526	0.00737
16	0.00817	0.00613	0.00919	0.00919	0.01021	0.00715	0.00715	0.01021	0.00919	0.01328	0.01532	0.02247	0.01430	0.04290	0.77631	0.00919	0.01532	0.00613	0.00306	0.00511
17	0.00712	0.00528	0.00653	0.00737	0.00812	0.00483	0.00506	0.00828	0.01161	0.01511	0.07864	0.52160	0.20208	0.06544	0.00852	0.00241	0.00337	0.02872	0.00525	0.00467
18	0.00715	0.00515	0.00680	0.00790	0.00843	0.00480	0.00542	0.00839	0.01163	0.01556	0.10597	0.66929	0.06317	0.01710	0.00725	0.00227	0.00331	0.04025	0.00541	0.00475
19	0.17935	0.00853	0.00980	0.00833	0.01136	0.00820	0.00664	0.03839	0.01466	0.29012	0.20184	0.05464	0.12685	0.00924	0.00575	0.00182	0.00397	0.00756	0.00584	0.00713
20	0.83938	0.01106	0.00841	0.00752	0.01106	0.01283	0.00619	0.01681	0.00973	0.02566	0.00796	0.00929	0.00619	0.00531	0.00354	0.00177	0.00442	0.00310	0.00354	0.00619
21	0.05723	0.01015	0.01229	0.01016	0.01390	0.00998	0.00822	0.04344	0.20827	0.42832	0.03932	0.02386	0.06776	0.00808	0.00583	0.00186	0.00463	0.03153	0.00636	0.00881
22	0.05140	0.00670	0.00794	0.00748	0.00926	0.00641	0.00567	0.01266	0.06489	0.05849	0.44559	0.07553	0.17525	0.02650	0.00694	0.00194	0.00318	0.02259	0.00587	0.00573
23	0.00817	0.00613	0.00919	0.00919	0.01021	0.00715	0.00715	0.01021	0.00919	0.01328	0.01532	0.02247	0.01430	0.04290	0.77631	0.00919	0.01532	0.00613	0.00306	0.00511
24	0.01087	0.01030	0.01758	0.76572	0.03915	0.01275	0.03451	0.01471	0.01149	0.01471	0.01020	0.01525	0.00765	0.00570	0.00575	0.00191	0.00768	0.00513	0.00255	0.00639
25	0.00818	0.00595	0.00827	0.00827	0.00903	0.00664	0.00604	0.00963	0.00903	0.01271	0.01707	0.02748	0.03341	0.25720	0.54609	0.00799	0.01225	0.00689	0.00323	0.00463
26	0.00890	0.00614	0.00737	0.00718	0.00761	0.00644	0.00459	0.04208	0.00935	0.01269	0.01725	0.03316	0.01890	0.60132	0.18791	0.00615	0.00767	0.00771	0.00348	0.00410
27	0.04072	0.00856	0.00962	0.00856	0.00995	0.00924	0.00608	0.18948	0.01334	0.01844	0.03839	0.02955	0.01796	0.45772	0.07965	0.00451	0.02651	0.02225	0.00409	0.00539
28	0.00696	0.00500	0.00661	0.00791	0.00828	0.00465	0.00528	0.00797	0.01101	0.01462	0.03225	0.77504	0.05758	0.01783	0.00729	0.00231	0.00331	0.01615	0.00531	0.00465
29	0.75618	0.01124	0.00949	0.00887	0.03363	0.01319	0.00698	0.01662	0.00976	0.02461	0.00801	0.00966	0.00637	0.00564	0.00468	0.00182	0.06021	0.00329	0.00345	0.00628
30	0.00713	0.00577	0.00627	0.00621	0.00789	0.00498	0.00460	0.00881	0.01357	0.01706	0.22128	0.07720	0.54764	0.03707	0.00743	0.00202	0.00294	0.01170	0.00549	0.00492
31	0.01166	0.01145	0.01847	0.43199	0.02924	0.01470	0.06586	0.01455	0.01054	0.01455	0.00923	0.01420	0.00765	0.00732	0.01087	0.00214	0.31144	0.00517	0.00255	0.00641
32	0.71122	0.01184	0.00978	0.00841	0.01211	0.01360	0.00693	0.13084	0.01242	0.02729	0.00887	0.00999	0.00675	0.00555	0.00388	0.00176	0.00472	0.00342	0.00388	0.00675
33	0.00785	0.00591	0.00692	0.00685	0.00841	0.00528	0.00507	0.01002	0.02877	0.03461	0.31901	0.15558	0.35769	0.01363	0.00679	0.00193	0.00296	0.01177	0.00573	0.00521
34	0.01354	0.40443	0.30169	0.01346	0.01929	0.01828	0.05594	0.01727	0.01165	0.01548	0.00897	0.01089	0.00740	0.00553	0.00580	0.00159	0.07478	0.00387	0.00247	0.00768
35	0.01378	0.00718	0.00912	0.00792	0.01047	0.00630	0.00623	0.01599	0.01539	0.27560	0.31449	0.03832	0.22149	0.01091	0.00643	0.00184	0.00354	0.02199	0.00629	0.00673
36	0.00683	0.00572	0.00594	0.00606	0.00781	0.00483	0.00448	0.00828	0.01294	0.01563	0.07998	0.12681	0.66567	0.01472	0.00681	0.00197	0.00293	0.01242	0.00535	0.00483
37	0.01186	0.01017	0.01186	0.00847	0.01356	0.00762	0.00678	0.01440	0.01186	0.01864	0.01017	0.01186	0.00847	0.00424	0.00424	0.00085	0.00424	0.00339	0.00339	0.83395
38	0.02138	0.02675	0.01625	0.01466	0.01769	0.74165	0.01104	0.05554	0.01669	0.01500	0.00906	0.01047	0.00747	0.00594	0.00518	0.00148	0.01013	0.00375	0.00307	0.00677
39	0.00747	0.00535	0.00702	0.00811	0.00863	0.00507	0.00554	0.02734	0.01171	0.01569	0.07285	0.71603	0.03792	0.01723	0.00724	0.00228	0.00340	0.03089	0.00538	0.00483
40	0.03159	0.33563	0.43576	0.01376	0.02061	0.01702	0.03878	0.01770	0.01189	0.01644	0.00934	0.01097	0.00730	0.00520	0.00473	0.00158	0.00747	0.00382	0.00247	0.00794
41	0.00823	0.00558	0.00643	0.00643	0.00660	0.00557	0.00377	0.00852	0.00894	0.01199	0.05857	0.05190	0.04181	0.69210	0.05659	0.00534	0.00567	0.00859	0.00368	0.00369
42	0.00994	0.00497	0.00745	0.00745	0.00745	0.00497	0.00497	0.00745	0.00745	0.00994	0.00994	0.01739	0.00994	0.01987	0.02235	0.83358	0.00497	0.00497	0.00248	0.00248
43	0.04295	0.03403	0.01007	0.00849	0.01111	0.00780	0.00661	0.01736	0.09137	0.24727	0.10576	0.17494	0.19664	0.01124	0.00624	0.00191	0.00389	0.00955	0.00585	0.00693
44	0.07022	0.01530	0.01607	0.04196	0.01778	0.04029	0.01053	0.55781	0.09960	0.05148	0.01431	0.01435	0.01027	0.00680	0.00558	0.00174	0.00614	0.00513	0.00543	0.00922
45	0.00706	0.00515	0.00665	0.00766	0.00826	0.00474	0.00522	0.00828	0.01171	0.01555	0.10945	0.64177	0.11356	0.01693	0.00719	0.00223	0.00321	0.01522	0.00541	0.00474
46	0.01173	0.01012	0.01225	0.00886	0.01379	0.00770	0.02581	0.01428	0.01187	0.01849	0.01095	0.03940	0.00951	0.00473	0.00441	0.00093	0.00434	0.00393	0.00344	0.78347
47	0.01254	0.01312	0.02326	0.10238	0.02308	0.01548	0.28614	0.01544	0.01084	0.01555	0.00960	0.01426	0.00820	0.00877	0.03976	0.00246	0.38396	0.00571	0.00267	0.00677
48	0.01228	0.01130	0.01754	0.51461	0.11110	0.01332	0.03607	0.04680	0.14412	0.01766	0.01274	0.01616	0.00964	0.00603	0.00576	0.00188	0.00699	0.00538	0.00329	0.00730
49	0.04129	0.00853	0.00956	0.00872	0.01130	0.00857	0.00678	0.04319	0.20114	0.13266	0.09270	0.10175	0.26350	0.01120	0.00631	0.00194	0.00388	0.03434	0.00574	0.00690
50	0.01366	0.01451	0.02915	0.10392	0.19161	0.01421	0.48295	0.04357	0.01366	0.01865	0.01133	0.01507	0.00869	0.00505	0.00637	0.00187	0.00869	0.00616	0.00294	0.00794
51	0.08977	0.01574	0.01533	0.01230	0.01637	0.08619	0.00998	0.50656	0.09744	0.03087	0.01597	0.01588	0.04762	0.00712	0.00555	0.00173	0.00616	0.00532	0.00527	0.00883
52	0.01054	0.00708	0.00870	0.00876	0.01020	0.00710	0.00673	0.10221	0.01395	0.04375	0.08133	0.26935	0.05193	0.07685	0.02400	0.00254	0.00448	0.17439	0.09048	0.00564
53	0.00859	0.00577	0.00661	0.00668	0.00716	0.00569	0.00418	0.03050	0.01029	0.01414	0.06391	0.15992	0.06401	0.49753	0.02037	0.00416	0.00467	0.00958	0.07207	0.00418
54	0.19119	0.02693	0.01204	0.05732	0.01455	0.01047	0.02392	0.09016	0.05682	0.18943	0.09555	0.08797	0.01981	0.00893	0.00574	0.00192	0.00489	0.08989	0.00521	0.00725
55	0.04904	0.04177	0.01607	0.02713	0.01679	0.01551	0.00992	0.52836	0.02259	0.07224	0.01348	0.01379	0.00974	0.00641	0.00534	0.00159	0.00581	0.00483	0.03251	0.10707

[dist]
# distance from previous block
# <min> <max>
6	10

[block]
# block no. 5 follows, 41 sequences, length 11
# corresponding to MSA columns:
# 507-517
name=unknown_F
#
# <colnr> <probs for GDERKNQSTAVLIFYWHMCP>
#	G	D	E	R	K	N	Q	S	T	A	V	L	I	F	Y	W	H	M	C	P
0	0.06016	0.01555	0.18693	0.31210	0.02793	0.01348	0.09428	0.04815	0.03693	0.03209	0.01097	0.01442	0.00833	0.00734	0.03289	0.00217	0.08106	0.00505	0.00296	0.00721
1	0.39880	0.21545	0.01752	0.01046	0.01452	0.01578	0.07346	0.08508	0.01253	0.05277	0.02515	0.01145	0.00841	0.00567	0.00474	0.00166	0.03196	0.00393	0.00357	0.00708
2	0.12151	0.01159	0.01509	0.01252	0.01504	0.01351	0.07936	0.17800	0.04535	0.02118	0.01482	0.01779	0.05647	0.01545	0.17439	0.00356	0.18788	0.00570	0.00383	0.00695
3	0.01128	0.01238	0.06730	0.48606	0.03386	0.01264	0.20416	0.01533	0.01198	0.01579	0.01202	0.06923	0.00997	0.00631	0.00608	0.00194	0.00790	0.00624	0.00282	0.00672
4	0.28972	0.10739	0.01537	0.01077	0.01489	0.04154	0.00902	0.32627	0.06654	0.05027	0.01188	0.01229	0.00884	0.00615	0.00475	0.00168	0.00563	0.00428	0.00457	0.00813
