[name]
unknown

[dist]
# distance from previous block
# <min> <max>
0	127

[block]
# block no. 0 follows, 48 sequences, length 11
# corresponding to MSA columns:
# 131-141
name=unknown_A
#
# <colnr> <probs for GDERKNQSTAVLIFYWHMCP>
#	G	D	E	R	K	N	Q	S	T	A	V	L	I	F	Y	W	H	M	C	P
0	0.01770	0.00899	0.01137	0.00955	0.01272	0.00873	0.00792	0.13741	0.07256	0.40833	0.06561	0.02644	0.01792	0.00824	0.00561	0.00175	0.00450	0.16131	0.00570	0.00762
1	0.06649	0.01413	0.01314	0.01072	0.01429	0.20362	0.00858	0.20423	0.05721	0.33365	0.01462	0.01380	0.01001	0.00599	0.00492	0.00152	0.00583	0.00448	0.00491	0.00784
2	0.00716	0.00524	0.00672	0.00635	0.00761	0.00480	0.00476	0.00949	0.01429	0.02003	0.72527	0.03923	0.10844	0.01069	0.00605	0.00162	0.00244	0.00941	0.00558	0.00480
3	0.01899	0.01368	0.01478	0.01150	0.01547	0.01508	0.00945	0.64664	0.10469	0.07593	0.01371	0.01336	0.00971	0.00626	0.00514	0.00156	0.00540	0.00478	0.00521	0.00866
4	0.00713	0.00528	0.00668	0.00646	0.00775	0.00483	0.00492	0.00936	0.01386	0.01909	0.60924	0.04155	0.17025	0.01117	0.00613	0.00169	0.00261	0.06181	0.00544	0.00475
5	0.02302	0.00873	0.01191	0.00913	0.01310	0.00754	0.00754	0.02501	0.01469	0.79122	0.02024	0.01746	0.01270	0.00635	0.00516	0.00159	0.00437	0.00516	0.00635	0.00873
6	0.08520	0.00882	0.01158	0.00895	0.01286	0.00784	0.00739	0.02427	0.01424	0.73387	0.01927	0.01678	0.01217	0.00623	0.00501	0.00159	0.00434	0.00498	0.00611	0.00850
7	0.01029	0.02654	0.79309	0.01462	0.02221	0.01192	0.01896	0.01625	0.01083	0.01625	0.00921	0.01083	0.00650	0.00487	0.00487	0.00162	0.00758	0.00379	0.00217	0.00758
8	0.00891	0.00446	0.00668	0.00668	0.00668	0.00446	0.00446	0.00668	0.00668	0.00891	0.00891	0.01560	0.00891	0.01783	0.02005	0.85071	0.00446	0.00446	0.00223	0.00223
9	0.01262	0.09877	0.11924	0.01771	0.02285	0.01352	0.48269	0.09280	0.01291	0.01750	0.01054	0.03363	0.00828	0.00488	0.00549	0.00162	0.00761	0.00544	0.00283	0.02909
10	0.01042	0.00819	0.06412	0.00952	0.01117	0.00650	0.03671	0.01149	0.01170	0.10304	0.02776	0.57833	0.06961	0.01438	0.00690	0.00225	0.00427	0.01250	0.00519	0.00594

[dist]
# distance from previous block
# <min> <max>
0	2

[block]
# block no. 1 follows, 48 sequences, length 10
# corresponding to MSA columns:
# 144-153
name=unknown_B
#
# <colnr> <probs for GDERKNQSTAVLIFYWHMCP>
#	G	D	E	R	K	N	Q	S	T	A	V	L	I	F	Y	W	H	M	C	P
0	0.01654	0.31084	0.01878	0.01111	0.01461	0.35914	0.00925	0.09718	0.06426	0.01516	0.00899	0.00990	0.00745	0.00512	0.00421	0.00127	0.00700	0.00340	0.00292	0.03285
1	0.01016	0.00958	0.01538	0.64328	0.05938	0.01197	0.01359	0.01406	0.06067	0.01372	0.00967	0.01375	0.00746	0.00563	0.00636	0.00176	0.09053	0.00463	0.00248	0.00594
2	0.00738	0.00530	0.00725	0.00725	0.00782	0.00587	0.00517	0.00852	0.00795	0.01117	0.01466	0.02522	0.01503	0.33341	0.50742	0.00701	0.01043	0.00624	0.00288	0.00403
3	0.00733	0.00550	0.00825	0.00825	0.00916	0.00641	0.00641	0.00916	0.00825	0.01191	0.01374	0.02016	0.01283	0.03848	0.79934	0.00825	0.01374	0.00550	0.00275	0.00458
4	0.00994	0.00961	0.01694	0.72529	0.03445	0.01156	0.09307	0.01346	0.01045	0.01346	0.00925	0.01370	0.00694	0.00505	0.00523	0.00171	0.00703	0.00472	0.00231	0.00583
5	0.01211	0.01159	0.01976	0.18402	0.63977	0.01204	0.01545	0.01523	0.01140	0.01604	0.00955	0.01289	0.00787	0.00468	0.00509	0.00156	0.00624	0.00457	0.00249	0.00765
6	0.00962	0.00855	0.01186	0.00910	0.01274	0.00694	0.10570	0.01183	0.01081	0.01578	0.01709	0.14679	0.09675	0.00688	0.00479	0.00121	0.00417	0.00617	0.00345	0.50978
7	0.01098	0.05897	0.58838	0.01345	0.01987	0.01248	0.01614	0.01861	0.17803	0.01720	0.01166	0.01253	0.00850	0.00531	0.00488	0.00163	0.00672	0.00418	0.00283	0.00766
8	0.00635	0.00489	0.00583	0.00641	0.00740	0.00437	0.00458	0.00760	0.01106	0.01412	0.09969	0.40789	0.33869	0.01429	0.00634	0.00192	0.00286	0.04657	0.00483	0.00431
9	0.00733	0.00550	0.00825	0.00825	0.00916	0.00641	0.00641	0.00916	0.00825	0.01191	0.01374	0.02016	0.01283	0.03848	0.79934	0.00825	0.01374	0.00550	0.00275	0.00458

[dist]
# distance from previous block
# <min> <max>
5	34

[block]
# block no. 2 follows, 48 sequences, length 91
# corresponding to MSA columns:
# 188-278
name=unknown_C
#
# <colnr> <probs for GDERKNQSTAVLIFYWHMCP>
#	G	D	E	R	K	N	Q	S	T	A	V	L	I	F	Y	W	H	M	C	P
0	0.00691	0.00516	0.00644	0.00662	0.00776	0.00472	0.00497	0.00874	0.01255	0.01683	0.37207	0.19104	0.21434	0.02488	0.00657	0.00187	0.00287	0.09596	0.00513	0.00456
1	0.01345	0.76046	0.08684	0.00924	0.01388	0.01965	0.00958	0.01543	0.01046	0.01240	0.00730	0.00843	0.00658	0.00443	0.00342	0.00114	0.00565	0.00283	0.00219	0.00666
2	0.00628	0.00448	0.00595	0.00711	0.00740	0.00418	0.00473	0.00715	0.00977	0.01303	0.02803	0.79988	0.03362	0.03296	0.00696	0.00214	0.00302	0.01444	0.00473	0.00415
3	0.03336	0.01369	0.01416	0.03311	0.01558	0.07220	0.00929	0.47173	0.14637	0.11615	0.01415	0.01378	0.01007	0.00620	0.00508	0.00157	0.00551	0.00475	0.00499	0.00828
4	0.05741	0.00996	0.01433	0.61146	0.02983	0.03722	0.01266	0.01569	0.13145	0.01496	0.01083	0.01410	0.00815	0.00540	0.00502	0.00170	0.00632	0.00462	0.00281	0.00608
5	0.01512	0.01762	0.01483	0.01312	0.01456	0.40172	0.01036	0.01685	0.03974	0.01278	0.00800	0.01073	0.00713	0.00770	0.02682	0.00190	0.36862	0.00398	0.00256	0.00585
6	0.01088	0.01029	0.01678	0.13310	0.51886	0.01042	0.01304	0.01361	0.01149	0.01565	0.01852	0.02058	0.17216	0.00643	0.00529	0.00159	0.00546	0.00589	0.00297	0.00699
7	0.00718	0.00521	0.00676	0.00644	0.00763	0.00480	0.00480	0.00949	0.01423	0.02002	0.72704	0.07006	0.07545	0.01081	0.00607	0.00164	0.00245	0.00955	0.00558	0.00480
8	0.02292	0.00890	0.01201	0.00921	0.01318	0.00779	0.00761	0.04678	0.01496	0.76906	0.02001	0.01731	0.01259	0.00635	0.00516	0.00159	0.00440	0.00514	0.00632	0.00873
9	0.02554	0.00588	0.00671	0.00598	0.00791	0.00559	0.00467	0.01524	0.01187	0.21556	0.04598	0.01926	0.01423	0.00622	0.00407	0.00132	0.00292	0.00502	0.59025	0.00580
10	0.02302	0.00873	0.01191	0.00913	0.01310	0.00754	0.00754	0.02501	0.01469	0.79122	0.02024	0.01746	0.01270	0.00635	0.00516	0.00159	0.00437	0.00516	0.00635	0.00873
11	0.01149	0.01006	0.01172	0.10673	0.01543	0.03624	0.00750	0.07025	0.01175	0.01730	0.00932	0.01109	0.00756	0.00419	0.00409	0.00096	0.00451	0.00336	0.00309	0.65336
12	0.00746	0.00499	0.00565	0.00565	0.00567	0.00500	0.00318	0.00750	0.00748	0.00999	0.01612	0.03330	0.01854	0.80379	0.04184	0.00504	0.00515	0.00742	0.00310	0.00314
13	0.85592	0.00992	0.00754	0.00675	0.00992	0.01151	0.00556	0.01508	0.00873	0.02302	0.00714	0.00834	0.00556	0.00476	0.00318	0.00159	0.00397	0.00278	0.00318	0.00556
14	0.85592	0.00992	0.00754	0.00675	0.00992	0.01151	0.00556	0.01508	0.00873	0.02302	0.00714	0.00834	0.00556	0.00476	0.00318	0.00159	0.00397	0.00278	0.00318	0.00556
15	0.01051	0.00894	0.01051	0.00770	0.01208	0.00679	0.00620	0.01279	0.01070	0.01664	0.01012	0.01326	0.00882	0.00438	0.00398	0.00085	0.00385	0.04464	0.00313	0.80410
16	0.00618	0.00519	0.00537	0.00536	0.00701	0.00438	0.00401	0.00758	0.01193	0.01450	0.12241	0.06292	0.69998	0.01281	0.00607	0.00173	0.00259	0.01075	0.00485	0.00438
17	0.02302	0.00873	0.01191	0.00913	0.01310	0.00754	0.00754	0.02501	0.01469	0.79122	0.02024	0.01746	0.01270	0.00635	0.00516	0.00159	0.00437	0.00516	0.00635	0.00873
18	0.01214	0.00636	0.00827	0.00725	0.00940	0.00566	0.00570	0.01423	0.01397	0.26518	0.39103	0.04819	0.14349	0.00978	0.00582	0.00166	0.00317	0.03703	0.00569	0.00599
19	0.00635	0.00518	0.00561	0.00556	0.00712	0.00444	0.00415	0.00789	0.01227	0.01537	0.21876	0.07773	0.58663	0.01255	0.00608	0.00172	0.00257	0.01063	0.00497	0.00444
20	0.00969	0.00912	0.01539	0.80734	0.03534	0.01140	0.01425	0.01311	0.01026	0.01311	0.00912	0.01368	0.00684	0.00513	0.00513	0.00171	0.00684	0.00456	0.00228	0.00570
21	0.01372	0.82276	0.02689	0.00878	0.01317	0.02030	0.00878	0.01536	0.01043	0.01207	0.00713	0.00823	0.00658	0.00439	0.00329	0.00110	0.00549	0.00274	0.00219	0.00658
22	0.01338	0.74478	0.10193	0.00935	0.01405	0.01948	0.00978	0.01545	0.01047	0.01248	0.00734	0.00849	0.00658	0.00444	0.00345	0.00115	0.00569	0.00285	0.00219	0.00668
23	0.01964	0.01337	0.01468	0.01134	0.01536	0.01453	0.00934	0.62174	0.06459	0.14125	0.01394	0.01344	0.00968	0.00623	0.00514	0.00156	0.00537	0.00476	0.00531	0.00869
24	0.01270	0.01219	0.02083	0.03149	0.78767	0.01219	0.01575	0.01575	0.01168	0.01676	0.00965	0.01270	0.00813	0.00457	0.00508	0.00152	0.00610	0.00457	0.00254	0.00813
25	0.00615	0.00523	0.00532	0.00536	0.00707	0.00439	0.00407	0.00749	0.01170	0.01392	0.05102	0.04971	0.75637	0.01304	0.00610	0.00176	0.00268	0.03952	0.00476	0.00435
26	0.00721	0.00524	0.00679	0.00640	0.00764	0.00482	0.00480	0.00959	0.01441	0.02031	0.75545	0.03877	0.07809	0.01059	0.00605	0.00162	0.00243	0.00934	0.00561	0.00482
27	0.01198	0.01358	0.02945	0.06520	0.02729	0.01289	0.72717	0.01625	0.01201	0.01625	0.01031	0.01383	0.00773	0.00437	0.00600	0.00173	0.00855	0.00597	0.00258	0.00685
28	0.00625	0.00447	0.00595	0.00714	0.00744	0.00417	0.00476	0.00714	0.00982	0.01310	0.02828	0.81633	0.03394	0.01608	0.00655	0.00208	0.00298	0.01459	0.00476	0.00417
29	0.02794	0.00748	0.01090	0.12705	0.01385	0.00939	0.00850	0.01050	0.00848	0.01240	0.01189	0.04946	0.01142	0.06392	0.40063	0.00524	0.20785	0.00551	0.00266	0.00493
30	0.10736	0.01102	0.01280	0.00991	0.01385	0.01117	0.00819	0.31084	0.01771	0.42019	0.01585	0.01455	0.01044	0.00611	0.00495	0.00157	0.00482	0.00471	0.00556	0.00840
31	0.01029	0.02654	0.79309	0.01462	0.02221	0.01192	0.01896	0.01625	0.01083	0.01625	0.00921	0.01083	0.00650	0.00487	0.00487	0.00162	0.00758	0.00379	0.00217	0.00758
32	0.01697	0.01287	0.01404	0.01060	0.01484	0.01332	0.00870	0.55394	0.02027	0.02787	0.01140	0.01184	0.00840	0.00548	0.00475	0.00132	0.00512	0.00417	0.00453	0.24956
33	0.02235	0.00980	0.01257	0.00964	0.01363	0.00913	0.00796	0.16681	0.01648	0.64688	0.01874	0.01649	0.01195	0.00631	0.00515	0.00158	0.00461	0.00506	0.00612	0.00873
34	0.00810	0.00703	0.01136	0.38303	0.02131	0.00792	0.04014	0.01032	0.01012	0.01324	0.01857	0.40740	0.02017	0.01047	0.00586	0.00189	0.00502	0.00954	0.00351	0.00500
35	0.01073	0.00909	0.01487	0.70378	0.03240	0.01086	0.01330	0.01398	0.01061	0.07103	0.00995	0.01379	0.00732	0.00515	0.00506	0.00165	0.00649	0.00452	0.00262	0.05281
36	0.01213	0.01161	0.01979	0.17906	0.64457	0.01204	0.01546	0.01525	0.01141	0.01607	0.00955	0.01289	0.00788	0.00468	0.00509	0.00156	0.00624	0.00457	0.00249	0.00767
37	0.00625	0.00447	0.00595	0.00714	0.00744	0.00417	0.00476	0.00714	0.00982	0.01310	0.02828	0.81633	0.03394	0.01608	0.00655	0.00208	0.00298	0.01459	0.00476	0.00417
38	0.00887	0.00817	0.01282	0.40998	0.02315	0.03188	0.06156	0.01130	0.01027	0.01328	0.01615	0.30395	0.01682	0.00979	0.02201	0.00198	0.02135	0.00827	0.00322	0.00521
39	0.00614	0.00500	0.00544	0.00575	0.00708	0.00430	0.00415	0.00736	0.01127	0.01382	0.06347	0.25307	0.56780	0.01375	0.00619	0.00182	0.00270	0.01179	0.00479	0.00430
40	0.00745	0.00503	0.00585	0.00585	0.00594	0.00511	0.00343	0.00763	0.00754	0.01014	0.01593	0.03227	0.01809	0.74350	0.10151	0.00529	0.00583	0.00727	0.00307	0.00325
41	0.01808	0.01872	0.01457	0.05648	0.01669	0.40300	0.00991	0.27849	0.09854	0.02033	0.01088	0.01160	0.00831	0.00576	0.00489	0.00146	0.00733	0.00409	0.00375	0.00712
42	0.01980	0.01344	0.01474	0.01132	0.01536	0.01458	0.00934	0.65629	0.02261	0.13469	0.01347	0.01314	0.00934	0.00618	0.00511	0.00154	0.00542	0.00470	0.02027	0.00866
43	0.02078	0.01164	0.01359	0.01046	0.01444	0.01194	0.00863	0.41447	0.03045	0.36888	0.01604	0.01483	0.01067	0.00625	0.00512	0.00156	0.00499	0.00488	0.02172	0.00865
44	0.82709	0.00988	0.00769	0.00683	0.01003	0.01137	0.00563	0.01543	0.00894	0.04961	0.00760	0.00865	0.00580	0.00482	0.00324	0.00159	0.00398	0.00286	0.00329	0.00567
45	0.00880	0.00766	0.01025	0.08415	0.04192	0.02089	0.00770	0.01064	0.01138	0.02620	0.26028	0.10515	0.15925	0.01022	0.00867	0.00184	0.20769	0.00808	0.00407	0.00516
46	0.00914	0.00792	0.01249	0.01026	0.01297	0.00687	0.16217	0.01120	0.01068	0.03106	0.01903	0.37287	0.03484	0.00964	0.00557	0.00159	0.00442	0.00903	0.00382	0.26442
47	0.00623	0.00481	0.00569	0.00630	0.00724	0.00427	0.00441	0.00738	0.01086	0.01383	0.08007	0.45535	0.34623	0.01449	0.00632	0.00191	0.00279	0.01274	0.00481	0.00427
48	0.05477	0.01143	0.01331	0.01030	0.01426	0.01170	0.00849	0.36407	0.04588	0.38733	0.01613	0.01481	0.01071	0.00622	0.00507	0.00157	0.00492	0.00484	0.00563	0.00858
49	0.01518	0.08965	0.33907	0.01271	0.01829	0.01464	0.01349	0.39198	0.01742	0.02390	0.01058	0.01135	0.00762	0.00547	0.00487	0.00154	0.00644	0.00411	0.00365	0.00807
50	0.01413	0.00986	0.01100	0.00954	0.01240	0.01067	0.00747	0.09445	0.43321	0.15653	0.07218	0.04100	0.05989	0.03645	0.00608	0.00181	0.00408	0.00636	0.00533	0.00759
51	0.00887	0.00667	0.00822	0.03031	0.00994	0.00596	0.00558	0.01176	0.05539	0.04968	0.39982	0.05829	0.11928	0.00893	0.00545	0.00146	0.00308	0.00772	0.00482	0.19877
52	0.00891	0.00446	0.00668	0.00668	0.00668	0.00446	0.00446	0.00668	0.00668	0.00891	0.00891	0.01560	0.00891	0.01783	0.02005	0.85071	0.00446	0.00446	0.00223	0.00223
53	0.01231	0.26094	0.02001	0.13510	0.29020	0.01393	0.01167	0.01560	0.05910	0.01507	0.00943	0.01161	0.00787	0.00465	0.00438	0.00134	0.00560	0.00389	0.00263	0.11468
54	0.01265	0.01353	0.01435	0.25681	0.02056	0.21115	0.01085	0.01475	0.01082	0.01347	0.00823	0.01137	0.00690	0.00587	0.00766	0.00156	0.20649	0.00394	0.00251	0.16653
55	0.01089	0.00933	0.01155	0.00874	0.01266	0.00792	0.03169	0.05230	0.01126	0.01705	0.01093	0.04159	0.00984	0.00531	0.00505	0.00107	0.05473	0.04873	0.00325	0.64611
56	0.69431	0.00888	0.00724	0.00682	0.00945	0.01011	0.00541	0.01357	0.00894	0.02113	0.01116	0.16201	0.01095	0.00691	0.00382	0.00168	0.00378	0.00502	0.00348	0.00529
57	0.69515	0.00977	0.00813	0.00691	0.01035	0.01062	0.00566	0.01467	0.00910	0.02182	0.00752	0.00877	0.00595	0.00458	0.00329	0.00143	0.00394	0.00283	0.00315	0.16637
58	0.00969	0.00912	0.01539	0.80734	0.03534	0.01140	0.01425	0.01311	0.01026	0.01311	0.00912	0.01368	0.00684	0.00513	0.00513	0.00171	0.00684	0.00456	0.00228	0.00570
59	0.00625	0.00447	0.00595	0.00714	0.00744	0.00417	0.00476	0.00714	0.00982	0.01310	0.02828	0.81633	0.03394	0.01608	0.00655	0.00208	0.00298	0.01459	0.00476	0.00417
60	0.00730	0.00635	0.00754	0.00703	0.00833	0.00660	0.00549	0.00880	0.01156	0.01497	0.19622	0.03982	0.48372	0.01171	0.00811	0.00181	0.15618	0.00930	0.00447	0.00468
61	0.55481	0.01086	0.00989	0.00826	0.01171	0.01217	0.00679	0.18704	0.04252	0.09859	0.01010	0.01053	0.00735	0.00532	0.00389	0.00158	0.00439	0.00354	0.00400	0.00668
62	0.00754	0.00543	0.00741	0.00853	0.00947	0.00530	0.00698	0.00941	0.01121	0.01460	0.02882	0.28617	0.07098	0.01469	0.00687	0.00224	0.00408	0.49100	0.00474	0.00454
63	0.12922	0.01132	0.01277	0.00993	0.01381	0.01171	0.00820	0.35337	0.01802	0.34294	0.01498	0.01403	0.01002	0.00605	0.00486	0.00156	0.00485	0.00461	0.01950	0.00825
64	0.00864	0.00455	0.00648	0.00648	0.00648	0.00455	0.00420	0.00683	0.00683	0.00911	0.01029	0.01902	0.01077	0.17034	0.02121	0.68985	0.00455	0.00503	0.00240	0.00240
65	0.01518	0.01222	0.01296	0.01093	0.01426	0.01389	0.00871	0.29332	0.50842	0.02536	0.01782	0.01670	0.01318	0.00667	0.00519	0.00167	0.00463	0.00538	0.00519	0.00834
66	0.01488	0.57802	0.08389	0.00982	0.01439	0.01836	0.00971	0.15941	0.01321	0.04394	0.00875	0.00954	0.00720	0.00483	0.00383	0.00124	0.00564	0.00327	0.00290	0.00715
67	0.01412	0.49825	0.15713	0.01056	0.01527	0.01783	0.01083	0.15903	0.01300	0.01666	0.00846	0.00958	0.00698	0.00500	0.00446	0.00132	0.03828	0.00335	0.00275	0.00713
68	0.01048	0.01318	0.12265	0.01687	0.02091	0.01101	0.44696	0.01402	0.01114	0.01538	0.01407	0.19625	0.01351	0.00739	0.00673	0.00183	0.06071	0.00760	0.00301	0.00629
69	0.01212	0.01078	0.01045	0.00935	0.01189	0.08559	0.00724	0.10517	0.37030	0.02019	0.11845	0.04207	0.15793	0.00843	0.00544	0.00167	0.00425	0.00695	0.00492	0.00681
70	0.00625	0.00447	0.00595	0.00714	0.00744	0.00417	0.00476	0.00714	0.00982	0.01310	0.02828	0.81633	0.03394	0.01608	0.00655	0.00208	0.00298	0.01459	0.00476	0.00417
71	0.00769	0.00565	0.00715	0.00698	0.00811	0.00551	0.00521	0.00937	0.01225	0.04765	0.34708	0.22508	0.20672	0.01212	0.00696	0.00180	0.06452	0.01037	0.00500	0.00478
72	0.03930	0.00590	0.00652	0.00588	0.00773	0.00573	0.00458	0.02714	0.01182	0.17158	0.04435	0.01903	0.01400	0.00618	0.00400	0.00131	0.00289	0.00495	0.61148	0.00565
73	0.00652	0.00496	0.00600	0.00627	0.00735	0.00444	0.00450	0.00805	0.01199	0.01581	0.28467	0.30596	0.28846	0.01322	0.00622	0.00181	0.00267	0.01160	0.00505	0.00444
74	0.00799	0.00607	0.00749	0.00732	0.00867	0.00603	0.00551	0.01204	0.13455	0.01903	0.47873	0.15988	0.06341	0.01110	0.00606	0.00175	0.00290	0.05087	0.00536	0.00523
75	0.01345	0.01377	0.02667	0.03099	0.02435	0.01362	0.58424	0.15966	0.01420	0.01925	0.01059	0.01345	0.00791	0.00487	0.00628	0.00171	0.03903	0.00570	0.00306	0.00720
76	0.01387	0.80086	0.02655	0.00890	0.01324	0.04166	0.00881	0.01550	0.01054	0.01209	0.00716	0.00826	0.00659	0.00441	0.00333	0.00110	0.00559	0.00276	0.00221	0.00657
77	0.85592	0.00992	0.00754	0.00675	0.00992	0.01151	0.00556	0.01508	0.00873	0.02302	0.00714	0.00834	0.00556	0.00476	0.00318	0.00159	0.00397	0.00278	0.00318	0.00556
78	0.01497	0.01215	0.01310	0.01147	0.03543	0.01378	0.00887	0.27083	0.50988	0.02490	0.01777	0.01673	0.01318	0.00663	0.00519	0.00167	0.00464	0.00538	0.00512	0.00832
79	0.00686	0.00504	0.00643	0.00647	0.00752	0.00461	0.00470	0.00876	0.01299	0.01786	0.50370	0.23540	0.13621	0.01221	0.00618	0.00175	0.00258	0.01081	0.00532	0.00461
80	0.00726	0.00536	0.00750	0.00766	0.00825	0.00597	0.00558	0.00853	0.00838	0.01176	0.01679	0.17399	0.01782	0.18842	0.47222	0.00625	0.03322	0.00759	0.00319	0.00424
81	0.00998	0.00910	0.01503	0.66706	0.03143	0.01100	0.04227	0.04083	0.01072	0.01392	0.01027	0.01599	0.00831	0.05395	0.00644	0.00191	0.00663	0.02296	0.01655	0.00567
82	0.00736	0.00538	0.00766	0.00766	0.00838	0.00610	0.00569	0.00879	0.00807	0.01148	0.01428	0.02310	0.01411	0.20988	0.62969	0.00753	0.01182	0.00593	0.00283	0.00426
83	0.01562	0.23764	0.01793	0.16294	0.01873	0.40570	0.01036	0.01797	0.04391	0.01290	0.00847	0.01022	0.00702	0.00508	0.00438	0.00135	0.00756	0.00349	0.00256	0.00616
84	0.00665	0.00512	0.00580	0.00592	0.00729	0.00446	0.00433	0.00809	0.01191	0.02916	0.19046	0.20737	0.46914	0.01303	0.00615	0.00178	0.00268	0.01121	0.00497	0.00448
85	0.01111	0.03047	0.01481	0.06744	0.01467	0.02618	0.01026	0.01262	0.00876	0.01324	0.00777	0.02542	0.00738	0.00768	0.01284	0.00188	0.55427	0.00434	0.00245	0.16642
86	0.17793	0.16371	0.01359	0.00849	0.01218	0.01083	0.00725	0.03561	0.03008	0.41793	0.01519	0.03336	0.01070	0.00591	0.00441	0.00149	0.00442	0.00447	0.03499	0.00746
87	0.01027	0.01918	0.44590	0.02984	0.09673	0.05569	0.02654	0.01436	0.01090	0.01536	0.02844	0.16481	0.01278	0.00727	0.00573	0.00171	0.03886	0.00609	0.00281	0.00671
88	0.00904	0.00785	0.01013	0.00966	0.03621	0.05590	0.07800	0.02884	0.01120	0.02775	0.03580	0.42777	0.09813	0.01139	0.00582	0.00174	0.00415	0.01026	0.01769	0.11267
89	0.00832	0.00674	0.00854	0.00752	0.00977	0.00591	0.05031	0.02499	0.03878	0.03124	0.07347	0.20825	0.30783	0.01066	0.00562	0.00160	0.00340	0.00928	0.02191	0.16584
90	0.05074	0.04794	0.41381	0.01218	0.01789	0.03715	0.02606	0.09996	0.01261	0.06484	0.01190	0.01386	0.03160	0.00551	0.00478	0.00151	0.00630	0.02838	0.00309	0.10991

[dist]
# distance from previous block
# <min> <max>
2	5

[block]
# block no. 3 follows, 48 sequences, length 39
# corresponding to MSA columns:
# 284-322
name=unknown_D
#
# <colnr> <probs for GDERKNQSTAVLIFYWHMCP>
#	G	D	E	R	K	N	Q	S	T	A	V	L	I	F	Y	W	H	M	C	P
0	0.01464	0.01193	0.04366	0.01026	0.01341	0.02967	0.00851	0.39083	0.13431	0.02519	0.14425	0.02068	0.04843	0.00804	0.00611	0.04346	0.00482	0.02967	0.00489	0.00725
1	0.00783	0.00590	0.00752	0.00772	0.00917	0.00530	0.00591	0.00938	0.01046	0.01427	0.02406	0.32963	0.05637	0.08097	0.00780	0.00214	0.00382	0.23483	0.00427	0.17264
2	0.68697	0.00884	0.00723	0.00683	0.00943	0.01005	0.00540	0.01350	0.00895	0.02105	0.01135	0.16899	0.01120	0.00701	0.00385	0.00169	0.00377	0.00513	0.00349	0.00528
3	0.01164	0.01011	0.01708	0.03579	0.32523	0.00983	0.13458	0.01495	0.05280	0.06978	0.04691	0.17433	0.01554	0.00729	0.00552	0.00165	0.00541	0.00703	0.00355	0.05096
4	0.01079	0.12254	0.54180	0.01250	0.01908	0.01195	0.01513	0.01548	0.01074	0.01582	0.00893	0.01047	0.00673	0.00460	0.00446	0.00139	0.00657	0.00351	0.00234	0.17517
5	0.00961	0.00579	0.00628	0.00572	0.00751	0.00551	0.00437	0.01246	0.04242	0.01866	0.07175	0.01924	0.01494	0.00732	0.03613	0.00147	0.00314	0.00491	0.58433	0.13845
6	0.01024	0.03616	0.00790	0.02282	0.00802	0.00634	0.00459	0.04120	0.00918	0.10530	0.01562	0.05894	0.01626	0.51012	0.01991	0.10818	0.00484	0.00675	0.00349	0.00413
7	0.01327	0.12334	0.39364	0.01291	0.01863	0.01382	0.04248	0.16773	0.10946	0.03957	0.01135	0.01212	0.00831	0.00535	0.00482	0.00156	0.00645	0.00419	0.00327	0.00775
8	0.18005	0.03579	0.07357	0.04062	0.02081	0.04835	0.38809	0.02634	0.01102	0.01707	0.00901	0.01185	0.00703	0.00510	0.00651	0.00172	0.10315	0.00479	0.00266	0.00647
9	0.36399	0.01591	0.01172	0.01016	0.01333	0.28576	0.00802	0.17072	0.04292	0.02122	0.00899	0.00987	0.00695	0.00531	0.00415	0.00149	0.00615	0.00345	0.00347	0.00643
10	0.00715	0.00524	0.00671	0.00634	0.00760	0.00480	0.00476	0.00948	0.01427	0.01997	0.71929	0.03932	0.11446	0.01071	0.00605	0.00162	0.00244	0.00942	0.00557	0.00480
11	0.01271	0.00667	0.00909	0.00846	0.03904	0.00604	0.00631	0.01494	0.01415	0.27563	0.43407	0.06276	0.03353	0.00930	0.00579	0.00166	0.00334	0.04460	0.00568	0.00622
12	0.01161	0.33262	0.49855	0.01238	0.01873	0.01514	0.01505	0.01591	0.01068	0.01464	0.00841	0.00983	0.00653	0.00469	0.00427	0.00142	0.00678	0.00339	0.00218	0.00720
13	0.01224	0.00557	0.00620	0.00565	0.00739	0.00533	0.00437	0.01455	0.01154	0.17265	0.01744	0.01880	0.01306	0.00605	0.00390	0.00127	0.00278	0.00486	0.68078	0.00557
14	0.00918	0.00600	0.00808	0.00719	0.00897	0.00541	0.03344	0.01142	0.01390	0.11350	0.51688	0.03723	0.17264	0.01028	0.00597	0.00165	0.00297	0.02457	0.00545	0.00530
15	0.00729	0.00500	0.00555	0.00555	0.00576	0.00490	0.00321	0.00745	0.00798	0.01043	0.02057	0.03552	0.11304	0.72040	0.02365	0.00458	0.00468	0.00788	0.00331	0.00326
16	0.00891	0.00446	0.00668	0.00668	0.00668	0.00446	0.00446	0.00668	0.00668	0.00891	0.00891	0.01560	0.00891	0.01783	0.02005	0.85071	0.00446	0.00446	0.00223	0.00223
17	0.85592	0.00992	0.00754	0.00675	0.00992	0.01151	0.00556	0.01508	0.00873	0.02302	0.00714	0.00834	0.00556	0.00476	0.00318	0.00159	0.00397	0.00278	0.00318	0.00556
18	0.18558	0.02056	0.01323	0.01179	0.01469	0.56448	0.00903	0.09412	0.01434	0.01661	0.00821	0.00938	0.00661	0.00527	0.00439	0.00140	0.00784	0.00333	0.00300	0.00615
19	0.85592	0.00992	0.00754	0.00675	0.00992	0.01151	0.00556	0.01508	0.00873	0.02302	0.00714	0.00834	0.00556	0.00476	0.00318	0.00159	0.00397	0.00278	0.00318	0.00556
20	0.00711	0.00516	0.00673	0.00675	0.00783	0.00479	0.00505	0.00921	0.01336	0.01855	0.55907	0.17350	0.08076	0.01186	0.00622	0.00176	0.00271	0.06950	0.00538	0.00469
21	0.01035	0.00594	0.00780	0.00694	0.00872	0.00536	0.00534	0.01265	0.01446	0.17357	0.60679	0.03457	0.06758	0.00976	0.00587	0.00161	0.00281	0.00852	0.00576	0.00560
22	0.00898	0.00497	0.00523	0.00513	0.00646	0.00477	0.00386	0.01120	0.01143	0.03247	0.11436	0.02617	0.13925	0.00763	0.00430	0.00134	0.00246	0.00628	0.59891	0.00479
23	0.00638	0.00489	0.00587	0.00644	0.00742	0.00438	0.00460	0.00765	0.01111	0.01427	0.11633	0.41082	0.31901	0.01424	0.00634	0.00191	0.00286	0.04629	0.00485	0.00433
24	0.01396	0.01354	0.01215	0.01096	0.01381	0.16000	0.00846	0.02600	0.63536	0.01980	0.01846	0.01729	0.01397	0.00665	0.00511	0.00166	0.00503	0.00533	0.00474	0.00771
25	0.01044	0.06856	0.70646	0.01426	0.02138	0.01216	0.03332	0.01599	0.01087	0.01599	0.00980	0.01253	0.00740	0.00519	0.00490	0.00163	0.00738	0.03206	0.00227	0.00741
26	0.18403	0.18750	0.01514	0.00917	0.01311	0.01168	0.03675	0.04498	0.02531	0.40258	0.01417	0.01337	0.00969	0.00554	0.00440	0.00149	0.00473	0.00419	0.00461	0.00756
27	0.15891	0.01679	0.01109	0.02603	0.01269	0.45045	0.00758	0.01635	0.01183	0.01407	0.00990	0.01468	0.00922	0.17578	0.00885	0.00213	0.00713	0.00417	0.03710	0.00523
28	0.01148	0.01174	0.04243	0.19697	0.08315	0.01134	0.40495	0.01507	0.01151	0.05353	0.01238	0.09841	0.01056	0.00588	0.00575	0.00174	0.00721	0.00640	0.00292	0.00655
29	0.00672	0.00495	0.00629	0.00656	0.00747	0.00456	0.00468	0.00834	0.01204	0.01636	0.36009	0.32913	0.14691	0.03238	0.02759	0.00206	0.00301	0.01134	0.00506	0.00447
30	0.00738	0.00509	0.00614	0.00605	0.00644	0.00509	0.00384	0.00811	0.00912	0.01248	0.17916	0.03346	0.03864	0.55075	0.10341	0.00455	0.00532	0.00770	0.00364	0.00365
31	0.02851	0.00598	0.00653	0.00598	0.00762	0.00598	0.00461	0.07226	0.01276	0.06778	0.16915	0.02208	0.01963	0.00689	0.00429	0.00134	0.00281	0.00564	0.54481	0.00536
32	0.00884	0.00616	0.00710	0.00661	0.00851	0.00569	0.00509	0.01190	0.08940	0.09373	0.27311	0.03999	0.38296	0.01099	0.00591	0.00170	0.00292	0.02883	0.00524	0.00531
33	0.01379	0.01015	0.01185	0.00921	0.01311	0.00954	0.02161	0.11490	0.19264	0.11907	0.01396	0.01450	0.01064	0.03071	0.00522	0.00135	0.00430	0.00436	0.00424	0.39485
34	0.01412	0.76385	0.02598	0.00911	0.01337	0.07777	0.00886	0.01574	0.01073	0.01211	0.00719	0.00831	0.00659	0.00446	0.00339	0.00111	0.00577	0.00279	0.00223	0.00654
35	0.00699	0.00494	0.00557	0.00576	0.00615	0.00472	0.00353	0.00739	0.00867	0.01122	0.02519	0.15938	0.17354	0.53335	0.01906	0.00388	0.00419	0.00925	0.00370	0.00352
36	0.05453	0.04989	0.20819	0.09085	0.32367	0.09569	0.03417	0.03381	0.01183	0.03673	0.00945	0.01171	0.00739	0.00485	0.00485	0.00154	0.00674	0.00414	0.00262	0.00736
37	0.01674	0.08962	0.04554	0.01111	0.01431	0.32035	0.00909	0.08770	0.12385	0.12555	0.08333	0.01537	0.01307	0.00625	0.00488	0.00147	0.00641	0.01445	0.00400	0.00690
38	0.01144	0.11262	0.01325	0.01028	0.07318	0.00902	0.02459	0.01408	0.04208	0.07081	0.03018	0.06564	0.02466	0.02540	0.00520	0.00139	0.00441	0.09787	0.00359	0.36031

[dist]
# distance from previous block
# <min> <max>
0	2

[block]
# block no. 4 follows, 48 sequences, length 8
# corresponding to MSA columns:
# 325-332
name=unknown_E
#
# <colnr> <probs for GDERKNQSTAVLIFYWHMCP>
#	G	D	E	R	K	N	Q	S	T	A	V	L	I	F	Y	W	H	M	C	P
0	0.01249	0.14369	0.02026	0.10071	0.30673	0.05117	0.09542	0.04272	0.01174	0.01564	0.04452	0.01402	0.03066	0.00558	0.00607	0.00157	0.08260	0.00475	0.00273	0.00693
1	0.01267	0.01140	0.01103	0.00871	0.01232	0.13590	0.00677	0.05359	0.04414	0.05091	0.07003	0.01460	0.01183	0.05202	0.00558	0.00128	0.00478	0.00411	0.00352	0.48482
2	0.00954	0.00707	0.00980	0.08648	0.13687	0.00728	0.00744	0.05007	0.01227	0.01807	0.21951	0.04392	0.05236	0.03604	0.06117	0.00208	0.00449	0.00653	0.22348	0.00553
3	0.14906	0.04966	0.08878	0.09342	0.41985	0.01242	0.08366	0.01550	0.01098	0.01716	0.00911	0.01181	0.00735	0.00465	0.00477	0.00156	0.00616	0.00426	0.00258	0.00726
4	0.00658	0.00469	0.00618	0.00703	0.00750	0.00441	0.00482	0.00773	0.01052	0.01420	0.15025	0.60561	0.03509	0.06780	0.00778	0.00221	0.00309	0.04549	0.00480	0.00423
5	0.01914	0.00866	0.01127	0.00879	0.01237	0.00774	0.00716	0.08301	0.01510	0.53900	0.14278	0.01986	0.01774	0.00679	0.00519	0.00152	0.00411	0.00561	0.00586	0.07829
6	0.01309	0.56232	0.07326	0.04567	0.14111	0.01768	0.05465	0.01545	0.01075	0.01339	0.00794	0.00966	0.00691	0.00448	0.00391	0.00126	0.00595	0.00337	0.00228	0.00688
7	0.00995	0.00806	0.00941	0.00802	0.01082	0.00732	0.00611	0.05715	0.12548	0.01779	0.09989	0.22743	0.02021	0.00836	0.00506	0.00139	0.00358	0.00726	0.00422	0.36246

[dist]
# distance from previous block
# <min> <max>
4	14

[block]
# block no. 5 follows, 48 sequences, length 27
# corresponding to MSA columns:
# 347-373
name=unknown_F
#
# <colnr> <probs for GDERKNQSTAVLIFYWHMCP>
#	G	D	E	R	K	N	Q	S	T	A	V	L	I	F	Y	W	H	M	C	P
0	0.03697	0.00825	0.01273	0.01094	0.03974	0.00790	0.14613	0.01125	0.00989	0.01435	0.01544	0.17528	0.02792	0.14753	0.06679	0.00263	0.05304	0.01920	0.00328	0.19073
1	0.01017	0.00857	0.01013	0.00753	0.01159	0.00658	0.00601	0.01247	0.01113	0.01712	0.09934	0.01539	0.01303	0.00491	0.00417	0.00091	0.00367	0.02834	0.00340	0.72555
2	0.00884	0.00795	0.01014	0.04632	0.01131	0.03322	0.00762	0.01093	0.06277	0.01344	0.02047	0.38160	0.06486	0.01273	0.02861	0.00220	0.25861	0.00955	0.00377	0.00504
3	0.00956	0.00478	0.00478	0.00478	0.00598	0.00478	0.00359	0.01196	0.01076	0.01913	0.01674	0.01913	0.01315	0.00598	0.00359	0.00120	0.00239	0.00478	0.84816	0.00478
4	0.00799	0.00580	0.00781	0.00855	0.00970	0.00575	0.00707	0.01071	0.04577	0.01648	0.19257	0.14831	0.03361	0.01329	0.00671	0.00214	0.00397	0.46399	0.00495	0.00483
5	0.02171	0.00885	0.01176	0.00918	0.01299	0.00795	0.00753	0.02484	0.08381	0.70286	0.03884	0.01812	0.01384	0.00651	0.00519	0.00160	0.00429	0.00532	0.00623	0.00858
6	0.00717	0.00524	0.00674	0.00636	0.00761	0.00480	0.00477	0.00951	0.01432	0.02009	0.73141	0.03914	0.10227	0.01067	0.00605	0.00162	0.00243	0.00939	0.00558	0.00480
7	0.00672	0.00570	0.00676	0.10736	0.01066	0.00531	0.00536	0.00846	0.01196	0.01484	0.16337	0.04308	0.56910	0.01160	0.00594	0.00171	0.00311	0.00979	0.00459	0.00459
8	0.01049	0.07226	0.74909	0.01429	0.02169	0.01240	0.01837	0.01620	0.01081	0.01601	0.00909	0.01068	0.00650	0.00485	0.00478	0.00159	0.00746	0.00373	0.00217	0.00753
9	0.01064	0.00912	0.01064	0.00760	0.01216	0.00684	0.00608	0.01292	0.01064	0.01672	0.00912	0.01064	0.00760	0.00380	0.00380	0.00076	0.00380	0.00304	0.00304	0.85104
10	0.01216	0.01398	0.05503	0.02322	0.16803	0.01279	0.60300	0.01630	0.01199	0.01649	0.01020	0.01352	0.00780	0.00439	0.00583	0.00169	0.00814	0.00570	0.00257	0.00717
11	0.00757	0.00572	0.00816	0.00804	0.00873	0.00666	0.00606	0.00902	0.00808	0.01157	0.01381	0.02219	0.01359	0.18381	0.61069	0.00730	0.05606	0.00581	0.00279	0.00436
12	0.01203	0.01026	0.01097	0.00991	0.01259	0.01171	0.00769	0.02494	0.67720	0.02135	0.12211	0.02169	0.02000	0.00743	0.00533	0.00172	0.00384	0.00626	0.00528	0.00769
13	0.00813	0.00588	0.00816	0.00920	0.02876	0.00580	0.00751	0.01042	0.01218	0.01624	0.18372	0.05165	0.03245	0.04852	0.00766	0.00230	0.00429	0.54758	0.00479	0.00476
14	0.01899	0.01414	0.01523	0.01179	0.01573	0.01576	0.00972	0.71776	0.05803	0.03134	0.01257	0.01260	0.00899	0.00627	0.00543	0.00157	0.02573	0.00467	0.00506	0.00862
15	0.85592	0.00992	0.00754	0.00675	0.00992	0.01151	0.00556	0.01508	0.00873	0.02302	0.00714	0.00834	0.00556	0.00476	0.00318	0.00159	0.00397	0.00278	0.00318	0.00556
16	0.01790	0.03959	0.01460	0.01301	0.04902	0.50556	0.00966	0.16717	0.04258	0.02961	0.01204	0.01277	0.05246	0.00593	0.00483	0.00141	0.00767	0.00416	0.00339	0.00663
17	0.00852	0.00586	0.00755	0.00677	0.00849	0.00520	0.00514	0.01083	0.01388	0.06428	0.61800	0.06806	0.04100	0.00972	0.00576	0.00153	0.00272	0.00855	0.00535	0.10279
18	0.01069	0.02539	0.74617	0.01423	0.02154	0.01159	0.01821	0.01642	0.01106	0.04481	0.02760	0.01171	0.00770	0.00506	0.00491	0.00162	0.00735	0.00397	0.00240	0.00756
19	0.00726	0.00524	0.00686	0.00646	0.00767	0.00484	0.00484	0.00968	0.01452	0.02058	0.78496	0.03833	0.04841	0.01049	0.00605	0.00161	0.00242	0.00928	0.00565	0.00484
20	0.00624	0.00449	0.00593	0.00708	0.00742	0.00417	0.00473	0.00715	0.00989	0.01313	0.02911	0.78938	0.06035	0.01597	0.00653	0.00207	0.00296	0.01445	0.00476	0.00417
21	0.00663	0.00481	0.00630	0.00712	0.00778	0.00449	0.00509	0.00798	0.01101	0.01471	0.16245	0.53841	0.09482	0.01465	0.00648	0.00200	0.00304	0.09294	0.00491	0.00436
22	0.44881	0.00955	0.00980	0.00801	0.01158	0.00988	0.00661	0.04731	0.01199	0.37052	0.01325	0.01261	0.00890	0.00553	0.00414	0.00159	0.00421	0.00392	0.00468	0.00711
23	0.00778	0.00558	0.00709	0.00663	0.00800	0.00523	0.00500	0.01068	0.04913	0.03641	0.69651	0.03759	0.08407	0.01037	0.00600	0.00163	0.00255	0.00911	0.00560	0.00505
24	0.58097	0.08779	0.07333	0.00821	0.01194	0.03816	0.00743	0.05655	0.01048	0.07341	0.00850	0.00939	0.00641	0.00494	0.00361	0.00153	0.00469	0.00313	0.00330	0.00621
25	0.01383	0.61093	0.10142	0.00950	0.01413	0.01785	0.00964	0.04311	0.03992	0.04921	0.00872	0.00957	0.00732	0.00466	0.00370	0.00120	0.00552	0.00315	0.00264	0.04397
26	0.20853	0.07169	0.05449	0.10245	0.01577	0.01251	0.03722	0.04862	0.06645	0.07144	0.01047	0.02476	0.00848	0.00826	0.05821	0.00213	0.16440	0.00433	0.00319	0.02661

[dist]
# distance from previous block
# <min> <max>
4	11

[block]
# block no. 6 follows, 48 sequences, length 7
# corresponding to MSA columns:
# 385-391
name=unknown_G
#
# <colnr> <probs for GDERKNQSTAVLIFYWHMCP>
#	G	D	E	R	K	N	Q	S	T	A	V	L	I	F	Y	W	H	M	C	P
0	0.01201	0.42568	0.40900	0.01169	0.01768	0.01612	0.01386	0.01581	0.01063	0.01416	0.00817	0.00953	0.00654	0.00463	0.00408	0.00136	0.00653	0.00327	0.00218	0.00708
1	0.08990	0.28217	0.43110	0.01171	0.01767	0.01437	0.01382	0.01632	0.01071	0.05651	0.00893	0.01011	0.00677	0.00479	0.00422	0.00145	0.00640	0.00343	0.00249	0.00713
2	0.09066	0.51030	0.12919	0.00967	0.01409	0.01676	0.00992	0.06604	0.01137	0.01532	0.00955	0.01328	0.00866	0.00548	0.00396	0.00136	0.00558	0.06952	0.00270	0.00661
3	0.29953	0.08211	0.06457	0.00878	0.01225	0.05433	0.00771	0.11197	0.01320	0.14274	0.14070	0.01553	0.01449	0.00616	0.00442	0.00153	0.00465	0.00457	0.00416	0.00659
4	0.00937	0.00766	0.01299	0.01042	0.01280	0.00706	0.20401	0.01194	0.01303	0.06681	0.38220	0.06043	0.11594	0.05350	0.00712	0.00186	0.00435	0.00845	0.00463	0.00545
5	0.01246	0.01281	0.02402	0.10514	0.02441	0.01295	0.48785	0.06769	0.16213	0.01810	0.01242	0.01476	0.00928	0.00505	0.00573	0.00172	0.00736	0.00575	0.00324	0.00714
6	0.01049	0.17223	0.04061	0.07557	0.03131	0.01145	0.15950	0.02674	0.03840	0.01487	0.05808	0.02190	0.16073	0.06178	0.00705	0.00177	0.04275	0.00607	0.00324	0.05544

[dist]
# distance from previous block
# <min> <max>
1	19

[block]
# block no. 7 follows, 48 sequences, length 30
# corresponding to MSA columns:
# 411-440
name=unknown_H
#
# <colnr> <probs for GDERKNQSTAVLIFYWHMCP>
#	G	D	E	R	K	N	Q	S	T	A	V	L	I	F	Y	W	H	M	C	P
0	0.31505	0.08378	0.09613	0.00806	0.01076	0.00955	0.00713	0.01279	0.04102	0.01787	0.07559	0.26782	0.01853	0.00887	0.00475	0.00171	0.00408	0.00727	0.00375	0.00548
1	0.00786	0.09679	0.01010	0.09348	0.01168	0.00731	0.03413	0.00957	0.01124	0.01422	0.11644	0.16334	0.33198	0.04105	0.00643	0.00180	0.00376	0.00921	0.00412	0.02549
2	0.81063	0.00998	0.00776	0.00695	0.01011	0.01158	0.00569	0.01574	0.05007	0.02294	0.00788	0.00892	0.00610	0.00488	0.00329	0.00160	0.00397	0.00294	0.00329	0.00569
3	0.01035	0.00879	0.01027	0.00764	0.01177	0.00686	0.00604	0.01306	0.04229	0.01688	0.04306	0.05542	0.01105	0.00487	0.00410	0.00091	0.00371	0.00403	0.00333	0.73557
4	0.00728	0.00535	0.00664	0.00689	0.00786	0.00505	0.00491	0.04898	0.01228	0.01653	0.26863	0.41052	0.13742	0.02880	0.00663	0.00192	0.00293	0.01174	0.00503	0.00463
5	0.04671	0.01372	0.02835	0.02036	0.02540	0.01311	0.68695	0.06726	0.01278	0.01778	0.01038	0.01352	0.00776	0.00447	0.00588	0.00171	0.00826	0.00583	0.00279	0.00699
6	0.01257	0.01206	0.02059	0.06460	0.75557	0.01216	0.01568	0.01563	0.01162	0.01661	0.00963	0.01274	0.00807	0.00460	0.00508	0.00153	0.00613	0.00457	0.00253	0.00802
7	0.00799	0.00577	0.00792	0.00902	0.01018	0.00569	0.00775	0.01019	0.01168	0.01511	0.02891	0.10513	0.08082	0.01421	0.00698	0.00230	0.00447	0.65648	0.00473	0.00466
8	0.01474	0.00718	0.00930	0.00780	0.01043	0.00649	0.00618	0.01754	0.05802	0.37610	0.31619	0.02867	0.10212	0.00862	0.00559	0.00162	0.00343	0.00733	0.00586	0.00678
9	0.00781	0.00535	0.00696	0.00654	0.00785	0.00490	0.00491	0.01011	0.01424	0.05116	0.69565	0.06704	0.07670	0.01063	0.00603	0.00164	0.00253	0.00938	0.00561	0.00495
10	0.01930	0.01427	0.01528	0.01176	0.01583	0.01581	0.00970	0.74745	0.04757	0.03200	0.01259	0.01253	0.00894	0.00618	0.00514	0.00155	0.00560	0.00466	0.00514	0.00871
11	0.05350	0.01033	0.01564	0.11687	0.01796	0.01050	0.15458	0.04161	0.01066	0.01599	0.00945	0.03137	0.00802	0.00588	0.00724	0.03286	0.13806	0.00444	0.00282	0.31224
12	0.01726	0.19595	0.01727	0.01255	0.03190	0.54876	0.00977	0.01925	0.04601	0.01292	0.00830	0.00961	0.00703	0.00529	0.00485	0.00133	0.03972	0.00336	0.00264	0.00621
13	0.82028	0.00987	0.00773	0.00685	0.01006	0.01134	0.00564	0.01551	0.00899	0.05589	0.00771	0.00873	0.00586	0.00483	0.00326	0.00159	0.00399	0.00288	0.00331	0.00569
14	0.01318	0.01338	0.03629	0.08783	0.56071	0.08389	0.03494	0.04664	0.02751	0.01677	0.01012	0.01341	0.00842	0.00497	0.00511	0.00155	0.00646	0.01847	0.00272	0.00766
15	0.00719	0.00497	0.00637	0.00666	0.00715	0.00500	0.00453	0.00775	0.00866	0.01153	0.02187	0.20057	0.10588	0.28642	0.17705	0.09327	0.00601	0.03184	0.00354	0.00373
16	0.00651	0.00466	0.00620	0.00712	0.00761	0.00435	0.00492	0.00772	0.01070	0.01445	0.15609	0.65372	0.03620	0.01505	0.00649	0.00202	0.00295	0.04402	0.00491	0.00430
17	0.02202	0.00896	0.01188	0.00926	0.01312	0.00805	0.00760	0.02523	0.08937	0.71595	0.02031	0.01763	0.01299	0.00641	0.00517	0.00160	0.00434	0.00522	0.00624	0.00867
18	0.01538	0.00893	0.01053	0.04409	0.01247	0.00918	0.00722	0.22384	0.05333	0.21736	0.01897	0.09661	0.04267	0.00758	0.00503	0.00157	0.00419	0.02433	0.18971	0.00699
19	0.00746	0.00497	0.00560	0.00560	0.00560	0.00497	0.00311	0.00746	0.00746	0.00995	0.01617	0.03358	0.01865	0.81967	0.02612	0.00497	0.00497	0.00746	0.00311	0.00311
20	0.01326	0.01074	0.01188	0.06412	0.01481	0.01231	0.00850	0.02616	0.67446	0.07342	0.02005	0.01866	0.01487	0.00680	0.00521	0.00173	0.00427	0.00567	0.00510	0.00800
21	0.01123	0.01123	0.01572	0.01347	0.01347	0.01572	0.01123	0.01235	0.00786	0.01235	0.00674	0.01123	0.00674	0.00898	0.01684	0.00225	0.81028	0.00449	0.00225	0.00561
22	0.01342	0.79053	0.02603	0.00864	0.01292	0.01967	0.00859	0.01505	0.01048	0.01214	0.00890	0.00985	0.03729	0.00473	0.00340	0.00112	0.00537	0.00306	0.00230	0.00650
23	0.81959	0.04499	0.00838	0.00684	0.01006	0.01189	0.00570	0.01510	0.00881	0.02255	0.00714	0.00833	0.00560	0.00475	0.00318	0.00157	0.00403	0.00278	0.00313	0.00560
24	0.01055	0.00975	0.01623	0.63085	0.07285	0.01162	0.05747	0.06438	0.01129	0.01474	0.00964	0.01383	0.00736	0.00660	0.04045	0.00198	0.00713	0.00469	0.00253	0.00606
25	0.00631	0.00464	0.00593	0.00690	0.00747	0.00426	0.00474	0.00734	0.01027	0.01343	0.04546	0.65518	0.15371	0.01542	0.00648	0.00203	0.00296	0.03846	0.00478	0.00422
26	0.00820	0.00510	0.00679	0.00717	0.00807	0.00468	0.00506	0.00960	0.01153	0.09342	0.22401	0.53378	0.03556	0.01364	0.00628	0.00191	0.00297	0.01226	0.00515	0.00480
27	0.00719	0.00522	0.00679	0.00658	0.00775	0.00482	0.00495	0.00945	0.01397	0.01955	0.66889	0.09216	0.07814	0.01114	0.00613	0.00168	0.00257	0.04273	0.00551	0.00477
28	0.00905	0.00723	0.00797	0.00792	0.00951	0.04872	0.00620	0.04504	0.06925	0.03563	0.17830	0.14179	0.20269	0.01269	0.03253	0.00207	0.00409	0.16930	0.00484	0.00517
29	0.04499	0.07708	0.02926	0.01020	0.01384	0.10879	0.00836	0.23503	0.15424	0.02122	0.01289	0.05784	0.01058	0.00603	0.00466	0.00138	0.00522	0.00467	0.00401	0.18972

[dist]
# distance from previous block
# <min> <max>
5	21

[block]
# block no. 8 follows, 48 sequences, length 7
# corresponding to MSA columns:
# 462-468
name=unknown_I
#
# <colnr> <probs for GDERKNQSTAVLIFYWHMCP>
#	G	D	E	R	K	N	Q	S	T	A	V	L	I	F	Y	W	H	M	C	P
0	0.00842	0.00590	0.00751	0.00848	0.07185	0.00532	0.00560	0.00984	0.01142	0.08671	0.07282	0.26683	0.34546	0.04142	0.00679	0.00193	0.00330	0.03071	0.00471	0.00500
1	0.00813	0.00595	0.00677	0.00651	0.00754	0.00589	0.00449	0.08152	0.01100	0.01441	0.08810	0.11047	0.21517	0.33708	0.07169	0.00351	0.00468	0.00873	0.00406	0.00431
2	0.01195	0.30121	0.40522	0.01181	0.01747	0.01460	0.01363	0.07721	0.01171	0.01589	0.01013	0.06858	0.00871	0.00563	0.00447	0.00147	0.00636	0.00428	0.00261	0.00708
3	0.00827	0.00732	0.04805	0.05174	0.01140	0.00752	0.03600	0.01021	0.00869	0.01269	0.01325	0.02038	0.01246	0.14497	0.45093	0.00582	0.06790	0.00554	0.07212	0.00475
4	0.01533	0.08754	0.15121	0.01255	0.01679	0.19704	0.07617	0.14149	0.12599	0.05882	0.01181	0.01251	0.00888	0.00547	0.00482	0.00148	0.00663	0.00428	0.02616	0.03506
5	0.01000	0.00594	0.00609	0.00587	0.00729	0.00625	0.00438	0.01443	0.15063	0.01889	0.01745	0.02018	0.01401	0.06490	0.00551	0.00157	0.00288	0.00516	0.63330	0.00527
6	0.01089	0.10124	0.60610	0.01510	0.02202	0.01288	0.12938	0.01619	0.01098	0.01588	0.00918	0.01103	0.00670	0.00475	0.00490	0.00159	0.00754	0.00403	0.00223	0.00739

[dist]
# distance from previous block
# <min> <max>
0	20

[block]
# block no. 9 follows, 48 sequences, length 23
# corresponding to MSA columns:
# 489-511
name=unknown_J
#
# <colnr> <probs for GDERKNQSTAVLIFYWHMCP>
#	G	D	E	R	K	N	Q	S	T	A	V	L	I	F	Y	W	H	M	C	P
