[name]
unknown

[dist]
# distance from previous block
# <min> <max>
20	40

[block]
# block no. 0 follows, 43 sequences, length 7
# corresponding to MSA columns:
# 73-79
name=unknown_A
#
# <colnr> <probs for GDERKNQSTAVLIFYWHMCP>
#	G	D	E	R	K	N	Q	S	T	A	V	L	I	F	Y	W	H	M	C	P
0	0.01313	0.01095	0.01349	0.13706	0.01785	0.01111	0.00926	0.16533	0.06190	0.02056	0.01261	0.06830	0.01079	0.00642	0.00599	0.00145	0.06443	0.00508	0.00383	0.36046
1	0.00997	0.00769	0.01082	0.00981	0.01148	0.00775	0.07676	0.07636	0.01273	0.03890	0.06263	0.38961	0.09392	0.01255	0.00728	0.00199	0.06350	0.01102	0.06600	0.02925
2	0.07047	0.00715	0.00734	0.00688	0.00805	0.02871	0.00454	0.01077	0.04942	0.01369	0.02018	0.03186	0.09834	0.50072	0.04319	0.00413	0.00527	0.00736	0.00364	0.07830
3	0.01968	0.04332	0.01562	0.01177	0.01570	0.04311	0.00958	0.54583	0.04777	0.09208	0.01433	0.01583	0.01085	0.07990	0.00753	0.00199	0.00599	0.00523	0.00524	0.00865
4	0.03697	0.05874	0.01667	0.01560	0.12872	0.21248	0.01096	0.21586	0.05146	0.02128	0.06667	0.01469	0.01194	0.00764	0.02768	0.00186	0.08445	0.00490	0.00388	0.00755
5	0.01328	0.08236	0.01621	0.29267	0.02305	0.04385	0.01133	0.13457	0.04408	0.01833	0.01075	0.01363	0.00854	0.00766	0.04648	0.00197	0.06601	0.00451	0.00327	0.15745
6	0.01322	0.07170	0.01678	0.24319	0.08667	0.05587	0.04973	0.04033	0.02674	0.07192	0.01270	0.07247	0.01096	0.00659	0.00600	0.00165	0.04837	0.01843	0.00338	0.14330

[dist]
# distance from previous block
# <min> <max>
3	25

[block]
# block no. 1 follows, 43 sequences, length 8
# corresponding to MSA columns:
# 106-113
name=unknown_B
#
# <colnr> <probs for GDERKNQSTAVLIFYWHMCP>
#	G	D	E	R	K	N	Q	S	T	A	V	L	I	F	Y	W	H	M	C	P
0	0.01047	0.00927	0.01434	0.22606	0.11109	0.01015	0.05520	0.05078	0.01227	0.01667	0.09014	0.17660	0.05329	0.03836	0.00788	0.00203	0.07163	0.00805	0.00374	0.03198
1	0.01198	0.01116	0.01332	0.17218	0.01827	0.08274	0.02695	0.07231	0.02759	0.01785	0.11882	0.06331	0.06169	0.00784	0.00702	0.00166	0.09995	0.00624	0.00379	0.17533
2	0.00777	0.00604	0.00784	0.06582	0.01096	0.00591	0.00616	0.01009	0.06357	0.01506	0.02919	0.58677	0.08690	0.01478	0.00665	0.00208	0.00362	0.01326	0.00487	0.05266
3	0.01723	0.01249	0.01261	0.01072	0.01397	0.09856	0.00842	0.12838	0.27978	0.19981	0.07324	0.02155	0.05178	0.03806	0.00650	0.00188	0.00518	0.00620	0.00552	0.00810
4	0.00733	0.00551	0.00720	0.00792	0.00853	0.00544	0.00564	0.00861	0.01133	0.01518	0.11934	0.53408	0.10040	0.03852	0.00822	0.00227	0.04753	0.05722	0.00505	0.00469
5	0.01887	0.01100	0.01300	0.01037	0.01396	0.01121	0.00841	0.29204	0.07002	0.28076	0.18638	0.02198	0.02100	0.00783	0.00578	0.00171	0.00473	0.00640	0.00612	0.00843
6	0.09359	0.01960	0.07291	0.01875	0.22282	0.33779	0.01252	0.06034	0.05406	0.04172	0.01051	0.01207	0.00832	0.00559	0.00509	0.00158	0.00772	0.00421	0.00326	0.00754
7	0.08236	0.03600	0.01377	0.01095	0.03902	0.05465	0.00863	0.12654	0.03430	0.43230	0.03527	0.01642	0.01241	0.00643	0.00523	0.00161	0.00517	0.00504	0.00561	0.06828

[dist]
# distance from previous block
# <min> <max>
14	33

[block]
# block no. 2 follows, 43 sequences, length 27
# corresponding to MSA columns:
# 148-174
name=unknown_C
#
# <colnr> <probs for GDERKNQSTAVLIFYWHMCP>
#	G	D	E	R	K	N	Q	S	T	A	V	L	I	F	Y	W	H	M	C	P
0	0.10553	0.03406	0.03734	0.07936	0.01578	0.05931	0.02322	0.12690	0.09311	0.15909	0.02903	0.04913	0.01325	0.09684	0.02296	0.00225	0.00579	0.00569	0.00450	0.03688
1	0.06854	0.11973	0.11661	0.02631	0.01743	0.10104	0.09282	0.12230	0.11967	0.03602	0.06388	0.01565	0.01247	0.02640	0.00576	0.00171	0.00645	0.00504	0.00385	0.03830
2	0.14231	0.33104	0.07394	0.01188	0.01639	0.14101	0.08355	0.05027	0.02577	0.03823	0.00931	0.01064	0.00756	0.00516	0.00438	0.00145	0.00672	0.00373	0.00300	0.03368
3	0.04477	0.35348	0.10087	0.01093	0.01554	0.05801	0.03950	0.08494	0.03682	0.01729	0.01111	0.06939	0.00998	0.00597	0.00451	0.00140	0.00598	0.00454	0.00318	0.12179
4	0.04802	0.10601	0.23631	0.01214	0.01709	0.04337	0.08787	0.05433	0.01324	0.01861	0.12153	0.01966	0.08474	0.00676	0.00528	0.00158	0.00606	0.00564	0.00354	0.10822
5	0.01038	0.00874	0.00983	0.04100	0.01236	0.00910	0.00704	0.01801	0.32628	0.01924	0.09816	0.13878	0.17542	0.01017	0.00595	0.00181	0.00382	0.00871	0.00514	0.09005
6	0.01003	0.00760	0.00910	0.00802	0.01015	0.00737	0.00617	0.09730	0.06934	0.02280	0.50483	0.05830	0.06966	0.01014	0.00615	0.00168	0.00331	0.00879	0.00567	0.08359
7	0.07730	0.00711	0.00798	0.05435	0.01001	0.00739	0.00542	0.08599	0.01146	0.01606	0.05712	0.11107	0.12580	0.38103	0.01627	0.00350	0.00477	0.00852	0.00409	0.00475
8	0.00904	0.00655	0.00823	0.00753	0.00910	0.00632	0.00572	0.07946	0.01649	0.02315	0.67558	0.06148	0.04780	0.01107	0.00646	0.00175	0.00296	0.00972	0.00602	0.00559
9	0.49708	0.01263	0.09782	0.00918	0.01298	0.01197	0.00828	0.07936	0.06075	0.06893	0.01239	0.08486	0.01044	0.00668	0.00443	0.00177	0.00482	0.00485	0.00399	0.00679
10	0.07652	0.28338	0.08491	0.01530	0.02051	0.01579	0.30322	0.01801	0.01230	0.08716	0.01062	0.01249	0.00817	0.00496	0.00506	0.00158	0.00718	0.00472	0.00305	0.02508
11	0.03486	0.33725	0.35982	0.01328	0.03457	0.10233	0.01457	0.01763	0.01193	0.01550	0.00885	0.01036	0.00708	0.00509	0.00451	0.00149	0.00736	0.00357	0.00244	0.00752
12	0.17846	0.10032	0.03358	0.11881	0.01839	0.22175	0.01032	0.15393	0.06475	0.03525	0.01057	0.01187	0.00814	0.00578	0.00477	0.00160	0.00686	0.00407	0.00360	0.00718
13	0.00848	0.08047	0.00941	0.00725	0.00889	0.00680	0.00570	0.01099	0.01511	0.02102	0.65882	0.03922	0.06585	0.01089	0.00629	0.00172	0.00299	0.02903	0.00570	0.00538
14	0.01302	0.01261	0.01219	0.00922	0.01379	0.13711	0.00725	0.01531	0.01219	0.01730	0.00963	0.01123	0.00802	0.00437	0.00425	0.00092	0.00509	0.00333	0.00321	0.69995
15	0.00675	0.00482	0.00643	0.00771	0.00803	0.00450	0.00514	0.00771	0.01060	0.01414	0.03053	0.80175	0.03663	0.01735	0.00707	0.00225	0.00321	0.01574	0.00514	0.00450
16	0.01111	0.02865	0.77667	0.01579	0.02397	0.01286	0.02046	0.01754	0.01169	0.01754	0.00994	0.01169	0.00702	0.00526	0.00526	0.00175	0.00818	0.00409	0.00234	0.00818
17	0.84448	0.01071	0.00814	0.00728	0.01071	0.01242	0.00600	0.01628	0.00943	0.02485	0.00771	0.00900	0.00600	0.00514	0.00343	0.00171	0.00428	0.00300	0.00343	0.00600
18	0.00784	0.00566	0.00740	0.00697	0.00827	0.00523	0.00523	0.01045	0.01568	0.02221	0.76789	0.04137	0.05226	0.01132	0.00653	0.00174	0.00261	0.01002	0.00610	0.00523
19	0.06864	0.00599	0.00580	0.00573	0.00772	0.00525	0.00434	0.00857	0.01239	0.01569	0.05252	0.05002	0.71206	0.01337	0.00631	0.00186	0.00291	0.01104	0.00502	0.00477
20	0.01278	0.01437	0.03087	0.10988	0.02998	0.01381	0.66792	0.01734	0.01285	0.01734	0.01105	0.01492	0.00829	0.00477	0.00642	0.00186	0.00912	0.00635	0.00276	0.00732
21	0.00786	0.00543	0.00634	0.00629	0.00672	0.00526	0.00391	0.00859	0.01019	0.01377	0.19335	0.06791	0.07328	0.54424	0.02108	0.00420	0.00450	0.00902	0.00416	0.00391
22	0.01245	0.31103	0.50602	0.01350	0.02044	0.01614	0.01649	0.01719	0.01153	0.01591	0.00913	0.01068	0.00705	0.00507	0.00464	0.00155	0.00737	0.00368	0.00235	0.00779
23	0.01306	0.01266	0.02078	0.22885	0.56150	0.03385	0.01641	0.01640	0.01230	0.01695	0.01022	0.01388	0.00837	0.00511	0.00548	0.00169	0.00688	0.00489	0.00267	0.00803
24	0.01255	0.11676	0.07085	0.00925	0.01435	0.01038	0.00825	0.06551	0.01247	0.01851	0.00981	0.01128	0.00805	0.00445	0.00421	0.00100	0.00478	0.00342	0.00325	0.61087
25	0.18350	0.11857	0.10120	0.03046	0.02930	0.13057	0.01078	0.23024	0.05925	0.02300	0.01064	0.01164	0.00815	0.00587	0.00505	0.00162	0.02468	0.00408	0.00376	0.00765
26	0.08447	0.10211	0.01643	0.01165	0.01544	0.08686	0.03260	0.39513	0.03448	0.05087	0.02990	0.01476	0.01068	0.05028	0.03835	0.00210	0.00655	0.00488	0.00452	0.00793

[dist]
# distance from previous block
# <min> <max>
0	8

[block]
# block no. 3 follows, 43 sequences, length 83
# corresponding to MSA columns:
# 183-265
name=unknown_D
#
# <colnr> <probs for GDERKNQSTAVLIFYWHMCP>
#	G	D	E	R	K	N	Q	S	T	A	V	L	I	F	Y	W	H	M	C	P
0	0.01288	0.01228	0.01832	0.26702	0.28243	0.05256	0.04794	0.05788	0.01278	0.01732	0.01090	0.04093	0.00913	0.00567	0.00566	0.00164	0.02227	0.00510	0.00297	0.11433
1	0.00819	0.00642	0.00840	0.00825	0.00956	0.00607	0.04785	0.06141	0.01217	0.01575	0.03397	0.43087	0.22967	0.08406	0.00864	0.00236	0.00385	0.01268	0.00488	0.00497
2	0.01360	0.05915	0.08037	0.05885	0.09735	0.15067	0.01027	0.07745	0.05334	0.03648	0.13013	0.05604	0.03254	0.06415	0.00708	0.00188	0.00608	0.00613	0.00392	0.05450
3	0.01555	0.07066	0.02072	0.02540	0.47614	0.04140	0.01426	0.16983	0.07388	0.02144	0.01170	0.01369	0.00937	0.00550	0.00535	0.00163	0.00638	0.00486	0.00352	0.00871
4	0.00968	0.00523	0.00768	0.00758	0.00782	0.00540	0.00523	0.02645	0.00792	0.01069	0.01040	0.01740	0.01017	0.02187	0.12203	0.70783	0.00617	0.00496	0.00256	0.00292
5	0.64129	0.01052	0.00939	0.00798	0.01162	0.01155	0.00658	0.03390	0.01123	0.19539	0.01104	0.01132	0.00782	0.00556	0.00396	0.00171	0.00442	0.00362	0.00425	0.00685
6	0.01113	0.01021	0.01772	0.45197	0.16792	0.01160	0.07868	0.01397	0.01099	0.01462	0.01049	0.03376	0.00871	0.00741	0.00791	0.10476	0.02399	0.00531	0.00260	0.00625
7	0.00883	0.00585	0.00753	0.00710	0.00859	0.00532	0.00533	0.01115	0.01496	0.07440	0.58218	0.10520	0.11891	0.01178	0.00651	0.00180	0.00283	0.01035	0.00598	0.00541
8	0.26135	0.00960	0.01126	0.00905	0.01290	0.00931	0.00745	0.02291	0.01359	0.51375	0.01735	0.01616	0.01148	0.00835	0.04953	0.00213	0.00517	0.00485	0.00564	0.00818
9	0.00684	0.00493	0.00637	0.00744	0.00788	0.00458	0.00497	0.00782	0.01071	0.01418	0.04933	0.68306	0.08812	0.06540	0.00832	0.00240	0.00330	0.01484	0.00505	0.00446
10	0.00684	0.00489	0.00644	0.00765	0.00801	0.00458	0.00512	0.00781	0.01059	0.01407	0.03056	0.73835	0.05281	0.04929	0.00793	0.00237	0.00333	0.02983	0.00507	0.00447
11	0.07030	0.00973	0.01251	0.00974	0.01378	0.00893	0.00801	0.08525	0.01631	0.61685	0.07347	0.01943	0.01566	0.00706	0.00551	0.00171	0.00465	0.00569	0.00650	0.00893
12	0.76677	0.01073	0.00867	0.00759	0.01111	0.01223	0.00626	0.03433	0.01027	0.07849	0.00885	0.00980	0.00663	0.00530	0.00363	0.00171	0.00436	0.00323	0.00372	0.00632
13	0.80649	0.01065	0.00836	0.00740	0.01087	0.01223	0.00610	0.01678	0.00972	0.05961	0.00837	0.00945	0.00636	0.00522	0.00353	0.00171	0.00430	0.00312	0.00359	0.00616
14	0.01481	0.80869	0.02902	0.00948	0.01421	0.02191	0.00948	0.01658	0.01125	0.01303	0.00770	0.00888	0.00711	0.00474	0.00355	0.00118	0.00592	0.00296	0.00237	0.00711
15	0.00784	0.00577	0.00736	0.00713	0.00841	0.00540	0.00528	0.01064	0.04077	0.02087	0.61344	0.13185	0.09022	0.01206	0.00657	0.00181	0.00276	0.01066	0.00591	0.00523
16	0.00964	0.00567	0.00755	0.00785	0.00893	0.00519	0.00556	0.01107	0.01227	0.12743	0.16651	0.52863	0.03583	0.03130	0.00719	0.00214	0.00337	0.01302	0.00553	0.00533
17	0.01990	0.00831	0.01067	0.00858	0.01184	0.00752	0.00688	0.04735	0.01479	0.50925	0.04487	0.02080	0.01530	0.05267	0.00651	0.00183	0.00425	0.00574	0.19497	0.00797
18	0.00674	0.00487	0.00638	0.00759	0.00800	0.00451	0.00509	0.00773	0.01072	0.01419	0.03202	0.75794	0.07947	0.01716	0.00704	0.00223	0.00319	0.01551	0.00514	0.00451
19	0.00679	0.00492	0.00633	0.00744	0.00789	0.00455	0.00497	0.00775	0.01067	0.01406	0.03224	0.69828	0.10235	0.05358	0.00800	0.00236	0.00328	0.01502	0.00506	0.00446
20	0.00826	0.00596	0.00731	0.00784	0.00891	0.00576	0.00556	0.01105	0.09259	0.04224	0.08924	0.50022	0.13492	0.02937	0.00715	0.00216	0.00337	0.02759	0.00529	0.00520
21	0.00805	0.00537	0.00604	0.00604	0.00604	0.00537	0.00336	0.00805	0.00805	0.01074	0.01745	0.03624	0.02013	0.80536	0.02819	0.00537	0.00537	0.00805	0.00336	0.00336
22	0.02228	0.01355	0.01541	0.01181	0.01620	0.01426	0.00976	0.51832	0.02275	0.27357	0.01606	0.01509	0.01080	0.00671	0.00555	0.00168	0.00565	0.00517	0.00596	0.00942
23	0.02289	0.00932	0.01244	0.00974	0.01374	0.00831	0.00797	0.02598	0.06596	0.67050	0.07503	0.02058	0.01667	0.00722	0.00564	0.00173	0.00454	0.00593	0.00672	0.00908
24	0.00668	0.00561	0.00575	0.00572	0.00749	0.00473	0.00425	0.00812	0.01269	0.01533	0.10341	0.05196	0.69679	0.03813	0.00721	0.00197	0.00287	0.01146	0.00515	0.00467
25	0.84448	0.01071	0.00814	0.00728	0.01071	0.01242	0.00600	0.01628	0.00943	0.02485	0.00771	0.00900	0.00600	0.00514	0.00343	0.00171	0.00428	0.00300	0.00343	0.00600
26	0.01046	0.00984	0.01661	0.79205	0.03814	0.01230	0.01538	0.01415	0.01107	0.01415	0.00984	0.01477	0.00738	0.00554	0.00554	0.00185	0.00738	0.00492	0.00246	0.00615
27	0.00830	0.00577	0.00709	0.00709	0.00750	0.00603	0.00460	0.03131	0.00905	0.01231	0.01791	0.10362	0.01983	0.52277	0.20783	0.00582	0.00747	0.00817	0.00350	0.00403
28	0.02099	0.01727	0.01647	0.01299	0.01717	0.14069	0.01055	0.63460	0.02437	0.03146	0.01253	0.01276	0.00905	0.00650	0.00545	0.00162	0.00672	0.00476	0.00511	0.00894
29	0.01212	0.01212	0.01696	0.01454	0.01454	0.01696	0.01212	0.01333	0.00848	0.01333	0.00727	0.01212	0.00727	0.00969	0.01818	0.00242	0.79523	0.00485	0.00242	0.00606
30	0.84448	0.01071	0.00814	0.00728	0.01071	0.01242	0.00600	0.01628	0.00943	0.02485	0.00771	0.00900	0.00600	0.00514	0.00343	0.00171	0.00428	0.00300	0.00343	0.00600
31	0.00748	0.00514	0.00628	0.00684	0.00701	0.00502	0.00423	0.00795	0.00920	0.01229	0.02315	0.37320	0.02726	0.44047	0.03637	0.00408	0.00464	0.01139	0.00413	0.00390
32	0.01576	0.01231	0.01351	0.01024	0.01477	0.02690	0.00828	0.27317	0.08223	0.05607	0.01263	0.01320	0.00960	0.00543	0.00482	0.00126	0.00496	0.00424	0.00442	0.42621
33	0.06827	0.00623	0.00759	0.00702	0.00870	0.00585	0.00534	0.01156	0.01493	0.06479	0.59894	0.03898	0.11927	0.01090	0.00626	0.00175	0.00287	0.00943	0.00585	0.00547
34	0.00758	0.00520	0.00621	0.00662	0.00681	0.00506	0.00404	0.00803	0.00927	0.01238	0.05025	0.29149	0.04149	0.49833	0.01994	0.00413	0.00450	0.01076	0.00409	0.00383
35	0.01619	0.60666	0.05300	0.01043	0.01507	0.09014	0.01001	0.07879	0.01311	0.04978	0.00897	0.00991	0.00760	0.00510	0.00400	0.00129	0.00634	0.00334	0.00288	0.00738
36	0.01171	0.00686	0.00855	0.00773	0.00947	0.00631	0.00561	0.04049	0.01164	0.14308	0.06516	0.12256	0.07886	0.21434	0.01366	0.11027	0.00445	0.04099	0.00450	0.09377
37	0.01254	0.33057	0.48728	0.01334	0.02019	0.01637	0.01621	0.01717	0.01152	0.01579	0.00907	0.01061	0.00705	0.00506	0.00460	0.00153	0.00731	0.00365	0.00235	0.00777
38	0.01399	0.01131	0.01218	0.01088	0.01395	0.01284	0.00848	0.02794	0.66504	0.06617	0.07559	0.02203	0.01924	0.00775	0.00570	0.00186	0.00428	0.00649	0.00574	0.00855
39	0.00707	0.00507	0.00637	0.00713	0.00764	0.00474	0.00473	0.00805	0.01080	0.01434	0.09848	0.51893	0.10607	0.16081	0.01084	0.00274	0.00351	0.01342	0.00490	0.00437
40	0.01160	0.01127	0.01908	0.45576	0.19255	0.01331	0.06761	0.01490	0.01116	0.01514	0.00968	0.01415	0.00774	0.00597	0.00751	0.00189	0.12633	0.00503	0.00254	0.00680
41	0.01358	0.01173	0.01234	0.01112	0.01422	0.01353	0.00864	0.02886	0.74081	0.02295	0.02344	0.02154	0.03700	0.00769	0.00566	0.00188	0.00434	0.00641	0.00562	0.00866
42	0.02464	0.00976	0.01306	0.01001	0.01430	0.00863	0.00827	0.06635	0.01640	0.73451	0.02139	0.01855	0.01348	0.00684	0.00557	0.00171	0.00479	0.00554	0.00678	0.00942
43	0.01481	0.80869	0.02902	0.00948	0.01421	0.02191	0.00948	0.01658	0.01125	0.01303	0.00770	0.00888	0.00711	0.00474	0.00355	0.00118	0.00592	0.00296	0.00237	0.00711
44	0.01148	0.00984	0.01148	0.00820	0.01312	0.00738	0.00656	0.01395	0.01148	0.01805	0.00984	0.01148	0.00820	0.00410	0.00410	0.00082	0.00410	0.00328	0.00328	0.83922
45	0.00805	0.00537	0.00604	0.00604	0.00604	0.00537	0.00336	0.00805	0.00805	0.01074	0.01745	0.03624	0.02013	0.80536	0.02819	0.00537	0.00537	0.00805	0.00336	0.00336
46	0.00679	0.00564	0.00596	0.00605	0.00781	0.00482	0.00461	0.00833	0.01277	0.01551	0.09912	0.07245	0.65573	0.01402	0.00663	0.00192	0.00295	0.05894	0.00520	0.00473
47	0.02485	0.00943	0.01285	0.00985	0.01414	0.00814	0.00814	0.02699	0.01585	0.77465	0.02185	0.01885	0.01371	0.00685	0.00557	0.00171	0.00471	0.00557	0.00685	0.00943
48	0.84448	0.01071	0.00814	0.00728	0.01071	0.01242	0.00600	0.01628	0.00943	0.02485	0.00771	0.00900	0.00600	0.00514	0.00343	0.00171	0.00428	0.00300	0.00343	0.00600
49	0.00962	0.00481	0.00722	0.00722	0.00722	0.00481	0.00481	0.00722	0.00722	0.00962	0.00962	0.01684	0.00962	0.01924	0.02165	0.83886	0.00481	0.00481	0.00241	0.00241
50	0.00769	0.00535	0.00632	0.00667	0.00696	0.00523	0.00411	0.00845	0.02409	0.01264	0.05122	0.26985	0.06166	0.48307	0.01949	0.00405	0.00447	0.01060	0.00413	0.00394
51	0.00675	0.00482	0.00643	0.00771	0.00803	0.00450	0.00514	0.00771	0.01060	0.01414	0.03053	0.80175	0.03663	0.01735	0.00707	0.00225	0.00321	0.01574	0.00514	0.00450
52	0.22052	0.01435	0.01457	0.01142	0.01561	0.01602	0.00943	0.57404	0.02201	0.03247	0.01194	0.01226	0.00859	0.00628	0.00503	0.00167	0.00566	0.00450	0.00503	0.00859
53	0.02384	0.01016	0.01320	0.01022	0.01445	0.00935	0.00841	0.09808	0.05954	0.65923	0.02105	0.01841	0.01347	0.00687	0.00557	0.00172	0.00483	0.00555	0.00666	0.00939
54	0.00792	0.00589	0.00870	0.00870	0.00962	0.00681	0.00667	0.00976	0.00884	0.01271	0.01502	0.02279	0.01429	0.09594	0.72963	0.00865	0.01416	0.00608	0.00299	0.00483
55	0.00788	0.00530	0.00609	0.00626	0.00630	0.00525	0.00359	0.00801	0.00839	0.01119	0.01918	0.13753	0.02232	0.70109	0.02539	0.00496	0.00508	0.00907	0.00359	0.00351
56	0.00678	0.00488	0.00637	0.00754	0.00794	0.00454	0.00503	0.00774	0.01064	0.01408	0.03159	0.73535	0.07807	0.04135	0.00769	0.00232	0.00326	0.01528	0.00509	0.00447
57	0.84448	0.01071	0.00814	0.00728	0.01071	0.01242	0.00600	0.01628	0.00943	0.02485	0.00771	0.00900	0.00600	0.00514	0.00343	0.00171	0.00428	0.00300	0.00343	0.00600
58	0.76964	0.01046	0.00833	0.00737	0.01079	0.01194	0.00606	0.01682	0.00988	0.06976	0.00888	0.00995	0.00671	0.00528	0.00357	0.00170	0.00426	0.00322	0.02919	0.00618
59	0.00795	0.00578	0.00813	0.00813	0.00885	0.00650	0.00596	0.00940	0.00867	0.01229	0.01554	0.02566	0.01554	0.24714	0.58013	0.00795	0.01229	0.00650	0.00307	0.00452
60	0.63691	0.01063	0.00942	0.00806	0.01166	0.01177	0.00662	0.03779	0.03718	0.16911	0.01109	0.01141	0.00795	0.00559	0.00397	0.00172	0.00442	0.00366	0.00422	0.00684
61	0.01211	0.21460	0.46233	0.01342	0.03401	0.01421	0.01557	0.01674	0.01157	0.01654	0.00939	0.01102	0.00726	0.00495	0.00467	0.00147	0.00697	0.00371	0.00250	0.13697
62	0.01433	0.66210	0.15177	0.01063	0.01589	0.03813	0.01131	0.01687	0.01143	0.01378	0.00809	0.00937	0.00709	0.00485	0.00387	0.00128	0.00639	0.00316	0.00238	0.00727
63	0.73603	0.01054	0.00876	0.00762	0.01116	0.01186	0.00628	0.01770	0.01028	0.12406	0.00958	0.01030	0.00702	0.00537	0.00371	0.00171	0.00434	0.00334	0.00388	0.00645
64	0.01157	0.01129	0.02008	0.51202	0.21212	0.01273	0.11028	0.01529	0.01170	0.01555	0.01016	0.01453	0.00785	0.00528	0.00565	0.00180	0.00744	0.00513	0.00257	0.00695
65	0.84448	0.01071	0.00814	0.00728	0.01071	0.01242	0.00600	0.01628	0.00943	0.02485	0.00771	0.00900	0.00600	0.00514	0.00343	0.00171	0.00428	0.00300	0.00343	0.00600
66	0.01167	0.00971	0.05661	0.07975	0.12619	0.00899	0.01072	0.06429	0.02729	0.07319	0.09399	0.09759	0.02421	0.01080	0.00653	0.00208	0.00532	0.27989	0.00464	0.00655
67	0.01939	0.02394	0.01695	0.01793	0.15695	0.64028	0.01187	0.02117	0.01512	0.01440	0.00891	0.01068	0.00744	0.00556	0.00508	0.00147	0.00936	0.00382	0.00283	0.00686
68	0.84448	0.01071	0.00814	0.00728	0.01071	0.01242	0.00600	0.01628	0.00943	0.02485	0.00771	0.00900	0.00600	0.00514	0.00343	0.00171	0.00428	0.00300	0.00343	0.00600
69	0.00950	0.00745	0.01106	0.06258	0.04165	0.00732	0.06959	0.06117	0.01308	0.03336	0.17412	0.39670	0.03112	0.02695	0.00694	0.00204	0.00430	0.01130	0.00485	0.02491
70	0.14807	0.01227	0.01348	0.02956	0.08367	0.02826	0.00911	0.35496	0.01749	0.02536	0.01319	0.01846	0.01139	0.12960	0.00912	0.02245	0.00573	0.03873	0.00435	0.02475
71	0.07372	0.01455	0.01947	0.02507	0.45330	0.12720	0.05931	0.04689	0.03004	0.01898	0.06875	0.01516	0.01186	0.00566	0.00542	0.00164	0.00672	0.00512	0.00324	0.00790
72	0.09389	0.00953	0.01246	0.00964	0.01385	0.00850	0.00796	0.02609	0.01531	0.71149	0.02066	0.01802	0.01306	0.00671	0.00539	0.00171	0.00468	0.00535	0.00657	0.00914
73	0.00962	0.00639	0.00789	0.00731	0.00883	0.00602	0.00540	0.05339	0.01465	0.07376	0.44994	0.09607	0.11611	0.10911	0.00911	0.00223	0.00337	0.00977	0.00561	0.00542
74	0.00893	0.00714	0.00800	0.00781	0.00964	0.00709	0.00593	0.04516	0.15157	0.01835	0.14762	0.15769	0.31525	0.02610	0.00685	0.00201	0.00348	0.06033	0.00536	0.00570
75	0.02213	0.00938	0.01235	0.00977	0.01363	0.00850	0.00795	0.05458	0.06084	0.61694	0.07507	0.05013	0.01735	0.00760	0.00570	0.00174	0.00454	0.00629	0.00661	0.00890
76	0.02312	0.00971	0.01274	0.00998	0.01407	0.00884	0.00817	0.03993	0.09754	0.65905	0.04161	0.01955	0.01501	0.00704	0.00560	0.00173	0.00465	0.00575	0.00668	0.00924
77	0.01865	0.00940	0.01234	0.00997	0.01350	0.00889	0.03587	0.04021	0.14522	0.43624	0.13056	0.02456	0.07324	0.00803	0.00582	0.00176	0.00443	0.00679	0.00623	0.00830
78	0.01342	0.01291	0.02203	0.03271	0.72785	0.01285	0.03027	0.01667	0.01262	0.01797	0.01217	0.01524	0.03768	0.00528	0.00554	0.00166	0.00649	0.00522	0.00283	0.00859
79	0.02069	0.01530	0.01643	0.01257	0.01702	0.01680	0.01038	0.72425	0.02549	0.03426	0.01317	0.01323	0.00937	0.00655	0.00549	0.00163	0.00602	0.00492	0.00545	0.04100
80	0.00956	0.00483	0.00717	0.00717	0.00717	0.00483	0.00475	0.00725	0.00725	0.00966	0.00992	0.01757	0.01002	0.04916	0.02189	0.80714	0.00483	0.00493	0.00244	0.00244
81	0.05704	0.00977	0.01229	0.00964	0.01355	0.00907	0.00790	0.11837	0.01667	0.54569	0.07072	0.02153	0.06717	0.00754	0.00560	0.00172	0.00461	0.00609	0.00637	0.00868
82	0.00833	0.00577	0.00738	0.00749	0.00853	0.00545	0.00535	0.03781	0.01350	0.03869	0.35797	0.35514	0.05632	0.05643	0.00786	0.00215	0.00320	0.01201	0.00553	0.00508

[dist]
# distance from previous block
# <min> <max>
0	2

[block]
# block no. 4 follows, 43 sequences, length 49
# corresponding to MSA columns:
# 268-316
name=unknown_E
#
# <colnr> <probs for GDERKNQSTAVLIFYWHMCP>
#	G	D	E	R	K	N	Q	S	T	A	V	L	I	F	Y	W	H	M	C	P
0	0.80825	0.01048	0.00805	0.00723	0.01051	0.01212	0.00588	0.01592	0.00937	0.02424	0.00813	0.01018	0.00661	0.03980	0.00450	0.00187	0.00433	0.00322	0.00342	0.00588
1	0.00733	0.00576	0.00622	0.00607	0.00783	0.00499	0.00455	0.00902	0.02551	0.02926	0.17049	0.04860	0.59165	0.01357	0.00717	0.03810	0.00292	0.01092	0.00522	0.00482
2	0.01180	0.01021	0.01253	0.00897	0.01391	0.00792	0.03890	0.03299	0.01193	0.01846	0.00999	0.01168	0.00824	0.00419	0.00424	0.00089	0.00438	0.00347	0.00332	0.78197
3	0.00682	0.00498	0.00642	0.00741	0.00799	0.00458	0.00504	0.00798	0.01127	0.01494	0.09813	0.65131	0.11983	0.01645	0.00696	0.00216	0.00311	0.01479	0.00523	0.00458
4	0.79761	0.01098	0.00862	0.00759	0.01108	0.01269	0.00626	0.05818	0.01037	0.02542	0.00803	0.00924	0.00619	0.00523	0.00355	0.00171	0.00439	0.00311	0.00355	0.00619
5	0.00678	0.00522	0.00621	0.00689	0.00791	0.00465	0.00487	0.00805	0.01174	0.01497	0.08103	0.44341	0.32957	0.01564	0.00684	0.00208	0.00306	0.03125	0.00519	0.00462
6	0.05486	0.00702	0.00845	0.00743	0.00991	0.00626	0.00580	0.01483	0.01416	0.24944	0.22789	0.06719	0.28335	0.01081	0.00611	0.00180	0.00343	0.00910	0.00583	0.00633
7	0.00660	0.00560	0.00570	0.00571	0.00752	0.00469	0.00427	0.00804	0.01271	0.01523	0.08391	0.06761	0.72562	0.01398	0.00656	0.00187	0.00281	0.01170	0.00518	0.00469
8	0.01046	0.00984	0.01661	0.79205	0.03814	0.01230	0.01538	0.01415	0.01107	0.01415	0.00984	0.01477	0.00738	0.00554	0.00554	0.00185	0.00738	0.00492	0.00246	0.00615
9	0.10306	0.01079	0.01298	0.01022	0.01433	0.01059	0.00838	0.14536	0.08978	0.50649	0.01913	0.01715	0.01257	0.00672	0.00536	0.00172	0.00487	0.00529	0.00619	0.00903
10	0.01587	0.00791	0.01017	0.00873	0.01144	0.00736	0.00682	0.03350	0.07456	0.35281	0.18860	0.12225	0.07749	0.02861	0.02596	0.00207	0.00421	0.00832	0.00606	0.00727
11	0.06165	0.01165	0.01271	0.03438	0.01485	0.01306	0.00890	0.19667	0.38469	0.05501	0.07118	0.03604	0.01776	0.00798	0.00569	0.00185	0.00478	0.04754	0.00543	0.00818
12	0.01800	0.01279	0.01401	0.01118	0.01492	0.01382	0.00908	0.46817	0.11574	0.09260	0.09373	0.02062	0.07445	0.00782	0.00573	0.00172	0.00516	0.00622	0.00569	0.00855
13	0.75155	0.01110	0.00900	0.00783	0.01136	0.01273	0.00645	0.08086	0.01104	0.04493	0.00856	0.00962	0.00649	0.00532	0.00367	0.00171	0.00445	0.00324	0.00370	0.00638
14	0.01207	0.01205	0.01695	0.03594	0.01519	0.01684	0.01221	0.01335	0.00855	0.01335	0.00734	0.01219	0.00727	0.00958	0.01783	0.00241	0.77354	0.00485	0.00242	0.00606
15	0.00829	0.00596	0.00676	0.00660	0.00825	0.00530	0.00486	0.02848	0.01315	0.05964	0.17242	0.15530	0.43491	0.05548	0.00769	0.00207	0.00316	0.01127	0.00532	0.00507
16	0.01148	0.00984	0.01148	0.00820	0.01312	0.00738	0.00656	0.01395	0.01148	0.01805	0.00984	0.01148	0.00820	0.00410	0.00410	0.00082	0.00410	0.00328	0.00328	0.83922
17	0.01563	0.01188	0.01390	0.01038	0.01501	0.07542	0.05933	0.06108	0.01369	0.17019	0.01244	0.01318	0.00930	0.00498	0.00473	0.00117	0.00521	0.00409	0.00406	0.49432
18	0.01113	0.00877	0.01153	0.01024	0.01250	0.00944	0.05856	0.05435	0.22700	0.04868	0.09546	0.06731	0.07577	0.03925	0.23972	0.00406	0.00763	0.00743	0.00461	0.00656
19	0.06467	0.03540	0.01434	0.04257	0.03103	0.18991	0.00922	0.15751	0.07695	0.10704	0.01244	0.01304	0.00935	0.00569	0.00490	0.00142	0.00616	0.00425	0.00415	0.20995
20	0.00805	0.00537	0.00604	0.00604	0.00604	0.00537	0.00336	0.00805	0.00805	0.01074	0.01745	0.03624	0.02013	0.80536	0.02819	0.00537	0.00537	0.00805	0.00336	0.00336
21	0.00701	0.00567	0.00625	0.00622	0.00791	0.00491	0.00474	0.00878	0.01339	0.01686	0.23197	0.05086	0.54722	0.01343	0.00661	0.00188	0.00289	0.05321	0.00538	0.00484
22	0.00812	0.00530	0.00681	0.00757	0.00831	0.00489	0.00520	0.00916	0.01100	0.06517	0.03133	0.58858	0.10648	0.08417	0.00875	0.00245	0.00351	0.03334	0.00510	0.00477
23	0.00783	0.00568	0.00739	0.00702	0.00834	0.00524	0.00530	0.01040	0.01550	0.02182	0.72454	0.04235	0.07399	0.01152	0.00656	0.00177	0.00269	0.03082	0.00604	0.00520
24	0.01634	0.01243	0.01342	0.01145	0.01496	0.01397	0.00908	0.18119	0.53703	0.09554	0.02053	0.01895	0.01503	0.00727	0.00561	0.00182	0.00477	0.00593	0.00573	0.00896
25	0.00832	0.00594	0.00823	0.00951	0.01052	0.00585	0.00787	0.01043	0.01215	0.01590	0.02966	0.26773	0.03319	0.01587	0.00749	0.00247	0.00458	0.53424	0.00511	0.00493
26	0.77643	0.01060	0.00853	0.00750	0.01100	0.01207	0.00618	0.01717	0.00996	0.08710	0.00889	0.00981	0.00664	0.00528	0.00361	0.00171	0.00432	0.00321	0.00371	0.00628
27	0.02074	0.01536	0.01644	0.01268	0.01705	0.01703	0.01045	0.72103	0.05787	0.03440	0.01370	0.01362	0.00974	0.00669	0.00554	0.00167	0.00602	0.00504	0.00554	0.00939
28	0.01329	0.01141	0.01210	0.01102	0.01396	0.01313	0.00852	0.02793	0.70893	0.02254	0.02309	0.07468	0.01827	0.00819	0.00573	0.00190	0.00430	0.00692	0.00560	0.00847
29	0.17887	0.00937	0.01116	0.00897	0.01247	0.00900	0.00718	0.05919	0.01397	0.48071	0.01789	0.01883	0.01274	0.10746	0.00836	0.02025	0.00479	0.00535	0.00560	0.00785
30	0.00793	0.00582	0.00741	0.00699	0.00835	0.00543	0.00523	0.01077	0.03544	0.02160	0.69180	0.04143	0.09359	0.02558	0.00690	0.00182	0.00272	0.00998	0.00598	0.00525
31	0.00675	0.00482	0.00643	0.00771	0.00803	0.00450	0.00514	0.00771	0.01060	0.01414	0.03053	0.80175	0.03663	0.01735	0.00707	0.00225	0.00321	0.01574	0.00514	0.00450
32	0.00726	0.00550	0.00809	0.00877	0.00946	0.00517	0.04784	0.00854	0.01089	0.01451	0.02934	0.70584	0.03469	0.01649	0.00708	0.00225	0.00369	0.06486	0.00501	0.00471
33	0.00755	0.00625	0.00670	0.00659	0.00840	0.00574	0.00493	0.01066	0.09445	0.01693	0.16187	0.10103	0.52278	0.01313	0.00648	0.00188	0.00298	0.01112	0.00535	0.00519
34	0.63077	0.01042	0.00920	0.00795	0.01146	0.01155	0.00651	0.01876	0.05290	0.15755	0.03090	0.01224	0.00918	0.00574	0.00401	0.00172	0.00432	0.00382	0.00423	0.00674
35	0.00944	0.00487	0.00710	0.00710	0.00716	0.00484	0.00471	0.00728	0.00742	0.00984	0.01146	0.01902	0.03302	0.06321	0.02156	0.76693	0.00478	0.00520	0.00254	0.00253
36	0.01046	0.00984	0.01661	0.79205	0.03814	0.01230	0.01538	0.01415	0.01107	0.01415	0.00984	0.01477	0.00738	0.00554	0.00554	0.00185	0.00738	0.00492	0.00246	0.00615
37	0.02062	0.00995	0.01236	0.01000	0.01382	0.00958	0.00809	0.04393	0.20887	0.50946	0.02419	0.02157	0.06663	0.00752	0.00565	0.00177	0.00453	0.00616	0.00639	0.00893
38	0.00815	0.00529	0.00699	0.00779	0.00855	0.00487	0.00543	0.00940	0.01154	0.06752	0.09317	0.63206	0.06534	0.01592	0.00692	0.00216	0.00330	0.03534	0.00534	0.00493
39	0.00747	0.00523	0.00682	0.00746	0.00818	0.00493	0.00517	0.00878	0.01147	0.03184	0.15507	0.50104	0.09265	0.06237	0.06179	0.00276	0.00404	0.01313	0.00509	0.00471
40	0.01167	0.00883	0.00986	0.00883	0.01048	0.03158	0.00656	0.17272	0.05637	0.01915	0.10023	0.04721	0.03218	0.24765	0.14985	0.00406	0.02462	0.00705	0.04534	0.00577
41	0.01791	0.01461	0.01705	0.01478	0.07168	0.11038	0.09375	0.28474	0.10896	0.11158	0.01485	0.03225	0.01127	0.00896	0.05942	0.00220	0.00716	0.00550	0.00467	0.00828
42	0.00709	0.00539	0.00632	0.00655	0.00766	0.00484	0.00461	0.00853	0.01236	0.01610	0.22398	0.24351	0.31483	0.10194	0.00908	0.00232	0.00315	0.01192	0.00518	0.00462
43	0.00708	0.00500	0.00634	0.00724	0.00756	0.00473	0.00470	0.00788	0.01022	0.01361	0.04974	0.57970	0.05462	0.20032	0.01195	0.00295	0.00369	0.01367	0.00475	0.00426
44	0.01451	0.01073	0.01247	0.00913	0.01390	0.00907	0.00738	0.13624	0.01434	0.10323	0.01172	0.01258	0.00900	0.00482	0.00450	0.00106	0.00449	0.00381	0.00404	0.61299
45	0.09720	0.10679	0.01525	0.03208	0.05523	0.15412	0.00934	0.15799	0.14170	0.03732	0.08999	0.01742	0.01467	0.03004	0.00581	0.00174	0.00596	0.01570	0.00428	0.00737
46	0.16827	0.47118	0.10597	0.05328	0.01653	0.05299	0.03340	0.01679	0.01121	0.01595	0.00821	0.00977	0.00695	0.00496	0.00398	0.00141	0.00624	0.00334	0.00260	0.00695
47	0.01441	0.01810	0.16345	0.04574	0.22876	0.12018	0.17316	0.08449	0.03888	0.01873	0.01147	0.03629	0.00923	0.00567	0.00566	0.00172	0.00776	0.00529	0.00310	0.00791
48	0.04183	0.03428	0.01756	0.05315	0.21451	0.07370	0.02339	0.31847	0.03501	0.02455	0.01275	0.01409	0.02931	0.00595	0.00529	0.00158	0.00627	0.00484	0.00407	0.07937

[dist]
# distance from previous block
# <min> <max>
0	2

[block]
# block no. 5 follows, 43 sequences, length 22
# corresponding to MSA columns:
# 319-340
name=unknown_F
#
# <colnr> <probs for GDERKNQSTAVLIFYWHMCP>
#	G	D	E	R	K	N	Q	S	T	A	V	L	I	F	Y	W	H	M	C	P
0	0.01225	0.01169	0.02045	0.02700	0.51521	0.01150	0.10727	0.01537	0.01271	0.01795	0.08208	0.11163	0.01606	0.00698	0.00590	0.00175	0.00616	0.00691	0.00335	0.00777
1	0.01325	0.01298	0.02273	0.06409	0.52497	0.01275	0.14084	0.01699	0.02899	0.01796	0.01074	0.01392	0.00877	0.00490	0.00554	0.00162	0.00681	0.00509	0.00285	0.08423
2	0.01770	0.22865	0.01983	0.01496	0.10721	0.34338	0.01095	0.09295	0.08318	0.01695	0.01030	0.01145	0.00844	0.00562	0.00479	0.00145	0.00761	0.00396	0.00323	0.00740
3	0.05253	0.58508	0.04418	0.01472	0.17478	0.01941	0.01117	0.01668	0.01147	0.01475	0.00833	0.00998	0.00741	0.00481	0.00400	0.00132	0.00604	0.00341	0.00250	0.00743
4	0.11173	0.09492	0.01074	0.00794	0.01033	0.00890	0.00642	0.01481	0.07543	0.08973	0.40310	0.03147	0.06983	0.00941	0.00571	0.00172	0.00361	0.03274	0.00532	0.00617
5	0.00991	0.10483	0.01195	0.00946	0.01107	0.07958	0.00758	0.01181	0.00981	0.01294	0.01340	0.01913	0.01242	0.03382	0.61811	0.00729	0.01332	0.00536	0.00288	0.00534
6	0.01139	0.01079	0.01828	0.57586	0.24710	0.01255	0.01584	0.01496	0.01151	0.01527	0.01001	0.01446	0.00778	0.00537	0.00552	0.00179	0.00715	0.00493	0.00254	0.00690
7	0.01277	0.01162	0.01855	0.46271	0.20318	0.01335	0.04128	0.11409	0.01344	0.01795	0.01041	0.01425	0.00801	0.00564	0.00593	0.00179	0.02985	0.00499	0.00295	0.00724
8	0.84448	0.01071	0.00814	0.00728	0.01071	0.01242	0.00600	0.01628	0.00943	0.02485	0.00771	0.00900	0.00600	0.00514	0.00343	0.00171	0.00428	0.00300	0.00343	0.00600
9	0.12350	0.01716	0.01537	0.01238	0.01636	0.17466	0.01000	0.51000	0.02184	0.02925	0.01162	0.01208	0.00852	0.00627	0.00516	0.00162	0.00667	0.00445	0.00472	0.00837
10	0.01245	0.00942	0.01124	0.00825	0.01278	0.00726	0.00659	0.01490	0.01229	0.09205	0.08020	0.01493	0.01276	0.00503	0.00447	0.00099	0.00403	0.00412	0.00389	0.68236
11	0.00805	0.00537	0.00604	0.00604	0.00604	0.00537	0.00336	0.00805	0.00805	0.01074	0.01745	0.03624	0.02013	0.80536	0.02819	0.00537	0.00537	0.00805	0.00336	0.00336
12	0.01111	0.02865	0.77667	0.01579	0.02397	0.01286	0.02046	0.01754	0.01169	0.01754	0.00994	0.01169	0.00702	0.00526	0.00526	0.00175	0.00818	0.00409	0.00234	0.00818
13	0.00719	0.00501	0.00630	0.00714	0.00736	0.00479	0.00453	0.00783	0.00974	0.01298	0.02609	0.54183	0.03103	0.28491	0.01424	0.00331	0.00395	0.01313	0.00453	0.00411
14	0.00795	0.00532	0.00607	0.00618	0.00620	0.00530	0.00350	0.00803	0.00826	0.01102	0.01852	0.09866	0.02148	0.74111	0.02647	0.00511	0.00519	0.00868	0.00350	0.00345
15	0.01111	0.02865	0.77667	0.01579	0.02397	0.01286	0.02046	0.01754	0.01169	0.01754	0.00994	0.01169	0.00702	0.00526	0.00526	0.00175	0.00818	0.00409	0.00234	0.00818
16	0.00842	0.00705	0.00894	0.01118	0.10073	0.04722	0.00688	0.00983	0.01153	0.01524	0.08670	0.60254	0.03295	0.01474	0.00672	0.00209	0.00393	0.01332	0.00481	0.00518
17	0.01010	0.00624	0.00803	0.00838	0.00951	0.00597	0.00594	0.07041	0.01249	0.10774	0.02808	0.64321	0.03165	0.01521	0.00676	0.00214	0.00363	0.01364	0.00538	0.00549
18	0.01660	0.01284	0.01331	0.01199	0.03655	0.07530	0.00913	0.06120	0.51524	0.15377	0.02051	0.01894	0.01498	0.00714	0.00556	0.00180	0.00504	0.00583	0.00553	0.00872
19	0.01765	0.01296	0.01429	0.01147	0.01490	0.01430	0.00922	0.56247	0.02168	0.02917	0.01474	0.05832	0.01228	0.07619	0.10147	0.00287	0.00694	0.00592	0.00503	0.00812
20	0.05175	0.00530	0.00672	0.00754	0.00822	0.00507	0.00520	0.00872	0.01156	0.01634	0.17820	0.60583	0.03815	0.01548	0.00677	0.00212	0.00315	0.01391	0.00524	0.00473
21	0.10973	0.00794	0.00779	0.00731	0.00912	0.06904	0.00555	0.01158	0.01428	0.02031	0.46525	0.03741	0.19317	0.01069	0.00603	0.00174	0.00345	0.00900	0.00531	0.00530

[dist]
# distance from previous block
# <min> <max>
0	106

# created by:
# /st0/software/busco_prod/Augustus/scripts/msa2prfl.pl ./align_prep/168428.fa
