[name]
unknown

[dist]
# distance from previous block
# <min> <max>
5	127

[block]
# block no. 0 follows, 44 sequences, length 49
# corresponding to MSA columns:
# 135-183
name=unknown_A
#
# <colnr> <probs for GDERKNQSTAVLIFYWHMCP>
#	G	D	E	R	K	N	Q	S	T	A	V	L	I	F	Y	W	H	M	C	P
0	0.01268	0.01175	0.03641	0.20638	0.05198	0.02664	0.01070	0.08484	0.20215	0.01916	0.01374	0.01532	0.02249	0.00603	0.00584	0.00158	0.05119	0.00484	0.00374	0.21254
1	0.01701	0.01197	0.01280	0.01078	0.01413	0.04843	0.00853	0.17030	0.35302	0.18208	0.06799	0.01987	0.01643	0.03370	0.00628	0.00186	0.00489	0.00595	0.00561	0.00838
2	0.03167	0.01397	0.11268	0.08787	0.05504	0.01168	0.34536	0.01761	0.02951	0.11092	0.04253	0.04071	0.01138	0.00571	0.00582	0.00174	0.00722	0.00596	0.00347	0.05917
3	0.01332	0.01278	0.02176	0.03167	0.70278	0.01284	0.04046	0.01700	0.03893	0.01784	0.01082	0.01398	0.00904	0.00589	0.02607	0.00182	0.00670	0.00498	0.00281	0.00849
4	0.00860	0.00493	0.00563	0.00619	0.00704	0.00479	0.00437	0.01044	0.01099	0.01748	0.02322	0.36815	0.02376	0.01111	0.00521	0.00169	0.00282	0.00970	0.46908	0.00479
5	0.01593	0.01289	0.01366	0.01157	0.01508	0.01467	0.00920	0.26911	0.52056	0.02662	0.01918	0.01795	0.01421	0.00712	0.00552	0.00178	0.00487	0.00575	0.00552	0.00884
6	0.00905	0.00689	0.00812	0.00831	0.00966	0.00710	0.00598	0.01411	0.21607	0.03373	0.10302	0.41688	0.08436	0.04130	0.00719	0.00213	0.00350	0.01163	0.00526	0.00572
7	0.82701	0.01041	0.00794	0.00712	0.01044	0.01206	0.00585	0.01595	0.00933	0.02436	0.00783	0.00913	0.00610	0.00509	0.00338	0.00168	0.00418	0.00300	0.02325	0.00588
8	0.01016	0.00508	0.00508	0.00508	0.00635	0.00508	0.00381	0.01270	0.01143	0.02033	0.01778	0.02033	0.01397	0.00635	0.00381	0.00127	0.00254	0.00508	0.83867	0.00508
9	0.01140	0.01197	0.10531	0.04211	0.01521	0.00839	0.00859	0.04303	0.01184	0.01804	0.01066	0.04376	0.00908	0.00486	0.00441	0.00105	0.00470	0.00396	0.00324	0.63838
10	0.00831	0.05354	0.00869	0.00794	0.03874	0.02561	0.00572	0.01095	0.06336	0.01675	0.20450	0.12305	0.38888	0.01205	0.00619	0.00179	0.00336	0.01025	0.00500	0.00531
11	0.00662	0.00482	0.00625	0.00739	0.00786	0.00444	0.00497	0.00761	0.01063	0.01399	0.03246	0.73275	0.10659	0.01677	0.00691	0.00218	0.00312	0.01512	0.00506	0.00444
12	0.01475	0.78811	0.02817	0.00947	0.01408	0.04452	0.00936	0.01649	0.01121	0.01284	0.00760	0.00878	0.00700	0.00469	0.00354	0.00117	0.00595	0.00293	0.00235	0.00698
13	0.09959	0.03659	0.01576	0.51418	0.02924	0.01229	0.03295	0.07107	0.01245	0.09128	0.02726	0.01461	0.00885	0.00569	0.00522	0.00175	0.00650	0.00480	0.00325	0.00664
14	0.00872	0.00541	0.00624	0.00651	0.00724	0.00540	0.00442	0.03590	0.01059	0.01589	0.02129	0.27667	0.02246	0.22428	0.03894	0.00292	0.00402	0.00921	0.28935	0.00454
15	0.00676	0.00484	0.00636	0.00744	0.00785	0.00451	0.00499	0.00780	0.01076	0.01439	0.08259	0.70743	0.05426	0.04271	0.00760	0.00227	0.00318	0.01475	0.00507	0.00445
16	0.25804	0.02831	0.01360	0.16825	0.01858	0.10864	0.00985	0.16018	0.01409	0.09275	0.01058	0.01225	0.00791	0.00652	0.01852	0.00182	0.05523	0.00418	0.00374	0.00696
17	0.84691	0.01054	0.00801	0.00717	0.01054	0.01223	0.00590	0.01603	0.00928	0.02446	0.00759	0.00886	0.00590	0.00506	0.00337	0.00169	0.00422	0.00295	0.00337	0.00590
18	0.82689	0.01051	0.00813	0.00723	0.01063	0.01213	0.00596	0.01628	0.00943	0.04281	0.00793	0.00909	0.00609	0.00510	0.00343	0.00169	0.00423	0.00301	0.00346	0.00599
19	0.00685	0.00535	0.00604	0.00622	0.00748	0.00473	0.00443	0.00823	0.01215	0.01546	0.17484	0.19942	0.42580	0.08795	0.00853	0.00221	0.00304	0.01168	0.00507	0.00454
20	0.01223	0.00995	0.01160	0.00835	0.01315	0.00777	0.00671	0.05075	0.01216	0.04540	0.01027	0.01165	0.00832	0.00426	0.00416	0.00088	0.00416	0.00339	0.00346	0.77138
21	0.01171	0.00574	0.00629	0.00583	0.00756	0.00548	0.00447	0.01416	0.01219	0.11370	0.06051	0.02196	0.03792	0.00683	0.00424	0.00135	0.00284	0.00554	0.64774	0.02394
22	0.18138	0.14628	0.01609	0.04275	0.04576	0.28540	0.00953	0.04558	0.01340	0.12753	0.01028	0.01124	0.00790	0.00563	0.00491	0.00152	0.03061	0.00378	0.00348	0.00695
23	0.01996	0.01475	0.01585	0.01231	0.01647	0.01632	0.01010	0.70569	0.04655	0.03322	0.01402	0.04434	0.01054	0.00698	0.00552	0.00166	0.00584	0.00536	0.00544	0.00906
24	0.00691	0.00539	0.00627	0.00637	0.00773	0.00475	0.00466	0.00861	0.01306	0.01698	0.29269	0.19342	0.38656	0.01354	0.00654	0.00187	0.00277	0.01172	0.00538	0.00475
25	0.01337	0.01155	0.01215	0.01095	0.01399	0.01332	0.00851	0.02840	0.74439	0.02259	0.02307	0.02120	0.03689	0.00757	0.00557	0.00185	0.00427	0.00631	0.00553	0.00852
26	0.01093	0.02820	0.78016	0.01554	0.02360	0.01266	0.02014	0.01727	0.01151	0.01727	0.00978	0.01151	0.00691	0.00518	0.00518	0.00173	0.00806	0.00403	0.00230	0.00806
27	0.00708	0.00580	0.00627	0.00681	0.00787	0.02947	0.00476	0.00822	0.01144	0.01426	0.05576	0.40238	0.35164	0.05278	0.00765	0.00216	0.00329	0.01291	0.00493	0.00453
28	0.01138	0.00657	0.00852	0.00752	0.00948	0.00602	0.00579	0.03383	0.01551	0.17316	0.56255	0.03586	0.06765	0.02370	0.00657	0.00177	0.00313	0.00887	0.00606	0.00603
29	0.36215	0.01014	0.01096	0.00882	0.01270	0.01026	0.00728	0.06405	0.01358	0.42588	0.01531	0.01426	0.01013	0.00604	0.00461	0.00168	0.00454	0.00441	0.00529	0.00789
30	0.01093	0.02820	0.78016	0.01554	0.02360	0.01266	0.02014	0.01727	0.01151	0.01727	0.00978	0.01151	0.00691	0.00518	0.00518	0.00173	0.00806	0.00403	0.00230	0.00806
31	0.02072	0.01527	0.01636	0.01254	0.01691	0.01691	0.01036	0.75622	0.02563	0.03436	0.01309	0.01309	0.00927	0.00654	0.00545	0.00164	0.00600	0.00491	0.00545	0.00927
32	0.58774	0.01065	0.00971	0.00821	0.01182	0.01173	0.00675	0.06933	0.04132	0.18086	0.01142	0.01160	0.00812	0.00560	0.00404	0.00169	0.00443	0.00373	0.00430	0.00694
33	0.01585	0.01000	0.01079	0.00895	0.01185	0.01068	0.00717	0.29575	0.09422	0.09782	0.01682	0.01743	0.01243	0.00657	0.00477	0.00151	0.00422	0.00516	0.36060	0.00742
34	0.81247	0.01049	0.00821	0.00728	0.01068	0.01205	0.00599	0.01647	0.00954	0.05603	0.00817	0.00926	0.00622	0.00513	0.00346	0.00169	0.00423	0.00306	0.00352	0.00605
35	0.01349	0.01295	0.02213	0.03346	0.77440	0.01295	0.01673	0.01673	0.01241	0.01781	0.01025	0.01349	0.00864	0.00486	0.00540	0.00162	0.00648	0.00486	0.00270	0.00864
36	0.01381	0.01188	0.01278	0.01186	0.03849	0.01366	0.00895	0.05430	0.71446	0.02306	0.02149	0.01987	0.01613	0.00729	0.00554	0.00183	0.00444	0.00608	0.00545	0.00865
37	0.01287	0.01471	0.03217	0.02298	0.02849	0.01379	0.75460	0.01746	0.01287	0.01746	0.01103	0.01471	0.00827	0.00460	0.00643	0.00184	0.00919	0.00643	0.00276	0.00735
38	0.00667	0.00493	0.00614	0.00708	0.00769	0.00451	0.00478	0.00766	0.01071	0.01390	0.03449	0.60856	0.18580	0.05995	0.00800	0.00231	0.00320	0.01426	0.00496	0.00440
39	0.01278	0.00734	0.00767	0.00678	0.00878	0.00765	0.00531	0.16985	0.01454	0.04402	0.01690	0.01875	0.01297	0.00640	0.00420	0.00136	0.00333	0.00506	0.64023	0.00608
40	0.00664	0.00474	0.00633	0.00759	0.00791	0.00443	0.00506	0.00759	0.01044	0.01392	0.03005	0.80485	0.03606	0.01708	0.00696	0.00221	0.00316	0.01550	0.00506	0.00443
41	0.01287	0.01471	0.03217	0.02298	0.02849	0.01379	0.75460	0.01746	0.01287	0.01746	0.01103	0.01471	0.00827	0.00460	0.00643	0.00184	0.00919	0.00643	0.00276	0.00735
42	0.00664	0.00474	0.00633	0.00759	0.00791	0.00443	0.00506	0.00759	0.01044	0.01392	0.03005	0.80485	0.03606	0.01708	0.00696	0.00221	0.00316	0.01550	0.00506	0.00443
43	0.01545	0.00944	0.01123	0.00972	0.01241	0.00964	0.00756	0.22469	0.08263	0.19911	0.08415	0.26659	0.02284	0.01037	0.00602	0.00186	0.00436	0.00890	0.00569	0.00735
44	0.00671	0.00479	0.00635	0.00752	0.00786	0.00447	0.00502	0.00769	0.01054	0.01409	0.05410	0.75939	0.03613	0.03778	0.00749	0.00228	0.00320	0.01511	0.00505	0.00442
45	0.01491	0.00963	0.01098	0.00937	0.01200	0.01016	0.00738	0.24253	0.07759	0.11843	0.01850	0.13269	0.01603	0.03719	0.01858	0.00192	0.02898	0.02065	0.17790	0.03457
46	0.02327	0.00953	0.01263	0.00978	0.01385	0.00854	0.00804	0.06776	0.03509	0.68479	0.05245	0.01922	0.01492	0.00694	0.00552	0.00169	0.00462	0.00565	0.00661	0.00909
47	0.01185	0.01271	0.02585	0.01886	0.02361	0.01165	0.55062	0.01567	0.01233	0.01706	0.01325	0.11463	0.01177	0.00610	0.00615	0.00174	0.00768	0.00712	0.00312	0.12824
48	0.00715	0.00552	0.00824	0.03638	0.01020	0.00526	0.05065	0.00841	0.01060	0.01413	0.02818	0.72921	0.03336	0.01592	0.00687	0.00218	0.00367	0.01457	0.00483	0.00466

[dist]
# distance from previous block
# <min> <max>
0	4

[block]
# block no. 1 follows, 44 sequences, length 28
# corresponding to MSA columns:
# 188-215
name=unknown_B
#
# <colnr> <probs for GDERKNQSTAVLIFYWHMCP>
#	G	D	E	R	K	N	Q	S	T	A	V	L	I	F	Y	W	H	M	C	P
0	0.64616	0.01210	0.01001	0.00853	0.01209	0.04258	0.00699	0.16799	0.01287	0.02607	0.00875	0.00976	0.00664	0.00539	0.00386	0.00167	0.00480	0.00337	0.00378	0.00661
1	0.67560	0.01037	0.00869	0.00736	0.01103	0.01121	0.00602	0.01555	0.00969	0.02309	0.00802	0.00936	0.00635	0.00485	0.00351	0.00151	0.00418	0.00301	0.00334	0.17726
2	0.00691	0.00514	0.00685	0.00789	0.00823	0.00507	0.00539	0.00789	0.01038	0.01390	0.02955	0.74270	0.05483	0.01660	0.00752	0.00221	0.04468	0.01483	0.00492	0.00451
3	0.01963	0.04108	0.06354	0.01245	0.01682	0.13818	0.01061	0.48471	0.02129	0.07701	0.01235	0.01261	0.00891	0.00614	0.00522	0.00155	0.00654	0.00452	0.00471	0.05213
4	0.23098	0.01098	0.01234	0.00972	0.01376	0.01114	0.00803	0.19291	0.01633	0.41584	0.01605	0.01484	0.01060	0.00628	0.00494	0.00168	0.00485	0.00471	0.00560	0.00843
5	0.02063	0.01484	0.01602	0.01235	0.01666	0.01634	0.01018	0.69255	0.05339	0.07047	0.01385	0.01363	0.00976	0.00659	0.00546	0.00165	0.00587	0.00498	0.00552	0.00925
6	0.02020	0.01383	0.01511	0.01174	0.01586	0.01505	0.00965	0.58702	0.06965	0.12188	0.01489	0.01455	0.01047	0.00661	0.00538	0.00164	0.00556	0.00506	0.04682	0.00903
7	0.00669	0.00487	0.00631	0.00736	0.00787	0.00449	0.00498	0.00778	0.01093	0.01448	0.07836	0.69043	0.10250	0.01642	0.00688	0.00215	0.00309	0.01479	0.00512	0.00449
8	0.00783	0.00568	0.00793	0.00793	0.00861	0.00636	0.00577	0.00920	0.00851	0.01204	0.01537	0.02564	0.01546	0.26828	0.56192	0.00773	0.01184	0.00646	0.00303	0.00440
9	0.00673	0.00507	0.00612	0.00680	0.00765	0.00458	0.00468	0.00787	0.01127	0.01454	0.08900	0.47439	0.26572	0.05938	0.00791	0.00223	0.00311	0.01344	0.00503	0.00447
10	0.01045	0.00944	0.01303	0.01158	0.01185	0.01255	0.00931	0.01171	0.00854	0.01306	0.01057	0.01747	0.01052	0.12211	0.17610	0.00402	0.49062	0.00543	0.04629	0.00534
11	0.01833	0.01408	0.01501	0.01206	0.01600	0.01579	0.00978	0.51338	0.27237	0.03050	0.01613	0.01551	0.01173	0.00683	0.00549	0.00171	0.00544	0.00533	0.00549	0.00906
12	0.01168	0.18882	0.62607	0.01427	0.02163	0.01449	0.01793	0.01707	0.01142	0.01636	0.00933	0.01094	0.00692	0.00507	0.00483	0.00161	0.00760	0.00380	0.00231	0.00784
13	0.01007	0.00802	0.00834	0.00776	0.00898	0.06107	0.00530	0.07794	0.01121	0.01482	0.05672	0.14656	0.02067	0.40092	0.05757	0.00379	0.00558	0.00805	0.00385	0.08281
14	0.01187	0.00995	0.01168	0.00865	0.01307	0.00828	0.00695	0.07639	0.01227	0.01870	0.01026	0.01218	0.00854	0.00696	0.05919	0.00147	0.02395	0.00359	0.00338	0.69267
15	0.00792	0.00532	0.00610	0.00610	0.00616	0.00537	0.00350	0.00803	0.00797	0.01069	0.01704	0.03489	0.01948	0.76598	0.06970	0.00548	0.00580	0.00781	0.00328	0.00339
16	0.01130	0.00969	0.01130	0.00807	0.01292	0.00727	0.00646	0.01373	0.01130	0.01776	0.00969	0.01130	0.00807	0.00404	0.00404	0.00081	0.00404	0.00323	0.00323	0.84173
17	0.00851	0.00662	0.00698	0.00719	0.00778	0.04817	0.00470	0.03277	0.01036	0.01332	0.04895	0.27664	0.08148	0.39070	0.01661	0.00357	0.00461	0.02270	0.00415	0.00420
18	0.01043	0.00987	0.01638	0.73238	0.03568	0.01248	0.01488	0.01386	0.01070	0.01386	0.00949	0.01432	0.00726	0.00578	0.00645	0.00186	0.07100	0.00484	0.00242	0.00605
19	0.01030	0.00969	0.01635	0.79530	0.03755	0.01211	0.01514	0.01393	0.01090	0.01393	0.00969	0.01453	0.00727	0.00545	0.00545	0.00182	0.00727	0.00484	0.00242	0.00606
20	0.00671	0.00477	0.00630	0.00750	0.00780	0.00448	0.00496	0.00761	0.01030	0.01373	0.02934	0.76233	0.03516	0.06082	0.00811	0.00238	0.00328	0.01508	0.00496	0.00437
21	0.01174	0.06498	0.06245	0.24816	0.06746	0.01447	0.14560	0.01472	0.01064	0.01478	0.02404	0.01362	0.00832	0.00665	0.00958	0.00195	0.26670	0.00503	0.00254	0.00656
22	0.07661	0.01375	0.07740	0.08178	0.02448	0.01251	0.45253	0.01712	0.04096	0.05447	0.01287	0.07364	0.01055	0.00597	0.00618	0.00185	0.02056	0.00647	0.00321	0.00709
23	0.00663	0.00480	0.00627	0.00745	0.00787	0.00444	0.00500	0.00761	0.01058	0.01397	0.03181	0.75227	0.08750	0.01685	0.00692	0.00219	0.00313	0.01522	0.00506	0.00444
24	0.07206	0.01239	0.01394	0.01090	0.01487	0.01303	0.00894	0.43597	0.02064	0.24794	0.04453	0.03791	0.01273	0.00698	0.00538	0.00167	0.00522	0.00544	0.02078	0.00870
25	0.06043	0.01341	0.04328	0.09335	0.05904	0.11362	0.03259	0.11095	0.04633	0.04784	0.01266	0.08794	0.01105	0.00678	0.00608	0.00159	0.06591	0.00535	0.00365	0.17815
26	0.01691	0.01204	0.01547	0.02906	0.17062	0.01281	0.01066	0.27561	0.06834	0.14460	0.01586	0.06453	0.02623	0.00720	0.00636	0.00172	0.06079	0.00580	0.02362	0.03179
27	0.01095	0.00779	0.00901	0.03310	0.01004	0.00829	0.00588	0.17756	0.01240	0.01658	0.01667	0.03082	0.01746	0.49844	0.06775	0.00437	0.00607	0.05801	0.00386	0.00496

[dist]
# distance from previous block
# <min> <max>
1	54

[block]
# block no. 2 follows, 44 sequences, length 30
# corresponding to MSA columns:
# 270-299
name=unknown_C
#
# <colnr> <probs for GDERKNQSTAVLIFYWHMCP>
#	G	D	E	R	K	N	Q	S	T	A	V	L	I	F	Y	W	H	M	C	P
0	0.04139	0.16674	0.06499	0.04078	0.01475	0.02887	0.00936	0.10388	0.03047	0.03224	0.01134	0.04576	0.01004	0.03696	0.07321	0.00223	0.10014	0.00467	0.00330	0.17888
1	0.01660	0.34560	0.05146	0.01144	0.01523	0.35499	0.00990	0.01878	0.03129	0.01403	0.00898	0.01029	0.00762	0.00523	0.00427	0.00130	0.00741	0.00342	0.04405	0.03811
2	0.01045	0.00882	0.01035	0.00783	0.01193	0.00676	0.00614	0.01269	0.01149	0.01746	0.05171	0.08569	0.05468	0.00609	0.00455	0.00103	0.00382	0.00511	0.00363	0.67979
3	0.00892	0.00545	0.00651	0.03722	0.00872	0.00546	0.00517	0.03125	0.01144	0.01760	0.02296	0.35110	0.02360	0.01120	0.00540	0.00175	0.00319	0.04086	0.39723	0.00496
4	0.05623	0.64866	0.07249	0.01005	0.01469	0.09367	0.00994	0.01689	0.01143	0.01373	0.00780	0.00902	0.00694	0.00481	0.00373	0.00125	0.00627	0.00304	0.00243	0.00694
5	0.01250	0.06474	0.01676	0.15590	0.06706	0.11541	0.02357	0.01443	0.01028	0.01354	0.00908	0.01360	0.00823	0.02918	0.09300	0.00275	0.33658	0.00472	0.00255	0.00611
6	0.00713	0.00555	0.00648	0.00625	0.00779	0.00490	0.00469	0.00916	0.01406	0.01860	0.44375	0.04610	0.38124	0.01236	0.00644	0.00177	0.00266	0.01061	0.00557	0.00490
7	0.00805	0.00578	0.00718	0.00735	0.00769	0.00604	0.00485	0.02917	0.00946	0.01282	0.03340	0.27932	0.02407	0.40671	0.09109	0.00432	0.04471	0.00995	0.00389	0.00414
8	0.00844	0.00638	0.00789	0.00744	0.00894	0.00625	0.00559	0.01267	0.11816	0.02143	0.61448	0.07378	0.06554	0.01098	0.00633	0.00176	0.00284	0.00966	0.00587	0.00558
9	0.01378	0.01218	0.04207	0.23992	0.02563	0.01294	0.24646	0.01703	0.01178	0.13982	0.01152	0.01462	0.00857	0.00623	0.00834	0.00192	0.17153	0.00541	0.00322	0.00703
10	0.24840	0.06896	0.01289	0.00941	0.01341	0.10356	0.00771	0.09425	0.01355	0.17354	0.01154	0.01191	0.00848	0.00536	0.00436	0.00141	0.00523	0.00379	0.00409	0.19816
11	0.00961	0.00596	0.00770	0.00724	0.00882	0.00539	0.00541	0.01176	0.01407	0.10746	0.45648	0.18145	0.07443	0.01146	0.00624	0.00176	0.00298	0.01009	0.03808	0.03362
12	0.01217	0.01262	0.01897	0.03269	0.01719	0.04594	0.14423	0.01404	0.00956	0.01394	0.00873	0.03470	0.00828	0.00919	0.02869	0.00235	0.57267	0.00534	0.00255	0.00617
13	0.01883	0.08894	0.01674	0.01193	0.01612	0.03748	0.00990	0.54146	0.12612	0.02962	0.01360	0.01354	0.00998	0.00638	0.00522	0.00159	0.00579	0.00480	0.00503	0.03691
14	0.02028	0.00921	0.01202	0.00923	0.01329	0.00791	0.00753	0.04789	0.01513	0.53844	0.08974	0.01910	0.01591	0.00665	0.00530	0.00152	0.00438	0.00545	0.00597	0.16504
15	0.01395	0.39152	0.06544	0.03088	0.01651	0.03359	0.06993	0.05805	0.08143	0.01581	0.00970	0.01146	0.00818	0.00587	0.00660	0.00155	0.13733	0.00405	0.00289	0.03525
16	0.01294	0.22693	0.15350	0.01476	0.01860	0.05198	0.15723	0.01585	0.01083	0.01460	0.00870	0.01167	0.00742	0.00705	0.02594	0.00194	0.24631	0.00444	0.00246	0.00686
17	0.00677	0.00482	0.00639	0.00760	0.00793	0.00453	0.00511	0.00773	0.01039	0.01384	0.02941	0.74379	0.03514	0.05382	0.00794	0.00237	0.00332	0.03971	0.00498	0.00440
18	0.00709	0.00505	0.00615	0.00678	0.00721	0.00476	0.00438	0.00785	0.01007	0.01328	0.06315	0.43107	0.11471	0.27684	0.01372	0.00316	0.00379	0.01229	0.00453	0.00411
19	0.07382	0.42162	0.11070	0.01091	0.01544	0.01811	0.01070	0.15534	0.01369	0.04703	0.00936	0.01051	0.00759	0.00557	0.00526	0.00147	0.06859	0.00366	0.00316	0.00747
20	0.00791	0.00549	0.00689	0.00698	0.00817	0.00503	0.00505	0.00959	0.01272	0.05228	0.29702	0.27084	0.19896	0.04228	0.04324	0.00234	0.00354	0.01146	0.00531	0.00493
21	0.00736	0.00530	0.00712	0.00825	0.00897	0.00505	0.00620	0.00890	0.01143	0.01510	0.06733	0.50415	0.06329	0.01603	0.00709	0.00227	0.00370	0.24272	0.00509	0.00466
22	0.04917	0.11780	0.01447	0.00978	0.01362	0.01235	0.00804	0.24239	0.05957	0.06615	0.01461	0.12275	0.01291	0.00710	0.00495	0.00145	0.00481	0.00570	0.00439	0.22801
23	0.01209	0.04515	0.07037	0.25415	0.27134	0.01242	0.08795	0.01625	0.05486	0.03469	0.01195	0.04518	0.00988	0.00735	0.04150	0.00206	0.00714	0.00542	0.00294	0.00731
24	0.01027	0.00629	0.00761	0.00736	0.00923	0.00565	0.00559	0.01236	0.03959	0.15415	0.10950	0.22530	0.31905	0.01290	0.00642	0.00193	0.00336	0.05236	0.00547	0.00563
25	0.01245	0.31136	0.33286	0.01420	0.03593	0.01595	0.10504	0.01643	0.01129	0.01531	0.00926	0.01140	0.00746	0.00672	0.04121	0.00188	0.03740	0.00404	0.00241	0.00737
26	0.06334	0.01175	0.01403	0.09375	0.01683	0.01302	0.03455	0.29065	0.13507	0.08488	0.01467	0.01737	0.01155	0.10112	0.02411	0.00229	0.03724	0.00542	0.00458	0.02376
27	0.00882	0.00597	0.00757	0.03795	0.00904	0.00609	0.00528	0.03003	0.01012	0.05107	0.03911	0.34452	0.02555	0.34567	0.01587	0.00343	0.03461	0.01060	0.00424	0.00447
28	0.00687	0.00507	0.00644	0.00722	0.00798	0.00464	0.00506	0.00821	0.01166	0.01544	0.15587	0.52762	0.15954	0.01549	0.00681	0.00208	0.00307	0.04110	0.00521	0.00460
29	0.05952	0.03960	0.14146	0.01130	0.04570	0.01031	0.00992	0.10976	0.06069	0.22251	0.05864	0.12715	0.05122	0.00821	0.00553	0.00175	0.00505	0.00682	0.00487	0.02002

[dist]
# distance from previous block
# <min> <max>
0	7

[block]
# block no. 3 follows, 44 sequences, length 64
# corresponding to MSA columns:
# 307-370
name=unknown_D
#
# <colnr> <probs for GDERKNQSTAVLIFYWHMCP>
#	G	D	E	R	K	N	Q	S	T	A	V	L	I	F	Y	W	H	M	C	P
0	0.01129	0.00978	0.01600	0.27019	0.04203	0.01083	0.12183	0.02659	0.01111	0.05177	0.01409	0.08884	0.03636	0.04717	0.00907	0.03833	0.11101	0.00635	0.02165	0.05570
1	0.00808	0.00602	0.00792	0.06746	0.01073	0.00578	0.00597	0.02541	0.01061	0.01441	0.03616	0.48354	0.02736	0.11149	0.00958	0.03361	0.00399	0.03115	0.00437	0.09634
2	0.01166	0.03209	0.01234	0.00859	0.01339	0.02803	0.02313	0.01409	0.01144	0.01751	0.00963	0.01127	0.00802	0.00411	0.00410	0.00086	0.00435	0.00330	0.00318	0.77891
3	0.00708	0.00547	0.00646	0.00637	0.00780	0.00485	0.00472	0.00900	0.01370	0.01813	0.40201	0.11900	0.35011	0.01282	0.00649	0.00182	0.00271	0.01109	0.00552	0.00485
4	0.05151	0.01129	0.01871	0.39482	0.38745	0.01252	0.01546	0.01536	0.01155	0.01628	0.00986	0.01377	0.00785	0.00515	0.00533	0.00172	0.00675	0.00476	0.00260	0.00728
5	0.00676	0.00487	0.00640	0.00742	0.00791	0.00452	0.00503	0.00791	0.01110	0.01488	0.11735	0.68346	0.06969	0.01625	0.00687	0.00214	0.00308	0.01467	0.00517	0.00452
6	0.00660	0.00549	0.00577	0.00577	0.00748	0.00466	0.00430	0.00811	0.01270	0.01554	0.13907	0.08379	0.65471	0.01363	0.00646	0.00184	0.00276	0.01148	0.00517	0.00466
7	0.00757	0.00546	0.00716	0.00696	0.00811	0.00505	0.00513	0.00992	0.01475	0.02077	0.66970	0.14566	0.04933	0.01196	0.00650	0.00178	0.00265	0.01063	0.00587	0.00505
8	0.00660	0.00535	0.00586	0.00611	0.00756	0.00461	0.00444	0.00799	0.01224	0.01517	0.11226	0.22238	0.54179	0.01432	0.00656	0.00191	0.00284	0.01227	0.00514	0.00461
9	0.01458	0.81168	0.02857	0.00933	0.01399	0.02157	0.00933	0.01632	0.01108	0.01283	0.00758	0.00875	0.00700	0.00466	0.00350	0.00117	0.00583	0.00292	0.00233	0.00700
10	0.02072	0.01527	0.01636	0.01254	0.01691	0.01691	0.01036	0.75622	0.02563	0.03436	0.01309	0.01309	0.00927	0.00654	0.00545	0.00164	0.00600	0.00491	0.00545	0.00927
11	0.00668	0.00553	0.00586	0.00578	0.00751	0.00471	0.00433	0.00829	0.01300	0.01608	0.19097	0.05024	0.63560	0.01330	0.00644	0.00182	0.00273	0.01119	0.00524	0.00471
12	0.02446	0.00928	0.01265	0.00970	0.01392	0.00801	0.00801	0.02657	0.01560	0.77817	0.02151	0.01856	0.01350	0.00675	0.00548	0.00169	0.00464	0.00548	0.00675	0.00928
13	0.02377	0.01002	0.01306	0.01006	0.01426	0.00915	0.00829	0.10927	0.03476	0.67575	0.02057	0.01798	0.01309	0.00674	0.00548	0.00169	0.00479	0.00543	0.00657	0.00926
14	0.00663	0.00477	0.00630	0.00751	0.00789	0.00443	0.00503	0.00760	0.01051	0.01395	0.03098	0.77685	0.06344	0.01696	0.00694	0.00220	0.00315	0.01535	0.00506	0.00443
15	0.00793	0.00529	0.00595	0.00595	0.00595	0.00529	0.00330	0.00793	0.00793	0.01057	0.01718	0.03568	0.01982	0.80840	0.02775	0.00529	0.00529	0.00793	0.00330	0.00330
16	0.01030	0.00969	0.01635	0.79530	0.03755	0.01211	0.01514	0.01393	0.01090	0.01393	0.00969	0.01453	0.00727	0.00545	0.00545	0.00182	0.00727	0.00484	0.00242	0.00606
17	0.05476	0.01297	0.01430	0.01117	0.01501	0.01397	0.00908	0.51993	0.02132	0.15606	0.01466	0.01601	0.01087	0.07827	0.02463	0.00213	0.00582	0.00521	0.00534	0.00850
18	0.01252	0.34843	0.43490	0.01337	0.01991	0.01637	0.05246	0.01689	0.01140	0.01546	0.00894	0.01054	0.00701	0.00494	0.00455	0.00150	0.00720	0.00369	0.00234	0.00759
19	0.00792	0.00531	0.00609	0.00609	0.00614	0.00536	0.00348	0.00802	0.00797	0.01068	0.01705	0.03496	0.01951	0.77001	0.06572	0.00546	0.00575	0.00782	0.00328	0.00338
20	0.06088	0.46751	0.27554	0.01194	0.01769	0.01771	0.04998	0.01667	0.01121	0.01519	0.00848	0.00996	0.00697	0.00485	0.00419	0.00141	0.00664	0.00346	0.00240	0.00730
21	0.02010	0.02198	0.01442	0.01288	0.01582	0.60387	0.00977	0.02236	0.05276	0.11918	0.01136	0.01205	0.00872	0.00590	0.00497	0.00146	0.00850	0.00399	0.04314	0.00678
22	0.01634	0.01585	0.01389	0.01217	0.01528	0.20758	0.00949	0.14157	0.43560	0.02195	0.01682	0.01629	0.01276	0.00689	0.00578	0.00172	0.03197	0.00526	0.00474	0.00807
23	0.06379	0.00963	0.01131	0.00851	0.01290	0.00794	0.00686	0.04419	0.01248	0.15134	0.01291	0.03975	0.01044	0.00537	0.00449	0.00113	0.00422	0.02263	0.00404	0.56605
24	0.03361	0.06971	0.01382	0.09739	0.04808	0.01076	0.00888	0.14577	0.03279	0.26923	0.10862	0.05186	0.01715	0.04186	0.00638	0.00183	0.00498	0.00610	0.02358	0.00758
25	0.01399	0.68522	0.14988	0.01033	0.01554	0.02013	0.01107	0.01648	0.01115	0.01354	0.00794	0.00919	0.00698	0.00475	0.00377	0.00126	0.00619	0.00309	0.00233	0.00717
26	0.00697	0.00498	0.00670	0.00797	0.00843	0.00471	0.00563	0.00816	0.01076	0.01428	0.02987	0.69078	0.03534	0.01677	0.00705	0.00226	0.00345	0.12632	0.00505	0.00452
27	0.01306	0.01235	0.02073	0.19196	0.59563	0.01291	0.01619	0.04036	0.01253	0.01754	0.01023	0.01370	0.00837	0.00504	0.00541	0.00166	0.00663	0.00486	0.00273	0.00812
28	0.01147	0.01032	0.01801	0.47531	0.15534	0.01157	0.09595	0.01474	0.01158	0.04357	0.04810	0.01593	0.01014	0.00626	0.00639	0.04378	0.00689	0.00529	0.00284	0.00652
29	0.01030	0.00969	0.01635	0.79530	0.03755	0.01211	0.01514	0.01393	0.01090	0.01393	0.00969	0.01453	0.00727	0.00545	0.00545	0.00182	0.00727	0.00484	0.00242	0.00606
30	0.01970	0.01388	0.01513	0.01174	0.01572	0.01513	0.00959	0.63149	0.02355	0.08387	0.05145	0.01597	0.01218	0.04690	0.00662	0.00183	0.00570	0.00534	0.00546	0.00877
31	0.18008	0.01337	0.05159	0.01075	0.01471	0.01365	0.00911	0.41962	0.01900	0.12191	0.01348	0.02828	0.01023	0.06228	0.00662	0.00192	0.00549	0.00495	0.00490	0.00806
32	0.00695	0.00495	0.00648	0.00760	0.00809	0.00466	0.00527	0.00807	0.01066	0.01419	0.03046	0.65254	0.07138	0.04594	0.00769	0.00232	0.00338	0.08255	0.02233	0.00446
33	0.00792	0.00531	0.00609	0.00609	0.00613	0.00536	0.00348	0.00802	0.00797	0.01067	0.01705	0.03497	0.01951	0.77038	0.06535	0.00546	0.00575	0.00782	0.00328	0.00338
34	0.00793	0.00529	0.00595	0.00595	0.00595	0.00529	0.00330	0.00793	0.00793	0.01057	0.01718	0.03568	0.01982	0.80840	0.02775	0.00529	0.00529	0.00793	0.00330	0.00330
35	0.06687	0.01315	0.02099	0.10510	0.49451	0.05138	0.09762	0.01721	0.01242	0.05365	0.01056	0.01350	0.00843	0.00503	0.00537	0.00166	0.00680	0.00487	0.00292	0.00797
36	0.00651	0.00551	0.00563	0.00563	0.00741	0.00463	0.00421	0.00794	0.01253	0.01506	0.09015	0.06857	0.72016	0.01375	0.00645	0.00184	0.00276	0.01151	0.00511	0.00463
37	0.02160	0.01387	0.01549	0.01188	0.01621	0.01482	0.00981	0.58511	0.02328	0.20879	0.01506	0.01437	0.01026	0.00659	0.00546	0.00165	0.00568	0.00504	0.00576	0.00927
38	0.36776	0.01103	0.01118	0.00910	0.01280	0.01178	0.00747	0.20314	0.01536	0.21927	0.05005	0.01508	0.03150	0.00639	0.00466	0.00168	0.00465	0.00465	0.00493	0.00754
39	0.06595	0.01169	0.01852	0.09204	0.52741	0.01211	0.01435	0.01661	0.06430	0.01805	0.01361	0.01873	0.03157	0.00617	0.00548	0.00173	0.00603	0.06464	0.00317	0.00784
40	0.00664	0.00474	0.00633	0.00759	0.00791	0.00443	0.00506	0.00759	0.01044	0.01392	0.03005	0.80485	0.03606	0.01708	0.00696	0.00221	0.00316	0.01550	0.00506	0.00443
41	0.01310	0.01255	0.02142	0.12752	0.68343	0.01285	0.01654	0.01639	0.01223	0.01733	0.01019	0.01362	0.00847	0.00493	0.00540	0.00164	0.00657	0.00486	0.00266	0.00832
42	0.05581	0.01588	0.25351	0.06359	0.05669	0.01126	0.08417	0.06300	0.01277	0.16338	0.01400	0.07987	0.01132	0.02783	0.00698	0.01902	0.04401	0.00573	0.00373	0.00745
43	0.00808	0.00688	0.01131	0.02640	0.01224	0.00687	0.12309	0.00976	0.01069	0.01443	0.02465	0.56545	0.02836	0.01562	0.04607	0.00249	0.04713	0.03106	0.00440	0.00504
44	0.02446	0.00928	0.01265	0.00970	0.01392	0.00801	0.00801	0.02657	0.01560	0.77817	0.02151	0.01856	0.01350	0.00675	0.00548	0.00169	0.00464	0.00548	0.00675	0.00928
45	0.01327	0.01466	0.09818	0.19457	0.15354	0.11124	0.04075	0.10306	0.01333	0.01739	0.03003	0.03189	0.01001	0.00920	0.06851	0.02162	0.05366	0.00509	0.00306	0.00694
46	0.03263	0.01194	0.05567	0.49407	0.25441	0.02884	0.01553	0.01515	0.01144	0.01550	0.00978	0.01383	0.00762	0.00525	0.00536	0.00174	0.00705	0.00473	0.00253	0.00692
47	0.00853	0.00635	0.00789	0.02879	0.00820	0.00714	0.00504	0.00892	0.00812	0.01115	0.01543	0.03092	0.01734	0.62751	0.07454	0.00502	0.11486	0.00728	0.00313	0.00384
48	0.47249	0.07572	0.05535	0.02727	0.01498	0.14136	0.07712	0.02989	0.01118	0.02037	0.00829	0.00996	0.00656	0.00523	0.00445	0.00164	0.02514	0.00354	0.00308	0.00637
49	0.00795	0.00527	0.00659	0.00723	0.00804	0.00498	0.00504	0.02729	0.01166	0.03246	0.10340	0.54363	0.07334	0.01436	0.00638	0.00199	0.00310	0.01281	0.11968	0.00482
50	0.02139	0.00860	0.01167	0.00918	0.01286	0.00749	0.00749	0.02359	0.01557	0.63966	0.15886	0.02262	0.02044	0.00755	0.00566	0.00169	0.00426	0.00628	0.00661	0.00852
51	0.00791	0.00565	0.00712	0.00670	0.00815	0.00512	0.00504	0.01026	0.01492	0.03913	0.63004	0.04220	0.17441	0.01150	0.00641	0.00174	0.00266	0.01004	0.00586	0.00515
52	0.00758	0.00547	0.00717	0.00695	0.00811	0.00505	0.00513	0.00995	0.01480	0.02086	0.67802	0.13708	0.04950	0.01189	0.00650	0.00178	0.00265	0.01057	0.00588	0.00505
53	0.00746	0.00549	0.00699	0.00678	0.00803	0.00501	0.00502	0.00974	0.01459	0.02025	0.61540	0.11716	0.13372	0.01204	0.00648	0.00178	0.00265	0.01060	0.00580	0.00501
54	0.01294	0.01111	0.01167	0.01051	0.01349	0.01265	0.00817	0.04337	0.66431	0.02218	0.02564	0.02373	0.10008	0.00809	0.00564	0.00184	0.00418	0.00673	0.00549	0.00820
55	0.02037	0.02598	0.01545	0.01404	0.01685	0.78652	0.01053	0.02177	0.01545	0.01334	0.00843	0.00983	0.00702	0.00562	0.00492	0.00140	0.00983	0.00351	0.00281	0.00632
56	0.01287	0.01471	0.03217	0.02298	0.02849	0.01379	0.75460	0.01746	0.01287	0.01746	0.01103	0.01471	0.00827	0.00460	0.00643	0.00184	0.00919	0.00643	0.00276	0.00735
57	0.00772	0.00557	0.00729	0.00686	0.00814	0.00514	0.00514	0.01029	0.01543	0.02186	0.77152	0.04072	0.05144	0.01115	0.00643	0.00171	0.00257	0.00986	0.00600	0.00514
58	0.00862	0.00650	0.00809	0.00763	0.00917	0.00642	0.00582	0.01306	0.12435	0.02174	0.62720	0.03874	0.04542	0.01079	0.00635	0.00177	0.00294	0.04385	0.00589	0.00565
59	0.01458	0.81168	0.02857	0.00933	0.01399	0.02157	0.00933	0.01632	0.01108	0.01283	0.00758	0.00875	0.00700	0.00466	0.00350	0.00117	0.00583	0.00292	0.00233	0.00700
60	0.00923	0.00662	0.00790	0.00753	0.00873	0.00658	0.00541	0.10452	0.01363	0.01853	0.28269	0.16935	0.06839	0.22322	0.01209	0.00278	0.00394	0.03885	0.00497	0.00503
61	0.00766	0.00565	0.00715	0.00724	0.00851	0.00524	0.00560	0.00979	0.01369	0.01851	0.41878	0.08304	0.17719	0.05219	0.00773	0.00210	0.00326	0.15631	0.00545	0.00489
62	0.37730	0.09645	0.26597	0.03198	0.01642	0.08045	0.01158	0.01679	0.01090	0.01964	0.02403	0.01061	0.00741	0.00524	0.00423	0.00163	0.00618	0.00354	0.00290	0.00675
63	0.13153	0.14124	0.09750	0.01068	0.01525	0.02813	0.02165	0.22857	0.04348	0.02260	0.01118	0.03744	0.00904	0.00571	0.00459	0.00144	0.00551	0.00428	0.00378	0.17640

[dist]
# distance from previous block
# <min> <max>
5	18

[block]
# block no. 4 follows, 44 sequences, length 33
# corresponding to MSA columns:
# 389-421
name=unknown_E
#
# <colnr> <probs for GDERKNQSTAVLIFYWHMCP>
#	G	D	E	R	K	N	Q	S	T	A	V	L	I	F	Y	W	H	M	C	P
0	0.04165	0.03529	0.02936	0.00818	0.01040	0.00895	0.00667	0.17210	0.01463	0.02193	0.15991	0.02214	0.01950	0.02854	0.14294	0.00285	0.00578	0.00597	0.25708	0.00609
1	0.00928	0.00547	0.00731	0.00783	0.00875	0.00504	0.00551	0.01043	0.01136	0.11732	0.07597	0.58697	0.03277	0.03996	0.00771	0.02119	0.00348	0.03335	0.00523	0.00506
2	0.00880	0.04977	0.00908	0.00796	0.00884	0.00697	0.00601	0.00957	0.00894	0.01269	0.05633	0.02132	0.01469	0.08065	0.39521	0.21834	0.02355	0.00571	0.05126	0.00429
3	0.01871	0.01427	0.01523	0.01214	0.01614	0.01596	0.00987	0.55147	0.23367	0.03111	0.01565	0.01513	0.01135	0.00678	0.00548	0.00170	0.00552	0.00526	0.00548	0.00909
4	0.02072	0.01527	0.01636	0.01254	0.01691	0.01691	0.01036	0.75622	0.02563	0.03436	0.01309	0.01309	0.00927	0.00654	0.00545	0.00164	0.00600	0.00491	0.00545	0.00927
5	0.73134	0.01264	0.09583	0.00852	0.01247	0.01232	0.02651	0.01620	0.00962	0.02347	0.00793	0.00930	0.00608	0.00506	0.00366	0.00170	0.00478	0.00316	0.00324	0.00618
6	0.01030	0.00969	0.01635	0.79530	0.03755	0.01211	0.01514	0.01393	0.01090	0.01393	0.00969	0.01453	0.00727	0.00545	0.00545	0.00182	0.00727	0.00484	0.00242	0.00606
7	0.01108	0.01055	0.01797	0.58526	0.18593	0.01219	0.04377	0.01463	0.01130	0.01498	0.00986	0.01423	0.00761	0.00525	0.00543	0.00174	0.00708	0.00486	0.00252	0.03378
8	0.00763	0.00557	0.00717	0.00677	0.00809	0.00511	0.00508	0.01013	0.01523	0.02139	0.72427	0.04150	0.09898	0.01132	0.00643	0.00172	0.00258	0.00997	0.00594	0.00511
9	0.06709	0.00798	0.00849	0.00740	0.00964	0.00832	0.00582	0.17828	0.01510	0.06694	0.10026	0.04191	0.01715	0.00716	0.00462	0.00148	0.00356	0.00575	0.43676	0.00629
10	0.01491	0.00975	0.01179	0.00861	0.01329	0.00773	0.00696	0.03824	0.01280	0.21076	0.01278	0.01319	0.00948	0.00480	0.00444	0.00105	0.00425	0.00385	0.00418	0.60713
11	0.02434	0.00948	0.01277	0.00979	0.01402	0.00831	0.00809	0.05073	0.01594	0.75354	0.02123	0.01837	0.01336	0.00674	0.00548	0.00169	0.00468	0.00546	0.00670	0.00928
12	0.00664	0.00474	0.00633	0.00759	0.00791	0.00443	0.00506	0.00759	0.01044	0.01392	0.03005	0.80485	0.03606	0.01708	0.00696	0.00221	0.00316	0.01550	0.00506	0.00443
13	0.79998	0.01047	0.00828	0.00731	0.01074	0.01199	0.00602	0.01663	0.00964	0.06747	0.00839	0.00941	0.00634	0.00516	0.00349	0.00169	0.00424	0.00310	0.00357	0.00610
14	0.00661	0.00486	0.00621	0.00729	0.00783	0.00445	0.00493	0.00763	0.01073	0.01404	0.03372	0.69508	0.14345	0.01660	0.00688	0.00216	0.00310	0.01492	0.00506	0.00445
15	0.07591	0.01218	0.01409	0.01087	0.01510	0.01246	0.00898	0.36876	0.01991	0.37988	0.01665	0.01536	0.01102	0.00654	0.00533	0.00166	0.00525	0.00505	0.00592	0.00906
16	0.00947	0.00473	0.00710	0.00710	0.00710	0.00473	0.00473	0.00710	0.00710	0.00947	0.00947	0.01657	0.00947	0.01894	0.02131	0.84138	0.00473	0.00473	0.00237	0.00237
17	0.07697	0.00962	0.01241	0.00967	0.01377	0.00878	0.00796	0.04072	0.05813	0.67132	0.02048	0.01792	0.01310	0.00667	0.00535	0.00170	0.00462	0.00535	0.00643	0.00902
18	0.01951	0.02322	0.01569	0.01390	0.01659	0.61358	0.01066	0.10773	0.01590	0.01581	0.00884	0.01044	0.00730	0.00615	0.00636	0.00154	0.09328	0.00381	0.00308	0.00663
19	0.01016	0.00508	0.00508	0.00508	0.00635	0.00508	0.00381	0.01270	0.01143	0.02033	0.01778	0.02033	0.01397	0.00635	0.00381	0.00127	0.00254	0.00508	0.83867	0.00508
20	0.00754	0.00557	0.00704	0.00667	0.00803	0.00507	0.00500	0.00994	0.01501	0.02086	0.67076	0.04238	0.15283	0.01152	0.00643	0.00173	0.00260	0.01009	0.00587	0.00507
21	0.02037	0.02598	0.01545	0.01404	0.01685	0.78652	0.01053	0.02177	0.01545	0.01334	0.00843	0.00983	0.00702	0.00562	0.00492	0.00140	0.00983	0.00351	0.00281	0.00632
22	0.01732	0.01329	0.01431	0.01165	0.01533	0.01482	0.00944	0.45953	0.25737	0.02944	0.06543	0.01842	0.01490	0.00733	0.00560	0.00173	0.00522	0.02468	0.00551	0.00869
23	0.01030	0.00969	0.01635	0.79530	0.03755	0.01211	0.01514	0.01393	0.01090	0.01393	0.00969	0.01453	0.00727	0.00545	0.00545	0.00182	0.00727	0.00484	0.00242	0.00606
24	0.00690	0.00491	0.00636	0.00727	0.00768	0.00461	0.00484	0.00791	0.01070	0.01435	0.10488	0.61627	0.05368	0.11116	0.00938	0.00252	0.00335	0.01392	0.00495	0.00437
25	0.00793	0.00529	0.00595	0.00595	0.00595	0.00529	0.00330	0.00793	0.00793	0.01057	0.01718	0.03568	0.01982	0.80840	0.02775	0.00529	0.00529	0.00793	0.00330	0.00330
26	0.00676	0.00495	0.00639	0.00750	0.00807	0.00458	0.00520	0.00787	0.01083	0.01418	0.03315	0.65926	0.12869	0.01653	0.00693	0.00219	0.00324	0.06413	0.00506	0.00449
27	0.01954	0.01400	0.01521	0.01196	0.01598	0.01542	0.00976	0.57312	0.13670	0.08197	0.01493	0.01467	0.01068	0.00707	0.00596	0.02785	0.00561	0.00513	0.00546	0.00896
28	0.01049	0.00978	0.01642	0.68107	0.10158	0.01184	0.01491	0.01402	0.01113	0.01442	0.01087	0.01722	0.00881	0.00597	0.00557	0.00184	0.00706	0.04817	0.00260	0.00622
29	0.03407	0.15666	0.11862	0.01318	0.02887	0.16885	0.04137	0.16792	0.06355	0.01934	0.03223	0.01272	0.00952	0.00675	0.01827	0.00173	0.09112	0.00441	0.00343	0.00739
30	0.01277	0.19024	0.37254	0.01262	0.03608	0.02995	0.01380	0.01682	0.01224	0.09206	0.10013	0.01562	0.01323	0.00796	0.04960	0.00199	0.00697	0.00473	0.00324	0.00740
31	0.10992	0.22585	0.37666	0.01271	0.01866	0.04198	0.03674	0.06466	0.01234	0.01806	0.03031	0.01144	0.00825	0.00528	0.00462	0.00156	0.00685	0.00389	0.00277	0.00745
32	0.16722	0.00966	0.01090	0.12720	0.02956	0.01056	0.00808	0.17756	0.04771	0.02170	0.09588	0.02527	0.18305	0.03511	0.02614	0.00204	0.00493	0.00667	0.00439	0.00637

[dist]
# distance from previous block
# <min> <max>
1	29

[block]
# block no. 5 follows, 44 sequences, length 31
# corresponding to MSA columns:
# 451-466,470-484
name=unknown_F
#
# <colnr> <probs for GDERKNQSTAVLIFYWHMCP>
#	G	D	E	R	K	N	Q	S	T	A	V	L	I	F	Y	W	H	M	C	P
0	0.04643	0.04259	0.01795	0.28058	0.05451	0.01201	0.16475	0.07261	0.04042	0.01791	0.07156	0.06583	0.03494	0.00687	0.00594	0.00179	0.02528	0.00630	0.02518	0.00657
1	0.01603	0.01184	0.01351	0.05679	0.07900	0.05843	0.00953	0.05996	0.37631	0.17905	0.06546	0.01935	0.01601	0.00702	0.00553	0.00175	0.00503	0.00585	0.00524	0.00830
2	0.01091	0.01035	0.01769	0.47189	0.11475	0.01200	0.09110	0.01456	0.02661	0.01515	0.01227	0.01998	0.01058	0.00673	0.00656	0.00191	0.05543	0.09227	0.00286	0.00641
3	0.01030	0.00969	0.01635	0.79530	0.03755	0.01211	0.01514	0.01393	0.01090	0.01393	0.00969	0.01453	0.00727	0.00545	0.00545	0.00182	0.00727	0.00484	0.00242	0.00606
4	0.01155	0.01104	0.05065	0.33770	0.14468	0.01185	0.02792	0.06496	0.05762	0.01609	0.01158	0.01687	0.00979	0.09394	0.02912	0.03442	0.05549	0.00528	0.00297	0.00649
5	0.00745	0.00542	0.00702	0.00801	0.00882	0.00515	0.00606	0.00891	0.01121	0.01456	0.03191	0.38571	0.13135	0.08349	0.00886	0.00253	0.00392	0.26017	0.00490	0.00456
6	0.01273	0.11250	0.06305	0.13130	0.10639	0.01506	0.05068	0.08340	0.01174	0.01629	0.00998	0.01465	0.00877	0.00837	0.03811	0.00216	0.27124	0.03389	0.00284	0.00684
7	0.00746	0.00550	0.00698	0.00683	0.00809	0.00502	0.00508	0.00970	0.01444	0.01995	0.58093	0.12137	0.14705	0.01221	0.00651	0.00180	0.00272	0.02761	0.00575	0.00499
8	0.01003	0.00605	0.00796	0.00729	0.00894	0.00550	0.00553	0.01240	0.01506	0.13008	0.59827	0.08907	0.06052	0.01097	0.00633	0.00175	0.00291	0.00964	0.00603	0.00568
9	0.00793	0.00529	0.00595	0.00595	0.00595	0.00529	0.00330	0.00793	0.00793	0.01057	0.01718	0.03568	0.01982	0.80840	0.02775	0.00529	0.00529	0.00793	0.00330	0.00330
10	0.05676	0.01014	0.01297	0.00998	0.01419	0.00939	0.00825	0.12502	0.01671	0.64732	0.01981	0.01743	0.01262	0.00665	0.00539	0.00168	0.00481	0.00530	0.00644	0.00914
11	0.01130	0.00969	0.01130	0.00807	0.01292	0.00727	0.00646	0.01373	0.01130	0.01776	0.00969	0.01130	0.00807	0.00404	0.00404	0.00081	0.00404	0.00323	0.00323	0.84173
12	0.01151	0.01131	0.01590	0.01375	0.01385	0.01570	0.01141	0.01278	0.00839	0.01307	0.00791	0.01289	0.00781	0.01271	0.09552	0.00303	0.71929	0.00488	0.00244	0.00585
13	0.00663	0.00478	0.00629	0.00750	0.00788	0.00444	0.00502	0.00760	0.01052	0.01395	0.03110	0.77349	0.06674	0.01694	0.00694	0.00220	0.00315	0.01533	0.00506	0.00444
14	0.01248	0.00965	0.01143	0.00822	0.01301	0.00733	0.00660	0.01488	0.01169	0.08577	0.01075	0.01195	0.00856	0.00428	0.00417	0.00089	0.00409	0.00343	0.00354	0.76728
15	0.08649	0.17041	0.19479	0.01330	0.07358	0.01357	0.03908	0.03051	0.04122	0.05263	0.02422	0.01341	0.00941	0.00977	0.09665	0.00244	0.07279	0.00437	0.00304	0.04831
16	0.05120	0.01378	0.04503	0.10176	0.01817	0.03615	0.01037	0.40900	0.08915	0.10485	0.01416	0.01480	0.01021	0.01936	0.00566	0.00173	0.00583	0.00498	0.03550	0.00833
17	0.01848	0.01309	0.01446	0.01152	0.01522	0.01434	0.00938	0.55631	0.05182	0.07685	0.01525	0.06300	0.01194	0.01012	0.07128	0.00227	0.00632	0.00572	0.02415	0.00848
18	0.01174	0.00601	0.00629	0.00586	0.00751	0.00604	0.00450	0.06270	0.01263	0.06759	0.01770	0.01974	0.01363	0.00639	0.00402	0.00132	0.00290	0.00509	0.73271	0.00561
19	0.01114	0.05783	0.67975	0.04409	0.02362	0.01314	0.04092	0.01700	0.01143	0.01686	0.00966	0.01162	0.00697	0.00527	0.00550	0.00173	0.02920	0.00410	0.00232	0.00786
20	0.00789	0.00532	0.00618	0.00621	0.00630	0.00539	0.00363	0.00807	0.00805	0.01081	0.01726	0.05166	0.01968	0.72887	0.08851	0.00550	0.00599	0.00793	0.00331	0.00345
21	0.00875	0.00844	0.08904	0.00917	0.03676	0.00653	0.00758	0.01196	0.03344	0.03453	0.52401	0.08065	0.04104	0.01081	0.00635	0.00181	0.00362	0.07445	0.00536	0.00568
22	0.00654	0.00553	0.00566	0.00563	0.00742	0.00464	0.00422	0.00801	0.01266	0.01528	0.11022	0.05157	0.71685	0.01360	0.00644	0.00183	0.00275	0.01138	0.00513	0.00464
23	0.01235	0.01098	0.01312	0.16444	0.07751	0.04192	0.00999	0.06079	0.35140	0.01980	0.06083	0.07476	0.06283	0.00796	0.00569	0.00181	0.00510	0.00680	0.00457	0.00735
24	0.09371	0.01084	0.03381	0.54717	0.07660	0.01238	0.01361	0.06172	0.03944	0.01703	0.01019	0.01385	0.00771	0.00546	0.00519	0.00174	0.00664	0.00464	0.00286	0.03541
25	0.01158	0.14863	0.57980	0.01467	0.03817	0.01410	0.01748	0.01702	0.02794	0.01643	0.00974	0.01157	0.00735	0.00617	0.02411	0.00183	0.03927	0.00399	0.00241	0.00776
26	0.76565	0.01078	0.00939	0.00973	0.08502	0.01230	0.00696	0.01609	0.00958	0.02381	0.00785	0.00931	0.00617	0.00504	0.00357	0.00168	0.00444	0.00314	0.00331	0.00617
27	0.00735	0.00553	0.00680	0.00655	0.00794	0.00498	0.00489	0.00956	0.01448	0.01976	0.56224	0.07171	0.23411	0.01204	0.00645	0.00177	0.00264	0.01048	0.00573	0.00498
28	0.00901	0.00605	0.00708	0.03790	0.00837	0.00618	0.00468	0.05403	0.01049	0.01475	0.07896	0.08548	0.02188	0.47952	0.01858	0.00381	0.00466	0.02730	0.11698	0.00428
29	0.75153	0.01115	0.03531	0.00829	0.03146	0.01204	0.00680	0.01666	0.00978	0.06469	0.00849	0.00959	0.00642	0.00515	0.00360	0.00169	0.00443	0.00318	0.00350	0.00623
30	0.00747	0.00544	0.00698	0.00685	0.00799	0.00500	0.00501	0.00964	0.01426	0.01985	0.58865	0.15571	0.09918	0.03477	0.00711	0.00190	0.00275	0.01076	0.00572	0.00495

[dist]
# distance from previous block
# <min> <max>
0	97

# created by:
# /st0/software/busco_prod/Augustus/scripts/msa2prfl.pl ./align_prep/168441.fa
