[name]
unknown

[dist]
# distance from previous block
# <min> <max>
252	503

[block]
# block no. 0 follows, 44 sequences, length 10
# corresponding to MSA columns:
# 1050-1059
name=unknown_A
#
# <colnr> <probs for GDERKNQSTAVLIFYWHMCP>
#	G	D	E	R	K	N	Q	S	T	A	V	L	I	F	Y	W	H	M	C	P
0	0.01825	0.01322	0.01451	0.01131	0.01541	0.01406	0.00923	0.48717	0.10982	0.08135	0.05563	0.01560	0.01258	0.00660	0.00534	0.00157	0.00528	0.00516	0.00531	0.11262
1	0.06212	0.01137	0.01438	0.01302	0.09212	0.01148	0.04048	0.15759	0.15888	0.23803	0.02924	0.01693	0.01253	0.03187	0.00600	0.00174	0.00511	0.00529	0.00506	0.08676
2	0.04828	0.01104	0.01369	0.01029	0.01479	0.01009	0.06048	0.12601	0.09093	0.13258	0.01321	0.01370	0.00985	0.00522	0.00475	0.00127	0.00481	0.00432	0.00428	0.42040
3	0.01399	0.00938	0.01091	0.00970	0.01219	0.00983	0.00747	0.18767	0.17547	0.12913	0.10325	0.26233	0.02424	0.01050	0.00605	0.00188	0.00421	0.00905	0.00559	0.00720
4	0.00907	0.00629	0.00712	0.00680	0.00742	0.00637	0.00432	0.08443	0.01062	0.01421	0.07259	0.09411	0.04916	0.58013	0.02158	0.00430	0.00491	0.00847	0.00391	0.00418
5	0.02078	0.01364	0.01516	0.01179	0.01600	0.01468	0.00969	0.52763	0.09892	0.19055	0.01580	0.01499	0.01092	0.00667	0.00547	0.00167	0.00554	0.00516	0.00574	0.00921
6	0.05122	0.01185	0.01256	0.01055	0.01377	0.01312	0.00836	0.32752	0.27099	0.02612	0.04942	0.05242	0.07734	0.04178	0.00651	0.00191	0.00481	0.00653	0.00528	0.00792
7	0.01393	0.00858	0.01106	0.00920	0.01200	0.00823	0.03130	0.10330	0.06931	0.19636	0.35726	0.02906	0.03046	0.00882	0.00593	0.00169	0.00397	0.03490	0.00576	0.05889
8	0.05311	0.01124	0.01287	0.01107	0.03813	0.01185	0.00853	0.19336	0.25442	0.20258	0.07137	0.01907	0.01570	0.03122	0.00609	0.00180	0.00474	0.00573	0.00550	0.04163
9	0.01512	0.01092	0.01186	0.01046	0.01343	0.03587	0.00814	0.07628	0.43974	0.15346	0.05194	0.11253	0.01896	0.00846	0.00571	0.00183	0.00446	0.00712	0.00562	0.00808

[dist]
# distance from previous block
# <min> <max>
82	200

[block]
# block no. 1 follows, 44 sequences, length 6
# corresponding to MSA columns:
# 1325-1330
name=unknown_B
#
# <colnr> <probs for GDERKNQSTAVLIFYWHMCP>
#	G	D	E	R	K	N	Q	S	T	A	V	L	I	F	Y	W	H	M	C	P
0	0.06164	0.01424	0.01521	0.01193	0.01607	0.01575	0.00978	0.58440	0.12027	0.07315	0.01446	0.01412	0.01029	0.00659	0.00536	0.00167	0.00562	0.00500	0.00543	0.00902
1	0.01746	0.01318	0.01427	0.01144	0.01512	0.01456	0.00927	0.50758	0.16777	0.03032	0.12395	0.01847	0.01677	0.00737	0.00561	0.00169	0.00518	0.00586	0.00555	0.00855
2	0.08853	0.01290	0.01376	0.01097	0.01484	0.01404	0.00895	0.45364	0.12122	0.10698	0.01850	0.01781	0.07895	0.00721	0.00538	0.00169	0.00519	0.00556	0.00539	0.00848
3	0.72622	0.00987	0.00812	0.00740	0.01043	0.01145	0.00604	0.01512	0.00920	0.02276	0.00860	0.01066	0.00702	0.01021	0.11606	0.00270	0.00571	0.00337	0.00331	0.00576
4	0.01353	0.01055	0.01160	0.00991	0.01321	0.01107	0.00777	0.08841	0.40528	0.07284	0.04549	0.05727	0.07129	0.00773	0.00543	0.00165	0.00422	0.00644	0.00518	0.15112
5	0.01660	0.01257	0.01341	0.01127	0.01466	0.03977	0.00908	0.31566	0.27890	0.07918	0.07711	0.02156	0.01695	0.00780	0.00570	0.00178	0.00511	0.05907	0.00550	0.00832

[dist]
# distance from previous block
# <min> <max>
2	12

[block]
# block no. 2 follows, 44 sequences, length 155
# corresponding to MSA columns:
# 1343-1497
name=unknown_C
#
# <colnr> <probs for GDERKNQSTAVLIFYWHMCP>
#	G	D	E	R	K	N	Q	S	T	A	V	L	I	F	Y	W	H	M	C	P
0	0.01324	0.00847	0.01088	0.00905	0.01190	0.00805	0.03484	0.05418	0.12147	0.18119	0.31962	0.04466	0.05334	0.00867	0.00581	0.00165	0.00385	0.00750	0.00560	0.09602
1	0.01920	0.01188	0.01364	0.01086	0.01476	0.01234	0.00880	0.30959	0.16520	0.25687	0.03329	0.04285	0.01368	0.00707	0.00547	0.00167	0.00498	0.00568	0.00574	0.05643
2	0.08778	0.01258	0.01955	0.05886	0.02025	0.01277	0.26067	0.13073	0.09891	0.08756	0.01282	0.01437	0.00949	0.00560	0.00590	0.00167	0.03628	0.00522	0.00391	0.11507
3	0.01850	0.01006	0.01213	0.01004	0.01354	0.01016	0.00804	0.06066	0.28966	0.38536	0.10191	0.02133	0.01852	0.00745	0.00561	0.00175	0.00436	0.00617	0.00617	0.00860
4	0.01168	0.00968	0.01134	0.00812	0.01295	0.00729	0.00650	0.01409	0.01143	0.03932	0.01002	0.01151	0.00823	0.00411	0.00408	0.00083	0.00405	0.00329	0.00333	0.81813
5	0.01367	0.01328	0.02196	0.03297	0.75532	0.03243	0.01658	0.01686	0.01249	0.01770	0.01021	0.01340	0.00859	0.00488	0.00539	0.00161	0.00656	0.00482	0.00270	0.00858
6	0.00700	0.00509	0.00671	0.00772	0.00834	0.00467	0.00530	0.00810	0.01058	0.01424	0.02885	0.72812	0.03428	0.01626	0.00682	0.00215	0.00329	0.04584	0.00496	0.05171
7	0.01130	0.00969	0.01130	0.00807	0.01292	0.00727	0.00646	0.01373	0.01130	0.01776	0.00969	0.01130	0.00807	0.00404	0.00404	0.00081	0.00404	0.00323	0.00323	0.84173
8	0.02072	0.01527	0.01636	0.01254	0.01691	0.01691	0.01036	0.75622	0.02563	0.03436	0.01309	0.01309	0.00927	0.00654	0.00545	0.00164	0.00600	0.00491	0.00545	0.00927
9	0.01093	0.02820	0.78016	0.01554	0.02360	0.01266	0.02014	0.01727	0.01151	0.01727	0.00978	0.01151	0.00691	0.00518	0.00518	0.00173	0.00806	0.00403	0.00230	0.00806
10	0.00645	0.00549	0.00556	0.00561	0.00739	0.00459	0.00418	0.00781	0.01234	0.01469	0.05412	0.08562	0.73974	0.01395	0.00647	0.00186	0.00278	0.01168	0.00506	0.00459
11	0.01310	0.01058	0.01125	0.01002	0.01280	0.04014	0.00777	0.02368	0.48726	0.07294	0.19830	0.02438	0.02404	0.00807	0.00568	0.00176	0.00412	0.00681	0.00557	0.03171
12	0.84691	0.01054	0.00801	0.00717	0.01054	0.01223	0.00590	0.01603	0.00928	0.02446	0.00759	0.00886	0.00590	0.00506	0.00337	0.00169	0.00422	0.00295	0.00337	0.00590
13	0.01329	0.01274	0.02176	0.08219	0.72727	0.01290	0.01663	0.01655	0.01232	0.01756	0.01022	0.01356	0.00855	0.00490	0.00540	0.00163	0.00653	0.00486	0.00268	0.00847
14	0.01484	0.01256	0.01270	0.01109	0.01425	0.05185	0.00870	0.15471	0.54210	0.02421	0.03712	0.01902	0.01555	0.00719	0.00543	0.00176	0.00475	0.00584	0.04795	0.00836
15	0.00847	0.00575	0.00750	0.00696	0.00840	0.00527	0.00526	0.01099	0.01537	0.05715	0.71969	0.03996	0.06643	0.01100	0.00639	0.00172	0.00267	0.00969	0.00601	0.00533
16	0.03496	0.02769	0.75797	0.01530	0.02322	0.01265	0.01973	0.01723	0.01145	0.01747	0.00972	0.01143	0.00688	0.00518	0.00513	0.00173	0.00795	0.00400	0.00233	0.00800
17	0.01103	0.02753	0.74306	0.01591	0.02384	0.01272	0.05657	0.01728	0.01158	0.01728	0.00985	0.01167	0.00697	0.00515	0.00524	0.00173	0.00811	0.00415	0.00232	0.00802
18	0.00644	0.00552	0.00552	0.00552	0.00736	0.00460	0.00414	0.00782	0.01243	0.01473	0.05523	0.05247	0.77218	0.01381	0.00644	0.00184	0.00276	0.01151	0.00506	0.00460
19	0.00648	0.00549	0.00560	0.00565	0.00741	0.00461	0.00421	0.00787	0.01241	0.01486	0.07074	0.08661	0.72174	0.01389	0.00647	0.00186	0.00278	0.01165	0.00508	0.00461
20	0.01290	0.01235	0.02105	0.17513	0.63737	0.01280	0.01644	0.01621	0.01213	0.01709	0.01015	0.01369	0.00838	0.00497	0.00541	0.00166	0.00662	0.00486	0.00265	0.00816
21	0.01223	0.30654	0.51315	0.01333	0.02018	0.01583	0.01630	0.01693	0.01136	0.01569	0.00900	0.01053	0.00694	0.00500	0.00458	0.00153	0.00727	0.00363	0.00231	0.00768
22	0.00947	0.00473	0.00710	0.00710	0.00710	0.00473	0.00473	0.00710	0.00710	0.00947	0.00947	0.01657	0.00947	0.01894	0.02131	0.84138	0.00473	0.00473	0.00237	0.00237
23	0.01998	0.02518	0.01527	0.01388	0.01670	0.74289	0.01043	0.02218	0.05773	0.01388	0.00920	0.01042	0.00757	0.00572	0.00495	0.00143	0.00952	0.00366	0.00296	0.00645
24	0.02028	0.01397	0.01395	0.01146	0.01497	0.15575	0.00918	0.16337	0.13107	0.32123	0.03209	0.01625	0.01239	0.00685	0.00610	0.00169	0.05057	0.00516	0.00533	0.00836
25	0.05363	0.02730	0.74072	0.01511	0.02293	0.01264	0.01942	0.01720	0.01140	0.01763	0.00967	0.01137	0.00685	0.00517	0.00509	0.00172	0.00786	0.00397	0.00236	0.00795
26	0.00664	0.00474	0.00633	0.00759	0.00791	0.00443	0.00506	0.00759	0.01044	0.01392	0.03005	0.80485	0.03606	0.01708	0.00696	0.00221	0.00316	0.01550	0.00506	0.00443
27	0.01283	0.01500	0.04846	0.02282	0.02839	0.01376	0.73860	0.01746	0.01284	0.01746	0.01100	0.01464	0.00824	0.00461	0.00641	0.00184	0.00917	0.00638	0.00275	0.00737
28	0.01168	0.17410	0.62149	0.01427	0.02158	0.01435	0.01785	0.01737	0.02940	0.01657	0.00967	0.01120	0.00716	0.00514	0.00487	0.00162	0.00755	0.00387	0.00239	0.00787
29	0.01030	0.00969	0.01635	0.79530	0.03755	0.01211	0.01514	0.01393	0.01090	0.01393	0.00969	0.01453	0.00727	0.00545	0.00545	0.00182	0.00727	0.00484	0.00242	0.00606
30	0.01356	0.01171	0.01233	0.01109	0.01418	0.01356	0.00863	0.02897	0.76455	0.02281	0.02219	0.02034	0.01664	0.00740	0.00555	0.00185	0.00431	0.00616	0.00555	0.00863
31	0.42893	0.01038	0.01080	0.00922	0.03071	0.01084	0.00733	0.06238	0.03040	0.32901	0.01392	0.01339	0.00947	0.00587	0.00444	0.00169	0.00454	0.00420	0.00489	0.00758
32	0.01309	0.01254	0.02141	0.12885	0.68213	0.01285	0.01653	0.01638	0.01222	0.01732	0.01018	0.01362	0.00846	0.00493	0.00540	0.00164	0.00658	0.00486	0.00266	0.00831
33	0.00793	0.00529	0.00595	0.00595	0.00595	0.00529	0.00330	0.00793	0.00793	0.01057	0.01718	0.03568	0.01982	0.80840	0.02775	0.00529	0.00529	0.00793	0.00330	0.00330
34	0.01055	0.01018	0.01791	0.71922	0.03666	0.01228	0.08799	0.01428	0.01109	0.01428	0.00982	0.01455	0.00737	0.00537	0.00555	0.00182	0.00746	0.00500	0.00246	0.00618
35	0.01381	0.01355	0.02182	0.03257	0.73974	0.04834	0.01645	0.01696	0.01255	0.01761	0.01017	0.01333	0.00856	0.00489	0.00538	0.00161	0.00663	0.00480	0.00270	0.00853
36	0.01267	0.01413	0.02897	0.02119	0.02556	0.01439	0.60104	0.01657	0.01193	0.01657	0.01023	0.01413	0.00804	0.00562	0.00880	0.00195	0.17237	0.00609	0.00268	0.00707
37	0.02446	0.00928	0.01265	0.00970	0.01392	0.00801	0.00801	0.02657	0.01560	0.77817	0.02151	0.01856	0.01350	0.00675	0.00548	0.00169	0.00464	0.00548	0.00675	0.00928
38	0.04397	0.01781	0.05664	0.01215	0.01539	0.30789	0.00981	0.04730	0.31722	0.04586	0.01588	0.01577	0.02909	0.00663	0.00540	0.00165	0.01979	0.00494	0.01934	0.00747
39	0.02233	0.01007	0.04746	0.00984	0.01400	0.00832	0.00842	0.05229	0.01578	0.65324	0.08224	0.01985	0.01615	0.00703	0.00555	0.00169	0.00468	0.00575	0.00643	0.00888
40	0.00658	0.00550	0.00575	0.00581	0.00752	0.00466	0.00435	0.00804	0.01252	0.01519	0.10156	0.09431	0.66852	0.01384	0.00649	0.00187	0.00281	0.02494	0.00512	0.00464
41	0.08994	0.01029	0.01285	0.00993	0.01410	0.00971	0.00820	0.13711	0.01663	0.60409	0.01911	0.01694	0.01224	0.00658	0.00531	0.00168	0.00481	0.00519	0.00628	0.00901
42	0.04293	0.13594	0.64708	0.01436	0.02178	0.01388	0.01811	0.01709	0.01137	0.01692	0.00940	0.01103	0.00688	0.00510	0.00488	0.00165	0.00760	0.00383	0.00235	0.00783
43	0.00947	0.00473	0.00710	0.00710	0.00710	0.00473	0.00473	0.00710	0.00710	0.00947	0.00947	0.01657	0.00947	0.01894	0.02131	0.84138	0.00473	0.00473	0.00237	0.00237
44	0.01458	0.81168	0.02857	0.00933	0.01399	0.02157	0.00933	0.01632	0.01108	0.01283	0.00758	0.00875	0.00700	0.00466	0.00350	0.00117	0.00583	0.00292	0.00233	0.00700
45	0.01163	0.01105	0.01876	0.47750	0.34492	0.01246	0.01580	0.01510	0.01153	0.01555	0.00993	0.01410	0.00784	0.00520	0.00543	0.00173	0.00694	0.00485	0.00254	0.00713
46	0.01032	0.00953	0.01604	0.74482	0.05011	0.01179	0.01469	0.01367	0.01076	0.01380	0.00969	0.01461	0.00739	0.00606	0.00617	0.04022	0.00714	0.00484	0.00243	0.00594
47	0.00644	0.00552	0.00552	0.00552	0.00736	0.00460	0.00414	0.00782	0.01243	0.01473	0.05523	0.05247	0.77218	0.01381	0.00644	0.00184	0.00276	0.01151	0.00506	0.00460
48	0.00669	0.00483	0.00634	0.00754	0.00796	0.00448	0.00510	0.00770	0.01060	0.01402	0.03144	0.74355	0.07749	0.01684	0.00694	0.00220	0.00319	0.03357	0.00506	0.00445
49	0.05995	0.01432	0.02869	0.02091	0.02560	0.02625	0.61162	0.01693	0.01216	0.01727	0.01033	0.01397	0.00799	0.00523	0.00761	0.00189	0.10346	0.00599	0.00275	0.00709
50	0.02037	0.02598	0.01545	0.01404	0.01685	0.78652	0.01053	0.02177	0.01545	0.01334	0.00843	0.00983	0.00702	0.00562	0.00492	0.00140	0.00983	0.00351	0.00281	0.00632
51	0.01030	0.00969	0.01635	0.79530	0.03755	0.01211	0.01514	0.01393	0.01090	0.01393	0.00969	0.01453	0.00727	0.00545	0.00545	0.00182	0.00727	0.00484	0.00242	0.00606
52	0.01653	0.52373	0.02369	0.01098	0.01497	0.28270	0.00972	0.01849	0.03097	0.01325	0.00823	0.00940	0.00724	0.00506	0.00403	0.00126	0.00716	0.00320	0.00257	0.00681
53	0.00777	0.00560	0.00697	0.00667	0.00809	0.00505	0.00498	0.00997	0.01448	0.03787	0.55134	0.08595	0.21109	0.01197	0.00644	0.00177	0.00270	0.01044	0.00576	0.00508
54	0.00664	0.00474	0.00633	0.00759	0.00791	0.00443	0.00506	0.00759	0.01044	0.01392	0.03005	0.80485	0.03606	0.01708	0.00696	0.00221	0.00316	0.01550	0.00506	0.00443
55	0.00656	0.00508	0.00598	0.00670	0.00767	0.00450	0.00466	0.00769	0.01130	0.01427	0.04092	0.48001	0.35387	0.01567	0.00674	0.00205	0.00299	0.01377	0.00506	0.00450
56	0.01107	0.01015	0.01667	0.59760	0.14855	0.01205	0.01458	0.02845	0.03963	0.01504	0.01030	0.01466	0.00797	0.00607	0.00617	0.04019	0.00689	0.00489	0.00264	0.00644
57	0.00664	0.00474	0.00633	0.00759	0.00791	0.00443	0.00506	0.00759	0.01044	0.01392	0.03005	0.80485	0.03606	0.01708	0.00696	0.00221	0.00316	0.01550	0.00506	0.00443
58	0.01093	0.02820	0.78016	0.01554	0.02360	0.01266	0.02014	0.01727	0.01151	0.01727	0.00978	0.01151	0.00691	0.00518	0.00518	0.00173	0.00806	0.00403	0.00230	0.00806
59	0.01594	0.00902	0.01047	0.00866	0.01189	0.00862	0.00695	0.14164	0.07672	0.29550	0.03327	0.03097	0.30813	0.00951	0.00586	0.00175	0.00411	0.00778	0.00578	0.00741
60	0.01112	0.06821	0.74177	0.01522	0.02311	0.01312	0.01959	0.01722	0.01149	0.01704	0.00967	0.01137	0.00691	0.00515	0.00509	0.00170	0.00794	0.00397	0.00230	0.00800
61	0.00773	0.00558	0.00732	0.00703	0.00828	0.00517	0.00531	0.01024	0.01513	0.02135	0.71299	0.06698	0.05001	0.01152	0.00650	0.00177	0.00270	0.04334	0.00593	0.00511
62	0.02446	0.00928	0.01265	0.00970	0.01392	0.00801	0.00801	0.02657	0.01560	0.77817	0.02151	0.01856	0.01350	0.00675	0.00548	0.00169	0.00464	0.00548	0.00675	0.00928
63	0.01407	0.01396	0.02102	0.03059	0.66864	0.07717	0.01576	0.01784	0.05512	0.01772	0.01078	0.01358	0.00895	0.00506	0.00537	0.00161	0.00663	0.00482	0.00287	0.00844
64	0.00772	0.00557	0.00729	0.00686	0.00814	0.00514	0.00514	0.01029	0.01543	0.02186	0.77152	0.04072	0.05144	0.01115	0.00643	0.00171	0.00257	0.00986	0.00600	0.00514
65	0.03933	0.00576	0.00731	0.00687	0.00824	0.00541	0.00517	0.01050	0.01520	0.02196	0.74274	0.03952	0.04972	0.01092	0.00631	0.00171	0.00263	0.00960	0.00590	0.00517
66	0.03048	0.04815	0.74266	0.01518	0.02304	0.01288	0.01953	0.01721	0.01145	0.01732	0.00968	0.01138	0.00689	0.00516	0.00509	0.00171	0.00791	0.00397	0.00233	0.00798
67	0.01404	0.01180	0.01269	0.03712	0.01510	0.01361	0.00893	0.06948	0.68502	0.03614	0.02125	0.01971	0.01586	0.00727	0.00554	0.00183	0.00451	0.00604	0.00546	0.00859
68	0.01287	0.01471	0.03217	0.02298	0.02849	0.01379	0.75460	0.01746	0.01287	0.01746	0.01103	0.01471	0.00827	0.00460	0.00643	0.00184	0.00919	0.00643	0.00276	0.00735
69	0.06743	0.04096	0.01395	0.01105	0.01446	0.03117	0.00899	0.15894	0.27125	0.22564	0.01727	0.01643	0.01239	0.00698	0.00640	0.00177	0.07601	0.00526	0.00526	0.00841
70	0.08797	0.01773	0.03457	0.01295	0.03586	0.24259	0.02419	0.38414	0.01955	0.02523	0.01220	0.01293	0.02614	0.00620	0.00510	0.00157	0.00692	0.00450	0.03188	0.00779
71	0.00667	0.00477	0.00635	0.00757	0.00791	0.00445	0.00506	0.00766	0.01057	0.01412	0.04931	0.78499	0.03646	0.01693	0.00694	0.00220	0.00315	0.01535	0.00509	0.00445
72	0.01079	0.02720	0.74610	0.01516	0.02291	0.01233	0.01948	0.01696	0.01168	0.01747	0.04335	0.01280	0.00887	0.00544	0.00523	0.00173	0.00782	0.00429	0.00247	0.00793
73	0.01052	0.00992	0.01676	0.74116	0.08992	0.01217	0.01525	0.01413	0.01101	0.01421	0.00973	0.01446	0.00736	0.00541	0.00545	0.00180	0.00721	0.00485	0.00244	0.00624
74	0.01284	0.01496	0.04819	0.02308	0.04728	0.01374	0.71993	0.01744	0.01283	0.01747	0.01098	0.01461	0.00825	0.00461	0.00638	0.00183	0.00910	0.00634	0.00275	0.00740
75	0.00664	0.00474	0.00633	0.00759	0.00791	0.00443	0.00506	0.00759	0.01044	0.01392	0.03005	0.80485	0.03606	0.01708	0.00696	0.00221	0.00316	0.01550	0.00506	0.00443
76	0.01101	0.04443	0.76459	0.01541	0.02340	0.01285	0.01992	0.01725	0.01150	0.01717	0.00974	0.01145	0.00691	0.00517	0.00514	0.00171	0.00801	0.00401	0.00230	0.00804
77	0.00664	0.00474	0.00633	0.00759	0.00791	0.00443	0.00506	0.00759	0.01044	0.01392	0.03005	0.80485	0.03606	0.01708	0.00696	0.00221	0.00316	0.01550	0.00506	0.00443
78	0.00647	0.00552	0.00556	0.00555	0.00738	0.00461	0.00416	0.00787	0.01249	0.01487	0.06928	0.05224	0.75804	0.01375	0.00644	0.00184	0.00276	0.01147	0.00508	0.00461
79	0.01101	0.04526	0.76379	0.01540	0.02339	0.01286	0.01991	0.01724	0.01150	0.01717	0.00974	0.01145	0.00691	0.00517	0.00514	0.00171	0.00801	0.00400	0.00230	0.00803
80	0.01356	0.01171	0.01233	0.01109	0.01418	0.01356	0.00863	0.02897	0.76455	0.02281	0.02219	0.02034	0.01664	0.00740	0.00555	0.00185	0.00431	0.00616	0.00555	0.00863
81	0.01193	0.01193	0.01670	0.01431	0.01431	0.01670	0.01193	0.01312	0.00835	0.01312	0.00716	0.01193	0.00716	0.00954	0.01789	0.00239	0.79843	0.00477	0.00239	0.00596
82	0.01287	0.01471	0.03217	0.02298	0.02849	0.01379	0.75460	0.01746	0.01287	0.01746	0.01103	0.01471	0.00827	0.00460	0.00643	0.00184	0.00919	0.00643	0.00276	0.00735
83	0.01264	0.06666	0.10178	0.08790	0.10335	0.01395	0.49843	0.01700	0.01241	0.01688	0.01050	0.01388	0.00801	0.00476	0.00594	0.00176	0.00843	0.00568	0.00265	0.00742
84	0.01093	0.02820	0.78016	0.01554	0.02360	0.01266	0.02014	0.01727	0.01151	0.01727	0.00978	0.01151	0.00691	0.00518	0.00518	0.00173	0.00806	0.00403	0.00230	0.00806
85	0.00772	0.00557	0.00729	0.00686	0.00814	0.00514	0.00514	0.01029	0.01543	0.02186	0.77152	0.04072	0.05144	0.01115	0.00643	0.00171	0.00257	0.00986	0.00600	0.00514
86	0.01437	0.76746	0.07099	0.00968	0.01453	0.02107	0.00994	0.01638	0.01110	0.01308	0.00770	0.00890	0.00699	0.00469	0.00359	0.00120	0.00596	0.00298	0.00233	0.00706
87	0.01359	0.01320	0.02187	0.04661	0.74380	0.03076	0.01656	0.01680	0.01246	0.01764	0.01020	0.01343	0.00857	0.00489	0.00539	0.00162	0.00657	0.00483	0.00270	0.00854
88	0.02403	0.00996	0.01308	0.01003	0.01426	0.00903	0.00828	0.11015	0.01675	0.69297	0.02054	0.01793	0.01301	0.00672	0.00548	0.00168	0.00479	0.00542	0.00660	0.00928
89	0.00666	0.00476	0.00635	0.00758	0.00791	0.00444	0.00506	0.00765	0.01054	0.01408	0.04501	0.78943	0.03637	0.01696	0.00695	0.00220	0.00315	0.01538	0.00508	0.00444
90	0.01213	0.01562	0.12454	0.02083	0.02625	0.01291	0.60285	0.01666	0.01250	0.01716	0.01237	0.07655	0.01029	0.00565	0.00632	0.00185	0.00857	0.00684	0.00288	0.00721
91	0.05617	0.01507	0.01600	0.01231	0.01663	0.01671	0.01017	0.72446	0.02493	0.03393	0.01285	0.01291	0.00913	0.00648	0.00536	0.00164	0.00592	0.00482	0.00536	0.00913
92	0.00820	0.00607	0.00797	0.00885	0.01023	0.00584	0.00753	0.01047	0.01270	0.01632	0.08152	0.05820	0.19564	0.01454	0.00722	0.00231	0.00437	0.53199	0.00509	0.00494
93	0.01093	0.02820	0.78016	0.01554	0.02360	0.01266	0.02014	0.01727	0.01151	0.01727	0.00978	0.01151	0.00691	0.00518	0.00518	0.00173	0.00806	0.00403	0.00230	0.00806
94	0.02567	0.06490	0.64775	0.01630	0.05154	0.01318	0.07192	0.01719	0.01158	0.01720	0.00974	0.01163	0.00706	0.00510	0.00516	0.00170	0.00790	0.00416	0.00237	0.00794
95	0.01103	0.04805	0.76112	0.01538	0.02335	0.01289	0.01987	0.01724	0.01150	0.01715	0.00973	0.01144	0.00691	0.00517	0.00514	0.00171	0.00800	0.00400	0.00230	0.00803
96	0.02446	0.00928	0.01265	0.00970	0.01392	0.00801	0.00801	0.02657	0.01560	0.77817	0.02151	0.01856	0.01350	0.00675	0.00548	0.00169	0.00464	0.00548	0.00675	0.00928
97	0.01113	0.06975	0.74030	0.01521	0.02309	0.01313	0.01957	0.01722	0.01149	0.01703	0.00967	0.01136	0.00691	0.00515	0.00509	0.00170	0.00794	0.00397	0.00230	0.00800
98	0.01056	0.00970	0.01624	0.66352	0.07626	0.01178	0.03116	0.01406	0.01102	0.01467	0.01029	0.01485	0.00785	0.00554	0.00558	0.00178	0.02168	0.00490	0.06242	0.00616
99	0.00678	0.00565	0.00595	0.00601	0.00774	0.00489	0.00452	0.00858	0.03002	0.01541	0.10068	0.09369	0.63970	0.01370	0.00649	0.00188	0.00288	0.03554	0.00514	0.00474
100	0.00793	0.00569	0.00802	0.00802	0.00881	0.00642	0.00596	0.00950	0.00871	0.01258	0.01528	0.02428	0.01491	0.19634	0.59568	0.00771	0.01214	0.00623	0.04123	0.00456
101	0.01394	0.01464	0.02300	0.08847	0.46729	0.10640	0.17224	0.01728	0.01276	0.01689	0.01015	0.01339	0.00826	0.00494	0.00556	0.00166	0.00752	0.00503	0.00270	0.00788
102	0.01458	0.73376	0.06111	0.01028	0.03105	0.04632	0.01001	0.01656	0.01127	0.01315	0.00776	0.00901	0.00703	0.00472	0.00366	0.00121	0.00607	0.00303	0.00235	0.00706
103	0.01093	0.02820	0.78016	0.01554	0.02360	0.01266	0.02014	0.01727	0.01151	0.01727	0.00978	0.01151	0.00691	0.00518	0.00518	0.00173	0.00806	0.00403	0.00230	0.00806
104	0.01051	0.00967	0.01613	0.64357	0.03301	0.01190	0.04657	0.01393	0.01086	0.01456	0.01026	0.01485	0.00786	0.00576	0.00618	0.00181	0.05941	0.00493	0.07219	0.00603
105	0.47752	0.00959	0.00977	0.00979	0.07746	0.01018	0.00697	0.01594	0.01128	0.10741	0.11538	0.05434	0.01486	0.00661	0.00442	0.00166	0.00417	0.00499	0.00413	0.05352
106	0.00918	0.00665	0.00817	0.00830	0.00946	0.00664	0.00596	0.13381	0.01380	0.01863	0.14690	0.54846	0.03404	0.01435	0.00662	0.00204	0.00354	0.01281	0.00528	0.00536
107	0.00662	0.00483	0.00624	0.00738	0.00785	0.00445	0.00496	0.00762	0.01065	0.01400	0.03268	0.72629	0.11292	0.01674	0.00690	0.00218	0.00312	0.01508	0.00506	0.00445
108	0.00734	0.00569	0.00816	0.13588	0.01286	0.00592	0.00684	0.00873	0.01047	0.01390	0.02629	0.66071	0.03081	0.01504	0.00693	0.00215	0.01944	0.01355	0.00458	0.00472
109	0.03219	0.40311	0.38240	0.01233	0.01852	0.03703	0.01438	0.01690	0.01135	0.01520	0.00864	0.01008	0.00693	0.00494	0.00433	0.00145	0.00695	0.00346	0.00235	0.00745
110	0.01458	0.81168	0.02857	0.00933	0.01399	0.02157	0.00933	0.01632	0.01108	0.01283	0.00758	0.00875	0.00700	0.00466	0.00350	0.00117	0.00583	0.00292	0.00233	0.00700
111	0.01160	0.11292	0.67685	0.01482	0.02236	0.03587	0.01870	0.01729	0.01158	0.01667	0.00951	0.01116	0.00692	0.00514	0.00499	0.00166	0.00787	0.00389	0.00232	0.00789
112	0.02374	0.00942	0.01264	0.00973	0.01386	0.00831	0.00802	0.05818	0.01604	0.72035	0.04597	0.01905	0.01457	0.00688	0.00551	0.00169	0.00463	0.00560	0.00667	0.00914
113	0.02365	0.00932	0.01254	0.00971	0.01382	0.00821	0.00799	0.02638	0.04986	0.72963	0.03541	0.01905	0.01434	0.00686	0.00550	0.00169	0.00459	0.00559	0.00668	0.00917
114	0.02041	0.01419	0.01547	0.01193	0.01605	0.01546	0.00977	0.64857	0.02377	0.10319	0.01409	0.01478	0.01022	0.04827	0.00662	0.00183	0.00583	0.00512	0.00546	0.00896
115	0.01562	0.01062	0.01202	0.01053	0.01371	0.01156	0.00833	0.02678	0.52276	0.19836	0.05660	0.02267	0.01815	0.00775	0.00566	0.00183	0.00434	0.03841	0.00582	0.00846
116	0.01030	0.00969	0.01635	0.79530	0.03755	0.01211	0.01514	0.01393	0.01090	0.01393	0.00969	0.01453	0.00727	0.00545	0.00545	0.00182	0.00727	0.00484	0.00242	0.00606
117	0.01458	0.81168	0.02857	0.00933	0.01399	0.02157	0.00933	0.01632	0.01108	0.01283	0.00758	0.00875	0.00700	0.00466	0.00350	0.00117	0.00583	0.00292	0.00233	0.00700
118	0.02043	0.01055	0.01286	0.01038	0.01418	0.01045	0.00849	0.16067	0.15082	0.44107	0.02144	0.02125	0.03579	0.00750	0.00563	0.00176	0.00480	0.04700	0.00615	0.00879
119	0.00879	0.00628	0.00879	0.01004	0.01130	0.00628	0.00879	0.01130	0.01255	0.01632	0.02887	0.06150	0.03138	0.01506	0.00753	0.00251	0.00502	0.73770	0.00502	0.00502
120	0.00781	0.00576	0.00834	0.00834	0.00917	0.00659	0.00629	0.00946	0.00864	0.01234	0.01499	0.02356	0.01456	0.15610	0.67286	0.00824	0.01320	0.00615	0.00298	0.00463
121	0.01124	0.09355	0.71746	0.01502	0.02279	0.01340	0.01924	0.01719	0.01147	0.01689	0.00960	0.01128	0.00691	0.00514	0.00504	0.00168	0.00787	0.00394	0.00230	0.00797
122	0.01282	0.01448	0.03127	0.04564	0.06162	0.01370	0.70083	0.01733	0.01279	0.01738	0.01096	0.01465	0.00826	0.00463	0.00636	0.00183	0.00902	0.00632	0.00275	0.00737
123	0.04691	0.01069	0.01337	0.01028	0.01451	0.01018	0.00849	0.19429	0.01773	0.58552	0.01917	0.01702	0.01231	0.00665	0.00542	0.00168	0.00494	0.00528	0.00635	0.00918
124	0.01093	0.02820	0.78016	0.01554	0.02360	0.01266	0.02014	0.01727	0.01151	0.01727	0.00978	0.01151	0.00691	0.00518	0.00518	0.00173	0.00806	0.00403	0.00230	0.00806
125	0.00834	0.00610	0.00698	0.00704	0.00765	0.01744	0.00460	0.02739	0.04743	0.01380	0.08950	0.19849	0.05524	0.42551	0.05751	0.00403	0.00500	0.00953	0.00413	0.00429
126	0.00713	0.00554	0.00644	0.00622	0.00773	0.00490	0.00464	0.00909	0.01386	0.01829	0.42177	0.04604	0.38436	0.03154	0.00695	0.00186	0.00272	0.01058	0.00550	0.00485
127	0.01075	0.02717	0.74606	0.01519	0.02290	0.01230	0.01948	0.01684	0.01146	0.01712	0.01068	0.04647	0.00819	0.00570	0.00526	0.00175	0.00784	0.00453	0.00242	0.00790
128	0.01149	0.01155	0.01642	0.64990	0.05173	0.09037	0.01452	0.01474	0.01124	0.01391	0.00942	0.01387	0.00727	0.00571	0.00617	0.00181	0.05658	0.00471	0.00247	0.00614
129	0.01093	0.02820	0.78016	0.01554	0.02360	0.01266	0.02014	0.01727	0.01151	0.01727	0.00978	0.01151	0.00691	0.00518	0.00518	0.00173	0.00806	0.00403	0.00230	0.00806
130	0.00742	0.00530	0.00721	0.00848	0.00913	0.00510	0.00641	0.00893	0.01120	0.01478	0.02962	0.53642	0.03437	0.01635	0.00716	0.00232	0.00383	0.27629	0.00505	0.00464
131	0.01144	0.02469	0.58535	0.01748	0.02487	0.01295	0.21142	0.01732	0.01186	0.01732	0.01011	0.01234	0.00726	0.00503	0.00551	0.00176	0.00835	0.00465	0.00242	0.00787
132	0.05048	0.01287	0.02309	0.09774	0.09011	0.01451	0.31684	0.01544	0.01086	0.01592	0.00930	0.01333	0.00770	0.00648	0.01017	0.00200	0.28839	0.00538	0.00261	0.00678
133	0.00863	0.00621	0.00857	0.00970	0.01099	0.00615	0.00842	0.01109	0.01266	0.01647	0.06064	0.06023	0.06609	0.01484	0.00744	0.00245	0.00482	0.67452	0.00506	0.00501
134	0.09391	0.01134	0.01210	0.01056	0.01389	0.01269	0.00834	0.05147	0.55376	0.13957	0.02041	0.01874	0.01490	0.00705	0.00533	0.00180	0.00441	0.00572	0.00552	0.00849
135	0.02656	0.02760	0.75067	0.01553	0.02345	0.01268	0.03470	0.01725	0.01150	0.01740	0.00977	0.01153	0.00691	0.00517	0.00517	0.00173	0.00801	0.00406	0.00233	0.00800
136	0.01289	0.01464	0.03179	0.02337	0.05659	0.01376	0.72680	0.01744	0.01285	0.01748	0.01100	0.01466	0.00829	0.00461	0.00639	0.00183	0.00909	0.00637	0.00276	0.00740
137	0.00674	0.00553	0.00593	0.00583	0.00754	0.00473	0.00437	0.00839	0.01312	0.01638	0.22119	0.04975	0.60519	0.01319	0.00644	0.00181	0.00272	0.01112	0.00528	0.00473
138	0.01321	0.01267	0.02162	0.10015	0.70989	0.01288	0.01659	0.01649	0.01228	0.01747	0.01021	0.01358	0.00852	0.00491	0.00540	0.00164	0.00655	0.00486	0.00267	0.00841
139	0.01965	0.01521	0.05872	0.01225	0.01664	0.01569	0.01049	0.62497	0.05371	0.06518	0.01382	0.01381	0.00980	0.00650	0.00538	0.00164	0.00586	0.00494	0.03673	0.00902
140	0.00699	0.00588	0.00611	0.00599	0.00784	0.00517	0.00451	0.00930	0.05522	0.01599	0.13422	0.04933	0.64818	0.01314	0.00639	0.00183	0.00283	0.01102	0.00520	0.00489
141	0.00644	0.00552	0.00552	0.00552	0.00736	0.00460	0.00414	0.00782	0.01243	0.01473	0.05523	0.05247	0.77218	0.01381	0.00644	0.00184	0.00276	0.01151	0.00506	0.00460
142	0.01353	0.04518	0.08670	0.02106	0.05405	0.09955	0.54834	0.01769	0.01293	0.01678	0.01082	0.02736	0.00848	0.00498	0.00603	0.00176	0.00885	0.00590	0.00275	0.00728
143	0.01589	0.01295	0.01320	0.01141	0.01477	0.05737	0.00899	0.15039	0.54744	0.07552	0.01984	0.01841	0.01465	0.00711	0.00549	0.00178	0.00493	0.00576	0.00546	0.00865
144	0.00719	0.00517	0.00671	0.00738	0.00808	0.00485	0.00522	0.00862	0.01175	0.01584	0.21116	0.44589	0.07961	0.08002	0.00855	0.00235	0.00334	0.07855	0.00514	0.00457
145	0.02037	0.02598	0.01545	0.01404	0.01685	0.78652	0.01053	0.02177	0.01545	0.01334	0.00843	0.00983	0.00702	0.00562	0.00492	0.00140	0.00983	0.00351	0.00281	0.00632
146	0.02264	0.01115	0.01368	0.01060	0.01478	0.01093	0.00872	0.23372	0.07102	0.51415	0.01917	0.01713	0.01252	0.00674	0.00548	0.00168	0.00500	0.00537	0.00630	0.00923
147	0.01859	0.01781	0.01479	0.01330	0.04913	0.30963	0.00997	0.22223	0.17353	0.06464	0.01372	0.01395	0.01033	0.00630	0.00520	0.00158	0.00693	0.00467	0.03587	0.00782
148	0.01287	0.01471	0.03217	0.02298	0.02849	0.01379	0.75460	0.01746	0.01287	0.01746	0.01103	0.01471	0.00827	0.00460	0.00643	0.00184	0.00919	0.00643	0.00276	0.00735
149	0.74157	0.01088	0.00891	0.00773	0.01122	0.01243	0.00637	0.07824	0.01092	0.05867	0.00867	0.00964	0.00652	0.00526	0.00364	0.00168	0.00438	0.00323	0.00370	0.00633
150	0.74329	0.01058	0.00872	0.00758	0.01107	0.01199	0.00625	0.04152	0.01041	0.09468	0.00906	0.00990	0.00672	0.00527	0.00364	0.00169	0.00432	0.00325	0.00376	0.00633
151	0.02759	0.21864	0.54879	0.01374	0.02072	0.01502	0.01681	0.04958	0.01199	0.01707	0.00935	0.01086	0.00701	0.00511	0.00475	0.00158	0.00735	0.00378	0.00247	0.00781
152	0.00685	0.00486	0.00637	0.00737	0.00774	0.00457	0.00490	0.00784	0.01060	0.01424	0.08948	0.66796	0.03575	0.09310	0.00893	0.00247	0.00332	0.01431	0.00497	0.00438
153	0.01298	0.46887	0.35743	0.01205	0.01819	0.01767	0.01406	0.01674	0.01127	0.01477	0.00854	0.00996	0.00696	0.00489	0.00423	0.00141	0.00680	0.00340	0.00232	0.00746
154	0.04510	0.00876	0.01093	0.00919	0.01236	0.00837	0.00738	0.03573	0.13290	0.40512	0.12611	0.05997	0.06348	0.00863	0.00576	0.00178	0.00416	0.04037	0.00607	0.00783

[dist]
# distance from previous block
# <min> <max>
0	7

[block]
# block no. 3 follows, 44 sequences, length 41
# corresponding to MSA columns:
# 1505-1545
name=unknown_D
#
# <colnr> <probs for GDERKNQSTAVLIFYWHMCP>
#	G	D	E	R	K	N	Q	S	T	A	V	L	I	F	Y	W	H	M	C	P
0	0.01092	0.00696	0.00990	0.01116	0.05133	0.00680	0.00902	0.01338	0.01287	0.11047	0.02701	0.07056	0.02809	0.01355	0.00715	0.00236	0.00501	0.59263	0.00511	0.00572
1	0.03716	0.01309	0.01339	0.01140	0.01488	0.05101	0.00904	0.20880	0.47600	0.07598	0.01886	0.01763	0.01387	0.00700	0.00544	0.00176	0.00502	0.00560	0.00542	0.00865
2	0.01130	0.00969	0.01130	0.00807	0.01292	0.00727	0.00646	0.01373	0.01130	0.01776	0.00969	0.01130	0.00807	0.00404	0.00404	0.00081	0.00404	0.00323	0.00323	0.84173
3	0.00690	0.00495	0.00623	0.00708	0.00754	0.00463	0.00468	0.00781	0.01047	0.01385	0.06896	0.56327	0.10482	0.14967	0.01038	0.00267	0.00345	0.01355	0.00481	0.00429
4	0.01458	0.81168	0.02857	0.00933	0.01399	0.02157	0.00933	0.01632	0.01108	0.01283	0.00758	0.00875	0.00700	0.00466	0.00350	0.00117	0.00583	0.00292	0.00233	0.00700
5	0.00924	0.00591	0.00772	0.00727	0.00880	0.00540	0.00555	0.01159	0.01480	0.09345	0.57044	0.09054	0.08744	0.01147	0.00643	0.00179	0.00295	0.04785	0.00591	0.00546
6	0.01175	0.00647	0.00853	0.00750	0.00952	0.00582	0.00581	0.01417	0.01536	0.20609	0.56188	0.03575	0.06904	0.01017	0.00620	0.00171	0.00308	0.00885	0.00615	0.00613
7	0.00772	0.00557	0.00729	0.00686	0.00814	0.00514	0.00514	0.01029	0.01543	0.02186	0.77152	0.04072	0.05144	0.01115	0.00643	0.00171	0.00257	0.00986	0.00600	0.00514
8	0.01070	0.01031	0.01789	0.67247	0.06865	0.01244	0.07448	0.01431	0.01104	0.01436	0.00973	0.01441	0.00740	0.00550	0.00596	0.00183	0.03480	0.00497	0.00246	0.00627
9	0.00650	0.00552	0.00560	0.00558	0.00740	0.00462	0.00418	0.00792	0.01255	0.01502	0.08456	0.05199	0.74267	0.01370	0.00644	0.00184	0.00275	0.01144	0.00510	0.00462
10	0.00664	0.00474	0.00633	0.00759	0.00791	0.00443	0.00506	0.00759	0.01044	0.01392	0.03005	0.80485	0.03606	0.01708	0.00696	0.00221	0.00316	0.01550	0.00506	0.00443
11	0.01919	0.18589	0.01812	0.01309	0.01627	0.63083	0.01029	0.02066	0.01456	0.01324	0.00825	0.00961	0.00702	0.00542	0.00463	0.00136	0.00902	0.00339	0.00271	0.00646
12	0.02037	0.02598	0.01545	0.01404	0.01685	0.78652	0.01053	0.02177	0.01545	0.01334	0.00843	0.00983	0.00702	0.00562	0.00492	0.00140	0.00983	0.00351	0.00281	0.00632
13	0.01287	0.01471	0.03217	0.02298	0.02849	0.01379	0.75460	0.01746	0.01287	0.01746	0.01103	0.01471	0.00827	0.00460	0.00643	0.00184	0.00919	0.00643	0.00276	0.00735
14	0.00664	0.00474	0.00633	0.00759	0.00791	0.00443	0.00506	0.00759	0.01044	0.01392	0.03005	0.80485	0.03606	0.01708	0.00696	0.00221	0.00316	0.01550	0.00506	0.00443
15	0.01737	0.01351	0.01580	0.18941	0.02120	0.01536	0.01120	0.48747	0.12474	0.02814	0.01358	0.01442	0.00984	0.00642	0.00547	0.00171	0.00605	0.00507	0.00478	0.00846
16	0.02031	0.01506	0.01613	0.01246	0.01675	0.01671	0.01026	0.71413	0.06840	0.03369	0.01362	0.01351	0.00970	0.00659	0.00546	0.00165	0.00590	0.00498	0.00546	0.00923
17	0.00664	0.00474	0.00633	0.00759	0.00791	0.00443	0.00506	0.00759	0.01044	0.01392	0.03005	0.80485	0.03606	0.01708	0.00696	0.00221	0.00316	0.01550	0.00506	0.00443
18	0.00857	0.00613	0.00852	0.00966	0.01085	0.00607	0.00828	0.01098	0.01261	0.01655	0.08116	0.10886	0.03309	0.01492	0.00742	0.00243	0.00473	0.63909	0.00509	0.00499
19	0.00947	0.00473	0.00710	0.00710	0.00710	0.00473	0.00473	0.00710	0.00710	0.00947	0.00947	0.01657	0.00947	0.01894	0.02131	0.84138	0.00473	0.00473	0.00237	0.00237
20	0.00649	0.00552	0.00559	0.00557	0.00739	0.00462	0.00418	0.00792	0.01254	0.01500	0.08273	0.05202	0.74451	0.01370	0.00644	0.00184	0.00275	0.01144	0.00510	0.00462
21	0.01458	0.81168	0.02857	0.00933	0.01399	0.02157	0.00933	0.01632	0.01108	0.01283	0.00758	0.00875	0.00700	0.00466	0.00350	0.00117	0.00583	0.00292	0.00233	0.00700
22	0.01104	0.05027	0.75899	0.01536	0.02333	0.01291	0.01984	0.01724	0.01150	0.01714	0.00972	0.01143	0.00691	0.00517	0.00513	0.00171	0.00799	0.00400	0.00230	0.00803
23	0.01336	0.01282	0.02189	0.06466	0.74423	0.01292	0.01667	0.01662	0.01235	0.01765	0.01023	0.01354	0.00858	0.00488	0.00540	0.00163	0.00651	0.00486	0.00269	0.00853
24	0.02300	0.00912	0.01229	0.00957	0.01355	0.00802	0.00785	0.02560	0.04161	0.70317	0.06989	0.02005	0.01605	0.00705	0.00555	0.00169	0.00449	0.00579	0.00666	0.00899
25	0.12853	0.02394	0.37622	0.01407	0.01961	0.24643	0.04215	0.05699	0.01318	0.01796	0.00929	0.01084	0.00698	0.00535	0.00491	0.00162	0.00800	0.00386	0.00278	0.00728
26	0.01103	0.04920	0.76001	0.01537	0.02334	0.01290	0.01985	0.01724	0.01150	0.01715	0.00972	0.01144	0.00691	0.00517	0.00513	0.00171	0.00800	0.00400	0.00230	0.00803
27	0.00784	0.00525	0.00597	0.00605	0.00607	0.00523	0.00342	0.00791	0.00809	0.01079	0.01802	0.08620	0.02089	0.75643	0.02638	0.00508	0.00515	0.00843	0.00342	0.00338
28	0.02071	0.01567	0.01633	0.01260	0.01690	0.04558	0.01037	0.72886	0.02525	0.03358	0.01292	0.01297	0.00919	0.00651	0.00543	0.00163	0.00614	0.00486	0.00536	0.00916
29	0.21108	0.01349	0.01338	0.01084	0.01450	0.04652	0.00883	0.45724	0.03568	0.02885	0.03123	0.03347	0.01054	0.00855	0.05023	0.00207	0.00605	0.00487	0.00472	0.00787
30	0.01062	0.01032	0.01834	0.69807	0.03641	0.01232	0.10823	0.01437	0.01115	0.01437	0.00986	0.01456	0.00739	0.00534	0.00557	0.00182	0.00751	0.00504	0.00246	0.00622
31	0.00660	0.00555	0.00576	0.00589	0.00764	0.00471	0.00448	0.00804	0.01237	0.01480	0.05262	0.07913	0.69801	0.01400	0.00653	0.00190	0.00292	0.05934	0.00506	0.00462
32	0.01276	0.01436	0.03059	0.04386	0.04692	0.01389	0.67260	0.01710	0.01254	0.01712	0.01075	0.01451	0.00819	0.00491	0.00704	0.00186	0.05475	0.00625	0.00273	0.00727
33	0.01366	0.01299	0.02093	0.14237	0.58456	0.03238	0.02966	0.06503	0.01315	0.01821	0.01033	0.01355	0.00843	0.00507	0.00542	0.00165	0.00669	0.00485	0.00284	0.00822
34	0.00677	0.00489	0.00630	0.00728	0.00775	0.00454	0.00488	0.00779	0.01071	0.01422	0.07403	0.65299	0.09176	0.06846	0.00825	0.00236	0.00324	0.01437	0.00500	0.00441
35	0.02207	0.01004	0.02833	0.00973	0.01413	0.00846	0.00816	0.06255	0.01542	0.61310	0.01911	0.01707	0.01235	0.00631	0.00526	0.00156	0.00469	0.00509	0.00608	0.13050
36	0.01880	0.08976	0.01683	0.02981	0.07114	0.24217	0.01049	0.28359	0.05863	0.08102	0.01262	0.02684	0.00985	0.00633	0.00518	0.00157	0.00691	0.01635	0.00422	0.00790
37	0.01392	0.01663	0.08573	0.11314	0.02569	0.12635	0.39489	0.06056	0.03749	0.01736	0.01068	0.01367	0.00813	0.00534	0.00646	0.00178	0.04663	0.00545	0.00292	0.00719
38	0.69981	0.01180	0.03396	0.00822	0.01189	0.01293	0.00701	0.12387	0.01173	0.02567	0.00846	0.00956	0.00643	0.00528	0.00373	0.00168	0.00460	0.00327	0.00364	0.00646
39	0.04704	0.01264	0.01405	0.01100	0.01514	0.03381	0.00899	0.33910	0.10074	0.28144	0.01638	0.01537	0.01125	0.00647	0.00530	0.00162	0.00528	0.00503	0.00561	0.06374
40	0.05832	0.00999	0.01271	0.01018	0.01387	0.00966	0.03371	0.10134	0.11346	0.42177	0.06178	0.07027	0.01635	0.00749	0.00553	0.00172	0.00465	0.00625	0.00589	0.03508

[dist]
# distance from previous block
# <min> <max>
1	4

[block]
# block no. 4 follows, 44 sequences, length 8
# corresponding to MSA columns:
# 1550-1557
name=unknown_E
#
# <colnr> <probs for GDERKNQSTAVLIFYWHMCP>
#	G	D	E	R	K	N	Q	S	T	A	V	L	I	F	Y	W	H	M	C	P
0	0.14080	0.26698	0.30477	0.01149	0.01674	0.06961	0.01257	0.01632	0.01135	0.01663	0.03066	0.05975	0.00980	0.00593	0.00450	0.00155	0.00645	0.00434	0.00278	0.00697
1	0.01064	0.00856	0.01143	0.01028	0.01207	0.00902	0.05803	0.13736	0.03493	0.01865	0.07559	0.33210	0.05149	0.02931	0.00804	0.00207	0.08512	0.05660	0.00465	0.04404
2	0.09643	0.00921	0.01087	0.08932	0.01472	0.00974	0.00840	0.06952	0.17011	0.07459	0.03797	0.05124	0.08145	0.00921	0.00577	0.00187	0.00469	0.17354	0.00473	0.07663
3	0.49640	0.02970	0.00996	0.00824	0.01165	0.01142	0.00679	0.06246	0.06531	0.14904	0.01512	0.01627	0.05846	0.00651	0.00436	0.00172	0.00438	0.03108	0.00436	0.00677
4	0.01322	0.01073	0.01306	0.03806	0.01471	0.01009	0.04465	0.20204	0.04324	0.02115	0.01311	0.06846	0.01157	0.07316	0.00681	0.00162	0.00496	0.00521	0.00396	0.40021
5	0.13628	0.01056	0.01632	0.34081	0.29275	0.01178	0.01348	0.01471	0.01116	0.01688	0.01128	0.07953	0.00996	0.00616	0.00525	0.00176	0.00619	0.00546	0.00288	0.00681
6	0.00971	0.00794	0.00861	0.00836	0.00918	0.06018	0.00587	0.07202	0.01092	0.01424	0.02051	0.23969	0.05535	0.30315	0.08788	0.00383	0.06475	0.00918	0.00391	0.00472
7	0.00955	0.00524	0.00804	0.08727	0.01020	0.00549	0.00579	0.00780	0.00749	0.00992	0.00949	0.01636	0.00925	0.01757	0.01969	0.75599	0.00499	0.00475	0.00237	0.00274

[dist]
# distance from previous block
# <min> <max>
0	3

# created by:
# /st0/software/busco_prod/Augustus/scripts/msa2prfl.pl ./align_prep/168457.fa
