[name]
unknown

[dist]
# distance from previous block
# <min> <max>
14	102

[block]
# block no. 0 follows, 44 sequences, length 105
# corresponding to MSA columns:
# 110-214
name=unknown_A
#
# <colnr> <probs for GDERKNQSTAVLIFYWHMCP>
#	G	D	E	R	K	N	Q	S	T	A	V	L	I	F	Y	W	H	M	C	P
0	0.01453	0.01097	0.01338	0.10503	0.05952	0.05476	0.03171	0.16128	0.10315	0.11587	0.20455	0.02275	0.02132	0.04861	0.00685	0.00189	0.00523	0.00648	0.00490	0.00721
1	0.19565	0.01096	0.01329	0.01233	0.08312	0.01162	0.04370	0.11104	0.13841	0.19170	0.01712	0.03678	0.04441	0.03328	0.00628	0.00187	0.03050	0.00553	0.00474	0.00767
2	0.06202	0.02747	0.01004	0.00830	0.01082	0.00814	0.00643	0.05555	0.07062	0.25917	0.10056	0.05800	0.10642	0.13620	0.05363	0.00269	0.00487	0.00725	0.00519	0.00663
3	0.03906	0.00998	0.03043	0.01005	0.01257	0.01041	0.00818	0.25682	0.01555	0.08749	0.01841	0.14665	0.04067	0.01684	0.18951	0.00346	0.03885	0.02687	0.03144	0.00678
4	0.04312	0.01266	0.01441	0.01124	0.01534	0.03801	0.02338	0.35496	0.04940	0.29485	0.01646	0.03906	0.01164	0.00675	0.00540	0.00164	0.00542	0.00534	0.00561	0.04531
5	0.03881	0.05498	0.13328	0.03155	0.01858	0.01287	0.18576	0.16392	0.01418	0.04991	0.02861	0.08831	0.01254	0.06851	0.00836	0.00208	0.07070	0.00629	0.00367	0.00709
6	0.03363	0.32148	0.43353	0.01287	0.01927	0.04102	0.01516	0.03703	0.01180	0.01611	0.00895	0.01039	0.00698	0.00503	0.00450	0.00150	0.00713	0.00359	0.00244	0.00758
7	0.01259	0.01029	0.01186	0.00865	0.01337	0.00844	0.00695	0.08701	0.03819	0.03653	0.01071	0.01195	0.00860	0.00446	0.00426	0.00094	0.00425	0.00354	0.00360	0.71379
8	0.01331	0.10678	0.25218	0.03528	0.02038	0.13811	0.15215	0.04047	0.01237	0.01596	0.01083	0.06885	0.00940	0.00647	0.00672	0.00174	0.09396	0.00523	0.00278	0.00703
9	0.00687	0.00485	0.00633	0.00742	0.00771	0.00459	0.00490	0.00772	0.01014	0.01351	0.02823	0.68084	0.03370	0.12689	0.00986	0.00265	0.00350	0.03118	0.00482	0.00429
10	0.76040	0.04276	0.00937	0.00760	0.01109	0.01290	0.00633	0.06384	0.01041	0.02464	0.00795	0.00913	0.00617	0.00514	0.00351	0.00166	0.00440	0.00308	0.00347	0.00617
11	0.02025	0.01504	0.01610	0.01245	0.01673	0.01669	0.01025	0.70829	0.07433	0.03360	0.01369	0.01357	0.00976	0.00660	0.00546	0.00165	0.00589	0.00499	0.00546	0.00923
12	0.02090	0.00940	0.01212	0.00967	0.01346	0.00872	0.00785	0.02535	0.14466	0.56859	0.08354	0.02054	0.01707	0.00716	0.00554	0.00170	0.00440	0.00591	0.00640	0.02701
13	0.01030	0.00969	0.01635	0.79530	0.03755	0.01211	0.01514	0.01393	0.01090	0.01393	0.00969	0.01453	0.00727	0.00545	0.00545	0.00182	0.00727	0.00484	0.00242	0.00606
14	0.00768	0.00557	0.00724	0.00683	0.00813	0.00513	0.00512	0.01023	0.01536	0.02168	0.75373	0.04102	0.06934	0.01121	0.00643	0.00172	0.00258	0.00990	0.00598	0.00513
15	0.00772	0.00557	0.00729	0.00686	0.00814	0.00514	0.00514	0.01029	0.01543	0.02186	0.77152	0.04072	0.05144	0.01115	0.00643	0.00171	0.00257	0.00986	0.00600	0.00514
16	0.00793	0.00529	0.00595	0.00595	0.00595	0.00529	0.00330	0.00793	0.00793	0.01057	0.01718	0.03568	0.01982	0.80840	0.02775	0.00529	0.00529	0.00793	0.00330	0.00330
17	0.01287	0.01471	0.03217	0.02298	0.02849	0.01379	0.75460	0.01746	0.01287	0.01746	0.01103	0.01471	0.00827	0.00460	0.00643	0.00184	0.00919	0.00643	0.00276	0.00735
18	0.01336	0.01151	0.01215	0.01099	0.01399	0.01330	0.00853	0.02835	0.74269	0.02255	0.02242	0.04308	0.01720	0.00768	0.00559	0.00186	0.00428	0.00643	0.00553	0.00851
19	0.01928	0.02181	0.01580	0.01537	0.09190	0.54337	0.01084	0.10564	0.04949	0.04259	0.02722	0.01202	0.00908	0.00589	0.00511	0.00149	0.00848	0.00413	0.00343	0.00706
20	0.00830	0.00657	0.00962	0.00932	0.01013	0.00796	0.00729	0.01007	0.00867	0.01262	0.01380	0.02087	0.01310	0.07072	0.65879	0.00782	0.11072	0.00580	0.00287	0.00493
21	0.84691	0.01054	0.00801	0.00717	0.01054	0.01223	0.00590	0.01603	0.00928	0.02446	0.00759	0.00886	0.00590	0.00506	0.00337	0.00169	0.00422	0.00295	0.00337	0.00590
22	0.01449	0.79315	0.04635	0.00948	0.01422	0.02136	0.00958	0.01635	0.01109	0.01293	0.00763	0.00881	0.00699	0.00468	0.00354	0.00118	0.00588	0.00294	0.00233	0.00702
23	0.00649	0.00552	0.00558	0.00557	0.00739	0.00462	0.00418	0.00791	0.01253	0.01496	0.07885	0.05208	0.74842	0.01372	0.00644	0.00184	0.00276	0.01145	0.00509	0.00462
24	0.01093	0.02820	0.78016	0.01554	0.02360	0.01266	0.02014	0.01727	0.01151	0.01727	0.00978	0.01151	0.00691	0.00518	0.00518	0.00173	0.00806	0.00403	0.00230	0.00806
25	0.00793	0.00529	0.00595	0.00595	0.00595	0.00529	0.00330	0.00793	0.00793	0.01057	0.01718	0.03568	0.01982	0.80840	0.02775	0.00529	0.00529	0.00793	0.00330	0.00330
26	0.84691	0.01054	0.00801	0.00717	0.01054	0.01223	0.00590	0.01603	0.00928	0.02446	0.00759	0.00886	0.00590	0.00506	0.00337	0.00169	0.00422	0.00295	0.00337	0.00590
27	0.00793	0.00529	0.00595	0.00595	0.00595	0.00529	0.00330	0.00793	0.00793	0.01057	0.01718	0.03568	0.01982	0.80840	0.02775	0.00529	0.00529	0.00793	0.00330	0.00330
28	0.00789	0.00558	0.00736	0.00740	0.00790	0.00604	0.00513	0.00888	0.00846	0.01173	0.01632	0.02974	0.01725	0.42242	0.38506	0.00684	0.00967	0.02908	0.00317	0.00409
29	0.01130	0.00969	0.01130	0.00807	0.01292	0.00727	0.00646	0.01373	0.01130	0.01776	0.00969	0.01130	0.00807	0.00404	0.00404	0.00081	0.00404	0.00323	0.00323	0.84173
30	0.07174	0.01389	0.04553	0.03471	0.03086	0.03061	0.01066	0.30354	0.15847	0.04738	0.01301	0.01400	0.00989	0.00714	0.00807	0.00185	0.18136	0.00494	0.00438	0.00798
31	0.00767	0.00557	0.00722	0.00681	0.00811	0.00512	0.00510	0.01019	0.01531	0.02158	0.74298	0.04119	0.08015	0.01125	0.00643	0.00172	0.00258	0.00992	0.00596	0.00512
32	0.02446	0.00928	0.01265	0.00970	0.01392	0.00801	0.00801	0.02657	0.01560	0.77817	0.02151	0.01856	0.01350	0.00675	0.00548	0.00169	0.00464	0.00548	0.00675	0.00928
33	0.01130	0.00969	0.01130	0.00807	0.01292	0.00727	0.00646	0.01373	0.01130	0.01776	0.00969	0.01130	0.00807	0.00404	0.00404	0.00081	0.00404	0.00323	0.00323	0.84173
34	0.01336	0.01303	0.02287	0.05146	0.69024	0.01301	0.08184	0.01673	0.01242	0.01768	0.01031	0.01363	0.00857	0.00485	0.00549	0.00164	0.00674	0.00500	0.00270	0.00846
35	0.01356	0.01171	0.01233	0.01109	0.01418	0.01356	0.00863	0.02897	0.76455	0.02281	0.02219	0.02034	0.01664	0.00740	0.00555	0.00185	0.00431	0.00616	0.00555	0.00863
36	0.00824	0.00569	0.00745	0.00695	0.00832	0.00523	0.00523	0.01080	0.01544	0.04541	0.74817	0.04003	0.05026	0.01101	0.00640	0.00171	0.00264	0.00972	0.00602	0.00527
37	0.01260	0.36844	0.42772	0.01344	0.04473	0.01655	0.01532	0.01684	0.01135	0.01535	0.00884	0.01037	0.00700	0.00494	0.00446	0.00148	0.00704	0.00357	0.00233	0.00762
38	0.01193	0.01193	0.01670	0.01431	0.01431	0.01670	0.01193	0.01312	0.00835	0.01312	0.00716	0.01193	0.00716	0.00954	0.01789	0.00239	0.79843	0.00477	0.00239	0.00596
39	0.00644	0.00552	0.00552	0.00552	0.00736	0.00460	0.00414	0.00782	0.01243	0.01473	0.05523	0.05247	0.77218	0.01381	0.00644	0.00184	0.00276	0.01151	0.00506	0.00460
40	0.00790	0.00538	0.00641	0.00641	0.00657	0.00554	0.00388	0.00823	0.00807	0.01092	0.01675	0.03332	0.01880	0.68145	0.15330	0.00586	0.00683	0.00758	0.00324	0.00356
41	0.01377	0.01347	0.02186	0.03269	0.74422	0.04377	0.01648	0.01693	0.01253	0.01763	0.01018	0.01335	0.00857	0.00489	0.00538	0.00161	0.00661	0.00480	0.00270	0.00854
42	0.00668	0.00477	0.00636	0.00757	0.00792	0.00445	0.00506	0.00768	0.01060	0.01418	0.05450	0.77965	0.03656	0.01688	0.00694	0.00220	0.00314	0.01531	0.00509	0.00445
43	0.00772	0.00557	0.00729	0.00686	0.00814	0.00514	0.00514	0.01029	0.01543	0.02186	0.77152	0.04072	0.05144	0.01115	0.00643	0.00171	0.00257	0.00986	0.00600	0.00514
44	0.01059	0.01011	0.01744	0.71714	0.07537	0.01224	0.05217	0.01425	0.01108	0.01431	0.00979	0.01449	0.00739	0.00538	0.00550	0.00181	0.00732	0.00492	0.00245	0.00625
45	0.00670	0.00478	0.00639	0.00765	0.00799	0.00448	0.00516	0.00769	0.01049	0.01398	0.03002	0.78571	0.03594	0.01703	0.00697	0.00222	0.00321	0.03409	0.00506	0.00444
46	0.84691	0.01054	0.00801	0.00717	0.01054	0.01223	0.00590	0.01603	0.00928	0.02446	0.00759	0.00886	0.00590	0.00506	0.00337	0.00169	0.00422	0.00295	0.00337	0.00590
47	0.24432	0.00661	0.00590	0.00567	0.00752	0.00708	0.00440	0.01363	0.01083	0.02148	0.01493	0.01712	0.01172	0.00599	0.00369	0.00139	0.00301	0.00449	0.60492	0.00531
48	0.00780	0.00581	0.00862	0.00862	0.00954	0.00674	0.00663	0.00964	0.00872	0.01255	0.01474	0.02215	0.01395	0.08053	0.74760	0.00858	0.01412	0.00595	0.00294	0.00479
49	0.02037	0.02598	0.01545	0.01404	0.01685	0.78652	0.01053	0.02177	0.01545	0.01334	0.00843	0.00983	0.00702	0.00562	0.00492	0.00140	0.00983	0.00351	0.00281	0.00632
50	0.01356	0.01171	0.01233	0.01109	0.01418	0.01356	0.00863	0.02897	0.76455	0.02281	0.02219	0.02034	0.01664	0.00740	0.00555	0.00185	0.00431	0.00616	0.00555	0.00863
51	0.02037	0.02598	0.01545	0.01404	0.01685	0.78652	0.01053	0.02177	0.01545	0.01334	0.00843	0.00983	0.00702	0.00562	0.00492	0.00140	0.00983	0.00351	0.00281	0.00632
52	0.01179	0.01173	0.01644	0.01413	0.01417	0.01638	0.01176	0.01301	0.00836	0.01311	0.00740	0.01223	0.00736	0.01055	0.04264	0.00259	0.77320	0.00481	0.00240	0.00593
53	0.00784	0.00530	0.00592	0.00592	0.00603	0.00524	0.00335	0.00792	0.00820	0.01082	0.01944	0.03667	0.06451	0.76120	0.02648	0.00508	0.00514	0.00814	0.00341	0.00338
54	0.00793	0.00529	0.00595	0.00595	0.00595	0.00529	0.00330	0.00793	0.00793	0.01057	0.01718	0.03568	0.01982	0.80840	0.02775	0.00529	0.00529	0.00793	0.00330	0.00330
55	0.01030	0.00969	0.01635	0.79530	0.03755	0.01211	0.01514	0.01393	0.01090	0.01393	0.00969	0.01453	0.00727	0.00545	0.00545	0.00182	0.00727	0.00484	0.00242	0.00606
56	0.00772	0.00557	0.00729	0.00686	0.00814	0.00514	0.00514	0.01029	0.01543	0.02186	0.77152	0.04072	0.05144	0.01115	0.00643	0.00171	0.00257	0.00986	0.00600	0.00514
57	0.01449	0.79276	0.04672	0.00948	0.01422	0.02136	0.00959	0.01635	0.01109	0.01293	0.00763	0.00881	0.00699	0.00468	0.00354	0.00118	0.00588	0.00294	0.00233	0.00702
58	0.01319	0.01266	0.02151	0.09506	0.69375	0.01299	0.01647	0.01641	0.01218	0.01737	0.01012	0.01354	0.00848	0.00503	0.00574	0.00166	0.02798	0.00485	0.00267	0.00835
59	0.84691	0.01054	0.00801	0.00717	0.01054	0.01223	0.00590	0.01603	0.00928	0.02446	0.00759	0.00886	0.00590	0.00506	0.00337	0.00169	0.00422	0.00295	0.00337	0.00590
60	0.00793	0.00529	0.00595	0.00595	0.00595	0.00529	0.00330	0.00793	0.00793	0.01057	0.01718	0.03568	0.01982	0.80840	0.02775	0.00529	0.00529	0.00793	0.00330	0.00330
61	0.00772	0.00557	0.00729	0.00686	0.00814	0.00514	0.00514	0.01029	0.01543	0.02186	0.77152	0.04072	0.05144	0.01115	0.00643	0.00171	0.00257	0.00986	0.00600	0.00514
62	0.02446	0.00928	0.01265	0.00970	0.01392	0.00801	0.00801	0.02657	0.01560	0.77817	0.02151	0.01856	0.01350	0.00675	0.00548	0.00169	0.00464	0.00548	0.00675	0.00928
63	0.01287	0.01471	0.03217	0.02298	0.02849	0.01379	0.75460	0.01746	0.01287	0.01746	0.01103	0.01471	0.00827	0.00460	0.00643	0.00184	0.00919	0.00643	0.00276	0.00735
64	0.00772	0.00557	0.00729	0.00686	0.00814	0.00514	0.00514	0.01029	0.01543	0.02186	0.77152	0.04072	0.05144	0.01115	0.00643	0.00171	0.00257	0.00986	0.00600	0.00514
65	0.02446	0.00928	0.01265	0.00970	0.01392	0.00801	0.00801	0.02657	0.01560	0.77817	0.02151	0.01856	0.01350	0.00675	0.00548	0.00169	0.00464	0.00548	0.00675	0.00928
66	0.01533	0.74322	0.02729	0.00943	0.01406	0.02062	0.00927	0.03440	0.01170	0.06073	0.00857	0.00946	0.00745	0.00484	0.00367	0.00121	0.00576	0.00312	0.00268	0.00719
67	0.00772	0.00557	0.00729	0.00686	0.00814	0.00514	0.00514	0.01029	0.01543	0.02186	0.77152	0.04072	0.05144	0.01115	0.00643	0.00171	0.00257	0.00986	0.00600	0.00514
68	0.03540	0.00713	0.00914	0.00805	0.01023	0.00668	0.00632	0.04880	0.01526	0.21693	0.43598	0.05042	0.03590	0.03419	0.00679	0.00187	0.00356	0.05506	0.00593	0.00634
69	0.58212	0.01382	0.01054	0.00914	0.01257	0.14033	0.00736	0.13238	0.01284	0.02417	0.00859	0.00968	0.00661	0.00538	0.00395	0.00163	0.00542	0.00335	0.00361	0.00650
70	0.84691	0.01054	0.00801	0.00717	0.01054	0.01223	0.00590	0.01603	0.00928	0.02446	0.00759	0.00886	0.00590	0.00506	0.00337	0.00169	0.00422	0.00295	0.00337	0.00590
71	0.01030	0.00969	0.01635	0.79530	0.03755	0.01211	0.01514	0.01393	0.01090	0.01393	0.00969	0.01453	0.00727	0.00545	0.00545	0.00182	0.00727	0.00484	0.00242	0.00606
72	0.01605	0.01276	0.01460	0.01298	0.05849	0.01413	0.02872	0.34896	0.30049	0.02665	0.01795	0.09312	0.01459	0.00775	0.00566	0.00178	0.00520	0.00645	0.00522	0.00847
73	0.02433	0.00948	0.01278	0.00980	0.01402	0.00831	0.00809	0.05117	0.01594	0.75309	0.02122	0.01837	0.01335	0.00674	0.00548	0.00169	0.00468	0.00546	0.00670	0.00928
74	0.01149	0.00982	0.01159	0.03472	0.01384	0.00765	0.00684	0.03094	0.01162	0.01802	0.00977	0.01146	0.00808	0.00414	0.00412	0.00086	0.00419	0.00332	0.00325	0.79427
75	0.00862	0.00616	0.00859	0.00985	0.01103	0.00613	0.00850	0.01101	0.01239	0.01613	0.02896	0.11911	0.03174	0.01522	0.00749	0.00249	0.00488	0.68172	0.00502	0.00497
76	0.02037	0.02598	0.01545	0.01404	0.01685	0.78652	0.01053	0.02177	0.01545	0.01334	0.00843	0.00983	0.00702	0.00562	0.00492	0.00140	0.00983	0.00351	0.00281	0.00632
77	0.01202	0.08052	0.64579	0.01583	0.06524	0.01306	0.01858	0.01764	0.01174	0.05585	0.01026	0.01179	0.00735	0.00521	0.00509	0.00168	0.00764	0.00407	0.00255	0.00808
78	0.01101	0.05806	0.64628	0.01576	0.06839	0.01250	0.01840	0.01669	0.01183	0.01745	0.06491	0.01363	0.01024	0.00557	0.00521	0.00170	0.00747	0.00446	0.00260	0.00784
79	0.01287	0.01471	0.03217	0.02298	0.02849	0.01379	0.75460	0.01746	0.01287	0.01746	0.01103	0.01471	0.00827	0.00460	0.00643	0.00184	0.00919	0.00643	0.00276	0.00735
80	0.01135	0.01173	0.06165	0.55405	0.16939	0.01252	0.04831	0.03790	0.01176	0.01562	0.00996	0.01414	0.00760	0.00532	0.00547	0.00177	0.00721	0.00487	0.00257	0.00680
81	0.01202	0.01353	0.16231	0.15938	0.18662	0.01087	0.07320	0.01621	0.04912	0.07533	0.07869	0.06329	0.01491	0.03872	0.00657	0.00192	0.00629	0.02032	0.00351	0.00718
82	0.01082	0.02584	0.68320	0.01535	0.02279	0.01220	0.06096	0.01679	0.01186	0.01760	0.06339	0.01375	0.01011	0.00557	0.00534	0.00173	0.00774	0.00458	0.00259	0.00781
83	0.02426	0.00961	0.01285	0.00986	0.01408	0.00850	0.00814	0.06642	0.01615	0.73754	0.02105	0.01826	0.01326	0.00674	0.00548	0.00168	0.00471	0.00545	0.00668	0.00928
84	0.02667	0.06058	0.59729	0.01520	0.04047	0.01250	0.05679	0.01684	0.01175	0.03363	0.04803	0.01343	0.00955	0.00641	0.02637	0.00189	0.00774	0.00448	0.00265	0.00774
85	0.01349	0.01295	0.02213	0.03346	0.77440	0.01295	0.01673	0.01673	0.01241	0.01781	0.01025	0.01349	0.00864	0.00486	0.00540	0.00162	0.00648	0.00486	0.00270	0.00864
86	0.01441	0.01264	0.01333	0.01259	0.05752	0.04467	0.00930	0.08660	0.63252	0.02308	0.02023	0.01895	0.01521	0.00711	0.00551	0.00180	0.00479	0.00588	0.00527	0.00859
87	0.00728	0.00556	0.00669	0.00640	0.00788	0.00496	0.00480	0.00945	0.01441	0.01943	0.52717	0.04473	0.29731	0.01205	0.00643	0.00176	0.00264	0.01042	0.00568	0.00496
88	0.00765	0.00574	0.00735	0.00728	0.02658	0.00524	0.00526	0.01004	0.01486	0.02058	0.63451	0.04201	0.16971	0.01143	0.00641	0.00173	0.00270	0.01001	0.00577	0.00514
89	0.84691	0.01054	0.00801	0.00717	0.01054	0.01223	0.00590	0.01603	0.00928	0.02446	0.00759	0.00886	0.00590	0.00506	0.00337	0.00169	0.00422	0.00295	0.00337	0.00590
90	0.01093	0.02820	0.78016	0.01554	0.02360	0.01266	0.02014	0.01727	0.01151	0.01727	0.00978	0.01151	0.00691	0.00518	0.00518	0.00173	0.00806	0.00403	0.00230	0.00806
91	0.00788	0.00526	0.00596	0.00601	0.00602	0.00525	0.00337	0.00792	0.00802	0.01070	0.01767	0.06530	0.02045	0.77793	0.02695	0.00517	0.00520	0.00822	0.00337	0.00335
92	0.02072	0.01527	0.01636	0.01254	0.01691	0.01691	0.01036	0.75622	0.02563	0.03436	0.01309	0.01309	0.00927	0.00654	0.00545	0.00164	0.00600	0.00491	0.00545	0.00927
93	0.01550	0.31397	0.09321	0.01375	0.08646	0.06411	0.02928	0.16865	0.11363	0.01954	0.01120	0.01213	0.00891	0.00563	0.00494	0.00150	0.02206	0.00419	0.00346	0.00787
94	0.00795	0.00582	0.00749	0.00703	0.00839	0.00548	0.00528	0.01103	0.04528	0.02190	0.74167	0.03991	0.05005	0.01100	0.00639	0.00172	0.00264	0.00971	0.00598	0.00528
95	0.01349	0.01295	0.02213	0.03346	0.77440	0.01295	0.01673	0.01673	0.01241	0.01781	0.01025	0.01349	0.00864	0.00486	0.00540	0.00162	0.00648	0.00486	0.00270	0.00864
96	0.01193	0.01193	0.01670	0.01431	0.01431	0.01670	0.01193	0.01312	0.00835	0.01312	0.00716	0.01193	0.00716	0.00954	0.01789	0.00239	0.79843	0.00477	0.00239	0.00596
97	0.00768	0.00557	0.00724	0.00682	0.00812	0.00513	0.00512	0.01022	0.01535	0.02166	0.75144	0.04105	0.07164	0.01122	0.00643	0.00172	0.00258	0.00991	0.00598	0.00513
98	0.01040	0.00979	0.01653	0.77158	0.06049	0.01214	0.01519	0.01402	0.01095	0.01405	0.00971	0.01450	0.00731	0.00543	0.00545	0.00181	0.00724	0.00485	0.00243	0.00614
99	0.84691	0.01054	0.00801	0.00717	0.01054	0.01223	0.00590	0.01603	0.00928	0.02446	0.00759	0.00886	0.00590	0.00506	0.00337	0.00169	0.00422	0.00295	0.00337	0.00590
100	0.00676	0.00576	0.00584	0.00578	0.00765	0.00496	0.00435	0.00872	0.04153	0.01526	0.07626	0.05086	0.72060	0.01348	0.00641	0.00184	0.00282	0.01125	0.00511	0.00477
101	0.00664	0.00474	0.00633	0.00759	0.00791	0.00443	0.00506	0.00759	0.01044	0.01392	0.03005	0.80485	0.03606	0.01708	0.00696	0.00221	0.00316	0.01550	0.00506	0.00443
102	0.02072	0.01527	0.01636	0.01254	0.01691	0.01691	0.01036	0.75622	0.02563	0.03436	0.01309	0.01309	0.00927	0.00654	0.00545	0.00164	0.00600	0.00491	0.00545	0.00927
103	0.00879	0.00628	0.00879	0.01004	0.01130	0.00628	0.00879	0.01130	0.01255	0.01632	0.02887	0.06150	0.03138	0.01506	0.00753	0.00251	0.00502	0.73770	0.00502	0.00502
104	0.84691	0.01054	0.00801	0.00717	0.01054	0.01223	0.00590	0.01603	0.00928	0.02446	0.00759	0.00886	0.00590	0.00506	0.00337	0.00169	0.00422	0.00295	0.00337	0.00590

[dist]
# distance from previous block
# <min> <max>
1	18

[block]
# block no. 1 follows, 44 sequences, length 61
# corresponding to MSA columns:
# 233-256,271-307
name=unknown_B
#
# <colnr> <probs for GDERKNQSTAVLIFYWHMCP>
#	G	D	E	R	K	N	Q	S	T	A	V	L	I	F	Y	W	H	M	C	P
0	0.00863	0.00704	0.01022	0.00973	0.01046	0.00873	0.00766	0.01032	0.00863	0.01264	0.01323	0.02025	0.01265	0.07521	0.59113	0.00729	0.17258	0.00574	0.00283	0.00501
1	0.01800	0.24735	0.11695	0.01176	0.01667	0.01700	0.01112	0.38829	0.01880	0.08631	0.01175	0.01207	0.00865	0.00584	0.00485	0.00152	0.00610	0.00426	0.00425	0.00846
2	0.01458	0.81168	0.02857	0.00933	0.01399	0.02157	0.00933	0.01632	0.01108	0.01283	0.00758	0.00875	0.00700	0.00466	0.00350	0.00117	0.00583	0.00292	0.00233	0.00700
3	0.01130	0.00969	0.01130	0.00807	0.01292	0.00727	0.00646	0.01373	0.01130	0.01776	0.00969	0.01130	0.00807	0.00404	0.00404	0.00081	0.00404	0.00323	0.00323	0.84173
4	0.01697	0.48628	0.02313	0.01128	0.01518	0.33838	0.00983	0.01858	0.01289	0.01304	0.00793	0.00920	0.00701	0.00506	0.00409	0.00126	0.00749	0.00316	0.00253	0.00672
5	0.02052	0.01517	0.01625	0.01250	0.01683	0.01681	0.01031	0.73541	0.04677	0.03403	0.01335	0.01330	0.00948	0.00657	0.00546	0.00164	0.00595	0.00494	0.00546	0.00925
6	0.29773	0.00970	0.01111	0.00886	0.01280	0.00941	0.00731	0.02307	0.01350	0.52775	0.01688	0.01533	0.01097	0.00619	0.00478	0.00169	0.00450	0.00464	0.00563	0.00816
7	0.13594	0.01353	0.01796	0.01361	0.01802	0.01424	0.17104	0.36440	0.04819	0.12897	0.01336	0.01386	0.00944	0.00597	0.00538	0.00170	0.00619	0.00509	0.00475	0.00835
8	0.02072	0.01527	0.01636	0.01254	0.01691	0.01691	0.01036	0.75622	0.02563	0.03436	0.01309	0.01309	0.00927	0.00654	0.00545	0.00164	0.00600	0.00491	0.00545	0.00927
9	0.02072	0.01527	0.01636	0.01254	0.01691	0.01691	0.01036	0.75622	0.02563	0.03436	0.01309	0.01309	0.00927	0.00654	0.00545	0.00164	0.00600	0.00491	0.00545	0.00927
10	0.00793	0.00529	0.00595	0.00595	0.00595	0.00529	0.00330	0.00793	0.00793	0.01057	0.01718	0.03568	0.01982	0.80840	0.02775	0.00529	0.00529	0.00793	0.00330	0.00330
11	0.02072	0.01527	0.01636	0.01254	0.01691	0.01691	0.01036	0.75622	0.02563	0.03436	0.01309	0.01309	0.00927	0.00654	0.00545	0.00164	0.00600	0.00491	0.00545	0.00927
12	0.00758	0.00585	0.00702	0.00759	0.00907	0.00539	0.00620	0.00940	0.01225	0.01523	0.04132	0.05567	0.39784	0.05604	0.00805	0.00232	0.00391	0.33960	0.00495	0.00472
13	0.00664	0.00474	0.00633	0.00759	0.00791	0.00443	0.00506	0.00759	0.01044	0.01392	0.03005	0.80485	0.03606	0.01708	0.00696	0.00221	0.00316	0.01550	0.00506	0.00443
14	0.00664	0.00474	0.00633	0.00759	0.00791	0.00443	0.00506	0.00759	0.01044	0.01392	0.03005	0.80485	0.03606	0.01708	0.00696	0.00221	0.00316	0.01550	0.00506	0.00443
15	0.82136	0.03514	0.00864	0.00724	0.01065	0.01252	0.00601	0.01603	0.00933	0.02410	0.00759	0.00885	0.00594	0.00505	0.00338	0.00167	0.00427	0.00295	0.00334	0.00594
16	0.01550	0.65159	0.04695	0.01033	0.01476	0.15619	0.00984	0.01731	0.01186	0.01304	0.00779	0.00901	0.00700	0.00485	0.00379	0.00122	0.00660	0.00305	0.00242	0.00691
17	0.02410	0.00986	0.01301	0.00998	0.01421	0.00887	0.00824	0.09726	0.01658	0.70610	0.02069	0.01803	0.01309	0.00673	0.00548	0.00168	0.00477	0.00543	0.00662	0.00928
18	0.01154	0.00983	0.01143	0.00819	0.01302	0.00751	0.00656	0.03211	0.01166	0.01818	0.00977	0.01135	0.00810	0.00410	0.00407	0.00083	0.00409	0.00327	0.00329	0.82112
19	0.01193	0.01193	0.01670	0.01431	0.01431	0.01670	0.01193	0.01312	0.00835	0.01312	0.00716	0.01193	0.00716	0.00954	0.01789	0.00239	0.79843	0.00477	0.00239	0.00596
20	0.00664	0.00474	0.00633	0.00759	0.00791	0.00443	0.00506	0.00759	0.01044	0.01392	0.03005	0.80485	0.03606	0.01708	0.00696	0.00221	0.00316	0.01550	0.00506	0.00443
21	0.01473	0.79110	0.02822	0.00945	0.01407	0.04161	0.00936	0.01647	0.01119	0.01284	0.00760	0.00877	0.00700	0.00469	0.00354	0.00117	0.00594	0.00293	0.00234	0.00698
22	0.65390	0.02788	0.03019	0.13631	0.01544	0.01251	0.00798	0.01566	0.00962	0.02208	0.00798	0.00991	0.00620	0.00521	0.00406	0.00171	0.02087	0.00333	0.00315	0.00601
23	0.01284	0.01562	0.11057	0.02440	0.21870	0.01344	0.45672	0.01769	0.04122	0.01773	0.01112	0.01426	0.00853	0.00483	0.00600	0.00177	0.00819	0.00576	0.00280	0.00781
24	0.00779	0.00584	0.00876	0.00876	0.00974	0.00681	0.00681	0.00974	0.00876	0.01266	0.01460	0.02142	0.01363	0.04089	0.78680	0.00876	0.01460	0.00584	0.00292	0.00487
25	0.02398	0.00939	0.01264	0.00976	0.01393	0.00826	0.00804	0.02668	0.04877	0.74472	0.02154	0.01864	0.01363	0.00678	0.00549	0.00169	0.00462	0.00551	0.00669	0.00925
26	0.00687	0.00554	0.00612	0.00598	0.00763	0.00479	0.00448	0.00866	0.01345	0.01715	0.29818	0.04848	0.52772	0.01290	0.00644	0.00180	0.00270	0.01095	0.00538	0.00479
27	0.00793	0.00529	0.00595	0.00595	0.00595	0.00529	0.00330	0.00793	0.00793	0.01057	0.01718	0.03568	0.01982	0.80840	0.02775	0.00529	0.00529	0.00793	0.00330	0.00330
28	0.84691	0.01054	0.00801	0.00717	0.01054	0.01223	0.00590	0.01603	0.00928	0.02446	0.00759	0.00886	0.00590	0.00506	0.00337	0.00169	0.00422	0.00295	0.00337	0.00590
29	0.01244	0.01187	0.02022	0.28553	0.53060	0.01268	0.01621	0.01580	0.01191	0.01653	0.01007	0.01384	0.00818	0.00505	0.00541	0.00168	0.00674	0.00485	0.00261	0.00778
30	0.00752	0.00543	0.00712	0.00699	0.00810	0.00502	0.00513	0.00981	0.01454	0.02045	0.63939	0.17689	0.04870	0.01220	0.00652	0.00180	0.00268	0.01086	0.00583	0.00502
31	0.01356	0.01171	0.01233	0.01109	0.01418	0.01356	0.00863	0.02897	0.76455	0.02281	0.02219	0.02034	0.01664	0.00740	0.00555	0.00185	0.00431	0.00616	0.00555	0.00863
32	0.01365	0.01305	0.02222	0.03275	0.74043	0.01306	0.03300	0.03371	0.01273	0.01818	0.01034	0.01351	0.00864	0.00489	0.00542	0.00162	0.00653	0.00489	0.00276	0.00862
33	0.84691	0.01054	0.00801	0.00717	0.01054	0.01223	0.00590	0.01603	0.00928	0.02446	0.00759	0.00886	0.00590	0.00506	0.00337	0.00169	0.00422	0.00295	0.00337	0.00590
34	0.01429	0.76829	0.04863	0.00948	0.01414	0.02093	0.00956	0.01617	0.01103	0.01294	0.00783	0.00917	0.00717	0.00566	0.02485	0.00139	0.00613	0.00303	0.00235	0.00697
35	0.01249	0.36194	0.46000	0.01289	0.01951	0.01646	0.01554	0.01686	0.01133	0.01537	0.00884	0.01033	0.00694	0.00496	0.00446	0.00149	0.00711	0.00355	0.00231	0.00761
36	0.01356	0.01171	0.01233	0.01109	0.01418	0.01356	0.00863	0.02897	0.76455	0.02281	0.02219	0.02034	0.01664	0.00740	0.00555	0.00185	0.00431	0.00616	0.00555	0.00863
37	0.00664	0.00477	0.00630	0.00753	0.00789	0.00443	0.00504	0.00760	0.01049	0.01394	0.03074	0.78416	0.05630	0.01699	0.00694	0.00220	0.00315	0.01539	0.00506	0.00443
38	0.01284	0.01128	0.01756	0.44132	0.18752	0.01287	0.03433	0.09744	0.07582	0.03886	0.01158	0.01476	0.00875	0.00562	0.00548	0.00176	0.00670	0.00503	0.00320	0.00729
39	0.01368	0.01274	0.02149	0.05320	0.71621	0.01282	0.01627	0.01721	0.03140	0.03665	0.01082	0.01382	0.00892	0.00498	0.00540	0.00163	0.00640	0.00491	0.00286	0.00858
40	0.00664	0.00474	0.00633	0.00759	0.00791	0.00443	0.00506	0.00759	0.01044	0.01392	0.03005	0.80485	0.03606	0.01708	0.00696	0.00221	0.00316	0.01550	0.00506	0.00443
41	0.01093	0.02820	0.78016	0.01554	0.02360	0.01266	0.02014	0.01727	0.01151	0.01727	0.00978	0.01151	0.00691	0.00518	0.00518	0.00173	0.00806	0.00403	0.00230	0.00806
42	0.03279	0.01942	0.33045	0.11348	0.02717	0.01309	0.35047	0.01692	0.01199	0.01713	0.01028	0.01325	0.00754	0.00495	0.00573	0.00179	0.00838	0.00519	0.00255	0.00744
43	0.00680	0.00487	0.00647	0.00748	0.00794	0.00453	0.00507	0.00799	0.01117	0.01509	0.13913	0.69243	0.03832	0.01621	0.00688	0.00214	0.00308	0.01467	0.00520	0.00453
44	0.01130	0.00969	0.01130	0.00807	0.01292	0.00727	0.00646	0.01373	0.01130	0.01776	0.00969	0.01130	0.00807	0.00404	0.00404	0.00081	0.00404	0.00323	0.00323	0.84173
45	0.01356	0.01171	0.01233	0.01109	0.01418	0.01356	0.00863	0.02897	0.76455	0.02281	0.02219	0.02034	0.01664	0.00740	0.00555	0.00185	0.00431	0.00616	0.00555	0.00863
46	0.01045	0.00990	0.01638	0.72351	0.03541	0.01253	0.01485	0.01385	0.01067	0.01385	0.00946	0.01430	0.00726	0.00583	0.00659	0.00187	0.08000	0.00484	0.00242	0.00605
47	0.01101	0.01060	0.01848	0.61217	0.15828	0.01238	0.07056	0.01465	0.01130	0.01483	0.00988	0.01438	0.00757	0.00529	0.00552	0.00179	0.00728	0.00497	0.00249	0.00658
48	0.01093	0.02820	0.78016	0.01554	0.02360	0.01266	0.02014	0.01727	0.01151	0.01727	0.00978	0.01151	0.00691	0.00518	0.00518	0.00173	0.00806	0.00403	0.00230	0.00806
49	0.84691	0.01054	0.00801	0.00717	0.01054	0.01223	0.00590	0.01603	0.00928	0.02446	0.00759	0.00886	0.00590	0.00506	0.00337	0.00169	0.00422	0.00295	0.00337	0.00590
50	0.00655	0.00556	0.00568	0.00573	0.00755	0.00468	0.00436	0.00799	0.01243	0.01480	0.05399	0.05289	0.73747	0.01387	0.00649	0.00187	0.00287	0.04553	0.00506	0.00462
51	0.00793	0.00529	0.00595	0.00595	0.00595	0.00529	0.00330	0.00793	0.00793	0.01057	0.01718	0.03568	0.01982	0.80840	0.02775	0.00529	0.00529	0.00793	0.00330	0.00330
52	0.00772	0.00557	0.00729	0.00686	0.00814	0.00514	0.00514	0.01029	0.01543	0.02186	0.77152	0.04072	0.05144	0.01115	0.00643	0.00171	0.00257	0.00986	0.00600	0.00514
53	0.00879	0.00628	0.00879	0.01004	0.01130	0.00628	0.00879	0.01130	0.01255	0.01632	0.02887	0.06150	0.03138	0.01506	0.00753	0.00251	0.00502	0.73770	0.00502	0.00502
54	0.01154	0.00972	0.01132	0.00821	0.01285	0.00759	0.00657	0.04721	0.01217	0.01873	0.05020	0.01294	0.01043	0.00453	0.00423	0.00089	0.00405	0.00366	0.00348	0.75967
55	0.01081	0.00912	0.01009	0.00986	0.02911	0.00989	0.00745	0.02009	0.42607	0.01966	0.06427	0.08461	0.18614	0.01030	0.00606	0.00192	0.00394	0.07833	0.00531	0.00696
56	0.01064	0.02595	0.70404	0.01460	0.02186	0.01194	0.01849	0.01635	0.01116	0.01661	0.01051	0.01389	0.00818	0.08415	0.00740	0.00208	0.00778	0.00441	0.00240	0.00759
57	0.01064	0.00971	0.01580	0.71799	0.03494	0.01197	0.01430	0.04727	0.01141	0.01468	0.01024	0.01559	0.00802	0.04804	0.00663	0.00199	0.00710	0.00501	0.00261	0.00606
58	0.00721	0.00600	0.00613	0.00599	0.00789	0.00525	0.00451	0.04746	0.01304	0.01573	0.05185	0.08449	0.69839	0.01357	0.00641	0.00185	0.00295	0.01134	0.00508	0.00484
59	0.03228	0.07180	0.06341	0.01080	0.01432	0.01343	0.00905	0.04086	0.55201	0.02117	0.01887	0.01870	0.01458	0.04312	0.00625	0.00188	0.00474	0.00561	0.00482	0.05232
60	0.00716	0.00597	0.00611	0.00591	0.00784	0.00519	0.00448	0.04189	0.01318	0.01600	0.09126	0.05006	0.69941	0.01334	0.00640	0.00182	0.00290	0.01112	0.00513	0.00484

[dist]
# distance from previous block
# <min> <max>
0	31

[block]
# block no. 2 follows, 44 sequences, length 10
# corresponding to MSA columns:
# 339-348
name=unknown_C
#
# <colnr> <probs for GDERKNQSTAVLIFYWHMCP>
#	G	D	E	R	K	N	Q	S	T	A	V	L	I	F	Y	W	H	M	C	P
0	0.00768	0.00586	0.00830	0.00852	0.00910	0.00614	0.03124	0.00885	0.00966	0.01320	0.02257	0.41383	0.02579	0.16118	0.17400	0.00413	0.05125	0.03012	0.00407	0.00452
1	0.01671	0.01643	0.17415	0.01215	0.01661	0.01423	0.01131	0.48651	0.01995	0.02712	0.01303	0.01625	0.01041	0.13003	0.00884	0.00222	0.00632	0.00519	0.00446	0.00810
2	0.01359	0.01062	0.01212	0.01090	0.01362	0.01189	0.00885	0.21685	0.29330	0.02297	0.01998	0.02716	0.01728	0.01394	0.12652	0.00300	0.00650	0.15844	0.00501	0.00747
3	0.00784	0.00564	0.00774	0.00774	0.00836	0.00626	0.00554	0.00908	0.00846	0.01190	0.01554	0.02659	0.01588	0.31953	0.51123	0.00750	0.01122	0.00660	0.00306	0.00430
4	0.01036	0.00628	0.00886	0.00832	0.00979	0.00655	0.00641	0.01232	0.01115	0.13259	0.17381	0.02599	0.02193	0.08232	0.45102	0.00596	0.00991	0.00677	0.00418	0.00550
5	0.00764	0.00556	0.00780	0.00799	0.00866	0.00613	0.00581	0.00903	0.00885	0.01242	0.01752	0.14531	0.01838	0.19739	0.50803	0.00703	0.01089	0.00777	0.00333	0.00447
6	0.01379	0.58021	0.05474	0.17380	0.01940	0.05194	0.01101	0.01609	0.01124	0.01325	0.00814	0.01011	0.00705	0.00489	0.00403	0.00133	0.00639	0.00339	0.00237	0.00681
7	0.01430	0.01415	0.04049	0.01161	0.03973	0.17297	0.00894	0.03720	0.36422	0.05745	0.04734	0.02289	0.12952	0.00790	0.00556	0.00173	0.00544	0.00636	0.00476	0.00745
8	0.03708	0.12653	0.16419	0.04574	0.14492	0.33013	0.01311	0.01848	0.01328	0.01539	0.03679	0.01190	0.00887	0.00546	0.00489	0.00150	0.00789	0.00402	0.00275	0.00707
9	0.01005	0.00792	0.04196	0.00984	0.03870	0.00728	0.00773	0.05215	0.04621	0.04719	0.09843	0.08372	0.05384	0.17837	0.01111	0.00279	0.00484	0.28774	0.00468	0.00545

[dist]
# distance from previous block
# <min> <max>
0	4

[block]
# block no. 3 follows, 44 sequences, length 21
# corresponding to MSA columns:
# 353-370,372-374
name=unknown_D
#
# <colnr> <probs for GDERKNQSTAVLIFYWHMCP>
#	G	D	E	R	K	N	Q	S	T	A	V	L	I	F	Y	W	H	M	C	P
0	0.01014	0.05420	0.53684	0.01356	0.03418	0.01118	0.03339	0.01502	0.01168	0.01648	0.01934	0.04997	0.15670	0.00727	0.00546	0.00175	0.00675	0.00595	0.00296	0.00720
1	0.05018	0.01555	0.01478	0.01215	0.01572	0.13117	0.00976	0.41103	0.18276	0.02697	0.01492	0.01491	0.02870	0.00683	0.00585	0.00169	0.03881	0.00505	0.00486	0.00831
2	0.01016	0.00508	0.00508	0.00508	0.00635	0.00508	0.00381	0.01270	0.01143	0.02033	0.01778	0.02033	0.01397	0.00635	0.00381	0.00127	0.00254	0.00508	0.83867	0.00508
3	0.01307	0.02412	0.54703	0.01609	0.04382	0.01359	0.08050	0.16075	0.01439	0.02062	0.01054	0.01214	0.00753	0.00539	0.00535	0.00172	0.00771	0.00443	0.00296	0.00825
4	0.01303	0.04954	0.19038	0.04257	0.08325	0.01298	0.10829	0.01607	0.01119	0.10026	0.02997	0.03909	0.01019	0.00755	0.00958	0.03885	0.22180	0.00529	0.00310	0.00703
5	0.01084	0.12827	0.52956	0.01285	0.01889	0.01242	0.01543	0.01533	0.01076	0.01537	0.01093	0.01583	0.00943	0.16108	0.00934	0.00234	0.00722	0.00464	0.00250	0.00699
6	0.01102	0.01017	0.01618	0.39040	0.22696	0.02598	0.01353	0.03142	0.01135	0.01520	0.01177	0.01623	0.02430	0.01237	0.15717	0.00310	0.00841	0.00515	0.00272	0.00656
7	0.05417	0.01483	0.03758	0.01213	0.01633	0.01594	0.01015	0.61332	0.09595	0.03179	0.01409	0.03423	0.01048	0.00680	0.00541	0.00168	0.00575	0.00520	0.00527	0.00891
8	0.00843	0.00707	0.00741	0.00739	0.00895	0.04317	0.00547	0.04239	0.05156	0.01704	0.17176	0.23341	0.33216	0.01314	0.00643	0.00190	0.00344	0.02857	0.00516	0.00516
9	0.00666	0.00493	0.00623	0.00725	0.00789	0.00451	0.00498	0.00773	0.01088	0.01414	0.03491	0.63963	0.17888	0.01639	0.00687	0.00215	0.00313	0.03330	0.00506	0.00448
10	0.01178	0.01088	0.01812	0.17490	0.46449	0.01132	0.03209	0.01450	0.01126	0.01565	0.01151	0.01803	0.01053	0.16100	0.00977	0.00237	0.00647	0.00549	0.00276	0.00707
11	0.01010	0.00924	0.01568	0.53540	0.04954	0.01078	0.06426	0.01345	0.01137	0.01473	0.01442	0.05850	0.01332	0.00776	0.00599	0.00197	0.00676	0.14773	0.00307	0.00594
12	0.01259	0.01105	0.01684	0.57976	0.09500	0.01311	0.01435	0.15830	0.01389	0.01822	0.01040	0.01417	0.00777	0.00561	0.00545	0.00177	0.00696	0.00486	0.00303	0.00690
13	0.00719	0.00474	0.00648	0.00750	0.00775	0.00449	0.00500	0.00750	0.00979	0.01305	0.02605	0.65178	0.03089	0.01744	0.00974	0.16516	0.00347	0.01341	0.00454	0.00403
14	0.01778	0.01202	0.04776	0.01102	0.01534	0.01103	0.04542	0.23784	0.04499	0.24617	0.02997	0.01616	0.02252	0.00797	0.04593	0.00189	0.00574	0.00507	0.00501	0.17037
15	0.01822	0.01313	0.17521	0.01037	0.01454	0.03609	0.00978	0.02079	0.01323	0.43964	0.01770	0.02007	0.01309	0.16204	0.00972	0.00238	0.00568	0.00558	0.00499	0.00775
16	0.01964	0.01446	0.01900	0.01424	0.01881	0.01526	0.15460	0.52755	0.02198	0.11795	0.01367	0.01404	0.00957	0.00619	0.00565	0.00168	0.00646	0.00527	0.00508	0.00890
17	0.01761	0.00848	0.01081	0.00914	0.01197	0.00798	0.00710	0.09381	0.04360	0.40769	0.05172	0.19598	0.02026	0.07814	0.00776	0.00212	0.00441	0.00807	0.00587	0.00749
18	0.00865	0.00644	0.00776	0.00721	0.00883	0.00613	0.00545	0.08179	0.01548	0.02113	0.50749	0.09676	0.18291	0.01164	0.00638	0.00177	0.00298	0.01011	0.00570	0.00539
19	0.01119	0.02461	0.60818	0.01554	0.02195	0.01348	0.04185	0.01647	0.01094	0.01647	0.00931	0.01169	0.00700	0.00601	0.00769	0.00186	0.16156	0.00425	0.00233	0.00763
20	0.00692	0.00539	0.00628	0.00638	0.00774	0.00475	0.00466	0.00862	0.01306	0.01700	0.29450	0.19456	0.38356	0.01354	0.00654	0.00187	0.00277	0.01172	0.00538	0.00475

[dist]
# distance from previous block
# <min> <max>
0	5

[block]
# block no. 4 follows, 44 sequences, length 9
# corresponding to MSA columns:
# 380-388
name=unknown_E
#
# <colnr> <probs for GDERKNQSTAVLIFYWHMCP>
#	G	D	E	R	K	N	Q	S	T	A	V	L	I	F	Y	W	H	M	C	P
0	0.01101	0.02430	0.61803	0.01396	0.02134	0.01152	0.01726	0.01652	0.01147	0.01737	0.00976	0.01147	0.00715	0.00494	0.00494	0.00153	0.00721	0.00386	0.00250	0.18386
1	0.00979	0.00892	0.01473	0.56491	0.09347	0.01056	0.01315	0.01283	0.01093	0.01425	0.01403	0.18110	0.01345	0.00785	0.00576	0.00188	0.00634	0.00709	0.00300	0.00593
2	0.01140	0.01147	0.02350	0.01740	0.02106	0.01086	0.50218	0.01415	0.01110	0.01501	0.01213	0.01936	0.01086	0.17589	0.01279	0.10780	0.00781	0.00654	0.00282	0.00587
3	0.00897	0.00757	0.01169	0.38945	0.02241	0.00853	0.00999	0.01205	0.01323	0.01801	0.40184	0.02802	0.03001	0.00838	0.00595	0.00176	0.00485	0.00743	0.00426	0.00559
4	0.00863	0.00932	0.12045	0.09867	0.01441	0.00727	0.00940	0.01105	0.01098	0.01470	0.02235	0.22032	0.02436	0.13906	0.01003	0.00269	0.00532	0.26175	0.00407	0.00517
5	0.01378	0.18225	0.01986	0.02103	0.36611	0.14225	0.01228	0.01603	0.01232	0.01540	0.01253	0.13761	0.01238	0.00689	0.00516	0.00158	0.00637	0.00591	0.00302	0.00724
6	0.13202	0.00693	0.00666	0.00634	0.00820	0.00746	0.00488	0.01577	0.13078	0.02132	0.01701	0.01866	0.01323	0.00633	0.00402	0.00142	0.00307	0.00494	0.58519	0.00576
7	0.00909	0.00691	0.00849	0.12131	0.01195	0.00754	0.00597	0.01212	0.12872	0.01320	0.01764	0.07500	0.01844	0.51860	0.01978	0.00406	0.00529	0.00764	0.00363	0.00461
8	0.19025	0.01010	0.01101	0.00863	0.01249	0.00964	0.00698	0.13340	0.01433	0.12405	0.12183	0.01631	0.01482	0.00604	0.00466	0.00137	0.00425	0.00470	0.00449	0.30064

[dist]
# distance from previous block
# <min> <max>
0	25

# created by:
# /st0/software/busco_prod/Augustus/scripts/msa2prfl.pl ./align_prep/168779.fa
