[name]
unknown

[dist]
# distance from previous block
# <min> <max>
0	57

[block]
# block no. 0 follows, 48 sequences, length 54
# corresponding to MSA columns:
# 57-110
name=unknown_A
#
# <colnr> <probs for GDERKNQSTAVLIFYWHMCP>
#	G	D	E	R	K	N	Q	S	T	A	V	L	I	F	Y	W	H	M	C	P
0	0.09813	0.00658	0.00853	0.00914	0.01078	0.00664	0.00792	0.01241	0.01175	0.08726	0.02444	0.04900	0.02548	0.01247	0.00650	0.00221	0.00461	0.60624	0.00471	0.00518
1	0.02185	0.01062	0.01307	0.01002	0.01404	0.01034	0.00828	0.27425	0.01784	0.53752	0.01759	0.01574	0.01137	0.00629	0.00515	0.00157	0.00479	0.00498	0.00594	0.00873
2	0.00956	0.00478	0.00478	0.00478	0.00598	0.00478	0.00359	0.01196	0.01076	0.01913	0.01674	0.01913	0.01315	0.00598	0.00359	0.00120	0.00239	0.00478	0.84816	0.00478
3	0.00848	0.00660	0.00786	0.00824	0.00941	0.00693	0.00594	0.02973	0.22770	0.01613	0.04307	0.52944	0.02839	0.01309	0.00615	0.00197	0.00339	0.03712	0.00492	0.00542
4	0.01123	0.01123	0.01572	0.01347	0.01347	0.01572	0.01123	0.01235	0.00786	0.01235	0.00674	0.01123	0.00674	0.00898	0.01684	0.00225	0.81028	0.00449	0.00225	0.00561
5	0.01358	0.71224	0.02628	0.00995	0.01412	0.03385	0.05828	0.01537	0.01047	0.01238	0.00734	0.00877	0.00667	0.00465	0.00422	0.00120	0.04879	0.00306	0.00223	0.00654
6	0.01123	0.01123	0.01572	0.01347	0.01347	0.01572	0.01123	0.01235	0.00786	0.01235	0.00674	0.01123	0.00674	0.00898	0.01684	0.00225	0.81028	0.00449	0.00225	0.00561
7	0.01816	0.18000	0.03507	0.01132	0.01544	0.08229	0.00973	0.52247	0.02005	0.04085	0.01098	0.01130	0.00814	0.00570	0.00471	0.00143	0.00594	0.00412	0.00428	0.00803
8	0.00956	0.00478	0.00478	0.00478	0.00598	0.00478	0.00359	0.01196	0.01076	0.01913	0.01674	0.01913	0.01315	0.00598	0.00359	0.00120	0.00239	0.00478	0.84816	0.00478
9	0.04385	0.04656	0.64502	0.01348	0.02036	0.01160	0.01675	0.01726	0.01122	0.11208	0.01043	0.01148	0.00723	0.00504	0.00480	0.00160	0.00699	0.00389	0.00272	0.00762
10	0.01295	0.64395	0.19896	0.01009	0.01520	0.01842	0.01107	0.01556	0.01052	0.01301	0.00760	0.00882	0.00657	0.00450	0.00365	0.00122	0.00596	0.00298	0.00219	0.00681
11	0.01097	0.01085	0.01523	0.01313	0.01319	0.01511	0.01091	0.01214	0.00788	0.01232	0.00719	0.01181	0.00713	0.01090	0.06763	0.00263	0.75858	0.00456	0.00228	0.00555
12	0.01562	0.32341	0.15286	0.01172	0.01595	0.33026	0.01103	0.05794	0.01287	0.01407	0.00809	0.00931	0.00669	0.00493	0.00420	0.00130	0.00736	0.00325	0.00253	0.00662
13	0.00956	0.00478	0.00478	0.00478	0.00598	0.00478	0.00359	0.01196	0.01076	0.01913	0.01674	0.01913	0.01315	0.00598	0.00359	0.00120	0.00239	0.00478	0.84816	0.00478
14	0.04468	0.01235	0.01400	0.01076	0.01479	0.01297	0.00889	0.49778	0.02050	0.28767	0.01484	0.01394	0.00997	0.00618	0.00509	0.00156	0.00517	0.00475	0.00549	0.00864
15	0.07499	0.01176	0.01340	0.01038	0.01434	0.01223	0.00856	0.40601	0.04104	0.33088	0.01536	0.01429	0.01029	0.00617	0.00502	0.00157	0.00499	0.00475	0.00549	0.00851
16	0.01403	0.65863	0.06637	0.00995	0.01432	0.09909	0.03123	0.01621	0.02677	0.01266	0.00770	0.00886	0.00680	0.00456	0.00363	0.00118	0.00605	0.00302	0.00231	0.00661
17	0.00885	0.00448	0.00664	0.00664	0.00664	0.00448	0.00440	0.00672	0.00672	0.00896	0.00923	0.01639	0.00934	0.05340	0.02032	0.81319	0.00448	0.00459	0.00227	0.00227
18	0.01951	0.01437	0.01540	0.01181	0.01591	0.01591	0.00975	0.77056	0.02412	0.03234	0.01232	0.01232	0.00873	0.00616	0.00513	0.00154	0.00565	0.00462	0.00513	0.00873
19	0.00625	0.00447	0.00595	0.00714	0.00744	0.00417	0.00476	0.00714	0.00982	0.01310	0.02828	0.81633	0.03394	0.01608	0.00655	0.00208	0.00298	0.01459	0.00476	0.00417
20	0.00764	0.00587	0.00849	0.00832	0.00906	0.00694	0.00638	0.00920	0.00812	0.01171	0.01350	0.02108	0.01306	0.12931	0.64823	0.00740	0.07276	0.00566	0.00275	0.00448
21	0.01398	0.01356	0.01945	0.05767	0.56723	0.11722	0.04308	0.01705	0.02900	0.05755	0.01024	0.01272	0.00827	0.00483	0.00507	0.00152	0.00651	0.00452	0.00281	0.00773
22	0.01195	0.01245	0.01539	0.01330	0.01360	0.09725	0.01096	0.01311	0.00857	0.01236	0.00705	0.01127	0.00689	0.00941	0.03706	0.00231	0.70476	0.00439	0.00230	0.00562
23	0.00613	0.00520	0.00529	0.00527	0.00697	0.00436	0.00395	0.00750	0.01186	0.01425	0.09459	0.04874	0.74273	0.01285	0.00606	0.00173	0.00259	0.01074	0.00482	0.00436
24	0.01366	0.77732	0.02655	0.01005	0.05658	0.01985	0.00917	0.01539	0.01050	0.01233	0.00727	0.00848	0.00667	0.00440	0.00339	0.00112	0.00552	0.00285	0.00221	0.00667
25	0.00687	0.00527	0.00628	0.00687	0.00777	0.00502	0.00478	0.00908	0.07838	0.01414	0.05801	0.49925	0.21646	0.04786	0.00711	0.00207	0.00305	0.01241	0.00476	0.00454
26	0.01540	0.03269	0.05705	0.01007	0.01446	0.01168	0.00864	0.33150	0.06639	0.07738	0.01195	0.01232	0.00886	0.00524	0.00459	0.00126	0.00488	0.00406	0.00422	0.31735
27	0.06728	0.01202	0.02029	0.05833	0.66642	0.01216	0.05726	0.01564	0.01146	0.01701	0.00951	0.01252	0.00789	0.00459	0.00501	0.00155	0.00613	0.00454	0.00257	0.00780
28	0.00767	0.00534	0.00697	0.00651	0.00780	0.00491	0.00490	0.01006	0.01448	0.04162	0.75049	0.03796	0.06097	0.01042	0.00603	0.00162	0.00248	0.00919	0.00565	0.00494
29	0.01533	0.01146	0.01251	0.01019	0.01326	0.01258	0.00814	0.44728	0.15805	0.02628	0.11805	0.01882	0.03243	0.03874	0.00689	0.04712	0.00477	0.00569	0.00498	0.00744
30	0.02282	0.00905	0.01210	0.00928	0.01326	0.00801	0.00767	0.06680	0.01522	0.74868	0.01980	0.01718	0.01248	0.00634	0.00516	0.00159	0.00444	0.00513	0.00628	0.00873
31	0.00625	0.00447	0.00595	0.00714	0.00744	0.00417	0.00476	0.00714	0.00982	0.01310	0.02828	0.81633	0.03394	0.01608	0.00655	0.00208	0.00298	0.01459	0.00476	0.00417
32	0.01917	0.02445	0.01454	0.01322	0.01586	0.79907	0.00991	0.02049	0.01454	0.01256	0.00793	0.00925	0.00661	0.00529	0.00463	0.00132	0.00925	0.00330	0.00264	0.00595
33	0.01029	0.02654	0.79309	0.01462	0.02221	0.01192	0.01896	0.01625	0.01083	0.01625	0.00921	0.01083	0.00650	0.00487	0.00487	0.00162	0.00758	0.00379	0.00217	0.00758
34	0.02072	0.01045	0.01275	0.00994	0.01373	0.01033	0.00814	0.25366	0.06684	0.47703	0.01740	0.01592	0.01152	0.00678	0.00574	0.03513	0.00474	0.00501	0.00574	0.00843
35	0.00900	0.00718	0.00812	0.00744	0.00914	0.03120	0.00567	0.05311	0.12755	0.02057	0.54979	0.03406	0.09748	0.00977	0.00584	0.00163	0.00306	0.00845	0.00540	0.00553
36	0.01435	0.01077	0.06247	0.04299	0.01443	0.00884	0.00813	0.08051	0.06470	0.19792	0.01273	0.01309	0.00931	0.00502	0.00467	0.00121	0.01798	0.00399	0.00403	0.42286
37	0.80852	0.01085	0.05158	0.00719	0.01061	0.01153	0.00631	0.01515	0.00885	0.02264	0.00726	0.00848	0.00561	0.00477	0.00327	0.00159	0.00417	0.00284	0.00312	0.00567
38	0.01934	0.01429	0.01530	0.01177	0.01585	0.01583	0.00971	0.75201	0.04295	0.03207	0.01253	0.01249	0.00890	0.00618	0.00514	0.00154	0.00561	0.00465	0.00514	0.00871
39	0.01008	0.00621	0.00801	0.00711	0.00885	0.00580	0.00547	0.05247	0.01506	0.12691	0.63876	0.03408	0.04139	0.00969	0.00588	0.00161	0.00286	0.00847	0.00572	0.00558
40	0.01253	0.01201	0.02051	0.07617	0.74435	0.01215	0.01566	0.01560	0.01160	0.01655	0.00962	0.01276	0.00805	0.00460	0.00508	0.00153	0.00614	0.00457	0.00252	0.00799
41	0.01913	0.01401	0.01506	0.01165	0.01567	0.01550	0.00959	0.70233	0.07534	0.04945	0.01309	0.01291	0.00929	0.00622	0.00514	0.00155	0.00551	0.00471	0.00517	0.00868
42	0.00716	0.00524	0.00672	0.00635	0.00760	0.00480	0.00476	0.00949	0.01428	0.02001	0.72285	0.03926	0.11088	0.01070	0.00605	0.00162	0.00244	0.00941	0.00557	0.00480
43	0.00746	0.00497	0.00560	0.00560	0.00560	0.00497	0.00311	0.00746	0.00746	0.00995	0.01617	0.03358	0.01865	0.81967	0.02612	0.00497	0.00497	0.00746	0.00311	0.00311
44	0.01255	0.01204	0.02055	0.07074	0.74961	0.01215	0.01567	0.01561	0.01161	0.01658	0.00962	0.01275	0.00806	0.00460	0.00508	0.00153	0.00613	0.00457	0.00253	0.00800
45	0.01769	0.00948	0.01175	0.00882	0.01301	0.00819	0.00720	0.09330	0.02840	0.40269	0.01517	0.01435	0.01039	0.00536	0.00463	0.00127	0.00427	0.00430	0.00493	0.33479
46	0.00891	0.00446	0.00668	0.00668	0.00668	0.00446	0.00446	0.00668	0.00668	0.00891	0.00891	0.01560	0.00891	0.01783	0.02005	0.85071	0.00446	0.00446	0.00223	0.00223
47	0.01125	0.16300	0.62891	0.01356	0.02039	0.04650	0.01683	0.01628	0.01092	0.01538	0.00880	0.01032	0.00652	0.00481	0.00459	0.00152	0.00729	0.00359	0.00219	0.00734
48	0.01177	0.04479	0.07320	0.11314	0.02473	0.04387	0.48348	0.01551	0.01145	0.01536	0.01029	0.03616	0.00826	0.00520	0.00646	0.00172	0.06575	0.00561	0.01671	0.00656
49	0.00969	0.00912	0.01539	0.80734	0.03534	0.01140	0.01425	0.01311	0.01026	0.01311	0.00912	0.01368	0.00684	0.00513	0.00513	0.00171	0.00684	0.00456	0.00228	0.00570
50	0.00711	0.00511	0.00657	0.00745	0.00799	0.00493	0.00509	0.05669	0.01075	0.01435	0.02724	0.76414	0.03230	0.01543	0.00646	0.00205	0.00315	0.01394	0.00479	0.00446
51	0.01553	0.35479	0.09796	0.01164	0.01547	0.32063	0.02438	0.04183	0.01242	0.01343	0.00786	0.00926	0.00668	0.00506	0.00471	0.00132	0.04483	0.00327	0.00247	0.00647
52	0.01492	0.01238	0.01240	0.01059	0.01354	0.07521	0.00830	0.32053	0.28950	0.02365	0.01776	0.11096	0.02893	0.03003	0.00589	0.00176	0.00498	0.00631	0.00486	0.00751
53	0.01936	0.01430	0.01532	0.01178	0.01586	0.01584	0.00972	0.75465	0.04027	0.03210	0.01250	0.01247	0.00887	0.00618	0.00513	0.00154	0.00561	0.00464	0.00513	0.00871

[dist]
# distance from previous block
# <min> <max>
0	23

[block]
# block no. 1 follows, 48 sequences, length 17
# corresponding to MSA columns:
# 134-150
name=unknown_B
#
# <colnr> <probs for GDERKNQSTAVLIFYWHMCP>
#	G	D	E	R	K	N	Q	S	T	A	V	L	I	F	Y	W	H	M	C	P
0	0.46283	0.03649	0.26709	0.00976	0.01442	0.01186	0.01032	0.01675	0.07206	0.04302	0.00932	0.01030	0.00692	0.00502	0.00396	0.00160	0.00522	0.00343	0.00308	0.00655
1	0.00976	0.00853	0.01140	0.03086	0.01114	0.01078	0.00803	0.04745	0.00940	0.01353	0.07511	0.07043	0.03289	0.19281	0.06340	0.00310	0.38692	0.00639	0.00310	0.00496
2	0.00625	0.00447	0.00595	0.00714	0.00744	0.00417	0.00476	0.00714	0.00982	0.01310	0.02828	0.81633	0.03394	0.01608	0.00655	0.00208	0.00298	0.01459	0.00476	0.00417
3	0.01132	0.02510	0.72974	0.01418	0.02147	0.01156	0.01803	0.01696	0.01115	0.07909	0.01010	0.01137	0.00700	0.00499	0.00490	0.00162	0.00732	0.00390	0.00251	0.00768
4	0.01951	0.01437	0.01540	0.01181	0.01591	0.01591	0.00975	0.77056	0.02412	0.03234	0.01232	0.01232	0.00873	0.00616	0.00513	0.00154	0.00565	0.00462	0.00513	0.00873
5	0.01917	0.02445	0.01454	0.01322	0.01586	0.79907	0.00991	0.02049	0.01454	0.01256	0.00793	0.00925	0.00661	0.00529	0.00463	0.00132	0.00925	0.00330	0.00264	0.00595
6	0.01125	0.24855	0.57945	0.01299	0.01969	0.01425	0.01612	0.01600	0.01072	0.01508	0.00863	0.01011	0.00652	0.00474	0.00443	0.00148	0.00700	0.00350	0.00217	0.00730
7	0.69037	0.16970	0.01134	0.00715	0.01056	0.01324	0.00619	0.01514	0.00907	0.02087	0.00714	0.00831	0.00576	0.00469	0.00320	0.00149	0.00427	0.00277	0.00298	0.00576
8	0.01372	0.82276	0.02689	0.00878	0.01317	0.02030	0.00878	0.01536	0.01043	0.01207	0.00713	0.00823	0.00658	0.00439	0.00329	0.00110	0.00549	0.00274	0.00219	0.00658
9	0.01237	0.00930	0.01098	0.00794	0.01242	0.00730	0.00639	0.04593	0.01165	0.10217	0.01047	0.01146	0.00821	0.00418	0.00400	0.00088	0.00394	0.00334	0.00349	0.72359
10	0.01029	0.02654	0.79309	0.01462	0.02221	0.01192	0.01896	0.01625	0.01083	0.01625	0.00921	0.01083	0.00650	0.00487	0.00487	0.00162	0.00758	0.00379	0.00217	0.00758
11	0.00625	0.00447	0.00595	0.00714	0.00744	0.00417	0.00476	0.00714	0.00982	0.01310	0.02828	0.81633	0.03394	0.01608	0.00655	0.00208	0.00298	0.01459	0.00476	0.00417
12	0.00618	0.00473	0.00568	0.00644	0.00726	0.00423	0.00445	0.00722	0.01050	0.01337	0.03684	0.53936	0.30538	0.01496	0.00637	0.00196	0.00284	0.01323	0.00476	0.00423
13	0.00706	0.00520	0.00661	0.00633	0.00756	0.00475	0.00472	0.00927	0.01394	0.01938	0.65735	0.07769	0.13888	0.01107	0.00608	0.00165	0.00247	0.00973	0.00550	0.00475
14	0.00744	0.00504	0.00594	0.00594	0.00606	0.00516	0.00354	0.00769	0.00756	0.01021	0.01585	0.03182	0.01789	0.71710	0.12765	0.00540	0.00613	0.00720	0.00306	0.00330
15	0.00622	0.00520	0.00541	0.00536	0.00702	0.00440	0.00402	0.00766	0.01206	0.01472	0.14558	0.04797	0.69145	0.01267	0.00606	0.00172	0.00258	0.01063	0.00488	0.00440
16	0.01064	0.00912	0.01064	0.00760	0.01216	0.00684	0.00608	0.01292	0.01064	0.01672	0.00912	0.01064	0.00760	0.00380	0.00380	0.00076	0.00380	0.00304	0.00304	0.85104

[dist]
# distance from previous block
# <min> <max>
0	9

[block]
# block no. 2 follows, 48 sequences, length 125
# corresponding to MSA columns:
# 160-284
name=unknown_C
#
# <colnr> <probs for GDERKNQSTAVLIFYWHMCP>
#	G	D	E	R	K	N	Q	S	T	A	V	L	I	F	Y	W	H	M	C	P
0	0.00746	0.00497	0.00560	0.00560	0.00560	0.00497	0.00311	0.00746	0.00746	0.00995	0.01617	0.03358	0.01865	0.81967	0.02612	0.00497	0.00497	0.00746	0.00311	0.00311
1	0.01300	0.01114	0.01174	0.01049	0.01343	0.01287	0.00818	0.05331	0.75197	0.02185	0.02058	0.01890	0.01542	0.00693	0.00522	0.00173	0.00412	0.00576	0.00522	0.00814
2	0.01813	0.01265	0.01381	0.01084	0.01464	0.01372	0.00886	0.52271	0.12918	0.11016	0.01448	0.01410	0.01031	0.00620	0.00503	0.00153	0.00506	0.00480	0.04583	0.03796
3	0.01349	0.79343	0.02617	0.00870	0.01297	0.01975	0.00864	0.01516	0.01057	0.01238	0.03504	0.00931	0.00809	0.00461	0.00339	0.00112	0.00538	0.00298	0.00232	0.00652
4	0.00726	0.00524	0.00686	0.00646	0.00767	0.00484	0.00484	0.00968	0.01452	0.02058	0.78496	0.03833	0.04841	0.01049	0.00605	0.00161	0.00242	0.00928	0.00565	0.00484
5	0.01270	0.01219	0.02083	0.03149	0.78767	0.01219	0.01575	0.01575	0.01168	0.01676	0.00965	0.01270	0.00813	0.00457	0.00508	0.00152	0.00610	0.00457	0.00254	0.00813
6	0.00606	0.00520	0.00520	0.00520	0.00693	0.00433	0.00390	0.00736	0.01170	0.01386	0.05198	0.04938	0.78558	0.01299	0.00606	0.00173	0.00260	0.01083	0.00476	0.00433
7	0.01270	0.01219	0.02083	0.03149	0.78767	0.01219	0.01575	0.01575	0.01168	0.01676	0.00965	0.01270	0.00813	0.00457	0.00508	0.00152	0.00610	0.00457	0.00254	0.00813
8	0.03985	0.01426	0.01521	0.01168	0.01577	0.01581	0.00965	0.75219	0.02375	0.03211	0.01219	0.01222	0.00865	0.00613	0.00509	0.00154	0.00561	0.00457	0.00509	0.00865
9	0.00606	0.00520	0.00520	0.00520	0.00693	0.00433	0.00390	0.00736	0.01170	0.01386	0.05198	0.04938	0.78558	0.01299	0.00606	0.00173	0.00260	0.01083	0.00476	0.00433
10	0.01875	0.01234	0.01354	0.01053	0.01424	0.01328	0.00865	0.56609	0.02106	0.14074	0.01403	0.01393	0.00986	0.00616	0.00494	0.00150	0.00505	0.00472	0.11235	0.00823
11	0.00662	0.00522	0.00597	0.00578	0.00727	0.00457	0.00434	0.00844	0.01301	0.01699	0.39343	0.04423	0.44218	0.01183	0.00606	0.00168	0.00252	0.01011	0.00518	0.00457
12	0.00709	0.00524	0.00662	0.00627	0.00756	0.00477	0.00470	0.00934	0.01411	0.01959	0.67760	0.03995	0.15639	0.01086	0.00605	0.00163	0.00245	0.00951	0.00552	0.00477
13	0.85592	0.00992	0.00754	0.00675	0.00992	0.01151	0.00556	0.01508	0.00873	0.02302	0.00714	0.00834	0.00556	0.00476	0.00318	0.00159	0.00397	0.00278	0.00318	0.00556
14	0.85592	0.00992	0.00754	0.00675	0.00992	0.01151	0.00556	0.01508	0.00873	0.02302	0.00714	0.00834	0.00556	0.00476	0.00318	0.00159	0.00397	0.00278	0.00318	0.00556
15	0.01942	0.00910	0.01162	0.00905	0.01280	0.00826	0.00738	0.08075	0.06708	0.53224	0.07890	0.01807	0.01485	0.00642	0.00508	0.00150	0.00423	0.00525	0.00575	0.10225
16	0.07788	0.62285	0.10161	0.00936	0.01389	0.01829	0.00956	0.05398	0.01100	0.01436	0.00774	0.00895	0.00673	0.00524	0.01935	0.00135	0.00575	0.00300	0.00243	0.00668
17	0.85592	0.00992	0.00754	0.00675	0.00992	0.01151	0.00556	0.01508	0.00873	0.02302	0.00714	0.00834	0.00556	0.00476	0.00318	0.00159	0.00397	0.00278	0.00318	0.00556
18	0.01324	0.01135	0.01239	0.01125	0.03252	0.01319	0.00863	0.08899	0.65057	0.02173	0.01905	0.01794	0.01437	0.00695	0.00589	0.00175	0.05159	0.00559	0.00497	0.00803
19	0.01951	0.01437	0.01540	0.01181	0.01591	0.01591	0.00975	0.77056	0.02412	0.03234	0.01232	0.01232	0.00873	0.00616	0.00513	0.00154	0.00565	0.00462	0.00513	0.00873
20	0.01064	0.00912	0.01064	0.00760	0.01216	0.00684	0.00608	0.01292	0.01064	0.01672	0.00912	0.01064	0.00760	0.00380	0.00380	0.00076	0.00380	0.00304	0.00304	0.85104
21	0.01961	0.01369	0.01488	0.01143	0.01547	0.01496	0.00944	0.69074	0.02304	0.09755	0.01309	0.01290	0.00916	0.00617	0.00510	0.00154	0.00547	0.00467	0.02244	0.00865
22	0.01235	0.01184	0.02020	0.12109	0.70079	0.01210	0.01557	0.01544	0.01152	0.01634	0.00959	0.01281	0.00798	0.00464	0.00509	0.00155	0.00618	0.00457	0.00251	0.00785
23	0.00804	0.00576	0.00799	0.00916	0.01026	0.00571	0.00786	0.01024	0.01162	0.01511	0.02771	0.12981	0.04329	0.01433	0.00702	0.00232	0.00452	0.66985	0.00473	0.00466
24	0.00980	0.00923	0.01558	0.78016	0.06170	0.01143	0.01430	0.01320	0.01031	0.01324	0.00914	0.01365	0.00689	0.00511	0.00513	0.00170	0.00681	0.00456	0.00229	0.00579
25	0.01899	0.00784	0.01062	0.00845	0.01171	0.00685	0.00685	0.02109	0.01464	0.59425	0.21569	0.02280	0.02183	0.00741	0.00539	0.00159	0.00387	0.00621	0.00617	0.00774
26	0.00746	0.00497	0.00560	0.00560	0.00560	0.00497	0.00311	0.00746	0.00746	0.00995	0.01617	0.03358	0.01865	0.81967	0.02612	0.00497	0.00497	0.00746	0.00311	0.00311
27	0.00656	0.00547	0.00577	0.00573	0.00738	0.00482	0.00428	0.00866	0.05230	0.01497	0.13073	0.09159	0.61863	0.01258	0.00605	0.00174	0.00268	0.01061	0.00489	0.00458
28	0.01917	0.02445	0.01454	0.01322	0.01586	0.79907	0.00991	0.02049	0.01454	0.01256	0.00793	0.00925	0.00661	0.00529	0.00463	0.00132	0.00925	0.00330	0.00264	0.00595
29	0.00978	0.00929	0.01592	0.77915	0.03503	0.01146	0.04133	0.01323	0.01033	0.01323	0.00917	0.01369	0.00687	0.00510	0.00516	0.00171	0.00690	0.00461	0.00229	0.00574
30	0.01193	0.40774	0.42626	0.01183	0.01788	0.01593	0.01408	0.01583	0.01064	0.01425	0.00821	0.00959	0.00654	0.00464	0.00412	0.00137	0.00658	0.00329	0.00218	0.00711
31	0.68519	0.11356	0.01043	0.00734	0.01065	0.03195	0.00621	0.04163	0.00972	0.02166	0.02018	0.00898	0.00653	0.00487	0.00334	0.00152	0.00432	0.00296	0.00315	0.00580
32	0.00606	0.00520	0.00520	0.00520	0.00693	0.00433	0.00390	0.00736	0.01170	0.01386	0.05198	0.04938	0.78558	0.01299	0.00606	0.00173	0.00260	0.01083	0.00476	0.00433
33	0.01372	0.82276	0.02689	0.00878	0.01317	0.02030	0.00878	0.01536	0.01043	0.01207	0.00713	0.00823	0.00658	0.00439	0.00329	0.00110	0.00549	0.00274	0.00219	0.00658
34	0.00746	0.00497	0.00560	0.00560	0.00560	0.00497	0.00311	0.00746	0.00746	0.00995	0.01617	0.03358	0.01865	0.81967	0.02612	0.00497	0.00497	0.00746	0.00311	0.00311
35	0.01949	0.01473	0.01537	0.01186	0.01591	0.04379	0.00976	0.74386	0.02378	0.03163	0.01216	0.01221	0.00865	0.00613	0.00511	0.00153	0.00577	0.00457	0.00504	0.00863
36	0.01362	0.77526	0.02709	0.00953	0.01397	0.01987	0.05342	0.01543	0.01052	0.01233	0.00732	0.00856	0.00666	0.00439	0.00345	0.00113	0.00567	0.00294	0.00222	0.00660
37	0.02243	0.00860	0.01172	0.00903	0.01289	0.00744	0.00744	0.02443	0.01468	0.76208	0.04916	0.01825	0.01405	0.00651	0.00519	0.00159	0.00429	0.00532	0.00632	0.00859
38	0.01218	0.01537	0.10196	0.07408	0.02631	0.05893	0.60055	0.01643	0.01200	0.01596	0.01004	0.01327	0.00753	0.00449	0.00579	0.00169	0.00846	0.00557	0.00254	0.00684
39	0.08008	0.09680	0.06866	0.01163	0.01552	0.21590	0.00995	0.36857	0.04703	0.02308	0.01042	0.01100	0.00785	0.00560	0.00466	0.00146	0.00650	0.00395	0.00386	0.00747
40	0.00801	0.00572	0.00797	0.00916	0.01023	0.00569	0.00782	0.01019	0.01156	0.01507	0.02731	0.15418	0.03009	0.01442	0.00702	0.00233	0.00450	0.65936	0.00473	0.00465
41	0.01177	0.01297	0.02706	0.01971	0.02437	0.01236	0.65356	0.01670	0.07571	0.01663	0.01248	0.06905	0.01023	0.00535	0.00602	0.00176	0.00788	0.00662	0.00296	0.00683
42	0.01540	0.00901	0.01114	0.00824	0.01250	0.00725	0.00668	0.03285	0.01251	0.30757	0.02857	0.01378	0.01034	0.00494	0.00438	0.00110	0.00402	0.00399	0.00438	0.50137
43	0.00696	0.00519	0.00647	0.00624	0.00751	0.00470	0.00465	0.00907	0.01369	0.01881	0.59531	0.08392	0.19592	0.01131	0.00608	0.00166	0.00249	0.00989	0.00542	0.00470
44	0.01211	0.01384	0.03028	0.02163	0.02682	0.01298	0.76903	0.01644	0.01211	0.01644	0.01038	0.01384	0.00779	0.00433	0.00606	0.00173	0.00865	0.00606	0.00260	0.00692
45	0.01029	0.02654	0.79309	0.01462	0.02221	0.01192	0.01896	0.01625	0.01083	0.01625	0.00921	0.01083	0.00650	0.00487	0.00487	0.00162	0.00758	0.00379	0.00217	0.00758
46	0.00891	0.00446	0.00668	0.00668	0.00668	0.00446	0.00446	0.00668	0.00668	0.00891	0.00891	0.01560	0.00891	0.01783	0.02005	0.85071	0.00446	0.00446	0.00223	0.00223
47	0.01221	0.47339	0.36309	0.01134	0.01714	0.01662	0.01325	0.01575	0.01060	0.01391	0.00804	0.00937	0.00655	0.00460	0.00399	0.00133	0.00641	0.00320	0.00218	0.00702
48	0.00625	0.00447	0.00595	0.00714	0.00744	0.00417	0.00476	0.00714	0.00982	0.01310	0.02828	0.81633	0.03394	0.01608	0.00655	0.00208	0.00298	0.01459	0.00476	0.00417
49	0.01866	0.00817	0.01065	0.00854	0.01176	0.02099	0.00690	0.02104	0.03275	0.56093	0.21677	0.02273	0.02185	0.00741	0.00538	0.00159	0.00394	0.00620	0.00608	0.00767
50	0.01029	0.02654	0.79309	0.01462	0.02221	0.01192	0.01896	0.01625	0.01083	0.01625	0.00921	0.01083	0.00650	0.00487	0.00487	0.00162	0.00758	0.00379	0.00217	0.00758
51	0.01917	0.02445	0.01454	0.01322	0.01586	0.79907	0.00991	0.02049	0.01454	0.01256	0.00793	0.00925	0.00661	0.00529	0.00463	0.00132	0.00925	0.00330	0.00264	0.00595
52	0.00667	0.00488	0.00627	0.00725	0.00778	0.00465	0.00502	0.00817	0.03886	0.01349	0.02883	0.65733	0.07647	0.04766	0.00729	0.00219	0.00320	0.06497	0.00471	0.00432
53	0.01180	0.01382	0.05971	0.06662	0.02574	0.01312	0.61452	0.01581	0.01151	0.01581	0.00988	0.01343	0.00757	0.00488	0.00707	0.00178	0.09197	0.00571	0.00252	0.00674
54	0.85592	0.00992	0.00754	0.00675	0.00992	0.01151	0.00556	0.01508	0.00873	0.02302	0.00714	0.00834	0.00556	0.00476	0.00318	0.00159	0.00397	0.00278	0.00318	0.00556
55	0.00850	0.00823	0.10698	0.00784	0.01002	0.00602	0.00698	0.01143	0.02677	0.05802	0.51920	0.06553	0.07875	0.01008	0.00593	0.00169	0.00338	0.05416	0.00510	0.00538
56	0.00631	0.00451	0.00603	0.00722	0.00754	0.00422	0.00487	0.00725	0.00989	0.01317	0.02825	0.79261	0.03380	0.01602	0.00657	0.00209	0.00303	0.03768	0.00476	0.00419
57	0.01029	0.02654	0.79309	0.01462	0.02221	0.01192	0.01896	0.01625	0.01083	0.01625	0.00921	0.01083	0.00650	0.00487	0.00487	0.00162	0.00758	0.00379	0.00217	0.00758
58	0.00733	0.00549	0.00819	0.00819	0.00909	0.00638	0.00635	0.00913	0.00823	0.01187	0.01379	0.02043	0.01295	0.05449	0.78350	0.00818	0.01356	0.00554	0.00276	0.00455
59	0.01192	0.01324	0.02778	0.01985	0.02496	0.01220	0.67216	0.01599	0.01192	0.01647	0.01022	0.01343	0.00776	0.00426	0.00577	0.00161	0.00803	0.00567	0.00265	0.11410
60	0.01276	0.01102	0.01160	0.01044	0.01334	0.01276	0.00812	0.02727	0.77840	0.02146	0.02088	0.01914	0.01566	0.00696	0.00522	0.00174	0.00406	0.00580	0.00522	0.00812
61	0.00987	0.00930	0.01571	0.76178	0.07952	0.01145	0.01434	0.01326	0.01034	0.01332	0.00915	0.01362	0.00692	0.00510	0.00513	0.00170	0.00680	0.00456	0.00230	0.00584
62	0.00734	0.00547	0.00809	0.00809	0.00895	0.00633	0.00622	0.00906	0.00820	0.01180	0.01389	0.02095	0.01317	0.08437	0.75392	0.00805	0.01323	0.00561	0.00277	0.00449
63	0.01930	0.01310	0.01447	0.01109	0.01518	0.01397	0.00914	0.59165	0.03657	0.14570	0.01347	0.01312	0.00939	0.00604	0.00505	0.00150	0.00530	0.00462	0.00518	0.06620
64	0.01129	0.01076	0.01829	0.39383	0.43632	0.01182	0.01505	0.01452	0.01102	0.01506	0.00940	0.01316	0.00753	0.00483	0.00510	0.00161	0.00644	0.00457	0.00242	0.00699
65	0.00746	0.00497	0.00560	0.00560	0.00560	0.00497	0.00311	0.00746	0.00746	0.00995	0.01617	0.03358	0.01865	0.81967	0.02612	0.00497	0.00497	0.00746	0.00311	0.00311
66	0.01211	0.01384	0.03028	0.02163	0.02682	0.01298	0.76903	0.01644	0.01211	0.01644	0.01038	0.01384	0.00779	0.00433	0.00606	0.00173	0.00865	0.00606	0.00260	0.00692
67	0.33398	0.01332	0.01239	0.00999	0.01366	0.06246	0.00818	0.44033	0.01775	0.02762	0.01010	0.01063	0.00740	0.00558	0.00437	0.00154	0.00524	0.00385	0.00424	0.00736
68	0.00724	0.00524	0.00682	0.00643	0.00765	0.00483	0.00482	0.00963	0.01446	0.02043	0.76929	0.03856	0.06418	0.01054	0.00605	0.00162	0.00242	0.00931	0.00563	0.00483
69	0.39868	0.00934	0.00984	0.00801	0.01154	0.00954	0.00660	0.04624	0.01220	0.39352	0.01394	0.01321	0.00935	0.00562	0.00421	0.00157	0.00417	0.00405	0.03119	0.00717
70	0.01928	0.02106	0.01483	0.01274	0.01588	0.53571	0.00986	0.27273	0.01776	0.01921	0.00941	0.01028	0.00732	0.00558	0.00480	0.00140	0.00804	0.00375	0.00348	0.00688
71	0.00616	0.00481	0.00560	0.00623	0.00720	0.00424	0.00436	0.00725	0.01070	0.01346	0.03940	0.45664	0.38645	0.01463	0.00632	0.00192	0.00280	0.01282	0.00476	0.00424
72	0.01276	0.01102	0.01160	0.01044	0.01334	0.01276	0.00812	0.02727	0.77840	0.02146	0.02088	0.01914	0.01566	0.00696	0.00522	0.00174	0.00406	0.00580	0.00522	0.00812
73	0.00625	0.00447	0.00595	0.00714	0.00744	0.00417	0.00476	0.00714	0.00982	0.01310	0.02828	0.81633	0.03394	0.01608	0.00655	0.00208	0.00298	0.01459	0.00476	0.00417
74	0.01123	0.01123	0.01572	0.01347	0.01347	0.01572	0.01123	0.01235	0.00786	0.01235	0.00674	0.01123	0.00674	0.00898	0.01684	0.00225	0.81028	0.00449	0.00225	0.00561
75	0.00743	0.00498	0.00559	0.00559	0.00562	0.00496	0.00312	0.00746	0.00755	0.01003	0.01688	0.03389	0.03391	0.80363	0.02572	0.00491	0.00493	0.00753	0.00314	0.00313
76	0.01111	0.00940	0.01089	0.00782	0.01236	0.00732	0.00627	0.05273	0.01135	0.01754	0.00929	0.01073	0.00766	0.00392	0.00387	0.00080	0.00390	0.00312	0.00315	0.80678
77	0.04321	0.45851	0.24794	0.01070	0.01586	0.01677	0.01164	0.06077	0.06370	0.01551	0.00898	0.00998	0.00727	0.00482	0.00399	0.00134	0.00596	0.00337	0.00260	0.00707
78	0.01924	0.02217	0.01474	0.01290	0.01587	0.62168	0.00988	0.19038	0.01671	0.01704	0.00893	0.00995	0.00709	0.00549	0.00474	0.00137	0.00844	0.00360	0.00321	0.00658
79	0.00754	0.00513	0.00591	0.00586	0.00590	0.00526	0.00341	0.00763	0.00750	0.01007	0.01588	0.03260	0.01818	0.77325	0.05471	0.00504	0.02252	0.00733	0.00308	0.00322
80	0.85592	0.00992	0.00754	0.00675	0.00992	0.01151	0.00556	0.01508	0.00873	0.02302	0.00714	0.00834	0.00556	0.00476	0.00318	0.00159	0.00397	0.00278	0.00318	0.00556
81	0.67791	0.00967	0.00847	0.00726	0.01060	0.01066	0.00598	0.01720	0.01000	0.18720	0.00994	0.01029	0.00708	0.00510	0.00360	0.00159	0.00405	0.00329	0.00385	0.00624
82	0.01386	0.69018	0.05329	0.00932	0.01368	0.03779	0.00917	0.04342	0.06344	0.01361	0.00835	0.00924	0.00728	0.00467	0.00358	0.00118	0.00556	0.00307	0.00252	0.00679
83	0.01408	0.01094	0.01194	0.01069	0.02878	0.01228	0.00822	0.09506	0.59725	0.09161	0.02090	0.01929	0.04167	0.00700	0.00523	0.00170	0.00422	0.00579	0.00525	0.00810
84	0.03405	0.01138	0.01194	0.01051	0.01356	0.01310	0.00825	0.11277	0.67262	0.02276	0.01956	0.01809	0.01462	0.00682	0.00516	0.00171	0.00424	0.00559	0.00516	0.00813
85	0.01168	0.01333	0.07147	0.15100	0.19531	0.01264	0.38921	0.01549	0.01139	0.01571	0.00973	0.01323	0.00757	0.00482	0.00625	0.00171	0.05480	0.00525	0.00248	0.00695
86	0.00613	0.00520	0.00530	0.00527	0.00697	0.00436	0.00395	0.00750	0.01186	0.01426	0.09502	0.04873	0.74230	0.01285	0.00606	0.00173	0.00259	0.01074	0.00482	0.00436
87	0.01011	0.01042	0.04660	0.09292	0.01644	0.01236	0.09885	0.01222	0.00882	0.01294	0.00935	0.01412	0.00847	0.01567	0.22041	0.00369	0.39372	0.00492	0.00242	0.00558
88	0.00733	0.00550	0.00825	0.00825	0.00916	0.00641	0.00641	0.00916	0.00825	0.01191	0.01374	0.02016	0.01283	0.03848	0.79934	0.00825	0.01374	0.00550	0.00275	0.00458
89	0.00615	0.00520	0.00531	0.00528	0.00698	0.00437	0.00396	0.00752	0.01189	0.01432	0.10200	0.04863	0.73527	0.01282	0.00606	0.00172	0.00259	0.01072	0.00483	0.00437
90	0.85592	0.00992	0.00754	0.00675	0.00992	0.01151	0.00556	0.01508	0.00873	0.02302	0.00714	0.00834	0.00556	0.00476	0.00318	0.00159	0.00397	0.00278	0.00318	0.00556
91	0.00659	0.00461	0.00585	0.00671	0.00692	0.00440	0.00430	0.00723	0.00916	0.01221	0.02487	0.59564	0.02963	0.24263	0.01207	0.00290	0.00354	0.01258	0.00430	0.00387
92	0.01173	0.01120	0.01908	0.28072	0.54600	0.01194	0.01527	0.01490	0.01123	0.01559	0.00948	0.01301	0.00771	0.00475	0.00510	0.00158	0.00633	0.00457	0.00246	0.00735
93	0.85592	0.00992	0.00754	0.00675	0.00992	0.01151	0.00556	0.01508	0.00873	0.02302	0.00714	0.00834	0.00556	0.00476	0.00318	0.00159	0.00397	0.00278	0.00318	0.00556
94	0.01020	0.02588	0.76851	0.01437	0.02175	0.01170	0.01852	0.01604	0.01095	0.01638	0.03346	0.01169	0.00781	0.00505	0.00491	0.00162	0.00742	0.00396	0.00228	0.00750
95	0.02278	0.00912	0.01215	0.00931	0.01329	0.00811	0.00769	0.07589	0.01533	0.73943	0.01970	0.01711	0.01243	0.00634	0.00516	0.00158	0.00445	0.00512	0.00627	0.00873
96	0.01276	0.01102	0.01160	0.01044	0.01334	0.01276	0.00812	0.02727	0.77840	0.02146	0.02088	0.01914	0.01566	0.00696	0.00522	0.00174	0.00406	0.00580	0.00522	0.00812
97	0.01215	0.01373	0.02963	0.02230	0.07874	0.01292	0.71762	0.01639	0.01208	0.01646	0.01033	0.01376	0.00781	0.00434	0.00599	0.00172	0.00848	0.00595	0.00259	0.00700
98	0.00815	0.00707	0.00740	0.00819	0.00897	0.09631	0.00596	0.00945	0.01103	0.01393	0.07738	0.54150	0.03102	0.01413	0.00638	0.00201	0.00396	0.13808	0.00457	0.00451
99	0.01301	0.01289	0.02015	0.06511	0.70119	0.06586	0.01528	0.01595	0.01181	0.01631	0.00951	0.01251	0.00797	0.00465	0.00505	0.00152	0.00634	0.00448	0.00254	0.00787
100	0.00969	0.00912	0.01539	0.80734	0.03534	0.01140	0.01425	0.01311	0.01026	0.01311	0.00912	0.01368	0.00684	0.00513	0.00513	0.00171	0.00684	0.00456	0.00228	0.00570
101	0.01372	0.82276	0.02689	0.00878	0.01317	0.02030	0.00878	0.01536	0.01043	0.01207	0.00713	0.00823	0.00658	0.00439	0.00329	0.00110	0.00549	0.00274	0.00219	0.00658
102	0.01074	0.00602	0.00795	0.00702	0.00886	0.00543	0.00542	0.01305	0.01450	0.19194	0.59986	0.03391	0.05547	0.00962	0.00585	0.00161	0.00286	0.00839	0.00579	0.00570
103	0.00758	0.00533	0.00688	0.00645	0.00775	0.00488	0.00485	0.00992	0.01436	0.03892	0.72332	0.03847	0.09083	0.01054	0.00603	0.00162	0.00248	0.00927	0.00561	0.00491
104	0.02093	0.00906	0.01177	0.00927	0.01299	0.00836	0.00757	0.05073	0.10972	0.63507	0.05389	0.01842	0.01451	0.00660	0.00521	0.00161	0.00429	0.00540	0.00614	0.00848
105	0.01502	0.01576	0.01264	0.01142	0.01423	0.29034	0.00875	0.02487	0.50875	0.01832	0.01631	0.01565	0.01247	0.00637	0.00501	0.00159	0.00589	0.00492	0.00431	0.00735
106	0.00766	0.00578	0.00609	0.00582	0.00775	0.00506	0.00443	0.00982	0.05702	0.06760	0.07428	0.04503	0.66118	0.01210	0.00595	0.00172	0.00280	0.01009	0.00493	0.00487
107	0.00726	0.00524	0.00686	0.00646	0.00767	0.00484	0.00484	0.00968	0.01452	0.02058	0.78496	0.03833	0.04841	0.01049	0.00605	0.00161	0.00242	0.00928	0.00565	0.00484
108	0.00733	0.00550	0.00825	0.00825	0.00916	0.00641	0.00641	0.00916	0.00825	0.01191	0.01374	0.02016	0.01283	0.03848	0.79934	0.00825	0.01374	0.00550	0.00275	0.00458
109	0.01029	0.02654	0.79309	0.01462	0.02221	0.01192	0.01896	0.01625	0.01083	0.01625	0.00921	0.01083	0.00650	0.00487	0.00487	0.00162	0.00758	0.00379	0.00217	0.00758
110	0.00856	0.00540	0.00669	0.00666	0.00806	0.00480	0.00488	0.01006	0.01208	0.11385	0.20893	0.30823	0.25714	0.01264	0.00611	0.00181	0.00291	0.01105	0.00517	0.00495
111	0.00890	0.00711	0.01010	0.18723	0.01605	0.00790	0.00909	0.01287	0.10418	0.01540	0.05752	0.06864	0.02213	0.01371	0.08885	0.00271	0.00587	0.35234	0.00408	0.00532
112	0.01064	0.00912	0.01064	0.00760	0.01216	0.00684	0.00608	0.01292	0.01064	0.01672	0.00912	0.01064	0.00760	0.00380	0.00380	0.00076	0.00380	0.00304	0.00304	0.85104
113	0.01917	0.02445	0.01454	0.01322	0.01586	0.79907	0.00991	0.02049	0.01454	0.01256	0.00793	0.00925	0.00661	0.00529	0.00463	0.00132	0.00925	0.00330	0.00264	0.00595
114	0.01034	0.00880	0.01032	0.00757	0.01184	0.00666	0.00599	0.01253	0.01058	0.01647	0.01043	0.06563	0.00940	0.00464	0.00399	0.00085	0.00374	0.00383	0.00316	0.79324
115	0.01951	0.01437	0.01540	0.01181	0.01591	0.01591	0.00975	0.77056	0.02412	0.03234	0.01232	0.01232	0.00873	0.00616	0.00513	0.00154	0.00565	0.00462	0.00513	0.00873
116	0.01308	0.67422	0.16982	0.00987	0.01486	0.01874	0.01068	0.01553	0.01050	0.01285	0.00752	0.00872	0.00657	0.00448	0.00359	0.00120	0.00588	0.00294	0.00219	0.00677
117	0.01123	0.01123	0.01572	0.01347	0.01347	0.01572	0.01123	0.01235	0.00786	0.01235	0.00674	0.01123	0.00674	0.00898	0.01684	0.00225	0.81028	0.00449	0.00225	0.00561
118	0.01266	0.01230	0.02147	0.03082	0.73574	0.01224	0.06716	0.01579	0.01171	0.01674	0.00970	0.01278	0.00810	0.00455	0.00515	0.00154	0.00627	0.00467	0.00254	0.00805
119	0.01172	0.00991	0.01046	0.00948	0.01217	0.01113	0.00735	0.02360	0.62419	0.03280	0.04280	0.02446	0.14172	0.00801	0.00538	0.00173	0.00379	0.00669	0.00517	0.00744
120	0.01222	0.01136	0.03361	0.24326	0.28976	0.01163	0.03995	0.11224	0.01258	0.01748	0.00987	0.01307	0.00792	0.02290	0.00565	0.00157	0.02200	0.00446	0.00287	0.12559
121	0.07743	0.04021	0.01405	0.01048	0.01441	0.03841	0.05276	0.18404	0.05858	0.43169	0.01620	0.01500	0.01080	0.00601	0.00499	0.00157	0.00506	0.00482	0.00531	0.00820
122	0.09516	0.13329	0.53580	0.01230	0.01851	0.01246	0.01493	0.01582	0.01066	0.04393	0.01076	0.01231	0.03420	0.02311	0.00501	0.00162	0.00659	0.00392	0.00253	0.00707
123	0.17665	0.01146	0.01333	0.02804	0.01478	0.01282	0.07654	0.14674	0.35884	0.06469	0.01524	0.01505	0.01129	0.00614	0.00517	0.00168	0.02453	0.00495	0.00450	0.00754
124	0.79315	0.01046	0.00858	0.00746	0.01071	0.02853	0.02961	0.03191	0.00930	0.02280	0.00738	0.00862	0.00572	0.00479	0.00334	0.00159	0.00427	0.00293	0.00319	0.00568

[dist]
# distance from previous block
# <min> <max>
5	21

# created by:
# /st0/software/busco_prod/Augustus/scripts/msa2prfl.pl ./align_prep/168772.fa
