[name]
unknown

[dist]
# distance from previous block
# <min> <max>
0	5

[block]
# block no. 0 follows, 46 sequences, length 28
# corresponding to MSA columns:
# 5-32
name=unknown_A
#
# <colnr> <probs for GDERKNQSTAVLIFYWHMCP>
#	G	D	E	R	K	N	Q	S	T	A	V	L	I	F	Y	W	H	M	C	P
0	0.01408	0.36028	0.05255	0.01077	0.03959	0.12355	0.00935	0.02763	0.03153	0.06515	0.01302	0.06306	0.01226	0.00687	0.00465	0.00147	0.00585	0.09964	0.00328	0.05543
1	0.04935	0.02659	0.02971	0.32173	0.06599	0.01031	0.01076	0.01654	0.07503	0.12334	0.03988	0.01550	0.02220	0.00561	0.00495	0.00153	0.00544	0.00473	0.00355	0.16728
2	0.00838	0.00696	0.00770	0.00671	0.00925	0.00600	0.00516	0.02993	0.05722	0.01698	0.14645	0.05341	0.39537	0.01015	0.00559	0.00152	0.00314	0.00852	0.00463	0.21694
3	0.01305	0.04650	0.16472	0.09703	0.07047	0.04649	0.13022	0.14321	0.04236	0.02958	0.08563	0.01560	0.01233	0.00677	0.02812	0.00180	0.00674	0.00515	0.00347	0.05077
4	0.01656	0.00805	0.01046	0.00860	0.01180	0.00699	0.00678	0.01901	0.04498	0.41662	0.07567	0.17278	0.01926	0.00838	0.00543	0.00160	0.00396	0.00717	0.00554	0.15036
5	0.32690	0.00960	0.01041	0.00850	0.01211	0.00972	0.00695	0.03555	0.07120	0.37891	0.04706	0.01527	0.01192	0.00609	0.00457	0.00163	0.00425	0.00457	0.00510	0.02967
6	0.18031	0.01794	0.01470	0.01501	0.13608	0.35541	0.01026	0.13488	0.03347	0.01912	0.00930	0.01071	0.00742	0.00551	0.00500	0.00152	0.02938	0.00381	0.00327	0.00690
7	0.07641	0.15481	0.60264	0.01346	0.02038	0.01365	0.01675	0.01650	0.01093	0.01658	0.00897	0.01052	0.00664	0.00493	0.00462	0.00158	0.00717	0.00365	0.00232	0.00748
8	0.00725	0.00500	0.00649	0.00704	0.00777	0.00462	0.00487	0.00859	0.01152	0.03688	0.22674	0.50581	0.07727	0.05499	0.00757	0.00214	0.00304	0.01274	0.00511	0.00456
9	0.05036	0.01079	0.01252	0.00940	0.01375	0.00997	0.00768	0.22049	0.01578	0.22917	0.01331	0.01324	0.00948	0.00532	0.00464	0.00127	0.00460	0.00415	0.00464	0.35944
10	0.00768	0.00514	0.00586	0.00586	0.00590	0.00518	0.00332	0.00775	0.00772	0.01032	0.01657	0.03410	0.01901	0.78672	0.05410	0.00524	0.00545	0.00762	0.00319	0.00326
11	0.01053	0.00995	0.01684	0.66593	0.16771	0.01189	0.01495	0.01399	0.01083	0.01417	0.00949	0.01392	0.00728	0.00518	0.00528	0.00173	0.00691	0.00470	0.00240	0.00631
12	0.00688	0.00532	0.00628	0.00618	0.00757	0.00471	0.00458	0.00877	0.01335	0.01769	0.41577	0.10968	0.34944	0.01236	0.00628	0.00175	0.00262	0.01068	0.00537	0.00471
13	0.63937	0.01169	0.00981	0.00832	0.01180	0.03527	0.00683	0.18515	0.01276	0.02558	0.00859	0.00954	0.00650	0.00525	0.00377	0.00162	0.00464	0.00331	0.00371	0.00648
14	0.00757	0.00507	0.00593	0.00604	0.00619	0.00499	0.00359	0.00777	0.00849	0.01136	0.06869	0.12009	0.03754	0.62250	0.02264	0.04135	0.00465	0.00855	0.00356	0.00343
15	0.01832	0.01278	0.01401	0.01128	0.01507	0.01401	0.00914	0.40632	0.27313	0.14297	0.01688	0.01584	0.01200	0.00665	0.00532	0.00166	0.00507	0.00525	0.00551	0.00878
16	0.85155	0.01022	0.00777	0.00695	0.01022	0.01186	0.00573	0.01554	0.00900	0.02372	0.00736	0.00859	0.00573	0.00491	0.00327	0.00164	0.00409	0.00286	0.00327	0.00573
17	0.01029	0.00968	0.01374	0.01216	0.01246	0.01314	0.00998	0.01168	0.00822	0.01258	0.00924	0.01450	0.00894	0.01895	0.26479	0.00428	0.55248	0.00496	0.00248	0.00544
18	0.29735	0.01328	0.01317	0.01043	0.01434	0.01488	0.00861	0.51416	0.01957	0.03012	0.01091	0.01132	0.00790	0.00587	0.00462	0.00160	0.00524	0.00413	0.00462	0.00790
19	0.85155	0.01022	0.00777	0.00695	0.01022	0.01186	0.00573	0.01554	0.00900	0.02372	0.00736	0.00859	0.00573	0.00491	0.00327	0.00164	0.00409	0.00286	0.00327	0.00573
20	0.01216	0.01371	0.06692	0.03471	0.01528	0.08178	0.01206	0.01372	0.00895	0.01303	0.00728	0.01143	0.00692	0.00855	0.01515	0.00218	0.66343	0.00448	0.00234	0.00595
21	0.00643	0.00463	0.00610	0.00728	0.00765	0.00430	0.00487	0.00737	0.01020	0.01353	0.03016	0.77907	0.06599	0.01643	0.00673	0.00213	0.00305	0.01487	0.00491	0.00430
22	0.01143	0.01020	0.01636	0.56044	0.05209	0.01202	0.06268	0.10406	0.02936	0.01620	0.01028	0.01429	0.00784	0.00683	0.02608	0.03891	0.00701	0.00486	0.00281	0.00627
23	0.00700	0.00519	0.00654	0.00670	0.00778	0.00473	0.00488	0.00885	0.01303	0.01769	0.42228	0.25671	0.17452	0.01296	0.00641	0.00184	0.00275	0.03006	0.00538	0.00470
24	0.01084	0.13735	0.61311	0.01350	0.02029	0.01288	0.01681	0.01604	0.01142	0.01651	0.07448	0.01319	0.01038	0.00544	0.00489	0.00160	0.00706	0.00423	0.00254	0.00743
25	0.01140	0.01047	0.01093	0.00816	0.01250	0.07362	0.00645	0.01360	0.01138	0.01667	0.01221	0.01347	0.05862	0.00467	0.00414	0.00090	0.00431	0.00368	0.00321	0.71961
26	0.00757	0.00580	0.00736	0.04256	0.00973	0.00590	0.00577	0.01058	0.11796	0.01465	0.02740	0.62961	0.04603	0.03376	0.00696	0.00214	0.00344	0.01304	0.00482	0.00492
27	0.01202	0.00975	0.01137	0.00872	0.01265	0.00872	0.00697	0.14120	0.03493	0.01926	0.01115	0.01338	0.00927	0.02398	0.12184	0.00217	0.00579	0.00395	0.00352	0.53937

[dist]
# distance from previous block
# <min> <max>
0	6

[block]
# block no. 1 follows, 46 sequences, length 39
# corresponding to MSA columns:
# 39-77
name=unknown_B
#
# <colnr> <probs for GDERKNQSTAVLIFYWHMCP>
#	G	D	E	R	K	N	Q	S	T	A	V	L	I	F	Y	W	H	M	C	P
0	0.04746	0.13554	0.01723	0.01315	0.03777	0.38372	0.02941	0.11502	0.06018	0.01664	0.00940	0.01080	0.00770	0.00585	0.00595	0.00151	0.08892	0.00387	0.00312	0.00677
1	0.01180	0.00928	0.01090	0.00807	0.01234	0.00746	0.00645	0.04489	0.03448	0.06206	0.08272	0.01437	0.01237	0.00491	0.00431	0.00098	0.00390	0.00401	0.00373	0.66098
2	0.00803	0.00626	0.00806	0.00781	0.00914	0.00592	0.02720	0.04667	0.01165	0.01575	0.11878	0.40817	0.13156	0.06177	0.00781	0.00206	0.02698	0.01125	0.00463	0.08048
3	0.01625	0.12751	0.01880	0.11694	0.17268	0.24650	0.03358	0.17226	0.01522	0.01815	0.00958	0.01147	0.00764	0.00531	0.00489	0.00148	0.00724	0.00412	0.00312	0.00726
4	0.01749	0.10462	0.01559	0.01081	0.01475	0.04733	0.00895	0.44452	0.03111	0.07708	0.01341	0.07113	0.01081	0.00660	0.00500	0.00148	0.00542	0.00511	0.00465	0.10412
5	0.00648	0.00486	0.00601	0.00679	0.00755	0.00440	0.00469	0.00764	0.01103	0.01436	0.10003	0.54935	0.22709	0.01525	0.00658	0.00201	0.00292	0.01356	0.00499	0.00440
6	0.01182	0.00990	0.01142	0.00824	0.01289	0.00792	0.00662	0.08373	0.01227	0.01874	0.00971	0.01112	0.00794	0.00414	0.00404	0.00086	0.00409	0.00328	0.00333	0.76792
7	0.01413	0.62509	0.13984	0.01037	0.01522	0.09209	0.01072	0.01646	0.01120	0.01313	0.00775	0.00898	0.00677	0.00468	0.00376	0.00123	0.00634	0.00304	0.00230	0.00688
8	0.00739	0.00502	0.00593	0.00621	0.00633	0.00495	0.00371	0.00769	0.00843	0.01128	0.03518	0.21820	0.02346	0.59447	0.03598	0.00441	0.00475	0.00943	0.00365	0.00353
9	0.00685	0.00538	0.00620	0.00599	0.00751	0.00472	0.00449	0.00876	0.01348	0.01768	0.40947	0.04529	0.42105	0.01212	0.00624	0.00173	0.00259	0.01037	0.00536	0.00472
10	0.00874	0.00651	0.00801	0.00815	0.00928	0.00646	0.00583	0.11037	0.01211	0.01635	0.02539	0.59840	0.04584	0.02886	0.00704	0.00204	0.02629	0.01238	0.00474	0.05722
11	0.01216	0.00936	0.01108	0.00798	0.01262	0.00712	0.00641	0.01448	0.01135	0.08928	0.01047	0.01162	0.00832	0.00416	0.00405	0.00086	0.00397	0.00334	0.00345	0.76792
12	0.01128	0.00975	0.01159	0.00852	0.01276	0.00817	0.00687	0.03457	0.01109	0.01726	0.00926	0.01107	0.00778	0.00449	0.00522	0.00095	0.07911	0.00332	0.00312	0.74382
13	0.02169	0.00882	0.01185	0.00911	0.01308	0.00755	0.00748	0.02379	0.01477	0.67543	0.06443	0.01867	0.01481	0.00657	0.00525	0.00157	0.00433	0.00538	0.00621	0.07921
14	0.00783	0.00570	0.00776	0.00735	0.00785	0.00578	0.04855	0.00850	0.00833	0.01129	0.01705	0.10390	0.01902	0.56042	0.15373	0.00522	0.00669	0.00795	0.00327	0.00379
15	0.01271	0.01153	0.10268	0.00935	0.01421	0.00801	0.02951	0.02801	0.01186	0.12123	0.02139	0.02872	0.00953	0.00480	0.00441	0.00108	0.00459	0.00396	0.00358	0.56882
16	0.01259	0.01110	0.05929	0.15358	0.16056	0.00963	0.01065	0.03798	0.02773	0.08934	0.01134	0.02921	0.00899	0.00502	0.00473	0.00131	0.00524	0.00431	0.00331	0.35411
17	0.05294	0.02572	0.70328	0.01508	0.02252	0.01232	0.06249	0.01669	0.01113	0.01710	0.00945	0.01121	0.00673	0.00498	0.00501	0.00168	0.00769	0.00399	0.00231	0.00767
18	0.01454	0.08766	0.01416	0.01086	0.01423	0.01449	0.00875	0.16475	0.56033	0.02331	0.01853	0.01735	0.01392	0.00677	0.00518	0.00169	0.00463	0.00545	0.00507	0.00834
19	0.01197	0.00982	0.01245	0.07172	0.08667	0.00878	0.00818	0.08533	0.03035	0.03923	0.08259	0.01477	0.01229	0.00563	0.01583	0.00125	0.00459	0.00432	0.00362	0.49061
20	0.01308	0.03783	0.58387	0.01449	0.03449	0.03442	0.01700	0.12327	0.01345	0.06408	0.01054	0.01172	0.00743	0.00530	0.00505	0.00164	0.00732	0.00409	0.00294	0.00799
21	0.06699	0.01369	0.01509	0.01194	0.01587	0.01523	0.04068	0.51272	0.20196	0.02939	0.01441	0.01420	0.01047	0.00638	0.00523	0.00165	0.00545	0.00500	0.00508	0.00857
22	0.00767	0.00556	0.00621	0.00601	0.00775	0.00478	0.00452	0.00927	0.01274	0.06651	0.19987	0.09241	0.53259	0.01260	0.00621	0.00177	0.00278	0.01068	0.00521	0.00486
23	0.01200	0.01169	0.03511	0.07740	0.62196	0.01148	0.01476	0.01496	0.01173	0.01657	0.01287	0.09480	0.02904	0.00616	0.00541	0.00165	0.00595	0.00589	0.00288	0.00770
24	0.01275	0.03803	0.37855	0.05409	0.28546	0.02824	0.03397	0.01719	0.01184	0.07537	0.01046	0.01245	0.00782	0.00503	0.00511	0.00162	0.00701	0.00435	0.00272	0.00794
25	0.00964	0.08490	0.05850	0.01183	0.07618	0.01065	0.00916	0.01157	0.00911	0.01298	0.01245	0.01809	0.02866	0.07573	0.37442	0.00514	0.17753	0.00526	0.00269	0.00552
26	0.00636	0.00505	0.00571	0.00620	0.00737	0.00441	0.00440	0.00755	0.01134	0.01413	0.06116	0.35760	0.46088	0.01461	0.00645	0.00193	0.00283	0.01268	0.00493	0.00441
27	0.01077	0.02538	0.69180	0.05097	0.08409	0.01228	0.01906	0.01656	0.01121	0.01664	0.00952	0.01144	0.00685	0.00501	0.00505	0.00167	0.00766	0.00401	0.00227	0.00777
28	0.01348	0.24199	0.42393	0.03558	0.01913	0.01404	0.01453	0.01798	0.03269	0.12380	0.01083	0.01171	0.00789	0.00517	0.00463	0.00152	0.00663	0.00389	0.00294	0.00765
29	0.01446	0.09154	0.07086	0.02127	0.34457	0.16903	0.04499	0.03273	0.12688	0.01693	0.01114	0.01286	0.00896	0.00525	0.00502	0.00154	0.00676	0.00448	0.00305	0.00770
30	0.00768	0.00578	0.00846	0.00840	0.00922	0.00675	0.00643	0.00937	0.00841	0.01210	0.01419	0.02180	0.01360	0.11147	0.69885	0.00800	0.03621	0.00582	0.00285	0.00461
31	0.00644	0.00460	0.00613	0.00736	0.00767	0.00429	0.00491	0.00736	0.01012	0.01350	0.02914	0.81076	0.03497	0.01656	0.00675	0.00215	0.00307	0.01503	0.00491	0.00429
32	0.01192	0.01103	0.01169	0.03510	0.01307	0.14143	0.06711	0.10904	0.07351	0.01725	0.07354	0.22135	0.03163	0.10811	0.00841	0.00219	0.00544	0.03114	0.02131	0.00575
33	0.01070	0.00914	0.01066	0.00778	0.01226	0.00691	0.00623	0.01301	0.01104	0.01707	0.01173	0.01391	0.04052	0.00459	0.00410	0.00087	0.00389	0.02314	0.00325	0.78919
34	0.03337	0.01632	0.30054	0.31781	0.04036	0.01172	0.05656	0.04650	0.02434	0.03218	0.01083	0.03191	0.00825	0.00552	0.00516	0.00170	0.00690	0.00473	0.03844	0.00686
35	0.00644	0.00460	0.00613	0.00736	0.00767	0.00429	0.00491	0.00736	0.01012	0.01350	0.02914	0.81076	0.03497	0.01656	0.00675	0.00215	0.00307	0.01503	0.00491	0.00429
36	0.01325	0.62221	0.08137	0.01005	0.01409	0.01902	0.01001	0.01521	0.01034	0.01278	0.00778	0.00964	0.00711	0.00682	0.04315	0.00167	0.10329	0.00326	0.00229	0.00664
37	0.03067	0.05675	0.05581	0.05587	0.01446	0.01001	0.00830	0.15011	0.04192	0.09037	0.04279	0.13268	0.01423	0.00706	0.00496	0.00143	0.00465	0.00586	0.00414	0.26795
38	0.01358	0.43616	0.15559	0.01048	0.01541	0.05452	0.02388	0.01619	0.01122	0.04695	0.00873	0.01000	0.00724	0.00475	0.00429	0.00124	0.02446	0.00330	0.00262	0.14938

[dist]
# distance from previous block
# <min> <max>
0	2

[block]
# block no. 2 follows, 46 sequences, length 42
# corresponding to MSA columns:
# 80-121
name=unknown_C
#
# <colnr> <probs for GDERKNQSTAVLIFYWHMCP>
#	G	D	E	R	K	N	Q	S	T	A	V	L	I	F	Y	W	H	M	C	P
0	0.01868	0.11575	0.01679	0.01151	0.01564	0.01630	0.00965	0.55991	0.10780	0.05519	0.01330	0.01314	0.00967	0.00622	0.00506	0.00155	0.00557	0.00467	0.00496	0.00864
1	0.01307	0.00792	0.00996	0.00783	0.01118	0.00652	0.00621	0.01539	0.01342	0.21781	0.27765	0.02263	0.02370	0.00697	0.00508	0.00131	0.00358	0.00592	0.00494	0.33889
2	0.01431	0.05021	0.48682	0.01475	0.06896	0.01149	0.04031	0.01899	0.01226	0.21325	0.01239	0.01304	0.00849	0.00535	0.00509	0.00164	0.00682	0.00436	0.00338	0.00809
3	0.01336	0.10824	0.01969	0.11463	0.45011	0.12127	0.01366	0.01599	0.01200	0.01543	0.01053	0.06189	0.00947	0.00560	0.00505	0.00155	0.00655	0.00495	0.00270	0.00733
4	0.04907	0.05332	0.01193	0.00902	0.01228	0.00981	0.00736	0.12426	0.10856	0.32582	0.14342	0.02028	0.01838	0.00709	0.00516	0.00159	0.00419	0.00576	0.07504	0.00767
5	0.76445	0.01100	0.04282	0.00770	0.01124	0.01174	0.02056	0.01604	0.00941	0.05477	0.00808	0.00920	0.00612	0.00497	0.00349	0.00164	0.00436	0.00307	0.00335	0.00598
6	0.01143	0.01131	0.01704	0.56896	0.20164	0.07176	0.01468	0.01470	0.01124	0.01431	0.00943	0.01352	0.00733	0.00517	0.00523	0.00169	0.00707	0.00460	0.00244	0.00645
7	0.01248	0.03062	0.02420	0.01773	0.02184	0.06231	0.48776	0.05946	0.01338	0.01778	0.11478	0.03406	0.01459	0.01766	0.00675	0.00180	0.03635	0.01645	0.00332	0.00669
8	0.00918	0.00459	0.00689	0.00689	0.00689	0.00459	0.00459	0.00689	0.00689	0.00918	0.00918	0.01607	0.00918	0.01837	0.02066	0.84619	0.00459	0.00459	0.00230	0.00230
9	0.01306	0.56102	0.21797	0.01172	0.05550	0.01800	0.01198	0.01596	0.01100	0.01394	0.02319	0.01000	0.00769	0.00478	0.00395	0.00130	0.00617	0.00333	0.00234	0.00709
10	0.00757	0.00514	0.00597	0.00597	0.00620	0.00505	0.00357	0.00800	0.00894	0.01208	0.12828	0.07772	0.03684	0.64152	0.02248	0.00441	0.00459	0.00841	0.00370	0.00354
11	0.01426	0.79963	0.02742	0.00915	0.01363	0.03823	0.00907	0.01595	0.01084	0.01245	0.00737	0.00850	0.00678	0.00454	0.00342	0.00114	0.00574	0.00284	0.00227	0.00677
12	0.00918	0.00459	0.00689	0.00689	0.00689	0.00459	0.00459	0.00689	0.00689	0.00918	0.00918	0.01607	0.00918	0.01837	0.02066	0.84619	0.00459	0.00459	0.00230	0.00230
13	0.00768	0.00516	0.00593	0.00593	0.00598	0.00521	0.00340	0.00779	0.00774	0.01037	0.01651	0.03378	0.01887	0.76880	0.07184	0.00532	0.00565	0.00757	0.00318	0.00329
14	0.19988	0.28148	0.18358	0.01036	0.01517	0.04661	0.01055	0.07675	0.01224	0.10515	0.00980	0.01054	0.00742	0.00513	0.00414	0.00146	0.00581	0.00353	0.00322	0.00717
15	0.01094	0.06416	0.13597	0.33091	0.11581	0.02704	0.02749	0.02884	0.01140	0.03059	0.01312	0.10687	0.01204	0.00706	0.00543	0.00176	0.00640	0.05477	0.00297	0.00644
16	0.17437	0.00875	0.01067	0.00858	0.01207	0.00823	0.00700	0.02160	0.03005	0.51564	0.12959	0.01944	0.01719	0.00688	0.00507	0.00164	0.00412	0.00550	0.00581	0.00779
17	0.01207	0.01314	0.07643	0.11585	0.41814	0.08530	0.01352	0.01495	0.01187	0.01594	0.05914	0.06251	0.01278	0.05789	0.00672	0.00185	0.00630	0.00562	0.00294	0.00704
18	0.00817	0.00672	0.00938	0.05435	0.01143	0.00619	0.05290	0.01051	0.01284	0.01773	0.35960	0.06205	0.16975	0.01176	0.05641	0.00205	0.00420	0.02068	0.00465	0.11864
19	0.01050	0.01031	0.06024	0.05604	0.01453	0.00879	0.03292	0.03229	0.01091	0.01623	0.01297	0.12808	0.02701	0.00683	0.00630	0.00136	0.10382	0.00549	0.00326	0.45212
20	0.00700	0.00524	0.00717	0.00773	0.00854	0.00485	0.02028	0.00822	0.01034	0.01410	0.06001	0.65293	0.03178	0.01665	0.05698	0.00243	0.00393	0.01316	0.00464	0.06402
21	0.01170	0.16675	0.52888	0.01496	0.02173	0.03140	0.12060	0.01670	0.01135	0.01591	0.00924	0.01108	0.00690	0.00486	0.00489	0.00159	0.00762	0.00403	0.00231	0.00750
22	0.01073	0.00915	0.01071	0.00781	0.01228	0.00690	0.00619	0.01300	0.01092	0.01703	0.01042	0.05232	0.00923	0.00457	0.00406	0.00085	0.00387	0.00375	0.00322	0.80297
23	0.01971	0.01462	0.01565	0.01209	0.01625	0.01621	0.00995	0.72281	0.06628	0.03270	0.01318	0.01308	0.00939	0.00639	0.00529	0.00160	0.00573	0.00483	0.00529	0.00896
24	0.01116	0.00740	0.00966	0.00917	0.01088	0.04658	0.05054	0.01282	0.01200	0.16047	0.07111	0.42382	0.02752	0.01249	0.00630	0.00195	0.00419	0.08933	0.00498	0.02764
25	0.01210	0.00961	0.01212	0.00871	0.01339	0.00743	0.04547	0.01453	0.01139	0.08102	0.01042	0.01172	0.00828	0.00416	0.00415	0.00091	0.00422	0.00347	0.00339	0.73350
26	0.01040	0.00960	0.01585	0.59957	0.03114	0.01122	0.07111	0.01444	0.05014	0.01484	0.01061	0.01455	0.00805	0.00529	0.00518	0.00167	0.00656	0.00480	0.05502	0.05998
27	0.01509	0.01129	0.01268	0.05141	0.01475	0.01246	0.00863	0.33843	0.22292	0.05606	0.06231	0.11792	0.01691	0.02684	0.00606	0.00181	0.00483	0.00676	0.00515	0.00770
28	0.00970	0.00666	0.00832	0.00784	0.00959	0.00654	0.00615	0.01393	0.12613	0.08151	0.46439	0.03823	0.07705	0.01059	0.00618	0.00179	0.00324	0.11076	0.00563	0.00576
29	0.00715	0.00529	0.00669	0.00665	0.00784	0.00483	0.00493	0.00922	0.01366	0.01872	0.52109	0.16054	0.16593	0.01223	0.00635	0.00178	0.00269	0.03413	0.00550	0.00479
30	0.01133	0.00801	0.05706	0.00794	0.01029	0.00665	0.00663	0.06141	0.01510	0.15718	0.49700	0.03259	0.07051	0.02688	0.00638	0.00173	0.00346	0.00818	0.00559	0.00607
31	0.01099	0.00950	0.01140	0.00814	0.01285	0.00718	0.02254	0.01339	0.01099	0.01722	0.00942	0.01103	0.00783	0.00393	0.00397	0.00080	0.00402	0.00320	0.00312	0.82845
32	0.01309	0.01018	0.05710	0.03654	0.03983	0.00952	0.04729	0.06840	0.19932	0.14886	0.25195	0.04059	0.03824	0.00802	0.00568	0.00170	0.00440	0.00697	0.00517	0.00715
33	0.00903	0.00469	0.00704	0.00704	0.00713	0.00478	0.00478	0.00713	0.00704	0.00948	0.00966	0.01652	0.00957	0.02039	0.09426	0.76639	0.00550	0.00469	0.00235	0.00253
34	0.01067	0.02501	0.68302	0.01619	0.08845	0.01196	0.01855	0.01638	0.01142	0.01700	0.04592	0.01267	0.00889	0.00527	0.00510	0.00166	0.00743	0.00424	0.00244	0.00773
35	0.00853	0.00667	0.00825	0.00767	0.00975	0.00567	0.00564	0.02670	0.01114	0.01588	0.07091	0.42652	0.02535	0.01129	0.00567	0.00162	0.00346	0.03411	0.00433	0.31084
36	0.01096	0.00940	0.01096	0.00783	0.01253	0.00705	0.00626	0.01331	0.01096	0.01723	0.00940	0.01096	0.00783	0.00392	0.00392	0.00078	0.00392	0.00313	0.00313	0.84653
37	0.00809	0.00548	0.00627	0.00615	0.00634	0.00559	0.00364	0.03262	0.00830	0.01113	0.01637	0.03301	0.01851	0.73939	0.07397	0.00522	0.00571	0.00747	0.00325	0.00349
38	0.01037	0.01017	0.03615	0.68769	0.07716	0.01189	0.01450	0.01466	0.05812	0.01434	0.01019	0.01431	0.00768	0.00536	0.00528	0.00175	0.00685	0.00476	0.00255	0.00622
39	0.01018	0.00933	0.01543	0.75428	0.03482	0.01157	0.01416	0.02854	0.01088	0.01415	0.00977	0.01429	0.00734	0.00534	0.00522	0.00174	0.00684	0.00471	0.03552	0.00590
40	0.11454	0.01190	0.01897	0.08559	0.10341	0.01205	0.24899	0.14448	0.01365	0.02024	0.01160	0.05970	0.00960	0.00565	0.00524	0.00161	0.00629	0.00543	0.03015	0.09090
41	0.01328	0.01468	0.09373	0.14863	0.37964	0.09353	0.06125	0.03810	0.02691	0.03229	0.02415	0.01341	0.00882	0.00512	0.00523	0.00159	0.00685	0.00468	0.00283	0.02527

[dist]
# distance from previous block
# <min> <max>
0	25

[block]
# block no. 3 follows, 46 sequences, length 12
# corresponding to MSA columns:
# 147-158
name=unknown_D
#
# <colnr> <probs for GDERKNQSTAVLIFYWHMCP>
#	G	D	E	R	K	N	Q	S	T	A	V	L	I	F	Y	W	H	M	C	P
0	0.02370	0.07262	0.06637	0.07556	0.08828	0.02108	0.01949	0.01484	0.11143	0.04354	0.17847	0.04568	0.14110	0.00806	0.00539	0.00160	0.00450	0.00685	0.00417	0.06726
1	0.00918	0.00459	0.00689	0.00689	0.00689	0.00459	0.00459	0.00689	0.00689	0.00918	0.00918	0.01607	0.00918	0.01837	0.02066	0.84619	0.00459	0.00459	0.00230	0.00230
2	0.01088	0.21098	0.37117	0.01209	0.04666	0.03551	0.01308	0.01465	0.01158	0.01544	0.06023	0.01910	0.14441	0.00669	0.00492	0.00155	0.00609	0.00525	0.00294	0.00679
3	0.01111	0.00953	0.01103	0.00803	0.01261	0.00747	0.00641	0.01434	0.06396	0.01757	0.01024	0.01157	0.00841	0.00414	0.00402	0.00085	0.00393	0.00333	0.00329	0.78813
4	0.06109	0.10077	0.16702	0.03729	0.24527	0.19607	0.01338	0.05871	0.01298	0.03025	0.01019	0.01197	0.02217	0.00524	0.00481	0.00151	0.00705	0.00409	0.00282	0.00734
5	0.01693	0.01237	0.01345	0.01069	0.01389	0.01361	0.00850	0.57142	0.02053	0.02756	0.01356	0.01750	0.01126	0.16894	0.05324	0.00267	0.00614	0.00539	0.00474	0.00760
6	0.00973	0.01327	0.24957	0.02780	0.01514	0.00842	0.06299	0.03398	0.01336	0.04291	0.32411	0.04995	0.04817	0.00875	0.00589	0.00175	0.00505	0.06863	0.00430	0.00622
7	0.01186	0.01873	0.29520	0.02046	0.07855	0.01293	0.44991	0.01682	0.01199	0.01689	0.01022	0.01309	0.00758	0.00467	0.00574	0.00173	0.00834	0.00532	0.00252	0.00746
8	0.00743	0.00568	0.00734	0.05568	0.00979	0.00538	0.00572	0.00967	0.01359	0.01835	0.46502	0.06648	0.21159	0.01163	0.00630	0.00179	0.00308	0.08532	0.00527	0.00489
9	0.01440	0.44699	0.18216	0.01262	0.05990	0.05005	0.04916	0.04640	0.01203	0.06856	0.00929	0.01046	0.00745	0.00489	0.00424	0.00136	0.00639	0.00360	0.00273	0.00732
10	0.00795	0.00644	0.02690	0.00754	0.00913	0.00570	0.00596	0.01085	0.05117	0.01876	0.43854	0.14914	0.08071	0.01152	0.00624	0.00179	0.00318	0.10046	0.00526	0.05276
11	0.04694	0.01350	0.09623	0.01309	0.08916	0.01260	0.01039	0.35905	0.05678	0.09564	0.08251	0.07125	0.01476	0.00716	0.00537	0.00166	0.00532	0.00585	0.00477	0.00797

[dist]
# distance from previous block
# <min> <max>
7	10

[block]
# block no. 4 follows, 46 sequences, length 6
# corresponding to MSA columns:
# 169-174
name=unknown_E
#
# <colnr> <probs for GDERKNQSTAVLIFYWHMCP>
#	G	D	E	R	K	N	Q	S	T	A	V	L	I	F	Y	W	H	M	C	P
0	0.03884	0.01037	0.01190	0.00965	0.01295	0.01049	0.02486	0.28519	0.05857	0.10598	0.02073	0.05438	0.11756	0.05715	0.00670	0.00181	0.00472	0.04522	0.00481	0.11812
1	0.06476	0.00630	0.00795	0.00785	0.00901	0.00625	0.02719	0.03122	0.03699	0.05804	0.11373	0.34058	0.02791	0.18028	0.01052	0.00263	0.00397	0.05530	0.00460	0.00489
2	0.05756	0.00846	0.00992	0.00774	0.01146	0.00683	0.00606	0.01320	0.01128	0.06974	0.06395	0.12909	0.01479	0.00644	0.00454	0.00114	0.00375	0.00542	0.00381	0.56484
3	0.01014	0.00961	0.01589	0.72552	0.03424	0.01217	0.01438	0.01343	0.01033	0.01343	0.00916	0.01385	0.00704	0.00567	0.00645	0.00181	0.08398	0.00469	0.00235	0.00586
4	0.00979	0.00741	0.00958	0.04171	0.05590	0.00754	0.00800	0.01418	0.13930	0.05215	0.09439	0.04320	0.16653	0.01150	0.00640	0.00203	0.00429	0.31539	0.00489	0.00582
5	0.01317	0.00944	0.01108	0.00859	0.01229	0.00849	0.00687	0.13604	0.05413	0.10516	0.18393	0.01885	0.01844	0.00631	0.00489	0.00126	0.00398	0.00522	0.00457	0.38729

[dist]
# distance from previous block
# <min> <max>
0	3

[block]
# block no. 5 follows, 46 sequences, length 22
# corresponding to MSA columns:
# 178-199
name=unknown_F
#
# <colnr> <probs for GDERKNQSTAVLIFYWHMCP>
#	G	D	E	R	K	N	Q	S	T	A	V	L	I	F	Y	W	H	M	C	P
0	0.04461	0.00933	0.01160	0.00879	0.01303	0.00792	0.00715	0.02069	0.05647	0.41639	0.01597	0.01504	0.01097	0.00550	0.00471	0.00131	0.00424	0.00442	0.00504	0.33683
1	0.01379	0.07874	0.07076	0.02759	0.60415	0.03876	0.01521	0.01689	0.01214	0.05745	0.01023	0.01273	0.00834	0.00484	0.00506	0.00154	0.00634	0.00450	0.00278	0.00817
2	0.01393	0.75231	0.02677	0.00944	0.01359	0.02054	0.00925	0.01558	0.01053	0.01246	0.00732	0.00873	0.00680	0.00490	0.00452	0.00123	0.07017	0.00297	0.00227	0.00670
3	0.00763	0.00517	0.00594	0.00593	0.00608	0.00517	0.00347	0.00786	0.00816	0.01092	0.04793	0.03463	0.04525	0.71667	0.06423	0.00505	0.00540	0.00777	0.00334	0.00339
4	0.00728	0.00529	0.00685	0.00668	0.00783	0.00487	0.00493	0.00950	0.01416	0.01980	0.63931	0.14443	0.08584	0.01172	0.00631	0.00173	0.00258	0.01038	0.00565	0.00487
5	0.01083	0.00989	0.01600	0.72189	0.05393	0.01212	0.01437	0.07055	0.01169	0.01511	0.00966	0.01396	0.00723	0.00535	0.00528	0.00174	0.00693	0.00470	0.00258	0.00617
6	0.85155	0.01022	0.00777	0.00695	0.01022	0.01186	0.00573	0.01554	0.00900	0.02372	0.00736	0.00859	0.00573	0.00491	0.00327	0.00164	0.00409	0.00286	0.00327	0.00573
7	0.08230	0.01397	0.01500	0.05039	0.01674	0.01561	0.00984	0.62243	0.07125	0.03089	0.01270	0.01290	0.00911	0.00624	0.00514	0.00161	0.00564	0.00469	0.00500	0.00855
8	0.01028	0.00793	0.00853	0.00756	0.00993	0.00785	0.00593	0.16863	0.07775	0.03549	0.13985	0.03824	0.42670	0.01093	0.00597	0.00174	0.00351	0.02209	0.00518	0.00590
9	0.10688	0.02225	0.01434	0.01273	0.01571	0.60803	0.00972	0.11917	0.01567	0.01677	0.00869	0.00985	0.00699	0.00551	0.00468	0.00142	0.00847	0.00353	0.00312	0.00647
10	0.08231	0.02084	0.01464	0.01340	0.04596	0.52283	0.00995	0.16617	0.01613	0.01792	0.00928	0.01061	0.00744	0.00673	0.03197	0.00168	0.00842	0.00376	0.00327	0.00670
11	0.01042	0.01019	0.01793	0.64628	0.03378	0.01225	0.11450	0.01392	0.01067	0.01392	0.00941	0.01395	0.00717	0.00543	0.00619	0.00180	0.05888	0.00490	0.00239	0.00604
12	0.01096	0.00940	0.01096	0.00783	0.01253	0.00705	0.00626	0.01331	0.01096	0.01723	0.00940	0.01096	0.00783	0.00392	0.00392	0.00078	0.00392	0.00313	0.00313	0.84653
13	0.00759	0.00509	0.00579	0.00589	0.00591	0.00506	0.00333	0.00766	0.00787	0.01050	0.01761	0.09355	0.02042	0.75362	0.02538	0.00490	0.00497	0.00825	0.00333	0.00329
14	0.00978	0.00912	0.01509	0.69613	0.03291	0.01138	0.01373	0.01297	0.01040	0.01347	0.01086	0.07830	0.00930	0.00640	0.00604	0.00182	0.04848	0.00553	0.00255	0.00574
15	0.01096	0.00940	0.01096	0.00783	0.01253	0.00705	0.00626	0.01331	0.01096	0.01723	0.00940	0.01096	0.00783	0.00392	0.00392	0.00078	0.00392	0.00313	0.00313	0.84653
16	0.85155	0.01022	0.00777	0.00695	0.01022	0.01186	0.00573	0.01554	0.00900	0.02372	0.00736	0.00859	0.00573	0.00491	0.00327	0.00164	0.00409	0.00286	0.00327	0.00573
17	0.85155	0.01022	0.00777	0.00695	0.01022	0.01186	0.00573	0.01554	0.00900	0.02372	0.00736	0.00859	0.00573	0.00491	0.00327	0.00164	0.00409	0.00286	0.00327	0.00573
18	0.00673	0.00479	0.00618	0.00710	0.00748	0.00451	0.00474	0.00766	0.01014	0.01352	0.06781	0.61157	0.05611	0.13211	0.00965	0.00255	0.00338	0.03506	0.00471	0.00419
19	0.03279	0.51412	0.19541	0.01135	0.01628	0.01776	0.05455	0.01575	0.01073	0.01396	0.00840	0.02446	0.00734	0.00514	0.00479	0.00139	0.05293	0.00360	0.00235	0.00690
20	0.05301	0.48903	0.01965	0.00864	0.01182	0.04416	0.00777	0.01405	0.01064	0.03165	0.01279	0.10979	0.01327	0.08980	0.00659	0.00180	0.00528	0.06127	0.00304	0.00596
21	0.06266	0.11168	0.01703	0.01148	0.01578	0.01492	0.05342	0.45496	0.01947	0.10147	0.01217	0.01243	0.00880	0.00576	0.00490	0.00148	0.00560	0.00443	0.00460	0.07697

[dist]
# distance from previous block
# <min> <max>
0	7

[block]
# block no. 6 follows, 46 sequences, length 34
# corresponding to MSA columns:
# 207-240
name=unknown_G
#
# <colnr> <probs for GDERKNQSTAVLIFYWHMCP>
#	G	D	E	R	K	N	Q	S	T	A	V	L	I	F	Y	W	H	M	C	P
0	0.13048	0.07032	0.49219	0.04308	0.02027	0.02737	0.03820	0.04323	0.01153	0.04319	0.00955	0.01108	0.00694	0.00505	0.00471	0.00161	0.00692	0.00384	0.00268	0.02775
1	0.01096	0.01053	0.01825	0.54948	0.23648	0.01206	0.05817	0.01444	0.01108	0.01472	0.00962	0.01383	0.00746	0.00508	0.00533	0.00171	0.00695	0.00479	0.00244	0.00662
2	0.01268	0.00925	0.00945	0.00835	0.01073	0.08486	0.00646	0.06518	0.09705	0.15279	0.19238	0.03091	0.22320	0.03118	0.03983	0.00205	0.00456	0.00771	0.00512	0.00624
3	0.00709	0.00520	0.00639	0.00669	0.00753	0.00475	0.00455	0.00825	0.01083	0.01459	0.16797	0.37833	0.12718	0.17008	0.01038	0.00252	0.00336	0.01147	0.00465	0.04820
4	0.01135	0.00963	0.01117	0.00801	0.01269	0.00745	0.00643	0.04527	0.01155	0.01791	0.00954	0.01104	0.00788	0.00402	0.00397	0.00082	0.00400	0.00320	0.00322	0.81085
5	0.01260	0.23588	0.41680	0.01323	0.05056	0.02877	0.01449	0.01724	0.04384	0.06233	0.02372	0.02715	0.00889	0.00537	0.00466	0.00152	0.00661	0.00412	0.00279	0.01942
6	0.79182	0.01031	0.00820	0.00721	0.01055	0.01183	0.00594	0.03880	0.00974	0.05559	0.00808	0.00910	0.00613	0.00502	0.00342	0.00163	0.00416	0.00302	0.00347	0.00596
7	0.02196	0.00891	0.01192	0.00926	0.01308	0.00789	0.00760	0.05818	0.01556	0.67524	0.09494	0.01986	0.01651	0.00695	0.00541	0.00164	0.00436	0.00571	0.00641	0.00860
8	0.01257	0.00952	0.01263	0.15871	0.01704	0.01036	0.06245	0.20470	0.07732	0.03447	0.04879	0.13721	0.01577	0.00779	0.00532	0.00167	0.00491	0.00676	0.16547	0.00656
9	0.01941	0.07694	0.01593	0.01315	0.01616	0.65223	0.01012	0.10600	0.01583	0.01524	0.00864	0.00983	0.00706	0.00549	0.00473	0.00137	0.00885	0.00352	0.00299	0.00650
10	0.81616	0.01028	0.00812	0.00724	0.01038	0.01204	0.00597	0.01542	0.00896	0.02326	0.00734	0.00871	0.00578	0.00509	0.00386	0.00166	0.03782	0.00294	0.00323	0.00573
11	0.01187	0.26771	0.48036	0.01393	0.02050	0.01503	0.08930	0.01648	0.01116	0.01544	0.00895	0.01065	0.00685	0.00481	0.00464	0.00152	0.00726	0.00381	0.00228	0.00743
12	0.00918	0.00459	0.00689	0.00689	0.00689	0.00459	0.00459	0.00689	0.00689	0.00918	0.00918	0.01607	0.00918	0.01837	0.02066	0.84619	0.00459	0.00459	0.00230	0.00230
13	0.00787	0.00544	0.00705	0.00681	0.00808	0.00499	0.00508	0.01008	0.01413	0.04683	0.59745	0.13382	0.09478	0.01160	0.00629	0.00174	0.00269	0.02459	0.00566	0.00501
14	0.01159	0.01045	0.01742	0.48296	0.04033	0.01238	0.10985	0.05746	0.01145	0.04121	0.01002	0.01400	0.00769	0.00604	0.00719	0.01704	0.10899	0.00492	0.02277	0.00626
15	0.01078	0.02619	0.72316	0.01601	0.04811	0.01234	0.05719	0.01673	0.01126	0.01677	0.00956	0.01138	0.00682	0.00498	0.00509	0.00168	0.00782	0.00405	0.00227	0.00780
16	0.00684	0.00509	0.00637	0.00666	0.00766	0.00462	0.00476	0.00851	0.01255	0.01690	0.35005	0.33418	0.18938	0.01350	0.00643	0.00187	0.00275	0.01195	0.00529	0.00462
17	0.00686	0.00493	0.00644	0.00750	0.00803	0.00466	0.00531	0.00799	0.01041	0.01369	0.02969	0.58119	0.08294	0.07360	0.00826	0.00238	0.00348	0.13354	0.00478	0.00432
18	0.03127	0.15062	0.07682	0.04082	0.04331	0.31579	0.01071	0.09637	0.05148	0.01647	0.04240	0.01260	0.02066	0.00601	0.00562	0.00151	0.06349	0.00416	0.00314	0.00674
19	0.85155	0.01022	0.00777	0.00695	0.01022	0.01186	0.00573	0.01554	0.00900	0.02372	0.00736	0.00859	0.00573	0.00491	0.00327	0.00164	0.00409	0.00286	0.00327	0.00573
20	0.78509	0.01025	0.00844	0.00793	0.03645	0.01169	0.00617	0.01603	0.00938	0.05854	0.00807	0.00917	0.00615	0.00498	0.00343	0.00163	0.00418	0.00304	0.00340	0.00597
21	0.01131	0.00971	0.01152	0.00861	0.01261	0.00843	0.00694	0.05568	0.01156	0.01762	0.02487	0.01315	0.03778	0.00511	0.00557	0.00105	0.09025	0.00381	0.00328	0.66113
22	0.01996	0.00843	0.01128	0.00892	0.01256	0.00722	0.00721	0.02194	0.01418	0.59565	0.05129	0.10090	0.01633	0.00750	0.00536	0.00160	0.00421	0.00628	0.00600	0.09317
23	0.01175	0.01402	0.07184	0.02034	0.02531	0.01238	0.64186	0.01594	0.01216	0.01657	0.01252	0.09584	0.01071	0.00573	0.00622	0.00181	0.00825	0.00701	0.00288	0.00688
24	0.01316	0.01058	0.02660	0.01081	0.05240	0.04764	0.00803	0.07286	0.32713	0.09517	0.16092	0.05958	0.04162	0.04156	0.00646	0.00186	0.00440	0.00689	0.00511	0.00722
25	0.01055	0.00681	0.00799	0.00721	0.00923	0.01955	0.00554	0.03118	0.05100	0.14448	0.35213	0.06448	0.24784	0.01067	0.00602	0.00171	0.00318	0.00912	0.00556	0.00575
26	0.01221	0.00947	0.01115	0.00812	0.01265	0.00742	0.00650	0.04526	0.01184	0.07690	0.01090	0.03102	0.00894	0.00453	0.00415	0.00092	0.00402	0.00366	0.00353	0.72683
27	0.01096	0.00940	0.01096	0.00783	0.01253	0.00705	0.00626	0.01331	0.01096	0.01723	0.00940	0.01096	0.00783	0.00392	0.00392	0.00078	0.00392	0.00313	0.00313	0.84653
28	0.29777	0.01288	0.01272	0.01014	0.01395	0.01438	0.00835	0.48189	0.01902	0.02932	0.01260	0.01290	0.03985	0.00616	0.00465	0.00161	0.00511	0.00439	0.00460	0.00771
29	0.00759	0.00503	0.00579	0.00598	0.00609	0.00498	0.00350	0.00785	0.00823	0.01120	0.01866	0.15698	0.02146	0.65054	0.02264	0.00447	0.00468	0.00872	0.04216	0.00346
30	0.03463	0.01196	0.02004	0.14336	0.63453	0.01230	0.01549	0.01574	0.01172	0.01689	0.00978	0.01306	0.00810	0.00478	0.00516	0.00158	0.00628	0.00462	0.00261	0.02736
31	0.01210	0.01364	0.07205	0.09616	0.22182	0.01282	0.36013	0.01624	0.03179	0.01654	0.01102	0.01545	0.00894	0.00537	0.00648	0.00177	0.05423	0.03347	0.00273	0.00725
32	0.74903	0.01065	0.00877	0.02711	0.01148	0.01230	0.00637	0.08901	0.01059	0.02441	0.00794	0.00913	0.00608	0.00506	0.00352	0.00163	0.00433	0.00309	0.00345	0.00605
33	0.00757	0.00555	0.00715	0.00778	0.00873	0.00520	0.00562	0.03700	0.01128	0.01519	0.06467	0.57425	0.05313	0.01471	0.00653	0.00204	0.00341	0.10422	0.00484	0.06113

[dist]
# distance from previous block
# <min> <max>
0	1

[block]
# block no. 7 follows, 46 sequences, length 6
# corresponding to MSA columns:
# 242-247
name=unknown_H
#
# <colnr> <probs for GDERKNQSTAVLIFYWHMCP>
#	G	D	E	R	K	N	Q	S	T	A	V	L	I	F	Y	W	H	M	C	P
0	0.01448	0.59952	0.09573	0.01144	0.05574	0.11917	0.01055	0.01662	0.01140	0.01316	0.00779	0.00911	0.00686	0.00470	0.00382	0.00123	0.00639	0.00310	0.00234	0.00688
1	0.00664	0.00469	0.00607	0.00710	0.00736	0.00443	0.00463	0.00741	0.00973	0.01297	0.02713	0.68568	0.03243	0.14510	0.01000	0.00263	0.00340	0.01385	0.00463	0.00412
2	0.85155	0.01022	0.00777	0.00695	0.01022	0.01186	0.00573	0.01554	0.00900	0.02372	0.00736	0.00859	0.00573	0.00491	0.00327	0.00164	0.00409	0.00286	0.00327	0.00573
3	0.02985	0.26558	0.09051	0.02604	0.01410	0.05682	0.05177	0.03028	0.01179	0.07350	0.06354	0.06734	0.01319	0.02339	0.02134	0.00167	0.03142	0.00511	0.08390	0.03885
4	0.00722	0.00550	0.00692	0.00730	0.00848	0.00479	0.00508	0.00842	0.01041	0.01421	0.02743	0.61587	0.08375	0.01412	0.00622	0.00188	0.00319	0.01266	0.00460	0.15196
5	0.01167	0.01384	0.15297	0.02274	0.39550	0.01126	0.06043	0.01600	0.05879	0.01716	0.01436	0.02285	0.01310	0.00695	0.00569	0.00179	0.00629	0.15795	0.00319	0.00747

[dist]
# distance from previous block
# <min> <max>
7	9

[block]
# block no. 8 follows, 46 sequences, length 7
# corresponding to MSA columns:
# 260-266
name=unknown_I
#
# <colnr> <probs for GDERKNQSTAVLIFYWHMCP>
#	G	D	E	R	K	N	Q	S	T	A	V	L	I	F	Y	W	H	M	C	P
0	0.00950	0.00676	0.00810	0.00735	0.00888	0.00699	0.00570	0.09385	0.01424	0.02057	0.38239	0.03100	0.10633	0.01095	0.04483	0.00196	0.05529	0.00776	0.17216	0.00541
1	0.01097	0.00791	0.00973	0.00900	0.01076	0.00880	0.00702	0.08758	0.15555	0.05848	0.01835	0.02432	0.04369	0.09960	0.30496	0.00465	0.03133	0.05379	0.04756	0.00595
2	0.01315	0.04354	0.13552	0.17629	0.22434	0.06761	0.07771	0.06957	0.02857	0.04750	0.03891	0.01505	0.01008	0.00559	0.00529	0.00164	0.00678	0.02245	0.00308	0.00733
3	0.03275	0.36849	0.21088	0.01126	0.01615	0.05443	0.05922	0.01657	0.01173	0.06988	0.05936	0.01272	0.01034	0.00532	0.00438	0.00140	0.00614	0.00404	0.03800	0.00697
4	0.13536	0.01377	0.09780	0.03438	0.10604	0.01231	0.33826	0.03660	0.04184	0.04925	0.01139	0.01497	0.00895	0.00569	0.00607	0.02413	0.02096	0.03210	0.00310	0.00704
5	0.01403	0.03200	0.10392	0.02962	0.06589	0.09854	0.01019	0.23979	0.06990	0.02121	0.04973	0.05761	0.10519	0.00763	0.00584	0.00165	0.03916	0.00603	0.03497	0.00710
6	0.01511	0.01063	0.01300	0.05619	0.01476	0.01126	0.03880	0.30083	0.06865	0.10919	0.07513	0.08954	0.01606	0.06496	0.00727	0.00190	0.02508	0.00639	0.02915	0.04608

[dist]
# distance from previous block
# <min> <max>
2	13

[block]
# block no. 9 follows, 46 sequences, length 27
# corresponding to MSA columns:
# 283-309
name=unknown_J
#
# <colnr> <probs for GDERKNQSTAVLIFYWHMCP>
#	G	D	E	R	K	N	Q	S	T	A	V	L	I	F	Y	W	H	M	C	P
0	0.03500	0.13080	0.07545	0.01312	0.07847	0.10786	0.01058	0.32127	0.02895	0.06883	0.03549	0.01469	0.02627	0.00621	0.00499	0.00153	0.00610	0.02246	0.00413	0.00780
1	0.08846	0.09151	0.18312	0.04272	0.19660	0.01222	0.01205	0.07379	0.05538	0.04949	0.02492	0.01572	0.01042	0.11278	0.00775	0.00205	0.00593	0.00477	0.00321	0.00710
2	0.08590	0.00887	0.00864	0.00870	0.01004	0.11111	0.00637	0.07253	0.01178	0.01602	0.04312	0.42349	0.02360	0.01652	0.12520	0.00290	0.00591	0.00996	0.00421	0.00514
3	0.01679	0.01229	0.01337	0.01059	0.01387	0.01340	0.00847	0.56421	0.02128	0.02866	0.11380	0.01912	0.01572	0.11424	0.00828	0.00207	0.00529	0.00578	0.00508	0.00770
4	0.00837	0.00581	0.00729	0.00713	0.00846	0.00544	0.00529	0.04666	0.01377	0.05034	0.40835	0.24203	0.13098	0.01232	0.00631	0.00182	0.00296	0.02613	0.00545	0.00510
5	0.01146	0.01214	0.02389	0.05656	0.02282	0.01204	0.48663	0.01567	0.05720	0.01629	0.01337	0.12003	0.01194	0.00664	0.00703	0.00183	0.07301	0.00705	0.00311	0.04131
6	0.00768	0.00517	0.00599	0.00599	0.00607	0.00525	0.00348	0.00783	0.00775	0.01042	0.01645	0.03346	0.01873	0.75049	0.08995	0.00540	0.00587	0.00752	0.00317	0.00333
7	0.01278	0.59710	0.13278	0.00947	0.01386	0.01759	0.00976	0.01488	0.01040	0.01276	0.00889	0.01233	0.00842	0.11215	0.00675	0.00174	0.00589	0.00363	0.00238	0.00645
8	0.01326	0.70956	0.02515	0.00897	0.01302	0.01902	0.00872	0.01498	0.01044	0.01242	0.00825	0.01011	0.00764	0.00919	0.10831	0.00211	0.00678	0.00320	0.00234	0.00651
9	0.00644	0.00460	0.00613	0.00736	0.00767	0.00429	0.00491	0.00736	0.01012	0.01350	0.02914	0.81076	0.03497	0.01656	0.00675	0.00215	0.00307	0.01503	0.00491	0.00429
10	0.00764	0.00518	0.00614	0.00617	0.00630	0.00530	0.00370	0.00791	0.00785	0.01059	0.01661	0.05073	0.01879	0.69285	0.12824	0.00550	0.00628	0.00759	0.00319	0.00343
11	0.01212	0.01148	0.01841	0.13669	0.55214	0.03308	0.01411	0.01484	0.01133	0.01569	0.01071	0.01599	0.00958	0.11234	0.00811	0.00206	0.00633	0.00507	0.00266	0.00727
12	0.01149	0.05892	0.01757	0.04376	0.49857	0.01115	0.01264	0.01463	0.04740	0.01631	0.01729	0.12294	0.09036	0.00728	0.00544	0.00166	0.00537	0.00668	0.00326	0.00727
13	0.02023	0.01006	0.01430	0.01107	0.01490	0.04671	0.10778	0.02252	0.01446	0.56279	0.05502	0.06565	0.01515	0.00701	0.00554	0.00167	0.00515	0.00613	0.00571	0.00814
14	0.00889	0.00459	0.00681	0.00694	0.00697	0.00456	0.00463	0.00694	0.00723	0.00964	0.01132	0.10113	0.01194	0.01817	0.01917	0.75585	0.00443	0.00571	0.00258	0.00251
15	0.01016	0.04882	0.59881	0.01377	0.02038	0.01140	0.05679	0.01534	0.01143	0.01639	0.03393	0.01720	0.11042	0.00623	0.00523	0.00168	0.00699	0.00510	0.00270	0.00723
16	0.03286	0.12346	0.43483	0.01464	0.04088	0.11751	0.05220	0.01677	0.01135	0.01549	0.00881	0.01079	0.00683	0.00540	0.00603	0.00163	0.08707	0.00389	0.00237	0.00719
17	0.01382	0.48713	0.04569	0.01079	0.01468	0.11464	0.07094	0.04636	0.01193	0.01400	0.01091	0.11591	0.01072	0.00632	0.00437	0.00138	0.00614	0.00491	0.00283	0.00652
18	0.01369	0.22217	0.01435	0.00858	0.01158	0.01096	0.00732	0.03080	0.09392	0.18758	0.18575	0.02627	0.07452	0.02244	0.00562	0.00166	0.00427	0.06700	0.00479	0.00671
19	0.01084	0.05088	0.05604	0.00823	0.01056	0.00763	0.00688	0.01453	0.10382	0.12575	0.25886	0.09551	0.10572	0.05610	0.02885	0.00212	0.00411	0.04255	0.00502	0.00600
20	0.04666	0.04204	0.26672	0.01224	0.04469	0.06514	0.02508	0.05997	0.02628	0.17214	0.07173	0.01537	0.01211	0.02631	0.00553	0.00162	0.00597	0.00469	0.00381	0.09189
21	0.02776	0.10651	0.25737	0.01456	0.12644	0.02534	0.02463	0.13554	0.01341	0.05608	0.03218	0.03428	0.02505	0.08975	0.00728	0.00195	0.00623	0.00505	0.00333	0.00726
22	0.03483	0.13249	0.09961	0.01285	0.11507	0.01095	0.03842	0.07685	0.01269	0.04792	0.12109	0.15822	0.02850	0.02121	0.02936	0.00190	0.01909	0.00699	0.00383	0.02815
23	0.24148	0.05820	0.14843	0.02590	0.11399	0.01230	0.01049	0.13727	0.04422	0.02098	0.02603	0.04169	0.04276	0.01962	0.00527	0.01525	0.00534	0.00476	0.00350	0.02251
24	0.13318	0.24923	0.13213	0.06792	0.01730	0.03558	0.06518	0.04150	0.04610	0.01639	0.00888	0.01091	0.00728	0.00561	0.00627	0.00160	0.12704	0.00387	0.00272	0.02131
25	0.12067	0.25652	0.23525	0.01105	0.01585	0.06165	0.01149	0.11516	0.01307	0.01862	0.07214	0.01248	0.01047	0.00561	0.00464	0.00149	0.01970	0.00401	0.00311	0.00703
26	0.15760	0.24546	0.16468	0.01098	0.01537	0.02593	0.02796	0.11585	0.05814	0.02966	0.03055	0.01161	0.00875	0.00562	0.00522	0.00154	0.06119	0.00392	0.00320	0.01677

[dist]
# distance from previous block
# <min> <max>
15	85

[block]
# block no. 10 follows, 46 sequences, length 13
# corresponding to MSA columns:
# 397-409
name=unknown_K
#
# <colnr> <probs for GDERKNQSTAVLIFYWHMCP>
#	G	D	E	R	K	N	Q	S	T	A	V	L	I	F	Y	W	H	M	C	P
0	0.05298	0.07604	0.25597	0.01210	0.01719	0.01235	0.05223	0.06070	0.19426	0.14005	0.01413	0.01420	0.01019	0.00570	0.00496	0.00160	0.00580	0.00462	0.00396	0.06097
1	0.03197	0.05961	0.28152	0.01313	0.03327	0.01143	0.10641	0.11330	0.02261	0.03098	0.04796	0.08954	0.05529	0.00704	0.00535	0.00166	0.00611	0.02139	0.00349	0.05794
2	0.01461	0.01117	0.01267	0.01048	0.01340	0.01235	0.00842	0.26559	0.19305	0.06932	0.04993	0.03589	0.08443	0.02430	0.00732	0.00178	0.10505	0.00600	0.00479	0.06945
3	0.01216	0.09713	0.10884	0.05778	0.01450	0.01096	0.00925	0.13677	0.10991	0.05570	0.21040	0.10049	0.02289	0.00836	0.00549	0.00168	0.00472	0.02165	0.00457	0.00677
4	0.00810	0.00586	0.00725	0.00773	0.00858	0.00575	0.00540	0.09328	0.01207	0.01613	0.07506	0.61376	0.05787	0.04739	0.00735	0.00216	0.00341	0.01309	0.00494	0.00483
