[name]
unknown

[dist]
# distance from previous block
# <min> <max>
14	96

[block]
# block no. 0 follows, 47 sequences, length 23
# corresponding to MSA columns:
# 116-138
name=unknown_A
#
# <colnr> <probs for GDERKNQSTAVLIFYWHMCP>
#	G	D	E	R	K	N	Q	S	T	A	V	L	I	F	Y	W	H	M	C	P
0	0.05534	0.01092	0.01623	0.27197	0.14081	0.03111	0.08149	0.08698	0.04682	0.06345	0.01246	0.01638	0.02351	0.00631	0.00620	0.01712	0.05115	0.03837	0.01667	0.00671
1	0.02848	0.01013	0.01522	0.48701	0.06404	0.03034	0.03777	0.06172	0.01213	0.11970	0.01117	0.01403	0.00813	0.00533	0.00508	0.00162	0.00628	0.00462	0.02397	0.05323
2	0.09172	0.01263	0.02673	0.07360	0.04303	0.12959	0.00903	0.09883	0.10611	0.19477	0.03095	0.01516	0.02616	0.00692	0.02476	0.00172	0.02917	0.00469	0.00426	0.07018
3	0.05654	0.00603	0.00715	0.00710	0.00842	0.00577	0.00512	0.04175	0.01150	0.09545	0.09750	0.31700	0.15162	0.12900	0.00901	0.00234	0.00358	0.03543	0.00477	0.00494
4	0.17188	0.00957	0.03932	0.08383	0.04798	0.02213	0.04973	0.05062	0.03081	0.12858	0.16164	0.03412	0.08376	0.00871	0.03507	0.00193	0.00498	0.02476	0.00429	0.00627
5	0.00904	0.00582	0.00673	0.00620	0.00816	0.00502	0.00475	0.01075	0.01306	0.13138	0.23543	0.04240	0.47893	0.01153	0.00601	0.00171	0.00286	0.00973	0.00531	0.00520
6	0.01239	0.01013	0.01622	0.48654	0.19400	0.01151	0.01359	0.03490	0.05448	0.09888	0.01135	0.01436	0.00842	0.00535	0.00520	0.00168	0.00632	0.00477	0.00306	0.00687
7	0.02317	0.00918	0.01228	0.00942	0.01345	0.00812	0.00778	0.06647	0.01544	0.74626	0.02010	0.01744	0.01267	0.00643	0.00524	0.00161	0.00450	0.00521	0.00638	0.00886
8	0.09958	0.05840	0.58482	0.01458	0.02138	0.01255	0.10524	0.01635	0.01090	0.01705	0.00917	0.01097	0.00665	0.00485	0.00484	0.00163	0.00734	0.00396	0.00236	0.00736
9	0.00726	0.00530	0.00682	0.00648	0.00772	0.00486	0.00484	0.00960	0.01442	0.02021	0.71122	0.05977	0.10006	0.01097	0.00616	0.00166	0.00248	0.00967	0.00565	0.00486
10	0.01515	0.08710	0.10089	0.10070	0.18006	0.23207	0.06907	0.12221	0.01411	0.01715	0.00942	0.01146	0.00743	0.00513	0.00494	0.00150	0.00740	0.00416	0.00288	0.00717
11	0.00754	0.00520	0.00643	0.00643	0.00669	0.00546	0.00409	0.00805	0.00779	0.01065	0.01572	0.03028	0.01729	0.60028	0.24096	0.00597	0.00753	0.00702	0.00305	0.00357
12	0.00729	0.00526	0.00689	0.00660	0.00776	0.00486	0.00491	0.00963	0.01438	0.02032	0.72548	0.09679	0.04804	0.01107	0.00618	0.00167	0.00250	0.00982	0.00567	0.00486
13	0.08531	0.22259	0.01729	0.01159	0.01485	0.47202	0.00935	0.06000	0.03623	0.01484	0.00841	0.00952	0.00700	0.00519	0.00428	0.00133	0.00764	0.00332	0.00283	0.00639
14	0.16655	0.01012	0.01295	0.01004	0.01389	0.00989	0.06412	0.13317	0.01508	0.44035	0.05898	0.01623	0.01268	0.00622	0.00500	0.00162	0.00477	0.00503	0.00537	0.00794
15	0.01164	0.29835	0.52901	0.01281	0.01940	0.01501	0.01571	0.01618	0.01085	0.01504	0.00863	0.01009	0.00663	0.00478	0.00440	0.00147	0.00697	0.00348	0.00221	0.00735
16	0.01047	0.02568	0.73368	0.01538	0.05641	0.01191	0.01870	0.01628	0.01114	0.01664	0.03081	0.01185	0.00785	0.00509	0.00499	0.00164	0.00748	0.00404	0.00231	0.00764
17	0.08651	0.00895	0.01175	0.00908	0.01305	0.00796	0.00750	0.02461	0.01445	0.72995	0.01953	0.01702	0.01234	0.00632	0.00508	0.00161	0.00440	0.00505	0.00620	0.00862
18	0.01289	0.01233	0.02078	0.03116	0.75538	0.01240	0.01569	0.01642	0.04068	0.01719	0.01023	0.01314	0.00854	0.00473	0.00516	0.00155	0.00611	0.00469	0.00268	0.00825
19	0.01193	0.01383	0.10465	0.21259	0.34635	0.04995	0.12538	0.01552	0.01172	0.01594	0.03578	0.01380	0.00901	0.00501	0.00530	0.00163	0.00694	0.00487	0.00259	0.00720
20	0.00661	0.00472	0.00635	0.00756	0.00798	0.00446	0.00530	0.00771	0.01023	0.01359	0.02855	0.71482	0.03386	0.01606	0.00672	0.00215	0.00325	0.11093	0.00483	0.00430
21	0.00704	0.00540	0.00663	0.02493	0.00820	0.00491	0.00483	0.00916	0.01373	0.01854	0.53200	0.04187	0.28106	0.01133	0.00612	0.00168	0.00262	0.00980	0.00537	0.00477
22	0.06116	0.07886	0.10638	0.01029	0.01463	0.01123	0.00941	0.14456	0.07821	0.39255	0.03000	0.01535	0.01151	0.00612	0.00496	0.00158	0.00505	0.00479	0.00512	0.00826

[dist]
# distance from previous block
# <min> <max>
0	1

[block]
# block no. 1 follows, 47 sequences, length 75
# corresponding to MSA columns:
# 140-214
name=unknown_B
#
# <colnr> <probs for GDERKNQSTAVLIFYWHMCP>
#	G	D	E	R	K	N	Q	S	T	A	V	L	I	F	Y	W	H	M	C	P
0	0.01097	0.12500	0.66426	0.01462	0.03897	0.01318	0.03091	0.01637	0.01099	0.01598	0.00911	0.01076	0.00667	0.00487	0.00477	0.00158	0.00742	0.00377	0.00222	0.00757
1	0.81819	0.01042	0.02499	0.02315	0.01087	0.01169	0.00612	0.01529	0.00894	0.02301	0.00734	0.00863	0.00569	0.00484	0.00330	0.00161	0.00417	0.00288	0.00318	0.00569
2	0.00745	0.00555	0.00824	0.00824	0.00913	0.00644	0.00635	0.00922	0.00833	0.01200	0.01406	0.02110	0.01330	0.07569	0.76009	0.00821	0.01353	0.00567	0.00281	0.00458
3	0.01738	0.01149	0.02546	0.01199	0.07169	0.03457	0.00900	0.13892	0.29258	0.27412	0.04391	0.01754	0.01396	0.00659	0.00526	0.00165	0.00478	0.00541	0.00535	0.00835
4	0.00711	0.00531	0.00660	0.00628	0.00762	0.00480	0.00471	0.00932	0.01413	0.01943	0.62577	0.04130	0.20602	0.01119	0.00614	0.00166	0.00250	0.00975	0.00554	0.00480
5	0.00669	0.00481	0.00633	0.00697	0.00762	0.00446	0.00484	0.00812	0.01161	0.01586	0.28207	0.53718	0.05533	0.01435	0.00647	0.00195	0.00282	0.01291	0.00514	0.00446
6	0.01392	0.82012	0.02729	0.00891	0.01337	0.02061	0.00891	0.01559	0.01058	0.01225	0.00724	0.00835	0.00668	0.00446	0.00334	0.00111	0.00557	0.00278	0.00223	0.00668
7	0.00712	0.00533	0.00661	0.00633	0.00768	0.00482	0.00478	0.00931	0.01401	0.01919	0.59589	0.04196	0.21710	0.01132	0.00617	0.00168	0.00256	0.02784	0.00550	0.00479
8	0.00983	0.00926	0.01562	0.80447	0.03587	0.01157	0.01446	0.01331	0.01041	0.01331	0.00926	0.01388	0.00694	0.00521	0.00521	0.00174	0.00694	0.00463	0.00231	0.00579
9	0.01392	0.82012	0.02729	0.00891	0.01337	0.02061	0.00891	0.01559	0.01058	0.01225	0.00724	0.00835	0.00668	0.00446	0.00334	0.00111	0.00557	0.00278	0.00223	0.00668
10	0.06056	0.01167	0.01795	0.23174	0.46659	0.04106	0.01419	0.01568	0.04101	0.01636	0.01087	0.01387	0.02576	0.00512	0.00507	0.00161	0.00622	0.00468	0.00271	0.00728
11	0.01489	0.01226	0.01296	0.05580	0.01529	0.03831	0.00890	0.28104	0.39272	0.02420	0.01861	0.01827	0.05191	0.02390	0.00573	0.00175	0.00495	0.00562	0.00495	0.00794
12	0.01229	0.01405	0.03073	0.02195	0.02722	0.01317	0.76558	0.01668	0.01229	0.01668	0.01054	0.01405	0.00790	0.00439	0.00615	0.00176	0.00878	0.00615	0.00263	0.00702
13	0.00796	0.00602	0.00826	0.09289	0.01066	0.00684	0.00602	0.00908	0.00819	0.01130	0.01425	0.02575	0.01486	0.40245	0.30722	0.00578	0.04912	0.00637	0.00289	0.00412
14	0.01174	0.29195	0.46556	0.01241	0.01846	0.04367	0.01470	0.01588	0.01094	0.01477	0.00957	0.05065	0.00804	0.00537	0.00449	0.00148	0.00681	0.00403	0.00236	0.00712
15	0.00983	0.00926	0.01562	0.80447	0.03587	0.01157	0.01446	0.01331	0.01041	0.01331	0.00926	0.01388	0.00694	0.00521	0.00521	0.00174	0.00694	0.00463	0.00231	0.00579
16	0.02297	0.00950	0.01248	0.00957	0.01361	0.00860	0.00790	0.10811	0.01597	0.70386	0.01965	0.01714	0.01244	0.00642	0.00523	0.00161	0.00458	0.00518	0.00631	0.00886
17	0.01117	0.01107	0.01563	0.04609	0.01441	0.01539	0.01132	0.01243	0.00809	0.01255	0.00722	0.01186	0.00709	0.01016	0.04804	0.00250	0.74241	0.00460	0.00230	0.00566
18	0.00622	0.00528	0.00537	0.00535	0.00708	0.00443	0.00401	0.00761	0.01203	0.01445	0.09409	0.04948	0.74081	0.01304	0.00615	0.00175	0.00263	0.01090	0.00489	0.00443
19	0.01397	0.01248	0.01907	0.04950	0.59421	0.05488	0.01419	0.01715	0.03231	0.08370	0.01089	0.01321	0.00870	0.00488	0.00508	0.00151	0.00606	0.00457	0.00301	0.05063
20	0.01832	0.03488	0.01534	0.01299	0.07008	0.12920	0.00982	0.42896	0.08053	0.08248	0.01264	0.01282	0.00924	0.00591	0.00502	0.00149	0.00597	0.00449	0.00456	0.05527
21	0.01322	0.00824	0.00861	0.00734	0.00958	0.00879	0.00582	0.27517	0.01565	0.02409	0.01543	0.01701	0.01178	0.00613	0.00419	0.00134	0.00358	0.00480	0.55300	0.00625
22	0.01212	0.00890	0.01142	0.03836	0.02603	0.01018	0.00817	0.12909	0.11593	0.08340	0.08109	0.03237	0.01520	0.01772	0.26005	0.00388	0.10771	0.00575	0.02624	0.00639
23	0.01139	0.01139	0.01595	0.01367	0.01367	0.01595	0.01139	0.01253	0.00798	0.01253	0.00684	0.01139	0.00684	0.00911	0.01709	0.00228	0.80745	0.00456	0.00228	0.00570
24	0.00716	0.00531	0.00667	0.00633	0.00765	0.00482	0.00475	0.00942	0.01424	0.01969	0.65443	0.04086	0.17720	0.01109	0.00614	0.00166	0.00249	0.00969	0.00558	0.00482
25	0.01080	0.00926	0.01080	0.00771	0.01234	0.00694	0.00617	0.01311	0.01080	0.01697	0.00926	0.01080	0.00771	0.00386	0.00386	0.00077	0.00386	0.00309	0.00309	0.84882
26	0.00642	0.00465	0.00620	0.00726	0.00767	0.00442	0.00493	0.00742	0.00992	0.01323	0.02856	0.71744	0.06490	0.01800	0.06966	0.00260	0.00388	0.01390	0.00467	0.00427
27	0.00757	0.00507	0.00581	0.00581	0.00586	0.00512	0.00332	0.00766	0.00761	0.01019	0.01629	0.03341	0.01864	0.77891	0.06419	0.00521	0.00548	0.00748	0.00314	0.00323
28	0.00678	0.00562	0.00598	0.00583	0.00755	0.00498	0.00439	0.00908	0.05513	0.01587	0.19805	0.04614	0.59160	0.01233	0.00610	0.00173	0.00268	0.01039	0.00504	0.00472
29	0.01100	0.02225	0.60574	0.01371	0.03606	0.01086	0.01635	0.01608	0.01126	0.07191	0.05382	0.01424	0.01017	0.02731	0.05507	0.00215	0.00746	0.00448	0.00277	0.00734
30	0.01945	0.02482	0.01476	0.01342	0.01610	0.79608	0.01006	0.02079	0.01476	0.01275	0.00805	0.00939	0.00671	0.00537	0.00470	0.00134	0.00939	0.00335	0.00268	0.00604
31	0.01257	0.07981	0.22091	0.01872	0.19737	0.05304	0.14970	0.01878	0.16359	0.01718	0.01179	0.01338	0.00908	0.00518	0.00514	0.00161	0.00675	0.00474	0.00301	0.00765
32	0.01392	0.82012	0.02729	0.00891	0.01337	0.02061	0.00891	0.01559	0.01058	0.01225	0.00724	0.00835	0.00668	0.00446	0.00334	0.00111	0.00557	0.00278	0.00223	0.00668
33	0.10712	0.02143	0.01370	0.01240	0.01516	0.61086	0.00949	0.07395	0.01468	0.01549	0.00941	0.01236	0.00809	0.00589	0.00472	0.00145	0.00829	0.04632	0.00305	0.00613
34	0.01392	0.82012	0.02729	0.00891	0.01337	0.02061	0.00891	0.01559	0.01058	0.01225	0.00724	0.00835	0.00668	0.00446	0.00334	0.00111	0.00557	0.00278	0.00223	0.00668
35	0.00728	0.00588	0.00660	0.00626	0.00808	0.00494	0.00452	0.00856	0.01078	0.01406	0.03474	0.21627	0.37611	0.09480	0.00790	0.00198	0.00322	0.00993	0.00431	0.17378
36	0.78870	0.01030	0.00820	0.00719	0.01048	0.01184	0.00592	0.05758	0.00987	0.04087	0.00784	0.00889	0.00598	0.00495	0.00338	0.00161	0.00413	0.00298	0.00341	0.00589
37	0.01295	0.01119	0.01178	0.01060	0.01354	0.01295	0.00824	0.02767	0.77509	0.02178	0.02120	0.01943	0.01590	0.00707	0.00530	0.00177	0.00412	0.00589	0.00530	0.00824
38	0.00694	0.00572	0.00594	0.00586	0.00760	0.00504	0.00438	0.04993	0.01237	0.01503	0.04790	0.13056	0.65826	0.01314	0.00616	0.00179	0.00285	0.01105	0.00486	0.00463
39	0.00656	0.00525	0.00578	0.00572	0.00719	0.00456	0.00421	0.00811	0.01235	0.01568	0.24664	0.07589	0.51696	0.05328	0.00720	0.00191	0.00273	0.01054	0.00499	0.00447
40	0.01243	0.01200	0.01960	0.11238	0.64010	0.03481	0.01508	0.01541	0.01165	0.01626	0.01035	0.03679	0.00896	0.00592	0.02478	0.00175	0.00646	0.00493	0.00262	0.00771
41	0.01001	0.00944	0.01594	0.76002	0.07894	0.01162	0.01455	0.01346	0.01050	0.01352	0.00929	0.01383	0.00702	0.00517	0.00520	0.00172	0.00690	0.00463	0.00233	0.00593
42	0.01233	0.01150	0.01717	0.01366	0.01710	0.01221	0.24367	0.04399	0.42863	0.01980	0.05988	0.01948	0.01523	0.05301	0.00683	0.00194	0.00558	0.00623	0.00437	0.00740
43	0.00886	0.00548	0.00728	0.00742	0.00861	0.00505	0.00553	0.01060	0.01248	0.10472	0.29051	0.34563	0.06317	0.01290	0.00635	0.00191	0.00316	0.08994	0.00533	0.00506
44	0.01139	0.01139	0.01595	0.01367	0.01367	0.01595	0.01139	0.01253	0.00798	0.01253	0.00684	0.01139	0.00684	0.00911	0.01709	0.00228	0.80745	0.00456	0.00228	0.00570
45	0.01946	0.02453	0.01478	0.01338	0.01610	0.77428	0.01006	0.04165	0.01503	0.01331	0.00817	0.00948	0.00677	0.00539	0.00471	0.00135	0.00929	0.00339	0.00275	0.00612
46	0.06613	0.02341	0.01441	0.01297	0.01577	0.70734	0.00981	0.06343	0.01499	0.01449	0.00826	0.00952	0.00677	0.00539	0.00464	0.00137	0.00888	0.00340	0.00286	0.00618
47	0.00757	0.00505	0.00568	0.00568	0.00568	0.00505	0.00316	0.00757	0.00757	0.01010	0.01641	0.03408	0.01893	0.81698	0.02651	0.00505	0.00505	0.00757	0.00316	0.00316
48	0.02078	0.01198	0.01391	0.01071	0.01472	0.01237	0.00883	0.44485	0.02032	0.33318	0.04302	0.01552	0.01189	0.00648	0.00525	0.00158	0.00510	0.00507	0.00572	0.00872
49	0.85377	0.01007	0.00765	0.00685	0.01007	0.01168	0.00564	0.01531	0.00886	0.02336	0.00725	0.00846	0.00564	0.00483	0.00322	0.00161	0.00403	0.00282	0.00322	0.00564
50	0.00732	0.00481	0.00636	0.00730	0.00787	0.00443	0.00497	0.00830	0.01032	0.05790	0.02909	0.74069	0.05976	0.01564	0.00655	0.00207	0.00309	0.01412	0.00493	0.00450
51	0.00747	0.00500	0.00571	0.00582	0.00584	0.00498	0.00330	0.00755	0.00778	0.01037	0.01747	0.10118	0.02027	0.74806	0.02480	0.00480	0.00487	0.00820	0.00330	0.00325
52	0.00752	0.00525	0.00672	0.00672	0.00708	0.00561	0.00445	0.00824	0.00788	0.01087	0.01546	0.02882	0.01665	0.51641	0.32395	0.00633	0.00849	0.00680	0.00301	0.00373
53	0.85377	0.01007	0.00765	0.00685	0.01007	0.01168	0.00564	0.01531	0.00886	0.02336	0.00725	0.00846	0.00564	0.00483	0.00322	0.00161	0.00403	0.00282	0.00322	0.00564
54	0.00631	0.00465	0.00592	0.00694	0.00747	0.00426	0.00470	0.00729	0.01027	0.01342	0.03249	0.69338	0.15220	0.01582	0.00657	0.00206	0.00296	0.01420	0.00483	0.00426
55	0.01377	0.00957	0.01138	0.00831	0.01279	0.00774	0.00671	0.06969	0.01254	0.16073	0.01158	0.01220	0.00875	0.00451	0.00421	0.00098	0.00410	0.00360	0.00386	0.63298
56	0.00757	0.00505	0.00568	0.00568	0.00568	0.00505	0.00316	0.00757	0.00757	0.01010	0.01641	0.03408	0.01893	0.81698	0.02651	0.00505	0.00505	0.00757	0.00316	0.00316
57	0.01295	0.01119	0.01178	0.01060	0.01354	0.01295	0.00824	0.02767	0.77509	0.02178	0.02120	0.01943	0.01590	0.00707	0.00530	0.00177	0.00412	0.00589	0.00530	0.00824
58	0.01289	0.01237	0.02114	0.03196	0.78450	0.01237	0.01598	0.01598	0.01186	0.01701	0.00980	0.01289	0.00825	0.00464	0.00516	0.00155	0.00619	0.00464	0.00258	0.00825
59	0.00927	0.00879	0.05484	0.03082	0.01244	0.00679	0.03566	0.01178	0.02839	0.01602	0.05999	0.25742	0.01868	0.00840	0.00511	0.00139	0.00404	0.01983	0.00376	0.40658
60	0.01945	0.02482	0.01476	0.01342	0.01610	0.79608	0.01006	0.02079	0.01476	0.01275	0.00805	0.00939	0.00671	0.00537	0.00470	0.00134	0.00939	0.00335	0.00268	0.00604
61	0.01138	0.05652	0.02794	0.03184	0.03484	0.00856	0.00727	0.05541	0.01155	0.01737	0.00988	0.03333	0.00844	0.00446	0.00408	0.00094	0.00427	0.00359	0.00315	0.66519
62	0.01281	0.34385	0.36922	0.01257	0.01835	0.05934	0.05190	0.01657	0.01117	0.03609	0.00876	0.01019	0.00688	0.00485	0.00453	0.00143	0.01836	0.00356	0.00238	0.00717
63	0.00757	0.00505	0.00568	0.00568	0.00568	0.00505	0.00316	0.00757	0.00757	0.01010	0.01641	0.03408	0.01893	0.81698	0.02651	0.00505	0.00505	0.00757	0.00316	0.00316
64	0.00882	0.00711	0.04716	0.00764	0.00940	0.00616	0.00611	0.01244	0.09488	0.06319	0.46458	0.16830	0.06216	0.01079	0.00603	0.00174	0.00312	0.00950	0.00536	0.00550
65	0.01292	0.01404	0.09249	0.03430	0.22351	0.03100	0.31222	0.01721	0.05067	0.06003	0.01112	0.01350	0.00849	0.00474	0.00540	0.00157	0.00701	0.00508	0.00297	0.09173
66	0.01766	0.05829	0.01550	0.01160	0.01544	0.01479	0.03147	0.50112	0.14671	0.06627	0.01484	0.01630	0.01125	0.00669	0.00526	0.00163	0.00543	0.04637	0.00502	0.00835
67	0.00733	0.00529	0.00683	0.00649	0.00764	0.00489	0.00479	0.00958	0.01415	0.01993	0.70307	0.05805	0.06313	0.05724	0.00733	0.00185	0.00262	0.00948	0.00554	0.00478
68	0.01238	0.01388	0.10730	0.12222	0.56909	0.02867	0.01582	0.01616	0.03396	0.01656	0.00998	0.01291	0.00810	0.00483	0.00513	0.00158	0.00646	0.00456	0.00258	0.00784
69	0.05525	0.10655	0.07573	0.10182	0.01839	0.09544	0.03064	0.36023	0.05231	0.03807	0.01110	0.01203	0.00823	0.00567	0.00486	0.00153	0.00628	0.00428	0.00392	0.00766
70	0.01251	0.01437	0.09234	0.02270	0.21801	0.01268	0.42943	0.05816	0.01273	0.01760	0.01122	0.01566	0.00905	0.00511	0.00579	0.00172	0.00765	0.04308	0.00284	0.00738
71	0.00751	0.00502	0.00570	0.00576	0.00577	0.00501	0.00324	0.00756	0.00769	0.01025	0.01701	0.07209	0.01969	0.77794	0.02554	0.00491	0.00495	0.00793	0.00324	0.00321
72	0.01757	0.01358	0.01594	0.01369	0.09396	0.01435	0.03235	0.55984	0.02087	0.02845	0.01170	0.01234	0.00860	0.00569	0.00504	0.00145	0.00560	0.00450	0.00456	0.12994
73	0.01259	0.01107	0.01417	0.01281	0.12400	0.04865	0.06274	0.04199	0.03878	0.05156	0.01040	0.01193	0.00831	0.00440	0.00441	0.00108	0.00492	0.00379	0.00326	0.52912
74	0.01278	0.46035	0.27850	0.01223	0.01778	0.03866	0.08405	0.01614	0.01100	0.01408	0.00827	0.00979	0.00677	0.00464	0.00417	0.00136	0.00668	0.00347	0.00227	0.00703

[dist]
# distance from previous block
# <min> <max>
0	1

[block]
# block no. 2 follows, 47 sequences, length 95
# corresponding to MSA columns:
# 216-303,307-313
name=unknown_C
#
# <colnr> <probs for GDERKNQSTAVLIFYWHMCP>
#	G	D	E	R	K	N	Q	S	T	A	V	L	I	F	Y	W	H	M	C	P
0	0.01917	0.06385	0.01602	0.03930	0.01641	0.01561	0.00980	0.62608	0.03995	0.08242	0.01282	0.01281	0.00910	0.00614	0.00510	0.00155	0.00564	0.00463	0.00501	0.00860
1	0.01289	0.01237	0.02114	0.03196	0.78450	0.01237	0.01598	0.01598	0.01186	0.01701	0.00980	0.01289	0.00825	0.00464	0.00516	0.00155	0.00619	0.00464	0.00258	0.00825
2	0.00639	0.00464	0.00603	0.00705	0.00752	0.00428	0.00477	0.00742	0.01039	0.01379	0.07363	0.70841	0.09497	0.01574	0.00658	0.00206	0.00296	0.01419	0.00489	0.00428
3	0.00634	0.00453	0.00604	0.00725	0.00755	0.00423	0.00483	0.00725	0.00997	0.01329	0.02870	0.81358	0.03444	0.01632	0.00665	0.00211	0.00302	0.01480	0.00483	0.00423
4	0.00667	0.00483	0.00630	0.00691	0.00760	0.00446	0.00481	0.00810	0.01164	0.01582	0.27583	0.51688	0.08224	0.01429	0.00645	0.00194	0.00282	0.01283	0.00513	0.00446
5	0.00737	0.00532	0.00696	0.00655	0.00778	0.00491	0.00491	0.00983	0.01474	0.02088	0.78175	0.03890	0.04914	0.01065	0.00614	0.00164	0.00246	0.00942	0.00573	0.00491
6	0.00971	0.00485	0.00485	0.00485	0.00607	0.00485	0.00364	0.01213	0.01092	0.01942	0.01699	0.01942	0.01335	0.00607	0.00364	0.00121	0.00243	0.00485	0.84589	0.00485
7	0.01229	0.01405	0.03073	0.02195	0.02722	0.01317	0.76558	0.01668	0.01229	0.01668	0.01054	0.01405	0.00790	0.00439	0.00615	0.00176	0.00878	0.00615	0.00263	0.00702
8	0.01045	0.02694	0.79000	0.01484	0.02254	0.01209	0.01924	0.01649	0.01099	0.01649	0.00935	0.01099	0.00660	0.00495	0.00495	0.00165	0.00770	0.00385	0.00220	0.00770
9	0.85377	0.01007	0.00765	0.00685	0.01007	0.01168	0.00564	0.01531	0.00886	0.02336	0.00725	0.00846	0.00564	0.00483	0.00322	0.00161	0.00403	0.00282	0.00322	0.00564
10	0.00640	0.00457	0.00610	0.00731	0.00764	0.00427	0.00492	0.00734	0.01002	0.01335	0.02867	0.79433	0.03433	0.01627	0.00666	0.00212	0.00307	0.03355	0.00483	0.00424
11	0.00983	0.00926	0.01562	0.80447	0.03587	0.01157	0.01446	0.01331	0.01041	0.01331	0.00926	0.01388	0.00694	0.00521	0.00521	0.00174	0.00694	0.00463	0.00231	0.00579
12	0.01980	0.01459	0.01563	0.01198	0.01615	0.01615	0.00990	0.76713	0.02448	0.03282	0.01250	0.01250	0.00886	0.00625	0.00521	0.00156	0.00573	0.00469	0.00521	0.00886
13	0.16596	0.01016	0.01127	0.00932	0.01283	0.02876	0.00752	0.03884	0.22705	0.39187	0.03118	0.01664	0.01286	0.00638	0.00490	0.00165	0.00438	0.00501	0.00543	0.00799
14	0.05369	0.00904	0.01253	0.00975	0.01346	0.00827	0.04825	0.05761	0.01457	0.58458	0.06762	0.01844	0.01448	0.00849	0.05269	0.00202	0.00515	0.00545	0.00579	0.00813
15	0.02336	0.00886	0.01209	0.00927	0.01329	0.00765	0.00765	0.02538	0.01491	0.78810	0.02055	0.01773	0.01289	0.00645	0.00524	0.00161	0.00443	0.00524	0.00645	0.00886
16	0.02336	0.00886	0.01209	0.00927	0.01329	0.00765	0.00765	0.02538	0.01491	0.78810	0.02055	0.01773	0.01289	0.00645	0.00524	0.00161	0.00443	0.00524	0.00645	0.00886
17	0.02861	0.15496	0.17802	0.05281	0.03441	0.27443	0.07594	0.11112	0.01392	0.01655	0.00903	0.01061	0.00708	0.00512	0.00472	0.00146	0.00762	0.00384	0.00281	0.00695
18	0.01317	0.01110	0.01870	0.22393	0.44312	0.01153	0.04854	0.01649	0.02556	0.10391	0.02648	0.01438	0.00938	0.00514	0.00525	0.00162	0.00619	0.00489	0.00306	0.00757
19	0.00634	0.00453	0.00604	0.00725	0.00755	0.00423	0.00483	0.00725	0.00997	0.01329	0.02870	0.81358	0.03444	0.01632	0.00665	0.00211	0.00302	0.01480	0.00483	0.00423
20	0.01078	0.13595	0.64760	0.01363	0.02058	0.01294	0.01714	0.01606	0.01111	0.01611	0.04515	0.01193	0.00860	0.00515	0.00478	0.00157	0.00716	0.00396	0.00237	0.00743
21	0.07783	0.01704	0.28425	0.14839	0.12687	0.01227	0.19066	0.03499	0.01157	0.03326	0.00982	0.01242	0.00729	0.00487	0.00518	0.00167	0.00722	0.00459	0.00262	0.00719
22	0.01866	0.01347	0.20574	0.01107	0.01590	0.00900	0.04203	0.03748	0.01402	0.50250	0.06281	0.01706	0.01321	0.00624	0.00526	0.00163	0.00533	0.00517	0.00516	0.00826
23	0.85377	0.01007	0.00765	0.00685	0.01007	0.01168	0.00564	0.01531	0.00886	0.02336	0.00725	0.00846	0.00564	0.00483	0.00322	0.00161	0.00403	0.00282	0.00322	0.00564
24	0.00763	0.00519	0.00640	0.00640	0.00673	0.00545	0.00413	0.00828	0.00796	0.01110	0.01574	0.02953	0.01699	0.55819	0.24403	0.00581	0.00745	0.00688	0.04244	0.00366
25	0.02707	0.09320	0.20458	0.07753	0.09365	0.01332	0.37061	0.01633	0.01163	0.02805	0.00988	0.01263	0.00748	0.00465	0.00537	0.00164	0.00770	0.00497	0.00253	0.00717
26	0.01841	0.07156	0.03000	0.01331	0.02895	0.68570	0.01014	0.02017	0.02957	0.01302	0.00847	0.00990	0.00708	0.00618	0.02463	0.00152	0.00908	0.00346	0.00270	0.00615
27	0.00654	0.00514	0.00591	0.00603	0.00735	0.00451	0.00440	0.00811	0.01232	0.01587	0.25709	0.19628	0.42578	0.01307	0.00625	0.00179	0.00266	0.01129	0.00509	0.00451
28	0.02217	0.00953	0.01236	0.00957	0.01351	0.00878	0.00787	0.10684	0.05148	0.65385	0.03486	0.01765	0.01331	0.00654	0.00525	0.00161	0.00452	0.00529	0.00624	0.00875
29	0.00932	0.00495	0.00533	0.00533	0.00644	0.00507	0.00396	0.01154	0.01043	0.01802	0.01659	0.02033	0.01361	0.05376	0.10151	0.00229	0.00397	0.00509	0.69773	0.00474
30	0.00663	0.00534	0.00598	0.00624	0.00774	0.00468	0.00482	0.00819	0.01198	0.01482	0.10709	0.11154	0.54032	0.01342	0.00636	0.00188	0.00300	0.13057	0.00490	0.00449
31	0.01311	0.05527	0.01277	0.01104	0.02885	0.05987	0.00855	0.02533	0.62587	0.02025	0.01982	0.02054	0.01557	0.00723	0.00527	0.00174	0.00460	0.05162	0.00489	0.00781
32	0.01976	0.01577	0.01553	0.01215	0.01614	0.10648	0.00992	0.68069	0.02336	0.03050	0.01199	0.01214	0.00861	0.00615	0.00515	0.00154	0.00615	0.00453	0.00492	0.00853
33	0.85377	0.01007	0.00765	0.00685	0.01007	0.01168	0.00564	0.01531	0.00886	0.02336	0.00725	0.00846	0.00564	0.00483	0.00322	0.00161	0.00403	0.00282	0.00322	0.00564
34	0.00634	0.00453	0.00604	0.00725	0.00755	0.00423	0.00483	0.00725	0.00997	0.01329	0.02870	0.81358	0.03444	0.01632	0.00665	0.00211	0.00302	0.01480	0.00483	0.00423
35	0.01266	0.01458	0.02942	0.03978	0.02675	0.06007	0.70269	0.01685	0.01240	0.01637	0.01036	0.01376	0.00781	0.00447	0.00604	0.00173	0.00877	0.00594	0.00263	0.00694
36	0.01609	0.01298	0.01537	0.01539	0.16477	0.01431	0.01051	0.36519	0.28165	0.02593	0.01498	0.01497	0.01117	0.00622	0.00523	0.00163	0.00526	0.00509	0.00473	0.00853
37	0.00767	0.00534	0.00685	0.00661	0.00787	0.00487	0.00490	0.00979	0.01384	0.04567	0.58467	0.14089	0.11844	0.01150	0.00618	0.00171	0.00262	0.01014	0.00555	0.00491
38	0.01347	0.01228	0.02119	0.02925	0.65564	0.01217	0.07920	0.01688	0.02996	0.06332	0.01077	0.01343	0.00868	0.00478	0.00525	0.00157	0.00625	0.00483	0.00288	0.00818
39	0.01080	0.00926	0.01080	0.00771	0.01234	0.00694	0.00617	0.01311	0.01080	0.01697	0.00926	0.01080	0.00771	0.00386	0.00386	0.00077	0.00386	0.00309	0.00309	0.84882
40	0.80854	0.05369	0.00871	0.00696	0.01025	0.01216	0.00582	0.01532	0.00896	0.02277	0.00725	0.00845	0.00570	0.00481	0.00323	0.00158	0.00411	0.00282	0.00317	0.00570
41	0.01223	0.01012	0.01099	0.01005	0.01267	0.01146	0.00783	0.03978	0.60512	0.03351	0.08167	0.06566	0.02007	0.00821	0.00554	0.00180	0.00401	0.04639	0.00530	0.00760
42	0.00757	0.00505	0.00568	0.00568	0.00568	0.00505	0.00316	0.00757	0.00757	0.01010	0.01641	0.03408	0.01893	0.81698	0.02651	0.00505	0.00505	0.00757	0.00316	0.00316
43	0.01273	0.38323	0.35684	0.01144	0.01729	0.01539	0.01317	0.01636	0.01101	0.05616	0.00899	0.01015	0.00704	0.00474	0.00417	0.00135	0.00633	0.00340	0.00249	0.05772
44	0.01817	0.01382	0.01574	0.01414	0.10938	0.01517	0.01036	0.59813	0.08338	0.02969	0.01298	0.01327	0.00946	0.00612	0.00517	0.00157	0.00558	0.00478	0.02447	0.00864
45	0.00820	0.01031	0.18225	0.00851	0.01123	0.00672	0.00820	0.01177	0.03310	0.01992	0.58976	0.03217	0.03878	0.00928	0.00585	0.00164	0.00367	0.00808	0.00493	0.00562
46	0.85377	0.01007	0.00765	0.00685	0.01007	0.01168	0.00564	0.01531	0.00886	0.02336	0.00725	0.00846	0.00564	0.00483	0.00322	0.00161	0.00403	0.00282	0.00322	0.00564
47	0.01609	0.01365	0.06182	0.01474	0.14906	0.01325	0.01071	0.41072	0.05085	0.03863	0.01213	0.02747	0.00927	0.00573	0.00500	0.00146	0.00548	0.00462	0.00424	0.14511
48	0.01414	0.01166	0.01482	0.01667	0.23458	0.01265	0.01052	0.13706	0.37064	0.05401	0.05517	0.01741	0.01418	0.00640	0.00528	0.00166	0.00489	0.00550	0.00458	0.00820
49	0.01063	0.02571	0.71938	0.01570	0.03818	0.01218	0.07342	0.01650	0.01111	0.01652	0.00944	0.01125	0.00672	0.00490	0.00504	0.00165	0.00774	0.00403	0.00224	0.00766
50	0.00634	0.00453	0.00604	0.00725	0.00755	0.00423	0.00483	0.00725	0.00997	0.01329	0.02870	0.81358	0.03444	0.01632	0.00665	0.00211	0.00302	0.01480	0.00483	0.00423
51	0.01290	0.01424	0.05964	0.02088	0.02617	0.01279	0.68906	0.01721	0.01240	0.06448	0.01111	0.01415	0.00816	0.00454	0.00604	0.00174	0.00847	0.00600	0.00285	0.00716
52	0.01665	0.42818	0.02111	0.01113	0.01471	0.40277	0.00948	0.01816	0.01264	0.01250	0.00764	0.00887	0.00670	0.00490	0.00401	0.00123	0.00745	0.00307	0.00245	0.00636
53	0.02336	0.00886	0.01209	0.00927	0.01329	0.00765	0.00765	0.02538	0.01491	0.78810	0.02055	0.01773	0.01289	0.00645	0.00524	0.00161	0.00443	0.00524	0.00645	0.00886
54	0.85377	0.01007	0.00765	0.00685	0.01007	0.01168	0.00564	0.01531	0.00886	0.02336	0.00725	0.00846	0.00564	0.00483	0.00322	0.00161	0.00403	0.00282	0.00322	0.00564
55	0.01289	0.01237	0.02114	0.03196	0.78450	0.01237	0.01598	0.01598	0.01186	0.01701	0.00980	0.01289	0.00825	0.00464	0.00516	0.00155	0.00619	0.00464	0.00258	0.00825
56	0.08711	0.00896	0.01175	0.00908	0.01305	0.00796	0.00750	0.02461	0.01444	0.72940	0.01952	0.01701	0.01233	0.00632	0.00508	0.00161	0.00440	0.00505	0.00620	0.00862
57	0.85377	0.01007	0.00765	0.00685	0.01007	0.01168	0.00564	0.01531	0.00886	0.02336	0.00725	0.00846	0.00564	0.00483	0.00322	0.00161	0.00403	0.00282	0.00322	0.00564
58	0.00634	0.00453	0.00604	0.00725	0.00755	0.00423	0.00483	0.00725	0.00997	0.01329	0.02870	0.81358	0.03444	0.01632	0.00665	0.00211	0.00302	0.01480	0.00483	0.00423
59	0.00748	0.00573	0.00791	0.00715	0.00862	0.00525	0.04037	0.00992	0.01435	0.02003	0.67518	0.03882	0.11815	0.01060	0.00614	0.00166	0.00277	0.00942	0.00550	0.00496
60	0.01341	0.01120	0.01258	0.01101	0.01410	0.01271	0.03965	0.02711	0.70791	0.05739	0.02072	0.01913	0.01542	0.00693	0.00533	0.00176	0.00433	0.00587	0.00524	0.00822
61	0.00732	0.00546	0.00609	0.00584	0.00755	0.00470	0.00441	0.00901	0.01286	0.05226	0.26731	0.04528	0.52910	0.01212	0.00611	0.00172	0.00267	0.01026	0.00518	0.00476
62	0.01229	0.01405	0.03073	0.02195	0.02722	0.01317	0.76558	0.01668	0.01229	0.01668	0.01054	0.01405	0.00790	0.00439	0.00615	0.00176	0.00878	0.00615	0.00263	0.00702
63	0.80162	0.01032	0.00908	0.00778	0.01113	0.01177	0.05273	0.01539	0.00908	0.02295	0.00745	0.00881	0.00578	0.00481	0.00340	0.00162	0.00432	0.00303	0.00319	0.00573
64	0.01260	0.01208	0.02039	0.02847	0.64958	0.01175	0.05515	0.01567	0.01175	0.01699	0.00977	0.01270	0.00816	0.00453	0.00505	0.00146	0.00604	0.00453	0.00264	0.11066
65	0.00639	0.00525	0.00542	0.00540	0.00692	0.00450	0.00392	0.00763	0.01154	0.01402	0.09225	0.04759	0.65001	0.10613	0.00851	0.00213	0.00291	0.01050	0.00470	0.00428
66	0.01980	0.01459	0.01563	0.01198	0.01615	0.01615	0.00990	0.76713	0.02448	0.03282	0.01250	0.01250	0.00886	0.00625	0.00521	0.00156	0.00573	0.00469	0.00521	0.00886
67	0.01776	0.00811	0.01087	0.05625	0.01320	0.00746	0.00734	0.02066	0.05868	0.49869	0.18071	0.02361	0.05796	0.00762	0.00547	0.00164	0.00406	0.00639	0.00590	0.00760
68	0.00737	0.00532	0.00696	0.00655	0.00778	0.00491	0.00491	0.00983	0.01474	0.02088	0.78175	0.03890	0.04914	0.01065	0.00614	0.00164	0.00246	0.00942	0.00573	0.00491
69	0.00643	0.00460	0.00612	0.00720	0.00757	0.00428	0.00484	0.00746	0.01035	0.01390	0.08914	0.75141	0.03562	0.01586	0.00661	0.00208	0.00298	0.01437	0.00491	0.00428
70	0.85377	0.01007	0.00765	0.00685	0.01007	0.01168	0.00564	0.01531	0.00886	0.02336	0.00725	0.00846	0.00564	0.00483	0.00322	0.00161	0.00403	0.00282	0.00322	0.00564
71	0.01524	0.01098	0.01207	0.01045	0.01366	0.01220	0.00824	0.07308	0.59242	0.15972	0.02054	0.01869	0.01492	0.00690	0.00528	0.00173	0.00428	0.00570	0.00550	0.00839
72	0.00704	0.00526	0.00653	0.00631	0.00760	0.00476	0.00470	0.00915	0.01381	0.01891	0.57391	0.08939	0.21034	0.01156	0.00618	0.00169	0.00253	0.01010	0.00548	0.00476
73	0.00634	0.00453	0.00604	0.00725	0.00755	0.00423	0.00483	0.00725	0.00997	0.01329	0.02870	0.81358	0.03444	0.01632	0.00665	0.00211	0.00302	0.01480	0.00483	0.00423
74	0.00659	0.00529	0.00588	0.00573	0.00730	0.00458	0.00430	0.00831	0.01289	0.01650	0.31238	0.04612	0.52125	0.01228	0.00615	0.00172	0.00257	0.01043	0.00516	0.00458
75	0.01157	0.00716	0.00759	0.00692	0.00872	0.00754	0.00532	0.17117	0.04959	0.02160	0.01767	0.11478	0.01509	0.00740	0.00442	0.00142	0.00327	0.00608	0.52690	0.00578
76	0.02253	0.00865	0.01179	0.00917	0.01301	0.00749	0.00752	0.02449	0.01466	0.75017	0.02094	0.05669	0.01395	0.00693	0.00531	0.00164	0.00436	0.00571	0.00637	0.00864
77	0.00714	0.00512	0.00695	0.00732	0.00782	0.00543	0.00512	0.00822	0.00866	0.01194	0.01914	0.26841	0.02116	0.23452	0.35262	0.00558	0.00826	0.00894	0.00351	0.00413
78	0.00633	0.00458	0.00599	0.00712	0.00752	0.00424	0.00478	0.00727	0.01010	0.01335	0.03030	0.76299	0.08400	0.01611	0.00661	0.00209	0.00300	0.01455	0.00483	0.00424
79	0.00751	0.00502	0.00570	0.00576	0.00578	0.00501	0.00324	0.00756	0.00770	0.01027	0.01706	0.07508	0.01975	0.77487	0.02546	0.00489	0.00494	0.00795	0.00324	0.00321
80	0.00638	0.00515	0.00567	0.00582	0.00724	0.00445	0.00426	0.00780	0.01198	0.01499	0.16181	0.18256	0.53698	0.01334	0.00624	0.00180	0.00268	0.01142	0.00497	0.00445
81	0.01282	0.01175	0.01550	0.01283	0.01623	0.01300	0.15714	0.02551	0.62512	0.02078	0.01910	0.01837	0.01432	0.00654	0.00547	0.00176	0.00504	0.00594	0.00477	0.00800
82	0.00734	0.00497	0.00581	0.00601	0.00612	0.00489	0.00354	0.00763	0.00836	0.01120	0.05609	0.17472	0.02321	0.63329	0.02193	0.00435	0.00456	0.00897	0.00358	0.00344
83	0.00757	0.00505	0.00568	0.00568	0.00568	0.00505	0.00316	0.00757	0.00757	0.01010	0.01641	0.03408	0.01893	0.81698	0.02651	0.00505	0.00505	0.00757	0.00316	0.00316
84	0.01080	0.00926	0.01080	0.00771	0.01234	0.00694	0.00617	0.01311	0.01080	0.01697	0.00926	0.01080	0.00771	0.00386	0.00386	0.00077	0.00386	0.00309	0.00309	0.84882
85	0.01320	0.62308	0.17403	0.01015	0.01515	0.01855	0.01087	0.01642	0.05183	0.01359	0.00840	0.00946	0.00716	0.00469	0.00376	0.00125	0.00590	0.00316	0.00239	0.00696
86	0.01215	0.01382	0.03014	0.02160	0.02675	0.01296	0.74745	0.01646	0.01224	0.01660	0.01097	0.03311	0.00853	0.00467	0.00616	0.00176	0.00864	0.00635	0.00269	0.00696
87	0.02314	0.00922	0.01230	0.00943	0.01347	0.00818	0.00779	0.07134	0.01550	0.74130	0.02005	0.01740	0.01264	0.00643	0.00524	0.00161	0.00451	0.00520	0.00637	0.00886
88	0.01110	0.02601	0.69648	0.01520	0.02244	0.05916	0.06494	0.01676	0.01130	0.01628	0.00934	0.01109	0.00668	0.00494	0.00501	0.00164	0.00787	0.00396	0.00225	0.00756
89	0.01223	0.01405	0.10999	0.02687	0.50720	0.01223	0.16871	0.01587	0.01168	0.01666	0.01009	0.01326	0.00821	0.00623	0.04231	0.00192	0.00725	0.00490	0.00256	0.00777
90	0.00628	0.00478	0.00578	0.00658	0.00738	0.00429	0.00454	0.00733	0.01061	0.01355	0.03681	0.55613	0.28666	0.01526	0.00648	0.00199	0.00289	0.01352	0.00483	0.00429
91	0.00692	0.00481	0.00584	0.00642	0.00664	0.00463	0.00400	0.00741	0.00891	0.01180	0.02383	0.40987	0.05808	0.39831	0.01610	0.00350	0.00397	0.01119	0.00403	0.00372
92	0.01276	0.08141	0.05989	0.01670	0.08106	0.04832	0.35180	0.01587	0.01164	0.06637	0.01122	0.01528	0.00927	0.09704	0.00772	0.00192	0.00704	0.00527	0.00294	0.09649
93	0.01043	0.00706	0.00964	0.01089	0.09786	0.00675	0.00735	0.05577	0.01196	0.10140	0.02372	0.34138	0.04971	0.04961	0.00711	0.00207	0.00416	0.14969	0.00460	0.04882
94	0.03787	0.00965	0.01144	0.01014	0.05341	0.02905	0.00748	0.17658	0.04091	0.28551	0.10940	0.02229	0.05268	0.12013	0.00828	0.00209	0.00467	0.00609	0.00514	0.00718

[dist]
# distance from previous block
# <min> <max>
0	5

# created by:
# /st0/software/busco_prod/Augustus/scripts/msa2prfl.pl ./align_prep/169044.fa
