[name]
unknown

[dist]
# distance from previous block
# <min> <max>
38	67

[block]
# block no. 0 follows, 47 sequences, length 14
# corresponding to MSA columns:
# 80-93
name=unknown_A
#
# <colnr> <probs for GDERKNQSTAVLIFYWHMCP>
#	G	D	E	R	K	N	Q	S	T	A	V	L	I	F	Y	W	H	M	C	P
0	0.00688	0.00518	0.00650	0.02322	0.00823	0.00493	0.00496	0.00863	0.03678	0.01487	0.16610	0.43862	0.16386	0.05738	0.02687	0.00226	0.00335	0.01206	0.00482	0.00450
1	0.04386	0.00973	0.01352	0.21956	0.14299	0.01083	0.03279	0.01697	0.23524	0.01699	0.02037	0.05196	0.13291	0.00739	0.00561	0.00174	0.02075	0.00637	0.00377	0.00665
2	0.00875	0.00684	0.00869	0.03423	0.01042	0.00634	0.05305	0.06724	0.01357	0.05246	0.20436	0.03983	0.45252	0.01097	0.00601	0.00171	0.00345	0.00938	0.00491	0.00526
3	0.01208	0.01288	0.08359	0.34961	0.08008	0.06136	0.08861	0.07338	0.08099	0.02731	0.01175	0.04254	0.00945	0.00597	0.00563	0.00172	0.02642	0.01689	0.00305	0.00669
4	0.12565	0.01209	0.01136	0.00937	0.01246	0.09674	0.00753	0.33120	0.01706	0.08317	0.01314	0.01387	0.00971	0.00594	0.00448	0.00146	0.00493	0.00439	0.22840	0.00707
5	0.01826	0.00923	0.01128	0.00928	0.01273	0.00901	0.00746	0.02426	0.25751	0.46330	0.02408	0.02161	0.09330	0.00734	0.00535	0.00168	0.00415	0.00604	0.00591	0.00820
6	0.02222	0.00969	0.01312	0.01125	0.07210	0.00884	0.00850	0.09692	0.01561	0.65601	0.01895	0.01685	0.01215	0.00629	0.00523	0.00160	0.00469	0.00514	0.00603	0.00882
7	0.01403	0.01095	0.01181	0.01046	0.01352	0.01241	0.00818	0.02744	0.69660	0.10091	0.02113	0.01925	0.01559	0.00700	0.00529	0.00175	0.00415	0.00582	0.00542	0.00831
8	0.09952	0.01194	0.01940	0.07785	0.65756	0.01225	0.01482	0.01574	0.01146	0.01744	0.00950	0.01249	0.00790	0.00470	0.00496	0.00157	0.00601	0.00445	0.00263	0.00782
9	0.01122	0.01010	0.01360	0.04620	0.01540	0.00870	0.10018	0.01545	0.10997	0.01739	0.01096	0.01246	0.00876	0.00440	0.00439	0.00107	0.00464	0.00390	0.00328	0.59797
10	0.01882	0.03427	0.01206	0.00881	0.01290	0.00800	0.00724	0.02141	0.04327	0.50361	0.03702	0.01616	0.01235	0.00581	0.00483	0.00137	0.00425	0.00471	0.00533	0.23778
11	0.01320	0.01305	0.02056	0.05618	0.71157	0.06164	0.01556	0.01620	0.01199	0.01662	0.00967	0.01270	0.00811	0.00470	0.00513	0.00154	0.00641	0.00456	0.00258	0.00803
12	0.01653	0.01285	0.01382	0.01101	0.01486	0.01398	0.00891	0.44222	0.25411	0.02738	0.01477	0.01442	0.01088	0.00619	0.00506	0.00152	0.00499	0.00485	0.00496	0.11668
13	0.01371	0.00916	0.01110	0.00807	0.01256	0.00711	0.00651	0.01596	0.01175	0.19576	0.01187	0.01240	0.00891	0.00446	0.00418	0.00097	0.00399	0.00358	0.00386	0.65407

[dist]
# distance from previous block
# <min> <max>
0	31

[block]
# block no. 1 follows, 47 sequences, length 47
# corresponding to MSA columns:
# 125-171
name=unknown_B
#
# <colnr> <probs for GDERKNQSTAVLIFYWHMCP>
#	G	D	E	R	K	N	Q	S	T	A	V	L	I	F	Y	W	H	M	C	P
0	0.02184	0.00853	0.01160	0.00901	0.01277	0.00739	0.00739	0.02390	0.01489	0.71514	0.09294	0.01974	0.01634	0.00685	0.00532	0.00161	0.00424	0.00563	0.00638	0.00849
1	0.01055	0.05135	0.76653	0.01466	0.02226	0.01236	0.01892	0.01646	0.01098	0.01636	0.00928	0.01091	0.00660	0.00493	0.00490	0.00163	0.00763	0.00382	0.00220	0.00767
2	0.01101	0.02064	0.54338	0.01286	0.01886	0.01028	0.03448	0.01594	0.01213	0.08567	0.16649	0.01731	0.01579	0.00622	0.00525	0.00165	0.00638	0.00516	0.00330	0.00722
3	0.01265	0.53001	0.30625	0.01108	0.01672	0.01749	0.01269	0.01592	0.01073	0.01380	0.00801	0.00932	0.00665	0.00464	0.00393	0.00131	0.00635	0.00317	0.00222	0.00705
4	0.00905	0.00452	0.00678	0.00678	0.00678	0.00452	0.00452	0.00678	0.00678	0.00905	0.00905	0.01583	0.00905	0.01809	0.02035	0.84848	0.00452	0.00452	0.00226	0.00226
5	0.01313	0.01210	0.01963	0.15748	0.57729	0.01265	0.01507	0.09714	0.01299	0.01812	0.01000	0.01301	0.00810	0.00491	0.00517	0.00158	0.00626	0.00464	0.00282	0.00791
6	0.00931	0.00811	0.01066	0.00961	0.03231	0.00817	0.08247	0.01526	0.23798	0.01862	0.24421	0.03325	0.24981	0.00954	0.00587	0.00172	0.00374	0.00838	0.00494	0.00605
7	0.01289	0.01237	0.02114	0.03196	0.78450	0.01237	0.01598	0.01598	0.01186	0.01701	0.00980	0.01289	0.00825	0.00464	0.00516	0.00155	0.00619	0.00464	0.00258	0.00825
8	0.00983	0.00926	0.01562	0.80447	0.03587	0.01157	0.01446	0.01331	0.01041	0.01331	0.00926	0.01388	0.00694	0.00521	0.00521	0.00174	0.00694	0.00463	0.00231	0.00579
9	0.03153	0.03869	0.57673	0.01483	0.02166	0.01191	0.11149	0.01744	0.01153	0.10042	0.01062	0.01200	0.00742	0.00503	0.00506	0.00165	0.00735	0.00424	0.00274	0.00767
10	0.01101	0.00614	0.00839	0.00821	0.02281	0.00584	0.00601	0.01291	0.02413	0.19838	0.18624	0.29430	0.02813	0.02772	0.13161	0.00291	0.00507	0.00949	0.00503	0.00566
11	0.00634	0.00453	0.00604	0.00725	0.00755	0.00423	0.00483	0.00725	0.00997	0.01329	0.02870	0.81358	0.03444	0.01632	0.00665	0.00211	0.00302	0.01480	0.00483	0.00423
12	0.00809	0.00607	0.00897	0.01117	0.12332	0.00576	0.01900	0.00955	0.01086	0.04169	0.08761	0.58981	0.03059	0.01357	0.00633	0.00197	0.00359	0.01237	0.00459	0.00509
13	0.01141	0.01879	0.35162	0.09020	0.17981	0.01241	0.22819	0.01616	0.01148	0.01637	0.00976	0.01249	0.00733	0.00475	0.00535	0.00167	0.00763	0.00472	0.00241	0.00745
14	0.01489	0.01410	0.01929	0.02692	0.59042	0.14028	0.01428	0.01760	0.01260	0.08456	0.01046	0.01274	0.00841	0.00492	0.00509	0.00152	0.00656	0.00448	0.00294	0.00794
15	0.01134	0.01137	0.01796	0.52187	0.19466	0.06518	0.07485	0.01466	0.01117	0.01434	0.00939	0.01338	0.00728	0.00503	0.00524	0.00167	0.00709	0.00467	0.00242	0.00643
16	0.00730	0.00527	0.00690	0.00660	0.00776	0.00487	0.00491	0.00965	0.01442	0.02037	0.73058	0.09154	0.04814	0.01103	0.00618	0.00167	0.00250	0.00978	0.00567	0.00487
17	0.00991	0.00933	0.01575	0.78609	0.05368	0.01159	0.01450	0.01337	0.01045	0.01339	0.00927	0.01386	0.00697	0.00519	0.00521	0.00173	0.00692	0.00463	0.00232	0.00584
18	0.06213	0.01436	0.01522	0.01172	0.01584	0.01592	0.00968	0.72897	0.02369	0.03234	0.01224	0.01230	0.00869	0.00618	0.00511	0.00157	0.00564	0.00459	0.00511	0.00869
19	0.00730	0.00533	0.00686	0.00652	0.00779	0.00490	0.00492	0.00966	0.01445	0.02021	0.70584	0.04026	0.10762	0.01094	0.00617	0.00167	0.00253	0.02655	0.00564	0.00487
20	0.01364	0.48799	0.16088	0.01126	0.01620	0.01758	0.06220	0.08331	0.07343	0.01589	0.00943	0.01047	0.00768	0.00491	0.00414	0.00134	0.00606	0.00362	0.00276	0.00720
21	0.01293	0.00716	0.00927	0.00761	0.01034	0.00614	0.00599	0.01523	0.01404	0.25559	0.40086	0.02704	0.03012	0.00806	0.00543	0.00146	0.00333	0.00693	0.00545	0.16703
22	0.01304	0.01265	0.02099	0.03155	0.76720	0.03002	0.01585	0.01609	0.01192	0.01692	0.00976	0.01281	0.00821	0.00466	0.00515	0.00154	0.00626	0.00461	0.00258	0.00820
23	0.01096	0.14457	0.67688	0.01396	0.02118	0.01336	0.01771	0.01636	0.01093	0.01586	0.00903	0.01060	0.00661	0.00487	0.00471	0.00157	0.00738	0.00369	0.00220	0.00755
24	0.02327	0.00901	0.01218	0.00934	0.01337	0.00788	0.00771	0.04467	0.01515	0.76846	0.02034	0.01759	0.01279	0.00644	0.00524	0.00161	0.00447	0.00522	0.00641	0.00886
25	0.00723	0.00559	0.00818	0.00964	0.07055	0.00532	0.03513	0.00835	0.00996	0.01339	0.02519	0.63626	0.02968	0.09904	0.00859	0.00236	0.00371	0.01289	0.00439	0.00455
26	0.00953	0.00884	0.01477	0.73391	0.03336	0.01092	0.01361	0.01277	0.01037	0.01330	0.01098	0.08466	0.00938	0.00619	0.00533	0.00177	0.00660	0.00553	0.00254	0.00565
27	0.00634	0.00453	0.00604	0.00725	0.00755	0.00423	0.00483	0.00725	0.00997	0.01329	0.02870	0.81358	0.03444	0.01632	0.00665	0.00211	0.00302	0.01480	0.00483	0.00423
28	0.01229	0.01405	0.03073	0.02195	0.02722	0.01317	0.76558	0.01668	0.01229	0.01668	0.01054	0.01405	0.00790	0.00439	0.00615	0.00176	0.00878	0.00615	0.00263	0.00702
29	0.01340	0.07819	0.02207	0.02714	0.56379	0.05739	0.09989	0.03040	0.02733	0.01674	0.00985	0.01258	0.00816	0.00472	0.00510	0.00153	0.00656	0.00461	0.00266	0.00787
30	0.01075	0.09714	0.72250	0.01432	0.02173	0.01285	0.01833	0.01641	0.01096	0.01612	0.00916	0.01076	0.00660	0.00490	0.00481	0.00160	0.00751	0.00375	0.00220	0.00761
31	0.01776	0.02227	0.01854	0.01544	0.01873	0.61067	0.18898	0.01982	0.01417	0.01368	0.00864	0.01049	0.00699	0.00514	0.00504	0.00144	0.00925	0.00402	0.00267	0.00627
32	0.23153	0.03460	0.01389	0.01360	0.09667	0.47735	0.00954	0.03795	0.01311	0.01642	0.00813	0.00959	0.00665	0.00516	0.00436	0.00143	0.00751	0.00338	0.00287	0.00626
33	0.00754	0.00517	0.00632	0.00632	0.00654	0.00539	0.00395	0.00798	0.00776	0.01057	0.01583	0.03085	0.01753	0.63276	0.20881	0.00584	0.00716	0.00710	0.00307	0.00351
34	0.00888	0.00639	0.00794	0.00735	0.00895	0.00630	0.00561	0.01324	0.13366	0.05074	0.61926	0.03540	0.04217	0.00999	0.00599	0.00167	0.00284	0.02237	0.00568	0.00559
35	0.00617	0.00522	0.00534	0.00543	0.00708	0.00438	0.00403	0.00746	0.01172	0.01401	0.05082	0.11146	0.72228	0.01344	0.00619	0.00179	0.00267	0.01130	0.00484	0.00438
36	0.00633	0.00460	0.00597	0.00708	0.00751	0.00424	0.00476	0.00727	0.01014	0.01336	0.03083	0.74602	0.10064	0.01604	0.00660	0.00208	0.00299	0.01447	0.00483	0.00424
37	0.01392	0.82012	0.02729	0.00891	0.01337	0.02061	0.00891	0.01559	0.01058	0.01225	0.00724	0.00835	0.00668	0.00446	0.00334	0.00111	0.00557	0.00278	0.00223	0.00668
38	0.00737	0.00532	0.00696	0.00655	0.00778	0.00491	0.00491	0.00983	0.01474	0.02088	0.78175	0.03890	0.04914	0.01065	0.00614	0.00164	0.00246	0.00942	0.00573	0.00491
39	0.00983	0.00926	0.01562	0.80447	0.03587	0.01157	0.01446	0.01331	0.01041	0.01331	0.00926	0.01388	0.00694	0.00521	0.00521	0.00174	0.00694	0.00463	0.00231	0.00579
40	0.01080	0.00926	0.01080	0.00771	0.01234	0.00694	0.00617	0.01311	0.01080	0.01697	0.00926	0.01080	0.00771	0.00386	0.00386	0.00077	0.00386	0.00309	0.00309	0.84882
41	0.01052	0.02419	0.66099	0.01476	0.02177	0.01175	0.07803	0.02976	0.01153	0.01693	0.04381	0.01347	0.02849	0.00538	0.00513	0.00166	0.00739	0.00447	0.00251	0.00746
42	0.02118	0.01096	0.01210	0.01002	0.02845	0.12445	0.00778	0.02294	0.01417	0.58884	0.01811	0.01784	0.01242	0.07798	0.00704	0.00187	0.00526	0.00515	0.00552	0.00793
43	0.01059	0.05918	0.75900	0.01460	0.02217	0.01244	0.01882	0.01646	0.01098	0.01632	0.00926	0.01089	0.00660	0.00493	0.00488	0.00163	0.00761	0.00380	0.00220	0.00766
44	0.00756	0.00512	0.00604	0.00604	0.00616	0.00524	0.00360	0.00780	0.00768	0.01036	0.01608	0.03226	0.01814	0.71306	0.12935	0.00549	0.00624	0.00731	0.00311	0.00336
45	0.01296	0.01305	0.02023	0.04876	0.58253	0.08127	0.07490	0.01597	0.01231	0.01677	0.06214	0.01447	0.01083	0.00511	0.00526	0.00156	0.00645	0.00497	0.00280	0.00766
46	0.01173	0.02218	0.53486	0.01758	0.10389	0.01207	0.14693	0.01696	0.01152	0.05870	0.01021	0.01209	0.00734	0.00490	0.00519	0.00165	0.00754	0.00440	0.00255	0.00770

[dist]
# distance from previous block
# <min> <max>
0	26

[block]
# block no. 2 follows, 47 sequences, length 47
# corresponding to MSA columns:
# 198-244
name=unknown_C
#
# <colnr> <probs for GDERKNQSTAVLIFYWHMCP>
#	G	D	E	R	K	N	Q	S	T	A	V	L	I	F	Y	W	H	M	C	P
0	0.15352	0.00896	0.01112	0.00885	0.01257	0.00832	0.00732	0.03918	0.01396	0.59622	0.01944	0.01878	0.03328	0.00671	0.00503	0.00165	0.00436	0.03689	0.00579	0.00806
1	0.01139	0.01139	0.01595	0.01367	0.01367	0.01595	0.01139	0.01253	0.00798	0.01253	0.00684	0.01139	0.00684	0.00911	0.01709	0.00228	0.80745	0.00456	0.00228	0.00570
2	0.01132	0.00924	0.01085	0.00778	0.01238	0.00697	0.00623	0.01362	0.01097	0.04899	0.00972	0.01109	0.00793	0.00396	0.00391	0.00081	0.00388	0.00317	0.00322	0.81394
3	0.01139	0.01278	0.17080	0.00946	0.01457	0.00806	0.02411	0.01445	0.01119	0.06808	0.01192	0.01305	0.04103	0.00466	0.00432	0.00107	0.00473	0.00379	0.00319	0.56735
4	0.76204	0.07946	0.00950	0.00718	0.01050	0.03140	0.00603	0.01546	0.00915	0.02216	0.00727	0.00847	0.00575	0.00481	0.00327	0.00156	0.00429	0.00283	0.00312	0.00574
5	0.02336	0.00886	0.01209	0.00927	0.01329	0.00765	0.00765	0.02538	0.01491	0.78810	0.02055	0.01773	0.01289	0.00645	0.00524	0.00161	0.00443	0.00524	0.00645	0.00886
6	0.00644	0.00529	0.00567	0.00557	0.00721	0.00452	0.00418	0.00802	0.01254	0.01566	0.22257	0.04750	0.61158	0.01260	0.00615	0.00173	0.00260	0.01062	0.00504	0.00452
7	0.01945	0.02482	0.01476	0.01342	0.01610	0.79608	0.01006	0.02079	0.01476	0.01275	0.00805	0.00939	0.00671	0.00537	0.00470	0.00134	0.00939	0.00335	0.00268	0.00604
8	0.00830	0.00554	0.00720	0.00666	0.00808	0.00506	0.00504	0.01067	0.01461	0.06809	0.69853	0.03814	0.08315	0.01051	0.00609	0.00164	0.00259	0.00924	0.00573	0.00513
9	0.01198	0.01620	0.15738	0.02076	0.02644	0.01299	0.64109	0.01665	0.01208	0.01665	0.01034	0.01354	0.00768	0.00448	0.00595	0.00174	0.00860	0.00576	0.00256	0.00714
10	0.00647	0.00531	0.00575	0.00598	0.00755	0.00459	0.00459	0.00792	0.01182	0.01436	0.06478	0.10336	0.62085	0.01349	0.00632	0.00186	0.00293	0.10275	0.00485	0.00445
11	0.00744	0.00556	0.00829	0.00829	0.00920	0.00647	0.00641	0.00925	0.00835	0.01203	0.01402	0.02084	0.01319	0.06099	0.77464	0.00828	0.01370	0.00564	0.00280	0.00461
12	0.00983	0.00926	0.01562	0.80447	0.03587	0.01157	0.01446	0.01331	0.01041	0.01331	0.00926	0.01388	0.00694	0.00521	0.00521	0.00174	0.00694	0.00463	0.00231	0.00579
13	0.00634	0.00453	0.00604	0.00725	0.00755	0.00423	0.00483	0.00725	0.00997	0.01329	0.02870	0.81358	0.03444	0.01632	0.00665	0.00211	0.00302	0.01480	0.00483	0.00423
14	0.00615	0.00528	0.00528	0.00528	0.00703	0.00440	0.00396	0.00747	0.01187	0.01407	0.05276	0.05012	0.78238	0.01319	0.00615	0.00176	0.00264	0.01099	0.00484	0.00440
15	0.01251	0.01199	0.02045	0.12772	0.69170	0.01227	0.01579	0.01565	0.01168	0.01655	0.00973	0.01301	0.00809	0.00471	0.00516	0.00157	0.00628	0.00464	0.00255	0.00794
16	0.01045	0.02694	0.79000	0.01484	0.02254	0.01209	0.01924	0.01649	0.01099	0.01649	0.00935	0.01099	0.00660	0.00495	0.00495	0.00165	0.00770	0.00385	0.00220	0.00770
17	0.00905	0.00452	0.00678	0.00678	0.00678	0.00452	0.00452	0.00678	0.00678	0.00905	0.00905	0.01583	0.00905	0.01809	0.02035	0.84848	0.00452	0.00452	0.00226	0.00226
18	0.01295	0.01119	0.01178	0.01060	0.01354	0.01295	0.00824	0.02767	0.77509	0.02178	0.02120	0.01943	0.01590	0.00707	0.00530	0.00177	0.00412	0.00589	0.00530	0.00824
19	0.02160	0.00892	0.01190	0.00905	0.01316	0.00755	0.00745	0.02365	0.01433	0.67967	0.01896	0.01675	0.01216	0.00608	0.00504	0.00149	0.00435	0.00493	0.00597	0.12698
20	0.00905	0.00452	0.00678	0.00678	0.00678	0.00452	0.00452	0.00678	0.00678	0.00905	0.00905	0.01583	0.00905	0.01809	0.02035	0.84848	0.00452	0.00452	0.00226	0.00226
21	0.01392	0.82012	0.02729	0.00891	0.01337	0.02061	0.00891	0.01559	0.01058	0.01225	0.00724	0.00835	0.00668	0.00446	0.00334	0.00111	0.00557	0.00278	0.00223	0.00668
22	0.00615	0.00528	0.00528	0.00528	0.00703	0.00440	0.00396	0.00747	0.01187	0.01407	0.05276	0.05012	0.78238	0.01319	0.00615	0.00176	0.00264	0.01099	0.00484	0.00440
23	0.02288	0.00897	0.01207	0.00933	0.01331	0.00790	0.00768	0.02549	0.05036	0.75236	0.02058	0.01780	0.01303	0.00647	0.00524	0.00162	0.00442	0.00527	0.00639	0.00883
24	0.00983	0.00926	0.01562	0.80447	0.03587	0.01157	0.01446	0.01331	0.01041	0.01331	0.00926	0.01388	0.00694	0.00521	0.00521	0.00174	0.00694	0.00463	0.00231	0.00579
25	0.00983	0.00926	0.01562	0.80447	0.03587	0.01157	0.01446	0.01331	0.01041	0.01331	0.00926	0.01388	0.00694	0.00521	0.00521	0.00174	0.00694	0.00463	0.00231	0.00579
26	0.01874	0.00773	0.01049	0.00865	0.01172	0.00676	0.00688	0.02058	0.01395	0.57395	0.08876	0.17053	0.02015	0.00869	0.00558	0.00171	0.00399	0.00742	0.00608	0.00764
27	0.19636	0.00911	0.01116	0.00876	0.01262	0.00849	0.00723	0.02328	0.01365	0.62879	0.01778	0.01579	0.01138	0.00611	0.00482	0.00161	0.00435	0.00473	0.00577	0.00819
28	0.00757	0.00505	0.00568	0.00568	0.00568	0.00505	0.00316	0.00757	0.00757	0.01010	0.01641	0.03408	0.01893	0.81698	0.02651	0.00505	0.00505	0.00757	0.00316	0.00316
29	0.02263	0.00868	0.01182	0.00918	0.01305	0.00751	0.00753	0.02459	0.01469	0.75455	0.02090	0.05220	0.01382	0.00687	0.00530	0.00163	0.00437	0.00565	0.00638	0.00866
30	0.00757	0.00505	0.00568	0.00568	0.00568	0.00505	0.00316	0.00757	0.00757	0.01010	0.01641	0.03408	0.01893	0.81698	0.02651	0.00505	0.00505	0.00757	0.00316	0.00316
31	0.00757	0.00505	0.00568	0.00568	0.00568	0.00505	0.00316	0.00757	0.00757	0.01010	0.01641	0.03408	0.01893	0.81698	0.02651	0.00505	0.00505	0.00757	0.00316	0.00316
32	0.85377	0.01007	0.00765	0.00685	0.01007	0.01168	0.00564	0.01531	0.00886	0.02336	0.00725	0.00846	0.00564	0.00483	0.00322	0.00161	0.00403	0.00282	0.00322	0.00564
33	0.00615	0.00528	0.00528	0.00528	0.00703	0.00440	0.00396	0.00747	0.01187	0.01407	0.05276	0.05012	0.78238	0.01319	0.00615	0.00176	0.00264	0.01099	0.00484	0.00440
34	0.00756	0.00506	0.00574	0.00572	0.00577	0.00504	0.00323	0.00767	0.00788	0.01056	0.04956	0.03429	0.02024	0.78206	0.02562	0.00490	0.00494	0.00765	0.00327	0.00323
35	0.02058	0.04711	0.01531	0.01118	0.01534	0.01332	0.02959	0.45805	0.02025	0.29269	0.01501	0.01417	0.01013	0.00619	0.00516	0.00157	0.00536	0.00484	0.00544	0.00872
36	0.85377	0.01007	0.00765	0.00685	0.01007	0.01168	0.00564	0.01531	0.00886	0.02336	0.00725	0.00846	0.00564	0.00483	0.00322	0.00161	0.00403	0.00282	0.00322	0.00564
37	0.01295	0.01119	0.01178	0.01060	0.01354	0.01295	0.00824	0.02767	0.77509	0.02178	0.02120	0.01943	0.01590	0.00707	0.00530	0.00177	0.00412	0.00589	0.00530	0.00824
38	0.01045	0.02694	0.79000	0.01484	0.02254	0.01209	0.01924	0.01649	0.01099	0.01649	0.00935	0.01099	0.00660	0.00495	0.00495	0.00165	0.00770	0.00385	0.00220	0.00770
39	0.01045	0.02694	0.79000	0.01484	0.02254	0.01209	0.01924	0.01649	0.01099	0.01649	0.00935	0.01099	0.00660	0.00495	0.00495	0.00165	0.00770	0.00385	0.00220	0.00770
40	0.01945	0.02482	0.01476	0.01342	0.01610	0.79608	0.01006	0.02079	0.01476	0.01275	0.00805	0.00939	0.00671	0.00537	0.00470	0.00134	0.00939	0.00335	0.00268	0.00604
41	0.01080	0.00926	0.01080	0.00771	0.01234	0.00694	0.00617	0.01311	0.01080	0.01697	0.00926	0.01080	0.00771	0.00386	0.00386	0.00077	0.00386	0.00309	0.00309	0.84882
42	0.01139	0.14500	0.62551	0.01406	0.02100	0.04698	0.03438	0.01655	0.01112	0.01570	0.00900	0.01060	0.00664	0.00488	0.00472	0.00156	0.00748	0.00372	0.00223	0.00746
43	0.00757	0.00505	0.00568	0.00568	0.00568	0.00505	0.00316	0.00757	0.00757	0.01010	0.01641	0.03408	0.01893	0.81698	0.02651	0.00505	0.00505	0.00757	0.00316	0.00316
44	0.00645	0.00514	0.00582	0.00625	0.00754	0.00451	0.00463	0.00779	0.01145	0.01420	0.06621	0.26009	0.48645	0.01408	0.00638	0.00191	0.00293	0.07891	0.00486	0.00440
45	0.01294	0.01507	0.09565	0.03674	0.12299	0.04521	0.50840	0.01727	0.02758	0.04964	0.01085	0.01369	0.00813	0.00467	0.00578	0.00170	0.00806	0.00556	0.00280	0.00728
46	0.01434	0.07515	0.06672	0.01047	0.01385	0.03003	0.00903	0.34808	0.10040	0.02352	0.05147	0.10514	0.06859	0.00833	0.00542	0.00168	0.00506	0.05083	0.00466	0.00726

[dist]
# distance from previous block
# <min> <max>
0	1

[block]
# block no. 3 follows, 47 sequences, length 71
# corresponding to MSA columns:
# 246-316
name=unknown_D
#
# <colnr> <probs for GDERKNQSTAVLIFYWHMCP>
#	G	D	E	R	K	N	Q	S	T	A	V	L	I	F	Y	W	H	M	C	P
0	0.00780	0.00587	0.00806	0.00852	0.06804	0.00549	0.00577	0.01030	0.01452	0.02058	0.72186	0.03688	0.04596	0.01018	0.00607	0.00163	0.00275	0.00905	0.00549	0.00517
1	0.01210	0.09560	0.53786	0.07186	0.05559	0.01245	0.01645	0.01726	0.02967	0.08838	0.01050	0.01188	0.00752	0.00510	0.00486	0.00160	0.00699	0.00402	0.00270	0.00761
2	0.01791	0.01445	0.13322	0.01146	0.01582	0.01278	0.01044	0.42395	0.03456	0.18507	0.01512	0.07564	0.01147	0.00689	0.00529	0.00163	0.00552	0.00548	0.00498	0.00831
3	0.07814	0.01242	0.02032	0.04835	0.65451	0.02624	0.05236	0.01598	0.01166	0.01732	0.00959	0.01257	0.00797	0.00467	0.00505	0.00156	0.00622	0.00455	0.00263	0.00789
4	0.00650	0.00483	0.00596	0.00662	0.00736	0.00440	0.00455	0.00764	0.01086	0.01423	0.12668	0.49974	0.20702	0.05892	0.00756	0.00214	0.00297	0.01287	0.00485	0.00429
5	0.12532	0.52131	0.07810	0.00999	0.02776	0.10004	0.00943	0.03176	0.01114	0.01471	0.00768	0.00889	0.00664	0.00466	0.00367	0.00125	0.00590	0.00301	0.00249	0.02624
6	0.01339	0.01253	0.02074	0.03051	0.72862	0.01265	0.01554	0.07061	0.01278	0.01816	0.00999	0.01286	0.00829	0.00476	0.00516	0.00155	0.00615	0.00464	0.00277	0.00829
7	0.02896	0.47481	0.12998	0.01253	0.08479	0.11534	0.01113	0.06173	0.01209	0.01477	0.00818	0.00951	0.00693	0.00477	0.00401	0.00129	0.00638	0.00329	0.00251	0.00700
8	0.03670	0.01119	0.04672	0.01019	0.01440	0.01018	0.00872	0.22205	0.01717	0.54010	0.01768	0.01588	0.01142	0.00630	0.00518	0.00160	0.00491	0.00499	0.00587	0.00875
9	0.01289	0.01237	0.02114	0.03196	0.78450	0.01237	0.01598	0.01598	0.01186	0.01701	0.00980	0.01289	0.00825	0.00464	0.00516	0.00155	0.00619	0.00464	0.00258	0.00825
10	0.00625	0.00526	0.00542	0.00543	0.00710	0.00443	0.00405	0.00764	0.01202	0.01454	0.10501	0.07327	0.70558	0.01310	0.00617	0.00176	0.00264	0.01100	0.00490	0.00443
11	0.00615	0.00528	0.00528	0.00528	0.00703	0.00440	0.00396	0.00747	0.01187	0.01407	0.05276	0.05012	0.78238	0.01319	0.00615	0.00176	0.00264	0.01099	0.00484	0.00440
12	0.00728	0.00532	0.00683	0.00645	0.00772	0.00487	0.00484	0.00964	0.01452	0.02035	0.72519	0.03977	0.10602	0.01084	0.00614	0.00165	0.00247	0.00954	0.00566	0.00487
13	0.08779	0.00896	0.01174	0.00908	0.01304	0.00797	0.00750	0.02460	0.01444	0.72877	0.01951	0.01701	0.01233	0.00632	0.00508	0.00161	0.00440	0.00505	0.00620	0.00861
14	0.00971	0.00485	0.00485	0.00485	0.00607	0.00485	0.00364	0.01213	0.01092	0.01942	0.01699	0.01942	0.01335	0.00607	0.00364	0.00121	0.00243	0.00485	0.84589	0.00485
15	0.01841	0.01316	0.01598	0.01225	0.01632	0.01404	0.08525	0.51376	0.07325	0.12430	0.01571	0.01547	0.04427	0.00645	0.00536	0.00161	0.00563	0.00527	0.00509	0.00843
16	0.01927	0.01254	0.01400	0.01101	0.01486	0.01347	0.00898	0.46671	0.13803	0.20223	0.01577	0.01526	0.01109	0.02507	0.00572	0.00169	0.00517	0.00507	0.00546	0.00863
17	0.78262	0.00997	0.00803	0.00706	0.01035	0.01134	0.00581	0.01617	0.00938	0.08889	0.00839	0.00925	0.00626	0.00497	0.00340	0.00161	0.00406	0.00303	0.00350	0.00592
18	0.85377	0.01007	0.00765	0.00685	0.01007	0.01168	0.00564	0.01531	0.00886	0.02336	0.00725	0.00846	0.00564	0.00483	0.00322	0.00161	0.00403	0.00282	0.00322	0.00564
19	0.01295	0.01119	0.01178	0.01060	0.01354	0.01295	0.00824	0.02767	0.77509	0.02178	0.02120	0.01943	0.01590	0.00707	0.00530	0.00177	0.00412	0.00589	0.00530	0.00824
20	0.00824	0.00593	0.00817	0.00925	0.01040	0.00591	0.00790	0.01073	0.02648	0.01572	0.06122	0.12837	0.03098	0.01426	0.00706	0.00233	0.00451	0.63288	0.00485	0.00481
21	0.01237	0.01184	0.02019	0.16436	0.65619	0.01224	0.01572	0.01552	0.01161	0.01638	0.00970	0.01306	0.00802	0.00474	0.00516	0.00158	0.00632	0.00464	0.00253	0.00783
22	0.01080	0.00926	0.01080	0.00771	0.01234	0.00694	0.00617	0.01311	0.01080	0.01697	0.00926	0.01080	0.00771	0.00386	0.00386	0.00077	0.00386	0.00309	0.00309	0.84882
23	0.01566	0.01253	0.01330	0.01115	0.01458	0.01422	0.00890	0.32066	0.47768	0.02616	0.01775	0.01669	0.01311	0.00674	0.00526	0.00169	0.00476	0.00541	0.00526	0.00849
24	0.01186	0.01277	0.02568	0.01843	0.02346	0.01159	0.57553	0.01573	0.01195	0.01672	0.01066	0.01439	0.00839	0.00451	0.00565	0.00155	0.00757	0.02330	0.00279	0.19749
25	0.01901	0.02286	0.01462	0.01307	0.01592	0.66503	0.00991	0.09220	0.07097	0.01531	0.00943	0.01042	0.00758	0.00557	0.00479	0.00139	0.00866	0.00367	0.00311	0.00647
26	0.00644	0.00457	0.00602	0.00713	0.00741	0.00429	0.00471	0.00728	0.00979	0.01305	0.02777	0.75418	0.03326	0.07733	0.00816	0.00234	0.00318	0.01425	0.00471	0.00415
27	0.01325	0.00918	0.01105	0.00802	0.01253	0.00708	0.00646	0.01550	0.01160	0.16729	0.01146	0.01215	0.00872	0.00436	0.00413	0.00094	0.00397	0.00350	0.00374	0.68508
28	0.01164	0.28916	0.51872	0.01306	0.01962	0.01494	0.03433	0.01620	0.01089	0.01509	0.00868	0.01020	0.00666	0.00477	0.00445	0.00147	0.00702	0.00355	0.00222	0.00734
29	0.85377	0.01007	0.00765	0.00685	0.01007	0.01168	0.00564	0.01531	0.00886	0.02336	0.00725	0.00846	0.00564	0.00483	0.00322	0.00161	0.00403	0.00282	0.00322	0.00564
30	0.01270	0.01388	0.02895	0.02266	0.11400	0.01321	0.64546	0.05009	0.01279	0.01744	0.01054	0.01384	0.00798	0.00450	0.00599	0.00172	0.00834	0.00591	0.00274	0.00725
31	0.01229	0.01405	0.03073	0.02195	0.02722	0.01317	0.76558	0.01668	0.01229	0.01668	0.01054	0.01405	0.00790	0.00439	0.00615	0.00176	0.00878	0.00615	0.00263	0.00702
32	0.01980	0.01459	0.01563	0.01198	0.01615	0.01615	0.00990	0.76713	0.02448	0.03282	0.01250	0.01250	0.00886	0.00625	0.00521	0.00156	0.00573	0.00469	0.00521	0.00886
33	0.00983	0.00926	0.01562	0.80447	0.03587	0.01157	0.01446	0.01331	0.01041	0.01331	0.00926	0.01388	0.00694	0.00521	0.00521	0.00174	0.00694	0.00463	0.00231	0.00579
34	0.01980	0.01459	0.01563	0.01198	0.01615	0.01615	0.00990	0.76713	0.02448	0.03282	0.01250	0.01250	0.00886	0.00625	0.00521	0.00156	0.00573	0.00469	0.00521	0.00886
35	0.00637	0.00454	0.00603	0.00721	0.00751	0.00425	0.00480	0.00726	0.00991	0.01322	0.02842	0.79543	0.03408	0.03496	0.00711	0.00218	0.00307	0.01464	0.00480	0.00420
36	0.00615	0.00528	0.00528	0.00528	0.00703	0.00440	0.00396	0.00747	0.01187	0.01407	0.05276	0.05012	0.78238	0.01319	0.00615	0.00176	0.00264	0.01099	0.00484	0.00440
37	0.02336	0.00886	0.01209	0.00927	0.01329	0.00765	0.00765	0.02538	0.01491	0.78810	0.02055	0.01773	0.01289	0.00645	0.00524	0.00161	0.00443	0.00524	0.00645	0.00886
38	0.02336	0.00886	0.01209	0.00927	0.01329	0.00765	0.00765	0.02538	0.01491	0.78810	0.02055	0.01773	0.01289	0.00645	0.00524	0.00161	0.00443	0.00524	0.00645	0.00886
39	0.00744	0.00557	0.00831	0.00831	0.00922	0.00648	0.00644	0.00926	0.00835	0.01204	0.01400	0.02076	0.01315	0.05628	0.77930	0.00830	0.01375	0.00562	0.00280	0.00462
40	0.00653	0.00468	0.00621	0.00712	0.00760	0.00436	0.00485	0.00773	0.01085	0.01470	0.16818	0.67010	0.03716	0.01527	0.00655	0.00203	0.00292	0.01381	0.00500	0.00436
41	0.00634	0.00453	0.00604	0.00725	0.00755	0.00423	0.00483	0.00725	0.00997	0.01329	0.02870	0.81358	0.03444	0.01632	0.00665	0.00211	0.00302	0.01480	0.00483	0.00423
42	0.00786	0.00596	0.00732	0.00700	0.00840	0.00579	0.00523	0.01157	0.10699	0.01972	0.55786	0.10773	0.10677	0.01094	0.00609	0.00171	0.00273	0.00961	0.00552	0.00521
43	0.00665	0.00475	0.00640	0.00760	0.00804	0.00450	0.00537	0.00778	0.01027	0.01364	0.02853	0.70013	0.03377	0.01603	0.00673	0.00216	0.00329	0.12522	0.00483	0.00431
44	0.01795	0.08291	0.11041	0.01326	0.01669	0.64387	0.01110	0.01989	0.01399	0.01317	0.00815	0.00951	0.00669	0.00525	0.00463	0.00136	0.00891	0.00337	0.00259	0.00629
45	0.77557	0.01075	0.02452	0.00739	0.01077	0.01202	0.00623	0.07001	0.01004	0.02391	0.00768	0.00881	0.00589	0.00494	0.00340	0.00161	0.00423	0.00298	0.00335	0.00592
46	0.00744	0.00556	0.00828	0.00828	0.00917	0.00646	0.00639	0.00924	0.00834	0.01202	0.01404	0.02094	0.01323	0.06628	0.76940	0.00825	0.01364	0.00565	0.00280	0.00460
47	0.01442	0.01268	0.01568	0.01865	0.29693	0.06928	0.01128	0.06705	0.35058	0.06471	0.01550	0.01579	0.01183	0.00597	0.00519	0.00163	0.00538	0.00514	0.00417	0.00816
48	0.01928	0.02453	0.01478	0.01342	0.01605	0.77913	0.01009	0.02062	0.01461	0.01274	0.00802	0.00943	0.00671	0.00545	0.00496	0.00136	0.02673	0.00338	0.00267	0.00603
49	0.00727	0.00526	0.00685	0.00658	0.00775	0.00485	0.00489	0.00958	0.01431	0.02015	0.70815	0.09924	0.06326	0.01114	0.00618	0.00168	0.00250	0.00987	0.00564	0.00485
50	0.00743	0.00515	0.00637	0.00641	0.00676	0.00525	0.00413	0.00815	0.00877	0.01203	0.11037	0.08877	0.02263	0.51248	0.16877	0.00505	0.00627	0.00795	0.00352	0.00373
51	0.01118	0.01109	0.01555	0.01339	0.01344	0.01545	0.01114	0.01236	0.00800	0.01251	0.00721	0.01187	0.00716	0.01070	0.05823	0.00260	0.76556	0.00461	0.00231	0.00564
52	0.00656	0.00475	0.00625	0.00736	0.00787	0.00444	0.00516	0.00766	0.01034	0.01361	0.03044	0.67017	0.09197	0.01586	0.00667	0.00212	0.00319	0.09644	0.00483	0.00431
53	0.01104	0.16259	0.65956	0.01383	0.02097	0.01355	0.01747	0.01634	0.01092	0.01577	0.00899	0.01054	0.00661	0.00486	0.00467	0.00156	0.00733	0.00367	0.00220	0.00752
54	0.85377	0.01007	0.00765	0.00685	0.01007	0.01168	0.00564	0.01531	0.00886	0.02336	0.00725	0.00846	0.00564	0.00483	0.00322	0.00161	0.00403	0.00282	0.00322	0.00564
55	0.85377	0.01007	0.00765	0.00685	0.01007	0.01168	0.00564	0.01531	0.00886	0.02336	0.00725	0.00846	0.00564	0.00483	0.00322	0.00161	0.00403	0.00282	0.00322	0.00564
56	0.00632	0.00463	0.00594	0.00698	0.00748	0.00425	0.00471	0.00728	0.01023	0.01340	0.03199	0.70931	0.13660	0.01589	0.00658	0.00207	0.00297	0.01428	0.00483	0.00425
57	0.00815	0.00647	0.00993	0.16363	0.01461	0.00769	0.00813	0.02510	0.00909	0.01274	0.01301	0.01902	0.01175	0.03181	0.62644	0.00694	0.01242	0.00538	0.00275	0.00495
58	0.01508	0.01409	0.03261	0.01321	0.04739	0.10737	0.08034	0.16349	0.40989	0.03551	0.01625	0.01594	0.01215	0.00630	0.00527	0.00166	0.00566	0.00527	0.00456	0.00798
59	0.00905	0.00452	0.00678	0.00678	0.00678	0.00452	0.00452	0.00678	0.00678	0.00905	0.00905	0.01583	0.00905	0.01809	0.02035	0.84848	0.00452	0.00452	0.00226	0.00226
60	0.03745	0.00595	0.00675	0.00649	0.00700	0.00621	0.00411	0.06283	0.00898	0.01248	0.01586	0.04957	0.01753	0.63077	0.10282	0.00495	0.00593	0.00718	0.00331	0.00383
61	0.01261	0.01225	0.02141	0.09117	0.67135	0.01237	0.07038	0.01583	0.01178	0.01670	0.00981	0.01305	0.00812	0.00467	0.00523	0.00158	0.00643	0.00475	0.00256	0.00797
62	0.01133	0.11833	0.60744	0.01473	0.02172	0.01310	0.09195	0.01661	0.01116	0.03345	0.00947	0.01114	0.00688	0.00487	0.00488	0.00160	0.00748	0.00398	0.00234	0.00754
63	0.41335	0.19361	0.17334	0.06701	0.01531	0.01365	0.00985	0.01570	0.00993	0.03634	0.00813	0.00956	0.00633	0.00484	0.00379	0.00152	0.00535	0.00321	0.00280	0.00638
64	0.00634	0.00453	0.00604	0.00725	0.00755	0.00423	0.00483	0.00725	0.00997	0.01329	0.02870	0.81358	0.03444	0.01632	0.00665	0.00211	0.00302	0.01480	0.00483	0.00423
65	0.01080	0.00926	0.01080	0.00771	0.01234	0.00694	0.00617	0.01311	0.01080	0.01697	0.00926	0.01080	0.00771	0.00386	0.00386	0.00077	0.00386	0.00309	0.00309	0.84882
66	0.01483	0.00938	0.02442	0.00903	0.01197	0.00927	0.00731	0.15117	0.16503	0.21947	0.22645	0.02447	0.06219	0.00798	0.00548	0.00164	0.00397	0.00666	0.03200	0.00730
67	0.01106	0.02935	0.34203	0.01048	0.01494	0.00863	0.01146	0.01494	0.01300	0.12913	0.30616	0.02376	0.04804	0.00758	0.00545	0.00163	0.00504	0.00637	0.00424	0.00668
68	0.09638	0.01531	0.14694	0.01155	0.01610	0.01377	0.01069	0.41408	0.08965	0.11425	0.01320	0.01311	0.00928	0.00599	0.00499	0.00161	0.00561	0.00454	0.00466	0.00830
69	0.09470	0.01964	0.48151	0.01207	0.01779	0.01078	0.01406	0.01702	0.07053	0.08829	0.04798	0.01597	0.04947	0.03140	0.00562	0.00176	0.00618	0.00476	0.00325	0.00721
70	0.01210	0.05325	0.58867	0.01366	0.02026	0.03120	0.01646	0.09489	0.02537	0.04399	0.04461	0.01262	0.00910	0.00541	0.00498	0.00161	0.00705	0.00421	0.00288	0.00766

[dist]
# distance from previous block
# <min> <max>
0	6

# created by:
# /st0/software/busco_prod/Augustus/scripts/msa2prfl.pl ./align_prep/169009.fa
