[name]
unknown

[dist]
# distance from previous block
# <min> <max>
2	288

[block]
# block no. 0 follows, 44 sequences, length 14
# corresponding to MSA columns:
# 292-305
name=unknown_A
#
# <colnr> <probs for GDERKNQSTAVLIFYWHMCP>
#	G	D	E	R	K	N	Q	S	T	A	V	L	I	F	Y	W	H	M	C	P
0	0.15254	0.02847	0.01665	0.01938	0.31422	0.04373	0.04139	0.08220	0.06981	0.03426	0.01291	0.02876	0.03522	0.00573	0.00499	0.00158	0.00566	0.00488	0.00352	0.09415
1	0.01282	0.01157	0.01839	0.06364	0.04752	0.01117	0.21353	0.08437	0.01296	0.04550	0.01268	0.05134	0.02873	0.00600	0.00649	0.00153	0.07874	0.00543	0.00342	0.28416
2	0.01338	0.00945	0.01263	0.01259	0.10851	0.00949	0.04158	0.14762	0.05801	0.11515	0.06455	0.13925	0.05602	0.12504	0.03469	0.00250	0.00527	0.00773	0.00465	0.03191
3	0.01383	0.01317	0.03676	0.01538	0.01976	0.05302	0.30902	0.04886	0.07955	0.07992	0.01345	0.06015	0.01091	0.00598	0.00614	0.00162	0.04030	0.00584	0.00365	0.18268
4	0.03551	0.00526	0.00664	0.00762	0.00826	0.00505	0.00526	0.00874	0.03201	0.01507	0.07192	0.66350	0.06388	0.01588	0.00676	0.00215	0.00323	0.03355	0.00507	0.00466
5	0.02040	0.02483	0.01555	0.01388	0.01686	0.70348	0.01052	0.10101	0.01655	0.01561	0.00893	0.01018	0.00727	0.00572	0.00497	0.00143	0.00942	0.00366	0.00309	0.00664
6	0.01232	0.01029	0.01185	0.00856	0.01335	0.00831	0.00688	0.09384	0.01285	0.01956	0.01006	0.01150	0.00820	0.00431	0.00419	0.00090	0.00425	0.00341	0.00347	0.75191
7	0.02037	0.02598	0.01545	0.01404	0.01685	0.78652	0.01053	0.02177	0.01545	0.01334	0.00843	0.00983	0.00702	0.00562	0.00492	0.00140	0.00983	0.00351	0.00281	0.00632
8	0.00947	0.00473	0.00710	0.00710	0.00710	0.00473	0.00473	0.00710	0.00710	0.00947	0.00947	0.01657	0.00947	0.01894	0.02131	0.84138	0.00473	0.00473	0.00237	0.00237
9	0.02053	0.01032	0.05547	0.01003	0.01390	0.00874	0.00851	0.08744	0.04016	0.53857	0.02132	0.12736	0.01600	0.00810	0.00567	0.00176	0.00473	0.00677	0.00611	0.00851
10	0.01164	0.01441	0.10794	0.02012	0.06665	0.01205	0.50764	0.01575	0.01234	0.01689	0.01475	0.12605	0.03340	0.00668	0.00631	0.00187	0.00789	0.00750	0.00309	0.00701
11	0.00671	0.00477	0.00631	0.00751	0.00781	0.00447	0.00497	0.00761	0.01031	0.01375	0.02941	0.76681	0.03525	0.05621	0.00799	0.00237	0.00327	0.01512	0.00497	0.00437
12	0.01265	0.01417	0.03029	0.09531	0.05956	0.01360	0.65586	0.01710	0.01267	0.01715	0.01087	0.01464	0.00819	0.00469	0.00630	0.00183	0.00890	0.00622	0.00272	0.00728
13	0.01532	0.01539	0.12196	0.03923	0.02360	0.01309	0.39097	0.14372	0.01512	0.12508	0.01312	0.03507	0.00968	0.00565	0.00596	0.00178	0.00767	0.00593	0.00376	0.00792

[dist]
# distance from previous block
# <min> <max>
5	31

[block]
# block no. 1 follows, 44 sequences, length 12
# corresponding to MSA columns:
# 339-350
name=unknown_B
#
# <colnr> <probs for GDERKNQSTAVLIFYWHMCP>
#	G	D	E	R	K	N	Q	S	T	A	V	L	I	F	Y	W	H	M	C	P
0	0.01802	0.01206	0.01383	0.04689	0.01598	0.01273	0.00915	0.26994	0.23734	0.19511	0.01713	0.01632	0.01216	0.00653	0.00534	0.00163	0.00506	0.00523	0.00540	0.09414
1	0.00800	0.00609	0.00732	0.00713	0.00839	0.00593	0.00526	0.00990	0.03162	0.03698	0.24648	0.16575	0.29620	0.07568	0.00894	0.00217	0.05750	0.01065	0.00506	0.00495
2	0.01071	0.00616	0.00811	0.00807	0.00963	0.00544	0.00580	0.01204	0.01157	0.16821	0.02624	0.56528	0.02865	0.01366	0.00636	0.00196	0.00355	0.01223	0.00521	0.09111
3	0.68054	0.01150	0.00969	0.00825	0.01182	0.01317	0.00680	0.16508	0.01257	0.02645	0.00870	0.00971	0.00658	0.00536	0.00379	0.00168	0.00458	0.00335	0.00379	0.00658
4	0.01570	0.01221	0.02022	0.02868	0.62126	0.01196	0.01498	0.01871	0.01306	0.17093	0.01252	0.01451	0.00961	0.00524	0.00541	0.00163	0.00611	0.00498	0.00351	0.00876
5	0.26440	0.00995	0.01382	0.55592	0.02935	0.01215	0.01234	0.01457	0.01041	0.01713	0.00905	0.01281	0.00685	0.00533	0.00482	0.00178	0.00634	0.00427	0.00271	0.00601
6	0.01224	0.01165	0.01810	0.12374	0.49203	0.04672	0.01391	0.01531	0.01297	0.01793	0.16340	0.01894	0.01701	0.00623	0.00559	0.00165	0.00594	0.00580	0.00333	0.00750
7	0.01396	0.04457	0.37769	0.05621	0.02126	0.04880	0.04763	0.19280	0.01468	0.02037	0.01018	0.01208	0.00759	0.00602	0.00677	0.00176	0.10224	0.00442	0.00311	0.00785
8	0.01113	0.06487	0.01731	0.46588	0.18032	0.01207	0.01395	0.01438	0.01141	0.01508	0.01162	0.01856	0.01003	0.00619	0.00544	0.00175	0.00661	0.07964	0.00278	0.05096
9	0.18241	0.11098	0.01347	0.00895	0.01291	0.01169	0.00746	0.12150	0.02542	0.09699	0.02935	0.02687	0.02155	0.01835	0.00508	0.00142	0.02509	0.00425	0.00396	0.27231
10	0.08625	0.31314	0.25167	0.01141	0.01671	0.06646	0.01214	0.06390	0.02633	0.01739	0.03828	0.01152	0.00896	0.00530	0.00439	0.00144	0.00639	0.00377	0.00289	0.05166
11	0.01517	0.23479	0.08326	0.01524	0.16806	0.02749	0.01139	0.11555	0.01385	0.08849	0.03186	0.01278	0.00960	0.00552	0.00526	0.00144	0.04000	0.00422	0.00345	0.11258

[dist]
# distance from previous block
# <min> <max>
0	15

[block]
# block no. 2 follows, 44 sequences, length 29
# corresponding to MSA columns:
# 366-394
name=unknown_C
#
# <colnr> <probs for GDERKNQSTAVLIFYWHMCP>
#	G	D	E	R	K	N	Q	S	T	A	V	L	I	F	Y	W	H	M	C	P
0	0.01639	0.03570	0.10046	0.07535	0.03960	0.03434	0.01048	0.23099	0.03758	0.15187	0.03457	0.02954	0.01131	0.00619	0.00514	0.00153	0.00560	0.00494	0.04030	0.12813
1	0.01305	0.01351	0.09010	0.05812	0.14243	0.06589	0.15458	0.01688	0.04921	0.06893	0.03164	0.07272	0.01216	0.00628	0.00566	0.00161	0.02093	0.00578	0.04858	0.12193
2	0.05175	0.03195	0.06540	0.04715	0.02774	0.00856	0.00788	0.07526	0.01324	0.07734	0.08697	0.09026	0.15861	0.00826	0.00531	0.00152	0.00435	0.00687	0.00430	0.22730
3	0.01715	0.07446	0.01435	0.01142	0.01438	0.38195	0.00889	0.13006	0.01620	0.05782	0.11958	0.01792	0.05074	0.03186	0.00590	0.00161	0.00704	0.00519	0.00397	0.02953
4	0.01140	0.00925	0.01198	0.01218	0.14216	0.00806	0.00788	0.03432	0.03358	0.05008	0.09055	0.03663	0.09911	0.04803	0.00620	0.00150	0.00431	0.00578	0.00393	0.38309
5	0.00663	0.00478	0.00629	0.00750	0.00788	0.00444	0.00502	0.00760	0.01052	0.01395	0.03111	0.77309	0.06713	0.01694	0.00694	0.00220	0.00315	0.01533	0.00506	0.00444
6	0.01366	0.03471	0.12141	0.01095	0.01461	0.03283	0.03022	0.05122	0.24197	0.13238	0.05627	0.02599	0.12485	0.00842	0.00600	0.00182	0.02205	0.05830	0.00486	0.00748
7	0.01130	0.00969	0.01130	0.00807	0.01292	0.00727	0.00646	0.01373	0.01130	0.01776	0.00969	0.01130	0.00807	0.00404	0.00404	0.00081	0.00404	0.00323	0.00323	0.84173
8	0.01261	0.00967	0.01070	0.00960	0.01229	0.01054	0.00745	0.02298	0.47870	0.08466	0.18277	0.02730	0.08993	0.00869	0.00581	0.00181	0.00384	0.00735	0.00570	0.00760
9	0.02055	0.02052	0.01591	0.01328	0.01688	0.39373	0.01045	0.39661	0.02065	0.02407	0.01081	0.01149	0.00817	0.00609	0.00519	0.00152	0.00788	0.00422	0.00416	0.00783
10	0.01716	0.44711	0.02269	0.01071	0.01513	0.04094	0.00967	0.28456	0.04951	0.03974	0.01057	0.01109	0.00840	0.00554	0.00438	0.00139	0.00591	0.00386	0.00372	0.00793
11	0.01458	0.81168	0.02857	0.00933	0.01399	0.02157	0.00933	0.01632	0.01108	0.01283	0.00758	0.00875	0.00700	0.00466	0.00350	0.00117	0.00583	0.00292	0.00233	0.00700
12	0.01355	0.00912	0.00982	0.00845	0.01075	0.00974	0.00646	0.22218	0.12248	0.05466	0.03675	0.02311	0.05018	0.15874	0.00930	0.00227	0.00438	0.00615	0.23534	0.00658
13	0.06538	0.01502	0.01591	0.01225	0.01656	0.01665	0.01012	0.71621	0.02475	0.03382	0.01279	0.01286	0.00909	0.00646	0.00534	0.00164	0.00590	0.00480	0.00534	0.00909
14	0.00745	0.00512	0.00675	0.00740	0.00813	0.00473	0.00515	0.00889	0.01199	0.03865	0.23066	0.55484	0.05960	0.01508	0.00676	0.00205	0.00304	0.01357	0.00536	0.00477
15	0.01356	0.01171	0.01233	0.01109	0.01418	0.01356	0.00863	0.02897	0.76455	0.02281	0.02219	0.02034	0.01664	0.00740	0.00555	0.00185	0.00431	0.00616	0.00555	0.00863
16	0.01464	0.56036	0.04687	0.01512	0.18118	0.07269	0.01133	0.01682	0.01169	0.01408	0.00829	0.00994	0.00736	0.00479	0.00406	0.00130	0.00631	0.00341	0.00244	0.00734
17	0.01580	0.01231	0.17447	0.01015	0.01422	0.00844	0.00975	0.01971	0.05747	0.34009	0.24995	0.02398	0.02395	0.00780	0.00571	0.00171	0.00471	0.00656	0.00550	0.00771
18	0.00705	0.00537	0.00648	0.00657	0.00783	0.00480	0.00479	0.00886	0.01332	0.01771	0.36682	0.21380	0.29011	0.01335	0.00655	0.00187	0.00277	0.01166	0.00548	0.00480
19	0.11586	0.00942	0.01214	0.00942	0.01354	0.00848	0.00778	0.02540	0.01490	0.69441	0.01996	0.01748	0.01265	0.00656	0.00525	0.00169	0.00459	0.00520	0.00637	0.00890
20	0.00836	0.00609	0.00821	0.00922	0.01052	0.00594	0.00788	0.01067	0.01260	0.01629	0.06759	0.08246	0.13047	0.01477	0.00732	0.00237	0.00455	0.58466	0.00507	0.00495
21	0.01458	0.81168	0.02857	0.00933	0.01399	0.02157	0.00933	0.01632	0.01108	0.01283	0.00758	0.00875	0.00700	0.00466	0.00350	0.00117	0.00583	0.00292	0.00233	0.00700
22	0.01016	0.00508	0.00508	0.00508	0.00635	0.00508	0.00381	0.01270	0.01143	0.02033	0.01778	0.02033	0.01397	0.00635	0.00381	0.00127	0.00254	0.00508	0.83867	0.00508
23	0.01093	0.02820	0.78016	0.01554	0.02360	0.01266	0.02014	0.01727	0.01151	0.01727	0.00978	0.01151	0.00691	0.00518	0.00518	0.00173	0.00806	0.00403	0.00230	0.00806
24	0.00879	0.00628	0.00879	0.01004	0.01130	0.00628	0.00879	0.01130	0.01255	0.01632	0.02887	0.06150	0.03138	0.01506	0.00753	0.00251	0.00502	0.73770	0.00502	0.00502
25	0.00772	0.00557	0.00729	0.00686	0.00814	0.00514	0.00514	0.01029	0.01543	0.02186	0.77152	0.04072	0.05144	0.01115	0.00643	0.00171	0.00257	0.00986	0.00600	0.00514
26	0.84691	0.01054	0.00801	0.00717	0.01054	0.01223	0.00590	0.01603	0.00928	0.02446	0.00759	0.00886	0.00590	0.00506	0.00337	0.00169	0.00422	0.00295	0.00337	0.00590
27	0.00763	0.00557	0.00717	0.00677	0.00809	0.00511	0.00508	0.01013	0.01523	0.02139	0.72421	0.04150	0.09904	0.01132	0.00643	0.00172	0.00258	0.00997	0.00594	0.00511
28	0.39449	0.01281	0.01239	0.00996	0.01387	0.01431	0.00822	0.38210	0.01770	0.07008	0.01106	0.01147	0.00798	0.00588	0.00451	0.00166	0.00512	0.00405	0.00458	0.00775

[dist]
# distance from previous block
# <min> <max>
0	2

[block]
# block no. 3 follows, 44 sequences, length 99
# corresponding to MSA columns:
# 397-495
name=unknown_D
#
# <colnr> <probs for GDERKNQSTAVLIFYWHMCP>
#	G	D	E	R	K	N	Q	S	T	A	V	L	I	F	Y	W	H	M	C	P
0	0.81301	0.01074	0.00836	0.00739	0.01080	0.01242	0.00609	0.04640	0.00995	0.02487	0.00782	0.00903	0.00604	0.00512	0.00346	0.00168	0.00429	0.00303	0.00346	0.00604
1	0.01878	0.02070	0.01572	0.05017	0.06348	0.46419	0.01087	0.16622	0.10322	0.01886	0.01109	0.01212	0.00868	0.00595	0.00515	0.00153	0.00812	0.00423	0.00362	0.00729
2	0.01304	0.01249	0.02131	0.14123	0.67016	0.01283	0.01651	0.01634	0.01220	0.01726	0.01017	0.01364	0.00844	0.00494	0.00540	0.00165	0.00659	0.00486	0.00266	0.00827
3	0.02071	0.01576	0.01632	0.01261	0.01690	0.05196	0.01037	0.72277	0.02517	0.03340	0.01288	0.01294	0.00917	0.00650	0.00543	0.00163	0.00617	0.00484	0.00533	0.00914
4	0.02446	0.00928	0.01265	0.00970	0.01392	0.00801	0.00801	0.02657	0.01560	0.77817	0.02151	0.01856	0.01350	0.00675	0.00548	0.00169	0.00464	0.00548	0.00675	0.00928
5	0.00667	0.00476	0.00635	0.00757	0.00791	0.00444	0.00506	0.00765	0.01055	0.01410	0.04716	0.78721	0.03641	0.01694	0.00695	0.00220	0.00315	0.01537	0.00508	0.00444
6	0.77263	0.01043	0.00843	0.00740	0.01085	0.01185	0.00609	0.01698	0.00985	0.09254	0.00885	0.00973	0.00659	0.00521	0.00356	0.00169	0.00426	0.00318	0.00368	0.00621
7	0.01030	0.00969	0.01635	0.79530	0.03755	0.01211	0.01514	0.01393	0.01090	0.01393	0.00969	0.01453	0.00727	0.00545	0.00545	0.00182	0.00727	0.00484	0.00242	0.00606
8	0.00855	0.00576	0.00752	0.00697	0.00842	0.00528	0.00527	0.01106	0.01537	0.06055	0.71564	0.03987	0.06695	0.01098	0.00638	0.00172	0.00268	0.00967	0.00602	0.00534
9	0.01409	0.01197	0.01262	0.01120	0.01438	0.01381	0.00876	0.08258	0.71007	0.02366	0.02152	0.01981	0.01610	0.00733	0.00554	0.00183	0.00444	0.00607	0.00554	0.00868
10	0.00670	0.00479	0.00638	0.00755	0.00792	0.00447	0.00507	0.00774	0.01072	0.01436	0.07146	0.76217	0.03692	0.01675	0.00693	0.00219	0.00313	0.01518	0.00511	0.00447
11	0.00766	0.00557	0.00721	0.00680	0.00811	0.00512	0.00510	0.01018	0.01530	0.02156	0.74072	0.04123	0.08243	0.01126	0.00643	0.00172	0.00258	0.00993	0.00596	0.00512
12	0.02037	0.02598	0.01545	0.01404	0.01685	0.78652	0.01053	0.02177	0.01545	0.01334	0.00843	0.00983	0.00702	0.00562	0.00492	0.00140	0.00983	0.00351	0.00281	0.00632
13	0.01515	0.01293	0.03464	0.02186	0.35007	0.01289	0.07278	0.18924	0.06303	0.06965	0.01589	0.01846	0.05677	0.00646	0.00565	0.00171	0.00608	0.03441	0.00400	0.00832
14	0.00914	0.00490	0.00712	0.00712	0.00721	0.00499	0.00476	0.00744	0.00735	0.00988	0.01081	0.01916	0.01101	0.10979	0.09190	0.67130	0.00570	0.00520	0.00252	0.00270
15	0.82734	0.01052	0.00821	0.02561	0.01118	0.01223	0.00612	0.01598	0.00932	0.02421	0.00764	0.00899	0.00594	0.00507	0.00342	0.00169	0.00429	0.00300	0.00335	0.00591
16	0.02037	0.02598	0.01545	0.01404	0.01685	0.78652	0.01053	0.02177	0.01545	0.01334	0.00843	0.00983	0.00702	0.00562	0.00492	0.00140	0.00983	0.00351	0.00281	0.00632
17	0.00835	0.00571	0.00743	0.00695	0.00835	0.00523	0.00523	0.01083	0.01523	0.05305	0.70013	0.05690	0.07349	0.01118	0.00640	0.00173	0.00268	0.00985	0.00598	0.00528
18	0.00698	0.00546	0.00633	0.00629	0.00774	0.00481	0.00465	0.00881	0.01344	0.01755	0.34491	0.12718	0.40023	0.01307	0.00649	0.00183	0.00273	0.01126	0.00545	0.00481
19	0.00779	0.00584	0.00876	0.00876	0.00974	0.00681	0.00681	0.00974	0.00876	0.01266	0.01460	0.02142	0.01363	0.04089	0.78680	0.00876	0.01460	0.00584	0.00292	0.00487
20	0.01475	0.78767	0.02817	0.00947	0.01408	0.04496	0.00937	0.01649	0.01121	0.01284	0.00761	0.00878	0.00700	0.00469	0.00354	0.00117	0.00595	0.00293	0.00235	0.00698
21	0.01109	0.02727	0.73415	0.01663	0.06917	0.01268	0.01994	0.01723	0.01156	0.01730	0.00981	0.01163	0.00701	0.00516	0.00519	0.00172	0.00796	0.00408	0.00233	0.00809
22	0.00818	0.00606	0.00805	0.00786	0.00830	0.00687	0.00555	0.00914	0.00833	0.01170	0.01524	0.02745	0.01606	0.40381	0.36415	0.00660	0.07261	0.00675	0.00306	0.00421
23	0.00785	0.00571	0.00740	0.00695	0.00828	0.00533	0.00522	0.01071	0.03235	0.02188	0.75460	0.04026	0.05065	0.01106	0.00641	0.00172	0.00261	0.00978	0.00599	0.00522
24	0.01029	0.00948	0.01584	0.75931	0.03613	0.01179	0.01462	0.01387	0.01093	0.01422	0.01006	0.01480	0.00757	0.00549	0.00538	0.00179	0.00705	0.00486	0.04051	0.00601
25	0.01145	0.00982	0.01137	0.00827	0.01300	0.00766	0.00660	0.01469	0.05884	0.01808	0.01048	0.01188	0.00862	0.00425	0.00413	0.00087	0.00405	0.00342	0.00338	0.78916
26	0.00822	0.00622	0.00866	0.00807	0.00971	0.00570	0.05091	0.01051	0.01389	0.03790	0.40823	0.11014	0.19261	0.01216	0.00658	0.00188	0.00340	0.09458	0.00543	0.00519
27	0.01134	0.11458	0.69729	0.01485	0.02254	0.01364	0.01895	0.01716	0.01146	0.01678	0.00954	0.01121	0.00692	0.00512	0.00499	0.00166	0.00781	0.00391	0.00231	0.00794
28	0.01008	0.00913	0.01492	0.62148	0.03133	0.01136	0.01331	0.01298	0.01028	0.01341	0.01025	0.01612	0.00847	0.05696	0.05063	0.03995	0.05611	0.00508	0.00250	0.00565
29	0.00738	0.00556	0.00682	0.00650	0.00794	0.00500	0.00488	0.00963	0.01463	0.01997	0.58128	0.04384	0.24286	0.01185	0.00643	0.00175	0.00262	0.01030	0.00575	0.00500
30	0.00807	0.00595	0.00759	0.00712	0.00851	0.00565	0.00536	0.01142	0.06090	0.02192	0.72604	0.03949	0.04933	0.01092	0.00638	0.00172	0.00268	0.00964	0.00597	0.00536
31	0.01458	0.81168	0.02857	0.00933	0.01399	0.02157	0.00933	0.01632	0.01108	0.01283	0.00758	0.00875	0.00700	0.00466	0.00350	0.00117	0.00583	0.00292	0.00233	0.00700
32	0.00790	0.00538	0.00644	0.00644	0.00661	0.00555	0.00392	0.00824	0.00807	0.01094	0.01673	0.03318	0.01874	0.67414	0.16053	0.00589	0.00692	0.00756	0.00324	0.00358
33	0.01030	0.00969	0.01635	0.79530	0.03755	0.01211	0.01514	0.01393	0.01090	0.01393	0.00969	0.01453	0.00727	0.00545	0.00545	0.00182	0.00727	0.00484	0.00242	0.00606
34	0.01377	0.01182	0.01245	0.01114	0.01426	0.01366	0.00868	0.05066	0.74251	0.02315	0.02192	0.02012	0.01642	0.00737	0.00554	0.00184	0.00436	0.00613	0.00554	0.00865
35	0.01312	0.01556	0.14965	0.11681	0.19242	0.03003	0.16515	0.05249	0.01226	0.04234	0.01019	0.01333	0.00800	0.00592	0.00779	0.00184	0.14777	0.00502	0.00283	0.00749
36	0.00664	0.00552	0.00572	0.00568	0.00738	0.00469	0.00420	0.00808	0.01252	0.01525	0.12523	0.05053	0.66574	0.04973	0.00741	0.00199	0.00286	0.01118	0.00508	0.00460
37	0.02072	0.01527	0.01636	0.01254	0.01691	0.01691	0.01036	0.75622	0.02563	0.03436	0.01309	0.01309	0.00927	0.00654	0.00545	0.00164	0.00600	0.00491	0.00545	0.00927
38	0.84691	0.01054	0.00801	0.00717	0.01054	0.01223	0.00590	0.01603	0.00928	0.02446	0.00759	0.00886	0.00590	0.00506	0.00337	0.00169	0.00422	0.00295	0.00337	0.00590
39	0.00652	0.00553	0.00563	0.00560	0.00741	0.00464	0.00420	0.00797	0.01261	0.01516	0.09871	0.05175	0.72844	0.01365	0.00644	0.00183	0.00275	0.01141	0.00512	0.00464
40	0.01030	0.00969	0.01635	0.79530	0.03755	0.01211	0.01514	0.01393	0.01090	0.01393	0.00969	0.01453	0.00727	0.00545	0.00545	0.00182	0.00727	0.00484	0.00242	0.00606
41	0.01145	0.00974	0.01134	0.00818	0.01292	0.00745	0.00653	0.03215	0.01165	0.01811	0.01016	0.02637	0.00863	0.00435	0.00413	0.00085	0.00407	0.00350	0.00332	0.80510
42	0.03909	0.01135	0.01936	0.37312	0.22015	0.01258	0.11992	0.04635	0.01198	0.01662	0.01019	0.01414	0.00799	0.00569	0.00624	0.02272	0.03062	0.00502	0.01996	0.00691
43	0.01442	0.45327	0.02307	0.01154	0.01445	0.11380	0.01033	0.01594	0.01072	0.01299	0.00754	0.00992	0.00705	0.00638	0.00839	0.00159	0.26602	0.00360	0.00241	0.00658
44	0.00718	0.00513	0.00695	0.00821	0.00876	0.00490	0.00600	0.00853	0.01097	0.01452	0.02975	0.61693	0.03487	0.01657	0.00710	0.00229	0.00363	0.19807	0.00505	0.00458
45	0.01293	0.01331	0.01816	0.41722	0.28332	0.13201	0.01497	0.01609	0.01211	0.01515	0.00969	0.01346	0.00769	0.00528	0.00535	0.00169	0.00740	0.00464	0.00258	0.00697
46	0.01349	0.01295	0.02213	0.03346	0.77440	0.01295	0.01673	0.01673	0.01241	0.01781	0.01025	0.01349	0.00864	0.00486	0.00540	0.00162	0.00648	0.00486	0.00270	0.00864
47	0.02446	0.00928	0.01265	0.00970	0.01392	0.00801	0.00801	0.02657	0.01560	0.77817	0.02151	0.01856	0.01350	0.00675	0.00548	0.00169	0.00464	0.00548	0.00675	0.00928
48	0.01334	0.01388	0.06814	0.03237	0.72882	0.01294	0.01694	0.01676	0.01236	0.01778	0.01023	0.01337	0.00853	0.00488	0.00538	0.00163	0.00657	0.00481	0.00267	0.00860
49	0.01408	0.64006	0.16832	0.01064	0.01588	0.04473	0.01138	0.01668	0.01130	0.01367	0.00802	0.00930	0.00698	0.00479	0.00386	0.00128	0.00638	0.00314	0.00234	0.00717
50	0.00793	0.00529	0.00595	0.00595	0.00595	0.00529	0.00330	0.00793	0.00793	0.01057	0.01718	0.03568	0.01982	0.80840	0.02775	0.00529	0.00529	0.00793	0.00330	0.00330
51	0.01082	0.00848	0.01204	0.22056	0.01783	0.03393	0.04065	0.03380	0.02491	0.01401	0.01134	0.05117	0.01017	0.01091	0.01157	0.29452	0.05198	0.00523	0.06312	0.07297
52	0.01246	0.00803	0.00948	0.00839	0.01086	0.00800	0.00653	0.01837	0.22690	0.16986	0.29300	0.03254	0.15371	0.00966	0.00600	0.00177	0.00350	0.00823	0.00586	0.00685
53	0.01034	0.00615	0.00813	0.00730	0.00905	0.00559	0.00559	0.01284	0.01546	0.14037	0.65399	0.03725	0.04549	0.01046	0.00628	0.00171	0.00290	0.00917	0.00612	0.00579
54	0.01287	0.01471	0.03217	0.02298	0.02849	0.01379	0.75460	0.01746	0.01287	0.01746	0.01103	0.01471	0.00827	0.00460	0.00643	0.00184	0.00919	0.00643	0.00276	0.00735
55	0.01335	0.01319	0.03952	0.04877	0.61500	0.02960	0.01553	0.01789	0.09145	0.01808	0.01206	0.01571	0.01012	0.00550	0.00547	0.00168	0.00633	0.02932	0.00306	0.00838
56	0.01324	0.13825	0.18107	0.06768	0.33446	0.05875	0.07401	0.01686	0.01202	0.01629	0.00958	0.01226	0.00778	0.00509	0.00549	0.00161	0.03078	0.00443	0.00255	0.00780
57	0.00768	0.00557	0.00724	0.00682	0.00812	0.00513	0.00511	0.01022	0.01534	0.02165	0.75030	0.04107	0.07279	0.01122	0.00643	0.00172	0.00258	0.00991	0.00597	0.00513
58	0.02415	0.00978	0.01296	0.00994	0.01417	0.00876	0.00821	0.08764	0.01644	0.71592	0.02080	0.01810	0.01314	0.00673	0.00548	0.00168	0.00475	0.00543	0.00664	0.00928
59	0.01196	0.17582	0.61869	0.01422	0.02154	0.01423	0.01779	0.01732	0.01153	0.03566	0.00966	0.01117	0.00709	0.00512	0.00487	0.00162	0.00755	0.00385	0.00242	0.00789
60	0.00674	0.00487	0.00639	0.00757	0.00804	0.00453	0.00519	0.00779	0.01068	0.01409	0.03169	0.71681	0.08554	0.01676	0.00695	0.00220	0.00323	0.05139	0.00506	0.00447
61	0.00654	0.00545	0.00572	0.00590	0.00755	0.00463	0.00439	0.00790	0.01219	0.01468	0.05143	0.14267	0.66210	0.01424	0.00654	0.00191	0.00288	0.03364	0.00506	0.00459
62	0.01357	0.01367	0.03798	0.04615	0.62868	0.04262	0.03854	0.01739	0.04954	0.01763	0.01068	0.01366	0.00884	0.00518	0.00582	0.00166	0.03233	0.00490	0.00282	0.00835
63	0.84691	0.01054	0.00801	0.00717	0.01054	0.01223	0.00590	0.01603	0.00928	0.02446	0.00759	0.00886	0.00590	0.00506	0.00337	0.00169	0.00422	0.00295	0.00337	0.00590
64	0.01095	0.01036	0.01753	0.63947	0.18827	0.01228	0.01547	0.01450	0.01121	0.01472	0.00981	0.01432	0.00755	0.00533	0.00544	0.00178	0.00711	0.00485	0.00248	0.00658
65	0.00690	0.00576	0.00640	0.00674	0.03303	0.00497	0.00476	0.00854	0.01289	0.01604	0.17684	0.06821	0.60361	0.01313	0.00642	0.00182	0.00286	0.01110	0.00515	0.00483
66	0.00664	0.00474	0.00633	0.00759	0.00791	0.00443	0.00506	0.00759	0.01044	0.01392	0.03005	0.80485	0.03606	0.01708	0.00696	0.00221	0.00316	0.01550	0.00506	0.00443
67	0.00772	0.00557	0.00729	0.00686	0.00814	0.00514	0.00514	0.01029	0.01543	0.02186	0.77152	0.04072	0.05144	0.01115	0.00643	0.00171	0.00257	0.00986	0.00600	0.00514
68	0.84691	0.01054	0.00801	0.00717	0.01054	0.01223	0.00590	0.01603	0.00928	0.02446	0.00759	0.00886	0.00590	0.00506	0.00337	0.00169	0.00422	0.00295	0.00337	0.00590
69	0.01193	0.01193	0.01670	0.01431	0.01431	0.01670	0.01193	0.01312	0.00835	0.01312	0.00716	0.01193	0.00716	0.00954	0.01789	0.00239	0.79843	0.00477	0.00239	0.00596
70	0.02446	0.00928	0.01265	0.00970	0.01392	0.00801	0.00801	0.02657	0.01560	0.77817	0.02151	0.01856	0.01350	0.00675	0.00548	0.00169	0.00464	0.00548	0.00675	0.00928
71	0.00664	0.00477	0.00630	0.00752	0.00789	0.00443	0.00503	0.00760	0.01050	0.01394	0.03089	0.77982	0.06055	0.01697	0.00694	0.00220	0.00315	0.01537	0.00506	0.00443
72	0.01223	0.01152	0.01656	0.26480	0.02201	0.01525	0.01281	0.08303	0.01079	0.01537	0.00853	0.01287	0.00739	0.00795	0.01273	0.00213	0.47024	0.00481	0.00268	0.00630
73	0.01959	0.02470	0.01556	0.01407	0.01662	0.71619	0.01066	0.02098	0.01480	0.01332	0.00831	0.01002	0.00703	0.00598	0.00610	0.00149	0.08187	0.00363	0.00277	0.00629
74	0.01458	0.81168	0.02857	0.00933	0.01399	0.02157	0.00933	0.01632	0.01108	0.01283	0.00758	0.00875	0.00700	0.00466	0.00350	0.00117	0.00583	0.00292	0.00233	0.00700
75	0.00680	0.00481	0.00628	0.00739	0.00767	0.00453	0.00485	0.00763	0.01014	0.01352	0.02850	0.71251	0.03411	0.11208	0.00945	0.00258	0.00342	0.01459	0.00485	0.00429
76	0.01349	0.01295	0.02213	0.03346	0.77440	0.01295	0.01673	0.01673	0.01241	0.01781	0.01025	0.01349	0.00864	0.00486	0.00540	0.00162	0.00648	0.00486	0.00270	0.00864
77	0.01721	0.00769	0.01025	0.00840	0.01140	0.00675	0.00672	0.01945	0.01535	0.45382	0.29926	0.02876	0.07349	0.00879	0.00589	0.00171	0.00377	0.00746	0.00637	0.00747
78	0.00664	0.00474	0.00633	0.00759	0.00791	0.00443	0.00506	0.00759	0.01044	0.01392	0.03005	0.80485	0.03606	0.01708	0.00696	0.00221	0.00316	0.01550	0.00506	0.00443
79	0.00674	0.00481	0.00644	0.00770	0.00806	0.00451	0.00523	0.00776	0.01053	0.01403	0.02999	0.77099	0.03584	0.01699	0.00698	0.00223	0.00325	0.04839	0.00506	0.00446
80	0.00664	0.00474	0.00633	0.00759	0.00791	0.00443	0.00506	0.00759	0.01044	0.01392	0.03005	0.80485	0.03606	0.01708	0.00696	0.00221	0.00316	0.01550	0.00506	0.00443
81	0.12889	0.01398	0.01403	0.01140	0.01519	0.04673	0.00927	0.45658	0.16265	0.02927	0.01436	0.01505	0.01074	0.00667	0.00519	0.00169	0.00550	0.02198	0.02243	0.00839
82	0.01195	0.01199	0.01707	0.01452	0.01466	0.01663	0.02988	0.01323	0.00846	0.01323	0.00725	0.01199	0.00718	0.00942	0.01761	0.00237	0.77935	0.00481	0.00239	0.00600
83	0.01191	0.01030	0.01286	0.00923	0.01409	0.00819	0.05244	0.05429	0.01218	0.01865	0.00996	0.01161	0.00815	0.00421	0.00426	0.00092	0.00446	0.00352	0.00332	0.74547
84	0.01313	0.01259	0.02148	0.11891	0.69175	0.01286	0.01655	0.01642	0.01224	0.01738	0.01019	0.01361	0.00848	0.00492	0.00540	0.00164	0.00657	0.00486	0.00267	0.00835
85	0.01336	0.01411	0.05601	0.04781	0.56975	0.05437	0.09146	0.01675	0.01263	0.01749	0.02990	0.01509	0.00998	0.00528	0.00554	0.00166	0.00689	0.02098	0.00282	0.00812
86	0.01480	0.77125	0.04334	0.00947	0.01419	0.02098	0.00951	0.01666	0.01122	0.03631	0.00805	0.00910	0.00719	0.00474	0.00359	0.00119	0.00584	0.00302	0.00247	0.00709
87	0.00742	0.00585	0.00646	0.00665	0.00830	0.00525	0.00503	0.00958	0.04962	0.03025	0.06136	0.16764	0.52190	0.01392	0.00656	0.00196	0.00314	0.07904	0.00513	0.00492
88	0.01030	0.00969	0.01635	0.79530	0.03755	0.01211	0.01514	0.01393	0.01090	0.01393	0.00969	0.01453	0.00727	0.00545	0.00545	0.00182	0.00727	0.00484	0.00242	0.00606
89	0.01458	0.81168	0.02857	0.00933	0.01399	0.02157	0.00933	0.01632	0.01108	0.01283	0.00758	0.00875	0.00700	0.00466	0.00350	0.00117	0.00583	0.00292	0.00233	0.00700
90	0.01356	0.01171	0.01233	0.01109	0.01418	0.01356	0.00863	0.02897	0.76455	0.02281	0.02219	0.02034	0.01664	0.00740	0.00555	0.00185	0.00431	0.00616	0.00555	0.00863
91	0.03543	0.01363	0.01609	0.01233	0.01658	0.01449	0.05480	0.53195	0.02218	0.17062	0.03056	0.03047	0.01135	0.00674	0.00553	0.00167	0.00578	0.00539	0.00550	0.00891
92	0.01099	0.04487	0.66223	0.06284	0.02405	0.01271	0.05265	0.01687	0.01162	0.01708	0.02880	0.01250	0.00810	0.00531	0.00524	0.00172	0.00787	0.00431	0.00242	0.00781
93	0.00786	0.00578	0.00847	0.00847	0.00938	0.00666	0.00649	0.00968	0.00877	0.01270	0.01487	0.02241	0.01408	0.09497	0.71260	0.00832	0.01363	0.00597	0.02413	0.00476
94	0.01245	0.01744	0.23619	0.04675	0.11693	0.01271	0.37438	0.01711	0.01240	0.04191	0.01181	0.03137	0.00933	0.00546	0.00594	0.00180	0.00809	0.02748	0.00286	0.00759
95	0.01117	0.00916	0.01102	0.00871	0.01206	0.00823	0.00688	0.05775	0.01225	0.03279	0.08689	0.08732	0.04481	0.02364	0.00664	0.00138	0.08512	0.00568	0.00385	0.48464
96	0.00781	0.00527	0.00612	0.00623	0.00631	0.00529	0.00363	0.00799	0.00818	0.01096	0.01812	0.09938	0.02086	0.70265	0.06504	0.00521	0.00559	0.00845	0.00343	0.00348
97	0.00853	0.00726	0.01157	0.24162	0.07529	0.00775	0.03980	0.01062	0.01086	0.01441	0.02177	0.46574	0.02430	0.01219	0.00639	0.00204	0.00490	0.02558	0.00401	0.00536
98	0.01301	0.01164	0.01827	0.32883	0.33627	0.01283	0.01462	0.12588	0.01371	0.01858	0.01136	0.04988	0.00944	0.00590	0.00550	0.00173	0.00657	0.00534	0.00311	0.00752

[dist]
# distance from previous block
# <min> <max>
1	3

[block]
# block no. 4 follows, 44 sequences, length 65
# corresponding to MSA columns:
# 499-563
name=unknown_E
#
# <colnr> <probs for GDERKNQSTAVLIFYWHMCP>
#	G	D	E	R	K	N	Q	S	T	A	V	L	I	F	Y	W	H	M	C	P
0	0.59060	0.01130	0.01101	0.11763	0.07492	0.03072	0.00844	0.06691	0.01102	0.02292	0.00849	0.01031	0.00656	0.00521	0.00400	0.00169	0.00507	0.00351	0.00332	0.00638
1	0.03214	0.01098	0.01655	0.43786	0.12208	0.01284	0.03487	0.10481	0.07209	0.01817	0.01139	0.01470	0.00870	0.00583	0.00586	0.00177	0.03817	0.00497	0.03928	0.00696
2	0.01198	0.01063	0.01645	0.46143	0.16995	0.01221	0.01373	0.10273	0.03480	0.01810	0.08355	0.01684	0.01226	0.00607	0.00554	0.00175	0.00643	0.00537	0.00327	0.00691
3	0.01165	0.01092	0.01845	0.47855	0.21389	0.01234	0.06743	0.05142	0.01235	0.01651	0.04638	0.01547	0.00988	0.00557	0.00555	0.00176	0.00693	0.00520	0.00283	0.00689
4	0.02353	0.01078	0.01358	0.01041	0.01466	0.01024	0.00860	0.20906	0.01811	0.59214	0.01940	0.01719	0.01244	0.00670	0.00548	0.00167	0.00498	0.00534	0.00642	0.00928
5	0.00664	0.00474	0.00633	0.00759	0.00791	0.00443	0.00506	0.00759	0.01044	0.01392	0.03005	0.80485	0.03606	0.01708	0.00696	0.00221	0.00316	0.01550	0.00506	0.00443
6	0.01163	0.01105	0.01877	0.47680	0.34560	0.01246	0.01581	0.01510	0.01153	0.01555	0.00993	0.01410	0.00784	0.00520	0.00543	0.00173	0.00694	0.00485	0.00254	0.00713
7	0.01347	0.22546	0.01976	0.01291	0.01448	0.06629	0.01109	0.04105	0.01014	0.01381	0.00756	0.01099	0.00718	0.00789	0.01281	0.00197	0.51004	0.00420	0.00251	0.00638
8	0.00664	0.00474	0.00633	0.00759	0.00791	0.00443	0.00506	0.00759	0.01044	0.01392	0.03005	0.80485	0.03606	0.01708	0.00696	0.00221	0.00316	0.01550	0.00506	0.00443
9	0.02391	0.00940	0.01264	0.00977	0.01393	0.00829	0.00804	0.02669	0.05318	0.74027	0.02154	0.01865	0.01365	0.00678	0.00549	0.00170	0.00462	0.00552	0.00669	0.00925
10	0.02225	0.04189	0.01379	0.01033	0.01441	0.02771	0.00854	0.13777	0.07374	0.54346	0.01959	0.01821	0.01308	0.00684	0.00544	0.00168	0.00499	0.02115	0.00616	0.00898
11	0.01109	0.02447	0.59955	0.01656	0.02375	0.01247	0.15913	0.01682	0.01172	0.01714	0.01102	0.05138	0.00861	0.00566	0.00551	0.00177	0.00803	0.00505	0.00253	0.00774
12	0.00830	0.00744	0.04389	0.00792	0.00897	0.00719	0.00612	0.00973	0.01079	0.01479	0.19749	0.04992	0.15899	0.27441	0.05366	0.00337	0.11986	0.00842	0.00408	0.00467
13	0.00664	0.00474	0.00633	0.00759	0.00791	0.00443	0.00506	0.00759	0.01044	0.01392	0.03005	0.80485	0.03606	0.01708	0.00696	0.00221	0.00316	0.01550	0.00506	0.00443
14	0.67646	0.02886	0.00910	0.00783	0.01103	0.08108	0.00636	0.01641	0.01008	0.03714	0.00861	0.01002	0.00677	0.00621	0.02585	0.00183	0.00498	0.00323	0.04219	0.00596
15	0.01456	0.00710	0.00941	0.00796	0.01049	0.00630	0.00628	0.01688	0.01535	0.33355	0.42642	0.03216	0.07166	0.00946	0.00604	0.00171	0.00343	0.00814	0.00626	0.00682
16	0.02726	0.10972	0.12285	0.04049	0.29619	0.01442	0.09245	0.12169	0.06885	0.01990	0.02754	0.01377	0.00969	0.00543	0.00526	0.00163	0.00657	0.00486	0.00328	0.00814
17	0.00644	0.00552	0.00552	0.00552	0.00736	0.00460	0.00414	0.00782	0.01243	0.01473	0.05523	0.05247	0.77218	0.01381	0.00644	0.00184	0.00276	0.01151	0.00506	0.00460
18	0.01287	0.01471	0.03217	0.02298	0.02849	0.01379	0.75460	0.01746	0.01287	0.01746	0.01103	0.01471	0.00827	0.00460	0.00643	0.00184	0.00919	0.00643	0.00276	0.00735
19	0.01617	0.04370	0.13377	0.01584	0.02000	0.37010	0.18053	0.04287	0.04578	0.01592	0.01042	0.03155	0.00849	0.00582	0.00582	0.00163	0.03694	0.00473	0.00295	0.00696
20	0.51253	0.01202	0.01263	0.10650	0.09079	0.06169	0.04360	0.03269	0.01066	0.02116	0.00842	0.01058	0.00666	0.00536	0.00483	0.00172	0.04497	0.00370	0.00313	0.00636
21	0.01093	0.02820	0.78016	0.01554	0.02360	0.01266	0.02014	0.01727	0.01151	0.01727	0.00978	0.01151	0.00691	0.00518	0.00518	0.00173	0.00806	0.00403	0.00230	0.00806
22	0.01193	0.01193	0.01670	0.01431	0.01431	0.01670	0.01193	0.01312	0.00835	0.01312	0.00716	0.01193	0.00716	0.00954	0.01789	0.00239	0.79843	0.00477	0.00239	0.00596
23	0.01048	0.06248	0.00675	0.00538	0.00690	0.00625	0.00420	0.01296	0.01141	0.01979	0.01706	0.01950	0.01348	0.00623	0.00379	0.00126	0.00277	0.00493	0.77916	0.00522
24	0.01293	0.01065	0.01218	0.00885	0.01361	0.00893	0.00713	0.14181	0.01378	0.02063	0.01028	0.01161	0.00828	0.00447	0.00428	0.00095	0.00438	0.00352	0.00361	0.69813
25	0.00678	0.00554	0.00599	0.00588	0.00757	0.00475	0.00441	0.00848	0.01322	0.01661	0.24457	0.04936	0.58166	0.01310	0.00644	0.00181	0.00271	0.01107	0.00531	0.00475
26	0.01156	0.15249	0.64291	0.01473	0.02218	0.01411	0.03580	0.01712	0.01147	0.01656	0.00946	0.01115	0.00695	0.00508	0.00494	0.00164	0.00773	0.00391	0.00232	0.00787
27	0.01458	0.81168	0.02857	0.00933	0.01399	0.02157	0.00933	0.01632	0.01108	0.01283	0.00758	0.00875	0.00700	0.00466	0.00350	0.00117	0.00583	0.00292	0.00233	0.00700
28	0.02446	0.00928	0.01265	0.00970	0.01392	0.00801	0.00801	0.02657	0.01560	0.77817	0.02151	0.01856	0.01350	0.00675	0.00548	0.00169	0.00464	0.00548	0.00675	0.00928
29	0.01042	0.00994	0.01713	0.75708	0.03710	0.01220	0.05173	0.01410	0.01100	0.01410	0.00976	0.01454	0.00732	0.00541	0.00550	0.00182	0.00736	0.00492	0.00244	0.00612
30	0.02419	0.00972	0.01292	0.00991	0.01414	0.00866	0.00818	0.07990	0.01634	0.72380	0.02089	0.01816	0.01319	0.00673	0.00548	0.00168	0.00474	0.00544	0.00665	0.00928
31	0.02416	0.00935	0.01264	0.00974	0.01392	0.00817	0.00803	0.02664	0.03649	0.75710	0.02153	0.01861	0.01358	0.00677	0.00548	0.00169	0.00463	0.00550	0.00671	0.00926
32	0.00863	0.00617	0.00861	0.00987	0.01105	0.00614	0.00852	0.01103	0.01240	0.01614	0.02895	0.11439	0.03171	0.01520	0.00749	0.00249	0.00489	0.68631	0.00502	0.00498
33	0.00822	0.00536	0.00690	0.00756	0.00813	0.00513	0.00524	0.00921	0.01039	0.05130	0.04184	0.42334	0.02997	0.24214	0.01289	0.00310	0.00410	0.11608	0.00466	0.00445
34	0.00658	0.00500	0.00606	0.00691	0.00773	0.00449	0.00476	0.00767	0.01109	0.01418	0.03836	0.55642	0.27911	0.01600	0.00679	0.00209	0.00303	0.01418	0.00506	0.00449
35	0.00779	0.00584	0.00876	0.00876	0.00974	0.00681	0.00681	0.00974	0.00876	0.01266	0.01460	0.02142	0.01363	0.04089	0.78680	0.00876	0.01460	0.00584	0.00292	0.00487
36	0.01370	0.01529	0.02411	0.02052	0.12143	0.15504	0.40760	0.02873	0.01328	0.01665	0.01350	0.07618	0.02636	0.00639	0.00609	0.00178	0.00815	0.03510	0.00311	0.00699
37	0.01314	0.01259	0.02149	0.11718	0.69343	0.01286	0.01656	0.01642	0.01225	0.01738	0.01019	0.01361	0.00849	0.00492	0.00540	0.00164	0.00656	0.00486	0.00267	0.00835
38	0.01517	0.01732	0.01519	0.03857	0.04824	0.35552	0.01074	0.01658	0.01174	0.01324	0.00904	0.01334	0.00841	0.06597	0.05246	0.00244	0.29286	0.00450	0.00268	0.00599
39	0.01236	0.01202	0.02008	0.33164	0.44221	0.02940	0.04232	0.01577	0.01190	0.01618	0.01002	0.01387	0.00805	0.00510	0.00544	0.00170	0.00696	0.00488	0.00259	0.00753
40	0.01274	0.01351	0.07531	0.16442	0.57444	0.01281	0.03489	0.01630	0.01210	0.01709	0.01014	0.01356	0.00827	0.00498	0.00542	0.00167	0.00679	0.00484	0.00262	0.00811
41	0.09406	0.11287	0.35076	0.01462	0.05269	0.01304	0.10702	0.01843	0.02895	0.12274	0.02795	0.01322	0.00916	0.00542	0.00505	0.00166	0.00682	0.00451	0.00325	0.00778
42	0.00947	0.00473	0.00710	0.00710	0.00710	0.00473	0.00473	0.00710	0.00710	0.00947	0.00947	0.01657	0.00947	0.01894	0.02131	0.84138	0.00473	0.00473	0.00237	0.00237
43	0.01093	0.02820	0.78016	0.01554	0.02360	0.01266	0.02014	0.01727	0.01151	0.01727	0.00978	0.01151	0.00691	0.00518	0.00518	0.00173	0.00806	0.00403	0.00230	0.00806
44	0.08418	0.01218	0.01991	0.16434	0.58034	0.01274	0.01553	0.01618	0.01188	0.01770	0.00993	0.01328	0.00816	0.00498	0.00523	0.00166	0.00642	0.00469	0.00271	0.00795
45	0.09106	0.01708	0.01527	0.02932	0.01668	0.19418	0.01005	0.47736	0.05148	0.02774	0.01183	0.01230	0.00872	0.00621	0.00515	0.00160	0.00669	0.00447	0.00460	0.00820
46	0.00790	0.00590	0.00761	0.02708	0.02633	0.00551	0.00614	0.00993	0.01313	0.02999	0.27370	0.16296	0.23248	0.01318	0.00667	0.00198	0.00343	0.15578	0.00527	0.00504
47	0.01349	0.01295	0.02213	0.03346	0.77440	0.01295	0.01673	0.01673	0.01241	0.01781	0.01025	0.01349	0.00864	0.00486	0.00540	0.00162	0.00648	0.00486	0.00270	0.00864
48	0.01495	0.40438	0.14096	0.01341	0.05729	0.03814	0.10110	0.03608	0.01239	0.09817	0.01070	0.03097	0.00870	0.00535	0.00460	0.00146	0.00653	0.00427	0.00304	0.00751
49	0.01235	0.01373	0.04220	0.12441	0.06274	0.05957	0.43318	0.01590	0.01192	0.01575	0.01113	0.01650	0.00931	0.09668	0.00913	0.00222	0.04787	0.00600	0.00275	0.00666
50	0.00983	0.00732	0.00946	0.10329	0.01291	0.00760	0.02416	0.03951	0.08961	0.04956	0.06307	0.12309	0.12409	0.23419	0.01227	0.00288	0.00476	0.07270	0.00438	0.00532
51	0.01125	0.01022	0.01627	0.52595	0.11522	0.01225	0.01416	0.05872	0.01194	0.01578	0.01169	0.01884	0.00995	0.00671	0.00657	0.00189	0.06499	0.07826	0.00289	0.00643
52	0.06823	0.00651	0.00745	0.00767	0.00871	0.00661	0.00544	0.06413	0.03503	0.01583	0.02532	0.32376	0.08422	0.23000	0.01222	0.00296	0.00421	0.08242	0.00450	0.00479
53	0.01338	0.01271	0.03411	0.13480	0.51938	0.03070	0.01502	0.06878	0.02917	0.01812	0.02448	0.01428	0.00942	0.00592	0.00617	0.04131	0.00646	0.00493	0.00296	0.00790
54	0.04156	0.01746	0.26467	0.05749	0.16665	0.04771	0.16332	0.01591	0.01189	0.01693	0.01245	0.10927	0.01109	0.00645	0.00559	0.00175	0.00716	0.00602	0.00290	0.03373
55	0.01328	0.01305	0.02103	0.05728	0.61872	0.05092	0.05227	0.01646	0.01275	0.01772	0.06435	0.01535	0.01153	0.00535	0.00550	0.00163	0.00653	0.00522	0.00293	0.00812
56	0.01244	0.01183	0.02249	0.01762	0.04458	0.01181	0.40529	0.01625	0.04927	0.07064	0.01600	0.12103	0.03201	0.03038	0.00825	0.00204	0.09449	0.02320	0.00356	0.00682
57	0.05431	0.01230	0.01938	0.11847	0.57385	0.03467	0.01493	0.01588	0.01217	0.01734	0.01320	0.01605	0.06263	0.00560	0.00536	0.00166	0.00629	0.00520	0.00287	0.00784
58	0.01508	0.01423	0.02067	0.02948	0.63104	0.10373	0.01538	0.01802	0.01300	0.07139	0.01084	0.01342	0.00879	0.00508	0.00535	0.00160	0.00674	0.00474	0.00300	0.00841
59	0.01146	0.01049	0.01687	0.60784	0.07005	0.01268	0.03542	0.08082	0.01222	0.01602	0.01041	0.03273	0.00821	0.00597	0.00613	0.00183	0.04646	0.00514	0.00278	0.00647
60	0.26247	0.01207	0.01763	0.06261	0.51028	0.01270	0.01342	0.01638	0.01140	0.01961	0.00943	0.01216	0.00775	0.00495	0.00479	0.00165	0.00584	0.00429	0.00289	0.00769
61	0.01274	0.01391	0.07249	0.01881	0.23702	0.07519	0.11576	0.01584	0.01226	0.01731	0.04774	0.01380	0.01021	0.00519	0.00573	0.00143	0.04575	0.00464	0.00300	0.27118
62	0.03389	0.01388	0.07540	0.10057	0.55925	0.01307	0.05276	0.05334	0.01281	0.01838	0.01028	0.01337	0.00833	0.00501	0.00539	0.00166	0.00672	0.00483	0.00280	0.00826
63	0.01390	0.01304	0.02154	0.05221	0.65424	0.01325	0.03739	0.06966	0.03715	0.01903	0.01084	0.01375	0.00889	0.00507	0.00544	0.00164	0.00648	0.00495	0.00298	0.00857
64	0.06252	0.03825	0.01919	0.02422	0.46224	0.01371	0.01363	0.17658	0.02831	0.02156	0.01130	0.01439	0.00932	0.00563	0.00550	0.00163	0.02188	0.02592	0.00345	0.04078

[dist]
# distance from previous block
# <min> <max>
0	22

# created by:
# /st0/software/busco_prod/Augustus/scripts/msa2prfl.pl ./align_prep/169146.fa
