[name]
unknown

[dist]
# distance from previous block
# <min> <max>
15	88

[block]
# block no. 0 follows, 45 sequences, length 10
# corresponding to MSA columns:
# 109-118
name=unknown_A
#
# <colnr> <probs for GDERKNQSTAVLIFYWHMCP>
#	G	D	E	R	K	N	Q	S	T	A	V	L	I	F	Y	W	H	M	C	P
0	0.01035	0.01076	0.11782	0.03184	0.01266	0.02986	0.00850	0.09553	0.01213	0.02806	0.03520	0.29064	0.03553	0.08876	0.03577	0.00240	0.05738	0.00872	0.02765	0.06044
1	0.01143	0.03696	0.02503	0.07923	0.12299	0.06750	0.04143	0.01615	0.14804	0.01727	0.08329	0.13505	0.04237	0.00781	0.00542	0.00160	0.00509	0.00684	0.00392	0.14257
2	0.09145	0.01141	0.01344	0.03370	0.01484	0.03005	0.05744	0.19999	0.04495	0.03330	0.01348	0.04508	0.03845	0.00623	0.00556	0.00144	0.05212	0.00490	0.03086	0.27131
3	0.00921	0.00705	0.00764	0.00727	0.00902	0.02094	0.00545	0.05665	0.06273	0.03776	0.06428	0.18273	0.33209	0.03427	0.00691	0.00188	0.02956	0.00979	0.08250	0.03228
4	0.03011	0.04350	0.01305	0.17269	0.01764	0.15355	0.00943	0.08186	0.14361	0.01773	0.01449	0.08863	0.01254	0.02204	0.00617	0.00174	0.04870	0.00570	0.11038	0.00643
5	0.01048	0.00935	0.01523	0.59418	0.10089	0.01131	0.01350	0.01378	0.01084	0.01484	0.01051	0.01484	0.00812	0.00559	0.00566	0.00173	0.03903	0.00480	0.10927	0.00607
6	0.00997	0.00926	0.01518	0.62502	0.03136	0.01168	0.01357	0.01311	0.01023	0.01348	0.00993	0.01494	0.00794	0.01019	0.10648	0.00271	0.08181	0.00489	0.00244	0.00581
7	0.11965	0.10345	0.04084	0.09443	0.01640	0.04572	0.03101	0.03445	0.01037	0.05711	0.00913	0.01215	0.00769	0.00770	0.02561	0.00202	0.33511	0.00432	0.03651	0.00631
8	0.00677	0.00487	0.00627	0.00713	0.00762	0.00453	0.00479	0.00785	0.01080	0.01446	0.12486	0.59967	0.07797	0.08531	0.00854	0.00236	0.00320	0.01368	0.00495	0.00436
9	0.00894	0.00540	0.00696	0.00737	0.00831	0.00494	0.00511	0.01003	0.01108	0.11164	0.06456	0.52829	0.09537	0.09491	0.00866	0.00236	0.00345	0.01265	0.00506	0.00491

[dist]
# distance from previous block
# <min> <max>
10	51

[block]
# block no. 1 follows, 45 sequences, length 52
# corresponding to MSA columns:
# 180-231
name=unknown_B
#
# <colnr> <probs for GDERKNQSTAVLIFYWHMCP>
#	G	D	E	R	K	N	Q	S	T	A	V	L	I	F	Y	W	H	M	C	P
0	0.01109	0.04702	0.06520	0.00907	0.01229	0.00809	0.03948	0.04020	0.04752	0.08465	0.13800	0.15697	0.08439	0.02320	0.00585	0.00161	0.00423	0.00759	0.00443	0.20909
1	0.05457	0.06191	0.02897	0.02706	0.02744	0.00928	0.00763	0.08685	0.01348	0.16407	0.08124	0.07477	0.01472	0.00646	0.00482	0.00134	0.00440	0.00529	0.00433	0.32136
2	0.01248	0.02400	0.01098	0.00867	0.01180	0.04197	0.00688	0.06927	0.05987	0.09672	0.25888	0.02254	0.03758	0.00733	0.00563	0.00140	0.03228	0.00602	0.00468	0.28102
3	0.02295	0.01105	0.01304	0.01018	0.01419	0.06536	0.00833	0.12568	0.01670	0.60829	0.03481	0.01737	0.01304	0.00663	0.00537	0.00163	0.00508	0.00527	0.00618	0.00884
4	0.10722	0.05588	0.09560	0.02869	0.01601	0.11752	0.01060	0.24153	0.04304	0.09002	0.01138	0.01273	0.00866	0.02362	0.00707	0.00176	0.11288	0.00439	0.00393	0.00749
5	0.02326	0.00952	0.01384	0.01049	0.01474	0.00830	0.06196	0.02551	0.01517	0.72651	0.02043	0.01800	0.01292	0.00649	0.00547	0.00167	0.00489	0.00547	0.00636	0.00900
6	0.01261	0.01082	0.01580	0.62782	0.03235	0.04971	0.01373	0.08698	0.01268	0.07095	0.01064	0.01424	0.00778	0.00557	0.00534	0.00174	0.00697	0.00476	0.00300	0.00651
7	0.78955	0.01072	0.00848	0.00744	0.01083	0.01237	0.00613	0.06939	0.01030	0.02479	0.00786	0.00902	0.00605	0.00509	0.00347	0.00166	0.00428	0.00305	0.00347	0.00605
8	0.00654	0.00467	0.00623	0.00747	0.00779	0.00436	0.00498	0.00747	0.01028	0.01370	0.02959	0.80785	0.03550	0.01682	0.00685	0.00218	0.00311	0.01526	0.00498	0.00436
9	0.00760	0.00512	0.00592	0.00612	0.00618	0.00506	0.00354	0.00775	0.00822	0.01096	0.01902	0.16354	0.02217	0.67931	0.02392	0.00470	0.00486	0.00904	0.00354	0.00344
10	0.01179	0.01285	0.02660	0.23972	0.03000	0.01287	0.52962	0.01596	0.01212	0.01615	0.01166	0.01543	0.02849	0.00500	0.00606	0.00180	0.00835	0.00603	0.00268	0.00681
11	0.00865	0.00618	0.00865	0.00989	0.01112	0.00618	0.00865	0.01112	0.01236	0.01606	0.02842	0.06055	0.03089	0.01483	0.00741	0.00247	0.00494	0.74174	0.00494	0.00494
12	0.01113	0.00954	0.01113	0.00795	0.01272	0.00716	0.00636	0.01352	0.01113	0.01749	0.00954	0.01113	0.00795	0.00398	0.00398	0.00080	0.00398	0.00318	0.00318	0.84417
13	0.01113	0.00954	0.01113	0.00795	0.01272	0.00716	0.00636	0.01352	0.01113	0.01749	0.00954	0.01113	0.00795	0.00398	0.00398	0.00080	0.00398	0.00318	0.00318	0.84417
14	0.01168	0.00769	0.00998	0.04641	0.01201	0.00703	0.02185	0.01465	0.06696	0.14545	0.20387	0.12113	0.02448	0.08870	0.00770	0.00191	0.00401	0.00746	0.00478	0.19224
15	0.04459	0.01045	0.05280	0.71011	0.03469	0.01186	0.01461	0.01425	0.01080	0.03211	0.00973	0.01403	0.00723	0.00537	0.00527	0.00178	0.00701	0.00467	0.00252	0.00613
16	0.00654	0.00467	0.00623	0.00747	0.00779	0.00436	0.00498	0.00747	0.01028	0.01370	0.02959	0.80785	0.03550	0.01682	0.00685	0.00218	0.00311	0.01526	0.00498	0.00436
17	0.01739	0.01227	0.01336	0.01180	0.05111	0.06322	0.00895	0.20591	0.25832	0.19524	0.07294	0.01899	0.03174	0.00710	0.00546	0.00168	0.00503	0.00575	0.00541	0.00831
18	0.02005	0.02558	0.01521	0.01383	0.01659	0.78980	0.01037	0.02143	0.01521	0.01314	0.00830	0.00968	0.00691	0.00553	0.00484	0.00138	0.00968	0.00346	0.00277	0.00622
19	0.01036	0.00977	0.01651	0.74330	0.09035	0.01199	0.01502	0.01391	0.01084	0.01399	0.00958	0.01424	0.00725	0.00532	0.00536	0.00177	0.00710	0.00477	0.00240	0.00615
20	0.00767	0.00573	0.00851	0.00851	0.00942	0.00664	0.00656	0.00951	0.00859	0.01237	0.01449	0.02169	0.01368	0.07358	0.75712	0.00848	0.01398	0.00584	0.00289	0.00473
21	0.00777	0.00533	0.00648	0.00648	0.00670	0.00555	0.00404	0.00821	0.00799	0.01087	0.01634	0.03194	0.01813	0.63625	0.20053	0.00598	0.00729	0.00734	0.00317	0.00360
22	0.00654	0.00467	0.00623	0.00747	0.00779	0.00436	0.00498	0.00747	0.01028	0.01370	0.02959	0.80785	0.03550	0.01682	0.00685	0.00218	0.00311	0.01526	0.00498	0.00436
23	0.00760	0.00549	0.00718	0.00675	0.00802	0.00506	0.00506	0.01013	0.01519	0.02153	0.77503	0.04010	0.05065	0.01097	0.00633	0.00169	0.00253	0.00971	0.00591	0.00506
24	0.01014	0.00954	0.01610	0.79845	0.03697	0.01193	0.01491	0.01371	0.01073	0.01371	0.00954	0.01431	0.00716	0.00537	0.00537	0.00179	0.00716	0.00477	0.00239	0.00596
25	0.02336	0.01029	0.01317	0.01010	0.01428	0.00961	0.00834	0.17024	0.01730	0.63476	0.01955	0.01721	0.01247	0.00660	0.00539	0.00165	0.00483	0.00529	0.00639	0.00913
26	0.84927	0.01038	0.00789	0.00706	0.01038	0.01204	0.00581	0.01578	0.00914	0.02408	0.00747	0.00872	0.00581	0.00498	0.00332	0.00166	0.00415	0.00291	0.00332	0.00581
27	0.01056	0.02665	0.74594	0.01492	0.02249	0.01207	0.01911	0.01654	0.01128	0.01684	0.01060	0.04986	0.00819	0.00567	0.00518	0.00172	0.00770	0.00451	0.00240	0.00776
28	0.02041	0.01504	0.01611	0.01235	0.01665	0.01665	0.01020	0.75997	0.02524	0.03383	0.01289	0.01289	0.00913	0.00644	0.00537	0.00161	0.00591	0.00483	0.00537	0.00913
29	0.01172	0.08905	0.44141	0.01461	0.07376	0.04947	0.04271	0.01628	0.01239	0.04437	0.13820	0.01635	0.01457	0.00607	0.00522	0.00163	0.00673	0.00501	0.00310	0.00734
30	0.00775	0.00562	0.00788	0.00793	0.00864	0.00628	0.00586	0.00917	0.00857	0.01206	0.01567	0.02658	0.01582	0.24733	0.55035	0.00744	0.01149	0.03811	0.00307	0.00438
31	0.01087	0.04947	0.76270	0.01513	0.02297	0.01271	0.01954	0.01697	0.01132	0.01688	0.00957	0.01126	0.00680	0.00509	0.00505	0.00168	0.00787	0.00394	0.00227	0.00790
32	0.14073	0.01463	0.01465	0.05728	0.01678	0.07124	0.00976	0.51955	0.05683	0.02920	0.01200	0.01247	0.00872	0.00614	0.00504	0.00162	0.00592	0.00451	0.00471	0.00822
33	0.01073	0.00787	0.01208	0.01189	0.06550	0.00762	0.09966	0.06575	0.01251	0.08162	0.03801	0.32773	0.04062	0.04811	0.00774	0.02033	0.00480	0.12710	0.00459	0.00577
34	0.84927	0.01038	0.00789	0.00706	0.01038	0.01204	0.00581	0.01578	0.00914	0.02408	0.00747	0.00872	0.00581	0.00498	0.00332	0.00166	0.00415	0.00291	0.00332	0.00581
35	0.00679	0.00529	0.00617	0.00629	0.00761	0.00467	0.00459	0.00845	0.01279	0.01663	0.28421	0.20501	0.38548	0.01341	0.00645	0.00185	0.00274	0.01162	0.00529	0.00467
36	0.00657	0.00528	0.00586	0.00608	0.00748	0.00457	0.00442	0.00801	0.01224	0.01535	0.15378	0.21627	0.50742	0.01392	0.00645	0.00188	0.00278	0.01196	0.00512	0.00457
37	0.01739	0.02104	0.01511	0.17740	0.03859	0.57522	0.01118	0.01932	0.01404	0.01366	0.00900	0.01118	0.00730	0.00551	0.00491	0.00147	0.00877	0.00383	0.03891	0.00617
38	0.01335	0.01153	0.01214	0.01092	0.01396	0.01335	0.00850	0.02852	0.76817	0.02245	0.02185	0.02003	0.01639	0.00728	0.00546	0.00182	0.00425	0.00607	0.00546	0.00850
39	0.02005	0.02558	0.01521	0.01383	0.01659	0.78980	0.01037	0.02143	0.01521	0.01314	0.00830	0.00968	0.00691	0.00553	0.00484	0.00138	0.00968	0.00346	0.00277	0.00622
40	0.01113	0.00954	0.01113	0.00795	0.01272	0.00716	0.00636	0.01352	0.01113	0.01749	0.00954	0.01113	0.00795	0.00398	0.00398	0.00080	0.00398	0.00318	0.00318	0.84417
41	0.00760	0.00549	0.00718	0.00675	0.00802	0.00506	0.00506	0.01013	0.01519	0.02153	0.77503	0.04010	0.05065	0.01097	0.00633	0.00169	0.00253	0.00971	0.00591	0.00506
42	0.02123	0.01101	0.04608	0.01035	0.01449	0.01002	0.00877	0.10790	0.14773	0.53277	0.01987	0.01768	0.01309	0.00667	0.00539	0.00168	0.00481	0.00539	0.00611	0.00897
43	0.01329	0.01275	0.02179	0.03295	0.77787	0.01275	0.01647	0.01647	0.01222	0.01754	0.01010	0.01329	0.00850	0.00478	0.00531	0.00159	0.00638	0.00478	0.00266	0.00850
44	0.01335	0.01153	0.01214	0.01092	0.01396	0.01335	0.00850	0.02852	0.76817	0.02245	0.02185	0.02003	0.01639	0.00728	0.00546	0.00182	0.00425	0.00607	0.00546	0.00850
45	0.02051	0.01487	0.01601	0.01227	0.01656	0.01640	0.01014	0.73911	0.02496	0.05509	0.01312	0.01304	0.00925	0.00645	0.00537	0.00161	0.00587	0.00485	0.00541	0.00913
46	0.00759	0.00549	0.00720	0.00706	0.00827	0.00510	0.00536	0.00997	0.01451	0.02030	0.63687	0.09753	0.06459	0.01181	0.00647	0.00180	0.00280	0.07656	0.00573	0.00499
47	0.01435	0.81458	0.02813	0.00918	0.01378	0.02124	0.00918	0.01607	0.01091	0.01263	0.00746	0.00861	0.00689	0.00459	0.00344	0.00115	0.00574	0.00287	0.00230	0.00689
48	0.02030	0.01832	0.01583	0.01281	0.01663	0.25756	0.01026	0.52985	0.02211	0.02738	0.01146	0.01189	0.00844	0.00616	0.00520	0.00154	0.00708	0.00440	0.00456	0.00822
49	0.84927	0.01038	0.00789	0.00706	0.01038	0.01204	0.00581	0.01578	0.00914	0.02408	0.00747	0.00872	0.00581	0.00498	0.00332	0.00166	0.00415	0.00291	0.00332	0.00581
50	0.00654	0.00467	0.00623	0.00747	0.00779	0.00436	0.00498	0.00747	0.01028	0.01370	0.02959	0.80785	0.03550	0.01682	0.00685	0.00218	0.00311	0.01526	0.00498	0.00436
51	0.02054	0.01483	0.01598	0.01225	0.01654	0.01634	0.01012	0.73393	0.02489	0.06036	0.01318	0.01308	0.00928	0.00645	0.00537	0.00161	0.00586	0.00485	0.00542	0.00913

[dist]
# distance from previous block
# <min> <max>
0	1

[block]
# block no. 2 follows, 45 sequences, length 9
# corresponding to MSA columns:
# 233-241
name=unknown_C
#
# <colnr> <probs for GDERKNQSTAVLIFYWHMCP>
#	G	D	E	R	K	N	Q	S	T	A	V	L	I	F	Y	W	H	M	C	P
0	0.04270	0.09150	0.42991	0.01296	0.04782	0.01168	0.01425	0.01582	0.01119	0.01704	0.00935	0.01101	0.00718	0.00471	0.00456	0.00138	0.00637	0.00363	0.00259	0.25435
1	0.01171	0.01465	0.21848	0.09690	0.21712	0.03048	0.01334	0.01567	0.03980	0.07200	0.06578	0.08150	0.08501	0.00734	0.00554	0.00172	0.00590	0.00638	0.00353	0.00716
2	0.84927	0.01038	0.00789	0.00706	0.01038	0.01204	0.00581	0.01578	0.00914	0.02408	0.00747	0.00872	0.00581	0.00498	0.00332	0.00166	0.00415	0.00291	0.00332	0.00581
3	0.01239	0.01077	0.01790	0.12826	0.50699	0.01096	0.01385	0.01519	0.01189	0.06151	0.01392	0.14586	0.01310	0.00697	0.00558	0.00172	0.00583	0.00656	0.00324	0.00752
4	0.01180	0.01122	0.01886	0.28770	0.48160	0.01196	0.01518	0.01500	0.01172	0.01607	0.01267	0.01602	0.05589	0.00553	0.00540	0.00167	0.00641	0.00519	0.00271	0.00740
5	0.01267	0.01448	0.03167	0.02262	0.02805	0.01357	0.75837	0.01719	0.01267	0.01719	0.01086	0.01448	0.00814	0.00452	0.00633	0.00181	0.00905	0.00633	0.00271	0.00724
6	0.01742	0.01074	0.01240	0.01051	0.01395	0.01141	0.00841	0.07917	0.42384	0.28788	0.02123	0.02045	0.01534	0.00729	0.00551	0.00177	0.00450	0.03370	0.00585	0.00863
7	0.01233	0.00754	0.03804	0.00791	0.01032	0.00637	0.00642	0.01515	0.04591	0.23212	0.36166	0.08436	0.12973	0.01011	0.00602	0.00174	0.00344	0.00871	0.00578	0.00634
8	0.01146	0.01090	0.01823	0.46914	0.26574	0.01236	0.04586	0.01582	0.06755	0.01570	0.01068	0.01442	0.00830	0.00529	0.00540	0.00173	0.00678	0.00494	0.00271	0.00700

[dist]
# distance from previous block
# <min> <max>
0	1

[block]
# block no. 3 follows, 45 sequences, length 68
# corresponding to MSA columns:
# 243-248,251-312
name=unknown_D
#
# <colnr> <probs for GDERKNQSTAVLIFYWHMCP>
#	G	D	E	R	K	N	Q	S	T	A	V	L	I	F	Y	W	H	M	C	P
0	0.02380	0.00959	0.01274	0.00977	0.01393	0.00856	0.00807	0.08238	0.01612	0.72429	0.02054	0.01786	0.01297	0.00663	0.00540	0.00166	0.00467	0.00535	0.00655	0.00913
1	0.02408	0.00914	0.01246	0.00955	0.01370	0.00789	0.00789	0.02616	0.01536	0.78158	0.02118	0.01827	0.01329	0.00664	0.00540	0.00166	0.00457	0.00540	0.00664	0.00914
2	0.00754	0.00555	0.00717	0.00798	0.03113	0.00564	0.00508	0.00828	0.00945	0.01276	0.04216	0.40514	0.04165	0.30741	0.03395	0.00342	0.04620	0.01120	0.00411	0.00419
3	0.01333	0.22117	0.33982	0.03197	0.05504	0.01467	0.11944	0.04046	0.03043	0.06994	0.01048	0.01199	0.00785	0.00508	0.00491	0.00157	0.00706	0.00426	0.00284	0.00769
4	0.00654	0.00467	0.00623	0.00747	0.00779	0.00436	0.00498	0.00747	0.01028	0.01370	0.02959	0.80785	0.03550	0.01682	0.00685	0.00218	0.00311	0.01526	0.00498	0.00436
5	0.01271	0.01242	0.02192	0.15484	0.57970	0.01271	0.09452	0.01611	0.01203	0.01689	0.01009	0.01358	0.00825	0.00485	0.00543	0.00165	0.00678	0.00494	0.00262	0.00796
6	0.01478	0.05898	0.29496	0.15924	0.08821	0.01189	0.03587	0.04527	0.01282	0.20780	0.01258	0.01379	0.00876	0.00551	0.00520	0.00167	0.00666	0.00458	0.00354	0.00789
7	0.00807	0.00594	0.00786	0.00887	0.01002	0.00583	0.00729	0.01051	0.03817	0.01558	0.03144	0.22627	0.11697	0.01487	0.00710	0.00231	0.00425	0.46879	0.00497	0.00489
8	0.73418	0.01032	0.00903	0.07782	0.02873	0.01193	0.00690	0.01590	0.00952	0.04449	0.00810	0.00958	0.00620	0.00506	0.00360	0.00167	0.00448	0.00318	0.00332	0.00598
9	0.02408	0.00914	0.01246	0.00955	0.01370	0.00789	0.00789	0.02616	0.01536	0.78158	0.02118	0.01827	0.01329	0.00664	0.00540	0.00166	0.00457	0.00540	0.00664	0.00914
10	0.01001	0.00500	0.00500	0.00500	0.00625	0.00500	0.00375	0.01251	0.01126	0.02001	0.01751	0.02001	0.01376	0.00625	0.00375	0.00125	0.00250	0.00500	0.84115	0.00500
11	0.01312	0.39673	0.37435	0.01226	0.01832	0.03735	0.01415	0.04961	0.01185	0.01559	0.00872	0.01008	0.00695	0.00493	0.00433	0.00143	0.00686	0.00348	0.00243	0.00745
12	0.20527	0.27458	0.03336	0.15433	0.09507	0.11326	0.01053	0.01654	0.02493	0.01627	0.00852	0.01053	0.00703	0.00502	0.00420	0.00148	0.00621	0.00357	0.00270	0.00660
13	0.19160	0.11346	0.01553	0.01121	0.01492	0.22778	0.00917	0.29758	0.01721	0.03974	0.01003	0.01074	0.00765	0.00567	0.00457	0.00150	0.00653	0.00383	0.00389	0.00737
14	0.01001	0.00500	0.00500	0.00500	0.00625	0.00500	0.00375	0.01251	0.01126	0.02001	0.01751	0.02001	0.01376	0.00625	0.00375	0.00125	0.00250	0.00500	0.84115	0.00500
15	0.00932	0.00466	0.00699	0.00699	0.00699	0.00466	0.00466	0.00699	0.00699	0.00932	0.00932	0.01632	0.00932	0.01865	0.02098	0.84382	0.00466	0.00466	0.00233	0.00233
16	0.00637	0.00535	0.00553	0.00567	0.00731	0.00451	0.00418	0.00768	0.01202	0.01441	0.05159	0.13662	0.69253	0.01396	0.00640	0.00185	0.00276	0.01177	0.00498	0.00451
17	0.00932	0.00466	0.00699	0.00699	0.00699	0.00466	0.00466	0.00699	0.00699	0.00932	0.00932	0.01632	0.00932	0.01865	0.02098	0.84382	0.00466	0.00466	0.00233	0.00233
18	0.01186	0.00972	0.01135	0.00815	0.01289	0.00751	0.00654	0.03988	0.01175	0.04192	0.01002	0.01142	0.00816	0.00414	0.00407	0.00085	0.00406	0.00331	0.00336	0.78904
19	0.02073	0.01452	0.01579	0.01211	0.01639	0.01588	0.01000	0.69612	0.02438	0.09889	0.01361	0.01336	0.00949	0.00646	0.00537	0.00162	0.00579	0.00488	0.00548	0.00913
20	0.00634	0.00544	0.00544	0.00544	0.00725	0.00453	0.00408	0.00770	0.01224	0.01450	0.05438	0.05166	0.77569	0.01359	0.00634	0.00181	0.00272	0.01133	0.00498	0.00453
21	0.01335	0.01153	0.01214	0.01092	0.01396	0.01335	0.00850	0.02852	0.76817	0.02245	0.02185	0.02003	0.01639	0.00728	0.00546	0.00182	0.00425	0.00607	0.00546	0.00850
22	0.01246	0.01404	0.03046	0.02195	0.02716	0.01319	0.71896	0.01688	0.01265	0.01714	0.01178	0.01690	0.00934	0.00507	0.00639	0.00184	0.00883	0.04499	0.00283	0.00712
23	0.01021	0.00968	0.01655	0.77626	0.03672	0.01197	0.03617	0.01381	0.01079	0.01381	0.00958	0.01432	0.00718	0.00534	0.00539	0.00179	0.00721	0.00482	0.00239	0.00600
24	0.02350	0.01008	0.01304	0.01000	0.01417	0.00929	0.00826	0.14343	0.01694	0.66208	0.01985	0.01741	0.01262	0.00661	0.00539	0.00165	0.00478	0.00531	0.00644	0.00913
25	0.00893	0.00666	0.00950	0.00944	0.01050	0.00743	0.00723	0.01049	0.00943	0.01363	0.01549	0.02257	0.01446	0.04039	0.77569	0.00871	0.01460	0.00612	0.00329	0.00544
26	0.01267	0.01448	0.03167	0.02262	0.02805	0.01357	0.75837	0.01719	0.01267	0.01719	0.01086	0.01448	0.00814	0.00452	0.00633	0.00181	0.00905	0.00633	0.00271	0.00724
27	0.02263	0.00973	0.01261	0.00986	0.01389	0.00899	0.00808	0.06501	0.10453	0.65289	0.02082	0.01819	0.01343	0.00671	0.00540	0.00168	0.00460	0.00545	0.00644	0.00906
28	0.02408	0.00914	0.01246	0.00955	0.01370	0.00789	0.00789	0.02616	0.01536	0.78158	0.02118	0.01827	0.01329	0.00664	0.00540	0.00166	0.00457	0.00540	0.00664	0.00914
29	0.01077	0.02777	0.78354	0.01530	0.02323	0.01247	0.01983	0.01700	0.01133	0.01700	0.00963	0.01133	0.00680	0.00510	0.00510	0.00170	0.00793	0.00397	0.00227	0.00793
30	0.00644	0.00540	0.00560	0.00563	0.00733	0.00456	0.00419	0.00785	0.01233	0.01493	0.10117	0.09064	0.68839	0.01359	0.00637	0.00182	0.00273	0.01143	0.00505	0.00456
31	0.00634	0.00544	0.00544	0.00544	0.00725	0.00453	0.00408	0.00770	0.01224	0.01450	0.05438	0.05166	0.77569	0.01359	0.00634	0.00181	0.00272	0.01133	0.00498	0.00453
32	0.02408	0.00914	0.01246	0.00955	0.01370	0.00789	0.00789	0.02616	0.01536	0.78158	0.02118	0.01827	0.01329	0.00664	0.00540	0.00166	0.00457	0.00540	0.00664	0.00914
33	0.02058	0.01217	0.04271	0.01093	0.01503	0.01185	0.00927	0.35036	0.01904	0.35668	0.01650	0.01585	0.01121	0.00930	0.07074	0.00222	0.00611	0.00512	0.00560	0.00873
34	0.00972	0.00600	0.00762	0.00692	0.00869	0.00537	0.00529	0.01198	0.01469	0.12855	0.53809	0.03907	0.17566	0.01083	0.00620	0.00171	0.00286	0.00939	0.00585	0.00555
35	0.02006	0.02533	0.01523	0.01379	0.01660	0.77094	0.01037	0.03945	0.01546	0.01364	0.00841	0.00976	0.00697	0.00555	0.00485	0.00139	0.00959	0.00349	0.00283	0.00629
36	0.57115	0.01305	0.04942	0.04130	0.04848	0.07733	0.00821	0.08372	0.02975	0.02294	0.00869	0.01001	0.00669	0.00523	0.00395	0.00164	0.00519	0.00342	0.00339	0.00645
37	0.00695	0.00544	0.00629	0.00612	0.00763	0.00478	0.00458	0.00886	0.01360	0.01785	0.39962	0.06613	0.40809	0.01242	0.00635	0.00176	0.00264	0.01065	0.00543	0.00478
38	0.01828	0.11361	0.01643	0.01236	0.01580	0.35217	0.00985	0.22084	0.15179	0.02031	0.01185	0.01226	0.00920	0.00598	0.00493	0.00149	0.00723	0.00422	0.00389	0.00749
39	0.01001	0.00934	0.01571	0.75693	0.03553	0.01165	0.01448	0.01350	0.01062	0.01365	0.00980	0.01467	0.00748	0.00720	0.04661	0.00215	0.00754	0.00482	0.00241	0.00590
40	0.02041	0.01504	0.01611	0.01235	0.01665	0.01665	0.01020	0.75997	0.02524	0.03383	0.01289	0.01289	0.00913	0.00644	0.00537	0.00161	0.00591	0.00483	0.00537	0.00913
41	0.01023	0.00958	0.01330	0.24200	0.05006	0.05694	0.01067	0.01242	0.00966	0.01309	0.01096	0.01665	0.00987	0.04929	0.28812	0.00444	0.17942	0.00514	0.00262	0.00554
42	0.00635	0.00541	0.00546	0.00550	0.00727	0.00453	0.00411	0.00770	0.01217	0.01448	0.05360	0.07528	0.75257	0.01370	0.00636	0.00182	0.00273	0.01145	0.00498	0.00453
43	0.00760	0.00549	0.00718	0.00675	0.00802	0.00506	0.00506	0.01013	0.01519	0.02153	0.77503	0.04010	0.05065	0.01097	0.00633	0.00169	0.00253	0.00971	0.00591	0.00506
44	0.01113	0.00954	0.01113	0.00795	0.01272	0.00716	0.00636	0.01352	0.01113	0.01749	0.00954	0.01113	0.00795	0.00398	0.00398	0.00080	0.00398	0.00318	0.00318	0.84417
45	0.01077	0.02777	0.78354	0.01530	0.02323	0.01247	0.01983	0.01700	0.01133	0.01700	0.00963	0.01133	0.00680	0.00510	0.00510	0.00170	0.00793	0.00397	0.00227	0.00793
46	0.00767	0.00573	0.00853	0.00853	0.00946	0.00666	0.00659	0.00952	0.00860	0.01239	0.01447	0.02158	0.01363	0.06708	0.76355	0.00851	0.01406	0.00582	0.00289	0.00474
47	0.02024	0.01495	0.01602	0.01232	0.01658	0.01657	0.01016	0.74285	0.04263	0.03356	0.01310	0.01305	0.00930	0.00646	0.00537	0.00162	0.00587	0.00486	0.00537	0.00911
48	0.00781	0.00520	0.00585	0.00585	0.00585	0.00520	0.00325	0.00781	0.00781	0.01041	0.01691	0.03513	0.01952	0.81135	0.02732	0.00520	0.00520	0.00781	0.00325	0.00325
49	0.00654	0.00467	0.00623	0.00747	0.00779	0.00436	0.00498	0.00747	0.01028	0.01370	0.02959	0.80785	0.03550	0.01682	0.00685	0.00218	0.00311	0.01526	0.00498	0.00436
50	0.01435	0.81458	0.02813	0.00918	0.01378	0.02124	0.00918	0.01607	0.01091	0.01263	0.00746	0.00861	0.00689	0.00459	0.00344	0.00115	0.00574	0.00287	0.00230	0.00689
51	0.02395	0.00936	0.01259	0.00966	0.01381	0.00822	0.00798	0.05371	0.01573	0.75351	0.02087	0.01807	0.01313	0.00664	0.00540	0.00166	0.00462	0.00538	0.00660	0.00914
52	0.01014	0.00954	0.01610	0.79845	0.03697	0.01193	0.01491	0.01371	0.01073	0.01371	0.00954	0.01431	0.00716	0.00537	0.00537	0.00179	0.00716	0.00477	0.00239	0.00596
53	0.82332	0.01034	0.00803	0.00714	0.01049	0.01191	0.00588	0.01611	0.00933	0.04791	0.00791	0.00902	0.00605	0.00504	0.00339	0.00166	0.00417	0.00299	0.00343	0.00592
54	0.00661	0.00471	0.00624	0.00741	0.00773	0.00440	0.00493	0.00755	0.01032	0.01380	0.04807	0.76410	0.03538	0.04166	0.00748	0.00226	0.00317	0.01488	0.00495	0.00434
55	0.84927	0.01038	0.00789	0.00706	0.01038	0.01204	0.00581	0.01578	0.00914	0.02408	0.00747	0.00872	0.00581	0.00498	0.00332	0.00166	0.00415	0.00291	0.00332	0.00581
56	0.02398	0.00930	0.01256	0.00963	0.01379	0.00814	0.00796	0.04695	0.01564	0.76040	0.02094	0.01812	0.01317	0.00664	0.00540	0.00166	0.00461	0.00538	0.00661	0.00914
57	0.00770	0.00563	0.00803	0.00803	0.00878	0.00638	0.00596	0.00920	0.00845	0.01202	0.01493	0.02412	0.01474	0.20702	0.62512	0.00789	0.01239	0.00620	0.00296	0.00446
58	0.01077	0.02777	0.78354	0.01530	0.02323	0.01247	0.01983	0.01700	0.01133	0.01700	0.00963	0.01133	0.00680	0.00510	0.00510	0.00170	0.00793	0.00397	0.00227	0.00793
59	0.82812	0.01024	0.00787	0.00706	0.01030	0.01186	0.00578	0.01556	0.00908	0.02371	0.00752	0.00891	0.00590	0.00533	0.00377	0.02286	0.00417	0.00295	0.00330	0.00573
60	0.01298	0.01267	0.02054	0.16731	0.61855	0.04178	0.01597	0.01617	0.01207	0.01670	0.00993	0.01333	0.00821	0.00491	0.00531	0.00162	0.00664	0.00473	0.00261	0.00797
61	0.04251	0.01590	0.03389	0.06561	0.30441	0.17569	0.01283	0.20857	0.01614	0.05756	0.01085	0.01255	0.00837	0.00550	0.00517	0.00157	0.00687	0.00447	0.00356	0.00798
62	0.00654	0.00467	0.00623	0.00747	0.00779	0.00436	0.00498	0.00747	0.01028	0.01370	0.02959	0.80785	0.03550	0.01682	0.00685	0.00218	0.00311	0.01526	0.00498	0.00436
63	0.05623	0.30863	0.37284	0.01247	0.01847	0.03448	0.03019	0.05605	0.01204	0.04009	0.00926	0.01054	0.00714	0.00503	0.00446	0.00149	0.00681	0.00365	0.00265	0.00749
64	0.01833	0.01327	0.03776	0.01141	0.01532	0.01392	0.00947	0.41753	0.20534	0.13732	0.03259	0.01649	0.01258	0.02618	0.00594	0.00176	0.00528	0.00537	0.00544	0.00871
65	0.00697	0.00523	0.00646	0.00665	0.00776	0.00472	0.00480	0.00873	0.01297	0.01743	0.37188	0.27759	0.22237	0.01340	0.00649	0.00187	0.00276	0.01180	0.00540	0.00472
66	0.01864	0.05671	0.01600	0.04120	0.01671	0.06345	0.00982	0.54006	0.02139	0.04565	0.01197	0.01243	0.00875	0.00596	0.00507	0.00148	0.00592	0.00445	0.00470	0.10963
67	0.01094	0.02664	0.72142	0.01612	0.03926	0.01254	0.06518	0.01700	0.01143	0.01702	0.00972	0.01157	0.00692	0.00506	0.00518	0.00170	0.00797	0.00413	0.00230	0.00790

[dist]
# distance from previous block
# <min> <max>
3	13

[block]
# block no. 4 follows, 45 sequences, length 86
# corresponding to MSA columns:
# 327-395,410-426
name=unknown_E
#
# <colnr> <probs for GDERKNQSTAVLIFYWHMCP>
#	G	D	E	R	K	N	Q	S	T	A	V	L	I	F	Y	W	H	M	C	P
0	0.06615	0.01264	0.01361	0.01097	0.01454	0.01378	0.00894	0.54735	0.02125	0.04744	0.01758	0.09499	0.05872	0.00817	0.00554	0.00172	0.00526	0.03811	0.00520	0.00801
1	0.01435	0.81458	0.02813	0.00918	0.01378	0.02124	0.00918	0.01607	0.01091	0.01263	0.00746	0.00861	0.00689	0.00459	0.00344	0.00115	0.00574	0.00287	0.00230	0.00689
2	0.13774	0.01550	0.01400	0.03804	0.01585	0.17198	0.00937	0.36099	0.07865	0.07129	0.01311	0.01335	0.02422	0.00623	0.00500	0.00160	0.00619	0.00454	0.00452	0.00782
3	0.00676	0.00663	0.05115	0.00646	0.00835	0.00502	0.00524	0.00847	0.01220	0.01527	0.12437	0.16323	0.54127	0.01331	0.00635	0.00185	0.00306	0.01133	0.00492	0.00476
4	0.02041	0.01504	0.01611	0.01235	0.01665	0.01665	0.01020	0.75997	0.02524	0.03383	0.01289	0.01289	0.00913	0.00644	0.00537	0.00161	0.00591	0.00483	0.00537	0.00913
5	0.01364	0.00985	0.01203	0.00942	0.01338	0.00882	0.02740	0.10074	0.07929	0.11839	0.05904	0.01964	0.01425	0.00637	0.00498	0.00133	0.00444	0.07666	0.00439	0.41595
6	0.01564	0.12665	0.01736	0.15097	0.10809	0.31050	0.01146	0.06386	0.06761	0.01578	0.01103	0.01466	0.00935	0.00601	0.00502	0.00155	0.00742	0.04711	0.00310	0.00680
7	0.00882	0.00810	0.00765	0.00746	0.00936	0.07605	0.00567	0.01228	0.11944	0.01619	0.10908	0.08843	0.44532	0.01201	0.00618	0.00182	0.00369	0.05220	0.00494	0.00531
8	0.01299	0.01245	0.02125	0.10492	0.70821	0.01268	0.01633	0.01621	0.01208	0.01718	0.01004	0.01338	0.00838	0.00484	0.00532	0.00161	0.00645	0.00478	0.00263	0.00826
9	0.01113	0.00954	0.01113	0.00795	0.01272	0.00716	0.00636	0.01352	0.01113	0.01749	0.00954	0.01113	0.00795	0.00398	0.00398	0.00080	0.00398	0.00318	0.00318	0.84417
10	0.01113	0.00954	0.01113	0.00795	0.01272	0.00716	0.00636	0.01352	0.01113	0.01749	0.00954	0.01113	0.00795	0.00398	0.00398	0.00080	0.00398	0.00318	0.00318	0.84417
11	0.01122	0.00968	0.01159	0.00904	0.04591	0.00740	0.00680	0.01364	0.01118	0.01749	0.00956	0.01122	0.00797	0.00401	0.00403	0.00083	0.00408	0.00325	0.00316	0.80792
12	0.00829	0.00689	0.00721	0.00689	0.00876	0.00678	0.00511	0.01290	0.19555	0.01632	0.07999	0.04140	0.46333	0.10651	0.00862	0.00221	0.00338	0.00955	0.00494	0.00537
13	0.01592	0.40588	0.02119	0.03641	0.01541	0.13211	0.00960	0.15889	0.10398	0.01791	0.01055	0.01142	0.00861	0.00629	0.02335	0.00155	0.00643	0.00384	0.00334	0.00732
14	0.01465	0.77325	0.02745	0.00943	0.01392	0.06150	0.00925	0.01635	0.01113	0.01266	0.00751	0.00867	0.00689	0.00464	0.00352	0.00116	0.00595	0.00290	0.00232	0.00685
15	0.84927	0.01038	0.00789	0.00706	0.01038	0.01204	0.00581	0.01578	0.00914	0.02408	0.00747	0.00872	0.00581	0.00498	0.00332	0.00166	0.00415	0.00291	0.00332	0.00581
16	0.01335	0.01153	0.01214	0.01092	0.01396	0.01335	0.00850	0.02852	0.76817	0.02245	0.02185	0.02003	0.01639	0.00728	0.00546	0.00182	0.00425	0.00607	0.00546	0.00850
17	0.01092	0.00930	0.01089	0.00788	0.01244	0.00703	0.00628	0.01331	0.01138	0.01773	0.05564	0.01288	0.01052	0.00440	0.00412	0.00085	0.00389	0.00357	0.00334	0.79364
18	0.02005	0.02558	0.01521	0.01383	0.01659	0.78980	0.01037	0.02143	0.01521	0.01314	0.00830	0.00968	0.00691	0.00553	0.00484	0.00138	0.00968	0.00346	0.00277	0.00622
19	0.01077	0.02777	0.78354	0.01530	0.02323	0.01247	0.01983	0.01700	0.01133	0.01700	0.00963	0.01133	0.00680	0.00510	0.00510	0.00170	0.00793	0.00397	0.00227	0.00793
20	0.02041	0.01504	0.01611	0.01235	0.01665	0.01665	0.01020	0.75997	0.02524	0.03383	0.01289	0.01289	0.00913	0.00644	0.00537	0.00161	0.00591	0.00483	0.00537	0.00913
21	0.00760	0.00549	0.00718	0.00675	0.00802	0.00506	0.00506	0.01013	0.01519	0.02153	0.77503	0.04010	0.05065	0.01097	0.00633	0.00169	0.00253	0.00971	0.00591	0.00506
22	0.03925	0.01278	0.09019	0.07753	0.01727	0.01152	0.01026	0.23172	0.06106	0.35192	0.01657	0.03054	0.01137	0.00652	0.00534	0.00168	0.00544	0.00521	0.00531	0.00854
23	0.01435	0.81458	0.02813	0.00918	0.01378	0.02124	0.00918	0.01607	0.01091	0.01263	0.00746	0.00861	0.00689	0.00459	0.00344	0.00115	0.00574	0.00287	0.00230	0.00689
24	0.00760	0.00549	0.00718	0.00675	0.00802	0.00506	0.00506	0.01013	0.01519	0.02153	0.77503	0.04010	0.05065	0.01097	0.00633	0.00169	0.00253	0.00971	0.00591	0.00506
25	0.00773	0.00519	0.00597	0.00604	0.00609	0.00520	0.00347	0.00784	0.00798	0.01067	0.01757	0.07976	0.02025	0.73983	0.05101	0.00514	0.00538	0.00817	0.00334	0.00337
26	0.00760	0.00549	0.00718	0.00675	0.00802	0.00506	0.00506	0.01013	0.01519	0.02153	0.77503	0.04010	0.05065	0.01097	0.00633	0.00169	0.00253	0.00971	0.00591	0.00506
27	0.01014	0.00954	0.01610	0.79845	0.03697	0.01193	0.01491	0.01371	0.01073	0.01371	0.00954	0.01431	0.00716	0.00537	0.00537	0.00179	0.00716	0.00477	0.00239	0.00596
28	0.00744	0.00544	0.00699	0.00670	0.00795	0.00498	0.00499	0.00979	0.01468	0.02054	0.67676	0.08578	0.10487	0.01151	0.00636	0.00173	0.00258	0.01015	0.00578	0.00498
29	0.01319	0.01139	0.01198	0.01080	0.01381	0.01315	0.00840	0.02805	0.75091	0.02227	0.02259	0.02075	0.03372	0.00743	0.00548	0.00182	0.00421	0.00619	0.00545	0.00841
30	0.01267	0.01448	0.03167	0.02262	0.02805	0.01357	0.75837	0.01719	0.01267	0.01719	0.01086	0.01448	0.00814	0.00452	0.00633	0.00181	0.00905	0.00633	0.00271	0.00724
31	0.00662	0.00473	0.00630	0.00742	0.00780	0.00441	0.00499	0.00768	0.01065	0.01430	0.08673	0.74900	0.03666	0.01637	0.00681	0.00214	0.00307	0.01483	0.00505	0.00441
32	0.00865	0.00618	0.00865	0.00989	0.01112	0.00618	0.00865	0.01112	0.01236	0.01606	0.02842	0.06055	0.03089	0.01483	0.00741	0.00247	0.00494	0.74174	0.00494	0.00494
33	0.02041	0.01504	0.01611	0.01235	0.01665	0.01665	0.01020	0.75997	0.02524	0.03383	0.01289	0.01289	0.00913	0.00644	0.00537	0.00161	0.00591	0.00483	0.00537	0.00913
34	0.00639	0.00544	0.00551	0.00549	0.00728	0.00455	0.00412	0.00780	0.01235	0.01479	0.08354	0.05119	0.74634	0.01349	0.00634	0.00181	0.00271	0.01126	0.00502	0.00455
35	0.00658	0.00473	0.00624	0.00737	0.00778	0.00440	0.00496	0.00760	0.01056	0.01407	0.06276	0.74899	0.06118	0.01645	0.00681	0.00215	0.00308	0.01489	0.00502	0.00440
36	0.01077	0.02777	0.78354	0.01530	0.02323	0.01247	0.01983	0.01700	0.01133	0.01700	0.00963	0.01133	0.00680	0.00510	0.00510	0.00170	0.00793	0.00397	0.00227	0.00793
37	0.01335	0.01153	0.01214	0.01092	0.01396	0.01335	0.00850	0.02852	0.76817	0.02245	0.02185	0.02003	0.01639	0.00728	0.00546	0.00182	0.00425	0.00607	0.00546	0.00850
38	0.01267	0.01448	0.03167	0.02262	0.02805	0.01357	0.75837	0.01719	0.01267	0.01719	0.01086	0.01448	0.00814	0.00452	0.00633	0.00181	0.00905	0.00633	0.00271	0.00724
39	0.00767	0.00575	0.00863	0.00863	0.00959	0.00671	0.00671	0.00959	0.00863	0.01246	0.01438	0.02109	0.01342	0.04026	0.79008	0.00863	0.01438	0.00575	0.00288	0.00479
40	0.01867	0.01372	0.01486	0.01162	0.01538	0.01516	0.00945	0.65672	0.02289	0.03073	0.01329	0.01512	0.01020	0.07205	0.05290	0.00230	0.00635	0.00512	0.00506	0.00841
41	0.39749	0.01836	0.31890	0.01152	0.01677	0.05896	0.04440	0.01706	0.01077	0.04887	0.00905	0.01043	0.00666	0.00511	0.00433	0.00167	0.00622	0.00361	0.00297	0.00687
42	0.01352	0.63152	0.20388	0.01061	0.01598	0.01920	0.01166	0.01629	0.01101	0.01365	0.00797	0.00924	0.00687	0.00471	0.00383	0.00128	0.00625	0.00313	0.00229	0.00713
43	0.01420	0.01187	0.01226	0.01094	0.01403	0.03927	0.00852	0.02815	0.69879	0.06644	0.02135	0.01958	0.01589	0.00719	0.00544	0.00180	0.00445	0.00594	0.00544	0.00846
44	0.00729	0.00548	0.00675	0.00643	0.00783	0.00494	0.00483	0.00954	0.01448	0.01982	0.60010	0.04290	0.22665	0.01161	0.00633	0.00172	0.00258	0.01010	0.00568	0.00494
45	0.00685	0.00546	0.00614	0.00597	0.00756	0.00475	0.00448	0.00869	0.01344	0.01735	0.34695	0.04697	0.48134	0.01253	0.00634	0.00176	0.00264	0.01067	0.00536	0.00475
46	0.00637	0.00544	0.00548	0.00547	0.00727	0.00454	0.00410	0.00776	0.01231	0.01467	0.07156	0.05138	0.75840	0.01353	0.00634	0.00181	0.00271	0.01129	0.00501	0.00454
47	0.00751	0.00548	0.00706	0.00666	0.00797	0.00503	0.00500	0.00996	0.01499	0.02104	0.72550	0.04089	0.10048	0.01115	0.00633	0.00170	0.00255	0.00982	0.00585	0.00503
48	0.02063	0.01468	0.01589	0.01218	0.01647	0.01612	0.01006	0.71578	0.02464	0.07886	0.01339	0.01321	0.00938	0.00646	0.00537	0.00161	0.00583	0.00487	0.00545	0.00913
49	0.01113	0.00954	0.01113	0.00795	0.01272	0.00716	0.00636	0.01352	0.01113	0.01749	0.00954	0.01113	0.00795	0.00398	0.00398	0.00080	0.00398	0.00318	0.00318	0.84417
50	0.01435	0.81458	0.02813	0.00918	0.01378	0.02124	0.00918	0.01607	0.01091	0.01263	0.00746	0.00861	0.00689	0.00459	0.00344	0.00115	0.00574	0.00287	0.00230	0.00689
51	0.02041	0.01504	0.01611	0.01235	0.01665	0.01665	0.01020	0.75997	0.02524	0.03383	0.01289	0.01289	0.00913	0.00644	0.00537	0.00161	0.00591	0.00483	0.00537	0.00913
52	0.01435	0.81458	0.02813	0.00918	0.01378	0.02124	0.00918	0.01607	0.01091	0.01263	0.00746	0.00861	0.00689	0.00459	0.00344	0.00115	0.00574	0.00287	0.00230	0.00689
53	0.02005	0.02558	0.01521	0.01383	0.01659	0.78980	0.01037	0.02143	0.01521	0.01314	0.00830	0.00968	0.00691	0.00553	0.00484	0.00138	0.00968	0.00346	0.00277	0.00622
54	0.00654	0.00467	0.00623	0.00747	0.00779	0.00436	0.00498	0.00747	0.01028	0.01370	0.02959	0.80785	0.03550	0.01682	0.00685	0.00218	0.00311	0.01526	0.00498	0.00436
55	0.01716	0.01342	0.01428	0.01169	0.01541	0.01513	0.00942	0.42309	0.36741	0.02859	0.01701	0.01618	0.01247	0.00683	0.00541	0.00171	0.00514	0.00540	0.00541	0.00884
56	0.00688	0.00546	0.00618	0.00600	0.00758	0.00476	0.00450	0.00874	0.01350	0.01751	0.36280	0.04671	0.46539	0.01247	0.00634	0.00176	0.00264	0.01064	0.00538	0.00476
57	0.00654	0.00467	0.00623	0.00747	0.00779	0.00436	0.00498	0.00747	0.01028	0.01370	0.02959	0.80785	0.03550	0.01682	0.00685	0.00218	0.00311	0.01526	0.00498	0.00436
58	0.01256	0.01528	0.07695	0.02218	0.02776	0.01351	0.71390	0.01718	0.01259	0.01718	0.01079	0.01429	0.00806	0.00456	0.00626	0.00180	0.00898	0.00619	0.00269	0.00728
59	0.02408	0.00914	0.01246	0.00955	0.01370	0.00789	0.00789	0.02616	0.01536	0.78158	0.02118	0.01827	0.01329	0.00664	0.00540	0.00166	0.00457	0.00540	0.00664	0.00914
60	0.80112	0.01031	0.00816	0.00720	0.01057	0.01180	0.00593	0.01638	0.00950	0.06829	0.00827	0.00928	0.00625	0.00508	0.00344	0.00166	0.00418	0.00305	0.00352	0.00601
61	0.00656	0.00479	0.00618	0.00721	0.00773	0.00441	0.00488	0.00761	0.01070	0.01411	0.06265	0.69040	0.12060	0.01621	0.00677	0.00212	0.00305	0.01459	0.00502	0.00441
62	0.00921	0.00791	0.01035	0.00910	0.01134	0.00792	0.07943	0.01488	0.21518	0.01884	0.24544	0.08739	0.24047	0.01049	0.00614	0.00180	0.00372	0.00924	0.00515	0.00600
63	0.84927	0.01038	0.00789	0.00706	0.01038	0.01204	0.00581	0.01578	0.00914	0.02408	0.00747	0.00872	0.00581	0.00498	0.00332	0.00166	0.00415	0.00291	0.00332	0.00581
64	0.00689	0.00527	0.00769	0.00829	0.00895	0.00490	0.04892	0.00805	0.01048	0.01393	0.02930	0.73688	0.05805	0.01599	0.00680	0.00215	0.00345	0.01461	0.00485	0.00453
65	0.01426	0.79551	0.04644	0.00933	0.01401	0.02103	0.00944	0.01610	0.01092	0.01274	0.00752	0.00868	0.00689	0.00460	0.00348	0.00116	0.00579	0.00290	0.00230	0.00691
66	0.00657	0.00468	0.00622	0.00744	0.00774	0.00438	0.00494	0.00748	0.01022	0.01363	0.02929	0.78990	0.03513	0.03527	0.00733	0.00225	0.00316	0.01509	0.00494	0.00433
67	0.01013	0.00957	0.01630	0.76047	0.03610	0.01180	0.03453	0.01367	0.01078	0.01381	0.01001	0.03165	0.00780	0.00559	0.00542	0.00180	0.00712	0.00504	0.00245	0.00596
68	0.01022	0.00962	0.01624	0.77904	0.05575	0.01195	0.01495	0.01378	0.01077	0.01381	0.00955	0.01429	0.00719	0.00535	0.00537	0.00178	0.00714	0.00477	0.00239	0.00603
69	0.01174	0.01174	0.01644	0.01409	0.01409	0.01644	0.01174	0.01292	0.00822	0.01292	0.00705	0.01174	0.00705	0.00940	0.01762	0.00235	0.80153	0.00470	0.00235	0.00587
70	0.05092	0.03146	0.01583	0.36542	0.03886	0.02872	0.01207	0.30668	0.01630	0.02193	0.01064	0.01328	0.00795	0.00626	0.00599	0.02917	0.02311	0.00464	0.00360	0.00715
71	0.01434	0.40990	0.23298	0.01223	0.01773	0.01757	0.05739	0.14771	0.01366	0.01784	0.00922	0.01046	0.00734	0.00505	0.00441	0.00142	0.00657	0.00373	0.00286	0.00759
72	0.00654	0.00467	0.00623	0.00747	0.00779	0.00436	0.00498	0.00747	0.01028	0.01370	0.02959	0.80785	0.03550	0.01682	0.00685	0.00218	0.00311	0.01526	0.00498	0.00436
73	0.01598	0.01049	0.01203	0.00988	0.01273	0.01116	0.00778	0.36741	0.01755	0.13223	0.01735	0.04872	0.04625	0.14640	0.11613	0.00320	0.00651	0.00619	0.00483	0.00719
74	0.00780	0.00524	0.00602	0.00602	0.00608	0.00529	0.00346	0.00791	0.00786	0.01053	0.01676	0.03428	0.01915	0.76492	0.07325	0.00541	0.00576	0.00768	0.00323	0.00335
75	0.33865	0.01146	0.02824	0.01182	0.06949	0.01168	0.06698	0.10258	0.05888	0.23086	0.01318	0.01331	0.00926	0.00569	0.00466	0.00167	0.00509	0.00442	0.00447	0.00760
76	0.01101	0.00941	0.01100	0.00794	0.01259	0.00708	0.00632	0.01335	0.01111	0.01739	0.01008	0.03239	0.00869	0.00432	0.00405	0.00083	0.00395	0.00350	0.00323	0.82175
77	0.84927	0.01038	0.00789	0.00706	0.01038	0.01204	0.00581	0.01578	0.00914	0.02408	0.00747	0.00872	0.00581	0.00498	0.00332	0.00166	0.00415	0.00291	0.00332	0.00581
78	0.01077	0.02777	0.78354	0.01530	0.02323	0.01247	0.01983	0.01700	0.01133	0.01700	0.00963	0.01133	0.00680	0.00510	0.00510	0.00170	0.00793	0.00397	0.00227	0.00793
79	0.00760	0.00549	0.00718	0.00675	0.00802	0.00506	0.00506	0.01013	0.01519	0.02153	0.77503	0.04010	0.05065	0.01097	0.00633	0.00169	0.00253	0.00971	0.00591	0.00506
80	0.01014	0.00954	0.01610	0.79845	0.03697	0.01193	0.01491	0.01371	0.01073	0.01371	0.00954	0.01431	0.00716	0.00537	0.00537	0.00179	0.00716	0.00477	0.00239	0.00596
81	0.00848	0.00606	0.00778	0.05321	0.00964	0.00602	0.00532	0.00951	0.00909	0.03098	0.01736	0.15491	0.01883	0.38041	0.16100	0.00456	0.00652	0.00789	0.00349	0.09892
82	0.00743	0.00539	0.00690	0.00669	0.00782	0.00497	0.00489	0.00958	0.01408	0.01965	0.61241	0.11561	0.08952	0.06196	0.00770	0.00196	0.00277	0.01023	0.00560	0.00485
83	0.01435	0.81458	0.02813	0.00918	0.01378	0.02124	0.00918	0.01607	0.01091	0.01263	0.00746	0.00861	0.00689	0.00459	0.00344	0.00115	0.00574	0.00287	0.00230	0.00689
84	0.01678	0.01024	0.04509	0.00924	0.01352	0.00840	0.00778	0.02084	0.11280	0.34745	0.01817	0.01718	0.04524	0.00604	0.00494	0.00139	0.00438	0.00491	0.00501	0.30060
85	0.01912	0.09524	0.04212	0.02993	0.06267	0.18643	0.01071	0.37031	0.01915	0.09564	0.01178	0.01227	0.00866	0.00591	0.00505	0.00153	0.00672	0.00436	0.00429	0.00813

[dist]
# distance from previous block
# <min> <max>
0	1

[block]
# block no. 5 follows, 45 sequences, length 16
# corresponding to MSA columns:
# 428-443
name=unknown_F
#
# <colnr> <probs for GDERKNQSTAVLIFYWHMCP>
#	G	D	E	R	K	N	Q	S	T	A	V	L	I	F	Y	W	H	M	C	P
0	0.01680	0.19186	0.01809	0.10770	0.01783	0.01619	0.01015	0.44429	0.01948	0.02568	0.07047	0.01422	0.01161	0.00625	0.00501	0.00154	0.00576	0.00477	0.00436	0.00793
1	0.00648	0.00525	0.00576	0.00604	0.00744	0.00453	0.00437	0.00782	0.01195	0.01479	0.09833	0.23978	0.54031	0.01422	0.00647	0.00190	0.00280	0.01220	0.00505	0.00453
2	0.01130	0.00970	0.01121	0.00818	0.01282	0.00764	0.00653	0.01468	0.06994	0.01788	0.01050	0.01182	0.00861	0.00423	0.00409	0.00087	0.00400	0.00340	0.00336	0.77925
3	0.01648	0.10867	0.07853	0.01152	0.05251	0.01203	0.00956	0.03631	0.27882	0.26395	0.06148	0.01806	0.01490	0.00665	0.00521	0.00166	0.00487	0.00542	0.00508	0.00827
4	0.00853	0.00670	0.00925	0.00846	0.01037	0.00682	0.00662	0.01057	0.00925	0.01372	0.01317	0.01860	0.01205	0.03119	0.59368	0.00667	0.01178	0.00511	0.00295	0.21450
5	0.01250	0.01195	0.02037	0.22420	0.59276	0.01255	0.01608	0.01578	0.01185	0.01658	0.00996	0.01354	0.00817	0.00493	0.00533	0.00164	0.00657	0.00478	0.00259	0.00787
6	0.01238	0.01352	0.02789	0.02088	0.06215	0.01250	0.60414	0.01651	0.01244	0.01722	0.01118	0.01538	0.00882	0.00478	0.00602	0.00169	0.00815	0.02792	0.00284	0.11360
7	0.01214	0.00887	0.01067	0.00809	0.01221	0.00689	0.00637	0.01430	0.01154	0.11080	0.01352	0.11327	0.01211	0.00594	0.00452	0.00108	0.00394	0.00499	0.00383	0.63494
8	0.01709	0.01018	0.08470	0.00965	0.02621	0.00794	0.00817	0.02003	0.05034	0.41270	0.11108	0.02192	0.01773	0.10911	0.00817	0.00206	0.00469	0.00596	0.00533	0.06693
9	0.02041	0.01504	0.01611	0.01235	0.01665	0.01665	0.01020	0.75997	0.02524	0.03383	0.01289	0.01289	0.00913	0.00644	0.00537	0.00161	0.00591	0.00483	0.00537	0.00913
10	0.26971	0.01118	0.01183	0.01013	0.03724	0.04869	0.00793	0.09198	0.07780	0.35833	0.01537	0.01447	0.01045	0.00607	0.00475	0.00165	0.00485	0.00454	0.00511	0.00792
