[name]
unknown

[dist]
# distance from previous block
# <min> <max>
0	147

[block]
# block no. 0 follows, 48 sequences, length 51
# corresponding to MSA columns:
# 171-187,189-222
name=unknown_A
#
# <colnr> <probs for GDERKNQSTAVLIFYWHMCP>
#	G	D	E	R	K	N	Q	S	T	A	V	L	I	F	Y	W	H	M	C	P
0	0.07487	0.04297	0.01571	0.01243	0.02743	0.03585	0.11325	0.10269	0.11411	0.10746	0.06707	0.01608	0.01238	0.00692	0.00787	0.00175	0.19366	0.02194	0.00388	0.02169
1	0.13643	0.01072	0.01264	0.03459	0.04397	0.01148	0.03643	0.26948	0.07888	0.08957	0.10368	0.05133	0.01530	0.00701	0.00530	0.00162	0.02075	0.02757	0.00458	0.03868
2	0.11216	0.01179	0.01521	0.02587	0.01444	0.06908	0.07639	0.01377	0.02637	0.01437	0.00824	0.02458	0.00758	0.00871	0.04112	0.00220	0.48334	0.00452	0.00257	0.03767
3	0.03307	0.01317	0.01794	0.17552	0.45293	0.11794	0.01380	0.06544	0.01250	0.01659	0.00985	0.03021	0.00823	0.00514	0.00502	0.00155	0.00651	0.00458	0.00274	0.00726
4	0.01074	0.00973	0.01381	0.01342	0.08875	0.01252	0.00990	0.03097	0.00880	0.02705	0.00959	0.01538	0.00932	0.09869	0.14892	0.00345	0.47582	0.00500	0.00260	0.00556
5	0.01330	0.01099	0.01158	0.00996	0.01317	0.03054	0.00781	0.07002	0.54354	0.05726	0.01934	0.01817	0.03855	0.00659	0.00502	0.00157	0.00421	0.00541	0.00488	0.12810
6	0.01917	0.02445	0.01454	0.01322	0.01586	0.79907	0.00991	0.02049	0.01454	0.01256	0.00793	0.00925	0.00661	0.00529	0.00463	0.00132	0.00925	0.00330	0.00264	0.00595
7	0.00969	0.00912	0.01539	0.80734	0.03534	0.01140	0.01425	0.01311	0.01026	0.01311	0.00912	0.01368	0.00684	0.00513	0.00513	0.00171	0.00684	0.00456	0.00228	0.00570
8	0.00625	0.00447	0.00595	0.00714	0.00744	0.00417	0.00476	0.00714	0.00982	0.01310	0.02828	0.81633	0.03394	0.01608	0.00655	0.00208	0.00298	0.01459	0.00476	0.00417
9	0.02177	0.00919	0.01202	0.00935	0.01317	0.00838	0.00767	0.09923	0.03384	0.66616	0.01978	0.04811	0.01320	0.00673	0.00521	0.00161	0.00443	0.00549	0.00614	0.00854
10	0.01890	0.01108	0.01417	0.01325	0.12105	0.01134	0.00946	0.24326	0.07980	0.34994	0.01613	0.03161	0.01134	0.00640	0.00563	0.00161	0.03632	0.00514	0.00518	0.00838
11	0.01034	0.02622	0.77380	0.01480	0.02232	0.01194	0.03792	0.01625	0.01087	0.01625	0.00924	0.01091	0.00653	0.00486	0.00490	0.00163	0.00761	0.00385	0.00218	0.00757
12	0.01169	0.01220	0.01824	0.01490	0.01592	0.04575	0.14483	0.01339	0.00887	0.01308	0.00743	0.01161	0.00692	0.00802	0.01446	0.00212	0.63769	0.00472	0.00232	0.00586
13	0.01951	0.01437	0.01540	0.01181	0.01591	0.01591	0.00975	0.77056	0.02412	0.03234	0.01232	0.01232	0.00873	0.00616	0.00513	0.00154	0.00565	0.00462	0.00513	0.00873
14	0.01064	0.00912	0.01064	0.00760	0.01216	0.00684	0.00608	0.01292	0.01064	0.01672	0.00912	0.01064	0.00760	0.00380	0.00380	0.00076	0.00380	0.00304	0.00304	0.85104
15	0.00733	0.00550	0.00825	0.00825	0.00916	0.00641	0.00641	0.00916	0.00825	0.01191	0.01374	0.02016	0.01283	0.03848	0.79934	0.00825	0.01374	0.00550	0.00275	0.00458
16	0.00625	0.00447	0.00595	0.00714	0.00744	0.00417	0.00476	0.00714	0.00982	0.01310	0.02828	0.81633	0.03394	0.01608	0.00655	0.00208	0.00298	0.01459	0.00476	0.00417
17	0.00628	0.00448	0.00594	0.00710	0.00739	0.00419	0.00472	0.00715	0.00976	0.01301	0.02795	0.79504	0.03352	0.03793	0.00708	0.00216	0.00303	0.01439	0.00472	0.00414
18	0.01211	0.01384	0.03028	0.02163	0.02682	0.01298	0.76903	0.01644	0.01211	0.01644	0.01038	0.01384	0.00779	0.00433	0.00606	0.00173	0.00865	0.00606	0.00260	0.00692
19	0.01123	0.01123	0.01572	0.01347	0.01347	0.01572	0.01123	0.01235	0.00786	0.01235	0.00674	0.01123	0.00674	0.00898	0.01684	0.00225	0.81028	0.00449	0.00225	0.00561
20	0.02302	0.00873	0.01191	0.00913	0.01310	0.00754	0.00754	0.02501	0.01469	0.79122	0.02024	0.01746	0.01270	0.00635	0.00516	0.00159	0.00437	0.00516	0.00635	0.00873
21	0.01102	0.01093	0.01550	0.06959	0.01491	0.01518	0.01132	0.01232	0.00804	0.01239	0.00708	0.01162	0.00690	0.00945	0.03573	0.00236	0.73328	0.00452	0.00226	0.00559
22	0.01917	0.02445	0.01454	0.01322	0.01586	0.79907	0.00991	0.02049	0.01454	0.01256	0.00793	0.00925	0.00661	0.00529	0.00463	0.00132	0.00925	0.00330	0.00264	0.00595
23	0.01064	0.00912	0.01064	0.00760	0.01216	0.00684	0.00608	0.01292	0.01064	0.01672	0.00912	0.01064	0.00760	0.00380	0.00380	0.00076	0.00380	0.00304	0.00304	0.85104
24	0.00726	0.00524	0.00686	0.00646	0.00767	0.00484	0.00484	0.00968	0.01452	0.02058	0.78496	0.03833	0.04841	0.01049	0.00605	0.00161	0.00242	0.00928	0.00565	0.00484
25	0.01431	0.73629	0.02555	0.00926	0.01346	0.10466	0.00890	0.01592	0.01087	0.01212	0.00722	0.00834	0.00659	0.00449	0.00344	0.00112	0.00590	0.00280	0.00224	0.00652
26	0.00891	0.00446	0.00668	0.00668	0.00668	0.00446	0.00446	0.00668	0.00668	0.00891	0.00891	0.01560	0.00891	0.01783	0.02005	0.85071	0.00446	0.00446	0.00223	0.00223
27	0.00734	0.00544	0.00798	0.00798	0.00880	0.00627	0.00608	0.00899	0.00817	0.01171	0.01399	0.02151	0.01341	0.11715	0.72148	0.00792	0.01286	0.00570	0.00279	0.00443
28	0.01101	0.00911	0.01068	0.00765	0.01219	0.00686	0.00612	0.01328	0.01076	0.03983	0.00945	0.01084	0.00775	0.00388	0.00384	0.00078	0.00382	0.00310	0.00314	0.82591
29	0.00891	0.00446	0.00668	0.00668	0.00668	0.00446	0.00446	0.00668	0.00668	0.00891	0.00891	0.01560	0.00891	0.01783	0.02005	0.85071	0.00446	0.00446	0.00223	0.00223
30	0.83595	0.01003	0.00773	0.00687	0.01007	0.01162	0.00566	0.03312	0.00910	0.02324	0.00727	0.00843	0.00563	0.00480	0.00322	0.00159	0.00401	0.00282	0.00322	0.00563
31	0.01096	0.15102	0.61839	0.01420	0.02111	0.01331	0.07050	0.01612	0.01086	0.01560	0.00896	0.01064	0.00660	0.00476	0.00471	0.00155	0.00733	0.00379	0.00220	0.00738
32	0.01037	0.04504	0.77528	0.01449	0.02200	0.01211	0.01872	0.01623	0.01082	0.01615	0.00916	0.01077	0.00650	0.00486	0.00484	0.00161	0.00753	0.00377	0.00217	0.00756
33	0.02302	0.00873	0.01191	0.00913	0.01310	0.00754	0.00754	0.02501	0.01469	0.79122	0.02024	0.01746	0.01270	0.00635	0.00516	0.00159	0.00437	0.00516	0.00635	0.00873
34	0.00746	0.00497	0.00560	0.00560	0.00560	0.00497	0.00311	0.00746	0.00746	0.00995	0.01617	0.03358	0.01865	0.81967	0.02612	0.00497	0.00497	0.00746	0.00311	0.00311
35	0.01713	0.03114	0.26747	0.01310	0.05557	0.01069	0.06048	0.10231	0.01407	0.35457	0.01440	0.01411	0.00960	0.00560	0.00508	0.00159	0.00593	0.00464	0.00435	0.00817
36	0.01156	0.02044	0.45838	0.02030	0.27926	0.02743	0.04699	0.01624	0.01138	0.03222	0.02282	0.01215	0.00794	0.00489	0.00501	0.00159	0.00700	0.00426	0.00246	0.00768
37	0.02294	0.00887	0.01199	0.00919	0.01317	0.00774	0.00759	0.04291	0.01491	0.77300	0.02005	0.01734	0.01261	0.00635	0.00516	0.00159	0.00440	0.00515	0.00632	0.00873
38	0.00959	0.00898	0.01514	0.67190	0.07401	0.01081	0.03080	0.01278	0.01038	0.01340	0.01149	0.07130	0.02621	0.00603	0.00527	0.00173	0.00647	0.00545	0.00253	0.00572
39	0.01409	0.01175	0.03460	0.17354	0.44613	0.03037	0.02941	0.03919	0.01233	0.14183	0.01131	0.01355	0.00856	0.00503	0.00511	0.00157	0.00610	0.00465	0.00318	0.00769
40	0.01015	0.01173	0.11778	0.53739	0.15699	0.01130	0.01475	0.01376	0.01060	0.01418	0.01009	0.03312	0.00818	0.00547	0.00517	0.00169	0.00667	0.02225	0.00242	0.00629
41	0.05594	0.73312	0.03971	0.00898	0.01329	0.05305	0.00886	0.01559	0.01053	0.01272	0.00721	0.00833	0.00653	0.00446	0.00337	0.00114	0.00561	0.00279	0.00226	0.00652
42	0.00866	0.00633	0.00893	0.00996	0.11020	0.00596	0.00652	0.01112	0.01397	0.05239	0.59851	0.03525	0.05814	0.00977	0.00593	0.00164	0.00310	0.04300	0.00521	0.00542
43	0.01064	0.00912	0.01064	0.00760	0.01216	0.00684	0.00608	0.01292	0.01064	0.01672	0.00912	0.01064	0.00760	0.00380	0.00380	0.00076	0.00380	0.00304	0.00304	0.85104
44	0.00606	0.00520	0.00520	0.00520	0.00693	0.00433	0.00390	0.00736	0.01170	0.01386	0.05198	0.04938	0.78558	0.01299	0.00606	0.00173	0.00260	0.01083	0.00476	0.00433
45	0.00746	0.00497	0.00560	0.00560	0.00560	0.00497	0.00311	0.00746	0.00746	0.00995	0.01617	0.03358	0.01865	0.81967	0.02612	0.00497	0.00497	0.00746	0.00311	0.00311
46	0.00627	0.00448	0.00597	0.00713	0.00745	0.00418	0.00476	0.00720	0.00993	0.01327	0.04559	0.79853	0.03427	0.01595	0.00654	0.00207	0.00296	0.01447	0.00478	0.00418
47	0.01951	0.01437	0.01540	0.01181	0.01591	0.01591	0.00975	0.77056	0.02412	0.03234	0.01232	0.01232	0.00873	0.00616	0.00513	0.00154	0.00565	0.00462	0.00513	0.00873
48	0.06638	0.00554	0.00549	0.00541	0.00720	0.00488	0.00409	0.00809	0.01171	0.01504	0.10640	0.04560	0.67239	0.01221	0.00586	0.00171	0.00268	0.01014	0.00472	0.00446
49	0.79595	0.00956	0.00735	0.00661	0.00964	0.01103	0.00542	0.01486	0.00888	0.02275	0.00782	0.00910	0.00610	0.00485	0.00320	0.00156	0.00386	0.00292	0.06305	0.00550
50	0.00819	0.00613	0.00875	0.00850	0.00964	0.00709	0.00665	0.06311	0.00937	0.01336	0.01364	0.01960	0.01254	0.03619	0.74306	0.00777	0.01317	0.00544	0.00292	0.00487

[dist]
# distance from previous block
# <min> <max>
5	19

[block]
# block no. 1 follows, 48 sequences, length 124
# corresponding to MSA columns:
# 248-371
name=unknown_B
#
# <colnr> <probs for GDERKNQSTAVLIFYWHMCP>
#	G	D	E	R	K	N	Q	S	T	A	V	L	I	F	Y	W	H	M	C	P
0	0.00956	0.00478	0.00478	0.00478	0.00598	0.00478	0.00359	0.01196	0.01076	0.01913	0.01674	0.01913	0.01315	0.00598	0.00359	0.00120	0.00239	0.00478	0.84816	0.00478
1	0.01123	0.01123	0.01572	0.01347	0.01347	0.01572	0.01123	0.01235	0.00786	0.01235	0.00674	0.01123	0.00674	0.00898	0.01684	0.00225	0.81028	0.00449	0.00225	0.00561
2	0.00726	0.00524	0.00686	0.00646	0.00767	0.00484	0.00484	0.00968	0.01452	0.02058	0.78496	0.03833	0.04841	0.01049	0.00605	0.00161	0.00242	0.00928	0.00565	0.00484
3	0.00827	0.00591	0.00827	0.00945	0.01063	0.00591	0.00827	0.01063	0.01181	0.01536	0.02717	0.05788	0.02953	0.01417	0.00709	0.00236	0.00472	0.75313	0.00472	0.00472
4	0.01029	0.02654	0.79309	0.01462	0.02221	0.01192	0.01896	0.01625	0.01083	0.01625	0.00921	0.01083	0.00650	0.00487	0.00487	0.00162	0.00758	0.00379	0.00217	0.00758
5	0.02846	0.00536	0.00688	0.00646	0.00772	0.00501	0.00486	0.00982	0.01438	0.02064	0.76553	0.03758	0.04734	0.01035	0.00598	0.00161	0.00246	0.00912	0.00559	0.00486
6	0.01029	0.02654	0.79309	0.01462	0.02221	0.01192	0.01896	0.01625	0.01083	0.01625	0.00921	0.01083	0.00650	0.00487	0.00487	0.00162	0.00758	0.00379	0.00217	0.00758
7	0.01951	0.01437	0.01540	0.01181	0.01591	0.01591	0.00975	0.77056	0.02412	0.03234	0.01232	0.01232	0.00873	0.00616	0.00513	0.00154	0.00565	0.00462	0.00513	0.00873
8	0.00746	0.00497	0.00560	0.00560	0.00560	0.00497	0.00311	0.00746	0.00746	0.00995	0.01617	0.03358	0.01865	0.81967	0.02612	0.00497	0.00497	0.00746	0.00311	0.00311
9	0.01029	0.02654	0.79309	0.01462	0.02221	0.01192	0.01896	0.01625	0.01083	0.01625	0.00921	0.01083	0.00650	0.00487	0.00487	0.00162	0.00758	0.00379	0.00217	0.00758
10	0.01673	0.38554	0.02022	0.01107	0.01465	0.36985	0.00938	0.09097	0.01360	0.01426	0.00800	0.00909	0.00680	0.00497	0.00407	0.00124	0.00720	0.00318	0.00268	0.00651
11	0.01119	0.08681	0.63730	0.01499	0.05141	0.01248	0.05537	0.01648	0.01103	0.04314	0.00951	0.01109	0.00685	0.00485	0.00483	0.00158	0.00730	0.00390	0.00235	0.00753
12	0.15322	0.05242	0.54156	0.01330	0.01968	0.01215	0.06480	0.02903	0.01091	0.04470	0.00930	0.01077	0.00668	0.00488	0.00462	0.00160	0.00682	0.00379	0.00256	0.00722
13	0.00702	0.00524	0.00652	0.00620	0.00752	0.00474	0.00465	0.00921	0.01395	0.01921	0.63554	0.04058	0.19869	0.01100	0.00605	0.00164	0.00246	0.00960	0.00547	0.00474
14	0.02302	0.00873	0.01191	0.00913	0.01310	0.00754	0.00754	0.02501	0.01469	0.79122	0.02024	0.01746	0.01270	0.00635	0.00516	0.00159	0.00437	0.00516	0.00635	0.00873
15	0.01292	0.01310	0.04020	0.03026	0.73423	0.04681	0.01557	0.01597	0.01179	0.01657	0.00956	0.01250	0.00802	0.00461	0.00505	0.00152	0.00627	0.00450	0.00253	0.00802
16	0.00649	0.00470	0.00618	0.00728	0.00780	0.00440	0.00513	0.00759	0.01021	0.01344	0.02996	0.66338	0.09113	0.01560	0.00658	0.00209	0.00316	0.10586	0.00476	0.00425
17	0.00657	0.00490	0.00702	0.00782	0.00835	0.00459	0.03526	0.00767	0.01000	0.01333	0.02752	0.75108	0.03270	0.01553	0.00655	0.00208	0.00328	0.04675	0.00468	0.00430
18	0.01917	0.02445	0.01454	0.01322	0.01586	0.79907	0.00991	0.02049	0.01454	0.01256	0.00793	0.00925	0.00661	0.00529	0.00463	0.00132	0.00925	0.00330	0.00264	0.00595
19	0.01357	0.65506	0.14311	0.00986	0.01466	0.05048	0.01036	0.01587	0.01073	0.02582	0.00770	0.00882	0.00668	0.00453	0.00362	0.00120	0.00594	0.00297	0.00228	0.00675
20	0.08006	0.00587	0.00760	0.00718	0.00784	0.00615	0.00506	0.08108	0.00854	0.01234	0.00909	0.01468	0.00862	0.01562	0.01722	0.69848	0.00453	0.00433	0.00259	0.00313
21	0.00746	0.00497	0.00560	0.00560	0.00560	0.00497	0.00311	0.00746	0.00746	0.00995	0.01617	0.03358	0.01865	0.81967	0.02612	0.00497	0.00497	0.00746	0.00311	0.00311
22	0.00720	0.00524	0.00677	0.00639	0.00763	0.00481	0.00479	0.00956	0.01437	0.02021	0.74519	0.03893	0.08841	0.01063	0.00605	0.00162	0.00243	0.00936	0.00560	0.00481
23	0.01948	0.01522	0.01533	0.01192	0.01591	0.08148	0.00977	0.70776	0.02332	0.03068	0.01195	0.01206	0.00855	0.00609	0.00509	0.00152	0.00595	0.00451	0.00492	0.00849
24	0.00606	0.00520	0.00520	0.00520	0.00693	0.00433	0.00390	0.00736	0.01170	0.01386	0.05198	0.04938	0.78558	0.01299	0.00606	0.00173	0.00260	0.01083	0.00476	0.00433
25	0.01270	0.01219	0.02083	0.03149	0.78767	0.01219	0.01575	0.01575	0.01168	0.01676	0.00965	0.01270	0.00813	0.00457	0.00508	0.00152	0.00610	0.00457	0.00254	0.00813
26	0.00726	0.00524	0.00686	0.00646	0.00767	0.00484	0.00484	0.00968	0.01452	0.02058	0.78496	0.03833	0.04841	0.01049	0.00605	0.00161	0.00242	0.00928	0.00565	0.00484
27	0.01372	0.82276	0.02689	0.00878	0.01317	0.02030	0.00878	0.01536	0.01043	0.01207	0.00713	0.00823	0.00658	0.00439	0.00329	0.00110	0.00549	0.00274	0.00219	0.00658
28	0.00969	0.00912	0.01539	0.80734	0.03534	0.01140	0.01425	0.01311	0.01026	0.01311	0.00912	0.01368	0.00684	0.00513	0.00513	0.00171	0.00684	0.00456	0.00228	0.00570
29	0.01029	0.02654	0.79309	0.01462	0.02221	0.01192	0.01896	0.01625	0.01083	0.01625	0.00921	0.01083	0.00650	0.00487	0.00487	0.00162	0.00758	0.00379	0.00217	0.00758
30	0.01029	0.02654	0.79309	0.01462	0.02221	0.01192	0.01896	0.01625	0.01083	0.01625	0.00921	0.01083	0.00650	0.00487	0.00487	0.00162	0.00758	0.00379	0.00217	0.00758
31	0.00969	0.00901	0.01512	0.78729	0.03461	0.01123	0.01398	0.01308	0.01027	0.01326	0.00931	0.01382	0.00700	0.00515	0.00509	0.00170	0.00673	0.00457	0.02341	0.00568
32	0.01064	0.00912	0.01064	0.00760	0.01216	0.00684	0.00608	0.01292	0.01064	0.01672	0.00912	0.01064	0.00760	0.00380	0.00380	0.00076	0.00380	0.00304	0.00304	0.85104
33	0.01372	0.82276	0.02689	0.00878	0.01317	0.02030	0.00878	0.01536	0.01043	0.01207	0.00713	0.00823	0.00658	0.00439	0.00329	0.00110	0.00549	0.00274	0.00219	0.00658
34	0.00726	0.00524	0.00686	0.00646	0.00767	0.00484	0.00484	0.00968	0.01452	0.02058	0.78496	0.03833	0.04841	0.01049	0.00605	0.00161	0.00242	0.00928	0.00565	0.00484
35	0.01372	0.82276	0.02689	0.00878	0.01317	0.02030	0.00878	0.01536	0.01043	0.01207	0.00713	0.00823	0.00658	0.00439	0.00329	0.00110	0.00549	0.00274	0.00219	0.00658
36	0.01270	0.01217	0.02065	0.03110	0.77303	0.01220	0.01560	0.01596	0.02617	0.01685	0.00986	0.01282	0.00827	0.00462	0.00508	0.00153	0.00606	0.00460	0.00259	0.00813
37	0.00721	0.00524	0.00679	0.00640	0.00764	0.00482	0.00480	0.00959	0.01441	0.02030	0.75501	0.03878	0.07853	0.01059	0.00605	0.00162	0.00243	0.00934	0.00561	0.00482
38	0.00733	0.00550	0.00825	0.00825	0.00916	0.00641	0.00641	0.00916	0.00825	0.01191	0.01374	0.02016	0.01283	0.03848	0.79934	0.00825	0.01374	0.00550	0.00275	0.00458
39	0.00827	0.00591	0.00827	0.00945	0.01063	0.00591	0.00827	0.01063	0.01181	0.01536	0.02717	0.05788	0.02953	0.01417	0.00709	0.00236	0.00472	0.75313	0.00472	0.00472
40	0.01341	0.01135	0.01197	0.01057	0.01359	0.01307	0.00828	0.09898	0.70562	0.02251	0.02006	0.01849	0.01499	0.00688	0.00521	0.00172	0.00421	0.00569	0.00521	0.00818
41	0.00735	0.00541	0.00780	0.00780	0.00856	0.00617	0.00585	0.00887	0.00811	0.01158	0.01415	0.02243	0.01381	0.17059	0.66858	0.00769	0.01226	0.00583	0.00281	0.00433
42	0.00726	0.00524	0.00686	0.00646	0.00767	0.00484	0.00484	0.00968	0.01452	0.02058	0.78496	0.03833	0.04841	0.01049	0.00605	0.00161	0.00242	0.00928	0.00565	0.00484
43	0.01328	0.01392	0.02793	0.02008	0.02510	0.01344	0.64917	0.13548	0.01401	0.01895	0.01069	0.01360	0.00793	0.00461	0.00591	0.00170	0.00818	0.00583	0.00300	0.00721
44	0.02284	0.00902	0.01208	0.00926	0.01324	0.00796	0.00765	0.06251	0.01516	0.75305	0.01984	0.01721	0.01250	0.00634	0.00516	0.00159	0.00443	0.00513	0.00629	0.00873
45	0.00763	0.00557	0.00699	0.00765	0.00839	0.00551	0.00531	0.06960	0.04492	0.01521	0.04592	0.69668	0.03147	0.01473	0.00636	0.00201	0.00323	0.01326	0.00484	0.00473
46	0.00835	0.00717	0.01181	0.01049	0.01183	0.00825	0.10194	0.01042	0.00869	0.01252	0.01256	0.01839	0.01153	0.03099	0.61463	0.00678	0.10054	0.00546	0.00267	0.00499
47	0.82699	0.00998	0.00775	0.00688	0.01008	0.01152	0.00566	0.02854	0.00910	0.03629	0.00746	0.00856	0.00573	0.00481	0.00324	0.00159	0.00401	0.00285	0.00326	0.00567
48	0.77879	0.01022	0.00826	0.02434	0.01089	0.01182	0.00604	0.06825	0.00985	0.02346	0.00755	0.00873	0.00581	0.00487	0.00336	0.00159	0.00415	0.00295	0.00329	0.00578
49	0.85592	0.00992	0.00754	0.00675	0.00992	0.01151	0.00556	0.01508	0.00873	0.02302	0.00714	0.00834	0.00556	0.00476	0.00318	0.00159	0.00397	0.00278	0.00318	0.00556
50	0.85592	0.00992	0.00754	0.00675	0.00992	0.01151	0.00556	0.01508	0.00873	0.02302	0.00714	0.00834	0.00556	0.00476	0.00318	0.00159	0.00397	0.00278	0.00318	0.00556
51	0.00891	0.00446	0.00668	0.00668	0.00668	0.00446	0.00446	0.00668	0.00668	0.00891	0.00891	0.01560	0.00891	0.01783	0.02005	0.85071	0.00446	0.00446	0.00223	0.00223
52	0.01064	0.00912	0.01064	0.00760	0.01216	0.00684	0.00608	0.01292	0.01064	0.01672	0.00912	0.01064	0.00760	0.00380	0.00380	0.00076	0.00380	0.00304	0.00304	0.85104
53	0.00650	0.00464	0.00624	0.00743	0.00784	0.00438	0.00520	0.00758	0.01007	0.01338	0.02814	0.72185	0.03339	0.01584	0.00662	0.00212	0.00319	0.10659	0.00476	0.00424
54	0.01913	0.01446	0.01517	0.01177	0.01577	0.03661	0.00967	0.70995	0.06509	0.03122	0.01267	0.01261	0.00905	0.00618	0.00512	0.00155	0.00566	0.00465	0.00507	0.00862
55	0.01069	0.00600	0.00796	0.00704	0.00885	0.00543	0.00543	0.01302	0.01456	0.18834	0.61849	0.03379	0.04064	0.00959	0.00586	0.00161	0.00284	0.00838	0.00580	0.00569
56	0.00744	0.00496	0.00560	0.00563	0.00564	0.00496	0.00315	0.00745	0.00751	0.01002	0.01643	0.05087	0.01899	0.80192	0.02568	0.00491	0.00493	0.00762	0.00315	0.00313
57	0.00625	0.00447	0.00595	0.00714	0.00744	0.00417	0.00476	0.00714	0.00982	0.01310	0.02828	0.81633	0.03394	0.01608	0.00655	0.00208	0.00298	0.01459	0.00476	0.00417
58	0.01867	0.01395	0.01493	0.01164	0.01559	0.01552	0.00955	0.67797	0.11808	0.03098	0.01339	0.01317	0.00959	0.00626	0.00514	0.00156	0.00545	0.00477	0.00514	0.00865
59	0.01070	0.00917	0.01067	0.00768	0.01219	0.00700	0.00613	0.01330	0.03110	0.01685	0.00943	0.01087	0.00781	0.00388	0.00384	0.00079	0.00381	0.00311	0.00310	0.82858
60	0.01475	0.56945	0.08576	0.01020	0.01454	0.14991	0.00986	0.06797	0.01209	0.01388	0.00779	0.00889	0.00673	0.00470	0.00377	0.00121	0.00630	0.00305	0.00247	0.00670
61	0.00625	0.00447	0.00595	0.00714	0.00744	0.00417	0.00476	0.00714	0.00982	0.01310	0.02828	0.81633	0.03394	0.01608	0.00655	0.00208	0.00298	0.01459	0.00476	0.00417
62	0.01302	0.01281	0.02051	0.03058	0.74884	0.05177	0.01545	0.01599	0.01183	0.01655	0.00956	0.01253	0.00805	0.00461	0.00506	0.00151	0.00625	0.00451	0.00255	0.00802
63	0.01064	0.00912	0.01064	0.00760	0.01216	0.00684	0.00608	0.01292	0.01064	0.01672	0.00912	0.01064	0.00760	0.00380	0.00380	0.00076	0.00380	0.00304	0.00304	0.85104
64	0.00623	0.00456	0.00586	0.00690	0.00738	0.00419	0.00466	0.00717	0.01006	0.01319	0.03123	0.72079	0.12757	0.01569	0.00649	0.00204	0.00293	0.01412	0.00476	0.00419
65	0.00810	0.00579	0.00804	0.00903	0.01019	0.00574	0.00777	0.01044	0.01211	0.01596	0.12159	0.07168	0.03198	0.01376	0.00695	0.00226	0.00440	0.64466	0.00484	0.00473
66	0.81402	0.00986	0.00776	0.00687	0.01008	0.01131	0.00566	0.01558	0.00903	0.06166	0.00780	0.00879	0.00592	0.00484	0.00328	0.00159	0.00399	0.00290	0.00334	0.00572
67	0.85592	0.00992	0.00754	0.00675	0.00992	0.01151	0.00556	0.01508	0.00873	0.02302	0.00714	0.00834	0.00556	0.00476	0.00318	0.00159	0.00397	0.00278	0.00318	0.00556
68	0.01276	0.01102	0.01160	0.01044	0.01334	0.01276	0.00812	0.02727	0.77840	0.02146	0.02088	0.01914	0.01566	0.00696	0.00522	0.00174	0.00406	0.00580	0.00522	0.00812
69	0.00733	0.00550	0.00825	0.00825	0.00916	0.00641	0.00641	0.00916	0.00825	0.01191	0.01374	0.02016	0.01283	0.03848	0.79934	0.00825	0.01374	0.00550	0.00275	0.00458
70	0.00746	0.00497	0.00560	0.00560	0.00560	0.00497	0.00311	0.00746	0.00746	0.00995	0.01617	0.03358	0.01865	0.81967	0.02612	0.00497	0.00497	0.00746	0.00311	0.00311
71	0.01118	0.00910	0.01070	0.00767	0.01220	0.00687	0.00614	0.01345	0.01082	0.05080	0.00961	0.01094	0.00782	0.00391	0.00386	0.00080	0.00382	0.00313	0.00319	0.81397
72	0.01064	0.00912	0.01064	0.00760	0.01216	0.00684	0.00608	0.01292	0.01064	0.01672	0.00912	0.01064	0.00760	0.00380	0.00380	0.00076	0.00380	0.00304	0.00304	0.85104
73	0.01311	0.40040	0.32726	0.01169	0.01710	0.12282	0.01295	0.01641	0.01115	0.01378	0.00806	0.00940	0.00655	0.00470	0.00410	0.00134	0.00683	0.00323	0.00224	0.00689
74	0.01372	0.82276	0.02689	0.00878	0.01317	0.02030	0.00878	0.01536	0.01043	0.01207	0.00713	0.00823	0.00658	0.00439	0.00329	0.00110	0.00549	0.00274	0.00219	0.00658
75	0.01415	0.01485	0.01859	0.02566	0.54991	0.20038	0.01387	0.03016	0.01260	0.01596	0.01017	0.01414	0.00885	0.00525	0.00507	0.00152	0.00677	0.04192	0.00272	0.00745
76	0.00753	0.00575	0.00844	0.00833	0.00914	0.00678	0.00643	0.00921	0.00817	0.01180	0.01356	0.02062	0.01292	0.09001	0.70751	0.00772	0.05322	0.00558	0.00275	0.00453
77	0.85592	0.00992	0.00754	0.00675	0.00992	0.01151	0.00556	0.01508	0.00873	0.02302	0.00714	0.00834	0.00556	0.00476	0.00318	0.00159	0.00397	0.00278	0.00318	0.00556
78	0.00975	0.00918	0.01549	0.79270	0.04954	0.01141	0.01428	0.01316	0.01029	0.01318	0.00913	0.01366	0.00686	0.00512	0.00513	0.00171	0.00683	0.00456	0.00228	0.00575
79	0.01037	0.00887	0.01029	0.00753	0.01183	0.00679	0.00599	0.01285	0.02829	0.01661	0.01194	0.02948	0.04746	0.00459	0.00400	0.00086	0.00373	0.00373	0.00321	0.77156
80	0.85592	0.00992	0.00754	0.00675	0.00992	0.01151	0.00556	0.01508	0.00873	0.02302	0.00714	0.00834	0.00556	0.00476	0.00318	0.00159	0.00397	0.00278	0.00318	0.00556
81	0.00746	0.00497	0.00560	0.00560	0.00560	0.00497	0.00311	0.00746	0.00746	0.00995	0.01617	0.03358	0.01865	0.81967	0.02612	0.00497	0.00497	0.00746	0.00311	0.00311
82	0.01270	0.01219	0.02083	0.03149	0.78767	0.01219	0.01575	0.01575	0.01168	0.01676	0.00965	0.01270	0.00813	0.00457	0.00508	0.00152	0.00610	0.00457	0.00254	0.00813
83	0.01276	0.01102	0.01160	0.01044	0.01334	0.01276	0.00812	0.02727	0.77840	0.02146	0.02088	0.01914	0.01566	0.00696	0.00522	0.00174	0.00406	0.00580	0.00522	0.00812
84	0.00656	0.00513	0.00594	0.00592	0.00728	0.00451	0.00437	0.00826	0.01260	0.01643	0.33915	0.13192	0.40890	0.01235	0.00611	0.00173	0.00257	0.01064	0.00511	0.00451
85	0.00625	0.00448	0.00594	0.00710	0.00743	0.00417	0.00474	0.00715	0.00987	0.01312	0.02886	0.79770	0.05219	0.01600	0.00654	0.00208	0.00297	0.01450	0.00476	0.00417
86	0.02776	0.00969	0.01621	0.65094	0.17039	0.01154	0.01434	0.01363	0.01048	0.01397	0.00917	0.01339	0.00705	0.00502	0.00508	0.00167	0.00665	0.00453	0.00235	0.00613
87	0.01211	0.01159	0.01977	0.18217	0.64156	0.01204	0.01546	0.01524	0.01141	0.01605	0.00955	0.01289	0.00788	0.00468	0.00509	0.00156	0.00624	0.00457	0.00249	0.00766
88	0.00726	0.00524	0.00686	0.00646	0.00767	0.00484	0.00484	0.00968	0.01452	0.02058	0.78496	0.03833	0.04841	0.01049	0.00605	0.00161	0.00242	0.00928	0.00565	0.00484
89	0.01286	0.01298	0.03584	0.06104	0.70357	0.05174	0.01546	0.01589	0.01175	0.01640	0.00953	0.01253	0.00797	0.00464	0.00505	0.00152	0.00631	0.00449	0.00253	0.00791
90	0.01151	0.29520	0.50738	0.01289	0.01931	0.01479	0.04183	0.01596	0.01074	0.01484	0.00855	0.01006	0.00657	0.00469	0.00438	0.00145	0.00691	0.00352	0.00219	0.00722
91	0.02154	0.00908	0.01159	0.00907	0.01276	0.03965	0.00741	0.02354	0.01467	0.69489	0.08376	0.01888	0.01544	0.00665	0.00521	0.00158	0.00440	0.00543	0.00614	0.00829
92	0.00891	0.00446	0.00668	0.00668	0.00668	0.00446	0.00446	0.00668	0.00668	0.00891	0.00891	0.01560	0.00891	0.01783	0.02005	0.85071	0.00446	0.00446	0.00223	0.00223
93	0.01363	0.38465	0.27591	0.01241	0.05543	0.11425	0.01256	0.01674	0.01133	0.04803	0.00862	0.00984	0.00691	0.00476	0.00415	0.00134	0.00663	0.00336	0.00244	0.00700
94	0.01596	0.02698	0.01384	0.01185	0.03970	0.09820	0.00914	0.31195	0.35470	0.02437	0.02938	0.01541	0.01222	0.00642	0.00510	0.00160	0.00529	0.00505	0.00478	0.00804
95	0.01265	0.01231	0.02058	0.07542	0.71170	0.02901	0.03163	0.01571	0.01167	0.01646	0.00960	0.01271	0.00801	0.00461	0.00509	0.00153	0.00626	0.00458	0.00253	0.00792
96	0.01018	0.00959	0.01632	0.65958	0.14065	0.01141	0.03435	0.01355	0.01052	0.01384	0.00939	0.01366	0.00718	0.00505	0.00511	0.00167	0.00669	0.00461	0.02059	0.00606
97	0.01336	0.61895	0.19040	0.01005	0.01510	0.01799	0.01091	0.01595	0.01069	0.04480	0.00811	0.00917	0.00682	0.00457	0.00371	0.00123	0.00589	0.00307	0.00236	0.00689
98	0.01168	0.00699	0.00896	0.00856	0.01060	0.00681	0.00701	0.01549	0.11523	0.18589	0.18214	0.05556	0.07965	0.01071	0.00612	0.00191	0.00390	0.27142	0.00534	0.00604
99	0.00625	0.00448	0.00594	0.00710	0.00743	0.00417	0.00474	0.00715	0.00987	0.01312	0.02880	0.79938	0.05055	0.01601	0.00654	0.00208	0.00297	0.01450	0.00476	0.00417
100	0.00851	0.01172	0.22666	0.10843	0.01521	0.00762	0.00993	0.01188	0.01252	0.02951	0.34258	0.02923	0.13276	0.00862	0.00562	0.00166	0.00451	0.02321	0.00413	0.00570
101	0.01229	0.01416	0.10284	0.10986	0.46194	0.04436	0.14797	0.01583	0.01163	0.01609	0.00961	0.01267	0.00770	0.00465	0.00522	0.00158	0.00691	0.00470	0.00249	0.00751
102	0.09483	0.05377	0.01459	0.01081	0.01473	0.01461	0.00896	0.52536	0.08438	0.10728	0.01312	0.01285	0.00932	0.00603	0.00487	0.00154	0.00522	0.00451	0.00494	0.00828
103	0.85592	0.00992	0.00754	0.00675	0.00992	0.01151	0.00556	0.01508	0.00873	0.02302	0.00714	0.00834	0.00556	0.00476	0.00318	0.00159	0.00397	0.00278	0.00318	0.00556
104	0.01790	0.08122	0.01405	0.01108	0.04446	0.11885	0.00860	0.10889	0.20562	0.28943	0.01709	0.01601	0.03111	0.00627	0.00496	0.00154	0.00522	0.00492	0.00488	0.00788
105	0.00905	0.04813	0.01005	0.00828	0.00949	0.03948	0.06885	0.04527	0.00995	0.01315	0.07464	0.10481	0.01918	0.39017	0.12385	0.00410	0.00632	0.00738	0.00341	0.00442
106	0.01843	0.00793	0.01058	0.00849	0.01169	0.00708	0.00686	0.02111	0.05039	0.55418	0.21974	0.02299	0.02216	0.00746	0.00540	0.00160	0.00384	0.00626	0.00611	0.00769
107	0.00616	0.00520	0.00534	0.00530	0.00699	0.00437	0.00398	0.00756	0.01193	0.01442	0.11334	0.04846	0.72387	0.01279	0.00606	0.00172	0.00258	0.01070	0.00484	0.00437
108	0.01066	0.02404	0.64464	0.01621	0.04056	0.01210	0.14743	0.01627	0.01107	0.01629	0.00942	0.01139	0.00676	0.00477	0.00508	0.00164	0.00773	0.00420	0.00225	0.00748
109	0.01194	0.01507	0.10388	0.02095	0.02637	0.01287	0.69666	0.01642	0.01199	0.01642	0.01027	0.01355	0.00766	0.00438	0.00594	0.00172	0.00855	0.00584	0.00255	0.00698
110	0.00625	0.00447	0.00595	0.00714	0.00744	0.00417	0.00476	0.00714	0.00982	0.01310	0.02828	0.81633	0.03394	0.01608	0.00655	0.00208	0.00298	0.01459	0.00476	0.00417
111	0.01856	0.01263	0.01461	0.10566	0.01761	0.01381	0.00983	0.51579	0.06199	0.15611	0.01373	0.01371	0.00954	0.00611	0.00514	0.00158	0.00549	0.00477	0.00500	0.00834
112	0.01108	0.15391	0.59467	0.01531	0.09460	0.01330	0.01700	0.01606	0.01085	0.01562	0.00892	0.01059	0.00667	0.00477	0.00464	0.00153	0.00710	0.00370	0.00221	0.00747
113	0.02302	0.00873	0.01191	0.00913	0.01310	0.00754	0.00754	0.02501	0.01469	0.79122	0.02024	0.01746	0.01270	0.00635	0.00516	0.00159	0.00437	0.00516	0.00635	0.00873
114	0.00716	0.00525	0.00675	0.00768	0.00832	0.00519	0.00548	0.00936	0.07434	0.01398	0.02689	0.59766	0.03098	0.05545	0.00750	0.00224	0.00343	0.12309	0.00471	0.00453
115	0.02040	0.01294	0.01451	0.01113	0.01520	0.01379	0.00919	0.58177	0.02173	0.22450	0.01433	0.01362	0.00973	0.00621	0.00514	0.00155	0.00532	0.00476	0.00544	0.00873
116	0.02077	0.00912	0.01197	0.00976	0.03177	0.00840	0.00774	0.06412	0.08226	0.62052	0.04931	0.01859	0.02797	0.00663	0.00521	0.00160	0.00434	0.00543	0.00604	0.00844
117	0.01465	0.01182	0.01381	0.01419	0.16178	0.04170	0.00953	0.28653	0.17806	0.04016	0.08582	0.01833	0.05293	0.00672	0.00519	0.00157	0.00493	0.00556	0.03906	0.00765
118	0.02173	0.00981	0.01247	0.00962	0.01353	0.00924	0.00793	0.17234	0.03272	0.60591	0.03726	0.01699	0.01284	0.00643	0.00518	0.00158	0.00457	0.00517	0.00607	0.00862
119	0.11330	0.05252	0.04293	0.03677	0.04506	0.04666	0.00896	0.24649	0.20613	0.02302	0.06626	0.03112	0.01290	0.00633	0.00484	0.00156	0.00498	0.00497	0.00431	0.04090
120	0.01765	0.01333	0.01373	0.01100	0.01449	0.06791	0.00884	0.52612	0.07156	0.07276	0.01434	0.07431	0.01152	0.03584	0.00594	0.00169	0.00545	0.00547	0.00490	0.02314
121	0.04153	0.17205	0.03238	0.05395	0.04761	0.24887	0.16039	0.03337	0.05921	0.01480	0.01020	0.04425	0.00873	0.00624	0.02222	0.00164	0.02876	0.00457	0.00282	0.00643
122	0.01316	0.15959	0.05252	0.04468	0.45945	0.05337	0.07422	0.03540	0.03050	0.01607	0.00948	0.01191	0.00784	0.00468	0.00481	0.00147	0.00637	0.00430	0.00260	0.00757
123	0.00696	0.00504	0.00653	0.00719	0.00790	0.00473	0.00503	0.02728	0.01106	0.01496	0.15240	0.58602	0.05077	0.02902	0.00673	0.00202	0.00307	0.04347	0.00485	0.02497

[dist]
# distance from previous block
# <min> <max>
0	1

[block]
# block no. 2 follows, 48 sequences, length 160
# corresponding to MSA columns:
# 373-532
name=unknown_C
#
# <colnr> <probs for GDERKNQSTAVLIFYWHMCP>
#	G	D	E	R	K	N	Q	S	T	A	V	L	I	F	Y	W	H	M	C	P
0	0.01449	0.03571	0.04342	0.00960	0.01402	0.01097	0.00813	0.28873	0.04400	0.05275	0.01109	0.01177	0.00843	0.00493	0.00442	0.00115	0.00470	0.00382	0.00395	0.42392
1	0.04889	0.48126	0.10222	0.03381	0.01522	0.15810	0.01013	0.04584	0.01170	0.02699	0.00797	0.00921	0.00673	0.00482	0.00407	0.00127	0.01951	0.00315	0.00250	0.00661
2	0.45652	0.13144	0.18846	0.00922	0.01361	0.01297	0.00936	0.04554	0.03700	0.04283	0.00867	0.00968	0.00660	0.00491	0.00378	0.00153	0.00509	0.00325	0.00305	0.00647
3	0.00658	0.00481	0.00618	0.00669	0.00746	0.00442	0.00469	0.00803	0.01163	0.01573	0.28868	0.46635	0.12211	0.01383	0.00633	0.00188	0.00275	0.01236	0.00506	0.00442
4	0.01670	0.01043	0.01200	0.00913	0.01323	0.03636	0.00739	0.15286	0.03313	0.28220	0.01402	0.02650	0.01012	0.00541	0.00461	0.00124	0.00450	0.00431	0.00460	0.35124
5	0.01230	0.05816	0.12650	0.07116	0.04030	0.01184	0.38551	0.01610	0.01208	0.08884	0.09055	0.01588	0.01211	0.00542	0.00588	0.00166	0.03007	0.00564	0.00315	0.00685
6	0.03811	0.04290	0.10167	0.01293	0.03309	0.22385	0.10890	0.03661	0.13198	0.05412	0.10851	0.03169	0.01427	0.00637	0.00551	0.00158	0.03240	0.00523	0.00363	0.00667
7	0.02142	0.00962	0.01229	0.00953	0.01334	0.00907	0.00785	0.16935	0.01618	0.59567	0.01836	0.01661	0.01194	0.00763	0.03778	0.00184	0.00496	0.00506	0.02302	0.00848
8	0.00693	0.00485	0.00637	0.00687	0.00762	0.00448	0.00482	0.00842	0.01169	0.03063	0.30495	0.49467	0.06094	0.01376	0.00633	0.00189	0.00279	0.01236	0.00512	0.00451
9	0.01231	0.12906	0.01987	0.24960	0.10861	0.03301	0.13382	0.06905	0.05405	0.01562	0.00962	0.01257	0.00770	0.00554	0.00661	0.00166	0.11739	0.00457	0.00272	0.00664
10	0.00950	0.00880	0.02580	0.03672	0.15327	0.04449	0.05483	0.04149	0.06273	0.01537	0.02249	0.40525	0.07623	0.01101	0.00591	0.00184	0.00453	0.00997	0.00405	0.00570
11	0.00956	0.00478	0.00478	0.00478	0.00598	0.00478	0.00359	0.01196	0.01076	0.01913	0.01674	0.01913	0.01315	0.00598	0.00359	0.00120	0.00239	0.00478	0.84816	0.00478
12	0.01938	0.00867	0.01127	0.00891	0.01233	0.00797	0.00725	0.09444	0.03559	0.54916	0.16661	0.02102	0.01926	0.00714	0.00533	0.00159	0.00411	0.00592	0.00607	0.00797
13	0.01230	0.15344	0.43596	0.01631	0.14040	0.07084	0.03754	0.04708	0.01175	0.01604	0.00901	0.01073	0.00691	0.00481	0.00468	0.00150	0.00708	0.00381	0.00240	0.00741
14	0.01212	0.01341	0.04354	0.02125	0.11842	0.01294	0.54250	0.03554	0.01194	0.01647	0.01056	0.01488	0.00848	0.00519	0.00693	0.00177	0.08281	0.03163	0.00269	0.00693
15	0.00625	0.00447	0.00595	0.00714	0.00744	0.00417	0.00476	0.00714	0.00982	0.01310	0.02828	0.81633	0.03394	0.01608	0.00655	0.00208	0.00298	0.01459	0.00476	0.00417
16	0.07476	0.01172	0.04001	0.01034	0.01424	0.01160	0.00876	0.31909	0.07589	0.32265	0.01619	0.01637	0.01135	0.00648	0.00509	0.00161	0.00495	0.03528	0.00536	0.00827
17	0.17068	0.03286	0.16286	0.09702	0.14280	0.04088	0.07228	0.13597	0.01311	0.07001	0.01010	0.01175	0.00749	0.00509	0.00473	0.00158	0.00618	0.00417	0.00322	0.00722
18	0.12600	0.01411	0.01417	0.05589	0.01613	0.07240	0.00941	0.54606	0.05110	0.02817	0.01150	0.01193	0.00834	0.00589	0.00485	0.00155	0.00570	0.00433	0.00454	0.00792
19	0.00735	0.00543	0.00788	0.00788	0.00867	0.00622	0.00596	0.00893	0.00814	0.01164	0.01408	0.02200	0.01363	0.14560	0.69332	0.00780	0.01254	0.00577	0.00280	0.00438
20	0.01372	0.82276	0.02689	0.00878	0.01317	0.02030	0.00878	0.01536	0.01043	0.01207	0.00713	0.00823	0.00658	0.00439	0.00329	0.00110	0.00549	0.00274	0.00219	0.00658
21	0.01626	0.01181	0.01349	0.01067	0.04110	0.01162	0.00838	0.39247	0.01778	0.09443	0.01174	0.01217	0.00864	0.00524	0.00463	0.00125	0.00485	0.00407	0.00437	0.32503
22	0.01193	0.01494	0.17813	0.09326	0.48635	0.02732	0.03387	0.01599	0.03819	0.01651	0.02858	0.01320	0.00888	0.00492	0.00509	0.00157	0.00643	0.00458	0.00261	0.00765
23	0.00761	0.00567	0.00693	0.00701	0.00741	0.02469	0.00474	0.00839	0.00821	0.01111	0.01655	0.12899	0.01817	0.42164	0.27999	0.00555	0.02274	0.00757	0.00318	0.00385
24	0.85592	0.00992	0.00754	0.00675	0.00992	0.01151	0.00556	0.01508	0.00873	0.02302	0.00714	0.00834	0.00556	0.00476	0.00318	0.00159	0.00397	0.00278	0.00318	0.00556
25	0.85592	0.00992	0.00754	0.00675	0.00992	0.01151	0.00556	0.01508	0.00873	0.02302	0.00714	0.00834	0.00556	0.00476	0.00318	0.00159	0.00397	0.00278	0.00318	0.00556
26	0.00746	0.00500	0.00571	0.00571	0.00575	0.00504	0.00325	0.00754	0.00750	0.01003	0.01606	0.03299	0.01840	0.78549	0.05996	0.00512	0.00536	0.00738	0.00309	0.00317
27	0.85592	0.00992	0.00754	0.00675	0.00992	0.01151	0.00556	0.01508	0.00873	0.02302	0.00714	0.00834	0.00556	0.00476	0.00318	0.00159	0.00397	0.00278	0.00318	0.00556
28	0.05106	0.01346	0.01438	0.01123	0.01504	0.01488	0.00921	0.67081	0.04096	0.03065	0.03975	0.04045	0.01100	0.00661	0.00514	0.00157	0.00534	0.00508	0.00506	0.00830
29	0.02216	0.00877	0.01184	0.00910	0.01302	0.00764	0.00750	0.03755	0.01456	0.73257	0.01957	0.01721	0.01246	0.00704	0.02433	0.00172	0.00460	0.00509	0.00613	0.03714
30	0.01064	0.00912	0.01064	0.00760	0.01216	0.00684	0.00608	0.01292	0.01064	0.01672	0.00912	0.01064	0.00760	0.00380	0.00380	0.00076	0.00380	0.00304	0.00304	0.85104
31	0.01270	0.01219	0.02083	0.03149	0.78767	0.01219	0.01575	0.01575	0.01168	0.01676	0.00965	0.01270	0.00813	0.00457	0.00508	0.00152	0.00610	0.00457	0.00254	0.00813
32	0.00746	0.00497	0.00560	0.00560	0.00560	0.00497	0.00311	0.00746	0.00746	0.00995	0.01617	0.03358	0.01865	0.81967	0.02612	0.00497	0.00497	0.00746	0.00311	0.00311
33	0.01064	0.00912	0.01064	0.00760	0.01216	0.00684	0.00608	0.01292	0.01064	0.01672	0.00912	0.01064	0.00760	0.00380	0.00380	0.00076	0.00380	0.00304	0.00304	0.85104
34	0.00969	0.00912	0.01539	0.80734	0.03534	0.01140	0.01425	0.01311	0.01026	0.01311	0.00912	0.01368	0.00684	0.00513	0.00513	0.00171	0.00684	0.00456	0.00228	0.00570
35	0.01064	0.00912	0.01064	0.00760	0.01216	0.00684	0.00608	0.01292	0.01064	0.01672	0.00912	0.01064	0.00760	0.00380	0.00380	0.00076	0.00380	0.00304	0.00304	0.85104
36	0.00758	0.00548	0.00708	0.00660	0.00788	0.00513	0.00497	0.02963	0.01478	0.02088	0.76470	0.03765	0.04737	0.01038	0.00603	0.00161	0.00251	0.00916	0.00563	0.00494
37	0.01029	0.02654	0.79309	0.01462	0.02221	0.01192	0.01896	0.01625	0.01083	0.01625	0.00921	0.01083	0.00650	0.00487	0.00487	0.00162	0.00758	0.00379	0.00217	0.00758
38	0.00892	0.08960	0.03157	0.00726	0.00948	0.04158	0.00601	0.01099	0.03044	0.04523	0.12850	0.09607	0.34846	0.01078	0.00566	0.00167	0.00368	0.07808	0.00444	0.04154
39	0.01281	0.01257	0.02138	0.01613	0.01984	0.09644	0.43545	0.01601	0.01189	0.07215	0.01221	0.03761	0.00974	0.00796	0.06849	0.00216	0.03582	0.00569	0.09927	0.00639
40	0.00682	0.00478	0.00616	0.00697	0.00765	0.00439	0.00485	0.00796	0.01063	0.03426	0.08983	0.60928	0.13172	0.01492	0.00643	0.00200	0.00298	0.03911	0.00487	0.00438
41	0.00819	0.00584	0.00812	0.00927	0.01039	0.00583	0.00801	0.01044	0.01163	0.01513	0.02688	0.07919	0.02934	0.03794	0.00763	0.00243	0.00468	0.70973	0.00468	0.00466
42	0.00635	0.00455	0.00602	0.00716	0.00752	0.00425	0.00485	0.00729	0.00991	0.01315	0.02864	0.75266	0.05320	0.03029	0.00691	0.00214	0.00307	0.04314	0.00473	0.00417
43	0.00768	0.00607	0.00956	0.07241	0.01185	0.00703	0.03285	0.00972	0.00854	0.01216	0.01326	0.01943	0.01218	0.03467	0.70917	0.00750	0.01302	0.00544	0.00271	0.00475
44	0.01209	0.02547	0.08143	0.07305	0.11279	0.09157	0.07778	0.04956	0.01077	0.02931	0.00959	0.01321	0.00818	0.01160	0.13345	0.02097	0.22569	0.00461	0.00264	0.00623
45	0.01523	0.01072	0.01227	0.01033	0.02982	0.01167	0.00796	0.43676	0.01746	0.06914	0.01368	0.01789	0.01148	0.16017	0.14857	0.00335	0.00688	0.00532	0.00436	0.00696
46	0.01226	0.01175	0.02004	0.14373	0.67884	0.01208	0.01553	0.01537	0.01148	0.01623	0.00957	0.01284	0.00794	0.00465	0.00509	0.00155	0.00620	0.00457	0.00250	0.00778
47	0.01192	0.01139	0.01941	0.23354	0.59174	0.01199	0.01536	0.01506	0.01131	0.01581	0.00951	0.01295	0.00779	0.00472	0.00509	0.00157	0.00629	0.00457	0.00247	0.00750
48	0.00819	0.00629	0.00814	0.00846	0.00911	0.00677	0.00617	0.07909	0.01099	0.01489	0.02407	0.61063	0.02803	0.01419	0.00772	0.00206	0.10372	0.04221	0.00448	0.00479
49	0.07507	0.07599	0.32270	0.04547	0.10120	0.01049	0.01287	0.01380	0.01084	0.01602	0.04979	0.08248	0.01426	0.00768	0.00557	0.02398	0.00584	0.11654	0.00304	0.00637
50	0.01117	0.14414	0.57762	0.01452	0.02126	0.02769	0.10246	0.01622	0.01099	0.01558	0.00901	0.01076	0.00666	0.00475	0.00477	0.00155	0.00742	0.00388	0.00223	0.00733
51	0.01758	0.04025	0.01387	0.01081	0.01431	0.06696	0.03799	0.22292	0.21517	0.23741	0.01670	0.03682	0.01228	0.02610	0.00564	0.00168	0.00515	0.00531	0.00506	0.00798
52	0.68993	0.01138	0.07177	0.05515	0.03984	0.01159	0.02546	0.01512	0.00917	0.02153	0.00759	0.00913	0.00585	0.00478	0.00356	0.00160	0.00461	0.00310	0.00301	0.00585
53	0.01266	0.01264	0.03512	0.08296	0.61391	0.03578	0.06307	0.03341	0.01198	0.01669	0.01005	0.01370	0.00843	0.00487	0.00517	0.00156	0.00639	0.02124	0.00263	0.00774
54	0.03300	0.03659	0.16347	0.01109	0.01511	0.01096	0.05823	0.17561	0.11377	0.05191	0.06390	0.11177	0.01495	0.00717	0.00517	0.00158	0.00517	0.01857	0.00409	0.09788
55	0.20336	0.11348	0.01533	0.02587	0.01469	0.06445	0.03830	0.31878	0.04193	0.06029	0.01050	0.01124	0.00787	0.00566	0.00507	0.00154	0.04642	0.00401	0.00394	0.00728
56	0.08131	0.03745	0.54537	0.03210	0.01945	0.02972	0.03001	0.01585	0.01086	0.05563	0.02311	0.04464	0.00882	0.00679	0.03579	0.00188	0.00709	0.00440	0.00267	0.00706
57	0.04040	0.00943	0.01223	0.00940	0.01337	0.00862	0.00776	0.11375	0.01568	0.68426	0.01902	0.01666	0.01207	0.00629	0.00511	0.00158	0.00451	0.00504	0.00614	0.00866
58	0.01389	0.14065	0.05579	0.04261	0.29741	0.17573	0.09206	0.03040	0.04204	0.01531	0.00978	0.02876	0.00826	0.00514	0.00506	0.00148	0.02143	0.00441	0.00268	0.00710
59	0.04143	0.06406	0.34467	0.03128	0.16663	0.21467	0.03462	0.01711	0.01188	0.01535	0.00882	0.01069	0.00685	0.00488	0.00475	0.00150	0.00751	0.00380	0.00241	0.00710
60	0.10709	0.07034	0.03945	0.00888	0.01201	0.05606	0.00749	0.10590	0.05526	0.21006	0.08794	0.02153	0.14050	0.00823	0.02452	0.00174	0.02584	0.00582	0.00461	0.00674
61	0.00890	0.00771	0.01297	0.02398	0.07218	0.00748	0.16332	0.04358	0.01141	0.01533	0.03962	0.40323	0.02453	0.02792	0.00671	0.00203	0.00482	0.11483	0.00411	0.00533
62	0.02990	0.09776	0.09385	0.04120	0.39751	0.05376	0.09476	0.09889	0.01294	0.01773	0.00957	0.01191	0.00769	0.00478	0.00493	0.00151	0.00654	0.00437	0.00277	0.00764
63	0.00838	0.00620	0.00895	0.01006	0.02752	0.00615	0.02618	0.01076	0.01181	0.01536	0.02726	0.05558	0.05486	0.01370	0.00698	0.00231	0.00477	0.69370	0.00463	0.00484
64	0.00944	0.00574	0.00747	0.00676	0.00839	0.00519	0.00517	0.01172	0.01436	0.13035	0.62740	0.03607	0.09178	0.01006	0.00593	0.00162	0.00271	0.00879	0.00569	0.00536
