[name]
unknown

[dist]
# distance from previous block
# <min> <max>
39	149

[block]
# block no. 0 follows, 44 sequences, length 18
# corresponding to MSA columns:
# 212-229
name=unknown_A
#
# <colnr> <probs for GDERKNQSTAVLIFYWHMCP>
#	G	D	E	R	K	N	Q	S	T	A	V	L	I	F	Y	W	H	M	C	P
0	0.10929	0.08860	0.25101	0.09060	0.04533	0.01199	0.04499	0.01611	0.04133	0.05929	0.09158	0.04700	0.03905	0.00680	0.00562	0.00173	0.03379	0.00550	0.00343	0.00696
1	0.06178	0.11111	0.25616	0.01384	0.07400	0.05366	0.01300	0.10720	0.05022	0.06026	0.01208	0.01531	0.00977	0.02151	0.00600	0.00173	0.04030	0.04447	0.00342	0.04419
2	0.11073	0.04614	0.16899	0.09081	0.08342	0.01166	0.01168	0.12347	0.03354	0.05651	0.04731	0.05749	0.03117	0.00739	0.00534	0.00177	0.00570	0.06850	0.03126	0.00712
3	0.05228	0.13616	0.19367	0.14451	0.06080	0.06109	0.01276	0.11667	0.04897	0.01852	0.02317	0.01426	0.02203	0.02359	0.03313	0.00194	0.00688	0.00456	0.01780	0.00721
4	0.09543	0.07603	0.22045	0.07115	0.07100	0.04284	0.02827	0.07695	0.08081	0.01861	0.01342	0.06256	0.03166	0.02863	0.00614	0.00180	0.03273	0.00527	0.00333	0.03295
5	0.07516	0.01402	0.06747	0.02475	0.01504	0.12417	0.04164	0.12340	0.10890	0.04023	0.04581	0.03845	0.07494	0.00702	0.00561	0.00159	0.03373	0.00552	0.02743	0.12513
6	0.07445	0.02889	0.01500	0.12562	0.06603	0.11054	0.01054	0.21525	0.19478	0.08300	0.01419	0.01470	0.01047	0.00625	0.00523	0.00168	0.00606	0.00489	0.00444	0.00797
7	0.06154	0.02417	0.59861	0.01451	0.02160	0.01238	0.04378	0.01818	0.06436	0.04259	0.01094	0.01230	0.00784	0.00531	0.00511	0.00170	0.00734	0.00422	0.00279	0.04073
8	0.01270	0.01077	0.01181	0.01127	0.03995	0.01211	0.00845	0.05787	0.56555	0.02170	0.02464	0.07039	0.07457	0.00871	0.00579	0.00189	0.00432	0.04425	0.00535	0.00793
9	0.00844	0.00677	0.00936	0.19142	0.01524	0.00739	0.00763	0.01122	0.06735	0.01513	0.08265	0.35393	0.06329	0.08099	0.00843	0.00228	0.02526	0.01044	0.02765	0.00515
10	0.00689	0.00492	0.00662	0.00788	0.00831	0.00465	0.00550	0.00803	0.01069	0.01420	0.02991	0.71716	0.03551	0.01684	0.00703	0.00225	0.00338	0.10069	0.00506	0.00450
11	0.00870	0.00719	0.00952	0.00935	0.01019	0.03752	0.00723	0.01041	0.00931	0.01320	0.01584	0.13621	0.01591	0.03085	0.51687	0.00644	0.11044	0.00703	0.03279	0.00500
12	0.02072	0.01527	0.01636	0.01254	0.01691	0.01691	0.01036	0.75622	0.02563	0.03436	0.01309	0.01309	0.00927	0.00654	0.00545	0.00164	0.00600	0.00491	0.00545	0.00927
13	0.00764	0.00530	0.00641	0.00650	0.00708	0.00510	0.00427	0.00872	0.01083	0.01488	0.23237	0.16332	0.07488	0.36347	0.03729	0.00355	0.00420	0.00977	0.03023	0.00418
14	0.02149	0.01392	0.01461	0.01155	0.01561	0.09219	0.00939	0.36072	0.07755	0.30109	0.01636	0.01529	0.01114	0.00659	0.00542	0.00165	0.00577	0.00507	0.00566	0.00892
15	0.01130	0.00969	0.01130	0.00807	0.01292	0.00727	0.00646	0.01373	0.01130	0.01776	0.00969	0.01130	0.00807	0.00404	0.00404	0.00081	0.00404	0.00323	0.00323	0.84173
16	0.00728	0.00506	0.00658	0.00729	0.00768	0.00505	0.00488	0.00824	0.00962	0.01321	0.02398	0.46271	0.02763	0.20524	0.13927	0.00396	0.00550	0.01169	0.04083	0.00427
17	0.01100	0.00936	0.01097	0.00804	0.01259	0.00708	0.00637	0.01332	0.01125	0.01751	0.01104	0.06390	0.00993	0.00490	0.00423	0.00090	0.00398	0.00404	0.00335	0.78623

[dist]
# distance from previous block
# <min> <max>
2	5

[block]
# block no. 1 follows, 44 sequences, length 152
# corresponding to MSA columns:
# 235-386
name=unknown_B
#
# <colnr> <probs for GDERKNQSTAVLIFYWHMCP>
#	G	D	E	R	K	N	Q	S	T	A	V	L	I	F	Y	W	H	M	C	P
0	0.10328	0.00940	0.01221	0.00946	0.01359	0.00842	0.00781	0.02556	0.01500	0.70594	0.02017	0.01763	0.01277	0.00659	0.00528	0.00169	0.00460	0.00524	0.00642	0.00895
1	0.01824	0.00895	0.01132	0.00959	0.01271	0.00859	0.00755	0.06784	0.13383	0.42921	0.02313	0.20656	0.01913	0.00931	0.00584	0.00184	0.00432	0.00795	0.00607	0.00801
2	0.00663	0.00478	0.00629	0.00750	0.00788	0.00444	0.00502	0.00760	0.01052	0.01395	0.03114	0.77236	0.06784	0.01694	0.00694	0.00220	0.00315	0.01533	0.00506	0.00444
3	0.01130	0.00969	0.01130	0.00807	0.01292	0.00727	0.00646	0.01373	0.01130	0.01776	0.00969	0.01130	0.00807	0.00404	0.00404	0.00081	0.00404	0.00323	0.00323	0.84173
4	0.84691	0.01054	0.00801	0.00717	0.01054	0.01223	0.00590	0.01603	0.00928	0.02446	0.00759	0.00886	0.00590	0.00506	0.00337	0.00169	0.00422	0.00295	0.00337	0.00590
5	0.10510	0.02851	0.01275	0.00958	0.01374	0.00919	0.00795	0.06181	0.01538	0.64872	0.01939	0.01710	0.01238	0.00652	0.00523	0.00167	0.00469	0.00514	0.00625	0.00889
6	0.44461	0.01753	0.31633	0.01075	0.01604	0.01217	0.01177	0.01745	0.02744	0.06763	0.00964	0.01076	0.00701	0.00526	0.00427	0.00171	0.00578	0.00361	0.00320	0.00703
7	0.01510	0.01000	0.01145	0.00965	0.01304	0.01016	0.00763	0.03778	0.35795	0.20639	0.07359	0.02263	0.07918	0.00757	0.00547	0.00166	0.00415	0.00629	0.00553	0.11478
8	0.00832	0.00570	0.00720	0.00684	0.00830	0.00515	0.00512	0.01054	0.01456	0.06066	0.55462	0.09811	0.17076	0.01180	0.00642	0.00177	0.00276	0.01032	0.00581	0.00522
9	0.04534	0.01074	0.01556	0.47991	0.08196	0.01269	0.01309	0.07224	0.15700	0.03911	0.01263	0.01536	0.00943	0.00588	0.00538	0.00179	0.00636	0.00505	0.00342	0.00705
10	0.02071	0.01511	0.06732	0.01225	0.01684	0.01508	0.01062	0.58011	0.02294	0.16184	0.01432	0.01393	0.00984	0.00649	0.00544	0.00165	0.00590	0.00495	0.00546	0.00919
11	0.00928	0.00566	0.00743	0.00749	0.00873	0.00515	0.00542	0.01098	0.01299	0.11355	0.29784	0.39238	0.07510	0.01347	0.00656	0.00195	0.00312	0.01200	0.00561	0.00531
12	0.00769	0.00529	0.00592	0.00598	0.00621	0.00516	0.00349	0.00790	0.00857	0.01122	0.02220	0.07611	0.10715	0.67742	0.02426	0.00474	0.00489	0.00872	0.00359	0.00351
13	0.56296	0.03668	0.15011	0.00915	0.01353	0.01222	0.00893	0.03395	0.01079	0.10476	0.00962	0.01048	0.00702	0.00529	0.00398	0.00168	0.00505	0.00347	0.00356	0.00677
14	0.01130	0.00969	0.01130	0.00807	0.01292	0.00727	0.00646	0.01373	0.01130	0.01776	0.00969	0.01130	0.00807	0.00404	0.00404	0.00081	0.00404	0.00323	0.00323	0.84173
15	0.00944	0.00604	0.00690	0.00653	0.00702	0.00605	0.00399	0.04945	0.00956	0.05072	0.04663	0.03379	0.02017	0.69375	0.02459	0.00477	0.00519	0.00772	0.00370	0.00400
16	0.06625	0.00633	0.00783	0.00711	0.00891	0.00591	0.00545	0.01237	0.01483	0.10829	0.58422	0.03684	0.09399	0.01041	0.00612	0.00172	0.00293	0.00900	0.00584	0.00563
17	0.01128	0.09793	0.67389	0.01460	0.02220	0.01319	0.01848	0.01700	0.01146	0.01689	0.00958	0.01125	0.00697	0.00508	0.00497	0.00163	0.00766	0.00389	0.00235	0.04969
18	0.00697	0.00528	0.00648	0.00734	0.00813	0.00496	0.00506	0.00879	0.05134	0.01457	0.03496	0.60340	0.19091	0.01587	0.00677	0.00212	0.00314	0.01415	0.00509	0.00469
19	0.00772	0.00557	0.00729	0.00686	0.00814	0.00514	0.00514	0.01029	0.01543	0.02186	0.77152	0.04072	0.05144	0.01115	0.00643	0.00171	0.00257	0.00986	0.00600	0.00514
20	0.01303	0.01253	0.02154	0.13969	0.65544	0.01285	0.03233	0.01636	0.01221	0.01726	0.01019	0.01366	0.00844	0.00493	0.00543	0.00165	0.00665	0.00489	0.00266	0.00825
21	0.01870	0.01500	0.01517	0.01224	0.01614	0.06797	0.00989	0.50359	0.23121	0.02971	0.01531	0.01489	0.01118	0.00672	0.00544	0.00168	0.00579	0.00516	0.00530	0.00889
22	0.00840	0.00483	0.00669	0.00705	0.00714	0.00474	0.00459	0.00738	0.00820	0.01094	0.01669	0.24760	0.01886	0.14859	0.01822	0.46092	0.00437	0.00837	0.00330	0.00312
23	0.05759	0.18257	0.01780	0.01268	0.01599	0.54513	0.01006	0.06965	0.01497	0.01516	0.00853	0.00979	0.00712	0.00546	0.00460	0.00139	0.00851	0.00346	0.00292	0.00663
24	0.00670	0.00479	0.00638	0.00755	0.00792	0.00447	0.00507	0.00774	0.01071	0.01434	0.06985	0.76383	0.03688	0.01676	0.00693	0.00219	0.00313	0.01520	0.00511	0.00447
25	0.01130	0.00969	0.01130	0.00807	0.01292	0.00727	0.00646	0.01373	0.01130	0.01776	0.00969	0.01130	0.00807	0.00404	0.00404	0.00081	0.00404	0.00323	0.00323	0.84173
26	0.18875	0.48405	0.11795	0.00999	0.01470	0.05944	0.01006	0.03443	0.01134	0.01636	0.00804	0.00928	0.00681	0.00491	0.00381	0.00137	0.00599	0.00314	0.00265	0.00692
27	0.05436	0.00505	0.00713	0.00712	0.00730	0.00513	0.00480	0.00759	0.00729	0.01037	0.00981	0.03320	0.00985	0.01815	0.02003	0.77817	0.00467	0.00487	0.00248	0.00260
28	0.00663	0.00480	0.00627	0.00745	0.00787	0.00444	0.00500	0.00761	0.01057	0.01397	0.03175	0.75401	0.08579	0.01686	0.00692	0.00219	0.00314	0.01523	0.00506	0.00444
29	0.00759	0.00553	0.00715	0.00683	0.00809	0.00508	0.00509	0.01002	0.01501	0.02108	0.69587	0.08233	0.08669	0.01160	0.00646	0.00175	0.00261	0.01024	0.00590	0.00508
30	0.01193	0.01193	0.01670	0.01431	0.01431	0.01670	0.01193	0.01312	0.00835	0.01312	0.00716	0.01193	0.00716	0.00954	0.01789	0.00239	0.79843	0.00477	0.00239	0.00596
31	0.00947	0.00473	0.00710	0.00710	0.00710	0.00473	0.00473	0.00710	0.00710	0.00947	0.00947	0.01657	0.00947	0.01894	0.02131	0.84138	0.00473	0.00473	0.00237	0.00237
32	0.84691	0.01054	0.00801	0.00717	0.01054	0.01223	0.00590	0.01603	0.00928	0.02446	0.00759	0.00886	0.00590	0.00506	0.00337	0.00169	0.00422	0.00295	0.00337	0.00590
33	0.01193	0.01193	0.01670	0.01431	0.01431	0.01670	0.01193	0.01312	0.00835	0.01312	0.00716	0.01193	0.00716	0.00954	0.01789	0.00239	0.79843	0.00477	0.00239	0.00596
34	0.01130	0.00969	0.01130	0.00807	0.01292	0.00727	0.00646	0.01373	0.01130	0.01776	0.00969	0.01130	0.00807	0.00404	0.00404	0.00081	0.00404	0.00323	0.00323	0.84173
35	0.70633	0.01033	0.00881	0.00760	0.01112	0.01151	0.00626	0.01783	0.01036	0.15329	0.00997	0.01051	0.00720	0.00535	0.00373	0.00169	0.00429	0.00338	0.00395	0.00648
36	0.02037	0.02598	0.01545	0.01404	0.01685	0.78652	0.01053	0.02177	0.01545	0.01334	0.00843	0.00983	0.00702	0.00562	0.00492	0.00140	0.00983	0.00351	0.00281	0.00632
37	0.00879	0.00628	0.00879	0.01004	0.01130	0.00628	0.00879	0.01130	0.01255	0.01632	0.02887	0.06150	0.03138	0.01506	0.00753	0.00251	0.00502	0.73770	0.00502	0.00502
38	0.02446	0.00928	0.01265	0.00970	0.01392	0.00801	0.00801	0.02657	0.01560	0.77817	0.02151	0.01856	0.01350	0.00675	0.00548	0.00169	0.00464	0.00548	0.00675	0.00928
39	0.00772	0.00557	0.00729	0.00686	0.00814	0.00514	0.00514	0.01029	0.01543	0.02186	0.77152	0.04072	0.05144	0.01115	0.00643	0.00171	0.00257	0.00986	0.00600	0.00514
40	0.00772	0.00557	0.00729	0.00686	0.00814	0.00514	0.00514	0.01029	0.01543	0.02186	0.77152	0.04072	0.05144	0.01115	0.00643	0.00171	0.00257	0.00986	0.00600	0.00514
41	0.00683	0.00476	0.00626	0.00746	0.00782	0.00446	0.00499	0.00787	0.01049	0.01426	0.02939	0.76274	0.03487	0.01650	0.00679	0.00216	0.00313	0.01494	0.04980	0.00446
42	0.00786	0.00526	0.00597	0.00603	0.00605	0.00524	0.00340	0.00791	0.00806	0.01075	0.01787	0.07696	0.02069	0.76593	0.02663	0.00512	0.00517	0.00833	0.00340	0.00336
43	0.02446	0.00928	0.01265	0.00970	0.01392	0.00801	0.00801	0.02657	0.01560	0.77817	0.02151	0.01856	0.01350	0.00675	0.00548	0.00169	0.00464	0.00548	0.00675	0.00928
44	0.00879	0.00628	0.00879	0.01004	0.01130	0.00628	0.00879	0.01130	0.01255	0.01632	0.02887	0.06150	0.03138	0.01506	0.00753	0.00251	0.00502	0.73770	0.00502	0.00502
45	0.84691	0.01054	0.00801	0.00717	0.01054	0.01223	0.00590	0.01603	0.00928	0.02446	0.00759	0.00886	0.00590	0.00506	0.00337	0.00169	0.00422	0.00295	0.00337	0.00590
46	0.84691	0.01054	0.00801	0.00717	0.01054	0.01223	0.00590	0.01603	0.00928	0.02446	0.00759	0.00886	0.00590	0.00506	0.00337	0.00169	0.00422	0.00295	0.00337	0.00590
47	0.00779	0.00584	0.00876	0.00876	0.00974	0.00681	0.00681	0.00974	0.00876	0.01266	0.01460	0.02142	0.01363	0.04089	0.78680	0.00876	0.01460	0.00584	0.00292	0.00487
48	0.84691	0.01054	0.00801	0.00717	0.01054	0.01223	0.00590	0.01603	0.00928	0.02446	0.00759	0.00886	0.00590	0.00506	0.00337	0.00169	0.00422	0.00295	0.00337	0.00590
49	0.01482	0.01234	0.01304	0.01135	0.01466	0.01415	0.00893	0.15669	0.63478	0.02483	0.02059	0.01907	0.01535	0.00725	0.00553	0.00181	0.00461	0.00594	0.00553	0.00874
50	0.00779	0.00584	0.00876	0.00876	0.00974	0.00681	0.00681	0.00974	0.00876	0.01266	0.01460	0.02142	0.01363	0.04089	0.78680	0.00876	0.01460	0.00584	0.00292	0.00487
51	0.00664	0.00474	0.00633	0.00759	0.00791	0.00443	0.00506	0.00759	0.01044	0.01392	0.03005	0.80485	0.03606	0.01708	0.00696	0.00221	0.00316	0.01550	0.00506	0.00443
52	0.84691	0.01054	0.00801	0.00717	0.01054	0.01223	0.00590	0.01603	0.00928	0.02446	0.00759	0.00886	0.00590	0.00506	0.00337	0.00169	0.00422	0.00295	0.00337	0.00590
53	0.00799	0.00525	0.00611	0.00614	0.00617	0.00526	0.00354	0.00791	0.00796	0.01064	0.01693	0.05444	0.01939	0.71438	0.04622	0.06178	0.00543	0.00786	0.00328	0.00331
54	0.01047	0.01003	0.01742	0.74312	0.03694	0.01223	0.06510	0.01417	0.01103	0.01417	0.00978	0.01455	0.00734	0.00539	0.00552	0.00182	0.00740	0.00495	0.00245	0.00614
55	0.00644	0.00552	0.00552	0.00552	0.00736	0.00460	0.00414	0.00782	0.01243	0.01473	0.05523	0.05247	0.77218	0.01381	0.00644	0.00184	0.00276	0.01151	0.00506	0.00460
56	0.01093	0.01034	0.01750	0.64396	0.18392	0.01228	0.01546	0.01449	0.01120	0.01470	0.00980	0.01433	0.00754	0.00533	0.00544	0.00178	0.00711	0.00485	0.00248	0.00657
57	0.00756	0.00535	0.00703	0.00735	0.00777	0.00561	0.00498	0.00848	0.00885	0.01214	0.01950	0.22344	0.02171	0.33981	0.28981	0.00574	0.00803	0.00909	0.00361	0.00414
58	0.02072	0.01527	0.01636	0.01254	0.01691	0.01691	0.01036	0.75622	0.02563	0.03436	0.01309	0.01309	0.00927	0.00654	0.00545	0.00164	0.00600	0.00491	0.00545	0.00927
59	0.01501	0.65460	0.07064	0.01081	0.03666	0.05446	0.01029	0.06662	0.01232	0.01470	0.00819	0.00938	0.00719	0.00487	0.00385	0.00125	0.00617	0.00320	0.00257	0.00723
60	0.01556	0.67833	0.02634	0.01013	0.01448	0.15140	0.00953	0.01725	0.01182	0.01291	0.00772	0.00893	0.00700	0.00483	0.00374	0.00121	0.00651	0.00302	0.00241	0.00688
61	0.06594	0.00741	0.02538	0.00876	0.04792	0.00653	0.00650	0.01204	0.01354	0.06142	0.37006	0.07584	0.12299	0.01015	0.00593	0.00170	0.00347	0.05277	0.00510	0.09656
62	0.01145	0.09970	0.65863	0.01466	0.02207	0.01355	0.01836	0.01797	0.06235	0.01723	0.01042	0.01185	0.00757	0.00528	0.00505	0.00168	0.00760	0.00407	0.00252	0.00800
63	0.01072	0.02667	0.72794	0.01495	0.02255	0.01215	0.01913	0.01679	0.01178	0.01758	0.06125	0.01348	0.00991	0.00558	0.00526	0.00173	0.00769	0.00442	0.00255	0.00786
64	0.01314	0.01258	0.02130	0.03206	0.73600	0.01254	0.01610	0.01629	0.01241	0.01766	0.01251	0.01544	0.04685	0.00531	0.00545	0.00163	0.00629	0.00519	0.00282	0.00843
65	0.02416	0.00935	0.01264	0.00974	0.01392	0.00817	0.00803	0.02664	0.03645	0.75714	0.02153	0.01861	0.01358	0.00677	0.00548	0.00169	0.00463	0.00550	0.00671	0.00926
66	0.01428	0.01301	0.01995	0.02863	0.61027	0.06314	0.01504	0.01725	0.01277	0.06870	0.01216	0.01679	0.01040	0.00635	0.02003	0.00180	0.00663	0.05144	0.00313	0.00823
67	0.02446	0.00928	0.01265	0.00970	0.01392	0.00801	0.00801	0.02657	0.01560	0.77817	0.02151	0.01856	0.01350	0.00675	0.00548	0.00169	0.00464	0.00548	0.00675	0.00928
68	0.01342	0.01288	0.02200	0.04993	0.75847	0.01294	0.01670	0.01667	0.01238	0.01773	0.01024	0.01352	0.00861	0.00487	0.00540	0.00162	0.00649	0.00486	0.00269	0.00858
69	0.01458	0.81168	0.02857	0.00933	0.01399	0.02157	0.00933	0.01632	0.01108	0.01283	0.00758	0.00875	0.00700	0.00466	0.00350	0.00117	0.00583	0.00292	0.00233	0.00700
70	0.00664	0.00474	0.00633	0.00759	0.00791	0.00443	0.00506	0.00759	0.01044	0.01392	0.03005	0.80485	0.03606	0.01708	0.00696	0.00221	0.00316	0.01550	0.00506	0.00443
71	0.01193	0.01193	0.01670	0.01431	0.01431	0.01670	0.01193	0.01312	0.00835	0.01312	0.00716	0.01193	0.00716	0.00954	0.01789	0.00239	0.79843	0.00477	0.00239	0.00596
72	0.01130	0.00969	0.01130	0.00807	0.01292	0.00727	0.00646	0.01373	0.01130	0.01776	0.00969	0.01130	0.00807	0.00404	0.00404	0.00081	0.00404	0.00323	0.00323	0.84173
73	0.01349	0.01295	0.02213	0.03346	0.77440	0.01295	0.01673	0.01673	0.01241	0.01781	0.01025	0.01349	0.00864	0.00486	0.00540	0.00162	0.00648	0.00486	0.00270	0.00864
74	0.00663	0.00480	0.00627	0.00745	0.00787	0.00444	0.00500	0.00761	0.01057	0.01397	0.03175	0.75401	0.08579	0.01686	0.00692	0.00219	0.00314	0.01523	0.00506	0.00444
75	0.00664	0.00474	0.00633	0.00759	0.00791	0.00443	0.00506	0.00759	0.01044	0.01392	0.03005	0.80485	0.03606	0.01708	0.00696	0.00221	0.00316	0.01550	0.00506	0.00443
76	0.49367	0.01000	0.01001	0.00826	0.01199	0.01042	0.00681	0.02055	0.01200	0.34818	0.01357	0.01302	0.00916	0.00579	0.00428	0.00169	0.00440	0.00404	0.00482	0.00735
77	0.84691	0.01054	0.00801	0.00717	0.01054	0.01223	0.00590	0.01603	0.00928	0.02446	0.00759	0.00886	0.00590	0.00506	0.00337	0.00169	0.00422	0.00295	0.00337	0.00590
78	0.00879	0.00628	0.00879	0.01004	0.01130	0.00628	0.00879	0.01130	0.01255	0.01632	0.02887	0.06150	0.03138	0.01506	0.00753	0.00251	0.00502	0.73770	0.00502	0.00502
79	0.00793	0.00529	0.00595	0.00595	0.00595	0.00529	0.00330	0.00793	0.00793	0.01057	0.01718	0.03568	0.01982	0.80840	0.02775	0.00529	0.00529	0.00793	0.00330	0.00330
80	0.00789	0.00527	0.00596	0.00599	0.00600	0.00526	0.00335	0.00792	0.00799	0.01066	0.01752	0.05610	0.02025	0.78739	0.02720	0.00520	0.00523	0.00813	0.00335	0.00333
81	0.00793	0.00529	0.00595	0.00595	0.00595	0.00529	0.00330	0.00793	0.00793	0.01057	0.01718	0.03568	0.01982	0.80840	0.02775	0.00529	0.00529	0.00793	0.00330	0.00330
82	0.00792	0.00530	0.00602	0.00600	0.00606	0.00528	0.00340	0.00805	0.00833	0.01118	0.05767	0.03595	0.02152	0.76561	0.02660	0.00509	0.00514	0.00803	0.00345	0.00340
83	0.04086	0.00993	0.01277	0.00988	0.01395	0.00918	0.00814	0.12598	0.01684	0.61879	0.06030	0.01878	0.01479	0.00692	0.00548	0.00168	0.00471	0.00558	0.00646	0.00898
84	0.00830	0.00520	0.00693	0.00770	0.00841	0.00480	0.00529	0.00942	0.01111	0.08179	0.06883	0.67876	0.03456	0.03192	0.00722	0.00220	0.00330	0.01416	0.00522	0.00487
85	0.84691	0.01054	0.00801	0.00717	0.01054	0.01223	0.00590	0.01603	0.00928	0.02446	0.00759	0.00886	0.00590	0.00506	0.00337	0.00169	0.00422	0.00295	0.00337	0.00590
86	0.02446	0.00928	0.01265	0.00970	0.01392	0.00801	0.00801	0.02657	0.01560	0.77817	0.02151	0.01856	0.01350	0.00675	0.00548	0.00169	0.00464	0.00548	0.00675	0.00928
87	0.01282	0.01095	0.01169	0.01063	0.01346	0.01253	0.00822	0.02664	0.67619	0.02230	0.07321	0.06098	0.01996	0.00813	0.00568	0.00186	0.00414	0.00688	0.00555	0.00818
88	0.84691	0.01054	0.00801	0.00717	0.01054	0.01223	0.00590	0.01603	0.00928	0.02446	0.00759	0.00886	0.00590	0.00506	0.00337	0.00169	0.00422	0.00295	0.00337	0.00590
89	0.84691	0.01054	0.00801	0.00717	0.01054	0.01223	0.00590	0.01603	0.00928	0.02446	0.00759	0.00886	0.00590	0.00506	0.00337	0.00169	0.00422	0.00295	0.00337	0.00590
90	0.00690	0.00554	0.00615	0.00600	0.00764	0.00479	0.00450	0.00870	0.01349	0.01726	0.30979	0.04829	0.51604	0.01286	0.00644	0.00180	0.00269	0.01092	0.00540	0.00479
91	0.01300	0.01122	0.01179	0.01065	0.01364	0.01285	0.00827	0.02729	0.70491	0.02217	0.02481	0.02289	0.07655	0.00790	0.00562	0.00185	0.00419	0.00659	0.00551	0.00831
92	0.02187	0.01344	0.01523	0.01167	0.01599	0.01418	0.00964	0.53288	0.02256	0.26203	0.01567	0.01476	0.01056	0.00661	0.00546	0.00165	0.00558	0.00508	0.00585	0.00927
93	0.00664	0.00474	0.00633	0.00759	0.00791	0.00443	0.00506	0.00759	0.01044	0.01392	0.03005	0.80485	0.03606	0.01708	0.00696	0.00221	0.00316	0.01550	0.00506	0.00443
94	0.00671	0.00480	0.00639	0.00754	0.00792	0.00448	0.00507	0.00777	0.01078	0.01445	0.08014	0.75322	0.03710	0.01668	0.00692	0.00218	0.00312	0.01512	0.00512	0.00448
95	0.01356	0.01171	0.01233	0.01109	0.01418	0.01356	0.00863	0.02897	0.76455	0.02281	0.02219	0.02034	0.01664	0.00740	0.00555	0.00185	0.00431	0.00616	0.00555	0.00863
96	0.02058	0.01520	0.01628	0.01251	0.01685	0.01684	0.01033	0.74160	0.04048	0.03413	0.01327	0.01323	0.00942	0.00656	0.00546	0.00164	0.00597	0.00493	0.00546	0.00926
97	0.11248	0.67924	0.04092	0.00933	0.01386	0.04221	0.00918	0.01646	0.01100	0.01430	0.00765	0.00885	0.00687	0.00475	0.00356	0.00125	0.00580	0.00296	0.00247	0.00687
98	0.01323	0.01269	0.02166	0.09527	0.71462	0.01289	0.01660	0.01650	0.01229	0.01750	0.01021	0.01358	0.00852	0.00491	0.00540	0.00164	0.00654	0.00486	0.00268	0.00843
99	0.01130	0.00969	0.01130	0.00807	0.01292	0.00727	0.00646	0.01373	0.01130	0.01776	0.00969	0.01130	0.00807	0.00404	0.00404	0.00081	0.00404	0.00323	0.00323	0.84173
100	0.00644	0.00552	0.00552	0.00552	0.00736	0.00460	0.00414	0.00782	0.01243	0.01473	0.05523	0.05247	0.77218	0.01381	0.00644	0.00184	0.00276	0.01151	0.00506	0.00460
101	0.00764	0.00517	0.00603	0.00631	0.00638	0.00510	0.00369	0.00785	0.00848	0.01131	0.02002	0.20525	0.02340	0.63394	0.02316	0.00461	0.00482	0.00960	0.00369	0.00355
102	0.01120	0.08578	0.72492	0.01508	0.02289	0.01332	0.01935	0.01720	0.01148	0.01694	0.00962	0.01131	0.00691	0.00514	0.00506	0.00169	0.00789	0.00395	0.00230	0.00798
103	0.02072	0.01527	0.01636	0.01254	0.01691	0.01691	0.01036	0.75622	0.02563	0.03436	0.01309	0.01309	0.00927	0.00654	0.00545	0.00164	0.00600	0.00491	0.00545	0.00927
104	0.01155	0.00983	0.01143	0.00819	0.01302	0.00751	0.00656	0.03276	0.01167	0.01819	0.00978	0.01135	0.00811	0.00410	0.00407	0.00083	0.00409	0.00327	0.00329	0.82039
105	0.01193	0.01193	0.01670	0.01431	0.01431	0.01670	0.01193	0.01312	0.00835	0.01312	0.00716	0.01193	0.00716	0.00954	0.01789	0.00239	0.79843	0.00477	0.00239	0.00596
106	0.02446	0.00928	0.01265	0.00970	0.01392	0.00801	0.00801	0.02657	0.01560	0.77817	0.02151	0.01856	0.01350	0.00675	0.00548	0.00169	0.00464	0.00548	0.00675	0.00928
107	0.00769	0.00557	0.00725	0.00683	0.00813	0.00513	0.00512	0.01024	0.01537	0.02172	0.75740	0.04096	0.06565	0.01120	0.00643	0.00172	0.00258	0.00989	0.00598	0.00513
108	0.01377	0.01181	0.01244	0.01114	0.01425	0.01366	0.00868	0.04980	0.74338	0.02314	0.02193	0.02013	0.01643	0.00737	0.00554	0.00184	0.00436	0.00613	0.00554	0.00865
109	0.80575	0.01048	0.00825	0.00730	0.01071	0.01202	0.00601	0.01655	0.00959	0.06219	0.00829	0.00934	0.00628	0.00515	0.00348	0.00169	0.00424	0.00308	0.00354	0.00607
110	0.00779	0.00546	0.00655	0.00668	0.00722	0.00528	0.00433	0.02571	0.01077	0.01455	0.18203	0.22783	0.06688	0.38587	0.01652	0.00351	0.00408	0.01032	0.00445	0.00417
111	0.00647	0.00543	0.00562	0.00577	0.00743	0.00458	0.00425	0.00780	0.01219	0.01463	0.05218	0.14368	0.68294	0.01420	0.00651	0.00189	0.00281	0.01199	0.00506	0.00458
112	0.84691	0.01054	0.00801	0.00717	0.01054	0.01223	0.00590	0.01603	0.00928	0.02446	0.00759	0.00886	0.00590	0.00506	0.00337	0.00169	0.00422	0.00295	0.00337	0.00590
113	0.00664	0.00474	0.00633	0.00759	0.00791	0.00443	0.00506	0.00759	0.01044	0.01392	0.03005	0.80485	0.03606	0.01708	0.00696	0.00221	0.00316	0.01550	0.00506	0.00443
114	0.08924	0.01057	0.01241	0.01013	0.01392	0.01074	0.00819	0.07568	0.25612	0.42277	0.02000	0.01795	0.01359	0.00680	0.00533	0.00174	0.00459	0.00545	0.00599	0.00879
115	0.00664	0.00474	0.00633	0.00759	0.00791	0.00443	0.00506	0.00759	0.01044	0.01392	0.03005	0.80485	0.03606	0.01708	0.00696	0.00221	0.00316	0.01550	0.00506	0.00443
116	0.00664	0.00474	0.00633	0.00759	0.00791	0.00443	0.00506	0.00759	0.01044	0.01392	0.03005	0.80485	0.03606	0.01708	0.00696	0.00221	0.00316	0.01550	0.00506	0.00443
117	0.01442	0.01196	0.01268	0.01119	0.01440	0.01372	0.00876	0.09052	0.68482	0.04107	0.02140	0.01969	0.01595	0.00731	0.00554	0.00183	0.00446	0.00604	0.00557	0.00870
118	0.00678	0.00545	0.00605	0.00608	0.00762	0.00472	0.00449	0.00842	0.01297	0.01643	0.23163	0.12898	0.51428	0.01349	0.00649	0.00185	0.00276	0.01152	0.00530	0.00472
119	0.01287	0.01471	0.03217	0.02298	0.02849	0.01379	0.75460	0.01746	0.01287	0.01746	0.01103	0.01471	0.00827	0.00460	0.00643	0.00184	0.00919	0.00643	0.00276	0.00735
120	0.01574	0.01240	0.01326	0.01135	0.01479	0.01404	0.00899	0.19452	0.55873	0.06325	0.02008	0.01860	0.01481	0.00717	0.00552	0.00179	0.00471	0.00584	0.00559	0.00881
121	0.00813	0.00597	0.00658	0.00645	0.00826	0.00527	0.00482	0.01026	0.04788	0.06717	0.10777	0.14697	0.52832	0.01324	0.00640	0.00187	0.00300	0.01124	0.00528	0.00513
122	0.00677	0.00480	0.00641	0.00753	0.00791	0.00448	0.00506	0.00776	0.01071	0.01437	0.07975	0.73808	0.03659	0.01671	0.00720	0.01830	0.00315	0.01491	0.00507	0.00444
123	0.01265	0.01004	0.01172	0.00846	0.01324	0.00796	0.00681	0.06458	0.01250	0.05970	0.01055	0.01181	0.00845	0.00435	0.00421	0.00091	0.00420	0.00346	0.00357	0.74081
124	0.01754	0.01207	0.01391	0.01232	0.05809	0.01302	0.00932	0.24778	0.31205	0.17280	0.05806	0.01847	0.01517	0.00706	0.00554	0.00173	0.00492	0.00577	0.00561	0.00877
125	0.00800	0.00623	0.00911	0.04832	0.01126	0.00611	0.05649	0.04876	0.01144	0.01525	0.02683	0.66941	0.03130	0.01509	0.00677	0.00214	0.00393	0.01378	0.00479	0.00497
126	0.00793	0.00529	0.00595	0.00595	0.00595	0.00529	0.00330	0.00793	0.00793	0.01057	0.01718	0.03568	0.01982	0.80840	0.02775	0.00529	0.00529	0.00793	0.00330	0.00330
127	0.01142	0.02507	0.61559	0.01822	0.10003	0.01282	0.10618	0.01723	0.01176	0.01734	0.00998	0.01209	0.00724	0.00508	0.00535	0.00173	0.00803	0.00440	0.00240	0.00803
128	0.56959	0.09162	0.12193	0.00892	0.01314	0.03150	0.00855	0.01708	0.01035	0.07294	0.00887	0.00991	0.00670	0.00517	0.00383	0.00163	0.00509	0.00329	0.00333	0.00656
129	0.01928	0.02366	0.01653	0.01710	0.13736	0.64542	0.01152	0.03818	0.01521	0.01455	0.00883	0.01049	0.00733	0.00552	0.00500	0.00144	0.00921	0.00376	0.00285	0.00676
130	0.01168	0.00991	0.01151	0.00825	0.01308	0.00765	0.00662	0.04358	0.01188	0.01843	0.00983	0.01138	0.00812	0.00414	0.00409	0.00084	0.00412	0.00330	0.00332	0.80826
131	0.64998	0.08529	0.09012	0.00846	0.01248	0.01332	0.00788	0.04743	0.01036	0.02308	0.00805	0.00930	0.00625	0.00510	0.00366	0.00164	0.00484	0.00314	0.00326	0.00637
132	0.00675	0.00485	0.00644	0.00767	0.00808	0.00453	0.00524	0.00780	0.01061	0.01407	0.03068	0.74287	0.05629	0.01688	0.00698	0.00222	0.00325	0.05525	0.00506	0.00447
133	0.01030	0.00969	0.01635	0.79530	0.03755	0.01211	0.01514	0.01393	0.01090	0.01393	0.00969	0.01453	0.00727	0.00545	0.00545	0.00182	0.00727	0.00484	0.00242	0.00606
134	0.07716	0.02150	0.01445	0.01293	0.01593	0.53627	0.00989	0.09194	0.11929	0.01749	0.01113	0.01259	0.00899	0.00611	0.00500	0.00153	0.00821	0.01919	0.00352	0.00686
135	0.00958	0.00626	0.00807	0.00736	0.00902	0.00589	0.00561	0.01284	0.05826	0.09109	0.66010	0.03753	0.04598	0.01053	0.00629	0.00172	0.00286	0.00925	0.00604	0.00572
136	0.01193	0.01193	0.01670	0.01431	0.01431	0.01670	0.01193	0.01312	0.00835	0.01312	0.00716	0.01193	0.00716	0.00954	0.01789	0.00239	0.79843	0.00477	0.00239	0.00596
137	0.75387	0.01040	0.00854	0.00746	0.01092	0.01175	0.00614	0.01722	0.00999	0.10973	0.00917	0.00995	0.00676	0.00525	0.00361	0.00169	0.00426	0.00324	0.00376	0.00629
138	0.00788	0.00631	0.00674	0.00688	0.00849	0.00538	0.00496	0.00893	0.01305	0.01629	0.10795	0.18483	0.57195	0.01482	0.00703	0.00212	0.00327	0.01234	0.00551	0.00527
139	0.00664	0.00474	0.00633	0.00759	0.00791	0.00443	0.00506	0.00759	0.01044	0.01392	0.03005	0.80485	0.03606	0.01708	0.00696	0.00221	0.00316	0.01550	0.00506	0.00443
140	0.84691	0.01054	0.00801	0.00717	0.01054	0.01223	0.00590	0.01603	0.00928	0.02446	0.00759	0.00886	0.00590	0.00506	0.00337	0.00169	0.00422	0.00295	0.00337	0.00590
141	0.03950	0.01463	0.01557	0.01220	0.01635	0.01630	0.01000	0.63164	0.13377	0.03242	0.01429	0.01405	0.01027	0.00663	0.00542	0.00167	0.00571	0.00505	0.00542	0.00910
142	0.69054	0.01144	0.00959	0.00819	0.01175	0.01312	0.00675	0.15612	0.01237	0.02633	0.00863	0.00966	0.00654	0.00534	0.00377	0.00168	0.00455	0.00332	0.00377	0.00654
143	0.00644	0.00552	0.00552	0.00552	0.00736	0.00460	0.00414	0.00782	0.01243	0.01473	0.05523	0.05247	0.77218	0.01381	0.00644	0.00184	0.00276	0.01151	0.00506	0.00460
144	0.00879	0.00628	0.00879	0.01004	0.01130	0.00628	0.00879	0.01130	0.01255	0.01632	0.02887	0.06150	0.03138	0.01506	0.00753	0.00251	0.00502	0.73770	0.00502	0.00502
145	0.06012	0.01094	0.01198	0.01039	0.01367	0.01201	0.00820	0.04406	0.51717	0.16134	0.05833	0.02007	0.01689	0.00725	0.00543	0.00178	0.00432	0.00597	0.00563	0.02445
146	0.00663	0.00478	0.00629	0.00749	0.00788	0.00444	0.00501	0.00760	0.01054	0.01396	0.03131	0.76719	0.07290	0.01692	0.00693	0.00220	0.00314	0.01530	0.00506	0.00444
147	0.00793	0.00529	0.00595	0.00595	0.00595	0.00529	0.00330	0.00793	0.00793	0.01057	0.01718	0.03568	0.01982	0.80840	0.02775	0.00529	0.00529	0.00793	0.00330	0.00330
148	0.00674	0.00482	0.00642	0.00752	0.00793	0.00450	0.00507	0.00785	0.01091	0.01467	0.10070	0.73204	0.03752	0.01651	0.00691	0.00217	0.00311	0.01496	0.00515	0.00450
149	0.00725	0.00546	0.00663	0.00653	0.00781	0.00492	0.00478	0.00921	0.01374	0.01854	0.45893	0.12843	0.25048	0.04398	0.00733	0.00195	0.00280	0.01087	0.00553	0.00484
150	0.01193	0.01193	0.01670	0.01431	0.01431	0.01670	0.01193	0.01312	0.00835	0.01312	0.00716	0.01193	0.00716	0.00954	0.01789	0.00239	0.79843	0.00477	0.00239	0.00596
151	0.04356	0.00994	0.01299	0.01025	0.01427	0.00865	0.00823	0.02589	0.01583	0.70338	0.03536	0.02095	0.01529	0.03921	0.00684	0.00205	0.00503	0.00597	0.00686	0.00946

[dist]
# distance from previous block
# <min> <max>
0	1

[block]
# block no. 2 follows, 44 sequences, length 8
# corresponding to MSA columns:
# 388-395
name=unknown_C
#
# <colnr> <probs for GDERKNQSTAVLIFYWHMCP>
#	G	D	E	R	K	N	Q	S	T	A	V	L	I	F	Y	W	H	M	C	P
0	0.00706	0.00492	0.00620	0.00706	0.00727	0.00471	0.00449	0.00770	0.00962	0.01283	0.02587	0.55543	0.03079	0.27368	0.01370	0.00321	0.00385	0.01304	0.00449	0.00406
1	0.84691	0.01054	0.00801	0.00717	0.01054	0.01223	0.00590	0.01603	0.00928	0.02446	0.00759	0.00886	0.00590	0.00506	0.00337	0.00169	0.00422	0.00295	0.00337	0.00590
2	0.00664	0.00474	0.00633	0.00759	0.00791	0.00443	0.00506	0.00759	0.01044	0.01392	0.03005	0.80485	0.03606	0.01708	0.00696	0.00221	0.00316	0.01550	0.00506	0.00443
3	0.01287	0.01471	0.03217	0.02298	0.02849	0.01379	0.75460	0.01746	0.01287	0.01746	0.01103	0.01471	0.00827	0.00460	0.00643	0.00184	0.00919	0.00643	0.00276	0.00735
4	0.00664	0.00474	0.00633	0.00759	0.00791	0.00443	0.00506	0.00759	0.01044	0.01392	0.03005	0.80485	0.03606	0.01708	0.00696	0.00221	0.00316	0.01550	0.00506	0.00443
5	0.77866	0.01044	0.00840	0.00738	0.01082	0.01188	0.00608	0.01690	0.00980	0.08700	0.00875	0.00966	0.00653	0.00520	0.00355	0.00169	0.00425	0.00316	0.00365	0.00618
6	0.00675	0.00486	0.00623	0.00728	0.00768	0.00452	0.00482	0.00764	0.01035	0.01366	0.03077	0.67431	0.09112	0.09161	0.00888	0.00248	0.00333	0.01448	0.00489	0.00434
7	0.02072	0.01527	0.01636	0.01254	0.01691	0.01691	0.01036	0.75622	0.02563	0.03436	0.01309	0.01309	0.00927	0.00654	0.00545	0.00164	0.00600	0.00491	0.00545	0.00927

[dist]
# distance from previous block
# <min> <max>
0	1

# created by:
# /st0/software/busco_prod/Augustus/scripts/msa2prfl.pl ./align_prep/170532.fa
