[name]
unknown

[dist]
# distance from previous block
# <min> <max>
0	30

[block]
# block no. 0 follows, 45 sequences, length 19
# corresponding to MSA columns:
# 30-48
name=unknown_A
#
# <colnr> <probs for GDERKNQSTAVLIFYWHMCP>
#	G	D	E	R	K	N	Q	S	T	A	V	L	I	F	Y	W	H	M	C	P
0	0.00964	0.00661	0.00921	0.00991	0.01125	0.00677	0.00857	0.01202	0.01247	0.06000	0.07046	0.05428	0.02974	0.01384	0.00779	0.00237	0.04820	0.61668	0.00496	0.00524
1	0.00654	0.00467	0.00623	0.00747	0.00779	0.00436	0.00498	0.00747	0.01028	0.01370	0.02959	0.80785	0.03550	0.01682	0.00685	0.00218	0.00311	0.01526	0.00498	0.00436
2	0.01427	0.01188	0.01526	0.08470	0.18257	0.04129	0.01112	0.05116	0.27870	0.09442	0.03296	0.01649	0.01241	0.00666	0.00680	0.00176	0.09913	0.00531	0.00418	0.02894
3	0.84927	0.01038	0.00789	0.00706	0.01038	0.01204	0.00581	0.01578	0.00914	0.02408	0.00747	0.00872	0.00581	0.00498	0.00332	0.00166	0.00415	0.00291	0.00332	0.00581
4	0.01041	0.00972	0.01619	0.63255	0.05305	0.01207	0.03266	0.01343	0.01036	0.01358	0.00932	0.01413	0.00732	0.00648	0.00753	0.04773	0.09044	0.00480	0.00239	0.00586
5	0.01182	0.07346	0.68972	0.01457	0.02207	0.01270	0.01844	0.01752	0.01156	0.06514	0.01023	0.01161	0.00722	0.00517	0.00502	0.00166	0.00759	0.00399	0.00255	0.00795
6	0.02041	0.01504	0.01611	0.01235	0.01665	0.01665	0.01020	0.75997	0.02524	0.03383	0.01289	0.01289	0.00913	0.00644	0.00537	0.00161	0.00591	0.00483	0.00537	0.00913
7	0.00654	0.00467	0.00623	0.00747	0.00779	0.00436	0.00498	0.00747	0.01028	0.01370	0.02959	0.80785	0.03550	0.01682	0.00685	0.00218	0.00311	0.01526	0.00498	0.00436
8	0.00898	0.00733	0.00859	0.03826	0.05189	0.02864	0.00637	0.03508	0.07707	0.03339	0.20844	0.16840	0.28384	0.01161	0.00617	0.00181	0.00357	0.01002	0.00500	0.00552
9	0.01034	0.00967	0.01585	0.74860	0.03551	0.01202	0.01450	0.01465	0.05868	0.01427	0.01032	0.01467	0.00774	0.00549	0.00537	0.00179	0.00697	0.00485	0.00258	0.00612
10	0.00657	0.00473	0.00623	0.00738	0.00777	0.00439	0.00495	0.00756	0.01050	0.01397	0.05343	0.75595	0.06366	0.01652	0.00682	0.00215	0.00308	0.01494	0.00501	0.00439
11	0.00673	0.00545	0.00597	0.00584	0.00749	0.00469	0.00438	0.00844	0.01314	0.01664	0.27427	0.04813	0.55446	0.01280	0.00634	0.00177	0.00266	0.01083	0.00527	0.00469
12	0.84927	0.01038	0.00789	0.00706	0.01038	0.01204	0.00581	0.01578	0.00914	0.02408	0.00747	0.00872	0.00581	0.00498	0.00332	0.00166	0.00415	0.00291	0.00332	0.00581
13	0.01254	0.01208	0.02086	0.20727	0.58089	0.01260	0.04371	0.01587	0.01190	0.01665	0.01000	0.01356	0.00818	0.00491	0.00536	0.00165	0.00665	0.00484	0.00260	0.00788
14	0.01014	0.00954	0.01610	0.79845	0.03697	0.01193	0.01491	0.01371	0.01073	0.01371	0.00954	0.01431	0.00716	0.00537	0.00537	0.00179	0.00716	0.00477	0.00239	0.00596
15	0.01014	0.00954	0.01610	0.79845	0.03697	0.01193	0.01491	0.01371	0.01073	0.01371	0.00954	0.01431	0.00716	0.00537	0.00537	0.00179	0.00716	0.00477	0.00239	0.00596
16	0.01038	0.00981	0.01644	0.72579	0.07850	0.01214	0.01488	0.01384	0.01073	0.01390	0.00948	0.01416	0.00723	0.00548	0.00581	0.00180	0.03636	0.00477	0.00240	0.00610
17	0.01072	0.00772	0.00876	0.02767	0.00992	0.02295	0.00577	0.11072	0.03162	0.04465	0.03987	0.09624	0.06579	0.31951	0.05899	0.00342	0.02401	0.00744	0.05339	0.05083
18	0.00975	0.00729	0.00925	0.05168	0.01145	0.00749	0.00676	0.11316	0.01237	0.03323	0.02272	0.50568	0.02550	0.03378	0.00745	0.00204	0.04954	0.01123	0.00459	0.07504

[dist]
# distance from previous block
# <min> <max>
22	156

[block]
# block no. 1 follows, 45 sequences, length 15
# corresponding to MSA columns:
# 205-219
name=unknown_B
#
# <colnr> <probs for GDERKNQSTAVLIFYWHMCP>
#	G	D	E	R	K	N	Q	S	T	A	V	L	I	F	Y	W	H	M	C	P
0	0.07754	0.25011	0.21266	0.03218	0.06436	0.03365	0.02378	0.01849	0.01221	0.18663	0.03308	0.01291	0.00958	0.00544	0.00462	0.00152	0.00605	0.00414	0.00348	0.00759
1	0.14671	0.04267	0.05751	0.03211	0.02064	0.09415	0.00747	0.05396	0.01056	0.01533	0.03549	0.08288	0.01244	0.03280	0.03443	0.28913	0.00565	0.01814	0.00313	0.00481
2	0.00962	0.18611	0.01198	0.00738	0.00959	0.00899	0.00608	0.01229	0.04129	0.03951	0.47705	0.03302	0.11813	0.00959	0.00563	0.00159	0.00339	0.00811	0.00501	0.00565
3	0.02852	0.22768	0.04037	0.09775	0.01770	0.03938	0.06702	0.07056	0.21861	0.05155	0.02474	0.01529	0.03027	0.00613	0.00530	0.00160	0.03068	0.00488	0.00377	0.01821
4	0.16638	0.00710	0.00675	0.00619	0.00816	0.00758	0.00484	0.09507	0.01240	0.02228	0.01515	0.01714	0.01178	0.00604	0.00385	0.00137	0.00318	0.00460	0.59454	0.00561
5	0.01066	0.00927	0.01152	0.13102	0.01614	0.00772	0.00754	0.01316	0.01114	0.01670	0.01254	0.01434	0.05923	0.00484	0.00435	0.00102	0.00439	0.00397	0.00318	0.65727
6	0.00906	0.00866	0.09282	0.00816	0.01031	0.00680	0.00698	0.05378	0.04157	0.03577	0.43945	0.11506	0.07888	0.05975	0.00743	0.00196	0.00366	0.00914	0.00517	0.00560
7	0.01269	0.00795	0.00826	0.00729	0.00941	0.00851	0.00571	0.18084	0.09736	0.02336	0.01696	0.01843	0.01301	0.00641	0.00430	0.00139	0.00345	0.00508	0.56326	0.00631
8	0.34126	0.10108	0.13311	0.03208	0.01488	0.01323	0.00951	0.12195	0.03227	0.03905	0.00955	0.01069	0.00729	0.00523	0.00435	0.00153	0.01714	0.00359	0.00341	0.09880
9	0.01503	0.07812	0.06296	0.07999	0.13212	0.21141	0.01104	0.07362	0.04100	0.05327	0.03021	0.03795	0.01028	0.00589	0.00512	0.00147	0.01865	0.00460	0.02838	0.09889
10	0.01346	0.03253	0.01632	0.04786	0.11165	0.06764	0.10441	0.11317	0.15752	0.01950	0.01467	0.06259	0.02758	0.02022	0.00564	0.00160	0.00575	0.00559	0.00383	0.16848
11	0.00842	0.00675	0.00786	0.00763	0.00928	0.00686	0.00574	0.01318	0.18086	0.01787	0.23656	0.13466	0.23019	0.01481	0.09214	0.00257	0.00434	0.00960	0.00511	0.00557
12	0.01302	0.01142	0.02819	0.22606	0.02036	0.03407	0.00992	0.17400	0.01412	0.01973	0.01067	0.02635	0.00850	0.00530	0.00497	0.00133	0.01814	0.00426	0.01760	0.35201
13	0.53150	0.01143	0.00979	0.00838	0.01176	0.05570	0.00676	0.12381	0.01223	0.04350	0.01033	0.06335	0.00873	0.00598	0.00405	0.00160	0.00465	0.00413	0.00377	0.07857
14	0.05469	0.30242	0.13776	0.01156	0.01583	0.11518	0.05813	0.05357	0.09242	0.01619	0.01119	0.03774	0.00970	0.05510	0.00594	0.00171	0.00645	0.00447	0.00306	0.00691

[dist]
# distance from previous block
# <min> <max>
10	23

[block]
# block no. 2 follows, 45 sequences, length 8
# corresponding to MSA columns:
# 250-253,255-258
name=unknown_C
#
# <colnr> <probs for GDERKNQSTAVLIFYWHMCP>
#	G	D	E	R	K	N	Q	S	T	A	V	L	I	F	Y	W	H	M	C	P
0	0.45058	0.01320	0.14079	0.17288	0.06096	0.01193	0.01073	0.01608	0.01030	0.05582	0.00905	0.01101	0.00675	0.00515	0.00425	0.00169	0.00555	0.00369	0.00307	0.00651
1	0.15493	0.01304	0.01369	0.03539	0.14467	0.09577	0.00988	0.07184	0.32383	0.04011	0.01520	0.01620	0.01180	0.00635	0.00505	0.00171	0.00539	0.02317	0.00426	0.00771
2	0.01295	0.01241	0.02118	0.11465	0.69879	0.01267	0.01631	0.01618	0.01206	0.01713	0.01004	0.01339	0.00836	0.00485	0.00532	0.00162	0.00646	0.00478	0.00263	0.00823
3	0.01056	0.01037	0.01871	0.66820	0.03547	0.01220	0.13973	0.01430	0.01106	0.01430	0.00976	0.01434	0.00732	0.00523	0.00553	0.00179	0.00747	0.00503	0.00244	0.00618
4	0.01296	0.01235	0.02070	0.11243	0.66138	0.01270	0.01591	0.01679	0.05015	0.01738	0.01063	0.01373	0.00876	0.00497	0.00533	0.00163	0.00635	0.00485	0.00277	0.00824
5	0.00819	0.00598	0.00725	0.00764	0.00866	0.00580	0.00543	0.08799	0.01223	0.01605	0.05125	0.51110	0.15605	0.03658	0.00757	0.02640	0.00348	0.03256	0.00493	0.00484
6	0.01474	0.01243	0.01455	0.01491	0.14274	0.01391	0.01018	0.17205	0.49342	0.02389	0.01809	0.01747	0.01362	0.00670	0.00542	0.00174	0.00494	0.00561	0.00497	0.00862
7	0.01267	0.01448	0.03167	0.02262	0.02805	0.01357	0.75837	0.01719	0.01267	0.01719	0.01086	0.01448	0.00814	0.00452	0.00633	0.00181	0.00905	0.00633	0.00271	0.00724

[dist]
# distance from previous block
# <min> <max>
0	1

[block]
# block no. 3 follows, 45 sequences, length 17
# corresponding to MSA columns:
# 260-276
name=unknown_D
#
# <colnr> <probs for GDERKNQSTAVLIFYWHMCP>
#	G	D	E	R	K	N	Q	S	T	A	V	L	I	F	Y	W	H	M	C	P
0	0.01402	0.01186	0.01252	0.01106	0.01421	0.01367	0.00866	0.09813	0.69747	0.02354	0.02100	0.01935	0.01570	0.00720	0.00545	0.00180	0.00441	0.00595	0.00545	0.00856
1	0.00651	0.00477	0.00612	0.00721	0.00772	0.00438	0.00486	0.00750	0.01053	0.01381	0.03284	0.70850	0.13274	0.01639	0.00678	0.00213	0.00306	0.01474	0.00498	0.00438
2	0.00676	0.00476	0.00616	0.00720	0.00745	0.00450	0.00469	0.00753	0.00985	0.01314	0.02741	0.67539	0.03276	0.15301	0.01036	0.00270	0.00347	0.01398	0.00469	0.00417
3	0.01416	0.17041	0.10617	0.01751	0.02276	0.05432	0.40365	0.11287	0.01394	0.01824	0.01021	0.01258	0.00783	0.00490	0.00545	0.00162	0.00792	0.00508	0.00293	0.00744
4	0.00922	0.00670	0.00822	0.05943	0.01037	0.00702	0.00584	0.08963	0.05901	0.01515	0.02099	0.33599	0.02327	0.27027	0.01375	0.04165	0.00449	0.00999	0.00421	0.00479
5	0.01608	0.01689	0.01476	0.09795	0.08362	0.34458	0.03020	0.13363	0.01505	0.01739	0.01182	0.01669	0.01025	0.05894	0.00662	0.00180	0.00745	0.05120	0.05857	0.00652
6	0.04759	0.00657	0.00763	0.00806	0.05572	0.00675	0.00467	0.05831	0.00930	0.01303	0.01578	0.03107	0.01750	0.67016	0.02338	0.00458	0.00528	0.00719	0.00336	0.00409
7	0.05720	0.01074	0.01194	0.11152	0.01543	0.03240	0.00847	0.31910	0.04076	0.02362	0.01405	0.05504	0.01151	0.02980	0.03282	0.04279	0.00544	0.00538	0.16520	0.00679
8	0.01405	0.01116	0.01435	0.10424	0.15933	0.01141	0.01014	0.21296	0.06887	0.04887	0.01592	0.01704	0.07260	0.00618	0.00510	0.00149	0.00516	0.00515	0.04682	0.16916
9	0.08126	0.03067	0.03546	0.14581	0.15389	0.01295	0.08749	0.16887	0.08461	0.02117	0.05887	0.01587	0.02614	0.00605	0.00551	0.00167	0.02048	0.00523	0.00372	0.03428
10	0.06968	0.03746	0.01432	0.01231	0.07835	0.04048	0.04686	0.20303	0.09770	0.05750	0.10116	0.02956	0.01491	0.02571	0.00564	0.00159	0.00511	0.00535	0.00438	0.14892
11	0.07014	0.01382	0.01705	0.04892	0.28338	0.10708	0.04602	0.13866	0.08288	0.03896	0.01270	0.01476	0.02532	0.00574	0.00517	0.00158	0.00622	0.01712	0.00362	0.06085
12	0.03379	0.06473	0.02902	0.01431	0.15700	0.03080	0.04528	0.11237	0.02819	0.09765	0.09951	0.05956	0.13254	0.00827	0.00615	0.00171	0.04156	0.02627	0.00431	0.00697
13	0.03503	0.05097	0.15567	0.01308	0.05506	0.02754	0.08043	0.12490	0.15462	0.02004	0.05131	0.11303	0.02919	0.02689	0.00599	0.00179	0.00566	0.00650	0.00402	0.03828
14	0.01330	0.01248	0.08073	0.02635	0.05361	0.04836	0.04758	0.15107	0.05231	0.06346	0.07962	0.08292	0.04786	0.00803	0.02253	0.00171	0.03100	0.00611	0.00415	0.16681
15	0.01562	0.13044	0.01532	0.02856	0.01419	0.01278	0.03670	0.21182	0.08407	0.14144	0.04782	0.08231	0.03367	0.00757	0.00593	0.00165	0.05239	0.00603	0.06425	0.00743
16	0.04990	0.01067	0.02551	0.01171	0.06368	0.02893	0.05574	0.18826	0.06109	0.08488	0.08236	0.14715	0.06856	0.02476	0.00605	0.00176	0.00486	0.00737	0.00468	0.07208

[dist]
# distance from previous block
# <min> <max>
29	222

[block]
# block no. 4 follows, 45 sequences, length 19
# corresponding to MSA columns:
# 549-567
name=unknown_E
#
# <colnr> <probs for GDERKNQSTAVLIFYWHMCP>
#	G	D	E	R	K	N	Q	S	T	A	V	L	I	F	Y	W	H	M	C	P
0	0.06063	0.40427	0.09272	0.01045	0.01484	0.07860	0.00993	0.11474	0.03951	0.07844	0.01095	0.04361	0.00914	0.00574	0.00432	0.00141	0.00594	0.00410	0.00336	0.00730
1	0.01349	0.06436	0.01219	0.01056	0.05480	0.12910	0.00781	0.13909	0.03463	0.07841	0.10064	0.09211	0.20178	0.00941	0.00568	0.00168	0.00499	0.02818	0.00463	0.00645
2	0.04750	0.01171	0.01216	0.01031	0.01290	0.06197	0.00805	0.32709	0.09533	0.02320	0.04600	0.06679	0.01438	0.09690	0.06228	0.03897	0.03342	0.00602	0.01816	0.00688
3	0.34627	0.02838	0.06435	0.02893	0.10792	0.01072	0.00859	0.04646	0.04097	0.04200	0.15190	0.01951	0.05152	0.00691	0.00476	0.00168	0.00454	0.02419	0.00397	0.00644
4	0.07716	0.00902	0.07996	0.00908	0.02845	0.00744	0.02360	0.01379	0.04495	0.11411	0.23721	0.04502	0.16605	0.01237	0.07655	0.00238	0.00492	0.03712	0.00480	0.00603
5	0.01436	0.01000	0.01123	0.01066	0.05439	0.05274	0.00772	0.05057	0.24244	0.18745	0.07603	0.10870	0.08362	0.04343	0.00661	0.00190	0.00447	0.00738	0.00522	0.02108
6	0.00667	0.00495	0.00618	0.00691	0.00765	0.00451	0.00476	0.00788	0.01126	0.01480	0.13229	0.52831	0.19067	0.03775	0.00725	0.00212	0.00301	0.01351	0.00506	0.00446
7	0.01232	0.28991	0.34135	0.03498	0.01923	0.01490	0.06802	0.01625	0.01134	0.03254	0.01023	0.01362	0.00848	0.00551	0.00499	0.00154	0.02381	0.04491	0.00260	0.04346
8	0.01364	0.01168	0.01230	0.01098	0.01407	0.01349	0.00857	0.05885	0.73737	0.02293	0.02148	0.01973	0.01609	0.00725	0.00546	0.00181	0.00432	0.00602	0.00546	0.00852
9	0.00934	0.00659	0.00796	0.03749	0.00917	0.00692	0.00529	0.09521	0.01131	0.01559	0.12460	0.05665	0.02181	0.41137	0.11988	0.00434	0.00600	0.00749	0.03837	0.00460
10	0.00634	0.00544	0.00544	0.00544	0.00725	0.00453	0.00408	0.00770	0.01224	0.01450	0.05438	0.05166	0.77569	0.01359	0.00634	0.00181	0.00272	0.01133	0.00498	0.00453
11	0.00760	0.00549	0.00718	0.00675	0.00802	0.00506	0.00506	0.01013	0.01519	0.02153	0.77503	0.04010	0.05065	0.01097	0.00633	0.00169	0.00253	0.00971	0.00591	0.00506
12	0.80330	0.01031	0.00814	0.00720	0.01057	0.01181	0.00593	0.01636	0.00948	0.06629	0.00824	0.00925	0.00623	0.00508	0.00344	0.00166	0.00418	0.00305	0.00351	0.00600
13	0.01010	0.00931	0.01566	0.76037	0.03553	0.01158	0.01441	0.01339	0.01055	0.01350	0.00953	0.01441	0.00726	0.00601	0.00612	0.04230	0.00704	0.00477	0.00238	0.00579
14	0.01119	0.01062	0.01801	0.54151	0.28565	0.01220	0.01543	0.01464	0.01123	0.01500	0.00973	0.01397	0.00761	0.00517	0.00535	0.00172	0.00689	0.00477	0.00248	0.00682
15	0.00806	0.00578	0.00714	0.00697	0.00715	0.00630	0.00452	0.00851	0.00799	0.01098	0.01572	0.03078	0.01746	0.60728	0.17161	0.00565	0.06405	0.00719	0.00312	0.00373
16	0.15004	0.01168	0.01277	0.02820	0.01372	0.04264	0.00875	0.23379	0.03646	0.09738	0.04330	0.01460	0.01089	0.00771	0.02487	0.00190	0.16590	0.00477	0.08356	0.00709
17	0.03001	0.42232	0.17547	0.04095	0.01648	0.06782	0.01128	0.04905	0.01241	0.06788	0.05306	0.01209	0.00990	0.00538	0.00432	0.00139	0.00621	0.00385	0.00298	0.00715
18	0.08226	0.12247	0.17628	0.04825	0.10634	0.14374	0.03311	0.05446	0.01324	0.05338	0.10471	0.01490	0.01287	0.00592	0.00494	0.00156	0.00652	0.00467	0.00332	0.00706

[dist]
# distance from previous block
# <min> <max>
5	7

[block]
# block no. 5 follows, 45 sequences, length 26
# corresponding to MSA columns:
# 576-601
name=unknown_F
#
# <colnr> <probs for GDERKNQSTAVLIFYWHMCP>
#	G	D	E	R	K	N	Q	S	T	A	V	L	I	F	Y	W	H	M	C	P
0	0.69950	0.05966	0.05167	0.00762	0.01114	0.01218	0.00674	0.01551	0.00975	0.02284	0.05613	0.01084	0.00877	0.00534	0.00362	0.00163	0.00435	0.00339	0.00337	0.00595
1	0.11320	0.01154	0.06363	0.01017	0.01393	0.03775	0.00882	0.09901	0.09222	0.35547	0.04703	0.02108	0.01484	0.00734	0.00536	0.00175	0.00500	0.07855	0.00538	0.00793
2	0.06431	0.02751	0.04354	0.08214	0.11712	0.04640	0.02789	0.16994	0.11896	0.08297	0.04541	0.01973	0.01356	0.00702	0.00559	0.00174	0.01820	0.07426	0.02618	0.00751
3	0.00670	0.00539	0.00589	0.00587	0.00738	0.00467	0.00431	0.00822	0.01254	0.01578	0.20822	0.09400	0.53392	0.05415	0.00745	0.00198	0.00283	0.01103	0.00510	0.00457
4	0.01461	0.01098	0.01256	0.03590	0.01420	0.01229	0.00876	0.31093	0.18110	0.03907	0.01681	0.02164	0.01404	0.05915	0.10811	0.00286	0.02357	0.07464	0.03137	0.00739
5	0.00793	0.00518	0.00653	0.00706	0.00776	0.00480	0.00476	0.00890	0.01063	0.06220	0.07479	0.49384	0.10296	0.16411	0.01051	0.00265	0.00352	0.01253	0.00482	0.00451
6	0.01067	0.00801	0.02425	0.00911	0.01084	0.00784	0.02284	0.18720	0.01452	0.03673	0.08741	0.46241	0.02825	0.01284	0.00633	0.00196	0.00402	0.03473	0.02421	0.00582
7	0.01017	0.00954	0.01592	0.77037	0.03611	0.01176	0.01460	0.01371	0.01075	0.01385	0.00954	0.01420	0.00718	0.00532	0.00532	0.00175	0.00704	0.00471	0.00241	0.03574
8	0.01377	0.66766	0.10561	0.01022	0.01478	0.01994	0.01050	0.01591	0.01073	0.01311	0.00765	0.00915	0.00689	0.00504	0.00477	0.00130	0.07062	0.00313	0.00230	0.00691
9	0.04309	0.00972	0.01106	0.00812	0.01250	0.00794	0.00644	0.07024	0.01192	0.01854	0.01019	0.01269	0.00869	0.05526	0.00553	0.00117	0.00421	0.00359	0.00336	0.69576
10	0.01305	0.14064	0.28619	0.01562	0.02106	0.08363	0.21203	0.04144	0.05704	0.01669	0.01069	0.02984	0.00847	0.00549	0.00567	0.00166	0.03586	0.00481	0.00279	0.00736
11	0.02005	0.02558	0.01521	0.01383	0.01659	0.78980	0.01037	0.02143	0.01521	0.01314	0.00830	0.00968	0.00691	0.00553	0.00484	0.00138	0.00968	0.00346	0.00277	0.00622
12	0.01167	0.02006	0.00892	0.00740	0.00974	0.00644	0.00572	0.03999	0.01409	0.17322	0.33775	0.03277	0.14634	0.07179	0.00747	0.00188	0.00349	0.00802	0.00536	0.08789
13	0.01350	0.01316	0.02158	0.03234	0.75379	0.03733	0.01628	0.01663	0.01232	0.01740	0.01004	0.01317	0.00845	0.00481	0.00530	0.00159	0.00648	0.00474	0.00266	0.00843
14	0.01435	0.81458	0.02813	0.00918	0.01378	0.02124	0.00918	0.01607	0.01091	0.01263	0.00746	0.00861	0.00689	0.00459	0.00344	0.00115	0.00574	0.00287	0.00230	0.00689
15	0.01304	0.06231	0.01492	0.09375	0.05107	0.05026	0.03769	0.11790	0.01325	0.01862	0.01028	0.02997	0.00855	0.00508	0.00490	0.00121	0.02611	0.00408	0.00330	0.43370
16	0.01831	0.12863	0.01670	0.01288	0.01575	0.57107	0.01008	0.05948	0.01453	0.01414	0.00869	0.01038	0.00737	0.00739	0.04511	0.00178	0.04488	0.00363	0.00283	0.00638
17	0.02408	0.00914	0.01246	0.00955	0.01370	0.00789	0.00789	0.02616	0.01536	0.78158	0.02118	0.01827	0.01329	0.00664	0.00540	0.00166	0.00457	0.00540	0.00664	0.00914
18	0.00645	0.00540	0.00561	0.00564	0.00734	0.00456	0.00420	0.00788	0.01236	0.01500	0.10857	0.08915	0.68233	0.01356	0.00637	0.00182	0.00272	0.01140	0.00506	0.00456
19	0.01329	0.01275	0.02179	0.03295	0.77787	0.01275	0.01647	0.01647	0.01222	0.01754	0.01010	0.01329	0.00850	0.00478	0.00531	0.00159	0.00638	0.00478	0.00266	0.00850
20	0.00826	0.00563	0.00739	0.00687	0.00825	0.00518	0.00518	0.01077	0.01520	0.05194	0.74487	0.03922	0.04915	0.01080	0.00629	0.00169	0.00261	0.00954	0.00594	0.00523
21	0.00722	0.00542	0.00691	0.00757	0.00822	0.00534	0.00526	0.00908	0.04933	0.01503	0.12332	0.56661	0.08423	0.04484	0.00779	0.00219	0.02875	0.01322	0.00497	0.00468
22	0.01328	0.00983	0.01116	0.00959	0.01208	0.01087	0.00760	0.26553	0.13156	0.02265	0.04061	0.03179	0.02764	0.04325	0.18157	0.00330	0.02395	0.00576	0.12176	0.02621
23	0.07838	0.06140	0.03842	0.01184	0.08528	0.01043	0.00901	0.11445	0.02535	0.34724	0.04134	0.06542	0.01416	0.00709	0.00524	0.00165	0.00489	0.03180	0.00511	0.04149
24	0.09323	0.46688	0.08385	0.01030	0.03397	0.05623	0.00956	0.05015	0.01181	0.07223	0.00961	0.01161	0.00820	0.05598	0.00543	0.00158	0.00587	0.00363	0.00295	0.00692
25	0.01719	0.01386	0.04424	0.01217	0.01617	0.01443	0.05696	0.49596	0.10878	0.02833	0.01395	0.01487	0.01041	0.02689	0.03254	0.00193	0.00603	0.00510	0.04502	0.03516

[dist]
# distance from previous block
# <min> <max>
2	5

[block]
# block no. 6 follows, 45 sequences, length 23
# corresponding to MSA columns:
# 607-629
name=unknown_G
#
# <colnr> <probs for GDERKNQSTAVLIFYWHMCP>
#	G	D	E	R	K	N	Q	S	T	A	V	L	I	F	Y	W	H	M	C	P
0	0.00664	0.00475	0.00632	0.00741	0.00781	0.00442	0.00499	0.00772	0.01073	0.01442	0.09802	0.73736	0.03689	0.01628	0.00680	0.00213	0.00306	0.01475	0.00507	0.00442
1	0.84927	0.01038	0.00789	0.00706	0.01038	0.01204	0.00581	0.01578	0.00914	0.02408	0.00747	0.00872	0.00581	0.00498	0.00332	0.00166	0.00415	0.00291	0.00332	0.00581
2	0.00798	0.00599	0.00835	0.00819	0.00881	0.00692	0.00605	0.00929	0.00836	0.01190	0.01462	0.02450	0.01475	0.25968	0.51997	0.00723	0.06376	0.00627	0.00295	0.00442
3	0.00651	0.00480	0.00609	0.00713	0.00769	0.00439	0.00483	0.00751	0.01061	0.01384	0.03379	0.67954	0.16110	0.01627	0.00677	0.00212	0.00305	0.01459	0.00498	0.00439
4	0.01176	0.00994	0.01146	0.00831	0.01300	0.00793	0.00666	0.05884	0.03741	0.01864	0.01016	0.01154	0.00830	0.00423	0.00411	0.00088	0.00410	0.00338	0.00339	0.76596
5	0.01075	0.01013	0.01712	0.60765	0.20148	0.01192	0.01501	0.01417	0.01105	0.01457	0.01017	0.03421	0.00818	0.00553	0.00539	0.00176	0.00688	0.00504	0.00251	0.00649
6	0.01200	0.19534	0.47543	0.01504	0.04820	0.01452	0.08525	0.03470	0.01175	0.01651	0.02370	0.01169	0.00789	0.00515	0.00512	0.00160	0.02192	0.00412	0.00247	0.00760
7	0.00662	0.00487	0.00620	0.00710	0.00773	0.00446	0.00486	0.00777	0.01106	0.01460	0.10736	0.61863	0.14756	0.01576	0.00672	0.00208	0.00300	0.01412	0.00508	0.00446
8	0.02283	0.01066	0.01334	0.01028	0.01443	0.01022	0.00848	0.20634	0.04223	0.57342	0.01916	0.01701	0.01237	0.00662	0.00539	0.00165	0.00489	0.00528	0.00629	0.00911
9	0.01288	0.01361	0.07896	0.02291	0.25221	0.01198	0.35819	0.01662	0.01239	0.06746	0.01302	0.09052	0.01113	0.00597	0.00592	0.00176	0.00729	0.00649	0.00314	0.00752
10	0.00929	0.00719	0.00976	0.00908	0.00999	0.00862	0.00716	0.03553	0.01030	0.01546	0.11311	0.02161	0.01704	0.04890	0.35954	0.00498	0.17960	0.00597	0.12170	0.00518
11	0.00661	0.00473	0.00629	0.00742	0.00780	0.00441	0.00499	0.00766	0.01062	0.01425	0.08148	0.75440	0.03656	0.01641	0.00682	0.00215	0.00307	0.01487	0.00505	0.00441
12	0.02121	0.01374	0.01531	0.01174	0.01600	0.01473	0.00970	0.59926	0.02308	0.19759	0.01470	0.01407	0.01004	0.00649	0.00538	0.00162	0.00561	0.00496	0.00565	0.00913
13	0.01099	0.00940	0.01124	0.00870	0.03758	0.00721	0.00661	0.01341	0.01141	0.01774	0.05558	0.01294	0.01054	0.00442	0.00416	0.00088	0.00397	0.00363	0.00333	0.76626
14	0.00654	0.00467	0.00623	0.00747	0.00779	0.00436	0.00498	0.00747	0.01028	0.01370	0.02959	0.80785	0.03550	0.01682	0.00685	0.00218	0.00311	0.01526	0.00498	0.00436
15	0.00688	0.00542	0.00630	0.00685	0.00820	0.00485	0.00526	0.00838	0.01182	0.01466	0.04325	0.22342	0.44992	0.01458	0.00669	0.00204	0.00328	0.16864	0.00498	0.00458
16	0.01358	0.58518	0.17080	0.01127	0.04310	0.04181	0.01138	0.01623	0.01131	0.01395	0.03337	0.01037	0.00838	0.00494	0.00396	0.00129	0.00619	0.00339	0.00244	0.00707
17	0.01441	0.05727	0.04273	0.06674	0.39961	0.12170	0.05585	0.05387	0.05259	0.03319	0.01120	0.01411	0.00914	0.00538	0.00522	0.00159	0.00676	0.01905	0.02181	0.00776
18	0.02818	0.00870	0.05724	0.02763	0.01204	0.00895	0.03652	0.01194	0.00928	0.06388	0.01344	0.02055	0.01253	0.16342	0.34841	0.00540	0.14203	0.00573	0.01881	0.00532
19	0.16424	0.08074	0.01268	0.02604	0.02697	0.03651	0.06206	0.03709	0.01037	0.01661	0.01264	0.06417	0.01191	0.10910	0.11504	0.00304	0.09151	0.00549	0.10821	0.00556
20	0.05753	0.00537	0.00659	0.00726	0.00818	0.00511	0.00522	0.00876	0.01148	0.01599	0.16333	0.47412	0.12547	0.01453	0.00653	0.00204	0.00317	0.06964	0.00504	0.00464
21	0.03885	0.01547	0.14906	0.06760	0.11984	0.11141	0.01213	0.09190	0.09916	0.01845	0.03397	0.01756	0.02637	0.00876	0.05329	0.00214	0.05945	0.04248	0.02501	0.00708
22	0.00808	0.00516	0.00582	0.00588	0.00634	0.00506	0.00369	0.00894	0.00954	0.01378	0.08993	0.09295	0.04983	0.48445	0.01828	0.00372	0.00416	0.00812	0.17238	0.00391

[dist]
# distance from previous block
# <min> <max>
0	64

[block]
# block no. 7 follows, 45 sequences, length 20
# corresponding to MSA columns:
# 694-703,708-717
name=unknown_H
#
# <colnr> <probs for GDERKNQSTAVLIFYWHMCP>
#	G	D	E	R	K	N	Q	S	T	A	V	L	I	F	Y	W	H	M	C	P
0	0.01122	0.02491	0.63166	0.01794	0.10924	0.01260	0.08378	0.01696	0.01155	0.01708	0.00979	0.01183	0.00711	0.00501	0.00523	0.00170	0.00785	0.00427	0.00235	0.00794
1	0.84927	0.01038	0.00789	0.00706	0.01038	0.01204	0.00581	0.01578	0.00914	0.02408	0.00747	0.00872	0.00581	0.00498	0.00332	0.00166	0.00415	0.00291	0.00332	0.00581
2	0.01184	0.00921	0.01061	0.03698	0.01169	0.02434	0.00731	0.15500	0.09448	0.01865	0.03875	0.07581	0.03281	0.18384	0.03936	0.00277	0.12235	0.00662	0.11168	0.00591
3	0.00716	0.00547	0.00657	0.00630	0.00775	0.00488	0.00472	0.00929	0.01417	0.01909	0.52500	0.04411	0.30220	0.01188	0.00634	0.00173	0.00260	0.01027	0.00559	0.00488
4	0.01114	0.02857	0.01008	0.00895	0.01127	0.03699	0.00692	0.03590	0.34768	0.03380	0.15472	0.09028	0.14569	0.00965	0.00578	0.00178	0.00386	0.02331	0.02692	0.00669
5	0.13914	0.01318	0.01391	0.01108	0.01494	0.01461	0.00907	0.48737	0.10854	0.08039	0.01377	0.01381	0.00995	0.00770	0.03664	0.00193	0.00571	0.00477	0.00507	0.00840
6	0.00838	0.00559	0.00708	0.00694	0.00825	0.00506	0.00506	0.01026	0.01310	0.06364	0.38231	0.24631	0.11332	0.03401	0.00682	0.00188	0.00295	0.01068	0.03574	0.03263
7	0.01125	0.00971	0.01136	0.00830	0.01282	0.00776	0.00665	0.01416	0.04434	0.01755	0.00999	0.01154	0.00829	0.00431	0.00453	0.00090	0.03246	0.00336	0.00325	0.77747
8	0.01226	0.07267	0.26791	0.12676	0.30641	0.03401	0.07200	0.01643	0.01176	0.01637	0.00970	0.01246	0.00759	0.00495	0.00519	0.00163	0.00723	0.00447	0.00248	0.00771
9	0.01377	0.08702	0.01992	0.07981	0.04393	0.12411	0.15200	0.07815	0.01214	0.01574	0.00966	0.04340	0.00857	0.00706	0.00954	0.00186	0.27880	0.00510	0.00284	0.00658
10	0.01559	0.03967	0.04407	0.03099	0.01682	0.03362	0.09080	0.31629	0.01720	0.05403	0.01372	0.03153	0.04275	0.00617	0.00559	0.00148	0.03416	0.00502	0.00415	0.19634
11	0.00991	0.00776	0.01002	0.02648	0.01077	0.00888	0.00720	0.09073	0.01147	0.03293	0.05083	0.34686	0.04173	0.10522	0.03051	0.00261	0.18676	0.00986	0.00419	0.00528
12	0.14789	0.37855	0.13210	0.01003	0.01462	0.01567	0.01007	0.01800	0.01144	0.16588	0.01045	0.01106	0.00797	0.00534	0.00467	0.00146	0.04060	0.00361	0.00331	0.00727
13	0.01608	0.07976	0.01194	0.00879	0.01168	0.07468	0.00714	0.01805	0.01411	0.33122	0.18505	0.02569	0.12298	0.00834	0.00595	0.00164	0.03623	0.00670	0.02701	0.00696
14	0.00747	0.00548	0.00700	0.00662	0.00794	0.00501	0.00497	0.00989	0.01490	0.02082	0.70235	0.04126	0.12378	0.01124	0.00633	0.00170	0.00255	0.00987	0.00582	0.00501
15	0.01137	0.00976	0.01193	0.00865	0.01328	0.00764	0.03523	0.03978	0.01166	0.01793	0.01037	0.03744	0.00890	0.00450	0.00421	0.00091	0.00421	0.00376	0.00330	0.75517
16	0.00655	0.00541	0.00575	0.00574	0.00740	0.00461	0.00427	0.00808	0.01262	0.01558	0.16737	0.08297	0.62847	0.01332	0.00636	0.00181	0.00271	0.01124	0.00513	0.00461
17	0.01287	0.01465	0.05819	0.04635	0.21004	0.03235	0.48797	0.01733	0.03314	0.01722	0.01082	0.01409	0.00834	0.00473	0.00595	0.00174	0.00818	0.00574	0.00275	0.00755
18	0.00666	0.00529	0.00600	0.00626	0.00762	0.00463	0.00459	0.00815	0.01227	0.01551	0.16626	0.22754	0.46090	0.01396	0.00649	0.00190	0.00285	0.03340	0.00513	0.00459
19	0.01106	0.00875	0.00976	0.00930	0.02560	0.05447	0.00703	0.07198	0.14585	0.03929	0.26628	0.03047	0.03891	0.05533	0.08927	0.02016	0.00530	0.07785	0.02730	0.00601

[dist]
# distance from previous block
# <min> <max>
12	18

[block]
# block no. 8 follows, 45 sequences, length 12
# corresponding to MSA columns:
# 737-748
name=unknown_I
#
# <colnr> <probs for GDERKNQSTAVLIFYWHMCP>
#	G	D	E	R	K	N	Q	S	T	A	V	L	I	F	Y	W	H	M	C	P
0	0.00978	0.00636	0.00780	0.02334	0.00881	0.00618	0.01732	0.04498	0.01047	0.07464	0.03351	0.10830	0.09771	0.39214	0.04718	0.02165	0.00497	0.00809	0.04097	0.03579
1	0.01442	0.01652	0.10166	0.05543	0.26654	0.17649	0.13214	0.01809	0.04239	0.05831	0.02527	0.03382	0.02306	0.00572	0.00544	0.00164	0.00731	0.00520	0.00312	0.00745
2	0.01518	0.01222	0.05528	0.03203	0.06506	0.01229	0.00935	0.37634	0.01776	0.02507	0.01385	0.04810	0.01131	0.05137	0.00673	0.00177	0.03553	0.00533	0.16148	0.04395
3	0.00794	0.00554	0.00693	0.00765	0.00833	0.00542	0.00530	0.06428	0.01138	0.01551	0.02680	0.63233	0.03107	0.05925	0.00768	0.00225	0.00345	0.03355	0.06063	0.00471
4	0.00934	0.00515	0.00762	0.08103	0.00977	0.00536	0.00555	0.00817	0.00790	0.01096	0.01104	0.05197	0.01072	0.01613	0.01723	0.64637	0.00462	0.00518	0.08287	0.00302
5	0.01168	0.01658	0.24456	0.11257	0.22835	0.01230	0.16368	0.01671	0.06041	0.01696	0.01190	0.05840	0.00981	0.00573	0.00556	0.00174	0.00713	0.00553	0.00283	0.00755
6	0.07284	0.03194	0.01653	0.06139	0.13032	0.36733	0.04049	0.14042	0.01545	0.01837	0.03403	0.01213	0.00891	0.00572	0.00525	0.00153	0.02282	0.00425	0.00328	0.00700
7	0.01185	0.00664	0.00836	0.00750	0.00942	0.00615	0.00570	0.01429	0.04730	0.20547	0.30724	0.03556	0.12151	0.13773	0.00947	0.00231	0.00369	0.04849	0.00548	0.00586
8	0.00806	0.00632	0.00981	0.00978	0.03494	0.00587	0.08925	0.00976	0.01159	0.03659	0.13408	0.50603	0.08935	0.01371	0.00659	0.00201	0.00381	0.01257	0.00483	0.00506
9	0.06063	0.02379	0.01632	0.03494	0.03659	0.04636	0.15879	0.09615	0.01336	0.09973	0.08909	0.07374	0.01501	0.00754	0.00755	0.00179	0.14012	0.00622	0.06561	0.00669
10	0.01551	0.00856	0.03904	0.00881	0.01174	0.00749	0.00724	0.01934	0.10144	0.35256	0.28883	0.07057	0.02792	0.00877	0.00581	0.00172	0.00385	0.00751	0.00599	0.00730
11	0.01144	0.00734	0.00868	0.00765	0.00977	0.02382	0.00593	0.06312	0.03620	0.14826	0.43919	0.03534	0.16152	0.01016	0.00606	0.00170	0.00333	0.00869	0.00576	0.00605

[dist]
# distance from previous block
# <min> <max>
4	11

[block]
# block no. 9 follows, 45 sequences, length 33
# corresponding to MSA columns:
# 760-792
name=unknown_J
#
# <colnr> <probs for GDERKNQSTAVLIFYWHMCP>
#	G	D	E	R	K	N	Q	S	T	A	V	L	I	F	Y	W	H	M	C	P
0	0.06759	0.01395	0.01448	0.11300	0.09372	0.12744	0.01032	0.29664	0.06441	0.02313	0.03049	0.01678	0.07427	0.00666	0.00523	0.00163	0.00605	0.00522	0.02154	0.00744
1	0.03776	0.01061	0.01154	0.04884	0.01405	0.05575	0.00826	0.14098	0.14440	0.08197	0.07160	0.02657	0.07167	0.00832	0.00558	0.00170	0.00486	0.12713	0.00476	0.12366
2	0.01455	0.00911	0.01077	0.00957	0.02796	0.00914	0.00737	0.05179	0.25560	0.22975	0.10098	0.04594	0.13921	0.00870	0.00570	0.00174	0.00402	0.02620	0.00559	0.03632
3	0.01229	0.01174	0.01999	0.27500	0.54359	0.01249	0.01598	0.01560	0.01175	0.01633	0.00992	0.01361	0.00808	0.00497	0.00533	0.00166	0.00662	0.00478	0.00257	0.00770
4	0.00767	0.00575	0.00863	0.00863	0.00959	0.00671	0.00671	0.00959	0.00863	0.01246	0.01438	0.02109	0.01342	0.04026	0.79008	0.00863	0.01438	0.00575	0.00288	0.00479
5	0.01241	0.01482	0.06781	0.02163	0.02688	0.01341	0.67924	0.01682	0.01240	0.01696	0.01109	0.03197	0.00865	0.00500	0.00667	0.00183	0.03616	0.00636	0.00273	0.00716
6	0.01268	0.01147	0.04298	0.04765	0.13868	0.01174	0.18360	0.01589	0.04253	0.09795	0.01520	0.10421	0.03899	0.00774	0.00836	0.00190	0.17692	0.00662	0.02799	0.00689
7	0.02005	0.02558	0.01521	0.01383	0.01659	0.78980	0.01037	0.02143	0.01521	0.01314	0.00830	0.00968	0.00691	0.00553	0.00484	0.00138	0.00968	0.00346	0.00277	0.00622
8	0.00764	0.00514	0.00590	0.00606	0.00610	0.00510	0.00347	0.00776	0.00812	0.01083	0.01854	0.13426	0.02157	0.70942	0.02470	0.00482	0.00494	0.00876	0.00347	0.00339
9	0.01297	0.01135	0.00981	0.03677	0.01172	0.19472	0.00700	0.10262	0.01364	0.03618	0.03530	0.21004	0.01766	0.03144	0.02636	0.00189	0.00538	0.00733	0.22212	0.00571
10	0.00825	0.00576	0.00761	0.04676	0.00994	0.00562	0.00588	0.02472	0.03388	0.04849	0.20008	0.46991	0.05058	0.02675	0.00686	0.00205	0.00341	0.03331	0.00513	0.00502
11	0.00750	0.00535	0.00724	0.00830	0.00904	0.00516	0.00636	0.00913	0.01138	0.01511	0.08619	0.42412	0.03423	0.04699	0.00784	0.00238	0.00387	0.30025	0.00497	0.00460
12	0.00660	0.00516	0.00601	0.00659	0.00773	0.00457	0.00476	0.00788	0.01151	0.01446	0.06376	0.37025	0.39892	0.01495	0.00662	0.00200	0.00301	0.05572	0.00501	0.00450
13	0.01308	0.01418	0.09995	0.07978	0.16106	0.01284	0.30886	0.03779	0.06529	0.06162	0.01222	0.03722	0.00962	0.00571	0.00652	0.00179	0.05603	0.00574	0.00317	0.00752
14	0.01200	0.24545	0.50248	0.01320	0.01975	0.01499	0.01583	0.01780	0.08052	0.01628	0.01015	0.01137	0.00770	0.00516	0.00467	0.00156	0.00698	0.00385	0.00257	0.00769
15	0.00862	0.00571	0.00750	0.00693	0.00837	0.00524	0.00524	0.01113	0.01521	0.06881	0.72814	0.03874	0.04832	0.01070	0.00627	0.00169	0.00266	0.00944	0.00595	0.00532
16	0.00694	0.00501	0.00665	0.00781	0.00840	0.00472	0.00564	0.00820	0.01080	0.01421	0.03091	0.61577	0.08081	0.01623	0.00693	0.00221	0.00344	0.15585	0.00498	0.00448
17	0.03894	0.03492	0.10312	0.20500	0.16648	0.07259	0.03097	0.04278	0.08439	0.13165	0.01346	0.01500	0.02565	0.00577	0.00523	0.00167	0.00641	0.00487	0.00357	0.00753
18	0.01619	0.01591	0.01496	0.10124	0.01793	0.23765	0.03588	0.24266	0.08062	0.02053	0.01578	0.01674	0.08856	0.00702	0.00624	0.00166	0.06414	0.00525	0.00394	0.00710
19	0.01541	0.08939	0.01585	0.01242	0.01444	0.26542	0.01005	0.10248	0.03262	0.01609	0.00957	0.01210	0.00820	0.00843	0.04282	0.00202	0.27231	0.00425	0.05972	0.00642
20	0.05440	0.01151	0.01313	0.03334	0.01470	0.01199	0.00857	0.30719	0.08170	0.16611	0.04290	0.01731	0.05712	0.00682	0.00566	0.00158	0.03485	0.00528	0.00502	0.12083
21	0.01185	0.04007	0.01700	0.03076	0.01490	0.03260	0.03573	0.01324	0.00868	0.01305	0.00756	0.01210	0.00733	0.01012	0.04684	0.00251	0.68265	0.00470	0.00239	0.00592
22	0.00666	0.00476	0.00633	0.00739	0.00781	0.00444	0.00499	0.00777	0.01082	0.01457	0.11232	0.72263	0.03718	0.01617	0.00679	0.00213	0.00305	0.01464	0.00509	0.00444
23	0.00793	0.00541	0.00620	0.00629	0.00650	0.00538	0.00375	0.02944	0.00880	0.01170	0.01969	0.15730	0.03960	0.64343	0.02295	0.00454	0.00483	0.00898	0.00363	0.00363
24	0.01472	0.01303	0.04533	0.01185	0.03692	0.05152	0.00941	0.14625	0.47417	0.05116	0.02019	0.02022	0.04118	0.00735	0.00549	0.00177	0.00499	0.03111	0.00511	0.00823
25	0.03449	0.35422	0.20756	0.01155	0.03930	0.03402	0.01158	0.03654	0.01210	0.09841	0.04434	0.01223	0.00967	0.00541	0.00472	0.00142	0.02663	0.00391	0.00309	0.04880
26	0.08213	0.35988	0.11392	0.01171	0.06052	0.06065	0.04158	0.01666	0.03360	0.06254	0.04003	0.01496	0.06967	0.00589	0.00446	0.00145	0.00582	0.00446	0.00314	0.00694
27	0.01084	0.02730	0.76014	0.01584	0.04641	0.01248	0.01973	0.01698	0.01136	0.01702	0.00965	0.01139	0.00685	0.00509	0.00511	0.00170	0.00789	0.00399	0.00228	0.00795
28	0.01273	0.01209	0.01930	0.05665	0.61130	0.02839	0.01462	0.01636	0.05562	0.01711	0.01279	0.01698	0.03240	0.04540	0.00649	0.00182	0.00615	0.02293	0.00296	0.00790
29	0.01510	0.03505	0.01317	0.01153	0.04701	0.05562	0.00875	0.19176	0.20295	0.09966	0.03439	0.08000	0.03750	0.03636	0.00708	0.00189	0.05781	0.03017	0.02675	0.00746
30	0.00758	0.00515	0.00608	0.00630	0.00641	0.00515	0.00375	0.00786	0.00828	0.01109	0.01893	0.16618	0.02188	0.62986	0.06921	0.00489	0.00539	0.00896	0.00353	0.00353
31	0.00696	0.00517	0.00656	0.00755	0.00826	0.00487	0.00536	0.00858	0.03538	0.01436	0.03284	0.59169	0.14287	0.01582	0.00679	0.00215	0.00329	0.09193	0.00499	0.00458
32	0.19277	0.10658	0.37490	0.01320	0.06305	0.01310	0.01380	0.05430	0.01196	0.09493	0.01027	0.01136	0.00746	0.00522	0.00459	0.00162	0.00636	0.00385	0.00311	0.00758

[dist]
# distance from previous block
# <min> <max>
0	31

[block]
# block no. 10 follows, 45 sequences, length 20
# corresponding to MSA columns:
# 824-843
name=unknown_K
#
# <colnr> <probs for GDERKNQSTAVLIFYWHMCP>
#	G	D	E	R	K	N	Q	S	T	A	V	L	I	F	Y	W	H	M	C	P
0	0.03544	0.01415	0.01473	0.01165	0.01551	0.06120	0.00949	0.54345	0.05666	0.10032	0.04178	0.02795	0.01170	0.00747	0.02184	0.00177	0.00591	0.00519	0.00526	0.00854
1	0.00779	0.00525	0.00608	0.00608	0.00616	0.00533	0.00353	0.00795	0.00787	0.01057	0.01671	0.03399	0.01902	0.74891	0.08909	0.00548	0.00595	0.00764	0.00322	0.00338
2	0.01315	0.07770	0.05384	0.02802	0.12238	0.06912	0.04253	0.11186	0.17004	0.01903	0.01660	0.12094	0.03725	0.00852	0.03035	0.00187	0.00583	0.00635	0.00396	0.06065
3	0.01875	0.01302	0.01438	0.01145	0.01519	0.01412	0.00933	0.56562	0.04749	0.10304	0.01616	0.09976	0.01313	0.00781	0.00558	0.00170	0.00540	0.02412	0.00544	0.00850
4	0.00681	0.00484	0.00640	0.00754	0.00790	0.00458	0.00514	0.00780	0.01025	0.01363	0.02846	0.68436	0.03383	0.08100	0.00855	0.00245	0.00343	0.07387	0.00484	0.00432
5	0.01896	0.01411	0.01525	0.01172	0.01593	0.01523	0.00962	0.65545	0.02324	0.03142	0.01308	0.03898	0.00987	0.00652	0.00527	0.00154	0.00561	0.00500	0.00512	0.09807
6	0.08059	0.46503	0.13974	0.01093	0.01547	0.15560	0.01084	0.01705	0.01151	0.01430	0.00793	0.00933	0.00680	0.00502	0.00438	0.00135	0.03165	0.00320	0.00246	0.00681
7	0.01441	0.75333	0.05925	0.00961	0.01427	0.04848	0.00967	0.01630	0.01108	0.01283	0.00758	0.00876	0.00689	0.00465	0.00356	0.00118	0.00597	0.00294	0.00231	0.00691
8	0.25577	0.01284	0.01310	0.01036	0.01428	0.01413	0.00854	0.45416	0.01928	0.10535	0.01231	0.01244	0.00873	0.00604	0.00475	0.00162	0.00518	0.00435	0.02870	0.00807
9	0.01265	0.01420	0.03044	0.04497	0.08902	0.01346	0.67768	0.01704	0.01258	0.01713	0.01076	0.01438	0.00815	0.00457	0.00623	0.00179	0.00878	0.00617	0.00270	0.00731
10	0.01027	0.00957	0.01597	0.73387	0.05675	0.01188	0.01457	0.01374	0.01072	0.01397	0.00970	0.01437	0.00737	0.00548	0.00565	0.00178	0.02848	0.00478	0.02506	0.00601
11	0.00652	0.00474	0.00615	0.00728	0.00773	0.00438	0.00490	0.00750	0.01046	0.01378	0.03194	0.73605	0.10578	0.01651	0.00680	0.00215	0.00308	0.01489	0.00498	0.00438
12	0.00773	0.00517	0.00588	0.00595	0.00596	0.00516	0.00335	0.00779	0.00795	0.01059	0.01763	0.07870	0.02042	0.76655	0.02617	0.00503	0.00509	0.00823	0.00335	0.00332
13	0.00998	0.00610	0.00742	0.00673	0.00871	0.00535	0.00517	0.01198	0.01408	0.15086	0.36492	0.04078	0.32499	0.01124	0.00617	0.00173	0.00296	0.00959	0.00568	0.00557
14	0.01039	0.00983	0.01644	0.71840	0.07767	0.01219	0.01485	0.01383	0.01070	0.01389	0.00945	0.01413	0.00723	0.00552	0.00594	0.00180	0.04447	0.00477	0.00240	0.00610
15	0.00650	0.00481	0.00608	0.00710	0.00769	0.00439	0.00482	0.00752	0.01064	0.01385	0.03416	0.66838	0.17202	0.01622	0.00676	0.00211	0.00304	0.01454	0.00498	0.00439
16	0.00767	0.00575	0.00863	0.00863	0.00959	0.00671	0.00671	0.00959	0.00863	0.01246	0.01438	0.02109	0.01342	0.04026	0.79008	0.00863	0.01438	0.00575	0.00288	0.00479
17	0.01439	0.01178	0.01377	0.02639	0.01542	0.04038	0.06777	0.04996	0.52831	0.09191	0.02032	0.03625	0.01565	0.00737	0.00560	0.00181	0.00496	0.03467	0.00517	0.00813
18	0.01014	0.00954	0.01610	0.79845	0.03697	0.01193	0.01491	0.01371	0.01073	0.01371	0.00954	0.01431	0.00716	0.00537	0.00537	0.00179	0.00716	0.00477	0.00239	0.00596
19	0.01329	0.01275	0.02179	0.03295	0.77787	0.01275	0.01647	0.01647	0.01222	0.01754	0.01010	0.01329	0.00850	0.00478	0.00531	0.00159	0.00638	0.00478	0.00266	0.00850

[dist]
# distance from previous block
# <min> <max>
0	10

[block]
# block no. 11 follows, 45 sequences, length 25
# corresponding to MSA columns:
# 854-878
name=unknown_L
#
# <colnr> <probs for GDERKNQSTAVLIFYWHMCP>
#	G	D	E	R	K	N	Q	S	T	A	V	L	I	F	Y	W	H	M	C	P
0	0.84927	0.01038	0.00789	0.00706	0.01038	0.01204	0.00581	0.01578	0.00914	0.02408	0.00747	0.00872	0.00581	0.00498	0.00332	0.00166	0.00415	0.00291	0.00332	0.00581
1	0.01113	0.00954	0.01113	0.00795	0.01272	0.00716	0.00636	0.01352	0.01113	0.01749	0.00954	0.01113	0.00795	0.00398	0.00398	0.00080	0.00398	0.00318	0.00318	0.84417
2	0.00920	0.00466	0.00696	0.00702	0.00703	0.00465	0.00468	0.00702	0.00714	0.00953	0.01026	0.05293	0.01053	0.01856	0.02033	0.80489	0.00459	0.00515	0.00245	0.00242
3	0.00781	0.00520	0.00585	0.00585	0.00585	0.00520	0.00325	0.00781	0.00781	0.01041	0.01691	0.03513	0.01952	0.81135	0.02732	0.00520	0.00520	0.00781	0.00325	0.00325
4	0.01027	0.00980	0.01693	0.75700	0.03649	0.01201	0.05463	0.01390	0.01084	0.01390	0.00961	0.01432	0.00721	0.00532	0.00542	0.00179	0.00726	0.00485	0.00240	0.00603
5	0.00829	0.00645	0.00884	0.00995	0.05579	0.00633	0.02567	0.01090	0.06044	0.01560	0.07416	0.29120	0.10688	0.06999	0.00818	0.00234	0.00414	0.22499	0.00474	0.00510
6	0.02009	0.01474	0.01520	0.01187	0.01588	0.06983	0.00971	0.60259	0.02303	0.09880	0.03592	0.01411	0.01068	0.00653	0.00533	0.00159	0.00587	0.00493	0.02460	0.00871
7	0.01925	0.01937	0.01479	0.01261	0.01591	0.39577	0.00983	0.27911	0.09385	0.04080	0.01190	0.01241	0.00903	0.00608	0.00506	0.00151	0.00744	0.00430	0.03348	0.00749
8	0.00673	0.00556	0.00590	0.00598	0.00757	0.00487	0.00439	0.00857	0.03863	0.01505	0.09733	0.14115	0.59161	0.03386	0.00691	0.00194	0.00287	0.01142	0.00502	0.00465
9	0.01911	0.01407	0.01528	0.01199	0.01594	0.01554	0.00988	0.68288	0.02374	0.03182	0.01406	0.03672	0.01092	0.00819	0.03116	0.00189	0.00607	0.03682	0.00526	0.00868
10	0.00767	0.00575	0.00863	0.00863	0.00959	0.00671	0.00671	0.00959	0.00863	0.01246	0.01438	0.02109	0.01342	0.04026	0.79008	0.00863	0.01438	0.00575	0.00288	0.00479
11	0.01395	0.01089	0.01391	0.10385	0.11717	0.03279	0.00948	0.08459	0.01306	0.10886	0.01134	0.01294	0.00872	0.00506	0.00510	0.00127	0.03212	0.00409	0.01985	0.39095
12	0.01120	0.12328	0.69184	0.01456	0.02208	0.01353	0.01854	0.01689	0.01128	0.01647	0.00937	0.01100	0.00681	0.00504	0.00490	0.00163	0.00767	0.00383	0.00227	0.00781
13	0.00686	0.00546	0.00616	0.00598	0.00757	0.00475	0.00449	0.00871	0.01346	0.01741	0.35320	0.04687	0.47505	0.01251	0.00634	0.00176	0.00264	0.01066	0.00537	0.00475
