[name]
unknown

[dist]
# distance from previous block
# <min> <max>
27	53

[block]
# block no. 0 follows, 48 sequences, length 41
# corresponding to MSA columns:
# 76-116
name=unknown_A
#
# <colnr> <probs for GDERKNQSTAVLIFYWHMCP>
#	G	D	E	R	K	N	Q	S	T	A	V	L	I	F	Y	W	H	M	C	P
0	0.01624	0.01089	0.01235	0.00979	0.01332	0.01112	0.00790	0.37149	0.05783	0.15068	0.06606	0.07902	0.03862	0.00717	0.00516	0.00150	0.00458	0.00583	0.00504	0.12541
1	0.01095	0.03319	0.01813	0.06191	0.01836	0.01023	0.29842	0.06962	0.05641	0.01717	0.05095	0.13094	0.06077	0.00706	0.00554	0.00160	0.00579	0.00695	0.00355	0.13247
2	0.03604	0.01020	0.01226	0.12689	0.01610	0.01083	0.00862	0.29992	0.04817	0.10251	0.01589	0.17909	0.01417	0.00785	0.00525	0.00162	0.00485	0.00657	0.00452	0.08864
3	0.02171	0.00946	0.02822	0.00985	0.01388	0.00816	0.04240	0.05539	0.01489	0.68819	0.03963	0.01751	0.01314	0.00633	0.00522	0.00159	0.00463	0.00526	0.00603	0.00852
4	0.01234	0.01183	0.02019	0.12293	0.69900	0.01210	0.01557	0.01544	0.01152	0.01633	0.00959	0.01281	0.00798	0.00464	0.00509	0.00155	0.00618	0.00457	0.00251	0.00784
5	0.01448	0.19066	0.02984	0.13989	0.04053	0.04761	0.12003	0.05746	0.08951	0.14688	0.01293	0.01405	0.02145	0.00550	0.00503	0.00152	0.02076	0.00464	0.03018	0.00704
6	0.01294	0.28068	0.12657	0.03547	0.06367	0.09092	0.02556	0.02822	0.04281	0.01390	0.00832	0.01056	0.00716	0.00596	0.00765	0.00159	0.22519	0.00380	0.00245	0.00657
7	0.00625	0.00447	0.00595	0.00714	0.00744	0.00417	0.00476	0.00714	0.00982	0.01310	0.02828	0.81633	0.03394	0.01608	0.00655	0.00208	0.00298	0.01459	0.00476	0.00417
8	0.00631	0.00450	0.00602	0.00721	0.00753	0.00421	0.00486	0.00724	0.00988	0.01316	0.02825	0.79580	0.03382	0.01602	0.00656	0.00209	0.00302	0.03458	0.00476	0.00418
9	0.17121	0.05911	0.07031	0.14380	0.01776	0.12951	0.01025	0.13036	0.04938	0.07937	0.01016	0.01164	0.00768	0.00573	0.00569	0.00161	0.08237	0.00400	0.00337	0.00670
10	0.00625	0.00447	0.00595	0.00714	0.00744	0.00417	0.00476	0.00714	0.00982	0.01310	0.02828	0.81633	0.03394	0.01608	0.00655	0.00208	0.00298	0.01459	0.00476	0.00417
11	0.00610	0.00520	0.00525	0.00523	0.00695	0.00435	0.00393	0.00743	0.01178	0.01406	0.07337	0.04906	0.76408	0.01292	0.00606	0.00173	0.00259	0.01078	0.00479	0.00435
12	0.02013	0.01257	0.01424	0.01097	0.01495	0.01334	0.00905	0.54423	0.02108	0.24018	0.01454	0.01395	0.00993	0.00713	0.02765	0.00174	0.00552	0.00479	0.00540	0.00861
13	0.05474	0.63708	0.05667	0.00953	0.01378	0.11452	0.00921	0.03051	0.01113	0.01322	0.00742	0.00855	0.00658	0.00457	0.00355	0.00118	0.00597	0.00289	0.00235	0.00654
14	0.01191	0.06484	0.15690	0.01969	0.02523	0.01324	0.59837	0.01634	0.01180	0.01614	0.00999	0.01300	0.00750	0.00442	0.00569	0.00167	0.00828	0.00548	0.00250	0.00701
15	0.05103	0.30233	0.35447	0.05366	0.01836	0.09488	0.01347	0.01608	0.01088	0.01448	0.00821	0.00981	0.00652	0.00484	0.00447	0.00142	0.02258	0.00338	0.00228	0.00684
16	0.00969	0.00912	0.01539	0.80734	0.03534	0.01140	0.01425	0.01311	0.01026	0.01311	0.00912	0.01368	0.00684	0.00513	0.00513	0.00171	0.00684	0.00456	0.00228	0.00570
17	0.85592	0.00992	0.00754	0.00675	0.00992	0.01151	0.00556	0.01508	0.00873	0.02302	0.00714	0.00834	0.00556	0.00476	0.00318	0.00159	0.00397	0.00278	0.00318	0.00556
18	0.00632	0.00461	0.00596	0.00690	0.00741	0.00424	0.00469	0.00739	0.01042	0.01384	0.09771	0.67345	0.10758	0.01528	0.00646	0.00201	0.00289	0.01375	0.00484	0.00424
19	0.01182	0.05390	0.05099	0.30990	0.33503	0.01201	0.02622	0.02486	0.04358	0.04348	0.01141	0.01424	0.03002	0.00520	0.00505	0.00159	0.00619	0.00471	0.00276	0.00704
20	0.01336	0.01132	0.01194	0.01056	0.01357	0.01304	0.00827	0.09325	0.71143	0.02243	0.02012	0.01854	0.01505	0.00689	0.00521	0.00172	0.00420	0.00570	0.00521	0.00818
21	0.01183	0.01481	0.09909	0.02071	0.02603	0.01271	0.68627	0.01624	0.01195	0.01636	0.01062	0.02894	0.00817	0.00460	0.00596	0.00173	0.00844	0.00601	0.00260	0.00693
22	0.08441	0.01412	0.01612	0.08442	0.22574	0.13236	0.02906	0.24374	0.05943	0.04537	0.01093	0.01233	0.00832	0.00541	0.00491	0.00154	0.00622	0.00437	0.00364	0.00755
23	0.01470	0.60580	0.02322	0.00975	0.01358	0.20102	0.00889	0.01625	0.01136	0.01222	0.00812	0.03916	0.00763	0.00504	0.00373	0.00119	0.00627	0.00332	0.00240	0.00634
24	0.01230	0.00931	0.01139	0.00941	0.05906	0.00765	0.00696	0.05248	0.02419	0.09798	0.03567	0.03557	0.01039	0.00484	0.00426	0.00101	0.00403	0.00400	0.00363	0.60588
25	0.01520	0.01282	0.04800	0.10450	0.10260	0.05768	0.12538	0.18780	0.08094	0.13058	0.03416	0.03707	0.01102	0.00594	0.00528	0.00160	0.00605	0.00527	0.00403	0.02409
26	0.01193	0.01100	0.01871	0.20910	0.51694	0.01145	0.03774	0.01500	0.01146	0.03752	0.01158	0.01586	0.02705	0.00534	0.00523	0.00162	0.00616	0.03626	0.00273	0.00731
27	0.00873	0.00784	0.01303	0.42566	0.07012	0.00887	0.05008	0.01125	0.01028	0.01350	0.01626	0.30848	0.01692	0.00908	0.00570	0.00184	0.00547	0.00832	0.00322	0.00535
28	0.01803	0.21548	0.05604	0.01099	0.04383	0.01383	0.00940	0.24697	0.04246	0.25820	0.01343	0.01302	0.00950	0.00564	0.00464	0.00144	0.00524	0.00429	0.00449	0.02308
29	0.01410	0.10616	0.22824	0.06271	0.05847	0.01294	0.15789	0.12826	0.03073	0.11902	0.01171	0.02689	0.00868	0.00534	0.00506	0.00158	0.00657	0.00473	0.00337	0.00753
30	0.00606	0.00520	0.00520	0.00520	0.00693	0.00433	0.00390	0.00736	0.01170	0.01386	0.05198	0.04938	0.78558	0.01299	0.00606	0.00173	0.00260	0.01083	0.00476	0.00433
31	0.00679	0.00538	0.00613	0.00600	0.00749	0.00483	0.00448	0.00899	0.04044	0.01675	0.34022	0.09026	0.41984	0.01197	0.00606	0.00171	0.00260	0.01026	0.00513	0.00466
32	0.01433	0.07994	0.14702	0.10528	0.18277	0.09151	0.07767	0.11017	0.02564	0.08762	0.02320	0.01280	0.00867	0.00521	0.00498	0.00154	0.00661	0.00445	0.00319	0.00740
33	0.02084	0.00880	0.01135	0.00889	0.01252	0.00806	0.00729	0.07766	0.04705	0.61788	0.01931	0.01735	0.01259	0.00632	0.00499	0.00155	0.00423	0.00511	0.09997	0.00827
34	0.00618	0.00519	0.00526	0.00525	0.00687	0.00438	0.00387	0.00743	0.01151	0.01380	0.06865	0.04814	0.72029	0.06169	0.00728	0.00193	0.00274	0.01059	0.00469	0.00427
35	0.01254	0.48467	0.30417	0.01106	0.01646	0.04685	0.01247	0.01574	0.01068	0.01360	0.00807	0.00948	0.00670	0.00537	0.02181	0.00146	0.00658	0.00321	0.00221	0.00688
36	0.02006	0.11660	0.06319	0.00972	0.01389	0.01049	0.00863	0.12106	0.01499	0.51814	0.01703	0.03847	0.01161	0.00626	0.00494	0.00153	0.00484	0.00496	0.00534	0.00825
37	0.00700	0.00504	0.00679	0.00789	0.00859	0.00482	0.00600	0.00849	0.01074	0.01415	0.04998	0.49201	0.05993	0.01512	0.00671	0.00216	0.00358	0.28183	0.00477	0.00439
38	0.12039	0.01011	0.06336	0.00924	0.01333	0.00842	0.00808	0.02330	0.03078	0.63167	0.01797	0.01598	0.01151	0.00608	0.00491	0.00159	0.00453	0.00480	0.00567	0.00827
39	0.01417	0.06178	0.06281	0.00833	0.01128	0.00781	0.00717	0.05286	0.01400	0.30171	0.27695	0.05415	0.06257	0.03384	0.00607	0.00170	0.00395	0.00696	0.00527	0.00665
40	0.00847	0.00754	0.05562	0.00832	0.00988	0.00676	0.02360	0.04560	0.01135	0.04292	0.09436	0.29978	0.19259	0.04137	0.03786	0.00224	0.07320	0.02916	0.00436	0.00503

[dist]
# distance from previous block
# <min> <max>
0	1

[block]
# block no. 1 follows, 48 sequences, length 8
# corresponding to MSA columns:
# 118-125
name=unknown_B
#
# <colnr> <probs for GDERKNQSTAVLIFYWHMCP>
#	G	D	E	R	K	N	Q	S	T	A	V	L	I	F	Y	W	H	M	C	P
0	0.46081	0.00987	0.00892	0.03011	0.01132	0.05071	0.00614	0.01454	0.01044	0.04956	0.10199	0.01303	0.01155	0.00533	0.00387	0.00139	0.00412	0.00379	0.00351	0.19900
1	0.16158	0.07338	0.01563	0.18450	0.13685	0.01317	0.02557	0.20248	0.02929	0.03641	0.00994	0.01182	0.00762	0.00523	0.00482	0.00153	0.02145	0.00411	0.00337	0.05125
2	0.16130	0.24843	0.05217	0.00965	0.01357	0.08157	0.00862	0.17287	0.01418	0.13959	0.04499	0.01207	0.00966	0.00549	0.00425	0.00142	0.00537	0.00390	0.00381	0.00710
3	0.01437	0.29490	0.01908	0.01093	0.01466	0.01513	0.08054	0.16589	0.18409	0.05360	0.01366	0.01635	0.01125	0.02870	0.00531	0.00160	0.00539	0.05343	0.00386	0.00726
4	0.11108	0.04086	0.00869	0.00739	0.00950	0.00823	0.00577	0.01469	0.21017	0.01956	0.33228	0.03049	0.16370	0.00908	0.00538	0.00164	0.00319	0.00760	0.00494	0.00575
5	0.01070	0.00900	0.00974	0.00890	0.01127	0.00993	0.00686	0.02084	0.51122	0.02034	0.19940	0.02718	0.11600	0.00850	0.00551	0.00171	0.00351	0.00720	0.00526	0.00691
6	0.01430	0.01179	0.01247	0.01075	0.01393	0.01348	0.00849	0.19728	0.60588	0.02395	0.01893	0.01758	0.01408	0.00678	0.00520	0.00169	0.00442	0.00553	0.00520	0.00826
7	0.26924	0.34908	0.04697	0.00914	0.01289	0.11311	0.00825	0.01738	0.10305	0.01674	0.00897	0.00981	0.00737	0.00494	0.00372	0.00137	0.00540	0.00323	0.00291	0.00642

[dist]
# distance from previous block
# <min> <max>
0	1

[block]
# block no. 2 follows, 48 sequences, length 23
# corresponding to MSA columns:
# 127-149
name=unknown_C
#
# <colnr> <probs for GDERKNQSTAVLIFYWHMCP>
#	G	D	E	R	K	N	Q	S	T	A	V	L	I	F	Y	W	H	M	C	P
0	0.05431	0.26676	0.11144	0.01042	0.01489	0.05446	0.00984	0.20826	0.03455	0.13482	0.01113	0.01140	0.00826	0.00529	0.00436	0.00138	0.00562	0.00383	0.00374	0.04523
1	0.01751	0.03244	0.03371	0.03988	0.13670	0.01475	0.01085	0.54573	0.03611	0.04356	0.01188	0.01250	0.00867	0.00577	0.00505	0.00152	0.00569	0.00455	0.00448	0.02865
2	0.00625	0.00447	0.00595	0.00714	0.00744	0.00417	0.00476	0.00714	0.00982	0.01310	0.02828	0.81633	0.03394	0.01608	0.00655	0.00208	0.00298	0.01459	0.00476	0.00417
3	0.01909	0.01417	0.01517	0.01172	0.01575	0.01572	0.00965	0.72500	0.07036	0.03167	0.01284	0.01274	0.00915	0.00621	0.00514	0.00155	0.00555	0.00469	0.00514	0.00869
4	0.31491	0.04017	0.01110	0.00840	0.01212	0.00981	0.00699	0.05584	0.01287	0.45680	0.01478	0.01367	0.00978	0.00571	0.00439	0.00157	0.00433	0.00421	0.00502	0.00754
5	0.01339	0.01088	0.01162	0.01036	0.01333	0.01244	0.00809	0.02713	0.73159	0.06864	0.02084	0.01904	0.01548	0.00692	0.00522	0.00173	0.00408	0.00576	0.00529	0.00816
6	0.00891	0.00446	0.00668	0.00668	0.00668	0.00446	0.00446	0.00668	0.00668	0.00891	0.00891	0.01560	0.00891	0.01783	0.02005	0.85071	0.00446	0.00446	0.00223	0.00223
7	0.00969	0.00912	0.01539	0.80734	0.03534	0.01140	0.01425	0.01311	0.01026	0.01311	0.00912	0.01368	0.00684	0.00513	0.00513	0.00171	0.00684	0.00456	0.00228	0.00570
8	0.00689	0.00492	0.00669	0.00788	0.00846	0.00472	0.00588	0.00826	0.01046	0.01382	0.02793	0.57448	0.03253	0.01547	0.00672	0.00217	0.00353	0.25008	0.00475	0.00435
9	0.00625	0.00447	0.00595	0.00714	0.00744	0.00417	0.00476	0.00714	0.00982	0.01310	0.02828	0.81633	0.03394	0.01608	0.00655	0.00208	0.00298	0.01459	0.00476	0.00417
10	0.00891	0.00446	0.00668	0.00668	0.00668	0.00446	0.00446	0.00668	0.00668	0.00891	0.00891	0.01560	0.00891	0.01783	0.02005	0.85071	0.00446	0.00446	0.00223	0.00223
11	0.01276	0.01102	0.01160	0.01044	0.01334	0.01276	0.00812	0.02727	0.77840	0.02146	0.02088	0.01914	0.01566	0.00696	0.00522	0.00174	0.00406	0.00580	0.00522	0.00812
12	0.01276	0.01102	0.01160	0.01044	0.01334	0.01276	0.00812	0.02727	0.77840	0.02146	0.02088	0.01914	0.01566	0.00696	0.00522	0.00174	0.00406	0.00580	0.00522	0.00812
13	0.01029	0.02654	0.79309	0.01462	0.02221	0.01192	0.01896	0.01625	0.01083	0.01625	0.00921	0.01083	0.00650	0.00487	0.00487	0.00162	0.00758	0.00379	0.00217	0.00758
14	0.01258	0.01236	0.02183	0.02969	0.66864	0.01240	0.10872	0.01572	0.01161	0.01658	0.00965	0.01279	0.00804	0.00468	0.00558	0.00157	0.03235	0.00475	0.00254	0.00790
15	0.01029	0.02654	0.79309	0.01462	0.02221	0.01192	0.01896	0.01625	0.01083	0.01625	0.00921	0.01083	0.00650	0.00487	0.00487	0.00162	0.00758	0.00379	0.00217	0.00758
16	0.01211	0.01384	0.03028	0.02163	0.02682	0.01298	0.76903	0.01644	0.01211	0.01644	0.01038	0.01384	0.00779	0.00433	0.00606	0.00173	0.00865	0.00606	0.00260	0.00692
17	0.00625	0.00447	0.00595	0.00714	0.00744	0.00417	0.00476	0.00714	0.00982	0.01310	0.02828	0.81633	0.03394	0.01608	0.00655	0.00208	0.00298	0.01459	0.00476	0.00417
18	0.00744	0.00505	0.00600	0.00600	0.00614	0.00519	0.00361	0.00772	0.00758	0.01025	0.01580	0.03153	0.01776	0.70038	0.14419	0.00547	0.00631	0.00716	0.00305	0.00333
19	0.00607	0.00517	0.00523	0.00528	0.00695	0.00433	0.00393	0.00735	0.01162	0.01383	0.05103	0.08012	0.75546	0.01312	0.00608	0.00175	0.00261	0.01098	0.00476	0.00433
20	0.00641	0.00521	0.00568	0.00556	0.00714	0.00448	0.00417	0.00804	0.01252	0.01581	0.26494	0.04617	0.57141	0.01227	0.00606	0.00170	0.00255	0.01038	0.00502	0.00448
21	0.01120	0.04282	0.31308	0.17395	0.27515	0.01224	0.06833	0.01546	0.01108	0.01569	0.00935	0.01212	0.00719	0.00477	0.00502	0.00160	0.00696	0.00432	0.00234	0.00732
22	0.01586	0.01825	0.01665	0.02013	0.32086	0.42032	0.01200	0.01851	0.04956	0.01462	0.00945	0.01150	0.00788	0.00634	0.03486	0.00168	0.00793	0.00401	0.00273	0.00686

[dist]
# distance from previous block
# <min> <max>
0	1

[block]
# block no. 3 follows, 48 sequences, length 50
# corresponding to MSA columns:
# 151-200
name=unknown_D
#
# <colnr> <probs for GDERKNQSTAVLIFYWHMCP>
#	G	D	E	R	K	N	Q	S	T	A	V	L	I	F	Y	W	H	M	C	P
0	0.02292	0.00889	0.01201	0.00921	0.01318	0.00778	0.00760	0.04619	0.01495	0.76966	0.02002	0.01732	0.01259	0.00635	0.00516	0.00159	0.00440	0.00514	0.00632	0.00873
1	0.12085	0.00966	0.01129	0.04871	0.01331	0.00957	0.00741	0.10931	0.01168	0.03885	0.00988	0.01201	0.00809	0.00870	0.09438	0.00200	0.07568	0.00374	0.00327	0.40162
2	0.00728	0.00516	0.00624	0.00667	0.00714	0.00505	0.00435	0.02563	0.03486	0.01293	0.05112	0.40977	0.06707	0.30230	0.01366	0.01787	0.00377	0.01096	0.00418	0.00402
3	0.00741	0.00495	0.00561	0.00567	0.00568	0.00494	0.00318	0.00745	0.00757	0.01009	0.01671	0.06855	0.01934	0.78377	0.02524	0.00485	0.00489	0.00778	0.00318	0.00316
4	0.71971	0.00979	0.00880	0.13561	0.01401	0.01149	0.00696	0.01477	0.00898	0.02143	0.00746	0.00920	0.00576	0.00482	0.00349	0.00161	0.00443	0.00307	0.00303	0.00558
5	0.01310	0.01119	0.01179	0.01051	0.01347	0.01292	0.00820	0.06422	0.74090	0.02200	0.02046	0.01880	0.01532	0.00692	0.00522	0.00173	0.00414	0.00574	0.00522	0.00815
6	0.01342	0.01325	0.13692	0.17779	0.17370	0.01121	0.15176	0.02994	0.04835	0.15445	0.01251	0.03273	0.00934	0.00541	0.00529	0.00165	0.00646	0.00512	0.00334	0.00736
7	0.02128	0.00908	0.01184	0.00930	0.01307	0.00834	0.00761	0.04172	0.11258	0.65877	0.03696	0.01802	0.01378	0.00652	0.00519	0.00161	0.00431	0.00532	0.00616	0.00857
8	0.85592	0.00992	0.00754	0.00675	0.00992	0.01151	0.00556	0.01508	0.00873	0.02302	0.00714	0.00834	0.00556	0.00476	0.00318	0.00159	0.00397	0.00278	0.00318	0.00556
9	0.01363	0.80298	0.04592	0.00892	0.01339	0.02009	0.00903	0.01539	0.01044	0.01218	0.00718	0.00830	0.00658	0.00440	0.00333	0.00111	0.00554	0.00277	0.00219	0.00661
10	0.00739	0.00530	0.00671	0.00632	0.00766	0.00482	0.00475	0.00963	0.01410	0.03436	0.66058	0.03958	0.15806	0.01079	0.00604	0.00163	0.00248	0.00943	0.00553	0.00484
11	0.00629	0.00448	0.00594	0.00710	0.00739	0.00419	0.00472	0.00715	0.00976	0.01301	0.02794	0.79455	0.03351	0.03844	0.00709	0.00216	0.00303	0.01439	0.00472	0.00414
12	0.01211	0.01384	0.03028	0.02163	0.02682	0.01298	0.76903	0.01644	0.01211	0.01644	0.01038	0.01384	0.00779	0.00433	0.00606	0.00173	0.00865	0.00606	0.00260	0.00692
13	0.00720	0.00524	0.00677	0.00639	0.00763	0.00481	0.00479	0.00956	0.01437	0.02022	0.74625	0.03891	0.08735	0.01062	0.00605	0.00162	0.00243	0.00936	0.00560	0.00481
14	0.00606	0.00520	0.00520	0.00520	0.00693	0.00433	0.00390	0.00736	0.01170	0.01386	0.05198	0.04938	0.78558	0.01299	0.00606	0.00173	0.00260	0.01083	0.00476	0.00433
15	0.01372	0.82276	0.02689	0.00878	0.01317	0.02030	0.00878	0.01536	0.01043	0.01207	0.00713	0.00823	0.00658	0.00439	0.00329	0.00110	0.00549	0.00274	0.00219	0.00658
16	0.00723	0.00522	0.00683	0.00648	0.00766	0.00482	0.00484	0.00960	0.01437	0.02033	0.76003	0.06396	0.04794	0.01067	0.00607	0.00163	0.00244	0.00945	0.00562	0.00482
17	0.06723	0.05908	0.35913	0.08167	0.04897	0.03479	0.04267	0.04234	0.01146	0.05770	0.00966	0.01130	0.00717	0.00479	0.00460	0.00145	0.00636	0.00382	0.00275	0.14304
18	0.13007	0.01464	0.05120	0.11036	0.36794	0.17320	0.03051	0.01658	0.01174	0.03419	0.00914	0.01156	0.00734	0.00486	0.00475	0.00152	0.00662	0.00408	0.00269	0.00701
19	0.31428	0.01157	0.01331	0.17252	0.21048	0.08774	0.01042	0.03984	0.01096	0.01820	0.00973	0.04591	0.00837	0.00556	0.00447	0.00161	0.00561	0.02017	0.00295	0.00630
20	0.01329	0.00950	0.01121	0.04532	0.04251	0.01013	0.00791	0.15495	0.24679	0.11524	0.09065	0.06450	0.08539	0.03501	0.00618	0.00182	0.00432	0.04324	0.00499	0.00704
21	0.00625	0.00449	0.00593	0.00708	0.00743	0.00417	0.00473	0.00715	0.00989	0.01312	0.02906	0.79104	0.05871	0.01597	0.00653	0.00207	0.00296	0.01446	0.00476	0.00417
22	0.01869	0.02330	0.01482	0.01409	0.05657	0.72377	0.01018	0.03579	0.03176	0.01339	0.00840	0.00972	0.00694	0.00531	0.00467	0.00135	0.00890	0.00345	0.00275	0.00617
23	0.01917	0.02445	0.01454	0.01322	0.01586	0.79907	0.00991	0.02049	0.01454	0.01256	0.00793	0.00925	0.00661	0.00529	0.00463	0.00132	0.00925	0.00330	0.00264	0.00595
24	0.00726	0.00524	0.00686	0.00646	0.00767	0.00484	0.00484	0.00968	0.01452	0.02058	0.78496	0.03833	0.04841	0.01049	0.00605	0.00161	0.00242	0.00928	0.00565	0.00484
25	0.00606	0.00520	0.00520	0.00520	0.00693	0.00433	0.00390	0.00736	0.01170	0.01386	0.05198	0.04938	0.78558	0.01299	0.00606	0.00173	0.00260	0.01083	0.00476	0.00433
26	0.01276	0.01102	0.01160	0.01044	0.01334	0.01276	0.00812	0.02727	0.77840	0.02146	0.02088	0.01914	0.01566	0.00696	0.00522	0.00174	0.00406	0.00580	0.00522	0.00812
27	0.00746	0.00497	0.00560	0.00560	0.00560	0.00497	0.00311	0.00746	0.00746	0.00995	0.01617	0.03358	0.01865	0.81967	0.02612	0.00497	0.00497	0.00746	0.00311	0.00311
28	0.01064	0.00912	0.01064	0.00760	0.01216	0.00684	0.00608	0.01292	0.01064	0.01672	0.00912	0.01064	0.00760	0.00380	0.00380	0.00076	0.00380	0.00304	0.00304	0.85104
29	0.01064	0.00912	0.01064	0.00760	0.01216	0.00684	0.00608	0.01292	0.01064	0.01672	0.00912	0.01064	0.00760	0.00380	0.00380	0.00076	0.00380	0.00304	0.00304	0.85104
30	0.01598	0.44590	0.02127	0.01009	0.01421	0.01791	0.00913	0.29771	0.05614	0.03710	0.01007	0.01059	0.00800	0.00531	0.00437	0.00133	0.02018	0.00369	0.00354	0.00749
31	0.83686	0.00990	0.00772	0.02478	0.01050	0.01151	0.00575	0.01504	0.00877	0.02280	0.00719	0.00846	0.00559	0.00477	0.00322	0.00159	0.00403	0.00282	0.00316	0.00556
32	0.01084	0.00624	0.00811	0.00720	0.00904	0.00574	0.00554	0.03931	0.01458	0.17850	0.54353	0.07449	0.05657	0.00984	0.00586	0.00163	0.00297	0.00859	0.00571	0.00573
33	0.00746	0.00497	0.00560	0.00560	0.00560	0.00497	0.00311	0.00746	0.00746	0.00995	0.01617	0.03358	0.01865	0.81967	0.02612	0.00497	0.00497	0.00746	0.00311	0.00311
34	0.00735	0.00501	0.00592	0.00588	0.00619	0.00490	0.00361	0.00798	0.00928	0.01267	0.20144	0.07606	0.02661	0.58290	0.02026	0.00401	0.00426	0.00827	0.00381	0.00358
35	0.00726	0.00524	0.00686	0.00646	0.00767	0.00484	0.00484	0.00968	0.01452	0.02058	0.78496	0.03833	0.04841	0.01049	0.00605	0.00161	0.00242	0.00928	0.00565	0.00484
36	0.01216	0.08307	0.01611	0.57411	0.02927	0.13879	0.01278	0.01502	0.01116	0.04728	0.00925	0.01266	0.00704	0.00514	0.00489	0.00159	0.00700	0.00422	0.00251	0.00595
37	0.15413	0.01366	0.01413	0.01099	0.01495	0.01520	0.00908	0.64896	0.02165	0.03084	0.01149	0.01168	0.00822	0.00593	0.00482	0.00155	0.00538	0.00432	0.00482	0.00822
38	0.04412	0.19083	0.04413	0.01075	0.01451	0.09953	0.00922	0.28007	0.19638	0.02191	0.01340	0.01341	0.02806	0.00594	0.00465	0.00148	0.00556	0.00441	0.00407	0.00757
39	0.00665	0.00529	0.00560	0.00566	0.00734	0.00450	0.00430	0.00801	0.01168	0.03442	0.04839	0.08983	0.67964	0.01305	0.00613	0.00179	0.00279	0.05564	0.00480	0.00446
40	0.01106	0.09813	0.64067	0.01474	0.04641	0.01269	0.04321	0.01630	0.01091	0.03392	0.00929	0.01092	0.00675	0.00490	0.00497	0.00159	0.01992	0.00384	0.00230	0.00748
41	0.00829	0.00555	0.00671	0.00624	0.00790	0.00490	0.00474	0.01025	0.01348	0.09017	0.43972	0.04050	0.32033	0.01104	0.00597	0.00166	0.00267	0.00947	0.00538	0.00502
42	0.01764	0.01010	0.05535	0.03706	0.01534	0.00866	0.10552	0.05431	0.03026	0.45282	0.13882	0.01963	0.01709	0.00663	0.00540	0.00162	0.00491	0.00582	0.00532	0.00771
43	0.01727	0.04151	0.01471	0.01074	0.01496	0.01399	0.00888	0.57062	0.02056	0.02805	0.01140	0.01179	0.00839	0.00556	0.00476	0.00135	0.00522	0.00419	0.00455	0.20151
44	0.01441	0.04709	0.01402	0.01082	0.05910	0.01098	0.02354	0.27137	0.01546	0.05140	0.01060	0.01155	0.00817	0.00478	0.00440	0.00114	0.00476	0.00380	0.00380	0.42882
45	0.01215	0.01374	0.02969	0.02224	0.07393	0.01293	0.72239	0.01639	0.01208	0.01646	0.01034	0.01377	0.00781	0.00434	0.00599	0.00172	0.00849	0.00596	0.00259	0.00700
46	0.00969	0.00912	0.01539	0.80734	0.03534	0.01140	0.01425	0.01311	0.01026	0.01311	0.00912	0.01368	0.00684	0.00513	0.00513	0.00171	0.00684	0.00456	0.00228	0.00570
47	0.00719	0.00524	0.00676	0.00638	0.00762	0.00481	0.00479	0.00955	0.01436	0.02019	0.74313	0.03896	0.09048	0.01063	0.00605	0.00162	0.00243	0.00937	0.00560	0.00481
48	0.01844	0.07360	0.04967	0.01301	0.01598	0.71647	0.01024	0.01999	0.01412	0.01269	0.00794	0.00926	0.00660	0.00521	0.00456	0.00132	0.00895	0.00329	0.00260	0.00606
49	0.00746	0.00497	0.00560	0.00560	0.00560	0.00497	0.00311	0.00746	0.00746	0.00995	0.01617	0.03358	0.01865	0.81967	0.02612	0.00497	0.00497	0.00746	0.00311	0.00311

[dist]
# distance from previous block
# <min> <max>
0	17

[block]
# block no. 4 follows, 48 sequences, length 46
# corresponding to MSA columns:
# 218-263
name=unknown_E
#
# <colnr> <probs for GDERKNQSTAVLIFYWHMCP>
#	G	D	E	R	K	N	Q	S	T	A	V	L	I	F	Y	W	H	M	C	P
0	0.01013	0.00964	0.01650	0.68874	0.12766	0.01154	0.03666	0.01353	0.01049	0.01366	0.00922	0.01356	0.00703	0.00504	0.00515	0.00169	0.00680	0.00461	0.00232	0.00603
1	0.00746	0.00497	0.00560	0.00560	0.00560	0.00497	0.00311	0.00746	0.00746	0.00995	0.01617	0.03358	0.01865	0.81967	0.02612	0.00497	0.00497	0.00746	0.00311	0.00311
2	0.01319	0.01220	0.01163	0.01047	0.01330	0.09672	0.00811	0.03867	0.63995	0.02028	0.02109	0.01966	0.05778	0.00711	0.00520	0.00169	0.00456	0.00579	0.00492	0.00769
3	0.28635	0.01237	0.01288	0.09719	0.01612	0.01401	0.00890	0.44573	0.01768	0.02725	0.01031	0.01119	0.00750	0.00560	0.00451	0.00157	0.00524	0.00402	0.00419	0.00738
4	0.02302	0.00873	0.01191	0.00913	0.01310	0.00754	0.00754	0.02501	0.01469	0.79122	0.02024	0.01746	0.01270	0.00635	0.00516	0.00159	0.00437	0.00516	0.00635	0.00873
5	0.00886	0.00584	0.00752	0.00718	0.00857	0.00551	0.00542	0.04913	0.01391	0.07538	0.48739	0.18910	0.05654	0.01130	0.00609	0.00174	0.00295	0.04696	0.00543	0.00517
6	0.00625	0.00447	0.00595	0.00714	0.00744	0.00417	0.00476	0.00714	0.00982	0.01310	0.02828	0.81633	0.03394	0.01608	0.00655	0.00208	0.00298	0.01459	0.00476	0.00417
7	0.00982	0.00915	0.01531	0.69543	0.09855	0.01111	0.01375	0.01302	0.01023	0.01325	0.00956	0.01471	0.00761	0.05080	0.00630	0.00188	0.00667	0.00472	0.00235	0.00576
8	0.58241	0.01027	0.00911	0.00776	0.01093	0.01157	0.00635	0.16271	0.01250	0.04185	0.09181	0.01254	0.01093	0.00569	0.00391	0.00158	0.00414	0.00389	0.00390	0.00617
9	0.08715	0.17233	0.03168	0.05918	0.32553	0.09512	0.01196	0.11379	0.01305	0.03115	0.00926	0.01115	0.00751	0.00490	0.00453	0.00144	0.00609	0.00393	0.00292	0.00734
10	0.08850	0.10927	0.02686	0.01235	0.04965	0.37332	0.00945	0.08648	0.16386	0.01713	0.01079	0.01145	0.00854	0.00551	0.00454	0.00143	0.00687	0.00387	0.00335	0.00678
11	0.00882	0.00472	0.00714	0.05165	0.00833	0.00483	0.00502	0.00707	0.00705	0.00936	0.00991	0.05636	0.01007	0.01702	0.01853	0.75974	0.00451	0.00498	0.00236	0.00252
12	0.01207	0.02205	0.54295	0.09916	0.02247	0.01266	0.03087	0.16367	0.01340	0.01907	0.00983	0.01149	0.00700	0.00514	0.00498	0.00162	0.00714	0.00408	0.00277	0.00759
13	0.00662	0.00498	0.00572	0.00593	0.00684	0.00452	0.00405	0.00769	0.01069	0.01378	0.14962	0.22008	0.31873	0.20477	0.01093	0.00256	0.00322	0.01066	0.00451	0.00408
14	0.01133	0.00910	0.01071	0.00769	0.01221	0.00688	0.00616	0.01360	0.01087	0.06019	0.00974	0.01102	0.00789	0.00394	0.00388	0.00081	0.00383	0.00316	0.00323	0.80376
15	0.00663	0.00475	0.00610	0.00670	0.00727	0.00443	0.00456	0.00783	0.01085	0.01468	0.21885	0.49552	0.07428	0.10239	0.00854	0.00226	0.00304	0.01228	0.00481	0.00423
16	0.01064	0.00912	0.01064	0.00760	0.01216	0.00684	0.00608	0.01292	0.01064	0.01672	0.00912	0.01064	0.00760	0.00380	0.00380	0.00076	0.00380	0.00304	0.00304	0.85104
17	0.01064	0.00912	0.01064	0.00760	0.01216	0.00684	0.00608	0.01292	0.01064	0.01672	0.00912	0.01064	0.00760	0.00380	0.00380	0.00076	0.00380	0.00304	0.00304	0.85104
18	0.00746	0.00497	0.00560	0.00560	0.00560	0.00497	0.00311	0.00746	0.00746	0.00995	0.01617	0.03358	0.01865	0.81967	0.02612	0.00497	0.00497	0.00746	0.00311	0.00311
19	0.85592	0.00992	0.00754	0.00675	0.00992	0.01151	0.00556	0.01508	0.00873	0.02302	0.00714	0.00834	0.00556	0.00476	0.00318	0.00159	0.00397	0.00278	0.00318	0.00556
20	0.01228	0.01310	0.02629	0.04306	0.32129	0.01264	0.46075	0.01610	0.01190	0.01649	0.01007	0.01340	0.00790	0.00444	0.00566	0.00165	0.00762	0.00545	0.00257	0.00736
21	0.85592	0.00992	0.00754	0.00675	0.00992	0.01151	0.00556	0.01508	0.00873	0.02302	0.00714	0.00834	0.00556	0.00476	0.00318	0.00159	0.00397	0.00278	0.00318	0.00556
22	0.00904	0.00452	0.00631	0.00631	0.00655	0.00452	0.00429	0.00772	0.00748	0.01091	0.01045	0.01629	0.00974	0.01550	0.01683	0.68431	0.00405	0.00452	0.16792	0.00273
23	0.00742	0.00503	0.00584	0.00576	0.00600	0.00495	0.00345	0.00790	0.00885	0.01203	0.16675	0.03451	0.02448	0.66118	0.02219	0.00432	0.00447	0.00782	0.00361	0.00345
24	0.01023	0.20333	0.45018	0.01168	0.01699	0.01218	0.01360	0.01415	0.01061	0.01476	0.02636	0.16851	0.01264	0.00706	0.00486	0.00159	0.00611	0.00577	0.00274	0.00664
25	0.01558	0.01348	0.01411	0.01179	0.01456	0.08101	0.00950	0.30757	0.27491	0.02308	0.01375	0.01415	0.01050	0.00691	0.00741	0.00173	0.16302	0.00488	0.00439	0.00768
26	0.00711	0.00522	0.00666	0.00635	0.00758	0.00477	0.00474	0.00937	0.01410	0.01967	0.68772	0.06237	0.12337	0.01091	0.00607	0.00164	0.00246	0.00959	0.00553	0.00477
27	0.00972	0.00721	0.00951	0.00881	0.01030	0.00820	0.00690	0.15821	0.01132	0.01581	0.01359	0.01931	0.01232	0.07203	0.60431	0.00677	0.01171	0.00543	0.00323	0.00532
28	0.00975	0.00551	0.00733	0.00764	0.00885	0.00503	0.00562	0.01106	0.01117	0.16591	0.04007	0.52173	0.07575	0.01370	0.00630	0.00199	0.00340	0.08898	0.00508	0.00514
29	0.01372	0.82276	0.02689	0.00878	0.01317	0.02030	0.00878	0.01536	0.01043	0.01207	0.00713	0.00823	0.00658	0.00439	0.00329	0.00110	0.00549	0.00274	0.00219	0.00658
30	0.06822	0.47778	0.06554	0.00905	0.02355	0.03736	0.00848	0.03192	0.01165	0.03277	0.16019	0.01488	0.01502	0.00631	0.01704	0.00141	0.00514	0.00427	0.00312	0.00630
31	0.03298	0.32736	0.29043	0.01252	0.05631	0.01591	0.01279	0.16361	0.01328	0.01799	0.00900	0.01017	0.00703	0.00492	0.00429	0.00140	0.00624	0.00357	0.00280	0.00741
32	0.17259	0.00609	0.00570	0.00559	0.00748	0.00576	0.00423	0.00887	0.01087	0.01547	0.04082	0.07080	0.57238	0.04403	0.00633	0.00185	0.00298	0.00926	0.00439	0.00452
33	0.01048	0.16849	0.01764	0.65092	0.03100	0.01314	0.01318	0.01355	0.01029	0.01291	0.00873	0.01261	0.00679	0.00498	0.00477	0.00159	0.00657	0.00420	0.00226	0.00587
34	0.00706	0.00509	0.00668	0.00659	0.00762	0.00471	0.00483	0.00919	0.01360	0.01911	0.63675	0.19072	0.04558	0.01158	0.00615	0.00171	0.00253	0.01032	0.00547	0.00471
35	0.01751	0.00877	0.01105	0.00884	0.01199	0.00836	0.00715	0.16635	0.01649	0.40682	0.25263	0.02284	0.02285	0.00758	0.00543	0.00159	0.00402	0.00631	0.00590	0.00754
36	0.17781	0.01169	0.01812	0.04100	0.62141	0.01204	0.01372	0.01557	0.01108	0.01792	0.00915	0.01186	0.00760	0.00462	0.00471	0.00154	0.00569	0.00422	0.00266	0.00758
37	0.01353	0.66376	0.02389	0.00911	0.01320	0.01883	0.00865	0.01770	0.16085	0.01391	0.00983	0.01037	0.00836	0.00489	0.00367	0.00122	0.00521	0.00334	0.00279	0.00689
38	0.00650	0.00534	0.00580	0.00603	0.00766	0.00464	0.00475	0.00800	0.01172	0.01415	0.04712	0.05105	0.63749	0.01323	0.00626	0.00186	0.00302	0.15623	0.00476	0.00441
39	0.00969	0.00912	0.01539	0.80734	0.03534	0.01140	0.01425	0.01311	0.01026	0.01311	0.00912	0.01368	0.00684	0.00513	0.00513	0.00171	0.00684	0.00456	0.00228	0.00570
40	0.54592	0.03762	0.04098	0.00965	0.01342	0.01282	0.08687	0.16325	0.01223	0.02356	0.00857	0.00978	0.00648	0.00498	0.00393	0.00158	0.00497	0.00352	0.00343	0.00643
41	0.01226	0.66248	0.02279	0.00846	0.01205	0.01714	0.00799	0.01375	0.01031	0.01227	0.01128	0.16652	0.01194	0.00668	0.00393	0.00129	0.00500	0.00506	0.00270	0.00611
42	0.00838	0.00681	0.01071	0.01280	0.16165	0.00755	0.00824	0.01045	0.00892	0.01286	0.01294	0.01870	0.01191	0.03184	0.64376	0.00693	0.01225	0.00532	0.00271	0.00528
43	0.00704	0.00879	0.16013	0.00861	0.01033	0.00569	0.00754	0.00893	0.01002	0.01372	0.02454	0.65855	0.02856	0.01388	0.00622	0.00199	0.00388	0.01247	0.00425	0.00484
44	0.00680	0.00523	0.00622	0.00598	0.00738	0.00465	0.00448	0.00880	0.01344	0.01801	0.50499	0.04255	0.32999	0.01145	0.00606	0.00166	0.00249	0.00987	0.00531	0.00465
45	0.00706	0.00509	0.00668	0.00659	0.00762	0.00471	0.00483	0.00919	0.01360	0.01911	0.63675	0.19072	0.04558	0.01158	0.00615	0.00171	0.00253	0.01032	0.00547	0.00471

[dist]
# distance from previous block
# <min> <max>
0	3

[block]
# block no. 5 follows, 48 sequences, length 9
# corresponding to MSA columns:
# 267-275
name=unknown_F
#
# <colnr> <probs for GDERKNQSTAVLIFYWHMCP>
#	G	D	E	R	K	N	Q	S	T	A	V	L	I	F	Y	W	H	M	C	P
0	0.01254	0.44041	0.35417	0.01151	0.01718	0.05727	0.01319	0.01601	0.01081	0.01389	0.00806	0.00940	0.00655	0.00464	0.00404	0.00133	0.00658	0.00322	0.00221	0.00698
1	0.01024	0.00927	0.01423	0.62725	0.03005	0.01135	0.01267	0.01562	0.14952	0.01489	0.01159	0.01491	0.00872	0.00550	0.00508	0.00169	0.00614	0.00479	0.04038	0.00610
2	0.02238	0.00975	0.01254	0.00961	0.01361	0.00906	0.00794	0.16015	0.01640	0.65366	0.01881	0.01653	0.01198	0.00632	0.00516	0.00158	0.00460	0.00506	0.00613	0.00873
3	0.01189	0.00976	0.01119	0.00827	0.01254	0.00821	0.00662	0.13796	0.01283	0.01912	0.01061	0.05137	0.00911	0.00481	0.00416	0.00096	0.00406	0.00388	0.00347	0.66919
4	0.00960	0.00741	0.00947	0.00889	0.01045	0.00849	0.00691	0.09257	0.14948	0.01570	0.01501	0.01982	0.01320	0.06865	0.53285	0.00620	0.01069	0.00556	0.00347	0.00559
5	0.02991	0.02801	0.04352	0.01221	0.05489	0.13452	0.02894	0.31662	0.09920	0.06426	0.01666	0.01696	0.09110	0.02001	0.00565	0.00162	0.01899	0.00521	0.00431	0.00742
6	0.16262	0.00594	0.00726	0.00679	0.00785	0.00599	0.00483	0.00886	0.00747	0.01229	0.00861	0.01376	0.00817	0.01398	0.01528	0.60726	0.00430	0.00400	0.00249	0.09225
7	0.01190	0.03532	0.09751	0.05501	0.33522	0.10287	0.01216	0.01597	0.09635	0.01592	0.01822	0.01938	0.14943	0.00650	0.00515	0.00157	0.00578	0.00556	0.00319	0.00698
8	0.36531	0.01876	0.42721	0.01099	0.01659	0.01151	0.01274	0.01561	0.00994	0.01911	0.00834	0.00978	0.00615	0.00478	0.00411	0.00157	0.00589	0.00333	0.00263	0.04565

[dist]
# distance from previous block
# <min> <max>
0	127

# created by:
# /st0/software/busco_prod/Augustus/scripts/msa2prfl.pl ./align_prep/170724.fa
