[name]
unknown

[dist]
# distance from previous block
# <min> <max>
26	135

[block]
# block no. 0 follows, 45 sequences, length 12
# corresponding to MSA columns:
# 162-173
name=unknown_A
#
# <colnr> <probs for GDERKNQSTAVLIFYWHMCP>
#	G	D	E	R	K	N	Q	S	T	A	V	L	I	F	Y	W	H	M	C	P
0	0.03750	0.07619	0.01233	0.03300	0.03661	0.00951	0.03005	0.06903	0.03294	0.05166	0.13014	0.07705	0.06576	0.08889	0.00894	0.03761	0.05381	0.02199	0.00404	0.12294
1	0.04041	0.03534	0.01165	0.06803	0.03434	0.03250	0.00774	0.10053	0.04978	0.07438	0.03838	0.14192	0.06690	0.04358	0.00669	0.00173	0.03683	0.00675	0.02368	0.17883
2	0.07666	0.01206	0.08342	0.11095	0.01680	0.05293	0.03612	0.09751	0.09546	0.06742	0.06332	0.11869	0.05388	0.00779	0.00537	0.00168	0.00527	0.00655	0.00416	0.08395
3	0.03685	0.00997	0.03468	0.03784	0.07373	0.01010	0.00866	0.11982	0.10858	0.09096	0.05499	0.15581	0.01723	0.02514	0.03436	0.00205	0.05921	0.00700	0.04949	0.06353
4	0.01368	0.03174	0.01288	0.15010	0.03264	0.07840	0.00920	0.10155	0.05899	0.11948	0.01752	0.19529	0.03270	0.00865	0.00617	0.00174	0.04661	0.00718	0.00423	0.07128
5	0.04696	0.01006	0.01354	0.04187	0.14157	0.03024	0.06143	0.08110	0.07107	0.01810	0.01722	0.18579	0.03437	0.04094	0.00673	0.00184	0.02674	0.02904	0.02637	0.11503
6	0.07701	0.01280	0.03940	0.11966	0.19830	0.08536	0.01119	0.09236	0.05118	0.04098	0.01182	0.04911	0.01005	0.03853	0.00631	0.00172	0.03085	0.00496	0.00339	0.11502
7	0.01161	0.01007	0.01349	0.19325	0.07358	0.04273	0.04108	0.06118	0.03460	0.03935	0.01598	0.12712	0.05420	0.00750	0.00597	0.00161	0.04880	0.00637	0.04086	0.17063
8	0.09998	0.01155	0.06240	0.18496	0.09152	0.02716	0.03063	0.07659	0.01187	0.06553	0.01213	0.01561	0.02854	0.04844	0.05491	0.00232	0.10459	0.00490	0.02720	0.03916
9	0.05790	0.01086	0.01306	0.17415	0.04122	0.08045	0.03656	0.04282	0.02767	0.04244	0.04382	0.09232	0.04448	0.00693	0.00566	0.00153	0.04170	0.00572	0.00352	0.22719
10	0.03359	0.00940	0.01280	0.09651	0.13134	0.03285	0.03315	0.08744	0.01295	0.08681	0.03765	0.27949	0.04570	0.00973	0.00611	0.00181	0.02417	0.00856	0.00423	0.04569
11	0.05154	0.00981	0.01483	0.27314	0.23281	0.01042	0.01172	0.04033	0.01179	0.05015	0.03802	0.05662	0.04404	0.06279	0.00684	0.00190	0.00573	0.00576	0.00327	0.06850

[dist]
# distance from previous block
# <min> <max>
0	1

[block]
# block no. 1 follows, 45 sequences, length 9
# corresponding to MSA columns:
# 175-183
name=unknown_B
#
# <colnr> <probs for GDERKNQSTAVLIFYWHMCP>
#	G	D	E	R	K	N	Q	S	T	A	V	L	I	F	Y	W	H	M	C	P
0	0.03752	0.06564	0.02679	0.08417	0.06746	0.05722	0.00847	0.09583	0.04660	0.03905	0.17779	0.22794	0.02462	0.00970	0.00573	0.00176	0.00470	0.00837	0.00446	0.00619
1	0.00991	0.02597	0.00812	0.00738	0.00862	0.00630	0.00525	0.01220	0.06480	0.10429	0.22620	0.19523	0.02994	0.23719	0.03219	0.00295	0.00415	0.00932	0.00485	0.00516
2	0.00882	0.00717	0.00956	0.03088	0.01107	0.00669	0.05520	0.05464	0.03116	0.01874	0.30383	0.14175	0.19613	0.01073	0.00607	0.00171	0.00360	0.00946	0.00496	0.08784
3	0.05657	0.00857	0.01016	0.00852	0.01158	0.00820	0.00675	0.03816	0.14695	0.25881	0.17053	0.04699	0.10376	0.00828	0.00548	0.00164	0.00383	0.00691	0.00551	0.09280
4	0.04277	0.01103	0.04356	0.56779	0.13625	0.01246	0.01460	0.05569	0.01163	0.01584	0.00965	0.01370	0.00739	0.00544	0.00564	0.00176	0.03095	0.00468	0.00262	0.00655
5	0.02408	0.00914	0.01246	0.00955	0.01370	0.00789	0.00789	0.02616	0.01536	0.78158	0.02118	0.01827	0.01329	0.00664	0.00540	0.00166	0.00457	0.00540	0.00664	0.00914
6	0.02046	0.00866	0.01150	0.00921	0.01275	0.00779	0.00745	0.02352	0.07061	0.59671	0.12046	0.05131	0.01926	0.00765	0.00558	0.00170	0.00422	0.00639	0.00640	0.00837
7	0.05544	0.52340	0.12587	0.01127	0.04804	0.01839	0.01079	0.07183	0.06182	0.01620	0.00921	0.01025	0.00768	0.00500	0.00401	0.00134	0.00590	0.00346	0.00279	0.00732
8	0.07252	0.01352	0.01561	0.01198	0.01615	0.01446	0.06433	0.51435	0.05229	0.02925	0.05006	0.01420	0.01107	0.00622	0.00522	0.00156	0.00559	0.00494	0.00485	0.09181

[dist]
# distance from previous block
# <min> <max>
2	16

[block]
# block no. 2 follows, 45 sequences, length 94
# corresponding to MSA columns:
# 200-293
name=unknown_C
#
# <colnr> <probs for GDERKNQSTAVLIFYWHMCP>
#	G	D	E	R	K	N	Q	S	T	A	V	L	I	F	Y	W	H	M	C	P
0	0.12865	0.02726	0.01374	0.01134	0.04154	0.06855	0.00886	0.30851	0.05943	0.18582	0.03558	0.03172	0.01145	0.00645	0.00504	0.00160	0.00536	0.00494	0.00496	0.03921
1	0.20144	0.37971	0.02029	0.01056	0.03668	0.03295	0.04434	0.10228	0.01284	0.10044	0.00981	0.01060	0.00770	0.00513	0.00407	0.00142	0.00554	0.00361	0.00338	0.00720
2	0.01316	0.01222	0.01953	0.07523	0.60074	0.02607	0.01472	0.03796	0.01259	0.03360	0.01281	0.01543	0.05162	0.00538	0.00531	0.00158	0.00611	0.00506	0.00296	0.04792
3	0.01691	0.02767	0.10289	0.01109	0.01534	0.01211	0.00982	0.15075	0.29205	0.22038	0.01762	0.01652	0.01248	0.00645	0.00525	0.00165	0.00505	0.00518	0.00517	0.06562
4	0.00815	0.00626	0.00711	0.00699	0.00861	0.00596	0.00517	0.01163	0.11864	0.03727	0.20771	0.18055	0.33371	0.02929	0.00673	0.00192	0.00306	0.01070	0.00527	0.00527
5	0.00731	0.00548	0.00678	0.00646	0.00785	0.00494	0.00484	0.00958	0.01453	0.01994	0.61240	0.04271	0.21427	0.01157	0.00633	0.00172	0.00257	0.01007	0.00570	0.00494
6	0.01316	0.01115	0.04163	0.00928	0.01377	0.00948	0.00773	0.11246	0.12272	0.05515	0.02561	0.01348	0.01026	0.00506	0.00452	0.00114	0.00442	0.00406	0.00396	0.53097
7	0.01435	0.81458	0.02813	0.00918	0.01378	0.02124	0.00918	0.01607	0.01091	0.01263	0.00746	0.00861	0.00689	0.00459	0.00344	0.00115	0.00574	0.00287	0.00230	0.00689
8	0.01437	0.45458	0.17013	0.01162	0.02924	0.13011	0.01147	0.01828	0.08711	0.01461	0.00948	0.01051	0.00785	0.00510	0.00420	0.00136	0.00660	0.00352	0.00268	0.00718
9	0.08990	0.09918	0.56292	0.01433	0.02122	0.01348	0.06571	0.04329	0.01167	0.01786	0.00942	0.01109	0.00689	0.00505	0.00487	0.00165	0.00737	0.00395	0.00251	0.00763
10	0.04462	0.00541	0.00600	0.00599	0.00626	0.00542	0.00354	0.00815	0.00825	0.01146	0.03144	0.05680	0.05690	0.67141	0.02405	0.03462	0.00491	0.00790	0.00340	0.00346
11	0.01864	0.01416	0.01511	0.01199	0.01597	0.01582	0.00978	0.57670	0.21138	0.03098	0.01513	0.01468	0.01095	0.00665	0.00539	0.00166	0.00549	0.00514	0.00539	0.00897
12	0.00662	0.00488	0.00615	0.00703	0.00766	0.00446	0.00479	0.00772	0.01090	0.01431	0.08757	0.60092	0.16288	0.03820	0.00730	0.00217	0.00306	0.01397	0.00500	0.00441
13	0.02188	0.01045	0.01300	0.01021	0.01422	0.01013	0.00836	0.14603	0.12933	0.54649	0.01993	0.01766	0.01307	0.00671	0.00540	0.00168	0.00474	0.00541	0.00626	0.00904
14	0.01329	0.01275	0.02179	0.03295	0.77787	0.01275	0.01647	0.01647	0.01222	0.01754	0.01010	0.01329	0.00850	0.00478	0.00531	0.00159	0.00638	0.00478	0.00266	0.00850
15	0.00795	0.00613	0.00735	0.00700	0.00853	0.00587	0.00526	0.01162	0.10041	0.01984	0.50836	0.07809	0.19057	0.01136	0.00626	0.00175	0.00279	0.00989	0.00563	0.00532
16	0.02041	0.01504	0.01611	0.01235	0.01665	0.01665	0.01020	0.75997	0.02524	0.03383	0.01289	0.01289	0.00913	0.00644	0.00537	0.00161	0.00591	0.00483	0.00537	0.00913
17	0.00781	0.00520	0.00585	0.00585	0.00585	0.00520	0.00325	0.00781	0.00781	0.01041	0.01691	0.03513	0.01952	0.81135	0.02732	0.00520	0.00520	0.00781	0.00325	0.00325
18	0.84927	0.01038	0.00789	0.00706	0.01038	0.01204	0.00581	0.01578	0.00914	0.02408	0.00747	0.00872	0.00581	0.00498	0.00332	0.00166	0.00415	0.00291	0.00332	0.00581
19	0.00895	0.02439	0.00860	0.00762	0.00927	0.00695	0.00581	0.03894	0.12021	0.02155	0.59386	0.06930	0.04280	0.01042	0.00614	0.00171	0.00299	0.00912	0.00571	0.00569
20	0.00646	0.00544	0.00560	0.00556	0.00732	0.00458	0.00417	0.00792	0.01250	0.01514	0.11982	0.05061	0.70985	0.01336	0.00634	0.00180	0.00270	0.01118	0.00507	0.00458
21	0.84927	0.01038	0.00789	0.00706	0.01038	0.01204	0.00581	0.01578	0.00914	0.02408	0.00747	0.00872	0.00581	0.00498	0.00332	0.00166	0.00415	0.00291	0.00332	0.00581
22	0.00657	0.00469	0.00625	0.00746	0.00779	0.00438	0.00499	0.00754	0.01040	0.01391	0.04894	0.78791	0.03590	0.01667	0.00684	0.00217	0.00310	0.01512	0.00501	0.00438
23	0.56957	0.00982	0.00888	0.00769	0.01082	0.01089	0.00623	0.06757	0.01143	0.11222	0.07475	0.01408	0.01141	0.03556	0.02809	0.00199	0.00453	0.00416	0.00405	0.00625
24	0.07051	0.00599	0.00713	0.00712	0.00835	0.00583	0.00517	0.04226	0.01306	0.01873	0.35694	0.28694	0.09448	0.04429	0.00707	0.00199	0.00311	0.01084	0.00522	0.00496
25	0.84927	0.01038	0.00789	0.00706	0.01038	0.01204	0.00581	0.01578	0.00914	0.02408	0.00747	0.00872	0.00581	0.00498	0.00332	0.00166	0.00415	0.00291	0.00332	0.00581
26	0.13393	0.00643	0.00694	0.00665	0.00836	0.00631	0.00503	0.03692	0.01312	0.01961	0.32491	0.12413	0.21983	0.01097	0.00576	0.00174	0.00301	0.00929	0.05194	0.00510
27	0.07338	0.01350	0.01451	0.01146	0.01547	0.01484	0.00938	0.50810	0.14967	0.11176	0.01495	0.01441	0.01060	0.00651	0.00526	0.00166	0.00537	0.00498	0.00539	0.00881
28	0.00654	0.00467	0.00623	0.00747	0.00779	0.00436	0.00498	0.00747	0.01028	0.01370	0.02959	0.80785	0.03550	0.01682	0.00685	0.00218	0.00311	0.01526	0.00498	0.00436
29	0.00654	0.00467	0.00623	0.00747	0.00779	0.00436	0.00498	0.00747	0.01028	0.01370	0.02959	0.80785	0.03550	0.01682	0.00685	0.00218	0.00311	0.01526	0.00498	0.00436
30	0.06591	0.01452	0.01550	0.01194	0.01617	0.01601	0.00986	0.68710	0.02392	0.06606	0.01295	0.01290	0.00913	0.00637	0.00526	0.00162	0.00575	0.00475	0.00531	0.00895
31	0.00767	0.00575	0.00863	0.00863	0.00959	0.00671	0.00671	0.00959	0.00863	0.01246	0.01438	0.02109	0.01342	0.04026	0.79008	0.00863	0.01438	0.00575	0.00288	0.00479
32	0.84927	0.01038	0.00789	0.00706	0.01038	0.01204	0.00581	0.01578	0.00914	0.02408	0.00747	0.00872	0.00581	0.00498	0.00332	0.00166	0.00415	0.00291	0.00332	0.00581
33	0.00781	0.00520	0.00585	0.00585	0.00585	0.00520	0.00325	0.00781	0.00781	0.01041	0.01691	0.03513	0.01952	0.81135	0.02732	0.00520	0.00520	0.00781	0.00325	0.00325
34	0.82834	0.01025	0.00782	0.00701	0.01028	0.01187	0.00576	0.01570	0.00919	0.02398	0.00772	0.00900	0.00601	0.00501	0.00333	0.00165	0.00411	0.00296	0.02422	0.00579
35	0.02391	0.00942	0.01263	0.00969	0.01384	0.00831	0.00800	0.06150	0.01584	0.74558	0.02078	0.01801	0.01309	0.00663	0.00540	0.00166	0.00463	0.00537	0.00658	0.00913
36	0.00767	0.00575	0.00863	0.00863	0.00959	0.00671	0.00671	0.00959	0.00863	0.01246	0.01438	0.02109	0.01342	0.04026	0.79008	0.00863	0.01438	0.00575	0.00288	0.00479
37	0.00781	0.00520	0.00585	0.00585	0.00585	0.00520	0.00325	0.00781	0.00781	0.01041	0.01691	0.03513	0.01952	0.81135	0.02732	0.00520	0.00520	0.00781	0.00325	0.00325
38	0.01878	0.02189	0.01469	0.01313	0.01608	0.56876	0.00999	0.08921	0.16307	0.01682	0.01135	0.01199	0.00896	0.00596	0.00501	0.00149	0.00828	0.00409	0.00353	0.00693
39	0.00660	0.00532	0.00572	0.00585	0.00727	0.00461	0.00421	0.00789	0.01185	0.01465	0.10875	0.15009	0.55284	0.08029	0.00816	0.00213	0.00296	0.01142	0.00492	0.00445
40	0.00665	0.00472	0.00620	0.00733	0.00762	0.00443	0.00483	0.00750	0.01006	0.01342	0.02849	0.74091	0.03412	0.08565	0.00862	0.00244	0.00330	0.01461	0.00483	0.00426
41	0.01113	0.00954	0.01113	0.00795	0.01272	0.00716	0.00636	0.01352	0.01113	0.01749	0.00954	0.01113	0.00795	0.00398	0.00398	0.00080	0.00398	0.00318	0.00318	0.84417
42	0.84927	0.01038	0.00789	0.00706	0.01038	0.01204	0.00581	0.01578	0.00914	0.02408	0.00747	0.00872	0.00581	0.00498	0.00332	0.00166	0.00415	0.00291	0.00332	0.00581
43	0.02024	0.01495	0.01601	0.01232	0.01658	0.01657	0.01016	0.74244	0.04304	0.03356	0.01310	0.01306	0.00930	0.00646	0.00537	0.00162	0.00587	0.00486	0.00537	0.00911
44	0.01077	0.02777	0.78354	0.01530	0.02323	0.01247	0.01983	0.01700	0.01133	0.01700	0.00963	0.01133	0.00680	0.00510	0.00510	0.00170	0.00793	0.00397	0.00227	0.00793
45	0.00924	0.00470	0.00700	0.00698	0.00704	0.00468	0.00468	0.00715	0.00740	0.00993	0.04714	0.01749	0.01137	0.01827	0.02026	0.80223	0.00456	0.00491	0.00251	0.00247
46	0.02041	0.01504	0.01611	0.01235	0.01665	0.01665	0.01020	0.75997	0.02524	0.03383	0.01289	0.01289	0.00913	0.00644	0.00537	0.00161	0.00591	0.00483	0.00537	0.00913
47	0.02395	0.00935	0.01259	0.00965	0.01381	0.00820	0.00797	0.05231	0.01572	0.75494	0.02088	0.01808	0.01314	0.00664	0.00540	0.00166	0.00462	0.00538	0.00660	0.00914
48	0.00647	0.00496	0.00593	0.00671	0.00758	0.00442	0.00464	0.00756	0.01101	0.01400	0.03892	0.52326	0.31407	0.01560	0.00666	0.00204	0.00297	0.01378	0.00498	0.00442
49	0.00855	0.00611	0.00853	0.00977	0.01096	0.00609	0.00847	0.01095	0.01226	0.01595	0.02848	0.09653	0.03111	0.01492	0.00739	0.00246	0.00485	0.70675	0.00494	0.00491
50	0.00654	0.00467	0.00623	0.00747	0.00779	0.00436	0.00498	0.00747	0.01028	0.01370	0.02959	0.80785	0.03550	0.01682	0.00685	0.00218	0.00311	0.01526	0.00498	0.00436
51	0.01335	0.01153	0.01214	0.01092	0.01396	0.01335	0.00850	0.02852	0.76817	0.02245	0.02185	0.02003	0.01639	0.00728	0.00546	0.00182	0.00425	0.00607	0.00546	0.00850
52	0.00767	0.00575	0.00863	0.00863	0.00959	0.00671	0.00671	0.00959	0.00863	0.01246	0.01438	0.02109	0.01342	0.04026	0.79008	0.00863	0.01438	0.00575	0.00288	0.00479
53	0.84927	0.01038	0.00789	0.00706	0.01038	0.01204	0.00581	0.01578	0.00914	0.02408	0.00747	0.00872	0.00581	0.00498	0.00332	0.00166	0.00415	0.00291	0.00332	0.00581
54	0.00781	0.00520	0.00585	0.00585	0.00585	0.00520	0.00325	0.00781	0.00781	0.01041	0.01691	0.03513	0.01952	0.81135	0.02732	0.00520	0.00520	0.00781	0.00325	0.00325
55	0.01113	0.00954	0.01113	0.00795	0.01272	0.00716	0.00636	0.01352	0.01113	0.01749	0.00954	0.01113	0.00795	0.00398	0.00398	0.00080	0.00398	0.00318	0.00318	0.84417
56	0.00659	0.00471	0.00627	0.00744	0.00780	0.00439	0.00499	0.00759	0.01049	0.01405	0.06225	0.77421	0.03617	0.01656	0.00683	0.00216	0.00309	0.01502	0.00502	0.00439
57	0.04350	0.01009	0.01263	0.00996	0.01393	0.00967	0.00815	0.09528	0.13278	0.57396	0.02015	0.01779	0.01318	0.00668	0.00535	0.00168	0.00463	0.00538	0.00625	0.00895
58	0.00652	0.00542	0.00569	0.00567	0.00737	0.00460	0.00424	0.00802	0.01258	0.01542	0.14985	0.07139	0.65811	0.01334	0.00636	0.00181	0.00271	0.01122	0.00511	0.00460
59	0.00634	0.00544	0.00544	0.00544	0.00725	0.00453	0.00408	0.00770	0.01224	0.01450	0.05438	0.05166	0.77569	0.01359	0.00634	0.00181	0.00272	0.01133	0.00498	0.00453
60	0.84927	0.01038	0.00789	0.00706	0.01038	0.01204	0.00581	0.01578	0.00914	0.02408	0.00747	0.00872	0.00581	0.00498	0.00332	0.00166	0.00415	0.00291	0.00332	0.00581
61	0.00861	0.00613	0.00851	0.00969	0.01086	0.00613	0.00838	0.01096	0.01213	0.01578	0.02785	0.05929	0.03033	0.05417	0.00840	0.00261	0.00496	0.70549	0.00486	0.00486
62	0.02408	0.00914	0.01246	0.00955	0.01370	0.00789	0.00789	0.02616	0.01536	0.78158	0.02118	0.01827	0.01329	0.00664	0.00540	0.00166	0.00457	0.00540	0.00664	0.00914
63	0.00660	0.00470	0.00621	0.00740	0.00770	0.00440	0.00490	0.00749	0.01017	0.01355	0.02902	0.77306	0.03478	0.05258	0.00777	0.00232	0.00321	0.01492	0.00490	0.00431
64	0.01326	0.01283	0.02222	0.03250	0.74501	0.01279	0.04898	0.01651	0.01224	0.01752	0.01013	0.01334	0.00849	0.00477	0.00536	0.00160	0.00649	0.00485	0.00266	0.00845
65	0.00767	0.00575	0.00863	0.00863	0.00959	0.00671	0.00671	0.00959	0.00863	0.01246	0.01438	0.02109	0.01342	0.04026	0.79008	0.00863	0.01438	0.00575	0.00288	0.00479
66	0.02408	0.00914	0.01246	0.00955	0.01370	0.00789	0.00789	0.02616	0.01536	0.78158	0.02118	0.01827	0.01329	0.00664	0.00540	0.00166	0.00457	0.00540	0.00664	0.00914
67	0.01077	0.02777	0.78354	0.01530	0.02323	0.01247	0.01983	0.01700	0.01133	0.01700	0.00963	0.01133	0.00680	0.00510	0.00510	0.00170	0.00793	0.00397	0.00227	0.00793
68	0.00654	0.00467	0.00623	0.00747	0.00779	0.00436	0.00498	0.00747	0.01028	0.01370	0.02959	0.80785	0.03550	0.01682	0.00685	0.00218	0.00311	0.01526	0.00498	0.00436
69	0.01329	0.01275	0.02179	0.03295	0.77787	0.01275	0.01647	0.01647	0.01222	0.01754	0.01010	0.01329	0.00850	0.00478	0.00531	0.00159	0.00638	0.00478	0.00266	0.00850
70	0.01113	0.00954	0.01113	0.00795	0.01272	0.00716	0.00636	0.01352	0.01113	0.01749	0.00954	0.01113	0.00795	0.00398	0.00398	0.00080	0.00398	0.00318	0.00318	0.84417
71	0.00760	0.00549	0.00718	0.00675	0.00802	0.00506	0.00506	0.01013	0.01519	0.02153	0.77503	0.04010	0.05065	0.01097	0.00633	0.00169	0.00253	0.00971	0.00591	0.00506
72	0.01121	0.00961	0.01117	0.00805	0.01276	0.00737	0.00644	0.01404	0.03761	0.01767	0.00997	0.01144	0.00825	0.00409	0.00403	0.00083	0.00398	0.00328	0.00326	0.81493
73	0.01001	0.00500	0.00500	0.00500	0.00625	0.00500	0.00375	0.01251	0.01126	0.02001	0.01751	0.02001	0.01376	0.00625	0.00375	0.00125	0.00250	0.00500	0.84115	0.00500
74	0.00718	0.00565	0.00655	0.00696	0.00816	0.00530	0.00497	0.00970	0.07984	0.01550	0.10576	0.38495	0.31135	0.01422	0.00649	0.00197	0.00302	0.01246	0.00511	0.00486
75	0.01394	0.01168	0.01239	0.01091	0.01402	0.01338	0.00855	0.11436	0.64717	0.02376	0.05379	0.02006	0.01703	0.00735	0.00549	0.00179	0.00437	0.00608	0.00547	0.00842
76	0.00767	0.00575	0.00863	0.00863	0.00959	0.00671	0.00671	0.00959	0.00863	0.01246	0.01438	0.02109	0.01342	0.04026	0.79008	0.00863	0.01438	0.00575	0.00288	0.00479
77	0.01971	0.01334	0.05229	0.01136	0.01551	0.01324	0.00966	0.46647	0.03432	0.22130	0.04235	0.04833	0.01275	0.00703	0.00546	0.00166	0.00540	0.00556	0.00554	0.00872
78	0.01460	0.74593	0.04732	0.00963	0.01420	0.06761	0.00954	0.01642	0.01118	0.01278	0.00757	0.00875	0.00689	0.00466	0.00357	0.00118	0.00604	0.00293	0.00232	0.00688
79	0.02400	0.00927	0.01254	0.00962	0.01377	0.00809	0.00794	0.04324	0.01559	0.76417	0.02098	0.01815	0.01319	0.00664	0.00540	0.00166	0.00460	0.00538	0.00661	0.00914
80	0.01058	0.01280	0.11415	0.01606	0.02003	0.01042	0.40082	0.01407	0.01170	0.01613	0.08600	0.08494	0.01616	0.13340	0.02617	0.00249	0.00732	0.00732	0.00324	0.00620
81	0.01439	0.00994	0.01389	0.01591	0.21164	0.03646	0.02878	0.06570	0.03619	0.19067	0.05827	0.12667	0.03265	0.00904	0.00596	0.00184	0.00514	0.12493	0.00470	0.00722
82	0.00653	0.00469	0.00621	0.00741	0.00777	0.00437	0.00496	0.00748	0.01034	0.01373	0.03032	0.78548	0.05740	0.01672	0.00684	0.00217	0.00310	0.01514	0.00498	0.00437
83	0.01031	0.00988	0.01717	0.74501	0.03636	0.01204	0.06612	0.01395	0.01087	0.01395	0.00963	0.01432	0.00722	0.00531	0.00543	0.00179	0.00729	0.00488	0.00241	0.00605
84	0.01101	0.08146	0.73199	0.01488	0.02259	0.01307	0.01911	0.01694	0.01130	0.01670	0.00948	0.01115	0.00681	0.00507	0.00499	0.00166	0.00778	0.00389	0.00227	0.00786
85	0.01560	0.01287	0.01696	0.03976	0.32657	0.04328	0.01220	0.13983	0.22503	0.09006	0.01473	0.01543	0.01113	0.00596	0.00535	0.00166	0.00569	0.00515	0.00423	0.00851
86	0.03513	0.00720	0.00926	0.00782	0.00993	0.00726	0.09070	0.07889	0.01267	0.03727	0.01614	0.01840	0.01248	0.00605	0.00421	0.00137	0.00364	0.00509	0.63076	0.00573
87	0.02363	0.00943	0.01259	0.00970	0.01382	0.00838	0.00800	0.05413	0.03776	0.73095	0.02088	0.01812	0.01322	0.00665	0.00540	0.00166	0.00461	0.00540	0.00656	0.00912
88	0.01335	0.01153	0.01214	0.01092	0.01396	0.01335	0.00850	0.02852	0.76817	0.02245	0.02185	0.02003	0.01639	0.00728	0.00546	0.00182	0.00425	0.00607	0.00546	0.00850
89	0.01111	0.01044	0.04928	0.00831	0.01324	0.00742	0.00703	0.01369	0.01114	0.01747	0.00955	0.01114	0.00789	0.00403	0.00403	0.00084	0.00417	0.00322	0.00314	0.80286
90	0.00647	0.00544	0.00561	0.00557	0.00733	0.00458	0.00417	0.00794	0.01252	0.01518	0.12443	0.05054	0.70521	0.01334	0.00634	0.00180	0.00270	0.01117	0.00507	0.00458
91	0.00654	0.00467	0.00623	0.00747	0.00779	0.00436	0.00498	0.00747	0.01028	0.01370	0.02959	0.80785	0.03550	0.01682	0.00685	0.00218	0.00311	0.01526	0.00498	0.00436
92	0.01297	0.01226	0.01895	0.02700	0.58099	0.02750	0.01418	0.01800	0.13569	0.01837	0.05087	0.01660	0.03112	0.00573	0.00541	0.00164	0.00581	0.00537	0.00334	0.00819
93	0.01267	0.01448	0.03167	0.02262	0.02805	0.01357	0.75837	0.01719	0.01267	0.01719	0.01086	0.01448	0.00814	0.00452	0.00633	0.00181	0.00905	0.00633	0.00271	0.00724

[dist]
# distance from previous block
# <min> <max>
0	25

[block]
# block no. 3 follows, 45 sequences, length 44
# corresponding to MSA columns:
# 319-362
name=unknown_D
#
# <colnr> <probs for GDERKNQSTAVLIFYWHMCP>
#	G	D	E	R	K	N	Q	S	T	A	V	L	I	F	Y	W	H	M	C	P
0	0.00760	0.00549	0.00718	0.00675	0.00802	0.00506	0.00506	0.01013	0.01519	0.02153	0.77503	0.04010	0.05065	0.01097	0.00633	0.00169	0.00253	0.00971	0.00591	0.00506
1	0.01046	0.00987	0.01668	0.72012	0.11278	0.01201	0.01507	0.01400	0.01089	0.01411	0.00960	0.01421	0.00729	0.00531	0.00536	0.00177	0.00708	0.00477	0.00241	0.00622
2	0.01913	0.10753	0.05240	0.01285	0.01661	0.38598	0.01062	0.29235	0.01825	0.02087	0.00996	0.01082	0.00772	0.00575	0.00490	0.00146	0.00778	0.00392	0.00365	0.00744
3	0.01435	0.81458	0.02813	0.00918	0.01378	0.02124	0.00918	0.01607	0.01091	0.01263	0.00746	0.00861	0.00689	0.00459	0.00344	0.00115	0.00574	0.00287	0.00230	0.00689
4	0.00760	0.00549	0.00718	0.00675	0.00802	0.00506	0.00506	0.01013	0.01519	0.02153	0.77503	0.04010	0.05065	0.01097	0.00633	0.00169	0.00253	0.00971	0.00591	0.00506
5	0.01025	0.00883	0.00917	0.00850	0.01099	0.00945	0.00654	0.01931	0.43367	0.01894	0.03624	0.03402	0.35238	0.01008	0.00585	0.00182	0.00357	0.00840	0.00525	0.00674
6	0.01014	0.00954	0.01610	0.79845	0.03697	0.01193	0.01491	0.01371	0.01073	0.01371	0.00954	0.01431	0.00716	0.00537	0.00537	0.00179	0.00716	0.00477	0.00239	0.00596
7	0.00770	0.00562	0.00795	0.00795	0.00867	0.00634	0.00586	0.00915	0.00843	0.01196	0.01500	0.02452	0.01491	0.22878	0.60359	0.00779	0.01214	0.00625	0.00297	0.00442
8	0.01013	0.00936	0.01565	0.76627	0.03573	0.01165	0.01446	0.01367	0.01075	0.01397	0.00986	0.01454	0.00742	0.00540	0.00530	0.00177	0.00697	0.00478	0.03640	0.00592
9	0.00767	0.00575	0.00863	0.00863	0.00959	0.00671	0.00671	0.00959	0.00863	0.01246	0.01438	0.02109	0.01342	0.04026	0.79008	0.00863	0.01438	0.00575	0.00288	0.00479
10	0.84927	0.01038	0.00789	0.00706	0.01038	0.01204	0.00581	0.01578	0.00914	0.02408	0.00747	0.00872	0.00581	0.00498	0.00332	0.00166	0.00415	0.00291	0.00332	0.00581
11	0.01435	0.81458	0.02813	0.00918	0.01378	0.02124	0.00918	0.01607	0.01091	0.01263	0.00746	0.00861	0.00689	0.00459	0.00344	0.00115	0.00574	0.00287	0.00230	0.00689
12	0.01077	0.02777	0.78354	0.01530	0.02323	0.01247	0.01983	0.01700	0.01133	0.01700	0.00963	0.01133	0.00680	0.00510	0.00510	0.00170	0.00793	0.00397	0.00227	0.00793
13	0.01267	0.01448	0.03167	0.02262	0.02805	0.01357	0.75837	0.01719	0.01267	0.01719	0.01086	0.01448	0.00814	0.00452	0.00633	0.00181	0.00905	0.00633	0.00271	0.00724
14	0.01174	0.01174	0.01644	0.01409	0.01409	0.01644	0.01174	0.01292	0.00822	0.01292	0.00705	0.01174	0.00705	0.00940	0.01762	0.00235	0.80153	0.00470	0.00235	0.00587
15	0.00654	0.00467	0.00623	0.00747	0.00779	0.00436	0.00498	0.00747	0.01028	0.01370	0.02959	0.80785	0.03550	0.01682	0.00685	0.00218	0.00311	0.01526	0.00498	0.00436
16	0.01284	0.48200	0.34744	0.01177	0.01777	0.01753	0.01369	0.01646	0.01109	0.01448	0.00838	0.00976	0.00685	0.00481	0.00414	0.00138	0.00667	0.00333	0.00228	0.00733
17	0.01077	0.02777	0.78354	0.01530	0.02323	0.01247	0.01983	0.01700	0.01133	0.01700	0.00963	0.01133	0.00680	0.00510	0.00510	0.00170	0.00793	0.00397	0.00227	0.00793
18	0.02408	0.00914	0.01246	0.00955	0.01370	0.00789	0.00789	0.02616	0.01536	0.78158	0.02118	0.01827	0.01329	0.00664	0.00540	0.00166	0.00457	0.00540	0.00664	0.00914
19	0.00654	0.00467	0.00623	0.00747	0.00779	0.00436	0.00498	0.00747	0.01028	0.01370	0.02959	0.80785	0.03550	0.01682	0.00685	0.00218	0.00311	0.01526	0.00498	0.00436
20	0.01325	0.01284	0.02229	0.03243	0.73989	0.01280	0.05405	0.01651	0.01225	0.01752	0.01014	0.01335	0.00848	0.00477	0.00537	0.00161	0.00651	0.00486	0.00266	0.00844
21	0.01014	0.00954	0.01610	0.79845	0.03697	0.01193	0.01491	0.01371	0.01073	0.01371	0.00954	0.01431	0.00716	0.00537	0.00537	0.00179	0.00716	0.00477	0.00239	0.00596
22	0.00634	0.00544	0.00544	0.00544	0.00725	0.00453	0.00408	0.00770	0.01224	0.01450	0.05438	0.05166	0.77569	0.01359	0.00634	0.00181	0.00272	0.01133	0.00498	0.00453
23	0.00781	0.00520	0.00585	0.00585	0.00585	0.00520	0.00325	0.00781	0.00781	0.01041	0.01691	0.03513	0.01952	0.81135	0.02732	0.00520	0.00520	0.00781	0.00325	0.00325
24	0.01240	0.01395	0.03002	0.10519	0.02900	0.01340	0.67925	0.01682	0.01246	0.01682	0.01072	0.01446	0.00804	0.00461	0.00623	0.00181	0.00885	0.00617	0.00268	0.00710
25	0.00769	0.00568	0.00828	0.00828	0.00911	0.00652	0.00627	0.00936	0.00852	0.01220	0.01470	0.02287	0.01419	0.13793	0.69347	0.00819	0.01322	0.00601	0.00292	0.00460
26	0.84927	0.01038	0.00789	0.00706	0.01038	0.01204	0.00581	0.01578	0.00914	0.02408	0.00747	0.00872	0.00581	0.00498	0.00332	0.00166	0.00415	0.00291	0.00332	0.00581
27	0.00928	0.00901	0.01744	0.01418	0.01675	0.00845	0.33511	0.01183	0.01138	0.01530	0.02135	0.44010	0.02339	0.01138	0.00664	0.00203	0.00576	0.03099	0.00399	0.00564
28	0.82189	0.01034	0.00804	0.00714	0.01049	0.01190	0.00588	0.01612	0.00934	0.04922	0.00793	0.00904	0.00606	0.00504	0.00339	0.00166	0.00417	0.00299	0.00343	0.00592
29	0.84927	0.01038	0.00789	0.00706	0.01038	0.01204	0.00581	0.01578	0.00914	0.02408	0.00747	0.00872	0.00581	0.00498	0.00332	0.00166	0.00415	0.00291	0.00332	0.00581
30	0.84927	0.01038	0.00789	0.00706	0.01038	0.01204	0.00581	0.01578	0.00914	0.02408	0.00747	0.00872	0.00581	0.00498	0.00332	0.00166	0.00415	0.00291	0.00332	0.00581
31	0.00639	0.00544	0.00550	0.00548	0.00728	0.00455	0.00411	0.00778	0.01233	0.01473	0.07835	0.05128	0.75157	0.01351	0.00634	0.00181	0.00271	0.01127	0.00502	0.00455
32	0.01283	0.01031	0.01345	0.00978	0.01443	0.00854	0.08008	0.07737	0.01281	0.07379	0.01234	0.01352	0.03501	0.00476	0.00451	0.00106	0.00463	0.00407	0.00363	0.60308
33	0.01078	0.00952	0.01593	0.76204	0.03590	0.01174	0.01458	0.01429	0.01095	0.04915	0.01008	0.01449	0.00744	0.00543	0.00537	0.00178	0.00704	0.00480	0.00258	0.00611
34	0.01014	0.00954	0.01610	0.79845	0.03697	0.01193	0.01491	0.01371	0.01073	0.01371	0.00954	0.01431	0.00716	0.00537	0.00537	0.00179	0.00716	0.00477	0.00239	0.00596
35	0.01990	0.01678	0.01568	0.01251	0.01639	0.16765	0.01011	0.58945	0.02270	0.02904	0.01204	0.01254	0.00884	0.00743	0.03241	0.00181	0.00694	0.00460	0.00477	0.00841
36	0.09563	0.00924	0.01206	0.00933	0.01341	0.00825	0.00771	0.02526	0.01482	0.71591	0.01999	0.01744	0.01264	0.00650	0.00522	0.00166	0.00453	0.00518	0.00636	0.00885
37	0.01113	0.00954	0.01113	0.00795	0.01272	0.00716	0.00636	0.01352	0.01113	0.01749	0.00954	0.01113	0.00795	0.00398	0.00398	0.00080	0.00398	0.00318	0.00318	0.84417
38	0.00826	0.00687	0.00768	0.00770	0.02873	0.00666	0.00568	0.01268	0.16175	0.01765	0.19300	0.04248	0.42427	0.01164	0.00619	0.00181	0.00318	0.04302	0.00521	0.00554
39	0.00654	0.00467	0.00623	0.00747	0.00779	0.00436	0.00498	0.00747	0.01028	0.01370	0.02959	0.80785	0.03550	0.01682	0.00685	0.00218	0.00311	0.01526	0.00498	0.00436
40	0.01258	0.01455	0.07013	0.05297	0.07730	0.01336	0.54615	0.01836	0.10355	0.01770	0.01201	0.01488	0.00905	0.00494	0.00605	0.00179	0.00815	0.00600	0.00300	0.00746
41	0.01246	0.01062	0.01272	0.03206	0.13812	0.07696	0.01007	0.14587	0.04531	0.01913	0.02038	0.12293	0.02071	0.01061	0.00630	0.00201	0.00557	0.29729	0.00442	0.00648
42	0.00634	0.00544	0.00544	0.00544	0.00725	0.00453	0.00408	0.00770	0.01224	0.01450	0.05438	0.05166	0.77569	0.01359	0.00634	0.00181	0.00272	0.01133	0.00498	0.00453
43	0.01049	0.01011	0.01770	0.69810	0.06819	0.01210	0.07946	0.01414	0.01097	0.01418	0.00968	0.01428	0.00730	0.00527	0.00545	0.00178	0.00729	0.00491	0.00243	0.00618

[dist]
# distance from previous block
# <min> <max>
4	5

[block]
# block no. 4 follows, 45 sequences, length 28
# corresponding to MSA columns:
# 368-395
name=unknown_E
#
# <colnr> <probs for GDERKNQSTAVLIFYWHMCP>
#	G	D	E	R	K	N	Q	S	T	A	V	L	I	F	Y	W	H	M	C	P
0	0.01414	0.64192	0.07576	0.01132	0.01615	0.04812	0.09783	0.01646	0.01130	0.01346	0.00803	0.00951	0.00703	0.00465	0.00394	0.00127	0.00641	0.00337	0.00236	0.00697
1	0.84927	0.01038	0.00789	0.00706	0.01038	0.01204	0.00581	0.01578	0.00914	0.02408	0.00747	0.00872	0.00581	0.00498	0.00332	0.00166	0.00415	0.00291	0.00332	0.00581
2	0.01262	0.01209	0.01985	0.15538	0.59912	0.02861	0.01537	0.01566	0.01180	0.01643	0.01034	0.01457	0.00885	0.04913	0.00652	0.00182	0.00651	0.00492	0.00265	0.00775
3	0.00767	0.00575	0.00863	0.00863	0.00959	0.00671	0.00671	0.00959	0.00863	0.01246	0.01438	0.02109	0.01342	0.04026	0.79008	0.00863	0.01438	0.00575	0.00288	0.00479
4	0.01204	0.00730	0.00754	0.00681	0.00874	0.00775	0.00529	0.13513	0.09212	0.02250	0.01721	0.01886	0.01328	0.00639	0.00419	0.00137	0.00323	0.00509	0.61911	0.00603
5	0.00664	0.00475	0.00632	0.00741	0.00781	0.00443	0.00499	0.00772	0.01073	0.01443	0.09868	0.73669	0.03691	0.01628	0.00680	0.00213	0.00306	0.01475	0.00507	0.00443
6	0.00843	0.00600	0.00766	0.00711	0.00858	0.00571	0.00538	0.01182	0.06668	0.04197	0.70332	0.03814	0.04730	0.01061	0.00625	0.00170	0.00270	0.00934	0.00590	0.00541
7	0.00654	0.00467	0.00623	0.00747	0.00779	0.00436	0.00498	0.00747	0.01028	0.01370	0.02959	0.80785	0.03550	0.01682	0.00685	0.00218	0.00311	0.01526	0.00498	0.00436
8	0.00791	0.00751	0.07704	0.00760	0.00946	0.00576	0.00648	0.01077	0.01478	0.02099	0.68822	0.03800	0.04623	0.01054	0.00625	0.00171	0.00308	0.02681	0.00556	0.00532
9	0.00781	0.00520	0.00585	0.00585	0.00585	0.00520	0.00325	0.00781	0.00781	0.01041	0.01691	0.03513	0.01952	0.81135	0.02732	0.00520	0.00520	0.00781	0.00325	0.00325
10	0.01099	0.02642	0.71504	0.01689	0.09109	0.01249	0.01953	0.01695	0.01141	0.01705	0.00967	0.01151	0.00695	0.00507	0.00512	0.00169	0.00779	0.00404	0.00230	0.00798
11	0.02408	0.00914	0.01246	0.00955	0.01370	0.00789	0.00789	0.02616	0.01536	0.78158	0.02118	0.01827	0.01329	0.00664	0.00540	0.00166	0.00457	0.00540	0.00664	0.00914
12	0.01314	0.01253	0.02106	0.03124	0.72555	0.01237	0.01578	0.01627	0.01215	0.01753	0.01006	0.01314	0.00846	0.00473	0.00522	0.00154	0.00621	0.00467	0.00269	0.06564
13	0.03803	0.04557	0.01360	0.01013	0.01416	0.06315	0.00834	0.10233	0.04878	0.57037	0.01861	0.01660	0.01214	0.00646	0.00524	0.00162	0.00509	0.00508	0.00594	0.00875
14	0.00654	0.00467	0.00623	0.00747	0.00779	0.00436	0.00498	0.00747	0.01028	0.01370	0.02959	0.80785	0.03550	0.01682	0.00685	0.00218	0.00311	0.01526	0.00498	0.00436
15	0.01226	0.01793	0.25318	0.02146	0.16036	0.01308	0.35128	0.01781	0.06567	0.01757	0.01113	0.01372	0.00839	0.00494	0.00572	0.00174	0.00790	0.00533	0.00277	0.00776
16	0.00662	0.00473	0.00618	0.00731	0.00764	0.00442	0.00484	0.00750	0.01016	0.01350	0.02935	0.73463	0.05364	0.07181	0.00826	0.00238	0.00325	0.01464	0.00486	0.00429
17	0.01930	0.01491	0.05310	0.01204	0.01646	0.01532	0.01027	0.63758	0.02308	0.06257	0.01321	0.02853	0.00964	0.00645	0.00531	0.00158	0.00579	0.00493	0.00514	0.05478
18	0.01415	0.77142	0.06956	0.00952	0.01430	0.02076	0.00977	0.01612	0.01093	0.01287	0.00758	0.00876	0.00688	0.00462	0.00354	0.00118	0.00586	0.00293	0.00229	0.00695
19	0.00775	0.00518	0.00587	0.00592	0.00593	0.00517	0.00332	0.00779	0.00791	0.01054	0.01744	0.06716	0.02018	0.77841	0.02647	0.00508	0.00512	0.00812	0.00332	0.00330
20	0.01073	0.02559	0.69265	0.01614	0.07479	0.01209	0.01887	0.01650	0.01134	0.01688	0.01064	0.05050	0.00832	0.00565	0.00520	0.00172	0.00759	0.00458	0.00243	0.00780
21	0.01297	0.06756	0.02289	0.07929	0.40995	0.01343	0.18430	0.01762	0.09062	0.01737	0.01126	0.01397	0.00903	0.00500	0.00541	0.00164	0.00673	0.00511	0.00293	0.02292
22	0.01014	0.00954	0.01610	0.79845	0.03697	0.01193	0.01491	0.01371	0.01073	0.01371	0.00954	0.01431	0.00716	0.00537	0.00537	0.00179	0.00716	0.00477	0.00239	0.00596
23	0.01254	0.01540	0.08379	0.02212	0.02772	0.01350	0.70718	0.01718	0.01258	0.01718	0.01077	0.01426	0.00805	0.00456	0.00625	0.00180	0.00897	0.00617	0.00268	0.00729
24	0.03849	0.01075	0.03021	0.00982	0.01399	0.06184	0.00819	0.02456	0.01485	0.64429	0.01897	0.01685	0.01219	0.00632	0.00522	0.00158	0.00495	0.00503	0.00598	0.06593
25	0.01378	0.01291	0.02140	0.03153	0.72547	0.01302	0.01604	0.06765	0.01312	0.01866	0.01029	0.01326	0.00855	0.00490	0.00532	0.00160	0.00634	0.00479	0.00284	0.00855
26	0.00803	0.00550	0.00622	0.00600	0.00633	0.00534	0.00347	0.00820	0.00803	0.01090	0.01641	0.03348	0.01872	0.75578	0.02571	0.00490	0.00512	0.00749	0.00325	0.06113
27	0.01727	0.01105	0.03010	0.01126	0.01515	0.01080	0.07139	0.02538	0.34350	0.31712	0.01956	0.01808	0.01370	0.00653	0.00540	0.00168	0.00484	0.00559	0.00547	0.06614

[dist]
# distance from previous block
# <min> <max>
0	1

[block]
# block no. 5 follows, 45 sequences, length 14
# corresponding to MSA columns:
# 397-410
name=unknown_F
#
# <colnr> <probs for GDERKNQSTAVLIFYWHMCP>
#	G	D	E	R	K	N	Q	S	T	A	V	L	I	F	Y	W	H	M	C	P
0	0.00781	0.00520	0.00585	0.00585	0.00585	0.00520	0.00325	0.00781	0.00781	0.01041	0.01691	0.03513	0.01952	0.81135	0.02732	0.00520	0.00520	0.00781	0.00325	0.00325
1	0.01091	0.00763	0.00838	0.00745	0.00851	0.00802	0.00496	0.19307	0.01210	0.01618	0.01592	0.02965	0.01696	0.61309	0.02191	0.00432	0.00538	0.00707	0.00377	0.00470
2	0.64195	0.00918	0.00771	0.00698	0.00980	0.01032	0.00563	0.01439	0.01063	0.02345	0.19654	0.01645	0.01686	0.00646	0.00406	0.00167	0.00375	0.00458	0.00396	0.00563
3	0.01000	0.00834	0.00992	0.00783	0.01151	0.00647	0.00602	0.01203	0.01092	0.01656	0.01448	0.20737	0.01474	0.00714	0.00468	0.00114	0.00376	0.00616	0.00362	0.63731
4	0.50470	0.03905	0.20055	0.03294	0.01509	0.09677	0.01012	0.01664	0.01043	0.02053	0.00816	0.00963	0.00625	0.00507	0.00399	0.00163	0.00582	0.00328	0.00295	0.00641
5	0.00659	0.00526	0.00591	0.00615	0.00750	0.00457	0.00446	0.00803	0.01222	0.01542	0.16243	0.23609	0.47852	0.01397	0.00647	0.00188	0.00279	0.01204	0.00513	0.00457
6	0.01392	0.01126	0.01403	0.20615	0.06492	0.01282	0.01061	0.12021	0.37202	0.06631	0.01784	0.01809	0.03455	0.00670	0.00544	0.00176	0.00528	0.00562	0.00458	0.00788
7	0.01943	0.00857	0.01125	0.00929	0.01251	0.00781	0.00738	0.08805	0.01501	0.52468	0.02250	0.21227	0.01838	0.00913	0.00575	0.00178	0.00433	0.00778	0.00612	0.00796
8	0.01214	0.02305	0.50147	0.02059	0.25297	0.06287	0.01820	0.01713	0.01186	0.01691	0.00969	0.01182	0.00733	0.00503	0.00515	0.00165	0.00757	0.00418	0.00242	0.00800
9	0.00675	0.00526	0.00612	0.00631	0.00760	0.00464	0.00458	0.00833	0.01259	0.01628	0.25132	0.23466	0.38908	0.01365	0.00647	0.00187	0.00276	0.01184	0.00524	0.00464
10	0.37203	0.01425	0.20029	0.01063	0.04533	0.01112	0.01003	0.05988	0.01212	0.08710	0.11648	0.01498	0.01324	0.00607	0.00456	0.00167	0.00509	0.00452	0.00380	0.00682
11	0.01296	0.01404	0.08342	0.07790	0.54418	0.04269	0.03829	0.01708	0.05655	0.01730	0.01129	0.01509	0.00943	0.00536	0.00539	0.00166	0.00659	0.02988	0.00286	0.00804
12	0.46243	0.03699	0.00983	0.00860	0.04202	0.01075	0.00657	0.07502	0.01225	0.02320	0.19721	0.01711	0.01740	0.00650	0.00435	0.00159	0.00403	0.00483	0.00406	0.05524
13	0.07381	0.03551	0.39670	0.01114	0.01598	0.00977	0.01258	0.01447	0.01223	0.04170	0.24378	0.02160	0.02113	0.05910	0.00675	0.00191	0.00567	0.00591	0.00366	0.00661

[dist]
# distance from previous block
# <min> <max>
0	4

[block]
# block no. 6 follows, 45 sequences, length 12
# corresponding to MSA columns:
# 422-433
name=unknown_G
#
# <colnr> <probs for GDERKNQSTAVLIFYWHMCP>
#	G	D	E	R	K	N	Q	S	T	A	V	L	I	F	Y	W	H	M	C	P
0	0.03664	0.18501	0.01855	0.01497	0.13529	0.22558	0.01067	0.16708	0.10407	0.03617	0.01117	0.01204	0.00883	0.00561	0.00478	0.00148	0.00670	0.00415	0.00358	0.00762
1	0.00745	0.00566	0.00713	0.02276	0.00918	0.00539	0.00586	0.00969	0.04291	0.01607	0.16377	0.30938	0.20140	0.01408	0.00667	0.00205	0.00341	0.15720	0.00511	0.00484
2	0.00880	0.00708	0.01092	0.01314	0.16182	0.00774	0.00825	0.01075	0.00925	0.01323	0.01382	0.02117	0.01315	0.12310	0.54522	0.00683	0.01172	0.00580	0.00288	0.00535
3	0.01225	0.05409	0.42083	0.01775	0.17061	0.10276	0.01632	0.01668	0.01206	0.01637	0.01169	0.01719	0.00998	0.00621	0.00532	0.00171	0.00739	0.09062	0.00272	0.00745
4	0.01119	0.00871	0.01108	0.01105	0.10063	0.00850	0.00755	0.16021	0.01630	0.02286	0.42700	0.02845	0.05014	0.00860	0.00575	0.00156	0.00383	0.00744	0.00508	0.10408
5	0.01269	0.00972	0.01369	0.35134	0.06048	0.01038	0.01078	0.10156	0.01298	0.07423	0.01185	0.01449	0.00892	0.00540	0.00488	0.00148	0.00555	0.00454	0.11193	0.17313
6	0.00738	0.00573	0.00830	0.16456	0.01361	0.00595	0.00696	0.00903	0.01095	0.01462	0.11310	0.56005	0.03165	0.01386	0.00650	0.00204	0.00385	0.01252	0.00458	0.00476
7	0.00786	0.00672	0.00900	0.01148	0.16056	0.00616	0.00683	0.00957	0.01199	0.01543	0.09272	0.22010	0.39680	0.01241	0.00626	0.00185	0.00352	0.01083	0.00459	0.00532
8	0.01809	0.01228	0.01371	0.01105	0.01454	0.01317	0.00889	0.52342	0.02109	0.11851	0.01719	0.17149	0.01486	0.00853	0.00567	0.00173	0.00519	0.00697	0.00544	0.00818
9	0.01493	0.10938	0.04891	0.11015	0.17139	0.26445	0.12012	0.01760	0.01286	0.02873	0.01032	0.04774	0.00883	0.00562	0.00516	0.00156	0.00773	0.00481	0.00279	0.00690
10	0.01298	0.04822	0.02475	0.10439	0.07195	0.10211	0.00952	0.07365	0.24058	0.03024	0.18182	0.04159	0.02049	0.00751	0.00549	0.00168	0.00522	0.00628	0.00449	0.00705
11	0.07413	0.05718	0.16679	0.10301	0.01837	0.03602	0.02134	0.06903	0.21659	0.01944	0.01347	0.01434	0.02078	0.00572	0.00487	0.00155	0.00567	0.00455	0.00364	0.14351

[dist]
# distance from previous block
# <min> <max>
0	153

# created by:
# /st0/software/busco_prod/Augustus/scripts/msa2prfl.pl ./align_prep/171238.fa
