[name]
unknown

[dist]
# distance from previous block
# <min> <max>
31	162

[block]
# block no. 0 follows, 47 sequences, length 16
# corresponding to MSA columns:
# 210-225
name=unknown_A
#
# <colnr> <probs for GDERKNQSTAVLIFYWHMCP>
#	G	D	E	R	K	N	Q	S	T	A	V	L	I	F	Y	W	H	M	C	P
0	0.01128	0.00861	0.02035	0.04587	0.03879	0.03940	0.04915	0.04755	0.08076	0.10411	0.21236	0.14119	0.05180	0.04686	0.00680	0.00190	0.00439	0.05744	0.00474	0.02665
1	0.03540	0.00917	0.01022	0.00952	0.04053	0.02458	0.00697	0.20541	0.07606	0.01992	0.08010	0.13020	0.12922	0.10901	0.00848	0.00212	0.02536	0.02822	0.00451	0.04502
2	0.01330	0.00980	0.01184	0.00915	0.01292	0.00901	0.03468	0.16511	0.05313	0.09389	0.05078	0.04450	0.04787	0.00712	0.02978	0.00148	0.00461	0.00507	0.02483	0.37112
3	0.03401	0.00833	0.00977	0.04138	0.01132	0.00910	0.02599	0.19940	0.04888	0.02061	0.01488	0.03755	0.01245	0.07435	0.09208	0.01897	0.02153	0.00536	0.30814	0.00591
4	0.04832	0.02391	0.00815	0.00754	0.00845	0.03515	0.00523	0.08804	0.01047	0.01430	0.01860	0.23420	0.03483	0.36513	0.04156	0.00348	0.03580	0.00860	0.00377	0.00450
5	0.06366	0.00891	0.01061	0.00890	0.01185	0.00893	0.00718	0.14518	0.08356	0.28438	0.13852	0.03781	0.06194	0.00917	0.03433	0.00192	0.00448	0.04435	0.02710	0.00721
6	0.00983	0.00926	0.01562	0.80447	0.03587	0.01157	0.01446	0.01331	0.01041	0.01331	0.00926	0.01388	0.00694	0.00521	0.00521	0.00174	0.00694	0.00463	0.00231	0.00579
7	0.04144	0.01213	0.01328	0.03713	0.01488	0.01301	0.00864	0.43584	0.12094	0.04765	0.01392	0.03833	0.01078	0.02920	0.00559	0.00160	0.00503	0.00499	0.02671	0.11891
8	0.00930	0.00659	0.00743	0.00711	0.00830	0.00671	0.00508	0.11525	0.03111	0.01585	0.02376	0.12419	0.13698	0.30891	0.04230	0.00322	0.00459	0.06005	0.07854	0.00472
9	0.02115	0.00968	0.01223	0.00949	0.01327	0.00914	0.00780	0.17743	0.01671	0.55614	0.06207	0.01792	0.01414	0.00663	0.00522	0.00159	0.00450	0.00535	0.04109	0.00847
10	0.01925	0.01380	0.01498	0.01155	0.01554	0.01513	0.00951	0.69058	0.02350	0.06620	0.05666	0.01424	0.01133	0.00651	0.00526	0.00157	0.00549	0.00498	0.00530	0.00863
11	0.01427	0.01268	0.01740	0.09897	0.27077	0.09498	0.08071	0.10874	0.05789	0.07810	0.01193	0.01430	0.00935	0.00915	0.09537	0.00236	0.00741	0.00487	0.00337	0.00737
12	0.01726	0.01072	0.01257	0.01031	0.01363	0.01144	0.00833	0.26570	0.18804	0.24229	0.01699	0.01685	0.01227	0.01184	0.13422	0.00273	0.00634	0.00526	0.00519	0.00803
13	0.01890	0.04027	0.01571	0.01177	0.01583	0.01479	0.03845	0.53497	0.11435	0.11952	0.01427	0.01389	0.01009	0.00624	0.00520	0.00159	0.00549	0.00489	0.00517	0.00864
14	0.06145	0.01336	0.08878	0.06259	0.20180	0.01234	0.17241	0.09639	0.12693	0.01931	0.01233	0.04049	0.00986	0.00554	0.00524	0.00162	0.00620	0.00523	0.00337	0.05476
15	0.03843	0.02865	0.13083	0.03171	0.10094	0.04784	0.20109	0.15953	0.04391	0.12157	0.01265	0.03739	0.00954	0.00565	0.00534	0.00164	0.00665	0.00520	0.00373	0.00769

[dist]
# distance from previous block
# <min> <max>
1	12

[block]
# block no. 1 follows, 47 sequences, length 11
# corresponding to MSA columns:
# 238-248
name=unknown_B
#
# <colnr> <probs for GDERKNQSTAVLIFYWHMCP>
#	G	D	E	R	K	N	Q	S	T	A	V	L	I	F	Y	W	H	M	C	P
0	0.01555	0.05966	0.04612	0.08272	0.13580	0.09778	0.10933	0.10304	0.11250	0.13524	0.01279	0.01390	0.00949	0.00567	0.00562	0.00161	0.03700	0.00482	0.00376	0.00760
1	0.02815	0.01306	0.06823	0.03132	0.06193	0.01260	0.19910	0.13171	0.07606	0.05291	0.01119	0.01313	0.00861	0.00568	0.00696	0.00162	0.12605	0.00481	0.00341	0.14348
2	0.05937	0.01865	0.15715	0.03218	0.11751	0.20935	0.04122	0.24273	0.03707	0.02096	0.01029	0.01157	0.00778	0.00544	0.00496	0.00154	0.00707	0.00419	0.00343	0.00754
3	0.07782	0.01912	0.39400	0.08546	0.20493	0.01228	0.07989	0.01592	0.01101	0.01680	0.00931	0.01176	0.00706	0.00495	0.00531	0.00166	0.02867	0.00424	0.00242	0.00739
4	0.08575	0.01354	0.10083	0.05743	0.06756	0.04012	0.01045	0.20496	0.13117	0.18398	0.01445	0.01503	0.01043	0.00607	0.00503	0.00162	0.00547	0.01936	0.00451	0.02224
5	0.06424	0.01318	0.12661	0.28878	0.34428	0.01204	0.01497	0.01557	0.04126	0.01627	0.00984	0.01294	0.00771	0.00498	0.00503	0.00164	0.00644	0.00446	0.00258	0.00717
6	0.09587	0.01216	0.01904	0.07174	0.60108	0.01258	0.01437	0.07911	0.01255	0.01876	0.00974	0.01248	0.00797	0.00483	0.00497	0.00157	0.00598	0.00446	0.00285	0.00790
7	0.08334	0.40183	0.25113	0.01036	0.01526	0.01518	0.01127	0.01541	0.01067	0.04572	0.01051	0.08861	0.00954	0.00588	0.00421	0.00143	0.00578	0.00438	0.00273	0.00674
8	0.00778	0.00604	0.00679	0.00662	0.00819	0.00562	0.00492	0.08249	0.01326	0.01709	0.18805	0.21097	0.39770	0.01269	0.00617	0.00179	0.00299	0.01089	0.00505	0.00490
9	0.01720	0.01292	0.01508	0.01410	0.12100	0.01408	0.01009	0.44423	0.17240	0.07087	0.04373	0.01525	0.01195	0.00637	0.00526	0.00161	0.00527	0.00513	0.00496	0.00850
10	0.01405	0.01204	0.01398	0.01183	0.01511	0.04134	0.08275	0.06823	0.59077	0.06104	0.01914	0.01805	0.01422	0.00666	0.00535	0.00173	0.00488	0.00572	0.00500	0.00811

[dist]
# distance from previous block
# <min> <max>
6	7

[block]
# block no. 2 follows, 47 sequences, length 48
# corresponding to MSA columns:
# 257-304
name=unknown_C
#
# <colnr> <probs for GDERKNQSTAVLIFYWHMCP>
#	G	D	E	R	K	N	Q	S	T	A	V	L	I	F	Y	W	H	M	C	P
0	0.02132	0.05311	0.01376	0.01001	0.01403	0.01080	0.00832	0.21138	0.06434	0.50989	0.01787	0.01603	0.01174	0.00633	0.00513	0.00158	0.00480	0.00501	0.00584	0.00871
1	0.00998	0.00850	0.00985	0.00740	0.01142	0.00647	0.00583	0.01209	0.01087	0.01640	0.01557	0.06532	0.10031	0.00573	0.00430	0.00097	0.00366	0.00474	0.00340	0.69719
2	0.01295	0.01119	0.01178	0.01060	0.01354	0.01295	0.00824	0.02767	0.77509	0.02178	0.02120	0.01943	0.01590	0.00707	0.00530	0.00177	0.00412	0.00589	0.00530	0.00824
3	0.00826	0.10899	0.01077	0.00844	0.00982	0.00830	0.00681	0.01010	0.00865	0.01211	0.01310	0.01892	0.01221	0.03466	0.69567	0.00745	0.01289	0.00522	0.00272	0.00491
4	0.01752	0.02140	0.01573	0.01581	0.11332	0.58981	0.01100	0.01905	0.01346	0.01326	0.00811	0.01011	0.00692	0.00579	0.00645	0.00150	0.11821	0.00368	0.00261	0.00627
5	0.00615	0.00528	0.00528	0.00528	0.00703	0.00440	0.00396	0.00747	0.01187	0.01407	0.05276	0.05012	0.78238	0.01319	0.00615	0.00176	0.00264	0.01099	0.00484	0.00440
6	0.01080	0.00926	0.01080	0.00771	0.01234	0.00694	0.00617	0.01311	0.01080	0.01697	0.00926	0.01080	0.00771	0.00386	0.00386	0.00077	0.00386	0.00309	0.00309	0.84882
7	0.01100	0.07742	0.60651	0.01569	0.02275	0.01285	0.14907	0.01647	0.01119	0.01624	0.00941	0.01135	0.00683	0.00482	0.00505	0.00163	0.00774	0.00418	0.00228	0.00751
8	0.01270	0.01218	0.02079	0.07999	0.73796	0.01232	0.01589	0.01582	0.01177	0.01678	0.00976	0.01295	0.00817	0.00468	0.00516	0.00156	0.00623	0.00464	0.00256	0.00810
9	0.01080	0.00926	0.01080	0.00771	0.01234	0.00694	0.00617	0.01311	0.01080	0.01697	0.00926	0.01080	0.00771	0.00386	0.00386	0.00077	0.00386	0.00309	0.00309	0.84882
10	0.00733	0.00529	0.00694	0.00666	0.00784	0.00490	0.00499	0.00970	0.01440	0.02033	0.72118	0.08394	0.04785	0.01106	0.00620	0.00168	0.00254	0.02663	0.00566	0.00487
11	0.01338	0.01140	0.01201	0.01068	0.01370	0.01315	0.00835	0.07364	0.72843	0.02247	0.02066	0.01900	0.01546	0.00701	0.00529	0.00175	0.00422	0.00581	0.00529	0.00828
12	0.00858	0.00531	0.00617	0.00597	0.00630	0.00521	0.00356	0.00887	0.00849	0.06118	0.06425	0.03332	0.02042	0.71434	0.02386	0.00461	0.00485	0.00754	0.00353	0.00363
13	0.01401	0.00895	0.01050	0.00912	0.01186	0.00935	0.00716	0.02207	0.36938	0.21491	0.23497	0.02448	0.02449	0.00792	0.00552	0.00169	0.00373	0.00672	0.00571	0.00746
14	0.01119	0.02590	0.74523	0.01452	0.02201	0.01184	0.01857	0.01700	0.01122	0.06090	0.00999	0.01138	0.00696	0.00503	0.00496	0.00165	0.00751	0.00393	0.00244	0.00776
15	0.85377	0.01007	0.00765	0.00685	0.01007	0.01168	0.00564	0.01531	0.00886	0.02336	0.00725	0.00846	0.00564	0.00483	0.00322	0.00161	0.00403	0.00282	0.00322	0.00564
16	0.02336	0.00886	0.01209	0.00927	0.01329	0.00765	0.00765	0.02538	0.01491	0.78810	0.02055	0.01773	0.01289	0.00645	0.00524	0.00161	0.00443	0.00524	0.00645	0.00886
17	0.01980	0.01459	0.01563	0.01198	0.01615	0.01615	0.00990	0.76713	0.02448	0.03282	0.01250	0.01250	0.00886	0.00625	0.00521	0.00156	0.00573	0.00469	0.00521	0.00886
18	0.00744	0.00558	0.00837	0.00837	0.00930	0.00651	0.00651	0.00930	0.00837	0.01209	0.01395	0.02046	0.01302	0.03906	0.79635	0.00837	0.01395	0.00558	0.00279	0.00465
19	0.05504	0.01431	0.01519	0.01173	0.01582	0.01588	0.00967	0.71570	0.04361	0.03213	0.01251	0.01251	0.00891	0.00621	0.00513	0.00157	0.00562	0.00464	0.00513	0.00870
20	0.00724	0.00509	0.00641	0.00664	0.00757	0.00466	0.00468	0.00875	0.01196	0.03641	0.31147	0.33303	0.14585	0.07624	0.00791	0.00210	0.00295	0.01143	0.00508	0.00455
21	0.00794	0.00550	0.00670	0.00629	0.00779	0.00492	0.00471	0.00992	0.01359	0.06255	0.48737	0.04083	0.26510	0.04541	0.00696	0.00182	0.00273	0.00957	0.00540	0.00491
22	0.00615	0.00528	0.00528	0.00528	0.00703	0.00440	0.00396	0.00747	0.01187	0.01407	0.05276	0.05012	0.78238	0.01319	0.00615	0.00176	0.00264	0.01099	0.00484	0.00440
23	0.00639	0.00456	0.00608	0.00722	0.00756	0.00426	0.00484	0.00735	0.01016	0.01359	0.05857	0.78286	0.03503	0.01609	0.00663	0.00210	0.00300	0.01459	0.00487	0.00426
24	0.02147	0.00846	0.01140	0.00888	0.01262	0.00731	0.00729	0.02347	0.01472	0.70008	0.06553	0.02079	0.05923	0.00707	0.00534	0.00162	0.00422	0.00581	0.00631	0.00838
25	0.85377	0.01007	0.00765	0.00685	0.01007	0.01168	0.00564	0.01531	0.00886	0.02336	0.00725	0.00846	0.00564	0.00483	0.00322	0.00161	0.00403	0.00282	0.00322	0.00564
26	0.00642	0.00456	0.00602	0.00716	0.00745	0.00428	0.00474	0.00727	0.00983	0.01311	0.02800	0.76872	0.03355	0.06240	0.00779	0.00228	0.00314	0.01439	0.00474	0.00417
27	0.58188	0.00968	0.00910	0.00764	0.01113	0.01036	0.00630	0.01861	0.01084	0.27375	0.01160	0.01149	0.00801	0.00536	0.00388	0.00161	0.00416	0.00361	0.00428	0.00669
28	0.00695	0.00531	0.00638	0.00611	0.00752	0.00474	0.00458	0.00902	0.01375	0.01853	0.53030	0.04277	0.30205	0.01152	0.00615	0.00168	0.00252	0.00996	0.00542	0.00474
29	0.02234	0.00862	0.01167	0.00903	0.01280	0.00749	0.00736	0.02423	0.01443	0.73769	0.02028	0.01878	0.01328	0.05896	0.00662	0.00183	0.00447	0.00539	0.00623	0.00849
30	0.35625	0.00935	0.01031	0.00830	0.01200	0.00927	0.00685	0.02134	0.01248	0.48154	0.01522	0.01401	0.00998	0.00580	0.00443	0.00161	0.00427	0.00427	0.00515	0.00757
31	0.09481	0.00761	0.00968	0.00823	0.01097	0.00698	0.00642	0.01856	0.01281	0.45868	0.06319	0.18898	0.01923	0.06116	0.00678	0.00194	0.00402	0.00744	0.00555	0.00699
32	0.02319	0.00914	0.01225	0.00939	0.01343	0.00806	0.00776	0.06076	0.01536	0.75208	0.02016	0.01748	0.01270	0.00644	0.00524	0.00161	0.00449	0.00521	0.00639	0.00886
33	0.40276	0.00921	0.00977	0.00806	0.01155	0.00934	0.00660	0.01992	0.01191	0.40163	0.01484	0.05081	0.01058	0.00617	0.00438	0.00163	0.00418	0.00458	0.00489	0.00717
34	0.00763	0.00586	0.00873	0.00862	0.00951	0.00696	0.00674	0.00945	0.00835	0.01211	0.01361	0.02003	0.01272	0.03763	0.75917	0.00808	0.05180	0.00553	0.00277	0.00470
35	0.29013	0.00953	0.01070	0.00857	0.01223	0.00947	0.00705	0.07637	0.01366	0.45308	0.04800	0.01525	0.01179	0.00609	0.00462	0.00161	0.00431	0.00459	0.00528	0.00766
36	0.00813	0.00549	0.00721	0.00668	0.00804	0.00504	0.00504	0.01057	0.01475	0.05748	0.74544	0.03789	0.04741	0.01045	0.00610	0.00164	0.00255	0.00922	0.00577	0.00510
37	0.00758	0.00501	0.00567	0.00575	0.00582	0.00499	0.00328	0.00775	0.00787	0.01070	0.01723	0.08396	0.01970	0.73066	0.02425	0.00470	0.00481	0.00793	0.03906	0.00330
38	0.05263	0.01250	0.01985	0.02902	0.68129	0.02678	0.01490	0.03619	0.04452	0.01785	0.01020	0.01288	0.00844	0.00481	0.00506	0.00156	0.00604	0.00459	0.00279	0.00810
39	0.01056	0.02610	0.74080	0.01530	0.02284	0.01216	0.06760	0.01650	0.01108	0.01650	0.00942	0.01119	0.00668	0.00491	0.00503	0.00166	0.00777	0.00400	0.00223	0.00765
40	0.00634	0.00453	0.00604	0.00725	0.00755	0.00423	0.00483	0.00725	0.00997	0.01329	0.02870	0.81358	0.03444	0.01632	0.00665	0.00211	0.00302	0.01480	0.00483	0.00423
41	0.00615	0.00528	0.00528	0.00528	0.00703	0.00440	0.00396	0.00747	0.01187	0.01407	0.05276	0.05012	0.78238	0.01319	0.00615	0.00176	0.00264	0.01099	0.00484	0.00440
42	0.00754	0.00504	0.00569	0.00572	0.00573	0.00503	0.00320	0.00756	0.00764	0.01018	0.01673	0.05434	0.01934	0.79617	0.02599	0.00497	0.00500	0.00776	0.00320	0.00318
43	0.01134	0.02209	0.50309	0.01726	0.02401	0.01258	0.28111	0.03620	0.01180	0.01699	0.00985	0.01211	0.00711	0.00479	0.00538	0.00168	0.00803	0.00468	0.00243	0.00749
44	0.01080	0.00926	0.01080	0.00771	0.01234	0.00694	0.00617	0.01311	0.01080	0.01697	0.00926	0.01080	0.00771	0.00386	0.00386	0.00077	0.00386	0.00309	0.00309	0.84882
45	0.01321	0.01248	0.02088	0.03103	0.74846	0.01255	0.01570	0.05122	0.01245	0.01775	0.00992	0.01287	0.00828	0.00472	0.00516	0.00155	0.00617	0.00464	0.00270	0.00828
46	0.01045	0.02694	0.79000	0.01484	0.02254	0.01209	0.01924	0.01649	0.01099	0.01649	0.00935	0.01099	0.00660	0.00495	0.00495	0.00165	0.00770	0.00385	0.00220	0.00770
47	0.00767	0.00598	0.00942	0.00901	0.01014	0.00682	0.04211	0.00965	0.00855	0.01230	0.01379	0.02016	0.01278	0.03743	0.75928	0.00806	0.01371	0.00561	0.00278	0.00476

[dist]
# distance from previous block
# <min> <max>
0	21

[block]
# block no. 3 follows, 47 sequences, length 76
# corresponding to MSA columns:
# 326-360,390-430
name=unknown_D
#
# <colnr> <probs for GDERKNQSTAVLIFYWHMCP>
#	G	D	E	R	K	N	Q	S	T	A	V	L	I	F	Y	W	H	M	C	P
0	0.01289	0.01237	0.02114	0.03196	0.78450	0.01237	0.01598	0.01598	0.01186	0.01701	0.00980	0.01289	0.00825	0.00464	0.00516	0.00155	0.00619	0.00464	0.00258	0.00825
1	0.00649	0.00529	0.00574	0.00563	0.00724	0.00454	0.00422	0.00812	0.01266	0.01594	0.25324	0.04703	0.58073	0.01249	0.00615	0.00173	0.00259	0.01056	0.00508	0.00454
2	0.00757	0.00508	0.00583	0.00583	0.00588	0.00513	0.00334	0.00767	0.00762	0.01021	0.01627	0.03331	0.01860	0.77321	0.06982	0.00524	0.00555	0.00746	0.00313	0.00324
3	0.39498	0.12786	0.01337	0.00970	0.01300	0.26541	0.00789	0.08369	0.01238	0.01924	0.00797	0.00910	0.00641	0.00508	0.00389	0.00145	0.00612	0.00315	0.00309	0.00620
4	0.01237	0.01181	0.02002	0.02924	0.68314	0.01186	0.03173	0.01535	0.01179	0.01673	0.01220	0.01655	0.03720	0.00554	0.00558	0.00162	0.02391	0.04276	0.00277	0.00785
5	0.06903	0.00914	0.01197	0.00923	0.01322	0.00818	0.00762	0.05155	0.01492	0.71872	0.01952	0.01703	0.01235	0.00635	0.00512	0.00161	0.00446	0.00508	0.00622	0.00868
6	0.00634	0.00453	0.00604	0.00725	0.00755	0.00423	0.00483	0.00725	0.00997	0.01329	0.02870	0.81358	0.03444	0.01632	0.00665	0.00211	0.00302	0.01480	0.00483	0.00423
7	0.01399	0.08488	0.23168	0.03478	0.35334	0.01222	0.02876	0.01762	0.01200	0.14492	0.01125	0.01282	0.00841	0.00501	0.00498	0.00156	0.00632	0.00439	0.00308	0.00800
8	0.00993	0.00935	0.01579	0.78016	0.05943	0.01160	0.01451	0.01339	0.01046	0.01342	0.00927	0.01385	0.00698	0.00519	0.00520	0.00173	0.00692	0.00463	0.00232	0.00586
9	0.00672	0.00530	0.00606	0.00587	0.00738	0.00464	0.00440	0.00858	0.01321	0.01726	0.39388	0.04487	0.43927	0.01200	0.00615	0.00170	0.00255	0.01025	0.00526	0.00464
10	0.01235	0.01389	0.02985	0.02287	0.09667	0.01310	0.69683	0.01662	0.01225	0.01671	0.01047	0.01394	0.00793	0.00441	0.00605	0.00174	0.00854	0.00601	0.00263	0.00714
11	0.01637	0.30106	0.03314	0.01346	0.09299	0.31725	0.01030	0.08700	0.05494	0.01539	0.00908	0.01024	0.00755	0.00514	0.00435	0.00133	0.00708	0.00355	0.00288	0.00689
12	0.01377	0.78480	0.06125	0.00917	0.01377	0.02023	0.00937	0.01563	0.01060	0.01244	0.00733	0.00847	0.00668	0.00448	0.00341	0.00114	0.00566	0.00283	0.00223	0.00673
13	0.27901	0.01228	0.01243	0.01010	0.01362	0.02791	0.00835	0.38508	0.01732	0.09493	0.01211	0.01411	0.00924	0.00635	0.00512	0.00165	0.03399	0.04441	0.00453	0.00747
14	0.01206	0.01356	0.02938	0.02120	0.02622	0.01274	0.71977	0.01632	0.01227	0.01661	0.01157	0.01675	0.00924	0.00499	0.00621	0.00179	0.00854	0.05112	0.00276	0.00689
15	0.00730	0.00532	0.00687	0.00648	0.00774	0.00489	0.00486	0.00970	0.01459	0.02051	0.74232	0.03951	0.08879	0.01078	0.00614	0.00164	0.00247	0.00950	0.00568	0.00489
16	0.01202	0.01008	0.01485	0.47196	0.08294	0.01180	0.01250	0.06938	0.15535	0.05852	0.01303	0.01658	0.01000	0.00598	0.00529	0.00173	0.00606	0.03174	0.00341	0.00677
17	0.05744	0.00706	0.00876	0.00768	0.00983	0.00676	0.00606	0.07208	0.01500	0.17981	0.46546	0.03215	0.05349	0.00938	0.00578	0.00167	0.00333	0.04657	0.00563	0.00605
18	0.00995	0.00938	0.01584	0.77414	0.06525	0.01160	0.01452	0.01341	0.01047	0.01345	0.00928	0.01385	0.00699	0.00518	0.00520	0.00173	0.00691	0.00463	0.00232	0.00588
19	0.00620	0.00524	0.00536	0.00542	0.00708	0.00440	0.00403	0.00752	0.01184	0.01420	0.07039	0.09112	0.72288	0.01329	0.00618	0.00177	0.00265	0.01116	0.00486	0.00440
20	0.85377	0.01007	0.00765	0.00685	0.01007	0.01168	0.00564	0.01531	0.00886	0.02336	0.00725	0.00846	0.00564	0.00483	0.00322	0.00161	0.00403	0.00282	0.00322	0.00564
21	0.01661	0.01253	0.01418	0.01137	0.01449	0.01422	0.00929	0.54915	0.01979	0.02684	0.01232	0.01430	0.00963	0.03335	0.13953	0.00286	0.08246	0.00490	0.00447	0.00770
22	0.01080	0.00926	0.01080	0.00771	0.01234	0.00694	0.00617	0.01311	0.01080	0.01697	0.00926	0.01080	0.00771	0.00386	0.00386	0.00077	0.00386	0.00309	0.00309	0.84882
23	0.00648	0.00529	0.00573	0.00562	0.00724	0.00454	0.00421	0.00811	0.01264	0.01591	0.24943	0.04709	0.58456	0.01250	0.00615	0.00173	0.00259	0.01057	0.00508	0.00454
24	0.01344	0.01163	0.01361	0.01424	0.14144	0.01309	0.00965	0.07986	0.59372	0.02180	0.01867	0.01784	0.01411	0.00660	0.00527	0.00172	0.00458	0.00559	0.00484	0.00829
25	0.85377	0.01007	0.00765	0.00685	0.01007	0.01168	0.00564	0.01531	0.00886	0.02336	0.00725	0.00846	0.00564	0.00483	0.00322	0.00161	0.00403	0.00282	0.00322	0.00564
26	0.00744	0.00558	0.00837	0.00837	0.00930	0.00651	0.00651	0.00930	0.00837	0.01209	0.01395	0.02046	0.01302	0.03906	0.79635	0.00837	0.01395	0.00558	0.00279	0.00465
27	0.85377	0.01007	0.00765	0.00685	0.01007	0.01168	0.00564	0.01531	0.00886	0.02336	0.00725	0.00846	0.00564	0.00483	0.00322	0.00161	0.00403	0.00282	0.00322	0.00564
28	0.01403	0.01474	0.02715	0.01970	0.02463	0.05686	0.58897	0.15094	0.01461	0.01935	0.01075	0.01351	0.00801	0.00478	0.00590	0.00170	0.00827	0.00573	0.00310	0.00730
29	0.01053	0.04744	0.77028	0.01469	0.02230	0.01231	0.01897	0.01647	0.01098	0.01638	0.00929	0.01093	0.00660	0.00493	0.00491	0.00164	0.00764	0.00382	0.00220	0.00767
30	0.01848	0.01393	0.01489	0.01171	0.01565	0.01553	0.00958	0.62449	0.16927	0.03069	0.01418	0.01384	0.01021	0.00641	0.00523	0.00160	0.00542	0.00492	0.00523	0.00874
31	0.00998	0.00942	0.01617	0.68974	0.05744	0.01134	0.05477	0.01342	0.01066	0.01374	0.01045	0.01658	0.00843	0.00570	0.00538	0.00177	0.00689	0.04978	0.00249	0.00587
32	0.01946	0.02459	0.01478	0.01338	0.01610	0.77841	0.01006	0.03770	0.01498	0.01320	0.00815	0.00946	0.00676	0.00539	0.00471	0.00135	0.00931	0.00338	0.00274	0.00610
33	0.00983	0.00926	0.01562	0.80447	0.03587	0.01157	0.01446	0.01331	0.01041	0.01331	0.00926	0.01388	0.00694	0.00521	0.00521	0.00174	0.00694	0.00463	0.00231	0.00579
34	0.02255	0.00889	0.01230	0.05738	0.01466	0.00789	0.00807	0.02465	0.01463	0.74122	0.01986	0.01749	0.01253	0.00637	0.00524	0.00162	0.00458	0.00520	0.00620	0.00868
35	0.02336	0.00886	0.01209	0.00927	0.01329	0.00765	0.00765	0.02538	0.01491	0.78810	0.02055	0.01773	0.01289	0.00645	0.00524	0.00161	0.00443	0.00524	0.00645	0.00886
36	0.00983	0.00926	0.01562	0.80447	0.03587	0.01157	0.01446	0.01331	0.01041	0.01331	0.00926	0.01388	0.00694	0.00521	0.00521	0.00174	0.00694	0.00463	0.00231	0.00579
37	0.01229	0.01405	0.03073	0.02195	0.02722	0.01317	0.76558	0.01668	0.01229	0.01668	0.01054	0.01405	0.00790	0.00439	0.00615	0.00176	0.00878	0.00615	0.00263	0.00702
38	0.00998	0.00955	0.01653	0.75712	0.03534	0.01167	0.05991	0.01351	0.01053	0.01351	0.00933	0.01389	0.00700	0.00516	0.00526	0.00174	0.00705	0.00472	0.00233	0.00586
39	0.00619	0.00528	0.00532	0.00531	0.00705	0.00441	0.00398	0.00753	0.01194	0.01425	0.07175	0.04983	0.76328	0.01312	0.00615	0.00176	0.00263	0.01095	0.00486	0.00441
40	0.01177	0.00983	0.01132	0.00817	0.01275	0.00793	0.00657	0.09412	0.01227	0.01867	0.00960	0.01098	0.00784	0.00411	0.00400	0.00086	0.00406	0.00326	0.00331	0.75858
41	0.01852	0.02212	0.01499	0.01330	0.01581	0.61984	0.01021	0.09832	0.01496	0.01483	0.00837	0.00996	0.00695	0.00591	0.00625	0.00148	0.10535	0.00364	0.00290	0.00629
42	0.01038	0.00982	0.01661	0.66572	0.17032	0.01171	0.01474	0.01379	0.01067	0.01397	0.00935	0.01371	0.00718	0.00510	0.00520	0.00170	0.00681	0.00463	0.00236	0.00623
43	0.00850	0.00614	0.00751	0.00777	0.05498	0.00551	0.00541	0.01069	0.03061	0.07799	0.30030	0.04070	0.40223	0.01111	0.00600	0.00169	0.00297	0.00949	0.00515	0.00525
44	0.00882	0.00494	0.00721	0.00713	0.00724	0.00521	0.00490	0.00735	0.00708	0.00961	0.01014	0.01768	0.01023	0.08437	0.11233	0.65112	0.03461	0.00489	0.00240	0.00274
45	0.01241	0.01071	0.01178	0.01107	0.04035	0.01229	0.00830	0.02526	0.65959	0.02129	0.08895	0.02074	0.01839	0.00736	0.00568	0.00176	0.02492	0.00613	0.00516	0.00788
46	0.01392	0.82012	0.02729	0.00891	0.01337	0.02061	0.00891	0.01559	0.01058	0.01225	0.00724	0.00835	0.00668	0.00446	0.00334	0.00111	0.00557	0.00278	0.00223	0.00668
47	0.01045	0.02694	0.79000	0.01484	0.02254	0.01209	0.01924	0.01649	0.01099	0.01649	0.00935	0.01099	0.00660	0.00495	0.00495	0.00165	0.00770	0.00385	0.00220	0.00770
48	0.01361	0.66813	0.12407	0.00981	0.01452	0.05376	0.01018	0.01579	0.01077	0.01278	0.00771	0.00921	0.00690	0.01945	0.00403	0.00126	0.00600	0.00303	0.00226	0.00672
49	0.85377	0.01007	0.00765	0.00685	0.01007	0.01168	0.00564	0.01531	0.00886	0.02336	0.00725	0.00846	0.00564	0.00483	0.00322	0.00161	0.00403	0.00282	0.00322	0.00564
50	0.00727	0.00530	0.00684	0.00650	0.00773	0.00487	0.00486	0.00963	0.01445	0.02030	0.72049	0.05992	0.09044	0.01094	0.00616	0.00166	0.00248	0.00965	0.00566	0.00487
51	0.01045	0.02694	0.79000	0.01484	0.02254	0.01209	0.01924	0.01649	0.01099	0.01649	0.00935	0.01099	0.00660	0.00495	0.00495	0.00165	0.00770	0.00385	0.00220	0.00770
52	0.01110	0.01100	0.01589	0.16054	0.01779	0.01514	0.01196	0.01268	0.00843	0.01268	0.00729	0.01186	0.00686	0.00839	0.01488	0.00218	0.65877	0.00457	0.00229	0.00571
53	0.00729	0.00532	0.00686	0.00647	0.00773	0.00488	0.00485	0.00968	0.01456	0.02046	0.73611	0.03960	0.09504	0.01081	0.00614	0.00165	0.00247	0.00952	0.00568	0.00488
54	0.01022	0.02562	0.74340	0.01438	0.02165	0.01164	0.01839	0.01600	0.01104	0.01648	0.02777	0.04096	0.00859	0.00549	0.00504	0.00167	0.00741	0.00438	0.00238	0.00751
55	0.00737	0.00532	0.00696	0.00655	0.00778	0.00491	0.00491	0.00983	0.01474	0.02088	0.78175	0.03890	0.04914	0.01065	0.00614	0.00164	0.00246	0.00942	0.00573	0.00491
56	0.01821	0.02210	0.01484	0.01331	0.01604	0.64823	0.03833	0.06490	0.01500	0.01436	0.01017	0.01420	0.00898	0.00620	0.00501	0.00147	0.00873	0.07077	0.00302	0.00613
57	0.00757	0.00505	0.00568	0.00568	0.00568	0.00505	0.00316	0.00757	0.00757	0.01010	0.01641	0.03408	0.01893	0.81698	0.02651	0.00505	0.00505	0.00757	0.00316	0.00316
58	0.00799	0.00637	0.00917	0.00886	0.00958	0.00766	0.00688	0.00962	0.00873	0.01263	0.06019	0.06024	0.01567	0.07735	0.54520	0.00653	0.13338	0.00623	0.00301	0.00472
59	0.00627	0.00528	0.00543	0.00540	0.00710	0.00444	0.00405	0.00769	0.01214	0.01471	0.12111	0.04907	0.71363	0.01295	0.00615	0.00175	0.00262	0.01084	0.00492	0.00444
60	0.00983	0.00926	0.01562	0.80447	0.03587	0.01157	0.01446	0.01331	0.01041	0.01331	0.00926	0.01388	0.00694	0.00521	0.00521	0.00174	0.00694	0.00463	0.00231	0.00579
61	0.82238	0.01024	0.00795	0.00704	0.01030	0.01185	0.00580	0.04360	0.00945	0.02372	0.00745	0.00861	0.00576	0.00489	0.00330	0.00161	0.00409	0.00289	0.00330	0.00576
62	0.01080	0.00926	0.01080	0.00771	0.01234	0.00694	0.00617	0.01311	0.01080	0.01697	0.00926	0.01080	0.00771	0.00386	0.00386	0.00077	0.00386	0.00309	0.00309	0.84882
63	0.05730	0.01201	0.01695	0.01413	0.01492	0.03999	0.08702	0.01336	0.00867	0.01354	0.00727	0.01144	0.00687	0.00829	0.01485	0.00216	0.65842	0.00459	0.00238	0.00584
64	0.85377	0.01007	0.00765	0.00685	0.01007	0.01168	0.00564	0.01531	0.00886	0.02336	0.00725	0.00846	0.00564	0.00483	0.00322	0.00161	0.00403	0.00282	0.00322	0.00564
65	0.04192	0.00897	0.01148	0.00925	0.01248	0.03276	0.00753	0.02171	0.01337	0.57407	0.01812	0.01753	0.01231	0.02568	0.08963	0.00240	0.05070	0.00514	0.03715	0.00780
66	0.85377	0.01007	0.00765	0.00685	0.01007	0.01168	0.00564	0.01531	0.00886	0.02336	0.00725	0.00846	0.00564	0.00483	0.00322	0.00161	0.00403	0.00282	0.00322	0.00564
67	0.01317	0.01301	0.02054	0.05991	0.70983	0.05976	0.01557	0.01617	0.01198	0.01662	0.00967	0.01271	0.00811	0.00471	0.00513	0.00154	0.00641	0.00456	0.00257	0.00802
68	0.00737	0.00532	0.00696	0.00655	0.00778	0.00491	0.00491	0.00983	0.01474	0.02088	0.78175	0.03890	0.04914	0.01065	0.00614	0.00164	0.00246	0.00942	0.00573	0.00491
69	0.00816	0.00612	0.00840	0.00813	0.00888	0.00706	0.00606	0.03674	0.00873	0.01236	0.01410	0.02313	0.01402	0.23650	0.52193	0.00690	0.05937	0.00600	0.00294	0.00448
70	0.01694	0.01092	0.01216	0.01001	0.01335	0.01175	0.00804	0.25179	0.28161	0.19403	0.01786	0.01693	0.01276	0.00655	0.00505	0.00160	0.00447	0.00525	0.11079	0.00814
71	0.01097	0.02472	0.67676	0.03546	0.05037	0.01204	0.06386	0.01664	0.01119	0.03654	0.00972	0.01150	0.00691	0.00495	0.00504	0.00165	0.00760	0.00407	0.00235	0.00766
72	0.00839	0.00599	0.00839	0.00959	0.01079	0.00599	0.00839	0.01079	0.01199	0.01558	0.02757	0.05874	0.02997	0.01439	0.00719	0.00240	0.00480	0.74945	0.00480	0.00480
73	0.00757	0.00505	0.00568	0.00568	0.00568	0.00505	0.00316	0.00757	0.00757	0.01010	0.01641	0.03408	0.01893	0.81698	0.02651	0.00505	0.00505	0.00757	0.00316	0.00316
74	0.01286	0.01273	0.02163	0.05836	0.64933	0.03284	0.08998	0.01602	0.01186	0.01666	0.00975	0.01292	0.00810	0.00473	0.00544	0.00158	0.01993	0.00475	0.00257	0.00794
75	0.06138	0.74478	0.02572	0.00896	0.01328	0.04912	0.00877	0.01577	0.01064	0.01290	0.00727	0.00840	0.00663	0.00451	0.00339	0.00115	0.00563	0.00281	0.00230	0.00660

[dist]
# distance from previous block
# <min> <max>
0	1

[block]
# block no. 4 follows, 47 sequences, length 19
# corresponding to MSA columns:
# 432-450
name=unknown_E
#
# <colnr> <probs for GDERKNQSTAVLIFYWHMCP>
#	G	D	E	R	K	N	Q	S	T	A	V	L	I	F	Y	W	H	M	C	P
0	0.01556	0.01331	0.15414	0.01046	0.01438	0.04492	0.00971	0.15471	0.08358	0.23021	0.19197	0.02021	0.01935	0.00711	0.00537	0.00162	0.00500	0.00582	0.00501	0.00756
1	0.01347	0.71709	0.12635	0.00968	0.01456	0.01950	0.01025	0.01571	0.01064	0.01280	0.00751	0.00870	0.00667	0.00452	0.00355	0.00118	0.00585	0.00292	0.00222	0.00681
2	0.04272	0.01282	0.01884	0.17294	0.51618	0.08100	0.01458	0.03119	0.01190	0.01639	0.00944	0.01257	0.00776	0.00495	0.00534	0.00158	0.02529	0.00446	0.00261	0.00746
3	0.01299	0.01575	0.15138	0.07455	0.11215	0.06076	0.29686	0.03683	0.12388	0.04461	0.01196	0.01398	0.00895	0.00514	0.00549	0.00168	0.00729	0.00520	0.00312	0.00742
4	0.00905	0.00452	0.00678	0.00678	0.00678	0.00452	0.00452	0.00678	0.00678	0.00905	0.00905	0.01583	0.00905	0.01809	0.02035	0.84848	0.00452	0.00452	0.00226	0.00226
5	0.01280	0.01232	0.02106	0.05074	0.72586	0.01239	0.03761	0.01620	0.02928	0.01702	0.01006	0.01310	0.00838	0.00470	0.00519	0.00156	0.00623	0.00471	0.00263	0.00815
6	0.00753	0.00522	0.00654	0.00654	0.00684	0.00552	0.00423	0.00812	0.00783	0.01073	0.01562	0.02973	0.01704	0.56850	0.27241	0.00611	0.00789	0.00694	0.00304	0.00363
7	0.01232	0.01047	0.01131	0.01046	0.01316	0.01199	0.00826	0.02533	0.66922	0.02092	0.02208	0.02488	0.01785	0.00808	0.00556	0.00185	0.00421	0.10904	0.00523	0.00776
8	0.00796	0.02515	0.00898	0.00841	0.00954	0.00707	0.00660	0.03242	0.00918	0.01309	0.04635	0.02071	0.01428	0.03604	0.72003	0.00771	0.01301	0.00565	0.00297	0.00484
9	0.00644	0.00460	0.00616	0.00736	0.00771	0.00432	0.00501	0.00742	0.01007	0.01340	0.02865	0.77710	0.03423	0.01622	0.00667	0.00213	0.00311	0.05031	0.00483	0.00426
10	0.00651	0.00549	0.00643	0.00624	0.00788	0.00473	0.03087	0.00798	0.01189	0.01468	0.11447	0.15152	0.58680	0.01307	0.00622	0.00180	0.00289	0.01120	0.00484	0.00451
11	0.00793	0.00545	0.00714	0.00665	0.00797	0.00501	0.00501	0.01037	0.01475	0.04754	0.75530	0.03816	0.04788	0.01050	0.00611	0.00164	0.00253	0.00927	0.00576	0.00505
12	0.01122	0.14249	0.57129	0.01496	0.02183	0.01350	0.12178	0.01639	0.01111	0.01589	0.00920	0.01103	0.00679	0.00480	0.00488	0.00158	0.00753	0.00401	0.00226	0.00745
13	0.00659	0.00539	0.00564	0.00563	0.00712	0.00474	0.00407	0.00818	0.03316	0.01417	0.08796	0.07911	0.59587	0.10906	0.00858	0.00216	0.00297	0.01051	0.00470	0.00438
14	0.01101	0.04887	0.01382	0.08661	0.16973	0.02933	0.02334	0.01675	0.21996	0.01731	0.09909	0.12354	0.01940	0.00838	0.00598	0.00177	0.03297	0.06142	0.00406	0.00665
15	0.01922	0.03662	0.01565	0.01180	0.01575	0.03409	0.04264	0.47729	0.07832	0.17204	0.01418	0.01386	0.00994	0.00627	0.00551	0.00160	0.02675	0.00486	0.00511	0.00851
16	0.01132	0.00957	0.01108	0.00796	0.01256	0.00748	0.00639	0.05685	0.01159	0.01789	0.00944	0.01090	0.00778	0.00400	0.00394	0.00082	0.00397	0.00318	0.00321	0.80009
17	0.01608	0.01283	0.01445	0.01172	0.01501	0.03445	0.03776	0.40124	0.19267	0.03715	0.01486	0.06064	0.01181	0.00772	0.02116	0.00181	0.06950	0.00555	0.00473	0.02886
18	0.01162	0.01097	0.01684	0.06770	0.06931	0.01049	0.17031	0.03641	0.04595	0.01684	0.00993	0.01235	0.00804	0.00492	0.00610	0.00134	0.09491	0.00429	0.00297	0.39871

[dist]
# distance from previous block
# <min> <max>
0	2

[block]
# block no. 5 follows, 47 sequences, length 11
# corresponding to MSA columns:
# 453-463
name=unknown_F
#
# <colnr> <probs for GDERKNQSTAVLIFYWHMCP>
#	G	D	E	R	K	N	Q	S	T	A	V	L	I	F	Y	W	H	M	C	P
0	0.07112	0.01033	0.01315	0.01247	0.11203	0.01030	0.00885	0.13053	0.11811	0.38826	0.03671	0.03795	0.01316	0.00654	0.00517	0.00163	0.00469	0.00538	0.00535	0.00827
1	0.01188	0.01361	0.06317	0.15514	0.14247	0.01273	0.49019	0.01600	0.01185	0.01615	0.01015	0.01370	0.00773	0.00459	0.00578	0.00172	0.00803	0.00555	0.00255	0.00703
2	0.00662	0.00471	0.00623	0.00727	0.00767	0.00444	0.00497	0.00766	0.01026	0.01373	0.07494	0.66907	0.03414	0.06355	0.00783	0.00228	0.00322	0.06237	0.00479	0.00425
3	0.00777	0.00585	0.00746	0.00827	0.00956	0.00567	0.00683	0.01024	0.04492	0.01518	0.03363	0.15448	0.21474	0.01403	0.00678	0.00218	0.00400	0.43881	0.00483	0.00477
4	0.00634	0.00453	0.00604	0.00725	0.00755	0.00423	0.00483	0.00725	0.00997	0.01329	0.02870	0.81358	0.03444	0.01632	0.00665	0.00211	0.00302	0.01480	0.00483	0.00423
5	0.01045	0.02694	0.79000	0.01484	0.02254	0.01209	0.01924	0.01649	0.01099	0.01649	0.00935	0.01099	0.00660	0.00495	0.00495	0.00165	0.00770	0.00385	0.00220	0.00770
6	0.01980	0.01459	0.01563	0.01198	0.01615	0.01615	0.00990	0.76713	0.02448	0.03282	0.01250	0.01250	0.00886	0.00625	0.00521	0.00156	0.00573	0.00469	0.00521	0.00886
7	0.00745	0.00554	0.00819	0.00819	0.00905	0.00641	0.00628	0.00918	0.00831	0.01195	0.01412	0.02139	0.01342	0.09234	0.74362	0.00814	0.01334	0.00572	0.00281	0.00455
8	0.00697	0.00519	0.00655	0.00695	0.00802	0.00477	0.00522	0.00871	0.01229	0.01635	0.28527	0.27113	0.20125	0.01344	0.00646	0.00192	0.00303	0.12676	0.00513	0.00458
9	0.01080	0.00926	0.01080	0.00771	0.01234	0.00694	0.00617	0.01311	0.01080	0.01697	0.00926	0.01080	0.00771	0.00386	0.00386	0.00077	0.00386	0.00309	0.00309	0.84882
10	0.04832	0.01093	0.08082	0.00990	0.01420	0.00889	0.00877	0.07146	0.03943	0.62283	0.01864	0.01656	0.01194	0.00627	0.00515	0.00162	0.00478	0.00502	0.00585	0.00864

[dist]
# distance from previous block
# <min> <max>
0	9

# created by:
# /st0/software/busco_prod/Augustus/scripts/msa2prfl.pl ./align_prep/171230.fa
