[name]
unknown

[dist]
# distance from previous block
# <min> <max>
0	662

[block]
# block no. 0 follows, 41 sequences, length 16
# corresponding to MSA columns:
# 663-678
name=unknown_A
#
# <colnr> <probs for GDERKNQSTAVLIFYWHMCP>
#	G	D	E	R	K	N	Q	S	T	A	V	L	I	F	Y	W	H	M	C	P
0	0.04079	0.05232	0.06603	0.02602	0.06990	0.20521	0.04288	0.12198	0.02428	0.11136	0.01246	0.01548	0.00999	0.00713	0.00769	0.00183	0.13558	0.03751	0.00386	0.00771
1	0.02038	0.05685	0.01684	0.01479	0.05118	0.51460	0.01099	0.11384	0.08141	0.04952	0.01134	0.01222	0.00891	0.00615	0.00527	0.00156	0.00873	0.00423	0.00369	0.00750
2	0.01215	0.01033	0.01248	0.01009	0.04643	0.00881	0.00752	0.04725	0.01209	0.01846	0.01087	0.01432	0.00957	0.07402	0.00747	0.00144	0.05511	0.00408	0.00342	0.63409
3	0.01720	0.01249	0.01805	0.09134	0.24478	0.02907	0.05326	0.12553	0.03249	0.18954	0.04725	0.01661	0.01224	0.00614	0.00567	0.00168	0.00615	0.00543	0.00446	0.08064
4	0.00874	0.00641	0.00830	0.04263	0.01057	0.00635	0.00629	0.07320	0.01382	0.01879	0.23144	0.48358	0.03853	0.01469	0.00694	0.00211	0.00360	0.01315	0.00550	0.00537
5	0.02363	0.01031	0.01338	0.01029	0.01473	0.00924	0.00846	0.07301	0.05400	0.61721	0.02095	0.01853	0.01355	0.00685	0.00562	0.00169	0.00489	0.00554	0.00661	0.08152
6	0.00957	0.00497	0.00735	0.00751	0.00756	0.00493	0.00501	0.00751	0.00788	0.01051	0.01260	0.11336	0.01338	0.01963	0.02050	0.73102	0.00476	0.00636	0.00283	0.00275
7	0.01346	0.01335	0.02280	0.20635	0.02668	0.03469	0.28953	0.10001	0.01380	0.01849	0.01227	0.03469	0.01033	0.00702	0.00828	0.00202	0.12948	0.04634	0.00326	0.00715
8	0.00715	0.00516	0.00648	0.00744	0.00791	0.00481	0.00491	0.00805	0.01079	0.01416	0.03255	0.58991	0.12076	0.13887	0.01063	0.00278	0.00361	0.01453	0.00502	0.00448
9	0.00816	0.00551	0.00642	0.00654	0.00666	0.00548	0.00384	0.00844	0.00898	0.01205	0.05243	0.11933	0.02395	0.66026	0.04467	0.00512	0.00543	0.00921	0.00378	0.00372
10	0.01357	0.01292	0.01944	0.12829	0.48017	0.05539	0.01494	0.04880	0.03243	0.01828	0.01359	0.11062	0.01257	0.00695	0.00585	0.00180	0.00659	0.00643	0.00331	0.00805
11	0.01113	0.07914	0.01743	0.43168	0.02775	0.01357	0.03279	0.01393	0.01081	0.01437	0.01169	0.08586	0.01071	0.00949	0.04741	0.00237	0.16481	0.00601	0.00281	0.00624
12	0.00941	0.00720	0.00845	0.00841	0.00996	0.00731	0.00622	0.01348	0.14697	0.05041	0.08600	0.31453	0.24209	0.01377	0.00735	0.00209	0.04325	0.01183	0.00541	0.00586
13	0.00996	0.00718	0.00882	0.00860	0.01019	0.00700	0.02490	0.07030	0.06517	0.05673	0.03322	0.36348	0.19305	0.08462	0.00882	0.00242	0.00404	0.03060	0.00524	0.00566
14	0.01944	0.01448	0.01556	0.01231	0.01637	0.01592	0.01002	0.60831	0.07187	0.03270	0.01800	0.06810	0.05427	0.00808	0.00589	0.00178	0.00579	0.00636	0.00568	0.00907
15	0.01880	0.01380	0.01465	0.01179	0.01569	0.04525	0.00951	0.41754	0.13582	0.09958	0.05936	0.05007	0.03180	0.00777	0.00580	0.00174	0.00556	0.00618	0.00566	0.04361

[dist]
# distance from previous block
# <min> <max>
4	12

[block]
# block no. 1 follows, 41 sequences, length 11
# corresponding to MSA columns:
# 691-701
name=unknown_B
#
# <colnr> <probs for GDERKNQSTAVLIFYWHMCP>
#	G	D	E	R	K	N	Q	S	T	A	V	L	I	F	Y	W	H	M	C	P
0	0.01011	0.00813	0.01155	0.07512	0.01410	0.00802	0.05507	0.02717	0.01145	0.03891	0.02061	0.36156	0.02255	0.07644	0.00914	0.00222	0.06593	0.01009	0.00424	0.16759
1	0.01432	0.03589	0.01917	0.23357	0.08419	0.03216	0.09956	0.10923	0.01365	0.06563	0.01161	0.03068	0.00936	0.00788	0.03078	0.00213	0.15574	0.00543	0.00340	0.03562
2	0.01938	0.01297	0.01439	0.01156	0.01533	0.01394	0.00934	0.46701	0.07224	0.13217	0.01794	0.10463	0.01438	0.00820	0.00580	0.00178	0.00541	0.00660	0.05809	0.00882
3	0.00939	0.00704	0.00796	0.00774	0.00964	0.00679	0.00578	0.01368	0.14842	0.05802	0.16057	0.18704	0.33008	0.01306	0.00664	0.00198	0.00335	0.01123	0.00566	0.00592
4	0.01333	0.01073	0.01203	0.00944	0.01337	0.00998	0.00737	0.15529	0.10919	0.02160	0.01575	0.04811	0.03696	0.08891	0.00752	0.00174	0.00472	0.00542	0.00429	0.42424
5	0.01239	0.00925	0.01091	0.01059	0.05891	0.00943	0.00742	0.09068	0.16372	0.07260	0.06130	0.09715	0.15845	0.12928	0.00983	0.00240	0.02061	0.00834	0.00501	0.06174
6	0.00748	0.00602	0.00674	0.00707	0.00857	0.00549	0.00519	0.00987	0.06075	0.01621	0.08233	0.26309	0.43958	0.01494	0.00690	0.00207	0.00322	0.04397	0.00539	0.00510
7	0.01962	0.01208	0.01377	0.01120	0.01512	0.01269	0.00904	0.23326	0.25276	0.27004	0.02267	0.02084	0.06490	0.00774	0.00583	0.00182	0.00503	0.00624	0.00617	0.00918
8	0.08138	0.01164	0.06379	0.45025	0.02945	0.01219	0.06274	0.01568	0.04440	0.01698	0.01157	0.03733	0.00922	0.00613	0.00588	0.00183	0.03209	0.00525	0.03913	0.06307
9	0.00850	0.00669	0.00742	0.00731	0.00908	0.00635	0.00548	0.01121	0.07902	0.04677	0.04628	0.18489	0.49708	0.01401	0.00727	0.00202	0.03813	0.01177	0.00530	0.00544
10	0.00704	0.00503	0.00670	0.00792	0.00831	0.00469	0.00532	0.00814	0.01128	0.01512	0.07685	0.74844	0.03883	0.01753	0.00727	0.00229	0.00328	0.01589	0.00537	0.00469

[dist]
# distance from previous block
# <min> <max>
3	5

[block]
# block no. 2 follows, 41 sequences, length 9
# corresponding to MSA columns:
# 708-716
name=unknown_C
#
# <colnr> <probs for GDERKNQSTAVLIFYWHMCP>
#	G	D	E	R	K	N	Q	S	T	A	V	L	I	F	Y	W	H	M	C	P
0	0.01633	0.01472	0.02193	0.08923	0.33012	0.08632	0.13439	0.09307	0.01487	0.09534	0.01204	0.01453	0.00924	0.00575	0.00631	0.00177	0.03679	0.00530	0.00354	0.00841
1	0.01146	0.00723	0.00968	0.01021	0.01195	0.00716	0.00872	0.05063	0.01400	0.09422	0.02814	0.09826	0.02919	0.01412	0.00734	0.00241	0.00503	0.53658	0.04775	0.00591
2	0.01003	0.08881	0.01363	0.03874	0.01271	0.01127	0.02870	0.01138	0.01020	0.01403	0.01918	0.31004	0.03899	0.07056	0.04830	0.00279	0.25184	0.00956	0.00373	0.00551
3	0.01515	0.05840	0.07449	0.02634	0.02976	0.03097	0.04051	0.09437	0.01419	0.13382	0.01432	0.06103	0.01158	0.00645	0.00557	0.00147	0.03393	0.00521	0.08141	0.26103
4	0.01182	0.02197	0.41965	0.01578	0.02161	0.08300	0.13863	0.01652	0.01247	0.01705	0.01468	0.17190	0.01372	0.00792	0.00601	0.00190	0.00778	0.00705	0.00313	0.00738
5	0.00687	0.00538	0.00622	0.00689	0.00801	0.00474	0.00483	0.00809	0.01198	0.01502	0.04461	0.42857	0.39606	0.01622	0.00703	0.00213	0.00311	0.01419	0.00531	0.00474
6	0.01366	0.24721	0.09270	0.08501	0.03660	0.04332	0.04035	0.04167	0.01200	0.01625	0.00920	0.01173	0.00780	0.00591	0.00712	0.00156	0.14550	0.00406	0.00281	0.17554
7	0.03350	0.05340	0.13341	0.09087	0.01977	0.04854	0.07334	0.10581	0.08796	0.01895	0.01376	0.05681	0.02955	0.02623	0.00915	0.00206	0.18019	0.00586	0.00354	0.00731
8	0.00708	0.00508	0.00655	0.00768	0.00807	0.00474	0.00508	0.00801	0.01083	0.01432	0.03180	0.68138	0.07829	0.09071	0.00931	0.00260	0.00350	0.01527	0.00514	0.00455

[dist]
# distance from previous block
# <min> <max>
9	14

[block]
# block no. 3 follows, 41 sequences, length 8
# corresponding to MSA columns:
# 732-739
name=unknown_D
#
# <colnr> <probs for GDERKNQSTAVLIFYWHMCP>
#	G	D	E	R	K	N	Q	S	T	A	V	L	I	F	Y	W	H	M	C	P
0	0.01269	0.05047	0.01530	0.09903	0.01688	0.01179	0.05651	0.01535	0.04284	0.09394	0.01593	0.11441	0.03626	0.04035	0.03993	0.00235	0.21018	0.00675	0.00376	0.11529
1	0.01559	0.01178	0.01363	0.01096	0.01433	0.01241	0.00875	0.23408	0.11204	0.07495	0.04118	0.04250	0.01375	0.06618	0.00878	0.00194	0.09961	0.00570	0.00472	0.20712
2	0.01770	0.01204	0.01345	0.01096	0.01444	0.01281	0.00879	0.41389	0.04862	0.09823	0.01784	0.12602	0.01502	0.00975	0.03562	0.00203	0.00558	0.00681	0.08690	0.04350
3	0.03603	0.00712	0.01023	0.00982	0.01122	0.00690	0.08385	0.06009	0.01232	0.01677	0.02866	0.55743	0.07851	0.04290	0.00775	0.00231	0.00428	0.01350	0.00496	0.00534
4	0.01207	0.00876	0.04798	0.00894	0.01121	0.00798	0.00718	0.07825	0.07200	0.11629	0.06805	0.18014	0.11312	0.07448	0.10293	0.00308	0.00565	0.00901	0.06650	0.00638
5	0.01812	0.01270	0.01437	0.01305	0.07056	0.03877	0.00964	0.28301	0.16235	0.16127	0.02144	0.08416	0.06788	0.00838	0.00593	0.00183	0.00537	0.00688	0.00561	0.00867
6	0.00740	0.00535	0.00688	0.00768	0.00837	0.00499	0.00536	0.00876	0.01200	0.01604	0.16051	0.49423	0.10247	0.07448	0.00882	0.00246	0.00347	0.06066	0.00534	0.00475
7	0.01187	0.00784	0.00975	0.00854	0.01063	0.00777	0.00666	0.08929	0.04052	0.11146	0.49513	0.03586	0.08812	0.01064	0.00699	0.00183	0.03552	0.00903	0.00609	0.00647

[dist]
# distance from previous block
# <min> <max>
1	3

[block]
# block no. 4 follows, 41 sequences, length 19
# corresponding to MSA columns:
# 743-761
name=unknown_E
#
# <colnr> <probs for GDERKNQSTAVLIFYWHMCP>
#	G	D	E	R	K	N	Q	S	T	A	V	L	I	F	Y	W	H	M	C	P
0	0.02409	0.01074	0.01454	0.04889	0.01665	0.01001	0.02954	0.12054	0.01742	0.61405	0.02050	0.01840	0.01311	0.00692	0.00577	0.00177	0.00532	0.00567	0.00656	0.00951
1	0.01617	0.09950	0.02106	0.06296	0.25184	0.10443	0.07466	0.15248	0.08334	0.02099	0.01193	0.01381	0.00943	0.00571	0.00544	0.00164	0.00700	0.00490	0.00362	0.04909
2	0.04351	0.01159	0.01376	0.07067	0.01603	0.01266	0.00931	0.32263	0.01795	0.09822	0.05160	0.04605	0.01392	0.06297	0.05519	0.03952	0.05562	0.00596	0.00478	0.04805
3	0.46681	0.07179	0.02962	0.00895	0.01217	0.09872	0.00735	0.04459	0.01163	0.04380	0.01185	0.08945	0.01086	0.04558	0.00556	0.00192	0.00531	0.00496	0.02276	0.00632
4	0.00934	0.00787	0.01054	0.04256	0.01195	0.00870	0.00764	0.01078	0.01031	0.01465	0.02023	0.31327	0.04457	0.07460	0.08328	0.00300	0.18541	0.00961	0.00391	0.12778
5	0.00821	0.00623	0.00723	0.00731	0.00864	0.00574	0.00516	0.04968	0.01267	0.01654	0.09955	0.32485	0.26300	0.11076	0.00953	0.00245	0.00361	0.01226	0.00511	0.04147
6	0.05592	0.50029	0.04313	0.07004	0.01728	0.03507	0.04184	0.01751	0.01179	0.06960	0.00953	0.01128	0.00801	0.00631	0.02073	0.00165	0.06603	0.00382	0.00289	0.00728
7	0.01219	0.10444	0.07635	0.06515	0.21534	0.03004	0.01160	0.02706	0.01224	0.03456	0.04692	0.11167	0.01690	0.10787	0.00904	0.00228	0.02664	0.05225	0.00357	0.03390
8	0.02508	0.01066	0.01385	0.01062	0.01506	0.00979	0.00877	0.13367	0.01793	0.65927	0.02126	0.01862	0.01350	0.00705	0.00575	0.00176	0.00508	0.00566	0.00688	0.00973
9	0.00776	0.00575	0.00677	0.00706	0.00794	0.00545	0.00478	0.00950	0.04300	0.01552	0.14482	0.28223	0.19421	0.22402	0.01285	0.00300	0.00378	0.01190	0.00499	0.00467
10	0.01921	0.01531	0.04768	0.01233	0.01686	0.02925	0.01038	0.53676	0.04473	0.04482	0.01402	0.03356	0.01067	0.02427	0.00607	0.00171	0.00602	0.00525	0.00520	0.11589
11	0.01422	0.01110	0.01901	0.01495	0.01769	0.01177	0.23708	0.01668	0.01205	0.15885	0.01594	0.11494	0.01430	0.07354	0.01140	0.00237	0.20394	0.00738	0.03590	0.00691
12	0.00814	0.00547	0.00629	0.00646	0.00651	0.00543	0.00371	0.00827	0.00866	0.01155	0.01978	0.13619	0.02302	0.69719	0.02627	0.00513	0.00526	0.00935	0.00371	0.00362
13	0.01320	0.01287	0.02394	0.25375	0.24678	0.01315	0.25190	0.01711	0.01276	0.04183	0.01120	0.01496	0.00864	0.00522	0.00597	0.00180	0.00778	0.00557	0.00293	0.04865
14	0.01983	0.04503	0.01631	0.01230	0.01641	0.01637	0.01005	0.57245	0.09190	0.05263	0.01526	0.03240	0.01170	0.05215	0.00702	0.00195	0.00598	0.00562	0.00551	0.00911
15	0.00824	0.00627	0.00756	0.00811	0.00910	0.00623	0.00565	0.01162	0.12250	0.01656	0.09681	0.48645	0.10236	0.07402	0.00861	0.00242	0.00357	0.01328	0.00534	0.00530
16	0.01080	0.01017	0.01716	0.78523	0.03940	0.01271	0.01589	0.01461	0.01144	0.01461	0.01017	0.01525	0.00762	0.00572	0.00572	0.00191	0.00762	0.00508	0.00254	0.00635
17	0.02097	0.01372	0.01526	0.01289	0.05162	0.05494	0.00995	0.36796	0.06550	0.24180	0.03226	0.03548	0.03606	0.00743	0.00579	0.00175	0.00578	0.00589	0.00582	0.00914
18	0.01124	0.01143	0.03515	0.22395	0.04565	0.04222	0.12460	0.01386	0.01122	0.01507	0.01470	0.16515	0.01478	0.04830	0.01019	0.00229	0.17661	0.02414	0.00325	0.00619

[dist]
# distance from previous block
# <min> <max>
2	6

[block]
# block no. 5 follows, 41 sequences, length 67
# corresponding to MSA columns:
# 768-834
name=unknown_F
#
# <colnr> <probs for GDERKNQSTAVLIFYWHMCP>
#	G	D	E	R	K	N	Q	S	T	A	V	L	I	F	Y	W	H	M	C	P
0	0.01167	0.00997	0.01166	0.00845	0.01336	0.00751	0.00672	0.01416	0.01183	0.01848	0.01098	0.04168	0.00959	0.00476	0.00435	0.00090	0.00420	0.00388	0.00346	0.80238
1	0.06733	0.01339	0.01440	0.03343	0.06147	0.06469	0.00931	0.23865	0.03561	0.02407	0.01154	0.01288	0.00900	0.00558	0.00517	0.00137	0.02174	0.00424	0.02325	0.34289
2	0.03491	0.00665	0.00751	0.00748	0.00912	0.00643	0.00553	0.01205	0.11029	0.01878	0.24055	0.20931	0.28363	0.01330	0.00665	0.00198	0.00320	0.01150	0.00559	0.00554
3	0.01309	0.01066	0.01443	0.08240	0.01677	0.01154	0.06405	0.19971	0.01481	0.02066	0.01495	0.04302	0.03597	0.02981	0.20633	0.00371	0.06942	0.00592	0.02990	0.11284
4	0.00737	0.00525	0.00674	0.00750	0.00802	0.00492	0.00503	0.00855	0.01161	0.01567	0.16692	0.52044	0.06004	0.13163	0.01039	0.00269	0.00352	0.01386	0.00522	0.00462
5	0.00817	0.00613	0.00919	0.00919	0.01021	0.00715	0.00715	0.01021	0.00919	0.01328	0.01532	0.02247	0.01430	0.04290	0.77631	0.00919	0.01532	0.00613	0.00306	0.00511
6	0.02103	0.02670	0.01626	0.01475	0.01758	0.74715	0.01111	0.02249	0.01593	0.01399	0.00879	0.01040	0.00737	0.00605	0.00568	0.00151	0.03994	0.00373	0.00293	0.00662
7	0.01004	0.00786	0.00955	0.08984	0.01298	0.03565	0.00730	0.08650	0.01437	0.01935	0.23722	0.28736	0.03358	0.05336	0.00781	0.00219	0.00435	0.04811	0.02693	0.00563
8	0.00700	0.00500	0.00667	0.00794	0.00830	0.00467	0.00531	0.00805	0.01111	0.01485	0.05332	0.77274	0.03831	0.01773	0.00728	0.00231	0.00330	0.01608	0.00534	0.00467
9	0.00717	0.00533	0.00655	0.00736	0.00815	0.00487	0.00509	0.00835	0.01160	0.01505	0.07380	0.48923	0.21266	0.07804	0.00888	0.00247	0.00344	0.04208	0.00521	0.00466
10	0.03930	0.01668	0.23767	0.26556	0.03859	0.05003	0.06112	0.01552	0.01162	0.01618	0.01230	0.09546	0.01088	0.00823	0.02809	0.00215	0.07487	0.00599	0.00289	0.00689
11	0.08943	0.01266	0.01474	0.01364	0.10006	0.01343	0.00986	0.35386	0.04359	0.15667	0.01579	0.03893	0.01173	0.00691	0.00540	0.00171	0.00542	0.00547	0.09199	0.00872
12	0.01862	0.01161	0.01285	0.01031	0.01374	0.01230	0.00828	0.37117	0.05313	0.15587	0.01710	0.01842	0.01272	0.06101	0.00693	0.00191	0.00509	0.00557	0.19511	0.00826
13	0.00709	0.00523	0.00649	0.00735	0.00804	0.00479	0.00498	0.00819	0.01146	0.01496	0.07471	0.54640	0.18606	0.07529	0.00879	0.00246	0.00337	0.01449	0.00522	0.00464
14	0.01228	0.02942	0.02107	0.39015	0.26492	0.01305	0.11223	0.01573	0.01202	0.01613	0.01048	0.01490	0.00833	0.00610	0.00663	0.04395	0.00746	0.00526	0.00267	0.00722
15	0.06216	0.03081	0.28073	0.01522	0.07332	0.02887	0.07546	0.06482	0.01252	0.05180	0.01302	0.05917	0.01153	0.11874	0.01002	0.00240	0.07297	0.00584	0.00331	0.00729
16	0.03757	0.15965	0.03985	0.12039	0.03400	0.37685	0.02876	0.08670	0.01514	0.01660	0.00940	0.01138	0.00765	0.00583	0.00540	0.00157	0.02908	0.00403	0.00304	0.00710
17	0.01125	0.02722	0.01594	0.41658	0.07149	0.02894	0.03965	0.01424	0.01130	0.01529	0.01242	0.01957	0.01079	0.06686	0.02987	0.00239	0.08241	0.04181	0.07580	0.00619
18	0.01169	0.00855	0.01055	0.00881	0.01168	0.00775	0.00686	0.05642	0.01395	0.07565	0.22327	0.12139	0.02615	0.02932	0.00704	0.00167	0.04682	0.02416	0.00485	0.30343
19	0.01558	0.46525	0.17773	0.01227	0.01733	0.16573	0.01245	0.01830	0.01249	0.01452	0.00858	0.01011	0.00733	0.00539	0.00489	0.00144	0.03718	0.00349	0.00254	0.00739
20	0.00955	0.03187	0.00876	0.00894	0.04655	0.00678	0.00575	0.03215	0.01072	0.04220	0.02184	0.29252	0.02415	0.30151	0.07541	0.00387	0.00545	0.01017	0.05688	0.00495
21	0.00796	0.00577	0.00745	0.00724	0.00849	0.00533	0.00536	0.01036	0.01525	0.02131	0.61953	0.11123	0.08773	0.03604	0.00749	0.00198	0.00291	0.02727	0.00605	0.00524
22	0.01487	0.01608	0.17817	0.01290	0.01754	0.01303	0.05158	0.28658	0.07993	0.02463	0.01708	0.11136	0.03182	0.02733	0.00644	0.00189	0.00615	0.02328	0.00455	0.07477
23	0.01201	0.00852	0.07862	0.00884	0.01050	0.00694	0.00717	0.05774	0.01109	0.08795	0.09577	0.04376	0.01622	0.04421	0.01618	0.47505	0.00508	0.00605	0.00368	0.00463
24	0.00695	0.00506	0.00655	0.00774	0.00824	0.00467	0.00521	0.00799	0.01117	0.01469	0.03431	0.71727	0.11401	0.01756	0.00724	0.00228	0.00327	0.01582	0.00531	0.00467
25	0.00817	0.00613	0.00919	0.00919	0.01021	0.00715	0.00715	0.01021	0.00919	0.01328	0.01532	0.02247	0.01430	0.04290	0.77631	0.00919	0.01532	0.00613	0.00306	0.00511
26	0.01416	0.01425	0.04933	0.12844	0.46530	0.03465	0.07007	0.05528	0.07600	0.01930	0.01188	0.01480	0.00947	0.00551	0.00574	0.00176	0.00706	0.00527	0.00318	0.00855
27	0.01508	0.76015	0.07042	0.01014	0.01523	0.02212	0.01041	0.01718	0.01165	0.01371	0.00808	0.00933	0.00734	0.00492	0.00377	0.00126	0.00624	0.00312	0.00245	0.00740
28	0.00873	0.00627	0.00864	0.00991	0.01107	0.00617	0.00835	0.01103	0.01276	0.01661	0.03141	0.19701	0.05747	0.01614	0.00775	0.00255	0.00484	0.57287	0.00528	0.00514
29	0.00756	0.00564	0.00666	0.00685	0.00814	0.00502	0.00491	0.00916	0.01313	0.02968	0.23244	0.25143	0.33204	0.05119	0.00793	0.00217	0.00312	0.01247	0.00551	0.00495
30	0.02439	0.00745	0.00954	0.00882	0.01060	0.00725	0.03408	0.09954	0.01468	0.07070	0.20880	0.29935	0.09527	0.05263	0.00776	0.00216	0.00395	0.01114	0.02596	0.00590
31	0.02226	0.01091	0.01336	0.01050	0.01448	0.01063	0.00857	0.23175	0.01874	0.45274	0.02013	0.05727	0.01413	0.00753	0.00567	0.00174	0.00500	0.00607	0.07943	0.00909
32	0.60383	0.01121	0.01058	0.06819	0.05543	0.01291	0.00793	0.07082	0.01144	0.02470	0.00932	0.01110	0.00724	0.00563	0.00436	0.00176	0.02270	0.00368	0.05059	0.00658
33	0.05524	0.00651	0.00802	0.00742	0.00922	0.00605	0.00565	0.01247	0.01507	0.09943	0.50407	0.06439	0.12976	0.02996	0.00703	0.00193	0.00318	0.02284	0.00599	0.00575
34	0.01981	0.01515	0.03432	0.03112	0.07392	0.07543	0.02970	0.33687	0.12362	0.15591	0.01568	0.01554	0.01118	0.00664	0.00567	0.00173	0.00627	0.00529	0.00525	0.03092
35	0.01175	0.01002	0.01168	0.00840	0.01332	0.00756	0.00667	0.01420	0.01175	0.01839	0.01042	0.01269	0.00887	0.03007	0.00504	0.00100	0.00428	0.00355	0.00339	0.80696
36	0.01247	0.20718	0.33581	0.01600	0.05875	0.01480	0.14367	0.01702	0.01275	0.01764	0.09879	0.01571	0.01315	0.00592	0.00541	0.00169	0.00734	0.00516	0.00299	0.00773
37	0.01370	0.01101	0.01197	0.01072	0.01369	0.01233	0.00833	0.03929	0.56572	0.05868	0.14156	0.02554	0.04529	0.00854	0.00599	0.00191	0.00423	0.00720	0.00594	0.00839
38	0.00870	0.00688	0.01057	0.00991	0.01101	0.00786	0.04716	0.01059	0.00929	0.01329	0.01508	0.02356	0.01451	0.13896	0.59722	0.00797	0.05288	0.00639	0.00308	0.00509
39	0.01464	0.01249	0.01317	0.01172	0.01503	0.01442	0.00915	0.06944	0.71325	0.02459	0.02276	0.02092	0.01704	0.00771	0.00581	0.00193	0.00462	0.00639	0.00581	0.00909
40	0.00838	0.00596	0.00751	0.08805	0.01012	0.00616	0.00512	0.00905	0.00942	0.01256	0.05671	0.14290	0.02351	0.56527	0.02244	0.00452	0.00530	0.00921	0.00377	0.00403
41	0.02137	0.02726	0.01621	0.01474	0.01768	0.77602	0.01105	0.02284	0.01621	0.01400	0.00884	0.01031	0.00737	0.00589	0.00516	0.00147	0.01031	0.00368	0.00295	0.00663
42	0.00753	0.00526	0.00675	0.00771	0.00841	0.00481	0.00527	0.00868	0.01155	0.03742	0.05676	0.64883	0.13595	0.01694	0.00716	0.00224	0.00329	0.01520	0.00539	0.00485
43	0.00721	0.00512	0.00677	0.00800	0.00837	0.00483	0.00542	0.00823	0.01090	0.01450	0.03046	0.69487	0.03628	0.07483	0.00893	0.00258	0.00360	0.05935	0.00517	0.00460
44	0.00705	0.00575	0.00628	0.00662	0.00824	0.00498	0.00500	0.00855	0.01273	0.01549	0.05098	0.17097	0.57342	0.01516	0.00696	0.00206	0.00321	0.08640	0.00531	0.00485
45	0.11479	0.07776	0.05540	0.14474	0.02037	0.01332	0.10974	0.12714	0.01411	0.08212	0.01332	0.05755	0.01090	0.02763	0.00667	0.00190	0.04687	0.00563	0.06280	0.00725
46	0.25738	0.01186	0.01272	0.01019	0.01417	0.01247	0.00833	0.25263	0.01744	0.27593	0.01573	0.04140	0.01142	0.02649	0.00574	0.00187	0.00516	0.00522	0.00548	0.00839
47	0.00697	0.00498	0.00664	0.00796	0.00830	0.00465	0.00531	0.00796	0.01095	0.01460	0.03153	0.79525	0.03783	0.01792	0.00730	0.00232	0.00332	0.01626	0.00531	0.00465
48	0.01160	0.00623	0.00633	0.00599	0.00760	0.00638	0.00458	0.07511	0.01325	0.02257	0.01824	0.02068	0.01424	0.00668	0.00414	0.00137	0.00297	0.00532	0.76100	0.00570
49	0.04124	0.41274	0.13511	0.02963	0.01730	0.16331	0.01177	0.03870	0.01311	0.05705	0.00947	0.01074	0.00775	0.00550	0.00480	0.00147	0.02624	0.00365	0.00292	0.00749
50	0.01998	0.01339	0.01493	0.01190	0.01580	0.01436	0.00968	0.52508	0.02290	0.13274	0.01757	0.10920	0.01435	0.00842	0.00593	0.00181	0.00564	0.02373	0.02366	0.00892
51	0.55944	0.10723	0.01285	0.04488	0.01397	0.07343	0.00790	0.08842	0.01222	0.02381	0.00870	0.01007	0.00683	0.00548	0.00399	0.00168	0.00541	0.00343	0.00353	0.00672
52	0.01247	0.01008	0.01602	0.48538	0.02952	0.01207	0.04005	0.03529	0.01199	0.07911	0.01224	0.03008	0.00954	0.00770	0.02569	0.01678	0.08771	0.00544	0.06627	0.00656
53	0.00742	0.00533	0.00695	0.00797	0.00856	0.00502	0.00560	0.00870	0.01154	0.01533	0.08743	0.54865	0.07797	0.07648	0.00896	0.00254	0.00366	0.10194	0.00524	0.00470
54	0.08521	0.24025	0.39500	0.03455	0.02041	0.01631	0.01542	0.09761	0.01336	0.01935	0.00980	0.01130	0.00746	0.00544	0.00482	0.00164	0.00720	0.00393	0.00289	0.00803
55	0.01502	0.50057	0.05735	0.01053	0.01454	0.03633	0.00994	0.03863	0.01234	0.07219	0.02541	0.09341	0.01198	0.00709	0.00571	0.00155	0.07185	0.00507	0.00328	0.00722
56	0.02566	0.00973	0.01327	0.01018	0.01460	0.00841	0.00841	0.02788	0.01637	0.76726	0.02257	0.01947	0.01416	0.00708	0.00575	0.00177	0.00487	0.00575	0.00708	0.00973
57	0.01050	0.00997	0.01715	0.60818	0.03418	0.01176	0.08012	0.01404	0.01167	0.01499	0.01471	0.08322	0.05148	0.00715	0.00600	0.00194	0.00719	0.00656	0.00296	0.00625
58	0.02701	0.01757	0.21881	0.09906	0.10235	0.05486	0.16680	0.01642	0.01221	0.01705	0.03475	0.05046	0.02926	0.00696	0.00779	0.00194	0.12050	0.00592	0.00295	0.00734
59	0.00742	0.00532	0.00706	0.00781	0.00851	0.00496	0.00548	0.00904	0.01275	0.01743	0.27080	0.52119	0.04295	0.01580	0.00714	0.00216	0.00319	0.04043	0.00563	0.00492
60	0.00824	0.00551	0.00626	0.00634	0.00636	0.00549	0.00357	0.00830	0.00847	0.01129	0.01880	0.08090	0.02177	0.75418	0.02786	0.00536	0.00542	0.00877	0.00357	0.00353
61	0.01517	0.77758	0.05374	0.01000	0.01500	0.02233	0.01015	0.01716	0.01164	0.01361	0.00803	0.00927	0.00734	0.00491	0.00373	0.00124	0.00619	0.00310	0.00245	0.00738
62	0.04457	0.01338	0.07620	0.06924	0.39074	0.03185	0.05111	0.01749	0.01334	0.09698	0.07785	0.06376	0.01481	0.00672	0.00581	0.00178	0.00636	0.00619	0.00371	0.00811
63	0.00922	0.00658	0.00922	0.01053	0.01185	0.00658	0.00922	0.01185	0.01317	0.01712	0.03029	0.06452	0.03292	0.01580	0.00790	0.00263	0.00527	0.72480	0.00527	0.00527
64	0.03846	0.01154	0.01388	0.11433	0.01789	0.01135	0.00925	0.14934	0.05540	0.02147	0.01130	0.01315	0.00895	0.00553	0.00575	0.00135	0.05774	0.00421	0.00378	0.44530
65	0.01393	0.10040	0.27066	0.01358	0.04172	0.01222	0.04688	0.05404	0.01341	0.13336	0.03913	0.11876	0.03357	0.00831	0.00648	0.00187	0.04692	0.03306	0.00401	0.00768
66	0.01354	0.01296	0.02210	0.17293	0.63029	0.01343	0.01725	0.01701	0.01273	0.01794	0.01065	0.01436	0.00880	0.00521	0.00567	0.00174	0.00695	0.00509	0.00278	0.00856

[dist]
# distance from previous block
# <min> <max>
0	4

[block]
# block no. 6 follows, 41 sequences, length 28
# corresponding to MSA columns:
# 839-866
name=unknown_G
#
# <colnr> <probs for GDERKNQSTAVLIFYWHMCP>
#	G	D	E	R	K	N	Q	S	T	A	V	L	I	F	Y	W	H	M	C	P
0	0.02098	0.07680	0.01709	0.01442	0.01749	0.72787	0.01097	0.02248	0.01592	0.01396	0.00878	0.01024	0.00737	0.00583	0.00506	0.00146	0.01005	0.00364	0.00292	0.00668
1	0.03196	0.06056	0.64652	0.01582	0.04025	0.01339	0.01923	0.01744	0.01188	0.01784	0.01105	0.04866	0.00871	0.00610	0.00574	0.00182	0.02755	0.00475	0.00259	0.00813
2	0.00829	0.00564	0.00673	0.00673	0.00690	0.00581	0.00408	0.00864	0.00846	0.01146	0.01757	0.03493	0.01971	0.67241	0.15420	0.00616	0.00718	0.00795	0.00340	0.00374
3	0.01915	0.01473	0.01570	0.01264	0.01675	0.01652	0.01024	0.49754	0.27782	0.03186	0.01703	0.01636	0.01240	0.00718	0.00576	0.00179	0.00568	0.00560	0.00576	0.00949
4	0.00856	0.00584	0.00679	0.00676	0.00710	0.00581	0.00413	0.03124	0.01015	0.01370	0.11096	0.11913	0.02639	0.59314	0.02328	0.00462	0.00498	0.00933	0.00408	0.00402
5	0.78435	0.01097	0.00874	0.00770	0.01130	0.01253	0.00634	0.01756	0.01018	0.07582	0.00895	0.00998	0.00673	0.00543	0.00369	0.00177	0.00445	0.00328	0.00378	0.00643
6	0.00692	0.00578	0.00591	0.00589	0.00767	0.00490	0.00434	0.00833	0.01288	0.01551	0.08740	0.05336	0.68145	0.06450	0.00819	0.00216	0.00306	0.01175	0.00524	0.00477
7	0.00707	0.00505	0.00676	0.00808	0.00846	0.00474	0.00549	0.00815	0.01105	0.01472	0.03147	0.76099	0.03760	0.01782	0.00733	0.00234	0.00341	0.04948	0.00531	0.00468
8	0.01042	0.00645	0.00789	0.00718	0.00922	0.00568	0.00551	0.01260	0.01511	0.13848	0.39626	0.04336	0.29618	0.01194	0.00659	0.00184	0.00311	0.01022	0.00607	0.00589
9	0.03761	0.01020	0.01615	0.63643	0.03412	0.01271	0.01445	0.03348	0.01163	0.01589	0.01054	0.01522	0.00808	0.00610	0.00646	0.00190	0.06205	0.00503	0.05559	0.00636
10	0.73692	0.01092	0.00926	0.05739	0.01309	0.01255	0.00695	0.01735	0.01025	0.07007	0.00899	0.01029	0.00677	0.00544	0.00381	0.00178	0.00466	0.00339	0.00369	0.00642
11	0.00811	0.00603	0.00891	0.00899	0.00992	0.00693	0.00687	0.00999	0.00926	0.01326	0.01641	0.06910	0.01599	0.07569	0.69671	0.00862	0.01416	0.00683	0.00322	0.00501
12	0.01066	0.00533	0.00533	0.00533	0.00666	0.00533	0.00400	0.01333	0.01200	0.02132	0.01866	0.02132	0.01466	0.00666	0.00400	0.00133	0.00267	0.00533	0.83073	0.00533
13	0.04119	0.01165	0.04482	0.56294	0.19929	0.01293	0.01610	0.01547	0.01175	0.01604	0.01022	0.01468	0.00788	0.00556	0.00562	0.00185	0.00735	0.00498	0.00264	0.00703
14	0.02080	0.01054	0.04653	0.01000	0.01373	0.03287	0.00831	0.02366	0.05437	0.52043	0.04413	0.02264	0.03212	0.10224	0.02901	0.00242	0.00544	0.00625	0.00607	0.00843
15	0.77813	0.01100	0.00905	0.06502	0.01316	0.01282	0.00691	0.01665	0.00986	0.02485	0.00813	0.00973	0.00630	0.00534	0.00370	0.00178	0.00466	0.00324	0.00347	0.00621
16	0.00874	0.00694	0.01009	0.18491	0.04959	0.00749	0.00835	0.01053	0.01099	0.01482	0.02355	0.39534	0.04349	0.09729	0.00942	0.00251	0.02975	0.03801	0.04298	0.00522
17	0.04551	0.01214	0.01390	0.01102	0.01492	0.01263	0.00895	0.29195	0.10407	0.21984	0.06100	0.01807	0.01441	0.02100	0.00639	0.00177	0.03054	0.00560	0.02501	0.08126
18	0.03714	0.10756	0.04198	0.03602	0.07008	0.04581	0.00977	0.14723	0.05424	0.04289	0.03259	0.21243	0.03111	0.02339	0.00712	0.00197	0.05549	0.03174	0.00440	0.00705
19	0.01333	0.10986	0.17942	0.12636	0.19810	0.03943	0.21764	0.01760	0.01268	0.01715	0.01041	0.01352	0.00813	0.00518	0.00567	0.00175	0.00807	0.00509	0.00268	0.00792
20	0.45838	0.01044	0.01069	0.00877	0.01272	0.01076	0.00723	0.02199	0.01284	0.37290	0.01480	0.01406	0.00992	0.00614	0.00458	0.00177	0.00463	0.00434	0.00520	0.00785
21	0.00723	0.00520	0.00688	0.00794	0.00850	0.00485	0.00550	0.00854	0.01180	0.01582	0.12445	0.63597	0.06305	0.01691	0.00725	0.00226	0.00333	0.05429	0.00543	0.00478
22	0.02923	0.07518	0.55243	0.01752	0.11574	0.01341	0.01858	0.01792	0.01238	0.04121	0.03070	0.01427	0.00946	0.00580	0.00541	0.00177	0.00768	0.02019	0.00280	0.00830
23	0.00789	0.00534	0.00699	0.00776	0.00842	0.00496	0.00530	0.00916	0.01188	0.04265	0.14743	0.58295	0.05759	0.06277	0.00844	0.00240	0.00340	0.01436	0.00542	0.00488
24	0.00719	0.00518	0.00679	0.00783	0.00837	0.00483	0.00537	0.00842	0.01161	0.01551	0.10874	0.63592	0.07281	0.03731	0.00780	0.00234	0.00336	0.04054	0.00536	0.00472
25	0.06750	0.47409	0.05058	0.01149	0.01580	0.26698	0.01038	0.01900	0.01302	0.01455	0.00832	0.00966	0.00728	0.00526	0.00421	0.00136	0.00746	0.00331	0.00268	0.00708
26	0.06534	0.03118	0.27360	0.08312	0.04143	0.09257	0.06542	0.07419	0.04236	0.05194	0.01354	0.06402	0.01131	0.00805	0.03021	0.00207	0.00764	0.03090	0.00349	0.00760
27	0.01012	0.00742	0.01025	0.01173	0.04617	0.00751	0.00959	0.05555	0.01392	0.01825	0.02845	0.07909	0.03059	0.01484	0.00765	0.00253	0.00534	0.63011	0.00518	0.00569

[dist]
# distance from previous block
# <min> <max>
2	15

[block]
# block no. 7 follows, 41 sequences, length 67
# corresponding to MSA columns:
# 882-915,948-980
name=unknown_H
#
# <colnr> <probs for GDERKNQSTAVLIFYWHMCP>
#	G	D	E	R	K	N	Q	S	T	A	V	L	I	F	Y	W	H	M	C	P
0	0.01309	0.00976	0.01163	0.00878	0.01320	0.00783	0.00703	0.04375	0.01316	0.09115	0.06535	0.01810	0.01379	0.02600	0.00543	0.00125	0.00435	0.04017	0.00413	0.60206
1	0.02137	0.02726	0.01621	0.01474	0.01768	0.77602	0.01105	0.02284	0.01621	0.01400	0.00884	0.01031	0.00737	0.00589	0.00516	0.00147	0.01031	0.00368	0.00295	0.00663
2	0.01097	0.01028	0.01472	0.24471	0.14520	0.05336	0.04399	0.01454	0.05653	0.01706	0.11124	0.16347	0.07186	0.00928	0.00622	0.00191	0.00582	0.00834	0.00398	0.00651
3	0.00790	0.00584	0.00737	0.00699	0.00842	0.00531	0.00524	0.01041	0.01572	0.02182	0.65538	0.04457	0.15957	0.01211	0.00675	0.00182	0.00273	0.01060	0.00615	0.00531
4	0.00823	0.00596	0.00708	0.00676	0.00845	0.00526	0.00508	0.01034	0.01473	0.05009	0.41655	0.06947	0.34542	0.01285	0.00673	0.00187	0.00289	0.01105	0.00589	0.00532
5	0.00870	0.00622	0.00882	0.00874	0.00981	0.00710	0.00673	0.02514	0.00978	0.01442	0.01576	0.02293	0.01457	0.07663	0.64660	0.00808	0.01339	0.00614	0.08530	0.00514
6	0.02137	0.02726	0.01621	0.01474	0.01768	0.77602	0.01105	0.02284	0.01621	0.01400	0.00884	0.01031	0.00737	0.00589	0.00516	0.00147	0.01031	0.00368	0.00295	0.00663
7	0.01423	0.01229	0.01293	0.01164	0.01487	0.01423	0.00905	0.03039	0.75297	0.02393	0.02328	0.02134	0.01746	0.00776	0.00582	0.00194	0.00453	0.00647	0.00582	0.00905
8	0.00713	0.00525	0.00663	0.00746	0.00818	0.00480	0.00512	0.00841	0.01196	0.01582	0.13772	0.54867	0.15819	0.03677	0.00770	0.00227	0.00322	0.01454	0.00540	0.00475
9	0.00724	0.00581	0.00646	0.00630	0.00802	0.00503	0.00472	0.00914	0.01417	0.01814	0.30977	0.05063	0.50748	0.01348	0.00676	0.00188	0.00283	0.01145	0.00566	0.00503
10	0.04339	0.01427	0.01594	0.01225	0.01676	0.01520	0.01012	0.54060	0.02374	0.22490	0.01587	0.01510	0.01078	0.00688	0.00567	0.00173	0.00588	0.00525	0.00602	0.00964
11	0.20645	0.01459	0.04562	0.03041	0.01646	0.01537	0.00997	0.46728	0.02091	0.06875	0.01283	0.01327	0.00918	0.00643	0.00515	0.00173	0.00578	0.00468	0.03651	0.00862
12	0.00823	0.00551	0.00627	0.00636	0.00638	0.00548	0.00359	0.00829	0.00850	0.01133	0.01894	0.08871	0.02195	0.74613	0.02764	0.00533	0.00539	0.00886	0.00359	0.00355
13	0.01066	0.00533	0.00533	0.00533	0.00666	0.00533	0.00400	0.01333	0.01200	0.02132	0.01866	0.02132	0.01466	0.00666	0.00400	0.00133	0.00267	0.00533	0.83073	0.00533
14	0.04632	0.01179	0.01960	0.40591	0.37354	0.01312	0.01626	0.01607	0.01210	0.01695	0.01035	0.01450	0.00823	0.00541	0.00560	0.00180	0.00711	0.00501	0.00272	0.00760
15	0.01255	0.10074	0.52484	0.01837	0.09626	0.03105	0.10192	0.01809	0.01238	0.01766	0.01021	0.01234	0.00760	0.00529	0.00543	0.00175	0.00824	0.00448	0.00253	0.00828
16	0.75688	0.03262	0.04756	0.00816	0.01200	0.01322	0.00715	0.03413	0.01031	0.02521	0.00822	0.00953	0.00636	0.00534	0.00369	0.00176	0.00472	0.00320	0.00351	0.00642
17	0.01298	0.10664	0.02023	0.22303	0.26201	0.05591	0.06225	0.03282	0.01278	0.01663	0.01335	0.09306	0.01245	0.00713	0.00576	0.00181	0.00688	0.04382	0.00316	0.00730
18	0.01321	0.03310	0.01161	0.01023	0.01264	0.19697	0.00778	0.01937	0.23633	0.01943	0.22278	0.02877	0.11259	0.04179	0.00693	0.00192	0.00534	0.00749	0.00500	0.00670
19	0.06438	0.48840	0.18270	0.01114	0.01626	0.01854	0.01178	0.03842	0.01208	0.01620	0.03198	0.04182	0.00991	0.00596	0.00478	0.00149	0.02978	0.00416	0.00283	0.00738
20	0.01277	0.20545	0.57791	0.01463	0.02215	0.01527	0.01816	0.01818	0.01210	0.03946	0.01010	0.01164	0.00747	0.00536	0.00504	0.00168	0.00781	0.00401	0.00256	0.00824
21	0.02528	0.01035	0.01366	0.01047	0.01491	0.00932	0.00865	0.09835	0.01741	0.69533	0.02170	0.01890	0.01372	0.00706	0.00575	0.00176	0.00501	0.00569	0.00695	0.00973
22	0.01147	0.02959	0.76934	0.01630	0.02476	0.01328	0.02113	0.01811	0.01208	0.01811	0.01026	0.01208	0.00725	0.00543	0.00543	0.00181	0.00845	0.00423	0.00242	0.00845
23	0.01340	0.01325	0.04386	0.22481	0.53994	0.01345	0.01708	0.03356	0.01291	0.01803	0.01066	0.01436	0.00866	0.00531	0.00567	0.00176	0.00704	0.00507	0.00281	0.00837
24	0.00711	0.00507	0.00673	0.00801	0.00837	0.00476	0.00540	0.00814	0.01094	0.01457	0.03096	0.73605	0.03698	0.04759	0.00816	0.00246	0.00348	0.04536	0.00524	0.00463
25	0.00810	0.00585	0.00765	0.00720	0.00855	0.00540	0.00540	0.01079	0.01619	0.02294	0.76028	0.04273	0.05397	0.01169	0.00675	0.00180	0.00270	0.01034	0.00630	0.00540
26	0.04920	0.14428	0.59240	0.01527	0.02285	0.01472	0.04992	0.01792	0.01196	0.01776	0.00987	0.01166	0.00727	0.00532	0.00514	0.00173	0.00797	0.00411	0.00249	0.00815
27	0.01219	0.01083	0.01814	0.55483	0.20401	0.01254	0.01574	0.01580	0.01207	0.04932	0.01146	0.01666	0.00900	0.00594	0.00577	0.00187	0.00724	0.02660	0.00289	0.00710
28	0.00922	0.00658	0.00922	0.01053	0.01185	0.00658	0.00922	0.01185	0.01317	0.01712	0.03029	0.06452	0.03292	0.01580	0.00790	0.00263	0.00527	0.72480	0.00527	0.00527
29	0.01147	0.01142	0.05099	0.69237	0.05645	0.01301	0.01591	0.05165	0.01229	0.01596	0.01037	0.01500	0.00775	0.00575	0.00570	0.00189	0.00757	0.00505	0.00270	0.00669
30	0.05038	0.03756	0.45702	0.01616	0.07778	0.01256	0.04949	0.05036	0.01312	0.07345	0.03048	0.03496	0.01105	0.00731	0.02412	0.00201	0.00757	0.03319	0.00330	0.00812
31	0.01474	0.42066	0.14656	0.01286	0.03677	0.01730	0.08411	0.04521	0.01310	0.06849	0.05902	0.03475	0.01189	0.00600	0.00483	0.00152	0.00649	0.00476	0.00327	0.00766
32	0.81956	0.01118	0.00862	0.00766	0.01122	0.01295	0.00631	0.03445	0.01015	0.02591	0.00810	0.00940	0.00628	0.00535	0.00359	0.00177	0.00447	0.00315	0.00359	0.00628
33	0.00718	0.00518	0.00676	0.00791	0.00842	0.00484	0.00543	0.00832	0.01127	0.01491	0.05235	0.65229	0.08284	0.04716	0.00812	0.00243	0.00349	0.06118	0.00526	0.00467
34	0.01273	0.02752	0.01015	0.00870	0.01054	0.02709	0.00644	0.14176	0.01502	0.09560	0.19721	0.12704	0.02788	0.23575	0.01283	0.00291	0.00477	0.02488	0.00514	0.00603
35	0.01186	0.01017	0.01186	0.00847	0.01356	0.00762	0.00678	0.01440	0.01186	0.01864	0.01017	0.01186	0.00847	0.00424	0.00424	0.00085	0.00424	0.00339	0.00339	0.83395
36	0.01730	0.51236	0.02487	0.01164	0.01572	0.28135	0.01030	0.01899	0.01311	0.01365	0.00824	0.00967	0.00735	0.00539	0.00463	0.00135	0.03104	0.00333	0.00262	0.00706
37	0.00854	0.00619	0.00768	0.00721	0.00881	0.00573	0.00544	0.01156	0.04586	0.03935	0.59331	0.04339	0.17160	0.01190	0.00669	0.00183	0.00286	0.01037	0.00613	0.00555
38	0.00858	0.00686	0.03075	0.00762	0.00929	0.00599	0.00601	0.03290	0.01632	0.02303	0.70122	0.04119	0.06556	0.01142	0.00668	0.00180	0.00298	0.01004	0.00614	0.00561
39	0.01423	0.01229	0.01293	0.01164	0.01487	0.01423	0.00905	0.03039	0.75297	0.02393	0.02328	0.02134	0.01746	0.00776	0.00582	0.00194	0.00453	0.00647	0.00582	0.00905
40	0.00832	0.00555	0.00624	0.00624	0.00624	0.00555	0.00347	0.00832	0.00832	0.01109	0.01802	0.03743	0.02080	0.79898	0.02911	0.00555	0.00555	0.00832	0.00347	0.00347
41	0.02137	0.02726	0.01621	0.01474	0.01768	0.77602	0.01105	0.02284	0.01621	0.01400	0.00884	0.01031	0.00737	0.00589	0.00516	0.00147	0.01031	0.00368	0.00295	0.00663
42	0.04294	0.01331	0.01488	0.01158	0.01580	0.01411	0.00952	0.46245	0.04139	0.22469	0.01652	0.01591	0.01138	0.00689	0.00554	0.00171	0.00554	0.00530	0.07127	0.00927
43	0.01080	0.01017	0.01716	0.78523	0.03940	0.01271	0.01589	0.01461	0.01144	0.01461	0.01017	0.01525	0.00762	0.00572	0.00572	0.00191	0.00762	0.00508	0.00254	0.00635
44	0.00682	0.00577	0.00590	0.00599	0.00784	0.00486	0.00449	0.00827	0.01295	0.01545	0.05619	0.08839	0.71348	0.01467	0.00681	0.00196	0.00297	0.02706	0.00531	0.00483
45	0.04631	0.01562	0.01674	0.01287	0.01741	0.01721	0.01063	0.69316	0.02595	0.06571	0.01392	0.01384	0.00980	0.00683	0.00566	0.00172	0.00618	0.00511	0.00571	0.00962
46	0.04203	0.00945	0.01265	0.00983	0.01401	0.00824	0.00808	0.02618	0.01609	0.69162	0.05409	0.02156	0.04408	0.00751	0.00578	0.00178	0.00469	0.00612	0.00690	0.00929
47	0.00697	0.00498	0.00664	0.00796	0.00830	0.00465	0.00531	0.00796	0.01095	0.01460	0.03153	0.79525	0.03783	0.01792	0.00730	0.00232	0.00332	0.01626	0.00531	0.00465
48	0.01066	0.00533	0.00533	0.00533	0.00666	0.00533	0.00400	0.01333	0.01200	0.02132	0.01866	0.02132	0.01466	0.00666	0.00400	0.00133	0.00267	0.00533	0.83073	0.00533
49	0.10202	0.01437	0.01965	0.07056	0.45766	0.06907	0.01456	0.12621	0.01497	0.04139	0.01105	0.01351	0.00879	0.00553	0.00542	0.00171	0.00672	0.00481	0.00344	0.00855
50	0.02147	0.01358	0.11084	0.01160	0.01632	0.01120	0.01053	0.19799	0.03324	0.42867	0.03713	0.03510	0.01417	0.00737	0.00581	0.00180	0.00559	0.02232	0.00603	0.00924
51	0.80241	0.01126	0.00954	0.00826	0.01190	0.01290	0.03916	0.01688	0.00990	0.02533	0.00813	0.00957	0.00631	0.00529	0.00368	0.00178	0.00466	0.00326	0.00351	0.00626
52	0.01390	0.01362	0.02221	0.10732	0.60112	0.04478	0.04651	0.01729	0.01302	0.01801	0.01142	0.01613	0.00977	0.00560	0.00578	0.00176	0.00708	0.03330	0.00291	0.00849
53	0.00756	0.00585	0.00691	0.00670	0.00830	0.00519	0.00507	0.00973	0.01476	0.01959	0.44052	0.04860	0.35330	0.01300	0.00679	0.00188	0.00286	0.03240	0.00585	0.00515
54	0.00790	0.00582	0.00769	0.02588	0.00959	0.00584	0.00600	0.03880	0.01142	0.01532	0.02867	0.67425	0.03380	0.03819	0.03820	0.00265	0.02535	0.01464	0.00505	0.00493
55	0.01228	0.19252	0.61346	0.01493	0.02263	0.01525	0.01874	0.01791	0.01198	0.01713	0.00978	0.01146	0.00727	0.00532	0.00506	0.00169	0.00796	0.00398	0.00242	0.00822
56	0.02566	0.00973	0.01327	0.01018	0.01460	0.00841	0.00841	0.02788	0.01637	0.76726	0.02257	0.01947	0.01416	0.00708	0.00575	0.00177	0.00487	0.00575	0.00708	0.00973
57	0.01857	0.01380	0.01540	0.01229	0.01590	0.01546	0.01001	0.56303	0.02247	0.03035	0.01393	0.01612	0.01086	0.04573	0.13546	0.00315	0.03841	0.00544	0.00506	0.00856
58	0.01120	0.01063	0.01815	0.69208	0.11191	0.01284	0.03303	0.01500	0.01164	0.01511	0.01026	0.01514	0.00779	0.00564	0.00574	0.00189	0.00759	0.00512	0.00258	0.00666
59	0.00676	0.00579	0.00579	0.00579	0.00773	0.00483	0.00435	0.00821	0.01304	0.01545	0.05794	0.05505	0.76098	0.01449	0.00676	0.00193	0.00290	0.01207	0.00531	0.00483
60	0.00827	0.00552	0.00625	0.00631	0.00632	0.00551	0.00354	0.00830	0.00842	0.01123	0.01855	0.06712	0.02146	0.76839	0.02826	0.00542	0.00546	0.00863	0.00354	0.00351
61	0.01257	0.01221	0.01731	0.56562	0.05216	0.08031	0.03200	0.06072	0.01286	0.01615	0.01103	0.01661	0.00883	0.00638	0.00637	0.00191	0.04267	0.03475	0.00290	0.00664
62	0.01529	0.80242	0.02997	0.00979	0.01468	0.02263	0.00979	0.01713	0.01162	0.01346	0.00795	0.00918	0.00734	0.00489	0.00367	0.00122	0.00612	0.00306	0.00245	0.00734
63	0.00922	0.00658	0.00922	0.01053	0.01185	0.00658	0.00922	0.01185	0.01317	0.01712	0.03029	0.06452	0.03292	0.01580	0.00790	0.00263	0.00527	0.72480	0.00527	0.00527
64	0.01313	0.01607	0.10274	0.02354	0.11947	0.01423	0.50117	0.01756	0.01284	0.01787	0.01154	0.03550	0.00927	0.00569	0.00749	0.00195	0.07291	0.00641	0.00287	0.00775
65	0.04365	0.04607	0.14773	0.00952	0.01267	0.00853	0.00910	0.04003	0.03270	0.01748	0.03419	0.13051	0.29215	0.01221	0.00646	0.00204	0.00477	0.13957	0.00460	0.00601
66	0.03644	0.63108	0.07570	0.01152	0.04637	0.06784	0.01079	0.01784	0.01207	0.03391	0.00865	0.00991	0.00756	0.00507	0.00401	0.00132	0.00648	0.00333	0.00264	0.00747

[dist]
# distance from previous block
# <min> <max>
0	3

[block]
# block no. 8 follows, 41 sequences, length 36
# corresponding to MSA columns:
# 984-1018,1025
name=unknown_I
#
# <colnr> <probs for GDERKNQSTAVLIFYWHMCP>
#	G	D	E	R	K	N	Q	S	T	A	V	L	I	F	Y	W	H	M	C	P
0	0.00866	0.05159	0.03983	0.00997	0.02843	0.00733	0.04354	0.01030	0.01137	0.01528	0.07383	0.44745	0.03073	0.10532	0.00979	0.00257	0.02459	0.06956	0.00463	0.00521
1	0.76293	0.04589	0.04714	0.00806	0.01190	0.01327	0.00709	0.01689	0.00993	0.02476	0.00808	0.00943	0.00630	0.00530	0.00364	0.00175	0.00470	0.00315	0.00344	0.00636
2	0.00697	0.00498	0.00664	0.00796	0.00830	0.00465	0.00531	0.00796	0.01095	0.01460	0.03153	0.79525	0.03783	0.01792	0.00730	0.00232	0.00332	0.01626	0.00531	0.00465
3	0.01186	0.01017	0.01186	0.00847	0.01356	0.00762	0.00678	0.01440	0.01186	0.01864	0.01017	0.01186	0.00847	0.00424	0.00424	0.00085	0.00424	0.00339	0.00339	0.83395
4	0.01238	0.01237	0.03809	0.53499	0.11676	0.03637	0.07517	0.05626	0.01274	0.01662	0.01045	0.01476	0.00797	0.00574	0.00609	0.00187	0.02640	0.00516	0.00279	0.00702
5	0.01186	0.01017	0.01186	0.00847	0.01356	0.00762	0.00678	0.01440	0.01186	0.01864	0.01017	0.01186	0.00847	0.00424	0.00424	0.00085	0.00424	0.00339	0.00339	0.83395
