[name]
unknown

[dist]
# distance from previous block
# <min> <max>
16	96

[block]
# block no. 0 follows, 40 sequences, length 7
# corresponding to MSA columns:
# 100-106
name=unknown_A
#
# <colnr> <probs for GDERKNQSTAVLIFYWHMCP>
#	G	D	E	R	K	N	Q	S	T	A	V	L	I	F	Y	W	H	M	C	P
0	0.04123	0.01155	0.01368	0.01187	0.03849	0.04959	0.05083	0.14058	0.07130	0.05923	0.06184	0.07871	0.07412	0.06905	0.00880	0.00208	0.07389	0.00703	0.02912	0.10701
1	0.02710	0.00955	0.01208	0.12479	0.04277	0.01038	0.00911	0.12412	0.13135	0.04342	0.13154	0.14902	0.04970	0.04493	0.03574	0.00241	0.00537	0.03465	0.00504	0.00692
2	0.07032	0.01131	0.01443	0.09694	0.07462	0.03846	0.05161	0.15546	0.03357	0.11563	0.08270	0.09186	0.09411	0.00903	0.00613	0.00190	0.00561	0.03388	0.00495	0.00747
3	0.04147	0.01207	0.01408	0.01165	0.01426	0.04616	0.04711	0.24968	0.03803	0.03940	0.09334	0.05353	0.01762	0.13984	0.03950	0.00278	0.09648	0.00677	0.00462	0.03162
4	0.09120	0.05108	0.02811	0.08636	0.04781	0.02654	0.00937	0.18092	0.05627	0.10200	0.06076	0.02030	0.05730	0.04976	0.00723	0.02557	0.00547	0.00584	0.04236	0.04574
5	0.01655	0.08239	0.01633	0.05894	0.06299	0.09424	0.02300	0.16041	0.03332	0.11425	0.03808	0.06077	0.03983	0.03233	0.03392	0.00212	0.05718	0.00606	0.00442	0.06287
6	0.01698	0.06070	0.04009	0.08803	0.01792	0.08384	0.01035	0.30215	0.04495	0.06359	0.01709	0.10910	0.04126	0.00864	0.00639	0.03019	0.00621	0.00656	0.00473	0.04123

[dist]
# distance from previous block
# <min> <max>
6	9

[block]
# block no. 1 follows, 40 sequences, length 92
# corresponding to MSA columns:
# 116-207
name=unknown_B
#
# <colnr> <probs for GDERKNQSTAVLIFYWHMCP>
#	G	D	E	R	K	N	Q	S	T	A	V	L	I	F	Y	W	H	M	C	P
0	0.01947	0.05300	0.06350	0.01198	0.01637	0.01404	0.01031	0.31345	0.12790	0.19584	0.01779	0.05659	0.01335	0.00836	0.02439	0.00196	0.00594	0.00596	0.00561	0.03419
1	0.01932	0.01057	0.01349	0.01186	0.06163	0.01018	0.00886	0.15693	0.05046	0.33857	0.14828	0.04131	0.02063	0.00827	0.00633	0.01956	0.00487	0.00665	0.00610	0.05613
2	0.04368	0.20109	0.01932	0.05206	0.01758	0.13127	0.01053	0.30771	0.07162	0.03972	0.04249	0.01416	0.01122	0.00652	0.00522	0.00162	0.00668	0.00477	0.00443	0.00833
3	0.01785	0.04503	0.01509	0.01149	0.01530	0.01437	0.00934	0.47015	0.03702	0.04790	0.10625	0.08620	0.04061	0.00859	0.00596	0.00176	0.00541	0.00693	0.00562	0.04914
4	0.07139	0.01411	0.07583	0.01281	0.05871	0.06409	0.01032	0.08065	0.17254	0.26524	0.03358	0.01736	0.01327	0.00673	0.00553	0.00173	0.00565	0.00537	0.00532	0.07980
5	0.01321	0.01138	0.01529	0.01099	0.01621	0.00930	0.10129	0.06049	0.01332	0.03651	0.01102	0.01281	0.00885	0.00461	0.00476	0.00108	0.00516	0.00405	0.00361	0.65603
6	0.01354	0.01295	0.02206	0.22213	0.57958	0.01359	0.01742	0.01710	0.01284	0.01796	0.01079	0.01467	0.00885	0.00534	0.00577	0.00178	0.00712	0.00518	0.00280	0.00852
7	0.02537	0.00974	0.01326	0.01022	0.01459	0.00842	0.00842	0.02763	0.01664	0.73333	0.05273	0.02075	0.01604	0.00739	0.00589	0.00180	0.00486	0.00604	0.00717	0.00972
8	0.01140	0.01076	0.01819	0.69091	0.12756	0.01303	0.01636	0.01522	0.01182	0.01536	0.01041	0.01537	0.00793	0.00574	0.00581	0.00191	0.00765	0.00517	0.00262	0.00679
9	0.00831	0.00557	0.00639	0.00653	0.00657	0.00554	0.00373	0.00842	0.00875	0.01167	0.01983	0.12062	0.02304	0.71048	0.02717	0.00528	0.00539	0.00934	0.00373	0.00366
10	0.00982	0.00681	0.00826	0.00762	0.00947	0.00634	0.00579	0.06092	0.01613	0.06461	0.45556	0.09084	0.21097	0.01235	0.00677	0.00189	0.00321	0.01068	0.00611	0.00586
11	0.08827	0.01000	0.01312	0.01014	0.01457	0.00889	0.00837	0.02748	0.01613	0.70683	0.02180	0.01900	0.01377	0.00706	0.00568	0.00180	0.00491	0.00564	0.00692	0.00962
12	0.01267	0.01163	0.01904	0.58528	0.09796	0.01367	0.06193	0.09531	0.01363	0.01785	0.01088	0.01525	0.00818	0.00583	0.00588	0.00190	0.00766	0.00528	0.00299	0.00716
13	0.01188	0.01054	0.01796	0.70908	0.03833	0.01277	0.04682	0.01572	0.01198	0.05384	0.01105	0.01573	0.00814	0.00585	0.00586	0.00193	0.00769	0.00528	0.00284	0.00670
14	0.01565	0.01273	0.01763	0.03791	0.28095	0.01338	0.02888	0.19559	0.12987	0.05463	0.10559	0.04860	0.01751	0.00744	0.00602	0.00182	0.00580	0.00655	0.00476	0.00869
15	0.01191	0.04732	0.69431	0.01700	0.02531	0.01382	0.07385	0.01841	0.01237	0.01832	0.01048	0.01246	0.00748	0.00547	0.00558	0.00184	0.00863	0.00446	0.00249	0.00851
16	0.02041	0.01552	0.01710	0.01441	0.06031	0.01720	0.01114	0.58182	0.14507	0.03361	0.01538	0.01526	0.01114	0.00703	0.00583	0.00178	0.00613	0.00545	0.00566	0.00974
17	0.00959	0.00735	0.00898	0.00853	0.01023	0.00754	0.00645	0.04325	0.13435	0.02140	0.39091	0.12567	0.08530	0.01564	0.09542	0.00279	0.00477	0.00999	0.00574	0.00611
18	0.01722	0.01496	0.08091	0.03105	0.06986	0.01454	0.01132	0.40971	0.08147	0.02854	0.05778	0.05708	0.01449	0.02451	0.00679	0.02175	0.00601	0.00614	0.00504	0.04082
19	0.00802	0.00584	0.00755	0.00732	0.00861	0.00537	0.00542	0.01049	0.01566	0.02190	0.63218	0.13085	0.09347	0.01279	0.00692	0.00190	0.00283	0.01131	0.00623	0.00537
20	0.01249	0.01543	0.13764	0.29302	0.14692	0.01348	0.21366	0.01726	0.02937	0.01746	0.01114	0.01489	0.00848	0.00541	0.00599	0.00186	0.00810	0.00546	0.00282	0.03913
21	0.01313	0.01767	0.15945	0.02198	0.02816	0.01392	0.56130	0.01815	0.01333	0.01851	0.01196	0.03379	0.00928	0.00531	0.00652	0.00190	0.00918	0.00649	0.00294	0.04703
22	0.00846	0.00617	0.00775	0.00848	0.00927	0.00608	0.00586	0.05169	0.05056	0.01700	0.07639	0.63066	0.03613	0.04602	0.00805	0.00240	0.00366	0.01467	0.00544	0.00526
23	0.04866	0.03367	0.18682	0.04273	0.04124	0.02832	0.36271	0.01937	0.01329	0.10699	0.01225	0.01477	0.00893	0.00566	0.00680	0.00191	0.04876	0.00572	0.00333	0.00807
24	0.01140	0.01076	0.01819	0.69091	0.12756	0.01303	0.01636	0.01522	0.01182	0.01536	0.01041	0.01537	0.00793	0.00574	0.00581	0.00191	0.00765	0.00517	0.00262	0.00679
25	0.01206	0.01034	0.01206	0.00861	0.01378	0.00775	0.00689	0.01464	0.01206	0.01895	0.01034	0.01206	0.00861	0.00431	0.00431	0.00086	0.00431	0.00345	0.00345	0.83118
26	0.00709	0.00506	0.00675	0.00810	0.00843	0.00472	0.00540	0.00810	0.01113	0.01484	0.03205	0.79184	0.03846	0.01822	0.00742	0.00236	0.00337	0.01653	0.00540	0.00472
27	0.01589	0.00864	0.01051	0.02789	0.01261	0.02701	0.00742	0.05964	0.01525	0.30354	0.06497	0.14842	0.19646	0.01145	0.00652	0.00198	0.00446	0.06407	0.00602	0.00723
28	0.01213	0.12254	0.67713	0.01578	0.02394	0.01465	0.02010	0.01830	0.01222	0.01785	0.01015	0.01192	0.00738	0.00546	0.00531	0.00177	0.00831	0.00415	0.00246	0.00846
29	0.00831	0.00623	0.00935	0.00935	0.01038	0.00727	0.00727	0.01038	0.00935	0.01350	0.01558	0.02285	0.01454	0.04361	0.77259	0.00935	0.01558	0.00623	0.00312	0.00519
30	0.00937	0.00669	0.00937	0.01071	0.01205	0.00669	0.00937	0.01205	0.01339	0.01740	0.03079	0.06560	0.03347	0.01606	0.00803	0.00268	0.00535	0.72021	0.00535	0.00535
31	0.05332	0.01443	0.01668	0.14057	0.02109	0.01599	0.01145	0.51600	0.02291	0.10861	0.01406	0.01465	0.00986	0.00675	0.00573	0.00179	0.00640	0.00520	0.00534	0.00918
32	0.00709	0.00506	0.00675	0.00810	0.00843	0.00472	0.00540	0.00810	0.01113	0.01484	0.03205	0.79184	0.03846	0.01822	0.00742	0.00236	0.00337	0.01653	0.00540	0.00472
33	0.01206	0.01034	0.01206	0.00861	0.01378	0.00775	0.00689	0.01464	0.01206	0.01895	0.01034	0.01206	0.00861	0.00431	0.00431	0.00086	0.00431	0.00345	0.00345	0.83118
34	0.02609	0.00990	0.01350	0.01035	0.01484	0.00855	0.00855	0.02834	0.01664	0.76338	0.02294	0.01979	0.01439	0.00720	0.00585	0.00180	0.00495	0.00585	0.00720	0.00990
35	0.02211	0.01629	0.01745	0.01338	0.01803	0.01803	0.01105	0.73997	0.02734	0.03665	0.01396	0.01396	0.00989	0.00698	0.00582	0.00175	0.00640	0.00524	0.00582	0.00989
36	0.01373	0.01569	0.03431	0.02451	0.03039	0.01471	0.73824	0.01863	0.01373	0.01863	0.01176	0.01569	0.00882	0.00490	0.00686	0.00196	0.00980	0.00686	0.00294	0.00784
37	0.00831	0.00623	0.00935	0.00935	0.01038	0.00727	0.00727	0.01038	0.00935	0.01350	0.01558	0.02285	0.01454	0.04361	0.77259	0.00935	0.01558	0.00623	0.00312	0.00519
38	0.02211	0.01629	0.01745	0.01338	0.01803	0.01803	0.01105	0.73997	0.02734	0.03665	0.01396	0.01396	0.00989	0.00698	0.00582	0.00175	0.00640	0.00524	0.00582	0.00989
39	0.00823	0.00594	0.00777	0.00732	0.00869	0.00549	0.00549	0.01097	0.01646	0.02332	0.75629	0.04344	0.05487	0.01189	0.00686	0.00183	0.00274	0.01052	0.00640	0.00549
40	0.00709	0.00506	0.00675	0.00810	0.00843	0.00472	0.00540	0.00810	0.01113	0.01484	0.03205	0.79184	0.03846	0.01822	0.00742	0.00236	0.00337	0.01653	0.00540	0.00472
41	0.01555	0.79913	0.03047	0.00995	0.01493	0.02301	0.00995	0.01741	0.01182	0.01368	0.00808	0.00933	0.00746	0.00498	0.00373	0.00124	0.00622	0.00311	0.00249	0.00746
42	0.02609	0.00990	0.01350	0.01035	0.01484	0.00855	0.00855	0.02834	0.01664	0.76338	0.02294	0.01979	0.01439	0.00720	0.00585	0.00180	0.00495	0.00585	0.00720	0.00990
43	0.01191	0.02839	0.67980	0.01750	0.02578	0.01365	0.10550	0.01844	0.01245	0.01844	0.01059	0.01268	0.00754	0.00545	0.00568	0.00186	0.00874	0.00460	0.00251	0.00851
44	0.01098	0.01034	0.01744	0.78165	0.04005	0.01292	0.01615	0.01486	0.01163	0.01486	0.01034	0.01550	0.00775	0.00581	0.00581	0.00194	0.00775	0.00517	0.00258	0.00646
45	0.00687	0.00589	0.00589	0.00589	0.00785	0.00491	0.00442	0.00835	0.01325	0.01571	0.05891	0.05596	0.75700	0.01473	0.00687	0.00196	0.00295	0.01227	0.00540	0.00491
46	0.01166	0.03008	0.76550	0.01657	0.02517	0.01351	0.02149	0.01842	0.01228	0.01842	0.01044	0.01228	0.00737	0.00552	0.00552	0.00184	0.00859	0.00430	0.00246	0.00859
47	0.01098	0.01034	0.01744	0.78165	0.04005	0.01292	0.01615	0.01486	0.01163	0.01486	0.01034	0.01550	0.00775	0.00581	0.00581	0.00194	0.00775	0.00517	0.00258	0.00646
48	0.00802	0.00594	0.00748	0.00709	0.00856	0.00540	0.00532	0.01056	0.01596	0.02212	0.64649	0.04541	0.16542	0.01234	0.00686	0.00185	0.00278	0.01079	0.00624	0.00540
49	0.01585	0.76109	0.02978	0.01020	0.01508	0.05995	0.01001	0.01770	0.01205	0.01371	0.00813	0.00939	0.00746	0.00503	0.00381	0.00126	0.00643	0.00314	0.00251	0.00743
50	0.01459	0.59686	0.20679	0.01212	0.03410	0.02052	0.01290	0.01766	0.01196	0.01494	0.00871	0.01015	0.00748	0.00511	0.00421	0.00140	0.00680	0.00344	0.00249	0.00777
51	0.02057	0.04226	0.01683	0.01504	0.05080	0.50958	0.01115	0.15819	0.06501	0.01949	0.01119	0.01229	0.00887	0.00626	0.00535	0.00158	0.00888	0.00430	0.02478	0.00759
52	0.01458	0.01234	0.01316	0.01185	0.01509	0.01417	0.00932	0.07059	0.66018	0.02459	0.02356	0.02406	0.01830	0.00836	0.00605	0.00200	0.00475	0.05215	0.00588	0.00900
53	0.00846	0.00564	0.00634	0.00634	0.00634	0.00564	0.00352	0.00846	0.00846	0.01128	0.01832	0.03805	0.02114	0.79563	0.02960	0.00564	0.00564	0.00846	0.00352	0.00352
54	0.01165	0.01089	0.01816	0.67613	0.12282	0.01315	0.01622	0.03325	0.01221	0.01588	0.01050	0.01534	0.00797	0.00577	0.00581	0.00191	0.00762	0.00517	0.00270	0.00686
55	0.01084	0.00542	0.00542	0.00542	0.00678	0.00542	0.00407	0.01355	0.01220	0.02168	0.01897	0.02168	0.01491	0.00678	0.00407	0.00136	0.00271	0.00542	0.82791	0.00542
56	0.00831	0.00623	0.00935	0.00935	0.01038	0.00727	0.00727	0.01038	0.00935	0.01350	0.01558	0.02285	0.01454	0.04361	0.77259	0.00935	0.01558	0.00623	0.00312	0.00519
57	0.01040	0.00643	0.00847	0.00768	0.00944	0.00586	0.00586	0.01309	0.01648	0.11335	0.66707	0.04056	0.04995	0.01132	0.00674	0.00183	0.00301	0.00995	0.00650	0.00602
58	0.00918	0.00736	0.01057	0.01005	0.01126	0.00868	0.00792	0.01152	0.02657	0.01412	0.01454	0.02102	0.01347	0.03665	0.62325	0.00790	0.10379	0.00595	0.00313	0.05306
59	0.01167	0.01098	0.01823	0.63054	0.15276	0.01313	0.01612	0.01602	0.04360	0.01592	0.01100	0.01559	0.00841	0.00580	0.00581	0.00191	0.00748	0.00523	0.00277	0.00701
60	0.00807	0.00561	0.00639	0.00655	0.00689	0.00542	0.00395	0.00849	0.00972	0.01276	0.05321	0.13737	0.11932	0.56569	0.02297	0.00460	0.00489	0.01006	0.00411	0.00393
61	0.01392	0.01348	0.02225	0.17786	0.60400	0.03184	0.01736	0.01740	0.01301	0.01809	0.01078	0.01451	0.00889	0.00532	0.00576	0.00176	0.00716	0.00514	0.00283	0.00863
62	0.00846	0.00564	0.00634	0.00634	0.00634	0.00564	0.00352	0.00846	0.00846	0.01128	0.01832	0.03805	0.02114	0.79563	0.02960	0.00564	0.00564	0.00846	0.00352	0.00352
63	0.00846	0.00564	0.00634	0.00634	0.00634	0.00564	0.00352	0.00846	0.00846	0.01128	0.01832	0.03805	0.02114	0.79563	0.02960	0.00564	0.00564	0.00846	0.00352	0.00352
64	0.02427	0.01505	0.01445	0.01178	0.01583	0.21346	0.00940	0.05849	0.04681	0.50093	0.01884	0.01712	0.01249	0.00689	0.00569	0.00172	0.00648	0.00529	0.00596	0.00902
65	0.00829	0.00557	0.00639	0.00655	0.00659	0.00553	0.00375	0.00841	0.00878	0.01170	0.01996	0.12776	0.02320	0.70312	0.02696	0.00525	0.00537	0.00942	0.00375	0.00367
66	0.01166	0.03008	0.76550	0.01657	0.02517	0.01351	0.02149	0.01842	0.01228	0.01842	0.01044	0.01228	0.00737	0.00552	0.00552	0.00184	0.00859	0.00430	0.00246	0.00859
67	0.00812	0.00597	0.00762	0.00729	0.00872	0.00547	0.00552	0.01072	0.01599	0.02225	0.65143	0.04567	0.13202	0.01236	0.00690	0.00188	0.00286	0.03754	0.00625	0.00542
68	0.11131	0.00613	0.00580	0.00569	0.00732	0.00635	0.00434	0.01398	0.01192	0.02222	0.01765	0.02019	0.01386	0.00661	0.00401	0.00141	0.00293	0.00514	0.72763	0.00553
69	0.01206	0.01034	0.01206	0.00861	0.01378	0.00775	0.00689	0.01464	0.01206	0.01895	0.01034	0.01206	0.00861	0.00431	0.00431	0.00086	0.00431	0.00345	0.00345	0.83118
70	0.00823	0.00594	0.00777	0.00732	0.00869	0.00549	0.00549	0.01097	0.01646	0.02332	0.75629	0.04344	0.05487	0.01189	0.00686	0.00183	0.00274	0.01052	0.00640	0.00549
71	0.00709	0.00506	0.00675	0.00810	0.00843	0.00472	0.00540	0.00810	0.01113	0.01484	0.03205	0.79184	0.03846	0.01822	0.00742	0.00236	0.00337	0.01653	0.00540	0.00472
72	0.00732	0.00524	0.00697	0.00803	0.00856	0.00489	0.00550	0.00865	0.01204	0.01627	0.14880	0.65450	0.04099	0.01715	0.00735	0.00228	0.00332	0.03170	0.00556	0.00486
73	0.00823	0.00594	0.00777	0.00732	0.00869	0.00549	0.00549	0.01097	0.01646	0.02332	0.75629	0.04344	0.05487	0.01189	0.00686	0.00183	0.00274	0.01052	0.00640	0.00549
74	0.01185	0.01115	0.01847	0.59028	0.18480	0.01318	0.01613	0.01630	0.05018	0.01619	0.01115	0.01560	0.00857	0.00579	0.00581	0.00190	0.00742	0.00524	0.00282	0.00716
75	0.00823	0.00594	0.00777	0.00732	0.00869	0.00549	0.00549	0.01097	0.01646	0.02332	0.75629	0.04344	0.05487	0.01189	0.00686	0.00183	0.00274	0.01052	0.00640	0.00549
76	0.01269	0.23310	0.57146	0.01483	0.02246	0.01601	0.01844	0.01815	0.01216	0.01717	0.00982	0.01150	0.00739	0.00538	0.00505	0.00168	0.00797	0.00398	0.00246	0.00830
77	0.01173	0.02832	0.69798	0.01605	0.02410	0.01334	0.02029	0.01895	0.05937	0.01870	0.01183	0.03280	0.00883	0.00600	0.00560	0.00186	0.00821	0.00476	0.00275	0.00853
78	0.01317	0.01959	0.23250	0.02236	0.02898	0.01438	0.54396	0.01857	0.01333	0.01857	0.01140	0.01476	0.00843	0.00507	0.00650	0.00193	0.00948	0.00617	0.00281	0.00805
79	0.01206	0.01034	0.01206	0.00861	0.01378	0.00775	0.00689	0.01464	0.01206	0.01895	0.01034	0.01206	0.00861	0.00431	0.00431	0.00086	0.00431	0.00345	0.00345	0.83118
80	0.01809	0.32117	0.02139	0.01313	0.03861	0.40206	0.01049	0.01975	0.01400	0.01402	0.00932	0.01171	0.00833	0.03696	0.03677	0.00188	0.00877	0.00382	0.00282	0.00691
81	0.83671	0.01125	0.00855	0.00765	0.01125	0.01305	0.00630	0.01709	0.00990	0.02609	0.00810	0.00945	0.00630	0.00540	0.00360	0.00180	0.00450	0.00315	0.00360	0.00630
82	0.01084	0.00542	0.00542	0.00542	0.00678	0.00542	0.00407	0.01355	0.01220	0.02168	0.01897	0.02168	0.01491	0.00678	0.00407	0.00136	0.00271	0.00542	0.82791	0.00542
83	0.01134	0.00612	0.00620	0.00594	0.00754	0.00618	0.00452	0.05871	0.01320	0.02231	0.02073	0.02298	0.05307	0.00720	0.00432	0.00141	0.00295	0.00576	0.73384	0.00567
84	0.00687	0.00589	0.00589	0.00589	0.00785	0.00491	0.00442	0.00835	0.01325	0.01571	0.05891	0.05596	0.75700	0.01473	0.00687	0.00196	0.00295	0.01227	0.00540	0.00491
85	0.01393	0.01364	0.02027	0.33554	0.37655	0.07539	0.01634	0.04706	0.01344	0.01766	0.01066	0.01451	0.00851	0.00558	0.00574	0.00179	0.00752	0.00506	0.00289	0.00792
86	0.00709	0.00506	0.00675	0.00810	0.00843	0.00472	0.00540	0.00810	0.01113	0.01484	0.03205	0.79184	0.03846	0.01822	0.00742	0.00236	0.00337	0.01653	0.00540	0.00472
87	0.00707	0.00511	0.00669	0.00796	0.00840	0.00474	0.00534	0.00811	0.01127	0.01490	0.03377	0.74476	0.08443	0.01800	0.00739	0.00234	0.00335	0.01626	0.00540	0.00474
88	0.02211	0.01629	0.01745	0.01338	0.01803	0.01803	0.01105	0.73997	0.02734	0.03665	0.01396	0.01396	0.00989	0.00698	0.00582	0.00175	0.00640	0.00524	0.00582	0.00989
89	0.01084	0.00542	0.00542	0.00542	0.00678	0.00542	0.00407	0.01355	0.01220	0.02168	0.01897	0.02168	0.01491	0.00678	0.00407	0.00136	0.00271	0.00542	0.82791	0.00542
90	0.01424	0.01457	0.06674	0.03040	0.58574	0.01391	0.01657	0.02015	0.14082	0.01989	0.01312	0.01553	0.01058	0.00567	0.00577	0.00178	0.00661	0.00537	0.00338	0.00917
91	0.00709	0.00506	0.00675	0.00810	0.00843	0.00472	0.00540	0.00810	0.01113	0.01484	0.03205	0.79184	0.03846	0.01822	0.00742	0.00236	0.00337	0.01653	0.00540	0.00472

[dist]
# distance from previous block
# <min> <max>
0	2

[block]
# block no. 2 follows, 40 sequences, length 26
# corresponding to MSA columns:
# 210-235
name=unknown_C
#
# <colnr> <probs for GDERKNQSTAVLIFYWHMCP>
#	G	D	E	R	K	N	Q	S	T	A	V	L	I	F	Y	W	H	M	C	P
0	0.01206	0.10951	0.68958	0.01589	0.02411	0.01449	0.02029	0.01831	0.01223	0.01793	0.01019	0.01197	0.00738	0.00547	0.00534	0.00178	0.00835	0.00417	0.00246	0.00848
1	0.83671	0.01125	0.00855	0.00765	0.01125	0.01305	0.00630	0.01709	0.00990	0.02609	0.00810	0.00945	0.00630	0.00540	0.00360	0.00180	0.00450	0.00315	0.00360	0.00630
2	0.02085	0.01531	0.01643	0.01273	0.01696	0.01690	0.01036	0.67277	0.02561	0.03432	0.01436	0.01617	0.01092	0.07943	0.00800	0.00210	0.00633	0.00553	0.00561	0.00930
3	0.01263	0.01032	0.01212	0.00868	0.01382	0.00778	0.00696	0.01520	0.01224	0.04903	0.01085	0.01237	0.00885	0.00442	0.00437	0.00090	0.00433	0.00354	0.00360	0.79800
4	0.00837	0.00674	0.00824	0.07866	0.01196	0.00656	0.00666	0.02543	0.04474	0.01707	0.10659	0.18279	0.34831	0.03022	0.00742	0.00218	0.00392	0.09355	0.00522	0.00538
5	0.00962	0.07898	0.01001	0.00761	0.00949	0.00720	0.00597	0.01219	0.01587	0.05466	0.61737	0.03994	0.08683	0.01120	0.00653	0.00178	0.00317	0.00973	0.00602	0.00583
6	0.01087	0.01291	0.21515	0.01013	0.01377	0.00797	0.01015	0.01466	0.01534	0.09258	0.48274	0.03268	0.03804	0.00970	0.00640	0.00183	0.00455	0.00837	0.00540	0.00676
7	0.02572	0.01048	0.01386	0.01063	0.01514	0.00942	0.00878	0.09371	0.01763	0.69662	0.02212	0.01926	0.01398	0.00718	0.00585	0.00179	0.00508	0.00579	0.00707	0.00990
8	0.01373	0.01569	0.03431	0.02451	0.03039	0.01471	0.73824	0.01863	0.01373	0.01863	0.01176	0.01569	0.00882	0.00490	0.00686	0.00196	0.00980	0.00686	0.00294	0.00784
9	0.02116	0.09858	0.01776	0.01452	0.01770	0.70346	0.01112	0.02269	0.01605	0.01418	0.00891	0.01038	0.00749	0.00590	0.00510	0.00147	0.01009	0.00369	0.00295	0.00681
10	0.01447	0.46202	0.26770	0.01329	0.01940	0.05525	0.06166	0.01810	0.01231	0.01556	0.00913	0.01076	0.00752	0.00520	0.00459	0.00150	0.00743	0.00377	0.00253	0.00782
11	0.01439	0.01382	0.02360	0.03569	0.75936	0.01382	0.01785	0.01785	0.01324	0.01900	0.01094	0.01439	0.00921	0.00518	0.00576	0.00173	0.00691	0.00518	0.00288	0.00921
12	0.00846	0.00564	0.00634	0.00634	0.00634	0.00564	0.00352	0.00846	0.00846	0.01128	0.01832	0.03805	0.02114	0.79563	0.02960	0.00564	0.00564	0.00846	0.00352	0.00352
13	0.01770	0.36503	0.07191	0.01217	0.01686	0.03912	0.01129	0.28730	0.04170	0.02294	0.01094	0.01188	0.00871	0.00619	0.00564	0.00158	0.05255	0.00423	0.00386	0.00841
14	0.02609	0.00990	0.01350	0.01035	0.01484	0.00855	0.00855	0.02834	0.01664	0.76338	0.02294	0.01979	0.01439	0.00720	0.00585	0.00180	0.00495	0.00585	0.00720	0.00990
15	0.02010	0.01478	0.01604	0.01261	0.01668	0.01631	0.01026	0.63639	0.02484	0.03334	0.01512	0.05371	0.01202	0.04409	0.04406	0.00232	0.00666	0.00598	0.00556	0.00913
16	0.00937	0.00669	0.00937	0.01071	0.01205	0.00669	0.00937	0.01205	0.01339	0.01740	0.03079	0.06560	0.03347	0.01606	0.00803	0.00268	0.00535	0.72021	0.00535	0.00535
17	0.00935	0.00798	0.06586	0.00814	0.01023	0.00624	0.00684	0.01235	0.01608	0.05966	0.64646	0.04017	0.06567	0.01124	0.00671	0.00183	0.00330	0.00985	0.00612	0.00593
18	0.02172	0.02772	0.01648	0.01498	0.01798	0.77228	0.01124	0.02322	0.01648	0.01423	0.00899	0.01049	0.00749	0.00599	0.00524	0.00150	0.01049	0.00375	0.00300	0.00674
19	0.01224	0.01214	0.02240	0.33684	0.21620	0.01299	0.19646	0.01607	0.01244	0.01678	0.01201	0.04886	0.01000	0.00763	0.04008	0.00224	0.00821	0.00613	0.00289	0.00737
20	0.00727	0.00587	0.00646	0.00639	0.00812	0.00507	0.00476	0.00908	0.01408	0.01784	0.25634	0.08393	0.52627	0.01407	0.00689	0.00194	0.00291	0.01196	0.00569	0.00507
21	0.02018	0.01486	0.01595	0.01247	0.01651	0.01640	0.01007	0.62688	0.04915	0.03314	0.01482	0.01716	0.01153	0.10337	0.00873	0.00223	0.00625	0.00567	0.00554	0.00909
22	0.01044	0.00551	0.00609	0.00609	0.00733	0.00566	0.00457	0.01277	0.01153	0.01987	0.01799	0.02161	0.01458	0.01270	0.11272	0.04981	0.00464	0.00551	0.66533	0.00522
23	0.10927	0.30477	0.05559	0.03786	0.04149	0.19103	0.01099	0.10010	0.04690	0.01868	0.00990	0.01126	0.00813	0.00580	0.00500	0.00155	0.02695	0.00389	0.00327	0.00757
24	0.03642	0.05675	0.01625	0.02932	0.01697	0.12231	0.01013	0.36941	0.12390	0.02761	0.04842	0.01546	0.01239	0.00679	0.00550	0.00164	0.00634	0.00514	0.00495	0.08431
25	0.09141	0.02005	0.13139	0.03515	0.06325	0.22620	0.01245	0.20590	0.08078	0.02290	0.01295	0.01409	0.02329	0.00742	0.02622	0.00193	0.00780	0.00476	0.00398	0.00808

[dist]
# distance from previous block
# <min> <max>
1	8

[block]
# block no. 3 follows, 40 sequences, length 13
# corresponding to MSA columns:
# 244-256
name=unknown_D
#
# <colnr> <probs for GDERKNQSTAVLIFYWHMCP>
#	G	D	E	R	K	N	Q	S	T	A	V	L	I	F	Y	W	H	M	C	P
0	0.01964	0.03724	0.01648	0.01247	0.01692	0.03530	0.01021	0.53463	0.08370	0.03166	0.01455	0.03657	0.01108	0.00698	0.00562	0.00165	0.00601	0.00536	0.00536	0.10857
1	0.07459	0.01336	0.03686	0.01304	0.04792	0.01398	0.03451	0.24305	0.26988	0.04091	0.01833	0.09290	0.01503	0.00796	0.00580	0.00185	0.00541	0.00660	0.00523	0.05282
2	0.01234	0.10354	0.04795	0.00948	0.01203	0.04243	0.00797	0.07500	0.01515	0.07748	0.25783	0.12764	0.05397	0.05241	0.00757	0.00209	0.00474	0.07876	0.00520	0.00641
3	0.01326	0.01622	0.09908	0.11597	0.08935	0.01431	0.52725	0.01809	0.01330	0.01818	0.01140	0.01525	0.00859	0.00509	0.00652	0.00193	0.00921	0.00629	0.00285	0.00786
4	0.01358	0.01736	0.13863	0.02592	0.19722	0.01433	0.46794	0.01842	0.01340	0.01868	0.01138	0.01489	0.00870	0.00506	0.00641	0.00189	0.00896	0.00610	0.00286	0.00827
5	0.00707	0.00512	0.00669	0.00794	0.00839	0.00474	0.00533	0.00812	0.01129	0.01491	0.03398	0.73894	0.09011	0.01797	0.00738	0.00233	0.00334	0.01623	0.00540	0.00474
6	0.01376	0.01134	0.01280	0.03048	0.06638	0.01245	0.00910	0.06781	0.46091	0.05114	0.02892	0.02737	0.16456	0.00894	0.00609	0.00193	0.00463	0.00748	0.00557	0.00835
7	0.02135	0.01591	0.01703	0.01323	0.01775	0.01768	0.01087	0.67008	0.09846	0.03543	0.01492	0.01472	0.01066	0.00707	0.00583	0.00177	0.00622	0.00537	0.00583	0.00982
8	0.01528	0.74543	0.08179	0.01041	0.01564	0.02235	0.01076	0.01748	0.01185	0.01401	0.00825	0.00953	0.00746	0.00501	0.00386	0.00129	0.00638	0.00319	0.00249	0.00754
9	0.01863	0.01156	0.01327	0.01130	0.01502	0.01234	0.00897	0.02998	0.48648	0.28915	0.02341	0.02101	0.01655	0.00764	0.00589	0.00191	0.00473	0.00631	0.00638	0.00945
10	0.01134	0.00899	0.01016	0.00943	0.01173	0.00960	0.00725	0.02004	0.34748	0.03828	0.27302	0.05245	0.10078	0.03372	0.00715	0.00207	0.00387	0.03957	0.00595	0.00713
11	0.00689	0.00583	0.00596	0.00606	0.00790	0.00489	0.00449	0.00833	0.01309	0.01564	0.05683	0.11296	0.70134	0.01500	0.00692	0.00199	0.00298	0.01260	0.00540	0.00489
12	0.01183	0.02893	0.70704	0.01721	0.02559	0.01360	0.07879	0.01843	0.01239	0.01843	0.01054	0.01255	0.00748	0.00548	0.00563	0.00185	0.00869	0.00450	0.00249	0.00853

[dist]
# distance from previous block
# <min> <max>
0	7

[block]
# block no. 4 follows, 40 sequences, length 40
# corresponding to MSA columns:
# 264-303
name=unknown_E
#
# <colnr> <probs for GDERKNQSTAVLIFYWHMCP>
#	G	D	E	R	K	N	Q	S	T	A	V	L	I	F	Y	W	H	M	C	P
0	0.00823	0.00594	0.00777	0.00732	0.00869	0.00549	0.00549	0.01097	0.01646	0.02332	0.75629	0.04344	0.05487	0.01189	0.00686	0.00183	0.00274	0.01052	0.00640	0.00549
1	0.03493	0.01569	0.01397	0.01195	0.01532	0.18118	0.00936	0.21299	0.23024	0.06937	0.05508	0.01884	0.02797	0.02243	0.00610	0.00182	0.00618	0.00575	0.05260	0.00823
2	0.00706	0.00582	0.00620	0.00628	0.00801	0.00496	0.00464	0.00864	0.01343	0.01654	0.14011	0.12647	0.60228	0.01473	0.00692	0.00199	0.00296	0.01248	0.00552	0.00496
3	0.01307	0.30929	0.49865	0.01417	0.02145	0.01696	0.01730	0.01805	0.01211	0.01670	0.00958	0.01121	0.00740	0.00533	0.00487	0.00162	0.00773	0.00387	0.00247	0.00818
4	0.00720	0.00590	0.00634	0.00623	0.00805	0.00505	0.00467	0.00897	0.01402	0.01753	0.22581	0.05297	0.58896	0.01405	0.00687	0.00193	0.00290	0.01185	0.00564	0.00505
5	0.01173	0.01006	0.01167	0.00844	0.01341	0.00757	0.00674	0.01425	0.01213	0.01875	0.01338	0.01481	0.05545	0.00496	0.00447	0.00093	0.00422	0.00400	0.00357	0.77946
6	0.00919	0.05864	0.00905	0.00856	0.05421	0.00723	0.00499	0.00961	0.00919	0.01220	0.01826	0.09361	0.02084	0.63303	0.02466	0.00485	0.00558	0.00853	0.00356	0.00423
7	0.02011	0.00991	0.01273	0.00961	0.01423	0.00812	0.00781	0.02245	0.01471	0.45446	0.01840	0.04127	0.01294	0.00644	0.00531	0.00146	0.00465	0.00527	0.00570	0.32440
8	0.00832	0.00561	0.00647	0.00657	0.00669	0.00555	0.00382	0.00859	0.00923	0.01240	0.06842	0.10652	0.02494	0.67350	0.02609	0.00509	0.00524	0.00932	0.00388	0.00376
9	0.03422	0.01138	0.01870	0.56593	0.03469	0.01335	0.09619	0.09097	0.01344	0.01786	0.01165	0.04490	0.00923	0.00630	0.00594	0.00193	0.00759	0.00575	0.00310	0.00690
10	0.02151	0.00941	0.01231	0.00980	0.01368	0.00831	0.00792	0.06158	0.01631	0.54203	0.06059	0.08479	0.06694	0.00866	0.00601	0.00181	0.00463	0.00721	0.00663	0.04988
11	0.00706	0.00580	0.00609	0.00620	0.00785	0.00497	0.00450	0.00845	0.01287	0.01567	0.08474	0.12558	0.60672	0.06717	0.00845	0.00224	0.00316	0.01235	0.00532	0.00482
12	0.01206	0.01034	0.01206	0.00861	0.01378	0.00775	0.00689	0.01464	0.01206	0.01895	0.01034	0.01206	0.00861	0.00431	0.00431	0.00086	0.00431	0.00345	0.00345	0.83118
13	0.00983	0.00779	0.03189	0.01098	0.08815	0.00695	0.00765	0.01296	0.03322	0.05200	0.51437	0.07689	0.06098	0.01134	0.00674	0.00190	0.00367	0.05072	0.00580	0.00618
14	0.11566	0.01903	0.19483	0.01760	0.02328	0.06129	0.28741	0.11255	0.07281	0.02199	0.01206	0.01407	0.00894	0.00568	0.00585	0.00186	0.00807	0.00539	0.00352	0.00813
15	0.02009	0.00871	0.01174	0.00970	0.01313	0.00778	0.00789	0.02278	0.03376	0.50519	0.17945	0.05116	0.02534	0.00926	0.00629	0.00190	0.00446	0.06617	0.00679	0.00842
16	0.00692	0.00585	0.00593	0.00599	0.00784	0.00492	0.00443	0.00834	0.01306	0.01557	0.05689	0.08382	0.71141	0.03392	0.00745	0.00207	0.00303	0.01234	0.00535	0.00487
17	0.01166	0.03008	0.76550	0.01657	0.02517	0.01351	0.02149	0.01842	0.01228	0.01842	0.01044	0.01228	0.00737	0.00552	0.00552	0.00184	0.00859	0.00430	0.00246	0.00859
18	0.12722	0.01533	0.01611	0.01249	0.01700	0.01693	0.01032	0.61228	0.02457	0.07060	0.01364	0.01366	0.00965	0.00679	0.00553	0.00175	0.00608	0.00500	0.00560	0.00943
19	0.01922	0.01334	0.01470	0.01210	0.01608	0.01463	0.00973	0.27637	0.36611	0.16233	0.02017	0.01867	0.01442	0.00745	0.00587	0.00186	0.00529	0.00598	0.00611	0.00957
20	0.83671	0.01125	0.00855	0.00765	0.01125	0.01305	0.00630	0.01709	0.00990	0.02609	0.00810	0.00945	0.00630	0.00540	0.00360	0.00180	0.00450	0.00315	0.00360	0.00630
21	0.01706	0.01383	0.01449	0.10606	0.03428	0.09921	0.01036	0.12912	0.33185	0.10632	0.01836	0.01819	0.01352	0.00709	0.00570	0.00182	0.00589	0.00571	0.05260	0.00855
22	0.06136	0.01543	0.02884	0.11969	0.07532	0.06448	0.51121	0.01832	0.01339	0.01831	0.01114	0.01488	0.00848	0.00514	0.00637	0.00190	0.00910	0.00612	0.00293	0.00759
23	0.00811	0.00594	0.00761	0.00719	0.00861	0.00544	0.00539	0.01074	0.01618	0.02265	0.69514	0.04454	0.11643	0.01214	0.00686	0.00184	0.00276	0.01067	0.00631	0.00544
24	0.00722	0.00519	0.00689	0.00819	0.00864	0.00485	0.00562	0.00835	0.01134	0.01503	0.03278	0.72436	0.05965	0.01798	0.00744	0.00237	0.00348	0.06045	0.00540	0.00477
25	0.05102	0.15148	0.47315	0.01440	0.02135	0.05869	0.01684	0.06429	0.01357	0.06821	0.01092	0.01217	0.00797	0.00566	0.00517	0.00171	0.00776	0.00418	0.00307	0.00837
26	0.01373	0.01569	0.03431	0.02451	0.03039	0.01471	0.73824	0.01863	0.01373	0.01863	0.01176	0.01569	0.00882	0.00490	0.00686	0.00196	0.00980	0.00686	0.00294	0.00784
27	0.00708	0.00568	0.00632	0.00661	0.00809	0.00492	0.00479	0.00857	0.01306	0.01632	0.12819	0.24253	0.49683	0.01531	0.00701	0.00205	0.00303	0.01317	0.00551	0.00492
28	0.00709	0.00506	0.00675	0.00810	0.00843	0.00472	0.00540	0.00810	0.01113	0.01484	0.03205	0.79184	0.03846	0.01822	0.00742	0.00236	0.00337	0.01653	0.00540	0.00472
29	0.07621	0.01147	0.01845	0.40495	0.28860	0.01283	0.01535	0.01647	0.01241	0.04623	0.03528	0.01573	0.00995	0.00581	0.00566	0.00184	0.00693	0.00522	0.00307	0.00751
30	0.00784	0.00578	0.00692	0.00706	0.00845	0.00514	0.00513	0.00962	0.01381	0.03607	0.27935	0.24999	0.31458	0.01456	0.00699	0.00202	0.00304	0.01269	0.00577	0.00517
31	0.00937	0.00669	0.00937	0.01071	0.01205	0.00669	0.00937	0.01205	0.01339	0.01740	0.03079	0.06560	0.03347	0.01606	0.00803	0.00268	0.00535	0.72021	0.00535	0.00535
32	0.00714	0.00517	0.00675	0.00791	0.00841	0.00478	0.00534	0.00828	0.01158	0.01539	0.07555	0.70000	0.08698	0.01762	0.00735	0.00230	0.00331	0.01590	0.00546	0.00478
33	0.01206	0.01034	0.01206	0.00861	0.01378	0.00775	0.00689	0.01464	0.01206	0.01895	0.01034	0.01206	0.00861	0.00431	0.00431	0.00086	0.00431	0.00345	0.00345	0.83118
34	0.01098	0.01034	0.01744	0.78165	0.04005	0.01292	0.01615	0.01486	0.01163	0.01486	0.01034	0.01550	0.00775	0.00581	0.00581	0.00194	0.00775	0.00517	0.00258	0.00646
35	0.00846	0.00564	0.00634	0.00634	0.00634	0.00564	0.00352	0.00846	0.00846	0.01128	0.01832	0.03805	0.02114	0.79563	0.02960	0.00564	0.00564	0.00846	0.00352	0.00352
36	0.00825	0.00591	0.00807	0.00938	0.01027	0.00573	0.00740	0.01012	0.01233	0.01617	0.03204	0.40389	0.05280	0.01704	0.00772	0.00251	0.00437	0.37558	0.00538	0.00505
37	0.02231	0.01343	0.04037	0.05182	0.09095	0.05216	0.01099	0.18910	0.03498	0.40584	0.01795	0.01702	0.01201	0.00678	0.00579	0.00178	0.00602	0.00546	0.00582	0.00943
38	0.01373	0.01569	0.03431	0.02451	0.03039	0.01471	0.73824	0.01863	0.01373	0.01863	0.01176	0.01569	0.00882	0.00490	0.00686	0.00196	0.00980	0.00686	0.00294	0.00784
39	0.00727	0.00520	0.00693	0.00809	0.00857	0.00486	0.00552	0.00852	0.01177	0.01583	0.10968	0.69058	0.04008	0.01748	0.00738	0.00231	0.00336	0.03623	0.00550	0.00482

[dist]
# distance from previous block
# <min> <max>
0	47

# created by:
# /st0/software/busco_prod/Augustus/scripts/msa2prfl.pl ./align_prep/171667.fa
