[name]
unknown

[dist]
# distance from previous block
# <min> <max>
13	55

[block]
# block no. 0 follows, 45 sequences, length 39
# corresponding to MSA columns:
# 58-96
name=unknown_A
#
# <colnr> <probs for GDERKNQSTAVLIFYWHMCP>
#	G	D	E	R	K	N	Q	S	T	A	V	L	I	F	Y	W	H	M	C	P
0	0.01542	0.09205	0.01450	0.01031	0.01378	0.03113	0.03063	0.30594	0.01791	0.08769	0.15587	0.05193	0.03067	0.00766	0.00540	0.00157	0.00497	0.03463	0.00489	0.08305
1	0.01151	0.00869	0.02863	0.01008	0.05002	0.00840	0.00752	0.14620	0.07765	0.07570	0.05326	0.25527	0.15978	0.01157	0.00618	0.00191	0.00416	0.07209	0.00506	0.00631
2	0.01013	0.00940	0.01575	0.77326	0.03600	0.01171	0.01455	0.01368	0.01075	0.01391	0.00979	0.01449	0.00737	0.00539	0.00532	0.00177	0.00701	0.00478	0.02901	0.00593
3	0.00800	0.00691	0.01176	0.08976	0.01434	0.00676	0.14033	0.00984	0.01075	0.01433	0.02423	0.58653	0.02777	0.01347	0.00661	0.00207	0.00458	0.01261	0.00432	0.00503
4	0.00932	0.00466	0.00699	0.00699	0.00699	0.00466	0.00466	0.00699	0.00699	0.00932	0.00932	0.01632	0.00932	0.01865	0.02098	0.84382	0.00466	0.00466	0.00233	0.00233
5	0.01039	0.00980	0.01656	0.73662	0.09681	0.01199	0.01503	0.01394	0.01085	0.01402	0.00959	0.01423	0.00726	0.00532	0.00536	0.00177	0.00709	0.00477	0.00241	0.00617
6	0.01223	0.01045	0.01305	0.00946	0.01415	0.00868	0.06069	0.10254	0.01295	0.01934	0.01116	0.01260	0.02739	0.00455	0.00437	0.00099	0.00454	0.00381	0.00345	0.66359
7	0.02180	0.01069	0.03518	0.01095	0.01510	0.03498	0.06708	0.02464	0.04288	0.62101	0.03238	0.01783	0.01315	0.00654	0.00566	0.00168	0.01831	0.00545	0.00596	0.00871
8	0.02408	0.00914	0.01246	0.00955	0.01370	0.00789	0.00789	0.02616	0.01536	0.78158	0.02118	0.01827	0.01329	0.00664	0.00540	0.00166	0.00457	0.00540	0.00664	0.00914
9	0.01243	0.01405	0.03024	0.02179	0.02684	0.01338	0.70464	0.01671	0.01242	0.01691	0.01133	0.04071	0.00901	0.00512	0.00679	0.00184	0.03935	0.00657	0.00278	0.00709
10	0.01014	0.00954	0.01610	0.79845	0.03697	0.01193	0.01491	0.01371	0.01073	0.01371	0.00954	0.01431	0.00716	0.00537	0.00537	0.00179	0.00716	0.00477	0.00239	0.00596
11	0.02005	0.02558	0.01521	0.01383	0.01659	0.78980	0.01037	0.02143	0.01521	0.01314	0.00830	0.00968	0.00691	0.00553	0.00484	0.00138	0.00968	0.00346	0.00277	0.00622
12	0.00682	0.00494	0.00645	0.00724	0.00788	0.00457	0.00503	0.00818	0.01156	0.01558	0.19930	0.56727	0.08713	0.01524	0.00671	0.00205	0.00300	0.03132	0.00519	0.00454
13	0.01014	0.00954	0.01610	0.79845	0.03697	0.01193	0.01491	0.01371	0.01073	0.01371	0.00954	0.01431	0.00716	0.00537	0.00537	0.00179	0.00716	0.00477	0.00239	0.00596
14	0.01976	0.02503	0.01550	0.01466	0.04951	0.75621	0.01064	0.02122	0.01508	0.01333	0.00838	0.00984	0.00698	0.00550	0.00486	0.00139	0.00954	0.00351	0.00276	0.00632
15	0.01267	0.01448	0.03167	0.02262	0.02805	0.01357	0.75837	0.01719	0.01267	0.01719	0.01086	0.01448	0.00814	0.00452	0.00633	0.00181	0.00905	0.00633	0.00271	0.00724
16	0.00932	0.00466	0.00699	0.00699	0.00699	0.00466	0.00466	0.00699	0.00699	0.00932	0.00932	0.01632	0.00932	0.01865	0.02098	0.84382	0.00466	0.00466	0.00233	0.00233
17	0.01977	0.01440	0.01559	0.01208	0.01625	0.01579	0.01000	0.69446	0.02414	0.04950	0.01367	0.01503	0.01014	0.00676	0.00543	0.00163	0.00579	0.03667	0.00533	0.02757
18	0.01290	0.01279	0.02059	0.10682	0.50530	0.04338	0.07144	0.01630	0.03446	0.01660	0.01095	0.01414	0.02319	0.00553	0.00657	0.00170	0.08189	0.00500	0.00274	0.00773
19	0.00667	0.00485	0.00632	0.00745	0.00797	0.00450	0.00515	0.00775	0.01060	0.01394	0.03180	0.68649	0.10371	0.01638	0.00684	0.00217	0.00320	0.06482	0.00498	0.00442
20	0.01636	0.00970	0.01171	0.02797	0.01306	0.03553	0.00795	0.16986	0.01548	0.27999	0.07503	0.21704	0.01997	0.00962	0.00668	0.00183	0.06168	0.00795	0.00537	0.00723
21	0.02014	0.01349	0.01473	0.03792	0.01625	0.05333	0.00961	0.45627	0.06381	0.21090	0.01509	0.01472	0.01049	0.00747	0.02886	0.00184	0.00598	0.00499	0.00537	0.00871
22	0.01271	0.00828	0.01034	0.02423	0.01149	0.04283	0.02934	0.05135	0.02777	0.16655	0.01921	0.22234	0.01831	0.06454	0.10547	0.00289	0.06704	0.00796	0.10135	0.00600
23	0.01170	0.01116	0.01893	0.41342	0.36080	0.01239	0.03765	0.01552	0.03658	0.01579	0.01023	0.01406	0.00808	0.00515	0.00538	0.00171	0.00677	0.00487	0.00262	0.00720
24	0.01423	0.10021	0.07734	0.03433	0.05919	0.05899	0.27937	0.03449	0.12822	0.07915	0.01246	0.01420	0.00945	0.00567	0.00642	0.00172	0.06842	0.00524	0.00340	0.00751
25	0.01226	0.04086	0.06008	0.15816	0.10063	0.01342	0.50102	0.01647	0.01217	0.01646	0.01039	0.01400	0.00791	0.00472	0.00592	0.00176	0.00831	0.00570	0.00262	0.00716
26	0.00932	0.00466	0.00699	0.00699	0.00699	0.00466	0.00466	0.00699	0.00699	0.00932	0.00932	0.01632	0.00932	0.01865	0.02098	0.84382	0.00466	0.00466	0.00233	0.00233
27	0.01015	0.00785	0.04694	0.03479	0.01089	0.02159	0.00674	0.04973	0.03621	0.09415	0.10788	0.32303	0.08186	0.08950	0.03729	0.00249	0.00450	0.02413	0.00478	0.00550
28	0.01932	0.03105	0.05408	0.01158	0.01583	0.01415	0.00993	0.52232	0.02153	0.15154	0.03860	0.03036	0.01177	0.00679	0.00538	0.00162	0.00557	0.01691	0.00531	0.02635
29	0.01913	0.00912	0.01150	0.00941	0.01273	0.00862	0.00753	0.13584	0.03970	0.46176	0.02262	0.15617	0.04704	0.00867	0.00565	0.00175	0.00440	0.00728	0.02309	0.00802
30	0.01952	0.01273	0.05084	0.01084	0.01488	0.01250	0.00925	0.42242	0.02018	0.24027	0.04887	0.01612	0.01239	0.00662	0.00527	0.00160	0.00519	0.00518	0.07680	0.00854
31	0.01898	0.01341	0.01509	0.01169	0.01570	0.01439	0.02765	0.55985	0.05051	0.10047	0.01440	0.03629	0.01084	0.03758	0.00622	0.00174	0.00560	0.00529	0.00523	0.04906
32	0.04544	0.13180	0.06883	0.03132	0.04031	0.08814	0.02676	0.18052	0.14096	0.13322	0.01358	0.01368	0.00999	0.00587	0.00492	0.00154	0.00587	0.00453	0.00427	0.04844
33	0.51497	0.00970	0.00941	0.00787	0.01140	0.01024	0.00647	0.01939	0.01148	0.29747	0.01286	0.01266	0.00886	0.00564	0.00409	0.00164	0.00423	0.00390	0.04074	0.00698
34	0.01012	0.00941	0.01556	0.69260	0.06088	0.01134	0.01405	0.01349	0.01078	0.01403	0.01058	0.05445	0.00868	0.00586	0.00537	0.00175	0.00677	0.00523	0.00257	0.04648
35	0.01929	0.01390	0.01511	0.01174	0.01585	0.01511	0.00962	0.60931	0.07587	0.07493	0.01429	0.03544	0.01055	0.00668	0.00535	0.00160	0.00554	0.00516	0.00533	0.04931
36	0.01135	0.05182	0.01540	0.01270	0.01331	0.04640	0.02502	0.01272	0.00900	0.01316	0.00997	0.07504	0.01011	0.01276	0.09896	0.00288	0.54797	0.00553	0.02018	0.00571
37	0.02222	0.00905	0.01205	0.00934	0.01327	0.00793	0.00760	0.02471	0.04374	0.67626	0.02042	0.01885	0.01347	0.04743	0.00645	0.00181	0.00456	0.00544	0.00626	0.04917
38	0.05774	0.01283	0.01381	0.01167	0.01511	0.04391	0.04501	0.17804	0.49445	0.04049	0.01820	0.01727	0.01352	0.00678	0.00535	0.00175	0.00503	0.00555	0.00512	0.00836

[dist]
# distance from previous block
# <min> <max>
1	22

[block]
# block no. 1 follows, 45 sequences, length 6
# corresponding to MSA columns:
# 119-124
name=unknown_B
#
# <colnr> <probs for GDERKNQSTAVLIFYWHMCP>
#	G	D	E	R	K	N	Q	S	T	A	V	L	I	F	Y	W	H	M	C	P
0	0.01022	0.00735	0.00868	0.00768	0.00927	0.00743	0.00569	0.16062	0.01555	0.02150	0.45082	0.03350	0.03528	0.19031	0.01086	0.00246	0.00381	0.00830	0.00520	0.00548
1	0.01506	0.01791	0.01344	0.18883	0.01930	0.45648	0.01013	0.01693	0.01360	0.01354	0.01786	0.01918	0.16179	0.00712	0.00526	0.00156	0.00771	0.00534	0.00313	0.00582
2	0.02722	0.05740	0.02031	0.01782	0.02124	0.01635	0.01272	0.11943	0.05983	0.22449	0.05871	0.21220	0.02998	0.01909	0.05517	0.00447	0.00929	0.01157	0.00922	0.01349
3	0.01042	0.01318	0.18648	0.17034	0.01925	0.01150	0.01232	0.05485	0.01046	0.01490	0.01092	0.01607	0.00952	0.06715	0.20395	0.00379	0.17110	0.00502	0.00270	0.00610
4	0.00760	0.00584	0.00808	0.16622	0.01311	0.00612	0.00646	0.00883	0.00978	0.01284	0.02326	0.39858	0.06122	0.23321	0.01217	0.00292	0.00448	0.01090	0.00398	0.00439
5	0.01531	0.01197	0.01400	0.20834	0.01957	0.06032	0.01015	0.35786	0.01688	0.02199	0.01096	0.01382	0.00854	0.00887	0.00885	0.19131	0.00617	0.00469	0.00378	0.00663

[dist]
# distance from previous block
# <min> <max>
0	2

[block]
# block no. 2 follows, 45 sequences, length 64
# corresponding to MSA columns:
# 127-190
name=unknown_C
#
# <colnr> <probs for GDERKNQSTAVLIFYWHMCP>
#	G	D	E	R	K	N	Q	S	T	A	V	L	I	F	Y	W	H	M	C	P
0	0.01154	0.01233	0.05519	0.17809	0.02569	0.01180	0.41720	0.01538	0.01180	0.03191	0.01289	0.03835	0.02923	0.00730	0.04394	0.00212	0.02828	0.00613	0.05425	0.00661
1	0.01181	0.01093	0.01779	0.48478	0.27228	0.01249	0.01494	0.05539	0.03716	0.01632	0.01031	0.01410	0.00800	0.00530	0.00535	0.00172	0.00674	0.00482	0.00274	0.00703
2	0.02778	0.02706	0.00920	0.00866	0.00978	0.02925	0.00674	0.01017	0.00886	0.01269	0.01395	0.02063	0.01309	0.06317	0.70418	0.00796	0.01348	0.00562	0.00288	0.00486
3	0.00855	0.00624	0.00841	0.00938	0.01063	0.00625	0.00792	0.01150	0.05096	0.01651	0.08150	0.13134	0.04879	0.01434	0.00716	0.00234	0.00450	0.56358	0.00504	0.00507
4	0.03363	0.15554	0.01442	0.03509	0.01377	0.01022	0.00724	0.03203	0.01137	0.01705	0.00919	0.01076	0.00770	0.00422	0.00394	0.00093	0.00445	0.00321	0.00305	0.62216
5	0.11786	0.07884	0.06988	0.01094	0.01496	0.02809	0.04742	0.17708	0.03029	0.25242	0.01593	0.05404	0.01247	0.00706	0.00521	0.00170	0.00543	0.05783	0.00480	0.00777
6	0.00905	0.00678	0.00952	0.05318	0.03168	0.00700	0.00910	0.01225	0.05285	0.01627	0.02661	0.07019	0.02837	0.01370	0.00713	0.00237	0.00502	0.62887	0.00478	0.00527
7	0.01299	0.39557	0.32737	0.01420	0.09628	0.03997	0.01420	0.01664	0.01134	0.01489	0.00862	0.01021	0.00702	0.00484	0.00434	0.00142	0.00680	0.00352	0.00234	0.00745
8	0.00671	0.00474	0.00618	0.00726	0.00753	0.00447	0.00476	0.00752	0.00995	0.01327	0.02792	0.70609	0.03340	0.12145	0.00955	0.00258	0.00339	0.01428	0.00476	0.00421
9	0.84927	0.01038	0.00789	0.00706	0.01038	0.01204	0.00581	0.01578	0.00914	0.02408	0.00747	0.00872	0.00581	0.00498	0.00332	0.00166	0.00415	0.00291	0.00332	0.00581
10	0.01051	0.00628	0.00813	0.00726	0.00906	0.00578	0.00558	0.03168	0.01532	0.13926	0.60650	0.03577	0.05728	0.01013	0.00610	0.00167	0.00294	0.00884	0.02612	0.00579
11	0.00657	0.00470	0.00626	0.00745	0.00779	0.00438	0.00499	0.00755	0.01042	0.01394	0.05190	0.78487	0.03596	0.01664	0.00684	0.00217	0.00310	0.01509	0.00501	0.00438
12	0.01583	0.01374	0.01733	0.03948	0.32679	0.06527	0.01236	0.26050	0.11287	0.02321	0.01273	0.01412	0.00982	0.00578	0.00525	0.00160	0.00600	0.00489	0.04411	0.00833
13	0.01399	0.65687	0.15113	0.01030	0.01543	0.01964	0.01096	0.04334	0.01150	0.01412	0.00802	0.00921	0.00696	0.00474	0.00379	0.00126	0.00610	0.00312	0.00240	0.00714
14	0.00842	0.00607	0.00836	0.00953	0.01075	0.00600	0.00823	0.01076	0.01225	0.01587	0.02989	0.09589	0.07165	0.01486	0.00733	0.00242	0.00473	0.66716	0.00495	0.00489
15	0.01128	0.00972	0.01127	0.00838	0.01256	0.03561	0.02881	0.01350	0.01133	0.03193	0.03687	0.01503	0.02979	0.06234	0.00591	0.00124	0.00436	0.00408	0.00336	0.66264
16	0.35680	0.30798	0.06269	0.03267	0.01375	0.09619	0.00859	0.01625	0.01069	0.01773	0.00910	0.01035	0.02871	0.00516	0.00378	0.00145	0.00559	0.00331	0.00284	0.00634
17	0.00634	0.00544	0.00544	0.00544	0.00725	0.00453	0.00408	0.00770	0.01224	0.01450	0.05438	0.05166	0.77569	0.01359	0.00634	0.00181	0.00272	0.01133	0.00498	0.00453
18	0.01045	0.02382	0.01604	0.58964	0.13674	0.01144	0.01389	0.01383	0.01131	0.01504	0.06880	0.01625	0.01091	0.00573	0.00534	0.00172	0.00651	0.00513	0.03117	0.00623
19	0.01366	0.16510	0.15206	0.04119	0.35353	0.09750	0.07002	0.01701	0.01215	0.01595	0.00938	0.01182	0.00769	0.00488	0.00496	0.00153	0.00709	0.00426	0.00253	0.00771
20	0.01292	0.01238	0.02112	0.12267	0.69102	0.01266	0.01629	0.01615	0.01205	0.01709	0.01003	0.01341	0.00834	0.00485	0.00532	0.00162	0.00647	0.00478	0.00263	0.00821
21	0.02354	0.00952	0.01263	0.00974	0.01386	0.00852	0.00803	0.06372	0.04088	0.71816	0.02078	0.01805	0.01318	0.00665	0.00540	0.00166	0.00463	0.00539	0.00654	0.00911
22	0.01311	0.00903	0.00950	0.01964	0.01077	0.03131	0.00659	0.22466	0.05377	0.02284	0.01693	0.09987	0.01433	0.00755	0.00518	0.00153	0.03301	0.00603	0.40798	0.00636
23	0.04656	0.04457	0.04275	0.09978	0.12052	0.01179	0.11341	0.15790	0.01390	0.06031	0.01463	0.13435	0.01355	0.06366	0.00741	0.00201	0.02515	0.01705	0.00379	0.00692
24	0.01329	0.01275	0.02179	0.03295	0.77787	0.01275	0.01647	0.01647	0.01222	0.01754	0.01010	0.01329	0.00850	0.00478	0.00531	0.00159	0.00638	0.00478	0.00266	0.00850
25	0.00663	0.00473	0.00627	0.00742	0.00773	0.00446	0.00494	0.00754	0.01011	0.01350	0.02856	0.74880	0.03414	0.05799	0.02739	0.00249	0.00350	0.01464	0.00484	0.00431
26	0.01484	0.00808	0.00979	0.00836	0.01040	0.00806	0.00617	0.10334	0.05144	0.26070	0.03022	0.06808	0.01707	0.32508	0.01443	0.00310	0.02547	0.00690	0.02219	0.00628
27	0.01242	0.01317	0.05878	0.13929	0.39566	0.03912	0.09321	0.01583	0.02507	0.01624	0.01081	0.03466	0.00931	0.00594	0.00678	0.00176	0.09004	0.02175	0.00274	0.00743
28	0.01240	0.01324	0.02665	0.15374	0.21461	0.01310	0.45204	0.01644	0.01224	0.01670	0.01045	0.01416	0.00807	0.00473	0.00592	0.00175	0.00808	0.00569	0.00265	0.00734
29	0.01218	0.01642	0.15913	0.02120	0.04608	0.01310	0.59116	0.01686	0.01236	0.01707	0.01117	0.03688	0.00872	0.00499	0.00611	0.00180	0.00862	0.00615	0.00270	0.00731
30	0.02335	0.04706	0.57298	0.01375	0.02029	0.01226	0.01659	0.09391	0.01301	0.01892	0.06174	0.03413	0.01145	0.00623	0.00526	0.00171	0.00703	0.02971	0.00301	0.00762
31	0.01016	0.00854	0.01263	0.01096	0.01297	0.00870	0.13476	0.09032	0.07553	0.02809	0.02465	0.36265	0.09807	0.04520	0.00783	0.00212	0.04602	0.01048	0.00449	0.00581
32	0.01034	0.00961	0.03432	0.02572	0.01251	0.05855	0.04649	0.01218	0.00953	0.01390	0.01178	0.01671	0.01055	0.02046	0.30718	0.04745	0.22464	0.00512	0.11766	0.00531
33	0.08900	0.01032	0.01697	0.61271	0.04606	0.01225	0.08707	0.03535	0.01121	0.01566	0.00958	0.01375	0.00721	0.00527	0.00527	0.00177	0.00701	0.00475	0.00259	0.00621
34	0.05908	0.05410	0.10993	0.06697	0.04731	0.09043	0.01062	0.28529	0.01678	0.04119	0.01740	0.05767	0.10584	0.00731	0.00528	0.00165	0.00597	0.00575	0.00411	0.00734
35	0.01254	0.01220	0.01969	0.02583	0.49126	0.05283	0.09681	0.01560	0.01241	0.01690	0.01400	0.04085	0.01324	0.00697	0.00583	0.00179	0.00650	0.14411	0.00316	0.00747
36	0.00661	0.00471	0.00625	0.00741	0.00775	0.00440	0.00494	0.00757	0.01038	0.01388	0.05431	0.76286	0.03561	0.03636	0.00734	0.00224	0.00315	0.01489	0.00497	0.00436
37	0.00662	0.00472	0.00627	0.00740	0.00777	0.00440	0.00497	0.00759	0.01048	0.01400	0.06245	0.74891	0.04892	0.01653	0.00703	0.01470	0.00310	0.01479	0.00498	0.00436
38	0.01860	0.01344	0.01465	0.01157	0.01533	0.01470	0.00941	0.63389	0.02301	0.05236	0.03778	0.10144	0.01339	0.00773	0.00556	0.00168	0.00546	0.00614	0.00538	0.00848
39	0.01965	0.01278	0.01414	0.01103	0.01490	0.01370	0.00904	0.54290	0.02181	0.15847	0.01516	0.03429	0.01095	0.00672	0.00525	0.00160	0.00527	0.00520	0.08854	0.00860
40	0.00767	0.00575	0.00863	0.00863	0.00959	0.00671	0.00671	0.00959	0.00863	0.01246	0.01438	0.02109	0.01342	0.04026	0.79008	0.00863	0.01438	0.00575	0.00288	0.00479
41	0.01348	0.01291	0.02102	0.08707	0.67865	0.03114	0.01599	0.04349	0.01266	0.01775	0.01012	0.01326	0.00839	0.00490	0.00531	0.00160	0.00649	0.00475	0.00274	0.00829
42	0.01391	0.46980	0.25787	0.01155	0.01690	0.07727	0.01256	0.01699	0.01143	0.03628	0.00858	0.00988	0.00705	0.00500	0.00446	0.00138	0.02608	0.00337	0.00245	0.00720
43	0.00853	0.00609	0.00851	0.00975	0.01093	0.00608	0.00844	0.01092	0.01224	0.01593	0.02849	0.10251	0.03115	0.01494	0.00738	0.00246	0.00484	0.70095	0.00495	0.00491
44	0.00760	0.00549	0.00718	0.00675	0.00802	0.00506	0.00506	0.01013	0.01519	0.02153	0.77503	0.04010	0.05065	0.01097	0.00633	0.00169	0.00253	0.00971	0.00591	0.00506
45	0.07146	0.02981	0.01227	0.05286	0.05276	0.00973	0.00828	0.08393	0.08327	0.31871	0.04150	0.11401	0.03854	0.00798	0.00568	0.00173	0.02308	0.00659	0.03027	0.00756
46	0.01352	0.00739	0.00974	0.00821	0.01077	0.00674	0.02735	0.03398	0.04241	0.27198	0.34733	0.03255	0.14660	0.00952	0.00597	0.00170	0.00356	0.00819	0.00589	0.00661
47	0.00807	0.00599	0.00760	0.00728	0.00863	0.00580	0.00548	0.01163	0.08317	0.02084	0.62682	0.09802	0.04578	0.01120	0.00632	0.00176	0.00281	0.03171	0.00577	0.00532
48	0.01447	0.01101	0.01125	0.00971	0.01246	0.06804	0.00767	0.20016	0.20686	0.07175	0.14859	0.02299	0.03825	0.00781	0.00539	0.00165	0.00453	0.03085	0.11930	0.00724
49	0.03672	0.14147	0.13404	0.05069	0.03523	0.06789	0.18735	0.01559	0.01095	0.01509	0.00936	0.01252	0.00778	0.00801	0.05576	0.00217	0.17610	0.00463	0.02203	0.00665
50	0.00796	0.00569	0.00786	0.00910	0.01003	0.00558	0.00745	0.00993	0.01168	0.01529	0.02880	0.30508	0.03240	0.01548	0.00723	0.00238	0.00434	0.50402	0.00496	0.00475
51	0.03390	0.00685	0.03008	0.00723	0.00903	0.00609	0.00574	0.04894	0.01511	0.03969	0.59801	0.03760	0.12017	0.01056	0.00613	0.00170	0.00298	0.00915	0.00562	0.00542
52	0.01608	0.04612	0.05653	0.06281	0.24788	0.38831	0.01266	0.03138	0.01358	0.01504	0.01005	0.01229	0.02066	0.00676	0.03585	0.00177	0.00832	0.00418	0.00276	0.00697
53	0.01651	0.02229	0.01119	0.00913	0.01219	0.00887	0.00728	0.08049	0.15154	0.33768	0.17417	0.06453	0.06346	0.00848	0.00569	0.00172	0.00405	0.00712	0.00593	0.00767
54	0.04272	0.01378	0.01478	0.01155	0.01547	0.01515	0.00946	0.64916	0.02315	0.04951	0.01399	0.05383	0.01069	0.00693	0.00531	0.00163	0.00553	0.00533	0.04342	0.00860
55	0.04114	0.01103	0.01680	0.33944	0.16641	0.01257	0.04967	0.10924	0.04054	0.03963	0.01151	0.03782	0.00921	0.00609	0.00617	0.00176	0.06044	0.00518	0.02837	0.00699
56	0.03994	0.01440	0.01561	0.03203	0.01675	0.01591	0.01004	0.68622	0.02389	0.05506	0.01325	0.02873	0.00965	0.00659	0.00535	0.00163	0.00580	0.00501	0.00528	0.00887
57	0.00833	0.00595	0.00827	0.00946	0.01057	0.00590	0.00804	0.01060	0.01217	0.01593	0.05366	0.16053	0.03218	0.01497	0.00730	0.00241	0.00462	0.61928	0.00498	0.00487
58	0.01051	0.00992	0.01678	0.70696	0.12552	0.01203	0.01509	0.01404	0.01091	0.01417	0.00961	0.01419	0.00732	0.00530	0.00536	0.00177	0.00706	0.00477	0.00242	0.00627
59	0.01036	0.00534	0.00538	0.00525	0.00660	0.00539	0.00397	0.03762	0.01173	0.02048	0.01736	0.01977	0.01360	0.00626	0.00381	0.00126	0.00262	0.00500	0.81308	0.00514
60	0.00776	0.00539	0.00682	0.00682	0.00715	0.00573	0.00446	0.00843	0.00809	0.01112	0.01603	0.03024	0.01739	0.54303	0.29274	0.00640	0.00840	0.00709	0.00312	0.00379
61	0.01059	0.00820	0.01092	0.03867	0.01248	0.00848	0.06080	0.16104	0.05099	0.01900	0.08966	0.33075	0.02586	0.08384	0.00823	0.00226	0.00457	0.06313	0.00475	0.00579
62	0.01337	0.01302	0.02110	0.06681	0.70233	0.03911	0.01603	0.01677	0.02794	0.01731	0.01025	0.01335	0.00855	0.00489	0.00530	0.00160	0.00648	0.00476	0.00271	0.00831
63	0.50256	0.00926	0.00869	0.02764	0.01112	0.01013	0.00625	0.04050	0.02836	0.07866	0.12751	0.07322	0.01581	0.00696	0.00438	0.00168	0.00399	0.00522	0.00417	0.03387

[dist]
# distance from previous block
# <min> <max>
1	3

[block]
# block no. 3 follows, 45 sequences, length 13
# corresponding to MSA columns:
# 194-206
name=unknown_D
#
# <colnr> <probs for GDERKNQSTAVLIFYWHMCP>
#	G	D	E	R	K	N	Q	S	T	A	V	L	I	F	Y	W	H	M	C	P
0	0.12400	0.01450	0.01433	0.03840	0.01599	0.07717	0.00947	0.50637	0.06885	0.02901	0.01247	0.01288	0.00910	0.00620	0.00501	0.00161	0.00580	0.00456	0.03613	0.00817
1	0.01493	0.01154	0.01439	0.01062	0.01522	0.01061	0.07037	0.22806	0.03412	0.07944	0.01178	0.01266	0.00891	0.00501	0.00471	0.00120	0.00500	0.00415	0.00408	0.45319
2	0.00661	0.00496	0.00607	0.00681	0.00758	0.00449	0.00468	0.00774	0.01105	0.01434	0.08848	0.52055	0.23389	0.04713	0.00749	0.00217	0.00305	0.01352	0.00498	0.00441
3	0.00985	0.00710	0.00805	0.00781	0.00950	0.03304	0.00586	0.01324	0.10685	0.09103	0.22574	0.22543	0.18416	0.01202	0.00625	0.00187	0.00346	0.03775	0.00537	0.00564
4	0.01205	0.01635	0.18233	0.07197	0.08680	0.01300	0.45123	0.01658	0.01205	0.01690	0.01055	0.01381	0.00797	0.00493	0.00622	0.00177	0.03383	0.00553	0.02884	0.00729
5	0.00779	0.00526	0.00613	0.00613	0.00622	0.00535	0.00359	0.00798	0.00789	0.01061	0.01666	0.03374	0.01891	0.73529	0.10256	0.00554	0.00611	0.00760	0.00322	0.00340
6	0.01911	0.01412	0.01509	0.01180	0.01580	0.01566	0.00967	0.64453	0.09936	0.03191	0.01405	0.01400	0.01012	0.00652	0.00529	0.00161	0.00555	0.00497	0.05201	0.00883
7	0.09418	0.19721	0.08850	0.01079	0.04373	0.09065	0.00924	0.10902	0.04535	0.01853	0.03431	0.07338	0.01207	0.00885	0.05865	0.00200	0.00616	0.00503	0.08570	0.00666
8	0.03754	0.01147	0.01297	0.10936	0.01580	0.08195	0.03240	0.19784	0.03577	0.02969	0.01383	0.03056	0.02983	0.13616	0.05059	0.00263	0.09845	0.00557	0.06130	0.00629
9	0.01605	0.01349	0.01882	0.01489	0.06279	0.03092	0.18847	0.31776	0.01752	0.05104	0.01163	0.01299	0.00867	0.00528	0.00525	0.00146	0.00626	0.00478	0.00404	0.20787
10	0.19152	0.18369	0.37315	0.01142	0.01697	0.01340	0.01304	0.01618	0.01100	0.04316	0.03809	0.04646	0.00969	0.00575	0.00451	0.00160	0.00615	0.00427	0.00290	0.00704
11	0.03852	0.55106	0.05071	0.01041	0.01437	0.15204	0.00973	0.01660	0.01137	0.01321	0.00791	0.00954	0.00711	0.00638	0.03346	0.00157	0.05373	0.00322	0.00243	0.00664
12	0.04624	0.02471	0.03536	0.03153	0.07349	0.08249	0.16845	0.13186	0.04753	0.01925	0.03690	0.15519	0.02574	0.00803	0.00573	0.00174	0.00611	0.04311	0.00390	0.05263

[dist]
# distance from previous block
# <min> <max>
0	3

[block]
# block no. 4 follows, 45 sequences, length 45
# corresponding to MSA columns:
# 210-254
name=unknown_E
#
# <colnr> <probs for GDERKNQSTAVLIFYWHMCP>
#	G	D	E	R	K	N	Q	S	T	A	V	L	I	F	Y	W	H	M	C	P
0	0.06911	0.09328	0.03520	0.01288	0.01607	0.58881	0.01017	0.06502	0.03478	0.01534	0.00884	0.01003	0.00723	0.00551	0.00468	0.00141	0.00859	0.00354	0.00297	0.00653
1	0.01435	0.81458	0.02813	0.00918	0.01378	0.02124	0.00918	0.01607	0.01091	0.01263	0.00746	0.00861	0.00689	0.00459	0.00344	0.00115	0.00574	0.00287	0.00230	0.00689
2	0.03193	0.01130	0.01192	0.01009	0.01325	0.07165	0.00797	0.16346	0.17618	0.19480	0.03839	0.09813	0.01600	0.02076	0.00576	0.00173	0.00487	0.02751	0.03102	0.06328
3	0.84927	0.01038	0.00789	0.00706	0.01038	0.01204	0.00581	0.01578	0.00914	0.02408	0.00747	0.00872	0.00581	0.00498	0.00332	0.00166	0.00415	0.00291	0.00332	0.00581
4	0.01458	0.78396	0.02767	0.00931	0.01389	0.02106	0.00922	0.04456	0.01146	0.01344	0.00767	0.00877	0.00697	0.00466	0.00352	0.00117	0.00575	0.00295	0.00241	0.00697
5	0.63723	0.00923	0.00739	0.00669	0.00955	0.01050	0.00543	0.03055	0.00996	0.02334	0.00992	0.01143	0.00773	0.00531	0.00346	0.00156	0.00381	0.00343	0.19778	0.00569
6	0.69535	0.10518	0.01069	0.03183	0.01172	0.01297	0.00657	0.01612	0.00962	0.04951	0.00803	0.00922	0.00625	0.00501	0.00347	0.00160	0.00445	0.00305	0.00329	0.00606
7	0.80087	0.01037	0.00805	0.00716	0.01045	0.01198	0.00589	0.03784	0.00967	0.02426	0.00792	0.00916	0.00614	0.00506	0.00340	0.00165	0.00416	0.00302	0.02707	0.00589
8	0.00994	0.00635	0.00736	0.00673	0.00885	0.00561	0.00521	0.02450	0.02802	0.14166	0.21192	0.04250	0.44213	0.01165	0.00618	0.00177	0.00311	0.02548	0.00548	0.00557
9	0.01241	0.00999	0.01185	0.03354	0.01386	0.00828	0.00712	0.06975	0.01229	0.05392	0.01027	0.01171	0.00824	0.00446	0.00453	0.00097	0.02414	0.00349	0.00346	0.69571
10	0.00832	0.00565	0.00738	0.00685	0.00826	0.00518	0.00517	0.01080	0.01514	0.05583	0.72556	0.03935	0.06436	0.01083	0.00629	0.00169	0.00263	0.00955	0.00592	0.00524
11	0.00794	0.00545	0.00630	0.00622	0.00624	0.00564	0.00364	0.00803	0.00784	0.01055	0.01650	0.03393	0.01891	0.76257	0.04715	0.00519	0.03363	0.00764	0.00321	0.00339
12	0.03282	0.01251	0.01378	0.07792	0.10967	0.09692	0.00984	0.10976	0.26507	0.10228	0.03194	0.04544	0.01374	0.04655	0.00645	0.00187	0.00554	0.00572	0.00452	0.00765
13	0.00946	0.00628	0.00744	0.00705	0.00763	0.00653	0.00460	0.09584	0.00988	0.01326	0.01559	0.06076	0.01693	0.50563	0.07507	0.13783	0.00574	0.00713	0.00340	0.00395
14	0.00863	0.00523	0.00708	0.02777	0.00795	0.00530	0.00483	0.02385	0.00856	0.01148	0.04182	0.14523	0.01760	0.22431	0.04833	0.39322	0.00495	0.00735	0.00320	0.00332
15	0.01893	0.01536	0.01523	0.01191	0.01604	0.09985	0.00968	0.55646	0.05357	0.02908	0.01235	0.01262	0.00905	0.00607	0.00514	0.00149	0.00601	0.00453	0.00482	0.11182
16	0.00694	0.00556	0.00629	0.00648	0.00807	0.00490	0.00506	0.00866	0.01263	0.01577	0.15270	0.07297	0.51712	0.01353	0.00655	0.00192	0.00310	0.14197	0.00511	0.00468
17	0.01483	0.01098	0.01204	0.01001	0.01298	0.01172	0.00781	0.35503	0.13105	0.04075	0.01791	0.12663	0.03150	0.10292	0.00806	0.00208	0.00488	0.00683	0.02218	0.06983
18	0.01532	0.12143	0.13692	0.01098	0.01497	0.01298	0.01033	0.18316	0.06797	0.13644	0.01354	0.01459	0.01019	0.00959	0.08451	0.00229	0.05913	0.00466	0.06226	0.02876
19	0.00817	0.00589	0.00703	0.00683	0.00685	0.00639	0.00426	0.00835	0.00797	0.01084	0.01646	0.07076	0.01895	0.68467	0.02525	0.00474	0.09191	0.00784	0.00324	0.00359
20	0.01077	0.02777	0.78354	0.01530	0.02323	0.01247	0.01983	0.01700	0.01133	0.01700	0.00963	0.01133	0.00680	0.00510	0.00510	0.00170	0.00793	0.00397	0.00227	0.00793
21	0.01557	0.05701	0.10420	0.02242	0.36064	0.18010	0.04079	0.10291	0.01428	0.03721	0.01015	0.01219	0.00807	0.00520	0.00514	0.00155	0.00722	0.00439	0.00303	0.00791
22	0.00695	0.00493	0.00650	0.00753	0.00795	0.00468	0.00520	0.00803	0.01046	0.01396	0.06117	0.60932	0.03396	0.10146	0.00908	0.00251	0.00351	0.09362	0.00483	0.00434
23	0.04111	0.00926	0.01235	0.00952	0.01359	0.00818	0.00785	0.04742	0.01552	0.72630	0.03747	0.01839	0.01384	0.00670	0.00537	0.00166	0.00455	0.00542	0.00652	0.00897
24	0.02950	0.01931	0.39235	0.05516	0.04927	0.01193	0.19405	0.01590	0.01143	0.03293	0.02576	0.05158	0.00966	0.00636	0.00660	0.03403	0.03901	0.00532	0.00272	0.00715
25	0.01077	0.02777	0.78354	0.01530	0.02323	0.01247	0.01983	0.01700	0.01133	0.01700	0.00963	0.01133	0.00680	0.00510	0.00510	0.00170	0.00793	0.00397	0.00227	0.00793
26	0.00653	0.00470	0.00620	0.00740	0.00777	0.00437	0.00495	0.00748	0.01035	0.01373	0.03054	0.77889	0.06385	0.01669	0.00683	0.00217	0.00310	0.01511	0.00498	0.00437
27	0.00801	0.00591	0.00743	0.00693	0.00837	0.00557	0.00523	0.02947	0.03848	0.02136	0.68022	0.03963	0.10116	0.01094	0.00628	0.00170	0.00268	0.00959	0.00581	0.00523
28	0.01234	0.07471	0.23755	0.08060	0.04108	0.05228	0.31497	0.01657	0.01171	0.01594	0.00966	0.01265	0.00744	0.00528	0.00669	0.00176	0.08414	0.00497	0.00250	0.00715
29	0.00860	0.00616	0.00865	0.00982	0.01105	0.00620	0.00855	0.01105	0.01217	0.01589	0.02773	0.05860	0.03003	0.01609	0.04608	0.00278	0.00541	0.70537	0.00484	0.00494
30	0.00777	0.00519	0.00586	0.00590	0.00591	0.00518	0.00330	0.00780	0.00787	0.01050	0.01726	0.05643	0.01996	0.78945	0.02676	0.00512	0.00515	0.00801	0.00330	0.00328
31	0.01036	0.00937	0.06305	0.04551	0.14763	0.00824	0.00911	0.06348	0.02848	0.04762	0.26373	0.04982	0.15650	0.00958	0.00601	0.00177	0.00434	0.06443	0.00467	0.00628
32	0.01289	0.00987	0.01241	0.13540	0.01655	0.01076	0.02497	0.31054	0.01649	0.02195	0.01926	0.31415	0.01965	0.01049	0.00603	0.00189	0.00508	0.04033	0.00468	0.00661
33	0.01091	0.05893	0.75362	0.01506	0.02286	0.01281	0.01941	0.01696	0.01132	0.01683	0.00955	0.01123	0.00680	0.00508	0.00503	0.00168	0.00785	0.00392	0.00227	0.00789
34	0.00738	0.00562	0.00740	0.00804	0.00886	0.00545	0.02230	0.00978	0.07618	0.01508	0.07051	0.61506	0.07442	0.01516	0.00668	0.00210	0.00335	0.03676	0.00502	0.00485
35	0.01630	0.01658	0.01549	0.01406	0.06317	0.30020	0.08182	0.19191	0.02875	0.01953	0.01451	0.05802	0.03333	0.00722	0.00543	0.00163	0.00710	0.06383	0.05426	0.00686
36	0.00666	0.00483	0.00620	0.00715	0.00766	0.00447	0.00482	0.00770	0.01068	0.01416	0.08329	0.64483	0.10497	0.05593	0.00779	0.00226	0.00314	0.01413	0.00496	0.00437
37	0.01329	0.01275	0.02179	0.03295	0.77787	0.01275	0.01647	0.01647	0.01222	0.01754	0.01010	0.01329	0.00850	0.00478	0.00531	0.00159	0.00638	0.00478	0.00266	0.00850
38	0.01011	0.00939	0.01581	0.77338	0.03602	0.01170	0.01458	0.01350	0.01061	0.01358	0.00953	0.01437	0.00722	0.00579	0.00586	0.02846	0.00708	0.00477	0.00238	0.00585
39	0.00666	0.00472	0.00619	0.00732	0.00760	0.00444	0.00482	0.00751	0.01004	0.01338	0.02836	0.73306	0.03396	0.09372	0.00883	0.00247	0.00332	0.01454	0.00482	0.00425
40	0.00653	0.00472	0.00618	0.00735	0.00775	0.00437	0.00493	0.00749	0.01040	0.01375	0.03112	0.76108	0.08128	0.01662	0.00682	0.00216	0.00309	0.01502	0.00498	0.00437
41	0.00784	0.00563	0.00718	0.00691	0.00824	0.00522	0.00519	0.01040	0.03002	0.03355	0.60355	0.09694	0.11474	0.01160	0.00637	0.00176	0.00273	0.03128	0.00573	0.00510
42	0.00868	0.00598	0.00791	0.00855	0.02512	0.00567	0.00647	0.02616	0.01280	0.05514	0.20009	0.26976	0.10734	0.01362	0.00671	0.00207	0.00367	0.22389	0.00523	0.00513
43	0.03110	0.05336	0.65527	0.01435	0.02165	0.01252	0.01790	0.03916	0.01199	0.07887	0.01053	0.01178	0.00737	0.00524	0.00503	0.00167	0.00744	0.00404	0.00273	0.00798
44	0.00674	0.00484	0.00608	0.00698	0.00740	0.00452	0.00459	0.00756	0.01006	0.01322	0.03005	0.59502	0.11154	0.15256	0.01030	0.00266	0.00343	0.01356	0.00469	0.00419

[dist]
# distance from previous block
# <min> <max>
0	1

[block]
# block no. 5 follows, 45 sequences, length 6
# corresponding to MSA columns:
# 256-261
name=unknown_F
#
# <colnr> <probs for GDERKNQSTAVLIFYWHMCP>
#	G	D	E	R	K	N	Q	S	T	A	V	L	I	F	Y	W	H	M	C	P
0	0.00782	0.00538	0.00680	0.00738	0.00810	0.00528	0.00525	0.00908	0.01074	0.03546	0.04918	0.48520	0.11008	0.05515	0.00801	0.00219	0.04225	0.04751	0.09449	0.00464
1	0.01927	0.01343	0.01458	0.01138	0.01535	0.01461	0.00934	0.58476	0.06531	0.10036	0.01609	0.01573	0.04183	0.00680	0.00534	0.00162	0.00540	0.00523	0.04488	0.00871
2	0.00825	0.00747	0.00719	0.00718	0.00877	0.07713	0.00533	0.01043	0.04787	0.01588	0.16878	0.17389	0.39333	0.01270	0.00628	0.00184	0.00354	0.03423	0.00496	0.00495
3	0.21207	0.01317	0.04574	0.01098	0.04480	0.07383	0.00872	0.24272	0.11156	0.02368	0.01741	0.01774	0.10550	0.00839	0.03935	0.00197	0.00566	0.00524	0.00429	0.00719
4	0.01255	0.04335	0.00946	0.00784	0.00975	0.03493	0.00613	0.11460	0.04013	0.07056	0.01680	0.07919	0.01431	0.04727	0.05813	0.00214	0.03723	0.00586	0.38380	0.00598
5	0.05477	0.11029	0.37677	0.01564	0.10467	0.03594	0.06416	0.03385	0.04483	0.01715	0.01181	0.08479	0.01015	0.00618	0.00510	0.00167	0.00679	0.00517	0.00287	0.00740

[dist]
# distance from previous block
# <min> <max>
2	6

[block]
# block no. 6 follows, 45 sequences, length 26
# corresponding to MSA columns:
# 268-293
name=unknown_G
#
# <colnr> <probs for GDERKNQSTAVLIFYWHMCP>
#	G	D	E	R	K	N	Q	S	T	A	V	L	I	F	Y	W	H	M	C	P
0	0.03166	0.11297	0.03900	0.01089	0.05910	0.01028	0.05280	0.05420	0.07263	0.09942	0.20233	0.04469	0.04066	0.04249	0.00623	0.00169	0.00461	0.00636	0.00441	0.10359
1	0.03632	0.24828	0.06637	0.01218	0.06397	0.23428	0.00989	0.01842	0.06906	0.06133	0.05286	0.01442	0.04287	0.00593	0.00463	0.00141	0.00644	0.00436	0.00332	0.04367
2	0.07720	0.01363	0.08701	0.16103	0.04896	0.05777	0.12789	0.15545	0.04765	0.03562	0.08278	0.03385	0.03467	0.00648	0.00546	0.00171	0.00636	0.00567	0.00376	0.00705
3	0.00807	0.00648	0.00723	0.00794	0.00858	0.05121	0.00541	0.02619	0.03894	0.01406	0.02586	0.60705	0.03014	0.10223	0.03167	0.00262	0.00416	0.01290	0.00463	0.00462
4	0.01335	0.08726	0.10571	0.01462	0.14307	0.04249	0.01113	0.14467	0.01344	0.01920	0.02669	0.01431	0.01001	0.00816	0.04927	0.00200	0.13305	0.00465	0.14992	0.00701
5	0.00932	0.00466	0.00699	0.00699	0.00699	0.00466	0.00466	0.00699	0.00699	0.00932	0.00932	0.01632	0.00932	0.01865	0.02098	0.84382	0.00466	0.00466	0.00233	0.00233
6	0.10661	0.01435	0.01482	0.01159	0.01565	0.03997	0.00952	0.60293	0.02239	0.07306	0.01298	0.02909	0.00949	0.00649	0.00517	0.00162	0.00571	0.00484	0.00514	0.00859
7	0.01468	0.54240	0.10564	0.01089	0.01553	0.09616	0.03834	0.01757	0.04536	0.04206	0.00917	0.01031	0.00770	0.00554	0.01750	0.00143	0.00653	0.00346	0.00267	0.00706
8	0.01107	0.02449	0.61572	0.01585	0.02255	0.01307	0.08941	0.01651	0.01107	0.01651	0.00943	0.01169	0.00696	0.00558	0.00678	0.00179	0.10731	0.00428	0.00232	0.00761
9	0.00676	0.00482	0.00619	0.00712	0.00750	0.00452	0.00470	0.00766	0.01024	0.01364	0.06491	0.62642	0.06629	0.13076	0.00975	0.00258	0.00337	0.01375	0.00478	0.00424
10	0.00768	0.00569	0.00832	0.00832	0.00917	0.00654	0.00632	0.00939	0.00854	0.01223	0.01466	0.02265	0.01410	0.12621	0.70506	0.00825	0.01336	0.00598	0.00292	0.00462
11	0.01307	0.20457	0.03194	0.03775	0.01493	0.03010	0.05103	0.09295	0.01297	0.03933	0.08928	0.03478	0.01295	0.00617	0.00589	0.00139	0.08193	0.00473	0.00346	0.23079
12	0.76438	0.06955	0.03154	0.00745	0.01100	0.01273	0.00646	0.01584	0.00933	0.02305	0.00754	0.00879	0.00592	0.00496	0.00338	0.00162	0.00438	0.00293	0.00322	0.00595
13	0.01077	0.02777	0.78354	0.01530	0.02323	0.01247	0.01983	0.01700	0.01133	0.01700	0.00963	0.01133	0.00680	0.00510	0.00510	0.00170	0.00793	0.00397	0.00227	0.00793
14	0.00923	0.00642	0.00779	0.00715	0.00768	0.00666	0.02396	0.05383	0.00936	0.03013	0.03523	0.03197	0.01869	0.66830	0.02400	0.00461	0.04008	0.00745	0.00347	0.00400
15	0.05747	0.37094	0.14146	0.01288	0.07147	0.15828	0.02678	0.03659	0.01215	0.01505	0.00954	0.01106	0.02360	0.00605	0.02485	0.00157	0.00700	0.00367	0.00262	0.00695
16	0.01403	0.48528	0.12719	0.01182	0.03233	0.11146	0.03697	0.01642	0.01132	0.01356	0.00831	0.01014	0.00725	0.00662	0.03920	0.00168	0.05371	0.00348	0.00240	0.00685
17	0.00681	0.00477	0.00631	0.00742	0.00773	0.00451	0.00497	0.00763	0.01006	0.01339	0.02790	0.69252	0.03324	0.08245	0.00898	0.02695	0.00340	0.04197	0.00476	0.00423
18	0.07020	0.01194	0.01657	0.14228	0.04865	0.01309	0.13101	0.23806	0.10792	0.02239	0.01512	0.04965	0.04400	0.00674	0.00584	0.00175	0.03100	0.00581	0.03063	0.00734
19	0.01402	0.06938	0.01443	0.01301	0.11747	0.02851	0.03692	0.22053	0.03504	0.07999	0.03602	0.04337	0.20568	0.00865	0.00567	0.00170	0.00504	0.05283	0.00459	0.00714
20	0.00987	0.00632	0.00620	0.00602	0.00759	0.02597	0.00453	0.03859	0.05333	0.01899	0.02576	0.06281	0.17674	0.00835	0.00463	0.00146	0.00298	0.00684	0.52779	0.00524
21	0.27016	0.06676	0.04081	0.01198	0.03885	0.33052	0.00947	0.11079	0.01387	0.01927	0.00863	0.00997	0.00691	0.00553	0.00486	0.00154	0.03675	0.00353	0.00319	0.00662
22	0.00837	0.00603	0.00759	0.00822	0.00907	0.00598	0.00585	0.09996	0.01224	0.01631	0.02747	0.66511	0.03199	0.01542	0.00670	0.00213	0.00357	0.05799	0.00503	0.00498
23	0.02480	0.00910	0.02684	0.00971	0.01120	0.07887	0.03604	0.05436	0.01084	0.01459	0.01771	0.15809	0.05494	0.06078	0.31736	0.02168	0.05972	0.00737	0.02079	0.00521
24	0.01858	0.04928	0.01567	0.01220	0.04007	0.04486	0.00971	0.56999	0.05014	0.02964	0.01295	0.01332	0.00950	0.00621	0.00511	0.00154	0.00569	0.00470	0.06596	0.03487
25	0.13224	0.03734	0.26864	0.01509	0.11294	0.16419	0.03715	0.01693	0.02779	0.01733	0.03632	0.01648	0.04009	0.00623	0.00506	0.00166	0.00690	0.04767	0.00302	0.00693

[dist]
# distance from previous block
# <min> <max>
5	9

[block]
# block no. 7 follows, 45 sequences, length 7
# corresponding to MSA columns:
# 304,305,317-321
name=unknown_H
#
# <colnr> <probs for GDERKNQSTAVLIFYWHMCP>
#	G	D	E	R	K	N	Q	S	T	A	V	L	I	F	Y	W	H	M	C	P
0	0.00774	0.00603	0.00723	0.00714	0.00868	0.00538	0.00512	0.00983	0.04609	0.01587	0.14168	0.35498	0.17367	0.04754	0.00706	0.00194	0.00323	0.01106	0.00479	0.13494
1	0.01216	0.03396	0.19029	0.10746	0.29948	0.04795	0.06653	0.03592	0.01241	0.01704	0.04966	0.01662	0.04230	0.00596	0.00569	0.00168	0.02413	0.02042	0.00291	0.00742
2	0.28404	0.24501	0.11540	0.01036	0.01465	0.13693	0.00976	0.09717	0.01261	0.01924	0.00846	0.00962	0.00678	0.00513	0.00404	0.00147	0.00615	0.00333	0.00303	0.00681
3	0.07702	0.05176	0.01265	0.10733	0.01458	0.04844	0.09267	0.01238	0.00991	0.01468	0.01109	0.01581	0.00963	0.04397	0.04457	0.22204	0.02680	0.00475	0.14328	0.03664
4	0.05294	0.01649	0.09851	0.04290	0.23832	0.19037	0.06611	0.06772	0.05265	0.01831	0.04580	0.01412	0.01046	0.00561	0.00513	0.00158	0.00686	0.00473	0.05409	0.00730
5	0.08026	0.03522	0.01260	0.00994	0.01315	0.03641	0.00796	0.34410	0.03411	0.09636	0.01678	0.07792	0.04998	0.06353	0.04526	0.00220	0.00557	0.00597	0.02140	0.04129
6	0.14406	0.24008	0.05756	0.07390	0.01599	0.07659	0.04669	0.08289	0.01238	0.03225	0.03353	0.01251	0.00917	0.00673	0.02960	0.00174	0.05324	0.00409	0.06041	0.00660

[dist]
# distance from previous block
# <min> <max>
1	4

[block]
# block no. 8 follows, 45 sequences, length 12
# corresponding to MSA columns:
# 326-337
name=unknown_I
#
# <colnr> <probs for GDERKNQSTAVLIFYWHMCP>
#	G	D	E	R	K	N	Q	S	T	A	V	L	I	F	Y	W	H	M	C	P
0	0.01613	0.01222	0.01289	0.01133	0.04023	0.08149	0.00865	0.17639	0.23519	0.14102	0.03060	0.01888	0.03209	0.02772	0.04522	0.00206	0.00567	0.02284	0.00491	0.07448
1	0.04699	0.00957	0.07995	0.05210	0.10965	0.00824	0.04763	0.01293	0.04434	0.03173	0.15596	0.10808	0.08421	0.03265	0.00724	0.03510	0.00484	0.11873	0.00419	0.00588
2	0.01197	0.01252	0.05822	0.21108	0.02493	0.01238	0.29481	0.09802	0.04043	0.01779	0.01561	0.05012	0.07839	0.00661	0.00642	0.00182	0.04242	0.00640	0.00329	0.00679
3	0.04519	0.01062	0.01281	0.04261	0.01425	0.01127	0.03890	0.24024	0.08335	0.07963	0.03523	0.07119	0.01380	0.09195	0.00828	0.00201	0.05180	0.00594	0.04047	0.10047
4	0.13873	0.11456	0.10232	0.01262	0.07381	0.18394	0.01029	0.10764	0.07944	0.03565	0.01452	0.01512	0.07727	0.00624	0.00478	0.00156	0.00626	0.00461	0.00356	0.00707
5	0.03582	0.01544	0.01848	0.03891	0.11522	0.19155	0.13579	0.11004	0.01367	0.03576	0.01184	0.01418	0.04554	0.00666	0.00815	0.00177	0.18604	0.00501	0.00318	0.00694
6	0.01312	0.01289	0.02096	0.05454	0.02078	0.04220	0.32180	0.11379	0.07281	0.01874	0.01293	0.08299	0.01107	0.00660	0.00703	0.00176	0.08958	0.00624	0.00347	0.08669
7	0.01103	0.00923	0.01160	0.02918	0.05048	0.00794	0.02695	0.07961	0.01254	0.01828	0.04257	0.14242	0.04557	0.00700	0.00491	0.00126	0.00424	0.00604	0.00378	0.48538
8	0.01655	0.22328	0.12158	0.01313	0.05039	0.22440	0.01141	0.17573	0.08095	0.01890	0.01049	0.01136	0.00825	0.00555	0.00471	0.00146	0.00703	0.00395	0.00336	0.00753
9	0.01392	0.01217	0.04348	0.15475	0.02010	0.01369	0.08690	0.13029	0.01271	0.09151	0.01054	0.01347	0.00829	0.00777	0.02864	0.00206	0.29128	0.00489	0.00333	0.05020
10	0.01368	0.12213	0.48857	0.01408	0.02033	0.17301	0.01603	0.06217	0.01291	0.01668	0.00929	0.01076	0.00697	0.00521	0.00486	0.00156	0.00790	0.00378	0.00256	0.00753
11	0.00831	0.00633	0.00737	0.00680	0.00853	0.00592	0.00518	0.07676	0.01506	0.02017	0.45393	0.04170	0.30096	0.01148	0.00625	0.00172	0.00290	0.00984	0.00554	0.00524

[dist]
# distance from previous block
# <min> <max>
1	6

[block]
# block no. 9 follows, 45 sequences, length 19
# corresponding to MSA columns:
# 344-362
name=unknown_J
#
# <colnr> <probs for GDERKNQSTAVLIFYWHMCP>
#	G	D	E	R	K	N	Q	S	T	A	V	L	I	F	Y	W	H	M	C	P
0	0.01250	0.01566	0.09871	0.02197	0.02762	0.01348	0.69252	0.01718	0.01255	0.01718	0.01075	0.01420	0.00802	0.00458	0.00622	0.00180	0.00895	0.00612	0.00267	0.00730
1	0.00754	0.00551	0.00710	0.00677	0.00808	0.00507	0.00512	0.00998	0.01487	0.02080	0.69346	0.04172	0.10444	0.01131	0.00637	0.00173	0.00263	0.03669	0.00580	0.00502
2	0.00768	0.00570	0.00838	0.00838	0.00925	0.00658	0.00640	0.00943	0.00855	0.01228	0.01460	0.02234	0.01396	0.10901	0.72207	0.00832	0.01356	0.00593	0.00291	0.00466
3	0.00653	0.00472	0.00618	0.00734	0.00775	0.00437	0.00492	0.00749	0.01040	0.01375	0.03120	0.75852	0.08379	0.01661	0.00682	0.00216	0.00309	0.01500	0.00498	0.00437
4	0.01306	0.01123	0.01189	0.01071	0.01366	0.01293	0.00832	0.02760	0.73027	0.02241	0.05976	0.02104	0.01811	0.00747	0.00551	0.00181	0.00416	0.00625	0.00548	0.00832
5	0.01456	0.01122	0.01212	0.01064	0.01377	0.01264	0.00835	0.07276	0.61479	0.09391	0.04077	0.01994	0.01648	0.00724	0.00543	0.00178	0.00430	0.00600	0.02489	0.00843
6	0.00932	0.00466	0.00699	0.00699	0.00699	0.00466	0.00466	0.00699	0.00699	0.00932	0.00932	0.01632	0.00932	0.01865	0.02098	0.84382	0.00466	0.00466	0.00233	0.00233
7	0.00688	0.00513	0.00659	0.00742	0.00785	0.00502	0.00505	0.00779	0.01017	0.01346	0.03007	0.62062	0.11231	0.08642	0.00912	0.00242	0.04093	0.01368	0.00471	0.00435
8	0.02196	0.00983	0.01260	0.00983	0.01377	0.00920	0.00806	0.11870	0.06593	0.59281	0.06376	0.01896	0.01512	0.00691	0.00545	0.00167	0.00460	0.00562	0.00636	0.00886
9	0.01343	0.15529	0.48842	0.01398	0.02021	0.18812	0.01598	0.01784	0.01213	0.01542	0.00898	0.01052	0.00684	0.00511	0.00477	0.00154	0.00797	0.00367	0.00238	0.00738
10	0.00992	0.00601	0.00792	0.00729	0.00895	0.00548	0.00561	0.01230	0.01482	0.12906	0.58627	0.06741	0.06175	0.01083	0.00627	0.00174	0.00296	0.04389	0.00591	0.00560
11	0.02005	0.02558	0.01521	0.01383	0.01659	0.78980	0.01037	0.02143	0.01521	0.01314	0.00830	0.00968	0.00691	0.00553	0.00484	0.00138	0.00968	0.00346	0.00277	0.00622
