[name]
unknown

[dist]
# distance from previous block
# <min> <max>
10	63

[block]
# block no. 0 follows, 40 sequences, length 8
# corresponding to MSA columns:
# 95-102
name=unknown_A
#
# <colnr> <probs for GDERKNQSTAVLIFYWHMCP>
#	G	D	E	R	K	N	Q	S	T	A	V	L	I	F	Y	W	H	M	C	P
0	0.01019	0.00758	0.00914	0.00879	0.01052	0.00719	0.00641	0.09909	0.01306	0.01789	0.02385	0.38066	0.02669	0.13516	0.01019	0.00257	0.00443	0.07424	0.00482	0.14752
1	0.01671	0.01428	0.01524	0.01448	0.10809	0.09853	0.01008	0.29001	0.04631	0.02430	0.01418	0.05677	0.01229	0.08456	0.00821	0.00202	0.02410	0.00575	0.02118	0.13292
2	0.00880	0.00685	0.00793	0.00747	0.00931	0.00632	0.00547	0.04770	0.01264	0.01670	0.08250	0.14712	0.29097	0.12707	0.09599	0.00322	0.00514	0.01012	0.00473	0.10397
3	0.01137	0.00797	0.00890	0.00815	0.00925	0.00833	0.00546	0.17375	0.01306	0.01746	0.01905	0.12693	0.02077	0.52010	0.02145	0.00435	0.00553	0.00874	0.00428	0.00511
4	0.02016	0.01399	0.01549	0.01217	0.01635	0.01490	0.00989	0.53785	0.02343	0.10693	0.01667	0.10198	0.01348	0.00809	0.00590	0.00176	0.00577	0.00645	0.00576	0.06295
5	0.01425	0.01043	0.01195	0.00943	0.01330	0.00954	0.00735	0.12678	0.08683	0.08971	0.01732	0.06126	0.04203	0.09556	0.00795	0.00185	0.00476	0.00587	0.00459	0.37925
6	0.01366	0.01264	0.01588	0.09866	0.24122	0.07834	0.01174	0.09777	0.06890	0.01968	0.01975	0.10799	0.09719	0.00821	0.00592	0.00177	0.00599	0.00710	0.00404	0.08357
7	0.01315	0.01131	0.01679	0.29121	0.16466	0.01227	0.03013	0.14400	0.01520	0.02066	0.07949	0.08885	0.01552	0.00746	0.00597	0.00182	0.00631	0.00663	0.00388	0.06470

[dist]
# distance from previous block
# <min> <max>
1	9

[block]
# block no. 1 follows, 40 sequences, length 12
# corresponding to MSA columns:
# 112-123
name=unknown_B
#
# <colnr> <probs for GDERKNQSTAVLIFYWHMCP>
#	G	D	E	R	K	N	Q	S	T	A	V	L	I	F	Y	W	H	M	C	P
0	0.03589	0.01052	0.01362	0.14550	0.09071	0.01080	0.00983	0.14729	0.03956	0.02105	0.06791	0.11419	0.01701	0.07243	0.00766	0.00200	0.00544	0.00687	0.00422	0.17749
1	0.01268	0.05367	0.01369	0.20953	0.04024	0.01004	0.00959	0.01632	0.06576	0.09877	0.07105	0.06057	0.07449	0.02914	0.00622	0.00174	0.00521	0.00645	0.02062	0.19420
2	0.01245	0.05534	0.01769	0.39228	0.12893	0.03090	0.01391	0.01585	0.03648	0.04278	0.01300	0.09247	0.01156	0.00758	0.00748	0.00197	0.10300	0.00622	0.00318	0.00693
3	0.01404	0.00947	0.01286	0.05147	0.01455	0.00950	0.05529	0.07706	0.01375	0.16915	0.02458	0.11692	0.13956	0.09598	0.01010	0.00232	0.08604	0.00815	0.00480	0.08441
4	0.01142	0.00760	0.00949	0.06258	0.01193	0.00762	0.00664	0.09697	0.01454	0.08623	0.22016	0.16120	0.07899	0.18479	0.01169	0.00276	0.00448	0.00977	0.00527	0.00587
5	0.01169	0.01176	0.05819	0.34539	0.09963	0.02780	0.04968	0.05282	0.01249	0.01650	0.01551	0.03684	0.06321	0.11329	0.00946	0.00238	0.02826	0.00630	0.00322	0.03557
6	0.00963	0.06424	0.05191	0.00849	0.01012	0.00787	0.00653	0.06135	0.01210	0.01625	0.07329	0.32676	0.04988	0.23127	0.01295	0.00302	0.00469	0.01085	0.00453	0.03429
7	0.01594	0.01279	0.01457	0.01096	0.01552	0.01247	0.00894	0.29063	0.01762	0.02529	0.01150	0.01284	0.00902	0.00579	0.00606	0.00133	0.06726	0.00426	0.00428	0.45295
8	0.01371	0.00989	0.01254	0.01303	0.11305	0.01022	0.00871	0.11167	0.12430	0.10273	0.15956	0.08179	0.09514	0.08239	0.00885	0.00225	0.02931	0.00824	0.00531	0.00734
9	0.02021	0.06931	0.01679	0.01420	0.09691	0.06653	0.01045	0.21781	0.01783	0.26236	0.01557	0.01594	0.01120	0.00967	0.07018	0.00232	0.02544	0.00517	0.00509	0.04703
10	0.07553	0.03240	0.01516	0.10520	0.07171	0.01312	0.01022	0.28403	0.01772	0.13042	0.01395	0.01624	0.01060	0.04936	0.00796	0.06097	0.00592	0.00519	0.02748	0.04684
11	0.01566	0.16901	0.05126	0.06383	0.34166	0.05571	0.01428	0.09967	0.01474	0.04641	0.01241	0.01696	0.01062	0.00628	0.00550	0.00171	0.00684	0.05562	0.00344	0.00839

[dist]
# distance from previous block
# <min> <max>
8	29

[block]
# block no. 2 follows, 40 sequences, length 6
# corresponding to MSA columns:
# 154-159
name=unknown_C
#
# <colnr> <probs for GDERKNQSTAVLIFYWHMCP>
#	G	D	E	R	K	N	Q	S	T	A	V	L	I	F	Y	W	H	M	C	P
0	0.01661	0.04371	0.05302	0.01147	0.01505	0.11685	0.00953	0.08139	0.26402	0.14536	0.02406	0.04940	0.10059	0.00864	0.00594	0.00186	0.00568	0.03335	0.00531	0.00815
1	0.20896	0.01550	0.01497	0.07135	0.07471	0.13233	0.01046	0.28936	0.01825	0.04959	0.01398	0.01493	0.04813	0.00665	0.00527	0.00175	0.00651	0.00490	0.00442	0.00799
2	0.01276	0.01049	0.00956	0.00907	0.01129	0.13513	0.00678	0.01551	0.07633	0.12089	0.03615	0.21372	0.29471	0.01244	0.00650	0.00196	0.00474	0.01046	0.00529	0.00624
3	0.01116	0.00649	0.00827	0.00773	0.00947	0.00585	0.00572	0.01311	0.01446	0.15646	0.33675	0.16799	0.14024	0.07915	0.00870	0.00226	0.00353	0.01075	0.00599	0.00592
4	0.01221	0.01013	0.01183	0.00876	0.01336	0.00814	0.00698	0.06392	0.01373	0.02078	0.11524	0.01659	0.01519	0.00555	0.00477	0.00106	0.00423	0.00456	0.00402	0.65896
5	0.00879	0.00632	0.00829	0.00791	0.00947	0.00592	0.02735	0.01064	0.01302	0.05624	0.21720	0.14910	0.25258	0.07269	0.12448	0.00335	0.00537	0.01076	0.00519	0.00532

[dist]
# distance from previous block
# <min> <max>
4	10

[block]
# block no. 3 follows, 40 sequences, length 15
# corresponding to MSA columns:
# 170-184
name=unknown_D
#
# <colnr> <probs for GDERKNQSTAVLIFYWHMCP>
#	G	D	E	R	K	N	Q	S	T	A	V	L	I	F	Y	W	H	M	C	P
0	0.01289	0.01108	0.01266	0.06289	0.01585	0.01097	0.00840	0.02156	0.33654	0.02071	0.01655	0.01765	0.01312	0.03986	0.00620	0.00163	0.00473	0.00516	0.00448	0.37705
1	0.00740	0.00529	0.00670	0.00770	0.00813	0.00498	0.00512	0.00832	0.01087	0.01434	0.03142	0.57245	0.08755	0.16227	0.01152	0.00295	0.00383	0.03957	0.00505	0.00454
2	0.02132	0.01582	0.01703	0.01301	0.01770	0.01723	0.01073	0.68346	0.02615	0.03527	0.01368	0.01381	0.00979	0.00677	0.00570	0.00168	0.00624	0.00510	0.00563	0.07387
3	0.01506	0.04383	0.02424	0.03169	0.58995	0.08618	0.08814	0.01842	0.01354	0.01832	0.01073	0.01397	0.00895	0.00522	0.00574	0.00171	0.00751	0.00514	0.00288	0.00878
4	0.01533	0.75695	0.07079	0.01031	0.01549	0.02249	0.01058	0.01747	0.01184	0.01394	0.00821	0.00949	0.00746	0.00501	0.00383	0.00128	0.00635	0.00317	0.00249	0.00752
5	0.01901	0.05603	0.19891	0.01174	0.01681	0.01079	0.01164	0.02374	0.08424	0.38786	0.05242	0.02050	0.01521	0.00728	0.00575	0.00182	0.00574	0.03380	0.02782	0.00888
6	0.02609	0.00990	0.01350	0.01035	0.01484	0.00855	0.00855	0.02834	0.01664	0.76338	0.02294	0.01979	0.01439	0.00720	0.00585	0.00180	0.00495	0.00585	0.00720	0.00990
7	0.00937	0.00669	0.00937	0.01071	0.01205	0.00669	0.00937	0.01205	0.01339	0.01740	0.03079	0.06560	0.03347	0.01606	0.00803	0.00268	0.00535	0.72021	0.00535	0.00535
8	0.79858	0.01148	0.00896	0.00792	0.01156	0.01328	0.00652	0.05093	0.01071	0.02659	0.00837	0.00966	0.00647	0.00547	0.00370	0.00180	0.00459	0.00325	0.00370	0.00647
9	0.00717	0.00519	0.00680	0.00805	0.00856	0.00483	0.00551	0.00829	0.01139	0.01502	0.03395	0.70554	0.09052	0.01787	0.00741	0.00235	0.00343	0.04795	0.00540	0.00477
10	0.00813	0.00594	0.00764	0.00721	0.00863	0.00544	0.00541	0.01078	0.01623	0.02277	0.70554	0.04435	0.10596	0.01210	0.00686	0.00184	0.00276	0.01064	0.00633	0.00544
11	0.00736	0.00526	0.00704	0.00825	0.00875	0.00494	0.00573	0.00864	0.01173	0.01570	0.08760	0.67559	0.03932	0.01756	0.00743	0.00235	0.00349	0.07298	0.00547	0.00483
12	0.05204	0.01826	0.01760	0.01391	0.01826	0.16182	0.03962	0.54762	0.02408	0.03126	0.01271	0.01320	0.00926	0.00665	0.00567	0.00171	0.00724	0.00494	0.00508	0.00907
13	0.02609	0.00990	0.01350	0.01035	0.01484	0.00855	0.00855	0.02834	0.01664	0.76338	0.02294	0.01979	0.01439	0.00720	0.00585	0.00180	0.00495	0.00585	0.00720	0.00990
14	0.02609	0.00990	0.01350	0.01035	0.01484	0.00855	0.00855	0.02834	0.01664	0.76338	0.02294	0.01979	0.01439	0.00720	0.00585	0.00180	0.00495	0.00585	0.00720	0.00990

[dist]
# distance from previous block
# <min> <max>
0	1

[block]
# block no. 4 follows, 40 sequences, length 18
# corresponding to MSA columns:
# 186-203
name=unknown_E
#
# <colnr> <probs for GDERKNQSTAVLIFYWHMCP>
#	G	D	E	R	K	N	Q	S	T	A	V	L	I	F	Y	W	H	M	C	P
0	0.01763	0.01539	0.01433	0.01227	0.01573	0.14847	0.00964	0.20782	0.32994	0.06018	0.08997	0.01977	0.01739	0.00768	0.00586	0.00181	0.00594	0.00608	0.00548	0.00861
1	0.42838	0.00923	0.00875	0.00791	0.01071	0.00998	0.00627	0.01615	0.05512	0.07100	0.24882	0.04384	0.04686	0.00834	0.00511	0.00184	0.00390	0.00649	0.00495	0.00635
2	0.08057	0.01165	0.01686	0.44962	0.10540	0.01353	0.01399	0.11171	0.06049	0.06277	0.01226	0.01534	0.00908	0.00608	0.00564	0.00187	0.00687	0.00514	0.00359	0.00755
3	0.83671	0.01125	0.00855	0.00765	0.01125	0.01305	0.00630	0.01709	0.00990	0.02609	0.00810	0.00945	0.00630	0.00540	0.00360	0.00180	0.00450	0.00315	0.00360	0.00630
4	0.01010	0.00505	0.00758	0.00758	0.00758	0.00505	0.00505	0.00758	0.00758	0.01010	0.01010	0.01768	0.01010	0.02020	0.02273	0.83081	0.00505	0.00505	0.00253	0.00253
5	0.01446	0.01249	0.01315	0.01183	0.01512	0.01446	0.00920	0.03090	0.74885	0.02433	0.02367	0.02170	0.01775	0.00789	0.00592	0.00197	0.00460	0.00657	0.00592	0.00920
6	0.01485	0.01268	0.01336	0.01191	0.01527	0.01464	0.00930	0.06629	0.71284	0.02494	0.02318	0.02131	0.01736	0.00784	0.00591	0.00196	0.00469	0.00651	0.00591	0.00924
7	0.83671	0.01125	0.00855	0.00765	0.01125	0.01305	0.00630	0.01709	0.00990	0.02609	0.00810	0.00945	0.00630	0.00540	0.00360	0.00180	0.00450	0.00315	0.00360	0.00630
8	0.02211	0.01629	0.01745	0.01338	0.01803	0.01803	0.01105	0.73997	0.02734	0.03665	0.01396	0.01396	0.00989	0.00698	0.00582	0.00175	0.00640	0.00524	0.00582	0.00989
9	0.83671	0.01125	0.00855	0.00765	0.01125	0.01305	0.00630	0.01709	0.00990	0.02609	0.00810	0.00945	0.00630	0.00540	0.00360	0.00180	0.00450	0.00315	0.00360	0.00630
10	0.00903	0.00645	0.00898	0.01032	0.01151	0.00640	0.00878	0.01146	0.01305	0.01702	0.03098	0.17349	0.03421	0.01638	0.00794	0.00263	0.00506	0.61567	0.00536	0.00526
11	0.01166	0.03008	0.76550	0.01657	0.02517	0.01351	0.02149	0.01842	0.01228	0.01842	0.01044	0.01228	0.00737	0.00552	0.00552	0.00184	0.00859	0.00430	0.00246	0.00859
12	0.83671	0.01125	0.00855	0.00765	0.01125	0.01305	0.00630	0.01709	0.00990	0.02609	0.00810	0.00945	0.00630	0.00540	0.00360	0.00180	0.00450	0.00315	0.00360	0.00630
13	0.01206	0.01034	0.01206	0.00861	0.01378	0.00775	0.00689	0.01464	0.01206	0.01895	0.01034	0.01206	0.00861	0.00431	0.00431	0.00086	0.00431	0.00345	0.00345	0.83118
14	0.01677	0.01234	0.01430	0.04660	0.01657	0.01160	0.00891	0.26491	0.01771	0.09436	0.01276	0.01360	0.00955	0.00557	0.00504	0.00130	0.00525	0.00436	0.00457	0.43395
15	0.01143	0.00830	0.03315	0.01010	0.04597	0.00764	0.00761	0.01568	0.10184	0.10988	0.36482	0.08347	0.07043	0.01293	0.05076	0.00236	0.00453	0.04669	0.00580	0.00662
16	0.01542	0.01099	0.01293	0.00945	0.01446	0.00911	0.00765	0.10408	0.01460	0.13499	0.01270	0.01347	0.00965	0.00507	0.00472	0.00111	0.00466	0.00403	0.00431	0.60661
17	0.04853	0.01152	0.05667	0.01238	0.06218	0.00982	0.00995	0.07837	0.01657	0.53256	0.04146	0.02157	0.01532	0.00755	0.00590	0.00184	0.00533	0.04689	0.00631	0.00928

[dist]
# distance from previous block
# <min> <max>
1	9

[block]
# block no. 5 follows, 40 sequences, length 75
# corresponding to MSA columns:
# 214-288
name=unknown_F
#
# <colnr> <probs for GDERKNQSTAVLIFYWHMCP>
#	G	D	E	R	K	N	Q	S	T	A	V	L	I	F	Y	W	H	M	C	P
0	0.08448	0.13537	0.31717	0.02844	0.02011	0.01395	0.05934	0.03886	0.01291	0.10856	0.01149	0.01282	0.00845	0.00564	0.00548	0.00166	0.02879	0.00434	0.00337	0.09878
1	0.01635	0.04515	0.16487	0.03440	0.12898	0.18393	0.12114	0.02151	0.09728	0.08409	0.01291	0.01438	0.00973	0.00585	0.00567	0.00173	0.00794	0.00503	0.00356	0.03551
2	0.00987	0.00851	0.07120	0.00806	0.01056	0.00654	0.00688	0.01295	0.03887	0.08614	0.38533	0.04198	0.26745	0.01171	0.00663	0.00187	0.00355	0.01001	0.00581	0.00608
3	0.02075	0.01835	0.07957	0.01367	0.01834	0.09880	0.01178	0.58082	0.02444	0.03207	0.01366	0.03614	0.01025	0.00708	0.00578	0.00174	0.00694	0.00533	0.00522	0.00929
4	0.01421	0.01416	0.08071	0.01425	0.07822	0.01433	0.01102	0.02870	0.62207	0.02336	0.02143	0.02025	0.01612	0.00745	0.00587	0.00194	0.00515	0.00626	0.00536	0.00915
5	0.00939	0.00650	0.00762	0.00768	0.00826	0.00658	0.00506	0.06985	0.01103	0.01468	0.02190	0.19437	0.02488	0.49983	0.02111	0.00437	0.00521	0.07295	0.00427	0.00447
6	0.01225	0.01063	0.01302	0.01088	0.07611	0.00826	0.00781	0.01491	0.01216	0.01895	0.01039	0.01225	0.00866	0.00438	0.00443	0.00093	0.00452	0.00359	0.00340	0.76247
7	0.08318	0.00567	0.00752	0.00744	0.00776	0.00583	0.00498	0.00852	0.00788	0.01165	0.01088	0.01931	0.01104	0.10886	0.02183	0.66158	0.00507	0.00528	0.00274	0.00298
8	0.02038	0.01526	0.01652	0.01256	0.01730	0.01626	0.01034	0.61504	0.02471	0.03360	0.01334	0.01363	0.00967	0.00652	0.00556	0.00159	0.00604	0.00493	0.00541	0.15135
9	0.00717	0.00523	0.00689	0.00801	0.00855	0.00495	0.00547	0.00831	0.01117	0.01481	0.03305	0.66232	0.10015	0.02003	0.07134	0.00291	0.00436	0.01529	0.00521	0.00478
10	0.00834	0.00561	0.00646	0.00658	0.00664	0.00561	0.00379	0.00848	0.00871	0.01164	0.01939	0.10062	0.02240	0.70871	0.04942	0.00547	0.00574	0.00907	0.00367	0.00367
11	0.01578	0.01315	0.01389	0.01210	0.01562	0.01508	0.00952	0.15303	0.62458	0.02645	0.02200	0.02036	0.01640	0.00773	0.00590	0.00193	0.00491	0.00634	0.00590	0.00932
12	0.01418	0.01360	0.02322	0.08216	0.71455	0.01376	0.01774	0.01766	0.01314	0.01874	0.01090	0.01446	0.00912	0.00522	0.00576	0.00174	0.00696	0.00518	0.00286	0.00904
13	0.02211	0.01629	0.01745	0.01338	0.01803	0.01803	0.01105	0.73997	0.02734	0.03665	0.01396	0.01396	0.00989	0.00698	0.00582	0.00175	0.00640	0.00524	0.00582	0.00989
14	0.01206	0.01034	0.01206	0.00861	0.01378	0.00775	0.00689	0.01464	0.01206	0.01895	0.01034	0.01206	0.00861	0.00431	0.00431	0.00086	0.00431	0.00345	0.00345	0.83118
15	0.01098	0.01034	0.01744	0.78165	0.04005	0.01292	0.01615	0.01486	0.01163	0.01486	0.01034	0.01550	0.00775	0.00581	0.00581	0.00194	0.00775	0.00517	0.00258	0.00646
16	0.01098	0.01034	0.01744	0.78165	0.04005	0.01292	0.01615	0.01486	0.01163	0.01486	0.01034	0.01550	0.00775	0.00581	0.00581	0.00194	0.00775	0.00517	0.00258	0.00646
17	0.01127	0.01063	0.01796	0.71930	0.10018	0.01299	0.01629	0.01511	0.01176	0.01520	0.01039	0.01541	0.00787	0.00576	0.00581	0.00192	0.00768	0.00517	0.00261	0.00669
18	0.00937	0.00669	0.00937	0.01071	0.01205	0.00669	0.00937	0.01205	0.01339	0.01740	0.03079	0.06560	0.03347	0.01606	0.00803	0.00268	0.00535	0.72021	0.00535	0.00535
19	0.01002	0.00903	0.01479	0.58996	0.03222	0.01089	0.01349	0.01318	0.01151	0.01485	0.01572	0.20789	0.01536	0.00889	0.00621	0.00204	0.00667	0.00798	0.00328	0.00603
20	0.00818	0.00594	0.00770	0.00726	0.00866	0.00547	0.00545	0.01088	0.01634	0.02304	0.73052	0.04390	0.08082	0.01199	0.00686	0.00183	0.00275	0.01058	0.00636	0.00547
21	0.02609	0.00990	0.01350	0.01035	0.01484	0.00855	0.00855	0.02834	0.01664	0.76338	0.02294	0.01979	0.01439	0.00720	0.00585	0.00180	0.00495	0.00585	0.00720	0.00990
22	0.00846	0.00564	0.00634	0.00634	0.00634	0.00564	0.00352	0.00846	0.00846	0.01128	0.01832	0.03805	0.02114	0.79563	0.02960	0.00564	0.00564	0.00846	0.00352	0.00352
23	0.01446	0.01249	0.01315	0.01183	0.01512	0.01446	0.00920	0.03090	0.74885	0.02433	0.02367	0.02170	0.01775	0.00789	0.00592	0.00197	0.00460	0.00657	0.00592	0.00920
24	0.01084	0.00542	0.00542	0.00542	0.00678	0.00542	0.00407	0.01355	0.01220	0.02168	0.01897	0.02168	0.01491	0.00678	0.00407	0.00136	0.00271	0.00542	0.82791	0.00542
25	0.02111	0.02642	0.01620	0.01471	0.01774	0.70797	0.01106	0.02387	0.07863	0.01509	0.01023	0.01144	0.00836	0.00615	0.00530	0.00154	0.00999	0.00399	0.00324	0.00695
26	0.00787	0.00593	0.00727	0.00694	0.00847	0.00533	0.00520	0.01027	0.01561	0.02129	0.57069	0.04677	0.24173	0.01264	0.00686	0.00186	0.00280	0.01098	0.00613	0.00533
27	0.01084	0.00542	0.00542	0.00542	0.00678	0.00542	0.00407	0.01355	0.01220	0.02168	0.01897	0.02168	0.01491	0.00678	0.00407	0.00136	0.00271	0.00542	0.82791	0.00542
28	0.75695	0.01154	0.00941	0.03312	0.01262	0.01337	0.00693	0.06404	0.01109	0.02641	0.00855	0.00994	0.00658	0.00551	0.00381	0.00180	0.00473	0.00335	0.00371	0.00654
29	0.01346	0.01663	0.09397	0.02303	0.02861	0.01488	0.61401	0.01820	0.01318	0.01820	0.01129	0.01514	0.00860	0.00542	0.00783	0.00200	0.07842	0.00649	0.00287	0.00777
30	0.01098	0.01034	0.01744	0.78165	0.04005	0.01292	0.01615	0.01486	0.01163	0.01486	0.01034	0.01550	0.00775	0.00581	0.00581	0.00194	0.00775	0.00517	0.00258	0.00646
31	0.01514	0.01283	0.01353	0.01197	0.01538	0.01478	0.00937	0.09375	0.68489	0.02542	0.02281	0.02101	0.01705	0.00781	0.00591	0.00195	0.00476	0.00646	0.00591	0.00927
32	0.01379	0.01191	0.01251	0.01131	0.01448	0.01362	0.00878	0.02890	0.68364	0.02356	0.02679	0.02473	0.08328	0.00850	0.00600	0.00197	0.00446	0.00708	0.00587	0.00882
33	0.01098	0.01034	0.01744	0.78165	0.04005	0.01292	0.01615	0.01486	0.01163	0.01486	0.01034	0.01550	0.00775	0.00581	0.00581	0.00194	0.00775	0.00517	0.00258	0.00646
34	0.02609	0.00990	0.01350	0.01035	0.01484	0.00855	0.00855	0.02834	0.01664	0.76338	0.02294	0.01979	0.01439	0.00720	0.00585	0.00180	0.00495	0.00585	0.00720	0.00990
35	0.00687	0.00589	0.00589	0.00589	0.00785	0.00491	0.00442	0.00835	0.01325	0.01571	0.05891	0.05596	0.75700	0.01473	0.00687	0.00196	0.00295	0.01227	0.00540	0.00491
36	0.02172	0.02772	0.01648	0.01498	0.01798	0.77228	0.01124	0.02322	0.01648	0.01423	0.00899	0.01049	0.00749	0.00599	0.00524	0.00150	0.01049	0.00375	0.00300	0.00674
37	0.01206	0.01034	0.01206	0.00861	0.01378	0.00775	0.00689	0.01464	0.01206	0.01895	0.01034	0.01206	0.00861	0.00431	0.00431	0.00086	0.00431	0.00345	0.00345	0.83118
38	0.01272	0.01272	0.01781	0.01527	0.01527	0.01781	0.01272	0.01399	0.00891	0.01399	0.00763	0.01272	0.00763	0.01018	0.01908	0.00254	0.78499	0.00509	0.00254	0.00636
39	0.02609	0.00990	0.01350	0.01035	0.01484	0.00855	0.00855	0.02834	0.01664	0.76338	0.02294	0.01979	0.01439	0.00720	0.00585	0.00180	0.00495	0.00585	0.00720	0.00990
40	0.00831	0.00622	0.00927	0.00927	0.01028	0.00723	0.00717	0.01033	0.00932	0.01344	0.01565	0.02323	0.01471	0.06282	0.75361	0.00925	0.01532	0.00629	0.00313	0.00515
41	0.01506	0.01271	0.01340	0.01183	0.01523	0.01457	0.00927	0.10557	0.65157	0.02539	0.02363	0.02184	0.03768	0.00799	0.00593	0.00195	0.00475	0.00659	0.00589	0.00916
42	0.01555	0.79913	0.03047	0.00995	0.01493	0.02301	0.00995	0.01741	0.01182	0.01368	0.00808	0.00933	0.00746	0.00498	0.00373	0.00124	0.00622	0.00311	0.00249	0.00746
43	0.83671	0.01125	0.00855	0.00765	0.01125	0.01305	0.00630	0.01709	0.00990	0.02609	0.00810	0.00945	0.00630	0.00540	0.00360	0.00180	0.00450	0.00315	0.00360	0.00630
44	0.01446	0.01249	0.01315	0.01183	0.01512	0.01446	0.00920	0.03090	0.74885	0.02433	0.02367	0.02170	0.01775	0.00789	0.00592	0.00197	0.00460	0.00657	0.00592	0.00920
45	0.00823	0.00594	0.00777	0.00732	0.00869	0.00549	0.00549	0.01097	0.01646	0.02332	0.75629	0.04344	0.05487	0.01189	0.00686	0.00183	0.00274	0.01052	0.00640	0.00549
46	0.00846	0.00564	0.00634	0.00634	0.00634	0.00564	0.00352	0.00846	0.00846	0.01128	0.01832	0.03805	0.02114	0.79563	0.02960	0.00564	0.00564	0.00846	0.00352	0.00352
47	0.00823	0.00594	0.00777	0.00732	0.00869	0.00549	0.00549	0.01097	0.01646	0.02332	0.75629	0.04344	0.05487	0.01189	0.00686	0.00183	0.00274	0.01052	0.00640	0.00549
48	0.01373	0.01569	0.03431	0.02451	0.03039	0.01471	0.73824	0.01863	0.01373	0.01863	0.01176	0.01569	0.00882	0.00490	0.00686	0.00196	0.00980	0.00686	0.00294	0.00784
49	0.01084	0.00542	0.00542	0.00542	0.00678	0.00542	0.00407	0.01355	0.01220	0.02168	0.01897	0.02168	0.01491	0.00678	0.00407	0.00136	0.00271	0.00542	0.82791	0.00542
50	0.01172	0.00846	0.07458	0.00910	0.07158	0.00694	0.00691	0.01483	0.01244	0.04574	0.01767	0.02018	0.01374	0.00655	0.00439	0.00144	0.00366	0.00531	0.65859	0.00617
51	0.83671	0.01125	0.00855	0.00765	0.01125	0.01305	0.00630	0.01709	0.00990	0.02609	0.00810	0.00945	0.00630	0.00540	0.00360	0.00180	0.00450	0.00315	0.00360	0.00630
52	0.01084	0.00542	0.00542	0.00542	0.00678	0.00542	0.00407	0.01355	0.01220	0.02168	0.01897	0.02168	0.01491	0.00678	0.00407	0.00136	0.00271	0.00542	0.82791	0.00542
53	0.02066	0.16058	0.01889	0.01411	0.01745	0.64323	0.01101	0.02222	0.01568	0.01414	0.00883	0.01029	0.00749	0.00582	0.00498	0.00145	0.00975	0.00364	0.00291	0.00687
54	0.01187	0.00680	0.00863	0.00768	0.00986	0.00604	0.00593	0.01424	0.01582	0.18433	0.44806	0.04089	0.19407	0.01146	0.00664	0.00185	0.00327	0.00986	0.00637	0.00633
55	0.00843	0.00574	0.00687	0.00687	0.00705	0.00592	0.00418	0.00879	0.00861	0.01167	0.01784	0.03539	0.01999	0.66393	0.15972	0.00629	0.00738	0.00807	0.00345	0.00382
56	0.01272	0.01272	0.01781	0.01527	0.01527	0.01781	0.01272	0.01399	0.00891	0.01399	0.00763	0.01272	0.00763	0.01018	0.01908	0.00254	0.78499	0.00509	0.00254	0.00636
57	0.01439	0.01382	0.02360	0.03569	0.75936	0.01382	0.01785	0.01785	0.01324	0.01900	0.01094	0.01439	0.00921	0.00518	0.00576	0.00173	0.00691	0.00518	0.00288	0.00921
58	0.00709	0.00506	0.00675	0.00810	0.00843	0.00472	0.00540	0.00810	0.01113	0.01484	0.03205	0.79184	0.03846	0.01822	0.00742	0.00236	0.00337	0.01653	0.00540	0.00472
59	0.00823	0.00594	0.00777	0.00732	0.00869	0.00549	0.00549	0.01097	0.01646	0.02332	0.75629	0.04344	0.05487	0.01189	0.00686	0.00183	0.00274	0.01052	0.00640	0.00549
60	0.01555	0.79913	0.03047	0.00995	0.01493	0.02301	0.00995	0.01741	0.01182	0.01368	0.00808	0.00933	0.00746	0.00498	0.00373	0.00124	0.00622	0.00311	0.00249	0.00746
61	0.02071	0.02603	0.01663	0.01501	0.01767	0.68724	0.01140	0.02218	0.01563	0.01421	0.00884	0.01074	0.00751	0.00646	0.00680	0.00162	0.09779	0.00390	0.00295	0.00670
62	0.00709	0.00506	0.00675	0.00810	0.00843	0.00472	0.00540	0.00810	0.01113	0.01484	0.03205	0.79184	0.03846	0.01822	0.00742	0.00236	0.00337	0.01653	0.00540	0.00472
63	0.02107	0.02648	0.01711	0.01682	0.08370	0.70505	0.01182	0.02274	0.01619	0.01465	0.00916	0.01083	0.00764	0.00592	0.00529	0.00152	0.01017	0.00387	0.00299	0.00696
64	0.00709	0.00506	0.00675	0.00810	0.00843	0.00472	0.00540	0.00810	0.01113	0.01484	0.03205	0.79184	0.03846	0.01822	0.00742	0.00236	0.00337	0.01653	0.00540	0.00472
65	0.00846	0.00564	0.00634	0.00634	0.00634	0.00564	0.00352	0.00846	0.00846	0.01128	0.01832	0.03805	0.02114	0.79563	0.02960	0.00564	0.00564	0.00846	0.00352	0.00352
66	0.01291	0.04204	0.01968	0.01586	0.01654	0.01774	0.07419	0.01451	0.00942	0.01438	0.00800	0.01285	0.00773	0.00954	0.01748	0.00245	0.69042	0.00517	0.00258	0.00653
67	0.05859	0.05043	0.70208	0.01588	0.02409	0.01374	0.02030	0.01831	0.01213	0.01872	0.01024	0.01203	0.00731	0.00550	0.00537	0.00182	0.00830	0.00420	0.00252	0.00843
68	0.00953	0.00699	0.00936	0.01035	0.01177	0.00710	0.00875	0.01323	0.07580	0.01815	0.07714	0.12482	0.03396	0.01529	0.00772	0.00253	0.00495	0.55145	0.00547	0.00563
69	0.01587	0.01657	0.02183	0.03074	0.58577	0.16621	0.01623	0.01936	0.03826	0.01822	0.01097	0.01385	0.00915	0.00543	0.00566	0.00169	0.00755	0.00494	0.00300	0.00871
70	0.20328	0.00683	0.00640	0.00619	0.00805	0.00732	0.00479	0.01417	0.01148	0.02218	0.01622	0.01890	0.01287	0.00883	0.05358	0.00197	0.00396	0.00494	0.58242	0.00561
71	0.00905	0.00723	0.01126	0.08001	0.07562	0.00832	0.00894	0.01140	0.00987	0.01408	0.01472	0.02149	0.01349	0.03705	0.64052	0.00805	0.01416	0.00605	0.00305	0.00564
72	0.00778	0.00582	0.00722	0.00709	0.00847	0.00526	0.00524	0.01003	0.01509	0.02057	0.51077	0.13744	0.21123	0.01330	0.00693	0.00192	0.00287	0.01165	0.00605	0.00526
73	0.13690	0.03351	0.01415	0.01221	0.01512	0.29457	0.00960	0.16352	0.01590	0.02044	0.01219	0.03670	0.01061	0.01333	0.13785	0.00303	0.03489	0.02473	0.00378	0.00695
74	0.01418	0.01186	0.01473	0.09323	0.08350	0.01100	0.00970	0.15844	0.03034	0.02213	0.01138	0.01320	0.00902	0.00514	0.00492	0.00125	0.00532	0.00420	0.00382	0.49262

[dist]
# distance from previous block
# <min> <max>
17	40

# created by:
# /st0/software/busco_prod/Augustus/scripts/msa2prfl.pl ./align_prep/171958.fa
