[name]
unknown

[dist]
# distance from previous block
# <min> <max>
0	78

[block]
# block no. 0 follows, 47 sequences, length 48
# corresponding to MSA columns:
# 82-129
name=unknown_A
#
# <colnr> <probs for GDERKNQSTAVLIFYWHMCP>
#	G	D	E	R	K	N	Q	S	T	A	V	L	I	F	Y	W	H	M	C	P
0	0.02619	0.01628	0.29047	0.16771	0.06164	0.01143	0.16216	0.03322	0.03186	0.01641	0.01253	0.03887	0.01069	0.00634	0.00553	0.00178	0.00703	0.09021	0.00286	0.00681
1	0.01539	0.14741	0.08200	0.01165	0.02956	0.05078	0.01005	0.26153	0.29465	0.02281	0.01429	0.01409	0.01077	0.00607	0.00489	0.00156	0.00546	0.00468	0.00433	0.00804
2	0.00731	0.00521	0.00700	0.00719	0.00767	0.00560	0.00499	0.00833	0.00833	0.01154	0.01722	0.15196	0.01864	0.32549	0.38343	0.00613	0.00889	0.00779	0.00325	0.00403
3	0.01155	0.25249	0.47094	0.05709	0.02100	0.01459	0.07276	0.01607	0.01094	0.01512	0.00883	0.01063	0.00674	0.00478	0.00459	0.00151	0.00713	0.00376	0.00225	0.00725
4	0.01356	0.62404	0.13210	0.01027	0.01503	0.06506	0.03005	0.01588	0.01096	0.01303	0.00864	0.00983	0.02338	0.00476	0.00378	0.00123	0.00611	0.00323	0.00232	0.00675
5	0.00757	0.00505	0.00568	0.00568	0.00568	0.00505	0.00316	0.00757	0.00757	0.01010	0.01641	0.03408	0.01893	0.81698	0.02651	0.00505	0.00505	0.00757	0.00316	0.00316
6	0.01179	0.00808	0.07173	0.00802	0.01047	0.00636	0.00680	0.01457	0.03420	0.21756	0.41458	0.08372	0.05628	0.02456	0.00621	0.00174	0.00353	0.00817	0.00548	0.00615
7	0.01178	0.01262	0.08465	0.15793	0.54858	0.01173	0.01534	0.01506	0.01143	0.01613	0.01079	0.06057	0.00945	0.00546	0.00524	0.00162	0.00625	0.00518	0.00264	0.00755
8	0.00768	0.00565	0.00723	0.00677	0.00810	0.00536	0.00510	0.01081	0.05654	0.02093	0.73994	0.03783	0.04731	0.01045	0.00610	0.00164	0.00255	0.00922	0.00571	0.00510
9	0.01139	0.01139	0.01595	0.01367	0.01367	0.01595	0.01139	0.01253	0.00798	0.01253	0.00684	0.01139	0.00684	0.00911	0.01709	0.00228	0.80745	0.00456	0.00228	0.00570
10	0.53940	0.02392	0.01025	0.00822	0.01179	0.01095	0.02627	0.05551	0.01148	0.24147	0.01139	0.01145	0.00794	0.00535	0.00397	0.00160	0.00438	0.00369	0.00421	0.00677
11	0.00713	0.00520	0.00631	0.00650	0.00765	0.00478	0.00469	0.00852	0.01130	0.03776	0.15633	0.25921	0.31158	0.05801	0.08814	0.00268	0.00405	0.01091	0.00473	0.00453
12	0.00634	0.00453	0.00604	0.00725	0.00755	0.00423	0.00483	0.00725	0.00997	0.01329	0.02870	0.81358	0.03444	0.01632	0.00665	0.00211	0.00302	0.01480	0.00483	0.00423
13	0.00634	0.00453	0.00604	0.00725	0.00755	0.00423	0.00483	0.00725	0.00997	0.01329	0.02870	0.81358	0.03444	0.01632	0.00665	0.00211	0.00302	0.01480	0.00483	0.00423
14	0.02124	0.00906	0.01229	0.00959	0.01342	0.00817	0.02908	0.02452	0.08743	0.65498	0.03881	0.01912	0.03392	0.00672	0.00531	0.00163	0.00443	0.00557	0.00617	0.00854
15	0.02298	0.00949	0.01247	0.00956	0.01361	0.00858	0.00790	0.10625	0.01595	0.70576	0.01967	0.01716	0.01245	0.00642	0.00523	0.00161	0.00457	0.00518	0.00631	0.00886
16	0.02099	0.01234	0.01420	0.01092	0.01501	0.01286	0.00901	0.46899	0.03826	0.31868	0.01575	0.01464	0.01055	0.00634	0.00522	0.00159	0.00520	0.00492	0.00568	0.00884
17	0.85377	0.01007	0.00765	0.00685	0.01007	0.01168	0.00564	0.01531	0.00886	0.02336	0.00725	0.00846	0.00564	0.00483	0.00322	0.00161	0.00403	0.00282	0.00322	0.00564
18	0.00644	0.00489	0.00594	0.00652	0.00743	0.00439	0.00457	0.00772	0.01130	0.01470	0.15161	0.45542	0.27131	0.01447	0.00642	0.00193	0.00281	0.01278	0.00497	0.00439
19	0.01080	0.00926	0.01080	0.00771	0.01234	0.00694	0.00617	0.01311	0.01080	0.01697	0.00926	0.01080	0.00771	0.00386	0.00386	0.00077	0.00386	0.00309	0.00309	0.84882
20	0.01219	0.01223	0.06586	0.02663	0.01933	0.01010	0.31467	0.04262	0.01210	0.05957	0.01137	0.04759	0.00920	0.00493	0.00512	0.00137	0.00619	0.00508	0.00318	0.33068
21	0.01796	0.05799	0.01557	0.01299	0.08974	0.06075	0.00971	0.47605	0.01978	0.07773	0.01240	0.01289	0.00909	0.00585	0.00491	0.00147	0.00559	0.00448	0.06330	0.04175
22	0.00634	0.00453	0.00604	0.00725	0.00755	0.00423	0.00483	0.00725	0.00997	0.01329	0.02870	0.81358	0.03444	0.01632	0.00665	0.00211	0.00302	0.01480	0.00483	0.00423
23	0.01014	0.00955	0.01348	0.01189	0.01220	0.01288	0.00976	0.01154	0.00848	0.01292	0.05480	0.01535	0.01094	0.01686	0.21572	0.00380	0.55659	0.00511	0.00262	0.00538
24	0.05749	0.01127	0.07000	0.38721	0.10386	0.01143	0.08424	0.05127	0.01127	0.03422	0.01018	0.01413	0.00801	0.03167	0.04700	0.00211	0.02113	0.00472	0.00273	0.03604
25	0.01109	0.01108	0.02062	0.26925	0.16337	0.01163	0.26715	0.03223	0.01153	0.01556	0.01204	0.10583	0.01071	0.00624	0.00600	0.00176	0.02822	0.00632	0.00283	0.00654
26	0.00634	0.00453	0.00604	0.00725	0.00755	0.00423	0.00483	0.00725	0.00997	0.01329	0.02870	0.81358	0.03444	0.01632	0.00665	0.00211	0.00302	0.01480	0.00483	0.00423
27	0.00799	0.00586	0.00727	0.00701	0.00715	0.00652	0.00462	0.00841	0.00774	0.01068	0.01493	0.02938	0.01663	0.60436	0.14429	0.00524	0.09831	0.00692	0.00300	0.00368
28	0.01177	0.09097	0.15213	0.16557	0.04118	0.01325	0.25608	0.05978	0.01180	0.01615	0.01042	0.04356	0.00850	0.00564	0.00628	0.00170	0.07248	0.00521	0.02079	0.00675
29	0.01289	0.01237	0.02114	0.03196	0.78450	0.01237	0.01598	0.01598	0.01186	0.01701	0.00980	0.01289	0.00825	0.00464	0.00516	0.00155	0.00619	0.00464	0.00258	0.00825
30	0.00634	0.00455	0.00602	0.00719	0.00754	0.00423	0.00481	0.00726	0.01003	0.01332	0.02944	0.79027	0.05728	0.01622	0.00663	0.00210	0.00301	0.01469	0.00483	0.00423
31	0.01688	0.01075	0.01248	0.01021	0.01338	0.01148	0.00821	0.29632	0.14871	0.21028	0.05885	0.04287	0.01465	0.03508	0.06448	0.00226	0.02430	0.00576	0.00523	0.00783
32	0.05449	0.11817	0.01597	0.01121	0.01500	0.10502	0.00927	0.42622	0.11233	0.04841	0.01242	0.01258	0.00925	0.00654	0.01871	0.00163	0.00596	0.00439	0.00446	0.00797
33	0.01201	0.38337	0.44726	0.01218	0.01842	0.01592	0.01460	0.01609	0.01081	0.01459	0.00840	0.00981	0.00664	0.00473	0.00423	0.00141	0.00674	0.00337	0.00221	0.00724
34	0.01155	0.00941	0.01026	0.00925	0.01175	0.01038	0.00716	0.06005	0.47819	0.03365	0.18583	0.04425	0.08902	0.00852	0.00558	0.00173	0.00370	0.00721	0.00535	0.00715
35	0.00742	0.00502	0.00588	0.00602	0.00611	0.00504	0.00355	0.00764	0.00790	0.01059	0.01769	0.12371	0.02038	0.67777	0.07004	0.00491	0.00534	0.00829	0.00333	0.00337
36	0.01392	0.82012	0.02729	0.00891	0.01337	0.02061	0.00891	0.01559	0.01058	0.01225	0.00724	0.00835	0.00668	0.00446	0.00334	0.00111	0.00557	0.00278	0.00223	0.00668
37	0.80771	0.01017	0.00800	0.00706	0.01033	0.01170	0.00582	0.03693	0.00947	0.04424	0.00776	0.00882	0.00593	0.00492	0.00333	0.00161	0.00409	0.00294	0.00337	0.00582
38	0.85377	0.01007	0.00765	0.00685	0.01007	0.01168	0.00564	0.01531	0.00886	0.02336	0.00725	0.00846	0.00564	0.00483	0.00322	0.00161	0.00403	0.00282	0.00322	0.00564
39	0.01610	0.13761	0.16288	0.03591	0.01639	0.16252	0.01116	0.12233	0.01399	0.14529	0.02883	0.01261	0.00918	0.00591	0.00577	0.00154	0.07435	0.00418	0.02624	0.00722
40	0.00953	0.00718	0.00955	0.04749	0.01048	0.00842	0.00676	0.03687	0.00977	0.04050	0.09434	0.02374	0.01684	0.25153	0.18359	0.00419	0.17470	0.00622	0.05349	0.00482
41	0.00754	0.00504	0.00569	0.00572	0.00573	0.00503	0.00320	0.00756	0.00764	0.01018	0.01673	0.05470	0.01934	0.79580	0.02598	0.00497	0.00500	0.00776	0.00320	0.00318
42	0.01390	0.01550	0.15791	0.03372	0.04367	0.01262	0.40444	0.09231	0.05411	0.10073	0.01211	0.01401	0.00872	0.00506	0.00566	0.00170	0.00747	0.00542	0.00335	0.00759
43	0.00695	0.00538	0.00598	0.00578	0.00742	0.00464	0.00435	0.00866	0.01287	0.03447	0.28808	0.04572	0.52684	0.01221	0.00613	0.00172	0.00262	0.01035	0.00516	0.00467
44	0.01078	0.02625	0.73221	0.01515	0.02260	0.03304	0.05549	0.01662	0.01116	0.01640	0.00937	0.01110	0.00666	0.00493	0.00500	0.00165	0.00779	0.00395	0.00223	0.00762
45	0.01132	0.01057	0.05432	0.00881	0.01336	0.00806	0.02732	0.06816	0.02725	0.01820	0.03103	0.03041	0.00963	0.00464	0.00423	0.00098	0.00428	0.00382	0.00333	0.66027
46	0.00935	0.00528	0.00558	0.00553	0.00679	0.00526	0.00411	0.02593	0.03547	0.01903	0.08795	0.08098	0.05030	0.02274	0.00470	0.00144	0.00265	0.00633	0.61564	0.00494
47	0.01098	0.14836	0.67324	0.01393	0.02113	0.01340	0.01766	0.01635	0.01093	0.01584	0.00902	0.01059	0.00661	0.00487	0.00470	0.00157	0.00737	0.00369	0.00220	0.00754

[dist]
# distance from previous block
# <min> <max>
0	1

[block]
# block no. 1 follows, 47 sequences, length 9
# corresponding to MSA columns:
# 131-139
name=unknown_B
#
# <colnr> <probs for GDERKNQSTAVLIFYWHMCP>
#	G	D	E	R	K	N	Q	S	T	A	V	L	I	F	Y	W	H	M	C	P
0	0.65008	0.12287	0.01106	0.00763	0.01106	0.04012	0.00647	0.04266	0.01007	0.04830	0.00793	0.00894	0.00619	0.00491	0.00343	0.00153	0.00450	0.00298	0.00325	0.00602
1	0.00991	0.00953	0.01679	0.66816	0.03322	0.01132	0.09991	0.01334	0.01060	0.01369	0.01054	0.06075	0.00866	0.00576	0.00540	0.00176	0.00692	0.00540	0.00250	0.00584
2	0.01163	0.01238	0.02509	0.21626	0.05396	0.01245	0.50039	0.01605	0.03856	0.01612	0.01079	0.01434	0.00814	0.00475	0.00576	0.00173	0.00785	0.00566	0.03136	0.00673
3	0.00983	0.00926	0.01562	0.80447	0.03587	0.01157	0.01446	0.01331	0.01041	0.01331	0.00926	0.01388	0.00694	0.00521	0.00521	0.00174	0.00694	0.00463	0.00231	0.00579
4	0.01018	0.00961	0.01625	0.71601	0.12159	0.01166	0.01464	0.01361	0.01058	0.01373	0.00932	0.01377	0.00709	0.00514	0.00520	0.00171	0.00686	0.00463	0.00234	0.00607
5	0.00634	0.00453	0.00604	0.00725	0.00755	0.00423	0.00483	0.00725	0.00997	0.01329	0.02870	0.81358	0.03444	0.01632	0.00665	0.00211	0.00302	0.01480	0.00483	0.00423
6	0.03282	0.00516	0.00651	0.00681	0.00773	0.00485	0.00489	0.00878	0.01220	0.01704	0.36756	0.34514	0.09117	0.03570	0.00686	0.00195	0.00288	0.03224	0.00514	0.00458
7	0.00718	0.00509	0.00643	0.00721	0.00764	0.00493	0.00479	0.04290	0.01024	0.01367	0.02586	0.64402	0.03062	0.15147	0.00994	0.00259	0.00349	0.01311	0.00457	0.00426
8	0.01500	0.03707	0.01271	0.01043	0.01370	0.01284	0.00832	0.14998	0.51463	0.10577	0.02040	0.01888	0.04269	0.00701	0.00525	0.00169	0.00441	0.00571	0.00529	0.00822

[dist]
# distance from previous block
# <min> <max>
1	2

[block]
# block no. 2 follows, 47 sequences, length 50
# corresponding to MSA columns:
# 142-191
name=unknown_C
#
# <colnr> <probs for GDERKNQSTAVLIFYWHMCP>
#	G	D	E	R	K	N	Q	S	T	A	V	L	I	F	Y	W	H	M	C	P
0	0.05588	0.46784	0.12188	0.01167	0.04656	0.04033	0.06991	0.01646	0.05048	0.02813	0.02692	0.01094	0.00839	0.00512	0.00437	0.01599	0.00597	0.00367	0.00265	0.00683
1	0.03949	0.01019	0.01182	0.04686	0.04736	0.01105	0.00785	0.29881	0.05756	0.04699	0.01374	0.01911	0.01202	0.21840	0.05031	0.00280	0.02581	0.00543	0.02815	0.04626
2	0.00765	0.00552	0.00751	0.00864	0.00961	0.00538	0.00707	0.00954	0.01139	0.01482	0.02946	0.28023	0.07767	0.01488	0.00697	0.00228	0.00414	0.48785	0.00481	0.00460
3	0.17394	0.01266	0.16465	0.03590	0.01460	0.00898	0.00904	0.01527	0.01086	0.10103	0.01098	0.04747	0.00883	0.00515	0.00427	0.00129	0.00478	0.00400	0.00335	0.36294
4	0.02838	0.01299	0.08486	0.07771	0.57109	0.01192	0.01509	0.01660	0.04130	0.05300	0.01107	0.01437	0.00905	0.00513	0.00517	0.00160	0.00613	0.02373	0.00288	0.00793
5	0.01176	0.24837	0.37930	0.01244	0.01745	0.05267	0.01387	0.01536	0.01066	0.01449	0.02252	0.04765	0.00867	0.00603	0.00626	0.00159	0.11743	0.00422	0.00242	0.00684
6	0.05829	0.01422	0.01516	0.01167	0.01579	0.01570	0.00964	0.71131	0.02349	0.05398	0.01249	0.01247	0.00882	0.00619	0.00512	0.00157	0.00562	0.00462	0.00515	0.00871
7	0.01535	0.34673	0.05229	0.03495	0.01664	0.24554	0.07894	0.06735	0.01271	0.01440	0.00824	0.00994	0.00696	0.00522	0.00523	0.00139	0.06529	0.00361	0.00260	0.00661
8	0.00710	0.00520	0.00665	0.00653	0.00767	0.00476	0.00481	0.00921	0.01374	0.01907	0.59632	0.15540	0.12065	0.01175	0.00622	0.00172	0.00256	0.01038	0.00551	0.00476
9	0.00757	0.00505	0.00568	0.00568	0.00568	0.00505	0.00316	0.00757	0.00757	0.01010	0.01641	0.03408	0.01893	0.81698	0.02651	0.00505	0.00505	0.00757	0.00316	0.00316
10	0.00634	0.00457	0.00600	0.00715	0.00753	0.00424	0.00479	0.00726	0.01007	0.01333	0.02990	0.77553	0.07172	0.01616	0.00662	0.00210	0.00300	0.01461	0.00483	0.00424
11	0.00709	0.00531	0.00658	0.00626	0.00761	0.00480	0.00469	0.00929	0.01408	0.01932	0.61496	0.04147	0.21689	0.01123	0.00615	0.00167	0.00250	0.00978	0.00553	0.00480
12	0.01392	0.82012	0.02729	0.00891	0.01337	0.02061	0.00891	0.01559	0.01058	0.01225	0.00724	0.00835	0.00668	0.00446	0.00334	0.00111	0.00557	0.00278	0.00223	0.00668
13	0.01139	0.01139	0.01595	0.01367	0.01367	0.01595	0.01139	0.01253	0.00798	0.01253	0.00684	0.01139	0.00684	0.00911	0.01709	0.00228	0.80745	0.00456	0.00228	0.00570
14	0.02336	0.00886	0.01209	0.00927	0.01329	0.00765	0.00765	0.02538	0.01491	0.78810	0.02055	0.01773	0.01289	0.00645	0.00524	0.00161	0.00443	0.00524	0.00645	0.00886
15	0.00896	0.00452	0.00676	0.00680	0.00681	0.00451	0.00453	0.00680	0.00688	0.00917	0.00964	0.03996	0.00981	0.01804	0.01994	0.82288	0.00448	0.00483	0.00234	0.00232
16	0.01511	0.01226	0.01299	0.01104	0.01437	0.01396	0.00877	0.26123	0.53802	0.02527	0.01845	0.01724	0.01367	0.00681	0.00527	0.00170	0.00463	0.00551	0.00527	0.00844
17	0.00757	0.00505	0.00568	0.00568	0.00568	0.00505	0.00316	0.00757	0.00757	0.01010	0.01641	0.03408	0.01893	0.81698	0.02651	0.00505	0.00505	0.00757	0.00316	0.00316
18	0.00983	0.00926	0.01562	0.80447	0.03587	0.01157	0.01446	0.01331	0.01041	0.01331	0.00926	0.01388	0.00694	0.00521	0.00521	0.00174	0.00694	0.00463	0.00231	0.00579
19	0.00634	0.00455	0.00602	0.00719	0.00754	0.00423	0.00481	0.00726	0.01003	0.01332	0.02941	0.79110	0.05647	0.01622	0.00663	0.00210	0.00301	0.01469	0.00483	0.00423
20	0.01648	0.01224	0.01353	0.01033	0.01453	0.01242	0.00842	0.41592	0.08763	0.06916	0.01270	0.01288	0.00935	0.00557	0.00478	0.00133	0.00491	0.00431	0.00460	0.27890
21	0.01361	0.72765	0.08068	0.00992	0.01464	0.01967	0.04447	0.01571	0.01069	0.01275	0.00754	0.00880	0.00673	0.00449	0.00358	0.00118	0.00587	0.00301	0.00224	0.00677
22	0.02319	0.00915	0.01226	0.00940	0.01344	0.00808	0.00777	0.06235	0.01538	0.75046	0.02014	0.01746	0.01269	0.00644	0.00524	0.00161	0.00450	0.00521	0.00638	0.00886
23	0.00790	0.00626	0.00908	0.14128	0.01339	0.00675	0.00720	0.00973	0.00928	0.01292	0.01645	0.21186	0.01707	0.07259	0.34936	0.00481	0.00862	0.00755	0.00326	0.08464
24	0.01346	0.01291	0.02100	0.02918	0.65460	0.03299	0.06022	0.06327	0.02921	0.01797	0.01021	0.01298	0.00839	0.00480	0.00521	0.00156	0.00635	0.00473	0.00281	0.00816
25	0.01192	0.01337	0.02889	0.02090	0.02582	0.01255	0.70544	0.01611	0.01221	0.01653	0.01192	0.03982	0.00978	0.00524	0.00621	0.00180	0.00841	0.04345	0.00281	0.00683
26	0.00634	0.00453	0.00604	0.00725	0.00755	0.00423	0.00483	0.00725	0.00997	0.01329	0.02870	0.81358	0.03444	0.01632	0.00665	0.00211	0.00302	0.01480	0.00483	0.00423
27	0.01080	0.01385	0.17007	0.24100	0.08287	0.01136	0.24746	0.01486	0.01125	0.01577	0.01111	0.02736	0.00882	0.00595	0.02057	0.00182	0.00727	0.02076	0.07048	0.00658
28	0.01130	0.07688	0.64306	0.01451	0.02156	0.01293	0.05213	0.05420	0.03501	0.01720	0.00978	0.01130	0.00706	0.00502	0.00492	0.00162	0.00740	0.00399	0.00247	0.00767
29	0.00706	0.00529	0.00654	0.00627	0.00760	0.00477	0.00469	0.00921	0.01394	0.01908	0.59043	0.06143	0.22176	0.01139	0.00616	0.00168	0.00251	0.00993	0.00550	0.00477
30	0.01142	0.00943	0.01167	0.00837	0.01299	0.00723	0.03733	0.01381	0.01104	0.05140	0.00981	0.01124	0.00795	0.00399	0.00401	0.00085	0.00408	0.00331	0.00322	0.77683
31	0.85377	0.01007	0.00765	0.00685	0.01007	0.01168	0.00564	0.01531	0.00886	0.02336	0.00725	0.00846	0.00564	0.00483	0.00322	0.00161	0.00403	0.00282	0.00322	0.00564
32	0.00634	0.00453	0.00604	0.00725	0.00755	0.00423	0.00483	0.00725	0.00997	0.01329	0.02870	0.81358	0.03444	0.01632	0.00665	0.00211	0.00302	0.01480	0.00483	0.00423
33	0.02081	0.00858	0.01146	0.00900	0.01262	0.00763	0.00735	0.04061	0.03684	0.64430	0.12387	0.02053	0.01781	0.00703	0.00536	0.00162	0.00418	0.00581	0.00629	0.00831
34	0.01071	0.04137	0.67257	0.03255	0.02316	0.01238	0.10256	0.01643	0.01112	0.01636	0.00943	0.01135	0.00675	0.00488	0.00505	0.00165	0.00776	0.00410	0.00225	0.00756
35	0.00983	0.00926	0.01562	0.80447	0.03587	0.01157	0.01446	0.01331	0.01041	0.01331	0.00926	0.01388	0.00694	0.00521	0.00521	0.00174	0.00694	0.00463	0.00231	0.00579
36	0.00839	0.00599	0.00839	0.00959	0.01079	0.00599	0.00839	0.01079	0.01199	0.01558	0.02757	0.05874	0.02997	0.01439	0.00719	0.00240	0.00480	0.74945	0.00480	0.00480
37	0.13208	0.00926	0.01165	0.00906	0.01299	0.00853	0.00748	0.05472	0.01451	0.65663	0.01847	0.01629	0.01177	0.00623	0.00497	0.00161	0.00443	0.00490	0.00597	0.00844
38	0.02054	0.01119	0.01379	0.04651	0.03884	0.01133	0.00904	0.31335	0.03278	0.40592	0.03164	0.01582	0.01168	0.00635	0.00524	0.00160	0.00506	0.00507	0.00563	0.00861
39	0.00634	0.00457	0.00601	0.00716	0.00753	0.00424	0.00479	0.00726	0.01006	0.01333	0.02981	0.77840	0.06891	0.01617	0.00662	0.00210	0.00300	0.01463	0.00483	0.00424
40	0.00839	0.00599	0.00839	0.00959	0.01079	0.00599	0.00839	0.01079	0.01199	0.01558	0.02757	0.05874	0.02997	0.01439	0.00719	0.00240	0.00480	0.74945	0.00480	0.00480
41	0.01021	0.00533	0.00539	0.00521	0.00656	0.00541	0.00395	0.04940	0.01159	0.02008	0.01677	0.01907	0.01313	0.00608	0.00372	0.00123	0.00259	0.00485	0.80440	0.00505
42	0.00731	0.00528	0.00691	0.00659	0.00777	0.00487	0.00491	0.00967	0.01445	0.02042	0.73613	0.08583	0.04825	0.01099	0.00617	0.00167	0.00249	0.00974	0.00568	0.00487
43	0.01437	0.67536	0.05619	0.00908	0.01349	0.01834	0.00904	0.01629	0.01119	0.08538	0.04317	0.01070	0.00916	0.00494	0.00371	0.00121	0.00541	0.00335	0.00278	0.00685
44	0.05225	0.11394	0.01036	0.00756	0.00961	0.00872	0.00597	0.05381	0.06936	0.05105	0.14822	0.16483	0.20192	0.05057	0.00686	0.00187	0.02448	0.00858	0.00453	0.00552
45	0.01391	0.69156	0.07385	0.00916	0.01368	0.01869	0.00929	0.01586	0.01090	0.05558	0.00997	0.01075	0.03879	0.00495	0.00366	0.00120	0.00552	0.00332	0.00257	0.00677
46	0.00943	0.05570	0.02362	0.08449	0.01249	0.02293	0.03000	0.02206	0.05917	0.05840	0.12607	0.31301	0.09792	0.01116	0.00588	0.00182	0.00404	0.03210	0.02429	0.00541
47	0.01413	0.19166	0.23796	0.09135	0.05616	0.18718	0.01300	0.06513	0.01270	0.03552	0.02484	0.01130	0.00794	0.00528	0.00492	0.00148	0.02594	0.00385	0.00272	0.00695
48	0.10133	0.08708	0.11084	0.01053	0.01464	0.04496	0.00955	0.24985	0.09309	0.10537	0.02942	0.03864	0.03360	0.00634	0.00483	0.00154	0.00531	0.00487	0.00430	0.04392
49	0.09757	0.28499	0.20077	0.01124	0.04098	0.04134	0.03383	0.04723	0.01182	0.09333	0.01203	0.01287	0.04337	0.00539	0.00431	0.00143	0.00579	0.00402	0.04071	0.00698

[dist]
# distance from previous block
# <min> <max>
24	39

[block]
# block no. 3 follows, 47 sequences, length 14
# corresponding to MSA columns:
# 231-244
name=unknown_D
#
# <colnr> <probs for GDERKNQSTAVLIFYWHMCP>
#	G	D	E	R	K	N	Q	S	T	A	V	L	I	F	Y	W	H	M	C	P
0	0.22665	0.41984	0.11814	0.00962	0.01393	0.04860	0.00958	0.04529	0.01082	0.01645	0.00774	0.00903	0.00650	0.00489	0.00415	0.00138	0.03511	0.00309	0.00261	0.00657
1	0.04747	0.04640	0.03420	0.01220	0.09339	0.03562	0.00897	0.21248	0.15969	0.12696	0.04127	0.01844	0.04961	0.06351	0.02499	0.00200	0.00528	0.00545	0.00456	0.00751
2	0.01094	0.00758	0.03000	0.00796	0.01024	0.00682	0.00630	0.01503	0.12989	0.14178	0.32826	0.13495	0.06380	0.00962	0.00573	0.00166	0.00336	0.00836	0.00531	0.07242
3	0.01199	0.00907	0.01413	0.36248	0.08224	0.01007	0.04075	0.04784	0.05175	0.12074	0.04639	0.09885	0.01345	0.00901	0.05660	0.00216	0.00627	0.00616	0.00363	0.00643
4	0.00905	0.00452	0.00678	0.00678	0.00678	0.00452	0.00452	0.00678	0.00678	0.00905	0.00905	0.01583	0.00905	0.01809	0.02035	0.84848	0.00452	0.00452	0.00226	0.00226
5	0.00634	0.00453	0.00604	0.00725	0.00755	0.00423	0.00483	0.00725	0.00997	0.01329	0.02870	0.81358	0.03444	0.01632	0.00665	0.00211	0.00302	0.01480	0.00483	0.00423
6	0.01045	0.02694	0.79000	0.01484	0.02254	0.01209	0.01924	0.01649	0.01099	0.01649	0.00935	0.01099	0.00660	0.00495	0.00495	0.00165	0.00770	0.00385	0.00220	0.00770
7	0.00634	0.00453	0.00604	0.00725	0.00755	0.00423	0.00483	0.00725	0.00997	0.01329	0.02870	0.81358	0.03444	0.01632	0.00665	0.00211	0.00302	0.01480	0.00483	0.00423
8	0.01133	0.22866	0.59602	0.01333	0.02021	0.01426	0.01661	0.01626	0.01089	0.01541	0.00881	0.01032	0.00662	0.00482	0.00454	0.00151	0.00716	0.00358	0.00221	0.00744
9	0.12583	0.21590	0.46931	0.01227	0.01838	0.04522	0.01454	0.01629	0.01076	0.01625	0.00850	0.00995	0.00649	0.00483	0.00432	0.00150	0.00675	0.00343	0.00236	0.00711
10	0.06199	0.00515	0.00651	0.00736	0.00807	0.00494	0.00512	0.00876	0.01032	0.04871	0.04979	0.68096	0.03194	0.01491	0.00636	0.00205	0.00318	0.03450	0.00483	0.00456
11	0.32238	0.23759	0.07943	0.01005	0.01399	0.16594	0.03877	0.01704	0.01105	0.05073	0.00828	0.00944	0.00662	0.00489	0.00389	0.00143	0.00600	0.00323	0.00288	0.00637
12	0.00636	0.00528	0.00557	0.00560	0.00724	0.00449	0.00421	0.00782	0.01212	0.01482	0.12920	0.07215	0.65955	0.01305	0.00620	0.00178	0.00269	0.03250	0.00493	0.00446
13	0.01381	0.65138	0.02421	0.00941	0.01333	0.06560	0.00889	0.01632	0.06032	0.01326	0.03948	0.01050	0.00900	0.00514	0.00427	0.00124	0.04125	0.00337	0.00260	0.00663

[dist]
# distance from previous block
# <min> <max>
0	1

[block]
# block no. 4 follows, 47 sequences, length 54
# corresponding to MSA columns:
# 246-299
name=unknown_E
#
# <colnr> <probs for GDERKNQSTAVLIFYWHMCP>
#	G	D	E	R	K	N	Q	S	T	A	V	L	I	F	Y	W	H	M	C	P
0	0.01420	0.44970	0.22798	0.01094	0.01598	0.04819	0.01169	0.03105	0.01147	0.09276	0.00927	0.01024	0.00734	0.00503	0.00455	0.00137	0.03493	0.00344	0.00273	0.00715
1	0.01022	0.00816	0.01137	0.01189	0.06934	0.00841	0.05187	0.06641	0.12063	0.01817	0.08302	0.05743	0.03965	0.01122	0.00646	0.00207	0.00484	0.40821	0.00468	0.00594
2	0.00648	0.00459	0.00600	0.00708	0.00735	0.00432	0.00465	0.00729	0.00970	0.01294	0.02734	0.72715	0.03272	0.10509	0.00885	0.00244	0.00325	0.01400	0.00465	0.00411
3	0.00849	0.00754	0.04867	0.05451	0.03330	0.00699	0.01809	0.05574	0.01228	0.01694	0.22253	0.34762	0.04725	0.01180	0.00671	0.00188	0.04649	0.02755	0.02039	0.00522
4	0.01920	0.01441	0.05966	0.01285	0.05700	0.01462	0.01045	0.57998	0.03620	0.12268	0.01332	0.01320	0.00932	0.00613	0.00520	0.00158	0.00568	0.00473	0.00505	0.00875
5	0.00641	0.00463	0.00606	0.00718	0.00759	0.00430	0.00486	0.00737	0.01010	0.01335	0.02984	0.73525	0.07679	0.02920	0.00696	0.00215	0.00308	0.03582	0.00481	0.00424
6	0.01497	0.57115	0.04541	0.01007	0.01399	0.11530	0.00947	0.01670	0.01120	0.06789	0.00832	0.00949	0.00714	0.00513	0.00488	0.00129	0.07511	0.00321	0.00259	0.00670
7	0.00634	0.00453	0.00604	0.00725	0.00755	0.00423	0.00483	0.00725	0.00997	0.01329	0.02870	0.81358	0.03444	0.01632	0.00665	0.00211	0.00302	0.01480	0.00483	0.00423
8	0.01629	0.01211	0.01347	0.01009	0.01444	0.01194	0.00825	0.42003	0.01838	0.06478	0.01158	0.01207	0.00859	0.00528	0.00466	0.00124	0.00490	0.00406	0.00440	0.35344
9	0.01713	0.02710	0.01320	0.03367	0.01468	0.06213	0.00869	0.24432	0.28322	0.16988	0.01684	0.01605	0.01209	0.00644	0.00510	0.00161	0.00501	0.00510	0.04962	0.00812
10	0.01370	0.01305	0.01972	0.10769	0.58407	0.08368	0.02931	0.01664	0.01214	0.05551	0.01014	0.01294	0.00820	0.00485	0.00514	0.00155	0.00652	0.00458	0.00276	0.00780
11	0.00806	0.00527	0.00587	0.00579	0.00602	0.00530	0.00340	0.02753	0.00836	0.01160	0.01658	0.04620	0.01844	0.70651	0.02348	0.00455	0.00479	0.00738	0.08139	0.00348
12	0.01093	0.00967	0.01252	0.00894	0.01362	0.00748	0.07160	0.01342	0.01093	0.01694	0.00937	0.01108	0.00773	0.00390	0.00405	0.00086	0.00428	0.00335	0.00305	0.77629
13	0.07066	0.34055	0.03418	0.01123	0.01467	0.39746	0.00953	0.01803	0.01243	0.01330	0.00766	0.00901	0.00663	0.00508	0.00444	0.00130	0.03188	0.00314	0.00251	0.00629
14	0.00648	0.00463	0.00619	0.00740	0.00776	0.00434	0.00506	0.00748	0.01010	0.01344	0.02863	0.76475	0.03415	0.01619	0.00668	0.00213	0.00314	0.06234	0.00483	0.00427
15	0.00714	0.00550	0.00705	0.00705	0.00816	0.00520	0.01735	0.00906	0.02556	0.01658	0.32458	0.25806	0.19894	0.03345	0.00710	0.00193	0.02292	0.03466	0.00505	0.00467
16	0.11499	0.00900	0.01160	0.00900	0.01294	0.00810	0.00743	0.02427	0.01424	0.70372	0.01908	0.01670	0.01209	0.00627	0.00501	0.00161	0.00439	0.00497	0.00609	0.00851
17	0.00634	0.00453	0.00604	0.00725	0.00755	0.00423	0.00483	0.00725	0.00997	0.01329	0.02870	0.81358	0.03444	0.01632	0.00665	0.00211	0.00302	0.01480	0.00483	0.00423
18	0.01971	0.01705	0.01542	0.01233	0.01614	0.20381	0.00994	0.58755	0.02214	0.02799	0.01143	0.01175	0.00834	0.00604	0.00509	0.00151	0.00661	0.00437	0.00460	0.00818
19	0.00645	0.00461	0.00617	0.00738	0.00773	0.00432	0.00502	0.00744	0.01008	0.01342	0.02864	0.77342	0.03421	0.01621	0.00668	0.00213	0.00312	0.05389	0.00483	0.00426
20	0.00902	0.00520	0.00656	0.03068	0.00784	0.00532	0.00472	0.00971	0.03906	0.01374	0.01674	0.07700	0.06666	0.03977	0.01214	0.35823	0.01475	0.00597	0.27308	0.00380
21	0.71499	0.03182	0.00918	0.00776	0.01101	0.08807	0.00634	0.04930	0.01017	0.02248	0.00756	0.00873	0.00591	0.00494	0.00346	0.00157	0.00466	0.00295	0.00323	0.00585
22	0.01945	0.02482	0.01476	0.01342	0.01610	0.79608	0.01006	0.02079	0.01476	0.01275	0.00805	0.00939	0.00671	0.00537	0.00470	0.00134	0.00939	0.00335	0.00268	0.00604
23	0.05608	0.01315	0.01897	0.06949	0.58748	0.08939	0.01427	0.01613	0.01186	0.01671	0.00944	0.01226	0.00786	0.00471	0.00495	0.00150	0.00631	0.00434	0.00263	0.05248
24	0.00632	0.00463	0.00594	0.00698	0.00748	0.00425	0.00471	0.00728	0.01023	0.01340	0.03199	0.70915	0.13675	0.01589	0.00658	0.00207	0.00297	0.01428	0.00483	0.00425
25	0.02176	0.03463	0.36701	0.06227	0.11865	0.05046	0.15751	0.02863	0.04826	0.01674	0.02353	0.01274	0.00829	0.00513	0.00543	0.00165	0.02272	0.00459	0.00263	0.00737
26	0.01645	0.27974	0.01821	0.01076	0.01424	0.20893	0.00909	0.23670	0.02805	0.01895	0.01040	0.01243	0.00866	0.02617	0.00518	0.00147	0.02033	0.02099	0.04631	0.00694
27	0.01370	0.00854	0.04386	0.00874	0.01162	0.00734	0.01958	0.03979	0.07431	0.26448	0.26286	0.09784	0.02615	0.00860	0.00559	0.00163	0.00386	0.02218	0.00539	0.07395
28	0.03321	0.27113	0.53464	0.01281	0.01939	0.01471	0.01570	0.01618	0.01081	0.01536	0.00864	0.01012	0.00660	0.00479	0.00441	0.00148	0.00695	0.00349	0.00223	0.00733
29	0.00987	0.00896	0.05191	0.02481	0.13960	0.00818	0.00822	0.03595	0.13243	0.03796	0.28411	0.04393	0.17491	0.00906	0.00573	0.00167	0.00388	0.00785	0.00471	0.00625
30	0.00700	0.00520	0.00652	0.00641	0.00761	0.00472	0.00472	0.00903	0.01354	0.01855	0.54050	0.14968	0.18346	0.01191	0.00622	0.00173	0.00257	0.01047	0.00544	0.00472
31	0.00970	0.00645	0.00802	0.00779	0.00942	0.00621	0.00608	0.06725	0.03278	0.08698	0.24243	0.17505	0.14332	0.02720	0.00664	0.00194	0.00353	0.14858	0.00523	0.00539
32	0.01290	0.01620	0.11295	0.09509	0.15411	0.11827	0.36564	0.01670	0.01214	0.01579	0.00975	0.01281	0.00754	0.00479	0.00576	0.00166	0.02326	0.00508	0.00254	0.00703
33	0.04951	0.02211	0.58239	0.01376	0.04191	0.01129	0.01611	0.01698	0.05210	0.06155	0.07348	0.01404	0.01092	0.00560	0.00501	0.00165	0.00668	0.00447	0.00295	0.00749
34	0.00694	0.00523	0.00641	0.00628	0.00756	0.00470	0.00465	0.00893	0.01347	0.01826	0.50742	0.12174	0.24552	0.01192	0.00620	0.00172	0.00256	0.01040	0.00540	0.00470
35	0.09469	0.01038	0.02928	0.06635	0.01427	0.01106	0.00826	0.09024	0.34763	0.09960	0.06276	0.02204	0.07838	0.00751	0.00526	0.00173	0.00439	0.03402	0.00489	0.00729
36	0.10555	0.01310	0.07646	0.08697	0.50558	0.01250	0.03748	0.05394	0.01193	0.01809	0.00954	0.01232	0.00773	0.00489	0.00520	0.00160	0.02228	0.00443	0.00273	0.00767
37	0.00752	0.00479	0.00565	0.00617	0.00656	0.00466	0.00397	0.00843	0.00932	0.01347	0.02174	0.36085	0.02428	0.30188	0.01313	0.00297	0.00362	0.01004	0.18697	0.00398
38	0.07424	0.01220	0.01785	0.15605	0.44795	0.04042	0.01358	0.09858	0.01290	0.03108	0.00991	0.01257	0.00791	0.00495	0.00497	0.00155	0.00610	0.00442	0.00296	0.03981
39	0.01553	0.06661	0.01636	0.11494	0.11183	0.32118	0.01125	0.07938	0.08378	0.01575	0.00979	0.01175	0.00796	0.00589	0.00636	0.00158	0.10623	0.00413	0.00299	0.00671
40	0.00634	0.00453	0.00604	0.00725	0.00755	0.00423	0.00483	0.00725	0.00997	0.01329	0.02870	0.81358	0.03444	0.01632	0.00665	0.00211	0.00302	0.01480	0.00483	0.00423
41	0.01139	0.01084	0.01843	0.41076	0.41741	0.01198	0.01524	0.01467	0.01115	0.01520	0.00953	0.01338	0.00761	0.00492	0.00518	0.00164	0.00656	0.00463	0.00245	0.00704
42	0.12021	0.00900	0.01157	0.00898	0.01292	0.00812	0.00742	0.02420	0.01420	0.69891	0.01899	0.01664	0.01205	0.00626	0.00500	0.00161	0.00438	0.00496	0.00607	0.00849
43	0.00632	0.00461	0.00596	0.00704	0.00750	0.00425	0.00474	0.00727	0.01017	0.01338	0.03125	0.73268	0.11370	0.01598	0.00659	0.00208	0.00298	0.01440	0.00483	0.00425
44	0.00905	0.00452	0.00678	0.00678	0.00678	0.00452	0.00452	0.00678	0.00678	0.00905	0.00905	0.01583	0.00905	0.01809	0.02035	0.84848	0.00452	0.00452	0.00226	0.00226
45	0.00639	0.00461	0.00605	0.00710	0.00754	0.00427	0.00479	0.00740	0.01032	0.01372	0.06843	0.73051	0.07793	0.01585	0.00659	0.00207	0.00297	0.01431	0.00488	0.00427
46	0.01945	0.02482	0.01476	0.01342	0.01610	0.79608	0.01006	0.02079	0.01476	0.01275	0.00805	0.00939	0.00671	0.00537	0.00470	0.00134	0.00939	0.00335	0.00268	0.00604
47	0.01490	0.21516	0.23247	0.01358	0.06092	0.29544	0.01255	0.04468	0.01270	0.01461	0.00865	0.01024	0.00703	0.00605	0.02868	0.00161	0.00783	0.00354	0.00253	0.00684
48	0.01856	0.02298	0.01406	0.01280	0.01542	0.70924	0.00962	0.02073	0.05800	0.01362	0.00928	0.01050	0.00759	0.00550	0.00467	0.00136	0.00872	0.00358	0.04769	0.00610
49	0.01065	0.00913	0.01080	0.03041	0.01288	0.00700	0.00637	0.01296	0.01076	0.01676	0.00979	0.03313	0.00843	0.00424	0.00397	0.00084	0.00392	0.00345	0.00311	0.80139
50	0.03168	0.00561	0.00694	0.00660	0.00806	0.00514	0.00493	0.01039	0.01341	0.07549	0.47818	0.12569	0.16919	0.02746	0.00646	0.00178	0.00279	0.00977	0.00541	0.00502
51	0.00986	0.00676	0.00783	0.00804	0.00921	0.05052	0.00579	0.04395	0.01199	0.10684	0.10090	0.54168	0.03053	0.01346	0.00627	0.00195	0.00366	0.03059	0.00501	0.00517
52	0.05939	0.03351	0.22842	0.01893	0.17589	0.04012	0.19423	0.13748	0.01360	0.01936	0.00998	0.01211	0.00757	0.00504	0.00541	0.00163	0.02217	0.00461	0.00294	0.00761
53	0.01565	0.04061	0.08492	0.04185	0.24102	0.25966	0.03855	0.10193	0.01386	0.04039	0.00956	0.01156	0.00763	0.00546	0.00585	0.00155	0.06556	0.00418	0.00295	0.00725

[dist]
# distance from previous block
# <min> <max>
1	6

[block]
# block no. 5 follows, 47 sequences, length 41
# corresponding to MSA columns:
# 306-346
name=unknown_F
#
# <colnr> <probs for GDERKNQSTAVLIFYWHMCP>
#	G	D	E	R	K	N	Q	S	T	A	V	L	I	F	Y	W	H	M	C	P
0	0.00929	0.00648	0.00792	0.00797	0.00953	0.00630	0.00626	0.08113	0.02923	0.05895	0.10025	0.22733	0.19513	0.02619	0.00673	0.00203	0.00374	0.20530	0.00501	0.00523
1	0.04158	0.09345	0.21377	0.02862	0.05867	0.01103	0.07302	0.03229	0.04631	0.23065	0.02821	0.07219	0.01238	0.00656	0.00516	0.00165	0.00575	0.02726	0.00399	0.00746
2	0.05120	0.37541	0.05717	0.01555	0.20044	0.09625	0.03016	0.01732	0.05278	0.04557	0.00940	0.01080	0.00779	0.00485	0.00424	0.00136	0.00610	0.00369	0.00274	0.00717
3	0.01813	0.09952	0.05918	0.05435	0.05057	0.03117	0.00922	0.05668	0.04815	0.41838	0.04839	0.02895	0.02623	0.00656	0.00511	0.00159	0.00502	0.01993	0.00501	0.00787
4	0.00643	0.00514	0.00571	0.00586	0.00721	0.00447	0.00425	0.00783	0.01188	0.01494	0.16841	0.18660	0.50229	0.03682	0.00684	0.00190	0.00275	0.01132	0.00494	0.00442
5	0.05517	0.00597	0.00719	0.03639	0.00939	0.00572	0.00542	0.04244	0.01125	0.01563	0.07936	0.47435	0.14677	0.01306	0.00603	0.00186	0.00330	0.01151	0.00460	0.06459
6	0.01275	0.20862	0.07276	0.11000	0.12522	0.01484	0.28715	0.05671	0.01207	0.01602	0.00943	0.01215	0.00748	0.00480	0.00540	0.00157	0.02867	0.00469	0.00259	0.00707
7	0.44682	0.01256	0.10398	0.04141	0.01367	0.05481	0.00849	0.04419	0.01125	0.14213	0.01124	0.01367	0.00864	0.00576	0.00422	0.00164	0.00503	0.04559	0.01845	0.00648
8	0.00834	0.00519	0.00589	0.00618	0.00716	0.00504	0.00440	0.03933	0.01122	0.01686	0.05988	0.31799	0.09044	0.04659	0.00617	0.00180	0.00291	0.00941	0.35055	0.00467
9	0.01150	0.00955	0.01103	0.00815	0.01246	0.00778	0.00649	0.09489	0.01224	0.01847	0.01081	0.06040	0.00948	0.00488	0.00418	0.00094	0.00401	0.00398	0.00342	0.70533
10	0.15393	0.01603	0.19279	0.10228	0.06751	0.07365	0.01219	0.19066	0.01394	0.02061	0.01043	0.01352	0.00827	0.00595	0.00551	0.00166	0.05143	0.03727	0.01534	0.00703
11	0.00634	0.00453	0.00604	0.00725	0.00755	0.00423	0.00483	0.00725	0.00997	0.01329	0.02870	0.81358	0.03444	0.01632	0.00665	0.00211	0.00302	0.01480	0.00483	0.00423
12	0.01045	0.02694	0.79000	0.01484	0.02254	0.01209	0.01924	0.01649	0.01099	0.01649	0.00935	0.01099	0.00660	0.00495	0.00495	0.00165	0.00770	0.00385	0.00220	0.00770
13	0.00619	0.00524	0.00535	0.00541	0.00708	0.00440	0.00403	0.00751	0.01183	0.01417	0.06709	0.09149	0.72588	0.01330	0.00618	0.00178	0.00265	0.01116	0.00486	0.00440
14	0.00763	0.00539	0.00756	0.00761	0.00841	0.00605	0.00569	0.00923	0.00856	0.01254	0.01520	0.05555	0.01479	0.14584	0.57925	0.00696	0.01114	0.00618	0.08196	0.00444
15	0.01945	0.02482	0.01476	0.01342	0.01610	0.79608	0.01006	0.02079	0.01476	0.01275	0.00805	0.00939	0.00671	0.00537	0.00470	0.00134	0.00939	0.00335	0.00268	0.00604
16	0.01924	0.01429	0.01563	0.05663	0.01726	0.01589	0.01016	0.72467	0.02369	0.03172	0.01232	0.01258	0.00875	0.00619	0.00521	0.00157	0.00580	0.00469	0.00505	0.00868
17	0.01250	0.01099	0.01616	0.11843	0.21198	0.03344	0.08026	0.09866	0.02530	0.01799	0.01123	0.01418	0.00902	0.00596	0.00691	0.00164	0.13813	0.00480	0.17572	0.00671
18	0.00738	0.00497	0.00574	0.00593	0.00597	0.00492	0.00342	0.00752	0.00795	0.01060	0.01833	0.15609	0.02136	0.69165	0.02340	0.00459	0.00473	0.00871	0.00342	0.00332
19	0.01248	0.01071	0.01137	0.01036	0.01312	0.01233	0.00800	0.02622	0.72079	0.02118	0.02173	0.07579	0.01721	0.00772	0.00539	0.00179	0.00404	0.00652	0.00527	0.00796
20	0.07469	0.03462	0.01427	0.13418	0.05932	0.12034	0.00987	0.23773	0.01526	0.04762	0.01253	0.03381	0.04215	0.00622	0.00555	0.00153	0.05050	0.00469	0.00369	0.09141
21	0.01609	0.07604	0.01707	0.06108	0.23306	0.44218	0.01162	0.01807	0.01328	0.01400	0.01054	0.01236	0.04174	0.00544	0.00482	0.00142	0.00778	0.00409	0.00270	0.00662
22	0.01016	0.00621	0.00800	0.00747	0.00861	0.00652	0.00542	0.05061	0.00984	0.10545	0.01574	0.02474	0.01501	0.32178	0.32996	0.00558	0.00843	0.00620	0.04945	0.00483
23	0.64884	0.01068	0.00929	0.03988	0.01214	0.01233	0.00673	0.10868	0.07320	0.02399	0.00911	0.01007	0.00692	0.00520	0.00372	0.00162	0.00436	0.00337	0.00360	0.00625
24	0.03285	0.01959	0.48013	0.01469	0.07254	0.01066	0.07099	0.01488	0.03244	0.01594	0.01221	0.11507	0.01080	0.00734	0.00633	0.06182	0.00664	0.00556	0.00272	0.00681
25	0.00905	0.00452	0.00678	0.00678	0.00678	0.00452	0.00452	0.00678	0.00678	0.00905	0.00905	0.01583	0.00905	0.01809	0.02035	0.84848	0.00452	0.00452	0.00226	0.00226
26	0.02282	0.00973	0.01262	0.00968	0.01373	0.00895	0.00800	0.13833	0.01636	0.67309	0.01932	0.01693	0.01228	0.00642	0.00523	0.00160	0.00463	0.00515	0.00626	0.00886
27	0.00652	0.00471	0.00607	0.00693	0.00742	0.00437	0.00467	0.00757	0.01048	0.01398	0.11309	0.62324	0.08816	0.06712	0.00784	0.00223	0.00306	0.01347	0.00483	0.00425
28	0.80801	0.01032	0.00809	0.00713	0.01040	0.01193	0.00587	0.05656	0.00972	0.02388	0.00754	0.00868	0.00582	0.00491	0.00333	0.00161	0.00412	0.00292	0.00333	0.00582
29	0.00757	0.00506	0.00576	0.00576	0.00578	0.00509	0.00325	0.00762	0.00760	0.01015	0.01634	0.03369	0.01876	0.79481	0.04844	0.00514	0.00530	0.00752	0.00315	0.00320
30	0.00971	0.00485	0.00485	0.00485	0.00607	0.00485	0.00364	0.01213	0.01092	0.01942	0.01699	0.01942	0.01335	0.00607	0.00364	0.00121	0.00243	0.00485	0.84589	0.00485
31	0.48764	0.00927	0.00922	0.03679	0.01180	0.00986	0.00649	0.01835	0.01107	0.27619	0.01242	0.01251	0.00864	0.00547	0.00399	0.00159	0.00416	0.00383	0.06407	0.00666
32	0.55406	0.22545	0.03490	0.00802	0.01168	0.05071	0.00717	0.02967	0.00994	0.01992	0.00744	0.00862	0.00605	0.00479	0.00341	0.00147	0.00482	0.00290	0.00294	0.00605
33	0.00660	0.00526	0.00594	0.00605	0.00750	0.00460	0.00455	0.00820	0.01234	0.01563	0.21353	0.12464	0.49230	0.01301	0.00627	0.00181	0.00278	0.05945	0.00504	0.00452
34	0.00737	0.00556	0.00744	0.00734	0.00821	0.00600	0.00544	0.00881	0.00932	0.01281	0.09038	0.02912	0.13438	0.18618	0.43024	0.00593	0.03055	0.00712	0.00343	0.00437
35	0.47459	0.24292	0.03701	0.00833	0.01204	0.04941	0.00746	0.07018	0.01093	0.02015	0.02307	0.00944	0.00711	0.00497	0.00357	0.00146	0.00491	0.00313	0.00308	0.00623
36	0.01514	0.01099	0.01690	0.02195	0.44980	0.01065	0.01218	0.07066	0.01349	0.19301	0.04265	0.01646	0.04534	0.00572	0.00519	0.00153	0.00533	0.00515	0.00389	0.05396
37	0.02927	0.57884	0.20046	0.01048	0.01555	0.06218	0.01127	0.01609	0.01088	0.01346	0.00777	0.00902	0.00665	0.00463	0.00378	0.00126	0.00624	0.00306	0.00227	0.00686
38	0.01868	0.02326	0.01467	0.01325	0.01578	0.70957	0.01003	0.03990	0.01446	0.01325	0.00826	0.00989	0.00695	0.00653	0.02724	0.00159	0.05438	0.00352	0.00273	0.00605
39	0.01188	0.00912	0.01082	0.00785	0.01233	0.00695	0.00628	0.01414	0.01117	0.08918	0.01072	0.02830	0.00876	0.00436	0.00404	0.00088	0.00389	0.00353	0.00344	0.75236
40	0.43380	0.09300	0.00961	0.00716	0.00985	0.03195	0.00585	0.01452	0.02311	0.05262	0.10225	0.07109	0.01436	0.00656	0.00403	0.00155	0.00391	0.00486	0.10426	0.00566

[dist]
# distance from previous block
# <min> <max>
2	6

[block]
# block no. 6 follows, 47 sequences, length 20
# corresponding to MSA columns:
# 353-372
name=unknown_G
#
# <colnr> <probs for GDERKNQSTAVLIFYWHMCP>
#	G	D	E	R	K	N	Q	S	T	A	V	L	I	F	Y	W	H	M	C	P
0	0.01545	0.39684	0.09397	0.02755	0.01539	0.08743	0.01022	0.17300	0.01406	0.05787	0.01045	0.01130	0.02648	0.00546	0.00470	0.00138	0.03433	0.00377	0.00318	0.00718
1	0.10273	0.01113	0.01534	0.06743	0.04179	0.02847	0.12269	0.09163	0.10231	0.01776	0.01424	0.05997	0.05543	0.02561	0.02335	0.00205	0.20247	0.00579	0.00343	0.00638
2	0.01437	0.01009	0.01313	0.01075	0.04159	0.00935	0.06135	0.16607	0.03823	0.15218	0.01511	0.12771	0.01294	0.00673	0.00502	0.00140	0.00465	0.00581	0.00436	0.29916
3	0.00644	0.00458	0.00605	0.00715	0.00747	0.00429	0.00475	0.00735	0.01001	0.01338	0.05314	0.74810	0.03414	0.05691	0.00764	0.00225	0.00311	0.01426	0.00478	0.00420
4	0.04051	0.07677	0.31580	0.03648	0.06510	0.01266	0.19687	0.02678	0.01130	0.03960	0.01054	0.03889	0.00839	0.00554	0.00597	0.00167	0.06423	0.00486	0.03095	0.00707
5	0.05695	0.09288	0.09682	0.02505	0.01644	0.17962	0.04049	0.28799	0.06070	0.05093	0.01130	0.01200	0.00844	0.00565	0.00480	0.00150	0.00651	0.00420	0.03025	0.00750
6	0.00789	0.00568	0.00694	0.00668	0.00811	0.00523	0.00502	0.03794	0.01376	0.04031	0.44248	0.13458	0.22423	0.01177	0.00617	0.00174	0.00281	0.02830	0.00538	0.00496
7	0.01406	0.01186	0.06365	0.01049	0.01385	0.01197	0.00877	0.11915	0.47908	0.09606	0.07597	0.02008	0.03719	0.00719	0.00534	0.00171	0.00443	0.00593	0.00521	0.00800
8	0.01792	0.08383	0.01559	0.01125	0.01513	0.04077	0.00931	0.52165	0.13127	0.05120	0.01478	0.01449	0.03616	0.00643	0.00508	0.00155	0.00546	0.00489	0.00491	0.00833
9	0.00632	0.00462	0.00595	0.00702	0.00749	0.00425	0.00473	0.00728	0.01019	0.01338	0.03149	0.72498	0.12125	0.01595	0.00659	0.00207	0.00298	0.01436	0.00483	0.00425
10	0.01392	0.82012	0.02729	0.00891	0.01337	0.02061	0.00891	0.01559	0.01058	0.01225	0.00724	0.00835	0.00668	0.00446	0.00334	0.00111	0.00557	0.00278	0.00223	0.00668
11	0.00639	0.00459	0.00603	0.00713	0.00750	0.00427	0.00477	0.00733	0.01010	0.01343	0.04675	0.75112	0.06149	0.03345	0.00705	0.00215	0.00304	0.01438	0.00482	0.00423
12	0.01980	0.01459	0.01563	0.01198	0.01615	0.01615	0.00990	0.76713	0.02448	0.03282	0.01250	0.01250	0.00886	0.00625	0.00521	0.00156	0.00573	0.00469	0.00521	0.00886
13	0.08661	0.22566	0.07600	0.01179	0.01539	0.45006	0.01009	0.04209	0.01323	0.01441	0.00802	0.00927	0.00667	0.00509	0.00426	0.00134	0.00773	0.00324	0.00265	0.00638
14	0.00983	0.00926	0.01562	0.80447	0.03587	0.01157	0.01446	0.01331	0.01041	0.01331	0.00926	0.01388	0.00694	0.00521	0.00521	0.00174	0.00694	0.00463	0.00231	0.00579
15	0.10089	0.07029	0.01011	0.05130	0.01128	0.06327	0.00658	0.13318	0.01299	0.02007	0.01387	0.01746	0.01137	0.02066	0.02895	0.00168	0.00459	0.03928	0.37637	0.00581
16	0.00640	0.00530	0.00564	0.00577	0.00738	0.00454	0.00439	0.00785	0.01195	0.01454	0.09134	0.08588	0.64861	0.01328	0.00626	0.00182	0.00281	0.06692	0.00488	0.00445
17	0.01222	0.01244	0.01722	0.11595	0.01809	0.06856	0.08341	0.04893	0.00994	0.01399	0.00785	0.01188	0.00704	0.00777	0.01312	0.00206	0.53640	0.00464	0.00248	0.00601
