[name]
unknown

[dist]
# distance from previous block
# <min> <max>
53	113

[block]
# block no. 0 follows, 49 sequences, length 9
# corresponding to MSA columns:
# 140-148
name=unknown_A
#
# <colnr> <probs for GDERKNQSTAVLIFYWHMCP>
#	G	D	E	R	K	N	Q	S	T	A	V	L	I	F	Y	W	H	M	C	P
0	0.05423	0.10166	0.01388	0.07262	0.03410	0.01170	0.00837	0.25219	0.01491	0.12813	0.01395	0.08433	0.02929	0.02333	0.00544	0.00153	0.02405	0.00519	0.00411	0.11700
1	0.00791	0.00624	0.00721	0.00721	0.00756	0.04296	0.00488	0.00856	0.00829	0.01105	0.01664	0.17319	0.01866	0.42319	0.17379	0.00466	0.06307	0.00787	0.00321	0.00385
2	0.50910	0.04034	0.02884	0.07073	0.01275	0.07061	0.00707	0.06696	0.01057	0.04803	0.02817	0.01182	0.00814	0.06233	0.00529	0.00177	0.00482	0.00363	0.00326	0.00574
3	0.00905	0.00713	0.00878	0.06347	0.01056	0.00708	0.00572	0.04474	0.00942	0.01333	0.01397	0.10705	0.01490	0.35923	0.01469	0.00290	0.06791	0.00638	0.00319	0.23049
4	0.00727	0.00522	0.00711	0.00711	0.00766	0.00577	0.00505	0.00838	0.00782	0.01098	0.01448	0.02503	0.01488	0.34424	0.49900	0.00687	0.01017	0.00617	0.00285	0.00395
5	0.01049	0.00899	0.01049	0.00749	0.01198	0.00674	0.00599	0.01273	0.01049	0.01648	0.00899	0.01049	0.00749	0.00374	0.00374	0.00075	0.00374	0.00300	0.00300	0.85320
6	0.00878	0.00439	0.00659	0.00659	0.00659	0.00439	0.00439	0.00659	0.00659	0.00878	0.00878	0.01537	0.00878	0.01757	0.01976	0.85288	0.00439	0.00439	0.00220	0.00220
7	0.01389	0.23279	0.24459	0.01096	0.01593	0.01398	0.01135	0.19406	0.03978	0.06497	0.01095	0.03987	0.00866	0.00544	0.00445	0.00139	0.00571	0.00412	0.00333	0.07376
8	0.01377	0.18993	0.01792	0.01294	0.09655	0.06652	0.07523	0.16453	0.01352	0.03654	0.01266	0.01389	0.06881	0.00574	0.00552	0.00139	0.07059	0.00444	0.00325	0.12626

[dist]
# distance from previous block
# <min> <max>
2	41

[block]
# block no. 1 follows, 49 sequences, length 13
# corresponding to MSA columns:
# 190-202
name=unknown_B
#
# <colnr> <probs for GDERKNQSTAVLIFYWHMCP>
#	G	D	E	R	K	N	Q	S	T	A	V	L	I	F	Y	W	H	M	C	P
0	0.12946	0.21359	0.24023	0.01044	0.01527	0.01337	0.01090	0.10321	0.04774	0.13377	0.03014	0.01190	0.00890	0.00526	0.00431	0.00146	0.00551	0.00387	0.00345	0.00721
1	0.00697	0.00568	0.00634	0.00592	0.00781	0.00477	0.00445	0.00853	0.01155	0.01500	0.15837	0.09237	0.45724	0.03789	0.00634	0.00168	0.00287	0.02699	0.00452	0.13470
2	0.14146	0.05544	0.23455	0.01654	0.04289	0.01271	0.36301	0.01573	0.01083	0.01680	0.00912	0.01161	0.00690	0.00465	0.00545	0.00164	0.03681	0.00461	0.00250	0.00676
3	0.00878	0.00439	0.00659	0.00659	0.00659	0.00439	0.00439	0.00659	0.00659	0.00878	0.00878	0.01537	0.00878	0.01757	0.01976	0.85288	0.00439	0.00439	0.00220	0.00220
4	0.13785	0.00663	0.03591	0.00676	0.00847	0.00600	0.00545	0.01032	0.01273	0.01938	0.51262	0.07940	0.09225	0.00990	0.00555	0.00165	0.00294	0.03637	0.00492	0.00490
5	0.01178	0.01062	0.01842	0.20199	0.02249	0.01010	0.27385	0.01527	0.03006	0.07726	0.01057	0.01302	0.00797	0.00451	0.00497	0.00139	0.00616	0.00461	0.00298	0.27198
6	0.05977	0.02140	0.55384	0.01360	0.01978	0.01175	0.07130	0.01752	0.12906	0.01727	0.01099	0.01221	0.00800	0.00510	0.00481	0.00161	0.00668	0.00417	0.02379	0.00732
7	0.01117	0.41823	0.29392	0.01014	0.01517	0.01468	0.01144	0.01424	0.01061	0.01362	0.01454	0.01524	0.12660	0.00580	0.00421	0.00136	0.00570	0.00429	0.00254	0.00649
8	0.01061	0.00988	0.01583	0.48351	0.22783	0.01139	0.01339	0.01520	0.10519	0.01510	0.03575	0.01468	0.00946	0.00530	0.00508	0.00164	0.00607	0.00480	0.00278	0.00650
9	0.00707	0.00571	0.00724	0.12922	0.01121	0.00558	0.00562	0.00888	0.01172	0.01523	0.27880	0.03791	0.33841	0.10606	0.00816	0.00204	0.00342	0.00884	0.00441	0.00450
10	0.01258	0.01086	0.01143	0.01029	0.01315	0.01258	0.00800	0.02687	0.78161	0.02115	0.02058	0.01887	0.01544	0.00686	0.00515	0.00172	0.00400	0.00572	0.00515	0.00800
11	0.00834	0.00599	0.00735	0.00770	0.00857	0.00601	0.00543	0.12497	0.01172	0.01563	0.02441	0.60230	0.02820	0.08262	0.00789	0.00222	0.00356	0.03776	0.00461	0.00473
12	0.00811	0.00580	0.00644	0.00631	0.00676	0.00605	0.00389	0.01034	0.12638	0.01168	0.01715	0.06412	0.01857	0.66296	0.02176	0.00429	0.00468	0.00740	0.00345	0.00387

[dist]
# distance from previous block
# <min> <max>
0	5

[block]
# block no. 2 follows, 49 sequences, length 16
# corresponding to MSA columns:
# 208-223
name=unknown_C
#
# <colnr> <probs for GDERKNQSTAVLIFYWHMCP>
#	G	D	E	R	K	N	Q	S	T	A	V	L	I	F	Y	W	H	M	C	P
0	0.01231	0.01060	0.01121	0.01016	0.01291	0.01223	0.00787	0.02606	0.75000	0.02082	0.02088	0.05163	0.01617	0.00723	0.00520	0.00173	0.00396	0.00607	0.00513	0.00784
1	0.01880	0.02949	0.01367	0.01047	0.01430	0.01263	0.00860	0.39393	0.14834	0.25332	0.01568	0.01464	0.01083	0.00617	0.00501	0.00154	0.00489	0.00483	0.00532	0.02755
2	0.01220	0.49498	0.18848	0.00966	0.01470	0.01565	0.01029	0.01486	0.01040	0.01367	0.00785	0.00912	0.00667	0.00432	0.00368	0.00113	0.00553	0.00298	0.00232	0.17152
3	0.69270	0.00873	0.00727	0.00664	0.00916	0.00999	0.00527	0.01325	0.00821	0.01998	0.00738	0.00961	0.00612	0.00720	0.00637	0.16728	0.00401	0.00306	0.00295	0.00484
4	0.00619	0.00459	0.00578	0.00662	0.00725	0.00418	0.00453	0.00724	0.01034	0.01353	0.08096	0.61916	0.18137	0.01490	0.00633	0.00196	0.00283	0.01332	0.00475	0.00418
5	0.00923	0.00689	0.00798	0.00710	0.00890	0.00678	0.00545	0.15770	0.01522	0.02058	0.43383	0.05063	0.20227	0.03700	0.00645	0.00172	0.00314	0.00863	0.00518	0.00534
6	0.01146	0.01226	0.02316	0.13415	0.02425	0.03184	0.47331	0.01505	0.01134	0.01557	0.00966	0.01282	0.00744	0.00442	0.00563	0.00152	0.02713	0.00506	0.00259	0.17134
7	0.00687	0.00583	0.00621	0.00570	0.00786	0.00474	0.00431	0.00831	0.01121	0.01416	0.04157	0.08863	0.59016	0.01123	0.00557	0.00154	0.00281	0.00941	0.00436	0.16951
8	0.85801	0.00978	0.00743	0.00665	0.00978	0.01134	0.00548	0.01486	0.00861	0.02269	0.00704	0.00821	0.00548	0.00469	0.00313	0.00156	0.00391	0.00274	0.00313	0.00548
9	0.69473	0.01063	0.00894	0.00762	0.01093	0.01219	0.00628	0.16261	0.01156	0.02447	0.00803	0.00898	0.00608	0.00496	0.00350	0.00156	0.00423	0.00309	0.00350	0.00608
10	0.01675	0.01469	0.01498	0.16786	0.04482	0.15951	0.01058	0.44357	0.01864	0.02363	0.01101	0.03085	0.00842	0.00589	0.00500	0.00152	0.00640	0.00453	0.00397	0.00739
11	0.00746	0.00556	0.00755	0.09347	0.01094	0.00565	0.00646	0.00904	0.01036	0.01357	0.07373	0.22011	0.08386	0.17047	0.01017	0.00260	0.00423	0.25631	0.00416	0.00430
12	0.00741	0.00563	0.00697	0.03823	0.00874	0.00537	0.00507	0.04101	0.01309	0.01768	0.43939	0.08764	0.22500	0.04691	0.02774	0.00197	0.00317	0.00930	0.00496	0.00472
13	0.17628	0.00957	0.01109	0.00927	0.05146	0.00879	0.02114	0.01475	0.05949	0.05159	0.00978	0.01106	0.00782	0.00450	0.00442	0.00112	0.03808	0.00340	0.00323	0.50316
14	0.01095	0.00945	0.01429	0.45966	0.05254	0.04369	0.04018	0.04361	0.01078	0.06354	0.01065	0.01463	0.00840	0.01163	0.16055	0.00292	0.02922	0.00472	0.00274	0.00585
15	0.01011	0.00936	0.01518	0.57314	0.04349	0.01120	0.05022	0.04471	0.01052	0.01392	0.00981	0.03591	0.00811	0.03801	0.00678	0.00181	0.06781	0.00488	0.00251	0.04252

[dist]
# distance from previous block
# <min> <max>
4	22

[block]
# block no. 3 follows, 49 sequences, length 6
# corresponding to MSA columns:
# 250-255
name=unknown_D
#
# <colnr> <probs for GDERKNQSTAVLIFYWHMCP>
#	G	D	E	R	K	N	Q	S	T	A	V	L	I	F	Y	W	H	M	C	P
0	0.01372	0.01188	0.06819	0.04708	0.05298	0.02661	0.00906	0.26195	0.10872	0.06130	0.01639	0.07298	0.06562	0.00742	0.02158	0.00162	0.00508	0.00554	0.00420	0.13810
1	0.03941	0.01317	0.10885	0.04486	0.09072	0.05478	0.24001	0.03755	0.01141	0.01608	0.01179	0.11709	0.01071	0.00604	0.00547	0.00153	0.02801	0.00575	0.00294	0.15384
2	0.01137	0.01087	0.01606	0.35785	0.24480	0.06630	0.03783	0.05692	0.01218	0.01603	0.10853	0.01592	0.01244	0.00561	0.00515	0.00159	0.00614	0.00506	0.00294	0.00642
3	0.00894	0.00706	0.00931	0.04446	0.01036	0.00771	0.03561	0.08845	0.01060	0.01435	0.06237	0.18539	0.07339	0.26974	0.05341	0.00315	0.09918	0.00819	0.00368	0.00465
4	0.01088	0.01271	0.08196	0.20514	0.08859	0.01166	0.42187	0.01471	0.01122	0.01521	0.01105	0.07067	0.00922	0.00533	0.00562	0.00170	0.00743	0.00593	0.00260	0.00649
5	0.01004	0.00962	0.01668	0.67149	0.12248	0.01142	0.06015	0.01342	0.01039	0.01354	0.00912	0.01338	0.00695	0.00494	0.00511	0.00167	0.00676	0.00458	0.00230	0.00597

[dist]
# distance from previous block
# <min> <max>
0	1

[block]
# block no. 4 follows, 49 sequences, length 9
# corresponding to MSA columns:
# 257-265
name=unknown_E
#
# <colnr> <probs for GDERKNQSTAVLIFYWHMCP>
#	G	D	E	R	K	N	Q	S	T	A	V	L	I	F	Y	W	H	M	C	P
0	0.01155	0.01265	0.02608	0.14620	0.07840	0.01264	0.55872	0.01541	0.01138	0.01547	0.00978	0.01339	0.00749	0.00466	0.00636	0.00172	0.05342	0.00555	0.00249	0.00664
1	0.01014	0.02616	0.79609	0.01441	0.02189	0.01174	0.01868	0.01601	0.01068	0.01601	0.00907	0.01068	0.00641	0.00480	0.00480	0.00160	0.00747	0.00374	0.00214	0.00747
2	0.01722	0.01495	0.10137	0.09481	0.01835	0.01479	0.01107	0.61126	0.02091	0.02815	0.01147	0.01212	0.00816	0.00583	0.00503	0.00154	0.00590	0.00446	0.00444	0.00817
3	0.01603	0.40833	0.02069	0.01052	0.01441	0.14485	0.04327	0.16157	0.01389	0.08430	0.00959	0.01043	0.00765	0.00593	0.02705	0.00147	0.00632	0.00358	0.00318	0.00693
4	0.00722	0.00542	0.00813	0.00813	0.00903	0.00632	0.00632	0.00903	0.00813	0.01174	0.01354	0.01987	0.01264	0.03792	0.80225	0.00813	0.01354	0.00542	0.00271	0.00451
5	0.00801	0.00572	0.00799	0.00916	0.01026	0.00570	0.00791	0.01024	0.01151	0.01498	0.02685	0.10859	0.02940	0.01410	0.00695	0.00231	0.00454	0.70649	0.00466	0.00462
6	0.01388	0.77112	0.02567	0.00895	0.01316	0.07291	0.00873	0.01548	0.01055	0.01193	0.00708	0.00818	0.00649	0.00439	0.00333	0.00110	0.00566	0.00274	0.00219	0.00645
7	0.01107	0.00939	0.01079	0.00791	0.01225	0.00763	0.00633	0.05095	0.07131	0.01759	0.01005	0.01122	0.00816	0.00410	0.00392	0.00086	0.00385	0.00328	0.00326	0.74606
8	0.01644	0.01856	0.10477	0.01818	0.25401	0.36393	0.01224	0.01887	0.01307	0.11799	0.01009	0.01141	0.00776	0.00509	0.00479	0.00143	0.00734	0.00394	0.00301	0.00707

[dist]
# distance from previous block
# <min> <max>
0	1

[block]
# block no. 5 follows, 49 sequences, length 14
# corresponding to MSA columns:
# 267-280
name=unknown_F
#
# <colnr> <probs for GDERKNQSTAVLIFYWHMCP>
#	G	D	E	R	K	N	Q	S	T	A	V	L	I	F	Y	W	H	M	C	P
0	0.01196	0.01356	0.02937	0.02180	0.06469	0.01275	0.73449	0.01616	0.01191	0.01621	0.01019	0.01358	0.00769	0.00427	0.00592	0.00169	0.00840	0.00589	0.00255	0.00688
1	0.48245	0.01190	0.05155	0.05536	0.01377	0.01258	0.00799	0.24842	0.01363	0.04689	0.00920	0.01012	0.00676	0.00519	0.00398	0.00156	0.00478	0.00352	0.00371	0.00664
2	0.00615	0.00444	0.00583	0.00694	0.00731	0.00412	0.00465	0.00705	0.00977	0.01295	0.02905	0.78001	0.07166	0.01569	0.00643	0.00204	0.00291	0.01419	0.00469	0.00412
3	0.00943	0.00471	0.00471	0.00471	0.00589	0.00471	0.00353	0.01178	0.01060	0.01885	0.01650	0.01885	0.01296	0.00589	0.00353	0.00118	0.00236	0.00471	0.85036	0.00471
4	0.00616	0.00440	0.00587	0.00704	0.00733	0.00411	0.00469	0.00704	0.00968	0.01291	0.02787	0.81899	0.03344	0.01584	0.00645	0.00205	0.00293	0.01438	0.00469	0.00411
5	0.85801	0.00978	0.00743	0.00665	0.00978	0.01134	0.00548	0.01486	0.00861	0.02269	0.00704	0.00821	0.00548	0.00469	0.00313	0.00156	0.00391	0.00274	0.00313	0.00548
6	0.02250	0.00890	0.01192	0.00914	0.01306	0.00787	0.00755	0.06455	0.01497	0.75364	0.01953	0.01694	0.01231	0.00625	0.00508	0.00156	0.00437	0.00506	0.00619	0.00861
7	0.00620	0.00448	0.00587	0.00690	0.00732	0.00415	0.00465	0.00718	0.01002	0.01333	0.06878	0.73742	0.07418	0.01539	0.00640	0.00201	0.00289	0.01391	0.00474	0.00415
8	0.00735	0.00490	0.00552	0.00552	0.00552	0.00490	0.00306	0.00735	0.00735	0.00980	0.01593	0.03309	0.01838	0.82229	0.02574	0.00490	0.00490	0.00735	0.00306	0.00306
9	0.01487	0.62406	0.02344	0.00975	0.01365	0.21645	0.00893	0.01641	0.01129	0.01202	0.00723	0.00836	0.00650	0.00455	0.00357	0.00114	0.00634	0.00284	0.00227	0.00633
10	0.00598	0.00512	0.00512	0.00512	0.00683	0.00427	0.00384	0.00726	0.01153	0.01366	0.05123	0.04866	0.78869	0.01281	0.00598	0.00171	0.00256	0.01067	0.00470	0.00427
11	0.06672	0.00867	0.01151	0.00887	0.01274	0.00764	0.00733	0.02413	0.01416	0.75357	0.01927	0.01674	0.01215	0.00618	0.00498	0.00156	0.00428	0.00496	0.00609	0.00844
12	0.02269	0.00861	0.01174	0.00900	0.01291	0.00743	0.00743	0.02464	0.01447	0.79425	0.01995	0.01721	0.01252	0.00626	0.00509	0.00156	0.00430	0.00509	0.00626	0.00861
13	0.01258	0.01086	0.01143	0.01029	0.01315	0.01258	0.00800	0.02687	0.78161	0.02115	0.02058	0.01887	0.01544	0.00686	0.00515	0.00172	0.00400	0.00572	0.00515	0.00800

[dist]
# distance from previous block
# <min> <max>
0	27

[block]
# block no. 6 follows, 49 sequences, length 44
# corresponding to MSA columns:
# 308-351
name=unknown_G
#
# <colnr> <probs for GDERKNQSTAVLIFYWHMCP>
#	G	D	E	R	K	N	Q	S	T	A	V	L	I	F	Y	W	H	M	C	P
0	0.01866	0.02375	0.01484	0.01330	0.01599	0.77581	0.03506	0.02006	0.01425	0.01250	0.00790	0.00927	0.00655	0.00518	0.00461	0.00132	0.00910	0.00335	0.00260	0.00589
1	0.85801	0.00978	0.00743	0.00665	0.00978	0.01134	0.00548	0.01486	0.00861	0.02269	0.00704	0.00821	0.00548	0.00469	0.00313	0.00156	0.00391	0.00274	0.00313	0.00548
2	0.00616	0.00440	0.00587	0.00704	0.00733	0.00411	0.00469	0.00704	0.00968	0.01291	0.02787	0.81899	0.03344	0.01584	0.00645	0.00205	0.00293	0.01438	0.00469	0.00411
3	0.01374	0.79243	0.02600	0.00883	0.01309	0.05212	0.00870	0.01535	0.01044	0.01192	0.00706	0.00815	0.00649	0.00436	0.00330	0.00109	0.00556	0.00273	0.00218	0.00646
4	0.00889	0.00669	0.00907	0.06830	0.01252	0.00705	0.00845	0.03396	0.08251	0.01590	0.02453	0.08360	0.02581	0.01252	0.00659	0.00219	0.00470	0.57707	0.00454	0.00512
5	0.76971	0.01011	0.00824	0.02790	0.01090	0.01168	0.00603	0.07478	0.00984	0.02316	0.00749	0.00866	0.00576	0.00481	0.00333	0.00156	0.00412	0.00293	0.00326	0.00573
6	0.00955	0.00899	0.01517	0.81013	0.03483	0.01123	0.01404	0.01292	0.01011	0.01292	0.00899	0.01348	0.00674	0.00506	0.00506	0.00169	0.00674	0.00449	0.00225	0.00562
7	0.01018	0.00963	0.01630	0.64473	0.19531	0.01140	0.01436	0.01347	0.01041	0.01368	0.00910	0.01328	0.00701	0.00494	0.00505	0.00165	0.00659	0.00450	0.00230	0.00613
8	0.00631	0.00446	0.00582	0.00686	0.00711	0.00420	0.00450	0.00708	0.00940	0.01253	0.02642	0.72327	0.03161	0.11406	0.00880	0.00240	0.00317	0.01352	0.00450	0.00398
9	0.00943	0.00471	0.00471	0.00471	0.00589	0.00471	0.00353	0.01178	0.01060	0.01885	0.01650	0.01885	0.01296	0.00589	0.00353	0.00118	0.00236	0.00471	0.85036	0.00471
10	0.00617	0.00512	0.00534	0.00529	0.00689	0.00435	0.00394	0.00755	0.01176	0.01440	0.14480	0.04682	0.67143	0.03576	0.00654	0.00178	0.00261	0.01038	0.00476	0.00430
11	0.00701	0.00495	0.00562	0.00567	0.00610	0.00479	0.00351	0.00749	0.00864	0.01129	0.06005	0.07933	0.16800	0.55316	0.05028	0.00410	0.00456	0.00839	0.00357	0.00349
12	0.85801	0.00978	0.00743	0.00665	0.00978	0.01134	0.00548	0.01486	0.00861	0.02269	0.00704	0.00821	0.00548	0.00469	0.00313	0.00156	0.00391	0.00274	0.00313	0.00548
13	0.00735	0.00490	0.00552	0.00552	0.00552	0.00490	0.00306	0.00735	0.00735	0.00980	0.01593	0.03309	0.01838	0.82229	0.02574	0.00490	0.00490	0.00735	0.00306	0.00306
14	0.00943	0.00471	0.00471	0.00471	0.00589	0.00471	0.00353	0.01178	0.01060	0.01885	0.01650	0.01885	0.01296	0.00589	0.00353	0.00118	0.00236	0.00471	0.85036	0.00471
15	0.00955	0.00899	0.01517	0.81013	0.03483	0.01123	0.01404	0.01292	0.01011	0.01292	0.00899	0.01348	0.00674	0.00506	0.00506	0.00169	0.00674	0.00449	0.00225	0.00562
16	0.01922	0.01416	0.01518	0.01163	0.01568	0.01568	0.00961	0.77388	0.02378	0.03187	0.01214	0.01214	0.00860	0.00607	0.00506	0.00152	0.00556	0.00455	0.00506	0.00860
17	0.00619	0.00513	0.00542	0.00535	0.00696	0.00436	0.00401	0.00767	0.01204	0.01487	0.18594	0.04667	0.65322	0.01236	0.00597	0.00169	0.00253	0.01039	0.00485	0.00436
18	0.01014	0.02616	0.79609	0.01441	0.02189	0.01174	0.01868	0.01601	0.01068	0.01601	0.00907	0.01068	0.00641	0.00480	0.00480	0.00160	0.00747	0.00374	0.00214	0.00747
19	0.00815	0.00582	0.00815	0.00931	0.01048	0.00582	0.00815	0.01048	0.01164	0.01513	0.02677	0.05704	0.02910	0.01397	0.00698	0.00233	0.00466	0.75671	0.00466	0.00466
20	0.00616	0.00440	0.00587	0.00704	0.00733	0.00411	0.00469	0.00704	0.00968	0.01291	0.02787	0.81899	0.03344	0.01584	0.00645	0.00205	0.00293	0.01438	0.00469	0.00411
21	0.01895	0.01439	0.01487	0.01152	0.01543	0.05286	0.00946	0.71834	0.02299	0.03060	0.01205	0.01217	0.00861	0.00602	0.00500	0.00150	0.00565	0.00450	0.02672	0.00837
22	0.01352	0.82533	0.02650	0.00865	0.01298	0.02001	0.00865	0.01514	0.01027	0.01190	0.00703	0.00811	0.00649	0.00433	0.00324	0.00108	0.00541	0.00270	0.00216	0.00649
23	0.00716	0.00517	0.00676	0.00636	0.00755	0.00477	0.00477	0.00954	0.01431	0.02028	0.78808	0.03777	0.04771	0.01034	0.00596	0.00159	0.00239	0.00914	0.00557	0.00477
24	0.00716	0.00517	0.00676	0.00636	0.00755	0.00477	0.00477	0.00954	0.01431	0.02028	0.78808	0.03777	0.04771	0.01034	0.00596	0.00159	0.00239	0.00914	0.00557	0.00477
25	0.01020	0.02575	0.77141	0.01463	0.02203	0.01178	0.04295	0.01602	0.01072	0.01602	0.00911	0.01077	0.00645	0.00479	0.00484	0.00160	0.00751	0.00381	0.00215	0.00745
26	0.01352	0.82533	0.02650	0.00865	0.01298	0.02001	0.00865	0.01514	0.01027	0.01190	0.00703	0.00811	0.00649	0.00433	0.00324	0.00108	0.00541	0.00270	0.00216	0.00649
27	0.01317	0.01045	0.01122	0.00998	0.01289	0.01183	0.00780	0.02594	0.68783	0.08577	0.02170	0.01986	0.04468	0.00704	0.00517	0.00170	0.00397	0.00585	0.00522	0.00791
28	0.00711	0.00517	0.00670	0.00632	0.00753	0.00475	0.00474	0.00946	0.01421	0.02003	0.76039	0.03818	0.07556	0.01043	0.00596	0.00159	0.00239	0.00920	0.00553	0.00475
29	0.00619	0.00448	0.00585	0.00689	0.00731	0.00414	0.00464	0.00715	0.00997	0.01323	0.05794	0.74000	0.08264	0.01544	0.00641	0.00201	0.00289	0.01394	0.00473	0.00414
30	0.01030	0.06423	0.75942	0.01414	0.02146	0.01214	0.01821	0.01597	0.01066	0.01582	0.00898	0.01055	0.00641	0.00478	0.00473	0.00158	0.00737	0.00369	0.00214	0.00743
31	0.01098	0.01115	0.01586	0.01343	0.01396	0.03964	0.07450	0.01234	0.00847	0.01258	0.00874	0.07828	0.00895	0.00893	0.01447	0.00213	0.65226	0.00534	0.00246	0.00553
32	0.85801	0.00978	0.00743	0.00665	0.00978	0.01134	0.00548	0.01486	0.00861	0.02269	0.00704	0.00821	0.00548	0.00469	0.00313	0.00156	0.00391	0.00274	0.00313	0.00548
33	0.85801	0.00978	0.00743	0.00665	0.00978	0.01134	0.00548	0.01486	0.00861	0.02269	0.00704	0.00821	0.00548	0.00469	0.00313	0.00156	0.00391	0.00274	0.00313	0.00548
34	0.01014	0.02616	0.79609	0.01441	0.02189	0.01174	0.01868	0.01601	0.01068	0.01601	0.00907	0.01068	0.00641	0.00480	0.00480	0.00160	0.00747	0.00374	0.00214	0.00747
35	0.00690	0.00516	0.00640	0.00609	0.00740	0.00466	0.00457	0.00905	0.01371	0.01885	0.62855	0.04013	0.20814	0.01087	0.00597	0.00162	0.00242	0.00948	0.00538	0.00466
36	0.00702	0.00514	0.00659	0.00628	0.00749	0.00471	0.00469	0.00927	0.01392	0.01947	0.70033	0.06630	0.10841	0.01074	0.00598	0.00162	0.00242	0.00946	0.00546	0.00471
37	0.04111	0.00939	0.02489	0.00896	0.01228	0.00903	0.00735	0.10503	0.16818	0.37692	0.07867	0.02154	0.09936	0.00730	0.00519	0.00161	0.00410	0.00597	0.00552	0.00762
38	0.02129	0.00892	0.01169	0.00918	0.01294	0.00814	0.00751	0.02495	0.12069	0.68720	0.02004	0.01744	0.01292	0.00634	0.00509	0.00159	0.00426	0.00517	0.00610	0.00852
39	0.01071	0.02536	0.76051	0.01417	0.02148	0.01155	0.01817	0.01641	0.01085	0.05131	0.00957	0.01097	0.00668	0.00487	0.00482	0.00160	0.00733	0.00380	0.00232	0.00752
40	0.01252	0.01190	0.01958	0.02889	0.71012	0.01207	0.01474	0.01670	0.09136	0.01700	0.01066	0.01317	0.00878	0.00475	0.00502	0.00152	0.00580	0.00463	0.00278	0.00801
41	0.07252	0.01096	0.12698	0.00946	0.01358	0.00807	0.00875	0.02138	0.01332	0.56569	0.04675	0.05282	0.01344	0.00653	0.00501	0.00159	0.00461	0.00531	0.00535	0.00789
42	0.01698	0.01282	0.01372	0.01092	0.01455	0.01418	0.00892	0.58219	0.14730	0.02850	0.01653	0.01670	0.06399	0.00683	0.00518	0.00158	0.00508	0.02086	0.00504	0.00812
43	0.01395	0.01356	0.04997	0.02342	0.48488	0.06115	0.01337	0.14586	0.10809	0.01942	0.01119	0.01295	0.00886	0.00512	0.00500	0.00152	0.00594	0.00455	0.00325	0.00796

[dist]
# distance from previous block
# <min> <max>
0	1

[block]
# block no. 7 follows, 49 sequences, length 46
# corresponding to MSA columns:
# 353-398
name=unknown_H
#
# <colnr> <probs for GDERKNQSTAVLIFYWHMCP>
#	G	D	E	R	K	N	Q	S	T	A	V	L	I	F	Y	W	H	M	C	P
0	0.64045	0.20184	0.01207	0.00727	0.01066	0.03130	0.00632	0.01505	0.00913	0.01992	0.00706	0.00821	0.00574	0.00462	0.00319	0.00145	0.00438	0.00274	0.00289	0.00572
1	0.00628	0.00448	0.00596	0.00710	0.00743	0.00420	0.00480	0.00720	0.00971	0.01293	0.02751	0.76502	0.03286	0.03679	0.00698	0.00214	0.00306	0.04681	0.00465	0.00410
2	0.01184	0.01288	0.02116	0.01646	0.01880	0.06952	0.33066	0.01428	0.01002	0.01390	0.00883	0.03485	0.00782	0.00686	0.01099	0.00193	0.39540	0.00527	0.00246	0.00606
3	0.01014	0.02616	0.79609	0.01441	0.02189	0.01174	0.01868	0.01601	0.01068	0.01601	0.00907	0.01068	0.00641	0.00480	0.00480	0.00160	0.00747	0.00374	0.00214	0.00747
4	0.01231	0.01180	0.02015	0.08561	0.73780	0.01196	0.01542	0.01534	0.01142	0.01627	0.00947	0.01258	0.00792	0.00454	0.00501	0.00151	0.00606	0.00450	0.00249	0.00784
5	0.00616	0.00440	0.00587	0.00704	0.00733	0.00411	0.00469	0.00704	0.00968	0.01291	0.02787	0.81899	0.03344	0.01584	0.00645	0.00205	0.00293	0.01438	0.00469	0.00411
6	0.01220	0.01058	0.01200	0.03685	0.08257	0.01195	0.00859	0.05026	0.60238	0.02028	0.02132	0.02021	0.07434	0.00703	0.00519	0.00169	0.00421	0.00591	0.00478	0.00766
7	0.00815	0.00582	0.00815	0.00931	0.01048	0.00582	0.00815	0.01048	0.01164	0.01513	0.02677	0.05704	0.02910	0.01397	0.00698	0.00233	0.00466	0.75671	0.00466	0.00466
8	0.01302	0.01097	0.01201	0.03526	0.03033	0.01257	0.00853	0.10688	0.62640	0.02171	0.01934	0.01947	0.01485	0.00697	0.00521	0.00171	0.00433	0.03760	0.00497	0.00785
9	0.00713	0.00515	0.00673	0.00638	0.00755	0.00475	0.00477	0.00947	0.01417	0.02006	0.76525	0.06123	0.04728	0.01050	0.00598	0.00160	0.00240	0.00930	0.00554	0.00475
10	0.02159	0.00836	0.01138	0.00881	0.01253	0.00724	0.00724	0.02357	0.01446	0.73931	0.07447	0.01867	0.01502	0.00655	0.00515	0.00157	0.00417	0.00537	0.00621	0.00833
11	0.00717	0.00523	0.00679	0.00658	0.00780	0.00484	0.00505	0.00948	0.01384	0.01928	0.65704	0.04054	0.09866	0.01089	0.00607	0.00167	0.00263	0.08630	0.00541	0.00472
12	0.01049	0.00899	0.01049	0.00749	0.01198	0.00674	0.00599	0.01273	0.01049	0.01648	0.00899	0.01049	0.00749	0.00374	0.00374	0.00075	0.00374	0.00300	0.00300	0.85320
13	0.00734	0.00481	0.00655	0.00729	0.00788	0.00465	0.00507	0.00840	0.00970	0.05984	0.02506	0.63830	0.02884	0.03417	0.12329	0.00297	0.00461	0.01237	0.00447	0.00442
14	0.00616	0.00440	0.00587	0.00704	0.00733	0.00411	0.00469	0.00704	0.00968	0.01291	0.02787	0.81899	0.03344	0.01584	0.00645	0.00205	0.00293	0.01438	0.00469	0.00411
15	0.00878	0.00439	0.00659	0.00659	0.00659	0.00439	0.00439	0.00659	0.00659	0.00878	0.00878	0.01537	0.00878	0.01757	0.01976	0.85288	0.00439	0.00439	0.00220	0.00220
16	0.85801	0.00978	0.00743	0.00665	0.00978	0.01134	0.00548	0.01486	0.00861	0.02269	0.00704	0.00821	0.00548	0.00469	0.00313	0.00156	0.00391	0.00274	0.00313	0.00548
17	0.00716	0.00517	0.00676	0.00636	0.00755	0.00477	0.00477	0.00954	0.01431	0.02028	0.78808	0.03777	0.04771	0.01034	0.00596	0.00159	0.00239	0.00914	0.00557	0.00477
18	0.01049	0.00899	0.01049	0.00749	0.01198	0.00674	0.00599	0.01273	0.01049	0.01648	0.00899	0.01049	0.00749	0.00374	0.00374	0.00075	0.00374	0.00300	0.00300	0.85320
19	0.01049	0.00899	0.01049	0.00749	0.01198	0.00674	0.00599	0.01273	0.01049	0.01648	0.00899	0.01049	0.00749	0.00374	0.00374	0.00075	0.00374	0.00300	0.00300	0.85320
20	0.08114	0.00871	0.01124	0.00882	0.01252	0.00793	0.00724	0.02356	0.06035	0.66598	0.04542	0.01737	0.01340	0.00632	0.00498	0.00157	0.00419	0.00510	0.00594	0.00821
21	0.01728	0.01217	0.01342	0.01059	0.01406	0.01318	0.00862	0.59068	0.02118	0.07990	0.09376	0.07269	0.01466	0.00722	0.00525	0.00157	0.00497	0.00576	0.00516	0.00788
22	0.01065	0.14542	0.68124	0.01355	0.02056	0.01298	0.01719	0.01588	0.01062	0.01540	0.00877	0.01029	0.00642	0.00473	0.00457	0.00152	0.00717	0.00358	0.00214	0.00733
23	0.01318	0.01190	0.01297	0.11358	0.06322	0.06895	0.00948	0.08429	0.52103	0.02007	0.01685	0.01656	0.01269	0.00631	0.00508	0.00165	0.00496	0.00522	0.00443	0.00760
24	0.00614	0.00448	0.00578	0.00682	0.00728	0.00413	0.00460	0.00707	0.00990	0.01300	0.03058	0.72949	0.12119	0.01549	0.00640	0.00201	0.00289	0.01395	0.00469	0.00413
25	0.01220	0.01308	0.01581	0.15041	0.01791	0.15183	0.04181	0.01386	0.00947	0.01250	0.00739	0.01124	0.00668	0.00738	0.01209	0.00194	0.50215	0.00429	0.00230	0.00566
26	0.00694	0.00536	0.00788	0.00784	0.00871	0.00514	0.05946	0.00832	0.01025	0.01389	0.14214	0.45218	0.06043	0.09400	0.09020	0.00284	0.00452	0.01122	0.00431	0.00435
27	0.02269	0.00861	0.01174	0.00900	0.01291	0.00743	0.00743	0.02464	0.01447	0.79425	0.01995	0.01721	0.01252	0.00626	0.00509	0.00156	0.00430	0.00509	0.00626	0.00861
28	0.00692	0.00516	0.00643	0.00612	0.00741	0.00467	0.00459	0.00909	0.01376	0.01896	0.64163	0.03994	0.19498	0.01083	0.00597	0.00161	0.00242	0.00945	0.00539	0.00467
29	0.01018	0.00982	0.01719	0.63096	0.14257	0.01148	0.07904	0.01357	0.01047	0.01372	0.00917	0.01336	0.00700	0.00491	0.00513	0.00166	0.00679	0.00462	0.00231	0.00606
30	0.01763	0.01468	0.01382	0.01120	0.01465	0.14197	0.00900	0.50269	0.11732	0.02642	0.01282	0.01298	0.00944	0.00602	0.00488	0.00148	0.00571	0.00450	0.06498	0.00780
31	0.85801	0.00978	0.00743	0.00665	0.00978	0.01134	0.00548	0.01486	0.00861	0.02269	0.00704	0.00821	0.00548	0.00469	0.00313	0.00156	0.00391	0.00274	0.00313	0.00548
32	0.85801	0.00978	0.00743	0.00665	0.00978	0.01134	0.00548	0.01486	0.00861	0.02269	0.00704	0.00821	0.00548	0.00469	0.00313	0.00156	0.00391	0.00274	0.00313	0.00548
33	0.85801	0.00978	0.00743	0.00665	0.00978	0.01134	0.00548	0.01486	0.00861	0.02269	0.00704	0.00821	0.00548	0.00469	0.00313	0.00156	0.00391	0.00274	0.00313	0.00548
34	0.00598	0.00512	0.00512	0.00512	0.00683	0.00427	0.00384	0.00726	0.01153	0.01366	0.05123	0.04866	0.78869	0.01281	0.00598	0.00171	0.00256	0.01067	0.00470	0.00427
35	0.00712	0.00517	0.00671	0.00632	0.00753	0.00476	0.00474	0.00947	0.01423	0.02008	0.76557	0.03811	0.07035	0.01041	0.00596	0.00159	0.00239	0.00919	0.00554	0.00476
36	0.01163	0.37888	0.45642	0.01187	0.01795	0.01539	0.01426	0.01563	0.01050	0.01420	0.00817	0.00954	0.00644	0.00459	0.00412	0.00137	0.00656	0.00328	0.00215	0.00704
37	0.01252	0.01201	0.02053	0.03104	0.79074	0.01201	0.01552	0.01552	0.01151	0.01652	0.00951	0.01252	0.00801	0.00451	0.00501	0.00150	0.00601	0.00451	0.00250	0.00801
38	0.00862	0.00599	0.00728	0.00672	0.00834	0.00568	0.00509	0.01196	0.09276	0.07419	0.50786	0.03613	0.16940	0.02987	0.00630	0.00170	0.00278	0.00872	0.00536	0.00525
39	0.00724	0.00535	0.00781	0.00781	0.00860	0.00615	0.00592	0.00882	0.00803	0.01150	0.01384	0.02148	0.01334	0.13390	0.70723	0.00773	0.01249	0.00565	0.00275	0.00434
40	0.00906	0.00525	0.00813	0.00922	0.08758	0.00532	0.00568	0.00768	0.00721	0.00979	0.00920	0.01540	0.00898	0.01767	0.07407	0.70485	0.00521	0.00448	0.00226	0.00296
41	0.01218	0.01297	0.02632	0.12389	0.07289	0.01275	0.57356	0.06979	0.01252	0.01691	0.01016	0.01344	0.00764	0.00451	0.00573	0.00168	0.00793	0.00559	0.00269	0.00686
42	0.00878	0.00439	0.00659	0.00659	0.00659	0.00439	0.00439	0.00659	0.00659	0.00878	0.00878	0.01537	0.00878	0.01757	0.01976	0.85288	0.00439	0.00439	0.00220	0.00220
43	0.01327	0.54838	0.06947	0.01007	0.01375	0.07173	0.00963	0.01595	0.06525	0.01288	0.00812	0.00952	0.00715	0.00524	0.00546	0.00133	0.12064	0.00326	0.00241	0.00648
44	0.00718	0.00483	0.00557	0.00574	0.00579	0.00478	0.00331	0.00731	0.00770	0.01027	0.01771	0.15015	0.02063	0.70217	0.02287	0.00448	0.00461	0.00840	0.00331	0.00322
45	0.00672	0.00460	0.00586	0.00661	0.00687	0.00440	0.00431	0.00734	0.00912	0.01226	0.04350	0.52305	0.02833	0.23243	0.01212	0.03684	0.00354	0.02985	0.01848	0.00379

[dist]
# distance from previous block
# <min> <max>
0	9

# created by:
# /st0/software/busco_prod/Augustus/scripts/msa2prfl.pl ./align_prep/172612.fa
