[name]
unknown

[dist]
# distance from previous block
# <min> <max>
0	46

[block]
# block no. 0 follows, 47 sequences, length 6
# corresponding to MSA columns:
# 47-52
name=unknown_A
#
# <colnr> <probs for GDERKNQSTAVLIFYWHMCP>
#	G	D	E	R	K	N	Q	S	T	A	V	L	I	F	Y	W	H	M	C	P
0	0.00985	0.00611	0.00840	0.06416	0.01068	0.00599	0.00626	0.01191	0.03911	0.09987	0.40860	0.03194	0.03209	0.01137	0.00859	0.15328	0.00364	0.07827	0.00484	0.00503
1	0.01584	0.01097	0.01245	0.01013	0.01325	0.01190	0.00821	0.42878	0.04764	0.09078	0.06559	0.01819	0.04497	0.01273	0.14684	0.00279	0.00655	0.00551	0.03939	0.00748
2	0.00836	0.00518	0.00682	0.00725	0.00819	0.00473	0.00511	0.00968	0.01144	0.09862	0.16269	0.55392	0.06984	0.01409	0.00638	0.00196	0.00306	0.01263	0.00517	0.00486
3	0.00955	0.01906	0.48178	0.08026	0.02006	0.01015	0.05379	0.01415	0.01134	0.01634	0.10748	0.12367	0.01573	0.00719	0.00541	0.00172	0.00641	0.00621	0.00303	0.00669
4	0.77947	0.01000	0.00836	0.07707	0.01234	0.01167	0.00642	0.01513	0.00900	0.02248	0.00743	0.00894	0.00575	0.00487	0.00340	0.00162	0.00428	0.00298	0.00314	0.00565
5	0.08103	0.08898	0.45440	0.01645	0.14293	0.01279	0.05192	0.03820	0.01149	0.01740	0.03201	0.01188	0.00818	0.00503	0.00480	0.00159	0.00681	0.00410	0.00256	0.00745

[dist]
# distance from previous block
# <min> <max>
0	1

[block]
# block no. 1 follows, 47 sequences, length 66
# corresponding to MSA columns:
# 54-119
name=unknown_B
#
# <colnr> <probs for GDERKNQSTAVLIFYWHMCP>
#	G	D	E	R	K	N	Q	S	T	A	V	L	I	F	Y	W	H	M	C	P
0	0.01200	0.01165	0.01884	0.27377	0.50632	0.03806	0.01504	0.01511	0.01150	0.01564	0.01051	0.01390	0.02479	0.00503	0.00518	0.00160	0.00645	0.00473	0.00255	0.00732
1	0.01070	0.00604	0.00801	0.00714	0.00893	0.00547	0.00549	0.01302	0.01463	0.18203	0.59892	0.05781	0.04107	0.00993	0.00597	0.00165	0.00289	0.00870	0.00586	0.00572
2	0.00801	0.00580	0.00658	0.00629	0.00807	0.00517	0.00480	0.01029	0.04652	0.06879	0.23921	0.06330	0.46266	0.01191	0.00609	0.00175	0.00285	0.03171	0.00520	0.00501
3	0.00652	0.00466	0.00625	0.00746	0.00784	0.00438	0.00515	0.00756	0.01015	0.01350	0.02860	0.74727	0.03405	0.01615	0.00669	0.00214	0.00318	0.07934	0.00483	0.00428
4	0.00735	0.00530	0.00694	0.00657	0.00777	0.00490	0.00491	0.00977	0.01463	0.02071	0.76424	0.05691	0.04880	0.01078	0.00615	0.00165	0.00247	0.00954	0.00571	0.00490
5	0.01122	0.00924	0.01084	0.00777	0.01237	0.00697	0.00622	0.01352	0.01094	0.04272	0.00963	0.01103	0.00789	0.00394	0.00390	0.00080	0.00388	0.00316	0.00320	0.82077
6	0.00744	0.00558	0.00837	0.00837	0.00930	0.00651	0.00651	0.00930	0.00837	0.01209	0.01395	0.02046	0.01302	0.03906	0.79635	0.00837	0.01395	0.00558	0.00279	0.00465
7	0.00845	0.00631	0.00917	0.00989	0.01121	0.00629	0.04006	0.01109	0.03130	0.01554	0.02681	0.13729	0.02916	0.01398	0.00704	0.00232	0.00476	0.61970	0.00472	0.00492
8	0.01267	0.01378	0.17826	0.30803	0.21419	0.01144	0.01465	0.04402	0.01187	0.10714	0.01086	0.01348	0.00801	0.00547	0.00546	0.01948	0.00652	0.00454	0.00295	0.00720
9	0.03062	0.08949	0.48427	0.01341	0.01961	0.01211	0.05709	0.01806	0.01167	0.17143	0.01136	0.01226	0.00793	0.00531	0.00530	0.00162	0.03349	0.00417	0.00310	0.00770
10	0.01139	0.01139	0.01595	0.01367	0.01367	0.01595	0.01139	0.01253	0.00798	0.01253	0.00684	0.01139	0.00684	0.00911	0.01709	0.00228	0.80745	0.00456	0.00228	0.00570
11	0.00737	0.00532	0.00696	0.00655	0.00778	0.00491	0.00491	0.00983	0.01474	0.02088	0.78175	0.03890	0.04914	0.01065	0.00614	0.00164	0.00246	0.00942	0.00573	0.00491
12	0.01068	0.00919	0.01103	0.00798	0.01247	0.00697	0.02095	0.01299	0.01080	0.01684	0.00993	0.03767	0.00861	0.00428	0.00399	0.00084	0.00392	0.00354	0.00313	0.80418
13	0.01234	0.01192	0.01917	0.21540	0.54493	0.03416	0.01506	0.01606	0.04994	0.01625	0.01019	0.01336	0.00828	0.00492	0.00516	0.00160	0.00635	0.00466	0.00265	0.00760
14	0.00744	0.00558	0.00837	0.00837	0.00930	0.00651	0.00651	0.00930	0.00837	0.01209	0.01395	0.02046	0.01302	0.03906	0.79635	0.00837	0.01395	0.00558	0.00279	0.00465
15	0.01139	0.01139	0.01595	0.01367	0.01367	0.01595	0.01139	0.01253	0.00798	0.01253	0.00684	0.01139	0.00684	0.00911	0.01709	0.00228	0.80745	0.00456	0.00228	0.00570
16	0.02809	0.03847	0.30631	0.05134	0.02237	0.02681	0.27876	0.06300	0.01239	0.03300	0.02716	0.03252	0.03056	0.00555	0.00563	0.00169	0.02108	0.00529	0.00287	0.00711
17	0.00905	0.00452	0.00678	0.00678	0.00678	0.00452	0.00452	0.00678	0.00678	0.00905	0.00905	0.01583	0.00905	0.01809	0.02035	0.84848	0.00452	0.00452	0.00226	0.00226
18	0.00839	0.00599	0.00839	0.00959	0.01079	0.00599	0.00839	0.01079	0.01199	0.01558	0.02757	0.05874	0.02997	0.01439	0.00719	0.00240	0.00480	0.74945	0.00480	0.00480
19	0.01223	0.01379	0.04370	0.02330	0.16503	0.01280	0.59646	0.01634	0.01213	0.01666	0.01079	0.03180	0.00854	0.00472	0.00595	0.00172	0.00815	0.00602	0.00266	0.00720
20	0.01424	0.73670	0.04870	0.00943	0.01384	0.07902	0.00930	0.01601	0.01091	0.01241	0.00736	0.00851	0.00668	0.00454	0.00349	0.00115	0.00592	0.00286	0.00226	0.00666
21	0.01168	0.00978	0.01127	0.00813	0.01271	0.00784	0.00654	0.08702	0.01214	0.01852	0.00957	0.01097	0.00783	0.00409	0.00399	0.00085	0.00404	0.00324	0.00329	0.76649
22	0.01830	0.03212	0.04488	0.00989	0.03016	0.00905	0.00800	0.08829	0.08392	0.44854	0.01910	0.08257	0.01453	0.07758	0.00714	0.00195	0.00467	0.00608	0.00543	0.00781
23	0.00634	0.00455	0.00602	0.00720	0.00754	0.00423	0.00481	0.00726	0.01002	0.01332	0.02938	0.79220	0.05539	0.01623	0.00663	0.00210	0.00301	0.01470	0.00483	0.00423
24	0.00634	0.00453	0.00604	0.00725	0.00755	0.00423	0.00483	0.00725	0.00997	0.01329	0.02870	0.81358	0.03444	0.01632	0.00665	0.00211	0.00302	0.01480	0.00483	0.00423
25	0.01211	0.01693	0.26922	0.01720	0.02261	0.01177	0.38470	0.01647	0.01182	0.07680	0.02740	0.04565	0.00998	0.02361	0.00647	0.00181	0.02967	0.00574	0.00295	0.00711
26	0.02182	0.00868	0.01168	0.00919	0.01293	0.00766	0.00750	0.02430	0.04706	0.70517	0.02110	0.06936	0.01442	0.00711	0.00533	0.00165	0.00433	0.00588	0.00629	0.00854
27	0.01295	0.01119	0.01178	0.01060	0.01354	0.01295	0.00824	0.02767	0.77509	0.02178	0.02120	0.01943	0.01590	0.00707	0.00530	0.00177	0.00412	0.00589	0.00530	0.00824
28	0.51165	0.00940	0.00917	0.00766	0.01109	0.00991	0.00630	0.01889	0.01118	0.30535	0.01257	0.01234	0.00864	0.00548	0.00398	0.00159	0.00411	0.00380	0.04008	0.00680
29	0.01980	0.01459	0.01563	0.01198	0.01615	0.01615	0.00990	0.76713	0.02448	0.03282	0.01250	0.01250	0.00886	0.00625	0.00521	0.00156	0.00573	0.00469	0.00521	0.00886
30	0.01061	0.06393	0.75443	0.01457	0.02211	0.01249	0.01876	0.01645	0.01098	0.01629	0.00925	0.01087	0.00660	0.00492	0.00487	0.00162	0.00760	0.00380	0.00220	0.00765
31	0.01080	0.00926	0.01080	0.00771	0.01234	0.00694	0.00617	0.01311	0.01080	0.01697	0.00926	0.01080	0.00771	0.00386	0.00386	0.00077	0.00386	0.00309	0.00309	0.84882
32	0.00634	0.00453	0.00604	0.00725	0.00755	0.00423	0.00483	0.00725	0.00997	0.01329	0.02870	0.81358	0.03444	0.01632	0.00665	0.00211	0.00302	0.01480	0.00483	0.00423
33	0.01655	0.01297	0.01380	0.01133	0.01491	0.01463	0.00911	0.41631	0.38059	0.02758	0.01663	0.01579	0.01220	0.00664	0.00525	0.00166	0.00497	0.00526	0.00525	0.00857
34	0.00634	0.00453	0.00604	0.00725	0.00755	0.00423	0.00483	0.00725	0.00997	0.01329	0.02870	0.81358	0.03444	0.01632	0.00665	0.00211	0.00302	0.01480	0.00483	0.00423
35	0.01316	0.35364	0.25675	0.01305	0.01838	0.01585	0.13020	0.03555	0.01144	0.05668	0.00923	0.01079	0.00724	0.00496	0.00504	0.00147	0.04292	0.00389	0.00259	0.00717
36	0.01199	0.01615	0.15480	0.02079	0.02645	0.01299	0.64363	0.01665	0.01208	0.01665	0.01034	0.01355	0.00769	0.00448	0.00595	0.00174	0.00860	0.00577	0.00256	0.00713
37	0.01045	0.02694	0.79000	0.01484	0.02254	0.01209	0.01924	0.01649	0.01099	0.01649	0.00935	0.01099	0.00660	0.00495	0.00495	0.00165	0.00770	0.00385	0.00220	0.00770
38	0.00747	0.00546	0.00777	0.00777	0.00850	0.00619	0.00577	0.00892	0.00819	0.01165	0.01449	0.02347	0.01433	0.21104	0.62615	0.00764	0.01198	0.00602	0.00287	0.00432
39	0.01177	0.19478	0.37195	0.03423	0.06197	0.01428	0.19016	0.01615	0.01117	0.01548	0.00913	0.01131	0.00702	0.00479	0.00517	0.00157	0.02526	0.00423	0.00233	0.00726
40	0.00826	0.00590	0.00820	0.00919	0.01039	0.00585	0.00793	0.01066	0.01236	0.01629	0.12814	0.05610	0.03253	0.01389	0.00705	0.00230	0.00448	0.65077	0.00492	0.00481
41	0.01201	0.01320	0.02603	0.01932	0.02291	0.01405	0.52592	0.01536	0.01092	0.01536	0.00936	0.01320	0.00756	0.00589	0.00962	0.00192	0.26258	0.00564	0.00252	0.00660
42	0.06250	0.00650	0.00947	0.13490	0.01361	0.00680	0.05478	0.00951	0.01019	0.01420	0.02412	0.50627	0.07829	0.01262	0.00644	0.00198	0.02763	0.01129	0.00411	0.00480
43	0.01915	0.01427	0.01526	0.01185	0.01590	0.01585	0.00974	0.69723	0.09544	0.03178	0.01332	0.01316	0.00952	0.00633	0.00522	0.00158	0.00558	0.00480	0.00522	0.00880
44	0.00905	0.00452	0.00678	0.00678	0.00678	0.00452	0.00452	0.00678	0.00678	0.00905	0.00905	0.01583	0.00905	0.01809	0.02035	0.84848	0.00452	0.00452	0.00226	0.00226
45	0.01362	0.01130	0.01156	0.01027	0.01307	0.04599	0.00793	0.06880	0.59516	0.05359	0.01966	0.01958	0.01513	0.06553	0.00677	0.00196	0.00449	0.00578	0.02202	0.00777
46	0.01132	0.01187	0.02388	0.06074	0.03897	0.01156	0.50843	0.04632	0.01212	0.01641	0.01392	0.16757	0.01297	0.00695	0.00646	0.00183	0.03148	0.00759	0.00314	0.00648
47	0.01392	0.82012	0.02729	0.00891	0.01337	0.02061	0.00891	0.01559	0.01058	0.01225	0.00724	0.00835	0.00668	0.00446	0.00334	0.00111	0.00557	0.00278	0.00223	0.00668
48	0.01110	0.00943	0.01096	0.00786	0.01247	0.00725	0.00629	0.03823	0.01125	0.01750	0.00936	0.01086	0.00775	0.00394	0.00390	0.00080	0.00392	0.00314	0.00316	0.82083
49	0.01201	0.01251	0.01063	0.01118	0.05651	0.26772	0.00768	0.05200	0.02996	0.01452	0.01934	0.42573	0.02146	0.01114	0.00601	0.00179	0.02094	0.00950	0.00397	0.00542
50	0.01289	0.01237	0.02114	0.03196	0.78450	0.01237	0.01598	0.01598	0.01186	0.01701	0.00980	0.01289	0.00825	0.00464	0.00516	0.00155	0.00619	0.00464	0.00258	0.00825
51	0.01116	0.01282	0.09900	0.16570	0.08539	0.01277	0.21160	0.01437	0.01040	0.01499	0.00959	0.01337	0.00779	0.00681	0.02636	0.00198	0.22757	0.00497	0.05697	0.00640
52	0.01295	0.01119	0.01178	0.01060	0.01354	0.01295	0.00824	0.02767	0.77509	0.02178	0.02120	0.01943	0.01590	0.00707	0.00530	0.00177	0.00412	0.00589	0.00530	0.00824
53	0.00757	0.00505	0.00568	0.00568	0.00568	0.00505	0.00316	0.00757	0.00757	0.01010	0.01641	0.03408	0.01893	0.81698	0.02651	0.00505	0.00505	0.00757	0.00316	0.00316
54	0.00615	0.00528	0.00528	0.00528	0.00703	0.00440	0.00396	0.00747	0.01187	0.01407	0.05276	0.05012	0.78238	0.01319	0.00615	0.00176	0.00264	0.01099	0.00484	0.00440
55	0.00712	0.00526	0.00665	0.00641	0.00765	0.00479	0.00477	0.00931	0.01400	0.01937	0.62389	0.09196	0.15669	0.01140	0.00618	0.00169	0.00252	0.01001	0.00554	0.00479
56	0.00634	0.00453	0.00604	0.00725	0.00755	0.00423	0.00483	0.00725	0.00997	0.01329	0.02870	0.81358	0.03444	0.01632	0.00665	0.00211	0.00302	0.01480	0.00483	0.00423
57	0.01392	0.82012	0.02729	0.00891	0.01337	0.02061	0.00891	0.01559	0.01058	0.01225	0.00724	0.00835	0.00668	0.00446	0.00334	0.00111	0.00557	0.00278	0.00223	0.00668
58	0.01230	0.01177	0.02007	0.18211	0.63899	0.01222	0.01569	0.01546	0.01158	0.01629	0.00969	0.01308	0.00799	0.00475	0.00517	0.00158	0.00633	0.00464	0.00253	0.00777
59	0.01198	0.30086	0.39602	0.01425	0.04101	0.01522	0.12098	0.01619	0.01106	0.01506	0.00879	0.01056	0.00686	0.00469	0.00456	0.00148	0.00707	0.00382	0.00228	0.00726
60	0.00686	0.00488	0.00651	0.00762	0.00809	0.00466	0.00546	0.00802	0.01022	0.01354	0.02756	0.59789	0.03236	0.07510	0.00823	0.00239	0.00354	0.16811	0.00470	0.00427
61	0.00656	0.00525	0.00586	0.00579	0.00730	0.00456	0.00431	0.00823	0.01270	0.01624	0.28804	0.08679	0.50496	0.01253	0.00618	0.00174	0.00260	0.01068	0.00513	0.00456
62	0.03002	0.05964	0.21645	0.01195	0.07152	0.02714	0.02767	0.03957	0.06739	0.03235	0.24766	0.07508	0.03991	0.00788	0.00564	0.00165	0.02133	0.00667	0.00399	0.00648
63	0.79449	0.01072	0.03915	0.00720	0.01064	0.01156	0.00620	0.01529	0.00901	0.02290	0.00740	0.00863	0.00574	0.00481	0.00331	0.00159	0.00417	0.00287	0.00318	0.03115
64	0.04846	0.17497	0.25657	0.03081	0.13476	0.07200	0.06957	0.04649	0.06819	0.03620	0.01018	0.01167	0.00787	0.00504	0.00471	0.00152	0.00667	0.00409	0.00283	0.00740
65	0.00759	0.02888	0.00643	0.00606	0.00626	0.00543	0.00364	0.00781	0.00801	0.01065	0.01778	0.14073	0.02057	0.66259	0.04277	0.00461	0.00501	0.00838	0.00335	0.00345

[dist]
# distance from previous block
# <min> <max>
0	5

[block]
# block no. 2 follows, 47 sequences, length 8
# corresponding to MSA columns:
# 125-132
name=unknown_C
#
# <colnr> <probs for GDERKNQSTAVLIFYWHMCP>
#	G	D	E	R	K	N	Q	S	T	A	V	L	I	F	Y	W	H	M	C	P
0	0.01356	0.06060	0.01108	0.00908	0.04062	0.02269	0.00693	0.10488	0.02770	0.20871	0.23502	0.05040	0.13696	0.02285	0.00594	0.00169	0.00398	0.02556	0.00521	0.00655
1	0.01139	0.06350	0.04361	0.01200	0.01410	0.01319	0.05001	0.03158	0.00984	0.01475	0.03953	0.01253	0.00899	0.00782	0.02843	0.00189	0.42551	0.00438	0.00270	0.20425
2	0.64688	0.01150	0.00924	0.00801	0.01126	0.06271	0.00652	0.12457	0.01173	0.02396	0.03734	0.01026	0.00782	0.00529	0.00372	0.00159	0.00456	0.00338	0.00357	0.00610
3	0.03049	0.17870	0.20852	0.01297	0.01724	0.15829	0.11601	0.04271	0.01200	0.01513	0.01166	0.12709	0.01093	0.00666	0.00531	0.00158	0.02982	0.00548	0.00287	0.00653
4	0.01206	0.00959	0.01135	0.03703	0.01350	0.00785	0.00683	0.05596	0.03554	0.06257	0.01046	0.01167	0.00830	0.00429	0.00411	0.00093	0.00411	0.00344	0.00344	0.69699
5	0.04289	0.01021	0.01386	0.01206	0.01221	0.01386	0.00980	0.01180	0.00797	0.01258	0.00850	0.01491	0.00877	0.12731	0.04662	0.00288	0.63106	0.00497	0.00246	0.00529
6	0.00871	0.00796	0.05698	0.00790	0.00997	0.00702	0.00648	0.01378	0.16933	0.02009	0.49487	0.06109	0.07132	0.00968	0.00585	0.00166	0.00319	0.00843	0.00527	0.03041
7	0.01175	0.02663	0.67748	0.01464	0.02160	0.12588	0.01791	0.01712	0.01154	0.01595	0.00916	0.01076	0.00661	0.00501	0.00491	0.00160	0.00794	0.00378	0.00227	0.00746

[dist]
# distance from previous block
# <min> <max>
0	4

[block]
# block no. 3 follows, 47 sequences, length 29
# corresponding to MSA columns:
# 137-165
name=unknown_D
#
# <colnr> <probs for GDERKNQSTAVLIFYWHMCP>
#	G	D	E	R	K	N	Q	S	T	A	V	L	I	F	Y	W	H	M	C	P
0	0.02325	0.00905	0.01220	0.00935	0.01339	0.00793	0.00773	0.04966	0.01522	0.76338	0.02028	0.01755	0.01276	0.00644	0.00524	0.00161	0.00447	0.00522	0.00641	0.00886
1	0.00839	0.00599	0.00839	0.00959	0.01079	0.00599	0.00839	0.01079	0.01199	0.01558	0.02757	0.05874	0.02997	0.01439	0.00719	0.00240	0.00480	0.74945	0.00480	0.00480
2	0.00931	0.00613	0.00771	0.00703	0.00872	0.00577	0.00537	0.01258	0.07374	0.09777	0.58264	0.03622	0.10632	0.01016	0.00599	0.00166	0.00280	0.00886	0.00569	0.00553
3	0.85377	0.01007	0.00765	0.00685	0.01007	0.01168	0.00564	0.01531	0.00886	0.02336	0.00725	0.00846	0.00564	0.00483	0.00322	0.00161	0.00403	0.00282	0.00322	0.00564
4	0.01392	0.82012	0.02729	0.00891	0.01337	0.02061	0.00891	0.01559	0.01058	0.01225	0.00724	0.00835	0.00668	0.00446	0.00334	0.00111	0.00557	0.00278	0.00223	0.00668
5	0.00733	0.00532	0.00691	0.00651	0.00776	0.00490	0.00488	0.00975	0.01465	0.02067	0.75887	0.03925	0.07215	0.01073	0.00614	0.00164	0.00246	0.00947	0.00570	0.00490
6	0.01945	0.02482	0.01476	0.01342	0.01610	0.79608	0.01006	0.02079	0.01476	0.01275	0.00805	0.00939	0.00671	0.00537	0.00470	0.00134	0.00939	0.00335	0.00268	0.00604
7	0.00629	0.00516	0.00556	0.00585	0.00730	0.00443	0.00432	0.00757	0.01150	0.01398	0.04696	0.20055	0.60346	0.01385	0.00630	0.00186	0.00280	0.04305	0.00483	0.00438
8	0.00746	0.00550	0.00797	0.00797	0.00876	0.00629	0.00601	0.00904	0.00825	0.01180	0.01431	0.02247	0.01389	0.15391	0.68268	0.00788	0.01263	0.00587	0.00284	0.00443
9	0.00828	0.00595	0.00823	0.00934	0.01056	0.00590	0.00812	0.01063	0.01205	0.01566	0.04758	0.05789	0.06100	0.01424	0.00712	0.00235	0.00465	0.70083	0.00482	0.00478
10	0.01945	0.02482	0.01476	0.01342	0.01610	0.79608	0.01006	0.02079	0.01476	0.01275	0.00805	0.00939	0.00671	0.00537	0.00470	0.00134	0.00939	0.00335	0.00268	0.00604
11	0.01392	0.82012	0.02729	0.00891	0.01337	0.02061	0.00891	0.01559	0.01058	0.01225	0.00724	0.00835	0.00668	0.00446	0.00334	0.00111	0.00557	0.00278	0.00223	0.00668
12	0.00843	0.00647	0.00819	0.00764	0.00948	0.00576	0.02102	0.02641	0.03514	0.01635	0.12239	0.40157	0.02670	0.01105	0.00561	0.00163	0.00333	0.00986	0.05437	0.21859
13	0.01357	0.73863	0.10565	0.00952	0.01431	0.01973	0.00997	0.01569	0.01062	0.01269	0.00746	0.00863	0.00667	0.00451	0.00351	0.00117	0.00579	0.00289	0.00222	0.00679
14	0.01472	0.70539	0.02548	0.00956	0.01376	0.13247	0.00908	0.01634	0.01118	0.01232	0.00736	0.00850	0.00669	0.00459	0.00354	0.00115	0.00612	0.00287	0.00229	0.00659
15	0.01128	0.00877	0.01043	0.02672	0.01223	0.00784	0.00677	0.13215	0.01320	0.03527	0.06057	0.17095	0.01681	0.00770	0.00499	0.00134	0.00404	0.04610	0.00407	0.41878
16	0.01205	0.01348	0.06511	0.11100	0.09898	0.03000	0.38503	0.04214	0.04290	0.01645	0.01120	0.05083	0.00922	0.00573	0.00681	0.00178	0.08175	0.00583	0.00284	0.00688
17	0.00789	0.00596	0.00744	0.00784	0.00906	0.00589	0.00607	0.01113	0.09717	0.01659	0.19835	0.22746	0.12575	0.03389	0.00699	0.00208	0.00352	0.21689	0.00503	0.00498
18	0.04413	0.00868	0.01167	0.00904	0.01288	0.00760	0.00744	0.02419	0.01474	0.72261	0.06534	0.01874	0.01485	0.00665	0.00524	0.00161	0.00430	0.00542	0.00632	0.00854
19	0.01045	0.02694	0.79000	0.01484	0.02254	0.01209	0.01924	0.01649	0.01099	0.01649	0.00935	0.01099	0.00660	0.00495	0.00495	0.00165	0.00770	0.00385	0.00220	0.00770
20	0.00660	0.00529	0.00589	0.00574	0.00731	0.00459	0.00431	0.00834	0.01292	0.01657	0.32038	0.04600	0.51320	0.01226	0.00615	0.00171	0.00257	0.01041	0.00517	0.00459
21	0.01100	0.02620	0.74408	0.01467	0.02216	0.01233	0.01869	0.06101	0.01179	0.01746	0.00953	0.01108	0.00673	0.00502	0.00496	0.00164	0.00758	0.00390	0.00238	0.00777
22	0.00615	0.00528	0.00528	0.00528	0.00703	0.00440	0.00396	0.00747	0.01187	0.01407	0.05276	0.05012	0.78238	0.01319	0.00615	0.00176	0.00264	0.01099	0.00484	0.00440
23	0.00839	0.00599	0.00839	0.00959	0.01079	0.00599	0.00839	0.01079	0.01199	0.01558	0.02757	0.05874	0.02997	0.01439	0.00719	0.00240	0.00480	0.74945	0.00480	0.00480
24	0.00621	0.00528	0.00535	0.00533	0.00707	0.00442	0.00400	0.00757	0.01199	0.01436	0.08366	0.04964	0.75130	0.01308	0.00615	0.00175	0.00263	0.01092	0.00487	0.00442
25	0.02336	0.00886	0.01209	0.00927	0.01329	0.00765	0.00765	0.02538	0.01491	0.78810	0.02055	0.01773	0.01289	0.00645	0.00524	0.00161	0.00443	0.00524	0.00645	0.00886
26	0.01045	0.02694	0.79000	0.01484	0.02254	0.01209	0.01924	0.01649	0.01099	0.01649	0.00935	0.01099	0.00660	0.00495	0.00495	0.00165	0.00770	0.00385	0.00220	0.00770
27	0.01134	0.01001	0.01316	0.00991	0.01371	0.00909	0.07274	0.05921	0.02593	0.01718	0.01043	0.04391	0.00915	0.02245	0.00634	0.00125	0.10041	0.00424	0.00319	0.55635
28	0.04211	0.01185	0.01929	0.10388	0.61136	0.01224	0.01481	0.04631	0.03015	0.01759	0.01059	0.01440	0.00892	0.00513	0.00516	0.00160	0.00607	0.02789	0.00282	0.00784

[dist]
# distance from previous block
# <min> <max>
0	5

[block]
# block no. 4 follows, 47 sequences, length 53
# corresponding to MSA columns:
# 171-223
name=unknown_E
#
# <colnr> <probs for GDERKNQSTAVLIFYWHMCP>
#	G	D	E	R	K	N	Q	S	T	A	V	L	I	F	Y	W	H	M	C	P
0	0.01957	0.01436	0.01538	0.01182	0.01592	0.01589	0.00976	0.74991	0.02418	0.03251	0.01261	0.01266	0.00896	0.00625	0.00517	0.00155	0.00566	0.00469	0.02439	0.00876
1	0.00997	0.00949	0.01612	0.75066	0.03479	0.01178	0.03874	0.01339	0.01039	0.01339	0.00921	0.01380	0.00697	0.00532	0.00566	0.00176	0.03575	0.00467	0.00232	0.00582
2	0.66273	0.01016	0.00989	0.14516	0.01517	0.01182	0.02880	0.03434	0.00963	0.02168	0.00783	0.00966	0.00601	0.00492	0.00370	0.00164	0.00471	0.00327	0.00310	0.00579
3	0.01289	0.01237	0.02114	0.03196	0.78450	0.01237	0.01598	0.01598	0.01186	0.01701	0.00980	0.01289	0.00825	0.00464	0.00516	0.00155	0.00619	0.00464	0.00258	0.00825
4	0.85377	0.01007	0.00765	0.00685	0.01007	0.01168	0.00564	0.01531	0.00886	0.02336	0.00725	0.00846	0.00564	0.00483	0.00322	0.00161	0.00403	0.00282	0.00322	0.00564
5	0.00650	0.00478	0.00617	0.00712	0.00754	0.00455	0.00481	0.00741	0.00999	0.01319	0.02998	0.67948	0.10763	0.05712	0.00785	0.00223	0.02091	0.01382	0.00469	0.00422
6	0.79990	0.00999	0.00794	0.00701	0.01028	0.01142	0.00577	0.01596	0.00925	0.07297	0.00811	0.00906	0.00611	0.00494	0.00335	0.00161	0.00405	0.00298	0.00343	0.00585
7	0.01236	0.01308	0.06378	0.06853	0.55667	0.01225	0.13852	0.01583	0.01181	0.01670	0.01041	0.01445	0.00871	0.00495	0.00537	0.00162	0.00669	0.02788	0.00262	0.00778
8	0.01072	0.07747	0.72388	0.01485	0.03901	0.01265	0.01851	0.01642	0.01099	0.01623	0.00922	0.01087	0.00664	0.00491	0.00485	0.00161	0.00753	0.00380	0.00221	0.00764
9	0.01990	0.01230	0.01395	0.01079	0.01470	0.01296	0.00888	0.50596	0.02103	0.23992	0.05527	0.01549	0.01219	0.00653	0.00523	0.00157	0.00513	0.00509	0.02456	0.00856
10	0.00753	0.00549	0.00684	0.00645	0.00786	0.00503	0.00486	0.01003	0.03015	0.03189	0.62411	0.04015	0.17823	0.01096	0.00611	0.00166	0.00256	0.00956	0.00558	0.00495
11	0.00700	0.00593	0.03069	0.00827	0.00916	0.00522	0.04454	0.00868	0.03497	0.01381	0.02735	0.69157	0.04994	0.02764	0.00683	0.00211	0.00351	0.01354	0.00463	0.00459
12	0.00767	0.00563	0.00747	0.00843	0.00958	0.00542	0.00701	0.00965	0.01170	0.01507	0.04708	0.17732	0.15732	0.01442	0.00691	0.00223	0.00410	0.49351	0.00483	0.00464
13	0.00839	0.00599	0.00839	0.00959	0.01079	0.00599	0.00839	0.01079	0.01199	0.01558	0.02757	0.05874	0.02997	0.01439	0.00719	0.00240	0.00480	0.74945	0.00480	0.00480
14	0.00845	0.00613	0.00838	0.00946	0.01073	0.00615	0.00822	0.01118	0.03558	0.01572	0.02835	0.05719	0.05858	0.01411	0.00709	0.00235	0.00469	0.69794	0.00481	0.00489
15	0.02037	0.00918	0.01222	0.00961	0.01331	0.00852	0.02997	0.05066	0.10564	0.58105	0.06051	0.01882	0.01490	0.00666	0.00527	0.00162	0.00440	0.00553	0.03337	0.00839
16	0.00768	0.00539	0.00665	0.00656	0.00677	0.00576	0.00420	0.00813	0.00776	0.01063	0.01552	0.03024	0.01719	0.61545	0.19689	0.00569	0.03584	0.00702	0.00304	0.00358
17	0.06350	0.00892	0.01187	0.00915	0.01314	0.00785	0.00756	0.02489	0.01461	0.75114	0.01990	0.01728	0.01254	0.00637	0.00514	0.00161	0.00441	0.00512	0.00629	0.00871
18	0.00793	0.00594	0.00720	0.00672	0.00823	0.00561	0.00510	0.04883	0.03335	0.01988	0.55178	0.03955	0.18980	0.02550	0.00646	0.00174	0.00279	0.02307	0.00545	0.00506
19	0.03897	0.15762	0.40544	0.01717	0.15897	0.01353	0.08680	0.01608	0.01122	0.01620	0.02623	0.01171	0.00795	0.00488	0.00479	0.00155	0.00693	0.00412	0.00243	0.00743
20	0.01707	0.04926	0.01669	0.04015	0.20748	0.51738	0.01154	0.01950	0.04657	0.01419	0.00906	0.01078	0.00749	0.00522	0.00480	0.00141	0.00816	0.00380	0.00274	0.00670
21	0.00709	0.00514	0.00683	0.00731	0.00768	0.00537	0.00501	0.00800	0.00889	0.01214	0.02118	0.38942	0.02425	0.23126	0.20665	0.00443	0.03112	0.01032	0.00381	0.00410
22	0.47025	0.03661	0.08910	0.10101	0.12340	0.05236	0.00972	0.01552	0.01007	0.01970	0.00830	0.01023	0.00651	0.00490	0.00398	0.00158	0.00531	0.00345	0.02174	0.00626
23	0.00637	0.00546	0.00548	0.00544	0.00724	0.00467	0.00409	0.00811	0.03602	0.01431	0.05176	0.04915	0.75813	0.01300	0.00613	0.00176	0.00268	0.01083	0.00485	0.00452
24	0.01226	0.01349	0.04117	0.03532	0.01703	0.09377	0.14777	0.01425	0.00966	0.01360	0.00799	0.01190	0.00716	0.00759	0.01289	0.00203	0.51996	0.00471	0.02143	0.00601
25	0.01133	0.00911	0.01075	0.01106	0.08513	0.00971	0.00772	0.04338	0.36341	0.05228	0.12330	0.07299	0.13945	0.00893	0.00565	0.00175	0.00389	0.02818	0.00503	0.00693
26	0.00757	0.00505	0.00568	0.00568	0.00568	0.00505	0.00316	0.00757	0.00757	0.01010	0.01641	0.03408	0.01893	0.81698	0.02651	0.00505	0.00505	0.00757	0.00316	0.00316
27	0.01002	0.00892	0.01427	0.62269	0.03012	0.01082	0.02842	0.01419	0.06924	0.01466	0.01154	0.03716	0.00907	0.00573	0.00511	0.00170	0.00619	0.00506	0.08923	0.00586
28	0.01937	0.00821	0.01095	0.00874	0.01210	0.00732	0.00709	0.02210	0.05214	0.58334	0.18646	0.02242	0.02094	0.00739	0.00544	0.00162	0.00399	0.00618	0.00623	0.00797
29	0.01317	0.01290	0.02087	0.03118	0.75184	0.04568	0.01573	0.01619	0.01198	0.01683	0.00972	0.01274	0.00818	0.00467	0.00514	0.00154	0.00632	0.00459	0.00258	0.00815
30	0.00615	0.00528	0.00528	0.00528	0.00703	0.00440	0.00396	0.00747	0.01187	0.01407	0.05276	0.05012	0.78238	0.01319	0.00615	0.00176	0.00264	0.01099	0.00484	0.00440
31	0.67690	0.01088	0.00913	0.00781	0.01120	0.02543	0.00642	0.12055	0.01148	0.06747	0.00874	0.00956	0.00651	0.00513	0.00364	0.00160	0.00438	0.00322	0.00367	0.00628
32	0.01151	0.20791	0.58463	0.01355	0.02039	0.01399	0.03373	0.01644	0.01100	0.02884	0.00908	0.01058	0.00675	0.00485	0.00461	0.00153	0.00718	0.00368	0.00229	0.00747
33	0.01723	0.01366	0.05406	0.01140	0.01515	0.01409	0.00959	0.61051	0.02154	0.02895	0.01485	0.13674	0.01271	0.00775	0.00542	0.00165	0.00541	0.00622	0.00500	0.00808
34	0.01945	0.02482	0.01476	0.01342	0.01610	0.79608	0.01006	0.02079	0.01476	0.01275	0.00805	0.00939	0.00671	0.00537	0.00470	0.00134	0.00939	0.00335	0.00268	0.00604
35	0.23178	0.01209	0.08168	0.02604	0.02816	0.03606	0.09377	0.01806	0.18704	0.05568	0.06980	0.03505	0.02383	0.00675	0.00553	0.00174	0.04340	0.03298	0.00390	0.00666
36	0.07013	0.00965	0.02830	0.05026	0.01436	0.00878	0.00811	0.07921	0.03193	0.55573	0.03292	0.01776	0.03731	0.00649	0.00512	0.00161	0.00459	0.00522	0.00569	0.02681
37	0.01980	0.01459	0.01563	0.01198	0.01615	0.01615	0.00990	0.76713	0.02448	0.03282	0.01250	0.01250	0.00886	0.00625	0.00521	0.00156	0.00573	0.00469	0.00521	0.00886
38	0.00632	0.00462	0.00595	0.00701	0.00749	0.00425	0.00473	0.00728	0.01020	0.01339	0.03165	0.72015	0.12598	0.01593	0.00659	0.00207	0.00297	0.01434	0.00483	0.00425
39	0.05068	0.13079	0.01755	0.08950	0.14742	0.19716	0.01103	0.19318	0.01505	0.05531	0.00990	0.01142	0.00775	0.00547	0.00518	0.00149	0.03650	0.00404	0.00334	0.00725
40	0.00664	0.00475	0.00638	0.00759	0.00802	0.00449	0.00535	0.00777	0.01026	0.01363	0.02854	0.70361	0.03379	0.01603	0.00673	0.00216	0.00328	0.12183	0.00483	0.00431
41	0.00757	0.00505	0.00568	0.00568	0.00568	0.00505	0.00316	0.00757	0.00757	0.01010	0.01641	0.03408	0.01893	0.81698	0.02651	0.00505	0.00505	0.00757	0.00316	0.00316
42	0.01124	0.01134	0.01981	0.41318	0.18245	0.03236	0.17477	0.01463	0.01110	0.01472	0.00978	0.02509	0.00780	0.00527	0.00596	0.00172	0.04472	0.00507	0.00248	0.00652
43	0.01313	0.01276	0.02043	0.03020	0.71715	0.04055	0.01537	0.01676	0.05131	0.01711	0.01032	0.01310	0.00859	0.00479	0.00515	0.00155	0.00620	0.00466	0.00272	0.00817
44	0.00634	0.00453	0.00604	0.00725	0.00755	0.00423	0.00483	0.00725	0.00997	0.01329	0.02870	0.81358	0.03444	0.01632	0.00665	0.00211	0.00302	0.01480	0.00483	0.00423
45	0.75584	0.00981	0.00785	0.00699	0.01007	0.01125	0.00571	0.03863	0.00985	0.02345	0.07288	0.01116	0.00942	0.00537	0.00353	0.00161	0.00395	0.00344	0.00350	0.00568
46	0.00860	0.00588	0.00665	0.00634	0.00674	0.00606	0.00388	0.07185	0.00904	0.01211	0.01596	0.03161	0.01780	0.71183	0.06095	0.00491	0.00553	0.00724	0.00331	0.00371
47	0.01064	0.01584	0.28450	0.01896	0.28686	0.02601	0.03274	0.01444	0.01190	0.01699	0.13350	0.09475	0.01667	0.00685	0.00540	0.00165	0.00594	0.00613	0.00317	0.00706
48	0.01311	0.30541	0.34184	0.01343	0.03835	0.08872	0.06656	0.04848	0.01189	0.01536	0.00871	0.01024	0.00687	0.00482	0.00446	0.00143	0.00706	0.00364	0.00242	0.00720
49	0.01641	0.00948	0.01130	0.00951	0.01258	0.00969	0.00754	0.11183	0.24978	0.30544	0.11015	0.08739	0.01942	0.00794	0.00548	0.00170	0.00414	0.00667	0.00572	0.00781
50	0.01980	0.01459	0.01563	0.01198	0.01615	0.01615	0.00990	0.76713	0.02448	0.03282	0.01250	0.01250	0.00886	0.00625	0.00521	0.00156	0.00573	0.00469	0.00521	0.00886
51	0.00800	0.00647	0.00941	0.04464	0.01078	0.00780	0.00723	0.00969	0.00859	0.01226	0.01511	0.05443	0.04538	0.06416	0.55309	0.00654	0.12268	0.00610	0.00289	0.00475
52	0.01928	0.01419	0.01521	0.01172	0.01571	0.01568	0.00961	0.73521	0.02377	0.03187	0.01267	0.01341	0.00928	0.04032	0.00610	0.00171	0.00570	0.00481	0.00512	0.00862

[dist]
# distance from previous block
# <min> <max>
0	3

[block]
# block no. 5 follows, 47 sequences, length 13
# corresponding to MSA columns:
# 227-239
name=unknown_F
#
# <colnr> <probs for GDERKNQSTAVLIFYWHMCP>
#	G	D	E	R	K	N	Q	S	T	A	V	L	I	F	Y	W	H	M	C	P
0	0.04394	0.01594	0.24804	0.01527	0.16515	0.02893	0.01260	0.16989	0.01424	0.08759	0.01232	0.02570	0.00927	0.00562	0.00484	0.00155	0.00582	0.00456	0.12116	0.00758
1	0.00860	0.00600	0.00720	0.00665	0.00853	0.00525	0.00501	0.01070	0.02866	0.07931	0.29848	0.13579	0.27513	0.01110	0.00589	0.00165	0.00292	0.00957	0.00512	0.08845
2	0.00910	0.00633	0.00732	0.00685	0.00751	0.00666	0.00448	0.10408	0.00983	0.01326	0.01557	0.02944	0.01683	0.60560	0.13131	0.00507	0.00638	0.00693	0.00336	0.00409
3	0.01161	0.01139	0.01679	0.02340	0.49717	0.07052	0.03342	0.01408	0.01186	0.01579	0.01808	0.11933	0.11955	0.00736	0.00548	0.00164	0.00561	0.00676	0.00319	0.00700
4	0.01215	0.02206	0.50945	0.01757	0.12860	0.01275	0.09136	0.11157	0.01295	0.01865	0.00993	0.01175	0.00724	0.00501	0.00513	0.00163	0.00734	0.00429	0.00268	0.00785
5	0.00740	0.00711	0.07439	0.00734	0.00907	0.00542	0.00620	0.00967	0.01298	0.01779	0.42984	0.13742	0.16782	0.01170	0.00646	0.01861	0.00321	0.05762	0.00503	0.00492
6	0.01194	0.00962	0.01049	0.00943	0.01177	0.01070	0.00719	0.11514	0.43173	0.02117	0.12648	0.09143	0.02155	0.08831	0.00762	0.00208	0.00409	0.00717	0.00510	0.00701
7	0.00682	0.00496	0.00633	0.00725	0.00782	0.00468	0.00494	0.03505	0.01067	0.01407	0.03019	0.71824	0.09822	0.01568	0.00655	0.00206	0.00309	0.01410	0.00485	0.00441
8	0.01175	0.04293	0.41612	0.08113	0.01969	0.01224	0.01421	0.11200	0.11901	0.01827	0.01203	0.01482	0.00943	0.08567	0.00714	0.00198	0.00656	0.00464	0.00312	0.00728
9	0.01178	0.00969	0.01109	0.01009	0.01197	0.11724	0.07226	0.08702	0.01279	0.09170	0.04060	0.40947	0.02279	0.01294	0.05094	0.00222	0.00542	0.00985	0.00445	0.00568
10	0.01280	0.01878	0.01209	0.00956	0.02142	0.00912	0.05276	0.15087	0.02998	0.09656	0.04009	0.02201	0.11961	0.08699	0.00761	0.00178	0.03391	0.02477	0.00416	0.24513
11	0.01116	0.00869	0.00983	0.00913	0.01071	0.08533	0.00728	0.01333	0.02827	0.10912	0.20702	0.04125	0.09307	0.01416	0.11777	0.00276	0.10740	0.11374	0.00443	0.00556
12	0.13155	0.03845	0.01157	0.00997	0.03035	0.03238	0.00760	0.04204	0.41110	0.11860	0.01737	0.01815	0.01346	0.08651	0.00701	0.00201	0.00452	0.00531	0.00470	0.00736

[dist]
# distance from previous block
# <min> <max>
7	66

# created by:
# /st0/software/busco_prod/Augustus/scripts/msa2prfl.pl ./align_prep/173350.fa
