[name]
unknown

[dist]
# distance from previous block
# <min> <max>
0	18

[block]
# block no. 0 follows, 47 sequences, length 25
# corresponding to MSA columns:
# 21-45
name=unknown_A
#
# <colnr> <probs for GDERKNQSTAVLIFYWHMCP>
#	G	D	E	R	K	N	Q	S	T	A	V	L	I	F	Y	W	H	M	C	P
0	0.25934	0.02795	0.06220	0.01342	0.14776	0.08834	0.00958	0.04399	0.09555	0.12628	0.01310	0.01462	0.02573	0.00583	0.00459	0.00159	0.00531	0.02775	0.00380	0.02328
1	0.04224	0.01117	0.01322	0.01025	0.01418	0.01129	0.00844	0.32960	0.03951	0.40743	0.04623	0.01620	0.01252	0.00650	0.00521	0.00160	0.00487	0.00513	0.00580	0.00861
2	0.01990	0.00887	0.01192	0.04020	0.03056	0.00802	0.00785	0.02290	0.06817	0.58296	0.05085	0.04187	0.01458	0.00671	0.00523	0.00159	0.00438	0.00557	0.00583	0.06203
3	0.01338	0.00918	0.01106	0.00803	0.01254	0.00709	0.00647	0.01563	0.01164	0.17514	0.01157	0.01222	0.00878	0.00439	0.00414	0.00094	0.00397	0.00353	0.00377	0.67653
4	0.01295	0.01119	0.01178	0.01060	0.01354	0.01295	0.00824	0.02767	0.77509	0.02178	0.02120	0.01943	0.01590	0.00707	0.00530	0.00177	0.00412	0.00589	0.00530	0.00824
5	0.85377	0.01007	0.00765	0.00685	0.01007	0.01168	0.00564	0.01531	0.00886	0.02336	0.00725	0.00846	0.00564	0.00483	0.00322	0.00161	0.00403	0.00282	0.00322	0.00564
6	0.00971	0.00485	0.00485	0.00485	0.00607	0.00485	0.00364	0.01213	0.01092	0.01942	0.01699	0.01942	0.01335	0.00607	0.00364	0.00121	0.00243	0.00485	0.84589	0.00485
7	0.00749	0.00539	0.00742	0.00742	0.00802	0.00599	0.00533	0.00869	0.00809	0.01139	0.01482	0.02526	0.01510	0.31335	0.52491	0.00720	0.01081	0.00628	0.00292	0.00412
8	0.01289	0.01237	0.02114	0.03196	0.78450	0.01237	0.01598	0.01598	0.01186	0.01701	0.00980	0.01289	0.00825	0.00464	0.00516	0.00155	0.00619	0.00464	0.00258	0.00825
9	0.00971	0.00485	0.00485	0.00485	0.00607	0.00485	0.00364	0.01213	0.01092	0.01942	0.01699	0.01942	0.01335	0.00607	0.00364	0.00121	0.00243	0.00485	0.84589	0.00485
10	0.85377	0.01007	0.00765	0.00685	0.01007	0.01168	0.00564	0.01531	0.00886	0.02336	0.00725	0.00846	0.00564	0.00483	0.00322	0.00161	0.00403	0.00282	0.00322	0.00564
11	0.01001	0.00935	0.01571	0.64691	0.13412	0.01118	0.01401	0.01325	0.01058	0.01380	0.01065	0.06810	0.00899	0.00589	0.00530	0.00174	0.00657	0.00532	0.00252	0.00601
12	0.01099	0.00943	0.01089	0.00798	0.01245	0.00749	0.00636	0.01444	0.08024	0.01741	0.01034	0.01158	0.00846	0.00415	0.00399	0.00086	0.00388	0.00334	0.00329	0.77244
13	0.85377	0.01007	0.00765	0.00685	0.01007	0.01168	0.00564	0.01531	0.00886	0.02336	0.00725	0.00846	0.00564	0.00483	0.00322	0.00161	0.00403	0.00282	0.00322	0.00564
14	0.01139	0.01139	0.01595	0.01367	0.01367	0.01595	0.01139	0.01253	0.00798	0.01253	0.00684	0.01139	0.00684	0.00911	0.01709	0.00228	0.80745	0.00456	0.00228	0.00570
15	0.00905	0.00452	0.00678	0.00678	0.00678	0.00452	0.00452	0.00678	0.00678	0.00905	0.00905	0.01583	0.00905	0.01809	0.02035	0.84848	0.00452	0.00452	0.00226	0.00226
16	0.01980	0.01459	0.01563	0.01198	0.01615	0.01615	0.00990	0.76713	0.02448	0.03282	0.01250	0.01250	0.00886	0.00625	0.00521	0.00156	0.00573	0.00469	0.00521	0.00886
17	0.01037	0.00960	0.01563	0.73254	0.03397	0.01198	0.01411	0.04826	0.01096	0.01418	0.00930	0.01371	0.00703	0.00543	0.00573	0.00175	0.04246	0.00463	0.00245	0.00592
18	0.01392	0.82012	0.02729	0.00891	0.01337	0.02061	0.00891	0.01559	0.01058	0.01225	0.00724	0.00835	0.00668	0.00446	0.00334	0.00111	0.00557	0.00278	0.00223	0.00668
19	0.00971	0.00485	0.00485	0.00485	0.00607	0.00485	0.00364	0.01213	0.01092	0.01942	0.01699	0.01942	0.01335	0.00607	0.00364	0.00121	0.00243	0.00485	0.84589	0.00485
20	0.01147	0.00970	0.01115	0.00815	0.01264	0.00787	0.00652	0.05855	0.06094	0.01822	0.01022	0.01146	0.00831	0.00421	0.00403	0.00088	0.00398	0.00336	0.00335	0.74499
21	0.01756	0.11422	0.01552	0.01063	0.01428	0.01465	0.00878	0.51026	0.03731	0.07730	0.01342	0.03717	0.01072	0.08609	0.00711	0.00187	0.00544	0.00508	0.00471	0.00788
22	0.01873	0.07145	0.03368	0.03569	0.01658	0.11325	0.03890	0.41276	0.05457	0.13344	0.01287	0.01295	0.00918	0.00595	0.00505	0.00153	0.00612	0.00456	0.00461	0.00813
23	0.01614	0.01151	0.01217	0.00945	0.01346	0.08881	0.00756	0.13430	0.04627	0.20998	0.01351	0.03688	0.01021	0.00553	0.00464	0.00124	0.00484	0.00436	0.00435	0.36481
24	0.03893	0.01228	0.01349	0.01206	0.08392	0.10536	0.02666	0.12456	0.08602	0.16744	0.04099	0.01423	0.01102	0.00553	0.00479	0.00136	0.00521	0.00446	0.00423	0.23745

[dist]
# distance from previous block
# <min> <max>
20	64

[block]
# block no. 1 follows, 47 sequences, length 26
# corresponding to MSA columns:
# 111-136
name=unknown_B
#
# <colnr> <probs for GDERKNQSTAVLIFYWHMCP>
#	G	D	E	R	K	N	Q	S	T	A	V	L	I	F	Y	W	H	M	C	P
0	0.13752	0.05703	0.04173	0.12210	0.06171	0.04456	0.07685	0.02670	0.05740	0.12742	0.05296	0.04009	0.04619	0.00615	0.00488	0.00156	0.00533	0.00517	0.00374	0.08089
1	0.07783	0.06534	0.05937	0.01340	0.12885	0.08771	0.02057	0.08706	0.07915	0.18645	0.07345	0.01531	0.01260	0.00589	0.00487	0.00150	0.00537	0.00474	0.00419	0.06637
2	0.06036	0.01319	0.09984	0.03135	0.10737	0.01169	0.05347	0.23340	0.03871	0.13829	0.05543	0.01456	0.01121	0.00574	0.00503	0.00151	0.00547	0.00477	0.00423	0.10439
3	0.10141	0.01096	0.06119	0.01194	0.11184	0.04197	0.00872	0.09461	0.02446	0.18346	0.09000	0.08918	0.06709	0.00742	0.00514	0.00158	0.00468	0.00616	0.00446	0.07373
4	0.03402	0.02755	0.21743	0.01406	0.10983	0.01168	0.03350	0.18585	0.02764	0.08872	0.01124	0.01225	0.00829	0.00511	0.00479	0.00142	0.00579	0.00415	0.00358	0.19309
5	0.06772	0.01188	0.01908	0.02643	0.58663	0.01196	0.03666	0.04200	0.03421	0.07702	0.02946	0.01381	0.00965	0.00505	0.00510	0.00157	0.00583	0.00477	0.00316	0.00803
6	0.01237	0.00987	0.01368	0.02943	0.18610	0.00892	0.03290	0.01618	0.08858	0.09129	0.08838	0.01575	0.01325	0.00532	0.00475	0.00126	0.00454	0.00468	0.00375	0.36901
7	0.01295	0.01118	0.01796	0.07056	0.53992	0.01136	0.01353	0.01706	0.08685	0.07190	0.08288	0.01633	0.01302	0.00559	0.00527	0.00159	0.00556	0.00524	0.00339	0.00784
8	0.01290	0.01182	0.01902	0.07726	0.59045	0.01201	0.01429	0.08464	0.01308	0.01848	0.06023	0.01454	0.01087	0.00519	0.00519	0.00154	0.00588	0.00491	0.00303	0.03465
9	0.06622	0.01040	0.10418	0.00998	0.05008	0.02848	0.00821	0.01579	0.07075	0.16648	0.22030	0.11828	0.03678	0.00835	0.00539	0.00163	0.00423	0.00711	0.00471	0.06265
10	0.01144	0.00993	0.01316	0.19249	0.08432	0.00916	0.00919	0.07041	0.01184	0.01733	0.00955	0.01181	0.00767	0.00441	0.00438	0.00112	0.00490	0.00369	0.00303	0.52018
11	0.01178	0.00959	0.01600	0.45973	0.13386	0.01070	0.06101	0.01520	0.02858	0.10364	0.07028	0.03343	0.01188	0.00591	0.00537	0.00170	0.00618	0.00541	0.00323	0.00652
12	0.01400	0.01173	0.01489	0.04047	0.05913	0.01259	0.08814	0.16081	0.37774	0.04552	0.01719	0.01703	0.03228	0.00630	0.00526	0.00162	0.00507	0.00545	0.00458	0.08021
13	0.00976	0.00898	0.01497	0.69062	0.05588	0.01096	0.01382	0.01310	0.01064	0.01368	0.01135	0.01895	0.00960	0.00623	0.00543	0.00180	0.00668	0.08920	0.00260	0.00575
14	0.01080	0.00926	0.01080	0.00771	0.01234	0.00694	0.00617	0.01311	0.01080	0.01697	0.00926	0.01080	0.00771	0.00386	0.00386	0.00077	0.00386	0.00309	0.00309	0.84882
15	0.01306	0.01264	0.02060	0.03064	0.73406	0.03227	0.01552	0.01657	0.04258	0.01710	0.01021	0.01306	0.00852	0.00476	0.00515	0.00155	0.00619	0.00466	0.00269	0.00819
16	0.00638	0.00456	0.00608	0.00723	0.00756	0.00425	0.00484	0.00734	0.01014	0.01357	0.05594	0.78556	0.03497	0.01611	0.00663	0.00210	0.00300	0.01461	0.00487	0.00425
17	0.01295	0.01119	0.01178	0.01060	0.01354	0.01295	0.00824	0.02767	0.77509	0.02178	0.02120	0.01943	0.01590	0.00707	0.00530	0.00177	0.00412	0.00589	0.00530	0.00824
18	0.01223	0.00983	0.03366	0.00848	0.01304	0.00745	0.02501	0.03034	0.01167	0.09783	0.03287	0.01245	0.00945	0.00442	0.00418	0.00095	0.00414	0.00362	0.00352	0.67485
19	0.03292	0.39775	0.39564	0.01203	0.01804	0.01610	0.03157	0.01605	0.01078	0.01468	0.00834	0.00977	0.00664	0.00470	0.00418	0.00140	0.00663	0.00338	0.00225	0.00716
20	0.00682	0.00506	0.00630	0.00706	0.00783	0.00470	0.00494	0.02952	0.01106	0.01446	0.06960	0.57938	0.17766	0.01508	0.00651	0.00202	0.00306	0.03961	0.00489	0.00445
21	0.00634	0.00453	0.00604	0.00725	0.00755	0.00423	0.00483	0.00725	0.00997	0.01329	0.02870	0.81358	0.03444	0.01632	0.00665	0.00211	0.00302	0.01480	0.00483	0.00423
22	0.00648	0.00463	0.00619	0.00740	0.00776	0.00434	0.00506	0.00748	0.01010	0.01344	0.02863	0.76515	0.03416	0.01619	0.00668	0.00213	0.00314	0.06194	0.00483	0.00427
23	0.08531	0.01423	0.01500	0.01158	0.01567	0.01580	0.00956	0.70807	0.02326	0.03208	0.01209	0.01219	0.00860	0.00614	0.00505	0.00157	0.00560	0.00454	0.00505	0.00860
24	0.01364	0.59390	0.18343	0.01049	0.01547	0.08009	0.01113	0.01619	0.01100	0.01316	0.00774	0.00898	0.00667	0.00463	0.00378	0.00124	0.00631	0.00305	0.00226	0.00684
25	0.02979	0.60452	0.06424	0.01139	0.07474	0.06972	0.01002	0.04012	0.01149	0.03153	0.00808	0.00926	0.00700	0.00466	0.00376	0.00123	0.00593	0.00314	0.00249	0.00692

[dist]
# distance from previous block
# <min> <max>
0	1

[block]
# block no. 2 follows, 47 sequences, length 18
# corresponding to MSA columns:
# 138-155
name=unknown_C
#
# <colnr> <probs for GDERKNQSTAVLIFYWHMCP>
#	G	D	E	R	K	N	Q	S	T	A	V	L	I	F	Y	W	H	M	C	P
0	0.85377	0.01007	0.00765	0.00685	0.01007	0.01168	0.00564	0.01531	0.00886	0.02336	0.00725	0.00846	0.00564	0.00483	0.00322	0.00161	0.00403	0.00282	0.00322	0.00564
1	0.00642	0.00468	0.00599	0.00694	0.00744	0.00431	0.00468	0.00743	0.01036	0.01369	0.07247	0.65834	0.11839	0.04353	0.00726	0.00215	0.00302	0.01383	0.00483	0.00425
2	0.85377	0.01007	0.00765	0.00685	0.01007	0.01168	0.00564	0.01531	0.00886	0.02336	0.00725	0.00846	0.00564	0.00483	0.00322	0.00161	0.00403	0.00282	0.00322	0.00564
3	0.00769	0.00576	0.00810	0.00797	0.00861	0.00665	0.00592	0.00903	0.00814	0.01160	0.01419	0.02346	0.01420	0.23739	0.55549	0.00718	0.05539	0.00604	0.00286	0.00432
4	0.00702	0.00523	0.00653	0.00637	0.00761	0.00474	0.00472	0.00909	0.01367	0.01873	0.55756	0.12279	0.19323	0.01175	0.00620	0.00171	0.00255	0.01030	0.00546	0.00474
5	0.00634	0.00453	0.00604	0.00725	0.00755	0.00423	0.00483	0.00725	0.00997	0.01329	0.02870	0.81358	0.03444	0.01632	0.00665	0.00211	0.00302	0.01480	0.00483	0.00423
6	0.01014	0.01254	0.14547	0.57115	0.06290	0.01163	0.06525	0.01403	0.01068	0.01421	0.00982	0.03168	0.00763	0.00534	0.00526	0.00172	0.00707	0.00483	0.00238	0.00625
7	0.01049	0.00987	0.01461	0.01518	0.14065	0.01262	0.01074	0.01217	0.00874	0.01315	0.00939	0.01427	0.00887	0.01706	0.24129	0.00392	0.44382	0.00487	0.00248	0.00582
8	0.00753	0.00515	0.00595	0.00612	0.00636	0.00508	0.00381	0.00790	0.00838	0.01102	0.02018	0.06196	0.06712	0.65842	0.02261	0.00448	0.00481	0.08621	0.00348	0.00344
9	0.01080	0.00926	0.01080	0.00771	0.01234	0.00694	0.00617	0.01311	0.01080	0.01697	0.00926	0.01080	0.00771	0.00386	0.00386	0.00077	0.00386	0.00309	0.00309	0.84882
10	0.02930	0.01072	0.01831	0.48326	0.20449	0.01218	0.09358	0.04049	0.01134	0.01539	0.00953	0.01345	0.00738	0.00510	0.00551	0.00170	0.02440	0.00475	0.00253	0.00658
11	0.04207	0.01080	0.01350	0.01055	0.01425	0.06810	0.08021	0.11385	0.01534	0.43256	0.04718	0.01999	0.09363	0.00696	0.00535	0.00162	0.00511	0.00580	0.00536	0.00778
12	0.00759	0.00516	0.00607	0.00609	0.00637	0.00509	0.00380	0.00816	0.00906	0.01226	0.14449	0.03653	0.02470	0.62924	0.02183	0.00430	0.00460	0.05742	0.00369	0.00356
13	0.01303	0.01298	0.01991	0.13008	0.62552	0.07595	0.01531	0.01603	0.01191	0.01619	0.00958	0.01273	0.00796	0.00477	0.00512	0.00155	0.00654	0.00453	0.00255	0.00775
14	0.00770	0.00590	0.00756	0.00717	0.00871	0.00587	0.00546	0.00938	0.00957	0.01342	0.02275	0.02711	0.19218	0.08532	0.40976	0.00522	0.00872	0.00663	0.04980	0.11174
15	0.03959	0.00981	0.01576	0.60708	0.08164	0.01228	0.01380	0.01344	0.01009	0.01379	0.00886	0.01326	0.00697	0.00574	0.00691	0.00180	0.12634	0.00456	0.00236	0.00593
16	0.69837	0.00985	0.00832	0.00721	0.01049	0.01105	0.00593	0.03521	0.01009	0.12063	0.00941	0.01012	0.00691	0.00512	0.00354	0.00160	0.00407	0.00324	0.03274	0.00610
17	0.02954	0.01121	0.09676	0.62230	0.03153	0.01147	0.01410	0.01365	0.01038	0.01409	0.00914	0.01316	0.00692	0.00522	0.00545	0.00168	0.03436	0.00440	0.00237	0.06227

[dist]
# distance from previous block
# <min> <max>
0	1

[block]
# block no. 3 follows, 47 sequences, length 69
# corresponding to MSA columns:
# 157-220,223-227
name=unknown_D
#
# <colnr> <probs for GDERKNQSTAVLIFYWHMCP>
#	G	D	E	R	K	N	Q	S	T	A	V	L	I	F	Y	W	H	M	C	P
0	0.82003	0.01025	0.00798	0.00706	0.01032	0.01186	0.00581	0.04573	0.00949	0.02375	0.00746	0.00862	0.00577	0.00489	0.00330	0.00161	0.00410	0.00290	0.00330	0.00577
1	0.01231	0.01216	0.01672	0.03081	0.07522	0.04234	0.03346	0.06013	0.00971	0.01429	0.00762	0.01164	0.00710	0.00824	0.01444	0.00212	0.62848	0.00458	0.00251	0.00615
2	0.01045	0.02694	0.79000	0.01484	0.02254	0.01209	0.01924	0.01649	0.01099	0.01649	0.00935	0.01099	0.00660	0.00495	0.00495	0.00165	0.00770	0.00385	0.00220	0.00770
3	0.00841	0.00569	0.00734	0.00678	0.00824	0.00528	0.00514	0.01115	0.03573	0.06465	0.69761	0.03745	0.06576	0.01037	0.00607	0.00164	0.00262	0.00912	0.00574	0.00522
4	0.01613	0.01663	0.16708	0.10277	0.03417	0.10942	0.03141	0.25244	0.03100	0.11035	0.01155	0.01269	0.00836	0.00594	0.00601	0.00164	0.06652	0.00447	0.00379	0.00763
5	0.01392	0.82012	0.02729	0.00891	0.01337	0.02061	0.00891	0.01559	0.01058	0.01225	0.00724	0.00835	0.00668	0.00446	0.00334	0.00111	0.00557	0.00278	0.00223	0.00668
6	0.00634	0.00453	0.00604	0.00725	0.00755	0.00423	0.00483	0.00725	0.00997	0.01329	0.02870	0.81358	0.03444	0.01632	0.00665	0.00211	0.00302	0.01480	0.00483	0.00423
7	0.62929	0.02676	0.03154	0.06833	0.12703	0.01196	0.00824	0.01530	0.00951	0.02130	0.00783	0.00957	0.00617	0.00483	0.00370	0.00160	0.00469	0.00325	0.00301	0.00611
8	0.01770	0.02030	0.01489	0.01342	0.03276	0.52001	0.01018	0.12956	0.01491	0.01575	0.00887	0.01073	0.00738	0.00759	0.04419	0.00184	0.11668	0.00385	0.00301	0.00639
9	0.00634	0.00453	0.00604	0.00725	0.00755	0.00423	0.00483	0.00725	0.00997	0.01329	0.02870	0.81358	0.03444	0.01632	0.00665	0.00211	0.00302	0.01480	0.00483	0.00423
10	0.00623	0.00498	0.00558	0.00605	0.00724	0.00433	0.00430	0.00739	0.01112	0.01376	0.04327	0.35115	0.48747	0.01442	0.00635	0.00190	0.00279	0.01249	0.00484	0.00433
11	0.31230	0.02664	0.18237	0.12179	0.11203	0.02558	0.03612	0.06238	0.01117	0.01935	0.00957	0.04179	0.00777	0.00541	0.00449	0.00164	0.00583	0.00421	0.00294	0.00664
12	0.07110	0.00539	0.00681	0.00757	0.00844	0.00519	0.00541	0.00949	0.01042	0.07109	0.02640	0.62995	0.03032	0.01457	0.00633	0.00206	0.00335	0.07653	0.00483	0.00472
13	0.00744	0.00558	0.00837	0.00837	0.00930	0.00651	0.00651	0.00930	0.00837	0.01209	0.01395	0.02046	0.01302	0.03906	0.79635	0.00837	0.01395	0.00558	0.00279	0.00465
14	0.01752	0.00980	0.01237	0.09566	0.01551	0.01001	0.00850	0.16775	0.11187	0.34588	0.13056	0.01963	0.01720	0.00697	0.00537	0.00164	0.00463	0.00576	0.00551	0.00787
15	0.04357	0.14496	0.43849	0.07186	0.02093	0.01351	0.08050	0.01553	0.01066	0.01549	0.00941	0.03418	0.00753	0.00548	0.00571	0.00164	0.06690	0.00427	0.00237	0.00701
16	0.00905	0.00452	0.00678	0.00678	0.00678	0.00452	0.00452	0.00678	0.00678	0.00905	0.00905	0.01583	0.00905	0.01809	0.02035	0.84848	0.00452	0.00452	0.00226	0.00226
17	0.01142	0.01146	0.01633	0.01388	0.01402	0.01588	0.03076	0.01264	0.00809	0.01264	0.00693	0.01146	0.00686	0.00899	0.01681	0.00227	0.78694	0.00460	0.00229	0.00573
18	0.01865	0.01440	0.04641	0.03090	0.03447	0.01494	0.06576	0.58563	0.03382	0.08300	0.01281	0.01307	0.00904	0.00603	0.00527	0.00159	0.00595	0.00482	0.00487	0.00859
19	0.08018	0.01208	0.01736	0.25865	0.02255	0.07107	0.12795	0.02883	0.01028	0.01470	0.00839	0.01221	0.00697	0.00650	0.00947	0.00189	0.29782	0.00460	0.00251	0.00601
20	0.00644	0.00461	0.00607	0.00720	0.00755	0.00431	0.00484	0.00736	0.00998	0.01325	0.02884	0.74392	0.05374	0.04706	0.00741	0.00223	0.00313	0.03310	0.00477	0.00421
21	0.00667	0.00524	0.00658	0.00720	0.00787	0.00515	0.00509	0.00771	0.01033	0.01344	0.03353	0.54853	0.23332	0.01494	0.00730	0.00203	0.06304	0.01301	0.00464	0.00438
22	0.01080	0.00926	0.01080	0.00771	0.01234	0.00694	0.00617	0.01311	0.01080	0.01697	0.00926	0.01080	0.00771	0.00386	0.00386	0.00077	0.00386	0.00309	0.00309	0.84882
23	0.00744	0.00558	0.00837	0.00837	0.00930	0.00651	0.00651	0.00930	0.00837	0.01209	0.01395	0.02046	0.01302	0.03906	0.79635	0.00837	0.01395	0.00558	0.00279	0.00465
24	0.00736	0.00548	0.00806	0.00815	0.00899	0.00627	0.00622	0.00906	0.00845	0.01208	0.01517	0.08039	0.01491	0.07521	0.69987	0.00774	0.01270	0.00637	0.00296	0.00455
25	0.08146	0.01410	0.01466	0.01136	0.01542	0.03203	0.00934	0.63558	0.04145	0.03055	0.01206	0.01222	0.00869	0.00602	0.00498	0.00152	0.00554	0.00446	0.00489	0.05365
26	0.00757	0.00506	0.00574	0.00574	0.00576	0.00508	0.00323	0.00761	0.00759	0.01014	0.01635	0.03377	0.01880	0.79943	0.04388	0.00512	0.00525	0.00753	0.00315	0.00319
27	0.01463	0.50044	0.14536	0.01089	0.01569	0.07687	0.02484	0.12746	0.01305	0.01609	0.00847	0.00957	0.00702	0.00487	0.00403	0.00129	0.00628	0.00334	0.00271	0.00712
28	0.01225	0.07479	0.06997	0.02000	0.02496	0.01387	0.61500	0.01629	0.01178	0.01604	0.00996	0.01327	0.00766	0.00476	0.00666	0.00174	0.06584	0.00566	0.00255	0.00694
29	0.00757	0.00505	0.00568	0.00568	0.00568	0.00505	0.00316	0.00757	0.00757	0.01010	0.01641	0.03408	0.01893	0.81698	0.02651	0.00505	0.00505	0.00757	0.00316	0.00316
30	0.00706	0.00531	0.00653	0.00622	0.00759	0.00478	0.00467	0.00922	0.01400	0.01913	0.59404	0.04179	0.23795	0.01130	0.00615	0.00167	0.00250	0.00982	0.00550	0.00478
31	0.01222	0.01213	0.07268	0.13775	0.04032	0.01411	0.02618	0.02608	0.03643	0.07174	0.00917	0.01262	0.00770	0.00767	0.01231	0.00204	0.48515	0.00465	0.00276	0.00633
32	0.01280	0.01228	0.02098	0.05428	0.76287	0.01235	0.01594	0.01590	0.01182	0.01691	0.00978	0.01292	0.00821	0.00466	0.00516	0.00155	0.00621	0.00464	0.00257	0.00818
33	0.00786	0.00553	0.00718	0.00672	0.00804	0.00515	0.00505	0.01055	0.03178	0.03888	0.73411	0.05087	0.04729	0.01056	0.00611	0.00165	0.00255	0.00933	0.00572	0.00507
34	0.01075	0.06139	0.69632	0.01514	0.02250	0.01256	0.07734	0.01647	0.01108	0.01632	0.00934	0.01112	0.00670	0.00488	0.00497	0.00163	0.00769	0.00398	0.00223	0.00760
35	0.01235	0.01340	0.05429	0.07936	0.39861	0.01263	0.31892	0.01610	0.01190	0.01661	0.01004	0.01335	0.00796	0.00459	0.00555	0.00165	0.00734	0.00522	0.00257	0.00757
36	0.00776	0.00528	0.00695	0.00681	0.00794	0.00487	0.00500	0.00985	0.01367	0.04876	0.58257	0.21279	0.04443	0.01176	0.00622	0.00174	0.00266	0.01047	0.00556	0.00491
37	0.57315	0.00966	0.00915	0.00767	0.01116	0.01032	0.00632	0.01871	0.01090	0.28179	0.01174	0.01159	0.00809	0.00538	0.00390	0.00161	0.00416	0.00364	0.00431	0.00673
38	0.10476	0.01081	0.01260	0.00987	0.01374	0.01092	0.00811	0.25648	0.05620	0.41569	0.03627	0.01579	0.01198	0.00636	0.00505	0.00160	0.00473	0.00496	0.00566	0.00840
39	0.04120	0.01156	0.01232	0.01059	0.01372	0.01304	0.00836	0.23609	0.46085	0.04382	0.01883	0.07642	0.01488	0.00744	0.00531	0.00173	0.00450	0.00610	0.00520	0.00805
40	0.01323	0.01343	0.01846	0.22995	0.44398	0.12824	0.01443	0.03392	0.02541	0.01587	0.00966	0.01273	0.00783	0.00498	0.00510	0.00157	0.00681	0.00447	0.00263	0.00729
41	0.00997	0.00950	0.01615	0.74985	0.03479	0.01178	0.04018	0.01339	0.01039	0.01339	0.00922	0.01380	0.00697	0.00532	0.00566	0.00176	0.03506	0.00468	0.00232	0.00582
42	0.00793	0.00545	0.00714	0.00665	0.00797	0.00501	0.00501	0.01037	0.01475	0.04777	0.75507	0.03816	0.04787	0.01050	0.00611	0.00164	0.00253	0.00927	0.00576	0.00505
43	0.01150	0.01096	0.01863	0.38330	0.44401	0.01201	0.01529	0.01476	0.01120	0.01533	0.00955	0.01334	0.00765	0.00490	0.00518	0.00163	0.00653	0.00463	0.00246	0.00713
44	0.00981	0.00859	0.01014	0.16102	0.02785	0.07781	0.00851	0.01316	0.08673	0.02968	0.07456	0.17585	0.09227	0.01080	0.00607	0.00193	0.00489	0.19066	0.00425	0.00543
45	0.01008	0.00536	0.00562	0.03314	0.00748	0.00550	0.00425	0.03951	0.01139	0.01969	0.01655	0.01897	0.01296	0.00604	0.00375	0.00124	0.00270	0.00484	0.78589	0.00503
46	0.00680	0.00525	0.00625	0.00656	0.00778	0.00475	0.00486	0.00859	0.02530	0.01571	0.21439	0.25539	0.33122	0.01344	0.00636	0.00188	0.00290	0.07295	0.00505	0.00457
47	0.06158	0.01191	0.01519	0.40639	0.09923	0.09521	0.01229	0.11939	0.01317	0.07546	0.01066	0.02632	0.00814	0.00563	0.00523	0.00165	0.01809	0.00461	0.00318	0.00667
48	0.09577	0.15662	0.58505	0.01306	0.01977	0.01346	0.01616	0.01622	0.01071	0.01648	0.00879	0.01030	0.00651	0.00485	0.00451	0.00156	0.00698	0.00357	0.00231	0.00732
49	0.00634	0.00453	0.00604	0.00725	0.00755	0.00423	0.00483	0.00725	0.00997	0.01329	0.02870	0.81358	0.03444	0.01632	0.00665	0.00211	0.00302	0.01480	0.00483	0.00423
50	0.01039	0.00991	0.01633	0.69064	0.13374	0.02408	0.01459	0.01378	0.01067	0.01378	0.00931	0.01368	0.00711	0.00513	0.00519	0.00170	0.00688	0.00461	0.00235	0.00611
51	0.01245	0.32587	0.44486	0.01239	0.01860	0.01561	0.01465	0.07123	0.01183	0.01609	0.00878	0.01011	0.00680	0.00486	0.00436	0.00144	0.00675	0.00351	0.00243	0.00740
52	0.01050	0.00993	0.01682	0.63710	0.19806	0.01174	0.01479	0.01389	0.01073	0.01411	0.00937	0.01367	0.00723	0.00508	0.00520	0.00169	0.00678	0.00463	0.00237	0.00632
53	0.00728	0.00532	0.00684	0.00646	0.00772	0.00488	0.00484	0.00965	0.01453	0.02037	0.72727	0.03974	0.10394	0.01084	0.00614	0.00165	0.00247	0.00954	0.00567	0.00488
54	0.03377	0.01078	0.08169	0.00988	0.01415	0.00867	0.00875	0.03921	0.07147	0.63548	0.01923	0.01701	0.01236	0.00633	0.00519	0.00163	0.00472	0.00511	0.00591	0.00866
55	0.01536	0.12395	0.01776	0.19448	0.11645	0.15514	0.01167	0.22584	0.01520	0.01894	0.00961	0.01169	0.00756	0.00556	0.00549	0.00154	0.04928	0.00416	0.00321	0.00711
56	0.79189	0.01131	0.06506	0.00743	0.01099	0.01171	0.00664	0.01539	0.00902	0.02286	0.00740	0.00865	0.00571	0.00484	0.00335	0.00161	0.00430	0.00290	0.00315	0.00579
57	0.54334	0.00996	0.02454	0.00915	0.06712	0.01071	0.00682	0.07042	0.01141	0.02283	0.14746	0.01548	0.03060	0.00615	0.00413	0.00161	0.00408	0.00447	0.00379	0.00596
58	0.01410	0.70116	0.02514	0.00915	0.01349	0.07648	0.00879	0.01579	0.01090	0.01264	0.00745	0.00861	0.00676	0.00448	0.00348	0.00110	0.00572	0.00285	0.00233	0.06957
59	0.01087	0.00903	0.01053	0.00797	0.01199	0.00726	0.00627	0.06766	0.01169	0.01765	0.01206	0.11665	0.01132	0.00567	0.00432	0.00101	0.00388	0.00475	0.00347	0.67595
60	0.01498	0.07214	0.01309	0.01039	0.01345	0.07380	0.00828	0.09694	0.41182	0.12061	0.01887	0.07607	0.01508	0.00742	0.00523	0.00168	0.00478	0.02269	0.00496	0.00772
61	0.07356	0.01099	0.01791	0.02555	0.57511	0.01102	0.03258	0.01473	0.01184	0.01765	0.09399	0.06635	0.01412	0.00604	0.00524	0.00160	0.00549	0.00571	0.00311	0.00741
62	0.00868	0.00641	0.00715	0.00775	0.00855	0.06370	0.00537	0.00964	0.01071	0.07011	0.04104	0.62508	0.05086	0.02753	0.00706	0.02469	0.00365	0.01265	0.00471	0.00465
63	0.01058	0.06920	0.01591	0.10661	0.10292	0.01284	0.03833	0.01252	0.00919	0.01318	0.00981	0.03596	0.00918	0.01452	0.18649	0.00338	0.33600	0.00501	0.00251	0.00584
64	0.01155	0.05226	0.68909	0.01440	0.02166	0.01208	0.03565	0.01712	0.01130	0.07297	0.01012	0.01147	0.00709	0.00503	0.00494	0.00163	0.00741	0.00397	0.00252	0.00773
65	0.01337	0.03149	0.01260	0.01067	0.07331	0.06671	0.00778	0.10545	0.03455	0.07654	0.06902	0.03705	0.01228	0.00548	0.00456	0.00117	0.00464	0.00446	0.00381	0.42504
66	0.01218	0.07089	0.01566	0.01064	0.01507	0.00978	0.13731	0.06978	0.03347	0.04069	0.04032	0.02560	0.01015	0.00479	0.00452	0.00113	0.00493	0.00428	0.00339	0.48543
67	0.02368	0.06654	0.07154	0.00868	0.01122	0.06561	0.02807	0.01339	0.06574	0.04648	0.34877	0.08678	0.09132	0.00907	0.00555	0.00160	0.00410	0.00775	0.00461	0.03949
68	0.01146	0.03210	0.47833	0.01461	0.02064	0.01142	0.14382	0.01623	0.01156	0.07303	0.04840	0.03553	0.02506	0.00581	0.00568	0.00168	0.03471	0.00503	0.00289	0.02200

[dist]
# distance from previous block
# <min> <max>
18	45

[block]
# block no. 4 follows, 47 sequences, length 6
# corresponding to MSA columns:
# 277-282
name=unknown_E
#
# <colnr> <probs for GDERKNQSTAVLIFYWHMCP>
#	G	D	E	R	K	N	Q	S	T	A	V	L	I	F	Y	W	H	M	C	P
0	0.01295	0.13519	0.12562	0.01213	0.01534	0.10929	0.06475	0.01583	0.04265	0.06084	0.03552	0.05631	0.01074	0.02293	0.00813	0.00172	0.19488	0.00492	0.00304	0.06721
1	0.05675	0.34965	0.06296	0.01072	0.01451	0.25824	0.00957	0.01745	0.01193	0.05561	0.00845	0.00966	0.00705	0.00509	0.00469	0.00130	0.04759	0.00327	0.00270	0.06281
2	0.08064	0.03845	0.01077	0.00858	0.01111	0.00850	0.00692	0.01607	0.02804	0.25782	0.15405	0.05049	0.04467	0.03912	0.03247	0.00198	0.09176	0.02751	0.00471	0.08634
3	0.05963	0.48705	0.06372	0.01181	0.08686	0.07759	0.00997	0.01654	0.06113	0.01443	0.00993	0.01310	0.00893	0.00543	0.00408	0.00136	0.00581	0.05314	0.00272	0.00676
4	0.03772	0.40718	0.01947	0.00938	0.01304	0.07180	0.03201	0.01587	0.02989	0.07838	0.05249	0.03475	0.01111	0.03592	0.00534	0.00142	0.03077	0.00418	0.00313	0.10616
5	0.00801	0.04184	0.03139	0.00718	0.00889	0.00633	0.00574	0.01023	0.04587	0.01496	0.12952	0.07163	0.24421	0.16336	0.00987	0.00241	0.00388	0.13939	0.00436	0.05092

[dist]
# distance from previous block
# <min> <max>
1	2

[block]
# block no. 5 follows, 47 sequences, length 12
# corresponding to MSA columns:
# 285-296
name=unknown_F
#
# <colnr> <probs for GDERKNQSTAVLIFYWHMCP>
#	G	D	E	R	K	N	Q	S	T	A	V	L	I	F	Y	W	H	M	C	P
0	0.01395	0.43574	0.11860	0.00998	0.01426	0.05263	0.00985	0.09668	0.01271	0.05664	0.03376	0.01422	0.07569	0.00592	0.00463	0.00137	0.02915	0.00423	0.00311	0.00686
1	0.00802	0.00685	0.05120	0.00910	0.01054	0.00591	0.00798	0.01035	0.01185	0.01567	0.09142	0.17142	0.05924	0.01380	0.00686	0.00222	0.00440	0.50357	0.00474	0.00486
2	0.00728	0.00506	0.00641	0.00702	0.00768	0.00468	0.00474	0.00819	0.00984	0.03192	0.02622	0.54629	0.06269	0.16588	0.01020	0.00258	0.00352	0.03778	0.00447	0.04756
3	0.01559	0.12788	0.14233	0.01342	0.01695	0.40216	0.05990	0.01793	0.01252	0.01367	0.00838	0.01030	0.00694	0.00559	0.00613	0.00150	0.10548	0.00372	0.02322	0.00638
4	0.01189	0.22579	0.53013	0.01382	0.04740	0.01446	0.01604	0.05481	0.01161	0.01628	0.00899	0.01047	0.00679	0.00488	0.00456	0.00151	0.00700	0.00365	0.00237	0.00752
5	0.00756	0.00618	0.00700	0.00670	0.00821	0.00601	0.00512	0.03521	0.03357	0.01585	0.17136	0.05963	0.46115	0.05683	0.00801	0.00199	0.05666	0.04341	0.00475	0.00478
6	0.00822	0.00605	0.00745	0.00747	0.00806	0.04071	0.00528	0.00893	0.00839	0.01143	0.01475	0.07592	0.01525	0.24546	0.36866	0.12258	0.00896	0.00648	0.02601	0.00395
7	0.03483	0.14102	0.26752	0.20463	0.06299	0.04061	0.09216	0.01520	0.01093	0.01495	0.00985	0.04722	0.00813	0.00546	0.00517	0.00162	0.02390	0.00461	0.00246	0.00673
8	0.01422	0.01606	0.07082	0.06843	0.36639	0.18363	0.08835	0.04935	0.06118	0.01677	0.01026	0.01257	0.00820	0.00505	0.00515	0.00156	0.00714	0.00454	0.00285	0.00749
9	0.08343	0.03782	0.02941	0.00926	0.01315	0.00931	0.00779	0.07248	0.07389	0.51223	0.03330	0.01745	0.03503	0.00644	0.00501	0.00158	0.00447	0.00513	0.00561	0.03723
10	0.01423	0.01001	0.01114	0.00967	0.01264	0.01077	0.00768	0.11316	0.39896	0.14847	0.05734	0.02458	0.11185	0.00808	0.00550	0.00174	0.00414	0.03698	0.00542	0.00765
11	0.07785	0.17795	0.37083	0.02888	0.03375	0.01407	0.06581	0.01632	0.05308	0.01618	0.02272	0.01157	0.00794	0.00538	0.00569	0.00161	0.07671	0.00402	0.00257	0.00707

[dist]
# distance from previous block
# <min> <max>
9	45

[block]
# block no. 6 follows, 47 sequences, length 6
# corresponding to MSA columns:
# 348-353
name=unknown_G
#
# <colnr> <probs for GDERKNQSTAVLIFYWHMCP>
#	G	D	E	R	K	N	Q	S	T	A	V	L	I	F	Y	W	H	M	C	P
0	0.10905	0.01331	0.03841	0.04011	0.10170	0.11947	0.03087	0.15084	0.10505	0.15818	0.01498	0.05249	0.02987	0.00644	0.00504	0.00161	0.00566	0.00518	0.00428	0.00745
1	0.01333	0.03598	0.19571	0.01709	0.18772	0.05319	0.07642	0.15466	0.05019	0.01995	0.06965	0.01432	0.01128	0.00553	0.00511	0.00153	0.00626	0.00478	0.00339	0.07391
2	0.01178	0.06428	0.01216	0.03075	0.01244	0.06164	0.07055	0.12121	0.01434	0.07931	0.15291	0.03004	0.26733	0.04043	0.00642	0.00175	0.00458	0.00758	0.00453	0.00596
3	0.01195	0.01854	0.29889	0.04151	0.02121	0.09348	0.22628	0.04162	0.01214	0.01639	0.04731	0.03832	0.01064	0.00611	0.00640	0.00173	0.06987	0.02797	0.00281	0.00683
4	0.00651	0.00511	0.00592	0.00634	0.00756	0.00452	0.00466	0.00790	0.01158	0.01462	0.11436	0.28092	0.42532	0.01398	0.00638	0.00191	0.00291	0.07016	0.00492	0.00443
5	0.01469	0.01297	0.01349	0.01287	0.07928	0.07514	0.00934	0.15902	0.51592	0.02265	0.01764	0.01684	0.01326	0.00658	0.00522	0.00168	0.00500	0.00537	0.00485	0.00818

[dist]
# distance from previous block
# <min> <max>
0	1

[block]
# block no. 7 follows, 47 sequences, length 18
# corresponding to MSA columns:
# 355-372
name=unknown_H
#
# <colnr> <probs for GDERKNQSTAVLIFYWHMCP>
#	G	D	E	R	K	N	Q	S	T	A	V	L	I	F	Y	W	H	M	C	P
0	0.01173	0.04966	0.68101	0.01457	0.03919	0.01198	0.01784	0.01722	0.01134	0.08324	0.01026	0.01154	0.00718	0.00505	0.00493	0.00163	0.00731	0.00395	0.00258	0.00778
1	0.01147	0.01274	0.02732	0.01992	0.02450	0.01194	0.66066	0.01538	0.01197	0.01621	0.01304	0.12432	0.01156	0.00603	0.00621	0.00181	0.00799	0.00734	0.00294	0.00664
2	0.01159	0.00982	0.01637	0.58747	0.17742	0.01138	0.01416	0.01486	0.01108	0.08116	0.01034	0.01403	0.00771	0.00521	0.00520	0.00169	0.00658	0.00468	0.00272	0.00652
3	0.02189	0.01020	0.05251	0.00973	0.01388	0.00856	0.00838	0.07949	0.03102	0.66082	0.03502	0.01746	0.01307	0.00645	0.00524	0.00161	0.00465	0.00522	0.00610	0.00871
4	0.00959	0.00868	0.01451	0.70816	0.03240	0.01070	0.01328	0.01254	0.01016	0.01303	0.01035	0.05953	0.00864	0.00666	0.00626	0.05581	0.00656	0.00520	0.00245	0.00547
5	0.00837	0.00616	0.00822	0.00917	0.01051	0.00615	0.00790	0.01124	0.04845	0.01572	0.02999	0.05593	0.11070	0.01391	0.00699	0.00230	0.00453	0.63401	0.00482	0.00492
6	0.01061	0.02582	0.72420	0.01546	0.02294	0.01219	0.08392	0.01651	0.01111	0.01651	0.00945	0.01126	0.00671	0.00490	0.00505	0.00166	0.00779	0.00405	0.00224	0.00764
7	0.02252	0.00865	0.01179	0.00917	0.01301	0.00748	0.00751	0.02448	0.01466	0.74965	0.02095	0.05722	0.01396	0.00694	0.00531	0.00164	0.00436	0.00571	0.00637	0.00863
8	0.01910	0.02339	0.01518	0.01437	0.05985	0.69646	0.01039	0.07316	0.01528	0.01440	0.00846	0.00981	0.00695	0.00539	0.00476	0.00137	0.00895	0.00352	0.00286	0.00636
9	0.01041	0.00984	0.01665	0.65956	0.17630	0.01172	0.01475	0.01381	0.01068	0.01400	0.00936	0.01370	0.00719	0.00510	0.00520	0.00170	0.00680	0.00463	0.00236	0.00625
10	0.00731	0.00596	0.00944	0.00920	0.01012	0.00571	0.10331	0.00861	0.01007	0.01351	0.02506	0.64171	0.02938	0.06572	0.00809	0.00226	0.02261	0.01298	0.00438	0.00456
11	0.01275	0.01223	0.02088	0.06746	0.75010	0.01234	0.01591	0.01586	0.01179	0.01684	0.00977	0.01293	0.00819	0.00467	0.00516	0.00156	0.00622	0.00464	0.00257	0.00814
12	0.02336	0.00886	0.01209	0.00927	0.01329	0.00765	0.00765	0.02538	0.01491	0.78810	0.02055	0.01773	0.01289	0.00645	0.00524	0.00161	0.00443	0.00524	0.00645	0.00886
13	0.00654	0.00468	0.00626	0.00739	0.00780	0.00439	0.00510	0.00764	0.01035	0.01383	0.06461	0.72087	0.03482	0.01590	0.00666	0.00211	0.00313	0.06875	0.00487	0.00430
14	0.01084	0.02418	0.62761	0.01636	0.02354	0.01232	0.17886	0.01653	0.01127	0.01653	0.00960	0.01165	0.00688	0.00483	0.00520	0.00167	0.00793	0.00434	0.00229	0.00755
15	0.01039	0.00983	0.01663	0.66290	0.17306	0.01172	0.01474	0.01380	0.01068	0.01399	0.00935	0.01370	0.00718	0.00510	0.00520	0.00170	0.00680	0.00463	0.00236	0.00624
16	0.02148	0.00866	0.01198	0.05995	0.01439	0.00773	0.00791	0.02361	0.01461	0.68957	0.06842	0.01883	0.01482	0.00663	0.00529	0.00162	0.00447	0.00546	0.00614	0.00841
17	0.02051	0.00999	0.01545	0.03478	0.09404	0.00910	0.10088	0.03942	0.01437	0.57823	0.01775	0.01657	0.01156	0.00597	0.00534	0.00162	0.00524	0.00526	0.00545	0.00849

[dist]
# distance from previous block
# <min> <max>
4	78

# created by:
# /st0/software/busco_prod/Augustus/scripts/msa2prfl.pl ./align_prep/173413.fa
