[name]
unknown

[dist]
# distance from previous block
# <min> <max>
16	361

[block]
# block no. 0 follows, 42 sequences, length 15
# corresponding to MSA columns:
# 406-420
name=unknown_A
#
# <colnr> <probs for GDERKNQSTAVLIFYWHMCP>
#	G	D	E	R	K	N	Q	S	T	A	V	L	I	F	Y	W	H	M	C	P
0	0.06266	0.02966	0.09176	0.06157	0.01576	0.03397	0.02190	0.11609	0.04150	0.10771	0.09207	0.01851	0.01490	0.04919	0.00720	0.00184	0.05043	0.00541	0.07380	0.10408
1	0.23911	0.05271	0.01448	0.12837	0.05786	0.03153	0.03482	0.08074	0.18743	0.04192	0.01394	0.05149	0.01124	0.00669	0.00536	0.00181	0.02383	0.00526	0.00407	0.00736
2	0.13496	0.09956	0.05535	0.03660	0.01541	0.06064	0.03367	0.18320	0.02739	0.03946	0.01371	0.06596	0.02843	0.01812	0.00553	0.00164	0.02105	0.00522	0.04672	0.10737
3	0.01284	0.13400	0.01289	0.00921	0.01163	0.01022	0.00727	0.06485	0.08135	0.12565	0.02364	0.31850	0.06348	0.03031	0.00691	0.00196	0.03113	0.00953	0.00489	0.03974
4	0.01115	0.02560	0.01003	0.09012	0.01292	0.00818	0.00706	0.10496	0.03511	0.07391	0.02311	0.34320	0.04233	0.17311	0.01094	0.00273	0.00473	0.01040	0.00470	0.00572
5	0.17938	0.01130	0.02632	0.14483	0.01863	0.01184	0.03297	0.14162	0.04429	0.20015	0.04457	0.01724	0.01221	0.00742	0.02181	0.00193	0.02065	0.02565	0.00467	0.03252
6	0.08706	0.01226	0.01401	0.09221	0.01725	0.01312	0.00945	0.33002	0.07408	0.13059	0.03585	0.01658	0.01197	0.05022	0.00663	0.00187	0.00553	0.00523	0.00501	0.08107
7	0.08071	0.00881	0.01009	0.00799	0.01160	0.00731	0.00610	0.01321	0.01104	0.04300	0.01360	0.11048	0.01317	0.08999	0.00764	0.02740	0.00425	0.00549	0.00368	0.52444
8	0.08074	0.00653	0.00841	0.00793	0.00869	0.00685	0.00560	0.08566	0.00952	0.01376	0.01000	0.01606	0.00945	0.01701	0.01873	0.67898	0.00498	0.00475	0.00286	0.00350
9	0.01808	0.01238	0.01410	0.01137	0.01472	0.01341	0.00916	0.44900	0.02105	0.11727	0.09474	0.10081	0.01773	0.02911	0.00718	0.00191	0.04724	0.00690	0.00558	0.00826
10	0.01801	0.00882	0.01179	0.07482	0.01479	0.00850	0.00817	0.05112	0.07501	0.40399	0.07326	0.14342	0.01966	0.00957	0.00684	0.04637	0.00466	0.00754	0.00586	0.00777
11	0.01221	0.01090	0.01432	0.09304	0.01725	0.03659	0.10962	0.10758	0.19838	0.02049	0.08037	0.10059	0.15594	0.00932	0.00619	0.00189	0.00533	0.00823	0.00478	0.00700
12	0.01315	0.01478	0.03100	0.02248	0.02739	0.01465	0.64531	0.01741	0.01264	0.01741	0.01083	0.01478	0.00838	0.00545	0.00827	0.00198	0.11749	0.00640	0.00279	0.00739
13	0.01238	0.02941	0.01518	0.23486	0.02103	0.03328	0.03908	0.13151	0.03124	0.01877	0.09033	0.11282	0.04151	0.00892	0.00832	0.00197	0.15188	0.00709	0.00388	0.00656
14	0.01063	0.01000	0.01688	0.78870	0.03876	0.01250	0.01563	0.01438	0.01125	0.01438	0.01000	0.01500	0.00750	0.00563	0.00563	0.00188	0.00750	0.00500	0.00250	0.00625

[dist]
# distance from previous block
# <min> <max>
0	1

[block]
# block no. 1 follows, 42 sequences, length 6
# corresponding to MSA columns:
# 422-427
name=unknown_B
#
# <colnr> <probs for GDERKNQSTAVLIFYWHMCP>
#	G	D	E	R	K	N	Q	S	T	A	V	L	I	F	Y	W	H	M	C	P
0	0.01646	0.00757	0.00993	0.00845	0.01118	0.00667	0.00658	0.01839	0.01465	0.39928	0.18307	0.11965	0.10914	0.05348	0.00741	0.00203	0.00398	0.00865	0.00621	0.00722
1	0.01314	0.01247	0.02113	0.12797	0.62751	0.01275	0.01631	0.01649	0.01281	0.01814	0.05790	0.01583	0.01151	0.00550	0.00565	0.00170	0.00654	0.00534	0.00296	0.00835
2	0.00949	0.00664	0.00818	0.00766	0.00919	0.00641	0.00579	0.06486	0.01483	0.04472	0.41877	0.04084	0.12244	0.11809	0.03817	0.00260	0.00404	0.06635	0.00550	0.00542
3	0.01407	0.06958	0.01513	0.13155	0.01796	0.14337	0.04907	0.10292	0.05474	0.04435	0.01613	0.17905	0.01543	0.03326	0.00711	0.00193	0.04928	0.00723	0.04123	0.00661
4	0.66902	0.01061	0.00929	0.00795	0.01162	0.01170	0.00656	0.01885	0.01096	0.18317	0.01088	0.01126	0.00775	0.00559	0.00394	0.00174	0.00445	0.00360	0.00422	0.00683
5	0.07760	0.01184	0.01286	0.01048	0.01407	0.01254	0.00845	0.36495	0.07332	0.13799	0.02328	0.07726	0.13340	0.00872	0.00576	0.00179	0.00498	0.00697	0.00558	0.00814

[dist]
# distance from previous block
# <min> <max>
0	15

[block]
# block no. 2 follows, 42 sequences, length 71
# corresponding to MSA columns:
# 443-467,475-506,534-547
name=unknown_C
#
# <colnr> <probs for GDERKNQSTAVLIFYWHMCP>
#	G	D	E	R	K	N	Q	S	T	A	V	L	I	F	Y	W	H	M	C	P
0	0.02783	0.47459	0.18355	0.01274	0.01784	0.01893	0.07848	0.01680	0.01136	0.01486	0.00857	0.01053	0.00732	0.00546	0.00582	0.00153	0.09018	0.00378	0.00246	0.00735
1	0.00759	0.00553	0.00713	0.00717	0.00828	0.00508	0.00521	0.00972	0.01439	0.01994	0.52527	0.23475	0.10243	0.01326	0.00678	0.00191	0.00282	0.01178	0.00588	0.00508
2	0.01175	0.01115	0.01891	0.53135	0.28730	0.01280	0.01619	0.01537	0.01179	0.01575	0.01020	0.01464	0.00798	0.00542	0.00561	0.00181	0.00722	0.00501	0.00260	0.00716
3	0.01147	0.00867	0.01088	0.03306	0.01280	0.00764	0.02244	0.04348	0.05173	0.06679	0.16979	0.13686	0.02298	0.02897	0.00609	0.00156	0.00411	0.00724	0.00461	0.34881
4	0.84197	0.01088	0.00827	0.00740	0.01088	0.01262	0.00609	0.01654	0.00958	0.02525	0.00784	0.00914	0.00609	0.00522	0.00348	0.00174	0.00435	0.00305	0.00348	0.00609
5	0.01904	0.02368	0.01661	0.01462	0.01739	0.62551	0.06266	0.02065	0.01489	0.01398	0.01034	0.01279	0.02630	0.03809	0.00705	0.00172	0.06104	0.00431	0.00294	0.00641
6	0.00770	0.00572	0.00697	0.00666	0.00814	0.00516	0.00499	0.01002	0.01498	0.02056	0.55309	0.04459	0.24073	0.01208	0.00656	0.00179	0.00271	0.01047	0.03192	0.00516
7	0.00677	0.00565	0.00590	0.00596	0.00770	0.00478	0.00442	0.00826	0.01292	0.01572	0.11023	0.10598	0.65784	0.01428	0.00669	0.00192	0.00286	0.01204	0.00530	0.00478
8	0.07415	0.04908	0.42216	0.04143	0.02441	0.01341	0.22815	0.01740	0.01212	0.01813	0.01101	0.01469	0.00848	0.00556	0.00563	0.00183	0.00813	0.03382	0.00271	0.00771
9	0.01159	0.01098	0.01861	0.56954	0.25042	0.01276	0.01611	0.01522	0.01171	0.01554	0.01017	0.01469	0.00791	0.00545	0.00561	0.00182	0.00726	0.00501	0.00258	0.00703
10	0.01413	0.01325	0.02169	0.10273	0.51776	0.01371	0.07054	0.07296	0.08065	0.01972	0.01192	0.01473	0.00954	0.00542	0.00568	0.00173	0.00674	0.00526	0.00324	0.00861
11	0.73811	0.08491	0.03552	0.00789	0.01166	0.01353	0.00691	0.01661	0.00983	0.02389	0.00791	0.00922	0.00623	0.00519	0.00356	0.00169	0.00464	0.00308	0.00335	0.00627
12	0.01108	0.01048	0.01766	0.67729	0.13254	0.01270	0.01578	0.01474	0.01141	0.01488	0.01003	0.01482	0.00768	0.00562	0.00585	0.00186	0.02144	0.00500	0.00254	0.00659
13	0.00819	0.00635	0.00699	0.00699	0.00881	0.00581	0.00528	0.01103	0.07981	0.04245	0.09512	0.14837	0.48932	0.01374	0.00666	0.00197	0.00323	0.04917	0.00539	0.00533
14	0.00830	0.00614	0.00849	0.00841	0.00932	0.00687	0.00625	0.01050	0.03931	0.01372	0.06902	0.02649	0.01827	0.19422	0.54033	0.00751	0.01180	0.00678	0.00343	0.00487
15	0.01266	0.01741	0.17479	0.09104	0.02928	0.01385	0.54057	0.01766	0.01283	0.01766	0.01101	0.01453	0.00817	0.00494	0.00630	0.00187	0.00908	0.00601	0.00272	0.00761
16	0.00793	0.00575	0.00747	0.00704	0.00838	0.00529	0.00528	0.01055	0.01584	0.02236	0.74428	0.04238	0.07309	0.01158	0.00664	0.00177	0.00266	0.01023	0.00617	0.00529
17	0.00740	0.00564	0.00683	0.00711	0.00830	0.00518	0.00511	0.00955	0.03771	0.01760	0.27928	0.31694	0.24402	0.01435	0.00681	0.00200	0.00299	0.01262	0.00556	0.00501
18	0.01337	0.03703	0.17393	0.04361	0.58509	0.01353	0.01775	0.01732	0.01256	0.01807	0.01041	0.01341	0.00849	0.00509	0.00548	0.00169	0.00701	0.00479	0.00269	0.00870
19	0.01910	0.00948	0.01188	0.00969	0.01317	0.00900	0.00785	0.10355	0.08186	0.42009	0.14720	0.02645	0.07407	0.00856	0.00597	0.00179	0.00444	0.03113	0.00640	0.00832
20	0.01376	0.15160	0.21804	0.01781	0.02368	0.01466	0.34768	0.01815	0.01272	0.07042	0.01177	0.01515	0.00912	0.00552	0.00598	0.00177	0.02185	0.02955	0.00302	0.00775
21	0.01231	0.01231	0.01724	0.01477	0.01477	0.01724	0.01231	0.01354	0.00862	0.01354	0.00739	0.01231	0.00739	0.00985	0.01847	0.00246	0.79192	0.00492	0.00246	0.00616
22	0.01740	0.01384	0.01639	0.04257	0.16400	0.04107	0.01140	0.26859	0.26171	0.07888	0.01635	0.01638	0.01210	0.00665	0.00563	0.00176	0.00580	0.00547	0.00500	0.00901
23	0.01306	0.01358	0.02380	0.01885	0.04471	0.01528	0.33798	0.01820	0.12728	0.01724	0.01168	0.01499	0.00947	0.00709	0.01083	0.00210	0.29751	0.00591	0.00315	0.00731
24	0.07118	0.01647	0.16937	0.10062	0.02573	0.01386	0.35952	0.01680	0.01189	0.01756	0.01019	0.01362	0.00783	0.00561	0.00747	0.00190	0.10711	0.00541	0.00273	0.03512
25	0.84197	0.01088	0.00827	0.00740	0.01088	0.01262	0.00609	0.01654	0.00958	0.02525	0.00784	0.00914	0.00609	0.00522	0.00348	0.00174	0.00435	0.00305	0.00348	0.00609
26	0.01074	0.01012	0.01708	0.76339	0.06320	0.01253	0.01568	0.01448	0.01131	0.01451	0.01002	0.01497	0.00755	0.00561	0.00562	0.00187	0.00747	0.00500	0.00251	0.00634
27	0.84197	0.01088	0.00827	0.00740	0.01088	0.01262	0.00609	0.01654	0.00958	0.02525	0.00784	0.00914	0.00609	0.00522	0.00348	0.00174	0.00435	0.00305	0.00348	0.00609
28	0.65421	0.01153	0.01137	0.01282	0.15666	0.01294	0.00840	0.04200	0.01078	0.02428	0.00856	0.01021	0.00676	0.00524	0.00396	0.00173	0.00487	0.00350	0.00342	0.00676
29	0.02525	0.00958	0.01306	0.01001	0.01437	0.00827	0.00827	0.02743	0.01611	0.77102	0.02220	0.01915	0.01393	0.00697	0.00566	0.00174	0.00479	0.00566	0.00697	0.00958
30	0.01307	0.01109	0.01174	0.01075	0.01343	0.03554	0.00848	0.10016	0.41484	0.02191	0.02648	0.07639	0.11000	0.00986	0.00647	0.00199	0.02600	0.08878	0.00539	0.00764
31	0.00695	0.00580	0.00612	0.00628	0.00810	0.00496	0.00487	0.00852	0.01284	0.01541	0.05364	0.05531	0.67424	0.01441	0.00679	0.00199	0.00314	0.10061	0.00522	0.00480
32	0.01329	0.01447	0.02969	0.02471	0.17026	0.01359	0.55384	0.01761	0.01308	0.01812	0.01113	0.01469	0.00860	0.00476	0.00626	0.00178	0.00857	0.00609	0.00287	0.06660
33	0.00784	0.00572	0.00738	0.00711	0.00842	0.00526	0.00533	0.01032	0.01537	0.02147	0.65703	0.08261	0.10219	0.01212	0.00670	0.00183	0.00277	0.02925	0.00605	0.00523
34	0.01129	0.02911	0.77306	0.01604	0.02436	0.01307	0.02079	0.01782	0.01188	0.01782	0.01010	0.01188	0.00713	0.00535	0.00535	0.00178	0.00832	0.00416	0.00238	0.00832
35	0.00694	0.00498	0.00671	0.00792	0.00830	0.00475	0.00535	0.00799	0.01065	0.01427	0.02989	0.74352	0.03558	0.01937	0.06195	0.00276	0.00410	0.01529	0.00507	0.00460
36	0.01090	0.01030	0.01731	0.71643	0.08980	0.01268	0.01566	0.01456	0.01130	0.01464	0.00998	0.01486	0.00760	0.00569	0.00593	0.00188	0.02651	0.00500	0.00252	0.00644
37	0.01523	0.78131	0.02907	0.00978	0.01454	0.04589	0.00967	0.01703	0.01158	0.01326	0.00785	0.00906	0.00722	0.00485	0.00366	0.00121	0.00615	0.00303	0.00242	0.00720
38	0.00759	0.00568	0.00704	0.00682	0.00821	0.00513	0.00507	0.00985	0.01487	0.02033	0.55352	0.09838	0.21167	0.01256	0.00668	0.00184	0.00274	0.01097	0.00591	0.00513
39	0.07598	0.52299	0.09542	0.01073	0.01548	0.04189	0.05511	0.01638	0.01181	0.01526	0.03146	0.01377	0.06210	0.00576	0.00429	0.00141	0.00614	0.00418	0.00283	0.00702
40	0.04482	0.01590	0.01689	0.01343	0.01755	0.09206	0.06537	0.44986	0.17520	0.02922	0.01464	0.01472	0.01073	0.00664	0.00560	0.00173	0.00642	0.00525	0.00510	0.00887
41	0.84197	0.01088	0.00827	0.00740	0.01088	0.01262	0.00609	0.01654	0.00958	0.02525	0.00784	0.00914	0.00609	0.00522	0.00348	0.00174	0.00435	0.00305	0.00348	0.00609
42	0.01921	0.02189	0.01482	0.01317	0.01615	0.53294	0.01003	0.15798	0.01740	0.01802	0.01440	0.06220	0.06322	0.00730	0.00542	0.00158	0.00846	0.00524	0.00372	0.00686
43	0.01393	0.01337	0.02284	0.03454	0.76712	0.01337	0.01727	0.01727	0.01281	0.01839	0.01059	0.01393	0.00891	0.00501	0.00557	0.00167	0.00669	0.00501	0.00279	0.00891
44	0.01064	0.00868	0.03305	0.00858	0.01084	0.00822	0.00684	0.15449	0.05960	0.02254	0.32352	0.13062	0.17723	0.01146	0.00642	0.00185	0.00374	0.00983	0.00563	0.00624
45	0.01706	0.01660	0.01405	0.01224	0.01550	0.23396	0.00952	0.18049	0.32757	0.02289	0.04461	0.01850	0.04741	0.00735	0.00559	0.00172	0.00633	0.00568	0.00489	0.00805
46	0.01174	0.04474	0.41242	0.01535	0.02126	0.01163	0.15636	0.01644	0.01217	0.06141	0.01509	0.16709	0.01370	0.00772	0.00592	0.00188	0.00727	0.00701	0.00330	0.00748
47	0.01073	0.01011	0.01707	0.76501	0.06164	0.01253	0.01568	0.01447	0.01130	0.01450	0.01002	0.01497	0.00755	0.00561	0.00562	0.00187	0.00748	0.00500	0.00251	0.00634
48	0.00780	0.00532	0.00638	0.00685	0.00700	0.00522	0.00422	0.00821	0.00920	0.01225	0.02244	0.27952	0.02626	0.52143	0.02099	0.00433	0.00475	0.03993	0.00406	0.00385
49	0.26313	0.01098	0.01402	0.45866	0.02758	0.03896	0.01201	0.03601	0.01161	0.06323	0.01012	0.01327	0.00751	0.00562	0.00496	0.00181	0.00645	0.00440	0.00316	0.00650
50	0.01428	0.01219	0.01290	0.01138	0.01472	0.01387	0.00890	0.06734	0.68286	0.02393	0.02180	0.02016	0.01636	0.00742	0.00565	0.00185	0.00453	0.00615	0.00561	0.04811
51	0.04771	0.50370	0.19568	0.01129	0.01671	0.01895	0.01205	0.08424	0.01278	0.01680	0.00906	0.01044	0.00755	0.00612	0.02470	0.00161	0.00673	0.00354	0.00276	0.00758
52	0.01144	0.06063	0.74288	0.01578	0.02395	0.01344	0.02034	0.01778	0.01186	0.01764	0.01001	0.01177	0.00713	0.00533	0.00528	0.00176	0.00822	0.00411	0.00238	0.00827
53	0.02020	0.03959	0.01442	0.01091	0.01507	0.04317	0.00891	0.22433	0.11595	0.31042	0.04317	0.01715	0.01343	0.00675	0.00545	0.00163	0.00526	0.00533	0.00572	0.09315
54	0.00745	0.00563	0.00682	0.00680	0.00813	0.00507	0.00501	0.00940	0.01394	0.01864	0.40229	0.14470	0.27240	0.04050	0.00750	0.00203	0.00296	0.03012	0.00564	0.00497
55	0.01159	0.09128	0.71353	0.01553	0.02356	0.01381	0.01990	0.01774	0.01185	0.01746	0.00992	0.01165	0.00714	0.00530	0.00521	0.00174	0.00813	0.00407	0.00238	0.00823
56	0.01193	0.01180	0.04462	0.52295	0.24502	0.01293	0.01612	0.03838	0.01220	0.01630	0.01028	0.01454	0.00796	0.00548	0.00560	0.00181	0.00726	0.00498	0.00268	0.00719
57	0.00787	0.00575	0.00739	0.00698	0.00835	0.00527	0.00523	0.01043	0.01570	0.02203	0.71251	0.04292	0.10507	0.01171	0.00664	0.00178	0.00267	0.01030	0.00612	0.00527
58	0.00933	0.00582	0.00708	0.00691	0.00739	0.00587	0.00437	0.00982	0.00897	0.06523	0.01810	0.05957	0.01960	0.60317	0.14061	0.00563	0.00680	0.00795	0.00366	0.00413
59	0.00792	0.00575	0.00747	0.00704	0.00838	0.00529	0.00528	0.01054	0.01583	0.02234	0.74210	0.04242	0.07529	0.01159	0.00664	0.00177	0.00266	0.01023	0.00616	0.00529
60	0.01328	0.12638	0.42220	0.01598	0.02254	0.01436	0.15475	0.01880	0.04632	0.06902	0.01136	0.01306	0.00834	0.00553	0.00585	0.00175	0.03475	0.00471	0.00294	0.00807
61	0.02812	0.14019	0.49436	0.01486	0.02181	0.01487	0.06086	0.09250	0.03364	0.03267	0.01071	0.01215	0.00785	0.00546	0.00518	0.00170	0.00759	0.00430	0.00293	0.00824
62	0.01380	0.01324	0.02260	0.06474	0.73795	0.01334	0.01721	0.01716	0.01275	0.01822	0.01056	0.01397	0.00886	0.00504	0.00557	0.00168	0.00672	0.00501	0.00277	0.00881
63	0.01867	0.01373	0.01514	0.03803	0.01679	0.01503	0.00992	0.47623	0.16253	0.07085	0.04581	0.02767	0.01327	0.00713	0.00565	0.00171	0.00556	0.00563	0.00553	0.04513
64	0.00808	0.00556	0.00687	0.00694	0.00720	0.00579	0.00439	0.00862	0.00854	0.01163	0.01782	0.07534	0.01983	0.57380	0.21040	0.00615	0.00768	0.00809	0.00341	0.00387
65	0.01287	0.01131	0.02841	0.03023	0.01494	0.01225	0.03354	0.06184	0.49390	0.02214	0.04734	0.05146	0.06434	0.00903	0.00608	0.00197	0.00475	0.08027	0.00539	0.00795
66	0.00863	0.00571	0.00747	0.00746	0.00832	0.00621	0.00546	0.01036	0.00973	0.01474	0.04222	0.02579	0.01691	0.20127	0.40789	0.00622	0.00964	0.00647	0.19476	0.00473
67	0.00736	0.00526	0.00711	0.00841	0.00896	0.00500	0.00610	0.00870	0.01127	0.01493	0.03074	0.63164	0.03612	0.01716	0.00732	0.00235	0.00370	0.17795	0.00521	0.00471
68	0.00860	0.00584	0.00811	0.00811	0.00915	0.00659	0.00624	0.01070	0.00965	0.01481	0.01589	0.02224	0.01432	0.05390	0.58416	0.00719	0.01200	0.00591	0.19159	0.00503
69	0.01394	0.06965	0.07169	0.01431	0.04244	0.01377	0.13546	0.05497	0.37589	0.04500	0.04168	0.02118	0.01564	0.00724	0.00585	0.00186	0.00584	0.05068	0.00468	0.00823
70	0.01277	0.34975	0.43884	0.01319	0.01981	0.01665	0.01577	0.01721	0.01173	0.01589	0.00984	0.01249	0.00804	0.00548	0.00471	0.00157	0.00726	0.02877	0.00249	0.00776

[dist]
# distance from previous block
# <min> <max>
0	2

[block]
# block no. 3 follows, 42 sequences, length 60
# corresponding to MSA columns:
# 550-609
name=unknown_D
#
# <colnr> <probs for GDERKNQSTAVLIFYWHMCP>
#	G	D	E	R	K	N	Q	S	T	A	V	L	I	F	Y	W	H	M	C	P
0	0.42145	0.14729	0.03721	0.03280	0.04333	0.03934	0.00865	0.04421	0.14098	0.02209	0.01092	0.01181	0.00855	0.00565	0.00422	0.00167	0.00520	0.00387	0.00366	0.00709
1	0.27126	0.36592	0.04394	0.01053	0.01483	0.07601	0.04954	0.04762	0.01201	0.03711	0.00874	0.01007	0.00721	0.00526	0.00431	0.00150	0.02060	0.00349	0.00305	0.00701
2	0.01616	0.01526	0.03987	0.01312	0.05298	0.14020	0.01015	0.21943	0.26424	0.02379	0.04196	0.02155	0.06125	0.00785	0.00577	0.00179	0.00599	0.04560	0.00493	0.00810
3	0.01174	0.00665	0.00835	0.00740	0.00961	0.00587	0.00573	0.01394	0.01512	0.19969	0.39210	0.03989	0.23945	0.01117	0.00641	0.00180	0.00322	0.00956	0.00611	0.00618
4	0.01087	0.00749	0.00877	0.00825	0.00990	0.02950	0.00615	0.01439	0.10394	0.09897	0.27862	0.09453	0.07249	0.13633	0.06120	0.00291	0.00475	0.03979	0.00531	0.00583
5	0.00692	0.00501	0.00655	0.00764	0.00814	0.00464	0.00517	0.00806	0.01129	0.01502	0.08626	0.69352	0.08708	0.01696	0.00711	0.00222	0.00319	0.01530	0.00529	0.00464
6	0.00869	0.00648	0.00845	0.00938	0.01087	0.00633	0.00802	0.01143	0.03550	0.01669	0.03551	0.06016	0.19120	0.01502	0.00747	0.00242	0.00465	0.55131	0.00521	0.00520
7	0.01293	0.36838	0.44818	0.01324	0.02003	0.01709	0.01592	0.01740	0.01169	0.01582	0.00911	0.01063	0.00717	0.00511	0.00459	0.00153	0.00731	0.00366	0.00239	0.00784
8	0.01190	0.01018	0.01225	0.00884	0.01371	0.00792	0.02580	0.03773	0.01233	0.01903	0.03601	0.01286	0.00992	0.00452	0.00436	0.00092	0.00432	0.00371	0.00349	0.76022
9	0.05707	0.16197	0.27469	0.01682	0.12486	0.16146	0.03959	0.06893	0.01365	0.01792	0.00966	0.01142	0.00758	0.00536	0.00499	0.00160	0.00772	0.00406	0.00284	0.00781
10	0.01428	0.01227	0.01318	0.01218	0.03648	0.01411	0.00922	0.05719	0.70734	0.02385	0.02219	0.02050	0.01665	0.00753	0.00572	0.00189	0.00459	0.00627	0.00564	0.00893
11	0.00807	0.00552	0.00667	0.00675	0.00695	0.00567	0.00416	0.00849	0.00850	0.01151	0.01811	0.08273	0.02041	0.61996	0.15809	0.00588	0.00699	0.00831	0.00346	0.00376
12	0.01298	0.25280	0.48273	0.01379	0.02055	0.05088	0.01642	0.03579	0.01242	0.01688	0.03053	0.01186	0.00851	0.00542	0.00487	0.00160	0.00752	0.00399	0.00260	0.00786
13	0.01328	0.01518	0.03321	0.02372	0.02941	0.01423	0.74668	0.01803	0.01328	0.01803	0.01139	0.01518	0.00854	0.00474	0.00664	0.00190	0.00949	0.00664	0.00285	0.00759
14	0.00743	0.00541	0.00707	0.00791	0.00875	0.00506	0.00580	0.00905	0.01235	0.01646	0.17523	0.45209	0.11203	0.01575	0.00713	0.00220	0.00343	0.13660	0.00540	0.00484
15	0.01212	0.15337	0.58197	0.01505	0.02241	0.01466	0.04669	0.01834	0.05281	0.01740	0.01048	0.01205	0.00775	0.00536	0.00514	0.00170	0.00778	0.00419	0.00258	0.00814
16	0.00781	0.00568	0.00735	0.00707	0.00835	0.00522	0.00525	0.01027	0.01536	0.02154	0.66982	0.10231	0.08861	0.01213	0.00668	0.00182	0.00271	0.01072	0.00607	0.00522
17	0.01611	0.05640	0.01523	0.01136	0.04062	0.03184	0.00897	0.28053	0.01720	0.04684	0.01143	0.01247	0.00886	0.00546	0.00520	0.00128	0.02833	0.00412	0.00417	0.39359
18	0.01254	0.01342	0.07822	0.08589	0.46662	0.03338	0.04014	0.01616	0.03391	0.01741	0.01401	0.13601	0.01325	0.00714	0.00584	0.00180	0.00647	0.00671	0.00320	0.00787
19	0.01372	0.41060	0.26622	0.01249	0.01768	0.01813	0.01359	0.01697	0.01128	0.03699	0.00891	0.01075	0.00741	0.00582	0.00651	0.00160	0.12756	0.00375	0.00254	0.00748
20	0.00718	0.00520	0.00678	0.00784	0.00845	0.00486	0.00551	0.00844	0.01140	0.01507	0.07467	0.59062	0.09848	0.03979	0.00780	0.00235	0.00347	0.09221	0.00522	0.00466
21	0.00808	0.00541	0.00617	0.00627	0.00630	0.00539	0.00355	0.00816	0.00839	0.01118	0.01878	0.09688	0.02178	0.74037	0.02695	0.00521	0.00528	0.00880	0.00355	0.00350
22	0.81040	0.01107	0.00860	0.00761	0.01114	0.01281	0.00627	0.04471	0.01023	0.02564	0.00805	0.00931	0.00623	0.00528	0.00357	0.00174	0.00442	0.00313	0.00357	0.00623
23	0.03067	0.05778	0.11835	0.02691	0.50734	0.01384	0.01589	0.04826	0.06772	0.01926	0.01133	0.01374	0.00915	0.00529	0.00537	0.00166	0.00655	0.00481	0.00308	0.03300
24	0.10017	0.07048	0.01445	0.02547	0.03585	0.10850	0.00891	0.11417	0.03381	0.35254	0.01618	0.01555	0.01115	0.00638	0.00511	0.00163	0.00564	0.00484	0.06088	0.00830
25	0.07513	0.00906	0.01164	0.00946	0.01287	0.00854	0.00764	0.04492	0.01457	0.51709	0.02049	0.07645	0.01501	0.03132	0.03691	0.00216	0.03090	0.00627	0.06136	0.00822
26	0.03122	0.00889	0.01186	0.01126	0.07805	0.00835	0.00808	0.08094	0.01598	0.30479	0.25213	0.07811	0.02706	0.00901	0.00603	0.00177	0.00429	0.02549	0.00592	0.03079
27	0.00804	0.00603	0.00904	0.00904	0.01005	0.00703	0.00703	0.01005	0.00904	0.01306	0.01507	0.02211	0.01407	0.04221	0.77992	0.00904	0.01507	0.00603	0.00301	0.00502
28	0.00685	0.00492	0.00651	0.00778	0.00815	0.00458	0.00520	0.00784	0.01083	0.01439	0.03175	0.77749	0.05781	0.01754	0.00717	0.00227	0.00325	0.01588	0.00522	0.00458
29	0.01422	0.01377	0.02417	0.05743	0.43634	0.01382	0.20883	0.08786	0.03602	0.01987	0.01225	0.01519	0.02266	0.00538	0.00589	0.00175	0.00728	0.00561	0.00319	0.00845
30	0.04203	0.49432	0.30075	0.01190	0.01795	0.01857	0.01359	0.01720	0.01153	0.01533	0.00866	0.01008	0.00715	0.00502	0.00424	0.00143	0.00680	0.00343	0.00243	0.00758
31	0.15897	0.31318	0.36327	0.01215	0.01832	0.01639	0.01407	0.01724	0.01131	0.01743	0.00886	0.01034	0.00698	0.00513	0.00438	0.00156	0.00677	0.00354	0.00258	0.00752
32	0.00894	0.00641	0.00890	0.01016	0.01145	0.00638	0.00883	0.01145	0.01289	0.01673	0.03059	0.08383	0.05299	0.01557	0.00773	0.00256	0.00506	0.68920	0.00518	0.00515
33	0.01412	0.03879	0.09258	0.07632	0.44586	0.01345	0.01526	0.07325	0.08414	0.04158	0.01291	0.04397	0.01064	0.00599	0.00558	0.00173	0.00644	0.00543	0.00342	0.00853
34	0.00792	0.00575	0.00745	0.00703	0.00838	0.00529	0.00527	0.01052	0.01581	0.02229	0.73753	0.04249	0.07989	0.01161	0.00664	0.00177	0.00266	0.01024	0.00616	0.00529
35	0.01412	0.01295	0.01622	0.05396	0.12916	0.07325	0.07289	0.08658	0.28054	0.02074	0.04025	0.02216	0.01540	0.00803	0.00683	0.02870	0.02801	0.07804	0.00442	0.00777
36	0.00749	0.00539	0.00710	0.00740	0.00830	0.00499	0.00527	0.00943	0.01372	0.01905	0.44968	0.36653	0.04629	0.01413	0.00687	0.00199	0.00292	0.01267	0.00578	0.00499
37	0.01288	0.01617	0.10671	0.07489	0.02917	0.01407	0.60490	0.01765	0.01289	0.01765	0.01106	0.01476	0.00830	0.00499	0.00674	0.00190	0.02877	0.00623	0.00277	0.00754
38	0.00783	0.00580	0.00828	0.00871	0.00944	0.00576	0.03624	0.00916	0.01044	0.01404	0.02525	0.41691	0.02889	0.15689	0.13155	0.00391	0.00599	0.10580	0.00446	0.00464
39	0.00853	0.00645	0.00899	0.00877	0.00944	0.00755	0.00656	0.00999	0.00886	0.01278	0.01510	0.02479	0.01503	0.22497	0.50554	0.00736	0.08433	0.00644	0.02379	0.00474
40	0.01595	0.61784	0.06783	0.01089	0.01554	0.16287	0.01047	0.01795	0.01230	0.01359	0.00811	0.00939	0.00722	0.00503	0.00398	0.00128	0.00691	0.00319	0.00250	0.00715
41	0.59729	0.17112	0.08595	0.00867	0.01289	0.01459	0.00821	0.01673	0.01017	0.02214	0.00805	0.00938	0.00642	0.00515	0.00369	0.00164	0.00507	0.00315	0.00316	0.00653
42	0.01202	0.01140	0.01877	0.35757	0.31026	0.01255	0.04510	0.01653	0.07456	0.01687	0.01429	0.01755	0.05610	0.00606	0.00572	0.00180	0.00673	0.00562	0.00306	0.00744
43	0.01502	0.00983	0.01188	0.00881	0.01343	0.00784	0.00709	0.03936	0.01320	0.20229	0.01475	0.03755	0.02750	0.00555	0.00472	0.00115	0.00432	0.00452	0.00439	0.56680
44	0.00842	0.00615	0.00800	0.00889	0.00984	0.00613	0.00682	0.01120	0.06940	0.01632	0.07998	0.35185	0.03370	0.07488	0.00887	0.00257	0.00420	0.28249	0.00518	0.00510
45	0.02083	0.01549	0.01657	0.01284	0.01724	0.01719	0.01056	0.69408	0.08165	0.03457	0.01422	0.01408	0.01015	0.00682	0.00564	0.00171	0.00606	0.00516	0.00564	0.00952
46	0.16069	0.00969	0.01211	0.00950	0.01362	0.00891	0.00783	0.02514	0.01502	0.62597	0.04056	0.01813	0.01372	0.00680	0.00532	0.00174	0.00466	0.00535	0.00636	0.00888
47	0.02010	0.01512	0.01616	0.01269	0.01696	0.01685	0.01038	0.62279	0.15412	0.03338	0.01515	0.01482	0.01090	0.00691	0.00565	0.00173	0.00589	0.00529	0.00565	0.00945
48	0.00756	0.00572	0.00697	0.00669	0.00817	0.00513	0.00501	0.00982	0.01491	0.02024	0.54151	0.06240	0.26042	0.01244	0.00665	0.00182	0.00273	0.01080	0.00589	0.00513
49	0.01167	0.01000	0.01167	0.00834	0.01334	0.00750	0.00667	0.01417	0.01167	0.01834	0.01000	0.01167	0.00834	0.00417	0.00417	0.00083	0.00417	0.00333	0.00333	0.83663
50	0.01301	0.03562	0.01937	0.07320	0.35564	0.03208	0.07217	0.01733	0.08288	0.01823	0.05302	0.01596	0.01194	0.00680	0.02934	0.00184	0.02951	0.00526	0.00330	0.12350
51	0.01176	0.01101	0.01721	0.52988	0.06186	0.01394	0.01463	0.05463	0.01152	0.01550	0.00959	0.01423	0.00765	0.00667	0.00870	0.00200	0.19502	0.00499	0.00268	0.00652
52	0.00776	0.00567	0.00729	0.00703	0.00832	0.00520	0.00522	0.01017	0.01523	0.02125	0.64280	0.10800	0.11051	0.01226	0.00669	0.00183	0.00272	0.01082	0.00603	0.00520
53	0.01414	0.01156	0.01231	0.01102	0.01418	0.01312	0.00859	0.02841	0.67104	0.06300	0.02499	0.02296	0.06351	0.00801	0.00578	0.00190	0.00437	0.00667	0.00576	0.00868
54	0.01049	0.00525	0.00525	0.00525	0.00656	0.00525	0.00393	0.01311	0.01180	0.02098	0.01836	0.02098	0.01442	0.00656	0.00393	0.00131	0.00262	0.00525	0.83346	0.00525
55	0.01368	0.01150	0.01269	0.01219	0.05536	0.01297	0.00895	0.02721	0.62677	0.04428	0.04286	0.02328	0.06726	0.00801	0.00580	0.00189	0.00443	0.00673	0.00558	0.00856
56	0.00771	0.00574	0.00717	0.00681	0.00825	0.00520	0.00511	0.01013	0.01533	0.02114	0.62703	0.04439	0.19111	0.01204	0.00664	0.00180	0.00269	0.01051	0.00601	0.00520
57	0.01385	0.00971	0.03051	0.01551	0.20385	0.00901	0.02233	0.03357	0.05272	0.17750	0.33407	0.02729	0.02913	0.00835	0.00607	0.00175	0.00454	0.00742	0.00531	0.00750
58	0.01148	0.05501	0.72498	0.01606	0.02418	0.01342	0.04286	0.01780	0.01191	0.01767	0.01006	0.01189	0.00718	0.00531	0.00533	0.00177	0.00828	0.00420	0.00239	0.00826
59	0.02079	0.01033	0.01277	0.01027	0.01411	0.01006	0.00832	0.09835	0.16997	0.46882	0.07214	0.02162	0.04090	0.00762	0.00577	0.00178	0.00466	0.00625	0.00647	0.00900

[dist]
# distance from previous block
# <min> <max>
2	8

[block]
# block no. 4 follows, 42 sequences, length 25
# corresponding to MSA columns:
# 618-642
name=unknown_E
#
# <colnr> <probs for GDERKNQSTAVLIFYWHMCP>
#	G	D	E	R	K	N	Q	S	T	A	V	L	I	F	Y	W	H	M	C	P
0	0.06506	0.01064	0.01416	0.01095	0.01508	0.01009	0.05376	0.14231	0.01716	0.49913	0.07031	0.03482	0.01563	0.00723	0.00570	0.00176	0.00511	0.00601	0.00622	0.00888
1	0.01673	0.01204	0.01428	0.01189	0.01562	0.03538	0.06025	0.02743	0.46650	0.20133	0.02083	0.01933	0.01504	0.00704	0.00567	0.00180	0.00504	0.00597	0.00561	0.05221
2	0.01310	0.01013	0.01188	0.00874	0.01353	0.00809	0.00699	0.01665	0.07175	0.08779	0.01215	0.01310	0.00956	0.00470	0.00443	0.00100	0.00425	0.00379	0.00386	0.69449
3	0.01336	0.01231	0.02242	0.27265	0.12457	0.01283	0.25985	0.01753	0.03882	0.07750	0.01188	0.01519	0.00893	0.00552	0.00640	0.00182	0.03885	0.00556	0.00317	0.05085
4	0.03489	0.09377	0.04315	0.00970	0.01167	0.04609	0.00811	0.01267	0.03959	0.01410	0.01389	0.01929	0.01261	0.03247	0.57400	0.00704	0.01285	0.00544	0.00304	0.00565
5	0.01380	0.01324	0.02261	0.06341	0.73923	0.01334	0.01721	0.01716	0.01275	0.01823	0.01056	0.01397	0.00886	0.00504	0.00557	0.00168	0.00672	0.00501	0.00277	0.00881
6	0.01162	0.01102	0.01807	0.35841	0.32272	0.01231	0.01486	0.01480	0.01188	0.01600	0.01509	0.01859	0.08895	0.00657	0.00650	0.00183	0.05499	0.00574	0.00290	0.00714
7	0.01549	0.00765	0.00988	0.00834	0.01112	0.00687	0.00660	0.01831	0.04578	0.34403	0.32287	0.03289	0.12687	0.00975	0.00618	0.00178	0.00367	0.00830	0.00638	0.00722
8	0.00844	0.00756	0.05308	0.00853	0.01004	0.00653	0.00663	0.02458	0.09396	0.01815	0.22450	0.42575	0.06272	0.01387	0.00672	0.00205	0.00357	0.01236	0.00538	0.00556
9	0.00733	0.00533	0.00697	0.00816	0.00868	0.00513	0.00563	0.00911	0.04636	0.01495	0.03056	0.71801	0.03598	0.01703	0.00715	0.00229	0.00344	0.05784	0.00525	0.00481
10	0.01430	0.60527	0.14088	0.01209	0.01752	0.02004	0.09003	0.01712	0.01170	0.01444	0.00854	0.01011	0.00735	0.00489	0.00419	0.00136	0.00673	0.00357	0.00245	0.00742
11	0.02102	0.02682	0.01595	0.01450	0.01740	0.77963	0.01087	0.02247	0.01595	0.01377	0.00870	0.01015	0.00725	0.00580	0.00507	0.00145	0.01015	0.00362	0.00290	0.00652
12	0.81549	0.01073	0.00830	0.00745	0.01086	0.01245	0.00612	0.01634	0.00956	0.02486	0.00807	0.00955	0.00635	0.00640	0.02814	0.00197	0.00469	0.00314	0.00347	0.00606
13	0.01056	0.00834	0.01171	0.05195	0.05934	0.00842	0.05756	0.12133	0.01401	0.01902	0.13255	0.31166	0.02773	0.09630	0.00890	0.00235	0.00476	0.02642	0.00474	0.02235
14	0.01303	0.01172	0.04317	0.01095	0.01426	0.01216	0.03250	0.05025	0.51348	0.04270	0.02819	0.02647	0.15933	0.00867	0.00591	0.00189	0.00454	0.00727	0.00543	0.00809
15	0.00755	0.00575	0.00696	0.00683	0.00832	0.00517	0.00518	0.00973	0.01453	0.01946	0.45673	0.07199	0.29298	0.01288	0.00673	0.00188	0.00289	0.05359	0.00577	0.00509
16	0.01087	0.01186	0.07801	0.01826	0.12954	0.01035	0.25522	0.01418	0.01223	0.01677	0.01862	0.20051	0.01898	0.01107	0.03837	0.00235	0.01987	0.12257	0.00371	0.00665
17	0.01439	0.00839	0.01042	0.00886	0.01148	0.00817	0.00698	0.09496	0.08604	0.21640	0.42489	0.03117	0.03507	0.00947	0.00619	0.00177	0.00375	0.00812	0.00629	0.00719
18	0.09971	0.01010	0.01131	0.00824	0.01308	0.00805	0.00661	0.01442	0.01145	0.01907	0.00977	0.01140	0.00810	0.00428	0.00410	0.00093	0.00419	0.00330	0.00335	0.74856
19	0.01665	0.01159	0.01370	0.01141	0.05980	0.01097	0.00862	0.25327	0.01727	0.12848	0.03609	0.01493	0.01127	0.00581	0.00499	0.00134	0.00492	0.00464	0.05575	0.32848
20	0.01092	0.00889	0.01138	0.01015	0.01078	0.01085	0.00767	0.08871	0.01040	0.01471	0.01347	0.02404	0.01403	0.34112	0.13734	0.00462	0.26599	0.00645	0.00327	0.00521
21	0.00800	0.00712	0.00751	0.00819	0.04857	0.04634	0.00559	0.00963	0.01311	0.01615	0.14186	0.15485	0.48603	0.01344	0.00658	0.00190	0.00347	0.01144	0.00510	0.00511
22	0.00939	0.02571	0.21223	0.02316	0.05986	0.00864	0.01070	0.01323	0.03908	0.01811	0.22690	0.11570	0.08638	0.01343	0.08822	0.00263	0.00607	0.02995	0.00429	0.00634
23	0.01814	0.01177	0.06046	0.01182	0.01595	0.01055	0.08714	0.08173	0.15559	0.33775	0.07796	0.02230	0.06754	0.00758	0.00590	0.00180	0.00526	0.00652	0.00573	0.00851
24	0.75493	0.01257	0.00909	0.00815	0.01157	0.09395	0.00660	0.01717	0.01025	0.02403	0.00793	0.00925	0.00622	0.00528	0.00365	0.00171	0.00497	0.00311	0.00342	0.00614

[dist]
# distance from previous block
# <min> <max>
0	1

[block]
# block no. 5 follows, 42 sequences, length 7
# corresponding to MSA columns:
# 644-650
name=unknown_F
#
# <colnr> <probs for GDERKNQSTAVLIFYWHMCP>
#	G	D	E	R	K	N	Q	S	T	A	V	L	I	F	Y	W	H	M	C	P
0	0.01602	0.01929	0.18564	0.05296	0.15786	0.18221	0.09141	0.07651	0.01483	0.08864	0.05156	0.01477	0.01092	0.00592	0.00560	0.00169	0.00771	0.00503	0.00351	0.00792
1	0.00962	0.00756	0.00811	0.00738	0.00960	0.00721	0.00568	0.14762	0.01571	0.02000	0.14689	0.08594	0.48248	0.01264	0.00649	0.00186	0.00347	0.01059	0.00544	0.00573
2	0.00802	0.00546	0.00698	0.00692	0.00783	0.00509	0.00488	0.00909	0.01251	0.01703	0.36563	0.12099	0.14025	0.09564	0.01186	0.15914	0.00346	0.00985	0.00496	0.00442
3	0.00730	0.00563	0.00630	0.00625	0.00757	0.00502	0.00443	0.00876	0.01268	0.01631	0.23596	0.08129	0.40329	0.16184	0.01081	0.00255	0.00331	0.01092	0.00514	0.00464
4	0.01791	0.18033	0.01893	0.01323	0.01619	0.34949	0.01078	0.11470	0.04731	0.01688	0.00952	0.01124	0.00801	0.00657	0.00740	0.00164	0.15555	0.00405	0.00320	0.00710
5	0.01241	0.01052	0.01145	0.01045	0.01328	0.01156	0.00798	0.02413	0.53977	0.02128	0.02310	0.16624	0.02004	0.00916	0.00584	0.00187	0.00420	0.00786	0.00539	0.09347
6	0.01335	0.01772	0.28776	0.01349	0.01862	0.03952	0.08861	0.02035	0.17630	0.10348	0.09600	0.02087	0.06444	0.00721	0.00581	0.00181	0.00632	0.00618	0.00427	0.00790

[dist]
# distance from previous block
# <min> <max>
0	2

[block]
# block no. 6 follows, 42 sequences, length 8
# corresponding to MSA columns:
# 653-660
name=unknown_G
#
# <colnr> <probs for GDERKNQSTAVLIFYWHMCP>
#	G	D	E	R	K	N	Q	S	T	A	V	L	I	F	Y	W	H	M	C	P
0	0.01376	0.44324	0.20192	0.12045	0.02032	0.05184	0.01313	0.01753	0.04306	0.01494	0.00934	0.01109	0.00766	0.00522	0.00446	0.00147	0.00689	0.00373	0.00257	0.00738
1	0.01504	0.45648	0.02265	0.01105	0.01447	0.17602	0.00978	0.01674	0.01176	0.01335	0.00898	0.01141	0.00820	0.01074	0.11397	0.00247	0.08388	0.00374	0.00260	0.00667
2	0.01763	0.01449	0.05313	0.01358	0.04756	0.01551	0.01100	0.41837	0.11483	0.04916	0.01461	0.04427	0.01139	0.00757	0.00744	0.00184	0.11579	0.00560	0.02761	0.00861
3	0.00789	0.00581	0.00837	0.00855	0.00935	0.00651	0.00638	0.00953	0.00919	0.01301	0.01760	0.13238	0.01802	0.12302	0.58851	0.00770	0.01236	0.00766	0.00337	0.00478
4	0.00759	0.00578	0.00708	0.00741	0.00881	0.00527	0.00576	0.00957	0.01346	0.01754	0.24781	0.15075	0.30397	0.01421	0.00697	0.00207	0.00337	0.17211	0.00549	0.00498
5	0.06802	0.01465	0.08650	0.04245	0.10135	0.01430	0.01155	0.25885	0.22647	0.09409	0.01582	0.01581	0.01152	0.00656	0.00549	0.00177	0.00576	0.00527	0.00491	0.00886
6	0.01168	0.01057	0.01688	0.71283	0.03668	0.01299	0.01515	0.08616	0.01274	0.01644	0.01035	0.01486	0.00770	0.00574	0.00563	0.00186	0.00737	0.00501	0.00281	0.00658
7	0.10060	0.07626	0.01699	0.01253	0.04130	0.01133	0.11181	0.07144	0.01493	0.39544	0.03881	0.01705	0.01256	0.00810	0.04363	0.00207	0.00611	0.00541	0.00522	0.00839

[dist]
# distance from previous block
# <min> <max>
0	485

# created by:
# /st0/software/busco_prod/Augustus/scripts/msa2prfl.pl ./align_prep/173599.fa
