[name]
unknown

[dist]
# distance from previous block
# <min> <max>
0	61

[block]
# block no. 0 follows, 45 sequences, length 12
# corresponding to MSA columns:
# 70-81
name=unknown_A
#
# <colnr> <probs for GDERKNQSTAVLIFYWHMCP>
#	G	D	E	R	K	N	Q	S	T	A	V	L	I	F	Y	W	H	M	C	P
0	0.19172	0.00715	0.00847	0.00938	0.03395	0.00751	0.00747	0.01181	0.01097	0.01701	0.02157	0.04400	0.02304	0.13134	0.00943	0.00268	0.00485	0.44837	0.00427	0.00499
1	0.00766	0.03526	0.00770	0.00697	0.00815	0.00554	0.00509	0.00957	0.01313	0.01822	0.47064	0.23294	0.05812	0.06382	0.00765	0.00200	0.00302	0.01059	0.00527	0.02866
2	0.00772	0.00512	0.00587	0.00606	0.00616	0.00507	0.00353	0.00798	0.00834	0.01135	0.01883	0.14983	0.02163	0.65473	0.02315	0.00457	0.00476	0.00879	0.04300	0.00350
3	0.00869	0.00625	0.00768	0.00810	0.00898	0.00625	0.00565	0.11989	0.01235	0.01650	0.02627	0.63914	0.03053	0.06665	0.00795	0.00229	0.00367	0.01322	0.00493	0.00500
4	0.01443	0.01005	0.01085	0.03800	0.01255	0.01084	0.00734	0.35907	0.03903	0.02535	0.01926	0.03468	0.09173	0.02520	0.00546	0.00162	0.00440	0.00586	0.27732	0.00695
5	0.00868	0.00488	0.00669	0.00682	0.00689	0.00486	0.00445	0.00743	0.00767	0.01021	0.01364	0.07551	0.01488	0.24559	0.02129	0.51249	0.00473	0.03757	0.00288	0.00284
6	0.19886	0.02154	0.01343	0.02617	0.03169	0.02947	0.08633	0.13112	0.11231	0.10310	0.03759	0.13351	0.02406	0.00776	0.00545	0.00177	0.01786	0.00650	0.00447	0.00701
7	0.00968	0.00832	0.01273	0.44527	0.05042	0.00957	0.01103	0.01240	0.01100	0.03051	0.01901	0.10317	0.12554	0.00799	0.00604	0.00178	0.03933	0.00682	0.05798	0.03141
8	0.01048	0.00911	0.01128	0.12576	0.01577	0.00759	0.00740	0.01294	0.01119	0.01661	0.01423	0.01585	0.08820	0.00519	0.00443	0.00105	0.00432	0.00427	0.00325	0.63108
9	0.01744	0.01224	0.01353	0.01107	0.01453	0.01330	0.00887	0.43860	0.15621	0.10704	0.01787	0.13348	0.01481	0.00817	0.00561	0.00174	0.00505	0.00667	0.00546	0.00830
10	0.01223	0.09462	0.01629	0.10653	0.01779	0.01087	0.10046	0.03153	0.06703	0.04225	0.01124	0.03111	0.00920	0.00511	0.00500	0.00127	0.02697	0.00437	0.00328	0.40286
11	0.05200	0.06223	0.36384	0.03868	0.09549	0.01340	0.16448	0.09435	0.01298	0.01879	0.01050	0.03021	0.00810	0.00534	0.00527	0.00168	0.00737	0.00478	0.00284	0.00768

[dist]
# distance from previous block
# <min> <max>
0	4

[block]
# block no. 1 follows, 45 sequences, length 7
# corresponding to MSA columns:
# 112-118
name=unknown_B
#
# <colnr> <probs for GDERKNQSTAVLIFYWHMCP>
#	G	D	E	R	K	N	Q	S	T	A	V	L	I	F	Y	W	H	M	C	P
0	0.01282	0.19916	0.16933	0.02018	0.16820	0.01496	0.30679	0.01676	0.01193	0.01618	0.00971	0.01232	0.00768	0.00470	0.00525	0.00160	0.00757	0.00480	0.00252	0.00753
1	0.01243	0.01427	0.06083	0.10275	0.15155	0.01323	0.52962	0.01671	0.01234	0.01689	0.01055	0.01413	0.00805	0.00468	0.00602	0.00177	0.00837	0.00582	0.00265	0.00735
2	0.01194	0.01084	0.01902	0.02385	0.43157	0.01070	0.12449	0.01479	0.01173	0.04613	0.01427	0.14458	0.01356	0.01039	0.08538	0.00244	0.00698	0.00685	0.00322	0.00728
3	0.01686	0.07732	0.03576	0.01526	0.15486	0.06662	0.07099	0.11929	0.03134	0.23193	0.01845	0.03548	0.08824	0.00676	0.00538	0.00162	0.00576	0.00574	0.00446	0.00786
4	0.01162	0.00579	0.00666	0.00611	0.00781	0.00548	0.00465	0.01388	0.01249	0.14428	0.15134	0.02538	0.05444	0.04720	0.00575	0.00161	0.00299	0.00631	0.48063	0.00558
5	0.00909	0.00706	0.00782	0.00758	0.00933	0.00692	0.00564	0.13193	0.05384	0.01781	0.03710	0.31060	0.34848	0.01323	0.00632	0.00191	0.00346	0.01137	0.00507	0.00543
6	0.13941	0.06857	0.06574	0.01140	0.01502	0.27021	0.00954	0.05787	0.17477	0.11742	0.01299	0.01306	0.00969	0.00592	0.00478	0.00157	0.00650	0.00425	0.00399	0.00732

[dist]
# distance from previous block
# <min> <max>
1	6

[block]
# block no. 2 follows, 45 sequences, length 18
# corresponding to MSA columns:
# 125-142
name=unknown_C
#
# <colnr> <probs for GDERKNQSTAVLIFYWHMCP>
#	G	D	E	R	K	N	Q	S	T	A	V	L	I	F	Y	W	H	M	C	P
0	0.01826	0.03418	0.01397	0.01190	0.05960	0.04350	0.00900	0.30059	0.08149	0.22447	0.01738	0.10587	0.01381	0.00756	0.00543	0.00167	0.00516	0.00617	0.03181	0.00818
1	0.62128	0.05545	0.00967	0.00785	0.01090	0.05822	0.00644	0.02880	0.00998	0.02158	0.02734	0.01104	0.00798	0.00920	0.09356	0.00241	0.00573	0.00347	0.00328	0.00582
2	0.35107	0.04812	0.03282	0.00906	0.01265	0.01252	0.00764	0.16221	0.12140	0.09103	0.03052	0.01350	0.01026	0.00592	0.00437	0.00161	0.00458	0.00427	0.05425	0.02220
3	0.00836	0.00592	0.00657	0.00646	0.00688	0.00609	0.00392	0.01017	0.09502	0.01200	0.01905	0.05234	0.04524	0.67333	0.02362	0.00463	0.00496	0.00790	0.00361	0.00392
4	0.02051	0.02370	0.01490	0.01334	0.01626	0.70033	0.01009	0.02198	0.01523	0.10107	0.00977	0.01066	0.00764	0.00566	0.00490	0.00141	0.00910	0.00368	0.00321	0.00656
5	0.00752	0.00572	0.00826	0.00826	0.00932	0.00646	0.00641	0.00937	0.00904	0.01269	0.01896	0.02459	0.10065	0.03721	0.70040	0.00785	0.01304	0.00639	0.00312	0.00476
6	0.01514	0.62757	0.04728	0.00993	0.01441	0.05363	0.00957	0.11681	0.01316	0.01588	0.02864	0.01015	0.00835	0.00507	0.00389	0.00125	0.00591	0.00337	0.00283	0.00714
7	0.01718	0.04330	0.01392	0.01097	0.03011	0.09787	0.00866	0.22175	0.10580	0.16112	0.01514	0.01517	0.02926	0.00748	0.03745	0.00174	0.00579	0.00474	0.00462	0.16794
8	0.01232	0.06023	0.05024	0.09399	0.45979	0.01188	0.01370	0.01579	0.04491	0.03285	0.01282	0.10424	0.01172	0.00632	0.00532	0.00163	0.00585	0.00582	0.00309	0.04749
9	0.00906	0.00646	0.00825	0.00804	0.00905	0.00701	0.00586	0.09478	0.01072	0.01494	0.01758	0.15956	0.01823	0.21628	0.34897	0.00558	0.00876	0.00775	0.03827	0.00485
10	0.01203	0.01215	0.01876	0.33493	0.20521	0.05962	0.07625	0.01494	0.01097	0.01470	0.00916	0.01325	0.00752	0.00605	0.00808	0.00184	0.18057	0.00481	0.00249	0.00667
11	0.74216	0.01064	0.00814	0.00728	0.01048	0.04300	0.00593	0.01611	0.00969	0.04495	0.00850	0.00970	0.00654	0.00513	0.00347	0.00163	0.00429	0.00312	0.05335	0.00588
12	0.02126	0.00908	0.01190	0.00938	0.01308	0.00826	0.00762	0.05402	0.06403	0.61035	0.08600	0.02063	0.01676	0.03441	0.00623	0.00179	0.00445	0.00587	0.00634	0.00854
13	0.01564	0.01267	0.01343	0.01139	0.01483	0.01442	0.00905	0.26602	0.52695	0.02615	0.01894	0.01771	0.01403	0.00701	0.00543	0.00175	0.00479	0.00567	0.00543	0.00870
14	0.04333	0.02689	0.18196	0.05641	0.04025	0.01280	0.03265	0.23712	0.07151	0.18779	0.03123	0.01477	0.01066	0.00618	0.00552	0.00168	0.02156	0.00491	0.00450	0.00829
15	0.01299	0.03712	0.01800	0.10963	0.42153	0.02773	0.01300	0.04856	0.01244	0.03663	0.01106	0.04770	0.00949	0.00535	0.00507	0.00147	0.00584	0.00486	0.00304	0.16847
16	0.01499	0.01153	0.01372	0.03432	0.07207	0.01097	0.00874	0.27367	0.01629	0.06087	0.01193	0.03632	0.00947	0.00545	0.00476	0.00125	0.00492	0.00439	0.00411	0.40023
17	0.01501	0.03008	0.05728	0.03301	0.01323	0.00891	0.00802	0.14319	0.01522	0.24327	0.12563	0.14136	0.06526	0.02139	0.00599	0.00174	0.00447	0.00749	0.00523	0.05421

[dist]
# distance from previous block
# <min> <max>
3	14

[block]
# block no. 3 follows, 45 sequences, length 36
# corresponding to MSA columns:
# 157-178,180-193
name=unknown_D
#
# <colnr> <probs for GDERKNQSTAVLIFYWHMCP>
#	G	D	E	R	K	N	Q	S	T	A	V	L	I	F	Y	W	H	M	C	P
0	0.01490	0.59990	0.08492	0.01051	0.01527	0.03511	0.04375	0.05504	0.01217	0.05985	0.02037	0.01037	0.00809	0.00496	0.00399	0.00129	0.00603	0.00348	0.00279	0.00719
1	0.04297	0.05078	0.09081	0.09860	0.33515	0.05917	0.09493	0.08728	0.01317	0.01827	0.01045	0.02678	0.00851	0.00536	0.00545	0.00164	0.02085	0.00484	0.01734	0.00764
2	0.13475	0.09303	0.29422	0.05290	0.01896	0.04724	0.06933	0.01848	0.01214	0.17275	0.03014	0.01313	0.00918	0.00548	0.00487	0.00163	0.00649	0.00434	0.00346	0.00747
3	0.00664	0.00476	0.00626	0.00733	0.00774	0.00443	0.00492	0.00767	0.01061	0.01419	0.08150	0.71649	0.05612	0.03473	0.00728	0.00221	0.00311	0.01460	0.00501	0.00439
4	0.01875	0.04172	0.02817	0.03798	0.06078	0.01305	0.00989	0.34588	0.06704	0.22558	0.04924	0.01712	0.01286	0.00680	0.00561	0.00167	0.01907	0.02506	0.00525	0.00850
5	0.01347	0.09399	0.14643	0.08129	0.42466	0.05618	0.03553	0.05482	0.01268	0.01728	0.00979	0.01240	0.00790	0.00498	0.00511	0.00158	0.00686	0.00443	0.00268	0.00794
6	0.01502	0.46320	0.04350	0.12944	0.05626	0.10684	0.01080	0.04893	0.01231	0.05621	0.00904	0.01061	0.00746	0.00503	0.00422	0.00136	0.00644	0.00357	0.00275	0.00700
7	0.84927	0.01038	0.00789	0.00706	0.01038	0.01204	0.00581	0.01578	0.00914	0.02408	0.00747	0.00872	0.00581	0.00498	0.00332	0.00166	0.00415	0.00291	0.00332	0.00581
8	0.00780	0.00523	0.00597	0.00597	0.00600	0.00526	0.00339	0.00788	0.00784	0.01049	0.01681	0.03457	0.01927	0.78063	0.05771	0.00534	0.00557	0.00772	0.00324	0.00331
9	0.01012	0.00682	0.00821	0.00786	0.00885	0.00701	0.00547	0.11449	0.01192	0.05517	0.06524	0.29533	0.02445	0.29520	0.01441	0.02001	0.03031	0.00977	0.00443	0.00493
10	0.00766	0.00583	0.00688	0.00681	0.00818	0.00548	0.00500	0.02327	0.05786	0.01806	0.34081	0.18621	0.24835	0.03013	0.00678	0.00189	0.00291	0.01078	0.02208	0.00501
11	0.02005	0.02558	0.01521	0.01383	0.01659	0.78980	0.01037	0.02143	0.01521	0.01314	0.00830	0.00968	0.00691	0.00553	0.00484	0.00138	0.00968	0.00346	0.00277	0.00622
12	0.01128	0.03765	0.04431	0.22724	0.02021	0.03223	0.01225	0.01341	0.00940	0.01352	0.00861	0.01305	0.00762	0.00931	0.05087	0.00238	0.44293	0.00467	0.03315	0.00593
13	0.02301	0.01122	0.01348	0.01041	0.01455	0.03759	0.00857	0.21284	0.01787	0.56419	0.01861	0.01660	0.01200	0.00655	0.00537	0.00164	0.00509	0.00519	0.00618	0.00903
14	0.01088	0.01000	0.01634	0.71961	0.06712	0.01224	0.01470	0.05793	0.01165	0.01507	0.00976	0.01418	0.00733	0.00541	0.00536	0.00177	0.00705	0.00477	0.00257	0.00626
15	0.00808	0.00586	0.00724	0.00679	0.00831	0.00543	0.00513	0.01099	0.04996	0.04010	0.59453	0.04061	0.17446	0.01115	0.00627	0.00172	0.00270	0.00971	0.00575	0.00524
16	0.00715	0.00542	0.00780	0.00936	0.05380	0.00513	0.02389	0.00831	0.01044	0.01399	0.02772	0.71411	0.03286	0.03106	0.00715	0.00220	0.00352	0.02668	0.00476	0.00466
17	0.00713	0.00522	0.00670	0.00686	0.00787	0.00479	0.00494	0.00904	0.01332	0.01832	0.46470	0.28888	0.11606	0.01311	0.00650	0.00186	0.00274	0.01166	0.00552	0.00479
18	0.84927	0.01038	0.00789	0.00706	0.01038	0.01204	0.00581	0.01578	0.00914	0.02408	0.00747	0.00872	0.00581	0.00498	0.00332	0.00166	0.00415	0.00291	0.00332	0.00581
19	0.01881	0.01374	0.01488	0.01170	0.01560	0.01521	0.00958	0.60906	0.09338	0.04895	0.01416	0.01436	0.01029	0.00826	0.04565	0.00198	0.00604	0.00502	0.03464	0.00870
20	0.84927	0.01038	0.00789	0.00706	0.01038	0.01204	0.00581	0.01578	0.00914	0.02408	0.00747	0.00872	0.00581	0.00498	0.00332	0.00166	0.00415	0.00291	0.00332	0.00581
21	0.01183	0.05564	0.01252	0.07342	0.08312	0.00899	0.02616	0.08105	0.03018	0.09581	0.06656	0.23181	0.07431	0.02668	0.00613	0.00177	0.00453	0.00828	0.00439	0.09680
22	0.03477	0.25046	0.31727	0.07735	0.01987	0.03425	0.06560	0.01633	0.02860	0.03202	0.01209	0.03539	0.04277	0.00574	0.00479	0.00157	0.00673	0.00457	0.00272	0.00710
23	0.01457	0.01118	0.01215	0.01064	0.01377	0.01255	0.00835	0.07778	0.59724	0.09888	0.06567	0.02054	0.01760	0.00738	0.00550	0.00178	0.00429	0.00613	0.00560	0.00840
24	0.00774	0.00545	0.00710	0.00710	0.00753	0.00588	0.00481	0.00861	0.00818	0.01133	0.01577	0.02881	0.01677	0.46449	0.37043	0.00674	0.00933	0.00688	0.00308	0.00395
25	0.02832	0.12089	0.42537	0.10771	0.02101	0.03019	0.01499	0.03206	0.01179	0.05081	0.03090	0.06047	0.03068	0.00624	0.00507	0.00166	0.00677	0.00498	0.00290	0.00719
26	0.01211	0.05878	0.01942	0.05195	0.49988	0.01233	0.03391	0.01478	0.01152	0.01618	0.01266	0.11213	0.01227	0.00700	0.00658	0.00175	0.07639	0.02998	0.00296	0.00743
27	0.50468	0.01022	0.01002	0.00827	0.01195	0.01084	0.00682	0.06466	0.01233	0.29481	0.01269	0.01238	0.00868	0.00566	0.00419	0.00166	0.00441	0.00391	0.00463	0.00720
28	0.01299	0.01238	0.02104	0.03160	0.73830	0.01236	0.01589	0.01615	0.01238	0.01774	0.04941	0.01466	0.01067	0.00510	0.00537	0.00160	0.00618	0.00504	0.00282	0.00833
29	0.01711	0.01356	0.01654	0.04865	0.13530	0.04616	0.04923	0.33701	0.16067	0.08024	0.03120	0.01530	0.01139	0.00628	0.00543	0.00166	0.00587	0.00522	0.00470	0.00847
30	0.05236	0.00918	0.01230	0.00947	0.01359	0.00803	0.00782	0.02580	0.01515	0.75563	0.02071	0.01794	0.01303	0.00659	0.00533	0.00166	0.00455	0.00531	0.00653	0.00902
31	0.00659	0.00471	0.00627	0.00744	0.00780	0.00439	0.00499	0.00759	0.01050	0.01406	0.06321	0.77321	0.03619	0.01655	0.00683	0.00216	0.00309	0.01501	0.00502	0.00439
32	0.01093	0.01195	0.04079	0.03375	0.04661	0.01098	0.49835	0.01445	0.01194	0.01618	0.01589	0.23070	0.01557	0.00791	0.00640	0.00190	0.00728	0.00864	0.00332	0.00649
33	0.01884	0.05235	0.01560	0.01257	0.01606	0.32561	0.00995	0.31213	0.14356	0.02278	0.01231	0.01261	0.00935	0.00614	0.00509	0.00153	0.00713	0.00440	0.00421	0.00777
34	0.00932	0.00466	0.00699	0.00699	0.00699	0.00466	0.00466	0.00699	0.00699	0.00932	0.00932	0.01632	0.00932	0.01865	0.02098	0.84382	0.00466	0.00466	0.00233	0.00233
35	0.01115	0.01053	0.01765	0.55286	0.25265	0.01221	0.01519	0.01494	0.03240	0.01508	0.01005	0.01417	0.00781	0.00525	0.00535	0.00173	0.00685	0.00481	0.00255	0.00678

[dist]
# distance from previous block
# <min> <max>
0	8

[block]
# block no. 4 follows, 45 sequences, length 29
# corresponding to MSA columns:
# 202-230
name=unknown_E
#
# <colnr> <probs for GDERKNQSTAVLIFYWHMCP>
#	G	D	E	R	K	N	Q	S	T	A	V	L	I	F	Y	W	H	M	C	P
0	0.01179	0.01187	0.01716	0.01449	0.01475	0.01631	0.04671	0.01312	0.00843	0.01312	0.00722	0.01187	0.00710	0.00917	0.01709	0.00232	0.76441	0.00477	0.00237	0.00594
1	0.00759	0.00511	0.00592	0.00613	0.00619	0.00506	0.00355	0.00775	0.00823	0.01097	0.01909	0.16801	0.02226	0.67472	0.02380	0.00468	0.00484	0.00909	0.00355	0.00344
2	0.49262	0.01211	0.06928	0.02513	0.01462	0.01173	0.08701	0.05651	0.01165	0.15823	0.01076	0.01155	0.00766	0.00532	0.00429	0.00168	0.00517	0.00393	0.00386	0.00689
3	0.00685	0.00488	0.00652	0.00772	0.00814	0.00462	0.00538	0.00794	0.01045	0.01388	0.02900	0.68702	0.03437	0.04428	0.00764	0.00232	0.00342	0.10626	0.00492	0.00439
4	0.18522	0.20143	0.01683	0.03365	0.05070	0.33467	0.00936	0.03793	0.01278	0.01625	0.00825	0.00970	0.00688	0.00510	0.00422	0.00138	0.00702	0.00333	0.00285	0.05244
5	0.00988	0.00518	0.00745	0.00726	0.00748	0.00526	0.00494	0.04472	0.00791	0.01055	0.00950	0.01615	0.00931	0.01804	0.02020	0.80162	0.00472	0.00467	0.00248	0.00267
6	0.02265	0.00971	0.01260	0.00985	0.01388	0.00896	0.00808	0.06320	0.10323	0.65601	0.02084	0.01820	0.01344	0.00671	0.00540	0.00168	0.00460	0.00545	0.00644	0.00906
7	0.00958	0.00831	0.04342	0.00728	0.00818	0.06808	0.00507	0.04439	0.00976	0.01285	0.03000	0.04844	0.01800	0.58389	0.03305	0.00427	0.00561	0.00718	0.04850	0.00416
8	0.00837	0.00566	0.00742	0.00688	0.00828	0.00520	0.00520	0.01088	0.01520	0.05703	0.73982	0.03908	0.04890	0.01077	0.00629	0.00169	0.00263	0.00951	0.00594	0.00526
9	0.01327	0.57636	0.25685	0.01104	0.01664	0.01858	0.01241	0.01635	0.01104	0.01395	0.00812	0.00944	0.00686	0.00475	0.00395	0.00132	0.00640	0.00320	0.00229	0.00720
10	0.03552	0.01026	0.01176	0.00859	0.01322	0.00856	0.00693	0.11137	0.01314	0.06171	0.01056	0.01169	0.00834	0.00447	0.00422	0.00097	0.00426	0.00351	0.00366	0.66725
11	0.07425	0.07320	0.08558	0.02101	0.32256	0.09291	0.07123	0.07512	0.07180	0.04559	0.01107	0.01285	0.00868	0.00525	0.00507	0.00159	0.00659	0.00455	0.00322	0.00788
12	0.01415	0.01119	0.01206	0.01072	0.01381	0.01270	0.00837	0.02792	0.68727	0.08750	0.03817	0.02031	0.01687	0.00731	0.00548	0.00180	0.00424	0.00609	0.00557	0.00848
13	0.01265	0.01021	0.01243	0.05867	0.01501	0.00864	0.02157	0.09495	0.01284	0.05159	0.01042	0.01189	0.00826	0.00445	0.00432	0.00100	0.00451	0.00361	0.00351	0.64947
14	0.00700	0.00546	0.00635	0.00613	0.00765	0.00481	0.00459	0.00897	0.01378	0.01818	0.43153	0.04561	0.39624	0.01222	0.00634	0.00175	0.00262	0.01048	0.00547	0.00481
15	0.01225	0.01658	0.22615	0.06036	0.19216	0.01235	0.27355	0.01652	0.01199	0.04587	0.01164	0.05698	0.00949	0.00564	0.00597	0.00176	0.02467	0.00570	0.00283	0.00753
16	0.01461	0.01353	0.05706	0.02840	0.14827	0.08663	0.04169	0.14333	0.17142	0.07184	0.06082	0.01974	0.08691	0.00698	0.00547	0.00166	0.00564	0.00587	0.00436	0.02576
17	0.84927	0.01038	0.00789	0.00706	0.01038	0.01204	0.00581	0.01578	0.00914	0.02408	0.00747	0.00872	0.00581	0.00498	0.00332	0.00166	0.00415	0.00291	0.00332	0.00581
18	0.01180	0.01124	0.08436	0.04817	0.06304	0.03686	0.00919	0.01902	0.27155	0.06760	0.28691	0.02518	0.02621	0.00804	0.00570	0.00172	0.00447	0.00689	0.00497	0.00706
19	0.01289	0.01267	0.02006	0.21650	0.55819	0.05443	0.01577	0.01608	0.01202	0.01638	0.00987	0.01334	0.00809	0.00496	0.00530	0.00163	0.00674	0.00471	0.00260	0.00777
20	0.00776	0.00520	0.00594	0.00595	0.00603	0.00517	0.00341	0.00792	0.00829	0.01112	0.05890	0.05939	0.02172	0.74278	0.02553	0.00492	0.00499	0.00814	0.00345	0.00339
21	0.01001	0.00500	0.00500	0.00500	0.00625	0.00500	0.00375	0.01251	0.01126	0.02001	0.01751	0.02001	0.01376	0.00625	0.00375	0.00125	0.00250	0.00500	0.84115	0.00500
22	0.00776	0.00557	0.00693	0.00653	0.00800	0.00502	0.00492	0.01002	0.01454	0.04028	0.59430	0.04209	0.21120	0.01144	0.00631	0.00172	0.00263	0.00995	0.00572	0.00505
23	0.01001	0.00500	0.00500	0.00500	0.00625	0.00500	0.00375	0.01251	0.01126	0.02001	0.01751	0.02001	0.01376	0.00625	0.00375	0.00125	0.00250	0.00500	0.84115	0.00500
24	0.01217	0.00680	0.00907	0.00810	0.01012	0.00656	0.00630	0.01515	0.05803	0.21591	0.36676	0.05840	0.03150	0.01531	0.15190	0.00300	0.00538	0.00785	0.00547	0.00624
25	0.01339	0.04100	0.02110	0.07144	0.63382	0.04960	0.01559	0.01635	0.01202	0.01670	0.00972	0.01292	0.00822	0.00510	0.00590	0.00162	0.05018	0.00465	0.00262	0.00806
26	0.01085	0.02359	0.61644	0.01436	0.02115	0.01156	0.04320	0.01671	0.03799	0.03494	0.01409	0.01751	0.05045	0.00633	0.00539	0.00177	0.00727	0.05600	0.00283	0.00757
27	0.00730	0.00513	0.00617	0.00644	0.00691	0.00489	0.00414	0.00815	0.01024	0.01375	0.16699	0.24970	0.09117	0.37678	0.01602	0.00343	0.00392	0.01050	0.00437	0.00400
28	0.00715	0.00529	0.00673	0.04934	0.00892	0.00509	0.00504	0.00836	0.01090	0.01445	0.15425	0.36620	0.14088	0.17965	0.01086	0.00265	0.00361	0.01165	0.00464	0.00436

[dist]
# distance from previous block
# <min> <max>
0	2

[block]
# block no. 5 follows, 45 sequences, length 17
# corresponding to MSA columns:
# 233-249
name=unknown_F
#
# <colnr> <probs for GDERKNQSTAVLIFYWHMCP>
#	G	D	E	R	K	N	Q	S	T	A	V	L	I	F	Y	W	H	M	C	P
0	0.01248	0.00970	0.01141	0.00823	0.01294	0.00755	0.00662	0.04107	0.01197	0.07841	0.01058	0.01176	0.00841	0.00427	0.00414	0.00089	0.00409	0.00341	0.00353	0.74852
1	0.00932	0.00466	0.00699	0.00699	0.00699	0.00466	0.00466	0.00699	0.00699	0.00932	0.00932	0.01632	0.00932	0.01865	0.02098	0.84382	0.00466	0.00466	0.00233	0.00233
2	0.00729	0.00547	0.00677	0.00680	0.00800	0.00505	0.00496	0.00960	0.03596	0.01841	0.44293	0.22017	0.18327	0.01272	0.00643	0.00183	0.00275	0.01120	0.00551	0.00490
3	0.00910	0.00638	0.00871	0.02485	0.01129	0.00637	0.00815	0.01191	0.03931	0.04208	0.07781	0.09453	0.05799	0.01391	0.00710	0.00232	0.00461	0.56335	0.00504	0.00519
4	0.00903	0.00731	0.00845	0.00940	0.01047	0.06759	0.00762	0.01091	0.01182	0.01494	0.02634	0.22077	0.02928	0.06659	0.00839	0.00250	0.00493	0.47420	0.00467	0.00480
5	0.01113	0.00954	0.01113	0.00795	0.01272	0.00716	0.00636	0.01352	0.01113	0.01749	0.00954	0.01113	0.00795	0.00398	0.00398	0.00080	0.00398	0.00318	0.00318	0.84417
6	0.00654	0.00467	0.00623	0.00747	0.00779	0.00436	0.00498	0.00747	0.01028	0.01370	0.02959	0.80785	0.03550	0.01682	0.00685	0.00218	0.00311	0.01526	0.00498	0.00436
7	0.01229	0.01625	0.14212	0.05118	0.02768	0.01335	0.62090	0.01703	0.01240	0.01703	0.01063	0.01401	0.00791	0.00464	0.00612	0.00179	0.00881	0.00593	0.00264	0.00729
8	0.00717	0.00549	0.00658	0.00638	0.00785	0.00491	0.00483	0.00926	0.01398	0.01869	0.47739	0.04519	0.32160	0.01210	0.00638	0.00176	0.00269	0.03738	0.00553	0.00486
9	0.01365	0.00680	0.00897	0.00777	0.01009	0.00604	0.00605	0.01580	0.01466	0.30724	0.37993	0.09331	0.08741	0.00999	0.00602	0.00173	0.00336	0.00864	0.00605	0.00651
10	0.00768	0.00570	0.00838	0.00838	0.00925	0.00657	0.00640	0.00943	0.00855	0.01228	0.01461	0.02235	0.01397	0.10977	0.72132	0.00832	0.01355	0.00594	0.00291	0.00465
11	0.00754	0.00548	0.00709	0.00669	0.00798	0.00504	0.00502	0.01001	0.01505	0.02119	0.74059	0.04065	0.08530	0.01110	0.00633	0.00169	0.00254	0.00979	0.00586	0.00504
12	0.01533	0.19469	0.01798	0.07162	0.11757	0.24841	0.01063	0.03822	0.08955	0.03931	0.03164	0.01546	0.03247	0.00622	0.00517	0.00153	0.02378	0.03022	0.00329	0.00692
13	0.04143	0.24622	0.45700	0.01269	0.01906	0.01459	0.01502	0.01782	0.03795	0.07658	0.01029	0.01133	0.00764	0.00515	0.00461	0.00154	0.00679	0.00381	0.00277	0.00768
14	0.07507	0.04160	0.09072	0.03677	0.09931	0.16905	0.01106	0.18271	0.13212	0.04476	0.01311	0.01379	0.02568	0.00596	0.00501	0.00158	0.00639	0.00456	0.00389	0.03685
15	0.04208	0.03618	0.09105	0.19033	0.24912	0.05057	0.03518	0.03898	0.02770	0.06138	0.01362	0.01671	0.05348	0.05042	0.00646	0.00184	0.00637	0.00515	0.00313	0.02024
16	0.08351	0.05216	0.01431	0.04549	0.12759	0.17641	0.00955	0.13485	0.04019	0.01880	0.01281	0.01632	0.03357	0.06267	0.03102	0.00197	0.00645	0.02440	0.02458	0.08336

[dist]
# distance from previous block
# <min> <max>
3	27

[block]
# block no. 6 follows, 45 sequences, length 15
# corresponding to MSA columns:
# 277-291
name=unknown_G
#
# <colnr> <probs for GDERKNQSTAVLIFYWHMCP>
#	G	D	E	R	K	N	Q	S	T	A	V	L	I	F	Y	W	H	M	C	P
0	0.15639	0.02710	0.01239	0.00994	0.03283	0.01004	0.00793	0.08360	0.04698	0.45594	0.01681	0.01564	0.01126	0.00626	0.00523	0.00163	0.02518	0.00479	0.03212	0.03795
1	0.01682	0.01217	0.01401	0.04613	0.01539	0.01355	0.00944	0.45685	0.01991	0.07179	0.08312	0.01902	0.03222	0.00764	0.00669	0.00173	0.08253	0.03885	0.04433	0.00781
2	0.00775	0.00520	0.00597	0.00602	0.00607	0.00522	0.00345	0.00786	0.00793	0.01061	0.01733	0.06545	0.01993	0.75188	0.05398	0.00521	0.00545	0.00803	0.00331	0.00335
3	0.31445	0.04660	0.01248	0.08130	0.01511	0.01224	0.00826	0.18729	0.01466	0.21633	0.01264	0.01291	0.00885	0.00579	0.00452	0.00163	0.00495	0.00420	0.02834	0.00745
4	0.00779	0.00527	0.00617	0.00617	0.00628	0.00537	0.00364	0.00801	0.00790	0.01064	0.01663	0.03354	0.01883	0.72421	0.11352	0.00559	0.00624	0.00757	0.00321	0.00343
5	0.80169	0.01065	0.00836	0.00736	0.01074	0.01231	0.00607	0.05850	0.01006	0.02464	0.00779	0.00896	0.00600	0.00507	0.00344	0.00166	0.00425	0.00302	0.00344	0.00600
6	0.18473	0.01411	0.01448	0.01130	0.01540	0.01573	0.00933	0.61243	0.02205	0.03190	0.01181	0.01206	0.00847	0.00615	0.00496	0.00162	0.00556	0.00445	0.00496	0.00847
7	0.84927	0.01038	0.00789	0.00706	0.01038	0.01204	0.00581	0.01578	0.00914	0.02408	0.00747	0.00872	0.00581	0.00498	0.00332	0.00166	0.00415	0.00291	0.00332	0.00581
8	0.01335	0.01153	0.01214	0.01092	0.01396	0.01335	0.00850	0.02852	0.76817	0.02245	0.02185	0.02003	0.01639	0.00728	0.00546	0.00182	0.00425	0.00607	0.00546	0.00850
9	0.00654	0.00467	0.00623	0.00747	0.00779	0.00436	0.00498	0.00747	0.01028	0.01370	0.02959	0.80785	0.03550	0.01682	0.00685	0.00218	0.00311	0.01526	0.00498	0.00436
10	0.01210	0.01356	0.05252	0.12550	0.06071	0.01312	0.50894	0.01615	0.01194	0.01653	0.01061	0.01433	0.00815	0.00512	0.00687	0.00181	0.06945	0.00579	0.03985	0.00694
11	0.84927	0.01038	0.00789	0.00706	0.01038	0.01204	0.00581	0.01578	0.00914	0.02408	0.00747	0.00872	0.00581	0.00498	0.00332	0.00166	0.00415	0.00291	0.00332	0.00581
12	0.01174	0.01174	0.01644	0.01409	0.01409	0.01644	0.01174	0.01292	0.00822	0.01292	0.00705	0.01174	0.00705	0.00940	0.01762	0.00235	0.80153	0.00470	0.00235	0.00587
13	0.00666	0.00476	0.00637	0.00762	0.00798	0.00447	0.00520	0.00769	0.01040	0.01384	0.02952	0.76397	0.03523	0.01670	0.00688	0.00220	0.00322	0.05791	0.00498	0.00439
14	0.00654	0.00467	0.00623	0.00747	0.00779	0.00436	0.00498	0.00747	0.01028	0.01370	0.02959	0.80785	0.03550	0.01682	0.00685	0.00218	0.00311	0.01526	0.00498	0.00436

[dist]
# distance from previous block
# <min> <max>
0	4

[block]
# block no. 7 follows, 45 sequences, length 21
# corresponding to MSA columns:
# 296-307,309-317
name=unknown_H
#
# <colnr> <probs for GDERKNQSTAVLIFYWHMCP>
#	G	D	E	R	K	N	Q	S	T	A	V	L	I	F	Y	W	H	M	C	P
0	0.02334	0.00927	0.01243	0.00958	0.01363	0.00818	0.00789	0.05813	0.01580	0.72163	0.04739	0.01880	0.01442	0.00679	0.00543	0.00166	0.00456	0.00553	0.00656	0.00899
1	0.84927	0.01038	0.00789	0.00706	0.01038	0.01204	0.00581	0.01578	0.00914	0.02408	0.00747	0.00872	0.00581	0.00498	0.00332	0.00166	0.00415	0.00291	0.00332	0.00581
2	0.01077	0.02777	0.78354	0.01530	0.02323	0.01247	0.01983	0.01700	0.01133	0.01700	0.00963	0.01133	0.00680	0.00510	0.00510	0.00170	0.00793	0.00397	0.00227	0.00793
3	0.01077	0.02777	0.78354	0.01530	0.02323	0.01247	0.01983	0.01700	0.01133	0.01700	0.00963	0.01133	0.00680	0.00510	0.00510	0.00170	0.00793	0.00397	0.00227	0.00793
4	0.01061	0.00965	0.01590	0.67509	0.09236	0.01170	0.01428	0.03088	0.01121	0.01484	0.01012	0.01453	0.00769	0.00540	0.00527	0.00174	0.00680	0.00479	0.05098	0.00618
5	0.00781	0.00520	0.00585	0.00585	0.00585	0.00520	0.00325	0.00781	0.00781	0.01041	0.01691	0.03513	0.01952	0.81135	0.02732	0.00520	0.00520	0.00781	0.00325	0.00325
6	0.02050	0.01448	0.01572	0.01209	0.01634	0.01587	0.00998	0.68275	0.04492	0.09168	0.01378	0.01350	0.00965	0.00648	0.00537	0.00162	0.00576	0.00491	0.00547	0.00911
7	0.00675	0.00545	0.00600	0.00586	0.00750	0.00470	0.00440	0.00849	0.01319	0.01678	0.28776	0.04792	0.54089	0.01275	0.00634	0.00177	0.00266	0.01080	0.00528	0.00470
8	0.01258	0.02234	0.51227	0.01598	0.02276	0.01230	0.16790	0.01859	0.05576	0.09082	0.01170	0.01314	0.00825	0.00526	0.00540	0.00173	0.00762	0.00471	0.00296	0.00794
9	0.00792	0.00530	0.00759	0.02812	0.00919	0.00515	0.02044	0.00842	0.01013	0.01344	0.07417	0.35088	0.05907	0.01598	0.01085	0.24193	0.00399	0.11925	0.00417	0.00402
10	0.01402	0.75196	0.02719	0.07058	0.01558	0.02052	0.00963	0.01589	0.01089	0.01271	0.00762	0.00905	0.00691	0.00465	0.00359	0.00120	0.00585	0.00302	0.00230	0.00682
11	0.07307	0.03955	0.58052	0.01616	0.10248	0.01255	0.01752	0.03456	0.01175	0.04932	0.01003	0.01162	0.00723	0.00514	0.00498	0.00167	0.00726	0.00403	0.00264	0.00790
12	0.01672	0.24460	0.13113	0.01386	0.06080	0.41785	0.01177	0.01901	0.01328	0.01381	0.00836	0.00983	0.00698	0.00516	0.00452	0.00138	0.00814	0.00344	0.00256	0.00679
13	0.07692	0.38785	0.05906	0.01279	0.07867	0.24207	0.01046	0.04901	0.01276	0.01513	0.00826	0.00963	0.00704	0.00501	0.00416	0.00134	0.00693	0.00334	0.00267	0.00690
14	0.01244	0.05991	0.06863	0.19802	0.06843	0.01337	0.37010	0.07363	0.01290	0.01728	0.01123	0.04854	0.00906	0.00546	0.00577	0.00175	0.00771	0.00583	0.00289	0.00706
15	0.00754	0.00548	0.00709	0.00669	0.00798	0.00504	0.00502	0.01001	0.01505	0.02118	0.73974	0.04066	0.08616	0.01110	0.00633	0.00169	0.00254	0.00979	0.00586	0.00504
16	0.00940	0.00470	0.00678	0.00678	0.00691	0.00470	0.00456	0.00758	0.00745	0.01047	0.01020	0.01671	0.00980	0.01732	0.01913	0.75347	0.00443	0.00470	0.09228	0.00262
17	0.00804	0.00616	0.00890	0.00855	0.00992	0.00676	0.00667	0.01001	0.00890	0.01300	0.01386	0.02002	0.01283	0.03637	0.70578	0.00779	0.01326	0.00548	0.00291	0.09480
18	0.01068	0.02532	0.70005	0.01420	0.02141	0.01167	0.01811	0.01652	0.01132	0.01732	0.01048	0.01226	0.00755	0.00522	0.00496	0.00165	0.00735	0.00408	0.09223	0.00762
19	0.00720	0.00583	0.00647	0.00646	0.00815	0.00525	0.00499	0.00959	0.04989	0.01652	0.20000	0.04866	0.50772	0.01287	0.00641	0.00186	0.00299	0.08906	0.00520	0.00488
20	0.00913	0.00687	0.00822	0.00827	0.00952	0.00711	0.00602	0.07005	0.13345	0.01752	0.12822	0.35799	0.04315	0.09663	0.02865	0.00250	0.00404	0.05225	0.00498	0.00542

[dist]
# distance from previous block
# <min> <max>
0	2

[block]
# block no. 8 follows, 45 sequences, length 11
# corresponding to MSA columns:
# 320-323,325-331
name=unknown_I
#
# <colnr> <probs for GDERKNQSTAVLIFYWHMCP>
#	G	D	E	R	K	N	Q	S	T	A	V	L	I	F	Y	W	H	M	C	P
0	0.01798	0.01824	0.20912	0.01309	0.01830	0.01560	0.01262	0.57311	0.02174	0.02960	0.01207	0.01250	0.00854	0.00611	0.00530	0.00163	0.00642	0.00461	0.00459	0.00883
1	0.00765	0.00517	0.00587	0.00597	0.00606	0.00511	0.00342	0.00778	0.00817	0.01083	0.01936	0.09682	0.05002	0.71773	0.02489	0.00483	0.00494	0.00853	0.00346	0.00339
2	0.01736	0.01235	0.01369	0.01081	0.01434	0.01332	0.00880	0.53654	0.02224	0.06624	0.20496	0.01999	0.01977	0.00759	0.00561	0.00163	0.00499	0.00609	0.00557	0.00811
3	0.01265	0.01653	0.21337	0.02851	0.58808	0.01268	0.01732	0.01661	0.01200	0.01740	0.00998	0.01279	0.00807	0.00486	0.00526	0.00162	0.00677	0.00458	0.00256	0.00836
4	0.01169	0.01004	0.01138	0.00870	0.01303	0.00871	0.00690	0.01729	0.20152	0.01874	0.01264	0.01337	0.01007	0.00481	0.00435	0.00105	0.00404	0.00391	0.00375	0.63400
5	0.05150	0.06028	0.20721	0.01096	0.01606	0.01020	0.01095	0.04259	0.01412	0.49622	0.01674	0.01546	0.01089	0.00607	0.00513	0.00164	0.00550	0.00478	0.00513	0.00858
6	0.01272	0.04378	0.01676	0.01388	0.01434	0.09806	0.01150	0.01394	0.00906	0.01293	0.00719	0.01141	0.00703	0.00881	0.01573	0.00220	0.68784	0.00450	0.00239	0.00595
7	0.00714	0.00549	0.00600	0.00593	0.00713	0.00489	0.00404	0.00813	0.01075	0.01365	0.08177	0.10238	0.38959	0.27667	0.01320	0.00291	0.00362	0.01000	0.00439	0.04233
8	0.00784	0.00650	0.00874	0.00900	0.00934	0.00741	0.00662	0.00886	0.00989	0.01356	0.02556	0.55739	0.07752	0.01474	0.00952	0.00220	0.20389	0.01234	0.00432	0.00475
9	0.01744	0.01232	0.01399	0.01124	0.01468	0.01359	0.00918	0.52450	0.02043	0.07610	0.01379	0.01529	0.01047	0.01496	0.20272	0.00338	0.00795	0.00510	0.00482	0.00804
10	0.02579	0.00796	0.00912	0.04004	0.01094	0.00855	0.00627	0.03596	0.24949	0.06187	0.08345	0.08863	0.03419	0.28634	0.01320	0.00300	0.00451	0.02025	0.00459	0.00585

[dist]
# distance from previous block
# <min> <max>
0	3

[block]
# block no. 9 follows, 45 sequences, length 8
# corresponding to MSA columns:
# 335-342
name=unknown_J
#
# <colnr> <probs for GDERKNQSTAVLIFYWHMCP>
#	G	D	E	R	K	N	Q	S	T	A	V	L	I	F	Y	W	H	M	C	P
0	0.00948	0.00683	0.00937	0.01137	0.13722	0.00636	0.00704	0.01114	0.01185	0.08268	0.07974	0.23747	0.22858	0.07527	0.00795	0.00216	0.00394	0.06136	0.00466	0.00552
1	0.53828	0.00939	0.00805	0.00709	0.01002	0.01052	0.00576	0.07825	0.01127	0.05392	0.01097	0.01225	0.00836	0.00549	0.00368	0.00155	0.00391	0.00369	0.21153	0.00602
2	0.00910	0.00751	0.00939	0.00918	0.01054	0.04100	0.00709	0.01317	0.13617	0.01422	0.01605	0.05546	0.01462	0.03222	0.59044	0.00689	0.01198	0.00613	0.00340	0.00545
3	0.01113	0.00954	0.01113	0.00795	0.01272	0.00716	0.00636	0.01352	0.01113	0.01749	0.00954	0.01113	0.00795	0.00398	0.00398	0.00080	0.00398	0.00318	0.00318	0.84417
4	0.00860	0.00690	0.01070	0.01253	0.13810	0.00758	0.00820	0.01079	0.00981	0.01411	0.08073	0.02146	0.01588	0.03174	0.58956	0.00684	0.01199	0.00594	0.00311	0.00544
5	0.01051	0.00714	0.01025	0.01147	0.13762	0.00669	0.00731	0.01310	0.01472	0.11143	0.55711	0.03301	0.03914	0.00942	0.00605	0.00167	0.00342	0.00837	0.00545	0.00613
6	0.01011	0.00954	0.01653	0.17062	0.07639	0.00968	0.20558	0.04187	0.01214	0.01591	0.02234	0.09655	0.16019	0.02793	0.03994	0.00223	0.00642	0.06645	0.00358	0.00600
7	0.00767	0.00512	0.00660	0.00716	0.00757	0.00495	0.00476	0.02966	0.01001	0.01335	0.05597	0.46214	0.05132	0.15385	0.01268	0.14360	0.00378	0.01153	0.00429	0.00400

[dist]
# distance from previous block
# <min> <max>
0	4

[block]
# block no. 10 follows, 45 sequences, length 13
# corresponding to MSA columns:
# 347-359
name=unknown_K
#
# <colnr> <probs for GDERKNQSTAVLIFYWHMCP>
#	G	D	E	R	K	N	Q	S	T	A	V	L	I	F	Y	W	H	M	C	P
0	0.01040	0.00723	0.00796	0.00719	0.00807	0.00756	0.00468	0.16251	0.01139	0.01523	0.01609	0.03055	0.01738	0.64580	0.02281	0.00447	0.00535	0.00719	0.00369	0.00446
1	0.02048	0.00822	0.01118	0.00912	0.01249	0.00716	0.00729	0.02232	0.01432	0.62365	0.02291	0.18067	0.01786	0.00874	0.00570	0.00177	0.00427	0.00743	0.00630	0.00815
2	0.01244	0.01292	0.01832	0.14440	0.10647	0.08011	0.08262	0.01457	0.01009	0.01399	0.00826	0.01242	0.00732	0.00743	0.01209	0.00204	0.44091	0.00477	0.00246	0.00634
3	0.01216	0.04460	0.13718	0.03763	0.02497	0.01380	0.50343	0.01634	0.01179	0.01634	0.01047	0.02998	0.00832	0.00546	0.00738	0.00184	0.10277	0.00582	0.00263	0.00708
4	0.01916	0.17949	0.01858	0.01170	0.01606	0.01759	0.00999	0.60696	0.02229	0.02947	0.01177	0.01201	0.00867	0.00606	0.00497	0.00152	0.00587	0.00443	0.00474	0.00867
5	0.31750	0.01067	0.01082	0.00924	0.01256	0.01167	0.00746	0.14033	0.17165	0.15468	0.02989	0.05590	0.01286	0.00696	0.00480	0.00173	0.00447	0.02458	0.00485	0.00737
6	0.03548	0.07105	0.04756	0.02989	0.10969	0.22695	0.06797	0.08280	0.16952	0.05702	0.01331	0.04215	0.01066	0.00617	0.00518	0.00160	0.00678	0.00501	0.00375	0.00747
7	0.02103	0.00944	0.01212	0.00969	0.01346	0.00887	0.00787	0.02583	0.17019	0.58656	0.05988	0.01975	0.01584	0.00700	0.00546	0.00170	0.00440	0.00576	0.00636	0.00880
8	0.18076	0.00653	0.00742	0.00752	0.00908	0.00664	0.00591	0.01101	0.01238	0.01926	0.30617	0.13615	0.06713	0.03081	0.00653	0.00201	0.00355	0.17117	0.00494	0.00503
9	0.00970	0.00926	0.05146	0.08809	0.10713	0.00805	0.05541	0.02535	0.01173	0.01642	0.07166	0.24728	0.03730	0.00946	0.00577	0.00171	0.00481	0.05726	0.00387	0.17828
10	0.01158	0.01206	0.06018	0.13177	0.41996	0.04262	0.03736	0.01449	0.01170	0.01600	0.01395	0.17664	0.01370	0.00738	0.00564	0.00175	0.00612	0.00689	0.00308	0.00713
11	0.18396	0.01033	0.01308	0.01142	0.01241	0.01344	0.00936	0.01353	0.00885	0.05409	0.00947	0.03181	0.00886	0.04019	0.09226	0.00290	0.47052	0.00483	0.00291	0.00579
12	0.01018	0.00748	0.00883	0.00819	0.00992	0.00754	0.00617	0.18705	0.01571	0.02125	0.28517	0.28355	0.10363	0.01204	0.00627	0.00184	0.00354	0.01050	0.00539	0.00575

[dist]
# distance from previous block
# <min> <max>
0	23

# created by:
# /st0/software/busco_prod/Augustus/scripts/msa2prfl.pl ./align_prep/173609.fa
