[name]
unknown

[dist]
# distance from previous block
# <min> <max>
0	83

[block]
# block no. 0 follows, 38 sequences, length 35
# corresponding to MSA columns:
# 83-104,107-119
name=unknown_A
#
# <colnr> <probs for GDERKNQSTAVLIFYWHMCP>
#	G	D	E	R	K	N	Q	S	T	A	V	L	I	F	Y	W	H	M	C	P
0	0.20829	0.14097	0.12605	0.01145	0.01616	0.03183	0.01085	0.16501	0.03495	0.04276	0.05092	0.03412	0.01307	0.00714	0.00520	0.00177	0.00604	0.04030	0.00425	0.04886
1	0.20648	0.06721	0.19439	0.03437	0.03211	0.05981	0.01165	0.01860	0.02991	0.11107	0.08329	0.09517	0.01647	0.00791	0.00550	0.00188	0.00612	0.00625	0.00425	0.00755
2	0.01439	0.06057	0.23254	0.03463	0.09338	0.01280	0.02999	0.04036	0.07897	0.08324	0.03510	0.03137	0.01192	0.00642	0.00607	0.00169	0.03420	0.00522	0.00385	0.18328
3	0.15454	0.02032	0.01566	0.08763	0.06927	0.39610	0.01132	0.04011	0.05409	0.03996	0.01113	0.01309	0.00890	0.00815	0.04345	0.00211	0.00895	0.00441	0.00353	0.00728
4	0.01045	0.00522	0.00784	0.00784	0.00784	0.00522	0.00522	0.00784	0.00784	0.01045	0.01045	0.01829	0.01045	0.02090	0.02351	0.82497	0.00522	0.00522	0.00261	0.00261
5	0.06493	0.01582	0.01700	0.04584	0.01888	0.01769	0.01116	0.57462	0.11556	0.03477	0.01521	0.01526	0.01095	0.00720	0.00591	0.00185	0.00634	0.00547	0.00576	0.00979
6	0.01279	0.08378	0.58782	0.01563	0.02338	0.01450	0.01920	0.05523	0.05114	0.01982	0.01421	0.01551	0.04824	0.00639	0.00569	0.00187	0.00807	0.00497	0.00307	0.00870
7	0.01677	0.01599	0.16450	0.19634	0.13151	0.01314	0.05153	0.06743	0.07090	0.18917	0.01518	0.01663	0.01074	0.00638	0.00602	0.00191	0.00716	0.00554	0.00429	0.00887
8	0.00851	0.00615	0.00804	0.00757	0.00899	0.00568	0.00568	0.01135	0.01703	0.02412	0.74788	0.04494	0.05676	0.01230	0.00710	0.00189	0.00284	0.01088	0.00662	0.00568
9	0.01271	0.10237	0.61980	0.01833	0.09245	0.01494	0.02073	0.01890	0.01275	0.01864	0.01061	0.01261	0.00781	0.00563	0.00556	0.00183	0.00849	0.00441	0.00258	0.00884
10	0.01647	0.67933	0.06927	0.01115	0.01631	0.09298	0.01106	0.01863	0.01270	0.01447	0.00858	0.00993	0.00772	0.00528	0.00411	0.00134	0.00698	0.00334	0.00262	0.00771
11	0.00733	0.00524	0.00698	0.00838	0.00873	0.00489	0.00558	0.00838	0.01152	0.01536	0.03316	0.78466	0.03979	0.01885	0.00768	0.00244	0.00349	0.01710	0.00558	0.00489
12	0.00840	0.00606	0.00794	0.00765	0.00896	0.00560	0.00567	0.01107	0.01650	0.02329	0.67954	0.11567	0.05514	0.01292	0.00715	0.00194	0.00290	0.01147	0.00652	0.00560
13	0.01757	0.48865	0.07696	0.01112	0.01619	0.01927	0.01078	0.05459	0.08059	0.13443	0.02974	0.01379	0.01107	0.00609	0.00472	0.00153	0.00617	0.00436	0.00392	0.00844
14	0.08903	0.01308	0.08603	0.08890	0.03944	0.01112	0.02508	0.07443	0.01631	0.46647	0.01872	0.01775	0.01224	0.00687	0.00584	0.00188	0.00599	0.00555	0.00589	0.00939
15	0.83108	0.01163	0.00884	0.00791	0.01163	0.01350	0.00651	0.01768	0.01024	0.02699	0.00838	0.00977	0.00651	0.00558	0.00372	0.00186	0.00465	0.00326	0.00372	0.00651
16	0.01589	0.66000	0.12182	0.01140	0.01692	0.05826	0.01185	0.01843	0.01252	0.01479	0.00871	0.01009	0.00771	0.00527	0.00417	0.00138	0.00695	0.00340	0.00259	0.00783
17	0.01049	0.00890	0.04757	0.00867	0.01112	0.00787	0.00704	0.01572	0.15210	0.05855	0.32201	0.04100	0.22789	0.04492	0.00780	0.00212	0.00381	0.00992	0.00595	0.00655
18	0.01712	0.42996	0.10542	0.01261	0.01777	0.09614	0.04528	0.04003	0.09188	0.07420	0.01199	0.01275	0.00954	0.00587	0.00484	0.00155	0.00705	0.00426	0.00350	0.00824
19	0.43704	0.05209	0.05876	0.03149	0.03328	0.01324	0.00918	0.07039	0.01365	0.21043	0.01297	0.01328	0.00914	0.00616	0.00472	0.00183	0.00541	0.00430	0.00465	0.00800
20	0.02699	0.01024	0.01396	0.01070	0.01536	0.00884	0.00884	0.02932	0.01722	0.75522	0.02373	0.02048	0.01489	0.00745	0.00605	0.00186	0.00512	0.00605	0.00745	0.01024
21	0.00728	0.00610	0.00634	0.00628	0.00823	0.00515	0.00471	0.00897	0.01412	0.01723	0.14626	0.05629	0.66269	0.01487	0.00711	0.00201	0.00302	0.01247	0.00571	0.00515
22	0.02119	0.01572	0.01745	0.01562	0.09488	0.05417	0.01145	0.50323	0.02384	0.09479	0.01572	0.05420	0.01224	0.02904	0.00674	0.00194	0.00658	0.00607	0.00558	0.00954
23	0.00781	0.00559	0.00723	0.00797	0.00854	0.00536	0.00539	0.00904	0.01176	0.01588	0.12812	0.47084	0.06754	0.14590	0.07087	0.00347	0.00476	0.01386	0.00522	0.00484
24	0.00733	0.00524	0.00698	0.00838	0.00873	0.00489	0.00558	0.00838	0.01152	0.01536	0.03316	0.78466	0.03979	0.01885	0.00768	0.00244	0.00349	0.01710	0.00558	0.00489
25	0.01236	0.04706	0.68255	0.01824	0.06277	0.01425	0.04253	0.01900	0.01278	0.01898	0.01081	0.01285	0.00776	0.00567	0.00573	0.00189	0.00878	0.00454	0.00258	0.00887
26	0.06142	0.01629	0.05943	0.01518	0.08499	0.05088	0.01171	0.40107	0.08702	0.05133	0.01542	0.05629	0.01211	0.00743	0.00588	0.00182	0.00642	0.00587	0.00520	0.04426
27	0.00859	0.00636	0.00827	0.00847	0.00958	0.00621	0.00624	0.01144	0.04958	0.02053	0.40389	0.30312	0.04656	0.01461	0.00761	0.00216	0.02067	0.05444	0.00608	0.00560
28	0.00853	0.00736	0.03925	0.00778	0.00969	0.00614	0.00623	0.01162	0.03475	0.02225	0.55138	0.04577	0.20168	0.01254	0.00702	0.00193	0.00319	0.01089	0.00622	0.00578
29	0.01892	0.01561	0.09109	0.01347	0.01804	0.01483	0.04232	0.34343	0.15631	0.11692	0.01878	0.09091	0.01485	0.00830	0.00622	0.00194	0.00617	0.00685	0.00569	0.00936
30	0.03395	0.07912	0.02188	0.07994	0.35332	0.17119	0.03349	0.08755	0.04688	0.01999	0.01144	0.01393	0.00928	0.00586	0.00568	0.00173	0.00780	0.00495	0.00339	0.00861
31	0.00812	0.00617	0.00867	0.00926	0.01000	0.00592	0.04195	0.00999	0.04342	0.01569	0.03060	0.65370	0.03589	0.07852	0.00939	0.00267	0.00407	0.01549	0.00533	0.00515
32	0.01567	0.02451	0.34537	0.01873	0.02545	0.11724	0.21722	0.12473	0.01601	0.02130	0.01151	0.01369	0.00844	0.00582	0.00611	0.00188	0.00917	0.00525	0.00327	0.00861
33	0.03415	0.01237	0.01300	0.01154	0.03328	0.06129	0.00880	0.15360	0.19629	0.08475	0.06135	0.06377	0.09915	0.02576	0.02087	0.00208	0.00547	0.02252	0.00546	0.08451
34	0.05016	0.01379	0.11017	0.15582	0.05312	0.01242	0.04275	0.14839	0.06709	0.06726	0.01909	0.12294	0.05046	0.05070	0.00753	0.00220	0.00640	0.00750	0.00447	0.00773

[dist]
# distance from previous block
# <min> <max>
1	18

[block]
# block no. 1 follows, 38 sequences, length 40
# corresponding to MSA columns:
# 138-177
name=unknown_B
#
# <colnr> <probs for GDERKNQSTAVLIFYWHMCP>
#	G	D	E	R	K	N	Q	S	T	A	V	L	I	F	Y	W	H	M	C	P
0	0.10134	0.11620	0.10916	0.01302	0.01792	0.06414	0.05477	0.18722	0.06430	0.13483	0.03362	0.03534	0.01217	0.00688	0.00555	0.00178	0.00660	0.00539	0.00472	0.02506
1	0.07023	0.07472	0.05303	0.01092	0.01447	0.01295	0.00919	0.23868	0.03433	0.10849	0.08713	0.10324	0.01912	0.08807	0.00872	0.00226	0.02224	0.00723	0.00521	0.02977
2	0.10066	0.27018	0.04242	0.01353	0.01776	0.15541	0.13953	0.01804	0.01361	0.01765	0.06969	0.07204	0.01416	0.00697	0.00533	0.00167	0.00726	0.00573	0.00344	0.02493
3	0.05113	0.00655	0.00857	0.01013	0.05435	0.00615	0.00654	0.01001	0.01166	0.01656	0.02877	0.63677	0.03379	0.01620	0.00711	0.00225	0.00385	0.01460	0.00517	0.06985
4	0.10806	0.05265	0.05989	0.21875	0.08611	0.01442	0.29389	0.01770	0.01287	0.01893	0.01094	0.01463	0.00841	0.00540	0.00596	0.00188	0.00816	0.00555	0.00300	0.05280
5	0.00733	0.00524	0.00698	0.00838	0.00873	0.00489	0.00558	0.00838	0.01152	0.01536	0.03316	0.78466	0.03979	0.01885	0.00768	0.00244	0.00349	0.01710	0.00558	0.00489
6	0.02559	0.01149	0.01464	0.01125	0.01592	0.01070	0.00927	0.15359	0.03551	0.59146	0.02175	0.01923	0.01398	0.00734	0.00600	0.00183	0.00536	0.00589	0.00706	0.03215
7	0.02050	0.01342	0.01509	0.01224	0.01638	0.01443	0.00989	0.29407	0.26217	0.20481	0.05674	0.02008	0.01639	0.00784	0.00611	0.00190	0.00545	0.00630	0.00642	0.00977
8	0.02467	0.00969	0.01318	0.01036	0.01457	0.00841	0.00845	0.02697	0.01691	0.66553	0.07487	0.06202	0.01912	0.00838	0.00621	0.00189	0.00487	0.00696	0.00729	0.00964
9	0.00758	0.00538	0.00708	0.00834	0.00871	0.00508	0.00561	0.00862	0.01137	0.01514	0.03174	0.67802	0.03783	0.09180	0.00989	0.00278	0.00382	0.05103	0.00540	0.00480
10	0.14753	0.03088	0.01391	0.01236	0.04695	0.05087	0.00925	0.21858	0.19348	0.04105	0.01823	0.11655	0.01593	0.04925	0.00709	0.00214	0.00560	0.00698	0.00517	0.00818
11	0.01473	0.52873	0.12426	0.01220	0.01740	0.04101	0.06443	0.01755	0.01281	0.01583	0.05322	0.05073	0.01224	0.00634	0.00476	0.00152	0.00680	0.00481	0.00300	0.00762
12	0.00733	0.00524	0.00698	0.00838	0.00873	0.00489	0.00558	0.00838	0.01152	0.01536	0.03316	0.78466	0.03979	0.01885	0.00768	0.00244	0.00349	0.01710	0.00558	0.00489
13	0.09825	0.01182	0.01440	0.01114	0.01575	0.01142	0.00920	0.18279	0.01903	0.53191	0.02031	0.01819	0.01311	0.00723	0.00583	0.00185	0.00541	0.00566	0.00680	0.00990
14	0.14885	0.23959	0.05217	0.10970	0.15603	0.11015	0.01262	0.03823	0.01344	0.05358	0.01031	0.01235	0.00831	0.00568	0.00493	0.00166	0.00707	0.00421	0.00324	0.00788
15	0.00767	0.00567	0.00759	0.00870	0.00908	0.00559	0.00596	0.00881	0.01166	0.01571	0.06462	0.71287	0.03900	0.01814	0.00824	0.00243	0.04152	0.01624	0.00549	0.00501
16	0.00985	0.00836	0.01283	0.01176	0.01286	0.01022	0.04504	0.01196	0.00980	0.01434	0.01417	0.02104	0.01323	0.03576	0.56854	0.00779	0.17737	0.00623	0.00309	0.00577
17	0.06409	0.01538	0.01685	0.01297	0.01770	0.01661	0.01072	0.56736	0.02536	0.16813	0.01583	0.01531	0.01089	0.00718	0.00591	0.00182	0.00625	0.00542	0.00616	0.01005
18	0.02064	0.01555	0.01663	0.01317	0.01748	0.01731	0.01068	0.56027	0.16503	0.03416	0.01661	0.01722	0.01238	0.04582	0.00725	0.00205	0.00622	0.00585	0.00592	0.00977
19	0.01376	0.01440	0.03782	0.22988	0.32317	0.05217	0.16537	0.01763	0.01351	0.01800	0.01358	0.01728	0.04416	0.00600	0.00623	0.00190	0.00803	0.00598	0.00303	0.00811
20	0.72963	0.05116	0.01068	0.00855	0.01223	0.01439	0.00714	0.04054	0.01088	0.02617	0.00855	0.01006	0.00675	0.00582	0.00448	0.00186	0.03730	0.00341	0.00369	0.00670
21	0.00941	0.04154	0.00888	0.00852	0.00928	0.04137	0.00586	0.02915	0.01145	0.01482	0.02558	0.40788	0.02970	0.26045	0.03037	0.00357	0.00514	0.04744	0.00469	0.00490
22	0.02195	0.01639	0.01754	0.01365	0.01830	0.01823	0.01121	0.64956	0.11122	0.03643	0.01561	0.01538	0.01118	0.00733	0.00603	0.00183	0.00640	0.00558	0.00603	0.01015
23	0.00752	0.00548	0.00711	0.00836	0.00888	0.00516	0.00564	0.00901	0.03069	0.01566	0.03433	0.72814	0.07491	0.01839	0.00761	0.00241	0.00350	0.01661	0.00560	0.00502
24	0.01498	0.01396	0.02454	0.11103	0.56447	0.01406	0.09740	0.01871	0.01374	0.05152	0.01189	0.01540	0.00956	0.00549	0.00609	0.00184	0.00748	0.00558	0.00315	0.00911
25	0.02479	0.01230	0.01515	0.01172	0.01627	0.01210	0.00966	0.26550	0.02062	0.48033	0.02026	0.01858	0.01332	0.00903	0.03941	0.00219	0.00611	0.00585	0.00678	0.01002
26	0.01608	0.79220	0.03152	0.01029	0.01544	0.02380	0.01029	0.01801	0.01222	0.01415	0.00836	0.00965	0.00772	0.00515	0.00386	0.00129	0.00643	0.00322	0.00257	0.00772
27	0.01409	0.10083	0.35014	0.01810	0.06004	0.01584	0.13675	0.05067	0.05161	0.03735	0.01167	0.01393	0.00887	0.00633	0.00744	0.00194	0.09763	0.00511	0.00312	0.00853
28	0.00993	0.00656	0.00803	0.00847	0.00970	0.00631	0.00597	0.01275	0.08449	0.07752	0.03344	0.48983	0.11622	0.05373	0.00829	0.00243	0.00378	0.01372	0.04305	0.00578
29	0.01091	0.00963	0.01647	0.41105	0.02869	0.01077	0.10120	0.01397	0.01209	0.03542	0.01760	0.21706	0.01750	0.06135	0.00822	0.00237	0.00688	0.00886	0.00367	0.00629
30	0.02106	0.01532	0.01611	0.01288	0.01712	0.04899	0.01041	0.45062	0.16179	0.11399	0.01819	0.01810	0.02618	0.03270	0.00683	0.00198	0.00619	0.00593	0.00599	0.00965
31	0.01220	0.01213	0.05520	0.61906	0.09549	0.01348	0.01650	0.04851	0.01296	0.01714	0.01119	0.01590	0.00845	0.00603	0.00594	0.00195	0.00777	0.00531	0.02762	0.00715
32	0.04525	0.01197	0.01489	0.01144	0.01612	0.01148	0.00945	0.20963	0.01990	0.55311	0.02097	0.01867	0.01349	0.00734	0.00599	0.00185	0.00549	0.00582	0.00699	0.01015
33	0.01334	0.00980	0.01083	0.00961	0.01182	0.01021	0.00715	0.27543	0.01747	0.02303	0.02781	0.21395	0.14446	0.18295	0.01201	0.00288	0.00509	0.01021	0.00532	0.00662
34	0.01195	0.00707	0.00963	0.00938	0.01107	0.00659	0.02706	0.01443	0.05142	0.16339	0.11815	0.46709	0.04898	0.01477	0.00718	0.00222	0.00398	0.01325	0.00603	0.00638
35	0.00754	0.00609	0.00713	0.00756	0.00878	0.00568	0.00545	0.00888	0.01264	0.01596	0.06133	0.35787	0.40156	0.01644	0.00798	0.00223	0.04221	0.01412	0.00546	0.00509
36	0.01412	0.01385	0.02304	0.23592	0.49863	0.03678	0.05483	0.01783	0.01337	0.01832	0.01113	0.01515	0.00904	0.00555	0.00602	0.00185	0.00765	0.00540	0.00290	0.00860
37	0.01458	0.03652	0.05976	0.04005	0.06037	0.01373	0.35634	0.06442	0.01464	0.07588	0.05184	0.09653	0.01499	0.00764	0.00768	0.00204	0.06351	0.00763	0.00394	0.00790
38	0.01278	0.01232	0.01987	0.37693	0.06679	0.05068	0.13913	0.01625	0.01278	0.03763	0.03217	0.08364	0.01254	0.00745	0.00734	0.00202	0.06630	0.00671	0.00329	0.03337
39	0.05814	0.01155	0.01647	0.04746	0.01798	0.01133	0.08099	0.08251	0.01645	0.44064	0.04932	0.01904	0.01424	0.00741	0.00718	0.00191	0.06996	0.00600	0.00595	0.03546

[dist]
# distance from previous block
# <min> <max>
28	59

[block]
# block no. 2 follows, 38 sequences, length 10
# corresponding to MSA columns:
# 242-251
name=unknown_C
#
# <colnr> <probs for GDERKNQSTAVLIFYWHMCP>
#	G	D	E	R	K	N	Q	S	T	A	V	L	I	F	Y	W	H	M	C	P
0	0.04880	0.18944	0.04210	0.01373	0.01860	0.01662	0.12092	0.24730	0.04342	0.11383	0.01444	0.03423	0.01103	0.00661	0.00556	0.00172	0.00661	0.00546	0.03150	0.02811
1	0.06034	0.20829	0.09916	0.01258	0.01790	0.01821	0.01167	0.37930	0.02034	0.02786	0.01191	0.01266	0.00903	0.00622	0.00520	0.00161	0.00652	0.00450	0.00446	0.08224
2	0.07182	0.40069	0.23544	0.01216	0.01821	0.01798	0.01324	0.02003	0.01299	0.13051	0.01143	0.01220	0.00871	0.00569	0.00472	0.00159	0.00682	0.00401	0.00339	0.00836
3	0.01653	0.56052	0.13657	0.01185	0.01750	0.02156	0.01223	0.12793	0.01477	0.01853	0.00966	0.01084	0.00809	0.00555	0.00447	0.00146	0.00682	0.00374	0.00310	0.00828
4	0.06441	0.62932	0.02798	0.01096	0.01571	0.13722	0.01028	0.01892	0.01285	0.01499	0.00851	0.00984	0.00765	0.00533	0.00409	0.00136	0.00701	0.00332	0.00272	0.00754
5	0.01045	0.00522	0.00784	0.00784	0.00784	0.00522	0.00522	0.00784	0.00784	0.01045	0.01045	0.01829	0.01045	0.02090	0.02351	0.82497	0.00522	0.00522	0.00261	0.00261
6	0.01207	0.03112	0.75741	0.01715	0.02604	0.01397	0.02223	0.01905	0.01270	0.01905	0.01080	0.01270	0.00762	0.00572	0.00572	0.00191	0.00889	0.00445	0.00254	0.00889
7	0.02699	0.01024	0.01396	0.01070	0.01536	0.00884	0.00884	0.02932	0.01722	0.75522	0.02373	0.02048	0.01489	0.00745	0.00605	0.00186	0.00512	0.00605	0.00745	0.01024
8	0.01131	0.00686	0.00809	0.00766	0.00994	0.00594	0.00590	0.01309	0.01434	0.16337	0.08838	0.13889	0.43492	0.01404	0.00704	0.00208	0.00364	0.05235	0.00601	0.00614
9	0.02334	0.01025	0.01333	0.01063	0.01478	0.00948	0.00864	0.02798	0.12850	0.57163	0.09438	0.02316	0.01950	0.00803	0.00616	0.00189	0.00484	0.00664	0.00716	0.00968

[dist]
# distance from previous block
# <min> <max>
0	6

[block]
# block no. 3 follows, 38 sequences, length 9
# corresponding to MSA columns:
# 258-266
name=unknown_D
#
# <colnr> <probs for GDERKNQSTAVLIFYWHMCP>
#	G	D	E	R	K	N	Q	S	T	A	V	L	I	F	Y	W	H	M	C	P
0	0.01647	0.61754	0.02789	0.01055	0.01568	0.02148	0.01008	0.09957	0.01410	0.01748	0.00932	0.01051	0.00814	0.00531	0.00417	0.00130	0.00624	0.00351	0.00308	0.09760
1	0.01279	0.01378	0.10281	0.41423	0.03122	0.01349	0.06937	0.07850	0.09355	0.01944	0.03183	0.05031	0.01210	0.00698	0.00614	0.00199	0.00738	0.00619	0.02039	0.00753
2	0.31328	0.02816	0.10973	0.01007	0.01399	0.01096	0.00910	0.03444	0.02722	0.16430	0.01774	0.18653	0.01615	0.00899	0.00544	0.00197	0.00512	0.00719	0.00478	0.02482
3	0.01546	0.06067	0.01363	0.00987	0.01411	0.00999	0.00803	0.10712	0.01526	0.14155	0.01885	0.10345	0.04468	0.00805	0.00556	0.00151	0.00486	0.04639	0.00486	0.36606
4	0.01749	0.12437	0.07374	0.01230	0.01625	0.08331	0.01071	0.19474	0.10064	0.10315	0.01966	0.08371	0.06816	0.00865	0.00674	0.00187	0.05464	0.00665	0.00489	0.00833
5	0.01434	0.11628	0.24655	0.07399	0.07993	0.01506	0.05094	0.13705	0.07302	0.02142	0.01486	0.10263	0.01287	0.00756	0.00590	0.00189	0.00711	0.00637	0.00383	0.00840
6	0.08313	0.07322	0.07602	0.01297	0.09794	0.01061	0.00963	0.06838	0.01353	0.01998	0.05536	0.27229	0.02141	0.01024	0.00595	0.00183	0.00507	0.00883	0.00436	0.14925
7	0.01412	0.01459	0.05435	0.01138	0.01400	0.17897	0.00902	0.11680	0.09422	0.02038	0.08592	0.24135	0.07873	0.02950	0.00710	0.00208	0.00599	0.00960	0.00502	0.00689
8	0.01578	0.01035	0.01253	0.05937	0.01533	0.01019	0.00854	0.20312	0.01724	0.14915	0.02404	0.23456	0.07523	0.01065	0.00635	0.00189	0.00499	0.00908	0.00554	0.12607

[dist]
# distance from previous block
# <min> <max>
16	44

[block]
# block no. 4 follows, 38 sequences, length 15
# corresponding to MSA columns:
# 323-337
name=unknown_E
#
# <colnr> <probs for GDERKNQSTAVLIFYWHMCP>
#	G	D	E	R	K	N	Q	S	T	A	V	L	I	F	Y	W	H	M	C	P
0	0.27652	0.01164	0.01235	0.01164	0.06263	0.01246	0.00858	0.05692	0.21457	0.12142	0.05202	0.01957	0.05308	0.00736	0.00533	0.00186	0.00483	0.00572	0.00516	0.05635
1	0.01214	0.01066	0.01379	0.04712	0.01625	0.00868	0.05554	0.01531	0.03310	0.01918	0.01402	0.06005	0.03331	0.00585	0.00502	0.00118	0.00492	0.00505	0.00374	0.63508
2	0.01496	0.01467	0.02359	0.09300	0.66270	0.04846	0.01801	0.01848	0.01372	0.01910	0.01118	0.01479	0.00933	0.00545	0.00594	0.00179	0.00738	0.00529	0.00296	0.00919
3	0.01171	0.01137	0.02017	0.68305	0.04022	0.01359	0.10337	0.01584	0.01229	0.01584	0.01087	0.01606	0.00815	0.00590	0.00615	0.00201	0.00828	0.00556	0.00272	0.00686
4	0.01154	0.01087	0.01836	0.73728	0.07690	0.01341	0.01679	0.01552	0.01211	0.01558	0.01072	0.01598	0.00809	0.00598	0.00601	0.00199	0.00798	0.00535	0.00269	0.00682
5	0.83108	0.01163	0.00884	0.00791	0.01163	0.01350	0.00651	0.01768	0.01024	0.02699	0.00838	0.00977	0.00651	0.00558	0.00372	0.00186	0.00465	0.00326	0.00372	0.00651
6	0.01136	0.01069	0.01804	0.77412	0.04143	0.01337	0.01671	0.01537	0.01203	0.01537	0.01069	0.01604	0.00802	0.00601	0.00601	0.00200	0.00802	0.00535	0.00267	0.00668
7	0.83108	0.01163	0.00884	0.00791	0.01163	0.01350	0.00651	0.01768	0.01024	0.02699	0.00838	0.00977	0.00651	0.00558	0.00372	0.00186	0.00465	0.00326	0.00372	0.00651
8	0.01908	0.01438	0.01516	0.01268	0.01666	0.04015	0.01012	0.25243	0.40882	0.11208	0.02072	0.01931	0.01505	0.00772	0.00606	0.00193	0.00559	0.00618	0.00614	0.00974
9	0.00875	0.00583	0.00656	0.00656	0.00656	0.00583	0.00365	0.00875	0.00875	0.01166	0.01895	0.03937	0.02187	0.78858	0.03062	0.00583	0.00583	0.00875	0.00365	0.00365
10	0.01574	0.01138	0.01286	0.01146	0.01440	0.01232	0.00895	0.22459	0.23847	0.08127	0.02436	0.23165	0.02260	0.01127	0.00664	0.00211	0.00502	0.05064	0.00601	0.00827
11	0.00859	0.00645	0.00967	0.00967	0.01074	0.00752	0.00752	0.01074	0.00967	0.01396	0.01611	0.02363	0.01504	0.04512	0.76474	0.00967	0.01611	0.00645	0.00322	0.00537
12	0.11505	0.11511	0.05388	0.09063	0.20458	0.15534	0.12607	0.01907	0.01360	0.01841	0.01077	0.01437	0.00893	0.00582	0.00555	0.00178	0.00803	0.02208	0.00307	0.00785
13	0.11428	0.01409	0.02283	0.06274	0.50309	0.01446	0.09065	0.04939	0.03390	0.02126	0.01152	0.01465	0.00933	0.00554	0.00581	0.00184	0.00711	0.00533	0.00328	0.00892
14	0.06342	0.16034	0.04259	0.01550	0.02003	0.14216	0.16023	0.16404	0.03496	0.07055	0.01200	0.01355	0.00921	0.00635	0.00654	0.00178	0.05949	0.00503	0.00393	0.00828

[dist]
# distance from previous block
# <min> <max>
1	2

[block]
# block no. 5 follows, 38 sequences, length 8
# corresponding to MSA columns:
# 343-349,351
name=unknown_F
#
# <colnr> <probs for GDERKNQSTAVLIFYWHMCP>
#	G	D	E	R	K	N	Q	S	T	A	V	L	I	F	Y	W	H	M	C	P
0	0.00806	0.00576	0.00782	0.00921	0.00988	0.00551	0.00685	0.00964	0.01224	0.01617	0.03275	0.56361	0.03819	0.01816	0.00787	0.00254	0.00412	0.23096	0.00557	0.00509
1	0.00859	0.00645	0.00967	0.00967	0.01074	0.00752	0.00752	0.01074	0.00967	0.01396	0.01611	0.02363	0.01504	0.04512	0.76474	0.00967	0.01611	0.00645	0.00322	0.00537
2	0.07722	0.01527	0.01607	0.01254	0.01691	0.01688	0.01031	0.60408	0.02534	0.03548	0.01459	0.01499	0.01054	0.00709	0.00566	0.00177	0.00607	0.00529	0.09443	0.00947
3	0.01542	0.66746	0.15050	0.01142	0.01718	0.02219	0.01225	0.01818	0.01230	0.01496	0.00876	0.01015	0.00770	0.00524	0.00416	0.00139	0.00684	0.00342	0.00257	0.00791
4	0.01425	0.01646	0.09003	0.18600	0.04989	0.04990	0.36678	0.06633	0.01432	0.01905	0.01153	0.01543	0.00877	0.00617	0.00746	0.02528	0.03540	0.00606	0.00310	0.00779
5	0.01183	0.11937	0.04515	0.06573	0.05737	0.01207	0.14598	0.01472	0.01278	0.01782	0.08672	0.16249	0.01995	0.02999	0.00761	0.00200	0.05492	0.00810	0.07385	0.05156
6	0.11283	0.19296	0.01626	0.03437	0.01405	0.05153	0.00831	0.17279	0.01507	0.02081	0.01597	0.04815	0.05237	0.17915	0.01069	0.00257	0.00604	0.00605	0.00404	0.03597
7	0.05494	0.23555	0.11414	0.01159	0.01620	0.06898	0.01090	0.16333	0.05534	0.05630	0.01607	0.03630	0.05117	0.00708	0.00517	0.00167	0.00628	0.00529	0.07561	0.00808

[dist]
# distance from previous block
# <min> <max>
18	36

[block]
# block no. 6 follows, 38 sequences, length 32
# corresponding to MSA columns:
# 389-420
name=unknown_G
#
# <colnr> <probs for GDERKNQSTAVLIFYWHMCP>
#	G	D	E	R	K	N	Q	S	T	A	V	L	I	F	Y	W	H	M	C	P
0	0.01679	0.01173	0.01362	0.03791	0.05073	0.04215	0.00935	0.24980	0.05746	0.11971	0.06949	0.19168	0.02091	0.01110	0.00773	0.06248	0.00550	0.00850	0.00552	0.00783
1	0.03656	0.10948	0.02372	0.10503	0.31638	0.10495	0.10837	0.05665	0.01441	0.01889	0.01174	0.04523	0.01008	0.00612	0.00581	0.00178	0.00775	0.00558	0.00321	0.00829
2	0.13062	0.00748	0.00952	0.00926	0.01049	0.00871	0.00707	0.01163	0.00963	0.01561	0.01531	0.04071	0.01496	0.14855	0.48179	0.00737	0.05608	0.00650	0.00338	0.00534
3	0.83108	0.01163	0.00884	0.00791	0.01163	0.01350	0.00651	0.01768	0.01024	0.02699	0.00838	0.00977	0.00651	0.00558	0.00372	0.00186	0.00465	0.00326	0.00372	0.00651
4	0.01617	0.01200	0.01313	0.01163	0.01509	0.01330	0.00913	0.02978	0.57492	0.13258	0.02669	0.02520	0.06144	0.00865	0.00621	0.00203	0.00473	0.02177	0.00627	0.00928
5	0.06189	0.07362	0.07339	0.30087	0.02720	0.08017	0.03707	0.14303	0.01501	0.02015	0.01064	0.01388	0.00827	0.00666	0.00738	0.00194	0.10295	0.00493	0.00335	0.00760
6	0.01316	0.01316	0.01843	0.01579	0.01579	0.01843	0.01316	0.01448	0.00921	0.01448	0.00790	0.01316	0.00790	0.01053	0.01974	0.00263	0.77757	0.00526	0.00263	0.00658
7	0.00937	0.00635	0.00826	0.00767	0.00927	0.00581	0.00579	0.01214	0.01693	0.05940	0.68990	0.04418	0.07768	0.01216	0.00704	0.00190	0.00296	0.01070	0.00663	0.00588
8	0.00740	0.00537	0.00699	0.00814	0.00870	0.00496	0.00551	0.00862	0.01210	0.01608	0.08863	0.67206	0.09708	0.01807	0.00759	0.00237	0.00341	0.01629	0.00566	0.00496
9	0.00838	0.00608	0.00790	0.00758	0.00894	0.00560	0.00563	0.01104	0.01651	0.02322	0.67233	0.09975	0.07869	0.01288	0.00714	0.00194	0.00289	0.01140	0.00651	0.00560
10	0.00733	0.00539	0.00688	0.00802	0.00864	0.00494	0.00544	0.00850	0.01199	0.01573	0.05702	0.65662	0.14520	0.01813	0.00758	0.00237	0.00341	0.01628	0.00561	0.00494
11	0.05274	0.10007	0.03952	0.01085	0.01481	0.01168	0.00931	0.09155	0.02973	0.35846	0.01825	0.01874	0.01314	0.01589	0.18391	0.00363	0.00810	0.00561	0.00542	0.00860
12	0.28824	0.48827	0.02313	0.00980	0.01435	0.06268	0.00911	0.01825	0.01184	0.01847	0.00842	0.00976	0.00732	0.00535	0.00390	0.00149	0.00609	0.00327	0.00299	0.00728
13	0.00875	0.00583	0.00656	0.00656	0.00656	0.00583	0.00365	0.00875	0.00875	0.01166	0.01895	0.03937	0.02187	0.78858	0.03062	0.00583	0.00583	0.00875	0.00365	0.00365
14	0.01786	0.01327	0.01489	0.01125	0.01611	0.01281	0.00914	0.34384	0.01995	0.06985	0.01407	0.04524	0.01111	0.00648	0.00539	0.00143	0.00545	0.00511	0.00499	0.37175
15	0.01247	0.01069	0.01247	0.00891	0.01426	0.00802	0.00713	0.01515	0.01247	0.01960	0.01069	0.01247	0.00891	0.00446	0.00446	0.00089	0.00446	0.00356	0.00356	0.82536
16	0.02046	0.01583	0.01775	0.01606	0.10194	0.03553	0.01173	0.54837	0.05572	0.03303	0.01576	0.07137	0.01261	0.00788	0.00612	0.00185	0.00648	0.00629	0.00557	0.00965
17	0.01277	0.01084	0.01162	0.01089	0.01361	0.01213	0.00829	0.02531	0.53388	0.02249	0.03012	0.15553	0.10537	0.01078	0.00650	0.00211	0.00435	0.00922	0.00597	0.00823
18	0.01264	0.01188	0.01947	0.50627	0.23776	0.01375	0.01662	0.01758	0.07149	0.01736	0.01198	0.01624	0.00928	0.00601	0.00601	0.00195	0.00751	0.00547	0.00304	0.00771
19	0.01496	0.01292	0.01360	0.01224	0.01564	0.01496	0.00952	0.03197	0.74019	0.02516	0.02448	0.02244	0.01836	0.00816	0.00612	0.00204	0.00476	0.00680	0.00612	0.00952
20	0.01448	0.01322	0.01426	0.01523	0.12353	0.08324	0.01032	0.02475	0.40477	0.03574	0.04952	0.02742	0.10483	0.00895	0.00629	0.00198	0.00546	0.04226	0.00532	0.00844
21	0.01454	0.51882	0.21571	0.01265	0.01856	0.01998	0.04410	0.01791	0.01228	0.01561	0.00960	0.01153	0.00818	0.00762	0.04876	0.00196	0.00778	0.00389	0.00262	0.00790
22	0.00733	0.00524	0.00698	0.00838	0.00873	0.00489	0.00558	0.00838	0.01152	0.01536	0.03316	0.78466	0.03979	0.01885	0.00768	0.00244	0.00349	0.01710	0.00558	0.00489
23	0.01207	0.03112	0.75741	0.01715	0.02604	0.01397	0.02223	0.01905	0.01270	0.01905	0.01080	0.01270	0.00762	0.00572	0.00572	0.00191	0.00889	0.00445	0.00254	0.00889
24	0.01432	0.12884	0.02319	0.19291	0.43038	0.04007	0.01626	0.01764	0.01323	0.01766	0.01156	0.01651	0.00995	0.00598	0.00574	0.00179	0.00729	0.03532	0.00297	0.00838
25	0.00812	0.00561	0.00709	0.00801	0.00883	0.00511	0.00548	0.00928	0.01208	0.04528	0.03748	0.60222	0.16752	0.03750	0.00810	0.00243	0.00354	0.01564	0.00561	0.00511
26	0.00842	0.00572	0.00676	0.00704	0.00722	0.00561	0.00422	0.00886	0.00997	0.01340	0.07641	0.20354	0.02841	0.56159	0.02382	0.00479	0.00509	0.01074	0.00429	0.00407
27	0.03893	0.10002	0.40084	0.08979	0.13972	0.01449	0.04966	0.01793	0.01280	0.01858	0.02967	0.03923	0.01028	0.00619	0.00569	0.00186	0.00788	0.00520	0.00289	0.00835
28	0.07564	0.27043	0.02211	0.01783	0.22512	0.05475	0.01175	0.01774	0.01306	0.03313	0.05215	0.01399	0.01128	0.00582	0.00537	0.00152	0.03149	0.00448	0.00328	0.12906
29	0.00863	0.00595	0.00706	0.00706	0.00735	0.00607	0.00435	0.00908	0.00919	0.01231	0.02088	0.03779	0.06224	0.61972	0.15239	0.00626	0.00740	0.00859	0.00369	0.00402
30	0.11418	0.01286	0.01854	0.27374	0.26253	0.01432	0.01474	0.12319	0.04446	0.02200	0.01241	0.01659	0.00993	0.00636	0.00579	0.00191	0.00691	0.02775	0.00363	0.00819
31	0.09276	0.52699	0.05820	0.01300	0.07080	0.10265	0.01123	0.03531	0.01307	0.01659	0.00893	0.01043	0.00780	0.00539	0.00430	0.00145	0.00691	0.00356	0.00285	0.00777

[dist]
# distance from previous block
# <min> <max>
0	3

[block]
# block no. 7 follows, 38 sequences, length 20
# corresponding to MSA columns:
# 424-443
name=unknown_H
#
# <colnr> <probs for GDERKNQSTAVLIFYWHMCP>
#	G	D	E	R	K	N	Q	S	T	A	V	L	I	F	Y	W	H	M	C	P
0	0.00878	0.00597	0.00731	0.00710	0.00801	0.00570	0.00487	0.01061	0.01373	0.01955	0.42269	0.06421	0.04120	0.27136	0.01473	0.00319	0.00386	0.00993	0.07223	0.00497
1	0.01825	0.00951	0.01181	0.00979	0.01314	0.00902	0.00781	0.09307	0.07685	0.33857	0.21110	0.05018	0.10492	0.00985	0.00647	0.00191	0.00440	0.00828	0.00674	0.00833
2	0.00719	0.00603	0.00625	0.00634	0.00821	0.00509	0.00470	0.00873	0.01367	0.01651	0.08722	0.11675	0.66194	0.01541	0.00716	0.00206	0.00307	0.01298	0.00563	0.00509
3	0.01144	0.01080	0.01806	0.74192	0.04034	0.01358	0.01656	0.01533	0.01191	0.01533	0.01057	0.01592	0.00801	0.00621	0.00660	0.00203	0.04070	0.00534	0.00267	0.00668
4	0.01045	0.00522	0.00784	0.00784	0.00784	0.00522	0.00522	0.00784	0.00784	0.01045	0.01045	0.01829	0.01045	0.02090	0.02351	0.82497	0.00522	0.00522	0.00261	0.00261
5	0.00822	0.00614	0.00764	0.00726	0.00881	0.00555	0.00545	0.01079	0.01634	0.02249	0.60524	0.04763	0.20043	0.01291	0.00710	0.00192	0.00288	0.01126	0.00641	0.00555
6	0.02126	0.17378	0.01980	0.01451	0.01800	0.62368	0.01137	0.02288	0.01613	0.01461	0.00912	0.01062	0.00774	0.00600	0.00513	0.00150	0.01001	0.00375	0.00300	0.00712
7	0.01608	0.79220	0.03152	0.01029	0.01544	0.02380	0.01029	0.01801	0.01222	0.01415	0.00836	0.00965	0.00772	0.00515	0.00386	0.00129	0.00643	0.00322	0.00257	0.00772
8	0.01544	0.01316	0.01387	0.01234	0.01582	0.01518	0.00964	0.07388	0.69750	0.02593	0.02388	0.02196	0.01788	0.00811	0.00612	0.00203	0.00487	0.00672	0.00612	0.00956
9	0.01315	0.01031	0.01169	0.01044	0.01308	0.01113	0.00816	0.13459	0.27816	0.02616	0.31534	0.05722	0.03396	0.01040	0.00664	0.00199	0.00428	0.03929	0.00626	0.00776
10	0.02461	0.01015	0.01348	0.01059	0.01490	0.00910	0.00866	0.02818	0.07629	0.64036	0.07847	0.02248	0.01834	0.00787	0.00613	0.00188	0.00492	0.00648	0.00728	0.00983
11	0.00881	0.00561	0.00751	0.00855	0.00923	0.00518	0.00583	0.00996	0.01195	0.07122	0.03244	0.72696	0.03791	0.01799	0.00756	0.00240	0.00361	0.01627	0.00572	0.00529
12	0.02699	0.01024	0.01396	0.01070	0.01536	0.00884	0.00884	0.02932	0.01722	0.75522	0.02373	0.02048	0.01489	0.00745	0.00605	0.00186	0.00512	0.00605	0.00745	0.01024
13	0.00851	0.00615	0.00804	0.00757	0.00899	0.00568	0.00568	0.01135	0.01703	0.02412	0.74788	0.04494	0.05676	0.01230	0.00710	0.00189	0.00284	0.01088	0.00662	0.00568
14	0.00875	0.00583	0.00656	0.00656	0.00656	0.00583	0.00365	0.00875	0.00875	0.01166	0.01895	0.03937	0.02187	0.78858	0.03062	0.00583	0.00583	0.00875	0.00365	0.00365
15	0.01276	0.01163	0.02041	0.54621	0.12050	0.01331	0.10286	0.01675	0.01272	0.04727	0.01172	0.01628	0.00880	0.00591	0.00609	0.00196	0.00792	0.00560	0.02399	0.00731
16	0.01580	0.01273	0.01363	0.01213	0.01562	0.01454	0.00947	0.03178	0.68966	0.07619	0.02443	0.02231	0.01812	0.00811	0.00612	0.00203	0.00479	0.00675	0.00621	0.00957
17	0.01320	0.01112	0.01286	0.00925	0.01456	0.00876	0.00743	0.06518	0.01358	0.02088	0.01095	0.01261	0.00900	0.00465	0.00456	0.00095	0.00461	0.00369	0.00374	0.76839
18	0.02314	0.01396	0.01598	0.01246	0.01700	0.01464	0.01022	0.40983	0.08919	0.27901	0.03891	0.01806	0.01384	0.00752	0.00607	0.00185	0.00584	0.00591	0.00653	0.01004
19	0.01157	0.00835	0.02566	0.00883	0.01108	0.00772	0.00680	0.05748	0.10295	0.10276	0.08563	0.24891	0.25391	0.03067	0.00745	0.00219	0.00401	0.01163	0.00585	0.00655

[dist]
# distance from previous block
# <min> <max>
0	11

[block]
# block no. 8 follows, 38 sequences, length 11
# corresponding to MSA columns:
# 455-465
name=unknown_I
#
# <colnr> <probs for GDERKNQSTAVLIFYWHMCP>
#	G	D	E	R	K	N	Q	S	T	A	V	L	I	F	Y	W	H	M	C	P
0	0.02699	0.01024	0.01396	0.01070	0.01536	0.00884	0.00884	0.02932	0.01722	0.75522	0.02373	0.02048	0.01489	0.00745	0.00605	0.00186	0.00512	0.00605	0.00745	0.01024
1	0.01086	0.00991	0.01275	0.20556	0.04385	0.07399	0.02804	0.01355	0.03593	0.01615	0.02136	0.35054	0.02284	0.01319	0.03217	0.00240	0.04371	0.01047	0.04668	0.00605
2	0.01255	0.08295	0.63829	0.01744	0.02581	0.01478	0.08833	0.01900	0.01281	0.01873	0.01076	0.01282	0.00777	0.00561	0.00572	0.00187	0.00884	0.00461	0.00259	0.00874
3	0.02591	0.01000	0.01362	0.01052	0.01499	0.00866	0.00866	0.02827	0.01721	0.71260	0.06595	0.02190	0.01733	0.00773	0.00611	0.00186	0.00499	0.00633	0.00740	0.00997
4	0.01285	0.01130	0.01946	0.09822	0.02122	0.01153	0.25863	0.09727	0.01457	0.02061	0.01794	0.17813	0.01671	0.00884	0.00682	0.00199	0.03043	0.00847	0.15801	0.00701
5	0.02079	0.02064	0.01742	0.01774	0.13546	0.37712	0.01214	0.11214	0.06057	0.10952	0.01403	0.01659	0.01115	0.00697	0.00584	0.00175	0.00841	0.03919	0.00427	0.00827
6	0.07395	0.01472	0.01457	0.01233	0.01497	0.11680	0.00993	0.23834	0.04415	0.02431	0.01616	0.01781	0.06178	0.00831	0.00880	0.00193	0.18620	0.00561	0.12170	0.00763
7	0.05127	0.00707	0.00780	0.00754	0.00946	0.00677	0.00567	0.01256	0.09229	0.02053	0.29894	0.09884	0.33295	0.01318	0.00686	0.00200	0.00327	0.01124	0.00592	0.00583
8	0.01536	0.01553	0.02199	0.15536	0.04895	0.10569	0.20145	0.10289	0.01488	0.01964	0.01100	0.01432	0.00870	0.00631	0.00790	0.00185	0.11442	0.00537	0.00335	0.12504
9	0.01244	0.06262	0.01029	0.00786	0.01031	0.00882	0.00617	0.09187	0.01385	0.02153	0.03655	0.04053	0.01551	0.06234	0.07414	0.00244	0.00512	0.00584	0.38808	0.12369
10	0.01456	0.01204	0.01468	0.14486	0.02001	0.01130	0.00976	0.17233	0.01587	0.02288	0.01152	0.01353	0.00904	0.00534	0.00507	0.00129	0.00556	0.00428	0.00395	0.50213

[dist]
# distance from previous block
# <min> <max>
2	4

[block]
# block no. 9 follows, 38 sequences, length 13
# corresponding to MSA columns:
# 471-483
name=unknown_J
#
# <colnr> <probs for GDERKNQSTAVLIFYWHMCP>
#	G	D	E	R	K	N	Q	S	T	A	V	L	I	F	Y	W	H	M	C	P
0	0.00909	0.00674	0.00838	0.00799	0.00960	0.00640	0.00606	0.03979	0.03842	0.02296	0.54101	0.09149	0.13276	0.01291	0.00711	0.00198	0.00323	0.04187	0.00635	0.00585
1	0.09847	0.01099	0.01663	0.53772	0.03269	0.01390	0.01454	0.01541	0.01140	0.01674	0.01035	0.01516	0.00814	0.00675	0.00795	0.00207	0.13359	0.00512	0.03578	0.00660
2	0.01164	0.00969	0.02591	0.03563	0.08216	0.00927	0.02503	0.13831	0.01691	0.02278	0.25026	0.07787	0.20084	0.03621	0.00747	0.00204	0.00458	0.00953	0.00541	0.02847
3	0.00767	0.00554	0.00762	0.00874	0.00927	0.00549	0.00613	0.00901	0.01124	0.01518	0.02970	0.60462	0.03464	0.02401	0.15908	0.00390	0.00609	0.04193	0.00511	0.00501
4	0.04408	0.23866	0.14467	0.01550	0.09995	0.11774	0.04171	0.04290	0.08217	0.01879	0.01332	0.01476	0.02922	0.00618	0.00514	0.00165	0.00710	0.00475	0.06373	0.00802
5	0.01285	0.09498	0.60757	0.01679	0.04124	0.01479	0.03764	0.04669	0.01347	0.01954	0.03347	0.01364	0.00933	0.00590	0.00565	0.00185	0.00839	0.00466	0.00283	0.00874
6	0.01753	0.38759	0.10837	0.01223	0.01705	0.09869	0.01173	0.09485	0.01502	0.08746	0.04519	0.01349	0.01094	0.00639	0.00571	0.00160	0.05000	0.00440	0.00364	0.00812
7	0.09362	0.61463	0.02755	0.01060	0.01551	0.04368	0.01010	0.09367	0.01388	0.01789	0.00904	0.01020	0.00787	0.00544	0.00412	0.00140	0.00641	0.00347	0.00306	0.00785
8	0.01580	0.18268	0.07282	0.13106	0.01982	0.04504	0.01130	0.12529	0.06226	0.08969	0.05521	0.02070	0.08088	0.00752	0.00563	0.00174	0.00624	0.01598	0.00438	0.04597
9	0.08695	0.00648	0.00793	0.00839	0.00969	0.00619	0.00597	0.01171	0.01255	0.09554	0.08646	0.53351	0.07466	0.01569	0.00706	0.00226	0.00370	0.01391	0.00569	0.00568
10	0.00783	0.00555	0.00746	0.00848	0.00904	0.00538	0.00592	0.00900	0.01150	0.01541	0.05944	0.54830	0.05748	0.05112	0.08940	0.03661	0.00507	0.05696	0.00518	0.00487
11	0.19302	0.01438	0.01435	0.04707	0.01691	0.05607	0.00973	0.28549	0.15243	0.07193	0.01511	0.01533	0.01109	0.00683	0.00540	0.00181	0.00586	0.00509	0.03159	0.04050
12	0.01788	0.01476	0.02086	0.01879	0.13035	0.01546	0.14966	0.38796	0.02109	0.02849	0.01609	0.11999	0.01395	0.00811	0.00644	0.00193	0.00695	0.00733	0.00493	0.00899

[dist]
# distance from previous block
# <min> <max>
0	3

[block]
# block no. 10 follows, 38 sequences, length 29
# corresponding to MSA columns:
# 487-515
name=unknown_K
#
# <colnr> <probs for GDERKNQSTAVLIFYWHMCP>
#	G	D	E	R	K	N	Q	S	T	A	V	L	I	F	Y	W	H	M	C	P
0	0.00892	0.00636	0.00694	0.00681	0.00885	0.00540	0.00510	0.01049	0.01384	0.08137	0.07122	0.14129	0.58218	0.01491	0.00708	0.00206	0.00328	0.01259	0.00578	0.00552
1	0.01837	0.11118	0.01867	0.03402	0.08332	0.01619	0.01094	0.37508	0.04776	0.02830	0.01316	0.01413	0.01003	0.00627	0.00539	0.00157	0.00608	0.00485	0.03251	0.16218
2	0.17935	0.01312	0.09673	0.01050	0.01492	0.03825	0.02905	0.01821	0.03814	0.13068	0.05428	0.02319	0.09125	0.00772	0.00549	0.00172	0.00535	0.04801	0.00459	0.18944
3	0.01417	0.01342	0.02049	0.29035	0.37683	0.04563	0.01641	0.06061	0.03184	0.01907	0.01311	0.01742	0.02676	0.00628	0.00604	0.00189	0.00739	0.02079	0.00325	0.00828
4	0.01608	0.79220	0.03152	0.01029	0.01544	0.02380	0.01029	0.01801	0.01222	0.01415	0.00836	0.00965	0.00772	0.00515	0.00386	0.00129	0.00643	0.00322	0.00257	0.00772
5	0.00733	0.00524	0.00698	0.00838	0.00873	0.00489	0.00558	0.00838	0.01152	0.01536	0.03316	0.78466	0.03979	0.01885	0.00768	0.00244	0.00349	0.01710	0.00558	0.00489
6	0.01226	0.04818	0.65494	0.01743	0.02577	0.01410	0.08369	0.01883	0.01294	0.01909	0.03127	0.01383	0.00912	0.00583	0.00583	0.00190	0.00877	0.00483	0.00270	0.00870
7	0.01247	0.01069	0.01247	0.00891	0.01426	0.00802	0.00713	0.01515	0.01247	0.01960	0.01069	0.01247	0.00891	0.00446	0.00446	0.00089	0.00446	0.00356	0.00356	0.82536
8	0.01247	0.01069	0.01247	0.00891	0.01426	0.00802	0.00713	0.01515	0.01247	0.01960	0.01069	0.01247	0.00891	0.00446	0.00446	0.00089	0.00446	0.00356	0.00356	0.82536
9	0.01453	0.01057	0.01572	0.29770	0.10341	0.01171	0.01262	0.08794	0.03202	0.12795	0.01708	0.05661	0.03274	0.01340	0.12261	0.00315	0.00812	0.02034	0.00419	0.00759
10	0.01408	0.01243	0.02117	0.12301	0.02395	0.01125	0.25629	0.01774	0.01354	0.08375	0.03220	0.01584	0.01067	0.00536	0.00579	0.00155	0.00693	0.00544	0.00368	0.33530
11	0.01136	0.01069	0.01804	0.77412	0.04143	0.01337	0.01671	0.01537	0.01203	0.01537	0.01069	0.01604	0.00802	0.00601	0.00601	0.00200	0.00802	0.00535	0.00267	0.00668
12	0.01247	0.01069	0.01247	0.00891	0.01426	0.00802	0.00713	0.01515	0.01247	0.01960	0.01069	0.01247	0.00891	0.00446	0.00446	0.00089	0.00446	0.00356	0.00356	0.82536
13	0.01635	0.01372	0.02385	0.04588	0.46264	0.01324	0.13414	0.01994	0.01419	0.12864	0.01325	0.01582	0.01019	0.00558	0.00607	0.00179	0.00720	0.00564	0.00368	0.05820
14	0.01551	0.01310	0.01389	0.01235	0.01582	0.01507	0.00969	0.09295	0.65759	0.02609	0.02380	0.02299	0.01809	0.00831	0.00617	0.00204	0.00495	0.02600	0.00610	0.00947
15	0.02145	0.04424	0.01788	0.01348	0.01809	0.01829	0.01111	0.60155	0.13334	0.03516	0.01571	0.01546	0.01135	0.00729	0.00596	0.00182	0.00634	0.00554	0.00591	0.01003
16	0.02520	0.01029	0.01368	0.01070	0.01511	0.00922	0.00876	0.02878	0.07778	0.66311	0.05445	0.02168	0.01695	0.00771	0.00610	0.00188	0.00499	0.00632	0.00730	0.00998
17	0.01188	0.01205	0.05032	0.67129	0.05606	0.01363	0.05071	0.03299	0.01259	0.01635	0.01087	0.01584	0.00814	0.00597	0.00605	0.00199	0.00810	0.00539	0.00277	0.00699
18	0.01556	0.01157	0.01282	0.01135	0.01462	0.01279	0.00886	0.02857	0.53955	0.11926	0.13173	0.02553	0.02361	0.00868	0.00626	0.00200	0.00452	0.00731	0.00637	0.00904
19	0.02699	0.01024	0.01396	0.01070	0.01536	0.00884	0.00884	0.02932	0.01722	0.75522	0.02373	0.02048	0.01489	0.00745	0.00605	0.00186	0.00512	0.00605	0.00745	0.01024
20	0.01444	0.01727	0.06185	0.02466	0.03073	0.04457	0.67453	0.01945	0.01425	0.01908	0.01201	0.01588	0.00902	0.00514	0.00698	0.00200	0.01012	0.00687	0.00303	0.00810
21	0.01136	0.01069	0.01804	0.77412	0.04143	0.01337	0.01671	0.01537	0.01203	0.01537	0.01069	0.01604	0.00802	0.00601	0.00601	0.00200	0.00802	0.00535	0.00267	0.00668
22	0.00774	0.00553	0.00745	0.00884	0.00937	0.00524	0.00629	0.00908	0.01192	0.01581	0.03293	0.66167	0.03890	0.01846	0.00779	0.00250	0.00384	0.13608	0.00558	0.00500
23	0.00711	0.00609	0.00609	0.00609	0.00813	0.00508	0.00457	0.00863	0.01371	0.01625	0.06094	0.05789	0.74862	0.01524	0.00711	0.00203	0.00305	0.01270	0.00559	0.00508
24	0.02699	0.01024	0.01396	0.01070	0.01536	0.00884	0.00884	0.02932	0.01722	0.75522	0.02373	0.02048	0.01489	0.00745	0.00605	0.00186	0.00512	0.00605	0.00745	0.01024
25	0.13539	0.01501	0.02511	0.01919	0.02277	0.04544	0.35456	0.01762	0.01206	0.01864	0.01007	0.01403	0.00827	0.00702	0.01076	0.00219	0.26577	0.00579	0.00301	0.00732
26	0.36312	0.01270	0.03157	0.01021	0.01431	0.01319	0.00858	0.20490	0.01701	0.17276	0.08335	0.01651	0.01394	0.00702	0.00515	0.00185	0.00519	0.00512	0.00530	0.00820
27	0.00909	0.00656	0.00896	0.01020	0.01144	0.00642	0.00855	0.01149	0.01354	0.01765	0.05809	0.19144	0.07746	0.01678	0.00809	0.00264	0.00495	0.52566	0.00559	0.00540
28	0.71115	0.01241	0.01021	0.00879	0.01268	0.01426	0.00724	0.12353	0.01292	0.02861	0.00928	0.01047	0.00707	0.00583	0.00406	0.00185	0.00495	0.00358	0.00406	0.00707

[dist]
# distance from previous block
# <min> <max>
5	13

[block]
# block no. 11 follows, 38 sequences, length 6
# corresponding to MSA columns:
# 529-534
name=unknown_L
#
# <colnr> <probs for GDERKNQSTAVLIFYWHMCP>
#	G	D	E	R	K	N	Q	S	T	A	V	L	I	F	Y	W	H	M	C	P
0	0.09400	0.05592	0.06729	0.09306	0.17467	0.11212	0.01326	0.13564	0.11668	0.06013	0.01349	0.01485	0.01026	0.00636	0.00560	0.00181	0.00704	0.00504	0.00414	0.00865
1	0.01263	0.00780	0.00903	0.00824	0.00979	0.00778	0.00570	0.04264	0.09990	0.12908	0.05498	0.06782	0.08225	0.41457	0.01902	0.00398	0.00517	0.00875	0.00499	0.00587
2	0.57850	0.07888	0.01270	0.00968	0.01355	0.11280	0.00798	0.08893	0.01307	0.02541	0.00909	0.01036	0.00714	0.00579	0.00418	0.00177	0.00580	0.00355	0.00377	0.00704
3	0.02305	0.01352	0.01563	0.01202	0.01666	0.01376	0.00990	0.39651	0.02261	0.30197	0.02012	0.01884	0.05035	0.00758	0.00601	0.00179	0.00577	0.00594	0.00640	0.05158
