[name]
unknown

[dist]
# distance from previous block
# <min> <max>
0	33

[block]
# block no. 0 follows, 41 sequences, length 7
# corresponding to MSA columns:
# 33-39
name=unknown_A
#
# <colnr> <probs for GDERKNQSTAVLIFYWHMCP>
#	G	D	E	R	K	N	Q	S	T	A	V	L	I	F	Y	W	H	M	C	P
0	0.00879	0.00627	0.00843	0.00950	0.01059	0.00620	0.00787	0.01087	0.01233	0.01602	0.03019	0.11815	0.07015	0.12166	0.01066	0.00297	0.00503	0.53434	0.00503	0.00495
1	0.02218	0.01047	0.01327	0.01030	0.01467	0.00955	0.00841	0.06760	0.10624	0.53338	0.02047	0.01834	0.01354	0.00677	0.00555	0.00166	0.00482	0.00549	0.00635	0.12095
2	0.01759	0.01250	0.01625	0.01292	0.01691	0.01310	0.10802	0.19907	0.26194	0.17372	0.05211	0.02094	0.05307	0.00752	0.00600	0.00184	0.00555	0.00649	0.00565	0.00880
3	0.01789	0.01268	0.01273	0.01077	0.01406	0.11394	0.00849	0.15748	0.13987	0.21791	0.10628	0.06258	0.08272	0.00870	0.00596	0.00179	0.00532	0.00707	0.00573	0.00803
4	0.01510	0.01023	0.04034	0.01014	0.01304	0.00991	0.00818	0.12818	0.13887	0.18190	0.06946	0.10884	0.01954	0.08285	0.11205	0.00317	0.00630	0.00742	0.00528	0.02921
5	0.04126	0.01064	0.01283	0.01141	0.04560	0.01117	0.00863	0.09777	0.17971	0.20399	0.04672	0.05302	0.03870	0.03818	0.00767	0.00195	0.07343	0.00638	0.04074	0.07021
6	0.03806	0.01017	0.01457	0.05934	0.14853	0.01042	0.06716	0.04125	0.10106	0.05823	0.06868	0.04100	0.01656	0.16791	0.01082	0.00251	0.02918	0.00653	0.03430	0.07372

[dist]
# distance from previous block
# <min> <max>
25	54

[block]
# block no. 1 follows, 41 sequences, length 12
# corresponding to MSA columns:
# 108-119
name=unknown_B
#
# <colnr> <probs for GDERKNQSTAVLIFYWHMCP>
#	G	D	E	R	K	N	Q	S	T	A	V	L	I	F	Y	W	H	M	C	P
0	0.04428	0.01163	0.01487	0.24084	0.07642	0.04415	0.01143	0.14298	0.06313	0.09176	0.01611	0.09865	0.02892	0.00782	0.00640	0.00187	0.04539	0.00643	0.02497	0.02195
1	0.07168	0.01161	0.01485	0.19180	0.07866	0.01326	0.01111	0.20386	0.04173	0.03899	0.01600	0.01839	0.07108	0.02589	0.00760	0.00193	0.09775	0.00564	0.05083	0.02734
2	0.08035	0.01173	0.01435	0.15526	0.05932	0.06689	0.03078	0.11642	0.01429	0.06331	0.07307	0.09053	0.02937	0.00820	0.00725	0.00187	0.10121	0.00648	0.04506	0.02426
3	0.14653	0.02890	0.01327	0.15360	0.04140	0.13055	0.02304	0.06118	0.01352	0.05578	0.06419	0.11282	0.01613	0.00891	0.02276	0.00197	0.00627	0.03991	0.01991	0.03935
4	0.03241	0.01161	0.03165	0.21909	0.11362	0.04551	0.01135	0.11159	0.07901	0.03581	0.07803	0.05950	0.05442	0.06856	0.00789	0.00213	0.02001	0.00670	0.00408	0.00704
5	0.00814	0.00632	0.00742	0.00742	0.00885	0.00603	0.00540	0.01145	0.09289	0.01863	0.29411	0.21106	0.24171	0.04492	0.00767	0.00212	0.00320	0.01164	0.00564	0.00539
6	0.05782	0.01267	0.05205	0.11181	0.12231	0.03999	0.01120	0.11344	0.14663	0.12154	0.13303	0.02024	0.01793	0.00724	0.00575	0.00180	0.00562	0.00606	0.00483	0.00805
7	0.01157	0.00621	0.00630	0.00597	0.00757	0.00635	0.00456	0.07318	0.01322	0.02253	0.01826	0.02070	0.01426	0.00668	0.00414	0.00136	0.00296	0.00532	0.76318	0.00569
8	0.01458	0.08025	0.11619	0.13782	0.31053	0.01492	0.08564	0.13502	0.01485	0.02036	0.01094	0.01370	0.00855	0.00548	0.00559	0.00173	0.00726	0.00499	0.00318	0.00842
9	0.02512	0.01061	0.01381	0.01059	0.01504	0.00970	0.00875	0.12713	0.01783	0.66595	0.02134	0.01867	0.01354	0.00705	0.00575	0.00176	0.00506	0.00567	0.00689	0.00973
10	0.01774	0.01179	0.01332	0.01139	0.01499	0.01279	0.00910	0.10921	0.44989	0.21345	0.02235	0.02203	0.01648	0.00786	0.00589	0.00190	0.00485	0.03974	0.00610	0.00912
11	0.05411	0.09488	0.54529	0.01532	0.02265	0.01465	0.05375	0.09968	0.01366	0.02010	0.01040	0.01203	0.00755	0.00551	0.00528	0.00175	0.00786	0.00430	0.00287	0.00835

[dist]
# distance from previous block
# <min> <max>
7	24

[block]
# block no. 2 follows, 41 sequences, length 62
# corresponding to MSA columns:
# 145-206
name=unknown_C
#
# <colnr> <probs for GDERKNQSTAVLIFYWHMCP>
#	G	D	E	R	K	N	Q	S	T	A	V	L	I	F	Y	W	H	M	C	P
0	0.36732	0.13561	0.03531	0.01062	0.01475	0.07757	0.03869	0.13110	0.04732	0.07784	0.01088	0.01165	0.00823	0.00576	0.00447	0.00167	0.00581	0.00398	0.00396	0.00746
1	0.38435	0.19426	0.03478	0.04416	0.01458	0.03355	0.00845	0.06227	0.01215	0.06674	0.00961	0.01079	0.00752	0.00534	0.00410	0.00154	0.00533	0.00354	0.00353	0.09340
2	0.60070	0.03514	0.03169	0.02589	0.06922	0.01331	0.00823	0.06375	0.03108	0.06205	0.00978	0.01095	0.00742	0.00554	0.00411	0.00175	0.00497	0.00367	0.00378	0.00698
3	0.19215	0.02815	0.10523	0.14966	0.13539	0.01161	0.01167	0.03597	0.02934	0.06732	0.05092	0.05243	0.01350	0.06735	0.00713	0.00212	0.00593	0.02343	0.00369	0.00702
4	0.02079	0.02398	0.01653	0.01524	0.05313	0.57805	0.01120	0.15909	0.01808	0.01861	0.02715	0.01189	0.00897	0.00617	0.00533	0.00154	0.00921	0.00418	0.00354	0.00731
5	0.00994	0.00497	0.00745	0.00745	0.00745	0.00497	0.00497	0.00745	0.00745	0.00994	0.00994	0.01739	0.00994	0.01987	0.02235	0.83358	0.00497	0.00497	0.00248	0.00248
6	0.00783	0.00581	0.00729	0.00697	0.00839	0.00528	0.00521	0.01026	0.01549	0.02139	0.61621	0.06529	0.17869	0.01236	0.00676	0.00184	0.00275	0.01081	0.00610	0.00528
7	0.01186	0.01017	0.01186	0.00847	0.01356	0.00762	0.00678	0.01440	0.01186	0.01864	0.01017	0.01186	0.00847	0.00424	0.00424	0.00085	0.00424	0.00339	0.00339	0.83395
8	0.00810	0.00585	0.00765	0.00720	0.00855	0.00540	0.00540	0.01079	0.01619	0.02294	0.76028	0.04273	0.05397	0.01169	0.00675	0.00180	0.00270	0.01034	0.00630	0.00540
9	0.00797	0.00584	0.00747	0.00707	0.00847	0.00534	0.00530	0.01055	0.01590	0.02224	0.69483	0.04387	0.11985	0.01195	0.00675	0.00181	0.00272	0.01051	0.00620	0.00534
10	0.01186	0.01017	0.01186	0.00847	0.01356	0.00762	0.00678	0.01440	0.01186	0.01864	0.01017	0.01186	0.00847	0.00424	0.00424	0.00085	0.00424	0.00339	0.00339	0.83395
11	0.00748	0.00543	0.00700	0.00803	0.00855	0.00523	0.00542	0.00930	0.04987	0.01536	0.06916	0.67692	0.03677	0.05611	0.00828	0.00244	0.00346	0.01504	0.00530	0.00486
12	0.04377	0.01238	0.01472	0.01136	0.01579	0.01245	0.00937	0.31777	0.04027	0.43293	0.01865	0.01695	0.01226	0.00697	0.00569	0.00175	0.00543	0.00546	0.00641	0.00963
13	0.02509	0.00986	0.01326	0.01025	0.01462	0.00870	0.00844	0.02800	0.05320	0.73010	0.02260	0.01956	0.01432	0.00711	0.00576	0.00178	0.00485	0.00579	0.00702	0.00970
14	0.00697	0.00498	0.00664	0.00796	0.00830	0.00465	0.00531	0.00796	0.01095	0.01460	0.03153	0.79525	0.03783	0.01792	0.00730	0.00232	0.00332	0.01626	0.00531	0.00465
15	0.01186	0.01017	0.01186	0.00847	0.01356	0.00762	0.00678	0.01440	0.01186	0.01864	0.01017	0.01186	0.00847	0.00424	0.00424	0.00085	0.00424	0.00339	0.00339	0.83395
16	0.01285	0.01225	0.02085	0.32835	0.48031	0.01325	0.01690	0.01640	0.01240	0.01709	0.01053	0.01458	0.00850	0.00534	0.00568	0.00178	0.00712	0.00509	0.00272	0.00800
17	0.83938	0.01106	0.00841	0.00752	0.01106	0.01283	0.00619	0.01681	0.00973	0.02566	0.00796	0.00929	0.00619	0.00531	0.00354	0.00177	0.00442	0.00310	0.00354	0.00619
18	0.01147	0.02959	0.76934	0.01630	0.02476	0.01328	0.02113	0.01811	0.01208	0.01811	0.01026	0.01208	0.00725	0.00543	0.00543	0.00181	0.00845	0.00423	0.00242	0.00845
19	0.01080	0.01017	0.01716	0.78523	0.03940	0.01271	0.01589	0.01461	0.01144	0.01461	0.01017	0.01525	0.00762	0.00572	0.00572	0.00191	0.00762	0.00508	0.00254	0.00635
20	0.01080	0.01017	0.01716	0.78523	0.03940	0.01271	0.01589	0.01461	0.01144	0.01461	0.01017	0.01525	0.00762	0.00572	0.00572	0.00191	0.00762	0.00508	0.00254	0.00635
21	0.00793	0.00572	0.00750	0.00731	0.00851	0.00529	0.00538	0.01039	0.01544	0.02174	0.65594	0.15048	0.05166	0.01259	0.00683	0.00187	0.00279	0.01119	0.00616	0.00529
22	0.00704	0.00581	0.00618	0.00609	0.00790	0.00495	0.00457	0.00875	0.01370	0.01702	0.20537	0.05246	0.61258	0.01390	0.00676	0.00190	0.00286	0.01171	0.00552	0.00495
23	0.00757	0.00637	0.00779	0.11778	0.01244	0.00604	0.00624	0.00954	0.01318	0.01651	0.16537	0.09911	0.48562	0.01301	0.00665	0.00193	0.00357	0.01108	0.00508	0.00513
24	0.01350	0.01543	0.03375	0.02411	0.02989	0.01446	0.74253	0.01832	0.01350	0.01832	0.01157	0.01543	0.00868	0.00482	0.00675	0.00193	0.00964	0.00675	0.00289	0.00771
25	0.05700	0.66440	0.06483	0.01034	0.01523	0.06049	0.01027	0.03552	0.01217	0.01489	0.00826	0.00950	0.00734	0.00504	0.00388	0.00131	0.00637	0.00320	0.00261	0.00736
26	0.65615	0.11531	0.01193	0.00849	0.01215	0.08525	0.00711	0.01742	0.01058	0.02299	0.00804	0.00937	0.00645	0.00531	0.00371	0.00167	0.00519	0.00315	0.00334	0.00638
27	0.01157	0.05001	0.74980	0.01613	0.02449	0.01353	0.02083	0.01809	0.01206	0.01799	0.01020	0.01200	0.00725	0.00542	0.00539	0.00180	0.00839	0.00420	0.00242	0.00842
28	0.01509	0.03594	0.13913	0.01247	0.01671	0.05380	0.01118	0.04444	0.50803	0.07034	0.01970	0.01862	0.01459	0.00714	0.00566	0.00186	0.00558	0.00579	0.00510	0.00884
29	0.00688	0.00580	0.00597	0.00593	0.00780	0.00488	0.00444	0.00845	0.01333	0.01615	0.12339	0.05390	0.69510	0.01423	0.00676	0.00192	0.00288	0.01191	0.00540	0.00488
30	0.00697	0.00498	0.00664	0.00796	0.00830	0.00465	0.00531	0.00796	0.01095	0.01460	0.03153	0.79525	0.03783	0.01792	0.00730	0.00232	0.00332	0.01626	0.00531	0.00465
31	0.00697	0.00498	0.00664	0.00796	0.00830	0.00465	0.00531	0.00796	0.01095	0.01460	0.03153	0.79525	0.03783	0.01792	0.00730	0.00232	0.00332	0.01626	0.00531	0.00465
32	0.00707	0.00505	0.00675	0.00808	0.00846	0.00473	0.00549	0.00814	0.01105	0.01472	0.03147	0.76208	0.03761	0.01782	0.00733	0.00234	0.00341	0.04842	0.00531	0.00467
33	0.00994	0.00497	0.00745	0.00745	0.00745	0.00497	0.00497	0.00745	0.00745	0.00994	0.00994	0.01739	0.00994	0.01987	0.02235	0.83358	0.00497	0.00497	0.00248	0.00248
34	0.00818	0.00610	0.00906	0.00906	0.01003	0.00708	0.00698	0.01013	0.00915	0.01318	0.01544	0.02315	0.01459	0.07722	0.74239	0.00903	0.01488	0.00623	0.00308	0.00503
35	0.01416	0.01359	0.02322	0.03511	0.76330	0.01359	0.01755	0.01755	0.01302	0.01869	0.01076	0.01416	0.00906	0.00510	0.00566	0.00170	0.00680	0.00510	0.00283	0.00906
36	0.01678	0.57589	0.04796	0.01128	0.01576	0.22058	0.01045	0.01866	0.01284	0.01374	0.00825	0.00956	0.00734	0.00517	0.00411	0.00131	0.00729	0.00326	0.00258	0.00719
37	0.01323	0.33059	0.31652	0.03198	0.02161	0.01697	0.14044	0.01751	0.01223	0.01635	0.02741	0.01231	0.00865	0.00527	0.00500	0.00160	0.00758	0.00437	0.00261	0.00777
38	0.00792	0.00582	0.00741	0.00706	0.00845	0.00531	0.00528	0.01043	0.01571	0.02189	0.66358	0.06350	0.13198	0.01216	0.00676	0.00183	0.00274	0.01069	0.00616	0.00531
39	0.00821	0.00565	0.00693	0.00698	0.00725	0.00584	0.00439	0.00877	0.00883	0.01203	0.03651	0.07245	0.02108	0.57856	0.18723	0.00607	0.00745	0.00830	0.00354	0.00392
40	0.02566	0.00973	0.01327	0.01018	0.01460	0.00841	0.00841	0.02788	0.01637	0.76726	0.02257	0.01947	0.01416	0.00708	0.00575	0.00177	0.00487	0.00575	0.00708	0.00973
41	0.00694	0.00580	0.00604	0.00598	0.00783	0.00490	0.00448	0.00855	0.01345	0.01644	0.15028	0.05343	0.66803	0.01412	0.00676	0.00191	0.00287	0.01184	0.00544	0.00490
42	0.01147	0.02959	0.76934	0.01630	0.02476	0.01328	0.02113	0.01811	0.01208	0.01811	0.01026	0.01208	0.00725	0.00543	0.00543	0.00181	0.00845	0.00423	0.00242	0.00845
43	0.02137	0.02726	0.01621	0.01474	0.01768	0.77602	0.01105	0.02284	0.01621	0.01400	0.00884	0.01031	0.00737	0.00589	0.00516	0.00147	0.01031	0.00368	0.00295	0.00663
44	0.01126	0.01066	0.01792	0.67615	0.07392	0.01290	0.04536	0.01574	0.05035	0.01546	0.01094	0.01552	0.00825	0.00576	0.00576	0.00190	0.00750	0.00522	0.00274	0.00669
45	0.02174	0.01602	0.01717	0.01316	0.01774	0.01774	0.01087	0.74423	0.02689	0.03605	0.01373	0.01373	0.00973	0.00687	0.00572	0.00172	0.00629	0.00515	0.00572	0.00973
46	0.01186	0.01017	0.01186	0.00847	0.01356	0.00762	0.00678	0.01440	0.01186	0.01864	0.01017	0.01186	0.00847	0.00424	0.00424	0.00085	0.00424	0.00339	0.00339	0.83395
47	0.02566	0.00973	0.01327	0.01018	0.01460	0.00841	0.00841	0.02788	0.01637	0.76726	0.02257	0.01947	0.01416	0.00708	0.00575	0.00177	0.00487	0.00575	0.00708	0.00973
48	0.01147	0.02959	0.76934	0.01630	0.02476	0.01328	0.02113	0.01811	0.01208	0.01811	0.01026	0.01208	0.00725	0.00543	0.00543	0.00181	0.00845	0.00423	0.00242	0.00845
49	0.83938	0.01106	0.00841	0.00752	0.01106	0.01283	0.00619	0.01681	0.00973	0.02566	0.00796	0.00929	0.00619	0.00531	0.00354	0.00177	0.00442	0.00310	0.00354	0.00619
50	0.02566	0.00973	0.01327	0.01018	0.01460	0.00841	0.00841	0.02788	0.01637	0.76726	0.02257	0.01947	0.01416	0.00708	0.00575	0.00177	0.00487	0.00575	0.00708	0.00973
51	0.00818	0.00610	0.00906	0.00906	0.01003	0.00708	0.00698	0.01013	0.00915	0.01318	0.01544	0.02315	0.01459	0.07722	0.74239	0.00903	0.01488	0.00623	0.00308	0.00503
52	0.01965	0.01498	0.01599	0.01274	0.01694	0.01676	0.01036	0.54526	0.22927	0.03267	0.01639	0.01585	0.01188	0.00712	0.00575	0.00178	0.00580	0.00552	0.00575	0.00954
53	0.01147	0.02959	0.76934	0.01630	0.02476	0.01328	0.02113	0.01811	0.01208	0.01811	0.01026	0.01208	0.00725	0.00543	0.00543	0.00181	0.00845	0.00423	0.00242	0.00845
54	0.83938	0.01106	0.00841	0.00752	0.01106	0.01283	0.00619	0.01681	0.00973	0.02566	0.00796	0.00929	0.00619	0.00531	0.00354	0.00177	0.00442	0.00310	0.00354	0.00619
55	0.00712	0.00508	0.00676	0.00805	0.00843	0.00477	0.00547	0.00818	0.01100	0.01464	0.03111	0.73757	0.03714	0.03790	0.00789	0.00242	0.00348	0.05308	0.00526	0.00465
56	0.00712	0.00529	0.00668	0.02448	0.00871	0.00493	0.00522	0.00818	0.01115	0.01449	0.03491	0.58261	0.16986	0.07718	0.00885	0.00249	0.00351	0.01463	0.00511	0.00463
57	0.02137	0.02726	0.01621	0.01474	0.01768	0.77602	0.01105	0.02284	0.01621	0.01400	0.00884	0.01031	0.00737	0.00589	0.00516	0.00147	0.01031	0.00368	0.00295	0.00663
58	0.02566	0.00973	0.01327	0.01018	0.01460	0.00841	0.00841	0.02788	0.01637	0.76726	0.02257	0.01947	0.01416	0.00708	0.00575	0.00177	0.00487	0.00575	0.00708	0.00973
59	0.01380	0.01322	0.02256	0.11586	0.68537	0.01350	0.01737	0.01724	0.01285	0.01825	0.01070	0.01427	0.00891	0.00516	0.00567	0.00172	0.00688	0.00509	0.00280	0.00877
60	0.00697	0.00498	0.00664	0.00796	0.00830	0.00465	0.00531	0.00796	0.01095	0.01460	0.03153	0.79525	0.03783	0.01792	0.00730	0.00232	0.00332	0.01626	0.00531	0.00465
61	0.01423	0.01229	0.01293	0.01164	0.01487	0.01423	0.00905	0.03039	0.75297	0.02393	0.02328	0.02134	0.01746	0.00776	0.00582	0.00194	0.00453	0.00647	0.00582	0.00905

[dist]
# distance from previous block
# <min> <max>
0	7

[block]
# block no. 3 follows, 41 sequences, length 59
# corresponding to MSA columns:
# 214-272
name=unknown_D
#
# <colnr> <probs for GDERKNQSTAVLIFYWHMCP>
#	G	D	E	R	K	N	Q	S	T	A	V	L	I	F	Y	W	H	M	C	P
0	0.01321	0.01439	0.02933	0.02147	0.04749	0.01315	0.58345	0.01756	0.01318	0.01839	0.01128	0.01472	0.00865	0.00472	0.00625	0.00172	0.00854	0.00607	0.00298	0.16345
1	0.01515	0.77277	0.05834	0.01004	0.01507	0.02227	0.01022	0.01717	0.01164	0.01364	0.00804	0.00929	0.00734	0.00491	0.00374	0.00125	0.00621	0.00310	0.00245	0.00738
2	0.83938	0.01106	0.00841	0.00752	0.01106	0.01283	0.00619	0.01681	0.00973	0.02566	0.00796	0.00929	0.00619	0.00531	0.00354	0.00177	0.00442	0.00310	0.00354	0.00619
3	0.01066	0.00533	0.00533	0.00533	0.00666	0.00533	0.00400	0.01333	0.01200	0.02132	0.01866	0.02132	0.01466	0.00666	0.00400	0.00133	0.00267	0.00533	0.83073	0.00533
4	0.00681	0.00580	0.00587	0.00585	0.00776	0.00485	0.00439	0.00831	0.01316	0.01575	0.08629	0.05455	0.73245	0.01437	0.00676	0.00193	0.00289	0.01200	0.00535	0.00485
5	0.00798	0.00584	0.00749	0.00708	0.00848	0.00535	0.00531	0.01058	0.01593	0.02231	0.70185	0.04375	0.11279	0.01193	0.00675	0.00181	0.00272	0.01049	0.00621	0.00535
6	0.01066	0.00533	0.00533	0.00533	0.00666	0.00533	0.00400	0.01333	0.01200	0.02132	0.01866	0.02132	0.01466	0.00666	0.00400	0.00133	0.00267	0.00533	0.83073	0.00533
7	0.01186	0.01017	0.01186	0.00847	0.01356	0.00762	0.00678	0.01440	0.01186	0.01864	0.01017	0.01186	0.00847	0.00424	0.00424	0.00085	0.00424	0.00339	0.00339	0.83395
8	0.01853	0.01396	0.01501	0.01230	0.01625	0.01561	0.00990	0.37766	0.35789	0.07193	0.01859	0.01753	0.01351	0.00729	0.00577	0.00182	0.00541	0.00579	0.00584	0.00942
9	0.01423	0.01229	0.01293	0.01164	0.01487	0.01423	0.00905	0.03039	0.75297	0.02393	0.02328	0.02134	0.01746	0.00776	0.00582	0.00194	0.00453	0.00647	0.00582	0.00905
10	0.01492	0.56848	0.19609	0.01151	0.01719	0.02015	0.01243	0.07218	0.01288	0.01621	0.00891	0.01017	0.00750	0.00516	0.00422	0.00139	0.00666	0.00348	0.00269	0.00777
11	0.02174	0.01602	0.01717	0.01316	0.01774	0.01774	0.01087	0.74423	0.02689	0.03605	0.01373	0.01373	0.00973	0.00687	0.00572	0.00172	0.00629	0.00515	0.00572	0.00973
12	0.01423	0.01229	0.01293	0.01164	0.01487	0.01423	0.00905	0.03039	0.75297	0.02393	0.02328	0.02134	0.01746	0.00776	0.00582	0.00194	0.00453	0.00647	0.00582	0.00905
13	0.00830	0.00560	0.00653	0.00653	0.00664	0.00571	0.00383	0.00851	0.00841	0.01131	0.01775	0.03594	0.02015	0.72352	0.10369	0.00591	0.00652	0.00810	0.00343	0.00363
14	0.01531	0.65495	0.04203	0.01019	0.01485	0.02086	0.00993	0.08545	0.01290	0.01568	0.00908	0.01063	0.00807	0.00784	0.05980	0.00186	0.00685	0.00350	0.00280	0.00743
15	0.00697	0.00498	0.00664	0.00796	0.00830	0.00465	0.00531	0.00796	0.01095	0.01460	0.03153	0.79525	0.03783	0.01792	0.00730	0.00232	0.00332	0.01626	0.00531	0.00465
16	0.01236	0.01271	0.02259	0.45187	0.11766	0.04199	0.22557	0.01633	0.01239	0.01612	0.01059	0.01499	0.00808	0.00540	0.00599	0.00187	0.00821	0.00551	0.00269	0.00706
17	0.01601	0.04319	0.01441	0.01219	0.01554	0.13453	0.00954	0.08742	0.55100	0.02299	0.01968	0.01855	0.01488	0.00729	0.00563	0.00182	0.00564	0.00580	0.00524	0.00867
18	0.83938	0.01106	0.00841	0.00752	0.01106	0.01283	0.00619	0.01681	0.00973	0.02566	0.00796	0.00929	0.00619	0.00531	0.00354	0.00177	0.00442	0.00310	0.00354	0.00619
19	0.01672	0.03829	0.38700	0.01485	0.06421	0.01219	0.01537	0.06629	0.04322	0.24778	0.02921	0.01544	0.01092	0.00620	0.00556	0.00178	0.00681	0.00498	0.00427	0.00890
20	0.00702	0.00580	0.00615	0.00606	0.00788	0.00494	0.00455	0.00871	0.01364	0.01689	0.19323	0.05267	0.62480	0.01395	0.00676	0.00191	0.00286	0.01174	0.00550	0.00494
21	0.01374	0.01316	0.02246	0.12924	0.67246	0.01348	0.01734	0.01719	0.01283	0.01818	0.01068	0.01429	0.00888	0.00517	0.00567	0.00172	0.00690	0.00509	0.00279	0.00872
22	0.01260	0.25710	0.55168	0.01438	0.02179	0.01604	0.01779	0.01782	0.01194	0.01674	0.00958	0.01122	0.00727	0.00528	0.00491	0.00164	0.00777	0.00388	0.00242	0.00813
23	0.00994	0.00497	0.00745	0.00745	0.00745	0.00497	0.00497	0.00745	0.00745	0.00994	0.00994	0.01739	0.00994	0.01987	0.02235	0.83358	0.00497	0.00497	0.00248	0.00248
24	0.00824	0.00613	0.00908	0.00916	0.01016	0.00705	0.00713	0.01024	0.00940	0.01342	0.01631	0.02555	0.01566	0.07030	0.70195	0.00866	0.01435	0.04894	0.00321	0.00505
25	0.01186	0.01017	0.01186	0.00847	0.01356	0.00762	0.00678	0.01440	0.01186	0.01864	0.01017	0.01186	0.00847	0.00424	0.00424	0.00085	0.00424	0.00339	0.00339	0.83395
26	0.01533	0.01563	0.01973	0.02649	0.47283	0.14978	0.01457	0.02076	0.15295	0.01872	0.01287	0.01500	0.01045	0.00656	0.02221	0.00187	0.00718	0.00512	0.00342	0.00854
27	0.02137	0.02726	0.01621	0.01474	0.01768	0.77602	0.01105	0.02284	0.01621	0.01400	0.00884	0.01031	0.00737	0.00589	0.00516	0.00147	0.01031	0.00368	0.00295	0.00663
28	0.01186	0.01017	0.01186	0.00847	0.01356	0.00762	0.00678	0.01440	0.01186	0.01864	0.01017	0.01186	0.00847	0.00424	0.00424	0.00085	0.00424	0.00339	0.00339	0.83395
29	0.00810	0.00585	0.00765	0.00720	0.00855	0.00540	0.00540	0.01079	0.01619	0.02294	0.76028	0.04273	0.05397	0.01169	0.00675	0.00180	0.00270	0.01034	0.00630	0.00540
30	0.00714	0.00510	0.00683	0.00816	0.00856	0.00479	0.00560	0.00826	0.01112	0.01479	0.03143	0.74015	0.03746	0.01776	0.00735	0.00235	0.00347	0.06969	0.00531	0.00469
31	0.01185	0.01040	0.01740	0.68715	0.09265	0.01254	0.01561	0.01555	0.01182	0.05525	0.01088	0.01539	0.00808	0.00574	0.00572	0.00188	0.00741	0.00512	0.00281	0.00674
32	0.01328	0.00691	0.00922	0.00820	0.01035	0.00621	0.00630	0.01561	0.01557	0.24753	0.44262	0.13274	0.03982	0.01110	0.00652	0.00186	0.00344	0.00972	0.00641	0.00662
33	0.00697	0.00498	0.00664	0.00796	0.00830	0.00465	0.00531	0.00796	0.01095	0.01460	0.03153	0.79525	0.03783	0.01792	0.00730	0.00232	0.00332	0.01626	0.00531	0.00465
34	0.01368	0.01174	0.01246	0.01136	0.01438	0.01350	0.00877	0.02870	0.69701	0.02322	0.02390	0.07970	0.01900	0.00853	0.00593	0.00197	0.00444	0.00721	0.00578	0.00872
35	0.01211	0.01075	0.01412	0.01108	0.05496	0.00846	0.06283	0.01487	0.01205	0.01862	0.01030	0.01225	0.00852	0.00433	0.00450	0.00097	0.00478	0.00373	0.00332	0.72745
36	0.02095	0.01045	0.01310	0.00999	0.01440	0.00931	0.00817	0.12218	0.01674	0.45482	0.04937	0.01875	0.03077	0.00678	0.00548	0.00156	0.00479	0.00548	0.00601	0.19089
37	0.00791	0.00592	0.00745	0.00844	0.00914	0.00588	0.00579	0.01086	0.10666	0.01580	0.03046	0.69543	0.03520	0.01661	0.00711	0.00227	0.00347	0.01500	0.00538	0.00521
38	0.01158	0.01058	0.01716	0.73038	0.03786	0.01307	0.01553	0.06645	0.01254	0.01614	0.01042	0.01514	0.00777	0.00580	0.00572	0.00189	0.00753	0.00509	0.00277	0.00659
39	0.01599	0.06277	0.01753	0.01909	0.24816	0.19856	0.01186	0.02183	0.19883	0.05000	0.01626	0.01705	0.05112	0.00650	0.00547	0.00166	0.00665	0.00531	0.00392	0.04146
40	0.00703	0.00502	0.00671	0.00803	0.00839	0.00470	0.00542	0.00807	0.01101	0.01467	0.03149	0.77529	0.03770	0.01786	0.00732	0.00233	0.00337	0.03561	0.00531	0.00466
41	0.00857	0.04839	0.00838	0.00730	0.00798	0.00676	0.00497	0.00953	0.00987	0.01346	0.11757	0.06649	0.02384	0.44658	0.19124	0.00548	0.00729	0.00817	0.00378	0.00435
42	0.00906	0.00705	0.00837	0.00783	0.00962	0.00697	0.00593	0.01410	0.15394	0.02206	0.52186	0.04047	0.14797	0.01135	0.00657	0.00184	0.00307	0.00986	0.00607	0.00600
43	0.00818	0.00609	0.00898	0.00898	0.00992	0.00703	0.00688	0.01008	0.00913	0.01312	0.01552	0.02356	0.01477	0.09811	0.72175	0.00893	0.01461	0.00629	0.00309	0.00499
44	0.01211	0.01039	0.01267	0.09759	0.01667	0.00859	0.00797	0.04184	0.01238	0.01883	0.01030	0.01232	0.00842	0.00450	0.00446	0.00100	0.00470	0.00365	0.00338	0.70822
45	0.00878	0.00600	0.00783	0.00728	0.00877	0.00551	0.00550	0.01143	0.01613	0.05299	0.71423	0.04206	0.06856	0.01157	0.00671	0.00180	0.00279	0.01020	0.00631	0.00556
46	0.01388	0.01331	0.02272	0.09644	0.70411	0.01352	0.01742	0.01731	0.01289	0.01835	0.01071	0.01425	0.00894	0.00515	0.00567	0.00172	0.00686	0.00510	0.00281	0.00884
47	0.01151	0.00945	0.01044	0.00971	0.01204	0.01037	0.00738	0.04773	0.39541	0.02121	0.12344	0.11645	0.10828	0.04045	0.04755	0.00247	0.00464	0.00872	0.00553	0.00721
48	0.01507	0.75647	0.07393	0.01017	0.01528	0.02208	0.01046	0.01719	0.01165	0.01373	0.00809	0.00935	0.00733	0.00493	0.00378	0.00126	0.00626	0.00313	0.00244	0.00741
49	0.23955	0.21514	0.22104	0.01142	0.01671	0.07255	0.01185	0.03417	0.01243	0.10275	0.01040	0.01132	0.00782	0.00551	0.00450	0.00162	0.00647	0.00378	0.00336	0.00759
50	0.01238	0.16547	0.56831	0.01646	0.06240	0.01501	0.04839	0.01792	0.01210	0.01733	0.00993	0.01181	0.00742	0.00530	0.00519	0.00171	0.00800	0.00417	0.00246	0.00826
51	0.01969	0.02387	0.01536	0.01393	0.01672	0.63176	0.01054	0.06410	0.01594	0.01522	0.00997	0.01209	0.00840	0.01072	0.10466	0.00248	0.01072	0.00409	0.00313	0.00662
52	0.00676	0.00579	0.00579	0.00579	0.00773	0.00483	0.00435	0.00821	0.01304	0.01545	0.05794	0.05505	0.76098	0.01449	0.00676	0.00193	0.00290	0.01207	0.00531	0.00483
53	0.00816	0.00606	0.00894	0.00897	0.00990	0.00699	0.00686	0.01004	0.00917	0.01316	0.01584	0.03971	0.01524	0.09377	0.70937	0.00880	0.01440	0.00649	0.00314	0.00499
54	0.00676	0.00579	0.00579	0.00579	0.00773	0.00483	0.00435	0.00821	0.01304	0.01545	0.05794	0.05505	0.76098	0.01449	0.00676	0.00193	0.00290	0.01207	0.00531	0.00483
55	0.05178	0.01840	0.01659	0.05435	0.01862	0.21141	0.01101	0.49348	0.02269	0.02888	0.01207	0.01277	0.00888	0.00650	0.00550	0.00167	0.00732	0.00469	0.00476	0.00862
56	0.00884	0.00669	0.00848	0.00919	0.01074	0.00658	0.00764	0.01213	0.06897	0.01745	0.07947	0.10245	0.19737	0.01478	0.00738	0.00235	0.00441	0.42428	0.00538	0.00542
57	0.16126	0.01302	0.07259	0.34744	0.10133	0.01328	0.08273	0.08474	0.01304	0.01966	0.01165	0.01483	0.02902	0.00583	0.00543	0.00184	0.00696	0.00503	0.00315	0.00715
58	0.60128	0.06684	0.01299	0.10174	0.01620	0.01352	0.06318	0.01695	0.01051	0.04036	0.00884	0.01070	0.00682	0.00533	0.00410	0.00176	0.00533	0.00367	0.00338	0.00649

[dist]
# distance from previous block
# <min> <max>
1	6

[block]
# block no. 4 follows, 41 sequences, length 11
# corresponding to MSA columns:
# 279-289
name=unknown_E
#
# <colnr> <probs for GDERKNQSTAVLIFYWHMCP>
#	G	D	E	R	K	N	Q	S	T	A	V	L	I	F	Y	W	H	M	C	P
0	0.28567	0.01156	0.06671	0.01118	0.06761	0.01039	0.00888	0.03937	0.01349	0.30854	0.01938	0.03887	0.08081	0.00721	0.00514	0.00180	0.00494	0.00558	0.00504	0.00785
1	0.02143	0.01390	0.01570	0.01221	0.01646	0.01492	0.01005	0.53472	0.02324	0.18583	0.01570	0.01565	0.01103	0.00990	0.06968	0.00235	0.00675	0.00536	0.00578	0.00935
2	0.02434	0.01027	0.01341	0.01046	0.01477	0.00940	0.00858	0.05964	0.09094	0.66031	0.02225	0.01940	0.01430	0.00714	0.00576	0.00178	0.00490	0.00580	0.00689	0.00967
3	0.01147	0.02959	0.76934	0.01630	0.02476	0.01328	0.02113	0.01811	0.01208	0.01811	0.01026	0.01208	0.00725	0.00543	0.00543	0.00181	0.00845	0.00423	0.00242	0.00845
4	0.00676	0.00579	0.00579	0.00579	0.00773	0.00483	0.00435	0.00821	0.01304	0.01545	0.05794	0.05505	0.76098	0.01449	0.00676	0.00193	0.00290	0.01207	0.00531	0.00483
5	0.00788	0.00579	0.00738	0.00708	0.00844	0.00529	0.00527	0.01034	0.01553	0.02160	0.63798	0.08735	0.13404	0.01237	0.00678	0.00184	0.00276	0.01088	0.00613	0.00529
6	0.00830	0.00560	0.00651	0.00651	0.00661	0.00569	0.00381	0.00849	0.00840	0.01129	0.01777	0.03604	0.02019	0.72852	0.09875	0.00589	0.00646	0.00811	0.00343	0.00362
7	0.14915	0.01525	0.01580	0.01228	0.01670	0.01697	0.01014	0.63088	0.02422	0.03443	0.01283	0.01304	0.00918	0.00662	0.00538	0.00172	0.00600	0.00483	0.00538	0.00918
8	0.83938	0.01106	0.00841	0.00752	0.01106	0.01283	0.00619	0.01681	0.00973	0.02566	0.00796	0.00929	0.00619	0.00531	0.00354	0.00177	0.00442	0.00310	0.00354	0.00619
9	0.01457	0.01306	0.02284	0.08879	0.46776	0.01280	0.13624	0.01808	0.01317	0.08043	0.01178	0.01473	0.00926	0.00520	0.00575	0.00170	0.00699	0.00530	0.00321	0.06834
10	0.02294	0.01034	0.01319	0.01053	0.01467	0.00979	0.00856	0.02848	0.19193	0.59009	0.02274	0.01991	0.01495	0.00724	0.00577	0.00181	0.00479	0.00592	0.00678	0.00957

[dist]
# distance from previous block
# <min> <max>
0	2

[block]
# block no. 5 follows, 41 sequences, length 23
# corresponding to MSA columns:
# 292-314
name=unknown_F
#
# <colnr> <probs for GDERKNQSTAVLIFYWHMCP>
#	G	D	E	R	K	N	Q	S	T	A	V	L	I	F	Y	W	H	M	C	P
0	0.01436	0.01657	0.02909	0.02139	0.02633	0.13220	0.57681	0.01832	0.01356	0.01714	0.01160	0.01618	0.00933	0.06089	0.00808	0.00211	0.00946	0.00638	0.00294	0.00725
1	0.01502	0.01007	0.01218	0.00886	0.01379	0.00780	0.00715	0.01748	0.01289	0.18988	0.01300	0.01360	0.00977	0.00489	0.00458	0.00106	0.00438	0.00393	0.00423	0.64541
2	0.83938	0.01106	0.00841	0.00752	0.01106	0.01283	0.00619	0.01681	0.00973	0.02566	0.00796	0.00929	0.00619	0.00531	0.00354	0.00177	0.00442	0.00310	0.00354	0.00619
3	0.00926	0.00707	0.00981	0.18549	0.01590	0.00734	0.00798	0.02870	0.01339	0.03847	0.24619	0.15622	0.12625	0.06624	0.00817	0.00223	0.00446	0.05642	0.00490	0.00551
4	0.01423	0.01229	0.01293	0.01164	0.01487	0.01423	0.00905	0.03039	0.75297	0.02393	0.02328	0.02134	0.01746	0.00776	0.00582	0.00194	0.00453	0.00647	0.00582	0.00905
5	0.02552	0.00996	0.01341	0.01028	0.01471	0.00874	0.00850	0.05361	0.01675	0.74099	0.02225	0.01926	0.01400	0.00707	0.00575	0.00177	0.00492	0.00573	0.00703	0.00973
6	0.01869	0.01416	0.01519	0.01239	0.01638	0.01585	0.00999	0.40921	0.33681	0.06139	0.01818	0.01722	0.01322	0.00726	0.00577	0.00181	0.00548	0.00574	0.00582	0.00944
7	0.01684	0.60442	0.02646	0.01105	0.01545	0.21507	0.01011	0.01859	0.01279	0.01360	0.00818	0.00947	0.00735	0.00515	0.00405	0.00129	0.00719	0.00322	0.00257	0.00716
8	0.00794	0.00584	0.00744	0.00704	0.00845	0.00533	0.00528	0.01050	0.01583	0.02209	0.68044	0.04413	0.13435	0.01201	0.00675	0.00181	0.00272	0.01054	0.00618	0.00533
9	0.02068	0.11539	0.01777	0.01417	0.01734	0.69037	0.01091	0.02219	0.01569	0.01394	0.00874	0.01019	0.00736	0.00578	0.00499	0.00145	0.00984	0.00361	0.00289	0.00671
10	0.00789	0.00584	0.00736	0.00698	0.00842	0.00531	0.00523	0.01039	0.01570	0.02178	0.65142	0.04464	0.16356	0.01213	0.00675	0.00182	0.00273	0.01061	0.00614	0.00531
11	0.01383	0.50728	0.31234	0.01228	0.01853	0.01906	0.01412	0.01750	0.01180	0.01524	0.00884	0.01028	0.00730	0.00510	0.00434	0.00145	0.00701	0.00350	0.00243	0.00777
12	0.01147	0.02959	0.76934	0.01630	0.02476	0.01328	0.02113	0.01811	0.01208	0.01811	0.01026	0.01208	0.00725	0.00543	0.00543	0.00181	0.00845	0.00423	0.00242	0.00845
13	0.00800	0.00584	0.00751	0.00710	0.00849	0.00536	0.00532	0.01061	0.01597	0.02240	0.71015	0.04361	0.10444	0.01189	0.00675	0.00181	0.00271	0.01047	0.00623	0.00536
14	0.01160	0.01098	0.01860	0.60659	0.21179	0.01292	0.01628	0.01531	0.01182	0.01558	0.01031	0.01499	0.00797	0.00557	0.00571	0.00186	0.00743	0.00509	0.00261	0.00700
15	0.00922	0.00658	0.00922	0.01053	0.01185	0.00658	0.00922	0.01185	0.01317	0.01712	0.03029	0.06452	0.03292	0.01580	0.00790	0.00263	0.00527	0.72480	0.00527	0.00527
16	0.00826	0.00854	0.09393	0.00800	0.01025	0.00620	0.00701	0.01119	0.01519	0.02113	0.55716	0.04131	0.16730	0.01145	0.00660	0.00182	0.00339	0.00994	0.00569	0.00565
17	0.00782	0.00584	0.00727	0.00691	0.00838	0.00528	0.00518	0.01026	0.01554	0.02140	0.61624	0.04525	0.19897	0.01227	0.00675	0.00183	0.00274	0.01070	0.00609	0.00528
18	0.01421	0.65746	0.07948	0.00995	0.01469	0.02002	0.01009	0.01648	0.01217	0.01486	0.09364	0.01319	0.01263	0.00570	0.00414	0.00133	0.00589	0.00397	0.00288	0.00720
19	0.01208	0.13986	0.64153	0.01560	0.02347	0.01466	0.04099	0.01798	0.01205	0.01745	0.00997	0.01176	0.00730	0.00534	0.00522	0.00173	0.00815	0.00413	0.00243	0.00827
20	0.28703	0.24120	0.11587	0.01076	0.01525	0.10378	0.01018	0.03805	0.09626	0.01992	0.01025	0.01123	0.00817	0.00559	0.00433	0.00160	0.00617	0.00374	0.00333	0.00728
21	0.01422	0.01587	0.15389	0.01391	0.01822	0.06567	0.14203	0.17523	0.03180	0.04275	0.13111	0.07147	0.01863	0.05480	0.00745	0.00203	0.00665	0.00691	0.00434	0.02304
22	0.21404	0.04557	0.41257	0.01523	0.07242	0.01305	0.05862	0.01752	0.01169	0.03748	0.01099	0.04681	0.00874	0.00592	0.00510	0.00180	0.00704	0.00470	0.00299	0.00773

[dist]
# distance from previous block
# <min> <max>
0	1

[block]
# block no. 6 follows, 41 sequences, length 48
# corresponding to MSA columns:
# 317-364
name=unknown_G
#
# <colnr> <probs for GDERKNQSTAVLIFYWHMCP>
#	G	D	E	R	K	N	Q	S	T	A	V	L	I	F	Y	W	H	M	C	P
0	0.67627	0.01055	0.00902	0.00786	0.01138	0.01176	0.00644	0.01792	0.01104	0.12563	0.05811	0.01281	0.01033	0.00596	0.00404	0.00177	0.00437	0.00392	0.00419	0.00662
1	0.00832	0.00555	0.00624	0.00624	0.00624	0.00555	0.00347	0.00832	0.00832	0.01109	0.01802	0.03743	0.02080	0.79898	0.02911	0.00555	0.00555	0.00832	0.00347	0.00347
2	0.83938	0.01106	0.00841	0.00752	0.01106	0.01283	0.00619	0.01681	0.00973	0.02566	0.00796	0.00929	0.00619	0.00531	0.00354	0.00177	0.00442	0.00310	0.00354	0.00619
3	0.00844	0.00550	0.00633	0.00633	0.00633	0.00550	0.00358	0.00825	0.00825	0.01100	0.01741	0.03592	0.01998	0.74021	0.02860	0.06800	0.00550	0.00807	0.00339	0.00339
4	0.01492	0.01306	0.01330	0.01184	0.01514	0.04284	0.00923	0.07103	0.68387	0.02425	0.02219	0.02049	0.01664	0.00764	0.00579	0.00191	0.00484	0.00629	0.00571	0.00900
5	0.25671	0.01243	0.03690	0.11412	0.09025	0.04522	0.00992	0.07619	0.04427	0.05285	0.05202	0.01427	0.01087	0.00583	0.00483	0.00161	0.00551	0.00448	0.00382	0.15789
6	0.01345	0.04600	0.08159	0.15441	0.40837	0.01291	0.01543	0.01740	0.04002	0.05725	0.01204	0.01532	0.00969	0.00910	0.08051	0.00246	0.00769	0.00512	0.00309	0.00813
7	0.02065	0.02530	0.01591	0.01436	0.01740	0.66934	0.01084	0.05052	0.09243	0.01584	0.01051	0.01158	0.00849	0.00612	0.00525	0.00153	0.00957	0.00403	0.00335	0.00700
8	0.01147	0.02959	0.76934	0.01630	0.02476	0.01328	0.02113	0.01811	0.01208	0.01811	0.01026	0.01208	0.00725	0.00543	0.00543	0.00181	0.00845	0.00423	0.00242	0.00845
9	0.02477	0.00578	0.00744	0.00791	0.00902	0.00534	0.02246	0.00913	0.01237	0.01647	0.13896	0.42887	0.20652	0.01552	0.00705	0.00216	0.00345	0.06649	0.00535	0.00494
10	0.00738	0.00617	0.00648	0.00642	0.00829	0.00548	0.00480	0.00987	0.06061	0.01668	0.12259	0.09162	0.60561	0.01397	0.00673	0.00194	0.00300	0.01177	0.00544	0.00514
11	0.02137	0.02726	0.01621	0.01474	0.01768	0.77602	0.01105	0.02284	0.01621	0.01400	0.00884	0.01031	0.00737	0.00589	0.00516	0.00147	0.01031	0.00368	0.00295	0.00663
12	0.83938	0.01106	0.00841	0.00752	0.01106	0.01283	0.00619	0.01681	0.00973	0.02566	0.00796	0.00929	0.00619	0.00531	0.00354	0.00177	0.00442	0.00310	0.00354	0.00619
13	0.01344	0.01286	0.02192	0.19533	0.60868	0.01340	0.01720	0.01693	0.01269	0.01782	0.01063	0.01439	0.00875	0.00523	0.00567	0.00174	0.00697	0.00509	0.00277	0.00848
14	0.02566	0.00973	0.01327	0.01018	0.01460	0.00841	0.00841	0.02788	0.01637	0.76726	0.02257	0.01947	0.01416	0.00708	0.00575	0.00177	0.00487	0.00575	0.00708	0.00973
15	0.02566	0.00973	0.01327	0.01018	0.01460	0.00841	0.00841	0.02788	0.01637	0.76726	0.02257	0.01947	0.01416	0.00708	0.00575	0.00177	0.00487	0.00575	0.00708	0.00973
16	0.00968	0.00652	0.00807	0.00788	0.00973	0.00600	0.00627	0.01233	0.03581	0.08621	0.30226	0.04845	0.26099	0.01290	0.00688	0.00202	0.00356	0.16295	0.00583	0.00569
17	0.00696	0.00579	0.00612	0.00629	0.00805	0.00494	0.00475	0.00848	0.01296	0.01567	0.07029	0.11024	0.64457	0.01476	0.00687	0.00200	0.00308	0.05798	0.00533	0.00486
18	0.83938	0.01106	0.00841	0.00752	0.01106	0.01283	0.00619	0.01681	0.00973	0.02566	0.00796	0.00929	0.00619	0.00531	0.00354	0.00177	0.00442	0.00310	0.00354	0.00619
19	0.00824	0.00551	0.00626	0.00634	0.00636	0.00549	0.00358	0.00830	0.00848	0.01130	0.01883	0.08301	0.02182	0.75200	0.02780	0.00535	0.00541	0.00880	0.00358	0.00354
20	0.00855	0.00627	0.00775	0.00844	0.00923	0.00626	0.00580	0.05680	0.06678	0.01640	0.02876	0.63067	0.03324	0.07537	0.00874	0.00250	0.00377	0.01422	0.00523	0.00521
21	0.00751	0.00528	0.00699	0.00817	0.00869	0.00502	0.00577	0.00880	0.01132	0.01522	0.04726	0.60969	0.03597	0.05267	0.00827	0.00247	0.00368	0.12139	0.03113	0.00472
22	0.00697	0.00498	0.00664	0.00796	0.00830	0.00465	0.00531	0.00796	0.01095	0.01460	0.03153	0.79525	0.03783	0.01792	0.00730	0.00232	0.00332	0.01626	0.00531	0.00465
23	0.00690	0.00523	0.00638	0.00730	0.00812	0.00470	0.00501	0.00804	0.01159	0.01486	0.03967	0.56718	0.26064	0.01686	0.00713	0.00220	0.00319	0.01497	0.00531	0.00470
24	0.01330	0.60442	0.02415	0.00893	0.01303	0.01826	0.00854	0.01517	0.01229	0.01469	0.08991	0.01936	0.12467	0.00700	0.00444	0.00139	0.00530	0.00513	0.00326	0.00677
25	0.00970	0.00707	0.00912	0.00810	0.00888	0.00712	0.05976	0.06363	0.01009	0.01349	0.01722	0.03401	0.01906	0.68036	0.02569	0.00499	0.00591	0.00796	0.00359	0.00425
26	0.01147	0.02959	0.76934	0.01630	0.02476	0.01328	0.02113	0.01811	0.01208	0.01811	0.01026	0.01208	0.00725	0.00543	0.00543	0.00181	0.00845	0.00423	0.00242	0.00845
27	0.00697	0.00498	0.00664	0.00796	0.00830	0.00465	0.00531	0.00796	0.01095	0.01460	0.03153	0.79525	0.03783	0.01792	0.00730	0.00232	0.00332	0.01626	0.00531	0.00465
28	0.00721	0.00516	0.00685	0.00780	0.00835	0.00481	0.00533	0.00857	0.01207	0.01638	0.18718	0.63452	0.04128	0.01659	0.00718	0.00221	0.00319	0.01500	0.00552	0.00481
29	0.01423	0.01229	0.01293	0.01164	0.01487	0.01423	0.00905	0.03039	0.75297	0.02393	0.02328	0.02134	0.01746	0.00776	0.00582	0.00194	0.00453	0.00647	0.00582	0.00905
30	0.83938	0.01106	0.00841	0.00752	0.01106	0.01283	0.00619	0.01681	0.00973	0.02566	0.00796	0.00929	0.00619	0.00531	0.00354	0.00177	0.00442	0.00310	0.00354	0.00619
31	0.01373	0.01440	0.07226	0.08947	0.66065	0.01350	0.01767	0.01737	0.01284	0.01835	0.01068	0.01410	0.00883	0.00516	0.00565	0.00172	0.00697	0.00504	0.00278	0.00882
32	0.83938	0.01106	0.00841	0.00752	0.01106	0.01283	0.00619	0.01681	0.00973	0.02566	0.00796	0.00929	0.00619	0.00531	0.00354	0.00177	0.00442	0.00310	0.00354	0.00619
33	0.00728	0.00519	0.00653	0.00742	0.00783	0.00488	0.00485	0.00816	0.01072	0.01420	0.05599	0.55480	0.08582	0.18429	0.01190	0.00297	0.00374	0.01406	0.00495	0.00443
34	0.00697	0.00498	0.00664	0.00796	0.00830	0.00465	0.00531	0.00796	0.01095	0.01460	0.03153	0.79525	0.03783	0.01792	0.00730	0.00232	0.00332	0.01626	0.00531	0.00465
35	0.01486	0.01301	0.02172	0.10830	0.61722	0.01320	0.01655	0.03429	0.01343	0.07513	0.01166	0.01466	0.00932	0.00535	0.00568	0.00173	0.00672	0.00515	0.00319	0.00885
36	0.83938	0.01106	0.00841	0.00752	0.01106	0.01283	0.00619	0.01681	0.00973	0.02566	0.00796	0.00929	0.00619	0.00531	0.00354	0.00177	0.00442	0.00310	0.00354	0.00619
37	0.01294	0.01109	0.01175	0.01079	0.01367	0.01258	0.00831	0.02651	0.62387	0.02239	0.02733	0.08305	0.09248	0.00919	0.00602	0.00197	0.00427	0.00776	0.00573	0.00830
38	0.83938	0.01106	0.00841	0.00752	0.01106	0.01283	0.00619	0.01681	0.00973	0.02566	0.00796	0.00929	0.00619	0.00531	0.00354	0.00177	0.00442	0.00310	0.00354	0.00619
39	0.00818	0.00550	0.00632	0.00644	0.00651	0.00545	0.00370	0.00835	0.00879	0.01176	0.03897	0.11371	0.02338	0.69973	0.02633	0.00512	0.00525	0.00917	0.00373	0.00364
40	0.00697	0.00498	0.00664	0.00796	0.00830	0.00465	0.00531	0.00796	0.01095	0.01460	0.03153	0.79525	0.03783	0.01792	0.00730	0.00232	0.00332	0.01626	0.00531	0.00465
41	0.01529	0.80242	0.02997	0.00979	0.01468	0.02263	0.00979	0.01713	0.01162	0.01346	0.00795	0.00918	0.00734	0.00489	0.00367	0.00122	0.00612	0.00306	0.00245	0.00734
42	0.00832	0.00555	0.00624	0.00624	0.00624	0.00555	0.00347	0.00832	0.00832	0.01109	0.01802	0.03743	0.02080	0.79898	0.02911	0.00555	0.00555	0.00832	0.00347	0.00347
43	0.00686	0.00542	0.00618	0.00678	0.00799	0.00475	0.00478	0.00810	0.01209	0.01507	0.04593	0.39162	0.43216	0.01605	0.00701	0.00211	0.00309	0.01398	0.00531	0.00475
44	0.00817	0.00613	0.00919	0.00919	0.01021	0.00715	0.00715	0.01021	0.00919	0.01328	0.01532	0.02247	0.01430	0.04290	0.77631	0.00919	0.01532	0.00613	0.00306	0.00511
45	0.04245	0.01309	0.01687	0.01415	0.07330	0.01325	0.05709	0.33001	0.02023	0.33443	0.01686	0.01613	0.01135	0.00665	0.00574	0.00175	0.00591	0.00545	0.00583	0.00946
46	0.01364	0.00793	0.00962	0.00846	0.01081	0.02584	0.00652	0.01679	0.06943	0.22859	0.28862	0.03353	0.12297	0.06309	0.06584	0.00261	0.00479	0.00838	0.00585	0.00669
47	0.01805	0.01304	0.01427	0.01149	0.01506	0.01417	0.00920	0.49637	0.06987	0.05785	0.07367	0.07709	0.03492	0.05902	0.00745	0.00203	0.00550	0.00685	0.00564	0.00846

[dist]
# distance from previous block
# <min> <max>
1	117

# created by:
# /st0/software/busco_prod/Augustus/scripts/msa2prfl.pl ./align_prep/174057.fa
