[name]
unknown

[dist]
# distance from previous block
# <min> <max>
0	52

[block]
# block no. 0 follows, 42 sequences, length 65
# corresponding to MSA columns:
# 71-79,81-136
name=unknown_A
#
# <colnr> <probs for GDERKNQSTAVLIFYWHMCP>
#	G	D	E	R	K	N	Q	S	T	A	V	L	I	F	Y	W	H	M	C	P
0	0.01280	0.01672	0.29801	0.01200	0.01678	0.01073	0.01255	0.12708	0.05082	0.07747	0.08384	0.10169	0.07169	0.00885	0.00595	0.00186	0.00585	0.05440	0.00441	0.02648
1	0.01319	0.11443	0.43821	0.01372	0.02001	0.01416	0.01558	0.02152	0.21646	0.05762	0.01397	0.01442	0.01025	0.00600	0.00526	0.00175	0.00681	0.00471	0.00354	0.00842
2	0.01225	0.00998	0.01173	0.00841	0.01338	0.00754	0.00674	0.01474	0.01186	0.05076	0.01053	0.01199	0.00858	0.00429	0.00423	0.00087	0.00419	0.00343	0.00349	0.80100
3	0.01167	0.01000	0.01167	0.00834	0.01334	0.00750	0.00667	0.01417	0.01167	0.01834	0.01000	0.01167	0.00834	0.00417	0.00417	0.00083	0.00417	0.00333	0.00333	0.83663
4	0.01314	0.01003	0.01287	0.00953	0.01410	0.00813	0.05392	0.03175	0.02799	0.10294	0.04365	0.03570	0.03225	0.00556	0.00480	0.00115	0.00451	0.00474	0.00402	0.57921
5	0.00817	0.00550	0.00638	0.00638	0.00646	0.00558	0.00371	0.00834	0.00825	0.01109	0.01751	0.03562	0.01994	0.74011	0.09004	0.00575	0.00624	0.00801	0.00338	0.00354
6	0.01299	0.01697	0.13136	0.02248	0.02838	0.01415	0.63212	0.01789	0.01298	0.01789	0.01112	0.01467	0.00832	0.00495	0.00676	0.00190	0.02838	0.00627	0.00277	0.00765
7	0.01129	0.02911	0.77306	0.01604	0.02436	0.01307	0.02079	0.01782	0.01188	0.01782	0.01010	0.01188	0.00713	0.00535	0.00535	0.00178	0.00832	0.00416	0.00238	0.00832
8	0.02266	0.01116	0.01378	0.01067	0.01482	0.01084	0.00877	0.24687	0.01926	0.48455	0.08018	0.01930	0.01580	0.00727	0.00573	0.00173	0.00504	0.00585	0.00649	0.00923
9	0.02117	0.04762	0.01469	0.01071	0.01502	0.01196	0.00883	0.26808	0.03708	0.36389	0.01720	0.01668	0.01188	0.03472	0.00622	0.00174	0.00527	0.00520	0.00577	0.09629
10	0.01137	0.01093	0.01654	0.53023	0.03054	0.03495	0.01419	0.01433	0.01069	0.01437	0.00956	0.01435	0.00771	0.00681	0.00902	0.00200	0.21930	0.00495	0.03197	0.00620
11	0.01049	0.00525	0.00525	0.00525	0.00656	0.00525	0.00393	0.01311	0.01180	0.02098	0.01836	0.02098	0.01442	0.00656	0.00393	0.00131	0.00262	0.00525	0.83346	0.00525
12	0.01479	0.61876	0.02557	0.07323	0.01602	0.03660	0.00974	0.01683	0.01212	0.05308	0.06851	0.01267	0.01121	0.00554	0.00415	0.00134	0.00590	0.00389	0.00296	0.00710
13	0.00784	0.00575	0.00734	0.00694	0.00833	0.00525	0.00521	0.01037	0.01562	0.02184	0.69461	0.04323	0.12309	0.01178	0.00664	0.00178	0.00267	0.01034	0.00610	0.00525
14	0.01049	0.00525	0.00525	0.00525	0.00656	0.00525	0.00393	0.01311	0.01180	0.02098	0.01836	0.02098	0.01442	0.00656	0.00393	0.00131	0.00262	0.00525	0.83346	0.00525
15	0.07467	0.01567	0.01857	0.13450	0.33118	0.16912	0.01392	0.10508	0.01443	0.01918	0.01012	0.01285	0.00818	0.00571	0.00593	0.00170	0.04365	0.00459	0.00314	0.00779
16	0.01049	0.00525	0.00525	0.00525	0.00656	0.00525	0.00393	0.01311	0.01180	0.02098	0.01836	0.02098	0.01442	0.00656	0.00393	0.00131	0.00262	0.00525	0.83346	0.00525
17	0.11245	0.01456	0.01656	0.01295	0.01722	0.01607	0.07003	0.48733	0.14391	0.03092	0.01424	0.01439	0.01035	0.00656	0.00549	0.00175	0.00597	0.00518	0.00517	0.00891
18	0.00818	0.00546	0.00614	0.00614	0.00614	0.00546	0.00341	0.00818	0.00818	0.01091	0.01773	0.03683	0.02046	0.80222	0.02864	0.00546	0.00546	0.00818	0.00341	0.00341
19	0.07847	0.02058	0.01488	0.01306	0.01635	0.42627	0.01008	0.15215	0.17550	0.02052	0.01252	0.01299	0.00970	0.00632	0.00520	0.00161	0.00782	0.00442	0.00403	0.00754
20	0.01475	0.01137	0.01246	0.01122	0.01436	0.01279	0.00886	0.02816	0.61995	0.09987	0.02340	0.02428	0.01809	0.00821	0.00589	0.00195	0.00455	0.06537	0.00581	0.00867
21	0.00808	0.00541	0.00617	0.00628	0.00630	0.00538	0.00356	0.00816	0.00840	0.01119	0.01882	0.09908	0.02183	0.73810	0.02689	0.00520	0.00528	0.00882	0.00356	0.00350
22	0.01107	0.01045	0.01767	0.68825	0.13577	0.01262	0.01585	0.01476	0.01146	0.01491	0.01008	0.01486	0.00769	0.00554	0.00562	0.00185	0.00739	0.00500	0.00254	0.00661
23	0.01063	0.01000	0.01688	0.78870	0.03876	0.01250	0.01563	0.01438	0.01125	0.01438	0.01000	0.01500	0.00750	0.00563	0.00563	0.00188	0.00750	0.00500	0.00250	0.00625
24	0.01063	0.01000	0.01688	0.78870	0.03876	0.01250	0.01563	0.01438	0.01125	0.01438	0.01000	0.01500	0.00750	0.00563	0.00563	0.00188	0.00750	0.00500	0.00250	0.00625
25	0.01231	0.01231	0.01724	0.01477	0.01477	0.01724	0.01231	0.01354	0.00862	0.01354	0.00739	0.01231	0.00739	0.00985	0.01847	0.00246	0.79192	0.00492	0.00246	0.00616
26	0.01231	0.01231	0.01724	0.01477	0.01477	0.01724	0.01231	0.01354	0.00862	0.01354	0.00739	0.01231	0.00739	0.00985	0.01847	0.00246	0.79192	0.00492	0.00246	0.00616
27	0.01049	0.00525	0.00525	0.00525	0.00656	0.00525	0.00393	0.01311	0.01180	0.02098	0.01836	0.02098	0.01442	0.00656	0.00393	0.00131	0.00262	0.00525	0.83346	0.00525
28	0.01063	0.01000	0.01688	0.78870	0.03876	0.01250	0.01563	0.01438	0.01125	0.01438	0.01000	0.01500	0.00750	0.00563	0.00563	0.00188	0.00750	0.00500	0.00250	0.00625
29	0.01612	0.01009	0.01070	0.04397	0.01273	0.04492	0.00733	0.23000	0.01682	0.12448	0.01664	0.01779	0.01230	0.00659	0.00479	0.00151	0.00452	0.00516	0.40635	0.00719
30	0.01049	0.00525	0.00525	0.00525	0.00656	0.00525	0.00393	0.01311	0.01180	0.02098	0.01836	0.02098	0.01442	0.00656	0.00393	0.00131	0.00262	0.00525	0.83346	0.00525
31	0.84197	0.01088	0.00827	0.00740	0.01088	0.01262	0.00609	0.01654	0.00958	0.02525	0.00784	0.00914	0.00609	0.00522	0.00348	0.00174	0.00435	0.00305	0.00348	0.00609
32	0.01081	0.01018	0.01720	0.74810	0.07797	0.01255	0.01572	0.01453	0.01134	0.01459	0.01003	0.01495	0.00758	0.00559	0.00562	0.00186	0.00746	0.00500	0.00252	0.00639
33	0.01460	0.01239	0.01307	0.01157	0.01486	0.01428	0.00905	0.08862	0.69725	0.02452	0.02214	0.02038	0.01656	0.00756	0.00572	0.00189	0.00460	0.00626	0.00572	0.00896
34	0.00686	0.00490	0.00653	0.00784	0.00816	0.00457	0.00522	0.00784	0.01077	0.01437	0.03102	0.79855	0.03722	0.01763	0.00718	0.00229	0.00326	0.01600	0.00522	0.00457
35	0.01049	0.00525	0.00525	0.00525	0.00656	0.00525	0.00393	0.01311	0.01180	0.02098	0.01836	0.02098	0.01442	0.00656	0.00393	0.00131	0.00262	0.00525	0.83346	0.00525
36	0.01653	0.01382	0.01664	0.04268	0.07758	0.10186	0.01170	0.10920	0.01335	0.13989	0.01123	0.01376	0.00898	0.00867	0.02774	0.00219	0.36817	0.00495	0.00368	0.00739
37	0.01158	0.08983	0.71492	0.01554	0.02358	0.01379	0.01992	0.01775	0.01185	0.01746	0.00992	0.01166	0.00714	0.00531	0.00521	0.00174	0.00814	0.00407	0.00238	0.00823
38	0.01231	0.01231	0.01724	0.01477	0.01477	0.01724	0.01231	0.01354	0.00862	0.01354	0.00739	0.01231	0.00739	0.00985	0.01847	0.00246	0.79192	0.00492	0.00246	0.00616
39	0.02139	0.01576	0.01689	0.01295	0.01745	0.01745	0.01070	0.74835	0.02646	0.03547	0.01351	0.01351	0.00957	0.00676	0.00563	0.00169	0.00619	0.00507	0.00563	0.00957
40	0.02097	0.01486	0.01616	0.01253	0.01684	0.01627	0.01029	0.65488	0.04241	0.08572	0.01496	0.04192	0.01103	0.00718	0.00569	0.00172	0.00595	0.00553	0.00571	0.00938
41	0.01705	0.15055	0.01661	0.01230	0.01519	0.42674	0.00971	0.05165	0.04498	0.01487	0.01074	0.01333	0.00930	0.02713	0.15312	0.00296	0.00990	0.00424	0.00309	0.00653
42	0.01297	0.01442	0.02959	0.02166	0.02616	0.01463	0.58905	0.01698	0.01229	0.01705	0.01071	0.01480	0.00845	0.00661	0.02723	0.00217	0.15888	0.00630	0.00278	0.00726
43	0.00953	0.00713	0.01022	0.01231	0.07339	0.00717	0.00965	0.01245	0.02999	0.01707	0.02810	0.07528	0.03023	0.01455	0.00753	0.00249	0.00524	0.63711	0.00500	0.00556
44	0.02440	0.00966	0.01299	0.00998	0.01433	0.00838	0.00822	0.02694	0.03436	0.72104	0.02171	0.01889	0.01378	0.00687	0.00560	0.00171	0.00475	0.00558	0.00678	0.04403
45	0.00686	0.00490	0.00653	0.00784	0.00816	0.00457	0.00522	0.00784	0.01077	0.01437	0.03102	0.79855	0.03722	0.01763	0.00718	0.00229	0.00326	0.01600	0.00522	0.00457
46	0.01167	0.01000	0.01167	0.00834	0.01334	0.00750	0.00667	0.01417	0.01167	0.01834	0.01000	0.01167	0.00834	0.00417	0.00417	0.00083	0.00417	0.00333	0.00333	0.83663
47	0.01328	0.01518	0.03321	0.02372	0.02941	0.01423	0.74668	0.01803	0.01328	0.01803	0.01139	0.01518	0.00854	0.00474	0.00664	0.00190	0.00949	0.00664	0.00285	0.00759
48	0.00816	0.00557	0.00669	0.00669	0.00688	0.00576	0.00410	0.00854	0.00835	0.01132	0.01722	0.03402	0.01924	0.65724	0.17196	0.00614	0.00729	0.00777	0.00333	0.00372
49	0.81968	0.01132	0.00848	0.00759	0.01106	0.03345	0.00622	0.01670	0.00975	0.02494	0.00786	0.00917	0.00613	0.00524	0.00353	0.00173	0.00451	0.00306	0.00347	0.00611
50	0.00670	0.00550	0.00590	0.00622	0.00774	0.00471	0.00451	0.00802	0.01232	0.01500	0.05064	0.23670	0.58641	0.01508	0.00678	0.00199	0.00295	0.01289	0.00523	0.00471
51	0.00947	0.00826	0.01186	0.01097	0.01187	0.02558	0.03633	0.01125	0.00937	0.01345	0.01431	0.08587	0.01417	0.04576	0.46367	0.00633	0.20642	0.00663	0.00307	0.00536
52	0.06067	0.01404	0.01478	0.01206	0.01599	0.01582	0.00974	0.42337	0.31773	0.03017	0.01698	0.01628	0.01243	0.00703	0.00556	0.00178	0.00540	0.00548	0.00556	0.00913
53	0.01700	0.18638	0.01744	0.01133	0.01521	0.23888	0.00925	0.15709	0.03271	0.03256	0.01141	0.04537	0.00982	0.02432	0.00535	0.00147	0.00671	0.00444	0.00365	0.16962
54	0.00845	0.00586	0.00768	0.00716	0.00857	0.00539	0.00539	0.01109	0.01593	0.04349	0.74341	0.04140	0.05200	0.01138	0.00661	0.00177	0.00271	0.01005	0.00622	0.00543
55	0.01063	0.01000	0.01688	0.78870	0.03876	0.01250	0.01563	0.01438	0.01125	0.01438	0.01000	0.01500	0.00750	0.00563	0.00563	0.00188	0.00750	0.00500	0.00250	0.00625
56	0.00796	0.00575	0.00752	0.00708	0.00841	0.00531	0.00531	0.01062	0.01593	0.02257	0.76415	0.04204	0.05310	0.01150	0.00664	0.00177	0.00265	0.01018	0.00619	0.00531
57	0.01049	0.00525	0.00525	0.00525	0.00656	0.00525	0.00393	0.01311	0.01180	0.02098	0.01836	0.02098	0.01442	0.00656	0.00393	0.00131	0.00262	0.00525	0.83346	0.00525
58	0.06722	0.07596	0.03115	0.01167	0.05290	0.01182	0.00927	0.18199	0.01589	0.28619	0.01588	0.01668	0.01157	0.01395	0.16886	0.00323	0.00752	0.00517	0.00494	0.00815
59	0.01530	0.67193	0.08724	0.01059	0.01550	0.09162	0.01063	0.01745	0.01189	0.01365	0.00809	0.00936	0.00722	0.00495	0.00388	0.00127	0.00658	0.00316	0.00245	0.00724
60	0.01049	0.00525	0.00525	0.00525	0.00656	0.00525	0.00393	0.01311	0.01180	0.02098	0.01836	0.02098	0.01442	0.00656	0.00393	0.00131	0.00262	0.00525	0.83346	0.00525
61	0.00803	0.00543	0.00636	0.00650	0.00660	0.00546	0.00383	0.00826	0.00851	0.01141	0.01896	0.11621	0.02182	0.67152	0.07381	0.00535	0.00583	0.00887	0.00358	0.00363
62	0.02009	0.02468	0.01637	0.01594	0.07853	0.65817	0.01129	0.04094	0.05410	0.01521	0.00971	0.01110	0.00796	0.00585	0.00516	0.00150	0.00947	0.00392	0.00311	0.00692
63	0.05271	0.14571	0.01885	0.01682	0.17443	0.29669	0.01137	0.06339	0.01441	0.05580	0.00998	0.01156	0.00812	0.00553	0.00517	0.00147	0.02547	0.00399	0.00322	0.07530
64	0.08363	0.01361	0.01526	0.04333	0.05514	0.01460	0.01003	0.44662	0.06207	0.07617	0.01358	0.01437	0.01000	0.02450	0.00584	0.00171	0.00571	0.00491	0.00499	0.09392

[dist]
# distance from previous block
# <min> <max>
8	26

[block]
# block no. 1 follows, 42 sequences, length 22
# corresponding to MSA columns:
# 163-184
name=unknown_B
#
# <colnr> <probs for GDERKNQSTAVLIFYWHMCP>
#	G	D	E	R	K	N	Q	S	T	A	V	L	I	F	Y	W	H	M	C	P
0	0.01772	0.01418	0.04944	0.01198	0.01597	0.01467	0.01007	0.51009	0.08026	0.03010	0.06680	0.05037	0.01448	0.00951	0.05012	0.00214	0.00623	0.00595	0.00529	0.03464
1	0.04307	0.01170	0.06530	0.01077	0.01434	0.01061	0.03269	0.23130	0.01644	0.15460	0.03487	0.16266	0.01682	0.05525	0.03271	0.00220	0.00557	0.00729	0.00498	0.08680
2	0.12884	0.20478	0.16192	0.01164	0.01642	0.13821	0.01124	0.11625	0.01429	0.04954	0.02973	0.01203	0.00902	0.00630	0.01887	0.00165	0.00684	0.00398	0.00341	0.05504
3	0.30430	0.01377	0.11126	0.05609	0.01601	0.01259	0.00976	0.16660	0.05747	0.06776	0.04297	0.01494	0.03459	0.00628	0.00482	0.00170	0.00533	0.00465	0.00420	0.06490
4	0.00986	0.00748	0.00838	0.00774	0.00957	0.04151	0.00593	0.04381	0.03216	0.05595	0.48752	0.04081	0.18237	0.01140	0.00649	0.00180	0.00341	0.03224	0.00583	0.00572
5	0.07010	0.24715	0.07171	0.05647	0.01742	0.21337	0.01090	0.11296	0.01460	0.06177	0.00996	0.01126	0.00791	0.00573	0.00521	0.00151	0.03866	0.00387	0.00332	0.03610
6	0.06372	0.05823	0.01646	0.02425	0.06801	0.03236	0.03924	0.28198	0.01840	0.22857	0.05865	0.01638	0.01283	0.00744	0.02068	0.00185	0.03190	0.00534	0.00515	0.00856
7	0.04883	0.00775	0.00944	0.00848	0.01075	0.00759	0.00649	0.01734	0.13176	0.19580	0.30358	0.12175	0.05979	0.03651	0.00692	0.00197	0.00368	0.00890	0.00594	0.00674
8	0.04901	0.01166	0.01340	0.01253	0.06883	0.01269	0.00920	0.13515	0.37977	0.12878	0.09945	0.02088	0.01839	0.00754	0.00570	0.00181	0.00473	0.00625	0.00563	0.00860
9	0.01609	0.58455	0.07555	0.01035	0.01524	0.06836	0.01018	0.01826	0.01225	0.09263	0.00963	0.01046	0.00797	0.00511	0.00406	0.00130	0.00623	0.00342	0.00295	0.04543
10	0.04557	0.01464	0.08558	0.01431	0.08751	0.01405	0.01140	0.33612	0.12956	0.12853	0.01634	0.01831	0.01234	0.00713	0.00568	0.00179	0.00586	0.05123	0.00516	0.00890
11	0.00785	0.00567	0.00683	0.00675	0.00771	0.00531	0.00473	0.00939	0.01257	0.01698	0.34055	0.06330	0.15878	0.27202	0.01395	0.00306	0.00377	0.05119	0.00504	0.00457
12	0.02162	0.01539	0.01666	0.01277	0.01727	0.01690	0.01055	0.70520	0.02584	0.07949	0.01403	0.01385	0.00983	0.00677	0.00563	0.00169	0.00611	0.00510	0.00571	0.00957
13	0.09877	0.01186	0.04451	0.40925	0.13599	0.01281	0.04309	0.05063	0.06169	0.06117	0.01163	0.01470	0.00869	0.00571	0.00544	0.00182	0.00675	0.00497	0.00326	0.00727
14	0.00708	0.00506	0.00677	0.00796	0.00842	0.00475	0.00550	0.00829	0.01127	0.01509	0.07993	0.69709	0.03795	0.01708	0.00719	0.00227	0.00336	0.06499	0.00529	0.00466
15	0.01785	0.29065	0.02130	0.01319	0.03528	0.27969	0.03445	0.10432	0.04702	0.04092	0.01005	0.01131	0.00824	0.00589	0.00561	0.00151	0.05809	0.00398	0.00327	0.00739
16	0.00709	0.00551	0.00648	0.00690	0.00817	0.00490	0.00505	0.00865	0.01269	0.01624	0.16233	0.28837	0.37132	0.01496	0.00689	0.00205	0.00310	0.05912	0.00538	0.00481
17	0.29884	0.13773	0.01538	0.02994	0.01488	0.19361	0.00904	0.13013	0.03814	0.02141	0.02385	0.01132	0.00841	0.00594	0.00503	0.00162	0.04034	0.00386	0.00357	0.00698
18	0.12138	0.08703	0.18636	0.01421	0.10968	0.01259	0.01215	0.07101	0.04457	0.22878	0.02748	0.01458	0.01057	0.00596	0.00509	0.00167	0.00590	0.00468	0.00430	0.03201
19	0.01553	0.29996	0.10181	0.01052	0.01472	0.12035	0.00986	0.03346	0.01385	0.12740	0.12129	0.01844	0.05827	0.00685	0.00497	0.00150	0.00596	0.00519	0.00394	0.02613
20	0.07218	0.14438	0.01478	0.05502	0.03800	0.03149	0.00864	0.06796	0.13220	0.14332	0.12937	0.06725	0.04527	0.00810	0.00545	0.00173	0.00489	0.01772	0.00487	0.00738
21	0.08064	0.25687	0.05975	0.06353	0.01518	0.08775	0.00916	0.01674	0.01290	0.10954	0.09383	0.01969	0.09628	0.00771	0.01949	0.00169	0.00578	0.00539	0.00385	0.03424

[dist]
# distance from previous block
# <min> <max>
5	16

[block]
# block no. 2 follows, 42 sequences, length 21
# corresponding to MSA columns:
# 202-222
name=unknown_C
#
# <colnr> <probs for GDERKNQSTAVLIFYWHMCP>
#	G	D	E	R	K	N	Q	S	T	A	V	L	I	F	Y	W	H	M	C	P
0	0.01249	0.00927	0.01061	0.00901	0.01183	0.02568	0.02429	0.12880	0.09115	0.08634	0.20772	0.05450	0.21922	0.01000	0.00609	0.00174	0.00409	0.00844	0.00546	0.07327
1	0.18704	0.11295	0.02530	0.02054	0.01388	0.02748	0.00811	0.05380	0.05010	0.27629	0.04448	0.03252	0.01248	0.00637	0.00483	0.00158	0.00491	0.00485	0.00482	0.10768
2	0.01302	0.00887	0.01022	0.00878	0.01136	0.00887	0.00689	0.20511	0.03947	0.09856	0.26934	0.08346	0.19168	0.01070	0.00629	0.00181	0.00393	0.00903	0.00583	0.00679
3	0.01082	0.00860	0.02651	0.00984	0.05653	0.00773	0.00708	0.06283	0.06177	0.04995	0.23013	0.11607	0.10147	0.06711	0.00759	0.00193	0.00403	0.00840	0.00494	0.15668
4	0.01194	0.14062	0.63338	0.01591	0.05486	0.01441	0.01903	0.01766	0.01186	0.01718	0.00979	0.01156	0.00722	0.00526	0.00511	0.00169	0.00791	0.00403	0.00240	0.00818
5	0.01049	0.00525	0.00525	0.00525	0.00656	0.00525	0.00393	0.01311	0.01180	0.02098	0.01836	0.02098	0.01442	0.00656	0.00393	0.00131	0.00262	0.00525	0.83346	0.00525
6	0.01329	0.01275	0.02055	0.02794	0.53195	0.01397	0.01532	0.01645	0.03320	0.01755	0.04257	0.01495	0.01068	0.00653	0.00873	0.00187	0.19541	0.00525	0.00294	0.00810
7	0.00990	0.00543	0.00616	0.00616	0.00740	0.00568	0.00468	0.01238	0.01114	0.01908	0.01757	0.02125	0.01434	0.01514	0.19067	0.00317	0.00562	0.00543	0.63363	0.00519
8	0.62343	0.01055	0.00965	0.02872	0.01246	0.01157	0.00687	0.01910	0.01119	0.20442	0.01135	0.01171	0.00802	0.00565	0.00406	0.00174	0.00454	0.00373	0.00429	0.00694
9	0.01203	0.00871	0.01095	0.01099	0.01305	0.00912	0.00946	0.18894	0.01620	0.02132	0.02588	0.05146	0.02690	0.01343	0.00726	0.00237	0.00543	0.55498	0.00529	0.00624
10	0.01078	0.00898	0.01067	0.00803	0.01215	0.00697	0.00634	0.01332	0.01269	0.01936	0.19148	0.01898	0.01911	0.00593	0.00476	0.00106	0.00380	0.00498	0.00402	0.63658
11	0.00856	0.00694	0.01046	0.01426	0.19080	0.00669	0.00812	0.01011	0.01127	0.01533	0.02610	0.60974	0.03041	0.01459	0.00680	0.00214	0.00409	0.01336	0.00464	0.00562
12	0.00962	0.00516	0.00555	0.00587	0.00694	0.00508	0.00424	0.01184	0.01155	0.01939	0.02140	0.20809	0.01991	0.00922	0.00472	0.00155	0.00278	0.00783	0.63416	0.00508
13	0.00825	0.00798	0.01232	0.01004	0.01285	0.00703	0.18293	0.01047	0.01294	0.01588	0.04603	0.04478	0.58284	0.01196	0.00665	0.00190	0.00445	0.01062	0.00465	0.00543
14	0.00962	0.00516	0.00555	0.00587	0.00694	0.00508	0.00424	0.01184	0.01155	0.01939	0.02140	0.20809	0.01991	0.00922	0.00472	0.00155	0.00278	0.00783	0.63416	0.00508
15	0.01411	0.02212	0.42076	0.01605	0.04576	0.01391	0.09282	0.21465	0.01624	0.02292	0.05735	0.01458	0.01081	0.00603	0.00564	0.00176	0.00747	0.00506	0.00355	0.00841
16	0.01815	0.01070	0.01707	0.01296	0.01707	0.00991	0.18554	0.06044	0.04942	0.35941	0.15073	0.02181	0.01933	0.00717	0.00602	0.00176	0.00558	0.00663	0.00559	0.03472
17	0.01226	0.00944	0.01118	0.00872	0.01236	0.00822	0.00676	0.08102	0.06128	0.01820	0.01112	0.01376	0.00938	0.00834	0.00869	0.20202	0.00455	0.00407	0.00349	0.50515
18	0.03362	0.01210	0.03848	0.01860	0.26785	0.03084	0.01168	0.05764	0.06142	0.33493	0.03284	0.04715	0.01344	0.00674	0.00565	0.00174	0.00561	0.00581	0.00503	0.00885
19	0.01334	0.01200	0.01725	0.01264	0.01757	0.03055	0.18521	0.03711	0.07125	0.05151	0.01194	0.01358	0.00932	0.00481	0.00501	0.00125	0.00571	0.00452	0.00361	0.49180
20	0.01479	0.11965	0.11705	0.01708	0.20864	0.01344	0.01231	0.11542	0.06760	0.06704	0.01303	0.01464	0.02276	0.02447	0.00563	0.00160	0.00594	0.00469	0.00368	0.15054

[dist]
# distance from previous block
# <min> <max>
10	21

[block]
# block no. 3 follows, 42 sequences, length 10
# corresponding to MSA columns:
# 246-255
name=unknown_D
#
# <colnr> <probs for GDERKNQSTAVLIFYWHMCP>
#	G	D	E	R	K	N	Q	S	T	A	V	L	I	F	Y	W	H	M	C	P
0	0.02818	0.01015	0.01233	0.01190	0.08471	0.01030	0.00839	0.19792	0.08028	0.11911	0.13833	0.10941	0.09411	0.02728	0.00649	0.00186	0.00459	0.00787	0.00536	0.04142
1	0.01396	0.01391	0.02202	0.12678	0.02380	0.07332	0.28888	0.04348	0.04701	0.04764	0.01123	0.01424	0.00874	0.00596	0.00776	0.00180	0.12844	0.00538	0.00320	0.11245
2	0.01728	0.01333	0.01537	0.01199	0.01609	0.01403	0.04605	0.46893	0.06227	0.02870	0.01664	0.06524	0.04767	0.00814	0.02238	0.00180	0.00582	0.00600	0.00507	0.12720
3	0.01961	0.02185	0.01518	0.01328	0.01649	0.50402	0.01021	0.18994	0.05324	0.01938	0.01439	0.01500	0.06951	0.00679	0.00536	0.00156	0.00837	0.00476	0.00385	0.00720
4	0.01329	0.01117	0.01351	0.01026	0.01474	0.01009	0.04791	0.12820	0.11224	0.02141	0.01343	0.05526	0.01124	0.00577	0.00489	0.00124	0.00476	0.00485	0.00407	0.51167
5	0.01403	0.01201	0.02014	0.25569	0.47915	0.01263	0.01592	0.01739	0.01267	0.08930	0.01153	0.01475	0.00898	0.00538	0.00560	0.00174	0.00675	0.00507	0.00310	0.00819
6	0.01324	0.01079	0.01330	0.00979	0.01461	0.00906	0.04658	0.06232	0.07521	0.05743	0.01198	0.01313	0.00944	0.00479	0.00460	0.00108	0.00463	0.00399	0.00383	0.63020
7	0.01487	0.01287	0.02165	0.06405	0.66424	0.01285	0.01634	0.01812	0.01306	0.09031	0.01167	0.01447	0.00934	0.00523	0.00558	0.00169	0.00654	0.00508	0.00317	0.00887
8	0.01393	0.01367	0.02194	0.10734	0.66114	0.04883	0.01681	0.01723	0.01281	0.01778	0.01044	0.01386	0.00870	0.00511	0.00555	0.00168	0.00693	0.00495	0.00276	0.00854
9	0.01478	0.05613	0.07271	0.01093	0.01479	0.02808	0.00937	0.06914	0.36892	0.10613	0.04011	0.02152	0.06576	0.00754	0.00555	0.00174	0.00494	0.01957	0.00513	0.07715

[dist]
# distance from previous block
# <min> <max>
20	41

[block]
# block no. 4 follows, 42 sequences, length 31
# corresponding to MSA columns:
# 298-328
name=unknown_E
#
# <colnr> <probs for GDERKNQSTAVLIFYWHMCP>
#	G	D	E	R	K	N	Q	S	T	A	V	L	I	F	Y	W	H	M	C	P
0	0.01479	0.01510	0.10229	0.08949	0.38282	0.04622	0.01496	0.08402	0.09742	0.06067	0.01366	0.01553	0.02592	0.00589	0.00558	0.00173	0.00661	0.00520	0.00358	0.00852
1	0.11278	0.02730	0.01310	0.01055	0.03270	0.02690	0.00838	0.15613	0.03103	0.09894	0.03076	0.01732	0.01186	0.00649	0.00554	0.00149	0.03853	0.05929	0.00434	0.30658
2	0.01336	0.01200	0.01690	0.09507	0.07668	0.06133	0.14971	0.12998	0.04303	0.01994	0.01561	0.14235	0.01420	0.00786	0.00631	0.00179	0.03915	0.00703	0.10720	0.04050
3	0.01636	0.01032	0.01336	0.05491	0.08813	0.01045	0.00972	0.14875	0.08598	0.21894	0.05320	0.02877	0.07255	0.00890	0.00610	0.00189	0.00516	0.13396	0.00540	0.02713
4	0.01459	0.49062	0.07051	0.01135	0.01550	0.07980	0.04167	0.05604	0.01248	0.01510	0.01072	0.08669	0.01033	0.00659	0.00537	0.00150	0.05639	0.00478	0.00292	0.00705
5	0.00804	0.00603	0.00904	0.00904	0.01005	0.00703	0.00703	0.01005	0.00904	0.01306	0.01507	0.02211	0.01407	0.04221	0.77992	0.00904	0.01507	0.00603	0.00301	0.00502
6	0.03311	0.26432	0.52836	0.01388	0.02101	0.01585	0.01704	0.01750	0.01169	0.01662	0.00935	0.01095	0.00713	0.00518	0.00477	0.00161	0.00752	0.00378	0.00241	0.00793
7	0.00943	0.00705	0.03244	0.00753	0.00958	0.00587	0.00599	0.01203	0.01487	0.06613	0.52662	0.06872	0.08158	0.01057	0.00622	0.00169	0.00313	0.00923	0.04107	0.08024
8	0.01986	0.02045	0.01567	0.01343	0.01691	0.38621	0.01045	0.26481	0.15531	0.02277	0.01290	0.01325	0.00984	0.00645	0.00538	0.00161	0.00779	0.00461	0.00432	0.00797
9	0.84197	0.01088	0.00827	0.00740	0.01088	0.01262	0.00609	0.01654	0.00958	0.02525	0.00784	0.00914	0.00609	0.00522	0.00348	0.00174	0.00435	0.00305	0.00348	0.00609
10	0.01129	0.02911	0.77306	0.01604	0.02436	0.01307	0.02079	0.01782	0.01188	0.01782	0.01010	0.01188	0.00713	0.00535	0.00535	0.00178	0.00832	0.00416	0.00238	0.00832
11	0.84197	0.01088	0.00827	0.00740	0.01088	0.01262	0.00609	0.01654	0.00958	0.02525	0.00784	0.00914	0.00609	0.00522	0.00348	0.00174	0.00435	0.00305	0.00348	0.00609
12	0.00694	0.00501	0.00660	0.00783	0.00829	0.00466	0.00534	0.00802	0.01098	0.01452	0.03237	0.72579	0.07651	0.01736	0.00718	0.00228	0.00333	0.04716	0.00522	0.00461
13	0.01075	0.01012	0.01709	0.76148	0.06504	0.01253	0.01569	0.01448	0.01131	0.01452	0.01002	0.01496	0.00755	0.00560	0.00562	0.00187	0.00747	0.00500	0.00251	0.00635
14	0.01148	0.06979	0.73411	0.01570	0.02384	0.01355	0.02021	0.01777	0.01186	0.01758	0.00998	0.01173	0.00713	0.00532	0.00526	0.00175	0.00820	0.00410	0.00238	0.00826
15	0.02525	0.00958	0.01306	0.01001	0.01437	0.00827	0.00827	0.02743	0.01611	0.77102	0.02220	0.01915	0.01393	0.00697	0.00566	0.00174	0.00479	0.00566	0.00697	0.00958
16	0.00678	0.00571	0.00588	0.00584	0.00768	0.00481	0.00438	0.00833	0.01314	0.01593	0.12724	0.05296	0.69415	0.01398	0.00665	0.00189	0.00283	0.01171	0.00532	0.00481
17	0.01357	0.01286	0.02182	0.03274	0.71084	0.01286	0.01666	0.01685	0.01282	0.01827	0.01202	0.01762	0.01066	0.00580	0.00574	0.00174	0.00657	0.05896	0.00296	0.00864
18	0.05843	0.02379	0.01547	0.01370	0.01688	0.61667	0.01045	0.09007	0.01665	0.07272	0.01011	0.01109	0.00791	0.00595	0.00510	0.00151	0.00912	0.00388	0.00348	0.00702
19	0.53277	0.06404	0.01201	0.00912	0.01293	0.04660	0.00759	0.15998	0.01374	0.08152	0.01005	0.01077	0.00748	0.00565	0.00414	0.00168	0.00510	0.00366	0.00406	0.00712
20	0.01493	0.77207	0.02897	0.00985	0.01446	0.02205	0.00974	0.01671	0.01132	0.01325	0.00781	0.00917	0.00723	0.00503	0.00424	0.00126	0.03925	0.00309	0.00241	0.00718
21	0.01295	0.00879	0.01022	0.03363	0.01236	0.00881	0.00710	0.06214	0.19725	0.14418	0.18514	0.03278	0.21726	0.00983	0.00609	0.00180	0.00391	0.00826	0.00572	0.03177
22	0.16206	0.03066	0.01424	0.01293	0.10242	0.02638	0.04029	0.03636	0.05082	0.36343	0.03421	0.01782	0.02747	0.03248	0.00602	0.00183	0.00521	0.00535	0.00517	0.02483
23	0.12137	0.00977	0.01238	0.00967	0.01380	0.00896	0.00797	0.04899	0.01566	0.62647	0.05188	0.01876	0.01453	0.00695	0.00544	0.00174	0.00469	0.00552	0.00648	0.00898
24	0.00968	0.00613	0.00807	0.00737	0.00900	0.00560	0.00560	0.01228	0.01595	0.09671	0.69065	0.03977	0.04922	0.01106	0.00654	0.00177	0.00287	0.00973	0.00627	0.00573
25	0.01343	0.01309	0.02299	0.13364	0.60379	0.01333	0.08297	0.01696	0.01265	0.01782	0.01058	0.01418	0.00869	0.00507	0.00568	0.00172	0.00705	0.00516	0.00275	0.00844
26	0.01398	0.09887	0.05974	0.10308	0.53885	0.05582	0.01613	0.01726	0.01264	0.01717	0.01011	0.01320	0.00842	0.00511	0.00533	0.00163	0.00696	0.00468	0.00270	0.00832
27	0.00686	0.00490	0.00653	0.00784	0.00816	0.00457	0.00522	0.00784	0.01077	0.01437	0.03102	0.79855	0.03722	0.01763	0.00718	0.00229	0.00326	0.01600	0.00522	0.00457
28	0.00686	0.00490	0.00653	0.00784	0.00816	0.00457	0.00522	0.00784	0.01077	0.01437	0.03102	0.79855	0.03722	0.01763	0.00718	0.00229	0.00326	0.01600	0.00522	0.00457
29	0.04784	0.04153	0.01651	0.03019	0.01732	0.11153	0.01042	0.52342	0.04014	0.08575	0.01333	0.01344	0.00955	0.00654	0.00543	0.00166	0.00650	0.00483	0.00515	0.00891
30	0.01214	0.02174	0.41278	0.07821	0.12763	0.01339	0.21824	0.01755	0.01234	0.01770	0.01051	0.01329	0.00778	0.00516	0.00575	0.00181	0.00835	0.00502	0.00257	0.00805

[dist]
# distance from previous block
# <min> <max>
0	15

[block]
# block no. 5 follows, 42 sequences, length 66
# corresponding to MSA columns:
# 344-409
name=unknown_F
#
# <colnr> <probs for GDERKNQSTAVLIFYWHMCP>
#	G	D	E	R	K	N	Q	S	T	A	V	L	I	F	Y	W	H	M	C	P
0	0.84197	0.01088	0.00827	0.00740	0.01088	0.01262	0.00609	0.01654	0.00958	0.02525	0.00784	0.00914	0.00609	0.00522	0.00348	0.00174	0.00435	0.00305	0.00348	0.00609
1	0.00789	0.00569	0.00745	0.00713	0.00839	0.00526	0.00530	0.01043	0.01558	0.02200	0.71383	0.09397	0.05201	0.01193	0.00667	0.00181	0.00270	0.01058	0.00613	0.00526
2	0.01560	0.73343	0.02823	0.01008	0.01472	0.09246	0.00974	0.01737	0.01185	0.01329	0.00790	0.00913	0.00722	0.00491	0.00375	0.00123	0.00640	0.00307	0.00245	0.00716
3	0.03784	0.01017	0.01280	0.00982	0.01408	0.00922	0.00806	0.11450	0.01642	0.51966	0.01898	0.01736	0.01252	0.00651	0.00531	0.00159	0.00474	0.00520	0.05532	0.11989
4	0.02058	0.02598	0.01638	0.01575	0.06427	0.73172	0.01127	0.02215	0.01575	0.01406	0.00882	0.01038	0.00735	0.00575	0.00511	0.00146	0.00993	0.00371	0.00289	0.00667
5	0.00834	0.00645	0.00953	0.00936	0.01027	0.00769	0.00730	0.01024	0.00899	0.01304	0.01461	0.02181	0.01377	0.05932	0.70854	0.00850	0.06815	0.00601	0.00299	0.00506
6	0.01066	0.00802	0.01091	0.20015	0.04205	0.00932	0.00877	0.01409	0.05804	0.01801	0.06686	0.06441	0.01592	0.02543	0.00726	0.00182	0.10304	0.00623	0.32314	0.00588
7	0.01505	0.80561	0.02949	0.00963	0.01444	0.02227	0.00963	0.01685	0.01143	0.01324	0.00782	0.00903	0.00722	0.00481	0.00361	0.00120	0.00602	0.00301	0.00241	0.00722
8	0.01365	0.01309	0.02234	0.09789	0.70594	0.01330	0.01713	0.01703	0.01268	0.01805	0.01054	0.01402	0.00880	0.00507	0.00558	0.00169	0.00675	0.00501	0.00276	0.00869
9	0.01328	0.01518	0.03321	0.02372	0.02941	0.01423	0.74668	0.01803	0.01328	0.01803	0.01139	0.01518	0.00854	0.00474	0.00664	0.00190	0.00949	0.00664	0.00285	0.00759
10	0.84197	0.01088	0.00827	0.00740	0.01088	0.01262	0.00609	0.01654	0.00958	0.02525	0.00784	0.00914	0.00609	0.00522	0.00348	0.00174	0.00435	0.00305	0.00348	0.00609
11	0.00939	0.00670	0.00834	0.00878	0.00979	0.00675	0.00652	0.09692	0.01272	0.01687	0.02617	0.37726	0.02961	0.16054	0.01111	0.00288	0.00451	0.19512	0.00493	0.00511
12	0.01985	0.01481	0.01588	0.01255	0.01676	0.01648	0.01025	0.57305	0.18744	0.04991	0.01579	0.01529	0.01135	0.00695	0.00565	0.00174	0.00578	0.00537	0.00568	0.00942
13	0.00712	0.00514	0.00679	0.00777	0.00834	0.00474	0.00528	0.00832	0.01137	0.01538	0.11093	0.69273	0.03813	0.01657	0.00704	0.00219	0.00322	0.01499	0.00528	0.02869
14	0.00686	0.00490	0.00653	0.00784	0.00816	0.00457	0.00522	0.00784	0.01077	0.01437	0.03102	0.79855	0.03722	0.01763	0.00718	0.00229	0.00326	0.01600	0.00522	0.00457
15	0.01231	0.01231	0.01724	0.01477	0.01477	0.01724	0.01231	0.01354	0.00862	0.01354	0.00739	0.01231	0.00739	0.00985	0.01847	0.00246	0.79192	0.00492	0.00246	0.00616
16	0.00690	0.00493	0.00656	0.00781	0.00817	0.00460	0.00523	0.00793	0.01095	0.01465	0.05653	0.77222	0.03777	0.01742	0.00716	0.00227	0.00324	0.01580	0.00526	0.00460
17	0.02525	0.00958	0.01306	0.01001	0.01437	0.00827	0.00827	0.02743	0.01611	0.77102	0.02220	0.01915	0.01393	0.00697	0.00566	0.00174	0.00479	0.00566	0.00697	0.00958
18	0.02475	0.00983	0.01315	0.01014	0.01446	0.00871	0.00836	0.04656	0.04228	0.72545	0.02200	0.01907	0.01393	0.00698	0.00566	0.00175	0.00481	0.00567	0.00689	0.00955
19	0.00758	0.00545	0.00722	0.00762	0.00853	0.00508	0.00553	0.00954	0.01358	0.01877	0.40929	0.35767	0.04508	0.01433	0.00694	0.00204	0.00308	0.06195	0.00572	0.00499
20	0.00818	0.00546	0.00614	0.00614	0.00614	0.00546	0.00341	0.00818	0.00818	0.01091	0.01773	0.03683	0.02046	0.80222	0.02864	0.00546	0.00546	0.00818	0.00341	0.00341
21	0.02102	0.02682	0.01595	0.01450	0.01740	0.77963	0.01087	0.02247	0.01595	0.01377	0.00870	0.01015	0.00725	0.00580	0.00507	0.00145	0.01015	0.00362	0.00290	0.00652
22	0.01174	0.01225	0.02407	0.22947	0.02798	0.01277	0.39680	0.01539	0.01188	0.01599	0.01238	0.06539	0.01078	0.06090	0.00876	0.00220	0.06492	0.00676	0.00291	0.00665
23	0.01424	0.01221	0.01286	0.01150	0.01473	0.01411	0.00897	0.05389	0.73256	0.02394	0.02259	0.02075	0.01692	0.00761	0.00572	0.00190	0.00451	0.00632	0.00572	0.00893
24	0.01260	0.30035	0.51332	0.01380	0.02089	0.01628	0.01689	0.01748	0.01173	0.01622	0.00930	0.01088	0.00716	0.00516	0.00474	0.00158	0.00751	0.00376	0.00239	0.00793
25	0.00665	0.00570	0.00570	0.00570	0.00760	0.00475	0.00428	0.00808	0.01283	0.01520	0.05701	0.05416	0.76483	0.01425	0.00665	0.00190	0.00285	0.01188	0.00523	0.00475
26	0.01930	0.00916	0.01174	0.00960	0.01306	0.00863	0.00771	0.02405	0.14925	0.46652	0.19096	0.02469	0.02342	0.00812	0.00589	0.00178	0.00424	0.00681	0.00657	0.00849
27	0.00797	0.00537	0.00620	0.00641	0.00646	0.00531	0.00370	0.00813	0.00860	0.01147	0.01986	0.15884	0.02314	0.67655	0.02521	0.00495	0.00510	0.00944	0.00370	0.00360
28	0.01219	0.00762	0.00892	0.00821	0.01072	0.00714	0.00658	0.04178	0.08713	0.17398	0.06417	0.04324	0.36882	0.01193	0.00649	0.00197	0.00389	0.12312	0.00568	0.00642
29	0.00686	0.00490	0.00653	0.00784	0.00816	0.00457	0.00522	0.00784	0.01077	0.01437	0.03102	0.79855	0.03722	0.01763	0.00718	0.00229	0.00326	0.01600	0.00522	0.00457
30	0.00875	0.00632	0.00866	0.00986	0.01114	0.00623	0.00848	0.01116	0.01281	0.01657	0.03188	0.10875	0.08666	0.01558	0.00765	0.00252	0.00489	0.63179	0.00519	0.00511
31	0.01408	0.54826	0.25399	0.01171	0.01753	0.04136	0.01304	0.01731	0.01170	0.01464	0.00854	0.00992	0.00719	0.00500	0.00418	0.00139	0.00683	0.00337	0.00241	0.00753
32	0.01786	0.01504	0.01560	0.01293	0.01550	0.13686	0.01050	0.28186	0.01708	0.08648	0.01195	0.01377	0.00932	0.00849	0.02983	0.00206	0.24755	0.00488	0.05477	0.00766
33	0.84197	0.01088	0.00827	0.00740	0.01088	0.01262	0.00609	0.01654	0.00958	0.02525	0.00784	0.00914	0.00609	0.00522	0.00348	0.00174	0.00435	0.00305	0.00348	0.00609
34	0.02508	0.00984	0.01322	0.01014	0.01450	0.00867	0.00838	0.05845	0.01655	0.73936	0.02183	0.01891	0.01374	0.00696	0.00566	0.00174	0.00485	0.00563	0.00691	0.00958
35	0.02041	0.06805	0.01762	0.02968	0.04389	0.23143	0.01101	0.45842	0.02178	0.02696	0.01163	0.01233	0.00871	0.00628	0.00535	0.00159	0.00734	0.00453	0.00450	0.00848
36	0.00881	0.00596	0.00764	0.00802	0.00922	0.00562	0.00592	0.01115	0.04627	0.06438	0.20696	0.38386	0.10917	0.01451	0.00690	0.00211	0.00343	0.08916	0.00558	0.00534
37	0.01347	0.31847	0.18398	0.01291	0.01787	0.01599	0.10076	0.06693	0.03737	0.03037	0.01108	0.01340	0.00909	0.01128	0.13108	0.00276	0.00834	0.00449	0.00297	0.00740
38	0.01314	0.00877	0.01105	0.08316	0.01392	0.00977	0.00810	0.17213	0.01421	0.07214	0.01534	0.01874	0.01233	0.01824	0.25727	0.00403	0.03528	0.00546	0.22041	0.00653
39	0.01366	0.01309	0.02235	0.09695	0.70684	0.01330	0.01714	0.01703	0.01268	0.01805	0.01054	0.01402	0.00880	0.00506	0.00558	0.00169	0.00675	0.00501	0.00276	0.00869
40	0.02102	0.02682	0.01595	0.01450	0.01740	0.77963	0.01087	0.02247	0.01595	0.01377	0.00870	0.01015	0.00725	0.00580	0.00507	0.00145	0.01015	0.00362	0.00290	0.00652
41	0.15334	0.01103	0.01317	0.01046	0.01441	0.01102	0.02620	0.19776	0.01705	0.39374	0.01827	0.08005	0.01340	0.00746	0.00545	0.00178	0.00505	0.00597	0.00584	0.00856
42	0.01328	0.01518	0.03321	0.02372	0.02941	0.01423	0.74668	0.01803	0.01328	0.01803	0.01139	0.01518	0.00854	0.00474	0.00664	0.00190	0.00949	0.00664	0.00285	0.00759
43	0.84197	0.01088	0.00827	0.00740	0.01088	0.01262	0.00609	0.01654	0.00958	0.02525	0.00784	0.00914	0.00609	0.00522	0.00348	0.00174	0.00435	0.00305	0.00348	0.00609
44	0.01129	0.02911	0.77306	0.01604	0.02436	0.01307	0.02079	0.01782	0.01188	0.01782	0.01010	0.01188	0.00713	0.00535	0.00535	0.00178	0.00832	0.00416	0.00238	0.00832
45	0.01469	0.01243	0.01312	0.01159	0.01490	0.01432	0.00908	0.09750	0.68823	0.02466	0.02202	0.02029	0.01646	0.00755	0.00572	0.00189	0.00462	0.00624	0.00572	0.00897
46	0.01193	0.01016	0.01181	0.00846	0.01345	0.00777	0.00678	0.03391	0.01207	0.01880	0.01010	0.01172	0.00837	0.00424	0.00421	0.00086	0.00422	0.00338	0.00340	0.81439
47	0.00702	0.00502	0.00669	0.00783	0.00828	0.00469	0.00533	0.00820	0.01131	0.01520	0.09963	0.70838	0.03858	0.01700	0.00715	0.00225	0.00326	0.03422	0.00531	0.00466
48	0.01505	0.80561	0.02949	0.00963	0.01444	0.02227	0.00963	0.01685	0.01143	0.01324	0.00782	0.00903	0.00722	0.00481	0.00361	0.00120	0.00602	0.00301	0.00241	0.00722
49	0.01049	0.00525	0.00525	0.00525	0.00656	0.00525	0.00393	0.01311	0.01180	0.02098	0.01836	0.02098	0.01442	0.00656	0.00393	0.00131	0.00262	0.00525	0.83346	0.00525
50	0.02525	0.00958	0.01306	0.01001	0.01437	0.00827	0.00827	0.02743	0.01611	0.77102	0.02220	0.01915	0.01393	0.00697	0.00566	0.00174	0.00479	0.00566	0.00697	0.00958
51	0.01188	0.01068	0.01449	0.01035	0.01545	0.00838	0.10373	0.01468	0.01188	0.01830	0.01018	0.01213	0.00836	0.00424	0.00449	0.00097	0.00487	0.00377	0.00327	0.72789
52	0.01869	0.00966	0.01191	0.00974	0.01340	0.00921	0.00781	0.02444	0.20728	0.41191	0.09439	0.02342	0.06304	0.00782	0.00573	0.00174	0.00434	0.00649	0.00623	0.06274
53	0.01259	0.01032	0.01164	0.01114	0.01373	0.01158	0.00902	0.04875	0.48025	0.02169	0.02491	0.03508	0.02205	0.01028	0.00641	0.00213	0.00476	0.25046	0.00554	0.00767
54	0.00686	0.00490	0.00653	0.00784	0.00816	0.00457	0.00522	0.00784	0.01077	0.01437	0.03102	0.79855	0.03722	0.01763	0.00718	0.00229	0.00326	0.01600	0.00522	0.00457
55	0.01384	0.01522	0.03209	0.02298	0.02859	0.01445	0.69616	0.06816	0.01419	0.01922	0.01153	0.01507	0.00861	0.00488	0.00657	0.00188	0.00926	0.00653	0.00304	0.00773
56	0.00867	0.00696	0.00925	0.00914	0.00999	0.03309	0.00693	0.01031	0.00925	0.01294	0.01572	0.07144	0.01566	0.12870	0.57051	0.00755	0.05905	0.00677	0.00316	0.00492
57	0.01393	0.01337	0.02284	0.03454	0.76712	0.01337	0.01727	0.01727	0.01281	0.01839	0.01059	0.01393	0.00891	0.00501	0.00557	0.00167	0.00669	0.00501	0.00279	0.00891
58	0.00876	0.00632	0.00867	0.00988	0.01116	0.00624	0.00849	0.01117	0.01281	0.01657	0.03177	0.10879	0.08379	0.01559	0.00766	0.00252	0.00490	0.63460	0.00519	0.00511
59	0.01119	0.01045	0.01790	0.51741	0.19085	0.01200	0.04756	0.01450	0.01151	0.01524	0.01149	0.06385	0.00979	0.00669	0.00633	0.03103	0.00706	0.00576	0.00275	0.00664
60	0.01344	0.01615	0.12977	0.02563	0.32576	0.02906	0.26284	0.03554	0.03282	0.01857	0.01205	0.01650	0.00985	0.00559	0.00600	0.00181	0.00779	0.03965	0.00301	0.00818
61	0.01317	0.01260	0.02148	0.20711	0.60046	0.01317	0.01690	0.01661	0.01246	0.01747	0.01045	0.01417	0.00859	0.00515	0.00558	0.00172	0.00687	0.00501	0.00272	0.00830
62	0.00854	0.00623	0.00796	0.00869	0.01014	0.00594	0.00715	0.01091	0.02851	0.03153	0.07011	0.14189	0.23093	0.01491	0.00727	0.00230	0.00420	0.39235	0.00529	0.00517
63	0.03511	0.04381	0.57558	0.01625	0.05755	0.01282	0.05709	0.01882	0.01240	0.10217	0.01143	0.01282	0.00802	0.00546	0.00537	0.00176	0.00775	0.00444	0.00296	0.00836
64	0.07922	0.04280	0.53805	0.06342	0.02336	0.01287	0.05962	0.01833	0.01209	0.08344	0.01098	0.01261	0.00774	0.00545	0.00527	0.00177	0.00765	0.00437	0.00290	0.00805
65	0.22375	0.12060	0.01438	0.01014	0.01334	0.02911	0.03364	0.15779	0.01427	0.09494	0.01601	0.16865	0.02885	0.00847	0.00574	0.00180	0.04048	0.00665	0.00439	0.00700

[dist]
# distance from previous block
# <min> <max>
0	55

# created by:
# /st0/software/busco_prod/Augustus/scripts/msa2prfl.pl ./align_prep/174147.fa
