[name]
unknown

[dist]
# distance from previous block
# <min> <max>
6	136

[block]
# block no. 0 follows, 49 sequences, length 11
# corresponding to MSA columns:
# 143-153
name=unknown_A
#
# <colnr> <probs for GDERKNQSTAVLIFYWHMCP>
#	G	D	E	R	K	N	Q	S	T	A	V	L	I	F	Y	W	H	M	C	P
0	0.01221	0.00961	0.01092	0.00853	0.01206	0.00884	0.00671	0.23106	0.01406	0.02008	0.01305	0.13391	0.01221	0.04275	0.00551	0.00135	0.00420	0.00536	0.00385	0.44374
1	0.01051	0.00904	0.01241	0.00930	0.01303	0.00770	0.10451	0.06900	0.01259	0.01851	0.19958	0.01768	0.01742	0.00559	0.00467	0.00113	0.00416	0.00499	0.00372	0.47444
2	0.01423	0.01044	0.02595	0.02985	0.01352	0.01015	0.00773	0.16181	0.22058	0.13737	0.04191	0.01630	0.02896	0.02074	0.00515	0.00144	0.00434	0.00484	0.00454	0.24015
3	0.01343	0.00655	0.00750	0.00651	0.00858	0.00643	0.00511	0.08371	0.01258	0.20886	0.01684	0.01825	0.01259	0.02866	0.02993	0.00162	0.00354	0.00488	0.51845	0.00597
4	0.01484	0.01222	0.01390	0.01155	0.01418	0.01452	0.00939	0.31863	0.29306	0.02320	0.01384	0.01430	0.01059	0.00703	0.00791	0.00176	0.20212	0.00494	0.00440	0.00764
5	0.00705	0.00452	0.00556	0.00635	0.00684	0.00432	0.00428	0.00822	0.00972	0.01412	0.02416	0.56194	0.02726	0.07674	0.00726	0.00206	0.00295	0.01147	0.21101	0.00417
6	0.00612	0.00458	0.00569	0.00657	0.00721	0.00415	0.00449	0.00709	0.01013	0.01309	0.03357	0.63093	0.21782	0.01510	0.00634	0.00197	0.00284	0.01347	0.00469	0.00415
7	0.13045	0.01256	0.01340	0.01060	0.01434	0.06859	0.03354	0.34307	0.07078	0.23139	0.01376	0.01327	0.00953	0.00587	0.00481	0.00154	0.00525	0.00449	0.00487	0.00789
8	0.01022	0.00571	0.00760	0.00709	0.00864	0.00518	0.00532	0.01215	0.01322	0.18324	0.43897	0.22411	0.03674	0.01081	0.00590	0.00170	0.00293	0.00956	0.00550	0.00543
9	0.65034	0.00859	0.00696	0.00637	0.00874	0.00977	0.00489	0.01303	0.00830	0.01954	0.00921	0.01429	0.00863	0.20429	0.00865	0.00238	0.00415	0.00386	0.00311	0.00489
10	0.01150	0.01280	0.02717	0.16458	0.02795	0.01251	0.63465	0.01560	0.01160	0.01560	0.01000	0.01361	0.00750	0.00441	0.00580	0.00170	0.00820	0.00570	0.00250	0.00660

[dist]
# distance from previous block
# <min> <max>
0	43

[block]
# block no. 1 follows, 49 sequences, length 12
# corresponding to MSA columns:
# 197-208
name=unknown_B
#
# <colnr> <probs for GDERKNQSTAVLIFYWHMCP>
#	G	D	E	R	K	N	Q	S	T	A	V	L	I	F	Y	W	H	M	C	P
0	0.04341	0.00841	0.01040	0.00839	0.01165	0.00799	0.00680	0.05447	0.10360	0.50301	0.01866	0.01723	0.01257	0.00621	0.00474	0.00151	0.00395	0.00500	0.16428	0.00771
1	0.00734	0.00494	0.00572	0.00572	0.00579	0.00502	0.00332	0.00749	0.00742	0.00996	0.01574	0.03204	0.01793	0.75993	0.08747	0.00516	0.00559	0.00720	0.00304	0.00318
2	0.05096	0.01168	0.01328	0.01037	0.01422	0.01226	0.00852	0.40319	0.09548	0.30314	0.01559	0.01448	0.01057	0.00617	0.00501	0.00156	0.00490	0.00479	0.00542	0.00843
3	0.85801	0.00978	0.00743	0.00665	0.00978	0.01134	0.00548	0.01486	0.00861	0.02269	0.00704	0.00821	0.00548	0.00469	0.00313	0.00156	0.00391	0.00274	0.00313	0.00548
4	0.01212	0.01047	0.01100	0.00993	0.01271	0.01201	0.00772	0.02552	0.72859	0.02064	0.02269	0.02092	0.06867	0.00727	0.00520	0.00171	0.00390	0.00606	0.00511	0.00775
5	0.01194	0.01364	0.02984	0.02131	0.02643	0.01279	0.77238	0.01620	0.01194	0.01620	0.01023	0.01364	0.00767	0.00426	0.00597	0.00171	0.00853	0.00597	0.00256	0.00682
6	0.01889	0.02410	0.01433	0.01303	0.01563	0.80199	0.00977	0.02019	0.01433	0.01238	0.00782	0.00912	0.00651	0.00521	0.00456	0.00130	0.00912	0.00326	0.00261	0.00586
7	0.00706	0.00517	0.00663	0.00626	0.00750	0.00473	0.00470	0.00936	0.01409	0.01975	0.72891	0.03865	0.10721	0.01054	0.00597	0.00160	0.00240	0.00927	0.00550	0.00473
8	0.01922	0.01416	0.01518	0.01163	0.01568	0.01568	0.00961	0.77388	0.02378	0.03187	0.01214	0.01214	0.00860	0.00607	0.00506	0.00152	0.00556	0.00455	0.00506	0.00860
9	0.08597	0.01587	0.01406	0.01145	0.01499	0.19846	0.00919	0.47778	0.08060	0.02573	0.01139	0.01166	0.00841	0.00582	0.00479	0.00149	0.00614	0.00420	0.00434	0.00766
10	0.03520	0.00779	0.01119	0.00981	0.01178	0.02495	0.13455	0.07622	0.01193	0.01609	0.06936	0.34537	0.11230	0.03063	0.00642	0.00189	0.00437	0.05206	0.00422	0.03388
11	0.01194	0.01364	0.02984	0.02131	0.02643	0.01279	0.77238	0.01620	0.01194	0.01620	0.01023	0.01364	0.00767	0.00426	0.00597	0.00171	0.00853	0.00597	0.00256	0.00682

[dist]
# distance from previous block
# <min> <max>
0	2

[block]
# block no. 2 follows, 49 sequences, length 37
# corresponding to MSA columns:
# 211-247
name=unknown_C
#
# <colnr> <probs for GDERKNQSTAVLIFYWHMCP>
#	G	D	E	R	K	N	Q	S	T	A	V	L	I	F	Y	W	H	M	C	P
0	0.01252	0.01201	0.02053	0.03104	0.79074	0.01201	0.01552	0.01552	0.01151	0.01652	0.00951	0.01252	0.00801	0.00451	0.00501	0.00150	0.00601	0.00451	0.00250	0.00801
1	0.01248	0.57876	0.26394	0.01043	0.01573	0.01746	0.01175	0.01541	0.01040	0.01317	0.00766	0.00890	0.00646	0.00447	0.00373	0.00124	0.00605	0.00302	0.00215	0.00679
2	0.01014	0.02616	0.79609	0.01441	0.02189	0.01174	0.01868	0.01601	0.01068	0.01601	0.00907	0.01068	0.00641	0.00480	0.00480	0.00160	0.00747	0.00374	0.00214	0.00747
3	0.02269	0.00861	0.01174	0.00900	0.01291	0.00743	0.00743	0.02464	0.01447	0.79425	0.01995	0.01721	0.01252	0.00626	0.00509	0.00156	0.00430	0.00509	0.00626	0.00861
4	0.00878	0.00439	0.00659	0.00659	0.00659	0.00439	0.00439	0.00659	0.00659	0.00878	0.00878	0.01537	0.00878	0.01757	0.01976	0.85288	0.00439	0.00439	0.00220	0.00220
5	0.01058	0.01004	0.01703	0.53992	0.29700	0.01151	0.01456	0.01382	0.01060	0.01417	0.00917	0.01315	0.00718	0.00486	0.00504	0.00162	0.00649	0.00450	0.00234	0.00645
6	0.00716	0.00517	0.00676	0.00636	0.00755	0.00477	0.00477	0.00954	0.01431	0.02028	0.78808	0.03777	0.04771	0.01034	0.00596	0.00159	0.00239	0.00914	0.00557	0.00477
7	0.01889	0.02410	0.01433	0.01303	0.01563	0.80199	0.00977	0.02019	0.01433	0.01238	0.00782	0.00912	0.00651	0.00521	0.00456	0.00130	0.00912	0.00326	0.00261	0.00586
8	0.00716	0.00517	0.00676	0.00636	0.00755	0.00477	0.00477	0.00954	0.01431	0.02028	0.78808	0.03777	0.04771	0.01034	0.00596	0.00159	0.00239	0.00914	0.00557	0.00477
9	0.00983	0.00944	0.01667	0.69512	0.03310	0.01126	0.10506	0.01329	0.01034	0.01346	0.00932	0.01363	0.00701	0.00498	0.00513	0.00167	0.00685	0.00468	0.02342	0.00574
10	0.00600	0.00503	0.00521	0.00536	0.00689	0.00425	0.00395	0.00723	0.01130	0.01357	0.04838	0.14269	0.69650	0.01318	0.00603	0.00175	0.00261	0.01112	0.00470	0.00425
11	0.01219	0.01381	0.02697	0.02007	0.04153	0.05360	0.61739	0.01587	0.01151	0.01549	0.00962	0.01305	0.00749	0.00491	0.00725	0.00175	0.11279	0.00560	0.00251	0.00663
12	0.81469	0.05161	0.00841	0.00675	0.00994	0.01179	0.00564	0.01488	0.00869	0.02213	0.00704	0.00821	0.00553	0.00468	0.00314	0.00154	0.00399	0.00274	0.00308	0.00553
13	0.00879	0.00480	0.00504	0.00501	0.00621	0.00467	0.00375	0.01103	0.01114	0.01849	0.11975	0.04174	0.07897	0.00724	0.00411	0.00129	0.00239	0.00598	0.65494	0.00467
14	0.01352	0.82533	0.02650	0.00865	0.01298	0.02001	0.00865	0.01514	0.01027	0.01190	0.00703	0.00811	0.00649	0.00433	0.00324	0.00108	0.00541	0.00270	0.00216	0.00649
15	0.00635	0.00466	0.00613	0.02724	0.00809	0.00440	0.00498	0.00738	0.00990	0.01301	0.02925	0.67100	0.10297	0.03424	0.00686	0.00209	0.00312	0.04955	0.00459	0.00416
16	0.01161	0.31918	0.41890	0.01313	0.01916	0.01492	0.10699	0.01571	0.01068	0.01452	0.00846	0.01009	0.00659	0.00456	0.00437	0.00142	0.00684	0.00363	0.00220	0.00703
17	0.01210	0.01240	0.01795	0.01519	0.04609	0.05892	0.13532	0.05028	0.00972	0.01396	0.00767	0.01148	0.00695	0.00759	0.01318	0.00202	0.56612	0.00462	0.00244	0.00601
18	0.85801	0.00978	0.00743	0.00665	0.00978	0.01134	0.00548	0.01486	0.00861	0.02269	0.00704	0.00821	0.00548	0.00469	0.00313	0.00156	0.00391	0.00274	0.00313	0.00548
19	0.00722	0.00542	0.00813	0.00813	0.00903	0.00632	0.00632	0.00903	0.00813	0.01174	0.01354	0.01987	0.01264	0.03792	0.80225	0.00813	0.01354	0.00542	0.00271	0.00451
20	0.00616	0.00440	0.00587	0.00704	0.00733	0.00411	0.00469	0.00704	0.00968	0.01291	0.02787	0.81899	0.03344	0.01584	0.00645	0.00205	0.00293	0.01438	0.00469	0.00411
21	0.00943	0.00471	0.00471	0.00471	0.00589	0.00471	0.00353	0.01178	0.01060	0.01885	0.01650	0.01885	0.01296	0.00589	0.00353	0.00118	0.00236	0.00471	0.85036	0.00471
22	0.85801	0.00978	0.00743	0.00665	0.00978	0.01134	0.00548	0.01486	0.00861	0.02269	0.00704	0.00821	0.00548	0.00469	0.00313	0.00156	0.00391	0.00274	0.00313	0.00548
23	0.01339	0.01127	0.01189	0.01045	0.01346	0.01296	0.00820	0.11805	0.68910	0.02246	0.01955	0.01805	0.01460	0.00676	0.00513	0.00169	0.00419	0.00557	0.00513	0.00808
24	0.00815	0.00582	0.00815	0.00931	0.01048	0.00582	0.00815	0.01048	0.01164	0.01513	0.02677	0.05704	0.02910	0.01397	0.00698	0.00233	0.00466	0.75671	0.00466	0.00466
25	0.01014	0.02616	0.79609	0.01441	0.02189	0.01174	0.01868	0.01601	0.01068	0.01601	0.00907	0.01068	0.00641	0.00480	0.00480	0.00160	0.00747	0.00374	0.00214	0.00747
26	0.02269	0.00861	0.01174	0.00900	0.01291	0.00743	0.00743	0.02464	0.01447	0.79425	0.01995	0.01721	0.01252	0.00626	0.00509	0.00156	0.00430	0.00509	0.00626	0.00861
27	0.00621	0.00444	0.00591	0.00701	0.00735	0.00414	0.00470	0.00717	0.00992	0.01329	0.06686	0.77892	0.03418	0.01556	0.00643	0.00203	0.00291	0.01411	0.00474	0.00414
28	0.01889	0.02410	0.01433	0.01303	0.01563	0.80199	0.00977	0.02019	0.01433	0.01238	0.00782	0.00912	0.00651	0.00521	0.00456	0.00130	0.00912	0.00326	0.00261	0.00586
29	0.00716	0.00517	0.00676	0.00636	0.00755	0.00477	0.00477	0.00954	0.01431	0.02028	0.78808	0.03777	0.04771	0.01034	0.00596	0.00159	0.00239	0.00914	0.00557	0.00477
30	0.01049	0.00899	0.01049	0.00749	0.01198	0.00674	0.00599	0.01273	0.01049	0.01648	0.00899	0.01049	0.00749	0.00374	0.00374	0.00075	0.00374	0.00300	0.00300	0.85320
31	0.00936	0.00636	0.00834	0.00885	0.01017	0.00636	0.00723	0.08567	0.01240	0.05384	0.02532	0.27728	0.02756	0.01337	0.00654	0.00213	0.00422	0.42513	0.00478	0.00507
32	0.02269	0.00861	0.01174	0.00900	0.01291	0.00743	0.00743	0.02464	0.01447	0.79425	0.01995	0.01721	0.01252	0.00626	0.00509	0.00156	0.00430	0.00509	0.00626	0.00861
33	0.01298	0.69723	0.14986	0.00958	0.01441	0.01868	0.01026	0.01528	0.01034	0.01256	0.00736	0.00852	0.00648	0.00440	0.00349	0.00116	0.00574	0.00287	0.00216	0.00665
34	0.01258	0.01086	0.01143	0.01029	0.01315	0.01258	0.00800	0.02687	0.78161	0.02115	0.02058	0.01887	0.01544	0.00686	0.00515	0.00172	0.00400	0.00572	0.00515	0.00800
35	0.01049	0.00899	0.01049	0.00749	0.01198	0.00674	0.00599	0.01273	0.01049	0.01648	0.00899	0.01049	0.00749	0.00374	0.00374	0.00075	0.00374	0.00300	0.00300	0.85320
36	0.00712	0.00517	0.00671	0.00632	0.00753	0.00476	0.00474	0.00947	0.01423	0.02008	0.76603	0.03810	0.06988	0.01041	0.00596	0.00159	0.00239	0.00919	0.00554	0.00476

[dist]
# distance from previous block
# <min> <max>
0	1

[block]
# block no. 3 follows, 49 sequences, length 24
# corresponding to MSA columns:
# 249-272
name=unknown_D
#
# <colnr> <probs for GDERKNQSTAVLIFYWHMCP>
#	G	D	E	R	K	N	Q	S	T	A	V	L	I	F	Y	W	H	M	C	P
0	0.00704	0.00516	0.00660	0.00624	0.00748	0.00472	0.00468	0.00931	0.01404	0.01962	0.71443	0.03886	0.12177	0.01058	0.00597	0.00160	0.00240	0.00930	0.00548	0.00472
1	0.01258	0.01086	0.01143	0.01029	0.01315	0.01258	0.00800	0.02687	0.78161	0.02115	0.02058	0.01887	0.01544	0.00686	0.00515	0.00172	0.00400	0.00572	0.00515	0.00800
2	0.00735	0.00490	0.00552	0.00552	0.00552	0.00490	0.00306	0.00735	0.00735	0.00980	0.01593	0.03309	0.01838	0.82229	0.02574	0.00490	0.00490	0.00735	0.00306	0.00306
3	0.00878	0.00439	0.00659	0.00659	0.00659	0.00439	0.00439	0.00659	0.00659	0.00878	0.00878	0.01537	0.00878	0.01757	0.01976	0.85288	0.00439	0.00439	0.00220	0.00220
4	0.01014	0.02616	0.79609	0.01441	0.02189	0.01174	0.01868	0.01601	0.01068	0.01601	0.00907	0.01068	0.00641	0.00480	0.00480	0.00160	0.00747	0.00374	0.00214	0.00747
5	0.85801	0.00978	0.00743	0.00665	0.00978	0.01134	0.00548	0.01486	0.00861	0.02269	0.00704	0.00821	0.00548	0.00469	0.00313	0.00156	0.00391	0.00274	0.00313	0.00548
6	0.01024	0.02550	0.75610	0.01477	0.02212	0.01180	0.05802	0.01602	0.01074	0.01602	0.00913	0.01083	0.00647	0.00478	0.00486	0.00161	0.00753	0.00385	0.00216	0.00744
7	0.00603	0.00505	0.00524	0.00535	0.00690	0.00427	0.00395	0.00730	0.01142	0.01377	0.06935	0.12616	0.69182	0.01304	0.00602	0.00174	0.00259	0.01100	0.00472	0.00427
8	0.00708	0.00517	0.00666	0.00629	0.00751	0.00474	0.00471	0.00940	0.01414	0.01987	0.74300	0.03844	0.09305	0.01049	0.00596	0.00160	0.00240	0.00924	0.00551	0.00474
9	0.01352	0.82533	0.02650	0.00865	0.01298	0.02001	0.00865	0.01514	0.01027	0.01190	0.00703	0.00811	0.00649	0.00433	0.00324	0.00108	0.00541	0.00270	0.00216	0.00649
10	0.21716	0.01216	0.01097	0.00959	0.01267	0.12933	0.00756	0.02259	0.33871	0.16506	0.01532	0.01456	0.01118	0.00598	0.00457	0.00159	0.00480	0.00452	0.00449	0.00719
11	0.01264	0.01251	0.01959	0.10658	0.66532	0.06389	0.01500	0.01557	0.01156	0.01589	0.00935	0.01239	0.00779	0.00461	0.00498	0.00151	0.00628	0.00442	0.00248	0.00763
12	0.01889	0.02410	0.01433	0.01303	0.01563	0.80199	0.00977	0.02019	0.01433	0.01238	0.00782	0.00912	0.00651	0.00521	0.00456	0.00130	0.00912	0.00326	0.00261	0.00586
13	0.00723	0.00538	0.00796	0.00796	0.00880	0.00623	0.00611	0.00892	0.00808	0.01161	0.01370	0.02074	0.01302	0.08951	0.75118	0.00791	0.01298	0.00555	0.00273	0.00442
14	0.01313	0.01153	0.01172	0.01046	0.01336	0.04361	0.00815	0.06120	0.71650	0.02131	0.01969	0.01817	0.01477	0.00676	0.00512	0.00169	0.00427	0.00557	0.00504	0.00795
15	0.00735	0.00490	0.00552	0.00552	0.00552	0.00490	0.00306	0.00735	0.00735	0.00980	0.01593	0.03309	0.01838	0.82229	0.02574	0.00490	0.00490	0.00735	0.00306	0.00306
16	0.00732	0.00503	0.00618	0.00618	0.00641	0.00526	0.00390	0.00778	0.00755	0.01030	0.01532	0.02971	0.01692	0.62191	0.22411	0.00573	0.00711	0.00686	0.00297	0.00343
17	0.01258	0.01086	0.01143	0.01029	0.01315	0.01258	0.00800	0.02687	0.78161	0.02115	0.02058	0.01887	0.01544	0.00686	0.00515	0.00172	0.00400	0.00572	0.00515	0.00800
18	0.74509	0.01075	0.02748	0.05996	0.01198	0.04568	0.00655	0.01500	0.00900	0.02143	0.00725	0.00866	0.00563	0.00474	0.00336	0.00156	0.00441	0.00290	0.00302	0.00555
19	0.01244	0.01221	0.02167	0.02984	0.69658	0.01211	0.10877	0.01560	0.01157	0.01648	0.00960	0.01265	0.00797	0.00448	0.00512	0.00153	0.00632	0.00469	0.00251	0.00786
20	0.00878	0.00439	0.00659	0.00659	0.00659	0.00439	0.00439	0.00659	0.00659	0.00878	0.00878	0.01537	0.00878	0.01757	0.01976	0.85288	0.00439	0.00439	0.00220	0.00220
21	0.11263	0.14206	0.49543	0.01420	0.07975	0.01299	0.04484	0.01571	0.01048	0.01625	0.00860	0.01026	0.00648	0.00467	0.00443	0.00152	0.00666	0.00361	0.00230	0.00710
22	0.02269	0.00861	0.01174	0.00900	0.01291	0.00743	0.00743	0.02464	0.01447	0.79425	0.01995	0.01721	0.01252	0.00626	0.00509	0.00156	0.00430	0.00509	0.00626	0.00861
23	0.01468	0.01131	0.01244	0.01102	0.03406	0.01266	0.00854	0.19867	0.50187	0.07939	0.01852	0.01843	0.01395	0.00683	0.00519	0.00168	0.00446	0.03312	0.00512	0.00806

[dist]
# distance from previous block
# <min> <max>
0	1

[block]
# block no. 4 follows, 49 sequences, length 22
# corresponding to MSA columns:
# 274-295
name=unknown_E
#
# <colnr> <probs for GDERKNQSTAVLIFYWHMCP>
#	G	D	E	R	K	N	Q	S	T	A	V	L	I	F	Y	W	H	M	C	P
0	0.01271	0.01039	0.01347	0.13660	0.06104	0.01013	0.02648	0.16504	0.01318	0.04774	0.00997	0.01175	0.00777	0.00482	0.00503	0.00122	0.04520	0.00385	0.00333	0.41030
1	0.01088	0.20177	0.62698	0.01315	0.01993	0.01356	0.01648	0.01582	0.01059	0.01511	0.00863	0.01011	0.00642	0.00470	0.00446	0.00149	0.00702	0.00351	0.00214	0.00726
2	0.01289	0.56203	0.06769	0.00932	0.01328	0.03934	0.00898	0.01679	0.13224	0.01413	0.05675	0.01184	0.01040	0.00523	0.00409	0.00127	0.02054	0.00368	0.00285	0.00665
3	0.01352	0.82533	0.02650	0.00865	0.01298	0.02001	0.00865	0.01514	0.01027	0.01190	0.00703	0.00811	0.00649	0.00433	0.00324	0.00108	0.00541	0.00270	0.00216	0.00649
4	0.00699	0.00570	0.00658	0.00686	0.03199	0.00518	0.00503	0.00932	0.05059	0.01581	0.21849	0.04428	0.48246	0.01178	0.00600	0.00173	0.00289	0.07875	0.00485	0.00472
5	0.01104	0.01134	0.03528	0.50448	0.23258	0.06293	0.04265	0.01427	0.01084	0.01403	0.00910	0.01288	0.00709	0.00488	0.00504	0.00161	0.00679	0.00445	0.00235	0.00635
6	0.01106	0.01106	0.01549	0.01328	0.01328	0.01549	0.01106	0.01217	0.00774	0.01217	0.00664	0.01106	0.00664	0.00885	0.01659	0.00221	0.81303	0.00443	0.00221	0.00553
7	0.00878	0.00439	0.00659	0.00659	0.00659	0.00439	0.00439	0.00659	0.00659	0.00878	0.00878	0.01537	0.00878	0.01757	0.01976	0.85288	0.00439	0.00439	0.00220	0.00220
8	0.01599	0.06548	0.01430	0.01086	0.01441	0.01463	0.00886	0.40265	0.34946	0.02595	0.01545	0.01478	0.01141	0.00630	0.00498	0.00157	0.00488	0.00493	0.00491	0.00821
9	0.01252	0.01201	0.02053	0.03104	0.79074	0.01201	0.01552	0.01552	0.01151	0.01652	0.00951	0.01252	0.00801	0.00451	0.00501	0.00150	0.00601	0.00451	0.00250	0.00801
10	0.00735	0.00490	0.00552	0.00552	0.00552	0.00490	0.00306	0.00735	0.00735	0.00980	0.01593	0.03309	0.01838	0.82229	0.02574	0.00490	0.00490	0.00735	0.00306	0.00306
11	0.01240	0.03075	0.01217	0.00853	0.01297	0.00791	0.04156	0.05459	0.01168	0.10019	0.01033	0.01137	0.00807	0.00418	0.00405	0.00093	0.00416	0.00343	0.00341	0.65732
12	0.01883	0.01379	0.01476	0.01136	0.01529	0.01525	0.00937	0.74371	0.02325	0.03135	0.01231	0.01241	0.00877	0.00606	0.00500	0.00150	0.00544	0.00456	0.03853	0.00845
13	0.00735	0.00490	0.00552	0.00552	0.00552	0.00490	0.00306	0.00735	0.00735	0.00980	0.01593	0.03309	0.01838	0.82229	0.02574	0.00490	0.00490	0.00735	0.00306	0.00306
14	0.03900	0.01148	0.01274	0.01026	0.01366	0.01231	0.00828	0.44075	0.10773	0.14103	0.03311	0.10144	0.01343	0.00726	0.00517	0.00159	0.00476	0.00585	0.00513	0.02503
15	0.01211	0.01097	0.09466	0.00855	0.01328	0.00769	0.00764	0.04288	0.01144	0.10193	0.01031	0.01130	0.00796	0.00422	0.00405	0.00096	0.00427	0.00336	0.00334	0.63908
16	0.00631	0.00446	0.00582	0.00685	0.00711	0.00420	0.00449	0.00708	0.00940	0.01253	0.02641	0.72295	0.03160	0.11439	0.00881	0.00240	0.00317	0.01352	0.00449	0.00398
17	0.00883	0.00739	0.01168	0.05678	0.06341	0.00735	0.11521	0.07515	0.01159	0.01557	0.04600	0.47685	0.02475	0.01175	0.00610	0.00190	0.00443	0.04583	0.00417	0.00526
18	0.15582	0.07468	0.10943	0.01082	0.01492	0.07439	0.00976	0.38866	0.05546	0.02464	0.01074	0.01127	0.00794	0.00553	0.00451	0.00149	0.00563	0.00398	0.02287	0.00747
19	0.01166	0.06654	0.07093	0.04255	0.02410	0.01290	0.58666	0.01600	0.03914	0.01581	0.01166	0.01447	0.03526	0.00481	0.00589	0.00167	0.02485	0.00571	0.00266	0.00673
20	0.00704	0.00515	0.00655	0.00620	0.00741	0.00472	0.00461	0.00923	0.01378	0.01922	0.68453	0.03874	0.12346	0.03919	0.00666	0.00172	0.00249	0.00924	0.00539	0.00466
21	0.03400	0.04894	0.64216	0.01579	0.08531	0.01207	0.06061	0.01592	0.01075	0.01612	0.00906	0.01085	0.00659	0.00473	0.00479	0.00158	0.00725	0.00387	0.00222	0.00739

[dist]
# distance from previous block
# <min> <max>
0	1

[block]
# block no. 5 follows, 49 sequences, length 59
# corresponding to MSA columns:
# 297-355
name=unknown_F
#
# <colnr> <probs for GDERKNQSTAVLIFYWHMCP>
#	G	D	E	R	K	N	Q	S	T	A	V	L	I	F	Y	W	H	M	C	P
0	0.01279	0.00806	0.01045	0.08018	0.04188	0.00815	0.00746	0.09588	0.09250	0.19081	0.31862	0.02631	0.05351	0.00811	0.00550	0.00161	0.00388	0.02259	0.00516	0.00652
1	0.01352	0.82533	0.02650	0.00865	0.01298	0.02001	0.00865	0.01514	0.01027	0.01190	0.00703	0.00811	0.00649	0.00433	0.00324	0.00108	0.00541	0.00270	0.00216	0.00649
2	0.85801	0.00978	0.00743	0.00665	0.00978	0.01134	0.00548	0.01486	0.00861	0.02269	0.00704	0.00821	0.00548	0.00469	0.00313	0.00156	0.00391	0.00274	0.00313	0.00548
3	0.85801	0.00978	0.00743	0.00665	0.00978	0.01134	0.00548	0.01486	0.00861	0.02269	0.00704	0.00821	0.00548	0.00469	0.00313	0.00156	0.00391	0.00274	0.00313	0.00548
4	0.01187	0.01135	0.01935	0.20139	0.62546	0.01184	0.01520	0.01495	0.01121	0.01573	0.00940	0.01273	0.00773	0.00463	0.00502	0.00154	0.00617	0.00450	0.00245	0.00749
5	0.01841	0.01414	0.01635	0.01248	0.01656	0.03275	0.08082	0.65052	0.04410	0.04409	0.01226	0.01250	0.00874	0.00591	0.00514	0.00154	0.00585	0.00470	0.00480	0.00835
6	0.00666	0.00463	0.00611	0.00699	0.00753	0.00430	0.00481	0.00777	0.01041	0.03022	0.11298	0.66955	0.06272	0.01487	0.00637	0.00199	0.00293	0.03006	0.00482	0.00429
7	0.01366	0.80501	0.02619	0.00876	0.01305	0.03984	0.00868	0.01527	0.01038	0.01191	0.00705	0.00814	0.00649	0.00435	0.00328	0.00109	0.00550	0.00272	0.00217	0.00647
8	0.00628	0.00447	0.00594	0.00706	0.00737	0.00420	0.00475	0.00718	0.00965	0.01286	0.02732	0.75772	0.03264	0.05016	0.00730	0.00219	0.00308	0.04112	0.00462	0.00408
9	0.01887	0.01436	0.01482	0.01158	0.01539	0.09666	0.02770	0.58171	0.02132	0.09669	0.04133	0.01327	0.01017	0.00611	0.00506	0.00151	0.00578	0.00467	0.00487	0.00813
10	0.01846	0.04226	0.01452	0.01271	0.01545	0.70000	0.00965	0.06196	0.05337	0.01388	0.00868	0.00975	0.00708	0.00532	0.00458	0.00133	0.00858	0.00344	0.00286	0.00614
11	0.00750	0.00558	0.00819	0.00811	0.00899	0.00656	0.00632	0.00932	0.00827	0.01220	0.01347	0.01947	0.01244	0.03484	0.72316	0.00747	0.04272	0.00534	0.05546	0.00457
12	0.01115	0.00946	0.01255	0.00899	0.01352	0.00740	0.08569	0.01359	0.01080	0.04924	0.00958	0.01110	0.00772	0.00390	0.00403	0.00088	0.00427	0.00339	0.00309	0.72963
13	0.00803	0.00604	0.00855	0.00828	0.00926	0.00704	0.00642	0.04760	0.00890	0.01278	0.01340	0.01993	0.01256	0.08362	0.66719	0.00723	0.04458	0.00544	0.01846	0.00467
14	0.00611	0.00515	0.00531	0.00534	0.00700	0.00435	0.00405	0.00748	0.01166	0.01401	0.08335	0.04850	0.72625	0.01274	0.00601	0.00173	0.00263	0.03927	0.00473	0.00431
15	0.00735	0.00490	0.00552	0.00552	0.00552	0.00490	0.00306	0.00735	0.00735	0.00980	0.01593	0.03309	0.01838	0.82229	0.02574	0.00490	0.00490	0.00735	0.00306	0.00306
16	0.00815	0.00582	0.00815	0.00931	0.01048	0.00582	0.00815	0.01048	0.01164	0.01513	0.02677	0.05704	0.02910	0.01397	0.00698	0.00233	0.00466	0.75671	0.00466	0.00466
17	0.00955	0.00899	0.01517	0.81013	0.03483	0.01123	0.01404	0.01292	0.01011	0.01292	0.00899	0.01348	0.00674	0.00506	0.00506	0.00169	0.00674	0.00449	0.00225	0.00562
18	0.00878	0.00439	0.00659	0.00659	0.00659	0.00439	0.00439	0.00659	0.00659	0.00878	0.00878	0.01537	0.00878	0.01757	0.01976	0.85288	0.00439	0.00439	0.00220	0.00220
19	0.01252	0.01201	0.02053	0.03104	0.79074	0.01201	0.01552	0.01552	0.01151	0.01652	0.00951	0.01252	0.00801	0.00451	0.00501	0.00150	0.00601	0.00451	0.00250	0.00801
20	0.01014	0.02616	0.79609	0.01441	0.02189	0.01174	0.01868	0.01601	0.01068	0.01601	0.00907	0.01068	0.00641	0.00480	0.00480	0.00160	0.00747	0.00374	0.00214	0.00747
21	0.01188	0.01323	0.02814	0.02223	0.12242	0.01250	0.66012	0.01591	0.01183	0.01617	0.01053	0.03112	0.00828	0.00455	0.00586	0.00169	0.00809	0.00597	0.00260	0.00691
22	0.00724	0.00535	0.00780	0.00780	0.00859	0.00614	0.00591	0.00882	0.00803	0.01149	0.01385	0.02153	0.01337	0.13686	0.70430	0.00772	0.01245	0.00566	0.00275	0.00433
23	0.00735	0.00490	0.00552	0.00552	0.00552	0.00490	0.00306	0.00735	0.00735	0.00980	0.01593	0.03309	0.01838	0.82229	0.02574	0.00490	0.00490	0.00735	0.00306	0.00306
24	0.00716	0.00517	0.00676	0.00636	0.00755	0.00477	0.00477	0.00954	0.01431	0.02028	0.78808	0.03777	0.04771	0.01034	0.00596	0.00159	0.00239	0.00914	0.00557	0.00477
25	0.01889	0.02410	0.01433	0.01303	0.01563	0.80199	0.00977	0.02019	0.01433	0.01238	0.00782	0.00912	0.00651	0.00521	0.00456	0.00130	0.00912	0.00326	0.00261	0.00586
26	0.00716	0.00517	0.00676	0.00636	0.00755	0.00477	0.00477	0.00954	0.01431	0.02028	0.78808	0.03777	0.04771	0.01034	0.00596	0.00159	0.00239	0.00914	0.00557	0.00477
27	0.85801	0.00978	0.00743	0.00665	0.00978	0.01134	0.00548	0.01486	0.00861	0.02269	0.00704	0.00821	0.00548	0.00469	0.00313	0.00156	0.00391	0.00274	0.00313	0.00548
28	0.01209	0.00987	0.03342	0.01045	0.05742	0.01011	0.00785	0.02123	0.44903	0.09002	0.12218	0.02265	0.08100	0.00741	0.00524	0.00163	0.00391	0.00627	0.00493	0.04330
29	0.01352	0.82533	0.02650	0.00865	0.01298	0.02001	0.00865	0.01514	0.01027	0.01190	0.00703	0.00811	0.00649	0.00433	0.00324	0.00108	0.00541	0.00270	0.00216	0.00649
30	0.00943	0.00471	0.00471	0.00471	0.00589	0.00471	0.00353	0.01178	0.01060	0.01885	0.01650	0.01885	0.01296	0.00589	0.00353	0.00118	0.00236	0.00471	0.85036	0.00471
31	0.85801	0.00978	0.00743	0.00665	0.00978	0.01134	0.00548	0.01486	0.00861	0.02269	0.00704	0.00821	0.00548	0.00469	0.00313	0.00156	0.00391	0.00274	0.00313	0.00548
32	0.00616	0.00440	0.00587	0.00704	0.00733	0.00411	0.00469	0.00704	0.00968	0.01291	0.02787	0.81899	0.03344	0.01584	0.00645	0.00205	0.00293	0.01438	0.00469	0.00411
33	0.01258	0.01086	0.01143	0.01029	0.01315	0.01258	0.00800	0.02687	0.78161	0.02115	0.02058	0.01887	0.01544	0.00686	0.00515	0.00172	0.00400	0.00572	0.00515	0.00800
34	0.00598	0.00512	0.00512	0.00512	0.00683	0.00427	0.00384	0.00726	0.01153	0.01366	0.05123	0.04866	0.78869	0.01281	0.00598	0.00171	0.00256	0.01067	0.00470	0.00427
35	0.02269	0.00861	0.01174	0.00900	0.01291	0.00743	0.00743	0.02464	0.01447	0.79425	0.01995	0.01721	0.01252	0.00626	0.00509	0.00156	0.00430	0.00509	0.00626	0.00861
36	0.85801	0.00978	0.00743	0.00665	0.00978	0.01134	0.00548	0.01486	0.00861	0.02269	0.00704	0.00821	0.00548	0.00469	0.00313	0.00156	0.00391	0.00274	0.00313	0.00548
37	0.00735	0.00490	0.00552	0.00552	0.00552	0.00490	0.00306	0.00735	0.00735	0.00980	0.01593	0.03309	0.01838	0.82229	0.02574	0.00490	0.00490	0.00735	0.00306	0.00306
38	0.00722	0.00542	0.00813	0.00813	0.00903	0.00632	0.00632	0.00903	0.00813	0.01174	0.01354	0.01987	0.01264	0.03792	0.80225	0.00813	0.01354	0.00542	0.00271	0.00451
39	0.00722	0.00542	0.00813	0.00813	0.00903	0.00632	0.00632	0.00903	0.00813	0.01174	0.01354	0.01987	0.01264	0.03792	0.80225	0.00813	0.01354	0.00542	0.00271	0.00451
40	0.00711	0.00517	0.00670	0.00631	0.00753	0.00475	0.00474	0.00945	0.01421	0.02002	0.75965	0.03819	0.07630	0.01043	0.00596	0.00159	0.00239	0.00920	0.00553	0.00475
41	0.00943	0.00471	0.00471	0.00471	0.00589	0.00471	0.00353	0.01178	0.01060	0.01885	0.01650	0.01885	0.01296	0.00589	0.00353	0.00118	0.00236	0.00471	0.85036	0.00471
42	0.00735	0.00490	0.00552	0.00552	0.00552	0.00490	0.00306	0.00735	0.00735	0.00980	0.01593	0.03309	0.01838	0.82229	0.02574	0.00490	0.00490	0.00735	0.00306	0.00306
43	0.01922	0.01416	0.01518	0.01163	0.01568	0.01568	0.00961	0.77388	0.02378	0.03187	0.01214	0.01214	0.00860	0.00607	0.00506	0.00152	0.00556	0.00455	0.00506	0.00860
44	0.00980	0.00560	0.00641	0.10656	0.00990	0.00594	0.00508	0.03982	0.01102	0.01858	0.01539	0.01793	0.01202	0.00579	0.00378	0.00125	0.00303	0.00468	0.71244	0.00497
45	0.01781	0.01463	0.01481	0.01167	0.01536	0.11195	0.03697	0.58134	0.03485	0.02745	0.03053	0.01449	0.05188	0.00637	0.00510	0.00151	0.00585	0.00490	0.00466	0.00787
46	0.01400	0.75421	0.02542	0.00904	0.01321	0.08942	0.00875	0.01559	0.01063	0.01194	0.00710	0.00820	0.00649	0.00440	0.00336	0.00110	0.00574	0.00275	0.00220	0.00643
47	0.85801	0.00978	0.00743	0.00665	0.00978	0.01134	0.00548	0.01486	0.00861	0.02269	0.00704	0.00821	0.00548	0.00469	0.00313	0.00156	0.00391	0.00274	0.00313	0.00548
48	0.01923	0.01380	0.01491	0.01147	0.01548	0.01519	0.00946	0.71688	0.04288	0.06997	0.01275	0.01257	0.00897	0.00610	0.00506	0.00153	0.00546	0.00461	0.00512	0.00858
49	0.00616	0.00513	0.00537	0.00531	0.00694	0.00434	0.00398	0.00760	0.01195	0.01466	0.16285	0.04701	0.67644	0.01243	0.00597	0.00169	0.00253	0.01044	0.00483	0.00434
50	0.01867	0.01970	0.01544	0.01290	0.01620	0.45583	0.04809	0.31372	0.01789	0.02016	0.00962	0.01052	0.00738	0.00550	0.00482	0.00141	0.00770	0.00390	0.00356	0.00698
51	0.85801	0.00978	0.00743	0.00665	0.00978	0.01134	0.00548	0.01486	0.00861	0.02269	0.00704	0.00821	0.00548	0.00469	0.00313	0.00156	0.00391	0.00274	0.00313	0.00548
52	0.00734	0.00496	0.00578	0.00578	0.00588	0.00505	0.00340	0.00753	0.00743	0.01000	0.01569	0.03174	0.01780	0.74196	0.10526	0.00523	0.00579	0.00716	0.00303	0.00321
53	0.00722	0.00542	0.00813	0.00813	0.00903	0.00632	0.00632	0.00903	0.00813	0.01174	0.01354	0.01987	0.01264	0.03792	0.80225	0.00813	0.01354	0.00542	0.00271	0.00451
54	0.00723	0.00539	0.00797	0.00797	0.00882	0.00623	0.00612	0.00893	0.00808	0.01162	0.01369	0.02067	0.01299	0.08542	0.75523	0.00793	0.01302	0.00554	0.00273	0.00443
55	0.01352	0.82533	0.02650	0.00865	0.01298	0.02001	0.00865	0.01514	0.01027	0.01190	0.00703	0.00811	0.00649	0.00433	0.00324	0.00108	0.00541	0.00270	0.00216	0.00649
56	0.01049	0.00899	0.01049	0.00749	0.01198	0.00674	0.00599	0.01273	0.01049	0.01648	0.00899	0.01049	0.00749	0.00374	0.00374	0.00075	0.00374	0.00300	0.00300	0.85320
57	0.01871	0.02353	0.01453	0.01351	0.03795	0.76126	0.00993	0.03729	0.01446	0.01294	0.00796	0.00929	0.00660	0.00521	0.00458	0.00131	0.00895	0.00332	0.00266	0.00599
58	0.01922	0.01416	0.01518	0.01163	0.01568	0.01568	0.00961	0.77388	0.02378	0.03187	0.01214	0.01214	0.00860	0.00607	0.00506	0.00152	0.00556	0.00455	0.00506	0.00860

[dist]
# distance from previous block
# <min> <max>
0	19

[block]
# block no. 6 follows, 49 sequences, length 11
# corresponding to MSA columns:
# 375-385
name=unknown_G
#
# <colnr> <probs for GDERKNQSTAVLIFYWHMCP>
#	G	D	E	R	K	N	Q	S	T	A	V	L	I	F	Y	W	H	M	C	P
0	0.01632	0.01261	0.01517	0.25089	0.02142	0.01435	0.01094	0.54587	0.01968	0.02619	0.01120	0.01254	0.00804	0.00577	0.00506	0.00157	0.00592	0.00454	0.00422	0.00771
1	0.01049	0.00899	0.01049	0.00749	0.01198	0.00674	0.00599	0.01273	0.01049	0.01648	0.00899	0.01049	0.00749	0.00374	0.00374	0.00075	0.00374	0.00300	0.00300	0.85320
2	0.01080	0.01070	0.00840	0.00801	0.00887	0.24387	0.00537	0.01136	0.00952	0.01075	0.01328	0.02469	0.01430	0.50500	0.09113	0.00412	0.00696	0.00595	0.00289	0.00404
3	0.01150	0.01225	0.02404	0.01717	0.02210	0.01098	0.54274	0.01516	0.01150	0.01628	0.00986	0.01270	0.00762	0.00411	0.00530	0.00142	0.00709	0.00508	0.00269	0.26042
4	0.26561	0.01100	0.01590	0.02251	0.51279	0.01146	0.01209	0.01504	0.01065	0.01829	0.00974	0.01373	0.00844	0.00510	0.00456	0.00157	0.00530	0.04635	0.00281	0.00706
5	0.00652	0.00455	0.00576	0.00658	0.00679	0.00435	0.00421	0.00713	0.00898	0.01198	0.02429	0.58351	0.02893	0.25748	0.01223	0.00291	0.00352	0.01227	0.00421	0.00379
6	0.01099	0.05531	0.53155	0.01915	0.25189	0.01217	0.01732	0.01583	0.01091	0.01599	0.00912	0.01112	0.00689	0.00469	0.00480	0.00155	0.00695	0.00392	0.00225	0.00759
7	0.00676	0.00483	0.00655	0.00772	0.00828	0.00462	0.00573	0.00807	0.01027	0.01358	0.02754	0.59068	0.03214	0.01528	0.00661	0.00214	0.00345	0.23680	0.00468	0.00427
8	0.01022	0.00962	0.01544	0.02149	0.47928	0.00931	0.03990	0.01270	0.01154	0.01554	0.02359	0.02595	0.25843	0.00754	0.00543	0.00161	0.00494	0.03755	0.00329	0.00663
9	0.01728	0.01160	0.01273	0.01000	0.01357	0.01237	0.00816	0.47108	0.08088	0.12461	0.01423	0.01416	0.01018	0.00600	0.00478	0.00145	0.00473	0.00465	0.12195	0.05559
10	0.01299	0.01099	0.01393	0.01617	0.24576	0.02875	0.01001	0.05247	0.39119	0.06139	0.07008	0.01836	0.03240	0.00643	0.00516	0.00162	0.00465	0.00557	0.00437	0.00771

[dist]
# distance from previous block
# <min> <max>
2	5

[block]
# block no. 7 follows, 49 sequences, length 10
# corresponding to MSA columns:
# 391-400
name=unknown_H
#
# <colnr> <probs for GDERKNQSTAVLIFYWHMCP>
#	G	D	E	R	K	N	Q	S	T	A	V	L	I	F	Y	W	H	M	C	P
0	0.00948	0.03453	0.01379	0.45090	0.06798	0.04154	0.04349	0.01207	0.01035	0.01339	0.01388	0.21342	0.01366	0.00768	0.00532	0.00172	0.00575	0.00691	0.02870	0.00544
1	0.01497	0.01038	0.01206	0.01004	0.01285	0.01102	0.02619	0.39902	0.06068	0.10095	0.01786	0.23879	0.01661	0.03635	0.00618	0.00180	0.00467	0.00754	0.00495	0.00708
2	0.85801	0.00978	0.00743	0.00665	0.00978	0.01134	0.00548	0.01486	0.00861	0.02269	0.00704	0.00821	0.00548	0.00469	0.00313	0.00156	0.00391	0.00274	0.00313	0.00548
3	0.00823	0.00548	0.00673	0.00646	0.00683	0.00574	0.00420	0.00876	0.00830	0.04710	0.07219	0.03000	0.01898	0.59078	0.11236	0.00473	0.04908	0.00700	0.00331	0.00375
4	0.04915	0.01204	0.01316	0.04362	0.01498	0.01283	0.00855	0.40806	0.16318	0.02540	0.01273	0.01296	0.00945	0.00563	0.00472	0.00140	0.00486	0.00437	0.00444	0.18848
5	0.00815	0.00622	0.00764	0.00717	0.00717	0.00716	0.00477	0.00838	0.00744	0.01031	0.01395	0.02839	0.01588	0.64870	0.02379	0.00433	0.17736	0.00673	0.00288	0.00359
6	0.01733	0.01201	0.01446	0.18147	0.01920	0.01312	0.01008	0.46688	0.01891	0.14312	0.01253	0.01313	0.00875	0.00579	0.00501	0.00153	0.00555	0.00456	0.00456	0.04202
7	0.01624	0.01251	0.01355	0.01052	0.01447	0.01325	0.00857	0.48613	0.14807	0.02679	0.01288	0.01292	0.00951	0.00571	0.00479	0.00139	0.00491	0.00442	0.00463	0.18874
8	0.00804	0.00662	0.00970	0.00923	0.00994	0.00828	0.00733	0.00970	0.00805	0.01183	0.01207	0.01799	0.01136	0.03172	0.63459	0.00686	0.18416	0.00521	0.00260	0.00473
9	0.01006	0.01818	0.42122	0.01487	0.05954	0.01052	0.17811	0.01418	0.01028	0.01476	0.01081	0.01620	0.00932	0.17912	0.00953	0.00232	0.00708	0.00503	0.00244	0.00642

[dist]
# distance from previous block
# <min> <max>
2	319

# created by:
# /st0/software/busco_prod/Augustus/scripts/msa2prfl.pl ./align_prep/175075.fa
