[name]
unknown

[dist]
# distance from previous block
# <min> <max>
37	150

[block]
# block no. 0 follows, 49 sequences, length 10
# corresponding to MSA columns:
# 186-195
name=unknown_A
#
# <colnr> <probs for GDERKNQSTAVLIFYWHMCP>
#	G	D	E	R	K	N	Q	S	T	A	V	L	I	F	Y	W	H	M	C	P
0	0.01288	0.04285	0.13810	0.08309	0.01526	0.00983	0.03090	0.14455	0.04730	0.12716	0.04396	0.09626	0.03338	0.04314	0.00591	0.00171	0.00497	0.00592	0.09129	0.02155
1	0.01231	0.05138	0.11911	0.01625	0.04983	0.01174	0.36876	0.08701	0.02994	0.05506	0.05028	0.07630	0.01191	0.00584	0.00549	0.00162	0.00670	0.00602	0.00328	0.03116
2	0.01309	0.41530	0.23867	0.01038	0.01545	0.01538	0.01118	0.07907	0.01187	0.05303	0.03536	0.01076	0.00840	0.00487	0.00405	0.00128	0.00574	0.00350	0.00276	0.05986
3	0.13333	0.01062	0.01406	0.20798	0.14071	0.01157	0.03212	0.20553	0.01392	0.05836	0.01231	0.01407	0.04096	0.00553	0.00472	0.00153	0.00536	0.00455	0.04437	0.03839
4	0.01343	0.00952	0.01117	0.00910	0.01196	0.00976	0.02797	0.28456	0.02989	0.06034	0.07881	0.07928	0.01527	0.00712	0.00523	0.00145	0.02916	0.03036	0.15274	0.13289
5	0.47955	0.00994	0.01136	0.15885	0.01634	0.01112	0.06921	0.01582	0.07273	0.04794	0.00936	0.01098	0.00708	0.00490	0.00399	0.00156	0.00483	0.00367	0.00319	0.05759
6	0.00955	0.00899	0.01517	0.81013	0.03483	0.01123	0.01404	0.01292	0.01011	0.01292	0.00899	0.01348	0.00674	0.00506	0.00506	0.00169	0.00674	0.00449	0.00225	0.00562
7	0.00976	0.00912	0.01491	0.75442	0.03332	0.01133	0.01362	0.01389	0.06385	0.01349	0.00980	0.01386	0.00735	0.00518	0.00506	0.00169	0.00655	0.00458	0.00245	0.00578
8	0.03695	0.01209	0.05835	0.08102	0.02217	0.01150	0.44684	0.01433	0.01103	0.01545	0.01224	0.06927	0.01096	0.00640	0.00681	0.00180	0.08178	0.07311	0.00283	0.02506
9	0.00912	0.00588	0.00738	0.00714	0.00850	0.00560	0.00530	0.03272	0.05005	0.09787	0.30506	0.22798	0.08967	0.07607	0.00756	0.00202	0.00322	0.04870	0.00508	0.00509

[dist]
# distance from previous block
# <min> <max>
22	50

[block]
# block no. 1 follows, 49 sequences, length 151
# corresponding to MSA columns:
# 258-408
name=unknown_B
#
# <colnr> <probs for GDERKNQSTAVLIFYWHMCP>
#	G	D	E	R	K	N	Q	S	T	A	V	L	I	F	Y	W	H	M	C	P
0	0.03303	0.01188	0.02000	0.02992	0.75317	0.01189	0.01508	0.01572	0.01152	0.03552	0.00971	0.01253	0.00806	0.00455	0.00496	0.00150	0.00592	0.00448	0.00261	0.00796
1	0.79942	0.02738	0.02726	0.00746	0.02886	0.01155	0.00610	0.01491	0.00876	0.02215	0.00715	0.00838	0.00558	0.00468	0.00322	0.00155	0.00408	0.00280	0.00307	0.00561
2	0.00733	0.00499	0.00596	0.00596	0.00612	0.00515	0.00362	0.00764	0.00749	0.01014	0.01552	0.03082	0.01740	0.68778	0.15890	0.00546	0.00638	0.00702	0.00300	0.00331
3	0.00854	0.00667	0.01010	0.00951	0.01088	0.01965	0.11375	0.01070	0.04999	0.05684	0.02397	0.56060	0.02683	0.02671	0.00656	0.00201	0.00407	0.04322	0.00444	0.00497
4	0.03545	0.00927	0.01102	0.00848	0.01227	0.00823	0.00679	0.12804	0.02740	0.23210	0.01422	0.07607	0.01134	0.02027	0.00492	0.00130	0.00413	0.00481	0.00437	0.37952
5	0.00711	0.00518	0.00669	0.00634	0.00757	0.00476	0.00478	0.00943	0.01411	0.01982	0.73425	0.03871	0.08818	0.01054	0.00598	0.00161	0.00243	0.02225	0.00550	0.00474
6	0.01124	0.00903	0.01006	0.00943	0.02520	0.00984	0.00709	0.14207	0.34083	0.02021	0.07582	0.19650	0.08945	0.00953	0.00558	0.00175	0.00383	0.02091	0.00497	0.00664
7	0.01352	0.82533	0.02650	0.00865	0.01298	0.02001	0.00865	0.01514	0.01027	0.01190	0.00703	0.00811	0.00649	0.00433	0.00324	0.00108	0.00541	0.00270	0.00216	0.00649
8	0.01369	0.01465	0.01922	0.09425	0.49727	0.19451	0.06202	0.01641	0.01207	0.01523	0.00912	0.01189	0.00753	0.00470	0.00497	0.00148	0.00695	0.00431	0.00251	0.00723
9	0.01387	0.01191	0.01879	0.02665	0.62827	0.03050	0.01396	0.03106	0.05883	0.09969	0.01130	0.01331	0.00891	0.00488	0.00501	0.00152	0.00577	0.00461	0.00311	0.00803
10	0.01440	0.74706	0.02508	0.00869	0.01297	0.01880	0.00854	0.01605	0.01068	0.08687	0.00827	0.00898	0.00707	0.00451	0.00342	0.00113	0.00530	0.00293	0.00256	0.00669
11	0.76644	0.00972	0.00807	0.00733	0.02512	0.01100	0.00585	0.01576	0.00919	0.09209	0.00825	0.00911	0.00616	0.00483	0.00334	0.00156	0.00399	0.00298	0.00340	0.00581
12	0.00722	0.00542	0.00813	0.00813	0.00903	0.00632	0.00632	0.00903	0.00813	0.01174	0.01354	0.01987	0.01264	0.03792	0.80225	0.00813	0.01354	0.00542	0.00271	0.00451
13	0.01806	0.01448	0.07876	0.01247	0.05539	0.04834	0.01025	0.48249	0.07905	0.12927	0.01325	0.01310	0.00935	0.00593	0.00502	0.00154	0.00561	0.00459	0.00475	0.00831
14	0.00735	0.00490	0.00552	0.00552	0.00552	0.00490	0.00306	0.00735	0.00735	0.00980	0.01593	0.03309	0.01838	0.82229	0.02574	0.00490	0.00490	0.00735	0.00306	0.00306
15	0.00673	0.01983	0.00654	0.00673	0.00738	0.00479	0.00468	0.00797	0.01057	0.01434	0.21474	0.44845	0.06232	0.10127	0.05714	0.00258	0.00369	0.01143	0.00457	0.00424
16	0.00738	0.00565	0.00843	0.00834	0.00920	0.00670	0.00651	0.00916	0.00811	0.01176	0.01326	0.01951	0.01240	0.03674	0.77012	0.00788	0.04624	0.00538	0.00269	0.00456
17	0.01049	0.00899	0.01049	0.00749	0.01198	0.00674	0.00599	0.01273	0.01049	0.01648	0.00899	0.01049	0.00749	0.00374	0.00374	0.00075	0.00374	0.00300	0.00300	0.85320
18	0.00735	0.00490	0.00552	0.00552	0.00552	0.00490	0.00306	0.00735	0.00735	0.00980	0.01593	0.03309	0.01838	0.82229	0.02574	0.00490	0.00490	0.00735	0.00306	0.00306
19	0.85801	0.00978	0.00743	0.00665	0.00978	0.01134	0.00548	0.01486	0.00861	0.02269	0.00704	0.00821	0.00548	0.00469	0.00313	0.00156	0.00391	0.00274	0.00313	0.00548
20	0.00878	0.00439	0.00659	0.00659	0.00659	0.00439	0.00439	0.00659	0.00659	0.00878	0.00878	0.01537	0.00878	0.01757	0.01976	0.85288	0.00439	0.00439	0.00220	0.00220
21	0.01180	0.01455	0.08566	0.02081	0.02610	0.01271	0.71747	0.01618	0.01184	0.01618	0.01015	0.01342	0.00758	0.00430	0.00588	0.00170	0.00845	0.00581	0.00253	0.00687
22	0.01014	0.02616	0.79609	0.01441	0.02189	0.01174	0.01868	0.01601	0.01068	0.01601	0.00907	0.01068	0.00641	0.00480	0.00480	0.00160	0.00747	0.00374	0.00214	0.00747
23	0.00706	0.00516	0.00662	0.00626	0.00749	0.00473	0.00469	0.00935	0.01408	0.01971	0.72539	0.03870	0.11075	0.01055	0.00597	0.00160	0.00240	0.00927	0.00549	0.00473
24	0.01164	0.00694	0.00872	0.00753	0.00958	0.00666	0.00586	0.09561	0.03019	0.17478	0.48909	0.03028	0.04851	0.02837	0.02188	0.00179	0.00343	0.00769	0.00551	0.00596
25	0.00649	0.00514	0.00583	0.00566	0.00714	0.00449	0.00424	0.00824	0.01273	0.01651	0.36906	0.04397	0.46907	0.01174	0.00597	0.00166	0.00249	0.01001	0.00507	0.00449
26	0.01126	0.06232	0.44056	0.05041	0.13589	0.01231	0.16764	0.01598	0.01109	0.03186	0.00948	0.01165	0.00704	0.00467	0.00500	0.00158	0.00726	0.00430	0.00236	0.00732
27	0.85801	0.00978	0.00743	0.00665	0.00978	0.01134	0.00548	0.01486	0.00861	0.02269	0.00704	0.00821	0.00548	0.00469	0.00313	0.00156	0.00391	0.00274	0.00313	0.00548
28	0.01180	0.01459	0.08793	0.02079	0.02608	0.01271	0.71524	0.01618	0.01184	0.01618	0.01014	0.01342	0.00758	0.00430	0.00588	0.00170	0.00845	0.00580	0.00253	0.00687
29	0.01352	0.82533	0.02650	0.00865	0.01298	0.02001	0.00865	0.01514	0.01027	0.01190	0.00703	0.00811	0.00649	0.00433	0.00324	0.00108	0.00541	0.00270	0.00216	0.00649
30	0.01195	0.01129	0.01906	0.02841	0.70745	0.01124	0.01438	0.01488	0.01181	0.01692	0.09231	0.01520	0.01223	0.00513	0.00511	0.00151	0.00562	0.00500	0.00283	0.00767
31	0.00881	0.00553	0.00729	0.00664	0.00812	0.00505	0.00505	0.01115	0.01433	0.10259	0.70638	0.03559	0.04397	0.00990	0.00587	0.00159	0.00259	0.00871	0.00564	0.00518
32	0.00723	0.00499	0.00616	0.00625	0.00649	0.00518	0.00396	0.00773	0.00772	0.01050	0.01628	0.08995	0.01817	0.57412	0.20899	0.00545	0.00681	0.00743	0.00310	0.00349
33	0.01252	0.01201	0.02053	0.03104	0.79074	0.01201	0.01552	0.01552	0.01151	0.01652	0.00951	0.01252	0.00801	0.00451	0.00501	0.00150	0.00601	0.00451	0.00250	0.00801
34	0.01352	0.82533	0.02650	0.00865	0.01298	0.02001	0.00865	0.01514	0.01027	0.01190	0.00703	0.00811	0.00649	0.00433	0.00324	0.00108	0.00541	0.00270	0.00216	0.00649
35	0.00713	0.00517	0.00672	0.00633	0.00754	0.00476	0.00475	0.00949	0.01425	0.02012	0.77103	0.03802	0.06485	0.01039	0.00596	0.00159	0.00239	0.00918	0.00555	0.00476
36	0.00598	0.00512	0.00512	0.00512	0.00683	0.00427	0.00384	0.00726	0.01153	0.01366	0.05123	0.04866	0.78869	0.01281	0.00598	0.00171	0.00256	0.01067	0.00470	0.00427
37	0.01014	0.02616	0.79609	0.01441	0.02189	0.01174	0.01868	0.01601	0.01068	0.01601	0.00907	0.01068	0.00641	0.00480	0.00480	0.00160	0.00747	0.00374	0.00214	0.00747
38	0.01049	0.00899	0.01049	0.00749	0.01198	0.00674	0.00599	0.01273	0.01049	0.01648	0.00899	0.01049	0.00749	0.00374	0.00374	0.00075	0.00374	0.00300	0.00300	0.85320
39	0.00616	0.00440	0.00587	0.00704	0.00733	0.00411	0.00469	0.00704	0.00968	0.01291	0.02787	0.81899	0.03344	0.01584	0.00645	0.00205	0.00293	0.01438	0.00469	0.00411
40	0.01014	0.02616	0.79609	0.01441	0.02189	0.01174	0.01868	0.01601	0.01068	0.01601	0.00907	0.01068	0.00641	0.00480	0.00480	0.00160	0.00747	0.00374	0.00214	0.00747
41	0.01874	0.01570	0.01479	0.01179	0.01551	0.15365	0.00954	0.59420	0.07005	0.02777	0.01191	0.01204	0.00867	0.00597	0.00498	0.00149	0.00609	0.00440	0.00463	0.00808
42	0.00834	0.00543	0.00711	0.00654	0.00795	0.00497	0.00496	0.01066	0.01427	0.08016	0.71280	0.03641	0.06077	0.01007	0.00590	0.00159	0.00254	0.00886	0.00560	0.00506
43	0.01922	0.01416	0.01518	0.01163	0.01568	0.01568	0.00961	0.77388	0.02378	0.03187	0.01214	0.01214	0.00860	0.00607	0.00506	0.00152	0.00556	0.00455	0.00506	0.00860
44	0.00706	0.00517	0.00663	0.00626	0.00750	0.00473	0.00470	0.00936	0.01409	0.01975	0.72896	0.03865	0.10716	0.01054	0.00597	0.00160	0.00240	0.00927	0.00550	0.00473
45	0.01813	0.02139	0.01406	0.01254	0.01533	0.61948	0.00953	0.10119	0.11144	0.01555	0.00988	0.01066	0.00785	0.00551	0.00469	0.00138	0.00810	0.00370	0.00318	0.00642
46	0.00785	0.00587	0.00731	0.00764	0.00888	0.00575	0.00594	0.04612	0.05514	0.01644	0.17977	0.26066	0.14410	0.01283	0.00629	0.00194	0.00343	0.21428	0.00490	0.00484
47	0.00675	0.00519	0.00562	0.00548	0.00695	0.00451	0.00400	0.00809	0.01159	0.03302	0.17704	0.04413	0.54698	0.10854	0.00830	0.00206	0.00285	0.00987	0.00469	0.00432
48	0.01141	0.00950	0.01249	0.01069	0.09550	0.00761	0.04149	0.01381	0.01087	0.05761	0.00968	0.01120	0.00782	0.00398	0.00405	0.00092	0.00423	0.00340	0.00310	0.68063
49	0.01295	0.01105	0.01164	0.01037	0.01329	0.01275	0.00809	0.06822	0.73966	0.02175	0.02011	0.01849	0.01506	0.00682	0.00514	0.00170	0.00409	0.00565	0.00514	0.00804
50	0.12384	0.09901	0.01391	0.01000	0.01338	0.06399	0.00823	0.37965	0.07978	0.04036	0.07419	0.04672	0.01262	0.00646	0.00472	0.00151	0.00505	0.00492	0.00440	0.00726
51	0.01246	0.01195	0.02042	0.04645	0.77579	0.01200	0.01549	0.01547	0.01149	0.01645	0.00950	0.01253	0.00798	0.00452	0.00501	0.00151	0.00602	0.00451	0.00250	0.00796
52	0.01176	0.01667	0.23155	0.01810	0.02358	0.01248	0.47613	0.05544	0.05454	0.01716	0.01092	0.02822	0.00830	0.00486	0.00558	0.00167	0.00774	0.00545	0.00276	0.00710
53	0.01435	0.63442	0.02346	0.00941	0.01343	0.10482	0.00878	0.05831	0.06693	0.01371	0.00837	0.00922	0.00725	0.00470	0.00363	0.00118	0.00572	0.00308	0.00259	0.00665
54	0.00607	0.00502	0.00533	0.00548	0.00695	0.00428	0.00402	0.00736	0.01142	0.01395	0.09214	0.16144	0.63288	0.01310	0.00605	0.00175	0.00261	0.01113	0.00475	0.00428
55	0.01094	0.01026	0.01699	0.51521	0.19151	0.01186	0.05560	0.05314	0.03702	0.01509	0.00966	0.01334	0.00744	0.00510	0.00538	0.00165	0.02621	0.00462	0.00256	0.00642
56	0.01236	0.55053	0.29112	0.01063	0.01604	0.01717	0.01210	0.01544	0.01041	0.01331	0.00773	0.00899	0.00646	0.00449	0.00378	0.00126	0.00612	0.00306	0.00215	0.00683
57	0.00675	0.00466	0.00568	0.00625	0.00643	0.00450	0.00387	0.00720	0.00857	0.01139	0.02242	0.41661	0.04023	0.41380	0.01596	0.00345	0.00390	0.01084	0.00389	0.00360
58	0.85801	0.00978	0.00743	0.00665	0.00978	0.01134	0.00548	0.01486	0.00861	0.02269	0.00704	0.00821	0.00548	0.00469	0.00313	0.00156	0.00391	0.00274	0.00313	0.00548
59	0.01552	0.01216	0.01317	0.00994	0.01412	0.02539	0.00811	0.43553	0.03414	0.02505	0.01096	0.01156	0.00826	0.00513	0.00452	0.00121	0.00485	0.00392	0.00418	0.35229
60	0.01111	0.00897	0.01055	0.00757	0.01203	0.00678	0.00607	0.01334	0.01069	0.05638	0.00955	0.01083	0.00775	0.00387	0.00381	0.00079	0.00377	0.00310	0.00316	0.80987
61	0.01201	0.16095	0.12727	0.01869	0.09194	0.01374	0.45086	0.01584	0.01140	0.01544	0.00941	0.01209	0.00732	0.00435	0.00519	0.00154	0.00749	0.00489	0.00244	0.02717
62	0.01117	0.05326	0.40197	0.01809	0.07569	0.01253	0.32240	0.01602	0.01122	0.01595	0.00949	0.01189	0.00703	0.00455	0.00522	0.00161	0.00771	0.00465	0.00233	0.00721
63	0.00703	0.00516	0.00658	0.00623	0.00748	0.00472	0.00467	0.00929	0.01401	0.01956	0.70782	0.03896	0.12842	0.01061	0.00597	0.00160	0.00240	0.00931	0.00547	0.00472
64	0.02246	0.00897	0.01196	0.00917	0.01309	0.00797	0.00757	0.07357	0.01508	0.74446	0.01944	0.01688	0.01226	0.00625	0.00508	0.00156	0.00439	0.00505	0.00618	0.00861
65	0.01095	0.04100	0.66676	0.01585	0.10312	0.01178	0.01770	0.01628	0.01090	0.04619	0.00950	0.01107	0.00682	0.00482	0.00480	0.00158	0.00715	0.00385	0.00233	0.00755
66	0.01618	0.00933	0.01101	0.00930	0.01244	0.00960	0.00739	0.02405	0.38214	0.34285	0.07165	0.02056	0.04621	0.00707	0.00521	0.00164	0.00397	0.00587	0.00562	0.00790
67	0.00616	0.00440	0.00587	0.00704	0.00733	0.00411	0.00469	0.00704	0.00968	0.01291	0.02787	0.81899	0.03344	0.01584	0.00645	0.00205	0.00293	0.01438	0.00469	0.00411
68	0.00617	0.00513	0.00540	0.00533	0.00695	0.00435	0.00400	0.00764	0.01199	0.01477	0.17423	0.04685	0.66500	0.01239	0.00597	0.00169	0.00253	0.01042	0.00484	0.00435
69	0.01217	0.01369	0.10227	0.11910	0.57775	0.04422	0.02685	0.01547	0.01138	0.01587	0.00935	0.01231	0.00763	0.00463	0.00499	0.00153	0.00641	0.00439	0.00244	0.00757
70	0.01207	0.01156	0.01972	0.14849	0.67679	0.01190	0.01530	0.01513	0.01130	0.01598	0.00943	0.01266	0.00782	0.00459	0.00501	0.00153	0.00612	0.00450	0.00246	0.00765
71	0.00719	0.00513	0.00656	0.00623	0.00723	0.00479	0.00450	0.00920	0.01321	0.01862	0.66608	0.03703	0.04308	0.13862	0.00909	0.00211	0.00278	0.00886	0.00517	0.00450
72	0.00616	0.00440	0.00587	0.00704	0.00733	0.00411	0.00469	0.00704	0.00968	0.01291	0.02787	0.81899	0.03344	0.01584	0.00645	0.00205	0.00293	0.01438	0.00469	0.00411
73	0.02220	0.00939	0.01222	0.00937	0.01330	0.00860	0.00774	0.13053	0.01579	0.68650	0.01885	0.01649	0.01196	0.00623	0.00508	0.00156	0.00448	0.00501	0.00609	0.00860
74	0.01304	0.01025	0.01168	0.00856	0.01293	0.00897	0.00693	0.20112	0.01390	0.04569	0.01012	0.01111	0.00793	0.00440	0.00411	0.00097	0.00421	0.00345	0.00361	0.61699
75	0.01243	0.00957	0.01112	0.00812	0.01249	0.00791	0.00654	0.09940	0.02648	0.07741	0.01039	0.01134	0.00814	0.00425	0.00402	0.00092	0.00400	0.00338	0.00352	0.67856
76	0.01683	0.01540	0.01367	0.01150	0.01479	0.20324	0.00909	0.33327	0.28507	0.02347	0.01404	0.01375	0.01048	0.00614	0.00497	0.00153	0.00587	0.00465	0.00450	0.00774
77	0.01194	0.01364	0.02984	0.02131	0.02643	0.01279	0.77238	0.01620	0.01194	0.01620	0.01023	0.01364	0.00767	0.00426	0.00597	0.00171	0.00853	0.00597	0.00256	0.00682
78	0.01252	0.01199	0.02031	0.03054	0.77217	0.01203	0.01534	0.01579	0.02991	0.01663	0.00978	0.01267	0.00819	0.00456	0.00501	0.00151	0.00596	0.00453	0.00257	0.00801
79	0.01214	0.01043	0.01104	0.00996	0.01271	0.01197	0.00774	0.02550	0.72296	0.02095	0.06348	0.02054	0.03369	0.00718	0.00521	0.00171	0.00388	0.00601	0.00516	0.00775
80	0.01298	0.01281	0.01942	0.02822	0.67806	0.06933	0.01456	0.01668	0.06766	0.01656	0.01019	0.01273	0.00844	0.00473	0.00498	0.00150	0.00609	0.00450	0.00270	0.00785
81	0.00616	0.00448	0.00582	0.00685	0.00729	0.00413	0.00462	0.00711	0.00994	0.01312	0.04473	0.73335	0.10285	0.01546	0.00640	0.00201	0.00289	0.01394	0.00471	0.00413
82	0.00628	0.00511	0.00556	0.00550	0.00703	0.00439	0.00410	0.00782	0.01215	0.01528	0.23399	0.07355	0.57700	0.01230	0.00599	0.00169	0.00253	0.01042	0.00491	0.00439
83	0.02639	0.09502	0.55182	0.01446	0.05323	0.01264	0.05971	0.05812	0.02556	0.04322	0.00969	0.01110	0.00703	0.00487	0.00474	0.00155	0.00695	0.00391	0.00255	0.00745
84	0.02262	0.00871	0.01180	0.00905	0.01296	0.00759	0.00747	0.03914	0.01465	0.77950	0.01980	0.01711	0.01244	0.00626	0.00508	0.00156	0.00433	0.00507	0.00624	0.00861
85	0.02895	0.01223	0.03499	0.01849	0.31542	0.01248	0.01143	0.25785	0.11047	0.08082	0.05580	0.01482	0.01158	0.00576	0.00506	0.00155	0.00529	0.00492	0.00409	0.00801
86	0.01020	0.02572	0.76949	0.01465	0.02204	0.01178	0.04484	0.01602	0.01072	0.01602	0.00911	0.01078	0.00645	0.00479	0.00484	0.00161	0.00751	0.00381	0.00215	0.00745
87	0.01221	0.01296	0.01649	0.11439	0.06006	0.13039	0.06638	0.01427	0.02808	0.01304	0.00786	0.01153	0.00699	0.00722	0.01170	0.00192	0.47183	0.00441	0.00239	0.00588
88	0.01255	0.58114	0.11537	0.00932	0.01361	0.02949	0.00946	0.01572	0.07158	0.01375	0.06428	0.01206	0.02317	0.00516	0.00384	0.00124	0.00534	0.00366	0.00268	0.00656
89	0.00831	0.00741	0.05055	0.00707	0.00885	0.04608	0.00576	0.01066	0.01374	0.04593	0.57739	0.03558	0.14344	0.00996	0.00580	0.00159	0.00310	0.00861	0.00513	0.00504
90	0.01350	0.67482	0.11587	0.00964	0.01421	0.07448	0.00991	0.01560	0.01061	0.01241	0.00733	0.00848	0.00648	0.00444	0.00352	0.00116	0.00591	0.00286	0.00219	0.00656
91	0.81152	0.05467	0.00848	0.00676	0.00996	0.01182	0.00565	0.01488	0.00870	0.02209	0.00704	0.00821	0.00553	0.00467	0.00314	0.00154	0.00399	0.00274	0.00308	0.00553
92	0.01155	0.01111	0.01902	0.18891	0.56441	0.01149	0.04557	0.01459	0.01124	0.01562	0.01157	0.01461	0.04779	0.00503	0.00511	0.00156	0.00608	0.00488	0.00257	0.00728
93	0.01656	0.00998	0.01201	0.01105	0.07058	0.02516	0.00813	0.07932	0.27484	0.32453	0.04834	0.03452	0.04794	0.00692	0.00518	0.00162	0.00434	0.00575	0.00532	0.00789
94	0.00722	0.00542	0.00813	0.00813	0.00903	0.00632	0.00632	0.00903	0.00813	0.01174	0.01354	0.01987	0.01264	0.03792	0.80225	0.00813	0.01354	0.00542	0.00271	0.00451
95	0.00722	0.00542	0.00813	0.00813	0.00903	0.00632	0.00632	0.00903	0.00813	0.01174	0.01354	0.01987	0.01264	0.03792	0.80225	0.00813	0.01354	0.00542	0.00271	0.00451
96	0.01242	0.01119	0.01513	0.04423	0.04806	0.01230	0.14505	0.02357	0.55431	0.03427	0.01836	0.01796	0.02702	0.00632	0.00530	0.00170	0.00498	0.00574	0.00447	0.00764
97	0.00730	0.00491	0.00550	0.00550	0.00557	0.00488	0.00310	0.00735	0.00752	0.00996	0.01734	0.03371	0.04913	0.78997	0.02495	0.00477	0.00481	0.00749	0.00313	0.00311
98	0.01014	0.02616	0.79609	0.01441	0.02189	0.01174	0.01868	0.01601	0.01068	0.01601	0.00907	0.01068	0.00641	0.00480	0.00480	0.00160	0.00747	0.00374	0.00214	0.00747
99	0.00735	0.00490	0.00552	0.00552	0.00552	0.00490	0.00306	0.00735	0.00735	0.00980	0.01593	0.03309	0.01838	0.82229	0.02574	0.00490	0.00490	0.00735	0.00306	0.00306
100	0.00886	0.00716	0.00816	0.00778	0.00959	0.00746	0.00598	0.01513	0.28243	0.01860	0.28842	0.08392	0.16212	0.01016	0.00578	0.00174	0.00318	0.06261	0.00515	0.00577
101	0.02062	0.00845	0.01127	0.00885	0.01245	0.00754	0.00723	0.02345	0.06642	0.67299	0.08837	0.01915	0.01585	0.00666	0.00517	0.00158	0.00411	0.00549	0.00612	0.00822
102	0.01206	0.01304	0.02669	0.04249	0.25737	0.01252	0.52635	0.01592	0.01177	0.01622	0.00998	0.01330	0.00775	0.00435	0.00566	0.00164	0.00772	0.00549	0.00253	0.00715
103	0.02269	0.00861	0.01174	0.00900	0.01291	0.00743	0.00743	0.02464	0.01447	0.79425	0.01995	0.01721	0.01252	0.00626	0.00509	0.00156	0.00430	0.00509	0.00626	0.00861
104	0.01117	0.00941	0.01172	0.08134	0.05712	0.00791	0.00745	0.05216	0.01126	0.03026	0.00937	0.01107	0.00759	0.00407	0.00402	0.00093	0.00424	0.00333	0.00306	0.67253
105	0.01875	0.02381	0.01427	0.01297	0.01558	0.78458	0.00973	0.02034	0.03125	0.01257	0.00810	0.00933	0.00671	0.00525	0.00457	0.00131	0.00901	0.00331	0.00266	0.00591
106	0.00728	0.00520	0.00702	0.00702	0.00754	0.00572	0.00494	0.00832	0.00780	0.01092	0.01456	0.02548	0.01508	0.37090	0.47261	0.00676	0.00988	0.00624	0.00286	0.00390
107	0.01258	0.01082	0.01139	0.01022	0.01308	0.01248	0.00796	0.04096	0.75235	0.02122	0.02100	0.01930	0.02995	0.00696	0.00516	0.00171	0.00400	0.00579	0.00514	0.00794
108	0.00955	0.00899	0.01517	0.81013	0.03483	0.01123	0.01404	0.01292	0.01011	0.01292	0.00899	0.01348	0.00674	0.00506	0.00506	0.00169	0.00674	0.00449	0.00225	0.00562
109	0.01106	0.01106	0.01549	0.01328	0.01328	0.01549	0.01106	0.01217	0.00774	0.01217	0.00664	0.01106	0.00664	0.00885	0.01659	0.00221	0.81303	0.00443	0.00221	0.00553
110	0.12097	0.00874	0.01123	0.00872	0.01254	0.00789	0.00720	0.02349	0.01378	0.70347	0.01843	0.01615	0.01169	0.00607	0.00486	0.00156	0.00426	0.00481	0.00589	0.00824
111	0.00615	0.00443	0.00584	0.00696	0.00731	0.00411	0.00466	0.00705	0.00976	0.01294	0.02883	0.78748	0.06433	0.01572	0.00643	0.00204	0.00292	0.01422	0.00469	0.00411
112	0.42364	0.01149	0.01086	0.00899	0.01243	0.01300	0.00735	0.29149	0.11859	0.04106	0.01097	0.01125	0.00809	0.00552	0.00414	0.00157	0.00453	0.00384	0.00416	0.00701
113	0.01582	0.00892	0.01069	0.00899	0.01201	0.00902	0.00715	0.04039	0.30064	0.33950	0.13669	0.02208	0.05055	0.00736	0.00528	0.00163	0.00386	0.00615	0.00565	0.00763
114	0.00651	0.00513	0.00588	0.00572	0.00717	0.00449	0.00428	0.00829	0.01275	0.01664	0.38373	0.05904	0.43886	0.01175	0.00598	0.00166	0.00249	0.01006	0.00509	0.00449
115	0.01484	0.00919	0.01031	0.00866	0.01144	0.00969	0.00690	0.18634	0.21213	0.17625	0.08165	0.01863	0.01544	0.00662	0.00479	0.00150	0.00388	0.00538	0.20916	0.00719
116	0.00627	0.00513	0.00553	0.00543	0.00701	0.00439	0.00407	0.00782	0.01222	0.01530	0.23340	0.04597	0.60550	0.01220	0.00597	0.00168	0.00252	0.01029	0.00491	0.00439
117	0.49187	0.00994	0.00979	0.00987	0.09331	0.04287	0.00689	0.01641	0.01020	0.17262	0.01068	0.01273	0.00834	0.07867	0.00581	0.00185	0.00452	0.00383	0.00365	0.00616
118	0.01832	0.10931	0.01562	0.01256	0.01535	0.71882	0.00965	0.01966	0.01390	0.01232	0.00773	0.00901	0.00651	0.00512	0.00442	0.00128	0.00872	0.00320	0.00256	0.00593
119	0.85801	0.00978	0.00743	0.00665	0.00978	0.01134	0.00548	0.01486	0.00861	0.02269	0.00704	0.00821	0.00548	0.00469	0.00313	0.00156	0.00391	0.00274	0.00313	0.00548
120	0.01240	0.01200	0.01998	0.09300	0.71591	0.02662	0.01529	0.01540	0.01145	0.01616	0.00944	0.01253	0.00788	0.00456	0.00500	0.00151	0.00612	0.00448	0.00248	0.00778
121	0.00732	0.00489	0.00552	0.00555	0.00556	0.00488	0.00310	0.00735	0.00741	0.00988	0.01622	0.05227	0.01875	0.80261	0.02527	0.00483	0.00485	0.00752	0.00310	0.00309
122	0.00723	0.00541	0.00808	0.00808	0.00896	0.00629	0.00626	0.00900	0.00811	0.01170	0.01359	0.02013	0.01276	0.05342	0.78691	0.00806	0.01337	0.00546	0.00272	0.00449
123	0.01258	0.01086	0.01143	0.01029	0.01315	0.01258	0.00800	0.02687	0.78161	0.02115	0.02058	0.01887	0.01544	0.00686	0.00515	0.00172	0.00400	0.00572	0.00515	0.00800
124	0.00622	0.00445	0.00592	0.00700	0.00735	0.00415	0.00470	0.00720	0.00998	0.01338	0.07619	0.76933	0.03435	0.01549	0.00642	0.00202	0.00290	0.01404	0.00475	0.00415
125	0.01306	0.01075	0.01145	0.01023	0.01314	0.01233	0.00798	0.02676	0.74462	0.05843	0.02055	0.01879	0.01530	0.00683	0.00514	0.00171	0.00402	0.00569	0.00520	0.00803
126	0.01258	0.01086	0.01143	0.01029	0.01315	0.01258	0.00800	0.02687	0.78161	0.02115	0.02058	0.01887	0.01544	0.00686	0.00515	0.00172	0.00400	0.00572	0.00515	0.00800
127	0.85801	0.00978	0.00743	0.00665	0.00978	0.01134	0.00548	0.01486	0.00861	0.02269	0.00704	0.00821	0.00548	0.00469	0.00313	0.00156	0.00391	0.00274	0.00313	0.00548
128	0.02253	0.00885	0.01189	0.00911	0.01303	0.00780	0.00753	0.05800	0.01489	0.76031	0.01960	0.01699	0.01234	0.00625	0.00508	0.00156	0.00436	0.00506	0.00621	0.00861
129	0.01889	0.02410	0.01433	0.01303	0.01563	0.80199	0.00977	0.02019	0.01433	0.01238	0.00782	0.00912	0.00651	0.00521	0.00456	0.00130	0.00912	0.00326	0.00261	0.00586
130	0.01014	0.02616	0.79609	0.01441	0.02189	0.01174	0.01868	0.01601	0.01068	0.01601	0.00907	0.01068	0.00641	0.00480	0.00480	0.00160	0.00747	0.00374	0.00214	0.00747
131	0.00955	0.00899	0.01517	0.81013	0.03483	0.01123	0.01404	0.01292	0.01011	0.01292	0.00899	0.01348	0.00674	0.00506	0.00506	0.00169	0.00674	0.00449	0.00225	0.00562
132	0.00955	0.00899	0.01517	0.81013	0.03483	0.01123	0.01404	0.01292	0.01011	0.01292	0.00899	0.01348	0.00674	0.00506	0.00506	0.00169	0.00674	0.00449	0.00225	0.00562
133	0.00875	0.00441	0.00662	0.00662	0.00664	0.00444	0.00444	0.00664	0.00662	0.00885	0.00889	0.01547	0.00887	0.01802	0.03734	0.83390	0.00460	0.00441	0.00221	0.00225
134	0.20824	0.16308	0.34247	0.01107	0.01626	0.05381	0.01218	0.05818	0.04266	0.03631	0.00907	0.01014	0.00685	0.00490	0.00416	0.00148	0.00604	0.00345	0.00278	0.00686
135	0.01252	0.01201	0.02053	0.03104	0.79074	0.01201	0.01552	0.01552	0.01151	0.01652	0.00951	0.01252	0.00801	0.00451	0.00501	0.00150	0.00601	0.00451	0.00250	0.00801
136	0.00807	0.00578	0.00804	0.00912	0.01030	0.00575	0.00794	0.01038	0.01175	0.01532	0.05832	0.05611	0.04264	0.01380	0.00693	0.00229	0.00453	0.71359	0.00469	0.00465
137	0.01273	0.01290	0.06294	0.02913	0.70866	0.01219	0.01539	0.05445	0.01210	0.01728	0.00962	0.01239	0.00795	0.00460	0.00500	0.00151	0.00607	0.00447	0.00261	0.00801
138	0.01334	0.78315	0.06711	0.00896	0.01345	0.01957	0.00918	0.01519	0.01030	0.01211	0.00714	0.00825	0.00648	0.00435	0.00333	0.00111	0.00552	0.00276	0.00216	0.00654
139	0.01119	0.01045	0.01725	0.45045	0.33709	0.01175	0.01435	0.04534	0.02502	0.01529	0.00953	0.01314	0.00748	0.00491	0.00504	0.00161	0.00635	0.00452	0.00252	0.00674
140	0.00616	0.00440	0.00587	0.00704	0.00733	0.00411	0.00469	0.00704	0.00968	0.01291	0.02787	0.81899	0.03344	0.01584	0.00645	0.00205	0.00293	0.01438	0.00469	0.00411
141	0.01168	0.01248	0.02888	0.10438	0.07451	0.09453	0.11200	0.01368	0.00959	0.01315	0.00840	0.02541	0.00764	0.02195	0.02771	0.00210	0.41893	0.00475	0.00239	0.00587
142	0.01189	0.01091	0.04378	0.01074	0.03190	0.01172	0.00845	0.02421	0.64892	0.02006	0.02055	0.06438	0.01657	0.00758	0.00529	0.00176	0.00417	0.04461	0.00491	0.00760
143	0.00691	0.00516	0.00642	0.00611	0.00741	0.00467	0.00458	0.00907	0.01374	0.01892	0.63688	0.04001	0.19976	0.01084	0.00597	0.00161	0.00242	0.00946	0.00539	0.00467
144	0.00704	0.00529	0.00653	0.00619	0.00753	0.00485	0.00465	0.00947	0.03148	0.01892	0.61662	0.03961	0.20153	0.01077	0.00595	0.00162	0.00246	0.00938	0.00538	0.00474
145	0.01342	0.69548	0.11133	0.00952	0.01410	0.05921	0.00982	0.01550	0.01053	0.01238	0.00730	0.00845	0.00648	0.00442	0.00349	0.00115	0.00583	0.00285	0.00218	0.00657
146	0.01922	0.01416	0.01518	0.01163	0.01568	0.01568	0.00961	0.77388	0.02378	0.03187	0.01214	0.01214	0.00860	0.00607	0.00506	0.00152	0.00556	0.00455	0.00506	0.00860
147	0.00735	0.00490	0.00552	0.00552	0.00552	0.00490	0.00306	0.00735	0.00735	0.00980	0.01593	0.03309	0.01838	0.82229	0.02574	0.00490	0.00490	0.00735	0.00306	0.00306
148	0.01237	0.01297	0.06051	0.06950	0.51916	0.02628	0.12311	0.02844	0.06630	0.01675	0.01036	0.01302	0.00832	0.00472	0.00514	0.00156	0.00639	0.00474	0.00271	0.00765
149	0.00646	0.00536	0.00569	0.00572	0.00729	0.00475	0.00424	0.00850	0.05394	0.01453	0.10740	0.13194	0.60119	0.01261	0.00598	0.00174	0.00267	0.01069	0.00479	0.00450
150	0.00868	0.03694	0.10874	0.00757	0.00911	0.00729	0.00611	0.03713	0.07846	0.01280	0.01630	0.11091	0.01743	0.50120	0.01764	0.00364	0.00498	0.00723	0.00334	0.00450

[dist]
# distance from previous block
# <min> <max>
0	17

# created by:
# /st0/software/busco_prod/Augustus/scripts/msa2prfl.pl ./align_prep/175168.fa
