[name]
unknown

[dist]
# distance from previous block
# <min> <max>
36	109

[block]
# block no. 0 follows, 48 sequences, length 41
# corresponding to MSA columns:
# 131-171
name=unknown_A
#
# <colnr> <probs for GDERKNQSTAVLIFYWHMCP>
#	G	D	E	R	K	N	Q	S	T	A	V	L	I	F	Y	W	H	M	C	P
0	0.01218	0.01032	0.04657	0.04012	0.06824	0.00873	0.09522	0.06547	0.03042	0.09636	0.01431	0.10885	0.03141	0.00619	0.00489	0.00134	0.00484	0.00554	0.00367	0.34533
1	0.03967	0.11928	0.07252	0.11992	0.20874	0.02782	0.02806	0.05869	0.05372	0.05430	0.01064	0.02662	0.00856	0.00504	0.00462	0.00140	0.00561	0.00425	0.00306	0.14748
2	0.06725	0.04908	0.04072	0.01006	0.01361	0.11089	0.00831	0.17155	0.20383	0.07185	0.03647	0.01429	0.01127	0.00583	0.00465	0.00143	0.00508	0.00447	0.03986	0.12949
3	0.12973	0.15936	0.03127	0.01308	0.09671	0.18496	0.05072	0.07822	0.08854	0.09359	0.01097	0.01174	0.00843	0.00527	0.00446	0.00145	0.00610	0.00398	0.01440	0.00702
4	0.01259	0.00916	0.04227	0.00864	0.01107	0.04979	0.00692	0.03931	0.16991	0.18090	0.08331	0.19881	0.10952	0.00957	0.00554	0.00172	0.00399	0.00816	0.04242	0.00642
5	0.04571	0.00611	0.00806	0.00830	0.03643	0.00667	0.00593	0.04277	0.00949	0.01391	0.03106	0.06225	0.05782	0.14015	0.42979	0.02125	0.00921	0.00634	0.05410	0.00466
6	0.07865	0.01481	0.01410	0.02824	0.07702	0.17454	0.00965	0.26836	0.20208	0.03790	0.01283	0.01318	0.00968	0.00601	0.00525	0.00157	0.02987	0.00450	0.00418	0.00758
7	0.00712	0.00524	0.00666	0.00631	0.00758	0.00478	0.00473	0.00941	0.01419	0.01979	0.69869	0.03963	0.13518	0.01078	0.00605	0.00163	0.00244	0.00946	0.00554	0.00478
8	0.01300	0.11236	0.21110	0.06359	0.18123	0.05836	0.01312	0.14490	0.01342	0.01811	0.04458	0.04649	0.01029	0.00591	0.00542	0.00156	0.04155	0.00472	0.00306	0.00722
9	0.00731	0.00491	0.00564	0.00579	0.00582	0.00488	0.00331	0.00742	0.00775	0.01033	0.01765	0.12937	0.02052	0.72133	0.02372	0.00462	0.00473	0.00833	0.00331	0.00324
10	0.01158	0.01250	0.07651	0.22184	0.44699	0.01190	0.09662	0.01503	0.01128	0.01571	0.00994	0.02893	0.00817	0.00494	0.00521	0.00161	0.00660	0.00487	0.00250	0.00727
11	0.01318	0.01123	0.01184	0.01053	0.01350	0.01296	0.00822	0.07294	0.73204	0.02213	0.02036	0.01872	0.01524	0.00691	0.00522	0.00173	0.00416	0.00573	0.00522	0.00816
12	0.00739	0.00627	0.02720	0.11037	0.03155	0.00603	0.00670	0.00941	0.04248	0.01354	0.02593	0.45981	0.10618	0.07331	0.01864	0.00227	0.00404	0.04002	0.00419	0.00468
13	0.23561	0.09417	0.24876	0.02802	0.10147	0.01334	0.01200	0.14153	0.04622	0.02053	0.00954	0.01079	0.00722	0.00507	0.00436	0.00155	0.00577	0.00375	0.00311	0.00719
14	0.34423	0.09687	0.01179	0.00833	0.01187	0.01111	0.00697	0.04589	0.07631	0.30121	0.01370	0.03017	0.00984	0.00578	0.00422	0.00156	0.00432	0.00421	0.00450	0.00712
15	0.09950	0.00582	0.00562	0.00535	0.00690	0.00606	0.00411	0.05110	0.01123	0.02022	0.01550	0.01764	0.01212	0.00586	0.00362	0.00125	0.00272	0.00456	0.71574	0.00507
16	0.08507	0.01140	0.01862	0.17988	0.57441	0.01198	0.01458	0.01518	0.01115	0.01660	0.00933	0.01251	0.00766	0.00470	0.00492	0.00157	0.00606	0.00441	0.00254	0.00743
17	0.00625	0.00447	0.00595	0.00714	0.00744	0.00417	0.00476	0.00714	0.00982	0.01310	0.02828	0.81633	0.03394	0.01608	0.00655	0.00208	0.00298	0.01459	0.00476	0.00417
18	0.81388	0.01015	0.00794	0.00700	0.01022	0.01173	0.00577	0.05306	0.00951	0.02349	0.00740	0.00854	0.00572	0.00483	0.00327	0.00159	0.00405	0.00287	0.00327	0.00572
19	0.00617	0.00520	0.00534	0.00531	0.00699	0.00438	0.00398	0.00756	0.01194	0.01444	0.11540	0.04842	0.72181	0.01278	0.00606	0.00172	0.00258	0.01070	0.00484	0.00438
20	0.05542	0.01305	0.01437	0.01106	0.01510	0.01405	0.00913	0.58935	0.02159	0.18402	0.01369	0.01318	0.00939	0.00614	0.00506	0.00155	0.00532	0.00465	0.00529	0.00859
21	0.00992	0.00895	0.01468	0.71695	0.03243	0.01101	0.01332	0.03901	0.01056	0.01354	0.01001	0.01441	0.02148	0.00607	0.00604	0.05238	0.00658	0.00467	0.00242	0.00557
22	0.00734	0.00547	0.00813	0.00813	0.00901	0.00635	0.00627	0.00909	0.00821	0.01183	0.01385	0.02075	0.01308	0.07277	0.76540	0.00810	0.01336	0.00558	0.00276	0.00452
23	0.01064	0.00912	0.01064	0.00760	0.01216	0.00684	0.00608	0.01292	0.01064	0.01672	0.00912	0.01064	0.00760	0.00380	0.00380	0.00076	0.00380	0.00304	0.00304	0.85104
24	0.01391	0.79405	0.02644	0.00894	0.01327	0.04831	0.00882	0.01555	0.01057	0.01209	0.00716	0.00827	0.00659	0.00442	0.00334	0.00111	0.00562	0.00276	0.00221	0.00656
25	0.00746	0.00497	0.00560	0.00560	0.00560	0.00497	0.00311	0.00746	0.00746	0.00995	0.01617	0.03358	0.01865	0.81967	0.02612	0.00497	0.00497	0.00746	0.00311	0.00311
26	0.01199	0.10535	0.34666	0.04674	0.04383	0.01079	0.01260	0.03813	0.01252	0.11848	0.18401	0.01780	0.01683	0.00631	0.00503	0.00156	0.00564	0.00517	0.00360	0.00698
27	0.00733	0.00550	0.00825	0.00825	0.00916	0.00641	0.00641	0.00916	0.00825	0.01191	0.01374	0.02016	0.01283	0.03848	0.79934	0.00825	0.01374	0.00550	0.00275	0.00458
28	0.01827	0.16038	0.01675	0.01231	0.01541	0.58269	0.00970	0.09886	0.01485	0.01456	0.00826	0.00940	0.00683	0.00523	0.00445	0.00131	0.00823	0.00335	0.00283	0.00635
29	0.02171	0.00877	0.01177	0.00897	0.01300	0.00747	0.00739	0.02373	0.01426	0.70939	0.01907	0.01674	0.01216	0.00608	0.00502	0.00150	0.00431	0.00494	0.00600	0.09773
30	0.01192	0.08330	0.29339	0.03706	0.10291	0.06232	0.28464	0.01618	0.01154	0.01566	0.00985	0.02977	0.00776	0.00489	0.00522	0.00160	0.00763	0.00483	0.00245	0.00710
31	0.85592	0.00992	0.00754	0.00675	0.00992	0.01151	0.00556	0.01508	0.00873	0.02302	0.00714	0.00834	0.00556	0.00476	0.00318	0.00159	0.00397	0.00278	0.00318	0.00556
32	0.85592	0.00992	0.00754	0.00675	0.00992	0.01151	0.00556	0.01508	0.00873	0.02302	0.00714	0.00834	0.00556	0.00476	0.00318	0.00159	0.00397	0.00278	0.00318	0.00556
33	0.11575	0.01084	0.03940	0.15712	0.05879	0.01161	0.00952	0.14389	0.22739	0.03228	0.04392	0.03096	0.04787	0.02363	0.00549	0.00175	0.00495	0.02381	0.00411	0.00691
34	0.82070	0.01011	0.00787	0.00696	0.01018	0.01170	0.00573	0.04689	0.00938	0.02341	0.00736	0.00850	0.00569	0.00482	0.00326	0.00159	0.00404	0.00286	0.00326	0.00569
35	0.01383	0.01110	0.01209	0.08770	0.01522	0.04653	0.00855	0.16933	0.36298	0.06831	0.09087	0.02012	0.05640	0.00716	0.00529	0.00166	0.00466	0.00589	0.00489	0.00744
36	0.77101	0.00980	0.00799	0.00699	0.01025	0.01111	0.00576	0.01609	0.00934	0.10133	0.00848	0.00927	0.00629	0.00492	0.00338	0.00159	0.00401	0.00302	0.00350	0.00588
37	0.01372	0.01073	0.04704	0.01236	0.10054	0.01067	0.02350	0.10756	0.28725	0.12562	0.09951	0.02034	0.02761	0.01897	0.02587	0.00186	0.00478	0.01954	0.03504	0.00748
38	0.54050	0.00970	0.00913	0.00768	0.01099	0.01051	0.00630	0.07758	0.01172	0.20107	0.06187	0.01274	0.01029	0.00562	0.00398	0.00159	0.00409	0.00390	0.00423	0.00650
39	0.01275	0.01037	0.01543	0.16461	0.18379	0.01101	0.07597	0.09230	0.14569	0.08281	0.07549	0.03314	0.04605	0.00643	0.00533	0.00164	0.00536	0.00579	0.01892	0.00713
40	0.12109	0.02930	0.09616	0.16032	0.29171	0.03867	0.01238	0.03183	0.02673	0.04077	0.02727	0.01502	0.05495	0.00554	0.00481	0.00157	0.00573	0.00469	0.02462	0.00685

[dist]
# distance from previous block
# <min> <max>
2	12

[block]
# block no. 1 follows, 48 sequences, length 54
# corresponding to MSA columns:
# 184-237
name=unknown_B
#
# <colnr> <probs for GDERKNQSTAVLIFYWHMCP>
#	G	D	E	R	K	N	Q	S	T	A	V	L	I	F	Y	W	H	M	C	P
0	0.08807	0.15727	0.03119	0.03954	0.06741	0.17702	0.04260	0.20965	0.05214	0.01977	0.03100	0.01171	0.00883	0.00537	0.00455	0.00142	0.00622	0.00403	0.00344	0.03879
1	0.29810	0.24349	0.04106	0.02627	0.03451	0.11246	0.00831	0.07771	0.03833	0.01857	0.05196	0.01112	0.00912	0.00524	0.00393	0.00142	0.00535	0.00357	0.00313	0.00635
2	0.01043	0.05550	0.38992	0.15057	0.05093	0.01155	0.03593	0.01616	0.10089	0.01639	0.06832	0.03089	0.01186	0.00595	0.00510	0.00165	0.00639	0.02168	0.00293	0.00695
3	0.00764	0.00582	0.00677	0.00684	0.00813	0.00558	0.00501	0.03604	0.07890	0.01557	0.14147	0.24220	0.29448	0.03050	0.00748	0.05797	0.00316	0.03702	0.00474	0.00470
4	0.01466	0.01009	0.01146	0.00968	0.01238	0.01066	0.00768	0.39726	0.01776	0.08150	0.05667	0.18122	0.01822	0.04882	0.00658	0.00186	0.00464	0.06161	0.02398	0.02327
5	0.00749	0.00557	0.00702	0.00660	0.00794	0.00526	0.00497	0.01052	0.05747	0.02019	0.69404	0.03797	0.09462	0.01045	0.00601	0.00163	0.00252	0.00918	0.00557	0.00499
6	0.01367	0.21368	0.04271	0.08449	0.06599	0.01356	0.00927	0.23939	0.04148	0.02028	0.02954	0.04239	0.02735	0.00607	0.00453	0.00143	0.00505	0.00477	0.12746	0.00689
7	0.00746	0.00497	0.00560	0.00560	0.00560	0.00497	0.00311	0.00746	0.00746	0.00995	0.01617	0.03358	0.01865	0.81967	0.02612	0.00497	0.00497	0.00746	0.00311	0.00311
8	0.01402	0.77920	0.02621	0.00902	0.01332	0.06280	0.00884	0.01564	0.01065	0.01210	0.00718	0.00829	0.00659	0.00444	0.00337	0.00111	0.00569	0.00277	0.00222	0.00655
9	0.00823	0.00560	0.00716	0.00692	0.00838	0.00498	0.00511	0.01004	0.01243	0.06815	0.35310	0.27826	0.09498	0.01162	0.00596	0.00171	0.00291	0.02630	0.00509	0.08308
10	0.12197	0.08353	0.21508	0.01494	0.15844	0.04222	0.02428	0.08866	0.01287	0.17390	0.01133	0.01210	0.00817	0.00519	0.00466	0.00153	0.00593	0.00409	0.00351	0.00761
11	0.01388	0.01338	0.08321	0.01481	0.13207	0.01325	0.04785	0.17520	0.40449	0.02226	0.01591	0.01580	0.01193	0.00613	0.00519	0.00166	0.00522	0.00521	0.00440	0.00814
12	0.00636	0.00455	0.00605	0.00707	0.00747	0.00424	0.00477	0.00742	0.01034	0.01392	0.11112	0.73115	0.03552	0.01546	0.00649	0.00203	0.00292	0.01401	0.00486	0.00424
13	0.00890	0.00746	0.00959	0.00987	0.04806	0.05946	0.00725	0.04330	0.00952	0.01308	0.01310	0.01873	0.01201	0.03322	0.67342	0.00717	0.01272	0.00527	0.00284	0.00503
14	0.00613	0.00520	0.00529	0.00526	0.00697	0.00436	0.00395	0.00749	0.01184	0.01421	0.09059	0.04880	0.74675	0.01286	0.00606	0.00173	0.00259	0.01075	0.00481	0.00436
15	0.01064	0.00912	0.01064	0.00760	0.01216	0.00684	0.00608	0.01292	0.01064	0.01672	0.00912	0.01064	0.00760	0.00380	0.00380	0.00076	0.00380	0.00304	0.00304	0.85104
16	0.01362	0.06365	0.01260	0.00851	0.01292	0.00924	0.00700	0.13391	0.01320	0.10515	0.01073	0.01151	0.00828	0.00450	0.00413	0.00100	0.00427	0.00351	0.00368	0.56860
17	0.00660	0.00472	0.00633	0.00733	0.00784	0.00445	0.00518	0.00784	0.01059	0.01422	0.11522	0.63896	0.03509	0.01521	0.00655	0.00206	0.00312	0.09951	0.00486	0.00431
18	0.07080	0.01270	0.02974	0.01120	0.02677	0.05401	0.02136	0.19628	0.43344	0.06289	0.01669	0.01589	0.01233	0.00639	0.00504	0.00165	0.00489	0.00511	0.00484	0.00798
19	0.20767	0.01135	0.01141	0.00950	0.01254	0.02615	0.00762	0.36497	0.07770	0.02470	0.01401	0.01766	0.03192	0.09632	0.02645	0.00215	0.00519	0.04147	0.00434	0.00687
20	0.06747	0.00967	0.01369	0.08036	0.01604	0.00942	0.08488	0.11655	0.01457	0.42371	0.04365	0.06940	0.01342	0.00671	0.00525	0.00164	0.00500	0.00576	0.00514	0.00766
21	0.01276	0.01102	0.01160	0.01044	0.01334	0.01276	0.00812	0.02727	0.77840	0.02146	0.02088	0.01914	0.01566	0.00696	0.00522	0.00174	0.00406	0.00580	0.00522	0.00812
22	0.01413	0.01085	0.01174	0.01033	0.01339	0.01225	0.00810	0.04802	0.66921	0.11033	0.02057	0.01876	0.01513	0.00687	0.00521	0.00172	0.00414	0.00569	0.00535	0.00821
23	0.01188	0.01116	0.01791	0.24306	0.46095	0.01206	0.01417	0.01678	0.12857	0.01647	0.01122	0.01396	0.00892	0.00509	0.00512	0.00161	0.00599	0.00476	0.00288	0.00745
24	0.00727	0.00489	0.00565	0.00584	0.00589	0.00485	0.00337	0.00741	0.00784	0.01045	0.01809	0.15764	0.02108	0.69230	0.02301	0.00452	0.00466	0.00859	0.00337	0.00328
25	0.00625	0.00447	0.00595	0.00714	0.00744	0.00417	0.00476	0.00714	0.00982	0.01310	0.02828	0.81633	0.03394	0.01608	0.00655	0.00208	0.00298	0.01459	0.00476	0.00417
26	0.85592	0.00992	0.00754	0.00675	0.00992	0.01151	0.00556	0.01508	0.00873	0.02302	0.00714	0.00834	0.00556	0.00476	0.00318	0.00159	0.00397	0.00278	0.00318	0.00556
27	0.00634	0.00456	0.00587	0.00689	0.00726	0.00424	0.00457	0.00719	0.00975	0.01289	0.02885	0.70132	0.08233	0.08194	0.00813	0.00230	0.00312	0.01375	0.00463	0.00409
28	0.01064	0.00912	0.01064	0.00760	0.01216	0.00684	0.00608	0.01292	0.01064	0.01672	0.00912	0.01064	0.00760	0.00380	0.00380	0.00076	0.00380	0.00304	0.00304	0.85104
29	0.00636	0.00453	0.00603	0.00718	0.00751	0.00425	0.00484	0.00728	0.00983	0.01309	0.02790	0.76677	0.03335	0.03872	0.00712	0.00218	0.00310	0.04110	0.00471	0.00416
30	0.01064	0.00912	0.01064	0.00760	0.01216	0.00684	0.00608	0.01292	0.01064	0.01672	0.00912	0.01064	0.00760	0.00380	0.00380	0.00076	0.00380	0.00304	0.00304	0.85104
31	0.01064	0.00912	0.01064	0.00760	0.01216	0.00684	0.00608	0.01292	0.01064	0.01672	0.00912	0.01064	0.00760	0.00380	0.00380	0.00076	0.00380	0.00304	0.00304	0.85104
32	0.03706	0.00554	0.00626	0.00603	0.00668	0.00531	0.00371	0.00829	0.00813	0.01151	0.01649	0.12083	0.01876	0.60907	0.02061	0.00406	0.00458	0.00764	0.00330	0.09615
33	0.00624	0.00451	0.00590	0.00702	0.00741	0.00418	0.00471	0.00716	0.00995	0.01315	0.02985	0.76567	0.08358	0.01587	0.00652	0.00206	0.00295	0.01434	0.00476	0.00418
34	0.01207	0.01155	0.01969	0.19308	0.63098	0.01203	0.01544	0.01520	0.01139	0.01600	0.00954	0.01290	0.00786	0.00469	0.00509	0.00156	0.00625	0.00457	0.00249	0.00762
35	0.00606	0.00520	0.00520	0.00520	0.00693	0.00433	0.00390	0.00736	0.01170	0.01386	0.05198	0.04938	0.78558	0.01299	0.00606	0.00173	0.00260	0.01083	0.00476	0.00433
36	0.01324	0.62834	0.16127	0.01025	0.01514	0.01826	0.03132	0.01571	0.01060	0.03047	0.00788	0.00910	0.00674	0.00460	0.00392	0.00124	0.01973	0.00310	0.00230	0.00680
37	0.00620	0.00520	0.00539	0.00534	0.00701	0.00439	0.00401	0.00763	0.01202	0.01462	0.13529	0.04812	0.70180	0.01271	0.00606	0.00172	0.00258	0.01065	0.00487	0.00439
38	0.00994	0.00803	0.06827	0.00888	0.04371	0.00664	0.00698	0.06440	0.01419	0.09300	0.46786	0.13232	0.03545	0.00984	0.00584	0.00166	0.00345	0.00863	0.00516	0.00574
39	0.01064	0.00912	0.01064	0.00760	0.01216	0.00684	0.00608	0.01292	0.01064	0.01672	0.00912	0.01064	0.00760	0.00380	0.00380	0.00076	0.00380	0.00304	0.00304	0.85104
40	0.01065	0.02404	0.64264	0.01601	0.02312	0.01213	0.16689	0.01629	0.01109	0.01629	0.00944	0.01143	0.00675	0.00477	0.00511	0.00165	0.00779	0.00424	0.00225	0.00745
41	0.01078	0.00700	0.00810	0.00811	0.02793	0.04458	0.00569	0.04017	0.01170	0.15298	0.06929	0.31972	0.11721	0.12879	0.00887	0.00228	0.00395	0.02288	0.00471	0.00525
42	0.00686	0.00472	0.00577	0.00636	0.00651	0.00457	0.00393	0.00730	0.00863	0.01151	0.02217	0.42170	0.02623	0.42121	0.01641	0.00354	0.00398	0.01099	0.00393	0.00363
43	0.05201	0.03514	0.17798	0.17515	0.06674	0.03406	0.32511	0.02784	0.01144	0.01604	0.00952	0.01254	0.00718	0.00478	0.00553	0.00167	0.02314	0.00486	0.00250	0.00678
44	0.85592	0.00992	0.00754	0.00675	0.00992	0.01151	0.00556	0.01508	0.00873	0.02302	0.00714	0.00834	0.00556	0.00476	0.00318	0.00159	0.00397	0.00278	0.00318	0.00556
45	0.01302	0.01131	0.01189	0.06541	0.04690	0.10262	0.00849	0.15985	0.20017	0.04031	0.05183	0.02026	0.09630	0.01226	0.13343	0.00268	0.00659	0.00578	0.00419	0.00671
46	0.00632	0.00517	0.00558	0.00555	0.00711	0.00443	0.00413	0.00783	0.01219	0.01521	0.20161	0.08470	0.59709	0.01263	0.00609	0.00173	0.00258	0.01069	0.00495	0.00443
47	0.03435	0.31329	0.07019	0.01115	0.01487	0.33366	0.00980	0.09806	0.01352	0.01509	0.00845	0.00967	0.00703	0.00555	0.01654	0.00139	0.00720	0.00333	0.02033	0.00653
48	0.01074	0.01236	0.08916	0.35859	0.05516	0.01162	0.27191	0.01481	0.02739	0.01508	0.01058	0.01399	0.02101	0.00490	0.00535	0.00164	0.00717	0.00504	0.00254	0.06096
49	0.03306	0.13052	0.41191	0.05877	0.03594	0.01327	0.03085	0.07017	0.05092	0.06717	0.01033	0.01166	0.00761	0.00527	0.00523	0.00158	0.04149	0.00401	0.00286	0.00738
50	0.01677	0.01301	0.01386	0.01125	0.01487	0.01464	0.00909	0.46940	0.32973	0.02793	0.01579	0.01508	0.01154	0.00648	0.00517	0.00162	0.00500	0.00510	0.00517	0.00848
51	0.83252	0.00990	0.00776	0.02889	0.01063	0.01151	0.00580	0.01503	0.00877	0.02275	0.00720	0.00848	0.00559	0.00477	0.00323	0.00159	0.00405	0.00283	0.00315	0.00556
52	0.01244	0.01231	0.02216	0.07131	0.61690	0.01228	0.14489	0.01572	0.01168	0.01651	0.00975	0.01295	0.00800	0.00456	0.00525	0.00157	0.00657	0.00483	0.00254	0.00779
53	0.00726	0.00524	0.00686	0.00646	0.00767	0.00484	0.00484	0.00968	0.01452	0.02058	0.78496	0.03833	0.04841	0.01049	0.00605	0.00161	0.00242	0.00928	0.00565	0.00484

[dist]
# distance from previous block
# <min> <max>
0	10

[block]
# block no. 2 follows, 48 sequences, length 12
# corresponding to MSA columns:
# 248-259
name=unknown_C
#
# <colnr> <probs for GDERKNQSTAVLIFYWHMCP>
#	G	D	E	R	K	N	Q	S	T	A	V	L	I	F	Y	W	H	M	C	P
0	0.01316	0.42606	0.30778	0.01151	0.01685	0.11784	0.01268	0.01635	0.01111	0.01367	0.00800	0.00932	0.00656	0.00468	0.00405	0.00132	0.00675	0.00320	0.00224	0.00687
1	0.00625	0.00447	0.00595	0.00714	0.00744	0.00417	0.00476	0.00714	0.00982	0.01310	0.02828	0.81633	0.03394	0.01608	0.00655	0.00208	0.00298	0.01459	0.00476	0.00417
2	0.01123	0.05882	0.40535	0.05894	0.20019	0.04375	0.04384	0.01551	0.01109	0.01562	0.01033	0.04392	0.00861	0.00556	0.00532	0.00162	0.02721	0.02339	0.00246	0.00722
3	0.00746	0.00497	0.00560	0.00560	0.00560	0.00497	0.00311	0.00746	0.00746	0.00995	0.01617	0.03358	0.01865	0.81967	0.02612	0.00497	0.00497	0.00746	0.00311	0.00311
4	0.01010	0.01049	0.07722	0.26514	0.22812	0.01008	0.01242	0.01401	0.07114	0.01527	0.01626	0.10327	0.05319	0.00758	0.00550	0.00176	0.00564	0.08323	0.00321	0.00637
5	0.02231	0.00988	0.01262	0.00967	0.01367	0.00925	0.00799	0.17674	0.01661	0.63677	0.01863	0.01642	0.01189	0.00631	0.00515	0.00158	0.00463	0.00505	0.00610	0.00873
6	0.01168	0.01240	0.07956	0.20672	0.53020	0.01178	0.01541	0.01501	0.01130	0.01584	0.01007	0.01427	0.00841	0.00504	0.00514	0.00160	0.00634	0.02928	0.00252	0.00742
7	0.00746	0.00497	0.00560	0.00560	0.00560	0.00497	0.00311	0.00746	0.00746	0.00995	0.01617	0.03358	0.01865	0.81967	0.02612	0.00497	0.00497	0.00746	0.00311	0.00311
8	0.00829	0.00472	0.00591	0.00604	0.00654	0.00467	0.00410	0.00851	0.00884	0.01308	0.04657	0.12356	0.04319	0.14962	0.03955	0.28290	0.00396	0.00678	0.22962	0.00356
9	0.00746	0.00497	0.00560	0.00560	0.00560	0.00497	0.00311	0.00746	0.00746	0.00995	0.01617	0.03358	0.01865	0.81967	0.02612	0.00497	0.00497	0.00746	0.00311	0.00311
10	0.01812	0.01368	0.01462	0.01153	0.01538	0.01526	0.00942	0.61763	0.17931	0.03010	0.01408	0.01372	0.01015	0.00632	0.00515	0.00158	0.00532	0.00486	0.00515	0.00860
11	0.01077	0.00624	0.00791	0.00707	0.00899	0.00571	0.00547	0.01335	0.04466	0.18656	0.44320	0.03496	0.14181	0.03282	0.00642	0.00174	0.00307	0.02798	0.00556	0.00569

[dist]
# distance from previous block
# <min> <max>
0	1

[block]
# block no. 3 follows, 48 sequences, length 74
# corresponding to MSA columns:
# 261-334
name=unknown_D
#
# <colnr> <probs for GDERKNQSTAVLIFYWHMCP>
#	G	D	E	R	K	N	Q	S	T	A	V	L	I	F	Y	W	H	M	C	P
0	0.85592	0.00992	0.00754	0.00675	0.00992	0.01151	0.00556	0.01508	0.00873	0.02302	0.00714	0.00834	0.00556	0.00476	0.00318	0.00159	0.00397	0.00278	0.00318	0.00556
1	0.09882	0.01292	0.01340	0.01102	0.03166	0.04298	0.00872	0.41096	0.16166	0.04446	0.01303	0.01304	0.00959	0.00585	0.00479	0.00149	0.00510	0.00445	0.00460	0.10144
2	0.00657	0.00515	0.00568	0.00577	0.00723	0.00444	0.00424	0.00798	0.01185	0.02856	0.15376	0.17257	0.54213	0.01302	0.00613	0.00177	0.00267	0.01112	0.00492	0.00446
3	0.00733	0.00550	0.00825	0.00825	0.00916	0.00641	0.00641	0.00916	0.00825	0.01191	0.01374	0.02016	0.01283	0.03848	0.79934	0.00825	0.01374	0.00550	0.00275	0.00458
4	0.01087	0.01074	0.03224	0.48313	0.29770	0.01176	0.05182	0.01425	0.01086	0.01461	0.00937	0.01329	0.00733	0.00489	0.00515	0.00164	0.00668	0.00462	0.00238	0.00664
5	0.02205	0.00876	0.01181	0.00901	0.01302	0.00749	0.00743	0.02406	0.01437	0.73041	0.01937	0.01693	0.01230	0.00615	0.00505	0.00152	0.00432	0.00499	0.00609	0.07486
6	0.01137	0.00938	0.01091	0.00785	0.01237	0.00732	0.00630	0.05212	0.01142	0.03498	0.00954	0.01088	0.00777	0.00398	0.00390	0.00082	0.00391	0.00317	0.00322	0.78877
7	0.03111	0.00920	0.01086	0.00790	0.01233	0.00725	0.00636	0.03238	0.01149	0.12786	0.01074	0.01160	0.00831	0.00424	0.00401	0.00091	0.00393	0.00337	0.00356	0.69256
8	0.00625	0.00447	0.00595	0.00714	0.00744	0.00417	0.00476	0.00714	0.00982	0.01310	0.02828	0.81633	0.03394	0.01608	0.00655	0.00208	0.00298	0.01459	0.00476	0.00417
9	0.00695	0.00500	0.00645	0.00698	0.00773	0.00471	0.00505	0.00842	0.01132	0.01527	0.24543	0.34810	0.08641	0.10159	0.00858	0.00228	0.00326	0.11731	0.00483	0.00434
10	0.00724	0.00524	0.00683	0.00643	0.00765	0.00483	0.00482	0.00964	0.01447	0.02044	0.77026	0.03855	0.06320	0.01054	0.00605	0.00162	0.00242	0.00931	0.00563	0.00483
11	0.01261	0.22806	0.30432	0.03310	0.23238	0.04034	0.01458	0.03392	0.01147	0.03121	0.00905	0.01085	0.00716	0.00474	0.00453	0.00145	0.00656	0.00378	0.00245	0.00743
12	0.01276	0.01102	0.01160	0.01044	0.01334	0.01276	0.00812	0.02727	0.77840	0.02146	0.02088	0.01914	0.01566	0.00696	0.00522	0.00174	0.00406	0.00580	0.00522	0.00812
13	0.00796	0.00616	0.00754	0.02947	0.00929	0.00621	0.00558	0.01194	0.14324	0.01775	0.35263	0.21210	0.10372	0.03796	0.00668	0.00188	0.00310	0.02651	0.00510	0.00517
14	0.00625	0.00447	0.00595	0.00714	0.00744	0.00417	0.00476	0.00714	0.00982	0.01310	0.02828	0.81633	0.03394	0.01608	0.00655	0.00208	0.00298	0.01459	0.00476	0.00417
15	0.01300	0.01114	0.01174	0.01049	0.01343	0.01287	0.00818	0.05363	0.75165	0.02185	0.02058	0.01890	0.01542	0.00693	0.00522	0.00173	0.00412	0.00576	0.00522	0.00814
16	0.01769	0.01347	0.01438	0.01144	0.01522	0.01507	0.00931	0.57083	0.22681	0.02942	0.01462	0.01415	0.01059	0.00637	0.00516	0.00159	0.00522	0.00494	0.00516	0.00856
17	0.06068	0.07495	0.69894	0.01379	0.02092	0.01241	0.01753	0.01613	0.01068	0.01639	0.00896	0.01052	0.00645	0.00484	0.00468	0.00159	0.00724	0.00367	0.00223	0.00740
18	0.01152	0.04034	0.64420	0.01549	0.08194	0.01220	0.01757	0.06124	0.01181	0.04293	0.00975	0.01124	0.00697	0.00497	0.00488	0.00160	0.00720	0.00393	0.00251	0.00771
19	0.01895	0.01342	0.01460	0.01133	0.01526	0.01469	0.00931	0.64041	0.07006	0.09085	0.03917	0.01401	0.01079	0.00637	0.00517	0.00156	0.00534	0.00489	0.00525	0.00856
20	0.01303	0.01315	0.05554	0.13307	0.32892	0.07290	0.09487	0.09412	0.02639	0.03558	0.01354	0.01566	0.06896	0.00560	0.00523	0.00159	0.00640	0.00513	0.00308	0.00724
21	0.85592	0.00992	0.00754	0.00675	0.00992	0.01151	0.00556	0.01508	0.00873	0.02302	0.00714	0.00834	0.00556	0.00476	0.00318	0.00159	0.00397	0.00278	0.00318	0.00556
22	0.05617	0.01275	0.12799	0.09718	0.16139	0.01109	0.02931	0.10100	0.11348	0.12940	0.08078	0.01675	0.02789	0.00610	0.00512	0.00162	0.00539	0.00518	0.00398	0.00743
23	0.00758	0.00638	0.00768	0.03953	0.02478	0.02151	0.00632	0.00943	0.02585	0.01424	0.04761	0.16761	0.36043	0.01273	0.00691	0.00195	0.05145	0.17886	0.00445	0.00471
24	0.01028	0.00972	0.01645	0.65595	0.18215	0.01155	0.01454	0.01362	0.01054	0.01382	0.00922	0.01349	0.00709	0.00502	0.00512	0.00167	0.00669	0.00456	0.00233	0.00617
25	0.21320	0.01368	0.09905	0.15373	0.05405	0.03439	0.01078	0.29138	0.01538	0.05269	0.01025	0.01159	0.00747	0.00542	0.00463	0.00159	0.00575	0.00407	0.00370	0.00721
26	0.83648	0.00990	0.00764	0.00680	0.01000	0.01142	0.00560	0.01531	0.00887	0.04095	0.00745	0.00855	0.00572	0.00480	0.00322	0.00159	0.00398	0.00283	0.00325	0.00563
27	0.01168	0.01146	0.01709	0.38997	0.22774	0.06192	0.05825	0.01654	0.12358	0.01545	0.01098	0.01395	0.00851	0.00521	0.00515	0.00164	0.00650	0.00475	0.00282	0.00678
28	0.85592	0.00992	0.00754	0.00675	0.00992	0.01151	0.00556	0.01508	0.00873	0.02302	0.00714	0.00834	0.00556	0.00476	0.00318	0.00159	0.00397	0.00278	0.00318	0.00556
29	0.01051	0.03941	0.56109	0.02800	0.07460	0.01168	0.04848	0.01636	0.06764	0.01638	0.01290	0.01466	0.05391	0.00559	0.00504	0.00164	0.00687	0.01527	0.00263	0.00735
30	0.01061	0.00923	0.01542	0.72676	0.06623	0.01120	0.01392	0.01393	0.01058	0.05943	0.00980	0.01386	0.00724	0.00518	0.00513	0.00169	0.00666	0.00460	0.00253	0.00598
31	0.00687	0.00493	0.00666	0.00782	0.00842	0.00471	0.00583	0.00823	0.01049	0.01382	0.02849	0.56248	0.05028	0.01541	0.00670	0.00216	0.00351	0.24408	0.00475	0.00434
32	0.01480	0.66399	0.02443	0.00966	0.01371	0.17519	0.00901	0.01638	0.01124	0.01217	0.00729	0.00843	0.00659	0.00457	0.00356	0.00114	0.00624	0.00286	0.00228	0.00646
33	0.19195	0.08114	0.28498	0.06431	0.13096	0.02914	0.01296	0.04178	0.04563	0.05775	0.00983	0.01128	0.00737	0.00501	0.00447	0.00156	0.00603	0.00383	0.00291	0.00712
34	0.04234	0.11896	0.45750	0.01518	0.08717	0.07500	0.06044	0.04136	0.01166	0.01637	0.02333	0.01121	0.00755	0.00493	0.00472	0.00153	0.00711	0.00392	0.00247	0.00726
35	0.85592	0.00992	0.00754	0.00675	0.00992	0.01151	0.00556	0.01508	0.00873	0.02302	0.00714	0.00834	0.00556	0.00476	0.00318	0.00159	0.00397	0.00278	0.00318	0.00556
36	0.03247	0.01362	0.01716	0.24514	0.34700	0.16430	0.01340	0.06052	0.01247	0.01591	0.00963	0.02780	0.00795	0.00519	0.00499	0.00155	0.00678	0.00448	0.00270	0.00692
37	0.00956	0.00478	0.00478	0.00478	0.00598	0.00478	0.00359	0.01196	0.01076	0.01913	0.01674	0.01913	0.01315	0.00598	0.00359	0.00120	0.00239	0.00478	0.84816	0.00478
38	0.01124	0.01068	0.01801	0.40881	0.40755	0.01182	0.01488	0.01467	0.02472	0.01507	0.00959	0.01329	0.00764	0.00489	0.00511	0.00162	0.00642	0.00459	0.00246	0.00695
39	0.00640	0.00457	0.00612	0.00731	0.00767	0.00429	0.00501	0.00739	0.00997	0.01326	0.02820	0.76188	0.03362	0.01594	0.00659	0.00210	0.00310	0.06760	0.00476	0.00421
40	0.00724	0.00524	0.00682	0.00643	0.00765	0.00483	0.00482	0.00963	0.01446	0.02042	0.76837	0.03858	0.06510	0.01055	0.00605	0.00162	0.00242	0.00931	0.00563	0.00483
41	0.85592	0.00992	0.00754	0.00675	0.00992	0.01151	0.00556	0.01508	0.00873	0.02302	0.00714	0.00834	0.00556	0.00476	0.00318	0.00159	0.00397	0.00278	0.00318	0.00556
42	0.00759	0.00559	0.00714	0.00669	0.00800	0.00531	0.00504	0.01073	0.05985	0.02063	0.73962	0.03719	0.04647	0.01028	0.00600	0.00162	0.00252	0.00907	0.00562	0.00504
43	0.02302	0.00873	0.01191	0.00913	0.01310	0.00754	0.00754	0.02501	0.01469	0.79122	0.02024	0.01746	0.01270	0.00635	0.00516	0.00159	0.00437	0.00516	0.00635	0.00873
44	0.01072	0.00901	0.01103	0.08455	0.07291	0.00993	0.00814	0.04634	0.35844	0.01938	0.17799	0.09054	0.04750	0.02314	0.00589	0.00178	0.00407	0.00720	0.00474	0.00669
45	0.00705	0.00517	0.00661	0.00639	0.00757	0.00473	0.00474	0.00923	0.01383	0.01925	0.64579	0.10613	0.12191	0.01122	0.00610	0.00167	0.00249	0.00989	0.00548	0.00473
46	0.01310	0.42437	0.28613	0.01126	0.01650	0.05623	0.02530	0.01627	0.01108	0.05383	0.02604	0.01046	0.00783	0.00490	0.00430	0.00135	0.01810	0.00348	0.00251	0.00696
47	0.01125	0.00958	0.01179	0.00963	0.05863	0.00788	0.02357	0.01481	0.08576	0.03288	0.01055	0.01180	0.00853	0.00422	0.00409	0.00094	0.00408	0.00351	0.00328	0.68321
48	0.00627	0.00521	0.00548	0.00541	0.00706	0.00442	0.00406	0.00776	0.01218	0.01501	0.17703	0.04749	0.65982	0.01257	0.00606	0.00171	0.00257	0.01056	0.00492	0.00442
49	0.05163	0.60749	0.06320	0.00968	0.01389	0.08592	0.00938	0.06056	0.01147	0.01402	0.00761	0.00878	0.00667	0.00474	0.00396	0.00122	0.02769	0.00301	0.00245	0.00664
50	0.01372	0.82276	0.02689	0.00878	0.01317	0.02030	0.00878	0.01536	0.01043	0.01207	0.00713	0.00823	0.00658	0.00439	0.00329	0.00110	0.00549	0.00274	0.00219	0.00658
51	0.05800	0.00557	0.00664	0.00679	0.00768	0.00543	0.00470	0.03111	0.01073	0.03095	0.17339	0.33266	0.04738	0.21233	0.01098	0.00263	0.00357	0.02772	0.00445	0.01728
52	0.00716	0.00487	0.00566	0.00591	0.00603	0.00478	0.00348	0.00739	0.00809	0.01073	0.01978	0.19996	0.04437	0.62570	0.02138	0.00427	0.00448	0.00907	0.00351	0.00337
53	0.00803	0.00575	0.00798	0.00913	0.01024	0.00570	0.00783	0.01022	0.01162	0.01511	0.02783	0.13039	0.04700	0.01433	0.00701	0.00232	0.00451	0.66560	0.00473	0.00466
54	0.01821	0.16420	0.01670	0.01244	0.01539	0.66275	0.00972	0.01959	0.01382	0.01247	0.00779	0.00907	0.00661	0.00513	0.00439	0.00128	0.00859	0.00321	0.00257	0.00606
55	0.01605	0.01165	0.01271	0.01065	0.01403	0.01294	0.00850	0.23547	0.46282	0.12933	0.01839	0.01700	0.01331	0.00665	0.00519	0.00166	0.00455	0.00538	0.00535	0.00837
56	0.00744	0.00496	0.00560	0.00563	0.00564	0.00496	0.00314	0.00746	0.00751	0.01002	0.01642	0.05018	0.01898	0.80263	0.02570	0.00491	0.00493	0.00761	0.00314	0.00313
57	0.00625	0.00447	0.00595	0.00714	0.00744	0.00417	0.00476	0.00714	0.00982	0.01310	0.02828	0.81633	0.03394	0.01608	0.00655	0.00208	0.00298	0.01459	0.00476	0.00417
58	0.34320	0.02961	0.01176	0.00941	0.01291	0.03979	0.00778	0.30303	0.04111	0.09616	0.01183	0.01362	0.00904	0.00601	0.00442	0.00159	0.00490	0.04237	0.00432	0.00713
59	0.00636	0.00454	0.00607	0.00726	0.00761	0.00426	0.00494	0.00732	0.00993	0.01321	0.02822	0.77735	0.03371	0.01598	0.00658	0.00210	0.00307	0.05254	0.00476	0.00420
60	0.01064	0.00912	0.01064	0.00760	0.01216	0.00684	0.00608	0.01292	0.01064	0.01672	0.00912	0.01064	0.00760	0.00380	0.00380	0.00076	0.00380	0.00304	0.00304	0.85104
61	0.01410	0.01111	0.01192	0.01045	0.01353	0.01260	0.00820	0.08557	0.65928	0.08257	0.02016	0.01848	0.01489	0.00685	0.00521	0.00171	0.00421	0.00566	0.00530	0.00822
62	0.01058	0.09393	0.72824	0.01413	0.02144	0.01263	0.01810	0.01617	0.01080	0.01590	0.00903	0.01061	0.00651	0.00483	0.00474	0.00158	0.00741	0.00370	0.00217	0.00750
63	0.00956	0.00478	0.00478	0.00478	0.00598	0.00478	0.00359	0.01196	0.01076	0.01913	0.01674	0.01913	0.01315	0.00598	0.00359	0.00120	0.00239	0.00478	0.84816	0.00478
64	0.00621	0.00465	0.00577	0.00666	0.00732	0.00421	0.00455	0.00720	0.01029	0.01329	0.03412	0.62719	0.21930	0.01532	0.00643	0.00200	0.00288	0.01366	0.00476	0.00421
65	0.02302	0.00873	0.01191	0.00913	0.01310	0.00754	0.00754	0.02501	0.01469	0.79122	0.02024	0.01746	0.01270	0.00635	0.00516	0.00159	0.00437	0.00516	0.00635	0.00873
66	0.02485	0.23918	0.13540	0.01268	0.11353	0.11479	0.01035	0.02687	0.01139	0.01449	0.06433	0.01605	0.05802	0.02912	0.10582	0.00235	0.00701	0.00464	0.00284	0.00628
67	0.00691	0.00496	0.00669	0.00785	0.00848	0.00474	0.00589	0.00830	0.01053	0.01386	0.02861	0.54406	0.05451	0.01536	0.00671	0.00217	0.00354	0.25771	0.00475	0.00436
68	0.01789	0.02036	0.01571	0.01398	0.04222	0.56668	0.08380	0.03422	0.01403	0.07933	0.00970	0.01122	0.00770	0.00725	0.05199	0.00181	0.00887	0.00393	0.00300	0.00632
69	0.02295	0.00885	0.01198	0.00919	0.01316	0.00772	0.00759	0.04075	0.01489	0.77519	0.02008	0.01736	0.01262	0.00635	0.00516	0.00159	0.00439	0.00515	0.00633	0.00873
70	0.01064	0.00981	0.02555	0.09995	0.08465	0.04985	0.05133	0.01655	0.22900	0.03063	0.19665	0.03851	0.10013	0.02682	0.00600	0.00174	0.00462	0.00690	0.00433	0.00634
71	0.00610	0.00517	0.00523	0.00526	0.00692	0.00434	0.00391	0.00736	0.01156	0.01377	0.05064	0.07039	0.75017	0.02837	0.00646	0.00180	0.00265	0.01087	0.00473	0.00430
72	0.01678	0.01214	0.01321	0.01066	0.01407	0.01335	0.00857	0.46376	0.18996	0.07995	0.01619	0.03122	0.02865	0.05325	0.02259	0.00193	0.00522	0.00542	0.00506	0.00801
73	0.00694	0.00503	0.00603	0.00619	0.00693	0.00472	0.00422	0.00806	0.01060	0.01410	0.21432	0.18618	0.17585	0.27527	0.02877	0.00297	0.00369	0.03171	0.00440	0.00405

[dist]
# distance from previous block
# <min> <max>
0	8

# created by:
# /st0/software/busco_prod/Augustus/scripts/msa2prfl.pl ./align_prep/175208.fa
