[name]
unknown

[dist]
# distance from previous block
# <min> <max>
4	118

[block]
# block no. 0 follows, 47 sequences, length 45
# corresponding to MSA columns:
# 151-195
name=unknown_A
#
# <colnr> <probs for GDERKNQSTAVLIFYWHMCP>
#	G	D	E	R	K	N	Q	S	T	A	V	L	I	F	Y	W	H	M	C	P
0	0.04678	0.09668	0.15519	0.01023	0.01455	0.01054	0.00979	0.04871	0.06343	0.38320	0.06318	0.03280	0.01345	0.00646	0.00523	0.00160	0.02037	0.00511	0.00484	0.00787
1	0.13062	0.10220	0.24105	0.01054	0.01532	0.01140	0.01084	0.04614	0.06745	0.24165	0.02855	0.03107	0.02914	0.00605	0.00474	0.00159	0.00537	0.00467	0.00409	0.00752
2	0.20750	0.10489	0.05651	0.01023	0.01416	0.05844	0.00889	0.25479	0.10849	0.10954	0.01225	0.01229	0.00894	0.00573	0.00452	0.00155	0.00530	0.00413	0.00426	0.00758
3	0.09029	0.00902	0.01045	0.00887	0.01182	0.00915	0.00711	0.08558	0.18128	0.21813	0.19903	0.02360	0.02175	0.00769	0.00531	0.00164	0.00396	0.04540	0.00535	0.05458
4	0.82255	0.01024	0.00795	0.00704	0.01030	0.01185	0.00580	0.04345	0.00945	0.02372	0.00745	0.00861	0.00576	0.00489	0.00330	0.00161	0.00409	0.00289	0.00330	0.00576
5	0.00744	0.00558	0.00837	0.00837	0.00930	0.00651	0.00651	0.00930	0.00837	0.01209	0.01395	0.02046	0.01302	0.03906	0.79635	0.00837	0.01395	0.00558	0.00279	0.00465
6	0.01980	0.01459	0.01563	0.01198	0.01615	0.01615	0.00990	0.76713	0.02448	0.03282	0.01250	0.01250	0.00886	0.00625	0.00521	0.00156	0.00573	0.00469	0.00521	0.00886
7	0.01049	0.00890	0.01526	0.01236	0.01512	0.00835	0.24472	0.05366	0.02733	0.05994	0.05658	0.33877	0.02155	0.00994	0.00606	0.00181	0.00516	0.02466	0.00416	0.07516
8	0.02327	0.00901	0.01218	0.00934	0.01337	0.00788	0.00771	0.04471	0.01515	0.76842	0.02034	0.01759	0.01279	0.00644	0.00524	0.00161	0.00447	0.00522	0.00641	0.00886
9	0.01980	0.01459	0.01563	0.01198	0.01615	0.01615	0.00990	0.76713	0.02448	0.03282	0.01250	0.01250	0.00886	0.00625	0.00521	0.00156	0.00573	0.00469	0.00521	0.00886
10	0.00744	0.00558	0.00837	0.00837	0.00930	0.00651	0.00651	0.00930	0.00837	0.01209	0.01395	0.02046	0.01302	0.03906	0.79635	0.00837	0.01395	0.00558	0.00279	0.00465
11	0.00844	0.00719	0.00890	0.00879	0.00987	0.07244	0.00681	0.01026	0.00890	0.01214	0.01346	0.01953	0.01249	0.03624	0.73024	0.00778	0.01357	0.00539	0.00278	0.00477
12	0.01295	0.01119	0.01178	0.01060	0.01354	0.01295	0.00824	0.02767	0.77509	0.02178	0.02120	0.01943	0.01590	0.00707	0.00530	0.00177	0.00412	0.00589	0.00530	0.00824
13	0.01922	0.01430	0.01531	0.01187	0.01593	0.01588	0.00976	0.70539	0.08716	0.03190	0.01323	0.01308	0.00944	0.00632	0.00522	0.00158	0.00560	0.00479	0.00522	0.00881
14	0.00634	0.00453	0.00604	0.00725	0.00755	0.00423	0.00483	0.00725	0.00997	0.01329	0.02870	0.81358	0.03444	0.01632	0.00665	0.00211	0.00302	0.01480	0.00483	0.00423
15	0.85377	0.01007	0.00765	0.00685	0.01007	0.01168	0.00564	0.01531	0.00886	0.02336	0.00725	0.00846	0.00564	0.00483	0.00322	0.00161	0.00403	0.00282	0.00322	0.00564
16	0.00634	0.00453	0.00604	0.00725	0.00755	0.00423	0.00483	0.00725	0.00997	0.01329	0.02870	0.81358	0.03444	0.01632	0.00665	0.00211	0.00302	0.01480	0.00483	0.00423
17	0.00757	0.00505	0.00568	0.00568	0.00568	0.00505	0.00316	0.00757	0.00757	0.01010	0.01641	0.03408	0.01893	0.81698	0.02651	0.00505	0.00505	0.00757	0.00316	0.00316
18	0.00728	0.00526	0.00688	0.00661	0.00776	0.00486	0.00491	0.00961	0.01434	0.02025	0.71887	0.10358	0.04791	0.01112	0.00618	0.00168	0.00250	0.00987	0.00566	0.00486
19	0.00621	0.00507	0.00549	0.00582	0.00718	0.00435	0.00420	0.00741	0.01134	0.01385	0.04608	0.26187	0.57494	0.01406	0.00629	0.00186	0.00274	0.01205	0.00484	0.00435
20	0.02000	0.01426	0.01543	0.01183	0.01599	0.01567	0.00977	0.72536	0.02395	0.07535	0.01296	0.01280	0.00908	0.00626	0.00521	0.00157	0.00566	0.00472	0.00528	0.00886
21	0.00719	0.00521	0.00679	0.00661	0.00773	0.00480	0.00488	0.00940	0.01399	0.01963	0.65622	0.14752	0.06744	0.01151	0.00621	0.00171	0.00254	0.01021	0.00558	0.00480
22	0.01080	0.00926	0.01080	0.00771	0.01234	0.00694	0.00617	0.01311	0.01080	0.01697	0.00926	0.01080	0.00771	0.00386	0.00386	0.00077	0.00386	0.00309	0.00309	0.84882
23	0.85377	0.01007	0.00765	0.00685	0.01007	0.01168	0.00564	0.01531	0.00886	0.02336	0.00725	0.00846	0.00564	0.00483	0.00322	0.00161	0.00403	0.00282	0.00322	0.00564
24	0.00646	0.00462	0.00615	0.00717	0.00758	0.00431	0.00484	0.00755	0.01052	0.01416	0.11490	0.72491	0.03613	0.01567	0.00659	0.00206	0.00296	0.01419	0.00494	0.00431
25	0.00905	0.00452	0.00678	0.00678	0.00678	0.00452	0.00452	0.00678	0.00678	0.00905	0.00905	0.01583	0.00905	0.01809	0.02035	0.84848	0.00452	0.00452	0.00226	0.00226
26	0.01980	0.01459	0.01563	0.01198	0.01615	0.01615	0.00990	0.76713	0.02448	0.03282	0.01250	0.01250	0.00886	0.00625	0.00521	0.00156	0.00573	0.00469	0.00521	0.00886
27	0.00634	0.00453	0.00604	0.00725	0.00755	0.00423	0.00483	0.00725	0.00997	0.01329	0.02870	0.81358	0.03444	0.01632	0.00665	0.00211	0.00302	0.01480	0.00483	0.00423
28	0.00629	0.00528	0.00547	0.00542	0.00712	0.00446	0.00407	0.00774	0.01220	0.01485	0.13620	0.04883	0.69845	0.01290	0.00615	0.00174	0.00262	0.01081	0.00494	0.00446
29	0.01289	0.01237	0.02114	0.03196	0.78450	0.01237	0.01598	0.01598	0.01186	0.01701	0.00980	0.01289	0.00825	0.00464	0.00516	0.00155	0.00619	0.00464	0.00258	0.00825
30	0.00983	0.00926	0.01562	0.80447	0.03587	0.01157	0.01446	0.01331	0.01041	0.01331	0.00926	0.01388	0.00694	0.00521	0.00521	0.00174	0.00694	0.00463	0.00231	0.00579
31	0.02009	0.01411	0.01533	0.01176	0.01591	0.01544	0.00971	0.70520	0.02369	0.09588	0.01317	0.01294	0.00919	0.00627	0.00521	0.00157	0.00562	0.00473	0.00531	0.00886
32	0.00891	0.00619	0.00780	0.00717	0.00875	0.00599	0.00545	0.01275	0.10178	0.06419	0.65183	0.03548	0.04329	0.01000	0.00599	0.00165	0.00276	0.00878	0.00572	0.00552
33	0.01289	0.01237	0.02114	0.03196	0.78450	0.01237	0.01598	0.01598	0.01186	0.01701	0.00980	0.01289	0.00825	0.00464	0.00516	0.00155	0.00619	0.00464	0.00258	0.00825
34	0.01980	0.01459	0.01563	0.01198	0.01615	0.01615	0.00990	0.76713	0.02448	0.03282	0.01250	0.01250	0.00886	0.00625	0.00521	0.00156	0.00573	0.00469	0.00521	0.00886
35	0.01289	0.01237	0.02114	0.03196	0.78450	0.01237	0.01598	0.01598	0.01186	0.01701	0.00980	0.01289	0.00825	0.00464	0.00516	0.00155	0.00619	0.00464	0.00258	0.00825
36	0.00630	0.00528	0.00547	0.00543	0.00712	0.00446	0.00407	0.00775	0.01221	0.01487	0.13861	0.04880	0.69603	0.01289	0.00615	0.00174	0.00262	0.01081	0.00494	0.00446
37	0.00737	0.00532	0.00696	0.00655	0.00778	0.00491	0.00491	0.00983	0.01474	0.02088	0.78175	0.03890	0.04914	0.01065	0.00614	0.00164	0.00246	0.00942	0.00573	0.00491
38	0.01209	0.01291	0.02604	0.13910	0.22390	0.01273	0.46219	0.01601	0.01190	0.01627	0.01016	0.01372	0.00785	0.00457	0.00575	0.00170	0.00784	0.00553	0.00257	0.00716
39	0.01280	0.01229	0.02099	0.05329	0.76383	0.01235	0.01594	0.01591	0.01182	0.01691	0.00978	0.01292	0.00821	0.00466	0.00516	0.00155	0.00621	0.00464	0.00257	0.00818
40	0.01344	0.01164	0.01189	0.01067	0.01363	0.04215	0.00830	0.02736	0.72875	0.03946	0.02069	0.01901	0.01548	0.00699	0.00527	0.00175	0.00433	0.00578	0.00523	0.00817
41	0.00757	0.00508	0.00583	0.00583	0.00588	0.00513	0.00334	0.00767	0.00762	0.01021	0.01627	0.03331	0.01860	0.77318	0.06986	0.00524	0.00555	0.00746	0.00313	0.00324
42	0.00819	0.00724	0.00772	0.00719	0.00881	0.07114	0.02347	0.01043	0.02814	0.01776	0.43288	0.06052	0.27513	0.01095	0.00602	0.00167	0.00329	0.00941	0.00509	0.00494
43	0.27272	0.02662	0.06030	0.07033	0.18029	0.01045	0.02532	0.04284	0.01191	0.02007	0.19688	0.03173	0.01762	0.00648	0.00480	0.00162	0.00473	0.00536	0.00364	0.00631
44	0.06092	0.02137	0.48102	0.01329	0.01958	0.05384	0.05522	0.06221	0.01194	0.01779	0.00940	0.01098	0.00695	0.00483	0.00473	0.00148	0.00686	0.00381	0.00264	0.15117

[dist]
# distance from previous block
# <min> <max>
0	6

[block]
# block no. 1 follows, 47 sequences, length 103
# corresponding to MSA columns:
# 202-304
name=unknown_B
#
# <colnr> <probs for GDERKNQSTAVLIFYWHMCP>
#	G	D	E	R	K	N	Q	S	T	A	V	L	I	F	Y	W	H	M	C	P
0	0.14702	0.01158	0.01614	0.05270	0.41889	0.03967	0.01201	0.04092	0.03936	0.06673	0.02490	0.02715	0.00995	0.00546	0.00487	0.00156	0.00552	0.02189	0.00327	0.05042
1	0.01309	0.01181	0.01871	0.02679	0.60200	0.02736	0.01416	0.03492	0.05141	0.04587	0.02708	0.01771	0.01142	0.00583	0.00535	0.00163	0.00588	0.06792	0.00317	0.00789
2	0.01892	0.01203	0.13277	0.03060	0.04851	0.00910	0.00990	0.07014	0.02902	0.49311	0.03099	0.01769	0.04518	0.00642	0.00522	0.00161	0.00503	0.00524	0.00528	0.02325
3	0.01195	0.00922	0.01092	0.00786	0.01243	0.00701	0.00631	0.01424	0.01117	0.08758	0.01029	0.01143	0.00819	0.00409	0.00398	0.00085	0.00391	0.00328	0.00339	0.77191
4	0.01802	0.02044	0.01633	0.01738	0.18951	0.49949	0.01137	0.13428	0.01560	0.01679	0.00913	0.01066	0.00739	0.00534	0.00488	0.00142	0.00811	0.00385	0.00305	0.00697
5	0.01159	0.01286	0.02730	0.03433	0.02480	0.01230	0.64369	0.01547	0.01185	0.01611	0.01229	0.09812	0.01064	0.00584	0.00659	0.00181	0.03793	0.00697	0.00285	0.00666
6	0.00709	0.00533	0.00658	0.00637	0.00772	0.00482	0.00482	0.00923	0.01381	0.01880	0.55145	0.05539	0.23434	0.01155	0.00620	0.00171	0.00261	0.04198	0.00545	0.00477
7	0.02336	0.00886	0.01209	0.00927	0.01329	0.00765	0.00765	0.02538	0.01491	0.78810	0.02055	0.01773	0.01289	0.00645	0.00524	0.00161	0.00443	0.00524	0.00645	0.00886
8	0.78516	0.00997	0.00802	0.00705	0.01034	0.01135	0.00581	0.01614	0.00936	0.08655	0.00835	0.00923	0.00624	0.00497	0.00339	0.00161	0.00406	0.00302	0.00349	0.00591
9	0.01045	0.02694	0.79000	0.01484	0.02254	0.01209	0.01924	0.01649	0.01099	0.01649	0.00935	0.01099	0.00660	0.00495	0.00495	0.00165	0.00770	0.00385	0.00220	0.00770
10	0.00615	0.00528	0.00528	0.00528	0.00703	0.00440	0.00396	0.00747	0.01187	0.01407	0.05276	0.05012	0.78238	0.01319	0.00615	0.00176	0.00264	0.01099	0.00484	0.00440
11	0.00783	0.00582	0.00721	0.00790	0.00870	0.00585	0.00554	0.04814	0.09341	0.01522	0.02681	0.65011	0.03073	0.02906	0.00680	0.00211	0.00337	0.03564	0.00487	0.00490
12	0.01980	0.01459	0.01563	0.01198	0.01615	0.01615	0.00990	0.76713	0.02448	0.03282	0.01250	0.01250	0.00886	0.00625	0.00521	0.00156	0.00573	0.00469	0.00521	0.00886
13	0.00810	0.00546	0.00611	0.00595	0.00613	0.00553	0.00345	0.04046	0.00831	0.01108	0.01624	0.03314	0.01850	0.78188	0.02558	0.00490	0.00508	0.00745	0.00324	0.00340
14	0.00752	0.00503	0.00570	0.00575	0.00576	0.00501	0.00323	0.00756	0.00768	0.01024	0.01694	0.06783	0.01960	0.78231	0.02565	0.00492	0.00496	0.00789	0.00323	0.00320
15	0.01330	0.01136	0.01197	0.01067	0.01367	0.01311	0.00833	0.06510	0.73710	0.02234	0.02076	0.01908	0.01554	0.00702	0.00529	0.00176	0.00420	0.00583	0.00529	0.00827
16	0.00983	0.00926	0.01562	0.80447	0.03587	0.01157	0.01446	0.01331	0.01041	0.01331	0.00926	0.01388	0.00694	0.00521	0.00521	0.00174	0.00694	0.00463	0.00231	0.00579
17	0.01873	0.02342	0.01523	0.01493	0.08179	0.70976	0.01052	0.02055	0.03320	0.01333	0.00852	0.00994	0.00707	0.00535	0.00475	0.00137	0.00899	0.00353	0.00274	0.00628
18	0.01949	0.02386	0.01484	0.01328	0.01610	0.72302	0.01005	0.09070	0.01567	0.01463	0.00847	0.00968	0.00691	0.00545	0.00474	0.00136	0.00905	0.00348	0.00292	0.00630
19	0.00757	0.00505	0.00568	0.00568	0.00568	0.00505	0.00316	0.00757	0.00757	0.01010	0.01641	0.03408	0.01893	0.81698	0.02651	0.00505	0.00505	0.00757	0.00316	0.00316
20	0.01604	0.01126	0.01188	0.01002	0.01301	0.11074	0.02615	0.07337	0.21324	0.24607	0.17336	0.02159	0.03528	0.00739	0.00541	0.00163	0.00475	0.00611	0.00531	0.00740
21	0.00715	0.00531	0.00666	0.00632	0.00765	0.00482	0.00474	0.00941	0.01423	0.01966	0.65105	0.04091	0.18060	0.01110	0.00614	0.00166	0.00249	0.00970	0.00557	0.00482
22	0.01417	0.01103	0.01254	0.01161	0.06308	0.01209	0.00856	0.27610	0.28847	0.03984	0.08491	0.10654	0.03177	0.00806	0.00550	0.00171	0.00452	0.00677	0.00509	0.00766
23	0.03432	0.75766	0.04393	0.00970	0.03705	0.01994	0.00928	0.01562	0.01059	0.01277	0.00737	0.00855	0.00670	0.00448	0.00343	0.00115	0.00560	0.00287	0.00226	0.00673
24	0.01057	0.00976	0.01604	0.70537	0.09192	0.01186	0.01435	0.05177	0.01124	0.01458	0.00946	0.01374	0.00714	0.00522	0.00520	0.00171	0.00682	0.00463	0.00248	0.00613
25	0.79976	0.01036	0.00817	0.00718	0.01046	0.01197	0.00592	0.06400	0.00987	0.02398	0.00759	0.00872	0.00585	0.00493	0.00335	0.00161	0.00414	0.00294	0.00335	0.00585
26	0.01053	0.04642	0.77126	0.01470	0.02231	0.01230	0.01899	0.01647	0.01098	0.01639	0.00929	0.01093	0.00660	0.00494	0.00491	0.00164	0.00764	0.00382	0.00220	0.00767
27	0.01174	0.00924	0.01029	0.00927	0.01173	0.01017	0.00717	0.02198	0.49895	0.06030	0.25888	0.02543	0.02613	0.00815	0.00556	0.00172	0.00362	0.00696	0.00549	0.00723
28	0.00638	0.00528	0.00558	0.00551	0.00717	0.00449	0.00413	0.00790	0.01239	0.01531	0.18508	0.04808	0.64929	0.01273	0.00615	0.00174	0.00260	0.01071	0.00500	0.00449
29	0.01243	0.01071	0.01166	0.05063	0.01430	0.01236	0.00834	0.02579	0.68704	0.02130	0.06984	0.02041	0.01759	0.00720	0.00535	0.00176	0.00416	0.00605	0.00518	0.00790
30	0.00757	0.00505	0.00568	0.00568	0.00568	0.00505	0.00316	0.00757	0.00757	0.01010	0.01641	0.03408	0.01893	0.81698	0.02651	0.00505	0.00505	0.00757	0.00316	0.00316
31	0.01045	0.02694	0.79000	0.01484	0.02254	0.01209	0.01924	0.01649	0.01099	0.01649	0.00935	0.01099	0.00660	0.00495	0.00495	0.00165	0.00770	0.00385	0.00220	0.00770
32	0.85377	0.01007	0.00765	0.00685	0.01007	0.01168	0.00564	0.01531	0.00886	0.02336	0.00725	0.00846	0.00564	0.00483	0.00322	0.00161	0.00403	0.00282	0.00322	0.00564
33	0.00988	0.00753	0.01036	0.02613	0.05274	0.00774	0.03168	0.03768	0.11775	0.03657	0.13434	0.08160	0.02769	0.01148	0.00646	0.00206	0.00453	0.38320	0.00482	0.00576
34	0.00839	0.00599	0.00839	0.00959	0.01079	0.00599	0.00839	0.01079	0.01199	0.01558	0.02757	0.05874	0.02997	0.01439	0.00719	0.00240	0.00480	0.74945	0.00480	0.00480
35	0.00872	0.00626	0.00773	0.00714	0.00875	0.00609	0.00543	0.01276	0.11743	0.05242	0.60858	0.03599	0.08215	0.01012	0.00599	0.00166	0.00277	0.00885	0.00566	0.00550
36	0.01161	0.00923	0.01088	0.00781	0.01240	0.00699	0.00627	0.01391	0.01106	0.06691	0.00999	0.01125	0.00805	0.00402	0.00395	0.00083	0.00389	0.00322	0.00330	0.79442
37	0.01977	0.01523	0.01557	0.01207	0.01615	0.06553	0.00991	0.71988	0.02387	0.03155	0.01222	0.01231	0.00872	0.00620	0.00518	0.00155	0.00596	0.00460	0.00505	0.00868
38	0.01015	0.00943	0.01562	0.77929	0.03524	0.01172	0.01432	0.03725	0.01086	0.01393	0.00936	0.01384	0.00700	0.00524	0.00521	0.00173	0.00690	0.00463	0.00241	0.00588
39	0.82739	0.01003	0.00779	0.00693	0.01017	0.01155	0.00570	0.01563	0.00905	0.04766	0.00767	0.00875	0.00587	0.00489	0.00329	0.00161	0.00404	0.00290	0.00333	0.00574
40	0.01229	0.01405	0.03073	0.02195	0.02722	0.01317	0.76558	0.01668	0.01229	0.01668	0.01054	0.01405	0.00790	0.00439	0.00615	0.00176	0.00878	0.00615	0.00263	0.00702
41	0.02336	0.00886	0.01209	0.00927	0.01329	0.00765	0.00765	0.02538	0.01491	0.78810	0.02055	0.01773	0.01289	0.00645	0.00524	0.00161	0.00443	0.00524	0.00645	0.00886
42	0.02326	0.00904	0.01219	0.00935	0.01338	0.00791	0.00772	0.04804	0.01520	0.76503	0.02030	0.01757	0.01277	0.00644	0.00524	0.00161	0.00447	0.00522	0.00641	0.00886
43	0.00656	0.00462	0.00598	0.00697	0.00722	0.00437	0.00454	0.00731	0.00955	0.01273	0.02653	0.67585	0.03170	0.15779	0.01016	0.00263	0.00338	0.01353	0.00454	0.00404
44	0.00634	0.00457	0.00600	0.00715	0.00753	0.00424	0.00479	0.00726	0.01007	0.01333	0.02992	0.77483	0.07241	0.01616	0.00662	0.00210	0.00300	0.01461	0.00483	0.00424
45	0.01268	0.01084	0.01140	0.01021	0.01311	0.01238	0.00796	0.05801	0.67884	0.02162	0.02346	0.02169	0.07961	0.00754	0.00537	0.00176	0.00407	0.00626	0.00526	0.00795
46	0.00757	0.00505	0.00568	0.00568	0.00568	0.00505	0.00316	0.00757	0.00757	0.01010	0.01641	0.03408	0.01893	0.81698	0.02651	0.00505	0.00505	0.00757	0.00316	0.00316
47	0.00971	0.00485	0.00485	0.00485	0.00607	0.00485	0.00364	0.01213	0.01092	0.01942	0.01699	0.01942	0.01335	0.00607	0.00364	0.00121	0.00243	0.00485	0.84589	0.00485
48	0.01295	0.01119	0.01178	0.01060	0.01354	0.01295	0.00824	0.02767	0.77509	0.02178	0.02120	0.01943	0.01590	0.00707	0.00530	0.00177	0.00412	0.00589	0.00530	0.00824
49	0.01025	0.00515	0.00547	0.00528	0.00653	0.00506	0.00388	0.01237	0.01091	0.06711	0.04144	0.02162	0.01510	0.09991	0.00646	0.00170	0.00286	0.00534	0.66864	0.00491
50	0.00628	0.00524	0.00548	0.00550	0.00713	0.00444	0.00409	0.00769	0.01205	0.01468	0.12172	0.08779	0.67383	0.01310	0.00618	0.00176	0.00264	0.01103	0.00492	0.00444
51	0.01980	0.01459	0.01563	0.01198	0.01615	0.01615	0.00990	0.76713	0.02448	0.03282	0.01250	0.01250	0.00886	0.00625	0.00521	0.00156	0.00573	0.00469	0.00521	0.00886
52	0.00634	0.00453	0.00604	0.00725	0.00755	0.00423	0.00483	0.00725	0.00997	0.01329	0.02870	0.81358	0.03444	0.01632	0.00665	0.00211	0.00302	0.01480	0.00483	0.00423
53	0.34904	0.00925	0.01022	0.00825	0.01189	0.00917	0.00680	0.02104	0.01253	0.46895	0.03404	0.01461	0.01093	0.00592	0.00447	0.00161	0.00422	0.00439	0.00516	0.00750
54	0.01936	0.01417	0.01516	0.01167	0.01571	0.01566	0.00963	0.73444	0.02390	0.03224	0.01270	0.01280	0.00905	0.00624	0.00514	0.00155	0.00559	0.00470	0.04161	0.00868
55	0.00920	0.00573	0.00752	0.00684	0.00840	0.00522	0.00521	0.01158	0.01471	0.10938	0.68032	0.03666	0.05852	0.01021	0.00604	0.00164	0.00269	0.00896	0.00580	0.00536
56	0.37465	0.00949	0.01028	0.00830	0.01199	0.00953	0.00685	0.03602	0.01254	0.44936	0.01476	0.01370	0.00974	0.00576	0.00438	0.00161	0.00429	0.00420	0.00506	0.00750
57	0.00634	0.00453	0.00604	0.00725	0.00755	0.00423	0.00483	0.00725	0.00997	0.01329	0.02870	0.81358	0.03444	0.01632	0.00665	0.00211	0.00302	0.01480	0.00483	0.00423
58	0.00737	0.00532	0.00696	0.00655	0.00778	0.00491	0.00491	0.00983	0.01474	0.02088	0.78175	0.03890	0.04914	0.01065	0.00614	0.00164	0.00246	0.00942	0.00573	0.00491
59	0.00634	0.00453	0.00604	0.00725	0.00755	0.00423	0.00483	0.00725	0.00997	0.01329	0.02870	0.81358	0.03444	0.01632	0.00665	0.00211	0.00302	0.01480	0.00483	0.00423
60	0.01509	0.01225	0.01298	0.01103	0.01435	0.01395	0.00876	0.25813	0.54116	0.02522	0.01849	0.01727	0.01370	0.00681	0.00527	0.00170	0.00462	0.00551	0.00527	0.00843
61	0.00615	0.00528	0.00528	0.00528	0.00703	0.00440	0.00396	0.00747	0.01187	0.01407	0.05276	0.05012	0.78238	0.01319	0.00615	0.00176	0.00264	0.01099	0.00484	0.00440
62	0.01588	0.01053	0.01186	0.01022	0.01347	0.01146	0.00808	0.02703	0.56140	0.23720	0.02101	0.01895	0.01505	0.00689	0.00528	0.00172	0.00421	0.00570	0.00562	0.00842
63	0.00940	0.00722	0.00775	0.00722	0.00859	0.07478	0.00531	0.01128	0.01328	0.06655	0.47899	0.04750	0.07436	0.12392	0.03916	0.00236	0.00402	0.00839	0.00498	0.00497
64	0.01090	0.00957	0.01209	0.00864	0.01330	0.00735	0.05535	0.01334	0.01090	0.01695	0.00934	0.01101	0.00773	0.00389	0.00400	0.00084	0.00418	0.00328	0.00306	0.79430
65	0.01252	0.53519	0.26047	0.01061	0.01590	0.01720	0.01188	0.01558	0.01092	0.01399	0.04720	0.01072	0.00881	0.00492	0.00398	0.00130	0.00606	0.00345	0.00240	0.00690
66	0.23324	0.00653	0.00667	0.00630	0.00785	0.00669	0.00461	0.01053	0.01128	0.01841	0.32473	0.03099	0.11421	0.18579	0.00982	0.00239	0.00346	0.00743	0.00440	0.00466
67	0.85377	0.01007	0.00765	0.00685	0.01007	0.01168	0.00564	0.01531	0.00886	0.02336	0.00725	0.00846	0.00564	0.00483	0.00322	0.00161	0.00403	0.00282	0.00322	0.00564
68	0.01850	0.09639	0.01698	0.01349	0.01657	0.64071	0.05888	0.05237	0.01464	0.01382	0.00833	0.00973	0.00688	0.00526	0.00469	0.00136	0.00884	0.00354	0.00275	0.00628
69	0.01841	0.02275	0.01526	0.03090	0.08819	0.67576	0.01063	0.03439	0.01446	0.01353	0.00844	0.01010	0.00703	0.00600	0.02101	0.00152	0.00907	0.00357	0.00272	0.00626
70	0.00997	0.00480	0.00713	0.00694	0.00721	0.00473	0.00473	0.00799	0.00731	0.05950	0.00979	0.01595	0.00929	0.01734	0.01937	0.79364	0.00452	0.00457	0.00253	0.00269
71	0.00755	0.00515	0.00622	0.00622	0.00640	0.00534	0.00382	0.00792	0.00773	0.01049	0.01592	0.03136	0.01775	0.66180	0.18008	0.00571	0.00682	0.00718	0.00308	0.00345
72	0.02555	0.00477	0.00670	0.00679	0.00694	0.00484	0.00453	0.00726	0.00732	0.01005	0.01204	0.08992	0.01279	0.12198	0.06982	0.59235	0.00506	0.00587	0.00266	0.00278
73	0.00626	0.00485	0.00571	0.00640	0.00733	0.00430	0.00446	0.00735	0.01079	0.01363	0.03907	0.48448	0.35685	0.01497	0.00643	0.00196	0.00286	0.01316	0.00483	0.00430
74	0.01173	0.00985	0.01071	0.00998	0.01255	0.01107	0.00793	0.04101	0.55702	0.02030	0.02490	0.02878	0.08644	0.00885	0.00570	0.00187	0.00414	0.13469	0.00517	0.00732
75	0.01165	0.00725	0.00847	0.00768	0.00984	0.00703	0.00584	0.03377	0.15353	0.18135	0.10166	0.13625	0.23911	0.06368	0.00719	0.00198	0.00356	0.00880	0.00525	0.00611
76	0.00646	0.00458	0.00601	0.00711	0.00738	0.00430	0.00468	0.00728	0.00975	0.01300	0.02758	0.74229	0.03302	0.08955	0.00846	0.00238	0.00321	0.01414	0.00468	0.00413
77	0.01980	0.01459	0.01563	0.01198	0.01615	0.01615	0.00990	0.76713	0.02448	0.03282	0.01250	0.01250	0.00886	0.00625	0.00521	0.00156	0.00573	0.00469	0.00521	0.00886
78	0.01080	0.00926	0.01080	0.00771	0.01234	0.00694	0.00617	0.01311	0.01080	0.01697	0.00926	0.01080	0.00771	0.00386	0.00386	0.00077	0.00386	0.00309	0.00309	0.84882
79	0.00637	0.00454	0.00603	0.00722	0.00751	0.00425	0.00480	0.00726	0.00992	0.01322	0.02842	0.79589	0.03409	0.03449	0.00710	0.00218	0.00307	0.01464	0.00480	0.00421
80	0.02325	0.00905	0.01220	0.00935	0.01339	0.00793	0.00773	0.04968	0.01522	0.76336	0.02028	0.01755	0.01276	0.00644	0.00524	0.00161	0.00447	0.00522	0.00641	0.00886
81	0.85377	0.01007	0.00765	0.00685	0.01007	0.01168	0.00564	0.01531	0.00886	0.02336	0.00725	0.00846	0.00564	0.00483	0.00322	0.00161	0.00403	0.00282	0.00322	0.00564
82	0.01538	0.00709	0.00949	0.00791	0.01054	0.00627	0.00627	0.01756	0.01468	0.40658	0.37205	0.04326	0.04305	0.00868	0.00570	0.00164	0.00346	0.00744	0.00606	0.00688
83	0.00744	0.00558	0.00837	0.00837	0.00930	0.00651	0.00651	0.00930	0.00837	0.01209	0.01395	0.02046	0.01302	0.03906	0.79635	0.00837	0.01395	0.00558	0.00279	0.00465
84	0.00744	0.00558	0.00837	0.00837	0.00930	0.00651	0.00651	0.00930	0.00837	0.01209	0.01395	0.02046	0.01302	0.03906	0.79635	0.00837	0.01395	0.00558	0.00279	0.00465
85	0.00905	0.00452	0.00678	0.00678	0.00678	0.00452	0.00452	0.00678	0.00678	0.00905	0.00905	0.01583	0.00905	0.01809	0.02035	0.84848	0.00452	0.00452	0.00226	0.00226
86	0.01257	0.01151	0.01647	0.07153	0.35237	0.01242	0.03055	0.02092	0.35446	0.01900	0.03374	0.01655	0.01259	0.00591	0.00527	0.00166	0.00528	0.00535	0.00386	0.00798
87	0.01127	0.01098	0.01719	0.46865	0.29515	0.05143	0.01445	0.01442	0.01112	0.01457	0.01002	0.03951	0.00829	0.00538	0.00521	0.00166	0.00667	0.00490	0.00251	0.00661
88	0.02336	0.00886	0.01209	0.00927	0.01329	0.00765	0.00765	0.02538	0.01491	0.78810	0.02055	0.01773	0.01289	0.00645	0.00524	0.00161	0.00443	0.00524	0.00645	0.00886
89	0.01913	0.01426	0.01525	0.01185	0.01590	0.01584	0.00974	0.69502	0.09768	0.03174	0.01335	0.01318	0.00954	0.00633	0.00522	0.00158	0.00557	0.00481	0.00522	0.00880
90	0.00983	0.00926	0.01562	0.80447	0.03587	0.01157	0.01446	0.01331	0.01041	0.01331	0.00926	0.01388	0.00694	0.00521	0.00521	0.00174	0.00694	0.00463	0.00231	0.00579
91	0.01289	0.01227	0.02031	0.03008	0.71663	0.01242	0.01530	0.01701	0.07905	0.01743	0.01080	0.01346	0.00892	0.00485	0.00517	0.00157	0.00600	0.00475	0.00282	0.00825
92	0.01045	0.02694	0.79000	0.01484	0.02254	0.01209	0.01924	0.01649	0.01099	0.01649	0.00935	0.01099	0.00660	0.00495	0.00495	0.00165	0.00770	0.00385	0.00220	0.00770
93	0.01142	0.02012	0.38871	0.01860	0.02501	0.01266	0.41370	0.01659	0.01168	0.01659	0.00997	0.01261	0.00729	0.00465	0.00558	0.00171	0.00827	0.00506	0.00243	0.00734
94	0.00615	0.00528	0.00528	0.00528	0.00703	0.00440	0.00396	0.00747	0.01187	0.01407	0.05276	0.05012	0.78238	0.01319	0.00615	0.00176	0.00264	0.01099	0.00484	0.00440
95	0.01277	0.01284	0.03685	0.03048	0.68254	0.01246	0.10264	0.01607	0.01189	0.01697	0.00987	0.01299	0.00818	0.00462	0.00527	0.00157	0.00651	0.00480	0.00258	0.00810
96	0.00733	0.00532	0.00691	0.00651	0.00776	0.00490	0.00488	0.00975	0.01465	0.02066	0.75787	0.03927	0.07316	0.01073	0.00614	0.00164	0.00246	0.00947	0.00570	0.00490
97	0.01289	0.01237	0.02114	0.03196	0.78450	0.01237	0.01598	0.01598	0.01186	0.01701	0.00980	0.01289	0.00825	0.00464	0.00516	0.00155	0.00619	0.00464	0.00258	0.00825
98	0.00791	0.00576	0.00777	0.00877	0.00996	0.00562	0.00744	0.01006	0.01190	0.01539	0.05647	0.12111	0.12151	0.01428	0.00699	0.00227	0.00431	0.57296	0.00484	0.00470
99	0.00709	0.00541	0.00661	0.00687	0.00822	0.00493	0.00540	0.00898	0.01262	0.01643	0.26412	0.10732	0.31915	0.01296	0.00644	0.00191	0.00314	0.19265	0.00510	0.00464
100	0.00717	0.00517	0.00678	0.00669	0.00774	0.00478	0.00490	0.00932	0.01380	0.01939	0.63340	0.19151	0.04624	0.01176	0.00624	0.00173	0.00257	0.01048	0.00556	0.00478
101	0.21965	0.01095	0.03106	0.01016	0.04104	0.01082	0.00816	0.19024	0.02891	0.34935	0.01589	0.01502	0.03388	0.00613	0.00477	0.00161	0.00471	0.00467	0.00508	0.00789
102	0.01316	0.52531	0.24206	0.01117	0.02907	0.04448	0.01196	0.02962	0.01112	0.01401	0.00804	0.00933	0.00674	0.00465	0.00392	0.00128	0.00629	0.00318	0.00231	0.02231

[dist]
# distance from previous block
# <min> <max>
1	3

[block]
# block no. 2 follows, 47 sequences, length 36
# corresponding to MSA columns:
# 308-343
name=unknown_C
#
# <colnr> <probs for GDERKNQSTAVLIFYWHMCP>
#	G	D	E	R	K	N	Q	S	T	A	V	L	I	F	Y	W	H	M	C	P
0	0.03566	0.02867	0.01462	0.06097	0.10359	0.11912	0.01006	0.20458	0.28003	0.06671	0.01466	0.01474	0.01094	0.00611	0.00509	0.00161	0.00567	0.00487	0.00440	0.00789
1	0.00861	0.00646	0.00842	0.00825	0.00950	0.00635	0.03377	0.11403	0.01297	0.01746	0.15405	0.50684	0.06614	0.01337	0.00632	0.00193	0.00350	0.01199	0.00496	0.00510
2	0.03741	0.08560	0.01634	0.01169	0.01570	0.03227	0.02724	0.55953	0.11436	0.02863	0.01284	0.01286	0.00939	0.00610	0.00502	0.00155	0.00563	0.00463	0.00480	0.00841
3	0.01088	0.12718	0.69361	0.01409	0.02138	0.01317	0.01794	0.01638	0.01094	0.01596	0.00908	0.01066	0.00661	0.00489	0.00474	0.00158	0.00743	0.00371	0.00220	0.00757
4	0.00639	0.00528	0.00561	0.00553	0.00718	0.00450	0.00414	0.00793	0.01243	0.01540	0.19546	0.04792	0.63885	0.01269	0.00615	0.00173	0.00260	0.01068	0.00501	0.00450
5	0.00681	0.00513	0.00630	0.00637	0.00753	0.00462	0.00464	0.00861	0.01288	0.01733	0.41483	0.21846	0.24223	0.01262	0.00626	0.00178	0.00263	0.01107	0.00529	0.00462
6	0.00803	0.00544	0.00714	0.00671	0.00802	0.00500	0.00503	0.01038	0.01449	0.05492	0.70622	0.08048	0.04670	0.01077	0.00613	0.00166	0.00258	0.00953	0.00572	0.00505
7	0.01181	0.01311	0.02777	0.17504	0.02891	0.01286	0.61863	0.01602	0.01192	0.01602	0.01029	0.01402	0.00771	0.00455	0.00596	0.00175	0.00842	0.00585	0.00257	0.00678
8	0.85377	0.01007	0.00765	0.00685	0.01007	0.01168	0.00564	0.01531	0.00886	0.02336	0.00725	0.00846	0.00564	0.00483	0.00322	0.00161	0.00403	0.00282	0.00322	0.00564
9	0.01392	0.82012	0.02729	0.00891	0.01337	0.02061	0.00891	0.01559	0.01058	0.01225	0.00724	0.00835	0.00668	0.00446	0.00334	0.00111	0.00557	0.00278	0.00223	0.00668
10	0.01392	0.82012	0.02729	0.00891	0.01337	0.02061	0.00891	0.01559	0.01058	0.01225	0.00724	0.00835	0.00668	0.00446	0.00334	0.00111	0.00557	0.00278	0.00223	0.00668
11	0.01086	0.01413	0.14800	0.01726	0.02199	0.01110	0.47016	0.01508	0.01264	0.01762	0.18755	0.01926	0.01717	0.00592	0.00595	0.00171	0.00715	0.00653	0.00328	0.00665
12	0.01214	0.01507	0.09096	0.02139	0.02685	0.01308	0.70637	0.01667	0.01219	0.01667	0.01044	0.01381	0.00780	0.00443	0.00605	0.00175	0.00869	0.00596	0.00260	0.00708
13	0.00711	0.00529	0.00661	0.00632	0.00763	0.00479	0.00472	0.00930	0.01406	0.01935	0.61971	0.06032	0.19296	0.01129	0.00616	0.00167	0.00251	0.00986	0.00553	0.00479
14	0.01102	0.15860	0.66340	0.01386	0.02102	0.01351	0.01753	0.01634	0.01093	0.01579	0.00900	0.01056	0.00661	0.00487	0.00468	0.00156	0.00734	0.00367	0.00220	0.00753
15	0.01191	0.01454	0.09559	0.10578	0.08781	0.01284	0.55972	0.01625	0.01194	0.01633	0.01023	0.01367	0.00771	0.00455	0.00586	0.00173	0.00828	0.00566	0.00256	0.00705
16	0.00818	0.00584	0.00814	0.00934	0.01045	0.00581	0.00802	0.01042	0.01178	0.01534	0.02769	0.13821	0.03044	0.01459	0.00714	0.00237	0.00461	0.67210	0.00480	0.00474
17	0.00983	0.00926	0.01562	0.80447	0.03587	0.01157	0.01446	0.01331	0.01041	0.01331	0.00926	0.01388	0.00694	0.00521	0.00521	0.00174	0.00694	0.00463	0.00231	0.00579
18	0.01252	0.01200	0.02047	0.12487	0.69446	0.01228	0.01580	0.01566	0.01168	0.01657	0.00973	0.01301	0.00809	0.00471	0.00516	0.00157	0.00628	0.00464	0.00255	0.00795
19	0.01061	0.06434	0.75403	0.01456	0.02211	0.01250	0.01875	0.01645	0.01098	0.01629	0.00925	0.01087	0.00660	0.00492	0.00487	0.00162	0.00760	0.00380	0.00220	0.00765
20	0.00634	0.00453	0.00604	0.00725	0.00755	0.00423	0.00483	0.00725	0.00997	0.01329	0.02870	0.81358	0.03444	0.01632	0.00665	0.00211	0.00302	0.01480	0.00483	0.00423
21	0.05457	0.01412	0.09204	0.05821	0.28581	0.02970	0.32657	0.01597	0.01174	0.01676	0.01052	0.04053	0.00864	0.00502	0.00549	0.00167	0.00729	0.00542	0.00267	0.00726
22	0.00673	0.00471	0.00602	0.00691	0.00716	0.00450	0.00451	0.00745	0.00941	0.01253	0.02545	0.58632	0.03025	0.22553	0.01185	0.00289	0.00361	0.03581	0.00439	0.00397
23	0.01790	0.01470	0.01433	0.01181	0.01528	0.12927	0.00968	0.53505	0.02103	0.02708	0.01428	0.01952	0.01195	0.00744	0.00545	0.00167	0.00612	0.12488	0.00477	0.00779
24	0.01045	0.02694	0.79000	0.01484	0.02254	0.01209	0.01924	0.01649	0.01099	0.01649	0.00935	0.01099	0.00660	0.00495	0.00495	0.00165	0.00770	0.00385	0.00220	0.00770
25	0.01289	0.01237	0.02114	0.03196	0.78450	0.01237	0.01598	0.01598	0.01186	0.01701	0.00980	0.01289	0.00825	0.00464	0.00516	0.00155	0.00619	0.00464	0.00258	0.00825
26	0.85377	0.01007	0.00765	0.00685	0.01007	0.01168	0.00564	0.01531	0.00886	0.02336	0.00725	0.00846	0.00564	0.00483	0.00322	0.00161	0.00403	0.00282	0.00322	0.00564
27	0.00839	0.00599	0.00839	0.00959	0.01079	0.00599	0.00839	0.01079	0.01199	0.01558	0.02757	0.05874	0.02997	0.01439	0.00719	0.00240	0.00480	0.74945	0.00480	0.00480
28	0.00715	0.00531	0.00666	0.00632	0.00765	0.00482	0.00474	0.00941	0.01423	0.01967	0.65147	0.04090	0.18018	0.01110	0.00614	0.00166	0.00249	0.00970	0.00557	0.00482
29	0.00744	0.00558	0.00837	0.00837	0.00930	0.00651	0.00651	0.00930	0.00837	0.01209	0.01395	0.02046	0.01302	0.03906	0.79635	0.00837	0.01395	0.00558	0.00279	0.00465
30	0.00737	0.00532	0.00696	0.00655	0.00778	0.00491	0.00491	0.00983	0.01474	0.02088	0.78175	0.03890	0.04914	0.01065	0.00614	0.00164	0.00246	0.00942	0.00573	0.00491
31	0.01289	0.01237	0.02114	0.03196	0.78450	0.01237	0.01598	0.01598	0.01186	0.01701	0.00980	0.01289	0.00825	0.00464	0.00516	0.00155	0.00619	0.00464	0.00258	0.00825
32	0.81702	0.01002	0.00785	0.00696	0.01021	0.01150	0.00573	0.01575	0.00913	0.05721	0.00784	0.00887	0.00596	0.00491	0.00331	0.00161	0.00405	0.00293	0.00337	0.00578
33	0.00689	0.00538	0.00612	0.00644	0.00768	0.00487	0.00462	0.04111	0.01178	0.01489	0.07385	0.36094	0.40859	0.01405	0.00631	0.00189	0.00292	0.01220	0.00489	0.00455
34	0.00727	0.00492	0.00577	0.00607	0.00614	0.00485	0.00357	0.00749	0.00816	0.01088	0.01942	0.22520	0.02274	0.62067	0.02164	0.00433	0.00455	0.00935	0.00357	0.00342
35	0.01051	0.02551	0.71748	0.05014	0.02336	0.01213	0.05663	0.01636	0.01103	0.01636	0.00940	0.01128	0.00668	0.00493	0.00502	0.00166	0.00772	0.00400	0.00223	0.00758

[dist]
# distance from previous block
# <min> <max>
0	38

# created by:
# /st0/software/busco_prod/Augustus/scripts/msa2prfl.pl ./align_prep/175219.fa
