[name]
unknown

[dist]
# distance from previous block
# <min> <max>
0	0

[block]
# block no. 0 follows, 44 sequences, length 15
# corresponding to MSA columns:
# 0-14
name=unknown_A
#
# <colnr> <probs for GDERKNQSTAVLIFYWHMCP>
#	G	D	E	R	K	N	Q	S	T	A	V	L	I	F	Y	W	H	M	C	P
0	0.00879	0.00628	0.00879	0.01004	0.01130	0.00628	0.00879	0.01130	0.01255	0.01632	0.02887	0.06150	0.03138	0.01506	0.00753	0.00251	0.00502	0.73770	0.00502	0.00502
1	0.01291	0.01235	0.02107	0.17328	0.63917	0.01280	0.01644	0.01622	0.01214	0.01710	0.01015	0.01368	0.00838	0.00497	0.00541	0.00166	0.00662	0.00486	0.00265	0.00816
2	0.00793	0.00529	0.00595	0.00595	0.00595	0.00529	0.00330	0.00793	0.00793	0.01057	0.01718	0.03568	0.01982	0.80840	0.02775	0.00529	0.00529	0.00793	0.00330	0.00330
3	0.01444	0.01219	0.01318	0.01208	0.04211	0.01395	0.00914	0.11766	0.64668	0.02404	0.02064	0.01920	0.01545	0.00720	0.00553	0.00181	0.00460	0.00596	0.00543	0.00871
4	0.01630	0.51473	0.08087	0.01194	0.07991	0.01730	0.01049	0.01860	0.01218	0.17558	0.01092	0.01144	0.00851	0.00516	0.00421	0.00136	0.00580	0.00371	0.00330	0.00770
5	0.01986	0.01464	0.01586	0.01229	0.01643	0.01624	0.01013	0.70657	0.02451	0.03292	0.01319	0.01364	0.00956	0.00883	0.05742	0.00211	0.00657	0.00497	0.00529	0.00898
6	0.01130	0.00969	0.01130	0.00807	0.01292	0.00727	0.00646	0.01373	0.01130	0.01776	0.00969	0.01130	0.00807	0.00404	0.00404	0.00081	0.00404	0.00323	0.00323	0.84173
7	0.00868	0.00707	0.04584	0.00752	0.00934	0.00595	0.00610	0.01191	0.04557	0.04894	0.65481	0.03800	0.06796	0.01062	0.00630	0.00172	0.00299	0.00931	0.00580	0.00556
8	0.00674	0.00553	0.00593	0.00583	0.00754	0.00473	0.00437	0.00839	0.01312	0.01637	0.22057	0.04976	0.60581	0.01319	0.00644	0.00181	0.00272	0.01113	0.00528	0.00473
9	0.01266	0.29680	0.44777	0.01375	0.02035	0.01595	0.06163	0.04316	0.01195	0.01635	0.00922	0.01081	0.00711	0.00501	0.00469	0.00154	0.00729	0.00383	0.00245	0.00769
10	0.00664	0.00474	0.00633	0.00759	0.00791	0.00443	0.00506	0.00759	0.01044	0.01392	0.03005	0.80485	0.03606	0.01708	0.00696	0.00221	0.00316	0.01550	0.00506	0.00443
11	0.01318	0.01180	0.01658	0.01309	0.04884	0.01098	0.15310	0.10331	0.14392	0.02051	0.01254	0.01383	0.00976	0.00505	0.00499	0.00132	0.00542	0.00462	0.00378	0.40338
12	0.00753	0.00557	0.00702	0.00666	0.00803	0.00506	0.00499	0.00992	0.01498	0.02080	0.66447	0.04248	0.15916	0.01154	0.00643	0.00173	0.00260	0.01011	0.00586	0.00506
13	0.25975	0.01158	0.01212	0.21523	0.01884	0.10872	0.00946	0.03384	0.01174	0.11061	0.01280	0.10921	0.01116	0.00716	0.00557	0.00178	0.04495	0.00550	0.00367	0.00631
14	0.30240	0.31514	0.01778	0.00977	0.01354	0.18092	0.00843	0.04776	0.03194	0.01808	0.00837	0.00950	0.00697	0.00515	0.00389	0.00143	0.00609	0.00322	0.00300	0.00661

[dist]
# distance from previous block
# <min> <max>
0	2

[block]
# block no. 1 follows, 44 sequences, length 35
# corresponding to MSA columns:
# 17-51
name=unknown_B
#
# <colnr> <probs for GDERKNQSTAVLIFYWHMCP>
#	G	D	E	R	K	N	Q	S	T	A	V	L	I	F	Y	W	H	M	C	P
0	0.01883	0.01303	0.07725	0.01356	0.09423	0.01208	0.01055	0.17646	0.19625	0.30216	0.01780	0.01675	0.01233	0.00654	0.00546	0.00171	0.00531	0.00534	0.00541	0.00895
1	0.01183	0.00995	0.01464	0.05952	0.07375	0.03808	0.12721	0.04201	0.09011	0.06793	0.24532	0.10577	0.02548	0.00872	0.00651	0.00180	0.03645	0.00786	0.02047	0.00658
2	0.00664	0.00474	0.00633	0.00759	0.00791	0.00443	0.00506	0.00759	0.01044	0.01392	0.03005	0.80485	0.03606	0.01708	0.00696	0.00221	0.00316	0.01550	0.00506	0.00443
3	0.01904	0.01397	0.01544	0.01224	0.01602	0.01570	0.01003	0.52017	0.15000	0.08227	0.01474	0.01461	0.01065	0.00695	0.00649	0.00174	0.07058	0.00515	0.00531	0.00889
4	0.00721	0.00525	0.00597	0.00623	0.00689	0.00489	0.00402	0.00793	0.01011	0.01301	0.06479	0.21252	0.24012	0.36852	0.01605	0.00345	0.00397	0.01073	0.00432	0.00401
5	0.01200	0.01890	0.29210	0.01865	0.02397	0.01397	0.34951	0.01653	0.01150	0.01653	0.00983	0.01303	0.00757	0.00578	0.00826	0.00191	0.16486	0.00526	0.00252	0.00733
6	0.01287	0.01471	0.03217	0.02298	0.02849	0.01379	0.75460	0.01746	0.01287	0.01746	0.01103	0.01471	0.00827	0.00460	0.00643	0.00184	0.00919	0.00643	0.00276	0.00735
7	0.01478	0.78359	0.02810	0.00950	0.01409	0.04892	0.00937	0.01652	0.01123	0.01284	0.00761	0.00878	0.00700	0.00470	0.00355	0.00117	0.00597	0.00294	0.00235	0.00697
8	0.02037	0.02598	0.01545	0.01404	0.01685	0.78652	0.01053	0.02177	0.01545	0.01334	0.00843	0.00983	0.00702	0.00562	0.00492	0.00140	0.00983	0.00351	0.00281	0.00632
9	0.57066	0.13894	0.01224	0.00806	0.01179	0.01331	0.00690	0.04395	0.01102	0.12683	0.00970	0.01033	0.00725	0.00528	0.00376	0.00160	0.00460	0.00336	0.00375	0.00666
10	0.02050	0.01516	0.01623	0.01250	0.01682	0.01680	0.01031	0.73317	0.04905	0.03399	0.01338	0.01332	0.00950	0.00657	0.00546	0.00164	0.00595	0.00495	0.00546	0.00925
11	0.00843	0.00597	0.00800	0.00898	0.00994	0.00593	0.00737	0.01032	0.01151	0.01500	0.02728	0.10303	0.04685	0.17025	0.01142	0.00302	0.00490	0.53247	0.00469	0.00464
12	0.01143	0.01404	0.13841	0.01405	0.01543	0.01524	0.01283	0.01351	0.00889	0.01375	0.00819	0.01264	0.00765	0.01141	0.07889	0.00280	0.60749	0.00474	0.00242	0.00621
13	0.00772	0.00557	0.00729	0.00686	0.00814	0.00514	0.00514	0.01029	0.01543	0.02186	0.77152	0.04072	0.05144	0.01115	0.00643	0.00171	0.00257	0.00986	0.00600	0.00514
14	0.84691	0.01054	0.00801	0.00717	0.01054	0.01223	0.00590	0.01603	0.00928	0.02446	0.00759	0.00886	0.00590	0.00506	0.00337	0.00169	0.00422	0.00295	0.00337	0.00590
15	0.01356	0.01171	0.01233	0.01109	0.01418	0.01356	0.00863	0.02897	0.76455	0.02281	0.02219	0.02034	0.01664	0.00740	0.00555	0.00185	0.00431	0.00616	0.00555	0.00863
16	0.02025	0.01503	0.01609	0.01245	0.01672	0.01668	0.01025	0.70776	0.07486	0.03359	0.01370	0.01357	0.00976	0.00660	0.00546	0.00165	0.00589	0.00499	0.00546	0.00923
17	0.00772	0.00557	0.00729	0.00686	0.00814	0.00514	0.00514	0.01029	0.01543	0.02186	0.77152	0.04072	0.05144	0.01115	0.00643	0.00171	0.00257	0.00986	0.00600	0.00514
18	0.00947	0.00473	0.00710	0.00710	0.00710	0.00473	0.00473	0.00710	0.00710	0.00947	0.00947	0.01657	0.00947	0.01894	0.02131	0.84138	0.00473	0.00473	0.00237	0.00237
19	0.01205	0.01014	0.01147	0.00831	0.01307	0.02964	0.00663	0.01443	0.01158	0.04558	0.01009	0.01153	0.00824	0.00418	0.00412	0.00086	0.00423	0.00332	0.00335	0.78719
20	0.04347	0.00775	0.00792	0.00697	0.00906	0.00821	0.00547	0.19295	0.01479	0.02388	0.01627	0.01815	0.01254	0.00635	0.00419	0.00137	0.00344	0.00496	0.60612	0.00613
21	0.02072	0.01527	0.01636	0.01254	0.01691	0.01691	0.01036	0.75622	0.02563	0.03436	0.01309	0.01309	0.00927	0.00654	0.00545	0.00164	0.00600	0.00491	0.00545	0.00927
22	0.00664	0.00474	0.00633	0.00759	0.00791	0.00443	0.00506	0.00759	0.01044	0.01392	0.03005	0.80485	0.03606	0.01708	0.00696	0.00221	0.00316	0.01550	0.00506	0.00443
23	0.00754	0.00557	0.00705	0.00668	0.00804	0.00507	0.00501	0.00995	0.01502	0.02089	0.67442	0.04232	0.14914	0.01151	0.00643	0.00173	0.00260	0.01008	0.00587	0.00507
24	0.00670	0.00482	0.00636	0.00748	0.00790	0.00448	0.00504	0.00776	0.01080	0.01442	0.07500	0.73600	0.05980	0.01662	0.00691	0.00217	0.00312	0.01504	0.00512	0.00448
25	0.01179	0.00704	0.00900	0.00784	0.00990	0.00663	0.00609	0.07496	0.01631	0.15821	0.57453	0.03447	0.04116	0.00998	0.00618	0.00170	0.00323	0.00867	0.00609	0.00623
26	0.01340	0.01286	0.02196	0.05621	0.75240	0.01293	0.01668	0.01665	0.01237	0.01769	0.01024	0.01352	0.00859	0.00488	0.00540	0.00163	0.00650	0.00486	0.00269	0.00856
27	0.00805	0.00524	0.00604	0.00604	0.00604	0.00524	0.00342	0.00786	0.00786	0.01048	0.01655	0.03411	0.01897	0.74368	0.02722	0.07383	0.00524	0.00767	0.00323	0.00323
28	0.03438	0.00774	0.01016	0.00848	0.01138	0.00695	0.00677	0.01920	0.02945	0.42150	0.27248	0.05807	0.05823	0.00903	0.00589	0.00174	0.00381	0.02114	0.00624	0.00736
29	0.01187	0.22862	0.58790	0.01395	0.02114	0.01494	0.01738	0.01702	0.01140	0.01613	0.00922	0.01080	0.00693	0.00505	0.00475	0.00158	0.00749	0.00374	0.00231	0.00779
30	0.01043	0.00987	0.01638	0.73127	0.03564	0.01249	0.01488	0.01386	0.01069	0.01386	0.00948	0.01432	0.00726	0.00579	0.00647	0.00186	0.07213	0.00484	0.00242	0.00605
31	0.00944	0.00486	0.00679	0.00676	0.00707	0.00482	0.00462	0.00826	0.00848	0.01223	0.07328	0.01915	0.01363	0.01628	0.01728	0.63789	0.00421	0.00521	0.13671	0.00303
32	0.01498	0.02451	0.01177	0.00984	0.01217	0.01016	0.00770	0.19357	0.03308	0.18785	0.04737	0.20616	0.04611	0.07555	0.00899	0.00217	0.08783	0.00818	0.00510	0.00692
33	0.09576	0.01208	0.07520	0.07426	0.01602	0.01095	0.00922	0.10362	0.11118	0.02023	0.01246	0.05497	0.01040	0.00609	0.00549	0.00145	0.05019	0.00472	0.00372	0.32199
34	0.01285	0.13859	0.01663	0.10582	0.01729	0.01186	0.08684	0.10818	0.05359	0.05257	0.05338	0.12331	0.02947	0.00731	0.00526	0.00155	0.00533	0.00635	0.00393	0.15990

[dist]
# distance from previous block
# <min> <max>
0	11

[block]
# block no. 2 follows, 44 sequences, length 14
# corresponding to MSA columns:
# 65-78
name=unknown_C
#
# <colnr> <probs for GDERKNQSTAVLIFYWHMCP>
#	G	D	E	R	K	N	Q	S	T	A	V	L	I	F	Y	W	H	M	C	P
0	0.01686	0.08193	0.03443	0.01103	0.01514	0.05671	0.02870	0.20361	0.16716	0.14226	0.04293	0.01559	0.01238	0.00621	0.00510	0.00151	0.00534	0.00493	0.00477	0.14342
1	0.01440	0.08269	0.06804	0.01126	0.04756	0.05559	0.03317	0.08121	0.04525	0.12438	0.11937	0.01758	0.02811	0.00629	0.00522	0.00141	0.01670	0.00512	0.00421	0.23244
2	0.01650	0.01923	0.01252	0.01175	0.01396	0.52571	0.00871	0.01857	0.04684	0.01468	0.01386	0.14864	0.01327	0.00776	0.00517	0.00155	0.00758	0.00588	0.10188	0.00595
3	0.01286	0.00964	0.01146	0.00827	0.01304	0.00736	0.00664	0.01524	0.01181	0.10743	0.01108	0.01216	0.00871	0.00436	0.00421	0.00091	0.00411	0.00350	0.00364	0.74357
4	0.10676	0.00630	0.00819	0.00809	0.00918	0.00719	0.00610	0.01017	0.00868	0.01369	0.01422	0.02240	0.01379	0.16903	0.56351	0.00733	0.01177	0.00586	0.00304	0.00472
5	0.01888	0.01075	0.01302	0.03943	0.01484	0.01103	0.00866	0.26755	0.07285	0.31404	0.03472	0.10998	0.01554	0.00913	0.03168	0.00198	0.00528	0.00660	0.00572	0.00830
6	0.01456	0.35358	0.08659	0.03055	0.01554	0.04151	0.01056	0.11826	0.07597	0.03119	0.01052	0.01274	0.00892	0.04722	0.00750	0.00175	0.11845	0.00419	0.00318	0.00720
7	0.00797	0.00525	0.00681	0.00742	0.00829	0.00479	0.00518	0.00928	0.01172	0.06621	0.14182	0.56562	0.10871	0.01519	0.00673	0.00207	0.00313	0.01360	0.00531	0.00488
8	0.00896	0.00539	0.00706	0.00759	0.00836	0.00499	0.00518	0.00998	0.01092	0.10392	0.05771	0.57797	0.03186	0.12142	0.00954	0.00254	0.00360	0.01307	0.00506	0.00488
9	0.04966	0.28883	0.01965	0.15551	0.01913	0.25530	0.01061	0.04464	0.01278	0.01473	0.00853	0.01056	0.00715	0.00533	0.00491	0.00142	0.03550	0.00361	0.00270	0.04945
10	0.00782	0.00524	0.00598	0.00608	0.00610	0.00522	0.00345	0.00790	0.00813	0.01084	0.01822	0.09776	0.02113	0.74454	0.02607	0.00504	0.00511	0.00854	0.00345	0.00339
11	0.05034	0.01137	0.01567	0.23765	0.02192	0.04546	0.06919	0.05313	0.04042	0.17124	0.01235	0.01430	0.00908	0.00608	0.00679	0.00170	0.10498	0.00478	0.00375	0.11981
12	0.43900	0.01404	0.01172	0.05768	0.01474	0.14456	0.00829	0.16312	0.03898	0.04799	0.00987	0.01089	0.00744	0.00560	0.00431	0.00164	0.00572	0.00374	0.00381	0.00684
13	0.01359	0.01190	0.01914	0.18175	0.48327	0.01253	0.01484	0.01832	0.10408	0.06842	0.01235	0.01488	0.00966	0.00541	0.00543	0.00169	0.00625	0.00506	0.00326	0.00816

[dist]
# distance from previous block
# <min> <max>
0	3

[block]
# block no. 3 follows, 44 sequences, length 22
# corresponding to MSA columns:
# 82-103
name=unknown_D
#
# <colnr> <probs for GDERKNQSTAVLIFYWHMCP>
#	G	D	E	R	K	N	Q	S	T	A	V	L	I	F	Y	W	H	M	C	P
0	0.01069	0.01011	0.01696	0.68589	0.11221	0.01238	0.01518	0.01418	0.01095	0.01430	0.00965	0.01432	0.00740	0.00555	0.00594	0.00182	0.03884	0.00484	0.00245	0.00632
1	0.28447	0.00968	0.01119	0.00890	0.01285	0.00935	0.00735	0.02324	0.01360	0.53989	0.01711	0.01549	0.01110	0.00621	0.00482	0.00169	0.00451	0.00468	0.00568	0.00821
2	0.00718	0.00555	0.00655	0.00630	0.00782	0.00492	0.00472	0.00925	0.01417	0.01886	0.47044	0.04566	0.35439	0.01226	0.00644	0.00177	0.00265	0.01055	0.00561	0.00492
3	0.01131	0.10858	0.70305	0.01490	0.02261	0.01358	0.01903	0.01717	0.01147	0.01681	0.00956	0.01123	0.00692	0.00513	0.00501	0.00167	0.00783	0.00391	0.00231	0.00795
4	0.00663	0.00479	0.00628	0.00748	0.00788	0.00444	0.00501	0.00760	0.01054	0.01396	0.03137	0.76542	0.07463	0.01691	0.00693	0.00219	0.00314	0.01529	0.00506	0.00444
5	0.84691	0.01054	0.00801	0.00717	0.01054	0.01223	0.00590	0.01603	0.00928	0.02446	0.00759	0.00886	0.00590	0.00506	0.00337	0.00169	0.00422	0.00295	0.00337	0.00590
6	0.01738	0.01097	0.01238	0.01029	0.01370	0.01169	0.00824	0.18572	0.30443	0.22039	0.05027	0.01912	0.01537	0.00709	0.00538	0.00170	0.00452	0.00576	0.08714	0.00845
7	0.82846	0.01157	0.00912	0.00823	0.01168	0.01300	0.00658	0.01701	0.01027	0.02565	0.00915	0.01101	0.00739	0.00607	0.00406	0.00196	0.00474	0.00348	0.00388	0.00669
8	0.01144	0.00629	0.00648	0.00638	0.00777	0.00603	0.00467	0.01352	0.01278	0.02177	0.09643	0.02429	0.01911	0.00782	0.00476	0.00160	0.00311	0.00605	0.73381	0.00589
9	0.82846	0.01157	0.00912	0.00823	0.01168	0.01300	0.00658	0.01701	0.01027	0.02565	0.00915	0.01101	0.00739	0.00607	0.00406	0.00196	0.00474	0.00348	0.00388	0.00669
10	0.01365	0.00857	0.01057	0.00886	0.01181	0.00722	0.00677	0.01557	0.01501	0.17543	0.36779	0.05652	0.03171	0.00938	0.00622	0.00175	0.00398	0.00771	0.00581	0.23567
11	0.02565	0.01034	0.01365	0.01070	0.01497	0.00889	0.00863	0.02730	0.01644	0.76136	0.02274	0.02047	0.01480	0.00772	0.00612	0.00196	0.00515	0.00595	0.00717	0.00998
12	0.65327	0.01166	0.01033	0.00894	0.01257	0.01263	0.00716	0.06245	0.01221	0.14197	0.01162	0.01275	0.00875	0.00642	0.00451	0.00196	0.00491	0.00398	0.00452	0.00741
13	0.00975	0.00698	0.00918	0.01035	0.01146	0.00667	0.00834	0.01136	0.01287	0.01703	0.03025	0.27071	0.03356	0.01640	0.00796	0.00268	0.00501	0.51829	0.00550	0.00566
14	0.63957	0.01047	0.00933	0.00792	0.01152	0.01153	0.00653	0.04856	0.01128	0.18387	0.01075	0.01108	0.00764	0.00548	0.00390	0.00168	0.00438	0.00357	0.00417	0.00675
15	0.00696	0.00488	0.00623	0.00718	0.00742	0.00464	0.00462	0.00767	0.00981	0.01309	0.02685	0.61370	0.03202	0.21373	0.01212	0.00298	0.00369	0.01362	0.00462	0.00415
16	0.01332	0.00870	0.01108	0.00963	0.01141	0.00967	0.00747	0.14841	0.01269	0.13822	0.01512	0.02150	0.01343	0.19607	0.26066	0.00481	0.10171	0.00595	0.00401	0.00615
17	0.00789	0.00572	0.00820	0.13724	0.01300	0.00582	0.00683	0.00932	0.01070	0.04167	0.02639	0.64630	0.03050	0.01479	0.00666	0.00213	0.00389	0.01338	0.00469	0.00487
18	0.00686	0.00490	0.00658	0.00784	0.00825	0.00462	0.00544	0.00797	0.01065	0.01416	0.02993	0.72858	0.03558	0.01687	0.00702	0.00224	0.00335	0.08959	0.00506	0.00449
19	0.84691	0.01054	0.00801	0.00717	0.01054	0.01223	0.00590	0.01603	0.00928	0.02446	0.00759	0.00886	0.00590	0.00506	0.00337	0.00169	0.00422	0.00295	0.00337	0.00590
20	0.00664	0.00474	0.00633	0.00759	0.00791	0.00443	0.00506	0.00759	0.01044	0.01392	0.03005	0.80485	0.03606	0.01708	0.00696	0.00221	0.00316	0.01550	0.00506	0.00443
21	0.01713	0.09087	0.03195	0.01272	0.03194	0.21776	0.04143	0.05328	0.28087	0.12438	0.01539	0.01517	0.01151	0.00638	0.00549	0.00164	0.02494	0.00492	0.00437	0.00785

[dist]
# distance from previous block
# <min> <max>
2	3

[block]
# block no. 4 follows, 44 sequences, length 23
# corresponding to MSA columns:
# 107-129
name=unknown_E
#
# <colnr> <probs for GDERKNQSTAVLIFYWHMCP>
#	G	D	E	R	K	N	Q	S	T	A	V	L	I	F	Y	W	H	M	C	P
0	0.00662	0.00485	0.00622	0.00731	0.00783	0.00445	0.00494	0.00762	0.01071	0.01403	0.03347	0.70267	0.13602	0.01664	0.00689	0.00216	0.00311	0.01496	0.00506	0.00445
1	0.01356	0.01171	0.01233	0.01109	0.01418	0.01356	0.00863	0.02897	0.76455	0.02281	0.02219	0.02034	0.01664	0.00740	0.00555	0.00185	0.00431	0.00616	0.00555	0.00863
2	0.01458	0.81168	0.02857	0.00933	0.01399	0.02157	0.00933	0.01632	0.01108	0.01283	0.00758	0.00875	0.00700	0.00466	0.00350	0.00117	0.00583	0.00292	0.00233	0.00700
3	0.00685	0.00578	0.00598	0.00599	0.00782	0.00501	0.00457	0.00881	0.03852	0.01533	0.07750	0.05141	0.68385	0.01356	0.00647	0.00187	0.00292	0.04786	0.00511	0.00478
4	0.02229	0.00993	0.01280	0.00984	0.01397	0.00902	0.00809	0.12333	0.01668	0.59206	0.05743	0.01848	0.01450	0.00677	0.00544	0.00163	0.00468	0.00548	0.00631	0.06129
5	0.01474	0.00984	0.01270	0.00924	0.01396	0.00779	0.04456	0.01720	0.01248	0.21203	0.01278	0.01333	0.00947	0.00476	0.00453	0.00108	0.00445	0.00397	0.00410	0.58700
6	0.00772	0.00557	0.00729	0.00686	0.00814	0.00514	0.00514	0.01029	0.01543	0.02186	0.77152	0.04072	0.05144	0.01115	0.00643	0.00171	0.00257	0.00986	0.00600	0.00514
7	0.00831	0.00594	0.00824	0.00950	0.01055	0.00587	0.00797	0.01048	0.01209	0.01579	0.02913	0.22491	0.03240	0.01550	0.00740	0.00244	0.00461	0.57894	0.00503	0.00489
8	0.01139	0.00977	0.01134	0.00819	0.01297	0.00750	0.00654	0.01430	0.03941	0.01795	0.01016	0.01164	0.00839	0.00416	0.00409	0.00085	0.00405	0.00334	0.00332	0.81064
9	0.02446	0.00928	0.01265	0.00970	0.01392	0.00801	0.00801	0.02657	0.01560	0.77817	0.02151	0.01856	0.01350	0.00675	0.00548	0.00169	0.00464	0.00548	0.00675	0.00928
10	0.00664	0.00474	0.00633	0.00759	0.00791	0.00443	0.00506	0.00759	0.01044	0.01392	0.03005	0.80485	0.03606	0.01708	0.00696	0.00221	0.00316	0.01550	0.00506	0.00443
11	0.01268	0.01212	0.02066	0.22694	0.58726	0.01274	0.01633	0.01602	0.01203	0.01683	0.01011	0.01376	0.00829	0.00501	0.00541	0.00167	0.00668	0.00485	0.00263	0.00798
12	0.01122	0.01092	0.01673	0.38084	0.05201	0.01442	0.01360	0.01363	0.00969	0.01366	0.00845	0.01320	0.00726	0.00746	0.01162	0.00209	0.39988	0.00481	0.00241	0.00610
13	0.02037	0.02598	0.01545	0.01404	0.01685	0.78652	0.01053	0.02177	0.01545	0.01334	0.00843	0.00983	0.00702	0.00562	0.00492	0.00140	0.00983	0.00351	0.00281	0.00632
14	0.00671	0.00480	0.00628	0.00743	0.00777	0.00448	0.00493	0.00762	0.01035	0.01374	0.03003	0.73700	0.05678	0.06398	0.00818	0.00239	0.00328	0.01493	0.00496	0.00437
15	0.01285	0.01230	0.02097	0.18599	0.62687	0.01278	0.01641	0.01617	0.01211	0.01703	0.01014	0.01370	0.00836	0.00498	0.00541	0.00166	0.00664	0.00485	0.00264	0.00812
16	0.01056	0.00982	0.01641	0.60154	0.15062	0.01159	0.01445	0.01403	0.01156	0.01528	0.08129	0.01683	0.01163	0.00589	0.00553	0.00178	0.00670	0.00532	0.00280	0.00638
17	0.02037	0.02598	0.01545	0.01404	0.01685	0.78652	0.01053	0.02177	0.01545	0.01334	0.00843	0.00983	0.00702	0.00562	0.00492	0.00140	0.00983	0.00351	0.00281	0.00632
18	0.01203	0.01134	0.01914	0.21163	0.52113	0.01188	0.01516	0.01513	0.01185	0.01649	0.01215	0.09467	0.01112	0.00625	0.00557	0.00173	0.00633	0.00594	0.00287	0.00759
19	0.06275	0.01055	0.02855	0.13870	0.01805	0.00965	0.04963	0.06811	0.03729	0.09958	0.03299	0.03564	0.01070	0.00551	0.00483	0.00135	0.00509	0.00464	0.00379	0.37260
20	0.01275	0.00855	0.01087	0.00936	0.01125	0.00930	0.00747	0.07460	0.05432	0.14739	0.31821	0.02774	0.07105	0.00947	0.00833	0.00183	0.16264	0.00740	0.04099	0.00648
21	0.00711	0.00518	0.00667	0.00773	0.00820	0.00501	0.00520	0.00888	0.05512	0.01430	0.02903	0.72527	0.03421	0.05044	0.00777	0.00232	0.00332	0.01462	0.00501	0.00463
22	0.24834	0.01266	0.01434	0.05953	0.15560	0.07237	0.03072	0.10639	0.01305	0.03510	0.00972	0.01155	0.00767	0.00517	0.00481	0.00149	0.02236	0.00394	0.00340	0.18179

[dist]
# distance from previous block
# <min> <max>
0	11

[block]
# block no. 5 follows, 44 sequences, length 13
# corresponding to MSA columns:
# 141-153
name=unknown_F
#
# <colnr> <probs for GDERKNQSTAVLIFYWHMCP>
#	G	D	E	R	K	N	Q	S	T	A	V	L	I	F	Y	W	H	M	C	P
0	0.06510	0.01205	0.01937	0.18456	0.52247	0.01278	0.01515	0.01700	0.06608	0.01780	0.01083	0.01391	0.00876	0.00517	0.00529	0.00168	0.00634	0.00483	0.00289	0.00794
1	0.01685	0.01265	0.01398	0.01396	0.11647	0.10755	0.00987	0.16978	0.11416	0.16552	0.03946	0.02148	0.01471	0.00900	0.04152	0.00206	0.00614	0.08577	0.03123	0.00781
2	0.00801	0.00615	0.00778	0.00775	0.00936	0.00528	0.00555	0.00950	0.01105	0.01551	0.07111	0.52330	0.02947	0.01319	0.00617	0.00182	0.00342	0.03482	0.00463	0.22613
3	0.01274	0.01219	0.02077	0.21204	0.60168	0.01276	0.01636	0.01607	0.01206	0.01690	0.01012	0.01374	0.00831	0.00500	0.00541	0.00167	0.00666	0.00485	0.00263	0.00803
4	0.01205	0.00938	0.01114	0.01021	0.01221	0.01066	0.00796	0.03481	0.33235	0.07371	0.08112	0.15011	0.04506	0.01164	0.04865	0.00233	0.10774	0.02689	0.00501	0.00697
5	0.02193	0.01114	0.01358	0.01050	0.01456	0.01096	0.00864	0.28411	0.01915	0.45997	0.07253	0.01821	0.01473	0.00699	0.00554	0.00167	0.00497	0.00559	0.00624	0.00898
6	0.01035	0.01084	0.02090	0.01567	0.01942	0.01017	0.42093	0.01365	0.01291	0.01707	0.11739	0.02871	0.23388	0.00823	0.00682	0.00184	0.03292	0.00826	0.00381	0.00624
7	0.00680	0.00487	0.00647	0.00748	0.00794	0.00454	0.00507	0.00799	0.01118	0.01510	0.14082	0.69069	0.03836	0.01619	0.00688	0.00214	0.00307	0.01466	0.00520	0.00454
8	0.01046	0.00979	0.01133	0.01058	0.01157	0.10678	0.00837	0.01219	0.00962	0.01321	0.01219	0.01765	0.01127	0.02738	0.46887	0.00597	0.20100	0.00526	0.04120	0.00532
9	0.00947	0.00473	0.00710	0.00710	0.00710	0.00473	0.00473	0.00710	0.00710	0.00947	0.00947	0.01657	0.00947	0.01894	0.02131	0.84138	0.00473	0.00473	0.00237	0.00237
10	0.08703	0.02178	0.01489	0.01355	0.03687	0.54154	0.01013	0.11372	0.06020	0.03627	0.01012	0.01109	0.00798	0.00580	0.00492	0.00150	0.00835	0.00388	0.00344	0.00693
11	0.01830	0.02182	0.01416	0.01373	0.05971	0.61411	0.00981	0.02000	0.01462	0.01474	0.01005	0.01175	0.00825	0.00569	0.00476	0.00140	0.00845	0.00385	0.13854	0.00626
12	0.04965	0.02957	0.13377	0.09237	0.09092	0.02681	0.10664	0.05989	0.01290	0.09324	0.02522	0.03818	0.01000	0.00554	0.00513	0.00151	0.00615	0.00488	0.00346	0.20417

[dist]
# distance from previous block
# <min> <max>
0	1

[block]
# block no. 6 follows, 44 sequences, length 7
# corresponding to MSA columns:
# 155-161
name=unknown_G
#
# <colnr> <probs for GDERKNQSTAVLIFYWHMCP>
#	G	D	E	R	K	N	Q	S	T	A	V	L	I	F	Y	W	H	M	C	P
0	0.05973	0.31519	0.06026	0.01167	0.04125	0.06654	0.06417	0.01951	0.01303	0.23854	0.05104	0.01407	0.01125	0.00572	0.00469	0.00148	0.00589	0.00444	0.00394	0.00761
1	0.01270	0.01422	0.02947	0.02147	0.02602	0.01429	0.62509	0.01671	0.01208	0.01671	0.01035	0.01422	0.00808	0.00546	0.00843	0.00193	0.14682	0.00614	0.00269	0.00711
2	0.00739	0.00551	0.00623	0.00646	0.00797	0.00479	0.00477	0.00879	0.01220	0.04638	0.07901	0.24045	0.49207	0.01427	0.00658	0.00195	0.00302	0.04217	0.00517	0.00479
3	0.01650	0.03459	0.05757	0.14828	0.25865	0.08772	0.01306	0.07204	0.04975	0.18856	0.01318	0.01451	0.00963	0.00571	0.00533	0.00165	0.00645	0.00484	0.00387	0.00810
4	0.06810	0.01230	0.01472	0.01150	0.01562	0.03983	0.05388	0.23996	0.09743	0.36309	0.01721	0.01604	0.01161	0.00649	0.00540	0.00169	0.00544	0.00523	0.00567	0.00879
5	0.00698	0.00499	0.00668	0.00777	0.00828	0.00469	0.00545	0.00825	0.01118	0.01499	0.10728	0.64842	0.03718	0.01625	0.00696	0.00219	0.00329	0.08943	0.00515	0.00456
6	0.05129	0.01700	0.01631	0.05724	0.19409	0.29675	0.01152	0.10096	0.01541	0.16980	0.01201	0.01299	0.00891	0.00574	0.00517	0.00157	0.00724	0.00442	0.00386	0.00774

[dist]
# distance from previous block
# <min> <max>
0	2

[block]
# block no. 7 follows, 44 sequences, length 29
# corresponding to MSA columns:
# 164-192
name=unknown_H
#
# <colnr> <probs for GDERKNQSTAVLIFYWHMCP>
#	G	D	E	R	K	N	Q	S	T	A	V	L	I	F	Y	W	H	M	C	P
0	0.01114	0.00969	0.01215	0.14038	0.01706	0.00808	0.00792	0.01376	0.01124	0.01712	0.00969	0.01185	0.00794	0.00427	0.00427	0.00098	0.00458	0.00350	0.00309	0.70129
1	0.01119	0.00976	0.01216	0.11657	0.01635	0.00822	0.00782	0.01374	0.01116	0.01710	0.00961	0.01177	0.00794	0.00440	0.00465	0.00099	0.02870	0.00350	0.00309	0.70128
2	0.00792	0.00533	0.00615	0.00615	0.00622	0.00540	0.00356	0.00806	0.00799	0.01072	0.01699	0.03463	0.01937	0.75217	0.08336	0.00554	0.00597	0.00778	0.00328	0.00342
3	0.01458	0.81168	0.02857	0.00933	0.01399	0.02157	0.00933	0.01632	0.01108	0.01283	0.00758	0.00875	0.00700	0.00466	0.00350	0.00117	0.00583	0.00292	0.00233	0.00700
4	0.00732	0.00524	0.00655	0.00685	0.00750	0.00500	0.00463	0.00853	0.01116	0.01511	0.22289	0.28851	0.09876	0.22736	0.05698	0.00324	0.00419	0.01110	0.00472	0.00436
5	0.00764	0.00557	0.00718	0.00678	0.00810	0.00511	0.00509	0.01014	0.01526	0.02145	0.72980	0.04141	0.09342	0.01130	0.00643	0.00172	0.00258	0.00996	0.00595	0.00511
6	0.00701	0.00551	0.00633	0.00620	0.00773	0.00483	0.00462	0.00890	0.01366	0.01783	0.36870	0.07916	0.42453	0.01278	0.00646	0.00180	0.00270	0.01095	0.00547	0.00483
7	0.02446	0.00928	0.01265	0.00970	0.01392	0.00801	0.00801	0.02657	0.01560	0.77817	0.02151	0.01856	0.01350	0.00675	0.00548	0.00169	0.00464	0.00548	0.00675	0.00928
8	0.06762	0.01023	0.01227	0.01006	0.01382	0.01026	0.00812	0.02683	0.28652	0.46139	0.02096	0.01865	0.01420	0.00689	0.00539	0.00175	0.00450	0.00558	0.00612	0.00885
9	0.01458	0.81168	0.02857	0.00933	0.01399	0.02157	0.00933	0.01632	0.01108	0.01283	0.00758	0.00875	0.00700	0.00466	0.00350	0.00117	0.00583	0.00292	0.00233	0.00700
10	0.00772	0.00557	0.00729	0.00686	0.00814	0.00514	0.00514	0.01029	0.01543	0.02186	0.77152	0.04072	0.05144	0.01115	0.00643	0.00171	0.00257	0.00986	0.00600	0.00514
11	0.00772	0.00557	0.00729	0.00686	0.00814	0.00514	0.00514	0.01029	0.01543	0.02186	0.77152	0.04072	0.05144	0.01115	0.00643	0.00171	0.00257	0.00986	0.00600	0.00514
12	0.00779	0.00584	0.00876	0.00876	0.00974	0.00681	0.00681	0.00974	0.00876	0.01266	0.01460	0.02142	0.01363	0.04089	0.78680	0.00876	0.01460	0.00584	0.00292	0.00487
13	0.00683	0.00539	0.00619	0.00649	0.00784	0.00474	0.00479	0.00837	0.01246	0.01582	0.16809	0.23212	0.43303	0.01422	0.00662	0.00195	0.00295	0.05219	0.00522	0.00467
14	0.01116	0.02495	0.62329	0.04678	0.02419	0.01250	0.10575	0.01698	0.01164	0.01718	0.00992	0.01200	0.00714	0.00506	0.00528	0.00170	0.00796	0.00430	0.00241	0.04983
15	0.01219	0.09122	0.64152	0.01489	0.02213	0.09227	0.01829	0.01765	0.01188	0.01651	0.00947	0.01112	0.00693	0.00518	0.00502	0.00165	0.00806	0.00389	0.00236	0.00779
16	0.05459	0.01340	0.01412	0.01145	0.01523	0.01496	0.00927	0.45527	0.25277	0.02922	0.01807	0.01740	0.05510	0.00716	0.00545	0.00172	0.00521	0.00559	0.00537	0.00865
17	0.00907	0.00587	0.00772	0.00709	0.00861	0.00538	0.00538	0.01160	0.01545	0.08292	0.71097	0.03893	0.04838	0.01079	0.00635	0.00171	0.00274	0.00951	0.00606	0.00548
18	0.30367	0.02843	0.04649	0.03938	0.01456	0.01048	0.05042	0.04156	0.01176	0.12665	0.01093	0.01199	0.00815	0.00505	0.00428	0.00142	0.00486	0.00382	0.02120	0.25490
19	0.01288	0.01268	0.05698	0.01276	0.01647	0.01226	0.10957	0.11000	0.01256	0.01856	0.00962	0.01217	0.00794	0.00600	0.00840	0.00153	0.22292	0.00434	0.00317	0.34918
20	0.00676	0.00479	0.00629	0.00744	0.00773	0.00450	0.00490	0.00762	0.01021	0.01362	0.02890	0.73601	0.03460	0.08789	0.00882	0.00249	0.00335	0.01482	0.00490	0.00433
21	0.00722	0.00538	0.00671	0.00675	0.00793	0.00487	0.00492	0.00918	0.01370	0.01863	0.46005	0.21377	0.19479	0.01301	0.00655	0.00185	0.00274	0.01145	0.00560	0.00487
22	0.10439	0.02956	0.05856	0.03221	0.03338	0.04255	0.03838	0.25143	0.11651	0.17938	0.01544	0.01670	0.01138	0.00663	0.00531	0.00172	0.00569	0.03763	0.00491	0.00825
23	0.02192	0.00984	0.01258	0.01002	0.01398	0.00930	0.00816	0.02713	0.18995	0.60233	0.02167	0.01897	0.01423	0.00690	0.00550	0.00172	0.00456	0.00564	0.00647	0.00913
24	0.00866	0.00619	0.00864	0.00990	0.01110	0.00617	0.00857	0.01108	0.01243	0.01618	0.02893	0.10479	0.03165	0.01518	0.00750	0.00249	0.00491	0.69564	0.00502	0.00499
25	0.01277	0.25555	0.43073	0.01279	0.01898	0.01496	0.01491	0.07371	0.01264	0.03286	0.03420	0.04220	0.00976	0.00581	0.00482	0.00157	0.00681	0.00442	0.00287	0.00763
26	0.01970	0.01098	0.05886	0.01178	0.06409	0.00964	0.00931	0.07481	0.10671	0.46627	0.03991	0.05447	0.01493	0.00796	0.02315	0.00189	0.00512	0.00598	0.00580	0.00865
27	0.00683	0.00488	0.00654	0.00780	0.00820	0.00459	0.00538	0.00791	0.01062	0.01413	0.02995	0.74017	0.03565	0.01690	0.00701	0.00224	0.00332	0.07833	0.00506	0.00448
28	0.01148	0.00631	0.00831	0.00766	0.00949	0.00574	0.00590	0.01370	0.01439	0.19068	0.41156	0.13840	0.05548	0.01101	0.00623	0.00180	0.00325	0.04949	0.04316	0.00596

[dist]
# distance from previous block
# <min> <max>
0	1

[block]
# block no. 8 follows, 44 sequences, length 30
# corresponding to MSA columns:
# 196-225
name=unknown_I
#
# <colnr> <probs for GDERKNQSTAVLIFYWHMCP>
#	G	D	E	R	K	N	Q	S	T	A	V	L	I	F	Y	W	H	M	C	P
0	0.25324	0.01119	0.01295	0.01166	0.08016	0.01146	0.00867	0.17335	0.01562	0.34684	0.01488	0.01427	0.01007	0.00607	0.00488	0.00167	0.00496	0.00460	0.00518	0.00827
1	0.01354	0.38568	0.23794	0.01154	0.01710	0.05806	0.02705	0.04061	0.01198	0.01564	0.00881	0.01023	0.00723	0.00483	0.00425	0.00131	0.00648	0.00345	0.00259	0.13167
2	0.01480	0.37282	0.13177	0.11857	0.01928	0.17590	0.01194	0.03999	0.04140	0.01476	0.00909	0.01073	0.00746	0.00520	0.00444	0.00143	0.00712	0.00365	0.00266	0.00701
3	0.74566	0.01080	0.00866	0.00769	0.01107	0.01250	0.00629	0.04036	0.07812	0.02462	0.00908	0.01003	0.00698	0.00532	0.00364	0.00170	0.00428	0.00330	0.00364	0.00626
4	0.00955	0.00598	0.00762	0.00701	0.00867	0.00540	0.00529	0.01177	0.01464	0.11269	0.53174	0.06440	0.14727	0.03516	0.00697	0.00185	0.00295	0.00968	0.00585	0.00549
5	0.00754	0.00557	0.00705	0.00668	0.00804	0.00507	0.00501	0.00995	0.01502	0.02089	0.67398	0.04232	0.14959	0.01151	0.00643	0.00173	0.00260	0.01008	0.00587	0.00507
6	0.00662	0.00481	0.00625	0.00740	0.00786	0.00444	0.00498	0.00761	0.01062	0.01399	0.03233	0.73677	0.10266	0.01678	0.00691	0.00218	0.00313	0.01514	0.00506	0.00444
7	0.00664	0.00474	0.00633	0.00759	0.00791	0.00443	0.00506	0.00759	0.01044	0.01392	0.03005	0.80485	0.03606	0.01708	0.00696	0.00221	0.00316	0.01550	0.00506	0.00443
8	0.82121	0.01050	0.00816	0.00725	0.01065	0.01210	0.00597	0.01636	0.00948	0.04801	0.00803	0.00916	0.00614	0.00511	0.00344	0.00169	0.00423	0.00303	0.00348	0.00601
9	0.00779	0.00584	0.00876	0.00876	0.00974	0.00681	0.00681	0.00974	0.00876	0.01266	0.01460	0.02142	0.01363	0.04089	0.78680	0.00876	0.01460	0.00584	0.00292	0.00487
10	0.01287	0.01471	0.03217	0.02298	0.02849	0.01379	0.75460	0.01746	0.01287	0.01746	0.01103	0.01471	0.00827	0.00460	0.00643	0.00184	0.00919	0.00643	0.00276	0.00735
11	0.00671	0.00507	0.00620	0.00691	0.00778	0.00456	0.00480	0.00797	0.01159	0.01507	0.12277	0.49917	0.25075	0.01545	0.00675	0.00205	0.00298	0.01369	0.00517	0.00456
12	0.01030	0.00969	0.01635	0.79530	0.03755	0.01211	0.01514	0.01393	0.01090	0.01393	0.00969	0.01453	0.00727	0.00545	0.00545	0.00182	0.00727	0.00484	0.00242	0.00606
13	0.02019	0.01493	0.01762	0.01335	0.01781	0.01620	0.07758	0.65473	0.02400	0.06815	0.01330	0.01349	0.00938	0.00638	0.00554	0.00166	0.00622	0.00507	0.00527	0.00910
14	0.01250	0.00965	0.01143	0.00822	0.01301	0.00733	0.00660	0.01489	0.01169	0.08656	0.01076	0.01196	0.00857	0.00428	0.00417	0.00089	0.00409	0.00343	0.00355	0.76642
15	0.01106	0.05601	0.75347	0.01532	0.02325	0.01298	0.01976	0.01723	0.01149	0.01711	0.00971	0.01141	0.00691	0.00516	0.00512	0.00171	0.00798	0.00399	0.00230	0.00802
16	0.02446	0.00928	0.01265	0.00970	0.01392	0.00801	0.00801	0.02657	0.01560	0.77817	0.02151	0.01856	0.01350	0.00675	0.00548	0.00169	0.00464	0.00548	0.00675	0.00928
17	0.01296	0.32332	0.02132	0.01237	0.01419	0.01860	0.01092	0.01437	0.00941	0.01301	0.00732	0.01069	0.00709	0.00764	0.01229	0.00191	0.48983	0.00405	0.00236	0.00637
18	0.01197	0.01605	0.20344	0.10596	0.28737	0.01245	0.16547	0.01660	0.04077	0.01716	0.01259	0.04503	0.02866	0.00574	0.00565	0.00175	0.00718	0.00560	0.00285	0.00770
19	0.01026	0.00672	0.00974	0.03692	0.10914	0.00641	0.00747	0.01194	0.01190	0.11939	0.08358	0.47712	0.02949	0.01316	0.00649	0.00203	0.00396	0.04355	0.00497	0.00577
20	0.00793	0.00529	0.00595	0.00595	0.00595	0.00529	0.00330	0.00793	0.00793	0.01057	0.01718	0.03568	0.01982	0.80840	0.02775	0.00529	0.00529	0.00793	0.00330	0.00330
21	0.00947	0.00473	0.00710	0.00710	0.00710	0.00473	0.00473	0.00710	0.00710	0.00947	0.00947	0.01657	0.00947	0.01894	0.02131	0.84138	0.00473	0.00473	0.00237	0.00237
22	0.01155	0.14654	0.55740	0.08575	0.04111	0.01402	0.03764	0.01681	0.01145	0.01630	0.00948	0.01149	0.00703	0.00510	0.00498	0.00165	0.00764	0.00401	0.00234	0.00771
23	0.00982	0.00669	0.00940	0.03077	0.01150	0.00656	0.03577	0.05566	0.01247	0.07431	0.02675	0.42707	0.02950	0.01427	0.00686	0.00220	0.00433	0.22561	0.00504	0.00542
24	0.01060	0.00590	0.00621	0.00587	0.00737	0.00596	0.00447	0.06695	0.01302	0.02156	0.12025	0.02258	0.01874	0.00702	0.00429	0.00136	0.00280	0.00572	0.66393	0.00540
25	0.15907	0.12560	0.15300	0.07646	0.01728	0.04167	0.03053	0.01623	0.01135	0.05741	0.00965	0.01124	0.00751	0.00485	0.00435	0.00136	0.00571	0.00363	0.00305	0.26005
26	0.02991	0.09579	0.25892	0.16377	0.07382	0.01245	0.07547	0.03310	0.01254	0.10414	0.06376	0.01575	0.02529	0.00588	0.00530	0.00168	0.00668	0.00503	0.00330	0.00741
27	0.01205	0.00687	0.00896	0.00812	0.01007	0.00655	0.00635	0.03270	0.03216	0.19038	0.33076	0.03499	0.06060	0.07817	0.07863	0.00273	0.00474	0.08364	0.00551	0.00606
28	0.00793	0.00529	0.00595	0.00595	0.00595	0.00529	0.00330	0.00793	0.00793	0.01057	0.01718	0.03568	0.01982	0.80840	0.02775	0.00529	0.00529	0.00793	0.00330	0.00330
29	0.02729	0.17695	0.06186	0.04933	0.05414	0.02682	0.04495	0.01647	0.10240	0.03097	0.08653	0.02881	0.01376	0.02252	0.00631	0.00157	0.06774	0.00499	0.00348	0.17312

[dist]
# distance from previous block
# <min> <max>
0	1

[block]
# block no. 9 follows, 44 sequences, length 26
# corresponding to MSA columns:
# 227-252
name=unknown_J
#
# <colnr> <probs for GDERKNQSTAVLIFYWHMCP>
#	G	D	E	R	K	N	Q	S	T	A	V	L	I	F	Y	W	H	M	C	P
0	0.00713	0.00578	0.00669	0.00690	0.03211	0.00506	0.00490	0.00900	0.01351	0.01740	0.31217	0.04699	0.48785	0.01256	0.00641	0.00179	0.00281	0.01070	0.00533	0.00493
1	0.01071	0.04544	0.68603	0.01454	0.02185	0.01215	0.01841	0.01656	0.01188	0.01760	0.08411	0.01429	0.01126	0.00575	0.00526	0.00171	0.00747	0.00457	0.00266	0.00775
2	0.01349	0.01295	0.02213	0.03346	0.77440	0.01295	0.01673	0.01673	0.01241	0.01781	0.01025	0.01349	0.00864	0.00486	0.00540	0.00162	0.00648	0.00486	0.00270	0.00864
3	0.00753	0.00557	0.00702	0.00666	0.00803	0.00506	0.00499	0.00992	0.01498	0.02080	0.66495	0.04247	0.15867	0.01154	0.00643	0.00173	0.00260	0.01010	0.00586	0.00506
4	0.01231	0.00966	0.01178	0.06441	0.01476	0.00767	0.00721	0.01479	0.01163	0.07954	0.01065	0.01213	0.00846	0.00436	0.00426	0.00095	0.00432	0.00353	0.00346	0.71414
5	0.01143	0.01125	0.01659	0.25235	0.02139	0.01530	0.01291	0.01337	0.00913	0.01337	0.00793	0.01272	0.00719	0.00829	0.01410	0.00221	0.55729	0.00479	0.00240	0.00599
6	0.03395	0.06250	0.65140	0.01575	0.02328	0.01317	0.09113	0.01721	0.01156	0.01728	0.00974	0.01162	0.00702	0.00510	0.00518	0.00171	0.00796	0.00418	0.00238	0.00788
7	0.01271	0.31686	0.09550	0.01237	0.01496	0.01785	0.01158	0.01464	0.00971	0.01340	0.00781	0.01097	0.00727	0.00824	0.03513	0.00206	0.39602	0.00403	0.00237	0.00653
8	0.00664	0.00474	0.00633	0.00759	0.00791	0.00443	0.00506	0.00759	0.01044	0.01392	0.03005	0.80485	0.03606	0.01708	0.00696	0.00221	0.00316	0.01550	0.00506	0.00443
9	0.01239	0.15288	0.01879	0.01343	0.01426	0.01756	0.01147	0.01368	0.00883	0.01307	0.00723	0.01137	0.00713	0.00868	0.01535	0.00217	0.65874	0.00444	0.00238	0.00615
10	0.01153	0.01037	0.02964	0.00900	0.01356	0.00822	0.02336	0.03674	0.01162	0.01793	0.01025	0.03298	0.00880	0.00478	0.00493	0.00099	0.04364	0.00378	0.00328	0.71460
11	0.01232	0.32703	0.49349	0.01317	0.01993	0.01606	0.01602	0.01691	0.01135	0.01557	0.00894	0.01046	0.00694	0.00498	0.00454	0.00151	0.00721	0.00360	0.00231	0.00765
12	0.00779	0.00582	0.00866	0.00866	0.00960	0.00676	0.00669	0.00967	0.00873	0.01258	0.01469	0.02192	0.01385	0.06774	0.76024	0.00864	0.01428	0.00591	0.00293	0.00481
13	0.04024	0.00941	0.01190	0.00933	0.01320	0.03187	0.00764	0.02484	0.01506	0.66468	0.02045	0.01826	0.01318	0.00664	0.00526	0.00164	0.00459	0.00533	0.08779	0.00871
14	0.00796	0.00569	0.00836	0.00836	0.00915	0.00648	0.00631	0.00932	0.00853	0.01217	0.01432	0.02216	0.01375	0.10442	0.64711	0.08976	0.01284	0.00591	0.00290	0.00449
15	0.01111	0.05735	0.67539	0.01456	0.02217	0.01249	0.01838	0.01688	0.01147	0.01714	0.00969	0.01138	0.00702	0.00505	0.00500	0.00161	0.00758	0.00391	0.00239	0.08942
16	0.01093	0.02820	0.78016	0.01554	0.02360	0.01266	0.02014	0.01727	0.01151	0.01727	0.00978	0.01151	0.00691	0.00518	0.00518	0.00173	0.00806	0.00403	0.00230	0.00806
17	0.01778	0.01352	0.01363	0.01148	0.01503	0.08886	0.00911	0.19815	0.38933	0.15474	0.01860	0.01731	0.01343	0.00691	0.00545	0.00173	0.00530	0.00549	0.00546	0.00867
18	0.01411	0.71146	0.12471	0.01012	0.01522	0.02043	0.01071	0.01644	0.01113	0.01339	0.00786	0.00910	0.00698	0.00473	0.00371	0.00124	0.00612	0.00306	0.00233	0.00713
19	0.00766	0.00560	0.00721	0.00690	0.00823	0.00515	0.00523	0.01013	0.01506	0.02103	0.67948	0.04263	0.10894	0.01154	0.00648	0.00176	0.00270	0.04330	0.00588	0.00509
20	0.00828	0.00630	0.00927	0.01019	0.07094	0.00700	0.00691	0.00994	0.00889	0.01265	0.01477	0.02366	0.01448	0.19350	0.56965	0.00748	0.01206	0.00618	0.00298	0.00486
21	0.00791	0.00712	0.00684	0.00673	0.00838	0.06810	0.00499	0.00955	0.01325	0.01633	0.22820	0.11264	0.46494	0.01277	0.00636	0.00181	0.00332	0.01080	0.00511	0.00486
22	0.00846	0.00528	0.00679	0.00740	0.00797	0.00497	0.00493	0.00929	0.01026	0.07506	0.02607	0.53088	0.03002	0.21670	0.01212	0.00296	0.00386	0.02768	0.00475	0.00455
23	0.01085	0.01006	0.01638	0.63907	0.10690	0.01214	0.01453	0.01526	0.07204	0.01492	0.01075	0.01495	0.00821	0.00586	0.00582	0.02128	0.00689	0.00495	0.00270	0.00643
24	0.01246	0.01178	0.01991	0.16557	0.58243	0.01217	0.01551	0.01572	0.01239	0.01746	0.07185	0.01588	0.01186	0.00547	0.00549	0.00166	0.00630	0.00526	0.00292	0.00790
25	0.01244	0.01189	0.01863	0.17794	0.49276	0.03580	0.01453	0.03636	0.01259	0.01701	0.01559	0.01827	0.10039	0.00612	0.00552	0.00168	0.00627	0.00562	0.00301	0.00759

[dist]
# distance from previous block
# <min> <max>
0	29

# created by:
# /st0/software/busco_prod/Augustus/scripts/msa2prfl.pl ./align_prep/175201.fa
