[name]
unknown

[dist]
# distance from previous block
# <min> <max>
0	209

[block]
# block no. 0 follows, 39 sequences, length 21
# corresponding to MSA columns:
# 257-277
name=unknown_A
#
# <colnr> <probs for GDERKNQSTAVLIFYWHMCP>
#	G	D	E	R	K	N	Q	S	T	A	V	L	I	F	Y	W	H	M	C	P
0	0.03517	0.24954	0.24885	0.01357	0.04617	0.07793	0.01352	0.01748	0.01246	0.04634	0.01266	0.06177	0.01130	0.01033	0.07553	0.00243	0.02699	0.02726	0.00313	0.00754
1	0.21529	0.05479	0.06733	0.10749	0.04564	0.06118	0.01036	0.07059	0.06225	0.05719	0.04327	0.04133	0.01301	0.03839	0.03051	0.00220	0.00634	0.02207	0.00401	0.04676
2	0.04023	0.03571	0.01329	0.01030	0.01391	0.02945	0.02285	0.16813	0.07376	0.08442	0.16418	0.06234	0.02168	0.03826	0.00668	0.00178	0.00492	0.00674	0.00519	0.19618
3	0.04777	0.01085	0.03457	0.00935	0.01273	0.01038	0.00763	0.20678	0.04607	0.04251	0.04462	0.05162	0.01498	0.04493	0.00631	0.00173	0.00463	0.00584	0.23236	0.16434
4	0.05013	0.08938	0.01288	0.04447	0.01333	0.01066	0.00791	0.09517	0.03524	0.14902	0.05483	0.10134	0.04117	0.05035	0.10265	0.00295	0.02161	0.00714	0.10276	0.00703
5	0.04050	0.00678	0.00840	0.00783	0.00928	0.00680	0.00600	0.01140	0.01526	0.02198	0.54330	0.04112	0.13997	0.01186	0.00773	0.00192	0.06518	0.00999	0.03909	0.00560
6	0.12067	0.12391	0.11772	0.04608	0.07868	0.05853	0.08982	0.07554	0.01445	0.16337	0.01268	0.01391	0.00930	0.00614	0.00603	0.00179	0.04426	0.00483	0.00397	0.00831
7	0.00707	0.00587	0.00618	0.00635	0.00810	0.00499	0.00467	0.00854	0.01328	0.01611	0.07884	0.15953	0.62939	0.01538	0.00707	0.00205	0.00305	0.01303	0.00552	0.00499
8	0.01581	0.79572	0.03099	0.01012	0.01518	0.02340	0.01012	0.01771	0.01202	0.01391	0.00822	0.00949	0.00759	0.00506	0.00379	0.00126	0.00632	0.00316	0.00253	0.00759
9	0.01525	0.01041	0.02932	0.01063	0.01418	0.00942	0.03190	0.01828	0.05518	0.20779	0.01871	0.11843	0.03281	0.04004	0.00817	0.00186	0.09070	0.00679	0.00480	0.27534
10	0.01186	0.03059	0.76153	0.01686	0.02560	0.01373	0.02185	0.01873	0.01249	0.01873	0.01061	0.01249	0.00749	0.00562	0.00562	0.00187	0.00874	0.00437	0.00250	0.00874
11	0.02519	0.01042	0.01417	0.01180	0.04894	0.00934	0.00917	0.02851	0.06574	0.67611	0.02282	0.02001	0.01463	0.00727	0.00595	0.00184	0.00510	0.00597	0.00703	0.00999
12	0.02397	0.00950	0.01290	0.01009	0.01421	0.00825	0.00825	0.02633	0.01690	0.65574	0.12600	0.02352	0.02044	0.00799	0.00609	0.00183	0.00472	0.00662	0.00721	0.00943
13	0.01440	0.01429	0.02582	0.05783	0.59815	0.01419	0.15083	0.01820	0.01350	0.01912	0.01126	0.01492	0.00925	0.00524	0.00607	0.00181	0.00760	0.00559	0.00293	0.00902
14	0.01471	0.01270	0.01337	0.01203	0.01538	0.01471	0.00936	0.03142	0.74459	0.02474	0.02407	0.02206	0.01805	0.00802	0.00602	0.00201	0.00468	0.00669	0.00602	0.00936
15	0.01027	0.00514	0.00770	0.00770	0.00770	0.00514	0.00514	0.00770	0.00770	0.01027	0.01027	0.01798	0.01027	0.02054	0.02311	0.82794	0.00514	0.00514	0.00257	0.00257
16	0.00760	0.00638	0.00667	0.00671	0.00867	0.00565	0.00509	0.01005	0.05590	0.01672	0.07280	0.08845	0.62618	0.01473	0.00701	0.00205	0.00322	0.04529	0.00555	0.00527
17	0.00846	0.00628	0.00923	0.00923	0.01019	0.00724	0.00705	0.01038	0.00942	0.01352	0.01609	0.02463	0.01539	0.11202	0.70189	0.00916	0.01493	0.00654	0.00321	0.00513
18	0.01226	0.01051	0.01226	0.00876	0.01401	0.00788	0.00701	0.01489	0.01226	0.01927	0.01051	0.01226	0.00876	0.00438	0.00438	0.00088	0.00438	0.00350	0.00350	0.82832
19	0.04467	0.00797	0.03188	0.00839	0.01038	0.00745	0.00665	0.01451	0.11886	0.02383	0.59498	0.03861	0.04688	0.01104	0.00666	0.00188	0.00332	0.00962	0.00620	0.00624
20	0.02165	0.02667	0.01622	0.01472	0.01768	0.71254	0.01101	0.02313	0.01641	0.03716	0.00998	0.01215	0.00843	0.03974	0.00641	0.00171	0.01028	0.00408	0.00320	0.00681

[dist]
# distance from previous block
# <min> <max>
0	2

[block]
# block no. 1 follows, 39 sequences, length 87
# corresponding to MSA columns:
# 280-366
name=unknown_B
#
# <colnr> <probs for GDERKNQSTAVLIFYWHMCP>
#	G	D	E	R	K	N	Q	S	T	A	V	L	I	F	Y	W	H	M	C	P
0	0.00827	0.00599	0.00745	0.00712	0.00833	0.00554	0.00512	0.01044	0.01499	0.02079	0.55305	0.04456	0.12291	0.14701	0.01097	0.00254	0.00332	0.01052	0.00590	0.00517
1	0.01284	0.13335	0.09668	0.01055	0.01618	0.01120	0.04099	0.01591	0.01232	0.01838	0.01023	0.01202	0.00845	0.00464	0.00454	0.00109	0.00539	0.00370	0.00322	0.57830
2	0.02609	0.00658	0.00933	0.16040	0.01507	0.00684	0.00770	0.01057	0.01284	0.01765	0.21973	0.42001	0.03668	0.01403	0.00699	0.00216	0.00417	0.01260	0.00516	0.00539
3	0.01117	0.01051	0.01774	0.77795	0.04073	0.01314	0.01642	0.01511	0.01182	0.01511	0.01051	0.01577	0.00788	0.00591	0.00591	0.00197	0.00788	0.00526	0.00263	0.00657
4	0.01503	0.63251	0.17043	0.01198	0.03328	0.02135	0.01254	0.01791	0.01214	0.01495	0.00874	0.01017	0.00761	0.00517	0.00419	0.00139	0.00680	0.00344	0.00253	0.00785
5	0.00845	0.00634	0.00950	0.00950	0.01056	0.00739	0.00739	0.01056	0.00950	0.01373	0.01584	0.02323	0.01478	0.04435	0.76873	0.00950	0.01584	0.00634	0.00317	0.00528
6	0.01396	0.01595	0.03490	0.02493	0.03091	0.01496	0.73380	0.01894	0.01396	0.01894	0.01196	0.01595	0.00897	0.00499	0.00698	0.00199	0.00997	0.00698	0.00299	0.00798
7	0.00971	0.00713	0.00997	0.06975	0.07439	0.00719	0.02833	0.01074	0.01022	0.03501	0.02011	0.18482	0.02239	0.46177	0.02022	0.00421	0.00565	0.00959	0.00393	0.00487
8	0.02096	0.03041	0.01545	0.01198	0.01580	0.01349	0.00987	0.32091	0.01973	0.27817	0.01701	0.01740	0.01213	0.01298	0.12225	0.00301	0.05808	0.00563	0.00568	0.00905
9	0.00732	0.00610	0.00645	0.00662	0.00854	0.00523	0.00514	0.00897	0.01350	0.01620	0.05621	0.05818	0.65992	0.01515	0.00714	0.00209	0.00331	0.10339	0.00549	0.00505
10	0.01430	0.01029	0.01154	0.01026	0.01325	0.01101	0.00799	0.02458	0.41898	0.12795	0.16836	0.02995	0.10714	0.00949	0.00630	0.00195	0.00418	0.00800	0.00624	0.00824
11	0.01336	0.01567	0.11967	0.20426	0.37892	0.01394	0.13283	0.01765	0.01304	0.01821	0.01105	0.01483	0.00872	0.00542	0.00602	0.00186	0.00792	0.00542	0.00281	0.00841
12	0.01574	0.01376	0.01599	0.01696	0.15843	0.03261	0.01131	0.10744	0.50644	0.02486	0.02012	0.01949	0.01524	0.00734	0.00596	0.00192	0.00548	0.00619	0.00534	0.00938
13	0.02628	0.01048	0.01398	0.01072	0.01530	0.00930	0.00885	0.07366	0.01762	0.71356	0.02275	0.01975	0.01435	0.00731	0.00595	0.00183	0.00513	0.00591	0.00723	0.01006
14	0.00721	0.00515	0.00686	0.00823	0.00858	0.00480	0.00549	0.00823	0.01132	0.01510	0.03259	0.78831	0.03911	0.01853	0.00755	0.00240	0.00343	0.01681	0.00549	0.00480
15	0.00860	0.00573	0.00645	0.00645	0.00645	0.00573	0.00358	0.00860	0.00860	0.01147	0.01863	0.03870	0.02150	0.79217	0.03010	0.00573	0.00573	0.00860	0.00358	0.00358
16	0.02101	0.01543	0.01708	0.01340	0.01788	0.01700	0.02807	0.54167	0.16504	0.07623	0.01658	0.01610	0.01184	0.00724	0.00596	0.00183	0.00615	0.00566	0.00595	0.00987
17	0.02209	0.02819	0.01676	0.01524	0.01828	0.76843	0.01143	0.02361	0.01676	0.01447	0.00914	0.01066	0.00762	0.00609	0.00533	0.00152	0.01066	0.00381	0.00305	0.00686
18	0.01505	0.01287	0.01356	0.01210	0.01551	0.01487	0.00944	0.06234	0.71313	0.02529	0.02364	0.02172	0.01770	0.00798	0.00601	0.00200	0.00476	0.00663	0.00601	0.00939
19	0.00727	0.00519	0.00694	0.00831	0.00868	0.00486	0.00561	0.00835	0.01139	0.01517	0.03256	0.76739	0.03897	0.01846	0.00757	0.00241	0.00349	0.03706	0.00549	0.00482
20	0.00819	0.00604	0.00766	0.00725	0.00873	0.00550	0.00544	0.01081	0.01632	0.02271	0.66264	0.04582	0.14595	0.01246	0.00698	0.00188	0.00282	0.01093	0.00638	0.00550
21	0.02394	0.01030	0.01344	0.01059	0.01483	0.00946	0.00865	0.04845	0.09957	0.60915	0.06893	0.02169	0.01748	0.00769	0.00602	0.00185	0.00489	0.00631	0.00708	0.00970
22	0.00725	0.00518	0.00690	0.00820	0.00859	0.00483	0.00549	0.00835	0.01153	0.01543	0.06070	0.75924	0.03977	0.01828	0.00753	0.00238	0.00341	0.01657	0.00553	0.00483
23	0.01226	0.01051	0.01226	0.00876	0.01401	0.00788	0.00701	0.01489	0.01226	0.01927	0.01051	0.01226	0.00876	0.00438	0.00438	0.00088	0.00438	0.00350	0.00350	0.82832
24	0.01471	0.01270	0.01337	0.01203	0.01538	0.01471	0.00936	0.03142	0.74459	0.02474	0.02407	0.02206	0.01805	0.00802	0.00602	0.00201	0.00468	0.00669	0.00602	0.00936
25	0.83394	0.01144	0.00869	0.00778	0.01144	0.01327	0.00640	0.01738	0.01006	0.02653	0.00823	0.00961	0.00640	0.00549	0.00366	0.00183	0.00457	0.00320	0.00366	0.00640
26	0.00721	0.00515	0.00686	0.00823	0.00858	0.00480	0.00549	0.00823	0.01132	0.01510	0.03259	0.78831	0.03911	0.01853	0.00755	0.00240	0.00343	0.01681	0.00549	0.00480
27	0.83394	0.01144	0.00869	0.00778	0.01144	0.01327	0.00640	0.01738	0.01006	0.02653	0.00823	0.00961	0.00640	0.00549	0.00366	0.00183	0.00457	0.00320	0.00366	0.00640
28	0.01464	0.01405	0.02400	0.03630	0.75528	0.01405	0.01815	0.01815	0.01347	0.01932	0.01112	0.01464	0.00937	0.00527	0.00585	0.00176	0.00703	0.00527	0.00293	0.00937
29	0.01471	0.01270	0.01337	0.01203	0.01538	0.01471	0.00936	0.03142	0.74459	0.02474	0.02407	0.02206	0.01805	0.00802	0.00602	0.00201	0.00468	0.00669	0.00602	0.00936
30	0.00763	0.00533	0.00674	0.00769	0.00793	0.00509	0.00491	0.00835	0.01049	0.01399	0.02834	0.55983	0.03374	0.25433	0.01442	0.00342	0.00413	0.01431	0.00491	0.00443
31	0.00699	0.00599	0.00599	0.00599	0.00799	0.00499	0.00449	0.00849	0.01348	0.01598	0.05991	0.05691	0.75288	0.01498	0.00699	0.00200	0.00300	0.01248	0.00549	0.00499
32	0.02653	0.01006	0.01372	0.01052	0.01510	0.00869	0.00869	0.02882	0.01693	0.75937	0.02333	0.02013	0.01464	0.00732	0.00595	0.00183	0.00503	0.00595	0.00732	0.01006
33	0.02653	0.01006	0.01372	0.01052	0.01510	0.00869	0.00869	0.02882	0.01693	0.75937	0.02333	0.02013	0.01464	0.00732	0.00595	0.00183	0.00503	0.00595	0.00732	0.01006
34	0.00837	0.00604	0.00790	0.00744	0.00883	0.00558	0.00558	0.01116	0.01674	0.02371	0.75216	0.04417	0.05580	0.01209	0.00697	0.00186	0.00279	0.01069	0.00651	0.00558
35	0.00877	0.00614	0.00800	0.00748	0.00896	0.00564	0.00563	0.01151	0.01667	0.04087	0.71849	0.04391	0.07143	0.01205	0.00695	0.00186	0.00285	0.01063	0.00650	0.00567
36	0.00935	0.00675	0.00928	0.01055	0.01195	0.00668	0.00918	0.01199	0.01360	0.01758	0.03331	0.06602	0.08419	0.01624	0.00809	0.00267	0.00527	0.66642	0.00545	0.00541
37	0.00846	0.00631	0.00936	0.00936	0.01037	0.00731	0.00721	0.01047	0.00946	0.01362	0.01597	0.02395	0.01510	0.07923	0.73428	0.00933	0.01537	0.00644	0.00319	0.00520
38	0.02209	0.02819	0.01676	0.01524	0.01828	0.76843	0.01143	0.02361	0.01676	0.01447	0.00914	0.01066	0.00762	0.00609	0.00533	0.00152	0.01066	0.00381	0.00305	0.00686
39	0.00845	0.00632	0.00943	0.00943	0.01045	0.00735	0.00729	0.01051	0.00948	0.01367	0.01591	0.02363	0.01496	0.06372	0.74960	0.00941	0.01558	0.00639	0.00318	0.00524
40	0.00858	0.00581	0.00682	0.00682	0.00694	0.00593	0.00404	0.00883	0.00871	0.01174	0.01830	0.03685	0.02070	0.70275	0.11842	0.00618	0.00694	0.00833	0.00353	0.00379
41	0.01117	0.01051	0.01774	0.77795	0.04073	0.01314	0.01642	0.01511	0.01182	0.01511	0.01051	0.01577	0.00788	0.00591	0.00591	0.00197	0.00788	0.00526	0.00263	0.00657
42	0.01027	0.00514	0.00770	0.00770	0.00770	0.00514	0.00514	0.00770	0.00770	0.01027	0.01027	0.01798	0.01027	0.02054	0.02311	0.82794	0.00514	0.00514	0.00257	0.00257
43	0.00860	0.00573	0.00645	0.00645	0.00645	0.00573	0.00358	0.00860	0.00860	0.01147	0.01863	0.03870	0.02150	0.79217	0.03010	0.00573	0.00573	0.00860	0.00358	0.00358
44	0.01251	0.01066	0.01239	0.00888	0.01412	0.00813	0.00711	0.03219	0.01264	0.01970	0.01060	0.01231	0.00879	0.00444	0.00442	0.00090	0.00443	0.00355	0.00356	0.80868
45	0.01304	0.15343	0.47104	0.01826	0.06566	0.01556	0.14567	0.01857	0.01272	0.01800	0.01049	0.01272	0.00787	0.00539	0.00557	0.00179	0.00846	0.00468	0.00261	0.00845
46	0.83394	0.01144	0.00869	0.00778	0.01144	0.01327	0.00640	0.01738	0.01006	0.02653	0.00823	0.00961	0.00640	0.00549	0.00366	0.00183	0.00457	0.00320	0.00366	0.00640
47	0.01464	0.01405	0.02400	0.03630	0.75528	0.01405	0.01815	0.01815	0.01347	0.01932	0.01112	0.01464	0.00937	0.00527	0.00585	0.00176	0.00703	0.00527	0.00293	0.00937
48	0.00699	0.00599	0.00599	0.00599	0.00799	0.00499	0.00449	0.00849	0.01348	0.01598	0.05991	0.05691	0.75288	0.01498	0.00699	0.00200	0.00300	0.01248	0.00549	0.00499
49	0.00811	0.00603	0.00754	0.00716	0.00867	0.00547	0.00537	0.01065	0.01612	0.02224	0.62001	0.04661	0.18886	0.01264	0.00698	0.00189	0.00283	0.01104	0.00632	0.00547
50	0.00860	0.00573	0.00645	0.00645	0.00645	0.00573	0.00358	0.00860	0.00860	0.01147	0.01863	0.03870	0.02150	0.79217	0.03010	0.00573	0.00573	0.00860	0.00358	0.00358
51	0.02290	0.01088	0.01362	0.01099	0.01518	0.01054	0.00890	0.02962	0.24072	0.53344	0.02356	0.02072	0.01569	0.00754	0.00597	0.00188	0.00492	0.00617	0.00692	0.00985
52	0.02585	0.00986	0.01336	0.01030	0.01474	0.00855	0.00849	0.02816	0.01673	0.72692	0.02315	0.02021	0.01466	0.00730	0.00587	0.00181	0.00493	0.00593	0.04331	0.00986
53	0.01226	0.01051	0.01226	0.00876	0.01401	0.00788	0.00701	0.01489	0.01226	0.01927	0.01051	0.01226	0.00876	0.00438	0.00438	0.00088	0.00438	0.00350	0.00350	0.82832
54	0.02223	0.01644	0.01761	0.01356	0.01824	0.01822	0.01118	0.71261	0.05116	0.03686	0.01452	0.01445	0.01032	0.00713	0.00592	0.00178	0.00645	0.00537	0.00592	0.01003
55	0.01127	0.01061	0.01792	0.75671	0.06120	0.01317	0.01647	0.01520	0.01187	0.01523	0.01053	0.01573	0.00793	0.00589	0.00591	0.00196	0.00786	0.00526	0.00264	0.00665
56	0.01226	0.01051	0.01226	0.00876	0.01401	0.00788	0.00701	0.01489	0.01226	0.01927	0.01051	0.01226	0.00876	0.00438	0.00438	0.00088	0.00438	0.00350	0.00350	0.82832
57	0.00721	0.00515	0.00686	0.00823	0.00858	0.00480	0.00549	0.00823	0.01132	0.01510	0.03259	0.78831	0.03911	0.01853	0.00755	0.00240	0.00343	0.01681	0.00549	0.00480
58	0.00837	0.00604	0.00790	0.00744	0.00883	0.00558	0.00558	0.01116	0.01674	0.02371	0.75216	0.04417	0.05580	0.01209	0.00697	0.00186	0.00279	0.01069	0.00651	0.00558
59	0.01130	0.00774	0.00985	0.01024	0.01203	0.00786	0.00828	0.01611	0.14503	0.08186	0.05843	0.20997	0.04832	0.01435	0.00738	0.00240	0.00467	0.33200	0.00576	0.00640
60	0.01396	0.01595	0.03490	0.02493	0.03091	0.01496	0.73380	0.01894	0.01396	0.01894	0.01196	0.01595	0.00897	0.00499	0.00698	0.00199	0.00997	0.00698	0.00299	0.00798
61	0.01396	0.01595	0.03490	0.02493	0.03091	0.01496	0.73380	0.01894	0.01396	0.01894	0.01196	0.01595	0.00897	0.00499	0.00698	0.00199	0.00997	0.00698	0.00299	0.00798
62	0.00714	0.00600	0.00621	0.00615	0.00808	0.00506	0.00461	0.00879	0.01384	0.01684	0.13743	0.05549	0.67481	0.01465	0.00699	0.00198	0.00297	0.01228	0.00561	0.00506
63	0.01194	0.03002	0.73314	0.01717	0.02580	0.01378	0.04966	0.01874	0.01254	0.01874	0.01067	0.01262	0.00755	0.00559	0.00567	0.00188	0.00879	0.00447	0.00252	0.00871
64	0.02653	0.01006	0.01372	0.01052	0.01510	0.00869	0.00869	0.02882	0.01693	0.75937	0.02333	0.02013	0.01464	0.00732	0.00595	0.00183	0.00503	0.00595	0.00732	0.01006
65	0.01060	0.00547	0.00566	0.00582	0.00708	0.00543	0.00429	0.01316	0.01228	0.02127	0.02078	0.10786	0.01784	0.00819	0.00452	0.00149	0.00283	0.00678	0.73322	0.00543
66	0.01250	0.01233	0.01727	0.01496	0.01502	0.01709	0.01239	0.01382	0.00917	0.01425	0.00915	0.04549	0.00937	0.01218	0.05181	0.00288	0.71553	0.00571	0.00273	0.00635
67	0.02108	0.02627	0.01774	0.01809	0.11833	0.66602	0.01234	0.02287	0.01631	0.01513	0.00941	0.01120	0.00786	0.00598	0.00540	0.00156	0.01017	0.00401	0.00303	0.00720
68	0.00866	0.00726	0.00747	0.00721	0.00924	0.00695	0.00533	0.01292	0.15390	0.01716	0.04838	0.04815	0.52929	0.10068	0.00939	0.00242	0.00363	0.01093	0.00538	0.00568
69	0.00841	0.00607	0.00796	0.00755	0.00895	0.00562	0.00571	0.01120	0.01664	0.02352	0.72867	0.04491	0.05509	0.01223	0.00701	0.00189	0.00288	0.03366	0.00648	0.00558
70	0.74232	0.09927	0.01119	0.00804	0.01186	0.01440	0.00682	0.01742	0.01028	0.02512	0.00823	0.00959	0.00654	0.00544	0.00367	0.00177	0.00477	0.00320	0.00353	0.00654
71	0.00699	0.00599	0.00599	0.00599	0.00799	0.00499	0.00449	0.00849	0.01348	0.01598	0.05991	0.05691	0.75288	0.01498	0.00699	0.00200	0.00300	0.01248	0.00549	0.00499
72	0.01266	0.01075	0.01248	0.00895	0.01418	0.00829	0.00717	0.04304	0.01287	0.01997	0.01066	0.01234	0.00881	0.00449	0.00444	0.00091	0.00446	0.00357	0.00360	0.79636
73	0.01396	0.01595	0.03490	0.02493	0.03091	0.01496	0.73380	0.01894	0.01396	0.01894	0.01196	0.01595	0.00897	0.00499	0.00698	0.00199	0.00997	0.00698	0.00299	0.00798
74	0.01195	0.03004	0.73690	0.01750	0.04996	0.01374	0.02173	0.01871	0.01252	0.01875	0.01063	0.01256	0.00755	0.00561	0.00563	0.00187	0.00868	0.00440	0.00251	0.00876
75	0.01029	0.00526	0.00746	0.00746	0.00773	0.00531	0.00510	0.00880	0.00853	0.01229	0.01197	0.01889	0.01127	0.01967	0.05943	0.65597	0.00533	0.00526	0.13081	0.00317
76	0.01512	0.01224	0.01307	0.01167	0.01503	0.01390	0.00910	0.03025	0.66621	0.07099	0.02560	0.02348	0.05018	0.00828	0.00606	0.00199	0.00463	0.00689	0.00608	0.00921
77	0.00712	0.00600	0.00618	0.00613	0.00807	0.00505	0.00460	0.00875	0.01380	0.01673	0.12781	0.05566	0.68450	0.01469	0.00699	0.00198	0.00298	0.01231	0.00559	0.00505
78	0.01581	0.79572	0.03099	0.01012	0.01518	0.02340	0.01012	0.01771	0.01202	0.01391	0.00822	0.00949	0.00759	0.00506	0.00379	0.00126	0.00632	0.00316	0.00253	0.00759
79	0.00865	0.00618	0.00852	0.00989	0.01087	0.00605	0.00801	0.01074	0.01275	0.01672	0.03180	0.33874	0.03595	0.01716	0.00793	0.00260	0.00469	0.45209	0.00546	0.00520
80	0.01406	0.01231	0.01409	0.07864	0.06419	0.01411	0.01031	0.02818	0.60349	0.02319	0.02367	0.02259	0.04898	0.00797	0.00604	0.00199	0.00503	0.00673	0.00551	0.00893
81	0.83394	0.01144	0.00869	0.00778	0.01144	0.01327	0.00640	0.01738	0.01006	0.02653	0.00823	0.00961	0.00640	0.00549	0.00366	0.00183	0.00457	0.00320	0.00366	0.00640
82	0.01477	0.05177	0.05066	0.02134	0.02644	0.12684	0.50977	0.01885	0.01401	0.01775	0.01259	0.05072	0.01053	0.00614	0.00688	0.00194	0.02665	0.02165	0.00312	0.00758
83	0.01073	0.00897	0.01099	0.07834	0.04510	0.00962	0.00875	0.01777	0.25931	0.01912	0.03210	0.16640	0.16885	0.01227	0.00681	0.00218	0.00464	0.12593	0.00530	0.00683
84	0.02049	0.01727	0.01550	0.01262	0.01642	0.18006	0.01010	0.46012	0.02283	0.02976	0.01394	0.01473	0.01037	0.00684	0.00549	0.00165	0.00679	0.00502	0.14137	0.00860
85	0.01226	0.01051	0.01226	0.00876	0.01401	0.00788	0.00701	0.01489	0.01226	0.01927	0.01051	0.01226	0.00876	0.00438	0.00438	0.00088	0.00438	0.00350	0.00350	0.82832
86	0.01787	0.05513	0.03819	0.01194	0.01631	0.01488	0.00997	0.35769	0.15842	0.05807	0.01778	0.05697	0.03417	0.00758	0.00572	0.00171	0.00561	0.00602	0.00535	0.12060

[dist]
# distance from previous block
# <min> <max>
0	1

[block]
# block no. 2 follows, 39 sequences, length 75
# corresponding to MSA columns:
# 368-442
name=unknown_C
#
# <colnr> <probs for GDERKNQSTAVLIFYWHMCP>
#	G	D	E	R	K	N	Q	S	T	A	V	L	I	F	Y	W	H	M	C	P
0	0.01459	0.01299	0.02101	0.14724	0.50309	0.01353	0.01631	0.06028	0.03823	0.04277	0.01338	0.01871	0.01129	0.00638	0.00603	0.00187	0.00688	0.05323	0.00346	0.00873
1	0.01117	0.01051	0.01774	0.77795	0.04073	0.01314	0.01642	0.01511	0.01182	0.01511	0.01051	0.01577	0.00788	0.00591	0.00591	0.00197	0.00788	0.00526	0.00263	0.00657
2	0.02336	0.01224	0.01476	0.01150	0.01586	0.01221	0.00943	0.27736	0.05829	0.42053	0.06573	0.01964	0.01577	0.00758	0.00600	0.00182	0.00539	0.00606	0.00671	0.00974
3	0.10543	0.01255	0.03603	0.05659	0.01585	0.03063	0.03501	0.27341	0.03117	0.04207	0.06198	0.02016	0.03565	0.06801	0.00769	0.00208	0.02342	0.00594	0.12877	0.00755
4	0.00827	0.00593	0.00736	0.00779	0.00794	0.00611	0.00500	0.00879	0.00981	0.01321	0.02401	0.36225	0.02828	0.40753	0.01965	0.00409	0.05339	0.01195	0.00435	0.00429
5	0.01027	0.00514	0.00770	0.00770	0.00770	0.00514	0.00514	0.00770	0.00770	0.01027	0.01027	0.01798	0.01027	0.02054	0.02311	0.82794	0.00514	0.00514	0.00257	0.00257
6	0.01443	0.01461	0.05304	0.05650	0.70617	0.01401	0.01825	0.01809	0.01338	0.01918	0.01109	0.01458	0.00925	0.00530	0.00585	0.00177	0.00712	0.00523	0.00290	0.00926
7	0.01828	0.03802	0.08515	0.01296	0.01748	0.01595	0.01125	0.30987	0.32645	0.07336	0.01840	0.01757	0.01339	0.00731	0.00587	0.00187	0.00585	0.00578	0.00563	0.00957
8	0.01410	0.01346	0.02291	0.12710	0.65085	0.01378	0.01775	0.01764	0.01327	0.01877	0.01149	0.01593	0.00973	0.00559	0.00591	0.00180	0.00710	0.02095	0.00295	0.00894
9	0.01117	0.01051	0.01774	0.77795	0.04073	0.01314	0.01642	0.01511	0.01182	0.01511	0.01051	0.01577	0.00788	0.00591	0.00591	0.00197	0.00788	0.00526	0.00263	0.00657
10	0.00831	0.00606	0.00783	0.00745	0.00888	0.00558	0.00563	0.01102	0.01643	0.02302	0.68400	0.04571	0.10152	0.01241	0.00701	0.00190	0.00289	0.03241	0.00641	0.00554
11	0.00860	0.00573	0.00645	0.00645	0.00645	0.00573	0.00358	0.00860	0.00860	0.01147	0.01863	0.03870	0.02150	0.79217	0.03010	0.00573	0.00573	0.00860	0.00358	0.00358
12	0.00860	0.00575	0.00654	0.00654	0.00658	0.00578	0.00370	0.00866	0.00863	0.01154	0.01855	0.03822	0.02129	0.76895	0.05303	0.00585	0.00605	0.00853	0.00357	0.00364
13	0.00829	0.00599	0.00784	0.00749	0.00882	0.00553	0.00557	0.01097	0.01638	0.02314	0.70427	0.09369	0.05469	0.01252	0.00701	0.00190	0.00283	0.01110	0.00644	0.00553
14	0.01471	0.01270	0.01337	0.01203	0.01538	0.01471	0.00936	0.03142	0.74459	0.02474	0.02407	0.02206	0.01805	0.00802	0.00602	0.00201	0.00468	0.00669	0.00602	0.00936
15	0.01226	0.01051	0.01226	0.00876	0.01401	0.00788	0.00701	0.01489	0.01226	0.01927	0.01051	0.01226	0.00876	0.00438	0.00438	0.00088	0.00438	0.00350	0.00350	0.82832
16	0.01396	0.01595	0.03490	0.02493	0.03091	0.01496	0.73380	0.01894	0.01396	0.01894	0.01196	0.01595	0.00897	0.00499	0.00698	0.00199	0.00997	0.00698	0.00299	0.00798
17	0.00821	0.00604	0.00768	0.00727	0.00874	0.00551	0.00545	0.01085	0.01636	0.02282	0.67200	0.04565	0.13651	0.01242	0.00698	0.00188	0.00281	0.01090	0.00639	0.00551
18	0.00726	0.00517	0.00685	0.00816	0.00849	0.00484	0.00541	0.00825	0.01121	0.01495	0.03204	0.75838	0.03841	0.04941	0.00845	0.00253	0.00352	0.01648	0.00541	0.00475
19	0.01270	0.02899	0.64472	0.01718	0.02509	0.06417	0.06278	0.01892	0.01274	0.01831	0.01050	0.01258	0.00760	0.00577	0.00613	0.00188	0.03437	0.00451	0.00257	0.00849
20	0.01532	0.01700	0.07156	0.08427	0.54664	0.12614	0.01727	0.01879	0.01377	0.01826	0.01075	0.01398	0.00888	0.00546	0.00577	0.00174	0.00774	0.00499	0.00290	0.00875
21	0.01581	0.79572	0.03099	0.01012	0.01518	0.02340	0.01012	0.01771	0.01202	0.01391	0.00822	0.00949	0.00759	0.00506	0.00379	0.00126	0.00632	0.00316	0.00253	0.00759
22	0.00699	0.00599	0.00599	0.00599	0.00799	0.00499	0.00449	0.00849	0.01348	0.01598	0.05991	0.05691	0.75288	0.01498	0.00699	0.00200	0.00300	0.01248	0.00549	0.00499
23	0.01371	0.01555	0.05857	0.04675	0.13508	0.01528	0.45013	0.01786	0.01289	0.01804	0.01099	0.01508	0.00872	0.00604	0.00895	0.00206	0.14727	0.00625	0.00288	0.00790
24	0.02176	0.01554	0.01699	0.01317	0.01765	0.01710	0.01085	0.64998	0.02601	0.07385	0.01479	0.01511	0.01061	0.00959	0.05668	0.00229	0.00705	0.00542	0.00581	0.00974
25	0.83394	0.01144	0.00869	0.00778	0.01144	0.01327	0.00640	0.01738	0.01006	0.02653	0.00823	0.00961	0.00640	0.00549	0.00366	0.00183	0.00457	0.00320	0.00366	0.00640
26	0.01232	0.00990	0.01111	0.06105	0.02874	0.01053	0.00810	0.04219	0.33026	0.06196	0.03673	0.03492	0.30710	0.01051	0.00638	0.00198	0.00435	0.00877	0.00559	0.00751
27	0.01102	0.00551	0.00551	0.00551	0.00689	0.00551	0.00413	0.01378	0.01240	0.02205	0.01929	0.02205	0.01516	0.00689	0.00413	0.00138	0.00276	0.00551	0.82500	0.00551
28	0.00866	0.05836	0.00912	0.00871	0.00962	0.00678	0.00637	0.02804	0.01198	0.01581	0.04356	0.52482	0.03422	0.08877	0.00943	0.00266	0.00420	0.11861	0.00514	0.00512
29	0.00994	0.00720	0.00905	0.00875	0.01051	0.00707	0.00692	0.03084	0.08717	0.04066	0.45943	0.04605	0.08307	0.01249	0.00708	0.00206	0.00368	0.15574	0.00619	0.00611
30	0.01477	0.01609	0.07836	0.11273	0.52736	0.07078	0.04113	0.03432	0.01380	0.01884	0.01097	0.01433	0.00894	0.00546	0.00584	0.00178	0.00761	0.00515	0.00294	0.00880
31	0.01186	0.01221	0.04309	0.04630	0.01975	0.02938	0.23964	0.01494	0.01132	0.01618	0.01248	0.01766	0.01074	0.01864	0.24688	0.00442	0.18316	0.00608	0.04869	0.00661
32	0.00717	0.00528	0.00672	0.00788	0.00848	0.00483	0.00533	0.00827	0.01167	0.01524	0.03696	0.67140	0.15320	0.01796	0.00746	0.00234	0.00336	0.01612	0.00549	0.00483
33	0.00837	0.00604	0.00790	0.00744	0.00883	0.00558	0.00558	0.01116	0.01674	0.02371	0.75216	0.04417	0.05580	0.01209	0.00697	0.00186	0.00279	0.01069	0.00651	0.00558
34	0.01102	0.00551	0.00551	0.00551	0.00689	0.00551	0.00413	0.01378	0.01240	0.02205	0.01929	0.02205	0.01516	0.00689	0.00413	0.00138	0.00276	0.00551	0.82500	0.00551
35	0.00720	0.00518	0.00683	0.00814	0.00855	0.00481	0.00545	0.00824	0.01141	0.01513	0.03369	0.75911	0.06761	0.01839	0.00753	0.00239	0.00341	0.01664	0.00549	0.00481
36	0.00837	0.00604	0.00790	0.00744	0.00883	0.00558	0.00558	0.01116	0.01674	0.02371	0.75216	0.04417	0.05580	0.01209	0.00697	0.00186	0.00279	0.01069	0.00651	0.00558
37	0.00707	0.00592	0.00607	0.00616	0.00797	0.00501	0.00452	0.00847	0.01314	0.01574	0.05644	0.10486	0.67618	0.04624	0.00795	0.00217	0.00313	0.01261	0.00542	0.00492
38	0.01581	0.79572	0.03099	0.01012	0.01518	0.02340	0.01012	0.01771	0.01202	0.01391	0.00822	0.00949	0.00759	0.00506	0.00379	0.00126	0.00632	0.00316	0.00253	0.00759
39	0.01186	0.03059	0.76153	0.01686	0.02560	0.01373	0.02185	0.01873	0.01249	0.01873	0.01061	0.01249	0.00749	0.00562	0.00562	0.00187	0.00874	0.00437	0.00250	0.00874
40	0.02653	0.01006	0.01372	0.01052	0.01510	0.00869	0.00869	0.02882	0.01693	0.75937	0.02333	0.02013	0.01464	0.00732	0.00595	0.00183	0.00503	0.00595	0.00732	0.01006
41	0.01294	0.01294	0.01811	0.01553	0.01553	0.01811	0.01294	0.01423	0.00906	0.01423	0.00776	0.01294	0.00776	0.01035	0.01941	0.00259	0.78134	0.00518	0.00259	0.00647
42	0.01117	0.01051	0.01774	0.77795	0.04073	0.01314	0.01642	0.01511	0.01182	0.01511	0.01051	0.01577	0.00788	0.00591	0.00591	0.00197	0.00788	0.00526	0.00263	0.00657
43	0.02653	0.01006	0.01372	0.01052	0.01510	0.00869	0.00869	0.02882	0.01693	0.75937	0.02333	0.02013	0.01464	0.00732	0.00595	0.00183	0.00503	0.00595	0.00732	0.01006
44	0.01184	0.00886	0.01046	0.01025	0.01220	0.00925	0.00799	0.17152	0.09050	0.02160	0.02921	0.32955	0.07693	0.01421	0.00713	0.00227	0.00466	0.16935	0.00563	0.00658
45	0.83394	0.01144	0.00869	0.00778	0.01144	0.01327	0.00640	0.01738	0.01006	0.02653	0.00823	0.00961	0.00640	0.00549	0.00366	0.00183	0.00457	0.00320	0.00366	0.00640
46	0.02167	0.07926	0.01771	0.01489	0.01808	0.71885	0.01134	0.02322	0.01644	0.01444	0.00908	0.01059	0.00762	0.00603	0.00523	0.00151	0.01038	0.00377	0.00301	0.00690
47	0.00871	0.00668	0.00981	0.00967	0.01060	0.00790	0.00748	0.01065	0.00943	0.01362	0.01555	0.02356	0.01478	0.08679	0.68226	0.00889	0.05881	0.00640	0.00316	0.00525
48	0.02372	0.01457	0.01652	0.01266	0.01735	0.01538	0.01046	0.51908	0.02447	0.25845	0.01700	0.01601	0.01146	0.00717	0.00593	0.00179	0.00606	0.00552	0.00635	0.01006
49	0.00895	0.00670	0.00980	0.00965	0.01084	0.00778	0.00753	0.03627	0.01015	0.01456	0.01578	0.02291	0.01462	0.04303	0.74168	0.00923	0.01551	0.00630	0.00327	0.00545
50	0.01197	0.00642	0.00652	0.00618	0.00783	0.00657	0.00472	0.07329	0.01367	0.02330	0.01887	0.02140	0.01474	0.00691	0.00428	0.00141	0.00307	0.00550	0.75747	0.00589
51	0.03562	0.00863	0.05081	0.00874	0.01108	0.00750	0.00724	0.03559	0.06632	0.07252	0.52400	0.03849	0.06502	0.01101	0.00667	0.00190	0.00366	0.03262	0.00614	0.00645
52	0.01958	0.00853	0.01150	0.00934	0.01270	0.00750	0.00750	0.02206	0.01685	0.47782	0.30226	0.02933	0.03039	0.00915	0.00634	0.00184	0.00417	0.00776	0.00701	0.00835
53	0.00863	0.00615	0.00771	0.00725	0.00885	0.00556	0.00546	0.01116	0.01612	0.04326	0.59944	0.04591	0.18744	0.01250	0.00695	0.00189	0.00289	0.01090	0.00634	0.00560
54	0.01116	0.01036	0.01736	0.75428	0.03969	0.01291	0.01605	0.01507	0.01184	0.01532	0.01078	0.01596	0.00811	0.00594	0.00586	0.00195	0.00773	0.00526	0.02783	0.00654
55	0.01227	0.02801	0.64248	0.01937	0.10335	0.01384	0.06139	0.01868	0.01267	0.01880	0.01074	0.01291	0.00777	0.00555	0.00572	0.00187	0.00863	0.00461	0.00257	0.00876
56	0.00721	0.00515	0.00686	0.00823	0.00858	0.00480	0.00549	0.00823	0.01132	0.01510	0.03259	0.78831	0.03911	0.01853	0.00755	0.00240	0.00343	0.01681	0.00549	0.00480
57	0.00914	0.00662	0.00899	0.01010	0.01136	0.00656	0.00843	0.01196	0.03415	0.01790	0.08868	0.18306	0.05263	0.01610	0.00788	0.00256	0.00482	0.50805	0.00555	0.00545
58	0.02460	0.05683	0.01523	0.01145	0.03618	0.01057	0.00920	0.08574	0.03312	0.60419	0.03641	0.01940	0.01462	0.00722	0.00584	0.00179	0.00523	0.00583	0.00675	0.00979
59	0.01353	0.03885	0.01059	0.02617	0.01161	0.00784	0.00693	0.03721	0.03777	0.19042	0.33195	0.03629	0.09669	0.06080	0.00799	0.00212	0.00406	0.04292	0.02948	0.00677
60	0.03653	0.03567	0.01554	0.05941	0.01743	0.10095	0.05300	0.03811	0.01305	0.01865	0.01022	0.01247	0.00845	0.00528	0.00584	0.00128	0.06157	0.00402	0.00335	0.49918
61	0.00821	0.00599	0.00772	0.00739	0.00876	0.00550	0.00550	0.01081	0.01621	0.02270	0.66412	0.08726	0.10240	0.01265	0.00701	0.00190	0.00284	0.01116	0.00638	0.00550
62	0.01325	0.01458	0.04307	0.02038	0.02551	0.01356	0.49578	0.01736	0.01308	0.01841	0.01212	0.04579	0.01000	0.00592	0.00765	0.00186	0.07909	0.00654	0.00313	0.15291
63	0.00740	0.00526	0.00693	0.00805	0.00847	0.00493	0.00538	0.00853	0.01166	0.01568	0.09862	0.67457	0.03962	0.06396	0.00884	0.00255	0.00351	0.01575	0.00547	0.00480
64	0.01117	0.01051	0.01774	0.77795	0.04073	0.01314	0.01642	0.01511	0.01182	0.01511	0.01051	0.01577	0.00788	0.00591	0.00591	0.00197	0.00788	0.00526	0.00263	0.00657
65	0.00704	0.00594	0.00610	0.00618	0.00805	0.00499	0.00459	0.00854	0.01342	0.01611	0.07520	0.10527	0.68815	0.01514	0.00703	0.00202	0.00302	0.01273	0.00552	0.00499
66	0.00725	0.00518	0.00690	0.00821	0.00859	0.00483	0.00549	0.00834	0.01151	0.01540	0.05811	0.76192	0.03971	0.01830	0.00753	0.00238	0.00341	0.01659	0.00553	0.00483
67	0.02653	0.01006	0.01372	0.01052	0.01510	0.00869	0.00869	0.02882	0.01693	0.75937	0.02333	0.02013	0.01464	0.00732	0.00595	0.00183	0.00503	0.00595	0.00732	0.01006
68	0.00721	0.00515	0.00686	0.00823	0.00858	0.00480	0.00549	0.00823	0.01132	0.01510	0.03259	0.78831	0.03911	0.01853	0.00755	0.00240	0.00343	0.01681	0.00549	0.00480
69	0.01521	0.01295	0.01366	0.01214	0.01557	0.01495	0.00948	0.07721	0.69798	0.02555	0.02343	0.02155	0.01753	0.00796	0.00601	0.00199	0.00480	0.00660	0.00601	0.00941
70	0.02653	0.01006	0.01372	0.01052	0.01510	0.00869	0.00869	0.02882	0.01693	0.75937	0.02333	0.02013	0.01464	0.00732	0.00595	0.00183	0.00503	0.00595	0.00732	0.01006
71	0.01471	0.01270	0.01337	0.01203	0.01538	0.01471	0.00936	0.03142	0.74459	0.02474	0.02407	0.02206	0.01805	0.00802	0.00602	0.00201	0.00468	0.00669	0.00602	0.00936
72	0.01226	0.01051	0.01226	0.00876	0.01401	0.00788	0.00701	0.01489	0.01226	0.01927	0.01051	0.01226	0.00876	0.00438	0.00438	0.00088	0.00438	0.00350	0.00350	0.82832
73	0.83394	0.01144	0.00869	0.00778	0.01144	0.01327	0.00640	0.01738	0.01006	0.02653	0.00823	0.00961	0.00640	0.00549	0.00366	0.00183	0.00457	0.00320	0.00366	0.00640
74	0.02215	0.01559	0.01693	0.01308	0.01762	0.01706	0.01077	0.65280	0.02631	0.08688	0.01537	0.03209	0.01115	0.00736	0.00591	0.00178	0.00625	0.00563	0.02544	0.00983

[dist]
# distance from previous block
# <min> <max>
0	26

[block]
# block no. 3 follows, 39 sequences, length 39
# corresponding to MSA columns:
# 469-507
name=unknown_D
#
# <colnr> <probs for GDERKNQSTAVLIFYWHMCP>
#	G	D	E	R	K	N	Q	S	T	A	V	L	I	F	Y	W	H	M	C	P
0	0.01496	0.01476	0.02400	0.03498	0.69942	0.04887	0.03944	0.01843	0.01363	0.01909	0.01106	0.01449	0.00927	0.00530	0.00586	0.00175	0.00728	0.00525	0.00293	0.00921
1	0.01354	0.01436	0.02683	0.08502	0.04782	0.01558	0.39925	0.01847	0.07723	0.01791	0.01179	0.01565	0.00938	0.00675	0.01003	0.00214	0.21122	0.00629	0.00312	0.00763
2	0.01501	0.03769	0.05100	0.05798	0.07544	0.01340	0.38089	0.05578	0.01439	0.08434	0.01295	0.02953	0.00993	0.00555	0.00619	0.00177	0.00795	0.00606	0.00359	0.13057
3	0.11173	0.04317	0.01480	0.01317	0.07817	0.04423	0.00969	0.04104	0.26073	0.29161	0.01947	0.01819	0.01375	0.00703	0.00559	0.00185	0.00535	0.00562	0.00570	0.00912
4	0.00744	0.00601	0.00661	0.00646	0.00826	0.00518	0.00485	0.00936	0.01454	0.01850	0.28556	0.05276	0.52565	0.01404	0.00698	0.00195	0.00293	0.01190	0.00582	0.00518
5	0.01396	0.01595	0.03490	0.02493	0.03091	0.01496	0.73380	0.01894	0.01396	0.01894	0.01196	0.01595	0.00897	0.00499	0.00698	0.00199	0.00997	0.00698	0.00299	0.00798
6	0.12278	0.03407	0.01889	0.01737	0.12117	0.18000	0.10286	0.11954	0.01564	0.09359	0.01244	0.03662	0.00997	0.00734	0.01944	0.00196	0.06914	0.00528	0.00395	0.00795
7	0.00794	0.00603	0.00731	0.00699	0.00857	0.00540	0.00524	0.01033	0.01573	0.02132	0.53805	0.04811	0.27140	0.01298	0.00698	0.00190	0.00285	0.01125	0.00619	0.00540
8	0.00701	0.00593	0.00605	0.00616	0.00803	0.00498	0.00457	0.00847	0.01332	0.01591	0.05790	0.11058	0.70050	0.01524	0.00703	0.00203	0.00303	0.01280	0.00549	0.00498
9	0.01717	0.63009	0.02795	0.01117	0.01585	0.16253	0.01040	0.03921	0.01335	0.01468	0.00856	0.00984	0.00766	0.00531	0.00414	0.00133	0.00714	0.00334	0.00272	0.00752
10	0.02209	0.02819	0.01676	0.01524	0.01828	0.76843	0.01143	0.02361	0.01676	0.01447	0.00914	0.01066	0.00762	0.00609	0.00533	0.00152	0.01066	0.00381	0.00305	0.00686
11	0.00721	0.00515	0.00686	0.00823	0.00858	0.00480	0.00549	0.00823	0.01132	0.01510	0.03259	0.78831	0.03911	0.01853	0.00755	0.00240	0.00343	0.01681	0.00549	0.00480
12	0.01284	0.01178	0.01952	0.01545	0.01790	0.01337	0.22675	0.05244	0.01233	0.01848	0.01350	0.01756	0.02537	0.01074	0.07334	0.00267	0.26659	0.00604	0.17654	0.00678
13	0.00704	0.00599	0.00606	0.00604	0.00802	0.00501	0.00453	0.00858	0.01360	0.01625	0.08464	0.05646	0.72797	0.01487	0.00699	0.00199	0.00299	0.01242	0.00553	0.00501
14	0.02248	0.01656	0.01775	0.01361	0.01834	0.01834	0.01124	0.73556	0.02780	0.03727	0.01420	0.01420	0.01006	0.00710	0.00592	0.00177	0.00651	0.00532	0.00592	0.01006
15	0.01354	0.01634	0.17845	0.05715	0.05741	0.02804	0.01261	0.02521	0.43122	0.02189	0.02087	0.02060	0.04829	0.00748	0.00588	0.00193	0.00585	0.00619	0.03237	0.00869
16	0.00728	0.00520	0.00694	0.00832	0.00869	0.00486	0.00561	0.00836	0.01139	0.01518	0.03256	0.76613	0.03896	0.01846	0.00757	0.00241	0.00349	0.03828	0.00549	0.00482
17	0.01084	0.02480	0.57689	0.01466	0.02185	0.01184	0.03586	0.01648	0.01274	0.01813	0.02151	0.02236	0.17173	0.00766	0.00595	0.00190	0.00751	0.00622	0.00317	0.00790
18	0.00896	0.00709	0.01049	0.01019	0.01113	0.00862	0.00803	0.01098	0.00945	0.01379	0.01491	0.02205	0.01398	0.04045	0.68278	0.00871	0.10365	0.00620	0.00310	0.00542
19	0.01115	0.00982	0.01604	0.67041	0.03602	0.01208	0.01471	0.01492	0.01191	0.01608	0.01173	0.01664	0.00890	0.00605	0.00566	0.00189	0.00717	0.00529	0.11712	0.00642
20	0.04899	0.26593	0.02109	0.01315	0.01701	0.38881	0.01084	0.11936	0.01639	0.01786	0.00949	0.01079	0.00790	0.00598	0.00517	0.00151	0.02511	0.00382	0.00329	0.00750
21	0.01186	0.03059	0.76153	0.01686	0.02560	0.01373	0.02185	0.01873	0.01249	0.01873	0.01061	0.01249	0.00749	0.00562	0.00562	0.00187	0.00874	0.00437	0.00250	0.00874
22	0.03695	0.05882	0.12121	0.01358	0.01856	0.01735	0.01234	0.46945	0.12169	0.03098	0.01445	0.01465	0.01053	0.00695	0.00605	0.00181	0.02477	0.00521	0.00515	0.00949
23	0.01581	0.79572	0.03099	0.01012	0.01518	0.02340	0.01012	0.01771	0.01202	0.01391	0.00822	0.00949	0.00759	0.00506	0.00379	0.00126	0.00632	0.00316	0.00253	0.00759
24	0.01538	0.01235	0.01584	0.01277	0.01555	0.01391	0.02421	0.13205	0.03564	0.08825	0.01255	0.04638	0.01066	0.00817	0.01096	0.00191	0.31313	0.00540	0.00403	0.22085
25	0.01450	0.62391	0.08741	0.05021	0.01677	0.02046	0.01099	0.01683	0.01198	0.01447	0.01067	0.07820	0.01035	0.00633	0.00438	0.00145	0.00635	0.00456	0.00279	0.00739
26	0.00837	0.00604	0.00790	0.00744	0.00883	0.00558	0.00558	0.01116	0.01674	0.02371	0.75216	0.04417	0.05580	0.01209	0.00697	0.00186	0.00279	0.01069	0.00651	0.00558
27	0.01557	0.01253	0.01535	0.01531	0.12837	0.05123	0.05252	0.24668	0.04265	0.03963	0.03690	0.10762	0.08108	0.00893	0.00608	0.00185	0.00571	0.02215	0.10198	0.00787
28	0.01323	0.01253	0.04959	0.08868	0.03730	0.01072	0.09252	0.08653	0.03603	0.02053	0.01249	0.04938	0.01046	0.00571	0.00527	0.00137	0.00580	0.00505	0.00370	0.45310
29	0.00845	0.00634	0.00950	0.00950	0.01056	0.00739	0.00739	0.01056	0.00950	0.01373	0.01584	0.02323	0.01478	0.04435	0.76873	0.00950	0.01584	0.00634	0.00317	0.00528
30	0.00830	0.00606	0.00781	0.00743	0.00887	0.00557	0.00561	0.01100	0.01643	0.02301	0.68466	0.04566	0.10379	0.01240	0.00701	0.00189	0.00288	0.02965	0.00641	0.00554
31	0.01500	0.01644	0.01859	0.01590	0.01684	0.18325	0.04586	0.01652	0.01098	0.01450	0.00826	0.01258	0.00779	0.00917	0.01573	0.00233	0.57599	0.00496	0.00271	0.00662
32	0.01907	0.14220	0.07844	0.01331	0.01749	0.28754	0.01136	0.09410	0.17710	0.08190	0.01409	0.01428	0.01073	0.00652	0.00538	0.00167	0.00763	0.00472	0.00422	0.00826
33	0.01127	0.01061	0.01792	0.75643	0.06147	0.01317	0.01647	0.01520	0.01187	0.01523	0.01053	0.01573	0.00793	0.00589	0.00591	0.00196	0.00786	0.00526	0.00264	0.00665
34	0.01488	0.01538	0.05552	0.03144	0.58838	0.05166	0.03184	0.01995	0.09533	0.01965	0.01247	0.01520	0.01016	0.00563	0.00586	0.00178	0.00708	0.00535	0.00326	0.00918
35	0.00759	0.00584	0.00694	0.00704	0.00845	0.00519	0.00514	0.00951	0.01434	0.01890	0.33246	0.20385	0.32432	0.01455	0.00710	0.00203	0.00300	0.01266	0.00590	0.00519
36	0.01224	0.08476	0.64346	0.05131	0.05666	0.01443	0.02059	0.01847	0.01246	0.01824	0.01046	0.01251	0.00760	0.00558	0.00551	0.00183	0.00845	0.00436	0.00252	0.00859
37	0.00798	0.00621	0.00941	0.00950	0.01050	0.00580	0.06679	0.00965	0.01250	0.01695	0.15832	0.59151	0.03953	0.01625	0.00740	0.00227	0.00387	0.01490	0.00546	0.00521
38	0.00731	0.00594	0.00648	0.00647	0.00822	0.00511	0.00481	0.00907	0.01406	0.01765	0.21347	0.10542	0.54618	0.01458	0.00703	0.00199	0.00298	0.01238	0.00572	0.00511

[dist]
# distance from previous block
# <min> <max>
0	8

[block]
# block no. 4 follows, 39 sequences, length 56
# corresponding to MSA columns:
# 516-571
name=unknown_E
#
# <colnr> <probs for GDERKNQSTAVLIFYWHMCP>
#	G	D	E	R	K	N	Q	S	T	A	V	L	I	F	Y	W	H	M	C	P
0	0.01345	0.02055	0.30116	0.02450	0.25893	0.01419	0.18073	0.01962	0.07234	0.01945	0.01217	0.01473	0.00928	0.00556	0.00603	0.00187	0.00814	0.00543	0.00303	0.00882
1	0.00837	0.00604	0.00790	0.00744	0.00883	0.00558	0.00558	0.01116	0.01674	0.02371	0.75216	0.04417	0.05580	0.01209	0.00697	0.00186	0.00279	0.01069	0.00651	0.00558
2	0.01767	0.01203	0.07595	0.01016	0.01534	0.00882	0.00893	0.03445	0.01445	0.29680	0.03573	0.01614	0.01217	0.00585	0.00517	0.00136	0.00499	0.00472	0.00498	0.41429
3	0.00948	0.00678	0.00909	0.01002	0.01127	0.00675	0.00823	0.04257	0.01382	0.01826	0.08725	0.21382	0.03535	0.04293	0.00861	0.00265	0.00487	0.45730	0.00549	0.00546
4	0.80970	0.01159	0.00896	0.00795	0.01164	0.01342	0.00655	0.03884	0.01059	0.02685	0.00841	0.00974	0.00651	0.00554	0.00373	0.00183	0.00463	0.00327	0.00373	0.00651
5	0.01600	0.05221	0.07087	0.02213	0.17211	0.08383	0.27137	0.12552	0.04759	0.02135	0.01207	0.01452	0.00932	0.00560	0.00604	0.00177	0.00817	0.00558	0.00352	0.05042
6	0.01546	0.65979	0.13501	0.01126	0.01678	0.04771	0.01184	0.01806	0.01225	0.01462	0.00860	0.00996	0.00758	0.00518	0.00411	0.00136	0.00682	0.00336	0.00254	0.00773
7	0.02418	0.01012	0.01335	0.01051	0.01477	0.00918	0.00859	0.02809	0.09749	0.63556	0.06548	0.02173	0.01739	0.00767	0.00601	0.00185	0.00486	0.00630	0.00713	0.00973
8	0.01275	0.11348	0.01284	0.00914	0.01188	0.01058	0.00736	0.07718	0.12908	0.08033	0.30490	0.06945	0.11690	0.01038	0.00626	0.00184	0.00410	0.00875	0.00575	0.00706
9	0.04633	0.16703	0.38783	0.04861	0.02404	0.01538	0.15432	0.01834	0.01277	0.03270	0.03273	0.01371	0.00935	0.00563	0.00552	0.00178	0.00807	0.00486	0.00286	0.00813
10	0.00783	0.00619	0.00707	0.00682	0.00857	0.00552	0.00512	0.01032	0.03424	0.01976	0.37715	0.05014	0.41311	0.01347	0.00696	0.00193	0.00295	0.01151	0.00597	0.00538
11	0.08564	0.18746	0.01891	0.01286	0.01651	0.33399	0.01048	0.11774	0.04371	0.05108	0.01084	0.01205	0.00873	0.00722	0.02462	0.00180	0.04098	0.00415	0.00365	0.00759
12	0.09505	0.10501	0.13773	0.01761	0.14624	0.29096	0.01352	0.06199	0.01501	0.04989	0.01043	0.01202	0.00822	0.00582	0.00521	0.00165	0.00821	0.00420	0.00329	0.00795
13	0.00947	0.00766	0.01190	0.10443	0.09712	0.00778	0.03746	0.01170	0.01237	0.01648	0.03770	0.35796	0.02931	0.01436	0.00757	0.01661	0.00518	0.20441	0.00472	0.00579
14	0.00729	0.00527	0.00675	0.00788	0.00835	0.00489	0.00525	0.00829	0.01131	0.01489	0.03406	0.66048	0.10479	0.07920	0.00927	0.00263	0.00357	0.01576	0.00534	0.00472
