[name]
unknown

[dist]
# distance from previous block
# <min> <max>
0	21

[block]
# block no. 0 follows, 35 sequences, length 6
# corresponding to MSA columns:
# 27-32
name=unknown_A
#
# <colnr> <probs for GDERKNQSTAVLIFYWHMCP>
#	G	D	E	R	K	N	Q	S	T	A	V	L	I	F	Y	W	H	M	C	P
0	0.01255	0.00844	0.01117	0.01133	0.01367	0.00805	0.00963	0.04819	0.01528	0.07846	0.02944	0.10412	0.03071	0.01489	0.00792	0.00253	0.00558	0.47871	0.00578	0.10356
1	0.01854	0.15707	0.01730	0.04886	0.01664	0.06228	0.00970	0.05851	0.12885	0.21325	0.02340	0.11111	0.06629	0.00926	0.00614	0.00192	0.00586	0.00752	0.00554	0.03196
2	0.01571	0.04852	0.10340	0.01323	0.01751	0.04877	0.09475	0.11994	0.01833	0.11205	0.25197	0.02943	0.08027	0.00940	0.00677	0.00196	0.00616	0.00814	0.00557	0.00810
3	0.06472	0.09690	0.32685	0.09248	0.02603	0.07539	0.10107	0.06565	0.01501	0.06098	0.01203	0.01412	0.00883	0.00616	0.00593	0.00193	0.00871	0.00503	0.00341	0.00878
4	0.08770	0.30625	0.13410	0.01329	0.01831	0.05899	0.04833	0.02009	0.01335	0.10439	0.01204	0.01394	0.00964	0.00974	0.06662	0.00246	0.06438	0.00464	0.00355	0.00822
5	0.08125	0.42966	0.17290	0.01191	0.01750	0.01902	0.01253	0.01897	0.01336	0.05761	0.06438	0.01491	0.01262	0.00824	0.03965	0.00203	0.00728	0.00458	0.00343	0.00816

[dist]
# distance from previous block
# <min> <max>
7	40

[block]
# block no. 1 follows, 35 sequences, length 18
# corresponding to MSA columns:
# 74-91
name=unknown_B
#
# <colnr> <probs for GDERKNQSTAVLIFYWHMCP>
#	G	D	E	R	K	N	Q	S	T	A	V	L	I	F	Y	W	H	M	C	P
0	0.07173	0.31869	0.17980	0.01359	0.04266	0.07068	0.03649	0.01823	0.01361	0.01833	0.08115	0.03712	0.01489	0.05034	0.00683	0.00197	0.00722	0.00544	0.00342	0.00781
1	0.01323	0.12736	0.09444	0.01462	0.10070	0.01191	0.05017	0.03351	0.01569	0.06733	0.27996	0.08996	0.03124	0.03351	0.00739	0.00207	0.00562	0.00863	0.00507	0.00759
2	0.03698	0.00712	0.00847	0.00840	0.01018	0.00628	0.00591	0.01079	0.01251	0.01758	0.05757	0.40468	0.11925	0.09229	0.00962	0.00251	0.00409	0.01296	0.00523	0.16755
3	0.02365	0.01754	0.01878	0.01450	0.01950	0.01945	0.01194	0.67806	0.06886	0.03923	0.01582	0.01570	0.01127	0.00767	0.00635	0.00192	0.00687	0.00579	0.00635	0.01075
4	0.01448	0.06396	0.01601	0.01076	0.01607	0.01002	0.05710	0.01740	0.01402	0.07884	0.06476	0.01639	0.01350	0.00565	0.00519	0.00121	0.00519	0.00476	0.00421	0.58049
5	0.01272	0.03281	0.74418	0.01808	0.02746	0.01473	0.02344	0.02009	0.01339	0.02009	0.01138	0.01339	0.00804	0.00603	0.00603	0.00201	0.00938	0.00469	0.00268	0.00938
6	0.01630	0.53106	0.15797	0.01203	0.01783	0.02134	0.01270	0.06849	0.01422	0.01832	0.01067	0.01217	0.00895	0.00585	0.00461	0.00152	0.00696	0.00399	0.06662	0.00838
7	0.01259	0.00730	0.00940	0.00906	0.01094	0.00670	0.00677	0.03302	0.01561	0.15782	0.22659	0.29260	0.10733	0.03445	0.00815	0.00235	0.00402	0.04217	0.00652	0.00662
8	0.02763	0.06665	0.01607	0.01126	0.01620	0.01047	0.00944	0.03005	0.01778	0.68915	0.02385	0.02076	0.01516	0.00768	0.00621	0.00192	0.00550	0.00616	0.00748	0.01060
9	0.01102	0.00551	0.00826	0.00826	0.00826	0.00551	0.00551	0.00826	0.00826	0.01102	0.01102	0.01928	0.01102	0.02204	0.02479	0.81543	0.00551	0.00551	0.00275	0.00275
10	0.01954	0.00883	0.01180	0.00972	0.01310	0.00778	0.00776	0.02218	0.01793	0.41554	0.32132	0.03387	0.06238	0.01030	0.00688	0.00198	0.00431	0.00877	0.00741	0.00858
11	0.01742	0.72950	0.03220	0.01123	0.01651	0.07482	0.01095	0.01943	0.01324	0.01497	0.00889	0.01026	0.00814	0.00550	0.00418	0.00138	0.00710	0.00344	0.00275	0.00809
12	0.02412	0.01777	0.01904	0.01460	0.01967	0.01967	0.01206	0.71633	0.02983	0.03998	0.01523	0.01523	0.01079	0.00762	0.00635	0.00190	0.00698	0.00571	0.00635	0.01079
13	0.01183	0.00591	0.00591	0.00591	0.00739	0.00591	0.00443	0.01478	0.01330	0.02365	0.02069	0.02365	0.01626	0.00739	0.00443	0.00148	0.00296	0.00591	0.81227	0.00591
14	0.00790	0.00574	0.00716	0.00822	0.00880	0.00532	0.00545	0.00893	0.01210	0.01581	0.03734	0.56784	0.14322	0.12121	0.01126	0.00299	0.00394	0.01615	0.00561	0.00501
15	0.00960	0.00843	0.00844	0.00804	0.00995	0.06748	0.00603	0.01192	0.01654	0.02126	0.40299	0.04994	0.32883	0.01369	0.00734	0.00202	0.00378	0.01164	0.00623	0.00584
16	0.01901	0.01782	0.02423	0.02534	0.27087	0.11605	0.14876	0.17139	0.06718	0.05554	0.01404	0.01609	0.01075	0.00643	0.00647	0.00192	0.00829	0.00594	0.00429	0.00959
17	0.01553	0.40103	0.12647	0.01196	0.01673	0.07223	0.01158	0.02013	0.10876	0.01687	0.01322	0.01723	0.01187	0.12161	0.00902	0.00229	0.00716	0.00501	0.00342	0.00787

[dist]
# distance from previous block
# <min> <max>
0	1

[block]
# block no. 2 follows, 35 sequences, length 29
# corresponding to MSA columns:
# 93-121
name=unknown_C
#
# <colnr> <probs for GDERKNQSTAVLIFYWHMCP>
#	G	D	E	R	K	N	Q	S	T	A	V	L	I	F	Y	W	H	M	C	P
0	0.01551	0.09379	0.01517	0.01080	0.01465	0.01234	0.00863	0.17956	0.05004	0.05974	0.03995	0.19671	0.01987	0.02662	0.00668	0.00185	0.00525	0.00821	0.00518	0.22948
1	0.10138	0.19895	0.38116	0.01417	0.02117	0.01603	0.01632	0.02074	0.01359	0.11534	0.01313	0.03899	0.01010	0.00658	0.00547	0.00187	0.00759	0.00493	0.00361	0.00887
2	0.01268	0.04740	0.01106	0.00919	0.01182	0.00940	0.00713	0.13834	0.03365	0.07117	0.06508	0.20672	0.32387	0.01404	0.00715	0.00214	0.00436	0.01187	0.00600	0.00693
3	0.01865	0.09648	0.01788	0.01293	0.01671	0.01676	0.01058	0.40230	0.04110	0.02959	0.01815	0.16744	0.01679	0.01001	0.00743	0.00201	0.06062	0.00790	0.00551	0.04116
4	0.03607	0.41102	0.16965	0.01386	0.04957	0.07713	0.01338	0.01898	0.01330	0.01707	0.01079	0.04320	0.00968	0.00637	0.00538	0.00161	0.02921	0.00450	0.00301	0.06623
5	0.08457	0.12314	0.07247	0.04824	0.01881	0.11762	0.01230	0.12916	0.06081	0.04280	0.01363	0.01800	0.01151	0.00801	0.00801	0.00199	0.12185	0.05438	0.00413	0.04857
6	0.15402	0.27203	0.02167	0.01277	0.01721	0.22836	0.01080	0.15434	0.03775	0.02247	0.01082	0.01191	0.00877	0.00633	0.00502	0.00166	0.00778	0.00415	0.00387	0.00827
7	0.01078	0.00589	0.00853	0.00888	0.00926	0.00588	0.00644	0.00956	0.00991	0.01337	0.01686	0.05554	0.01750	0.02041	0.02007	0.58668	0.00541	0.14683	0.03860	0.00360
8	0.20282	0.25187	0.01969	0.01159	0.01582	0.14949	0.00984	0.11133	0.06802	0.02272	0.03848	0.01575	0.04502	0.00701	0.00508	0.00173	0.00678	0.00485	0.00413	0.00799
9	0.07940	0.01442	0.01573	0.01254	0.01702	0.03058	0.01017	0.34231	0.08278	0.17452	0.01824	0.05475	0.01377	0.00917	0.02836	0.00214	0.00639	0.00626	0.00610	0.07537
10	0.01020	0.00746	0.00917	0.00964	0.01082	0.00753	0.00707	0.06155	0.06502	0.01901	0.06613	0.36960	0.05510	0.13353	0.01164	0.00307	0.00473	0.13716	0.00569	0.00587
11	0.01400	0.01340	0.02142	0.23031	0.43632	0.03879	0.01707	0.01749	0.01381	0.01877	0.01449	0.10808	0.01344	0.00760	0.00650	0.00202	0.00745	0.00710	0.00339	0.00855
12	0.03740	0.46313	0.05792	0.01377	0.03549	0.05305	0.03497	0.04281	0.01330	0.03634	0.00974	0.01191	0.00853	0.00672	0.00768	0.00175	0.15006	0.00423	0.00307	0.00812
13	0.02625	0.01031	0.01401	0.01091	0.01543	0.00895	0.00895	0.02877	0.01813	0.66061	0.10546	0.02452	0.02071	0.00843	0.00650	0.00197	0.00513	0.00696	0.00775	0.01025
14	0.00960	0.00692	0.00869	0.00949	0.01039	0.00681	0.00659	0.08944	0.01416	0.01890	0.03272	0.68659	0.03841	0.01848	0.00790	0.00250	0.00406	0.01663	0.00594	0.00579
15	0.01173	0.00965	0.01109	0.01050	0.01260	0.06100	0.03771	0.01515	0.08986	0.05431	0.04861	0.38993	0.08024	0.04350	0.00815	0.00233	0.00492	0.01249	0.00547	0.09076
16	0.01466	0.28282	0.47231	0.01558	0.02335	0.05286	0.01871	0.01997	0.01344	0.01815	0.01045	0.01223	0.00808	0.00585	0.00536	0.00177	0.00861	0.00423	0.00272	0.00887
17	0.01327	0.00880	0.00996	0.00907	0.01189	0.00837	0.00714	0.06811	0.09588	0.13628	0.06948	0.07832	0.38272	0.01345	0.00723	0.00217	0.00425	0.06008	0.00634	0.00720
18	0.00801	0.00600	0.00699	0.00758	0.00853	0.00546	0.00511	0.00913	0.01258	0.01609	0.06984	0.34996	0.27685	0.17305	0.01281	0.00313	0.00400	0.01438	0.00552	0.00499
19	0.09827	0.17642	0.08523	0.01297	0.01838	0.03618	0.03424	0.23723	0.06583	0.02647	0.01275	0.01371	0.00984	0.00633	0.00536	0.00166	0.00667	0.00470	0.00442	0.14335
20	0.01852	0.05121	0.04068	0.01495	0.08114	0.06829	0.01123	0.36712	0.02203	0.02881	0.04936	0.06275	0.09230	0.05333	0.00794	0.00217	0.00663	0.00736	0.00536	0.00883
21	0.01333	0.04058	0.05281	0.05576	0.02408	0.01424	0.31609	0.01696	0.01323	0.01839	0.01649	0.04999	0.06315	0.03976	0.01022	0.00225	0.13575	0.00728	0.00347	0.10616
22	0.01676	0.04556	0.04396	0.01368	0.06735	0.01319	0.01054	0.16244	0.13886	0.07513	0.01771	0.07199	0.01475	0.00773	0.00593	0.00170	0.00569	0.02268	0.00511	0.25925
23	0.03748	0.13567	0.29336	0.04735	0.02196	0.06751	0.08542	0.01786	0.01396	0.01869	0.04741	0.02244	0.13104	0.00797	0.00646	0.00194	0.02554	0.00646	0.00352	0.00793
24	0.04180	0.01109	0.01231	0.01035	0.01337	0.01126	0.00795	0.24399	0.01789	0.06038	0.02263	0.05925	0.08050	0.22163	0.01357	0.00308	0.00580	0.05347	0.00525	0.10445
25	0.01449	0.06694	0.01485	0.01124	0.01415	0.04062	0.02935	0.15388	0.03996	0.02141	0.04548	0.09694	0.01836	0.18790	0.03056	0.00301	0.05567	0.00753	0.00454	0.14312
26	0.05884	0.08021	0.06840	0.06229	0.01839	0.09088	0.01113	0.11554	0.06843	0.19941	0.09356	0.02084	0.01729	0.04052	0.00753	0.00210	0.02438	0.00619	0.00536	0.00871
27	0.01544	0.17537	0.01774	0.01208	0.03921	0.08233	0.00951	0.11467	0.03447	0.03584	0.17060	0.04526	0.02253	0.04339	0.05621	0.00247	0.03268	0.00678	0.00469	0.07870
28	0.01951	0.07700	0.01732	0.01306	0.01690	0.04682	0.01072	0.33931	0.10468	0.07728	0.03487	0.05714	0.01663	0.03225	0.02668	0.00236	0.03583	0.05680	0.00571	0.00913

[dist]
# distance from previous block
# <min> <max>
2	13

[block]
# block no. 3 follows, 35 sequences, length 6
# corresponding to MSA columns:
# 139-144
name=unknown_D
#
# <colnr> <probs for GDERKNQSTAVLIFYWHMCP>
#	G	D	E	R	K	N	Q	S	T	A	V	L	I	F	Y	W	H	M	C	P
0	0.01570	0.01787	0.20821	0.01301	0.01798	0.04910	0.01279	0.14118	0.09405	0.09135	0.07955	0.02972	0.14570	0.00972	0.00667	0.00206	0.00645	0.04503	0.00531	0.00856
1	0.01454	0.11532	0.21263	0.06442	0.06635	0.05964	0.06708	0.03818	0.01467	0.06464	0.05265	0.06651	0.09603	0.00854	0.00676	0.00198	0.03091	0.00708	0.00399	0.00811
2	0.01347	0.01058	0.01203	0.05164	0.04691	0.05532	0.00929	0.11766	0.01648	0.05656	0.03294	0.09250	0.19021	0.07866	0.00953	0.00263	0.00582	0.18551	0.00542	0.00684
3	0.01214	0.01214	0.12545	0.01082	0.01368	0.00941	0.00956	0.03735	0.06242	0.07181	0.07789	0.14127	0.08633	0.18051	0.01328	0.00308	0.04378	0.05194	0.00499	0.03214
4	0.01530	0.04634	0.10602	0.09357	0.02065	0.01226	0.04905	0.04385	0.12296	0.10638	0.07231	0.02217	0.01677	0.00750	0.00612	0.00180	0.00622	0.04350	0.00479	0.20243
5	0.01750	0.04651	0.04862	0.07592	0.09033	0.01441	0.01196	0.23141	0.10216	0.08737	0.04809	0.09909	0.01718	0.00996	0.03030	0.00223	0.00658	0.00728	0.00533	0.04776

[dist]
# distance from previous block
# <min> <max>
19	150

[block]
# block no. 4 follows, 35 sequences, length 6
# corresponding to MSA columns:
# 314-319
name=unknown_E
#
# <colnr> <probs for GDERKNQSTAVLIFYWHMCP>
#	G	D	E	R	K	N	Q	S	T	A	V	L	I	F	Y	W	H	M	C	P
0	0.01735	0.13417	0.02134	0.01743	0.09015	0.22483	0.06216	0.05299	0.06740	0.01828	0.01396	0.09475	0.01303	0.00859	0.00852	0.00200	0.13501	0.00642	0.00374	0.00788
1	0.15059	0.22905	0.01797	0.06539	0.01610	0.06695	0.00914	0.01813	0.01405	0.07765	0.13890	0.02002	0.01849	0.04326	0.00650	0.00188	0.00590	0.00559	0.00429	0.09014
2	0.01135	0.00988	0.01098	0.05233	0.09393	0.08686	0.00767	0.01240	0.01153	0.01460	0.02054	0.18170	0.02303	0.41294	0.02022	0.00425	0.00650	0.00986	0.00406	0.00536
3	0.01255	0.01091	0.01764	0.17511	0.02300	0.01133	0.14976	0.09154	0.01483	0.01977	0.02076	0.18720	0.02112	0.08772	0.00979	0.00266	0.00702	0.09582	0.00446	0.03704
4	0.01634	0.01284	0.01530	0.01384	0.06904	0.05090	0.01044	0.09602	0.01580	0.09862	0.01659	0.02423	0.01464	0.00832	0.00753	0.00178	0.08199	0.12028	0.00466	0.32083
5	0.04405	0.15281	0.09543	0.01272	0.01720	0.06708	0.01141	0.09056	0.25255	0.06131	0.02184	0.02140	0.08528	0.00822	0.00638	0.00194	0.02968	0.00629	0.00498	0.00889

[dist]
# distance from previous block
# <min> <max>
19	48

[block]
# block no. 5 follows, 35 sequences, length 14
# corresponding to MSA columns:
# 382-395
name=unknown_F
#
# <colnr> <probs for GDERKNQSTAVLIFYWHMCP>
#	G	D	E	R	K	N	Q	S	T	A	V	L	I	F	Y	W	H	M	C	P
0	0.01581	0.17382	0.27898	0.01801	0.02475	0.05713	0.21089	0.02068	0.01455	0.07328	0.04417	0.01580	0.01137	0.00619	0.00612	0.00189	0.00876	0.00560	0.00344	0.00875
1	0.01644	0.28455	0.13772	0.03214	0.01870	0.09221	0.01261	0.10438	0.10229	0.02044	0.01708	0.01800	0.06902	0.00899	0.03781	0.00212	0.00767	0.00542	0.00395	0.00845
2	0.00750	0.00643	0.00643	0.00643	0.00857	0.00536	0.00482	0.00910	0.01446	0.01714	0.06427	0.06105	0.73490	0.01607	0.00750	0.00214	0.00321	0.01339	0.00589	0.00536
3	0.00923	0.00615	0.00692	0.00692	0.00692	0.00615	0.00384	0.00923	0.00923	0.01230	0.01999	0.04151	0.02306	0.77705	0.03229	0.00615	0.00615	0.00923	0.00384	0.00384
4	0.01442	0.01365	0.02335	0.17145	0.50648	0.01414	0.04482	0.01825	0.01415	0.01968	0.01405	0.02167	0.01243	0.00698	0.00659	0.00204	0.00766	0.07585	0.00336	0.00900
5	0.00916	0.00861	0.06790	0.00867	0.01086	0.00664	0.00730	0.01239	0.01729	0.02431	0.61930	0.04578	0.11238	0.01267	0.00737	0.00201	0.00353	0.01108	0.00654	0.00621
6	0.01102	0.00551	0.00826	0.00826	0.00826	0.00551	0.00551	0.00826	0.00826	0.01102	0.01102	0.01928	0.01102	0.02204	0.02479	0.81543	0.00551	0.00551	0.00275	0.00275
7	0.01746	0.56137	0.12646	0.01270	0.01831	0.13875	0.01277	0.02015	0.01376	0.01572	0.00932	0.01081	0.00813	0.00568	0.00459	0.00149	0.00787	0.00368	0.00280	0.00818
8	0.00771	0.00559	0.00729	0.00864	0.00915	0.00517	0.00580	0.00886	0.01233	0.01627	0.03734	0.71525	0.09809	0.01957	0.00805	0.00254	0.00364	0.01766	0.00589	0.00517
9	0.09759	0.37997	0.18659	0.06700	0.04326	0.06922	0.01415	0.04441	0.01377	0.01865	0.00996	0.01182	0.00817	0.00583	0.00492	0.00167	0.00764	0.00405	0.00302	0.00831
10	0.00924	0.00915	0.06040	0.00855	0.01113	0.00743	0.00712	0.01355	0.10224	0.02037	0.20933	0.09185	0.39826	0.01394	0.00730	0.00213	0.00385	0.01184	0.00598	0.00635
11	0.01459	0.01440	0.09328	0.01202	0.01742	0.01122	0.04894	0.14238	0.01697	0.02475	0.11438	0.01862	0.01666	0.00657	0.00569	0.00144	0.00570	0.00551	0.00454	0.42492
12	0.13013	0.25619	0.04353	0.01159	0.01568	0.01622	0.05934	0.11333	0.01520	0.05436	0.07548	0.04077	0.01587	0.08772	0.00886	0.03160	0.00631	0.00599	0.00423	0.00760
13	0.01489	0.17009	0.48773	0.01589	0.02367	0.01701	0.01893	0.11194	0.01565	0.02196	0.03793	0.01428	0.01032	0.00638	0.00576	0.00187	0.00834	0.00483	0.00333	0.00921

[dist]
# distance from previous block
# <min> <max>
1	6

[block]
# block no. 6 follows, 35 sequences, length 13
# corresponding to MSA columns:
# 402-414
name=unknown_G
#
# <colnr> <probs for GDERKNQSTAVLIFYWHMCP>
#	G	D	E	R	K	N	Q	S	T	A	V	L	I	F	Y	W	H	M	C	P
0	0.06509	0.50805	0.04438	0.01088	0.01504	0.01999	0.01024	0.01703	0.01272	0.01673	0.05862	0.09078	0.01507	0.00907	0.02797	0.00194	0.05979	0.00569	0.00341	0.00749
1	0.13508	0.10969	0.50039	0.01596	0.02369	0.05602	0.03615	0.02005	0.01324	0.02055	0.01068	0.01257	0.00792	0.00595	0.00552	0.00191	0.00857	0.00440	0.00291	0.00874
2	0.00798	0.00563	0.00729	0.00851	0.00881	0.00532	0.00554	0.00890	0.01165	0.01553	0.03242	0.64856	0.03875	0.14861	0.01221	0.00318	0.00410	0.01654	0.00554	0.00493
3	0.08646	0.00843	0.00935	0.00860	0.01100	0.00831	0.00660	0.05529	0.07534	0.06282	0.29362	0.08945	0.23547	0.01268	0.00698	0.00208	0.00381	0.01072	0.00629	0.00671
4	0.01426	0.01353	0.02087	0.05183	0.49835	0.03732	0.01568	0.01776	0.02924	0.01979	0.01785	0.10772	0.05592	0.00798	0.00644	0.00192	0.00673	0.00741	0.00373	0.06564
5	0.01464	0.09835	0.20477	0.02307	0.03009	0.01665	0.47901	0.02013	0.01439	0.01972	0.01208	0.01553	0.00910	0.00552	0.00679	0.00203	0.00999	0.00641	0.00303	0.00871
6	0.00786	0.00560	0.00739	0.00869	0.00909	0.00524	0.00578	0.00899	0.01224	0.01639	0.06484	0.70182	0.04173	0.06021	0.00937	0.00274	0.00378	0.01727	0.00583	0.00512
7	0.01851	0.05867	0.12018	0.02314	0.24795	0.31958	0.01577	0.02269	0.06158	0.01847	0.01185	0.01409	0.00964	0.00718	0.02243	0.00198	0.00941	0.00489	0.00333	0.00866
8	0.01538	0.01715	0.10061	0.08684	0.59157	0.03802	0.01953	0.01949	0.01432	0.02018	0.01176	0.01541	0.00967	0.00577	0.00624	0.00191	0.00792	0.00550	0.00307	0.00968
9	0.02283	0.00949	0.01277	0.01038	0.01425	0.00828	0.00833	0.02518	0.01735	0.54050	0.12130	0.10306	0.05723	0.01012	0.00675	0.00204	0.00481	0.00856	0.00745	0.00934
10	0.00975	0.00615	0.00802	0.00875	0.00968	0.00565	0.00602	0.01107	0.01305	0.08165	0.08398	0.57246	0.07847	0.06204	0.00927	0.00266	0.00390	0.01576	0.00602	0.00565
11	0.06299	0.09779	0.06276	0.03747	0.13204	0.02860	0.01203	0.13410	0.01772	0.19725	0.09895	0.05667	0.01822	0.00808	0.00615	0.00191	0.00621	0.00665	0.00533	0.00908
12	0.20935	0.18043	0.31446	0.04979	0.02077	0.01602	0.01499	0.01911	0.01306	0.04180	0.05733	0.01458	0.01136	0.00638	0.00523	0.00186	0.00718	0.00465	0.00342	0.00822

[dist]
# distance from previous block
# <min> <max>
16	44

[block]
# block no. 7 follows, 35 sequences, length 18
# corresponding to MSA columns:
# 462-479
name=unknown_H
#
# <colnr> <probs for GDERKNQSTAVLIFYWHMCP>
#	G	D	E	R	K	N	Q	S	T	A	V	L	I	F	Y	W	H	M	C	P
0	0.01773	0.01479	0.04062	0.05192	0.01738	0.10611	0.01047	0.21769	0.06776	0.09256	0.03336	0.14652	0.01928	0.05600	0.02801	0.00251	0.00692	0.03707	0.00542	0.02790
1	0.00840	0.00648	0.00780	0.00794	0.00954	0.00571	0.00581	0.01035	0.01465	0.01942	0.23696	0.27160	0.27095	0.01575	0.00755	0.00219	0.00347	0.03646	0.00607	0.05289
2	0.01705	0.65918	0.06110	0.01151	0.01678	0.08392	0.01132	0.01931	0.01352	0.01558	0.03538	0.01177	0.01002	0.00582	0.00441	0.00143	0.00714	0.00380	0.00291	0.00805
3	0.01812	0.42559	0.12577	0.01408	0.04428	0.11975	0.01318	0.04154	0.01441	0.06977	0.01076	0.01219	0.00884	0.00624	0.00586	0.00165	0.05207	0.00416	0.00329	0.00848
4	0.00769	0.00566	0.00722	0.00848	0.00911	0.00518	0.00573	0.00887	0.01249	0.01633	0.03932	0.66722	0.14484	0.01931	0.00801	0.00251	0.00361	0.01734	0.00589	0.00518
5	0.00926	0.00700	0.00784	0.00746	0.00959	0.00627	0.00565	0.01220	0.05316	0.04958	0.27550	0.05311	0.45170	0.01435	0.00739	0.00209	0.00333	0.01216	0.00635	0.00602
6	0.02559	0.01254	0.01558	0.01210	0.01677	0.01222	0.00995	0.23393	0.02130	0.47398	0.04931	0.02084	0.01596	0.00965	0.03775	0.00229	0.00626	0.00640	0.00718	0.01039
7	0.65347	0.06298	0.03141	0.00932	0.01361	0.01499	0.00803	0.06149	0.01258	0.06978	0.01023	0.01134	0.00774	0.00608	0.00428	0.00192	0.00530	0.00378	0.00419	0.00749
8	0.00781	0.00608	0.00714	0.00786	0.00915	0.00540	0.00565	0.00932	0.01356	0.01711	0.07249	0.37898	0.36144	0.01775	0.00784	0.00238	0.00357	0.05525	0.00592	0.00532
9	0.06753	0.15182	0.01974	0.01440	0.08386	0.01545	0.01104	0.17944	0.03790	0.32937	0.01784	0.01701	0.01233	0.00707	0.00581	0.00184	0.00616	0.00548	0.00590	0.01001
10	0.07798	0.63559	0.02943	0.01110	0.01610	0.08444	0.01058	0.01926	0.01307	0.01599	0.00916	0.01076	0.00829	0.00689	0.02794	0.00171	0.00736	0.00356	0.00287	0.00790
11	0.00794	0.00567	0.00761	0.00908	0.00954	0.00534	0.00626	0.00920	0.01236	0.01643	0.03485	0.71252	0.04149	0.01967	0.00815	0.00261	0.00387	0.07631	0.00588	0.00521
12	0.02412	0.01777	0.01904	0.01460	0.01967	0.01967	0.01206	0.71633	0.02983	0.03998	0.01523	0.01523	0.01079	0.00762	0.00635	0.00190	0.00698	0.00571	0.00635	0.01079
13	0.00777	0.00561	0.00728	0.00860	0.00907	0.00521	0.00574	0.00887	0.01218	0.01610	0.03629	0.69696	0.08673	0.04984	0.00902	0.00269	0.00375	0.01738	0.00581	0.00511
14	0.04855	0.04384	0.07096	0.01805	0.07048	0.24718	0.10752	0.09971	0.08629	0.05642	0.02798	0.01556	0.01125	0.00706	0.00717	0.00193	0.06183	0.00549	0.00413	0.00860
15	0.04205	0.04614	0.09210	0.06209	0.06922	0.01338	0.28175	0.01852	0.01412	0.04084	0.03917	0.04046	0.01226	0.00617	0.00629	0.00180	0.00785	0.00628	0.00362	0.19588
16	0.01580	0.04654	0.03579	0.01292	0.02915	0.06195	0.01019	0.11188	0.30826	0.03652	0.03438	0.03878	0.06675	0.07401	0.03522	0.00270	0.05805	0.00727	0.00532	0.00852
17	0.01831	0.03402	0.01649	0.01362	0.03721	0.07836	0.03189	0.32536	0.10353	0.02824	0.04677	0.05413	0.05877	0.08028	0.00882	0.00230	0.00658	0.00718	0.00545	0.04270

[dist]
# distance from previous block
# <min> <max>
0	5

# created by:
# /st0/software/busco_prod/Augustus/scripts/msa2prfl.pl ./align_prep/175499.fa
