[name]
unknown

[dist]
# distance from previous block
# <min> <max>
15	91

[block]
# block no. 0 follows, 37 sequences, length 26
# corresponding to MSA columns:
# 135-160
name=unknown_A
#
# <colnr> <probs for GDERKNQSTAVLIFYWHMCP>
#	G	D	E	R	K	N	Q	S	T	A	V	L	I	F	Y	W	H	M	C	P
0	0.11258	0.06062	0.11625	0.05163	0.28694	0.01501	0.07702	0.03873	0.04136	0.07508	0.01229	0.01469	0.00955	0.00617	0.00665	0.00191	0.05597	0.00521	0.00356	0.00879
1	0.06652	0.05217	0.05696	0.05950	0.12397	0.09113	0.05770	0.04219	0.15213	0.07977	0.01507	0.01762	0.01190	0.00700	0.00673	0.00188	0.05567	0.02876	0.00421	0.06911
2	0.10716	0.10827	0.18777	0.09984	0.16989	0.01514	0.10946	0.01923	0.03725	0.04284	0.01157	0.01408	0.00893	0.00570	0.00561	0.00183	0.00754	0.00498	0.00322	0.03971
3	0.01940	0.01440	0.08926	0.01256	0.01709	0.01335	0.01090	0.07447	0.38510	0.26035	0.02260	0.02067	0.01591	0.00776	0.00616	0.00199	0.00551	0.00634	0.00629	0.00991
4	0.01365	0.01145	0.01321	0.00952	0.01491	0.00914	0.00765	0.07965	0.01415	0.02163	0.01122	0.01287	0.00919	0.00479	0.00468	0.00099	0.00473	0.00380	0.00385	0.74893
5	0.03180	0.01301	0.02040	0.07664	0.11189	0.02746	0.18432	0.04261	0.04344	0.09358	0.01473	0.06430	0.01210	0.00647	0.00600	0.00170	0.00680	0.00620	0.00406	0.23250
6	0.00857	0.00590	0.00742	0.00790	0.00882	0.00546	0.00549	0.00986	0.01285	0.03697	0.16910	0.36567	0.14943	0.11199	0.01113	0.03569	0.00383	0.03328	0.00557	0.00507
7	0.00760	0.00547	0.00720	0.00833	0.00889	0.00508	0.00565	0.00890	0.01249	0.01675	0.12125	0.66364	0.06961	0.01822	0.00772	0.00240	0.00345	0.01646	0.00581	0.00508
8	0.01403	0.01411	0.04635	0.24294	0.50634	0.01429	0.03733	0.01794	0.01344	0.01874	0.01134	0.01545	0.00919	0.00565	0.00610	0.00189	0.00766	0.00547	0.00293	0.00882
9	0.01216	0.00737	0.00889	0.00826	0.01030	0.00680	0.00620	0.05809	0.01467	0.13512	0.11702	0.14563	0.27781	0.05454	0.01002	0.08463	0.00414	0.02657	0.00572	0.00606
10	0.07650	0.01030	0.01340	0.01053	0.01490	0.00930	0.00863	0.02780	0.04605	0.62040	0.07785	0.02211	0.01799	0.00786	0.00609	0.00190	0.00499	0.00638	0.00722	0.00979
11	0.00857	0.00625	0.00806	0.00761	0.00909	0.00574	0.00570	0.01138	0.01711	0.02404	0.70009	0.04656	0.10144	0.01270	0.00722	0.00193	0.00290	0.01119	0.00667	0.00574
12	0.18247	0.01545	0.01546	0.01236	0.01659	0.03619	0.01002	0.48016	0.06519	0.03328	0.01422	0.01575	0.01083	0.05653	0.00724	0.00212	0.00629	0.00533	0.00543	0.00910
13	0.67838	0.01125	0.00951	0.00843	0.01211	0.01260	0.00686	0.01883	0.01137	0.11481	0.01203	0.06034	0.00982	0.00677	0.00433	0.00193	0.00472	0.00456	0.00437	0.00699
14	0.00981	0.00647	0.00836	0.00790	0.00952	0.00589	0.00591	0.01238	0.01653	0.07621	0.56861	0.11633	0.10664	0.01303	0.00720	0.00199	0.00314	0.01147	0.00661	0.00599
15	0.01523	0.01315	0.01384	0.01246	0.01592	0.01523	0.00969	0.03253	0.73563	0.02561	0.02491	0.02284	0.01869	0.00830	0.00623	0.00208	0.00484	0.00692	0.00623	0.00969
16	0.01228	0.03166	0.75316	0.01745	0.02649	0.01422	0.02262	0.01939	0.01292	0.01939	0.01099	0.01292	0.00775	0.00582	0.00582	0.00194	0.00905	0.00452	0.00258	0.00905
17	0.00744	0.00559	0.00690	0.00788	0.00872	0.00505	0.00541	0.00869	0.01249	0.01615	0.06388	0.56461	0.22903	0.01798	0.00764	0.00236	0.00341	0.01600	0.00572	0.00505
18	0.00746	0.00533	0.00710	0.00852	0.00888	0.00497	0.00568	0.00852	0.01172	0.01563	0.03374	0.78088	0.04049	0.01918	0.00781	0.00249	0.00355	0.01740	0.00568	0.00497
19	0.01156	0.01088	0.01836	0.77016	0.04216	0.01360	0.01700	0.01564	0.01224	0.01564	0.01088	0.01632	0.00816	0.00612	0.00612	0.00204	0.00816	0.00544	0.00272	0.00680
20	0.01073	0.00666	0.00854	0.00885	0.01021	0.00626	0.00632	0.01324	0.05935	0.11461	0.11702	0.50168	0.08073	0.01594	0.00739	0.00229	0.00375	0.01423	0.00609	0.00610
21	0.00891	0.00589	0.00700	0.00730	0.00760	0.00572	0.00446	0.00937	0.01024	0.03133	0.04351	0.24347	0.04657	0.51582	0.02290	0.00469	0.00511	0.01133	0.00447	0.00431
22	0.02303	0.01667	0.01797	0.01387	0.01869	0.01839	0.01143	0.66307	0.06420	0.06657	0.01560	0.01536	0.01102	0.00741	0.00613	0.00185	0.00658	0.00561	0.00619	0.01037
23	0.03554	0.01336	0.01392	0.01076	0.01516	0.05923	0.00851	0.23815	0.01789	0.02518	0.05098	0.01728	0.01306	0.07451	0.00756	0.00176	0.00568	0.00508	0.00455	0.38185
24	0.07132	0.03148	0.04382	0.01507	0.11617	0.04798	0.02901	0.16538	0.05526	0.11042	0.01525	0.01926	0.01256	0.13452	0.00984	0.00241	0.00638	0.00573	0.00460	0.10355
25	0.08926	0.03929	0.01955	0.04972	0.26365	0.06578	0.05067	0.15052	0.05507	0.03581	0.01478	0.01711	0.03984	0.02866	0.00651	0.00191	0.00685	0.00558	0.00407	0.05535

[dist]
# distance from previous block
# <min> <max>
5	34

[block]
# block no. 1 follows, 37 sequences, length 29
# corresponding to MSA columns:
# 195-216,223-229
name=unknown_B
#
# <colnr> <probs for GDERKNQSTAVLIFYWHMCP>
#	G	D	E	R	K	N	Q	S	T	A	V	L	I	F	Y	W	H	M	C	P
0	0.04095	0.01722	0.20303	0.10368	0.13662	0.05979	0.01417	0.01800	0.05624	0.04038	0.05749	0.02206	0.10931	0.00753	0.00597	0.00183	0.00672	0.00626	0.00384	0.08891
1	0.14966	0.10718	0.08404	0.04444	0.04377	0.01361	0.11454	0.08820	0.01475	0.07941	0.06002	0.06685	0.06530	0.03438	0.00670	0.00204	0.00637	0.00677	0.00432	0.00767
2	0.11052	0.06854	0.13265	0.11582	0.10405	0.06053	0.03359	0.04097	0.08661	0.06865	0.01709	0.03970	0.06172	0.00721	0.00574	0.00188	0.00678	0.00587	0.00398	0.02811
3	0.04647	0.27403	0.21405	0.01246	0.01777	0.01661	0.01293	0.08432	0.06433	0.04098	0.05527	0.01608	0.01277	0.01106	0.09344	0.00265	0.00793	0.00499	0.00369	0.00816
4	0.04437	0.04091	0.50954	0.01608	0.05825	0.01289	0.01810	0.01844	0.01304	0.04457	0.03050	0.05444	0.01116	0.00657	0.00572	0.00183	0.00767	0.00529	0.00320	0.09741
5	0.01235	0.01226	0.07072	0.01330	0.06599	0.02371	0.07834	0.06957	0.05237	0.02080	0.12413	0.08682	0.07820	0.08101	0.00857	0.00214	0.00563	0.00790	0.00456	0.18164
6	0.01456	0.01287	0.06417	0.03409	0.01560	0.02914	0.00960	0.25251	0.04271	0.02461	0.04011	0.25356	0.03804	0.03035	0.00710	0.00205	0.00551	0.00929	0.00521	0.10891
7	0.01374	0.03458	0.01051	0.00833	0.01122	0.00741	0.00652	0.01617	0.01536	0.18179	0.28159	0.03340	0.10964	0.04804	0.00742	0.00192	0.00394	0.00827	0.07128	0.12885
8	0.10137	0.03456	0.01544	0.18249	0.02122	0.01442	0.01109	0.29190	0.03733	0.02642	0.05743	0.07055	0.01499	0.01176	0.07983	0.00271	0.00729	0.00649	0.00474	0.00798
9	0.13437	0.10946	0.05980	0.01229	0.01645	0.16889	0.01052	0.24285	0.03475	0.02583	0.06296	0.01547	0.01272	0.00692	0.00534	0.00172	0.00688	0.00498	0.05961	0.00815
10	0.00929	0.00773	0.00836	0.00796	0.00967	0.05002	0.00596	0.01209	0.03439	0.02187	0.50125	0.06758	0.21512	0.01294	0.00712	0.00196	0.00348	0.01117	0.00624	0.00578
11	0.01542	0.50876	0.22581	0.01346	0.01970	0.05093	0.05560	0.01894	0.01289	0.01607	0.00944	0.01110	0.00791	0.00543	0.00469	0.00153	0.00762	0.00387	0.00266	0.00817
12	0.01581	0.62295	0.09475	0.01227	0.01780	0.02221	0.06106	0.01934	0.05496	0.01586	0.00996	0.01132	0.00858	0.00546	0.00446	0.00146	0.00693	0.00387	0.00286	0.00810
13	0.00852	0.00625	0.00798	0.00755	0.00906	0.00571	0.00566	0.01127	0.01699	0.02374	0.67501	0.04705	0.12671	0.01281	0.00722	0.00194	0.00291	0.01126	0.00663	0.00571
14	0.00809	0.00589	0.00768	0.00844	0.00939	0.00548	0.00616	0.00993	0.01379	0.01856	0.23517	0.41944	0.10636	0.01669	0.00768	0.00233	0.00359	0.10404	0.00597	0.00530
15	0.12699	0.08856	0.09274	0.06623	0.11000	0.03535	0.05440	0.05179	0.04210	0.11780	0.01547	0.03429	0.01297	0.00773	0.00658	0.00199	0.04462	0.07803	0.00421	0.00816
16	0.00931	0.00671	0.00759	0.00717	0.00927	0.00591	0.00545	0.01178	0.03585	0.07027	0.27024	0.05114	0.45942	0.01382	0.00713	0.00201	0.00323	0.01170	0.00616	0.00585
17	0.00741	0.00550	0.00692	0.00806	0.00876	0.00501	0.00548	0.00858	0.01216	0.01581	0.03936	0.63742	0.18031	0.01845	0.00770	0.00240	0.00346	0.01651	0.00568	0.00501
18	0.01395	0.01510	0.08928	0.24398	0.32693	0.01437	0.08765	0.04276	0.05276	0.01954	0.01263	0.01693	0.01007	0.00611	0.00623	0.00195	0.00781	0.02011	0.00324	0.00860
19	0.01943	0.07852	0.11128	0.01288	0.01779	0.01562	0.01170	0.37630	0.04618	0.11663	0.01978	0.06423	0.06564	0.00834	0.00610	0.00188	0.00631	0.00658	0.00551	0.00930
20	0.01637	0.78856	0.03208	0.01047	0.01571	0.02422	0.01047	0.01833	0.01244	0.01440	0.00851	0.00982	0.00786	0.00524	0.00393	0.00131	0.00655	0.00327	0.00262	0.00786
21	0.00876	0.00651	0.00959	0.00959	0.01059	0.00752	0.00734	0.01077	0.00976	0.01403	0.01662	0.02531	0.01585	0.10423	0.70305	0.00953	0.01557	0.00674	0.00331	0.00533
22	0.10786	0.13774	0.36938	0.11016	0.02476	0.01530	0.06263	0.01934	0.01289	0.06989	0.01132	0.01332	0.00830	0.00583	0.00545	0.00186	0.00788	0.00460	0.00312	0.00835
23	0.01668	0.01874	0.01975	0.31233	0.18007	0.29811	0.03230	0.01974	0.01459	0.01639	0.01051	0.01407	0.00840	0.00603	0.00591	0.00182	0.00912	0.00492	0.00296	0.00755
24	0.02615	0.01236	0.05127	0.01164	0.01661	0.01059	0.01002	0.12213	0.01879	0.61985	0.02224	0.01963	0.01416	0.00746	0.00613	0.00189	0.00560	0.00599	0.00714	0.01035
25	0.00874	0.00656	0.00984	0.00984	0.01093	0.00765	0.00765	0.01093	0.00984	0.01421	0.01640	0.02405	0.01530	0.04591	0.76062	0.00984	0.01640	0.00656	0.00328	0.00547
26	0.00890	0.00593	0.00668	0.00668	0.00668	0.00593	0.00371	0.00890	0.00890	0.01187	0.01929	0.04006	0.02225	0.78487	0.03116	0.00593	0.00593	0.00890	0.00371	0.00371
27	0.00820	0.00590	0.00776	0.00802	0.00904	0.00546	0.00574	0.01038	0.01516	0.02110	0.46896	0.33006	0.05108	0.01509	0.00745	0.00214	0.00314	0.01352	0.00633	0.00546
28	0.01523	0.01315	0.01384	0.01246	0.01592	0.01523	0.00969	0.03253	0.73563	0.02561	0.02491	0.02284	0.01869	0.00830	0.00623	0.00208	0.00484	0.00692	0.00623	0.00969

[dist]
# distance from previous block
# <min> <max>
0	79

[block]
# block no. 2 follows, 37 sequences, length 24
# corresponding to MSA columns:
# 309-332
name=unknown_C
#
# <colnr> <probs for GDERKNQSTAVLIFYWHMCP>
#	G	D	E	R	K	N	Q	S	T	A	V	L	I	F	Y	W	H	M	C	P
0	0.82811	0.01184	0.00900	0.00805	0.01184	0.01373	0.00663	0.01799	0.01042	0.02746	0.00852	0.00994	0.00663	0.00568	0.00379	0.00189	0.00474	0.00331	0.00379	0.00663
1	0.01513	0.13012	0.07753	0.01158	0.01505	0.23651	0.00987	0.04713	0.03902	0.03346	0.04119	0.11046	0.18907	0.01002	0.00608	0.00183	0.00679	0.00791	0.00431	0.00694
2	0.00888	0.00596	0.00686	0.00700	0.00709	0.00595	0.00412	0.00908	0.00930	0.01238	0.02064	0.07644	0.02378	0.70952	0.02890	0.00561	0.00581	0.04493	0.00390	0.00387
3	0.01572	0.01351	0.01397	0.01247	0.01588	0.03570	0.00970	0.09337	0.61123	0.02592	0.02406	0.06454	0.01887	0.00878	0.00629	0.00206	0.00511	0.00730	0.00610	0.00942
4	0.01889	0.05772	0.01653	0.03330	0.01717	0.01536	0.01010	0.43093	0.04183	0.04689	0.05276	0.06139	0.01471	0.00779	0.00588	0.00172	0.00586	0.00616	0.03272	0.12229
5	0.22447	0.09069	0.08334	0.01147	0.01633	0.04100	0.01033	0.13089	0.04836	0.26286	0.01555	0.01510	0.01079	0.00666	0.00529	0.00183	0.00600	0.00487	0.00524	0.00894
6	0.00736	0.00612	0.00644	0.00655	0.00840	0.00519	0.00484	0.00897	0.01398	0.01705	0.11053	0.13064	0.62158	0.01565	0.00729	0.00210	0.00313	0.01323	0.00576	0.00519
7	0.00874	0.00656	0.00984	0.00984	0.01093	0.00765	0.00765	0.01093	0.00984	0.01421	0.01640	0.02405	0.01530	0.04591	0.76062	0.00984	0.01640	0.00656	0.00328	0.00547
8	0.02351	0.03087	0.01490	0.01148	0.01588	0.01180	0.00939	0.12573	0.15459	0.46669	0.05275	0.02114	0.01677	0.00783	0.00615	0.00191	0.00529	0.00635	0.00696	0.01002
9	0.01438	0.26138	0.48390	0.01506	0.02260	0.04395	0.01810	0.01957	0.01308	0.04068	0.01059	0.01216	0.00802	0.00571	0.00524	0.00173	0.00824	0.00417	0.00277	0.00866
10	0.01656	0.67050	0.06451	0.01138	0.01647	0.07861	0.01124	0.01872	0.01273	0.01469	0.00868	0.01017	0.00786	0.00553	0.00467	0.00140	0.03234	0.00345	0.00266	0.00782
11	0.01141	0.00571	0.00571	0.00571	0.00713	0.00571	0.00428	0.01426	0.01284	0.02282	0.01997	0.02282	0.01569	0.00713	0.00428	0.00143	0.00285	0.00571	0.81886	0.00571
12	0.00804	0.00636	0.00732	0.00784	0.00924	0.00589	0.00564	0.01062	0.06598	0.01719	0.07453	0.36293	0.34575	0.01645	0.00744	0.00226	0.00348	0.03184	0.00577	0.00545
13	0.00890	0.00596	0.00680	0.00680	0.00684	0.00600	0.00386	0.00898	0.00894	0.01196	0.01917	0.03943	0.02198	0.75605	0.05961	0.00609	0.00634	0.00881	0.00369	0.00378
14	0.01381	0.02952	0.67872	0.01679	0.02540	0.01369	0.02124	0.02044	0.01339	0.09307	0.01231	0.01372	0.00850	0.00599	0.00585	0.00193	0.00866	0.00469	0.00309	0.00918
15	0.01637	0.78856	0.03208	0.01047	0.01571	0.02422	0.01047	0.01833	0.01244	0.01440	0.00851	0.00982	0.00786	0.00524	0.00393	0.00131	0.00655	0.00327	0.00262	0.00786
16	0.01269	0.01088	0.01269	0.00907	0.01451	0.00816	0.00725	0.01541	0.01269	0.01995	0.01088	0.01269	0.00907	0.00453	0.00453	0.00091	0.00453	0.00363	0.00363	0.82229
17	0.01523	0.01315	0.01384	0.01246	0.01592	0.01523	0.00969	0.03253	0.73563	0.02561	0.02491	0.02284	0.01869	0.00830	0.00623	0.00208	0.00484	0.00692	0.00623	0.00969
18	0.00723	0.00620	0.00620	0.00620	0.00827	0.00517	0.00465	0.00878	0.01395	0.01654	0.06201	0.05891	0.74421	0.01550	0.00723	0.00207	0.00310	0.01292	0.00568	0.00517
19	0.01534	0.01441	0.02293	0.25269	0.34176	0.03592	0.08815	0.11605	0.01563	0.02108	0.01179	0.01546	0.00924	0.00591	0.00619	0.00191	0.00788	0.00559	0.00338	0.00871
20	0.00890	0.00593	0.00668	0.00668	0.00668	0.00593	0.00371	0.00890	0.00890	0.01187	0.01929	0.04006	0.02225	0.78487	0.03116	0.00593	0.00593	0.00890	0.00371	0.00371
21	0.01396	0.01301	0.02137	0.45095	0.03436	0.01502	0.14482	0.11285	0.05585	0.01997	0.01232	0.01636	0.00926	0.00647	0.00704	0.00205	0.04733	0.00586	0.00344	0.00771
22	0.82811	0.01184	0.00900	0.00805	0.01184	0.01373	0.00663	0.01799	0.01042	0.02746	0.00852	0.00994	0.00663	0.00568	0.00379	0.00189	0.00474	0.00331	0.00379	0.00663
23	0.01294	0.01255	0.04139	0.33977	0.24573	0.01348	0.01558	0.01893	0.13308	0.01872	0.01525	0.07871	0.01297	0.00733	0.00625	0.00201	0.00700	0.00663	0.00363	0.00807

[dist]
# distance from previous block
# <min> <max>
0	13

[block]
# block no. 3 follows, 37 sequences, length 26
# corresponding to MSA columns:
# 346-371
name=unknown_D
#
# <colnr> <probs for GDERKNQSTAVLIFYWHMCP>
#	G	D	E	R	K	N	Q	S	T	A	V	L	I	F	Y	W	H	M	C	P
0	0.04295	0.35327	0.25273	0.01303	0.01921	0.01868	0.01409	0.12124	0.01528	0.05624	0.03368	0.01315	0.01005	0.00608	0.00504	0.00165	0.00712	0.00437	0.00352	0.00862
1	0.00896	0.00743	0.01174	0.16163	0.04143	0.00766	0.05329	0.01097	0.01207	0.01602	0.02713	0.55602	0.03110	0.01526	0.00738	0.00235	0.00501	0.01400	0.00484	0.00570
2	0.00874	0.00656	0.00984	0.00984	0.01093	0.00765	0.00765	0.01093	0.00984	0.01421	0.01640	0.02405	0.01530	0.04591	0.76062	0.00984	0.01640	0.00656	0.00328	0.00547
3	0.01997	0.01797	0.14398	0.05454	0.04552	0.01585	0.06002	0.39164	0.02188	0.11914	0.01538	0.03956	0.01128	0.00722	0.00620	0.00191	0.00717	0.00590	0.00521	0.00966
4	0.01222	0.01217	0.02242	0.59985	0.03983	0.01403	0.17887	0.01655	0.01275	0.01655	0.01122	0.01636	0.00842	0.00590	0.00637	0.00205	0.00865	0.00585	0.00281	0.00713
5	0.02287	0.02917	0.01735	0.01577	0.01892	0.76030	0.01183	0.02444	0.01735	0.01498	0.00946	0.01104	0.00788	0.00631	0.00552	0.00158	0.01104	0.00394	0.00315	0.00710
6	0.00746	0.00533	0.00710	0.00852	0.00888	0.00497	0.00568	0.00852	0.01172	0.01563	0.03374	0.78088	0.04049	0.01918	0.00781	0.00249	0.00355	0.01740	0.00568	0.00497
7	0.01483	0.16493	0.04962	0.14813	0.33286	0.05267	0.09372	0.01836	0.01345	0.01774	0.01094	0.01442	0.00904	0.00663	0.02606	0.00199	0.00810	0.00515	0.00291	0.00845
8	0.00746	0.00533	0.00710	0.00852	0.00888	0.00497	0.00568	0.00852	0.01172	0.01563	0.03374	0.78088	0.04049	0.01918	0.00781	0.00249	0.00355	0.01740	0.00568	0.00497
9	0.00746	0.00533	0.00710	0.00852	0.00888	0.00497	0.00568	0.00852	0.01172	0.01563	0.03374	0.78088	0.04049	0.01918	0.00781	0.00249	0.00355	0.01740	0.00568	0.00497
10	0.00866	0.00626	0.00818	0.00770	0.00914	0.00578	0.00578	0.01155	0.01733	0.02455	0.74346	0.04572	0.05776	0.01251	0.00722	0.00193	0.00289	0.01107	0.00674	0.00578
11	0.01269	0.01088	0.01269	0.00907	0.01451	0.00816	0.00725	0.01541	0.01269	0.01995	0.01088	0.01269	0.00907	0.00453	0.00453	0.00091	0.00453	0.00363	0.00363	0.82229
12	0.00890	0.00593	0.00668	0.00668	0.00668	0.00593	0.00371	0.00890	0.00890	0.01187	0.01929	0.04006	0.02225	0.78487	0.03116	0.00593	0.00593	0.00890	0.00371	0.00371
13	0.00868	0.00588	0.00690	0.00711	0.00722	0.00588	0.00421	0.00895	0.00937	0.01255	0.02129	0.14941	0.02461	0.63297	0.06523	0.00562	0.00612	0.01005	0.00398	0.00399
14	0.01541	0.49245	0.26945	0.01310	0.01947	0.06551	0.01457	0.01905	0.01290	0.01608	0.00939	0.01092	0.00782	0.00549	0.00465	0.00153	0.00764	0.00373	0.00264	0.00820
15	0.01663	0.16204	0.09231	0.09428	0.02040	0.03263	0.04717	0.23677	0.01745	0.02378	0.01260	0.01483	0.00983	0.00768	0.02381	0.00198	0.07407	0.00507	0.09842	0.00825
16	0.01513	0.01080	0.01294	0.00937	0.01469	0.00830	0.00754	0.01780	0.01349	0.14072	0.01307	0.01404	0.01007	0.00504	0.00480	0.00107	0.00464	0.00404	0.00428	0.68816
17	0.02274	0.01698	0.01879	0.01562	0.06647	0.01869	0.01210	0.68011	0.02781	0.03737	0.01449	0.01473	0.01036	0.00722	0.00612	0.00184	0.00677	0.00551	0.00592	0.01036
18	0.00732	0.00585	0.00656	0.00713	0.00851	0.00509	0.00506	0.00868	0.01306	0.01617	0.05066	0.34881	0.46163	0.01698	0.00747	0.00224	0.00328	0.01472	0.00568	0.00509
19	0.07743	0.01636	0.20621	0.06687	0.12550	0.01202	0.07064	0.03794	0.05116	0.03546	0.05973	0.02631	0.14928	0.00844	0.00628	0.00199	0.00659	0.02986	0.00408	0.00784
20	0.00746	0.00533	0.00710	0.00852	0.00888	0.00497	0.00568	0.00852	0.01172	0.01563	0.03374	0.78088	0.04049	0.01918	0.00781	0.00249	0.00355	0.01740	0.00568	0.00497
21	0.01299	0.02124	0.31797	0.02074	0.06575	0.01422	0.29129	0.01814	0.01304	0.01860	0.01255	0.03800	0.01035	0.05709	0.00902	0.00231	0.05926	0.00632	0.00297	0.00816
22	0.01911	0.08502	0.02196	0.02211	0.24836	0.20436	0.04865	0.17010	0.04154	0.03906	0.01208	0.01396	0.00958	0.00634	0.00626	0.00177	0.03193	0.00505	0.00388	0.00889
23	0.00755	0.00626	0.00667	0.00690	0.00881	0.00537	0.00530	0.00922	0.01386	0.01670	0.05721	0.09542	0.62788	0.01585	0.00740	0.00217	0.00342	0.09313	0.00568	0.00521
24	0.01337	0.09135	0.54087	0.01865	0.04725	0.03982	0.12604	0.01948	0.01329	0.01888	0.01095	0.01321	0.00805	0.00568	0.00587	0.00189	0.00904	0.00483	0.00270	0.00878
25	0.01493	0.01571	0.07255	0.03471	0.63554	0.01460	0.05502	0.01938	0.04092	0.02015	0.01203	0.01536	0.00988	0.00557	0.00611	0.00185	0.00745	0.00554	0.00312	0.00958

[dist]
# distance from previous block
# <min> <max>
2	10

[block]
# block no. 4 follows, 37 sequences, length 64
# corresponding to MSA columns:
# 382-409,434-455,467-480
name=unknown_E
#
# <colnr> <probs for GDERKNQSTAVLIFYWHMCP>
#	G	D	E	R	K	N	Q	S	T	A	V	L	I	F	Y	W	H	M	C	P
0	0.10921	0.19459	0.35008	0.01598	0.03851	0.08409	0.08953	0.01946	0.01311	0.01886	0.01017	0.01214	0.00786	0.00564	0.00529	0.00177	0.00826	0.00435	0.00285	0.00826
1	0.03514	0.01268	0.03591	0.07880	0.04037	0.01357	0.01088	0.08826	0.32187	0.11872	0.04023	0.02471	0.05184	0.00877	0.00712	0.00208	0.05009	0.04457	0.00558	0.00880
2	0.06582	0.08484	0.15395	0.03934	0.24098	0.23910	0.01553	0.03566	0.03564	0.01882	0.01082	0.01301	0.00871	0.00591	0.00555	0.00174	0.00845	0.00457	0.00315	0.00841
3	0.01107	0.00761	0.00914	0.03686	0.01036	0.00795	0.00589	0.09118	0.01246	0.03584	0.09171	0.03458	0.02302	0.48648	0.10591	0.00525	0.00695	0.00827	0.00430	0.00516
4	0.00790	0.00620	0.00714	0.00696	0.00869	0.00544	0.00520	0.01004	0.01543	0.02018	0.37313	0.07521	0.40816	0.01425	0.00725	0.00202	0.00302	0.01221	0.00617	0.00544
5	0.01067	0.01050	0.06455	0.07013	0.06611	0.05156	0.03054	0.01329	0.01397	0.03688	0.16479	0.28118	0.07927	0.01311	0.00713	0.00218	0.00524	0.06752	0.00507	0.00631
6	0.02659	0.01061	0.01418	0.01100	0.01565	0.00944	0.00905	0.03002	0.06887	0.69906	0.02420	0.02098	0.01541	0.00763	0.00616	0.00191	0.00518	0.00621	0.00748	0.01037
7	0.04061	0.01407	0.01521	0.01420	0.06547	0.05803	0.01051	0.20924	0.30604	0.04396	0.01859	0.01927	0.01431	0.01361	0.12560	0.00319	0.00770	0.00610	0.00530	0.00899
8	0.01063	0.00532	0.00797	0.00797	0.00797	0.00532	0.00532	0.00797	0.00797	0.01063	0.01063	0.01861	0.01063	0.02127	0.02392	0.82190	0.00532	0.00532	0.00266	0.00266
9	0.01520	0.01476	0.02274	0.09482	0.58606	0.05754	0.01734	0.01945	0.05212	0.01972	0.01229	0.01564	0.01011	0.00576	0.00599	0.00182	0.00731	0.00545	0.02668	0.00919
10	0.00746	0.00533	0.00710	0.00852	0.00888	0.00497	0.00568	0.00852	0.01172	0.01563	0.03374	0.78088	0.04049	0.01918	0.00781	0.00249	0.00355	0.01740	0.00568	0.00497
11	0.01192	0.01107	0.01836	0.74696	0.04145	0.01377	0.01684	0.03745	0.01275	0.01634	0.01100	0.01627	0.00823	0.00616	0.00612	0.00203	0.00812	0.00544	0.00282	0.00691
12	0.01476	0.01266	0.01344	0.01212	0.01543	0.01455	0.00941	0.03103	0.68427	0.02553	0.07629	0.02447	0.02148	0.00861	0.00630	0.00207	0.00470	0.00722	0.00627	0.00941
13	0.01140	0.00917	0.01126	0.01063	0.01229	0.05159	0.00828	0.10285	0.01265	0.01729	0.01587	0.02257	0.01446	0.05960	0.60116	0.00824	0.01457	0.00634	0.00365	0.00614
14	0.00744	0.00539	0.00704	0.00836	0.00883	0.00499	0.00561	0.00854	0.01188	0.01569	0.03576	0.72925	0.09081	0.01891	0.00777	0.00246	0.00352	0.01708	0.00568	0.00499
15	0.01460	0.01398	0.02385	0.15003	0.63854	0.01440	0.01851	0.01830	0.01368	0.01933	0.01142	0.01533	0.00946	0.00556	0.00607	0.00185	0.00741	0.00545	0.00298	0.00925
16	0.00763	0.00540	0.00705	0.00830	0.00862	0.00509	0.00545	0.00857	0.01138	0.01518	0.03201	0.69247	0.03831	0.11055	0.01060	0.00290	0.00384	0.01639	0.00545	0.00482
17	0.01269	0.01088	0.01269	0.00907	0.01451	0.00816	0.00725	0.01541	0.01269	0.01995	0.01088	0.01269	0.00907	0.00453	0.00453	0.00091	0.00453	0.00363	0.00363	0.82229
18	0.01063	0.00532	0.00797	0.00797	0.00797	0.00532	0.00532	0.00797	0.00797	0.01063	0.01063	0.01861	0.01063	0.02127	0.02392	0.82190	0.00532	0.00532	0.00266	0.00266
19	0.01235	0.01181	0.02034	0.60142	0.17274	0.01386	0.04822	0.01640	0.01265	0.01662	0.01106	0.01611	0.00849	0.00595	0.00616	0.00200	0.00809	0.00552	0.00279	0.00740
20	0.01269	0.01088	0.01269	0.00907	0.01451	0.00816	0.00725	0.01541	0.01269	0.01995	0.01088	0.01269	0.00907	0.00453	0.00453	0.00091	0.00453	0.00363	0.00363	0.82229
21	0.00761	0.00542	0.00703	0.00825	0.00862	0.00508	0.00544	0.00857	0.01147	0.01524	0.03297	0.67859	0.05889	0.10316	0.01036	0.00285	0.00380	0.01634	0.00547	0.00484
22	0.00736	0.00623	0.00637	0.00639	0.00842	0.00524	0.00483	0.00899	0.01408	0.01688	0.08692	0.05868	0.69985	0.01543	0.00727	0.00208	0.00316	0.03090	0.00572	0.00520
23	0.04612	0.05896	0.01674	0.01221	0.01673	0.01525	0.01013	0.41285	0.02283	0.23265	0.01762	0.03897	0.01263	0.00758	0.00589	0.00182	0.00594	0.00586	0.04949	0.00974
24	0.00769	0.00622	0.00684	0.00668	0.00855	0.00536	0.00501	0.00967	0.01503	0.01910	0.28011	0.05469	0.52450	0.01455	0.00723	0.00202	0.00303	0.01233	0.00602	0.00536
25	0.03734	0.47866	0.06745	0.12730	0.03911	0.08335	0.01231	0.01927	0.04065	0.03019	0.01010	0.01194	0.00847	0.00567	0.00468	0.00155	0.00719	0.00398	0.00295	0.00783
26	0.82811	0.01184	0.00900	0.00805	0.01184	0.01373	0.00663	0.01799	0.01042	0.02746	0.00852	0.00994	0.00663	0.00568	0.00379	0.00189	0.00474	0.00331	0.00379	0.00663
27	0.01936	0.01859	0.01804	0.08761	0.08708	0.22369	0.03104	0.26825	0.08675	0.02503	0.01553	0.01802	0.03270	0.00740	0.00611	0.00185	0.00789	0.03184	0.00459	0.00862
28	0.01523	0.01315	0.01384	0.01246	0.01592	0.01523	0.00969	0.03253	0.73563	0.02561	0.02491	0.02284	0.01869	0.00830	0.00623	0.00208	0.00484	0.00692	0.00623	0.00969
29	0.01052	0.00840	0.01027	0.01077	0.06325	0.00854	0.00739	0.01653	0.18938	0.02227	0.32603	0.09950	0.13193	0.03356	0.00753	0.00212	0.00384	0.01021	0.03116	0.00679
30	0.00874	0.00656	0.00984	0.00984	0.01093	0.00765	0.00765	0.01093	0.00984	0.01421	0.01640	0.02405	0.01530	0.04591	0.76062	0.00984	0.01640	0.00656	0.00328	0.00547
31	0.01525	0.47275	0.23475	0.01255	0.01863	0.01993	0.01374	0.06886	0.01403	0.01814	0.05232	0.01314	0.01091	0.00597	0.00481	0.00156	0.00706	0.00424	0.00310	0.00826
32	0.00745	0.00535	0.00708	0.00846	0.00886	0.00498	0.00565	0.00853	0.01179	0.01565	0.03457	0.75965	0.06118	0.01907	0.00780	0.00247	0.00354	0.01727	0.00568	0.00498
33	0.08660	0.40618	0.02399	0.01249	0.01673	0.33137	0.01072	0.02086	0.01432	0.01573	0.00891	0.01034	0.00777	0.00572	0.00458	0.00147	0.00828	0.00356	0.00294	0.00744
34	0.05267	0.16427	0.33426	0.06136	0.05967	0.03724	0.01614	0.04249	0.01413	0.14389	0.01275	0.01389	0.00920	0.00606	0.00547	0.00180	0.00758	0.00463	0.00365	0.00883
35	0.01604	0.28665	0.21593	0.03992	0.10840	0.12448	0.07389	0.01982	0.01372	0.03350	0.01039	0.01243	0.00834	0.00564	0.00529	0.00167	0.00825	0.00441	0.00289	0.00834
36	0.01048	0.00825	0.00868	0.00854	0.00928	0.06075	0.00568	0.05192	0.01126	0.01461	0.02018	0.15273	0.02238	0.44651	0.13751	0.00544	0.00759	0.00935	0.00406	0.00482
37	0.01538	0.01458	0.02410	0.07442	0.58161	0.03136	0.05740	0.01934	0.03424	0.04077	0.01209	0.01551	0.00990	0.00584	0.00666	0.00188	0.03681	0.00558	0.00323	0.00930
38	0.00745	0.00621	0.00650	0.00643	0.00840	0.00526	0.00482	0.00921	0.01447	0.01776	0.16582	0.05690	0.63964	0.01505	0.00723	0.00205	0.00307	0.01264	0.00584	0.00526
39	0.00866	0.00641	0.00810	0.00765	0.00921	0.00593	0.00575	0.01175	0.03401	0.02369	0.65167	0.04663	0.13211	0.01274	0.00720	0.00194	0.00296	0.01117	0.00661	0.00580
40	0.01266	0.01343	0.07279	0.50314	0.24607	0.01392	0.01792	0.01682	0.01278	0.01718	0.01107	0.01574	0.00858	0.00590	0.00608	0.00197	0.00796	0.00538	0.00280	0.00780
41	0.01339	0.01339	0.01875	0.01607	0.01607	0.01875	0.01339	0.01473	0.00937	0.01473	0.00804	0.01339	0.00804	0.01071	0.02009	0.00268	0.77367	0.00536	0.00268	0.00670
42	0.01873	0.00904	0.01171	0.00961	0.01293	0.00823	0.00768	0.07034	0.01803	0.37774	0.30360	0.03223	0.07361	0.00993	0.00663	0.00191	0.00430	0.00840	0.00704	0.00832
43	0.01228	0.03166	0.75316	0.01745	0.02649	0.01422	0.02262	0.01939	0.01292	0.01939	0.01099	0.01292	0.00775	0.00582	0.00582	0.00194	0.00905	0.00452	0.00258	0.00905
44	0.02325	0.01761	0.01833	0.01415	0.01898	0.04739	0.01164	0.69939	0.02834	0.03767	0.01450	0.01456	0.01031	0.00731	0.00610	0.00183	0.00690	0.00545	0.00601	0.01028
45	0.01063	0.00532	0.00797	0.00797	0.00797	0.00532	0.00532	0.00797	0.00797	0.01063	0.01063	0.01861	0.01063	0.02127	0.02392	0.82190	0.00532	0.00532	0.00266	0.00266
46	0.02185	0.15412	0.01998	0.01461	0.01840	0.51569	0.01157	0.13853	0.01840	0.01875	0.01016	0.01143	0.00829	0.00630	0.00535	0.00157	0.00958	0.00409	0.00355	0.00777
47	0.00807	0.00623	0.00736	0.00708	0.00878	0.00552	0.00531	0.01040	0.01593	0.02122	0.46087	0.05119	0.34242	0.01375	0.00723	0.00198	0.00298	0.01184	0.00630	0.00552
48	0.02249	0.01676	0.01793	0.01393	0.01869	0.01862	0.01145	0.65912	0.09720	0.03732	0.01569	0.01548	0.01121	0.00744	0.00613	0.00186	0.00655	0.00565	0.00613	0.01034
49	0.07254	0.01054	0.01376	0.01055	0.01530	0.00919	0.00869	0.02777	0.01665	0.63931	0.02198	0.01943	0.01408	0.00718	0.00586	0.00180	0.00512	0.00575	0.00698	0.08752
50	0.00777	0.00552	0.00721	0.00817	0.00880	0.00511	0.00558	0.00890	0.01241	0.01654	0.12394	0.57776	0.10598	0.01812	0.00862	0.04995	0.00353	0.01549	0.00564	0.00496
51	0.01264	0.05874	0.65709	0.01799	0.02662	0.01471	0.08959	0.01937	0.01305	0.01922	0.01103	0.01315	0.00791	0.00573	0.00588	0.00193	0.00907	0.00474	0.00264	0.00893
52	0.02746	0.01042	0.01421	0.01089	0.01563	0.00900	0.00900	0.02983	0.01752	0.75093	0.02415	0.02083	0.01515	0.00758	0.00616	0.00189	0.00521	0.00616	0.00758	0.01042
53	0.00784	0.00616	0.00709	0.00699	0.00868	0.00541	0.00519	0.00992	0.01519	0.01980	0.34313	0.10506	0.40867	0.01452	0.00727	0.00204	0.00304	0.01247	0.00612	0.00541
54	0.58968	0.01148	0.01140	0.04392	0.01456	0.01276	0.04896	0.01862	0.02920	0.08834	0.01324	0.05655	0.02641	0.00688	0.00466	0.00195	0.00515	0.00498	0.00424	0.00701
55	0.01445	0.01651	0.03612	0.02580	0.03199	0.01548	0.72446	0.01961	0.01445	0.01961	0.01238	0.01651	0.00929	0.00516	0.00722	0.00206	0.01032	0.00722	0.00310	0.00826
56	0.00727	0.00605	0.00635	0.00659	0.00837	0.00513	0.00483	0.00874	0.01357	0.01638	0.05722	0.18134	0.62487	0.01613	0.00733	0.00214	0.00318	0.01368	0.00568	0.00513
57	0.00890	0.00593	0.00668	0.00668	0.00668	0.00593	0.00371	0.00890	0.00890	0.01187	0.01929	0.04006	0.02225	0.78487	0.03116	0.00593	0.00593	0.00890	0.00371	0.00371
58	0.01436	0.01178	0.01401	0.01452	0.10639	0.01285	0.01000	0.04358	0.43652	0.05224	0.13532	0.02793	0.06119	0.00909	0.00645	0.00202	0.00484	0.02219	0.00591	0.00882
59	0.01339	0.01075	0.01242	0.00960	0.01388	0.00930	0.00751	0.12828	0.01524	0.02232	0.05801	0.09789	0.01623	0.04934	0.00674	0.00156	0.00476	0.00612	0.00444	0.51222
60	0.21917	0.01568	0.01553	0.01337	0.05287	0.08225	0.01031	0.35114	0.02086	0.11907	0.03374	0.01483	0.01110	0.00692	0.00553	0.00184	0.00637	0.00506	0.00533	0.00903
61	0.04512	0.07592	0.06678	0.02810	0.01483	0.01255	0.00922	0.22545	0.01645	0.02277	0.01779	0.11823	0.03453	0.15363	0.04853	0.00296	0.00646	0.00737	0.00451	0.08880
62	0.17658	0.01448	0.14645	0.25749	0.06377	0.01260	0.06248	0.01615	0.01189	0.01894	0.03256	0.01755	0.01087	0.07252	0.03671	0.02572	0.00762	0.00546	0.00317	0.00696
63	0.03754	0.05498	0.07059	0.16125	0.11149	0.03210	0.12782	0.09740	0.06227	0.11593	0.01403	0.01597	0.01032	0.00618	0.00600	0.00185	0.00739	0.00555	0.00412	0.05721

[dist]
# distance from previous block
# <min> <max>
0	24

# created by:
# /st0/software/busco_prod/Augustus/scripts/msa2prfl.pl ./align_prep/175626.fa
