[name]
unknown

[dist]
# distance from previous block
# <min> <max>
0	27

[block]
# block no. 0 follows, 47 sequences, length 215
# corresponding to MSA columns:
# 27-241
name=unknown_A
#
# <colnr> <probs for GDERKNQSTAVLIFYWHMCP>
#	G	D	E	R	K	N	Q	S	T	A	V	L	I	F	Y	W	H	M	C	P
0	0.00839	0.00599	0.00839	0.00959	0.01079	0.00599	0.00839	0.01079	0.01199	0.01558	0.02757	0.05874	0.02997	0.01439	0.00719	0.00240	0.00480	0.74945	0.00480	0.00480
1	0.01392	0.82012	0.02729	0.00891	0.01337	0.02061	0.00891	0.01559	0.01058	0.01225	0.00724	0.00835	0.00668	0.00446	0.00334	0.00111	0.00557	0.00278	0.00223	0.00668
2	0.01575	0.24030	0.21968	0.01044	0.01532	0.01219	0.01080	0.01866	0.01219	0.28966	0.01404	0.06673	0.01078	0.00607	0.00468	0.00149	0.00549	0.00476	0.00393	0.03706
3	0.01045	0.02694	0.79000	0.01484	0.02254	0.01209	0.01924	0.01649	0.01099	0.01649	0.00935	0.01099	0.00660	0.00495	0.00495	0.00165	0.00770	0.00385	0.00220	0.00770
4	0.00634	0.00453	0.00604	0.00725	0.00755	0.00423	0.00483	0.00725	0.00997	0.01329	0.02870	0.81358	0.03444	0.01632	0.00665	0.00211	0.00302	0.01480	0.00483	0.00423
5	0.00664	0.00606	0.05889	0.00775	0.00857	0.00478	0.00581	0.00793	0.01015	0.01368	0.04481	0.74159	0.03291	0.01542	0.00652	0.00207	0.00332	0.01394	0.00468	0.00448
6	0.01048	0.02666	0.77375	0.01500	0.02264	0.01212	0.03522	0.01650	0.01102	0.01650	0.00937	0.01106	0.00662	0.00494	0.00497	0.00165	0.00772	0.00390	0.00221	0.00768
7	0.00634	0.00453	0.00604	0.00725	0.00755	0.00423	0.00483	0.00725	0.00997	0.01329	0.02870	0.81358	0.03444	0.01632	0.00665	0.00211	0.00302	0.01480	0.00483	0.00423
8	0.01229	0.01405	0.03073	0.02195	0.02722	0.01317	0.76558	0.01668	0.01229	0.01668	0.01054	0.01405	0.00790	0.00439	0.00615	0.00176	0.00878	0.00615	0.00263	0.00702
9	0.01051	0.00994	0.01684	0.63375	0.20131	0.01175	0.01480	0.01390	0.01073	0.01412	0.00938	0.01366	0.00723	0.00508	0.00520	0.00169	0.00678	0.00463	0.00237	0.00633
10	0.01153	0.01283	0.02756	0.02006	0.02469	0.01202	0.66788	0.01547	0.01199	0.01625	0.01287	0.11673	0.01131	0.00592	0.00621	0.00180	0.00804	0.00726	0.00292	0.00666
11	0.00736	0.00496	0.00574	0.00595	0.00600	0.00491	0.00344	0.00752	0.00798	0.01064	0.01851	0.16721	0.02158	0.68024	0.02311	0.00455	0.00470	0.00881	0.00344	0.00334
12	0.01056	0.02615	0.74366	0.01528	0.02282	0.01216	0.06480	0.01650	0.01107	0.01650	0.00942	0.01118	0.00668	0.00491	0.00502	0.00166	0.00776	0.00399	0.00223	0.00766
13	0.01340	0.00819	0.01061	0.00884	0.01086	0.00818	0.05689	0.13112	0.03937	0.18543	0.01690	0.05514	0.01566	0.38178	0.03211	0.00337	0.00535	0.00669	0.00430	0.00581
14	0.02203	0.00916	0.01205	0.00944	0.01333	0.00833	0.00773	0.02567	0.11253	0.68969	0.02063	0.01794	0.01328	0.00653	0.00524	0.00163	0.00439	0.00532	0.00630	0.00878
15	0.01229	0.01405	0.03073	0.02195	0.02722	0.01317	0.76558	0.01668	0.01229	0.01668	0.01054	0.01405	0.00790	0.00439	0.00615	0.00176	0.00878	0.00615	0.00263	0.00702
16	0.01379	0.01649	0.10202	0.01911	0.02421	0.09387	0.51889	0.11194	0.01396	0.01830	0.01041	0.01307	0.00777	0.00478	0.00576	0.00168	0.00835	0.00545	0.00292	0.00722
17	0.02004	0.00813	0.01102	0.00870	0.01215	0.00708	0.00708	0.02215	0.01487	0.62867	0.17873	0.02213	0.02042	0.00732	0.00543	0.00162	0.00402	0.00611	0.00630	0.00804
18	0.01248	0.01196	0.02040	0.13525	0.68441	0.01227	0.01578	0.01562	0.01166	0.01652	0.00972	0.01302	0.00807	0.00472	0.00516	0.00157	0.00629	0.00464	0.00254	0.00792
19	0.02006	0.01374	0.01507	0.01154	0.01570	0.01486	0.00953	0.65575	0.02296	0.12948	0.01347	0.01314	0.00935	0.00623	0.00518	0.00155	0.00552	0.00472	0.00532	0.02682
20	0.01826	0.01411	0.01539	0.01314	0.06752	0.03031	0.01006	0.58778	0.13964	0.02966	0.01358	0.01354	0.00986	0.00625	0.00521	0.00159	0.00558	0.00485	0.00500	0.00867
21	0.00690	0.00530	0.00631	0.00606	0.00749	0.00471	0.00455	0.00892	0.01364	0.01826	0.50143	0.04321	0.33109	0.01162	0.00615	0.00168	0.00253	0.01002	0.00539	0.00471
22	0.00983	0.00926	0.01562	0.80447	0.03587	0.01157	0.01446	0.01331	0.01041	0.01331	0.00926	0.01388	0.00694	0.00521	0.00521	0.00174	0.00694	0.00463	0.00231	0.00579
23	0.00634	0.00453	0.00604	0.00725	0.00755	0.00423	0.00483	0.00725	0.00997	0.01329	0.02870	0.81358	0.03444	0.01632	0.00665	0.00211	0.00302	0.01480	0.00483	0.00423
24	0.01980	0.01459	0.01563	0.01198	0.01615	0.01615	0.00990	0.76713	0.02448	0.03282	0.01250	0.01250	0.00886	0.00625	0.00521	0.00156	0.00573	0.00469	0.00521	0.00886
25	0.01144	0.25412	0.57154	0.01314	0.01991	0.01453	0.01628	0.01623	0.01088	0.01528	0.00874	0.01024	0.00662	0.00481	0.00449	0.00150	0.00709	0.00354	0.00221	0.00741
26	0.00983	0.00926	0.01562	0.80447	0.03587	0.01157	0.01446	0.01331	0.01041	0.01331	0.00926	0.01388	0.00694	0.00521	0.00521	0.00174	0.00694	0.00463	0.00231	0.00579
27	0.01945	0.02482	0.01476	0.01342	0.01610	0.79608	0.01006	0.02079	0.01476	0.01275	0.00805	0.00939	0.00671	0.00537	0.00470	0.00134	0.00939	0.00335	0.00268	0.00604
28	0.00737	0.00532	0.00696	0.00655	0.00778	0.00491	0.00491	0.00983	0.01474	0.02088	0.78175	0.03890	0.04914	0.01065	0.00614	0.00164	0.00246	0.00942	0.00573	0.00491
29	0.00737	0.00532	0.00696	0.00655	0.00778	0.00491	0.00491	0.00983	0.01474	0.02088	0.78175	0.03890	0.04914	0.01065	0.00614	0.00164	0.00246	0.00942	0.00573	0.00491
30	0.01045	0.02694	0.79000	0.01484	0.02254	0.01209	0.01924	0.01649	0.01099	0.01649	0.00935	0.01099	0.00660	0.00495	0.00495	0.00165	0.00770	0.00385	0.00220	0.00770
31	0.00634	0.00453	0.00604	0.00725	0.00755	0.00423	0.00483	0.00725	0.00997	0.01329	0.02870	0.81358	0.03444	0.01632	0.00665	0.00211	0.00302	0.01480	0.00483	0.00423
32	0.00733	0.00532	0.00691	0.00651	0.00776	0.00490	0.00488	0.00975	0.01465	0.02066	0.75781	0.03927	0.07321	0.01073	0.00614	0.00164	0.00246	0.00947	0.00570	0.00490
33	0.01253	0.01333	0.02665	0.04485	0.02471	0.01313	0.58815	0.06733	0.05936	0.01769	0.01172	0.04041	0.00925	0.00529	0.00647	0.00178	0.04110	0.00620	0.00302	0.00704
34	0.01289	0.01237	0.02114	0.03196	0.78450	0.01237	0.01598	0.01598	0.01186	0.01701	0.00980	0.01289	0.00825	0.00464	0.00516	0.00155	0.00619	0.00464	0.00258	0.00825
35	0.00634	0.00453	0.00604	0.00725	0.00755	0.00423	0.00483	0.00725	0.00997	0.01329	0.02870	0.81358	0.03444	0.01632	0.00665	0.00211	0.00302	0.01480	0.00483	0.00423
36	0.01207	0.01322	0.02631	0.03384	0.07031	0.01377	0.52450	0.01558	0.01119	0.01564	0.00957	0.01333	0.00765	0.00556	0.00872	0.00187	0.20194	0.00564	0.00254	0.00676
37	0.01174	0.02257	0.55441	0.01603	0.02280	0.01210	0.18478	0.01706	0.01149	0.06846	0.01032	0.01214	0.00732	0.00500	0.00545	0.00168	0.02200	0.00447	0.00258	0.00759
38	0.00687	0.00524	0.00747	0.12645	0.01179	0.00533	0.00627	0.00816	0.01004	0.01330	0.02580	0.69401	0.03033	0.01465	0.00643	0.00206	0.00361	0.01328	0.00446	0.00446
39	0.17340	0.01226	0.01926	0.19680	0.11626	0.05324	0.23645	0.01533	0.01081	0.01658	0.00899	0.01227	0.00711	0.00526	0.00637	0.00173	0.09415	0.00466	0.00263	0.00643
40	0.00644	0.00513	0.00559	0.00576	0.00703	0.00448	0.00410	0.00764	0.01132	0.01406	0.10472	0.17608	0.51236	0.10158	0.00847	0.00217	0.00295	0.01113	0.00473	0.00427
41	0.00619	0.00515	0.00541	0.00562	0.00712	0.00437	0.00411	0.00744	0.01154	0.01393	0.04857	0.18283	0.65237	0.01373	0.00624	0.00182	0.00270	0.01165	0.00484	0.00437
42	0.01380	0.79209	0.05424	0.00912	0.01369	0.02031	0.00928	0.01563	0.01060	0.01240	0.00731	0.00845	0.00668	0.00447	0.00340	0.00113	0.00564	0.00282	0.00223	0.00672
43	0.00911	0.00699	0.00704	0.00673	0.00721	0.05911	0.00421	0.05492	0.00913	0.01177	0.01548	0.03038	0.01718	0.67196	0.06415	0.00476	0.00585	0.00701	0.00323	0.00378
44	0.01296	0.60047	0.23850	0.01055	0.01591	0.01825	0.01177	0.01584	0.01070	0.01343	0.00782	0.00909	0.00666	0.00459	0.00379	0.00126	0.00616	0.00308	0.00222	0.00696
45	0.00634	0.00453	0.00604	0.00725	0.00755	0.00423	0.00483	0.00725	0.00997	0.01329	0.02870	0.81358	0.03444	0.01632	0.00665	0.00211	0.00302	0.01480	0.00483	0.00423
46	0.00634	0.00453	0.00604	0.00725	0.00755	0.00423	0.00483	0.00725	0.00997	0.01329	0.02870	0.81358	0.03444	0.01632	0.00665	0.00211	0.00302	0.01480	0.00483	0.00423
47	0.01130	0.01126	0.01578	0.01355	0.01357	0.01574	0.01128	0.01246	0.00798	0.01252	0.00700	0.01160	0.00698	0.00980	0.03481	0.00242	0.78940	0.00458	0.00229	0.00567
48	0.01295	0.01119	0.01178	0.01060	0.01354	0.01295	0.00824	0.02767	0.77509	0.02178	0.02120	0.01943	0.01590	0.00707	0.00530	0.00177	0.00412	0.00589	0.00530	0.00824
49	0.00843	0.00607	0.00735	0.00680	0.00844	0.00573	0.00517	0.02578	0.07071	0.05156	0.52799	0.03840	0.19641	0.01065	0.00603	0.00167	0.00276	0.00922	0.00553	0.00529
50	0.01810	0.01375	0.01468	0.01164	0.01550	0.01536	0.00949	0.58421	0.21017	0.03009	0.01465	0.01422	0.01060	0.00645	0.00523	0.00161	0.00533	0.00499	0.00523	0.00870
51	0.85377	0.01007	0.00765	0.00685	0.01007	0.01168	0.00564	0.01531	0.00886	0.02336	0.00725	0.00846	0.00564	0.00483	0.00322	0.00161	0.00403	0.00282	0.00322	0.00564
52	0.01289	0.01237	0.02114	0.03196	0.78450	0.01237	0.01598	0.01598	0.01186	0.01701	0.00980	0.01289	0.00825	0.00464	0.00516	0.00155	0.00619	0.00464	0.00258	0.00825
53	0.01045	0.02694	0.79000	0.01484	0.02254	0.01209	0.01924	0.01649	0.01099	0.01649	0.00935	0.01099	0.00660	0.00495	0.00495	0.00165	0.00770	0.00385	0.00220	0.00770
54	0.00745	0.00554	0.00817	0.00817	0.00902	0.00640	0.00625	0.00917	0.00831	0.01194	0.01414	0.02149	0.01347	0.09809	0.73793	0.00812	0.01327	0.00573	0.00282	0.00454
55	0.00615	0.00528	0.00528	0.00528	0.00703	0.00440	0.00396	0.00747	0.01187	0.01407	0.05276	0.05012	0.78238	0.01319	0.00615	0.00176	0.00264	0.01099	0.00484	0.00440
56	0.01295	0.01119	0.01178	0.01060	0.01354	0.01295	0.00824	0.02767	0.77509	0.02178	0.02120	0.01943	0.01590	0.00707	0.00530	0.00177	0.00412	0.00589	0.00530	0.00824
57	0.01197	0.01048	0.01462	0.01197	0.06178	0.00942	0.12090	0.10931	0.05180	0.01882	0.01237	0.08942	0.01091	0.00565	0.00479	0.00125	0.00491	0.00511	0.00354	0.44099
58	0.01222	0.43250	0.40001	0.01181	0.01785	0.01645	0.01396	0.01603	0.01078	0.01432	0.00827	0.00964	0.00664	0.00470	0.00413	0.00138	0.00661	0.00330	0.00221	0.00718
59	0.01177	0.01398	0.07776	0.09280	0.02520	0.01346	0.50601	0.01559	0.01123	0.01559	0.00965	0.01334	0.00753	0.00538	0.00800	0.00184	0.15610	0.00556	0.00251	0.00671
60	0.00634	0.00453	0.00604	0.00725	0.00755	0.00423	0.00483	0.00725	0.00997	0.01329	0.02870	0.81358	0.03444	0.01632	0.00665	0.00211	0.00302	0.01480	0.00483	0.00423
61	0.01080	0.01032	0.01772	0.55444	0.25299	0.01186	0.03957	0.01419	0.01089	0.01449	0.00945	0.01360	0.00735	0.00502	0.00522	0.00168	0.00678	0.00468	0.00240	0.00654
62	0.01412	0.01356	0.01368	0.08295	0.01543	0.21374	0.00985	0.05706	0.01188	0.08614	0.01319	0.10871	0.03819	0.00839	0.00944	0.00185	0.28669	0.00577	0.00333	0.00604
63	0.01052	0.04439	0.77322	0.01471	0.02234	0.01228	0.01901	0.01647	0.01099	0.01640	0.00930	0.01094	0.00660	0.00494	0.00491	0.00164	0.00765	0.00382	0.00220	0.00767
64	0.00687	0.00549	0.00627	0.00659	0.00816	0.00489	0.00529	0.00857	0.01208	0.01492	0.09001	0.05191	0.52117	0.01338	0.00645	0.00194	0.00325	0.22334	0.00488	0.00454
65	0.01063	0.01222	0.20009	0.01278	0.11092	0.00834	0.03703	0.01427	0.03762	0.09512	0.26917	0.11539	0.03760	0.00845	0.00567	0.00169	0.00474	0.00746	0.00431	0.00650
66	0.02866	0.00974	0.03872	0.04852	0.01409	0.00928	0.00859	0.12986	0.09391	0.30432	0.10191	0.02597	0.01887	0.00817	0.00563	0.00177	0.00467	0.13452	0.00538	0.00743
67	0.01045	0.02694	0.79000	0.01484	0.02254	0.01209	0.01924	0.01649	0.01099	0.01649	0.00935	0.01099	0.00660	0.00495	0.00495	0.00165	0.00770	0.00385	0.00220	0.00770
68	0.00639	0.00526	0.00562	0.00559	0.00719	0.00449	0.00417	0.00790	0.01233	0.01531	0.18758	0.07616	0.61832	0.01283	0.00617	0.00175	0.00262	0.01084	0.00500	0.00449
69	0.01463	0.01541	0.03696	0.06818	0.42704	0.17152	0.08013	0.09147	0.01364	0.01747	0.00974	0.01226	0.00786	0.00496	0.00515	0.00154	0.00709	0.00450	0.00284	0.00760
70	0.01213	0.01171	0.01941	0.25573	0.55227	0.02746	0.01543	0.01530	0.01150	0.01585	0.00960	0.01311	0.00784	0.00482	0.00516	0.00160	0.00647	0.00461	0.00250	0.00749
71	0.00863	0.00675	0.00939	0.11770	0.01317	0.00702	0.03341	0.08878	0.02753	0.01604	0.06381	0.53403	0.02746	0.01282	0.00623	0.00196	0.00404	0.01157	0.00451	0.00515
72	0.85377	0.01007	0.00765	0.00685	0.01007	0.01168	0.00564	0.01531	0.00886	0.02336	0.00725	0.00846	0.00564	0.00483	0.00322	0.00161	0.00403	0.00282	0.00322	0.00564
73	0.00983	0.00926	0.01562	0.80447	0.03587	0.01157	0.01446	0.01331	0.01041	0.01331	0.00926	0.01388	0.00694	0.00521	0.00521	0.00174	0.00694	0.00463	0.00231	0.00579
74	0.01052	0.00606	0.00774	0.00690	0.00881	0.00540	0.00532	0.01268	0.01427	0.18094	0.49403	0.03642	0.16999	0.01021	0.00595	0.00165	0.00290	0.00881	0.00573	0.00565
75	0.01980	0.01459	0.01563	0.01198	0.01615	0.01615	0.00990	0.76713	0.02448	0.03282	0.01250	0.01250	0.00886	0.00625	0.00521	0.00156	0.00573	0.00469	0.00521	0.00886
76	0.00650	0.00465	0.00618	0.00714	0.00759	0.00434	0.00485	0.00765	0.01071	0.01447	0.14513	0.69381	0.03671	0.01544	0.00657	0.00204	0.00293	0.01397	0.00497	0.00434
77	0.00646	0.00529	0.00571	0.00560	0.00722	0.00453	0.00420	0.00807	0.01260	0.01580	0.23852	0.04726	0.59554	0.01254	0.00615	0.00173	0.00259	0.01059	0.00506	0.00453
78	0.01386	0.80537	0.04147	0.00902	0.01354	0.02045	0.00910	0.01561	0.01059	0.01233	0.00728	0.00840	0.00668	0.00446	0.00337	0.00112	0.00561	0.00280	0.00223	0.00670
79	0.00634	0.00455	0.00603	0.00721	0.00754	0.00423	0.00482	0.00726	0.01001	0.01331	0.02920	0.79768	0.05002	0.01625	0.00664	0.00211	0.00301	0.01473	0.00483	0.00423
80	0.02167	0.01112	0.01342	0.01034	0.01439	0.01106	0.00853	0.30790	0.04293	0.47593	0.01750	0.01579	0.01145	0.00639	0.00523	0.00160	0.00492	0.00505	0.00594	0.00884
81	0.07096	0.69904	0.02461	0.00874	0.01302	0.01889	0.00853	0.01605	0.01082	0.06054	0.02418	0.00957	0.00788	0.00473	0.00351	0.00119	0.00533	0.00307	0.00263	0.00671
82	0.01239	0.00993	0.01080	0.00977	0.02684	0.02482	0.00748	0.15106	0.32697	0.03741	0.16588	0.02664	0.10948	0.02567	0.00604	0.00178	0.00410	0.03073	0.00517	0.00704
83	0.00879	0.00728	0.00797	0.00778	0.00960	0.00754	0.00580	0.01501	0.29127	0.01727	0.09507	0.21098	0.27241	0.01145	0.00595	0.00183	0.00325	0.00986	0.00508	0.00581
84	0.82683	0.03605	0.00828	0.00691	0.01018	0.01197	0.00574	0.01532	0.00892	0.02301	0.00725	0.00846	0.00567	0.00482	0.00323	0.00160	0.00408	0.00282	0.00319	0.00567
85	0.00735	0.00531	0.00694	0.00657	0.00777	0.00490	0.00491	0.00977	0.01463	0.02071	0.76462	0.05652	0.04880	0.01078	0.00615	0.00165	0.00247	0.00954	0.00571	0.00490
86	0.01348	0.71825	0.12524	0.00967	0.01454	0.01951	0.01024	0.01571	0.01063	0.01280	0.00751	0.00869	0.00667	0.00452	0.00355	0.00118	0.00584	0.00292	0.00222	0.00681
87	0.00634	0.00453	0.00604	0.00725	0.00755	0.00423	0.00483	0.00725	0.00997	0.01329	0.02870	0.81358	0.03444	0.01632	0.00665	0.00211	0.00302	0.01480	0.00483	0.00423
88	0.00743	0.00555	0.00819	0.00814	0.00910	0.00630	0.00630	0.00937	0.00919	0.01322	0.11255	0.02283	0.01766	0.03541	0.69486	0.00750	0.01247	0.00607	0.00317	0.00468
89	0.01097	0.01077	0.01513	0.01310	0.01320	0.01493	0.01087	0.01218	0.00802	0.01248	0.00760	0.01237	0.00750	0.01235	0.10121	0.00294	0.72179	0.00467	0.00233	0.00558
90	0.00742	0.00525	0.00635	0.00607	0.00741	0.00480	0.00455	0.00964	0.01366	0.01930	0.53452	0.03869	0.19443	0.01058	0.00582	0.00161	0.00249	0.00915	0.11345	0.00480
91	0.01045	0.02694	0.79000	0.01484	0.02254	0.01209	0.01924	0.01649	0.01099	0.01649	0.00935	0.01099	0.00660	0.00495	0.00495	0.00165	0.00770	0.00385	0.00220	0.00770
92	0.01180	0.01134	0.01867	0.28960	0.49242	0.02851	0.01499	0.01491	0.01137	0.01556	0.01018	0.03883	0.00862	0.00522	0.00521	0.00162	0.00641	0.00493	0.00256	0.00725
93	0.01183	0.01322	0.02825	0.02041	0.02515	0.01256	0.67756	0.01592	0.01225	0.01673	0.05789	0.03317	0.01097	0.00519	0.00652	0.00177	0.03449	0.00648	0.00286	0.00679
94	0.05018	0.00963	0.01239	0.00953	0.01355	0.00886	0.00787	0.11889	0.01592	0.66744	0.01909	0.01676	0.01214	0.00637	0.00517	0.00161	0.00458	0.00509	0.00618	0.00876
95	0.01222	0.01585	0.12500	0.03655	0.02586	0.04078	0.59857	0.01656	0.01200	0.01628	0.01012	0.01339	0.00763	0.00470	0.00637	0.00175	0.04115	0.00566	0.00256	0.00699
96	0.01194	0.07791	0.01843	0.04455	0.13088	0.06110	0.17868	0.04586	0.01166	0.02904	0.04395	0.06987	0.02718	0.01047	0.09766	0.00247	0.10514	0.00587	0.02099	0.00637
97	0.00688	0.00532	0.00628	0.00608	0.00753	0.00472	0.00458	0.00886	0.01348	0.01792	0.46054	0.04401	0.35619	0.01179	0.00617	0.00170	0.00258	0.02533	0.00534	0.00469
98	0.00733	0.00530	0.00693	0.00658	0.00777	0.00489	0.00491	0.00974	0.01457	0.02062	0.75514	0.06628	0.04862	0.01085	0.00616	0.00165	0.00248	0.00961	0.00570	0.00489
99	0.04443	0.01196	0.01403	0.01121	0.01476	0.03976	0.05941	0.33624	0.09741	0.18884	0.03278	0.09682	0.01369	0.00730	0.00537	0.00166	0.00522	0.00606	0.00513	0.00791
100	0.05123	0.30549	0.08538	0.01126	0.01508	0.18506	0.01025	0.13929	0.01365	0.04928	0.00898	0.01016	0.00727	0.00552	0.00544	0.00143	0.08168	0.00358	0.00303	0.00694
101	0.01515	0.56947	0.02346	0.01029	0.01407	0.18807	0.00935	0.04120	0.01177	0.01305	0.00756	0.00891	0.00677	0.00501	0.00458	0.00125	0.05795	0.00308	0.00243	0.00655
102	0.01280	0.01032	0.01230	0.04409	0.01434	0.00916	0.02262	0.17419	0.01378	0.03523	0.01088	0.03987	0.00897	0.00493	0.00438	0.00107	0.00447	0.00401	0.00362	0.56897
103	0.36610	0.06222	0.07809	0.02729	0.03211	0.01330	0.02570	0.21254	0.05271	0.06939	0.01047	0.01117	0.00771	0.00539	0.00427	0.00158	0.00512	0.00385	0.00384	0.00713
104	0.00642	0.00458	0.00613	0.00733	0.00767	0.00429	0.00496	0.00738	0.01004	0.01337	0.02866	0.78691	0.03429	0.01625	0.00667	0.00212	0.00308	0.04077	0.00483	0.00425
105	0.01024	0.00756	0.00979	0.01040	0.02688	0.00788	0.00872	0.10912	0.06316	0.01823	0.02487	0.04935	0.02592	0.01267	0.00678	0.00223	0.00490	0.59085	0.00484	0.00561
106	0.00647	0.00458	0.00601	0.00709	0.00736	0.00431	0.00466	0.00728	0.00973	0.01297	0.02745	0.73401	0.03286	0.09805	0.00867	0.00241	0.00323	0.01407	0.00466	0.00412
107	0.00738	0.00621	0.00655	0.00643	0.00815	0.02148	0.00492	0.01009	0.07454	0.01616	0.19625	0.04509	0.50401	0.01209	0.00612	0.00177	0.00300	0.05986	0.00501	0.00487
108	0.01491	0.01795	0.02415	0.04638	0.02332	0.30919	0.45331	0.01812	0.01316	0.01507	0.00955	0.01228	0.00742	0.00479	0.00556	0.00160	0.00895	0.00504	0.00264	0.00661
109	0.83673	0.01005	0.00774	0.00690	0.01014	0.01160	0.00568	0.01551	0.00899	0.03906	0.00752	0.00865	0.00579	0.00487	0.00326	0.00161	0.00404	0.00287	0.00329	0.00571
110	0.01045	0.02694	0.79000	0.01484	0.02254	0.01209	0.01924	0.01649	0.01099	0.01649	0.00935	0.01099	0.00660	0.00495	0.00495	0.00165	0.00770	0.00385	0.00220	0.00770
111	0.00615	0.00528	0.00528	0.00528	0.00703	0.00440	0.00396	0.00747	0.01187	0.01407	0.05276	0.05012	0.78238	0.01319	0.00615	0.00176	0.00264	0.01099	0.00484	0.00440
112	0.00670	0.00537	0.00607	0.00637	0.00788	0.00474	0.00498	0.00828	0.01194	0.01474	0.09050	0.10264	0.53381	0.01349	0.00640	0.00191	0.00309	0.16172	0.00488	0.00450
113	0.02018	0.01365	0.01501	0.01154	0.01566	0.01480	0.00952	0.63929	0.03965	0.14609	0.01390	0.01344	0.00962	0.00630	0.00522	0.00157	0.00550	0.00480	0.00540	0.00884
114	0.03103	0.09922	0.09477	0.01742	0.02234	0.10679	0.42179	0.11034	0.01374	0.01789	0.00997	0.01233	0.00759	0.00480	0.00540	0.00160	0.00795	0.00501	0.00289	0.00713
115	0.07395	0.02706	0.01405	0.01104	0.01455	0.03997	0.00894	0.51285	0.11680	0.02763	0.01305	0.01416	0.00994	0.05081	0.00676	0.01902	0.02199	0.00479	0.00472	0.00792
116	0.00744	0.00558	0.00837	0.00837	0.00930	0.00651	0.00651	0.00930	0.00837	0.01209	0.01395	0.02046	0.01302	0.03906	0.79635	0.00837	0.01395	0.00558	0.00279	0.00465
117	0.00905	0.00452	0.00678	0.00678	0.00678	0.00452	0.00452	0.00678	0.00678	0.00905	0.00905	0.01583	0.00905	0.01809	0.02035	0.84848	0.00452	0.00452	0.00226	0.00226
118	0.01423	0.77583	0.02659	0.00916	0.01352	0.06379	0.00897	0.01588	0.01081	0.01228	0.00729	0.00841	0.00668	0.00451	0.00342	0.00113	0.00578	0.00282	0.00225	0.00665
119	0.04432	0.01416	0.01368	0.01140	0.01487	0.10022	0.00909	0.35540	0.33271	0.02575	0.01543	0.01489	0.01142	0.00644	0.00512	0.00162	0.00541	0.00498	0.00490	0.00819
120	0.00864	0.00577	0.00706	0.00653	0.00821	0.00520	0.00497	0.01100	0.03075	0.09087	0.48256	0.03973	0.25722	0.01091	0.00604	0.00167	0.00273	0.00940	0.00553	0.00521
121	0.02169	0.00920	0.01198	0.00941	0.01324	0.00846	0.00770	0.04227	0.11113	0.65842	0.02037	0.01786	0.01319	0.00651	0.00521	0.00162	0.00438	0.00530	0.02335	0.00870
122	0.01045	0.02694	0.79000	0.01484	0.02254	0.01209	0.01924	0.01649	0.01099	0.01649	0.00935	0.01099	0.00660	0.00495	0.00495	0.00165	0.00770	0.00385	0.00220	0.00770
123	0.01045	0.02694	0.79000	0.01484	0.02254	0.01209	0.01924	0.01649	0.01099	0.01649	0.00935	0.01099	0.00660	0.00495	0.00495	0.00165	0.00770	0.00385	0.00220	0.00770
124	0.00620	0.00528	0.00534	0.00532	0.00706	0.00442	0.00399	0.00756	0.01198	0.01432	0.08017	0.04970	0.75481	0.01309	0.00615	0.00175	0.00263	0.01093	0.00487	0.00442
125	0.01945	0.02482	0.01476	0.01342	0.01610	0.79608	0.01006	0.02079	0.01476	0.01275	0.00805	0.00939	0.00671	0.00537	0.00470	0.00134	0.00939	0.00335	0.00268	0.00604
126	0.01057	0.05656	0.76152	0.01462	0.02220	0.01241	0.01886	0.01646	0.01098	0.01633	0.00927	0.01090	0.00660	0.00493	0.00489	0.00163	0.00762	0.00381	0.00220	0.00766
127	0.01212	0.01039	0.01682	0.50372	0.22582	0.01185	0.01413	0.06553	0.01201	0.06287	0.01030	0.01377	0.00777	0.00521	0.00520	0.00167	0.00651	0.00467	0.00283	0.00681
128	0.00634	0.00453	0.00604	0.00725	0.00755	0.00423	0.00483	0.00725	0.00997	0.01329	0.02870	0.81358	0.03444	0.01632	0.00665	0.00211	0.00302	0.01480	0.00483	0.00423
129	0.01217	0.01492	0.08189	0.02147	0.02690	0.01310	0.71529	0.01667	0.01220	0.01667	0.01046	0.01384	0.00781	0.00443	0.00607	0.00175	0.00871	0.00599	0.00260	0.00707
130	0.01025	0.04061	0.70867	0.01402	0.02111	0.01165	0.01782	0.01591	0.01130	0.01678	0.07482	0.01331	0.01021	0.00542	0.00502	0.00164	0.00721	0.00430	0.00250	0.00744
131	0.01148	0.00649	0.00760	0.10681	0.01116	0.00683	0.00580	0.07608	0.01226	0.07156	0.01588	0.01803	0.01213	0.00600	0.00408	0.00134	0.00341	0.00484	0.61266	0.00558
132	0.12690	0.01401	0.01460	0.01132	0.01537	0.01558	0.00935	0.67058	0.02248	0.03161	0.01183	0.01198	0.00844	0.00607	0.00495	0.00157	0.00551	0.00445	0.00495	0.00844
133	0.01229	0.01405	0.03073	0.02195	0.02722	0.01317	0.76558	0.01668	0.01229	0.01668	0.01054	0.01405	0.00790	0.00439	0.00615	0.00176	0.00878	0.00615	0.00263	0.00702
134	0.00632	0.00528	0.00552	0.00553	0.00720	0.00448	0.00416	0.00776	0.01210	0.01473	0.12097	0.06558	0.68061	0.01304	0.00619	0.00177	0.00267	0.02672	0.00492	0.00445
135	0.02218	0.00980	0.01254	0.00965	0.01358	0.00915	0.00792	0.16308	0.01645	0.62175	0.01891	0.01729	0.01234	0.03302	0.00593	0.00172	0.00469	0.00521	0.00611	0.00867
136	0.00651	0.00483	0.00608	0.00679	0.00754	0.00440	0.00474	0.00778	0.01116	0.01472	0.15617	0.52412	0.18373	0.01474	0.00648	0.00197	0.00288	0.02598	0.00498	0.00438
137	0.07230	0.00885	0.01145	0.00902	0.01274	0.00806	0.00738	0.02386	0.06340	0.64046	0.07107	0.01870	0.01508	0.00667	0.00518	0.00162	0.00425	0.00541	0.00613	0.00836
138	0.01045	0.02694	0.79000	0.01484	0.02254	0.01209	0.01924	0.01649	0.01099	0.01649	0.00935	0.01099	0.00660	0.00495	0.00495	0.00165	0.00770	0.00385	0.00220	0.00770
139	0.00628	0.00487	0.00572	0.00637	0.00733	0.00432	0.00445	0.00740	0.01090	0.01378	0.05411	0.46220	0.36404	0.01483	0.00642	0.00195	0.00284	0.01302	0.00485	0.00432
140	0.02336	0.00886	0.01209	0.00927	0.01329	0.00765	0.00765	0.02538	0.01491	0.78810	0.02055	0.01773	0.01289	0.00645	0.00524	0.00161	0.00443	0.00524	0.00645	0.00886
141	0.16707	0.00940	0.01199	0.06385	0.06124	0.00921	0.00826	0.02210	0.06260	0.49115	0.03011	0.01602	0.01176	0.00608	0.00490	0.00163	0.00458	0.00485	0.00528	0.00794
142	0.01193	0.01372	0.04570	0.12229	0.02822	0.01294	0.65249	0.01624	0.01202	0.01624	0.01034	0.01396	0.00775	0.00451	0.00600	0.00175	0.00852	0.00590	0.00258	0.00688
143	0.00652	0.00462	0.00604	0.00707	0.00735	0.00438	0.00465	0.00733	0.00963	0.01286	0.02684	0.69816	0.03204	0.11958	0.02445	0.00261	0.00349	0.01370	0.00458	0.00410
144	0.01312	0.01453	0.02122	0.01664	0.01931	0.13796	0.30389	0.01647	0.06242	0.01480	0.00943	0.01265	0.00784	0.00655	0.01009	0.00189	0.31700	0.00507	0.00268	0.00644
145	0.00709	0.00531	0.00657	0.00626	0.00761	0.00479	0.00469	0.00928	0.01408	0.01931	0.61334	0.04149	0.21853	0.01123	0.00615	0.00167	0.00250	0.00978	0.00553	0.00479
146	0.77784	0.01028	0.00826	0.00722	0.01052	0.01179	0.00595	0.05765	0.00995	0.05092	0.00801	0.00901	0.00608	0.00497	0.00340	0.00161	0.00414	0.00301	0.00345	0.00593
147	0.01917	0.01355	0.01477	0.01149	0.01540	0.01481	0.00942	0.66830	0.02291	0.08246	0.01409	0.06436	0.01077	0.00691	0.00530	0.00160	0.00547	0.00538	0.00527	0.00856
148	0.01073	0.09165	0.72778	0.01436	0.02179	0.01279	0.01840	0.01642	0.01096	0.01615	0.00917	0.01078	0.00660	0.00491	0.00482	0.00161	0.00752	0.00376	0.00220	0.00761
149	0.00684	0.00519	0.00761	0.00815	0.00877	0.00488	0.05131	0.00796	0.01007	0.01342	0.02696	0.70092	0.03192	0.05441	0.00760	0.00225	0.00353	0.03923	0.00462	0.00437
150	0.00707	0.00519	0.00666	0.00676	0.00785	0.00478	0.00502	0.00905	0.01317	0.01807	0.48083	0.21171	0.12979	0.01244	0.00633	0.00181	0.00276	0.06065	0.00537	0.00470
151	0.01285	0.00876	0.01150	0.00966	0.01236	0.00882	0.06914	0.07037	0.20462	0.16230	0.24071	0.07030	0.07874	0.00865	0.00573	0.00170	0.00403	0.00758	0.00535	0.00685
152	0.01858	0.01545	0.01519	0.06045	0.01713	0.12709	0.01007	0.55427	0.08331	0.02786	0.01238	0.01271	0.00901	0.00613	0.00514	0.00156	0.00620	0.00459	0.00468	0.00822
153	0.00710	0.00536	0.00659	0.00642	0.00779	0.00485	0.00490	0.00922	0.01371	0.01852	0.51460	0.04364	0.25854	0.01166	0.00623	0.00173	0.00269	0.06630	0.00540	0.00476
154	0.00634	0.00455	0.00603	0.00722	0.00754	0.00423	0.00482	0.00726	0.01000	0.01331	0.02913	0.79995	0.04780	0.01626	0.00664	0.00211	0.00301	0.01474	0.00483	0.00423
155	0.01127	0.06093	0.68649	0.01455	0.02181	0.01277	0.03541	0.06704	0.01192	0.01741	0.00949	0.01105	0.00678	0.00500	0.00492	0.00162	0.00749	0.00391	0.00241	0.00771
156	0.01290	0.00978	0.01175	0.00865	0.01306	0.00810	0.02361	0.08713	0.02816	0.09570	0.01138	0.02898	0.00908	0.00469	0.00426	0.00100	0.00419	0.00383	0.00370	0.63004
157	0.00983	0.00926	0.01562	0.80447	0.03587	0.01157	0.01446	0.01331	0.01041	0.01331	0.00926	0.01388	0.00694	0.00521	0.00521	0.00174	0.00694	0.00463	0.00231	0.00579
158	0.00637	0.00464	0.00602	0.00711	0.00757	0.00428	0.00482	0.00735	0.01020	0.01342	0.03101	0.72342	0.10696	0.01597	0.00661	0.00209	0.00302	0.03006	0.00483	0.00426
159	0.83898	0.01006	0.00779	0.02083	0.01052	0.01168	0.00579	0.01527	0.00889	0.02319	0.00729	0.00855	0.00566	0.00484	0.00326	0.00161	0.00408	0.00285	0.00321	0.00564
160	0.01352	0.02751	0.01322	0.02988	0.07441	0.03893	0.00915	0.07002	0.61430	0.02140	0.01882	0.01784	0.01420	0.00668	0.00522	0.00171	0.00464	0.00555	0.00487	0.00812
161	0.00831	0.00631	0.00732	0.00741	0.00881	0.00612	0.00549	0.10563	0.02850	0.01664	0.06247	0.38087	0.26692	0.01352	0.00629	0.00192	0.00335	0.05417	0.00492	0.00502
162	0.00708	0.00531	0.00656	0.00625	0.00760	0.00479	0.00469	0.00927	0.01406	0.01927	0.60964	0.04155	0.22225	0.01125	0.00615	0.00167	0.00250	0.00979	0.00552	0.00479
163	0.01260	0.01224	0.02116	0.02920	0.64598	0.01247	0.07656	0.01564	0.01164	0.01664	0.01023	0.01435	0.00882	0.00523	0.00611	0.00164	0.06035	0.02864	0.00263	0.00787
164	0.78542	0.00997	0.00802	0.00705	0.01034	0.01135	0.00581	0.01614	0.00936	0.08631	0.00835	0.00922	0.00624	0.00497	0.00339	0.00161	0.00406	0.00302	0.00349	0.00591
165	0.01023	0.00966	0.01633	0.70526	0.13201	0.01167	0.01466	0.01365	0.01060	0.01378	0.00933	0.01376	0.00711	0.00513	0.00520	0.00171	0.00685	0.00463	0.00235	0.00610
166	0.00634	0.00453	0.00604	0.00725	0.00755	0.00423	0.00483	0.00725	0.00997	0.01329	0.02870	0.81358	0.03444	0.01632	0.00665	0.00211	0.00302	0.01480	0.00483	0.00423
167	0.01045	0.02694	0.79000	0.01484	0.02254	0.01209	0.01924	0.01649	0.01099	0.01649	0.00935	0.01099	0.00660	0.00495	0.00495	0.00165	0.00770	0.00385	0.00220	0.00770
168	0.80286	0.01035	0.00814	0.00716	0.01044	0.01196	0.00590	0.06120	0.00982	0.02394	0.00757	0.00871	0.00584	0.00492	0.00334	0.00161	0.00413	0.00293	0.00334	0.00584
169	0.85377	0.01007	0.00765	0.00685	0.01007	0.01168	0.00564	0.01531	0.00886	0.02336	0.00725	0.00846	0.00564	0.00483	0.00322	0.00161	0.00403	0.00282	0.00322	0.00564
170	0.01229	0.01405	0.03073	0.02195	0.02722	0.01317	0.76558	0.01668	0.01229	0.01668	0.01054	0.01405	0.00790	0.00439	0.00615	0.00176	0.00878	0.00615	0.00263	0.00702
171	0.00634	0.00456	0.00602	0.00719	0.00754	0.00424	0.00481	0.00726	0.01003	0.01332	0.02947	0.78910	0.05843	0.01621	0.00663	0.00210	0.00301	0.01468	0.00483	0.00424
172	0.00744	0.00556	0.00828	0.00828	0.00918	0.00646	0.00640	0.00924	0.00834	0.01202	0.01403	0.02091	0.01321	0.06460	0.77107	0.00826	0.01366	0.00565	0.00280	0.00460
173	0.01295	0.01119	0.01178	0.01060	0.01354	0.01295	0.00824	0.02767	0.77509	0.02178	0.02120	0.01943	0.01590	0.00707	0.00530	0.00177	0.00412	0.00589	0.00530	0.00824
174	0.01080	0.00926	0.01080	0.00771	0.01234	0.00694	0.00617	0.01311	0.01080	0.01697	0.00926	0.01080	0.00771	0.00386	0.00386	0.00077	0.00386	0.00309	0.00309	0.84882
175	0.02189	0.00853	0.01161	0.00910	0.01284	0.00740	0.00747	0.02389	0.01469	0.71748	0.05210	0.04488	0.01538	0.00708	0.00536	0.00164	0.00431	0.01955	0.00633	0.00848
176	0.00777	0.00602	0.00881	0.00863	0.00942	0.00719	0.00669	0.00945	0.00828	0.01199	0.01353	0.02063	0.01291	0.08901	0.68024	0.00764	0.07876	0.00563	0.00277	0.00464
177	0.00731	0.00532	0.00688	0.00649	0.00775	0.00489	0.00487	0.00972	0.01461	0.02056	0.74754	0.03943	0.08354	0.01077	0.00614	0.00164	0.00247	0.00949	0.00569	0.00489
178	0.02101	0.02690	0.03876	0.01030	0.01442	0.01083	0.00873	0.23502	0.07167	0.47945	0.01769	0.01597	0.01164	0.00635	0.00519	0.00160	0.00491	0.00504	0.00579	0.00874
179	0.00983	0.00926	0.01562	0.80447	0.03587	0.01157	0.01446	0.01331	0.01041	0.01331	0.00926	0.01388	0.00694	0.00521	0.00521	0.00174	0.00694	0.00463	0.00231	0.00579
180	0.00698	0.00531	0.00641	0.00614	0.00754	0.00475	0.00460	0.00906	0.01381	0.01867	0.54502	0.04254	0.28725	0.01147	0.00615	0.00168	0.00252	0.00993	0.00544	0.00475
181	0.06883	0.01408	0.01348	0.11314	0.01728	0.14932	0.00960	0.20722	0.31016	0.02196	0.01434	0.01456	0.01076	0.00619	0.00503	0.00163	0.00579	0.00479	0.00431	0.00753
182	0.02300	0.00892	0.01207	0.00927	0.01325	0.00778	0.00765	0.04087	0.01511	0.75802	0.03428	0.01800	0.01347	0.00652	0.00525	0.00161	0.00442	0.00530	0.00641	0.00879
183	0.00856	0.00630	0.00843	0.00940	0.01075	0.00637	0.00811	0.01172	0.06340	0.01591	0.02868	0.05557	0.07495	0.01382	0.00700	0.00232	0.00462	0.65427	0.00483	0.00500
184	0.00737	0.00532	0.00696	0.00655	0.00778	0.00491	0.00491	0.00983	0.01474	0.02088	0.78175	0.03890	0.04914	0.01065	0.00614	0.00164	0.00246	0.00942	0.00573	0.00491
185	0.00983	0.00910	0.01524	0.77621	0.03481	0.01133	0.01408	0.01326	0.01043	0.01352	0.00953	0.01408	0.00717	0.00524	0.00515	0.00172	0.00678	0.00464	0.03213	0.00575
186	0.85377	0.01007	0.00765	0.00685	0.01007	0.01168	0.00564	0.01531	0.00886	0.02336	0.00725	0.00846	0.00564	0.00483	0.00322	0.00161	0.00403	0.00282	0.00322	0.00564
187	0.02329	0.00898	0.01216	0.00932	0.01335	0.00783	0.00770	0.04083	0.01510	0.77237	0.02038	0.01762	0.01281	0.00644	0.00524	0.00161	0.00446	0.00523	0.00642	0.00886
188	0.01901	0.00892	0.01141	0.00910	0.01249	0.00838	0.00738	0.10540	0.06401	0.49706	0.17644	0.02161	0.02009	0.00733	0.00542	0.00162	0.00415	0.00608	0.00609	0.00801
189	0.00983	0.00926	0.01562	0.80447	0.03587	0.01157	0.01446	0.01331	0.01041	0.01331	0.00926	0.01388	0.00694	0.00521	0.00521	0.00174	0.00694	0.00463	0.00231	0.00579
190	0.66388	0.00979	0.00867	0.00740	0.01081	0.01076	0.00610	0.01761	0.01024	0.19824	0.01029	0.01058	0.00730	0.00520	0.00368	0.00161	0.00412	0.00337	0.00396	0.00638
191	0.00654	0.00547	0.00573	0.00575	0.00740	0.00478	0.00428	0.00848	0.04410	0.01482	0.10181	0.11028	0.63641	0.01300	0.00616	0.00178	0.00272	0.01097	0.00492	0.00458
192	0.01228	0.00973	0.01057	0.00964	0.01202	0.01093	0.00737	0.03814	0.54080	0.05205	0.02058	0.02444	0.01711	0.15012	0.00916	0.00238	0.00438	0.05624	0.00493	0.00715
193	0.00737	0.00532	0.00696	0.00655	0.00778	0.00491	0.00491	0.00983	0.01474	0.02088	0.78175	0.03890	0.04914	0.01065	0.00614	0.00164	0.00246	0.00942	0.00573	0.00491
194	0.01080	0.00926	0.01080	0.00771	0.01234	0.00694	0.00617	0.01311	0.01080	0.01697	0.00926	0.01080	0.00771	0.00386	0.00386	0.00077	0.00386	0.00309	0.00309	0.84882
195	0.01322	0.01061	0.01162	0.01049	0.01330	0.01193	0.00842	0.13549	0.49728	0.03619	0.02168	0.02595	0.03367	0.00835	0.00564	0.00184	0.00446	0.13698	0.00521	0.00766
196	0.01876	0.02287	0.01460	0.01298	0.01582	0.67731	0.00984	0.07043	0.01501	0.01435	0.00840	0.00973	0.00692	0.00542	0.00497	0.00134	0.02726	0.00346	0.00287	0.05766
197	0.00703	0.00521	0.00664	0.00752	0.00813	0.00509	0.00516	0.00934	0.08203	0.01460	0.07874	0.68692	0.03369	0.01507	0.00649	0.00205	0.00309	0.01361	0.00494	0.00465
198	0.01736	0.01322	0.01430	0.01105	0.01515	0.01412	0.00903	0.54336	0.11191	0.02866	0.01296	0.01303	0.00949	0.00592	0.00498	0.00145	0.00520	0.00454	0.00484	0.15942
199	0.01626	0.01036	0.05875	0.00955	0.01296	0.00944	0.00811	0.13101	0.15074	0.30541	0.19041	0.02226	0.03631	0.00752	0.00545	0.00164	0.00429	0.00624	0.00561	0.00770
200	0.00712	0.00510	0.00664	0.00699	0.00780	0.00478	0.00495	0.02418	0.01230	0.01690	0.35350	0.42736	0.05634	0.01363	0.00670	0.02114	0.00286	0.01195	0.00517	0.00458
201	0.00977	0.00520	0.00738	0.00713	0.00742	0.00531	0.00489	0.05802	0.00798	0.01065	0.00928	0.01561	0.00903	0.01729	0.01933	0.79141	0.00460	0.00453	0.00246	0.00271
202	0.06405	0.01750	0.01460	0.01201	0.01558	0.28840	0.00955	0.40489	0.03203	0.07479	0.01134	0.01166	0.00832	0.00589	0.00493	0.00149	0.00681	0.00418	0.00430	0.00769
203	0.01628	0.01244	0.01331	0.03601	0.01476	0.02868	0.00866	0.45931	0.13203	0.02651	0.01387	0.01525	0.01066	0.06075	0.00644	0.00174	0.00520	0.00491	0.05608	0.07712
204	0.00639	0.00457	0.00610	0.00731	0.00763	0.00427	0.00492	0.00733	0.01002	0.01335	0.02868	0.79613	0.03434	0.01627	0.00666	0.00212	0.00306	0.03179	0.00483	0.00424
205	0.01207	0.01365	0.02944	0.02120	0.02613	0.01296	0.71616	0.01624	0.01208	0.01644	0.01102	0.04049	0.00875	0.00494	0.00651	0.00178	0.03420	0.00638	0.00270	0.00689
206	0.01263	0.01343	0.02436	0.01976	0.10128	0.05747	0.47460	0.06162	0.03811	0.01719	0.01299	0.07455	0.02777	0.00592	0.00627	0.00174	0.03386	0.00644	0.00308	0.00693
207	0.00786	0.00696	0.01233	0.01100	0.01256	0.00651	0.19869	0.00965	0.01056	0.01416	0.02407	0.60984	0.02768	0.01328	0.00652	0.00202	0.00449	0.01260	0.00427	0.00494
208	0.00671	0.00485	0.00643	0.00737	0.00795	0.00449	0.00512	0.00789	0.01053	0.01419	0.08997	0.67260	0.03447	0.01531	0.00655	0.00205	0.00312	0.06348	0.00485	0.03205
209	0.01167	0.01283	0.02655	0.12115	0.02639	0.01287	0.57362	0.01554	0.01156	0.01573	0.01052	0.03105	0.00836	0.00587	0.02341	0.00194	0.07567	0.00599	0.00261	0.00664
210	0.04413	0.10869	0.61439	0.01348	0.02019	0.01253	0.02936	0.01592	0.01113	0.01660	0.05919	0.01248	0.00935	0.00525	0.00481	0.00159	0.00700	0.00410	0.00248	0.00732
211	0.05970	0.00627	0.00782	0.00845	0.00992	0.00627	0.00710	0.01116	0.04890	0.01651	0.09621	0.07736	0.14667	0.01300	0.00659	0.00214	0.00411	0.46207	0.00481	0.00494
212	0.03191	0.48837	0.10599	0.01083	0.01471	0.12654	0.01048	0.01596	0.01079	0.01306	0.00752	0.00923	0.00668	0.00532	0.00571	0.00138	0.12343	0.00324	0.00232	0.00654
213	0.71072	0.06051	0.06160	0.00752	0.01109	0.01203	0.00675	0.01554	0.00928	0.03770	0.00787	0.00905	0.00608	0.00488	0.00340	0.00158	0.00434	0.00298	0.02118	0.00589
214	0.15597	0.00937	0.01134	0.00900	0.01273	0.00898	0.00736	0.05190	0.07305	0.55880	0.01805	0.01654	0.01194	0.02466	0.00540	0.00170	0.00441	0.00493	0.00571	0.00816

[dist]
# distance from previous block
# <min> <max>
0	2

[block]
# block no. 1 follows, 47 sequences, length 30
# corresponding to MSA columns:
# 244-273
name=unknown_B
#
# <colnr> <probs for GDERKNQSTAVLIFYWHMCP>
#	G	D	E	R	K	N	Q	S	T	A	V	L	I	F	Y	W	H	M	C	P
0	0.11970	0.01477	0.01296	0.01092	0.01419	0.17882	0.00866	0.30559	0.17403	0.02410	0.06128	0.01503	0.02455	0.00644	0.00495	0.00157	0.00571	0.00482	0.00448	0.00742
1	0.71293	0.01054	0.00940	0.00934	0.07558	0.01197	0.00683	0.06558	0.01026	0.03701	0.00805	0.00926	0.00620	0.00494	0.00355	0.00160	0.00433	0.00314	0.00336	0.00613
2	0.00724	0.00528	0.00680	0.00651	0.00772	0.00484	0.00485	0.00954	0.01430	0.02004	0.69497	0.08068	0.09550	0.01111	0.00617	0.00167	0.00250	0.00980	0.00563	0.00484
3	0.02002	0.01114	0.01314	0.01029	0.01414	0.01132	0.00840	0.30039	0.10599	0.37590	0.03027	0.01647	0.01234	0.02018	0.00558	0.00165	0.00484	0.00517	0.00571	0.02706
4	0.08864	0.00607	0.00730	0.00669	0.00839	0.00574	0.00512	0.01144	0.01393	0.08494	0.57748	0.03528	0.10946	0.00998	0.00579	0.00164	0.00279	0.00859	0.00547	0.00527
5	0.01145	0.25617	0.56957	0.01313	0.01989	0.01455	0.01626	0.01623	0.01088	0.01527	0.00874	0.01023	0.00662	0.00481	0.00448	0.00149	0.00708	0.00354	0.00221	0.00740
6	0.42698	0.02450	0.01102	0.00909	0.01251	0.11394	0.00737	0.15735	0.03417	0.12773	0.01132	0.01163	0.02135	0.00559	0.00417	0.00157	0.00510	0.00379	0.00403	0.00679
7	0.08755	0.01220	0.01304	0.01053	0.01394	0.01339	0.00847	0.49253	0.08635	0.06583	0.01495	0.08985	0.01232	0.04734	0.00624	0.00181	0.00509	0.00576	0.00497	0.00781
8	0.00733	0.00498	0.00590	0.00624	0.00637	0.00491	0.00380	0.00766	0.00835	0.01111	0.01980	0.21538	0.02306	0.59225	0.02096	0.00424	0.00457	0.04600	0.00362	0.00348
9	0.00751	0.00502	0.00570	0.00576	0.00578	0.00501	0.00324	0.00756	0.00770	0.01027	0.01705	0.07497	0.01975	0.77498	0.02546	0.00489	0.00494	0.00795	0.00324	0.00321
10	0.01222	0.01385	0.02963	0.02133	0.02621	0.01338	0.70932	0.01637	0.01197	0.01637	0.01026	0.01385	0.00782	0.00474	0.00696	0.00179	0.06836	0.00603	0.00261	0.00692
11	0.01957	0.01447	0.01550	0.01194	0.01606	0.01604	0.00984	0.74256	0.04942	0.03245	0.01279	0.01273	0.00909	0.00628	0.00521	0.00157	0.00568	0.00473	0.00521	0.00884
12	0.00710	0.00744	0.08130	0.00811	0.00988	0.00556	0.04372	0.00895	0.01118	0.01467	0.09621	0.39504	0.24944	0.01322	0.00629	0.00192	0.00363	0.02700	0.00455	0.00481
13	0.00735	0.00496	0.00574	0.00596	0.00601	0.00490	0.00346	0.00752	0.00800	0.01067	0.01860	0.17327	0.02170	0.67401	0.02296	0.00452	0.00469	0.00886	0.00346	0.00335
14	0.01836	0.02276	0.01417	0.01288	0.01553	0.69061	0.00969	0.02101	0.08666	0.01392	0.04001	0.01151	0.00926	0.00574	0.00481	0.00139	0.00862	0.00383	0.00305	0.00620
15	0.58250	0.01087	0.02537	0.07238	0.01445	0.01182	0.07087	0.06819	0.01083	0.07783	0.00905	0.01036	0.00670	0.00504	0.00394	0.00163	0.00487	0.00357	0.00345	0.00626
16	0.00634	0.00457	0.00601	0.00716	0.00753	0.00424	0.00479	0.00726	0.01006	0.01333	0.02981	0.77847	0.06884	0.01617	0.00662	0.00210	0.00300	0.01463	0.00483	0.00424
17	0.00689	0.00510	0.00645	0.00668	0.00772	0.00466	0.00488	0.00867	0.01265	0.01711	0.38780	0.27749	0.17472	0.01300	0.00635	0.00184	0.00277	0.04537	0.00526	0.00461
18	0.01476	0.01175	0.01952	0.02791	0.64679	0.01153	0.01450	0.01766	0.01240	0.15470	0.01172	0.01375	0.00908	0.00496	0.00517	0.00156	0.00587	0.00475	0.00327	0.00836
19	0.06660	0.23235	0.51911	0.01323	0.03989	0.01430	0.01557	0.01617	0.01077	0.01585	0.00867	0.01019	0.00660	0.00480	0.00442	0.00150	0.00686	0.00352	0.00228	0.00731
20	0.64973	0.01220	0.07129	0.00926	0.05208	0.04774	0.00758	0.03913	0.01015	0.02221	0.03349	0.01008	0.00745	0.00510	0.00369	0.00160	0.00468	0.00330	0.00323	0.00604
21	0.01232	0.09828	0.54232	0.01512	0.08228	0.01250	0.03201	0.03110	0.01172	0.08695	0.02221	0.01204	0.00804	0.00511	0.00489	0.00159	0.00698	0.00409	0.00274	0.00772
22	0.00703	0.00536	0.00649	0.00635	0.00776	0.00482	0.00486	0.00908	0.01352	0.01808	0.46683	0.04440	0.30389	0.01183	0.00623	0.00174	0.00271	0.06896	0.00534	0.00472
23	0.00751	0.00596	0.00871	0.01160	0.14627	0.00569	0.00680	0.00882	0.01037	0.01398	0.02608	0.64662	0.05327	0.01413	0.00637	0.00200	0.00357	0.01287	0.00443	0.00495
24	0.85377	0.01007	0.00765	0.00685	0.01007	0.01168	0.00564	0.01531	0.00886	0.02336	0.00725	0.00846	0.00564	0.00483	0.00322	0.00161	0.00403	0.00282	0.00322	0.00564
25	0.01835	0.01354	0.01452	0.01133	0.01505	0.01496	0.00919	0.66395	0.05472	0.03020	0.01324	0.01484	0.01011	0.08295	0.00723	0.00190	0.00560	0.00501	0.00502	0.00829
