[name]
unknown

[dist]
# distance from previous block
# <min> <max>
26	107

[block]
# block no. 0 follows, 46 sequences, length 8
# corresponding to MSA columns:
# 163-170
name=unknown_A
#
# <colnr> <probs for GDERKNQSTAVLIFYWHMCP>
#	G	D	E	R	K	N	Q	S	T	A	V	L	I	F	Y	W	H	M	C	P
0	0.04243	0.01119	0.01443	0.31235	0.02268	0.06848	0.05465	0.12501	0.06296	0.03985	0.01230	0.04280	0.00982	0.00748	0.03878	0.00193	0.02098	0.00509	0.05953	0.04726
1	0.01271	0.01173	0.01635	0.29454	0.09079	0.06164	0.06588	0.13248	0.01290	0.01722	0.01079	0.03882	0.00906	0.03308	0.00790	0.00188	0.13144	0.00516	0.03914	0.00650
2	0.05106	0.01205	0.01448	0.13407	0.18799	0.13351	0.04284	0.01633	0.08352	0.03393	0.01413	0.07417	0.02694	0.00797	0.03859	0.00190	0.00632	0.01923	0.06247	0.03849
3	0.05906	0.00926	0.01028	0.08658	0.01343	0.05728	0.00719	0.06501	0.07342	0.14766	0.04084	0.12025	0.08004	0.11488	0.00817	0.00210	0.00474	0.00694	0.00440	0.08845
4	0.10487	0.00925	0.01111	0.10305	0.05013	0.00975	0.00800	0.15829	0.06038	0.05278	0.01728	0.18264	0.04415	0.05296	0.00692	0.02674	0.00469	0.00703	0.00415	0.08581
5	0.04090	0.00944	0.01318	0.32884	0.08277	0.01038	0.01055	0.09937	0.04745	0.01782	0.06397	0.06608	0.05030	0.02588	0.00575	0.00171	0.00539	0.00587	0.02291	0.09146
6	0.04851	0.00650	0.00753	0.00678	0.00878	0.00601	0.00520	0.04507	0.01377	0.12311	0.30991	0.03780	0.30110	0.04824	0.00690	0.00186	0.00318	0.00895	0.00533	0.00548
7	0.01407	0.00991	0.01323	0.17792	0.01807	0.01075	0.03596	0.24639	0.01587	0.11622	0.11202	0.06104	0.01640	0.03248	0.09324	0.00254	0.00636	0.00621	0.00445	0.00688

[dist]
# distance from previous block
# <min> <max>
3	13

[block]
# block no. 1 follows, 46 sequences, length 58
# corresponding to MSA columns:
# 184-193,196-232,234-244
name=unknown_B
#
# <colnr> <probs for GDERKNQSTAVLIFYWHMCP>
#	G	D	E	R	K	N	Q	S	T	A	V	L	I	F	Y	W	H	M	C	P
0	0.01310	0.01193	0.12737	0.02181	0.01427	0.00921	0.02425	0.11379	0.06521	0.12723	0.16599	0.03918	0.04226	0.00698	0.00522	0.00148	0.00466	0.00585	0.00451	0.19571
1	0.03498	0.13381	0.14621	0.01028	0.01497	0.02976	0.03889	0.04341	0.01277	0.19842	0.04751	0.01556	0.04800	0.00574	0.00471	0.00138	0.00526	0.00458	0.00391	0.19984
2	0.10584	0.02246	0.00932	0.02673	0.01074	0.00808	0.00621	0.10922	0.02794	0.06839	0.22047	0.14036	0.08290	0.05093	0.00656	0.00182	0.00380	0.00783	0.00476	0.08565
3	0.01170	0.01158	0.06434	0.26981	0.02152	0.09062	0.07208	0.03667	0.04577	0.06462	0.14841	0.10668	0.01855	0.00763	0.00563	0.00173	0.00594	0.00674	0.00378	0.00619
4	0.07805	0.01171	0.06339	0.20021	0.01960	0.01214	0.01041	0.05654	0.35308	0.11473	0.01625	0.01642	0.01184	0.00629	0.00516	0.00174	0.00521	0.00516	0.00443	0.00764
5	0.20866	0.03669	0.01382	0.08842	0.10238	0.04592	0.02178	0.11239	0.01342	0.18044	0.01171	0.01256	0.00850	0.00532	0.00458	0.00150	0.00528	0.00412	0.00396	0.11856
6	0.01407	0.00952	0.01140	0.00840	0.01288	0.00769	0.00677	0.03346	0.04589	0.18686	0.01253	0.01294	0.00938	0.00469	0.00432	0.00103	0.00410	0.00378	0.00403	0.60626
7	0.01545	0.45336	0.05505	0.01015	0.01463	0.07979	0.00945	0.16226	0.01398	0.03466	0.00909	0.01000	0.00747	0.00495	0.00405	0.00123	0.00587	0.00339	0.00308	0.10209
8	0.01252	0.48723	0.16622	0.01090	0.01562	0.01665	0.05975	0.01530	0.01129	0.01457	0.08773	0.01273	0.01134	0.00539	0.00463	0.00136	0.03097	0.00401	0.00268	0.02911
9	0.00644	0.00460	0.00613	0.00736	0.00767	0.00429	0.00491	0.00736	0.01012	0.01350	0.02914	0.81076	0.03497	0.01656	0.00675	0.00215	0.00307	0.01503	0.00491	0.00429
10	0.00848	0.00583	0.00730	0.00674	0.00830	0.00534	0.00511	0.02948	0.01477	0.06150	0.60558	0.03943	0.16033	0.01087	0.00616	0.00168	0.00271	0.00946	0.00570	0.00522
11	0.07017	0.19616	0.11030	0.01054	0.01506	0.06510	0.00985	0.12823	0.01467	0.30968	0.01356	0.01310	0.00942	0.00570	0.00468	0.00150	0.00566	0.00422	0.00441	0.00796
12	0.01835	0.01398	0.01741	0.01464	0.08098	0.01504	0.08806	0.52527	0.08242	0.06939	0.01341	0.01374	0.00964	0.00609	0.00539	0.00162	0.00597	0.00504	0.00487	0.00870
13	0.00631	0.00511	0.00561	0.00600	0.00731	0.00441	0.00430	0.00751	0.01143	0.01403	0.04572	0.29485	0.54017	0.01441	0.00641	0.00190	0.00280	0.01240	0.00491	0.00441
14	0.00648	0.00464	0.00610	0.00726	0.00759	0.00433	0.00483	0.00738	0.01008	0.01340	0.02928	0.76548	0.05217	0.04438	0.00744	0.00224	0.00313	0.01468	0.00485	0.00426
15	0.01986	0.01454	0.01562	0.01204	0.01622	0.01607	0.00993	0.71591	0.05774	0.04821	0.01325	0.01311	0.00939	0.00639	0.00529	0.00160	0.00572	0.00482	0.00532	0.00896
16	0.01196	0.01122	0.01887	0.02822	0.65074	0.01117	0.01432	0.01473	0.01171	0.01663	0.01318	0.14765	0.01286	0.00671	0.00549	0.00167	0.00574	0.00645	0.00300	0.00769
17	0.00748	0.00540	0.00707	0.00665	0.00790	0.00499	0.00499	0.00998	0.01496	0.02120	0.77844	0.03949	0.04988	0.01081	0.00624	0.00166	0.00249	0.00956	0.00582	0.00499
18	0.01197	0.01149	0.09220	0.02845	0.14892	0.04932	0.01018	0.01700	0.14979	0.08679	0.13935	0.04178	0.07634	0.00851	0.00575	0.00177	0.00498	0.10410	0.00444	0.00686
19	0.27065	0.10231	0.02093	0.01512	0.04087	0.11219	0.31228	0.01679	0.01141	0.01792	0.00887	0.01119	0.00701	0.00486	0.00508	0.00162	0.02717	0.00439	0.00281	0.00654
20	0.01529	0.01242	0.01316	0.01119	0.01456	0.01415	0.00888	0.25422	0.54208	0.02556	0.01880	0.01756	0.01394	0.00692	0.00535	0.00173	0.00469	0.00560	0.00535	0.00856
21	0.01427	0.79818	0.02739	0.00916	0.01364	0.03964	0.00907	0.01596	0.01084	0.01245	0.00737	0.00851	0.00678	0.00455	0.00343	0.00114	0.00575	0.00284	0.00227	0.00677
22	0.25923	0.00964	0.01346	0.56618	0.02865	0.01178	0.01203	0.01411	0.01010	0.01653	0.00879	0.01246	0.00666	0.00517	0.00469	0.00172	0.00617	0.00415	0.00262	0.00583
23	0.85155	0.01022	0.00777	0.00695	0.01022	0.01186	0.00573	0.01554	0.00900	0.02372	0.00736	0.00859	0.00573	0.00491	0.00327	0.00164	0.00409	0.00286	0.00327	0.00573
24	0.00940	0.00631	0.00800	0.00730	0.00896	0.00606	0.00557	0.01314	0.09322	0.08376	0.63821	0.03569	0.04338	0.01008	0.00607	0.00167	0.00283	0.00884	0.00583	0.00567
25	0.01189	0.00962	0.01283	0.01183	0.04725	0.01008	0.08564	0.19945	0.13714	0.02039	0.02104	0.34417	0.02139	0.01068	0.00606	0.00190	0.00473	0.03259	0.00474	0.00661
26	0.00642	0.00468	0.00605	0.00715	0.00761	0.00431	0.00482	0.00738	0.01032	0.01358	0.03166	0.73219	0.11190	0.01623	0.00670	0.00211	0.00303	0.01463	0.00491	0.00431
27	0.15539	0.01179	0.04149	0.01218	0.08519	0.01173	0.03311	0.09157	0.26503	0.06922	0.01420	0.01439	0.01069	0.00569	0.00475	0.00153	0.00478	0.00460	0.00422	0.15845
28	0.01351	0.01413	0.13227	0.14158	0.32499	0.04347	0.02599	0.01758	0.05432	0.10083	0.01153	0.01357	0.00876	0.00515	0.00512	0.00157	0.00631	0.00458	0.00315	0.07160
29	0.01166	0.26483	0.39954	0.01298	0.05868	0.01404	0.01410	0.01568	0.01110	0.01540	0.01080	0.01218	0.04115	0.00511	0.00448	0.00142	0.00644	0.00386	0.00247	0.09410
30	0.16941	0.06323	0.42356	0.01447	0.04094	0.01252	0.13358	0.01618	0.01113	0.01807	0.04324	0.01233	0.00869	0.00513	0.00486	0.00165	0.00689	0.00429	0.00267	0.00715
31	0.01181	0.01191	0.01810	0.01656	0.09446	0.01556	0.08000	0.01347	0.00890	0.01357	0.00759	0.01197	0.00719	0.00835	0.01509	0.00219	0.64995	0.00478	0.00238	0.00617
32	0.01291	0.01372	0.12109	0.02295	0.38902	0.02569	0.13369	0.01641	0.01208	0.06731	0.01211	0.04185	0.00984	0.00541	0.00526	0.00160	0.00634	0.00525	0.08986	0.00760
33	0.01417	0.04456	0.42789	0.05168	0.05506	0.08758	0.05509	0.05434	0.01285	0.13078	0.01122	0.01240	0.00793	0.00531	0.00509	0.00162	0.00728	0.00427	0.00311	0.00775
34	0.00735	0.00540	0.00689	0.00652	0.00782	0.00493	0.00489	0.00973	0.01466	0.02048	0.70349	0.04067	0.12528	0.01107	0.00624	0.00168	0.00251	0.00973	0.00573	0.00493
35	0.07845	0.01101	0.01240	0.00980	0.01370	0.08961	0.00799	0.05671	0.01513	0.62152	0.01829	0.01626	0.01177	0.00631	0.00512	0.00161	0.00505	0.00493	0.00588	0.00848
36	0.01236	0.20617	0.46210	0.01460	0.03351	0.01432	0.10843	0.03207	0.01167	0.04403	0.00963	0.01124	0.00719	0.00491	0.00482	0.00156	0.00727	0.00403	0.00252	0.00757
37	0.00752	0.00539	0.00686	0.00660	0.00788	0.00491	0.00491	0.00972	0.01415	0.03345	0.60382	0.11222	0.13963	0.01159	0.00627	0.00172	0.00261	0.01019	0.00563	0.00493
38	0.01994	0.00816	0.01106	0.00877	0.01219	0.00712	0.00712	0.02209	0.01509	0.60733	0.19700	0.02299	0.02164	0.00753	0.00553	0.00164	0.00403	0.00630	0.00637	0.00806
39	0.07733	0.16370	0.08522	0.01401	0.01835	0.03556	0.26955	0.04823	0.01238	0.09614	0.01368	0.10434	0.02537	0.00642	0.00526	0.00165	0.00649	0.00600	0.00342	0.00689
40	0.01231	0.01889	0.34889	0.01969	0.15937	0.01212	0.23894	0.01703	0.01209	0.06473	0.03753	0.01384	0.00930	0.00509	0.00548	0.00168	0.00747	0.00503	0.00283	0.00768
41	0.00644	0.00460	0.00613	0.00736	0.00767	0.00429	0.00491	0.00736	0.01012	0.01350	0.02914	0.81076	0.03497	0.01656	0.00675	0.00215	0.00307	0.01503	0.00491	0.00429
42	0.12243	0.01592	0.16388	0.01737	0.04244	0.03515	0.38582	0.04380	0.01254	0.09343	0.01101	0.01310	0.00798	0.00492	0.00544	0.00170	0.00749	0.00511	0.00314	0.00733
43	0.03046	0.01339	0.06335	0.08637	0.49026	0.02810	0.01445	0.08160	0.09150	0.01887	0.01121	0.01351	0.00893	0.00517	0.00517	0.00160	0.00615	0.00471	0.00311	0.02207
44	0.00800	0.00643	0.01010	0.00918	0.01045	0.00688	0.08388	0.00975	0.00898	0.01249	0.01686	0.02478	0.06387	0.18635	0.51006	0.00670	0.01109	0.00648	0.00302	0.00465
45	0.06482	0.00527	0.00511	0.00506	0.00642	0.00538	0.00383	0.01253	0.01095	0.01997	0.01660	0.01898	0.01304	0.00608	0.00367	0.00126	0.00257	0.00479	0.78869	0.00498
46	0.00728	0.00544	0.00679	0.00657	0.00793	0.00495	0.00501	0.00952	0.01415	0.01935	0.57263	0.04327	0.20636	0.01161	0.00631	0.00174	0.00269	0.05797	0.00556	0.00487
47	0.01510	0.37129	0.04857	0.01165	0.07554	0.05084	0.00965	0.12954	0.02387	0.06359	0.00983	0.01077	0.00793	0.00493	0.00418	0.00125	0.00560	0.00358	0.00321	0.14907
48	0.01223	0.08015	0.58862	0.01523	0.05327	0.04749	0.04079	0.04331	0.01200	0.04504	0.00987	0.01138	0.00713	0.00508	0.00496	0.00162	0.00752	0.00400	0.00255	0.00775
49	0.01096	0.00940	0.01096	0.00783	0.01253	0.00705	0.00626	0.01331	0.01096	0.01723	0.00940	0.01096	0.00783	0.00392	0.00392	0.00078	0.00392	0.00313	0.00313	0.84653
50	0.00731	0.00527	0.00691	0.00677	0.00786	0.00487	0.00497	0.00954	0.01415	0.01990	0.65204	0.16960	0.04737	0.01178	0.00632	0.00174	0.00259	0.01048	0.00567	0.00487
51	0.01414	0.01426	0.07141	0.02793	0.60353	0.04661	0.01538	0.09393	0.01349	0.03372	0.01033	0.01286	0.00835	0.00497	0.00521	0.00157	0.00644	0.00462	0.00295	0.00832
52	0.01414	0.01039	0.00944	0.00817	0.01048	0.10548	0.00640	0.23851	0.01569	0.02295	0.01476	0.01635	0.01135	0.00613	0.00430	0.00135	0.00434	0.00469	0.48876	0.00629
53	0.01116	0.00951	0.01107	0.00792	0.01261	0.00724	0.00634	0.02916	0.01126	0.01757	0.00947	0.01100	0.00785	0.00397	0.00394	0.00080	0.00396	0.00317	0.00318	0.82883
54	0.00644	0.00460	0.00613	0.00736	0.00767	0.00429	0.00491	0.00736	0.01012	0.01350	0.02914	0.81076	0.03497	0.01656	0.00675	0.00215	0.00307	0.01503	0.00491	0.00429
55	0.00627	0.00528	0.00544	0.00556	0.00720	0.00445	0.00411	0.00756	0.01185	0.01420	0.05103	0.12944	0.70215	0.01372	0.00630	0.00182	0.00272	0.01156	0.00491	0.00445
56	0.00769	0.00513	0.00577	0.00577	0.00577	0.00513	0.00320	0.00769	0.00769	0.01025	0.01666	0.03460	0.01922	0.81421	0.02691	0.00513	0.00513	0.00769	0.00320	0.00320
57	0.85155	0.01022	0.00777	0.00695	0.01022	0.01186	0.00573	0.01554	0.00900	0.02372	0.00736	0.00859	0.00573	0.00491	0.00327	0.00164	0.00409	0.00286	0.00327	0.00573

[dist]
# distance from previous block
# <min> <max>
0	4

[block]
# block no. 2 follows, 46 sequences, length 52
# corresponding to MSA columns:
# 249-300
name=unknown_C
#
# <colnr> <probs for GDERKNQSTAVLIFYWHMCP>
#	G	D	E	R	K	N	Q	S	T	A	V	L	I	F	Y	W	H	M	C	P
0	0.01217	0.30340	0.50157	0.01282	0.01938	0.01519	0.01557	0.01665	0.01111	0.03462	0.00903	0.01040	0.00689	0.00489	0.00446	0.00148	0.00697	0.00356	0.00235	0.00748
1	0.00918	0.00459	0.00689	0.00689	0.00689	0.00459	0.00459	0.00689	0.00689	0.00918	0.00918	0.01607	0.00918	0.01837	0.02066	0.84619	0.00459	0.00459	0.00230	0.00230
2	0.01356	0.57075	0.22004	0.01084	0.01610	0.06327	0.01178	0.01637	0.01109	0.01356	0.00794	0.00922	0.00676	0.00470	0.00389	0.00128	0.00643	0.00313	0.00228	0.00701
3	0.00748	0.00540	0.00707	0.00665	0.00790	0.00499	0.00499	0.00998	0.01496	0.02120	0.77844	0.03949	0.04988	0.01081	0.00624	0.00166	0.00249	0.00956	0.00582	0.00499
4	0.00949	0.00582	0.00769	0.00711	0.00866	0.00532	0.00541	0.01181	0.01459	0.11712	0.61518	0.08993	0.04379	0.01074	0.00618	0.00171	0.00284	0.02534	0.00583	0.00544
5	0.00755	0.00566	0.00850	0.00850	0.00944	0.00661	0.00661	0.00944	0.00850	0.01227	0.01416	0.02077	0.01322	0.03965	0.79326	0.00850	0.01416	0.00566	0.00283	0.00472
6	0.01115	0.00618	0.00631	0.00584	0.00745	0.00638	0.00450	0.10731	0.01283	0.02143	0.01667	0.01882	0.01297	0.00618	0.00390	0.00128	0.00289	0.00491	0.73757	0.00544
7	0.02010	0.01481	0.01587	0.01216	0.01639	0.01639	0.01005	0.76360	0.02486	0.03332	0.01269	0.01269	0.00899	0.00635	0.00529	0.00159	0.00582	0.00476	0.00529	0.00899
8	0.01370	0.01541	0.01333	0.20856	0.01926	0.35343	0.02582	0.01623	0.02937	0.01546	0.20409	0.01922	0.03057	0.00691	0.00534	0.00156	0.00690	0.00552	0.00350	0.00582
9	0.01132	0.00938	0.01100	0.00787	0.01256	0.00707	0.00631	0.01367	0.01108	0.03903	0.00972	0.01116	0.00798	0.00399	0.00395	0.00081	0.00393	0.00319	0.00323	0.82274
10	0.01309	0.01174	0.03056	0.01086	0.01397	0.01313	0.00864	0.02782	0.75342	0.02199	0.02123	0.01952	0.01591	0.00712	0.00537	0.00179	0.00427	0.00593	0.00530	0.00835
11	0.02035	0.01441	0.01562	0.01197	0.01620	0.01580	0.00989	0.71289	0.02419	0.08498	0.01325	0.01306	0.00927	0.00636	0.00529	0.00159	0.00573	0.00480	0.00537	0.00899
12	0.01096	0.00940	0.01096	0.00783	0.01253	0.00705	0.00626	0.01331	0.01096	0.01723	0.00940	0.01096	0.00783	0.00392	0.00392	0.00078	0.00392	0.00313	0.00313	0.84653
13	0.85155	0.01022	0.00777	0.00695	0.01022	0.01186	0.00573	0.01554	0.00900	0.02372	0.00736	0.00859	0.00573	0.00491	0.00327	0.00164	0.00409	0.00286	0.00327	0.00573
14	0.83670	0.01105	0.00866	0.00781	0.01114	0.01248	0.00627	0.01634	0.00979	0.02468	0.00861	0.01031	0.00691	0.00572	0.00382	0.00186	0.00451	0.00328	0.00368	0.00636
15	0.59509	0.03298	0.00832	0.00715	0.01000	0.01038	0.00576	0.01380	0.00937	0.02074	0.01210	0.09928	0.03916	0.00883	0.05811	0.00211	0.00465	0.00472	0.00345	0.05400
16	0.00756	0.00563	0.00834	0.00834	0.00923	0.00652	0.00641	0.00934	0.00845	0.01216	0.01430	0.02157	0.01356	0.08443	0.74895	0.00830	0.01364	0.00578	0.00285	0.00463
17	0.00998	0.00940	0.01586	0.80150	0.03641	0.01175	0.01468	0.01351	0.01057	0.01351	0.00940	0.01409	0.00705	0.00529	0.00529	0.00176	0.00705	0.00470	0.00235	0.00587
18	0.01866	0.01438	0.01504	0.01191	0.01585	0.03677	0.00971	0.59214	0.17825	0.03046	0.01439	0.01405	0.01040	0.00649	0.00529	0.00162	0.00558	0.00497	0.00524	0.00878
19	0.03845	0.00861	0.01093	0.00881	0.01222	0.00776	0.00712	0.04209	0.05136	0.42239	0.09055	0.02250	0.01718	0.05370	0.00653	0.00177	0.00430	0.05637	0.00549	0.13189
20	0.00669	0.00496	0.00589	0.00644	0.00715	0.00454	0.00432	0.00762	0.01041	0.01344	0.06948	0.40392	0.24308	0.17454	0.01060	0.00262	0.00334	0.01221	0.00461	0.00416
21	0.85155	0.01022	0.00777	0.00695	0.01022	0.01186	0.00573	0.01554	0.00900	0.02372	0.00736	0.00859	0.00573	0.00491	0.00327	0.00164	0.00409	0.00286	0.00327	0.00573
22	0.00998	0.00940	0.01586	0.80150	0.03641	0.01175	0.01468	0.01351	0.01057	0.01351	0.00940	0.01409	0.00705	0.00529	0.00529	0.00176	0.00705	0.00470	0.00235	0.00587
23	0.00768	0.00507	0.00652	0.00717	0.00801	0.00461	0.00499	0.00885	0.01109	0.06719	0.08679	0.59466	0.13753	0.01501	0.00654	0.00203	0.00307	0.01343	0.00509	0.00469
24	0.00724	0.00517	0.00607	0.00612	0.00676	0.00488	0.00399	0.00820	0.01051	0.01404	0.21367	0.13660	0.15243	0.38332	0.01586	0.00334	0.00381	0.00965	0.00435	0.00399
25	0.00760	0.00509	0.00579	0.00588	0.00590	0.00507	0.00332	0.00767	0.00786	0.01047	0.01751	0.08795	0.02030	0.75938	0.02552	0.00492	0.00498	0.00819	0.00332	0.00328
26	0.01287	0.01259	0.02031	0.15239	0.63275	0.04464	0.01573	0.01600	0.01193	0.01650	0.00978	0.01310	0.00810	0.00483	0.00522	0.00159	0.00654	0.00465	0.00258	0.00789
27	0.01362	0.01125	0.01197	0.01070	0.01374	0.01291	0.00834	0.02799	0.73781	0.05626	0.02149	0.01965	0.01600	0.00714	0.00538	0.00179	0.00420	0.00595	0.00543	0.00840
28	0.01426	0.13456	0.04228	0.12152	0.38106	0.18764	0.01372	0.01693	0.01229	0.01510	0.00908	0.01168	0.00757	0.00493	0.00486	0.00149	0.00705	0.00412	0.00254	0.00731
29	0.01134	0.17074	0.61280	0.01431	0.02141	0.01390	0.05264	0.01658	0.01115	0.01597	0.00915	0.01082	0.00678	0.00490	0.00478	0.00158	0.00747	0.00382	0.00226	0.00759
30	0.00852	0.00608	0.00852	0.00974	0.01095	0.00608	0.00852	0.01095	0.01217	0.01582	0.02799	0.05963	0.03042	0.01460	0.00730	0.00243	0.00487	0.74565	0.00487	0.00487
31	0.00722	0.00548	0.00628	0.00608	0.00769	0.00479	0.00460	0.00907	0.01330	0.03575	0.34436	0.04569	0.44964	0.01221	0.00624	0.00175	0.00270	0.02705	0.00531	0.00479
32	0.01248	0.01426	0.03119	0.02228	0.02763	0.01337	0.76203	0.01693	0.01248	0.01693	0.01070	0.01426	0.00802	0.00446	0.00624	0.00178	0.00891	0.00624	0.00267	0.00713
33	0.06744	0.00809	0.00962	0.00818	0.01072	0.00799	0.00647	0.11021	0.06405	0.19497	0.37290	0.02862	0.07129	0.00881	0.00566	0.00166	0.00359	0.00742	0.00567	0.00663
34	0.00722	0.00537	0.00671	0.00642	0.00774	0.00487	0.00480	0.00944	0.01427	0.01966	0.61818	0.06177	0.19110	0.01146	0.00625	0.00170	0.00254	0.01001	0.00562	0.00487
35	0.01143	0.09995	0.57651	0.01451	0.04260	0.06634	0.03487	0.01642	0.01149	0.01595	0.01178	0.01322	0.05136	0.00546	0.00496	0.00161	0.00741	0.00427	0.00245	0.00741
36	0.02288	0.00968	0.01264	0.00967	0.01380	0.00874	0.00798	0.11079	0.01612	0.67273	0.01954	0.01715	0.01244	0.00643	0.00527	0.00160	0.00463	0.00518	0.00629	0.03642
37	0.01096	0.00940	0.01096	0.00783	0.01253	0.00705	0.00626	0.01331	0.01096	0.01723	0.00940	0.01096	0.00783	0.00392	0.00392	0.00078	0.00392	0.00313	0.00313	0.84653
38	0.01417	0.75873	0.05872	0.00944	0.01405	0.04584	0.00952	0.01604	0.01090	0.01263	0.00747	0.00863	0.00678	0.00457	0.00350	0.00116	0.00587	0.00289	0.00228	0.00681
39	0.00812	0.00666	0.00729	0.00700	0.00884	0.00651	0.00529	0.02540	0.16053	0.01734	0.18141	0.09334	0.40527	0.01254	0.02877	0.00198	0.00335	0.00984	0.00512	0.00540
40	0.00731	0.00540	0.00683	0.00647	0.00779	0.00491	0.00485	0.00964	0.01455	0.02022	0.67613	0.04110	0.15280	0.01117	0.00624	0.00168	0.00252	0.00979	0.00569	0.00491
41	0.02659	0.01070	0.01663	0.51498	0.13889	0.01248	0.02934	0.13095	0.01296	0.01735	0.01012	0.01383	0.00772	0.00633	0.02796	0.00190	0.00694	0.00474	0.00288	0.00671
42	0.01975	0.02520	0.01498	0.01362	0.01634	0.79299	0.01021	0.02111	0.01498	0.01294	0.00817	0.00953	0.00681	0.00545	0.00477	0.00136	0.00953	0.00340	0.00272	0.00613
43	0.01220	0.01158	0.01962	0.16941	0.60252	0.01198	0.01530	0.01537	0.01194	0.01682	0.05419	0.01479	0.01053	0.00517	0.00530	0.00161	0.00620	0.00499	0.00275	0.00773
44	0.00743	0.00540	0.00699	0.00659	0.00786	0.00496	0.00494	0.00987	0.01483	0.02089	0.74618	0.04000	0.08234	0.01092	0.00624	0.00167	0.00250	0.00963	0.00578	0.00496
45	0.01894	0.01357	0.03501	0.05730	0.01699	0.01446	0.01012	0.50670	0.08875	0.14014	0.01425	0.01411	0.01000	0.00643	0.00562	0.00164	0.02725	0.00492	0.00515	0.00864
46	0.00756	0.00512	0.00576	0.00581	0.00592	0.00505	0.00332	0.00767	0.00803	0.01061	0.01925	0.06754	0.06257	0.73629	0.02491	0.00481	0.00490	0.00819	0.00337	0.00332
47	0.01924	0.01392	0.01473	0.03217	0.01606	0.05820	0.00959	0.51678	0.09679	0.12507	0.01468	0.03393	0.01070	0.00663	0.00531	0.00162	0.00566	0.00513	0.00523	0.00857
48	0.01503	0.00703	0.00927	0.00811	0.01057	0.00625	0.00628	0.01703	0.02699	0.38633	0.14803	0.22330	0.09250	0.01036	0.00591	0.00178	0.00365	0.00897	0.00585	0.00676
49	0.00730	0.00496	0.00588	0.00626	0.00635	0.00487	0.00373	0.00759	0.00844	0.01125	0.02050	0.27350	0.02407	0.56870	0.02070	0.00421	0.00449	0.00995	0.00373	0.00354
50	0.85155	0.01022	0.00777	0.00695	0.01022	0.01186	0.00573	0.01554	0.00900	0.02372	0.00736	0.00859	0.00573	0.00491	0.00327	0.00164	0.00409	0.00286	0.00327	0.00573
51	0.00739	0.00502	0.00583	0.00608	0.00620	0.00493	0.00358	0.00762	0.00832	0.01104	0.02033	0.19542	0.04499	0.62570	0.02213	0.00441	0.00463	0.00931	0.00361	0.00347

[dist]
# distance from previous block
# <min> <max>
0	1

[block]
# block no. 3 follows, 46 sequences, length 62
# corresponding to MSA columns:
# 302-363
name=unknown_D
#
# <colnr> <probs for GDERKNQSTAVLIFYWHMCP>
#	G	D	E	R	K	N	Q	S	T	A	V	L	I	F	Y	W	H	M	C	P
0	0.09282	0.55576	0.14162	0.01015	0.01491	0.08122	0.01044	0.01637	0.01099	0.01420	0.00775	0.00899	0.00667	0.00471	0.00374	0.00128	0.00615	0.00304	0.00239	0.00679
1	0.79650	0.01006	0.00794	0.00705	0.01030	0.01152	0.00579	0.01583	0.00940	0.05540	0.02668	0.00973	0.00711	0.00512	0.00343	0.00164	0.00407	0.00313	0.00347	0.00584
2	0.01236	0.09612	0.55964	0.01569	0.08503	0.01282	0.03787	0.02814	0.01175	0.07766	0.01031	0.01173	0.00742	0.00508	0.00495	0.00161	0.00723	0.00406	0.00267	0.00786
3	0.00748	0.00540	0.00707	0.00665	0.00790	0.00499	0.00499	0.00998	0.01496	0.02120	0.77844	0.03949	0.04988	0.01081	0.00624	0.00166	0.00249	0.00956	0.00582	0.00499
4	0.01958	0.01554	0.01551	0.01220	0.01620	0.08922	0.00995	0.64227	0.07621	0.03062	0.01288	0.01289	0.00929	0.00632	0.00525	0.00158	0.00605	0.00472	0.00505	0.00868
5	0.00644	0.00460	0.00613	0.00736	0.00767	0.00429	0.00491	0.00736	0.01012	0.01350	0.02914	0.81076	0.03497	0.01656	0.00675	0.00215	0.00307	0.01503	0.00491	0.00429
6	0.01378	0.01381	0.01946	0.02518	0.48553	0.09808	0.06614	0.01927	0.17007	0.01778	0.01221	0.01416	0.00979	0.00528	0.00528	0.00161	0.00639	0.00494	0.00321	0.00804
7	0.85155	0.01022	0.00777	0.00695	0.01022	0.01186	0.00573	0.01554	0.00900	0.02372	0.00736	0.00859	0.00573	0.00491	0.00327	0.00164	0.00409	0.00286	0.00327	0.00573
8	0.01301	0.01252	0.02139	0.04585	0.72976	0.01258	0.03547	0.01647	0.02991	0.01731	0.01023	0.01329	0.00852	0.00477	0.00526	0.00158	0.00631	0.00478	0.00268	0.00830
9	0.00644	0.00460	0.00613	0.00736	0.00767	0.00429	0.00491	0.00736	0.01012	0.01350	0.02914	0.81076	0.03497	0.01656	0.00675	0.00215	0.00307	0.01503	0.00491	0.00429
10	0.01435	0.01511	0.01633	0.04070	0.32953	0.22106	0.01196	0.01961	0.18716	0.01693	0.01500	0.01619	0.06081	0.00606	0.00521	0.00158	0.00645	0.00508	0.00342	0.00745
11	0.01431	0.00729	0.00958	0.00788	0.01065	0.00633	0.00624	0.01661	0.01457	0.32307	0.38926	0.02767	0.03043	0.00832	0.00560	0.00155	0.00345	0.00713	0.00579	0.10426
12	0.00644	0.00460	0.00613	0.00736	0.00767	0.00429	0.00491	0.00736	0.01012	0.01350	0.02914	0.81076	0.03497	0.01656	0.00675	0.00215	0.00307	0.01503	0.00491	0.00429
13	0.01427	0.79771	0.02739	0.00916	0.01364	0.04010	0.00907	0.01596	0.01085	0.01245	0.00737	0.00851	0.00678	0.00455	0.00343	0.00114	0.00575	0.00284	0.00227	0.00677
14	0.06054	0.24647	0.19248	0.01225	0.01718	0.01600	0.06417	0.20309	0.08532	0.02044	0.01071	0.01166	0.00822	0.00546	0.00493	0.00153	0.02439	0.00413	0.00338	0.00765
15	0.01255	0.01617	0.20866	0.04343	0.48793	0.01254	0.06252	0.04647	0.01239	0.01776	0.02369	0.01316	0.00868	0.00496	0.00527	0.00162	0.00675	0.00470	0.00269	0.00807
16	0.00950	0.00548	0.00734	0.00740	0.00761	0.03341	0.00517	0.00779	0.00768	0.00994	0.01092	0.01993	0.01109	0.01754	0.01883	0.73608	0.00480	0.07426	0.00255	0.00268
17	0.00646	0.00536	0.00565	0.00558	0.00727	0.00455	0.00418	0.00799	0.01255	0.01546	0.17709	0.04894	0.65482	0.01295	0.00625	0.00176	0.00265	0.01089	0.00506	0.00455
18	0.01232	0.01492	0.08297	0.04416	0.08113	0.01319	0.63625	0.01677	0.01230	0.01685	0.01052	0.01396	0.00793	0.00454	0.00606	0.00176	0.00860	0.00592	0.00263	0.00723
19	0.00748	0.00540	0.00707	0.00665	0.00790	0.00499	0.00499	0.00998	0.01496	0.02120	0.77844	0.03949	0.04988	0.01081	0.00624	0.00166	0.00249	0.00956	0.00582	0.00499
20	0.00751	0.08177	0.00818	0.00625	0.00807	0.00623	0.00490	0.00937	0.01316	0.01704	0.35601	0.04207	0.39780	0.01146	0.00597	0.00167	0.00288	0.00970	0.00505	0.00490
21	0.00769	0.00513	0.00577	0.00577	0.00577	0.00513	0.00320	0.00769	0.00769	0.01025	0.01666	0.03460	0.01922	0.81421	0.02691	0.00513	0.00513	0.00769	0.00320	0.00320
22	0.01082	0.02582	0.69852	0.01591	0.02344	0.01241	0.10630	0.01676	0.01132	0.01676	0.00963	0.01152	0.00685	0.00496	0.00516	0.00169	0.00794	0.00418	0.00228	0.00773
23	0.01520	0.00942	0.01151	0.00844	0.01294	0.00753	0.00684	0.03806	0.01265	0.25755	0.01307	0.01321	0.00950	0.00480	0.00439	0.00107	0.00415	0.00386	0.00426	0.56154
24	0.01096	0.00940	0.01096	0.00783	0.01253	0.00705	0.00626	0.01331	0.01096	0.01723	0.00940	0.01096	0.00783	0.00392	0.00392	0.00078	0.00392	0.00313	0.00313	0.84653
25	0.01131	0.09915	0.57410	0.01630	0.05627	0.01326	0.12395	0.01666	0.01135	0.01639	0.00948	0.01143	0.00697	0.00488	0.00505	0.00163	0.00770	0.00417	0.00231	0.00764
26	0.00655	0.00477	0.00617	0.00708	0.00764	0.00439	0.00483	0.00770	0.01089	0.01450	0.12141	0.64399	0.10946	0.01556	0.00664	0.00205	0.00296	0.01399	0.00502	0.00439
27	0.01256	0.01212	0.02120	0.06614	0.62132	0.01215	0.08577	0.01579	0.01202	0.01696	0.01125	0.01650	0.00982	0.00541	0.00548	0.00166	0.00647	0.05672	0.00277	0.00789
28	0.00706	0.00523	0.00658	0.00657	0.00772	0.00476	0.00480	0.00903	0.01348	0.01844	0.50087	0.19700	0.17411	0.01242	0.00634	0.00178	0.00264	0.01094	0.00548	0.00476
29	0.85155	0.01022	0.00777	0.00695	0.01022	0.01186	0.00573	0.01554	0.00900	0.02372	0.00736	0.00859	0.00573	0.00491	0.00327	0.00164	0.00409	0.00286	0.00327	0.00573
30	0.13169	0.01218	0.03019	0.01023	0.01427	0.01228	0.00853	0.36160	0.03196	0.18529	0.01397	0.04216	0.01029	0.00626	0.00491	0.00153	0.00500	0.00480	0.00494	0.10794
31	0.00734	0.00501	0.00681	0.00735	0.00769	0.00482	0.02128	0.00775	0.00924	0.01231	0.02297	0.46483	0.02689	0.20889	0.01350	0.11683	0.00398	0.04459	0.00409	0.00385
32	0.14973	0.13042	0.32439	0.01789	0.23117	0.01352	0.02980	0.01628	0.01102	0.01744	0.00899	0.01096	0.00704	0.00484	0.00459	0.00157	0.00650	0.00386	0.00252	0.00747
33	0.00952	0.00592	0.00687	0.00653	0.00718	0.00591	0.00411	0.01089	0.06223	0.08391	0.04948	0.05246	0.02012	0.62804	0.02200	0.00434	0.00484	0.00762	0.00382	0.00421
34	0.01225	0.01316	0.03915	0.16165	0.09612	0.01301	0.45165	0.02939	0.09529	0.01717	0.01159	0.01464	0.00876	0.00497	0.00584	0.00176	0.00775	0.00573	0.00294	0.00720
35	0.00756	0.00565	0.00843	0.00843	0.00935	0.00657	0.00652	0.00939	0.00848	0.01222	0.01422	0.02113	0.01337	0.05967	0.77345	0.00841	0.01393	0.00572	0.00284	0.00468
36	0.85155	0.01022	0.00777	0.00695	0.01022	0.01186	0.00573	0.01554	0.00900	0.02372	0.00736	0.00859	0.00573	0.00491	0.00327	0.00164	0.00409	0.00286	0.00327	0.00573
37	0.77463	0.00976	0.00759	0.00684	0.00982	0.01125	0.00550	0.01482	0.00888	0.02249	0.00821	0.01096	0.00696	0.07868	0.00543	0.00195	0.00418	0.00330	0.00327	0.00550
38	0.01155	0.02168	0.45661	0.01640	0.02258	0.06664	0.21728	0.01655	0.01188	0.01644	0.01146	0.01644	0.00929	0.00580	0.00555	0.00175	0.00795	0.07428	0.00263	0.00723
39	0.02010	0.01481	0.01587	0.01216	0.01639	0.01639	0.01005	0.76360	0.02486	0.03332	0.01269	0.01269	0.00899	0.00635	0.00529	0.00159	0.00582	0.00476	0.00529	0.00899
40	0.01214	0.02602	0.66026	0.01469	0.02181	0.06732	0.01799	0.08731	0.01272	0.01804	0.00970	0.01119	0.00692	0.00518	0.00503	0.00164	0.00775	0.00395	0.00255	0.00781
41	0.00748	0.00540	0.00707	0.00665	0.00790	0.00499	0.00499	0.00998	0.01496	0.02120	0.77844	0.03949	0.04988	0.01081	0.00624	0.00166	0.00249	0.00956	0.00582	0.00499
42	0.01279	0.01274	0.03948	0.03056	0.69481	0.01232	0.05591	0.01605	0.01215	0.01738	0.03793	0.01406	0.00983	0.00493	0.00532	0.00159	0.00632	0.00495	0.00273	0.00817
43	0.00642	0.00467	0.00606	0.00717	0.00762	0.00431	0.00482	0.00738	0.01030	0.01357	0.03143	0.73927	0.10497	0.01626	0.00670	0.00211	0.00303	0.01466	0.00491	0.00431
44	0.01348	0.01618	0.22398	0.16259	0.08421	0.01241	0.21865	0.08738	0.01319	0.09951	0.01135	0.01357	0.00815	0.00518	0.00548	0.00170	0.00731	0.00498	0.00315	0.00755
45	0.00650	0.00557	0.00560	0.00555	0.00738	0.00478	0.00417	0.00833	0.03968	0.01457	0.05239	0.04974	0.75133	0.01316	0.00622	0.00179	0.00273	0.01097	0.00493	0.00460
46	0.01203	0.01032	0.01093	0.01001	0.01270	0.01171	0.00772	0.02471	0.64691	0.02077	0.02506	0.07803	0.08923	0.00841	0.00556	0.00182	0.00396	0.00710	0.00530	0.00772
47	0.00755	0.00566	0.00850	0.00850	0.00944	0.00661	0.00661	0.00944	0.00850	0.01227	0.01416	0.02077	0.01322	0.03965	0.79326	0.00850	0.01416	0.00566	0.00283	0.00472
48	0.00676	0.00525	0.00615	0.00619	0.00752	0.00464	0.00454	0.00848	0.01287	0.01684	0.33123	0.17113	0.37364	0.01291	0.00633	0.00180	0.00267	0.01117	0.00526	0.00464
49	0.01413	0.81739	0.02770	0.00905	0.01357	0.02092	0.00905	0.01583	0.01074	0.01244	0.00735	0.00848	0.00678	0.00452	0.00339	0.00113	0.00565	0.00283	0.00226	0.00678
50	0.02621	0.24651	0.56240	0.01325	0.02007	0.01467	0.01638	0.01647	0.01101	0.01567	0.00886	0.01037	0.00670	0.00488	0.00454	0.00152	0.00715	0.00359	0.00226	0.00749
51	0.01233	0.01190	0.01820	0.04500	0.55860	0.06194	0.01376	0.01515	0.01194	0.01652	0.06416	0.01573	0.01178	0.00976	0.10807	0.00247	0.00727	0.00509	0.00287	0.00745
52	0.00652	0.00521	0.00585	0.00603	0.00740	0.00453	0.00439	0.00800	0.01220	0.01544	0.18685	0.20910	0.48274	0.01357	0.00635	0.00184	0.00272	0.01167	0.00508	0.00453
53	0.01072	0.00979	0.01586	0.74371	0.03495	0.01209	0.01434	0.06843	0.01162	0.01496	0.00964	0.01399	0.00719	0.00536	0.00529	0.00175	0.00696	0.00470	0.00256	0.00610
54	0.00658	0.00476	0.00625	0.00739	0.00787	0.00444	0.00511	0.00764	0.01041	0.01372	0.03076	0.70257	0.08672	0.01620	0.00675	0.00214	0.00317	0.06825	0.00490	0.00435
55	0.79094	0.01013	0.00810	0.00713	0.01046	0.01156	0.00587	0.01629	0.00945	0.07945	0.00835	0.00928	0.00626	0.00503	0.00342	0.00164	0.00412	0.00304	0.00351	0.00596
56	0.01216	0.01037	0.01711	0.15241	0.46431	0.01060	0.01331	0.01489	0.01172	0.07219	0.01457	0.14155	0.02782	0.00700	0.00551	0.00170	0.00569	0.00652	0.00327	0.00728
57	0.78998	0.01148	0.06481	0.00755	0.01115	0.01189	0.00674	0.01563	0.00916	0.02321	0.00752	0.00878	0.00580	0.00492	0.00340	0.00164	0.00436	0.00294	0.00320	0.00588
58	0.01919	0.01410	0.01513	0.01170	0.01562	0.01557	0.00955	0.70826	0.02360	0.03163	0.01298	0.01430	0.00974	0.06549	0.00687	0.00185	0.00577	0.00497	0.00514	0.00857
59	0.01126	0.00965	0.01609	0.67565	0.10045	0.01153	0.01431	0.01464	0.01103	0.07032	0.01028	0.01429	0.00761	0.00533	0.00528	0.00174	0.00679	0.00474	0.00268	0.00632
60	0.71190	0.08649	0.01024	0.00753	0.01099	0.01304	0.00635	0.07034	0.01032	0.02336	0.00775	0.00888	0.00606	0.00498	0.00343	0.00158	0.00436	0.00300	0.00332	0.00606
61	0.01992	0.01410	0.01594	0.01339	0.07212	0.01530	0.01029	0.63947	0.02300	0.10285	0.01326	0.01322	0.00933	0.00624	0.00529	0.00159	0.00573	0.00481	0.00521	0.00895

[dist]
# distance from previous block
# <min> <max>
0	8

[block]
# block no. 4 follows, 46 sequences, length 7
# corresponding to MSA columns:
# 372-378
name=unknown_E
#
# <colnr> <probs for GDERKNQSTAVLIFYWHMCP>
#	G	D	E	R	K	N	Q	S	T	A	V	L	I	F	Y	W	H	M	C	P
0	0.00675	0.00486	0.00664	0.00753	0.00796	0.00485	0.00519	0.00784	0.00963	0.01305	0.02514	0.59360	0.02929	0.06476	0.18230	0.00372	0.00564	0.01256	0.00435	0.00433
1	0.00841	0.00615	0.00698	0.00703	0.00764	0.00640	0.00452	0.01134	0.14755	0.01313	0.02031	0.20406	0.02215	0.49010	0.01851	0.00386	0.00450	0.00900	0.00398	0.00439
2	0.00865	0.00699	0.01015	0.01229	0.17940	0.00664	0.00742	0.01121	0.01413	0.01990	0.56297	0.03434	0.08594	0.00962	0.00601	0.00165	0.00335	0.00858	0.00505	0.00571
3	0.00765	0.00518	0.00600	0.00593	0.00615	0.00510	0.00353	0.00811	0.00901	0.01225	0.15558	0.03549	0.02481	0.66770	0.02314	0.00449	0.00465	0.00803	0.00368	0.00353
4	0.01205	0.01360	0.04440	0.08586	0.08637	0.18341	0.18761	0.01456	0.01200	0.01467	0.01539	0.23643	0.01570	0.00854	0.00613	0.00180	0.02635	0.02576	0.00330	0.00605
5	0.00986	0.00974	0.01734	0.48347	0.02913	0.01078	0.17852	0.01319	0.01126	0.01441	0.01774	0.02084	0.14805	0.00658	0.00567	0.00177	0.00666	0.00622	0.00289	0.00589
6	0.00965	0.00840	0.01232	0.32899	0.02133	0.00954	0.04506	0.01470	0.16364	0.01572	0.01929	0.22226	0.05047	0.00893	0.00569	0.00184	0.00513	0.00798	0.04312	0.00592

[dist]
# distance from previous block
# <min> <max>
0	28

# created by:
# /st0/software/busco_prod/Augustus/scripts/msa2prfl.pl ./align_prep/175852.fa
