[name]
unknown

[dist]
# distance from previous block
# <min> <max>
0	58

[block]
# block no. 0 follows, 46 sequences, length 26
# corresponding to MSA columns:
# 63-88
name=unknown_A
#
# <colnr> <probs for GDERKNQSTAVLIFYWHMCP>
#	G	D	E	R	K	N	Q	S	T	A	V	L	I	F	Y	W	H	M	C	P
0	0.04142	0.20312	0.05994	0.10982	0.04668	0.08658	0.01013	0.13941	0.07030	0.01822	0.03015	0.03122	0.01058	0.03000	0.00535	0.00158	0.00589	0.02230	0.00340	0.07392
1	0.10119	0.05224	0.03480	0.01217	0.01585	0.07082	0.13809	0.17428	0.02649	0.12883	0.05710	0.05197	0.01253	0.02555	0.00615	0.00171	0.03687	0.00545	0.00415	0.04376
2	0.03334	0.01313	0.10410	0.01264	0.04063	0.04469	0.11320	0.16779	0.01372	0.04662	0.03094	0.06510	0.01244	0.13222	0.00939	0.00216	0.05476	0.00580	0.00363	0.09370
3	0.05725	0.01181	0.09854	0.05227	0.04641	0.01045	0.12986	0.04595	0.01172	0.05449	0.08020	0.05707	0.03894	0.05419	0.00814	0.00187	0.11006	0.00590	0.00345	0.12142
4	0.04519	0.01138	0.04125	0.04281	0.03480	0.02326	0.12550	0.13303	0.03067	0.03431	0.11637	0.04720	0.03156	0.00671	0.00616	0.00154	0.06626	0.00571	0.00385	0.19244
5	0.01211	0.03013	0.06289	0.01708	0.08784	0.04124	0.33863	0.01603	0.05018	0.05373	0.04438	0.10536	0.03044	0.00731	0.02257	0.00184	0.00686	0.00675	0.00342	0.06120
6	0.05138	0.05739	0.20673	0.01326	0.04562	0.04247	0.08987	0.09547	0.10072	0.04421	0.05199	0.03931	0.03932	0.00644	0.00573	0.00164	0.04314	0.00530	0.00360	0.05642
7	0.01467	0.10145	0.01851	0.03967	0.01757	0.03979	0.16569	0.26212	0.09568	0.02224	0.05892	0.01669	0.05209	0.00623	0.00528	0.00156	0.00595	0.00544	0.00409	0.06634
8	0.04950	0.36336	0.04445	0.02141	0.04083	0.13414	0.00896	0.07118	0.01221	0.01493	0.01281	0.01497	0.07050	0.04619	0.07208	0.00213	0.00676	0.00433	0.00292	0.00635
9	0.01071	0.00679	0.00714	0.00679	0.00823	0.04231	0.00514	0.04334	0.03706	0.04545	0.01623	0.02005	0.01341	0.06390	0.17226	0.00307	0.00570	0.00523	0.48191	0.00526
10	0.00734	0.00544	0.00725	0.00731	0.00812	0.00582	0.00531	0.00864	0.00890	0.01213	0.02132	0.06535	0.12943	0.22414	0.45237	0.00638	0.00973	0.00741	0.00333	0.00429
11	0.07816	0.02311	0.58143	0.01425	0.02079	0.01243	0.05109	0.04127	0.02835	0.03085	0.02418	0.01200	0.00789	0.00542	0.00560	0.00171	0.04713	0.00417	0.00265	0.00753
12	0.85155	0.01022	0.00777	0.00695	0.01022	0.01186	0.00573	0.01554	0.00900	0.02372	0.00736	0.00859	0.00573	0.00491	0.00327	0.00164	0.00409	0.00286	0.00327	0.00573
13	0.01178	0.19096	0.53202	0.01497	0.05585	0.03330	0.05836	0.01665	0.01128	0.01578	0.00910	0.01082	0.00687	0.00488	0.00475	0.00155	0.00739	0.00384	0.00229	0.00754
14	0.01278	0.06007	0.01456	0.34185	0.02272	0.02916	0.01077	0.15558	0.01403	0.06402	0.07136	0.01852	0.07956	0.00674	0.00572	0.00164	0.03668	0.00546	0.00368	0.04510
15	0.00648	0.00463	0.00617	0.00734	0.00768	0.00432	0.00491	0.00745	0.01028	0.01375	0.05408	0.78509	0.03546	0.01637	0.00673	0.00213	0.00305	0.01485	0.00494	0.00432
16	0.04194	0.38890	0.01879	0.01002	0.04764	0.02938	0.00827	0.05139	0.10940	0.05981	0.08160	0.05963	0.02789	0.03787	0.00535	0.00158	0.00496	0.00517	0.00365	0.00676
17	0.04279	0.18860	0.05107	0.26646	0.02149	0.09772	0.02802	0.04742	0.02646	0.01486	0.01031	0.06278	0.00908	0.00632	0.00607	0.00164	0.08946	0.00477	0.01841	0.00626
18	0.00675	0.00487	0.00646	0.00747	0.00781	0.00471	0.00508	0.00772	0.01014	0.01359	0.05106	0.69116	0.03359	0.06808	0.00831	0.00234	0.02192	0.03988	0.00476	0.00430
19	0.00659	0.00469	0.00624	0.00742	0.00776	0.00441	0.00503	0.00755	0.01014	0.01350	0.02863	0.74540	0.03417	0.04502	0.00750	0.00227	0.00323	0.05132	0.00484	0.00428
20	0.02557	0.03794	0.11650	0.04043	0.16994	0.02825	0.07615	0.16182	0.09506	0.05354	0.01295	0.06274	0.01065	0.00655	0.00640	0.00172	0.07703	0.00543	0.00366	0.00766
21	0.01527	0.01249	0.05387	0.05163	0.16500	0.01238	0.02875	0.34186	0.01753	0.06858	0.04240	0.13679	0.01435	0.00761	0.00555	0.00169	0.00552	0.00652	0.00445	0.00776
22	0.00682	0.00540	0.00611	0.00649	0.00772	0.00491	0.00467	0.00868	0.04670	0.01460	0.07630	0.30247	0.40836	0.04512	0.00721	0.00205	0.00303	0.03390	0.00491	0.00458
23	0.01136	0.01141	0.04746	0.09059	0.12808	0.02633	0.27341	0.01493	0.03903	0.03479	0.06719	0.06802	0.04786	0.00722	0.00651	0.03218	0.01923	0.02257	0.04536	0.00649
24	0.06806	0.00976	0.01584	0.67307	0.10617	0.01183	0.01422	0.01391	0.01060	0.01457	0.00931	0.01362	0.00708	0.00520	0.00514	0.00173	0.00677	0.00457	0.00244	0.00610
25	0.20870	0.01607	0.24594	0.01280	0.07828	0.01224	0.01175	0.18177	0.03913	0.03812	0.07639	0.03278	0.01191	0.00613	0.00485	0.00165	0.00563	0.00476	0.00374	0.00735

[dist]
# distance from previous block
# <min> <max>
0	4

[block]
# block no. 1 follows, 46 sequences, length 7
# corresponding to MSA columns:
# 93-99
name=unknown_B
#
# <colnr> <probs for GDERKNQSTAVLIFYWHMCP>
#	G	D	E	R	K	N	Q	S	T	A	V	L	I	F	Y	W	H	M	C	P
0	0.00673	0.00560	0.00642	0.06009	0.00930	0.00505	0.00496	0.00841	0.01237	0.01543	0.17910	0.08523	0.55765	0.01254	0.00621	0.00178	0.00296	0.01063	0.00490	0.00464
1	0.01157	0.02096	0.50572	0.09144	0.09889	0.01147	0.04037	0.01652	0.01161	0.07231	0.03616	0.03851	0.00971	0.00566	0.00522	0.00169	0.00706	0.00478	0.00281	0.00754
2	0.01578	0.01161	0.01273	0.01056	0.01377	0.01268	0.00842	0.38847	0.20373	0.06494	0.07050	0.10490	0.04171	0.00821	0.00557	0.00171	0.00472	0.00674	0.00536	0.00791
3	0.02135	0.01092	0.07884	0.01000	0.01423	0.00885	0.00879	0.07251	0.04673	0.61101	0.01923	0.01771	0.01261	0.03465	0.00605	0.00176	0.00488	0.00527	0.00593	0.00867
4	0.01142	0.01103	0.01748	0.41414	0.33177	0.04389	0.01453	0.01454	0.01131	0.01499	0.01074	0.06089	0.00923	0.00573	0.00533	0.00169	0.00661	0.00526	0.00262	0.00679
5	0.05064	0.03232	0.06908	0.01021	0.03981	0.05219	0.00811	0.06027	0.01235	0.12169	0.06636	0.29537	0.05467	0.01038	0.00663	0.00182	0.06825	0.00867	0.00441	0.02675
6	0.01558	0.03081	0.01341	0.06466	0.01528	0.01266	0.00895	0.45142	0.03733	0.04671	0.03747	0.18685	0.01641	0.00882	0.00564	0.00174	0.00511	0.02871	0.00497	0.00747

[dist]
# distance from previous block
# <min> <max>
1	2

[block]
# block no. 2 follows, 46 sequences, length 34
# corresponding to MSA columns:
# 102-105,117-146
name=unknown_C
#
# <colnr> <probs for GDERKNQSTAVLIFYWHMCP>
#	G	D	E	R	K	N	Q	S	T	A	V	L	I	F	Y	W	H	M	C	P
0	0.26045	0.03464	0.07738	0.04396	0.05725	0.23238	0.03541	0.03952	0.02398	0.05723	0.03220	0.01428	0.04316	0.00595	0.00463	0.00158	0.00637	0.01982	0.00335	0.00645
1	0.14379	0.03537	0.06434	0.01087	0.01491	0.01417	0.00940	0.41859	0.10832	0.07196	0.02759	0.01368	0.01026	0.00618	0.00491	0.00161	0.00527	0.00464	0.02604	0.00811
2	0.00650	0.00462	0.00612	0.00729	0.00758	0.00433	0.00483	0.00738	0.01001	0.01335	0.02859	0.77678	0.03428	0.05148	0.00763	0.00228	0.00316	0.01471	0.00483	0.00425
3	0.01127	0.00958	0.01113	0.00798	0.01266	0.00736	0.00639	0.03872	0.01143	0.01777	0.00951	0.01102	0.00787	0.00400	0.00396	0.00081	0.00398	0.00319	0.00321	0.81816
4	0.01076	0.08555	0.67870	0.01431	0.02137	0.01278	0.01799	0.01622	0.01100	0.01618	0.00992	0.03848	0.00768	0.00551	0.00534	0.00167	0.03242	0.00423	0.00233	0.00755
5	0.01308	0.01256	0.02146	0.03245	0.78123	0.01256	0.01622	0.01622	0.01204	0.01727	0.00994	0.01308	0.00837	0.00471	0.00523	0.00157	0.00628	0.00471	0.00262	0.00837
6	0.00662	0.00521	0.00570	0.00593	0.00714	0.00460	0.00419	0.00775	0.01114	0.01382	0.07269	0.17722	0.48157	0.14241	0.00968	0.00239	0.00318	0.02981	0.00467	0.00426
7	0.00910	0.00459	0.00686	0.00690	0.00691	0.00458	0.00460	0.00690	0.00699	0.00932	0.00982	0.04145	0.01001	0.01831	0.02022	0.81924	0.00454	0.00492	0.00238	0.00236
8	0.00720	0.00532	0.00646	0.00708	0.00785	0.00507	0.00501	0.00875	0.03660	0.01379	0.04836	0.35199	0.17784	0.17740	0.01077	0.00270	0.00369	0.11517	0.00459	0.00434
9	0.01308	0.01256	0.02146	0.03245	0.78123	0.01256	0.01622	0.01622	0.01204	0.01727	0.00994	0.01308	0.00837	0.00471	0.00523	0.00157	0.00628	0.00471	0.00262	0.00837
10	0.01226	0.01393	0.05041	0.05011	0.13902	0.01303	0.56582	0.01637	0.01214	0.01667	0.01082	0.03217	0.00859	0.00495	0.00633	0.00177	0.02971	0.00605	0.00268	0.00719
11	0.01218	0.01369	0.02933	0.05609	0.02701	0.01315	0.68295	0.01638	0.01218	0.01655	0.01100	0.03538	0.00866	0.00498	0.00659	0.00181	0.03605	0.00635	0.00271	0.00695
12	0.00759	0.00516	0.00589	0.00596	0.00615	0.00509	0.00354	0.00785	0.00836	0.01105	0.03771	0.06088	0.06516	0.69373	0.02385	0.00465	0.00485	0.03563	0.00348	0.00342
13	0.02230	0.01127	0.01368	0.01049	0.01463	0.01115	0.00866	0.31453	0.01894	0.49075	0.01766	0.01592	0.01148	0.00647	0.00531	0.00162	0.00501	0.00510	0.00605	0.00899
14	0.00666	0.00537	0.00593	0.00579	0.00739	0.00464	0.00434	0.00838	0.01302	0.01658	0.29486	0.04709	0.53634	0.01253	0.00624	0.00174	0.00262	0.01063	0.00521	0.00464
15	0.85155	0.01022	0.00777	0.00695	0.01022	0.01186	0.00573	0.01554	0.00900	0.02372	0.00736	0.00859	0.00573	0.00491	0.00327	0.00164	0.00409	0.00286	0.00327	0.00573
16	0.00729	0.00540	0.00680	0.00645	0.00778	0.00491	0.00484	0.00961	0.01452	0.02014	0.66705	0.04124	0.16194	0.01120	0.00624	0.00168	0.00252	0.00981	0.00568	0.00491
17	0.01975	0.02520	0.01498	0.01362	0.01634	0.79299	0.01021	0.02111	0.01498	0.01294	0.00817	0.00953	0.00681	0.00545	0.00477	0.00136	0.00953	0.00340	0.00272	0.00613
18	0.01241	0.43119	0.39878	0.01199	0.01812	0.01669	0.01417	0.01628	0.01095	0.01454	0.00839	0.00979	0.00674	0.00477	0.00419	0.00140	0.00671	0.00335	0.00225	0.00729
19	0.00736	0.00540	0.00690	0.00652	0.00782	0.00494	0.00489	0.00974	0.01468	0.02052	0.70691	0.04061	0.12184	0.01106	0.00624	0.00167	0.00251	0.00972	0.00573	0.00494
20	0.01315	0.01136	0.01195	0.01076	0.01375	0.01315	0.00837	0.02809	0.77168	0.02211	0.02152	0.01972	0.01614	0.00717	0.00538	0.00179	0.00418	0.00598	0.00538	0.00837
21	0.00998	0.00940	0.01586	0.80150	0.03641	0.01175	0.01468	0.01351	0.01057	0.01351	0.00940	0.01409	0.00705	0.00529	0.00529	0.00176	0.00705	0.00470	0.00235	0.00587
22	0.00819	0.00567	0.00730	0.00688	0.00825	0.00528	0.00516	0.01090	0.03680	0.05085	0.65879	0.08214	0.07168	0.01095	0.00620	0.00170	0.00266	0.00965	0.00575	0.00519
23	0.00644	0.00460	0.00613	0.00736	0.00767	0.00429	0.00491	0.00736	0.01012	0.01350	0.02914	0.81076	0.03497	0.01656	0.00675	0.00215	0.00307	0.01503	0.00491	0.00429
24	0.01060	0.02735	0.78682	0.01507	0.02288	0.01228	0.01953	0.01674	0.01116	0.01674	0.00949	0.01116	0.00670	0.00502	0.00502	0.00167	0.00781	0.00391	0.00223	0.00781
25	0.01010	0.00951	0.01606	0.77289	0.06413	0.01178	0.01474	0.01361	0.01063	0.01365	0.00942	0.01406	0.00710	0.00526	0.00528	0.00175	0.00702	0.00470	0.00236	0.00597
26	0.00849	0.00606	0.00848	0.00964	0.01086	0.00605	0.00841	0.01092	0.01225	0.01598	0.05023	0.05904	0.03100	0.01449	0.00727	0.00241	0.00480	0.72383	0.00490	0.00487
27	0.01306	0.01141	0.03007	0.01332	0.15341	0.05141	0.00898	0.04894	0.08267	0.06737	0.03010	0.02964	0.01056	0.00516	0.00462	0.00121	0.00483	0.00432	0.00362	0.42530
28	0.01221	0.00994	0.03016	0.08012	0.01504	0.00840	0.00781	0.04700	0.02696	0.08191	0.01149	0.04574	0.00950	0.00518	0.00488	0.00113	0.03352	0.00416	0.00351	0.56135
29	0.05487	0.03740	0.01011	0.02687	0.01131	0.10150	0.00672	0.06476	0.02940	0.14634	0.11606	0.07695	0.16550	0.00925	0.01734	0.00173	0.02051	0.00708	0.09019	0.00611
30	0.05931	0.02742	0.06899	0.03715	0.01445	0.06052	0.00873	0.07504	0.14909	0.16275	0.06155	0.01657	0.02783	0.00629	0.00528	0.00150	0.02992	0.00492	0.02385	0.15886
31	0.09001	0.10236	0.13905	0.01073	0.01500	0.05661	0.02193	0.08361	0.12008	0.21029	0.04838	0.03320	0.01235	0.00626	0.00491	0.00158	0.00542	0.00490	0.00438	0.02893
32	0.09205	0.09348	0.05174	0.01136	0.04461	0.13467	0.02920	0.09133	0.05620	0.08865	0.04408	0.06992	0.01441	0.01993	0.00545	0.00167	0.00568	0.08576	0.00398	0.05580
33	0.16446	0.09334	0.14856	0.10843	0.01790	0.02420	0.07073	0.02965	0.06734	0.07687	0.05210	0.04002	0.01176	0.00628	0.00523	0.00167	0.02949	0.02185	0.02342	0.00671

[dist]
# distance from previous block
# <min> <max>
2	26

[block]
# block no. 3 follows, 46 sequences, length 40
# corresponding to MSA columns:
# 179-218
name=unknown_D
#
# <colnr> <probs for GDERKNQSTAVLIFYWHMCP>
#	G	D	E	R	K	N	Q	S	T	A	V	L	I	F	Y	W	H	M	C	P
0	0.01265	0.01119	0.01354	0.02867	0.04276	0.04125	0.03245	0.11852	0.04630	0.01851	0.01037	0.01248	0.00855	0.00749	0.05565	0.00173	0.11306	0.00405	0.00334	0.41744
1	0.01325	0.03934	0.01185	0.00946	0.01228	0.00984	0.02402	0.25583	0.01561	0.06770	0.05517	0.21715	0.01860	0.02827	0.03412	0.00195	0.00484	0.02645	0.02889	0.12538
2	0.06250	0.02821	0.00885	0.00797	0.02486	0.03067	0.00596	0.01343	0.09465	0.06379	0.37299	0.08217	0.13240	0.00981	0.00571	0.00166	0.00337	0.00838	0.00513	0.03749
3	0.02834	0.01186	0.05758	0.19619	0.08919	0.01128	0.22679	0.04422	0.01157	0.01631	0.01068	0.02711	0.00890	0.05642	0.02062	0.00193	0.03338	0.00518	0.00282	0.13962
4	0.00665	0.00496	0.00669	0.05701	0.00943	0.00477	0.00546	0.00776	0.01029	0.01355	0.02965	0.70637	0.08653	0.01563	0.00662	0.00210	0.00329	0.01410	0.00475	0.00441
5	0.01210	0.01365	0.02962	0.02135	0.02638	0.01280	0.71456	0.01633	0.01233	0.01672	0.01185	0.06420	0.00971	0.00522	0.00627	0.00181	0.00855	0.00679	0.00281	0.00695
6	0.01854	0.00785	0.01061	0.00853	0.01171	0.00688	0.00688	0.02073	0.01508	0.54148	0.26232	0.02484	0.02481	0.00790	0.00561	0.00164	0.00386	0.00667	0.00631	0.00772
7	0.00697	0.00538	0.00636	0.00611	0.00758	0.00477	0.00458	0.00898	0.01375	0.01833	0.47749	0.04422	0.35263	0.01188	0.00624	0.00171	0.00257	0.01022	0.00544	0.00477
8	0.00650	0.00478	0.00608	0.00705	0.00762	0.00439	0.00481	0.00754	0.01054	0.01381	0.05345	0.64504	0.14856	0.03076	0.00704	0.00214	0.00306	0.02760	0.00490	0.00433
9	0.00683	0.00511	0.00634	0.00660	0.00764	0.00462	0.00473	0.00850	0.01258	0.01688	0.34600	0.31306	0.21490	0.01343	0.00642	0.00186	0.00274	0.01185	0.00529	0.00462
10	0.02089	0.00887	0.01170	0.00923	0.01289	0.00803	0.00753	0.04702	0.06285	0.61697	0.11643	0.02065	0.01780	0.00712	0.00544	0.00165	0.00427	0.00588	0.00634	0.00845
11	0.03920	0.01158	0.01357	0.01061	0.01438	0.01204	0.00870	0.36282	0.04412	0.32600	0.04024	0.01585	0.01202	0.00703	0.00613	0.02929	0.02727	0.00512	0.00557	0.00846
12	0.01466	0.74291	0.02651	0.00948	0.01383	0.09350	0.00916	0.01633	0.01114	0.01248	0.00743	0.00858	0.00679	0.00461	0.00352	0.00115	0.00602	0.00288	0.00230	0.00672
13	0.01056	0.00561	0.00568	0.00543	0.00686	0.00572	0.00413	0.06400	0.01203	0.02065	0.01693	0.01923	0.01324	0.00617	0.00381	0.00126	0.00269	0.00492	0.78590	0.00521
14	0.01773	0.02116	0.01559	0.01534	0.09514	0.55993	0.01084	0.05600	0.01417	0.01435	0.00867	0.01070	0.00733	0.00710	0.03543	0.00176	0.09573	0.00382	0.00280	0.00641
15	0.01124	0.00956	0.01111	0.00796	0.01264	0.00733	0.00638	0.03587	0.01138	0.01771	0.00950	0.01101	0.00787	0.00399	0.00396	0.00081	0.00397	0.00318	0.00320	0.82135
16	0.01097	0.01039	0.01784	0.52571	0.25473	0.01186	0.04258	0.01426	0.01098	0.01463	0.00960	0.01385	0.00753	0.00542	0.00570	0.02336	0.00683	0.00476	0.00244	0.00656
17	0.00927	0.00542	0.00751	0.00765	0.00812	0.00548	0.00546	0.04521	0.02514	0.01216	0.01519	0.15359	0.01616	0.01679	0.01566	0.54514	0.00442	0.09499	0.00325	0.00339
18	0.00644	0.00460	0.00613	0.00736	0.00767	0.00429	0.00491	0.00736	0.01012	0.01350	0.02914	0.81076	0.03497	0.01656	0.00675	0.00215	0.00307	0.01503	0.00491	0.00429
19	0.01319	0.01094	0.01166	0.01048	0.01343	0.01247	0.00820	0.04148	0.67885	0.04571	0.02289	0.02199	0.04940	0.00761	0.00547	0.00180	0.00418	0.02672	0.00538	0.00813
20	0.01364	0.01302	0.02037	0.08262	0.65768	0.06128	0.01547	0.01666	0.01222	0.04187	0.01015	0.01309	0.00834	0.00486	0.00521	0.00157	0.00648	0.00465	0.00273	0.00808
21	0.01157	0.01157	0.01619	0.01388	0.01388	0.01619	0.01157	0.01272	0.00810	0.01272	0.00694	0.01157	0.00694	0.00925	0.01735	0.00231	0.80453	0.00463	0.00231	0.00578
22	0.00655	0.00496	0.00599	0.00657	0.00746	0.00446	0.00457	0.00778	0.01128	0.01462	0.13166	0.44151	0.27727	0.04092	0.00718	0.00207	0.00294	0.01284	0.00497	0.00440
23	0.01083	0.01134	0.09584	0.00900	0.01393	0.00771	0.02855	0.01361	0.01100	0.01706	0.01002	0.03438	0.00850	0.00442	0.00418	0.00095	0.00445	0.00365	0.00307	0.70749
24	0.04629	0.01379	0.01373	0.01167	0.03953	0.09450	0.00906	0.42536	0.11752	0.03997	0.05164	0.01595	0.03164	0.00664	0.00515	0.00158	0.00547	0.00513	0.05747	0.00791
25	0.00655	0.00468	0.00626	0.00749	0.00785	0.00439	0.00510	0.00756	0.01023	0.01362	0.02907	0.76970	0.03472	0.01646	0.00678	0.00216	0.00317	0.05497	0.00491	0.00433
26	0.02361	0.00918	0.01238	0.00949	0.01358	0.00804	0.00784	0.04845	0.01543	0.76178	0.02061	0.01783	0.01296	0.00654	0.00532	0.00163	0.00454	0.00530	0.00650	0.00900
27	0.01749	0.01191	0.01336	0.01123	0.03144	0.02630	0.00894	0.43536	0.04246	0.14307	0.01894	0.07793	0.05833	0.00821	0.00562	0.00172	0.00518	0.06928	0.00529	0.00795
28	0.01871	0.01399	0.01501	0.01181	0.01573	0.01553	0.00964	0.64200	0.11932	0.03116	0.01442	0.04317	0.01086	0.00683	0.00535	0.00163	0.00551	0.00530	0.00529	0.00874
29	0.01060	0.00999	0.01672	0.64872	0.16374	0.01192	0.01478	0.01436	0.03074	0.01438	0.00981	0.01407	0.00751	0.00524	0.00528	0.00173	0.00684	0.00473	0.00247	0.00637
30	0.09641	0.03169	0.03270	0.07021	0.29841	0.19869	0.11113	0.06770	0.01323	0.01757	0.00946	0.01187	0.00760	0.00502	0.00503	0.00156	0.00722	0.00437	0.00286	0.00726
31	0.00744	0.00540	0.00701	0.00661	0.00787	0.00497	0.00496	0.00990	0.01487	0.02099	0.75618	0.03984	0.07228	0.01089	0.00624	0.00167	0.00250	0.00961	0.00579	0.00497
32	0.01127	0.00958	0.01113	0.00797	0.01266	0.00736	0.00639	0.03824	0.01142	0.01776	0.00951	0.01102	0.00787	0.00400	0.00396	0.00081	0.00398	0.00319	0.00320	0.81871
33	0.00694	0.00505	0.00655	0.00696	0.00782	0.00466	0.00497	0.00862	0.01245	0.01701	0.36064	0.39417	0.09780	0.01374	0.00650	0.00191	0.00283	0.03145	0.00531	0.00463
34	0.00653	0.00518	0.00579	0.00602	0.00731	0.00453	0.00432	0.00787	0.01182	0.01490	0.14792	0.22446	0.47187	0.04830	0.00725	0.00200	0.00285	0.01168	0.00496	0.00444
35	0.00778	0.00511	0.00609	0.00625	0.00665	0.00519	0.00402	0.00857	0.00872	0.01243	0.01884	0.13244	0.03667	0.46006	0.13432	0.00460	0.00576	0.00803	0.12462	0.00385
36	0.00720	0.00530	0.00673	0.00656	0.00777	0.00484	0.00485	0.00935	0.01401	0.01937	0.59411	0.13240	0.14421	0.01183	0.00630	0.00174	0.00259	0.01042	0.00559	0.00484
37	0.01260	0.01221	0.02010	0.19561	0.60298	0.03255	0.01574	0.01577	0.01180	0.01636	0.00978	0.01321	0.00805	0.00485	0.00523	0.00161	0.00653	0.00467	0.00256	0.00778
38	0.01413	0.81739	0.02770	0.00905	0.01357	0.02092	0.00905	0.01583	0.01074	0.01244	0.00735	0.00848	0.00678	0.00452	0.00339	0.00113	0.00565	0.00283	0.00226	0.00678
39	0.05271	0.06110	0.01856	0.06036	0.32863	0.31964	0.03577	0.01791	0.01285	0.01530	0.00893	0.01129	0.00745	0.00511	0.00515	0.00150	0.02398	0.00406	0.00265	0.00707

[dist]
# distance from previous block
# <min> <max>
0	1

[block]
# block no. 4 follows, 46 sequences, length 35
# corresponding to MSA columns:
# 221-255
name=unknown_E
#
# <colnr> <probs for GDERKNQSTAVLIFYWHMCP>
#	G	D	E	R	K	N	Q	S	T	A	V	L	I	F	Y	W	H	M	C	P
0	0.37037	0.01256	0.12337	0.25247	0.05791	0.01195	0.01126	0.01538	0.01012	0.04573	0.00887	0.01131	0.00671	0.00526	0.00486	0.00170	0.03715	0.00382	0.00289	0.00632
1	0.64290	0.01042	0.00921	0.00781	0.01130	0.01157	0.00644	0.08174	0.01138	0.15047	0.01005	0.01050	0.00722	0.00530	0.00378	0.00163	0.00431	0.00343	0.00399	0.00655
2	0.02010	0.01481	0.01587	0.01216	0.01639	0.01639	0.01005	0.76360	0.02486	0.03332	0.01269	0.01269	0.00899	0.00635	0.00529	0.00159	0.00582	0.00476	0.00529	0.00899
3	0.00660	0.00469	0.00615	0.00719	0.00751	0.00440	0.00476	0.00752	0.01015	0.01359	0.06465	0.70538	0.03432	0.08586	0.00848	0.00238	0.00322	0.01412	0.00480	0.00423
4	0.01052	0.00965	0.01646	0.73188	0.05632	0.01172	0.04094	0.01402	0.01080	0.03381	0.00976	0.01417	0.00728	0.00527	0.00532	0.00175	0.00703	0.00477	0.00248	0.00607
5	0.00644	0.00460	0.00613	0.00736	0.00767	0.00429	0.00491	0.00736	0.01012	0.01350	0.02914	0.81076	0.03497	0.01656	0.00675	0.00215	0.00307	0.01503	0.00491	0.00429
6	0.85155	0.01022	0.00777	0.00695	0.01022	0.01186	0.00573	0.01554	0.00900	0.02372	0.00736	0.00859	0.00573	0.00491	0.00327	0.00164	0.00409	0.00286	0.00327	0.00573
7	0.06666	0.03956	0.50741	0.01597	0.06793	0.01266	0.09969	0.01672	0.01117	0.04706	0.00974	0.01169	0.00715	0.00526	0.00584	0.00171	0.05948	0.00423	0.00255	0.00753
8	0.00659	0.00477	0.00622	0.00712	0.00767	0.00441	0.00486	0.00777	0.01098	0.01472	0.14435	0.64319	0.08683	0.01548	0.00664	0.00205	0.00295	0.01394	0.00505	0.00441
9	0.00819	0.00553	0.00714	0.00670	0.00798	0.00509	0.00496	0.01042	0.01425	0.05603	0.64659	0.05912	0.06914	0.06645	0.00764	0.00192	0.00279	0.00943	0.00562	0.00502
10	0.01522	0.03839	0.02049	0.02467	0.43620	0.26691	0.08879	0.01788	0.01301	0.01570	0.00937	0.01192	0.00779	0.00492	0.00513	0.00151	0.00759	0.00439	0.00265	0.00748
11	0.00661	0.00478	0.00625	0.00713	0.00768	0.00442	0.00487	0.00782	0.01105	0.01486	0.15873	0.63841	0.07697	0.01541	0.00663	0.00204	0.00295	0.01389	0.00506	0.00442
12	0.01240	0.01186	0.02022	0.20226	0.61677	0.01238	0.01588	0.01562	0.01171	0.01644	0.00982	0.01331	0.00808	0.00484	0.00525	0.00161	0.00645	0.00471	0.00256	0.00782
13	0.01346	0.01129	0.01196	0.01072	0.01374	0.01299	0.00835	0.02802	0.74916	0.04482	0.02150	0.01967	0.01605	0.00715	0.00538	0.00179	0.00419	0.00596	0.00541	0.00839
14	0.02295	0.00909	0.01221	0.00941	0.01339	0.00800	0.00775	0.05413	0.01551	0.72581	0.04987	0.01862	0.01435	0.00670	0.00535	0.00163	0.00447	0.00546	0.00647	0.00884
15	0.00664	0.00513	0.00611	0.00672	0.00782	0.00460	0.00493	0.00799	0.01143	0.01449	0.07795	0.35923	0.35668	0.01468	0.00657	0.00200	0.00307	0.09453	0.00495	0.00447
16	0.02324	0.00915	0.01230	0.00946	0.01349	0.00805	0.00780	0.05441	0.01551	0.73959	0.03620	0.01823	0.01369	0.00662	0.00533	0.00163	0.00451	0.00538	0.00648	0.00891
17	0.00630	0.00530	0.00547	0.00555	0.00721	0.00447	0.00412	0.00765	0.01200	0.01445	0.07617	0.10929	0.69686	0.01355	0.00629	0.00181	0.00270	0.01140	0.00494	0.00447
18	0.85155	0.01022	0.00777	0.00695	0.01022	0.01186	0.00573	0.01554	0.00900	0.02372	0.00736	0.00859	0.00573	0.00491	0.00327	0.00164	0.00409	0.00286	0.00327	0.00573
19	0.00702	0.00539	0.00643	0.00617	0.00762	0.00479	0.00463	0.00909	0.01388	0.01862	0.50821	0.04373	0.32173	0.01177	0.00624	0.00171	0.00256	0.01016	0.00548	0.00479
20	0.01260	0.01198	0.02035	0.03063	0.72515	0.01196	0.01540	0.01558	0.01190	0.01700	0.01134	0.07091	0.01030	0.00557	0.00534	0.00161	0.00605	0.00546	0.00278	0.00808
21	0.01795	0.10119	0.01310	0.00907	0.01244	0.02303	0.00753	0.08589	0.01492	0.41527	0.14778	0.02079	0.03300	0.00954	0.06238	0.00207	0.00516	0.00581	0.00545	0.00761
22	0.05255	0.01112	0.01828	0.30678	0.35072	0.02705	0.06832	0.01474	0.01132	0.01585	0.01097	0.06846	0.00955	0.00574	0.00533	0.00169	0.00648	0.00542	0.00272	0.00692
23	0.50500	0.14995	0.06051	0.06627	0.01439	0.01358	0.03725	0.01644	0.06247	0.02024	0.00875	0.01012	0.00687	0.00502	0.00381	0.00158	0.00499	0.00340	0.00309	0.00628
24	0.01818	0.01787	0.01520	0.01367	0.06879	0.30876	0.01011	0.30915	0.08788	0.02231	0.01137	0.01205	0.00870	0.00579	0.00500	0.00146	0.00697	0.00424	0.00399	0.06853
25	0.11441	0.04857	0.03011	0.02325	0.06810	0.01041	0.11233	0.10665	0.02500	0.10145	0.06152	0.02072	0.12025	0.00919	0.05970	0.00208	0.00567	0.00591	0.05150	0.02317
26	0.00727	0.00600	0.00681	0.06115	0.00962	0.00570	0.00514	0.00970	0.06673	0.01499	0.10977	0.09518	0.47850	0.09026	0.00816	0.00212	0.00334	0.01011	0.00468	0.00476
27	0.01886	0.02282	0.01445	0.01305	0.01575	0.66727	0.00983	0.08816	0.01555	0.01484	0.01004	0.06528	0.00896	0.00630	0.00495	0.00144	0.00875	0.00433	0.00311	0.00626
28	0.01216	0.01208	0.03388	0.10399	0.34004	0.01193	0.23746	0.01551	0.01182	0.03682	0.01223	0.06954	0.01077	0.00607	0.00615	0.00175	0.03558	0.03204	0.00293	0.00726
29	0.00994	0.00844	0.06233	0.03882	0.01142	0.00726	0.00691	0.01394	0.13069	0.08040	0.13541	0.15616	0.14314	0.08873	0.02027	0.00216	0.00414	0.00850	0.00464	0.06672
30	0.00713	0.00567	0.00656	0.00650	0.00818	0.00493	0.00499	0.00886	0.01240	0.01602	0.19326	0.11873	0.41568	0.01262	0.00625	0.00180	0.00302	0.09679	0.00496	0.06565
31	0.04607	0.27746	0.17239	0.01168	0.03989	0.01416	0.06004	0.07612	0.03938	0.05859	0.03384	0.01487	0.06492	0.00576	0.00460	0.00144	0.00573	0.00453	0.00326	0.06528
32	0.01149	0.04596	0.44423	0.07303	0.08666	0.06763	0.06691	0.01666	0.04816	0.01620	0.01138	0.06731	0.00938	0.00589	0.00521	0.00168	0.00725	0.00499	0.00268	0.00731
33	0.08244	0.00825	0.07115	0.00753	0.00978	0.00684	0.02155	0.01166	0.06450	0.03335	0.20800	0.03570	0.28248	0.11197	0.00844	0.00216	0.00380	0.02060	0.00457	0.00524
34	0.00755	0.00559	0.00687	0.00738	0.00836	0.00531	0.00529	0.06017	0.01204	0.01584	0.10169	0.50962	0.16917	0.01465	0.00654	0.00201	0.00322	0.04894	0.00502	0.00474

[dist]
# distance from previous block
# <min> <max>
0	35

# created by:
# /st0/software/busco_prod/Augustus/scripts/msa2prfl.pl ./align_prep/176470.fa
