[name]
unknown

[dist]
# distance from previous block
# <min> <max>
0	77

[block]
# block no. 0 follows, 40 sequences, length 8
# corresponding to MSA columns:
# 82-89
name=unknown_A
#
# <colnr> <probs for GDERKNQSTAVLIFYWHMCP>
#	G	D	E	R	K	N	Q	S	T	A	V	L	I	F	Y	W	H	M	C	P
0	0.00885	0.00632	0.00877	0.01011	0.01122	0.00624	0.00846	0.01115	0.01287	0.01682	0.03108	0.23154	0.03461	0.01656	0.00789	0.00261	0.00490	0.55942	0.00536	0.00521
1	0.02264	0.01000	0.01440	0.18659	0.02060	0.00955	0.01028	0.02526	0.01550	0.59234	0.02006	0.01881	0.01288	0.00688	0.00584	0.00183	0.00559	0.00569	0.00614	0.00911
2	0.01084	0.00542	0.00542	0.00542	0.00678	0.00542	0.00407	0.01355	0.01220	0.02168	0.01897	0.02168	0.01491	0.00678	0.00407	0.00136	0.00271	0.00542	0.82791	0.00542
3	0.00890	0.00737	0.00799	0.00766	0.00972	0.00720	0.00579	0.01404	0.18190	0.01923	0.19542	0.08432	0.40321	0.01275	0.00668	0.00196	0.00330	0.01083	0.00573	0.00600
4	0.00988	0.00771	0.01260	0.03303	0.03716	0.00766	0.10760	0.01133	0.01155	0.01525	0.02376	0.16321	0.07256	0.01497	0.01122	0.19166	0.02675	0.23285	0.00416	0.00509
5	0.01345	0.01417	0.02246	0.01777	0.01986	0.05761	0.24301	0.01595	0.01099	0.01581	0.00951	0.01393	0.00831	0.00813	0.01380	0.00225	0.46261	0.00559	0.03796	0.00681
6	0.57652	0.01196	0.01045	0.00887	0.01269	0.04956	0.00726	0.05093	0.01251	0.19443	0.01178	0.01206	0.00836	0.00591	0.00429	0.00178	0.00498	0.00388	0.00449	0.00730
7	0.01185	0.01145	0.01653	0.14079	0.01923	0.03918	0.07141	0.03794	0.01114	0.01549	0.01426	0.19142	0.01487	0.01061	0.01231	0.00229	0.36182	0.00782	0.00336	0.00626

[dist]
# distance from previous block
# <min> <max>
0	17

[block]
# block no. 1 follows, 40 sequences, length 24
# corresponding to MSA columns:
# 107-130
name=unknown_B
#
# <colnr> <probs for GDERKNQSTAVLIFYWHMCP>
#	G	D	E	R	K	N	Q	S	T	A	V	L	I	F	Y	W	H	M	C	P
0	0.01127	0.01038	0.01709	0.70201	0.05405	0.01274	0.01551	0.04006	0.01219	0.01572	0.01148	0.05141	0.00928	0.00642	0.00589	0.00195	0.00748	0.00570	0.00283	0.00656
1	0.00767	0.00583	0.00705	0.00694	0.00839	0.00522	0.00513	0.00981	0.01484	0.01993	0.45178	0.12850	0.28076	0.01349	0.00692	0.00193	0.00288	0.01174	0.00597	0.00522
2	0.83671	0.01125	0.00855	0.00765	0.01125	0.01305	0.00630	0.01709	0.00990	0.02609	0.00810	0.00945	0.00630	0.00540	0.00360	0.00180	0.00450	0.00315	0.00360	0.00630
3	0.00800	0.00601	0.00745	0.00731	0.00883	0.00547	0.00563	0.01040	0.01528	0.02068	0.49433	0.04913	0.23724	0.01309	0.00699	0.00196	0.00308	0.08779	0.00602	0.00532
4	0.02332	0.01434	0.01625	0.01246	0.01706	0.01515	0.01029	0.52330	0.02408	0.25791	0.01670	0.01574	0.01126	0.00705	0.00583	0.00176	0.00596	0.00542	0.00624	0.00989
5	0.00832	0.00619	0.00916	0.00916	0.01014	0.00717	0.00704	0.01027	0.00929	0.01336	0.01575	0.02378	0.01495	0.08998	0.72678	0.00912	0.01496	0.00637	0.00314	0.00509
6	0.00832	0.00617	0.00902	0.00902	0.00995	0.00709	0.00686	0.01018	0.00925	0.01326	0.01587	0.02449	0.01525	0.12500	0.69217	0.00894	0.01450	0.00647	0.00316	0.00501
7	0.01555	0.79913	0.03047	0.00995	0.01493	0.02301	0.00995	0.01741	0.01182	0.01368	0.00808	0.00933	0.00746	0.00498	0.00373	0.00124	0.00622	0.00311	0.00249	0.00746
8	0.01925	0.01325	0.01452	0.01157	0.01562	0.01422	0.00939	0.39255	0.16656	0.11835	0.01727	0.01689	0.01244	0.00700	0.00556	0.00170	0.00535	0.00548	0.09312	0.05991
9	0.01915	0.03819	0.09750	0.01322	0.01776	0.10945	0.01158	0.46127	0.05621	0.02898	0.01601	0.04408	0.04530	0.00746	0.00577	0.00176	0.00678	0.00570	0.00499	0.00885
10	0.01258	0.03636	0.03451	0.00875	0.01145	0.00828	0.00711	0.01699	0.13813	0.15912	0.10586	0.08979	0.25655	0.04772	0.00750	0.00212	0.00414	0.04059	0.00564	0.00679
11	0.03833	0.01204	0.01627	0.52782	0.03154	0.09474	0.03006	0.01573	0.01202	0.01585	0.01082	0.01520	0.00840	0.00619	0.00644	0.00187	0.06066	0.00501	0.08461	0.00641
12	0.01496	0.01590	0.07726	0.02285	0.05206	0.01394	0.59122	0.01964	0.01394	0.09923	0.01286	0.01588	0.00935	0.00520	0.00663	0.00193	0.00911	0.00654	0.00337	0.00816
13	0.00733	0.00524	0.00703	0.00838	0.00883	0.00494	0.00583	0.00852	0.01138	0.01512	0.03191	0.71324	0.03792	0.01799	0.00749	0.00240	0.00359	0.09269	0.00539	0.00479
14	0.01136	0.01041	0.01383	0.01204	0.01277	0.04501	0.05358	0.02727	0.00982	0.01380	0.01268	0.02254	0.01313	0.27192	0.12509	0.00440	0.32544	0.00641	0.00306	0.00545
15	0.00823	0.00594	0.00777	0.00732	0.00869	0.00549	0.00549	0.01097	0.01646	0.02332	0.75629	0.04344	0.05487	0.01189	0.00686	0.00183	0.00274	0.01052	0.00640	0.00549
16	0.00743	0.00539	0.00707	0.00827	0.00882	0.00511	0.00572	0.00898	0.02912	0.01548	0.05105	0.68699	0.05795	0.01757	0.00740	0.00235	0.00350	0.06147	0.00543	0.00490
17	0.01166	0.03008	0.76550	0.01657	0.02517	0.01351	0.02149	0.01842	0.01228	0.01842	0.01044	0.01228	0.00737	0.00552	0.00552	0.00184	0.00859	0.00430	0.00246	0.00859
18	0.00957	0.00695	0.00812	0.00771	0.00941	0.00674	0.00567	0.01350	0.11934	0.05393	0.31049	0.09948	0.20934	0.10262	0.00935	0.00236	0.00354	0.01038	0.00572	0.00580
19	0.01001	0.00511	0.00766	0.00766	0.00771	0.00516	0.00516	0.00771	0.00766	0.01027	0.01037	0.01793	0.01032	0.02136	0.05974	0.79026	0.00557	0.00511	0.00255	0.00266
20	0.01210	0.11700	0.68243	0.01583	0.02401	0.01458	0.02018	0.01830	0.01223	0.01788	0.01017	0.01194	0.00738	0.00546	0.00532	0.00177	0.00833	0.00416	0.00246	0.00847
21	0.06564	0.64469	0.13030	0.01072	0.01611	0.02109	0.01131	0.01753	0.01176	0.01510	0.00841	0.00974	0.00738	0.00508	0.00397	0.00136	0.00644	0.00328	0.00255	0.00755
22	0.51883	0.11011	0.01294	0.00913	0.01295	0.04259	0.00766	0.12723	0.03646	0.02521	0.01174	0.01259	0.04040	0.00610	0.00423	0.00172	0.00516	0.00399	0.00393	0.00703
23	0.01909	0.06899	0.01573	0.04729	0.01658	0.09044	0.00979	0.35791	0.06505	0.09472	0.03401	0.01618	0.01211	0.00686	0.00541	0.00166	0.00602	0.00523	0.11847	0.00848

[dist]
# distance from previous block
# <min> <max>
0	1

[block]
# block no. 2 follows, 40 sequences, length 37
# corresponding to MSA columns:
# 132-138,164-193
name=unknown_C
#
# <colnr> <probs for GDERKNQSTAVLIFYWHMCP>
#	G	D	E	R	K	N	Q	S	T	A	V	L	I	F	Y	W	H	M	C	P
0	0.15148	0.39947	0.25011	0.01181	0.01757	0.05156	0.01291	0.01792	0.01184	0.01722	0.00884	0.01030	0.00724	0.00526	0.00432	0.00153	0.00684	0.00351	0.00269	0.00758
1	0.00839	0.00564	0.00650	0.00656	0.00662	0.00568	0.00378	0.00854	0.00861	0.01153	0.01874	0.06734	0.02151	0.72807	0.06487	0.00569	0.00603	0.00867	0.00358	0.00365
2	0.01362	0.01101	0.01266	0.00935	0.01429	0.00921	0.00750	0.07881	0.07326	0.04747	0.01218	0.01328	0.00967	0.00493	0.00462	0.00106	0.00453	0.00394	0.00398	0.66464
3	0.00850	0.00615	0.00780	0.00854	0.00941	0.00598	0.00604	0.06884	0.01298	0.01731	0.07431	0.61890	0.06292	0.01668	0.00727	0.00228	0.00367	0.05170	0.00549	0.00523
4	0.00723	0.00596	0.00639	0.00645	0.00829	0.00512	0.00494	0.00894	0.01362	0.01669	0.13370	0.05537	0.61970	0.01452	0.00697	0.00201	0.00312	0.07046	0.00551	0.00501
5	0.01564	0.54939	0.12003	0.01256	0.01782	0.10862	0.07158	0.01832	0.01257	0.01474	0.00878	0.01035	0.00757	0.00516	0.00439	0.00141	0.00731	0.00364	0.00258	0.00755
6	0.00768	0.00556	0.00738	0.00862	0.00935	0.00526	0.00638	0.00916	0.01189	0.01559	0.03378	0.54255	0.09238	0.01738	0.00754	0.00241	0.00387	0.20294	0.00539	0.00491
7	0.00812	0.00594	0.00762	0.00720	0.00862	0.00544	0.00540	0.01076	0.01620	0.02269	0.69878	0.04447	0.11277	0.01212	0.00686	0.00184	0.00276	0.01066	0.00632	0.00544
8	0.01439	0.01382	0.02360	0.03569	0.75936	0.01382	0.01785	0.01785	0.01324	0.01900	0.01094	0.01439	0.00921	0.00518	0.00576	0.00173	0.00691	0.00518	0.00288	0.00921
9	0.00854	0.00634	0.00925	0.00919	0.01016	0.00739	0.00709	0.01053	0.00942	0.01377	0.01565	0.02324	0.01468	0.07645	0.68425	0.00864	0.03466	0.00627	0.03932	0.00515
10	0.01373	0.01569	0.03431	0.02451	0.03039	0.01471	0.73824	0.01863	0.01373	0.01863	0.01176	0.01569	0.00882	0.00490	0.00686	0.00196	0.00980	0.00686	0.00294	0.00784
11	0.02456	0.01026	0.01351	0.01044	0.01476	0.00926	0.00859	0.09551	0.01766	0.64626	0.06905	0.02075	0.01655	0.00748	0.00591	0.00180	0.00495	0.00609	0.00701	0.00961
12	0.01506	0.01565	0.02387	0.05907	0.50695	0.10706	0.12884	0.01888	0.03403	0.01835	0.01116	0.01436	0.00912	0.00534	0.00587	0.00175	0.00777	0.00530	0.00298	0.00859
13	0.01206	0.01034	0.01206	0.00861	0.01378	0.00775	0.00689	0.01464	0.01206	0.01895	0.01034	0.01206	0.00861	0.00431	0.00431	0.00086	0.00431	0.00345	0.00345	0.83118
14	0.08332	0.00965	0.01083	0.01001	0.01213	0.03039	0.02368	0.21174	0.01611	0.02265	0.06961	0.38933	0.02666	0.01266	0.00647	0.00206	0.00463	0.02606	0.02552	0.00649
15	0.00936	0.00755	0.00849	0.00802	0.01002	0.00755	0.00609	0.01500	0.19613	0.02062	0.31140	0.04250	0.27247	0.03363	0.00729	0.00203	0.00341	0.02641	0.00585	0.00616
16	0.00687	0.00589	0.00589	0.00589	0.00785	0.00491	0.00442	0.00835	0.01325	0.01571	0.05891	0.05596	0.75700	0.01473	0.00687	0.00196	0.00295	0.01227	0.00540	0.00491
17	0.00831	0.00621	0.00924	0.00924	0.01024	0.00721	0.00714	0.01032	0.00931	0.01342	0.01567	0.02339	0.01477	0.07044	0.74608	0.00921	0.01522	0.00631	0.00313	0.00513
18	0.01719	0.01188	0.01323	0.01149	0.01506	0.01308	0.00905	0.03030	0.57744	0.19733	0.02350	0.02125	0.01697	0.00773	0.00590	0.00193	0.00468	0.00640	0.00622	0.00937
19	0.02211	0.01629	0.01745	0.01338	0.01803	0.01803	0.01105	0.73997	0.02734	0.03665	0.01396	0.01396	0.00989	0.00698	0.00582	0.00175	0.00640	0.00524	0.00582	0.00989
20	0.01468	0.01260	0.01327	0.01188	0.01520	0.01457	0.00926	0.05117	0.72822	0.02468	0.02339	0.02148	0.01753	0.00786	0.00591	0.00197	0.00465	0.00654	0.00591	0.00922
21	0.01426	0.01368	0.02337	0.06456	0.73152	0.01378	0.01778	0.01773	0.01318	0.01884	0.01092	0.01444	0.00915	0.00521	0.00576	0.00174	0.00694	0.00518	0.00287	0.00910
22	0.01862	0.01363	0.01486	0.01224	0.01609	0.01506	0.00997	0.40761	0.23442	0.07016	0.01885	0.02108	0.01455	0.00800	0.00596	0.00188	0.00557	0.06463	0.03769	0.00914
23	0.01225	0.14534	0.65534	0.01558	0.02363	0.01493	0.01976	0.01827	0.01221	0.01771	0.01008	0.01184	0.00738	0.00544	0.00526	0.00175	0.00824	0.00412	0.00246	0.00842
24	0.01208	0.11256	0.68667	0.01586	0.02407	0.01452	0.02025	0.01831	0.01223	0.01791	0.01018	0.01196	0.00738	0.00547	0.00533	0.00178	0.00834	0.00417	0.00246	0.00847
25	0.02030	0.01500	0.04912	0.01291	0.01734	0.01537	0.02963	0.48219	0.09581	0.12668	0.01669	0.04695	0.01249	0.02407	0.00641	0.00189	0.00608	0.00597	0.00572	0.00937
26	0.00814	0.00550	0.00644	0.00675	0.00683	0.00543	0.00396	0.00837	0.00908	0.01211	0.02152	0.21339	0.02517	0.61480	0.02444	0.00488	0.00511	0.01033	0.00396	0.00380
27	0.00730	0.00530	0.00688	0.00776	0.00844	0.00489	0.00534	0.00869	0.01237	0.01660	0.17848	0.58352	0.09957	0.01668	0.00727	0.00222	0.00321	0.01499	0.00560	0.00489
28	0.03836	0.01307	0.01472	0.01175	0.01580	0.01386	0.00954	0.39538	0.10191	0.21794	0.01865	0.07479	0.01407	0.00794	0.00587	0.00182	0.00549	0.00635	0.02344	0.00926
29	0.02571	0.03857	0.01411	0.01033	0.01485	0.00907	0.00860	0.02794	0.01647	0.73615	0.02240	0.01941	0.01414	0.00712	0.00577	0.00178	0.00499	0.00575	0.00703	0.00981
30	0.00709	0.00506	0.00675	0.00810	0.00843	0.00472	0.00540	0.00810	0.01113	0.01484	0.03205	0.79184	0.03846	0.01822	0.00742	0.00236	0.00337	0.01653	0.00540	0.00472
31	0.01372	0.01595	0.05352	0.02507	0.08078	0.01461	0.66875	0.01857	0.01365	0.01865	0.01167	0.01550	0.00881	0.00494	0.00675	0.00194	0.00957	0.00668	0.00292	0.00796
32	0.03432	0.01215	0.02211	0.46715	0.14997	0.01348	0.18457	0.01627	0.01232	0.01669	0.01070	0.01521	0.00819	0.00549	0.00599	0.00191	0.00801	0.00551	0.00274	0.00721
33	0.02063	0.01951	0.01799	0.03636	0.12180	0.26290	0.01219	0.38778	0.02145	0.02634	0.01183	0.01293	0.00896	0.00638	0.00562	0.00167	0.00784	0.00474	0.00441	0.00868
34	0.01435	0.65957	0.04705	0.00974	0.01427	0.02013	0.00960	0.01648	0.01252	0.01525	0.12008	0.01451	0.01455	0.00602	0.00425	0.00135	0.00576	0.00425	0.00307	0.00720
35	0.59184	0.01340	0.07377	0.01124	0.07469	0.01346	0.00895	0.09302	0.01226	0.02585	0.00944	0.01090	0.00724	0.00559	0.00418	0.00178	0.00519	0.00369	0.02641	0.00708
36	0.03350	0.03075	0.07418	0.01116	0.01438	0.11754	0.00947	0.04879	0.25889	0.03527	0.09448	0.02883	0.11865	0.01022	0.02699	0.00211	0.00583	0.06661	0.00497	0.00738

[dist]
# distance from previous block
# <min> <max>
0	2

[block]
# block no. 3 follows, 40 sequences, length 80
# corresponding to MSA columns:
# 196-275
name=unknown_D
#
# <colnr> <probs for GDERKNQSTAVLIFYWHMCP>
#	G	D	E	R	K	N	Q	S	T	A	V	L	I	F	Y	W	H	M	C	P
0	0.03945	0.14130	0.50241	0.01445	0.02132	0.01441	0.03672	0.01842	0.06143	0.01836	0.04459	0.01467	0.01064	0.03065	0.00607	0.00188	0.00751	0.00471	0.00295	0.00807
1	0.04260	0.02792	0.03869	0.01127	0.03303	0.02697	0.00918	0.10526	0.08385	0.37204	0.05636	0.01851	0.01467	0.00750	0.01857	0.00180	0.00537	0.00554	0.00578	0.11510
2	0.01231	0.01062	0.01262	0.01004	0.01355	0.01033	0.00796	0.03306	0.13103	0.01931	0.06245	0.01737	0.01379	0.05253	0.00851	0.00166	0.12371	0.00501	0.00396	0.45019
3	0.01377	0.01431	0.16812	0.01173	0.01574	0.01139	0.01109	0.11368	0.20083	0.07945	0.19231	0.02814	0.02463	0.00899	0.00625	0.00194	0.00533	0.07901	0.00534	0.00796
4	0.00819	0.00594	0.00772	0.00728	0.00866	0.00547	0.00546	0.01090	0.01637	0.02311	0.73665	0.04379	0.07464	0.01197	0.00686	0.00183	0.00275	0.01057	0.00637	0.00547
5	0.01424	0.01366	0.02332	0.06974	0.72652	0.01378	0.01777	0.01771	0.01317	0.01881	0.01091	0.01444	0.00914	0.00521	0.00576	0.00174	0.00695	0.00518	0.00287	0.00909
6	0.00747	0.00562	0.00750	0.00833	0.00918	0.00516	0.02051	0.00877	0.01164	0.01531	0.03458	0.61130	0.13185	0.01700	0.00730	0.00229	0.00360	0.06245	0.00530	0.02485
7	0.00832	0.00612	0.00791	0.00796	0.00940	0.00571	0.00630	0.01088	0.01526	0.02080	0.48037	0.05065	0.14679	0.01331	0.00715	0.00206	0.00342	0.18623	0.00600	0.00537
8	0.01381	0.01322	0.02255	0.16358	0.63604	0.01366	0.01756	0.01733	0.01296	0.01829	0.01084	0.01458	0.00896	0.00529	0.00577	0.00176	0.00705	0.00518	0.00283	0.00874
9	0.02211	0.01629	0.01745	0.01338	0.01803	0.01803	0.01105	0.73997	0.02734	0.03665	0.01396	0.01396	0.00989	0.00698	0.00582	0.00175	0.00640	0.00524	0.00582	0.00989
10	0.02237	0.01586	0.01719	0.01318	0.01782	0.01740	0.01089	0.69244	0.02663	0.08519	0.01456	0.01435	0.01019	0.00700	0.00582	0.00175	0.00630	0.00528	0.00591	0.00989
11	0.00939	0.00803	0.00912	0.00874	0.01049	0.00853	0.00666	0.01432	0.18370	0.01786	0.08413	0.16328	0.34256	0.01304	0.00806	0.00209	0.08789	0.01076	0.00527	0.00607
12	0.00846	0.00564	0.00634	0.00634	0.00634	0.00564	0.00352	0.00846	0.00846	0.01128	0.01832	0.03805	0.02114	0.79563	0.02960	0.00564	0.00564	0.00846	0.00352	0.00352
13	0.02139	0.01581	0.01691	0.01310	0.01759	0.01752	0.01078	0.68169	0.06837	0.03558	0.01464	0.01459	0.01046	0.00703	0.00578	0.00175	0.00621	0.00532	0.02574	0.00974
14	0.00872	0.00681	0.01003	0.00980	0.01071	0.00819	0.00765	0.01066	0.00928	0.01348	0.01493	0.02239	0.01411	0.06412	0.67986	0.00860	0.08615	0.00620	0.00308	0.00525
15	0.01189	0.02852	0.68649	0.01743	0.02573	0.01363	0.09894	0.01844	0.01243	0.01844	0.01058	0.01265	0.00752	0.00546	0.00567	0.00185	0.00872	0.00457	0.00251	0.00851
16	0.01368	0.01555	0.03375	0.02411	0.02997	0.01453	0.71979	0.01853	0.01368	0.01864	0.01173	0.01559	0.00882	0.00489	0.00680	0.00193	0.00967	0.00678	0.00295	0.02861
17	0.02609	0.00990	0.01350	0.01035	0.01484	0.00855	0.00855	0.02834	0.01664	0.76338	0.02294	0.01979	0.01439	0.00720	0.00585	0.00180	0.00495	0.00585	0.00720	0.00990
18	0.01020	0.00562	0.00864	0.09122	0.01109	0.00590	0.00625	0.00836	0.00801	0.01062	0.01013	0.01744	0.00985	0.01865	0.02090	0.74124	0.00534	0.00506	0.00253	0.00295
19	0.01272	0.01272	0.01781	0.01527	0.01527	0.01781	0.01272	0.01399	0.00891	0.01399	0.00763	0.01272	0.00763	0.01018	0.01908	0.00254	0.78499	0.00509	0.00254	0.00636
20	0.01098	0.01034	0.01744	0.78165	0.04005	0.01292	0.01615	0.01486	0.01163	0.01486	0.01034	0.01550	0.00775	0.00581	0.00581	0.00194	0.00775	0.00517	0.00258	0.00646
21	0.00709	0.00506	0.00675	0.00810	0.00843	0.00472	0.00540	0.00810	0.01113	0.01484	0.03205	0.79184	0.03846	0.01822	0.00742	0.00236	0.00337	0.01653	0.00540	0.00472
22	0.00990	0.00654	0.00803	0.00793	0.00988	0.00589	0.00638	0.01205	0.01437	0.09864	0.20427	0.05172	0.33304	0.01362	0.00706	0.00210	0.00374	0.19334	0.00581	0.00569
23	0.00945	0.00809	0.01094	0.01040	0.01179	0.05870	0.04028	0.01161	0.01002	0.01378	0.01497	0.02170	0.01381	0.03937	0.68703	0.00849	0.01498	0.00609	0.00310	0.00541
24	0.00716	0.00512	0.00682	0.00804	0.00845	0.00477	0.00540	0.00829	0.01149	0.01541	0.08042	0.74185	0.03956	0.01780	0.00738	0.00233	0.00333	0.01613	0.00547	0.00477
25	0.01186	0.01164	0.02092	0.56374	0.13302	0.01332	0.13074	0.01585	0.01217	0.01600	0.01064	0.01539	0.00811	0.00559	0.00597	0.00191	0.00797	0.00544	0.00268	0.00704
26	0.00823	0.00594	0.00777	0.00732	0.00869	0.00549	0.00549	0.01097	0.01646	0.02332	0.75629	0.04344	0.05487	0.01189	0.00686	0.00183	0.00274	0.01052	0.00640	0.00549
27	0.01805	0.01150	0.01315	0.01125	0.01481	0.01230	0.00889	0.08261	0.42414	0.24718	0.02327	0.07197	0.01753	0.00830	0.00599	0.00193	0.00476	0.00692	0.00626	0.00917
28	0.74514	0.01109	0.00911	0.00795	0.01165	0.01254	0.00655	0.01836	0.01066	0.10938	0.00977	0.01062	0.00721	0.00560	0.00385	0.00180	0.00455	0.00345	0.00401	0.00670
29	0.00937	0.00669	0.00937	0.01071	0.01205	0.00669	0.00937	0.01205	0.01339	0.01740	0.03079	0.06560	0.03347	0.01606	0.00803	0.00268	0.00535	0.72021	0.00535	0.00535
30	0.01501	0.68416	0.10938	0.01088	0.01605	0.02177	0.01131	0.01738	0.01175	0.01421	0.00832	0.00978	0.00746	0.00525	0.00455	0.00136	0.03803	0.00332	0.00249	0.00754
31	0.01428	0.51123	0.25505	0.01370	0.06778	0.01949	0.01401	0.01775	0.01205	0.01549	0.00900	0.01057	0.00755	0.00516	0.00442	0.00146	0.00699	0.00361	0.00250	0.00793
32	0.74797	0.09638	0.01092	0.00790	0.01164	0.01412	0.00669	0.01713	0.01010	0.02475	0.00810	0.00943	0.00642	0.00535	0.00361	0.00174	0.00468	0.00314	0.00348	0.00642
33	0.00723	0.00512	0.00670	0.00791	0.00821	0.00482	0.00520	0.00814	0.01084	0.01446	0.03057	0.71038	0.03659	0.10222	0.00982	0.00272	0.00362	0.01566	0.00520	0.00459
34	0.04346	0.04927	0.01687	0.01383	0.01752	0.41103	0.01086	0.27387	0.06885	0.02305	0.01165	0.01238	0.00898	0.00641	0.00539	0.00162	0.00835	0.00442	0.00418	0.00802
35	0.00879	0.09173	0.00942	0.00695	0.00910	0.00717	0.00550	0.01078	0.01433	0.03770	0.30083	0.04552	0.40659	0.01247	0.00650	0.00183	0.00328	0.01049	0.00549	0.00552
36	0.01402	0.01344	0.02294	0.11630	0.68163	0.01372	0.01766	0.01752	0.01307	0.01855	0.01087	0.01451	0.00905	0.00525	0.00576	0.00175	0.00700	0.00518	0.00285	0.00891
37	0.01166	0.03008	0.76550	0.01657	0.02517	0.01351	0.02149	0.01842	0.01228	0.01842	0.01044	0.01228	0.00737	0.00552	0.00552	0.00184	0.00859	0.00430	0.00246	0.00859
38	0.01098	0.01034	0.01744	0.78165	0.04005	0.01292	0.01615	0.01486	0.01163	0.01486	0.01034	0.01550	0.00775	0.00581	0.00581	0.00194	0.00775	0.00517	0.00258	0.00646
39	0.00844	0.00664	0.00727	0.00717	0.00919	0.00605	0.00557	0.01143	0.07408	0.03842	0.12257	0.05191	0.52613	0.01381	0.00689	0.00202	0.00338	0.08794	0.00559	0.00551
40	0.01254	0.00757	0.00891	0.00813	0.00973	0.00832	0.00631	0.04616	0.05612	0.08092	0.01770	0.02142	0.01439	0.06243	0.09733	0.00278	0.08938	0.00577	0.43792	0.00616
41	0.00826	0.00578	0.00741	0.00755	0.00794	0.00609	0.00500	0.00907	0.00905	0.01242	0.01887	0.11433	0.02077	0.45578	0.27997	0.00655	0.00877	0.00857	0.00359	0.00422
42	0.00709	0.00506	0.00675	0.00810	0.00843	0.00472	0.00540	0.00810	0.01113	0.01484	0.03205	0.79184	0.03846	0.01822	0.00742	0.00236	0.00337	0.01653	0.00540	0.00472
43	0.02191	0.02198	0.01697	0.01418	0.01801	0.39402	0.01114	0.38267	0.02193	0.02547	0.01148	0.01223	0.00869	0.00649	0.00553	0.00162	0.00844	0.00449	0.00441	0.00832
44	0.02211	0.01629	0.01745	0.01338	0.01803	0.01803	0.01105	0.73997	0.02734	0.03665	0.01396	0.01396	0.00989	0.00698	0.00582	0.00175	0.00640	0.00524	0.00582	0.00989
45	0.00937	0.00669	0.00937	0.01071	0.01205	0.00669	0.00937	0.01205	0.01339	0.01740	0.03079	0.06560	0.03347	0.01606	0.00803	0.00268	0.00535	0.72021	0.00535	0.00535
46	0.00917	0.00662	0.00909	0.01028	0.01166	0.00653	0.00891	0.01177	0.01348	0.01749	0.05660	0.06422	0.08250	0.01584	0.00792	0.00260	0.00511	0.64952	0.00539	0.00533
47	0.01690	0.62969	0.02740	0.01106	0.01560	0.18758	0.01023	0.01869	0.01284	0.01380	0.00828	0.00958	0.00747	0.00520	0.00406	0.00130	0.00716	0.00325	0.00260	0.00730
48	0.00824	0.00609	0.00784	0.00838	0.00953	0.00583	0.00635	0.01088	0.04653	0.01857	0.26383	0.30567	0.10125	0.01500	0.00726	0.00221	0.00361	0.16188	0.00573	0.00532
49	0.52495	0.09894	0.09535	0.02572	0.01463	0.01458	0.00916	0.09728	0.01254	0.04796	0.00951	0.01069	0.00722	0.00561	0.00419	0.00174	0.00543	0.00363	0.00369	0.00719
50	0.02205	0.01781	0.01732	0.01359	0.01803	0.11849	0.01108	0.64451	0.02589	0.03366	0.01330	0.01350	0.00957	0.00685	0.00574	0.00171	0.00694	0.00504	0.00544	0.00947
51	0.01353	0.39940	0.41252	0.01339	0.02025	0.01807	0.01595	0.01793	0.01206	0.01614	0.00931	0.01086	0.00741	0.00526	0.00466	0.00155	0.00745	0.00373	0.00247	0.00805
52	0.00827	0.00602	0.00786	0.00779	0.00914	0.00560	0.00601	0.01086	0.01557	0.02159	0.57240	0.08094	0.09182	0.01297	0.00706	0.00199	0.00318	0.11937	0.00614	0.00540
53	0.01294	0.01482	0.04722	0.02250	0.02783	0.01357	0.64079	0.01745	0.01340	0.01820	0.01400	0.10222	0.01210	0.00640	0.00690	0.00200	0.00906	0.00789	0.00320	0.00751
54	0.00815	0.00594	0.00767	0.00724	0.00864	0.00545	0.00543	0.01083	0.01628	0.02290	0.71749	0.04414	0.09393	0.01205	0.00686	0.00184	0.00275	0.01061	0.00635	0.00545
55	0.01098	0.01034	0.01744	0.78165	0.04005	0.01292	0.01615	0.01486	0.01163	0.01486	0.01034	0.01550	0.00775	0.00581	0.00581	0.00194	0.00775	0.00517	0.00258	0.00646
56	0.02245	0.00942	0.01255	0.00995	0.01387	0.00843	0.00809	0.02569	0.06352	0.59619	0.14175	0.02374	0.02116	0.00800	0.00602	0.00182	0.00457	0.00665	0.00699	0.00914
57	0.02201	0.01328	0.01509	0.01179	0.01607	0.01397	0.00967	0.41607	0.07795	0.26079	0.01783	0.01688	0.01222	0.00710	0.00572	0.00175	0.00556	0.00554	0.06116	0.00954
58	0.83671	0.01125	0.00855	0.00765	0.01125	0.01305	0.00630	0.01709	0.00990	0.02609	0.00810	0.00945	0.00630	0.00540	0.00360	0.00180	0.00450	0.00315	0.00360	0.00630
59	0.81458	0.01121	0.00868	0.00772	0.01134	0.01292	0.00636	0.01740	0.01008	0.04621	0.00850	0.00973	0.00652	0.00545	0.00366	0.00180	0.00451	0.00322	0.00370	0.00640
60	0.00709	0.00506	0.00675	0.00810	0.00843	0.00472	0.00540	0.00810	0.01113	0.01484	0.03205	0.79184	0.03846	0.01822	0.00742	0.00236	0.00337	0.01653	0.00540	0.00472
61	0.00709	0.00506	0.00675	0.00810	0.00843	0.00472	0.00540	0.00810	0.01113	0.01484	0.03205	0.79184	0.03846	0.01822	0.00742	0.00236	0.00337	0.01653	0.00540	0.00472
62	0.11368	0.01004	0.01296	0.01005	0.01446	0.00903	0.00830	0.02712	0.01592	0.68371	0.02134	0.01868	0.01352	0.00700	0.00560	0.00180	0.00490	0.00556	0.00681	0.00951
63	0.00709	0.00590	0.00619	0.00612	0.00799	0.00500	0.00459	0.00876	0.01376	0.01692	0.16964	0.05398	0.64551	0.01428	0.00687	0.00194	0.00291	0.01199	0.00556	0.00500
64	0.00709	0.00506	0.00675	0.00810	0.00843	0.00472	0.00540	0.00810	0.01113	0.01484	0.03205	0.79184	0.03846	0.01822	0.00742	0.00236	0.00337	0.01653	0.00540	0.00472
65	0.01266	0.18092	0.54084	0.01612	0.02370	0.01552	0.09665	0.01824	0.01234	0.01750	0.01011	0.01206	0.00754	0.00535	0.00531	0.00174	0.00825	0.00434	0.00251	0.00829
66	0.02067	0.02433	0.01843	0.01568	0.01923	0.56061	0.08970	0.12258	0.04185	0.01816	0.01046	0.01190	0.00831	0.00607	0.00552	0.00160	0.00965	0.00438	0.00348	0.00738
67	0.01166	0.03008	0.76550	0.01657	0.02517	0.01351	0.02149	0.01842	0.01228	0.01842	0.01044	0.01228	0.00737	0.00552	0.00552	0.00184	0.00859	0.00430	0.00246	0.00859
68	0.01074	0.00978	0.01621	0.66381	0.03577	0.01197	0.01511	0.01443	0.01190	0.01525	0.01346	0.02316	0.01168	0.00738	0.00615	0.00205	0.00739	0.11447	0.00301	0.00629
69	0.00706	0.00547	0.00645	0.00711	0.00820	0.00485	0.00499	0.00838	0.01236	0.01573	0.08759	0.43368	0.34465	0.01635	0.00715	0.00216	0.00315	0.01436	0.00546	0.00485
70	0.00774	0.00581	0.00717	0.00706	0.00845	0.00524	0.00521	0.00994	0.01496	0.02029	0.48589	0.14490	0.22916	0.01343	0.00694	0.00193	0.00288	0.01175	0.00602	0.00524
71	0.01523	0.73700	0.08986	0.01049	0.01575	0.02224	0.01088	0.01749	0.01185	0.01406	0.00827	0.00957	0.00745	0.00502	0.00388	0.00129	0.00641	0.00321	0.00248	0.00755
72	0.01437	0.09731	0.01482	0.01147	0.01490	0.01513	0.00915	0.02883	0.64908	0.02294	0.02295	0.02130	0.03687	0.00776	0.00571	0.00189	0.00473	0.00636	0.00553	0.00890
73	0.00805	0.05843	0.00859	0.00816	0.00908	0.00629	0.00593	0.00937	0.01173	0.01539	0.07713	0.50420	0.08992	0.07215	0.00875	0.00249	0.00387	0.09039	0.00513	0.00495
74	0.10356	0.05646	0.55339	0.01448	0.02153	0.01300	0.03303	0.01743	0.01248	0.01961	0.09070	0.01528	0.01242	0.00616	0.00541	0.00181	0.00743	0.00485	0.00302	0.00794
75	0.01254	0.01355	0.02824	0.02074	0.02554	0.01278	0.56868	0.01722	0.03684	0.01896	0.09446	0.09038	0.01681	0.00698	0.00688	0.00198	0.00829	0.00814	0.00363	0.00734
76	0.01491	0.01800	0.09747	0.04426	0.19535	0.25749	0.02772	0.01792	0.01432	0.01707	0.04823	0.02610	0.01605	0.00831	0.00616	0.00190	0.00779	0.17019	0.00359	0.00717
77	0.01193	0.07174	0.70625	0.01642	0.02475	0.01406	0.03955	0.01837	0.01229	0.01816	0.01034	0.01221	0.00741	0.00548	0.00546	0.00181	0.00850	0.00430	0.00247	0.00851
78	0.15021	0.01047	0.01099	0.00938	0.01224	0.01157	0.00753	0.27878	0.01687	0.02642	0.01505	0.03151	0.01204	0.01281	0.12932	0.00289	0.00645	0.00532	0.24302	0.00715
79	0.73073	0.01113	0.00969	0.10699	0.01494	0.01303	0.00756	0.01681	0.01012	0.02465	0.00838	0.01022	0.00648	0.00545	0.00388	0.00182	0.00492	0.00341	0.00347	0.00632

[dist]
# distance from previous block
# <min> <max>
0	1

[block]
# block no. 4 follows, 40 sequences, length 13
# corresponding to MSA columns:
# 277-289
name=unknown_E
#
# <colnr> <probs for GDERKNQSTAVLIFYWHMCP>
#	G	D	E	R	K	N	Q	S	T	A	V	L	I	F	Y	W	H	M	C	P
0	0.02245	0.01283	0.01439	0.01135	0.01565	0.05933	0.00923	0.21225	0.08706	0.40007	0.02017	0.01849	0.03363	0.00719	0.00576	0.00174	0.00555	0.00568	0.00622	0.05094
1	0.02033	0.01515	0.01640	0.01261	0.01716	0.01629	0.01034	0.62482	0.02489	0.03369	0.01421	0.04321	0.01082	0.00708	0.00570	0.00166	0.00603	0.00545	0.00552	0.10867
2	0.00695	0.00579	0.00607	0.00621	0.00796	0.00491	0.00458	0.00842	0.01313	0.01591	0.08340	0.14415	0.64249	0.01504	0.00694	0.00201	0.00299	0.01272	0.00544	0.00491
3	0.01924	0.01257	0.03532	0.01306	0.01732	0.01239	0.09734	0.10429	0.26639	0.29729	0.02084	0.02079	0.01489	0.00741	0.00606	0.00190	0.00568	0.03210	0.00591	0.00921
4	0.00696	0.00584	0.00604	0.00610	0.00793	0.00493	0.00454	0.00847	0.01329	0.01605	0.09341	0.10147	0.67550	0.01480	0.00691	0.00198	0.00296	0.01245	0.00545	0.00493
5	0.11497	0.60305	0.02606	0.01034	0.01478	0.09114	0.00973	0.01779	0.01191	0.01524	0.00815	0.00958	0.00733	0.00532	0.00443	0.00138	0.03567	0.00325	0.00267	0.00721
6	0.01839	0.01230	0.01316	0.01052	0.01404	0.01332	0.00855	0.46210	0.02171	0.06009	0.01604	0.01685	0.01179	0.00692	0.00522	0.00161	0.00507	0.00532	0.28864	0.00835
7	0.00775	0.00588	0.00716	0.00707	0.00854	0.00529	0.00530	0.00995	0.01488	0.01998	0.44827	0.11423	0.27041	0.01349	0.00696	0.00195	0.00296	0.03875	0.00596	0.00524
8	0.01445	0.00949	0.02689	0.00941	0.01225	0.00939	0.00769	0.06939	0.20232	0.14937	0.05015	0.03035	0.10609	0.00927	0.00587	0.00186	0.00429	0.08768	0.18633	0.00746
9	0.01216	0.02664	0.59079	0.01847	0.02642	0.01379	0.19274	0.01847	0.01262	0.01847	0.01075	0.01309	0.00771	0.00538	0.00584	0.00187	0.00888	0.00491	0.00257	0.00841
10	0.00726	0.00581	0.00650	0.00654	0.00815	0.00504	0.00482	0.00901	0.01385	0.01763	0.24123	0.14131	0.48359	0.01439	0.00694	0.00198	0.00294	0.01232	0.00567	0.00504
11	0.02050	0.01525	0.01649	0.01269	0.01724	0.01647	0.01041	0.63716	0.02515	0.03400	0.01424	0.04224	0.01080	0.00711	0.00572	0.00168	0.00607	0.00546	0.00555	0.09578
12	0.00709	0.00506	0.00675	0.00810	0.00843	0.00472	0.00540	0.00810	0.01113	0.01484	0.03205	0.79184	0.03846	0.01822	0.00742	0.00236	0.00337	0.01653	0.00540	0.00472

[dist]
# distance from previous block
# <min> <max>
0	45

[block]
# block no. 5 follows, 40 sequences, length 43
# corresponding to MSA columns:
# 335-377
name=unknown_F
#
# <colnr> <probs for GDERKNQSTAVLIFYWHMCP>
#	G	D	E	R	K	N	Q	S	T	A	V	L	I	F	Y	W	H	M	C	P
0	0.01896	0.30939	0.02166	0.03232	0.01734	0.45938	0.01093	0.02065	0.01445	0.01404	0.00866	0.01025	0.00749	0.00572	0.00506	0.00144	0.02889	0.00358	0.00279	0.00699
1	0.09320	0.01787	0.01947	0.06128	0.39814	0.25249	0.01439	0.04294	0.01433	0.01854	0.01013	0.01274	0.00835	0.00555	0.00540	0.00167	0.00783	0.00454	0.00306	0.00805
2	0.00845	0.00567	0.00651	0.00651	0.00657	0.00573	0.00373	0.00856	0.00851	0.01140	0.01817	0.03722	0.02078	0.75420	0.07053	0.00584	0.00619	0.00833	0.00350	0.00362
3	0.00708	0.00509	0.00672	0.00803	0.00842	0.00473	0.00537	0.00811	0.01120	0.01487	0.03293	0.76777	0.06196	0.01810	0.00740	0.00235	0.00336	0.01639	0.00540	0.00473
4	0.01507	0.01511	0.02294	0.03377	0.69047	0.08430	0.01723	0.01835	0.01354	0.01856	0.01076	0.01403	0.00905	0.00526	0.00571	0.00171	0.00724	0.00505	0.00289	0.00898
5	0.00739	0.00530	0.00702	0.00789	0.00850	0.00493	0.00542	0.00887	0.01257	0.01713	0.22716	0.59022	0.04288	0.01651	0.00727	0.00222	0.00320	0.01491	0.00567	0.00493
6	0.01555	0.79913	0.03047	0.00995	0.01493	0.02301	0.00995	0.01741	0.01182	0.01368	0.00808	0.00933	0.00746	0.00498	0.00373	0.00124	0.00622	0.00311	0.00249	0.00746
7	0.02497	0.01104	0.01415	0.01083	0.01538	0.01021	0.00894	0.15413	0.01841	0.61250	0.02098	0.01853	0.01343	0.00707	0.00580	0.00176	0.00519	0.00567	0.00684	0.03418
8	0.02244	0.01147	0.01397	0.01111	0.01529	0.01139	0.00904	0.16094	0.16455	0.45592	0.04588	0.01987	0.01557	0.00745	0.00589	0.00182	0.00508	0.00603	0.00666	0.00961
9	0.02427	0.01063	0.01364	0.01065	0.01497	0.00991	0.00873	0.09476	0.08557	0.60871	0.02207	0.01947	0.01430	0.00723	0.00581	0.00180	0.00500	0.00585	0.02691	0.00972
10	0.01221	0.01199	0.01683	0.01459	0.01469	0.01660	0.01208	0.01355	0.00900	0.01398	0.00891	0.03323	0.00899	0.01317	0.08156	0.00311	0.70116	0.00547	0.00266	0.00622
11	0.01202	0.10154	0.69720	0.01596	0.02422	0.01439	0.02041	0.01832	0.01223	0.01798	0.01022	0.01200	0.00738	0.00547	0.00536	0.00179	0.00837	0.00419	0.00246	0.00849
12	0.02609	0.00990	0.01350	0.01035	0.01484	0.00855	0.00855	0.02834	0.01664	0.76338	0.02294	0.01979	0.01439	0.00720	0.00585	0.00180	0.00495	0.00585	0.00720	0.00990
13	0.00709	0.00506	0.00675	0.00810	0.00843	0.00472	0.00540	0.00810	0.01113	0.01484	0.03205	0.79184	0.03846	0.01822	0.00742	0.00236	0.00337	0.01653	0.00540	0.00472
14	0.01360	0.01533	0.03233	0.02340	0.02857	0.01508	0.65092	0.01807	0.01315	0.01807	0.01127	0.01533	0.00868	0.00554	0.00833	0.00203	0.10309	0.00665	0.00289	0.00766
15	0.00687	0.00589	0.00589	0.00589	0.00785	0.00491	0.00442	0.00835	0.01325	0.01571	0.05891	0.05596	0.75700	0.01473	0.00687	0.00196	0.00295	0.01227	0.00540	0.00491
16	0.00846	0.00564	0.00634	0.00634	0.00634	0.00564	0.00352	0.00846	0.00846	0.01128	0.01832	0.03805	0.02114	0.79563	0.02960	0.00564	0.00564	0.00846	0.00352	0.00352
17	0.01373	0.01569	0.03431	0.02451	0.03039	0.01471	0.73824	0.01863	0.01373	0.01863	0.01176	0.01569	0.00882	0.00490	0.00686	0.00196	0.00980	0.00686	0.00294	0.00784
18	0.01004	0.00815	0.00907	0.00841	0.01061	0.00833	0.00643	0.03253	0.23876	0.02169	0.31180	0.03984	0.24882	0.01140	0.00655	0.00191	0.00345	0.00971	0.00595	0.00655
19	0.01555	0.79913	0.03047	0.00995	0.01493	0.02301	0.00995	0.01741	0.01182	0.01368	0.00808	0.00933	0.00746	0.00498	0.00373	0.00124	0.00622	0.00311	0.00249	0.00746
20	0.01439	0.01382	0.02360	0.03569	0.75936	0.01382	0.01785	0.01785	0.01324	0.01900	0.01094	0.01439	0.00921	0.00518	0.00576	0.00173	0.00691	0.00518	0.00288	0.00921
21	0.01272	0.01272	0.01781	0.01527	0.01527	0.01781	0.01272	0.01399	0.00891	0.01399	0.00763	0.01272	0.00763	0.01018	0.01908	0.00254	0.78499	0.00509	0.00254	0.00636
22	0.01336	0.01030	0.01219	0.00877	0.01388	0.00783	0.00704	0.01592	0.01248	0.08812	0.01151	0.01278	0.00915	0.00458	0.00445	0.00095	0.00437	0.00367	0.00379	0.75486
23	0.02211	0.01629	0.01745	0.01338	0.01803	0.01803	0.01105	0.73997	0.02734	0.03665	0.01396	0.01396	0.00989	0.00698	0.00582	0.00175	0.00640	0.00524	0.00582	0.00989
24	0.01300	0.03062	0.01681	0.01408	0.01478	0.01637	0.01168	0.08099	0.01075	0.01602	0.00943	0.01428	0.00888	0.01478	0.13068	0.00346	0.57870	0.00523	0.00293	0.00654
25	0.00937	0.00669	0.00937	0.01071	0.01205	0.00669	0.00937	0.01205	0.01339	0.01740	0.03079	0.06560	0.03347	0.01606	0.00803	0.00268	0.00535	0.72021	0.00535	0.00535
26	0.83671	0.01125	0.00855	0.00765	0.01125	0.01305	0.00630	0.01709	0.00990	0.02609	0.00810	0.00945	0.00630	0.00540	0.00360	0.00180	0.00450	0.00315	0.00360	0.00630
27	0.00687	0.00589	0.00589	0.00589	0.00785	0.00491	0.00442	0.00835	0.01325	0.01571	0.05891	0.05596	0.75700	0.01473	0.00687	0.00196	0.00295	0.01227	0.00540	0.00491
28	0.83671	0.01125	0.00855	0.00765	0.01125	0.01305	0.00630	0.01709	0.00990	0.02609	0.00810	0.00945	0.00630	0.00540	0.00360	0.00180	0.00450	0.00315	0.00360	0.00630
29	0.01162	0.01098	0.01859	0.64258	0.17415	0.01309	0.01647	0.01542	0.01193	0.01563	0.01045	0.01530	0.00802	0.00570	0.00580	0.00190	0.00759	0.00517	0.00264	0.00697
30	0.02510	0.01149	0.01448	0.01110	0.01564	0.01091	0.00917	0.20563	0.01931	0.58233	0.02070	0.01834	0.01327	0.00714	0.00584	0.00179	0.00531	0.00570	0.00685	0.00989
31	0.01439	0.01382	0.02360	0.03569	0.75936	0.01382	0.01785	0.01785	0.01324	0.01900	0.01094	0.01439	0.00921	0.00518	0.00576	0.00173	0.00691	0.00518	0.00288	0.00921
32	0.01166	0.03008	0.76550	0.01657	0.02517	0.01351	0.02149	0.01842	0.01228	0.01842	0.01044	0.01228	0.00737	0.00552	0.00552	0.00184	0.00859	0.00430	0.00246	0.00859
33	0.83671	0.01125	0.00855	0.00765	0.01125	0.01305	0.00630	0.01709	0.00990	0.02609	0.00810	0.00945	0.00630	0.00540	0.00360	0.00180	0.00450	0.00315	0.00360	0.00630
34	0.00840	0.00568	0.00664	0.00668	0.00678	0.00576	0.00393	0.00863	0.00862	0.01159	0.01848	0.05949	0.02105	0.70174	0.09840	0.00589	0.00650	0.00849	0.00354	0.00372
35	0.02207	0.01736	0.01736	0.01353	0.01803	0.08857	0.01107	0.67294	0.02633	0.03455	0.01350	0.01364	0.00967	0.00689	0.00576	0.00172	0.00678	0.00510	0.00555	0.00960
36	0.00942	0.00683	0.00858	0.00796	0.00954	0.00659	0.00600	0.07888	0.01698	0.02378	0.61957	0.11022	0.04914	0.01202	0.00681	0.00187	0.00314	0.01058	0.00625	0.00583
37	0.00969	0.00772	0.00739	0.00725	0.00757	0.07738	0.00437	0.00990	0.00924	0.01163	0.01736	0.03497	0.01964	0.69670	0.05211	0.00537	0.00642	0.00794	0.00346	0.00388
38	0.75913	0.01067	0.00838	0.00769	0.01098	0.01227	0.00621	0.01625	0.01001	0.02504	0.01034	0.08261	0.00931	0.00660	0.00396	0.00185	0.00439	0.00440	0.00377	0.00615
39	0.00905	0.00653	0.00874	0.00979	0.01099	0.00649	0.00814	0.01160	0.03019	0.01680	0.04604	0.12856	0.06630	0.08882	0.00986	0.00286	0.00501	0.52380	0.00522	0.00520
40	0.00912	0.00668	0.00868	0.00959	0.01070	0.00676	0.00760	0.01236	0.08111	0.01686	0.04548	0.24986	0.03249	0.09825	0.00993	0.00282	0.00473	0.37637	0.00525	0.00536
41	0.02172	0.02772	0.01648	0.01498	0.01798	0.77228	0.01124	0.02322	0.01648	0.01423	0.00899	0.01049	0.00749	0.00599	0.00524	0.00150	0.01049	0.00375	0.00300	0.00674
42	0.01448	0.08731	0.02454	0.03297	0.66943	0.01470	0.03719	0.01783	0.01312	0.01849	0.01069	0.01396	0.00904	0.00515	0.00560	0.00169	0.00692	0.00503	0.00284	0.00901

[dist]
# distance from previous block
# <min> <max>
0	25

[block]
# block no. 6 follows, 40 sequences, length 57
# corresponding to MSA columns:
# 403-459
name=unknown_G
#
# <colnr> <probs for GDERKNQSTAVLIFYWHMCP>
#	G	D	E	R	K	N	Q	S	T	A	V	L	I	F	Y	W	H	M	C	P
0	0.01207	0.00578	0.00607	0.00582	0.00743	0.00567	0.00443	0.01475	0.01255	0.08167	0.01929	0.02153	0.01486	0.00681	0.00421	0.00139	0.00289	0.00545	0.76153	0.00578
1	0.07727	0.00679	0.00841	0.00773	0.00960	0.00640	0.00589	0.01329	0.01551	0.11158	0.54095	0.08973	0.06198	0.01131	0.00651	0.00186	0.00320	0.00982	0.00618	0.00602
2	0.01398	0.01194	0.01260	0.01139	0.01441	0.01375	0.00874	0.02909	0.68897	0.02327	0.02324	0.02302	0.01803	0.07160	0.00783	0.00227	0.00469	0.00673	0.00572	0.00874
3	0.01233	0.01026	0.01322	0.00974	0.01454	0.00802	0.05723	0.01494	0.01228	0.04847	0.01270	0.07569	0.01127	0.00559	0.00480	0.00110	0.00464	0.00484	0.00372	0.67464
4	0.00935	0.00682	0.00913	0.00996	0.01149	0.00659	0.00847	0.01174	0.01289	0.01693	0.02983	0.05918	0.06831	0.07824	0.00946	0.00275	0.00518	0.57651	0.00508	0.06209
5	0.76961	0.01075	0.00840	0.00768	0.01102	0.01237	0.00623	0.01637	0.01000	0.02518	0.01003	0.07273	0.00890	0.00644	0.00391	0.00184	0.00441	0.00423	0.00374	0.00617
6	0.01114	0.01043	0.01766	0.63234	0.10158	0.01245	0.03450	0.01491	0.01222	0.01601	0.07076	0.01767	0.01172	0.00622	0.00592	0.00191	0.00733	0.00565	0.00293	0.00666
7	0.01125	0.01024	0.01690	0.64736	0.08628	0.01250	0.01520	0.01494	0.01171	0.01567	0.01100	0.01585	0.00843	0.00596	0.00602	0.00189	0.02767	0.00519	0.06936	0.00656
8	0.00709	0.00506	0.00675	0.00810	0.00843	0.00472	0.00540	0.00810	0.01113	0.01484	0.03205	0.79184	0.03846	0.01822	0.00742	0.00236	0.00337	0.01653	0.00540	0.00472
9	0.00716	0.00519	0.00678	0.00802	0.00853	0.00482	0.00548	0.00828	0.01140	0.01502	0.03417	0.70317	0.09638	0.01785	0.00740	0.00234	0.00342	0.04443	0.00540	0.00476
10	0.01098	0.01034	0.01744	0.78165	0.04005	0.01292	0.01615	0.01486	0.01163	0.01486	0.01034	0.01550	0.00775	0.00581	0.00581	0.00194	0.00775	0.00517	0.00258	0.00646
11	0.04057	0.01688	0.01529	0.01332	0.03448	0.21014	0.01027	0.27830	0.10778	0.10095	0.01602	0.06918	0.01300	0.00781	0.00607	0.00180	0.02354	0.02123	0.00500	0.00836
12	0.01010	0.00505	0.00758	0.00758	0.00758	0.00505	0.00505	0.00758	0.00758	0.01010	0.01010	0.01768	0.01010	0.02020	0.02273	0.83081	0.00505	0.00505	0.00253	0.00253
13	0.00846	0.00564	0.00634	0.00634	0.00634	0.00564	0.00352	0.00846	0.00846	0.01128	0.01832	0.03805	0.02114	0.79563	0.02960	0.00564	0.00564	0.00846	0.00352	0.00352
14	0.00735	0.00525	0.00706	0.00840	0.00886	0.00495	0.00587	0.00856	0.01140	0.01515	0.03190	0.70644	0.03787	0.01797	0.00749	0.00240	0.00361	0.09927	0.00539	0.00480
15	0.01098	0.01034	0.01744	0.78165	0.04005	0.01292	0.01615	0.01486	0.01163	0.01486	0.01034	0.01550	0.00775	0.00581	0.00581	0.00194	0.00775	0.00517	0.00258	0.00646
16	0.01206	0.01034	0.01206	0.00861	0.01378	0.00775	0.00689	0.01464	0.01206	0.01895	0.01034	0.01206	0.00861	0.00431	0.00431	0.00086	0.00431	0.00345	0.00345	0.83118
17	0.00691	0.00587	0.00596	0.00599	0.00789	0.00492	0.00447	0.00840	0.01327	0.01586	0.07395	0.07674	0.72051	0.01476	0.00689	0.00197	0.00295	0.01236	0.00542	0.00492
18	0.00709	0.00528	0.00661	0.00758	0.00832	0.00480	0.00519	0.00828	0.01185	0.01543	0.07150	0.59554	0.19704	0.01716	0.00728	0.00225	0.00325	0.01532	0.00545	0.00480
19	0.01555	0.79913	0.03047	0.00995	0.01493	0.02301	0.00995	0.01741	0.01182	0.01368	0.00808	0.00933	0.00746	0.00498	0.00373	0.00124	0.00622	0.00311	0.00249	0.00746
20	0.00730	0.00541	0.00664	0.00747	0.00836	0.00488	0.00515	0.00856	0.01183	0.01559	0.05665	0.55440	0.20835	0.01654	0.00710	0.00219	0.00325	0.01470	0.03297	0.02266
21	0.01514	0.30101	0.37630	0.01343	0.02005	0.01689	0.01540	0.08320	0.01381	0.07861	0.01092	0.01199	0.00819	0.00559	0.00494	0.00162	0.00726	0.00408	0.00315	0.00841
22	0.01295	0.01292	0.01137	0.01099	0.03189	0.21488	0.00821	0.05085	0.03139	0.01965	0.30582	0.06427	0.08972	0.01064	0.00678	0.00187	0.02559	0.07904	0.00502	0.00615
23	0.00706	0.00517	0.00663	0.00780	0.00836	0.00475	0.00526	0.00813	0.01142	0.01496	0.03571	0.69158	0.13636	0.01774	0.00735	0.00231	0.00332	0.01595	0.00540	0.00475
24	0.02090	0.10207	0.01787	0.01450	0.01761	0.68045	0.01115	0.02242	0.01583	0.01417	0.00887	0.01043	0.00749	0.00600	0.00545	0.00150	0.02982	0.00372	0.00294	0.00680
25	0.03799	0.10186	0.01718	0.17536	0.04219	0.22271	0.01147	0.13087	0.07489	0.01902	0.01305	0.01523	0.02901	0.00966	0.07299	0.00236	0.00832	0.00490	0.00361	0.00732
26	0.01098	0.01034	0.01744	0.78165	0.04005	0.01292	0.01615	0.01486	0.01163	0.01486	0.01034	0.01550	0.00775	0.00581	0.00581	0.00194	0.00775	0.00517	0.00258	0.00646
27	0.00709	0.00506	0.00675	0.00810	0.00843	0.00472	0.00540	0.00810	0.01113	0.01484	0.03205	0.79184	0.03846	0.01822	0.00742	0.00236	0.00337	0.01653	0.00540	0.00472
28	0.01990	0.25541	0.02061	0.01350	0.01708	0.55113	0.01086	0.02151	0.01510	0.01407	0.00872	0.01014	0.00748	0.00569	0.00480	0.00142	0.00923	0.00356	0.00285	0.00695
