[name]
unknown

[dist]
# distance from previous block
# <min> <max>
9	10

[block]
# block no. 0 follows, 42 sequences, length 27
# corresponding to MSA columns:
# 30-56
name=unknown_A
#
# <colnr> <probs for GDERKNQSTAVLIFYWHMCP>
#	G	D	E	R	K	N	Q	S	T	A	V	L	I	F	Y	W	H	M	C	P
0	0.55110	0.01068	0.01014	0.00845	0.01225	0.01146	0.00697	0.05055	0.01233	0.25996	0.01259	0.01247	0.00870	0.00584	0.00426	0.00174	0.00457	0.00395	0.00467	0.00733
1	0.01516	0.01281	0.02052	0.02787	0.54222	0.01294	0.03895	0.02039	0.13006	0.10163	0.01382	0.01565	0.01075	0.00563	0.00564	0.00172	0.00622	0.00535	0.00371	0.00894
2	0.01129	0.02911	0.77306	0.01604	0.02436	0.01307	0.02079	0.01782	0.01188	0.01782	0.01010	0.01188	0.00713	0.00535	0.00535	0.00178	0.00832	0.00416	0.00238	0.00832
3	0.57082	0.01045	0.00986	0.00827	0.01204	0.01118	0.00682	0.02016	0.01175	0.27285	0.01261	0.01247	0.00870	0.00580	0.00421	0.00174	0.00450	0.00391	0.00464	0.00725
4	0.02506	0.00988	0.01325	0.01016	0.01452	0.00872	0.00839	0.06275	0.01661	0.73497	0.02178	0.01888	0.01372	0.00696	0.00566	0.00174	0.00486	0.00563	0.00690	0.00958
5	0.00817	0.00587	0.00825	0.00825	0.00905	0.00662	0.00612	0.00977	0.00897	0.01293	0.01579	0.02526	0.01547	0.20570	0.58441	0.00794	0.01247	0.00646	0.03781	0.00468
6	0.00818	0.00546	0.00614	0.00614	0.00614	0.00546	0.00341	0.00818	0.00818	0.01091	0.01773	0.03683	0.02046	0.80222	0.02864	0.00546	0.00546	0.00818	0.00341	0.00341
7	0.00767	0.00544	0.00690	0.03651	0.00852	0.00544	0.00490	0.00840	0.00956	0.01274	0.02384	0.35250	0.04641	0.37196	0.07026	0.00415	0.00522	0.01127	0.00415	0.00415
8	0.01280	0.01784	0.18481	0.02145	0.02725	0.01422	0.54052	0.01764	0.01264	0.01764	0.01081	0.01428	0.00816	0.00526	0.00728	0.00192	0.06915	0.00600	0.00272	0.00763
9	0.01137	0.02852	0.74163	0.01637	0.02457	0.01312	0.05163	0.01783	0.01194	0.01783	0.01015	0.01202	0.00719	0.00532	0.00540	0.00179	0.00837	0.00426	0.00240	0.00829
10	0.02088	0.01551	0.01660	0.01284	0.01726	0.01721	0.01057	0.69862	0.07702	0.03464	0.01416	0.01403	0.01010	0.00682	0.00564	0.00170	0.00607	0.00516	0.00564	0.00952
11	0.01390	0.01344	0.02325	0.03412	0.73833	0.01340	0.04573	0.01730	0.01283	0.01837	0.01062	0.01398	0.00890	0.00500	0.00561	0.00168	0.00679	0.00508	0.00279	0.00886
12	0.01300	0.01300	0.02110	0.01670	0.01904	0.04446	0.25364	0.01591	0.03483	0.04498	0.01246	0.06087	0.02675	0.00906	0.02824	0.00231	0.36747	0.00634	0.00312	0.00672
13	0.02450	0.00941	0.01282	0.00989	0.01411	0.00814	0.00814	0.02670	0.01610	0.73848	0.05446	0.02015	0.01563	0.00716	0.00570	0.00174	0.00470	0.00586	0.00693	0.00939
14	0.01030	0.00651	0.00836	0.00758	0.00939	0.00605	0.00579	0.01346	0.05015	0.11384	0.60902	0.03878	0.07688	0.01089	0.00648	0.00178	0.00301	0.00952	0.00623	0.00597
15	0.33097	0.03992	0.01250	0.01028	0.01385	0.17473	0.00823	0.05119	0.11675	0.17128	0.01320	0.01317	0.00962	0.00608	0.00466	0.00168	0.00581	0.00423	0.00442	0.00745
16	0.01087	0.01025	0.01732	0.73332	0.09225	0.01257	0.01575	0.01459	0.01137	0.01467	0.01005	0.01492	0.00761	0.00558	0.00562	0.00186	0.00744	0.00500	0.00252	0.00645
17	0.00699	0.00506	0.00655	0.00770	0.00819	0.00470	0.00524	0.00804	0.01095	0.01441	0.03268	0.67439	0.09846	0.04681	0.00797	0.00239	0.00340	0.04636	0.00515	0.00457
18	0.05681	0.00823	0.01075	0.00882	0.01203	0.00736	0.00707	0.02070	0.01542	0.46803	0.23084	0.05784	0.05375	0.00886	0.00593	0.00178	0.00404	0.00745	0.00645	0.00784
19	0.03154	0.03627	0.27026	0.04348	0.02531	0.01344	0.36236	0.05044	0.01321	0.04327	0.01213	0.05018	0.00952	0.00574	0.00600	0.00184	0.00826	0.00595	0.00306	0.00776
20	0.01439	0.01433	0.02242	0.03174	0.65173	0.06647	0.04927	0.01817	0.04306	0.01826	0.01099	0.01401	0.00912	0.00516	0.00559	0.00168	0.00696	0.00505	0.00291	0.00869
21	0.01358	0.01372	0.01297	0.01275	0.06322	0.21021	0.03837	0.08082	0.11053	0.01801	0.04655	0.21902	0.10268	0.01024	0.00630	0.00185	0.01955	0.00862	0.00445	0.00656
22	0.01362	0.01327	0.01537	0.06865	0.14647	0.11131	0.03382	0.01833	0.12605	0.01826	0.01194	0.01363	0.00959	0.00518	0.00495	0.00133	0.00583	0.00435	0.00347	0.37459
23	0.01516	0.01252	0.01680	0.01765	0.21701	0.06411	0.05869	0.03497	0.06989	0.12439	0.01372	0.04799	0.01111	0.00610	0.00593	0.00154	0.04252	0.00523	0.00391	0.23076
24	0.01580	0.01387	0.01460	0.01249	0.03949	0.09865	0.04212	0.25241	0.17960	0.02393	0.01854	0.07173	0.06432	0.00761	0.00561	0.00166	0.00571	0.00624	0.00476	0.12084
25	0.06365	0.02604	0.01466	0.04528	0.06865	0.10240	0.02654	0.11590	0.10767	0.15823	0.01537	0.06610	0.01223	0.00689	0.00569	0.00164	0.02706	0.00552	0.00456	0.12592
26	0.01580	0.01498	0.01484	0.03992	0.11095	0.17533	0.01017	0.16562	0.14133	0.02156	0.06554	0.03363	0.01394	0.02792	0.00603	0.00168	0.00623	0.00540	0.00425	0.12488

[dist]
# distance from previous block
# <min> <max>
3	16

[block]
# block no. 1 follows, 42 sequences, length 26
# corresponding to MSA columns:
# 73-98
name=unknown_B
#
# <colnr> <probs for GDERKNQSTAVLIFYWHMCP>
#	G	D	E	R	K	N	Q	S	T	A	V	L	I	F	Y	W	H	M	C	P
0	0.03299	0.01193	0.04823	0.05114	0.01566	0.03475	0.02434	0.14089	0.09937	0.15866	0.09005	0.04851	0.04503	0.00767	0.00629	0.00171	0.04845	0.00617	0.01917	0.10900
1	0.01547	0.08917	0.13035	0.01249	0.03865	0.03678	0.06416	0.06255	0.03759	0.20078	0.07229	0.10330	0.03491	0.00789	0.00600	0.00174	0.02686	0.00664	0.00457	0.04783
2	0.03349	0.05607	0.16344	0.01406	0.05656	0.08024	0.06407	0.16107	0.03566	0.02141	0.11321	0.04275	0.01537	0.00705	0.00627	0.00170	0.05183	0.00568	0.00392	0.06612
3	0.04898	0.02826	0.08376	0.03118	0.01639	0.05359	0.10459	0.05901	0.01337	0.10775	0.06029	0.07552	0.05399	0.03806	0.00714	0.00181	0.04949	0.00631	0.00405	0.15644
4	0.03260	0.07793	0.35621	0.01377	0.01975	0.03382	0.06356	0.09883	0.01402	0.08292	0.03506	0.01474	0.03237	0.00605	0.00565	0.00167	0.02806	0.00479	0.00348	0.07472
5	0.05406	0.08056	0.10640	0.01060	0.01500	0.07427	0.00961	0.10772	0.03253	0.20155	0.07307	0.01875	0.06637	0.00688	0.00524	0.00157	0.00552	0.00538	0.00467	0.12025
6	0.01681	0.01440	0.04117	0.01747	0.05020	0.01433	0.29066	0.24972	0.03936	0.10048	0.01333	0.01510	0.00977	0.00720	0.03208	0.00204	0.04831	0.00572	0.00422	0.02760
7	0.02055	0.01006	0.01281	0.00962	0.01420	0.00852	0.00787	0.06276	0.01521	0.48157	0.01769	0.01637	0.01184	0.00603	0.00516	0.00144	0.00466	0.00486	0.00569	0.28310
8	0.01536	0.76439	0.02877	0.00989	0.01460	0.06235	0.00970	0.01715	0.01167	0.01327	0.00787	0.00909	0.00722	0.00487	0.00369	0.00122	0.00624	0.00304	0.00243	0.00719
9	0.00759	0.00574	0.00701	0.00669	0.00818	0.00515	0.00502	0.00990	0.01506	0.02049	0.56490	0.04545	0.25364	0.01228	0.00664	0.00181	0.00271	0.01066	0.00592	0.00515
10	0.00686	0.00490	0.00653	0.00784	0.00816	0.00457	0.00522	0.00784	0.01077	0.01437	0.03102	0.79855	0.03722	0.01763	0.00718	0.00229	0.00326	0.01600	0.00522	0.00457
11	0.01171	0.01014	0.01199	0.00871	0.01342	0.00806	0.00699	0.01413	0.01149	0.01806	0.00985	0.01171	0.00828	0.00449	0.00499	0.00093	0.04949	0.00343	0.00328	0.78885
12	0.01129	0.02911	0.77306	0.01604	0.02436	0.01307	0.02079	0.01782	0.01188	0.01782	0.01010	0.01188	0.00713	0.00535	0.00535	0.00178	0.00832	0.00416	0.00238	0.00832
13	0.00713	0.00572	0.00637	0.00620	0.00790	0.00495	0.00465	0.00900	0.01396	0.01789	0.31515	0.04973	0.50502	0.01325	0.00665	0.00185	0.00278	0.01126	0.00558	0.00495
14	0.00686	0.00490	0.00653	0.00784	0.00816	0.00457	0.00522	0.00784	0.01077	0.01437	0.03102	0.79855	0.03722	0.01763	0.00718	0.00229	0.00326	0.01600	0.00522	0.00457
15	0.01107	0.01039	0.01752	0.64938	0.14772	0.01244	0.01566	0.01473	0.01154	0.01506	0.01074	0.01643	0.00853	0.00586	0.00569	0.00187	0.00730	0.02880	0.00263	0.00662
16	0.01231	0.01231	0.01724	0.01477	0.01477	0.01724	0.01231	0.01354	0.00862	0.01354	0.00739	0.01231	0.00739	0.00985	0.01847	0.00246	0.79192	0.00492	0.00246	0.00616
17	0.02137	0.01637	0.01684	0.01303	0.01745	0.05944	0.01071	0.70836	0.02588	0.03427	0.01325	0.01333	0.00944	0.00670	0.00560	0.00168	0.00641	0.00499	0.00548	0.00940
18	0.00694	0.00509	0.00651	0.00746	0.00811	0.00467	0.00510	0.00814	0.01157	0.01529	0.10662	0.61941	0.14132	0.01655	0.00705	0.00218	0.00315	0.01485	0.00532	0.00467
19	0.01167	0.01000	0.01167	0.00834	0.01334	0.00750	0.00667	0.01417	0.01167	0.01834	0.01000	0.01167	0.00834	0.00417	0.00417	0.00083	0.00417	0.00333	0.00333	0.83663
20	0.01511	0.01142	0.01245	0.01020	0.01357	0.01181	0.00812	0.40485	0.01968	0.02625	0.02464	0.14503	0.16560	0.00970	0.00592	0.00173	0.00484	0.00797	0.00524	0.09587
21	0.01342	0.01323	0.02128	0.19601	0.48089	0.04587	0.05813	0.01727	0.04119	0.01734	0.01080	0.01430	0.00878	0.00542	0.00604	0.00175	0.03228	0.00510	0.00283	0.00807
22	0.13512	0.00760	0.00797	0.00731	0.00978	0.00721	0.00567	0.05441	0.01315	0.10145	0.03724	0.10992	0.38664	0.02899	0.00648	0.00194	0.00370	0.03107	0.00506	0.03929
23	0.01125	0.00850	0.00969	0.00984	0.05314	0.04868	0.00648	0.03731	0.09904	0.05942	0.04620	0.04379	0.01852	0.37603	0.14375	0.00465	0.00707	0.00718	0.00398	0.00547
24	0.13856	0.01152	0.03046	0.18987	0.02109	0.01239	0.08829	0.05850	0.05159	0.08583	0.01175	0.01434	0.00904	0.00811	0.04934	0.00218	0.10351	0.00485	0.00355	0.10525
25	0.01467	0.05445	0.07708	0.06899	0.05643	0.01206	0.13395	0.13791	0.01505	0.08477	0.05620	0.01522	0.01150	0.00563	0.00533	0.00149	0.00614	0.00502	0.00390	0.23420

[dist]
# distance from previous block
# <min> <max>
5	13

[block]
# block no. 2 follows, 42 sequences, length 14
# corresponding to MSA columns:
# 114-127
name=unknown_C
#
# <colnr> <probs for GDERKNQSTAVLIFYWHMCP>
#	G	D	E	R	K	N	Q	S	T	A	V	L	I	F	Y	W	H	M	C	P
0	0.00854	0.00619	0.00764	0.00823	0.00910	0.00607	0.00572	0.09151	0.01256	0.01666	0.02999	0.63841	0.07448	0.04657	0.00781	0.00232	0.00366	0.01423	0.00520	0.00510
1	0.01919	0.05606	0.01592	0.01184	0.01575	0.01543	0.00971	0.55631	0.02248	0.07234	0.01482	0.05356	0.01176	0.04076	0.05563	0.00231	0.00649	0.00571	0.00526	0.00867
2	0.09437	0.04382	0.01546	0.04933	0.04851	0.08042	0.06381	0.11263	0.23267	0.11633	0.01604	0.01743	0.01231	0.06382	0.00706	0.00202	0.00595	0.00546	0.00463	0.00792
3	0.08992	0.01156	0.01307	0.01050	0.01418	0.01207	0.00842	0.26122	0.11520	0.27753	0.03351	0.01892	0.01373	0.08525	0.00776	0.00211	0.00519	0.00568	0.00570	0.00849
4	0.02098	0.01499	0.01624	0.01261	0.01698	0.01649	0.01036	0.63191	0.09278	0.08590	0.01498	0.01459	0.01057	0.00685	0.00564	0.00171	0.00593	0.00523	0.00573	0.00951
5	0.01326	0.01269	0.02163	0.18784	0.61906	0.01319	0.01694	0.01668	0.01250	0.01757	0.01047	0.01415	0.00863	0.00514	0.00558	0.00171	0.00685	0.00501	0.00273	0.00837
6	0.00978	0.00489	0.00733	0.00733	0.00733	0.00489	0.00489	0.00733	0.00733	0.00978	0.00978	0.01711	0.00978	0.01955	0.02199	0.83627	0.00489	0.00489	0.00244	0.00244
7	0.01541	0.06370	0.01132	0.00881	0.01144	0.02488	0.00695	0.01774	0.03042	0.31251	0.24131	0.18176	0.02961	0.01029	0.00610	0.00182	0.00405	0.00885	0.00595	0.00707
8	0.00689	0.00502	0.00649	0.00759	0.00812	0.00462	0.00513	0.00799	0.01122	0.01483	0.06802	0.68856	0.11077	0.01701	0.00710	0.00222	0.00319	0.01531	0.00527	0.00462
9	0.01232	0.01266	0.05512	0.10208	0.09967	0.03891	0.04466	0.01507	0.01137	0.01672	0.00956	0.01254	0.00802	0.00572	0.00758	0.00149	0.16481	0.00423	0.00292	0.37456
10	0.03149	0.04441	0.01642	0.07309	0.01801	0.06768	0.05665	0.28258	0.08778	0.03489	0.01264	0.01421	0.00974	0.00816	0.04049	0.02528	0.04467	0.00487	0.00421	0.12272
11	0.12754	0.42843	0.04523	0.01042	0.01477	0.01874	0.00965	0.13191	0.10771	0.01977	0.01067	0.01143	0.00869	0.00569	0.00465	0.00149	0.02822	0.00385	0.00347	0.00765
12	0.10168	0.01228	0.04007	0.04005	0.01542	0.01131	0.00858	0.23734	0.01595	0.02391	0.01268	0.03260	0.03029	0.00578	0.00478	0.00133	0.00502	0.00447	0.00408	0.39238
13	0.01874	0.03837	0.03803	0.01670	0.14896	0.30763	0.01160	0.09843	0.05266	0.12013	0.01211	0.01312	0.00925	0.00604	0.00577	0.00158	0.03790	0.00447	0.00384	0.05467

[dist]
# distance from previous block
# <min> <max>
3	8

[block]
# block no. 3 follows, 42 sequences, length 24
# corresponding to MSA columns:
# 136-159
name=unknown_D
#
# <colnr> <probs for GDERKNQSTAVLIFYWHMCP>
#	G	D	E	R	K	N	Q	S	T	A	V	L	I	F	Y	W	H	M	C	P
0	0.00972	0.00762	0.00828	0.00765	0.00939	0.05370	0.00571	0.03714	0.01492	0.04641	0.43800	0.08153	0.16101	0.05510	0.00763	0.00197	0.00359	0.00969	0.00553	0.03541
1	0.01919	0.01437	0.01583	0.01253	0.01634	0.01611	0.01026	0.60742	0.04438	0.03155	0.01433	0.04987	0.01120	0.00964	0.05433	0.00222	0.05064	0.00565	0.00527	0.00885
2	0.01642	0.05544	0.01455	0.05725	0.01617	0.01133	0.00867	0.20762	0.01617	0.13819	0.01267	0.01336	0.00941	0.00540	0.00484	0.00128	0.00510	0.00423	0.00439	0.39753
3	0.01481	0.66626	0.10429	0.01104	0.01617	0.04831	0.04140	0.01720	0.01172	0.01392	0.00823	0.00961	0.00727	0.00490	0.00396	0.00130	0.00654	0.00330	0.00244	0.00732
4	0.01883	0.06006	0.01293	0.01014	0.03870	0.00884	0.00790	0.05401	0.01579	0.44032	0.19518	0.07166	0.02376	0.00848	0.00585	0.00174	0.00440	0.00714	0.00618	0.00809
5	0.00749	0.00576	0.00772	0.05132	0.01041	0.00579	0.00636	0.00884	0.01116	0.01466	0.03185	0.55949	0.12297	0.01600	0.00760	0.00225	0.03948	0.08107	0.00494	0.00482
6	0.02102	0.02682	0.01595	0.01450	0.01740	0.77963	0.01087	0.02247	0.01595	0.01377	0.00870	0.01015	0.00725	0.00580	0.00507	0.00145	0.01015	0.00362	0.00290	0.00652
7	0.01167	0.01000	0.01167	0.00834	0.01334	0.00750	0.00667	0.01417	0.01167	0.01834	0.01000	0.01167	0.00834	0.00417	0.00417	0.00083	0.00417	0.00333	0.00333	0.83663
8	0.00719	0.00536	0.00719	0.00827	0.00857	0.00535	0.00566	0.00819	0.01064	0.01432	0.02956	0.74991	0.03538	0.01715	0.00788	0.00230	0.05206	0.01531	0.00505	0.00467
9	0.01076	0.01014	0.01712	0.75779	0.06861	0.01254	0.01570	0.01450	0.01132	0.01454	0.01003	0.01496	0.00756	0.00560	0.00562	0.00187	0.00747	0.00500	0.00251	0.00636
10	0.11434	0.04405	0.01401	0.01032	0.01462	0.01124	0.00859	0.17509	0.01734	0.50475	0.01822	0.01646	0.01188	0.00664	0.00533	0.00171	0.00508	0.00514	0.00611	0.00909
11	0.00842	0.00654	0.00958	0.00936	0.01021	0.00783	0.00727	0.01024	0.00895	0.01297	0.01457	0.02218	0.01389	0.08745	0.66586	0.00824	0.08235	0.00607	0.00299	0.00502
12	0.00755	0.00550	0.00711	0.00721	0.00828	0.00505	0.00521	0.00962	0.01419	0.01964	0.49913	0.26695	0.09656	0.01351	0.00680	0.00193	0.00285	0.01202	0.00584	0.00505
13	0.02169	0.01528	0.01659	0.01272	0.01721	0.01674	0.01051	0.69262	0.02566	0.09233	0.01418	0.01395	0.00991	0.00677	0.00563	0.00169	0.00608	0.00511	0.00573	0.00957
14	0.00710	0.00506	0.00674	0.00800	0.00841	0.00477	0.00551	0.00819	0.01088	0.01447	0.03045	0.70616	0.03621	0.04452	0.00798	0.00242	0.00351	0.07987	0.00516	0.00459
15	0.01167	0.01000	0.01167	0.00834	0.01334	0.00750	0.00667	0.01417	0.01167	0.01834	0.01000	0.01167	0.00834	0.00417	0.00417	0.00083	0.00417	0.00333	0.00333	0.83663
16	0.01328	0.01518	0.03321	0.02372	0.02941	0.01423	0.74668	0.01803	0.01328	0.01803	0.01139	0.01518	0.00854	0.00474	0.00664	0.00190	0.00949	0.00664	0.00285	0.00759
17	0.01190	0.00660	0.00876	0.00778	0.00977	0.00596	0.00599	0.01438	0.01579	0.19424	0.56750	0.06379	0.04353	0.01068	0.00643	0.00178	0.00317	0.00935	0.00634	0.00626
18	0.01400	0.01209	0.01273	0.01145	0.01463	0.01400	0.00891	0.02990	0.75695	0.02354	0.02291	0.02100	0.01718	0.00764	0.00573	0.00191	0.00445	0.00636	0.00573	0.00891
19	0.00823	0.00551	0.00630	0.00637	0.00644	0.00551	0.00372	0.00838	0.00845	0.01124	0.01840	0.03830	0.02112	0.75871	0.02749	0.00530	0.00544	0.04807	0.00351	0.00351
20	0.84197	0.01088	0.00827	0.00740	0.01088	0.01262	0.00609	0.01654	0.00958	0.02525	0.00784	0.00914	0.00609	0.00522	0.00348	0.00174	0.00435	0.00305	0.00348	0.00609
21	0.01207	0.00999	0.01232	0.09774	0.01629	0.00810	0.00776	0.01470	0.01179	0.04667	0.01047	0.01234	0.00845	0.00444	0.00439	0.00099	0.00457	0.00361	0.00338	0.70993
22	0.01362	0.01338	0.02126	0.18824	0.57893	0.05280	0.01660	0.01695	0.01266	0.01732	0.01037	0.01395	0.00854	0.00518	0.00556	0.00170	0.00703	0.00494	0.00273	0.00824
23	0.01063	0.01000	0.01688	0.78870	0.03876	0.01250	0.01563	0.01438	0.01125	0.01438	0.01000	0.01500	0.00750	0.00563	0.00563	0.00188	0.00750	0.00500	0.00250	0.00625

[dist]
# distance from previous block
# <min> <max>
0	47

[block]
# block no. 4 follows, 42 sequences, length 23
# corresponding to MSA columns:
# 207-229
name=unknown_E
#
# <colnr> <probs for GDERKNQSTAVLIFYWHMCP>
#	G	D	E	R	K	N	Q	S	T	A	V	L	I	F	Y	W	H	M	C	P
0	0.00978	0.00489	0.00733	0.00733	0.00733	0.00489	0.00489	0.00733	0.00733	0.00978	0.00978	0.01711	0.00978	0.01955	0.02199	0.83627	0.00489	0.00489	0.00244	0.00244
1	0.01350	0.05882	0.29814	0.01962	0.04781	0.04362	0.36575	0.01846	0.01290	0.05094	0.01110	0.01363	0.00817	0.00511	0.00589	0.00179	0.00863	0.00536	0.00284	0.00792
2	0.00702	0.00506	0.00657	0.00767	0.00816	0.00471	0.00521	0.00809	0.01103	0.01461	0.05511	0.66197	0.08737	0.05378	0.00815	0.00240	0.00339	0.03995	0.00517	0.00457
3	0.01167	0.01000	0.01167	0.00834	0.01334	0.00750	0.00667	0.01417	0.01167	0.01834	0.01000	0.01167	0.00834	0.00417	0.00417	0.00083	0.00417	0.00333	0.00333	0.83663
4	0.01649	0.10433	0.14488	0.01362	0.01801	0.25908	0.04980	0.11268	0.13977	0.01914	0.01270	0.03755	0.01022	0.00631	0.00526	0.00162	0.00752	0.00482	0.00366	0.03253
5	0.03157	0.04753	0.22642	0.01300	0.01827	0.01283	0.06112	0.13154	0.14396	0.14790	0.04718	0.01626	0.01250	0.00635	0.00547	0.00171	0.00615	0.00524	0.00450	0.06049
6	0.05120	0.02318	0.48618	0.01755	0.04205	0.01337	0.18345	0.01791	0.01209	0.04418	0.01058	0.01282	0.00769	0.00549	0.00625	0.00184	0.04871	0.00478	0.00271	0.00800
7	0.01565	0.01609	0.01516	0.01275	0.01533	0.22883	0.01016	0.10929	0.03577	0.01774	0.01028	0.03594	0.00903	0.00725	0.00925	0.00170	0.25407	0.00461	0.00336	0.18774
8	0.06817	0.01589	0.01593	0.01330	0.03930	0.10446	0.01048	0.50234	0.04361	0.02921	0.01259	0.01349	0.00943	0.00855	0.04694	0.00210	0.04597	0.00486	0.00481	0.00856
9	0.00808	0.00591	0.00753	0.00731	0.00838	0.00586	0.00528	0.01035	0.03440	0.01779	0.38672	0.05483	0.08867	0.17503	0.15535	0.00389	0.00561	0.00915	0.00494	0.00493
10	0.01403	0.01098	0.01420	0.01188	0.01478	0.01154	0.08964	0.30898	0.06466	0.02463	0.08465	0.26021	0.02289	0.01061	0.00638	0.00194	0.00521	0.03028	0.00524	0.00727
11	0.02461	0.00960	0.01300	0.00993	0.01432	0.00824	0.00820	0.02681	0.01590	0.73586	0.02163	0.01880	0.01367	0.00683	0.00559	0.00170	0.00476	0.00555	0.00680	0.04821
12	0.02160	0.01544	0.01669	0.01279	0.01729	0.01697	0.01057	0.71031	0.02591	0.07428	0.01397	0.01381	0.00980	0.00677	0.00563	0.00169	0.00612	0.00510	0.00570	0.00957
13	0.01400	0.01209	0.01273	0.01145	0.01463	0.01400	0.00891	0.02990	0.75695	0.02354	0.02291	0.02100	0.01718	0.00764	0.00573	0.00191	0.00445	0.00636	0.00573	0.00891
14	0.02525	0.00958	0.01306	0.01001	0.01437	0.00827	0.00827	0.02743	0.01611	0.77102	0.02220	0.01915	0.01393	0.00697	0.00566	0.00174	0.00479	0.00566	0.00697	0.00958
15	0.02102	0.02682	0.01595	0.01450	0.01740	0.77963	0.01087	0.02247	0.01595	0.01377	0.00870	0.01015	0.00725	0.00580	0.00507	0.00145	0.01015	0.00362	0.00290	0.00652
16	0.01288	0.22991	0.54627	0.01411	0.02134	0.01525	0.01734	0.01800	0.01195	0.05002	0.01004	0.01146	0.00745	0.00528	0.00491	0.00163	0.00756	0.00393	0.00259	0.00809
17	0.00837	0.00640	0.00894	0.13744	0.01391	0.00666	0.00746	0.04496	0.01195	0.01586	0.05507	0.55450	0.03128	0.01475	0.00687	0.00219	0.00421	0.05921	0.00483	0.00516
18	0.01063	0.01000	0.01688	0.78870	0.03876	0.01250	0.01563	0.01438	0.01125	0.01438	0.01000	0.01500	0.00750	0.00563	0.00563	0.00188	0.00750	0.00500	0.00250	0.00625
19	0.01236	0.01254	0.01972	0.33970	0.11965	0.06513	0.14377	0.01582	0.02993	0.01538	0.01070	0.01574	0.00888	0.05595	0.00886	0.00213	0.10887	0.00542	0.00276	0.00671
20	0.01481	0.75692	0.07611	0.01003	0.01507	0.02169	0.01033	0.01691	0.01146	0.01353	0.00797	0.00921	0.00722	0.00485	0.00372	0.00124	0.00616	0.00308	0.00241	0.00729
21	0.03511	0.01068	0.01765	0.43351	0.26942	0.01213	0.01500	0.01496	0.01166	0.01603	0.01149	0.01749	0.00964	0.00823	0.05421	0.00229	0.00750	0.04323	0.00279	0.00697
22	0.00984	0.00841	0.01114	0.01031	0.01130	0.02727	0.00811	0.02762	0.02597	0.01397	0.01492	0.02139	0.04176	0.09004	0.43467	0.00619	0.20002	0.00602	0.00312	0.02793

[dist]
# distance from previous block
# <min> <max>
0	2

[block]
# block no. 5 follows, 42 sequences, length 17
# corresponding to MSA columns:
# 232-248
name=unknown_F
#
# <colnr> <probs for GDERKNQSTAVLIFYWHMCP>
#	G	D	E	R	K	N	Q	S	T	A	V	L	I	F	Y	W	H	M	C	P
0	0.03212	0.01065	0.01382	0.05821	0.01596	0.00984	0.04546	0.01593	0.04983	0.06155	0.01107	0.01298	0.00890	0.00535	0.00629	0.00128	0.10146	0.00408	0.00349	0.53172
1	0.00883	0.00605	0.00742	0.00740	0.00906	0.00544	0.00576	0.01082	0.01380	0.07365	0.25489	0.12241	0.30885	0.01345	0.00681	0.00200	0.00336	0.12904	0.00563	0.00533
2	0.01923	0.26231	0.02010	0.01294	0.01651	0.51093	0.01049	0.05805	0.01512	0.01473	0.00868	0.00998	0.00736	0.00555	0.00466	0.00139	0.00869	0.00351	0.00289	0.00689
3	0.01365	0.01152	0.01241	0.00927	0.01393	0.05612	0.00739	0.09645	0.01370	0.04569	0.01134	0.03492	0.00944	0.00504	0.00452	0.00104	0.00476	0.00399	0.00374	0.64108
4	0.01577	0.15577	0.60895	0.01720	0.02483	0.01649	0.01981	0.02010	0.01421	0.02056	0.01361	0.01678	0.01089	0.00785	0.00672	0.00239	0.00905	0.00525	0.00375	0.01002
5	0.01393	0.01337	0.02284	0.03454	0.76712	0.01337	0.01727	0.01727	0.01281	0.01839	0.01059	0.01393	0.00891	0.00501	0.00557	0.00167	0.00669	0.00501	0.00279	0.00891
6	0.00689	0.00502	0.00649	0.00758	0.00812	0.00463	0.00513	0.00800	0.01125	0.01487	0.07070	0.68360	0.11306	0.01697	0.00710	0.00222	0.00319	0.01528	0.00527	0.00463
7	0.01366	0.01306	0.02203	0.09481	0.68344	0.01332	0.01686	0.01745	0.03716	0.01823	0.01094	0.01425	0.00907	0.00515	0.00558	0.00170	0.00668	0.00506	0.00286	0.00870
8	0.02368	0.05997	0.05826	0.01044	0.01506	0.00973	0.00917	0.05136	0.01594	0.65502	0.02031	0.01791	0.01297	0.00673	0.00551	0.00171	0.00512	0.00539	0.00637	0.00936
9	0.02198	0.00885	0.01201	0.00946	0.01324	0.00771	0.00771	0.02425	0.01607	0.62963	0.16236	0.02348	0.02133	0.00782	0.00584	0.00175	0.00439	0.00651	0.00682	0.00877
10	0.09493	0.00907	0.01108	0.00907	0.01255	0.00850	0.00731	0.05579	0.04887	0.43913	0.09055	0.05694	0.11454	0.00861	0.00574	0.00179	0.00430	0.00705	0.00616	0.00802
11	0.01482	0.04396	0.34611	0.01436	0.06218	0.01093	0.03954	0.01912	0.01347	0.21535	0.06844	0.02150	0.01497	0.00722	0.00578	0.00183	0.00653	0.08161	0.00418	0.00808
12	0.84197	0.01088	0.00827	0.00740	0.01088	0.01262	0.00609	0.01654	0.00958	0.02525	0.00784	0.00914	0.00609	0.00522	0.00348	0.00174	0.00435	0.00305	0.00348	0.00609
13	0.00755	0.00544	0.00747	0.00832	0.00891	0.00553	0.00601	0.00891	0.01036	0.01403	0.02551	0.43898	0.02907	0.09081	0.21395	0.00438	0.00681	0.09881	0.00448	0.00467
14	0.01984	0.01430	0.01823	0.01464	0.04967	0.01516	0.10454	0.44357	0.09870	0.13940	0.01537	0.01535	0.01084	0.00655	0.00577	0.00175	0.00625	0.00549	0.00536	0.00922
15	0.01343	0.01644	0.08829	0.05297	0.02545	0.07585	0.44795	0.01730	0.01234	0.01660	0.01019	0.01392	0.00804	0.00596	0.00878	0.00197	0.16881	0.00578	0.00272	0.00722
16	0.00695	0.00571	0.00611	0.00601	0.00778	0.00488	0.00451	0.00865	0.01353	0.01686	0.21619	0.05143	0.60462	0.01363	0.00665	0.00187	0.00281	0.01149	0.00544	0.00488

[dist]
# distance from previous block
# <min> <max>
0	5

[block]
# block no. 6 follows, 42 sequences, length 30
# corresponding to MSA columns:
# 254-283
name=unknown_G
#
# <colnr> <probs for GDERKNQSTAVLIFYWHMCP>
#	G	D	E	R	K	N	Q	S	T	A	V	L	I	F	Y	W	H	M	C	P
0	0.70331	0.01066	0.00908	0.00784	0.01147	0.01189	0.00646	0.01839	0.01069	0.15186	0.01027	0.01084	0.00742	0.00552	0.00385	0.00174	0.00443	0.00349	0.00407	0.00669
1	0.01430	0.01312	0.02195	0.03244	0.69945	0.01313	0.01656	0.03942	0.01332	0.03920	0.01162	0.01568	0.00984	0.00546	0.00565	0.00170	0.00657	0.02871	0.00306	0.00883
2	0.02525	0.00958	0.01306	0.01001	0.01437	0.00827	0.00827	0.02743	0.01611	0.77102	0.02220	0.01915	0.01393	0.00697	0.00566	0.00174	0.00479	0.00566	0.00697	0.00958
3	0.00814	0.00544	0.00615	0.00619	0.00620	0.00543	0.00347	0.00817	0.00826	0.01102	0.01814	0.06045	0.02098	0.77789	0.02798	0.00536	0.00539	0.00843	0.00347	0.00345
4	0.02011	0.00840	0.01122	0.00910	0.01249	0.00733	0.00727	0.02212	0.01518	0.55400	0.10716	0.08316	0.06870	0.03854	0.00681	0.00193	0.00434	0.00743	0.00650	0.00819
5	0.01420	0.00716	0.00920	0.00793	0.01049	0.00629	0.00621	0.01635	0.01515	0.30449	0.30620	0.06427	0.18778	0.01059	0.00629	0.00181	0.00353	0.00904	0.00625	0.00678
6	0.08736	0.00968	0.01270	0.00981	0.01410	0.00860	0.00811	0.02660	0.01561	0.71430	0.02111	0.01839	0.01333	0.00683	0.00549	0.00174	0.00476	0.00546	0.00670	0.00931
7	0.01400	0.01209	0.01273	0.01145	0.01463	0.01400	0.00891	0.02990	0.75695	0.02354	0.02291	0.02100	0.01718	0.00764	0.00573	0.00191	0.00445	0.00636	0.00573	0.00891
8	0.01606	0.00846	0.01038	0.00880	0.01179	0.00795	0.00698	0.04393	0.10884	0.32986	0.14388	0.03201	0.18258	0.03484	0.00682	0.00194	0.00408	0.02723	0.00611	0.00748
9	0.00707	0.00549	0.00647	0.00698	0.00822	0.00489	0.00512	0.00857	0.01246	0.01584	0.12106	0.31200	0.37459	0.01524	0.00693	0.00208	0.00317	0.07371	0.00532	0.00478
10	0.00779	0.00575	0.00728	0.00689	0.00830	0.00523	0.00517	0.01028	0.01551	0.02157	0.66882	0.04367	0.14905	0.01188	0.00664	0.00179	0.00268	0.01041	0.00606	0.00523
11	0.00811	0.00543	0.00616	0.00623	0.00625	0.00541	0.00351	0.00817	0.00832	0.01110	0.01844	0.07732	0.02135	0.76052	0.02750	0.00529	0.00534	0.00860	0.00351	0.00347
12	0.84197	0.01088	0.00827	0.00740	0.01088	0.01262	0.00609	0.01654	0.00958	0.02525	0.00784	0.00914	0.00609	0.00522	0.00348	0.00174	0.00435	0.00305	0.00348	0.00609
13	0.72687	0.01157	0.00948	0.00818	0.01180	0.01330	0.00674	0.11919	0.01195	0.02668	0.00863	0.00975	0.00658	0.00544	0.00378	0.00173	0.00461	0.00333	0.00378	0.00658
14	0.02409	0.01018	0.01327	0.01026	0.01448	0.00931	0.00842	0.10051	0.03931	0.65430	0.02122	0.01908	0.01375	0.02703	0.00624	0.00183	0.00494	0.00568	0.00670	0.00940
15	0.01706	0.01137	0.01281	0.01098	0.01446	0.01234	0.00869	0.06215	0.50112	0.21969	0.05006	0.02095	0.01732	0.00756	0.00574	0.00185	0.00456	0.00626	0.00606	0.00898
16	0.01005	0.00606	0.00788	0.00826	0.00949	0.00565	0.00595	0.01202	0.04352	0.12832	0.06880	0.53398	0.07687	0.01501	0.00686	0.00215	0.00357	0.04444	0.00555	0.00558
17	0.01058	0.00730	0.00878	0.00835	0.01029	0.00720	0.00641	0.01535	0.15911	0.09394	0.28136	0.13761	0.15330	0.01185	0.00652	0.00194	0.00352	0.06452	0.00582	0.00624
18	0.00773	0.00537	0.00628	0.00665	0.00697	0.00520	0.00413	0.00820	0.00945	0.01240	0.02543	0.22908	0.10099	0.50144	0.02039	0.00421	0.00464	0.03344	0.00410	0.00389
19	0.50783	0.00995	0.00905	0.00812	0.01102	0.01103	0.00640	0.09348	0.01211	0.06338	0.04508	0.13139	0.01427	0.04828	0.00580	0.00201	0.00439	0.00591	0.00427	0.00625
20	0.00840	0.00630	0.00812	0.00855	0.00953	0.00661	0.00630	0.01149	0.09534	0.01534	0.05456	0.29322	0.05117	0.10935	0.20239	0.00428	0.00677	0.09257	0.00456	0.00515
21	0.02004	0.01021	0.01255	0.01032	0.01405	0.01010	0.00829	0.02714	0.28000	0.45257	0.07418	0.02141	0.01782	0.00752	0.00575	0.00180	0.00452	0.00622	0.00647	0.00904
22	0.02209	0.00889	0.01208	0.00957	0.01337	0.00776	0.00784	0.02435	0.01598	0.63247	0.13635	0.02406	0.02052	0.00793	0.00588	0.00177	0.00447	0.02903	0.00679	0.00878
23	0.01967	0.07933	0.01784	0.06497	0.01850	0.07707	0.01104	0.54620	0.02250	0.02945	0.01213	0.01293	0.00895	0.00661	0.00608	0.00168	0.04673	0.00478	0.00479	0.00875
24	0.01389	0.01324	0.02249	0.09376	0.66107	0.01346	0.03957	0.04138	0.01316	0.01862	0.01066	0.01404	0.00881	0.00511	0.00561	0.00170	0.00682	0.00507	0.00286	0.00868
25	0.00690	0.00491	0.00652	0.00778	0.00810	0.00460	0.00517	0.00785	0.01069	0.01426	0.03061	0.77499	0.03670	0.04190	0.00785	0.00238	0.00333	0.01576	0.00517	0.00454
26	0.01257	0.14109	0.35483	0.05048	0.02533	0.01487	0.28713	0.01761	0.01230	0.01706	0.01022	0.01280	0.00768	0.00505	0.00557	0.00174	0.00837	0.00494	0.00256	0.00779
27	0.00722	0.00527	0.00685	0.00782	0.00855	0.00490	0.00559	0.00862	0.01182	0.01563	0.11075	0.54280	0.12300	0.01634	0.00714	0.00222	0.00339	0.10203	0.00532	0.00474
28	0.01213	0.01305	0.04994	0.11755	0.01944	0.03942	0.07923	0.01426	0.00983	0.01426	0.00912	0.03485	0.00851	0.00965	0.03616	0.00246	0.51587	0.00536	0.00260	0.00633
29	0.03959	0.02194	0.01589	0.01364	0.01710	0.46567	0.01059	0.26154	0.06343	0.02175	0.01111	0.01188	0.00858	0.00621	0.00526	0.00156	0.00837	0.00425	0.00398	0.00766

[dist]
# distance from previous block
# <min> <max>
0	60

[block]
# block no. 7 follows, 42 sequences, length 42
# corresponding to MSA columns:
# 344-385
name=unknown_H
#
# <colnr> <probs for GDERKNQSTAVLIFYWHMCP>
#	G	D	E	R	K	N	Q	S	T	A	V	L	I	F	Y	W	H	M	C	P
0	0.07884	0.01122	0.01257	0.01036	0.01385	0.01173	0.00840	0.26268	0.11860	0.14601	0.13356	0.02351	0.03865	0.00812	0.00572	0.00176	0.00479	0.05034	0.00562	0.05368
1	0.05406	0.59455	0.12194	0.01068	0.01582	0.03418	0.01099	0.07312	0.01264	0.01610	0.00857	0.00976	0.00734	0.00507	0.00401	0.00134	0.00632	0.00333	0.00271	0.00748
2	0.01474	0.74340	0.08906	0.01014	0.01524	0.02153	0.01052	0.01693	0.01147	0.01361	0.00801	0.00926	0.00721	0.00486	0.00375	0.00125	0.00620	0.00310	0.00240	0.00731
3	0.00685	0.00561	0.00604	0.00614	0.00778	0.00480	0.00453	0.00838	0.01298	0.01606	0.14638	0.14434	0.58196	0.01431	0.00671	0.00193	0.00288	0.01216	0.00535	0.00480
4	0.01118	0.01061	0.01825	0.57923	0.16170	0.01243	0.05063	0.01481	0.01150	0.01517	0.01045	0.01522	0.00816	0.00751	0.04860	0.00224	0.00788	0.00514	0.00259	0.00670
5	0.01512	0.01347	0.05154	0.01157	0.01505	0.06189	0.00949	0.06855	0.51899	0.07952	0.02247	0.02196	0.04924	0.00782	0.00575	0.00187	0.00509	0.02666	0.00543	0.00852
6	0.01367	0.01310	0.02237	0.09434	0.70937	0.01330	0.01714	0.01704	0.01269	0.01807	0.01054	0.01401	0.00880	0.00506	0.00558	0.00169	0.00675	0.00501	0.00276	0.00870
7	0.79573	0.01060	0.00823	0.00738	0.01075	0.01222	0.00605	0.01621	0.00993	0.02510	0.04977	0.01097	0.00870	0.00557	0.00366	0.00174	0.00426	0.00344	0.00363	0.00605
8	0.01268	0.01210	0.02059	0.31979	0.49162	0.01304	0.01665	0.01618	0.01222	0.01687	0.01037	0.01434	0.00838	0.00525	0.00559	0.00175	0.00699	0.00501	0.00268	0.00791
9	0.01495	0.68445	0.10849	0.01048	0.01565	0.02105	0.01088	0.05217	0.01221	0.01480	0.00834	0.00955	0.00733	0.00497	0.00389	0.00129	0.00627	0.00323	0.00256	0.00745
10	0.00946	0.00624	0.00777	0.00813	0.00934	0.00596	0.00586	0.03509	0.04633	0.08090	0.05187	0.46457	0.12633	0.05867	0.00808	0.00233	0.00372	0.05863	0.00533	0.00538
11	0.00855	0.00584	0.00720	0.00692	0.00832	0.00529	0.00505	0.01048	0.01400	0.06051	0.42286	0.11722	0.20341	0.08872	0.00876	0.00220	0.00315	0.01068	0.00566	0.00517
12	0.01294	0.01767	0.16674	0.06435	0.02846	0.03260	0.54266	0.01782	0.01290	0.01760	0.01094	0.01439	0.00817	0.00502	0.00652	0.00187	0.02302	0.00599	0.00274	0.00760
13	0.01167	0.01000	0.01167	0.00834	0.01334	0.00750	0.00667	0.01417	0.01167	0.01834	0.01000	0.01167	0.00834	0.00417	0.00417	0.00083	0.00417	0.00333	0.00333	0.83663
14	0.07519	0.01243	0.01885	0.22030	0.36216	0.03221	0.03841	0.01770	0.09130	0.01807	0.01209	0.01508	0.02036	0.00580	0.00597	0.00179	0.03630	0.00512	0.00311	0.00775
15	0.01117	0.00640	0.00825	0.00814	0.00936	0.00613	0.00583	0.03290	0.01174	0.14946	0.05240	0.30966	0.02680	0.22456	0.05543	0.00339	0.00497	0.06303	0.00498	0.00540
16	0.01233	0.22585	0.47801	0.01527	0.05914	0.01512	0.04031	0.01721	0.01192	0.01663	0.01067	0.01422	0.00869	0.00574	0.00509	0.00168	0.00751	0.04419	0.00258	0.00787
17	0.07524	0.01090	0.01123	0.01072	0.01320	0.07101	0.00878	0.11110	0.19683	0.02145	0.05832	0.03703	0.05307	0.01070	0.00636	0.00209	0.00525	0.28479	0.00511	0.00682
18	0.00733	0.00569	0.00647	0.00669	0.00804	0.00510	0.00495	0.00881	0.01242	0.01569	0.13766	0.12486	0.41661	0.11910	0.00976	0.00247	0.00348	0.09508	0.00510	0.00468
19	0.05502	0.01215	0.02031	0.28720	0.46759	0.01306	0.03137	0.01627	0.01213	0.01738	0.01027	0.01407	0.00829	0.00523	0.00551	0.00175	0.00690	0.00494	0.00273	0.00785
20	0.01192	0.04053	0.65080	0.01707	0.04556	0.03837	0.08256	0.01796	0.01215	0.01765	0.01014	0.01212	0.00731	0.00529	0.00543	0.00177	0.00839	0.00436	0.00245	0.00819
21	0.01315	0.01481	0.03166	0.05574	0.04755	0.01425	0.67017	0.01769	0.01301	0.01771	0.01116	0.01503	0.00846	0.00498	0.00702	0.00191	0.03890	0.00647	0.00282	0.00751
22	0.00745	0.00541	0.00687	0.00749	0.00830	0.00505	0.00534	0.00892	0.01210	0.01615	0.19320	0.38012	0.12779	0.10140	0.00941	0.00250	0.00352	0.08903	0.00523	0.00469
23	0.06161	0.01081	0.07203	0.00967	0.01299	0.02113	0.02000	0.10954	0.05400	0.18529	0.19662	0.05014	0.13423	0.01000	0.02493	0.00197	0.00479	0.00762	0.00545	0.00720
24	0.01167	0.01000	0.01167	0.00834	0.01334	0.00750	0.00667	0.01417	0.01167	0.01834	0.01000	0.01167	0.00834	0.00417	0.00417	0.00083	0.00417	0.00333	0.00333	0.83663
25	0.00722	0.00518	0.00666	0.00765	0.00816	0.00487	0.00524	0.00829	0.01093	0.01443	0.05220	0.56660	0.08900	0.11513	0.00986	0.00266	0.00365	0.07274	0.00502	0.00451
26	0.01127	0.01066	0.01803	0.64257	0.17988	0.01267	0.01595	0.01494	0.01156	0.01515	0.01012	0.01480	0.00778	0.00551	0.00562	0.00184	0.00734	0.00500	0.00256	0.00677
27	0.01342	0.04051	0.01206	0.01055	0.04113	0.02785	0.00796	0.09598	0.30538	0.07660	0.08628	0.02931	0.21100	0.00925	0.00592	0.00182	0.00437	0.00766	0.00542	0.00756
28	0.00978	0.00489	0.00733	0.00733	0.00733	0.00489	0.00489	0.00733	0.00733	0.00978	0.00978	0.01711	0.00978	0.01955	0.02199	0.83627	0.00489	0.00489	0.00244	0.00244
29	0.02269	0.00914	0.01233	0.00967	0.01359	0.00803	0.00790	0.02529	0.03551	0.65334	0.11945	0.02220	0.01915	0.00758	0.00579	0.00175	0.00450	0.00627	0.00683	0.00900
30	0.03077	0.10674	0.66103	0.01540	0.02318	0.01402	0.03836	0.01770	0.01182	0.01754	0.00985	0.01162	0.00715	0.00527	0.00516	0.00173	0.00802	0.00408	0.00242	0.00814
31	0.11589	0.11199	0.19139	0.01567	0.10202	0.32460	0.01315	0.03364	0.01359	0.01696	0.00912	0.01079	0.00731	0.00545	0.00485	0.00156	0.00810	0.00379	0.00283	0.00729
32	0.01019	0.00811	0.01105	0.01298	0.11039	0.00830	0.00929	0.01494	0.13203	0.01886	0.13786	0.06102	0.05803	0.01229	0.00693	0.00221	0.00476	0.36940	0.00511	0.00626
33	0.02099	0.01501	0.01684	0.01296	0.01741	0.01638	0.03392	0.62108	0.07070	0.09453	0.01474	0.01449	0.01037	0.00676	0.00567	0.00171	0.00607	0.00525	0.00566	0.00947
34	0.01266	0.01285	0.04966	0.29682	0.46336	0.01308	0.03775	0.01630	0.01225	0.01695	0.01039	0.01426	0.00834	0.00523	0.00561	0.00175	0.00711	0.00502	0.00267	0.00792
35	0.01385	0.01386	0.04616	0.03397	0.74403	0.01336	0.01738	0.01729	0.01279	0.01837	0.01057	0.01386	0.00886	0.00502	0.00556	0.00167	0.00674	0.00499	0.00277	0.00890
36	0.00966	0.00489	0.00730	0.00735	0.00736	0.00488	0.00490	0.00735	0.00746	0.00995	0.01058	0.04664	0.01081	0.01948	0.02143	0.80475	0.00483	0.00531	0.00255	0.00252
37	0.01222	0.01220	0.01729	0.14651	0.03734	0.02965	0.01297	0.01393	0.00930	0.01381	0.00793	0.01277	0.00744	0.00894	0.01574	0.00233	0.62598	0.00492	0.00248	0.00625
38	0.00781	0.00585	0.00719	0.02762	0.00904	0.00570	0.00541	0.00980	0.04930	0.01527	0.10974	0.31909	0.15939	0.17326	0.02710	0.00292	0.00409	0.05178	0.00487	0.00476
39	0.01183	0.04481	0.64226	0.01725	0.07313	0.02854	0.03961	0.01770	0.01193	0.01752	0.00998	0.01202	0.00730	0.00548	0.00585	0.00178	0.03810	0.00428	0.00243	0.00819
40	0.13178	0.03056	0.01748	0.24500	0.22793	0.09684	0.03312	0.05876	0.01325	0.05701	0.03006	0.01405	0.00931	0.00566	0.00526	0.00172	0.00681	0.00475	0.00327	0.00738
41	0.10232	0.22602	0.29649	0.01515	0.10607	0.07150	0.03187	0.01722	0.01201	0.01706	0.01164	0.01319	0.04592	0.00563	0.00480	0.00160	0.00699	0.00425	0.00275	0.00753

[dist]
# distance from previous block
# <min> <max>
0	3

[block]
# block no. 8 follows, 42 sequences, length 6
# corresponding to MSA columns:
# 389-394
name=unknown_I
#
# <colnr> <probs for GDERKNQSTAVLIFYWHMCP>
#	G	D	E	R	K	N	Q	S	T	A	V	L	I	F	Y	W	H	M	C	P
0	0.01471	0.26701	0.29938	0.01381	0.04830	0.06445	0.01415	0.06779	0.07177	0.05079	0.01101	0.01212	0.00850	0.00566	0.00522	0.00160	0.02847	0.00412	0.00312	0.00801
1	0.01292	0.00828	0.00961	0.00828	0.01087	0.00795	0.00650	0.15673	0.01678	0.14364	0.23355	0.06970	0.27055	0.01101	0.00631	0.00181	0.00378	0.00926	0.00585	0.00662
2	0.08086	0.01346	0.02330	0.03064	0.58936	0.01345	0.13159	0.01733	0.01263	0.01888	0.01049	0.01374	0.00863	0.00499	0.00557	0.00171	0.00694	0.00511	0.00285	0.00848
3	0.01281	0.11530	0.48152	0.01810	0.10850	0.06004	0.09166	0.01795	0.01232	0.01714	0.00994	0.01202	0.00749	0.00521	0.00529	0.00169	0.00809	0.00434	0.00251	0.00808
4	0.01471	0.01509	0.02134	0.09298	0.59690	0.12667	0.01619	0.01781	0.01315	0.01738	0.01026	0.01346	0.00855	0.00518	0.00550	0.00166	0.00726	0.00481	0.00278	0.00834
5	0.01466	0.01093	0.01228	0.00941	0.01366	0.01016	0.00756	0.18080	0.08918	0.06261	0.01367	0.01447	0.01048	0.00551	0.00470	0.00123	0.00451	0.00436	0.09949	0.43031

[dist]
# distance from previous block
# <min> <max>
0	1

[block]
# block no. 9 follows, 42 sequences, length 12
# corresponding to MSA columns:
# 396-403,420-423
name=unknown_J
#
# <colnr> <probs for GDERKNQSTAVLIFYWHMCP>
#	G	D	E	R	K	N	Q	S	T	A	V	L	I	F	Y	W	H	M	C	P
0	0.00703	0.00553	0.00622	0.00666	0.00793	0.00490	0.00482	0.00830	0.01188	0.01473	0.04457	0.24903	0.45053	0.08539	0.00884	0.00237	0.00337	0.06822	0.00506	0.00462
1	0.00743	0.00583	0.00672	0.00674	0.00826	0.00524	0.00504	0.00956	0.03018	0.01764	0.27703	0.11700	0.39357	0.03479	0.00733	0.00203	0.00306	0.05207	0.00549	0.00499
2	0.01317	0.01259	0.02129	0.12876	0.63973	0.01286	0.01646	0.01648	0.01262	0.01773	0.01266	0.01592	0.04367	0.00552	0.00563	0.00171	0.00661	0.00533	0.00286	0.00838
3	0.01253	0.06678	0.67829	0.01526	0.02310	0.01317	0.01929	0.01850	0.01218	0.07437	0.01090	0.01229	0.00765	0.00544	0.00528	0.00175	0.00794	0.00421	0.00272	0.00836
4	0.00698	0.00499	0.00645	0.00757	0.00794	0.00467	0.00500	0.00788	0.01061	0.01406	0.03091	0.68925	0.06913	0.09469	0.00927	0.00258	0.00346	0.01504	0.00505	0.00447
5	0.02129	0.01536	0.01657	0.01277	0.01722	0.01693	0.01053	0.69085	0.05247	0.06715	0.01423	0.01403	0.01004	0.00680	0.00563	0.00170	0.00607	0.00514	0.00569	0.00955
6	0.01297	0.01239	0.02110	0.25428	0.55489	0.01312	0.01679	0.01643	0.01236	0.01722	0.01042	0.01424	0.00850	0.00519	0.00559	0.00173	0.00692	0.00501	0.00270	0.00814
7	0.01127	0.00824	0.01040	0.07514	0.01361	0.00828	0.03152	0.04599	0.13075	0.09573	0.10629	0.06620	0.27416	0.02453	0.00677	0.00200	0.00430	0.07318	0.00525	0.00639
8	0.00732	0.00513	0.00658	0.00756	0.00786	0.00491	0.00500	0.00815	0.01025	0.01365	0.02761	0.56340	0.03272	0.21460	0.01261	0.00310	0.00393	0.05653	0.00477	0.00432
9	0.68873	0.01126	0.00968	0.03728	0.01275	0.01287	0.00701	0.08904	0.01163	0.06366	0.00920	0.01030	0.00689	0.00548	0.00388	0.00174	0.00467	0.00345	0.00383	0.00662
10	0.02121	0.01094	0.01376	0.05448	0.01605	0.01055	0.00897	0.20422	0.01803	0.43358	0.06544	0.01833	0.01449	0.00689	0.00559	0.00166	0.00510	0.00556	0.00602	0.07913
11	0.01375	0.01380	0.02058	0.23248	0.50026	0.08856	0.01621	0.01702	0.01271	0.01687	0.01025	0.01384	0.00838	0.00525	0.00554	0.00170	0.00724	0.00487	0.00272	0.00797

[dist]
# distance from previous block
# <min> <max>
0	5

# created by:
# /st0/software/busco_prod/Augustus/scripts/msa2prfl.pl ./align_prep/176874.fa
