[name]
unknown

[dist]
# distance from previous block
# <min> <max>
5	96

[block]
# block no. 0 follows, 44 sequences, length 23
# corresponding to MSA columns:
# 228-250
name=unknown_A
#
# <colnr> <probs for GDERKNQSTAVLIFYWHMCP>
#	G	D	E	R	K	N	Q	S	T	A	V	L	I	F	Y	W	H	M	C	P
0	0.01656	0.03072	0.06873	0.01260	0.05288	0.01250	0.04543	0.31806	0.04478	0.11697	0.06059	0.05957	0.01366	0.00683	0.00540	0.00158	0.00547	0.00566	0.00478	0.11721
1	0.05576	0.04871	0.18131	0.01318	0.04213	0.02890	0.07947	0.17106	0.07011	0.09034	0.03761	0.06490	0.03623	0.00682	0.00538	0.00167	0.00601	0.00572	0.00413	0.05057
2	0.01354	0.01054	0.01214	0.01035	0.03712	0.01045	0.00789	0.21391	0.12888	0.03889	0.09615	0.08334	0.03538	0.00829	0.02495	0.00167	0.00470	0.00620	0.00471	0.25091
3	0.03013	0.00821	0.00968	0.05846	0.01221	0.02451	0.00661	0.03731	0.04959	0.08226	0.28684	0.02733	0.08555	0.03252	0.00613	0.00161	0.00386	0.00694	0.03554	0.19470
4	0.03349	0.01084	0.01361	0.20934	0.03697	0.03458	0.01001	0.14270	0.08332	0.18377	0.03267	0.03390	0.01206	0.02203	0.02090	0.00184	0.00571	0.00532	0.02470	0.08221
5	0.01030	0.00969	0.01635	0.79530	0.03755	0.01211	0.01514	0.01393	0.01090	0.01393	0.00969	0.01453	0.00727	0.00545	0.00545	0.00182	0.00727	0.00484	0.00242	0.00606
6	0.01030	0.00969	0.01635	0.79530	0.03755	0.01211	0.01514	0.01393	0.01090	0.01393	0.00969	0.01453	0.00727	0.00545	0.00545	0.00182	0.00727	0.00484	0.00242	0.00606
7	0.00670	0.00479	0.00637	0.00755	0.00792	0.00446	0.00506	0.00772	0.01068	0.01431	0.06663	0.76715	0.03682	0.01679	0.00693	0.00219	0.00313	0.01522	0.00511	0.00446
8	0.00651	0.00553	0.00561	0.00559	0.00740	0.00463	0.00419	0.00794	0.01257	0.01508	0.09026	0.05189	0.73693	0.01368	0.00644	0.00183	0.00275	0.01143	0.00511	0.00463
9	0.00664	0.00474	0.00633	0.00759	0.00791	0.00443	0.00506	0.00759	0.01044	0.01392	0.03005	0.80485	0.03606	0.01708	0.00696	0.00221	0.00316	0.01550	0.00506	0.00443
10	0.00664	0.00474	0.00633	0.00759	0.00791	0.00443	0.00506	0.00759	0.01044	0.01392	0.03005	0.80485	0.03606	0.01708	0.00696	0.00221	0.00316	0.01550	0.00506	0.00443
11	0.01030	0.00969	0.01635	0.79530	0.03755	0.01211	0.01514	0.01393	0.01090	0.01393	0.00969	0.01453	0.00727	0.00545	0.00545	0.00182	0.00727	0.00484	0.00242	0.00606
12	0.01193	0.01193	0.01670	0.01431	0.01431	0.01670	0.01193	0.01312	0.00835	0.01312	0.00716	0.01193	0.00716	0.00954	0.01789	0.00239	0.79843	0.00477	0.00239	0.00596
13	0.15988	0.00949	0.01189	0.00928	0.01336	0.00871	0.00767	0.02483	0.01456	0.65407	0.01922	0.01696	0.01225	0.00647	0.00514	0.00169	0.00457	0.00507	0.00619	0.00872
14	0.01276	0.09115	0.23113	0.04686	0.34926	0.03355	0.03357	0.01648	0.01161	0.01641	0.00947	0.01229	0.00774	0.00550	0.00663	0.00170	0.09908	0.00444	0.00251	0.00785
15	0.02072	0.01527	0.01636	0.01254	0.01691	0.01691	0.01036	0.75622	0.02563	0.03436	0.01309	0.01309	0.00927	0.00654	0.00545	0.00164	0.00600	0.00491	0.00545	0.00927
16	0.02062	0.01375	0.01545	0.04185	0.01699	0.01489	0.01001	0.55261	0.06429	0.17036	0.01502	0.01456	0.01038	0.00659	0.00546	0.00166	0.00570	0.00508	0.00558	0.00911
17	0.01153	0.00572	0.00825	0.03188	0.00933	0.00556	0.00567	0.01072	0.00931	0.13469	0.04091	0.05886	0.04215	0.01680	0.04464	0.54572	0.00493	0.00588	0.00346	0.00397
18	0.19990	0.15389	0.20267	0.03661	0.05469	0.01417	0.06914	0.09509	0.02516	0.05993	0.03426	0.01248	0.00906	0.00546	0.00469	0.00162	0.00617	0.00423	0.00334	0.00742
19	0.12342	0.32912	0.04644	0.02558	0.03836	0.18218	0.01007	0.04413	0.01197	0.01555	0.00832	0.01047	0.00730	0.02323	0.00629	0.00159	0.10301	0.00359	0.00272	0.00666
20	0.01117	0.00955	0.01440	0.50014	0.02810	0.01085	0.01216	0.04278	0.03407	0.04368	0.01246	0.08787	0.01066	0.00657	0.00570	0.00170	0.02627	0.00566	0.00316	0.13306
21	0.01750	0.01264	0.01377	0.01108	0.01443	0.01380	0.00881	0.53201	0.05777	0.05100	0.01598	0.09506	0.01372	0.10677	0.00836	0.00216	0.00551	0.00641	0.00519	0.00802
22	0.00840	0.00664	0.00776	0.00817	0.00943	0.00679	0.00584	0.01312	0.20177	0.01652	0.05413	0.47821	0.13413	0.01399	0.00651	0.00205	0.00338	0.01241	0.00521	0.00554

[dist]
# distance from previous block
# <min> <max>
1	3

[block]
# block no. 1 follows, 44 sequences, length 22
# corresponding to MSA columns:
# 255-276
name=unknown_B
#
# <colnr> <probs for GDERKNQSTAVLIFYWHMCP>
#	G	D	E	R	K	N	Q	S	T	A	V	L	I	F	Y	W	H	M	C	P
0	0.01458	0.81168	0.02857	0.00933	0.01399	0.02157	0.00933	0.01632	0.01108	0.01283	0.00758	0.00875	0.00700	0.00466	0.00350	0.00117	0.00583	0.00292	0.00233	0.00700
1	0.01193	0.01193	0.01670	0.01431	0.01431	0.01670	0.01193	0.01312	0.00835	0.01312	0.00716	0.01193	0.00716	0.00954	0.01789	0.00239	0.79843	0.00477	0.00239	0.00596
2	0.01430	0.72288	0.07340	0.01096	0.05429	0.02059	0.01036	0.01640	0.01117	0.01335	0.00785	0.00916	0.00708	0.00471	0.00370	0.00122	0.00600	0.00308	0.00235	0.00715
3	0.01030	0.00969	0.01635	0.79530	0.03755	0.01211	0.01514	0.01393	0.01090	0.01393	0.00969	0.01453	0.00727	0.00545	0.00545	0.00182	0.00727	0.00484	0.00242	0.00606
4	0.01130	0.00969	0.01130	0.00807	0.01292	0.00727	0.00646	0.01373	0.01130	0.01776	0.00969	0.01130	0.00807	0.00404	0.00404	0.00081	0.00404	0.00323	0.00323	0.84173
5	0.00663	0.00480	0.00626	0.00743	0.00787	0.00444	0.00499	0.00761	0.01059	0.01398	0.03198	0.74701	0.09264	0.01683	0.00692	0.00219	0.00313	0.01519	0.00506	0.00444
6	0.02013	0.01502	0.01636	0.01317	0.04205	0.01661	0.01049	0.69575	0.06155	0.03324	0.01344	0.01346	0.00961	0.00653	0.00546	0.00165	0.00593	0.00497	0.00537	0.00922
7	0.01327	0.01411	0.06568	0.11536	0.56946	0.05309	0.03208	0.01664	0.01233	0.01710	0.01007	0.01326	0.00827	0.00495	0.00535	0.00162	0.00682	0.00472	0.00267	0.03315
8	0.05292	0.02882	0.01395	0.04207	0.07277	0.01151	0.00926	0.15279	0.16410	0.32051	0.04495	0.03355	0.01412	0.00690	0.00542	0.00171	0.00496	0.00564	0.00551	0.00854
9	0.84691	0.01054	0.00801	0.00717	0.01054	0.01223	0.00590	0.01603	0.00928	0.02446	0.00759	0.00886	0.00590	0.00506	0.00337	0.00169	0.00422	0.00295	0.00337	0.00590
10	0.01156	0.01299	0.07708	0.39333	0.12846	0.01286	0.23570	0.01557	0.01167	0.01571	0.01011	0.01417	0.00771	0.00519	0.00599	0.00180	0.02536	0.00526	0.00255	0.00692
11	0.01711	0.06732	0.06624	0.03395	0.04175	0.04121	0.03743	0.03601	0.01405	0.36164	0.07292	0.12506	0.04488	0.00821	0.00563	0.00173	0.00511	0.00698	0.00518	0.00761
12	0.01588	0.70608	0.02647	0.00938	0.01398	0.01979	0.00916	0.01767	0.01167	0.11355	0.00941	0.01004	0.00785	0.00494	0.00376	0.00123	0.00567	0.00325	0.00291	0.00730
13	0.02446	0.00928	0.01265	0.00970	0.01392	0.00801	0.00801	0.02657	0.01560	0.77817	0.02151	0.01856	0.01350	0.00675	0.00548	0.00169	0.00464	0.00548	0.00675	0.00928
14	0.01259	0.00677	0.00828	0.00728	0.00975	0.00586	0.00573	0.01449	0.01408	0.26279	0.19167	0.03935	0.35680	0.01101	0.00616	0.00178	0.00339	0.03017	0.00580	0.00624
15	0.01565	0.07860	0.03799	0.04940	0.31900	0.14115	0.05028	0.16051	0.02966	0.01968	0.01170	0.02803	0.02265	0.00575	0.00528	0.00159	0.00692	0.00489	0.00335	0.00793
16	0.00736	0.00551	0.00682	0.00658	0.00795	0.00498	0.00490	0.00956	0.01445	0.01974	0.56159	0.08604	0.22028	0.01210	0.00646	0.00177	0.00265	0.01056	0.00573	0.00498
17	0.02122	0.01340	0.01507	0.01167	0.01591	0.01427	0.00961	0.50772	0.07548	0.23413	0.01601	0.01508	0.01093	0.00666	0.00547	0.00166	0.00551	0.00515	0.00581	0.00923
18	0.01282	0.03991	0.02050	0.10363	0.08395	0.06577	0.23249	0.08016	0.01259	0.01677	0.01171	0.06357	0.01030	0.01041	0.09244	0.00260	0.12466	0.00593	0.00305	0.00675
19	0.01314	0.01297	0.01981	0.04803	0.62587	0.06359	0.01497	0.01607	0.01258	0.01710	0.01480	0.01734	0.08805	0.00586	0.00548	0.00163	0.00633	0.00546	0.00295	0.00800
20	0.00668	0.00479	0.00629	0.00747	0.00782	0.00446	0.00497	0.00761	0.01042	0.01383	0.03043	0.75429	0.05940	0.04386	0.00765	0.00231	0.00322	0.01511	0.00500	0.00440
21	0.01264	0.01427	0.08454	0.01845	0.02282	0.01312	0.44793	0.09271	0.01332	0.01831	0.01319	0.11532	0.01172	0.00695	0.00746	0.00191	0.08789	0.00708	0.00326	0.00709

[dist]
# distance from previous block
# <min> <max>
0	1

[block]
# block no. 2 follows, 44 sequences, length 111
# corresponding to MSA columns:
# 278-388
name=unknown_C
#
# <colnr> <probs for GDERKNQSTAVLIFYWHMCP>
#	G	D	E	R	K	N	Q	S	T	A	V	L	I	F	Y	W	H	M	C	P
0	0.01307	0.01496	0.09584	0.08360	0.15401	0.01381	0.36348	0.06552	0.04892	0.01827	0.01106	0.01415	0.00851	0.00538	0.00678	0.00182	0.06466	0.00558	0.00296	0.00762
1	0.00767	0.00575	0.00772	0.00855	0.00930	0.00567	0.00637	0.00907	0.01086	0.01463	0.02747	0.54856	0.03195	0.01552	0.00753	0.00222	0.04690	0.18129	0.00481	0.04818
2	0.75903	0.03177	0.00922	0.00766	0.01114	0.01285	0.00635	0.07537	0.01064	0.02495	0.00803	0.00919	0.00620	0.00517	0.00354	0.00167	0.00440	0.00311	0.00351	0.00620
3	0.00947	0.00473	0.00710	0.00710	0.00710	0.00473	0.00473	0.00710	0.00710	0.00947	0.00947	0.01657	0.00947	0.01894	0.02131	0.84138	0.00473	0.00473	0.00237	0.00237
4	0.00699	0.00571	0.00620	0.00622	0.00785	0.00506	0.00461	0.00912	0.04525	0.01617	0.17037	0.13419	0.53609	0.01346	0.00646	0.00186	0.00284	0.01145	0.00524	0.00485
5	0.01130	0.00969	0.01130	0.00807	0.01292	0.00727	0.00646	0.01373	0.01130	0.01776	0.00969	0.01130	0.00807	0.00404	0.00404	0.00081	0.00404	0.00323	0.00323	0.84173
6	0.05739	0.02050	0.36754	0.01911	0.05001	0.01317	0.35851	0.01727	0.01205	0.01777	0.01026	0.01291	0.00754	0.00489	0.00567	0.00177	0.00832	0.00511	0.00258	0.00763
7	0.00664	0.00474	0.00633	0.00759	0.00791	0.00443	0.00506	0.00759	0.01044	0.01392	0.03005	0.80485	0.03606	0.01708	0.00696	0.00221	0.00316	0.01550	0.00506	0.00443
8	0.00652	0.00553	0.00563	0.00560	0.00741	0.00463	0.00420	0.00797	0.01260	0.01515	0.09738	0.05178	0.72977	0.01365	0.00644	0.00183	0.00275	0.01141	0.00512	0.00463
9	0.00664	0.00474	0.00633	0.00759	0.00791	0.00443	0.00506	0.00759	0.01044	0.01392	0.03005	0.80485	0.03606	0.01708	0.00696	0.00221	0.00316	0.01550	0.00506	0.00443
10	0.01753	0.01225	0.01306	0.01039	0.01382	0.01340	0.00845	0.53653	0.02142	0.03008	0.01473	0.03152	0.01112	0.00671	0.00503	0.00155	0.00499	0.00518	0.23422	0.00802
11	0.02072	0.01527	0.01636	0.01254	0.01691	0.01691	0.01036	0.75622	0.02563	0.03436	0.01309	0.01309	0.00927	0.00654	0.00545	0.00164	0.00600	0.00491	0.00545	0.00927
12	0.01503	0.74948	0.02753	0.00970	0.01422	0.08213	0.00942	0.01676	0.01142	0.01287	0.00765	0.00883	0.00700	0.00474	0.00361	0.00118	0.00615	0.00296	0.00237	0.00694
13	0.02399	0.01003	0.01312	0.01006	0.01429	0.00913	0.00831	0.11807	0.01686	0.68489	0.02045	0.01787	0.01297	0.00672	0.00548	0.00168	0.00481	0.00541	0.00659	0.00928
14	0.01291	0.00916	0.01208	0.01103	0.03266	0.00943	0.06135	0.01992	0.28360	0.14052	0.11774	0.13947	0.04281	0.00973	0.00611	0.00191	0.00441	0.07258	0.00539	0.00718
15	0.01030	0.00969	0.01635	0.79530	0.03755	0.01211	0.01514	0.01393	0.01090	0.01393	0.00969	0.01453	0.00727	0.00545	0.00545	0.00182	0.00727	0.00484	0.00242	0.00606
16	0.01382	0.01165	0.01234	0.01106	0.01417	0.01343	0.00861	0.02891	0.74701	0.04049	0.02217	0.02030	0.01657	0.00738	0.00555	0.00185	0.00432	0.00615	0.00558	0.00864
17	0.01120	0.01076	0.01867	0.57103	0.20780	0.01241	0.06115	0.01480	0.01137	0.01505	0.00990	0.01430	0.00765	0.00526	0.00550	0.00177	0.00720	0.00495	0.00251	0.00673
18	0.01129	0.02721	0.73111	0.01576	0.02363	0.01262	0.05316	0.01746	0.01165	0.03232	0.01007	0.01179	0.00710	0.00518	0.00524	0.00173	0.00804	0.00417	0.00241	0.00805
19	0.01356	0.01171	0.01233	0.01109	0.01418	0.01356	0.00863	0.02897	0.76455	0.02281	0.02219	0.02034	0.01664	0.00740	0.00555	0.00185	0.00431	0.00616	0.00555	0.00863
20	0.00664	0.00474	0.00633	0.00759	0.00791	0.00443	0.00506	0.00759	0.01044	0.01392	0.03005	0.80485	0.03606	0.01708	0.00696	0.00221	0.00316	0.01550	0.00506	0.00443
21	0.03552	0.05641	0.06875	0.05365	0.41603	0.07173	0.10441	0.03812	0.02805	0.01749	0.01011	0.01296	0.00826	0.00527	0.00601	0.00167	0.05011	0.00477	0.00280	0.00789
22	0.00819	0.00658	0.00683	0.00645	0.00847	0.00601	0.00491	0.09261	0.01388	0.01723	0.06865	0.08593	0.61069	0.01292	0.00630	0.00182	0.00314	0.01078	0.02346	0.00515
23	0.00858	0.00613	0.00855	0.00980	0.01097	0.00610	0.00842	0.01094	0.01235	0.01608	0.02898	0.13355	0.03183	0.01526	0.00747	0.00248	0.00484	0.66769	0.00502	0.00496
24	0.01287	0.01471	0.03217	0.02298	0.02849	0.01379	0.75460	0.01746	0.01287	0.01746	0.01103	0.01471	0.00827	0.00460	0.00643	0.00184	0.00919	0.00643	0.00276	0.00735
25	0.05895	0.05507	0.48349	0.01494	0.02165	0.01244	0.11849	0.01864	0.01220	0.13646	0.01158	0.01279	0.00807	0.00532	0.00523	0.00171	0.00738	0.00448	0.00312	0.00799
26	0.01264	0.01410	0.05897	0.10029	0.04168	0.01438	0.41739	0.04799	0.01205	0.01678	0.00997	0.01378	0.00789	0.00600	0.00898	0.00195	0.19975	0.00566	0.00273	0.00702
27	0.00965	0.00693	0.04130	0.00758	0.00944	0.00585	0.00614	0.01230	0.01480	0.09878	0.59899	0.03555	0.04250	0.01192	0.04866	0.00208	0.00368	0.00880	0.02937	0.00568
28	0.03564	0.10297	0.03769	0.12574	0.11164	0.01330	0.23616	0.07573	0.03438	0.04026	0.01172	0.04764	0.00959	0.00556	0.00539	0.00162	0.00677	0.00540	0.00322	0.08958
29	0.41715	0.03778	0.17451	0.00992	0.01457	0.01208	0.00979	0.07290	0.01229	0.17613	0.01128	0.01170	0.00794	0.00553	0.00434	0.00168	0.00530	0.00384	0.00395	0.00733
30	0.00751	0.00511	0.00607	0.00648	0.00658	0.00501	0.00387	0.00782	0.00874	0.01166	0.02136	0.28583	0.02510	0.55105	0.02099	0.00429	0.00460	0.01039	0.00387	0.00367
31	0.01181	0.00812	0.00977	0.00933	0.01113	0.00833	0.00712	0.21725	0.01535	0.06172	0.05021	0.43167	0.02738	0.01316	0.00651	0.00204	0.00422	0.09348	0.00529	0.00613
32	0.01200	0.14641	0.56135	0.01581	0.05474	0.03670	0.06594	0.01724	0.01169	0.01651	0.00951	0.01133	0.00709	0.00506	0.00501	0.00163	0.00777	0.00404	0.00237	0.00782
33	0.02435	0.00945	0.01276	0.00978	0.01400	0.00827	0.00808	0.04787	0.01590	0.75646	0.02126	0.01840	0.01337	0.00674	0.00548	0.00169	0.00468	0.00547	0.00671	0.00928
34	0.01235	0.10688	0.44760	0.01385	0.03504	0.09992	0.03445	0.01680	0.01242	0.03816	0.07476	0.03034	0.04188	0.00626	0.00520	0.00164	0.00717	0.00497	0.00298	0.00733
35	0.00766	0.00557	0.00720	0.00679	0.00811	0.00512	0.00510	0.01017	0.01529	0.02152	0.73717	0.04129	0.08600	0.01127	0.00643	0.00172	0.00258	0.00994	0.00596	0.00512
36	0.01154	0.01143	0.01609	0.16500	0.01857	0.03309	0.01219	0.01326	0.00903	0.01325	0.00815	0.01299	0.00759	0.01067	0.06461	0.00266	0.57667	0.00482	0.00244	0.00592
37	0.00792	0.00531	0.00606	0.00606	0.00610	0.00535	0.00345	0.00800	0.00796	0.01066	0.01707	0.03508	0.01956	0.77642	0.05937	0.00543	0.00567	0.00784	0.00329	0.00337
38	0.00682	0.00547	0.00603	0.00615	0.00764	0.00477	0.00455	0.00831	0.01244	0.01554	0.15382	0.13036	0.51966	0.05313	0.00760	0.00206	0.00300	0.04294	0.00511	0.00462
39	0.06230	0.01281	0.01395	0.01054	0.01502	0.01288	0.00862	0.42440	0.01922	0.04643	0.01175	0.01234	0.00875	0.00555	0.00482	0.00134	0.00515	0.00420	0.00455	0.31538
40	0.02072	0.01527	0.01636	0.01254	0.01691	0.01691	0.01036	0.75622	0.02563	0.03436	0.01309	0.01309	0.00927	0.00654	0.00545	0.00164	0.00600	0.00491	0.00545	0.00927
41	0.00792	0.00530	0.00602	0.00602	0.00604	0.00533	0.00339	0.00798	0.00795	0.01062	0.01711	0.03531	0.01966	0.78847	0.04746	0.00538	0.00553	0.00787	0.00329	0.00334
42	0.00779	0.00584	0.00876	0.00876	0.00974	0.00681	0.00681	0.00974	0.00876	0.01266	0.01460	0.02142	0.01363	0.04089	0.78680	0.00876	0.01460	0.00584	0.00292	0.00487
43	0.02072	0.01527	0.01636	0.01254	0.01691	0.01691	0.01036	0.75622	0.02563	0.03436	0.01309	0.01309	0.00927	0.00654	0.00545	0.00164	0.00600	0.00491	0.00545	0.00927
44	0.00689	0.00554	0.00614	0.00599	0.00764	0.00479	0.00449	0.00869	0.01348	0.01722	0.30553	0.04836	0.52032	0.01288	0.00644	0.00180	0.00270	0.01093	0.00539	0.00479
45	0.02446	0.00928	0.01265	0.00970	0.01392	0.00801	0.00801	0.02657	0.01560	0.77817	0.02151	0.01856	0.01350	0.00675	0.00548	0.00169	0.00464	0.00548	0.00675	0.00928
46	0.02446	0.00928	0.01265	0.00970	0.01392	0.00801	0.00801	0.02657	0.01560	0.77817	0.02151	0.01856	0.01350	0.00675	0.00548	0.00169	0.00464	0.00548	0.00675	0.00928
47	0.00879	0.00628	0.00879	0.01004	0.01130	0.00628	0.00879	0.01130	0.01255	0.01632	0.02887	0.06150	0.03138	0.01506	0.00753	0.00251	0.00502	0.73770	0.00502	0.00502
48	0.01458	0.81168	0.02857	0.00933	0.01399	0.02157	0.00933	0.01632	0.01108	0.01283	0.00758	0.00875	0.00700	0.00466	0.00350	0.00117	0.00583	0.00292	0.00233	0.00700
49	0.84691	0.01054	0.00801	0.00717	0.01054	0.01223	0.00590	0.01603	0.00928	0.02446	0.00759	0.00886	0.00590	0.00506	0.00337	0.00169	0.00422	0.00295	0.00337	0.00590
50	0.01277	0.01541	0.07105	0.02259	0.02824	0.01373	0.71642	0.01745	0.01280	0.01745	0.01096	0.01454	0.00820	0.00463	0.00637	0.00183	0.00913	0.00631	0.00273	0.00739
51	0.01356	0.01171	0.01233	0.01109	0.01418	0.01356	0.00863	0.02897	0.76455	0.02281	0.02219	0.02034	0.01664	0.00740	0.00555	0.00185	0.00431	0.00616	0.00555	0.00863
52	0.02304	0.00915	0.01231	0.00965	0.01362	0.00808	0.00789	0.02569	0.04921	0.70427	0.02198	0.05951	0.01481	0.00731	0.00556	0.00172	0.00455	0.00603	0.00661	0.00900
53	0.01221	0.11991	0.56050	0.01549	0.02265	0.01368	0.11260	0.01758	0.01181	0.04968	0.01019	0.01189	0.00738	0.00511	0.00515	0.00167	0.00779	0.00427	0.00256	0.00789
54	0.01193	0.01193	0.01670	0.01431	0.01431	0.01670	0.01193	0.01312	0.00835	0.01312	0.00716	0.01193	0.00716	0.00954	0.01789	0.00239	0.79843	0.00477	0.00239	0.00596
55	0.00663	0.00481	0.00626	0.00743	0.00786	0.00444	0.00499	0.00761	0.01059	0.01398	0.03203	0.74549	0.09413	0.01682	0.00692	0.00218	0.00313	0.01518	0.00506	0.00444
56	0.01263	0.01415	0.03017	0.09183	0.04474	0.01369	0.65488	0.01703	0.01257	0.01705	0.01080	0.01460	0.00816	0.00480	0.00660	0.00185	0.02829	0.00622	0.00272	0.00723
57	0.01311	0.01649	0.12526	0.07487	0.19293	0.07301	0.35223	0.01717	0.01244	0.01676	0.01022	0.01350	0.00796	0.00510	0.00639	0.00177	0.04529	0.00536	0.00265	0.00750
58	0.01613	0.00877	0.01014	0.00860	0.01154	0.04940	0.00684	0.01898	0.06271	0.36324	0.15990	0.03089	0.19039	0.00931	0.00589	0.00174	0.00413	0.02830	0.00590	0.00718
59	0.00654	0.00553	0.00565	0.00562	0.00742	0.00464	0.00422	0.00801	0.01265	0.01525	0.10797	0.05160	0.71911	0.01361	0.00644	0.00183	0.00275	0.01138	0.00513	0.00464
60	0.01100	0.00621	0.00653	0.01988	0.00811	0.00643	0.00478	0.07959	0.03017	0.02118	0.01799	0.06225	0.01470	0.00696	0.00420	0.00138	0.00301	0.00565	0.68444	0.00552
61	0.01299	0.03740	0.18677	0.10375	0.40616	0.06137	0.05980	0.01682	0.01214	0.01675	0.00988	0.01285	0.00792	0.00514	0.00566	0.00167	0.02782	0.00463	0.00258	0.00792
62	0.00776	0.00581	0.00856	0.00856	0.00951	0.00669	0.00659	0.00961	0.00882	0.01262	0.01574	0.02283	0.03299	0.07426	0.73349	0.00843	0.01389	0.00608	0.00299	0.00479
63	0.02111	0.01465	0.01598	0.01225	0.01660	0.01599	0.01012	0.68093	0.02460	0.11110	0.01396	0.01365	0.00971	0.00657	0.00546	0.00164	0.00586	0.00497	0.00559	0.00927
64	0.05861	0.01143	0.01560	0.38993	0.09134	0.01334	0.01262	0.15111	0.16313	0.02028	0.01272	0.01503	0.00953	0.00596	0.00535	0.00177	0.00622	0.00502	0.00366	0.00736
65	0.01435	0.70076	0.02628	0.00931	0.01394	0.03966	0.00904	0.01617	0.01122	0.01340	0.00784	0.00906	0.00712	0.00462	0.00360	0.00113	0.00573	0.00297	0.00245	0.10137
66	0.03005	0.29226	0.45416	0.01456	0.07447	0.01569	0.01593	0.01688	0.01138	0.01595	0.00902	0.01066	0.00704	0.00498	0.00459	0.00153	0.00711	0.00369	0.00236	0.00769
67	0.00684	0.00579	0.00594	0.00590	0.00773	0.00503	0.00442	0.00891	0.04668	0.01544	0.09031	0.06993	0.68130	0.01346	0.00642	0.00184	0.00283	0.01128	0.00513	0.00481
68	0.00923	0.00724	0.00843	0.00866	0.00975	0.02046	0.00616	0.05664	0.14734	0.01666	0.04477	0.50335	0.02886	0.07479	0.00844	0.00233	0.02450	0.01197	0.00495	0.00548
69	0.01356	0.01171	0.01233	0.01109	0.01418	0.01356	0.00863	0.02897	0.76455	0.02281	0.02219	0.02034	0.01664	0.00740	0.00555	0.00185	0.00431	0.00616	0.00555	0.00863
70	0.00732	0.00552	0.00676	0.00652	0.00792	0.00496	0.00486	0.00949	0.01438	0.01954	0.54053	0.07705	0.25091	0.01214	0.00646	0.00177	0.00265	0.01056	0.00570	0.00496
71	0.00903	0.00656	0.00897	0.01009	0.01144	0.00665	0.00878	0.01221	0.05164	0.01665	0.02852	0.05936	0.03061	0.01466	0.00743	0.00248	0.00498	0.69967	0.00505	0.00521
72	0.01016	0.00508	0.00508	0.00508	0.00635	0.00508	0.00381	0.01270	0.01143	0.02033	0.01778	0.02033	0.01397	0.00635	0.00381	0.00127	0.00254	0.00508	0.83867	0.00508
73	0.00879	0.00628	0.00879	0.01004	0.01130	0.00628	0.00879	0.01130	0.01255	0.01632	0.02887	0.06150	0.03138	0.01506	0.00753	0.00251	0.00502	0.73770	0.00502	0.00502
74	0.84691	0.01054	0.00801	0.00717	0.01054	0.01223	0.00590	0.01603	0.00928	0.02446	0.00759	0.00886	0.00590	0.00506	0.00337	0.00169	0.00422	0.00295	0.00337	0.00590
75	0.01193	0.01193	0.01670	0.01431	0.01431	0.01670	0.01193	0.01312	0.00835	0.01312	0.00716	0.01193	0.00716	0.00954	0.01789	0.00239	0.79843	0.00477	0.00239	0.00596
76	0.02037	0.02598	0.01545	0.01404	0.01685	0.78652	0.01053	0.02177	0.01545	0.01334	0.00843	0.00983	0.00702	0.00562	0.00492	0.00140	0.00983	0.00351	0.00281	0.00632
77	0.01139	0.01081	0.01833	0.53396	0.29032	0.01240	0.01569	0.01489	0.01142	0.01526	0.00988	0.01418	0.00774	0.00525	0.00543	0.00175	0.00700	0.00485	0.00252	0.00694
78	0.84691	0.01054	0.00801	0.00717	0.01054	0.01223	0.00590	0.01603	0.00928	0.02446	0.00759	0.00886	0.00590	0.00506	0.00337	0.00169	0.00422	0.00295	0.00337	0.00590
79	0.00947	0.00473	0.00710	0.00710	0.00710	0.00473	0.00473	0.00710	0.00710	0.00947	0.00947	0.01657	0.00947	0.01894	0.02131	0.84138	0.00473	0.00473	0.00237	0.00237
80	0.01093	0.02820	0.78016	0.01554	0.02360	0.01266	0.02014	0.01727	0.01151	0.01727	0.00978	0.01151	0.00691	0.00518	0.00518	0.00173	0.00806	0.00403	0.00230	0.00806
81	0.01093	0.02820	0.78016	0.01554	0.02360	0.01266	0.02014	0.01727	0.01151	0.01727	0.00978	0.01151	0.00691	0.00518	0.00518	0.00173	0.00806	0.00403	0.00230	0.00806
82	0.02446	0.00928	0.01265	0.00970	0.01392	0.00801	0.00801	0.02657	0.01560	0.77817	0.02151	0.01856	0.01350	0.00675	0.00548	0.00169	0.00464	0.00548	0.00675	0.00928
83	0.02446	0.00928	0.01265	0.00970	0.01392	0.00801	0.00801	0.02657	0.01560	0.77817	0.02151	0.01856	0.01350	0.00675	0.00548	0.00169	0.00464	0.00548	0.00675	0.00928
84	0.02035	0.01509	0.01615	0.01247	0.01676	0.01673	0.01027	0.71841	0.06404	0.03376	0.01356	0.01347	0.00965	0.00659	0.00546	0.00165	0.00591	0.00497	0.00546	0.00924
85	0.00892	0.00673	0.00988	0.01033	0.01182	0.00667	0.04880	0.01181	0.03288	0.01697	0.10037	0.09446	0.03193	0.01401	0.00728	0.00236	0.00489	0.56963	0.00501	0.00523
86	0.00747	0.00509	0.00608	0.00653	0.00664	0.00498	0.00393	0.00781	0.00882	0.01176	0.02176	0.30973	0.02561	0.52646	0.02034	0.00419	0.00453	0.01063	0.00393	0.00370
87	0.01795	0.01314	0.01405	0.01129	0.01499	0.01457	0.00915	0.48592	0.19427	0.04749	0.01593	0.01572	0.01161	0.00672	0.00529	0.00164	0.00518	0.00523	0.10121	0.00864
88	0.84691	0.01054	0.00801	0.00717	0.01054	0.01223	0.00590	0.01603	0.00928	0.02446	0.00759	0.00886	0.00590	0.00506	0.00337	0.00169	0.00422	0.00295	0.00337	0.00590
89	0.03339	0.08764	0.01319	0.00932	0.01284	0.00990	0.00770	0.07483	0.07875	0.40639	0.18393	0.02204	0.02101	0.00752	0.00546	0.00165	0.00437	0.00616	0.00590	0.00803
90	0.01838	0.01355	0.01490	0.01183	0.01558	0.01504	0.00964	0.49731	0.15217	0.07049	0.03633	0.01575	0.01204	0.02175	0.00652	0.00176	0.04667	0.00531	0.00530	0.02970
91	0.00721	0.00555	0.00658	0.00632	0.00783	0.00493	0.00474	0.00930	0.01423	0.01900	0.48465	0.04543	0.34009	0.01221	0.00644	0.00177	0.00265	0.01052	0.00563	0.00493
92	0.01103	0.02351	0.57926	0.01738	0.12645	0.01200	0.03788	0.01651	0.01206	0.01780	0.08441	0.01473	0.01154	0.00570	0.00537	0.00171	0.00733	0.00478	0.00273	0.00783
93	0.00664	0.00474	0.00633	0.00759	0.00791	0.00443	0.00506	0.00759	0.01044	0.01392	0.03005	0.80485	0.03606	0.01708	0.00696	0.00221	0.00316	0.01550	0.00506	0.00443
94	0.01349	0.04784	0.03848	0.03204	0.72558	0.01332	0.01648	0.01673	0.01234	0.01758	0.01013	0.01325	0.00853	0.00486	0.00531	0.00160	0.00648	0.00476	0.00267	0.00855
95	0.01349	0.01165	0.01230	0.01101	0.01414	0.01338	0.00857	0.02852	0.74256	0.02266	0.02182	0.02008	0.01639	0.00730	0.00550	0.00182	0.00431	0.00608	0.00548	0.03295
96	0.01168	0.00553	0.00589	0.00557	0.00716	0.00539	0.00426	0.01418	0.01188	0.10095	0.01818	0.02014	0.01392	0.00639	0.00399	0.00131	0.00276	0.00512	0.75016	0.00553
97	0.02037	0.02598	0.01545	0.01404	0.01685	0.78652	0.01053	0.02177	0.01545	0.01334	0.00843	0.00983	0.00702	0.00562	0.00492	0.00140	0.00983	0.00351	0.00281	0.00632
98	0.04144	0.00930	0.01256	0.00965	0.01385	0.00810	0.00797	0.02635	0.01547	0.76261	0.02122	0.01836	0.01334	0.00671	0.00544	0.00169	0.00463	0.00543	0.00668	0.00921
99	0.02446	0.00928	0.01265	0.00970	0.01392	0.00801	0.00801	0.02657	0.01560	0.77817	0.02151	0.01856	0.01350	0.00675	0.00548	0.00169	0.00464	0.00548	0.00675	0.00928
100	0.00664	0.00474	0.00633	0.00759	0.00791	0.00443	0.00506	0.00759	0.01044	0.01392	0.03005	0.80485	0.03606	0.01708	0.00696	0.00221	0.00316	0.01550	0.00506	0.00443
101	0.00664	0.00474	0.00633	0.00759	0.00791	0.00443	0.00506	0.00759	0.01044	0.01392	0.03005	0.80485	0.03606	0.01708	0.00696	0.00221	0.00316	0.01550	0.00506	0.00443
102	0.01111	0.02565	0.65514	0.01664	0.04328	0.01258	0.10312	0.01702	0.01166	0.01721	0.01047	0.03273	0.00787	0.00542	0.00537	0.00175	0.00802	0.00462	0.00244	0.00790
103	0.02308	0.00981	0.01278	0.00998	0.01408	0.00902	0.00818	0.05841	0.09969	0.66161	0.02122	0.01852	0.01366	0.00681	0.00549	0.00170	0.00466	0.00553	0.00656	0.00921
104	0.01475	0.01143	0.04310	0.01147	0.04658	0.01161	0.00886	0.07619	0.34718	0.13747	0.01806	0.01946	0.01406	0.09745	0.00854	0.00213	0.04610	0.00572	0.00487	0.07497
105	0.84691	0.01054	0.00801	0.00717	0.01054	0.01223	0.00590	0.01603	0.00928	0.02446	0.00759	0.00886	0.00590	0.00506	0.00337	0.00169	0.00422	0.00295	0.00337	0.00590
106	0.01404	0.03336	0.01908	0.07934	0.49217	0.11276	0.01406	0.05496	0.01331	0.01764	0.01283	0.01537	0.05009	0.00563	0.00528	0.00159	0.00655	0.00501	0.03913	0.00778
107	0.02058	0.01520	0.01628	0.01251	0.01685	0.01684	0.01033	0.74130	0.04079	0.03412	0.01328	0.01324	0.00942	0.00656	0.00546	0.00164	0.00596	0.00493	0.00546	0.00926
108	0.00947	0.00473	0.00710	0.00710	0.00710	0.00473	0.00473	0.00710	0.00710	0.00947	0.00947	0.01657	0.00947	0.01894	0.02131	0.84138	0.00473	0.00473	0.00237	0.00237
109	0.01225	0.15991	0.39561	0.01494	0.07427	0.08010	0.05353	0.01657	0.01233	0.01663	0.08824	0.01496	0.02611	0.00585	0.00510	0.00160	0.00710	0.00471	0.00283	0.00736
110	0.01103	0.04875	0.76045	0.01538	0.02334	0.01289	0.01986	0.01724	0.01150	0.01715	0.00973	0.01144	0.00691	0.00517	0.00514	0.00171	0.00800	0.00400	0.00230	0.00803

[dist]
# distance from previous block
# <min> <max>
0	26

[block]
# block no. 3 follows, 44 sequences, length 18
# corresponding to MSA columns:
# 415-432
name=unknown_D
#
# <colnr> <probs for GDERKNQSTAVLIFYWHMCP>
#	G	D	E	R	K	N	Q	S	T	A	V	L	I	F	Y	W	H	M	C	P
0	0.02009	0.01667	0.15861	0.01260	0.01732	0.16895	0.06075	0.02328	0.02945	0.41272	0.01594	0.01522	0.01064	0.00609	0.00537	0.00165	0.00664	0.00488	0.00482	0.00830
1	0.00873	0.00550	0.00672	0.00671	0.00729	0.00527	0.00432	0.00955	0.01036	0.06472	0.16172	0.19313	0.02866	0.44292	0.01800	0.00374	0.00430	0.00968	0.00440	0.00428
2	0.01747	0.01076	0.06532	0.01033	0.01375	0.01941	0.00894	0.12952	0.04774	0.33695	0.04208	0.04652	0.01788	0.06218	0.00739	0.00209	0.00515	0.14330	0.00552	0.00769
3	0.00992	0.00737	0.00967	0.00968	0.03889	0.00761	0.01676	0.11422	0.03845	0.02973	0.19915	0.27755	0.02934	0.01756	0.15291	0.00320	0.00586	0.02152	0.00486	0.00577
4	0.01959	0.01044	0.01283	0.01060	0.01420	0.01042	0.00880	0.20664	0.08553	0.38031	0.02084	0.02541	0.01608	0.00832	0.00587	0.00184	0.00502	0.14287	0.00599	0.00842
5	0.51962	0.01149	0.01356	0.01749	0.31051	0.01251	0.01016	0.01630	0.01051	0.02185	0.00864	0.01068	0.00698	0.00498	0.00417	0.00166	0.00510	0.00370	0.00311	0.00698
6	0.01155	0.00695	0.00930	0.00858	0.01040	0.00672	0.00652	0.01316	0.01114	0.17073	0.03653	0.24045	0.02085	0.08060	0.17271	0.00357	0.04232	0.03576	0.00449	0.10767
7	0.51844	0.00998	0.01051	0.01204	0.15346	0.01091	0.00778	0.01498	0.01113	0.02268	0.16467	0.01626	0.01575	0.00627	0.00438	0.00168	0.00430	0.00473	0.00379	0.00626
8	0.51834	0.00995	0.01059	0.01264	0.16661	0.01091	0.00797	0.01459	0.01014	0.02112	0.01235	0.15924	0.01212	0.00728	0.00446	0.00177	0.00448	0.00570	0.00355	0.00619
9	0.00998	0.00663	0.01049	0.01282	0.16487	0.00681	0.00758	0.00957	0.00850	0.01178	0.01059	0.01685	0.01008	0.02017	0.16176	0.51294	0.00694	0.00497	0.00254	0.00412
10	0.01210	0.01122	0.01870	0.07896	0.56806	0.01130	0.01425	0.01522	0.01293	0.01838	0.16625	0.01914	0.01732	0.00619	0.00561	0.00165	0.00573	0.00588	0.00336	0.00775
11	0.00776	0.00965	0.16486	0.00891	0.01075	0.00628	0.00782	0.00964	0.01019	0.01398	0.02348	0.49784	0.02703	0.16320	0.01050	0.00269	0.00456	0.01173	0.00417	0.00496
12	0.01345	0.01335	0.07302	0.01397	0.01732	0.02468	0.16592	0.15655	0.16838	0.02085	0.04332	0.07842	0.01411	0.02501	0.00803	0.00195	0.11987	0.00647	0.02799	0.00735
13	0.46570	0.01357	0.01083	0.00963	0.01280	0.15764	0.02583	0.01960	0.16537	0.02156	0.01119	0.01203	0.00870	0.00629	0.01782	0.00178	0.00555	0.00390	0.02365	0.00654
14	0.00716	0.00544	0.00668	0.00727	0.00844	0.00496	0.00551	0.00881	0.01227	0.01583	0.14603	0.28577	0.29038	0.01469	0.00682	0.00207	0.00331	0.15865	0.00519	0.00471
15	0.01107	0.00834	0.00994	0.00839	0.01095	0.00798	0.00660	0.16380	0.01653	0.02327	0.42901	0.04703	0.03357	0.00914	0.00583	0.00157	0.00365	0.03499	0.00531	0.16303
16	0.17005	0.01148	0.01729	0.19454	0.39527	0.01228	0.01352	0.01698	0.02894	0.07388	0.01073	0.01338	0.00836	0.00522	0.00504	0.00169	0.00604	0.00457	0.00313	0.00760
17	0.01143	0.01015	0.01241	0.00935	0.01321	0.00920	0.00758	0.01360	0.01070	0.01681	0.00917	0.01143	0.00789	0.00517	0.00688	0.00113	0.16686	0.00355	0.00306	0.67043

[dist]
# distance from previous block
# <min> <max>
0	42

# created by:
# /st0/software/busco_prod/Augustus/scripts/msa2prfl.pl ./align_prep/176806.fa
