[name]
unknown

[dist]
# distance from previous block
# <min> <max>
9	48

[block]
# block no. 0 follows, 45 sequences, length 7
# corresponding to MSA columns:
# 57-63
name=unknown_A
#
# <colnr> <probs for GDERKNQSTAVLIFYWHMCP>
#	G	D	E	R	K	N	Q	S	T	A	V	L	I	F	Y	W	H	M	C	P
0	0.01306	0.04199	0.01277	0.03034	0.03785	0.05613	0.03207	0.12405	0.03652	0.08863	0.06162	0.15571	0.09673	0.00888	0.00638	0.00166	0.06106	0.00732	0.00437	0.12286
1	0.01497	0.01148	0.01306	0.03562	0.01455	0.05219	0.04049	0.23725	0.15153	0.09209	0.01937	0.09377	0.06769	0.02414	0.03727	0.00206	0.03117	0.00661	0.03174	0.02294
2	0.09196	0.01227	0.01606	0.01274	0.01614	0.05807	0.16051	0.19293	0.05669	0.10029	0.01497	0.11789	0.01297	0.03480	0.00684	0.00186	0.04437	0.00640	0.00428	0.03796
3	0.01386	0.01134	0.01417	0.05972	0.01539	0.05245	0.04163	0.13835	0.10182	0.07983	0.03699	0.01630	0.01167	0.01277	0.13665	0.00297	0.20956	0.00529	0.03241	0.00683
4	0.01226	0.00999	0.01558	0.55486	0.07518	0.01136	0.01320	0.05519	0.01207	0.08597	0.01082	0.01420	0.00799	0.00536	0.00522	0.00165	0.00647	0.00466	0.00304	0.09492
5	0.06373	0.01033	0.01157	0.03596	0.01306	0.01137	0.00779	0.30122	0.13433	0.02369	0.09370	0.01777	0.01467	0.00944	0.00849	0.17530	0.00479	0.00540	0.05071	0.00667
6	0.00860	0.00687	0.00742	0.00685	0.00891	0.00655	0.00530	0.11766	0.01391	0.01747	0.08214	0.04218	0.54539	0.01522	0.08880	0.00249	0.00440	0.00971	0.00487	0.00526

[dist]
# distance from previous block
# <min> <max>
0	1

[block]
# block no. 1 follows, 45 sequences, length 7
# corresponding to MSA columns:
# 65-71
name=unknown_B
#
# <colnr> <probs for GDERKNQSTAVLIFYWHMCP>
#	G	D	E	R	K	N	Q	S	T	A	V	L	I	F	Y	W	H	M	C	P
0	0.01467	0.10216	0.10582	0.01043	0.01394	0.01293	0.00920	0.28850	0.08961	0.05279	0.01457	0.04322	0.01273	0.19398	0.01029	0.00245	0.00566	0.00567	0.00421	0.00716
1	0.01845	0.01263	0.01406	0.01131	0.01506	0.01380	0.00919	0.41189	0.20900	0.15041	0.01657	0.01605	0.01188	0.00876	0.05359	0.00210	0.00579	0.00529	0.00545	0.00870
2	0.11333	0.01123	0.01263	0.01073	0.01417	0.01228	0.05005	0.02460	0.51802	0.05507	0.01812	0.01730	0.01359	0.00646	0.00509	0.00168	0.00449	0.00536	0.00485	0.10095
3	0.01563	0.01073	0.01451	0.03376	0.01579	0.01016	0.09743	0.13271	0.09788	0.19954	0.04112	0.03674	0.03293	0.00626	0.00522	0.00148	0.00504	0.00543	0.00468	0.23296
4	0.01283	0.01372	0.10271	0.10776	0.02028	0.01313	0.13783	0.11975	0.10291	0.01892	0.01171	0.01474	0.00933	0.00636	0.00762	0.00175	0.15224	0.02315	0.00337	0.11988
5	0.00869	0.00864	0.10016	0.00885	0.01056	0.00676	0.00728	0.09234	0.01223	0.01662	0.06384	0.55670	0.02937	0.04240	0.00718	0.00214	0.00404	0.01220	0.00469	0.00531
6	0.11465	0.06944	0.06594	0.01395	0.01768	0.07620	0.17102	0.12906	0.01334	0.06037	0.00999	0.01206	0.00780	0.00602	0.00745	0.00172	0.16131	0.00454	0.00330	0.05416

[dist]
# distance from previous block
# <min> <max>
0	2

[block]
# block no. 2 follows, 45 sequences, length 17
# corresponding to MSA columns:
# 74-90
name=unknown_C
#
# <colnr> <probs for GDERKNQSTAVLIFYWHMCP>
#	G	D	E	R	K	N	Q	S	T	A	V	L	I	F	Y	W	H	M	C	P
0	0.29925	0.01330	0.01324	0.01049	0.01445	0.01484	0.00866	0.48804	0.01953	0.05263	0.01131	0.01165	0.00814	0.00596	0.00468	0.00163	0.00528	0.00420	0.00472	0.00801
1	0.00932	0.00466	0.00699	0.00699	0.00699	0.00466	0.00466	0.00699	0.00699	0.00932	0.00932	0.01632	0.00932	0.01865	0.02098	0.84382	0.00466	0.00466	0.00233	0.00233
2	0.00788	0.00569	0.00729	0.00799	0.00897	0.00550	0.00631	0.00954	0.01139	0.01479	0.07566	0.12338	0.13983	0.17682	0.01119	0.00286	0.00435	0.37140	0.00467	0.00449
3	0.01506	0.49873	0.06625	0.01235	0.01693	0.14741	0.11980	0.04086	0.01236	0.01429	0.00839	0.00993	0.00714	0.00482	0.00425	0.00133	0.00700	0.00360	0.00253	0.00696
4	0.01404	0.01318	0.02076	0.04698	0.65570	0.03226	0.01553	0.08503	0.03049	0.01895	0.01056	0.01333	0.00867	0.00502	0.00531	0.00160	0.00638	0.00478	0.00297	0.00845
5	0.00650	0.00533	0.00573	0.00587	0.00741	0.00456	0.00431	0.00791	0.01224	0.01508	0.12243	0.16136	0.59507	0.01381	0.00642	0.00185	0.00276	0.01174	0.00508	0.00456
6	0.01329	0.01275	0.02179	0.03295	0.77787	0.01275	0.01647	0.01647	0.01222	0.01754	0.01010	0.01329	0.00850	0.00478	0.00531	0.00159	0.00638	0.00478	0.00266	0.00850
7	0.60869	0.01293	0.01003	0.00869	0.01209	0.11624	0.00703	0.10696	0.01212	0.05099	0.00873	0.00970	0.00663	0.00529	0.00385	0.00162	0.00512	0.00330	0.00361	0.00639
8	0.01097	0.00691	0.00867	0.00790	0.00980	0.00671	0.00603	0.01521	0.12984	0.14027	0.47116	0.10610	0.03812	0.01028	0.00610	0.00175	0.00317	0.00900	0.00587	0.00616
9	0.00763	0.00515	0.00593	0.00602	0.00632	0.00499	0.00364	0.00769	0.00860	0.01119	0.02291	0.09511	0.13561	0.55341	0.02194	0.08364	0.00461	0.00862	0.00356	0.00345
10	0.09258	0.01120	0.01206	0.01149	0.05326	0.01269	0.00850	0.02598	0.59984	0.05800	0.02078	0.01943	0.03658	0.00709	0.00527	0.00179	0.00432	0.00582	0.00516	0.00816
11	0.84927	0.01038	0.00789	0.00706	0.01038	0.01204	0.00581	0.01578	0.00914	0.02408	0.00747	0.00872	0.00581	0.00498	0.00332	0.00166	0.00415	0.00291	0.00332	0.00581
12	0.04841	0.01354	0.02166	0.02541	0.43411	0.07841	0.19468	0.01646	0.01243	0.01727	0.01256	0.01529	0.04835	0.00530	0.00544	0.00163	0.00690	0.00532	0.02926	0.00757
13	0.01329	0.01329	0.04370	0.02643	0.52448	0.03071	0.06922	0.03367	0.08386	0.01821	0.01122	0.01366	0.00910	0.00499	0.00527	0.00156	0.00627	0.00482	0.00302	0.08323
14	0.01403	0.12621	0.11600	0.01251	0.07150	0.03086	0.01049	0.11443	0.23070	0.03900	0.01352	0.01389	0.01037	0.00563	0.00481	0.00145	0.00538	0.00446	0.00391	0.17084
15	0.09450	0.11641	0.06433	0.01109	0.01522	0.01437	0.03229	0.21025	0.25213	0.06634	0.01449	0.01434	0.01079	0.00606	0.00489	0.00159	0.00524	0.00471	0.00448	0.05649
16	0.04906	0.14051	0.08679	0.01115	0.01596	0.01277	0.07587	0.15300	0.05534	0.06484	0.01122	0.01217	0.00859	0.00506	0.00460	0.00132	0.00548	0.00406	0.00365	0.27858

[dist]
# distance from previous block
# <min> <max>
0	19

[block]
# block no. 3 follows, 45 sequences, length 7
# corresponding to MSA columns:
# 129-135
name=unknown_D
#
# <colnr> <probs for GDERKNQSTAVLIFYWHMCP>
#	G	D	E	R	K	N	Q	S	T	A	V	L	I	F	Y	W	H	M	C	P
0	0.01694	0.01352	0.10441	0.01093	0.01533	0.01185	0.00977	0.30133	0.07879	0.16928	0.08132	0.01644	0.01371	0.00644	0.00524	0.00154	0.00519	0.00513	0.00499	0.12786
1	0.11636	0.08116	0.37144	0.01443	0.06160	0.01307	0.07584	0.06602	0.04566	0.05775	0.01066	0.01200	0.00784	0.00520	0.00487	0.00162	0.00668	0.00418	0.00306	0.04057
2	0.01790	0.14217	0.04683	0.01248	0.01696	0.05513	0.07378	0.41411	0.03941	0.06561	0.01199	0.01250	0.00884	0.00579	0.00504	0.00151	0.00619	0.00452	0.00436	0.05490
3	0.00781	0.00520	0.00585	0.00585	0.00585	0.00520	0.00325	0.00781	0.00781	0.01041	0.01691	0.03513	0.01952	0.81135	0.02732	0.00520	0.00520	0.00781	0.00325	0.00325
4	0.01496	0.08134	0.01432	0.01117	0.01453	0.05888	0.00894	0.14535	0.54051	0.02293	0.01840	0.01731	0.01386	0.00682	0.00524	0.00170	0.00495	0.00545	0.00502	0.00833
5	0.00680	0.00486	0.00653	0.00777	0.00820	0.00458	0.00544	0.00792	0.01053	0.01399	0.02944	0.71553	0.03493	0.01657	0.00692	0.00222	0.00334	0.10501	0.00498	0.00443
6	0.01052	0.03707	0.10527	0.00945	0.01203	0.05227	0.02798	0.01378	0.08341	0.08054	0.02602	0.32490	0.13169	0.03113	0.00650	0.00194	0.00458	0.00977	0.00447	0.02669

[dist]
# distance from previous block
# <min> <max>
0	11

[block]
# block no. 4 follows, 45 sequences, length 21
# corresponding to MSA columns:
# 147-167
name=unknown_E
#
# <colnr> <probs for GDERKNQSTAVLIFYWHMCP>
#	G	D	E	R	K	N	Q	S	T	A	V	L	I	F	Y	W	H	M	C	P
0	0.05460	0.10112	0.05627	0.37035	0.09021	0.08594	0.05896	0.01602	0.04688	0.01522	0.01021	0.01410	0.00821	0.00559	0.00541	0.00169	0.02714	0.02281	0.00270	0.00656
1	0.00781	0.00520	0.00585	0.00585	0.00585	0.00520	0.00325	0.00781	0.00781	0.01041	0.01691	0.03513	0.01952	0.81135	0.02732	0.00520	0.00520	0.00781	0.00325	0.00325
2	0.02408	0.00914	0.01246	0.00955	0.01370	0.00789	0.00789	0.02616	0.01536	0.78158	0.02118	0.01827	0.01329	0.00664	0.00540	0.00166	0.00457	0.00540	0.00664	0.00914
3	0.01455	0.71023	0.07271	0.00989	0.01455	0.07619	0.00991	0.01652	0.01124	0.01293	0.00765	0.00885	0.00689	0.00469	0.00364	0.00120	0.00616	0.00298	0.00233	0.00690
4	0.01265	0.02169	0.44394	0.01716	0.05287	0.01331	0.19310	0.11122	0.04733	0.01943	0.01090	0.01274	0.00791	0.00522	0.00545	0.00172	0.00772	0.00476	0.00292	0.00797
5	0.00750	0.00539	0.00731	0.00850	0.00929	0.00520	0.00663	0.00915	0.01130	0.01481	0.02995	0.43885	0.06014	0.01579	0.00709	0.00230	0.00394	0.34728	0.00496	0.00463
6	0.11306	0.08933	0.16449	0.05251	0.35753	0.03182	0.05169	0.04736	0.01214	0.01817	0.00954	0.01194	0.00763	0.00495	0.00491	0.00160	0.00657	0.00428	0.00274	0.00774
7	0.01507	0.01512	0.01718	0.05197	0.35801	0.21057	0.01279	0.01944	0.12207	0.05110	0.01306	0.01683	0.01092	0.00613	0.00536	0.00164	0.00676	0.05497	0.00341	0.00761
8	0.02408	0.00914	0.01246	0.00955	0.01370	0.00789	0.00789	0.02616	0.01536	0.78158	0.02118	0.01827	0.01329	0.00664	0.00540	0.00166	0.00457	0.00540	0.00664	0.00914
9	0.01055	0.00996	0.01684	0.69841	0.13380	0.01203	0.01511	0.01408	0.01093	0.01421	0.00961	0.01418	0.00733	0.00529	0.00536	0.00176	0.00705	0.00477	0.00242	0.00629
10	0.04872	0.01134	0.01875	0.23386	0.41392	0.01201	0.04937	0.01629	0.03600	0.05108	0.01166	0.01622	0.00959	0.00560	0.00540	0.00171	0.00639	0.04159	0.00300	0.00750
11	0.00817	0.00548	0.00688	0.00729	0.00821	0.00516	0.00507	0.00995	0.04388	0.06275	0.12850	0.47127	0.10777	0.09306	0.00860	0.00233	0.00334	0.01239	0.00506	0.00484
12	0.74777	0.05042	0.00948	0.06362	0.01245	0.01249	0.00663	0.01565	0.00934	0.02277	0.00762	0.00911	0.00596	0.00499	0.00347	0.00164	0.00445	0.00304	0.00320	0.00588
13	0.01645	0.01209	0.01460	0.01458	0.13899	0.01305	0.01004	0.22831	0.30497	0.12635	0.01769	0.05068	0.01349	0.00697	0.00546	0.00172	0.00505	0.00582	0.00512	0.00858
14	0.00751	0.00511	0.00610	0.00650	0.00665	0.00503	0.00400	0.00789	0.00871	0.01159	0.02094	0.24563	0.02443	0.55505	0.02075	0.00424	0.00462	0.04779	0.00381	0.00364
15	0.01329	0.01263	0.02084	0.03078	0.70250	0.01281	0.01569	0.01766	0.08680	0.01802	0.01126	0.01395	0.00928	0.00503	0.00533	0.00162	0.00617	0.00491	0.00293	0.00850
16	0.01418	0.03748	0.07134	0.05637	0.14744	0.18102	0.37900	0.01780	0.01293	0.01609	0.00996	0.01290	0.00778	0.00486	0.00565	0.00166	0.00851	0.00516	0.00266	0.00720
17	0.00774	0.00547	0.00718	0.00718	0.00764	0.00592	0.00490	0.00866	0.00820	0.01139	0.01570	0.02842	0.01660	0.44281	0.39188	0.00684	0.00959	0.00682	0.00307	0.00399
18	0.09121	0.04018	0.08021	0.00800	0.01036	0.00736	0.00709	0.01165	0.03686	0.01838	0.27601	0.06645	0.19765	0.01083	0.00596	0.00183	0.00379	0.11597	0.00478	0.00542
19	0.04135	0.00718	0.00929	0.08568	0.01224	0.00725	0.00685	0.07645	0.01529	0.07654	0.52121	0.03329	0.03764	0.00965	0.00602	0.00172	0.00358	0.03750	0.00543	0.00582
20	0.84927	0.01038	0.00789	0.00706	0.01038	0.01204	0.00581	0.01578	0.00914	0.02408	0.00747	0.00872	0.00581	0.00498	0.00332	0.00166	0.00415	0.00291	0.00332	0.00581

[dist]
# distance from previous block
# <min> <max>
0	2

[block]
# block no. 5 follows, 45 sequences, length 7
# corresponding to MSA columns:
# 170-176
name=unknown_F
#
# <colnr> <probs for GDERKNQSTAVLIFYWHMCP>
#	G	D	E	R	K	N	Q	S	T	A	V	L	I	F	Y	W	H	M	C	P
0	0.07947	0.01004	0.01619	0.63048	0.13446	0.01205	0.01437	0.01426	0.01080	0.01508	0.00945	0.01371	0.00723	0.00526	0.00519	0.00175	0.00680	0.00462	0.00250	0.00629
1	0.27324	0.01190	0.01143	0.00935	0.01278	0.04523	0.00761	0.31300	0.01672	0.09640	0.01254	0.01311	0.00914	0.00595	0.00446	0.00156	0.00486	0.00426	0.13911	0.00733
2	0.26552	0.01366	0.01368	0.01079	0.01479	0.01528	0.00890	0.53989	0.02048	0.03095	0.01129	0.01166	0.00815	0.00601	0.00476	0.00163	0.00539	0.00426	0.00476	0.00815
3	0.06034	0.10901	0.58902	0.01366	0.02063	0.01297	0.01682	0.01766	0.01153	0.08590	0.01032	0.01152	0.00734	0.00518	0.00485	0.00164	0.00718	0.00392	0.00272	0.00781
4	0.02026	0.00863	0.01156	0.00945	0.01296	0.00778	0.00780	0.02320	0.05964	0.58297	0.08120	0.02528	0.01856	0.00803	0.00572	0.00177	0.00444	0.09619	0.00631	0.00826
5	0.01328	0.01114	0.01172	0.01036	0.01339	0.01257	0.00811	0.11554	0.57524	0.02278	0.02512	0.02341	0.11764	0.00803	0.00557	0.00179	0.00425	0.00662	0.00539	0.00804
6	0.01227	0.00650	0.00833	0.00759	0.00927	0.00609	0.00567	0.01370	0.01183	0.22753	0.12811	0.03410	0.08312	0.27360	0.06915	0.00342	0.00509	0.08425	0.00485	0.00553

[dist]
# distance from previous block
# <min> <max>
0	1

[block]
# block no. 6 follows, 45 sequences, length 18
# corresponding to MSA columns:
# 178-195
name=unknown_G
#
# <colnr> <probs for GDERKNQSTAVLIFYWHMCP>
#	G	D	E	R	K	N	Q	S	T	A	V	L	I	F	Y	W	H	M	C	P
0	0.01506	0.37910	0.09683	0.08545	0.08203	0.06924	0.01136	0.05965	0.05512	0.08406	0.01049	0.01162	0.00827	0.00523	0.00443	0.00143	0.00623	0.00387	0.00310	0.00741
1	0.05216	0.01029	0.01286	0.00997	0.01402	0.00979	0.00821	0.16536	0.03768	0.57368	0.03648	0.01745	0.01317	0.00666	0.00534	0.00166	0.00475	0.00532	0.00623	0.00890
2	0.00767	0.00509	0.00588	0.00613	0.00625	0.00503	0.00362	0.00798	0.00847	0.01154	0.01943	0.18598	0.02236	0.61477	0.02211	0.00441	0.00466	0.00913	0.04594	0.00356
3	0.03416	0.02421	0.60258	0.01696	0.07656	0.01246	0.10029	0.01723	0.01161	0.04026	0.01009	0.01196	0.00724	0.00506	0.00521	0.00170	0.00774	0.00430	0.00250	0.00788
4	0.01273	0.01218	0.02078	0.16872	0.64646	0.01261	0.01620	0.01598	0.01196	0.01686	0.01000	0.01347	0.00826	0.00489	0.00532	0.00163	0.00652	0.00478	0.00261	0.00805
5	0.01199	0.01303	0.02603	0.01936	0.02313	0.01358	0.51762	0.01550	0.01128	0.01578	0.01033	0.01448	0.00839	0.00901	0.08310	0.00258	0.18955	0.00591	0.00265	0.00670
6	0.01346	0.02323	0.53184	0.01507	0.02190	0.01314	0.08096	0.16077	0.01433	0.05890	0.01095	0.01225	0.00769	0.00539	0.00527	0.00169	0.00747	0.00441	0.00312	0.00816
7	0.02020	0.01394	0.18536	0.01115	0.01610	0.00996	0.01079	0.08692	0.05665	0.50487	0.01792	0.01635	0.01165	0.00632	0.00533	0.00167	0.00542	0.00507	0.00549	0.00883
8	0.00664	0.00545	0.00584	0.00574	0.00743	0.00466	0.00431	0.00827	0.01292	0.01613	0.22176	0.04897	0.60729	0.01299	0.00634	0.00178	0.00268	0.01095	0.00520	0.00466
9	0.00656	0.00504	0.00603	0.00676	0.00770	0.00451	0.00476	0.00776	0.01123	0.01430	0.05931	0.47334	0.31840	0.01536	0.00666	0.00204	0.00301	0.03778	0.00501	0.00446
10	0.01038	0.01001	0.01757	0.72509	0.03613	0.01208	0.08521	0.01404	0.01092	0.01404	0.00967	0.01433	0.00725	0.00529	0.00546	0.00179	0.00733	0.00492	0.00242	0.00608
11	0.00969	0.00662	0.00985	0.01064	0.08067	0.00721	0.00739	0.01166	0.00960	0.07840	0.01484	0.02087	0.01331	0.07577	0.57357	0.00687	0.01177	0.00571	0.04013	0.00543
12	0.00654	0.00467	0.00623	0.00747	0.00779	0.00436	0.00498	0.00747	0.01028	0.01370	0.02959	0.80785	0.03550	0.01682	0.00685	0.00218	0.00311	0.01526	0.00498	0.00436
13	0.58881	0.01021	0.00966	0.00823	0.01146	0.01146	0.00679	0.01792	0.01049	0.19701	0.01058	0.01117	0.00763	0.00574	0.00501	0.00172	0.07190	0.00363	0.00400	0.00658
14	0.14857	0.01086	0.01265	0.03287	0.07869	0.03416	0.00870	0.08055	0.15765	0.30906	0.05889	0.01711	0.01370	0.00650	0.00511	0.00168	0.00481	0.00520	0.00519	0.00804
15	0.00757	0.00575	0.00740	0.11061	0.01109	0.00586	0.00572	0.00890	0.01009	0.01328	0.02772	0.20899	0.20469	0.21791	0.08404	0.00335	0.00509	0.00961	0.04792	0.00441
16	0.01491	0.74060	0.02702	0.00948	0.01404	0.02081	0.00928	0.08490	0.01223	0.01459	0.00796	0.00901	0.00710	0.00476	0.00362	0.00119	0.00576	0.00305	0.00258	0.00710
17	0.01270	0.00956	0.01134	0.00832	0.01281	0.00763	0.00668	0.05132	0.01227	0.09478	0.02872	0.01291	0.00970	0.00564	0.02846	0.00118	0.00442	0.00371	0.00369	0.67416

[dist]
# distance from previous block
# <min> <max>
0	2

[block]
# block no. 7 follows, 45 sequences, length 60
# corresponding to MSA columns:
# 198-257
name=unknown_H
#
# <colnr> <probs for GDERKNQSTAVLIFYWHMCP>
#	G	D	E	R	K	N	Q	S	T	A	V	L	I	F	Y	W	H	M	C	P
0	0.01074	0.03803	0.60509	0.01519	0.02208	0.01200	0.09988	0.01631	0.01180	0.01727	0.06954	0.01524	0.01102	0.00575	0.00537	0.00172	0.00752	0.02527	0.00267	0.00753
1	0.01731	0.02063	0.01631	0.12781	0.12227	0.51796	0.01191	0.03533	0.01403	0.01425	0.00875	0.01100	0.00722	0.00562	0.00564	0.00152	0.04923	0.00392	0.00273	0.00654
2	0.00660	0.00482	0.00621	0.00719	0.00774	0.00443	0.00489	0.00771	0.01088	0.01440	0.09008	0.66447	0.11882	0.01601	0.00675	0.00210	0.00303	0.01439	0.00505	0.00443
3	0.07833	0.01423	0.04146	0.03796	0.13588	0.03234	0.44816	0.09426	0.01359	0.01927	0.01093	0.02847	0.00856	0.00509	0.00578	0.00174	0.00779	0.00570	0.00306	0.00742
4	0.01578	0.01230	0.01225	0.01071	0.02791	0.12148	0.00822	0.07198	0.28194	0.16568	0.10975	0.02003	0.03479	0.00713	0.00535	0.00161	0.00497	0.00578	0.00510	0.07725
5	0.01787	0.01434	0.01717	0.01324	0.01729	0.05352	0.11586	0.48829	0.05546	0.05371	0.01607	0.01635	0.06685	0.00676	0.00579	0.00167	0.02112	0.00554	0.00482	0.00828
6	0.01280	0.12234	0.02955	0.01989	0.02462	0.01492	0.57640	0.01658	0.01195	0.01612	0.00999	0.01339	0.00786	0.00506	0.00716	0.00178	0.09426	0.00569	0.00262	0.00704
7	0.01329	0.01275	0.02179	0.03295	0.77787	0.01275	0.01647	0.01647	0.01222	0.01754	0.01010	0.01329	0.00850	0.00478	0.00531	0.00159	0.00638	0.00478	0.00266	0.00850
8	0.01310	0.01224	0.02271	0.01756	0.05438	0.01187	0.42163	0.07992	0.03041	0.07728	0.01909	0.03641	0.12982	0.00680	0.00660	0.00180	0.04062	0.00695	0.00369	0.00709
9	0.03134	0.21170	0.42509	0.01341	0.01960	0.07389	0.04155	0.06122	0.01252	0.04891	0.00969	0.01100	0.00727	0.00513	0.00472	0.00154	0.00725	0.00384	0.00272	0.00761
10	0.02132	0.00871	0.01169	0.00921	0.01291	0.00771	0.00751	0.02398	0.04524	0.64351	0.12825	0.02144	0.01872	0.00728	0.00553	0.00167	0.00427	0.00604	0.00649	0.00853
11	0.02211	0.00969	0.01248	0.00986	0.01382	0.00905	0.00805	0.04343	0.14832	0.63056	0.02111	0.01846	0.01374	0.00675	0.00541	0.00169	0.00454	0.00550	0.00641	0.00902
12	0.01413	0.01239	0.02044	0.02971	0.66938	0.01242	0.01529	0.01800	0.06126	0.07703	0.01171	0.01411	0.00938	0.00509	0.00533	0.00161	0.00610	0.00491	0.00315	0.00855
13	0.01243	0.01430	0.07843	0.01656	0.06287	0.06634	0.13678	0.01472	0.00996	0.01436	0.00833	0.01227	0.00741	0.00767	0.01295	0.00208	0.49423	0.00484	0.01707	0.00642
14	0.00987	0.00499	0.00505	0.00510	0.00631	0.00498	0.00380	0.01231	0.01122	0.01976	0.01799	0.05130	0.01462	0.00667	0.00388	0.00129	0.00253	0.00541	0.80794	0.00498
15	0.09833	0.05557	0.01639	0.01646	0.15940	0.47275	0.01102	0.07887	0.01468	0.01665	0.00889	0.01048	0.00728	0.00537	0.00476	0.00146	0.00805	0.00374	0.00299	0.00688
16	0.01001	0.00500	0.00500	0.00500	0.00625	0.00500	0.00375	0.01251	0.01126	0.02001	0.01751	0.02001	0.01376	0.00625	0.00375	0.00125	0.00250	0.00500	0.84115	0.00500
17	0.01356	0.01164	0.01226	0.01097	0.01404	0.01345	0.00855	0.05038	0.74597	0.02279	0.02158	0.01981	0.01617	0.00726	0.00546	0.00181	0.00430	0.00603	0.00546	0.00852
18	0.00652	0.00537	0.00573	0.00587	0.00746	0.00459	0.00436	0.00795	0.01225	0.01499	0.10684	0.13508	0.61999	0.01378	0.00642	0.00186	0.00280	0.02852	0.00506	0.00456
19	0.01830	0.00926	0.01252	0.06076	0.01477	0.00895	0.03769	0.06237	0.10119	0.43581	0.05871	0.05981	0.01634	0.06960	0.00726	0.00199	0.00482	0.00634	0.00562	0.00788
20	0.01400	0.73803	0.10162	0.00978	0.01470	0.02039	0.01022	0.01616	0.01095	0.01305	0.00767	0.00888	0.00688	0.00464	0.00361	0.00120	0.00595	0.00298	0.00229	0.00699
21	0.00760	0.00549	0.00718	0.00675	0.00802	0.00506	0.00506	0.01013	0.01519	0.02153	0.77503	0.04010	0.05065	0.01097	0.00633	0.00169	0.00253	0.00971	0.00591	0.00506
22	0.01077	0.02777	0.78354	0.01530	0.02323	0.01247	0.01983	0.01700	0.01133	0.01700	0.00963	0.01133	0.00680	0.00510	0.00510	0.00170	0.00793	0.00397	0.00227	0.00793
23	0.05077	0.07265	0.01604	0.01329	0.01561	0.52430	0.01042	0.03130	0.01330	0.01384	0.00801	0.01009	0.00694	0.00632	0.00754	0.00160	0.18536	0.00370	0.00271	0.00622
24	0.01468	0.00827	0.00997	0.00861	0.01144	0.00801	0.00683	0.01986	0.19610	0.29277	0.14992	0.03051	0.17566	0.00920	0.00583	0.00176	0.00380	0.03371	0.00584	0.00724
25	0.00652	0.00473	0.00617	0.00732	0.00774	0.00437	0.00491	0.00749	0.01043	0.01376	0.03151	0.74928	0.09283	0.01657	0.00681	0.00215	0.00308	0.01496	0.00498	0.00437
26	0.07639	0.01074	0.01310	0.01011	0.01425	0.01042	0.00835	0.21476	0.01751	0.53982	0.01815	0.01627	0.01173	0.00649	0.00526	0.00165	0.00489	0.00509	0.00610	0.00892
27	0.01329	0.01275	0.02179	0.03295	0.77787	0.01275	0.01647	0.01647	0.01222	0.01754	0.01010	0.01329	0.00850	0.00478	0.00531	0.00159	0.00638	0.00478	0.00266	0.00850
28	0.00775	0.00542	0.00692	0.00692	0.00729	0.00578	0.00459	0.00849	0.00812	0.01120	0.01594	0.02971	0.01717	0.51404	0.32142	0.00652	0.00874	0.00701	0.00311	0.00385
29	0.01281	0.01367	0.12219	0.01225	0.03303	0.01284	0.02770	0.04122	0.56562	0.02128	0.01979	0.03441	0.01542	0.00731	0.00553	0.00183	0.00498	0.03510	0.00485	0.00818
30	0.00932	0.00466	0.00699	0.00699	0.00699	0.00466	0.00466	0.00699	0.00699	0.00932	0.00932	0.01632	0.00932	0.01865	0.02098	0.84382	0.00466	0.00466	0.00233	0.00233
31	0.02339	0.00929	0.01244	0.00964	0.01372	0.00824	0.00793	0.02631	0.06395	0.73259	0.02122	0.01838	0.01349	0.00669	0.00540	0.00167	0.00455	0.00544	0.00657	0.00909
32	0.01249	0.01194	0.02027	0.18575	0.61144	0.01240	0.01587	0.01572	0.01192	0.01670	0.01102	0.01438	0.02607	0.00510	0.00535	0.00164	0.00645	0.00493	0.00266	0.00790
33	0.01135	0.06145	0.64875	0.01581	0.02320	0.03025	0.10157	0.01708	0.01155	0.01674	0.00964	0.01153	0.00696	0.00502	0.00516	0.00168	0.00800	0.00417	0.00233	0.00777
34	0.02408	0.00914	0.01246	0.00955	0.01370	0.00789	0.00789	0.02616	0.01536	0.78158	0.02118	0.01827	0.01329	0.00664	0.00540	0.00166	0.00457	0.00540	0.00664	0.00914
35	0.01346	0.01586	0.04852	0.01932	0.02328	0.12438	0.46924	0.01687	0.01203	0.01569	0.00964	0.01311	0.00769	0.00573	0.00852	0.00186	0.17984	0.00550	0.00263	0.00682
36	0.01291	0.06385	0.01989	0.09973	0.50428	0.03571	0.03504	0.01618	0.03384	0.02809	0.01170	0.01694	0.01028	0.03852	0.00624	0.00179	0.00636	0.04808	0.00291	0.00764
37	0.01284	0.01230	0.02098	0.14164	0.67266	0.01264	0.01625	0.01608	0.01201	0.01699	0.01002	0.01343	0.00831	0.00487	0.00532	0.00162	0.00649	0.00478	0.00262	0.00814
38	0.00702	0.00547	0.00649	0.00699	0.00833	0.00493	0.00541	0.00865	0.01211	0.01526	0.09918	0.20171	0.39781	0.01432	0.00670	0.00203	0.00331	0.18460	0.00505	0.00464
39	0.01160	0.03640	0.37650	0.01496	0.10600	0.01063	0.03154	0.01635	0.04186	0.07801	0.08966	0.06339	0.01610	0.00738	0.00559	0.00178	0.00624	0.07513	0.00356	0.00732
40	0.01304	0.01496	0.11809	0.04473	0.59669	0.03170	0.05377	0.01687	0.02674	0.01736	0.01025	0.01316	0.00836	0.00489	0.00533	0.00162	0.00676	0.00475	0.00266	0.00826
41	0.00675	0.00482	0.00646	0.00771	0.00811	0.00454	0.00534	0.00783	0.01048	0.01393	0.02947	0.73521	0.03505	0.01662	0.00691	0.00221	0.00329	0.08587	0.00498	0.00442
42	0.01344	0.01466	0.08067	0.03029	0.65962	0.05513	0.03449	0.01680	0.01233	0.01725	0.00998	0.01297	0.00828	0.00484	0.00530	0.00160	0.00674	0.00469	0.00263	0.00830
43	0.01474	0.05295	0.48271	0.01465	0.06338	0.01161	0.03213	0.01944	0.01250	0.22585	0.01276	0.01330	0.00870	0.00547	0.00515	0.00166	0.00686	0.00441	0.00350	0.00824
44	0.08937	0.02614	0.71083	0.01453	0.02203	0.01243	0.01852	0.01689	0.01113	0.01766	0.00943	0.01109	0.00671	0.00509	0.00493	0.00170	0.00758	0.00387	0.00237	0.00773
45	0.84927	0.01038	0.00789	0.00706	0.01038	0.01204	0.00581	0.01578	0.00914	0.02408	0.00747	0.00872	0.00581	0.00498	0.00332	0.00166	0.00415	0.00291	0.00332	0.00581
46	0.01329	0.01275	0.02179	0.03295	0.77787	0.01275	0.01647	0.01647	0.01222	0.01754	0.01010	0.01329	0.00850	0.00478	0.00531	0.00159	0.00638	0.00478	0.00266	0.00850
47	0.01113	0.00954	0.01113	0.00795	0.01272	0.00716	0.00636	0.01352	0.01113	0.01749	0.00954	0.01113	0.00795	0.00398	0.00398	0.00080	0.00398	0.00318	0.00318	0.84417
48	0.00752	0.00546	0.00728	0.00836	0.00920	0.00528	0.00645	0.00939	0.02553	0.01502	0.04658	0.43688	0.07572	0.01554	0.00701	0.00226	0.00383	0.30301	0.00500	0.00469
49	0.01113	0.00954	0.01113	0.00795	0.01272	0.00716	0.00636	0.01352	0.01113	0.01749	0.00954	0.01113	0.00795	0.00398	0.00398	0.00080	0.00398	0.00318	0.00318	0.84417
50	0.01329	0.01266	0.02105	0.03127	0.71967	0.01280	0.01587	0.01739	0.06981	0.01791	0.01099	0.01380	0.00910	0.00497	0.00533	0.00161	0.00621	0.00488	0.00287	0.00850
51	0.01888	0.01710	0.01507	0.01245	0.01609	0.21948	0.00990	0.41741	0.17310	0.02608	0.01349	0.01349	0.01002	0.00637	0.00525	0.00159	0.00656	0.00472	0.00470	0.00824
52	0.00742	0.00533	0.00663	0.00731	0.00800	0.00509	0.00528	0.00857	0.01048	0.01364	0.04555	0.27668	0.13570	0.24200	0.01274	0.00305	0.00410	0.19372	0.00450	0.00423
53	0.17076	0.06604	0.01357	0.01040	0.01404	0.21221	0.00840	0.06712	0.04257	0.32295	0.01401	0.01344	0.00974	0.00594	0.00475	0.00156	0.00596	0.00427	0.00464	0.00761
54	0.01077	0.02777	0.78354	0.01530	0.02323	0.01247	0.01983	0.01700	0.01133	0.01700	0.00963	0.01133	0.00680	0.00510	0.00510	0.00170	0.00793	0.00397	0.00227	0.00793
55	0.00726	0.00537	0.00678	0.00665	0.00787	0.00489	0.00490	0.00940	0.01408	0.01939	0.56403	0.14439	0.16079	0.01216	0.00640	0.00177	0.00264	0.01070	0.00564	0.00489
56	0.01230	0.01601	0.13742	0.02129	0.04262	0.01311	0.61313	0.01682	0.01229	0.01692	0.01062	0.01407	0.00800	0.00507	0.00662	0.02927	0.00869	0.00591	0.00264	0.00720
57	0.01477	0.01433	0.04993	0.02693	0.56061	0.10048	0.01468	0.03357	0.01291	0.07631	0.01102	0.01389	0.00900	0.03138	0.00598	0.00170	0.00663	0.00475	0.00304	0.00811
58	0.00691	0.00559	0.03186	0.00799	0.00865	0.00482	0.00586	0.00818	0.01054	0.01407	0.02881	0.70129	0.03407	0.01622	0.00685	0.00220	0.00347	0.09321	0.00489	0.00454
59	0.00855	0.00625	0.00862	0.00949	0.01070	0.00632	0.00815	0.01095	0.01259	0.01663	0.12620	0.05603	0.05351	0.01411	0.00758	0.00235	0.03056	0.60143	0.00499	0.00498

[dist]
# distance from previous block
# <min> <max>
0	14

[block]
# block no. 8 follows, 45 sequences, length 7
# corresponding to MSA columns:
# 272-278
name=unknown_I
#
# <colnr> <probs for GDERKNQSTAVLIFYWHMCP>
#	G	D	E	R	K	N	Q	S	T	A	V	L	I	F	Y	W	H	M	C	P
0	0.78510	0.01032	0.00852	0.06758	0.01241	0.01203	0.00651	0.01562	0.00926	0.02329	0.00763	0.00915	0.00592	0.00501	0.00348	0.00167	0.00438	0.00305	0.00325	0.00582
1	0.21519	0.01322	0.01257	0.01033	0.01376	0.07656	0.00834	0.37460	0.05987	0.02743	0.12180	0.01596	0.01456	0.00672	0.00498	0.00163	0.00522	0.00503	0.00475	0.00748
2	0.01430	0.01240	0.01343	0.11466	0.01746	0.05451	0.00946	0.16243	0.37812	0.02224	0.01603	0.01608	0.01207	0.00630	0.00518	0.00161	0.00520	0.00511	0.00457	0.12886
3	0.01092	0.00781	0.00986	0.00791	0.01096	0.00654	0.00609	0.01210	0.01002	0.05706	0.01083	0.01420	0.00936	0.01285	0.12163	0.20239	0.00567	0.00403	0.00313	0.47664
4	0.00944	0.00725	0.01002	0.01174	0.11080	0.00741	0.00772	0.08935	0.01228	0.01669	0.05523	0.34294	0.02540	0.04753	0.12045	0.00311	0.00576	0.10695	0.00438	0.00554
5	0.01466	0.47513	0.05424	0.01274	0.12438	0.01638	0.01016	0.01690	0.01162	0.09568	0.00966	0.01075	0.00794	0.00478	0.00406	0.00124	0.00557	0.00350	0.00292	0.11769
6	0.01065	0.00697	0.00869	0.00829	0.00986	0.00689	0.00622	0.10944	0.01403	0.09964	0.19763	0.35904	0.07524	0.01260	0.00665	0.00193	0.02437	0.03079	0.00535	0.00572

[dist]
# distance from previous block
# <min> <max>
0	1

[block]
# block no. 9 follows, 45 sequences, length 7
# corresponding to MSA columns:
# 282-288
name=unknown_J
#
# <colnr> <probs for GDERKNQSTAVLIFYWHMCP>
#	G	D	E	R	K	N	Q	S	T	A	V	L	I	F	Y	W	H	M	C	P
0	0.21817	0.00943	0.01138	0.00896	0.01292	0.00887	0.00740	0.02372	0.01390	0.60342	0.01795	0.01602	0.01153	0.00625	0.00491	0.00166	0.00447	0.00481	0.00586	0.00835
1	0.01218	0.01137	0.01905	0.44360	0.24436	0.01273	0.07882	0.08238	0.01264	0.01692	0.01011	0.01391	0.00780	0.00523	0.00544	0.00172	0.00698	0.00491	0.00276	0.00708
2	0.01715	0.01263	0.01394	0.01074	0.01481	0.01310	0.00876	0.47437	0.05147	0.05953	0.08192	0.01550	0.01311	0.00638	0.00517	0.00146	0.00507	0.00500	0.00501	0.18490
3	0.01781	0.02054	0.01353	0.01230	0.01457	0.57834	0.00916	0.06216	0.01407	0.01356	0.00879	0.01127	0.00755	0.00835	0.00828	0.17913	0.00840	0.00379	0.00283	0.00557
4	0.00717	0.00513	0.00689	0.00778	0.00847	0.00486	0.00570	0.00873	0.01171	0.01580	0.18663	0.50328	0.03782	0.01520	0.00685	0.00213	0.00334	0.15272	0.00517	0.00462
5	0.02160	0.01391	0.05441	0.01091	0.01484	0.17365	0.00913	0.08151	0.01571	0.49228	0.01749	0.04406	0.01207	0.00668	0.00531	0.00162	0.00588	0.00522	0.00543	0.00828
6	0.01346	0.18205	0.02393	0.02710	0.55591	0.01461	0.07505	0.01645	0.01198	0.01647	0.00960	0.01240	0.00813	0.00472	0.00500	0.00152	0.00646	0.00451	0.00259	0.00806

[dist]
# distance from previous block
# <min> <max>
0	2

[block]
# block no. 10 follows, 45 sequences, length 8
# corresponding to MSA columns:
# 291-298
name=unknown_K
#
# <colnr> <probs for GDERKNQSTAVLIFYWHMCP>
#	G	D	E	R	K	N	Q	S	T	A	V	L	I	F	Y	W	H	M	C	P
0	0.22211	0.01340	0.01366	0.01084	0.01480	0.01493	0.00891	0.49357	0.07863	0.05924	0.01258	0.01263	0.00904	0.00616	0.00488	0.00164	0.00530	0.00448	0.00493	0.00827
1	0.71147	0.01115	0.00926	0.00794	0.01142	0.01281	0.00654	0.13950	0.01181	0.02570	0.00837	0.00941	0.00636	0.00523	0.00366	0.00165	0.00444	0.00323	0.00366	0.00636
2	0.01315	0.01501	0.06978	0.04249	0.15129	0.04442	0.49631	0.01720	0.01246	0.03611	0.01064	0.01390	0.00814	0.00491	0.00644	0.00177	0.04011	0.00570	0.00276	0.00741
3	0.00697	0.00597	0.00658	0.00644	0.00804	0.00558	0.00499	0.00845	0.01211	0.01489	0.09272	0.04836	0.63082	0.01318	0.00728	0.00188	0.06481	0.05142	0.00483	0.00469
4	0.15683	0.01358	0.01397	0.01119	0.01508	0.01524	0.00914	0.49353	0.16752	0.02999	0.01374	0.01359	0.00999	0.00636	0.00505	0.00166	0.00529	0.00475	0.00505	0.00845
5	0.00985	0.00888	0.01465	0.64459	0.03193	0.01080	0.01369	0.01321	0.01105	0.01417	0.01322	0.02333	0.01179	0.00721	0.00577	0.00192	0.00672	0.14856	0.00288	0.00576
6	0.01831	0.02245	0.01442	0.01268	0.01584	0.63710	0.00959	0.01989	0.01442	0.01399	0.00854	0.00996	0.00712	0.00523	0.00467	0.00127	0.00857	0.00340	0.00285	0.16972
7	0.04627	0.14362	0.01494	0.00931	0.01364	0.01078	0.00792	0.07862	0.01436	0.42221	0.01554	0.01455	0.01062	0.00571	0.00473	0.00140	0.00474	0.00442	0.00504	0.17158

[dist]
# distance from previous block
# <min> <max>
0	18

[block]
# block no. 11 follows, 45 sequences, length 14
# corresponding to MSA columns:
# 317-330
name=unknown_L
#
# <colnr> <probs for GDERKNQSTAVLIFYWHMCP>
#	G	D	E	R	K	N	Q	S	T	A	V	L	I	F	Y	W	H	M	C	P
0	0.01237	0.01253	0.01146	0.01054	0.01211	0.22048	0.00797	0.01365	0.01130	0.03121	0.01563	0.23217	0.01678	0.07531	0.00970	0.00207	0.16132	0.02941	0.00354	0.11045
1	0.01182	0.00572	0.00679	0.00656	0.00813	0.00539	0.00490	0.01381	0.01179	0.16716	0.02151	0.23353	0.01957	0.00920	0.00492	0.00158	0.00307	0.00786	0.45106	0.00564
2	0.01119	0.00934	0.01064	0.00883	0.01224	0.00865	0.00682	0.04476	0.21700	0.01872	0.01693	0.16934	0.01567	0.00748	0.00499	0.00138	0.00395	0.00639	0.00424	0.42146
3	0.00941	0.00506	0.00523	0.00523	0.00615	0.00506	0.00362	0.01123	0.01032	0.01741	0.01735	0.02412	0.01532	0.22480	0.01015	0.00232	0.00324	0.00576	0.61370	0.00453
4	0.45850	0.00974	0.00905	0.00821	0.01090	0.01086	0.00645	0.15899	0.01259	0.02317	0.01453	0.22646	0.01452	0.00848	0.00468	0.00179	0.00421	0.00664	0.00417	0.00607
5	0.01693	0.01244	0.01368	0.01083	0.01430	0.01350	0.00881	0.55642	0.02251	0.03049	0.21977	0.02027	0.02040	0.00767	0.00563	0.00163	0.00499	0.00616	0.00552	0.00803
6	0.10767	0.01106	0.01734	0.02487	0.53972	0.01117	0.01303	0.01515	0.01245	0.01906	0.15931	0.01800	0.01643	0.00602	0.00529	0.00162	0.00537	0.00553	0.00337	0.00752
7	0.01203	0.01097	0.01822	0.02669	0.56973	0.01097	0.01435	0.01502	0.01226	0.01714	0.01507	0.02612	0.01458	0.00751	0.00588	0.00183	0.00599	0.20483	0.00328	0.00754
8	0.00965	0.00896	0.01438	0.53674	0.11290	0.01037	0.01270	0.01268	0.01118	0.01429	0.01891	0.04300	0.15829	0.00722	0.00559	0.00178	0.00609	0.00634	0.00299	0.00592
9	0.01292	0.00784	0.01119	0.00995	0.01158	0.00893	0.00801	0.01474	0.01038	0.22133	0.01479	0.01850	0.01214	0.02510	0.42609	0.00551	0.16557	0.00545	0.00380	0.00618
10	0.01162	0.01112	0.01975	0.02382	0.42233	0.01083	0.15839	0.01489	0.01312	0.01855	0.21789	0.02080	0.01987	0.00641	0.00579	0.00166	0.00586	0.00642	0.00355	0.00732
11	0.01078	0.00943	0.01471	0.34137	0.19483	0.01048	0.01215	0.07837	0.01222	0.01635	0.01540	0.22936	0.01533	0.00844	0.00576	0.00184	0.00577	0.00763	0.00341	0.00638
12	0.01462	0.00818	0.01044	0.00938	0.03371	0.00885	0.00724	0.05397	0.01243	0.22561	0.01640	0.04693	0.01274	0.00793	0.02086	0.00177	0.15976	0.00543	0.33716	0.00658
13	0.05343	0.00931	0.01499	0.03561	0.01482	0.01014	0.21058	0.01389	0.01079	0.01752	0.01289	0.01672	0.01054	0.03650	0.00807	0.00180	0.16078	0.00530	0.35053	0.00578

[dist]
# distance from previous block
# <min> <max>
1	451

# created by:
# /st0/software/busco_prod/Augustus/scripts/msa2prfl.pl ./align_prep/176959.fa
