[name]
unknown

[dist]
# distance from previous block
# <min> <max>
0	51

[block]
# block no. 0 follows, 45 sequences, length 32
# corresponding to MSA columns:
# 51-82
name=unknown_A
#
# <colnr> <probs for GDERKNQSTAVLIFYWHMCP>
#	G	D	E	R	K	N	Q	S	T	A	V	L	I	F	Y	W	H	M	C	P
0	0.01496	0.02607	0.01395	0.13602	0.04264	0.01231	0.01000	0.23342	0.16079	0.09201	0.03499	0.02125	0.03146	0.00743	0.00575	0.00174	0.01927	0.08107	0.00468	0.05019
1	0.01497	0.01296	0.07989	0.02792	0.05079	0.01124	0.16039	0.09699	0.12525	0.14887	0.01397	0.01467	0.01017	0.00543	0.00523	0.00151	0.00582	0.00495	0.00413	0.20485
2	0.04559	0.03747	0.01706	0.22865	0.31355	0.01241	0.01301	0.07799	0.09035	0.01813	0.01296	0.08574	0.01129	0.00642	0.00535	0.00171	0.00592	0.00573	0.00332	0.00734
3	0.01125	0.00791	0.01078	0.03769	0.11123	0.00772	0.00812	0.08901	0.01309	0.09384	0.03956	0.33013	0.05803	0.01153	0.00617	0.00191	0.00435	0.09835	0.00471	0.05461
4	0.01656	0.11004	0.01298	0.00871	0.01231	0.00899	0.00724	0.01912	0.03869	0.35833	0.14280	0.03811	0.03265	0.00721	0.00516	0.00149	0.00421	0.02264	0.00525	0.14750
5	0.70132	0.01345	0.14474	0.00851	0.01265	0.01212	0.00829	0.01599	0.00952	0.02283	0.00786	0.00918	0.00599	0.00500	0.00364	0.00167	0.00482	0.00309	0.00314	0.00619
6	0.01276	0.01140	0.01116	0.01024	0.01265	0.07647	0.00773	0.02366	0.54424	0.01932	0.02008	0.02327	0.01666	0.14927	0.00934	0.00240	0.00490	0.03236	0.00483	0.00725
7	0.04048	0.09104	0.06699	0.00785	0.01043	0.00782	0.00682	0.01236	0.01391	0.04973	0.51813	0.03032	0.03625	0.00891	0.00560	0.00156	0.00352	0.00762	0.00498	0.07569
8	0.01881	0.10602	0.07313	0.01333	0.01680	0.58688	0.01093	0.08424	0.01535	0.01515	0.00871	0.00997	0.00709	0.00548	0.00476	0.00140	0.00882	0.00355	0.00291	0.00667
9	0.00932	0.00466	0.00699	0.00699	0.00699	0.00466	0.00466	0.00699	0.00699	0.00932	0.00932	0.01632	0.00932	0.01865	0.02098	0.84382	0.00466	0.00466	0.00233	0.00233
10	0.84927	0.01038	0.00789	0.00706	0.01038	0.01204	0.00581	0.01578	0.00914	0.02408	0.00747	0.00872	0.00581	0.00498	0.00332	0.00166	0.00415	0.00291	0.00332	0.00581
11	0.01434	0.01183	0.01255	0.01104	0.01423	0.01356	0.00866	0.10373	0.67321	0.04230	0.02091	0.01925	0.01556	0.00718	0.00545	0.00180	0.00443	0.00593	0.00548	0.00858
12	0.08197	0.00986	0.01377	0.01350	0.14829	0.00905	0.00925	0.02370	0.01436	0.59189	0.01823	0.01670	0.01190	0.00620	0.00523	0.00165	0.00486	0.00511	0.00570	0.00878
13	0.01446	0.01128	0.01217	0.01078	0.01393	0.01279	0.00843	0.02828	0.69071	0.10056	0.02178	0.01985	0.01607	0.00722	0.00546	0.00180	0.00428	0.00600	0.00558	0.00856
14	0.00919	0.00688	0.00829	0.00783	0.00940	0.00689	0.00586	0.08839	0.08879	0.02085	0.42693	0.20059	0.07599	0.01153	0.00626	0.00180	0.00318	0.01012	0.00556	0.00564
15	0.06943	0.00589	0.00670	0.00652	0.00800	0.00552	0.00488	0.00980	0.01278	0.03021	0.34020	0.05792	0.27105	0.09400	0.00833	0.00214	0.00318	0.05355	0.00509	0.00481
16	0.79972	0.01031	0.00816	0.00721	0.01058	0.01179	0.00594	0.01640	0.00951	0.06956	0.00830	0.00929	0.00626	0.00508	0.00345	0.00166	0.00418	0.00306	0.00352	0.00601
17	0.00752	0.00548	0.00707	0.00667	0.00797	0.00503	0.00500	0.00998	0.01501	0.02109	0.73012	0.04082	0.09583	0.01114	0.00633	0.00170	0.00254	0.00981	0.00585	0.00503
18	0.00750	0.00509	0.00599	0.00626	0.00638	0.00500	0.00372	0.00781	0.00863	0.01155	0.04492	0.21632	0.02429	0.59878	0.02183	0.00438	0.00463	0.00962	0.00375	0.00357
19	0.02305	0.00937	0.01243	0.00968	0.01373	0.00841	0.00795	0.02639	0.08775	0.70859	0.02124	0.01844	0.01359	0.00671	0.00540	0.00168	0.00454	0.00546	0.00653	0.00907
20	0.84927	0.01038	0.00789	0.00706	0.01038	0.01204	0.00581	0.01578	0.00914	0.02408	0.00747	0.00872	0.00581	0.00498	0.00332	0.00166	0.00415	0.00291	0.00332	0.00581
21	0.00773	0.00556	0.00758	0.00877	0.00967	0.00540	0.00704	0.00956	0.01153	0.01508	0.02984	0.35429	0.06015	0.01557	0.00715	0.00233	0.00414	0.42895	0.00496	0.00470
22	0.00664	0.00472	0.00623	0.00736	0.00767	0.00443	0.00488	0.00755	0.01023	0.01367	0.04556	0.74230	0.03484	0.06633	0.00812	0.00236	0.00323	0.01467	0.00490	0.00431
23	0.00767	0.00575	0.00863	0.00863	0.00959	0.00671	0.00671	0.00959	0.00863	0.01246	0.01438	0.02109	0.01342	0.04026	0.79008	0.00863	0.01438	0.00575	0.00288	0.00479
24	0.84927	0.01038	0.00789	0.00706	0.01038	0.01204	0.00581	0.01578	0.00914	0.02408	0.00747	0.00872	0.00581	0.00498	0.00332	0.00166	0.00415	0.00291	0.00332	0.00581
25	0.84927	0.01038	0.00789	0.00706	0.01038	0.01204	0.00581	0.01578	0.00914	0.02408	0.00747	0.00872	0.00581	0.00498	0.00332	0.00166	0.00415	0.00291	0.00332	0.00581
26	0.03622	0.01297	0.01399	0.01096	0.01469	0.01415	0.00898	0.58297	0.02233	0.06092	0.06963	0.01575	0.01275	0.00673	0.00523	0.00158	0.00522	0.00519	0.09141	0.00833
27	0.01298	0.01244	0.02124	0.10683	0.70636	0.01267	0.01632	0.01621	0.01208	0.01717	0.01004	0.01338	0.00837	0.00484	0.00532	0.00161	0.00645	0.00478	0.00263	0.00826
28	0.01077	0.02777	0.78354	0.01530	0.02323	0.01247	0.01983	0.01700	0.01133	0.01700	0.00963	0.01133	0.00680	0.00510	0.00510	0.00170	0.00793	0.00397	0.00227	0.00793
29	0.02408	0.00914	0.01246	0.00955	0.01370	0.00789	0.00789	0.02616	0.01536	0.78158	0.02118	0.01827	0.01329	0.00664	0.00540	0.00166	0.00457	0.00540	0.00664	0.00914
30	0.01975	0.01190	0.01291	0.01051	0.01402	0.08475	0.00841	0.22830	0.05772	0.35489	0.04343	0.09800	0.01520	0.00771	0.00552	0.00168	0.00520	0.00625	0.00566	0.00820
31	0.02355	0.01000	0.01299	0.00996	0.01413	0.00917	0.00823	0.13331	0.01681	0.67240	0.01997	0.01748	0.01268	0.00661	0.00539	0.00165	0.00476	0.00532	0.00646	0.00913

[dist]
# distance from previous block
# <min> <max>
0	1

[block]
# block no. 1 follows, 45 sequences, length 11
# corresponding to MSA columns:
# 85-95
name=unknown_B
#
# <colnr> <probs for GDERKNQSTAVLIFYWHMCP>
#	G	D	E	R	K	N	Q	S	T	A	V	L	I	F	Y	W	H	M	C	P
0	0.01588	0.00903	0.01101	0.00899	0.01193	0.00886	0.00721	0.20561	0.01771	0.25788	0.32695	0.02684	0.05154	0.00858	0.00580	0.00166	0.00402	0.00720	0.00597	0.00733
1	0.02139	0.01346	0.01513	0.01160	0.01586	0.01431	0.00958	0.56388	0.02260	0.23364	0.01510	0.01433	0.01024	0.00650	0.00538	0.00162	0.00555	0.00498	0.00571	0.00913
2	0.01289	0.01250	0.02043	0.02815	0.58369	0.01369	0.01527	0.01557	0.01121	0.01636	0.00932	0.01289	0.00813	0.00596	0.00844	0.00179	0.20853	0.00476	0.00258	0.00783
3	0.01239	0.39436	0.01890	0.00951	0.01276	0.01544	0.00837	0.01775	0.21268	0.01521	0.01306	0.01483	0.01109	0.01438	0.20397	0.00323	0.00754	0.00446	0.00329	0.00679
4	0.23031	0.01443	0.21734	0.01045	0.01540	0.01017	0.01055	0.02107	0.01270	0.38469	0.01461	0.01399	0.00965	0.00581	0.00479	0.00167	0.00536	0.00438	0.00463	0.00797
5	0.01127	0.02422	0.58263	0.01726	0.02452	0.01276	0.21718	0.01705	0.01169	0.01705	0.00996	0.01217	0.00716	0.00495	0.00543	0.00173	0.00823	0.00460	0.00239	0.00775
6	0.01070	0.00803	0.00912	0.00791	0.01013	0.00802	0.00619	0.20988	0.01713	0.02303	0.38816	0.03577	0.22388	0.01043	0.00608	0.00170	0.00348	0.00882	0.00553	0.00602
7	0.00878	0.00700	0.01022	0.22005	0.01734	0.00766	0.00938	0.01187	0.05401	0.01520	0.02330	0.23590	0.02490	0.01238	0.00661	0.00218	0.00503	0.31864	0.00430	0.00527
8	0.00771	0.00591	0.00747	0.00760	0.00904	0.00507	0.00533	0.00901	0.01049	0.01467	0.02449	0.60530	0.02850	0.01355	0.00612	0.00183	0.00333	0.01219	0.00452	0.21786
9	0.01216	0.01108	0.01623	0.01991	0.37888	0.00983	0.01120	0.01493	0.01165	0.01751	0.00981	0.01216	0.00821	0.00436	0.00462	0.00118	0.00512	0.00395	0.00293	0.44426
10	0.00771	0.00540	0.00708	0.00799	0.00858	0.00530	0.00596	0.00899	0.01043	0.01375	0.02574	0.30836	0.02942	0.22835	0.01254	0.00310	0.00439	0.29811	0.00450	0.00429

[dist]
# distance from previous block
# <min> <max>
0	1

[block]
# block no. 2 follows, 45 sequences, length 100
# corresponding to MSA columns:
# 97-196
name=unknown_C
#
# <colnr> <probs for GDERKNQSTAVLIFYWHMCP>
#	G	D	E	R	K	N	Q	S	T	A	V	L	I	F	Y	W	H	M	C	P
0	0.01943	0.01362	0.01501	0.01142	0.01577	0.01436	0.00940	0.57519	0.02216	0.10886	0.01326	0.01319	0.00939	0.00610	0.00517	0.00150	0.00549	0.00465	0.00518	0.13086
1	0.09965	0.01144	0.01233	0.01099	0.01361	0.01367	0.00869	0.02493	0.57881	0.02123	0.01820	0.01765	0.01393	0.00735	0.00701	0.00188	0.12046	0.00554	0.00479	0.00784
2	0.01222	0.01444	0.17078	0.01385	0.09567	0.01055	0.07385	0.04373	0.11568	0.02922	0.01169	0.01306	0.00906	0.00491	0.00481	0.00133	0.00557	0.00426	0.00334	0.36197
3	0.01435	0.81458	0.02813	0.00918	0.01378	0.02124	0.00918	0.01607	0.01091	0.01263	0.00746	0.00861	0.00689	0.00459	0.00344	0.00115	0.00574	0.00287	0.00230	0.00689
4	0.01259	0.01192	0.02018	0.03031	0.69815	0.01189	0.01528	0.01554	0.01202	0.01714	0.01211	0.09554	0.01130	0.00603	0.00547	0.00165	0.00604	0.00587	0.00290	0.00807
5	0.01060	0.01001	0.01693	0.68686	0.14497	0.01205	0.01514	0.01412	0.01095	0.01427	0.00962	0.01416	0.00735	0.00528	0.00536	0.00176	0.00704	0.00477	0.00242	0.00633
6	0.01109	0.02343	0.59109	0.01378	0.02074	0.01178	0.01670	0.01768	0.08965	0.01764	0.01088	0.01220	0.00796	0.00516	0.00497	0.00158	0.00697	0.00407	0.00273	0.12989
7	0.01230	0.01376	0.02940	0.13572	0.02935	0.01333	0.64999	0.01669	0.01239	0.01669	0.01067	0.01446	0.00800	0.00465	0.00619	0.00181	0.00877	0.00611	0.00267	0.00705
8	0.13095	0.00732	0.00995	0.09062	0.01292	0.00885	0.00785	0.01120	0.00888	0.01432	0.01225	0.01780	0.01113	0.02891	0.52917	0.00638	0.07836	0.00515	0.00285	0.00515
9	0.01043	0.00971	0.01635	0.58077	0.14148	0.01140	0.03696	0.01361	0.01071	0.01404	0.01043	0.01632	0.00866	0.08869	0.00766	0.00211	0.00690	0.00513	0.00252	0.00609
10	0.00684	0.00503	0.00648	0.00752	0.00822	0.00467	0.00541	0.00808	0.01092	0.01420	0.03339	0.56939	0.15377	0.01599	0.00686	0.00217	0.00334	0.12827	0.00498	0.00448
11	0.00835	0.00590	0.00796	0.00887	0.01007	0.00576	0.00750	0.01014	0.01178	0.01511	0.03063	0.05454	0.14871	0.01503	0.00865	0.08946	0.00456	0.54770	0.00468	0.00461
12	0.01014	0.00954	0.01610	0.79845	0.03697	0.01193	0.01491	0.01371	0.01073	0.01371	0.00954	0.01431	0.00716	0.00537	0.00537	0.00179	0.00716	0.00477	0.00239	0.00596
13	0.01346	0.61843	0.21645	0.01071	0.01613	0.01905	0.01184	0.01630	0.01101	0.01372	0.00800	0.00929	0.00687	0.00472	0.00386	0.00129	0.00629	0.00314	0.00229	0.00715
14	0.02024	0.00840	0.01151	0.00963	0.01306	0.00746	0.00808	0.02241	0.01461	0.59074	0.02298	0.02881	0.01768	0.00868	0.00590	0.00186	0.00466	0.18896	0.00622	0.00809
15	0.00923	0.00689	0.00901	0.00971	0.01121	0.00711	0.00826	0.01356	0.12283	0.01756	0.10475	0.05253	0.03082	0.01333	0.00702	0.00230	0.00459	0.55872	0.00512	0.00547
16	0.01077	0.02777	0.78354	0.01530	0.02323	0.01247	0.01983	0.01700	0.01133	0.01700	0.00963	0.01133	0.00680	0.00510	0.00510	0.00170	0.00793	0.00397	0.00227	0.00793
17	0.01436	0.01509	0.02170	0.02866	0.57206	0.14368	0.09225	0.01738	0.01277	0.01676	0.00987	0.01280	0.00820	0.00488	0.00534	0.00158	0.00721	0.00472	0.00268	0.00799
18	0.01060	0.01001	0.01693	0.68686	0.14497	0.01205	0.01514	0.01412	0.01095	0.01427	0.00962	0.01416	0.00735	0.00528	0.00536	0.00176	0.00704	0.00477	0.00242	0.00633
19	0.00775	0.00527	0.00618	0.00608	0.00639	0.00517	0.00370	0.00839	0.00965	0.01318	0.20591	0.03637	0.02728	0.61182	0.02209	0.00433	0.00454	0.00828	0.00391	0.00370
20	0.00669	0.00556	0.00591	0.00606	0.00766	0.00490	0.00446	0.00856	0.04170	0.01475	0.05862	0.17258	0.60108	0.01432	0.02081	0.00200	0.00306	0.01163	0.00498	0.00467
21	0.01022	0.00969	0.01658	0.77441	0.03669	0.01198	0.03794	0.01382	0.01079	0.01382	0.00958	0.01432	0.00719	0.00534	0.00540	0.00179	0.00721	0.00482	0.00240	0.00600
22	0.00724	0.00547	0.00668	0.00637	0.00780	0.00491	0.00478	0.00943	0.01434	0.01951	0.56780	0.04342	0.25915	0.01173	0.00633	0.00172	0.00259	0.01017	0.00564	0.00491
23	0.01689	0.01074	0.01224	0.01047	0.01387	0.01155	0.00830	0.02774	0.51991	0.27280	0.02163	0.01945	0.01536	0.00707	0.00544	0.00177	0.00435	0.00585	0.00585	0.00871
24	0.01051	0.00992	0.01677	0.70835	0.12417	0.01202	0.01509	0.01404	0.01091	0.01416	0.00961	0.01419	0.00731	0.00530	0.00536	0.00177	0.00706	0.00477	0.00242	0.00626
25	0.84927	0.01038	0.00789	0.00706	0.01038	0.01204	0.00581	0.01578	0.00914	0.02408	0.00747	0.00872	0.00581	0.00498	0.00332	0.00166	0.00415	0.00291	0.00332	0.00581
26	0.01946	0.01439	0.01545	0.01208	0.01619	0.01597	0.00990	0.63676	0.13331	0.04907	0.01438	0.01405	0.01028	0.00657	0.00538	0.00164	0.00563	0.00503	0.00541	0.00904
27	0.00671	0.00525	0.00607	0.00629	0.00758	0.00462	0.00456	0.00825	0.01247	0.01605	0.22766	0.24309	0.40474	0.01377	0.00647	0.00188	0.00277	0.01193	0.00521	0.00462
28	0.00717	0.00536	0.00666	0.00657	0.00782	0.00485	0.00484	0.00921	0.01383	0.01885	0.50931	0.15453	0.20645	0.01240	0.00641	0.00179	0.00266	0.01087	0.00557	0.00485
29	0.84927	0.01038	0.00789	0.00706	0.01038	0.01204	0.00581	0.01578	0.00914	0.02408	0.00747	0.00872	0.00581	0.00498	0.00332	0.00166	0.00415	0.00291	0.00332	0.00581
30	0.84927	0.01038	0.00789	0.00706	0.01038	0.01204	0.00581	0.01578	0.00914	0.02408	0.00747	0.00872	0.00581	0.00498	0.00332	0.00166	0.00415	0.00291	0.00332	0.00581
31	0.01271	0.00670	0.00868	0.00768	0.00995	0.00596	0.00610	0.01489	0.01450	0.26118	0.34994	0.03686	0.16081	0.01037	0.00613	0.00177	0.00341	0.07020	0.00590	0.00626
32	0.01060	0.01001	0.01693	0.68686	0.14497	0.01205	0.01514	0.01412	0.01095	0.01427	0.00962	0.01416	0.00735	0.00528	0.00536	0.00176	0.00704	0.00477	0.00242	0.00633
33	0.00654	0.00467	0.00623	0.00747	0.00779	0.00436	0.00498	0.00747	0.01028	0.01370	0.02959	0.80785	0.03550	0.01682	0.00685	0.00218	0.00311	0.01526	0.00498	0.00436
34	0.84927	0.01038	0.00789	0.00706	0.01038	0.01204	0.00581	0.01578	0.00914	0.02408	0.00747	0.00872	0.00581	0.00498	0.00332	0.00166	0.00415	0.00291	0.00332	0.00581
35	0.01066	0.00645	0.00890	0.00934	0.01095	0.00620	0.00792	0.01300	0.01302	0.12818	0.11638	0.09149	0.03092	0.01328	0.00696	0.00224	0.00450	0.50874	0.00531	0.00554
36	0.00781	0.00520	0.00585	0.00585	0.00585	0.00520	0.00325	0.00781	0.00781	0.01041	0.01691	0.03513	0.01952	0.81135	0.02732	0.00520	0.00520	0.00781	0.00325	0.00325
37	0.01251	0.01065	0.01141	0.01032	0.01309	0.01214	0.00800	0.02584	0.65841	0.02232	0.13164	0.02295	0.02138	0.00782	0.00559	0.00180	0.00400	0.00660	0.00553	0.00800
38	0.02408	0.00914	0.01246	0.00955	0.01370	0.00789	0.00789	0.02616	0.01536	0.78158	0.02118	0.01827	0.01329	0.00664	0.00540	0.00166	0.00457	0.00540	0.00664	0.00914
39	0.02870	0.00919	0.01099	0.00935	0.01243	0.00914	0.00738	0.08368	0.19656	0.33335	0.02511	0.13666	0.09574	0.00896	0.00569	0.00179	0.00419	0.00753	0.00579	0.00776
40	0.00780	0.00522	0.00592	0.00592	0.00594	0.00524	0.00333	0.00785	0.00783	0.01046	0.01685	0.03480	0.01937	0.79320	0.04527	0.00528	0.00542	0.00776	0.00324	0.00329
41	0.01004	0.00682	0.00827	0.00772	0.00906	0.00742	0.00580	0.11921	0.01156	0.01689	0.01639	0.02326	0.03346	0.18271	0.32692	0.00510	0.00835	0.00601	0.18984	0.00515
42	0.70417	0.01133	0.00902	0.00788	0.01124	0.04079	0.00644	0.09125	0.02606	0.02456	0.00851	0.00960	0.00654	0.00522	0.00363	0.00164	0.00450	0.00322	0.01818	0.00620
43	0.00839	0.00546	0.00668	0.00704	0.00829	0.00487	0.00506	0.00962	0.01148	0.09347	0.03681	0.42570	0.28429	0.03289	0.00702	0.00208	0.00324	0.03758	0.00511	0.00491
44	0.01248	0.01418	0.03089	0.02216	0.02743	0.01329	0.73503	0.01689	0.01260	0.01709	0.01144	0.03906	0.00899	0.00491	0.00635	0.00182	0.00887	0.00661	0.00279	0.00715
45	0.01773	0.02140	0.01454	0.01316	0.01524	0.59579	0.00998	0.01870	0.01334	0.01271	0.00822	0.01067	0.00718	0.00745	0.00837	0.08873	0.12459	0.00376	0.00266	0.00577
46	0.12968	0.00570	0.00670	0.00732	0.00813	0.00584	0.00508	0.00901	0.00977	0.01489	0.04222	0.49850	0.02737	0.11187	0.08984	0.00312	0.00467	0.01145	0.00434	0.00450
47	0.00672	0.00477	0.00615	0.00719	0.00749	0.00449	0.00471	0.00753	0.00997	0.01325	0.02839	0.67752	0.05201	0.13099	0.00978	0.00261	0.00340	0.01409	0.00473	0.00421
48	0.02162	0.00862	0.01151	0.00900	0.01281	0.00743	0.00738	0.02362	0.01499	0.67380	0.04244	0.02270	0.10388	0.00756	0.00553	0.00168	0.00430	0.00620	0.00643	0.00850
49	0.01060	0.09715	0.50337	0.09452	0.02135	0.01225	0.01599	0.01549	0.01173	0.01682	0.12094	0.01558	0.01324	0.00602	0.00541	0.00167	0.02310	0.00480	0.00281	0.00717
50	0.01297	0.01453	0.09813	0.06733	0.38673	0.05432	0.03173	0.01775	0.11302	0.01701	0.01107	0.01366	0.00900	0.00589	0.00711	0.00175	0.12244	0.00482	0.00294	0.00777
51	0.00990	0.00909	0.01504	0.71640	0.03375	0.01123	0.01370	0.01310	0.01043	0.01337	0.01030	0.01647	0.00844	0.08880	0.00764	0.00214	0.00695	0.00508	0.00247	0.00568
52	0.72436	0.09351	0.01007	0.00732	0.01076	0.01275	0.00619	0.01606	0.00954	0.04538	0.00805	0.00918	0.00628	0.00501	0.00340	0.00160	0.00430	0.00301	0.01720	0.00601
53	0.00924	0.00840	0.00811	0.00763	0.00917	0.11938	0.00571	0.01143	0.01474	0.01928	0.55935	0.04866	0.13736	0.01061	0.00612	0.00167	0.00361	0.00909	0.00532	0.00515
54	0.01159	0.01153	0.01614	0.01390	0.01391	0.01608	0.01154	0.01276	0.00828	0.01294	0.00772	0.03545	0.00789	0.00962	0.01730	0.00234	0.77776	0.00501	0.00243	0.00583
55	0.01435	0.81458	0.02813	0.00918	0.01378	0.02124	0.00918	0.01607	0.01091	0.01263	0.00746	0.00861	0.00689	0.00459	0.00344	0.00115	0.00574	0.00287	0.00230	0.00689
56	0.01138	0.00682	0.00871	0.00773	0.00973	0.00647	0.00597	0.01513	0.09318	0.16860	0.55129	0.03380	0.03988	0.00975	0.00606	0.00170	0.00310	0.00850	0.00600	0.00621
57	0.00766	0.00512	0.00651	0.00679	0.00701	0.00520	0.00435	0.00794	0.00841	0.01137	0.01856	0.20457	0.02106	0.42521	0.14620	0.09190	0.00617	0.00882	0.00348	0.00366
58	0.02005	0.02558	0.01521	0.01383	0.01659	0.78980	0.01037	0.02143	0.01521	0.01314	0.00830	0.00968	0.00691	0.00553	0.00484	0.00138	0.00968	0.00346	0.00277	0.00622
59	0.00814	0.00635	0.00746	0.00703	0.00865	0.00615	0.00529	0.01218	0.12408	0.01973	0.47644	0.03980	0.21692	0.02989	0.00670	0.00182	0.00289	0.00952	0.00556	0.00540
60	0.01314	0.00721	0.00927	0.00802	0.01034	0.00677	0.00627	0.01685	0.09319	0.24980	0.47075	0.03147	0.03589	0.00929	0.00596	0.00169	0.00332	0.00804	0.00608	0.00664
61	0.57775	0.00950	0.00870	0.00751	0.01073	0.01032	0.00613	0.01710	0.01115	0.17339	0.10914	0.01465	0.01307	0.00608	0.00412	0.00166	0.00403	0.00428	0.00431	0.00637
62	0.02408	0.00914	0.01246	0.00955	0.01370	0.00789	0.00789	0.02616	0.01536	0.78158	0.02118	0.01827	0.01329	0.00664	0.00540	0.00166	0.00457	0.00540	0.00664	0.00914
63	0.84927	0.01038	0.00789	0.00706	0.01038	0.01204	0.00581	0.01578	0.00914	0.02408	0.00747	0.00872	0.00581	0.00498	0.00332	0.00166	0.00415	0.00291	0.00332	0.00581
64	0.14131	0.01424	0.01484	0.01152	0.01567	0.01580	0.00952	0.63656	0.02269	0.04762	0.01227	0.01239	0.00873	0.00623	0.00507	0.00162	0.00562	0.00456	0.00510	0.00865
65	0.02022	0.00876	0.01153	0.00924	0.01278	0.00797	0.00748	0.02370	0.09317	0.57698	0.13131	0.03728	0.01950	0.00754	0.00557	0.00169	0.00421	0.00629	0.00638	0.00838
66	0.01335	0.01153	0.01214	0.01092	0.01396	0.01335	0.00850	0.02852	0.76817	0.02245	0.02185	0.02003	0.01639	0.00728	0.00546	0.00182	0.00425	0.00607	0.00546	0.00850
67	0.14416	0.00937	0.01178	0.00922	0.01322	0.00861	0.00760	0.02469	0.02977	0.65572	0.01919	0.01691	0.01226	0.00641	0.00510	0.00166	0.00450	0.00505	0.00614	0.00864
68	0.14416	0.00965	0.01200	0.00935	0.01339	0.00899	0.00772	0.06634	0.01502	0.62868	0.01871	0.01657	0.01196	0.00639	0.00509	0.00166	0.00458	0.00500	0.00609	0.00865
69	0.01593	0.00989	0.01155	0.00997	0.01309	0.01037	0.00795	0.05518	0.36981	0.25474	0.09624	0.02432	0.03685	0.00801	0.00566	0.00179	0.00425	0.05050	0.00582	0.00808
70	0.00781	0.00520	0.00585	0.00585	0.00585	0.00520	0.00325	0.00781	0.00781	0.01041	0.01691	0.03513	0.01952	0.81135	0.02732	0.00520	0.00520	0.00781	0.00325	0.00325
71	0.71156	0.01103	0.00918	0.00788	0.01136	0.01263	0.00650	0.12447	0.01161	0.04100	0.00854	0.00952	0.00645	0.00523	0.00366	0.00165	0.00442	0.00324	0.00369	0.00636
72	0.00657	0.00469	0.00625	0.00746	0.00779	0.00438	0.00498	0.00754	0.01040	0.01390	0.04836	0.78852	0.03588	0.01667	0.00684	0.00217	0.00310	0.01512	0.00501	0.00438
73	0.00921	0.00669	0.00716	0.00672	0.00891	0.00616	0.00514	0.01264	0.12270	0.09505	0.04546	0.06611	0.56404	0.01205	0.00613	0.00181	0.00315	0.01007	0.00523	0.00558
74	0.00727	0.00519	0.00707	0.00831	0.00894	0.00499	0.00625	0.00874	0.01100	0.01452	0.02918	0.54897	0.03391	0.01613	0.00705	0.00228	0.00375	0.26693	0.00497	0.00456
75	0.01113	0.00954	0.01113	0.00795	0.01272	0.00716	0.00636	0.01352	0.01113	0.01749	0.00954	0.01113	0.00795	0.00398	0.00398	0.00080	0.00398	0.00318	0.00318	0.84417
76	0.84927	0.01038	0.00789	0.00706	0.01038	0.01204	0.00581	0.01578	0.00914	0.02408	0.00747	0.00872	0.00581	0.00498	0.00332	0.00166	0.00415	0.00291	0.00332	0.00581
77	0.02021	0.01492	0.01601	0.01226	0.01657	0.01645	0.01012	0.74463	0.02495	0.03349	0.01282	0.01285	0.00910	0.00639	0.00534	0.00159	0.00587	0.00480	0.00532	0.02629
78	0.00743	0.00558	0.00712	0.00753	0.00867	0.00495	0.00532	0.00874	0.01076	0.01473	0.06207	0.56483	0.05788	0.03230	0.00686	0.00201	0.00335	0.05092	0.00471	0.13424
79	0.01226	0.00946	0.01443	0.10511	0.07557	0.00975	0.10124	0.10839	0.01350	0.08754	0.01979	0.18085	0.04143	0.00977	0.00660	0.00194	0.03573	0.13650	0.00427	0.02586
80	0.01106	0.00674	0.00869	0.00812	0.00901	0.00717	0.00579	0.08808	0.11984	0.01378	0.01152	0.01650	0.01033	0.01573	0.01710	0.63390	0.00473	0.00488	0.00310	0.00393
81	0.01014	0.00954	0.01610	0.79845	0.03697	0.01193	0.01491	0.01371	0.01073	0.01371	0.00954	0.01431	0.00716	0.00537	0.00537	0.00179	0.00716	0.00477	0.00239	0.00596
82	0.05623	0.00821	0.01036	0.00836	0.01181	0.00725	0.00678	0.02072	0.02588	0.52543	0.04783	0.02674	0.20400	0.00842	0.00556	0.00170	0.00403	0.00688	0.00604	0.00773
83	0.01163	0.01034	0.01610	0.68386	0.03401	0.01261	0.01422	0.12250	0.01285	0.01665	0.01003	0.01410	0.00744	0.00552	0.00537	0.00176	0.00697	0.00478	0.00282	0.00642
84	0.02052	0.02234	0.01506	0.01317	0.01630	0.59615	0.01009	0.12958	0.01669	0.09570	0.01030	0.01104	0.00790	0.00578	0.00498	0.00144	0.00860	0.00386	0.00355	0.00695
85	0.01222	0.00655	0.00875	0.00779	0.00985	0.00594	0.00615	0.01462	0.01500	0.22984	0.50331	0.03587	0.03868	0.01012	0.00617	0.00175	0.00330	0.07191	0.00603	0.00617
86	0.01325	0.00664	0.00903	0.00870	0.01064	0.00606	0.00684	0.01504	0.01287	0.28432	0.07621	0.30894	0.02767	0.01240	0.00643	0.00203	0.00400	0.17709	0.00562	0.00622
87	0.00702	0.00503	0.00671	0.00752	0.00817	0.00472	0.00536	0.00852	0.01177	0.01599	0.22588	0.53383	0.03905	0.01509	0.00677	0.00208	0.00314	0.08354	0.00522	0.00460
88	0.84927	0.01038	0.00789	0.00706	0.01038	0.01204	0.00581	0.01578	0.00914	0.02408	0.00747	0.00872	0.00581	0.00498	0.00332	0.00166	0.00415	0.00291	0.00332	0.00581
89	0.01952	0.01430	0.01539	0.01203	0.01614	0.01583	0.00986	0.62490	0.13316	0.06116	0.01452	0.01414	0.01035	0.00657	0.00538	0.00164	0.00561	0.00503	0.00543	0.00904
90	0.01146	0.00626	0.00818	0.00743	0.00926	0.00563	0.00561	0.01347	0.01402	0.20851	0.39785	0.14721	0.08954	0.04228	0.00700	0.00190	0.00324	0.00949	0.00579	0.00587
91	0.00659	0.00471	0.00629	0.00754	0.00787	0.00441	0.00508	0.00757	0.01033	0.01376	0.02956	0.78903	0.03539	0.01677	0.00687	0.00219	0.00316	0.03355	0.00498	0.00437
92	0.84927	0.01038	0.00789	0.00706	0.01038	0.01204	0.00581	0.01578	0.00914	0.02408	0.00747	0.00872	0.00581	0.00498	0.00332	0.00166	0.00415	0.00291	0.00332	0.00581
93	0.16894	0.00935	0.01166	0.00911	0.01312	0.00862	0.00753	0.02434	0.01427	0.64861	0.01877	0.01659	0.01198	0.00635	0.00503	0.00166	0.00449	0.00496	0.00606	0.00855
94	0.18273	0.00923	0.01043	0.00875	0.01185	0.00938	0.00687	0.02161	0.16577	0.35107	0.03184	0.01959	0.01403	0.12383	0.00821	0.00221	0.00448	0.00547	0.00524	0.00742
95	0.00717	0.00521	0.00613	0.00629	0.00705	0.00485	0.00420	0.00823	0.01096	0.01449	0.19738	0.19860	0.19966	0.29008	0.01371	0.00304	0.00362	0.01055	0.00459	0.00417
96	0.10319	0.00619	0.00640	0.00589	0.00779	0.00619	0.00458	0.01485	0.01163	0.13147	0.01696	0.01853	0.01283	0.00617	0.00395	0.00136	0.00298	0.00483	0.62853	0.00569
97	0.00748	0.00510	0.00608	0.00639	0.00652	0.00507	0.00385	0.00781	0.00846	0.01133	0.01995	0.22707	0.02320	0.57554	0.05955	0.00462	0.00513	0.00956	0.00367	0.00360
98	0.01113	0.00954	0.01113	0.00795	0.01272	0.00716	0.00636	0.01352	0.01113	0.01749	0.00954	0.01113	0.00795	0.00398	0.00398	0.00080	0.00398	0.00318	0.00318	0.84417
99	0.00657	0.00468	0.00622	0.00744	0.00774	0.00438	0.00494	0.00748	0.01022	0.01363	0.02929	0.78997	0.03513	0.03520	0.00733	0.00225	0.00316	0.01509	0.00494	0.00433

[dist]
# distance from previous block
# <min> <max>
0	6

[block]
# block no. 3 follows, 45 sequences, length 16
# corresponding to MSA columns:
# 203-218
name=unknown_D
#
# <colnr> <probs for GDERKNQSTAVLIFYWHMCP>
#	G	D	E	R	K	N	Q	S	T	A	V	L	I	F	Y	W	H	M	C	P
0	0.84927	0.01038	0.00789	0.00706	0.01038	0.01204	0.00581	0.01578	0.00914	0.02408	0.00747	0.00872	0.00581	0.00498	0.00332	0.00166	0.00415	0.00291	0.00332	0.00581
1	0.00875	0.00478	0.00706	0.00723	0.00738	0.00483	0.00492	0.00733	0.00763	0.01028	0.01275	0.13002	0.01350	0.02065	0.09960	0.63588	0.00546	0.00629	0.00277	0.00288
2	0.00811	0.00530	0.00671	0.00716	0.00821	0.00478	0.00506	0.00942	0.01168	0.07987	0.12181	0.49935	0.18317	0.01462	0.00657	0.00200	0.00309	0.01298	0.00523	0.00488
3	0.01228	0.01333	0.02527	0.01904	0.02219	0.01478	0.44456	0.01540	0.01080	0.01540	0.00926	0.01333	0.00768	0.00657	0.01108	0.00204	0.34214	0.00565	0.00256	0.00666
4	0.00928	0.00693	0.00825	0.00841	0.00965	0.00710	0.00603	0.11738	0.09202	0.01765	0.04553	0.54968	0.05532	0.03119	0.00690	0.00210	0.00365	0.01237	0.00507	0.00548
5	0.01426	0.01446	0.01984	0.02790	0.58889	0.12395	0.01476	0.01845	0.09191	0.01742	0.01107	0.01348	0.00910	0.00515	0.00526	0.00159	0.00663	0.00473	0.00297	0.00818
6	0.00654	0.00467	0.00623	0.00747	0.00779	0.00436	0.00498	0.00747	0.01028	0.01370	0.02959	0.80785	0.03550	0.01682	0.00685	0.00218	0.00311	0.01526	0.00498	0.00436
7	0.01085	0.00997	0.12047	0.01139	0.09198	0.00738	0.00910	0.01378	0.01365	0.12064	0.32265	0.05859	0.08269	0.00973	0.00607	0.00179	0.00429	0.09374	0.00494	0.00630
8	0.01301	0.05395	0.47305	0.09781	0.06753	0.01220	0.06006	0.01791	0.01196	0.12587	0.01128	0.01282	0.00795	0.00528	0.00519	0.00168	0.00725	0.00440	0.00296	0.00785
9	0.01231	0.01434	0.13003	0.04439	0.47743	0.01216	0.09363	0.01639	0.03686	0.01733	0.01268	0.01761	0.02472	0.00581	0.00557	0.00171	0.00665	0.05957	0.00291	0.00789
10	0.02090	0.00835	0.01135	0.00914	0.01262	0.00727	0.00736	0.02283	0.01463	0.64045	0.05344	0.13209	0.01800	0.00828	0.00564	0.00174	0.00428	0.00699	0.00638	0.00828
11	0.01760	0.02305	0.09646	0.01650	0.12592	0.55347	0.01209	0.02021	0.03876	0.01446	0.00928	0.01097	0.00759	0.00625	0.02340	0.00163	0.00896	0.00384	0.00279	0.00677
12	0.01080	0.02138	0.52865	0.01419	0.05989	0.01072	0.01581	0.01564	0.01133	0.03492	0.01212	0.09930	0.01037	0.00625	0.00515	0.00162	0.00667	0.00518	0.00282	0.12719
13	0.31896	0.01321	0.17449	0.02687	0.01461	0.01033	0.03530	0.01735	0.02903	0.16161	0.13307	0.01661	0.01489	0.00631	0.00476	0.00169	0.00501	0.00490	0.00413	0.00687
14	0.01439	0.01731	0.10665	0.05079	0.03619	0.24141	0.11776	0.10595	0.05120	0.01752	0.01755	0.01961	0.12249	0.00709	0.00585	0.00168	0.02769	0.02860	0.00351	0.00677
15	0.06715	0.01317	0.17066	0.01109	0.04061	0.03549	0.01001	0.07000	0.01302	0.17141	0.02861	0.14471	0.01555	0.02698	0.00590	0.00177	0.00527	0.05339	0.00427	0.11095

[dist]
# distance from previous block
# <min> <max>
5	18

[block]
# block no. 4 follows, 45 sequences, length 19
# corresponding to MSA columns:
# 237-255
name=unknown_E
#
# <colnr> <probs for GDERKNQSTAVLIFYWHMCP>
#	G	D	E	R	K	N	Q	S	T	A	V	L	I	F	Y	W	H	M	C	P
0	0.10268	0.18336	0.25041	0.03408	0.13653	0.01372	0.02838	0.02723	0.04643	0.01745	0.02218	0.01294	0.00884	0.00528	0.00463	0.00152	0.00616	0.02126	0.00285	0.07407
1	0.04697	0.01416	0.13658	0.17485	0.01950	0.10819	0.01116	0.06655	0.03713	0.15646	0.14654	0.01832	0.01619	0.00666	0.00534	0.00165	0.00599	0.00541	0.00414	0.01822
2	0.08015	0.01183	0.01802	0.21494	0.28164	0.04198	0.09394	0.03459	0.07092	0.01801	0.07169	0.01581	0.01183	0.00567	0.00535	0.00169	0.00632	0.00524	0.00320	0.00717
3	0.16067	0.07588	0.01476	0.17431	0.01876	0.01417	0.00986	0.32740	0.04564	0.02483	0.07290	0.01459	0.01160	0.00622	0.00494	0.00163	0.00551	0.00477	0.00419	0.00736
4	0.55064	0.01341	0.01056	0.10786	0.01510	0.17382	0.00796	0.01696	0.01076	0.03950	0.00825	0.00986	0.00640	0.00519	0.00395	0.00162	0.00569	0.00332	0.00317	0.00600
5	0.00725	0.00529	0.00681	0.00682	0.00790	0.00486	0.00497	0.00931	0.01380	0.01912	0.54140	0.22250	0.10484	0.01256	0.00646	0.00181	0.00268	0.01115	0.00562	0.00486
6	0.45911	0.07547	0.03865	0.00791	0.01085	0.01176	0.00655	0.05984	0.07053	0.02050	0.01099	0.01546	0.00983	0.17308	0.00869	0.00237	0.00475	0.00433	0.00348	0.00586
7	0.04681	0.00972	0.01315	0.01042	0.01368	0.00980	0.00863	0.02309	0.01369	0.59835	0.01782	0.01662	0.01176	0.00717	0.00788	0.00180	0.17045	0.00518	0.00565	0.00835
8	0.19312	0.00941	0.01104	0.00899	0.01258	0.00924	0.00731	0.02301	0.11265	0.46290	0.07948	0.01828	0.01516	0.00673	0.00505	0.00168	0.00427	0.00532	0.00574	0.00803
9	0.00638	0.00528	0.00560	0.00586	0.00736	0.00450	0.00427	0.00766	0.01183	0.01433	0.04922	0.20907	0.62161	0.01427	0.00645	0.00189	0.00280	0.01215	0.00498	0.00450
10	0.01130	0.10559	0.40502	0.14058	0.03690	0.01415	0.01615	0.01551	0.01056	0.01516	0.00886	0.01164	0.00695	0.00598	0.00757	0.00179	0.17274	0.00415	0.00231	0.00709
11	0.00962	0.00875	0.01454	0.63404	0.03127	0.01084	0.01320	0.01286	0.01029	0.01345	0.01055	0.01572	0.00846	0.01263	0.16871	0.00321	0.00866	0.00497	0.00249	0.00572
12	0.00684	0.00480	0.00614	0.00709	0.00733	0.00456	0.00458	0.00755	0.00970	0.01293	0.02661	0.62640	0.03175	0.20339	0.01166	0.00289	0.00361	0.01351	0.00458	0.00410
13	0.04177	0.02616	0.56860	0.01536	0.04934	0.17427	0.01725	0.01786	0.01210	0.01646	0.00930	0.01097	0.00685	0.00517	0.00499	0.00163	0.00811	0.00385	0.00242	0.00752
14	0.33330	0.01312	0.12884	0.01162	0.07425	0.02570	0.04828	0.09300	0.01143	0.02010	0.01074	0.01574	0.00952	0.17298	0.00915	0.00240	0.00567	0.00463	0.00327	0.00625
15	0.01546	0.01464	0.01473	0.07617	0.03200	0.19663	0.04870	0.24029	0.01546	0.01916	0.01163	0.01685	0.01034	0.17385	0.01107	0.00240	0.08534	0.00519	0.00358	0.00653
16	0.00885	0.00567	0.00719	0.00767	0.00845	0.00547	0.00531	0.02381	0.03678	0.07605	0.02562	0.49365	0.02894	0.18074	0.01096	0.00276	0.00387	0.05866	0.00478	0.00478
17	0.01473	0.01394	0.01476	0.09455	0.07814	0.17580	0.05653	0.19268	0.02558	0.01866	0.01191	0.01708	0.01051	0.17325	0.00977	0.00228	0.00674	0.00513	0.00351	0.07443
18	0.01301	0.07800	0.10882	0.04061	0.43259	0.01400	0.01501	0.01599	0.01124	0.03854	0.00951	0.01253	0.00799	0.00583	0.00770	0.00173	0.17199	0.00454	0.00263	0.00773

[dist]
# distance from previous block
# <min> <max>
0	57

# created by:
# /st0/software/busco_prod/Augustus/scripts/msa2prfl.pl ./align_prep/177107.fa
