[name]
unknown

[dist]
# distance from previous block
# <min> <max>
0	50

[block]
# block no. 0 follows, 36 sequences, length 23
# corresponding to MSA columns:
# 50-72
name=unknown_A
#
# <colnr> <probs for GDERKNQSTAVLIFYWHMCP>
#	G	D	E	R	K	N	Q	S	T	A	V	L	I	F	Y	W	H	M	C	P
0	0.01210	0.00872	0.01135	0.01191	0.01388	0.00900	0.01031	0.11968	0.01660	0.02175	0.03027	0.06194	0.03205	0.01574	0.00825	0.00272	0.00591	0.59555	0.00581	0.00647
1	0.01631	0.63983	0.13994	0.01196	0.01778	0.05366	0.01258	0.01908	0.01294	0.01545	0.00908	0.01052	0.00798	0.00546	0.00436	0.00144	0.00724	0.00355	0.00268	0.00815
2	0.01642	0.01377	0.12437	0.01195	0.01660	0.01054	0.04207	0.06180	0.09653	0.20468	0.16335	0.02636	0.07212	0.00859	0.00636	0.00186	0.00548	0.00727	0.00573	0.10416
3	0.01421	0.01352	0.02243	0.03343	0.63159	0.01337	0.01695	0.01759	0.01419	0.01982	0.01947	0.02213	0.11985	0.00709	0.00635	0.00189	0.00676	0.00670	0.00349	0.00917
4	0.02356	0.01195	0.01469	0.01173	0.01593	0.01170	0.00948	0.24189	0.02051	0.41656	0.02306	0.13316	0.01781	0.00942	0.00651	0.00200	0.00553	0.00779	0.00696	0.00977
5	0.01132	0.00815	0.00998	0.00975	0.01176	0.00777	0.00717	0.06640	0.07296	0.05359	0.02812	0.47479	0.03081	0.01480	0.00714	0.00219	0.00429	0.04453	0.00564	0.12885
6	0.02795	0.01060	0.01446	0.01109	0.01591	0.00916	0.00916	0.03036	0.01783	0.74648	0.02458	0.02121	0.01542	0.00771	0.00627	0.00193	0.00530	0.00627	0.00771	0.01060
7	0.01529	0.01467	0.02506	0.06390	0.71751	0.01477	0.01906	0.01901	0.01413	0.02020	0.01170	0.01546	0.00981	0.00558	0.00617	0.00186	0.00743	0.00555	0.00307	0.00977
8	0.02433	0.01642	0.01806	0.01385	0.01881	0.01779	0.01144	0.61725	0.02757	0.14585	0.01641	0.01590	0.01132	0.00751	0.00624	0.00188	0.00662	0.00571	0.00646	0.01060
9	0.01588	0.01567	0.02484	0.03695	0.69998	0.05806	0.01871	0.01946	0.01439	0.02006	0.01160	0.01518	0.00976	0.00560	0.00614	0.00184	0.00763	0.00546	0.00309	0.00971
10	0.01177	0.01107	0.01869	0.76606	0.04291	0.01384	0.01730	0.01592	0.01246	0.01592	0.01107	0.01661	0.00831	0.00623	0.00623	0.00208	0.00831	0.00554	0.00277	0.00692
11	0.02534	0.04497	0.01627	0.01193	0.01672	0.01292	0.00991	0.25060	0.02115	0.46174	0.02228	0.02019	0.04082	0.00784	0.00620	0.00189	0.00578	0.00619	0.00695	0.01029
12	0.01292	0.01258	0.01772	0.01540	0.01557	0.01738	0.01275	0.01441	0.00961	0.01491	0.00946	0.01527	0.00929	0.01630	0.13135	0.00382	0.65616	0.00564	0.00282	0.00663
13	0.02092	0.01555	0.01675	0.01354	0.01797	0.01732	0.01096	0.42758	0.28702	0.07568	0.01935	0.01838	0.01398	0.00785	0.00627	0.00196	0.00606	0.00618	0.00636	0.01033
14	0.01252	0.01321	0.02724	0.05186	0.02598	0.01252	0.47706	0.01656	0.01405	0.01901	0.05211	0.20951	0.01971	0.00924	0.00746	0.00220	0.00832	0.01007	0.00397	0.00738
15	0.01363	0.01404	0.02303	0.06230	0.02163	0.01762	0.18383	0.01609	0.01102	0.01627	0.01007	0.03376	0.00932	0.00949	0.01615	0.00253	0.52294	0.00622	0.00291	0.00716
16	0.30088	0.01202	0.01404	0.01248	0.01389	0.01547	0.01018	0.01536	0.01022	0.01971	0.01171	0.11020	0.01190	0.01019	0.01296	0.00242	0.39999	0.00629	0.00352	0.00657
17	0.01811	0.01689	0.01957	0.25050	0.09622	0.14178	0.04644	0.24447	0.04630	0.02421	0.01292	0.01579	0.00988	0.02186	0.00668	0.00199	0.00818	0.00551	0.00416	0.00855
18	0.01482	0.01375	0.02219	0.25360	0.45697	0.03267	0.01753	0.01852	0.01382	0.04302	0.01187	0.01575	0.00951	0.00581	0.00610	0.00187	0.00757	0.00545	0.00317	0.04600
19	0.01604	0.01504	0.02258	0.06062	0.54769	0.06675	0.01695	0.02004	0.04450	0.05259	0.04674	0.01717	0.01256	0.00633	0.00657	0.00188	0.02719	0.00580	0.00359	0.00933
20	0.01490	0.01359	0.01839	0.01599	0.04978	0.01685	0.03163	0.12355	0.01328	0.01953	0.01051	0.01538	0.00958	0.04450	0.03201	0.00265	0.46450	0.00553	0.00346	0.09439
21	0.01783	0.01592	0.01822	0.01497	0.01755	0.14746	0.05770	0.05089	0.01384	0.12723	0.01215	0.01527	0.00995	0.02937	0.01263	0.00221	0.32519	0.00534	0.00389	0.10240
22	0.05110	0.01379	0.01498	0.01182	0.01624	0.03296	0.00953	0.23929	0.11086	0.05076	0.01600	0.03405	0.02824	0.00718	0.00648	0.00164	0.05119	0.00545	0.00500	0.29345

[dist]
# distance from previous block
# <min> <max>
1	4

[block]
# block no. 1 follows, 36 sequences, length 8
# corresponding to MSA columns:
# 77-84
name=unknown_B
#
# <colnr> <probs for GDERKNQSTAVLIFYWHMCP>
#	G	D	E	R	K	N	Q	S	T	A	V	L	I	F	Y	W	H	M	C	P
0	0.01881	0.01415	0.05578	0.01691	0.07769	0.01415	0.09247	0.07504	0.01500	0.23619	0.01480	0.01640	0.01089	0.00776	0.01023	0.00207	0.22341	0.00572	0.00465	0.08791
1	0.01871	0.01417	0.02250	0.02595	0.35376	0.01412	0.10176	0.07731	0.10191	0.18085	0.01651	0.01775	0.01218	0.00648	0.00636	0.00193	0.00699	0.00611	0.00473	0.00990
2	0.01572	0.01333	0.01762	0.07415	0.08808	0.01362	0.05624	0.19028	0.07254	0.02461	0.03419	0.05014	0.01305	0.00719	0.00691	0.00173	0.05884	0.00593	0.00447	0.25135
3	0.01678	0.01441	0.02240	0.10048	0.49283	0.01497	0.01680	0.10326	0.07147	0.06472	0.01384	0.01642	0.01084	0.00619	0.00620	0.00190	0.00711	0.00571	0.00395	0.00972
4	0.11065	0.01202	0.01664	0.01609	0.14162	0.01141	0.05921	0.07540	0.01629	0.24004	0.10143	0.01991	0.01689	0.00706	0.00593	0.00178	0.00571	0.00604	0.00534	0.13054
5	0.04158	0.05782	0.01789	0.01534	0.10268	0.01378	0.05370	0.12170	0.12621	0.05629	0.03512	0.01755	0.01303	0.03738	0.00743	0.00185	0.04403	0.00553	0.00453	0.22656
6	0.18916	0.01416	0.01527	0.06417	0.01823	0.04407	0.03235	0.25458	0.08810	0.08451	0.04861	0.03558	0.01358	0.00738	0.00574	0.00188	0.00609	0.00574	0.00524	0.06557
7	0.15782	0.01374	0.04815	0.01358	0.04655	0.04926	0.07712	0.08498	0.07159	0.21484	0.12165	0.02088	0.01844	0.00761	0.00602	0.00192	0.00602	0.00632	0.00552	0.02798

[dist]
# distance from previous block
# <min> <max>
7	32

[block]
# block no. 2 follows, 36 sequences, length 16
# corresponding to MSA columns:
# 121-136
name=unknown_C
#
# <colnr> <probs for GDERKNQSTAVLIFYWHMCP>
#	G	D	E	R	K	N	Q	S	T	A	V	L	I	F	Y	W	H	M	C	P
0	0.01532	0.04555	0.01839	0.06492	0.14416	0.01297	0.07937	0.13636	0.04863	0.07705	0.16667	0.05859	0.05091	0.00905	0.00704	0.00199	0.02746	0.02221	0.00511	0.00825
1	0.01997	0.05875	0.01839	0.03750	0.03626	0.01703	0.01125	0.45730	0.03961	0.03162	0.01360	0.01447	0.01019	0.00685	0.00634	0.00169	0.03633	0.00512	0.00520	0.17252
2	0.10057	0.01362	0.01684	0.06503	0.17694	0.07724	0.01189	0.07031	0.01672	0.32287	0.05337	0.01855	0.01412	0.00708	0.00600	0.00189	0.00641	0.00579	0.00547	0.00930
3	0.00759	0.00542	0.00723	0.00868	0.00904	0.00506	0.00578	0.00868	0.01193	0.01591	0.03434	0.77697	0.04121	0.01952	0.00795	0.00253	0.00361	0.01771	0.00578	0.00506
4	0.01292	0.01107	0.01292	0.00923	0.01477	0.00831	0.00738	0.01569	0.01292	0.02030	0.01107	0.01292	0.00923	0.00461	0.00461	0.00092	0.00461	0.00369	0.00369	0.81912
5	0.05049	0.01676	0.01799	0.01389	0.01879	0.01845	0.01146	0.63686	0.05064	0.07818	0.01562	0.01541	0.01101	0.00747	0.00616	0.00188	0.00664	0.00562	0.00624	0.01044
6	0.02327	0.02970	0.01766	0.01605	0.01926	0.75602	0.01204	0.02488	0.01766	0.01525	0.00963	0.01124	0.00803	0.00642	0.00562	0.00161	0.01124	0.00401	0.00321	0.00722
7	0.01078	0.00585	0.00906	0.00876	0.00906	0.00579	0.03211	0.00881	0.00877	0.01190	0.01272	0.06814	0.01291	0.02042	0.02200	0.70854	0.00540	0.00629	0.02950	0.00317
8	0.01681	0.72853	0.03159	0.01107	0.01613	0.05292	0.01082	0.01877	0.01275	0.01469	0.00868	0.01017	0.00800	0.00557	0.00463	0.00139	0.03342	0.00343	0.00269	0.00792
9	0.01182	0.01091	0.01808	0.70364	0.04028	0.01364	0.01655	0.01582	0.01239	0.01624	0.01142	0.01683	0.00867	0.00644	0.00663	0.00207	0.03420	0.00555	0.04197	0.00686
10	0.00890	0.00668	0.01001	0.01001	0.01113	0.00779	0.00779	0.01113	0.01001	0.01446	0.01669	0.02448	0.01558	0.04673	0.75634	0.01001	0.01669	0.00668	0.00334	0.00556
11	0.15459	0.21065	0.42281	0.01427	0.02147	0.01701	0.01683	0.04257	0.01313	0.02058	0.01026	0.01192	0.00781	0.00581	0.00511	0.00181	0.00775	0.00412	0.00297	0.00853
12	0.04784	0.27504	0.45539	0.01478	0.02233	0.01754	0.01776	0.01976	0.01308	0.04843	0.01081	0.01234	0.00819	0.00580	0.00522	0.00176	0.00804	0.00421	0.00290	0.00877
13	0.06404	0.10515	0.52103	0.01600	0.02382	0.01486	0.05829	0.01888	0.01306	0.01964	0.01309	0.01486	0.03971	0.00618	0.00567	0.00187	0.00826	0.00488	0.00293	0.04777
14	0.07357	0.10703	0.13552	0.01168	0.01544	0.11056	0.01059	0.06734	0.01366	0.04832	0.01499	0.06826	0.01413	0.15426	0.09540	0.00349	0.00826	0.00629	0.00380	0.03740
15	0.03805	0.39969	0.14337	0.01191	0.01723	0.01857	0.01197	0.09399	0.01480	0.09424	0.01338	0.05871	0.01158	0.04038	0.00622	0.00185	0.00671	0.00518	0.00383	0.00835

[dist]
# distance from previous block
# <min> <max>
2	27

[block]
# block no. 3 follows, 36 sequences, length 27
# corresponding to MSA columns:
# 164-190
name=unknown_D
#
# <colnr> <probs for GDERKNQSTAVLIFYWHMCP>
#	G	D	E	R	K	N	Q	S	T	A	V	L	I	F	Y	W	H	M	C	P
0	0.06765	0.03348	0.05568	0.01109	0.02864	0.01097	0.00915	0.07027	0.13104	0.17870	0.13032	0.05328	0.08393	0.00901	0.00617	0.00187	0.00495	0.00744	0.00580	0.10057
1	0.06248	0.06387	0.01721	0.01329	0.01739	0.20017	0.01068	0.30895	0.08113	0.05574	0.07434	0.01700	0.01447	0.00745	0.00589	0.00178	0.00722	0.00553	0.00520	0.03022
2	0.01546	0.04562	0.06191	0.07431	0.13689	0.07792	0.24575	0.03873	0.01505	0.06194	0.05670	0.06071	0.01427	0.00693	0.00650	0.00190	0.00809	0.00683	0.00383	0.06065
3	0.06926	0.05881	0.05254	0.01268	0.04376	0.05502	0.02290	0.02392	0.12667	0.26999	0.05890	0.03942	0.01622	0.00846	0.00718	0.04403	0.02128	0.00618	0.00548	0.05731
4	0.01926	0.06074	0.04356	0.01268	0.01714	0.07710	0.01059	0.34015	0.07478	0.06987	0.01913	0.07059	0.05610	0.00832	0.00607	0.00180	0.00639	0.00654	0.00541	0.09378
5	0.13478	0.55196	0.04676	0.01057	0.01552	0.02130	0.01021	0.04593	0.04075	0.01866	0.04666	0.01265	0.01091	0.00599	0.00438	0.00152	0.00622	0.00401	0.00333	0.00791
6	0.01007	0.01091	0.10390	0.00969	0.01222	0.04510	0.00857	0.01340	0.01662	0.02301	0.53789	0.04202	0.06261	0.02753	0.00765	0.00208	0.00440	0.05006	0.00598	0.00631
7	0.00937	0.00674	0.00815	0.00767	0.00946	0.00610	0.00570	0.01204	0.03248	0.04803	0.43612	0.07159	0.22963	0.05867	0.00868	0.00223	0.00338	0.01137	0.00630	0.02629
8	0.05420	0.00941	0.05812	0.01111	0.05509	0.00780	0.00841	0.01586	0.01549	0.15973	0.31064	0.20720	0.03759	0.01215	0.00694	0.00208	0.00431	0.01066	0.00612	0.00708
9	0.01292	0.01107	0.01292	0.00923	0.01477	0.00831	0.00738	0.01569	0.01292	0.02030	0.01107	0.01292	0.00923	0.00461	0.00461	0.00092	0.00461	0.00369	0.00369	0.81912
10	0.01494	0.01423	0.02422	0.09396	0.66109	0.01445	0.01865	0.01865	0.01406	0.01995	0.01245	0.01752	0.01070	0.00603	0.00626	0.00191	0.00741	0.03090	0.00316	0.00949
11	0.02368	0.01745	0.01870	0.01434	0.01932	0.01932	0.01184	0.72139	0.02929	0.03927	0.01496	0.01496	0.01060	0.00748	0.00623	0.00187	0.00686	0.00561	0.00623	0.01060
12	0.01568	0.01530	0.02504	0.03751	0.71817	0.03940	0.01889	0.01931	0.01430	0.02019	0.01165	0.01528	0.00981	0.00558	0.00615	0.00184	0.00753	0.00550	0.00309	0.00978
13	0.82504	0.01205	0.00916	0.00819	0.01205	0.01398	0.00675	0.01832	0.01060	0.02795	0.00868	0.01012	0.00675	0.00578	0.00386	0.00193	0.00482	0.00337	0.00386	0.00675
14	0.07412	0.01091	0.01429	0.01103	0.01579	0.00977	0.00911	0.05256	0.01779	0.68131	0.02334	0.02036	0.01476	0.00759	0.00612	0.00193	0.00533	0.00608	0.00744	0.01038
15	0.01666	0.78478	0.03265	0.01066	0.01599	0.02465	0.01066	0.01866	0.01266	0.01466	0.00866	0.00999	0.00800	0.00533	0.00400	0.00133	0.00666	0.00333	0.00267	0.00800
16	0.00895	0.00648	0.00901	0.00901	0.00978	0.00725	0.00654	0.01049	0.00972	0.01372	0.01760	0.02953	0.01777	0.27459	0.53149	0.00878	0.01338	0.00742	0.00347	0.00501
17	0.18268	0.01069	0.01402	0.26918	0.02353	0.01189	0.01118	0.03576	0.04001	0.18924	0.01744	0.12000	0.01456	0.00851	0.00631	0.00208	0.02348	0.00697	0.00476	0.00768
18	0.01156	0.10106	0.03981	0.01236	0.01379	0.01378	0.01043	0.01351	0.01022	0.01472	0.01279	0.01952	0.01226	0.06611	0.35315	0.00602	0.27364	0.00592	0.00305	0.00631
19	0.00759	0.00542	0.00723	0.00868	0.00904	0.00506	0.00578	0.00868	0.01193	0.01591	0.03434	0.77697	0.04121	0.01952	0.00795	0.00253	0.00361	0.01771	0.00578	0.00506
20	0.00754	0.00601	0.00677	0.00724	0.00869	0.00523	0.00518	0.00904	0.01365	0.01707	0.09999	0.30864	0.44926	0.01687	0.00757	0.00224	0.00330	0.01461	0.00586	0.00523
21	0.02234	0.01848	0.18025	0.01403	0.01987	0.01493	0.01344	0.32926	0.03900	0.25855	0.01741	0.01673	0.01172	0.00723	0.00618	0.00192	0.00684	0.00563	0.00590	0.01027
22	0.01279	0.02711	0.53753	0.01937	0.02742	0.01431	0.19198	0.01923	0.01347	0.01959	0.01270	0.05279	0.00996	0.00645	0.00637	0.00203	0.00924	0.00594	0.00292	0.00880
23	0.02795	0.01060	0.01446	0.01109	0.01591	0.00916	0.00916	0.03036	0.01783	0.74648	0.02458	0.02121	0.01542	0.00771	0.00627	0.00193	0.00530	0.00627	0.00771	0.01060
24	0.01424	0.01492	0.02923	0.14397	0.26489	0.01481	0.35897	0.01870	0.01417	0.01936	0.01373	0.01774	0.03332	0.00585	0.00679	0.00202	0.00891	0.00667	0.00316	0.00855
25	0.02363	0.05167	0.06079	0.01317	0.01828	0.01563	0.01142	0.37231	0.06682	0.27405	0.01832	0.01723	0.01246	0.00742	0.00613	0.00189	0.00634	0.00575	0.00636	0.01035
26	0.01472	0.01849	0.13281	0.09347	0.03046	0.03614	0.44951	0.06076	0.01507	0.02046	0.02762	0.01651	0.01015	0.00599	0.00745	0.00207	0.04006	0.00660	0.00329	0.00836

[dist]
# distance from previous block
# <min> <max>
12	24

[block]
# block no. 4 follows, 36 sequences, length 30
# corresponding to MSA columns:
# 216-233,237-248
name=unknown_E
#
# <colnr> <probs for GDERKNQSTAVLIFYWHMCP>
#	G	D	E	R	K	N	Q	S	T	A	V	L	I	F	Y	W	H	M	C	P
0	0.09220	0.40934	0.28257	0.01276	0.01908	0.01919	0.01435	0.01857	0.01248	0.01761	0.01005	0.01252	0.00850	0.04070	0.00592	0.00183	0.00736	0.00405	0.00282	0.00811
1	0.00892	0.00599	0.00709	0.00726	0.00737	0.00602	0.00431	0.00912	0.00944	0.01265	0.02095	0.12580	0.02408	0.62499	0.07534	0.02644	0.00642	0.00983	0.00396	0.00401
2	0.11755	0.05733	0.01402	0.04049	0.04086	0.10743	0.00976	0.11569	0.01546	0.03853	0.02109	0.02862	0.08940	0.01688	0.15279	0.00359	0.00856	0.11042	0.00445	0.00710
3	0.07187	0.01523	0.07246	0.09770	0.11154	0.01388	0.37149	0.01815	0.01412	0.02043	0.07189	0.04511	0.01423	0.00656	0.00671	0.00202	0.00843	0.00710	0.00353	0.02752
4	0.58975	0.06104	0.01176	0.00907	0.01275	0.01336	0.03369	0.01789	0.01186	0.05842	0.08344	0.01583	0.01323	0.03938	0.00564	0.00207	0.00504	0.00469	0.00423	0.00685
5	0.03412	0.00795	0.01051	0.02747	0.05377	0.00763	0.00766	0.04626	0.01547	0.12843	0.23718	0.27597	0.06484	0.02752	0.00762	0.00223	0.00425	0.02829	0.00609	0.00674
6	0.39456	0.05860	0.01494	0.01122	0.01565	0.01626	0.02269	0.26581	0.05048	0.07708	0.01273	0.01324	0.00933	0.00659	0.00503	0.00188	0.00578	0.00458	0.00497	0.00859
7	0.02121	0.01437	0.01613	0.01240	0.01729	0.01465	0.01013	0.38756	0.07435	0.15711	0.01775	0.01731	0.02935	0.00720	0.00594	0.00171	0.00589	0.00561	0.00596	0.17808
8	0.00905	0.00656	0.00870	0.00984	0.01100	0.00634	0.00792	0.01117	0.01352	0.01756	0.05511	0.24018	0.11640	0.06158	0.00960	0.00286	0.00487	0.39667	0.00567	0.00541
9	0.00795	0.00588	0.00769	0.04802	0.01051	0.00565	0.00606	0.00913	0.01187	0.01558	0.03440	0.58421	0.10769	0.10192	0.01041	0.00285	0.00408	0.01567	0.00541	0.00504
10	0.06922	0.01711	0.07817	0.01368	0.01885	0.01686	0.01197	0.48065	0.06198	0.14423	0.01630	0.01592	0.01133	0.00734	0.00608	0.00190	0.00660	0.00557	0.00603	0.01022
11	0.01588	0.00861	0.01101	0.00941	0.01215	0.00811	0.00734	0.04966	0.06375	0.25071	0.41053	0.03553	0.03919	0.04028	0.00784	0.00211	0.00410	0.00910	0.00695	0.00774
12	0.01263	0.01196	0.02025	0.59338	0.20882	0.01407	0.01773	0.01668	0.01287	0.01697	0.01123	0.01633	0.00868	0.00607	0.00621	0.00202	0.00809	0.00554	0.00284	0.00762
13	0.72423	0.01255	0.01035	0.02963	0.01361	0.01450	0.00754	0.08708	0.01248	0.02873	0.00936	0.01077	0.00717	0.00596	0.00415	0.00193	0.00511	0.00365	0.00406	0.00713
14	0.01353	0.07575	0.48966	0.02161	0.13332	0.01537	0.12494	0.01961	0.01351	0.01953	0.01131	0.01383	0.00842	0.00573	0.00605	0.00193	0.00897	0.00507	0.00278	0.00911
15	0.34934	0.01679	0.01473	0.01344	0.06254	0.14987	0.01007	0.21161	0.01774	0.08252	0.01195	0.01282	0.00888	0.00649	0.00515	0.00185	0.00674	0.00446	0.00463	0.00837
16	0.00865	0.00716	0.00922	0.01131	0.10484	0.00652	0.00697	0.01039	0.01357	0.01739	0.09185	0.26202	0.36663	0.04445	0.00830	0.00234	0.00394	0.01320	0.00543	0.00579
17	0.00808	0.00591	0.00752	0.00846	0.00924	0.00551	0.00582	0.02574	0.01323	0.01759	0.11753	0.59842	0.11771	0.01806	0.00778	0.00240	0.00356	0.01620	0.00592	0.00531
18	0.02037	0.01500	0.01630	0.01299	0.01705	0.01643	0.01046	0.56093	0.04126	0.03459	0.06369	0.08523	0.01719	0.04953	0.00780	0.00216	0.00624	0.00725	0.00611	0.00943
19	0.01150	0.00728	0.01129	0.06870	0.01315	0.00749	0.05264	0.05072	0.01055	0.01405	0.01399	0.10838	0.01413	0.01832	0.01886	0.55865	0.00583	0.00702	0.00331	0.00413
20	0.06486	0.05923	0.01052	0.00869	0.01126	0.06962	0.00695	0.01554	0.03928	0.07984	0.09079	0.03954	0.26766	0.01140	0.00632	0.00196	0.00459	0.07821	0.12727	0.00647
21	0.21655	0.03306	0.11673	0.11169	0.06010	0.04719	0.08616	0.04858	0.01454	0.18771	0.01381	0.01511	0.00976	0.00632	0.00565	0.00194	0.00711	0.00512	0.00435	0.00852
22	0.01631	0.49762	0.18314	0.01284	0.01857	0.11489	0.01337	0.01939	0.01330	0.01581	0.00963	0.01139	0.00827	0.00719	0.03362	0.00184	0.00818	0.00382	0.00275	0.00806
23	0.01653	0.69553	0.09293	0.01144	0.01703	0.04837	0.01176	0.01896	0.01287	0.01511	0.00891	0.01030	0.00799	0.00542	0.00422	0.00140	0.00703	0.00346	0.00268	0.00807
24	0.02228	0.10483	0.01911	0.01520	0.01880	0.58584	0.01178	0.08339	0.05042	0.01771	0.01069	0.01197	0.00874	0.00649	0.00554	0.00162	0.01012	0.00422	0.00355	0.00771
25	0.00906	0.00604	0.00680	0.00680	0.00680	0.00604	0.00378	0.00906	0.00906	0.01208	0.01963	0.04077	0.02265	0.78103	0.03171	0.00604	0.00604	0.00906	0.00378	0.00378
26	0.01134	0.00691	0.00854	0.00796	0.00993	0.00615	0.00595	0.01346	0.01565	0.13530	0.32663	0.12029	0.23534	0.05781	0.00865	0.00229	0.00362	0.01152	0.00641	0.00625
27	0.00952	0.00690	0.00894	0.00879	0.01035	0.00658	0.00688	0.03844	0.01707	0.02362	0.52129	0.08353	0.07232	0.01381	0.00758	0.00216	0.00367	0.14605	0.00653	0.00597
28	0.01418	0.32007	0.44719	0.01536	0.02297	0.01842	0.04480	0.01933	0.01302	0.01780	0.01027	0.01208	0.00799	0.00567	0.00524	0.00173	0.00828	0.00422	0.00266	0.00871
29	0.01580	0.63897	0.12204	0.01125	0.01683	0.02215	0.01183	0.01853	0.01275	0.01585	0.00973	0.01125	0.00850	0.00553	0.00427	0.00142	0.00675	0.00365	0.05490	0.00801

[dist]
# distance from previous block
# <min> <max>
5	8

[block]
# block no. 5 follows, 36 sequences, length 33
# corresponding to MSA columns:
# 259-291
name=unknown_F
#
# <colnr> <probs for GDERKNQSTAVLIFYWHMCP>
#	G	D	E	R	K	N	Q	S	T	A	V	L	I	F	Y	W	H	M	C	P
0	0.01329	0.02799	0.55682	0.02015	0.11732	0.04925	0.04903	0.01951	0.01378	0.01987	0.04702	0.01514	0.01072	0.00620	0.00606	0.00194	0.00882	0.00513	0.00294	0.00900
1	0.02048	0.00974	0.01287	0.01023	0.01409	0.00867	0.00828	0.02298	0.01664	0.43687	0.17848	0.02660	0.04838	0.00883	0.00700	0.00185	0.04081	0.00722	0.00671	0.11326
2	0.12289	0.01553	0.05043	0.01236	0.01736	0.01532	0.01054	0.37391	0.02081	0.03067	0.01263	0.01363	0.00950	0.00652	0.00599	0.00165	0.03478	0.00473	0.00491	0.23583
3	0.00906	0.00604	0.00680	0.00680	0.00680	0.00604	0.00378	0.00906	0.00906	0.01208	0.01963	0.04077	0.02265	0.78103	0.03171	0.00604	0.00604	0.00906	0.00378	0.00378
4	0.00763	0.00547	0.00719	0.00854	0.00895	0.00510	0.00569	0.00870	0.01192	0.01582	0.03484	0.73060	0.06368	0.04289	0.00867	0.00262	0.00367	0.01730	0.00572	0.00503
5	0.02328	0.01768	0.01844	0.01432	0.01917	0.04425	0.01176	0.66508	0.06210	0.03782	0.01527	0.01522	0.01091	0.00749	0.00622	0.00187	0.00691	0.00562	0.00613	0.01045
6	0.00779	0.00565	0.00740	0.00873	0.00932	0.00526	0.00607	0.00907	0.01233	0.01622	0.03658	0.65668	0.09790	0.01901	0.00796	0.00252	0.00376	0.07684	0.00578	0.00514
7	0.02004	0.39882	0.02499	0.01342	0.01766	0.39849	0.01137	0.02184	0.01521	0.01496	0.00916	0.01063	0.00801	0.00589	0.00483	0.00147	0.00900	0.00368	0.00294	0.00760
8	0.00759	0.00542	0.00723	0.00868	0.00904	0.00506	0.00578	0.00868	0.01193	0.01591	0.03434	0.77697	0.04121	0.01952	0.00795	0.00253	0.00361	0.01771	0.00578	0.00506
9	0.01676	0.01954	0.05378	0.01654	0.01868	0.25312	0.06583	0.04496	0.01357	0.01664	0.01089	0.05759	0.01023	0.00919	0.01278	0.00224	0.36140	0.00581	0.00322	0.00722
10	0.02528	0.04764	0.01574	0.01244	0.04934	0.01066	0.00979	0.07474	0.01807	0.58063	0.04700	0.02257	0.01667	0.00799	0.00627	0.00193	0.00550	0.03058	0.00706	0.01012
11	0.00756	0.00556	0.00709	0.00832	0.00894	0.00509	0.00563	0.00872	0.01227	0.01604	0.03866	0.66936	0.14603	0.01896	0.00786	0.00247	0.00355	0.01703	0.00578	0.00509
12	0.02542	0.04134	0.08661	0.01220	0.01749	0.01175	0.01095	0.13288	0.01892	0.54384	0.02127	0.01909	0.01371	0.00742	0.00615	0.00190	0.00596	0.00590	0.00682	0.01037
13	0.01590	0.09585	0.39755	0.01831	0.11270	0.05376	0.01793	0.02234	0.08245	0.10437	0.01384	0.01494	0.01009	0.00630	0.00584	0.00189	0.00799	0.00500	0.00367	0.00930
14	0.01500	0.01567	0.02847	0.05885	0.09819	0.05784	0.41842	0.02004	0.05396	0.03728	0.01503	0.02181	0.01252	0.00705	0.00773	0.00215	0.04450	0.07363	0.00365	0.00821
15	0.00768	0.00546	0.00720	0.00857	0.00891	0.00512	0.00567	0.00870	0.01176	0.01568	0.03348	0.73409	0.04013	0.06387	0.00934	0.00273	0.00376	0.01721	0.00567	0.00499
16	0.01926	0.02085	0.31671	0.01492	0.02141	0.01349	0.04018	0.15473	0.03646	0.24383	0.01725	0.04507	0.01228	0.00731	0.00622	0.00197	0.00730	0.00595	0.00508	0.00972
17	0.01579	0.01587	0.02380	0.11723	0.59243	0.08825	0.01822	0.01934	0.01434	0.01935	0.01144	0.01514	0.00951	0.00571	0.00612	0.00185	0.00788	0.00540	0.00306	0.00928
18	0.01080	0.00677	0.00855	0.00805	0.00993	0.00606	0.00605	0.01314	0.01619	0.11426	0.41440	0.14272	0.19200	0.01362	0.00729	0.00206	0.00338	0.01187	0.00660	0.00625
19	0.01783	0.43370	0.06298	0.03337	0.13337	0.09108	0.01298	0.09354	0.01529	0.03869	0.01052	0.01211	0.00878	0.00581	0.00494	0.00156	0.00736	0.00418	0.00330	0.00860
20	0.00772	0.00563	0.00727	0.00833	0.00901	0.00518	0.00569	0.00909	0.01287	0.01713	0.12485	0.61298	0.11469	0.01830	0.00782	0.00242	0.00348	0.01645	0.00592	0.00518
21	0.02105	0.01534	0.01885	0.01458	0.01879	0.01687	0.05428	0.40872	0.02214	0.12296	0.01454	0.01547	0.01061	0.00774	0.00868	0.00197	0.14096	0.00562	0.00541	0.07542
22	0.01394	0.02359	0.38078	0.06033	0.20820	0.01491	0.14719	0.04108	0.01416	0.02035	0.01169	0.01461	0.00877	0.00577	0.00627	0.00197	0.00887	0.00541	0.00296	0.00916
23	0.01164	0.01091	0.01835	0.74366	0.04191	0.01358	0.01696	0.01570	0.01244	0.01592	0.01176	0.03910	0.00928	0.00662	0.00628	0.00209	0.00817	0.00590	0.00286	0.00687
24	0.00758	0.00546	0.00719	0.00857	0.00901	0.00507	0.00574	0.00869	0.01203	0.01595	0.03567	0.74387	0.07345	0.01935	0.00793	0.00251	0.00359	0.01750	0.00578	0.00507
25	0.00903	0.00615	0.00736	0.00736	0.00756	0.00635	0.00448	0.00942	0.00923	0.01250	0.01911	0.03790	0.02141	0.65178	0.15927	0.00674	0.00791	0.00864	0.00370	0.00409
26	0.00768	0.00638	0.00675	0.00683	0.00884	0.00546	0.00524	0.00946	0.01446	0.01757	0.10967	0.05981	0.63429	0.01567	0.00746	0.00215	0.00335	0.06771	0.00586	0.00534
27	0.01298	0.11883	0.66634	0.01694	0.02570	0.01564	0.02160	0.01961	0.01310	0.01915	0.01089	0.01279	0.00790	0.00585	0.00570	0.00190	0.00892	0.00446	0.00263	0.00907
28	0.01869	0.01654	0.17403	0.01240	0.01845	0.01162	0.01197	0.13196	0.01691	0.22429	0.01545	0.01559	0.01087	0.00621	0.00561	0.00158	0.00616	0.00491	0.00498	0.29179
29	0.01606	0.70178	0.08109	0.01112	0.01655	0.02328	0.01140	0.01843	0.01259	0.01500	0.00916	0.01079	0.00829	0.00703	0.03424	0.00172	0.00724	0.00355	0.00269	0.00798
30	0.00769	0.00558	0.00733	0.00852	0.00909	0.00523	0.00579	0.00894	0.01229	0.01634	0.06906	0.65915	0.09179	0.02005	0.03879	0.00278	0.00409	0.01662	0.00573	0.00513
31	0.00777	0.00557	0.00710	0.00825	0.00869	0.00521	0.00544	0.00875	0.01171	0.01546	0.03451	0.62535	0.09062	0.12097	0.01108	0.00297	0.00390	0.01622	0.00552	0.00490
32	0.01377	0.01145	0.01324	0.00973	0.01495	0.00928	0.00776	0.08802	0.01456	0.02204	0.01262	0.05070	0.01094	0.00564	0.00495	0.00110	0.00480	0.00458	0.00406	0.69583

[dist]
# distance from previous block
# <min> <max>
33	148

[block]
# block no. 6 follows, 36 sequences, length 10
# corresponding to MSA columns:
# 483-492
name=unknown_G
#
# <colnr> <probs for GDERKNQSTAVLIFYWHMCP>
#	G	D	E	R	K	N	Q	S	T	A	V	L	I	F	Y	W	H	M	C	P
0	0.04515	0.01559	0.08464	0.05630	0.04436	0.08306	0.11212	0.10877	0.01599	0.08078	0.06645	0.04098	0.05044	0.00871	0.00815	0.05286	0.04656	0.00653	0.00434	0.06823
1	0.07588	0.06344	0.09564	0.04495	0.27588	0.06063	0.01365	0.05240	0.03073	0.02015	0.02185	0.02392	0.15209	0.03455	0.00692	0.00203	0.00667	0.00669	0.00385	0.00811
2	0.01360	0.01278	0.03506	0.04694	0.33821	0.03013	0.03907	0.06363	0.03932	0.02037	0.02072	0.16969	0.05538	0.00977	0.00672	0.00205	0.00640	0.05164	0.00424	0.03426
3	0.05591	0.03745	0.01540	0.01221	0.01594	0.04216	0.06898	0.05529	0.20162	0.02225	0.06735	0.09324	0.01839	0.00970	0.03340	0.00209	0.03025	0.00702	0.00480	0.20654
4	0.01911	0.11143	0.02038	0.01513	0.06084	0.01727	0.06056	0.40466	0.04468	0.02946	0.01523	0.05539	0.01257	0.03800	0.03237	0.00225	0.00710	0.00620	0.00507	0.04229
5	0.06336	0.01611	0.09129	0.05372	0.15194	0.06010	0.08108	0.06352	0.15793	0.12473	0.03645	0.01986	0.01411	0.00724	0.00626	0.00199	0.00702	0.02944	0.00475	0.00908
6	0.01183	0.00841	0.00950	0.00849	0.00988	0.00853	0.00574	0.13440	0.01351	0.01839	0.06341	0.05486	0.02218	0.50181	0.04324	0.00471	0.00612	0.00840	0.00444	0.06215
7	0.05278	0.08020	0.51239	0.02106	0.17424	0.01523	0.02056	0.01946	0.01321	0.01991	0.01100	0.01326	0.00826	0.00580	0.00574	0.00190	0.00844	0.00465	0.00279	0.00914
8	0.02004	0.01075	0.01507	0.01561	0.15606	0.00982	0.01037	0.04893	0.01676	0.37318	0.08578	0.02758	0.09951	0.00878	0.00646	0.00191	0.00531	0.03095	0.00619	0.05095
9	0.10436	0.01283	0.01511	0.01308	0.05349	0.01323	0.01002	0.18046	0.15205	0.31910	0.04733	0.01974	0.01550	0.00768	0.00606	0.00195	0.00554	0.00612	0.00647	0.00986

[dist]
# distance from previous block
# <min> <max>
0	1

[block]
# block no. 7 follows, 36 sequences, length 18
# corresponding to MSA columns:
# 494-511
name=unknown_H
#
# <colnr> <probs for GDERKNQSTAVLIFYWHMCP>
#	G	D	E	R	K	N	Q	S	T	A	V	L	I	F	Y	W	H	M	C	P
0	0.02342	0.04443	0.10618	0.01455	0.08177	0.01181	0.01196	0.05730	0.06928	0.48176	0.02082	0.01915	0.01377	0.00725	0.00613	0.00191	0.00606	0.00591	0.00632	0.01021
1	0.02198	0.01155	0.07773	0.01064	0.01522	0.00877	0.00942	0.02467	0.01670	0.51780	0.05119	0.02885	0.15881	0.00929	0.00648	0.00197	0.00516	0.00762	0.00686	0.00929
2	0.08448	0.03044	0.68323	0.01691	0.02565	0.01443	0.02158	0.01961	0.01293	0.02046	0.01096	0.01289	0.00779	0.00591	0.00574	0.00197	0.00882	0.00450	0.00274	0.00899
3	0.09357	0.03717	0.06070	0.01306	0.06571	0.01130	0.01039	0.04898	0.07022	0.42207	0.06359	0.04251	0.01702	0.00790	0.00607	0.00194	0.00552	0.00643	0.00631	0.00954
4	0.01341	0.18009	0.58453	0.01701	0.04753	0.01649	0.02046	0.01950	0.01309	0.01875	0.01070	0.01260	0.00798	0.00579	0.00555	0.00184	0.00865	0.00438	0.00265	0.00899
5	0.00757	0.00549	0.00716	0.00850	0.00899	0.00508	0.00571	0.00870	0.01210	0.01597	0.03649	0.72352	0.09327	0.01924	0.00791	0.00250	0.00358	0.01737	0.00578	0.00508
6	0.01666	0.78478	0.03265	0.01066	0.01599	0.02465	0.01066	0.01866	0.01266	0.01466	0.00866	0.00999	0.00800	0.00533	0.00400	0.00133	0.00666	0.00333	0.00267	0.00800
7	0.00987	0.00681	0.00913	0.01012	0.01135	0.00666	0.00826	0.01208	0.01358	0.03613	0.06036	0.15713	0.06899	0.11250	0.01124	0.00312	0.00525	0.44630	0.00559	0.00551
8	0.00759	0.00542	0.00723	0.00868	0.00904	0.00506	0.00578	0.00868	0.01193	0.01591	0.03434	0.77697	0.04121	0.01952	0.00795	0.00253	0.00361	0.01771	0.00578	0.00506
9	0.00759	0.00542	0.00723	0.00868	0.00904	0.00506	0.00578	0.00868	0.01193	0.01591	0.03434	0.77697	0.04121	0.01952	0.00795	0.00253	0.00361	0.01771	0.00578	0.00506
10	0.05361	0.42441	0.02607	0.01338	0.01788	0.30527	0.04496	0.02110	0.01459	0.01571	0.00922	0.01080	0.00802	0.00577	0.00478	0.00150	0.00853	0.00379	0.00295	0.00766
11	0.02320	0.01721	0.01842	0.01424	0.01914	0.01909	0.01172	0.68032	0.07116	0.03848	0.01558	0.01545	0.01110	0.00754	0.00624	0.00188	0.00674	0.00570	0.00624	0.01055
12	0.00908	0.00634	0.00761	0.00748	0.00810	0.00617	0.00475	0.00991	0.01083	0.01489	0.12350	0.10678	0.02832	0.50563	0.07864	0.00516	0.00609	0.00972	0.00437	0.04664
13	0.11328	0.03748	0.01665	0.01414	0.05174	0.11718	0.01083	0.33762	0.12309	0.03009	0.07338	0.01752	0.01480	0.00755	0.00592	0.00187	0.00665	0.00573	0.00537	0.00910
14	0.04837	0.18484	0.44687	0.01516	0.03898	0.01602	0.01745	0.05489	0.01390	0.01980	0.01536	0.01666	0.07288	0.00674	0.00558	0.00184	0.00779	0.00512	0.00317	0.00859
15	0.01509	0.08226	0.09379	0.01182	0.01602	0.01367	0.01040	0.04748	0.35053	0.08496	0.02658	0.06384	0.10724	0.00915	0.00622	0.00198	0.00534	0.00753	0.00553	0.04057
16	0.07191	0.01883	0.17470	0.06489	0.19603	0.07696	0.01550	0.07821	0.01455	0.02098	0.01239	0.01499	0.02864	0.00669	0.00735	0.00188	0.09103	0.00507	0.00340	0.09601
17	0.01220	0.03176	0.01241	0.05669	0.06112	0.06523	0.00863	0.05250	0.10646	0.01945	0.06539	0.19903	0.14589	0.05403	0.00804	0.00222	0.00524	0.00995	0.00501	0.07876

[dist]
# distance from previous block
# <min> <max>
3	53

[block]
# block no. 8 follows, 36 sequences, length 15
# corresponding to MSA columns:
# 576-590
name=unknown_I
#
# <colnr> <probs for GDERKNQSTAVLIFYWHMCP>
#	G	D	E	R	K	N	Q	S	T	A	V	L	I	F	Y	W	H	M	C	P
0	0.14230	0.01295	0.03738	0.01420	0.09770	0.03254	0.01045	0.11773	0.03983	0.27532	0.04559	0.04733	0.01567	0.00795	0.00596	0.00193	0.00575	0.03282	0.02334	0.03326
1	0.03967	0.01028	0.01193	0.01049	0.03002	0.00992	0.00798	0.12071	0.09037	0.13273	0.09392	0.11708	0.16029	0.01059	0.00646	0.00190	0.00460	0.00889	0.00587	0.12630
2	0.17484	0.03615	0.01392	0.01400	0.11877	0.01205	0.00954	0.08827	0.03304	0.06606	0.13232	0.06451	0.06415	0.04227	0.00801	0.00217	0.05172	0.03328	0.00492	0.03000
3	0.01772	0.09125	0.01574	0.01156	0.01567	0.03590	0.00944	0.08065	0.25735	0.15943	0.02158	0.04507	0.03167	0.00829	0.00600	0.00184	0.00545	0.04831	0.00566	0.13142
4	0.01977	0.01206	0.01383	0.01133	0.01504	0.01239	0.00899	0.26927	0.09260	0.22584	0.02602	0.08404	0.09920	0.06998	0.00851	0.00231	0.00550	0.00801	0.00637	0.00895
5	0.13088	0.07647	0.01803	0.12776	0.05674	0.12898	0.02860	0.20006	0.07573	0.02469	0.01456	0.01599	0.03779	0.00689	0.00566	0.00183	0.00719	0.00525	0.00433	0.03258
6	0.00954	0.03696	0.00918	0.00867	0.00989	0.00769	0.00609	0.01315	0.12063	0.01757	0.10009	0.34512	0.09818	0.17363	0.01235	0.00305	0.00432	0.01272	0.00544	0.00573
7	0.01651	0.58297	0.07705	0.01169	0.01691	0.05655	0.01143	0.02120	0.12132	0.01675	0.01140	0.01226	0.00965	0.00589	0.00456	0.00151	0.00678	0.00401	0.00324	0.00832
8	0.05558	0.48520	0.04297	0.01547	0.12586	0.10512	0.01205	0.03655	0.01395	0.01727	0.03321	0.01234	0.00994	0.00582	0.00471	0.00152	0.00715	0.00409	0.00307	0.00815
9	0.13950	0.01226	0.05597	0.01102	0.01476	0.01165	0.00929	0.11812	0.12826	0.18746	0.13609	0.08998	0.02330	0.00948	0.00627	0.00203	0.00510	0.02496	0.00606	0.00846
10	0.00798	0.00592	0.00776	0.00857	0.00945	0.00563	0.00601	0.00946	0.01230	0.01651	0.08147	0.51368	0.11694	0.02237	0.12070	0.00353	0.00552	0.01474	0.00543	0.02602
11	0.01648	0.66837	0.02985	0.01097	0.01602	0.02327	0.01054	0.02084	0.12105	0.01638	0.01118	0.01199	0.00966	0.00580	0.00435	0.00145	0.00640	0.00389	0.00322	0.00828
12	0.04591	0.53570	0.07898	0.01144	0.01669	0.02149	0.01126	0.12431	0.01546	0.01990	0.05863	0.01342	0.01173	0.00621	0.00469	0.00152	0.00656	0.00430	0.00352	0.00829
13	0.00851	0.00611	0.00788	0.00900	0.00962	0.00587	0.00613	0.04915	0.01292	0.01723	0.03324	0.73369	0.03947	0.01884	0.00785	0.00249	0.00380	0.01703	0.00581	0.00538
14	0.00920	0.00791	0.01287	0.04741	0.01458	0.00789	0.11445	0.01109	0.01232	0.01650	0.02956	0.55612	0.05920	0.01611	0.00847	0.00244	0.04836	0.01471	0.00507	0.00576

[dist]
# distance from previous block
# <min> <max>
13	84

[block]
# block no. 9 follows, 36 sequences, length 16
# corresponding to MSA columns:
# 686-701
name=unknown_J
#
# <colnr> <probs for GDERKNQSTAVLIFYWHMCP>
#	G	D	E	R	K	N	Q	S	T	A	V	L	I	F	Y	W	H	M	C	P
0	0.13979	0.01468	0.05455	0.01289	0.02802	0.03593	0.02395	0.22013	0.15668	0.02681	0.01745	0.10735	0.01516	0.02781	0.00734	0.00210	0.04461	0.00690	0.00507	0.05279
1	0.09559	0.01495	0.01974	0.02640	0.42205	0.08751	0.01455	0.08474	0.01568	0.02237	0.06496	0.07466	0.01531	0.00742	0.00611	0.00190	0.00687	0.00652	0.00394	0.00872
2	0.02115	0.01586	0.01712	0.01344	0.01800	0.01741	0.01098	0.55793	0.11178	0.03588	0.07303	0.01836	0.01535	0.00791	0.00628	0.00187	0.00624	0.00616	0.00620	0.03904
3	0.01617	0.01512	0.07430	0.08519	0.44988	0.01397	0.01665	0.08529	0.01565	0.07869	0.01580	0.01818	0.05091	0.00653	0.00619	0.00187	0.00707	0.00591	0.00386	0.03277
4	0.01128	0.01035	0.10051	0.00944	0.01256	0.00735	0.00833	0.01432	0.01559	0.09366	0.34636	0.11960	0.12133	0.01169	0.00686	0.00193	0.00422	0.01012	0.00586	0.08865
5	0.01225	0.00914	0.01098	0.01074	0.01253	0.04961	0.03495	0.06480	0.03600	0.07396	0.02998	0.34564	0.06911	0.06966	0.00928	0.00265	0.00525	0.14159	0.00558	0.00632
6	0.01696	0.65207	0.09709	0.01162	0.01718	0.06344	0.01183	0.01943	0.01313	0.03606	0.00940	0.01067	0.00820	0.00551	0.00433	0.00142	0.00711	0.00357	0.00284	0.00814
7	0.01633	0.72466	0.08986	0.01123	0.01687	0.02384	0.01165	0.01874	0.01270	0.01506	0.00886	0.01025	0.00799	0.00538	0.00415	0.00138	0.00687	0.00343	0.00266	0.00809
8	0.00883	0.00602	0.00679	0.00689	0.00708	0.00591	0.00399	0.00902	0.00966	0.01271	0.02399	0.09459	0.07858	0.66858	0.02817	0.00549	0.00565	0.00999	0.00407	0.00398
9	0.01749	0.69194	0.03087	0.01123	0.01639	0.07640	0.01082	0.05494	0.01386	0.01596	0.00905	0.01034	0.00813	0.00552	0.00423	0.00138	0.00700	0.00350	0.00289	0.00807
10	0.02308	0.01694	0.01784	0.01394	0.01861	0.04632	0.01139	0.62068	0.02734	0.07565	0.01627	0.05402	0.01232	0.00807	0.00630	0.00190	0.00677	0.00620	0.00617	0.01018
11	0.01082	0.00541	0.00812	0.00812	0.00812	0.00541	0.00541	0.00812	0.00812	0.01082	0.01082	0.01894	0.01082	0.02165	0.02435	0.81872	0.00541	0.00541	0.00271	0.00271
12	0.00809	0.00574	0.00731	0.00836	0.00882	0.00545	0.00563	0.00911	0.01163	0.01535	0.03267	0.52226	0.07584	0.18359	0.01310	0.00329	0.00428	0.06929	0.00535	0.00485
13	0.01645	0.74667	0.06892	0.01102	0.01655	0.02414	0.01129	0.01871	0.01268	0.01492	0.00879	0.01015	0.00799	0.00536	0.00410	0.00137	0.00679	0.00340	0.00266	0.00806
14	0.01803	0.01464	0.01551	0.01319	0.01717	0.01668	0.01047	0.24563	0.51427	0.03014	0.02215	0.02069	0.01642	0.00815	0.00631	0.00204	0.00553	0.00660	0.00631	0.01009
15	0.00773	0.00598	0.00692	0.00757	0.00878	0.00535	0.00537	0.00906	0.01290	0.01619	0.04656	0.34532	0.36602	0.07757	0.00958	0.00263	0.00371	0.05205	0.00562	0.00509

[dist]
# distance from previous block
# <min> <max>
0	0

# created by:
# /st0/software/busco_prod/Augustus/scripts/msa2prfl.pl ./align_prep/177486.fa
