[name]
unknown

[dist]
# distance from previous block
# <min> <max>
0	27

[block]
# block no. 0 follows, 48 sequences, length 8
# corresponding to MSA columns:
# 27-34
name=unknown_A
#
# <colnr> <probs for GDERKNQSTAVLIFYWHMCP>
#	G	D	E	R	K	N	Q	S	T	A	V	L	I	F	Y	W	H	M	C	P
0	0.01359	0.01010	0.01131	0.00915	0.01254	0.01002	0.00729	0.24497	0.12447	0.05622	0.01525	0.09812	0.01300	0.00677	0.00482	0.00138	0.00426	0.02391	0.06513	0.26770
1	0.01391	0.01044	0.01098	0.00946	0.01232	0.07850	0.00743	0.16955	0.10331	0.12165	0.01871	0.17960	0.03517	0.00856	0.00533	0.00160	0.00463	0.06045	0.00463	0.14377
2	0.07744	0.01177	0.01280	0.01033	0.01377	0.01271	0.00834	0.46020	0.08108	0.10196	0.01544	0.11952	0.01276	0.00739	0.00515	0.00161	0.00487	0.00591	0.00501	0.03196
3	0.00722	0.00521	0.00646	0.00712	0.00774	0.00502	0.00483	0.05597	0.01061	0.01403	0.02770	0.61886	0.08764	0.10546	0.00862	0.00235	0.00334	0.01286	0.00460	0.00435
4	0.07921	0.01353	0.01426	0.01106	0.01494	0.01499	0.00912	0.67514	0.02229	0.03095	0.01219	0.01240	0.00874	0.00605	0.00491	0.00152	0.00535	0.00450	0.05056	0.00828
5	0.00716	0.00488	0.00584	0.00612	0.00624	0.00487	0.00370	0.00748	0.00807	0.01082	0.01892	0.21981	0.02197	0.58228	0.06638	0.00447	0.00501	0.00905	0.00348	0.00345
6	0.01165	0.00823	0.00914	0.00799	0.00960	0.00874	0.00573	0.22242	0.08179	0.03985	0.06536	0.06567	0.01813	0.40551	0.01555	0.00327	0.00480	0.00693	0.00420	0.00544
7	0.01934	0.01277	0.01425	0.01108	0.01497	0.01378	0.00911	0.56010	0.06030	0.17530	0.01432	0.01396	0.01000	0.00754	0.03706	0.00183	0.00565	0.00482	0.00527	0.00853

[dist]
# distance from previous block
# <min> <max>
21	42

[block]
# block no. 1 follows, 48 sequences, length 9
# corresponding to MSA columns:
# 81-89
name=unknown_B
#
# <colnr> <probs for GDERKNQSTAVLIFYWHMCP>
#	G	D	E	R	K	N	Q	S	T	A	V	L	I	F	Y	W	H	M	C	P
0	0.02973	0.01040	0.01397	0.02838	0.21152	0.04177	0.04917	0.08678	0.09167	0.08812	0.09387	0.06864	0.09893	0.00741	0.00558	0.00161	0.02121	0.00643	0.00411	0.04070
1	0.01187	0.00978	0.01185	0.07112	0.05595	0.03242	0.02745	0.17848	0.06906	0.01957	0.05967	0.14526	0.05686	0.00783	0.00547	0.00153	0.02610	0.00662	0.04992	0.15318
2	0.05875	0.00846	0.01088	0.13643	0.04601	0.00919	0.00824	0.11472	0.09312	0.09704	0.01898	0.31597	0.01879	0.00977	0.00589	0.00182	0.02696	0.00843	0.00438	0.00618
3	0.07456	0.01101	0.05375	0.02855	0.05650	0.01077	0.00859	0.23896	0.10918	0.10178	0.07824	0.10486	0.02797	0.00745	0.00514	0.00161	0.00458	0.00615	0.02907	0.04128
4	0.00772	0.00558	0.00652	0.00631	0.00787	0.00504	0.00472	0.01000	0.04696	0.05829	0.30449	0.13180	0.36211	0.01184	0.00603	0.00172	0.00274	0.01019	0.00518	0.00490
5	0.01275	0.00933	0.01330	0.33416	0.05608	0.01053	0.01056	0.11976	0.03985	0.11971	0.12839	0.01796	0.01476	0.00651	0.00579	0.00165	0.04524	0.00541	0.04173	0.00654
6	0.01823	0.01071	0.01236	0.00988	0.01329	0.01110	0.00810	0.38812	0.01851	0.25495	0.01669	0.05311	0.01266	0.00708	0.00514	0.00158	0.00473	0.04588	0.10000	0.00786
7	0.03461	0.04843	0.31598	0.01621	0.06841	0.01192	0.22750	0.05187	0.01226	0.10080	0.01177	0.01504	0.00900	0.00542	0.00528	0.00166	0.00702	0.04638	0.00307	0.00736
8	0.01210	0.00630	0.00828	0.00787	0.00965	0.00579	0.00591	0.01421	0.04772	0.26383	0.10865	0.38319	0.05558	0.01174	0.00599	0.00185	0.00346	0.03656	0.00539	0.00591

[dist]
# distance from previous block
# <min> <max>
0	1

[block]
# block no. 2 follows, 48 sequences, length 16
# corresponding to MSA columns:
# 91-106
name=unknown_C
#
# <colnr> <probs for GDERKNQSTAVLIFYWHMCP>
#	G	D	E	R	K	N	Q	S	T	A	V	L	I	F	Y	W	H	M	C	P
0	0.01902	0.00987	0.01205	0.00956	0.01309	0.00975	0.00778	0.20118	0.09886	0.42688	0.11828	0.01914	0.01673	0.00691	0.00528	0.00160	0.00438	0.00564	0.00585	0.00816
1	0.01452	0.01076	0.01275	0.01068	0.01405	0.01155	0.05070	0.04837	0.52630	0.15156	0.01906	0.01773	0.01391	0.00645	0.00515	0.00164	0.00440	0.00547	0.00510	0.06983
2	0.00620	0.00465	0.00576	0.00665	0.00731	0.00421	0.00455	0.00720	0.01030	0.01329	0.03425	0.62309	0.22332	0.01530	0.00643	0.00200	0.00288	0.01364	0.00476	0.00421
3	0.01090	0.01027	0.05478	0.00813	0.01284	0.00742	0.00692	0.03732	0.01108	0.01719	0.00923	0.01070	0.00757	0.00394	0.00390	0.00083	0.00407	0.00313	0.00306	0.77670
4	0.00696	0.00556	0.00682	0.00730	0.05031	0.00498	0.00501	0.00881	0.01281	0.01688	0.36451	0.08446	0.38374	0.01162	0.00603	0.00169	0.00274	0.01002	0.00502	0.00475
5	0.00632	0.00460	0.00582	0.00676	0.00722	0.00426	0.00451	0.00720	0.00988	0.01294	0.03045	0.65080	0.13258	0.08096	0.00807	0.00227	0.00309	0.01351	0.00463	0.00410
6	0.01825	0.03714	0.01504	0.01163	0.01543	0.08459	0.00948	0.56622	0.14190	0.02832	0.01314	0.01301	0.00957	0.00616	0.00505	0.00154	0.00571	0.00464	0.00485	0.00833
7	0.00740	0.00495	0.00561	0.00567	0.00568	0.00494	0.00319	0.00745	0.00757	0.01010	0.01674	0.07044	0.01937	0.78183	0.02519	0.00484	0.00488	0.00780	0.00319	0.00316
8	0.01472	0.24841	0.15900	0.01119	0.01572	0.03309	0.01080	0.24091	0.17905	0.02083	0.01200	0.01227	0.00915	0.00557	0.00456	0.00147	0.00569	0.00415	0.00371	0.00771
9	0.85592	0.00992	0.00754	0.00675	0.00992	0.01151	0.00556	0.01508	0.00873	0.02302	0.00714	0.00834	0.00556	0.00476	0.00318	0.00159	0.00397	0.00278	0.00318	0.00556
10	0.01234	0.08828	0.52759	0.01317	0.01944	0.01225	0.03257	0.01853	0.10719	0.10285	0.01175	0.01246	0.00837	0.00525	0.00485	0.00159	0.00664	0.00416	0.00303	0.00768
11	0.01342	0.01468	0.13587	0.06934	0.50808	0.04803	0.01509	0.05938	0.01248	0.05986	0.01021	0.01256	0.00803	0.00487	0.00504	0.00154	0.00639	0.00443	0.00283	0.00788
12	0.00911	0.00602	0.00734	0.00672	0.00848	0.00556	0.00514	0.01204	0.06656	0.10533	0.46484	0.03741	0.22488	0.01040	0.00590	0.00165	0.00280	0.00896	0.00548	0.00538
13	0.85592	0.00992	0.00754	0.00675	0.00992	0.01151	0.00556	0.01508	0.00873	0.02302	0.00714	0.00834	0.00556	0.00476	0.00318	0.00159	0.00397	0.00278	0.00318	0.00556
14	0.01213	0.11032	0.54434	0.01425	0.05509	0.01342	0.01612	0.12168	0.03394	0.01821	0.00976	0.01107	0.00715	0.00505	0.00476	0.00155	0.00692	0.00388	0.00269	0.00767
15	0.01284	0.01005	0.01193	0.01023	0.01304	0.01098	0.05079	0.07193	0.47122	0.07991	0.14915	0.02201	0.02019	0.03473	0.00610	0.00180	0.00420	0.00633	0.00515	0.00741

[dist]
# distance from previous block
# <min> <max>
0	1

[block]
# block no. 3 follows, 48 sequences, length 46
# corresponding to MSA columns:
# 108-153
name=unknown_D
#
# <colnr> <probs for GDERKNQSTAVLIFYWHMCP>
#	G	D	E	R	K	N	Q	S	T	A	V	L	I	F	Y	W	H	M	C	P
0	0.01187	0.00990	0.04563	0.00980	0.01219	0.03975	0.03493	0.05408	0.23561	0.08884	0.01649	0.05232	0.01412	0.11756	0.19504	0.00364	0.02217	0.00592	0.00402	0.02615
1	0.00633	0.00457	0.00601	0.00714	0.00756	0.00425	0.00487	0.00731	0.01002	0.01324	0.02957	0.73911	0.07636	0.01582	0.00655	0.00208	0.00303	0.04722	0.00476	0.00420
2	0.01529	0.56549	0.04113	0.01014	0.01419	0.19515	0.00934	0.07161	0.01236	0.01376	0.00774	0.00882	0.00674	0.00473	0.00376	0.00119	0.00640	0.00303	0.00251	0.00662
3	0.00624	0.00451	0.00590	0.00702	0.00741	0.00418	0.00471	0.00716	0.00995	0.01315	0.02985	0.76550	0.08374	0.01587	0.00652	0.00206	0.00295	0.01434	0.00476	0.00418
4	0.01222	0.01170	0.01995	0.15622	0.66672	0.01206	0.01551	0.01532	0.01145	0.01618	0.00957	0.01286	0.00792	0.00466	0.00509	0.00155	0.00622	0.00457	0.00250	0.00774
5	0.01853	0.01306	0.01423	0.01123	0.01507	0.01433	0.00917	0.53561	0.17658	0.11529	0.01495	0.01429	0.01058	0.00634	0.00515	0.00159	0.00518	0.00492	0.00529	0.00860
6	0.02302	0.00873	0.01191	0.00913	0.01310	0.00754	0.00754	0.02501	0.01469	0.79122	0.02024	0.01746	0.01270	0.00635	0.00516	0.00159	0.00437	0.00516	0.00635	0.00873
7	0.01081	0.00938	0.01150	0.07017	0.01419	0.02497	0.02505	0.01309	0.01067	0.03123	0.01030	0.05491	0.00903	0.00484	0.00459	0.00101	0.03129	0.00395	0.00309	0.65591
8	0.01056	0.01012	0.08046	0.00842	0.01244	0.00734	0.00724	0.04482	0.02628	0.03640	0.01316	0.15322	0.01248	0.00629	0.00450	0.00114	0.00409	0.00532	0.00348	0.55224
9	0.01387	0.39647	0.26782	0.01129	0.01663	0.01670	0.01222	0.17760	0.01349	0.01775	0.00890	0.00993	0.00702	0.00492	0.00419	0.00136	0.00619	0.00348	0.00282	0.00736
10	0.01276	0.01102	0.01160	0.01044	0.01334	0.01276	0.00812	0.02727	0.77840	0.02146	0.02088	0.01914	0.01566	0.00696	0.00522	0.00174	0.00406	0.00580	0.00522	0.00812
11	0.02285	0.00900	0.01208	0.00926	0.01323	0.00795	0.00765	0.06098	0.01514	0.75460	0.01986	0.01722	0.01251	0.00634	0.00516	0.00159	0.00443	0.00513	0.00629	0.00873
12	0.03770	0.00928	0.01537	0.74646	0.06796	0.01144	0.01403	0.01329	0.01027	0.01360	0.00908	0.01346	0.00685	0.00509	0.00506	0.00170	0.00671	0.00450	0.00232	0.00580
13	0.02290	0.00892	0.01202	0.00922	0.01319	0.00782	0.00762	0.05002	0.01500	0.76576	0.01998	0.01729	0.01257	0.00634	0.00516	0.00159	0.00441	0.00514	0.00631	0.00873
14	0.00726	0.00524	0.00686	0.00646	0.00767	0.00484	0.00484	0.00968	0.01452	0.02058	0.78496	0.03833	0.04841	0.01049	0.00605	0.00161	0.00242	0.00928	0.00565	0.00484
15	0.00726	0.00524	0.00686	0.00646	0.00767	0.00484	0.00484	0.00968	0.01452	0.02058	0.78496	0.03833	0.04841	0.01049	0.00605	0.00161	0.00242	0.00928	0.00565	0.00484
16	0.01123	0.01123	0.01572	0.01347	0.01347	0.01572	0.01123	0.01235	0.00786	0.01235	0.00674	0.01123	0.00674	0.00898	0.01684	0.00225	0.81028	0.00449	0.00225	0.00561
17	0.00969	0.00912	0.01539	0.80734	0.03534	0.01140	0.01425	0.01311	0.01026	0.01311	0.00912	0.01368	0.00684	0.00513	0.00513	0.00171	0.00684	0.00456	0.00228	0.00570
18	0.38385	0.00925	0.01002	0.00810	0.01172	0.00926	0.00668	0.02071	0.01211	0.45842	0.01457	0.01351	0.00961	0.00566	0.00430	0.00159	0.00419	0.00413	0.00498	0.00736
19	0.00629	0.00497	0.00567	0.00599	0.00720	0.00435	0.00431	0.00762	0.01150	0.01456	0.14746	0.29182	0.44284	0.01362	0.00622	0.00183	0.00269	0.01181	0.00489	0.00435
20	0.00751	0.00616	0.00674	0.00643	0.00819	0.00585	0.00487	0.01129	0.13693	0.01713	0.26896	0.04113	0.43739	0.01126	0.00592	0.00170	0.00278	0.00954	0.00511	0.00510
21	0.01313	0.01093	0.01164	0.01039	0.01306	0.02876	0.00813	0.02536	0.64266	0.05602	0.01947	0.01834	0.01464	0.00699	0.00589	0.00173	0.05695	0.00559	0.04251	0.00779
22	0.01323	0.70338	0.12119	0.00962	0.01429	0.01915	0.01010	0.01540	0.01041	0.01259	0.00738	0.00863	0.00658	0.00457	0.00384	0.00119	0.02665	0.00292	0.00219	0.00668
23	0.00814	0.00721	0.01256	0.12598	0.01577	0.00719	0.16470	0.01024	0.01054	0.01399	0.02171	0.46583	0.02421	0.01189	0.00629	0.00198	0.00487	0.07792	0.00395	0.00501
24	0.01199	0.01325	0.02582	0.16760	0.02722	0.04542	0.55472	0.01657	0.05370	0.01593	0.01062	0.01391	0.00799	0.00466	0.00578	0.00171	0.00809	0.00565	0.00268	0.00672
25	0.01917	0.02445	0.01454	0.01322	0.01586	0.79907	0.00991	0.02049	0.01454	0.01256	0.00793	0.00925	0.00661	0.00529	0.00463	0.00132	0.00925	0.00330	0.00264	0.00595
26	0.01341	0.01145	0.02039	0.17503	0.39337	0.01156	0.15852	0.01663	0.01190	0.12072	0.01112	0.01375	0.00843	0.00487	0.00529	0.00161	0.00649	0.00493	0.00302	0.00751
27	0.00969	0.00912	0.01539	0.80734	0.03534	0.01140	0.01425	0.01311	0.01026	0.01311	0.00912	0.01368	0.00684	0.00513	0.00513	0.00171	0.00684	0.00456	0.00228	0.00570
28	0.00969	0.00900	0.01509	0.78439	0.03450	0.01121	0.01394	0.01308	0.01027	0.01328	0.00934	0.01384	0.00702	0.00515	0.00509	0.00170	0.00671	0.00457	0.02647	0.00567
29	0.85592	0.00992	0.00754	0.00675	0.00992	0.01151	0.00556	0.01508	0.00873	0.02302	0.00714	0.00834	0.00556	0.00476	0.00318	0.00159	0.00397	0.00278	0.00318	0.00556
30	0.01276	0.01102	0.01160	0.01044	0.01334	0.01276	0.00812	0.02727	0.77840	0.02146	0.02088	0.01914	0.01566	0.00696	0.00522	0.00174	0.00406	0.00580	0.00522	0.00812
31	0.02302	0.00873	0.01191	0.00913	0.01310	0.00754	0.00754	0.02501	0.01469	0.79122	0.02024	0.01746	0.01270	0.00635	0.00516	0.00159	0.00437	0.00516	0.00635	0.00873
32	0.01951	0.01437	0.01540	0.01181	0.01591	0.01591	0.00975	0.77056	0.02412	0.03234	0.01232	0.01232	0.00873	0.00616	0.00513	0.00154	0.00565	0.00462	0.00513	0.00873
33	0.01276	0.01102	0.01160	0.01044	0.01334	0.01276	0.00812	0.02727	0.77840	0.02146	0.02088	0.01914	0.01566	0.00696	0.00522	0.00174	0.00406	0.00580	0.00522	0.00812
34	0.00625	0.00447	0.00595	0.00714	0.00744	0.00417	0.00476	0.00714	0.00982	0.01310	0.02828	0.81633	0.03394	0.01608	0.00655	0.00208	0.00298	0.01459	0.00476	0.00417
35	0.01276	0.01102	0.01160	0.01044	0.01334	0.01276	0.00812	0.02727	0.77840	0.02146	0.02088	0.01914	0.01566	0.00696	0.00522	0.00174	0.00406	0.00580	0.00522	0.00812
36	0.00969	0.00912	0.01539	0.80734	0.03534	0.01140	0.01425	0.01311	0.01026	0.01311	0.00912	0.01368	0.00684	0.00513	0.00513	0.00171	0.00684	0.00456	0.00228	0.00570
37	0.44243	0.01039	0.01036	0.00843	0.01203	0.01112	0.00696	0.16020	0.01346	0.26108	0.01215	0.01189	0.00835	0.00551	0.00415	0.00158	0.00441	0.00386	0.00452	0.00713
38	0.01034	0.02618	0.77122	0.01483	0.02234	0.01195	0.04046	0.01625	0.01087	0.01625	0.00924	0.01092	0.00654	0.00486	0.00491	0.00163	0.00761	0.00386	0.00218	0.00756
39	0.00726	0.00524	0.00686	0.00646	0.00767	0.00484	0.00484	0.00968	0.01452	0.02058	0.78496	0.03833	0.04841	0.01049	0.00605	0.00161	0.00242	0.00928	0.00565	0.00484
40	0.01048	0.00954	0.01539	0.74367	0.03378	0.01176	0.01389	0.07374	0.01137	0.01465	0.00938	0.01357	0.00699	0.00521	0.00513	0.00170	0.00674	0.00456	0.00251	0.00594
41	0.85592	0.00992	0.00754	0.00675	0.00992	0.01151	0.00556	0.01508	0.00873	0.02302	0.00714	0.00834	0.00556	0.00476	0.00318	0.00159	0.00397	0.00278	0.00318	0.00556
42	0.85592	0.00992	0.00754	0.00675	0.00992	0.01151	0.00556	0.01508	0.00873	0.02302	0.00714	0.00834	0.00556	0.00476	0.00318	0.00159	0.00397	0.00278	0.00318	0.00556
43	0.85592	0.00992	0.00754	0.00675	0.00992	0.01151	0.00556	0.01508	0.00873	0.02302	0.00714	0.00834	0.00556	0.00476	0.00318	0.00159	0.00397	0.00278	0.00318	0.00556
44	0.01028	0.00929	0.01496	0.35456	0.28040	0.01005	0.01237	0.01310	0.01122	0.03434	0.03435	0.02091	0.15975	0.00662	0.00532	0.00165	0.00561	0.00590	0.00302	0.00630
45	0.01270	0.01219	0.02083	0.03149	0.78767	0.01219	0.01575	0.01575	0.01168	0.01676	0.00965	0.01270	0.00813	0.00457	0.00508	0.00152	0.00610	0.00457	0.00254	0.00813

[dist]
# distance from previous block
# <min> <max>
0	4

[block]
# block no. 4 follows, 48 sequences, length 54
# corresponding to MSA columns:
# 158-211
name=unknown_E
#
# <colnr> <probs for GDERKNQSTAVLIFYWHMCP>
#	G	D	E	R	K	N	Q	S	T	A	V	L	I	F	Y	W	H	M	C	P
0	0.01064	0.00912	0.01064	0.00760	0.01216	0.00684	0.00608	0.01292	0.01064	0.01672	0.00912	0.01064	0.00760	0.00380	0.00380	0.00076	0.00380	0.00304	0.00304	0.85104
1	0.00734	0.00544	0.00795	0.00795	0.00876	0.00625	0.00604	0.00897	0.00816	0.01169	0.01402	0.02167	0.01348	0.12630	0.71242	0.00788	0.01276	0.00572	0.00279	0.00442
2	0.09145	0.01016	0.01380	0.01127	0.06976	0.00884	0.10039	0.04470	0.01164	0.09246	0.01032	0.01169	0.00801	0.00435	0.00429	0.00112	0.00470	0.00376	0.00336	0.49394
3	0.01211	0.01384	0.03028	0.02163	0.02682	0.01298	0.76903	0.01644	0.01211	0.01644	0.01038	0.01384	0.00779	0.00433	0.00606	0.00173	0.00865	0.00606	0.00260	0.00692
4	0.01270	0.01219	0.02083	0.03149	0.78767	0.01219	0.01575	0.01575	0.01168	0.01676	0.00965	0.01270	0.00813	0.00457	0.00508	0.00152	0.00610	0.00457	0.00254	0.00813
5	0.07334	0.01203	0.01987	0.02971	0.73173	0.01214	0.01501	0.01570	0.01147	0.01721	0.00947	0.01239	0.00794	0.00459	0.00494	0.00153	0.00594	0.00444	0.00259	0.00794
6	0.01246	0.01072	0.01134	0.01029	0.01307	0.01237	0.00797	0.02635	0.74325	0.02108	0.02122	0.05560	0.01650	0.00738	0.00528	0.00176	0.00401	0.00620	0.00520	0.00794
7	0.85592	0.00992	0.00754	0.00675	0.00992	0.01151	0.00556	0.01508	0.00873	0.02302	0.00714	0.00834	0.00556	0.00476	0.00318	0.00159	0.00397	0.00278	0.00318	0.00556
8	0.04670	0.01069	0.01649	0.53534	0.13593	0.05030	0.04888	0.01402	0.01052	0.01411	0.00895	0.01294	0.00699	0.00527	0.00587	0.00170	0.06233	0.00449	0.00238	0.00609
9	0.02302	0.00873	0.01191	0.00913	0.01310	0.00754	0.00754	0.02501	0.01469	0.79122	0.02024	0.01746	0.01270	0.00635	0.00516	0.00159	0.00437	0.00516	0.00635	0.00873
10	0.00969	0.00912	0.01539	0.80734	0.03534	0.01140	0.01425	0.01311	0.01026	0.01311	0.00912	0.01368	0.00684	0.00513	0.00513	0.00171	0.00684	0.00456	0.00228	0.00570
11	0.00995	0.00966	0.01722	0.68248	0.03357	0.01146	0.11723	0.01343	0.01050	0.01356	0.00971	0.03120	0.00756	0.00526	0.00529	0.00172	0.00700	0.00498	0.00238	0.00583
12	0.85592	0.00992	0.00754	0.00675	0.00992	0.01151	0.00556	0.01508	0.00873	0.02302	0.00714	0.00834	0.00556	0.00476	0.00318	0.00159	0.00397	0.00278	0.00318	0.00556
13	0.01951	0.01437	0.01540	0.01181	0.01591	0.01591	0.00975	0.77056	0.02412	0.03234	0.01232	0.01232	0.00873	0.00616	0.00513	0.00154	0.00565	0.00462	0.00513	0.00873
14	0.01275	0.01374	0.02062	0.03107	0.03565	0.13510	0.37103	0.03412	0.13917	0.01679	0.03144	0.03567	0.04548	0.00627	0.00570	0.00170	0.00710	0.04652	0.00341	0.00667
15	0.00979	0.00918	0.01526	0.78103	0.03461	0.01144	0.01405	0.01358	0.03563	0.01339	0.00951	0.01386	0.00713	0.00519	0.00513	0.00171	0.00675	0.00460	0.00238	0.00578
16	0.01321	0.01124	0.01185	0.01053	0.01351	0.01297	0.00823	0.07633	0.72861	0.02218	0.02032	0.01869	0.01521	0.00691	0.00522	0.00173	0.00417	0.00572	0.00522	0.00816
17	0.01064	0.00912	0.01064	0.00760	0.01216	0.00684	0.00608	0.01292	0.01064	0.01672	0.00912	0.01064	0.00760	0.00380	0.00380	0.00076	0.00380	0.00304	0.00304	0.85104
18	0.00625	0.00447	0.00595	0.00714	0.00744	0.00417	0.00476	0.00714	0.00982	0.01310	0.02828	0.81633	0.03394	0.01608	0.00655	0.00208	0.00298	0.01459	0.00476	0.00417
19	0.00963	0.00899	0.01509	0.77428	0.03432	0.01117	0.01400	0.01301	0.01032	0.01320	0.00987	0.01551	0.00778	0.00550	0.00521	0.00174	0.00675	0.03558	0.00238	0.00566
20	0.01064	0.00912	0.01064	0.00760	0.01216	0.00684	0.00608	0.01292	0.01064	0.01672	0.00912	0.01064	0.00760	0.00380	0.00380	0.00076	0.00380	0.00304	0.00304	0.85104
21	0.85592	0.00992	0.00754	0.00675	0.00992	0.01151	0.00556	0.01508	0.00873	0.02302	0.00714	0.00834	0.00556	0.00476	0.00318	0.00159	0.00397	0.00278	0.00318	0.00556
22	0.85592	0.00992	0.00754	0.00675	0.00992	0.01151	0.00556	0.01508	0.00873	0.02302	0.00714	0.00834	0.00556	0.00476	0.00318	0.00159	0.00397	0.00278	0.00318	0.00556
23	0.85592	0.00992	0.00754	0.00675	0.00992	0.01151	0.00556	0.01508	0.00873	0.02302	0.00714	0.00834	0.00556	0.00476	0.00318	0.00159	0.00397	0.00278	0.00318	0.00556
24	0.00768	0.00534	0.00699	0.00653	0.00781	0.00491	0.00491	0.01009	0.01453	0.04116	0.76453	0.03777	0.04746	0.01038	0.00603	0.00161	0.00247	0.00917	0.00567	0.00495
25	0.00751	0.00537	0.00650	0.00614	0.00764	0.00478	0.00463	0.00953	0.01357	0.05022	0.50343	0.04123	0.29820	0.01117	0.00602	0.00165	0.00256	0.00964	0.00538	0.00483
26	0.00746	0.00497	0.00560	0.00560	0.00560	0.00497	0.00311	0.00746	0.00746	0.00995	0.01617	0.03358	0.01865	0.81967	0.02612	0.00497	0.00497	0.00746	0.00311	0.00311
27	0.85592	0.00992	0.00754	0.00675	0.00992	0.01151	0.00556	0.01508	0.00873	0.02302	0.00714	0.00834	0.00556	0.00476	0.00318	0.00159	0.00397	0.00278	0.00318	0.00556
28	0.01064	0.00912	0.01064	0.00760	0.01216	0.00684	0.00608	0.01292	0.01064	0.01672	0.00912	0.01064	0.00760	0.00380	0.00380	0.00076	0.00380	0.00304	0.00304	0.85104
29	0.01238	0.01187	0.02025	0.11374	0.70791	0.01211	0.01559	0.01547	0.01153	0.01638	0.00960	0.01280	0.00799	0.00463	0.00509	0.00154	0.00617	0.00457	0.00251	0.00787
30	0.01064	0.00912	0.01064	0.00760	0.01216	0.00684	0.00608	0.01292	0.01064	0.01672	0.00912	0.01064	0.00760	0.00380	0.00380	0.00076	0.00380	0.00304	0.00304	0.85104
31	0.01058	0.00996	0.01680	0.51247	0.28375	0.01136	0.01431	0.01383	0.01093	0.01467	0.04549	0.01450	0.00921	0.00519	0.00516	0.00164	0.00639	0.00478	0.00252	0.00647
32	0.01372	0.82276	0.02689	0.00878	0.01317	0.02030	0.00878	0.01536	0.01043	0.01207	0.00713	0.00823	0.00658	0.00439	0.00329	0.00110	0.00549	0.00274	0.00219	0.00658
33	0.00891	0.00446	0.00668	0.00668	0.00668	0.00446	0.00446	0.00668	0.00668	0.00891	0.00891	0.01560	0.00891	0.01783	0.02005	0.85071	0.00446	0.00446	0.00223	0.00223
34	0.01872	0.01396	0.01521	0.04885	0.01669	0.01555	0.00988	0.69900	0.06024	0.03091	0.01259	0.01272	0.00898	0.00615	0.00514	0.00156	0.00562	0.00467	0.00500	0.00856
35	0.00633	0.00521	0.00557	0.00548	0.00710	0.00445	0.00411	0.00788	0.01233	0.01537	0.21629	0.04690	0.62034	0.01243	0.00606	0.00171	0.00256	0.01048	0.00496	0.00445
36	0.01270	0.01219	0.02083	0.03149	0.78767	0.01219	0.01575	0.01575	0.01168	0.01676	0.00965	0.01270	0.00813	0.00457	0.00508	0.00152	0.00610	0.00457	0.00254	0.00813
37	0.00618	0.00523	0.00535	0.00542	0.00712	0.00441	0.00412	0.00753	0.01170	0.01394	0.05071	0.04981	0.74694	0.01306	0.00612	0.00176	0.00271	0.04877	0.00476	0.00435
38	0.01917	0.02445	0.01454	0.01322	0.01586	0.79907	0.00991	0.02049	0.01454	0.01256	0.00793	0.00925	0.00661	0.00529	0.00463	0.00132	0.00925	0.00330	0.00264	0.00595
39	0.01090	0.01035	0.01758	0.49552	0.33771	0.01172	0.01485	0.01417	0.01083	0.01458	0.00933	0.01329	0.00736	0.00491	0.00511	0.00164	0.00654	0.00456	0.00238	0.00668
40	0.01270	0.01219	0.02083	0.03149	0.78767	0.01219	0.01575	0.01575	0.01168	0.01676	0.00965	0.01270	0.00813	0.00457	0.00508	0.00152	0.00610	0.00457	0.00254	0.00813
41	0.01029	0.02654	0.79309	0.01462	0.02221	0.01192	0.01896	0.01625	0.01083	0.01625	0.00921	0.01083	0.00650	0.00487	0.00487	0.00162	0.00758	0.00379	0.00217	0.00758
42	0.01262	0.01211	0.02068	0.05187	0.76791	0.01217	0.01571	0.01568	0.01165	0.01667	0.00964	0.01273	0.00809	0.00459	0.00508	0.00153	0.00612	0.00457	0.00253	0.00806
43	0.01014	0.00969	0.01670	0.68334	0.11964	0.01156	0.04963	0.01356	0.01051	0.01368	0.00924	0.01358	0.00703	0.00503	0.00517	0.00169	0.00684	0.00463	0.00232	0.00603
44	0.00625	0.00447	0.00595	0.00714	0.00744	0.00417	0.00476	0.00714	0.00982	0.01310	0.02828	0.81633	0.03394	0.01608	0.00655	0.00208	0.00298	0.01459	0.00476	0.00417
45	0.02302	0.00873	0.01191	0.00913	0.01310	0.00754	0.00754	0.02501	0.01469	0.79122	0.02024	0.01746	0.01270	0.00635	0.00516	0.00159	0.00437	0.00516	0.00635	0.00873
46	0.00616	0.00513	0.00540	0.00559	0.00712	0.00436	0.00416	0.00744	0.01146	0.01381	0.04807	0.14970	0.66257	0.01344	0.00616	0.00180	0.00272	0.03583	0.00476	0.00432
47	0.01951	0.01437	0.01540	0.01181	0.01591	0.01591	0.00975	0.77056	0.02412	0.03234	0.01232	0.01232	0.00873	0.00616	0.00513	0.00154	0.00565	0.00462	0.00513	0.00873
48	0.01276	0.01102	0.01160	0.01044	0.01334	0.01276	0.00812	0.02727	0.77840	0.02146	0.02088	0.01914	0.01566	0.00696	0.00522	0.00174	0.00406	0.00580	0.00522	0.00812
49	0.02302	0.00873	0.01191	0.00913	0.01310	0.00754	0.00754	0.02501	0.01469	0.79122	0.02024	0.01746	0.01270	0.00635	0.00516	0.00159	0.00437	0.00516	0.00635	0.00873
50	0.00645	0.00484	0.00601	0.00674	0.00758	0.00441	0.00481	0.00770	0.01090	0.01415	0.10199	0.48232	0.23576	0.01460	0.00642	0.00197	0.00296	0.07122	0.00484	0.00432
51	0.02014	0.01123	0.01438	0.01099	0.01496	0.01123	0.06307	0.32894	0.01818	0.39130	0.01639	0.03232	0.01119	0.00633	0.00521	0.00158	0.00513	0.00520	0.02384	0.00842
52	0.01923	0.01423	0.01524	0.01175	0.01581	0.01578	0.00969	0.73976	0.05538	0.03189	0.01267	0.01260	0.00901	0.00619	0.00514	0.00155	0.00558	0.00467	0.00514	0.00870
53	0.02254	0.00863	0.01175	0.00905	0.01293	0.00746	0.00746	0.02454	0.01468	0.76764	0.04365	0.01810	0.01379	0.00648	0.00519	0.00159	0.00431	0.00529	0.00633	0.00861

[dist]
# distance from previous block
# <min> <max>
2	5

[block]
# block no. 5 follows, 48 sequences, length 6
# corresponding to MSA columns:
# 217-222
name=unknown_F
#
# <colnr> <probs for GDERKNQSTAVLIFYWHMCP>
#	G	D	E	R	K	N	Q	S	T	A	V	L	I	F	Y	W	H	M	C	P
0	0.07458	0.22010	0.01701	0.01073	0.01439	0.24536	0.00895	0.20005	0.01544	0.13194	0.01054	0.01087	0.00793	0.00539	0.00439	0.00137	0.00636	0.00372	0.00371	0.00716
1	0.09234	0.00854	0.01010	0.00896	0.01160	0.00870	0.00718	0.09168	0.14127	0.24835	0.07169	0.14021	0.01991	0.00904	0.00551	0.00179	0.00412	0.10690	0.00525	0.00687
2	0.00714	0.00545	0.00629	0.00628	0.00740	0.00514	0.00443	0.00934	0.06277	0.01542	0.24706	0.15939	0.26622	0.16312	0.00983	0.00236	0.00315	0.01000	0.00474	0.00448
3	0.00757	0.00518	0.00658	0.00623	0.00744	0.00483	0.00467	0.00999	0.01402	0.02038	0.68200	0.03575	0.04369	0.00989	0.00572	0.00156	0.00242	0.00868	0.11857	0.00483
4	0.00762	0.00836	0.12188	0.00756	0.00974	0.00584	0.00684	0.01047	0.01378	0.01945	0.61761	0.03511	0.09632	0.00985	0.00588	0.00162	0.00319	0.00859	0.00507	0.00521
5	0.01111	0.17481	0.57474	0.01421	0.02096	0.01359	0.09027	0.01610	0.01088	0.01548	0.00893	0.01064	0.00664	0.00473	0.00469	0.00154	0.00729	0.00382	0.00221	0.00733

[dist]
# distance from previous block
# <min> <max>
0	1

[block]
# block no. 6 follows, 48 sequences, length 6
# corresponding to MSA columns:
# 224-229
name=unknown_G
#
# <colnr> <probs for GDERKNQSTAVLIFYWHMCP>
#	G	D	E	R	K	N	Q	S	T	A	V	L	I	F	Y	W	H	M	C	P
0	0.01231	0.49450	0.34278	0.01119	0.01690	0.01685	0.01298	0.01573	0.01059	0.01379	0.00799	0.00930	0.00655	0.00459	0.00394	0.00131	0.00635	0.00318	0.00218	0.00700
1	0.00718	0.00486	0.00568	0.00595	0.00602	0.00479	0.00349	0.00739	0.00800	0.01067	0.01894	0.21296	0.02216	0.63552	0.02163	0.00431	0.00452	0.00909	0.00349	0.00335
2	0.24142	0.16079	0.23109	0.01045	0.01520	0.07313	0.01074	0.07018	0.01190	0.11728	0.00981	0.01053	0.00722	0.00507	0.00417	0.00149	0.00582	0.00353	0.00322	0.00696
3	0.05718	0.32217	0.20442	0.01098	0.01573	0.01504	0.04070	0.01893	0.18676	0.06412	0.01172	0.01215	0.00902	0.00523	0.00433	0.00145	0.00564	0.00398	0.00321	0.00727
4	0.20577	0.01489	0.19132	0.05917	0.25811	0.04427	0.05068	0.01596	0.01097	0.05739	0.01015	0.04124	0.00821	0.00525	0.00469	0.00160	0.00604	0.00441	0.00287	0.00702
5	0.00718	0.00486	0.00568	0.00595	0.00602	0.00479	0.00349	0.00739	0.00800	0.01067	0.01894	0.21296	0.02216	0.63552	0.02163	0.00431	0.00452	0.00909	0.00349	0.00335

[dist]
# distance from previous block
# <min> <max>
1	4

[block]
# block no. 7 follows, 48 sequences, length 84
# corresponding to MSA columns:
# 234-317
name=unknown_H
#
# <colnr> <probs for GDERKNQSTAVLIFYWHMCP>
#	G	D	E	R	K	N	Q	S	T	A	V	L	I	F	Y	W	H	M	C	P
0	0.18251	0.01135	0.01645	0.05444	0.47037	0.01190	0.01235	0.02834	0.09056	0.05777	0.01086	0.01276	0.00858	0.00499	0.00472	0.00157	0.00539	0.00437	0.00317	0.00755
1	0.01105	0.00911	0.01068	0.00765	0.01219	0.00686	0.00613	0.01332	0.01077	0.04252	0.00949	0.01087	0.00777	0.00388	0.00385	0.00079	0.00382	0.00311	0.00315	0.82299
2	0.01248	0.01196	0.02042	0.08928	0.73163	0.01213	0.01564	0.01555	0.01158	0.01649	0.00961	0.01277	0.00803	0.00461	0.00508	0.00154	0.00615	0.00457	0.00252	0.00795
3	0.01276	0.01102	0.01160	0.01044	0.01334	0.01276	0.00812	0.02727	0.77840	0.02146	0.02088	0.01914	0.01566	0.00696	0.00522	0.00174	0.00406	0.00580	0.00522	0.00812
4	0.01237	0.01167	0.01938	0.16908	0.60383	0.01218	0.01504	0.03861	0.03725	0.01674	0.01001	0.01308	0.00817	0.00480	0.00510	0.00156	0.00615	0.00461	0.00266	0.00771
5	0.01195	0.41286	0.42134	0.01179	0.01782	0.01599	0.01402	0.01582	0.01064	0.01422	0.00820	0.00957	0.00654	0.00464	0.00411	0.00137	0.00657	0.00328	0.00218	0.00710
6	0.00746	0.00497	0.00560	0.00560	0.00560	0.00497	0.00311	0.00746	0.00746	0.00995	0.01617	0.03358	0.01865	0.81967	0.02612	0.00497	0.00497	0.00746	0.00311	0.00311
7	0.00696	0.00526	0.00613	0.00625	0.00767	0.00465	0.00474	0.00857	0.01215	0.03321	0.20966	0.15297	0.42547	0.01282	0.00621	0.00181	0.00286	0.08306	0.00499	0.00456
8	0.06287	0.08883	0.16765	0.01033	0.01502	0.01065	0.01003	0.09726	0.01417	0.44858	0.01535	0.01430	0.01013	0.00577	0.00482	0.00154	0.00521	0.00449	0.00485	0.00814
9	0.02007	0.00803	0.01092	0.00882	0.01218	0.00700	0.00715	0.02195	0.01400	0.65043	0.04345	0.11672	0.01683	0.00789	0.00541	0.00167	0.00415	0.02928	0.00609	0.00794
10	0.00735	0.00528	0.00720	0.00835	0.00917	0.00512	0.00666	0.00906	0.01097	0.01436	0.02835	0.37899	0.05317	0.01495	0.00683	0.00223	0.00392	0.41883	0.00474	0.00448
11	0.01203	0.01211	0.02013	0.21810	0.42921	0.05317	0.12535	0.01521	0.01149	0.01550	0.01007	0.03589	0.00842	0.00504	0.00525	0.00161	0.00673	0.00501	0.00255	0.00713
12	0.00977	0.00920	0.01553	0.78721	0.05486	0.01142	0.01429	0.01318	0.01030	0.01320	0.00913	0.01365	0.00687	0.00512	0.00513	0.00171	0.00682	0.00456	0.00229	0.00576
13	0.00871	0.00446	0.00663	0.00672	0.00674	0.00443	0.00448	0.00672	0.00692	0.00922	0.01036	0.07532	0.01078	0.01769	0.01905	0.78742	0.00435	0.00521	0.00242	0.00237
14	0.85592	0.00992	0.00754	0.00675	0.00992	0.01151	0.00556	0.01508	0.00873	0.02302	0.00714	0.00834	0.00556	0.00476	0.00318	0.00159	0.00397	0.00278	0.00318	0.00556
15	0.00643	0.00469	0.00605	0.00681	0.00743	0.00432	0.00469	0.00766	0.01094	0.01463	0.17810	0.58415	0.11584	0.01466	0.00640	0.00196	0.00283	0.01316	0.00494	0.00432
16	0.01424	0.63595	0.04625	0.01121	0.07602	0.05371	0.00975	0.07544	0.01181	0.01419	0.00784	0.00903	0.00688	0.00460	0.00369	0.00119	0.00577	0.00309	0.00247	0.00688
17	0.01076	0.00950	0.01222	0.00873	0.01334	0.00733	0.06741	0.01320	0.01076	0.01670	0.00922	0.01090	0.00761	0.00384	0.00398	0.00084	0.00419	0.00328	0.00300	0.78319
18	0.08151	0.01228	0.01826	0.04414	0.57607	0.04858	0.01364	0.05450	0.01231	0.05701	0.01018	0.01257	0.00819	0.00483	0.00488	0.00152	0.00590	0.00441	0.02145	0.00775
19	0.01079	0.03673	0.58671	0.03168	0.06145	0.01226	0.15613	0.01618	0.01109	0.01618	0.00941	0.01149	0.00683	0.00476	0.00508	0.00163	0.00765	0.00424	0.00227	0.00744
20	0.01314	0.01321	0.01949	0.02829	0.66276	0.09908	0.01463	0.01594	0.01183	0.01605	0.00967	0.01269	0.00820	0.00637	0.04522	0.00184	0.00683	0.00448	0.00256	0.00771
21	0.01940	0.01177	0.01321	0.01035	0.01406	0.03449	0.00846	0.39842	0.04773	0.28860	0.06204	0.01602	0.01281	0.00649	0.00514	0.00155	0.00496	0.00510	0.03115	0.00827
22	0.00878	0.00645	0.00828	0.00891	0.01023	0.00663	0.00722	0.01285	0.14147	0.03116	0.06458	0.23095	0.02886	0.01307	0.00655	0.00214	0.00407	0.39767	0.00490	0.00525
23	0.00729	0.00495	0.00564	0.00573	0.00588	0.00487	0.00333	0.00750	0.00808	0.01072	0.04233	0.09744	0.05959	0.68965	0.02292	0.00448	0.00462	0.00826	0.00340	0.00331
24	0.00676	0.00469	0.00587	0.00661	0.00681	0.00451	0.00422	0.00735	0.00897	0.01195	0.02365	0.50112	0.02802	0.32161	0.01400	0.00319	0.00378	0.02897	0.00413	0.00378
25	0.01091	0.00729	0.00929	0.00934	0.01113	0.00744	0.00787	0.10643	0.05225	0.07717	0.05276	0.08111	0.02523	0.02426	0.00672	0.00213	0.00454	0.46788	0.03059	0.00565
26	0.01094	0.00913	0.01026	0.02466	0.01246	0.01013	0.00781	0.02075	0.48939	0.01896	0.02380	0.07033	0.06116	0.00924	0.00571	0.00187	0.00412	0.17314	0.00494	0.03118
27	0.01183	0.20445	0.53546	0.01342	0.01981	0.07710	0.03887	0.01640	0.01108	0.01502	0.00868	0.01021	0.00657	0.00478	0.00454	0.00149	0.00728	0.00359	0.00222	0.00721
28	0.00745	0.00548	0.00697	0.00651	0.00784	0.00495	0.00479	0.00955	0.01328	0.01879	0.59565	0.09195	0.05562	0.07223	0.00744	0.00184	0.00277	0.00905	0.00516	0.07267
29	0.01707	0.11599	0.06015	0.01065	0.01498	0.01393	0.00933	0.40979	0.05623	0.10848	0.01233	0.01238	0.00895	0.00560	0.00471	0.00140	0.00527	0.00423	0.00444	0.12410
30	0.01245	0.45149	0.32607	0.01232	0.05596	0.03489	0.01314	0.01585	0.01075	0.01396	0.00809	0.00950	0.00663	0.00461	0.00403	0.00133	0.00643	0.00326	0.00221	0.00704
31	0.01774	0.02240	0.07997	0.01381	0.05184	0.58863	0.01076	0.09173	0.02918	0.01516	0.00979	0.01094	0.02488	0.00551	0.00476	0.00139	0.00837	0.00375	0.00293	0.00646
32	0.00706	0.00509	0.00668	0.00659	0.00762	0.00471	0.00483	0.00917	0.01358	0.01908	0.63323	0.19433	0.04551	0.01161	0.00615	0.00171	0.00253	0.01034	0.00547	0.00471
33	0.03828	0.01115	0.11483	0.31825	0.05826	0.03737	0.02866	0.01382	0.01149	0.08301	0.08979	0.05727	0.10259	0.00708	0.00530	0.00167	0.00563	0.00609	0.00341	0.00605
34	0.00718	0.00554	0.00802	0.01048	0.11250	0.00530	0.00634	0.00840	0.01013	0.01365	0.02574	0.68711	0.03034	0.01447	0.00637	0.00202	0.00345	0.03378	0.00446	0.00472
35	0.01972	0.01403	0.01519	0.01164	0.01574	0.01540	0.00962	0.72499	0.02355	0.07872	0.01280	0.01263	0.00897	0.00617	0.00513	0.00154	0.00557	0.00465	0.00521	0.00873
36	0.20392	0.01263	0.01290	0.01017	0.01389	0.01400	0.00838	0.53403	0.01961	0.05265	0.01169	0.01201	0.00842	0.00585	0.00461	0.00153	0.00504	0.00424	0.05666	0.00778
37	0.00969	0.00912	0.01539	0.80734	0.03534	0.01140	0.01425	0.01311	0.01026	0.01311	0.00912	0.01368	0.00684	0.00513	0.00513	0.00171	0.00684	0.00456	0.00228	0.00570
38	0.01917	0.02445	0.01454	0.01322	0.01586	0.79907	0.00991	0.02049	0.01454	0.01256	0.00793	0.00925	0.00661	0.00529	0.00463	0.00132	0.00925	0.00330	0.00264	0.00595
39	0.00617	0.00515	0.00538	0.00542	0.00702	0.00436	0.00403	0.00754	0.01180	0.01435	0.10939	0.09747	0.67833	0.01299	0.00609	0.00175	0.00261	0.01094	0.00484	0.00436
40	0.64463	0.01127	0.00986	0.07209	0.07202	0.07493	0.00744	0.02720	0.00979	0.02107	0.00764	0.00922	0.00599	0.00484	0.00362	0.00157	0.00481	0.00313	0.00304	0.00585
41	0.01351	0.01138	0.01221	0.03716	0.01440	0.01312	0.00853	0.12069	0.65753	0.02256	0.01941	0.01810	0.01449	0.00680	0.00521	0.00171	0.00435	0.00561	0.00511	0.00812
42	0.00644	0.00462	0.00598	0.00686	0.00729	0.00431	0.00460	0.00744	0.01021	0.01365	0.10647	0.63655	0.07009	0.07995	0.00805	0.00225	0.00306	0.01329	0.00472	0.00416
43	0.01250	0.01183	0.01990	0.13844	0.65883	0.01220	0.01535	0.03937	0.01188	0.01675	0.00966	0.01282	0.00797	0.00470	0.00509	0.00155	0.00618	0.00457	0.00259	0.00781
44	0.00764	0.00558	0.00747	0.00849	0.00961	0.00541	0.00711	0.00963	0.01149	0.01479	0.03087	0.17370	0.13767	0.01430	0.00686	0.00223	0.00415	0.53367	0.00474	0.00458
45	0.00648	0.00474	0.00617	0.00712	0.00755	0.00456	0.00486	0.00745	0.00994	0.01329	0.02922	0.70897	0.09297	0.01535	0.00675	0.00204	0.02802	0.01372	0.02657	0.00424
46	0.01330	0.01129	0.01191	0.01055	0.01355	0.01302	0.00825	0.08702	0.71776	0.02234	0.02020	0.01860	0.01511	0.00690	0.00521	0.00172	0.00419	0.00571	0.00521	0.00817
47	0.01064	0.00912	0.01064	0.00760	0.01216	0.00684	0.00608	0.01292	0.01064	0.01672	0.00912	0.01064	0.00760	0.00380	0.00380	0.00076	0.00380	0.00304	0.00304	0.85104
48	0.00969	0.00912	0.01539	0.80734	0.03534	0.01140	0.01425	0.01311	0.01026	0.01311	0.00912	0.01368	0.00684	0.00513	0.00513	0.00171	0.00684	0.00456	0.00228	0.00570
49	0.01381	0.01237	0.01214	0.01077	0.01375	0.07622	0.00839	0.08557	0.65727	0.02161	0.01916	0.01781	0.01439	0.00676	0.00517	0.00169	0.00460	0.00551	0.00501	0.00799
50	0.00625	0.00447	0.00595	0.00714	0.00744	0.00417	0.00476	0.00714	0.00982	0.01310	0.02828	0.81633	0.03394	0.01608	0.00655	0.00208	0.00298	0.01459	0.00476	0.00417
51	0.01917	0.02445	0.01454	0.01322	0.01586	0.79907	0.00991	0.02049	0.01454	0.01256	0.00793	0.00925	0.00661	0.00529	0.00463	0.00132	0.00925	0.00330	0.00264	0.00595
52	0.00625	0.00447	0.00595	0.00714	0.00744	0.00417	0.00476	0.00714	0.00982	0.01310	0.02828	0.81633	0.03394	0.01608	0.00655	0.00208	0.00298	0.01459	0.00476	0.00417
53	0.00740	0.00515	0.00651	0.00653	0.00685	0.00546	0.00427	0.00804	0.00777	0.01068	0.01554	0.04199	0.01691	0.53812	0.29124	0.00605	0.00795	0.00691	0.00301	0.00363
54	0.01372	0.82276	0.02689	0.00878	0.01317	0.02030	0.00878	0.01536	0.01043	0.01207	0.00713	0.00823	0.00658	0.00439	0.00329	0.00110	0.00549	0.00274	0.00219	0.00658
55	0.00628	0.00521	0.00550	0.00542	0.00706	0.00442	0.00407	0.00778	0.01220	0.01506	0.18322	0.04740	0.65359	0.01255	0.00606	0.00171	0.00257	0.01055	0.00492	0.00442
56	0.00625	0.00447	0.00595	0.00714	0.00744	0.00417	0.00476	0.00714	0.00982	0.01310	0.02828	0.81633	0.03394	0.01608	0.00655	0.00208	0.00298	0.01459	0.00476	0.00417
57	0.03968	0.33917	0.01936	0.11529	0.01717	0.36401	0.00991	0.01733	0.01218	0.01274	0.00775	0.00940	0.00660	0.00490	0.00412	0.00129	0.00729	0.00323	0.00243	0.00616
58	0.02131	0.01057	0.01288	0.00991	0.01383	0.01038	0.00818	0.28612	0.01786	0.49757	0.01734	0.01572	0.01132	0.00627	0.00509	0.00156	0.00475	0.00496	0.03579	0.00859
59	0.01249	0.46600	0.22379	0.10658	0.03530	0.01649	0.01225	0.01550	0.01059	0.03142	0.00826	0.00993	0.00677	0.00474	0.00427	0.00135	0.02178	0.00336	0.00230	0.00680
60	0.01306	0.01291	0.02012	0.04767	0.70515	0.06414	0.01519	0.01621	0.02602	0.01649	0.00973	0.01261	0.00814	0.00468	0.00505	0.00152	0.00628	0.00451	0.00259	0.00793
61	0.00646	0.00480	0.00633	0.00730	0.00767	0.00468	0.00499	0.00738	0.00985	0.01311	0.02879	0.73451	0.07869	0.01558	0.00697	0.00207	0.03799	0.01392	0.00465	0.00424
62	0.00709	0.00517	0.00647	0.00624	0.00732	0.00476	0.00452	0.00902	0.01311	0.01813	0.56835	0.07842	0.13082	0.10802	0.00848	0.00205	0.00278	0.00951	0.00520	0.00454
63	0.00676	0.00468	0.00580	0.00649	0.00666	0.00451	0.00407	0.00728	0.00883	0.01177	0.02317	0.48623	0.02749	0.35497	0.01480	0.00330	0.00382	0.01158	0.00407	0.00372
64	0.01276	0.01102	0.01160	0.01044	0.01334	0.01276	0.00812	0.02727	0.77840	0.02146	0.02088	0.01914	0.01566	0.00696	0.00522	0.00174	0.00406	0.00580	0.00522	0.00812
65	0.01118	0.01178	0.07874	0.06272	0.23480	0.00963	0.09499	0.01422	0.01107	0.01635	0.00996	0.03480	0.00839	0.00459	0.00465	0.00125	0.00544	0.00429	0.00278	0.37837
66	0.08143	0.09855	0.10471	0.01043	0.01487	0.01257	0.00957	0.28002	0.01650	0.27689	0.01354	0.01306	0.00928	0.00571	0.00473	0.00150	0.00525	0.00432	0.00467	0.03239
67	0.06361	0.00963	0.01199	0.00938	0.01320	0.00916	0.00770	0.12028	0.07382	0.58136	0.01921	0.01707	0.02658	0.00642	0.00508	0.00160	0.00445	0.00513	0.00592	0.00844
68	0.00703	0.00513	0.00661	0.00645	0.00758	0.00471	0.00476	0.00915	0.01366	0.01902	0.62375	0.14713	0.10295	0.01146	0.00612	0.00169	0.00251	0.01013	0.00546	0.00471
69	0.01296	0.51741	0.22646	0.01231	0.07790	0.04846	0.01205	0.01583	0.01080	0.01356	0.00791	0.00931	0.00669	0.00457	0.00390	0.00128	0.00623	0.00319	0.00223	0.00694
70	0.00736	0.00537	0.00761	0.00761	0.00830	0.00607	0.00562	0.00875	0.00806	0.01144	0.01433	0.02339	0.01423	0.22661	0.61313	0.00746	0.01163	0.00597	0.00284	0.00423
71	0.00625	0.00447	0.00595	0.00714	0.00744	0.00417	0.00476	0.00714	0.00982	0.01310	0.02828	0.81633	0.03394	0.01608	0.00655	0.00208	0.00298	0.01459	0.00476	0.00417
72	0.01845	0.02462	0.07712	0.01333	0.01637	0.73580	0.01064	0.02015	0.01424	0.01285	0.00803	0.00938	0.00660	0.00525	0.00465	0.00135	0.00912	0.00334	0.00261	0.00608
73	0.14500	0.07561	0.10398	0.06352	0.01748	0.09691	0.09464	0.16742	0.02953	0.14138	0.01131	0.01211	0.00814	0.00535	0.00472	0.00154	0.00616	0.00423	0.00374	0.00724
74	0.01036	0.00903	0.01486	0.51304	0.02768	0.01046	0.07301	0.01443	0.06762	0.04623	0.04523	0.02118	0.01257	0.00668	0.00551	0.00179	0.00621	0.10501	0.00315	0.00593
75	0.00733	0.00550	0.00825	0.00825	0.00916	0.00641	0.00641	0.00916	0.00825	0.01191	0.01374	0.02016	0.01283	0.03848	0.79934	0.00825	0.01374	0.00550	0.00275	0.00458
76	0.83864	0.00990	0.00763	0.00680	0.00999	0.01143	0.00560	0.01529	0.00886	0.03896	0.00742	0.00852	0.00571	0.00480	0.00322	0.00159	0.00398	0.00283	0.00324	0.00562
77	0.01175	0.10543	0.11315	0.00897	0.01204	0.03324	0.00814	0.01590	0.11829	0.13324	0.21533	0.07494	0.07827	0.00946	0.03756	0.00187	0.00469	0.00682	0.00451	0.00638
78	0.03377	0.32522	0.18576	0.01165	0.01642	0.08262	0.04963	0.14593	0.07215	0.01766	0.00975	0.01069	0.00767	0.00507	0.00434	0.00140	0.00630	0.00374	0.00300	0.00722
79	0.11771	0.12089	0.02665	0.00858	0.01131	0.04421	0.00714	0.06482	0.01209	0.19032	0.09138	0.05349	0.01513	0.04325	0.16779	0.00302	0.00651	0.00539	0.00407	0.00625
80	0.01195	0.08294	0.25043	0.01132	0.01547	0.04303	0.05715	0.12206	0.01257	0.04909	0.03402	0.06325	0.02792	0.09462	0.07405	0.00247	0.00675	0.00543	0.00329	0.03219
81	0.22703	0.24443	0.13336	0.00995	0.03113	0.03752	0.00936	0.02969	0.01040	0.05542	0.01110	0.01243	0.05477	0.00621	0.00571	0.03856	0.06996	0.00384	0.00289	0.00623
82	0.06141	0.34382	0.28878	0.01075	0.01583	0.03521	0.01181	0.05190	0.02258	0.03072	0.03944	0.01221	0.03227	0.00546	0.00446	0.01401	0.00597	0.00383	0.00273	0.00682
83	0.06203	0.30137	0.16982	0.00946	0.01330	0.02539	0.00950	0.03071	0.05182	0.01455	0.01408	0.01639	0.08188	0.05189	0.12487	0.00261	0.00674	0.00458	0.00285	0.00615

[dist]
# distance from previous block
# <min> <max>
0	1

[block]
# block no. 8 follows, 48 sequences, length 6
# corresponding to MSA columns:
# 319-324
name=unknown_I
#
# <colnr> <probs for GDERKNQSTAVLIFYWHMCP>
#	G	D	E	R	K	N	Q	S	T	A	V	L	I	F	Y	W	H	M	C	P
0	0.07778	0.31152	0.24393	0.01009	0.01461	0.01359	0.01076	0.01532	0.04173	0.05399	0.03600	0.01302	0.02846	0.00786	0.04874	0.05325	0.00608	0.00397	0.00281	0.00648
1	0.10148	0.37365	0.23946	0.00993	0.01464	0.01455	0.01071	0.01531	0.01063	0.05588	0.05161	0.01264	0.00979	0.05398	0.00535	0.00159	0.00566	0.00381	0.00275	0.00657
