[name]
unknown

[dist]
# distance from previous block
# <min> <max>
0	23

[block]
# block no. 0 follows, 39 sequences, length 7
# corresponding to MSA columns:
# 31-37
name=unknown_A
#
# <colnr> <probs for GDERKNQSTAVLIFYWHMCP>
#	G	D	E	R	K	N	Q	S	T	A	V	L	I	F	Y	W	H	M	C	P
0	0.01054	0.00683	0.00948	0.01048	0.01195	0.00667	0.00889	0.01299	0.01355	0.07580	0.03086	0.16552	0.03323	0.01594	0.00791	0.00261	0.00513	0.56032	0.00560	0.00572
1	0.02451	0.01013	0.01352	0.01027	0.01494	0.00858	0.00845	0.02684	0.01626	0.65426	0.02151	0.01901	0.01380	0.00690	0.00572	0.00169	0.00494	0.00560	0.00678	0.12627
2	0.01172	0.00767	0.00889	0.00858	0.01018	0.00777	0.00625	0.10284	0.06392	0.06657	0.02645	0.27668	0.07014	0.14805	0.01056	0.00268	0.00436	0.03847	0.12217	0.00603
3	0.04047	0.01123	0.01701	0.53533	0.07855	0.01338	0.01480	0.08320	0.06171	0.01862	0.01304	0.01901	0.01047	0.00677	0.00598	0.00198	0.00722	0.05064	0.00339	0.00717
4	0.18781	0.01069	0.01116	0.06006	0.01423	0.06929	0.00797	0.04726	0.04365	0.18838	0.15296	0.12474	0.03965	0.00931	0.00584	0.00191	0.00494	0.00763	0.00536	0.00714
5	0.02283	0.00956	0.01265	0.01003	0.01405	0.00850	0.00817	0.02596	0.05868	0.59744	0.10287	0.02484	0.06030	0.00829	0.00612	0.00185	0.00466	0.00686	0.00706	0.00926
6	0.01605	0.01047	0.01198	0.08128	0.01541	0.05784	0.00846	0.04803	0.14196	0.22792	0.10227	0.08562	0.09521	0.06104	0.00784	0.00217	0.00513	0.00802	0.00567	0.00759

[dist]
# distance from previous block
# <min> <max>
34	60

[block]
# block no. 1 follows, 39 sequences, length 7
# corresponding to MSA columns:
# 103-109
name=unknown_B
#
# <colnr> <probs for GDERKNQSTAVLIFYWHMCP>
#	G	D	E	R	K	N	Q	S	T	A	V	L	I	F	Y	W	H	M	C	P
0	0.01102	0.05170	0.01035	0.02727	0.01053	0.02653	0.00678	0.03734	0.01131	0.01699	0.01667	0.06387	0.01573	0.15666	0.16004	0.00396	0.09394	0.00661	0.26716	0.00552
1	0.03208	0.01361	0.02436	0.05183	0.02366	0.01364	0.37620	0.12736	0.01530	0.04670	0.03322	0.03256	0.01183	0.02935	0.05208	0.00246	0.04309	0.00657	0.02124	0.04284
2	0.00933	0.00687	0.00788	0.00739	0.00941	0.00635	0.00562	0.01283	0.08444	0.06006	0.33142	0.04652	0.36435	0.01275	0.00683	0.00193	0.00318	0.01086	0.00605	0.00592
3	0.01393	0.01169	0.01752	0.44476	0.02997	0.01458	0.01440	0.08442	0.01302	0.07605	0.01116	0.01522	0.00859	0.00730	0.00945	0.00210	0.21009	0.00530	0.00330	0.00715
4	0.16511	0.01191	0.01365	0.01074	0.01501	0.01205	0.00883	0.22631	0.01881	0.38382	0.06060	0.01801	0.01430	0.00722	0.00560	0.00182	0.00524	0.00557	0.00624	0.00916
5	0.00930	0.11650	0.07705	0.00801	0.01092	0.03646	0.00711	0.01132	0.01321	0.01603	0.07316	0.06912	0.47978	0.03800	0.00715	0.00200	0.00434	0.01012	0.00471	0.00572
6	0.01742	0.07616	0.02056	0.01470	0.01881	0.04713	0.17190	0.25983	0.01907	0.09089	0.14116	0.01971	0.01771	0.00748	0.00689	0.00184	0.04911	0.00643	0.00491	0.00829

[dist]
# distance from previous block
# <min> <max>
0	3

[block]
# block no. 2 follows, 39 sequences, length 6
# corresponding to MSA columns:
# 113-118
name=unknown_C
#
# <colnr> <probs for GDERKNQSTAVLIFYWHMCP>
#	G	D	E	R	K	N	Q	S	T	A	V	L	I	F	Y	W	H	M	C	P
0	0.03930	0.01353	0.01839	0.01970	0.22574	0.03406	0.07586	0.10874	0.22977	0.09452	0.04173	0.01949	0.03812	0.00703	0.00602	0.00187	0.00611	0.00622	0.00484	0.00898
1	0.01471	0.01141	0.06477	0.01012	0.01307	0.07545	0.00842	0.01905	0.10057	0.19319	0.32567	0.08586	0.03287	0.00999	0.00642	0.00188	0.00470	0.00851	0.00597	0.00734
2	0.07063	0.38173	0.13735	0.01145	0.01676	0.04875	0.01143	0.04979	0.04104	0.13566	0.01195	0.01246	0.00915	0.00575	0.00466	0.00153	0.00644	0.00405	0.00368	0.03572
3	0.01488	0.01125	0.01322	0.04808	0.01589	0.01007	0.00830	0.10437	0.08919	0.09389	0.01542	0.01610	0.03804	0.00583	0.00506	0.00129	0.00485	0.00471	0.00445	0.49512
4	0.05457	0.01018	0.03674	0.01099	0.05937	0.03904	0.00824	0.04024	0.06250	0.14648	0.30050	0.04820	0.08646	0.00980	0.00630	0.00185	0.00445	0.02748	0.00570	0.04092
5	0.01630	0.06788	0.01505	0.01331	0.08592	0.01288	0.00980	0.14143	0.22272	0.13424	0.02569	0.02778	0.12115	0.00902	0.00614	0.00193	0.00521	0.06956	0.00552	0.00848

[dist]
# distance from previous block
# <min> <max>
5	12

[block]
# block no. 3 follows, 39 sequences, length 133
# corresponding to MSA columns:
# 137-171,173-270
name=unknown_D
#
# <colnr> <probs for GDERKNQSTAVLIFYWHMCP>
#	G	D	E	R	K	N	Q	S	T	A	V	L	I	F	Y	W	H	M	C	P
0	0.04755	0.07974	0.09295	0.01572	0.08006	0.08087	0.13339	0.08281	0.03279	0.02053	0.03850	0.01483	0.01085	0.00588	0.00579	0.00159	0.03049	0.00499	0.05330	0.16736
1	0.04028	0.01509	0.04431	0.01672	0.14482	0.01548	0.01194	0.41829	0.06945	0.02954	0.01437	0.03843	0.01123	0.00818	0.03213	0.00201	0.00657	0.00556	0.00493	0.07067
2	0.01599	0.03955	0.01526	0.01106	0.01573	0.01223	0.02784	0.25269	0.01739	0.04722	0.01291	0.04159	0.01053	0.00688	0.02081	0.00152	0.02636	0.00484	0.00441	0.41518
3	0.03228	0.01773	0.15922	0.02176	0.13863	0.03972	0.30628	0.03818	0.03079	0.01945	0.01199	0.01579	0.00950	0.00575	0.00660	0.00185	0.03500	0.02428	0.00316	0.08204
4	0.04025	0.15544	0.01892	0.01415	0.04045	0.43075	0.01093	0.10482	0.05805	0.01830	0.01053	0.01170	0.00857	0.00602	0.00510	0.00152	0.00852	0.00405	0.00349	0.04844
5	0.01027	0.00514	0.00770	0.00770	0.00770	0.00514	0.00514	0.00770	0.00770	0.01027	0.01027	0.01798	0.01027	0.02054	0.02311	0.82794	0.00514	0.00514	0.00257	0.00257
6	0.01392	0.01383	0.04322	0.17270	0.58466	0.01389	0.01772	0.01792	0.03062	0.01865	0.01131	0.01496	0.00925	0.00546	0.00586	0.00181	0.00718	0.00528	0.00293	0.00883
7	0.00707	0.00599	0.00610	0.00608	0.00804	0.00503	0.00456	0.00864	0.01367	0.01643	0.10076	0.05616	0.71174	0.01481	0.00699	0.00199	0.00298	0.01238	0.00555	0.00503
8	0.01464	0.01405	0.02400	0.03630	0.75528	0.01405	0.01815	0.01815	0.01347	0.01932	0.01112	0.01464	0.00937	0.00527	0.00585	0.00176	0.00703	0.00527	0.00293	0.00937
9	0.00944	0.00678	0.00941	0.01072	0.01211	0.00674	0.00936	0.01212	0.01361	0.01764	0.03229	0.06637	0.05867	0.01629	0.00813	0.00270	0.00536	0.69138	0.00545	0.00543
10	0.00721	0.00515	0.00686	0.00823	0.00858	0.00480	0.00549	0.00823	0.01132	0.01510	0.03259	0.78831	0.03911	0.01853	0.00755	0.00240	0.00343	0.01681	0.00549	0.00480
11	0.00845	0.00632	0.00942	0.00942	0.01044	0.00734	0.00728	0.01050	0.00948	0.01366	0.01592	0.02367	0.01498	0.06569	0.74765	0.00940	0.01555	0.00640	0.00318	0.00523
12	0.01581	0.79572	0.03099	0.01012	0.01518	0.02340	0.01012	0.01771	0.01202	0.01391	0.00822	0.00949	0.00759	0.00506	0.00379	0.00126	0.00632	0.00316	0.00253	0.00759
13	0.83394	0.01144	0.00869	0.00778	0.01144	0.01327	0.00640	0.01738	0.01006	0.02653	0.00823	0.00961	0.00640	0.00549	0.00366	0.00183	0.00457	0.00320	0.00366	0.00640
14	0.01485	0.60911	0.20917	0.01176	0.01772	0.02104	0.01298	0.01796	0.01213	0.01509	0.00880	0.01022	0.00757	0.00520	0.00424	0.00141	0.00691	0.00346	0.00252	0.00787
15	0.01102	0.00551	0.00551	0.00551	0.00689	0.00551	0.00413	0.01378	0.01240	0.02205	0.01929	0.02205	0.01516	0.00689	0.00413	0.00138	0.00276	0.00551	0.82500	0.00551
16	0.01226	0.01051	0.01226	0.00876	0.01401	0.00788	0.00701	0.01489	0.01226	0.01927	0.01051	0.01226	0.00876	0.00438	0.00438	0.00088	0.00438	0.00350	0.00350	0.82832
17	0.00721	0.00515	0.00686	0.00823	0.00858	0.00480	0.00549	0.00823	0.01132	0.01510	0.03259	0.78831	0.03911	0.01853	0.00755	0.00240	0.00343	0.01681	0.00549	0.00480
18	0.01102	0.00551	0.00551	0.00551	0.00689	0.00551	0.00413	0.01378	0.01240	0.02205	0.01929	0.02205	0.01516	0.00689	0.00413	0.00138	0.00276	0.00551	0.82500	0.00551
19	0.00946	0.00676	0.00945	0.01081	0.01214	0.00675	0.00941	0.01213	0.01354	0.01762	0.03135	0.08875	0.03419	0.01640	0.00815	0.00271	0.00538	0.69413	0.00545	0.00543
20	0.01127	0.01062	0.01793	0.75529	0.06256	0.01317	0.01648	0.01520	0.01188	0.01524	0.01053	0.01573	0.00793	0.00589	0.00591	0.00196	0.00786	0.00526	0.00264	0.00665
21	0.01186	0.03059	0.76153	0.01686	0.02560	0.01373	0.02185	0.01873	0.01249	0.01873	0.01061	0.01249	0.00749	0.00562	0.00562	0.00187	0.00874	0.00437	0.00250	0.00874
22	0.00837	0.00604	0.00790	0.00744	0.00883	0.00558	0.00558	0.01116	0.01674	0.02371	0.75216	0.04417	0.05580	0.01209	0.00697	0.00186	0.00279	0.01069	0.00651	0.00558
23	0.02081	0.18495	0.01967	0.01419	0.01765	0.61626	0.01116	0.02241	0.01579	0.01436	0.00895	0.01042	0.00761	0.00588	0.00502	0.00147	0.00978	0.00368	0.00294	0.00701
24	0.00935	0.00672	0.00922	0.01046	0.01181	0.00667	0.00903	0.01191	0.01343	0.01738	0.03253	0.06518	0.07520	0.04285	0.00885	0.00278	0.00531	0.65056	0.00538	0.00536
25	0.00721	0.00515	0.00686	0.00823	0.00858	0.00480	0.00549	0.00823	0.01132	0.01510	0.03259	0.78831	0.03911	0.01853	0.00755	0.00240	0.00343	0.01681	0.00549	0.00480
26	0.01177	0.01107	0.01883	0.55161	0.18350	0.01287	0.03589	0.01553	0.01229	0.01619	0.01220	0.03701	0.01021	0.00656	0.00608	0.00197	0.00754	0.03889	0.00290	0.00708
27	0.01207	0.07029	0.72362	0.01651	0.02505	0.01424	0.02124	0.01868	0.01246	0.01848	0.01049	0.01233	0.00750	0.00559	0.00552	0.00184	0.00861	0.00431	0.00250	0.00868
28	0.01129	0.01063	0.01795	0.75233	0.06542	0.01317	0.01648	0.01521	0.01188	0.01526	0.01053	0.01573	0.00793	0.00589	0.00591	0.00196	0.00785	0.00526	0.00264	0.00667
29	0.02209	0.02819	0.01676	0.01524	0.01828	0.76843	0.01143	0.02361	0.01676	0.01447	0.00914	0.01066	0.00762	0.00609	0.00533	0.00152	0.01066	0.00381	0.00305	0.00686
30	0.01403	0.01686	0.15443	0.05827	0.60154	0.01396	0.01875	0.01815	0.01324	0.01907	0.01101	0.01429	0.00898	0.00535	0.00581	0.00178	0.00736	0.00511	0.00284	0.00916
31	0.03866	0.01541	0.06489	0.03430	0.11389	0.03838	0.12050	0.31189	0.03844	0.02612	0.01672	0.09820	0.03973	0.00788	0.00619	0.00189	0.00684	0.00692	0.00460	0.00854
32	0.00879	0.00683	0.01015	0.00996	0.01093	0.00820	0.00781	0.01084	0.00947	0.01377	0.01523	0.02246	0.01425	0.04179	0.71222	0.00898	0.07357	0.00625	0.00312	0.00537
33	0.67250	0.03099	0.01111	0.05268	0.01427	0.06471	0.02744	0.01798	0.01092	0.04074	0.00886	0.01043	0.00685	0.00557	0.00405	0.00181	0.00538	0.00352	0.00360	0.00660
34	0.01815	0.01229	0.01374	0.01176	0.01550	0.01344	0.00931	0.07572	0.51754	0.20857	0.02326	0.02108	0.01669	0.00779	0.00599	0.00195	0.00488	0.00642	0.00634	0.00958
35	0.00699	0.00599	0.00599	0.00599	0.00799	0.00499	0.00449	0.00849	0.01348	0.01598	0.05991	0.05691	0.75288	0.01498	0.00699	0.00200	0.00300	0.01248	0.00549	0.00499
36	0.01551	0.01564	0.02274	0.03288	0.63989	0.10188	0.01702	0.01932	0.04311	0.01897	0.01141	0.01447	0.00951	0.00548	0.00580	0.00174	0.00736	0.00516	0.00306	0.00907
37	0.00860	0.00573	0.00645	0.00645	0.00645	0.00573	0.00358	0.00860	0.00860	0.01147	0.01863	0.03870	0.02150	0.79217	0.03010	0.00573	0.00573	0.00860	0.00358	0.00358
38	0.00825	0.00599	0.00777	0.00744	0.00879	0.00551	0.00554	0.01088	0.01628	0.02290	0.68265	0.09176	0.07882	0.01260	0.00701	0.00190	0.00284	0.01114	0.00641	0.00551
39	0.01581	0.79572	0.03099	0.01012	0.01518	0.02340	0.01012	0.01771	0.01202	0.01391	0.00822	0.00949	0.00759	0.00506	0.00379	0.00126	0.00632	0.00316	0.00253	0.00759
40	0.00699	0.00599	0.00599	0.00599	0.00799	0.00499	0.00449	0.00849	0.01348	0.01598	0.05991	0.05691	0.75288	0.01498	0.00699	0.00200	0.00300	0.01248	0.00549	0.00499
41	0.12226	0.01593	0.01663	0.01289	0.01749	0.01772	0.01065	0.64725	0.02562	0.03595	0.01346	0.01363	0.00961	0.00690	0.00564	0.00178	0.00627	0.00506	0.00564	0.00961
42	0.02259	0.01639	0.01764	0.01353	0.01825	0.01809	0.01117	0.71692	0.02752	0.05631	0.01444	0.01435	0.01018	0.00710	0.00592	0.00178	0.00647	0.00534	0.00595	0.01006
43	0.01599	0.38306	0.08705	0.01924	0.22880	0.09553	0.03978	0.01884	0.01315	0.03444	0.00985	0.01182	0.00832	0.00532	0.00486	0.00152	0.00727	0.00414	0.00283	0.00819
44	0.01489	0.54820	0.24151	0.01224	0.01829	0.04635	0.01355	0.01821	0.01232	0.01532	0.00894	0.01039	0.00756	0.00526	0.00437	0.00145	0.00717	0.00353	0.00254	0.00790
45	0.00845	0.00634	0.00950	0.00950	0.01056	0.00739	0.00739	0.01056	0.00950	0.01373	0.01584	0.02323	0.01478	0.04435	0.76873	0.00950	0.01584	0.00634	0.00317	0.00528
46	0.02088	0.01565	0.01719	0.06180	0.01932	0.01744	0.01130	0.62586	0.07338	0.03450	0.01506	0.03386	0.01116	0.00737	0.00596	0.00182	0.00640	0.00569	0.00570	0.00966
47	0.01390	0.01046	0.01243	0.00896	0.01414	0.00798	0.00720	0.01649	0.01280	0.10423	0.01198	0.01317	0.00943	0.00472	0.00456	0.00099	0.00445	0.00378	0.00394	0.73438
48	0.01296	0.15236	0.50330	0.01828	0.08788	0.01546	0.09313	0.01853	0.01265	0.01802	0.01041	0.01254	0.00782	0.00543	0.00548	0.00178	0.00832	0.00452	0.00259	0.00853
49	0.01361	0.32530	0.46333	0.01422	0.02142	0.03444	0.01710	0.01845	0.01240	0.01678	0.00966	0.01129	0.00753	0.00541	0.00491	0.00163	0.00785	0.00389	0.00252	0.00825
50	0.02185	0.02778	0.01679	0.01524	0.01821	0.74859	0.01147	0.02337	0.01656	0.01447	0.00910	0.01072	0.00762	0.00621	0.00570	0.00155	0.03104	0.00384	0.00303	0.00685
51	0.01356	0.01728	0.11494	0.02343	0.02944	0.01469	0.62005	0.01857	0.01361	0.01871	0.01213	0.03166	0.00941	0.00548	0.00717	0.00200	0.03009	0.00685	0.00298	0.00796
52	0.71615	0.03278	0.01024	0.00869	0.01235	0.08428	0.00709	0.03689	0.01121	0.02537	0.00848	0.00982	0.00664	0.00558	0.00388	0.00179	0.00524	0.00331	0.00363	0.00657
53	0.00720	0.00517	0.00684	0.00817	0.00856	0.00481	0.00546	0.00824	0.01138	0.01512	0.03332	0.76883	0.05812	0.01843	0.00753	0.00239	0.00342	0.01670	0.00549	0.00481
54	0.01589	0.75811	0.04677	0.01041	0.01549	0.04326	0.01041	0.01789	0.01215	0.01404	0.00830	0.00958	0.00759	0.00510	0.00388	0.00129	0.00649	0.00321	0.00254	0.00759
55	0.00845	0.00634	0.00950	0.00950	0.01056	0.00739	0.00739	0.01056	0.00950	0.01373	0.01584	0.02323	0.01478	0.04435	0.76873	0.00950	0.01584	0.00634	0.00317	0.00528
56	0.03034	0.02082	0.32877	0.02595	0.37576	0.01397	0.03785	0.01916	0.05539	0.01953	0.01163	0.01411	0.00902	0.00557	0.00575	0.00183	0.00763	0.00498	0.00295	0.00901
57	0.01471	0.01270	0.01337	0.01203	0.01538	0.01471	0.00936	0.03142	0.74459	0.02474	0.02407	0.02206	0.01805	0.00802	0.00602	0.00201	0.00468	0.00669	0.00602	0.00936
58	0.01465	0.00744	0.00992	0.00851	0.01100	0.00666	0.00666	0.01727	0.01680	0.27826	0.49997	0.03585	0.04156	0.01044	0.00662	0.00185	0.00357	0.00905	0.00679	0.00713
59	0.00953	0.00681	0.00953	0.01089	0.01225	0.00681	0.00953	0.01225	0.01361	0.01770	0.03131	0.06671	0.03403	0.01634	0.00817	0.00272	0.00545	0.71547	0.00545	0.00545
60	0.83394	0.01144	0.00869	0.00778	0.01144	0.01327	0.00640	0.01738	0.01006	0.02653	0.00823	0.00961	0.00640	0.00549	0.00366	0.00183	0.00457	0.00320	0.00366	0.00640
61	0.01228	0.01220	0.02018	0.58229	0.08512	0.04359	0.10731	0.01657	0.03206	0.01611	0.01105	0.01568	0.00838	0.00582	0.00602	0.00194	0.00812	0.00546	0.00280	0.00702
62	0.00699	0.00599	0.00599	0.00599	0.00799	0.00499	0.00449	0.00849	0.01348	0.01598	0.05991	0.05691	0.75288	0.01498	0.00699	0.00200	0.00300	0.01248	0.00549	0.00499
63	0.01294	0.01294	0.01811	0.01553	0.01553	0.01811	0.01294	0.01423	0.00906	0.01423	0.00776	0.01294	0.00776	0.01035	0.01941	0.00259	0.78134	0.00518	0.00259	0.00647
64	0.04912	0.01010	0.01358	0.01044	0.01499	0.00882	0.00863	0.02850	0.01673	0.73887	0.02291	0.01983	0.01441	0.00727	0.00588	0.00183	0.00502	0.00587	0.00722	0.00996
65	0.00703	0.00599	0.00604	0.00603	0.00801	0.00501	0.00452	0.00856	0.01357	0.01618	0.07816	0.05658	0.73450	0.01490	0.00699	0.00199	0.00299	0.01243	0.00552	0.00501
66	0.00888	0.00775	0.01353	0.01221	0.01393	0.00726	0.17608	0.01093	0.01212	0.01625	0.04239	0.56961	0.03224	0.01516	0.00742	0.00231	0.00501	0.03642	0.00492	0.00558
67	0.02235	0.04743	0.01789	0.01321	0.01781	0.01757	0.01099	0.61586	0.02556	0.10797	0.01469	0.01457	0.01035	0.00713	0.00620	0.00178	0.02764	0.00529	0.00583	0.00986
68	0.01581	0.79572	0.03099	0.01012	0.01518	0.02340	0.01012	0.01771	0.01202	0.01391	0.00822	0.00949	0.00759	0.00506	0.00379	0.00126	0.00632	0.00316	0.00253	0.00759
69	0.83394	0.01144	0.00869	0.00778	0.01144	0.01327	0.00640	0.01738	0.01006	0.02653	0.00823	0.00961	0.00640	0.00549	0.00366	0.00183	0.00457	0.00320	0.00366	0.00640
70	0.01546	0.01432	0.01398	0.01296	0.03395	0.09185	0.00979	0.03030	0.65203	0.02355	0.02222	0.02071	0.01677	0.00776	0.00594	0.00195	0.00535	0.00636	0.00564	0.00910
71	0.00827	0.00627	0.00764	0.00726	0.00887	0.00577	0.00545	0.01125	0.04241	0.02188	0.55822	0.04645	0.22306	0.01264	0.00694	0.00190	0.00291	0.01098	0.00625	0.00558
72	0.00828	0.00598	0.00783	0.00750	0.00882	0.00552	0.00557	0.01094	0.01633	0.02307	0.69830	0.09987	0.05455	0.01257	0.00702	0.00190	0.00284	0.01115	0.00643	0.00552
73	0.01420	0.01255	0.01522	0.12299	0.10456	0.01441	0.01137	0.02758	0.55654	0.02275	0.02066	0.02032	0.01561	0.00741	0.00598	0.00197	0.00540	0.00632	0.00518	0.00897
74	0.12035	0.62475	0.02683	0.01030	0.01499	0.09133	0.00977	0.01822	0.01221	0.01557	0.00831	0.00961	0.00744	0.00521	0.00392	0.00136	0.00651	0.00323	0.00272	0.00737
75	0.00831	0.00604	0.00783	0.00738	0.00880	0.00556	0.00554	0.01105	0.01661	0.02340	0.72407	0.04469	0.08409	0.01221	0.00698	0.00187	0.00280	0.01077	0.00647	0.00556
76	0.01254	0.04665	0.71505	0.01645	0.02494	0.01374	0.02106	0.01912	0.01266	0.04868	0.01108	0.01273	0.00778	0.00568	0.00559	0.00186	0.00854	0.00441	0.00269	0.00877
77	0.02537	0.00981	0.01335	0.01032	0.01470	0.00849	0.00849	0.02769	0.01691	0.71233	0.06993	0.02167	0.01727	0.00762	0.00601	0.00183	0.00489	0.00625	0.00727	0.00978
78	0.00860	0.00573	0.00645	0.00645	0.00645	0.00573	0.00358	0.00860	0.00860	0.01147	0.01863	0.03870	0.02150	0.79217	0.03010	0.00573	0.00573	0.00860	0.00358	0.00358
79	0.01117	0.01051	0.01774	0.77795	0.04073	0.01314	0.01642	0.01511	0.01182	0.01511	0.01051	0.01577	0.00788	0.00591	0.00591	0.00197	0.00788	0.00526	0.00263	0.00657
80	0.04581	0.01183	0.01964	0.47849	0.29795	0.01347	0.01664	0.01630	0.01235	0.01710	0.01064	0.01511	0.00836	0.00566	0.00580	0.00189	0.00744	0.00518	0.00278	0.00757
81	0.00721	0.00515	0.00686	0.00823	0.00858	0.00480	0.00549	0.00823	0.01132	0.01510	0.03259	0.78831	0.03911	0.01853	0.00755	0.00240	0.00343	0.01681	0.00549	0.00480
82	0.00845	0.00634	0.00950	0.00950	0.01056	0.00739	0.00739	0.01056	0.00950	0.01373	0.01584	0.02323	0.01478	0.04435	0.76873	0.00950	0.01584	0.00634	0.00317	0.00528
83	0.01186	0.03059	0.76153	0.01686	0.02560	0.01373	0.02185	0.01873	0.01249	0.01873	0.01061	0.01249	0.00749	0.00562	0.00562	0.00187	0.00874	0.00437	0.00250	0.00874
84	0.01489	0.02107	0.37164	0.01709	0.02355	0.01284	0.19051	0.01993	0.01358	0.15470	0.03448	0.03655	0.01138	0.00653	0.00675	0.00194	0.04453	0.00584	0.00370	0.00850
85	0.00837	0.00604	0.00790	0.00744	0.00883	0.00558	0.00558	0.01116	0.01674	0.02371	0.75216	0.04417	0.05580	0.01209	0.00697	0.00186	0.00279	0.01069	0.00651	0.00558
86	0.80814	0.03617	0.00940	0.00785	0.01155	0.01359	0.00652	0.01739	0.01013	0.02614	0.00823	0.00960	0.00644	0.00548	0.00366	0.00181	0.00463	0.00320	0.00362	0.00644
87	0.00721	0.00515	0.00686	0.00823	0.00858	0.00480	0.00549	0.00823	0.01132	0.01510	0.03259	0.78831	0.03911	0.01853	0.00755	0.00240	0.00343	0.01681	0.00549	0.00480
88	0.83394	0.01144	0.00869	0.00778	0.01144	0.01327	0.00640	0.01738	0.01006	0.02653	0.00823	0.00961	0.00640	0.00549	0.00366	0.00183	0.00457	0.00320	0.00366	0.00640
89	0.01027	0.00514	0.00770	0.00770	0.00770	0.00514	0.00514	0.00770	0.00770	0.01027	0.01027	0.01798	0.01027	0.02054	0.02311	0.82794	0.00514	0.00514	0.00257	0.00257
90	0.00835	0.00607	0.00787	0.00750	0.00892	0.00560	0.00567	0.01107	0.01647	0.02313	0.69341	0.04559	0.08777	0.01238	0.00702	0.00190	0.00290	0.03640	0.00642	0.00555
91	0.00845	0.00634	0.00950	0.00950	0.01056	0.00739	0.00739	0.01056	0.00950	0.01373	0.01584	0.02323	0.01478	0.04435	0.76873	0.00950	0.01584	0.00634	0.00317	0.00528
92	0.02454	0.01062	0.01377	0.01077	0.01514	0.00981	0.00883	0.07328	0.09046	0.61764	0.04509	0.02068	0.01595	0.00752	0.00598	0.00184	0.00502	0.00613	0.00708	0.00986
93	0.00736	0.00601	0.00652	0.00653	0.00834	0.00517	0.00493	0.00914	0.01404	0.01749	0.18981	0.07576	0.57058	0.01458	0.00705	0.00201	0.00307	0.04079	0.00568	0.00512
94	0.01471	0.01270	0.01337	0.01203	0.01538	0.01471	0.00936	0.03142	0.74459	0.02474	0.02407	0.02206	0.01805	0.00802	0.00602	0.00201	0.00468	0.00669	0.00602	0.00936
95	0.01464	0.01405	0.02400	0.03630	0.75528	0.01405	0.01815	0.01815	0.01347	0.01932	0.01112	0.01464	0.00937	0.00527	0.00585	0.00176	0.00703	0.00527	0.00293	0.00937
96	0.00847	0.00626	0.00912	0.00912	0.01004	0.00718	0.00691	0.01031	0.00939	0.01344	0.01620	0.02520	0.01564	0.13938	0.67487	0.00903	0.01456	0.00662	0.00322	0.00506
97	0.01198	0.02989	0.73043	0.01768	0.05636	0.01375	0.02169	0.01870	0.01253	0.01875	0.01063	0.01258	0.00757	0.00560	0.00563	0.00187	0.00867	0.00441	0.00252	0.00877
98	0.01226	0.01051	0.01226	0.00876	0.01401	0.00788	0.00701	0.01489	0.01226	0.01927	0.01051	0.01226	0.00876	0.00438	0.00438	0.00088	0.00438	0.00350	0.00350	0.82832
99	0.00762	0.00604	0.00687	0.00673	0.00847	0.00529	0.00509	0.00967	0.01477	0.01909	0.33229	0.05222	0.45298	0.01388	0.00702	0.00197	0.00300	0.03587	0.00589	0.00524
100	0.19717	0.01052	0.01276	0.01002	0.01441	0.00991	0.00827	0.04445	0.01575	0.58597	0.01991	0.01775	0.01278	0.00693	0.00546	0.00183	0.00497	0.00535	0.00651	0.00929
101	0.01539	0.01322	0.01672	0.04923	0.21316	0.01464	0.01211	0.08196	0.45100	0.03833	0.01931	0.01919	0.01465	0.00712	0.00596	0.00192	0.00558	0.00613	0.00508	0.00932
102	0.00736	0.00596	0.00657	0.00675	0.00844	0.00517	0.00507	0.00906	0.01368	0.01703	0.14796	0.13746	0.53364	0.01507	0.00713	0.00207	0.00317	0.05771	0.00563	0.00508
103	0.02581	0.00990	0.01349	0.01040	0.01485	0.00857	0.00857	0.02811	0.01692	0.72993	0.05250	0.02109	0.01629	0.00751	0.00599	0.00183	0.00494	0.00614	0.00729	0.00988
104	0.08317	0.50277	0.05070	0.01146	0.01606	0.19203	0.01056	0.04516	0.01353	0.01607	0.00873	0.01004	0.00759	0.00542	0.00427	0.00141	0.00726	0.00343	0.00286	0.00746
105	0.02222	0.01026	0.01307	0.01046	0.01435	0.00967	0.00842	0.09281	0.08563	0.50851	0.07390	0.05023	0.01863	0.04485	0.00721	0.00205	0.00496	0.00681	0.00677	0.00919
106	0.00885	0.00620	0.00779	0.00730	0.00893	0.00560	0.00551	0.01138	0.01615	0.05175	0.59711	0.04553	0.18090	0.01242	0.00694	0.00188	0.00292	0.01083	0.00636	0.00565
107	0.00845	0.00634	0.00950	0.00950	0.01056	0.00739	0.00739	0.01056	0.00950	0.01373	0.01584	0.02323	0.01478	0.04435	0.76873	0.00950	0.01584	0.00634	0.00317	0.00528
108	0.57490	0.14363	0.01394	0.00960	0.03123	0.01562	0.00792	0.10748	0.01270	0.02559	0.00905	0.01029	0.00713	0.00561	0.00402	0.00173	0.00517	0.00351	0.00374	0.00713
109	0.00825	0.00599	0.00767	0.00733	0.00865	0.00552	0.00540	0.01074	0.01589	0.02224	0.64142	0.07448	0.09748	0.05307	0.00820	0.00209	0.00298	0.01094	0.00625	0.00541
110	0.01027	0.00514	0.00770	0.00770	0.00770	0.00514	0.00514	0.00770	0.00770	0.01027	0.01027	0.01798	0.01027	0.02054	0.02311	0.82794	0.00514	0.00514	0.00257	0.00257
111	0.02653	0.01006	0.01372	0.01052	0.01510	0.00869	0.00869	0.02882	0.01693	0.75937	0.02333	0.02013	0.01464	0.00732	0.00595	0.00183	0.00503	0.00595	0.00732	0.01006
112	0.01450	0.01391	0.02375	0.06598	0.72668	0.01401	0.01808	0.01803	0.01340	0.01915	0.01110	0.01468	0.00931	0.00529	0.00586	0.00176	0.00706	0.00527	0.00292	0.00926
113	0.00845	0.00634	0.00950	0.00950	0.01056	0.00739	0.00739	0.01056	0.00950	0.01373	0.01584	0.02323	0.01478	0.04435	0.76873	0.00950	0.01584	0.00634	0.00317	0.00528
114	0.01117	0.01051	0.01774	0.77795	0.04073	0.01314	0.01642	0.01511	0.01182	0.01511	0.01051	0.01577	0.00788	0.00591	0.00591	0.00197	0.00788	0.00526	0.00263	0.00657
115	0.00766	0.00547	0.00738	0.00875	0.00929	0.00519	0.00628	0.00902	0.01177	0.01560	0.03234	0.64760	0.03812	0.01810	0.00767	0.00246	0.00382	0.15305	0.00548	0.00493
116	0.01381	0.01657	0.07115	0.02416	0.03027	0.01474	0.68177	0.01884	0.01385	0.01894	0.01186	0.01570	0.00889	0.00500	0.00685	0.00196	0.00978	0.00677	0.00298	0.02609
117	0.00762	0.00598	0.00689	0.00673	0.00839	0.00525	0.00502	0.00968	0.01486	0.01943	0.37083	0.08044	0.41012	0.01382	0.00701	0.00195	0.00292	0.01185	0.00595	0.00525
118	0.01519	0.01260	0.01339	0.01197	0.01537	0.01447	0.00933	0.03132	0.71506	0.05455	0.02404	0.02199	0.01791	0.00799	0.00601	0.00200	0.00469	0.00666	0.00607	0.00939
119	0.83394	0.01144	0.00869	0.00778	0.01144	0.01327	0.00640	0.01738	0.01006	0.02653	0.00823	0.00961	0.00640	0.00549	0.00366	0.00183	0.00457	0.00320	0.00366	0.00640
120	0.01117	0.01051	0.01774	0.77795	0.04073	0.01314	0.01642	0.01511	0.01182	0.01511	0.01051	0.01577	0.00788	0.00591	0.00591	0.00197	0.00788	0.00526	0.00263	0.00657
121	0.01231	0.01066	0.01287	0.00919	0.01446	0.00807	0.02636	0.01500	0.01231	0.01926	0.01055	0.01236	0.00876	0.00440	0.00445	0.00091	0.00453	0.00360	0.00349	0.80647
122	0.01526	0.01229	0.01387	0.01018	0.01528	0.01095	0.00825	0.22608	0.01682	0.02455	0.01159	0.01283	0.00914	0.00518	0.00483	0.00114	0.00500	0.00404	0.00421	0.58853
123	0.00734	0.00539	0.00692	0.00808	0.00875	0.00497	0.00562	0.00856	0.01181	0.01542	0.03668	0.62523	0.14798	0.01783	0.00751	0.00236	0.00351	0.06568	0.00549	0.00488
124	0.01196	0.04888	0.74406	0.01669	0.02535	0.01397	0.02157	0.01870	0.01247	0.01861	0.01056	0.01241	0.00749	0.00561	0.00557	0.00186	0.00868	0.00434	0.00250	0.00871
125	0.01441	0.10319	0.51291	0.01614	0.04949	0.01416	0.04081	0.02041	0.04279	0.11263	0.01260	0.01373	0.00895	0.00584	0.00554	0.00181	0.00784	0.00466	0.00329	0.00882
126	0.00746	0.00601	0.00664	0.00648	0.00828	0.00519	0.00486	0.00939	0.01459	0.01860	0.29491	0.05259	0.51624	0.01400	0.00698	0.00195	0.00293	0.01187	0.00584	0.00519
127	0.00768	0.00548	0.00722	0.00845	0.00897	0.00520	0.00594	0.00890	0.01152	0.01523	0.03199	0.59457	0.05604	0.08085	0.00946	0.00271	0.00392	0.12573	0.00533	0.00481
128	0.01405	0.02543	0.57544	0.01628	0.05536	0.01254	0.01883	0.01980	0.01328	0.13327	0.03056	0.03532	0.01066	0.00636	0.00576	0.00187	0.00781	0.00514	0.00344	0.00879
129	0.02149	0.00993	0.01276	0.01042	0.01411	0.00928	0.00834	0.10440	0.05189	0.48624	0.05741	0.14747	0.02022	0.00940	0.00626	0.00193	0.00481	0.00792	0.00676	0.00896
130	0.01117	0.01051	0.01774	0.77795	0.04073	0.01314	0.01642	0.01511	0.01182	0.01511	0.01051	0.01577	0.00788	0.00591	0.00591	0.00197	0.00788	0.00526	0.00263	0.00657
131	0.01330	0.01266	0.02150	0.27862	0.50144	0.01351	0.01725	0.01689	0.01287	0.01783	0.01149	0.03538	0.00966	0.00583	0.00592	0.00184	0.00721	0.00557	0.00290	0.00833
132	0.01494	0.01435	0.05250	0.04937	0.56179	0.03343	0.05295	0.01840	0.01360	0.06616	0.01308	0.05894	0.01122	0.00619	0.00599	0.00181	0.00703	0.00598	0.00334	0.00892

[dist]
# distance from previous block
# <min> <max>
0	2

[block]
# block no. 4 follows, 39 sequences, length 7
# corresponding to MSA columns:
# 273,274,278-282
name=unknown_E
#
# <colnr> <probs for GDERKNQSTAVLIFYWHMCP>
#	G	D	E	R	K	N	Q	S	T	A	V	L	I	F	Y	W	H	M	C	P
0	0.20206	0.05673	0.05369	0.01043	0.04999	0.01005	0.00836	0.01820	0.01458	0.20895	0.27600	0.02492	0.02627	0.00826	0.00564	0.00181	0.00452	0.00672	0.00543	0.00739
1	0.20762	0.08877	0.42932	0.01553	0.08285	0.01427	0.01637	0.01867	0.01213	0.04937	0.01039	0.01203	0.00768	0.00558	0.00503	0.00180	0.00726	0.00413	0.00300	0.00819
2	0.01198	0.01274	0.14186	0.01467	0.13190	0.00977	0.01129	0.01713	0.11469	0.07423	0.13854	0.10589	0.11727	0.01029	0.00650	0.00200	0.00521	0.06166	0.00493	0.00742
3	0.01178	0.13115	0.00956	0.00624	0.00821	0.00836	0.00509	0.01440	0.01234	0.02075	0.01753	0.02005	0.01395	0.00660	0.00408	0.00136	0.00332	0.00514	0.69423	0.00584
4	0.10550	0.01642	0.05391	0.08115	0.18233	0.18306	0.01254	0.08636	0.05530	0.01975	0.01205	0.01492	0.00984	0.01209	0.12680	0.00298	0.00895	0.00492	0.00348	0.00763
5	0.05817	0.52831	0.08580	0.01138	0.01650	0.06242	0.01113	0.13223	0.01473	0.01868	0.00942	0.01055	0.00792	0.00551	0.00436	0.00144	0.00670	0.00364	0.00315	0.00797
6	0.04602	0.24661	0.05502	0.03136	0.04438	0.06912	0.01064	0.21361	0.05842	0.02341	0.12937	0.01757	0.01654	0.00704	0.00532	0.00164	0.00614	0.00538	0.00437	0.00805

[dist]
# distance from previous block
# <min> <max>
1	9

# created by:
# /st0/software/busco_prod/Augustus/scripts/msa2prfl.pl ./align_prep/177961.fa
