[name]
unknown

[dist]
# distance from previous block
# <min> <max>
1	70

[block]
# block no. 0 follows, 27 sequences, length 20
# corresponding to MSA columns:
# 188-207
name=unknown_A
#
# <colnr> <probs for GDERKNQSTAVLIFYWHMCP>
#	G	D	E	R	K	N	Q	S	T	A	V	L	I	F	Y	W	H	M	C	P
0	0.02688	0.06412	0.02237	0.01690	0.02227	0.17006	0.01375	0.46866	0.03010	0.03794	0.01830	0.01865	0.03850	0.00889	0.00717	0.00214	0.00910	0.00648	0.00639	0.01134
1	0.01740	0.01444	0.01646	0.01210	0.01847	0.01226	0.00972	0.11279	0.05560	0.02781	0.01482	0.01643	0.01189	0.00624	0.00589	0.00134	0.00590	0.00495	0.00501	0.63049
2	0.01967	0.01910	0.08104	0.10458	0.31705	0.05839	0.08695	0.04842	0.01809	0.10041	0.01840	0.02281	0.03336	0.00799	0.00760	0.00232	0.00924	0.02925	0.00459	0.01075
3	0.06189	0.01417	0.02207	0.36772	0.03550	0.01770	0.06357	0.01872	0.01401	0.02019	0.01542	0.02099	0.04210	0.00950	0.01227	0.00267	0.21780	0.00700	0.02852	0.00819
4	0.18978	0.18155	0.10032	0.09830	0.10254	0.04756	0.03802	0.05090	0.01656	0.06586	0.03591	0.01689	0.01226	0.00733	0.00622	0.00214	0.00826	0.00561	0.00432	0.00969
5	0.01550	0.06528	0.02430	0.49549	0.04183	0.04677	0.04474	0.01963	0.01462	0.01883	0.01241	0.01839	0.00989	0.00827	0.01018	0.00252	0.13321	0.00641	0.00332	0.00840
6	0.05622	0.05670	0.06351	0.01689	0.02289	0.08883	0.01452	0.48690	0.03007	0.06656	0.01675	0.01706	0.01204	0.00849	0.00710	0.00218	0.00867	0.00623	0.00658	0.01181
7	0.02095	0.01603	0.01932	0.12039	0.02406	0.01821	0.01356	0.30968	0.05488	0.05422	0.03737	0.02341	0.03833	0.03942	0.04089	0.00296	0.08964	0.00739	0.03306	0.03623
8	0.02822	0.02079	0.02228	0.01708	0.02302	0.02302	0.01411	0.66804	0.03490	0.04679	0.01782	0.01782	0.01262	0.00891	0.00743	0.00223	0.00817	0.00668	0.00743	0.01262
9	0.01496	0.01273	0.01493	0.01095	0.01712	0.00963	0.00867	0.01812	0.01531	0.02383	0.01511	0.06499	0.01362	0.00672	0.00577	0.00123	0.00542	0.00555	0.00457	0.73078
10	0.01611	0.01395	0.01448	0.01574	0.10715	0.11739	0.01028	0.01930	0.03890	0.08654	0.18569	0.04485	0.23835	0.04729	0.00946	0.00254	0.00635	0.01102	0.00639	0.00823
11	0.01461	0.01736	0.15068	0.03509	0.01956	0.03608	0.01276	0.07253	0.01686	0.02360	0.04624	0.10381	0.07487	0.06102	0.07615	0.00331	0.00837	0.00871	0.00493	0.21346
12	0.02213	0.01632	0.01854	0.01494	0.01935	0.01779	0.01212	0.38970	0.02668	0.06281	0.06999	0.06135	0.05710	0.01407	0.05840	0.00299	0.06296	0.00838	0.00674	0.05764
13	0.01522	0.01420	0.02386	0.44656	0.25086	0.01617	0.02055	0.01986	0.01569	0.02092	0.01569	0.02487	0.01332	0.00830	0.00764	0.00247	0.00929	0.06156	0.00372	0.00924
14	0.13855	0.22910	0.30539	0.02070	0.12587	0.02061	0.01956	0.02278	0.01522	0.02346	0.01211	0.01446	0.00958	0.00676	0.00607	0.00211	0.00898	0.00500	0.00346	0.01023
15	0.17818	0.45369	0.07514	0.01352	0.01949	0.11593	0.01295	0.02321	0.01541	0.02120	0.01068	0.01239	0.00922	0.00668	0.00514	0.00183	0.00841	0.00419	0.00355	0.00920
16	0.01978	0.10081	0.04332	0.03867	0.01955	0.04591	0.01186	0.12660	0.04483	0.09628	0.01839	0.06363	0.01577	0.05938	0.01027	0.00239	0.06884	0.00706	0.03268	0.17399
17	0.18220	0.06871	0.10255	0.01378	0.01886	0.01672	0.01245	0.16615	0.07671	0.09407	0.04306	0.01970	0.01477	0.01101	0.00994	0.12081	0.00717	0.00624	0.00557	0.00952
18	0.01714	0.01813	0.07500	0.15073	0.50240	0.01714	0.04475	0.02191	0.01643	0.02319	0.01459	0.03853	0.01233	0.00723	0.00745	0.00229	0.00914	0.00701	0.00367	0.01092
19	0.10194	0.08089	0.04623	0.01305	0.01608	0.01540	0.01111	0.04099	0.05724	0.02618	0.25589	0.03226	0.05960	0.01183	0.01104	0.00243	0.16419	0.00882	0.00574	0.03909

[dist]
# distance from previous block
# <min> <max>
1	10

[block]
# block no. 1 follows, 27 sequences, length 7
# corresponding to MSA columns:
# 223-229
name=unknown_B
#
# <colnr> <probs for GDERKNQSTAVLIFYWHMCP>
#	G	D	E	R	K	N	Q	S	T	A	V	L	I	F	Y	W	H	M	C	P
0	0.16094	0.26461	0.10990	0.05798	0.02324	0.10443	0.03208	0.10130	0.03995	0.02542	0.01270	0.01451	0.01012	0.00718	0.00593	0.00204	0.00877	0.00502	0.00419	0.00971
1	0.01681	0.13458	0.07908	0.35234	0.11722	0.01868	0.01854	0.07996	0.01670	0.02189	0.01324	0.01802	0.01049	0.00855	0.00847	0.05737	0.00913	0.00608	0.00369	0.00915
2	0.01776	0.27235	0.28078	0.07228	0.02587	0.01988	0.01831	0.02276	0.01551	0.08303	0.01449	0.01708	0.01132	0.01237	0.08339	0.00314	0.01039	0.00551	0.00382	0.00994
3	0.01058	0.01055	0.06665	0.01254	0.01494	0.00820	0.05521	0.01316	0.01530	0.02057	0.06137	0.46263	0.11223	0.01901	0.00898	0.00278	0.00552	0.04920	0.00629	0.04432
4	0.01896	0.38148	0.19868	0.01713	0.02431	0.06544	0.07701	0.06181	0.01687	0.02134	0.01247	0.01485	0.01027	0.00907	0.03921	0.00241	0.01002	0.00519	0.00355	0.00992
5	0.01701	0.01923	0.07064	0.30215	0.10383	0.12551	0.09514	0.03804	0.01734	0.02154	0.03992	0.02489	0.04849	0.00865	0.00767	0.00238	0.01002	0.03449	0.00407	0.00897
6	0.07947	0.43689	0.10358	0.01624	0.02289	0.06564	0.09158	0.06752	0.01697	0.02212	0.01178	0.01377	0.00982	0.00671	0.00576	0.00189	0.00896	0.00493	0.00368	0.00978

[dist]
# distance from previous block
# <min> <max>
5	20

[block]
# block no. 2 follows, 27 sequences, length 8
# corresponding to MSA columns:
# 395-402
name=unknown_C
#
# <colnr> <probs for GDERKNQSTAVLIFYWHMCP>
#	G	D	E	R	K	N	Q	S	T	A	V	L	I	F	Y	W	H	M	C	P
0	0.08004	0.01421	0.02252	0.50312	0.14096	0.01719	0.01952	0.01968	0.01468	0.02087	0.01279	0.01864	0.01001	0.00772	0.00857	0.00248	0.06843	0.00638	0.00346	0.00874
1	0.01611	0.09793	0.07990	0.01863	0.04101	0.05937	0.08217	0.01931	0.01390	0.01938	0.01332	0.01878	0.01191	0.01942	0.16643	0.00456	0.24828	0.00645	0.00357	0.05955
2	0.02512	0.01903	0.01958	0.01564	0.02070	0.07677	0.01258	0.40682	0.06940	0.09112	0.01915	0.02089	0.01451	0.04950	0.05649	0.00307	0.00890	0.00686	0.00671	0.05717
3	0.16170	0.60953	0.03376	0.01216	0.01819	0.02704	0.01185	0.02215	0.01463	0.02038	0.01032	0.01194	0.00925	0.00645	0.00473	0.00172	0.00754	0.00398	0.00344	0.00925
4	0.01402	0.01319	0.02227	0.72126	0.05113	0.01649	0.02062	0.01897	0.01484	0.01897	0.01319	0.01979	0.00990	0.00742	0.00742	0.00247	0.00990	0.00660	0.00330	0.00825
5	0.01528	0.01547	0.02712	0.11555	0.05261	0.01789	0.21215	0.01887	0.01425	0.02013	0.01610	0.10209	0.01533	0.01338	0.05036	0.00330	0.26874	0.00897	0.00388	0.00852
6	0.02599	0.01825	0.01997	0.01577	0.02094	0.01989	0.01277	0.50802	0.06443	0.09525	0.02119	0.06758	0.01673	0.04684	0.00911	0.00255	0.00760	0.00799	0.00739	0.01174
7	0.02084	0.01567	0.01864	0.09468	0.02266	0.01764	0.01296	0.37955	0.02502	0.03376	0.01820	0.02300	0.01480	0.06728	0.19559	0.00514	0.01141	0.00727	0.00586	0.01003

[dist]
# distance from previous block
# <min> <max>
0	1

[block]
# block no. 3 follows, 27 sequences, length 13
# corresponding to MSA columns:
# 404,411-415,417-423
name=unknown_D
#
# <colnr> <probs for GDERKNQSTAVLIFYWHMCP>
#	G	D	E	R	K	N	Q	S	T	A	V	L	I	F	Y	W	H	M	C	P
0	0.10029	0.01982	0.01931	0.01551	0.02075	0.09223	0.01257	0.40062	0.06852	0.09888	0.02190	0.02151	0.05627	0.00931	0.00717	0.00224	0.00789	0.00698	0.00691	0.01130
1	0.02500	0.01878	0.02029	0.01600	0.02142	0.02050	0.01301	0.51188	0.10238	0.04168	0.02045	0.06790	0.01611	0.00980	0.00745	0.00224	0.00748	0.00771	0.00720	0.06269
2	0.01631	0.04826	0.02517	0.31498	0.08642	0.01979	0.05982	0.05130	0.01497	0.02061	0.01227	0.01802	0.01019	0.00924	0.01325	0.00267	0.25774	0.00659	0.00354	0.00886
3	0.45138	0.08975	0.10081	0.01297	0.01843	0.10122	0.01194	0.06411	0.01585	0.02913	0.01376	0.01525	0.03439	0.00753	0.00551	0.00219	0.00760	0.00490	0.00445	0.00884
4	0.01415	0.01118	0.01516	0.01387	0.01570	0.01343	0.01108	0.11361	0.01534	0.02183	0.01802	0.02546	0.01631	0.04202	0.49787	0.00912	0.12615	0.00754	0.00439	0.00777
5	0.01896	0.01595	0.02121	0.12300	0.08254	0.01889	0.01542	0.22253	0.02001	0.02783	0.01487	0.01942	0.01226	0.01668	0.12071	0.00399	0.19548	0.00673	0.00476	0.03876
6	0.01628	0.01393	0.02326	0.54755	0.16134	0.01626	0.02024	0.02098	0.01570	0.07266	0.01458	0.01997	0.01088	0.00742	0.00741	0.00241	0.00943	0.00667	0.00382	0.00920
7	0.01574	0.01570	0.02158	0.04655	0.02059	0.04300	0.04041	0.01784	0.01256	0.01847	0.01448	0.02027	0.04606	0.01559	0.07313	0.00368	0.52532	0.00704	0.00358	0.03840
8	0.05759	0.51910	0.10595	0.01384	0.02043	0.07916	0.01389	0.02265	0.01552	0.01948	0.01096	0.01271	0.00956	0.00649	0.00521	0.00169	0.00840	0.00423	0.00339	0.06976
9	0.01954	0.58017	0.09015	0.01739	0.09819	0.04920	0.01510	0.02264	0.01554	0.01876	0.01102	0.01301	0.00978	0.00648	0.00531	0.00173	0.00846	0.00442	0.00325	0.00987
10	0.01276	0.01013	0.01520	0.04612	0.01714	0.01174	0.04468	0.05639	0.01396	0.02007	0.01874	0.02663	0.01686	0.04297	0.51924	0.00935	0.06289	0.00771	0.04005	0.00737
11	0.01928	0.01439	0.01707	0.12220	0.05276	0.04801	0.01246	0.13476	0.08135	0.12038	0.08576	0.03444	0.12915	0.01109	0.00774	0.00232	0.00693	0.03673	0.00647	0.05671
12	0.01616	0.04927	0.02444	0.48185	0.16687	0.06591	0.02003	0.02053	0.01552	0.01979	0.01294	0.01856	0.01020	0.00748	0.00798	0.00238	0.04136	0.00635	0.00340	0.00899

[dist]
# distance from previous block
# <min> <max>
9	18

[block]
# block no. 4 follows, 27 sequences, length 10
# corresponding to MSA columns:
# 482-491
name=unknown_E
#
# <colnr> <probs for GDERKNQSTAVLIFYWHMCP>
#	G	D	E	R	K	N	Q	S	T	A	V	L	I	F	Y	W	H	M	C	P
0	0.02611	0.01937	0.02076	0.01624	0.02158	0.02145	0.01319	0.56782	0.08427	0.04306	0.01923	0.02096	0.01452	0.06485	0.00976	0.00263	0.00791	0.00713	0.00721	0.01193
1	0.06655	0.01416	0.02165	0.46847	0.03942	0.01833	0.01850	0.01884	0.01368	0.01960	0.01199	0.01824	0.00973	0.00902	0.01219	0.00269	0.21899	0.00640	0.00337	0.00820
2	0.08616	0.01851	0.01953	0.01518	0.02076	0.02001	0.01246	0.50826	0.03003	0.04160	0.02200	0.02197	0.07266	0.00937	0.00717	0.00217	0.00738	0.00710	0.00692	0.07073
3	0.43633	0.10449	0.03614	0.01264	0.01681	0.04918	0.01083	0.02298	0.07315	0.02800	0.03946	0.01592	0.01236	0.00831	0.00791	0.00235	0.10475	0.00520	0.00457	0.00863
4	0.01395	0.01310	0.02146	0.59946	0.04511	0.01652	0.01927	0.01830	0.01442	0.01885	0.01456	0.06444	0.01235	0.00903	0.00941	0.00259	0.08805	0.00750	0.00352	0.00809
5	0.01653	0.27140	0.48199	0.01836	0.02781	0.02125	0.02256	0.02309	0.01548	0.02151	0.01233	0.01443	0.00944	0.00682	0.00630	0.00210	0.00997	0.00498	0.00315	0.01049
6	0.02412	0.01755	0.01974	0.05834	0.02249	0.01911	0.01309	0.48208	0.02933	0.06321	0.02140	0.12997	0.01830	0.01096	0.00768	0.00233	0.00752	0.00888	0.00706	0.03683
7	0.01558	0.01573	0.08316	0.56743	0.09341	0.01630	0.02079	0.02069	0.01545	0.06088	0.01424	0.01965	0.01050	0.00744	0.00739	0.00243	0.00970	0.00655	0.00367	0.00901
8	0.31822	0.06833	0.01609	0.11229	0.02059	0.01563	0.01078	0.06536	0.03377	0.11621	0.09788	0.02340	0.03685	0.02731	0.00710	0.00240	0.00645	0.00674	0.00566	0.00892
9	0.17062	0.26608	0.05255	0.01447	0.02002	0.11682	0.01290	0.15395	0.01972	0.06964	0.01329	0.01445	0.01043	0.00755	0.00637	0.00202	0.02940	0.00499	0.00477	0.00995

[dist]
# distance from previous block
# <min> <max>
1	14

[block]
# block no. 5 follows, 27 sequences, length 18
# corresponding to MSA columns:
# 559-569,575-581
name=unknown_F
#
# <colnr> <probs for GDERKNQSTAVLIFYWHMCP>
#	G	D	E	R	K	N	Q	S	T	A	V	L	I	F	Y	W	H	M	C	P
0	0.01563	0.01553	0.02298	0.59190	0.11541	0.07500	0.02031	0.02026	0.01558	0.01945	0.01313	0.01911	0.01006	0.00736	0.00735	0.00240	0.01008	0.00645	0.00338	0.00864
1	0.02407	0.01780	0.01929	0.01540	0.02023	0.01944	0.01233	0.50350	0.05663	0.04001	0.02104	0.09376	0.01792	0.07188	0.01015	0.00271	0.00753	0.00851	0.00705	0.03075
2	0.05114	0.01418	0.02282	0.47910	0.16579	0.01696	0.01962	0.01948	0.01488	0.02056	0.01471	0.02036	0.02995	0.00807	0.00880	0.00248	0.07200	0.00674	0.00353	0.00883
3	0.22393	0.34356	0.07974	0.01349	0.01890	0.09518	0.01273	0.02231	0.01499	0.02255	0.02868	0.01426	0.01099	0.00869	0.02688	0.00227	0.04346	0.00468	0.00377	0.00893
4	0.01597	0.18614	0.02039	0.01342	0.01637	0.07485	0.01111	0.06816	0.01516	0.01959	0.01628	0.02292	0.01503	0.06378	0.35687	0.00714	0.05817	0.00668	0.00402	0.00795
5	0.07787	0.01417	0.01878	0.17874	0.02596	0.01555	0.05158	0.15893	0.04780	0.02689	0.03286	0.05976	0.01602	0.06087	0.01172	0.06204	0.03947	0.00761	0.00500	0.08837
6	0.01506	0.01372	0.02286	0.54205	0.04387	0.01654	0.06551	0.05323	0.01553	0.02027	0.01337	0.01974	0.01037	0.00914	0.01008	0.06361	0.04656	0.00674	0.00354	0.00821
7	0.05445	0.23380	0.04430	0.01634	0.02088	0.30262	0.01379	0.08746	0.01887	0.02145	0.01215	0.01459	0.01035	0.01071	0.05049	0.00259	0.06700	0.00505	0.00397	0.00915
8	0.04829	0.01195	0.04887	0.01137	0.01485	0.01062	0.00932	0.05271	0.10935	0.05873	0.28541	0.10169	0.11584	0.01338	0.00798	0.00233	0.00496	0.01144	0.00709	0.07382
9	0.01978	0.62278	0.11053	0.01402	0.02073	0.06961	0.01442	0.02282	0.01551	0.01817	0.01072	0.01241	0.00952	0.00651	0.00513	0.00169	0.00861	0.00419	0.00321	0.00963
10	0.01880	0.01713	0.02717	0.10570	0.50526	0.01769	0.02054	0.10923	0.01914	0.02658	0.01748	0.02110	0.04567	0.00762	0.00744	0.00225	0.00858	0.00708	0.00431	0.01126
11	0.03746	0.05770	0.01914	0.08492	0.04566	0.01636	0.01316	0.08431	0.01516	0.02193	0.01500	0.02094	0.01329	0.02565	0.25903	0.00578	0.18005	0.00664	0.00409	0.07373
12	0.01984	0.01499	0.01735	0.01429	0.01856	0.01619	0.01152	0.32351	0.05792	0.03323	0.04989	0.02341	0.01752	0.02373	0.23038	0.00520	0.01125	0.00723	0.00603	0.09795
13	0.12882	0.04199	0.02254	0.39083	0.03691	0.01705	0.08650	0.01925	0.01443	0.02143	0.01469	0.07389	0.01281	0.00896	0.00886	0.00253	0.07896	0.00747	0.00381	0.00827
14	0.14653	0.49137	0.10326	0.01365	0.01970	0.02547	0.01377	0.02196	0.01445	0.02076	0.01060	0.01267	0.00929	0.00703	0.00651	0.00192	0.06400	0.00434	0.00341	0.00932
15	0.01700	0.01624	0.02765	0.25843	0.49065	0.01728	0.02210	0.02158	0.01625	0.02259	0.01372	0.01882	0.01117	0.00687	0.00737	0.00229	0.00916	0.00661	0.00356	0.01065
16	0.01562	0.01236	0.01630	0.01610	0.07323	0.01359	0.01164	0.14276	0.05150	0.02490	0.01939	0.05152	0.01727	0.03322	0.36825	0.00720	0.04310	0.00779	0.00492	0.06934
17	0.09060	0.43503	0.06590	0.01178	0.01696	0.02138	0.01132	0.01960	0.01563	0.02105	0.10855	0.02489	0.07579	0.04540	0.00741	0.00216	0.00691	0.00667	0.00437	0.00860

[dist]
# distance from previous block
# <min> <max>
48	109

[block]
# block no. 6 follows, 27 sequences, length 14
# corresponding to MSA columns:
# 735-748
name=unknown_G
#
# <colnr> <probs for GDERKNQSTAVLIFYWHMCP>
#	G	D	E	R	K	N	Q	S	T	A	V	L	I	F	Y	W	H	M	C	P
0	0.01787	0.01834	0.04415	0.03223	0.02010	0.17118	0.06330	0.05309	0.01796	0.05270	0.08405	0.13424	0.06155	0.01362	0.03666	0.00272	0.08486	0.00959	0.00525	0.07653
1	0.01612	0.01573	0.05102	0.08084	0.45629	0.01507	0.01963	0.02034	0.01670	0.02340	0.04203	0.07726	0.02056	0.01014	0.00796	0.00247	0.00820	0.10155	0.00446	0.01023
2	0.01558	0.14447	0.52692	0.01929	0.02847	0.01909	0.02363	0.02257	0.01550	0.02244	0.03826	0.01664	0.01175	0.00765	0.00793	0.00229	0.05816	0.00562	0.00334	0.01041
3	0.01473	0.01162	0.01471	0.08600	0.05770	0.01233	0.01122	0.13412	0.08784	0.02619	0.05477	0.29515	0.09210	0.01590	0.00854	0.00268	0.00608	0.05331	0.00654	0.00847
4	0.06355	0.44472	0.10844	0.01344	0.01939	0.07725	0.01327	0.02205	0.01559	0.04509	0.01650	0.01901	0.05542	0.04994	0.00745	0.00216	0.00822	0.00551	0.00385	0.00915
5	0.22231	0.16102	0.02505	0.12920	0.13355	0.04393	0.05216	0.10659	0.01764	0.02718	0.01265	0.01551	0.01006	0.00708	0.00619	0.00216	0.00829	0.00548	0.00426	0.00970
6	0.01564	0.04720	0.23080	0.02437	0.04872	0.01727	0.30040	0.02148	0.01584	0.02230	0.01633	0.07433	0.01400	0.01159	0.05619	0.00314	0.05863	0.00833	0.00378	0.00967
7	0.01804	0.04823	0.11072	0.09281	0.41151	0.09451	0.02073	0.02250	0.01697	0.02251	0.01744	0.02085	0.05564	0.00765	0.00724	0.00221	0.00932	0.00677	0.00379	0.01057
8	0.05097	0.08779	0.15388	0.01464	0.01955	0.04999	0.03403	0.07091	0.01661	0.02347	0.04220	0.10724	0.04108	0.04057	0.09096	0.00352	0.03693	0.00835	0.02819	0.07911
9	0.02229	0.10663	0.08930	0.01409	0.01990	0.01615	0.01273	0.13451	0.09575	0.20008	0.06631	0.02424	0.04132	0.01029	0.02667	0.00238	0.00727	0.00715	0.00653	0.09640
10	0.01718	0.01508	0.02447	0.05530	0.35432	0.03038	0.08007	0.02150	0.05432	0.05677	0.01997	0.13545	0.01869	0.01116	0.00954	0.06394	0.00811	0.00926	0.00466	0.00984
11	0.01661	0.07326	0.27852	0.02692	0.23195	0.04352	0.04617	0.02316	0.05046	0.02386	0.06017	0.02348	0.01680	0.00833	0.00737	0.00231	0.00927	0.04317	0.00412	0.01053
12	0.04261	0.06135	0.37264	0.06307	0.16242	0.01807	0.12971	0.02306	0.01604	0.02352	0.01348	0.01684	0.01016	0.00682	0.00722	0.00232	0.01043	0.00618	0.00340	0.01066
13	0.01597	0.01505	0.02545	0.36534	0.35250	0.01662	0.02119	0.02058	0.01593	0.02163	0.01491	0.02243	0.01248	0.00772	0.00753	0.00240	0.00923	0.03954	0.00366	0.00983

[dist]
# distance from previous block
# <min> <max>
17	61

[block]
# block no. 7 follows, 27 sequences, length 12
# corresponding to MSA columns:
# 820-831
name=unknown_H
#
# <colnr> <probs for GDERKNQSTAVLIFYWHMCP>
#	G	D	E	R	K	N	Q	S	T	A	V	L	I	F	Y	W	H	M	C	P
0	0.01789	0.01451	0.01917	0.15350	0.02567	0.01480	0.05479	0.20198	0.02108	0.02934	0.04808	0.10175	0.01856	0.00948	0.00722	0.00208	0.00727	0.00818	0.03776	0.20689
1	0.01983	0.01777	0.02771	0.11502	0.48971	0.01857	0.02084	0.14934	0.02022	0.02810	0.01464	0.01842	0.01172	0.00716	0.00737	0.00224	0.00881	0.00663	0.00437	0.01154
2	0.00951	0.00666	0.00848	0.00974	0.01006	0.00634	0.00625	0.01046	0.01330	0.01774	0.03625	0.55162	0.04321	0.21393	0.01702	0.00413	0.00508	0.01836	0.00625	0.00562
3	0.01470	0.01042	0.01177	0.01055	0.01220	0.01099	0.00730	0.16208	0.01708	0.02294	0.05170	0.04078	0.04738	0.45233	0.09137	0.00613	0.00833	0.00986	0.00536	0.00673
4	0.17956	0.10982	0.02180	0.01546	0.02080	0.14878	0.01277	0.34323	0.02550	0.03527	0.01425	0.01514	0.01077	0.00797	0.00640	0.00211	0.00862	0.00547	0.00568	0.01059
5	0.02094	0.01442	0.01649	0.01401	0.01794	0.01518	0.01120	0.31258	0.05360	0.08579	0.02698	0.11912	0.05222	0.03908	0.01048	0.05333	0.00685	0.08560	0.00693	0.03725
6	0.07210	0.39995	0.14755	0.01394	0.02026	0.02267	0.01428	0.04474	0.07062	0.02316	0.09085	0.01908	0.01755	0.00792	0.00593	0.00196	0.00765	0.00578	0.00434	0.00967
7	0.19626	0.01735	0.06705	0.18537	0.25223	0.01728	0.08401	0.02260	0.04531	0.02537	0.01375	0.01765	0.01077	0.00701	0.00686	0.00234	0.00873	0.00624	0.00395	0.00988
8	0.22162	0.17145	0.05406	0.01396	0.01971	0.01999	0.03596	0.17677	0.05158	0.03052	0.01415	0.01576	0.01114	0.00941	0.03716	0.00245	0.00789	0.00532	0.00497	0.09612
9	0.05320	0.13139	0.02212	0.01665	0.06810	0.09898	0.01273	0.24435	0.05155	0.07441	0.05345	0.02384	0.07851	0.00932	0.00696	0.00211	0.00776	0.00715	0.00599	0.03141
10	0.08658	0.19733	0.11370	0.01422	0.01932	0.12412	0.01318	0.02370	0.04929	0.08977	0.09141	0.02386	0.04966	0.03736	0.00840	0.00232	0.03481	0.00680	0.00498	0.00920
11	0.06414	0.08598	0.07820	0.01889	0.02362	0.14279	0.16751	0.05048	0.01649	0.02165	0.01485	0.02028	0.01275	0.05156	0.16038	0.00456	0.04643	0.00679	0.00394	0.00872

[dist]
# distance from previous block
# <min> <max>
12	42

[block]
# block no. 8 follows, 27 sequences, length 22
# corresponding to MSA columns:
# 875-896
name=unknown_I
#
# <colnr> <probs for GDERKNQSTAVLIFYWHMCP>
#	G	D	E	R	K	N	Q	S	T	A	V	L	I	F	Y	W	H	M	C	P
0	0.08072	0.04641	0.09266	0.01969	0.06028	0.24199	0.05618	0.19761	0.05879	0.05372	0.01527	0.01656	0.01151	0.00788	0.00696	0.00216	0.01007	0.00592	0.00513	0.01048
1	0.16909	0.20116	0.12668	0.01924	0.07733	0.09822	0.10046	0.02467	0.01639	0.08348	0.01349	0.01543	0.01042	0.00697	0.00626	0.00211	0.00911	0.00545	0.00417	0.00987
2	0.18996	0.07542	0.05374	0.01255	0.01731	0.01507	0.01077	0.10105	0.05698	0.20324	0.09082	0.04953	0.02157	0.05999	0.00890	0.00261	0.00647	0.00761	0.00654	0.00985
3	0.06024	0.17536	0.22342	0.01805	0.08658	0.01788	0.01670	0.05320	0.04587	0.08638	0.10441	0.04366	0.02029	0.00882	0.00684	0.00219	0.00788	0.00707	0.00499	0.01017
4	0.09760	0.01136	0.01468	0.01616	0.12363	0.01095	0.01044	0.02155	0.04824	0.18708	0.09214	0.12143	0.15492	0.04562	0.00913	0.00264	0.00570	0.01092	0.00672	0.00909
5	0.02338	0.24749	0.04524	0.01321	0.01863	0.01784	0.01185	0.07136	0.06868	0.25918	0.06085	0.02724	0.05569	0.00964	0.00686	0.00215	0.00681	0.03676	0.00654	0.01060
6	0.02567	0.09230	0.02455	0.01968	0.04660	0.39515	0.05640	0.13122	0.02179	0.05398	0.01341	0.01529	0.01065	0.00801	0.00792	0.00208	0.05549	0.00556	0.00455	0.00969
7	0.08906	0.63926	0.03550	0.01268	0.01885	0.02790	0.01236	0.05734	0.01594	0.02047	0.01073	0.01224	0.00956	0.00654	0.00489	0.00169	0.00776	0.00412	0.00353	0.00956
8	0.01053	0.00733	0.00897	0.00957	0.01101	0.00665	0.00682	0.01230	0.01586	0.05167	0.11162	0.35622	0.23096	0.07689	0.01139	0.00312	0.00453	0.05121	0.00693	0.00642
9	0.02498	0.28592	0.02752	0.01663	0.02157	0.39692	0.01374	0.09250	0.02034	0.02085	0.01172	0.01332	0.00986	0.00732	0.00608	0.00183	0.01091	0.00469	0.00396	0.00935
10	0.03306	0.01303	0.01747	0.01339	0.01915	0.01149	0.01106	0.06652	0.02190	0.66667	0.02874	0.02491	0.01810	0.00917	0.00746	0.00229	0.00641	0.00743	0.00910	0.01263
11	0.03331	0.01263	0.01723	0.01321	0.01895	0.01091	0.01091	0.03618	0.02125	0.69794	0.02929	0.02527	0.01838	0.00919	0.00747	0.00230	0.00632	0.00747	0.00919	0.01263
12	0.01837	0.01764	0.03013	0.04557	0.69279	0.01764	0.02278	0.02278	0.01690	0.02425	0.01396	0.01837	0.01176	0.00661	0.00735	0.00220	0.00882	0.00661	0.00367	0.01176
13	0.01260	0.00860	0.01071	0.00976	0.01198	0.00807	0.00739	0.05231	0.02100	0.06551	0.52436	0.05305	0.12704	0.04305	0.00974	0.00253	0.00409	0.01285	0.00791	0.00746
14	0.03331	0.01263	0.01723	0.01321	0.01895	0.01091	0.01091	0.03618	0.02125	0.69794	0.02929	0.02527	0.01838	0.00919	0.00747	0.00230	0.00632	0.00747	0.00919	0.01263
15	0.03331	0.01263	0.01723	0.01321	0.01895	0.01091	0.01091	0.03618	0.02125	0.69794	0.02929	0.02527	0.01838	0.00919	0.00747	0.00230	0.00632	0.00747	0.00919	0.01263
16	0.01183	0.00845	0.01181	0.01352	0.01518	0.00843	0.01174	0.01516	0.01696	0.02207	0.03938	0.11254	0.04301	0.02063	0.01022	0.00340	0.00672	0.61530	0.00684	0.00680
17	0.01766	0.01691	0.02885	0.15593	0.58799	0.01745	0.02243	0.02216	0.01657	0.02339	0.01384	0.01861	0.01145	0.00675	0.00736	0.00225	0.00900	0.00661	0.00361	0.01119
18	0.03331	0.01263	0.01723	0.01321	0.01895	0.01091	0.01091	0.03618	0.02125	0.69794	0.02929	0.02527	0.01838	0.00919	0.00747	0.00230	0.00632	0.00747	0.00919	0.01263
19	0.03331	0.01263	0.01723	0.01321	0.01895	0.01091	0.01091	0.03618	0.02125	0.69794	0.02929	0.02527	0.01838	0.00919	0.00747	0.00230	0.00632	0.00747	0.00919	0.01263
20	0.06493	0.03685	0.65620	0.02042	0.03099	0.01720	0.02618	0.02340	0.01548	0.02414	0.01313	0.01544	0.00932	0.00704	0.00689	0.00235	0.01063	0.00539	0.00323	0.01078
21	0.01009	0.00732	0.00937	0.01066	0.01156	0.00698	0.00744	0.04139	0.01552	0.02051	0.04195	0.62070	0.08831	0.02214	0.00938	0.00297	0.00460	0.05579	0.00691	0.00640

[dist]
# distance from previous block
# <min> <max>
0	6

[block]
# block no. 9 follows, 27 sequences, length 7
# corresponding to MSA columns:
# 935-941
name=unknown_J
#
# <colnr> <probs for GDERKNQSTAVLIFYWHMCP>
#	G	D	E	R	K	N	Q	S	T	A	V	L	I	F	Y	W	H	M	C	P
0	0.01051	0.00759	0.00992	0.00934	0.01109	0.00700	0.00700	0.01401	0.02101	0.02977	0.68888	0.05545	0.07005	0.01518	0.00876	0.00233	0.00350	0.01343	0.00817	0.00700
1	0.02648	0.03300	0.02226	0.02267	0.11282	0.61651	0.01548	0.02872	0.02048	0.01899	0.01181	0.01406	0.00986	0.00751	0.00678	0.00195	0.01277	0.00503	0.00380	0.00903
2	0.01583	0.01504	0.02553	0.44058	0.31768	0.01697	0.02152	0.02055	0.01570	0.02116	0.01351	0.01920	0.01067	0.00709	0.00739	0.00236	0.00945	0.00660	0.00345	0.00971
3	0.02773	0.03538	0.02104	0.01913	0.02295	0.70930	0.01434	0.02964	0.02104	0.01817	0.01148	0.01339	0.00956	0.00765	0.00669	0.00191	0.01339	0.00478	0.00383	0.00861
4	0.00896	0.00679	0.00827	0.00945	0.01053	0.00610	0.00650	0.01044	0.01507	0.01930	0.05171	0.52563	0.25076	0.02186	0.00925	0.00285	0.00413	0.01939	0.00689	0.00610
5	0.01582	0.00915	0.01120	0.01022	0.01304	0.00836	0.00774	0.01941	0.06167	0.18482	0.20173	0.14158	0.22052	0.04847	0.00979	0.00270	0.00468	0.01320	0.00768	0.00821
6	0.60833	0.01409	0.01224	0.01056	0.01518	0.01573	0.00866	0.06063	0.01548	0.11038	0.05763	0.01677	0.01358	0.00782	0.00536	0.00230	0.00580	0.00519	0.00552	0.00877

[dist]
# distance from previous block
# <min> <max>
1	5

[block]
# block no. 10 follows, 27 sequences, length 19
# corresponding to MSA columns:
# 951-969
name=unknown_K
#
# <colnr> <probs for GDERKNQSTAVLIFYWHMCP>
#	G	D	E	R	K	N	Q	S	T	A	V	L	I	F	Y	W	H	M	C	P
0	0.62890	0.01573	0.01333	0.01132	0.01620	0.01801	0.00933	0.15951	0.01738	0.03618	0.01193	0.01329	0.00902	0.00732	0.00520	0.00228	0.00626	0.00459	0.00520	0.00902
1	0.06043	0.01108	0.01226	0.12291	0.01823	0.06673	0.00959	0.01595	0.01443	0.02036	0.02760	0.03429	0.12509	0.11071	0.18955	0.00528	0.01011	0.00866	0.12987	0.00686
2	0.01076	0.00769	0.01058	0.01230	0.01348	0.00751	0.00987	0.01330	0.01590	0.02087	0.03997	0.35168	0.04535	0.02164	0.00993	0.00325	0.00579	0.38674	0.00686	0.00650
3	0.02308	0.01824	0.01938	0.01604	0.02106	0.02062	0.01287	0.33673	0.37458	0.03849	0.02435	0.02303	0.01791	0.00952	0.00749	0.00238	0.00696	0.00758	0.00749	0.01216
4	0.02157	0.01525	0.01688	0.01471	0.01923	0.01688	0.01157	0.03876	0.54165	0.17062	0.03002	0.02719	0.02176	0.00989	0.00754	0.00247	0.00597	0.00820	0.00790	0.01194
5	0.01902	0.62648	0.14878	0.01411	0.02122	0.02736	0.01515	0.02244	0.01518	0.01847	0.01082	0.01253	0.00951	0.00647	0.00514	0.00171	0.00844	0.00422	0.00317	0.00977
6	0.01736	0.02117	0.08489	0.03066	0.03838	0.01868	0.62590	0.02376	0.01741	0.02376	0.01491	0.01975	0.01115	0.00631	0.00865	0.00249	0.01242	0.00856	0.00372	0.01007
7	0.01837	0.01764	0.03013	0.04557	0.69279	0.01764	0.02278	0.02278	0.01690	0.02425	0.01396	0.01837	0.01176	0.00661	0.00735	0.00220	0.00882	0.00661	0.00367	0.01176
8	0.01837	0.01764	0.03013	0.04557	0.69279	0.01764	0.02278	0.02278	0.01690	0.02425	0.01396	0.01837	0.01176	0.00661	0.00735	0.00220	0.00882	0.00661	0.00367	0.01176
9	0.01837	0.01764	0.03013	0.04557	0.69279	0.01764	0.02278	0.02278	0.01690	0.02425	0.01396	0.01837	0.01176	0.00661	0.00735	0.00220	0.00882	0.00661	0.00367	0.01176
10	0.00922	0.00659	0.00882	0.01054	0.01105	0.00618	0.00720	0.01064	0.01439	0.01915	0.04082	0.69457	0.04871	0.02309	0.00952	0.00304	0.00446	0.05903	0.00689	0.00608
11	0.00904	0.00646	0.00861	0.01034	0.01077	0.00603	0.00689	0.01034	0.01421	0.01895	0.04092	0.73426	0.04910	0.02326	0.00948	0.00301	0.00431	0.02110	0.00689	0.00603
12	0.01289	0.00645	0.00967	0.00967	0.00967	0.00645	0.00645	0.00967	0.00967	0.01289	0.01289	0.02257	0.01289	0.02579	0.02901	0.78401	0.00645	0.00645	0.00322	0.00322
13	0.79154	0.01436	0.01091	0.00976	0.01436	0.01665	0.00804	0.02182	0.01263	0.03331	0.01034	0.01206	0.00804	0.00689	0.00459	0.00230	0.00574	0.00402	0.00459	0.00804
14	0.02719	0.02982	0.02207	0.02047	0.07207	0.45799	0.01489	0.21576	0.02479	0.02698	0.01351	0.01505	0.01062	0.00794	0.00696	0.00203	0.01153	0.00547	0.00487	0.01001
15	0.01837	0.01764	0.03013	0.04557	0.69279	0.01764	0.02278	0.02278	0.01690	0.02425	0.01396	0.01837	0.01176	0.00661	0.00735	0.00220	0.00882	0.00661	0.00367	0.01176
16	0.01910	0.01787	0.02956	0.04348	0.64370	0.01803	0.02215	0.07008	0.01822	0.02590	0.01425	0.01833	0.01182	0.00678	0.00736	0.00221	0.00877	0.00662	0.00395	0.01182
17	0.02560	0.02112	0.02033	0.01664	0.02178	0.11802	0.01334	0.37231	0.21528	0.06637	0.02094	0.02032	0.01529	0.00907	0.00736	0.00227	0.00817	0.00693	0.00703	0.01181
18	0.02160	0.01886	0.01805	0.01578	0.02022	0.10575	0.01234	0.11886	0.48177	0.06367	0.02622	0.02451	0.01951	0.00957	0.00742	0.00239	0.00714	0.00767	0.00715	0.01151

[dist]
# distance from previous block
# <min> <max>
3	5

[block]
# block no. 11 follows, 27 sequences, length 25
# corresponding to MSA columns:
# 975,982-986,989-1007
name=unknown_L
#
# <colnr> <probs for GDERKNQSTAVLIFYWHMCP>
#	G	D	E	R	K	N	Q	S	T	A	V	L	I	F	Y	W	H	M	C	P
0	0.02550	0.01823	0.02000	0.01563	0.02121	0.01955	0.01276	0.44514	0.11712	0.09805	0.04656	0.02104	0.01658	0.00903	0.00732	0.00217	0.00728	0.00704	0.00735	0.08245
1	0.42169	0.01581	0.01489	0.01257	0.01746	0.01778	0.01023	0.15621	0.14732	0.09390	0.01736	0.01741	0.01271	0.00812	0.00599	0.00233	0.00631	0.00571	0.00614	0.01008
2	0.01720	0.01740	0.02187	0.06034	0.02158	0.07097	0.01583	0.02136	0.09239	0.01953	0.01253	0.01762	0.01129	0.01193	0.02008	0.00302	0.54604	0.00661	0.00381	0.00860
3	0.01468	0.01419	0.02280	0.45226	0.03946	0.01818	0.04390	0.01853	0.01384	0.01881	0.01311	0.04233	0.01120	0.00964	0.01282	0.00273	0.23278	0.00713	0.00342	0.00820
4	0.01289	0.00645	0.00967	0.00967	0.00967	0.00645	0.00645	0.00967	0.00967	0.01289	0.01289	0.02257	0.01289	0.02579	0.02901	0.78401	0.00645	0.00645	0.00322	0.00322
5	0.02021	0.71066	0.03807	0.01300	0.01923	0.06097	0.01278	0.02257	0.01536	0.01750	0.01037	0.01198	0.00953	0.00641	0.00485	0.00160	0.00819	0.00401	0.00321	0.00948
6	0.01850	0.01439	0.01588	0.01413	0.01795	0.01596	0.01106	0.11607	0.40553	0.06309	0.11566	0.08249	0.02995	0.01187	0.00793	0.00251	0.00581	0.03288	0.00762	0.01070
7	0.02933	0.01935	0.01952	0.01551	0.02098	0.13001	0.01253	0.25374	0.05173	0.30735	0.02178	0.02044	0.01481	0.00873	0.00725	0.00217	0.00807	0.00667	0.00744	0.04259
8	0.01038	0.00804	0.01227	0.01280	0.01410	0.00763	0.06301	0.01254	0.01511	0.02005	0.03841	0.53529	0.04457	0.02125	0.00958	0.00306	0.00553	0.15322	0.00662	0.00654
9	0.01022	0.00729	0.00793	0.00793	0.00864	0.00693	0.00482	0.01076	0.01253	0.01600	0.03810	0.05507	0.21510	0.53467	0.02955	0.00587	0.00622	0.01218	0.00518	0.00500
10	0.29820	0.01736	0.01683	0.01366	0.01879	0.04504	0.01113	0.30007	0.02348	0.09789	0.01686	0.04983	0.01305	0.00871	0.00642	0.00224	0.00706	0.00632	0.00630	0.04077
11	0.01940	0.67947	0.09905	0.01347	0.02024	0.02827	0.01404	0.02235	0.01514	0.01802	0.01059	0.01225	0.00952	0.00642	0.00497	0.00166	0.00821	0.00411	0.00317	0.00966
12	0.01435	0.01360	0.02291	0.61599	0.04735	0.01603	0.05761	0.01923	0.01505	0.01973	0.01330	0.01941	0.01008	0.00718	0.00733	0.00235	0.00965	0.00653	0.00343	0.07891
13	0.01552	0.12797	0.61659	0.02008	0.03047	0.01878	0.02556	0.02335	0.01560	0.02274	0.01294	0.01520	0.00942	0.00696	0.00676	0.00225	0.01059	0.00529	0.00314	0.01079
14	0.01402	0.01319	0.02227	0.72126	0.05113	0.01649	0.02062	0.01897	0.01484	0.01897	0.01319	0.01979	0.00990	0.00742	0.00742	0.00247	0.00990	0.00660	0.00330	0.00825
15	0.01752	0.02003	0.04380	0.03129	0.03880	0.01877	0.66583	0.02378	0.01752	0.02378	0.01502	0.02003	0.01126	0.00626	0.00876	0.00250	0.01252	0.00876	0.00375	0.01001
16	0.01489	0.03840	0.70064	0.02116	0.03213	0.01724	0.02743	0.02351	0.01567	0.02351	0.01332	0.01567	0.00940	0.00705	0.00705	0.00235	0.01097	0.00549	0.00313	0.01097
17	0.01837	0.01764	0.03013	0.04557	0.69279	0.01764	0.02278	0.02278	0.01690	0.02425	0.01396	0.01837	0.01176	0.00661	0.00735	0.00220	0.00882	0.00661	0.00367	0.01176
18	0.01080	0.00720	0.00810	0.00810	0.00810	0.00720	0.00450	0.01080	0.01080	0.01439	0.02339	0.04858	0.02699	0.73910	0.03779	0.00720	0.00720	0.01080	0.00450	0.00450
19	0.02704	0.03266	0.02187	0.02103	0.07580	0.59235	0.01499	0.08713	0.02197	0.02125	0.01225	0.01418	0.01001	0.00768	0.00681	0.00196	0.01255	0.00510	0.00414	0.00922
20	0.01837	0.01764	0.03013	0.04557	0.69279	0.01764	0.02278	0.02278	0.01690	0.02425	0.01396	0.01837	0.01176	0.00661	0.00735	0.00220	0.00882	0.00661	0.00367	0.01176
21	0.00904	0.00646	0.00861	0.01034	0.01077	0.00603	0.00689	0.01034	0.01421	0.01895	0.04092	0.73426	0.04910	0.02326	0.00948	0.00301	0.00431	0.02110	0.00689	0.00603
22	0.01196	0.00854	0.01196	0.01367	0.01538	0.00854	0.01196	0.01538	0.01709	0.02222	0.03931	0.08374	0.04272	0.02051	0.01025	0.00342	0.00684	0.64283	0.00684	0.00684
23	0.17581	0.01888	0.01945	0.01527	0.02074	0.02098	0.01257	0.50940	0.02987	0.04331	0.05016	0.01860	0.01462	0.00883	0.00694	0.00225	0.00746	0.00651	0.00691	0.01145
24	0.00937	0.00677	0.00889	0.01016	0.01095	0.00629	0.00703	0.01112	0.01553	0.02084	0.14505	0.56987	0.08445	0.02166	0.00935	0.00290	0.00424	0.04224	0.00709	0.00623

[dist]
# distance from previous block
# <min> <max>
3	27

[block]
# block no. 12 follows, 27 sequences, length 9
# corresponding to MSA columns:
# 1036-1044
name=unknown_M
#
# <colnr> <probs for GDERKNQSTAVLIFYWHMCP>
#	G	D	E	R	K	N	Q	S	T	A	V	L	I	F	Y	W	H	M	C	P
0	0.01556	0.02202	0.29015	0.02098	0.13898	0.01370	0.01814	0.05645	0.01483	0.02113	0.01354	0.01880	0.01129	0.01395	0.01517	0.28855	0.00877	0.00611	0.00352	0.00837
1	0.01649	0.01497	0.02212	0.04467	0.02318	0.01436	0.13658	0.07925	0.01688	0.02465	0.01512	0.04722	0.01303	0.01060	0.05038	0.00249	0.09083	0.00667	0.00446	0.36605
2	0.01540	0.06394	0.01728	0.01835	0.15520	0.14511	0.01158	0.01805	0.01808	0.02174	0.13204	0.06371	0.26509	0.01292	0.00783	0.00226	0.00692	0.01077	0.00557	0.00817
3	0.01623	0.01043	0.01249	0.01092	0.01406	0.01012	0.00851	0.08204	0.08480	0.13416	0.35097	0.04727	0.16038	0.01379	0.00831	0.00237	0.00466	0.01176	0.00798	0.00875
4	0.34851	0.10477	0.08222	0.01466	0.01909	0.15208	0.01302	0.02283	0.01459	0.02497	0.01073	0.01336	0.00893	0.00806	0.00870	0.00231	0.13390	0.00473	0.00391	0.00861
5	0.02128	0.14801	0.01905	0.01340	0.01702	0.29250	0.01068	0.06096	0.01879	0.02320	0.01632	0.01863	0.01321	0.00786	0.00585	0.00181	0.00849	0.00553	0.28903	0.00838
6	0.01938	0.02550	0.29064	0.02611	0.11949	0.01666	0.21975	0.02571	0.01738	0.14171	0.01672	0.01905	0.01186	0.00712	0.00769	0.00237	0.01035	0.00699	0.00446	0.01107
7	0.14964	0.17377	0.21516	0.12116	0.02750	0.02066	0.01752	0.14590	0.01860	0.02770	0.01304	0.01531	0.00989	0.00729	0.00629	0.00218	0.00876	0.00532	0.00424	0.01009
8	0.16411	0.01564	0.02221	0.28801	0.03369	0.01741	0.09480	0.14656	0.01934	0.10561	0.01562	0.01863	0.01122	0.00767	0.00707	0.00238	0.00870	0.00650	0.00506	0.00977

[dist]
# distance from previous block
# <min> <max>
8	21

[block]
# block no. 13 follows, 27 sequences, length 15
# corresponding to MSA columns:
# 1066-1073,1075-1081
name=unknown_N
#
# <colnr> <probs for GDERKNQSTAVLIFYWHMCP>
#	G	D	E	R	K	N	Q	S	T	A	V	L	I	F	Y	W	H	M	C	P
0	0.14086	0.01601	0.05273	0.05540	0.02082	0.01495	0.01186	0.18560	0.02116	0.15031	0.04889	0.01986	0.01518	0.00799	0.00653	0.00201	0.00673	0.00617	0.03587	0.18107
1	0.29259	0.01501	0.01758	0.17705	0.02589	0.01625	0.03510	0.12321	0.01777	0.06804	0.01389	0.01634	0.01038	0.00721	0.00615	0.00214	0.00732	0.00546	0.00494	0.13770
2	0.09370	0.01355	0.01510	0.08604	0.01957	0.01481	0.01080	0.26462	0.02243	0.03259	0.02541	0.14909	0.06167	0.01166	0.00720	0.00233	0.00632	0.00956	0.14440	0.00915
3	0.06745	0.01494	0.02550	0.50868	0.04490	0.01727	0.13898	0.05428	0.01625	0.02229	0.01359	0.01921	0.01017	0.00725	0.00748	0.00245	0.01001	0.00683	0.00369	0.00879
4	0.01508	0.03189	0.51451	0.14721	0.10084	0.01715	0.02577	0.02264	0.01565	0.02278	0.01336	0.01667	0.00972	0.00707	0.00715	0.00236	0.01057	0.00579	0.00322	0.01057
5	0.02791	0.01318	0.01806	0.13851	0.02468	0.01291	0.01274	0.03358	0.10850	0.48847	0.02657	0.02463	0.01745	0.00900	0.00747	0.00236	0.00689	0.00744	0.00793	0.01174
6	0.21316	0.15203	0.26249	0.01941	0.11184	0.01901	0.01794	0.02396	0.03791	0.05988	0.01352	0.01536	0.01031	0.00704	0.00611	0.00219	0.00842	0.00520	0.00404	0.01019
7	0.63670	0.01456	0.01287	0.06219	0.01788	0.01665	0.00952	0.06284	0.01476	0.07758	0.01228	0.01386	0.00915	0.00721	0.00517	0.00231	0.00623	0.00460	0.00498	0.00865
8	0.06226	0.01372	0.01720	0.13838	0.02394	0.01456	0.01247	0.07162	0.19431	0.25984	0.06772	0.02732	0.04443	0.00969	0.00746	0.00239	0.00665	0.00800	0.00722	0.01081
9	0.05704	0.01511	0.01786	0.11160	0.02359	0.01565	0.01233	0.12930	0.19778	0.12635	0.02069	0.02096	0.01516	0.00813	0.00686	0.00208	0.00676	0.00656	0.00627	0.19991
10	0.02120	0.11028	0.01917	0.01357	0.01706	0.07177	0.01121	0.02379	0.01829	0.23201	0.17793	0.03051	0.06508	0.01133	0.01055	0.00237	0.13956	0.00846	0.00649	0.00938
11	0.50915	0.01434	0.01632	0.22720	0.02699	0.01673	0.05110	0.02107	0.01360	0.02838	0.01148	0.01488	0.00880	0.00701	0.00570	0.00236	0.00741	0.00509	0.00415	0.00822
12	0.01377	0.01014	0.01166	0.01046	0.01269	0.00971	0.00726	0.10560	0.01591	0.02197	0.02463	0.19541	0.02690	0.32675	0.02062	0.00433	0.00634	0.01133	0.00544	0.15909
13	0.45049	0.01385	0.01589	0.32186	0.03049	0.01658	0.01356	0.02057	0.01360	0.02702	0.01159	0.01545	0.00885	0.00712	0.00583	0.00237	0.00756	0.00515	0.00403	0.00813
14	0.01435	0.02985	0.48457	0.02266	0.12084	0.01532	0.02315	0.02108	0.01559	0.02281	0.01829	0.14296	0.01674	0.00985	0.00752	0.00245	0.00949	0.00840	0.00387	0.01021

[dist]
# distance from previous block
# <min> <max>
0	141

# created by:
# /st0/software/busco_prod/Augustus/scripts/msa2prfl.pl ./align_prep/178005.fa
