[name]
unknown

[dist]
# distance from previous block
# <min> <max>
0	6

[block]
# block no. 0 follows, 47 sequences, length 28
# corresponding to MSA columns:
# 6-33
name=unknown_A
#
# <colnr> <probs for GDERKNQSTAVLIFYWHMCP>
#	G	D	E	R	K	N	Q	S	T	A	V	L	I	F	Y	W	H	M	C	P
0	0.01855	0.01212	0.01387	0.01159	0.03942	0.01296	0.00914	0.37846	0.18561	0.21014	0.01674	0.01682	0.01205	0.00669	0.00530	0.00165	0.00505	0.02984	0.00543	0.00857
1	0.08991	0.00588	0.00709	0.00678	0.00827	0.00563	0.00518	0.01059	0.01352	0.04539	0.54358	0.09139	0.09026	0.01069	0.00592	0.00171	0.00284	0.04501	0.00534	0.00503
2	0.03594	0.00572	0.00729	0.00685	0.00821	0.00537	0.00511	0.01098	0.01348	0.08472	0.54516	0.08509	0.04015	0.08881	0.00801	0.00202	0.00304	0.03361	0.00538	0.00506
3	0.01147	0.01093	0.01857	0.39077	0.43678	0.01200	0.01528	0.01474	0.01119	0.01529	0.00954	0.01335	0.00764	0.00490	0.00518	0.00163	0.00654	0.00463	0.00246	0.00710
4	0.29127	0.01327	0.01257	0.01012	0.01385	0.07492	0.00827	0.38022	0.01756	0.11367	0.01136	0.01154	0.00810	0.00574	0.00453	0.00157	0.00532	0.00404	0.00451	0.00759
5	0.01446	0.00701	0.00902	0.00762	0.01024	0.00619	0.00603	0.01670	0.02886	0.36680	0.26323	0.04706	0.17628	0.00929	0.00573	0.00166	0.00343	0.00788	0.00585	0.00665
6	0.00677	0.00478	0.00615	0.00701	0.00742	0.00452	0.00474	0.00764	0.00993	0.01319	0.05956	0.55436	0.06509	0.14781	0.01018	0.01898	0.00346	0.05979	0.00454	0.00409
7	0.04035	0.11077	0.08728	0.05981	0.33075	0.08393	0.13501	0.03184	0.04112	0.01649	0.00980	0.01221	0.00788	0.00483	0.00499	0.00154	0.00683	0.00447	0.00269	0.00743
8	0.19041	0.01065	0.01242	0.01153	0.08771	0.01108	0.00845	0.18786	0.07908	0.25655	0.06263	0.01657	0.01294	0.00639	0.00491	0.00163	0.00467	0.02182	0.00495	0.00775
9	0.00638	0.00530	0.00559	0.00556	0.00723	0.00451	0.00420	0.00789	0.01227	0.01505	0.15315	0.04879	0.66134	0.01287	0.00618	0.00176	0.00267	0.02983	0.00496	0.00448
10	0.01116	0.01089	0.01799	0.50942	0.26115	0.03528	0.05122	0.01450	0.01107	0.01457	0.00945	0.01346	0.00738	0.00500	0.00522	0.00167	0.00688	0.00467	0.00242	0.00660
11	0.01156	0.08169	0.66195	0.01429	0.02128	0.08874	0.01763	0.01685	0.01133	0.01583	0.00907	0.01066	0.00661	0.00495	0.00481	0.00158	0.00771	0.00373	0.00225	0.00747
12	0.01319	0.01324	0.01992	0.11386	0.62884	0.08832	0.01524	0.01616	0.01198	0.01620	0.00957	0.01266	0.00796	0.00477	0.00512	0.00155	0.00658	0.00451	0.00256	0.00777
13	0.85377	0.01007	0.00765	0.00685	0.01007	0.01168	0.00564	0.01531	0.00886	0.02336	0.00725	0.00846	0.00564	0.00483	0.00322	0.00161	0.00403	0.00282	0.00322	0.00564
14	0.00653	0.00484	0.00583	0.00647	0.00715	0.00443	0.00436	0.00748	0.01032	0.01336	0.06762	0.46285	0.22605	0.13634	0.00950	0.00244	0.00320	0.01248	0.00462	0.00414
15	0.50820	0.00941	0.00912	0.08090	0.03719	0.01071	0.00679	0.02832	0.07604	0.03374	0.04729	0.01474	0.01056	0.10042	0.00658	0.00204	0.00445	0.00426	0.00350	0.00575
16	0.35159	0.01502	0.01136	0.00995	0.01312	0.25739	0.00783	0.07158	0.10587	0.09469	0.01086	0.01127	0.00815	0.00553	0.00427	0.00154	0.00588	0.00373	0.00376	0.00662
17	0.00953	0.00554	0.00650	0.00617	0.00676	0.00534	0.00381	0.00986	0.00874	0.11084	0.01862	0.05123	0.04760	0.66249	0.02251	0.00441	0.00483	0.00757	0.00368	0.00397
18	0.00738	0.00508	0.00666	0.03299	0.00857	0.00484	0.00516	0.00845	0.01034	0.03844	0.07676	0.49983	0.08489	0.11514	0.00929	0.02001	0.00351	0.05373	0.00460	0.00434
19	0.01050	0.00994	0.01682	0.63616	0.19898	0.01175	0.01479	0.01389	0.01073	0.01411	0.00937	0.01367	0.00723	0.00508	0.00520	0.00169	0.00678	0.00463	0.00237	0.00632
20	0.01091	0.07062	0.47092	0.01341	0.01862	0.01215	0.02974	0.01523	0.01071	0.04023	0.01154	0.01712	0.00984	0.00786	0.03459	0.00203	0.12296	0.09190	0.00268	0.00692
21	0.01072	0.00579	0.00753	0.00744	0.00896	0.00517	0.00543	0.01206	0.01179	0.21137	0.07502	0.45410	0.13798	0.01301	0.00619	0.00191	0.00329	0.01149	0.00530	0.00548
22	0.01156	0.01109	0.01908	0.36378	0.43798	0.01205	0.03971	0.01485	0.01125	0.01541	0.00959	0.01335	0.00768	0.00488	0.00521	0.00163	0.00660	0.00468	0.00247	0.00715
23	0.01196	0.15071	0.44850	0.09080	0.02193	0.04872	0.07154	0.05257	0.01173	0.01606	0.00913	0.01109	0.00686	0.00502	0.00505	0.00157	0.02315	0.00396	0.00242	0.00724
24	0.04321	0.09405	0.58066	0.01395	0.02061	0.01296	0.05294	0.01746	0.08507	0.01690	0.01029	0.01163	0.00753	0.00508	0.00483	0.00162	0.00707	0.00402	0.00256	0.00755
25	0.85377	0.01007	0.00765	0.00685	0.01007	0.01168	0.00564	0.01531	0.00886	0.02336	0.00725	0.00846	0.00564	0.00483	0.00322	0.00161	0.00403	0.00282	0.00322	0.00564
26	0.00863	0.00735	0.00849	0.00836	0.00928	0.08284	0.00623	0.01009	0.00884	0.01178	0.01384	0.02193	0.01351	0.18105	0.57579	0.00707	0.01184	0.00574	0.00285	0.00451
27	0.00825	0.00592	0.00738	0.00763	0.00872	0.00568	0.00542	0.03863	0.05597	0.03347	0.08220	0.49855	0.02953	0.08296	0.00798	0.00220	0.00350	0.04640	0.00471	0.06493

[dist]
# distance from previous block
# <min> <max>
0	1

[block]
# block no. 1 follows, 47 sequences, length 34
# corresponding to MSA columns:
# 35-68
name=unknown_B
#
# <colnr> <probs for GDERKNQSTAVLIFYWHMCP>
#	G	D	E	R	K	N	Q	S	T	A	V	L	I	F	Y	W	H	M	C	P
0	0.06452	0.01199	0.01622	0.35994	0.24087	0.10454	0.01311	0.01635	0.01172	0.09686	0.01034	0.01315	0.00783	0.00517	0.00501	0.00161	0.00658	0.00443	0.00292	0.00683
1	0.01202	0.00569	0.00633	0.00577	0.00761	0.00536	0.00447	0.01424	0.01182	0.17114	0.02164	0.02247	0.09808	0.00693	0.00423	0.00135	0.00285	0.00561	0.58679	0.00560
2	0.00636	0.00459	0.00599	0.00710	0.00748	0.00426	0.00474	0.00727	0.01002	0.01326	0.02981	0.74982	0.07786	0.03571	0.00710	0.00217	0.00305	0.01440	0.00479	0.00421
3	0.06973	0.00711	0.00851	0.00795	0.02234	0.00658	0.00575	0.03462	0.03748	0.08350	0.10325	0.29910	0.02324	0.07697	0.00716	0.00190	0.00367	0.00862	0.00443	0.18810
4	0.01392	0.82012	0.02729	0.00891	0.01337	0.02061	0.00891	0.01559	0.01058	0.01225	0.00724	0.00835	0.00668	0.00446	0.00334	0.00111	0.00557	0.00278	0.00223	0.00668
5	0.85377	0.01007	0.00765	0.00685	0.01007	0.01168	0.00564	0.01531	0.00886	0.02336	0.00725	0.00846	0.00564	0.00483	0.00322	0.00161	0.00403	0.00282	0.00322	0.00564
6	0.01945	0.02482	0.01476	0.01342	0.01610	0.79608	0.01006	0.02079	0.01476	0.01275	0.00805	0.00939	0.00671	0.00537	0.00470	0.00134	0.00939	0.00335	0.00268	0.00604
7	0.00634	0.00456	0.00602	0.00719	0.00754	0.00424	0.00481	0.00726	0.01003	0.01332	0.02945	0.78977	0.05778	0.01622	0.00663	0.00210	0.00301	0.01469	0.00483	0.00424
8	0.00820	0.00508	0.00671	0.00742	0.00823	0.00466	0.00519	0.00929	0.01067	0.09538	0.02926	0.65915	0.07745	0.01502	0.00649	0.00205	0.00320	0.03679	0.00500	0.00475
9	0.01295	0.01489	0.02741	0.02013	0.02455	0.09630	0.60247	0.01666	0.01208	0.01581	0.00986	0.01326	0.00766	0.00501	0.00720	0.00177	0.09694	0.00568	0.00260	0.00677
10	0.01443	0.01192	0.01261	0.01090	0.01411	0.01364	0.00860	0.18746	0.61289	0.02417	0.01932	0.01793	0.01438	0.00689	0.00528	0.00172	0.00447	0.00563	0.00528	0.00838
11	0.01289	0.01237	0.02114	0.03196	0.78450	0.01237	0.01598	0.01598	0.01186	0.01701	0.00980	0.01289	0.00825	0.00464	0.00516	0.00155	0.00619	0.00464	0.00258	0.00825
12	0.00657	0.00524	0.00575	0.00602	0.00736	0.00462	0.00446	0.00782	0.01121	0.01373	0.04336	0.13752	0.53228	0.09871	0.00848	0.00222	0.00318	0.09252	0.00465	0.00429
13	0.01106	0.01093	0.01588	0.18455	0.01847	0.01500	0.01206	0.01270	0.00850	0.01270	0.00736	0.01193	0.00686	0.00827	0.01452	0.00216	0.63447	0.00457	0.00229	0.00572
14	0.01705	0.02299	0.09926	0.01271	0.01585	0.62585	0.01043	0.01891	0.01404	0.01330	0.01292	0.01388	0.08875	0.00615	0.00488	0.00142	0.00849	0.00422	0.00286	0.00605
15	0.00725	0.09158	0.00798	0.03098	0.00847	0.00641	0.00472	0.00853	0.01121	0.01341	0.04256	0.04278	0.59159	0.10067	0.00807	0.00205	0.00335	0.00954	0.00429	0.00455
16	0.76113	0.09942	0.00982	0.00708	0.01043	0.01267	0.00600	0.01534	0.00905	0.02214	0.00725	0.00845	0.00575	0.00479	0.00324	0.00156	0.00420	0.00282	0.00311	0.00575
17	0.06948	0.00856	0.01129	0.00884	0.01253	0.00760	0.00725	0.02315	0.01454	0.66291	0.10031	0.01943	0.01631	0.00680	0.00522	0.00161	0.00420	0.00554	0.00618	0.00826
18	0.01277	0.01131	0.01377	0.05694	0.16194	0.01277	0.01005	0.02468	0.58865	0.02042	0.01838	0.01789	0.01396	0.00650	0.00527	0.00172	0.00467	0.00558	0.00462	0.00811
19	0.00650	0.00465	0.00618	0.00714	0.00759	0.00433	0.00485	0.00765	0.01070	0.01446	0.14409	0.69488	0.03669	0.01545	0.00657	0.00204	0.00293	0.01398	0.00497	0.00433
20	0.00732	0.00532	0.00690	0.00650	0.00775	0.00489	0.00488	0.00974	0.01463	0.02063	0.75422	0.03932	0.07683	0.01074	0.00614	0.00164	0.00246	0.00948	0.00570	0.00489
21	0.85377	0.01007	0.00765	0.00685	0.01007	0.01168	0.00564	0.01531	0.00886	0.02336	0.00725	0.00846	0.00564	0.00483	0.00322	0.00161	0.00403	0.00282	0.00322	0.00564
22	0.00766	0.00771	0.09327	0.00742	0.00938	0.00569	0.00646	0.01047	0.01422	0.02014	0.66876	0.03625	0.07240	0.01011	0.00601	0.00164	0.00304	0.00886	0.00531	0.00520
23	0.01392	0.82012	0.02729	0.00891	0.01337	0.02061	0.00891	0.01559	0.01058	0.01225	0.00724	0.00835	0.00668	0.00446	0.00334	0.00111	0.00557	0.00278	0.00223	0.00668
24	0.01303	0.01236	0.02030	0.02829	0.63101	0.01257	0.05246	0.03480	0.10899	0.01797	0.01134	0.01377	0.00922	0.00497	0.00522	0.00159	0.00604	0.00487	0.00299	0.00820
25	0.00972	0.00648	0.00926	0.00798	0.00911	0.00625	0.08794	0.01060	0.00925	0.09367	0.04272	0.03019	0.03751	0.56395	0.05041	0.00425	0.00559	0.00724	0.00356	0.00433
26	0.85377	0.01007	0.00765	0.00685	0.01007	0.01168	0.00564	0.01531	0.00886	0.02336	0.00725	0.00846	0.00564	0.00483	0.00322	0.00161	0.00403	0.00282	0.00322	0.00564
27	0.01945	0.02482	0.01476	0.01342	0.01610	0.79608	0.01006	0.02079	0.01476	0.01275	0.00805	0.00939	0.00671	0.00537	0.00470	0.00134	0.00939	0.00335	0.00268	0.00604
28	0.01232	0.01175	0.01998	0.11275	0.67596	0.01198	0.01540	0.01537	0.01163	0.01648	0.01045	0.04323	0.00910	0.00514	0.00522	0.00159	0.00615	0.00502	0.00264	0.00784
29	0.00744	0.00558	0.00837	0.00837	0.00930	0.00651	0.00651	0.00930	0.00837	0.01209	0.01395	0.02046	0.01302	0.03906	0.79635	0.00837	0.01395	0.00558	0.00279	0.00465
30	0.00744	0.00558	0.00837	0.00837	0.00930	0.00651	0.00651	0.00930	0.00837	0.01209	0.01395	0.02046	0.01302	0.03906	0.79635	0.00837	0.01395	0.00558	0.00279	0.00465
31	0.01072	0.02501	0.67653	0.01590	0.02324	0.01225	0.13077	0.01652	0.01119	0.01652	0.00952	0.01145	0.00679	0.00486	0.00513	0.00167	0.00786	0.00419	0.00226	0.00760
32	0.01319	0.01336	0.02002	0.12731	0.58649	0.09652	0.03577	0.01618	0.01200	0.01608	0.00956	0.01267	0.00791	0.00478	0.00514	0.00155	0.00670	0.00454	0.00256	0.00767
33	0.00755	0.00582	0.00819	0.01034	0.09382	0.00566	0.00657	0.00942	0.03952	0.01442	0.04142	0.59964	0.03067	0.01436	0.00648	0.00206	0.00359	0.09095	0.00462	0.00490

[dist]
# distance from previous block
# <min> <max>
0	2

[block]
# block no. 2 follows, 47 sequences, length 15
# corresponding to MSA columns:
# 71-85
name=unknown_C
#
# <colnr> <probs for GDERKNQSTAVLIFYWHMCP>
#	G	D	E	R	K	N	Q	S	T	A	V	L	I	F	Y	W	H	M	C	P
0	0.01463	0.51458	0.09057	0.01102	0.01517	0.18656	0.03186	0.01667	0.01143	0.01287	0.00767	0.00913	0.00672	0.00493	0.00457	0.00129	0.04821	0.00319	0.00234	0.00659
1	0.01160	0.01104	0.05708	0.01007	0.01283	0.03182	0.00826	0.02235	0.51976	0.02056	0.15540	0.04715	0.02213	0.00811	0.00553	0.00176	0.00418	0.03799	0.00509	0.00730
2	0.01229	0.01405	0.03073	0.02195	0.02722	0.01317	0.76558	0.01668	0.01229	0.01668	0.01054	0.01405	0.00790	0.00439	0.00615	0.00176	0.00878	0.00615	0.00263	0.00702
3	0.00893	0.00671	0.00887	0.00849	0.00946	0.02694	0.00651	0.02913	0.00911	0.03535	0.01389	0.02097	0.01308	0.13450	0.53916	0.00661	0.07041	0.00564	0.04142	0.00480
4	0.85377	0.01007	0.00765	0.00685	0.01007	0.01168	0.00564	0.01531	0.00886	0.02336	0.00725	0.00846	0.00564	0.00483	0.00322	0.00161	0.00403	0.00282	0.00322	0.00564
5	0.00983	0.00926	0.01562	0.80447	0.03587	0.01157	0.01446	0.01331	0.01041	0.01331	0.00926	0.01388	0.00694	0.00521	0.00521	0.00174	0.00694	0.00463	0.00231	0.00579
6	0.01139	0.01139	0.01595	0.01367	0.01367	0.01595	0.01139	0.01253	0.00798	0.01253	0.00684	0.01139	0.00684	0.00911	0.01709	0.00228	0.80745	0.00456	0.00228	0.00570
7	0.00983	0.00926	0.01562	0.80447	0.03587	0.01157	0.01446	0.01331	0.01041	0.01331	0.00926	0.01388	0.00694	0.00521	0.00521	0.00174	0.00694	0.00463	0.00231	0.00579
8	0.00905	0.00452	0.00678	0.00678	0.00678	0.00452	0.00452	0.00678	0.00678	0.00905	0.00905	0.01583	0.00905	0.01809	0.02035	0.84848	0.00452	0.00452	0.00226	0.00226
9	0.00737	0.00532	0.00696	0.00655	0.00778	0.00491	0.00491	0.00983	0.01474	0.02088	0.78175	0.03890	0.04914	0.01065	0.00614	0.00164	0.00246	0.00942	0.00573	0.00491
10	0.01010	0.02454	0.70300	0.01392	0.02090	0.01130	0.01765	0.01575	0.01141	0.01698	0.09516	0.01410	0.01132	0.00558	0.00508	0.00165	0.00711	0.00447	0.00259	0.00739
11	0.00744	0.00558	0.00837	0.00837	0.00930	0.00651	0.00651	0.00930	0.00837	0.01209	0.01395	0.02046	0.01302	0.03906	0.79635	0.00837	0.01395	0.00558	0.00279	0.00465
12	0.11124	0.00899	0.01162	0.00901	0.01295	0.00808	0.00744	0.02431	0.01427	0.70718	0.01914	0.01674	0.01212	0.00627	0.00502	0.00161	0.00439	0.00498	0.00610	0.00852
13	0.01334	0.18470	0.33720	0.01505	0.06095	0.01453	0.12958	0.13177	0.01333	0.03782	0.00989	0.01142	0.00741	0.00498	0.00486	0.00154	0.00696	0.00419	0.00286	0.00762
14	0.01254	0.01209	0.02097	0.03017	0.70180	0.01202	0.05989	0.01560	0.01179	0.01681	0.01076	0.05191	0.00950	0.00519	0.00529	0.00159	0.00619	0.00522	0.00269	0.00798

[dist]
# distance from previous block
# <min> <max>
0	1

[block]
# block no. 3 follows, 47 sequences, length 75
# corresponding to MSA columns:
# 87-161
name=unknown_D
#
# <colnr> <probs for GDERKNQSTAVLIFYWHMCP>
#	G	D	E	R	K	N	Q	S	T	A	V	L	I	F	Y	W	H	M	C	P
0	0.01048	0.01024	0.01470	0.66151	0.03151	0.07915	0.01317	0.01367	0.01113	0.01394	0.06802	0.01549	0.01024	0.00565	0.00521	0.00169	0.00674	0.00489	0.01687	0.00572
1	0.00744	0.00558	0.00837	0.00837	0.00930	0.00651	0.00651	0.00930	0.00837	0.01209	0.01395	0.02046	0.01302	0.03906	0.79635	0.00837	0.01395	0.00558	0.00279	0.00465
2	0.01923	0.05653	0.01526	0.01324	0.01599	0.76516	0.01002	0.02059	0.01459	0.01273	0.00802	0.00935	0.00671	0.00533	0.00464	0.00133	0.00924	0.00333	0.00267	0.00606
3	0.02336	0.00886	0.01209	0.00927	0.01329	0.00765	0.00765	0.02538	0.01491	0.78810	0.02055	0.01773	0.01289	0.00645	0.00524	0.00161	0.00443	0.00524	0.00645	0.00886
4	0.01980	0.01459	0.01563	0.01198	0.01615	0.01615	0.00990	0.76713	0.02448	0.03282	0.01250	0.01250	0.00886	0.00625	0.00521	0.00156	0.00573	0.00469	0.00521	0.00886
5	0.01410	0.01320	0.02769	0.01988	0.02495	0.01227	0.64206	0.01810	0.01272	0.14240	0.01217	0.01465	0.00871	0.00472	0.00600	0.00173	0.00807	0.00600	0.00326	0.00732
6	0.00728	0.00532	0.00683	0.00645	0.00772	0.00487	0.00484	0.00965	0.01452	0.02037	0.72632	0.03975	0.10489	0.01084	0.00614	0.00165	0.00247	0.00954	0.00566	0.00487
7	0.01080	0.00926	0.01080	0.00771	0.01234	0.00694	0.00617	0.01311	0.01080	0.01697	0.00926	0.01080	0.00771	0.00386	0.00386	0.00077	0.00386	0.00309	0.00309	0.84882
8	0.01495	0.00923	0.01130	0.00829	0.01272	0.00734	0.00671	0.03150	0.01236	0.26164	0.01290	0.01303	0.00938	0.00472	0.00432	0.00105	0.00407	0.00380	0.00419	0.56650
9	0.01167	0.02745	0.77586	0.01555	0.02322	0.01272	0.01953	0.01728	0.01176	0.01760	0.01057	0.01269	0.00778	0.00576	0.00547	0.00187	0.00805	0.00425	0.00263	0.00829
10	0.00905	0.00452	0.00678	0.00678	0.00678	0.00452	0.00452	0.00678	0.00678	0.00905	0.00905	0.01583	0.00905	0.01809	0.02035	0.84848	0.00452	0.00452	0.00226	0.00226
11	0.01139	0.01139	0.01595	0.01367	0.01367	0.01595	0.01139	0.01253	0.00798	0.01253	0.00684	0.01139	0.00684	0.00911	0.01709	0.00228	0.80745	0.00456	0.00228	0.00570
12	0.78158	0.00997	0.00804	0.00706	0.01035	0.01133	0.00581	0.01618	0.00939	0.08985	0.00841	0.00927	0.00627	0.00497	0.00340	0.00161	0.00406	0.00303	0.00350	0.00592
13	0.00905	0.00452	0.00678	0.00678	0.00678	0.00452	0.00452	0.00678	0.00678	0.00905	0.00905	0.01583	0.00905	0.01809	0.02035	0.84848	0.00452	0.00452	0.00226	0.00226
14	0.00634	0.00453	0.00604	0.00725	0.00755	0.00423	0.00483	0.00725	0.00997	0.01329	0.02870	0.81358	0.03444	0.01632	0.00665	0.00211	0.00302	0.01480	0.00483	0.00423
15	0.01142	0.01146	0.01634	0.01389	0.01403	0.01588	0.03136	0.01264	0.00809	0.01264	0.00693	0.01146	0.00686	0.00899	0.01680	0.00226	0.78631	0.00460	0.00229	0.00573
16	0.00932	0.00791	0.01068	0.00968	0.00995	0.01009	0.00748	0.01034	0.00810	0.01208	0.01175	0.02053	0.01212	0.25709	0.18459	0.00434	0.35595	0.00569	0.04765	0.00467
17	0.00632	0.00530	0.00551	0.00552	0.00722	0.00449	0.00418	0.00777	0.01210	0.01466	0.11006	0.04951	0.69931	0.01303	0.00619	0.00177	0.00269	0.03502	0.00491	0.00445
18	0.01355	0.01148	0.01211	0.01072	0.01377	0.01323	0.00839	0.09196	0.70984	0.02274	0.02044	0.01883	0.01528	0.00699	0.00529	0.00175	0.00426	0.00578	0.00529	0.00830
19	0.01383	0.79912	0.04748	0.00907	0.01361	0.02038	0.00918	0.01562	0.01059	0.01236	0.00730	0.00842	0.00668	0.00447	0.00338	0.00113	0.00563	0.00281	0.00223	0.00671
20	0.01261	0.01215	0.01584	0.07647	0.01584	0.04710	0.01140	0.10431	0.01044	0.01506	0.00776	0.01165	0.00708	0.00831	0.01420	0.00211	0.61438	0.00453	0.00265	0.00610
21	0.01295	0.01119	0.01178	0.01060	0.01354	0.01295	0.00824	0.02767	0.77509	0.02178	0.02120	0.01943	0.01590	0.00707	0.00530	0.00177	0.00412	0.00589	0.00530	0.00824
22	0.71748	0.00990	0.00828	0.00712	0.01052	0.01097	0.00586	0.01602	0.00954	0.08936	0.00856	0.00944	0.00643	0.00490	0.00345	0.00155	0.00405	0.00305	0.00349	0.07003
23	0.01336	0.69085	0.15159	0.00988	0.01486	0.01922	0.01059	0.01574	0.01065	0.01294	0.00758	0.00878	0.00667	0.00454	0.00360	0.00120	0.00592	0.00296	0.00222	0.00685
24	0.01085	0.02429	0.64100	0.01702	0.08318	0.01224	0.10584	0.01647	0.01121	0.01656	0.00952	0.01150	0.00688	0.00486	0.00510	0.00165	0.00770	0.00418	0.00228	0.00766
25	0.00634	0.00453	0.00604	0.00725	0.00755	0.00423	0.00483	0.00725	0.00997	0.01329	0.02870	0.81358	0.03444	0.01632	0.00665	0.00211	0.00302	0.01480	0.00483	0.00423
26	0.00683	0.00636	0.06586	0.00803	0.00897	0.00498	0.00624	0.00826	0.01022	0.01374	0.02713	0.68694	0.03194	0.01528	0.00657	0.00210	0.00353	0.07784	0.00463	0.00454
27	0.07521	0.01012	0.08834	0.01174	0.07940	0.02498	0.00944	0.08673	0.01275	0.06648	0.02052	0.16981	0.02104	0.01072	0.00602	0.00199	0.00500	0.28934	0.00433	0.00603
28	0.00738	0.00710	0.05470	0.00965	0.01105	0.00588	0.10725	0.00905	0.01034	0.01393	0.02516	0.66038	0.02929	0.01406	0.00648	0.00204	0.00406	0.01301	0.00439	0.00480
29	0.01304	0.01266	0.02023	0.10231	0.66507	0.04548	0.01545	0.03315	0.01214	0.01685	0.00973	0.01282	0.00808	0.00476	0.00514	0.00156	0.00638	0.00459	0.00262	0.00794
30	0.01164	0.00951	0.01099	0.00819	0.01255	0.00783	0.00653	0.01570	0.11959	0.05022	0.01143	0.01232	0.00910	0.00442	0.00412	0.00095	0.00392	0.00357	0.00354	0.69388
31	0.01428	0.01240	0.01967	0.02592	0.54218	0.01260	0.05512	0.10223	0.07984	0.06650	0.01179	0.01377	0.00925	0.00513	0.00523	0.00158	0.00599	0.00487	0.00335	0.00829
32	0.01058	0.00942	0.01579	0.72618	0.07823	0.01145	0.01426	0.01397	0.01069	0.04624	0.00976	0.01399	0.00727	0.00523	0.00520	0.00172	0.00679	0.00465	0.00250	0.00606
33	0.00744	0.00556	0.00828	0.00828	0.00918	0.00646	0.00640	0.00924	0.00834	0.01202	0.01403	0.02090	0.01321	0.06410	0.77156	0.00826	0.01366	0.00564	0.00280	0.00460
34	0.70125	0.00928	0.00747	0.00684	0.00968	0.01058	0.00553	0.01398	0.00922	0.02161	0.01311	0.06208	0.08518	0.00645	0.00398	0.00167	0.01879	0.00441	0.00347	0.00543
35	0.00832	0.00597	0.01987	0.05303	0.00989	0.00539	0.00575	0.01037	0.01302	0.07250	0.40988	0.20751	0.13559	0.01152	0.00612	0.00176	0.00309	0.01014	0.00521	0.00507
36	0.01205	0.12054	0.59761	0.01390	0.03789	0.01264	0.01666	0.01708	0.01130	0.08308	0.01007	0.01130	0.00721	0.00499	0.00476	0.00156	0.00705	0.00384	0.00260	0.02386
37	0.01139	0.01139	0.01595	0.01367	0.01367	0.01595	0.01139	0.01253	0.00798	0.01253	0.00684	0.01139	0.00684	0.00911	0.01709	0.00228	0.80745	0.00456	0.00228	0.00570
38	0.01184	0.01116	0.01889	0.20977	0.55171	0.01170	0.01505	0.01497	0.01153	0.01604	0.01102	0.01661	0.00960	0.00551	0.00532	0.00166	0.00626	0.06127	0.00269	0.00741
39	0.01094	0.02370	0.60596	0.01732	0.08125	0.01229	0.14243	0.01648	0.01127	0.01656	0.00958	0.01164	0.00694	0.00483	0.00516	0.00166	0.00776	0.00429	0.00230	0.00763
40	0.01945	0.02482	0.01476	0.01342	0.01610	0.79608	0.01006	0.02079	0.01476	0.01275	0.00805	0.00939	0.00671	0.00537	0.00470	0.00134	0.00939	0.00335	0.00268	0.00604
41	0.00730	0.00526	0.00690	0.06730	0.00909	0.00543	0.00503	0.00814	0.00883	0.01186	0.03237	0.30106	0.02318	0.37192	0.10945	0.00412	0.00551	0.00965	0.00367	0.00393
42	0.01804	0.01372	0.01464	0.01163	0.01548	0.01533	0.00947	0.57777	0.21670	0.02999	0.01473	0.01428	0.01066	0.00646	0.00523	0.00161	0.00532	0.00500	0.00523	0.00870
43	0.85377	0.01007	0.00765	0.00685	0.01007	0.01168	0.00564	0.01531	0.00886	0.02336	0.00725	0.00846	0.00564	0.00483	0.00322	0.00161	0.00403	0.00282	0.00322	0.00564
44	0.01063	0.02348	0.61830	0.08454	0.05401	0.01227	0.06158	0.01605	0.01094	0.01609	0.00933	0.01151	0.00678	0.00509	0.00552	0.00168	0.03841	0.00411	0.00225	0.00744
45	0.85377	0.01007	0.00765	0.00685	0.01007	0.01168	0.00564	0.01531	0.00886	0.02336	0.00725	0.00846	0.00564	0.00483	0.00322	0.00161	0.00403	0.00282	0.00322	0.00564
46	0.01264	0.44612	0.35593	0.01165	0.01743	0.04785	0.01341	0.01619	0.01093	0.01410	0.00818	0.00953	0.00665	0.00470	0.00409	0.00135	0.00664	0.00327	0.00223	0.00709
47	0.08687	0.09370	0.38411	0.01361	0.01953	0.01215	0.12920	0.01806	0.01173	0.16618	0.01132	0.01230	0.00794	0.00510	0.00489	0.00161	0.00671	0.00428	0.00318	0.00755
48	0.00733	0.00531	0.00743	0.00778	0.00844	0.00575	0.00575	0.00872	0.00887	0.01228	0.01852	0.18521	0.01983	0.16895	0.43421	0.00601	0.00940	0.07245	0.00344	0.00432
49	0.00615	0.00528	0.00528	0.00528	0.00703	0.00440	0.00396	0.00747	0.01187	0.01407	0.05276	0.05012	0.78238	0.01319	0.00615	0.00176	0.00264	0.01099	0.00484	0.00440
50	0.00778	0.00608	0.00903	0.00883	0.00968	0.00733	0.00693	0.00958	0.00834	0.01213	0.01333	0.01967	0.01248	0.03645	0.72860	0.00784	0.08293	0.00549	0.00275	0.00474
51	0.01113	0.01092	0.01529	0.01332	0.01342	0.01509	0.01113	0.01238	0.00832	0.01280	0.00864	0.01551	0.00885	0.00957	0.01623	0.00229	0.73767	0.06931	0.00250	0.00562
52	0.01947	0.01386	0.01502	0.01166	0.01571	0.01523	0.00958	0.64645	0.08901	0.08929	0.01387	0.01350	0.00978	0.00634	0.00522	0.00158	0.00549	0.00483	0.00531	0.00880
53	0.01289	0.01237	0.02114	0.03196	0.78450	0.01237	0.01598	0.01598	0.01186	0.01701	0.00980	0.01289	0.00825	0.00464	0.00516	0.00155	0.00619	0.00464	0.00258	0.00825
54	0.85377	0.01007	0.00765	0.00685	0.01007	0.01168	0.00564	0.01531	0.00886	0.02336	0.00725	0.00846	0.00564	0.00483	0.00322	0.00161	0.00403	0.00282	0.00322	0.00564
55	0.01139	0.01139	0.01595	0.01367	0.01367	0.01595	0.01139	0.01253	0.00798	0.01253	0.00684	0.01139	0.00684	0.00911	0.01709	0.00228	0.80745	0.00456	0.00228	0.00570
56	0.02089	0.00957	0.01211	0.00958	0.01331	0.00910	0.00778	0.08446	0.13755	0.57917	0.01987	0.01812	0.01325	0.03304	0.00594	0.00174	0.00451	0.00537	0.00605	0.00858
57	0.00634	0.00453	0.00604	0.00725	0.00755	0.00423	0.00483	0.00725	0.00997	0.01329	0.02870	0.81358	0.03444	0.01632	0.00665	0.00211	0.00302	0.01480	0.00483	0.00423
58	0.01925	0.02448	0.01479	0.01342	0.01604	0.77625	0.01010	0.02058	0.01459	0.01274	0.00802	0.00944	0.00671	0.00546	0.00501	0.00137	0.02967	0.00338	0.00267	0.00603
59	0.01110	0.00925	0.01092	0.02255	0.01280	0.00705	0.00636	0.01343	0.01090	0.03650	0.00954	0.01103	0.00783	0.00395	0.00392	0.00081	0.00393	0.00317	0.00316	0.81181
60	0.69022	0.01303	0.03440	0.00818	0.01146	0.13953	0.00681	0.01624	0.00989	0.02141	0.00745	0.00869	0.00585	0.00492	0.00352	0.00157	0.00502	0.00294	0.00310	0.00577
61	0.01234	0.01368	0.02886	0.03962	0.15081	0.01301	0.62802	0.01650	0.01218	0.01667	0.01039	0.01386	0.00794	0.00445	0.00597	0.00172	0.00832	0.00587	0.00262	0.00720
62	0.01026	0.00969	0.01638	0.69752	0.13951	0.01168	0.01467	0.01368	0.01061	0.01382	0.00933	0.01375	0.00712	0.00513	0.00520	0.00171	0.00684	0.00463	0.00235	0.00613
63	0.01460	0.68116	0.03801	0.01010	0.02970	0.12690	0.00938	0.01633	0.01119	0.01249	0.00744	0.00863	0.00672	0.00459	0.00359	0.00116	0.00614	0.00292	0.00230	0.00664
64	0.00905	0.00452	0.00678	0.00678	0.00678	0.00452	0.00452	0.00678	0.00678	0.00905	0.00905	0.01583	0.00905	0.01809	0.02035	0.84848	0.00452	0.00452	0.00226	0.00226
65	0.01317	0.01149	0.01343	0.01413	0.13927	0.01296	0.00956	0.04995	0.62615	0.02137	0.01905	0.01814	0.01442	0.00664	0.00527	0.00172	0.00451	0.00565	0.00485	0.00826
66	0.00983	0.00926	0.01562	0.80447	0.03587	0.01157	0.01446	0.01331	0.01041	0.01331	0.00926	0.01388	0.00694	0.00521	0.00521	0.00174	0.00694	0.00463	0.00231	0.00579
67	0.04002	0.00574	0.00828	0.00825	0.00925	0.00668	0.00640	0.00949	0.00837	0.01248	0.01374	0.02029	0.01286	0.05442	0.74931	0.00804	0.01338	0.00552	0.00281	0.00466
68	0.01219	0.01488	0.08753	0.02119	0.04258	0.01306	0.66361	0.01707	0.04154	0.01687	0.01084	0.01400	0.00812	0.00454	0.00600	0.00174	0.00846	0.00593	0.00270	0.00715
69	0.01350	0.01228	0.07185	0.04082	0.03036	0.01064	0.00888	0.23829	0.05686	0.02171	0.01120	0.02446	0.00882	0.00509	0.00454	0.00120	0.00487	0.00405	0.00376	0.42682
70	0.00899	0.00454	0.00674	0.00674	0.00674	0.00454	0.00447	0.00681	0.00681	0.00909	0.00933	0.01653	0.00943	0.04884	0.02059	0.81602	0.00454	0.00464	0.00230	0.00230
71	0.01109	0.01639	0.24369	0.07774	0.03920	0.01176	0.38517	0.01559	0.01186	0.01665	0.06621	0.02607	0.01082	0.00522	0.00563	0.00168	0.00755	0.00558	0.00276	0.03935
72	0.02851	0.00955	0.01117	0.03858	0.01340	0.00769	0.00667	0.05219	0.01145	0.01778	0.00938	0.01096	0.00770	0.00405	0.00397	0.00087	0.00408	0.00322	0.00317	0.75561
73	0.03259	0.01233	0.08160	0.01617	0.21799	0.01178	0.01094	0.04597	0.34741	0.08013	0.07432	0.01783	0.01489	0.00639	0.00524	0.00167	0.00493	0.00549	0.00438	0.00795
74	0.01316	0.03070	0.07811	0.02586	0.54488	0.08022	0.02933	0.01667	0.04181	0.02855	0.01090	0.04349	0.00932	0.00528	0.00513	0.00155	0.00635	0.00488	0.00281	0.02100

[dist]
# distance from previous block
# <min> <max>
0	68

# created by:
# /st0/software/busco_prod/Augustus/scripts/msa2prfl.pl ./align_prep/178271.fa
