[name]
unknown

[dist]
# distance from previous block
# <min> <max>
0	36

[block]
# block no. 0 follows, 49 sequences, length 64
# corresponding to MSA columns:
# 36-99
name=unknown_A
#
# <colnr> <probs for GDERKNQSTAVLIFYWHMCP>
#	G	D	E	R	K	N	Q	S	T	A	V	L	I	F	Y	W	H	M	C	P
0	0.04342	0.12862	0.66626	0.01337	0.02027	0.01279	0.01688	0.01586	0.01054	0.01574	0.00873	0.01025	0.00638	0.00474	0.00454	0.00153	0.00707	0.00356	0.00218	0.00727
1	0.01241	0.01191	0.02034	0.05807	0.76451	0.01199	0.01547	0.01543	0.01147	0.01640	0.00949	0.01255	0.00797	0.00452	0.00501	0.00151	0.00603	0.00451	0.00249	0.00793
2	0.00616	0.00440	0.00587	0.00704	0.00733	0.00411	0.00469	0.00704	0.00968	0.01291	0.02787	0.81899	0.03344	0.01584	0.00645	0.00205	0.00293	0.01438	0.00469	0.00411
3	0.07244	0.00868	0.01148	0.00886	0.01272	0.00767	0.00732	0.02406	0.01412	0.74829	0.01918	0.01668	0.01210	0.00617	0.00497	0.00156	0.00428	0.00495	0.00607	0.00842
4	0.01049	0.00899	0.01049	0.00749	0.01198	0.00674	0.00599	0.01273	0.01049	0.01648	0.00899	0.01049	0.00749	0.00374	0.00374	0.00075	0.00374	0.00300	0.00300	0.85320
5	0.01090	0.17066	0.60918	0.01312	0.01974	0.01330	0.01622	0.01650	0.05666	0.01557	0.00939	0.01070	0.00696	0.00484	0.00454	0.00151	0.00689	0.00367	0.00232	0.00733
6	0.01224	0.01297	0.07815	0.05482	0.70918	0.01197	0.01571	0.01547	0.01141	0.01637	0.00946	0.01241	0.00785	0.00455	0.00499	0.00152	0.00614	0.00445	0.00247	0.00789
7	0.00970	0.00897	0.01484	0.75956	0.03333	0.01111	0.01359	0.03423	0.01048	0.01346	0.00974	0.04153	0.00772	0.00546	0.00510	0.00169	0.00657	0.00484	0.00241	0.00565
8	0.01106	0.01106	0.01549	0.01328	0.01328	0.01549	0.01106	0.01217	0.00774	0.01217	0.00664	0.01106	0.00664	0.00885	0.01659	0.00221	0.81303	0.00443	0.00221	0.00553
9	0.01690	0.06936	0.01523	0.08668	0.08628	0.02409	0.00977	0.39000	0.03224	0.14516	0.03435	0.01496	0.03985	0.00611	0.00498	0.00152	0.00533	0.00485	0.00452	0.00781
10	0.00735	0.00491	0.00557	0.00557	0.00559	0.00493	0.00314	0.00739	0.00737	0.00985	0.01588	0.03279	0.01825	0.80457	0.04327	0.00498	0.00510	0.00731	0.00306	0.00310
11	0.00763	0.00683	0.05388	0.00692	0.00861	0.00565	0.00560	0.04337	0.02704	0.01796	0.42858	0.11476	0.19413	0.04818	0.00680	0.00181	0.00307	0.00931	0.00495	0.00491
12	0.01109	0.01113	0.01586	0.01349	0.01362	0.01542	0.03092	0.01227	0.00785	0.01227	0.00673	0.01113	0.00666	0.00873	0.01632	0.00220	0.79205	0.00447	0.00222	0.00557
13	0.15998	0.06905	0.01393	0.02861	0.01490	0.59114	0.00907	0.03215	0.01320	0.01444	0.00774	0.00905	0.00638	0.00508	0.00426	0.00135	0.00791	0.00319	0.00270	0.00588
14	0.78664	0.01013	0.00866	0.00745	0.01070	0.01160	0.03537	0.04984	0.00943	0.02286	0.00740	0.00861	0.00571	0.00474	0.00333	0.00157	0.00417	0.00295	0.00320	0.00567
15	0.01194	0.06294	0.08532	0.02068	0.07514	0.01309	0.62203	0.01608	0.01172	0.01595	0.00991	0.01302	0.00753	0.00432	0.00566	0.00165	0.00810	0.00551	0.00250	0.00693
16	0.01177	0.01171	0.05456	0.02456	0.55649	0.01125	0.01332	0.01625	0.12136	0.01661	0.01249	0.06255	0.01104	0.04670	0.00615	0.00174	0.00555	0.00538	0.00302	0.00750
17	0.00706	0.00515	0.00654	0.00620	0.00738	0.00473	0.00460	0.00922	0.01370	0.01913	0.68060	0.03855	0.11523	0.05144	0.00696	0.00177	0.00253	0.00920	0.00536	0.00464
18	0.00733	0.00498	0.00591	0.00591	0.00604	0.00512	0.00355	0.00760	0.00747	0.01009	0.01557	0.03111	0.01752	0.70468	0.14217	0.00539	0.00620	0.00706	0.00301	0.00328
19	0.01024	0.04875	0.77433	0.01425	0.02163	0.01198	0.01840	0.01599	0.01066	0.01590	0.00902	0.01060	0.00641	0.00479	0.00476	0.00159	0.00741	0.00371	0.00214	0.00745
20	0.00878	0.00439	0.00659	0.00659	0.00659	0.00439	0.00439	0.00659	0.00659	0.00878	0.00878	0.01537	0.00878	0.01757	0.01976	0.85288	0.00439	0.00439	0.00220	0.00220
21	0.01352	0.82533	0.02650	0.00865	0.01298	0.02001	0.00865	0.01514	0.01027	0.01190	0.00703	0.00811	0.00649	0.00433	0.00324	0.00108	0.00541	0.00270	0.00216	0.00649
22	0.01194	0.01364	0.02984	0.02131	0.02643	0.01279	0.77238	0.01620	0.01194	0.01620	0.01023	0.01364	0.00767	0.00426	0.00597	0.00171	0.00853	0.00597	0.00256	0.00682
23	0.01307	0.01162	0.01281	0.01110	0.01415	0.03809	0.05380	0.06294	0.67354	0.02110	0.01914	0.01791	0.01435	0.00661	0.00517	0.00169	0.00451	0.00560	0.00490	0.00789
24	0.00615	0.00442	0.00584	0.00698	0.00732	0.00411	0.00467	0.00705	0.00974	0.01293	0.02864	0.79349	0.05845	0.01574	0.00644	0.00204	0.00292	0.01425	0.00469	0.00411
25	0.01117	0.26998	0.56129	0.01266	0.01917	0.01427	0.01562	0.01575	0.01055	0.01476	0.00845	0.00989	0.00643	0.00466	0.00433	0.00144	0.00684	0.00342	0.00214	0.00717
26	0.01014	0.02616	0.79609	0.01441	0.02189	0.01174	0.01868	0.01601	0.01068	0.01601	0.00907	0.01068	0.00641	0.00480	0.00480	0.00160	0.00747	0.00374	0.00214	0.00747
27	0.00703	0.00510	0.00663	0.00638	0.00751	0.00470	0.00473	0.00925	0.01381	0.01941	0.69665	0.10685	0.07115	0.01090	0.00601	0.00164	0.00244	0.00966	0.00546	0.00470
28	0.01889	0.02410	0.01433	0.01303	0.01563	0.80199	0.00977	0.02019	0.01433	0.01238	0.00782	0.00912	0.00651	0.00521	0.00456	0.00130	0.00912	0.00326	0.00261	0.00586
29	0.00675	0.00528	0.00622	0.00663	0.00800	0.00477	0.00526	0.00838	0.01156	0.01447	0.09468	0.10728	0.43870	0.02504	0.00660	0.00196	0.00324	0.23605	0.00472	0.00439
30	0.00722	0.00542	0.00813	0.00813	0.00903	0.00632	0.00632	0.00903	0.00813	0.01174	0.01354	0.01987	0.01264	0.03792	0.80225	0.00813	0.01354	0.00542	0.00271	0.00451
31	0.00598	0.00511	0.00514	0.00516	0.00684	0.00427	0.00386	0.00725	0.01149	0.01364	0.05074	0.06482	0.77285	0.01287	0.00599	0.00171	0.00257	0.01075	0.00470	0.00427
32	0.01414	0.11977	0.12432	0.01150	0.03519	0.20872	0.00997	0.03584	0.22011	0.04352	0.01205	0.01246	0.00933	0.00533	0.00452	0.00137	0.00600	0.00401	0.00340	0.11845
33	0.00616	0.00440	0.00587	0.00704	0.00733	0.00411	0.00469	0.00704	0.00968	0.01291	0.02787	0.81899	0.03344	0.01584	0.00645	0.00205	0.00293	0.01438	0.00469	0.00411
34	0.01033	0.00878	0.01024	0.00739	0.01166	0.00665	0.00584	0.01246	0.01033	0.01614	0.00934	0.01162	0.00804	0.04495	0.00485	0.00096	0.00380	0.00322	0.00300	0.81041
35	0.01093	0.01204	0.12883	0.01333	0.15977	0.00859	0.03551	0.01380	0.01067	0.03030	0.00969	0.01226	0.00807	0.04531	0.00534	0.00127	0.00495	0.00375	0.00282	0.48276
36	0.15129	0.06775	0.01434	0.05976	0.03150	0.49857	0.03466	0.01781	0.01247	0.01421	0.00812	0.00994	0.00674	0.00667	0.04449	0.00172	0.00806	0.00344	0.00264	0.00583
37	0.00706	0.00512	0.00665	0.00636	0.00752	0.00471	0.00474	0.00932	0.01394	0.01962	0.71807	0.08480	0.07159	0.01075	0.00599	0.00162	0.00242	0.00951	0.00549	0.00471
38	0.01095	0.00996	0.01186	0.03006	0.01296	0.03636	0.00754	0.02991	0.01024	0.01549	0.00885	0.02263	0.00774	0.00583	0.02135	0.00129	0.18592	0.00361	0.00285	0.56460
39	0.01428	0.01188	0.01470	0.01568	0.21129	0.01274	0.01017	0.24638	0.28128	0.02266	0.01437	0.02699	0.01111	0.00590	0.00499	0.00152	0.00494	0.00496	0.00426	0.07990
40	0.01261	0.01230	0.02011	0.06062	0.73580	0.03814	0.01527	0.01557	0.01155	0.01624	0.00944	0.01244	0.00791	0.00455	0.00499	0.00150	0.00614	0.00446	0.00250	0.00785
41	0.00913	0.00768	0.01379	0.01170	0.01376	0.00720	0.24113	0.02235	0.01093	0.05784	0.02173	0.48515	0.02382	0.01153	0.00623	0.00192	0.00484	0.03988	0.00413	0.00528
42	0.00719	0.00486	0.00554	0.00565	0.00574	0.00480	0.00325	0.00732	0.00773	0.01024	0.01833	0.11102	0.04660	0.71478	0.02315	0.00451	0.00463	0.00816	0.00328	0.00321
43	0.00850	0.00704	0.01070	0.03524	0.01148	0.00834	0.05096	0.03543	0.00884	0.01267	0.01234	0.01848	0.01149	0.06684	0.56147	0.00638	0.12085	0.00535	0.00271	0.00489
44	0.00977	0.00504	0.00508	0.00495	0.00623	0.00510	0.00375	0.03835	0.01106	0.01931	0.01634	0.01862	0.01281	0.00590	0.00359	0.00119	0.00247	0.00471	0.82089	0.00485
45	0.01272	0.01200	0.01764	0.04691	0.54112	0.05481	0.01320	0.01753	0.14393	0.03155	0.04940	0.01476	0.01118	0.00528	0.00506	0.00154	0.00565	0.00488	0.00317	0.00768
46	0.00605	0.00511	0.00523	0.00523	0.00688	0.00430	0.00391	0.00739	0.01167	0.01405	0.09584	0.06051	0.73118	0.01271	0.00598	0.00171	0.00256	0.01064	0.00475	0.00430
47	0.01168	0.04733	0.08432	0.02068	0.11407	0.01250	0.55771	0.01568	0.01176	0.01612	0.03523	0.02855	0.00933	0.00474	0.00567	0.00165	0.00772	0.00575	0.00264	0.00688
48	0.01827	0.01237	0.01378	0.01058	0.01453	0.01296	0.00868	0.54222	0.02029	0.14634	0.01349	0.03964	0.00990	0.00615	0.00495	0.00145	0.00507	0.00478	0.00498	0.10958
49	0.08116	0.01200	0.01975	0.03655	0.53527	0.01218	0.10867	0.05536	0.04354	0.03213	0.01018	0.01265	0.00816	0.00471	0.00499	0.00155	0.00603	0.00461	0.00287	0.00766
50	0.01103	0.01102	0.01548	0.02900	0.01370	0.01540	0.01112	0.01218	0.00779	0.01218	0.00668	0.01111	0.00664	0.00878	0.01637	0.00220	0.79712	0.00443	0.00221	0.00553
51	0.00666	0.00496	0.00621	0.00640	0.00744	0.00451	0.00467	0.00838	0.01231	0.01662	0.39162	0.26633	0.19546	0.01256	0.00614	0.00177	0.00266	0.03572	0.00511	0.00447
52	0.01026	0.03726	0.72677	0.01381	0.02078	0.01162	0.01754	0.03259	0.01080	0.01599	0.00946	0.01180	0.00706	0.04597	0.00584	0.00176	0.00727	0.00392	0.00225	0.00726
53	0.00692	0.00497	0.00648	0.00649	0.00740	0.00462	0.00467	0.00882	0.01283	0.01795	0.56295	0.22894	0.04274	0.05256	0.00708	0.00187	0.00265	0.01034	0.00523	0.00452
54	0.78836	0.00966	0.00754	0.00671	0.00977	0.01115	0.00551	0.03908	0.00919	0.02279	0.00768	0.00888	0.00595	0.00480	0.00321	0.00154	0.00389	0.00290	0.04584	0.00554
55	0.00605	0.00513	0.00522	0.00520	0.00687	0.00430	0.00390	0.00739	0.01169	0.01406	0.09524	0.04801	0.74443	0.01266	0.00598	0.00170	0.00255	0.01058	0.00475	0.00430
56	0.01187	0.01136	0.01937	0.19926	0.62753	0.01185	0.01520	0.01496	0.01121	0.01574	0.00940	0.01272	0.00774	0.00462	0.00502	0.00154	0.00617	0.00450	0.00245	0.00749
57	0.83593	0.03109	0.00793	0.00670	0.00986	0.01157	0.00556	0.01487	0.00865	0.02241	0.00704	0.00821	0.00550	0.00468	0.00313	0.00155	0.00395	0.00274	0.00310	0.00550
58	0.01863	0.02315	0.01441	0.01297	0.01555	0.73511	0.00981	0.05785	0.01458	0.01335	0.00799	0.00934	0.00662	0.00538	0.00500	0.00135	0.03684	0.00336	0.00272	0.00599
59	0.01071	0.00912	0.01061	0.00760	0.01208	0.00697	0.00609	0.03258	0.01083	0.01688	0.00907	0.01053	0.00752	0.00381	0.00378	0.00077	0.00379	0.00304	0.00305	0.83117
60	0.01049	0.00899	0.01049	0.00749	0.01198	0.00674	0.00599	0.01273	0.01049	0.01648	0.00899	0.01049	0.00749	0.00374	0.00374	0.00075	0.00374	0.00300	0.00300	0.85320
61	0.00723	0.00540	0.00803	0.00803	0.00890	0.00627	0.00620	0.00897	0.00810	0.01166	0.01364	0.02037	0.01286	0.06798	0.77249	0.00800	0.01321	0.00549	0.00272	0.00446
62	0.00616	0.00440	0.00587	0.00704	0.00733	0.00411	0.00469	0.00704	0.00968	0.01291	0.02787	0.81899	0.03344	0.01584	0.00645	0.00205	0.00293	0.01438	0.00469	0.00411
63	0.01890	0.02375	0.01436	0.01298	0.01563	0.77457	0.00976	0.04647	0.01466	0.01306	0.00797	0.00922	0.00659	0.00524	0.00458	0.00131	0.00900	0.00330	0.00269	0.00596

[dist]
# distance from previous block
# <min> <max>
0	33

[block]
# block no. 1 follows, 49 sequences, length 16
# corresponding to MSA columns:
# 133-148
name=unknown_B
#
# <colnr> <probs for GDERKNQSTAVLIFYWHMCP>
#	G	D	E	R	K	N	Q	S	T	A	V	L	I	F	Y	W	H	M	C	P
0	0.01106	0.01106	0.01549	0.01328	0.01328	0.01549	0.01106	0.01217	0.00774	0.01217	0.00664	0.01106	0.00664	0.00885	0.01659	0.00221	0.81303	0.00443	0.00221	0.00553
1	0.01347	0.68605	0.09471	0.01010	0.03838	0.06001	0.00983	0.01550	0.01056	0.01244	0.00733	0.00853	0.00653	0.00442	0.00351	0.00115	0.00581	0.00288	0.00219	0.00659
2	0.00629	0.00448	0.00591	0.00692	0.00726	0.00419	0.00462	0.00723	0.00989	0.01328	0.08102	0.72483	0.03371	0.05540	0.00737	0.00216	0.00299	0.01366	0.00467	0.00410
3	0.05796	0.00922	0.01135	0.00981	0.01254	0.00968	0.04425	0.10934	0.22308	0.16156	0.03579	0.04926	0.01648	0.05432	0.03917	0.00218	0.00492	0.12146	0.00477	0.02285
4	0.15030	0.01076	0.01055	0.00910	0.01141	0.09504	0.00725	0.18203	0.01345	0.09004	0.01311	0.07938	0.01102	0.00795	0.03323	0.00179	0.09618	0.00502	0.16617	0.00620
5	0.01097	0.00906	0.01074	0.00778	0.01207	0.00713	0.00625	0.01315	0.01052	0.04537	0.00930	0.01076	0.00764	0.00405	0.00432	0.00084	0.03692	0.00313	0.00309	0.78691
6	0.00790	0.00533	0.00700	0.00649	0.00781	0.00490	0.00490	0.01027	0.01432	0.05745	0.75118	0.03679	0.04602	0.01014	0.00592	0.00159	0.00248	0.00895	0.00560	0.00496
7	0.01252	0.01201	0.02053	0.03104	0.79074	0.01201	0.01552	0.01552	0.01151	0.01652	0.00951	0.01252	0.00801	0.00451	0.00501	0.00150	0.00601	0.00451	0.00250	0.00801
8	0.01179	0.01006	0.01075	0.00984	0.01241	0.01151	0.00758	0.02442	0.68205	0.02042	0.05536	0.08750	0.01840	0.00778	0.00529	0.00174	0.00384	0.00660	0.00513	0.00753
9	0.01352	0.82533	0.02650	0.00865	0.01298	0.02001	0.00865	0.01514	0.01027	0.01190	0.00703	0.00811	0.00649	0.00433	0.00324	0.00108	0.00541	0.00270	0.00216	0.00649
10	0.08762	0.03718	0.01233	0.00947	0.01275	0.01281	0.00777	0.48367	0.04507	0.02708	0.01284	0.01346	0.00951	0.00588	0.00449	0.00144	0.00462	0.00442	0.20023	0.00735
11	0.01922	0.01416	0.01518	0.01163	0.01568	0.01568	0.00961	0.77388	0.02378	0.03187	0.01214	0.01214	0.00860	0.00607	0.00506	0.00152	0.00556	0.00455	0.00506	0.00860
12	0.00735	0.00490	0.00552	0.00552	0.00552	0.00490	0.00306	0.00735	0.00735	0.00980	0.01593	0.03309	0.01838	0.82229	0.02574	0.00490	0.00490	0.00735	0.00306	0.00306
13	0.00878	0.00439	0.00659	0.00659	0.00659	0.00439	0.00439	0.00659	0.00659	0.00878	0.00878	0.01537	0.00878	0.01757	0.01976	0.85288	0.00439	0.00439	0.00220	0.00220
14	0.01258	0.01086	0.01143	0.01029	0.01315	0.01258	0.00800	0.02687	0.78161	0.02115	0.02058	0.01887	0.01544	0.00686	0.00515	0.00172	0.00400	0.00572	0.00515	0.00800
15	0.00609	0.00467	0.00559	0.00633	0.00715	0.00417	0.00438	0.00712	0.01037	0.01319	0.03655	0.53280	0.31403	0.01471	0.00628	0.00193	0.00280	0.01300	0.00469	0.00417

[dist]
# distance from previous block
# <min> <max>
0	11

[block]
# block no. 2 follows, 49 sequences, length 49
# corresponding to MSA columns:
# 160-208
name=unknown_C
#
# <colnr> <probs for GDERKNQSTAVLIFYWHMCP>
#	G	D	E	R	K	N	Q	S	T	A	V	L	I	F	Y	W	H	M	C	P
0	0.01006	0.02557	0.77393	0.01419	0.02148	0.01155	0.01829	0.01583	0.01078	0.01613	0.03094	0.01144	0.00757	0.00496	0.00484	0.00160	0.00733	0.00389	0.00223	0.00740
1	0.01352	0.82533	0.02650	0.00865	0.01298	0.02001	0.00865	0.01514	0.01027	0.01190	0.00703	0.00811	0.00649	0.00433	0.00324	0.00108	0.00541	0.00270	0.00216	0.00649
2	0.23290	0.47299	0.07975	0.06989	0.01455	0.03212	0.00903	0.01507	0.00994	0.01511	0.00736	0.00877	0.00624	0.00453	0.00350	0.00130	0.00535	0.00294	0.00243	0.00622
3	0.00811	0.00909	0.10778	0.00760	0.01024	0.00713	0.00677	0.01300	0.18316	0.01637	0.12184	0.03595	0.43331	0.01018	0.00564	0.00168	0.00349	0.00851	0.00457	0.00557
4	0.00777	0.00555	0.00771	0.00888	0.00988	0.00549	0.00749	0.00982	0.01127	0.01471	0.02698	0.20216	0.02993	0.01433	0.00688	0.00228	0.00433	0.61532	0.00466	0.00455
5	0.01106	0.01106	0.01549	0.01328	0.01328	0.01549	0.01106	0.01217	0.00774	0.01217	0.00664	0.01106	0.00664	0.00885	0.01659	0.00221	0.81303	0.00443	0.00221	0.00553
6	0.00627	0.00510	0.00555	0.00551	0.00703	0.00438	0.00410	0.00779	0.01211	0.01521	0.22649	0.08201	0.57610	0.01236	0.00600	0.00170	0.00254	0.01048	0.00490	0.00438
7	0.01296	0.01165	0.01161	0.01045	0.01330	0.05979	0.00811	0.02647	0.73572	0.02063	0.01982	0.01828	0.01490	0.00676	0.00511	0.00169	0.00431	0.00557	0.00499	0.00788
8	0.00621	0.00443	0.00592	0.00709	0.00741	0.00415	0.00477	0.00712	0.00973	0.01296	0.02785	0.80138	0.03334	0.01580	0.00647	0.00206	0.00297	0.03153	0.00469	0.00412
9	0.01223	0.01389	0.02782	0.02017	0.02487	0.04830	0.67590	0.01660	0.04095	0.01604	0.01036	0.01352	0.00787	0.00460	0.00634	0.00171	0.04366	0.00577	0.00264	0.00677
10	0.01252	0.01201	0.02053	0.03104	0.79074	0.01201	0.01552	0.01552	0.01151	0.01652	0.00951	0.01252	0.00801	0.00451	0.00501	0.00150	0.00601	0.00451	0.00250	0.00801
11	0.00955	0.00899	0.01517	0.81013	0.03483	0.01123	0.01404	0.01292	0.01011	0.01292	0.00899	0.01348	0.00674	0.00506	0.00506	0.00169	0.00674	0.00449	0.00225	0.00562
12	0.01245	0.50993	0.30655	0.01088	0.01630	0.04062	0.01234	0.01561	0.01054	0.01341	0.00780	0.00908	0.00646	0.00453	0.00385	0.00128	0.00627	0.00310	0.00217	0.00683
13	0.01208	0.01156	0.01950	0.02932	0.73864	0.01150	0.01474	0.01497	0.01151	0.01633	0.01228	0.01492	0.05990	0.00506	0.00507	0.00152	0.00578	0.00492	0.00265	0.00776
14	0.85801	0.00978	0.00743	0.00665	0.00978	0.01134	0.00548	0.01486	0.00861	0.02269	0.00704	0.00821	0.00548	0.00469	0.00313	0.00156	0.00391	0.00274	0.00313	0.00548
15	0.01163	0.01266	0.02594	0.02144	0.14501	0.01236	0.55344	0.01527	0.01144	0.01577	0.01088	0.05978	0.00914	0.00530	0.00661	0.00173	0.06608	0.00611	0.00265	0.00676
16	0.01220	0.01052	0.01126	0.00979	0.01294	0.01153	0.00764	0.02432	0.64277	0.02031	0.01849	0.01736	0.01401	0.00630	0.00489	0.00154	0.00396	0.00523	0.00476	0.16018
17	0.00878	0.00439	0.00659	0.00659	0.00659	0.00439	0.00439	0.00659	0.00659	0.00878	0.00878	0.01537	0.00878	0.01757	0.01976	0.85288	0.00439	0.00439	0.00220	0.00220
18	0.01779	0.01142	0.01404	0.01055	0.01472	0.01120	0.05381	0.34832	0.01748	0.24027	0.01350	0.01327	0.00939	0.00549	0.00483	0.00137	0.00498	0.00444	0.00478	0.19837
19	0.01883	0.01397	0.01495	0.01155	0.01553	0.01550	0.00952	0.72920	0.06910	0.03123	0.01265	0.01254	0.00901	0.00612	0.00506	0.00153	0.00547	0.00462	0.00506	0.00856
20	0.01268	0.00892	0.01071	0.00776	0.01215	0.00687	0.00625	0.01488	0.01120	0.15652	0.01096	0.01170	0.00840	0.00420	0.00399	0.00090	0.00385	0.00337	0.00358	0.70113
21	0.00601	0.00512	0.00517	0.00516	0.00685	0.00428	0.00387	0.00732	0.01160	0.01384	0.07152	0.04836	0.76829	0.01274	0.00598	0.00170	0.00256	0.01063	0.00472	0.00428
22	0.00993	0.00881	0.07013	0.01103	0.03886	0.00749	0.11751	0.05588	0.02367	0.07544	0.08989	0.33129	0.02401	0.03307	0.00654	0.00194	0.00462	0.07995	0.00430	0.00563
23	0.85801	0.00978	0.00743	0.00665	0.00978	0.01134	0.00548	0.01486	0.00861	0.02269	0.00704	0.00821	0.00548	0.00469	0.00313	0.00156	0.00391	0.00274	0.00313	0.00548
24	0.01166	0.03454	0.09312	0.01896	0.02333	0.01336	0.55135	0.01543	0.01103	0.01535	0.00940	0.01278	0.00735	0.00514	0.00771	0.00177	0.15321	0.00542	0.00245	0.00664
25	0.77299	0.00956	0.00769	0.00678	0.00992	0.01088	0.00558	0.01553	0.00910	0.08154	0.00826	0.00917	0.00620	0.00484	0.00329	0.00156	0.00390	0.00297	0.02454	0.00570
26	0.01185	0.01291	0.07153	0.01692	0.03724	0.01156	0.45369	0.06414	0.05013	0.03087	0.05288	0.03209	0.03262	0.00545	0.00588	0.00162	0.02809	0.00588	0.00317	0.07148
27	0.00616	0.00440	0.00587	0.00704	0.00733	0.00411	0.00469	0.00704	0.00968	0.01291	0.02787	0.81899	0.03344	0.01584	0.00645	0.00205	0.00293	0.01438	0.00469	0.00411
28	0.01352	0.82533	0.02650	0.00865	0.01298	0.02001	0.00865	0.01514	0.01027	0.01190	0.00703	0.00811	0.00649	0.00433	0.00324	0.00108	0.00541	0.00270	0.00216	0.00649
29	0.01103	0.00897	0.01054	0.00756	0.01203	0.00677	0.00606	0.01327	0.01066	0.05137	0.00948	0.01079	0.00772	0.00386	0.00381	0.00079	0.00377	0.00309	0.00314	0.81531
30	0.00702	0.00521	0.00762	0.00788	0.00867	0.00581	0.00598	0.00866	0.00869	0.01228	0.03716	0.18763	0.01825	0.03209	0.59858	0.00657	0.01085	0.02339	0.00324	0.00444
31	0.01962	0.01101	0.01343	0.01160	0.07311	0.02479	0.00875	0.28841	0.03768	0.39431	0.05242	0.01593	0.01242	0.00625	0.00510	0.00154	0.00487	0.00503	0.00542	0.00831
32	0.01666	0.01018	0.01178	0.00975	0.01303	0.01071	0.00781	0.15002	0.33106	0.28457	0.08270	0.01875	0.01598	0.00681	0.00518	0.00162	0.00423	0.00559	0.00554	0.00804
33	0.01326	0.76428	0.08529	0.00909	0.01366	0.01938	0.00942	0.01521	0.01031	0.01221	0.00719	0.00831	0.00648	0.00436	0.00336	0.00112	0.00557	0.00278	0.00216	0.00656
34	0.00806	0.00756	0.02767	0.01112	0.01300	0.00691	0.21024	0.01044	0.03382	0.01434	0.03825	0.50533	0.04077	0.01203	0.00625	0.00194	0.00459	0.03855	0.00410	0.00505
35	0.01014	0.02616	0.79609	0.01441	0.02189	0.01174	0.01868	0.01601	0.01068	0.01601	0.00907	0.01068	0.00641	0.00480	0.00480	0.00160	0.00747	0.00374	0.00214	0.00747
36	0.01233	0.01344	0.02793	0.02221	0.13006	0.01281	0.63585	0.04933	0.01240	0.01693	0.01022	0.01342	0.00776	0.00437	0.00580	0.00167	0.00805	0.00571	0.00266	0.00706
37	0.01210	0.01176	0.02057	0.12672	0.63880	0.01198	0.07316	0.01525	0.01137	0.01605	0.00950	0.01272	0.00783	0.00456	0.00509	0.00154	0.00629	0.00462	0.00248	0.00762
38	0.00955	0.00899	0.01517	0.81013	0.03483	0.01123	0.01404	0.01292	0.01011	0.01292	0.00899	0.01348	0.00674	0.00506	0.00506	0.00169	0.00674	0.00449	0.00225	0.00562
39	0.00616	0.00440	0.00587	0.00704	0.00733	0.00411	0.00469	0.00704	0.00968	0.01291	0.02787	0.81899	0.03344	0.01584	0.00645	0.00205	0.00293	0.01438	0.00469	0.00411
40	0.00815	0.00582	0.00815	0.00931	0.01048	0.00582	0.00815	0.01048	0.01164	0.01513	0.02677	0.05704	0.02910	0.01397	0.00698	0.00233	0.00466	0.75671	0.00466	0.00466
41	0.00616	0.00440	0.00587	0.00704	0.00733	0.00411	0.00469	0.00704	0.00968	0.01291	0.02787	0.81899	0.03344	0.01584	0.00645	0.00205	0.00293	0.01438	0.00469	0.00411
42	0.01161	0.01589	0.16780	0.02007	0.02561	0.01260	0.63667	0.01616	0.01171	0.01616	0.01002	0.01311	0.00744	0.00436	0.00576	0.00169	0.00834	0.00557	0.00248	0.00694
43	0.00955	0.00899	0.01517	0.81013	0.03483	0.01123	0.01404	0.01292	0.01011	0.01292	0.00899	0.01348	0.00674	0.00506	0.00506	0.00169	0.00674	0.00449	0.00225	0.00562
44	0.00735	0.00490	0.00552	0.00552	0.00552	0.00490	0.00306	0.00735	0.00735	0.00980	0.01593	0.03309	0.01838	0.82229	0.02574	0.00490	0.00490	0.00735	0.00306	0.00306
45	0.01194	0.01364	0.02984	0.02131	0.02643	0.01279	0.77238	0.01620	0.01194	0.01620	0.01023	0.01364	0.00767	0.00426	0.00597	0.00171	0.00853	0.00597	0.00256	0.00682
46	0.01033	0.02499	0.73614	0.01410	0.02122	0.01181	0.01787	0.01684	0.06957	0.01641	0.00995	0.01130	0.00710	0.00496	0.00483	0.00161	0.00721	0.00389	0.00237	0.00751
47	0.01014	0.02616	0.79609	0.01441	0.02189	0.01174	0.01868	0.01601	0.01068	0.01601	0.00907	0.01068	0.00641	0.00480	0.00480	0.00160	0.00747	0.00374	0.00214	0.00747
48	0.01676	0.02060	0.01408	0.01263	0.01476	0.60857	0.00968	0.01806	0.01300	0.01261	0.02438	0.01104	0.02649	0.00612	0.00677	0.00147	0.15346	0.00376	0.00265	0.02310

[dist]
# distance from previous block
# <min> <max>
0	1

[block]
# block no. 3 follows, 49 sequences, length 8
# corresponding to MSA columns:
# 210-217
name=unknown_D
#
# <colnr> <probs for GDERKNQSTAVLIFYWHMCP>
#	G	D	E	R	K	N	Q	S	T	A	V	L	I	F	Y	W	H	M	C	P
0	0.46547	0.00875	0.00796	0.00756	0.00996	0.00990	0.00586	0.01571	0.18279	0.02002	0.01503	0.20317	0.01436	0.00783	0.00437	0.00171	0.00370	0.00617	0.00395	0.00572
1	0.01034	0.00698	0.00851	0.00771	0.00882	0.00752	0.00556	0.18001	0.01103	0.01495	0.01286	0.02129	0.01265	0.27688	0.18860	0.20624	0.00681	0.00560	0.00323	0.00442
2	0.01598	0.27132	0.01805	0.18977	0.01852	0.01427	0.00983	0.19691	0.01436	0.18707	0.01149	0.01226	0.00836	0.00532	0.00448	0.00143	0.00550	0.00406	0.00376	0.00725
3	0.00774	0.00609	0.00823	0.18737	0.01357	0.00641	0.00691	0.00933	0.00990	0.01261	0.02462	0.03775	0.18589	0.27033	0.01233	0.00287	0.00475	0.18540	0.00361	0.00428
4	0.01696	0.01312	0.01213	0.01036	0.01319	0.19803	0.00807	0.25934	0.01634	0.18883	0.01635	0.19407	0.01455	0.00811	0.00526	0.00160	0.00554	0.00657	0.00466	0.00694
5	0.01766	0.01511	0.01798	0.04411	0.01855	0.20982	0.20519	0.19886	0.01583	0.18811	0.01215	0.01292	0.00862	0.00539	0.00517	0.00153	0.00698	0.00471	0.00396	0.00735
6	0.02026	0.01455	0.01389	0.01109	0.01478	0.18411	0.00895	0.37020	0.01874	0.27155	0.01370	0.01311	0.00940	0.00594	0.00496	0.00149	0.00593	0.00444	0.00491	0.00801
7	0.01120	0.01086	0.07493	0.01241	0.01545	0.01004	0.19410	0.19251	0.01332	0.01820	0.01529	0.19561	0.01468	0.01466	0.17901	0.00313	0.00758	0.00723	0.00363	0.00618

[dist]
# distance from previous block
# <min> <max>
1	18

[block]
# block no. 4 follows, 49 sequences, length 13
# corresponding to MSA columns:
# 237-249
name=unknown_E
#
# <colnr> <probs for GDERKNQSTAVLIFYWHMCP>
#	G	D	E	R	K	N	Q	S	T	A	V	L	I	F	Y	W	H	M	C	P
0	0.01239	0.01148	0.01463	0.01192	0.01489	0.08512	0.17347	0.17821	0.13367	0.01904	0.02106	0.15677	0.12814	0.00838	0.00560	0.00169	0.00541	0.00750	0.00418	0.00646
1	0.59064	0.14928	0.01133	0.00734	0.01079	0.01225	0.00631	0.01635	0.00975	0.13421	0.00894	0.00952	0.00668	0.00486	0.00344	0.00148	0.00423	0.00308	0.00342	0.00611
2	0.03506	0.02992	0.01224	0.14700	0.01643	0.20487	0.02691	0.05092	0.19307	0.02764	0.02084	0.02106	0.17883	0.00722	0.00509	0.00158	0.00563	0.00578	0.00376	0.00616
3	0.01061	0.00812	0.00675	0.00645	0.00788	0.14127	0.00484	0.01279	0.01195	0.01802	0.16245	0.02080	0.01850	0.00662	0.00417	0.00128	0.00352	0.00531	0.54374	0.00492
4	0.01125	0.01043	0.01439	0.01112	0.01458	0.01040	0.11990	0.01622	0.17783	0.01671	0.01129	0.01287	0.00910	0.00537	0.00658	0.00135	0.14310	0.00427	0.00326	0.39997
5	0.01170	0.35212	0.01946	0.13120	0.18438	0.04930	0.01031	0.01374	0.01060	0.01325	0.01146	0.14877	0.01147	0.00648	0.00450	0.00144	0.00548	0.00538	0.00270	0.00626
6	0.01314	0.00890	0.01076	0.00782	0.01218	0.00689	0.00630	0.01532	0.01135	0.18552	0.01137	0.01195	0.00858	0.00429	0.00404	0.00093	0.00387	0.00345	0.00371	0.66963
7	0.01173	0.01147	0.01454	0.26175	0.20936	0.12657	0.01143	0.05876	0.01274	0.01642	0.17840	0.01775	0.01603	0.00624	0.00544	0.00157	0.02499	0.00533	0.00325	0.00623
8	0.01530	0.01252	0.01535	0.01627	0.21753	0.01371	0.01063	0.33175	0.26792	0.02436	0.01421	0.01443	0.01068	0.00592	0.00507	0.00158	0.00517	0.00492	0.00442	0.00825
9	0.00936	0.00542	0.00676	0.00647	0.00736	0.00511	0.00436	0.01032	0.01031	0.12787	0.18639	0.16637	0.02648	0.38780	0.01510	0.00320	0.00393	0.00861	0.00436	0.00443
10	0.01151	0.00745	0.01213	0.01079	0.01304	0.00698	0.13810	0.01377	0.01187	0.18415	0.02270	0.21098	0.02280	0.01105	0.00628	0.00199	0.00486	0.29912	0.00465	0.00576
11	0.67308	0.00878	0.00729	0.00659	0.00930	0.00992	0.00532	0.01371	0.00985	0.02216	0.17679	0.01464	0.01466	0.00592	0.00375	0.00157	0.00358	0.00413	0.00366	0.00532
12	0.40484	0.00919	0.00900	0.00804	0.01057	0.01036	0.00640	0.17768	0.01198	0.02137	0.01232	0.13019	0.01149	0.01232	0.14089	0.00275	0.00578	0.00530	0.00371	0.00579

[dist]
# distance from previous block
# <min> <max>
0	312

# created by:
# /st0/software/busco_prod/Augustus/scripts/msa2prfl.pl ./align_prep/178269.fa
