[name]
unknown

[dist]
# distance from previous block
# <min> <max>
24	419

[block]
# block no. 0 follows, 42 sequences, length 18
# corresponding to MSA columns:
# 471-488
name=unknown_A
#
# <colnr> <probs for GDERKNQSTAVLIFYWHMCP>
#	G	D	E	R	K	N	Q	S	T	A	V	L	I	F	Y	W	H	M	C	P
0	0.05690	0.02956	0.03464	0.00811	0.01024	0.00715	0.00642	0.02941	0.02585	0.12379	0.24142	0.18613	0.11424	0.05580	0.03122	0.00228	0.00414	0.00960	0.00530	0.01779
1	0.08064	0.01169	0.01585	0.25879	0.18927	0.03614	0.01238	0.13347	0.01430	0.04688	0.01418	0.05872	0.04062	0.00667	0.00546	0.00174	0.00618	0.00567	0.02447	0.03688
2	0.01884	0.09161	0.02945	0.09799	0.01674	0.01058	0.00917	0.06164	0.04350	0.39714	0.04981	0.03776	0.05106	0.00721	0.00548	0.00168	0.00510	0.00588	0.00542	0.05392
3	0.01666	0.01182	0.01364	0.04233	0.01515	0.01286	0.00901	0.37510	0.05441	0.08748	0.03877	0.06148	0.01442	0.09622	0.05984	0.00264	0.03640	0.00626	0.00499	0.04053
4	0.13067	0.01289	0.01865	0.11396	0.38338	0.01380	0.03452	0.11801	0.08196	0.02167	0.01168	0.01401	0.00919	0.00559	0.00534	0.00174	0.00626	0.00491	0.00351	0.00826
5	0.01472	0.00895	0.01194	0.08877	0.05640	0.00909	0.00896	0.04493	0.13239	0.23002	0.05319	0.17288	0.04474	0.01019	0.00625	0.00198	0.00477	0.08704	0.00544	0.00735
6	0.05899	0.00983	0.10905	0.00877	0.01149	0.00743	0.00780	0.04365	0.01478	0.06450	0.43618	0.10161	0.05614	0.01025	0.00615	0.00178	0.00388	0.00884	0.00535	0.03353
7	0.07302	0.14914	0.31940	0.04769	0.06414	0.01496	0.19416	0.01731	0.01190	0.01742	0.00981	0.01227	0.00753	0.00525	0.00570	0.00173	0.03368	0.00460	0.00261	0.00768
8	0.01238	0.04140	0.04457	0.01738	0.25277	0.04214	0.01063	0.04227	0.04640	0.06966	0.06360	0.25146	0.06194	0.01000	0.00608	0.00187	0.00516	0.00889	0.00434	0.00707
9	0.00747	0.00545	0.00690	0.00732	0.00819	0.00499	0.00505	0.00888	0.01204	0.01638	0.22204	0.43250	0.09344	0.09688	0.00911	0.00239	0.00334	0.01282	0.00521	0.03958
10	0.19787	0.05450	0.03652	0.03752	0.31053	0.01129	0.01102	0.01449	0.01163	0.01853	0.01830	0.14119	0.09865	0.00812	0.00537	0.00179	0.00521	0.00696	0.00357	0.00694
11	0.19427	0.01140	0.01388	0.01570	0.21125	0.01205	0.00969	0.18955	0.01463	0.03856	0.01295	0.04078	0.01131	0.11511	0.00820	0.00218	0.00543	0.00534	0.04953	0.03818
12	0.26034	0.23038	0.01826	0.07280	0.14226	0.06803	0.01026	0.07080	0.01258	0.01952	0.01100	0.01265	0.03917	0.00564	0.00443	0.00158	0.00591	0.00408	0.00319	0.00712
13	0.25417	0.20716	0.03499	0.08900	0.01574	0.07284	0.00902	0.10077	0.01287	0.01981	0.04235	0.01411	0.01031	0.06061	0.03362	0.00211	0.00622	0.00430	0.00339	0.00663
14	0.36395	0.05516	0.07285	0.06998	0.03489	0.01139	0.00895	0.01777	0.01139	0.16950	0.01197	0.01417	0.00910	0.00688	0.00579	0.06258	0.00521	0.02496	0.00390	0.03959
15	0.15348	0.09715	0.10656	0.15920	0.26114	0.04164	0.01399	0.07102	0.01286	0.01932	0.00982	0.01240	0.00779	0.00534	0.00499	0.00168	0.00665	0.00433	0.00298	0.00768
16	0.06342	0.09821	0.15087	0.05945	0.17778	0.07729	0.05859	0.10953	0.01405	0.01935	0.05172	0.01432	0.01060	0.00673	0.00643	0.05927	0.00686	0.00481	0.00324	0.00748
17	0.01537	0.22916	0.22754	0.01828	0.21044	0.06897	0.01463	0.04810	0.01327	0.08836	0.01080	0.01228	0.00836	0.00536	0.00496	0.00157	0.00700	0.00421	0.00309	0.00822

[dist]
# distance from previous block
# <min> <max>
7	25

[block]
# block no. 1 follows, 42 sequences, length 31
# corresponding to MSA columns:
# 515-545
name=unknown_B
#
# <colnr> <probs for GDERKNQSTAVLIFYWHMCP>
#	G	D	E	R	K	N	Q	S	T	A	V	L	I	F	Y	W	H	M	C	P
0	0.16269	0.20086	0.12361	0.05108	0.17091	0.03484	0.03680	0.01698	0.01206	0.05506	0.04916	0.04084	0.01114	0.00596	0.00484	0.00163	0.00614	0.00477	0.00322	0.00739
1	0.07755	0.18364	0.20989	0.07723	0.07771	0.06572	0.04782	0.01682	0.01256	0.04279	0.08194	0.01748	0.01328	0.00643	0.00519	0.00168	0.00668	0.04513	0.00324	0.00722
2	0.04019	0.43066	0.07333	0.03180	0.04789	0.17130	0.01084	0.01728	0.01224	0.01437	0.01044	0.03694	0.02956	0.00603	0.00511	0.00146	0.04674	0.00412	0.00273	0.00696
3	0.19004	0.44577	0.10310	0.01018	0.01504	0.01818	0.01013	0.08583	0.01270	0.05148	0.00923	0.01022	0.00749	0.00523	0.00405	0.00145	0.00588	0.00345	0.00313	0.00742
4	0.01482	0.07206	0.03263	0.01035	0.03184	0.00988	0.02870	0.05073	0.03816	0.16128	0.01321	0.01429	0.01012	0.00814	0.06777	0.00185	0.00572	0.00430	0.00406	0.42007
5	0.01093	0.03178	0.04908	0.00926	0.01123	0.04940	0.00743	0.09852	0.01251	0.01687	0.09097	0.02742	0.01907	0.22497	0.23013	0.00475	0.00831	0.04987	0.00384	0.04368
6	0.00950	0.00928	0.06523	0.09189	0.01505	0.00874	0.04699	0.01165	0.01132	0.03287	0.07774	0.36311	0.04250	0.01210	0.00832	0.00207	0.12433	0.01035	0.00420	0.05277
7	0.01005	0.08900	0.01127	0.01014	0.01183	0.00842	0.00887	0.03684	0.01299	0.01677	0.02631	0.05470	0.02836	0.05805	0.00844	0.00258	0.00532	0.58982	0.00481	0.00544
8	0.03903	0.40147	0.02164	0.01087	0.01504	0.06848	0.00958	0.13154	0.21277	0.01972	0.01276	0.01298	0.01020	0.00594	0.00457	0.00150	0.00585	0.00426	0.00384	0.00795
9	0.01422	0.20850	0.23232	0.01117	0.01663	0.01285	0.01164	0.03762	0.01264	0.12284	0.01279	0.06775	0.01058	0.00608	0.00483	0.00145	0.00588	0.00476	0.00354	0.20192
10	0.01301	0.20253	0.48363	0.01421	0.02106	0.01458	0.05554	0.01791	0.01224	0.06625	0.02886	0.01332	0.02189	0.00560	0.00509	0.00166	0.00740	0.00440	0.00285	0.00798
11	0.01141	0.02827	0.72866	0.01650	0.02466	0.01314	0.06436	0.01783	0.01197	0.01783	0.01018	0.01208	0.00721	0.00531	0.00542	0.00179	0.00839	0.00431	0.00240	0.00827
12	0.01063	0.01000	0.01688	0.78870	0.03876	0.01250	0.01563	0.01438	0.01125	0.01438	0.01000	0.01500	0.00750	0.00563	0.00563	0.00188	0.00750	0.00500	0.00250	0.00625
13	0.01161	0.01040	0.01772	0.45980	0.17125	0.01164	0.06732	0.01496	0.01193	0.04852	0.01439	0.08156	0.04124	0.00685	0.00586	0.00187	0.00683	0.00634	0.00311	0.00680
14	0.01169	0.02511	0.60376	0.01487	0.02198	0.01298	0.01803	0.01986	0.15263	0.01906	0.03794	0.01462	0.01058	0.00599	0.00546	0.00181	0.00740	0.00478	0.00314	0.00833
15	0.00906	0.00513	0.00737	0.00780	0.00804	0.00507	0.00547	0.00806	0.00880	0.01167	0.01689	0.17182	0.01853	0.05031	0.01749	0.52938	0.00465	0.10779	0.00339	0.00326
16	0.01063	0.01000	0.01688	0.78870	0.03876	0.01250	0.01563	0.01438	0.01125	0.01438	0.01000	0.01500	0.00750	0.00563	0.00563	0.00188	0.00750	0.00500	0.00250	0.00625
17	0.01254	0.01149	0.04249	0.55864	0.13409	0.01270	0.03382	0.05369	0.01259	0.05844	0.01098	0.01492	0.00817	0.00565	0.00564	0.00183	0.00725	0.00506	0.00295	0.00707
18	0.01488	0.01337	0.02083	0.04997	0.59000	0.03008	0.01556	0.05098	0.08427	0.05638	0.01240	0.01478	0.00990	0.00547	0.00558	0.00170	0.00646	0.00515	0.00339	0.00885
19	0.00665	0.00570	0.00570	0.00570	0.00760	0.00475	0.00428	0.00808	0.01283	0.01520	0.05701	0.05416	0.76483	0.01425	0.00665	0.00190	0.00285	0.01188	0.00523	0.00475
20	0.01065	0.01065	0.04235	0.76267	0.03827	0.01252	0.01580	0.01449	0.01127	0.01449	0.01001	0.01490	0.00749	0.00562	0.00562	0.00187	0.00753	0.00497	0.00250	0.00632
21	0.04092	0.12274	0.45738	0.01671	0.04733	0.01423	0.15374	0.01810	0.01222	0.05049	0.01052	0.01243	0.00772	0.00522	0.00533	0.00172	0.00790	0.00453	0.00272	0.00804
22	0.00822	0.00592	0.00788	0.00783	0.00915	0.00558	0.00617	0.01086	0.01525	0.02126	0.59584	0.04695	0.04835	0.01243	0.00690	0.00196	0.00323	0.17498	0.00596	0.00528
23	0.00731	0.00570	0.00676	0.00740	0.00876	0.00514	0.00572	0.00892	0.01235	0.01541	0.04374	0.23967	0.40076	0.01541	0.00707	0.00217	0.00354	0.19412	0.00521	0.00482
24	0.01529	0.57917	0.05628	0.01200	0.07431	0.03058	0.01048	0.07282	0.01300	0.03258	0.02727	0.01126	0.00899	0.00527	0.00414	0.00133	0.00603	0.00368	0.02801	0.00752
25	0.03328	0.01151	0.01708	0.17933	0.28457	0.03238	0.02947	0.06009	0.05989	0.05152	0.01574	0.02473	0.01407	0.00766	0.00601	0.00192	0.00639	0.15307	0.00377	0.00751
26	0.01571	0.01589	0.03389	0.01408	0.06686	0.24684	0.01066	0.08255	0.01453	0.06404	0.11352	0.01950	0.01588	0.00977	0.04520	0.00219	0.17422	0.04400	0.00385	0.00681
27	0.01150	0.00983	0.01149	0.00832	0.01316	0.00740	0.00662	0.01395	0.01164	0.01820	0.01073	0.03893	0.00934	0.00463	0.00427	0.00088	0.00414	0.00377	0.00340	0.80780
28	0.01405	0.41886	0.27133	0.01224	0.01778	0.08840	0.01330	0.01771	0.02885	0.01535	0.03455	0.01151	0.00897	0.00546	0.00474	0.00147	0.02151	0.00380	0.00265	0.00747
29	0.00881	0.00694	0.00810	0.00760	0.00940	0.00683	0.00576	0.01370	0.15509	0.02113	0.46828	0.04074	0.20331	0.01138	0.00647	0.00182	0.00304	0.00983	0.00589	0.00587
30	0.01364	0.03586	0.49569	0.08092	0.05436	0.01257	0.07529	0.01894	0.01260	0.12968	0.01198	0.01352	0.00836	0.00554	0.00550	0.00178	0.00771	0.00466	0.00312	0.00828

[dist]
# distance from previous block
# <min> <max>
1	4

[block]
# block no. 2 follows, 42 sequences, length 32
# corresponding to MSA columns:
# 550-571,573-582
name=unknown_C
#
# <colnr> <probs for GDERKNQSTAVLIFYWHMCP>
#	G	D	E	R	K	N	Q	S	T	A	V	L	I	F	Y	W	H	M	C	P
0	0.00960	0.00808	0.02520	0.00854	0.01054	0.00791	0.00663	0.04042	0.20482	0.01993	0.22571	0.17826	0.18769	0.01204	0.00648	0.00195	0.00359	0.03086	0.00556	0.00619
1	0.01522	0.73876	0.05440	0.01010	0.01494	0.06095	0.01008	0.01717	0.01168	0.01343	0.00795	0.00918	0.00722	0.00488	0.00375	0.00124	0.00631	0.00308	0.00243	0.00722
2	0.01250	0.02819	0.01160	0.00900	0.01292	0.05525	0.00713	0.01501	0.02951	0.06918	0.01513	0.11981	0.01428	0.00711	0.00499	0.00128	0.00458	0.05429	0.00397	0.52430
3	0.01152	0.11724	0.20791	0.00998	0.01395	0.00983	0.01017	0.01488	0.01392	0.10065	0.29852	0.02923	0.10474	0.00893	0.00583	0.00173	0.00487	0.02469	0.00467	0.00674
4	0.01159	0.06682	0.63134	0.01667	0.04786	0.01340	0.07579	0.01748	0.01197	0.01752	0.01069	0.03452	0.00816	0.00561	0.00542	0.00177	0.00809	0.00466	0.00251	0.00812
5	0.01253	0.01194	0.02031	0.35461	0.45800	0.01300	0.01657	0.01604	0.01215	0.01668	0.01034	0.01438	0.00831	0.00527	0.00559	0.00176	0.00703	0.00501	0.00266	0.00778
6	0.01229	0.01138	0.01857	0.30437	0.37678	0.01239	0.01509	0.03254	0.04807	0.01726	0.01295	0.06624	0.01138	0.00655	0.00577	0.00183	0.00660	0.02926	0.00312	0.00756
7	0.01507	0.01205	0.01737	0.12909	0.31808	0.06000	0.03731	0.04136	0.01385	0.15268	0.01962	0.02090	0.12404	0.00695	0.00576	0.00174	0.00618	0.00614	0.00397	0.00785
8	0.01348	0.01287	0.02207	0.07176	0.66802	0.01297	0.03687	0.01684	0.01275	0.01808	0.01163	0.01672	0.01011	0.00561	0.00572	0.00174	0.00672	0.04459	0.00290	0.00854
9	0.00937	0.00647	0.00901	0.01011	0.01145	0.00640	0.00873	0.01190	0.01310	0.03736	0.06480	0.08739	0.03305	0.01520	0.00764	0.00252	0.00498	0.64994	0.00528	0.00528
10	0.01243	0.01516	0.09279	0.11707	0.02896	0.01338	0.55299	0.01699	0.01277	0.01735	0.01219	0.05832	0.00988	0.00562	0.00644	0.00191	0.00880	0.00675	0.00290	0.00732
11	0.01353	0.01656	0.15765	0.05000	0.55890	0.03420	0.05262	0.01747	0.01271	0.01804	0.01047	0.01355	0.00849	0.00510	0.00557	0.00170	0.00723	0.00490	0.00271	0.00861
12	0.00686	0.00490	0.00653	0.00784	0.00816	0.00457	0.00522	0.00784	0.01077	0.01437	0.03102	0.79855	0.03722	0.01763	0.00718	0.00229	0.00326	0.01600	0.00522	0.00457
13	0.00702	0.00505	0.00669	0.00795	0.00841	0.00472	0.00548	0.00814	0.01102	0.01459	0.03190	0.71390	0.06424	0.01734	0.00721	0.00229	0.00340	0.07078	0.00522	0.00462
14	0.02192	0.05844	0.05016	0.01084	0.01515	0.05737	0.00926	0.04520	0.12889	0.51206	0.01985	0.01781	0.01319	0.00679	0.00550	0.00172	0.00534	0.00540	0.00601	0.00909
15	0.01487	0.56072	0.06977	0.01508	0.15065	0.05620	0.03176	0.01728	0.01197	0.01458	0.00859	0.01029	0.00756	0.00493	0.00421	0.00135	0.00656	0.00356	0.00251	0.00756
16	0.00804	0.00603	0.00904	0.00904	0.01005	0.00703	0.00703	0.01005	0.00904	0.01306	0.01507	0.02211	0.01407	0.04221	0.77992	0.00904	0.01507	0.00603	0.00301	0.00502
17	0.04336	0.01250	0.08733	0.01042	0.01572	0.00912	0.06638	0.04102	0.01226	0.01913	0.01016	0.01194	0.00819	0.00446	0.00450	0.00107	0.00507	0.00373	0.00329	0.63033
18	0.00686	0.00490	0.00653	0.00784	0.00816	0.00457	0.00522	0.00784	0.01077	0.01437	0.03102	0.79855	0.03722	0.01763	0.00718	0.00229	0.00326	0.01600	0.00522	0.00457
19	0.00796	0.00575	0.00752	0.00708	0.00841	0.00531	0.00531	0.01062	0.01593	0.02257	0.76415	0.04204	0.05310	0.01150	0.00664	0.00177	0.00265	0.01018	0.00619	0.00531
20	0.00800	0.00578	0.00758	0.00719	0.00852	0.00535	0.00544	0.01066	0.01583	0.02237	0.73855	0.04278	0.05238	0.01165	0.00668	0.00180	0.00274	0.03524	0.00616	0.00531
21	0.01284	0.17338	0.56850	0.01471	0.02190	0.08182	0.01785	0.01805	0.01215	0.01662	0.00955	0.01120	0.00716	0.00529	0.00500	0.00165	0.00805	0.00390	0.00243	0.00796
22	0.01142	0.05715	0.74621	0.01581	0.02400	0.01340	0.02039	0.01779	0.01187	0.01766	0.01002	0.01178	0.00713	0.00533	0.00528	0.00176	0.00823	0.00412	0.00238	0.00828
23	0.01297	0.37692	0.44000	0.01317	0.01992	0.01719	0.01579	0.01739	0.01168	0.01577	0.00908	0.01060	0.00717	0.00511	0.00457	0.00152	0.00729	0.00364	0.00239	0.00783
24	0.01505	0.80561	0.02949	0.00963	0.01444	0.02227	0.00963	0.01685	0.01143	0.01324	0.00782	0.00903	0.00722	0.00481	0.00361	0.00120	0.00602	0.00301	0.00241	0.00722
25	0.01167	0.01000	0.01167	0.00834	0.01334	0.00750	0.00667	0.01417	0.01167	0.01834	0.01000	0.01167	0.00834	0.00417	0.00417	0.00083	0.00417	0.00333	0.00333	0.83663
26	0.01707	0.47176	0.07620	0.01167	0.01609	0.26668	0.01076	0.01911	0.01309	0.03983	0.00876	0.00994	0.00746	0.00524	0.00428	0.00134	0.00747	0.00338	0.00272	0.00715
27	0.00978	0.00489	0.00733	0.00733	0.00733	0.00489	0.00489	0.00733	0.00733	0.00978	0.00978	0.01711	0.00978	0.01955	0.02199	0.83627	0.00489	0.00489	0.00244	0.00244
28	0.01167	0.01000	0.01167	0.00834	0.01334	0.00750	0.00667	0.01417	0.01167	0.01834	0.01000	0.01167	0.00834	0.00417	0.00417	0.00083	0.00417	0.00333	0.00333	0.83663
29	0.01173	0.11971	0.68631	0.01529	0.02320	0.01414	0.01949	0.01771	0.01183	0.01729	0.00983	0.01155	0.00714	0.00528	0.00514	0.00171	0.00805	0.00402	0.00238	0.00819
30	0.01505	0.80561	0.02949	0.00963	0.01444	0.02227	0.00963	0.01685	0.01143	0.01324	0.00782	0.00903	0.00722	0.00481	0.00361	0.00120	0.00602	0.00301	0.00241	0.00722
31	0.02472	0.03601	0.01380	0.01015	0.01453	0.00920	0.00844	0.06420	0.01649	0.70828	0.02128	0.01853	0.01349	0.00688	0.00559	0.00172	0.00490	0.00554	0.00675	0.00950

[dist]
# distance from previous block
# <min> <max>
0	1

[block]
# block no. 3 follows, 42 sequences, length 23
# corresponding to MSA columns:
# 585-607
name=unknown_D
#
# <colnr> <probs for GDERKNQSTAVLIFYWHMCP>
#	G	D	E	R	K	N	Q	S	T	A	V	L	I	F	Y	W	H	M	C	P
0	0.01478	0.75034	0.08242	0.01009	0.01515	0.02161	0.01042	0.01692	0.01147	0.01357	0.00799	0.00923	0.00722	0.00485	0.00373	0.00124	0.00618	0.00309	0.00241	0.00730
1	0.84197	0.01088	0.00827	0.00740	0.01088	0.01262	0.00609	0.01654	0.00958	0.02525	0.00784	0.00914	0.00609	0.00522	0.00348	0.00174	0.00435	0.00305	0.00348	0.00609
2	0.01040	0.00772	0.01142	0.28156	0.01934	0.03098	0.00952	0.01092	0.00963	0.01241	0.01202	0.02127	0.01139	0.01353	0.01405	0.40067	0.02924	0.08683	0.00279	0.00432
3	0.84197	0.01088	0.00827	0.00740	0.01088	0.01262	0.00609	0.01654	0.00958	0.02525	0.00784	0.00914	0.00609	0.00522	0.00348	0.00174	0.00435	0.00305	0.00348	0.00609
4	0.00818	0.00546	0.00614	0.00614	0.00614	0.00546	0.00341	0.00818	0.00818	0.01091	0.01773	0.03683	0.02046	0.80222	0.02864	0.00546	0.00546	0.00818	0.00341	0.00341
5	0.08445	0.01995	0.01651	0.01575	0.10571	0.35080	0.01119	0.28630	0.01892	0.02313	0.01061	0.01174	0.00820	0.00601	0.00521	0.00159	0.00784	0.00427	0.00393	0.00789
6	0.00731	0.00511	0.00649	0.00741	0.00767	0.00489	0.00480	0.00805	0.01007	0.01342	0.02707	0.55286	0.03214	0.24874	0.01352	0.00323	0.00397	0.03432	0.00469	0.00425
7	0.35822	0.33121	0.01827	0.00949	0.01352	0.09653	0.00838	0.07733	0.01237	0.02009	0.00839	0.00956	0.00695	0.00525	0.00388	0.00149	0.00577	0.00326	0.00317	0.00688
8	0.01328	0.01518	0.03321	0.02372	0.02941	0.01423	0.74668	0.01803	0.01328	0.01803	0.01139	0.01518	0.00854	0.00474	0.00664	0.00190	0.00949	0.00664	0.00285	0.00759
9	0.00818	0.00546	0.00614	0.00614	0.00614	0.00546	0.00341	0.00818	0.00818	0.01091	0.01773	0.03683	0.02046	0.80222	0.02864	0.00546	0.00546	0.00818	0.00341	0.00341
10	0.00818	0.00546	0.00614	0.00614	0.00614	0.00546	0.00341	0.00818	0.00818	0.01091	0.01773	0.03683	0.02046	0.80222	0.02864	0.00546	0.00546	0.00818	0.00341	0.00341
11	0.01796	0.42613	0.02289	0.01200	0.01588	0.39130	0.01024	0.01959	0.01363	0.01350	0.00825	0.00957	0.00724	0.00529	0.00432	0.00132	0.00803	0.00331	0.00265	0.00688
12	0.01434	0.01415	0.02244	0.03338	0.72370	0.05775	0.01690	0.01757	0.01300	0.01812	0.01048	0.01371	0.00882	0.00506	0.00554	0.00166	0.00689	0.00493	0.00279	0.00878
13	0.00681	0.00574	0.00592	0.00596	0.00781	0.00485	0.00453	0.00834	0.01296	0.01559	0.08581	0.05405	0.70320	0.01419	0.00670	0.00192	0.00294	0.04263	0.00527	0.00479
14	0.01422	0.01218	0.01320	0.05655	0.01619	0.01411	0.00940	0.07001	0.67207	0.02369	0.02162	0.02022	0.01618	0.00747	0.00571	0.00189	0.00473	0.00621	0.00553	0.00879
15	0.00672	0.00570	0.00580	0.00577	0.00764	0.00478	0.00433	0.00821	0.01299	0.01558	0.09370	0.05353	0.72790	0.01411	0.00665	0.00189	0.00284	0.01179	0.00528	0.00478
16	0.01388	0.01351	0.02366	0.03369	0.70878	0.01344	0.07495	0.01733	0.01285	0.01836	0.01065	0.01403	0.00888	0.00499	0.00566	0.00169	0.00691	0.00514	0.00279	0.00881
17	0.02084	0.02325	0.01545	0.01367	0.01672	0.61447	0.01042	0.02241	0.01549	0.11395	0.01048	0.01149	0.00818	0.00606	0.00568	0.00151	0.04234	0.00394	0.00344	0.04022
18	0.01246	0.01594	0.24443	0.01409	0.09956	0.06949	0.02794	0.01628	0.01431	0.09280	0.30287	0.02442	0.02581	0.00787	0.00591	0.00174	0.00577	0.00674	0.00440	0.00719
19	0.01348	0.01283	0.02140	0.13760	0.62070	0.01329	0.01654	0.01764	0.05763	0.01814	0.01125	0.01451	0.00922	0.00526	0.00559	0.00171	0.00666	0.00509	0.00292	0.00854
20	0.01468	0.01338	0.02182	0.06277	0.67174	0.03408	0.01648	0.01791	0.01304	0.06365	0.01121	0.01418	0.00912	0.00518	0.00557	0.00168	0.00670	0.00501	0.00303	0.00878
21	0.01422	0.52227	0.20909	0.05863	0.01851	0.06417	0.01279	0.01727	0.01180	0.01446	0.00856	0.01015	0.00722	0.00505	0.00424	0.00140	0.00691	0.00345	0.00243	0.00739
22	0.01505	0.53017	0.09510	0.01312	0.08774	0.11343	0.01138	0.01743	0.01234	0.01459	0.03807	0.01119	0.00918	0.00527	0.00426	0.00135	0.00667	0.00367	0.00265	0.00732

[dist]
# distance from previous block
# <min> <max>
5	13

[block]
# block no. 4 follows, 42 sequences, length 7
# corresponding to MSA columns:
# 632-637,639
name=unknown_E
#
# <colnr> <probs for GDERKNQSTAVLIFYWHMCP>
#	G	D	E	R	K	N	Q	S	T	A	V	L	I	F	Y	W	H	M	C	P
0	0.08642	0.05463	0.01896	0.02229	0.35594	0.22004	0.01309	0.09038	0.01461	0.01916	0.00997	0.01212	0.00818	0.00536	0.00511	0.00156	0.00722	0.00430	0.00316	0.04749
1	0.01145	0.02698	0.67489	0.01613	0.02406	0.01282	0.07180	0.01762	0.01197	0.01787	0.01019	0.01210	0.00730	0.00523	0.00537	0.00173	0.00815	0.00429	0.00247	0.05757
2	0.00741	0.00595	0.00665	0.00657	0.00823	0.00535	0.00489	0.00986	0.04923	0.01772	0.26353	0.11159	0.45609	0.01340	0.00665	0.00189	0.00290	0.01145	0.00554	0.00510
3	0.00899	0.00753	0.00813	0.00762	0.00912	0.07065	0.00572	0.01147	0.01575	0.02139	0.65826	0.04007	0.09162	0.01119	0.00651	0.00175	0.00330	0.00973	0.00586	0.00538
4	0.00978	0.00489	0.00733	0.00733	0.00733	0.00489	0.00489	0.00733	0.00733	0.00978	0.00978	0.01711	0.00978	0.01955	0.02199	0.83627	0.00489	0.00489	0.00244	0.00244
5	0.01295	0.01681	0.12968	0.02206	0.02769	0.01430	0.59779	0.01768	0.01276	0.01768	0.01093	0.01454	0.00827	0.00519	0.00733	0.00192	0.06591	0.00619	0.00276	0.00758
6	0.01505	0.80561	0.02949	0.00963	0.01444	0.02227	0.00963	0.01685	0.01143	0.01324	0.00782	0.00903	0.00722	0.00481	0.00361	0.00120	0.00602	0.00301	0.00241	0.00722

[dist]
# distance from previous block
# <min> <max>
0	3

[block]
# block no. 5 follows, 42 sequences, length 28
# corresponding to MSA columns:
# 643-670
name=unknown_F
#
# <colnr> <probs for GDERKNQSTAVLIFYWHMCP>
#	G	D	E	R	K	N	Q	S	T	A	V	L	I	F	Y	W	H	M	C	P
0	0.00665	0.00570	0.00570	0.00570	0.00760	0.00475	0.00428	0.00808	0.01283	0.01520	0.05701	0.05416	0.76483	0.01425	0.00665	0.00190	0.00285	0.01188	0.00523	0.00475
1	0.01156	0.01092	0.01872	0.54200	0.21636	0.01256	0.04962	0.01522	0.01175	0.01575	0.01048	0.01494	0.00812	0.00547	0.00560	0.00181	0.00723	0.00509	0.02986	0.00694
2	0.01248	0.00998	0.01175	0.00844	0.01340	0.00755	0.00676	0.01496	0.01194	0.06346	0.01073	0.01212	0.00867	0.00434	0.00426	0.00089	0.00420	0.00347	0.00355	0.78704
3	0.00679	0.00571	0.00590	0.00585	0.00769	0.00481	0.00439	0.00835	0.01316	0.01599	0.13287	0.05286	0.68848	0.01396	0.00665	0.00189	0.00283	0.01169	0.00533	0.00481
4	0.01285	0.01221	0.02075	0.24465	0.53995	0.01291	0.01656	0.01629	0.01238	0.01722	0.01102	0.01577	0.00925	0.00551	0.00566	0.00176	0.00687	0.02756	0.00278	0.00805
5	0.01478	0.76051	0.02895	0.00997	0.01469	0.02159	0.02839	0.01667	0.01141	0.01336	0.00814	0.00959	0.00747	0.00598	0.02786	0.00147	0.00639	0.00320	0.00244	0.00716
6	0.00704	0.00558	0.00634	0.00652	0.00798	0.00488	0.00480	0.00868	0.01313	0.01671	0.20788	0.19164	0.45271	0.01431	0.00678	0.00196	0.00294	0.02982	0.00544	0.00485
7	0.01392	0.01258	0.01761	0.05280	0.36580	0.01357	0.01304	0.04304	0.34626	0.02109	0.03098	0.01768	0.01344	0.00639	0.00567	0.00179	0.00563	0.00572	0.00424	0.00875
8	0.03312	0.01136	0.01262	0.01074	0.01425	0.01226	0.00853	0.10382	0.43012	0.20259	0.02408	0.02210	0.07329	0.00785	0.00573	0.00184	0.00459	0.00642	0.00593	0.00876
9	0.01984	0.01144	0.06131	0.07594	0.07047	0.00983	0.08464	0.03780	0.01495	0.46406	0.03947	0.03827	0.01413	0.00699	0.00585	0.00180	0.00577	0.02330	0.00549	0.00864
10	0.01224	0.20447	0.56673	0.01498	0.02237	0.01521	0.05527	0.01761	0.01185	0.01679	0.00965	0.01140	0.00722	0.00520	0.00502	0.00166	0.00786	0.00402	0.00241	0.00803
11	0.00978	0.00489	0.00733	0.00733	0.00733	0.00489	0.00489	0.00733	0.00733	0.00978	0.00978	0.01711	0.00978	0.01955	0.02199	0.83627	0.00489	0.00489	0.00244	0.00244
12	0.01210	0.19683	0.61246	0.01466	0.02222	0.01506	0.01838	0.01761	0.01178	0.01683	0.00961	0.01126	0.00715	0.00523	0.00497	0.00166	0.00782	0.00391	0.00238	0.00808
13	0.01378	0.25017	0.48282	0.01359	0.02050	0.01523	0.01632	0.01851	0.01218	0.09249	0.01067	0.01180	0.00784	0.00536	0.00488	0.00161	0.00730	0.00398	0.00285	0.00813
14	0.01750	0.01201	0.01335	0.01133	0.01495	0.01317	0.00900	0.12498	0.49364	0.19269	0.02150	0.01959	0.01544	0.00737	0.00570	0.00184	0.00476	0.00603	0.00599	0.00915
15	0.00790	0.00575	0.00744	0.00702	0.00837	0.00528	0.00526	0.01050	0.01579	0.02223	0.73129	0.04260	0.08617	0.01163	0.00664	0.00178	0.00266	0.01026	0.00615	0.00528
16	0.00815	0.00547	0.00627	0.00630	0.00635	0.00550	0.00361	0.00826	0.00828	0.01108	0.01793	0.05383	0.02058	0.75177	0.06007	0.00554	0.00581	0.00827	0.00344	0.00351
17	0.01390	0.01322	0.02142	0.02924	0.57124	0.01355	0.05932	0.01986	0.16281	0.01940	0.01312	0.01543	0.01056	0.00553	0.00567	0.00173	0.00640	0.00538	0.00338	0.00883
18	0.01531	0.77107	0.02889	0.00985	0.01457	0.05586	0.00968	0.01710	0.01163	0.01326	0.00786	0.00908	0.00722	0.00486	0.00368	0.00121	0.00620	0.00304	0.00243	0.00719
19	0.00721	0.00557	0.00591	0.00598	0.00711	0.00499	0.00402	0.00810	0.01105	0.01362	0.04146	0.09262	0.45609	0.29510	0.01452	0.00319	0.00380	0.01081	0.00458	0.00426
20	0.18588	0.01571	0.01456	0.01185	0.01580	0.10923	0.00959	0.43045	0.10485	0.02940	0.01285	0.01307	0.00945	0.00643	0.00514	0.00170	0.00611	0.00463	0.00487	0.00842
21	0.01278	0.01066	0.01226	0.00886	0.01380	0.00863	0.00713	0.09767	0.01335	0.02029	0.01040	0.01188	0.00848	0.00446	0.00433	0.00093	0.00440	0.00353	0.00360	0.74256
22	0.00933	0.00560	0.00747	0.00822	0.00915	0.00521	0.00590	0.01068	0.01165	0.10096	0.02933	0.60127	0.03307	0.01572	0.00693	0.00221	0.00360	0.08630	0.04215	0.00523
23	0.00717	0.00574	0.00622	0.00626	0.00783	0.00503	0.00465	0.00867	0.01270	0.01576	0.14002	0.05133	0.53747	0.10361	0.00923	0.00234	0.00329	0.06284	0.00514	0.00470
24	0.00905	0.00687	0.00798	0.00729	0.00917	0.00650	0.00558	0.09367	0.01609	0.02158	0.44300	0.04283	0.28546	0.01188	0.00653	0.00180	0.00312	0.01016	0.00581	0.00561
25	0.00713	0.00509	0.00677	0.00779	0.00816	0.00494	0.00524	0.00812	0.01030	0.01385	0.02780	0.62985	0.03282	0.10324	0.09733	0.00339	0.00484	0.01404	0.00478	0.00450
26	0.00949	0.00689	0.00859	0.00775	0.00944	0.00669	0.00592	0.09452	0.01713	0.02403	0.67878	0.03879	0.04815	0.01096	0.00652	0.00176	0.00306	0.00960	0.00613	0.00579
27	0.01250	0.01229	0.01672	0.01440	0.01476	0.01687	0.01193	0.01540	0.09373	0.01468	0.00915	0.01330	0.00850	0.00960	0.01702	0.00240	0.70236	0.00509	0.00283	0.00647

[dist]
# distance from previous block
# <min> <max>
0	5

[block]
# block no. 6 follows, 42 sequences, length 97
# corresponding to MSA columns:
# 676-685,688-774
name=unknown_G
#
# <colnr> <probs for GDERKNQSTAVLIFYWHMCP>
#	G	D	E	R	K	N	Q	S	T	A	V	L	I	F	Y	W	H	M	C	P
0	0.02021	0.02546	0.01571	0.01434	0.01707	0.72007	0.01085	0.02170	0.01556	0.01389	0.00952	0.01241	0.00828	0.00635	0.00567	0.00153	0.03854	0.03340	0.00298	0.00646
1	0.01047	0.00979	0.01646	0.75671	0.03751	0.01218	0.01520	0.01411	0.01123	0.01438	0.01086	0.04710	0.00872	0.00612	0.00569	0.00189	0.00733	0.00545	0.00261	0.00618
2	0.00799	0.00598	0.00894	0.00899	0.00997	0.00693	0.00696	0.00996	0.00912	0.01312	0.01573	0.05392	0.01502	0.04120	0.74826	0.00877	0.01459	0.00644	0.00311	0.00501
3	0.01347	0.01290	0.02201	0.13925	0.66599	0.01325	0.01704	0.01687	0.01260	0.01783	0.01050	0.01408	0.00872	0.00510	0.00558	0.00170	0.00680	0.00501	0.00275	0.00854
4	0.01062	0.01049	0.04415	0.72842	0.03695	0.01221	0.01538	0.01422	0.01112	0.01432	0.01000	0.01498	0.00758	0.00619	0.00629	0.03605	0.00742	0.00497	0.00249	0.00617
5	0.01150	0.00983	0.01149	0.00832	0.01316	0.00740	0.00662	0.01395	0.01164	0.01820	0.01073	0.03898	0.00934	0.00463	0.00427	0.00088	0.00414	0.00377	0.00340	0.80775
6	0.01356	0.01409	0.05177	0.06961	0.57702	0.01346	0.14251	0.01728	0.01278	0.01810	0.01068	0.01412	0.00871	0.00501	0.00575	0.00172	0.00727	0.00526	0.00277	0.00853
7	0.01182	0.13997	0.66691	0.01512	0.02294	0.01438	0.01920	0.01768	0.01182	0.01717	0.00977	0.01147	0.00714	0.00527	0.00510	0.00170	0.00799	0.00399	0.00238	0.00816
8	0.02102	0.02682	0.01595	0.01450	0.01740	0.77963	0.01087	0.02247	0.01595	0.01377	0.00870	0.01015	0.00725	0.00580	0.00507	0.00145	0.01015	0.00362	0.00290	0.00652
9	0.01154	0.02775	0.72021	0.01581	0.02380	0.01277	0.03482	0.01783	0.01211	0.03425	0.03146	0.01295	0.00859	0.00554	0.00542	0.00178	0.00811	0.00441	0.00259	0.00825
10	0.01200	0.01109	0.01750	0.18006	0.34589	0.03644	0.03329	0.01517	0.01265	0.01694	0.01624	0.02905	0.01567	0.00835	0.00626	0.00199	0.00658	0.22423	0.00346	0.00713
11	0.01508	0.00737	0.00923	0.00784	0.01054	0.00643	0.00611	0.01691	0.01436	0.34430	0.15467	0.03546	0.25699	0.07920	0.00813	0.00212	0.00389	0.00858	0.00598	0.00682
12	0.01053	0.00943	0.01581	0.70094	0.03523	0.01165	0.01442	0.01359	0.01081	0.01386	0.00998	0.01524	0.00776	0.00719	0.00746	0.09558	0.00721	0.00499	0.00249	0.00582
13	0.01608	0.41164	0.14962	0.01236	0.03708	0.14929	0.01178	0.01959	0.06018	0.06954	0.01043	0.01133	0.00838	0.00541	0.00449	0.00144	0.00694	0.00377	0.00304	0.00761
14	0.02979	0.02695	0.66278	0.01682	0.02470	0.01321	0.11218	0.01782	0.01201	0.01801	0.01021	0.01224	0.00728	0.00527	0.00547	0.00180	0.00838	0.00445	0.00246	0.00818
15	0.00686	0.00490	0.00653	0.00784	0.00816	0.00457	0.00522	0.00784	0.01077	0.01437	0.03102	0.79855	0.03722	0.01763	0.00718	0.00229	0.00326	0.01600	0.00522	0.00457
16	0.01116	0.04312	0.60652	0.01446	0.02146	0.01239	0.01777	0.01778	0.06610	0.01871	0.10392	0.01619	0.01352	0.00626	0.00549	0.00178	0.00729	0.00503	0.00309	0.00796
17	0.01376	0.01337	0.02200	0.11648	0.66708	0.03410	0.01692	0.01710	0.01273	0.01782	0.01047	0.01394	0.00871	0.00510	0.00556	0.00169	0.00687	0.00498	0.00276	0.00856
18	0.02525	0.00958	0.01306	0.01001	0.01437	0.00827	0.00827	0.02743	0.01611	0.77102	0.02220	0.01915	0.01393	0.00697	0.00566	0.00174	0.00479	0.00566	0.00697	0.00958
19	0.00741	0.00573	0.00675	0.00650	0.00807	0.00507	0.00487	0.00954	0.01462	0.01945	0.46452	0.04717	0.35468	0.01267	0.00664	0.00183	0.00274	0.01090	0.00578	0.00507
20	0.01269	0.01722	0.18756	0.01717	0.04063	0.05008	0.14378	0.01579	0.01061	0.01543	0.00884	0.01267	0.00757	0.00763	0.01251	0.00214	0.42314	0.00500	0.00254	0.00698
21	0.00781	0.00625	0.00707	0.00726	0.00896	0.00578	0.00569	0.01047	0.06039	0.01662	0.11262	0.07141	0.45557	0.03596	0.00746	0.00215	0.00352	0.16462	0.00529	0.00512
22	0.00717	0.00562	0.00585	0.00585	0.00711	0.00499	0.00398	0.00811	0.01126	0.01375	0.04374	0.04830	0.51335	0.28046	0.01408	0.00310	0.00373	0.01063	0.00461	0.00430
23	0.00978	0.00489	0.00733	0.00733	0.00733	0.00489	0.00489	0.00733	0.00733	0.00978	0.00978	0.01711	0.00978	0.01955	0.02199	0.83627	0.00489	0.00489	0.00244	0.00244
24	0.01780	0.05671	0.23356	0.01497	0.01963	0.48302	0.03506	0.04553	0.01489	0.01577	0.00931	0.01086	0.00733	0.00563	0.00516	0.00156	0.00931	0.00389	0.00282	0.00720
25	0.01180	0.00723	0.00827	0.00756	0.00902	0.00808	0.00595	0.05997	0.03308	0.04230	0.01661	0.01935	0.01321	0.00918	0.05231	0.00198	0.11093	0.00528	0.57206	0.00586
26	0.18473	0.06377	0.01589	0.42102	0.04418	0.13511	0.01245	0.03183	0.01202	0.01699	0.00930	0.01258	0.00723	0.00553	0.00497	0.00173	0.00713	0.00425	0.00283	0.00645
27	0.00685	0.00493	0.00650	0.00775	0.00814	0.00458	0.00519	0.00785	0.01085	0.01440	0.03202	0.76993	0.06520	0.01750	0.00716	0.00227	0.00325	0.01584	0.00522	0.00458
28	0.01167	0.01000	0.01167	0.00834	0.01334	0.00750	0.00667	0.01417	0.01167	0.01834	0.01000	0.01167	0.00834	0.00417	0.00417	0.00083	0.00417	0.00333	0.00333	0.83663
29	0.02139	0.01576	0.01689	0.01295	0.01745	0.01745	0.01070	0.74835	0.02646	0.03547	0.01351	0.01351	0.00957	0.00676	0.00563	0.00169	0.00619	0.00507	0.00563	0.00957
30	0.01167	0.01000	0.01167	0.00834	0.01334	0.00750	0.00667	0.01417	0.01167	0.01834	0.01000	0.01167	0.00834	0.00417	0.00417	0.00083	0.00417	0.00333	0.00333	0.83663
31	0.01063	0.01000	0.01688	0.78870	0.03876	0.01250	0.01563	0.01438	0.01125	0.01438	0.01000	0.01500	0.00750	0.00563	0.00563	0.00188	0.00750	0.00500	0.00250	0.00625
32	0.01075	0.00549	0.00552	0.00543	0.00681	0.00553	0.00409	0.03042	0.01215	0.02132	0.01824	0.02081	0.01431	0.00656	0.00397	0.00132	0.00271	0.00524	0.81398	0.00535
33	0.00794	0.00576	0.00752	0.00710	0.00843	0.00534	0.00533	0.01055	0.01568	0.02216	0.72878	0.04180	0.06829	0.01236	0.02654	0.00196	0.00298	0.01011	0.00609	0.00529
34	0.02525	0.00958	0.01306	0.01001	0.01437	0.00827	0.00827	0.02743	0.01611	0.77102	0.02220	0.01915	0.01393	0.00697	0.00566	0.00174	0.00479	0.00566	0.00697	0.00958
35	0.00740	0.00565	0.00679	0.00667	0.00810	0.00504	0.00494	0.00946	0.01434	0.01918	0.44462	0.12075	0.30051	0.01307	0.00670	0.00187	0.00278	0.01135	0.00576	0.00504
36	0.01505	0.80561	0.02949	0.00963	0.01444	0.02227	0.00963	0.01685	0.01143	0.01324	0.00782	0.00903	0.00722	0.00481	0.00361	0.00120	0.00602	0.00301	0.00241	0.00722
37	0.02525	0.00958	0.01306	0.01001	0.01437	0.00827	0.00827	0.02743	0.01611	0.77102	0.02220	0.01915	0.01393	0.00697	0.00566	0.00174	0.00479	0.00566	0.00697	0.00958
38	0.00922	0.00661	0.00714	0.00681	0.00825	0.04219	0.00511	0.01172	0.01453	0.02117	0.46395	0.03533	0.09013	0.01001	0.00579	0.00163	0.00302	0.00857	0.24353	0.00531
39	0.01217	0.00692	0.00918	0.00843	0.02620	0.00633	0.00630	0.01496	0.03254	0.19569	0.52007	0.05546	0.06203	0.01046	0.00638	0.00178	0.00330	0.00913	0.00624	0.00642
40	0.01129	0.02911	0.77306	0.01604	0.02436	0.01307	0.02079	0.01782	0.01188	0.01782	0.01010	0.01188	0.00713	0.00535	0.00535	0.00178	0.00832	0.00416	0.00238	0.00832
41	0.01186	0.06529	0.01235	0.00958	0.01215	0.01072	0.00766	0.01739	0.19566	0.03860	0.15580	0.06313	0.02092	0.00823	0.00711	0.00167	0.11144	0.00647	0.07838	0.16560
42	0.01512	0.58652	0.16411	0.01109	0.01642	0.06206	0.01168	0.01779	0.01197	0.04623	0.00890	0.01004	0.00749	0.00506	0.00410	0.00135	0.00662	0.00337	0.00262	0.00748
43	0.00689	0.00492	0.00656	0.00781	0.00817	0.00459	0.00523	0.00791	0.01092	0.01460	0.05181	0.77709	0.03767	0.01746	0.00717	0.00227	0.00325	0.01583	0.00525	0.00459
44	0.00932	0.00605	0.00796	0.00731	0.00887	0.00554	0.00554	0.01194	0.01594	0.08114	0.70608	0.04025	0.05003	0.01115	0.00656	0.00177	0.00282	0.00982	0.00626	0.00564
45	0.01983	0.19861	0.03963	0.01265	0.04136	0.01731	0.01067	0.45602	0.02100	0.11000	0.01296	0.01306	0.00942	0.00623	0.00516	0.00158	0.00607	0.00463	0.00485	0.00897
46	0.02482	0.00967	0.01305	0.01007	0.01438	0.00849	0.00830	0.02752	0.04459	0.74227	0.02223	0.01923	0.01406	0.00699	0.00566	0.00175	0.00478	0.00569	0.00692	0.00955
47	0.00686	0.00490	0.00653	0.00784	0.00816	0.00457	0.00522	0.00784	0.01077	0.01437	0.03102	0.79855	0.03722	0.01763	0.00718	0.00229	0.00326	0.01600	0.00522	0.00457
48	0.04594	0.01477	0.02585	0.02815	0.41015	0.05929	0.29654	0.01784	0.01306	0.01824	0.01067	0.01400	0.00856	0.00497	0.00587	0.00175	0.00788	0.00548	0.00284	0.00816
49	0.00793	0.00575	0.00747	0.00704	0.00838	0.00529	0.00528	0.01055	0.01584	0.02235	0.74358	0.04239	0.07380	0.01158	0.00664	0.00177	0.00266	0.01023	0.00617	0.00529
50	0.02102	0.01549	0.01658	0.01277	0.01719	0.01715	0.01053	0.71815	0.04323	0.03492	0.01382	0.01382	0.00984	0.00677	0.00560	0.00169	0.00609	0.00510	0.02077	0.00948
51	0.20280	0.00765	0.00867	0.00775	0.01000	0.00766	0.02306	0.03375	0.01420	0.06821	0.40234	0.05496	0.11827	0.00997	0.00583	0.00179	0.00348	0.00838	0.00538	0.00584
52	0.00817	0.00550	0.00635	0.00635	0.00642	0.00557	0.00367	0.00832	0.00825	0.01107	0.01754	0.03576	0.02000	0.74731	0.08292	0.00572	0.00615	0.00803	0.00338	0.00353
53	0.01167	0.01000	0.01167	0.00834	0.01334	0.00750	0.00667	0.01417	0.01167	0.01834	0.01000	0.01167	0.00834	0.00417	0.00417	0.00083	0.00417	0.00333	0.00333	0.83663
54	0.01129	0.02911	0.77306	0.01604	0.02436	0.01307	0.02079	0.01782	0.01188	0.01782	0.01010	0.01188	0.00713	0.00535	0.00535	0.00178	0.00832	0.00416	0.00238	0.00832
55	0.00697	0.00547	0.00631	0.00661	0.00793	0.00481	0.00476	0.00851	0.01283	0.01641	0.18961	0.27357	0.40676	0.01471	0.00681	0.00199	0.00294	0.01277	0.00542	0.00481
56	0.00672	0.00545	0.00596	0.00637	0.00778	0.00469	0.00457	0.00800	0.01218	0.01494	0.04881	0.28904	0.53525	0.01532	0.00682	0.00202	0.00298	0.01318	0.00523	0.00469
57	0.00818	0.00546	0.00614	0.00614	0.00614	0.00546	0.00341	0.00818	0.00818	0.01091	0.01773	0.03683	0.02046	0.80222	0.02864	0.00546	0.00546	0.00818	0.00341	0.00341
58	0.01400	0.01209	0.01273	0.01145	0.01463	0.01400	0.00891	0.02990	0.75695	0.02354	0.02291	0.02100	0.01718	0.00764	0.00573	0.00191	0.00445	0.00636	0.00573	0.00891
59	0.01508	0.03857	0.02168	0.02976	0.59303	0.14123	0.01580	0.01799	0.01314	0.01729	0.01007	0.01310	0.00853	0.00532	0.00590	0.00165	0.03597	0.00472	0.00278	0.00837
60	0.02449	0.00958	0.01294	0.00997	0.01421	0.00837	0.00821	0.04383	0.01635	0.72484	0.05053	0.01990	0.01533	0.00713	0.00570	0.00174	0.00474	0.00582	0.00690	0.00941
61	0.84197	0.01088	0.00827	0.00740	0.01088	0.01262	0.00609	0.01654	0.00958	0.02525	0.00784	0.00914	0.00609	0.00522	0.00348	0.00174	0.00435	0.00305	0.00348	0.00609
62	0.01351	0.01299	0.02230	0.12694	0.66418	0.01328	0.03043	0.01693	0.01263	0.01789	0.01053	0.01408	0.00873	0.00508	0.00560	0.00170	0.00684	0.00504	0.00275	0.00856
63	0.00668	0.00570	0.00574	0.00573	0.00762	0.00476	0.00430	0.00814	0.01290	0.01538	0.07374	0.05387	0.74800	0.01419	0.00665	0.00190	0.00285	0.01184	0.00525	0.00476
64	0.00698	0.00508	0.00661	0.00773	0.00829	0.00471	0.00532	0.00814	0.01126	0.01484	0.05773	0.66370	0.10926	0.01699	0.00714	0.00225	0.00330	0.05077	0.00525	0.00464
65	0.00997	0.00877	0.01237	0.01127	0.01171	0.01141	0.00898	0.01140	0.00875	0.01303	0.01195	0.01943	0.01182	0.11534	0.35308	0.00569	0.36111	0.00578	0.00281	0.00534
66	0.01063	0.01000	0.01688	0.78870	0.03876	0.01250	0.01563	0.01438	0.01125	0.01438	0.01000	0.01500	0.00750	0.00563	0.00563	0.00188	0.00750	0.00500	0.00250	0.00625
67	0.01228	0.23521	0.57570	0.01434	0.02173	0.01551	0.01783	0.01756	0.01176	0.01661	0.00950	0.01112	0.00715	0.00521	0.00489	0.00163	0.00771	0.00385	0.00238	0.00803
68	0.01383	0.01337	0.02315	0.05097	0.71954	0.01339	0.04815	0.01724	0.01280	0.01828	0.01061	0.01401	0.00887	0.00502	0.00562	0.00169	0.00682	0.00508	0.00278	0.00880
69	0.15772	0.02649	0.03991	0.00881	0.01207	0.00872	0.00740	0.04333	0.01501	0.29725	0.29212	0.02519	0.02647	0.00822	0.00559	0.00174	0.00414	0.00674	0.00577	0.00731
70	0.00996	0.00806	0.00831	0.00763	0.00971	0.04505	0.00581	0.06781	0.06405	0.04136	0.26531	0.04147	0.35873	0.03318	0.00700	0.00191	0.00364	0.00978	0.00547	0.00576
71	0.01061	0.00999	0.01696	0.75193	0.03774	0.01234	0.03019	0.01435	0.01142	0.01468	0.03053	0.01574	0.00876	0.00577	0.00567	0.00187	0.00741	0.00518	0.00261	0.00625
72	0.01662	0.01373	0.01413	0.01196	0.01556	0.04109	0.00950	0.27407	0.46928	0.02712	0.01984	0.01868	0.02781	0.00739	0.00569	0.00182	0.00521	0.00593	0.00559	0.00898
73	0.09865	0.00970	0.01260	0.00974	0.01403	0.00865	0.00804	0.02616	0.01542	0.68756	0.02064	0.01809	0.01310	0.00675	0.00543	0.00172	0.00474	0.00537	0.00657	0.02703
74	0.03362	0.60397	0.20417	0.01109	0.01670	0.01987	0.01218	0.01707	0.01150	0.01460	0.00836	0.00970	0.00717	0.00495	0.00402	0.00135	0.00652	0.00328	0.00243	0.00745
75	0.01217	0.04433	0.65212	0.01488	0.02239	0.01244	0.01864	0.01803	0.01243	0.07233	0.05898	0.01426	0.01055	0.00584	0.00541	0.00176	0.00765	0.00462	0.00295	0.00819
76	0.00801	0.00493	0.00680	0.00754	0.00773	0.00475	0.00498	0.00767	0.00934	0.01246	0.02236	0.46216	0.02606	0.06973	0.01402	0.30825	0.00400	0.01141	0.00409	0.00372
77	0.02128	0.01543	0.01662	0.01280	0.01725	0.01702	0.01055	0.69961	0.05023	0.06060	0.01412	0.01395	0.00997	0.00679	0.00563	0.00170	0.00609	0.00513	0.00568	0.00955
78	0.01328	0.01271	0.02168	0.18189	0.62481	0.01320	0.01695	0.01671	0.01251	0.01760	0.01047	0.01414	0.00864	0.00513	0.00558	0.00171	0.00685	0.00501	0.00273	0.00839
79	0.00794	0.00608	0.00750	0.00807	0.00963	0.00563	0.00668	0.01005	0.01320	0.01672	0.11435	0.05742	0.34274	0.01460	0.00719	0.00222	0.00395	0.35572	0.00530	0.00501
80	0.00891	0.00643	0.00885	0.01007	0.01140	0.00637	0.00876	0.01143	0.01295	0.01674	0.03153	0.06289	0.07907	0.01546	0.00770	0.00255	0.00503	0.68351	0.00518	0.00515
81	0.04382	0.00961	0.01295	0.00995	0.01429	0.00837	0.00822	0.02718	0.01596	0.75406	0.02188	0.01893	0.01375	0.00693	0.00561	0.00174	0.00478	0.00560	0.00689	0.00950
82	0.00817	0.00550	0.00638	0.00638	0.00647	0.00559	0.00372	0.00834	0.00826	0.01109	0.01751	0.03559	0.01992	0.73820	0.09193	0.00576	0.00627	0.00800	0.00338	0.00355
83	0.00818	0.00546	0.00614	0.00614	0.00614	0.00546	0.00341	0.00818	0.00818	0.01091	0.01773	0.03683	0.02046	0.80222	0.02864	0.00546	0.00546	0.00818	0.00341	0.00341
84	0.00805	0.00599	0.00884	0.00884	0.00977	0.00692	0.00678	0.00992	0.00898	0.01291	0.01526	0.02315	0.01452	0.09590	0.72685	0.00879	0.01439	0.00618	0.00304	0.00491
85	0.00804	0.00601	0.00897	0.00897	0.00995	0.00699	0.00694	0.01000	0.00902	0.01301	0.01514	0.02249	0.01423	0.06176	0.76059	0.00895	0.01483	0.00608	0.00302	0.00498
86	0.51867	0.01160	0.01351	0.07458	0.25127	0.01285	0.01033	0.01661	0.01072	0.02227	0.00886	0.01109	0.00709	0.00519	0.00430	0.00173	0.00532	0.00381	0.00319	0.00699
87	0.08653	0.00968	0.01270	0.00982	0.01410	0.00860	0.00811	0.02661	0.01562	0.71506	0.02112	0.01840	0.01334	0.00683	0.00550	0.00174	0.00476	0.00546	0.00670	0.00932
88	0.05918	0.00919	0.01220	0.00955	0.01351	0.00812	0.00783	0.02498	0.01580	0.65051	0.10849	0.02139	0.01817	0.00742	0.00568	0.00174	0.00452	0.00607	0.00672	0.00892
89	0.01281	0.01223	0.02083	0.28934	0.52103	0.01308	0.01672	0.01629	0.01229	0.01703	0.01039	0.01429	0.00844	0.00522	0.00559	0.00174	0.00696	0.00501	0.00269	0.00801
90	0.01167	0.01000	0.01167	0.00834	0.01334	0.00750	0.00667	0.01417	0.01167	0.01834	0.01000	0.01167	0.00834	0.00417	0.00417	0.00083	0.00417	0.00333	0.00333	0.83663
91	0.01258	0.02792	0.01245	0.00877	0.01362	0.00873	0.00708	0.08517	0.01322	0.02000	0.03169	0.01265	0.00970	0.00464	0.00437	0.00095	0.00436	0.00369	0.00362	0.71480
92	0.01049	0.00551	0.00561	0.00552	0.00677	0.00555	0.00404	0.02979	0.01175	0.02023	0.01818	0.02253	0.01497	0.09304	0.00666	0.00177	0.00301	0.00556	0.72387	0.00515
93	0.00686	0.00490	0.00653	0.00784	0.00816	0.00457	0.00522	0.00784	0.01077	0.01437	0.03102	0.79855	0.03722	0.01763	0.00718	0.00229	0.00326	0.01600	0.00522	0.00457
94	0.05058	0.12281	0.01658	0.01199	0.01563	0.25496	0.00970	0.25101	0.09107	0.04451	0.01256	0.01313	0.00962	0.00622	0.00499	0.00155	0.00687	0.00442	0.06401	0.00779
