[name]
unknown

[dist]
# distance from previous block
# <min> <max>
2	54

[block]
# block no. 0 follows, 49 sequences, length 114
# corresponding to MSA columns:
# 58-171
name=unknown_A
#
# <colnr> <probs for GDERKNQSTAVLIFYWHMCP>
#	G	D	E	R	K	N	Q	S	T	A	V	L	I	F	Y	W	H	M	C	P
0	0.01195	0.00995	0.01340	0.13363	0.14648	0.02928	0.00972	0.05449	0.06308	0.07158	0.01254	0.05401	0.02487	0.00762	0.04650	0.00179	0.08242	0.00487	0.00330	0.21852
1	0.06997	0.00928	0.01156	0.10256	0.02810	0.00962	0.01939	0.13321	0.05664	0.07680	0.01317	0.08739	0.01158	0.05753	0.05594	0.00208	0.04561	0.00530	0.00370	0.20058
2	0.04041	0.00987	0.01463	0.36571	0.14977	0.01107	0.01170	0.08772	0.01162	0.03306	0.02870	0.01373	0.00866	0.02078	0.02800	0.00179	0.05523	0.00447	0.00287	0.10018
3	0.03137	0.01032	0.01109	0.08241	0.03144	0.09711	0.00784	0.10410	0.08701	0.06454	0.01623	0.19203	0.02969	0.05487	0.00695	0.00179	0.04924	0.00675	0.00390	0.11132
4	0.04486	0.00885	0.00969	0.00836	0.01106	0.02617	0.00639	0.12648	0.11809	0.03315	0.01819	0.24498	0.04397	0.02565	0.00547	0.00155	0.00394	0.00725	0.00420	0.25170
5	0.01328	0.01010	0.01138	0.01007	0.02983	0.01120	0.00775	0.17757	0.34383	0.06850	0.12805	0.02079	0.04169	0.02578	0.00621	0.00172	0.04217	0.00599	0.03685	0.00724
6	0.00618	0.00513	0.00541	0.00534	0.00696	0.00436	0.00400	0.00766	0.01201	0.01481	0.17971	0.04677	0.65949	0.01238	0.00597	0.00169	0.00253	0.01041	0.00485	0.00436
7	0.01075	0.01113	0.06410	0.63883	0.05844	0.05475	0.01379	0.02851	0.02703	0.03143	0.00950	0.01320	0.00710	0.00511	0.00501	0.00165	0.00676	0.00442	0.00247	0.00601
8	0.02038	0.01053	0.01280	0.01002	0.01380	0.01046	0.00831	0.30842	0.01781	0.45131	0.01745	0.01800	0.01216	0.00671	0.00520	0.00160	0.00481	0.05621	0.00569	0.00833
9	0.02269	0.00861	0.01174	0.00900	0.01291	0.00743	0.00743	0.02464	0.01447	0.79425	0.01995	0.01721	0.01252	0.00626	0.00509	0.00156	0.00430	0.00509	0.00626	0.00861
10	0.00608	0.00513	0.00526	0.00523	0.00689	0.00431	0.00392	0.00745	0.01176	0.01423	0.11432	0.04773	0.72524	0.01260	0.00598	0.00170	0.00255	0.01054	0.00477	0.00431
11	0.01805	0.01374	0.01451	0.01134	0.01522	0.03006	0.00928	0.63671	0.11846	0.02957	0.01300	0.01287	0.00938	0.00607	0.00501	0.00151	0.00537	0.00462	0.00494	0.04031
12	0.00955	0.00899	0.01517	0.81013	0.03483	0.01123	0.01404	0.01292	0.01011	0.01292	0.00899	0.01348	0.00674	0.00506	0.00506	0.00169	0.00674	0.00449	0.00225	0.00562
13	0.11954	0.01180	0.03853	0.03353	0.04477	0.05216	0.00858	0.04985	0.48417	0.06126	0.03184	0.01639	0.01312	0.00630	0.00485	0.00164	0.00457	0.00506	0.00454	0.00748
14	0.01204	0.01153	0.01966	0.15676	0.66877	0.01189	0.01528	0.01510	0.01129	0.01594	0.00943	0.01267	0.00781	0.00459	0.00501	0.00153	0.00613	0.00450	0.00246	0.00762
15	0.01252	0.01201	0.02053	0.03104	0.79074	0.01201	0.01552	0.01552	0.01151	0.01652	0.00951	0.01252	0.00801	0.00451	0.00501	0.00150	0.00601	0.00451	0.00250	0.00801
16	0.01014	0.02616	0.79609	0.01441	0.02189	0.01174	0.01868	0.01601	0.01068	0.01601	0.00907	0.01068	0.00641	0.00480	0.00480	0.00160	0.00747	0.00374	0.00214	0.00747
17	0.01142	0.08283	0.64236	0.01393	0.02078	0.01208	0.05477	0.01661	0.01100	0.07425	0.00980	0.01113	0.00693	0.00485	0.00477	0.00157	0.00714	0.00387	0.00247	0.00745
18	0.01258	0.01086	0.01143	0.01029	0.01315	0.01258	0.00800	0.02687	0.78161	0.02115	0.02058	0.01887	0.01544	0.00686	0.00515	0.00172	0.00400	0.00572	0.00515	0.00800
19	0.00709	0.00517	0.00667	0.00629	0.00751	0.00474	0.00472	0.00942	0.01416	0.01992	0.74778	0.03837	0.08823	0.01047	0.00596	0.00160	0.00240	0.00923	0.00552	0.00474
20	0.01250	0.07621	0.56523	0.01323	0.01967	0.01181	0.03667	0.03253	0.04004	0.12881	0.01103	0.01186	0.00771	0.00507	0.00479	0.00157	0.00674	0.00401	0.00291	0.00759
21	0.01474	0.01062	0.01206	0.01127	0.06175	0.02691	0.00832	0.04751	0.51059	0.17767	0.04843	0.01846	0.01522	0.00667	0.00514	0.00165	0.00428	0.00556	0.00517	0.00798
22	0.00826	0.00542	0.00706	0.00651	0.00792	0.00495	0.00493	0.01057	0.01422	0.07747	0.70201	0.03668	0.07431	0.01013	0.00590	0.00159	0.00253	0.00890	0.00558	0.00504
23	0.01169	0.01117	0.01903	0.24874	0.57952	0.01180	0.01511	0.01479	0.01112	0.01551	0.00937	0.01279	0.00766	0.00466	0.00502	0.00155	0.00621	0.00450	0.00243	0.00734
24	0.01291	0.03124	0.21693	0.01665	0.08186	0.05010	0.24672	0.11384	0.14300	0.01874	0.01170	0.01318	0.00873	0.00513	0.00523	0.00161	0.00689	0.00488	0.00319	0.00745
25	0.01220	0.01419	0.04339	0.01949	0.02376	0.06211	0.59865	0.01586	0.01145	0.01537	0.00954	0.01292	0.00742	0.00500	0.00739	0.00175	0.12488	0.00553	0.00250	0.00659
26	0.00616	0.00440	0.00587	0.00704	0.00733	0.00411	0.00469	0.00704	0.00968	0.01291	0.02787	0.81899	0.03344	0.01584	0.00645	0.00205	0.00293	0.01438	0.00469	0.00411
27	0.01028	0.03959	0.75100	0.01460	0.02192	0.01193	0.04964	0.01601	0.01072	0.01595	0.00909	0.01075	0.00646	0.00477	0.00483	0.00160	0.00748	0.00381	0.00215	0.00743
28	0.21139	0.14900	0.01461	0.01078	0.01379	0.47175	0.00855	0.01834	0.03412	0.01493	0.00787	0.00903	0.00652	0.00500	0.00404	0.00134	0.00718	0.00312	0.00273	0.00593
29	0.01016	0.00511	0.00525	0.00506	0.00641	0.00512	0.00384	0.03384	0.01111	0.04583	0.01649	0.01861	0.01282	0.00591	0.00363	0.00120	0.00251	0.00472	0.79742	0.00496
30	0.00855	0.00745	0.01139	0.01030	0.01119	0.00922	0.05113	0.01030	0.00824	0.01211	0.01145	0.01708	0.01070	0.02798	0.53987	0.00613	0.23425	0.00517	0.00256	0.00493
31	0.00616	0.00440	0.00587	0.00704	0.00733	0.00411	0.00469	0.00704	0.00968	0.01291	0.02787	0.81899	0.03344	0.01584	0.00645	0.00205	0.00293	0.01438	0.00469	0.00411
32	0.00642	0.00465	0.00606	0.00674	0.00736	0.00430	0.00466	0.00773	0.01105	0.01495	0.23552	0.55867	0.08481	0.01416	0.00629	0.00191	0.00276	0.01272	0.00493	0.00430
33	0.02269	0.00861	0.01174	0.00900	0.01291	0.00743	0.00743	0.02464	0.01447	0.79425	0.01995	0.01721	0.01252	0.00626	0.00509	0.00156	0.00430	0.00509	0.00626	0.00861
34	0.63576	0.00947	0.00858	0.00727	0.01061	0.01030	0.00600	0.01747	0.01017	0.22797	0.01048	0.01061	0.00735	0.00511	0.00365	0.00156	0.00402	0.00336	0.00396	0.00631
35	0.00605	0.00513	0.00523	0.00520	0.00688	0.00430	0.00390	0.00741	0.01171	0.01410	0.09983	0.04795	0.73981	0.01264	0.00598	0.00170	0.00255	0.01057	0.00475	0.00430
36	0.02652	0.01414	0.03124	0.11251	0.40788	0.15418	0.01303	0.12152	0.01348	0.01765	0.00968	0.01206	0.00777	0.00496	0.00486	0.00148	0.00647	0.00425	0.02901	0.00728
37	0.00723	0.00538	0.00794	0.00794	0.00878	0.00622	0.00609	0.00891	0.00807	0.01160	0.01371	0.02079	0.01304	0.09296	0.74777	0.00790	0.01294	0.00555	0.00273	0.00441
38	0.01239	0.01399	0.11658	0.02506	0.53598	0.03396	0.03311	0.01745	0.12844	0.01704	0.01111	0.01318	0.00889	0.00491	0.00501	0.00155	0.00603	0.00459	0.00286	0.00785
39	0.85801	0.00978	0.00743	0.00665	0.00978	0.01134	0.00548	0.01486	0.00861	0.02269	0.00704	0.00821	0.00548	0.00469	0.00313	0.00156	0.00391	0.00274	0.00313	0.00548
40	0.00665	0.00461	0.00572	0.00641	0.00658	0.00444	0.00402	0.00717	0.00872	0.01163	0.02294	0.49448	0.02723	0.34883	0.01442	0.00323	0.00375	0.01148	0.00402	0.00368
41	0.01258	0.01086	0.01143	0.01029	0.01315	0.01258	0.00800	0.02687	0.78161	0.02115	0.02058	0.01887	0.01544	0.00686	0.00515	0.00172	0.00400	0.00572	0.00515	0.00800
42	0.00716	0.00517	0.00676	0.00636	0.00755	0.00477	0.00477	0.00954	0.01431	0.02028	0.78808	0.03777	0.04771	0.01034	0.00596	0.00159	0.00239	0.00914	0.00557	0.00477
43	0.01244	0.01221	0.02166	0.02986	0.69780	0.01211	0.10756	0.01560	0.01157	0.01648	0.00960	0.01265	0.00797	0.00448	0.00512	0.00153	0.00631	0.00468	0.00251	0.00787
44	0.01189	0.01392	0.04718	0.02116	0.02633	0.01276	0.75532	0.01619	0.01191	0.01619	0.01020	0.01357	0.00764	0.00427	0.00594	0.00170	0.00850	0.00592	0.00255	0.00683
45	0.00722	0.00489	0.00575	0.00602	0.00614	0.00484	0.00367	0.00752	0.00801	0.01066	0.01856	0.15916	0.02150	0.63940	0.02140	0.00428	0.00457	0.05963	0.00343	0.00334
46	0.01194	0.01364	0.02984	0.02131	0.02643	0.01279	0.77238	0.01620	0.01194	0.01620	0.01023	0.01364	0.00767	0.00426	0.00597	0.00171	0.00853	0.00597	0.00256	0.00682
47	0.11884	0.29898	0.26165	0.01253	0.04557	0.08857	0.07862	0.01596	0.01076	0.01512	0.00811	0.00966	0.00650	0.00460	0.00414	0.00139	0.00650	0.00343	0.00236	0.00669
48	0.00613	0.00451	0.00575	0.00674	0.00726	0.00413	0.00456	0.00707	0.00997	0.01303	0.03152	0.69850	0.15158	0.01537	0.00638	0.00200	0.00288	0.01380	0.00469	0.00413
49	0.00955	0.00899	0.01517	0.81013	0.03483	0.01123	0.01404	0.01292	0.01011	0.01292	0.00899	0.01348	0.00674	0.00506	0.00506	0.00169	0.00674	0.00449	0.00225	0.00562
50	0.03116	0.12850	0.01729	0.33537	0.18353	0.02802	0.01215	0.07620	0.05453	0.07070	0.01041	0.01276	0.00797	0.00510	0.00474	0.00153	0.00596	0.00429	0.00298	0.00682
51	0.01740	0.01140	0.01423	0.01122	0.01490	0.01195	0.07485	0.29101	0.20155	0.23584	0.03181	0.03426	0.01257	0.00646	0.00522	0.00161	0.00498	0.00542	0.00519	0.00812
52	0.00623	0.00443	0.00585	0.00695	0.00723	0.00415	0.00460	0.00706	0.00955	0.01273	0.02718	0.77382	0.03258	0.06219	0.00756	0.00222	0.00305	0.01397	0.00460	0.00405
53	0.01049	0.00899	0.01049	0.00749	0.01198	0.00674	0.00599	0.01273	0.01049	0.01648	0.00899	0.01049	0.00749	0.00374	0.00374	0.00075	0.00374	0.00300	0.00300	0.85320
54	0.02754	0.18121	0.55532	0.01299	0.01942	0.01308	0.04581	0.01557	0.01069	0.01546	0.02771	0.01090	0.00750	0.00479	0.00451	0.00148	0.00680	0.00371	0.00229	0.03324
55	0.01482	0.03178	0.04465	0.01149	0.03591	0.02851	0.00922	0.27326	0.44610	0.02399	0.01646	0.01570	0.01223	0.00636	0.00504	0.00162	0.00484	0.00510	0.00481	0.00810
56	0.01215	0.00957	0.01030	0.00910	0.01163	0.01068	0.00711	0.12250	0.45250	0.02216	0.14933	0.02117	0.01969	0.00722	0.00507	0.00160	0.00373	0.00602	0.11133	0.00712
57	0.01304	0.01183	0.01797	0.09261	0.48172	0.01272	0.01345	0.11522	0.10201	0.01845	0.01090	0.01319	0.00875	0.00532	0.00581	0.00159	0.05994	0.00465	0.00310	0.00771
58	0.00620	0.00443	0.00590	0.00702	0.00734	0.00413	0.00470	0.00713	0.00985	0.01318	0.05602	0.79006	0.03397	0.01564	0.00644	0.00204	0.00291	0.01418	0.00473	0.00413
59	0.00638	0.00490	0.00586	0.00634	0.00739	0.00439	0.00461	0.00774	0.01125	0.01446	0.15060	0.34213	0.33602	0.01368	0.00623	0.00187	0.00282	0.06420	0.00482	0.00431
60	0.00716	0.00517	0.00676	0.00636	0.00755	0.00477	0.00477	0.00954	0.01431	0.02028	0.78808	0.03777	0.04771	0.01034	0.00596	0.00159	0.00239	0.00914	0.00557	0.00477
61	0.02269	0.00861	0.01174	0.00900	0.01291	0.00743	0.00743	0.02464	0.01447	0.79425	0.01995	0.01721	0.01252	0.00626	0.00509	0.00156	0.00430	0.00509	0.00626	0.00861
62	0.01252	0.01201	0.02053	0.03104	0.79074	0.01201	0.01552	0.01552	0.01151	0.01652	0.00951	0.01252	0.00801	0.00451	0.00501	0.00150	0.00601	0.00451	0.00250	0.00801
63	0.01889	0.02410	0.01433	0.01303	0.01563	0.80199	0.00977	0.02019	0.01433	0.01238	0.00782	0.00912	0.00651	0.00521	0.00456	0.00130	0.00912	0.00326	0.00261	0.00586
64	0.01257	0.01095	0.01211	0.01183	0.07087	0.01254	0.00856	0.02603	0.72444	0.02081	0.01976	0.01839	0.01488	0.00669	0.00514	0.00170	0.00415	0.00563	0.00495	0.00800
65	0.00616	0.00440	0.00587	0.00704	0.00733	0.00411	0.00469	0.00704	0.00968	0.01291	0.02787	0.81899	0.03344	0.01584	0.00645	0.00205	0.00293	0.01438	0.00469	0.00411
66	0.00707	0.00517	0.00664	0.00627	0.00750	0.00473	0.00470	0.00937	0.01411	0.01979	0.73338	0.03858	0.10271	0.01052	0.00597	0.00160	0.00240	0.00926	0.00550	0.00473
67	0.34069	0.00825	0.05330	0.00762	0.00966	0.00810	0.02327	0.01125	0.00882	0.01640	0.01444	0.17416	0.02780	0.11419	0.15822	0.00332	0.00595	0.00638	0.00331	0.00485
68	0.01252	0.01201	0.02053	0.03104	0.79074	0.01201	0.01552	0.01552	0.01151	0.01652	0.00951	0.01252	0.00801	0.00451	0.00501	0.00150	0.00601	0.00451	0.00250	0.00801
69	0.02269	0.00861	0.01174	0.00900	0.01291	0.00743	0.00743	0.02464	0.01447	0.79425	0.01995	0.01721	0.01252	0.00626	0.00509	0.00156	0.00430	0.00509	0.00626	0.00861
70	0.00612	0.00508	0.00530	0.00533	0.00687	0.00432	0.00394	0.00742	0.01151	0.01401	0.10551	0.08940	0.66674	0.03776	0.00661	0.00182	0.00264	0.01065	0.00471	0.00426
71	0.01014	0.02616	0.79609	0.01441	0.02189	0.01174	0.01868	0.01601	0.01068	0.01601	0.00907	0.01068	0.00641	0.00480	0.00480	0.00160	0.00747	0.00374	0.00214	0.00747
72	0.80162	0.01074	0.00790	0.00708	0.01017	0.06448	0.00576	0.01522	0.00899	0.02199	0.00709	0.00828	0.00555	0.00473	0.00323	0.00155	0.00426	0.00277	0.00309	0.00550
73	0.01258	0.01086	0.01143	0.01029	0.01315	0.01258	0.00800	0.02687	0.78161	0.02115	0.02058	0.01887	0.01544	0.00686	0.00515	0.00172	0.00400	0.00572	0.00515	0.00800
74	0.01165	0.01247	0.09509	0.04140	0.24376	0.01018	0.11238	0.05265	0.01166	0.01707	0.00947	0.01169	0.00759	0.00430	0.00462	0.00125	0.00560	0.00403	0.00279	0.34035
75	0.00878	0.00439	0.00659	0.00659	0.00659	0.00439	0.00439	0.00659	0.00659	0.00878	0.00878	0.01537	0.00878	0.01757	0.01976	0.85288	0.00439	0.00439	0.00220	0.00220
76	0.01126	0.04890	0.70916	0.01380	0.02089	0.01164	0.01747	0.01669	0.01097	0.07904	0.00990	0.01113	0.00690	0.00491	0.00478	0.00158	0.00715	0.00381	0.00247	0.00754
77	0.02142	0.00904	0.01233	0.00954	0.01339	0.00816	0.03069	0.05201	0.05729	0.68590	0.01952	0.01771	0.01268	0.00636	0.00515	0.00159	0.00447	0.01829	0.00601	0.00845
78	0.00615	0.00444	0.00583	0.00694	0.00731	0.00412	0.00465	0.00705	0.00978	0.01295	0.02908	0.77900	0.07264	0.01568	0.00643	0.00204	0.00291	0.01418	0.00469	0.00412
79	0.01258	0.01248	0.05902	0.06483	0.69381	0.01182	0.01536	0.01571	0.01150	0.04032	0.00979	0.01261	0.00801	0.00460	0.00500	0.00152	0.00606	0.00448	0.00259	0.00789
80	0.01049	0.00899	0.01049	0.00749	0.01198	0.00674	0.00599	0.01273	0.01049	0.01648	0.00899	0.01049	0.00749	0.00374	0.00374	0.00075	0.00374	0.00300	0.00300	0.85320
81	0.01041	0.00500	0.00523	0.00503	0.00641	0.00491	0.00382	0.01274	0.01089	0.07641	0.01675	0.01873	0.01293	0.00592	0.00365	0.00121	0.00250	0.00474	0.78770	0.00500
82	0.00788	0.00563	0.00784	0.00901	0.01006	0.00559	0.00769	0.01002	0.01138	0.01484	0.02692	0.15872	0.02968	0.01422	0.00691	0.00229	0.00443	0.65765	0.00466	0.00458
83	0.01279	0.01204	0.01978	0.02906	0.71458	0.01220	0.01485	0.04679	0.05645	0.01741	0.01026	0.01287	0.00846	0.00470	0.00502	0.00151	0.00587	0.00458	0.00276	0.00803
84	0.85801	0.00978	0.00743	0.00665	0.00978	0.01134	0.00548	0.01486	0.00861	0.02269	0.00704	0.00821	0.00548	0.00469	0.00313	0.00156	0.00391	0.00274	0.00313	0.00548
85	0.00815	0.00582	0.00815	0.00931	0.01048	0.00582	0.00815	0.01048	0.01164	0.01513	0.02677	0.05704	0.02910	0.01397	0.00698	0.00233	0.00466	0.75671	0.00466	0.00466
86	0.01889	0.02410	0.01433	0.01303	0.01563	0.80199	0.00977	0.02019	0.01433	0.01238	0.00782	0.00912	0.00651	0.00521	0.00456	0.00130	0.00912	0.00326	0.00261	0.00586
87	0.02077	0.00818	0.01112	0.00867	0.01225	0.00710	0.00710	0.02278	0.01445	0.69876	0.11471	0.01975	0.01686	0.00676	0.00519	0.00157	0.00407	0.00559	0.00617	0.00813
88	0.00874	0.00441	0.00656	0.00656	0.00656	0.00441	0.00435	0.00661	0.00661	0.00881	0.00898	0.01586	0.00905	0.03985	0.01993	0.82940	0.00441	0.00447	0.00222	0.00222
89	0.00639	0.00457	0.00608	0.00720	0.00761	0.00431	0.00500	0.00741	0.00987	0.01308	0.02795	0.70680	0.04759	0.03382	0.00694	0.00214	0.00315	0.09129	0.00465	0.00414
90	0.00735	0.00490	0.00552	0.00552	0.00552	0.00490	0.00306	0.00735	0.00735	0.00980	0.01593	0.03309	0.01838	0.82229	0.02574	0.00490	0.00490	0.00735	0.00306	0.00306
91	0.00716	0.00517	0.00676	0.00636	0.00755	0.00477	0.00477	0.00954	0.01431	0.02028	0.78808	0.03777	0.04771	0.01034	0.00596	0.00159	0.00239	0.00914	0.00557	0.00477
92	0.01114	0.01128	0.01672	0.01396	0.01440	0.01526	0.07626	0.01251	0.00810	0.01251	0.00695	0.01128	0.00673	0.00846	0.01568	0.00217	0.74414	0.00456	0.00224	0.00564
93	0.01526	0.01220	0.01295	0.01083	0.01417	0.01383	0.00865	0.32871	0.47540	0.02548	0.01717	0.01615	0.01267	0.00654	0.00511	0.00164	0.00463	0.00525	0.00511	0.00824
94	0.01043	0.09459	0.73019	0.01392	0.02112	0.01245	0.01782	0.01594	0.01064	0.01566	0.00890	0.01046	0.00641	0.00476	0.00467	0.00156	0.00730	0.00365	0.00214	0.00739
95	0.01014	0.02616	0.79609	0.01441	0.02189	0.01174	0.01868	0.01601	0.01068	0.01601	0.00907	0.01068	0.00641	0.00480	0.00480	0.00160	0.00747	0.00374	0.00214	0.00747
96	0.00613	0.00510	0.00536	0.00535	0.00694	0.00433	0.00399	0.00754	0.01181	0.01446	0.14288	0.07583	0.66768	0.01261	0.00599	0.00171	0.00255	0.01062	0.00481	0.00433
97	0.01057	0.00914	0.01096	0.00788	0.01235	0.00702	0.02385	0.01314	0.02818	0.01658	0.00928	0.01075	0.00768	0.00383	0.00383	0.00079	0.00386	0.00313	0.00303	0.81417
98	0.12297	0.04306	0.12048	0.01010	0.01425	0.01098	0.02365	0.14719	0.10920	0.25848	0.04630	0.01470	0.01143	0.00586	0.00473	0.00153	0.00489	0.00460	0.00457	0.04100
99	0.02269	0.00861	0.01174	0.00900	0.01291	0.00743	0.00743	0.02464	0.01447	0.79425	0.01995	0.01721	0.01252	0.00626	0.00509	0.00156	0.00430	0.00509	0.00626	0.00861
100	0.00609	0.00468	0.00558	0.00629	0.00714	0.00417	0.00436	0.00713	0.01040	0.01320	0.03701	0.51762	0.32891	0.01465	0.00627	0.00192	0.00279	0.01293	0.00469	0.00417
101	0.01252	0.01201	0.02053	0.03104	0.79074	0.01201	0.01552	0.01552	0.01151	0.01652	0.00951	0.01252	0.00801	0.00451	0.00501	0.00150	0.00601	0.00451	0.00250	0.00801
102	0.01049	0.00899	0.01049	0.00749	0.01198	0.00674	0.00599	0.01273	0.01049	0.01648	0.00899	0.01049	0.00749	0.00374	0.00374	0.00075	0.00374	0.00300	0.00300	0.85320
103	0.00723	0.00540	0.00803	0.00803	0.00890	0.00627	0.00620	0.00897	0.00810	0.01167	0.01363	0.02036	0.01285	0.06697	0.77349	0.00801	0.01322	0.00549	0.00272	0.00446
104	0.00955	0.00899	0.01517	0.81013	0.03483	0.01123	0.01404	0.01292	0.01011	0.01292	0.00899	0.01348	0.00674	0.00506	0.00506	0.00169	0.00674	0.00449	0.00225	0.00562
105	0.01584	0.25391	0.01666	0.00993	0.01352	0.07517	0.00842	0.13903	0.23682	0.14031	0.03199	0.01405	0.01131	0.00584	0.00453	0.00144	0.00507	0.00443	0.00423	0.00750
106	0.00733	0.00491	0.00562	0.00571	0.00576	0.00490	0.00330	0.00745	0.00759	0.01011	0.01678	0.06528	0.01935	0.76236	0.02432	0.00470	0.00482	0.03335	0.00318	0.00316
107	0.01165	0.01319	0.02867	0.02062	0.02550	0.01237	0.73507	0.01575	0.01183	0.01604	0.01109	0.05277	0.00892	0.00483	0.00599	0.00172	0.00825	0.00638	0.00266	0.00669
108	0.01195	0.01144	0.01951	0.17873	0.64745	0.01187	0.01524	0.01503	0.01125	0.01584	0.00941	0.01270	0.00777	0.00461	0.00502	0.00154	0.00615	0.00450	0.00245	0.00756
109	0.01021	0.04180	0.78103	0.01430	0.02171	0.01191	0.01849	0.01600	0.01067	0.01593	0.00903	0.01063	0.00641	0.00479	0.00477	0.00159	0.00743	0.00372	0.00214	0.00745
110	0.01124	0.01248	0.11539	0.13743	0.41937	0.01099	0.04581	0.04217	0.01134	0.01588	0.01137	0.09529	0.01027	0.00624	0.00563	0.02787	0.00602	0.00548	0.00273	0.00699
111	0.01214	0.01163	0.01985	0.12887	0.69583	0.01192	0.01533	0.01519	0.01134	0.01607	0.00945	0.01264	0.00785	0.00457	0.00501	0.00152	0.00610	0.00450	0.00247	0.00771
112	0.00631	0.00451	0.00600	0.00694	0.00737	0.00420	0.00471	0.00741	0.01036	0.01398	0.13874	0.70505	0.03553	0.01504	0.00638	0.00199	0.00285	0.01361	0.00482	0.00420
113	0.01039	0.11009	0.68528	0.01350	0.02041	0.01236	0.01710	0.01568	0.01077	0.01574	0.03771	0.01141	0.00794	0.00496	0.00468	0.00155	0.00707	0.00383	0.00227	0.00727

[dist]
# distance from previous block
# <min> <max>
0	2

[block]
# block no. 1 follows, 49 sequences, length 71
# corresponding to MSA columns:
# 174-244
name=unknown_B
#
# <colnr> <probs for GDERKNQSTAVLIFYWHMCP>
#	G	D	E	R	K	N	Q	S	T	A	V	L	I	F	Y	W	H	M	C	P
0	0.04438	0.02367	0.01412	0.01283	0.01545	0.77797	0.00964	0.02003	0.01416	0.01269	0.00779	0.00909	0.00648	0.00520	0.00452	0.00131	0.00896	0.00324	0.00262	0.00585
1	0.01352	0.82533	0.02650	0.00865	0.01298	0.02001	0.00865	0.01514	0.01027	0.01190	0.00703	0.00811	0.00649	0.00433	0.00324	0.00108	0.00541	0.00270	0.00216	0.00649
2	0.00734	0.00494	0.00573	0.00573	0.00580	0.00502	0.00333	0.00749	0.00742	0.00996	0.01574	0.03202	0.01792	0.75869	0.08870	0.00516	0.00560	0.00720	0.00304	0.00318
3	0.01365	0.00988	0.01096	0.00953	0.01239	0.01081	0.00749	0.08032	0.49116	0.13434	0.11089	0.02154	0.04974	0.00736	0.00526	0.00166	0.00392	0.00614	0.00533	0.00761
4	0.85801	0.00978	0.00743	0.00665	0.00978	0.01134	0.00548	0.01486	0.00861	0.02269	0.00704	0.00821	0.00548	0.00469	0.00313	0.00156	0.00391	0.00274	0.00313	0.00548
5	0.11682	0.00874	0.01125	0.00873	0.01256	0.00787	0.00721	0.02354	0.01381	0.70730	0.01849	0.01620	0.01172	0.00608	0.00486	0.00156	0.00426	0.00482	0.00591	0.00825
6	0.00723	0.00515	0.00669	0.00631	0.00750	0.00477	0.00473	0.00961	0.01420	0.02023	0.76377	0.03718	0.04662	0.01020	0.00589	0.00158	0.00238	0.00901	0.03218	0.00477
7	0.00735	0.00490	0.00552	0.00552	0.00552	0.00490	0.00306	0.00735	0.00735	0.00980	0.01593	0.03309	0.01838	0.82229	0.02574	0.00490	0.00490	0.00735	0.00306	0.00306
8	0.01014	0.02616	0.79609	0.01441	0.02189	0.01174	0.01868	0.01601	0.01068	0.01601	0.00907	0.01068	0.00641	0.00480	0.00480	0.00160	0.00747	0.00374	0.00214	0.00747
9	0.85801	0.00978	0.00743	0.00665	0.00978	0.01134	0.00548	0.01486	0.00861	0.02269	0.00704	0.00821	0.00548	0.00469	0.00313	0.00156	0.00391	0.00274	0.00313	0.00548
10	0.01241	0.01211	0.02015	0.09654	0.68754	0.03210	0.03428	0.01543	0.01148	0.01610	0.00944	0.01254	0.00786	0.00456	0.00502	0.00152	0.00621	0.00451	0.00249	0.00772
11	0.00735	0.00493	0.00567	0.00567	0.00573	0.00499	0.00326	0.00746	0.00740	0.00992	0.01579	0.03229	0.01803	0.77448	0.07306	0.00510	0.00543	0.00724	0.00304	0.00315
12	0.00722	0.00542	0.00813	0.00813	0.00903	0.00632	0.00632	0.00903	0.00813	0.01174	0.01354	0.01987	0.01264	0.03792	0.80225	0.00813	0.01354	0.00542	0.00271	0.00451
13	0.50695	0.01103	0.06575	0.00895	0.03196	0.01067	0.02381	0.05734	0.01107	0.19734	0.01056	0.01091	0.00746	0.00510	0.00392	0.00155	0.00449	0.00356	0.00384	0.02375
14	0.01049	0.00899	0.01049	0.00749	0.01198	0.00674	0.00599	0.01273	0.01049	0.01648	0.00899	0.01049	0.00749	0.00374	0.00374	0.00075	0.00374	0.00300	0.00300	0.85320
15	0.24843	0.35454	0.20246	0.00959	0.01431	0.01514	0.01015	0.04752	0.01058	0.03613	0.00805	0.00914	0.00643	0.00466	0.00370	0.00137	0.00546	0.00309	0.00265	0.00658
16	0.01211	0.30954	0.45435	0.01225	0.01818	0.08409	0.01434	0.01607	0.01085	0.01423	0.00824	0.00963	0.00644	0.00467	0.00423	0.00139	0.00688	0.00333	0.00219	0.00698
17	0.00735	0.00491	0.00555	0.00554	0.00557	0.00490	0.00311	0.00741	0.00753	0.01007	0.03527	0.03321	0.01912	0.80195	0.02524	0.00482	0.00484	0.00740	0.00313	0.00311
18	0.01242	0.01192	0.02036	0.05557	0.76694	0.01199	0.01547	0.01544	0.01147	0.01641	0.00950	0.01255	0.00797	0.00452	0.00501	0.00151	0.00603	0.00451	0.00250	0.00793
19	0.04297	0.01016	0.03404	0.01239	0.06772	0.00935	0.13207	0.08560	0.04780	0.34602	0.11643	0.01914	0.03982	0.00647	0.00530	0.00159	0.00497	0.00576	0.00491	0.00749
20	0.00616	0.00440	0.00587	0.00704	0.00733	0.00411	0.00469	0.00704	0.00968	0.01291	0.02787	0.81899	0.03344	0.01584	0.00645	0.00205	0.00293	0.01438	0.00469	0.00411
21	0.01014	0.02616	0.79609	0.01441	0.02189	0.01174	0.01868	0.01601	0.01068	0.01601	0.00907	0.01068	0.00641	0.00480	0.00480	0.00160	0.00747	0.00374	0.00214	0.00747
22	0.01411	0.01259	0.01223	0.01074	0.01374	0.08883	0.00840	0.13016	0.60248	0.02180	0.01818	0.01699	0.01363	0.00659	0.00508	0.00165	0.00471	0.00532	0.00489	0.00788
23	0.00774	0.00553	0.00768	0.00885	0.00983	0.00547	0.00744	0.00977	0.01124	0.01468	0.02700	0.21274	0.02999	0.01435	0.00688	0.00227	0.00430	0.60502	0.00466	0.00454
24	0.01049	0.00899	0.01049	0.00749	0.01198	0.00674	0.00599	0.01273	0.01049	0.01648	0.00899	0.01049	0.00749	0.00374	0.00374	0.00075	0.00374	0.00300	0.00300	0.85320
25	0.01452	0.01183	0.01253	0.01068	0.01389	0.01348	0.00847	0.24476	0.56056	0.02428	0.01812	0.01690	0.01344	0.00663	0.00512	0.00166	0.00446	0.00538	0.00512	0.00818
26	0.00977	0.00921	0.01556	0.75340	0.08987	0.01129	0.01415	0.01311	0.01021	0.01318	0.00903	0.01341	0.00683	0.00502	0.00505	0.00167	0.00669	0.00449	0.00227	0.00579
27	0.04086	0.00964	0.06005	0.00924	0.01329	0.00773	0.00803	0.02357	0.01402	0.71419	0.01912	0.03110	0.01236	0.00631	0.00505	0.00158	0.00447	0.00512	0.00590	0.00838
28	0.01040	0.07620	0.72727	0.01423	0.02144	0.01229	0.03803	0.01596	0.01068	0.01576	0.00898	0.01059	0.00644	0.00476	0.00474	0.00157	0.00737	0.00373	0.00215	0.00739
29	0.00652	0.00511	0.00591	0.00586	0.00725	0.00450	0.00438	0.00825	0.01254	0.01634	0.34989	0.09803	0.41596	0.01204	0.00603	0.00170	0.00256	0.02761	0.00505	0.00447
30	0.00723	0.00539	0.00799	0.00799	0.00885	0.00625	0.00615	0.00894	0.00809	0.01164	0.01367	0.02054	0.01294	0.07820	0.76238	0.00796	0.01310	0.00552	0.00273	0.00444
31	0.06875	0.00962	0.01208	0.00932	0.01321	0.00906	0.00769	0.15181	0.01573	0.62120	0.01790	0.01584	0.01146	0.00614	0.00497	0.00156	0.00450	0.00486	0.00588	0.00843
32	0.01290	0.01304	0.02082	0.02714	0.58194	0.06887	0.11978	0.01663	0.05832	0.01646	0.01016	0.01281	0.00830	0.00466	0.00512	0.00153	0.00646	0.00469	0.00268	0.00769
33	0.00638	0.00461	0.00609	0.00716	0.00764	0.00431	0.00501	0.00748	0.01011	0.01337	0.04842	0.67655	0.07524	0.01534	0.00647	0.00205	0.00308	0.09179	0.00471	0.00419
34	0.00616	0.00440	0.00587	0.00704	0.00733	0.00411	0.00469	0.00704	0.00968	0.01291	0.02787	0.81899	0.03344	0.01584	0.00645	0.00205	0.00293	0.01438	0.00469	0.00411
35	0.85801	0.00978	0.00743	0.00665	0.00978	0.01134	0.00548	0.01486	0.00861	0.02269	0.00704	0.00821	0.00548	0.00469	0.00313	0.00156	0.00391	0.00274	0.00313	0.00548
36	0.03846	0.01077	0.01257	0.00994	0.01351	0.01106	0.00810	0.35066	0.05346	0.32941	0.04102	0.07023	0.01331	0.00695	0.00515	0.00159	0.00468	0.00559	0.00548	0.00807
37	0.00621	0.00446	0.00589	0.00695	0.00733	0.00415	0.00467	0.00718	0.00997	0.01331	0.06760	0.75597	0.05663	0.01547	0.00641	0.00202	0.00289	0.01400	0.00474	0.00415
38	0.01263	0.01386	0.02564	0.02392	0.27797	0.06962	0.46736	0.01626	0.01197	0.01603	0.00982	0.01294	0.00770	0.00441	0.00555	0.00161	0.00774	0.00529	0.00254	0.00714
39	0.35534	0.01163	0.01154	0.00928	0.01290	0.01285	0.00764	0.35543	0.04044	0.12041	0.01131	0.01140	0.00804	0.00557	0.00429	0.00155	0.00470	0.00393	0.00443	0.00733
40	0.01049	0.00899	0.01049	0.00749	0.01198	0.00674	0.00599	0.01273	0.01049	0.01648	0.00899	0.01049	0.00749	0.00374	0.00374	0.00075	0.00374	0.00300	0.00300	0.85320
41	0.06943	0.00960	0.01207	0.00930	0.01319	0.00903	0.00768	0.14903	0.01569	0.62340	0.01792	0.01586	0.01147	0.00614	0.00497	0.00156	0.00449	0.00486	0.00588	0.00843
42	0.01299	0.00982	0.01055	0.00893	0.01178	0.01037	0.00716	0.32184	0.13805	0.04549	0.02805	0.04156	0.27830	0.00905	0.00550	0.00166	0.00416	0.04301	0.00496	0.00676
43	0.16647	0.01269	0.01282	0.01124	0.06160	0.11353	0.00851	0.25893	0.01619	0.24770	0.03336	0.01324	0.00992	0.00579	0.00468	0.00151	0.00531	0.00434	0.00461	0.00756
44	0.00641	0.00464	0.00605	0.00676	0.00736	0.00429	0.00467	0.00769	0.01097	0.01484	0.22386	0.57556	0.07962	0.01426	0.00630	0.00192	0.00277	0.01283	0.00492	0.00429
45	0.00706	0.00517	0.00662	0.00626	0.00749	0.00473	0.00469	0.00935	0.01408	0.01973	0.72704	0.03867	0.10909	0.01054	0.00597	0.00160	0.00240	0.00927	0.00549	0.00473
46	0.45035	0.01080	0.01019	0.00859	0.01193	0.01214	0.00699	0.17817	0.15603	0.09217	0.01177	0.01181	0.00861	0.00552	0.00408	0.00158	0.00431	0.00388	0.00419	0.00688
47	0.01241	0.01068	0.01129	0.01017	0.01297	0.01233	0.00790	0.02632	0.75741	0.02113	0.04478	0.01946	0.01645	0.00697	0.00517	0.00171	0.00395	0.00583	0.00516	0.00790
48	0.00612	0.00456	0.00570	0.00661	0.00722	0.00414	0.00450	0.00709	0.01010	0.01308	0.03316	0.64440	0.20462	0.01515	0.00635	0.00198	0.00285	0.01354	0.00469	0.00414
49	0.01194	0.01364	0.02984	0.02131	0.02643	0.01279	0.77238	0.01620	0.01194	0.01620	0.01023	0.01364	0.00767	0.00426	0.00597	0.00171	0.00853	0.00597	0.00256	0.00682
50	0.02269	0.00861	0.01174	0.00900	0.01291	0.00743	0.00743	0.02464	0.01447	0.79425	0.01995	0.01721	0.01252	0.00626	0.00509	0.00156	0.00430	0.00509	0.00626	0.00861
51	0.01049	0.00899	0.01049	0.00749	0.01198	0.00674	0.00599	0.01273	0.01049	0.01648	0.00899	0.01049	0.00749	0.00374	0.00374	0.00075	0.00374	0.00300	0.00300	0.85320
52	0.02269	0.00861	0.01174	0.00900	0.01291	0.00743	0.00743	0.02464	0.01447	0.79425	0.01995	0.01721	0.01252	0.00626	0.00509	0.00156	0.00430	0.00509	0.00626	0.00861
53	0.00936	0.00878	0.01464	0.76763	0.03335	0.01087	0.01350	0.01262	0.01019	0.01296	0.01122	0.01534	0.04802	0.00546	0.00510	0.00169	0.00652	0.00482	0.00238	0.00555
54	0.01331	0.48980	0.22301	0.01141	0.04014	0.11911	0.01160	0.01603	0.01094	0.01317	0.00774	0.00904	0.00652	0.00457	0.00387	0.00126	0.00644	0.00310	0.00222	0.00671
55	0.00655	0.00475	0.00619	0.00667	0.00740	0.00438	0.00468	0.00806	0.01165	0.01592	0.33605	0.46397	0.07799	0.01346	0.00623	0.00185	0.00269	0.01207	0.00505	0.00438
56	0.00687	0.00508	0.00642	0.00626	0.00742	0.00462	0.00463	0.00893	0.01339	0.01849	0.59564	0.12603	0.15484	0.01131	0.00602	0.00166	0.00247	0.00995	0.00534	0.00462
57	0.05304	0.00625	0.00808	0.00855	0.00992	0.00622	0.00700	0.04028	0.01155	0.08391	0.02417	0.20159	0.02588	0.06148	0.00757	0.00229	0.00429	0.42831	0.00465	0.00499
58	0.00798	0.00609	0.00746	0.00709	0.00849	0.00606	0.00531	0.01228	0.14724	0.01962	0.56979	0.10869	0.05364	0.01030	0.00587	0.00166	0.00272	0.00907	0.00540	0.00526
59	0.00616	0.00440	0.00587	0.00704	0.00733	0.00411	0.00469	0.00704	0.00968	0.01291	0.02787	0.81899	0.03344	0.01584	0.00645	0.00205	0.00293	0.01438	0.00469	0.00411
60	0.01315	0.01224	0.02038	0.02682	0.58675	0.01234	0.09257	0.11113	0.01311	0.01838	0.01052	0.01414	0.00879	0.00501	0.00518	0.00155	0.00616	0.03102	0.00291	0.00784
61	0.02269	0.00861	0.01174	0.00900	0.01291	0.00743	0.00743	0.02464	0.01447	0.79425	0.01995	0.01721	0.01252	0.00626	0.00509	0.00156	0.00430	0.00509	0.00626	0.00861
62	0.00759	0.00594	0.00876	0.00855	0.00934	0.00715	0.00669	0.00929	0.00807	0.01173	0.01295	0.01936	0.01222	0.05490	0.70824	0.00749	0.08912	0.00537	0.00267	0.00457
63	0.00724	0.00523	0.00656	0.00619	0.00753	0.00473	0.00466	0.00942	0.01382	0.03398	0.64112	0.03933	0.17995	0.01070	0.00595	0.00161	0.00245	0.00934	0.00542	0.00475
64	0.01288	0.01238	0.02037	0.12606	0.51368	0.05630	0.11690	0.01595	0.01168	0.05053	0.00991	0.01281	0.00792	0.00466	0.00512	0.00154	0.00654	0.00466	0.00265	0.00745
65	0.01296	0.01286	0.02009	0.02978	0.73667	0.06712	0.01512	0.01585	0.01171	0.01623	0.00939	0.01228	0.00791	0.00455	0.00497	0.00149	0.00622	0.00442	0.00251	0.00786
66	0.00626	0.00447	0.00598	0.00716	0.00750	0.00420	0.00487	0.00722	0.00978	0.01302	0.02781	0.77986	0.03322	0.01575	0.00648	0.00207	0.00302	0.05249	0.00469	0.00414
67	0.01014	0.02616	0.79609	0.01441	0.02189	0.01174	0.01868	0.01601	0.01068	0.01601	0.00907	0.01068	0.00641	0.00480	0.00480	0.00160	0.00747	0.00374	0.00214	0.00747
68	0.01129	0.21999	0.56305	0.01316	0.01970	0.01371	0.04485	0.01599	0.01071	0.03114	0.00885	0.01030	0.00660	0.00470	0.00447	0.00148	0.00694	0.00360	0.00224	0.00723
69	0.03022	0.04035	0.63923	0.01498	0.02188	0.01214	0.11961	0.03480	0.01111	0.01650	0.00922	0.01100	0.00661	0.00475	0.00490	0.00160	0.00744	0.00401	0.00229	0.00735
70	0.19225	0.02952	0.12717	0.01154	0.01594	0.01275	0.09130	0.30329	0.01586	0.11990	0.02620	0.01232	0.00873	0.00548	0.00470	0.00156	0.00559	0.00433	0.00407	0.00748

[dist]
# distance from previous block
# <min> <max>
0	142

# created by:
# /st0/software/busco_prod/Augustus/scripts/msa2prfl.pl ./align_prep/178774.fa
