[name]
unknown

[dist]
# distance from previous block
# <min> <max>
32	80

[block]
# block no. 0 follows, 46 sequences, length 127
# corresponding to MSA columns:
# 106-232
name=unknown_A
#
# <colnr> <probs for GDERKNQSTAVLIFYWHMCP>
#	G	D	E	R	K	N	Q	S	T	A	V	L	I	F	Y	W	H	M	C	P
0	0.01303	0.42302	0.28510	0.01123	0.01664	0.01653	0.01246	0.08236	0.01242	0.01634	0.05843	0.01178	0.00974	0.00526	0.00430	0.00139	0.00620	0.00380	0.00275	0.00722
1	0.00975	0.12990	0.18290	0.01038	0.03256	0.02631	0.00974	0.01301	0.04673	0.01391	0.01571	0.01993	0.07463	0.08099	0.30579	0.00445	0.00910	0.00542	0.00293	0.00586
2	0.01090	0.14433	0.55767	0.01314	0.01952	0.01273	0.01593	0.03098	0.01127	0.01610	0.01130	0.09509	0.00976	0.00617	0.00494	0.00162	0.00686	0.00492	0.00260	0.02416
3	0.00981	0.00604	0.00778	0.00794	0.00921	0.00580	0.00575	0.01250	0.08539	0.12823	0.13158	0.49463	0.03192	0.01334	0.00635	0.00198	0.00334	0.02761	0.00532	0.00549
4	0.01266	0.01354	0.10673	0.16991	0.51298	0.01220	0.03095	0.01619	0.01181	0.04781	0.01025	0.01328	0.00813	0.00492	0.00524	0.00162	0.00657	0.00467	0.00269	0.00785
5	0.01217	0.01377	0.02992	0.02152	0.02661	0.01291	0.72344	0.01645	0.01236	0.01676	0.01164	0.05486	0.00939	0.00507	0.00626	0.00180	0.00861	0.00669	0.00279	0.00699
6	0.01247	0.00698	0.00952	0.00952	0.01153	0.00671	0.00813	0.01528	0.04148	0.21059	0.06690	0.04652	0.02657	0.01208	0.00667	0.00217	0.00462	0.49082	0.00536	0.00605
7	0.01204	0.01149	0.01957	0.29169	0.53016	0.01229	0.01570	0.01531	0.01154	0.01600	0.00976	0.01342	0.00793	0.00490	0.00525	0.00163	0.00654	0.00471	0.00253	0.00753
8	0.01258	0.46957	0.36191	0.01170	0.01767	0.01711	0.01366	0.01623	0.01093	0.01433	0.00829	0.00966	0.00675	0.00474	0.00411	0.00137	0.00660	0.00330	0.00225	0.00724
9	0.00858	0.00643	0.00956	0.01018	0.01158	0.00635	0.04924	0.01103	0.01213	0.01583	0.04021	0.09295	0.04297	0.01406	0.00718	0.00236	0.00492	0.64471	0.00477	0.00496
10	0.02242	0.00936	0.01267	0.06080	0.01512	0.00856	0.00834	0.06066	0.03194	0.68193	0.01974	0.01752	0.01256	0.00647	0.00531	0.00165	0.00472	0.00526	0.00619	0.00878
11	0.02372	0.00900	0.01227	0.00941	0.01350	0.00777	0.00777	0.02576	0.01513	0.78489	0.02086	0.01799	0.01309	0.00654	0.00532	0.00164	0.00450	0.00532	0.00654	0.00900
12	0.02362	0.00915	0.01236	0.00948	0.01357	0.00800	0.00783	0.04505	0.01539	0.76525	0.02064	0.01786	0.01298	0.00654	0.00532	0.00163	0.00453	0.00530	0.00651	0.00900
13	0.01137	0.01275	0.10007	0.38235	0.32374	0.01220	0.05189	0.01507	0.01129	0.01548	0.00968	0.01340	0.00757	0.00499	0.00528	0.00168	0.00692	0.00469	0.00246	0.00711
14	0.01232	0.01183	0.02030	0.21856	0.58567	0.01238	0.03082	0.01558	0.01169	0.01635	0.00983	0.01335	0.00805	0.00484	0.00527	0.00162	0.00652	0.00474	0.00255	0.00774
15	0.00998	0.00940	0.01586	0.80150	0.03641	0.01175	0.01468	0.01351	0.01057	0.01351	0.00940	0.01409	0.00705	0.00529	0.00529	0.00176	0.00705	0.00470	0.00235	0.00587
16	0.00918	0.00459	0.00689	0.00689	0.00689	0.00459	0.00459	0.00689	0.00689	0.00918	0.00918	0.01607	0.00918	0.01837	0.02066	0.84619	0.00459	0.00459	0.00230	0.00230
17	0.01186	0.30831	0.51686	0.01293	0.01957	0.01535	0.01580	0.01642	0.01101	0.01521	0.00873	0.01021	0.00673	0.00484	0.00444	0.00148	0.00704	0.00352	0.00224	0.00745
18	0.11000	0.01083	0.01323	0.01059	0.01430	0.02635	0.05668	0.12818	0.14676	0.36287	0.01781	0.05199	0.01277	0.00674	0.00521	0.00168	0.00491	0.00555	0.00541	0.00814
19	0.00746	0.00615	0.01009	0.00976	0.01088	0.00577	0.12147	0.00899	0.01057	0.01413	0.02625	0.65526	0.03062	0.01461	0.00669	0.00210	0.00405	0.04582	0.00456	0.00476
20	0.00665	0.00528	0.00598	0.00600	0.00744	0.00461	0.00443	0.00830	0.01272	0.01633	0.27546	0.13948	0.46265	0.01297	0.00630	0.00179	0.00267	0.01113	0.00519	0.00461
21	0.01031	0.00973	0.01645	0.72041	0.11495	0.01183	0.01484	0.01379	0.01073	0.01390	0.00945	0.01399	0.00719	0.00522	0.00528	0.00174	0.00697	0.00470	0.00238	0.00614
22	0.01168	0.22517	0.58053	0.01353	0.02041	0.03079	0.01671	0.01661	0.01114	0.01558	0.00892	0.01046	0.00672	0.00491	0.00461	0.00153	0.00731	0.00363	0.00225	0.00752
23	0.51699	0.01384	0.13321	0.01195	0.01643	0.01229	0.19293	0.01607	0.01018	0.02099	0.00850	0.01037	0.00644	0.00481	0.00427	0.00168	0.00584	0.00385	0.00297	0.00639
24	0.01303	0.01248	0.02119	0.04537	0.75446	0.01256	0.01606	0.01639	0.02575	0.01729	0.01014	0.01322	0.00849	0.00476	0.00524	0.00158	0.00626	0.00473	0.00266	0.00833
25	0.00713	0.00539	0.00657	0.00628	0.00768	0.00484	0.00471	0.00929	0.01413	0.01921	0.57009	0.04276	0.25947	0.01155	0.00624	0.00170	0.00255	0.01002	0.00556	0.00484
26	0.01326	0.01290	0.02128	0.03194	0.76064	0.03357	0.01606	0.01636	0.01212	0.01715	0.00990	0.01299	0.00833	0.00473	0.00522	0.00156	0.00637	0.00468	0.00262	0.00831
27	0.01067	0.00774	0.01019	0.00880	0.01111	0.00752	0.05495	0.04514	0.12940	0.08517	0.33049	0.09482	0.08168	0.00951	0.00586	0.00169	0.00366	0.02161	0.02401	0.05599
28	0.00644	0.00460	0.00613	0.00736	0.00767	0.00429	0.00491	0.00736	0.01012	0.01350	0.02914	0.81076	0.03497	0.01656	0.00675	0.00215	0.00307	0.01503	0.00491	0.00429
29	0.01424	0.01184	0.01255	0.01098	0.01414	0.01356	0.00865	0.15206	0.63113	0.02389	0.02015	0.01929	0.01520	0.00717	0.00540	0.00177	0.00447	0.01974	0.00535	0.00841
30	0.01235	0.00940	0.01112	0.00806	0.01266	0.00725	0.00647	0.01493	0.02734	0.09828	0.01086	0.01189	0.00856	0.00426	0.00409	0.00089	0.00398	0.00342	0.00354	0.74066
31	0.01073	0.01016	0.01720	0.61686	0.21523	0.01194	0.01505	0.01416	0.01092	0.01441	0.00953	0.01385	0.00737	0.00515	0.00527	0.00172	0.00686	0.00470	0.00241	0.00647
32	0.01060	0.02735	0.78682	0.01507	0.02288	0.01228	0.01953	0.01674	0.01116	0.01674	0.00949	0.01116	0.00670	0.00502	0.00502	0.00167	0.00781	0.00391	0.00223	0.00781
33	0.02372	0.00900	0.01227	0.00941	0.01350	0.00777	0.00777	0.02576	0.01513	0.78489	0.02086	0.01799	0.01309	0.00654	0.00532	0.00164	0.00450	0.00532	0.00654	0.00900
34	0.85155	0.01022	0.00777	0.00695	0.01022	0.01186	0.00573	0.01554	0.00900	0.02372	0.00736	0.00859	0.00573	0.00491	0.00327	0.00164	0.00409	0.00286	0.00327	0.00573
35	0.00755	0.00566	0.00850	0.00850	0.00944	0.00661	0.00661	0.00944	0.00850	0.01227	0.01416	0.02077	0.01322	0.03965	0.79326	0.00850	0.01416	0.00566	0.00283	0.00472
36	0.02211	0.00936	0.01222	0.00961	0.01353	0.00859	0.00786	0.02612	0.13026	0.66882	0.02096	0.01826	0.01355	0.00664	0.00533	0.00166	0.00445	0.00542	0.00637	0.00890
37	0.00689	0.00539	0.00606	0.00605	0.00742	0.00482	0.00447	0.00840	0.01207	0.01537	0.21029	0.04612	0.44988	0.11960	0.02444	0.00237	0.00333	0.05774	0.00485	0.00445
38	0.01301	0.04677	0.02882	0.02279	0.14118	0.01370	0.58098	0.05339	0.01295	0.01761	0.01054	0.01377	0.00807	0.00459	0.00592	0.00171	0.00823	0.00579	0.00278	0.00740
39	0.00644	0.00460	0.00613	0.00736	0.00767	0.00429	0.00491	0.00736	0.01012	0.01350	0.02914	0.81076	0.03497	0.01656	0.00675	0.00215	0.00307	0.01503	0.00491	0.00429
40	0.01887	0.01516	0.01511	0.01205	0.01593	0.08697	0.00977	0.56889	0.15260	0.02952	0.01380	0.01361	0.01002	0.00641	0.00526	0.00160	0.00588	0.00485	0.00507	0.00862
41	0.09528	0.22679	0.01778	0.01255	0.05183	0.43511	0.00969	0.04607	0.01339	0.01476	0.00828	0.00974	0.00702	0.00600	0.02378	0.00152	0.00784	0.00337	0.00275	0.00644
42	0.01215	0.01136	0.01887	0.04846	0.60660	0.01165	0.01434	0.01566	0.04701	0.01663	0.01112	0.01460	0.00945	0.01021	0.12640	0.00265	0.00741	0.00492	0.00277	0.00774
43	0.01265	0.00982	0.01105	0.00966	0.01272	0.01030	0.00764	0.02217	0.44546	0.07897	0.09384	0.02324	0.01892	0.00752	0.00536	0.00164	0.00405	0.06600	0.00508	0.15392
44	0.00656	0.00466	0.00615	0.00730	0.00760	0.00438	0.00486	0.00744	0.01000	0.01333	0.02831	0.74777	0.03387	0.06812	0.00806	0.00234	0.00323	0.02700	0.00480	0.00423
45	0.00644	0.00462	0.00612	0.00732	0.00766	0.00430	0.00489	0.00737	0.01016	0.01351	0.02964	0.79512	0.05028	0.01650	0.00674	0.00214	0.00306	0.01495	0.00491	0.00430
46	0.01413	0.81739	0.02770	0.00905	0.01357	0.02092	0.00905	0.01583	0.01074	0.01244	0.00735	0.00848	0.00678	0.00452	0.00339	0.00113	0.00565	0.00283	0.00226	0.00678
47	0.00748	0.00540	0.00707	0.00665	0.00790	0.00499	0.00499	0.00998	0.01496	0.02120	0.77844	0.03949	0.04988	0.01081	0.00624	0.00166	0.00249	0.00956	0.00582	0.00499
48	0.00998	0.00940	0.01586	0.80150	0.03641	0.01175	0.01468	0.01351	0.01057	0.01351	0.00940	0.01409	0.00705	0.00529	0.00529	0.00176	0.00705	0.00470	0.00235	0.00587
49	0.01096	0.00940	0.01096	0.00783	0.01253	0.00705	0.00626	0.01331	0.01096	0.01723	0.00940	0.01096	0.00783	0.00392	0.00392	0.00078	0.00392	0.00313	0.00313	0.84653
50	0.02001	0.01441	0.01558	0.01193	0.01617	0.01578	0.00985	0.71207	0.02407	0.06542	0.01296	0.01288	0.00914	0.00629	0.00525	0.00157	0.00571	0.00474	0.00529	0.03088
51	0.01519	0.01475	0.01254	0.01117	0.01395	0.23911	0.00879	0.17330	0.21589	0.02053	0.07064	0.02296	0.05949	0.00795	0.00551	0.00169	0.00595	0.08907	0.00453	0.00699
52	0.01060	0.02735	0.78682	0.01507	0.02288	0.01228	0.01953	0.01674	0.01116	0.01674	0.00949	0.01116	0.00670	0.00502	0.00502	0.00167	0.00781	0.00391	0.00223	0.00781
53	0.01047	0.01005	0.01579	0.50972	0.02796	0.01316	0.01341	0.01314	0.00966	0.01321	0.00866	0.01339	0.00716	0.00751	0.02891	0.00212	0.28284	0.00470	0.00235	0.00581
54	0.01529	0.01754	0.09969	0.02150	0.27956	0.18669	0.14725	0.13402	0.01468	0.01870	0.01007	0.01225	0.00789	0.00512	0.00530	0.00158	0.00756	0.00462	0.00303	0.00769
55	0.01288	0.01236	0.02110	0.08219	0.73306	0.01251	0.01612	0.01605	0.01194	0.01703	0.00991	0.01315	0.00829	0.00475	0.00524	0.00158	0.00633	0.00471	0.00260	0.00821
56	0.02240	0.00882	0.01192	0.00926	0.01314	0.00773	0.00761	0.02480	0.03441	0.71605	0.06987	0.01943	0.01554	0.00684	0.00538	0.00164	0.00436	0.00561	0.00647	0.00872
57	0.00986	0.00552	0.00794	0.04356	0.00895	0.00576	0.00549	0.05624	0.00828	0.01107	0.00962	0.01595	0.00924	0.01786	0.05046	0.71887	0.00517	0.00465	0.00251	0.00299
58	0.00772	0.00546	0.00709	0.00665	0.00797	0.00502	0.00500	0.01016	0.01486	0.03403	0.73976	0.03953	0.07511	0.01083	0.00622	0.00167	0.00253	0.00954	0.00580	0.00504
59	0.01284	0.01231	0.02102	0.09272	0.72286	0.01250	0.01610	0.01601	0.01192	0.01698	0.00990	0.01316	0.00827	0.00476	0.00524	0.00159	0.00634	0.00471	0.00260	0.00818
60	0.71216	0.06338	0.00970	0.00762	0.01096	0.06405	0.00631	0.01630	0.00973	0.04997	0.00790	0.00899	0.00613	0.00498	0.00345	0.00158	0.00457	0.00299	0.00329	0.00594
61	0.02010	0.01481	0.01587	0.01216	0.01639	0.01639	0.01005	0.76360	0.02486	0.03332	0.01269	0.01269	0.00899	0.00635	0.00529	0.00159	0.00582	0.00476	0.00529	0.00899
62	0.01241	0.02359	0.01135	0.02422	0.01308	0.01168	0.00781	0.05324	0.55687	0.03715	0.09130	0.02398	0.09443	0.00799	0.00550	0.00176	0.00403	0.00667	0.00529	0.00764
63	0.00934	0.00504	0.00749	0.00734	0.00734	0.00534	0.00504	0.00726	0.00697	0.00941	0.00904	0.01578	0.00904	0.01778	0.02045	0.79161	0.05633	0.00459	0.00230	0.00252
64	0.00651	0.00546	0.00567	0.00560	0.00734	0.00467	0.00421	0.00823	0.02542	0.01525	0.13999	0.04898	0.67851	0.01297	0.00623	0.00177	0.00268	0.01088	0.00503	0.00459
65	0.01096	0.00940	0.01096	0.00783	0.01253	0.00705	0.00626	0.01331	0.01096	0.01723	0.00940	0.01096	0.00783	0.00392	0.00392	0.00078	0.00392	0.00313	0.00313	0.84653
66	0.00651	0.00537	0.00571	0.00563	0.00730	0.00457	0.00422	0.00809	0.01266	0.01573	0.20563	0.04849	0.62610	0.01285	0.00625	0.00176	0.00264	0.01082	0.00510	0.00457
67	0.00767	0.00519	0.00607	0.00607	0.00618	0.00529	0.00359	0.00789	0.00778	0.01048	0.01637	0.03303	0.01854	0.72670	0.11349	0.00551	0.00615	0.00746	0.00316	0.00337
68	0.01372	0.72395	0.11748	0.00976	0.01467	0.01990	0.01029	0.01594	0.01079	0.01295	0.00760	0.00880	0.00677	0.00458	0.00358	0.00119	0.00591	0.00295	0.00226	0.00691
69	0.02814	0.00764	0.00805	0.00746	0.00909	0.07094	0.00564	0.04738	0.01480	0.03543	0.53789	0.07074	0.11568	0.01045	0.00601	0.00167	0.00336	0.00899	0.00536	0.00529
70	0.04140	0.60955	0.13193	0.01005	0.01479	0.06774	0.01037	0.01613	0.01112	0.01367	0.02736	0.00972	0.00784	0.00482	0.00378	0.00125	0.00607	0.00319	0.00241	0.00681
71	0.03187	0.18867	0.03215	0.01366	0.08368	0.16320	0.05853	0.05751	0.26771	0.03179	0.01325	0.01366	0.01035	0.00574	0.00482	0.00153	0.00616	0.00454	0.00370	0.00750
72	0.06740	0.01543	0.04109	0.07996	0.11607	0.14597	0.02464	0.29675	0.10071	0.04267	0.01202	0.01296	0.00898	0.00583	0.00509	0.00159	0.00641	0.00455	0.00404	0.00783
73	0.02638	0.00629	0.00719	0.00735	0.00820	0.02579	0.00511	0.05887	0.01147	0.01552	0.14501	0.33184	0.04822	0.22890	0.01188	0.00281	0.00398	0.04613	0.00453	0.00453
74	0.01380	0.68855	0.13127	0.00999	0.01492	0.03991	0.01051	0.01609	0.01091	0.01304	0.00766	0.00887	0.00677	0.00462	0.00365	0.00121	0.00605	0.00299	0.00227	0.00691
75	0.01210	0.00694	0.00886	0.00780	0.01022	0.00597	0.00598	0.01390	0.01248	0.21559	0.14069	0.21423	0.07454	0.03932	0.00647	0.00177	0.00365	0.04455	0.00506	0.16986
76	0.68838	0.01079	0.00944	0.03584	0.01220	0.03009	0.02312	0.05419	0.01047	0.07268	0.00867	0.00974	0.00649	0.00510	0.00368	0.00163	0.00454	0.00327	0.00353	0.00615
77	0.14162	0.01113	0.01141	0.00998	0.01314	0.01259	0.00789	0.10383	0.49938	0.05999	0.02006	0.01882	0.05348	0.00703	0.00509	0.00174	0.00428	0.00561	0.00508	0.00786
78	0.00689	0.00487	0.00622	0.00706	0.00774	0.00445	0.00485	0.00800	0.01084	0.03239	0.08033	0.62790	0.14799	0.01548	0.00661	0.00205	0.00301	0.01386	0.00500	0.00448
79	0.07971	0.01279	0.01374	0.01077	0.01464	0.01368	0.00877	0.53559	0.02051	0.04546	0.01355	0.08338	0.01101	0.00687	0.00511	0.00155	0.00519	0.00535	0.00488	0.10746
80	0.01205	0.01137	0.01806	0.37483	0.33911	0.03344	0.02787	0.06008	0.01218	0.01630	0.01051	0.04152	0.00870	0.00550	0.00532	0.00168	0.00662	0.00506	0.00274	0.00706
81	0.01300	0.01248	0.02131	0.05255	0.76177	0.01254	0.01618	0.01615	0.01200	0.01717	0.00993	0.01311	0.00834	0.00473	0.00524	0.00158	0.00630	0.00471	0.00261	0.00831
82	0.01010	0.00598	0.00750	0.00689	0.00857	0.00538	0.00517	0.01195	0.01335	0.15323	0.36731	0.07514	0.18387	0.09548	0.00830	0.00209	0.00324	0.02566	0.00543	0.00537
83	0.01409	0.01150	0.01230	0.01076	0.01378	0.01308	0.00848	0.17937	0.54021	0.02356	0.01980	0.02107	0.01555	0.04512	0.00647	0.00194	0.00460	0.04502	0.00523	0.00807
84	0.04778	0.02189	0.01469	0.01294	0.01597	0.57482	0.00991	0.15372	0.06805	0.01756	0.00986	0.01076	0.00780	0.00571	0.00485	0.00144	0.00832	0.00380	0.00338	0.00678
85	0.00768	0.00516	0.00594	0.00594	0.00600	0.00522	0.00342	0.00780	0.00774	0.01038	0.01650	0.03373	0.01884	0.76565	0.07495	0.00534	0.00569	0.00756	0.00318	0.00330
86	0.01158	0.00689	0.00882	0.00831	0.01027	0.00663	0.00657	0.01521	0.10289	0.17950	0.27775	0.12394	0.06318	0.01094	0.00620	0.00187	0.00362	0.14413	0.00560	0.00611
87	0.00833	0.00598	0.00829	0.00944	0.01062	0.00593	0.00814	0.01067	0.01213	0.01579	0.04620	0.09772	0.04859	0.01459	0.00722	0.00239	0.00467	0.67357	0.00489	0.00483
88	0.85155	0.01022	0.00777	0.00695	0.01022	0.01186	0.00573	0.01554	0.00900	0.02372	0.00736	0.00859	0.00573	0.00491	0.00327	0.00164	0.00409	0.00286	0.00327	0.00573
89	0.85155	0.01022	0.00777	0.00695	0.01022	0.01186	0.00573	0.01554	0.00900	0.02372	0.00736	0.00859	0.00573	0.00491	0.00327	0.00164	0.00409	0.00286	0.00327	0.00573
90	0.00918	0.00459	0.00689	0.00689	0.00689	0.00459	0.00459	0.00689	0.00689	0.00918	0.00918	0.01607	0.00918	0.01837	0.02066	0.84619	0.00459	0.00459	0.00230	0.00230
91	0.00918	0.00459	0.00689	0.00689	0.00689	0.00459	0.00459	0.00689	0.00689	0.00918	0.00918	0.01607	0.00918	0.01837	0.02066	0.84619	0.00459	0.00459	0.00230	0.00230
92	0.02007	0.01548	0.01581	0.01226	0.01639	0.06662	0.01006	0.71558	0.02422	0.03200	0.01240	0.01249	0.00885	0.00629	0.00525	0.00157	0.00606	0.00467	0.00512	0.00881
93	0.85155	0.01022	0.00777	0.00695	0.01022	0.01186	0.00573	0.01554	0.00900	0.02372	0.00736	0.00859	0.00573	0.00491	0.00327	0.00164	0.00409	0.00286	0.00327	0.00573
94	0.01264	0.00867	0.01002	0.00887	0.01114	0.02772	0.00700	0.19037	0.04179	0.10505	0.28466	0.11893	0.06279	0.01015	0.00600	0.00177	0.00402	0.07654	0.00545	0.00640
95	0.01305	0.01020	0.01176	0.00865	0.01313	0.00864	0.00696	0.14400	0.01355	0.05701	0.01101	0.03135	0.00896	0.00478	0.00429	0.00100	0.00425	0.00381	0.00372	0.63989
96	0.01327	0.01029	0.01106	0.00998	0.01267	0.03086	0.00774	0.04683	0.49761	0.09474	0.07167	0.09269	0.04472	0.00848	0.00560	0.00180	0.00416	0.02286	0.00538	0.00761
97	0.00700	0.00500	0.00677	0.00793	0.00850	0.00477	0.00582	0.00836	0.01081	0.01436	0.05579	0.59415	0.03436	0.01586	0.00687	0.00220	0.00350	0.19855	0.00493	0.00446
98	0.03976	0.01373	0.01599	0.01485	0.13340	0.01493	0.01060	0.54709	0.05800	0.06119	0.02930	0.01378	0.01020	0.00620	0.00525	0.00160	0.00564	0.00489	0.00489	0.00870
99	0.00767	0.00565	0.00791	0.00783	0.00855	0.00635	0.00579	0.00913	0.00875	0.01243	0.06889	0.02520	0.01712	0.22213	0.53676	0.00707	0.02885	0.00640	0.00312	0.00440
100	0.01784	0.26351	0.01870	0.01215	0.01538	0.54616	0.00980	0.01931	0.01359	0.01278	0.00803	0.00942	0.00692	0.00579	0.01862	0.00142	0.00845	0.00327	0.00259	0.00630
101	0.01411	0.05142	0.13708	0.10458	0.34419	0.10764	0.01455	0.11046	0.03350	0.01819	0.01013	0.01239	0.00800	0.00517	0.00508	0.00157	0.00685	0.00438	0.00293	0.00776
102	0.03142	0.03276	0.09932	0.15226	0.02390	0.13118	0.30042	0.06295	0.01286	0.01651	0.01147	0.07883	0.00975	0.00594	0.00558	0.00170	0.00772	0.00579	0.00293	0.00667
103	0.00769	0.00513	0.00577	0.00577	0.00577	0.00513	0.00320	0.00769	0.00769	0.01025	0.01666	0.03460	0.01922	0.81421	0.02691	0.00513	0.00513	0.00769	0.00320	0.00320
104	0.00697	0.00507	0.00663	0.00739	0.00817	0.00473	0.00540	0.00850	0.01166	0.01559	0.19288	0.45988	0.10501	0.01473	0.00668	0.00205	0.00318	0.12583	0.00510	0.00455
105	0.01583	0.01235	0.01608	0.01213	0.01641	0.01230	0.12305	0.33644	0.06153	0.07157	0.01322	0.04571	0.01027	0.00590	0.00514	0.00145	0.00551	0.00509	0.00440	0.22561
106	0.01390	0.13865	0.05741	0.03737	0.39788	0.10218	0.12792	0.03351	0.01246	0.01626	0.00949	0.01208	0.00781	0.00479	0.00504	0.00152	0.00702	0.00447	0.00262	0.00763
107	0.00796	0.00560	0.00723	0.00682	0.00815	0.00521	0.00511	0.01063	0.03234	0.04065	0.68857	0.07597	0.06372	0.01095	0.00622	0.00169	0.00262	0.00967	0.00576	0.00513
108	0.01073	0.04781	0.54292	0.01354	0.01972	0.01110	0.05849	0.01579	0.01204	0.04530	0.14189	0.01722	0.01483	0.00619	0.00530	0.00167	0.00672	0.01841	0.00308	0.00725
109	0.01293	0.02373	0.62090	0.01438	0.02144	0.01173	0.04370	0.03765	0.01218	0.13528	0.01136	0.01236	0.00779	0.00527	0.00512	0.00167	0.00729	0.00423	0.00299	0.00800
110	0.01314	0.01312	0.04088	0.03060	0.71044	0.02676	0.01582	0.01690	0.04876	0.01741	0.01046	0.01329	0.00868	0.00485	0.00523	0.00158	0.00628	0.00473	0.00274	0.00832
111	0.00752	0.00516	0.00581	0.00581	0.00616	0.00504	0.00350	0.00794	0.00876	0.01165	0.05845	0.05012	0.11961	0.62115	0.03616	0.00443	0.00474	0.00825	0.02620	0.00355
112	0.01395	0.01037	0.01194	0.00884	0.01327	0.00905	0.00714	0.16015	0.03479	0.09183	0.01159	0.01237	0.00889	0.00477	0.00435	0.00105	0.00432	0.00376	0.02130	0.56628
113	0.01308	0.01256	0.02146	0.03245	0.78123	0.01256	0.01622	0.01622	0.01204	0.01727	0.00994	0.01308	0.00837	0.00471	0.00523	0.00157	0.00628	0.00471	0.00262	0.00837
114	0.01435	0.63712	0.08007	0.00987	0.01450	0.01939	0.00984	0.08329	0.06125	0.01523	0.00890	0.00977	0.00758	0.00489	0.00381	0.00125	0.00573	0.00328	0.00273	0.00716
115	0.01694	0.01118	0.01277	0.01108	0.03402	0.01203	0.00859	0.14395	0.41444	0.22795	0.02029	0.01861	0.02975	0.00694	0.00536	0.00171	0.00455	0.00568	0.00559	0.00855
116	0.01438	0.55787	0.15808	0.01080	0.01562	0.13811	0.01105	0.01680	0.01147	0.01327	0.00785	0.00911	0.00677	0.00475	0.00389	0.00126	0.00663	0.00310	0.00233	0.00686
117	0.00652	0.00484	0.00609	0.00689	0.00759	0.00440	0.00474	0.00770	0.01104	0.01451	0.11813	0.57702	0.18060	0.01530	0.00659	0.00202	0.00293	0.01366	0.00501	0.00440
118	0.00628	0.00536	0.00540	0.00539	0.00716	0.00448	0.00404	0.00765	0.01213	0.01447	0.07333	0.05057	0.75920	0.01332	0.00625	0.00178	0.00267	0.01111	0.00493	0.00448
119	0.00728	0.00525	0.00689	0.00679	0.00785	0.00485	0.00497	0.00947	0.01403	0.01971	0.63373	0.18844	0.04700	0.01192	0.00633	0.00176	0.00260	0.01062	0.00564	0.00485
120	0.08931	0.00855	0.01089	0.00871	0.01211	0.00785	0.00708	0.05151	0.01498	0.52231	0.18626	0.02172	0.02041	0.00734	0.00535	0.00164	0.00408	0.00602	0.00606	0.00784
121	0.00985	0.00493	0.00493	0.00493	0.00616	0.00493	0.00370	0.01232	0.01109	0.01971	0.01725	0.01971	0.01355	0.00616	0.00370	0.00123	0.00246	0.00493	0.84356	0.00493
122	0.01248	0.01426	0.03119	0.02228	0.02763	0.01337	0.76203	0.01693	0.01248	0.01693	0.01070	0.01426	0.00802	0.00446	0.00624	0.00178	0.00891	0.00624	0.00267	0.00713
123	0.01294	0.01241	0.02120	0.06836	0.74645	0.01252	0.01615	0.01610	0.01197	0.01710	0.00992	0.01313	0.00831	0.00474	0.00524	0.00158	0.00632	0.00471	0.00260	0.00826
124	0.85155	0.01022	0.00777	0.00695	0.01022	0.01186	0.00573	0.01554	0.00900	0.02372	0.00736	0.00859	0.00573	0.00491	0.00327	0.00164	0.00409	0.00286	0.00327	0.00573
125	0.00644	0.00460	0.00613	0.00736	0.00767	0.00429	0.00491	0.00736	0.01012	0.01350	0.02914	0.81076	0.03497	0.01656	0.00675	0.00215	0.00307	0.01503	0.00491	0.00429
126	0.00998	0.00940	0.01586	0.80150	0.03641	0.01175	0.01468	0.01351	0.01057	0.01351	0.00940	0.01409	0.00705	0.00529	0.00529	0.00176	0.00705	0.00470	0.00235	0.00587

[dist]
# distance from previous block
# <min> <max>
0	34

[block]
# block no. 1 follows, 46 sequences, length 28
# corresponding to MSA columns:
# 267-294
name=unknown_B
#
# <colnr> <probs for GDERKNQSTAVLIFYWHMCP>
#	G	D	E	R	K	N	Q	S	T	A	V	L	I	F	Y	W	H	M	C	P
0	0.02010	0.01481	0.01587	0.01216	0.01639	0.01639	0.01005	0.76360	0.02486	0.03332	0.01269	0.01269	0.00899	0.00635	0.00529	0.00159	0.00582	0.00476	0.00529	0.00899
1	0.00640	0.00474	0.00599	0.00698	0.00757	0.00433	0.00474	0.00740	0.01048	0.01364	0.03372	0.66810	0.17467	0.01597	0.00665	0.00208	0.00299	0.01430	0.00491	0.00433
2	0.02372	0.00900	0.01227	0.00941	0.01350	0.00777	0.00777	0.02576	0.01513	0.78489	0.02086	0.01799	0.01309	0.00654	0.00532	0.00164	0.00450	0.00532	0.00654	0.00900
3	0.02372	0.00900	0.01227	0.00941	0.01350	0.00777	0.00777	0.02576	0.01513	0.78489	0.02086	0.01799	0.01309	0.00654	0.00532	0.00164	0.00450	0.00532	0.00654	0.00900
4	0.01057	0.00514	0.00531	0.00516	0.00654	0.00507	0.00391	0.01301	0.01130	0.05931	0.01743	0.01962	0.01353	0.00618	0.00378	0.00125	0.00257	0.00495	0.80024	0.00514
5	0.01060	0.02735	0.78682	0.01507	0.02288	0.01228	0.01953	0.01674	0.01116	0.01674	0.00949	0.01116	0.00670	0.00502	0.00502	0.00167	0.00781	0.00391	0.00223	0.00781
6	0.00902	0.00862	0.01601	0.01342	0.03836	0.00804	0.28798	0.01158	0.01188	0.01601	0.12548	0.31881	0.09056	0.01063	0.00640	0.00190	0.00524	0.01036	0.00413	0.00558
7	0.00657	0.00469	0.00628	0.00751	0.00787	0.00441	0.00513	0.00759	0.01025	0.01364	0.02907	0.76359	0.03468	0.01644	0.00678	0.00216	0.00318	0.06091	0.00490	0.00433
8	0.00774	0.00578	0.00844	0.00837	0.00933	0.00672	0.00652	0.00962	0.00871	0.01271	0.01524	0.02133	0.03486	0.03643	0.71112	0.00778	0.03433	0.00576	0.04446	0.00475
9	0.05520	0.02284	0.01554	0.01586	0.11896	0.65387	0.01083	0.02021	0.01432	0.01399	0.00837	0.00997	0.00697	0.00532	0.00476	0.00140	0.00886	0.00356	0.00273	0.00641
10	0.02372	0.00900	0.01227	0.00941	0.01350	0.00777	0.00777	0.02576	0.01513	0.78489	0.02086	0.01799	0.01309	0.00654	0.00532	0.00164	0.00450	0.00532	0.00654	0.00900
11	0.85155	0.01022	0.00777	0.00695	0.01022	0.01186	0.00573	0.01554	0.00900	0.02372	0.00736	0.00859	0.00573	0.00491	0.00327	0.00164	0.00409	0.00286	0.00327	0.00573
12	0.00758	0.00556	0.00799	0.00799	0.00876	0.00633	0.00598	0.00912	0.00835	0.01190	0.01462	0.02332	0.01432	0.18269	0.65174	0.00787	0.01249	0.00604	0.00290	0.00444
13	0.01216	0.01471	0.14046	0.34644	0.10253	0.07518	0.10406	0.05501	0.05037	0.01635	0.01046	0.01350	0.00791	0.00527	0.00528	0.00168	0.00722	0.00473	0.01981	0.00687
14	0.01975	0.02520	0.01498	0.01362	0.01634	0.79299	0.01021	0.02111	0.01498	0.01294	0.00817	0.00953	0.00681	0.00545	0.00477	0.00136	0.00953	0.00340	0.00272	0.00613
15	0.00643	0.00480	0.00598	0.00688	0.00755	0.00435	0.00470	0.00749	0.01072	0.01391	0.05774	0.61144	0.20747	0.01565	0.00662	0.00205	0.00296	0.01397	0.00494	0.00435
16	0.00769	0.00513	0.00577	0.00577	0.00577	0.00513	0.00320	0.00769	0.00769	0.01025	0.01666	0.03460	0.01922	0.81421	0.02691	0.00513	0.00513	0.00769	0.00320	0.00320
17	0.00918	0.00459	0.00689	0.00689	0.00689	0.00459	0.00459	0.00689	0.00689	0.00918	0.00918	0.01607	0.00918	0.01837	0.02066	0.84619	0.00459	0.00459	0.00230	0.00230
18	0.00729	0.00529	0.00687	0.00669	0.00783	0.00487	0.00494	0.00952	0.01419	0.01987	0.64694	0.14371	0.07877	0.01169	0.00630	0.00173	0.00258	0.01036	0.00566	0.00487
19	0.01348	0.01508	0.02907	0.02103	0.02611	0.06946	0.66090	0.06413	0.01343	0.01768	0.01064	0.01382	0.00800	0.00465	0.00607	0.00174	0.00876	0.00594	0.00284	0.00718
20	0.82355	0.01038	0.00804	0.00713	0.01043	0.01201	0.00587	0.04074	0.00953	0.02404	0.00754	0.00873	0.00584	0.00496	0.00334	0.00163	0.00415	0.00293	0.00334	0.00584
21	0.85155	0.01022	0.00777	0.00695	0.01022	0.01186	0.00573	0.01554	0.00900	0.02372	0.00736	0.00859	0.00573	0.00491	0.00327	0.00164	0.00409	0.00286	0.00327	0.00573
22	0.00665	0.00469	0.00607	0.00710	0.00735	0.00443	0.00462	0.00742	0.00972	0.01296	0.02707	0.68196	0.03235	0.14892	0.01009	0.00264	0.00341	0.01381	0.00462	0.00411
23	0.01120	0.16177	0.65765	0.01404	0.02130	0.01375	0.01775	0.01659	0.01109	0.01601	0.00912	0.01071	0.00671	0.00494	0.00475	0.00158	0.00745	0.00372	0.00224	0.00764
24	0.02300	0.00969	0.01264	0.00974	0.01381	0.00885	0.00803	0.10409	0.03977	0.68138	0.02001	0.01749	0.01275	0.00654	0.00532	0.00164	0.00463	0.00528	0.00637	0.00898
25	0.02191	0.00893	0.01193	0.00927	0.01308	0.00793	0.00761	0.06167	0.01561	0.67017	0.09637	0.01988	0.01657	0.00696	0.00541	0.00164	0.00436	0.00571	0.00641	0.00859
26	0.01121	0.04470	0.64576	0.01583	0.02308	0.03609	0.11674	0.01688	0.01144	0.01655	0.00955	0.01146	0.00688	0.00495	0.00514	0.00167	0.00796	0.00417	0.00231	0.00765
27	0.01123	0.11096	0.68517	0.01439	0.02171	0.03469	0.01817	0.01677	0.01122	0.01618	0.00922	0.01083	0.00671	0.00498	0.00484	0.00161	0.00763	0.00378	0.00225	0.00766

[dist]
# distance from previous block
# <min> <max>
1	13

[block]
# block no. 2 follows, 46 sequences, length 69
# corresponding to MSA columns:
# 314-347,355-365,385-389,391-409
name=unknown_C
#
# <colnr> <probs for GDERKNQSTAVLIFYWHMCP>
#	G	D	E	R	K	N	Q	S	T	A	V	L	I	F	Y	W	H	M	C	P
0	0.01396	0.77790	0.06565	0.00935	0.01403	0.02049	0.00957	0.01588	0.01076	0.01265	0.00746	0.00861	0.00678	0.00455	0.00347	0.00116	0.00576	0.00288	0.00226	0.00684
1	0.00678	0.00474	0.00604	0.00693	0.00716	0.00452	0.00445	0.00745	0.00947	0.01262	0.02578	0.60210	0.03073	0.23100	0.01217	0.00295	0.00362	0.01306	0.00445	0.00400
2	0.01006	0.01744	0.39761	0.01302	0.04851	0.00961	0.06458	0.01447	0.01254	0.03599	0.24068	0.02155	0.04906	0.00701	0.00549	0.00165	0.00584	0.00606	0.00358	0.03526
3	0.01013	0.00931	0.01471	0.57949	0.07960	0.01110	0.01297	0.01455	0.08417	0.01518	0.06943	0.01815	0.04699	0.00621	0.00541	0.00175	0.00618	0.00548	0.00303	0.00615
4	0.01060	0.02735	0.78682	0.01507	0.02288	0.01228	0.01953	0.01674	0.01116	0.01674	0.00949	0.01116	0.00670	0.00502	0.00502	0.00167	0.00781	0.00391	0.00223	0.00781
5	0.85155	0.01022	0.00777	0.00695	0.01022	0.01186	0.00573	0.01554	0.00900	0.02372	0.00736	0.00859	0.00573	0.00491	0.00327	0.00164	0.00409	0.00286	0.00327	0.00573
6	0.01227	0.01018	0.01194	0.00883	0.01322	0.00873	0.02194	0.12555	0.04668	0.02003	0.04936	0.01311	0.01050	0.00478	0.00435	0.00101	0.00424	0.00389	0.00368	0.62569
7	0.01193	0.01417	0.08037	0.01983	0.02481	0.01245	0.60522	0.03031	0.02691	0.01726	0.03978	0.06725	0.01138	0.00561	0.00615	0.00179	0.00807	0.00674	0.00300	0.00697
8	0.01184	0.00937	0.01119	0.02976	0.01325	0.00723	0.00660	0.01420	0.01125	0.07136	0.01021	0.01155	0.00818	0.00414	0.00405	0.00087	0.00404	0.00333	0.00335	0.76425
9	0.00725	0.00494	0.00590	0.00633	0.00644	0.00483	0.00380	0.00757	0.00855	0.01139	0.02105	0.30805	0.02477	0.53319	0.01981	0.00408	0.00440	0.01027	0.00380	0.00359
10	0.01366	0.01365	0.02090	0.03083	0.71547	0.07966	0.01571	0.01664	0.01229	0.01690	0.00979	0.01278	0.00824	0.00477	0.00519	0.00155	0.00656	0.00460	0.00263	0.00818
11	0.00712	0.00489	0.00593	0.00649	0.00663	0.00475	0.00398	0.00754	0.00879	0.01172	0.02233	0.38726	0.02637	0.45178	0.01775	0.00377	0.00419	0.01102	0.00398	0.00370
12	0.07800	0.00908	0.01197	0.00924	0.01328	0.00804	0.00764	0.02509	0.01473	0.73499	0.01997	0.01738	0.01260	0.00644	0.00518	0.00164	0.00447	0.00516	0.00633	0.00878
13	0.80391	0.01015	0.00803	0.00709	0.01041	0.01162	0.00584	0.01613	0.00935	0.06752	0.00814	0.00913	0.00615	0.00500	0.00339	0.00164	0.00411	0.00300	0.00346	0.00591
14	0.00626	0.00532	0.00540	0.00546	0.00717	0.00445	0.00406	0.00758	0.01195	0.01424	0.05227	0.09096	0.73983	0.01356	0.00627	0.00180	0.00270	0.01136	0.00491	0.00445
15	0.85155	0.01022	0.00777	0.00695	0.01022	0.01186	0.00573	0.01554	0.00900	0.02372	0.00736	0.00859	0.00573	0.00491	0.00327	0.00164	0.00409	0.00286	0.00327	0.00573
16	0.85155	0.01022	0.00777	0.00695	0.01022	0.01186	0.00573	0.01554	0.00900	0.02372	0.00736	0.00859	0.00573	0.00491	0.00327	0.00164	0.00409	0.00286	0.00327	0.00573
17	0.00717	0.00517	0.00657	0.00663	0.00753	0.00480	0.00469	0.00891	0.01271	0.01754	0.45623	0.22690	0.09077	0.10978	0.00887	0.00221	0.00296	0.01077	0.00522	0.00457
18	0.02010	0.01481	0.01587	0.01216	0.01639	0.01639	0.01005	0.76360	0.02486	0.03332	0.01269	0.01269	0.00899	0.00635	0.00529	0.00159	0.00582	0.00476	0.00529	0.00899
19	0.01060	0.02735	0.78682	0.01507	0.02288	0.01228	0.01953	0.01674	0.01116	0.01674	0.00949	0.01116	0.00670	0.00502	0.00502	0.00167	0.00781	0.00391	0.00223	0.00781
20	0.00769	0.00513	0.00577	0.00577	0.00577	0.00513	0.00320	0.00769	0.00769	0.01025	0.01666	0.03460	0.01922	0.81421	0.02691	0.00513	0.00513	0.00769	0.00320	0.00320
21	0.00668	0.00480	0.00612	0.00707	0.00750	0.00450	0.00475	0.00757	0.01004	0.01321	0.02945	0.60940	0.09569	0.12547	0.00949	0.00254	0.00339	0.04349	0.00467	0.00418
22	0.85155	0.01022	0.00777	0.00695	0.01022	0.01186	0.00573	0.01554	0.00900	0.02372	0.00736	0.00859	0.00573	0.00491	0.00327	0.00164	0.00409	0.00286	0.00327	0.00573
23	0.00914	0.00461	0.00685	0.00685	0.00685	0.00461	0.00455	0.00691	0.00691	0.00922	0.00942	0.01665	0.00950	0.04318	0.02086	0.81996	0.00461	0.00469	0.00232	0.00232
24	0.01315	0.01136	0.01195	0.01076	0.01375	0.01315	0.00837	0.02809	0.77168	0.02211	0.02152	0.01972	0.01614	0.00717	0.00538	0.00179	0.00418	0.00598	0.00538	0.00837
25	0.03531	0.79698	0.02720	0.00899	0.01348	0.02069	0.00896	0.01582	0.01070	0.01272	0.00735	0.00848	0.00676	0.00453	0.00339	0.00114	0.00561	0.00283	0.00229	0.00676
26	0.01164	0.01277	0.02713	0.01965	0.02431	0.01196	0.63462	0.01576	0.01290	0.01765	0.13991	0.01851	0.01507	0.00553	0.00624	0.00176	0.00783	0.00680	0.00320	0.00677
27	0.01248	0.01426	0.03119	0.02228	0.02763	0.01337	0.76203	0.01693	0.01248	0.01693	0.01070	0.01426	0.00802	0.00446	0.00624	0.00178	0.00891	0.00624	0.00267	0.00713
28	0.00998	0.00940	0.01586	0.80150	0.03641	0.01175	0.01468	0.01351	0.01057	0.01351	0.00940	0.01409	0.00705	0.00529	0.00529	0.00176	0.00705	0.00470	0.00235	0.00587
29	0.01694	0.10803	0.05436	0.09438	0.01539	0.00966	0.00877	0.03966	0.01375	0.39342	0.10290	0.07102	0.03402	0.00736	0.00528	0.00163	0.00477	0.00610	0.00508	0.00747
30	0.01766	0.01114	0.06733	0.01280	0.01713	0.00919	0.20964	0.02057	0.01377	0.42983	0.04070	0.01984	0.07382	0.00727	0.02266	0.00184	0.00590	0.00606	0.00500	0.00785
31	0.07421	0.00888	0.01172	0.00911	0.01300	0.00788	0.00750	0.02430	0.01474	0.69739	0.05998	0.01854	0.01457	0.00667	0.00524	0.00164	0.00437	0.00539	0.00630	0.00858
32	0.02221	0.00968	0.01306	0.01111	0.06396	0.00884	0.00847	0.08678	0.02823	0.64327	0.03496	0.01770	0.01324	0.00650	0.00533	0.00163	0.00468	0.00533	0.00615	0.00886
33	0.01265	0.01212	0.02068	0.13990	0.67716	0.01245	0.01601	0.01584	0.01183	0.01675	0.00987	0.01323	0.00819	0.00479	0.00524	0.00160	0.00639	0.00471	0.00258	0.00802
34	0.01060	0.02578	0.71293	0.01530	0.02272	0.01210	0.06776	0.01646	0.01122	0.01665	0.01018	0.03630	0.00767	0.00535	0.00516	0.00170	0.00774	0.00441	0.00234	0.00766
35	0.85155	0.01022	0.00777	0.00695	0.01022	0.01186	0.00573	0.01554	0.00900	0.02372	0.00736	0.00859	0.00573	0.00491	0.00327	0.00164	0.00409	0.00286	0.00327	0.00573
36	0.00847	0.00466	0.00662	0.00683	0.00698	0.00456	0.00455	0.00705	0.00777	0.01026	0.01539	0.15804	0.05481	0.05757	0.01778	0.61175	0.00425	0.00692	0.00294	0.00281
37	0.66369	0.01081	0.00970	0.02292	0.01205	0.01223	0.02210	0.11193	0.01149	0.06913	0.00894	0.00988	0.00665	0.00519	0.00375	0.00163	0.00449	0.00335	0.00369	0.00637
38	0.00755	0.00566	0.00850	0.00850	0.00944	0.00661	0.00661	0.00944	0.00850	0.01227	0.01416	0.02077	0.01322	0.03965	0.79326	0.00850	0.01416	0.00566	0.00283	0.00472
39	0.01005	0.00947	0.01598	0.78409	0.05327	0.01176	0.01472	0.01357	0.01060	0.01359	0.00941	0.01407	0.00708	0.00527	0.00528	0.00176	0.00703	0.00470	0.00236	0.00593
40	0.00838	0.00515	0.00680	0.00740	0.00813	0.00476	0.00507	0.00945	0.01076	0.09299	0.07641	0.61628	0.03243	0.07934	0.00819	0.00230	0.00334	0.01308	0.00500	0.00473
41	0.00926	0.00620	0.00790	0.00762	0.00917	0.00593	0.00589	0.02393	0.06171	0.08000	0.42534	0.13333	0.08450	0.01152	0.00630	0.00183	0.00320	0.10536	0.00555	0.00545
42	0.00756	0.00518	0.00632	0.00653	0.00675	0.00528	0.00414	0.00805	0.00831	0.01119	0.01836	0.12579	0.02082	0.57388	0.12841	0.00510	0.00611	0.04517	0.00344	0.00362
43	0.01575	0.01206	0.01289	0.01063	0.01374	0.01344	0.00835	0.39720	0.26483	0.02579	0.01623	0.01867	0.01304	0.14258	0.00896	0.00225	0.00517	0.00565	0.00497	0.00781
44	0.28782	0.00930	0.01070	0.00855	0.01231	0.00901	0.00705	0.02211	0.01317	0.52300	0.03509	0.01551	0.01164	0.00612	0.00469	0.00164	0.00432	0.00464	0.00548	0.00785
45	0.00998	0.00940	0.01586	0.80150	0.03641	0.01175	0.01468	0.01351	0.01057	0.01351	0.00940	0.01409	0.00705	0.00529	0.00529	0.00176	0.00705	0.00470	0.00235	0.00587
46	0.00644	0.00460	0.00613	0.00736	0.00767	0.00429	0.00491	0.00736	0.01012	0.01350	0.02914	0.81076	0.03497	0.01656	0.00675	0.00215	0.00307	0.01503	0.00491	0.00429
47	0.00715	0.00528	0.00659	0.00664	0.00774	0.00484	0.00487	0.00901	0.01300	0.01766	0.43274	0.17193	0.17541	0.06502	0.00773	0.00203	0.00292	0.04947	0.00528	0.00465
48	0.67224	0.01005	0.00862	0.00752	0.01079	0.01126	0.00614	0.05574	0.01058	0.10941	0.01025	0.04996	0.00819	0.00575	0.00378	0.00166	0.00418	0.00385	0.00383	0.00619
49	0.00926	0.00564	0.00732	0.00713	0.00852	0.00510	0.00525	0.01108	0.01317	0.12270	0.36778	0.28238	0.10964	0.01230	0.00627	0.00182	0.00297	0.01087	0.00554	0.00527
50	0.00727	0.00522	0.00623	0.00619	0.00697	0.00489	0.00417	0.00851	0.01135	0.01532	0.31136	0.11249	0.15063	0.31046	0.01397	0.00302	0.00356	0.00963	0.00462	0.00418
51	0.00663	0.00485	0.00623	0.00698	0.00765	0.00445	0.00482	0.00791	0.01132	0.01514	0.18273	0.56613	0.12561	0.01503	0.00659	0.00201	0.00291	0.01347	0.00509	0.00445
52	0.03977	0.00703	0.00917	0.00808	0.01040	0.00639	0.00621	0.02772	0.01352	0.35032	0.18777	0.22961	0.04259	0.02837	0.00633	0.00186	0.00367	0.00886	0.00573	0.00658
53	0.02032	0.00855	0.01138	0.00911	0.01258	0.00766	0.00736	0.05279	0.03014	0.59989	0.08598	0.09564	0.01822	0.00787	0.00553	0.00169	0.00424	0.00660	0.00625	0.00819
54	0.01413	0.81739	0.02770	0.00905	0.01357	0.02092	0.00905	0.01583	0.01074	0.01244	0.00735	0.00848	0.00678	0.00452	0.00339	0.00113	0.00565	0.00283	0.00226	0.00678
55	0.02088	0.00863	0.01153	0.00920	0.01274	0.00768	0.00744	0.05987	0.01502	0.62724	0.05002	0.11234	0.01686	0.00788	0.00552	0.00169	0.00432	0.00660	0.00626	0.00829
56	0.00760	0.00490	0.00653	0.00746	0.00801	0.00454	0.00506	0.00858	0.01039	0.06400	0.02830	0.74063	0.03316	0.03456	0.00713	0.00218	0.00321	0.01422	0.00497	0.00458
57	0.00762	0.00518	0.00603	0.00606	0.00620	0.00524	0.00359	0.00786	0.00792	0.01061	0.01755	0.04668	0.03810	0.70305	0.10271	0.00533	0.00593	0.00770	0.00324	0.00341
58	0.00665	0.00516	0.00597	0.00620	0.00739	0.00457	0.00443	0.00807	0.01200	0.01545	0.20936	0.24780	0.38263	0.05097	0.00734	0.00201	0.00285	0.01165	0.00504	0.00448
59	0.80218	0.01015	0.00804	0.00710	0.01042	0.01162	0.00585	0.01615	0.00936	0.06911	0.00817	0.00915	0.00616	0.00500	0.00339	0.00164	0.00411	0.00301	0.00347	0.00592
60	0.08361	0.00940	0.01200	0.00933	0.01324	0.00865	0.00768	0.08495	0.01547	0.63260	0.05342	0.01784	0.01387	0.00660	0.00521	0.00163	0.00449	0.00528	0.00617	0.00857
61	0.01250	0.01419	0.03080	0.02270	0.05836	0.01334	0.73161	0.01691	0.01246	0.01695	0.01066	0.01421	0.00804	0.00447	0.00620	0.00177	0.00881	0.00618	0.00267	0.00718
62	0.01250	0.01349	0.02665	0.14513	0.14349	0.02989	0.49977	0.03181	0.01242	0.01670	0.01036	0.01392	0.00792	0.00469	0.00589	0.00173	0.00817	0.00567	0.00267	0.00714
63	0.00710	0.00508	0.00637	0.00680	0.00776	0.00460	0.00481	0.00856	0.01195	0.03462	0.23569	0.42420	0.19474	0.01410	0.00647	0.00193	0.00287	0.01251	0.00519	0.00463
64	0.59834	0.01017	0.00907	0.00800	0.01118	0.01142	0.00664	0.10460	0.01171	0.07002	0.02700	0.01553	0.01002	0.00630	0.00411	0.00171	0.00437	0.07969	0.00393	0.00621
65	0.01138	0.01076	0.01666	0.26028	0.02253	0.01191	0.11667	0.05320	0.01116	0.01579	0.01020	0.01354	0.02487	0.00597	0.00783	0.00164	0.18626	0.00466	0.00279	0.21190
66	0.00749	0.00559	0.00806	0.04753	0.00996	0.00622	0.00623	0.00907	0.00896	0.01253	0.03790	0.16213	0.01853	0.13292	0.49465	0.00642	0.01036	0.00764	0.00330	0.00451
67	0.00676	0.00500	0.00643	0.00745	0.02492	0.00464	0.00491	0.00786	0.01069	0.01414	0.10085	0.55148	0.13877	0.08005	0.00823	0.00228	0.00320	0.01315	0.00480	0.00439
68	0.01220	0.01453	0.08060	0.02074	0.04266	0.01279	0.63032	0.03063	0.01230	0.01680	0.01102	0.01533	0.00869	0.05763	0.00747	0.00199	0.00847	0.00611	0.00273	0.00698

[dist]
# distance from previous block
# <min> <max>
0	6

# created by:
# /st0/software/busco_prod/Augustus/scripts/msa2prfl.pl ./align_prep/179162.fa
