[name]
unknown

[dist]
# distance from previous block
# <min> <max>
0	62

[block]
# block no. 0 follows, 44 sequences, length 17
# corresponding to MSA columns:
# 62-78
name=unknown_A
#
# <colnr> <probs for GDERKNQSTAVLIFYWHMCP>
#	G	D	E	R	K	N	Q	S	T	A	V	L	I	F	Y	W	H	M	C	P
0	0.03237	0.05585	0.14950	0.01105	0.01498	0.02708	0.02192	0.16192	0.11997	0.10467	0.05475	0.09773	0.03337	0.04605	0.00656	0.00190	0.00542	0.01982	0.00455	0.03053
1	0.15250	0.11094	0.21366	0.01137	0.01591	0.10296	0.01126	0.07438	0.08062	0.05128	0.03354	0.03989	0.02413	0.00652	0.00489	0.00164	0.00614	0.03026	0.00361	0.02448
2	0.01169	0.19086	0.62411	0.01425	0.02160	0.01451	0.01790	0.01707	0.01142	0.01634	0.00933	0.01094	0.00692	0.00507	0.00483	0.00161	0.00759	0.00380	0.00231	0.00784
3	0.01163	0.17876	0.63573	0.01435	0.02175	0.01437	0.01806	0.01708	0.01143	0.01641	0.00936	0.01098	0.00692	0.00508	0.00486	0.00162	0.00763	0.00381	0.00231	0.00785
4	0.00708	0.00493	0.00620	0.00703	0.00723	0.00472	0.00446	0.00771	0.00957	0.01277	0.02562	0.54020	0.03047	0.28935	0.01411	0.00327	0.00389	0.01289	0.00446	0.00404
5	0.01255	0.02479	0.62791	0.01673	0.09711	0.01222	0.01859	0.01815	0.01201	0.09370	0.01101	0.01241	0.00774	0.00531	0.00523	0.00171	0.00756	0.00426	0.00279	0.00824
6	0.01169	0.00992	0.01151	0.00826	0.01308	0.00766	0.00662	0.04420	0.01189	0.01845	0.00983	0.01138	0.00812	0.00414	0.00410	0.00084	0.00412	0.00330	0.00332	0.80756
7	0.00664	0.00474	0.00633	0.00759	0.00791	0.00443	0.00506	0.00759	0.01044	0.01392	0.03005	0.80485	0.03606	0.01708	0.00696	0.00221	0.00316	0.01550	0.00506	0.00443
8	0.00793	0.00529	0.00595	0.00595	0.00595	0.00529	0.00330	0.00793	0.00793	0.01057	0.01718	0.03568	0.01982	0.80840	0.02775	0.00529	0.00529	0.00793	0.00330	0.00330
9	0.01469	0.75218	0.05354	0.00974	0.01444	0.05330	0.00975	0.01658	0.01128	0.01300	0.00769	0.00888	0.00699	0.00472	0.00361	0.00120	0.00607	0.00298	0.00235	0.00700
10	0.00779	0.00584	0.00876	0.00876	0.00974	0.00681	0.00681	0.00974	0.00876	0.01266	0.01460	0.02142	0.01363	0.04089	0.78680	0.00876	0.01460	0.00584	0.00292	0.00487
11	0.05037	0.01264	0.01614	0.25800	0.09124	0.01452	0.01213	0.32642	0.09180	0.02412	0.01222	0.01407	0.00910	0.00619	0.00585	0.00174	0.03657	0.00492	0.00406	0.00788
12	0.09439	0.01161	0.09104	0.59989	0.03224	0.01194	0.01428	0.01446	0.01082	0.01551	0.00949	0.01351	0.00713	0.00531	0.00515	0.00174	0.00688	0.00449	0.00255	0.04758
13	0.00828	0.00616	0.00779	0.00742	0.00883	0.00598	0.00560	0.01204	0.08941	0.02139	0.63719	0.07716	0.04660	0.01119	0.00640	0.00178	0.00285	0.03261	0.00588	0.00545
14	0.01226	0.01352	0.02815	0.02051	0.02505	0.01322	0.60570	0.01632	0.01267	0.01746	0.08609	0.01701	0.01244	0.00574	0.00758	0.00188	0.08776	0.00661	0.00304	0.00699
15	0.01225	0.01025	0.01181	0.00852	0.01332	0.00824	0.00685	0.08826	0.01274	0.01943	0.01003	0.01148	0.00820	0.00429	0.00418	0.00089	0.00423	0.00340	0.00345	0.75817
16	0.01376	0.00931	0.01144	0.04350	0.06100	0.02531	0.00794	0.11596	0.09036	0.15323	0.10149	0.15304	0.03839	0.10111	0.00870	0.00220	0.02614	0.00786	0.00494	0.02432

[dist]
# distance from previous block
# <min> <max>
15	41

[block]
# block no. 1 follows, 44 sequences, length 9
# corresponding to MSA columns:
# 124-132
name=unknown_B
#
# <colnr> <probs for GDERKNQSTAVLIFYWHMCP>
#	G	D	E	R	K	N	Q	S	T	A	V	L	I	F	Y	W	H	M	C	P
0	0.11985	0.01021	0.01258	0.01338	0.16556	0.01002	0.00872	0.08914	0.05955	0.07247	0.01440	0.01671	0.02929	0.00593	0.00470	0.00144	0.00459	0.02973	0.12607	0.20567
1	0.01417	0.01446	0.02010	0.07105	0.57108	0.12569	0.01504	0.01711	0.01270	0.01694	0.00992	0.01287	0.00829	0.00495	0.00524	0.00154	0.00685	0.00455	0.00274	0.06474
2	0.01173	0.01129	0.01959	0.44419	0.33334	0.01255	0.05862	0.01526	0.01162	0.01569	0.00999	0.01413	0.00788	0.00516	0.00549	0.00174	0.00706	0.00494	0.00255	0.00717
3	0.01329	0.01153	0.01812	0.35210	0.24626	0.03835	0.05772	0.03854	0.04169	0.08397	0.01220	0.04085	0.00965	0.00584	0.00553	0.00174	0.00672	0.00536	0.00322	0.00732
4	0.01209	0.01118	0.01790	0.17196	0.43419	0.01140	0.01386	0.01574	0.04301	0.01742	0.05236	0.01741	0.01200	0.00579	0.00540	0.00161	0.00597	0.03911	0.00311	0.10849
5	0.01283	0.01057	0.01285	0.08232	0.15400	0.05195	0.00943	0.07943	0.16531	0.05994	0.07461	0.03950	0.11717	0.04193	0.00650	0.00186	0.00499	0.00669	0.06110	0.00703
6	0.01490	0.16363	0.01572	0.01171	0.08499	0.01255	0.00867	0.19202	0.04843	0.10858	0.15956	0.05073	0.01939	0.06065	0.00678	0.00182	0.00493	0.00617	0.00465	0.02412
7	0.04185	0.14412	0.06529	0.06642	0.03840	0.09695	0.12744	0.11108	0.01395	0.07362	0.01181	0.03152	0.00935	0.00581	0.00534	0.00156	0.02980	0.00478	0.08019	0.04073
8	0.08548	0.05624	0.03435	0.03803	0.03987	0.06954	0.00900	0.06929	0.14080	0.20159	0.01597	0.07580	0.01267	0.00700	0.00563	0.00165	0.03773	0.00550	0.00458	0.08926

[dist]
# distance from previous block
# <min> <max>
14	30

[block]
# block no. 2 follows, 44 sequences, length 13
# corresponding to MSA columns:
# 168-180
name=unknown_C
#
# <colnr> <probs for GDERKNQSTAVLIFYWHMCP>
#	G	D	E	R	K	N	Q	S	T	A	V	L	I	F	Y	W	H	M	C	P
0	0.09401	0.38624	0.21759	0.01323	0.07565	0.04055	0.04673	0.01668	0.01135	0.01593	0.00884	0.01049	0.00726	0.00493	0.00425	0.00144	0.00648	0.00360	0.02752	0.00723
1	0.01247	0.31708	0.44615	0.01456	0.07532	0.01598	0.01589	0.01688	0.01142	0.01566	0.00900	0.01063	0.00707	0.00497	0.00457	0.00151	0.00712	0.00368	0.00234	0.00771
2	0.01202	0.17660	0.55720	0.01363	0.02043	0.01370	0.01667	0.01698	0.01156	0.05156	0.01103	0.05526	0.00884	0.00581	0.00497	0.00164	0.00720	0.00452	0.00267	0.00771
3	0.01525	0.72112	0.02710	0.00981	0.01432	0.07770	0.00946	0.04712	0.01200	0.01375	0.00787	0.00900	0.00709	0.00481	0.00368	0.00120	0.00613	0.00304	0.00250	0.00704
4	0.00947	0.00473	0.00710	0.00710	0.00710	0.00473	0.00473	0.00710	0.00710	0.00947	0.00947	0.01657	0.00947	0.01894	0.02131	0.84138	0.00473	0.00473	0.00237	0.00237
5	0.00664	0.00474	0.00633	0.00759	0.00791	0.00443	0.00506	0.00759	0.01044	0.01392	0.03005	0.80485	0.03606	0.01708	0.00696	0.00221	0.00316	0.01550	0.00506	0.00443
6	0.01216	0.00955	0.03660	0.00895	0.03101	0.00721	0.00708	0.01447	0.01182	0.11017	0.01583	0.10768	0.05035	0.00645	0.00475	0.00118	0.00414	0.00543	0.00392	0.55123
7	0.01166	0.00974	0.01131	0.00837	0.01284	0.00778	0.00665	0.06905	0.01232	0.01872	0.01147	0.07086	0.01026	0.00520	0.00436	0.00098	0.00412	0.00427	0.00353	0.71649
8	0.01349	0.01057	0.01219	0.00888	0.01361	0.00886	0.00717	0.13435	0.01384	0.05860	0.01083	0.01196	0.00854	0.00458	0.00434	0.00099	0.00438	0.00361	0.00377	0.66544
9	0.01092	0.00926	0.01088	0.00799	0.01246	0.00703	0.00633	0.01328	0.01146	0.01778	0.04678	0.05003	0.01145	0.00499	0.00429	0.00092	0.00393	0.00412	0.00345	0.76266
10	0.01382	0.01262	0.03764	0.02172	0.38720	0.05663	0.03113	0.03263	0.02708	0.07381	0.02676	0.05196	0.01142	0.00585	0.00526	0.00151	0.00585	0.01893	0.00343	0.17475
11	0.01122	0.00965	0.01182	0.06888	0.14486	0.06552	0.00868	0.05931	0.02707	0.04155	0.25153	0.04219	0.14351	0.02823	0.00640	0.00177	0.00465	0.02407	0.00454	0.04456
12	0.01429	0.02938	0.01243	0.02839	0.04757	0.01055	0.00826	0.24022	0.06585	0.09704	0.11421	0.11634	0.07619	0.00899	0.00576	0.00171	0.00460	0.03762	0.00511	0.07549

[dist]
# distance from previous block
# <min> <max>
1	12

[block]
# block no. 3 follows, 44 sequences, length 22
# corresponding to MSA columns:
# 193-214
name=unknown_D
#
# <colnr> <probs for GDERKNQSTAVLIFYWHMCP>
#	G	D	E	R	K	N	Q	S	T	A	V	L	I	F	Y	W	H	M	C	P
0	0.03234	0.10330	0.16065	0.05046	0.15420	0.08015	0.03547	0.08040	0.02358	0.04629	0.01441	0.09618	0.04389	0.00694	0.00547	0.00165	0.01906	0.00575	0.00339	0.03642
1	0.01076	0.03864	0.00963	0.02755	0.01080	0.00766	0.00637	0.12005	0.01373	0.07125	0.09552	0.34138	0.11943	0.04242	0.00696	0.00198	0.00392	0.01044	0.00497	0.05653
2	0.16002	0.07256	0.18236	0.05053	0.05130	0.01207	0.05010	0.09271	0.01285	0.02017	0.09166	0.03569	0.01334	0.02532	0.00584	0.00173	0.02987	0.00510	0.04401	0.04277
3	0.04419	0.02244	0.52863	0.01624	0.09483	0.01187	0.04791	0.01765	0.01212	0.08750	0.04589	0.01372	0.00976	0.00552	0.00525	0.00170	0.00718	0.00456	0.00299	0.02004
4	0.01602	0.61904	0.02544	0.01036	0.01470	0.14883	0.00961	0.07443	0.01293	0.01458	0.00815	0.00926	0.00718	0.00497	0.00389	0.00124	0.00651	0.00317	0.00265	0.00706
5	0.01771	0.01445	0.05135	0.01497	0.11887	0.01484	0.01118	0.52188	0.02103	0.02863	0.01255	0.01376	0.00942	0.00929	0.07693	0.00225	0.00686	0.00487	0.00461	0.04455
6	0.01449	0.01018	0.01145	0.01015	0.01312	0.01106	0.00795	0.02511	0.49608	0.16106	0.08162	0.05354	0.04678	0.00834	0.00573	0.00184	0.00416	0.02350	0.00576	0.00809
7	0.00671	0.00512	0.00614	0.00689	0.00781	0.00461	0.00485	0.00787	0.01119	0.01422	0.03888	0.46595	0.30722	0.04137	0.00747	0.00219	0.00317	0.04884	0.00500	0.00448
8	0.01280	0.01260	0.01972	0.12776	0.43769	0.04854	0.05065	0.01596	0.02696	0.01637	0.01110	0.03316	0.00980	0.00633	0.00731	0.00181	0.11806	0.03303	0.00283	0.00752
9	0.01337	0.02307	0.52331	0.01653	0.05731	0.02989	0.11621	0.01864	0.01238	0.12091	0.01154	0.01295	0.00807	0.00531	0.00539	0.00172	0.00771	0.00457	0.00300	0.00812
10	0.00683	0.00597	0.04421	0.00778	0.00862	0.00485	0.00571	0.00809	0.01068	0.01416	0.03147	0.69378	0.10522	0.01618	0.00682	0.00215	0.00336	0.01455	0.00493	0.00462
11	0.01030	0.00969	0.01635	0.79530	0.03755	0.01211	0.01514	0.01393	0.01090	0.01393	0.00969	0.01453	0.00727	0.00545	0.00545	0.00182	0.00727	0.00484	0.00242	0.00606
12	0.00871	0.00683	0.00992	0.02695	0.01135	0.00671	0.07446	0.08394	0.01220	0.01630	0.02615	0.63534	0.03018	0.01462	0.00673	0.00211	0.00409	0.01337	0.00483	0.00522
13	0.01386	0.01335	0.02088	0.08320	0.46685	0.05102	0.09297	0.08439	0.03134	0.01863	0.01153	0.04766	0.00981	0.00576	0.00585	0.00170	0.02466	0.00545	0.00310	0.00801
14	0.01306	0.01273	0.02237	0.12246	0.61908	0.01293	0.08412	0.01647	0.01228	0.01732	0.01026	0.01373	0.00844	0.00490	0.00550	0.00166	0.00682	0.00500	0.00267	0.00821
15	0.01245	0.01318	0.02616	0.02145	0.11484	0.01284	0.49997	0.01749	0.08141	0.01766	0.01384	0.05470	0.01176	0.00622	0.00658	0.00188	0.02592	0.05108	0.00324	0.00731
16	0.01198	0.02674	0.72083	0.01509	0.02285	0.01230	0.01921	0.01798	0.01183	0.07608	0.01069	0.01205	0.00742	0.00530	0.00520	0.00172	0.00779	0.00414	0.00265	0.00815
17	0.00697	0.00495	0.00654	0.00759	0.00809	0.00464	0.00526	0.00801	0.01078	0.01432	0.06626	0.63216	0.07136	0.03271	0.00784	0.02941	0.00335	0.07035	0.00498	0.00443
18	0.01606	0.01171	0.14114	0.01106	0.01494	0.00855	0.04197	0.01961	0.04828	0.34471	0.06238	0.08570	0.01935	0.00896	0.00601	0.00190	0.00524	0.13955	0.00529	0.00759
19	0.09369	0.01331	0.01614	0.01671	0.20105	0.01435	0.01106	0.38844	0.07491	0.06207	0.03052	0.02936	0.01102	0.00637	0.00531	0.00167	0.00563	0.00515	0.00466	0.00857
20	0.00778	0.00560	0.00742	0.00736	0.00795	0.00541	0.04058	0.00865	0.00974	0.01324	0.06470	0.28308	0.05509	0.38750	0.03306	0.00369	0.00462	0.01038	0.04000	0.00413
21	0.02172	0.00992	0.01424	0.01098	0.01510	0.00905	0.07636	0.02550	0.09586	0.60421	0.04352	0.01907	0.01451	0.00675	0.00561	0.00172	0.00496	0.00578	0.00623	0.00891

[dist]
# distance from previous block
# <min> <max>
0	4

[block]
# block no. 4 follows, 44 sequences, length 19
# corresponding to MSA columns:
# 219-237
name=unknown_E
#
# <colnr> <probs for GDERKNQSTAVLIFYWHMCP>
#	G	D	E	R	K	N	Q	S	T	A	V	L	I	F	Y	W	H	M	C	P
0	0.02545	0.11977	0.12314	0.05220	0.30499	0.01340	0.09294	0.01619	0.01205	0.03603	0.05808	0.01435	0.01077	0.00553	0.00588	0.00161	0.04988	0.00487	0.00292	0.04993
1	0.01474	0.47939	0.12085	0.01248	0.05609	0.09295	0.03964	0.01722	0.01184	0.04969	0.00990	0.01122	0.02431	0.00530	0.00473	0.00139	0.03468	0.00373	0.00268	0.00718
2	0.05087	0.00731	0.05268	0.00771	0.00947	0.00615	0.00628	0.01089	0.03198	0.04017	0.22966	0.15652	0.18234	0.06331	0.00831	0.03570	0.00373	0.08692	0.00491	0.00511
3	0.00705	0.00508	0.00657	0.00758	0.00815	0.00478	0.00533	0.00820	0.01080	0.01421	0.04825	0.55495	0.09941	0.08441	0.00876	0.00247	0.00354	0.11107	0.00493	0.00444
4	0.01282	0.01500	0.07235	0.21859	0.13471	0.09012	0.32828	0.01671	0.01243	0.01613	0.01057	0.02766	0.00834	0.00521	0.00582	0.00176	0.00820	0.00552	0.00268	0.00710
5	0.01609	0.10660	0.17808	0.05609	0.16199	0.03817	0.03452	0.08861	0.06983	0.17735	0.01328	0.01404	0.00962	0.00569	0.00519	0.00163	0.00637	0.00470	0.00388	0.00828
6	0.01140	0.00634	0.00845	0.00772	0.00955	0.00576	0.00594	0.01368	0.01478	0.19033	0.48597	0.12301	0.04029	0.01101	0.00633	0.00180	0.00321	0.04242	0.00602	0.00598
7	0.01247	0.12679	0.47078	0.01396	0.04436	0.01299	0.03129	0.05605	0.01279	0.06365	0.05817	0.01545	0.04594	0.00602	0.00516	0.00165	0.00684	0.00479	0.00311	0.00772
8	0.01258	0.05623	0.58454	0.01612	0.05771	0.01307	0.06524	0.05677	0.01259	0.05973	0.01061	0.01217	0.00756	0.00526	0.00523	0.00170	0.00767	0.00430	0.00276	0.00813
9	0.01865	0.01289	0.01489	0.01180	0.01564	0.03654	0.04686	0.37437	0.10843	0.17015	0.01634	0.01830	0.01235	0.04942	0.00674	0.00188	0.00567	0.03844	0.00529	0.03533
10	0.06142	0.01043	0.07884	0.00950	0.01316	0.00862	0.00831	0.04884	0.07141	0.38209	0.20431	0.02359	0.03987	0.00781	0.00560	0.00171	0.00439	0.00647	0.00581	0.00782
11	0.01316	0.01360	0.03782	0.08956	0.48608	0.08810	0.05807	0.01628	0.01261	0.01679	0.01318	0.01876	0.03528	0.00617	0.00563	0.00172	0.00682	0.06975	0.00296	0.00766
12	0.01250	0.01357	0.09397	0.20228	0.20562	0.04709	0.09446	0.07306	0.05631	0.01772	0.02557	0.05666	0.01173	0.03707	0.00651	0.00190	0.00679	0.02677	0.00325	0.00720
13	0.03475	0.17736	0.36306	0.01649	0.10922	0.05562	0.07512	0.03119	0.03871	0.01687	0.00982	0.01165	0.00761	0.00522	0.00523	0.00161	0.02598	0.00416	0.00262	0.00771
14	0.00948	0.00622	0.00796	0.00777	0.00905	0.00596	0.00571	0.03477	0.01290	0.08520	0.26381	0.29058	0.06939	0.08309	0.00870	0.00223	0.02632	0.04193	0.00525	0.02369
15	0.10549	0.05217	0.10382	0.01275	0.02630	0.11971	0.08571	0.13567	0.04080	0.03782	0.04907	0.05664	0.01217	0.00864	0.04756	0.00208	0.06286	0.00537	0.02837	0.00697
16	0.05781	0.03808	0.04958	0.01109	0.01482	0.09129	0.00937	0.24410	0.04112	0.17191	0.04292	0.01653	0.05154	0.00691	0.00615	0.00163	0.06479	0.00512	0.00470	0.07052
17	0.01619	0.01285	0.01590	0.10474	0.13663	0.01405	0.01119	0.39395	0.08900	0.02590	0.01392	0.05604	0.01114	0.00781	0.03103	0.00190	0.00611	0.00553	0.00449	0.04162
18	0.06196	0.01155	0.12878	0.04184	0.11002	0.00926	0.00999	0.09725	0.01312	0.01880	0.08013	0.21949	0.06837	0.02889	0.00634	0.00190	0.00496	0.03449	0.00412	0.04872

[dist]
# distance from previous block
# <min> <max>
8	26

[block]
# block no. 5 follows, 44 sequences, length 14
# corresponding to MSA columns:
# 264-277
name=unknown_F
#
# <colnr> <probs for GDERKNQSTAVLIFYWHMCP>
#	G	D	E	R	K	N	Q	S	T	A	V	L	I	F	Y	W	H	M	C	P
0	0.04538	0.01047	0.05073	0.03818	0.03318	0.00897	0.06462	0.01568	0.12385	0.01881	0.11008	0.08317	0.01705	0.00674	0.00511	0.00141	0.00459	0.00590	0.00396	0.35211
1	0.01393	0.01261	0.06657	0.03414	0.13531	0.01144	0.10047	0.08421	0.05721	0.09289	0.01318	0.02962	0.02436	0.00594	0.00631	0.00155	0.07459	0.00503	0.00369	0.22696
2	0.01372	0.04613	0.07863	0.01561	0.19146	0.09499	0.01073	0.09921	0.08360	0.04140	0.11413	0.01913	0.04125	0.00722	0.01659	0.00168	0.00567	0.00559	0.08926	0.02398
3	0.01482	0.17414	0.36067	0.01504	0.08801	0.01421	0.03476	0.09248	0.01354	0.12572	0.01142	0.01240	0.00829	0.00539	0.00498	0.00160	0.00682	0.00425	0.00330	0.00818
4	0.01062	0.01002	0.01693	0.71888	0.11146	0.01220	0.01530	0.01421	0.01105	0.01432	0.00975	0.01443	0.00740	0.00539	0.00545	0.00180	0.00719	0.00485	0.00245	0.00631
5	0.03281	0.01581	0.23701	0.01234	0.03299	0.04791	0.04621	0.02025	0.03469	0.29235	0.06984	0.01646	0.01302	0.00610	0.00528	0.00160	0.00591	0.00503	0.00445	0.09995
6	0.01349	0.01295	0.02213	0.03346	0.77440	0.01295	0.01673	0.01673	0.01241	0.01781	0.01025	0.01349	0.00864	0.00486	0.00540	0.00162	0.00648	0.00486	0.00270	0.00864
7	0.00677	0.00553	0.00600	0.00602	0.00768	0.00476	0.00454	0.00838	0.01287	0.01600	0.17799	0.08182	0.58633	0.01353	0.00651	0.00186	0.00284	0.04064	0.00522	0.00471
8	0.00777	0.00543	0.00686	0.00669	0.00790	0.00503	0.00495	0.01009	0.01430	0.02041	0.57246	0.12632	0.08519	0.01149	0.00623	0.00173	0.00265	0.01011	0.08937	0.00503
9	0.00658	0.00542	0.00579	0.00593	0.00751	0.00462	0.00436	0.00801	0.01241	0.01523	0.11390	0.15788	0.60543	0.01404	0.00652	0.00188	0.00280	0.01193	0.00514	0.00462
10	0.03360	0.01281	0.01438	0.01260	0.05188	0.01406	0.00986	0.44731	0.13925	0.04816	0.01686	0.02134	0.01370	0.00777	0.00568	0.00179	0.00546	0.10865	0.02648	0.00837
11	0.00678	0.00552	0.00592	0.00583	0.00748	0.00475	0.00433	0.00837	0.01291	0.01612	0.20999	0.04926	0.58620	0.04364	0.00726	0.00195	0.00282	0.01101	0.00520	0.00467
12	0.01246	0.01470	0.06129	0.05361	0.02794	0.01334	0.66798	0.01696	0.01265	0.01719	0.01159	0.04235	0.00915	0.00509	0.00636	0.00185	0.00885	0.00659	0.00281	0.00723
13	0.10467	0.58055	0.10064	0.01011	0.01482	0.08386	0.01014	0.01684	0.01129	0.01457	0.00787	0.00913	0.00687	0.00484	0.00377	0.00130	0.00622	0.00308	0.00248	0.00693

[dist]
# distance from previous block
# <min> <max>
3	5

[block]
# block no. 6 follows, 44 sequences, length 61
# corresponding to MSA columns:
# 284-307,309-345
name=unknown_G
#
# <colnr> <probs for GDERKNQSTAVLIFYWHMCP>
#	G	D	E	R	K	N	Q	S	T	A	V	L	I	F	Y	W	H	M	C	P
0	0.01250	0.01040	0.01643	0.04789	0.04580	0.01080	0.18466	0.07393	0.11168	0.07320	0.04589	0.11379	0.02954	0.04422	0.06341	0.00250	0.05355	0.01970	0.01546	0.02464
1	0.01328	0.01335	0.02440	0.03022	0.56476	0.01329	0.19734	0.01678	0.01238	0.01756	0.01033	0.01373	0.00849	0.00496	0.00609	0.00170	0.03516	0.00524	0.00270	0.00823
2	0.01326	0.01428	0.02917	0.02113	0.02620	0.01380	0.63404	0.07032	0.04368	0.01869	0.01208	0.03722	0.00944	0.00531	0.00659	0.00185	0.02585	0.00654	0.00312	0.00743
3	0.00768	0.00538	0.00618	0.00623	0.00663	0.00530	0.00388	0.00813	0.00887	0.01160	0.02352	0.05417	0.13845	0.58757	0.08260	0.00488	0.00556	0.02604	0.00363	0.00370
4	0.01030	0.00969	0.01635	0.79530	0.03755	0.01211	0.01514	0.01393	0.01090	0.01393	0.00969	0.01453	0.00727	0.00545	0.00545	0.00182	0.00727	0.00484	0.00242	0.00606
5	0.00767	0.00591	0.00708	0.00702	0.00848	0.00552	0.00530	0.01054	0.06210	0.01858	0.38124	0.12650	0.26057	0.01259	0.00651	0.00187	0.00297	0.05889	0.00553	0.00512
6	0.00894	0.00686	0.00816	0.00794	0.00872	0.03949	0.00561	0.04198	0.00942	0.01273	0.01539	0.02671	0.01583	0.36860	0.39273	0.00664	0.01001	0.00660	0.00319	0.00445
7	0.01337	0.00912	0.01354	0.01663	0.23399	0.00897	0.01065	0.03278	0.04616	0.15685	0.07339	0.05125	0.02186	0.00982	0.00631	0.00199	0.00516	0.27631	0.00476	0.00710
8	0.01450	0.75453	0.02741	0.00945	0.01401	0.02100	0.00928	0.01723	0.06491	0.01354	0.00862	0.00957	0.00769	0.00486	0.00364	0.00121	0.00572	0.00315	0.00256	0.00711
9	0.01319	0.51297	0.31512	0.01170	0.01765	0.01817	0.01345	0.01668	0.01124	0.01452	0.00842	0.00980	0.00696	0.00486	0.00414	0.00138	0.00668	0.00334	0.00232	0.00740
10	0.01374	0.01335	0.02141	0.07510	0.68620	0.04434	0.01626	0.03244	0.01273	0.01776	0.01021	0.01339	0.00851	0.00496	0.00538	0.00162	0.00665	0.00480	0.00275	0.00841
11	0.00781	0.00524	0.00598	0.00610	0.00612	0.00521	0.00346	0.00790	0.00816	0.01087	0.01835	0.10551	0.02129	0.73656	0.02586	0.00501	0.00509	0.00862	0.00346	0.00341
12	0.05947	0.17776	0.56007	0.01363	0.02061	0.01417	0.01675	0.01739	0.01147	0.04780	0.00971	0.01111	0.00714	0.00514	0.00477	0.00161	0.00727	0.00381	0.00255	0.00778
13	0.01173	0.01124	0.01933	0.44845	0.34664	0.01252	0.04162	0.01523	0.01160	0.01568	0.00997	0.01410	0.00788	0.00517	0.00546	0.00173	0.00700	0.00491	0.00255	0.00718
14	0.00679	0.00495	0.00635	0.00723	0.00782	0.00456	0.00492	0.00797	0.01121	0.01491	0.12626	0.60563	0.11640	0.03847	0.00743	0.00220	0.00311	0.01414	0.00513	0.00451
15	0.00771	0.00528	0.00600	0.00606	0.00629	0.00517	0.00357	0.00800	0.00880	0.01164	0.05490	0.08635	0.08497	0.65608	0.02369	0.00464	0.00482	0.00880	0.00368	0.00357
16	0.01413	0.01303	0.02093	0.05736	0.63957	0.01335	0.01569	0.09308	0.04435	0.01958	0.01101	0.01377	0.00898	0.00516	0.00541	0.00164	0.00637	0.00492	0.00309	0.00861
17	0.01192	0.00755	0.00977	0.00985	0.03763	0.00740	0.00756	0.06417	0.06378	0.14093	0.13924	0.16068	0.08250	0.01193	0.00652	0.00203	0.00420	0.22064	0.00544	0.00625
18	0.00780	0.00580	0.00856	0.00856	0.00946	0.00670	0.00656	0.00960	0.00870	0.01250	0.01479	0.02245	0.01408	0.09652	0.73178	0.00851	0.01393	0.00599	0.00295	0.00475
19	0.02354	0.00948	0.01262	0.00982	0.01394	0.00848	0.00806	0.02677	0.07899	0.71425	0.02157	0.01871	0.01376	0.00680	0.00549	0.00170	0.00461	0.00554	0.00665	0.00922
20	0.01407	0.40510	0.22187	0.01495	0.12161	0.04917	0.03916	0.01731	0.01180	0.04601	0.00924	0.01077	0.00751	0.00495	0.00444	0.00143	0.00673	0.00372	0.00259	0.00757
21	0.01283	0.01214	0.02058	0.10981	0.64442	0.01239	0.01600	0.01606	0.01227	0.01731	0.01153	0.01703	0.01012	0.00565	0.00556	0.00170	0.00645	0.05721	0.00284	0.00811
22	0.01221	0.00738	0.02563	0.02489	0.01082	0.00659	0.00654	0.03175	0.03637	0.20333	0.44097	0.08068	0.07035	0.01011	0.00614	0.00175	0.00346	0.00878	0.00590	0.00635
23	0.01479	0.07258	0.02221	0.02725	0.51620	0.15680	0.07805	0.01770	0.01292	0.01660	0.00979	0.01258	0.00819	0.00496	0.00526	0.00157	0.00728	0.00460	0.00270	0.00798
24	0.04283	0.00606	0.00833	0.03423	0.01028	0.00579	0.04108	0.01047	0.01135	0.07002	0.06813	0.51403	0.07424	0.01365	0.00636	0.00201	0.00364	0.01225	0.06014	0.00512
25	0.01540	0.39361	0.05924	0.01301	0.09568	0.14148	0.01051	0.08925	0.01340	0.01642	0.00921	0.01064	0.00775	0.00507	0.00425	0.00130	0.00641	0.00358	0.03687	0.06689
26	0.00871	0.00716	0.00992	0.02339	0.01128	0.00636	0.06589	0.02598	0.01206	0.01666	0.14326	0.30202	0.11099	0.04492	0.00697	0.00187	0.00392	0.01006	0.00452	0.18406
27	0.04827	0.03315	0.21307	0.01852	0.12339	0.04006	0.22637	0.09782	0.01409	0.11486	0.01185	0.01353	0.00858	0.00531	0.00552	0.00171	0.00738	0.00502	0.00344	0.00805
28	0.01839	0.13195	0.01881	0.03608	0.03375	0.32433	0.05981	0.24065	0.03374	0.02016	0.01023	0.01146	0.00803	0.00580	0.00530	0.00152	0.02479	0.00419	0.00357	0.00745
29	0.00679	0.00493	0.00633	0.00737	0.00790	0.00457	0.00503	0.00783	0.01070	0.01407	0.04376	0.64253	0.11715	0.05410	0.00790	0.00232	0.00329	0.04402	0.00499	0.00443
30	0.01192	0.00814	0.00971	0.00847	0.01075	0.00823	0.00660	0.11610	0.12547	0.09722	0.45842	0.03229	0.06494	0.00965	0.00608	0.00173	0.00350	0.00829	0.00590	0.00659
31	0.00784	0.00525	0.00597	0.00605	0.00608	0.00523	0.00342	0.00791	0.00809	0.01079	0.01803	0.08658	0.02089	0.75603	0.02637	0.00508	0.00514	0.00843	0.00342	0.00338
32	0.01362	0.00907	0.01003	0.02794	0.01156	0.00957	0.00684	0.25735	0.04919	0.05146	0.13265	0.03717	0.06625	0.00784	0.00514	0.00156	0.00397	0.00640	0.28564	0.00675
33	0.00793	0.00529	0.00595	0.00595	0.00595	0.00529	0.00330	0.00793	0.00793	0.01057	0.01718	0.03568	0.01982	0.80840	0.02775	0.00529	0.00529	0.00793	0.00330	0.00330
34	0.01458	0.81168	0.02857	0.00933	0.01399	0.02157	0.00933	0.01632	0.01108	0.01283	0.00758	0.00875	0.00700	0.00466	0.00350	0.00117	0.00583	0.00292	0.00233	0.00700
35	0.84691	0.01054	0.00801	0.00717	0.01054	0.01223	0.00590	0.01603	0.00928	0.02446	0.00759	0.00886	0.00590	0.00506	0.00337	0.00169	0.00422	0.00295	0.00337	0.00590
36	0.01411	0.69084	0.10838	0.01063	0.01570	0.02026	0.04585	0.01648	0.01121	0.01352	0.00798	0.00932	0.00705	0.00472	0.00382	0.00126	0.00623	0.00320	0.00235	0.00713
37	0.01330	0.01292	0.02257	0.06887	0.68613	0.01297	0.06937	0.01665	0.01237	0.01760	0.01028	0.01363	0.00854	0.00487	0.00547	0.00164	0.00671	0.00497	0.00269	0.00842
38	0.00663	0.00545	0.00583	0.00591	0.00752	0.00465	0.00437	0.00811	0.01260	0.01554	0.14306	0.13059	0.60323	0.01382	0.00650	0.00186	0.00278	0.01172	0.00518	0.00465
39	0.06550	0.15623	0.01770	0.01209	0.01585	0.22273	0.00999	0.34039	0.01849	0.04204	0.01054	0.01131	0.00810	0.00602	0.00538	0.00153	0.04029	0.00409	0.00399	0.00776
40	0.01343	0.01028	0.01193	0.00885	0.01338	0.00867	0.00710	0.11692	0.02838	0.07529	0.01203	0.04205	0.00985	0.00514	0.00448	0.00106	0.00432	0.00414	0.00391	0.61881
41	0.05276	0.03379	0.05176	0.01111	0.01488	0.08529	0.00931	0.22256	0.22788	0.14976	0.01641	0.01588	0.01185	0.00654	0.00517	0.00165	0.00543	0.00506	0.06465	0.00826
42	0.07947	0.03316	0.10306	0.01097	0.01547	0.02479	0.00988	0.16793	0.09358	0.37971	0.01699	0.01576	0.01141	0.00640	0.00524	0.00168	0.00536	0.00499	0.00543	0.00872
43	0.01417	0.01187	0.01256	0.01115	0.01433	0.01365	0.00872	0.07001	0.70876	0.03762	0.02166	0.01990	0.01617	0.00734	0.00554	0.00183	0.00442	0.00608	0.00556	0.00868
44	0.01130	0.00969	0.01130	0.00807	0.01292	0.00727	0.00646	0.01373	0.01130	0.01776	0.00969	0.01130	0.00807	0.00404	0.00404	0.00081	0.00404	0.00323	0.00323	0.84173
45	0.05716	0.10761	0.12322	0.01408	0.07140	0.01317	0.10566	0.17071	0.01538	0.19057	0.03487	0.01532	0.01092	0.03853	0.00615	0.00178	0.00619	0.00504	0.00423	0.00803
46	0.15003	0.16246	0.11806	0.01184	0.01652	0.05042	0.03820	0.30723	0.04319	0.03704	0.01094	0.01167	0.00819	0.00570	0.00474	0.00158	0.00616	0.00416	0.00394	0.00793
47	0.00702	0.00526	0.00707	0.00807	0.00837	0.00530	0.00555	0.00799	0.01029	0.01386	0.02841	0.74820	0.03399	0.01654	0.00774	0.00223	0.05998	0.01473	0.00487	0.00454
48	0.53313	0.25168	0.07390	0.00846	0.01259	0.01506	0.00803	0.01621	0.00999	0.02042	0.00776	0.00903	0.00631	0.00495	0.00355	0.00153	0.00500	0.00302	0.00298	0.00640
49	0.00825	0.00589	0.00817	0.00943	0.01045	0.00581	0.00785	0.01037	0.01202	0.01571	0.02916	0.24789	0.03255	0.01557	0.00739	0.00244	0.00455	0.55661	0.00503	0.00487
50	0.01119	0.08353	0.72708	0.01510	0.02292	0.01329	0.01938	0.01720	0.01148	0.01695	0.00963	0.01131	0.00691	0.00514	0.00506	0.00169	0.00790	0.00395	0.00230	0.00798
51	0.01489	0.73891	0.04501	0.00980	0.01441	0.07461	0.00966	0.01673	0.01139	0.01296	0.00769	0.00888	0.00700	0.00474	0.00364	0.00120	0.00616	0.00298	0.00236	0.00697
52	0.11131	0.33868	0.19211	0.01161	0.01623	0.13999	0.01172	0.01736	0.01156	0.03257	0.00850	0.01001	0.00701	0.00539	0.00521	0.00149	0.06617	0.00346	0.00263	0.00697
53	0.01458	0.81168	0.02857	0.00933	0.01399	0.02157	0.00933	0.01632	0.01108	0.01283	0.00758	0.00875	0.00700	0.00466	0.00350	0.00117	0.00583	0.00292	0.00233	0.00700
54	0.00727	0.00573	0.00669	0.00710	0.00866	0.00516	0.00569	0.00907	0.01261	0.01570	0.09732	0.08070	0.46442	0.01412	0.00680	0.00205	0.00346	0.23756	0.00512	0.00476
55	0.00658	0.00549	0.00574	0.00575	0.00747	0.00465	0.00428	0.00806	0.01264	0.01541	0.12657	0.08438	0.66690	0.01368	0.00646	0.00184	0.00276	0.01152	0.00516	0.00465
56	0.01093	0.02820	0.78016	0.01554	0.02360	0.01266	0.02014	0.01727	0.01151	0.01727	0.00978	0.01151	0.00691	0.00518	0.00518	0.00173	0.00806	0.00403	0.00230	0.00806
57	0.00770	0.00560	0.00727	0.00693	0.00824	0.00517	0.00525	0.01021	0.01517	0.02129	0.70619	0.04216	0.08480	0.01144	0.00648	0.00175	0.00268	0.04065	0.00592	0.00511
58	0.01093	0.01056	0.01449	0.11126	0.01599	0.03272	0.01087	0.01251	0.00929	0.01348	0.01231	0.07648	0.04632	0.01189	0.06926	0.00268	0.50790	0.00598	0.01937	0.00570
59	0.01075	0.02243	0.04802	0.06573	0.01351	0.00994	0.00846	0.06743	0.11991	0.03611	0.31070	0.02812	0.08775	0.01013	0.02701	0.00200	0.11344	0.00747	0.00477	0.00632
60	0.01369	0.01339	0.02117	0.06264	0.67684	0.04966	0.01604	0.01737	0.04376	0.01765	0.01064	0.01365	0.00884	0.00502	0.00538	0.00163	0.00658	0.00485	0.00281	0.00842

[dist]
# distance from previous block
# <min> <max>
0	90

# created by:
# /st0/software/busco_prod/Augustus/scripts/msa2prfl.pl ./align_prep/179154.fa
