[name]
unknown

[dist]
# distance from previous block
# <min> <max>
13	328

[block]
# block no. 0 follows, 48 sequences, length 91
# corresponding to MSA columns:
# 366-377,380-458
name=unknown_A
#
# <colnr> <probs for GDERKNQSTAVLIFYWHMCP>
#	G	D	E	R	K	N	Q	S	T	A	V	L	I	F	Y	W	H	M	C	P
0	0.10533	0.01334	0.04161	0.01083	0.03628	0.09702	0.00870	0.25352	0.09999	0.10308	0.02574	0.01296	0.00973	0.00559	0.00465	0.00141	0.00525	0.00424	0.00425	0.15647
1	0.15454	0.02503	0.01427	0.01142	0.03753	0.01171	0.09130	0.20066	0.11512	0.17580	0.02856	0.01482	0.01077	0.00584	0.00485	0.00155	0.00504	0.01709	0.00451	0.06959
2	0.05823	0.01147	0.03592	0.00992	0.01394	0.01089	0.03064	0.31410	0.01680	0.11824	0.08672	0.01480	0.01249	0.00579	0.00478	0.00135	0.00473	0.00463	0.00449	0.24007
3	0.19232	0.01256	0.01343	0.01131	0.05069	0.01377	0.00882	0.46945	0.04887	0.09803	0.02440	0.01266	0.00930	0.00591	0.00475	0.00156	0.00509	0.00441	0.00473	0.00796
4	0.22633	0.00951	0.01002	0.00765	0.01175	0.00851	0.00616	0.02869	0.04907	0.03939	0.00956	0.01069	0.00764	0.00432	0.00377	0.00106	0.00391	0.00320	0.00331	0.55546
5	0.81635	0.01013	0.00791	0.00699	0.01021	0.01172	0.00576	0.05082	0.00946	0.02346	0.00739	0.00852	0.00571	0.00483	0.00327	0.00159	0.00405	0.00287	0.00327	0.00571
6	0.00714	0.00517	0.00656	0.00737	0.00799	0.00497	0.00506	0.05896	0.01088	0.01444	0.02830	0.72619	0.06710	0.01526	0.00643	0.00203	0.00314	0.01374	0.00479	0.00448
7	0.00733	0.00550	0.00825	0.00825	0.00916	0.00641	0.00641	0.00916	0.00825	0.01191	0.01374	0.02016	0.01283	0.03848	0.79934	0.00825	0.01374	0.00550	0.00275	0.00458
8	0.01920	0.01435	0.03535	0.01168	0.01588	0.01527	0.00982	0.70422	0.02310	0.06127	0.01247	0.01244	0.00880	0.00608	0.00510	0.00153	0.00560	0.00458	0.00506	0.02822
9	0.02276	0.00916	0.01217	0.00933	0.01331	0.00817	0.00771	0.08106	0.01540	0.73416	0.01965	0.01708	0.01240	0.00634	0.00516	0.00158	0.00446	0.00512	0.00626	0.00873
10	0.01319	0.07906	0.16834	0.02061	0.25259	0.01266	0.22768	0.01684	0.01170	0.09764	0.01057	0.01276	0.00803	0.00492	0.00568	0.00160	0.04101	0.00476	0.00285	0.00752
11	0.01278	0.01212	0.03916	0.01697	0.14242	0.01207	0.23555	0.05564	0.28625	0.04944	0.04642	0.01764	0.03718	0.00601	0.00549	0.00168	0.00582	0.00584	0.00397	0.00755
12	0.00739	0.00513	0.00646	0.00649	0.00680	0.00542	0.00422	0.00800	0.00778	0.01067	0.01570	0.04999	0.01718	0.54578	0.27560	0.00596	0.00776	0.00702	0.00304	0.00361
13	0.01096	0.17244	0.63530	0.01371	0.02065	0.01348	0.03392	0.01609	0.01079	0.01549	0.00885	0.01042	0.00654	0.00477	0.00461	0.00153	0.00722	0.00365	0.00218	0.00738
14	0.00631	0.00449	0.00594	0.00708	0.00736	0.00420	0.00469	0.00716	0.00972	0.01296	0.02774	0.78135	0.03325	0.05198	0.00742	0.00221	0.00307	0.01427	0.00469	0.00412
15	0.01305	0.01163	0.01174	0.01057	0.01346	0.04830	0.00820	0.02696	0.74387	0.02106	0.02030	0.01870	0.01525	0.00689	0.00519	0.00172	0.00430	0.00569	0.00510	0.00802
16	0.01496	0.00850	0.01082	0.00910	0.04108	0.00742	0.00697	0.03921	0.04764	0.30263	0.12255	0.01999	0.03256	0.00647	0.00491	0.00136	0.00394	0.02895	0.02561	0.26533
17	0.02966	0.05850	0.35214	0.03015	0.11026	0.01272	0.18511	0.08879	0.01242	0.01781	0.00967	0.01173	0.00724	0.00477	0.00503	0.00156	0.00709	0.00438	0.00266	0.04833
18	0.01918	0.02406	0.01457	0.01316	0.01586	0.76842	0.00991	0.04985	0.01492	0.01333	0.00810	0.00937	0.00669	0.00532	0.00465	0.00133	0.00911	0.00336	0.00274	0.00606
19	0.00726	0.00524	0.00686	0.00646	0.00767	0.00484	0.00484	0.00968	0.01452	0.02058	0.78496	0.03833	0.04841	0.01049	0.00605	0.00161	0.00242	0.00928	0.00565	0.00484
20	0.01425	0.74549	0.02569	0.00921	0.01343	0.09568	0.00889	0.01586	0.01082	0.01212	0.00721	0.00833	0.00659	0.00448	0.00342	0.00112	0.00585	0.00280	0.00224	0.00652
21	0.00809	0.00654	0.00939	0.15727	0.07049	0.00686	0.00779	0.02275	0.04382	0.01453	0.05500	0.41181	0.06131	0.02712	0.00647	0.00199	0.00416	0.07539	0.00417	0.00505
22	0.00788	0.00538	0.00706	0.00656	0.00788	0.00495	0.00495	0.01028	0.01453	0.05075	0.75502	0.03751	0.04702	0.01033	0.00602	0.00161	0.00250	0.00912	0.00568	0.00499
23	0.00625	0.00447	0.00595	0.00714	0.00744	0.00417	0.00476	0.00714	0.00982	0.01310	0.02828	0.81633	0.03394	0.01608	0.00655	0.00208	0.00298	0.01459	0.00476	0.00417
24	0.01190	0.29299	0.48071	0.01277	0.01899	0.05199	0.03355	0.01616	0.01090	0.01468	0.00848	0.00996	0.00657	0.00472	0.00436	0.00144	0.00699	0.00347	0.00221	0.00715
25	0.01320	0.62497	0.16983	0.01072	0.03956	0.04083	0.01094	0.01569	0.01066	0.01302	0.00762	0.00889	0.00662	0.00451	0.00368	0.00122	0.00601	0.00301	0.00221	0.00680
26	0.00726	0.00524	0.00686	0.00646	0.00767	0.00484	0.00484	0.00968	0.01452	0.02058	0.78496	0.03833	0.04841	0.01049	0.00605	0.00161	0.00242	0.00928	0.00565	0.00484
27	0.00969	0.00912	0.01539	0.80734	0.03534	0.01140	0.01425	0.01311	0.01026	0.01311	0.00912	0.01368	0.00684	0.00513	0.00513	0.00171	0.00684	0.00456	0.00228	0.00570
28	0.01064	0.00912	0.01064	0.00760	0.01216	0.00684	0.00608	0.01292	0.01064	0.01672	0.00912	0.01064	0.00760	0.00380	0.00380	0.00076	0.00380	0.00304	0.00304	0.85104
29	0.00734	0.00545	0.00801	0.00801	0.00885	0.00629	0.00612	0.00901	0.00818	0.01174	0.01396	0.02135	0.01334	0.10764	0.73089	0.00796	0.01297	0.00567	0.00278	0.00445
30	0.00625	0.00447	0.00595	0.00714	0.00744	0.00417	0.00476	0.00714	0.00982	0.01310	0.02828	0.81633	0.03394	0.01608	0.00655	0.00208	0.00298	0.01459	0.00476	0.00417
31	0.00614	0.00520	0.00530	0.00528	0.00698	0.00436	0.00396	0.00751	0.01188	0.01429	0.09869	0.04868	0.73861	0.01284	0.00606	0.00173	0.00259	0.01073	0.00482	0.00436
32	0.02133	0.01100	0.01326	0.01021	0.01420	0.01096	0.00842	0.31520	0.04263	0.47145	0.01718	0.01552	0.01125	0.00630	0.00515	0.00157	0.00485	0.00497	0.00584	0.00871
33	0.01372	0.82276	0.02689	0.00878	0.01317	0.02030	0.00878	0.01536	0.01043	0.01207	0.00713	0.00823	0.00658	0.00439	0.00329	0.00110	0.00549	0.00274	0.00219	0.00658
34	0.85592	0.00992	0.00754	0.00675	0.00992	0.01151	0.00556	0.01508	0.00873	0.02302	0.00714	0.00834	0.00556	0.00476	0.00318	0.00159	0.00397	0.00278	0.00318	0.00556
35	0.85592	0.00992	0.00754	0.00675	0.00992	0.01151	0.00556	0.01508	0.00873	0.02302	0.00714	0.00834	0.00556	0.00476	0.00318	0.00159	0.00397	0.00278	0.00318	0.00556
36	0.01868	0.09601	0.01565	0.01282	0.01562	0.72927	0.00981	0.02003	0.01417	0.01251	0.00786	0.00916	0.00661	0.00521	0.00451	0.00130	0.00892	0.00325	0.00260	0.00601
37	0.00723	0.00524	0.00681	0.00642	0.00765	0.00483	0.00482	0.00962	0.01445	0.02039	0.76482	0.03863	0.06867	0.01056	0.00605	0.00162	0.00243	0.00932	0.00562	0.00483
38	0.03434	0.54679	0.12355	0.00998	0.01458	0.01727	0.02885	0.03371	0.06813	0.05258	0.02251	0.01058	0.00831	0.00489	0.00389	0.00128	0.00559	0.00346	0.00278	0.00694
39	0.00726	0.00524	0.00686	0.00646	0.00767	0.00484	0.00484	0.00968	0.01452	0.02058	0.78496	0.03833	0.04841	0.01049	0.00605	0.00161	0.00242	0.00928	0.00565	0.00484
40	0.00788	0.00537	0.00704	0.00658	0.00788	0.00494	0.00495	0.01025	0.01443	0.05162	0.73842	0.05351	0.04667	0.01044	0.00603	0.00162	0.00251	0.00922	0.00566	0.00499
41	0.01973	0.01401	0.01518	0.01164	0.01573	0.01538	0.00961	0.72299	0.02352	0.08075	0.01282	0.01265	0.00898	0.00617	0.00513	0.00154	0.00556	0.00465	0.00521	0.00873
42	0.00721	0.00521	0.00682	0.00649	0.00766	0.00481	0.00484	0.00956	0.01430	0.02022	0.74917	0.07513	0.04773	0.01075	0.00608	0.00164	0.00245	0.00953	0.00561	0.00481
43	0.01113	0.02383	0.65352	0.01528	0.05583	0.01184	0.05283	0.01712	0.04740	0.04877	0.01029	0.01173	0.00732	0.00500	0.00497	0.00163	0.00727	0.00408	0.00252	0.00765
44	0.01407	0.77192	0.02610	0.00906	0.01334	0.06990	0.00885	0.01569	0.01069	0.01210	0.00718	0.00830	0.00659	0.00445	0.00338	0.00111	0.00573	0.00278	0.00222	0.00654
45	0.85592	0.00992	0.00754	0.00675	0.00992	0.01151	0.00556	0.01508	0.00873	0.02302	0.00714	0.00834	0.00556	0.00476	0.00318	0.00159	0.00397	0.00278	0.00318	0.00556
46	0.00727	0.00536	0.00680	0.00642	0.00771	0.00496	0.00482	0.00983	0.02982	0.01998	0.70284	0.03894	0.11469	0.01065	0.00604	0.00163	0.00247	0.00935	0.00556	0.00486
47	0.00678	0.00523	0.00619	0.00595	0.00737	0.00464	0.00446	0.00874	0.01338	0.01786	0.48836	0.04280	0.34671	0.01150	0.00606	0.00166	0.00249	0.00991	0.00529	0.00464
48	0.01931	0.01427	0.01529	0.01177	0.01584	0.01582	0.00970	0.74853	0.04647	0.03202	0.01257	0.01252	0.00893	0.00618	0.00514	0.00155	0.00560	0.00465	0.00514	0.00871
49	0.00628	0.00449	0.00598	0.00713	0.00745	0.00419	0.00477	0.00721	0.00995	0.01330	0.04907	0.79495	0.03433	0.01592	0.00654	0.00207	0.00296	0.01444	0.00479	0.00419
50	0.01186	0.01240	0.05162	0.19417	0.45892	0.01216	0.15283	0.01533	0.01143	0.01591	0.00965	0.01304	0.00773	0.00466	0.00526	0.00161	0.00678	0.00481	0.00248	0.00737
51	0.00625	0.00447	0.00595	0.00714	0.00744	0.00417	0.00476	0.00714	0.00982	0.01310	0.02828	0.81633	0.03394	0.01608	0.00655	0.00208	0.00298	0.01459	0.00476	0.00417
52	0.01170	0.01583	0.15982	0.02012	0.02563	0.01263	0.62526	0.01626	0.01194	0.01649	0.02631	0.01384	0.00841	0.00455	0.00585	0.00171	0.00834	0.00574	0.00259	0.00699
53	0.85592	0.00992	0.00754	0.00675	0.00992	0.01151	0.00556	0.01508	0.00873	0.02302	0.00714	0.00834	0.00556	0.00476	0.00318	0.00159	0.00397	0.00278	0.00318	0.00556
54	0.02302	0.00873	0.01191	0.00913	0.01310	0.00754	0.00754	0.02501	0.01469	0.79122	0.02024	0.01746	0.01270	0.00635	0.00516	0.00159	0.00437	0.00516	0.00635	0.00873
55	0.00956	0.00478	0.00478	0.00478	0.00598	0.00478	0.00359	0.01196	0.01076	0.01913	0.01674	0.01913	0.01315	0.00598	0.00359	0.00120	0.00239	0.00478	0.84816	0.00478
56	0.54255	0.01469	0.21202	0.00929	0.01360	0.02686	0.00939	0.03384	0.06317	0.02117	0.00877	0.00984	0.00660	0.00499	0.00383	0.00160	0.00505	0.00330	0.00309	0.00634
57	0.01849	0.01404	0.01481	0.01163	0.01553	0.02892	0.00951	0.64594	0.13731	0.03036	0.01353	0.01329	0.00973	0.00627	0.00514	0.00157	0.00547	0.00477	0.00510	0.00859
58	0.00956	0.00478	0.00478	0.00478	0.00598	0.00478	0.00359	0.01196	0.01076	0.01913	0.01674	0.01913	0.01315	0.00598	0.00359	0.00120	0.00239	0.00478	0.84816	0.00478
59	0.01064	0.00912	0.01064	0.00760	0.01216	0.00684	0.00608	0.01292	0.01064	0.01672	0.00912	0.01064	0.00760	0.00380	0.00380	0.00076	0.00380	0.00304	0.00304	0.85104
60	0.01951	0.01437	0.01540	0.01181	0.01591	0.01591	0.00975	0.77056	0.02412	0.03234	0.01232	0.01232	0.00873	0.00616	0.00513	0.00154	0.00565	0.00462	0.00513	0.00873
61	0.01964	0.01416	0.01527	0.01170	0.01581	0.01559	0.00967	0.74230	0.02377	0.06110	0.01262	0.01251	0.00888	0.00617	0.00513	0.00154	0.00560	0.00464	0.00518	0.00873
62	0.01336	0.01132	0.01194	0.01056	0.01357	0.01304	0.00827	0.09307	0.71162	0.02243	0.02013	0.01854	0.01505	0.00689	0.00521	0.00172	0.00420	0.00570	0.00521	0.00818
63	0.01306	0.01117	0.01177	0.01050	0.01346	0.01290	0.00819	0.06048	0.74469	0.02195	0.02050	0.01884	0.01535	0.00693	0.00522	0.00173	0.00413	0.00575	0.00522	0.00815
64	0.01276	0.01102	0.01160	0.01044	0.01334	0.01276	0.00812	0.02727	0.77840	0.02146	0.02088	0.01914	0.01566	0.00696	0.00522	0.00174	0.00406	0.00580	0.00522	0.00812
65	0.00827	0.00591	0.00827	0.00945	0.01063	0.00591	0.00827	0.01063	0.01181	0.01536	0.02717	0.05788	0.02953	0.01417	0.00709	0.00236	0.00472	0.75313	0.00472	0.00472
66	0.01340	0.01310	0.01911	0.02653	0.58904	0.07489	0.02687	0.03841	0.11447	0.01748	0.01110	0.01329	0.00902	0.00499	0.00508	0.00154	0.00611	0.00466	0.00298	0.00795
67	0.00815	0.00582	0.00813	0.00931	0.01044	0.00580	0.00806	0.01042	0.01169	0.01522	0.02723	0.10376	0.02980	0.01429	0.00705	0.00235	0.00462	0.70845	0.00473	0.00469
68	0.85592	0.00992	0.00754	0.00675	0.00992	0.01151	0.00556	0.01508	0.00873	0.02302	0.00714	0.00834	0.00556	0.00476	0.00318	0.00159	0.00397	0.00278	0.00318	0.00556
69	0.00606	0.00520	0.00520	0.00520	0.00693	0.00433	0.00390	0.00736	0.01170	0.01386	0.05198	0.04938	0.78558	0.01299	0.00606	0.00173	0.00260	0.01083	0.00476	0.00433
70	0.01029	0.02654	0.79309	0.01462	0.02221	0.01192	0.01896	0.01625	0.01083	0.01625	0.00921	0.01083	0.00650	0.00487	0.00487	0.00162	0.00758	0.00379	0.00217	0.00758
71	0.00984	0.00927	0.01566	0.76932	0.07221	0.01144	0.01432	0.01324	0.01033	0.01329	0.00915	0.01363	0.00690	0.00510	0.00513	0.00170	0.00680	0.00456	0.00229	0.00582
72	0.00726	0.00524	0.00686	0.00646	0.00767	0.00484	0.00484	0.00968	0.01452	0.02058	0.78496	0.03833	0.04841	0.01049	0.00605	0.00161	0.00242	0.00928	0.00565	0.00484
73	0.00625	0.00447	0.00595	0.00714	0.00744	0.00417	0.00476	0.00714	0.00982	0.01310	0.02828	0.81633	0.03394	0.01608	0.00655	0.00208	0.00298	0.01459	0.00476	0.00417
74	0.01298	0.01281	0.01981	0.02917	0.69640	0.06957	0.01499	0.01587	0.01190	0.01639	0.01031	0.01447	0.00897	0.00505	0.00514	0.00155	0.00627	0.03793	0.00265	0.00782
75	0.01029	0.02654	0.79309	0.01462	0.02221	0.01192	0.01896	0.01625	0.01083	0.01625	0.00921	0.01083	0.00650	0.00487	0.00487	0.00162	0.00758	0.00379	0.00217	0.00758
76	0.01270	0.01219	0.02083	0.03149	0.78767	0.01219	0.01575	0.01575	0.01168	0.01676	0.00965	0.01270	0.00813	0.00457	0.00508	0.00152	0.00610	0.00457	0.00254	0.00813
77	0.00746	0.00497	0.00560	0.00560	0.00560	0.00497	0.00311	0.00746	0.00746	0.00995	0.01617	0.03358	0.01865	0.81967	0.02612	0.00497	0.00497	0.00746	0.00311	0.00311
78	0.85592	0.00992	0.00754	0.00675	0.00992	0.01151	0.00556	0.01508	0.00873	0.02302	0.00714	0.00834	0.00556	0.00476	0.00318	0.00159	0.00397	0.00278	0.00318	0.00556
79	0.01326	0.59490	0.20065	0.01037	0.01538	0.06379	0.01116	0.01586	0.01076	0.01305	0.00765	0.00888	0.00657	0.00455	0.00373	0.00123	0.00618	0.00301	0.00221	0.00677
80	0.02190	0.00925	0.01210	0.00933	0.01319	0.00841	0.00768	0.11284	0.01580	0.66669	0.05347	0.01779	0.01383	0.00651	0.00520	0.00158	0.00443	0.00528	0.00617	0.00856
81	0.00666	0.00505	0.00604	0.00613	0.00726	0.00453	0.00441	0.00824	0.01218	0.01614	0.33527	0.20669	0.29111	0.05804	0.00729	0.00194	0.00274	0.01082	0.00502	0.00443
82	0.01251	0.01195	0.02037	0.05029	0.74871	0.01201	0.01552	0.01555	0.01165	0.01664	0.01009	0.01390	0.00865	0.00484	0.00513	0.00155	0.00608	0.02401	0.00259	0.00798
83	0.05289	0.62917	0.17527	0.00982	0.01478	0.01825	0.01061	0.01552	0.01043	0.01340	0.00754	0.00874	0.00652	0.00450	0.00360	0.00122	0.00582	0.00295	0.00224	0.00673
84	0.00621	0.00520	0.00540	0.00535	0.00702	0.00439	0.00402	0.00765	0.01205	0.01469	0.14270	0.04801	0.69435	0.01268	0.00606	0.00172	0.00258	0.01064	0.00487	0.00439
85	0.00940	0.00822	0.01342	0.57611	0.02775	0.00975	0.03544	0.01259	0.01099	0.01497	0.12141	0.01784	0.01356	0.00597	0.00512	0.00164	0.00576	0.00531	0.09925	0.00551
86	0.01211	0.01384	0.03028	0.02163	0.02682	0.01298	0.76903	0.01644	0.01211	0.01644	0.01038	0.01384	0.00779	0.00433	0.00606	0.00173	0.00865	0.00606	0.00260	0.00692
87	0.00726	0.00524	0.00686	0.00646	0.00767	0.00484	0.00484	0.00968	0.01452	0.02058	0.78496	0.03833	0.04841	0.01049	0.00605	0.00161	0.00242	0.00928	0.00565	0.00484
88	0.00868	0.08221	0.04531	0.00769	0.00901	0.03338	0.00602	0.02377	0.00886	0.01181	0.01479	0.02425	0.03686	0.33721	0.32268	0.00546	0.00864	0.00600	0.00291	0.00444
89	0.03127	0.65503	0.04444	0.01066	0.04855	0.04828	0.04521	0.01545	0.01062	0.01284	0.00769	0.00918	0.00689	0.00553	0.02889	0.00141	0.00609	0.00312	0.00228	0.00659
90	0.08476	0.18657	0.37032	0.01324	0.01898	0.03882	0.12847	0.01608	0.01099	0.03488	0.00991	0.01146	0.02324	0.00488	0.00458	0.00150	0.00678	0.00398	0.00252	0.02806

[dist]
# distance from previous block
# <min> <max>
0	3

[block]
# block no. 1 follows, 48 sequences, length 31
# corresponding to MSA columns:
# 462-492
name=unknown_B
#
# <colnr> <probs for GDERKNQSTAVLIFYWHMCP>
#	G	D	E	R	K	N	Q	S	T	A	V	L	I	F	Y	W	H	M	C	P
0	0.01115	0.05204	0.06519	0.03047	0.01398	0.03203	0.09119	0.03578	0.03855	0.06467	0.23647	0.02064	0.03875	0.00653	0.00503	0.00136	0.00458	0.00572	0.00399	0.24189
1	0.07194	0.01025	0.03957	0.12310	0.14455	0.05455	0.00939	0.04776	0.03134	0.14907	0.10253	0.02278	0.15732	0.00734	0.00523	0.00161	0.00488	0.00614	0.00411	0.00654
2	0.13495	0.04723	0.52982	0.01389	0.03957	0.01206	0.06587	0.01607	0.01061	0.03821	0.00926	0.01100	0.00678	0.00555	0.01967	0.00174	0.02421	0.00386	0.00248	0.00716
3	0.01336	0.01024	0.01094	0.00970	0.01259	0.02644	0.00756	0.02415	0.55759	0.11802	0.02323	0.04506	0.08325	0.00758	0.00528	0.00170	0.00403	0.00631	0.00521	0.02775
4	0.01364	0.01201	0.01206	0.01070	0.01368	0.05560	0.00835	0.08546	0.67759	0.02184	0.01951	0.01807	0.01463	0.00681	0.00518	0.00170	0.00447	0.00557	0.00507	0.00805
5	0.00970	0.00629	0.00807	0.00701	0.00908	0.00547	0.00538	0.01197	0.01364	0.11357	0.52032	0.07202	0.03638	0.00914	0.00559	0.00149	0.00292	0.00800	0.00525	0.14871
6	0.05476	0.02328	0.63602	0.01452	0.02126	0.01160	0.09156	0.01574	0.01080	0.01646	0.01020	0.05239	0.00799	0.00539	0.00499	0.00166	0.00726	0.00452	0.00240	0.00724
7	0.06558	0.00866	0.01138	0.00886	0.01259	0.00774	0.00728	0.04017	0.01457	0.67600	0.07660	0.01843	0.01491	0.00657	0.00512	0.00159	0.00423	0.00533	0.00610	0.00827
8	0.00722	0.00524	0.00680	0.00641	0.00764	0.00482	0.00481	0.00959	0.01442	0.02032	0.75718	0.03875	0.07636	0.01058	0.00605	0.00162	0.00243	0.00934	0.00561	0.00482
9	0.01864	0.10101	0.01572	0.01279	0.01560	0.72439	0.00981	0.02000	0.01415	0.01251	0.00785	0.00916	0.00661	0.00520	0.00450	0.00130	0.00889	0.00325	0.00260	0.00601
10	0.17961	0.01340	0.05336	0.20766	0.01959	0.13871	0.02873	0.11219	0.02966	0.15314	0.01117	0.01239	0.00800	0.00543	0.00469	0.00158	0.00611	0.00415	0.00364	0.00680
11	0.01123	0.01123	0.01572	0.01347	0.01347	0.01572	0.01123	0.01235	0.00786	0.01235	0.00674	0.01123	0.00674	0.00898	0.01684	0.00225	0.81028	0.00449	0.00225	0.00561
12	0.00625	0.00447	0.00595	0.00714	0.00744	0.00417	0.00476	0.00714	0.00982	0.01310	0.02828	0.81633	0.03394	0.01608	0.00655	0.00208	0.00298	0.01459	0.00476	0.00417
13	0.01314	0.68932	0.15530	0.00976	0.01468	0.01890	0.01049	0.01551	0.01049	0.01277	0.00748	0.00867	0.00657	0.00447	0.00356	0.00119	0.00584	0.00292	0.00219	0.00675
14	0.00634	0.00527	0.00558	0.00569	0.00734	0.00451	0.00439	0.00779	0.01182	0.01427	0.07738	0.04984	0.67882	0.01302	0.00617	0.00179	0.00281	0.08797	0.00479	0.00439
15	0.00625	0.00447	0.00595	0.00714	0.00744	0.00417	0.00476	0.00714	0.00982	0.01310	0.02828	0.81633	0.03394	0.01608	0.00655	0.00208	0.00298	0.01459	0.00476	0.00417
16	0.00969	0.00912	0.01539	0.80734	0.03534	0.01140	0.01425	0.01311	0.01026	0.01311	0.00912	0.01368	0.00684	0.00513	0.00513	0.00171	0.00684	0.00456	0.00228	0.00570
17	0.01064	0.00912	0.01064	0.00760	0.01216	0.00684	0.00608	0.01292	0.01064	0.01672	0.00912	0.01064	0.00760	0.00380	0.00380	0.00076	0.00380	0.00304	0.00304	0.85104
18	0.02302	0.00873	0.01191	0.00913	0.01310	0.00754	0.00754	0.02501	0.01469	0.79122	0.02024	0.01746	0.01270	0.00635	0.00516	0.00159	0.00437	0.00516	0.00635	0.00873
19	0.00606	0.00520	0.00520	0.00520	0.00693	0.00433	0.00390	0.00736	0.01170	0.01386	0.05198	0.04938	0.78558	0.01299	0.00606	0.00173	0.00260	0.01083	0.00476	0.00433
20	0.01394	0.01142	0.03640	0.07889	0.48275	0.01092	0.06469	0.01688	0.01215	0.15860	0.01383	0.01561	0.04972	0.00537	0.00521	0.00158	0.00585	0.00509	0.00333	0.00778
21	0.01917	0.02445	0.01454	0.01322	0.01586	0.79907	0.00991	0.02049	0.01454	0.01256	0.00793	0.00925	0.00661	0.00529	0.00463	0.00132	0.00925	0.00330	0.00264	0.00595
22	0.00736	0.00536	0.00757	0.00757	0.00825	0.00605	0.00557	0.00873	0.00805	0.01141	0.01436	0.02359	0.01432	0.23800	0.60186	0.00741	0.01150	0.00600	0.00284	0.00421
23	0.85592	0.00992	0.00754	0.00675	0.00992	0.01151	0.00556	0.01508	0.00873	0.02302	0.00714	0.00834	0.00556	0.00476	0.00318	0.00159	0.00397	0.00278	0.00318	0.00556
24	0.82775	0.01007	0.00781	0.00692	0.01012	0.01166	0.00570	0.04052	0.00925	0.02334	0.00732	0.00847	0.00566	0.00481	0.00324	0.00159	0.00403	0.00284	0.00324	0.00566
25	0.01894	0.01482	0.03678	0.01186	0.01597	0.03591	0.00994	0.69656	0.05767	0.03089	0.01251	0.01251	0.00892	0.00614	0.00512	0.00155	0.00572	0.00462	0.00499	0.00860
26	0.00726	0.00524	0.00686	0.00646	0.00767	0.00484	0.00484	0.00968	0.01452	0.02058	0.78496	0.03833	0.04841	0.01049	0.00605	0.00161	0.00242	0.00928	0.00565	0.00484
27	0.01079	0.13060	0.67069	0.01406	0.02115	0.01305	0.03917	0.01614	0.01082	0.01571	0.00897	0.01058	0.00655	0.00480	0.00470	0.00156	0.00734	0.00372	0.00218	0.00743
28	0.00726	0.00524	0.00686	0.00646	0.00767	0.00484	0.00484	0.00968	0.01452	0.02058	0.78496	0.03833	0.04841	0.01049	0.00605	0.00161	0.00242	0.00928	0.00565	0.00484
29	0.00644	0.00472	0.00604	0.00674	0.00742	0.00433	0.00466	0.00770	0.01104	0.01474	0.18761	0.55399	0.13664	0.01451	0.00638	0.00194	0.00281	0.01299	0.00495	0.00433
30	0.02022	0.01323	0.01469	0.01126	0.01534	0.01422	0.00931	0.61975	0.02222	0.18584	0.01392	0.01336	0.00953	0.00620	0.00514	0.00155	0.00539	0.00473	0.00538	0.00873

[dist]
# distance from previous block
# <min> <max>
0	2

[block]
# block no. 2 follows, 48 sequences, length 37
# corresponding to MSA columns:
# 495-531
name=unknown_C
#
# <colnr> <probs for GDERKNQSTAVLIFYWHMCP>
#	G	D	E	R	K	N	Q	S	T	A	V	L	I	F	Y	W	H	M	C	P
0	0.00756	0.00586	0.00704	0.00649	0.00816	0.00534	0.00491	0.01044	0.05925	0.01883	0.51746	0.03770	0.21074	0.01037	0.00584	0.00159	0.00266	0.00898	0.00524	0.06555
1	0.01118	0.12701	0.47229	0.01348	0.07098	0.04381	0.01456	0.01557	0.01135	0.02927	0.07386	0.01354	0.01068	0.00538	0.00468	0.00150	0.00642	0.00424	0.06319	0.00701
2	0.43512	0.07856	0.11646	0.06736	0.06081	0.01229	0.00930	0.06915	0.01102	0.08471	0.00917	0.01034	0.00683	0.00499	0.00397	0.00155	0.00506	0.00347	0.00326	0.00656
3	0.65446	0.01351	0.17824	0.00851	0.01266	0.01151	0.00851	0.01555	0.00932	0.03797	0.00787	0.00907	0.00591	0.00482	0.00359	0.00160	0.00476	0.00305	0.00302	0.00606
4	0.01412	0.44523	0.22181	0.01112	0.01600	0.16281	0.01158	0.01683	0.01142	0.03570	0.00820	0.00936	0.00674	0.00474	0.00400	0.00129	0.00670	0.00319	0.00239	0.00679
5	0.00940	0.00482	0.00493	0.00490	0.00610	0.00479	0.00368	0.01179	0.01103	0.01923	0.07178	0.02051	0.01568	0.00630	0.00376	0.00123	0.00239	0.00510	0.78780	0.00479
6	0.01003	0.00940	0.01118	0.02336	0.02642	0.09543	0.05274	0.04376	0.03283	0.01625	0.22328	0.23340	0.04613	0.01037	0.00772	0.00182	0.13775	0.00863	0.00417	0.00535
7	0.00726	0.00524	0.00686	0.00646	0.00767	0.00484	0.00484	0.00968	0.01452	0.02058	0.78496	0.03833	0.04841	0.01049	0.00605	0.00161	0.00242	0.00928	0.00565	0.00484
8	0.01272	0.01260	0.05021	0.11820	0.62662	0.02527	0.01532	0.03345	0.01188	0.03061	0.00980	0.01276	0.00799	0.00473	0.00507	0.00155	0.00625	0.00453	0.00263	0.00782
9	0.00733	0.00550	0.00825	0.00825	0.00916	0.00641	0.00641	0.00916	0.00825	0.01191	0.01374	0.02016	0.01283	0.03848	0.79934	0.00825	0.01374	0.00550	0.00275	0.00458
10	0.03302	0.06338	0.07603	0.01036	0.06680	0.00949	0.00820	0.04864	0.12217	0.03160	0.33141	0.02628	0.05520	0.02356	0.00649	0.00171	0.05215	0.02290	0.00446	0.00614
11	0.85592	0.00992	0.00754	0.00675	0.00992	0.01151	0.00556	0.01508	0.00873	0.02302	0.00714	0.00834	0.00556	0.00476	0.00318	0.00159	0.00397	0.00278	0.00318	0.00556
12	0.01064	0.00912	0.01064	0.00760	0.01216	0.00684	0.00608	0.01292	0.01064	0.01672	0.00912	0.01064	0.00760	0.00380	0.00380	0.00076	0.00380	0.00304	0.00304	0.85104
13	0.01271	0.19636	0.52477	0.01264	0.01906	0.01315	0.01526	0.01721	0.01125	0.11718	0.01021	0.01114	0.00733	0.00496	0.00457	0.00151	0.00671	0.00374	0.00272	0.00752
14	0.01800	0.01351	0.01458	0.01118	0.01529	0.01456	0.00919	0.63350	0.06041	0.02974	0.01233	0.01244	0.00893	0.00589	0.00496	0.00145	0.00532	0.00447	0.00486	0.11938
15	0.00606	0.00520	0.00520	0.00520	0.00693	0.00433	0.00390	0.00736	0.01170	0.01386	0.05198	0.04938	0.78558	0.01299	0.00606	0.00173	0.00260	0.01083	0.00476	0.00433
16	0.80340	0.00985	0.00782	0.00690	0.01012	0.01126	0.00568	0.01571	0.00911	0.07146	0.00797	0.00891	0.00601	0.00486	0.00330	0.00159	0.00399	0.00293	0.00338	0.00576
17	0.01661	0.01231	0.01360	0.01120	0.01459	0.01353	0.00932	0.55572	0.07224	0.02792	0.01612	0.02266	0.01370	0.00795	0.00556	0.00173	0.00534	0.16702	0.00505	0.00782
18	0.85592	0.00992	0.00754	0.00675	0.00992	0.01151	0.00556	0.01508	0.00873	0.02302	0.00714	0.00834	0.00556	0.00476	0.00318	0.00159	0.00397	0.00278	0.00318	0.00556
19	0.00627	0.00521	0.00548	0.00541	0.00705	0.00442	0.00406	0.00775	0.01217	0.01499	0.17510	0.04752	0.66176	0.01257	0.00606	0.00171	0.00257	0.01057	0.00491	0.00442
20	0.01233	0.01215	0.02174	0.10164	0.60442	0.01224	0.12828	0.01561	0.01162	0.01638	0.00971	0.01296	0.00796	0.00459	0.00523	0.00157	0.00655	0.00479	0.00252	0.00772
21	0.02302	0.00873	0.01191	0.00913	0.01310	0.00754	0.00754	0.02501	0.01469	0.79122	0.02024	0.01746	0.01270	0.00635	0.00516	0.00159	0.00437	0.00516	0.00635	0.00873
22	0.02302	0.00873	0.01191	0.00913	0.01310	0.00754	0.00754	0.02501	0.01469	0.79122	0.02024	0.01746	0.01270	0.00635	0.00516	0.00159	0.00437	0.00516	0.00635	0.00873
23	0.00606	0.00520	0.00520	0.00520	0.00693	0.00433	0.00390	0.00736	0.01170	0.01386	0.05198	0.04938	0.78558	0.01299	0.00606	0.00173	0.00260	0.01083	0.00476	0.00433
24	0.01260	0.01209	0.02065	0.05619	0.76372	0.01217	0.01570	0.01566	0.01164	0.01665	0.00963	0.01273	0.00809	0.00459	0.00508	0.00153	0.00612	0.00457	0.00253	0.00805
25	0.01074	0.13117	0.69241	0.01386	0.02102	0.01302	0.01762	0.01613	0.01078	0.01570	0.00894	0.01049	0.00651	0.00481	0.00467	0.00156	0.00731	0.00365	0.00217	0.00745
26	0.01237	0.01186	0.02024	0.11582	0.70590	0.01211	0.01558	0.01546	0.01153	0.01637	0.00959	0.01281	0.00799	0.00463	0.00509	0.00154	0.00618	0.00457	0.00251	0.00786
27	0.00746	0.00497	0.00560	0.00560	0.00560	0.00497	0.00311	0.00746	0.00746	0.00995	0.01617	0.03358	0.01865	0.81967	0.02612	0.00497	0.00497	0.00746	0.00311	0.00311
28	0.01114	0.00957	0.01168	0.00980	0.07857	0.00763	0.00704	0.04089	0.01122	0.01730	0.00928	0.01088	0.00769	0.00395	0.00396	0.00085	0.00406	0.00323	0.00307	0.74818
29	0.01377	0.76899	0.04510	0.00903	0.01340	0.01974	0.00906	0.01552	0.01047	0.02822	0.00745	0.00855	0.00671	0.00454	0.00366	0.00115	0.02289	0.00286	0.00228	0.00663
30	0.00613	0.00520	0.00529	0.00527	0.00697	0.00436	0.00395	0.00750	0.01186	0.01425	0.09446	0.04874	0.74286	0.01285	0.00606	0.00173	0.00259	0.01074	0.00482	0.00436
31	0.01108	0.00989	0.03303	0.01204	0.08481	0.02617	0.07001	0.10060	0.19316	0.02020	0.24564	0.09336	0.03960	0.00850	0.00568	0.00169	0.00442	0.02890	0.00468	0.00655
32	0.01771	0.06457	0.01452	0.01238	0.01505	0.65408	0.00942	0.02006	0.06905	0.01365	0.05525	0.01165	0.00975	0.00567	0.00468	0.00136	0.00827	0.00381	0.00298	0.00607
33	0.00720	0.00524	0.00677	0.00639	0.00763	0.00481	0.00479	0.00956	0.01437	0.02022	0.74563	0.03892	0.08796	0.01062	0.00605	0.00162	0.00243	0.00936	0.00560	0.00481
34	0.00850	0.00705	0.02588	0.00743	0.00920	0.00678	0.00580	0.01362	0.18952	0.01987	0.51131	0.03414	0.10320	0.02735	0.00627	0.00173	0.00299	0.00845	0.00534	0.00558
35	0.00717	0.00485	0.00568	0.00597	0.00605	0.00478	0.00351	0.00738	0.00804	0.01071	0.01911	0.22391	0.02237	0.62428	0.02136	0.00427	0.00449	0.00919	0.00351	0.00337
36	0.01367	0.01058	0.01173	0.01054	0.03745	0.01165	0.00803	0.18894	0.40124	0.06516	0.05629	0.04472	0.08565	0.00827	0.02078	0.00181	0.00444	0.00633	0.00509	0.00761

[dist]
# distance from previous block
# <min> <max>
0	2

# created by:
# /st0/software/busco_prod/Augustus/scripts/msa2prfl.pl ./align_prep/179211.fa
