[name]
unknown

[dist]
# distance from previous block
# <min> <max>
18	72

[block]
# block no. 0 follows, 38 sequences, length 6
# corresponding to MSA columns:
# 97-102
name=unknown_A
#
# <colnr> <probs for GDERKNQSTAVLIFYWHMCP>
#	G	D	E	R	K	N	Q	S	T	A	V	L	I	F	Y	W	H	M	C	P
0	0.01404	0.01072	0.01185	0.01040	0.01265	0.04967	0.00798	0.14079	0.06211	0.08130	0.10566	0.13673	0.10253	0.10050	0.01069	0.00245	0.08627	0.00886	0.00522	0.03959
1	0.07444	0.01260	0.01483	0.13208	0.05574	0.04184	0.01062	0.21001	0.04590	0.02362	0.04433	0.06620	0.01396	0.03434	0.04633	0.00233	0.04269	0.00612	0.00436	0.11765
2	0.04623	0.01099	0.01262	0.09270	0.01609	0.01198	0.00878	0.23143	0.09854	0.02399	0.01730	0.07381	0.01534	0.13584	0.04779	0.00285	0.00612	0.00678	0.08169	0.05914
3	0.11897	0.01239	0.01335	0.06863	0.08003	0.07889	0.00953	0.12328	0.06641	0.06827	0.04717	0.13073	0.04016	0.02671	0.00640	0.00194	0.00567	0.00724	0.02957	0.06467
4	0.01404	0.00859	0.01031	0.00953	0.01157	0.00862	0.00710	0.09970	0.08597	0.15477	0.02608	0.21712	0.05361	0.19294	0.01239	0.00302	0.00498	0.06735	0.00558	0.00673
5	0.08914	0.01037	0.01313	0.05375	0.07725	0.04105	0.05600	0.06453	0.05279	0.04745	0.09413	0.20126	0.09232	0.01075	0.00669	0.00202	0.02423	0.00930	0.04702	0.00681

[dist]
# distance from previous block
# <min> <max>
15	42

[block]
# block no. 1 follows, 38 sequences, length 6
# corresponding to MSA columns:
# 145-150
name=unknown_B
#
# <colnr> <probs for GDERKNQSTAVLIFYWHMCP>
#	G	D	E	R	K	N	Q	S	T	A	V	L	I	F	Y	W	H	M	C	P
0	0.06391	0.05389	0.07496	0.04906	0.18977	0.25673	0.01336	0.12230	0.01676	0.02102	0.07169	0.01536	0.01251	0.00653	0.00565	0.00172	0.00790	0.00506	0.00374	0.00807
1	0.24079	0.24065	0.05381	0.03800	0.01681	0.06047	0.06271	0.04480	0.03573	0.08096	0.01261	0.06586	0.01074	0.00669	0.00491	0.00174	0.00629	0.00507	0.00380	0.00755
2	0.34256	0.05674	0.04199	0.03961	0.01647	0.11454	0.00979	0.18846	0.04058	0.08020	0.01178	0.01257	0.00873	0.00627	0.00491	0.00179	0.00635	0.00429	0.00439	0.00799
3	0.01097	0.04579	0.00949	0.00786	0.01031	0.00713	0.00606	0.03613	0.01450	0.10377	0.13186	0.16706	0.34396	0.01305	0.00670	0.00194	0.00372	0.01109	0.00566	0.06295
4	0.05190	0.00845	0.01141	0.03600	0.03742	0.00849	0.03754	0.06059	0.04416	0.07381	0.39264	0.09512	0.03721	0.01336	0.06261	0.00251	0.00506	0.00932	0.00574	0.00665
5	0.01533	0.01335	0.05162	0.06948	0.01995	0.01173	0.10814	0.10973	0.08153	0.08130	0.01369	0.01507	0.01033	0.00565	0.00547	0.00148	0.00606	0.00495	0.00424	0.37092

[dist]
# distance from previous block
# <min> <max>
0	6

[block]
# block no. 2 follows, 38 sequences, length 60
# corresponding to MSA columns:
# 157-216
name=unknown_C
#
# <colnr> <probs for GDERKNQSTAVLIFYWHMCP>
#	G	D	E	R	K	N	Q	S	T	A	V	L	I	F	Y	W	H	M	C	P
0	0.17231	0.26054	0.37139	0.01321	0.01981	0.03559	0.01526	0.01859	0.01219	0.01898	0.00954	0.01115	0.00744	0.00553	0.00475	0.00170	0.00736	0.00382	0.00279	0.00802
1	0.01538	0.57436	0.20741	0.01218	0.01815	0.05320	0.01325	0.01852	0.01255	0.01537	0.00899	0.01044	0.00770	0.00533	0.00438	0.00145	0.00722	0.00354	0.00259	0.00797
2	0.75453	0.01155	0.00918	0.00800	0.01188	0.01298	0.00657	0.01745	0.01045	0.02630	0.00859	0.01003	0.00674	0.00548	0.00379	0.00177	0.00463	0.00329	0.00371	0.08308
3	0.00834	0.00614	0.00780	0.00739	0.00888	0.00560	0.00554	0.01102	0.01663	0.02317	0.66450	0.04651	0.14074	0.01265	0.00710	0.00191	0.00286	0.01110	0.00650	0.00560
4	0.02110	0.01572	0.01758	0.01365	0.01811	0.01722	0.03447	0.63658	0.02639	0.03542	0.04411	0.06144	0.01377	0.00804	0.00619	0.00185	0.00640	0.00638	0.00592	0.00967
5	0.00733	0.00524	0.00698	0.00838	0.00873	0.00489	0.00558	0.00838	0.01152	0.01536	0.03316	0.78466	0.03979	0.01885	0.00768	0.00244	0.00349	0.01710	0.00558	0.00489
6	0.83108	0.01163	0.00884	0.00791	0.01163	0.01350	0.00651	0.01768	0.01024	0.02699	0.00838	0.00977	0.00651	0.00558	0.00372	0.00186	0.00465	0.00326	0.00372	0.00651
7	0.01522	0.01305	0.01375	0.01229	0.01574	0.01508	0.00958	0.05496	0.71678	0.02558	0.02415	0.02218	0.01810	0.00813	0.00612	0.00203	0.00482	0.00676	0.00612	0.00955
8	0.01252	0.00757	0.01021	0.01036	0.01231	0.00732	0.00867	0.04264	0.01527	0.13409	0.14480	0.11015	0.03455	0.01431	0.00763	0.00242	0.00492	0.40780	0.00603	0.00642
9	0.01442	0.01373	0.02334	0.03516	0.70514	0.01371	0.01767	0.01784	0.01356	0.01939	0.01267	0.06251	0.01140	0.00619	0.00606	0.00183	0.00692	0.00609	0.00314	0.00924
10	0.00733	0.00524	0.00698	0.00838	0.00873	0.00489	0.00558	0.00838	0.01152	0.01536	0.03316	0.78466	0.03979	0.01885	0.00768	0.00244	0.00349	0.01710	0.00558	0.00489
11	0.01247	0.01069	0.01247	0.00891	0.01426	0.00802	0.00713	0.01515	0.01247	0.01960	0.01069	0.01247	0.00891	0.00446	0.00446	0.00089	0.00446	0.00356	0.00356	0.82536
12	0.11099	0.03620	0.01378	0.01156	0.05137	0.01127	0.00880	0.14906	0.03181	0.21912	0.06364	0.08214	0.03353	0.00819	0.00574	0.00176	0.00507	0.02182	0.00549	0.12865
13	0.01992	0.33331	0.02282	0.01342	0.01734	0.46893	0.01109	0.02162	0.01512	0.01450	0.00893	0.01037	0.00774	0.00578	0.00480	0.00144	0.00909	0.00361	0.00289	0.00727
14	0.01123	0.00947	0.01014	0.00939	0.01199	0.01006	0.00721	0.02062	0.37247	0.02205	0.16549	0.03811	0.26518	0.01122	0.00662	0.00201	0.00385	0.00947	0.00603	0.00738
15	0.01608	0.79220	0.03152	0.01029	0.01544	0.02380	0.01029	0.01801	0.01222	0.01415	0.00836	0.00965	0.00772	0.00515	0.00386	0.00129	0.00643	0.00322	0.00257	0.00772
16	0.00755	0.00575	0.00689	0.00736	0.00850	0.00515	0.00519	0.00911	0.01337	0.01743	0.19546	0.35089	0.28798	0.04090	0.00809	0.00229	0.00327	0.01398	0.00575	0.00508
17	0.01989	0.04830	0.01827	0.01487	0.08594	0.02528	0.11001	0.02318	0.04141	0.35582	0.01762	0.01814	0.01251	0.03681	0.00677	0.00184	0.00608	0.00567	0.00525	0.14634
18	0.01084	0.00998	0.01661	0.67466	0.03718	0.01226	0.01526	0.01446	0.01196	0.01537	0.01361	0.11588	0.01215	0.00768	0.00623	0.00206	0.00743	0.00687	0.00305	0.00645
19	0.00853	0.00574	0.00663	0.00684	0.00690	0.00569	0.00395	0.00869	0.00918	0.01224	0.02116	0.15516	0.02465	0.66899	0.02705	0.00531	0.00547	0.01005	0.00395	0.00384
20	0.01256	0.07428	0.62826	0.01772	0.02606	0.01470	0.10603	0.01902	0.01285	0.01879	0.01082	0.01294	0.00781	0.00560	0.00577	0.00188	0.00890	0.00469	0.00260	0.00873
21	0.04194	0.08658	0.01535	0.01165	0.01535	0.06144	0.00939	0.17106	0.34388	0.04537	0.04047	0.02270	0.09250	0.00831	0.00590	0.00188	0.00546	0.00659	0.00550	0.00871
22	0.00733	0.00524	0.00698	0.00838	0.00873	0.00489	0.00558	0.00838	0.01152	0.01536	0.03316	0.78466	0.03979	0.01885	0.00768	0.00244	0.00349	0.01710	0.00558	0.00489
23	0.00755	0.00539	0.00723	0.00863	0.00907	0.00508	0.00597	0.00876	0.01174	0.01560	0.03303	0.71763	0.03930	0.01864	0.00774	0.00247	0.00368	0.08194	0.00558	0.00495
24	0.00875	0.00583	0.00656	0.00656	0.00656	0.00583	0.00365	0.00875	0.00875	0.01166	0.01895	0.03937	0.02187	0.78858	0.03062	0.00583	0.00583	0.00875	0.00365	0.00365
25	0.01420	0.01623	0.03550	0.02535	0.03144	0.01521	0.72921	0.01927	0.01420	0.01927	0.01217	0.01623	0.00913	0.00507	0.00710	0.00203	0.01014	0.00710	0.00304	0.00811
26	0.01045	0.00522	0.00784	0.00784	0.00784	0.00522	0.00522	0.00784	0.00784	0.01045	0.01045	0.01829	0.01045	0.02090	0.02351	0.82497	0.00522	0.00522	0.00261	0.00261
27	0.26366	0.01065	0.01245	0.00988	0.01426	0.01021	0.00816	0.02589	0.01516	0.54088	0.01921	0.01733	0.01243	0.00690	0.00536	0.00186	0.00498	0.00523	0.00635	0.00914
28	0.02247	0.02867	0.01705	0.01550	0.01860	0.76443	0.01162	0.02402	0.01705	0.01472	0.00930	0.01085	0.00775	0.00620	0.00542	0.00155	0.01085	0.00387	0.00310	0.00697
29	0.02287	0.01685	0.01805	0.01384	0.01866	0.01866	0.01143	0.73100	0.02828	0.03791	0.01444	0.01444	0.01023	0.00722	0.00602	0.00181	0.00662	0.00542	0.00602	0.01023
30	0.00733	0.00524	0.00698	0.00838	0.00873	0.00489	0.00558	0.00838	0.01152	0.01536	0.03316	0.78466	0.03979	0.01885	0.00768	0.00244	0.00349	0.01710	0.00558	0.00489
31	0.01211	0.00707	0.00709	0.00700	0.00866	0.03156	0.00542	0.01573	0.05801	0.04193	0.02084	0.02624	0.01713	0.00796	0.00480	0.00159	0.00351	0.07155	0.64579	0.00601
32	0.01499	0.01586	0.03416	0.02445	0.03045	0.01482	0.68465	0.01989	0.01439	0.06479	0.01289	0.01649	0.00948	0.00522	0.00703	0.00202	0.00983	0.00703	0.00331	0.00824
33	0.70545	0.01428	0.01012	0.00909	0.01272	0.13016	0.00731	0.01867	0.01130	0.02508	0.00852	0.00994	0.00671	0.00568	0.00399	0.00181	0.00562	0.00335	0.00363	0.00659
34	0.02699	0.01024	0.01396	0.01070	0.01536	0.00884	0.00884	0.02932	0.01722	0.75522	0.02373	0.02048	0.01489	0.00745	0.00605	0.00186	0.00512	0.00605	0.00745	0.01024
35	0.01940	0.02312	0.01668	0.01504	0.01814	0.52594	0.05050	0.02345	0.11710	0.01683	0.01434	0.01976	0.01260	0.00769	0.00597	0.00179	0.00931	0.09130	0.00382	0.00721
36	0.00749	0.00535	0.00693	0.00808	0.00850	0.00501	0.00536	0.00851	0.01151	0.01530	0.05299	0.66198	0.07015	0.09048	0.00978	0.00273	0.00367	0.01595	0.00543	0.00480
37	0.01271	0.01090	0.01258	0.00922	0.01439	0.00867	0.00735	0.01672	0.08052	0.02012	0.01198	0.01341	0.00979	0.00480	0.00461	0.00100	0.00448	0.00387	0.00380	0.74907
38	0.00738	0.00526	0.00697	0.00832	0.00865	0.00492	0.00552	0.00839	0.01143	0.01523	0.03269	0.75994	0.03919	0.04437	0.00844	0.00256	0.00357	0.01682	0.00552	0.00485
39	0.01255	0.03769	0.08274	0.00972	0.01540	0.00908	0.00864	0.01560	0.01249	0.01938	0.01063	0.01240	0.00875	0.00460	0.00455	0.00100	0.00493	0.00364	0.00344	0.72277
40	0.01039	0.00711	0.00905	0.00876	0.01049	0.00686	0.00680	0.03304	0.06082	0.06629	0.41833	0.12983	0.07840	0.01314	0.00719	0.00210	0.00368	0.11524	0.00629	0.00617
41	0.01247	0.01069	0.01247	0.00891	0.01426	0.00802	0.00713	0.01515	0.01247	0.01960	0.01069	0.01247	0.00891	0.00446	0.00446	0.00089	0.00446	0.00356	0.00356	0.82536
42	0.00732	0.00526	0.00695	0.00831	0.00871	0.00489	0.00555	0.00838	0.01159	0.01538	0.03402	0.76202	0.06187	0.01873	0.00766	0.00243	0.00348	0.01696	0.00558	0.00489
43	0.01471	0.01421	0.02454	0.06898	0.69361	0.01429	0.04425	0.01836	0.01364	0.01945	0.01132	0.01499	0.00945	0.00538	0.00600	0.00181	0.00729	0.00542	0.00297	0.00935
44	0.00839	0.00614	0.00787	0.00744	0.00891	0.00562	0.00558	0.01112	0.01674	0.02345	0.68879	0.04605	0.11628	0.01255	0.00710	0.00190	0.00286	0.01104	0.00653	0.00562
45	0.01608	0.79220	0.03152	0.01029	0.01544	0.02380	0.01029	0.01801	0.01222	0.01415	0.00836	0.00965	0.00772	0.00515	0.00386	0.00129	0.00643	0.00322	0.00257	0.00772
46	0.01437	0.01377	0.02348	0.14486	0.64716	0.01416	0.01821	0.01801	0.01345	0.01903	0.01122	0.01506	0.00931	0.00546	0.00596	0.00182	0.00727	0.00536	0.00293	0.00911
47	0.00773	0.00608	0.00697	0.00682	0.00852	0.00533	0.00509	0.00980	0.01506	0.01962	0.35687	0.08066	0.42180	0.01411	0.00713	0.00199	0.00297	0.01208	0.00603	0.00533
48	0.01566	0.03857	0.19645	0.03345	0.16191	0.01263	0.03190	0.07970	0.03863	0.10879	0.01314	0.01454	0.00981	0.00571	0.00551	0.00160	0.00659	0.00480	0.00390	0.21671
49	0.67602	0.01328	0.01050	0.06508	0.01464	0.08383	0.00786	0.03505	0.01143	0.02525	0.00878	0.01044	0.00683	0.00571	0.00410	0.00184	0.00553	0.00352	0.00364	0.00666
50	0.83108	0.01163	0.00884	0.00791	0.01163	0.01350	0.00651	0.01768	0.01024	0.02699	0.00838	0.00977	0.00651	0.00558	0.00372	0.00186	0.00465	0.00326	0.00372	0.00651
51	0.01638	0.00834	0.01067	0.00904	0.01201	0.00763	0.00714	0.01998	0.07405	0.32086	0.31593	0.03470	0.11711	0.01034	0.00659	0.00191	0.00394	0.00880	0.00680	0.00777
52	0.01136	0.01069	0.01804	0.77412	0.04143	0.01337	0.01671	0.01537	0.01203	0.01537	0.01069	0.01604	0.00802	0.00601	0.00601	0.00200	0.00802	0.00535	0.00267	0.00668
53	0.00739	0.00528	0.00703	0.00834	0.00874	0.00493	0.00559	0.00853	0.01180	0.01580	0.06925	0.74730	0.04065	0.01852	0.00765	0.00242	0.00346	0.01679	0.00564	0.00493
54	0.67343	0.01102	0.00922	0.00808	0.01174	0.01235	0.00663	0.01882	0.01126	0.11485	0.01106	0.01200	0.00818	0.00591	0.00404	0.00183	0.00457	0.00377	0.06432	0.00690
55	0.00872	0.00593	0.00704	0.00704	0.00721	0.00609	0.00425	0.00906	0.00889	0.01202	0.01851	0.03692	0.02081	0.67308	0.14468	0.00643	0.00743	0.00839	0.00358	0.00391
56	0.00768	0.00642	0.00675	0.00676	0.00876	0.00562	0.00517	0.00997	0.04228	0.01719	0.09931	0.05639	0.63019	0.01487	0.00715	0.00207	0.00327	0.05915	0.00567	0.00532
57	0.04119	0.01458	0.08434	0.13174	0.05200	0.05363	0.01197	0.07391	0.28135	0.09727	0.07956	0.02033	0.01675	0.00750	0.00602	0.00193	0.00608	0.00620	0.00505	0.00859
58	0.00777	0.00618	0.00701	0.00698	0.00876	0.00542	0.00535	0.00981	0.01476	0.01885	0.27268	0.05470	0.47251	0.01444	0.00721	0.00205	0.00319	0.07114	0.00591	0.00530
59	0.30722	0.22708	0.15292	0.01140	0.01627	0.13273	0.01116	0.01878	0.01253	0.02009	0.03587	0.01172	0.00906	0.00583	0.00451	0.00167	0.00680	0.00384	0.00321	0.00731

[dist]
# distance from previous block
# <min> <max>
0	1

[block]
# block no. 3 follows, 38 sequences, length 19
# corresponding to MSA columns:
# 218-236
name=unknown_D
#
# <colnr> <probs for GDERKNQSTAVLIFYWHMCP>
#	G	D	E	R	K	N	Q	S	T	A	V	L	I	F	Y	W	H	M	C	P
0	0.01517	0.54710	0.23839	0.01244	0.01858	0.04783	0.01375	0.01853	0.01253	0.01557	0.00909	0.01057	0.00769	0.00535	0.00445	0.00147	0.00730	0.00359	0.00258	0.00803
1	0.70555	0.05322	0.01058	0.00832	0.01222	0.01357	0.00695	0.01889	0.01106	0.10054	0.00994	0.01086	0.00743	0.00575	0.00397	0.00183	0.00480	0.00354	0.00404	0.00696
2	0.01515	0.01412	0.09869	0.02405	0.34632	0.01189	0.08882	0.01891	0.01481	0.13254	0.15302	0.02135	0.01907	0.00700	0.00628	0.00186	0.00652	0.00660	0.00431	0.00869
3	0.01329	0.01136	0.01205	0.01096	0.01400	0.01275	0.00848	0.02686	0.57413	0.02381	0.09244	0.02944	0.12554	0.00953	0.00635	0.00203	0.00435	0.00799	0.00609	0.00856
4	0.01310	0.10295	0.49429	0.07135	0.04286	0.01523	0.11818	0.03978	0.01330	0.01890	0.01086	0.01322	0.00799	0.00563	0.00576	0.00186	0.00865	0.00480	0.00274	0.00856
5	0.01038	0.12094	0.01211	0.00862	0.01078	0.00947	0.00684	0.01484	0.11072	0.02229	0.50294	0.08136	0.04360	0.01111	0.00653	0.00186	0.00365	0.00961	0.00591	0.00643
6	0.00919	0.06207	0.01016	0.00865	0.01051	0.00706	0.01950	0.01074	0.01191	0.01635	0.02781	0.48168	0.07540	0.03215	0.00717	0.00208	0.00400	0.01254	0.03241	0.15863
7	0.04359	0.00705	0.00906	0.00811	0.01015	0.00651	0.00624	0.01460	0.01680	0.14636	0.59817	0.03948	0.04781	0.01123	0.00679	0.00189	0.00329	0.00978	0.00665	0.00647
8	0.00900	0.00704	0.01045	0.01021	0.01119	0.00849	0.00802	0.01107	0.00963	0.01401	0.01538	0.02270	0.01441	0.04205	0.69862	0.00904	0.08369	0.00634	0.00317	0.00548
9	0.00711	0.00609	0.00609	0.00609	0.00813	0.00508	0.00457	0.00863	0.01371	0.01625	0.06094	0.05789	0.74862	0.01524	0.00711	0.00203	0.00305	0.01270	0.00559	0.00508
10	0.01608	0.79220	0.03152	0.01029	0.01544	0.02380	0.01029	0.01801	0.01222	0.01415	0.00836	0.00965	0.00772	0.00515	0.00386	0.00129	0.00643	0.00322	0.00257	0.00772
11	0.01082	0.00569	0.00596	0.00589	0.00730	0.00562	0.00442	0.01363	0.01326	0.02267	0.12521	0.02569	0.02141	0.00778	0.00462	0.00147	0.00281	0.00637	0.70377	0.00562
12	0.00795	0.00622	0.00908	0.00951	0.01051	0.00577	0.05681	0.00945	0.01210	0.01590	0.03454	0.60523	0.11263	0.01734	0.00762	0.00239	0.00405	0.06232	0.00540	0.00518
13	0.00925	0.00631	0.00828	0.00769	0.00924	0.00580	0.00580	0.01207	0.01704	0.05342	0.71887	0.04396	0.05508	0.01210	0.00705	0.00189	0.00293	0.01069	0.00666	0.00586
14	0.01244	0.00999	0.01013	0.00924	0.01075	0.07564	0.00657	0.14585	0.01442	0.01876	0.09671	0.07358	0.04362	0.34722	0.09531	0.00437	0.00696	0.00827	0.00448	0.00568
15	0.01509	0.01187	0.01627	0.01223	0.03429	0.00993	0.10072	0.06783	0.01436	0.10199	0.01260	0.01404	0.00971	0.00508	0.00512	0.00123	0.00548	0.00447	0.00408	0.55361
16	0.02250	0.01082	0.01416	0.06451	0.01718	0.00986	0.00927	0.05816	0.06222	0.50077	0.02025	0.01867	0.01341	0.00688	0.00578	0.00172	0.00526	0.00560	0.00631	0.14668
17	0.01625	0.03364	0.14947	0.01315	0.01801	0.03668	0.01202	0.14760	0.36883	0.05011	0.01840	0.01786	0.01364	0.00712	0.00583	0.00185	0.00603	0.00570	0.00514	0.07269
18	0.19028	0.20526	0.18683	0.01195	0.01722	0.06869	0.01202	0.08801	0.01454	0.09376	0.05061	0.01387	0.01101	0.00625	0.00496	0.00171	0.00662	0.00445	0.00387	0.00806

[dist]
# distance from previous block
# <min> <max>
1	5

[block]
# block no. 4 follows, 38 sequences, length 39
# corresponding to MSA columns:
# 242-280
name=unknown_E
#
# <colnr> <probs for GDERKNQSTAVLIFYWHMCP>
#	G	D	E	R	K	N	Q	S	T	A	V	L	I	F	Y	W	H	M	C	P
0	0.47449	0.01203	0.01332	0.01181	0.05622	0.01285	0.07520	0.05808	0.03580	0.06328	0.01143	0.01400	0.00913	0.05522	0.00626	0.00205	0.00551	0.00449	0.00400	0.07485
1	0.01189	0.01001	0.01174	0.00872	0.01341	0.00767	0.00682	0.01434	0.01235	0.01908	0.03251	0.05774	0.01261	0.04593	0.00606	0.00126	0.00443	0.00479	0.00376	0.71488
2	0.00803	0.00617	0.00737	0.00733	0.00887	0.00563	0.00553	0.01009	0.01441	0.01895	0.31283	0.06683	0.33076	0.06051	0.05172	0.00270	0.00408	0.06719	0.00573	0.00527
3	0.00875	0.00583	0.00656	0.00656	0.00656	0.00583	0.00365	0.00875	0.00875	0.01166	0.01895	0.03937	0.02187	0.78858	0.03062	0.00583	0.00583	0.00875	0.00365	0.00365
4	0.01175	0.01147	0.02075	0.51426	0.08139	0.01299	0.15151	0.01566	0.01250	0.01638	0.01309	0.08689	0.01126	0.00698	0.00637	0.00204	0.00795	0.00677	0.00303	0.00697
5	0.02699	0.01024	0.01396	0.01070	0.01536	0.00884	0.00884	0.02932	0.01722	0.75522	0.02373	0.02048	0.01489	0.00745	0.00605	0.00186	0.00512	0.00605	0.00745	0.01024
6	0.01013	0.00874	0.01024	0.00913	0.01177	0.00863	0.04783	0.03879	0.19606	0.02013	0.11474	0.04396	0.43193	0.01234	0.00683	0.00201	0.00398	0.01049	0.00569	0.00659
7	0.01136	0.01069	0.01804	0.77412	0.04143	0.01337	0.01671	0.01537	0.01203	0.01537	0.01069	0.01604	0.00802	0.00601	0.00601	0.00200	0.00802	0.00535	0.00267	0.00668
8	0.02136	0.02669	0.04127	0.01612	0.04077	0.62931	0.01225	0.06379	0.01698	0.01633	0.00962	0.01138	0.00795	0.00648	0.00635	0.00165	0.05708	0.00411	0.00322	0.00728
9	0.83108	0.01163	0.00884	0.00791	0.01163	0.01350	0.00651	0.01768	0.01024	0.02699	0.00838	0.00977	0.00651	0.00558	0.00372	0.00186	0.00465	0.00326	0.00372	0.00651
10	0.01296	0.01195	0.04295	0.16004	0.07565	0.01039	0.06624	0.03137	0.01339	0.04104	0.05794	0.01597	0.01198	0.00556	0.00536	0.00141	0.00590	0.00492	0.00363	0.42137
11	0.01004	0.00764	0.01040	0.01242	0.08743	0.00765	0.00840	0.05565	0.03851	0.01802	0.02829	0.39786	0.03170	0.05962	0.00882	0.00260	0.00478	0.19899	0.00524	0.00596
12	0.01460	0.01400	0.02389	0.09787	0.69239	0.01422	0.01832	0.01821	0.01356	0.01930	0.01126	0.01498	0.00940	0.00541	0.00596	0.00180	0.00722	0.00536	0.00295	0.00929
13	0.01682	0.63899	0.06840	0.01138	0.01647	0.11259	0.01112	0.03731	0.01325	0.01510	0.00876	0.01008	0.00778	0.00536	0.00420	0.00137	0.00710	0.00342	0.00272	0.00776
14	0.01444	0.01403	0.02505	0.13201	0.40375	0.01426	0.18559	0.05892	0.01444	0.01994	0.01267	0.01807	0.01056	0.00607	0.00636	0.00193	0.00786	0.04216	0.00326	0.00864
15	0.01645	0.01315	0.11287	0.01148	0.01554	0.01078	0.02966	0.16435	0.04852	0.19005	0.26890	0.02752	0.04635	0.00900	0.00642	0.00188	0.00522	0.00759	0.00599	0.00827
16	0.01223	0.01043	0.01221	0.00889	0.01399	0.00787	0.00706	0.01483	0.01243	0.01940	0.01176	0.04900	0.01037	0.00514	0.00461	0.00096	0.00441	0.00420	0.00366	0.78654
17	0.01215	0.01035	0.01213	0.00888	0.01391	0.00782	0.00703	0.01472	0.01241	0.01933	0.01211	0.06130	0.01086	0.00537	0.00466	0.00099	0.00439	0.00442	0.00369	0.77348
18	0.78527	0.01155	0.00913	0.00807	0.01185	0.01323	0.00665	0.01835	0.01064	0.06847	0.00925	0.01038	0.00699	0.00569	0.00386	0.00186	0.00468	0.00342	0.00393	0.00673
19	0.01207	0.03112	0.75741	0.01715	0.02604	0.01397	0.02223	0.01905	0.01270	0.01905	0.01080	0.01270	0.00762	0.00572	0.00572	0.00191	0.00889	0.00445	0.00254	0.00889
20	0.01240	0.01453	0.15238	0.01046	0.01647	0.00914	0.00996	0.01588	0.01252	0.01950	0.01071	0.01252	0.00867	0.00469	0.00469	0.00108	0.00529	0.00373	0.00337	0.67202
21	0.01203	0.01036	0.01718	0.68658	0.03807	0.01262	0.01562	0.01577	0.01230	0.05794	0.01272	0.06008	0.01022	0.00683	0.00611	0.00202	0.00759	0.00606	0.00311	0.00678
22	0.00712	0.00604	0.00615	0.00624	0.00816	0.00507	0.00463	0.00862	0.01357	0.01619	0.05918	0.10385	0.70379	0.01546	0.00715	0.00206	0.00308	0.01297	0.00559	0.00507
23	0.00969	0.00692	0.00969	0.01108	0.01246	0.00692	0.00969	0.01246	0.01385	0.01800	0.03185	0.06786	0.03462	0.01662	0.00831	0.00277	0.00554	0.71057	0.00554	0.00554
24	0.01202	0.01167	0.02065	0.61802	0.10803	0.01367	0.09845	0.01611	0.01244	0.01623	0.01092	0.01595	0.00829	0.00584	0.00613	0.00199	0.00818	0.00555	0.00274	0.00712
25	0.02285	0.01741	0.01801	0.01392	0.01865	0.05394	0.01144	0.69755	0.02775	0.03682	0.01420	0.01427	0.01011	0.00717	0.00599	0.00179	0.00682	0.00534	0.00588	0.01008
26	0.00733	0.00524	0.00698	0.00838	0.00873	0.00489	0.00558	0.00838	0.01152	0.01536	0.03316	0.78466	0.03979	0.01885	0.00768	0.00244	0.00349	0.01710	0.00558	0.00489
27	0.00780	0.00579	0.00824	0.00924	0.00989	0.00545	0.03110	0.00916	0.01184	0.01576	0.03230	0.68622	0.03821	0.01815	0.00772	0.00246	0.00393	0.08620	0.00549	0.00506
28	0.18487	0.01628	0.12237	0.01853	0.02419	0.01371	0.38091	0.01988	0.01352	0.10604	0.01312	0.01643	0.00980	0.00588	0.00613	0.00198	0.00812	0.02650	0.00370	0.00806
29	0.02699	0.01024	0.01396	0.01070	0.01536	0.00884	0.00884	0.02932	0.01722	0.75522	0.02373	0.02048	0.01489	0.00745	0.00605	0.00186	0.00512	0.00605	0.00745	0.01024
30	0.00733	0.00524	0.00698	0.00838	0.00873	0.00489	0.00558	0.00838	0.01152	0.01536	0.03316	0.78466	0.03979	0.01885	0.00768	0.00244	0.00349	0.01710	0.00558	0.00489
31	0.01449	0.01541	0.03083	0.03023	0.33476	0.01483	0.42963	0.01893	0.01399	0.01943	0.01181	0.01566	0.00930	0.00519	0.00662	0.00193	0.00888	0.00637	0.00302	0.00871
32	0.01446	0.01378	0.02310	0.12690	0.62719	0.01421	0.01781	0.01874	0.04915	0.01939	0.01188	0.01540	0.00978	0.00558	0.00597	0.00183	0.00714	0.00543	0.00309	0.00918
33	0.02241	0.01531	0.01669	0.01289	0.01743	0.01665	0.01062	0.60403	0.02595	0.11113	0.01580	0.01567	0.01111	0.00723	0.00588	0.00178	0.00618	0.00550	0.06786	0.00988
34	0.00844	0.00638	0.00782	0.00741	0.00904	0.00588	0.00557	0.01150	0.04237	0.02244	0.57177	0.04696	0.20648	0.01279	0.00706	0.00193	0.00295	0.01113	0.00638	0.00568
35	0.01295	0.02498	0.45963	0.02053	0.02827	0.01448	0.31385	0.01914	0.01332	0.01914	0.01136	0.01416	0.00824	0.00545	0.00629	0.00196	0.00941	0.00554	0.00275	0.00857
36	0.00718	0.00599	0.00632	0.00651	0.00828	0.00512	0.00479	0.00866	0.01329	0.01606	0.05584	0.15660	0.63023	0.01659	0.02903	0.00231	0.00348	0.01312	0.00552	0.00506
37	0.02649	0.01065	0.01417	0.01091	0.01554	0.00951	0.00900	0.06706	0.03440	0.69995	0.02325	0.02020	0.01472	0.00745	0.00605	0.00186	0.00519	0.00603	0.00734	0.01022
38	0.01394	0.01295	0.01938	0.48997	0.05585	0.04147	0.07963	0.11018	0.08009	0.01963	0.01252	0.01620	0.00937	0.00627	0.00610	0.00196	0.00781	0.00559	0.00347	0.00762

[dist]
# distance from previous block
# <min> <max>
0	2

# created by:
# /st0/software/busco_prod/Augustus/scripts/msa2prfl.pl ./align_prep/179434.fa
