[name]
unknown

[dist]
# distance from previous block
# <min> <max>
0	90

[block]
# block no. 0 follows, 44 sequences, length 22
# corresponding to MSA columns:
# 90-111
name=unknown_A
#
# <colnr> <probs for GDERKNQSTAVLIFYWHMCP>
#	G	D	E	R	K	N	Q	S	T	A	V	L	I	F	Y	W	H	M	C	P
0	0.37200	0.02752	0.12895	0.01081	0.03180	0.08259	0.00976	0.11589	0.01312	0.04371	0.02531	0.01651	0.01046	0.00655	0.00468	0.00174	0.00570	0.08237	0.00372	0.00679
1	0.03656	0.01355	0.02439	0.05524	0.17256	0.03176	0.38326	0.01807	0.09291	0.01792	0.01163	0.01446	0.00905	0.00516	0.00621	0.00173	0.03470	0.00559	0.00307	0.06219
2	0.37906	0.03390	0.03267	0.04281	0.12239	0.03024	0.00931	0.12982	0.06230	0.02287	0.01262	0.01379	0.05116	0.00606	0.00490	0.00170	0.02928	0.00439	0.00370	0.00702
3	0.14106	0.04171	0.01469	0.01159	0.01511	0.08521	0.00945	0.35207	0.14787	0.04555	0.01298	0.01332	0.00971	0.00656	0.00603	0.00170	0.06809	0.00464	0.00461	0.00806
4	0.00779	0.00584	0.00876	0.00876	0.00974	0.00681	0.00681	0.00974	0.00876	0.01266	0.01460	0.02142	0.01363	0.04089	0.78680	0.00876	0.01460	0.00584	0.00292	0.00487
5	0.01140	0.00690	0.00881	0.00785	0.00984	0.00648	0.00611	0.06688	0.01584	0.14736	0.51633	0.05477	0.06732	0.01049	0.00626	0.00176	0.00329	0.04024	0.00599	0.00609
6	0.01141	0.01002	0.01268	0.00905	0.01394	0.00770	0.05561	0.01397	0.01141	0.01775	0.00978	0.01153	0.00809	0.00407	0.00419	0.00088	0.00438	0.00344	0.00320	0.78692
7	0.01130	0.00969	0.01130	0.00807	0.01292	0.00727	0.00646	0.01373	0.01130	0.01776	0.00969	0.01130	0.00807	0.00404	0.00404	0.00081	0.00404	0.00323	0.00323	0.84173
8	0.10366	0.01069	0.01468	0.06636	0.01694	0.00973	0.11147	0.04835	0.02971	0.14941	0.01211	0.01327	0.00899	0.00497	0.00474	0.00133	0.00519	0.00428	0.00387	0.38025
9	0.00823	0.05878	0.01006	0.00880	0.01001	0.00778	0.00698	0.01017	0.00891	0.01267	0.01414	0.02058	0.01319	0.03851	0.73534	0.00826	0.01403	0.00565	0.00288	0.00501
10	0.00698	0.00561	0.00627	0.00631	0.00796	0.00490	0.00487	0.00875	0.01312	0.01651	0.21464	0.05077	0.52959	0.01334	0.00656	0.00188	0.00296	0.08892	0.00527	0.00477
11	0.01167	0.01166	0.09370	0.00892	0.01409	0.00787	0.00797	0.01450	0.01146	0.04099	0.01006	0.01155	0.00812	0.00424	0.00420	0.00093	0.00449	0.00338	0.00324	0.72695
12	0.00854	0.00526	0.00697	0.00774	0.00853	0.00482	0.00534	0.00963	0.01107	0.09581	0.03010	0.69174	0.06190	0.01585	0.00678	0.00214	0.00331	0.01427	0.00524	0.00495
13	0.31709	0.14619	0.01421	0.08591	0.01499	0.02721	0.02737	0.04395	0.04255	0.01907	0.00973	0.01196	0.00802	0.00923	0.09295	0.00234	0.02443	0.00384	0.00316	0.09581
14	0.10711	0.01444	0.06650	0.01952	0.02460	0.01322	0.55219	0.03167	0.01249	0.01845	0.01115	0.01542	0.00878	0.00520	0.00623	0.00182	0.02568	0.03284	0.00295	0.02973
15	0.10654	0.01276	0.01357	0.01098	0.01449	0.01402	0.00886	0.53214	0.02117	0.02971	0.05004	0.13059	0.01481	0.00815	0.00550	0.00173	0.00523	0.00649	0.00520	0.00801
16	0.01375	0.63351	0.19948	0.01074	0.01618	0.01955	0.01179	0.01654	0.01118	0.01384	0.00808	0.00937	0.00698	0.00478	0.00388	0.00129	0.00634	0.00317	0.00233	0.00724
17	0.01678	0.01238	0.05404	0.01147	0.01550	0.01174	0.05095	0.22922	0.11262	0.18360	0.02966	0.06593	0.01314	0.00701	0.00587	0.00163	0.03433	0.00574	0.00496	0.13345
18	0.07270	0.11963	0.49180	0.01294	0.01913	0.01268	0.01531	0.03112	0.01168	0.05848	0.01222	0.09637	0.01037	0.00649	0.00505	0.00170	0.00675	0.00514	0.00298	0.00747
19	0.01406	0.09865	0.14189	0.00984	0.01374	0.01022	0.00926	0.06191	0.07430	0.19402	0.11132	0.06727	0.09879	0.03261	0.00615	0.00177	0.00486	0.00671	0.00475	0.03787
20	0.03504	0.24323	0.29294	0.01231	0.01779	0.02577	0.04394	0.04409	0.01227	0.07353	0.03356	0.01321	0.00947	0.00563	0.00522	0.00153	0.03660	0.01822	0.00305	0.07259
21	0.06451	0.12540	0.02866	0.06884	0.01471	0.01252	0.03431	0.09319	0.08744	0.01845	0.08534	0.08996	0.10574	0.00865	0.00711	0.00178	0.11489	0.00675	0.00399	0.02775

[dist]
# distance from previous block
# <min> <max>
7	15

[block]
# block no. 1 follows, 44 sequences, length 78
# corresponding to MSA columns:
# 127-204
name=unknown_B
#
# <colnr> <probs for GDERKNQSTAVLIFYWHMCP>
#	G	D	E	R	K	N	Q	S	T	A	V	L	I	F	Y	W	H	M	C	P
0	0.01421	0.01405	0.08146	0.08326	0.02026	0.02622	0.17195	0.22893	0.01537	0.02127	0.01125	0.01411	0.00883	0.02989	0.03402	0.00200	0.08148	0.00503	0.02004	0.11635
1	0.04425	0.03670	0.04781	0.09564	0.06268	0.14247	0.17341	0.08483	0.01315	0.01741	0.03228	0.01327	0.00897	0.00623	0.00785	0.00177	0.16283	0.00490	0.00302	0.04054
2	0.06307	0.04444	0.05465	0.06380	0.12727	0.03704	0.09789	0.12740	0.02842	0.10510	0.01428	0.04671	0.03645	0.00661	0.00614	0.00170	0.05527	0.01719	0.00385	0.06271
3	0.04629	0.03322	0.01342	0.01329	0.12446	0.01115	0.00911	0.13567	0.13956	0.06357	0.03560	0.13612	0.03109	0.00943	0.03279	0.00196	0.03635	0.02632	0.00446	0.09615
4	0.06433	0.04291	0.04689	0.11882	0.09614	0.14986	0.05087	0.20693	0.08651	0.04052	0.03595	0.01407	0.01026	0.00599	0.00525	0.00164	0.00673	0.00480	0.00387	0.00765
5	0.02923	0.28545	0.04426	0.12017	0.02023	0.07453	0.15377	0.05602	0.01288	0.06121	0.03328	0.03264	0.00986	0.00556	0.00490	0.00151	0.00672	0.00473	0.00312	0.03992
6	0.30884	0.33598	0.01805	0.00934	0.01310	0.04586	0.04734	0.03245	0.01141	0.01848	0.06088	0.01427	0.02493	0.00589	0.00412	0.00151	0.00529	0.03263	0.00322	0.00641
7	0.01312	0.01086	0.01499	0.03364	0.01608	0.01005	0.11262	0.10668	0.04297	0.06057	0.01292	0.07576	0.01103	0.00605	0.00565	0.00136	0.04492	0.00522	0.00380	0.41169
8	0.04185	0.00937	0.02717	0.05347	0.04695	0.00925	0.00810	0.07441	0.16132	0.14989	0.11838	0.15526	0.07027	0.00927	0.00578	0.00179	0.00430	0.00795	0.00516	0.04005
9	0.01244	0.01438	0.05904	0.08514	0.02753	0.01315	0.59016	0.01678	0.01244	0.01710	0.01069	0.01424	0.00810	0.00474	0.00634	0.00176	0.02418	0.00592	0.00274	0.07313
10	0.00947	0.00473	0.00710	0.00710	0.00710	0.00473	0.00473	0.00710	0.00710	0.00947	0.00947	0.01657	0.00947	0.01894	0.02131	0.84138	0.00473	0.00473	0.00237	0.00237
11	0.02072	0.01527	0.01636	0.01254	0.01691	0.01691	0.01036	0.75622	0.02563	0.03436	0.01309	0.01309	0.00927	0.00654	0.00545	0.00164	0.00600	0.00491	0.00545	0.00927
12	0.02072	0.01527	0.01636	0.01254	0.01691	0.01691	0.01036	0.75622	0.02563	0.03436	0.01309	0.01309	0.00927	0.00654	0.00545	0.00164	0.00600	0.00491	0.00545	0.00927
13	0.84691	0.01054	0.00801	0.00717	0.01054	0.01223	0.00590	0.01603	0.00928	0.02446	0.00759	0.00886	0.00590	0.00506	0.00337	0.00169	0.00422	0.00295	0.00337	0.00590
14	0.00648	0.00552	0.00558	0.00556	0.00739	0.00462	0.00417	0.00790	0.01252	0.01494	0.07666	0.05212	0.75062	0.01373	0.00644	0.00184	0.00276	0.01146	0.00509	0.00462
15	0.01016	0.00508	0.00508	0.00508	0.00635	0.00508	0.00381	0.01270	0.01143	0.02033	0.01778	0.02033	0.01397	0.00635	0.00381	0.00127	0.00254	0.00508	0.83867	0.00508
16	0.02446	0.00928	0.01265	0.00970	0.01392	0.00801	0.00801	0.02657	0.01560	0.77817	0.02151	0.01856	0.01350	0.00675	0.00548	0.00169	0.00464	0.00548	0.00675	0.00928
17	0.01016	0.00508	0.00508	0.00508	0.00635	0.00508	0.00381	0.01270	0.01143	0.02033	0.01778	0.02033	0.01397	0.00635	0.00381	0.00127	0.00254	0.00508	0.83867	0.00508
18	0.00893	0.00519	0.00556	0.00556	0.00613	0.00519	0.00353	0.01008	0.00950	0.01496	0.01745	0.02877	0.01719	0.44780	0.01699	0.00348	0.00405	0.00665	0.37888	0.00410
19	0.01458	0.81168	0.02857	0.00933	0.01399	0.02157	0.00933	0.01632	0.01108	0.01283	0.00758	0.00875	0.00700	0.00466	0.00350	0.00117	0.00583	0.00292	0.00233	0.00700
20	0.01458	0.81168	0.02857	0.00933	0.01399	0.02157	0.00933	0.01632	0.01108	0.01283	0.00758	0.00875	0.00700	0.00466	0.00350	0.00117	0.00583	0.00292	0.00233	0.00700
21	0.00945	0.00739	0.00921	0.00897	0.01123	0.00689	0.00742	0.01302	0.08380	0.01750	0.08736	0.07368	0.08524	0.01148	0.00635	0.00193	0.00427	0.35436	0.00475	0.19568
22	0.01263	0.01395	0.02903	0.02073	0.02615	0.01281	0.64193	0.01690	0.01263	0.01751	0.01083	0.01419	0.00824	0.00451	0.00607	0.00168	0.00842	0.00595	0.00283	0.13300
23	0.01954	0.01447	0.01547	0.01196	0.01612	0.01589	0.00985	0.69439	0.02454	0.03274	0.01657	0.01634	0.07230	0.00714	0.00554	0.00165	0.00573	0.00545	0.00542	0.00889
24	0.01016	0.00508	0.00508	0.00508	0.00635	0.00508	0.00381	0.01270	0.01143	0.02033	0.01778	0.02033	0.01397	0.00635	0.00381	0.00127	0.00254	0.00508	0.83867	0.00508
25	0.00952	0.00532	0.00564	0.00562	0.00670	0.00532	0.00401	0.02258	0.01105	0.01817	0.03828	0.05161	0.04715	0.14810	0.03514	0.00230	0.00352	0.00634	0.56885	0.00479
26	0.00687	0.00550	0.00616	0.00621	0.00776	0.00479	0.00465	0.00856	0.01302	0.01651	0.23135	0.11204	0.50182	0.01346	0.00653	0.00187	0.00284	0.04004	0.00530	0.00474
27	0.84691	0.01054	0.00801	0.00717	0.01054	0.01223	0.00590	0.01603	0.00928	0.02446	0.00759	0.00886	0.00590	0.00506	0.00337	0.00169	0.00422	0.00295	0.00337	0.00590
28	0.01058	0.00622	0.00769	0.00777	0.00903	0.00603	0.00554	0.04214	0.04851	0.12052	0.02509	0.45698	0.02658	0.07473	0.00780	0.00221	0.00361	0.01119	0.12230	0.00550
29	0.00861	0.00585	0.00703	0.00706	0.00770	0.00586	0.00469	0.01035	0.07311	0.02759	0.11962	0.14933	0.04004	0.39184	0.01783	0.07290	0.00441	0.03768	0.00420	0.00428
30	0.01004	0.00509	0.00513	0.00513	0.00633	0.00509	0.00378	0.01245	0.01125	0.01981	0.01775	0.02114	0.01428	0.04891	0.00508	0.00148	0.00269	0.00523	0.79434	0.00499
31	0.01130	0.00969	0.01130	0.00807	0.01292	0.00727	0.00646	0.01373	0.01130	0.01776	0.00969	0.01130	0.00807	0.00404	0.00404	0.00081	0.00404	0.00323	0.00323	0.84173
32	0.01015	0.00507	0.00513	0.00513	0.00637	0.00507	0.00383	0.01257	0.01133	0.02007	0.01759	0.02024	0.01387	0.00665	0.00423	0.02127	0.00259	0.00507	0.81876	0.00502
33	0.00782	0.00549	0.00706	0.00706	0.00752	0.00579	0.00475	0.00875	0.00891	0.01234	0.07896	0.05299	0.02071	0.44892	0.29346	0.00613	0.00829	0.00757	0.00344	0.00404
34	0.00666	0.00486	0.00628	0.00734	0.00786	0.00447	0.00497	0.00772	0.01084	0.01432	0.06191	0.69548	0.11421	0.01650	0.00688	0.00216	0.00310	0.01486	0.00510	0.00447
35	0.00793	0.00529	0.00595	0.00595	0.00595	0.00529	0.00330	0.00793	0.00793	0.01057	0.01718	0.03568	0.01982	0.80840	0.02775	0.00529	0.00529	0.00793	0.00330	0.00330
36	0.77862	0.01044	0.00840	0.00738	0.01082	0.01188	0.00608	0.01690	0.00980	0.08705	0.00875	0.00966	0.00653	0.00520	0.00355	0.00169	0.00425	0.00316	0.00365	0.00618
37	0.01332	0.01298	0.02274	0.06101	0.68529	0.01299	0.07763	0.01669	0.01239	0.01764	0.01030	0.01363	0.00855	0.00486	0.00548	0.00164	0.00673	0.00499	0.00269	0.00843
38	0.02037	0.02598	0.01545	0.01404	0.01685	0.78652	0.01053	0.02177	0.01545	0.01334	0.00843	0.00983	0.00702	0.00562	0.00492	0.00140	0.00983	0.00351	0.00281	0.00632
39	0.02308	0.00897	0.01221	0.00947	0.01344	0.00778	0.00778	0.02522	0.01559	0.71569	0.08347	0.02039	0.01663	0.00711	0.00556	0.00169	0.00447	0.00584	0.00669	0.00894
40	0.01145	0.06519	0.61432	0.01650	0.02395	0.01330	0.14541	0.01725	0.01172	0.01708	0.00989	0.01192	0.00714	0.00505	0.00531	0.00172	0.00814	0.00438	0.00238	0.00788
41	0.00805	0.00550	0.00643	0.00660	0.00688	0.00546	0.00414	0.02176	0.00915	0.01216	0.03423	0.12742	0.03877	0.60493	0.02242	0.00449	0.00493	0.06916	0.00378	0.00375
42	0.00671	0.00479	0.00640	0.00767	0.00801	0.00448	0.00517	0.00770	0.01050	0.01399	0.03001	0.78216	0.03591	0.01702	0.00698	0.00222	0.00322	0.03754	0.00506	0.00445
43	0.74417	0.01271	0.10291	0.00820	0.01215	0.01228	0.00765	0.01618	0.00955	0.02358	0.00786	0.00918	0.00603	0.00508	0.00360	0.00169	0.00469	0.00308	0.00324	0.00617
44	0.08898	0.01488	0.01567	0.01210	0.01638	0.01652	0.00999	0.69506	0.02428	0.03354	0.01263	0.01274	0.00899	0.00642	0.00528	0.00164	0.00585	0.00475	0.00528	0.00899
45	0.72038	0.01149	0.01018	0.01008	0.07443	0.04353	0.02887	0.01636	0.00989	0.02326	0.00795	0.00945	0.00624	0.00505	0.00369	0.00167	0.00478	0.00323	0.00328	0.00619
46	0.01447	0.01228	0.01288	0.01148	0.02986	0.03966	0.00880	0.08510	0.58236	0.04311	0.01970	0.01847	0.01477	0.00692	0.00539	0.00172	0.00467	0.00569	0.00523	0.07745
47	0.00780	0.00503	0.00646	0.00709	0.00743	0.00480	0.00460	0.00814	0.00956	0.03297	0.02460	0.45959	0.04938	0.22889	0.01422	0.10540	0.00395	0.01177	0.00431	0.00401
48	0.01360	0.00724	0.00917	0.00842	0.01084	0.00662	0.00678	0.01618	0.05150	0.27699	0.07173	0.08362	0.21063	0.03461	0.00696	0.00205	0.00406	0.16687	0.00565	0.00648
49	0.84691	0.01054	0.00801	0.00717	0.01054	0.01223	0.00590	0.01603	0.00928	0.02446	0.00759	0.00886	0.00590	0.00506	0.00337	0.00169	0.00422	0.00295	0.00337	0.00590
50	0.01751	0.01337	0.01463	0.01102	0.01555	0.01362	0.00903	0.50273	0.02074	0.02869	0.01193	0.01248	0.00886	0.00569	0.00497	0.00135	0.00533	0.00434	0.00469	0.29348
51	0.01016	0.00508	0.00508	0.00508	0.00635	0.00508	0.00381	0.01270	0.01143	0.02033	0.01778	0.02033	0.01397	0.00635	0.00381	0.00127	0.00254	0.00508	0.83867	0.00508
52	0.01077	0.00801	0.00951	0.00943	0.01137	0.00841	0.00748	0.04196	0.24230	0.05600	0.07130	0.17840	0.08873	0.01206	0.00650	0.00208	0.00415	0.21985	0.00535	0.00634
53	0.01237	0.01050	0.01132	0.01052	0.01326	0.01189	0.00830	0.02496	0.60563	0.02131	0.02568	0.02833	0.07818	0.00892	0.00588	0.00194	0.00429	0.10348	0.00544	0.00783
54	0.01193	0.01193	0.01670	0.01431	0.01431	0.01670	0.01193	0.01312	0.00835	0.01312	0.00716	0.01193	0.00716	0.00954	0.01789	0.00239	0.79843	0.00477	0.00239	0.00596
55	0.00832	0.00519	0.00578	0.00590	0.00621	0.00516	0.00357	0.00898	0.00894	0.01308	0.01846	0.10054	0.01994	0.55655	0.02048	0.00410	0.00448	0.00796	0.19255	0.00381
56	0.00685	0.00551	0.00616	0.00646	0.00797	0.00482	0.00491	0.00839	0.01238	0.01533	0.10125	0.15942	0.52500	0.01423	0.00665	0.00197	0.00308	0.09983	0.00513	0.00467
57	0.00856	0.00621	0.00780	0.00844	0.00935	0.00619	0.00609	0.08739	0.03017	0.01648	0.02765	0.60066	0.03187	0.03339	0.00730	0.00225	0.00375	0.09631	0.00507	0.00508
58	0.00947	0.00478	0.00702	0.00702	0.00712	0.00481	0.00473	0.00751	0.00741	0.01021	0.01010	0.01692	0.00984	0.01869	0.03845	0.77011	0.00484	0.00478	0.05361	0.00259
59	0.38361	0.01034	0.01094	0.00883	0.01270	0.01061	0.00729	0.08372	0.01369	0.38579	0.01471	0.01385	0.00982	0.00599	0.00456	0.00168	0.00457	0.00433	0.00516	0.00780
60	0.00693	0.00497	0.00639	0.00719	0.00771	0.00464	0.00484	0.00806	0.01107	0.01486	0.14596	0.56244	0.07957	0.09761	0.00899	0.00243	0.00327	0.01360	0.00503	0.00443
61	0.00855	0.00579	0.00724	0.00696	0.00817	0.00543	0.00501	0.01077	0.03528	0.05748	0.44225	0.13158	0.09898	0.14056	0.00987	0.00236	0.00325	0.01003	0.00540	0.00503
62	0.01898	0.02308	0.01481	0.01344	0.01631	0.62912	0.01015	0.02324	0.16799	0.01527	0.01123	0.01197	0.00898	0.00598	0.00504	0.00150	0.00871	0.00405	0.00337	0.00679
63	0.14916	0.01177	0.01200	0.01045	0.01371	0.01340	0.00832	0.16659	0.44414	0.02490	0.01885	0.01893	0.02968	0.00718	0.00521	0.00179	0.00457	0.02634	0.02498	0.00804
64	0.00810	0.00549	0.00675	0.00692	0.00802	0.00501	0.00491	0.00951	0.01206	0.05976	0.20227	0.28913	0.20503	0.11966	0.00942	0.00240	0.00336	0.03230	0.00514	0.00478
65	0.01006	0.00509	0.00512	0.00512	0.00633	0.00509	0.00379	0.01248	0.01127	0.01988	0.01776	0.02103	0.01424	0.04307	0.00491	0.00145	0.00267	0.00521	0.80042	0.00500
66	0.01016	0.00508	0.00508	0.00508	0.00635	0.00508	0.00381	0.01270	0.01143	0.02033	0.01778	0.02033	0.01397	0.00635	0.00381	0.00127	0.00254	0.00508	0.83867	0.00508
67	0.00884	0.00545	0.00691	0.00716	0.00791	0.00516	0.00487	0.00994	0.01095	0.07752	0.13123	0.35514	0.03072	0.24567	0.01273	0.00297	0.00385	0.03332	0.03502	0.00465
68	0.00891	0.00540	0.00695	0.00748	0.00829	0.00503	0.00516	0.00996	0.01079	0.09426	0.02775	0.52133	0.05995	0.13496	0.00983	0.00259	0.00367	0.03894	0.03393	0.00482
69	0.01471	0.01197	0.01275	0.01119	0.01444	0.01368	0.00878	0.10207	0.66062	0.05378	0.02125	0.01954	0.01578	0.00729	0.00554	0.00182	0.00450	0.00601	0.00559	0.00872
70	0.20231	0.29297	0.22631	0.01170	0.01689	0.07419	0.05115	0.03912	0.01165	0.01759	0.00859	0.01005	0.00686	0.00502	0.00425	0.00150	0.00655	0.00352	0.00271	0.00707
71	0.81389	0.01033	0.00790	0.00709	0.01038	0.01195	0.00582	0.01589	0.00936	0.02430	0.00799	0.00931	0.00622	0.00511	0.00339	0.00167	0.00415	0.00304	0.03634	0.00587
72	0.00842	0.00629	0.00729	0.00731	0.00882	0.00594	0.00528	0.01144	0.10273	0.04411	0.09785	0.30697	0.26136	0.05847	0.00759	0.00211	0.00334	0.01136	0.00509	0.03821
73	0.00702	0.00512	0.00656	0.00725	0.00793	0.00483	0.00504	0.00828	0.01111	0.01481	0.13226	0.46602	0.12564	0.08721	0.05699	0.00279	0.00399	0.03774	0.00490	0.00450
74	0.00762	0.00500	0.00671	0.00759	0.00813	0.00465	0.00517	0.00856	0.01087	0.04565	0.08977	0.66396	0.03487	0.01627	0.00768	0.05061	0.00327	0.01400	0.00505	0.00457
75	0.59941	0.01044	0.00916	0.00788	0.01127	0.03357	0.00641	0.01809	0.01097	0.18614	0.03371	0.01260	0.00928	0.02572	0.00457	0.00177	0.00445	0.00384	0.00416	0.00656
76	0.00716	0.00512	0.00658	0.00718	0.00781	0.00480	0.00494	0.00848	0.01160	0.01571	0.22552	0.44482	0.07082	0.11698	0.00949	0.00247	0.00333	0.03763	0.00508	0.00450
77	0.01092	0.00928	0.01089	0.00803	0.01251	0.00703	0.00634	0.01322	0.01123	0.01745	0.01137	0.07687	0.01039	0.00512	0.00428	0.00092	0.00397	0.00424	0.00338	0.77256

[dist]
# distance from previous block
# <min> <max>
0	2

[block]
# block no. 2 follows, 44 sequences, length 54
# corresponding to MSA columns:
# 207-260
name=unknown_C
#
# <colnr> <probs for GDERKNQSTAVLIFYWHMCP>
#	G	D	E	R	K	N	Q	S	T	A	V	L	I	F	Y	W	H	M	C	P
0	0.74117	0.01021	0.00818	0.00741	0.01055	0.01171	0.00600	0.04311	0.01000	0.02390	0.00979	0.07975	0.00871	0.00618	0.00377	0.00173	0.00419	0.00414	0.00360	0.00590
1	0.01422	0.00872	0.00924	0.00785	0.01027	0.00924	0.00621	0.25360	0.03504	0.05669	0.01653	0.01821	0.01261	0.02169	0.00491	0.00150	0.00384	0.00512	0.49785	0.00667
2	0.01028	0.00619	0.00740	0.00695	0.00814	0.00578	0.00477	0.01124	0.01004	0.10209	0.01971	0.07883	0.03658	0.44918	0.01777	0.00366	0.00469	0.07134	0.06646	0.07888
3	0.00920	0.00604	0.00769	0.00713	0.00874	0.00556	0.00540	0.01192	0.03672	0.08805	0.58022	0.07111	0.11890	0.01116	0.00634	0.00175	0.00285	0.00976	0.00592	0.00553
4	0.02169	0.01181	0.01406	0.01077	0.01507	0.01172	0.00887	0.32367	0.03707	0.39967	0.01720	0.01582	0.01144	0.00648	0.00536	0.00160	0.00514	0.00510	0.00593	0.07151
5	0.00990	0.00512	0.00525	0.00525	0.00640	0.00514	0.00384	0.01220	0.01105	0.01926	0.01765	0.02172	0.01448	0.07850	0.02588	0.00182	0.00309	0.00535	0.74315	0.00492
6	0.00779	0.00584	0.00876	0.00876	0.00974	0.00681	0.00681	0.00974	0.00876	0.01266	0.01460	0.02142	0.01363	0.04089	0.78680	0.00876	0.01460	0.00584	0.00292	0.00487
7	0.02224	0.00922	0.01222	0.00961	0.01351	0.00829	0.00785	0.02556	0.08214	0.65449	0.07765	0.02037	0.01661	0.00713	0.00556	0.00170	0.00446	0.00587	0.00659	0.00891
8	0.00995	0.00515	0.00541	0.00541	0.00665	0.00524	0.00408	0.01244	0.01120	0.01964	0.01750	0.02042	0.01394	0.00942	0.07339	0.00194	0.00361	0.00515	0.76440	0.00506
9	0.68063	0.01190	0.00966	0.00831	0.01182	0.04212	0.00681	0.13737	0.01219	0.02566	0.00852	0.00959	0.00650	0.00532	0.00377	0.00167	0.00472	0.00329	0.00369	0.00647
10	0.00779	0.00584	0.00876	0.00876	0.00974	0.00681	0.00681	0.00974	0.00876	0.01266	0.01460	0.02142	0.01363	0.04089	0.78680	0.00876	0.01460	0.00584	0.00292	0.00487
11	0.01030	0.00969	0.01635	0.79530	0.03755	0.01211	0.01514	0.01393	0.01090	0.01393	0.00969	0.01453	0.00727	0.00545	0.00545	0.00182	0.00727	0.00484	0.00242	0.00606
12	0.01252	0.01191	0.02041	0.33743	0.37422	0.01289	0.08143	0.05267	0.01251	0.01705	0.01024	0.01400	0.00809	0.00516	0.00551	0.00172	0.00701	0.00500	0.00273	0.00752
13	0.02076	0.01058	0.03128	0.01033	0.01426	0.00990	0.00862	0.09627	0.15795	0.49996	0.03721	0.02029	0.01502	0.00722	0.00558	0.00175	0.00476	0.03315	0.00621	0.00887
14	0.00662	0.00481	0.00625	0.00741	0.00786	0.00444	0.00498	0.00761	0.01061	0.01399	0.03229	0.73799	0.10147	0.01679	0.00691	0.00218	0.00313	0.01514	0.00506	0.00444
15	0.01030	0.00969	0.01635	0.79530	0.03755	0.01211	0.01514	0.01393	0.01090	0.01393	0.00969	0.01453	0.00727	0.00545	0.00545	0.00182	0.00727	0.00484	0.00242	0.00606
16	0.05262	0.01458	0.11805	0.01173	0.01612	0.01341	0.01052	0.25589	0.25823	0.16568	0.01689	0.01603	0.01195	0.00661	0.00536	0.00173	0.00541	0.00522	0.00521	0.00876
17	0.01305	0.01250	0.02132	0.13999	0.67136	0.01284	0.01651	0.01634	0.01220	0.01727	0.01018	0.01364	0.00844	0.00494	0.00540	0.00165	0.00659	0.00486	0.00266	0.00827
18	0.00780	0.00581	0.00862	0.00862	0.00955	0.00674	0.00664	0.00965	0.00872	0.01255	0.01473	0.02212	0.01393	0.07865	0.74945	0.00859	0.01414	0.00594	0.00294	0.00479
19	0.02008	0.02538	0.01532	0.01392	0.01674	0.75392	0.01045	0.02207	0.04704	0.01374	0.00901	0.01027	0.00743	0.00569	0.00494	0.00142	0.00960	0.00362	0.00292	0.00642
20	0.00664	0.00474	0.00633	0.00759	0.00791	0.00443	0.00506	0.00759	0.01044	0.01392	0.03005	0.80485	0.03606	0.01708	0.00696	0.00221	0.00316	0.01550	0.00506	0.00443
21	0.01210	0.01468	0.11751	0.01702	0.02262	0.01144	0.41094	0.01618	0.01217	0.01754	0.01042	0.01316	0.00804	0.00448	0.00547	0.00148	0.00731	0.00505	0.00286	0.28954
22	0.01121	0.08679	0.72395	0.01507	0.02288	0.01333	0.01933	0.01719	0.01148	0.01693	0.00962	0.01130	0.00691	0.00514	0.00505	0.00168	0.00789	0.00395	0.00230	0.00798
23	0.02375	0.00912	0.01243	0.00958	0.01367	0.00789	0.00789	0.02588	0.01560	0.74628	0.05313	0.01949	0.01510	0.00693	0.00552	0.00169	0.00455	0.00567	0.00672	0.00910
24	0.01130	0.00969	0.01130	0.00807	0.01292	0.00727	0.00646	0.01373	0.01130	0.01776	0.00969	0.01130	0.00807	0.00404	0.00404	0.00081	0.00404	0.00323	0.00323	0.84173
25	0.01016	0.00508	0.00508	0.00508	0.00635	0.00508	0.00381	0.01270	0.01143	0.02033	0.01778	0.02033	0.01397	0.00635	0.00381	0.00127	0.00254	0.00508	0.83867	0.00508
26	0.75048	0.01240	0.02990	0.00801	0.01146	0.08105	0.00671	0.01657	0.00989	0.02327	0.00773	0.00902	0.00603	0.00511	0.00356	0.00166	0.00482	0.00303	0.00329	0.00600
27	0.01458	0.81168	0.02857	0.00933	0.01399	0.02157	0.00933	0.01632	0.01108	0.01283	0.00758	0.00875	0.00700	0.00466	0.00350	0.00117	0.00583	0.00292	0.00233	0.00700
28	0.00806	0.00570	0.00662	0.00688	0.00724	0.00577	0.00428	0.00970	0.07589	0.01262	0.02133	0.25572	0.02421	0.50944	0.01979	0.00410	0.00459	0.00995	0.00401	0.00410
29	0.01230	0.00848	0.00994	0.00897	0.01133	0.00884	0.00691	0.01977	0.31368	0.12843	0.29152	0.08693	0.05087	0.00955	0.00598	0.00181	0.00361	0.00823	0.00583	0.00705
30	0.01356	0.01171	0.01233	0.01109	0.01418	0.01356	0.00863	0.02897	0.76455	0.02281	0.02219	0.02034	0.01664	0.00740	0.00555	0.00185	0.00431	0.00616	0.00555	0.00863
31	0.01193	0.01193	0.01670	0.01431	0.01431	0.01670	0.01193	0.01312	0.00835	0.01312	0.00716	0.01193	0.00716	0.00954	0.01789	0.00239	0.79843	0.00477	0.00239	0.00596
32	0.00746	0.00514	0.00618	0.00655	0.00681	0.00498	0.00406	0.00803	0.00952	0.01276	0.08933	0.28549	0.04678	0.46149	0.01859	0.00389	0.00429	0.01064	0.00416	0.00386
33	0.00829	0.00525	0.00580	0.00580	0.00601	0.00525	0.00339	0.00871	0.00850	0.01216	0.01728	0.03317	0.01886	0.67733	0.02384	0.00463	0.00484	0.00746	0.13982	0.00359
34	0.01016	0.00508	0.00508	0.00508	0.00635	0.00508	0.00381	0.01270	0.01143	0.02033	0.01778	0.02033	0.01397	0.00635	0.00381	0.00127	0.00254	0.00508	0.83867	0.00508
35	0.01201	0.01217	0.01807	0.01508	0.01557	0.01644	0.07792	0.01351	0.00875	0.01351	0.00750	0.01217	0.00726	0.00910	0.01687	0.00234	0.72829	0.00492	0.00242	0.00609
36	0.00724	0.00544	0.00767	0.00834	0.00909	0.00505	0.03355	0.00848	0.01067	0.01431	0.02819	0.67310	0.03325	0.03217	0.00729	0.00223	0.00361	0.06853	0.00486	0.03693
37	0.01016	0.00508	0.00508	0.00508	0.00635	0.00508	0.00381	0.01270	0.01143	0.02033	0.01778	0.02033	0.01397	0.00635	0.00381	0.00127	0.00254	0.00508	0.83867	0.00508
38	0.02446	0.00928	0.01265	0.00970	0.01392	0.00801	0.00801	0.02657	0.01560	0.77817	0.02151	0.01856	0.01350	0.00675	0.00548	0.00169	0.00464	0.00548	0.00675	0.00928
39	0.00827	0.00801	0.00693	0.00675	0.00861	0.10013	0.00504	0.00977	0.01304	0.01525	0.11981	0.06433	0.58957	0.01262	0.00627	0.00178	0.00362	0.01046	0.00488	0.00486
40	0.01016	0.00508	0.00508	0.00508	0.00635	0.00508	0.00381	0.01270	0.01143	0.02033	0.01778	0.02033	0.01397	0.00635	0.00381	0.00127	0.00254	0.00508	0.83867	0.00508
41	0.01287	0.01471	0.03217	0.02298	0.02849	0.01379	0.75460	0.01746	0.01287	0.01746	0.01103	0.01471	0.00827	0.00460	0.00643	0.00184	0.00919	0.00643	0.00276	0.00735
42	0.01093	0.02820	0.78016	0.01554	0.02360	0.01266	0.02014	0.01727	0.01151	0.01727	0.00978	0.01151	0.00691	0.00518	0.00518	0.00173	0.00806	0.00403	0.00230	0.00806
43	0.00810	0.00628	0.00928	0.00910	0.00997	0.00751	0.00710	0.00994	0.00871	0.01263	0.01412	0.02110	0.01332	0.05984	0.70824	0.00819	0.07296	0.00582	0.00289	0.00491
44	0.01030	0.00969	0.01635	0.79530	0.03755	0.01211	0.01514	0.01393	0.01090	0.01393	0.00969	0.01453	0.00727	0.00545	0.00545	0.00182	0.00727	0.00484	0.00242	0.00606
45	0.01093	0.02820	0.78016	0.01554	0.02360	0.01266	0.02014	0.01727	0.01151	0.01727	0.00978	0.01151	0.00691	0.00518	0.00518	0.00173	0.00806	0.00403	0.00230	0.00806
46	0.00646	0.00546	0.00558	0.00568	0.00740	0.00459	0.00421	0.00781	0.01228	0.01467	0.05335	0.10873	0.71714	0.01405	0.00648	0.00187	0.00279	0.01180	0.00506	0.00459
47	0.01066	0.00971	0.01564	0.62499	0.03228	0.01191	0.03418	0.01503	0.06726	0.01515	0.01118	0.01532	0.00850	0.00580	0.00584	0.00180	0.03711	0.00500	0.06644	0.00621
48	0.01117	0.07890	0.73152	0.01514	0.02297	0.01324	0.01944	0.01720	0.01148	0.01698	0.00964	0.01133	0.00691	0.00515	0.00507	0.00169	0.00791	0.00396	0.00230	0.00799
49	0.01069	0.01015	0.01724	0.68972	0.11010	0.01232	0.02948	0.01426	0.01104	0.01437	0.00972	0.01438	0.00742	0.00545	0.00570	0.00181	0.02246	0.00488	0.00246	0.00634
50	0.01869	0.01369	0.01495	0.03360	0.01642	0.01519	0.00979	0.50178	0.20049	0.07614	0.01577	0.01567	0.01145	0.02350	0.00594	0.00177	0.00553	0.00530	0.00543	0.00890
51	0.34930	0.08696	0.09605	0.02287	0.01427	0.04606	0.00906	0.17982	0.01399	0.05622	0.01085	0.03431	0.00851	0.00588	0.00436	0.00162	0.00537	0.00413	0.04331	0.00707
52	0.25962	0.27642	0.03818	0.00977	0.01374	0.08704	0.00864	0.12151	0.06939	0.02032	0.01084	0.01159	0.02722	0.00557	0.00415	0.00148	0.00559	0.00376	0.00345	0.02172
53	0.13439	0.01226	0.02608	0.01026	0.01376	0.01296	0.00834	0.40703	0.04607	0.05626	0.01542	0.06099	0.03387	0.07831	0.00716	0.00198	0.00520	0.00568	0.02241	0.04156

[dist]
# distance from previous block
# <min> <max>
4	8

[block]
# block no. 3 follows, 44 sequences, length 11
# corresponding to MSA columns:
# 269,282-291
name=unknown_D
#
# <colnr> <probs for GDERKNQSTAVLIFYWHMCP>
#	G	D	E	R	K	N	Q	S	T	A	V	L	I	F	Y	W	H	M	C	P
0	0.01162	0.05791	0.06630	0.00867	0.01149	0.04938	0.00741	0.03474	0.07249	0.10161	0.34321	0.03073	0.13074	0.00921	0.00579	0.00165	0.00409	0.00775	0.00514	0.04007
1	0.00900	0.00701	0.00835	0.00776	0.00950	0.00708	0.00589	0.01449	0.19063	0.02159	0.54681	0.03676	0.09285	0.01045	0.00622	0.00175	0.00299	0.00911	0.00583	0.00592
2	0.01443	0.07470	0.01355	0.01080	0.01393	0.07137	0.00856	0.04783	0.52693	0.05981	0.08194	0.02003	0.01767	0.00730	0.00541	0.00174	0.00477	0.00595	0.00519	0.00809
3	0.01998	0.00922	0.01203	0.00911	0.01337	0.00767	0.00744	0.02220	0.01439	0.52923	0.05276	0.01754	0.01372	0.00619	0.00512	0.00144	0.00437	0.00505	0.00572	0.24345
4	0.01130	0.00969	0.01130	0.00807	0.01292	0.00727	0.00646	0.01373	0.01130	0.01776	0.00969	0.01130	0.00807	0.00404	0.00404	0.00081	0.00404	0.00323	0.00323	0.84173
5	0.01234	0.02584	0.01350	0.03331	0.01476	0.00915	0.08335	0.05139	0.10376	0.07223	0.03539	0.11093	0.03912	0.00694	0.00516	0.00140	0.00468	0.00611	0.00413	0.36651
6	0.01104	0.00681	0.00843	0.00767	0.00967	0.00641	0.00586	0.01457	0.09425	0.15505	0.38491	0.09989	0.15199	0.01087	0.00621	0.00179	0.00320	0.00941	0.00586	0.00611
7	0.01287	0.01471	0.03217	0.02298	0.02849	0.01379	0.75460	0.01746	0.01287	0.01746	0.01103	0.01471	0.00827	0.00460	0.00643	0.00184	0.00919	0.00643	0.00276	0.00735
8	0.01345	0.01121	0.01336	0.01413	0.13407	0.01239	0.00952	0.02507	0.53985	0.05583	0.07111	0.02146	0.03942	0.00740	0.00561	0.00180	0.00451	0.00633	0.00517	0.00831
9	0.00879	0.00628	0.00879	0.01004	0.01130	0.00628	0.00879	0.01130	0.01255	0.01632	0.02887	0.06150	0.03138	0.01506	0.00753	0.00251	0.00502	0.73770	0.00502	0.00502
10	0.07558	0.18358	0.50421	0.01394	0.02051	0.01464	0.05039	0.01682	0.01119	0.01676	0.00912	0.01091	0.00692	0.00522	0.00528	0.00164	0.03945	0.00386	0.00241	0.00756

[dist]
# distance from previous block
# <min> <max>
0	18

# created by:
# /st0/software/busco_prod/Augustus/scripts/msa2prfl.pl ./align_prep/179537.fa
