[name]
unknown

[dist]
# distance from previous block
# <min> <max>
0	45

[block]
# block no. 0 follows, 42 sequences, length 13
# corresponding to MSA columns:
# 155-167
name=unknown_A
#
# <colnr> <probs for GDERKNQSTAVLIFYWHMCP>
#	G	D	E	R	K	N	Q	S	T	A	V	L	I	F	Y	W	H	M	C	P
0	0.01450	0.06381	0.08153	0.01085	0.01404	0.00957	0.00994	0.05730	0.05753	0.20028	0.04634	0.03858	0.02247	0.01076	0.00649	0.00210	0.00536	0.33616	0.00526	0.00712
1	0.07186	0.01326	0.07229	0.01116	0.01525	0.08131	0.03230	0.07501	0.09896	0.35956	0.06797	0.01841	0.01483	0.00690	0.00549	0.00172	0.00552	0.00555	0.03426	0.00840
2	0.03512	0.12820	0.23777	0.01256	0.03423	0.04238	0.01246	0.15614	0.03419	0.13472	0.01303	0.01364	0.00946	0.00586	0.00501	0.00158	0.00630	0.00445	0.05974	0.05315
3	0.04307	0.10192	0.48363	0.01468	0.04865	0.01329	0.01653	0.01921	0.01242	0.15032	0.01185	0.01287	0.00838	0.00572	0.00562	0.00173	0.03424	0.00433	0.00325	0.00830
4	0.05883	0.18816	0.40242	0.01306	0.01924	0.05064	0.01490	0.08540	0.01332	0.04151	0.01059	0.01195	0.00795	0.00550	0.00482	0.00161	0.00707	0.00402	0.05115	0.00786
5	0.01289	0.01805	0.23393	0.18457	0.31667	0.06002	0.05987	0.01719	0.01244	0.01709	0.01026	0.01342	0.00799	0.00527	0.00555	0.00174	0.00769	0.00478	0.00262	0.00797
6	0.01670	0.32692	0.02033	0.01173	0.01546	0.26703	0.00983	0.02238	0.22392	0.01633	0.01238	0.01278	0.01005	0.00593	0.00469	0.00148	0.00692	0.00416	0.00351	0.00747
7	0.00686	0.00490	0.00653	0.00784	0.00816	0.00457	0.00522	0.00784	0.01077	0.01437	0.03102	0.79855	0.03722	0.01763	0.00718	0.00229	0.00326	0.01600	0.00522	0.00457
8	0.00716	0.00572	0.00641	0.00623	0.00791	0.00497	0.00468	0.00906	0.01403	0.01805	0.33065	0.04947	0.48942	0.01319	0.00665	0.00185	0.00277	0.01122	0.00560	0.00497
9	0.01129	0.02911	0.77306	0.01604	0.02436	0.01307	0.02079	0.01782	0.01188	0.01782	0.01010	0.01188	0.00713	0.00535	0.00535	0.00178	0.00832	0.00416	0.00238	0.00832
10	0.00672	0.00570	0.00580	0.00577	0.00764	0.00478	0.00433	0.00821	0.01299	0.01559	0.09425	0.05352	0.72736	0.01411	0.00665	0.00189	0.00284	0.01179	0.00528	0.00478
11	0.00704	0.00515	0.00662	0.00746	0.00814	0.00473	0.00513	0.00838	0.01196	0.01598	0.16983	0.57490	0.12170	0.01612	0.00702	0.00215	0.00311	0.01446	0.00540	0.00473
12	0.01304	0.15700	0.57414	0.01457	0.02192	0.01474	0.01786	0.06707	0.01292	0.04221	0.01033	0.01175	0.00752	0.00540	0.00509	0.00168	0.00768	0.00408	0.00275	0.00826

[dist]
# distance from previous block
# <min> <max>
0	3

[block]
# block no. 1 follows, 42 sequences, length 139
# corresponding to MSA columns:
# 171-231,233-288,290-311
name=unknown_B
#
# <colnr> <probs for GDERKNQSTAVLIFYWHMCP>
#	G	D	E	R	K	N	Q	S	T	A	V	L	I	F	Y	W	H	M	C	P
0	0.17171	0.01647	0.01426	0.01331	0.06054	0.25965	0.00992	0.07934	0.05458	0.07900	0.01329	0.01450	0.04922	0.00702	0.00717	0.00177	0.13275	0.00468	0.00376	0.00706
1	0.01184	0.01104	0.03396	0.13416	0.08299	0.00958	0.05524	0.03001	0.02933	0.01817	0.02951	0.03161	0.01023	0.00516	0.00490	0.00126	0.00533	0.00453	0.00332	0.48786
2	0.00698	0.00554	0.00628	0.00647	0.00790	0.00483	0.00471	0.00857	0.01305	0.01661	0.20455	0.21513	0.45067	0.01440	0.00677	0.00196	0.00290	0.01241	0.00544	0.00483
3	0.01489	0.77283	0.06088	0.00990	0.01486	0.02188	0.01010	0.01689	0.01145	0.01343	0.00792	0.00915	0.00722	0.00484	0.00368	0.00123	0.00612	0.00306	0.00241	0.00727
4	0.00791	0.00608	0.00724	0.00751	0.00884	0.00577	0.00560	0.01063	0.06827	0.01712	0.19014	0.22204	0.25945	0.05888	0.00809	0.00225	0.00346	0.10025	0.00536	0.00511
5	0.04172	0.01220	0.01266	0.04325	0.01490	0.13287	0.00856	0.03950	0.09893	0.37573	0.12102	0.02135	0.03709	0.00755	0.00567	0.00173	0.00541	0.00607	0.00571	0.00807
6	0.01300	0.01242	0.02116	0.24675	0.56217	0.01313	0.01681	0.01646	0.01237	0.01726	0.01042	0.01423	0.00852	0.00519	0.00559	0.00173	0.00692	0.00501	0.00271	0.00816
7	0.00804	0.00603	0.00904	0.00904	0.01005	0.00703	0.00703	0.01005	0.00904	0.01306	0.01507	0.02211	0.01407	0.04221	0.77992	0.00904	0.01507	0.00603	0.00301	0.00502
8	0.00797	0.00636	0.00726	0.00720	0.00897	0.00593	0.00560	0.01113	0.07722	0.01821	0.24944	0.04916	0.40282	0.01309	0.00672	0.00196	0.00324	0.10685	0.00554	0.00532
9	0.07973	0.26669	0.01979	0.05659	0.05105	0.36624	0.01058	0.01998	0.05343	0.01524	0.00928	0.01075	0.00778	0.00550	0.00459	0.00145	0.00781	0.00368	0.00291	0.00693
10	0.00919	0.00757	0.01064	0.00999	0.01054	0.00942	0.00772	0.01061	0.00877	0.01277	0.01356	0.02238	0.01355	0.18097	0.43366	0.00661	0.21794	0.00616	0.00295	0.00501
11	0.00796	0.00575	0.00752	0.00708	0.00841	0.00531	0.00531	0.01062	0.01593	0.02257	0.76415	0.04204	0.05310	0.01150	0.00664	0.00177	0.00265	0.01018	0.00619	0.00531
12	0.01597	0.01311	0.01766	0.34039	0.02683	0.01521	0.04675	0.36367	0.01843	0.02453	0.01159	0.01415	0.00853	0.00636	0.00641	0.00182	0.05162	0.00510	0.00400	0.00789
13	0.02143	0.23548	0.01858	0.01068	0.01513	0.04310	0.00925	0.17212	0.01691	0.37846	0.01587	0.01481	0.01090	0.00627	0.00505	0.00157	0.00562	0.00472	0.00526	0.00880
14	0.01114	0.00933	0.01098	0.00836	0.01262	0.00727	0.00653	0.02989	0.01187	0.01811	0.01338	0.13504	0.01289	0.00634	0.00467	0.00108	0.00407	0.00536	0.00368	0.68739
15	0.01648	0.01507	0.06485	0.02028	0.10759	0.01410	0.35694	0.17725	0.01625	0.11570	0.01294	0.01493	0.00938	0.00564	0.00639	0.00181	0.02623	0.00582	0.00392	0.00842
16	0.02154	0.00897	0.01148	0.00909	0.01274	0.00816	0.00741	0.07111	0.01577	0.54719	0.02073	0.01921	0.01376	0.00686	0.00525	0.00164	0.00437	0.00552	0.20064	0.00856
17	0.84197	0.01088	0.00827	0.00740	0.01088	0.01262	0.00609	0.01654	0.00958	0.02525	0.00784	0.00914	0.00609	0.00522	0.00348	0.00174	0.00435	0.00305	0.00348	0.00609
18	0.02525	0.00958	0.01306	0.01001	0.01437	0.00827	0.00827	0.02743	0.01611	0.77102	0.02220	0.01915	0.01393	0.00697	0.00566	0.00174	0.00479	0.00566	0.00697	0.00958
19	0.00671	0.00570	0.00578	0.00576	0.00764	0.00478	0.00432	0.00819	0.01296	0.01553	0.08822	0.05362	0.73342	0.01413	0.00665	0.00189	0.00284	0.01180	0.00527	0.00478
20	0.02487	0.01019	0.01344	0.01030	0.01467	0.00918	0.00851	0.09909	0.01714	0.69790	0.02134	0.01859	0.01350	0.00694	0.00566	0.00174	0.00493	0.00560	0.00683	0.00958
21	0.01400	0.01209	0.01273	0.01145	0.01463	0.01400	0.00891	0.02990	0.75695	0.02354	0.02291	0.02100	0.01718	0.00764	0.00573	0.00191	0.00445	0.00636	0.00573	0.00891
22	0.00818	0.00546	0.00614	0.00614	0.00614	0.00546	0.00341	0.00818	0.00818	0.01091	0.01773	0.03683	0.02046	0.80222	0.02864	0.00546	0.00546	0.00818	0.00341	0.00341
23	0.01812	0.01913	0.27130	0.01347	0.01914	0.01440	0.01366	0.38061	0.01960	0.13048	0.01361	0.01399	0.00948	0.00735	0.02821	0.00194	0.00698	0.00487	0.00464	0.00902
24	0.84197	0.01088	0.00827	0.00740	0.01088	0.01262	0.00609	0.01654	0.00958	0.02525	0.00784	0.00914	0.00609	0.00522	0.00348	0.00174	0.00435	0.00305	0.00348	0.00609
25	0.01420	0.01252	0.01282	0.01154	0.01471	0.03641	0.00897	0.02969	0.73526	0.02326	0.02249	0.02068	0.01689	0.00758	0.00571	0.00190	0.00462	0.00628	0.00564	0.00884
26	0.01400	0.01209	0.01273	0.01145	0.01463	0.01400	0.00891	0.02990	0.75695	0.02354	0.02291	0.02100	0.01718	0.00764	0.00573	0.00191	0.00445	0.00636	0.00573	0.00891
27	0.01063	0.01000	0.01688	0.78870	0.03876	0.01250	0.01563	0.01438	0.01125	0.01438	0.01000	0.01500	0.00750	0.00563	0.00563	0.00188	0.00750	0.00500	0.00250	0.00625
28	0.01497	0.78420	0.02916	0.00977	0.01445	0.02213	0.00970	0.01676	0.01136	0.01325	0.00781	0.00912	0.00723	0.00495	0.00401	0.00124	0.02723	0.00306	0.00241	0.00719
29	0.01427	0.01236	0.01348	0.01203	0.01472	0.03719	0.00963	0.10483	0.47497	0.02252	0.02015	0.02332	0.01641	0.00863	0.00759	0.00202	0.10817	0.08443	0.00514	0.00814
30	0.00818	0.00546	0.00614	0.00614	0.00614	0.00546	0.00341	0.00818	0.00818	0.01091	0.01773	0.03683	0.02046	0.80222	0.02864	0.00546	0.00546	0.00818	0.00341	0.00341
31	0.01411	0.22351	0.46020	0.01390	0.02065	0.04375	0.03261	0.01876	0.01239	0.09506	0.01076	0.01193	0.00790	0.00538	0.00496	0.00162	0.00746	0.00406	0.00289	0.00809
32	0.82320	0.01085	0.00838	0.00746	0.01096	0.01252	0.00614	0.01679	0.00973	0.04239	0.00817	0.00937	0.00627	0.00526	0.00353	0.00174	0.00436	0.00311	0.00356	0.00617
33	0.01336	0.01295	0.02134	0.20328	0.58527	0.03199	0.01675	0.01675	0.01254	0.01737	0.01041	0.01408	0.00856	0.00517	0.00557	0.00171	0.00695	0.00498	0.00272	0.00826
34	0.01274	0.01370	0.13081	0.24009	0.02290	0.01283	0.01258	0.02201	0.33692	0.05296	0.03439	0.01879	0.03070	0.00696	0.00600	0.00188	0.02592	0.00577	0.00424	0.00782
35	0.00796	0.00575	0.00752	0.00708	0.00841	0.00531	0.00531	0.01062	0.01593	0.02257	0.76415	0.04204	0.05310	0.01150	0.00664	0.00177	0.00265	0.01018	0.00619	0.00531
36	0.00737	0.00532	0.00697	0.00742	0.00826	0.00493	0.00524	0.00916	0.01327	0.01826	0.37807	0.41942	0.06602	0.01464	0.00691	0.00203	0.00296	0.01313	0.00568	0.00493
37	0.01129	0.02911	0.77306	0.01604	0.02436	0.01307	0.02079	0.01782	0.01188	0.01782	0.01010	0.01188	0.00713	0.00535	0.00535	0.00178	0.00832	0.00416	0.00238	0.00832
38	0.00686	0.00490	0.00653	0.00784	0.00816	0.00457	0.00522	0.00784	0.01077	0.01437	0.03102	0.79855	0.03722	0.01763	0.00718	0.00229	0.00326	0.01600	0.00522	0.00457
39	0.01088	0.01037	0.01782	0.65445	0.09123	0.01234	0.05734	0.01458	0.01162	0.01507	0.02669	0.01638	0.02593	0.00585	0.00572	0.00186	0.00735	0.00536	0.00268	0.00647
40	0.00804	0.00603	0.00904	0.00904	0.01005	0.00703	0.00703	0.01005	0.00904	0.01306	0.01507	0.02211	0.01407	0.04221	0.77992	0.00904	0.01507	0.00603	0.00301	0.00502
41	0.01129	0.02911	0.77306	0.01604	0.02436	0.01307	0.02079	0.01782	0.01188	0.01782	0.01010	0.01188	0.00713	0.00535	0.00535	0.00178	0.00832	0.00416	0.00238	0.00832
42	0.02516	0.00972	0.01315	0.01008	0.01444	0.00849	0.00833	0.04428	0.01635	0.75382	0.02200	0.01902	0.01383	0.00696	0.00566	0.00174	0.00482	0.00565	0.00693	0.00958
43	0.00804	0.00603	0.00904	0.00904	0.01005	0.00703	0.00703	0.01005	0.00904	0.01306	0.01507	0.02211	0.01407	0.04221	0.77992	0.00904	0.01507	0.00603	0.00301	0.00502
44	0.05329	0.00639	0.00785	0.00722	0.00904	0.00590	0.00551	0.01224	0.01503	0.09947	0.52517	0.06009	0.14894	0.01126	0.00639	0.00180	0.00301	0.00973	0.00597	0.00570
45	0.01398	0.01028	0.01214	0.00886	0.01371	0.00826	0.00713	0.05252	0.03194	0.11775	0.01210	0.01298	0.00935	0.00475	0.00447	0.00102	0.00436	0.00380	0.00398	0.66660
46	0.00907	0.00648	0.00907	0.01036	0.01166	0.00648	0.00907	0.01166	0.01296	0.01684	0.02980	0.06348	0.03239	0.01555	0.00777	0.00259	0.00518	0.72924	0.00518	0.00518
47	0.02525	0.00958	0.01306	0.01001	0.01437	0.00827	0.00827	0.02743	0.01611	0.77102	0.02220	0.01915	0.01393	0.00697	0.00566	0.00174	0.00479	0.00566	0.00697	0.00958
48	0.00898	0.00730	0.00889	0.12973	0.01384	0.00738	0.00708	0.01280	0.11242	0.03930	0.08462	0.10812	0.39462	0.01196	0.00641	0.00194	0.00394	0.02996	0.00498	0.00572
49	0.01063	0.01000	0.01688	0.78870	0.03876	0.01250	0.01563	0.01438	0.01125	0.01438	0.01000	0.01500	0.00750	0.00563	0.00563	0.00188	0.00750	0.00500	0.00250	0.00625
50	0.01199	0.01000	0.04107	0.20892	0.01893	0.04198	0.07899	0.05756	0.03144	0.01949	0.01467	0.01767	0.01130	0.00611	0.00487	0.00157	0.00531	0.00522	0.40668	0.00624
51	0.00690	0.00520	0.00641	0.00735	0.00816	0.00471	0.00513	0.00808	0.01145	0.01471	0.03831	0.55505	0.24276	0.01658	0.00706	0.00219	0.00323	0.04685	0.00522	0.00465
52	0.05451	0.01516	0.07513	0.12580	0.32459	0.10168	0.01423	0.06580	0.03264	0.11873	0.01216	0.01410	0.00918	0.00566	0.00543	0.00170	0.00687	0.00482	0.00357	0.00823
53	0.08458	0.03301	0.01528	0.01168	0.01590	0.01476	0.00969	0.46962	0.05075	0.18314	0.01572	0.01647	0.01133	0.00701	0.00551	0.00174	0.00565	0.03347	0.00564	0.00905
54	0.00797	0.00584	0.00645	0.00639	0.00818	0.00500	0.00475	0.00950	0.01307	0.06298	0.12134	0.14860	0.55200	0.01397	0.00666	0.00193	0.00301	0.01186	0.00543	0.00508
55	0.00992	0.00519	0.00545	0.00565	0.00681	0.00514	0.00414	0.01229	0.01164	0.01994	0.02034	0.14285	0.01800	0.00829	0.00444	0.00146	0.00272	0.00693	0.70365	0.00514
56	0.01819	0.01331	0.01566	0.11388	0.01932	0.01476	0.02542	0.38648	0.18899	0.10137	0.01640	0.03396	0.01207	0.00704	0.00571	0.00179	0.00583	0.00569	0.00531	0.00883
57	0.04062	0.05059	0.15761	0.01284	0.01783	0.01565	0.01201	0.44758	0.08283	0.06655	0.01411	0.03217	0.01042	0.00671	0.00548	0.00172	0.00625	0.00515	0.00489	0.00897
58	0.02525	0.00958	0.01306	0.01001	0.01437	0.00827	0.00827	0.02743	0.01611	0.77102	0.02220	0.01915	0.01393	0.00697	0.00566	0.00174	0.00479	0.00566	0.00697	0.00958
59	0.01063	0.01000	0.01688	0.78870	0.03876	0.01250	0.01563	0.01438	0.01125	0.01438	0.01000	0.01500	0.00750	0.00563	0.00563	0.00188	0.00750	0.00500	0.00250	0.00625
60	0.02119	0.03436	0.04857	0.01245	0.03709	0.01383	0.01029	0.41816	0.02112	0.26553	0.01662	0.04809	0.01193	0.00712	0.00564	0.00172	0.00573	0.00562	0.00573	0.00923
61	0.01930	0.01315	0.01527	0.05336	0.06705	0.03276	0.01028	0.37623	0.08223	0.17934	0.01772	0.05902	0.03332	0.00747	0.00574	0.00176	0.00571	0.00603	0.00546	0.00882
62	0.01017	0.00605	0.00888	0.00850	0.00850	0.00682	0.00605	0.00831	0.00753	0.01037	0.00940	0.01636	0.00940	0.01803	0.02144	0.70558	0.12824	0.00489	0.00245	0.00303
63	0.01887	0.24071	0.01974	0.03431	0.04476	0.24282	0.01044	0.14204	0.01587	0.11688	0.01114	0.01196	0.00861	0.00586	0.00521	0.00149	0.02884	0.00408	0.00374	0.03261
64	0.00685	0.00518	0.00634	0.00716	0.00801	0.00466	0.00495	0.00805	0.01166	0.01505	0.07742	0.53768	0.25403	0.01630	0.00700	0.00214	0.00311	0.01447	0.00528	0.00466
65	0.01262	0.03402	0.01575	0.14790	0.04639	0.07494	0.01157	0.05045	0.01143	0.01573	0.03095	0.05489	0.02967	0.00880	0.01152	0.00208	0.36822	0.02028	0.04649	0.00630
66	0.01715	0.01358	0.01725	0.23343	0.10458	0.01526	0.01265	0.44192	0.02026	0.02709	0.01269	0.03574	0.00968	0.00655	0.00567	0.00176	0.00653	0.00535	0.00443	0.00843
67	0.00678	0.00556	0.00598	0.00619	0.00776	0.00476	0.00452	0.00822	0.01267	0.01558	0.10331	0.19004	0.57976	0.01467	0.00675	0.00196	0.00291	0.01251	0.00530	0.00476
68	0.02525	0.00958	0.01306	0.01001	0.01437	0.00827	0.00827	0.02743	0.01611	0.77102	0.02220	0.01915	0.01393	0.00697	0.00566	0.00174	0.00479	0.00566	0.00697	0.00958
69	0.00789	0.00572	0.00744	0.00707	0.00838	0.00527	0.00528	0.01045	0.01566	0.02208	0.71892	0.07079	0.07028	0.01180	0.00666	0.00179	0.00268	0.01044	0.00613	0.00527
70	0.02514	0.00975	0.01317	0.01009	0.01445	0.00853	0.00834	0.04735	0.01639	0.75068	0.02196	0.01900	0.01381	0.00696	0.00566	0.00174	0.00483	0.00564	0.00693	0.00958
71	0.01231	0.01231	0.01724	0.01477	0.01477	0.01724	0.01231	0.01354	0.00862	0.01354	0.00739	0.01231	0.00739	0.00985	0.01847	0.00246	0.79192	0.00492	0.00246	0.00616
72	0.01061	0.00924	0.01503	0.66393	0.03363	0.01135	0.01377	0.01418	0.01134	0.01543	0.01133	0.01596	0.00860	0.00577	0.00536	0.00179	0.00672	0.00504	0.13484	0.00609
73	0.00688	0.00495	0.00652	0.00773	0.00815	0.00460	0.00519	0.00792	0.01099	0.01461	0.05058	0.75018	0.06620	0.01734	0.00715	0.00226	0.00323	0.01569	0.00525	0.00460
74	0.84197	0.01088	0.00827	0.00740	0.01088	0.01262	0.00609	0.01654	0.00958	0.02525	0.00784	0.00914	0.00609	0.00522	0.00348	0.00174	0.00435	0.00305	0.00348	0.00609
75	0.01330	0.01086	0.01214	0.00981	0.01375	0.01056	0.00775	0.06961	0.30527	0.04189	0.07581	0.01807	0.01561	0.00636	0.00511	0.00141	0.00431	0.00525	0.00475	0.36838
76	0.00796	0.00575	0.00752	0.00708	0.00841	0.00531	0.00531	0.01062	0.01593	0.02257	0.76415	0.04204	0.05310	0.01150	0.00664	0.00177	0.00265	0.01018	0.00619	0.00531
77	0.03782	0.01034	0.01194	0.00865	0.01355	0.00826	0.00696	0.05675	0.01267	0.05746	0.01075	0.01208	0.00862	0.00449	0.00431	0.00096	0.00432	0.00354	0.00365	0.72288
78	0.01067	0.00635	0.00839	0.00754	0.00934	0.00577	0.00577	0.01325	0.01596	0.13987	0.64786	0.03845	0.04696	0.01079	0.00648	0.00177	0.00299	0.00947	0.00632	0.00598
79	0.84197	0.01088	0.00827	0.00740	0.01088	0.01262	0.00609	0.01654	0.00958	0.02525	0.00784	0.00914	0.00609	0.00522	0.00348	0.00174	0.00435	0.00305	0.00348	0.00609
80	0.03653	0.02816	0.73090	0.01625	0.04275	0.01306	0.02026	0.01777	0.01184	0.01806	0.01004	0.01185	0.00714	0.00533	0.00530	0.00178	0.00816	0.00415	0.00242	0.00826
81	0.01666	0.04072	0.01295	0.01057	0.01402	0.01198	0.00842	0.02707	0.46166	0.23304	0.04627	0.02229	0.05350	0.00778	0.00570	0.00183	0.00447	0.00642	0.00594	0.00872
82	0.02139	0.01576	0.01689	0.01295	0.01745	0.01745	0.01070	0.74835	0.02646	0.03547	0.01351	0.01351	0.00957	0.00676	0.00563	0.00169	0.00619	0.00507	0.00563	0.00957
83	0.00790	0.00575	0.00743	0.00701	0.00837	0.00528	0.00526	0.01049	0.01577	0.02218	0.72718	0.04267	0.09031	0.01165	0.00664	0.00178	0.00267	0.01027	0.00614	0.00528
84	0.00810	0.00542	0.00616	0.00624	0.00627	0.00540	0.00352	0.00816	0.00835	0.01113	0.01857	0.08466	0.02151	0.75295	0.02730	0.00526	0.00532	0.00867	0.00352	0.00348
85	0.00734	0.00573	0.00665	0.00642	0.00802	0.00504	0.00481	0.00940	0.01444	0.01904	0.42560	0.04784	0.39385	0.01282	0.00664	0.00183	0.00275	0.01099	0.00573	0.00504
86	0.02525	0.00958	0.01306	0.01001	0.01437	0.00827	0.00827	0.02743	0.01611	0.77102	0.02220	0.01915	0.01393	0.00697	0.00566	0.00174	0.00479	0.00566	0.00697	0.00958
87	0.01282	0.00736	0.00904	0.00794	0.01039	0.00678	0.00619	0.01630	0.08517	0.22045	0.32338	0.03691	0.21332	0.01060	0.00629	0.00181	0.00344	0.00903	0.00612	0.00665
88	0.02139	0.01576	0.01689	0.01295	0.01745	0.01745	0.01070	0.74835	0.02646	0.03547	0.01351	0.01351	0.00957	0.00676	0.00563	0.00169	0.00619	0.00507	0.00563	0.00957
89	0.02334	0.01264	0.01496	0.01147	0.01590	0.01282	0.00947	0.38493	0.02124	0.40626	0.01789	0.01636	0.01177	0.00686	0.00564	0.00172	0.00548	0.00537	0.00630	0.00957
90	0.00942	0.00668	0.00838	0.00773	0.00941	0.00648	0.00587	0.01366	0.10537	0.05428	0.64336	0.03853	0.04711	0.01085	0.00649	0.00179	0.00296	0.00953	0.00617	0.00592
91	0.01231	0.01231	0.01724	0.01477	0.01477	0.01724	0.01231	0.01354	0.00862	0.01354	0.00739	0.01231	0.00739	0.00985	0.01847	0.00246	0.79192	0.00492	0.00246	0.00616
92	0.01063	0.01000	0.01688	0.78870	0.03876	0.01250	0.01563	0.01438	0.01125	0.01438	0.01000	0.01500	0.00750	0.00563	0.00563	0.00188	0.00750	0.00500	0.00250	0.00625
93	0.04246	0.04062	0.03077	0.00973	0.01382	0.00896	0.00821	0.04060	0.02992	0.58416	0.06360	0.02179	0.06447	0.00753	0.00564	0.00174	0.00469	0.00611	0.00638	0.00881
94	0.01493	0.78231	0.05180	0.00982	0.01474	0.02199	0.00996	0.01688	0.01145	0.01338	0.00789	0.00911	0.00722	0.00483	0.00366	0.00122	0.00609	0.00304	0.00241	0.00725
95	0.11366	0.01014	0.01280	0.00993	0.01420	0.00937	0.00820	0.07549	0.01611	0.63980	0.02005	0.01768	0.01278	0.00676	0.00542	0.00174	0.00484	0.00534	0.00650	0.00920
96	0.00739	0.00528	0.00715	0.00845	0.00901	0.00503	0.00616	0.00876	0.01130	0.01497	0.03072	0.62031	0.03605	0.01713	0.00733	0.00236	0.00373	0.18895	0.00521	0.00472
97	0.01390	0.49362	0.29970	0.01215	0.01816	0.04740	0.01374	0.01742	0.01177	0.01493	0.00869	0.01011	0.00719	0.00505	0.00430	0.00142	0.00701	0.00345	0.00241	0.00759
98	0.02480	0.00945	0.01282	0.00987	0.01413	0.00818	0.00814	0.02699	0.01598	0.74829	0.02209	0.01921	0.01395	0.00695	0.00561	0.00173	0.00472	0.00565	0.03201	0.00945
99	0.01049	0.00525	0.00525	0.00525	0.00656	0.00525	0.00393	0.01311	0.01180	0.02098	0.01836	0.02098	0.01442	0.00656	0.00393	0.00131	0.00262	0.00525	0.83346	0.00525
100	0.01263	0.01204	0.02049	0.33197	0.47987	0.01303	0.01662	0.01613	0.01220	0.01681	0.01036	0.01435	0.00836	0.00526	0.00559	0.00175	0.00701	0.00501	0.00267	0.00786
101	0.00814	0.00562	0.00697	0.00697	0.00725	0.00591	0.00444	0.00872	0.00843	0.01153	0.01697	0.03262	0.01863	0.58522	0.24315	0.00648	0.00820	0.00757	0.00330	0.00387
102	0.00774	0.00545	0.00708	0.00759	0.00850	0.00504	0.00545	0.00943	0.01287	0.03186	0.28230	0.40963	0.09484	0.03081	0.00740	0.00215	0.00322	0.05814	0.00555	0.00495
103	0.00665	0.00570	0.00570	0.00570	0.00760	0.00475	0.00428	0.00808	0.01283	0.01520	0.05701	0.05416	0.76483	0.01425	0.00665	0.00190	0.00285	0.01188	0.00523	0.00475
104	0.01530	0.78547	0.02907	0.00964	0.01444	0.02191	0.00959	0.01712	0.01155	0.03241	0.00819	0.00928	0.00739	0.00487	0.00366	0.00122	0.00599	0.00308	0.00252	0.00728
105	0.01129	0.02911	0.77306	0.01604	0.02436	0.01307	0.02079	0.01782	0.01188	0.01782	0.01010	0.01188	0.00713	0.00535	0.00535	0.00178	0.00832	0.00416	0.00238	0.00832
106	0.00695	0.00530	0.00640	0.00700	0.00801	0.00474	0.00492	0.00833	0.01223	0.01587	0.14856	0.43449	0.28574	0.01558	0.00692	0.00208	0.00303	0.01374	0.00537	0.00474
107	0.01393	0.01337	0.02284	0.03454	0.76712	0.01337	0.01727	0.01727	0.01281	0.01839	0.01059	0.01393	0.00891	0.00501	0.00557	0.00167	0.00669	0.00501	0.00279	0.00891
108	0.02525	0.00958	0.01306	0.01001	0.01437	0.00827	0.00827	0.02743	0.01611	0.77102	0.02220	0.01915	0.01393	0.00697	0.00566	0.00174	0.00479	0.00566	0.00697	0.00958
109	0.01986	0.01488	0.01648	0.04263	0.04717	0.01650	0.01081	0.62062	0.07487	0.03275	0.01405	0.01432	0.01013	0.00670	0.00558	0.00170	0.00603	0.00516	0.03049	0.00924
110	0.00796	0.00575	0.00752	0.00708	0.00841	0.00531	0.00531	0.01062	0.01593	0.02257	0.76415	0.04204	0.05310	0.01150	0.00664	0.00177	0.00265	0.01018	0.00619	0.00531
111	0.01167	0.01000	0.01167	0.00834	0.01334	0.00750	0.00667	0.01417	0.01167	0.01834	0.01000	0.01167	0.00834	0.00417	0.00417	0.00083	0.00417	0.00333	0.00333	0.83663
112	0.00671	0.00570	0.00578	0.00576	0.00764	0.00477	0.00432	0.00818	0.01296	0.01551	0.08686	0.05365	0.73479	0.01414	0.00665	0.00189	0.00284	0.01181	0.00527	0.00477
113	0.00978	0.00489	0.00733	0.00733	0.00733	0.00489	0.00489	0.00733	0.00733	0.00978	0.00978	0.01711	0.00978	0.01955	0.02199	0.83627	0.00489	0.00489	0.00244	0.00244
114	0.01393	0.01337	0.02284	0.03454	0.76712	0.01337	0.01727	0.01727	0.01281	0.01839	0.01059	0.01393	0.00891	0.00501	0.00557	0.00167	0.00669	0.00501	0.00279	0.00891
115	0.01393	0.01337	0.02284	0.03454	0.76712	0.01337	0.01727	0.01727	0.01281	0.01839	0.01059	0.01393	0.00891	0.00501	0.00557	0.00167	0.00669	0.00501	0.00279	0.00891
116	0.01129	0.02911	0.77306	0.01604	0.02436	0.01307	0.02079	0.01782	0.01188	0.01782	0.01010	0.01188	0.00713	0.00535	0.00535	0.00178	0.00832	0.00416	0.00238	0.00832
117	0.00796	0.00575	0.00752	0.00708	0.00841	0.00531	0.00531	0.01062	0.01593	0.02257	0.76415	0.04204	0.05310	0.01150	0.00664	0.00177	0.00265	0.01018	0.00619	0.00531
118	0.00804	0.00603	0.00904	0.00904	0.01005	0.00703	0.00703	0.01005	0.00904	0.01306	0.01507	0.02211	0.01407	0.04221	0.77992	0.00904	0.01507	0.00603	0.00301	0.00502
119	0.01715	0.16361	0.11996	0.01202	0.01670	0.01582	0.01110	0.23425	0.22707	0.10247	0.01555	0.01516	0.01141	0.00647	0.00524	0.00168	0.00581	0.00499	0.00475	0.00877
120	0.01983	0.18176	0.01864	0.01353	0.01681	0.62895	0.01063	0.02135	0.01505	0.01367	0.00852	0.00993	0.00724	0.00560	0.00478	0.00140	0.00933	0.00350	0.00280	0.00666
121	0.84197	0.01088	0.00827	0.00740	0.01088	0.01262	0.00609	0.01654	0.00958	0.02525	0.00784	0.00914	0.00609	0.00522	0.00348	0.00174	0.00435	0.00305	0.00348	0.00609
122	0.01129	0.02911	0.77306	0.01604	0.02436	0.01307	0.02079	0.01782	0.01188	0.01782	0.01010	0.01188	0.00713	0.00535	0.00535	0.00178	0.00832	0.00416	0.00238	0.00832
123	0.00782	0.00575	0.00732	0.00693	0.00832	0.00525	0.00519	0.01034	0.01558	0.02175	0.68543	0.04339	0.13233	0.01181	0.00664	0.00178	0.00268	0.01037	0.00609	0.00525
124	0.00978	0.00489	0.00733	0.00733	0.00733	0.00489	0.00489	0.00733	0.00733	0.00978	0.00978	0.01711	0.00978	0.01955	0.02199	0.83627	0.00489	0.00489	0.00244	0.00244
125	0.01393	0.01337	0.02284	0.03454	0.76712	0.01337	0.01727	0.01727	0.01281	0.01839	0.01059	0.01393	0.00891	0.00501	0.00557	0.00167	0.00669	0.00501	0.00279	0.00891
126	0.01129	0.02911	0.77306	0.01604	0.02436	0.01307	0.02079	0.01782	0.01188	0.01782	0.01010	0.01188	0.00713	0.00535	0.00535	0.00178	0.00832	0.00416	0.00238	0.00832
127	0.02102	0.02682	0.01595	0.01450	0.01740	0.77963	0.01087	0.02247	0.01595	0.01377	0.00870	0.01015	0.00725	0.00580	0.00507	0.00145	0.01015	0.00362	0.00290	0.00652
128	0.01637	0.01281	0.01675	0.18197	0.15376	0.01410	0.01235	0.32746	0.06516	0.05665	0.01516	0.03871	0.02839	0.00700	0.00576	0.00179	0.00620	0.02681	0.00449	0.00833
129	0.01129	0.02911	0.77306	0.01604	0.02436	0.01307	0.02079	0.01782	0.01188	0.01782	0.01010	0.01188	0.00713	0.00535	0.00535	0.00178	0.00832	0.00416	0.00238	0.00832
130	0.00818	0.00546	0.00614	0.00614	0.00614	0.00546	0.00341	0.00818	0.00818	0.01091	0.01773	0.03683	0.02046	0.80222	0.02864	0.00546	0.00546	0.00818	0.00341	0.00341
131	0.00737	0.00548	0.00688	0.00783	0.00863	0.00516	0.00559	0.00904	0.03392	0.01497	0.03463	0.52433	0.16171	0.04598	0.00793	0.00236	0.00355	0.10471	0.00517	0.00477
132	0.01225	0.18975	0.51740	0.01450	0.02123	0.03429	0.03685	0.01719	0.01175	0.01645	0.01029	0.04093	0.00833	0.00588	0.00563	0.00170	0.04080	0.00445	0.00252	0.00779
133	0.01201	0.01063	0.01759	0.62520	0.14364	0.01258	0.01543	0.03464	0.01209	0.04746	0.01069	0.01498	0.00803	0.00562	0.00562	0.00184	0.00723	0.00503	0.00281	0.00687
134	0.01079	0.00997	0.01546	0.48025	0.08945	0.01191	0.01342	0.01496	0.06989	0.01558	0.01686	0.02200	0.08846	0.00752	0.00686	0.00195	0.06803	0.04695	0.00321	0.00645
135	0.03771	0.09141	0.03631	0.01019	0.01331	0.03189	0.02489	0.18576	0.03411	0.04065	0.03460	0.20862	0.01859	0.05925	0.00711	0.00196	0.00514	0.03814	0.00450	0.11584
136	0.13111	0.16241	0.33554	0.01353	0.05915	0.01417	0.01401	0.04946	0.03177	0.10179	0.03038	0.01296	0.00937	0.00567	0.00487	0.00166	0.00653	0.00425	0.00338	0.00797
137	0.01042	0.04917	0.02991	0.00874	0.01031	0.02966	0.00660	0.01238	0.04298	0.09618	0.02656	0.48487	0.05879	0.05558	0.00798	0.00224	0.02403	0.01193	0.00493	0.02675
138	0.36301	0.01212	0.08711	0.03162	0.03428	0.01110	0.00886	0.04665	0.04437	0.20105	0.09477	0.01633	0.01389	0.00650	0.00482	0.00176	0.00489	0.00488	0.00462	0.00739

[dist]
# distance from previous block
# <min> <max>
2	42

[block]
# block no. 2 follows, 42 sequences, length 13
# corresponding to MSA columns:
# 354-366
name=unknown_C
#
# <colnr> <probs for GDERKNQSTAVLIFYWHMCP>
#	G	D	E	R	K	N	Q	S	T	A	V	L	I	F	Y	W	H	M	C	P
0	0.09926	0.07063	0.12563	0.07979	0.11462	0.10271	0.01249	0.05115	0.10800	0.03973	0.04981	0.01474	0.01125	0.00652	0.00658	0.00178	0.08947	0.00483	0.00352	0.00750
1	0.13446	0.01107	0.01553	0.27497	0.19324	0.01225	0.01237	0.05941	0.07749	0.07709	0.01544	0.01745	0.06319	0.00639	0.00539	0.00179	0.00598	0.00538	0.00371	0.00741
2	0.09861	0.01335	0.01869	0.13831	0.37148	0.03906	0.01406	0.14935	0.01475	0.04133	0.01087	0.01348	0.00856	0.00572	0.00589	0.00174	0.03837	0.00479	0.00343	0.00818
3	0.28463	0.01123	0.01184	0.04980	0.05455	0.01238	0.00834	0.22980	0.03619	0.06642	0.01357	0.04800	0.01070	0.00659	0.00474	0.00169	0.00489	0.00498	0.13233	0.00734
4	0.01049	0.00525	0.00525	0.00525	0.00656	0.00525	0.00393	0.01311	0.01180	0.02098	0.01836	0.02098	0.01442	0.00656	0.00393	0.00131	0.00262	0.00525	0.83346	0.00525
5	0.01049	0.00525	0.00525	0.00525	0.00656	0.00525	0.00393	0.01311	0.01180	0.02098	0.01836	0.02098	0.01442	0.00656	0.00393	0.00131	0.00262	0.00525	0.83346	0.00525
6	0.61345	0.01118	0.01139	0.09887	0.06706	0.01280	0.03439	0.01717	0.05304	0.02319	0.00926	0.01103	0.00717	0.00538	0.00411	0.00177	0.00506	0.00372	0.00343	0.00652
7	0.01742	0.01263	0.01480	0.05495	0.05712	0.02996	0.01003	0.22319	0.20388	0.14907	0.03190	0.01671	0.01268	0.00684	0.00620	0.00171	0.04744	0.00538	0.00510	0.09300
8	0.01393	0.01337	0.02284	0.03454	0.76712	0.01337	0.01727	0.01727	0.01281	0.01839	0.01059	0.01393	0.00891	0.00501	0.00557	0.00167	0.00669	0.00501	0.00279	0.00891
9	0.00807	0.00700	0.04836	0.00749	0.00922	0.00570	0.00608	0.01087	0.01555	0.02192	0.68613	0.04107	0.08859	0.01132	0.00657	0.00178	0.00297	0.00995	0.00594	0.00544
10	0.01206	0.01145	0.01961	0.39509	0.34980	0.01261	0.04241	0.01561	0.01209	0.01636	0.01137	0.01717	0.00949	0.00587	0.00576	0.00183	0.00710	0.04418	0.00278	0.00739
11	0.00951	0.00713	0.04174	0.00784	0.00974	0.00593	0.00640	0.01224	0.01547	0.08188	0.60044	0.04059	0.07558	0.01121	0.00657	0.00182	0.00323	0.05091	0.00599	0.00576
12	0.03627	0.21662	0.14642	0.01331	0.01794	0.10176	0.11412	0.11030	0.01447	0.01864	0.05410	0.01756	0.06411	0.00669	0.00557	0.00165	0.02501	0.02474	0.00344	0.00729

[dist]
# distance from previous block
# <min> <max>
0	50

# created by:
# /st0/software/busco_prod/Augustus/scripts/msa2prfl.pl ./align_prep/179584.fa
