[name]
unknown

[dist]
# distance from previous block
# <min> <max>
0	0

[block]
# block no. 0 follows, 43 sequences, length 81
# corresponding to MSA columns:
# 0-80
name=unknown_A
#
# <colnr> <probs for GDERKNQSTAVLIFYWHMCP>
#	G	D	E	R	K	N	Q	S	T	A	V	L	I	F	Y	W	H	M	C	P
0	0.00892	0.00637	0.00892	0.01020	0.01147	0.00637	0.00892	0.01147	0.01275	0.01657	0.02932	0.06247	0.03187	0.01530	0.00765	0.00255	0.00510	0.73354	0.00510	0.00510
1	0.26037	0.00979	0.01150	0.00912	0.01315	0.00937	0.00752	0.02391	0.01400	0.55919	0.01779	0.01602	0.01149	0.00636	0.00495	0.00171	0.00459	0.00483	0.00587	0.00844
2	0.00737	0.00527	0.00714	0.00843	0.00902	0.00504	0.00623	0.00879	0.01122	0.01484	0.03018	0.58932	0.03526	0.01676	0.00724	0.00234	0.00376	0.22200	0.00513	0.00467
3	0.01371	0.01316	0.02248	0.03399	0.77081	0.01316	0.01700	0.01700	0.01261	0.01809	0.01042	0.01371	0.00877	0.00493	0.00548	0.00164	0.00658	0.00493	0.00274	0.00877
4	0.00805	0.00537	0.00604	0.00604	0.00604	0.00537	0.00336	0.00805	0.00805	0.01074	0.01745	0.03624	0.02013	0.80536	0.02819	0.00537	0.00537	0.00805	0.00336	0.00336
5	0.00675	0.00482	0.00643	0.00771	0.00803	0.00450	0.00514	0.00771	0.01060	0.01414	0.03053	0.80175	0.03663	0.01735	0.00707	0.00225	0.00321	0.01574	0.00514	0.00450
6	0.02069	0.02640	0.01569	0.01427	0.01712	0.78313	0.01070	0.02212	0.01569	0.01355	0.00856	0.00999	0.00713	0.00571	0.00499	0.00143	0.00999	0.00357	0.00285	0.00642
7	0.01371	0.01316	0.02248	0.03399	0.77081	0.01316	0.01700	0.01700	0.01261	0.01809	0.01042	0.01371	0.00877	0.00493	0.00548	0.00164	0.00658	0.00493	0.00274	0.00877
8	0.01371	0.01316	0.02248	0.03399	0.77081	0.01316	0.01700	0.01700	0.01261	0.01809	0.01042	0.01371	0.00877	0.00493	0.00548	0.00164	0.00658	0.00493	0.00274	0.00877
9	0.84448	0.01071	0.00814	0.00728	0.01071	0.01242	0.00600	0.01628	0.00943	0.02485	0.00771	0.00900	0.00600	0.00514	0.00343	0.00171	0.00428	0.00300	0.00343	0.00600
10	0.00962	0.00481	0.00722	0.00722	0.00722	0.00481	0.00481	0.00722	0.00722	0.00962	0.00962	0.01684	0.00962	0.01924	0.02165	0.83886	0.00481	0.00481	0.00241	0.00241
11	0.01212	0.01212	0.01696	0.01454	0.01454	0.01696	0.01212	0.01333	0.00848	0.01333	0.00727	0.01212	0.00727	0.00969	0.01818	0.00242	0.79523	0.00485	0.00242	0.00606
12	0.01378	0.01190	0.01252	0.01127	0.01440	0.01378	0.00877	0.02943	0.76081	0.02317	0.02254	0.02066	0.01691	0.00751	0.00564	0.00188	0.00438	0.00626	0.00564	0.00877
13	0.84448	0.01071	0.00814	0.00728	0.01071	0.01242	0.00600	0.01628	0.00943	0.02485	0.00771	0.00900	0.00600	0.00514	0.00343	0.00171	0.00428	0.00300	0.00343	0.00600
14	0.02105	0.01551	0.01662	0.01274	0.01717	0.01717	0.01053	0.75235	0.02604	0.03490	0.01330	0.01330	0.00942	0.00665	0.00554	0.00166	0.00609	0.00499	0.00554	0.00942
15	0.00675	0.00482	0.00643	0.00771	0.00803	0.00450	0.00514	0.00771	0.01060	0.01414	0.03053	0.80175	0.03663	0.01735	0.00707	0.00225	0.00321	0.01574	0.00514	0.00450
16	0.01046	0.00984	0.01661	0.79205	0.03814	0.01230	0.01538	0.01415	0.01107	0.01415	0.00984	0.01477	0.00738	0.00554	0.00554	0.00185	0.00738	0.00492	0.00246	0.00615
17	0.02069	0.02640	0.01569	0.01427	0.01712	0.78313	0.01070	0.02212	0.01569	0.01355	0.00856	0.00999	0.00713	0.00571	0.00499	0.00143	0.00999	0.00357	0.00285	0.00642
18	0.00665	0.00561	0.00576	0.00572	0.00755	0.00472	0.00429	0.00815	0.01288	0.01556	0.11480	0.05232	0.70950	0.01380	0.00654	0.00186	0.00279	0.01155	0.00522	0.00472
19	0.01111	0.02865	0.77667	0.01579	0.02397	0.01286	0.02046	0.01754	0.01169	0.01754	0.00994	0.01169	0.00702	0.00526	0.00526	0.00175	0.00818	0.00409	0.00234	0.00818
20	0.01769	0.02102	0.01606	0.14314	0.08242	0.50982	0.01178	0.02118	0.09544	0.01507	0.01044	0.01223	0.00837	0.00581	0.00519	0.00156	0.00867	0.00419	0.00308	0.00682
21	0.00784	0.00566	0.00740	0.00697	0.00827	0.00523	0.00523	0.01045	0.01568	0.02221	0.76789	0.04137	0.05226	0.01132	0.00653	0.00174	0.00261	0.01002	0.00610	0.00523
22	0.00962	0.00481	0.00722	0.00722	0.00722	0.00481	0.00481	0.00722	0.00722	0.00962	0.00962	0.01684	0.00962	0.01924	0.02165	0.83886	0.00481	0.00481	0.00241	0.00241
23	0.01280	0.01200	0.02014	0.02980	0.65253	0.01193	0.01517	0.01598	0.01309	0.01873	0.12792	0.01800	0.01552	0.00593	0.00565	0.00166	0.00596	0.00572	0.00326	0.00822
24	0.02485	0.00943	0.01285	0.00985	0.01414	0.00814	0.00814	0.02699	0.01585	0.77465	0.02185	0.01885	0.01371	0.00685	0.00557	0.00171	0.00471	0.00557	0.00685	0.00943
25	0.01111	0.02865	0.77667	0.01579	0.02397	0.01286	0.02046	0.01754	0.01169	0.01754	0.00994	0.01169	0.00702	0.00526	0.00526	0.00175	0.00818	0.00409	0.00234	0.00818
26	0.01293	0.01594	0.08674	0.02279	0.02858	0.01392	0.69764	0.01773	0.01297	0.01773	0.01111	0.01470	0.00830	0.00471	0.00644	0.00186	0.00925	0.00636	0.00277	0.00752
27	0.01473	0.01282	0.02160	0.03179	0.70169	0.01270	0.01619	0.01791	0.01291	0.08721	0.01146	0.01418	0.00922	0.00511	0.00549	0.00165	0.00641	0.00499	0.00312	0.00883
28	0.01187	0.01636	0.20584	0.06026	0.01972	0.01538	0.09161	0.01487	0.00990	0.01487	0.00849	0.01246	0.00733	0.00784	0.01305	0.00217	0.47396	0.00484	0.00244	0.00674
29	0.02925	0.24612	0.43320	0.01666	0.13680	0.01546	0.01653	0.01716	0.01167	0.01650	0.00934	0.01116	0.00729	0.00506	0.00478	0.00158	0.00722	0.00388	0.00243	0.00793
30	0.02276	0.04460	0.10098	0.01063	0.01534	0.02946	0.00967	0.02536	0.01518	0.63717	0.01956	0.01739	0.01250	0.00656	0.00544	0.00169	0.00530	0.00524	0.00605	0.00911
31	0.01111	0.02865	0.77667	0.01579	0.02397	0.01286	0.02046	0.01754	0.01169	0.01754	0.00994	0.01169	0.00702	0.00526	0.00526	0.00175	0.00818	0.00409	0.00234	0.00818
32	0.01304	0.06070	0.06431	0.04690	0.07274	0.01430	0.60886	0.01751	0.01282	0.01737	0.01086	0.01437	0.00826	0.00474	0.00621	0.00181	0.00886	0.00608	0.00274	0.00752
33	0.01259	0.01204	0.02034	0.27953	0.50114	0.01304	0.01627	0.01592	0.01194	0.01661	0.01010	0.01398	0.00826	0.00533	0.00603	0.00174	0.03976	0.00493	0.00264	0.00781
34	0.01371	0.01316	0.02248	0.03399	0.77081	0.01316	0.01700	0.01700	0.01261	0.01809	0.01042	0.01371	0.00877	0.00493	0.00548	0.00164	0.00658	0.00493	0.00274	0.00877
35	0.00736	0.00559	0.00686	0.00771	0.00853	0.00537	0.00533	0.00973	0.07945	0.01509	0.03376	0.61429	0.14837	0.01594	0.00686	0.00216	0.00326	0.01425	0.00519	0.00492
36	0.01198	0.18162	0.57503	0.01509	0.02241	0.01473	0.07136	0.01737	0.01171	0.01666	0.00959	0.01137	0.00713	0.00512	0.00502	0.00165	0.00782	0.00405	0.00238	0.00792
37	0.01111	0.02865	0.77667	0.01579	0.02397	0.01286	0.02046	0.01754	0.01169	0.01754	0.00994	0.01169	0.00702	0.00526	0.00526	0.00175	0.00818	0.00409	0.00234	0.00818
38	0.00684	0.00491	0.00663	0.00781	0.00819	0.00470	0.00529	0.00789	0.01046	0.01403	0.02923	0.73743	0.03475	0.01935	0.07108	0.00280	0.00417	0.01494	0.00496	0.00454
39	0.01145	0.01086	0.01841	0.56009	0.26234	0.01257	0.01588	0.01502	0.01154	0.01536	0.01002	0.01444	0.00781	0.00535	0.00552	0.00178	0.00714	0.00493	0.00255	0.00695
40	0.01298	0.01229	0.02080	0.03125	0.69104	0.01225	0.01576	0.01603	0.01240	0.01768	0.01252	0.09613	0.01169	0.00623	0.00565	0.00171	0.00623	0.00607	0.00299	0.00833
41	0.01307	0.01494	0.03268	0.02334	0.02894	0.01401	0.75070	0.01774	0.01307	0.01774	0.01120	0.01494	0.00840	0.00467	0.00654	0.00187	0.00934	0.00654	0.00280	0.00747
42	0.00715	0.00623	0.00781	0.00720	0.00916	0.00539	0.05862	0.00887	0.01277	0.01576	0.11576	0.11114	0.58754	0.01337	0.00659	0.00189	0.00330	0.01150	0.00506	0.00491
43	0.01247	0.06914	0.03646	0.01609	0.07959	0.01191	0.23051	0.01513	0.01196	0.08523	0.04785	0.17725	0.03317	0.00882	0.00814	0.00195	0.13598	0.00787	0.00373	0.00675
44	0.01286	0.08742	0.56969	0.01553	0.02282	0.01327	0.09484	0.01835	0.01218	0.08637	0.01098	0.01246	0.00778	0.00530	0.00529	0.00172	0.00781	0.00439	0.00280	0.00814
45	0.01111	0.02865	0.77667	0.01579	0.02397	0.01286	0.02046	0.01754	0.01169	0.01754	0.00994	0.01169	0.00702	0.00526	0.00526	0.00175	0.00818	0.00409	0.00234	0.00818
46	0.01090	0.01030	0.01741	0.68871	0.13802	0.01242	0.01560	0.01454	0.01128	0.01469	0.00992	0.01462	0.00757	0.00545	0.00553	0.00182	0.00727	0.00492	0.00250	0.00651
47	0.04252	0.04666	0.72988	0.01531	0.02324	0.01306	0.01966	0.01747	0.01160	0.01771	0.00980	0.01152	0.00698	0.00524	0.00515	0.00174	0.00798	0.00402	0.00238	0.00808
48	0.01151	0.01092	0.01852	0.54604	0.27592	0.01258	0.01591	0.01507	0.01157	0.01543	0.01003	0.01442	0.00783	0.00534	0.00552	0.00178	0.00712	0.00493	0.00255	0.00700
49	0.02154	0.05006	0.01611	0.01180	0.01616	0.01414	0.02638	0.42623	0.05389	0.28146	0.01627	0.01532	0.01106	0.00662	0.00548	0.00167	0.00562	0.00518	0.00578	0.00924
50	0.01211	0.02725	0.72116	0.01535	0.02326	0.01252	0.01957	0.01823	0.01200	0.07255	0.01080	0.01221	0.00750	0.00538	0.00528	0.00175	0.00793	0.00420	0.00267	0.00828
51	0.00805	0.00538	0.00611	0.00611	0.00613	0.00540	0.00344	0.00810	0.00807	0.01079	0.01739	0.03591	0.01999	0.78784	0.04552	0.00545	0.00559	0.00801	0.00335	0.00339
52	0.01046	0.00984	0.01661	0.79205	0.03814	0.01230	0.01538	0.01415	0.01107	0.01415	0.00984	0.01477	0.00738	0.00554	0.00554	0.00185	0.00738	0.00492	0.00246	0.00615
53	0.01391	0.00928	0.01603	0.01415	0.07044	0.00856	0.19507	0.01634	0.01293	0.22722	0.03613	0.31308	0.02140	0.01021	0.00639	0.00195	0.00541	0.00969	0.00487	0.00694
54	0.00699	0.00507	0.00665	0.00783	0.00839	0.00473	0.00551	0.00817	0.01102	0.01449	0.03249	0.65321	0.09642	0.01684	0.00709	0.00225	0.00340	0.09971	0.00514	0.00458
55	0.01307	0.01494	0.03268	0.02334	0.02894	0.01401	0.75070	0.01774	0.01307	0.01774	0.01120	0.01494	0.00840	0.00467	0.00654	0.00187	0.00934	0.00654	0.00280	0.00747
56	0.01094	0.02778	0.74769	0.01540	0.02335	0.01255	0.01985	0.01718	0.01173	0.01744	0.01167	0.01326	0.03563	0.00559	0.00531	0.00176	0.00798	0.00438	0.00244	0.00805
57	0.01303	0.10168	0.02939	0.11002	0.10588	0.01460	0.50902	0.01713	0.01260	0.01685	0.01058	0.01412	0.00818	0.00480	0.00598	0.00177	0.00845	0.00579	0.00271	0.00742
58	0.02471	0.00965	0.01299	0.00996	0.01425	0.00848	0.00823	0.05425	0.01623	0.74685	0.02153	0.01864	0.01355	0.00685	0.00557	0.00171	0.00476	0.00555	0.00681	0.00943
59	0.84448	0.01071	0.00814	0.00728	0.01071	0.01242	0.00600	0.01628	0.00943	0.02485	0.00771	0.00900	0.00600	0.00514	0.00343	0.00171	0.00428	0.00300	0.00343	0.00600
60	0.00685	0.00488	0.00637	0.00752	0.00786	0.00457	0.00497	0.00775	0.01044	0.01388	0.03006	0.72067	0.05283	0.08225	0.00880	0.00250	0.00338	0.01501	0.00499	0.00441
61	0.00878	0.00720	0.01019	0.11027	0.10274	0.00716	0.00785	0.01169	0.03081	0.01944	0.44069	0.05424	0.14695	0.01029	0.00628	0.00178	0.00378	0.00906	0.00506	0.00575
62	0.01158	0.00993	0.01153	0.00833	0.01318	0.00764	0.00665	0.01456	0.04138	0.01825	0.01035	0.01185	0.00855	0.00424	0.00416	0.00086	0.00411	0.00340	0.00338	0.80609
63	0.01278	0.01087	0.01793	0.45986	0.23852	0.01246	0.01496	0.01606	0.01177	0.08467	0.01094	0.01468	0.00834	0.00575	0.00633	0.00181	0.05716	0.00498	0.00294	0.00718
64	0.01307	0.01494	0.03268	0.02334	0.02894	0.01401	0.75070	0.01774	0.01307	0.01774	0.01120	0.01494	0.00840	0.00467	0.00654	0.00187	0.00934	0.00654	0.00280	0.00747
65	0.01111	0.02865	0.77667	0.01579	0.02397	0.01286	0.02046	0.01754	0.01169	0.01754	0.00994	0.01169	0.00702	0.00526	0.00526	0.00175	0.00818	0.00409	0.00234	0.00818
66	0.01046	0.00984	0.01661	0.79205	0.03814	0.01230	0.01538	0.01415	0.01107	0.01415	0.00984	0.01477	0.00738	0.00554	0.00554	0.00185	0.00738	0.00492	0.00246	0.00615
67	0.00675	0.00482	0.00643	0.00771	0.00803	0.00450	0.00514	0.00771	0.01060	0.01414	0.03053	0.80175	0.03663	0.01735	0.00707	0.00225	0.00321	0.01574	0.00514	0.00450
68	0.01271	0.36732	0.45206	0.01305	0.01973	0.01679	0.01569	0.01712	0.01150	0.01558	0.00897	0.01047	0.00706	0.00503	0.00452	0.00151	0.00720	0.00360	0.00235	0.00772
69	0.00805	0.00537	0.00604	0.00604	0.00604	0.00537	0.00336	0.00805	0.00805	0.01074	0.01745	0.03624	0.02013	0.80536	0.02819	0.00537	0.00537	0.00805	0.00336	0.00336
70	0.00675	0.00482	0.00643	0.00771	0.00803	0.00450	0.00514	0.00771	0.01060	0.01414	0.03053	0.80175	0.03663	0.01735	0.00707	0.00225	0.00321	0.01574	0.00514	0.00450
71	0.00791	0.00593	0.00890	0.00890	0.00989	0.00692	0.00692	0.00989	0.00890	0.01286	0.01483	0.02176	0.01385	0.04154	0.78341	0.00890	0.01483	0.00593	0.00297	0.00494
72	0.01353	0.53842	0.28807	0.01166	0.01759	0.01878	0.01328	0.01691	0.01141	0.01459	0.00848	0.00986	0.00708	0.00492	0.00415	0.00138	0.00671	0.00335	0.00236	0.00748
73	0.02105	0.01551	0.01662	0.01274	0.01717	0.01717	0.01053	0.75235	0.02604	0.03490	0.01330	0.01330	0.00942	0.00665	0.00554	0.00166	0.00609	0.00499	0.00554	0.00942
74	0.84448	0.01071	0.00814	0.00728	0.01071	0.01242	0.00600	0.01628	0.00943	0.02485	0.00771	0.00900	0.00600	0.00514	0.00343	0.00171	0.00428	0.00300	0.00343	0.00600
75	0.00674	0.00484	0.00640	0.00765	0.00802	0.00450	0.00512	0.00772	0.01066	0.01416	0.03123	0.78106	0.05686	0.01726	0.00705	0.00224	0.00320	0.01563	0.00514	0.00450
76	0.12490	0.01059	0.01332	0.01030	0.01453	0.01009	0.02758	0.12768	0.01642	0.55833	0.01863	0.01675	0.01202	0.00656	0.00533	0.00171	0.00498	0.00520	0.00614	0.00895
77	0.00829	0.00594	0.00763	0.00710	0.00850	0.00558	0.00535	0.03268	0.01590	0.02255	0.72878	0.04007	0.05014	0.01108	0.00644	0.00173	0.00272	0.00976	0.02440	0.00535
78	0.81955	0.01068	0.00839	0.03074	0.01153	0.01242	0.00628	0.01622	0.00947	0.02453	0.00778	0.00917	0.00604	0.00515	0.00349	0.00172	0.00438	0.00306	0.00340	0.00600
79	0.01349	0.01293	0.02208	0.08586	0.72068	0.01310	0.01689	0.01680	0.01251	0.01782	0.01038	0.01378	0.00868	0.00498	0.00549	0.00166	0.00663	0.00493	0.00272	0.00859
80	0.55773	0.03515	0.01059	0.00854	0.01211	0.01302	0.00704	0.14699	0.04469	0.04292	0.05054	0.01226	0.00980	0.00585	0.00413	0.00168	0.00457	0.00393	0.00408	0.02440

[dist]
# distance from previous block
# <min> <max>
3	16

[block]
# block no. 1 follows, 43 sequences, length 6
# corresponding to MSA columns:
# 97-102
name=unknown_B
#
# <colnr> <probs for GDERKNQSTAVLIFYWHMCP>
#	G	D	E	R	K	N	Q	S	T	A	V	L	I	F	Y	W	H	M	C	P
0	0.22945	0.00687	0.00706	0.00683	0.00790	0.00749	0.00463	0.01053	0.00855	0.01482	0.01445	0.02669	0.01538	0.47032	0.14346	0.00497	0.00661	0.00637	0.00331	0.00431
1	0.10620	0.01260	0.11469	0.01915	0.27114	0.01054	0.09002	0.01458	0.01231	0.01874	0.12736	0.14432	0.01923	0.00794	0.00574	0.00180	0.00568	0.00728	0.00367	0.00702
2	0.01891	0.01125	0.01315	0.01070	0.01420	0.01160	0.00858	0.32863	0.06743	0.26076	0.05074	0.14386	0.01741	0.00869	0.00584	0.00179	0.00494	0.00720	0.00591	0.00841
3	0.23778	0.00653	0.00684	0.00734	0.00847	0.00681	0.00511	0.01012	0.00990	0.01658	0.02227	0.46812	0.02571	0.13257	0.00924	0.00257	0.00383	0.01108	0.00440	0.00474
4	0.01338	0.05540	0.22708	0.01894	0.14250	0.01283	0.21772	0.07046	0.01393	0.06238	0.09776	0.01669	0.01341	0.00590	0.00575	0.00173	0.00715	0.00567	0.00345	0.00785
5	0.01553	0.01309	0.04874	0.01791	0.21181	0.04822	0.10064	0.06140	0.03391	0.15080	0.03239	0.01482	0.01068	0.00542	0.00529	0.00148	0.00602	0.00490	0.00391	0.21304

[dist]
# distance from previous block
# <min> <max>
3	20

[block]
# block no. 2 follows, 43 sequences, length 15
# corresponding to MSA columns:
# 126-140
name=unknown_C
#
# <colnr> <probs for GDERKNQSTAVLIFYWHMCP>
#	G	D	E	R	K	N	Q	S	T	A	V	L	I	F	Y	W	H	M	C	P
0	0.04454	0.01302	0.03058	0.01292	0.07206	0.01315	0.00991	0.34381	0.09343	0.20152	0.03218	0.01566	0.01180	0.00648	0.00539	0.00163	0.00539	0.00514	0.00534	0.07605
1	0.03930	0.01379	0.01546	0.01258	0.04065	0.07474	0.03594	0.32544	0.05264	0.26064	0.01549	0.01496	0.01070	0.00637	0.00541	0.00163	0.00587	0.00502	0.00537	0.05800
2	0.15113	0.05863	0.10158	0.01294	0.03397	0.01330	0.10432	0.21479	0.03323	0.14172	0.05085	0.03448	0.01197	0.00640	0.00528	0.00171	0.00595	0.00529	0.00448	0.00799
3	0.08123	0.01412	0.01862	0.01970	0.25778	0.06803	0.07894	0.22428	0.01691	0.14713	0.01283	0.01393	0.00940	0.00577	0.00542	0.00167	0.00645	0.00495	0.00426	0.00856
4	0.01662	0.01530	0.05958	0.01558	0.05179	0.05342	0.18160	0.30643	0.01789	0.04880	0.01178	0.01329	0.00878	0.00570	0.00594	0.00159	0.03489	0.00496	0.00405	0.14200
5	0.04233	0.09034	0.07541	0.02081	0.24408	0.01362	0.19911	0.08522	0.01401	0.03959	0.09312	0.01633	0.01319	0.00588	0.00585	0.00170	0.02257	0.00560	0.00344	0.00778
6	0.01858	0.05636	0.06483	0.01165	0.01622	0.01193	0.06396	0.21304	0.04173	0.27363	0.05757	0.01650	0.01298	0.00635	0.00538	0.00158	0.00550	0.00524	0.00515	0.11183
7	0.05785	0.01296	0.01453	0.01132	0.01549	0.01371	0.00930	0.44126	0.06206	0.25224	0.01624	0.01540	0.01110	0.00668	0.00541	0.00168	0.00540	0.00515	0.03314	0.00909
8	0.04040	0.00919	0.01177	0.01043	0.05006	0.00884	0.00785	0.08827	0.07280	0.34884	0.26004	0.02518	0.02549	0.00818	0.00582	0.00173	0.00422	0.00689	0.00610	0.00790
9	0.01105	0.00938	0.01102	0.00816	0.01265	0.00712	0.00643	0.01337	0.01140	0.01768	0.01176	0.08470	0.01084	0.00533	0.00438	0.00095	0.00402	0.00444	0.00345	0.76188
10	0.84448	0.01071	0.00814	0.00728	0.01071	0.01242	0.00600	0.01628	0.00943	0.02485	0.00771	0.00900	0.00600	0.00514	0.00343	0.00171	0.00428	0.00300	0.00343	0.00600
11	0.02464	0.00977	0.01306	0.01002	0.01431	0.00865	0.00827	0.06759	0.01642	0.73325	0.02137	0.01854	0.01347	0.00684	0.00557	0.00171	0.00479	0.00554	0.00678	0.00942
12	0.00675	0.00482	0.00643	0.00771	0.00803	0.00450	0.00514	0.00771	0.01060	0.01414	0.03053	0.80175	0.03663	0.01735	0.00707	0.00225	0.00321	0.01574	0.00514	0.00450
13	0.00805	0.00537	0.00604	0.00604	0.00604	0.00537	0.00336	0.00805	0.00805	0.01074	0.01745	0.03624	0.02013	0.80536	0.02819	0.00537	0.00537	0.00805	0.00336	0.00336
14	0.01101	0.05834	0.68797	0.01486	0.02238	0.01265	0.01886	0.01696	0.01198	0.01771	0.06755	0.01384	0.01046	0.00570	0.00529	0.00173	0.00767	0.00450	0.00263	0.00792

[dist]
# distance from previous block
# <min> <max>
1	2

[block]
# block no. 3 follows, 43 sequences, length 51
# corresponding to MSA columns:
# 145-195
name=unknown_D
#
# <colnr> <probs for GDERKNQSTAVLIFYWHMCP>
#	G	D	E	R	K	N	Q	S	T	A	V	L	I	F	Y	W	H	M	C	P
0	0.01371	0.01316	0.02248	0.03399	0.77081	0.01316	0.01700	0.01700	0.01261	0.01809	0.01042	0.01371	0.00877	0.00493	0.00548	0.00164	0.00658	0.00493	0.00274	0.00877
1	0.01258	0.00999	0.01171	0.00848	0.01331	0.00780	0.00680	0.03170	0.03009	0.06514	0.01097	0.01220	0.00878	0.00441	0.00426	0.00092	0.00419	0.00353	0.00361	0.74953
2	0.01317	0.01334	0.02610	0.01931	0.02341	0.01362	0.48306	0.01674	0.01198	0.05770	0.01109	0.01477	0.00873	0.00775	0.04984	0.00230	0.17219	0.00595	0.00297	0.04599
3	0.02084	0.01541	0.01650	0.01270	0.01709	0.01707	0.01047	0.73094	0.04780	0.03456	0.01357	0.01351	0.00964	0.00667	0.00554	0.00167	0.00604	0.00502	0.00554	0.00940
4	0.02435	0.01022	0.01335	0.01023	0.01454	0.00933	0.00845	0.12221	0.01719	0.67754	0.02073	0.01812	0.01315	0.00683	0.00557	0.00171	0.00489	0.00549	0.00668	0.00942
5	0.04568	0.02592	0.01547	0.01406	0.01693	0.75975	0.01056	0.02194	0.01550	0.01390	0.00853	0.00996	0.00710	0.00569	0.00495	0.00144	0.00981	0.00355	0.00287	0.00641
6	0.01481	0.80869	0.02902	0.00948	0.01421	0.02191	0.00948	0.01658	0.01125	0.01303	0.00770	0.00888	0.00711	0.00474	0.00355	0.00118	0.00592	0.00296	0.00237	0.00711
7	0.02150	0.01100	0.01337	0.01066	0.01468	0.01097	0.00867	0.14250	0.20223	0.47108	0.02067	0.01842	0.01382	0.00699	0.00558	0.00175	0.00485	0.00565	0.00634	0.00926
8	0.00962	0.00481	0.00722	0.00722	0.00722	0.00481	0.00481	0.00722	0.00722	0.00962	0.00962	0.01684	0.00962	0.01924	0.02165	0.83886	0.00481	0.00481	0.00241	0.00241
9	0.01046	0.00984	0.01661	0.79205	0.03814	0.01230	0.01538	0.01415	0.01107	0.01415	0.00984	0.01477	0.00738	0.00554	0.00554	0.00185	0.00738	0.00492	0.00246	0.00615
10	0.01371	0.01316	0.02248	0.03399	0.77081	0.01316	0.01700	0.01700	0.01261	0.01809	0.01042	0.01371	0.00877	0.00493	0.00548	0.00164	0.00658	0.00493	0.00274	0.00877
11	0.00675	0.00482	0.00643	0.00771	0.00803	0.00450	0.00514	0.00771	0.01060	0.01414	0.03053	0.80175	0.03663	0.01735	0.00707	0.00225	0.00321	0.01574	0.00514	0.00450
12	0.01212	0.01212	0.01696	0.01454	0.01454	0.01696	0.01212	0.01333	0.00848	0.01333	0.00727	0.01212	0.00727	0.00969	0.01818	0.00242	0.79523	0.00485	0.00242	0.00606
13	0.02069	0.01533	0.01641	0.01267	0.01704	0.01700	0.01044	0.71596	0.06302	0.03431	0.01376	0.01367	0.00980	0.00669	0.00555	0.00167	0.00601	0.00505	0.00555	0.00939
14	0.01481	0.80869	0.02902	0.00948	0.01421	0.02191	0.00948	0.01658	0.01125	0.01303	0.00770	0.00888	0.00711	0.00474	0.00355	0.00118	0.00592	0.00296	0.00237	0.00711
15	0.01148	0.00984	0.01148	0.00820	0.01312	0.00738	0.00656	0.01395	0.01148	0.01805	0.00984	0.01148	0.00820	0.00410	0.00410	0.00082	0.00410	0.00328	0.00328	0.83922
16	0.00675	0.00482	0.00643	0.00771	0.00803	0.00450	0.00514	0.00771	0.01060	0.01414	0.03053	0.80175	0.03663	0.01735	0.00707	0.00225	0.00321	0.01574	0.00514	0.00450
17	0.00682	0.00485	0.00641	0.00762	0.00792	0.00455	0.00504	0.00773	0.01046	0.01395	0.02981	0.76017	0.03573	0.06016	0.00822	0.00242	0.00333	0.01533	0.00504	0.00444
18	0.00858	0.00571	0.00773	0.00873	0.00970	0.00544	0.00676	0.01025	0.01180	0.05644	0.03048	0.44192	0.05914	0.01586	0.00720	0.00233	0.00402	0.29769	0.00522	0.00501
19	0.00655	0.00561	0.00561	0.00561	0.00748	0.00468	0.00421	0.00795	0.01262	0.01496	0.05610	0.05330	0.76857	0.01403	0.00655	0.00187	0.00281	0.01169	0.00514	0.00468
20	0.01054	0.00993	0.01676	0.77231	0.05722	0.01233	0.01542	0.01422	0.01111	0.01425	0.00986	0.01474	0.00742	0.00552	0.00554	0.00184	0.00736	0.00492	0.00247	0.00622
21	0.01310	0.01487	0.03228	0.02376	0.05777	0.01397	0.72219	0.01771	0.01305	0.01775	0.01117	0.01489	0.00842	0.00468	0.00650	0.00186	0.00923	0.00647	0.00280	0.00752
22	0.01053	0.00999	0.01708	0.76969	0.03788	0.01235	0.03677	0.01425	0.01113	0.01425	0.00988	0.01477	0.00741	0.00551	0.00557	0.00185	0.00744	0.00497	0.00247	0.00619
23	0.01111	0.02865	0.77667	0.01579	0.02397	0.01286	0.02046	0.01754	0.01169	0.01754	0.00994	0.01169	0.00702	0.00526	0.00526	0.00175	0.00818	0.00409	0.00234	0.00818
24	0.01307	0.01494	0.03268	0.02334	0.02894	0.01401	0.75070	0.01774	0.01307	0.01774	0.01120	0.01494	0.00840	0.00467	0.00654	0.00187	0.00934	0.00654	0.00280	0.00747
25	0.01182	0.16377	0.62066	0.01495	0.02245	0.01448	0.04412	0.01738	0.01166	0.01676	0.00959	0.01132	0.00708	0.00515	0.00501	0.00166	0.00783	0.00398	0.00236	0.00797
26	0.02421	0.01037	0.03414	0.01021	0.01462	0.00889	0.00864	0.07640	0.01643	0.70315	0.02094	0.01827	0.01323	0.00680	0.00556	0.00171	0.00490	0.00549	0.00664	0.00939
27	0.00673	0.00499	0.00629	0.00729	0.00793	0.00455	0.00496	0.00782	0.01111	0.01448	0.05263	0.64046	0.17738	0.01657	0.00696	0.00216	0.00312	0.01483	0.00516	0.00455
28	0.02466	0.00973	0.01304	0.01000	0.01429	0.00860	0.00826	0.06354	0.01636	0.73738	0.02142	0.01857	0.01349	0.00684	0.00557	0.00171	0.00478	0.00554	0.00679	0.00942
29	0.01127	0.01068	0.01801	0.59453	0.21159	0.01261	0.01569	0.01481	0.01138	0.01507	0.00992	0.01445	0.00771	0.00549	0.00581	0.00181	0.02494	0.00492	0.00253	0.00677
30	0.00687	0.00562	0.00606	0.00595	0.00768	0.00481	0.00446	0.00858	0.01339	0.01679	0.23567	0.05029	0.58786	0.01334	0.00654	0.00184	0.00276	0.01127	0.00538	0.00481
31	0.01371	0.01316	0.02248	0.03399	0.77081	0.01316	0.01700	0.01700	0.01261	0.01809	0.01042	0.01371	0.00877	0.00493	0.00548	0.00164	0.00658	0.00493	0.00274	0.00877
32	0.02072	0.02538	0.01578	0.01413	0.01713	0.71176	0.01068	0.09015	0.01666	0.01554	0.00900	0.01030	0.00735	0.00579	0.00504	0.00145	0.00962	0.00370	0.00310	0.00670
33	0.02069	0.02640	0.01569	0.01427	0.01712	0.78313	0.01070	0.02212	0.01569	0.01355	0.00856	0.00999	0.00713	0.00571	0.00499	0.00143	0.00999	0.00357	0.00285	0.00642
34	0.01148	0.00984	0.01148	0.00820	0.01312	0.00738	0.00656	0.01395	0.01148	0.01805	0.00984	0.01148	0.00820	0.00410	0.00410	0.00082	0.00410	0.00328	0.00328	0.83922
35	0.00746	0.00565	0.00688	0.00657	0.00804	0.00506	0.00493	0.00972	0.01478	0.02008	0.55907	0.04487	0.26240	0.01212	0.00654	0.00178	0.00267	0.01051	0.00582	0.00506
36	0.01339	0.01403	0.02749	0.02876	0.40617	0.01358	0.37762	0.01736	0.01284	0.01792	0.01080	0.01431	0.00859	0.00480	0.00600	0.00175	0.00793	0.00572	0.00277	0.00813
37	0.00892	0.00637	0.00892	0.01020	0.01147	0.00637	0.00892	0.01147	0.01275	0.01657	0.02932	0.06247	0.03187	0.01530	0.00765	0.00255	0.00510	0.73354	0.00510	0.00510
38	0.02424	0.01030	0.04144	0.01015	0.01458	0.00855	0.00866	0.04519	0.01596	0.72749	0.02119	0.01844	0.01335	0.00679	0.00556	0.00171	0.00488	0.00550	0.00665	0.00938
39	0.00968	0.01072	0.11562	0.01127	0.01372	0.04357	0.05000	0.01299	0.04027	0.01637	0.02581	0.18144	0.05749	0.01292	0.00691	0.00224	0.00552	0.37321	0.00452	0.00572
40	0.00655	0.00561	0.00561	0.00561	0.00748	0.00468	0.00421	0.00795	0.01262	0.01496	0.05610	0.05330	0.76857	0.01403	0.00655	0.00187	0.00281	0.01169	0.00514	0.00468
41	0.01137	0.01077	0.01826	0.57921	0.24386	0.01254	0.01583	0.01495	0.01151	0.01526	0.01000	0.01447	0.00777	0.00537	0.00552	0.00179	0.00716	0.00493	0.00254	0.00689
42	0.01371	0.01316	0.02248	0.03399	0.77081	0.01316	0.01700	0.01700	0.01261	0.01809	0.01042	0.01371	0.00877	0.00493	0.00548	0.00164	0.00658	0.00493	0.00274	0.00877
43	0.02100	0.01506	0.01627	0.01253	0.01691	0.01657	0.01034	0.68764	0.05121	0.07468	0.01408	0.01386	0.00991	0.00669	0.00555	0.00167	0.00596	0.00506	0.00562	0.00940
44	0.00917	0.00597	0.00773	0.00719	0.00877	0.00544	0.00547	0.01160	0.01525	0.08498	0.61128	0.05745	0.10913	0.01140	0.00649	0.00178	0.00288	0.02648	0.00604	0.00552
45	0.02835	0.05701	0.67097	0.01502	0.02238	0.01306	0.01887	0.01704	0.01161	0.01743	0.02510	0.01327	0.00846	0.00575	0.00572	0.00177	0.03719	0.02060	0.00250	0.00789
46	0.08861	0.01535	0.23687	0.01197	0.03150	0.01096	0.01167	0.04726	0.10995	0.21288	0.07916	0.05996	0.01545	0.00732	0.00593	0.00180	0.03497	0.00586	0.00461	0.00791
47	0.01240	0.01664	0.22473	0.02219	0.31952	0.02745	0.06462	0.01777	0.08960	0.01830	0.03569	0.02010	0.01290	0.00662	0.00577	0.00181	0.00676	0.08586	0.00330	0.00797
48	0.08190	0.04907	0.05570	0.02774	0.54582	0.08395	0.04273	0.01744	0.01255	0.01797	0.00992	0.01273	0.00823	0.00502	0.00522	0.00162	0.00685	0.00459	0.00278	0.00818
49	0.07987	0.05213	0.03828	0.02123	0.31800	0.09841	0.06177	0.01632	0.01199	0.01705	0.01101	0.04379	0.01000	0.00644	0.00685	0.00172	0.10339	0.03513	0.00297	0.06365
50	0.08079	0.07973	0.09327	0.02245	0.32717	0.02711	0.14540	0.01647	0.01210	0.03467	0.01211	0.08640	0.01083	0.00622	0.00570	0.00173	0.02135	0.00582	0.00305	0.00764

[dist]
# distance from previous block
# <min> <max>
31	50

[block]
# block no. 4 follows, 43 sequences, length 10
# corresponding to MSA columns:
# 266-275
name=unknown_E
#
# <colnr> <probs for GDERKNQSTAVLIFYWHMCP>
#	G	D	E	R	K	N	Q	S	T	A	V	L	I	F	Y	W	H	M	C	P
0	0.01291	0.01814	0.27577	0.14392	0.22855	0.04400	0.01625	0.08381	0.03457	0.01857	0.01160	0.01547	0.00928	0.00674	0.02468	0.00193	0.00743	0.03551	0.00301	0.00787
1	0.14416	0.04399	0.01644	0.33334	0.17652	0.01293	0.01277	0.05732	0.05781	0.07669	0.01142	0.01399	0.00861	0.00560	0.00512	0.00174	0.00622	0.00468	0.00336	0.00729
2	0.01110	0.04119	0.01854	0.58890	0.13225	0.01266	0.06178	0.01466	0.01146	0.01488	0.01135	0.01560	0.03112	0.00563	0.00555	0.00180	0.00720	0.00516	0.00260	0.00657
3	0.06718	0.01375	0.01933	0.13826	0.41933	0.07636	0.03111	0.07931	0.04145	0.01901	0.01062	0.01346	0.00856	0.00550	0.00578	0.00170	0.03347	0.00479	0.00309	0.00795
4	0.01451	0.08500	0.06475	0.13810	0.19783	0.04395	0.04204	0.17505	0.07389	0.02047	0.01351	0.03592	0.03426	0.00639	0.00581	0.00171	0.03003	0.00534	0.00361	0.00785
5	0.07465	0.08992	0.04958	0.10415	0.04712	0.07792	0.01025	0.10354	0.01346	0.03433	0.10733	0.01932	0.06216	0.04140	0.00840	0.00193	0.13863	0.00564	0.00368	0.00657
6	0.05028	0.06428	0.01666	0.08009	0.04831	0.06079	0.02430	0.11444	0.06361	0.04962	0.03156	0.01378	0.00980	0.00734	0.00978	0.00188	0.28871	0.00480	0.00348	0.05647
7	0.03749	0.01503	0.08045	0.14151	0.10424	0.09571	0.06316	0.12930	0.01413	0.08509	0.01107	0.01351	0.00850	0.00702	0.02256	0.00194	0.13531	0.00481	0.00345	0.02573
8	0.01460	0.05937	0.01868	0.09826	0.26159	0.06530	0.05222	0.13420	0.03553	0.04283	0.01347	0.01643	0.04216	0.04104	0.02887	0.00207	0.05696	0.00532	0.00348	0.00762
9	0.01471	0.13303	0.07644	0.07638	0.03269	0.08156	0.01040	0.18750	0.06393	0.04152	0.03906	0.03334	0.04341	0.03379	0.06134	0.00224	0.02294	0.00535	0.00390	0.03647

[dist]
# distance from previous block
# <min> <max>
14	348

[block]
# block no. 5 follows, 43 sequences, length 54
# corresponding to MSA columns:
# 715-768
name=unknown_F
#
# <colnr> <probs for GDERKNQSTAVLIFYWHMCP>
#	G	D	E	R	K	N	Q	S	T	A	V	L	I	F	Y	W	H	M	C	P
0	0.12944	0.01561	0.05329	0.22169	0.08050	0.18703	0.03777	0.05181	0.02439	0.03790	0.00974	0.01248	0.00766	0.00605	0.00666	0.00177	0.10200	0.00440	0.00302	0.00681
1	0.10908	0.08775	0.22860	0.05275	0.01754	0.01251	0.01199	0.01574	0.01094	0.03818	0.00938	0.01149	0.00749	0.00558	0.00648	0.00153	0.12166	0.00383	0.00288	0.24460
2	0.05876	0.03302	0.10492	0.06546	0.01711	0.01300	0.01059	0.25492	0.04544	0.06250	0.01233	0.01444	0.00959	0.04040	0.04540	0.00211	0.05946	0.00469	0.00404	0.14182
3	0.08774	0.04688	0.01740	0.12357	0.01944	0.01379	0.13051	0.17109	0.06143	0.02022	0.01241	0.04264	0.01054	0.05239	0.05662	0.00249	0.11462	0.00562	0.00362	0.00695
4	0.01304	0.03555	0.01473	0.17321	0.04410	0.22512	0.03117	0.01521	0.01160	0.01384	0.01085	0.01552	0.00958	0.04796	0.20444	0.00364	0.07578	0.00484	0.00279	0.04705
5	0.05654	0.01371	0.05462	0.29633	0.21085	0.09544	0.01404	0.01640	0.03661	0.01620	0.00990	0.01330	0.00796	0.00580	0.00658	0.00175	0.08851	0.00459	0.00276	0.04810
6	0.01244	0.01263	0.01610	0.46486	0.04363	0.13590	0.03368	0.02808	0.01213	0.01501	0.04696	0.01498	0.00974	0.00642	0.00676	0.02421	0.06152	0.00491	0.00281	0.04724
7	0.01200	0.01076	0.01613	0.53760	0.03062	0.01287	0.01356	0.10187	0.01262	0.01693	0.00998	0.01398	0.00770	0.00596	0.00672	0.00178	0.08992	0.00475	0.00291	0.09134
8	0.12576	0.01444	0.01629	0.27931	0.09159	0.18725	0.05586	0.03191	0.01230	0.01659	0.00948	0.01267	0.00758	0.00653	0.02660	0.00188	0.04642	0.00439	0.00284	0.05030
9	0.24091	0.01125	0.01256	0.04482	0.16824	0.07416	0.00915	0.01675	0.05594	0.06553	0.18766	0.01921	0.01871	0.00679	0.00507	0.00165	0.00498	0.00551	0.00415	0.04696
10	0.09151	0.00935	0.01149	0.04747	0.01384	0.00871	0.00757	0.06734	0.02988	0.30049	0.16570	0.02041	0.01904	0.00696	0.00527	0.00154	0.00435	0.00570	0.00533	0.17805
11	0.05672	0.01231	0.05045	0.01071	0.01408	0.04928	0.02465	0.11935	0.09880	0.02107	0.13220	0.01837	0.03243	0.00713	0.00687	0.00158	0.10792	0.00542	0.00417	0.22649
12	0.01353	0.01250	0.02120	0.13781	0.46962	0.01337	0.07186	0.01664	0.01203	0.05418	0.01053	0.01399	0.00859	0.00574	0.00729	0.00180	0.11342	0.00507	0.00287	0.00796
13	0.00715	0.00511	0.00689	0.00817	0.00867	0.00484	0.00584	0.00840	0.01100	0.01459	0.03030	0.66597	0.03576	0.01697	0.00718	0.00230	0.00356	0.14758	0.00513	0.00461
14	0.02070	0.01534	0.01642	0.01267	0.01704	0.01701	0.01044	0.71680	0.06217	0.03433	0.01375	0.01366	0.00979	0.00669	0.00554	0.00167	0.00601	0.00505	0.00554	0.00939
15	0.01205	0.06800	0.66588	0.01609	0.05986	0.01314	0.01916	0.01789	0.01190	0.05133	0.01038	0.01197	0.00741	0.00529	0.00520	0.00172	0.00783	0.00414	0.00256	0.00821
16	0.01251	0.02669	0.69891	0.01518	0.02297	0.01238	0.01921	0.01850	0.01212	0.09462	0.01115	0.01242	0.00770	0.00542	0.00529	0.00175	0.00783	0.00424	0.00280	0.00831
17	0.01137	0.08452	0.72311	0.01533	0.02327	0.01351	0.01968	0.01747	0.01166	0.01722	0.00978	0.01149	0.00702	0.00522	0.00514	0.00171	0.00802	0.00401	0.00234	0.00811
18	0.01068	0.01010	0.01723	0.69146	0.09366	0.01221	0.03534	0.01430	0.01123	0.01455	0.01048	0.03580	0.00830	0.00578	0.00560	0.00184	0.00726	0.00526	0.00256	0.00635
19	0.02231	0.01061	0.07406	0.01016	0.01445	0.00823	0.00890	0.02471	0.01510	0.65347	0.02157	0.08004	0.01498	0.00755	0.00566	0.00176	0.00487	0.00625	0.00635	0.00894
20	0.02317	0.00977	0.03214	0.04852	0.01536	0.00834	0.00871	0.02546	0.01533	0.69183	0.02125	0.04539	0.01402	0.00711	0.00561	0.00174	0.00488	0.00585	0.00646	0.00906
21	0.01098	0.01038	0.01755	0.67050	0.15562	0.01244	0.01564	0.01461	0.01132	0.01478	0.00994	0.01460	0.00761	0.00544	0.00553	0.00181	0.00725	0.00492	0.00251	0.00657
22	0.00680	0.00484	0.00641	0.00764	0.00795	0.00453	0.00507	0.00773	0.01050	0.01400	0.02999	0.77055	0.03596	0.04946	0.00793	0.00238	0.00330	0.01543	0.00507	0.00445
23	0.01113	0.01069	0.01849	0.58375	0.15022	0.01254	0.06797	0.01471	0.01138	0.01500	0.01035	0.02916	0.00821	0.00571	0.00597	0.00184	0.02845	0.00524	0.00258	0.00662
24	0.01168	0.02463	0.55877	0.01800	0.02543	0.01320	0.23433	0.01760	0.01210	0.01760	0.01031	0.01264	0.00742	0.00509	0.00563	0.00179	0.00852	0.00481	0.00247	0.00798
25	0.00892	0.00637	0.00892	0.01020	0.01147	0.00637	0.00892	0.01147	0.01275	0.01657	0.02932	0.06247	0.03187	0.01530	0.00765	0.00255	0.00510	0.73354	0.00510	0.00510
26	0.01293	0.01592	0.08576	0.02280	0.02859	0.01392	0.69860	0.01773	0.01297	0.01773	0.01111	0.01471	0.00830	0.00471	0.00645	0.00186	0.00925	0.00636	0.00277	0.00752
27	0.01136	0.00813	0.04418	0.07952	0.03721	0.00729	0.02385	0.01387	0.01304	0.13954	0.12418	0.18633	0.03985	0.01194	0.00665	0.00210	0.00477	0.23505	0.00505	0.00608
28	0.01622	0.65682	0.02626	0.01010	0.01457	0.11631	0.00954	0.01798	0.01212	0.06446	0.00876	0.00969	0.00756	0.00500	0.00387	0.00125	0.00635	0.00321	0.00273	0.00718
29	0.02428	0.00930	0.01267	0.00976	0.01394	0.00804	0.00804	0.02644	0.01585	0.74971	0.04658	0.01960	0.01499	0.00700	0.00560	0.00171	0.00464	0.00572	0.00683	0.00929
30	0.01130	0.06963	0.73739	0.01545	0.02346	0.01334	0.01989	0.01749	0.01167	0.01730	0.00982	0.01155	0.00702	0.00523	0.00517	0.00172	0.00807	0.00403	0.00234	0.00813
31	0.00781	0.00591	0.00792	0.04678	0.02824	0.00574	0.00614	0.01016	0.03779	0.01778	0.31598	0.36319	0.07824	0.01357	0.00669	0.00199	0.00334	0.03226	0.00534	0.00513
32	0.01197	0.01190	0.01669	0.01435	0.01438	0.01662	0.01194	0.01321	0.00850	0.01331	0.00753	0.01245	0.00750	0.01079	0.04449	0.00265	0.76839	0.00488	0.00244	0.00602
33	0.01111	0.02865	0.77667	0.01579	0.02397	0.01286	0.02046	0.01754	0.01169	0.01754	0.00994	0.01169	0.00702	0.00526	0.00526	0.00175	0.00818	0.00409	0.00234	0.00818
34	0.03173	0.02765	0.69588	0.01576	0.02348	0.05084	0.04395	0.01774	0.01188	0.01753	0.00986	0.01165	0.00704	0.00526	0.00525	0.00174	0.00822	0.00412	0.00241	0.00802
35	0.01307	0.01494	0.03268	0.02334	0.02894	0.01401	0.75070	0.01774	0.01307	0.01774	0.01120	0.01494	0.00840	0.00467	0.00654	0.00187	0.00934	0.00654	0.00280	0.00747
36	0.01046	0.00984	0.01661	0.79205	0.03814	0.01230	0.01538	0.01415	0.01107	0.01415	0.00984	0.01477	0.00738	0.00554	0.00554	0.00185	0.00738	0.00492	0.00246	0.00615
37	0.00965	0.00498	0.00753	0.03323	0.00824	0.00506	0.00516	0.00744	0.00734	0.00977	0.00963	0.01677	0.00955	0.01879	0.02111	0.81112	0.00490	0.00481	0.00241	0.00253
38	0.01366	0.01306	0.02230	0.10153	0.60165	0.01332	0.07262	0.04739	0.02681	0.01849	0.01077	0.01401	0.00879	0.00509	0.00557	0.00169	0.00680	0.00508	0.00289	0.00846
39	0.01046	0.00984	0.01661	0.79205	0.03814	0.01230	0.01538	0.01415	0.01107	0.01415	0.00984	0.01477	0.00738	0.00554	0.00554	0.00185	0.00738	0.00492	0.00246	0.00615
40	0.00671	0.00496	0.00628	0.00734	0.00794	0.00453	0.00498	0.00775	0.01096	0.01428	0.03499	0.67097	0.16452	0.01677	0.00698	0.00218	0.00314	0.01504	0.00514	0.00453
41	0.01333	0.01280	0.02167	0.10308	0.66585	0.01327	0.01661	0.01655	0.01227	0.01749	0.01021	0.01373	0.00857	0.00522	0.00611	0.00170	0.04551	0.00493	0.00270	0.00840
42	0.01372	0.01361	0.02205	0.10674	0.62318	0.05319	0.05271	0.01702	0.01264	0.01745	0.01030	0.01368	0.00853	0.00502	0.00551	0.00166	0.00697	0.00494	0.00272	0.00833
43	0.02485	0.00943	0.01285	0.00985	0.01414	0.00814	0.00814	0.02699	0.01585	0.77465	0.02185	0.01885	0.01371	0.00685	0.00557	0.00171	0.00471	0.00557	0.00685	0.00943
44	0.01717	0.17441	0.30481	0.01241	0.01828	0.01386	0.01338	0.12041	0.01477	0.23841	0.01341	0.01343	0.00930	0.00581	0.00505	0.00162	0.00645	0.00442	0.00409	0.00850
45	0.01294	0.27234	0.50510	0.01352	0.02043	0.01547	0.01642	0.01770	0.01176	0.05290	0.00982	0.01116	0.00737	0.00517	0.00474	0.00157	0.00731	0.00381	0.00257	0.00791
46	0.01698	0.30825	0.03941	0.01391	0.11430	0.09976	0.01064	0.10644	0.08485	0.11614	0.03103	0.01343	0.01050	0.00581	0.00477	0.00149	0.00614	0.00438	0.00382	0.00796
47	0.01481	0.80869	0.02902	0.00948	0.01421	0.02191	0.00948	0.01658	0.01125	0.01303	0.00770	0.00888	0.00711	0.00474	0.00355	0.00118	0.00592	0.00296	0.00237	0.00711
48	0.02364	0.00916	0.01247	0.00965	0.01372	0.00793	0.00793	0.02581	0.01584	0.72115	0.07489	0.02045	0.01645	0.00717	0.00564	0.00172	0.00456	0.00589	0.00680	0.00913
49	0.01146	0.01099	0.01952	0.23363	0.25192	0.01157	0.15159	0.01474	0.01238	0.01704	0.11917	0.04670	0.01551	0.00689	0.00669	0.02085	0.03285	0.00634	0.00322	0.00691
50	0.01111	0.02865	0.77667	0.01579	0.02397	0.01286	0.02046	0.01754	0.01169	0.01754	0.00994	0.01169	0.00702	0.00526	0.00526	0.00175	0.00818	0.00409	0.00234	0.00818
51	0.02104	0.03255	0.07641	0.00991	0.01421	0.00871	0.00879	0.04135	0.01529	0.57592	0.04262	0.02192	0.09073	0.00750	0.00561	0.00172	0.00482	0.00610	0.00613	0.00867
52	0.01558	0.06717	0.01443	0.03946	0.08798	0.05660	0.00938	0.12556	0.16462	0.14409	0.15693	0.03836	0.02035	0.00779	0.00566	0.00172	0.00510	0.02633	0.00510	0.00777
53	0.01285	0.01165	0.01906	0.18942	0.10924	0.01309	0.15645	0.04714	0.08250	0.05456	0.02946	0.05185	0.01196	0.00730	0.00829	0.00196	0.15673	0.02590	0.00346	0.00711

[dist]
# distance from previous block
# <min> <max>
0	3

[block]
# block no. 6 follows, 43 sequences, length 21
# corresponding to MSA columns:
# 772-792
name=unknown_G
#
# <colnr> <probs for GDERKNQSTAVLIFYWHMCP>
#	G	D	E	R	K	N	Q	S	T	A	V	L	I	F	Y	W	H	M	C	P
0	0.18001	0.01632	0.01477	0.04755	0.13418	0.25778	0.01042	0.10629	0.01477	0.07889	0.04171	0.01304	0.00986	0.00593	0.00519	0.00160	0.02232	0.00434	0.00370	0.03133
1	0.05609	0.10684	0.01716	0.01316	0.06032	0.10837	0.10904	0.13220	0.02865	0.06396	0.12155	0.04062	0.07192	0.00743	0.00552	0.00165	0.00596	0.01748	0.00424	0.02785
2	0.01622	0.01200	0.01450	0.05231	0.10443	0.01276	0.00982	0.36954	0.03780	0.06317	0.01529	0.06487	0.01325	0.11517	0.00867	0.00219	0.00570	0.02566	0.00468	0.05197
3	0.26071	0.01166	0.01407	0.12998	0.08508	0.01298	0.04256	0.20518	0.04885	0.02407	0.05324	0.04657	0.01227	0.00671	0.00512	0.00177	0.00553	0.02234	0.00409	0.00722
4	0.70367	0.01281	0.00948	0.00840	0.01181	0.10354	0.00679	0.05603	0.01105	0.02405	0.00811	0.00934	0.00631	0.00529	0.00372	0.00168	0.00505	0.00317	0.00347	0.00623
5	0.01239	0.01398	0.10844	0.36466	0.31601	0.03546	0.01632	0.03724	0.01230	0.01664	0.01014	0.01382	0.00792	0.00531	0.00547	0.00174	0.00721	0.00479	0.00265	0.00750
6	0.01919	0.04425	0.01792	0.01480	0.01817	0.54168	0.09774	0.11658	0.01636	0.01680	0.00971	0.01142	0.00784	0.00705	0.03495	0.00179	0.00948	0.00418	0.00319	0.00690
7	0.00805	0.00537	0.00604	0.00604	0.00604	0.00537	0.00336	0.00805	0.00805	0.01074	0.01745	0.03624	0.02013	0.80536	0.02819	0.00537	0.00537	0.00805	0.00336	0.00336
8	0.00672	0.00491	0.00633	0.00746	0.00797	0.00452	0.00503	0.00774	0.01084	0.01423	0.03354	0.71351	0.12292	0.01696	0.00701	0.00220	0.00317	0.01527	0.00514	0.00452
9	0.01524	0.54586	0.15088	0.01082	0.01584	0.01854	0.01127	0.01781	0.01173	0.10359	0.00972	0.01068	0.00788	0.00532	0.00479	0.00140	0.04466	0.00355	0.00290	0.00751
10	0.01866	0.25402	0.12678	0.01092	0.01581	0.01411	0.01053	0.07674	0.07667	0.31929	0.01530	0.01456	0.01071	0.00603	0.00492	0.00157	0.00565	0.00459	0.00466	0.00849
11	0.01874	0.01229	0.11558	0.01074	0.01500	0.00990	0.00970	0.02482	0.19828	0.41987	0.08761	0.02036	0.01706	0.00720	0.00563	0.00176	0.00491	0.00594	0.00588	0.00872
12	0.01405	0.01596	0.02825	0.02313	0.12695	0.11005	0.51550	0.01793	0.01307	0.01701	0.01054	0.01399	0.00823	0.00513	0.00689	0.00182	0.05547	0.00585	0.00278	0.00743
13	0.01318	0.01243	0.02060	0.20241	0.55500	0.01310	0.01612	0.03671	0.04353	0.01787	0.01087	0.01422	0.00881	0.00522	0.00550	0.00170	0.00666	0.00499	0.00287	0.00820
14	0.01973	0.04523	0.01709	0.09274	0.01922	0.01686	0.01099	0.64835	0.02394	0.03193	0.01273	0.01328	0.00912	0.00646	0.00546	0.00166	0.00622	0.00490	0.00510	0.00899
15	0.00767	0.00577	0.00717	0.00715	0.00860	0.00527	0.00558	0.00994	0.01434	0.01926	0.44658	0.04825	0.24506	0.01274	0.00673	0.00192	0.00309	0.13417	0.00566	0.00505
16	0.00795	0.00578	0.00814	0.00814	0.00886	0.00651	0.00597	0.00940	0.00867	0.01229	0.01553	0.02564	0.01553	0.24603	0.58123	0.00796	0.01230	0.00650	0.00307	0.00452
