[name]
unknown

[dist]
# distance from previous block
# <min> <max>
1	172

[block]
# block no. 0 follows, 43 sequences, length 6
# corresponding to MSA columns:
# 203-208
name=unknown_A
#
# <colnr> <probs for GDERKNQSTAVLIFYWHMCP>
#	G	D	E	R	K	N	Q	S	T	A	V	L	I	F	Y	W	H	M	C	P
0	0.08300	0.18529	0.05027	0.00940	0.01275	0.03212	0.00812	0.05853	0.05429	0.06220	0.05863	0.09091	0.04425	0.06132	0.00710	0.00181	0.04439	0.00592	0.00389	0.12580
1	0.12428	0.01095	0.04513	0.02879	0.01360	0.01060	0.00819	0.22432	0.03434	0.10727	0.07402	0.16250	0.05746	0.00893	0.00556	0.00175	0.00469	0.00736	0.00498	0.06527
2	0.01590	0.07117	0.06040	0.03997	0.10959	0.28214	0.01083	0.08877	0.06502	0.01816	0.03314	0.01456	0.03009	0.00603	0.00502	0.00149	0.00696	0.00457	0.06450	0.07169
3	0.01383	0.09085	0.01752	0.01322	0.01503	0.05492	0.06758	0.05275	0.06610	0.06670	0.01180	0.05139	0.01074	0.05731	0.01284	0.00225	0.37959	0.00559	0.00334	0.00664
4	0.22662	0.01637	0.20006	0.05320	0.01759	0.06397	0.04389	0.10339	0.01328	0.06058	0.01083	0.01228	0.00804	0.00545	0.00469	0.00159	0.00613	0.00409	0.05457	0.09337
5	0.23027	0.15245	0.11344	0.03343	0.07057	0.01315	0.04691	0.05850	0.01236	0.04559	0.09715	0.01542	0.01307	0.00875	0.06530	0.00219	0.00632	0.00474	0.00350	0.00690

[dist]
# distance from previous block
# <min> <max>
6	15

[block]
# block no. 1 follows, 43 sequences, length 35
# corresponding to MSA columns:
# 225-259
name=unknown_B
#
# <colnr> <probs for GDERKNQSTAVLIFYWHMCP>
#	G	D	E	R	K	N	Q	S	T	A	V	L	I	F	Y	W	H	M	C	P
0	0.01826	0.05544	0.07449	0.01184	0.01587	0.11087	0.01014	0.33966	0.09451	0.09985	0.01430	0.01547	0.01081	0.05621	0.00670	0.00185	0.00624	0.00499	0.03073	0.02178
1	0.06247	0.13094	0.22547	0.04849	0.08014	0.02635	0.01246	0.06044	0.05949	0.06355	0.02469	0.01440	0.03625	0.00573	0.00489	0.00153	0.00605	0.00448	0.00341	0.12876
2	0.02728	0.09689	0.60016	0.01672	0.09256	0.03859	0.01857	0.01753	0.01183	0.01719	0.00970	0.01152	0.00717	0.00520	0.00509	0.00168	0.00782	0.00403	0.00242	0.00805
3	0.01136	0.05125	0.70168	0.01613	0.02403	0.01322	0.07155	0.01752	0.01178	0.01742	0.00996	0.01184	0.00712	0.00520	0.00530	0.00174	0.00820	0.00423	0.00237	0.00810
4	0.04808	0.00617	0.00755	0.00746	0.00898	0.00586	0.00576	0.01114	0.03322	0.03962	0.41418	0.11516	0.15514	0.01233	0.00654	0.00192	0.00321	0.10679	0.00561	0.00529
5	0.03788	0.01054	0.01731	0.47633	0.25821	0.01199	0.01475	0.01461	0.01156	0.01574	0.01291	0.03308	0.04993	0.00606	0.00554	0.00179	0.00670	0.00546	0.00278	0.00683
6	0.27507	0.03874	0.01446	0.09055	0.01732	0.06698	0.02522	0.32545	0.03633	0.04392	0.01110	0.01210	0.00819	0.00593	0.00481	0.00168	0.00592	0.00428	0.00426	0.00769
7	0.00827	0.00680	0.00733	0.00699	0.00898	0.00645	0.00535	0.03136	0.11965	0.01813	0.19028	0.04549	0.48069	0.01241	0.00642	0.00186	0.00314	0.02950	0.00541	0.00550
8	0.00693	0.00522	0.00646	0.00737	0.00825	0.00476	0.00528	0.00819	0.01143	0.01465	0.03791	0.50125	0.25106	0.01615	0.00698	0.00217	0.00330	0.09291	0.00514	0.00462
9	0.03430	0.02533	0.60957	0.01717	0.04877	0.01295	0.12699	0.01767	0.01193	0.02986	0.01027	0.01228	0.00736	0.00519	0.00541	0.00177	0.00814	0.00447	0.00252	0.00806
10	0.01052	0.03408	0.00886	0.00743	0.00938	0.00636	0.00577	0.01322	0.03283	0.12912	0.54099	0.03780	0.12079	0.01065	0.00627	0.00174	0.00309	0.00922	0.00596	0.00592
11	0.00826	0.00661	0.00735	0.00720	0.00910	0.00620	0.00565	0.04711	0.06045	0.01783	0.15958	0.04874	0.46472	0.01302	0.00660	0.00194	0.00337	0.11562	0.00534	0.00531
12	0.02468	0.00970	0.01302	0.00998	0.01427	0.00855	0.00825	0.05966	0.01631	0.74133	0.02146	0.01860	0.01352	0.00685	0.00557	0.00171	0.00477	0.00554	0.00680	0.00942
13	0.02169	0.07499	0.05844	0.01138	0.01598	0.01330	0.00995	0.33334	0.01958	0.35952	0.01646	0.01532	0.01100	0.00651	0.00538	0.00165	0.00559	0.00504	0.00570	0.00917
14	0.01469	0.01302	0.01300	0.01155	0.01476	0.06068	0.00900	0.07837	0.66542	0.02339	0.02106	0.01951	0.01580	0.00735	0.00559	0.00184	0.00484	0.00601	0.00546	0.00867
15	0.84448	0.01071	0.00814	0.00728	0.01071	0.01242	0.00600	0.01628	0.00943	0.02485	0.00771	0.00900	0.00600	0.00514	0.00343	0.00171	0.00428	0.00300	0.00343	0.00600
16	0.01376	0.01365	0.02121	0.13516	0.61834	0.06754	0.01633	0.01697	0.01262	0.01724	0.01021	0.01359	0.00847	0.00507	0.00546	0.00166	0.00693	0.00484	0.00271	0.00825
17	0.00802	0.00550	0.00669	0.00669	0.00691	0.00572	0.00417	0.00847	0.00825	0.01122	0.01686	0.03296	0.01871	0.63205	0.19955	0.00617	0.00752	0.00757	0.00327	0.00372
18	0.00967	0.00500	0.00747	0.03425	0.00826	0.00508	0.00514	0.00764	0.00749	0.01014	0.00991	0.01689	0.00969	0.01835	0.02050	0.78238	0.00483	0.00483	0.02986	0.00263
19	0.01219	0.01289	0.04008	0.01552	0.01635	0.01653	0.09148	0.01392	0.00906	0.01392	0.00777	0.01241	0.00738	0.00903	0.01656	0.00234	0.68883	0.00501	0.00246	0.00627
20	0.01511	0.72815	0.05203	0.01002	0.01473	0.07568	0.00992	0.01701	0.01158	0.01321	0.00783	0.00905	0.00711	0.00482	0.00371	0.00122	0.00628	0.00304	0.00240	0.00709
21	0.00962	0.00481	0.00722	0.00722	0.00722	0.00481	0.00481	0.00722	0.00722	0.00962	0.00962	0.01684	0.00962	0.01924	0.02165	0.83886	0.00481	0.00481	0.00241	0.00241
22	0.03310	0.45754	0.17419	0.03559	0.01798	0.03138	0.05806	0.09033	0.01292	0.01671	0.00911	0.01066	0.00749	0.00567	0.01694	0.00155	0.00682	0.00373	0.00275	0.00747
23	0.01246	0.01298	0.06637	0.02223	0.37358	0.05335	0.05885	0.01653	0.08369	0.01711	0.02678	0.04225	0.02965	0.11316	0.00874	0.00224	0.00636	0.04296	0.00337	0.00736
24	0.00675	0.00482	0.00643	0.00771	0.00803	0.00450	0.00514	0.00771	0.01060	0.01414	0.03053	0.80175	0.03663	0.01735	0.00707	0.00225	0.00321	0.01574	0.00514	0.00450
25	0.01332	0.01276	0.02178	0.12435	0.68348	0.01306	0.01680	0.01666	0.01243	0.01762	0.01035	0.01383	0.00861	0.00501	0.00549	0.00167	0.00668	0.00493	0.00271	0.00846
26	0.22938	0.01390	0.01411	0.06884	0.04097	0.06934	0.00989	0.36539	0.01816	0.02694	0.01200	0.01511	0.00955	0.00669	0.00549	0.00175	0.03063	0.04981	0.00437	0.00770
27	0.00843	0.00629	0.00840	0.00964	0.03026	0.00624	0.00736	0.01125	0.06294	0.01635	0.06414	0.33129	0.06316	0.01502	0.00714	0.00230	0.00418	0.33525	0.00514	0.00521
28	0.00674	0.00486	0.00639	0.00761	0.00801	0.00451	0.00510	0.00772	0.01070	0.01418	0.03171	0.76704	0.07057	0.01720	0.00704	0.00223	0.00319	0.01556	0.00514	0.00451
29	0.01955	0.01425	0.01531	0.01198	0.01598	0.01569	0.00980	0.66300	0.02424	0.03281	0.01459	0.05953	0.01130	0.00726	0.00552	0.00167	0.00571	0.00562	0.05732	0.00887
30	0.00859	0.00600	0.00715	0.00713	0.00756	0.00624	0.00463	0.02925	0.03334	0.01292	0.01997	0.15708	0.04360	0.47508	0.06936	0.04100	0.03096	0.00881	0.02722	0.00412
31	0.01172	0.01152	0.02180	0.13675	0.02302	0.01251	0.33309	0.01419	0.01067	0.01470	0.01000	0.01486	0.00838	0.00942	0.03201	0.15248	0.16867	0.00562	0.00260	0.00600
32	0.00683	0.00488	0.00652	0.00780	0.00816	0.00457	0.00528	0.00785	0.01068	0.01422	0.03048	0.77546	0.03646	0.01728	0.00709	0.00226	0.00328	0.04127	0.00514	0.00452
33	0.01351	0.01279	0.02128	0.03156	0.69122	0.01291	0.01614	0.01754	0.05929	0.01835	0.01198	0.01622	0.01027	0.00554	0.00558	0.00170	0.00638	0.03612	0.00302	0.00862
34	0.01273	0.01392	0.02909	0.02404	0.15314	0.01319	0.57346	0.01690	0.01282	0.01754	0.01244	0.07060	0.01047	0.00561	0.00640	0.00186	0.00844	0.00692	0.00296	0.00748

[dist]
# distance from previous block
# <min> <max>
0	14

[block]
# block no. 2 follows, 43 sequences, length 12
# corresponding to MSA columns:
# 274-285
name=unknown_C
#
# <colnr> <probs for GDERKNQSTAVLIFYWHMCP>
#	G	D	E	R	K	N	Q	S	T	A	V	L	I	F	Y	W	H	M	C	P
0	0.00777	0.00566	0.00731	0.00690	0.00823	0.00520	0.00517	0.01033	0.01552	0.02185	0.73214	0.04197	0.08824	0.01146	0.00653	0.00175	0.00262	0.01010	0.00605	0.00520
1	0.00679	0.00491	0.00643	0.00755	0.00801	0.00455	0.00509	0.00787	0.01098	0.01461	0.07053	0.71981	0.07869	0.01685	0.00701	0.00220	0.00316	0.01522	0.00519	0.00455
2	0.06177	0.08229	0.01863	0.01297	0.01751	0.01435	0.12051	0.33879	0.01913	0.23654	0.01461	0.01450	0.01009	0.00617	0.00542	0.00167	0.00609	0.00511	0.00512	0.00876
3	0.01145	0.10012	0.70816	0.01521	0.02308	0.01369	0.01946	0.01745	0.01165	0.01713	0.00973	0.01144	0.00702	0.00521	0.00511	0.00170	0.00798	0.00399	0.00234	0.00809
4	0.00793	0.00585	0.00847	0.00847	0.00931	0.00669	0.00639	0.00961	0.00877	0.01254	0.01523	0.02393	0.01479	0.15605	0.67019	0.00837	0.01342	0.00625	0.00303	0.00471
5	0.01279	0.01077	0.01277	0.00970	0.01355	0.01014	0.00780	0.12107	0.01297	0.01941	0.01036	0.01316	0.00887	0.04778	0.00770	0.00142	0.12307	0.00402	0.00349	0.54917
6	0.01183	0.07125	0.57788	0.01857	0.13565	0.01350	0.06045	0.01741	0.01188	0.01737	0.00995	0.01201	0.00736	0.00515	0.00527	0.00171	0.00788	0.00429	0.00243	0.00817
7	0.06758	0.01043	0.01547	0.01173	0.01601	0.00956	0.11931	0.06107	0.01559	0.54191	0.05858	0.01863	0.01431	0.00666	0.00564	0.00174	0.00534	0.00578	0.00595	0.00872
8	0.01311	0.01525	0.10567	0.08400	0.29892	0.01360	0.29729	0.03738	0.02775	0.01805	0.01087	0.01413	0.00848	0.00512	0.00617	0.00178	0.02614	0.00548	0.00283	0.00797
9	0.01044	0.00807	0.01000	0.01075	0.03328	0.04784	0.00866	0.03872	0.03880	0.03857	0.05820	0.05967	0.03865	0.01746	0.12347	0.00329	0.00667	0.43709	0.00473	0.00564
10	0.05279	0.03364	0.01212	0.00972	0.01311	0.01096	0.00775	0.09243	0.28049	0.12313	0.15955	0.02137	0.02035	0.00736	0.00539	0.00162	0.00426	0.00606	0.00533	0.13257
11	0.04604	0.13179	0.13027	0.01162	0.01602	0.06661	0.03211	0.22237	0.09744	0.04839	0.01902	0.01899	0.12168	0.00718	0.00528	0.00165	0.00596	0.00558	0.00425	0.00774

[dist]
# distance from previous block
# <min> <max>
2	13

[block]
# block no. 3 follows, 43 sequences, length 70
# corresponding to MSA columns:
# 300-361,363-370
name=unknown_D
#
# <colnr> <probs for GDERKNQSTAVLIFYWHMCP>
#	G	D	E	R	K	N	Q	S	T	A	V	L	I	F	Y	W	H	M	C	P
0	0.03985	0.02717	0.71587	0.03438	0.02366	0.01274	0.01959	0.01761	0.01169	0.03350	0.01011	0.01183	0.00713	0.00530	0.00521	0.00175	0.00796	0.00411	0.00247	0.00809
1	0.01581	0.01249	0.01345	0.01144	0.01497	0.01394	0.00912	0.21996	0.48014	0.05149	0.01971	0.01966	0.01492	0.00737	0.00561	0.00179	0.00486	0.03075	0.00553	0.04700
2	0.00835	0.00647	0.00871	0.00862	0.00935	0.02212	0.00641	0.00981	0.00890	0.01249	0.01553	0.05535	0.01566	0.20322	0.53661	0.00741	0.05053	0.00668	0.00311	0.00467
3	0.01542	0.01198	0.03505	0.01082	0.01508	0.01110	0.04727	0.26244	0.04234	0.08889	0.04216	0.06342	0.03719	0.00675	0.00527	0.00145	0.00507	0.00561	0.00465	0.28806
4	0.01198	0.13713	0.54097	0.01620	0.02345	0.01435	0.14595	0.01744	0.01187	0.01693	0.00984	0.01186	0.00727	0.00508	0.00524	0.00169	0.00806	0.00436	0.00242	0.00791
5	0.00693	0.00495	0.00664	0.00792	0.00833	0.00466	0.00546	0.00803	0.01079	0.01435	0.03042	0.73875	0.03622	0.01718	0.00712	0.00227	0.00337	0.07691	0.00514	0.00455
6	0.00918	0.00598	0.00784	0.00739	0.00883	0.00554	0.00563	0.01158	0.01495	0.07542	0.60293	0.04121	0.04567	0.06220	0.00794	0.00204	0.00315	0.07122	0.00589	0.00540
7	0.03106	0.01560	0.08372	0.05299	0.42019	0.09071	0.01465	0.11241	0.04434	0.04585	0.01236	0.01438	0.02559	0.00565	0.00542	0.00166	0.00675	0.00492	0.00339	0.00835
8	0.01115	0.01043	0.01773	0.65669	0.07976	0.01246	0.05951	0.03960	0.01171	0.01521	0.01007	0.01471	0.00765	0.00579	0.00595	0.02019	0.00735	0.00502	0.00260	0.00642
9	0.00675	0.00482	0.00643	0.00771	0.00803	0.00450	0.00514	0.00771	0.01060	0.01414	0.03053	0.80175	0.03663	0.01735	0.00707	0.00225	0.00321	0.01574	0.00514	0.00450
10	0.01506	0.58569	0.05058	0.01020	0.01452	0.11618	0.00968	0.04378	0.01275	0.01483	0.07287	0.01205	0.01104	0.00551	0.00412	0.00130	0.00624	0.00375	0.00286	0.00698
11	0.03327	0.25210	0.43763	0.01432	0.02088	0.05706	0.07864	0.01750	0.01184	0.01622	0.00927	0.01100	0.00714	0.00508	0.00482	0.00158	0.00763	0.00392	0.00244	0.00766
12	0.02230	0.04110	0.09215	0.01076	0.01526	0.07508	0.00960	0.02482	0.01524	0.58617	0.03752	0.01756	0.01318	0.00663	0.00544	0.00168	0.00551	0.00526	0.00587	0.00886
13	0.00675	0.00482	0.00643	0.00771	0.00803	0.00450	0.00514	0.00771	0.01060	0.01414	0.03053	0.80175	0.03663	0.01735	0.00707	0.00225	0.00321	0.01574	0.00514	0.00450
14	0.01121	0.07869	0.03113	0.03210	0.01256	0.10567	0.00837	0.02939	0.05569	0.01462	0.01855	0.33470	0.02034	0.03901	0.00956	0.03283	0.14696	0.00914	0.00387	0.00562
15	0.06328	0.01373	0.01512	0.13754	0.01931	0.05174	0.01048	0.45256	0.02051	0.09217	0.01322	0.01405	0.00945	0.00635	0.00530	0.00167	0.00607	0.00486	0.05430	0.00831
16	0.00805	0.00539	0.00612	0.00612	0.00615	0.00541	0.00346	0.00811	0.00808	0.01080	0.01738	0.03583	0.01996	0.78385	0.04946	0.00547	0.00564	0.00799	0.00334	0.00340
17	0.01174	0.15945	0.10738	0.00948	0.01292	0.02994	0.00874	0.01675	0.14785	0.06401	0.19444	0.02838	0.15365	0.00882	0.00559	0.00170	0.00463	0.02313	0.00464	0.00676
18	0.01205	0.22793	0.58566	0.01417	0.02148	0.01517	0.01766	0.01730	0.01158	0.01639	0.00937	0.01098	0.00704	0.00513	0.00483	0.00161	0.00761	0.00380	0.00235	0.00791
19	0.84448	0.01071	0.00814	0.00728	0.01071	0.01242	0.00600	0.01628	0.00943	0.02485	0.00771	0.00900	0.00600	0.00514	0.00343	0.00171	0.00428	0.00300	0.00343	0.00600
20	0.01262	0.00981	0.01160	0.00834	0.01321	0.00745	0.00670	0.01506	0.01186	0.08252	0.01087	0.01211	0.00867	0.00434	0.00423	0.00090	0.00415	0.00348	0.00359	0.76851
21	0.01148	0.00984	0.01148	0.00820	0.01312	0.00738	0.00656	0.01395	0.01148	0.01805	0.00984	0.01148	0.00820	0.00410	0.00410	0.00082	0.00410	0.00328	0.00328	0.83922
22	0.00805	0.00537	0.00604	0.00604	0.00604	0.00537	0.00336	0.00805	0.00805	0.01074	0.01745	0.03624	0.02013	0.80536	0.02819	0.00537	0.00537	0.00805	0.00336	0.00336
23	0.01378	0.01190	0.01252	0.01127	0.01440	0.01378	0.00877	0.02943	0.76081	0.02317	0.02254	0.02066	0.01691	0.00751	0.00564	0.00188	0.00438	0.00626	0.00564	0.00877
24	0.00794	0.00666	0.00722	0.00827	0.00881	0.07085	0.00561	0.00894	0.01104	0.01409	0.02865	0.73428	0.03412	0.01636	0.00689	0.00218	0.00379	0.01471	0.00495	0.00466
25	0.01307	0.01494	0.03268	0.02334	0.02894	0.01401	0.75070	0.01774	0.01307	0.01774	0.01120	0.01494	0.00840	0.00467	0.00654	0.00187	0.00934	0.00654	0.00280	0.00747
26	0.01046	0.00984	0.01661	0.79205	0.03814	0.01230	0.01538	0.01415	0.01107	0.01415	0.00984	0.01477	0.00738	0.00554	0.00554	0.00185	0.00738	0.00492	0.00246	0.00615
27	0.00678	0.00492	0.00640	0.00750	0.00800	0.00454	0.00507	0.00785	0.01099	0.01455	0.06407	0.70675	0.09853	0.01682	0.00700	0.00220	0.00315	0.01516	0.00518	0.00454
28	0.01102	0.00584	0.00591	0.00566	0.00715	0.00595	0.00431	0.06117	0.01256	0.02158	0.01776	0.02017	0.01388	0.00647	0.00398	0.00131	0.00281	0.00515	0.78190	0.00544
29	0.01111	0.02865	0.77667	0.01579	0.02397	0.01286	0.02046	0.01754	0.01169	0.01754	0.00994	0.01169	0.00702	0.00526	0.00526	0.00175	0.00818	0.00409	0.00234	0.00818
30	0.00655	0.00561	0.00561	0.00561	0.00748	0.00468	0.00421	0.00795	0.01262	0.01496	0.05610	0.05330	0.76857	0.01403	0.00655	0.00187	0.00281	0.01169	0.00514	0.00468
31	0.00674	0.00486	0.00638	0.00760	0.00800	0.00451	0.00509	0.00772	0.01071	0.01418	0.03192	0.76085	0.07663	0.01717	0.00704	0.00223	0.00319	0.01552	0.00514	0.00451
32	0.00675	0.00482	0.00643	0.00771	0.00803	0.00450	0.00514	0.00771	0.01060	0.01414	0.03053	0.80175	0.03663	0.01735	0.00707	0.00225	0.00321	0.01574	0.00514	0.00450
33	0.01787	0.33382	0.04080	0.01043	0.01460	0.09482	0.00932	0.13923	0.03340	0.16582	0.01276	0.01302	0.00961	0.00579	0.00454	0.00143	0.00587	0.00416	0.07493	0.00777
34	0.04323	0.00960	0.01227	0.00924	0.01371	0.00801	0.00756	0.02243	0.01425	0.50647	0.01753	0.01617	0.01170	0.00591	0.00503	0.00142	0.00450	0.00475	0.00559	0.28063
35	0.01204	0.01155	0.02013	0.39232	0.34672	0.01264	0.07475	0.01562	0.01190	0.01625	0.01038	0.01446	0.00820	0.00523	0.00556	0.00175	0.00709	0.00506	0.02101	0.00734
36	0.16414	0.08297	0.01583	0.04619	0.01644	0.10863	0.00983	0.36765	0.06434	0.02626	0.01146	0.01224	0.00863	0.00622	0.00541	0.00165	0.03548	0.00436	0.00433	0.00795
37	0.00896	0.00763	0.00790	0.00753	0.00970	0.00766	0.00569	0.01495	0.25625	0.01745	0.04297	0.06434	0.47398	0.04138	0.00707	0.00201	0.00343	0.00991	0.00524	0.00595
38	0.00791	0.00593	0.00890	0.00890	0.00989	0.00692	0.00692	0.00989	0.00890	0.01286	0.01483	0.02176	0.01385	0.04154	0.78341	0.00890	0.01483	0.00593	0.00297	0.00494
39	0.01366	0.01220	0.01269	0.02722	0.01467	0.07569	0.00790	0.09838	0.13266	0.02025	0.01213	0.01309	0.00961	0.00509	0.00461	0.00116	0.00494	0.00400	0.00385	0.52619
40	0.01731	0.01917	0.01843	0.03703	0.32963	0.36542	0.01329	0.08121	0.01503	0.01723	0.00991	0.01219	0.00818	0.00635	0.02459	0.00173	0.00832	0.00434	0.00303	0.00761
41	0.00675	0.00482	0.00643	0.00771	0.00803	0.00450	0.00514	0.00771	0.01060	0.01414	0.03053	0.80175	0.03663	0.01735	0.00707	0.00225	0.00321	0.01574	0.00514	0.00450
42	0.01994	0.08277	0.01736	0.01223	0.01668	0.01707	0.01022	0.64089	0.04068	0.03203	0.01288	0.01301	0.00934	0.00639	0.00531	0.00159	0.00595	0.00477	0.00517	0.04571
43	0.01359	0.01304	0.02227	0.06088	0.74483	0.01313	0.01694	0.01690	0.01256	0.01795	0.01040	0.01374	0.00872	0.00496	0.00548	0.00165	0.00661	0.00493	0.00273	0.00868
44	0.00675	0.00482	0.00643	0.00771	0.00803	0.00450	0.00514	0.00771	0.01060	0.01414	0.03053	0.80175	0.03663	0.01735	0.00707	0.00225	0.00321	0.01574	0.00514	0.00450
45	0.02411	0.00945	0.01275	0.00983	0.01400	0.00828	0.00810	0.04650	0.01613	0.72620	0.04931	0.01953	0.01502	0.00701	0.00560	0.00171	0.00467	0.00572	0.00679	0.00927
46	0.00683	0.00485	0.00640	0.00761	0.00791	0.00455	0.00503	0.00773	0.01044	0.01393	0.02971	0.75382	0.03560	0.06669	0.00839	0.00244	0.00335	0.01526	0.00503	0.00443
47	0.02485	0.00943	0.01285	0.00985	0.01414	0.00814	0.00814	0.02699	0.01585	0.77465	0.02185	0.01885	0.01371	0.00685	0.00557	0.00171	0.00471	0.00557	0.00685	0.00943
48	0.00675	0.00482	0.00643	0.00771	0.00803	0.00450	0.00514	0.00771	0.01060	0.01414	0.03053	0.80175	0.03663	0.01735	0.00707	0.00225	0.00321	0.01574	0.00514	0.00450
49	0.01111	0.02865	0.77667	0.01579	0.02397	0.01286	0.02046	0.01754	0.01169	0.01754	0.00994	0.01169	0.00702	0.00526	0.00526	0.00175	0.00818	0.00409	0.00234	0.00818
50	0.01359	0.01304	0.02226	0.06213	0.74362	0.01313	0.01694	0.01689	0.01255	0.01795	0.01040	0.01375	0.00872	0.00496	0.00548	0.00165	0.00661	0.00493	0.00273	0.00868
51	0.01911	0.02398	0.01463	0.01347	0.01608	0.69518	0.01005	0.02049	0.01518	0.01364	0.01175	0.07866	0.03077	0.00693	0.00521	0.00151	0.00921	0.00483	0.00311	0.00621
52	0.00675	0.00482	0.00643	0.00771	0.00803	0.00450	0.00514	0.00771	0.01060	0.01414	0.03053	0.80175	0.03663	0.01735	0.00707	0.00225	0.00321	0.01574	0.00514	0.00450
53	0.00880	0.00635	0.00797	0.00858	0.00952	0.00631	0.00617	0.10525	0.01280	0.01706	0.02817	0.63581	0.03267	0.01578	0.00692	0.00220	0.00375	0.07550	0.00519	0.00519
54	0.00784	0.00566	0.00740	0.00697	0.00827	0.00523	0.00523	0.01045	0.01568	0.02221	0.76789	0.04137	0.05226	0.01132	0.00653	0.00174	0.00261	0.01002	0.00610	0.00523
55	0.01397	0.01228	0.01438	0.01235	0.01574	0.01391	0.07205	0.05327	0.67185	0.02311	0.02126	0.01992	0.01592	0.00724	0.00571	0.00187	0.00486	0.00624	0.00539	0.00868
56	0.02086	0.01541	0.01651	0.01270	0.01710	0.01708	0.01048	0.73272	0.04598	0.03459	0.01355	0.01350	0.00962	0.00667	0.00554	0.00167	0.00605	0.00502	0.00554	0.00940
57	0.01301	0.01102	0.01195	0.01110	0.01394	0.01260	0.00879	0.02659	0.64249	0.02212	0.02361	0.02728	0.01927	0.00875	0.00595	0.00198	0.00450	0.12130	0.00555	0.00819
58	0.00697	0.00515	0.00669	0.00766	0.00835	0.00487	0.00542	0.00820	0.01093	0.01433	0.03316	0.56362	0.15052	0.01874	0.07318	0.00278	0.00427	0.06560	0.00495	0.00461
59	0.01709	0.01163	0.01297	0.01106	0.01459	0.01272	0.00877	0.09353	0.51565	0.20520	0.02155	0.01957	0.01547	0.00728	0.00561	0.00182	0.00462	0.00598	0.00592	0.00898
60	0.00996	0.00814	0.01073	0.02994	0.15669	0.00784	0.00810	0.07427	0.01424	0.03120	0.14336	0.03991	0.35660	0.01106	0.00631	0.00185	0.00413	0.07476	0.00482	0.00610
61	0.01655	0.01128	0.01193	0.00968	0.01282	0.01229	0.00782	0.43413	0.04541	0.02884	0.01551	0.01647	0.01157	0.00660	0.00488	0.00152	0.00464	0.00510	0.33524	0.00771
62	0.01478	0.01212	0.01291	0.01168	0.02723	0.03054	0.00902	0.11313	0.56178	0.05183	0.02144	0.04783	0.01680	0.00794	0.00573	0.00187	0.00475	0.03458	0.00552	0.00853
63	0.01445	0.68385	0.13001	0.01045	0.01561	0.03931	0.01100	0.01685	0.01142	0.01365	0.00802	0.00929	0.00710	0.00483	0.00382	0.00127	0.00633	0.00313	0.00238	0.00724
64	0.01129	0.00967	0.01145	0.02994	0.01364	0.00742	0.00676	0.01374	0.01144	0.01780	0.01055	0.03873	0.00916	0.00460	0.00424	0.00090	0.00416	0.00375	0.00332	0.78742
65	0.00919	0.03122	0.01211	0.01048	0.01205	0.00872	0.07208	0.03639	0.00989	0.01402	0.01400	0.02037	0.01287	0.04916	0.62051	0.00748	0.04520	0.00586	0.00301	0.00540
66	0.01267	0.01013	0.01176	0.00872	0.01327	0.00838	0.00697	0.07918	0.04302	0.04854	0.04221	0.02950	0.01123	0.00513	0.00450	0.00104	0.00423	0.00416	0.00386	0.65150
67	0.05919	0.01292	0.06607	0.01457	0.01895	0.01170	0.26110	0.10758	0.08577	0.09852	0.01797	0.08457	0.06353	0.00715	0.00586	0.00177	0.00632	0.00678	0.00422	0.06546
68	0.01641	0.04587	0.04086	0.01223	0.01616	0.01193	0.10186	0.18354	0.09880	0.18154	0.03937	0.05008	0.04063	0.00772	0.00603	0.00176	0.02159	0.05854	0.00500	0.06007
69	0.02988	0.02754	0.01212	0.01041	0.01304	0.07135	0.00834	0.03420	0.18523	0.06844	0.04289	0.07997	0.05436	0.00901	0.00716	0.00180	0.09949	0.09596	0.00450	0.14432

[dist]
# distance from previous block
# <min> <max>
10	89

[block]
# block no. 4 follows, 43 sequences, length 7
# corresponding to MSA columns:
# 464-470
name=unknown_E
#
# <colnr> <probs for GDERKNQSTAVLIFYWHMCP>
#	G	D	E	R	K	N	Q	S	T	A	V	L	I	F	Y	W	H	M	C	P
0	0.01242	0.01180	0.03689	0.01336	0.04242	0.03844	0.17020	0.03838	0.18249	0.03854	0.14564	0.04065	0.04611	0.00718	0.00575	0.00164	0.00546	0.00662	0.00439	0.15162
1	0.05774	0.01430	0.18031	0.01338	0.07952	0.03817	0.05718	0.05366	0.06368	0.05585	0.04404	0.15443	0.03961	0.00805	0.00555	0.00172	0.00561	0.00696	0.03063	0.08961
2	0.07304	0.05271	0.01911	0.01533	0.06275	0.01355	0.17025	0.07083	0.01280	0.13601	0.04707	0.05146	0.01209	0.00751	0.00917	0.00194	0.22750	0.00586	0.00381	0.00724
3	0.01744	0.05305	0.08532	0.01181	0.01626	0.03802	0.01038	0.31604	0.12129	0.10070	0.01396	0.01409	0.01022	0.00628	0.00569	0.00158	0.03600	0.00474	0.00470	0.13243
4	0.01812	0.17586	0.01706	0.01149	0.01520	0.28522	0.00935	0.10503	0.08588	0.11063	0.01416	0.01434	0.04415	0.00620	0.00491	0.00146	0.00681	0.00446	0.00395	0.06573
5	0.04967	0.01078	0.05074	0.00957	0.01319	0.00968	0.02453	0.16712	0.04794	0.11742	0.07923	0.01957	0.06394	0.00779	0.00636	0.06254	0.00465	0.00554	0.07358	0.17614
6	0.01289	0.05122	0.08816	0.00926	0.01222	0.04770	0.00817	0.04193	0.01463	0.16800	0.26843	0.07604	0.10929	0.00995	0.00606	0.00179	0.00449	0.05796	0.00526	0.00655

[dist]
# distance from previous block
# <min> <max>
21	31

[block]
# block no. 5 follows, 43 sequences, length 13
# corresponding to MSA columns:
# 508-520
name=unknown_F
#
# <colnr> <probs for GDERKNQSTAVLIFYWHMCP>
#	G	D	E	R	K	N	Q	S	T	A	V	L	I	F	Y	W	H	M	C	P
0	0.02780	0.19624	0.05431	0.01040	0.01404	0.12376	0.00899	0.14209	0.05166	0.08055	0.12163	0.01921	0.05126	0.03916	0.00602	0.00168	0.00575	0.00545	0.00424	0.03576
1	0.05974	0.06785	0.01233	0.02896	0.08137	0.02300	0.00926	0.03105	0.08661	0.01800	0.04628	0.08365	0.02332	0.01110	0.00633	0.00207	0.00509	0.35415	0.00450	0.04530
2	0.01591	0.01329	0.01361	0.01248	0.05023	0.08386	0.00943	0.18378	0.37517	0.06334	0.02092	0.02173	0.05785	0.00779	0.00570	0.00180	0.00534	0.04422	0.00523	0.00830
3	0.01075	0.01025	0.05435	0.01029	0.04228	0.04385	0.00813	0.04859	0.09612	0.03953	0.10182	0.07311	0.26035	0.01127	0.02463	0.00203	0.08181	0.03762	0.00461	0.03860
4	0.01482	0.64303	0.07718	0.01064	0.01554	0.01994	0.04362	0.01786	0.05512	0.04436	0.00943	0.01042	0.00799	0.00502	0.00400	0.00131	0.00609	0.00349	0.00275	0.00738
5	0.01191	0.00916	0.01034	0.01000	0.01210	0.05290	0.00824	0.10531	0.09101	0.05094	0.17419	0.04281	0.06009	0.01171	0.00668	0.00208	0.00482	0.32411	0.00535	0.00626
6	0.01203	0.13084	0.61566	0.01454	0.02187	0.01407	0.01805	0.05588	0.01250	0.01799	0.03128	0.01224	0.00844	0.00544	0.00509	0.00167	0.00762	0.00416	0.00262	0.00802
7	0.01406	0.00981	0.01117	0.01045	0.01311	0.05343	0.00860	0.03321	0.19888	0.15713	0.04836	0.03635	0.02222	0.01029	0.00632	0.00202	0.00501	0.29536	0.00535	0.05886
8	0.01099	0.00948	0.01436	0.01304	0.07951	0.03061	0.16077	0.04588	0.01178	0.04064	0.02051	0.09306	0.10655	0.25104	0.03728	0.00308	0.00617	0.00787	0.00374	0.05363
9	0.03533	0.06639	0.64144	0.01504	0.02235	0.01288	0.04765	0.01689	0.01160	0.01733	0.01101	0.05752	0.00877	0.00591	0.00528	0.00176	0.00771	0.00478	0.00255	0.00782
10	0.03608	0.17457	0.45795	0.01455	0.04424	0.03607	0.04469	0.01844	0.01218	0.09647	0.01073	0.01198	0.00782	0.00531	0.00497	0.00163	0.00733	0.00411	0.00289	0.00799
11	0.01248	0.03134	0.01454	0.01739	0.27865	0.00985	0.01034	0.08027	0.01404	0.06905	0.07802	0.06810	0.15608	0.00871	0.00585	0.00172	0.00492	0.06016	0.00429	0.07423
12	0.01158	0.04002	0.01180	0.01088	0.08203	0.00920	0.00768	0.09696	0.08838	0.04268	0.25299	0.04327	0.10413	0.01023	0.04226	0.00194	0.00456	0.00733	0.00488	0.12721

[dist]
# distance from previous block
# <min> <max>
11	178

# created by:
# /st0/software/busco_prod/Augustus/scripts/msa2prfl.pl ./align_prep/179742.fa
