[name]
unknown

[dist]
# distance from previous block
# <min> <max>
21	194

[block]
# block no. 0 follows, 43 sequences, length 27
# corresponding to MSA columns:
# 202-228
name=unknown_A
#
# <colnr> <probs for GDERKNQSTAVLIFYWHMCP>
#	G	D	E	R	K	N	Q	S	T	A	V	L	I	F	Y	W	H	M	C	P
0	0.05451	0.01074	0.04321	0.02516	0.03621	0.00987	0.00860	0.16710	0.01644	0.33878	0.08112	0.02222	0.08219	0.03792	0.02283	0.00199	0.00510	0.00621	0.00556	0.02423
1	0.08389	0.01100	0.02948	0.06187	0.03767	0.03459	0.00867	0.22359	0.01624	0.10522	0.13744	0.05219	0.01800	0.02657	0.00758	0.08144	0.00514	0.01637	0.00470	0.03835
2	0.09909	0.01063	0.01250	0.06023	0.01512	0.01084	0.00852	0.21071	0.03899	0.27527	0.02001	0.02175	0.07345	0.03715	0.00633	0.00187	0.00506	0.04556	0.00535	0.04158
3	0.19490	0.03374	0.01333	0.11650	0.03684	0.03663	0.00923	0.24852	0.02987	0.04364	0.11314	0.04269	0.01510	0.00696	0.00514	0.00168	0.00531	0.00546	0.00444	0.03690
4	0.16340	0.12480	0.01760	0.04466	0.01725	0.22108	0.05750	0.25091	0.01691	0.02251	0.01002	0.01123	0.00775	0.00570	0.00482	0.00156	0.00706	0.00408	0.00372	0.00745
5	0.21698	0.00957	0.01179	0.00930	0.01317	0.00900	0.03655	0.02105	0.01379	0.41329	0.09907	0.01814	0.01540	0.00660	0.00507	0.00164	0.00451	0.00527	0.00546	0.08436
6	0.04533	0.01566	0.19542	0.17840	0.14426	0.01219	0.19144	0.01592	0.01187	0.01710	0.01146	0.06164	0.00955	0.00578	0.00562	0.00175	0.00732	0.00560	0.00281	0.06088
7	0.01291	0.06979	0.27506	0.08205	0.07440	0.01368	0.32111	0.01769	0.01244	0.05190	0.01089	0.01356	0.00805	0.00506	0.00573	0.00176	0.00819	0.00522	0.00278	0.00775
8	0.00692	0.00495	0.00663	0.00791	0.00831	0.00465	0.00545	0.00802	0.01078	0.01433	0.03043	0.74210	0.03625	0.01719	0.00712	0.00227	0.00337	0.07366	0.00514	0.00455
9	0.00685	0.00551	0.00611	0.00619	0.00773	0.00477	0.00456	0.00846	0.01301	0.01643	0.20757	0.15303	0.51255	0.01389	0.00661	0.00189	0.00282	0.01188	0.00535	0.00477
10	0.02413	0.01469	0.14507	0.26751	0.07961	0.01267	0.26964	0.01634	0.03762	0.01668	0.01190	0.05721	0.00967	0.00586	0.00589	0.00185	0.00776	0.00595	0.00285	0.00711
11	0.02058	0.01528	0.01636	0.01265	0.01700	0.01696	0.01041	0.70580	0.07335	0.03415	0.01389	0.01377	0.00990	0.00670	0.00555	0.00168	0.00598	0.00507	0.00555	0.00938
12	0.84448	0.01071	0.00814	0.00728	0.01071	0.01242	0.00600	0.01628	0.00943	0.02485	0.00771	0.00900	0.00600	0.00514	0.00343	0.00171	0.00428	0.00300	0.00343	0.00600
13	0.01621	0.07651	0.08046	0.01541	0.17582	0.01162	0.01098	0.07715	0.10172	0.22327	0.13514	0.01970	0.01771	0.00691	0.00552	0.00168	0.00524	0.00584	0.00487	0.00825
14	0.00756	0.00565	0.00702	0.00668	0.00810	0.00511	0.00501	0.00991	0.01502	0.02065	0.61449	0.04394	0.20663	0.01191	0.00654	0.00177	0.00265	0.01038	0.00589	0.00511
15	0.01136	0.01123	0.03812	0.47156	0.15949	0.01205	0.06437	0.01549	0.04265	0.01607	0.03145	0.01523	0.00938	0.00549	0.00550	0.00173	0.00688	0.00507	0.00283	0.07405
16	0.01733	0.01126	0.01330	0.01020	0.01459	0.05155	0.03538	0.05097	0.09761	0.28118	0.01554	0.01518	0.01108	0.00565	0.00498	0.00135	0.00494	0.00461	0.00483	0.34847
17	0.00700	0.00562	0.00619	0.00606	0.00769	0.00487	0.00451	0.00875	0.01346	0.01714	0.28178	0.04897	0.51733	0.03741	0.00720	0.00194	0.00282	0.01104	0.00539	0.00481
18	0.07880	0.01156	0.09782	0.11662	0.01768	0.00973	0.06757	0.04131	0.06241	0.01790	0.02858	0.14086	0.01425	0.03440	0.00659	0.02774	0.00541	0.00642	0.00361	0.21072
19	0.01323	0.00986	0.01169	0.00851	0.01329	0.00769	0.00683	0.01609	0.03709	0.11254	0.01177	0.01271	0.00918	0.00456	0.00434	0.00097	0.00419	0.00367	0.00381	0.70800
20	0.01337	0.01380	0.06364	0.13316	0.54104	0.01326	0.07591	0.04645	0.01293	0.01818	0.01049	0.01382	0.00849	0.00508	0.00557	0.00170	0.00698	0.00502	0.00280	0.00831
21	0.01330	0.32623	0.34848	0.01344	0.01941	0.07832	0.06191	0.01724	0.01182	0.01531	0.00925	0.01110	0.00743	0.00656	0.03684	0.00181	0.00781	0.00385	0.00245	0.00745
22	0.02392	0.00922	0.01255	0.00970	0.01382	0.00798	0.00798	0.02608	0.01584	0.73339	0.06276	0.02009	0.01582	0.00710	0.00562	0.00172	0.00460	0.00581	0.00681	0.00919
23	0.05929	0.01136	0.01448	0.02784	0.12764	0.02630	0.00974	0.17828	0.01690	0.37344	0.05858	0.01797	0.01379	0.03144	0.00619	0.00180	0.00532	0.00550	0.00549	0.00862
24	0.08006	0.01369	0.07381	0.01194	0.03267	0.01335	0.01008	0.28553	0.19029	0.16119	0.01776	0.01801	0.03125	0.00706	0.00547	0.00176	0.00538	0.02674	0.00530	0.00865
25	0.01691	0.00792	0.01114	0.00939	0.01230	0.00702	0.03769	0.01897	0.01439	0.42219	0.12585	0.17821	0.06414	0.01014	0.00617	0.00187	0.00424	0.03797	0.00609	0.00739
26	0.00747	0.00556	0.00708	0.00783	0.00892	0.00517	0.00601	0.00921	0.01237	0.01612	0.13604	0.31434	0.20779	0.01518	0.00704	0.00218	0.00357	0.21807	0.00526	0.00481

[dist]
# distance from previous block
# <min> <max>
0	3

[block]
# block no. 1 follows, 43 sequences, length 72
# corresponding to MSA columns:
# 232-303
name=unknown_B
#
# <colnr> <probs for GDERKNQSTAVLIFYWHMCP>
#	G	D	E	R	K	N	Q	S	T	A	V	L	I	F	Y	W	H	M	C	P
0	0.05877	0.04494	0.03943	0.01451	0.07754	0.09300	0.06100	0.32940	0.08620	0.10590	0.01389	0.02700	0.01033	0.00637	0.00540	0.00167	0.00637	0.00510	0.00468	0.00850
1	0.11044	0.04499	0.57196	0.01494	0.02208	0.01337	0.06676	0.06063	0.01235	0.01932	0.00990	0.01161	0.00713	0.00528	0.00510	0.00174	0.00762	0.00415	0.00269	0.00792
2	0.71252	0.05273	0.04639	0.00786	0.01167	0.01264	0.00691	0.01622	0.00975	0.02349	0.00794	0.00927	0.00623	0.00506	0.00356	0.00164	0.00455	0.00307	0.00331	0.05521
3	0.00793	0.00561	0.00740	0.00746	0.00794	0.00606	0.00511	0.00890	0.00857	0.01189	0.01682	0.06440	0.01793	0.41057	0.38199	0.00689	0.00972	0.00741	0.00325	0.00415
4	0.01061	0.01021	0.03395	0.17434	0.20219	0.01016	0.07662	0.01459	0.06724	0.01727	0.09157	0.02880	0.16116	0.00845	0.00608	0.00185	0.00565	0.06871	0.00386	0.00669
5	0.00704	0.00503	0.00676	0.00804	0.00849	0.00475	0.00564	0.00821	0.01089	0.01446	0.03037	0.70389	0.03600	0.01708	0.00715	0.00229	0.00346	0.11076	0.00514	0.00458
6	0.00675	0.00482	0.00643	0.00771	0.00803	0.00450	0.00514	0.00771	0.01060	0.01414	0.03053	0.80175	0.03663	0.01735	0.00707	0.00225	0.00321	0.01574	0.00514	0.00450
7	0.01481	0.80869	0.02902	0.00948	0.01421	0.02191	0.00948	0.01658	0.01125	0.01303	0.00770	0.00888	0.00711	0.00474	0.00355	0.00118	0.00592	0.00296	0.00237	0.00711
8	0.00723	0.00564	0.00656	0.00633	0.00790	0.00497	0.00475	0.00927	0.01424	0.01879	0.43259	0.04699	0.38969	0.01260	0.00654	0.00180	0.00270	0.01080	0.00565	0.00497
9	0.01046	0.00984	0.01661	0.79205	0.03814	0.01230	0.01538	0.01415	0.01107	0.01415	0.00984	0.01477	0.00738	0.00554	0.00554	0.00185	0.00738	0.00492	0.00246	0.00615
10	0.01148	0.00984	0.01148	0.00820	0.01312	0.00738	0.00656	0.01395	0.01148	0.01805	0.00984	0.01148	0.00820	0.00410	0.00410	0.00082	0.00410	0.00328	0.00328	0.83922
11	0.01561	0.01554	0.23458	0.01245	0.01736	0.02894	0.06649	0.06161	0.02842	0.24442	0.07636	0.02158	0.03920	0.00787	0.01962	0.00189	0.00622	0.05518	0.00460	0.04208
12	0.00962	0.00481	0.00722	0.00722	0.00722	0.00481	0.00481	0.00722	0.00722	0.00962	0.00962	0.01684	0.00962	0.01924	0.02165	0.83886	0.00481	0.00481	0.00241	0.00241
13	0.01111	0.02865	0.77667	0.01579	0.02397	0.01286	0.02046	0.01754	0.01169	0.01754	0.00994	0.01169	0.00702	0.00526	0.00526	0.00175	0.00818	0.00409	0.00234	0.00818
14	0.01026	0.00915	0.01486	0.60068	0.03118	0.01127	0.01327	0.01332	0.02661	0.01383	0.01177	0.03289	0.02830	0.00871	0.03171	0.08572	0.04271	0.00537	0.00266	0.00572
15	0.03032	0.04444	0.62758	0.01485	0.02226	0.01258	0.03238	0.01878	0.02594	0.10333	0.01144	0.01261	0.00796	0.00546	0.00525	0.00174	0.00761	0.00430	0.00294	0.00825
16	0.01330	0.01274	0.02174	0.12927	0.67873	0.01305	0.01679	0.01664	0.01242	0.01760	0.01035	0.01384	0.00860	0.00501	0.00549	0.00167	0.00668	0.00493	0.00271	0.00844
17	0.02485	0.00943	0.01285	0.00985	0.01414	0.00814	0.00814	0.02699	0.01585	0.77465	0.02185	0.01885	0.01371	0.00685	0.00557	0.00171	0.00471	0.00557	0.00685	0.00943
18	0.02804	0.00892	0.01329	0.38806	0.02405	0.01060	0.01113	0.05563	0.01154	0.06532	0.01264	0.01757	0.01030	0.05217	0.15733	0.00334	0.04894	0.00529	0.06973	0.00609
19	0.00784	0.00566	0.00740	0.00697	0.00827	0.00523	0.00523	0.01045	0.01568	0.02221	0.76789	0.04137	0.05226	0.01132	0.00653	0.00174	0.00261	0.01002	0.00610	0.00523
20	0.06523	0.01163	0.03005	0.16895	0.16631	0.01195	0.01153	0.14912	0.06019	0.13485	0.07667	0.01691	0.01326	0.00631	0.00541	0.00168	0.00566	0.00532	0.00432	0.05466
21	0.73356	0.01251	0.07605	0.00828	0.01217	0.01268	0.00748	0.05009	0.01039	0.02467	0.00816	0.00943	0.00624	0.00522	0.00369	0.00171	0.00471	0.00319	0.00343	0.00635
22	0.04251	0.01511	0.01623	0.01247	0.01687	0.01664	0.01030	0.70011	0.02514	0.06852	0.01354	0.01344	0.00953	0.00662	0.00549	0.00167	0.00598	0.00496	0.00555	0.00933
23	0.00849	0.00553	0.00722	0.00772	0.00875	0.00514	0.00555	0.00991	0.01180	0.07763	0.10909	0.47741	0.13015	0.01699	0.05972	0.00257	0.00409	0.04197	0.00523	0.00506
24	0.01212	0.01212	0.01696	0.01454	0.01454	0.01696	0.01212	0.01333	0.00848	0.01333	0.00727	0.01212	0.00727	0.00969	0.01818	0.00242	0.79523	0.00485	0.00242	0.00606
25	0.00853	0.00582	0.00756	0.00703	0.00850	0.00533	0.00531	0.01107	0.01554	0.05501	0.70245	0.04092	0.08336	0.01125	0.00649	0.00175	0.00271	0.00990	0.00609	0.00539
26	0.01208	0.00995	0.01163	0.00835	0.01324	0.00761	0.00669	0.03014	0.01192	0.04035	0.01027	0.01174	0.00839	0.00424	0.00417	0.00086	0.00416	0.00338	0.00343	0.79738
27	0.00686	0.00492	0.00647	0.00763	0.00804	0.00460	0.00515	0.00789	0.01078	0.01433	0.04955	0.71363	0.06325	0.04127	0.00770	0.00233	0.00330	0.03270	0.00511	0.00450
28	0.00805	0.00537	0.00604	0.00604	0.00604	0.00537	0.00336	0.00805	0.00805	0.01074	0.01745	0.03624	0.02013	0.80536	0.02819	0.00537	0.00537	0.00805	0.00336	0.00336
29	0.00754	0.00555	0.00706	0.00698	0.00821	0.00507	0.00517	0.00974	0.01446	0.01993	0.54808	0.15678	0.14200	0.01267	0.00664	0.00185	0.00279	0.02863	0.00581	0.00504
30	0.08162	0.01833	0.29098	0.01908	0.20506	0.03668	0.08142	0.01899	0.01273	0.14936	0.01238	0.01441	0.00913	0.00560	0.00537	0.00173	0.00698	0.01853	0.00342	0.00819
31	0.01471	0.78871	0.04818	0.00964	0.01446	0.02168	0.00976	0.01661	0.01126	0.01315	0.00776	0.00896	0.00710	0.00475	0.00360	0.00120	0.00598	0.00299	0.00237	0.00713
32	0.01199	0.11422	0.17811	0.03053	0.10639	0.01223	0.01233	0.03529	0.14307	0.01810	0.01700	0.04213	0.01560	0.00814	0.00568	0.00183	0.00588	0.17668	0.00382	0.06097
33	0.01582	0.70763	0.02723	0.00972	0.01441	0.02078	0.00947	0.06730	0.01253	0.05935	0.00891	0.00977	0.00765	0.00499	0.00381	0.00125	0.00586	0.00325	0.00285	0.00740
34	0.03802	0.01890	0.01381	0.01256	0.01538	0.42455	0.00975	0.08510	0.12523	0.01761	0.01393	0.01893	0.01216	0.00898	0.04467	0.00202	0.00814	0.09406	0.00381	0.03240
35	0.42263	0.05974	0.01308	0.00984	0.01376	0.01503	0.00820	0.32730	0.03966	0.02834	0.01052	0.01116	0.00784	0.00583	0.00439	0.00167	0.00515	0.00394	0.00432	0.00759
36	0.01215	0.00942	0.01114	0.00821	0.01276	0.00721	0.00653	0.01448	0.01185	0.07852	0.01362	0.04665	0.04199	0.00529	0.00445	0.00100	0.00406	0.00434	0.00372	0.70262
37	0.00693	0.00546	0.00625	0.00641	0.00780	0.00478	0.00467	0.00856	0.01300	0.01669	0.23771	0.20628	0.42777	0.01401	0.00665	0.00192	0.00284	0.01210	0.00539	0.00478
38	0.03809	0.01233	0.01250	0.01125	0.01438	0.03833	0.00875	0.02881	0.71520	0.02291	0.02166	0.01998	0.01628	0.00739	0.00555	0.00186	0.00456	0.00608	0.00548	0.00861
39	0.00804	0.00516	0.00685	0.00778	0.00836	0.00479	0.00526	0.00904	0.01084	0.06578	0.02934	0.71338	0.03431	0.05272	0.00793	0.00236	0.00341	0.01470	0.00518	0.00478
40	0.00676	0.00488	0.00641	0.00760	0.00801	0.00452	0.00510	0.00779	0.01082	0.01437	0.04966	0.74895	0.07053	0.01705	0.00703	0.00222	0.00318	0.01542	0.00516	0.00452
41	0.01371	0.01316	0.02248	0.03399	0.77081	0.01316	0.01700	0.01700	0.01261	0.01809	0.01042	0.01371	0.00877	0.00493	0.00548	0.00164	0.00658	0.00493	0.00274	0.00877
42	0.01361	0.01306	0.02231	0.05616	0.74939	0.01313	0.01695	0.01691	0.01257	0.01798	0.01040	0.01374	0.00873	0.00495	0.00548	0.00165	0.00660	0.00493	0.00273	0.00870
43	0.01138	0.00621	0.00953	0.00860	0.00942	0.00614	0.04920	0.04330	0.00901	0.06336	0.01071	0.01670	0.00982	0.01696	0.01892	0.69425	0.00513	0.00497	0.00287	0.00350
44	0.00750	0.00565	0.00693	0.00661	0.00807	0.00508	0.00496	0.00980	0.01488	0.02031	0.58148	0.04449	0.23985	0.01203	0.00654	0.00178	0.00266	0.01045	0.00585	0.00508
45	0.01224	0.01248	0.01896	0.01566	0.01637	0.01659	0.10589	0.01389	0.00906	0.01389	0.00777	0.01248	0.00741	0.00906	0.01670	0.00235	0.69545	0.00506	0.00247	0.00624
46	0.00776	0.00525	0.00613	0.00641	0.00648	0.00518	0.00375	0.00798	0.00862	0.01149	0.02035	0.20593	0.02379	0.63068	0.02351	0.00468	0.00489	0.00976	0.00375	0.00361
47	0.84448	0.01071	0.00814	0.00728	0.01071	0.01242	0.00600	0.01628	0.00943	0.02485	0.00771	0.00900	0.00600	0.00514	0.00343	0.00171	0.00428	0.00300	0.00343	0.00600
48	0.00827	0.00651	0.01035	0.00972	0.01096	0.00731	0.05737	0.01032	0.00913	0.01306	0.01474	0.02215	0.01385	0.08399	0.68605	0.00821	0.01390	0.00610	0.00298	0.00502
49	0.11300	0.00626	0.00603	0.00590	0.00793	0.00569	0.00449	0.00914	0.01238	0.01661	0.08865	0.04703	0.63281	0.01275	0.00615	0.00184	0.00298	0.01049	0.00498	0.00487
50	0.84448	0.01071	0.00814	0.00728	0.01071	0.01242	0.00600	0.01628	0.00943	0.02485	0.00771	0.00900	0.00600	0.00514	0.00343	0.00171	0.00428	0.00300	0.00343	0.00600
51	0.00859	0.00526	0.00705	0.00782	0.00852	0.00486	0.00537	0.00945	0.01090	0.08345	0.02891	0.65910	0.04986	0.01644	0.00791	0.05917	0.00345	0.01397	0.00511	0.00481
52	0.00962	0.00481	0.00722	0.00722	0.00722	0.00481	0.00481	0.00722	0.00722	0.00962	0.00962	0.01684	0.00962	0.01924	0.02165	0.83886	0.00481	0.00481	0.00241	0.00241
53	0.01296	0.01106	0.01182	0.01077	0.01361	0.01265	0.00831	0.02686	0.66590	0.02257	0.07377	0.06805	0.02047	0.00835	0.00578	0.00189	0.00419	0.00708	0.00564	0.00827
54	0.84448	0.01071	0.00814	0.00728	0.01071	0.01242	0.00600	0.01628	0.00943	0.02485	0.00771	0.00900	0.00600	0.00514	0.00343	0.00171	0.00428	0.00300	0.00343	0.00600
55	0.01264	0.01425	0.03089	0.02228	0.02752	0.01336	0.69993	0.01706	0.01290	0.01750	0.01252	0.06852	0.01033	0.00553	0.00657	0.00189	0.00892	0.00716	0.00296	0.00727
56	0.03028	0.01363	0.01467	0.08539	0.17047	0.18889	0.01087	0.08128	0.01347	0.04804	0.01348	0.09384	0.01223	0.01305	0.13797	0.00293	0.03250	0.00587	0.02437	0.00677
57	0.00767	0.00521	0.00615	0.00653	0.00662	0.00512	0.00387	0.00795	0.00879	0.01173	0.02125	0.25848	0.02492	0.57659	0.02206	0.00446	0.00474	0.01029	0.00387	0.00369
58	0.01378	0.01190	0.01252	0.01127	0.01440	0.01378	0.00877	0.02943	0.76081	0.02317	0.02254	0.02066	0.01691	0.00751	0.00564	0.00188	0.00438	0.00626	0.00564	0.00877
59	0.01157	0.00979	0.01259	0.01453	0.15235	0.01047	0.00982	0.01954	0.31899	0.01976	0.06653	0.03455	0.07281	0.00989	0.00629	0.00202	0.00478	0.21151	0.00494	0.00726
60	0.00805	0.00661	0.00889	0.06140	0.01154	0.00633	0.04982	0.01012	0.02620	0.01533	0.08479	0.09955	0.32764	0.12386	0.00971	0.00249	0.00430	0.13380	0.00464	0.00493
61	0.02050	0.05140	0.01612	0.01411	0.01703	0.75880	0.01066	0.02194	0.01555	0.01354	0.00853	0.00995	0.00713	0.00568	0.00495	0.00142	0.00986	0.00355	0.00284	0.00644
62	0.01297	0.26622	0.13190	0.01056	0.01522	0.01397	0.01029	0.07532	0.01248	0.01723	0.01099	0.02914	0.00980	0.00679	0.02418	0.00155	0.04568	0.04681	0.00313	0.25578
63	0.07152	0.27404	0.21172	0.15343	0.04092	0.10848	0.03620	0.01708	0.01183	0.01553	0.00893	0.01110	0.00714	0.00516	0.00465	0.00155	0.00725	0.00383	0.00253	0.00710
64	0.00805	0.00537	0.00604	0.00604	0.00604	0.00537	0.00336	0.00805	0.00805	0.01074	0.01745	0.03624	0.02013	0.80536	0.02819	0.00537	0.00537	0.00805	0.00336	0.00336
65	0.00797	0.00575	0.00730	0.00763	0.00866	0.00550	0.00544	0.01062	0.06575	0.03176	0.30298	0.41807	0.07335	0.01409	0.00672	0.00201	0.00308	0.01259	0.00556	0.00517
66	0.02731	0.15636	0.15940	0.09395	0.13138	0.01344	0.06334	0.07884	0.01306	0.05797	0.01280	0.09816	0.01125	0.00655	0.00525	0.00164	0.00635	0.00562	0.00334	0.05399
67	0.01271	0.13959	0.15195	0.07523	0.02612	0.01474	0.44950	0.01708	0.01237	0.01665	0.01072	0.02821	0.00843	0.00508	0.00580	0.00175	0.00836	0.00564	0.00268	0.00738
68	0.00784	0.00566	0.00740	0.00697	0.00827	0.00523	0.00523	0.01045	0.01568	0.02221	0.76789	0.04137	0.05226	0.01132	0.00653	0.00174	0.00261	0.01002	0.00610	0.00523
69	0.02760	0.02055	0.42601	0.09600	0.02282	0.03624	0.08388	0.01783	0.01262	0.11262	0.06463	0.03059	0.01174	0.00611	0.00553	0.00177	0.00728	0.00519	0.00331	0.00769
70	0.05750	0.01595	0.16127	0.01493	0.06600	0.08277	0.12631	0.02206	0.07808	0.28204	0.01594	0.01600	0.02325	0.00608	0.00552	0.00173	0.00661	0.00525	0.00444	0.00827
71	0.01700	0.00992	0.03128	0.01213	0.06207	0.00921	0.05451	0.03480	0.11087	0.34744	0.10469	0.10963	0.02049	0.00859	0.00619	0.00184	0.01967	0.02607	0.00565	0.00795

[dist]
# distance from previous block
# <min> <max>
5	12

[block]
# block no. 2 follows, 43 sequences, length 43
# corresponding to MSA columns:
# 317-359
name=unknown_C
#
# <colnr> <probs for GDERKNQSTAVLIFYWHMCP>
#	G	D	E	R	K	N	Q	S	T	A	V	L	I	F	Y	W	H	M	C	P
0	0.01348	0.01287	0.02193	0.05391	0.72883	0.01294	0.01672	0.01676	0.01257	0.01794	0.01095	0.01515	0.00941	0.00525	0.00555	0.00168	0.00656	0.02612	0.00280	0.00859
1	0.00702	0.00514	0.00660	0.00727	0.00804	0.00472	0.00506	0.00849	0.01223	0.01646	0.23653	0.50662	0.12476	0.01531	0.00686	0.00207	0.00300	0.01370	0.00540	0.00472
2	0.00689	0.00495	0.00657	0.00781	0.00825	0.00463	0.00537	0.00798	0.01082	0.01433	0.03129	0.72636	0.06058	0.01710	0.00709	0.00226	0.00333	0.06470	0.00514	0.00455
3	0.00779	0.00566	0.00734	0.00692	0.00824	0.00521	0.00519	0.01036	0.01556	0.02194	0.74153	0.04181	0.07879	0.01142	0.00653	0.00175	0.00262	0.01008	0.00606	0.00521
4	0.02209	0.00898	0.01209	0.00947	0.01329	0.00790	0.00774	0.04160	0.01607	0.63916	0.13860	0.02225	0.01965	0.00755	0.00572	0.00172	0.00442	0.00625	0.00670	0.00877
5	0.01032	0.00516	0.00516	0.00516	0.00645	0.00516	0.00387	0.01290	0.01161	0.02065	0.01807	0.02065	0.01420	0.00645	0.00387	0.00129	0.00258	0.00516	0.83611	0.00516
6	0.84448	0.01071	0.00814	0.00728	0.01071	0.01242	0.00600	0.01628	0.00943	0.02485	0.00771	0.00900	0.00600	0.00514	0.00343	0.00171	0.00428	0.00300	0.00343	0.00600
7	0.01111	0.02865	0.77667	0.01579	0.02397	0.01286	0.02046	0.01754	0.01169	0.01754	0.00994	0.01169	0.00702	0.00526	0.00526	0.00175	0.00818	0.00409	0.00234	0.00818
8	0.84448	0.01071	0.00814	0.00728	0.01071	0.01242	0.00600	0.01628	0.00943	0.02485	0.00771	0.00900	0.00600	0.00514	0.00343	0.00171	0.00428	0.00300	0.00343	0.00600
9	0.00690	0.00493	0.00660	0.00788	0.00827	0.00463	0.00540	0.00797	0.01075	0.01430	0.03044	0.75119	0.03630	0.01721	0.00711	0.00227	0.00334	0.06483	0.00514	0.00454
10	0.01046	0.00984	0.01661	0.79205	0.03814	0.01230	0.01538	0.01415	0.01107	0.01415	0.00984	0.01477	0.00738	0.00554	0.00554	0.00185	0.00738	0.00492	0.00246	0.00615
11	0.02105	0.01551	0.01662	0.01274	0.01717	0.01717	0.01053	0.75235	0.02604	0.03490	0.01330	0.01330	0.00942	0.00665	0.00554	0.00166	0.00609	0.00499	0.00554	0.00942
12	0.00798	0.00582	0.00781	0.02953	0.01027	0.00571	0.00686	0.02821	0.01187	0.01558	0.03032	0.46087	0.06829	0.01587	0.00717	0.00231	0.00405	0.27151	0.00507	0.00489
13	0.00927	0.00657	0.00850	0.00913	0.01068	0.00644	0.00762	0.01233	0.06039	0.04751	0.07432	0.10675	0.15526	0.01417	0.00715	0.00229	0.00438	0.44656	0.00527	0.00540
14	0.02485	0.00943	0.01285	0.00985	0.01414	0.00814	0.00814	0.02699	0.01585	0.77465	0.02185	0.01885	0.01371	0.00685	0.00557	0.00171	0.00471	0.00557	0.00685	0.00943
15	0.01122	0.00672	0.00822	0.00735	0.00953	0.00607	0.00568	0.01400	0.05103	0.17442	0.35869	0.03943	0.26386	0.01106	0.00630	0.00178	0.00319	0.00944	0.00594	0.00609
16	0.01705	0.01452	0.06937	0.14435	0.09707	0.01480	0.01229	0.41629	0.06308	0.04603	0.02616	0.01496	0.01034	0.02148	0.00597	0.00178	0.00629	0.00514	0.00453	0.00850
17	0.01279	0.01379	0.12345	0.09317	0.45706	0.01175	0.01559	0.01634	0.01248	0.05197	0.01409	0.03431	0.02477	0.00666	0.00575	0.00180	0.00649	0.08662	0.00320	0.00793
18	0.00681	0.00486	0.00650	0.00778	0.00813	0.00455	0.00525	0.00782	0.01066	0.01421	0.03049	0.78064	0.03649	0.01729	0.00709	0.00226	0.00327	0.03624	0.00514	0.00452
19	0.01100	0.00972	0.01363	0.06527	0.01442	0.01263	0.01010	0.06347	0.01010	0.01486	0.01094	0.01619	0.01005	0.02113	0.30460	0.00475	0.37591	0.00528	0.02008	0.00586
20	0.11858	0.21507	0.26769	0.03249	0.16734	0.07872	0.01433	0.01735	0.01180	0.01706	0.00908	0.01098	0.00727	0.00510	0.00464	0.00156	0.00695	0.00382	0.00261	0.00757
21	0.44278	0.12423	0.11042	0.01004	0.02797	0.05380	0.00920	0.01802	0.01111	0.11210	0.00979	0.01074	0.00736	0.00546	0.00446	0.00165	0.02690	0.00356	0.00349	0.00692
22	0.74289	0.01234	0.07644	0.00828	0.01201	0.01261	0.00748	0.01629	0.00959	0.02382	0.00789	0.00934	0.00613	0.00530	0.00408	0.00174	0.03109	0.00316	0.00330	0.00619
23	0.00792	0.00592	0.00883	0.00883	0.00979	0.00688	0.00683	0.00984	0.00888	0.01280	0.01490	0.02211	0.01400	0.06037	0.76479	0.00881	0.01460	0.00599	0.00298	0.00491
24	0.01286	0.01451	0.10669	0.20210	0.40526	0.03540	0.04046	0.01767	0.07782	0.01743	0.01127	0.01426	0.00891	0.00535	0.00550	0.00172	0.00694	0.00496	0.00289	0.00799
25	0.01923	0.02400	0.06932	0.01571	0.05173	0.56047	0.06309	0.09989	0.01622	0.01662	0.00943	0.01097	0.00753	0.00567	0.00520	0.00151	0.00925	0.00402	0.00310	0.00704
26	0.00682	0.00488	0.00649	0.00766	0.00805	0.00455	0.00515	0.00789	0.01094	0.01468	0.07961	0.75113	0.03767	0.01695	0.00703	0.00222	0.00317	0.01536	0.00520	0.00455
27	0.57264	0.01028	0.00970	0.00814	0.01185	0.01100	0.00671	0.01983	0.01156	0.27353	0.01240	0.01227	0.00856	0.00571	0.00414	0.00171	0.00443	0.00385	0.00456	0.00713
28	0.00962	0.00481	0.00722	0.00722	0.00722	0.00481	0.00481	0.00722	0.00722	0.00962	0.00962	0.01684	0.00962	0.01924	0.02165	0.83886	0.00481	0.00481	0.00241	0.00241
29	0.00690	0.00494	0.00656	0.00761	0.00807	0.00460	0.00515	0.00809	0.01130	0.01525	0.13223	0.69687	0.03879	0.01652	0.00699	0.00218	0.00313	0.01495	0.00527	0.00460
30	0.07819	0.00946	0.01243	0.06398	0.01522	0.00888	0.00835	0.02448	0.05943	0.57907	0.06636	0.01940	0.01532	0.00696	0.00548	0.00173	0.00472	0.00567	0.00620	0.00866
31	0.84448	0.01071	0.00814	0.00728	0.01071	0.01242	0.00600	0.01628	0.00943	0.02485	0.00771	0.00900	0.00600	0.00514	0.00343	0.00171	0.00428	0.00300	0.00343	0.00600
32	0.84448	0.01071	0.00814	0.00728	0.01071	0.01242	0.00600	0.01628	0.00943	0.02485	0.00771	0.00900	0.00600	0.00514	0.00343	0.00171	0.00428	0.00300	0.00343	0.00600
33	0.00805	0.00539	0.00614	0.00614	0.00617	0.00542	0.00348	0.00812	0.00808	0.01081	0.01736	0.03576	0.01992	0.77981	0.05345	0.00549	0.00569	0.00798	0.00334	0.00341
34	0.02014	0.02385	0.01553	0.01383	0.01689	0.62518	0.01051	0.11037	0.08089	0.01694	0.01033	0.01130	0.00825	0.00598	0.00511	0.00149	0.00904	0.00397	0.00341	0.00698
35	0.01235	0.01262	0.01736	0.57194	0.14430	0.11875	0.01498	0.01567	0.01194	0.01466	0.00975	0.01395	0.00756	0.00547	0.00545	0.00176	0.00762	0.00474	0.00256	0.00658
36	0.01915	0.01020	0.01231	0.00984	0.01336	0.01012	0.00798	0.21745	0.05766	0.34742	0.15237	0.02161	0.01964	0.00760	0.00561	0.00168	0.00454	0.00621	0.06691	0.00833
37	0.09283	0.02739	0.04237	0.12087	0.10777	0.02362	0.01057	0.12929	0.09896	0.13123	0.10524	0.02019	0.02784	0.00713	0.00550	0.00175	0.00540	0.02979	0.00461	0.00764
38	0.01394	0.62496	0.20512	0.01096	0.01651	0.01978	0.01206	0.01681	0.01136	0.01409	0.00823	0.00955	0.00709	0.00486	0.00396	0.00132	0.00646	0.00323	0.00236	0.00736
39	0.43362	0.16370	0.01458	0.02447	0.03369	0.06397	0.00823	0.12440	0.05246	0.02289	0.00947	0.01051	0.00745	0.00545	0.00407	0.00160	0.00534	0.00358	0.00358	0.00696
40	0.01541	0.72361	0.02745	0.00969	0.01422	0.02077	0.00948	0.01719	0.01147	0.06600	0.00867	0.00970	0.00757	0.00507	0.00424	0.00127	0.03508	0.00321	0.00268	0.00723
41	0.00795	0.00539	0.00601	0.00601	0.00614	0.00532	0.00342	0.00805	0.00837	0.01103	0.02014	0.03743	0.07218	0.75033	0.02668	0.00513	0.00519	0.00831	0.00348	0.00345
42	0.01335	0.01130	0.08411	0.00923	0.01395	0.00812	0.00812	0.03029	0.02847	0.13438	0.06441	0.03590	0.01291	0.00560	0.00474	0.00119	0.00450	0.00460	0.00407	0.52078

[dist]
# distance from previous block
# <min> <max>
0	1

[block]
# block no. 3 follows, 43 sequences, length 29
# corresponding to MSA columns:
# 361-389
name=unknown_D
#
# <colnr> <probs for GDERKNQSTAVLIFYWHMCP>
#	G	D	E	R	K	N	Q	S	T	A	V	L	I	F	Y	W	H	M	C	P
0	0.00830	0.00629	0.02388	0.00710	0.00876	0.00541	0.00556	0.01069	0.01477	0.04888	0.53939	0.06013	0.19543	0.01183	0.00652	0.00180	0.00294	0.03121	0.00580	0.00532
1	0.01115	0.02676	0.69089	0.01608	0.02382	0.01269	0.07798	0.01731	0.01194	0.01772	0.03629	0.01298	0.00869	0.00542	0.00541	0.00176	0.00808	0.00449	0.00251	0.00803
2	0.78008	0.01194	0.00873	0.00783	0.01121	0.07268	0.00637	0.01674	0.00992	0.02397	0.00778	0.00907	0.00609	0.00519	0.00355	0.00169	0.00473	0.00304	0.00338	0.00603
3	0.07912	0.04174	0.09792	0.01245	0.06858	0.03772	0.02834	0.05392	0.18664	0.07434	0.01361	0.01416	0.01034	0.00557	0.00487	0.00146	0.00533	0.00448	0.00400	0.25541
4	0.03039	0.02196	0.46200	0.01402	0.02023	0.01328	0.01591	0.14894	0.12054	0.02150	0.01368	0.01687	0.01063	0.00655	0.00550	0.00181	0.00697	0.05742	0.00360	0.00822
5	0.01306	0.01535	0.14050	0.08609	0.60041	0.01305	0.01742	0.01688	0.01236	0.01772	0.01030	0.01347	0.00840	0.00503	0.00545	0.00168	0.00689	0.00480	0.00266	0.00849
6	0.00675	0.00482	0.00643	0.00771	0.00803	0.00450	0.00514	0.00771	0.01060	0.01414	0.03053	0.80175	0.03663	0.01735	0.00707	0.00225	0.00321	0.01574	0.00514	0.00450
7	0.01239	0.01362	0.02851	0.22290	0.03133	0.01356	0.55981	0.01681	0.01255	0.01681	0.01085	0.01489	0.00814	0.00489	0.00628	0.00186	0.00883	0.00612	0.00271	0.00713
8	0.00808	0.00572	0.00815	0.00815	0.00885	0.00642	0.00599	0.00929	0.00859	0.01215	0.01499	0.02449	0.01487	0.20431	0.56120	0.07303	0.01201	0.00630	0.00301	0.00440
9	0.02485	0.00943	0.01285	0.00985	0.01414	0.00814	0.00814	0.02699	0.01585	0.77465	0.02185	0.01885	0.01371	0.00685	0.00557	0.00171	0.00471	0.00557	0.00685	0.00943
10	0.01415	0.01181	0.01253	0.01122	0.01439	0.01358	0.00874	0.02935	0.73530	0.04890	0.02252	0.02060	0.01680	0.00749	0.00563	0.00187	0.00439	0.00624	0.00568	0.00879
11	0.00679	0.00553	0.00600	0.00607	0.00768	0.00475	0.00448	0.00835	0.01293	0.01611	0.17448	0.13176	0.56796	0.01392	0.00660	0.00189	0.00282	0.01184	0.00531	0.00475
12	0.84448	0.01071	0.00814	0.00728	0.01071	0.01242	0.00600	0.01628	0.00943	0.02485	0.00771	0.00900	0.00600	0.00514	0.00343	0.00171	0.00428	0.00300	0.00343	0.00600
13	0.84448	0.01071	0.00814	0.00728	0.01071	0.01242	0.00600	0.01628	0.00943	0.02485	0.00771	0.00900	0.00600	0.00514	0.00343	0.00171	0.00428	0.00300	0.00343	0.00600
14	0.01406	0.00704	0.00940	0.00802	0.01042	0.00629	0.00629	0.01650	0.01574	0.29759	0.49485	0.03313	0.03815	0.00969	0.00618	0.00173	0.00338	0.00839	0.00637	0.00676
15	0.02105	0.01551	0.01662	0.01274	0.01717	0.01717	0.01053	0.75235	0.02604	0.03490	0.01330	0.01330	0.00942	0.00665	0.00554	0.00166	0.00609	0.00499	0.00554	0.00942
16	0.00840	0.00932	0.12438	0.00974	0.01174	0.00771	0.00871	0.01091	0.00926	0.01341	0.01428	0.02125	0.01325	0.08920	0.61364	0.00758	0.01317	0.00580	0.00290	0.00532
17	0.00754	0.00572	0.00784	0.00797	0.00899	0.00615	0.00599	0.00918	0.00973	0.01325	0.02447	0.10930	0.16000	0.08302	0.50692	0.00665	0.01074	0.00818	0.00363	0.00475
18	0.00777	0.00525	0.00613	0.00641	0.00648	0.00518	0.00375	0.00798	0.00861	0.01148	0.02032	0.20423	0.02375	0.63243	0.02355	0.00468	0.00490	0.00974	0.00375	0.00361
19	0.00679	0.00484	0.00641	0.00765	0.00796	0.00453	0.00508	0.00772	0.01051	0.01402	0.03007	0.77492	0.03605	0.04497	0.00781	0.00236	0.00329	0.01547	0.00508	0.00446
20	0.01322	0.01399	0.02781	0.06098	0.33271	0.01359	0.41883	0.01728	0.01280	0.01773	0.01082	0.01443	0.00851	0.00481	0.00606	0.00178	0.00812	0.00581	0.00276	0.00795
21	0.00685	0.00505	0.00627	0.00714	0.00778	0.00463	0.00482	0.00788	0.01099	0.01432	0.06057	0.56602	0.18171	0.07808	0.00860	0.00240	0.00328	0.01413	0.00504	0.00447
22	0.00947	0.00555	0.00736	0.00795	0.00893	0.00505	0.00556	0.01063	0.01148	0.12876	0.03025	0.65356	0.06273	0.01564	0.00682	0.00215	0.00342	0.01405	0.00540	0.00525
23	0.00722	0.00552	0.00666	0.00703	0.00816	0.00507	0.00502	0.00927	0.03896	0.01683	0.23232	0.35543	0.25335	0.01444	0.00672	0.00199	0.00298	0.01272	0.00541	0.00489
24	0.00709	0.00505	0.00648	0.00735	0.00773	0.00486	0.00486	0.00795	0.01007	0.01340	0.02807	0.55017	0.07006	0.17924	0.06762	0.00335	0.00447	0.01326	0.00462	0.00431
25	0.00688	0.00491	0.00635	0.00745	0.00780	0.00460	0.00491	0.00776	0.01041	0.01380	0.03008	0.69172	0.06226	0.10165	0.00931	0.00257	0.00343	0.01477	0.00495	0.00438
26	0.05343	0.01419	0.05362	0.08432	0.10720	0.01327	0.41769	0.07435	0.01349	0.01919	0.01082	0.01392	0.00825	0.00491	0.00583	0.00171	0.00783	0.00553	0.00304	0.08739
27	0.04755	0.01026	0.01265	0.01140	0.06795	0.02992	0.00843	0.13136	0.04477	0.34484	0.20584	0.02277	0.02204	0.00774	0.00571	0.00171	0.00464	0.00643	0.00590	0.00810
28	0.00827	0.00567	0.00709	0.00682	0.00796	0.00525	0.00487	0.01013	0.01355	0.04522	0.47459	0.09991	0.10990	0.16389	0.01069	0.00249	0.00328	0.01008	0.00544	0.00491

[dist]
# distance from previous block
# <min> <max>
0	48

# created by:
# /st0/software/busco_prod/Augustus/scripts/msa2prfl.pl ./align_prep/179931.fa
