[name]
unknown

[dist]
# distance from previous block
# <min> <max>
28	88

[block]
# block no. 0 follows, 44 sequences, length 13
# corresponding to MSA columns:
# 101-113
name=unknown_A
#
# <colnr> <probs for GDERKNQSTAVLIFYWHMCP>
#	G	D	E	R	K	N	Q	S	T	A	V	L	I	F	Y	W	H	M	C	P
0	0.10870	0.08929	0.21031	0.04378	0.01759	0.06033	0.04061	0.14596	0.04182	0.04103	0.02643	0.04220	0.00994	0.00697	0.00652	0.04207	0.05100	0.00479	0.00346	0.00719
1	0.12163	0.15832	0.05054	0.01025	0.01409	0.01450	0.00891	0.33684	0.01724	0.02440	0.03421	0.08206	0.04144	0.02741	0.00553	0.00168	0.00529	0.00556	0.00431	0.03577
2	0.04664	0.10297	0.08947	0.00934	0.01282	0.01018	0.00827	0.08307	0.01273	0.11900	0.07032	0.06749	0.01532	0.09940	0.07399	0.00252	0.01669	0.00575	0.00400	0.15002
3	0.04661	0.50384	0.22572	0.01084	0.01617	0.01755	0.01184	0.01670	0.01131	0.04980	0.00968	0.04071	0.00835	0.00539	0.00416	0.00140	0.00620	0.00382	0.00267	0.00724
4	0.12328	0.40083	0.09760	0.04222	0.01563	0.03760	0.01003	0.03984	0.01228	0.15939	0.01069	0.01128	0.00815	0.00527	0.00420	0.00143	0.00580	0.00367	0.00340	0.00740
5	0.04830	0.04848	0.18067	0.00890	0.01145	0.00871	0.00814	0.06073	0.01069	0.01522	0.05600	0.07727	0.01778	0.40641	0.01646	0.00350	0.00564	0.00700	0.00344	0.00523
6	0.18523	0.12719	0.21460	0.01414	0.07881	0.01284	0.11954	0.01622	0.01142	0.05283	0.04128	0.05012	0.01095	0.03581	0.00576	0.00180	0.00628	0.00504	0.00314	0.00700
7	0.01183	0.20409	0.35821	0.01280	0.01802	0.05065	0.04784	0.01559	0.01147	0.02770	0.01347	0.12995	0.03014	0.00723	0.00564	0.00169	0.03796	0.00580	0.00291	0.00701
8	0.05005	0.00988	0.01144	0.04696	0.01378	0.02905	0.00766	0.10426	0.09176	0.24875	0.05609	0.06394	0.09636	0.02282	0.00583	0.00169	0.00456	0.00643	0.00517	0.12354
9	0.11105	0.01025	0.01417	0.43106	0.02628	0.01136	0.01151	0.08055	0.01241	0.07070	0.01056	0.01341	0.00787	0.00533	0.00494	0.00159	0.00601	0.00437	0.00325	0.16335
10	0.03361	0.01040	0.01185	0.04579	0.01436	0.04360	0.00727	0.01605	0.01206	0.12939	0.01132	0.01240	0.00873	0.00460	0.00434	0.00103	0.00455	0.00364	0.00369	0.62130
11	0.01245	0.01225	0.02166	0.21703	0.41282	0.01273	0.13564	0.01591	0.01194	0.01666	0.01012	0.01379	0.00817	0.00506	0.00589	0.00169	0.03110	0.00503	0.00266	0.04740
12	0.03312	0.01074	0.01318	0.11252	0.01702	0.01096	0.00902	0.16700	0.12716	0.23285	0.02972	0.01672	0.01214	0.02535	0.02386	0.00182	0.00531	0.00512	0.00494	0.14144

[dist]
# distance from previous block
# <min> <max>
0	1

[block]
# block no. 1 follows, 44 sequences, length 6
# corresponding to MSA columns:
# 115-120
name=unknown_B
#
# <colnr> <probs for GDERKNQSTAVLIFYWHMCP>
#	G	D	E	R	K	N	Q	S	T	A	V	L	I	F	Y	W	H	M	C	P
0	0.01315	0.01251	0.02081	0.11445	0.64070	0.01291	0.01599	0.01729	0.06551	0.01774	0.01104	0.01409	0.00905	0.00510	0.00541	0.00166	0.00641	0.00495	0.00287	0.00836
1	0.01083	0.01024	0.01732	0.66784	0.16083	0.01225	0.01541	0.01440	0.01115	0.01458	0.00978	0.01436	0.00750	0.00535	0.00544	0.00178	0.00714	0.00485	0.00247	0.00649
2	0.05083	0.01499	0.01663	0.10488	0.13087	0.16194	0.06287	0.14530	0.14238	0.02043	0.01223	0.01368	0.00944	0.00570	0.00520	0.00158	0.00663	0.00470	0.00372	0.08598
3	0.01035	0.00959	0.01514	0.42167	0.14323	0.01099	0.01271	0.01329	0.01100	0.01473	0.01515	0.01881	0.09509	0.00915	0.06483	0.00228	0.06208	0.00557	0.00285	0.06149
4	0.08064	0.03199	0.03636	0.01017	0.01398	0.06877	0.00840	0.10538	0.15013	0.24389	0.05462	0.03900	0.01403	0.00670	0.00514	0.00158	0.00500	0.00531	0.00505	0.11384
5	0.01473	0.01235	0.13163	0.06923	0.01599	0.01004	0.00999	0.12605	0.03484	0.19452	0.09418	0.07676	0.01682	0.06335	0.00757	0.00195	0.03659	0.00630	0.00462	0.07250

[dist]
# distance from previous block
# <min> <max>
1	13

[block]
# block no. 2 follows, 44 sequences, length 74
# corresponding to MSA columns:
# 134-207
name=unknown_C
#
# <colnr> <probs for GDERKNQSTAVLIFYWHMCP>
#	G	D	E	R	K	N	Q	S	T	A	V	L	I	F	Y	W	H	M	C	P
0	0.08653	0.08810	0.20450	0.01129	0.01603	0.02520	0.01115	0.13215	0.05113	0.13909	0.01344	0.02608	0.02112	0.03205	0.00614	0.00171	0.03690	0.00466	0.00396	0.08877
1	0.01434	0.39513	0.05846	0.01205	0.01593	0.10890	0.07999	0.01779	0.08440	0.02567	0.01112	0.01261	0.02914	0.00660	0.02205	0.00166	0.09010	0.00421	0.00289	0.00697
2	0.03548	0.01339	0.09471	0.01627	0.02068	0.02701	0.37457	0.03886	0.01271	0.08226	0.01605	0.12755	0.04247	0.00754	0.00660	0.03101	0.00704	0.00723	0.00357	0.03500
3	0.01753	0.06955	0.01587	0.05151	0.04301	0.12073	0.01004	0.32160	0.15896	0.05842	0.01421	0.03552	0.01093	0.00653	0.00524	0.00160	0.00606	0.00505	0.00460	0.04303
4	0.00706	0.00504	0.00659	0.00769	0.00810	0.00479	0.00516	0.02799	0.01079	0.01439	0.02927	0.76417	0.03492	0.03646	0.00743	0.00227	0.00329	0.01502	0.00503	0.00453
5	0.00650	0.00549	0.00556	0.00559	0.00733	0.00462	0.00414	0.00782	0.01222	0.01457	0.05326	0.07239	0.72679	0.04067	0.00718	0.00197	0.00286	0.01149	0.00500	0.00455
6	0.01278	0.42460	0.39990	0.01240	0.01874	0.01717	0.01467	0.01679	0.01129	0.01502	0.00867	0.01011	0.00695	0.00492	0.00433	0.00144	0.00693	0.00347	0.00232	0.00752
7	0.00886	0.00586	0.00707	0.00661	0.00833	0.00520	0.00501	0.01095	0.01417	0.08824	0.41371	0.05645	0.29798	0.01162	0.00627	0.00175	0.00284	0.00998	0.03378	0.00532
8	0.00717	0.00553	0.00658	0.00665	0.00806	0.00494	0.00503	0.00907	0.01342	0.01760	0.33351	0.12554	0.34866	0.01320	0.00658	0.00189	0.00292	0.07338	0.00543	0.00483
9	0.01337	0.01283	0.02190	0.06336	0.74548	0.01292	0.01667	0.01662	0.01235	0.01766	0.01023	0.01353	0.00858	0.00488	0.00540	0.00163	0.00651	0.00486	0.00269	0.00853
10	0.43382	0.01084	0.01151	0.01005	0.01205	0.01352	0.00826	0.05359	0.00975	0.01989	0.00842	0.01161	0.00736	0.02696	0.06276	0.00249	0.28403	0.00400	0.00310	0.00597
11	0.01841	0.08677	0.04139	0.01706	0.15050	0.52283	0.01182	0.05976	0.01499	0.01534	0.00897	0.01062	0.00742	0.00544	0.00492	0.00145	0.00865	0.00379	0.00288	0.00700
12	0.66716	0.01027	0.00917	0.09159	0.01358	0.01163	0.00692	0.01548	0.00976	0.02270	0.02506	0.01039	0.00725	0.00515	0.00372	0.00163	0.00449	0.00333	0.00332	0.07740
13	0.01270	0.08569	0.02112	0.24305	0.49942	0.01351	0.01561	0.01591	0.01187	0.01627	0.00985	0.01334	0.00810	0.00500	0.00524	0.00163	0.00664	0.00467	0.00259	0.00777
14	0.00912	0.00839	0.03346	0.04452	0.01191	0.06072	0.04136	0.03557	0.01176	0.01548	0.10429	0.38999	0.02777	0.06013	0.07468	0.00278	0.02189	0.03665	0.00437	0.00515
15	0.00664	0.00553	0.00579	0.00573	0.00748	0.00469	0.00430	0.00820	0.01289	0.01583	0.16562	0.05066	0.66110	0.01340	0.00644	0.00182	0.00273	0.01125	0.00521	0.00469
16	0.01474	0.03005	0.01373	0.06380	0.01597	0.05455	0.00855	0.25729	0.01624	0.02248	0.01222	0.01336	0.03407	0.00539	0.00472	0.00122	0.00522	0.00418	0.00392	0.41831
17	0.01210	0.10539	0.03213	0.03262	0.08751	0.03338	0.18276	0.01452	0.01068	0.01485	0.01098	0.08568	0.01045	0.00872	0.03683	0.00214	0.27126	0.00587	0.00280	0.03931
18	0.01934	0.00829	0.01112	0.00890	0.01224	0.00734	0.00720	0.03715	0.01577	0.53469	0.24713	0.02511	0.02483	0.00807	0.00577	0.00169	0.00405	0.00679	0.00650	0.00803
19	0.01070	0.00623	0.00824	0.00737	0.00917	0.00566	0.00566	0.01319	0.01546	0.15682	0.63768	0.03677	0.04467	0.01036	0.00626	0.00171	0.00294	0.00908	0.00613	0.00588
20	0.01364	0.01207	0.02006	0.02944	0.65663	0.01190	0.01506	0.01664	0.01263	0.06969	0.01487	0.01717	0.07428	0.00575	0.00549	0.00164	0.00603	0.00547	0.00318	0.00833
21	0.01056	0.00963	0.01540	0.14417	0.24052	0.01029	0.05912	0.02782	0.01166	0.01598	0.04795	0.16294	0.08581	0.03875	0.00790	0.00200	0.08082	0.00781	0.01449	0.00637
22	0.00887	0.00474	0.00694	0.00721	0.00727	0.00467	0.00480	0.00721	0.00781	0.01042	0.01385	0.18450	0.01513	0.01854	0.01825	0.66261	0.00440	0.00703	0.00294	0.00281
23	0.00762	0.00550	0.00721	0.00692	0.00812	0.00508	0.00514	0.01006	0.01500	0.02118	0.70810	0.10608	0.05012	0.01165	0.00648	0.00176	0.00262	0.01034	0.00592	0.00508
24	0.01093	0.02820	0.78016	0.01554	0.02360	0.01266	0.02014	0.01727	0.01151	0.01727	0.00978	0.01151	0.00691	0.00518	0.00518	0.00173	0.00806	0.00403	0.00230	0.00806
25	0.03994	0.15355	0.03055	0.48817	0.02885	0.01451	0.03076	0.04829	0.01136	0.01508	0.00919	0.01295	0.00727	0.00571	0.00624	0.00174	0.08237	0.00446	0.00258	0.00642
26	0.00779	0.00584	0.00876	0.00876	0.00974	0.00681	0.00681	0.00974	0.00876	0.01266	0.01460	0.02142	0.01363	0.04089	0.78680	0.00876	0.01460	0.00584	0.00292	0.00487
27	0.01105	0.05243	0.75691	0.01535	0.02330	0.01294	0.01981	0.01724	0.01150	0.01713	0.00972	0.01142	0.00691	0.00516	0.00513	0.00171	0.00799	0.00399	0.00230	0.00802
28	0.03288	0.03944	0.01832	0.04262	0.36187	0.03026	0.01277	0.15095	0.04143	0.17861	0.01325	0.01438	0.00983	0.00577	0.00558	0.00165	0.02277	0.00491	0.00412	0.00860
29	0.01731	0.38878	0.02201	0.01284	0.05936	0.31590	0.01032	0.08667	0.01418	0.01530	0.00857	0.00984	0.00731	0.00522	0.00434	0.00133	0.00743	0.00344	0.00283	0.00704
30	0.01211	0.01024	0.01310	0.01050	0.06125	0.00816	0.04202	0.03091	0.01189	0.04050	0.01021	0.01185	0.00831	0.00425	0.00431	0.00095	0.00449	0.00358	0.00333	0.70805
31	0.03434	0.06802	0.01998	0.06536	0.52168	0.07841	0.01424	0.03069	0.01294	0.01773	0.07499	0.01512	0.01192	0.00551	0.00527	0.00159	0.00636	0.00499	0.00302	0.00784
32	0.01520	0.07931	0.01373	0.00991	0.01353	0.01162	0.00801	0.28750	0.02986	0.08569	0.01624	0.17940	0.01491	0.00804	0.00527	0.00153	0.00478	0.00664	0.00469	0.20415
33	0.09176	0.00883	0.01136	0.00903	0.01265	0.00802	0.00736	0.03547	0.01521	0.56593	0.15387	0.02158	0.01954	0.00738	0.00547	0.00169	0.00426	0.00604	0.00630	0.00825
34	0.00887	0.00676	0.00849	0.00917	0.01054	0.00693	0.00733	0.01319	0.14692	0.01685	0.04793	0.25453	0.08316	0.01405	0.00692	0.00224	0.00417	0.34131	0.00515	0.00548
35	0.06950	0.00902	0.00929	0.00832	0.01026	0.07409	0.00621	0.06711	0.05520	0.10587	0.31008	0.05938	0.02906	0.15157	0.00969	0.00234	0.00439	0.00767	0.00505	0.00589
36	0.06854	0.15344	0.47088	0.01528	0.02200	0.01430	0.14832	0.01706	0.01153	0.01706	0.00949	0.01145	0.00710	0.00498	0.00500	0.00165	0.00763	0.00420	0.00246	0.00761
37	0.00659	0.00495	0.00612	0.00705	0.00777	0.00447	0.00482	0.00765	0.01096	0.01413	0.03663	0.60816	0.22850	0.01622	0.00682	0.00212	0.00306	0.01445	0.00506	0.00447
38	0.00664	0.00474	0.00633	0.00759	0.00791	0.00443	0.00506	0.00759	0.01044	0.01392	0.03005	0.80485	0.03606	0.01708	0.00696	0.00221	0.00316	0.01550	0.00506	0.00443
39	0.01643	0.01135	0.01350	0.01256	0.06644	0.01211	0.00958	0.25351	0.20078	0.14155	0.02033	0.02606	0.03024	0.00849	0.00591	0.00187	0.00516	0.15061	0.00539	0.00814
40	0.01018	0.00687	0.00921	0.00994	0.01150	0.00693	0.00849	0.01366	0.07692	0.06893	0.02761	0.08039	0.02883	0.02890	0.00758	0.00244	0.00487	0.58601	0.00515	0.00557
41	0.00702	0.00500	0.00669	0.00791	0.00836	0.00474	0.00557	0.00817	0.01067	0.01417	0.02941	0.66353	0.03476	0.04491	0.00779	0.00237	0.00352	0.12595	0.00499	0.00448
42	0.00793	0.00529	0.00595	0.00595	0.00595	0.00529	0.00330	0.00793	0.00793	0.01057	0.01718	0.03568	0.01982	0.80840	0.02775	0.00529	0.00529	0.00793	0.00330	0.00330
43	0.01115	0.02671	0.69772	0.01636	0.02414	0.01279	0.10109	0.01729	0.01166	0.01729	0.00992	0.01186	0.00706	0.00512	0.00532	0.00174	0.00818	0.00429	0.00235	0.00798
44	0.02375	0.00939	0.01262	0.00972	0.01384	0.00827	0.00801	0.05466	0.01599	0.72359	0.04635	0.01909	0.01460	0.00689	0.00551	0.00169	0.00462	0.00561	0.00667	0.00914
45	0.01016	0.00508	0.00508	0.00508	0.00635	0.00508	0.00381	0.01270	0.01143	0.02033	0.01778	0.02033	0.01397	0.00635	0.00381	0.00127	0.00254	0.00508	0.83867	0.00508
46	0.84691	0.01054	0.00801	0.00717	0.01054	0.01223	0.00590	0.01603	0.00928	0.02446	0.00759	0.00886	0.00590	0.00506	0.00337	0.00169	0.00422	0.00295	0.00337	0.00590
47	0.02109	0.00863	0.01164	0.00920	0.01284	0.00759	0.00749	0.02356	0.03123	0.62034	0.16238	0.02276	0.02069	0.00759	0.00566	0.00170	0.00424	0.00632	0.00658	0.00849
48	0.01309	0.01240	0.02035	0.12937	0.59894	0.01291	0.01567	0.01766	0.09177	0.01784	0.01144	0.01435	0.00931	0.00520	0.00542	0.00167	0.00635	0.00499	0.00296	0.00830
49	0.00932	0.00746	0.01041	0.00983	0.01078	0.00902	0.00772	0.06130	0.00997	0.01428	0.01456	0.08656	0.01427	0.05208	0.50851	0.00648	0.15250	0.00647	0.00319	0.00528
50	0.06984	0.13662	0.08438	0.06007	0.03792	0.03123	0.10423	0.08295	0.01192	0.01702	0.01097	0.01441	0.02117	0.03498	0.09871	0.00264	0.13279	0.00479	0.01597	0.02739
51	0.00715	0.05538	0.00728	0.00652	0.00784	0.00566	0.00471	0.00828	0.01124	0.01395	0.03998	0.31196	0.39815	0.08662	0.00838	0.00224	0.00332	0.01205	0.00473	0.00457
52	0.01250	0.16798	0.12511	0.03962	0.24002	0.02643	0.07751	0.04034	0.01173	0.01604	0.01046	0.01372	0.00885	0.01151	0.14481	0.00287	0.03585	0.00466	0.00269	0.00728
53	0.12653	0.03424	0.36925	0.01234	0.01812	0.01188	0.02470	0.06467	0.06443	0.12463	0.03862	0.01382	0.01014	0.00573	0.00498	0.00165	0.00622	0.00445	0.00367	0.05990
54	0.05632	0.33137	0.22663	0.01139	0.01639	0.05919	0.01194	0.04226	0.01209	0.09529	0.01034	0.01167	0.00813	0.00775	0.05834	0.00198	0.02476	0.00383	0.00301	0.00734
55	0.01178	0.08889	0.01179	0.00907	0.01118	0.01033	0.00697	0.18034	0.07733	0.01857	0.01810	0.20426	0.01839	0.15747	0.11508	0.00333	0.00613	0.00790	0.00424	0.03886
56	0.00704	0.00495	0.00655	0.00740	0.00787	0.00474	0.00503	0.00788	0.01024	0.01366	0.05592	0.56107	0.08031	0.06482	0.07580	0.06046	0.00432	0.01302	0.00463	0.00430
57	0.01314	0.52137	0.09277	0.02769	0.01484	0.01790	0.01018	0.01632	0.06291	0.01473	0.07430	0.01318	0.01162	0.00664	0.02273	0.00159	0.06424	0.00408	0.00288	0.00690
58	0.01165	0.09317	0.61475	0.01524	0.02249	0.01345	0.06831	0.04271	0.01209	0.01746	0.01038	0.01309	0.00785	0.00545	0.00520	0.00171	0.00778	0.02681	0.00253	0.00787
59	0.01354	0.00999	0.01105	0.00985	0.01266	0.01083	0.00765	0.06873	0.43735	0.10940	0.07705	0.09153	0.09866	0.00902	0.00581	0.00184	0.00408	0.00762	0.00562	0.00773
60	0.01520	0.74459	0.02736	0.00958	0.01414	0.06022	0.00935	0.01695	0.01145	0.03854	0.00809	0.00913	0.00722	0.00478	0.00364	0.00120	0.00599	0.00303	0.00250	0.00704
61	0.00763	0.00557	0.00717	0.00677	0.00809	0.00511	0.00508	0.01012	0.01523	0.02137	0.72239	0.04153	0.10087	0.01133	0.00643	0.00172	0.00259	0.00997	0.00594	0.00511
62	0.01458	0.81168	0.02857	0.00933	0.01399	0.02157	0.00933	0.01632	0.01108	0.01283	0.00758	0.00875	0.00700	0.00466	0.00350	0.00117	0.00583	0.00292	0.00233	0.00700
63	0.03370	0.68690	0.05492	0.00994	0.01456	0.07754	0.00977	0.03476	0.01173	0.01382	0.00786	0.00904	0.00703	0.00481	0.00371	0.00123	0.00618	0.00305	0.00247	0.00702
64	0.00895	0.00604	0.00767	0.00708	0.00868	0.00559	0.00537	0.01183	0.04179	0.07308	0.62473	0.03961	0.11674	0.01097	0.00633	0.00173	0.00279	0.00959	0.00595	0.00550
65	0.00772	0.00557	0.00729	0.00686	0.00814	0.00514	0.00514	0.01029	0.01543	0.02186	0.77152	0.04072	0.05144	0.01115	0.00643	0.00171	0.00257	0.00986	0.00600	0.00514
66	0.00824	0.00638	0.00882	0.06306	0.07537	0.00621	0.00653	0.01043	0.01338	0.01853	0.45703	0.09745	0.09107	0.10328	0.00879	0.00218	0.00360	0.00943	0.00502	0.00520
67	0.04026	0.02995	0.13247	0.01331	0.09455	0.01083	0.01100	0.13050	0.01586	0.40807	0.04609	0.01656	0.01252	0.00637	0.00537	0.00167	0.00549	0.00516	0.00525	0.00873
68	0.00683	0.00488	0.00654	0.00780	0.00820	0.00459	0.00538	0.00791	0.01062	0.01412	0.02995	0.74126	0.03566	0.01691	0.00701	0.00224	0.00332	0.07727	0.00506	0.00448
69	0.00819	0.00563	0.00739	0.00702	0.00832	0.00518	0.00523	0.01060	0.01501	0.04657	0.68292	0.10534	0.04885	0.01151	0.00644	0.00176	0.00269	0.01019	0.00595	0.00522
70	0.01686	0.09611	0.22221	0.01447	0.03429	0.38424	0.02962	0.09212	0.01473	0.01660	0.00924	0.01073	0.00727	0.00555	0.00523	0.00153	0.02527	0.00385	0.00288	0.00720
71	0.00766	0.00571	0.00775	0.00963	0.07362	0.00541	0.00622	0.00909	0.01106	0.01493	0.03011	0.51901	0.11424	0.02668	0.00694	0.00214	0.00358	0.08466	0.05669	0.00489
72	0.02433	0.00949	0.01278	0.00980	0.01402	0.00833	0.00810	0.05251	0.01596	0.75173	0.02121	0.01836	0.01335	0.00674	0.00548	0.00169	0.00469	0.00546	0.00670	0.00928
73	0.01231	0.01165	0.01873	0.42436	0.35347	0.03932	0.01552	0.01566	0.01181	0.03104	0.01013	0.01400	0.00797	0.00523	0.00541	0.00171	0.00696	0.00482	0.00264	0.00724

[dist]
# distance from previous block
# <min> <max>
0	11

[block]
# block no. 3 follows, 44 sequences, length 10
# corresponding to MSA columns:
# 219-228
name=unknown_D
#
# <colnr> <probs for GDERKNQSTAVLIFYWHMCP>
#	G	D	E	R	K	N	Q	S	T	A	V	L	I	F	Y	W	H	M	C	P
0	0.01575	0.07955	0.01963	0.16852	0.20542	0.16367	0.08724	0.05407	0.04012	0.09734	0.01140	0.01348	0.00872	0.00545	0.00528	0.00162	0.00721	0.00471	0.00330	0.00753
1	0.77375	0.08097	0.00982	0.00736	0.01085	0.01305	0.00621	0.01605	0.00944	0.02344	0.00759	0.00885	0.00600	0.00503	0.00338	0.00164	0.00436	0.00295	0.00328	0.00600
2	0.08505	0.04771	0.40968	0.03080	0.03444	0.05811	0.01422	0.01596	0.01162	0.05448	0.01411	0.14060	0.01295	0.00760	0.00536	0.00179	0.00661	0.03864	0.00322	0.00704
3	0.03769	0.00594	0.00743	0.00704	0.00858	0.00547	0.00528	0.01121	0.01428	0.08190	0.51262	0.13351	0.12519	0.01161	0.00631	0.00179	0.00289	0.01014	0.00575	0.00536
4	0.01122	0.09016	0.72072	0.01505	0.02284	0.01337	0.01929	0.01719	0.01148	0.01691	0.00961	0.01129	0.00691	0.00514	0.00505	0.00168	0.00788	0.00394	0.00230	0.00797
5	0.01458	0.81168	0.02857	0.00933	0.01399	0.02157	0.00933	0.01632	0.01108	0.01283	0.00758	0.00875	0.00700	0.00466	0.00350	0.00117	0.00583	0.00292	0.00233	0.00700
6	0.01007	0.00948	0.01039	0.01002	0.01117	0.13018	0.00776	0.01183	0.00985	0.01285	0.01361	0.04990	0.01293	0.03173	0.56760	0.00680	0.07993	0.00577	0.00294	0.00517
7	0.01033	0.00993	0.01884	0.01484	0.01774	0.00999	0.33390	0.01364	0.02902	0.01602	0.04357	0.12463	0.01553	0.01627	0.20751	0.00365	0.04541	0.00747	0.05563	0.00606
8	0.16845	0.01742	0.01379	0.01172	0.01516	0.27908	0.00924	0.27157	0.09646	0.02355	0.01275	0.01318	0.03209	0.00627	0.00493	0.00159	0.00671	0.00441	0.00417	0.00744
9	0.01991	0.01422	0.01548	0.01195	0.01624	0.01539	0.00982	0.60312	0.07621	0.08876	0.01416	0.01390	0.01004	0.00646	0.00537	0.00160	0.00565	0.00494	0.00542	0.06136

[dist]
# distance from previous block
# <min> <max>
1	18

[block]
# block no. 4 follows, 44 sequences, length 270
# corresponding to MSA columns:
# 247-289,295-337,339-522
name=unknown_E
#
# <colnr> <probs for GDERKNQSTAVLIFYWHMCP>
#	G	D	E	R	K	N	Q	S	T	A	V	L	I	F	Y	W	H	M	C	P
0	0.01326	0.01272	0.02171	0.08910	0.72058	0.01289	0.01662	0.01653	0.01230	0.01753	0.01021	0.01357	0.00854	0.00490	0.00540	0.00163	0.00653	0.00486	0.00268	0.00845
1	0.05043	0.31769	0.46644	0.01286	0.01944	0.01594	0.01549	0.01686	0.01125	0.01595	0.00887	0.01036	0.00689	0.00498	0.00447	0.00152	0.00706	0.00357	0.00236	0.00757
2	0.05021	0.00555	0.00653	0.00689	0.00730	0.00562	0.00445	0.00842	0.00927	0.01299	0.03547	0.32144	0.05620	0.39084	0.03092	0.00374	0.02551	0.01056	0.00405	0.00404
3	0.01329	0.01305	0.02081	0.16196	0.61152	0.05127	0.01615	0.01651	0.01231	0.01693	0.01007	0.01349	0.00832	0.00500	0.00538	0.00164	0.00678	0.00479	0.00266	0.00808
4	0.01929	0.02342	0.01508	0.01353	0.01627	0.65095	0.01026	0.07030	0.03071	0.01537	0.04782	0.01191	0.00963	0.00614	0.00553	0.00148	0.03860	0.00403	0.00319	0.00649
5	0.00785	0.00527	0.00595	0.00599	0.00604	0.00524	0.00338	0.00792	0.00812	0.01078	0.01855	0.05983	0.03955	0.76369	0.02656	0.00510	0.00516	0.00825	0.00340	0.00337
6	0.01348	0.01299	0.02232	0.03326	0.75983	0.01297	0.03114	0.01675	0.01242	0.01780	0.01027	0.01352	0.00863	0.00485	0.00542	0.00162	0.00653	0.00489	0.00270	0.00861
7	0.01251	0.36797	0.45422	0.01285	0.01943	0.01653	0.01545	0.01686	0.01132	0.01534	0.00883	0.01031	0.00695	0.00496	0.00445	0.00148	0.00709	0.00355	0.00232	0.00760
8	0.02037	0.02598	0.01545	0.01404	0.01685	0.78652	0.01053	0.02177	0.01545	0.01334	0.00843	0.00983	0.00702	0.00562	0.00492	0.00140	0.00983	0.00351	0.00281	0.00632
9	0.00667	0.00476	0.00632	0.00756	0.00786	0.00445	0.00502	0.00760	0.01038	0.01384	0.02977	0.78800	0.03570	0.03441	0.00741	0.00228	0.00321	0.01533	0.00502	0.00440
10	0.00963	0.00850	0.08442	0.00869	0.01109	0.00645	0.04317	0.01236	0.01418	0.09079	0.45021	0.10489	0.11269	0.01064	0.00627	0.00178	0.00370	0.00939	0.00537	0.00581
11	0.01656	0.01224	0.01352	0.01106	0.01432	0.01356	0.00889	0.48633	0.08733	0.02774	0.01557	0.06955	0.01283	0.03312	0.11289	0.00275	0.00666	0.00595	0.04117	0.00794
12	0.00783	0.00525	0.00597	0.00607	0.00609	0.00522	0.00343	0.00790	0.00811	0.01082	0.01813	0.09260	0.02102	0.74984	0.02621	0.00506	0.00513	0.00849	0.00343	0.00339
13	0.00947	0.00473	0.00710	0.00710	0.00710	0.00473	0.00473	0.00710	0.00710	0.00947	0.00947	0.01657	0.00947	0.01894	0.02131	0.84138	0.00473	0.00473	0.00237	0.00237
14	0.01542	0.69720	0.02666	0.01002	0.01441	0.13303	0.00950	0.01712	0.01171	0.01290	0.00770	0.00890	0.00700	0.00480	0.00370	0.00120	0.00641	0.00300	0.00240	0.00690
15	0.01825	0.03484	0.01509	0.01333	0.03526	0.42199	0.01007	0.14568	0.17879	0.01919	0.01244	0.01304	0.00971	0.00621	0.00533	0.00155	0.02147	0.00441	0.02601	0.00735
16	0.00686	0.00488	0.00647	0.00759	0.00798	0.00459	0.00515	0.00792	0.01067	0.01427	0.06711	0.69314	0.03582	0.05607	0.00799	0.00236	0.00332	0.04837	0.00502	0.00444
17	0.00756	0.00557	0.00707	0.00669	0.00805	0.00508	0.00502	0.00999	0.01506	0.02099	0.68374	0.04216	0.13977	0.01147	0.00643	0.00173	0.00260	0.01006	0.00589	0.00508
18	0.01071	0.00743	0.00965	0.12523	0.01381	0.00777	0.00739	0.05712	0.03280	0.09675	0.09872	0.21257	0.16929	0.01093	0.00666	0.00187	0.04764	0.00927	0.06857	0.00582
19	0.01103	0.04899	0.76021	0.01537	0.02334	0.01290	0.01986	0.01724	0.01150	0.01715	0.00973	0.01144	0.00691	0.00517	0.00513	0.00171	0.00800	0.00400	0.00230	0.00803
20	0.01139	0.00627	0.00639	0.00595	0.00758	0.00646	0.00457	0.09920	0.01308	0.02196	0.01724	0.01948	0.01343	0.00637	0.00400	0.00131	0.00294	0.00506	0.74174	0.00557
21	0.01270	0.01571	0.09046	0.02221	0.02781	0.01376	0.68155	0.01736	0.01267	0.01736	0.01085	0.01440	0.00814	0.00474	0.00657	0.00184	0.02556	0.00621	0.00271	0.00738
22	0.01828	0.07582	0.05549	0.01377	0.01664	0.54621	0.01114	0.05542	0.01441	0.01449	0.00848	0.01031	0.00714	0.00615	0.00676	0.00156	0.12481	0.00375	0.00282	0.00654
23	0.84691	0.01054	0.00801	0.00717	0.01054	0.01223	0.00590	0.01603	0.00928	0.02446	0.00759	0.00886	0.00590	0.00506	0.00337	0.00169	0.00422	0.00295	0.00337	0.00590
24	0.01257	0.00965	0.01143	0.00823	0.01302	0.00734	0.00661	0.01497	0.01172	0.09111	0.01083	0.01200	0.00860	0.00430	0.00418	0.00089	0.00410	0.00345	0.00357	0.76143
25	0.00664	0.00474	0.00633	0.00759	0.00791	0.00443	0.00506	0.00759	0.01044	0.01392	0.03005	0.80485	0.03606	0.01708	0.00696	0.00221	0.00316	0.01550	0.00506	0.00443
26	0.00792	0.00531	0.00605	0.00604	0.00610	0.00532	0.00344	0.00803	0.00812	0.01089	0.03447	0.03542	0.02039	0.76986	0.04723	0.00529	0.00547	0.00792	0.00336	0.00339
27	0.01458	0.81168	0.02857	0.00933	0.01399	0.02157	0.00933	0.01632	0.01108	0.01283	0.00758	0.00875	0.00700	0.00466	0.00350	0.00117	0.00583	0.00292	0.00233	0.00700
28	0.05529	0.10850	0.04736	0.06752	0.25603	0.03501	0.31803	0.01694	0.01225	0.01706	0.01003	0.01310	0.00798	0.00480	0.00548	0.00167	0.00758	0.00512	0.00269	0.00755
29	0.00928	0.04264	0.01052	0.00938	0.04492	0.02630	0.04430	0.04630	0.02838	0.01963	0.41809	0.10493	0.15265	0.01077	0.00621	0.00175	0.00368	0.00946	0.00518	0.00563
30	0.00664	0.00474	0.00633	0.00759	0.00791	0.00443	0.00506	0.00759	0.01044	0.01392	0.03005	0.80485	0.03606	0.01708	0.00696	0.00221	0.00316	0.01550	0.00506	0.00443
31	0.00797	0.00536	0.00623	0.00639	0.00652	0.00535	0.00389	0.00824	0.00845	0.01123	0.01870	0.06189	0.02144	0.70747	0.02516	0.00492	0.00519	0.07855	0.00352	0.00350
32	0.01330	0.47347	0.24770	0.01273	0.01844	0.01790	0.09687	0.01704	0.02980	0.01489	0.00897	0.01051	0.00735	0.00487	0.00437	0.00142	0.00682	0.00372	0.00245	0.00739
33	0.01341	0.01283	0.02173	0.05386	0.73557	0.01295	0.01649	0.01695	0.03074	0.01783	0.01053	0.01369	0.00879	0.00494	0.00540	0.00163	0.00645	0.00489	0.00276	0.00856
34	0.01005	0.00560	0.00568	0.00554	0.00701	0.00554	0.00418	0.04578	0.01219	0.02005	0.02299	0.04160	0.11863	0.00762	0.00432	0.00139	0.00274	0.00619	0.66770	0.00519
35	0.00972	0.00731	0.01055	0.01287	0.11607	0.00728	0.00936	0.01265	0.03594	0.03351	0.08142	0.07136	0.04850	0.01297	0.00701	0.00226	0.00490	0.50577	0.00483	0.00570
36	0.03600	0.77054	0.02770	0.00940	0.01398	0.04146	0.00927	0.01646	0.01115	0.01314	0.00760	0.00878	0.00697	0.00470	0.00353	0.00119	0.00589	0.00293	0.00237	0.00695
37	0.00780	0.00579	0.00851	0.00851	0.00940	0.00668	0.00651	0.00958	0.00869	0.01247	0.01483	0.02267	0.01417	0.10838	0.72005	0.00846	0.01378	0.00602	0.00295	0.00473
38	0.00710	0.00555	0.00643	0.00621	0.00777	0.00488	0.00466	0.00909	0.01397	0.01840	0.42404	0.04642	0.40108	0.01244	0.00644	0.00178	0.00266	0.01066	0.00555	0.00488
39	0.00685	0.00571	0.00600	0.00590	0.00769	0.00495	0.00443	0.00883	0.03432	0.01612	0.17122	0.04964	0.63303	0.01319	0.00642	0.00182	0.00277	0.01109	0.00523	0.00481
40	0.02446	0.00928	0.01265	0.00970	0.01392	0.00801	0.00801	0.02657	0.01560	0.77817	0.02151	0.01856	0.01350	0.00675	0.00548	0.00169	0.00464	0.00548	0.00675	0.00928
41	0.00664	0.00476	0.00631	0.00754	0.00789	0.00443	0.00504	0.00760	0.01049	0.01394	0.03066	0.78648	0.05403	0.01700	0.00695	0.00220	0.00315	0.01540	0.00506	0.00443
42	0.02072	0.01527	0.01636	0.01254	0.01691	0.01691	0.01036	0.75622	0.02563	0.03436	0.01309	0.01309	0.00927	0.00654	0.00545	0.00164	0.00600	0.00491	0.00545	0.00927
43	0.01016	0.00508	0.00508	0.00508	0.00635	0.00508	0.00381	0.01270	0.01143	0.02033	0.01778	0.02033	0.01397	0.00635	0.00381	0.00127	0.00254	0.00508	0.83867	0.00508
44	0.01396	0.01175	0.01244	0.01110	0.01424	0.01353	0.00866	0.04752	0.73045	0.03843	0.02194	0.02012	0.01639	0.00736	0.00554	0.00184	0.00436	0.00612	0.00557	0.00866
45	0.01130	0.00969	0.01130	0.00807	0.01292	0.00727	0.00646	0.01373	0.01130	0.01776	0.00969	0.01130	0.00807	0.00404	0.00404	0.00081	0.00404	0.00323	0.00323	0.84173
46	0.01130	0.00969	0.01130	0.00807	0.01292	0.00727	0.00646	0.01373	0.01130	0.01776	0.00969	0.01130	0.00807	0.00404	0.00404	0.00081	0.00404	0.00323	0.00323	0.84173
47	0.01030	0.00969	0.01635	0.79530	0.03755	0.01211	0.01514	0.01393	0.01090	0.01393	0.00969	0.01453	0.00727	0.00545	0.00545	0.00182	0.00727	0.00484	0.00242	0.00606
48	0.00787	0.00583	0.00721	0.00682	0.00826	0.00545	0.00513	0.01087	0.04902	0.02088	0.61847	0.04084	0.14764	0.01121	0.00632	0.00173	0.00268	0.00979	0.02875	0.00523
49	0.00780	0.00577	0.00843	0.00843	0.00928	0.00663	0.00639	0.00952	0.00866	0.01241	0.01491	0.02312	0.01437	0.13263	0.69607	0.00835	0.01349	0.00609	0.00297	0.00468
50	0.01030	0.00969	0.01635	0.79530	0.03755	0.01211	0.01514	0.01393	0.01090	0.01393	0.00969	0.01453	0.00727	0.00545	0.00545	0.00182	0.00727	0.00484	0.00242	0.00606
51	0.01229	0.01354	0.02782	0.07410	0.02626	0.01366	0.56887	0.01619	0.01201	0.01647	0.01125	0.04937	0.00928	0.00589	0.00796	0.00193	0.11691	0.00650	0.00279	0.00694
52	0.00875	0.00645	0.00791	0.00736	0.00899	0.00626	0.00558	0.01288	0.11263	0.03877	0.59476	0.03858	0.10844	0.01079	0.00629	0.00174	0.00286	0.00942	0.00588	0.00565
53	0.06191	0.00934	0.01244	0.00958	0.01376	0.00820	0.00792	0.02609	0.01532	0.74385	0.02087	0.01811	0.01315	0.00667	0.00539	0.00169	0.00462	0.00537	0.00659	0.00912
54	0.01840	0.01411	0.01505	0.01207	0.01602	0.01582	0.00980	0.51980	0.26584	0.03060	0.01605	0.01545	0.01167	0.00682	0.00548	0.00171	0.00545	0.00532	0.00548	0.00906
55	0.00685	0.00493	0.00653	0.00771	0.00813	0.00466	0.00524	0.00813	0.02333	0.01431	0.04548	0.75126	0.03590	0.01673	0.00694	0.00221	0.00323	0.03880	0.00509	0.00453
56	0.00816	0.00602	0.00785	0.00827	0.00966	0.00578	0.00681	0.01079	0.02882	0.01820	0.29849	0.05191	0.14563	0.01332	0.00694	0.00211	0.00380	0.35696	0.00539	0.00508
57	0.84691	0.01054	0.00801	0.00717	0.01054	0.01223	0.00590	0.01603	0.00928	0.02446	0.00759	0.00886	0.00590	0.00506	0.00337	0.00169	0.00422	0.00295	0.00337	0.00590
58	0.00680	0.00476	0.00627	0.00748	0.00784	0.00446	0.00500	0.00782	0.01048	0.01421	0.02949	0.76912	0.03505	0.01659	0.00682	0.00217	0.00313	0.01502	0.04302	0.00446
59	0.01293	0.01451	0.03118	0.05452	0.02862	0.01378	0.70837	0.03302	0.01306	0.01768	0.01102	0.01466	0.00825	0.00467	0.00637	0.00183	0.00904	0.00634	0.00280	0.00734
60	0.00671	0.00479	0.00641	0.00767	0.00802	0.00449	0.00518	0.00771	0.01051	0.01400	0.03001	0.78057	0.03590	0.01701	0.00698	0.00222	0.00322	0.03908	0.00506	0.00445
61	0.00772	0.00557	0.00729	0.00686	0.00814	0.00514	0.00514	0.01029	0.01543	0.02186	0.77152	0.04072	0.05144	0.01115	0.00643	0.00171	0.00257	0.00986	0.00600	0.00514
62	0.01430	0.01188	0.01259	0.01115	0.01435	0.01363	0.00872	0.07560	0.69796	0.04286	0.02159	0.01983	0.01609	0.00733	0.00554	0.00183	0.00443	0.00607	0.00557	0.00869
63	0.02057	0.01520	0.01628	0.01251	0.01685	0.01684	0.01033	0.74093	0.04117	0.03412	0.01328	0.01324	0.00943	0.00656	0.00546	0.00164	0.00596	0.00493	0.00546	0.00926
64	0.00780	0.00526	0.00610	0.00621	0.00628	0.00527	0.00361	0.00797	0.00819	0.01096	0.01826	0.10583	0.02106	0.70415	0.05697	0.00515	0.00547	0.00854	0.00345	0.00347
65	0.00657	0.00553	0.00569	0.00565	0.00744	0.00465	0.00424	0.00806	0.01272	0.01542	0.12432	0.05133	0.70266	0.01355	0.00644	0.00183	0.00274	0.01135	0.00515	0.00465
66	0.09677	0.01394	0.01385	0.01158	0.01487	0.08603	0.00927	0.28198	0.25051	0.06180	0.01499	0.01528	0.01129	0.02369	0.00668	0.00182	0.06768	0.00506	0.00482	0.00809
67	0.00872	0.00598	0.00744	0.00688	0.00851	0.00544	0.00522	0.02576	0.01506	0.06574	0.57084	0.04116	0.19000	0.01131	0.00636	0.00174	0.00280	0.00982	0.00585	0.00537
68	0.02391	0.00953	0.01273	0.00983	0.01400	0.00847	0.00810	0.04533	0.04724	0.72750	0.02132	0.01849	0.01352	0.00677	0.00548	0.00169	0.00466	0.00550	0.00666	0.00925
69	0.01497	0.01576	0.02069	0.02928	0.61114	0.17966	0.01540	0.01782	0.01307	0.01685	0.00986	0.01270	0.00829	0.00502	0.00529	0.00157	0.00720	0.00457	0.00272	0.00814
70	0.01145	0.00913	0.01079	0.07979	0.01432	0.01004	0.00831	0.02012	0.37267	0.04997	0.12441	0.03228	0.09680	0.00957	0.00606	0.00193	0.00432	0.12580	0.00524	0.00698
71	0.00664	0.00474	0.00633	0.00759	0.00791	0.00443	0.00506	0.00759	0.01044	0.01392	0.03005	0.80485	0.03606	0.01708	0.00696	0.00221	0.00316	0.01550	0.00506	0.00443
72	0.57622	0.01148	0.01037	0.00864	0.01232	0.01285	0.00712	0.18351	0.01361	0.10454	0.01026	0.01081	0.00745	0.00557	0.00406	0.00168	0.00466	0.00365	0.00419	0.00701
73	0.18926	0.01187	0.04814	0.01066	0.01473	0.01139	0.04653	0.19455	0.03183	0.30942	0.04603	0.03579	0.01255	0.00663	0.00516	0.00170	0.00513	0.00526	0.00525	0.00813
74	0.01355	0.01453	0.02938	0.02126	0.02621	0.01433	0.62198	0.08837	0.01373	0.01874	0.01091	0.01432	0.00828	0.00519	0.00728	0.00186	0.07353	0.00615	0.00299	0.00742
75	0.01030	0.00969	0.01635	0.79530	0.03755	0.01211	0.01514	0.01393	0.01090	0.01393	0.00969	0.01453	0.00727	0.00545	0.00545	0.00182	0.00727	0.00484	0.00242	0.00606
76	0.01116	0.06205	0.72284	0.01551	0.02334	0.01309	0.04365	0.01723	0.01154	0.01708	0.00973	0.01149	0.00695	0.00514	0.00515	0.00171	0.00800	0.00406	0.00232	0.00799
77	0.01341	0.01158	0.01219	0.01098	0.01404	0.01338	0.00854	0.02853	0.74908	0.02264	0.02287	0.02100	0.03218	0.00753	0.00557	0.00185	0.00428	0.00627	0.00554	0.00855
78	0.01461	0.01148	0.01236	0.01096	0.01415	0.01303	0.00857	0.02874	0.69230	0.09567	0.02212	0.02017	0.01634	0.00733	0.00554	0.00183	0.00435	0.00610	0.00566	0.00869
79	0.01249	0.01397	0.02985	0.13611	0.02982	0.01354	0.64628	0.01695	0.01258	0.01695	0.01083	0.01468	0.00812	0.00472	0.00629	0.00184	0.00891	0.00620	0.00271	0.00716
80	0.01030	0.00969	0.01635	0.79530	0.03755	0.01211	0.01514	0.01393	0.01090	0.01393	0.00969	0.01453	0.00727	0.00545	0.00545	0.00182	0.00727	0.00484	0.00242	0.00606
81	0.01287	0.01471	0.03217	0.02298	0.02849	0.01379	0.75460	0.01746	0.01287	0.01746	0.01103	0.01471	0.00827	0.00460	0.00643	0.00184	0.00919	0.00643	0.00276	0.00735
82	0.00664	0.00474	0.00633	0.00759	0.00791	0.00443	0.00506	0.00759	0.01044	0.01392	0.03005	0.80485	0.03606	0.01708	0.00696	0.00221	0.00316	0.01550	0.00506	0.00443
83	0.01920	0.12059	0.03647	0.01342	0.01659	0.64900	0.01057	0.02123	0.03928	0.01369	0.00881	0.01009	0.00733	0.00555	0.00477	0.00140	0.00912	0.00354	0.00283	0.00652
84	0.02422	0.00933	0.01264	0.00973	0.01392	0.00813	0.00803	0.02662	0.03201	0.76163	0.02152	0.01860	0.01356	0.00676	0.00548	0.00169	0.00463	0.00550	0.00672	0.00926
85	0.01093	0.02820	0.78016	0.01554	0.02360	0.01266	0.02014	0.01727	0.01151	0.01727	0.00978	0.01151	0.00691	0.00518	0.00518	0.00173	0.00806	0.00403	0.00230	0.00806
86	0.01385	0.01309	0.02068	0.06244	0.57501	0.03678	0.04403	0.07447	0.03341	0.01880	0.01163	0.03079	0.00992	0.00561	0.00552	0.00167	0.00652	0.02441	0.00309	0.00827
87	0.01349	0.01295	0.02213	0.03346	0.77440	0.01295	0.01673	0.01673	0.01241	0.01781	0.01025	0.01349	0.00864	0.00486	0.00540	0.00162	0.00648	0.00486	0.00270	0.00864
88	0.01349	0.01295	0.02213	0.03346	0.77440	0.01295	0.01673	0.01673	0.01241	0.01781	0.01025	0.01349	0.00864	0.00486	0.00540	0.00162	0.00648	0.00486	0.00270	0.00864
89	0.01192	0.01206	0.01956	0.46081	0.14293	0.05782	0.13142	0.01572	0.03142	0.01523	0.01013	0.01417	0.00786	0.00546	0.00610	0.00179	0.04119	0.00505	0.00262	0.00672
90	0.01629	0.01293	0.01391	0.01344	0.10489	0.10048	0.00947	0.18971	0.17983	0.11876	0.12172	0.01990	0.03788	0.00722	0.00553	0.00165	0.00534	0.00591	0.00501	0.03011
91	0.01295	0.46155	0.36445	0.01210	0.01828	0.01759	0.01416	0.01674	0.01127	0.01481	0.00856	0.00998	0.00696	0.00489	0.00425	0.00142	0.00683	0.00341	0.00232	0.00747
92	0.84691	0.01054	0.00801	0.00717	0.01054	0.01223	0.00590	0.01603	0.00928	0.02446	0.00759	0.00886	0.00590	0.00506	0.00337	0.00169	0.00422	0.00295	0.00337	0.00590
93	0.01130	0.00969	0.01130	0.00807	0.01292	0.00727	0.00646	0.01373	0.01130	0.01776	0.00969	0.01130	0.00807	0.00404	0.00404	0.00081	0.00404	0.00323	0.00323	0.84173
94	0.01011	0.00900	0.01467	0.62662	0.03153	0.01096	0.01324	0.01322	0.01093	0.03259	0.01404	0.11074	0.03948	0.00732	0.00608	0.00188	0.03238	0.00638	0.00294	0.00588
95	0.00809	0.00573	0.00724	0.00695	0.00833	0.00527	0.00518	0.01061	0.03048	0.04351	0.56798	0.12048	0.13587	0.01187	0.00644	0.00178	0.00276	0.01043	0.00580	0.00521
96	0.01132	0.10520	0.68561	0.01489	0.02240	0.01365	0.01886	0.01706	0.01138	0.01672	0.00950	0.01125	0.00692	0.00524	0.00535	0.00169	0.02881	0.00394	0.00231	0.00790
97	0.02091	0.01497	0.01617	0.01240	0.01675	0.01645	0.01024	0.71906	0.02512	0.07224	0.01352	0.01337	0.00949	0.00655	0.00546	0.00164	0.00593	0.00494	0.00552	0.00927
98	0.00664	0.00474	0.00633	0.00759	0.00791	0.00443	0.00506	0.00759	0.01044	0.01392	0.03005	0.80485	0.03606	0.01708	0.00696	0.00221	0.00316	0.01550	0.00506	0.00443
99	0.01979	0.02507	0.03320	0.01448	0.03687	0.71040	0.01086	0.03763	0.03610	0.01427	0.00899	0.01033	0.00738	0.00566	0.00496	0.00143	0.00947	0.00366	0.00293	0.00655
100	0.01437	0.01462	0.02128	0.03098	0.67759	0.11180	0.01594	0.01738	0.01280	0.01724	0.01002	0.01303	0.00843	0.00495	0.00534	0.00159	0.00691	0.00469	0.00271	0.00834
101	0.01064	0.01010	0.01709	0.70537	0.05043	0.01228	0.05253	0.01485	0.04535	0.01459	0.01034	0.01479	0.00777	0.00548	0.00550	0.00182	0.00722	0.00499	0.00259	0.00629
102	0.00686	0.00485	0.00630	0.00733	0.00763	0.00457	0.00481	0.00771	0.01020	0.01364	0.04767	0.67207	0.03408	0.13284	0.00999	0.00265	0.00346	0.01424	0.00483	0.00428
103	0.02012	0.01428	0.01555	0.01215	0.01631	0.01566	0.01001	0.62520	0.07776	0.08963	0.01487	0.01552	0.01081	0.00688	0.00553	0.00168	0.00574	0.02764	0.00555	0.00909
104	0.01108	0.07696	0.11170	0.01084	0.01375	0.01003	0.04550	0.04651	0.10065	0.05110	0.09950	0.15932	0.04169	0.01049	0.00658	0.00196	0.03468	0.15672	0.00450	0.00642
105	0.01359	0.01169	0.01282	0.01224	0.05287	0.01338	0.00909	0.04707	0.68208	0.02265	0.02156	0.02114	0.01652	0.00749	0.00560	0.00185	0.00449	0.02995	0.00538	0.00853
106	0.01193	0.01193	0.01670	0.01431	0.01431	0.01670	0.01193	0.01312	0.00835	0.01312	0.00716	0.01193	0.00716	0.00954	0.01789	0.00239	0.79843	0.00477	0.00239	0.00596
107	0.03109	0.06636	0.62477	0.01621	0.07024	0.02862	0.03809	0.01744	0.01169	0.03260	0.00989	0.01163	0.00717	0.00515	0.00510	0.00169	0.00775	0.00408	0.00247	0.00796
108	0.01471	0.01553	0.02075	0.05671	0.39634	0.17246	0.10436	0.04498	0.01333	0.01710	0.03031	0.01354	0.00928	0.00556	0.00631	0.00167	0.06164	0.00490	0.00289	0.00764
109	0.00660	0.00569	0.00590	0.00616	0.02479	0.00479	0.00443	0.00803	0.01243	0.01480	0.05421	0.05158	0.75484	0.01360	0.00642	0.00184	0.00285	0.01135	0.00501	0.00469
110	0.01321	0.01137	0.01266	0.01170	0.03567	0.01292	0.02361	0.04630	0.64691	0.02244	0.04999	0.05494	0.01821	0.00781	0.00565	0.00185	0.00440	0.00665	0.00540	0.00831
111	0.01008	0.02095	0.00926	0.00869	0.01051	0.00777	0.00680	0.01516	0.18403	0.06284	0.20086	0.11858	0.09044	0.01540	0.11376	0.00288	0.00521	0.10561	0.00514	0.00604
112	0.00771	0.00561	0.00688	0.00738	0.00854	0.00521	0.00541	0.00974	0.04211	0.03744	0.12720	0.38328	0.23451	0.01459	0.00671	0.00205	0.00325	0.08223	0.00524	0.00493
113	0.01109	0.06249	0.74726	0.01527	0.02318	0.01305	0.01967	0.01722	0.01149	0.01707	0.00969	0.01139	0.00691	0.00516	0.00511	0.00170	0.00796	0.00398	0.00230	0.00801
114	0.03384	0.18722	0.54791	0.01492	0.04288	0.01454	0.05312	0.01703	0.01145	0.01657	0.00935	0.01109	0.00701	0.00503	0.00485	0.00161	0.00751	0.00391	0.00237	0.00777
115	0.00881	0.00631	0.00868	0.00979	0.01101	0.00633	0.00835	0.02902	0.01255	0.01641	0.02835	0.14576	0.03104	0.01558	0.02217	0.00257	0.00501	0.62220	0.00500	0.00505
116	0.00879	0.00628	0.00879	0.01004	0.01130	0.00628	0.00879	0.01130	0.01255	0.01632	0.02887	0.06150	0.03138	0.01506	0.00753	0.00251	0.00502	0.73770	0.00502	0.00502
117	0.01043	0.03442	0.01673	0.77106	0.03682	0.01240	0.01496	0.01400	0.01091	0.01390	0.00962	0.01436	0.00726	0.00543	0.00539	0.00180	0.00722	0.00479	0.00242	0.00609
118	0.01367	0.01325	0.02168	0.03233	0.73341	0.03274	0.01634	0.01721	0.03389	0.01784	0.01055	0.01359	0.00882	0.00495	0.00539	0.00162	0.00650	0.00486	0.00278	0.00858
119	0.00661	0.00562	0.00571	0.00575	0.00754	0.00479	0.00429	0.00827	0.02880	0.01486	0.05318	0.09123	0.71702	0.01384	0.00645	0.00186	0.00282	0.01160	0.00507	0.00468
120	0.00793	0.00529	0.00595	0.00595	0.00595	0.00529	0.00330	0.00793	0.00793	0.01057	0.01718	0.03568	0.01982	0.80840	0.02775	0.00529	0.00529	0.00793	0.00330	0.00330
121	0.01449	0.01247	0.01468	0.01288	0.03908	0.01402	0.06540	0.12785	0.58291	0.02384	0.01973	0.01871	0.01475	0.00699	0.00560	0.00181	0.00498	0.00597	0.00524	0.00862
122	0.84691	0.01054	0.00801	0.00717	0.01054	0.01223	0.00590	0.01603	0.00928	0.02446	0.00759	0.00886	0.00590	0.00506	0.00337	0.00169	0.00422	0.00295	0.00337	0.00590
123	0.00704	0.00504	0.00661	0.00773	0.00816	0.00478	0.00521	0.02889	0.01087	0.01450	0.02957	0.78232	0.03530	0.01678	0.00692	0.00220	0.00324	0.01520	0.00507	0.00457
124	0.00793	0.00529	0.00595	0.00595	0.00595	0.00529	0.00330	0.00793	0.00793	0.01057	0.01718	0.03568	0.01982	0.80840	0.02775	0.00529	0.00529	0.00793	0.00330	0.00330
125	0.00821	0.00590	0.00798	0.00832	0.00959	0.00566	0.00682	0.01075	0.01411	0.01931	0.42965	0.05029	0.04220	0.01295	0.00694	0.00208	0.00370	0.34491	0.00555	0.00509
126	0.01193	0.01193	0.01670	0.01431	0.01431	0.01670	0.01193	0.01312	0.00835	0.01312	0.00716	0.01193	0.00716	0.00954	0.01789	0.00239	0.79843	0.00477	0.00239	0.00596
127	0.01030	0.00969	0.01635	0.79530	0.03755	0.01211	0.01514	0.01393	0.01090	0.01393	0.00969	0.01453	0.00727	0.00545	0.00545	0.00182	0.00727	0.00484	0.00242	0.00606
128	0.00779	0.00584	0.00876	0.00876	0.00974	0.00681	0.00681	0.00974	0.00876	0.01266	0.01460	0.02142	0.01363	0.04089	0.78680	0.00876	0.01460	0.00584	0.00292	0.00487
129	0.01030	0.00969	0.01635	0.79530	0.03755	0.01211	0.01514	0.01393	0.01090	0.01393	0.00969	0.01453	0.00727	0.00545	0.00545	0.00182	0.00727	0.00484	0.00242	0.00606
130	0.01458	0.81168	0.02857	0.00933	0.01399	0.02157	0.00933	0.01632	0.01108	0.01283	0.00758	0.00875	0.00700	0.00466	0.00350	0.00117	0.00583	0.00292	0.00233	0.00700
131	0.00708	0.00555	0.00641	0.00619	0.00775	0.00487	0.00464	0.00906	0.01393	0.01830	0.41384	0.04659	0.41134	0.01247	0.00644	0.00178	0.00267	0.01068	0.00553	0.00487
132	0.01420	0.73026	0.10667	0.00997	0.01499	0.02065	0.01045	0.01642	0.01112	0.01329	0.00781	0.00903	0.00699	0.00472	0.00367	0.00122	0.00606	0.00303	0.00233	0.00711
133	0.01349	0.01128	0.01248	0.00921	0.01387	0.05378	0.01958	0.09157	0.01327	0.05731	0.01058	0.01182	0.00841	0.00453	0.00435	0.00099	0.00469	0.00359	0.00360	0.65160
