[name]
unknown

[dist]
# distance from previous block
# <min> <max>
24	98

[block]
# block no. 0 follows, 44 sequences, length 58
# corresponding to MSA columns:
# 124-181
name=unknown_A
#
# <colnr> <probs for GDERKNQSTAVLIFYWHMCP>
#	G	D	E	R	K	N	Q	S	T	A	V	L	I	F	Y	W	H	M	C	P
0	0.09467	0.08504	0.07361	0.01035	0.01375	0.03985	0.03516	0.09765	0.14088	0.05443	0.10686	0.07029	0.02999	0.02455	0.00596	0.00175	0.02057	0.02052	0.01950	0.05462
1	0.13380	0.11195	0.07189	0.05150	0.07260	0.01275	0.06574	0.10945	0.05496	0.14404	0.06713	0.01603	0.02752	0.00615	0.00502	0.00162	0.00553	0.00502	0.00416	0.03315
2	0.04102	0.02901	0.04182	0.02822	0.05672	0.00853	0.05092	0.05606	0.05272	0.08066	0.08563	0.28182	0.05323	0.01015	0.00585	0.00178	0.00446	0.00900	0.00457	0.09782
3	0.11442	0.14447	0.13117	0.04692	0.06919	0.01343	0.06662	0.07059	0.10521	0.05910	0.01413	0.03254	0.02696	0.00643	0.00505	0.00167	0.00586	0.04722	0.00366	0.03536
4	0.08611	0.01348	0.05805	0.01119	0.01530	0.01343	0.00952	0.38312	0.10964	0.13099	0.01551	0.06033	0.01183	0.00696	0.00530	0.00167	0.00532	0.00546	0.00515	0.05165
5	0.12924	0.00927	0.01175	0.00919	0.01318	0.00843	0.00757	0.02466	0.01462	0.65089	0.01957	0.01739	0.01254	0.00652	0.00514	0.00167	0.00450	0.00514	0.04005	0.00868
6	0.01999	0.01193	0.02905	0.01184	0.05232	0.01187	0.00933	0.33917	0.01931	0.30682	0.05952	0.01723	0.01349	0.00782	0.02938	0.00186	0.00549	0.00542	0.03948	0.00868
7	0.01408	0.33477	0.26696	0.01188	0.01716	0.05717	0.01271	0.07910	0.03767	0.04308	0.05396	0.01269	0.01027	0.00567	0.00486	0.00149	0.02179	0.00410	0.00308	0.00750
8	0.00791	0.00591	0.00740	0.00709	0.00853	0.00556	0.00540	0.01096	0.05201	0.02070	0.60189	0.04238	0.13862	0.01152	0.00645	0.00178	0.00282	0.05201	0.00580	0.00524
9	0.00760	0.00557	0.00713	0.00674	0.00807	0.00509	0.00505	0.01006	0.01516	0.02122	0.70665	0.04179	0.11672	0.01139	0.00643	0.00173	0.00259	0.01001	0.00592	0.00509
10	0.01161	0.01067	0.01750	0.64172	0.06485	0.01272	0.05753	0.08819	0.01254	0.01633	0.01013	0.01436	0.00758	0.00549	0.00551	0.00179	0.00722	0.00494	0.00276	0.00656
11	0.07275	0.04384	0.16799	0.10700	0.16036	0.10274	0.05039	0.13371	0.01450	0.07986	0.01099	0.01272	0.00818	0.00549	0.00517	0.00165	0.00700	0.00448	0.00339	0.00780
12	0.00793	0.00529	0.00595	0.00595	0.00595	0.00529	0.00330	0.00793	0.00793	0.01057	0.01718	0.03568	0.01982	0.80840	0.02775	0.00529	0.00529	0.00793	0.00330	0.00330
13	0.00779	0.00584	0.00876	0.00876	0.00974	0.00681	0.00681	0.00974	0.00876	0.01266	0.01460	0.02142	0.01363	0.04089	0.78680	0.00876	0.01460	0.00584	0.00292	0.00487
14	0.14085	0.27215	0.11515	0.01062	0.01535	0.01475	0.03097	0.08608	0.03645	0.21058	0.01242	0.01250	0.00900	0.00557	0.00452	0.00153	0.00564	0.00409	0.00399	0.00781
15	0.62684	0.01022	0.00938	0.03584	0.01229	0.01125	0.00672	0.01839	0.01080	0.19844	0.01089	0.01130	0.00771	0.00546	0.00394	0.00169	0.00442	0.00360	0.00412	0.00669
16	0.00665	0.00553	0.00581	0.00574	0.00749	0.00469	0.00431	0.00823	0.01292	0.01589	0.17183	0.05056	0.65486	0.01337	0.00644	0.00182	0.00273	0.01124	0.00522	0.00469
17	0.02037	0.02598	0.01545	0.01404	0.01685	0.78652	0.01053	0.02177	0.01545	0.01334	0.00843	0.00983	0.00702	0.00562	0.00492	0.00140	0.00983	0.00351	0.00281	0.00632
18	0.10557	0.02529	0.01481	0.36381	0.03706	0.02784	0.01165	0.15720	0.02872	0.06423	0.05018	0.01560	0.02314	0.00634	0.00586	0.00176	0.04538	0.00501	0.00366	0.00688
19	0.01149	0.01154	0.01738	0.45619	0.02844	0.05269	0.05890	0.01428	0.01042	0.01385	0.00889	0.01346	0.00728	0.00673	0.00951	0.00198	0.26354	0.00485	0.00245	0.00612
20	0.01451	0.69497	0.07172	0.01056	0.01538	0.05169	0.04694	0.01666	0.01137	0.01333	0.00791	0.00924	0.00706	0.00473	0.00380	0.00124	0.00629	0.00318	0.00237	0.00705
21	0.00671	0.00487	0.00634	0.00737	0.00788	0.00450	0.00499	0.00783	0.01101	0.01463	0.09273	0.68219	0.09614	0.01633	0.00687	0.00214	0.00308	0.01472	0.00514	0.00450
22	0.06611	0.19198	0.06545	0.01035	0.01467	0.01354	0.00932	0.15690	0.07468	0.28460	0.04857	0.01546	0.01233	0.00629	0.00494	0.00158	0.00523	0.00481	0.00491	0.00826
23	0.04944	0.01297	0.01438	0.01126	0.01525	0.01390	0.00924	0.49894	0.04456	0.17565	0.01695	0.01651	0.04818	0.00831	0.03713	0.00195	0.00581	0.00535	0.00551	0.00872
24	0.00895	0.00584	0.00758	0.00704	0.00855	0.00532	0.00531	0.01135	0.01509	0.08182	0.64349	0.06686	0.08957	0.01116	0.00637	0.00174	0.00277	0.00980	0.00597	0.00542
25	0.10214	0.02171	0.49148	0.03771	0.02077	0.01234	0.04112	0.04819	0.06420	0.06773	0.03482	0.01345	0.00942	0.00565	0.00513	0.00173	0.00693	0.00448	0.00319	0.00782
26	0.03010	0.28701	0.13190	0.01063	0.01510	0.01319	0.06335	0.01451	0.01122	0.01556	0.03836	0.08427	0.01196	0.00849	0.05907	0.00187	0.00623	0.00500	0.00300	0.18918
27	0.00672	0.00478	0.00630	0.00750	0.00780	0.00448	0.00496	0.00761	0.01029	0.01373	0.02931	0.76096	0.03513	0.06223	0.00814	0.00239	0.00328	0.01507	0.00496	0.00436
28	0.00653	0.00551	0.00555	0.00555	0.00728	0.00464	0.00409	0.00783	0.01217	0.01449	0.05303	0.05150	0.72864	0.05980	0.00768	0.00204	0.00291	0.01130	0.00496	0.00453
29	0.08119	0.00958	0.01246	0.00963	0.01379	0.00862	0.00795	0.05190	0.01552	0.69949	0.02025	0.01769	0.01282	0.00662	0.00534	0.00169	0.00466	0.00529	0.00647	0.00904
30	0.01221	0.18631	0.44077	0.01423	0.02055	0.01439	0.08936	0.05314	0.01230	0.01723	0.03545	0.02678	0.00923	0.00556	0.00528	0.00162	0.02317	0.00448	0.00271	0.02523
31	0.12241	0.23627	0.04462	0.01461	0.11973	0.34760	0.01079	0.01871	0.01293	0.01536	0.00839	0.00997	0.00709	0.00517	0.00441	0.00142	0.00751	0.00348	0.00272	0.00683
32	0.01016	0.00508	0.00508	0.00508	0.00635	0.00508	0.00381	0.01270	0.01143	0.02033	0.01778	0.02033	0.01397	0.00635	0.00381	0.00127	0.00254	0.00508	0.83867	0.00508
33	0.00768	0.00557	0.00723	0.00682	0.00812	0.00513	0.00511	0.01021	0.01534	0.02164	0.74943	0.04109	0.07367	0.01123	0.00643	0.00172	0.00258	0.00991	0.00597	0.00513
34	0.00779	0.00584	0.00876	0.00876	0.00974	0.00681	0.00681	0.00974	0.00876	0.01266	0.01460	0.02142	0.01363	0.04089	0.78680	0.00876	0.01460	0.00584	0.00292	0.00487
35	0.01093	0.02820	0.78016	0.01554	0.02360	0.01266	0.02014	0.01727	0.01151	0.01727	0.00978	0.01151	0.00691	0.00518	0.00518	0.00173	0.00806	0.00403	0.00230	0.00806
36	0.01458	0.81168	0.02857	0.00933	0.01399	0.02157	0.00933	0.01632	0.01108	0.01283	0.00758	0.00875	0.00700	0.00466	0.00350	0.00117	0.00583	0.00292	0.00233	0.00700
37	0.00664	0.00474	0.00633	0.00759	0.00791	0.00443	0.00506	0.00759	0.01044	0.01392	0.03005	0.80485	0.03606	0.01708	0.00696	0.00221	0.00316	0.01550	0.00506	0.00443
38	0.00766	0.00577	0.00712	0.00686	0.00832	0.00533	0.00523	0.01032	0.03575	0.01998	0.54862	0.04395	0.20967	0.01186	0.00647	0.00179	0.00280	0.05165	0.00572	0.00511
39	0.00793	0.00529	0.00595	0.00595	0.00595	0.00529	0.00330	0.00793	0.00793	0.01057	0.01718	0.03568	0.01982	0.80840	0.02775	0.00529	0.00529	0.00793	0.00330	0.00330
40	0.01393	0.01124	0.01271	0.00932	0.01403	0.00995	0.00755	0.22027	0.01529	0.02238	0.01064	0.01180	0.00841	0.00473	0.00443	0.00104	0.00458	0.00370	0.00385	0.61016
41	0.01338	0.01354	0.05101	0.30983	0.09011	0.04703	0.17577	0.12684	0.05741	0.01866	0.01112	0.01419	0.00841	0.00562	0.00605	0.00178	0.03363	0.00519	0.00316	0.00727
42	0.01130	0.00969	0.01130	0.00807	0.01292	0.00727	0.00646	0.01373	0.01130	0.01776	0.00969	0.01130	0.00807	0.00404	0.00404	0.00081	0.00404	0.00323	0.00323	0.84173
43	0.00797	0.00534	0.00609	0.00615	0.00622	0.00534	0.00358	0.00810	0.00816	0.01086	0.01777	0.03698	0.02040	0.76838	0.02673	0.00515	0.00527	0.04474	0.00339	0.00339
44	0.00799	0.00591	0.00750	0.00708	0.00846	0.00560	0.00531	0.01123	0.05858	0.02150	0.68769	0.05884	0.07127	0.01116	0.00639	0.00174	0.00269	0.00984	0.00592	0.00531
45	0.82686	0.01066	0.00822	0.00730	0.01070	0.01234	0.00601	0.03399	0.00967	0.02470	0.00772	0.00896	0.00599	0.00510	0.00342	0.00169	0.00426	0.00300	0.00342	0.00599
46	0.01030	0.00969	0.01635	0.79530	0.03755	0.01211	0.01514	0.01393	0.01090	0.01393	0.00969	0.01453	0.00727	0.00545	0.00545	0.00182	0.00727	0.00484	0.00242	0.00606
47	0.01365	0.08231	0.06741	0.02787	0.55335	0.01365	0.07026	0.01763	0.05023	0.03569	0.01092	0.01352	0.00889	0.00501	0.00531	0.00162	0.00656	0.00484	0.00289	0.00838
48	0.02019	0.07469	0.12949	0.07351	0.01766	0.01041	0.02801	0.03858	0.01441	0.51056	0.01731	0.01621	0.01130	0.00619	0.00530	0.00167	0.00559	0.00503	0.00527	0.00862
49	0.00710	0.00588	0.00616	0.00603	0.00777	0.00523	0.00448	0.00936	0.05637	0.01582	0.13774	0.04822	0.59808	0.05845	0.00761	0.00202	0.00297	0.01079	0.00510	0.00483
50	0.00682	0.00501	0.00643	0.00745	0.00811	0.00463	0.00522	0.00800	0.01106	0.01446	0.05397	0.60500	0.15185	0.01624	0.00691	0.00217	0.00324	0.07385	0.00508	0.00452
51	0.14845	0.23220	0.32062	0.01271	0.01820	0.05980	0.06018	0.01675	0.01121	0.01682	0.00914	0.02577	0.00743	0.00540	0.00499	0.00159	0.03508	0.00393	0.00260	0.00713
52	0.00881	0.00549	0.00635	0.00624	0.00650	0.00540	0.00366	0.00898	0.00849	0.05454	0.01806	0.07282	0.02026	0.72345	0.02545	0.00493	0.00514	0.00816	0.00359	0.00370
53	0.00792	0.00532	0.00611	0.00611	0.00616	0.00537	0.00350	0.00803	0.00798	0.01069	0.01703	0.03486	0.01947	0.76461	0.07106	0.00548	0.00582	0.00781	0.00328	0.00339
54	0.20045	0.01463	0.09079	0.03973	0.44503	0.06683	0.01396	0.01715	0.01188	0.03697	0.00974	0.01215	0.00783	0.00504	0.00489	0.00164	0.00633	0.00427	0.00291	0.00777
55	0.03363	0.01462	0.09917	0.02809	0.56946	0.01325	0.02939	0.07409	0.05054	0.01942	0.01097	0.01351	0.00883	0.00515	0.00536	0.00165	0.00649	0.00482	0.00303	0.00854
56	0.00793	0.00529	0.00595	0.00595	0.00595	0.00529	0.00330	0.00793	0.00793	0.01057	0.01718	0.03568	0.01982	0.80840	0.02775	0.00529	0.00529	0.00793	0.00330	0.00330
57	0.01086	0.00975	0.00960	0.00923	0.01141	0.08279	0.00725	0.03506	0.24575	0.01839	0.08784	0.05951	0.23462	0.01099	0.00621	0.00192	0.00441	0.14309	0.00507	0.00624

[dist]
# distance from previous block
# <min> <max>
0	1

[block]
# block no. 1 follows, 44 sequences, length 14
# corresponding to MSA columns:
# 183-196
name=unknown_B
#
# <colnr> <probs for GDERKNQSTAVLIFYWHMCP>
#	G	D	E	R	K	N	Q	S	T	A	V	L	I	F	Y	W	H	M	C	P
0	0.01900	0.01379	0.01500	0.01183	0.01579	0.01519	0.00968	0.57492	0.11026	0.06851	0.01595	0.01584	0.03413	0.00857	0.04391	0.00202	0.00606	0.00533	0.00539	0.00884
1	0.00839	0.00670	0.00768	0.00742	0.00921	0.00653	0.00573	0.01279	0.14584	0.01901	0.31994	0.04315	0.29852	0.01178	0.00638	0.00185	0.00316	0.07487	0.00550	0.00555
2	0.28178	0.01365	0.01358	0.01079	0.01480	0.01531	0.00889	0.49677	0.04621	0.03083	0.01167	0.01200	0.00846	0.00610	0.00480	0.00166	0.00538	0.00433	0.00480	0.00818
3	0.01399	0.01160	0.02800	0.03938	0.10973	0.01164	0.03312	0.18482	0.16832	0.04558	0.01848	0.02252	0.06024	0.00742	0.00557	0.00167	0.00523	0.08872	0.00451	0.13946
4	0.01380	0.64451	0.18894	0.01065	0.01604	0.01967	0.01164	0.01653	0.01117	0.01377	0.00805	0.00934	0.00698	0.00477	0.00386	0.00129	0.00631	0.00315	0.00233	0.00722
5	0.00683	0.00488	0.00652	0.00766	0.00809	0.00457	0.00525	0.00797	0.01091	0.01462	0.08432	0.71171	0.03695	0.01654	0.00695	0.00219	0.00321	0.05118	0.00513	0.00451
6	0.01308	0.01550	0.09325	0.08222	0.02794	0.01379	0.57968	0.07130	0.01353	0.01841	0.01097	0.01430	0.00815	0.00486	0.00618	0.00181	0.00871	0.00599	0.00289	0.00745
7	0.00781	0.00524	0.00598	0.00609	0.00612	0.00521	0.00346	0.00790	0.00815	0.01087	0.01833	0.10445	0.02127	0.73765	0.02589	0.00501	0.00510	0.00860	0.00346	0.00340
8	0.00887	0.00613	0.00836	0.07393	0.01096	0.00590	0.00615	0.01150	0.01506	0.06334	0.66507	0.03727	0.04558	0.01042	0.00629	0.00172	0.00309	0.00919	0.00574	0.00545
9	0.00644	0.00552	0.00552	0.00552	0.00736	0.00460	0.00414	0.00782	0.01243	0.01473	0.05523	0.05247	0.77218	0.01381	0.00644	0.00184	0.00276	0.01151	0.00506	0.00460
10	0.01458	0.81168	0.02857	0.00933	0.01399	0.02157	0.00933	0.01632	0.01108	0.01283	0.00758	0.00875	0.00700	0.00466	0.00350	0.00117	0.00583	0.00292	0.00233	0.00700
11	0.01468	0.69064	0.10605	0.00999	0.01499	0.01998	0.01039	0.01693	0.01135	0.05092	0.00849	0.00952	0.00731	0.00482	0.00377	0.00125	0.00600	0.00316	0.00255	0.00722
12	0.00646	0.00544	0.00561	0.00575	0.00742	0.00458	0.00424	0.00780	0.01221	0.01464	0.05249	0.13429	0.69213	0.01416	0.00650	0.00188	0.00281	0.01194	0.00506	0.00458
13	0.02045	0.01443	0.01569	0.01217	0.01641	0.01583	0.01001	0.62926	0.08745	0.09988	0.01461	0.01419	0.01027	0.00663	0.00546	0.00166	0.00573	0.00507	0.00558	0.00922

[dist]
# distance from previous block
# <min> <max>
0	2

[block]
# block no. 2 follows, 44 sequences, length 33
# corresponding to MSA columns:
# 199-231
name=unknown_C
#
# <colnr> <probs for GDERKNQSTAVLIFYWHMCP>
#	G	D	E	R	K	N	Q	S	T	A	V	L	I	F	Y	W	H	M	C	P
0	0.06952	0.10218	0.56347	0.01425	0.03526	0.04169	0.01689	0.01705	0.01154	0.02994	0.01043	0.03088	0.00817	0.00564	0.00498	0.00168	0.00737	0.01883	0.00260	0.00763
1	0.05340	0.72355	0.07609	0.00963	0.01445	0.02056	0.00987	0.01637	0.01102	0.01366	0.00772	0.00893	0.00694	0.00472	0.00360	0.00123	0.00590	0.00299	0.00238	0.00701
2	0.01935	0.01475	0.01541	0.01191	0.01621	0.05141	0.00974	0.57769	0.05300	0.05274	0.01306	0.01317	0.00944	0.00623	0.00526	0.00153	0.00582	0.00470	0.00509	0.11349
3	0.01843	0.01350	0.01444	0.03264	0.01586	0.04656	0.00948	0.50319	0.06826	0.08928	0.01684	0.10063	0.03012	0.00785	0.00562	0.00172	0.00560	0.00627	0.00532	0.00839
4	0.03692	0.01008	0.01269	0.00995	0.01393	0.00957	0.00815	0.11781	0.08413	0.56589	0.03655	0.01839	0.01395	0.00684	0.00542	0.00168	0.00467	0.00551	0.02891	0.00895
5	0.00876	0.00579	0.00757	0.00704	0.00850	0.00530	0.00531	0.01122	0.01521	0.07144	0.68033	0.06488	0.06553	0.01111	0.00639	0.00173	0.00273	0.00980	0.00600	0.00538
6	0.84691	0.01054	0.00801	0.00717	0.01054	0.01223	0.00590	0.01603	0.00928	0.02446	0.00759	0.00886	0.00590	0.00506	0.00337	0.00169	0.00422	0.00295	0.00337	0.00590
7	0.00833	0.00571	0.00749	0.00696	0.00836	0.00525	0.00525	0.01089	0.01544	0.04979	0.74382	0.03991	0.05004	0.01098	0.00640	0.00171	0.00265	0.00970	0.00603	0.00530
8	0.01381	0.01093	0.01201	0.01108	0.03829	0.01210	0.00835	0.08865	0.51207	0.07112	0.02517	0.04923	0.10660	0.00829	0.00568	0.00182	0.00433	0.00692	0.00545	0.00811
9	0.00947	0.00473	0.00710	0.00710	0.00710	0.00473	0.00473	0.00710	0.00710	0.00947	0.00947	0.01657	0.00947	0.01894	0.02131	0.84138	0.00473	0.00473	0.00237	0.00237
10	0.01193	0.01193	0.01670	0.01431	0.01431	0.01670	0.01193	0.01312	0.00835	0.01312	0.00716	0.01193	0.00716	0.00954	0.01789	0.00239	0.79843	0.00477	0.00239	0.00596
11	0.00673	0.00478	0.00630	0.00748	0.00778	0.00448	0.00495	0.00761	0.01028	0.01370	0.02922	0.75522	0.03501	0.06813	0.00830	0.00241	0.00330	0.01501	0.00495	0.00436
12	0.01142	0.13344	0.67920	0.01470	0.02231	0.01386	0.01869	0.01714	0.01145	0.01667	0.00949	0.01114	0.00692	0.00511	0.00495	0.00165	0.00776	0.00388	0.00231	0.00791
13	0.00947	0.00473	0.00710	0.00710	0.00710	0.00473	0.00473	0.00710	0.00710	0.00947	0.00947	0.01657	0.00947	0.01894	0.02131	0.84138	0.00473	0.00473	0.00237	0.00237
14	0.01288	0.01284	0.02084	0.25536	0.45985	0.05469	0.07240	0.01624	0.01217	0.01640	0.01005	0.01369	0.00812	0.00505	0.00547	0.00168	0.00710	0.00490	0.00263	0.00765
15	0.82104	0.01062	0.00845	0.00799	0.03425	0.01225	0.00624	0.01605	0.00938	0.02425	0.00767	0.00900	0.00599	0.00505	0.00344	0.00168	0.00429	0.00301	0.00335	0.00599
16	0.01268	0.01257	0.01926	0.34573	0.41493	0.06984	0.01562	0.01595	0.01202	0.01588	0.00989	0.01365	0.00795	0.00516	0.00538	0.00168	0.00705	0.00475	0.00259	0.00740
17	0.01209	0.01199	0.06235	0.00932	0.01374	0.07568	0.02137	0.01465	0.01212	0.04264	0.06125	0.01533	0.04673	0.00536	0.00479	0.00110	0.01845	0.00428	0.00349	0.56327
18	0.00787	0.00526	0.00596	0.00602	0.00603	0.00525	0.00338	0.00791	0.00803	0.01071	0.01772	0.06800	0.02050	0.77515	0.02687	0.00516	0.00520	0.00825	0.00338	0.00335
19	0.01130	0.00969	0.01130	0.00807	0.01292	0.00727	0.00646	0.01373	0.01130	0.01776	0.00969	0.01130	0.00807	0.00404	0.00404	0.00081	0.00404	0.00323	0.00323	0.84173
20	0.00792	0.00532	0.00613	0.00613	0.00619	0.00538	0.00353	0.00804	0.00798	0.01071	0.01701	0.03476	0.01942	0.75889	0.07672	0.00551	0.00589	0.00779	0.00328	0.00340
21	0.02072	0.01527	0.01636	0.01254	0.01691	0.01691	0.01036	0.75622	0.02563	0.03436	0.01309	0.01309	0.00927	0.00654	0.00545	0.00164	0.00600	0.00491	0.00545	0.00927
22	0.01286	0.01230	0.02098	0.18490	0.62792	0.01279	0.01642	0.01617	0.01211	0.01704	0.01014	0.01370	0.00836	0.00498	0.00541	0.00166	0.00663	0.00486	0.00264	0.00812
23	0.82277	0.01068	0.00826	0.00733	0.01073	0.01237	0.00603	0.03765	0.00976	0.02475	0.00775	0.00898	0.00600	0.00510	0.00343	0.00169	0.00427	0.00301	0.00343	0.00600
24	0.01016	0.00508	0.00508	0.00508	0.00635	0.00508	0.00381	0.01270	0.01143	0.02033	0.01778	0.02033	0.01397	0.00635	0.00381	0.00127	0.00254	0.00508	0.83867	0.00508
25	0.02072	0.01527	0.01636	0.01254	0.01691	0.01691	0.01036	0.75622	0.02563	0.03436	0.01309	0.01309	0.00927	0.00654	0.00545	0.00164	0.00600	0.00491	0.00545	0.00927
26	0.00793	0.00529	0.00595	0.00595	0.00595	0.00529	0.00330	0.00793	0.00793	0.01057	0.01718	0.03568	0.01982	0.80840	0.02775	0.00529	0.00529	0.00793	0.00330	0.00330
27	0.00779	0.00584	0.00876	0.00876	0.00974	0.00681	0.00681	0.00974	0.00876	0.01266	0.01460	0.02142	0.01363	0.04089	0.78680	0.00876	0.01460	0.00584	0.00292	0.00487
28	0.01073	0.00998	0.01658	0.74199	0.06665	0.01228	0.01507	0.03548	0.01139	0.01468	0.00981	0.01445	0.00738	0.00546	0.00545	0.00180	0.00720	0.00485	0.00252	0.00625
29	0.00757	0.00513	0.00649	0.00742	0.00800	0.00492	0.00507	0.03280	0.01107	0.01543	0.02787	0.67527	0.03226	0.01532	0.00649	0.00207	0.00317	0.01378	0.11519	0.00467
30	0.03315	0.04599	0.50291	0.01633	0.02309	0.01265	0.19012	0.01712	0.01185	0.04245	0.01126	0.04819	0.00874	0.00561	0.00547	0.00176	0.00782	0.00510	0.00271	0.00768
31	0.00907	0.07153	0.03978	0.00811	0.01023	0.00718	0.02449	0.01155	0.01385	0.03750	0.44742	0.05784	0.08902	0.03357	0.00676	0.00184	0.00367	0.07995	0.00512	0.04154
32	0.02968	0.06305	0.00962	0.03076	0.02952	0.00752	0.00621	0.05742	0.01369	0.03509	0.29898	0.12599	0.17907	0.06078	0.00743	0.00200	0.00368	0.02909	0.00499	0.00545

[dist]
# distance from previous block
# <min> <max>
0	6

[block]
# block no. 3 follows, 44 sequences, length 30
# corresponding to MSA columns:
# 238-267
name=unknown_D
#
# <colnr> <probs for GDERKNQSTAVLIFYWHMCP>
#	G	D	E	R	K	N	Q	S	T	A	V	L	I	F	Y	W	H	M	C	P
0	0.01716	0.28100	0.06483	0.01301	0.01714	0.34123	0.06941	0.08727	0.01444	0.01578	0.00889	0.01029	0.00734	0.00525	0.00462	0.00139	0.00788	0.00370	0.00287	0.02650
1	0.70409	0.01122	0.01152	0.00992	0.03359	0.01255	0.09710	0.03329	0.01018	0.02366	0.00821	0.00979	0.00634	0.00503	0.00385	0.00170	0.00492	0.00347	0.00333	0.00623
2	0.01267	0.08655	0.02302	0.05697	0.36478	0.01309	0.20440	0.01640	0.03929	0.01703	0.01404	0.01656	0.06725	0.00554	0.00552	0.00164	0.00669	0.00558	0.00297	0.03999
3	0.01010	0.00924	0.01507	0.53037	0.11070	0.01079	0.01322	0.01326	0.01095	0.01445	0.01331	0.05159	0.04129	0.00964	0.07796	0.00243	0.00734	0.01876	0.00280	0.03672
4	0.01290	0.01447	0.04538	0.04611	0.19510	0.01353	0.55427	0.01720	0.01268	0.01744	0.01079	0.01436	0.00830	0.00469	0.00615	0.00179	0.00851	0.00599	0.00273	0.00762
5	0.00651	0.00549	0.00556	0.00559	0.00731	0.00463	0.00413	0.00782	0.01218	0.01452	0.05290	0.07025	0.72025	0.04959	0.00741	0.00200	0.00288	0.01144	0.00498	0.00454
6	0.00767	0.00599	0.00702	0.00683	0.00836	0.00560	0.00509	0.01076	0.07670	0.01876	0.39512	0.11617	0.29116	0.01230	0.00641	0.00182	0.00284	0.01065	0.00556	0.00518
7	0.00779	0.00584	0.00876	0.00876	0.00974	0.00681	0.00681	0.00974	0.00876	0.01266	0.01460	0.02142	0.01363	0.04089	0.78680	0.00876	0.01460	0.00584	0.00292	0.00487
8	0.74082	0.01021	0.00835	0.00736	0.01070	0.01156	0.00604	0.01661	0.01008	0.08538	0.04465	0.01114	0.00866	0.00548	0.00369	0.00169	0.00417	0.00348	0.00377	0.00614
9	0.01030	0.00969	0.01635	0.79530	0.03755	0.01211	0.01514	0.01393	0.01090	0.01393	0.00969	0.01453	0.00727	0.00545	0.00545	0.00182	0.00727	0.00484	0.00242	0.00606
10	0.01458	0.81168	0.02857	0.00933	0.01399	0.02157	0.00933	0.01632	0.01108	0.01283	0.00758	0.00875	0.00700	0.00466	0.00350	0.00117	0.00583	0.00292	0.00233	0.00700
11	0.01369	0.00896	0.00964	0.00813	0.01072	0.00929	0.00647	0.27357	0.01711	0.05850	0.08503	0.02475	0.14170	0.00808	0.00512	0.00155	0.00389	0.00650	0.30062	0.00667
12	0.00864	0.00578	0.00758	0.00701	0.00846	0.00530	0.00530	0.01118	0.01544	0.06338	0.73035	0.03951	0.04936	0.01090	0.00638	0.00171	0.00269	0.00962	0.00604	0.00537
13	0.01093	0.02820	0.78016	0.01554	0.02360	0.01266	0.02014	0.01727	0.01151	0.01727	0.00978	0.01151	0.00691	0.00518	0.00518	0.00173	0.00806	0.00403	0.00230	0.00806
14	0.01130	0.00969	0.01130	0.00807	0.01292	0.00727	0.00646	0.01373	0.01130	0.01776	0.00969	0.01130	0.00807	0.00404	0.00404	0.00081	0.00404	0.00323	0.00323	0.84173
15	0.02372	0.00977	0.01286	0.00989	0.01403	0.00881	0.00813	0.09681	0.01640	0.68872	0.02059	0.01842	0.01323	0.02492	0.00599	0.00176	0.00479	0.00548	0.00654	0.00914
16	0.00942	0.00662	0.00740	0.00687	0.00867	0.00621	0.00507	0.04474	0.06261	0.07615	0.16555	0.05448	0.37077	0.13981	0.00970	0.00236	0.00354	0.00960	0.00512	0.00532
17	0.01349	0.01295	0.02213	0.03346	0.77440	0.01295	0.01673	0.01673	0.01241	0.01781	0.01025	0.01349	0.00864	0.00486	0.00540	0.00162	0.00648	0.00486	0.00270	0.00864
18	0.01052	0.00894	0.01041	0.00780	0.01204	0.00681	0.00614	0.01273	0.01135	0.01720	0.01539	0.07270	0.08093	0.00589	0.00447	0.00101	0.00386	0.00489	0.00353	0.70339
19	0.77030	0.01197	0.00870	0.00781	0.01113	0.08399	0.00633	0.01656	0.00985	0.02343	0.00767	0.00895	0.00601	0.00511	0.00352	0.00166	0.00474	0.00300	0.00332	0.00594
20	0.01339	0.23949	0.45569	0.01386	0.04104	0.01533	0.01576	0.08582	0.01287	0.04496	0.00992	0.01121	0.00743	0.00521	0.00476	0.00156	0.00709	0.00388	0.00277	0.00794
21	0.01495	0.00951	0.01101	0.00968	0.01228	0.01000	0.00742	0.11396	0.26298	0.19080	0.02158	0.14488	0.01882	0.11907	0.00884	0.00233	0.00457	0.02452	0.00541	0.00738
22	0.06640	0.00915	0.01171	0.00936	0.01305	0.00848	0.00761	0.02426	0.09506	0.56384	0.11250	0.02092	0.01805	0.00726	0.00549	0.00171	0.00433	0.00595	0.00634	0.00852
23	0.00663	0.00478	0.00629	0.00749	0.00788	0.00444	0.00502	0.00760	0.01053	0.01396	0.03123	0.76945	0.07068	0.01693	0.00693	0.00220	0.00314	0.01531	0.00506	0.00444
24	0.03571	0.00776	0.03521	0.00812	0.01051	0.00682	0.00657	0.01573	0.06420	0.20424	0.46061	0.05033	0.05263	0.00966	0.00603	0.00173	0.00344	0.00834	0.00591	0.00646
25	0.01774	0.00841	0.01138	0.01067	0.08235	0.00742	0.00766	0.01982	0.01454	0.46179	0.09292	0.02803	0.19608	0.00862	0.00578	0.00172	0.00419	0.00723	0.00591	0.00776
26	0.00884	0.00805	0.00743	0.00716	0.00912	0.07796	0.00547	0.05683	0.01360	0.01623	0.07934	0.07977	0.54529	0.01268	0.00632	0.00184	0.00375	0.05031	0.00492	0.00510
27	0.03087	0.11264	0.01947	0.42439	0.21265	0.01387	0.03007	0.06340	0.01226	0.01638	0.00976	0.01333	0.00769	0.00525	0.00517	0.00167	0.00678	0.00460	0.00270	0.00704
28	0.57475	0.01087	0.03154	0.00805	0.01153	0.01161	0.00678	0.06262	0.06395	0.07933	0.01446	0.01475	0.07847	0.00625	0.00415	0.00171	0.00434	0.00431	0.00403	0.00649
29	0.03755	0.00676	0.00835	0.00768	0.00920	0.00675	0.00585	0.07947	0.01553	0.02217	0.58933	0.10166	0.04337	0.01097	0.00662	0.00177	0.02629	0.00950	0.00567	0.00552

[dist]
# distance from previous block
# <min> <max>
0	6

[block]
# block no. 4 follows, 44 sequences, length 11
# corresponding to MSA columns:
# 274-284
name=unknown_E
#
# <colnr> <probs for GDERKNQSTAVLIFYWHMCP>
#	G	D	E	R	K	N	Q	S	T	A	V	L	I	F	Y	W	H	M	C	P
0	0.00786	0.00584	0.00816	0.01013	0.09572	0.00551	0.00621	0.00870	0.01065	0.01409	0.05393	0.44618	0.14882	0.01523	0.00886	0.12957	0.00370	0.01180	0.00441	0.00465
1	0.00693	0.00496	0.00666	0.00762	0.00801	0.00487	0.00517	0.00795	0.00995	0.01342	0.02652	0.61530	0.03116	0.09325	0.12735	0.00349	0.00510	0.01334	0.00457	0.00439
2	0.01212	0.01812	0.27007	0.09010	0.04364	0.01321	0.31709	0.01880	0.12644	0.01789	0.01218	0.01448	0.00902	0.00530	0.00578	0.00180	0.00784	0.00543	0.00300	0.00769
3	0.01244	0.01295	0.01844	0.30146	0.10740	0.12925	0.16308	0.01567	0.03173	0.01473	0.01125	0.01696	0.00965	0.12179	0.00880	0.00224	0.00760	0.00545	0.00279	0.00631
4	0.00866	0.00680	0.01034	0.00894	0.00992	0.00680	0.11796	0.00964	0.00880	0.01192	0.01587	0.03042	0.01717	0.57492	0.13464	0.00527	0.00723	0.00740	0.00316	0.00415
5	0.01144	0.01211	0.10051	0.12898	0.01807	0.00954	0.00966	0.01638	0.12055	0.01786	0.01151	0.01313	0.00906	0.00487	0.00460	0.00122	0.00503	0.00399	0.00334	0.49816
6	0.01525	0.22854	0.02509	0.05331	0.04514	0.12811	0.27553	0.11536	0.01425	0.01757	0.01004	0.01257	0.00808	0.02113	0.00565	0.00163	0.00771	0.00477	0.00300	0.00726
7	0.10428	0.12251	0.00972	0.00773	0.00907	0.00782	0.00575	0.00983	0.01046	0.01500	0.02505	0.57273	0.05304	0.01379	0.00603	0.00199	0.00366	0.01210	0.00447	0.00498
8	0.02002	0.00951	0.03468	0.00956	0.01328	0.00831	0.00797	0.02386	0.10145	0.54276	0.14610	0.02224	0.01998	0.00751	0.00564	0.00171	0.00436	0.00625	0.00635	0.00848
9	0.13404	0.30951	0.17319	0.04594	0.03795	0.07218	0.01111	0.03267	0.01152	0.01626	0.01097	0.10131	0.01027	0.00641	0.00451	0.00155	0.00612	0.00482	0.00291	0.00677
10	0.01262	0.01050	0.01530	0.25415	0.02207	0.01145	0.09788	0.21076	0.01517	0.01982	0.01910	0.02412	0.12126	0.00868	0.00701	0.06040	0.00612	0.07320	0.00389	0.00650

[dist]
# distance from previous block
# <min> <max>
0	32

# created by:
# /st0/software/busco_prod/Augustus/scripts/msa2prfl.pl ./align_prep/180106.fa
