[name]
unknown

[dist]
# distance from previous block
# <min> <max>
0	58

[block]
# block no. 0 follows, 43 sequences, length 10
# corresponding to MSA columns:
# 58-67
name=unknown_A
#
# <colnr> <probs for GDERKNQSTAVLIFYWHMCP>
#	G	D	E	R	K	N	Q	S	T	A	V	L	I	F	Y	W	H	M	C	P
0	0.02249	0.00959	0.01264	0.00987	0.01391	0.00860	0.00814	0.08273	0.01638	0.61683	0.06378	0.02111	0.01608	0.00732	0.00565	0.00171	0.00470	0.03356	0.00651	0.03841
1	0.01971	0.02434	0.01525	0.01384	0.01674	0.67425	0.01043	0.02315	0.12114	0.01491	0.01054	0.01150	0.00852	0.00596	0.00508	0.00149	0.00919	0.00395	0.00325	0.00675
2	0.01280	0.01036	0.01389	0.00998	0.01492	0.00816	0.08712	0.01548	0.01203	0.08299	0.01102	0.01249	0.00870	0.00440	0.00449	0.00101	0.00472	0.00383	0.00354	0.67807
3	0.01046	0.00984	0.01661	0.79205	0.03814	0.01230	0.01538	0.01415	0.01107	0.01415	0.00984	0.01477	0.00738	0.00554	0.00554	0.00185	0.00738	0.00492	0.00246	0.00615
4	0.01046	0.00984	0.01661	0.79205	0.03814	0.01230	0.01538	0.01415	0.01107	0.01415	0.00984	0.01477	0.00738	0.00554	0.00554	0.00185	0.00738	0.00492	0.00246	0.00615
5	0.06066	0.01138	0.01104	0.00963	0.01259	0.09672	0.00761	0.12011	0.14959	0.10495	0.09421	0.02846	0.18079	0.00903	0.00575	0.00175	0.00481	0.04608	0.00514	0.03972
6	0.01636	0.01221	0.01323	0.01071	0.01407	0.01322	0.00859	0.47642	0.07141	0.02865	0.10829	0.04730	0.10073	0.04472	0.00685	0.00190	0.00508	0.00689	0.00546	0.00792
7	0.04845	0.00749	0.01008	0.00901	0.01075	0.00778	0.04008	0.01267	0.02878	0.09923	0.05098	0.08750	0.10335	0.14817	0.21113	0.00425	0.06491	0.00753	0.00406	0.04380
8	0.06065	0.03210	0.08281	0.01090	0.01453	0.04617	0.05481	0.20084	0.05806	0.05141	0.04620	0.10935	0.15599	0.00889	0.00572	0.00175	0.00528	0.00741	0.00462	0.04252
9	0.01605	0.01662	0.01456	0.01253	0.01542	0.31615	0.06114	0.09094	0.06771	0.04700	0.01457	0.14116	0.01360	0.02613	0.00654	0.00173	0.03918	0.00629	0.00388	0.08880

[dist]
# distance from previous block
# <min> <max>
0	31

[block]
# block no. 1 follows, 43 sequences, length 39
# corresponding to MSA columns:
# 104-142
name=unknown_B
#
# <colnr> <probs for GDERKNQSTAVLIFYWHMCP>
#	G	D	E	R	K	N	Q	S	T	A	V	L	I	F	Y	W	H	M	C	P
0	0.01545	0.01246	0.01392	0.01145	0.01462	0.07277	0.05642	0.23154	0.13425	0.08133	0.03447	0.06484	0.10380	0.04525	0.00743	0.00193	0.04510	0.00678	0.00486	0.04133
1	0.01350	0.01045	0.01345	0.22566	0.02003	0.01161	0.02000	0.25840	0.04384	0.04132	0.05145	0.10771	0.06591	0.04781	0.02835	0.00220	0.00589	0.02103	0.00446	0.00692
2	0.02444	0.00837	0.00989	0.00886	0.01111	0.00818	0.00674	0.16184	0.01412	0.03194	0.07033	0.23471	0.02271	0.09935	0.03065	0.01762	0.00472	0.07110	0.00464	0.15868
3	0.02115	0.01568	0.01649	0.01271	0.01709	0.04060	0.01047	0.70965	0.02544	0.05477	0.01339	0.01335	0.00947	0.00663	0.00552	0.00166	0.00618	0.00496	0.00549	0.00933
4	0.01683	0.01243	0.01415	0.03040	0.03932	0.01327	0.00926	0.46151	0.02028	0.04436	0.04433	0.04367	0.05985	0.02124	0.02200	0.04465	0.01743	0.00588	0.00492	0.07422
5	0.00710	0.00518	0.00641	0.00700	0.00769	0.00478	0.00474	0.00828	0.01144	0.01518	0.16225	0.43436	0.15369	0.13346	0.01005	0.00257	0.00336	0.01294	0.00504	0.00448
6	0.03940	0.00937	0.01196	0.01321	0.14386	0.00948	0.00864	0.10482	0.10354	0.09742	0.08210	0.13043	0.15205	0.02351	0.00642	0.00192	0.00449	0.04540	0.00499	0.00700
7	0.01308	0.01190	0.01289	0.01142	0.01310	0.14156	0.04624	0.10142	0.01309	0.03792	0.05266	0.14864	0.04092	0.04508	0.05217	0.07452	0.14628	0.02742	0.00387	0.00583
8	0.00757	0.00527	0.00608	0.00637	0.00667	0.00509	0.00387	0.00796	0.00919	0.01203	0.02511	0.21288	0.11456	0.52980	0.02075	0.00423	0.00457	0.01025	0.00398	0.00378
9	0.00719	0.00547	0.00762	0.10262	0.01165	0.00545	0.00634	0.00850	0.01076	0.01418	0.02927	0.66996	0.06874	0.01576	0.00686	0.00218	0.00370	0.01424	0.00482	0.00471
10	0.01324	0.01297	0.02298	0.12456	0.59364	0.01316	0.10425	0.01674	0.01248	0.01757	0.01044	0.01398	0.00856	0.00498	0.00561	0.00170	0.00701	0.00512	0.00271	0.00830
11	0.01252	0.01195	0.02034	0.30990	0.50415	0.01285	0.01641	0.01596	0.01205	0.01666	0.01021	0.01409	0.00827	0.00515	0.00550	0.00172	0.00687	0.00493	0.00264	0.00782
12	0.01176	0.01009	0.01161	0.00857	0.01328	0.00816	0.00683	0.01582	0.10226	0.01867	0.01138	0.01260	0.00926	0.00451	0.00429	0.00095	0.00414	0.00364	0.00357	0.73862
13	0.01362	0.01204	0.01924	0.01538	0.01750	0.01424	0.18576	0.05562	0.03071	0.08909	0.01184	0.05330	0.01030	0.00994	0.04992	0.00248	0.39289	0.00595	0.00335	0.00684
14	0.02137	0.00990	0.01264	0.01000	0.01386	0.00917	0.00810	0.14496	0.01670	0.52233	0.02089	0.11241	0.01550	0.00796	0.00567	0.00173	0.00473	0.00659	0.00625	0.04924
15	0.00776	0.00536	0.00601	0.00610	0.00637	0.00522	0.00359	0.00802	0.00883	0.01153	0.02342	0.09273	0.11890	0.64631	0.02387	0.00469	0.00488	0.00907	0.00372	0.00361
16	0.01148	0.00984	0.01148	0.00820	0.01312	0.00738	0.00656	0.01395	0.01148	0.01805	0.00984	0.01148	0.00820	0.00410	0.00410	0.00082	0.00410	0.00328	0.00328	0.83922
17	0.00751	0.00526	0.00608	0.00642	0.00676	0.00505	0.00394	0.00795	0.00934	0.01220	0.02611	0.23967	0.12567	0.49133	0.01971	0.00408	0.00446	0.01057	0.00407	0.00383
18	0.00701	0.00502	0.00667	0.00764	0.00817	0.00468	0.00526	0.00831	0.01159	0.01568	0.16504	0.64268	0.03935	0.01619	0.00699	0.00216	0.00316	0.03443	0.00531	0.00465
19	0.00675	0.00482	0.00643	0.00771	0.00803	0.00450	0.00514	0.00771	0.01060	0.01414	0.03053	0.80175	0.03663	0.01735	0.00707	0.00225	0.00321	0.01574	0.00514	0.00450
20	0.01737	0.01240	0.01368	0.01111	0.01442	0.01342	0.00884	0.51935	0.02148	0.05701	0.05351	0.14887	0.01688	0.05643	0.00720	0.00199	0.00535	0.00725	0.00542	0.00802
21	0.00756	0.00546	0.00634	0.00655	0.00765	0.00492	0.00454	0.00875	0.01169	0.03629	0.12867	0.25271	0.32030	0.16057	0.01066	0.00260	0.00342	0.01175	0.00498	0.00459
22	0.00781	0.00527	0.00611	0.00635	0.00641	0.00521	0.00368	0.00799	0.00852	0.01137	0.01986	0.17733	0.02318	0.66012	0.02430	0.00479	0.00497	0.00947	0.00368	0.00357
23	0.00721	0.00518	0.00664	0.00736	0.00798	0.00485	0.00507	0.00848	0.01150	0.01544	0.17129	0.47727	0.08511	0.11134	0.00952	0.00252	0.00343	0.05015	0.00511	0.00454
24	0.00736	0.00512	0.00620	0.00680	0.00706	0.00492	0.00424	0.00789	0.00951	0.01257	0.02575	0.39632	0.06978	0.39137	0.01707	0.00371	0.00421	0.01187	0.00429	0.00397
25	0.00672	0.00492	0.00633	0.00746	0.00797	0.00452	0.00503	0.00774	0.01085	0.01424	0.03362	0.71108	0.12530	0.01695	0.00701	0.00220	0.00316	0.01525	0.00514	0.00452
26	0.01477	0.01100	0.01199	0.01054	0.01350	0.01226	0.00813	0.06351	0.54327	0.11183	0.02137	0.02196	0.01653	0.10404	0.00835	0.00227	0.00463	0.00633	0.00550	0.00822
27	0.00962	0.00481	0.00722	0.00722	0.00722	0.00481	0.00481	0.00722	0.00722	0.00962	0.00962	0.01684	0.00962	0.01924	0.02165	0.83886	0.00481	0.00481	0.00241	0.00241
28	0.00724	0.00548	0.00658	0.00661	0.00786	0.00493	0.00479	0.00904	0.01342	0.01788	0.37154	0.17677	0.27953	0.05384	0.00774	0.00206	0.00292	0.01145	0.00548	0.00483
29	0.01707	0.01251	0.01357	0.01103	0.01427	0.01369	0.00872	0.51519	0.05723	0.02846	0.01647	0.11218	0.01452	0.10561	0.00845	0.00219	0.00547	0.00673	0.02869	0.00793
30	0.00679	0.00494	0.00631	0.00737	0.00786	0.00456	0.00494	0.00776	0.01072	0.01406	0.03296	0.67194	0.12445	0.05723	0.00809	0.00236	0.00327	0.01486	0.00505	0.00446
31	0.01062	0.01002	0.01683	0.74631	0.06403	0.01245	0.01536	0.01423	0.01107	0.01427	0.00980	0.01466	0.00743	0.00561	0.00583	0.00185	0.02599	0.00492	0.00247	0.00624
32	0.00890	0.00666	0.00771	0.00778	0.00879	0.00683	0.00533	0.03639	0.13828	0.01603	0.08734	0.29919	0.07124	0.25856	0.01324	0.00307	0.00410	0.01068	0.00477	0.00510
33	0.01239	0.01347	0.04465	0.01910	0.04698	0.01285	0.45120	0.03000	0.01225	0.01723	0.01165	0.05447	0.00986	0.00714	0.03331	0.00205	0.10426	0.00624	0.00298	0.10792
34	0.03354	0.01109	0.01641	0.13621	0.01887	0.01327	0.08080	0.04479	0.01089	0.03731	0.02499	0.04343	0.01002	0.00938	0.04749	0.00230	0.34355	0.00537	0.00305	0.10724
35	0.03647	0.01115	0.01259	0.04250	0.01459	0.01113	0.00817	0.31119	0.01801	0.06708	0.08316	0.03720	0.10542	0.00748	0.00537	0.00151	0.00478	0.00602	0.00487	0.21131
36	0.05809	0.01336	0.01448	0.01154	0.01517	0.04606	0.02490	0.45084	0.05684	0.05943	0.01305	0.01425	0.00982	0.00925	0.03641	0.10332	0.00617	0.00489	0.00475	0.04736
37	0.05395	0.03989	0.01432	0.06441	0.01521	0.01292	0.02116	0.16523	0.03644	0.05414	0.01215	0.02953	0.01068	0.10513	0.04026	0.00249	0.20338	0.00525	0.00371	0.10975
38	0.05477	0.01093	0.01289	0.01061	0.01343	0.01177	0.03680	0.25656	0.09151	0.06371	0.05943	0.06832	0.01597	0.13633	0.02507	0.00247	0.05703	0.00646	0.00467	0.06129

[dist]
# distance from previous block
# <min> <max>
6	28

[block]
# block no. 2 follows, 43 sequences, length 12
# corresponding to MSA columns:
# 171-182
name=unknown_C
#
# <colnr> <probs for GDERKNQSTAVLIFYWHMCP>
#	G	D	E	R	K	N	Q	S	T	A	V	L	I	F	Y	W	H	M	C	P
0	0.05226	0.18678	0.11950	0.06176	0.01718	0.01554	0.01133	0.21469	0.01490	0.06092	0.01139	0.02776	0.00929	0.03028	0.04443	0.00214	0.10402	0.00468	0.00363	0.00750
1	0.11618	0.68103	0.05525	0.00945	0.01416	0.02040	0.00947	0.01658	0.01105	0.01465	0.00779	0.00901	0.00697	0.00481	0.00360	0.00127	0.00581	0.00301	0.00250	0.00701
2	0.03300	0.07396	0.07458	0.03851	0.04531	0.02781	0.07560	0.05807	0.01337	0.09628	0.14572	0.05255	0.02952	0.04396	0.03213	0.00201	0.03185	0.00624	0.00410	0.11542
3	0.01473	0.13322	0.03681	0.02010	0.26066	0.05698	0.10880	0.13025	0.01469	0.03628	0.01346	0.05394	0.01208	0.00680	0.00559	0.00171	0.00665	0.07592	0.00356	0.00777
4	0.02176	0.10681	0.01423	0.00949	0.01351	0.00951	0.00798	0.02391	0.01527	0.59910	0.10178	0.02010	0.01712	0.00708	0.00543	0.00165	0.00463	0.00574	0.00622	0.00868
5	0.02069	0.02640	0.01569	0.01427	0.01712	0.78313	0.01070	0.02212	0.01569	0.01355	0.00856	0.00999	0.00713	0.00571	0.00499	0.00143	0.00999	0.00357	0.00285	0.00642
6	0.00701	0.00499	0.00646	0.00749	0.00789	0.00470	0.00502	0.00797	0.01059	0.01409	0.05349	0.63481	0.05920	0.11340	0.00964	0.00261	0.00351	0.03779	0.00495	0.00441
7	0.00815	0.00586	0.00720	0.02492	0.00885	0.00532	0.00518	0.01024	0.01418	0.04835	0.45291	0.06253	0.26546	0.04740	0.00745	0.00196	0.00300	0.01029	0.00561	0.00514
8	0.01238	0.00995	0.01643	0.66006	0.07028	0.01184	0.01457	0.01586	0.01173	0.10739	0.01134	0.01521	0.00822	0.00567	0.00554	0.00182	0.00702	0.00500	0.00301	0.00668
9	0.00803	0.00548	0.00659	0.00659	0.00678	0.00567	0.00404	0.00841	0.00822	0.01114	0.01695	0.03347	0.01893	0.65906	0.17285	0.00605	0.00718	0.00765	0.00328	0.00366
10	0.06921	0.04937	0.01551	0.04804	0.09865	0.01338	0.00994	0.30575	0.01700	0.02430	0.01210	0.05767	0.01010	0.00638	0.00563	0.00152	0.04176	0.00496	0.00411	0.20462
11	0.01995	0.03463	0.01450	0.01104	0.01501	0.01290	0.00904	0.38551	0.05372	0.25043	0.04644	0.06760	0.01436	0.00750	0.00559	0.00169	0.00522	0.00601	0.00577	0.03308

[dist]
# distance from previous block
# <min> <max>
1	6

[block]
# block no. 3 follows, 43 sequences, length 22
# corresponding to MSA columns:
# 189-210
name=unknown_D
#
# <colnr> <probs for GDERKNQSTAVLIFYWHMCP>
#	G	D	E	R	K	N	Q	S	T	A	V	L	I	F	Y	W	H	M	C	P
0	0.00913	0.00659	0.00715	0.00665	0.00863	0.00597	0.00499	0.06714	0.01367	0.06751	0.10168	0.06701	0.51869	0.08045	0.00826	0.00214	0.00340	0.01044	0.00521	0.00529
1	0.01683	0.00913	0.01185	0.09161	0.03064	0.00910	0.00817	0.08014	0.08441	0.32980	0.06956	0.04493	0.04939	0.12846	0.00914	0.00231	0.00495	0.00671	0.00539	0.00748
2	0.01457	0.01279	0.02002	0.15126	0.51416	0.03350	0.01532	0.05529	0.03819	0.07401	0.01167	0.01437	0.00917	0.00537	0.00549	0.00168	0.00656	0.00499	0.00324	0.00837
3	0.01481	0.80869	0.02902	0.00948	0.01421	0.02191	0.00948	0.01658	0.01125	0.01303	0.00770	0.00888	0.00711	0.00474	0.00355	0.00118	0.00592	0.00296	0.00237	0.00711
4	0.06721	0.09807	0.06394	0.10700	0.34730	0.11440	0.01381	0.01697	0.01216	0.03349	0.00976	0.01263	0.00806	0.00595	0.00617	0.04071	0.02777	0.00438	0.00278	0.00744
5	0.01046	0.00984	0.01661	0.79205	0.03814	0.01230	0.01538	0.01415	0.01107	0.01415	0.00984	0.01477	0.00738	0.00554	0.00554	0.00185	0.00738	0.00492	0.00246	0.00615
6	0.84448	0.01071	0.00814	0.00728	0.01071	0.01242	0.00600	0.01628	0.00943	0.02485	0.00771	0.00900	0.00600	0.00514	0.00343	0.00171	0.00428	0.00300	0.00343	0.00600
7	0.00962	0.00481	0.00722	0.00722	0.00722	0.00481	0.00481	0.00722	0.00722	0.00962	0.00962	0.01684	0.00962	0.01924	0.02165	0.83886	0.00481	0.00481	0.00241	0.00241
8	0.00682	0.00496	0.00646	0.00762	0.00813	0.00460	0.00521	0.00790	0.01089	0.01432	0.03291	0.69880	0.10619	0.01695	0.00704	0.00223	0.00325	0.04605	0.00514	0.00454
9	0.00708	0.00504	0.00651	0.00748	0.00791	0.00475	0.00504	0.00808	0.01068	0.01422	0.06717	0.59475	0.06209	0.12605	0.00998	0.00266	0.00355	0.04761	0.00494	0.00441
10	0.01702	0.51498	0.02402	0.01128	0.01531	0.30772	0.00994	0.01866	0.01292	0.01323	0.00802	0.00930	0.00712	0.00510	0.00409	0.00128	0.00745	0.00319	0.00255	0.00685
11	0.01148	0.00984	0.01148	0.00820	0.01312	0.00738	0.00656	0.01395	0.01148	0.01805	0.00984	0.01148	0.00820	0.00410	0.00410	0.00082	0.00410	0.00328	0.00328	0.83922
12	0.00819	0.00580	0.00699	0.00665	0.00827	0.00514	0.00500	0.01027	0.01437	0.05758	0.44144	0.07531	0.30993	0.01232	0.00651	0.00181	0.00281	0.01063	0.00575	0.00521
13	0.01936	0.01291	0.01407	0.01121	0.01511	0.03376	0.00911	0.39416	0.12345	0.19364	0.03649	0.01945	0.07664	0.00752	0.00565	0.00172	0.00530	0.00593	0.00575	0.00876
14	0.01207	0.00632	0.00833	0.00806	0.00977	0.00565	0.00594	0.01362	0.01292	0.23384	0.12304	0.41865	0.09291	0.01330	0.00653	0.00200	0.00353	0.01176	0.00575	0.00602
15	0.02485	0.00943	0.01285	0.00985	0.01414	0.00814	0.00814	0.02699	0.01585	0.77465	0.02185	0.01885	0.01371	0.00685	0.00557	0.00171	0.00471	0.00557	0.00685	0.00943
16	0.00927	0.00806	0.01162	0.23443	0.03833	0.02698	0.03004	0.03545	0.01143	0.01500	0.02185	0.42455	0.04343	0.01214	0.00706	0.00207	0.04802	0.01074	0.00405	0.00547
17	0.07236	0.45309	0.15902	0.01207	0.01703	0.05118	0.06664	0.03851	0.01181	0.01569	0.00854	0.01020	0.00719	0.00523	0.00502	0.00147	0.05153	0.00362	0.00259	0.00723
18	0.02141	0.01357	0.01492	0.01224	0.03962	0.06950	0.00962	0.38092	0.02033	0.29049	0.01600	0.01585	0.01114	0.02863	0.02799	0.00196	0.00614	0.00519	0.00558	0.00889
19	0.57001	0.01153	0.03104	0.08989	0.01566	0.01247	0.05282	0.06310	0.01143	0.08361	0.00968	0.01108	0.00714	0.00539	0.00418	0.00173	0.00516	0.00377	0.00367	0.00665
20	0.00679	0.00530	0.00611	0.00658	0.00774	0.00468	0.00465	0.00810	0.01200	0.01522	0.11262	0.34682	0.39272	0.03542	0.00731	0.00210	0.00301	0.01304	0.00519	0.00462
21	0.01559	0.01277	0.01626	0.11564	0.13762	0.01376	0.01140	0.31519	0.04386	0.02413	0.01219	0.03607	0.00974	0.00637	0.00626	0.00162	0.06381	0.00503	0.00408	0.14860

[dist]
# distance from previous block
# <min> <max>
0	7

[block]
# block no. 4 follows, 43 sequences, length 44
# corresponding to MSA columns:
# 218-261
name=unknown_E
#
# <colnr> <probs for GDERKNQSTAVLIFYWHMCP>
#	G	D	E	R	K	N	Q	S	T	A	V	L	I	F	Y	W	H	M	C	P
0	0.81992	0.01118	0.00837	0.00749	0.01090	0.03540	0.00614	0.01645	0.00961	0.02451	0.00774	0.00903	0.00603	0.00516	0.00347	0.00171	0.00445	0.00302	0.00341	0.00601
1	0.81611	0.01068	0.00843	0.03398	0.01164	0.01242	0.00632	0.01621	0.00948	0.02448	0.00778	0.00919	0.00605	0.00515	0.00350	0.00172	0.00439	0.00306	0.00339	0.00600
2	0.02485	0.00943	0.01285	0.00985	0.01414	0.00814	0.00814	0.02699	0.01585	0.77465	0.02185	0.01885	0.01371	0.00685	0.00557	0.00171	0.00471	0.00557	0.00685	0.00943
3	0.01165	0.00723	0.01044	0.00920	0.01125	0.00670	0.06386	0.03863	0.01429	0.16275	0.30916	0.22774	0.04834	0.02789	0.00693	0.00197	0.00392	0.02633	0.00563	0.00610
4	0.05486	0.09652	0.01411	0.01080	0.03903	0.03222	0.00846	0.23919	0.15299	0.03986	0.15803	0.02307	0.09176	0.00803	0.00551	0.00168	0.00480	0.00646	0.00505	0.00756
5	0.01032	0.00516	0.00516	0.00516	0.00645	0.00516	0.00387	0.01290	0.01161	0.02065	0.01807	0.02065	0.01420	0.00645	0.00387	0.00129	0.00258	0.00516	0.83611	0.00516
6	0.01735	0.00912	0.01191	0.04602	0.03713	0.00885	0.00815	0.10578	0.05810	0.35346	0.14008	0.13880	0.02252	0.00903	0.00594	0.00181	0.00448	0.00772	0.00593	0.00781
7	0.01979	0.01485	0.01681	0.01347	0.03923	0.01627	0.03642	0.66499	0.02436	0.03269	0.01406	0.05568	0.01082	0.00710	0.00566	0.00170	0.00607	0.00562	0.00534	0.00907
8	0.00837	0.00595	0.00734	0.00722	0.00860	0.00544	0.00525	0.03096	0.01353	0.04289	0.33013	0.26260	0.16331	0.04465	0.00741	0.00202	0.00315	0.01137	0.00546	0.03437
9	0.01212	0.01212	0.01696	0.01454	0.01454	0.01696	0.01212	0.01333	0.00848	0.01333	0.00727	0.01212	0.00727	0.00969	0.01818	0.00242	0.79523	0.00485	0.00242	0.00606
10	0.00801	0.00558	0.00720	0.00712	0.00834	0.00510	0.00521	0.01013	0.01426	0.04300	0.51688	0.21801	0.10473	0.01280	0.00663	0.00187	0.00283	0.01134	0.00582	0.00514
11	0.84448	0.01071	0.00814	0.00728	0.01071	0.01242	0.00600	0.01628	0.00943	0.02485	0.00771	0.00900	0.00600	0.00514	0.00343	0.00171	0.00428	0.00300	0.00343	0.00600
12	0.01124	0.02450	0.58278	0.01681	0.02402	0.01260	0.16512	0.01700	0.01190	0.01738	0.01141	0.05910	0.00904	0.00586	0.00562	0.00181	0.00812	0.00527	0.00260	0.00782
13	0.00658	0.00561	0.00566	0.00565	0.00750	0.00469	0.00424	0.00802	0.01271	0.01516	0.07576	0.05297	0.74878	0.01395	0.00655	0.00187	0.00280	0.01164	0.00517	0.00469
14	0.01132	0.01122	0.02046	0.54072	0.09233	0.01260	0.17728	0.01516	0.01165	0.01536	0.01019	0.01463	0.00774	0.00526	0.00571	0.00180	0.00765	0.00523	0.00258	0.03111
15	0.01217	0.01027	0.01205	0.03607	0.01431	0.00829	0.00717	0.06931	0.01256	0.01917	0.01010	0.01174	0.00827	0.00434	0.00426	0.00092	0.00437	0.00347	0.00342	0.74775
16	0.81125	0.01068	0.00848	0.03856	0.01180	0.01242	0.00637	0.01620	0.00949	0.02442	0.00780	0.00923	0.00605	0.00516	0.00351	0.00172	0.00441	0.00308	0.00339	0.00600
17	0.55963	0.03919	0.02565	0.01018	0.07337	0.01244	0.00766	0.05631	0.03673	0.07514	0.01029	0.01134	0.00780	0.00546	0.00399	0.00167	0.00464	0.00368	0.04805	0.00677
18	0.00745	0.00549	0.00734	0.04451	0.00976	0.00528	0.00591	0.00912	0.01219	0.01641	0.22098	0.42802	0.08133	0.03918	0.00754	0.00220	0.00348	0.08384	0.00520	0.00480
19	0.01046	0.00984	0.01661	0.79205	0.03814	0.01230	0.01538	0.01415	0.01107	0.01415	0.00984	0.01477	0.00738	0.00554	0.00554	0.00185	0.00738	0.00492	0.00246	0.00615
20	0.81182	0.01066	0.00833	0.00739	0.01085	0.01225	0.00608	0.01671	0.00968	0.05473	0.00827	0.00939	0.00631	0.00521	0.00351	0.00171	0.00430	0.00310	0.00356	0.00613
21	0.02069	0.02640	0.01569	0.01427	0.01712	0.78313	0.01070	0.02212	0.01569	0.01355	0.00856	0.00999	0.00713	0.00571	0.00499	0.00143	0.00999	0.00357	0.00285	0.00642
22	0.01212	0.01212	0.01696	0.01454	0.01454	0.01696	0.01212	0.01333	0.00848	0.01333	0.00727	0.01212	0.00727	0.00969	0.01818	0.00242	0.79523	0.00485	0.00242	0.00606
23	0.01046	0.00984	0.01661	0.79205	0.03814	0.01230	0.01538	0.01415	0.01107	0.01415	0.00984	0.01477	0.00738	0.00554	0.00554	0.00185	0.00738	0.00492	0.00246	0.00615
24	0.01212	0.01212	0.01696	0.01454	0.01454	0.01696	0.01212	0.01333	0.00848	0.01333	0.00727	0.01212	0.00727	0.00969	0.01818	0.00242	0.79523	0.00485	0.00242	0.00606
25	0.01146	0.01119	0.01524	0.01335	0.01363	0.03466	0.01099	0.01284	0.00876	0.01324	0.00889	0.01408	0.00864	0.01625	0.17791	0.00375	0.61169	0.00504	0.00255	0.00583
26	0.03611	0.05840	0.01420	0.01147	0.01482	0.04985	0.00915	0.13048	0.52838	0.03773	0.01899	0.01792	0.01427	0.00713	0.00572	0.00179	0.02423	0.00564	0.00520	0.00853
27	0.01023	0.00515	0.00520	0.00523	0.00650	0.00514	0.00391	0.01276	0.01159	0.02047	0.01841	0.04210	0.01481	0.00675	0.00396	0.00132	0.00260	0.00545	0.81329	0.00514
28	0.02071	0.02590	0.01574	0.01420	0.01712	0.74809	0.01069	0.05552	0.01617	0.01453	0.00878	0.01014	0.00724	0.00575	0.00502	0.00144	0.00981	0.00363	0.00298	0.00656
29	0.01111	0.02865	0.77667	0.01579	0.02397	0.01286	0.02046	0.01754	0.01169	0.01754	0.00994	0.01169	0.00702	0.00526	0.00526	0.00175	0.00818	0.00409	0.00234	0.00818
30	0.01378	0.01190	0.01252	0.01127	0.01440	0.01378	0.00877	0.02943	0.76081	0.02317	0.02254	0.02066	0.01691	0.00751	0.00564	0.00188	0.00438	0.00626	0.00564	0.00877
31	0.00801	0.00535	0.00605	0.00610	0.00611	0.00534	0.00342	0.00804	0.00814	0.01086	0.01791	0.06310	0.02071	0.77771	0.02745	0.00526	0.00529	0.00832	0.00342	0.00340
32	0.00743	0.00555	0.00690	0.00676	0.00808	0.00502	0.00500	0.00960	0.01443	0.01972	0.52940	0.13228	0.20422	0.01260	0.00660	0.00183	0.00272	0.01104	0.00578	0.00502
33	0.00660	0.00556	0.00567	0.00574	0.00747	0.00469	0.00424	0.00794	0.01238	0.01479	0.05355	0.09530	0.70566	0.03679	0.00719	0.00199	0.00290	0.01182	0.00509	0.00463
34	0.00962	0.00481	0.00722	0.00722	0.00722	0.00481	0.00481	0.00722	0.00722	0.00962	0.00962	0.01684	0.00962	0.01924	0.02165	0.83886	0.00481	0.00481	0.00241	0.00241
35	0.84448	0.01071	0.00814	0.00728	0.01071	0.01242	0.00600	0.01628	0.00943	0.02485	0.00771	0.00900	0.00600	0.00514	0.00343	0.00171	0.00428	0.00300	0.00343	0.00600
36	0.02485	0.00943	0.01285	0.00985	0.01414	0.00814	0.00814	0.02699	0.01585	0.77465	0.02185	0.01885	0.01371	0.00685	0.00557	0.00171	0.00471	0.00557	0.00685	0.00943
37	0.01384	0.06516	0.14882	0.09033	0.47553	0.01349	0.01634	0.04248	0.01286	0.05354	0.01076	0.01338	0.00851	0.00518	0.00534	0.00165	0.00677	0.00470	0.00292	0.00841
38	0.01336	0.01153	0.01212	0.01094	0.01400	0.01325	0.00850	0.02819	0.71749	0.02269	0.02448	0.02255	0.06042	0.00789	0.00569	0.00188	0.00429	0.00658	0.00561	0.00853
39	0.01186	0.01049	0.01725	0.12038	0.44805	0.01067	0.01345	0.01477	0.01258	0.03637	0.09498	0.11880	0.01795	0.00779	0.00590	0.00180	0.00572	0.04025	0.00358	0.00738
40	0.00805	0.00537	0.00604	0.00604	0.00604	0.00537	0.00336	0.00805	0.00805	0.01074	0.01745	0.03624	0.02013	0.80536	0.02819	0.00537	0.00537	0.00805	0.00336	0.00336
41	0.01046	0.00984	0.01661	0.79205	0.03814	0.01230	0.01538	0.01415	0.01107	0.01415	0.00984	0.01477	0.00738	0.00554	0.00554	0.00185	0.00738	0.00492	0.00246	0.00615
42	0.00811	0.00561	0.00727	0.00793	0.00879	0.00521	0.00549	0.03307	0.01162	0.04151	0.07215	0.66833	0.03458	0.01568	0.00680	0.00212	0.00336	0.01414	0.00518	0.04305
43	0.01076	0.02682	0.71631	0.01506	0.02270	0.01222	0.01922	0.01678	0.01170	0.01731	0.01272	0.03932	0.04282	0.00606	0.00538	0.00178	0.00778	0.00482	0.00256	0.00790

[dist]
# distance from previous block
# <min> <max>
4	24

[block]
# block no. 5 follows, 43 sequences, length 31
# corresponding to MSA columns:
# 286-316
name=unknown_F
#
# <colnr> <probs for GDERKNQSTAVLIFYWHMCP>
#	G	D	E	R	K	N	Q	S	T	A	V	L	I	F	Y	W	H	M	C	P
0	0.20804	0.36814	0.11487	0.01188	0.06763	0.08114	0.01060	0.01761	0.01156	0.05199	0.00890	0.01015	0.00726	0.00509	0.00409	0.00146	0.00615	0.00342	0.00289	0.00715
1	0.01362	0.06471	0.02162	0.07190	0.61876	0.04697	0.01564	0.01668	0.01257	0.01723	0.01193	0.01485	0.03850	0.00535	0.00538	0.00163	0.00658	0.00501	0.00280	0.00826
2	0.79068	0.04220	0.00907	0.00747	0.01094	0.01283	0.00621	0.01663	0.02858	0.02434	0.00809	0.00929	0.00632	0.00519	0.00349	0.00170	0.00435	0.00308	0.00344	0.00611
3	0.00792	0.00589	0.00869	0.00869	0.00960	0.00681	0.00665	0.00975	0.00884	0.01270	0.01503	0.02285	0.01432	0.09906	0.72654	0.00863	0.01412	0.00609	0.00300	0.00483
4	0.13121	0.01062	0.04243	0.00989	0.01417	0.00936	0.00843	0.04458	0.04636	0.59533	0.01933	0.01720	0.01245	0.00659	0.00528	0.00172	0.00482	0.00519	0.00614	0.00890
5	0.01121	0.02791	0.73688	0.01619	0.02424	0.01292	0.05951	0.01755	0.01177	0.01755	0.01001	0.01187	0.00709	0.00523	0.00533	0.00176	0.00825	0.00422	0.00236	0.00815
6	0.01006	0.00616	0.00805	0.00734	0.00900	0.00562	0.00558	0.01248	0.01526	0.12011	0.60677	0.03896	0.06456	0.04219	0.00728	0.00190	0.00305	0.02391	0.00604	0.00569
7	0.00973	0.00832	0.02210	0.02420	0.01127	0.00839	0.00693	0.02851	0.25830	0.01841	0.08223	0.11519	0.25451	0.04332	0.00722	0.00211	0.00393	0.08395	0.00520	0.00620
8	0.00670	0.00556	0.00587	0.00591	0.00761	0.00472	0.00439	0.00821	0.01282	0.01571	0.13307	0.10517	0.63726	0.01396	0.00658	0.00188	0.00281	0.01179	0.00525	0.00472
9	0.54348	0.04413	0.01080	0.03830	0.01301	0.01222	0.00723	0.04519	0.05160	0.17113	0.01155	0.01192	0.00831	0.00566	0.00413	0.00170	0.00463	0.00382	0.00421	0.00699
10	0.02055	0.02509	0.08767	0.09174	0.01722	0.00912	0.00996	0.02328	0.01460	0.55117	0.04663	0.01850	0.01372	0.00802	0.03529	0.00200	0.00566	0.00549	0.00570	0.00860
11	0.01471	0.72859	0.06313	0.01074	0.04163	0.03646	0.01028	0.01675	0.01141	0.01343	0.00792	0.00921	0.00716	0.00479	0.00373	0.00123	0.00613	0.00310	0.00239	0.00720
12	0.01146	0.10308	0.70533	0.01518	0.02304	0.01373	0.01941	0.01745	0.01165	0.01711	0.00973	0.01142	0.00702	0.00521	0.00510	0.00170	0.00797	0.00398	0.00234	0.00808
13	0.00772	0.00563	0.00725	0.00691	0.00821	0.00516	0.00516	0.01019	0.01530	0.02145	0.69563	0.06919	0.09803	0.01171	0.00655	0.00177	0.00265	0.01033	0.00600	0.00516
14	0.05157	0.00925	0.01237	0.00960	0.01368	0.00811	0.00790	0.02566	0.01562	0.70517	0.06512	0.01984	0.01571	0.00706	0.00555	0.00172	0.00458	0.00574	0.00669	0.00906
15	0.00747	0.00562	0.00691	0.00665	0.00806	0.00506	0.00497	0.00972	0.01471	0.02007	0.56030	0.07346	0.23219	0.01223	0.00656	0.00179	0.00268	0.01066	0.00582	0.00506
16	0.02185	0.00877	0.01183	0.00930	0.01309	0.00761	0.00759	0.02402	0.01569	0.64413	0.12110	0.02325	0.05042	0.00774	0.00574	0.00172	0.00436	0.00641	0.00668	0.00868
17	0.03336	0.00913	0.01145	0.00938	0.01268	0.00874	0.00753	0.06859	0.11654	0.40471	0.22760	0.02479	0.02439	0.00814	0.00580	0.00174	0.00417	0.00681	0.00633	0.00811
18	0.02105	0.01551	0.01662	0.01274	0.01717	0.01717	0.01053	0.75235	0.02604	0.03490	0.01330	0.01330	0.00942	0.00665	0.00554	0.00166	0.00609	0.00499	0.00554	0.00942
19	0.01287	0.00997	0.01217	0.02673	0.01414	0.00791	0.02092	0.01581	0.03727	0.09174	0.01147	0.01265	0.00902	0.00453	0.00437	0.00099	0.00434	0.00370	0.00368	0.69572
20	0.01638	0.01246	0.01537	0.13855	0.03512	0.01385	0.02795	0.40762	0.01966	0.05612	0.08392	0.03928	0.04888	0.00762	0.00645	0.00177	0.05019	0.00608	0.00482	0.00791
21	0.63180	0.03991	0.01074	0.00869	0.01217	0.03652	0.00720	0.12929	0.01219	0.02519	0.00858	0.00981	0.00665	0.00555	0.00438	0.00171	0.03600	0.00339	0.00366	0.00658
22	0.01425	0.01223	0.01354	0.01306	0.07092	0.01395	0.00950	0.07635	0.65645	0.02357	0.02103	0.01966	0.01580	0.00726	0.00562	0.00185	0.00466	0.00608	0.00541	0.00881
23	0.02485	0.00943	0.01285	0.00985	0.01414	0.00814	0.00814	0.02699	0.01585	0.77465	0.02185	0.01885	0.01371	0.00685	0.00557	0.00171	0.00471	0.00557	0.00685	0.00943
24	0.01212	0.01212	0.01696	0.01454	0.01454	0.01696	0.01212	0.01333	0.00848	0.01333	0.00727	0.01212	0.00727	0.00969	0.01818	0.00242	0.79523	0.00485	0.00242	0.00606
25	0.02397	0.00920	0.01254	0.00975	0.01384	0.00796	0.00799	0.02605	0.01560	0.73763	0.02227	0.05696	0.01483	0.00737	0.00564	0.00174	0.00464	0.00606	0.00677	0.00919
26	0.00673	0.00488	0.00636	0.00755	0.00799	0.00451	0.00507	0.00773	0.01076	0.01420	0.03255	0.74246	0.09461	0.01709	0.00703	0.00222	0.00318	0.01542	0.00514	0.00451
27	0.00726	0.00560	0.00663	0.00645	0.00794	0.00497	0.00481	0.00931	0.01420	0.01889	0.44411	0.08142	0.34303	0.01270	0.00656	0.00182	0.00272	0.01096	0.00566	0.00497
28	0.02069	0.02640	0.01569	0.01427	0.01712	0.78313	0.01070	0.02212	0.01569	0.01355	0.00856	0.00999	0.00713	0.00571	0.00499	0.00143	0.00999	0.00357	0.00285	0.00642
29	0.00820	0.00588	0.00750	0.00751	0.00897	0.00542	0.00592	0.01051	0.01429	0.03703	0.42624	0.06794	0.18645	0.01280	0.00678	0.00196	0.00327	0.17247	0.00568	0.00517
30	0.01481	0.80869	0.02902	0.00948	0.01421	0.02191	0.00948	0.01658	0.01125	0.01303	0.00770	0.00888	0.00711	0.00474	0.00355	0.00118	0.00592	0.00296	0.00237	0.00711

[dist]
# distance from previous block
# <min> <max>
0	2

[block]
# block no. 6 follows, 43 sequences, length 15
# corresponding to MSA columns:
# 319-333
name=unknown_G
#
# <colnr> <probs for GDERKNQSTAVLIFYWHMCP>
#	G	D	E	R	K	N	Q	S	T	A	V	L	I	F	Y	W	H	M	C	P
0	0.02717	0.00687	0.00863	0.00871	0.04198	0.00661	0.00622	0.01323	0.08510	0.07418	0.40327	0.11865	0.13951	0.01133	0.00635	0.00184	0.00328	0.02553	0.00565	0.00588
1	0.01051	0.00990	0.01655	0.61646	0.07124	0.01209	0.03424	0.01382	0.01099	0.01439	0.01140	0.07779	0.00982	0.00672	0.00655	0.00191	0.06092	0.00583	0.00270	0.00618
2	0.01718	0.01391	0.01457	0.04580	0.01658	0.05200	0.00964	0.39879	0.20651	0.02750	0.01672	0.01658	0.04355	0.00683	0.00544	0.00164	0.00557	0.00535	0.00506	0.09078
3	0.01460	0.01150	0.01235	0.01093	0.01414	0.01297	0.00855	0.04867	0.64138	0.08783	0.02377	0.02180	0.05108	0.00773	0.00567	0.00186	0.00439	0.00642	0.00571	0.00865
4	0.00796	0.00550	0.00685	0.00690	0.00719	0.00577	0.00441	0.00855	0.00839	0.01146	0.01723	0.06202	0.01903	0.56276	0.23691	0.00623	0.00791	0.00777	0.00332	0.00384
5	0.00783	0.00532	0.00606	0.00622	0.00635	0.00523	0.00361	0.00801	0.00858	0.01134	0.02087	0.12718	0.05857	0.67402	0.02465	0.00483	0.00499	0.00914	0.00365	0.00355
6	0.00712	0.00543	0.00654	0.00720	0.00829	0.00493	0.00531	0.00854	0.01184	0.01508	0.07543	0.33223	0.31256	0.04996	0.00786	0.00226	0.00342	0.12625	0.00510	0.00465
7	0.84448	0.01071	0.00814	0.00728	0.01071	0.01242	0.00600	0.01628	0.00943	0.02485	0.00771	0.00900	0.00600	0.00514	0.00343	0.00171	0.00428	0.00300	0.00343	0.00600
8	0.01032	0.00516	0.00516	0.00516	0.00645	0.00516	0.00387	0.01290	0.01161	0.02065	0.01807	0.02065	0.01420	0.00645	0.00387	0.00129	0.00258	0.00516	0.83611	0.00516
9	0.01307	0.01494	0.03268	0.02334	0.02894	0.01401	0.75070	0.01774	0.01307	0.01774	0.01120	0.01494	0.00840	0.00467	0.00654	0.00187	0.00934	0.00654	0.00280	0.00747
10	0.05892	0.76627	0.02791	0.00936	0.01403	0.02141	0.00929	0.01657	0.01116	0.01366	0.00770	0.00889	0.00705	0.00476	0.00355	0.00121	0.00584	0.00296	0.00243	0.00705
11	0.10585	0.01425	0.01371	0.01130	0.01476	0.09378	0.00909	0.38459	0.12522	0.02745	0.01389	0.01446	0.01041	0.00737	0.02320	0.00182	0.02640	0.00485	0.08957	0.00803
12	0.00952	0.00794	0.00866	0.02587	0.01059	0.04786	0.00634	0.06071	0.03971	0.01865	0.23186	0.16387	0.20995	0.01187	0.00633	0.00184	0.00385	0.06406	0.00512	0.06540
13	0.00953	0.00849	0.00934	0.00861	0.01064	0.08500	0.05352	0.01149	0.01356	0.04255	0.18171	0.08997	0.36058	0.01213	0.00649	0.00188	0.00423	0.07995	0.00500	0.00533
14	0.01854	0.06684	0.01796	0.01577	0.07041	0.52676	0.06403	0.04185	0.07294	0.01548	0.01001	0.01153	0.00816	0.00581	0.00552	0.00153	0.03269	0.00413	0.00309	0.00695

[dist]
# distance from previous block
# <min> <max>
3	5

[block]
# block no. 7 follows, 43 sequences, length 10
# corresponding to MSA columns:
# 339-348
name=unknown_H
#
# <colnr> <probs for GDERKNQSTAVLIFYWHMCP>
#	G	D	E	R	K	N	Q	S	T	A	V	L	I	F	Y	W	H	M	C	P
0	0.01777	0.01576	0.01442	0.01229	0.01577	0.16978	0.00973	0.26788	0.31780	0.04795	0.01685	0.01741	0.01285	0.00710	0.00554	0.00173	0.00612	0.02980	0.00506	0.00841
1	0.01533	0.01267	0.01340	0.01159	0.01500	0.01450	0.00914	0.18431	0.60339	0.02568	0.02056	0.01908	0.01530	0.00733	0.00562	0.00183	0.00475	0.00599	0.00562	0.00891
2	0.01557	0.74817	0.02780	0.00950	0.01421	0.02087	0.00938	0.01737	0.01160	0.07071	0.00877	0.00964	0.00761	0.00490	0.00371	0.00122	0.00583	0.00316	0.00271	0.00728
3	0.00831	0.04034	0.00786	0.00701	0.00750	0.00653	0.00464	0.00895	0.00844	0.01145	0.01628	0.03090	0.01777	0.55159	0.24373	0.00620	0.00811	0.00723	0.00320	0.00397
4	0.01702	0.01973	0.01890	0.04725	0.30421	0.40190	0.03655	0.01932	0.01392	0.01542	0.00932	0.01182	0.00781	0.00558	0.00593	0.00159	0.04934	0.00429	0.00277	0.00732
5	0.00805	0.00609	0.00748	0.00706	0.00858	0.00573	0.00531	0.01138	0.06688	0.02116	0.60658	0.04177	0.16012	0.01147	0.00647	0.00177	0.00277	0.01001	0.00592	0.00539
6	0.00962	0.00481	0.00722	0.00722	0.00722	0.00481	0.00481	0.00722	0.00722	0.00962	0.00962	0.01684	0.00962	0.01924	0.02165	0.83886	0.00481	0.00481	0.00241	0.00241
7	0.04132	0.11364	0.04862	0.02685	0.52670	0.11623	0.01500	0.01762	0.01272	0.01706	0.00973	0.01240	0.00820	0.00503	0.00511	0.00157	0.00693	0.00442	0.00272	0.00815
8	0.01547	0.72196	0.02760	0.00992	0.01454	0.06425	0.00960	0.05675	0.01230	0.01424	0.00805	0.00918	0.00723	0.00490	0.00374	0.00122	0.00616	0.00310	0.00257	0.00719
9	0.00685	0.00495	0.00631	0.00734	0.00779	0.00460	0.00488	0.00777	0.01056	0.01389	0.03179	0.65459	0.10722	0.09254	0.00904	0.00251	0.00338	0.01461	0.00497	0.00441

[dist]
# distance from previous block
# <min> <max>
0	3

# created by:
# /st0/software/busco_prod/Augustus/scripts/msa2prfl.pl ./align_prep/180244.fa
