[name]
unknown

[dist]
# distance from previous block
# <min> <max>
37	154

[block]
# block no. 0 follows, 47 sequences, length 11
# corresponding to MSA columns:
# 200-210
name=unknown_A
#
# <colnr> <probs for GDERKNQSTAVLIFYWHMCP>
#	G	D	E	R	K	N	Q	S	T	A	V	L	I	F	Y	W	H	M	C	P
0	0.10316	0.03979	0.01703	0.11727	0.27399	0.10164	0.05518	0.11627	0.04564	0.01871	0.01245	0.01436	0.05107	0.00559	0.00497	0.00157	0.00620	0.00474	0.00321	0.00716
1	0.01011	0.00953	0.01611	0.73553	0.10268	0.01164	0.01460	0.01354	0.01054	0.01364	0.00930	0.01380	0.00706	0.00516	0.00520	0.00172	0.00687	0.00463	0.00234	0.00600
2	0.00983	0.00926	0.01562	0.80447	0.03587	0.01157	0.01446	0.01331	0.01041	0.01331	0.00926	0.01388	0.00694	0.00521	0.00521	0.00174	0.00694	0.00463	0.00231	0.00579
3	0.01238	0.16679	0.39009	0.01605	0.06761	0.08382	0.15988	0.01672	0.01156	0.01546	0.00911	0.01108	0.00697	0.00477	0.00488	0.00154	0.00758	0.00410	0.00235	0.00727
4	0.01252	0.00628	0.00822	0.00756	0.00945	0.00561	0.00566	0.01408	0.01259	0.28504	0.16182	0.28334	0.09820	0.05590	0.00712	0.00198	0.00349	0.00975	0.00546	0.00593
5	0.00675	0.00497	0.00638	0.00718	0.00796	0.00460	0.00521	0.00815	0.01122	0.01480	0.13716	0.47786	0.15377	0.01476	0.00658	0.00203	0.00313	0.11810	0.00495	0.00443
6	0.03920	0.00519	0.00633	0.00701	0.00753	0.00511	0.00466	0.00867	0.04337	0.01380	0.06689	0.54011	0.03007	0.18436	0.01063	0.00267	0.00351	0.01213	0.00449	0.00427
7	0.13140	0.01200	0.02085	0.01649	0.05319	0.03166	0.38298	0.04120	0.01172	0.06024	0.01211	0.08469	0.01040	0.00760	0.04126	0.00206	0.06431	0.00607	0.00319	0.00657
8	0.03727	0.00723	0.00856	0.00785	0.01002	0.00707	0.00613	0.01571	0.14732	0.17643	0.16608	0.07363	0.18489	0.04854	0.00682	0.00194	0.00362	0.07950	0.00528	0.00610
9	0.11074	0.00799	0.00933	0.00815	0.01074	0.00768	0.00634	0.06442	0.05721	0.17372	0.11413	0.17935	0.02108	0.03938	0.00609	0.00176	0.00388	0.04259	0.00481	0.13061
10	0.00938	0.00672	0.00776	0.00753	0.00867	0.00688	0.00529	0.13404	0.04593	0.01684	0.07184	0.32176	0.06100	0.22337	0.01138	0.00269	0.00397	0.00989	0.04011	0.00497

[dist]
# distance from previous block
# <min> <max>
9	22

[block]
# block no. 1 follows, 47 sequences, length 10
# corresponding to MSA columns:
# 234-243
name=unknown_B
#
# <colnr> <probs for GDERKNQSTAVLIFYWHMCP>
#	G	D	E	R	K	N	Q	S	T	A	V	L	I	F	Y	W	H	M	C	P
0	0.08926	0.00937	0.09353	0.00854	0.01129	0.00763	0.00744	0.04343	0.05452	0.17321	0.30143	0.13308	0.02796	0.00907	0.00555	0.00170	0.00386	0.00774	0.00509	0.00631
1	0.01491	0.01276	0.05866	0.01377	0.05689	0.05920	0.18407	0.10495	0.04500	0.16119	0.04500	0.01603	0.04027	0.00569	0.00521	0.00148	0.00590	0.00518	0.00401	0.15979
2	0.03959	0.16852	0.50550	0.01392	0.02040	0.01365	0.09011	0.01689	0.03503	0.03622	0.00967	0.01117	0.00717	0.00490	0.00474	0.00156	0.00710	0.00395	0.00249	0.00742
3	0.18112	0.35487	0.16208	0.01013	0.01474	0.06809	0.01022	0.05484	0.03703	0.05154	0.00902	0.00993	0.00716	0.00495	0.00395	0.00139	0.00582	0.00334	0.00289	0.00688
4	0.00809	0.00558	0.00660	0.00650	0.00692	0.00571	0.00413	0.04877	0.00918	0.01241	0.05698	0.10802	0.02085	0.57054	0.10391	0.00475	0.00570	0.00801	0.00353	0.00382
5	0.01118	0.01047	0.01741	0.49650	0.04801	0.01201	0.13262	0.06973	0.08436	0.01615	0.01162	0.04629	0.00922	0.00576	0.00542	0.00174	0.00670	0.00540	0.00297	0.00644
6	0.00892	0.00731	0.04586	0.00761	0.00954	0.00642	0.00619	0.01298	0.11461	0.05763	0.48272	0.06514	0.11262	0.01026	0.00598	0.00171	0.00314	0.03036	0.00539	0.00560
7	0.00745	0.00554	0.00815	0.00815	0.00901	0.00639	0.00624	0.00916	0.00830	0.01193	0.01415	0.02156	0.01350	0.10213	0.73393	0.00810	0.01323	0.00574	0.00282	0.00453
8	0.01295	0.01668	0.26495	0.01254	0.01725	0.01280	0.04882	0.14436	0.32758	0.02159	0.05485	0.01631	0.01306	0.00630	0.00526	0.00169	0.00568	0.00523	0.00417	0.00793
9	0.01367	0.76185	0.08331	0.00935	0.01404	0.01998	0.00967	0.01566	0.01061	0.01256	0.00739	0.00855	0.00668	0.00449	0.00346	0.00115	0.00573	0.00286	0.00223	0.00676

[dist]
# distance from previous block
# <min> <max>
0	1

[block]
# block no. 2 follows, 47 sequences, length 10
# corresponding to MSA columns:
# 245-254
name=unknown_C
#
# <colnr> <probs for GDERKNQSTAVLIFYWHMCP>
#	G	D	E	R	K	N	Q	S	T	A	V	L	I	F	Y	W	H	M	C	P
0	0.01409	0.00876	0.05018	0.00989	0.03113	0.00745	0.05328	0.01732	0.05809	0.29855	0.26428	0.04616	0.05575	0.00856	0.00576	0.00170	0.00417	0.05262	0.00541	0.00685
1	0.01845	0.11261	0.01653	0.01400	0.06078	0.66389	0.01028	0.01993	0.01412	0.01294	0.00806	0.00948	0.00680	0.00522	0.00457	0.00133	0.00878	0.00337	0.00263	0.00624
2	0.01289	0.01237	0.02114	0.03196	0.78450	0.01237	0.01598	0.01598	0.01186	0.01701	0.00980	0.01289	0.00825	0.00464	0.00516	0.00155	0.00619	0.00464	0.00258	0.00825
3	0.00756	0.00510	0.00596	0.00596	0.00605	0.00520	0.00350	0.00775	0.00766	0.01030	0.01616	0.03268	0.01832	0.73684	0.10581	0.00539	0.00597	0.00737	0.00312	0.00331
4	0.01395	0.01450	0.09884	0.08896	0.32342	0.03663	0.08716	0.17209	0.07664	0.02014	0.01121	0.01324	0.00864	0.00525	0.00524	0.00161	0.00649	0.00478	0.00329	0.00792
5	0.00619	0.00515	0.00540	0.00561	0.00712	0.00437	0.00410	0.00744	0.01155	0.01394	0.04873	0.17797	0.65713	0.01371	0.00624	0.00182	0.00270	0.01163	0.00484	0.00437
6	0.01280	0.01039	0.05035	0.01013	0.01276	0.02571	0.03583	0.21232	0.10855	0.06773	0.09099	0.17116	0.02109	0.06406	0.00722	0.00203	0.00479	0.08069	0.00480	0.00658
7	0.00646	0.00529	0.00570	0.00560	0.00722	0.00453	0.00420	0.00807	0.01260	0.01580	0.23796	0.04727	0.59610	0.01254	0.00615	0.00173	0.00259	0.01059	0.00506	0.00453
8	0.01080	0.00926	0.01080	0.00771	0.01234	0.00694	0.00617	0.01311	0.01080	0.01697	0.00926	0.01080	0.00771	0.00386	0.00386	0.00077	0.00386	0.00309	0.00309	0.84882
9	0.01232	0.01358	0.05648	0.08656	0.11048	0.01279	0.48629	0.05372	0.05722	0.01743	0.01152	0.03619	0.00906	0.00509	0.00583	0.00173	0.00771	0.00591	0.00293	0.00717

[dist]
# distance from previous block
# <min> <max>
0	1

[block]
# block no. 3 follows, 47 sequences, length 6
# corresponding to MSA columns:
# 256-261
name=unknown_D
#
# <colnr> <probs for GDERKNQSTAVLIFYWHMCP>
#	G	D	E	R	K	N	Q	S	T	A	V	L	I	F	Y	W	H	M	C	P
0	0.18464	0.52773	0.07176	0.00891	0.01329	0.01702	0.00881	0.01652	0.01067	0.08793	0.00863	0.00943	0.00705	0.00475	0.00360	0.00130	0.00529	0.00309	0.00282	0.00674
1	0.00905	0.00452	0.00678	0.00678	0.00678	0.00452	0.00452	0.00678	0.00678	0.00905	0.00905	0.01583	0.00905	0.01809	0.02035	0.84848	0.00452	0.00452	0.00226	0.00226
2	0.01151	0.01272	0.04474	0.04879	0.04499	0.08458	0.38381	0.04039	0.01220	0.01574	0.01601	0.15991	0.05461	0.03740	0.00672	0.00189	0.00703	0.00752	0.00323	0.00622
3	0.00876	0.00662	0.00879	0.08336	0.05274	0.00648	0.00665	0.04699	0.01382	0.04317	0.40536	0.05979	0.19180	0.01029	0.00598	0.00170	0.00344	0.03392	0.00499	0.00536
4	0.85377	0.01007	0.00765	0.00685	0.01007	0.01168	0.00564	0.01531	0.00886	0.02336	0.00725	0.00846	0.00564	0.00483	0.00322	0.00161	0.00403	0.00282	0.00322	0.00564
5	0.04132	0.01412	0.15781	0.01232	0.03890	0.06037	0.07493	0.04244	0.11764	0.32131	0.01753	0.01687	0.04798	0.00623	0.00522	0.00164	0.00567	0.00520	0.00462	0.00790

[dist]
# distance from previous block
# <min> <max>
3	5

[block]
# block no. 4 follows, 47 sequences, length 13
# corresponding to MSA columns:
# 268-280
name=unknown_E
#
# <colnr> <probs for GDERKNQSTAVLIFYWHMCP>
#	G	D	E	R	K	N	Q	S	T	A	V	L	I	F	Y	W	H	M	C	P
0	0.78374	0.01084	0.00829	0.00733	0.01058	0.04162	0.00600	0.05014	0.00981	0.02340	0.00752	0.00868	0.00583	0.00492	0.00337	0.00160	0.00431	0.00293	0.00329	0.00580
1	0.00863	0.00651	0.00812	0.00727	0.00852	0.00636	0.04510	0.08021	0.01165	0.01544	0.16306	0.05560	0.17551	0.36832	0.01511	0.00319	0.00431	0.00843	0.00417	0.00450
2	0.01178	0.01125	0.01914	0.31118	0.51391	0.01208	0.01543	0.01501	0.01134	0.01567	0.00960	0.01325	0.00778	0.00484	0.00517	0.00161	0.00646	0.00464	0.00248	0.00736
3	0.01860	0.01441	0.01573	0.08791	0.05900	0.06555	0.01058	0.57934	0.02149	0.05755	0.01207	0.01265	0.00866	0.00602	0.00517	0.00157	0.00606	0.00461	0.00468	0.00835
4	0.00687	0.00514	0.00638	0.00643	0.00756	0.00465	0.00468	0.00873	0.01305	0.01769	0.45310	0.21374	0.20791	0.01247	0.00626	0.00177	0.00262	0.01096	0.00533	0.00465
5	0.01131	0.00962	0.01029	0.00944	0.01195	0.01077	0.00727	0.02263	0.57696	0.02038	0.09700	0.06665	0.10629	0.00858	0.00555	0.00177	0.00374	0.00727	0.00526	0.00728
6	0.06746	0.00893	0.01185	0.00914	0.01312	0.00787	0.00755	0.02484	0.01458	0.74750	0.01984	0.01723	0.01251	0.00636	0.00513	0.00161	0.00441	0.00511	0.00627	0.00869
7	0.00757	0.00505	0.00568	0.00568	0.00568	0.00505	0.00316	0.00757	0.00757	0.01010	0.01641	0.03408	0.01893	0.81698	0.02651	0.00505	0.00505	0.00757	0.00316	0.00316
8	0.00783	0.00607	0.00877	0.00856	0.00929	0.00723	0.00658	0.00940	0.00824	0.01190	0.01356	0.02119	0.01312	0.12697	0.63292	0.00741	0.08788	0.00572	0.00278	0.00457
9	0.01080	0.00926	0.01080	0.00771	0.01234	0.00694	0.00617	0.01311	0.01080	0.01697	0.00926	0.01080	0.00771	0.00386	0.00386	0.00077	0.00386	0.00309	0.00309	0.84882
10	0.01320	0.06925	0.29817	0.01514	0.06729	0.01232	0.14560	0.09845	0.03756	0.07984	0.01190	0.01464	0.00913	0.00549	0.00516	0.00159	0.00666	0.03879	0.00325	0.06659
11	0.04523	0.08336	0.48905	0.01729	0.11815	0.01293	0.12951	0.01634	0.01118	0.01654	0.00934	0.01139	0.00697	0.00478	0.00496	0.00161	0.00736	0.00417	0.00236	0.00750
12	0.08491	0.04098	0.08631	0.00997	0.01395	0.03606	0.00882	0.09011	0.10868	0.38839	0.06524	0.01682	0.01360	0.00639	0.00503	0.00160	0.00487	0.00506	0.00521	0.00800

[dist]
# distance from previous block
# <min> <max>
1	4

[block]
# block no. 5 follows, 47 sequences, length 97
# corresponding to MSA columns:
# 286-382
name=unknown_F
#
# <colnr> <probs for GDERKNQSTAVLIFYWHMCP>
#	G	D	E	R	K	N	Q	S	T	A	V	L	I	F	Y	W	H	M	C	P
0	0.01721	0.01293	0.01406	0.01108	0.01492	0.01404	0.00902	0.52478	0.13907	0.04050	0.01403	0.02956	0.01055	0.00747	0.03223	0.00176	0.00550	0.00496	0.00494	0.09138
1	0.01950	0.02345	0.01487	0.01322	0.01611	0.69161	0.01004	0.12076	0.01606	0.01543	0.00865	0.00981	0.00700	0.00548	0.00476	0.00137	0.00890	0.00353	0.00302	0.00641
2	0.00729	0.00532	0.00685	0.00647	0.00773	0.00488	0.00485	0.00967	0.01455	0.02043	0.73355	0.03964	0.09762	0.01081	0.00614	0.00165	0.00247	0.00952	0.00567	0.00488
3	0.01952	0.01613	0.01537	0.01217	0.01606	0.14164	0.00987	0.62359	0.04664	0.02924	0.01206	0.01222	0.00873	0.00613	0.00513	0.00153	0.00627	0.00451	0.00481	0.00838
4	0.00698	0.00529	0.00644	0.00620	0.00756	0.00474	0.00463	0.00906	0.01376	0.01866	0.54596	0.06570	0.26285	0.01156	0.00616	0.00169	0.00253	0.01004	0.00544	0.00474
5	0.01180	0.00630	0.00823	0.00724	0.00928	0.00562	0.00560	0.01395	0.01429	0.24026	0.45701	0.06907	0.11038	0.00995	0.00591	0.00166	0.00307	0.00862	0.00581	0.00597
6	0.00621	0.00528	0.00535	0.00533	0.00707	0.00442	0.00400	0.00758	0.01200	0.01438	0.08583	0.04961	0.74911	0.01307	0.00615	0.00175	0.00263	0.01092	0.00488	0.00442
7	0.01323	0.01122	0.01188	0.01056	0.01353	0.01291	0.00825	0.07567	0.70177	0.02248	0.04466	0.01959	0.01648	0.00712	0.00532	0.00175	0.00417	0.00592	0.00531	0.00818
8	0.65197	0.01217	0.00950	0.00823	0.01154	0.08969	0.00669	0.12358	0.01168	0.02367	0.00808	0.00913	0.00621	0.00509	0.00365	0.00158	0.00480	0.00314	0.00345	0.00614
9	0.00637	0.00470	0.00596	0.00687	0.00748	0.00429	0.00469	0.00742	0.01055	0.01382	0.07212	0.64150	0.16422	0.01548	0.00654	0.00203	0.00293	0.01387	0.00488	0.00429
10	0.85377	0.01007	0.00765	0.00685	0.01007	0.01168	0.00564	0.01531	0.00886	0.02336	0.00725	0.00846	0.00564	0.00483	0.00322	0.00161	0.00403	0.00282	0.00322	0.00564
11	0.01610	0.00909	0.01134	0.00837	0.01274	0.00724	0.00680	0.01829	0.01253	0.34247	0.01402	0.01372	0.00990	0.00495	0.00444	0.00113	0.00410	0.00399	0.00450	0.49427
12	0.01392	0.82012	0.02729	0.00891	0.01337	0.02061	0.00891	0.01559	0.01058	0.01225	0.00724	0.00835	0.00668	0.00446	0.00334	0.00111	0.00557	0.00278	0.00223	0.00668
13	0.00756	0.00508	0.00585	0.00585	0.00592	0.00514	0.00337	0.00769	0.00762	0.01023	0.01625	0.03319	0.01855	0.76635	0.07661	0.00526	0.00563	0.00744	0.00313	0.00325
14	0.01295	0.01119	0.01178	0.01060	0.01354	0.01295	0.00824	0.02767	0.77509	0.02178	0.02120	0.01943	0.01590	0.00707	0.00530	0.00177	0.00412	0.00589	0.00530	0.00824
15	0.09606	0.01151	0.01689	0.28028	0.28256	0.01276	0.02814	0.15095	0.03749	0.01941	0.01023	0.01294	0.00790	0.00521	0.00502	0.00163	0.00613	0.00453	0.00312	0.00726
16	0.00705	0.00512	0.00680	0.00788	0.00865	0.00487	0.00600	0.00852	0.01087	0.01418	0.03068	0.47167	0.10664	0.01533	0.00679	0.00218	0.00361	0.27390	0.00482	0.00445
17	0.19260	0.02158	0.53053	0.01514	0.10979	0.01204	0.01592	0.01618	0.01064	0.01804	0.00895	0.01067	0.00659	0.00489	0.00460	0.00163	0.00673	0.00372	0.00246	0.00732
18	0.01980	0.01459	0.01563	0.01198	0.01615	0.01615	0.00990	0.76713	0.02448	0.03282	0.01250	0.01250	0.00886	0.00625	0.00521	0.00156	0.00573	0.00469	0.00521	0.00886
19	0.00743	0.00499	0.00572	0.00587	0.00590	0.00495	0.00335	0.00753	0.00786	0.01048	0.01787	0.12659	0.02077	0.72196	0.02415	0.00470	0.00481	0.00843	0.00335	0.00328
20	0.85377	0.01007	0.00765	0.00685	0.01007	0.01168	0.00564	0.01531	0.00886	0.02336	0.00725	0.00846	0.00564	0.00483	0.00322	0.00161	0.00403	0.00282	0.00322	0.00564
21	0.01433	0.09591	0.01971	0.02374	0.48042	0.07668	0.01333	0.10474	0.08708	0.01848	0.01081	0.01273	0.00877	0.00510	0.00495	0.00151	0.00613	0.00447	0.00312	0.00798
22	0.00837	0.00554	0.00728	0.00672	0.00812	0.00508	0.00508	0.01080	0.01475	0.06875	0.73426	0.03758	0.04688	0.01038	0.00609	0.00164	0.00258	0.00916	0.00578	0.00516
23	0.01311	0.63527	0.20503	0.01029	0.01550	0.01862	0.01132	0.01580	0.01068	0.01324	0.00773	0.00897	0.00666	0.00457	0.00372	0.00124	0.00606	0.00303	0.00222	0.00692
24	0.02048	0.01359	0.16255	0.01071	0.01537	0.05806	0.01013	0.05451	0.01454	0.55910	0.01727	0.01569	0.01112	0.00608	0.00515	0.00160	0.00543	0.00483	0.00534	0.00846
25	0.00757	0.00505	0.00568	0.00568	0.00568	0.00505	0.00316	0.00757	0.00757	0.01010	0.01641	0.03408	0.01893	0.81698	0.02651	0.00505	0.00505	0.00757	0.00316	0.00316
26	0.02336	0.00886	0.01209	0.00927	0.01329	0.00765	0.00765	0.02538	0.01491	0.78810	0.02055	0.01773	0.01289	0.00645	0.00524	0.00161	0.00443	0.00524	0.00645	0.00886
27	0.01213	0.10412	0.61005	0.01395	0.02087	0.01255	0.04345	0.01729	0.01138	0.09218	0.01028	0.01150	0.00727	0.00503	0.00486	0.00160	0.00720	0.00396	0.00264	0.00769
28	0.06095	0.01567	0.01313	0.01146	0.01458	0.23786	0.00894	0.16375	0.37557	0.02135	0.01505	0.01467	0.01140	0.00631	0.00500	0.00160	0.00593	0.00477	0.00442	0.00759
29	0.00645	0.00461	0.00613	0.00718	0.00758	0.00430	0.00484	0.00751	0.01044	0.01404	0.10298	0.73717	0.03589	0.01576	0.00660	0.00207	0.00297	0.01427	0.00492	0.00430
30	0.00733	0.00532	0.00691	0.00651	0.00776	0.00490	0.00488	0.00976	0.01465	0.02068	0.75961	0.03924	0.07141	0.01072	0.00614	0.00164	0.00246	0.00947	0.00571	0.00490
31	0.12682	0.01672	0.01408	0.01164	0.01517	0.23998	0.00928	0.40429	0.07133	0.02506	0.01114	0.01156	0.00831	0.00587	0.00481	0.00152	0.00645	0.00415	0.00423	0.00759
32	0.71947	0.01080	0.00894	0.00768	0.01105	0.01240	0.00633	0.13637	0.01138	0.02489	0.00810	0.00911	0.00616	0.00506	0.00354	0.00160	0.00430	0.00312	0.00354	0.00616
33	0.00657	0.00469	0.00627	0.00745	0.00784	0.00442	0.00515	0.00761	0.01013	0.01346	0.02837	0.72496	0.03372	0.03068	0.00706	0.00220	0.00323	0.08714	0.00480	0.00427
34	0.01392	0.82012	0.02729	0.00891	0.01337	0.02061	0.00891	0.01559	0.01058	0.01225	0.00724	0.00835	0.00668	0.00446	0.00334	0.00111	0.00557	0.00278	0.00223	0.00668
35	0.00983	0.00926	0.01562	0.80447	0.03587	0.01157	0.01446	0.01331	0.01041	0.01331	0.00926	0.01388	0.00694	0.00521	0.00521	0.00174	0.00694	0.00463	0.00231	0.00579
36	0.01980	0.01459	0.01563	0.01198	0.01615	0.01615	0.00990	0.76713	0.02448	0.03282	0.01250	0.01250	0.00886	0.00625	0.00521	0.00156	0.00573	0.00469	0.00521	0.00886
37	0.00889	0.00463	0.00694	0.00694	0.00703	0.00472	0.00472	0.00703	0.00694	0.00935	0.00953	0.01629	0.00944	0.02016	0.09689	0.76562	0.00545	0.00463	0.00231	0.00250
38	0.01239	0.01356	0.02809	0.03657	0.18537	0.01297	0.58125	0.01670	0.02768	0.01680	0.01058	0.01391	0.00812	0.00451	0.00591	0.00171	0.00811	0.00580	0.00267	0.00728
39	0.01084	0.01054	0.01661	0.62419	0.17489	0.04732	0.01455	0.01415	0.01088	0.01397	0.00930	0.01349	0.00718	0.00511	0.00517	0.00168	0.00691	0.00457	0.00238	0.00626
40	0.01085	0.00930	0.01082	0.00778	0.01237	0.00708	0.00622	0.01346	0.02887	0.01708	0.00954	0.01100	0.00791	0.00393	0.00389	0.00079	0.00386	0.00315	0.00314	0.82894
41	0.01313	0.00911	0.01098	0.00799	0.01244	0.00704	0.00643	0.01539	0.01165	0.16386	0.02486	0.01261	0.00942	0.00447	0.00416	0.00095	0.00394	0.00361	0.00377	0.67419
42	0.85377	0.01007	0.00765	0.00685	0.01007	0.01168	0.00564	0.01531	0.00886	0.02336	0.00725	0.00846	0.00564	0.00483	0.00322	0.00161	0.00403	0.00282	0.00322	0.00564
43	0.00805	0.00635	0.00873	0.00794	0.00950	0.00611	0.05265	0.01159	0.08887	0.01947	0.53285	0.12973	0.07632	0.01071	0.00612	0.00172	0.00309	0.00959	0.00535	0.00527
44	0.01991	0.00996	0.01377	0.01366	0.15418	0.00945	0.00931	0.04037	0.12160	0.52275	0.01850	0.01697	0.01238	0.00620	0.00523	0.00162	0.00474	0.00521	0.00555	0.00866
45	0.02336	0.00886	0.01209	0.00927	0.01329	0.00765	0.00765	0.02538	0.01491	0.78810	0.02055	0.01773	0.01289	0.00645	0.00524	0.00161	0.00443	0.00524	0.00645	0.00886
46	0.01226	0.01170	0.01991	0.15575	0.64515	0.01206	0.01547	0.01540	0.01169	0.01651	0.02839	0.01368	0.00903	0.00488	0.00519	0.00158	0.00622	0.00475	0.00261	0.00777
47	0.00634	0.00453	0.00604	0.00725	0.00755	0.00423	0.00483	0.00725	0.00997	0.01329	0.02870	0.81358	0.03444	0.01632	0.00665	0.00211	0.00302	0.01480	0.00483	0.00423
48	0.00643	0.00523	0.00569	0.00568	0.00723	0.00449	0.00422	0.00796	0.01235	0.01546	0.20626	0.10085	0.57427	0.01287	0.00619	0.00176	0.00263	0.01092	0.00503	0.00449
49	0.03065	0.52434	0.02258	0.01037	0.01428	0.24351	0.00925	0.06605	0.01266	0.01393	0.00782	0.00892	0.00681	0.00484	0.00385	0.00122	0.00665	0.00307	0.00257	0.00662
50	0.01710	0.01076	0.01179	0.00942	0.01265	0.01146	0.00766	0.41286	0.04186	0.13726	0.01526	0.01553	0.01099	0.00625	0.00475	0.00147	0.00451	0.00485	0.25592	0.00765
51	0.01179	0.01098	0.01833	0.20119	0.48535	0.01149	0.03149	0.03844	0.01223	0.01703	0.08622	0.01647	0.01237	0.00557	0.00532	0.00162	0.00601	0.01784	0.00295	0.00730
52	0.02176	0.02977	0.01381	0.01031	0.01441	0.01125	0.00856	0.31346	0.01853	0.47667	0.01711	0.01548	0.01118	0.00632	0.00518	0.00158	0.00496	0.00497	0.00587	0.00881
53	0.01857	0.01211	0.01450	0.13884	0.01845	0.01314	0.00997	0.41438	0.07320	0.21102	0.01454	0.01448	0.01002	0.00619	0.00522	0.00162	0.00550	0.00490	0.00505	0.00832
54	0.01692	0.01856	0.01729	0.02100	0.34093	0.41541	0.01242	0.01905	0.01354	0.06293	0.00957	0.01139	0.00775	0.00513	0.00492	0.00145	0.00773	0.00402	0.00287	0.00715
55	0.80137	0.06061	0.00888	0.00698	0.01028	0.01224	0.00584	0.01533	0.00897	0.02267	0.00725	0.00845	0.00570	0.00481	0.00323	0.00158	0.00412	0.00282	0.00316	0.00570
56	0.00747	0.00553	0.00722	0.00854	0.05602	0.00532	0.00560	0.00857	0.00998	0.01311	0.02650	0.30952	0.11353	0.24787	0.01238	0.00294	0.00409	0.14732	0.00420	0.00429
57	0.00744	0.00558	0.00837	0.00837	0.00930	0.00651	0.00651	0.00930	0.00837	0.01209	0.01395	0.02046	0.01302	0.03906	0.79635	0.00837	0.01395	0.00558	0.00279	0.00465
58	0.00745	0.00556	0.00825	0.00825	0.00914	0.00645	0.00636	0.00922	0.00833	0.01200	0.01406	0.02105	0.01328	0.07300	0.76275	0.00822	0.01356	0.00567	0.00281	0.00458
59	0.00634	0.00518	0.00561	0.00572	0.00721	0.00444	0.00421	0.00776	0.01199	0.01487	0.14683	0.15384	0.58134	0.01328	0.00622	0.00179	0.00267	0.01131	0.00496	0.00444
60	0.01079	0.10517	0.71477	0.01426	0.02163	0.01293	0.01822	0.01640	0.01095	0.01607	0.00914	0.01073	0.00661	0.00490	0.00479	0.00160	0.00749	0.00374	0.00220	0.00760
61	0.00744	0.00558	0.00837	0.00837	0.00930	0.00651	0.00651	0.00930	0.00837	0.01209	0.01395	0.02046	0.01302	0.03906	0.79635	0.00837	0.01395	0.00558	0.00279	0.00465
62	0.01375	0.01134	0.01208	0.01060	0.01358	0.01299	0.00829	0.13451	0.62619	0.02274	0.01930	0.01823	0.01452	0.00751	0.00606	0.04512	0.00438	0.00564	0.00513	0.00803
63	0.00647	0.00468	0.00613	0.00710	0.00760	0.00434	0.00485	0.00758	0.01059	0.01413	0.10446	0.67667	0.08248	0.01553	0.00658	0.00205	0.00297	0.02655	0.00492	0.00432
64	0.01219	0.01398	0.04477	0.02183	0.06777	0.01293	0.67854	0.01671	0.02905	0.01674	0.01105	0.02899	0.00857	0.00470	0.00606	0.00175	0.00841	0.00617	0.00272	0.00708
65	0.01755	0.02092	0.01520	0.06435	0.09570	0.56601	0.01076	0.04318	0.08948	0.01472	0.00974	0.01111	0.00785	0.00548	0.00485	0.00144	0.00828	0.00386	0.00298	0.00655
66	0.01052	0.00896	0.01050	0.00768	0.01204	0.00677	0.00609	0.01275	0.01075	0.01674	0.01047	0.06089	0.00938	0.00463	0.00403	0.00086	0.00380	0.00382	0.00319	0.79612
67	0.85377	0.01007	0.00765	0.00685	0.01007	0.01168	0.00564	0.01531	0.00886	0.02336	0.00725	0.00846	0.00564	0.00483	0.00322	0.00161	0.00403	0.00282	0.00322	0.00564
68	0.01062	0.06675	0.75171	0.01455	0.02208	0.01252	0.01872	0.01645	0.01097	0.01628	0.00924	0.01086	0.00660	0.00492	0.00487	0.00162	0.00759	0.00379	0.00220	0.00765
69	0.03083	0.01238	0.01630	0.10858	0.08942	0.01315	0.06909	0.38610	0.01842	0.16369	0.01401	0.01457	0.02699	0.00601	0.00527	0.00161	0.00582	0.00500	0.00460	0.00814
70	0.01056	0.00976	0.03470	0.39504	0.02564	0.01034	0.15009	0.04759	0.01173	0.03285	0.04035	0.08128	0.03029	0.00663	0.00544	0.00172	0.00619	0.01869	0.07513	0.00598
71	0.01046	0.00989	0.01675	0.64655	0.18890	0.01173	0.01477	0.01385	0.01071	0.01406	0.00937	0.01368	0.00721	0.00509	0.00520	0.00170	0.00679	0.00463	0.00237	0.00629
72	0.01125	0.01119	0.01568	0.01348	0.01352	0.01562	0.01122	0.01242	0.00799	0.01252	0.00709	0.01171	0.00705	0.01017	0.04464	0.00249	0.77940	0.00459	0.00230	0.00566
73	0.00640	0.00482	0.00576	0.00646	0.00720	0.00436	0.00438	0.00735	0.01035	0.01323	0.03528	0.48958	0.27501	0.09428	0.00845	0.00229	0.00310	0.01286	0.00467	0.00418
74	0.00736	0.00520	0.00668	0.00673	0.00725	0.00537	0.00456	0.00838	0.00918	0.01266	0.13140	0.10036	0.03994	0.38078	0.24636	0.00518	0.00703	0.00798	0.00362	0.00398
75	0.01952	0.01445	0.01548	0.01193	0.01605	0.01602	0.00983	0.73769	0.05437	0.03238	0.01285	0.01278	0.00914	0.00628	0.00521	0.00157	0.00567	0.00474	0.00521	0.00883
76	0.01670	0.00739	0.00995	0.00814	0.01100	0.00651	0.00651	0.01890	0.01484	0.46853	0.33761	0.02655	0.02799	0.00820	0.00561	0.00162	0.00361	0.00698	0.00615	0.00722
77	0.00803	0.00539	0.00636	0.00644	0.00789	0.00471	0.00470	0.00939	0.01182	0.09082	0.11158	0.29546	0.39167	0.01330	0.00622	0.00185	0.00292	0.01152	0.00508	0.00483
78	0.85377	0.01007	0.00765	0.00685	0.01007	0.01168	0.00564	0.01531	0.00886	0.02336	0.00725	0.00846	0.00564	0.00483	0.00322	0.00161	0.00403	0.00282	0.00322	0.00564
79	0.00773	0.00569	0.00748	0.00816	0.00944	0.00544	0.00682	0.00990	0.01243	0.01625	0.17540	0.07727	0.16953	0.01352	0.00679	0.00213	0.00391	0.45241	0.00498	0.00473
80	0.15610	0.00950	0.01228	0.00956	0.01347	0.00893	0.04179	0.03869	0.04365	0.58455	0.01781	0.01603	0.01153	0.00611	0.00496	0.00162	0.00458	0.00490	0.00568	0.00824
81	0.01542	0.07897	0.09054	0.01114	0.01445	0.20716	0.00943	0.23007	0.10841	0.01942	0.01240	0.01578	0.01051	0.14385	0.00855	0.00210	0.00651	0.00476	0.00372	0.00683
82	0.01858	0.02261	0.01434	0.01293	0.01568	0.66719	0.00977	0.05511	0.09020	0.01471	0.02544	0.01113	0.00858	0.00568	0.00481	0.00140	0.00856	0.00379	0.00312	0.00636
83	0.73259	0.01064	0.01098	0.00902	0.01254	0.01190	0.11508	0.01551	0.00936	0.02240	0.00772	0.00926	0.00597	0.00477	0.00364	0.00163	0.00471	0.00330	0.00314	0.00584
84	0.00879	0.00487	0.00681	0.00675	0.00699	0.00488	0.00454	0.00775	0.03089	0.01050	0.06021	0.02040	0.03846	0.09628	0.03230	0.64406	0.00453	0.00541	0.00275	0.00281
85	0.00744	0.00556	0.00828	0.00826	0.00920	0.00641	0.00641	0.00933	0.00877	0.01264	0.06185	0.02161	0.01527	0.03728	0.74704	0.00795	0.01323	0.00582	0.00297	0.00467
86	0.01881	0.02359	0.01539	0.01525	0.09189	0.71877	0.01065	0.02032	0.01447	0.01317	0.00822	0.00974	0.00686	0.00529	0.00474	0.00136	0.00908	0.00348	0.00267	0.00626
87	0.01022	0.00987	0.01736	0.69223	0.06898	0.01176	0.08862	0.01376	0.01066	0.01381	0.00941	0.01386	0.00710	0.00510	0.00530	0.00173	0.00709	0.00478	0.00236	0.00602
88	0.00634	0.00453	0.00604	0.00725	0.00755	0.00423	0.00483	0.00725	0.00997	0.01329	0.02870	0.81358	0.03444	0.01632	0.00665	0.00211	0.00302	0.01480	0.00483	0.00423
89	0.00744	0.00558	0.00837	0.00837	0.00930	0.00651	0.00651	0.00930	0.00837	0.01209	0.01395	0.02046	0.01302	0.03906	0.79635	0.00837	0.01395	0.00558	0.00279	0.00465
90	0.01295	0.01119	0.01178	0.01060	0.01354	0.01295	0.00824	0.02767	0.77509	0.02178	0.02120	0.01943	0.01590	0.00707	0.00530	0.00177	0.00412	0.00589	0.00530	0.00824
91	0.00873	0.00552	0.00726	0.00693	0.00827	0.00504	0.00515	0.01083	0.01379	0.09498	0.54911	0.18391	0.05766	0.01136	0.00615	0.00173	0.00276	0.01006	0.00561	0.00516
92	0.01295	0.01119	0.01178	0.01060	0.01354	0.01295	0.00824	0.02767	0.77509	0.02178	0.02120	0.01943	0.01590	0.00707	0.00530	0.00177	0.00412	0.00589	0.00530	0.00824
93	0.85377	0.01007	0.00765	0.00685	0.01007	0.01168	0.00564	0.01531	0.00886	0.02336	0.00725	0.00846	0.00564	0.00483	0.00322	0.00161	0.00403	0.00282	0.00322	0.00564
94	0.01229	0.01405	0.03073	0.02195	0.02722	0.01317	0.76558	0.01668	0.01229	0.01668	0.01054	0.01405	0.00790	0.00439	0.00615	0.00176	0.00878	0.00615	0.00263	0.00702
95	0.00752	0.00525	0.00671	0.00670	0.00707	0.00559	0.00444	0.00826	0.00802	0.01107	0.03205	0.02911	0.01738	0.50978	0.31282	0.00621	0.00831	0.00687	0.00307	0.00375
96	0.02850	0.00611	0.00745	0.00732	0.00865	0.00602	0.00555	0.02726	0.07483	0.03272	0.27992	0.10177	0.13594	0.06240	0.00882	0.08555	0.00349	0.10803	0.00481	0.00485

[dist]
# distance from previous block
# <min> <max>
0	41

[block]
# block no. 6 follows, 47 sequences, length 21
# corresponding to MSA columns:
# 424-444
name=unknown_G
#
# <colnr> <probs for GDERKNQSTAVLIFYWHMCP>
#	G	D	E	R	K	N	Q	S	T	A	V	L	I	F	Y	W	H	M	C	P
0	0.01225	0.32793	0.47115	0.01238	0.01871	0.01517	0.01488	0.01648	0.01098	0.04343	0.00896	0.01024	0.00686	0.00482	0.00435	0.00144	0.00677	0.00350	0.00237	0.00735
1	0.04357	0.26359	0.40819	0.01198	0.01792	0.03328	0.01385	0.01748	0.01141	0.11885	0.01010	0.01097	0.00744	0.00501	0.00443	0.00147	0.00653	0.00366	0.00283	0.00743
2	0.01165	0.27850	0.51648	0.01365	0.05040	0.01481	0.01583	0.01619	0.01090	0.01517	0.00869	0.01023	0.00669	0.00478	0.00445	0.00147	0.00696	0.00354	0.00222	0.00740
3	0.09917	0.01312	0.06240	0.01075	0.01470	0.01313	0.00924	0.41662	0.09004	0.13683	0.06969	0.01533	0.01256	0.00645	0.00508	0.00160	0.00512	0.00499	0.00505	0.00813
4	0.01380	0.23099	0.41341	0.01210	0.01801	0.04056	0.01392	0.01777	0.01177	0.14656	0.02816	0.01202	0.00866	0.00522	0.00459	0.00149	0.00652	0.00391	0.00303	0.00751
5	0.04678	0.03520	0.05214	0.10282	0.56096	0.04022	0.01473	0.03828	0.01201	0.01702	0.01044	0.01322	0.02345	0.00496	0.00503	0.00156	0.00625	0.00456	0.00268	0.00770
6	0.00839	0.08518	0.01135	0.00899	0.01043	0.00808	0.05937	0.01014	0.00881	0.01221	0.01386	0.04697	0.01352	0.13226	0.53906	0.00657	0.01127	0.00591	0.00284	0.00481
7	0.16183	0.01141	0.04208	0.34411	0.12414	0.01231	0.03646	0.13581	0.01288	0.05646	0.01008	0.01266	0.00750	0.00526	0.00487	0.00165	0.00610	0.00437	0.00318	0.00683
8	0.01704	0.01217	0.01531	0.01307	0.09002	0.01214	0.05296	0.36276	0.01797	0.13863	0.02499	0.01345	0.00974	0.00556	0.00498	0.00141	0.00529	0.00457	0.00453	0.19340
9	0.01400	0.06012	0.07622	0.05864	0.37322	0.03024	0.16079	0.01755	0.02728	0.11453	0.01129	0.01343	0.00862	0.00492	0.00523	0.00159	0.00661	0.00484	0.00308	0.00780
10	0.00634	0.00521	0.00558	0.00564	0.00719	0.00445	0.00417	0.00778	0.01208	0.01494	0.15148	0.12271	0.60809	0.01314	0.00620	0.00178	0.00265	0.01114	0.00496	0.00445
11	0.01149	0.02093	0.42998	0.01750	0.06725	0.05740	0.24379	0.01637	0.01176	0.01644	0.03497	0.02834	0.00901	0.00519	0.00538	0.00167	0.00777	0.00495	0.00255	0.00727
12	0.01262	0.01388	0.09636	0.02972	0.66672	0.01239	0.05963	0.01607	0.01180	0.01694	0.00979	0.01277	0.00807	0.00466	0.00519	0.00157	0.00648	0.00465	0.00254	0.00812
13	0.01759	0.00872	0.01090	0.00887	0.01205	0.00829	0.00719	0.12289	0.05690	0.41324	0.15275	0.02401	0.06382	0.00781	0.00545	0.00164	0.00409	0.03027	0.03593	0.00761
14	0.08102	0.00573	0.00676	0.00638	0.00786	0.00542	0.00483	0.00994	0.01378	0.02004	0.60122	0.03798	0.15896	0.01053	0.00589	0.00165	0.00262	0.00909	0.00537	0.00490
15	0.03205	0.01428	0.09167	0.14042	0.17021	0.06180	0.03930	0.25777	0.01593	0.08348	0.01184	0.03693	0.00908	0.00581	0.00518	0.00161	0.00632	0.00487	0.00375	0.00770
16	0.01893	0.01412	0.01563	0.08111	0.01787	0.01575	0.01030	0.70137	0.02326	0.03112	0.01222	0.01262	0.00869	0.00616	0.00521	0.00158	0.00584	0.00468	0.00496	0.00859
17	0.00804	0.00569	0.00703	0.00797	0.07362	0.00569	0.00427	0.00831	0.00795	0.01070	0.01583	0.03223	0.01800	0.74612	0.02464	0.00474	0.00515	0.00732	0.00311	0.00360
18	0.01123	0.01088	0.01811	0.48770	0.21932	0.03152	0.08000	0.03106	0.01139	0.01499	0.00999	0.01461	0.00795	0.00525	0.00531	0.00169	0.00690	0.02299	0.00254	0.00655
19	0.00689	0.00490	0.00574	0.00617	0.00658	0.00465	0.00389	0.00744	0.00916	0.01191	0.02698	0.31501	0.15446	0.39438	0.01595	0.00344	0.00391	0.01074	0.00404	0.00375
20	0.03745	0.00845	0.07544	0.00762	0.01000	0.00707	0.00650	0.01282	0.15762	0.01706	0.14371	0.08224	0.36808	0.01087	0.00585	0.00177	0.00348	0.03368	0.00477	0.00554

[dist]
# distance from previous block
# <min> <max>
0	39

# created by:
# /st0/software/busco_prod/Augustus/scripts/msa2prfl.pl ./align_prep/180289.fa
