[name]
unknown

[dist]
# distance from previous block
# <min> <max>
0	72

[block]
# block no. 0 follows, 45 sequences, length 66
# corresponding to MSA columns:
# 73-120,127-144
name=unknown_A
#
# <colnr> <probs for GDERKNQSTAVLIFYWHMCP>
#	G	D	E	R	K	N	Q	S	T	A	V	L	I	F	Y	W	H	M	C	P
0	0.00865	0.00618	0.00865	0.00989	0.01112	0.00618	0.00865	0.01112	0.01236	0.01606	0.02842	0.06055	0.03089	0.01483	0.00741	0.00247	0.00494	0.74174	0.00494	0.00494
1	0.02584	0.00559	0.00719	0.00676	0.00807	0.00522	0.00508	0.01025	0.01506	0.02158	0.75840	0.03942	0.04968	0.01084	0.00627	0.00169	0.00257	0.00956	0.00585	0.00508
2	0.39294	0.01039	0.03911	0.00865	0.01257	0.00992	0.00740	0.02117	0.01243	0.41407	0.01461	0.01374	0.00970	0.00584	0.00446	0.00166	0.00451	0.00423	0.00499	0.00760
3	0.01649	0.01054	0.01217	0.01002	0.01374	0.01067	0.00798	0.04546	0.38218	0.25736	0.01925	0.01773	0.01375	0.00649	0.00518	0.00159	0.00435	0.00532	0.00543	0.15430
4	0.01953	0.09840	0.01640	0.01340	0.01633	0.71887	0.01026	0.02094	0.01481	0.01309	0.00822	0.00958	0.00691	0.00544	0.00471	0.00136	0.00932	0.00340	0.00272	0.00628
5	0.00683	0.00492	0.00647	0.00722	0.00784	0.00456	0.00498	0.00822	0.01171	0.01592	0.23919	0.57180	0.06018	0.01509	0.00669	0.00203	0.00294	0.01360	0.00524	0.00456
6	0.01329	0.01275	0.02179	0.03295	0.77787	0.01275	0.01647	0.01647	0.01222	0.01754	0.01010	0.01329	0.00850	0.00478	0.00531	0.00159	0.00638	0.00478	0.00266	0.00850
7	0.02290	0.01036	0.01404	0.01068	0.01492	0.00960	0.04692	0.14412	0.01682	0.62154	0.01931	0.01721	0.01235	0.00650	0.00544	0.00166	0.00501	0.00536	0.00624	0.00904
8	0.01077	0.02777	0.78354	0.01530	0.02323	0.01247	0.01983	0.01700	0.01133	0.01700	0.00963	0.01133	0.00680	0.00510	0.00510	0.00170	0.00793	0.00397	0.00227	0.00793
9	0.01358	0.01119	0.01189	0.01061	0.01365	0.01274	0.00828	0.04312	0.68158	0.05355	0.02333	0.02146	0.05584	0.00757	0.00550	0.00181	0.00422	0.00629	0.00548	0.00833
10	0.00883	0.00656	0.00892	0.01019	0.04743	0.00654	0.00792	0.02777	0.03547	0.01676	0.10534	0.13464	0.05627	0.04401	0.00775	0.00236	0.00450	0.45865	0.00490	0.00519
11	0.06711	0.03428	0.01617	0.07837	0.21316	0.01295	0.01122	0.20323	0.11425	0.17385	0.01424	0.01473	0.01032	0.00594	0.00520	0.00165	0.00553	0.00492	0.00449	0.00838
12	0.00663	0.00474	0.00634	0.00758	0.00793	0.00444	0.00514	0.00764	0.01037	0.01381	0.02953	0.77491	0.03530	0.01673	0.00688	0.00219	0.00319	0.04728	0.00498	0.00439
13	0.00919	0.00650	0.00885	0.00984	0.01124	0.00652	0.00855	0.02557	0.02977	0.03013	0.02851	0.05777	0.04850	0.01433	0.00727	0.00241	0.00488	0.68002	0.00499	0.00517
14	0.01278	0.43570	0.34179	0.01298	0.04654	0.01707	0.03466	0.01650	0.01118	0.01475	0.00856	0.01008	0.00695	0.00481	0.00428	0.00141	0.00677	0.00349	0.00231	0.00739
15	0.01227	0.01274	0.05928	0.21234	0.46836	0.01250	0.07878	0.01607	0.02852	0.01665	0.01062	0.01459	0.00867	0.00517	0.00545	0.00169	0.00679	0.01915	0.00268	0.00769
16	0.01030	0.00971	0.01639	0.75902	0.07513	0.01197	0.01499	0.01386	0.01081	0.01391	0.00957	0.01426	0.00723	0.00534	0.00536	0.00178	0.00712	0.00477	0.00240	0.00609
17	0.06429	0.06213	0.01500	0.01206	0.06150	0.01339	0.00931	0.30306	0.13822	0.22683	0.02968	0.01548	0.01179	0.00642	0.00517	0.00163	0.00515	0.00504	0.00526	0.00860
18	0.11079	0.02946	0.02688	0.00956	0.01317	0.03630	0.00788	0.11994	0.01509	0.43812	0.03121	0.06998	0.01366	0.02750	0.00611	0.02043	0.00485	0.00568	0.00549	0.00790
19	0.00767	0.00578	0.00745	0.00837	0.02154	0.00553	0.00638	0.00989	0.03787	0.01579	0.10644	0.29261	0.17568	0.01443	0.00682	0.00214	0.00370	0.26200	0.00504	0.00487
20	0.01077	0.02777	0.78354	0.01530	0.02323	0.01247	0.01983	0.01700	0.01133	0.01700	0.00963	0.01133	0.00680	0.00510	0.00510	0.00170	0.00793	0.00397	0.00227	0.00793
21	0.02060	0.01133	0.05710	0.01027	0.01432	0.03905	0.00875	0.04160	0.15795	0.52846	0.02079	0.01859	0.03226	0.00680	0.00539	0.00169	0.00488	0.00550	0.00595	0.00872
22	0.01117	0.06625	0.65843	0.01583	0.02331	0.01304	0.10444	0.01697	0.01147	0.01680	0.00966	0.01156	0.00696	0.00501	0.00516	0.00168	0.00795	0.00418	0.00232	0.00780
23	0.00860	0.00614	0.00859	0.00983	0.01104	0.00614	0.00856	0.01104	0.01231	0.01601	0.02845	0.07822	0.03100	0.01488	0.00740	0.00246	0.00490	0.72456	0.00494	0.00493
24	0.01796	0.23614	0.05837	0.01291	0.02796	0.50877	0.01063	0.04211	0.01412	0.01390	0.00831	0.00963	0.00699	0.00527	0.00450	0.00135	0.00837	0.00339	0.00269	0.00661
25	0.06030	0.00991	0.01210	0.00959	0.01326	0.00962	0.00782	0.16715	0.05068	0.45004	0.11503	0.02038	0.03500	0.00726	0.00544	0.00167	0.00449	0.00588	0.00605	0.00832
26	0.00642	0.00544	0.00555	0.00552	0.00730	0.00456	0.00414	0.00785	0.01242	0.01493	0.09883	0.05095	0.73097	0.01343	0.00634	0.00180	0.00271	0.01123	0.00504	0.00456
27	0.00646	0.00544	0.00560	0.00556	0.00732	0.00458	0.00417	0.00793	0.01251	0.01515	0.12144	0.05058	0.70822	0.01335	0.00634	0.00180	0.00270	0.01118	0.00507	0.00458
28	0.03138	0.12032	0.23790	0.01334	0.01874	0.01279	0.12503	0.06349	0.07131	0.23231	0.01386	0.01411	0.00968	0.00562	0.00517	0.00164	0.00640	0.00478	0.00401	0.00810
29	0.01250	0.01034	0.01654	0.59840	0.03202	0.01223	0.04904	0.08934	0.01261	0.08113	0.01087	0.01446	0.00792	0.00563	0.00569	0.00177	0.02494	0.00490	0.00306	0.00661
30	0.00654	0.00467	0.00623	0.00747	0.00779	0.00436	0.00498	0.00747	0.01028	0.01370	0.02959	0.80785	0.03550	0.01682	0.00685	0.00218	0.00311	0.01526	0.00498	0.00436
31	0.01309	0.00906	0.01031	0.00873	0.01126	0.00968	0.04501	0.19507	0.14679	0.02341	0.01822	0.01922	0.04181	0.00667	0.00467	0.00149	0.00397	0.00546	0.41939	0.00670
32	0.04869	0.01337	0.03700	0.08511	0.02246	0.08373	0.37979	0.01711	0.01303	0.09204	0.09799	0.01682	0.01313	0.00563	0.00575	0.00168	0.00728	0.00587	0.00348	0.05003
33	0.01181	0.00994	0.01149	0.00827	0.01301	0.00785	0.00664	0.06803	0.01216	0.01868	0.00979	0.01126	0.00804	0.00416	0.00408	0.00085	0.00412	0.00330	0.00334	0.78319
34	0.76549	0.01066	0.00832	0.00738	0.01068	0.03420	0.00604	0.01636	0.00976	0.06273	0.02395	0.00988	0.00715	0.00521	0.00353	0.00165	0.00430	0.00319	0.00353	0.00598
35	0.77972	0.01028	0.00827	0.00727	0.01066	0.01169	0.00599	0.01665	0.00966	0.08792	0.00863	0.00952	0.00644	0.00512	0.00350	0.00166	0.00419	0.00312	0.00360	0.00609
36	0.01228	0.00940	0.01115	0.00809	0.01271	0.00717	0.00648	0.01460	0.01152	0.09080	0.01110	0.02917	0.00906	0.00451	0.00417	0.00091	0.00401	0.00366	0.00355	0.74566
37	0.84927	0.01038	0.00789	0.00706	0.01038	0.01204	0.00581	0.01578	0.00914	0.02408	0.00747	0.00872	0.00581	0.00498	0.00332	0.00166	0.00415	0.00291	0.00332	0.00581
38	0.00651	0.00491	0.00602	0.00688	0.00764	0.00442	0.00473	0.00760	0.01094	0.01410	0.05275	0.57477	0.24778	0.01577	0.00669	0.00206	0.00299	0.01401	0.00500	0.00442
39	0.01830	0.01402	0.01579	0.01240	0.01639	0.01553	0.04274	0.56576	0.15906	0.03022	0.01448	0.01457	0.01057	0.00780	0.03529	0.00192	0.00607	0.00516	0.00517	0.00877
40	0.78070	0.07643	0.00955	0.00723	0.01066	0.01280	0.00609	0.01580	0.00928	0.02314	0.00747	0.00871	0.00590	0.00495	0.00333	0.00162	0.00428	0.00290	0.00324	0.00590
41	0.15053	0.03643	0.01432	0.01262	0.01557	0.62315	0.00963	0.04994	0.01458	0.01568	0.00834	0.00964	0.00683	0.00547	0.00460	0.00143	0.00859	0.00342	0.00295	0.00629
42	0.00654	0.00467	0.00623	0.00747	0.00779	0.00436	0.00498	0.00747	0.01028	0.01370	0.02959	0.80785	0.03550	0.01682	0.00685	0.00218	0.00311	0.01526	0.00498	0.00436
43	0.00718	0.00521	0.00677	0.00692	0.00790	0.00480	0.00499	0.00912	0.01341	0.01857	0.49037	0.29451	0.08411	0.01304	0.00650	0.00186	0.00273	0.01163	0.00555	0.00480
44	0.01456	0.78586	0.02766	0.00935	0.01388	0.04922	0.00923	0.01627	0.01106	0.01265	0.00749	0.00865	0.00689	0.00463	0.00350	0.00116	0.00588	0.00289	0.00231	0.00686
45	0.01955	0.01314	0.01485	0.03020	0.05489	0.03504	0.00963	0.47907	0.02063	0.17972	0.01451	0.01566	0.01063	0.06897	0.00707	0.00190	0.00574	0.00514	0.00518	0.00849
46	0.01108	0.06742	0.69502	0.01547	0.02306	0.01299	0.06802	0.01696	0.01140	0.01679	0.00960	0.01140	0.00689	0.00504	0.00510	0.00168	0.00789	0.00407	0.00230	0.00783
47	0.84927	0.01038	0.00789	0.00706	0.01038	0.01204	0.00581	0.01578	0.00914	0.02408	0.00747	0.00872	0.00581	0.00498	0.00332	0.00166	0.00415	0.00291	0.00332	0.00581
48	0.00781	0.00520	0.00585	0.00585	0.00585	0.00520	0.00325	0.00781	0.00781	0.01041	0.01691	0.03513	0.01952	0.81135	0.02732	0.00520	0.00520	0.00781	0.00325	0.00325
49	0.01113	0.00954	0.01113	0.00795	0.01272	0.00716	0.00636	0.01352	0.01113	0.01749	0.00954	0.01113	0.00795	0.00398	0.00398	0.00080	0.00398	0.00318	0.00318	0.84417
50	0.01014	0.00954	0.01610	0.79845	0.03697	0.01193	0.01491	0.01371	0.01073	0.01371	0.00954	0.01431	0.00716	0.00537	0.00537	0.00179	0.00716	0.00477	0.00239	0.00596
51	0.01889	0.01408	0.09994	0.01183	0.01625	0.01292	0.02730	0.34028	0.08960	0.23805	0.03018	0.01539	0.01142	0.00648	0.00563	0.00166	0.02273	0.00510	0.00523	0.02704
52	0.01435	0.81458	0.02813	0.00918	0.01378	0.02124	0.00918	0.01607	0.01091	0.01263	0.00746	0.00861	0.00689	0.00459	0.00344	0.00115	0.00574	0.00287	0.00230	0.00689
53	0.00637	0.00542	0.00549	0.00551	0.00728	0.00454	0.00412	0.00774	0.01224	0.01461	0.06726	0.06912	0.74485	0.01362	0.00636	0.00182	0.00272	0.01139	0.00500	0.00454
54	0.01460	0.77980	0.02756	0.00939	0.01390	0.05512	0.00924	0.01631	0.01110	0.01265	0.00750	0.00866	0.00689	0.00463	0.00351	0.00116	0.00591	0.00290	0.00232	0.00686
55	0.00648	0.00544	0.00563	0.00559	0.00734	0.00459	0.00419	0.00798	0.01257	0.01529	0.13512	0.05036	0.69446	0.01330	0.00634	0.00180	0.00270	0.01115	0.00509	0.00459
56	0.01247	0.00943	0.01134	0.00838	0.01281	0.00747	0.00677	0.01479	0.01156	0.10095	0.01146	0.01381	0.00938	0.00484	0.00466	0.00100	0.02717	0.03157	0.00360	0.69655
57	0.01683	0.00948	0.01102	0.00936	0.01233	0.05074	0.00744	0.05137	0.13230	0.35203	0.17384	0.06588	0.03951	0.00854	0.00574	0.00173	0.00434	0.03412	0.00586	0.00755
58	0.00746	0.00548	0.00698	0.00661	0.00793	0.00501	0.00496	0.00986	0.01487	0.02075	0.69494	0.04138	0.13123	0.01127	0.00633	0.00170	0.00255	0.00989	0.00581	0.00501
59	0.00964	0.00888	0.01472	0.68913	0.03293	0.01088	0.01352	0.01286	0.01071	0.01373	0.01282	0.10830	0.02638	0.00688	0.00556	0.00184	0.00659	0.00614	0.00274	0.00575
60	0.02252	0.01036	0.01307	0.01014	0.01418	0.00984	0.00833	0.18845	0.03270	0.57694	0.01961	0.04108	0.01310	0.00692	0.00544	0.00167	0.00481	0.00559	0.00629	0.00898
61	0.01263	0.32081	0.29485	0.01498	0.02098	0.01607	0.21609	0.01670	0.01153	0.01540	0.00915	0.01116	0.00720	0.00475	0.00481	0.00152	0.00741	0.00420	0.00240	0.00735
62	0.01014	0.00954	0.01610	0.79845	0.03697	0.01193	0.01491	0.01371	0.01073	0.01371	0.00954	0.01431	0.00716	0.00537	0.00537	0.00179	0.00716	0.00477	0.00239	0.00596
63	0.03516	0.01135	0.01762	0.37731	0.05547	0.06062	0.13559	0.01501	0.01123	0.04644	0.01107	0.05128	0.00914	0.00631	0.00691	0.00182	0.10196	0.00541	0.03401	0.00629
64	0.01093	0.01036	0.01655	0.62509	0.15136	0.03541	0.01460	0.01434	0.01112	0.01453	0.00989	0.01422	0.00761	0.00531	0.00528	0.00173	0.00694	0.00474	0.03366	0.00633
65	0.00663	0.00474	0.00631	0.00741	0.00781	0.00442	0.00499	0.00771	0.01071	0.01440	0.09573	0.73973	0.03685	0.01630	0.00681	0.00214	0.00306	0.01477	0.00507	0.00442

[dist]
# distance from previous block
# <min> <max>
0	27

[block]
# block no. 1 follows, 45 sequences, length 29
# corresponding to MSA columns:
# 172-200
name=unknown_B
#
# <colnr> <probs for GDERKNQSTAVLIFYWHMCP>
#	G	D	E	R	K	N	Q	S	T	A	V	L	I	F	Y	W	H	M	C	P
0	0.04764	0.01099	0.01283	0.01016	0.01406	0.04683	0.00826	0.14889	0.07092	0.50400	0.01884	0.04054	0.01285	0.00681	0.00533	0.00165	0.00495	0.00544	0.00595	0.02308
1	0.04948	0.04389	0.50142	0.01308	0.01914	0.01108	0.04408	0.01637	0.01226	0.07451	0.14719	0.01691	0.01513	0.00622	0.00526	0.00168	0.00653	0.00511	0.00331	0.00736
2	0.00660	0.00470	0.00621	0.00739	0.00769	0.00440	0.00489	0.00749	0.01015	0.01354	0.02894	0.76852	0.03469	0.05726	0.00789	0.00233	0.00322	0.01488	0.00489	0.00430
3	0.01087	0.01046	0.01806	0.59809	0.15926	0.01230	0.06301	0.01438	0.01103	0.01455	0.00965	0.01408	0.00744	0.00533	0.00578	0.00177	0.03015	0.00487	0.00245	0.00647
4	0.02010	0.02412	0.01534	0.01362	0.01660	0.68238	0.01035	0.12405	0.01660	0.01601	0.00894	0.01013	0.00722	0.00566	0.00491	0.00141	0.00916	0.00365	0.00313	0.00663
5	0.01406	0.69486	0.09475	0.01003	0.01470	0.03814	0.01026	0.01616	0.01094	0.01304	0.00766	0.00900	0.00689	0.00485	0.00418	0.00125	0.03697	0.00305	0.00231	0.00693
6	0.01077	0.01035	0.01471	0.05351	0.01427	0.01410	0.01079	0.01218	0.00851	0.01292	0.00940	0.05109	0.00941	0.01441	0.13838	0.00330	0.59834	0.00537	0.00256	0.00563
7	0.04359	0.01322	0.02020	0.04405	0.59163	0.03666	0.02745	0.09499	0.04170	0.01944	0.01068	0.01327	0.00869	0.00509	0.00526	0.00161	0.00633	0.00476	0.00307	0.00833
8	0.01227	0.32977	0.41258	0.01209	0.01816	0.01516	0.01425	0.01631	0.01142	0.03841	0.02860	0.01311	0.04567	0.00550	0.00456	0.00149	0.00661	0.00408	0.00263	0.00733
9	0.00687	0.00566	0.00607	0.00604	0.00773	0.00498	0.00453	0.00895	0.04196	0.01590	0.16381	0.08318	0.58502	0.01311	0.00635	0.00182	0.00281	0.02530	0.00515	0.00477
10	0.01335	0.01153	0.01214	0.01092	0.01396	0.01335	0.00850	0.02852	0.76817	0.02245	0.02185	0.02003	0.01639	0.00728	0.00546	0.00182	0.00425	0.00607	0.00546	0.00850
11	0.01348	0.22682	0.38912	0.05398	0.05605	0.10385	0.01503	0.01752	0.01188	0.05212	0.00950	0.01102	0.00725	0.00509	0.00468	0.00152	0.00730	0.00378	0.00257	0.00745
12	0.01369	0.01240	0.02100	0.07133	0.69915	0.01245	0.01594	0.01684	0.01231	0.05770	0.01065	0.01360	0.00869	0.00491	0.00532	0.00161	0.00632	0.00481	0.00285	0.00840
13	0.00636	0.00539	0.00549	0.00558	0.00729	0.00452	0.00414	0.00769	0.01210	0.01445	0.05269	0.10314	0.72530	0.01381	0.00638	0.00184	0.00275	0.01160	0.00498	0.00452
14	0.04783	0.28882	0.22937	0.01230	0.01723	0.22895	0.01237	0.07640	0.01326	0.01608	0.00871	0.00999	0.00701	0.00515	0.00443	0.00142	0.00737	0.00349	0.00270	0.00713
15	0.01184	0.01435	0.14960	0.03728	0.25479	0.01191	0.19715	0.01551	0.01208	0.03364	0.08675	0.05634	0.01362	0.00644	0.00675	0.00177	0.07375	0.00605	0.00310	0.00729
16	0.01954	0.02431	0.01537	0.01443	0.04605	0.71240	0.01053	0.03779	0.04459	0.01413	0.00900	0.01029	0.00739	0.00559	0.00489	0.00141	0.00926	0.00364	0.00292	0.00646
17	0.00644	0.00508	0.00581	0.00639	0.00750	0.00445	0.00450	0.00760	0.01132	0.01413	0.04276	0.40616	0.42869	0.01511	0.00658	0.00198	0.00290	0.01317	0.00498	0.00445
18	0.01185	0.01588	0.16145	0.01933	0.02434	0.01302	0.49819	0.01616	0.01208	0.01689	0.05102	0.03143	0.01061	0.00570	0.00725	0.00185	0.08697	0.00612	0.00281	0.00705
19	0.00699	0.00535	0.00641	0.00639	0.00771	0.00477	0.00470	0.00885	0.01338	0.01781	0.40255	0.16114	0.30891	0.01281	0.00642	0.00181	0.00269	0.01114	0.00544	0.00477
20	0.00654	0.00467	0.00623	0.00747	0.00779	0.00436	0.00498	0.00747	0.01028	0.01370	0.02959	0.80785	0.03550	0.01682	0.00685	0.00218	0.00311	0.01526	0.00498	0.00436
21	0.01174	0.01174	0.01644	0.01409	0.01409	0.01644	0.01174	0.01292	0.00822	0.01292	0.00705	0.01174	0.00705	0.00940	0.01762	0.00235	0.80153	0.00470	0.00235	0.00587
22	0.02022	0.01450	0.01569	0.01210	0.01628	0.01593	0.00996	0.70724	0.02440	0.06731	0.01369	0.03359	0.01000	0.00672	0.00541	0.00163	0.00577	0.00513	0.00542	0.00901
23	0.14421	0.00920	0.01110	0.04905	0.01351	0.00908	0.00754	0.06074	0.07407	0.35729	0.12283	0.04840	0.01764	0.00722	0.00520	0.00166	0.00432	0.00587	0.00544	0.04564
24	0.05662	0.01129	0.01772	0.40268	0.30069	0.01270	0.01453	0.08882	0.01262	0.01764	0.00996	0.01350	0.00777	0.00524	0.00524	0.00169	0.00659	0.00468	0.00283	0.00718
25	0.00792	0.00581	0.00776	0.00874	0.04822	0.00528	0.00570	0.00925	0.01089	0.03101	0.09245	0.55393	0.03116	0.05604	0.00746	0.00210	0.00347	0.01231	0.00469	0.09580
26	0.05415	0.07120	0.02370	0.01026	0.01383	0.05124	0.00849	0.12435	0.20511	0.25075	0.06265	0.01946	0.01522	0.00706	0.00526	0.00166	0.00493	0.04018	0.00525	0.02524
27	0.01398	0.01168	0.01572	0.20595	0.06505	0.02599	0.06206	0.23186	0.01534	0.03495	0.01195	0.05431	0.00974	0.00606	0.00555	0.00155	0.02895	0.00511	0.01987	0.17433
28	0.05897	0.14859	0.01756	0.14205	0.15532	0.15173	0.01119	0.07522	0.07865	0.04727	0.05479	0.01407	0.01093	0.00576	0.00490	0.00155	0.00635	0.00455	0.00340	0.00715

[dist]
# distance from previous block
# <min> <max>
13	34

[block]
# block no. 2 follows, 45 sequences, length 11
# corresponding to MSA columns:
# 244-254
name=unknown_C
#
# <colnr> <probs for GDERKNQSTAVLIFYWHMCP>
#	G	D	E	R	K	N	Q	S	T	A	V	L	I	F	Y	W	H	M	C	P
0	0.03033	0.04498	0.01309	0.01040	0.01278	0.03196	0.00844	0.17326	0.04160	0.11376	0.11681	0.08271	0.06234	0.00876	0.00820	0.00179	0.18168	0.00655	0.00453	0.04603
1	0.10612	0.05866	0.06181	0.00908	0.01178	0.05008	0.00763	0.12651	0.02850	0.07009	0.12168	0.14877	0.07481	0.06119	0.00692	0.00197	0.00470	0.03898	0.00453	0.00619
2	0.17769	0.01001	0.01312	0.05789	0.01499	0.01071	0.11435	0.08824	0.11792	0.01999	0.06976	0.09336	0.03661	0.06705	0.00729	0.00203	0.02581	0.02898	0.00407	0.04012
3	0.12687	0.01237	0.06130	0.17980	0.04783	0.05676	0.01052	0.13007	0.09257	0.06593	0.01503	0.08851	0.03811	0.00727	0.00580	0.00177	0.04291	0.00578	0.00390	0.00692
4	0.05160	0.18162	0.04135	0.02953	0.01477	0.15022	0.00929	0.20790	0.03656	0.05180	0.08712	0.02949	0.04866	0.00684	0.00532	0.00154	0.03022	0.00508	0.00400	0.00709
5	0.01582	0.01400	0.05222	0.03150	0.01862	0.03176	0.17316	0.27753	0.19062	0.05759	0.01457	0.01574	0.01090	0.03475	0.00631	0.00181	0.00627	0.00545	0.00445	0.03695
6	0.01525	0.06434	0.01316	0.00984	0.01326	0.05381	0.00797	0.20386	0.08047	0.12651	0.04397	0.05028	0.07566	0.00926	0.05344	0.00195	0.02204	0.00572	0.00460	0.14462
7	0.03214	0.09618	0.05424	0.04724	0.01583	0.12912	0.00972	0.28608	0.06597	0.06493	0.12970	0.01683	0.01539	0.00674	0.00520	0.00157	0.00588	0.00521	0.00450	0.00753
8	0.01740	0.02702	0.01285	0.00990	0.01353	0.03192	0.00803	0.15822	0.03603	0.28898	0.04847	0.06686	0.01378	0.00698	0.00589	0.00153	0.05237	0.00550	0.00503	0.18972
9	0.01008	0.00720	0.00907	0.00978	0.01127	0.04197	0.00837	0.01248	0.01292	0.06584	0.09077	0.05375	0.03035	0.01355	0.00707	0.00230	0.00493	0.59798	0.00504	0.00528
10	0.04016	0.48841	0.15434	0.03785	0.01589	0.05325	0.01084	0.01669	0.01166	0.06400	0.05477	0.01184	0.00988	0.00528	0.00416	0.00136	0.00603	0.00373	0.00285	0.00701

[dist]
# distance from previous block
# <min> <max>
2	5

[block]
# block no. 3 follows, 45 sequences, length 35
# corresponding to MSA columns:
# 260-294
name=unknown_D
#
# <colnr> <probs for GDERKNQSTAVLIFYWHMCP>
#	G	D	E	R	K	N	Q	S	T	A	V	L	I	F	Y	W	H	M	C	P
0	0.08228	0.00862	0.00965	0.03759	0.01168	0.00918	0.00679	0.09576	0.19746	0.03991	0.22265	0.09640	0.07951	0.05558	0.00692	0.00195	0.00392	0.00782	0.00506	0.02127
1	0.07602	0.01193	0.01479	0.22186	0.05727	0.01347	0.01100	0.36752	0.01764	0.04605	0.01244	0.01548	0.00958	0.00819	0.04963	0.00208	0.00648	0.03191	0.01910	0.00754
2	0.00793	0.00665	0.00918	0.16101	0.01434	0.00678	0.02899	0.01065	0.05454	0.01563	0.13227	0.25630	0.23739	0.01197	0.00627	0.00191	0.00398	0.02451	0.00456	0.00514
3	0.01113	0.00954	0.01113	0.00795	0.01272	0.00716	0.00636	0.01352	0.01113	0.01749	0.00954	0.01113	0.00795	0.00398	0.00398	0.00080	0.00398	0.00318	0.00318	0.84417
4	0.00781	0.00520	0.00585	0.00585	0.00585	0.00520	0.00325	0.00781	0.00781	0.01041	0.01691	0.03513	0.01952	0.81135	0.02732	0.00520	0.00520	0.00781	0.00325	0.00325
5	0.02297	0.00887	0.01208	0.00939	0.01332	0.00768	0.00770	0.02501	0.01517	0.73152	0.04307	0.04800	0.01518	0.00714	0.00548	0.00168	0.00446	0.00588	0.00656	0.00884
6	0.00762	0.00562	0.00727	0.00772	0.00895	0.00528	0.00615	0.00972	0.01305	0.01737	0.28965	0.14503	0.17014	0.01353	0.00678	0.00205	0.00349	0.27043	0.00529	0.00484
7	0.00722	0.00543	0.00640	0.00618	0.00743	0.00491	0.00446	0.00897	0.01308	0.01750	0.42122	0.04312	0.28386	0.13560	0.00958	0.00227	0.00301	0.00995	0.00519	0.00461
8	0.01435	0.81458	0.02813	0.00918	0.01378	0.02124	0.00918	0.01607	0.01091	0.01263	0.00746	0.00861	0.00689	0.00459	0.00344	0.00115	0.00574	0.00287	0.00230	0.00689
9	0.01140	0.08784	0.70480	0.01468	0.02225	0.01302	0.01869	0.01717	0.01141	0.03708	0.00977	0.01131	0.00698	0.00510	0.00498	0.00166	0.00767	0.00392	0.00239	0.00788
10	0.00657	0.00541	0.00578	0.00577	0.00741	0.00462	0.00430	0.00812	0.01265	0.01569	0.17888	0.08892	0.61068	0.01330	0.00637	0.00181	0.00271	0.01125	0.00515	0.00462
11	0.01867	0.01217	0.01269	0.01064	0.01411	0.09909	0.00845	0.07303	0.30558	0.32724	0.04645	0.01841	0.01483	0.00691	0.00539	0.00169	0.00504	0.00555	0.00564	0.00841
12	0.01359	0.45865	0.28404	0.01201	0.01775	0.01709	0.05311	0.01702	0.01140	0.05783	0.00916	0.01040	0.00729	0.00488	0.00427	0.00140	0.00660	0.00357	0.00255	0.00739
13	0.34396	0.07062	0.02645	0.00892	0.01280	0.01155	0.00760	0.10754	0.01369	0.30756	0.03228	0.01360	0.01021	0.00590	0.00446	0.00162	0.00466	0.00425	0.00477	0.00755
14	0.02041	0.01504	0.01611	0.01235	0.01665	0.01665	0.01020	0.75997	0.02524	0.03383	0.01289	0.01289	0.00913	0.00644	0.00537	0.00161	0.00591	0.00483	0.00537	0.00913
15	0.01113	0.00954	0.01113	0.00795	0.01272	0.00716	0.00636	0.01352	0.01113	0.01749	0.00954	0.01113	0.00795	0.00398	0.00398	0.00080	0.00398	0.00318	0.00318	0.84417
16	0.02347	0.00942	0.01255	0.00970	0.01380	0.00840	0.00799	0.04775	0.05103	0.72402	0.02097	0.01820	0.01331	0.00667	0.00540	0.00167	0.00459	0.00541	0.00655	0.00911
17	0.04588	0.01034	0.05583	0.00980	0.01400	0.00857	0.00847	0.06253	0.01546	0.63736	0.05992	0.01849	0.01448	0.00673	0.00537	0.00166	0.00471	0.00545	0.00620	0.00875
18	0.01002	0.06344	0.52819	0.04752	0.01971	0.01110	0.01551	0.01485	0.01166	0.01664	0.08439	0.05855	0.08207	0.00699	0.00534	0.00171	0.00657	0.00572	0.00299	0.00704
19	0.03882	0.79102	0.02754	0.00912	0.01368	0.02097	0.00909	0.01606	0.01086	0.01296	0.00746	0.00861	0.00686	0.00460	0.00344	0.00116	0.00569	0.00287	0.00233	0.00686
20	0.84927	0.01038	0.00789	0.00706	0.01038	0.01204	0.00581	0.01578	0.00914	0.02408	0.00747	0.00872	0.00581	0.00498	0.00332	0.00166	0.00415	0.00291	0.00332	0.00581
21	0.00654	0.00480	0.00610	0.00712	0.00766	0.00441	0.00480	0.00752	0.01052	0.01375	0.03313	0.67322	0.14960	0.03452	0.00724	0.00219	0.00310	0.01448	0.00494	0.00436
22	0.01175	0.01288	0.02729	0.06436	0.02577	0.01225	0.60989	0.01581	0.01248	0.01690	0.04636	0.07761	0.01253	0.00601	0.00634	0.00185	0.00811	0.02195	0.00306	0.00680
23	0.00657	0.00478	0.00620	0.00726	0.00775	0.00441	0.00490	0.00761	0.01067	0.01412	0.06479	0.70528	0.10335	0.01627	0.00678	0.00212	0.00305	0.01466	0.00502	0.00441
24	0.78589	0.01019	0.00804	0.00718	0.01035	0.01177	0.00586	0.03305	0.00941	0.02355	0.00770	0.00921	0.00607	0.00573	0.00429	0.04541	0.00422	0.00304	0.00332	0.00571
25	0.01435	0.81458	0.02813	0.00918	0.01378	0.02124	0.00918	0.01607	0.01091	0.01263	0.00746	0.00861	0.00689	0.00459	0.00344	0.00115	0.00574	0.00287	0.00230	0.00689
26	0.01194	0.01641	0.17908	0.05830	0.02657	0.01286	0.53289	0.01664	0.01229	0.01692	0.01154	0.01645	0.00912	0.00526	0.00610	0.00182	0.00850	0.04736	0.00274	0.00719
27	0.00661	0.00533	0.00589	0.00600	0.00748	0.00461	0.00441	0.00813	0.01249	0.01571	0.18754	0.16640	0.52340	0.01359	0.00642	0.00185	0.00274	0.01163	0.00516	0.00461
28	0.00736	0.00536	0.00692	0.00677	0.00793	0.00492	0.00499	0.00957	0.01426	0.01989	0.61582	0.15593	0.09616	0.01202	0.00641	0.00177	0.00263	0.01065	0.00571	0.00492
29	0.01293	0.01240	0.02115	0.11842	0.69514	0.01266	0.01630	0.01617	0.01206	0.01711	0.01003	0.01340	0.00835	0.00485	0.00532	0.00162	0.00646	0.00478	0.00263	0.00822
30	0.00781	0.00520	0.00585	0.00585	0.00585	0.00520	0.00325	0.00781	0.00781	0.01041	0.01691	0.03513	0.01952	0.81135	0.02732	0.00520	0.00520	0.00781	0.00325	0.00325
31	0.82182	0.01054	0.00816	0.00723	0.01059	0.01219	0.00596	0.04042	0.00967	0.02441	0.00765	0.00886	0.00592	0.00503	0.00339	0.00166	0.00421	0.00297	0.00339	0.00592
32	0.01959	0.03912	0.01560	0.01303	0.01637	0.45979	0.01016	0.27042	0.06907	0.02072	0.01073	0.01143	0.00830	0.00593	0.00503	0.00148	0.00795	0.00408	0.00381	0.00737
33	0.00760	0.00549	0.00718	0.00675	0.00802	0.00506	0.00506	0.01013	0.01519	0.02153	0.77503	0.04010	0.05065	0.01097	0.00633	0.00169	0.00253	0.00971	0.00591	0.00506
34	0.02727	0.06854	0.65790	0.01585	0.04911	0.01301	0.06153	0.01692	0.01138	0.01693	0.00956	0.01139	0.00692	0.00503	0.00506	0.00167	0.00775	0.00405	0.00233	0.00782

[dist]
# distance from previous block
# <min> <max>
1	3

[block]
# block no. 4 follows, 45 sequences, length 53
# corresponding to MSA columns:
# 298-350
name=unknown_E
#
# <colnr> <probs for GDERKNQSTAVLIFYWHMCP>
#	G	D	E	R	K	N	Q	S	T	A	V	L	I	F	Y	W	H	M	C	P
0	0.75773	0.06785	0.03945	0.00753	0.01112	0.01271	0.00660	0.01585	0.00935	0.02300	0.00756	0.00881	0.00593	0.00496	0.00340	0.00163	0.00441	0.00295	0.00321	0.00597
1	0.04470	0.53954	0.15196	0.01030	0.01514	0.04643	0.01067	0.01701	0.06459	0.01457	0.01046	0.01137	0.03342	0.00522	0.00401	0.00134	0.00599	0.00359	0.00266	0.00703
2	0.05270	0.14957	0.03159	0.10572	0.01904	0.39329	0.06858	0.03142	0.01340	0.04031	0.00901	0.01083	0.00726	0.00535	0.00501	0.00146	0.02469	0.00383	0.00283	0.02411
3	0.00676	0.00475	0.00615	0.00722	0.00768	0.00442	0.00488	0.00784	0.01056	0.01431	0.05101	0.70842	0.06747	0.01592	0.00664	0.00210	0.00305	0.01435	0.05205	0.00442
4	0.00811	0.00679	0.01146	0.01050	0.01201	0.00632	0.15655	0.00984	0.01099	0.02786	0.02694	0.57964	0.06795	0.01396	0.00671	0.00208	0.00435	0.02833	0.00456	0.00504
5	0.01356	0.01524	0.13988	0.07475	0.02384	0.01257	0.36456	0.08817	0.04698	0.06891	0.01180	0.01401	0.00864	0.00506	0.00565	0.00167	0.00744	0.00534	0.00330	0.08863
6	0.01104	0.01017	0.01666	0.67807	0.10849	0.01228	0.01479	0.05696	0.01171	0.01525	0.00979	0.01413	0.00740	0.00537	0.00536	0.00176	0.00701	0.00478	0.00258	0.00639
7	0.00654	0.00467	0.00623	0.00747	0.00779	0.00436	0.00498	0.00747	0.01028	0.01370	0.02959	0.80785	0.03550	0.01682	0.00685	0.00218	0.00311	0.01526	0.00498	0.00436
8	0.02050	0.00899	0.01183	0.00945	0.01304	0.00820	0.00777	0.09013	0.01604	0.55999	0.12187	0.02354	0.01909	0.00776	0.00566	0.00171	0.00444	0.05537	0.00631	0.00831
9	0.01952	0.01274	0.01495	0.01169	0.01563	0.01349	0.03828	0.47198	0.06209	0.19792	0.01638	0.07306	0.01236	0.00722	0.00553	0.00168	0.00543	0.00585	0.00553	0.00867
10	0.01063	0.02678	0.74918	0.01492	0.02256	0.01214	0.01918	0.01670	0.01150	0.01720	0.04351	0.01261	0.00874	0.00536	0.00515	0.00170	0.00769	0.00422	0.00243	0.00781
11	0.19669	0.00928	0.01104	0.00885	0.01260	0.00884	0.00725	0.02290	0.05396	0.52961	0.03723	0.01833	0.04648	0.00673	0.00503	0.00168	0.00433	0.00527	0.00579	0.00810
12	0.01145	0.01256	0.02634	0.06170	0.02496	0.01189	0.58683	0.01533	0.01228	0.01645	0.01577	0.10043	0.06412	0.00649	0.00634	0.00185	0.00789	0.00753	0.00309	0.00668
13	0.01682	0.04214	0.03622	0.06719	0.02974	0.02690	0.00987	0.34763	0.15439	0.10507	0.03481	0.06305	0.01353	0.00727	0.00545	0.00170	0.00541	0.01965	0.00500	0.00815
14	0.01942	0.02373	0.01553	0.01428	0.03791	0.67193	0.01061	0.07093	0.01541	0.01465	0.00859	0.01012	0.00712	0.00579	0.00561	0.00146	0.05388	0.00366	0.00292	0.00646
15	0.01176	0.01725	0.22964	0.04579	0.02568	0.01275	0.47780	0.01650	0.01218	0.01696	0.02607	0.02746	0.00962	0.00539	0.00619	0.00181	0.02055	0.02665	0.00274	0.00721
16	0.71736	0.07855	0.01013	0.00775	0.01113	0.07126	0.00644	0.01623	0.00974	0.02231	0.00754	0.00878	0.00599	0.00499	0.00345	0.00160	0.00470	0.00295	0.00319	0.00593
17	0.01303	0.01208	0.01665	0.24240	0.05563	0.07341	0.09687	0.11447	0.01287	0.01761	0.01062	0.01397	0.00843	0.00635	0.00773	0.00177	0.16978	0.00487	0.11494	0.00652
18	0.06614	0.00996	0.01402	0.01062	0.01479	0.00892	0.09591	0.02087	0.04687	0.39580	0.04263	0.01633	0.01234	0.00590	0.00531	0.00150	0.01887	0.00502	0.00503	0.20319
19	0.00725	0.00560	0.00664	0.00649	0.00793	0.00509	0.00482	0.00965	0.03909	0.01836	0.42721	0.11314	0.30450	0.01231	0.00635	0.00178	0.00271	0.01066	0.00548	0.00493
20	0.01499	0.01227	0.06710	0.01002	0.01456	0.01052	0.00862	0.22844	0.05312	0.09903	0.01302	0.04196	0.01017	0.00566	0.00477	0.00128	0.00485	0.00452	0.00427	0.39084
21	0.00734	0.00531	0.00697	0.00721	0.00820	0.00494	0.00533	0.00935	0.01339	0.01849	0.46401	0.26995	0.06732	0.01314	0.00658	0.00191	0.00293	0.07728	0.00552	0.00483
22	0.03247	0.00699	0.00878	0.00795	0.00993	0.00675	0.03805	0.02574	0.09630	0.05583	0.35272	0.06938	0.22020	0.01087	0.00616	0.00178	0.00336	0.03571	0.00537	0.00565
23	0.00737	0.00552	0.00653	0.00627	0.00780	0.00488	0.00471	0.00937	0.01387	0.03291	0.44618	0.05905	0.35186	0.01209	0.00633	0.00175	0.00266	0.01041	0.00552	0.00491
24	0.00786	0.00614	0.00774	0.00889	0.03503	0.02219	0.00663	0.00964	0.01196	0.01545	0.09398	0.29244	0.17280	0.01438	0.00682	0.00214	0.00389	0.27227	0.00492	0.00484
25	0.01014	0.00954	0.01610	0.79845	0.03697	0.01193	0.01491	0.01371	0.01073	0.01371	0.00954	0.01431	0.00716	0.00537	0.00537	0.00179	0.00716	0.00477	0.00239	0.00596
26	0.01291	0.01467	0.02833	0.09540	0.02745	0.06837	0.60039	0.01697	0.01246	0.01638	0.01038	0.01400	0.00791	0.00490	0.00666	0.00180	0.04548	0.00591	0.00267	0.00698
27	0.81868	0.01042	0.00804	0.00720	0.01051	0.01209	0.00591	0.01625	0.03691	0.02402	0.00800	0.00913	0.00620	0.00507	0.00340	0.00167	0.00416	0.00302	0.00340	0.00591
28	0.03181	0.03794	0.04253	0.00992	0.01351	0.01070	0.00838	0.21673	0.07866	0.27331	0.15880	0.02207	0.04493	0.00765	0.00552	0.00167	0.00463	0.01771	0.00562	0.00792
29	0.01087	0.00935	0.05528	0.04320	0.12111	0.00807	0.03541	0.04843	0.01259	0.06740	0.12183	0.21427	0.02257	0.03727	0.00655	0.00183	0.00466	0.04754	0.00425	0.12752
30	0.00807	0.00735	0.05106	0.00809	0.00994	0.00626	0.00682	0.01139	0.07863	0.01709	0.18674	0.12352	0.25193	0.01268	0.00652	0.00199	0.00372	0.19790	0.00505	0.00527
31	0.03026	0.11235	0.01626	0.01292	0.01565	0.60678	0.01003	0.01965	0.01399	0.01332	0.01943	0.01054	0.00779	0.00706	0.03591	0.00170	0.05378	0.00363	0.00275	0.00620
32	0.00706	0.00496	0.00642	0.00730	0.00793	0.00458	0.00503	0.00821	0.01097	0.03051	0.09040	0.62071	0.10686	0.03244	0.00718	0.00217	0.00316	0.03456	0.00505	0.00453
33	0.01500	0.01140	0.01278	0.01094	0.01408	0.03451	0.03129	0.14065	0.40300	0.11218	0.03905	0.03862	0.03826	0.00942	0.04970	0.00215	0.00532	0.01839	0.00526	0.00800
34	0.00739	0.00549	0.00691	0.00672	0.00805	0.00501	0.00509	0.00965	0.01432	0.01965	0.57285	0.06744	0.18419	0.01187	0.00641	0.00177	0.00273	0.05385	0.00565	0.00494
35	0.01315	0.01135	0.01194	0.01077	0.01376	0.01310	0.00837	0.02792	0.74632	0.02222	0.02279	0.02094	0.03833	0.00747	0.00549	0.00182	0.00420	0.00622	0.00545	0.00838
36	0.01113	0.00954	0.01113	0.00795	0.01272	0.00716	0.00636	0.01352	0.01113	0.01749	0.00954	0.01113	0.00795	0.00398	0.00398	0.00080	0.00398	0.00318	0.00318	0.84417
37	0.01014	0.00954	0.01610	0.79845	0.03697	0.01193	0.01491	0.01371	0.01073	0.01371	0.00954	0.01431	0.00716	0.00537	0.00537	0.00179	0.00716	0.00477	0.00239	0.00596
38	0.01249	0.01140	0.04206	0.14307	0.08639	0.01133	0.12885	0.06243	0.18972	0.05657	0.06878	0.01997	0.07156	0.00666	0.00557	0.00169	0.00566	0.00605	0.00406	0.06569
39	0.00932	0.00466	0.00699	0.00699	0.00699	0.00466	0.00466	0.00699	0.00699	0.00932	0.00932	0.01632	0.00932	0.01865	0.02098	0.84382	0.00466	0.00466	0.00233	0.00233
40	0.06045	0.01366	0.03700	0.06991	0.02203	0.02599	0.33483	0.11802	0.01287	0.01841	0.00976	0.01305	0.00774	0.00622	0.00899	0.00191	0.22389	0.00530	0.00298	0.00696
41	0.82112	0.03749	0.00857	0.00713	0.01050	0.01235	0.00593	0.01579	0.00919	0.02370	0.00747	0.00872	0.00585	0.00497	0.00333	0.00164	0.00421	0.00291	0.00329	0.00585
42	0.01071	0.00985	0.01610	0.75423	0.03583	0.01219	0.01464	0.05570	0.01155	0.01485	0.00973	0.01423	0.00727	0.00543	0.00537	0.00178	0.00709	0.00477	0.00255	0.00614
43	0.80214	0.01065	0.00836	0.00736	0.01074	0.01230	0.00606	0.05809	0.01005	0.02464	0.00778	0.00896	0.00600	0.00507	0.00344	0.00166	0.00425	0.00302	0.00344	0.00600
44	0.00661	0.00474	0.00628	0.00738	0.00779	0.00441	0.00497	0.00767	0.01066	0.01427	0.08271	0.73904	0.05086	0.01634	0.00680	0.00214	0.00307	0.01479	0.00505	0.00441
45	0.00671	0.00485	0.00638	0.00754	0.00803	0.00453	0.00523	0.00780	0.01059	0.01396	0.03124	0.69052	0.08738	0.01642	0.00686	0.00218	0.00324	0.07712	0.00498	0.00442
46	0.78984	0.01002	0.00775	0.00697	0.01006	0.01156	0.00563	0.01522	0.00904	0.02312	0.00814	0.01058	0.00678	0.06193	0.00502	0.00191	0.00423	0.00325	0.00332	0.00563
47	0.01132	0.00582	0.00641	0.00636	0.02626	0.00581	0.00466	0.03646	0.01191	0.07390	0.01734	0.01954	0.01344	0.00740	0.03046	0.00155	0.00325	0.00505	0.70756	0.00550
48	0.01286	0.01261	0.01563	0.03260	0.01476	0.07147	0.01099	0.07735	0.01069	0.01535	0.03376	0.01267	0.00875	0.00843	0.01400	0.00207	0.57316	0.00468	0.00282	0.06535
49	0.00794	0.00546	0.00625	0.00627	0.00660	0.00540	0.00381	0.03098	0.00920	0.01222	0.04998	0.13525	0.06501	0.60812	0.02201	0.00438	0.00471	0.00895	0.00374	0.00372
50	0.01063	0.01040	0.01854	0.49865	0.04549	0.01163	0.16829	0.01412	0.01106	0.01472	0.01060	0.04100	0.00859	0.00663	0.02992	0.00195	0.02440	0.00537	0.00262	0.06538
51	0.00986	0.00722	0.00810	0.00738	0.00975	0.00663	0.00579	0.07788	0.04692	0.07131	0.05899	0.09459	0.41096	0.01153	0.00605	0.00177	0.00353	0.07140	0.00501	0.08533
52	0.06634	0.00579	0.02576	0.00771	0.00854	0.00529	0.00559	0.00867	0.01059	0.01511	0.07983	0.62753	0.03293	0.01593	0.03063	0.00230	0.00367	0.03834	0.00480	0.00463

[dist]
# distance from previous block
# <min> <max>
0	33

# created by:
# /st0/software/busco_prod/Augustus/scripts/msa2prfl.pl ./align_prep/180615.fa
