[name]
unknown

[dist]
# distance from previous block
# <min> <max>
0	17

[block]
# block no. 0 follows, 45 sequences, length 16
# corresponding to MSA columns:
# 17-32
name=unknown_A
#
# <colnr> <probs for GDERKNQSTAVLIFYWHMCP>
#	G	D	E	R	K	N	Q	S	T	A	V	L	I	F	Y	W	H	M	C	P
0	0.00865	0.00618	0.00865	0.00989	0.01112	0.00618	0.00865	0.01112	0.01236	0.01606	0.02842	0.06055	0.03089	0.01483	0.00741	0.00247	0.00494	0.74174	0.00494	0.00494
1	0.84927	0.01038	0.00789	0.00706	0.01038	0.01204	0.00581	0.01578	0.00914	0.02408	0.00747	0.00872	0.00581	0.00498	0.00332	0.00166	0.00415	0.00291	0.00332	0.00581
2	0.01267	0.01448	0.03167	0.02262	0.02805	0.01357	0.75837	0.01719	0.01267	0.01719	0.01086	0.01448	0.00814	0.00452	0.00633	0.00181	0.00905	0.00633	0.00271	0.00724
3	0.02247	0.00978	0.01437	0.01092	0.01515	0.00870	0.08303	0.02537	0.04813	0.67177	0.02017	0.01797	0.01291	0.00646	0.00549	0.00168	0.00500	0.00552	0.00620	0.00892
4	0.00713	0.00496	0.00626	0.00707	0.00733	0.00478	0.00463	0.00784	0.00955	0.01270	0.02503	0.48343	0.02954	0.29712	0.01412	0.00327	0.00398	0.06287	0.00437	0.00401
5	0.01040	0.01005	0.01770	0.71883	0.03606	0.01210	0.09121	0.01407	0.01093	0.01407	0.00968	0.01433	0.00726	0.00528	0.00547	0.00179	0.00735	0.00493	0.00242	0.00609
6	0.06723	0.00993	0.01613	0.66634	0.11121	0.01202	0.01445	0.01414	0.01078	0.01481	0.00946	0.01383	0.00720	0.00528	0.00522	0.00176	0.00687	0.00465	0.00248	0.00621
7	0.02001	0.00836	0.01123	0.00905	0.01243	0.00740	0.00728	0.04296	0.01510	0.58137	0.12117	0.10203	0.02037	0.00825	0.00567	0.00172	0.00419	0.00696	0.00634	0.00811
8	0.01480	0.01073	0.01284	0.13508	0.01718	0.01177	0.00927	0.22398	0.20913	0.10856	0.09517	0.02233	0.06893	0.00770	0.00562	0.00174	0.00495	0.02752	0.00508	0.00762
9	0.70157	0.01072	0.00886	0.00768	0.01113	0.01216	0.00629	0.06778	0.04998	0.02431	0.00871	0.00973	0.00671	0.00515	0.00361	0.00162	0.00427	0.00322	0.00357	0.05294
10	0.09747	0.01051	0.01571	0.47010	0.15208	0.01210	0.01320	0.04985	0.05105	0.01701	0.01022	0.01362	0.00786	0.00530	0.00508	0.00168	0.00633	0.00456	0.00287	0.05339
11	0.06860	0.00835	0.00854	0.00769	0.01000	0.04794	0.00591	0.08860	0.03287	0.06707	0.16389	0.11933	0.28305	0.01060	0.00580	0.00171	0.00374	0.00886	0.00497	0.05248
12	0.25320	0.01030	0.01421	0.38180	0.11166	0.01172	0.02743	0.01500	0.02636	0.01773	0.00929	0.01243	0.00720	0.00509	0.00467	0.00165	0.00591	0.00416	0.00283	0.07736
13	0.13337	0.01396	0.09042	0.03084	0.01608	0.02919	0.00985	0.21245	0.05003	0.15565	0.01572	0.07656	0.01266	0.00757	0.00562	0.00185	0.00568	0.00566	0.00500	0.12185
14	0.13278	0.01051	0.01203	0.01071	0.06556	0.01048	0.00795	0.19072	0.05483	0.08190	0.13819	0.01814	0.01632	0.00650	0.00495	0.00147	0.00446	0.01991	0.00455	0.20804
15	0.01632	0.07177	0.09246	0.04911	0.01702	0.06984	0.04900	0.16983	0.05439	0.16172	0.01384	0.01422	0.02621	0.00572	0.00498	0.00146	0.00583	0.00457	0.00418	0.16752

[dist]
# distance from previous block
# <min> <max>
25	56

[block]
# block no. 1 follows, 45 sequences, length 61
# corresponding to MSA columns:
# 94-154
name=unknown_B
#
# <colnr> <probs for GDERKNQSTAVLIFYWHMCP>
#	G	D	E	R	K	N	Q	S	T	A	V	L	I	F	Y	W	H	M	C	P
0	0.04640	0.26256	0.13898	0.01013	0.02983	0.01280	0.02168	0.05252	0.03136	0.07605	0.15237	0.02132	0.10882	0.00724	0.00495	0.00153	0.00504	0.00576	0.00388	0.00676
1	0.17324	0.12158	0.03494	0.03891	0.05185	0.03022	0.00852	0.12048	0.15838	0.03530	0.05426	0.01959	0.11762	0.00710	0.00489	0.00163	0.00481	0.00551	0.00418	0.00699
2	0.05527	0.01323	0.13027	0.11554	0.01775	0.03459	0.01046	0.12868	0.08735	0.14282	0.06298	0.04409	0.04268	0.00679	0.00524	0.00163	0.00543	0.00552	0.00433	0.08534
3	0.02592	0.03191	0.04086	0.17548	0.01982	0.05034	0.04073	0.16766	0.03190	0.03623	0.01068	0.01249	0.00820	0.00507	0.00477	0.00134	0.00573	0.00412	0.00350	0.32325
4	0.10053	0.02942	0.03351	0.24550	0.16372	0.01227	0.01174	0.08500	0.12093	0.04799	0.01314	0.01499	0.03035	0.00575	0.00504	0.00164	0.00571	0.00480	0.00353	0.06443
5	0.01241	0.04347	0.01314	0.01403	0.17152	0.05253	0.00915	0.07630	0.10471	0.06091	0.19810	0.02851	0.07550	0.03166	0.00640	0.00183	0.00479	0.08364	0.00461	0.00678
6	0.03805	0.13564	0.04603	0.01158	0.01536	0.32123	0.00962	0.14713	0.01560	0.08113	0.03620	0.01201	0.00938	0.00563	0.00471	0.00138	0.00699	0.00396	0.00361	0.09476
7	0.01346	0.04885	0.10804	0.02720	0.01360	0.04813	0.00873	0.07291	0.04644	0.16386	0.16575	0.04255	0.11004	0.00883	0.02312	0.00177	0.00498	0.01560	0.00471	0.07141
8	0.11250	0.22214	0.16345	0.01194	0.05336	0.04497	0.01105	0.06216	0.01191	0.05564	0.00932	0.01081	0.00745	0.00535	0.00547	0.00146	0.07806	0.00366	0.00299	0.12632
9	0.25341	0.06326	0.02815	0.01294	0.05366	0.40915	0.04689	0.01916	0.01292	0.04298	0.00870	0.01009	0.00696	0.00527	0.00446	0.00150	0.00750	0.00356	0.00301	0.00644
10	0.00895	0.00869	0.08917	0.02662	0.01106	0.00701	0.00727	0.01318	0.10249	0.03694	0.46462	0.05344	0.08864	0.03312	0.00670	0.00185	0.00361	0.02566	0.00522	0.00577
11	0.00723	0.00504	0.00662	0.00743	0.00798	0.00472	0.00505	0.02192	0.01048	0.01402	0.05433	0.63746	0.05753	0.01619	0.00820	0.09017	0.00332	0.01333	0.00470	0.02427
12	0.01219	0.02555	0.62056	0.01531	0.05010	0.09340	0.01779	0.01753	0.01205	0.04349	0.03649	0.01247	0.00862	0.00539	0.00513	0.00166	0.00775	0.00419	0.00261	0.00772
13	0.01075	0.02551	0.68348	0.09744	0.02480	0.01244	0.03873	0.01666	0.01131	0.01666	0.00966	0.01173	0.00687	0.00511	0.00516	0.00171	0.00788	0.00411	0.00229	0.00771
14	0.09826	0.00995	0.01582	0.63817	0.10917	0.01202	0.01411	0.01421	0.01072	0.01519	0.00938	0.01362	0.00715	0.00527	0.00515	0.00176	0.00676	0.00458	0.00251	0.00620
15	0.01435	0.81458	0.02813	0.00918	0.01378	0.02124	0.00918	0.01607	0.01091	0.01263	0.00746	0.00861	0.00689	0.00459	0.00344	0.00115	0.00574	0.00287	0.00230	0.00689
16	0.01145	0.00973	0.01130	0.00810	0.01286	0.00748	0.00649	0.03911	0.01161	0.01805	0.00966	0.01119	0.00799	0.00406	0.00402	0.00082	0.00404	0.00324	0.00326	0.81553
17	0.05982	0.01312	0.04640	0.14087	0.27047	0.01321	0.16881	0.12177	0.06138	0.01981	0.01149	0.01463	0.00902	0.00542	0.00547	0.00171	0.00675	0.01889	0.00325	0.00770
18	0.00771	0.00559	0.00781	0.00781	0.00848	0.00626	0.00569	0.00906	0.00838	0.01185	0.01513	0.02524	0.01522	0.26833	0.56448	0.00761	0.01166	0.00636	0.00299	0.00434
19	0.01485	0.65935	0.07997	0.01004	0.01480	0.03572	0.01007	0.09409	0.01252	0.01517	0.00820	0.00927	0.00712	0.00484	0.00379	0.00124	0.00599	0.00316	0.00263	0.00718
20	0.01996	0.05499	0.12264	0.01038	0.01487	0.00973	0.00962	0.04153	0.07087	0.51901	0.05644	0.01786	0.01403	0.00657	0.00530	0.00165	0.00502	0.00531	0.00563	0.00859
21	0.00865	0.00618	0.00865	0.00989	0.01112	0.00618	0.00865	0.01112	0.01236	0.01606	0.02842	0.06055	0.03089	0.01483	0.00741	0.00247	0.00494	0.74174	0.00494	0.00494
22	0.00665	0.00476	0.00633	0.00740	0.00781	0.00443	0.00499	0.00775	0.01079	0.01452	0.10759	0.72751	0.03709	0.01621	0.00680	0.00213	0.00305	0.01468	0.00508	0.00443
23	0.08307	0.02877	0.01848	0.05320	0.13209	0.16292	0.11469	0.29973	0.01747	0.02310	0.01064	0.01222	0.00809	0.00556	0.00520	0.00160	0.00705	0.00458	0.00375	0.00777
24	0.01253	0.01382	0.02801	0.02165	0.07646	0.01408	0.56121	0.01631	0.01177	0.01638	0.01006	0.01386	0.00795	0.00550	0.00848	0.00190	0.16442	0.00591	0.00264	0.00706
25	0.00854	0.00611	0.00850	0.00956	0.01080	0.00606	0.00827	0.01102	0.01265	0.01664	0.10654	0.05841	0.03296	0.01443	0.00730	0.00239	0.00469	0.66514	0.00504	0.00496
26	0.00834	0.00560	0.00736	0.00695	0.00829	0.00515	0.00520	0.01072	0.01480	0.05898	0.67656	0.10151	0.04754	0.01123	0.00633	0.00173	0.00268	0.00994	0.00587	0.00521
27	0.84927	0.01038	0.00789	0.00706	0.01038	0.01204	0.00581	0.01578	0.00914	0.02408	0.00747	0.00872	0.00581	0.00498	0.00332	0.00166	0.00415	0.00291	0.00332	0.00581
28	0.01082	0.01019	0.01700	0.63204	0.17139	0.01213	0.01498	0.01472	0.03670	0.01471	0.01006	0.01432	0.00771	0.00533	0.00536	0.00175	0.00691	0.00482	0.00254	0.00651
29	0.00638	0.00544	0.00549	0.00548	0.00727	0.00455	0.00411	0.00778	0.01233	0.01472	0.07642	0.05131	0.75351	0.01351	0.00634	0.00181	0.00271	0.01128	0.00501	0.00455
30	0.01381	0.01246	0.01873	0.15042	0.21500	0.01350	0.11872	0.15113	0.17956	0.02068	0.01385	0.01564	0.02285	0.00593	0.00579	0.00173	0.02317	0.00540	0.00375	0.00789
31	0.01795	0.01196	0.01337	0.01099	0.01462	0.01295	0.00883	0.26858	0.33099	0.19974	0.01894	0.03798	0.01379	0.00711	0.00545	0.00172	0.00484	0.00575	0.00569	0.00874
32	0.01280	0.01226	0.02091	0.15148	0.66315	0.01263	0.01623	0.01605	0.01199	0.01695	0.01001	0.01344	0.00829	0.00487	0.00532	0.00162	0.00650	0.00478	0.00262	0.00811
33	0.01266	0.01005	0.01167	0.00845	0.01315	0.00810	0.00681	0.08578	0.01269	0.05690	0.01044	0.01165	0.00833	0.00434	0.00418	0.00092	0.00419	0.00345	0.00356	0.72268
34	0.84927	0.01038	0.00789	0.00706	0.01038	0.01204	0.00581	0.01578	0.00914	0.02408	0.00747	0.00872	0.00581	0.00498	0.00332	0.00166	0.00415	0.00291	0.00332	0.00581
35	0.84927	0.01038	0.00789	0.00706	0.01038	0.01204	0.00581	0.01578	0.00914	0.02408	0.00747	0.00872	0.00581	0.00498	0.00332	0.00166	0.00415	0.00291	0.00332	0.00581
36	0.01320	0.01253	0.02061	0.05265	0.67664	0.01279	0.01559	0.01766	0.09128	0.01794	0.01131	0.01402	0.00929	0.00506	0.00533	0.00162	0.00618	0.00492	0.00294	0.00843
37	0.01044	0.02601	0.01125	0.00952	0.01185	0.00692	0.08461	0.02932	0.01159	0.09596	0.02187	0.44692	0.02357	0.01139	0.00596	0.00177	0.00418	0.01037	0.00451	0.17197
38	0.01061	0.02665	0.74463	0.01487	0.02247	0.01210	0.01909	0.01666	0.01153	0.01723	0.04799	0.01277	0.00900	0.00539	0.00516	0.00170	0.00766	0.00425	0.00245	0.00779
39	0.00875	0.00634	0.00869	0.00980	0.01112	0.00638	0.00852	0.01163	0.03827	0.01624	0.02888	0.05893	0.04997	0.01454	0.00732	0.00243	0.00486	0.69731	0.00496	0.00505
40	0.83028	0.01035	0.00799	0.00712	0.01046	0.01195	0.00586	0.01602	0.00928	0.04152	0.00779	0.00894	0.00599	0.00502	0.00337	0.00166	0.00416	0.00296	0.00340	0.00589
41	0.01205	0.06025	0.65825	0.01487	0.02203	0.10777	0.01823	0.01750	0.01179	0.01635	0.00938	0.01102	0.00682	0.00513	0.00500	0.00164	0.00806	0.00386	0.00233	0.00768
42	0.02379	0.00914	0.01243	0.00951	0.01368	0.00787	0.00786	0.02588	0.01527	0.76446	0.02092	0.01811	0.01317	0.00658	0.00537	0.00164	0.00455	0.00535	0.00657	0.02785
43	0.03771	0.01062	0.01349	0.01090	0.01363	0.01129	0.08587	0.27160	0.06836	0.08230	0.01555	0.05538	0.01384	0.22510	0.03862	0.00290	0.02529	0.00636	0.00440	0.00677
44	0.00737	0.00544	0.00689	0.00660	0.00790	0.00496	0.00492	0.00967	0.01456	0.02019	0.64034	0.07567	0.15234	0.01160	0.00636	0.00173	0.00258	0.01018	0.00574	0.00496
45	0.03300	0.00640	0.00791	0.00730	0.00892	0.00624	0.00555	0.01281	0.09381	0.04981	0.64627	0.03629	0.04439	0.01026	0.00612	0.00170	0.00283	0.00897	0.00582	0.00560
46	0.03685	0.09499	0.50796	0.01492	0.02167	0.01293	0.11931	0.01787	0.01184	0.09684	0.01075	0.01217	0.00764	0.00513	0.00510	0.00166	0.00743	0.00431	0.00282	0.00781
47	0.01205	0.01339	0.09888	0.32165	0.31438	0.02914	0.04307	0.02709	0.05721	0.01644	0.01057	0.01384	0.00824	0.00522	0.00535	0.00170	0.00687	0.00480	0.00272	0.00738
48	0.00976	0.00749	0.01020	0.00930	0.01093	0.00829	0.02983	0.09990	0.04880	0.01562	0.01455	0.02096	0.01333	0.11284	0.52464	0.00660	0.01136	0.00580	0.00335	0.03646
49	0.03555	0.12654	0.03383	0.11397	0.18164	0.33107	0.01210	0.05162	0.03669	0.01562	0.00935	0.01135	0.00764	0.00530	0.00483	0.00148	0.00763	0.00396	0.00283	0.00699
50	0.01021	0.00962	0.01624	0.78022	0.05461	0.01195	0.01494	0.01378	0.01077	0.01381	0.00955	0.01429	0.00719	0.00535	0.00537	0.00178	0.00714	0.00477	0.00239	0.00602
51	0.01196	0.00965	0.01131	0.00813	0.01286	0.00741	0.00652	0.03136	0.01166	0.05407	0.01017	0.01151	0.00823	0.00416	0.00407	0.00085	0.00405	0.00332	0.00339	0.78531
52	0.00773	0.00581	0.00815	0.09106	0.01201	0.00592	0.00724	0.00974	0.02856	0.01464	0.02695	0.47577	0.03067	0.01478	0.00684	0.00222	0.00413	0.23827	0.00471	0.00480
53	0.01113	0.00954	0.01113	0.00795	0.01272	0.00716	0.00636	0.01352	0.01113	0.01749	0.00954	0.01113	0.00795	0.00398	0.00398	0.00080	0.00398	0.00318	0.00318	0.84417
54	0.01381	0.01276	0.02079	0.08520	0.64556	0.01310	0.01571	0.09407	0.01348	0.01897	0.01035	0.01332	0.00847	0.00500	0.00532	0.00161	0.00638	0.00479	0.00292	0.00839
55	0.00813	0.00704	0.00730	0.00791	0.00872	0.08668	0.00552	0.00942	0.01177	0.01509	0.16236	0.54867	0.07233	0.01443	0.00652	0.00199	0.00368	0.01283	0.00492	0.00469
56	0.01014	0.00954	0.01610	0.79845	0.03697	0.01193	0.01491	0.01371	0.01073	0.01371	0.00954	0.01431	0.00716	0.00537	0.00537	0.00179	0.00716	0.00477	0.00239	0.00596
57	0.01761	0.10375	0.01639	0.09489	0.01810	0.43182	0.01046	0.11409	0.11086	0.01693	0.01063	0.01177	0.00842	0.00575	0.00489	0.00148	0.00784	0.00404	0.00335	0.00692
58	0.01482	0.01221	0.01291	0.01113	0.01443	0.01392	0.00879	0.19592	0.58163	0.02490	0.02048	0.01906	0.03085	0.00722	0.00546	0.00177	0.00460	0.00590	0.00543	0.00856
59	0.01420	0.01310	0.04300	0.07014	0.27271	0.03140	0.01221	0.14742	0.26828	0.02174	0.04038	0.01631	0.01250	0.00618	0.00539	0.00169	0.00563	0.00533	0.00414	0.00825
60	0.03374	0.01089	0.05919	0.00919	0.01361	0.00870	0.00787	0.10613	0.01387	0.19809	0.03077	0.04386	0.02903	0.00583	0.00474	0.00126	0.00450	0.00471	0.00437	0.40965

[dist]
# distance from previous block
# <min> <max>
1	5

[block]
# block no. 2 follows, 45 sequences, length 27
# corresponding to MSA columns:
# 160-186
name=unknown_C
#
# <colnr> <probs for GDERKNQSTAVLIFYWHMCP>
#	G	D	E	R	K	N	Q	S	T	A	V	L	I	F	Y	W	H	M	C	P
0	0.10642	0.11817	0.01261	0.00923	0.01136	0.01108	0.00757	0.10080	0.01114	0.04395	0.01236	0.01694	0.01102	0.05931	0.38717	0.00517	0.06163	0.00494	0.00326	0.00586
1	0.18430	0.05503	0.51881	0.01318	0.01954	0.03955	0.03442	0.01662	0.01117	0.01832	0.03663	0.01174	0.00822	0.00527	0.00473	0.00166	0.00696	0.00395	0.00265	0.00727
2	0.04537	0.04331	0.47056	0.01629	0.06614	0.01354	0.09651	0.07112	0.01213	0.01803	0.00962	0.01177	0.00720	0.00555	0.00645	0.00175	0.09004	0.00434	0.00262	0.00765
3	0.01221	0.01164	0.01785	0.47379	0.26780	0.04960	0.01491	0.05905	0.01227	0.01608	0.00985	0.01368	0.00768	0.00525	0.00533	0.00170	0.00696	0.00472	0.00267	0.00696
4	0.01157	0.01025	0.01526	0.01117	0.01558	0.00861	0.17009	0.04009	0.01260	0.03409	0.11458	0.01602	0.01397	0.00519	0.00489	0.00118	0.00496	0.00486	0.00360	0.50145
5	0.01263	0.00661	0.00874	0.00798	0.00991	0.00603	0.00604	0.03539	0.01401	0.24973	0.29500	0.26968	0.03348	0.01134	0.00618	0.00183	0.00342	0.00998	0.00583	0.00620
6	0.01370	0.00926	0.01121	0.00827	0.01273	0.00720	0.00663	0.01596	0.01200	0.17972	0.01283	0.04512	0.01021	0.00507	0.00439	0.00104	0.00407	0.00414	0.00399	0.63248
7	0.01463	0.01085	0.01387	0.01031	0.01480	0.00969	0.07170	0.13661	0.06251	0.12641	0.02570	0.01375	0.01017	0.00512	0.00473	0.00121	0.00480	0.00432	0.00417	0.45465
8	0.84927	0.01038	0.00789	0.00706	0.01038	0.01204	0.00581	0.01578	0.00914	0.02408	0.00747	0.00872	0.00581	0.00498	0.00332	0.00166	0.00415	0.00291	0.00332	0.00581
9	0.01431	0.01144	0.01226	0.01086	0.01401	0.01303	0.00849	0.04627	0.69497	0.07819	0.02158	0.01972	0.01598	0.00722	0.00546	0.00180	0.00431	0.00599	0.00555	0.00856
10	0.00652	0.00473	0.00617	0.00731	0.00774	0.00437	0.00491	0.00749	0.01043	0.01377	0.03153	0.74851	0.09359	0.01656	0.00681	0.00215	0.00308	0.01495	0.00498	0.00437
11	0.01956	0.02384	0.01503	0.01351	0.01640	0.68163	0.01022	0.06838	0.07363	0.01515	0.00963	0.01068	0.00778	0.00572	0.00492	0.00143	0.00903	0.00374	0.00314	0.00658
12	0.00780	0.00557	0.00703	0.00662	0.00804	0.00505	0.00498	0.01014	0.01474	0.03866	0.64459	0.04138	0.16280	0.01128	0.00631	0.00171	0.00261	0.00986	0.00578	0.00508
13	0.07914	0.01190	0.06571	0.01178	0.03571	0.01045	0.06396	0.14280	0.01598	0.48070	0.01706	0.01586	0.01116	0.00619	0.00529	0.00166	0.00535	0.00509	0.00552	0.00867
14	0.07716	0.01365	0.02700	0.01983	0.02408	0.01399	0.56097	0.01629	0.01157	0.01693	0.00989	0.01352	0.00776	0.00547	0.00821	0.00190	0.15646	0.00576	0.00269	0.00687
15	0.00677	0.00514	0.00626	0.00673	0.00776	0.00462	0.00481	0.00825	0.01207	0.01579	0.20584	0.37410	0.27392	0.01442	0.00659	0.00196	0.00291	0.03229	0.00519	0.00459
16	0.01096	0.01085	0.01979	0.51169	0.05738	0.01241	0.19665	0.01458	0.01112	0.01484	0.00998	0.01434	0.00764	0.00541	0.00628	0.00180	0.05466	0.00516	0.02813	0.00633
17	0.01158	0.01883	0.32530	0.03921	0.02237	0.01391	0.22904	0.01579	0.01080	0.01579	0.00924	0.01244	0.00727	0.00618	0.00907	0.00192	0.23688	0.00488	0.00242	0.00708
18	0.00781	0.00573	0.00611	0.00586	0.00781	0.00483	0.00445	0.00932	0.01270	0.07432	0.10683	0.04820	0.66141	0.01286	0.00627	0.00179	0.00285	0.01075	0.00518	0.00493
19	0.00696	0.00541	0.00631	0.00681	0.00807	0.00488	0.00516	0.00840	0.01166	0.01458	0.05994	0.21188	0.40788	0.06160	0.00790	0.00222	0.00339	0.15752	0.00490	0.00452
20	0.00840	0.00750	0.01324	0.07225	0.01492	0.00727	0.19137	0.01037	0.01076	0.01437	0.02267	0.50527	0.02562	0.05985	0.00782	0.00224	0.00501	0.01181	0.00412	0.00513
21	0.00654	0.00467	0.00623	0.00747	0.00779	0.00436	0.00498	0.00747	0.01028	0.01370	0.02959	0.80785	0.03550	0.01682	0.00685	0.00218	0.00311	0.01526	0.00498	0.00436
22	0.01026	0.00948	0.01332	0.03910	0.01283	0.01265	0.00964	0.01154	0.00835	0.01253	0.01005	0.01689	0.01007	0.11601	0.19610	0.00413	0.49385	0.00533	0.00258	0.00530
23	0.01255	0.01539	0.08587	0.02240	0.04990	0.01347	0.68289	0.01716	0.01256	0.01719	0.01075	0.01422	0.00806	0.00457	0.00622	0.00180	0.00889	0.00612	0.00268	0.00733
24	0.84927	0.01038	0.00789	0.00706	0.01038	0.01204	0.00581	0.01578	0.00914	0.02408	0.00747	0.00872	0.00581	0.00498	0.00332	0.00166	0.00415	0.00291	0.00332	0.00581
25	0.01269	0.01229	0.01987	0.09246	0.63636	0.03426	0.01521	0.01571	0.01219	0.01687	0.01342	0.01623	0.06764	0.00553	0.00538	0.00162	0.00625	0.00525	0.00282	0.00792
26	0.02060	0.08308	0.01566	0.07166	0.01674	0.01305	0.00951	0.33128	0.01874	0.34122	0.01559	0.01486	0.01051	0.00628	0.00521	0.00160	0.00543	0.00489	0.00540	0.00869

[dist]
# distance from previous block
# <min> <max>
0	7

[block]
# block no. 3 follows, 45 sequences, length 39
# corresponding to MSA columns:
# 194-232
name=unknown_D
#
# <colnr> <probs for GDERKNQSTAVLIFYWHMCP>
#	G	D	E	R	K	N	Q	S	T	A	V	L	I	F	Y	W	H	M	C	P
0	0.04870	0.12791	0.12598	0.03366	0.10098	0.23511	0.05240	0.03474	0.01257	0.03384	0.00909	0.01106	0.00739	0.00546	0.00588	0.00152	0.07864	0.00393	0.00278	0.06836
1	0.71362	0.01066	0.00987	0.01058	0.11266	0.01201	0.00729	0.01618	0.00973	0.04557	0.00823	0.00961	0.00639	0.00501	0.00365	0.00165	0.00446	0.00323	0.00333	0.00627
2	0.01250	0.01029	0.01304	0.04313	0.01498	0.00876	0.05298	0.09819	0.01310	0.04384	0.04112	0.01306	0.00995	0.00471	0.00448	0.00106	0.00460	0.00396	0.00359	0.60267
3	0.00828	0.00599	0.00819	0.00933	0.01053	0.00589	0.00797	0.01053	0.01216	0.01573	0.03052	0.12653	0.08845	0.01491	0.00728	0.00239	0.00461	0.62088	0.00495	0.00486
4	0.13623	0.39723	0.04176	0.01024	0.01449	0.09268	0.00932	0.18875	0.01450	0.03748	0.00918	0.01002	0.00740	0.00523	0.00410	0.00138	0.00597	0.00348	0.00330	0.00727
5	0.00903	0.00589	0.00734	0.00680	0.00844	0.00526	0.00509	0.01106	0.01386	0.09452	0.45476	0.08598	0.18746	0.04902	0.00720	0.00188	0.00297	0.00967	0.00554	0.02821
6	0.01490	0.14107	0.03996	0.01848	0.15692	0.19130	0.17804	0.01746	0.01225	0.03948	0.00931	0.01188	0.00770	0.00566	0.00707	0.00165	0.13260	0.00452	0.00271	0.00705
7	0.04122	0.12801	0.19795	0.02983	0.04455	0.01451	0.37722	0.07050	0.01287	0.01791	0.01010	0.01261	0.00766	0.00484	0.00544	0.00167	0.00785	0.00503	0.00276	0.00745
8	0.00643	0.00539	0.00560	0.00567	0.00734	0.00455	0.00420	0.00783	0.01227	0.01487	0.09650	0.10555	0.67807	0.01367	0.00638	0.00183	0.00274	0.01151	0.00504	0.00455
9	0.02374	0.00917	0.01238	0.00951	0.01361	0.00800	0.00785	0.03954	0.01547	0.75298	0.02095	0.01820	0.01322	0.00663	0.00537	0.00165	0.00455	0.00538	0.02273	0.00906
10	0.01295	0.06140	0.44803	0.01676	0.10741	0.04437	0.07163	0.10001	0.01327	0.03021	0.01061	0.02419	0.00804	0.00539	0.00516	0.00164	0.00734	0.00447	0.01925	0.00787
11	0.01321	0.01327	0.01976	0.21528	0.52321	0.09046	0.01549	0.01631	0.01216	0.01618	0.00978	0.01317	0.00802	0.00500	0.00528	0.00162	0.00690	0.00465	0.00260	0.00766
12	0.00774	0.00526	0.00626	0.00631	0.00646	0.00538	0.00381	0.00804	0.00802	0.01083	0.01706	0.06426	0.01930	0.67005	0.13461	0.00557	0.00642	0.00782	0.00327	0.00352
13	0.08482	0.01162	0.01608	0.57187	0.04651	0.08966	0.04532	0.02609	0.01131	0.01507	0.00930	0.01327	0.00711	0.00541	0.00547	0.00174	0.02610	0.00454	0.00257	0.00613
14	0.00719	0.00534	0.00670	0.00663	0.00784	0.00485	0.00487	0.00925	0.01384	0.01894	0.51950	0.16924	0.18115	0.01242	0.00642	0.00179	0.00266	0.01092	0.00559	0.00485
15	0.01455	0.55559	0.15197	0.01129	0.03202	0.09049	0.01127	0.05203	0.01208	0.01451	0.00821	0.00947	0.00702	0.00486	0.00398	0.00129	0.00649	0.00324	0.00249	0.00714
16	0.01518	0.00772	0.01001	0.00833	0.01107	0.00704	0.00659	0.05260	0.03450	0.33121	0.36547	0.04565	0.03055	0.00876	0.00580	0.00165	0.00363	0.00749	0.00604	0.04069
17	0.05164	0.00990	0.01205	0.01005	0.02977	0.00982	0.00790	0.19882	0.05066	0.33738	0.17837	0.04350	0.02056	0.00772	0.00555	0.00167	0.00443	0.00637	0.00586	0.00796
18	0.01098	0.01273	0.07800	0.01749	0.02160	0.01120	0.46450	0.01474	0.01236	0.01705	0.11021	0.10808	0.01706	0.00788	0.02213	0.00200	0.03941	0.02266	0.00338	0.00654
19	0.00731	0.00537	0.00684	0.00669	0.00790	0.00491	0.00494	0.00948	0.01418	0.01964	0.58920	0.14370	0.13575	0.01207	0.00640	0.00177	0.00263	0.01064	0.00567	0.00491
20	0.01183	0.01831	0.27773	0.08509	0.05963	0.01311	0.40134	0.01670	0.01194	0.01675	0.01022	0.01331	0.00761	0.00492	0.00609	0.00178	0.02845	0.00531	0.00253	0.00738
21	0.07103	0.01356	0.01824	0.28089	0.19969	0.13122	0.10026	0.03250	0.04850	0.03817	0.01048	0.01336	0.00811	0.00528	0.00525	0.00167	0.00714	0.00471	0.00294	0.00700
22	0.00700	0.00555	0.00586	0.00573	0.00753	0.00469	0.00431	0.00853	0.01272	0.03648	0.14941	0.04920	0.65825	0.01306	0.00632	0.00179	0.00274	0.01095	0.00515	0.00473
23	0.00765	0.00570	0.00701	0.00743	0.00829	0.00561	0.00516	0.01042	0.09521	0.01602	0.18709	0.43710	0.07062	0.10029	0.00878	0.00234	0.00332	0.01206	0.00505	0.00486
24	0.01259	0.01444	0.05192	0.05503	0.12810	0.01337	0.60786	0.01695	0.01249	0.01709	0.01067	0.01422	0.00811	0.00461	0.00612	0.00178	0.00858	0.00600	0.00268	0.00738
25	0.00839	0.00583	0.00694	0.00673	0.00702	0.00620	0.00428	0.03114	0.00856	0.01176	0.01607	0.03122	0.01772	0.62927	0.12715	0.00532	0.03845	0.00724	0.02692	0.00379
26	0.00759	0.00568	0.00713	0.00741	0.00852	0.00544	0.00545	0.01035	0.06731	0.01770	0.32784	0.31208	0.11592	0.01333	0.00653	0.00194	0.00306	0.06633	0.00538	0.00500
27	0.02002	0.01487	0.01611	0.01276	0.03335	0.01645	0.01029	0.72009	0.04880	0.03311	0.01311	0.01313	0.00935	0.00643	0.00537	0.00162	0.00586	0.00487	0.00531	0.00909
28	0.00693	0.00527	0.00749	0.00814	0.00872	0.00503	0.03725	0.00802	0.01035	0.01379	0.02892	0.71224	0.06009	0.03476	0.00751	0.00223	0.01963	0.01435	0.00479	0.00449
29	0.01116	0.00964	0.01138	0.00824	0.01279	0.00759	0.00661	0.01349	0.01099	0.01728	0.00942	0.01116	0.00791	0.00423	0.00462	0.00087	0.04163	0.00325	0.00314	0.80459
30	0.01142	0.01178	0.07063	0.01118	0.01627	0.00881	0.14324	0.01470	0.02468	0.01749	0.01000	0.01191	0.00805	0.00421	0.00451	0.00106	0.00518	0.00386	0.00307	0.61794
31	0.01126	0.11190	0.61502	0.01440	0.02163	0.01309	0.04737	0.01665	0.01133	0.01657	0.00944	0.01115	0.00695	0.00494	0.00489	0.00158	0.00745	0.00389	0.00235	0.06817
32	0.05046	0.32880	0.14123	0.01131	0.03145	0.11818	0.01065	0.12085	0.01376	0.01758	0.06499	0.01353	0.02213	0.02780	0.00510	0.00152	0.00629	0.00419	0.00316	0.00700
33	0.08748	0.01530	0.05011	0.06853	0.01679	0.15729	0.01005	0.21937	0.19372	0.05778	0.01394	0.03567	0.01074	0.00660	0.00555	0.00168	0.03246	0.00497	0.00432	0.00764
34	0.01546	0.10227	0.01665	0.02762	0.16724	0.10552	0.01046	0.21947	0.11440	0.03288	0.06697	0.03775	0.03245	0.00663	0.00520	0.00157	0.00579	0.00537	0.00414	0.02214
35	0.01372	0.01518	0.10259	0.09368	0.45258	0.06171	0.06921	0.07987	0.02671	0.01831	0.01039	0.01311	0.00827	0.00508	0.00535	0.00163	0.00693	0.00475	0.00288	0.00804
36	0.01279	0.12409	0.07557	0.08004	0.31748	0.01379	0.18254	0.01695	0.05423	0.01674	0.01047	0.01313	0.00840	0.00486	0.00522	0.00158	0.00682	0.00481	0.00276	0.04775
37	0.01295	0.01313	0.06487	0.12300	0.42055	0.03726	0.03186	0.06620	0.06946	0.01779	0.01178	0.01595	0.00992	0.06357	0.00695	0.00192	0.00644	0.01566	0.00307	0.00765
38	0.01425	0.10811	0.11401	0.09688	0.22673	0.17263	0.05464	0.04915	0.05906	0.01652	0.01140	0.01339	0.02914	0.00546	0.00508	0.00157	0.00715	0.00454	0.00292	0.00738

[dist]
# distance from previous block
# <min> <max>
0	5

# created by:
# /st0/software/busco_prod/Augustus/scripts/msa2prfl.pl ./align_prep/181011.fa
