[name]
unknown

[dist]
# distance from previous block
# <min> <max>
3	41

[block]
# block no. 0 follows, 46 sequences, length 25
# corresponding to MSA columns:
# 60-84
name=unknown_A
#
# <colnr> <probs for GDERKNQSTAVLIFYWHMCP>
#	G	D	E	R	K	N	Q	S	T	A	V	L	I	F	Y	W	H	M	C	P
0	0.14664	0.17546	0.08490	0.02872	0.01466	0.05818	0.00927	0.15772	0.09889	0.06451	0.02731	0.03423	0.01033	0.02035	0.00492	0.00157	0.00543	0.00443	0.00381	0.04867
1	0.07415	0.16917	0.06218	0.03762	0.01449	0.01280	0.04915	0.18738	0.04791	0.05411	0.03391	0.11579	0.03165	0.06386	0.00653	0.00184	0.00527	0.00609	0.00395	0.02213
2	0.17896	0.08406	0.21364	0.01099	0.01564	0.01175	0.06576	0.07311	0.03788	0.01876	0.02262	0.01316	0.00891	0.05309	0.02301	0.01928	0.00591	0.00416	0.00309	0.13623
3	0.07198	0.08440	0.07508	0.00890	0.01216	0.00940	0.03687	0.05675	0.05504	0.03011	0.18040	0.03600	0.09594	0.04532	0.03737	0.00192	0.00476	0.00624	0.00405	0.14733
4	0.06774	0.12884	0.10972	0.02929	0.01764	0.09234	0.12685	0.20421	0.04568	0.04372	0.03661	0.01331	0.00977	0.00640	0.02350	0.00171	0.00670	0.00461	0.02403	0.00734
5	0.02721	0.05307	0.49016	0.01325	0.01949	0.01226	0.03266	0.04830	0.11912	0.05045	0.01276	0.01359	0.02725	0.00555	0.00500	0.00162	0.00661	0.00442	0.00313	0.05411
6	0.05215	0.07459	0.24636	0.01226	0.01689	0.02530	0.10936	0.03998	0.01213	0.05672	0.10513	0.05524	0.01435	0.02538	0.00604	0.00166	0.03361	0.00544	0.00337	0.10404
7	0.01356	0.25587	0.18885	0.03178	0.03384	0.02718	0.03694	0.08061	0.01290	0.10542	0.03747	0.07289	0.06771	0.00676	0.00489	0.00154	0.00575	0.00543	0.00353	0.00707
8	0.00943	0.00746	0.00904	0.07871	0.01171	0.02577	0.00670	0.11402	0.01227	0.01619	0.05490	0.38045	0.08381	0.11003	0.00934	0.00234	0.04790	0.01042	0.00437	0.00512
9	0.10952	0.04124	0.01329	0.25459	0.03037	0.01001	0.03804	0.02851	0.01131	0.11884	0.01365	0.07943	0.02860	0.02525	0.00566	0.00165	0.02160	0.00537	0.02116	0.14191
10	0.01333	0.01060	0.01350	0.28034	0.02096	0.02762	0.02760	0.26828	0.03140	0.02139	0.03706	0.04845	0.03221	0.03460	0.00597	0.00176	0.00562	0.00562	0.10700	0.00668
11	0.04178	0.00873	0.00973	0.03581	0.01165	0.02143	0.00683	0.18962	0.04913	0.08812	0.10328	0.11440	0.18321	0.02470	0.02168	0.00192	0.00430	0.02699	0.05042	0.00628
12	0.10685	0.00617	0.00732	0.00746	0.00881	0.00607	0.00544	0.01113	0.01085	0.11634	0.02730	0.46353	0.11765	0.01286	0.00633	0.00195	0.02996	0.01113	0.03768	0.00517
13	0.01373	0.07917	0.30196	0.03656	0.02783	0.01208	0.05895	0.08000	0.10111	0.13112	0.04591	0.01699	0.01206	0.02315	0.00569	0.00174	0.00620	0.03431	0.00379	0.00764
14	0.01312	0.07001	0.38688	0.01330	0.05218	0.01070	0.04440	0.01710	0.01195	0.17742	0.01552	0.11845	0.03183	0.00700	0.00530	0.00170	0.00620	0.00591	0.00360	0.00744
15	0.11880	0.00908	0.01157	0.00906	0.01294	0.00828	0.00746	0.02412	0.03225	0.65368	0.04419	0.01765	0.01351	0.00651	0.00511	0.00164	0.00438	0.00519	0.00611	0.00847
16	0.02017	0.01300	0.01454	0.01133	0.01538	0.01392	0.00930	0.49915	0.10897	0.21464	0.01570	0.01479	0.01081	0.00649	0.00531	0.00162	0.00531	0.00504	0.00560	0.00892
17	0.01544	0.00973	0.01253	0.17595	0.03235	0.03038	0.00903	0.06574	0.08010	0.26747	0.05983	0.01901	0.04520	0.03861	0.00625	0.00172	0.01609	0.00546	0.00461	0.10449
18	0.01236	0.01159	0.04360	0.34964	0.31554	0.02986	0.04437	0.01563	0.01170	0.07001	0.01197	0.01506	0.03475	0.00540	0.00532	0.00167	0.00658	0.00498	0.00286	0.00712
19	0.00806	0.00593	0.00794	0.09886	0.01055	0.00658	0.00571	0.00907	0.00833	0.01144	0.01488	0.02748	0.01571	0.46751	0.23808	0.00553	0.02799	0.00664	0.01967	0.00404
20	0.01133	0.10296	0.01290	0.00797	0.01265	0.00865	0.00659	0.01360	0.01094	0.01667	0.00916	0.01067	0.00771	0.00399	0.00385	0.00082	0.00412	0.00310	0.00303	0.74929
21	0.16547	0.01139	0.01260	0.03420	0.03392	0.01226	0.00843	0.32193	0.05717	0.17690	0.02887	0.01492	0.01084	0.02314	0.02363	0.00184	0.00517	0.00478	0.04477	0.00779
22	0.00720	0.00738	0.09660	0.00815	0.00933	0.00542	0.00655	0.00867	0.01001	0.01354	0.02508	0.57306	0.02928	0.12557	0.00937	0.00252	0.00399	0.04934	0.00436	0.00458
23	0.00659	0.00529	0.00567	0.00569	0.00711	0.00460	0.00410	0.00790	0.01181	0.01468	0.14309	0.09207	0.55164	0.10597	0.00867	0.00218	0.00296	0.01077	0.00483	0.00438
24	0.27403	0.01042	0.01080	0.03244	0.01283	0.01103	0.00725	0.21949	0.01447	0.10165	0.01193	0.01291	0.00888	0.00687	0.03562	0.00174	0.00488	0.00407	0.10139	0.11729

[dist]
# distance from previous block
# <min> <max>
0	3

[block]
# block no. 1 follows, 46 sequences, length 12
# corresponding to MSA columns:
# 88-99
name=unknown_B
#
# <colnr> <probs for GDERKNQSTAVLIFYWHMCP>
#	G	D	E	R	K	N	Q	S	T	A	V	L	I	F	Y	W	H	M	C	P
0	0.01372	0.10699	0.17515	0.09186	0.30620	0.04552	0.01435	0.05274	0.06032	0.06735	0.01100	0.01284	0.00849	0.00519	0.00498	0.00157	0.00645	0.00440	0.00303	0.00783
1	0.19476	0.03364	0.01381	0.04623	0.01549	0.05222	0.00904	0.40136	0.10570	0.05889	0.01242	0.01266	0.00905	0.00601	0.00480	0.00161	0.00544	0.00440	0.00459	0.00789
2	0.02084	0.03827	0.01250	0.00935	0.01310	0.00939	0.00771	0.12909	0.04989	0.53071	0.01884	0.01717	0.01247	0.00643	0.00507	0.00157	0.00449	0.00513	0.09955	0.00843
3	0.00746	0.00525	0.00594	0.00609	0.00645	0.00513	0.00371	0.00818	0.02951	0.01159	0.02350	0.15195	0.12132	0.56811	0.02060	0.00415	0.00447	0.00919	0.00374	0.00367
4	0.00959	0.00718	0.00785	0.00718	0.00917	0.04274	0.02525	0.02811	0.04038	0.08074	0.17145	0.07963	0.37751	0.01092	0.00585	0.00170	0.00341	0.00924	0.07674	0.00535
5	0.62077	0.00964	0.00866	0.03039	0.01134	0.01066	0.00624	0.01717	0.01031	0.16415	0.01054	0.01119	0.00762	0.00530	0.00374	0.00161	0.00415	0.00350	0.05674	0.00629
6	0.01142	0.01074	0.04023	0.43645	0.09167	0.01162	0.07049	0.01682	0.13659	0.04520	0.04315	0.01594	0.01071	0.00571	0.00536	0.00171	0.00630	0.00518	0.00321	0.03149
7	0.00770	0.00592	0.00686	0.00652	0.00811	0.00544	0.00491	0.05626	0.01407	0.01862	0.38387	0.09567	0.34269	0.01197	0.00622	0.00174	0.00282	0.01028	0.00535	0.00498
8	0.01515	0.02443	0.01146	0.00940	0.01234	0.02723	0.00745	0.16984	0.21308	0.17513	0.14641	0.02313	0.06267	0.03672	0.00620	0.00177	0.00431	0.00640	0.03943	0.00743
9	0.06987	0.29427	0.33251	0.01238	0.04211	0.01498	0.01329	0.01620	0.01079	0.05144	0.00922	0.01091	0.00732	0.00671	0.04065	0.00182	0.05215	0.00368	0.00256	0.00714
10	0.01013	0.20448	0.01267	0.00767	0.00997	0.00981	0.00633	0.01363	0.09436	0.04051	0.43538	0.02950	0.06337	0.03284	0.00604	0.00165	0.00359	0.00742	0.00481	0.00583
11	0.01529	0.16102	0.22639	0.01080	0.01568	0.01132	0.02807	0.03493	0.01316	0.26160	0.11239	0.01661	0.01448	0.00612	0.00495	0.00152	0.00545	0.00492	0.00420	0.05107

[dist]
# distance from previous block
# <min> <max>
4	9

[block]
# block no. 2 follows, 46 sequences, length 30
# corresponding to MSA columns:
# 109-138
name=unknown_C
#
# <colnr> <probs for GDERKNQSTAVLIFYWHMCP>
#	G	D	E	R	K	N	Q	S	T	A	V	L	I	F	Y	W	H	M	C	P
0	0.35445	0.01208	0.10295	0.07486	0.01469	0.01198	0.00927	0.04399	0.05243	0.05072	0.01072	0.04896	0.00917	0.04722	0.00753	0.00197	0.13293	0.00457	0.00332	0.00621
1	0.12206	0.00855	0.00930	0.00779	0.01055	0.00877	0.00622	0.14632	0.03654	0.21951	0.01624	0.01709	0.01190	0.03035	0.00508	0.00158	0.00390	0.00485	0.32658	0.00683
2	0.01189	0.01106	0.01783	0.18913	0.46557	0.01171	0.01394	0.01632	0.09406	0.01739	0.08690	0.01662	0.01303	0.00570	0.00536	0.00164	0.00584	0.00532	0.00317	0.00751
3	0.00651	0.00525	0.00580	0.00590	0.00736	0.00454	0.00434	0.00801	0.01232	0.01550	0.18938	0.16162	0.52821	0.01336	0.00632	0.00182	0.00270	0.01143	0.00508	0.00454
4	0.00904	0.00469	0.00703	0.00703	0.00712	0.00477	0.00477	0.00712	0.00703	0.00946	0.00963	0.01649	0.00955	0.02029	0.09038	0.77060	0.00545	0.00469	0.00234	0.00251
5	0.00649	0.00464	0.00618	0.00733	0.00768	0.00433	0.00491	0.00748	0.01034	0.01385	0.06358	0.77531	0.03565	0.01630	0.00672	0.00212	0.00304	0.01478	0.00495	0.00433
6	0.02010	0.01481	0.01587	0.01216	0.01639	0.01639	0.01005	0.76360	0.02486	0.03332	0.01269	0.01269	0.00899	0.00635	0.00529	0.00159	0.00582	0.00476	0.00529	0.00899
7	0.04319	0.02515	0.66648	0.01532	0.02264	0.01248	0.08573	0.03839	0.01159	0.01751	0.00961	0.01139	0.00685	0.00501	0.00507	0.00168	0.00771	0.00410	0.00240	0.00771
8	0.01778	0.04277	0.01515	0.01106	0.01534	0.01229	0.05502	0.31369	0.07691	0.19399	0.01419	0.01400	0.01007	0.00577	0.00501	0.00144	0.00519	0.00466	0.00485	0.18081
9	0.02014	0.01110	0.01302	0.01015	0.01383	0.01129	0.00823	0.35410	0.01867	0.35012	0.01669	0.01718	0.01182	0.07932	0.00719	0.00191	0.00507	0.00527	0.03659	0.00832
10	0.00890	0.00603	0.00840	0.00945	0.01068	0.00595	0.00807	0.01114	0.01206	0.04687	0.02783	0.14405	0.03024	0.01450	0.00716	0.00237	0.00465	0.63174	0.00494	0.00497
11	0.00957	0.00570	0.00739	0.00718	0.00862	0.00514	0.00529	0.01135	0.01308	0.13849	0.33251	0.29163	0.11888	0.01231	0.00626	0.00183	0.00302	0.01087	0.00553	0.00533
12	0.11322	0.01243	0.01362	0.01061	0.01464	0.03383	0.00873	0.38790	0.01924	0.30970	0.01500	0.01411	0.01009	0.00624	0.00506	0.00160	0.00524	0.00472	0.00546	0.00855
13	0.01810	0.01178	0.01350	0.01080	0.01422	0.01276	0.00877	0.40665	0.08764	0.18353	0.01537	0.01613	0.01129	0.04172	0.07764	0.00240	0.03265	0.00518	0.02176	0.00813
14	0.15581	0.01335	0.01387	0.01095	0.01479	0.02872	0.00900	0.53714	0.02051	0.07705	0.01233	0.01277	0.00892	0.00806	0.05121	0.00200	0.00601	0.00451	0.00485	0.00815
15	0.00662	0.00502	0.00598	0.00665	0.00753	0.00455	0.00468	0.00771	0.01075	0.01366	0.03692	0.41573	0.30562	0.08399	0.00834	0.00229	0.00322	0.06169	0.00476	0.00430
16	0.02967	0.00992	0.01226	0.15942	0.01693	0.01083	0.00890	0.19322	0.10039	0.12989	0.06314	0.04183	0.03974	0.02307	0.00609	0.00172	0.03437	0.00576	0.08032	0.03253
17	0.01193	0.01017	0.01222	0.00906	0.01339	0.00878	0.03034	0.08196	0.05918	0.01887	0.02395	0.01229	0.00916	0.00468	0.00476	0.00102	0.03483	0.00372	0.00347	0.64623
18	0.75236	0.01154	0.00855	0.00763	0.01087	0.08223	0.00619	0.01634	0.00972	0.04494	0.00783	0.00895	0.00604	0.00500	0.00347	0.00161	0.00459	0.00298	0.00332	0.00586
19	0.01762	0.04233	0.01446	0.01097	0.01435	0.01436	0.00906	0.50656	0.03534	0.06431	0.01322	0.01387	0.00974	0.00654	0.00607	0.00159	0.07729	0.00475	0.12955	0.00800
20	0.00712	0.00560	0.00657	0.00707	0.00818	0.00535	0.00502	0.00969	0.08972	0.01476	0.05019	0.43993	0.27841	0.01511	0.02959	0.00217	0.00337	0.01243	0.00491	0.00480
21	0.00797	0.00551	0.00722	0.00673	0.00807	0.00507	0.00507	0.01045	0.01497	0.04435	0.75547	0.03884	0.04877	0.01068	0.00621	0.00166	0.00255	0.00943	0.00584	0.00511
22	0.01853	0.01354	0.01473	0.01163	0.01549	0.01500	0.00952	0.58721	0.12478	0.06110	0.01431	0.01436	0.01039	0.00852	0.05394	0.00204	0.00606	0.00500	0.00520	0.00864
23	0.00748	0.00540	0.00707	0.00665	0.00790	0.00499	0.00499	0.00998	0.01496	0.02120	0.77844	0.03949	0.04988	0.01081	0.00624	0.00166	0.00249	0.00956	0.00582	0.00499
24	0.02033	0.01457	0.01518	0.01179	0.01586	0.06309	0.00967	0.61514	0.02283	0.12293	0.01348	0.01326	0.00943	0.00631	0.00523	0.00157	0.00583	0.00475	0.01999	0.00874
25	0.00658	0.00473	0.00612	0.00708	0.00752	0.00441	0.00474	0.00756	0.01037	0.01379	0.07603	0.66189	0.08087	0.07171	0.00809	0.00230	0.00315	0.01394	0.00484	0.00427
26	0.01708	0.00845	0.01063	0.00852	0.01192	0.00748	0.00684	0.07940	0.01464	0.41487	0.07711	0.07204	0.12988	0.00814	0.00543	0.00158	0.00404	0.00677	0.00563	0.10955
27	0.09416	0.01169	0.01321	0.04759	0.01509	0.01237	0.00867	0.39288	0.01867	0.20360	0.02471	0.01436	0.01032	0.00647	0.00538	0.02265	0.00509	0.00472	0.04743	0.04094
28	0.01544	0.02998	0.03724	0.01059	0.01414	0.01262	0.00873	0.44146	0.05889	0.02600	0.03784	0.15683	0.01497	0.00799	0.00538	0.00160	0.00498	0.00655	0.00483	0.10394
29	0.08297	0.18705	0.07755	0.11079	0.17395	0.03064	0.01128	0.10515	0.03601	0.01827	0.04384	0.01531	0.05717	0.00588	0.00473	0.00153	0.00567	0.00470	0.02048	0.00704

[dist]
# distance from previous block
# <min> <max>
0	8

[block]
# block no. 3 follows, 46 sequences, length 16
# corresponding to MSA columns:
# 148-163
name=unknown_D
#
# <colnr> <probs for GDERKNQSTAVLIFYWHMCP>
#	G	D	E	R	K	N	Q	S	T	A	V	L	I	F	Y	W	H	M	C	P
0	0.28067	0.08657	0.02511	0.01073	0.04836	0.14848	0.00839	0.17114	0.03315	0.05152	0.03194	0.01203	0.00908	0.00562	0.00432	0.00151	0.00556	0.00393	0.05506	0.00684
1	0.06168	0.00801	0.00826	0.00759	0.00872	0.04372	0.00524	0.12563	0.01151	0.01584	0.06041	0.09675	0.03949	0.44274	0.01733	0.00356	0.02748	0.00750	0.00383	0.00469
2	0.01175	0.00973	0.01123	0.00831	0.01267	0.00797	0.00662	0.10163	0.01255	0.01889	0.01106	0.06281	0.00972	0.00502	0.00426	0.00097	0.00409	0.00409	0.00350	0.69313
3	0.00651	0.00465	0.00619	0.00732	0.00768	0.00434	0.00491	0.00752	0.01042	0.01397	0.07562	0.76291	0.03589	0.01621	0.00672	0.00212	0.00303	0.01469	0.00496	0.00434
4	0.01508	0.16306	0.10810	0.05985	0.01628	0.02935	0.01031	0.30338	0.03557	0.05037	0.05082	0.01574	0.04619	0.00786	0.04113	0.00185	0.00607	0.00489	0.02664	0.00747
5	0.01795	0.04278	0.01552	0.01280	0.05907	0.06530	0.00984	0.54811	0.05129	0.02821	0.02628	0.07294	0.01164	0.00700	0.00531	0.00161	0.00575	0.00550	0.00485	0.00825
6	0.00687	0.00506	0.00620	0.00680	0.00748	0.00474	0.00461	0.00826	0.02985	0.01424	0.11536	0.46468	0.15911	0.12993	0.00947	0.00245	0.00326	0.01248	0.00478	0.00435
7	0.01466	0.00934	0.01212	0.05981	0.09464	0.00939	0.00844	0.11097	0.10341	0.20969	0.12593	0.02332	0.04618	0.08189	0.00746	0.00196	0.00466	0.02541	0.00491	0.04581
8	0.05302	0.42704	0.14672	0.01075	0.03064	0.08739	0.01050	0.03733	0.01201	0.07510	0.02637	0.01234	0.04004	0.00541	0.00419	0.00136	0.00603	0.00382	0.00295	0.00698
9	0.06011	0.05171	0.51851	0.01370	0.03925	0.06081	0.01561	0.01750	0.04315	0.06420	0.05811	0.01339	0.01015	0.00556	0.00496	0.00163	0.00691	0.00432	0.00295	0.00748
10	0.00992	0.00595	0.00683	0.00650	0.00785	0.00628	0.00495	0.07321	0.01168	0.01873	0.05959	0.02119	0.01543	0.05147	0.19046	0.00317	0.00561	0.00548	0.49055	0.00514
11	0.14297	0.01223	0.05941	0.00978	0.01334	0.08446	0.00829	0.09872	0.10356	0.26972	0.09274	0.01864	0.04974	0.00689	0.00508	0.00163	0.00494	0.00539	0.00501	0.00748
12	0.05201	0.08921	0.05884	0.31722	0.14504	0.01144	0.02210	0.01452	0.01120	0.06029	0.03788	0.03537	0.01134	0.00670	0.00574	0.03269	0.00601	0.05655	0.00304	0.02279
13	0.01170	0.07078	0.09177	0.02912	0.04855	0.04870	0.17570	0.01462	0.03197	0.01476	0.01071	0.03012	0.00959	0.08157	0.02058	0.00219	0.22826	0.00525	0.04872	0.02534
14	0.00907	0.02879	0.00825	0.00782	0.02909	0.01990	0.00522	0.03689	0.02991	0.01328	0.01715	0.08063	0.03691	0.42435	0.10754	0.00423	0.04598	0.00719	0.08341	0.00441
15	0.48846	0.08231	0.19019	0.00972	0.01415	0.03416	0.02558	0.04674	0.01070	0.02105	0.03005	0.01037	0.00750	0.00513	0.00396	0.00160	0.00536	0.00346	0.00308	0.00645

[dist]
# distance from previous block
# <min> <max>
4	9

[block]
# block no. 4 follows, 46 sequences, length 50
# corresponding to MSA columns:
# 173-222
name=unknown_E
#
# <colnr> <probs for GDERKNQSTAVLIFYWHMCP>
#	G	D	E	R	K	N	Q	S	T	A	V	L	I	F	Y	W	H	M	C	P
0	0.12639	0.22103	0.05133	0.01227	0.04329	0.27854	0.01011	0.07203	0.01272	0.01603	0.00816	0.00983	0.00689	0.00563	0.00584	0.00149	0.10555	0.00351	0.00279	0.00657
1	0.01221	0.08866	0.50459	0.03517	0.04157	0.03903	0.02717	0.06186	0.07910	0.03002	0.02550	0.01256	0.00868	0.00539	0.00499	0.00162	0.00705	0.00424	0.00287	0.00771
2	0.01496	0.00766	0.00976	0.00804	0.01103	0.00660	0.00633	0.01702	0.02347	0.34440	0.11468	0.07323	0.09278	0.06732	0.00701	0.00182	0.00394	0.03142	0.00529	0.15320
3	0.85155	0.01022	0.00777	0.00695	0.01022	0.01186	0.00573	0.01554	0.00900	0.02372	0.00736	0.00859	0.00573	0.00491	0.00327	0.00164	0.00409	0.00286	0.00327	0.00573
4	0.04281	0.06085	0.01538	0.08880	0.05242	0.43251	0.01039	0.08928	0.02597	0.09210	0.01080	0.01290	0.00857	0.00584	0.00491	0.00149	0.00771	0.02711	0.00340	0.00677
5	0.01067	0.00889	0.00939	0.00897	0.01028	0.12974	0.00676	0.01221	0.00988	0.06869	0.01408	0.02082	0.01308	0.14486	0.50013	0.00638	0.01141	0.00558	0.00314	0.00503
6	0.00775	0.00520	0.00597	0.00606	0.00615	0.00520	0.00359	0.00793	0.00802	0.01066	0.01749	0.03643	0.02004	0.75562	0.02547	0.00493	0.00511	0.06176	0.00333	0.00333
7	0.01819	0.00778	0.01046	0.00844	0.01158	0.00682	0.00680	0.02036	0.01500	0.52642	0.25786	0.02557	0.04487	0.00805	0.00563	0.00165	0.00383	0.00679	0.00627	0.00763
8	0.00685	0.00512	0.00632	0.00688	0.00771	0.00475	0.00478	0.00852	0.03382	0.01520	0.17215	0.46717	0.17876	0.04726	0.00734	0.00210	0.00300	0.01271	0.00502	0.00453
9	0.02322	0.00947	0.01253	0.00964	0.01371	0.00852	0.00795	0.07988	0.03243	0.71310	0.02027	0.01764	0.01285	0.00654	0.00532	0.00164	0.00459	0.00529	0.00643	0.00898
10	0.01336	0.01134	0.01237	0.06068	0.05473	0.05239	0.00890	0.08013	0.44843	0.05066	0.05605	0.02210	0.07183	0.00756	0.00548	0.00174	0.00472	0.02498	0.00492	0.00764
11	0.00893	0.00573	0.00734	0.00679	0.00836	0.00518	0.00514	0.01118	0.01445	0.09703	0.58490	0.06443	0.13849	0.01090	0.00616	0.00169	0.00274	0.00952	0.00575	0.00530
12	0.00813	0.00536	0.00632	0.00631	0.00651	0.00541	0.00382	0.03273	0.00842	0.01126	0.01687	0.10322	0.01917	0.61390	0.04457	0.08817	0.00515	0.00791	0.00333	0.00345
13	0.01255	0.01030	0.01175	0.00868	0.01313	0.00882	0.00697	0.14982	0.03286	0.02017	0.01085	0.03351	0.00900	0.00479	0.00428	0.00099	0.00424	0.00383	0.00363	0.64984
14	0.01950	0.01387	0.01494	0.01154	0.01555	0.01524	0.00950	0.68097	0.02349	0.06171	0.01334	0.01340	0.00948	0.00634	0.00518	0.00156	0.00553	0.00479	0.06537	0.00870
15	0.04568	0.03697	0.01330	0.21551	0.07438	0.02693	0.00978	0.20136	0.01445	0.04106	0.01279	0.03574	0.01007	0.00613	0.00511	0.00156	0.02698	0.00490	0.21065	0.00667
16	0.01255	0.01530	0.16677	0.04541	0.62138	0.01249	0.01682	0.01627	0.01184	0.01709	0.00985	0.01274	0.00803	0.00478	0.00519	0.00159	0.00659	0.00456	0.00254	0.00821
17	0.00835	0.00635	0.03712	0.00717	0.00873	0.00531	0.00565	0.01070	0.01404	0.06430	0.57068	0.14101	0.07784	0.01123	0.00620	0.00173	0.00290	0.00990	0.00556	0.00521
18	0.00795	0.00670	0.01092	0.03019	0.01187	0.00651	0.12907	0.00969	0.01091	0.01471	0.10005	0.45452	0.04331	0.07017	0.00832	0.00225	0.02635	0.04727	0.00437	0.00486
19	0.01312	0.01281	0.02072	0.04564	0.71933	0.04233	0.01567	0.01616	0.01212	0.01696	0.01090	0.01387	0.02663	0.00496	0.00524	0.00157	0.00633	0.00481	0.00267	0.00815
20	0.01805	0.26532	0.01884	0.01223	0.01550	0.55896	0.00986	0.01951	0.01370	0.01279	0.00792	0.00921	0.00680	0.00517	0.00435	0.00129	0.00836	0.00323	0.00258	0.00633
21	0.56173	0.03448	0.15750	0.00902	0.01330	0.01210	0.00883	0.05653	0.01077	0.08105	0.00909	0.01002	0.00668	0.00512	0.00387	0.00163	0.00496	0.00335	0.00341	0.00658
22	0.00945	0.00587	0.00749	0.00681	0.00852	0.00528	0.00521	0.01170	0.01453	0.12166	0.56409	0.03842	0.15929	0.01065	0.00612	0.00168	0.00279	0.00925	0.00577	0.00544
23	0.01065	0.01017	0.01748	0.62986	0.17332	0.01196	0.04367	0.01414	0.01091	0.01433	0.00955	0.01391	0.00733	0.00515	0.00531	0.00173	0.00698	0.00476	0.00241	0.00638
24	0.00644	0.00477	0.00597	0.00691	0.00750	0.00435	0.00468	0.00742	0.01042	0.01354	0.03352	0.63567	0.18068	0.04241	0.00732	0.00217	0.00306	0.01402	0.00485	0.00429
25	0.02010	0.01481	0.01587	0.01216	0.01639	0.01639	0.01005	0.76360	0.02486	0.03332	0.01269	0.01269	0.00899	0.00635	0.00529	0.00159	0.00582	0.00476	0.00529	0.00899
26	0.03601	0.00935	0.01149	0.06764	0.01353	0.01016	0.02194	0.28620	0.04398	0.02032	0.02641	0.10912	0.01354	0.01147	0.01023	0.26072	0.00507	0.03302	0.00400	0.00580
27	0.07628	0.15571	0.01578	0.01106	0.01427	0.30772	0.00896	0.16342	0.03556	0.04428	0.06634	0.01302	0.01099	0.00600	0.00487	0.00144	0.02172	0.00419	0.03157	0.00680
28	0.00643	0.00462	0.00611	0.00730	0.00765	0.00430	0.00488	0.00737	0.01018	0.01352	0.02990	0.78699	0.05824	0.01646	0.00673	0.00214	0.00305	0.01491	0.00491	0.00430
29	0.01826	0.01191	0.01352	0.02568	0.01466	0.01281	0.00883	0.48306	0.02009	0.15426	0.01491	0.03680	0.01106	0.00951	0.07352	0.00219	0.00601	0.00522	0.06957	0.00812
30	0.00957	0.00661	0.00771	0.02228	0.00893	0.04206	0.00571	0.03087	0.01002	0.01525	0.01443	0.01966	0.01265	0.06388	0.30591	0.07615	0.02681	0.00524	0.31152	0.00473
31	0.09500	0.01131	0.01200	0.01031	0.01349	0.01267	0.00822	0.19287	0.40957	0.06424	0.07377	0.01966	0.01627	0.00723	0.00528	0.00173	0.00446	0.02876	0.00523	0.00793
32	0.00749	0.00537	0.00732	0.00851	0.00932	0.00521	0.00672	0.00919	0.01121	0.01470	0.02920	0.40910	0.05240	0.01548	0.00702	0.00228	0.00397	0.38601	0.00489	0.00459
33	0.85155	0.01022	0.00777	0.00695	0.01022	0.01186	0.00573	0.01554	0.00900	0.02372	0.00736	0.00859	0.00573	0.00491	0.00327	0.00164	0.00409	0.00286	0.00327	0.00573
34	0.01201	0.00878	0.00896	0.00805	0.00972	0.06747	0.00612	0.16366	0.01309	0.01897	0.01460	0.01948	0.01259	0.12391	0.14364	0.02013	0.02662	0.00527	0.31140	0.00553
35	0.01084	0.00927	0.01083	0.00782	0.01240	0.00697	0.00623	0.01315	0.01094	0.01713	0.00992	0.03219	0.00855	0.00425	0.00399	0.00082	0.00389	0.00345	0.00318	0.82417
36	0.01589	0.05010	0.01216	0.00921	0.01250	0.00982	0.00745	0.16137	0.09616	0.24703	0.18850	0.05294	0.02099	0.00759	0.00536	0.00157	0.00421	0.00630	0.00542	0.08544
37	0.01365	0.00975	0.01109	0.00931	0.01214	0.00995	0.00739	0.32428	0.01761	0.06374	0.13980	0.14789	0.09108	0.00942	0.00572	0.00167	0.00431	0.03656	0.00514	0.07953
38	0.83185	0.01019	0.00788	0.00701	0.01030	0.01176	0.00577	0.01578	0.00914	0.04184	0.00768	0.00881	0.00590	0.00495	0.00332	0.00164	0.00410	0.00292	0.00335	0.00580
39	0.02381	0.01004	0.01554	0.57453	0.05106	0.01200	0.03799	0.06118	0.09727	0.01621	0.01187	0.01525	0.02074	0.00566	0.00528	0.00174	0.00647	0.00498	0.02197	0.00641
40	0.01204	0.00906	0.01004	0.00856	0.01132	0.00916	0.00672	0.18524	0.14768	0.05626	0.15309	0.06215	0.21295	0.00924	0.00564	0.00164	0.00384	0.00771	0.00514	0.08251
41	0.00833	0.00558	0.00707	0.00700	0.00829	0.00513	0.00513	0.01050	0.03373	0.07307	0.38084	0.27104	0.13923	0.01248	0.00630	0.00183	0.00288	0.01102	0.00546	0.00509
42	0.00856	0.00582	0.00652	0.00628	0.00660	0.00593	0.00376	0.06306	0.00902	0.01204	0.01674	0.05596	0.01894	0.73142	0.02473	0.00478	0.00512	0.00769	0.00341	0.00366
43	0.00707	0.00532	0.00646	0.00630	0.00756	0.00480	0.00462	0.00900	0.01343	0.01815	0.48286	0.09894	0.25094	0.05223	0.00731	0.00191	0.00272	0.01031	0.00537	0.00470
44	0.01308	0.01091	0.01263	0.01081	0.01271	0.06875	0.02911	0.21826	0.01374	0.01904	0.01224	0.01624	0.01051	0.05306	0.22148	0.00371	0.16667	0.00507	0.09576	0.00622
45	0.01179	0.00931	0.01101	0.00839	0.01238	0.00780	0.00665	0.04813	0.04262	0.06203	0.01254	0.08946	0.01113	0.00572	0.00484	0.00109	0.03060	0.00465	0.00366	0.61620
46	0.00657	0.00511	0.00598	0.00632	0.00748	0.00452	0.00453	0.00801	0.01200	0.01547	0.19779	0.30953	0.36992	0.01394	0.00642	0.00188	0.00277	0.01215	0.00510	0.00452
47	0.08743	0.01273	0.07289	0.07528	0.10457	0.04457	0.22166	0.07278	0.01235	0.03757	0.01133	0.01433	0.00891	0.00959	0.10853	0.00252	0.00775	0.00498	0.06347	0.02675
48	0.08769	0.10824	0.01514	0.04030	0.09044	0.10694	0.00945	0.14485	0.18296	0.04578	0.02901	0.04934	0.01182	0.00650	0.00520	0.00160	0.02668	0.00504	0.02570	0.00732
49	0.05763	0.01174	0.03553	0.01406	0.01738	0.01189	0.25266	0.11645	0.03266	0.01820	0.01219	0.06221	0.01087	0.05591	0.02914	0.01810	0.12235	0.01964	0.00332	0.09807

[dist]
# distance from previous block
# <min> <max>
0	19

[block]
# block no. 5 follows, 46 sequences, length 20
# corresponding to MSA columns:
# 243-262
name=unknown_F
#
# <colnr> <probs for GDERKNQSTAVLIFYWHMCP>
#	G	D	E	R	K	N	Q	S	T	A	V	L	I	F	Y	W	H	M	C	P
0	0.05953	0.02254	0.00988	0.00882	0.02708	0.05383	0.00665	0.07083	0.07587	0.14470	0.27589	0.10787	0.09628	0.00943	0.00568	0.00169	0.00392	0.00797	0.00523	0.00631
1	0.05981	0.12985	0.05949	0.01229	0.03268	0.25317	0.03766	0.14798	0.03061	0.04187	0.01131	0.06213	0.00966	0.00638	0.00547	0.00154	0.05032	0.00467	0.03629	0.00684
2	0.08649	0.01998	0.01135	0.04955	0.01275	0.00996	0.03950	0.12399	0.03287	0.01840	0.01633	0.03822	0.08612	0.04342	0.08828	0.03374	0.09398	0.00559	0.10421	0.08528
3	0.00846	0.00585	0.00716	0.00744	0.00842	0.00564	0.00520	0.07495	0.01186	0.04405	0.07620	0.50381	0.10753	0.09706	0.00857	0.00232	0.00350	0.01226	0.00488	0.00483
4	0.01422	0.01056	0.01269	0.14061	0.01682	0.01143	0.00897	0.32789	0.04905	0.04235	0.06269	0.08610	0.01421	0.00837	0.02258	0.03527	0.00526	0.00591	0.04881	0.07619
5	0.00812	0.00616	0.00819	0.00779	0.00915	0.00586	0.03529	0.06348	0.01367	0.01866	0.37219	0.29984	0.10637	0.01242	0.00634	0.00184	0.00320	0.01109	0.00526	0.00508
6	0.01102	0.09529	0.01275	0.03892	0.01237	0.03307	0.02666	0.09930	0.01186	0.01630	0.01746	0.06545	0.08945	0.01518	0.17480	0.00317	0.13025	0.03663	0.10434	0.00573
7	0.01592	0.05025	0.06651	0.04983	0.24446	0.21069	0.03559	0.09983	0.04634	0.07959	0.01120	0.01289	0.00871	0.00677	0.03697	0.00182	0.00732	0.00444	0.00333	0.00753
8	0.00992	0.00517	0.00532	0.00524	0.00648	0.00524	0.00392	0.02819	0.01118	0.01942	0.01702	0.02009	0.01363	0.03402	0.03293	0.00163	0.00304	0.00504	0.76756	0.00495
9	0.01322	0.02905	0.12594	0.05479	0.44683	0.03163	0.04404	0.09609	0.01314	0.01850	0.01052	0.01321	0.00844	0.00617	0.03113	0.00180	0.00675	0.00464	0.03623	0.00788
10	0.01297	0.27248	0.41829	0.01331	0.01933	0.11633	0.04652	0.01703	0.01158	0.01492	0.00870	0.01025	0.00679	0.00490	0.00453	0.00147	0.00741	0.00360	0.00232	0.00725
11	0.00650	0.00473	0.00601	0.00700	0.00747	0.00437	0.00468	0.00741	0.01021	0.01338	0.03143	0.66194	0.12904	0.06927	0.00803	0.00230	0.00315	0.01405	0.00479	0.00424
12	0.01091	0.00898	0.01072	0.00975	0.01117	0.05680	0.00771	0.12504	0.01161	0.01623	0.02880	0.01824	0.01225	0.04386	0.42790	0.00542	0.12081	0.00532	0.06289	0.00558
13	0.00650	0.00468	0.00616	0.00723	0.00766	0.00435	0.00488	0.00754	0.01052	0.01404	0.08002	0.72865	0.06607	0.01605	0.00669	0.00210	0.00301	0.01451	0.00497	0.00435
14	0.02758	0.05415	0.26100	0.12848	0.09360	0.08663	0.04794	0.14594	0.01384	0.01856	0.01122	0.06659	0.00930	0.00604	0.00517	0.00164	0.00694	0.00500	0.00309	0.00728
15	0.00706	0.00501	0.00662	0.00744	0.00806	0.00461	0.00512	0.00793	0.01001	0.01350	0.02615	0.64589	0.03085	0.03758	0.00802	0.05578	0.00337	0.05215	0.00457	0.06025
16	0.00934	0.00612	0.00749	0.00708	0.00869	0.00580	0.00532	0.01252	0.08059	0.09064	0.39053	0.14207	0.13839	0.01093	0.00598	0.00173	0.00293	0.00952	0.05883	0.00549
17	0.01284	0.01032	0.01196	0.00916	0.01300	0.00965	0.00736	0.20566	0.01430	0.02076	0.03488	0.03166	0.01057	0.02189	0.05794	0.00170	0.03886	0.00433	0.00376	0.47939
18	0.01138	0.02613	0.01079	0.09011	0.03183	0.00880	0.00729	0.16626	0.01371	0.03967	0.09110	0.15768	0.05140	0.13283	0.00875	0.00214	0.00457	0.00746	0.01825	0.11987
19	0.03652	0.04419	0.06256	0.10932	0.33524	0.16282	0.06106	0.01739	0.06016	0.01619	0.01133	0.01407	0.02531	0.00540	0.00514	0.00159	0.00693	0.01466	0.00285	0.00729

[dist]
# distance from previous block
# <min> <max>
24	84

[block]
# block no. 6 follows, 46 sequences, length 47
# corresponding to MSA columns:
# 361-407
name=unknown_G
#
# <colnr> <probs for GDERKNQSTAVLIFYWHMCP>
#	G	D	E	R	K	N	Q	S	T	A	V	L	I	F	Y	W	H	M	C	P
0	0.01368	0.01169	0.04430	0.03741	0.05908	0.01154	0.11341	0.21571	0.13583	0.05588	0.01842	0.12159	0.04893	0.00801	0.00570	0.00175	0.00544	0.04480	0.00446	0.04236
1	0.01331	0.04574	0.01185	0.05305	0.04181	0.02272	0.00783	0.21267	0.05114	0.05237	0.07174	0.03334	0.02670	0.04830	0.04188	0.00202	0.02041	0.02755	0.17053	0.04504
2	0.00933	0.00762	0.06326	0.00777	0.00923	0.00645	0.00602	0.06688	0.02401	0.05099	0.14029	0.23534	0.05434	0.23414	0.01267	0.04893	0.00425	0.00925	0.00436	0.00489
3	0.01602	0.40125	0.05714	0.01049	0.01455	0.18701	0.00949	0.07159	0.04400	0.07963	0.01157	0.01210	0.03810	0.00549	0.00427	0.00133	0.00631	0.00381	0.00318	0.02265
4	0.03931	0.01197	0.04890	0.01058	0.01413	0.01184	0.03466	0.33940	0.04171	0.03615	0.07078	0.03425	0.09791	0.00859	0.03557	0.00184	0.04189	0.00584	0.00451	0.11016
5	0.01215	0.00839	0.00956	0.00836	0.01029	0.00885	0.00624	0.19736	0.08161	0.06908	0.07536	0.05245	0.07177	0.25474	0.08912	0.00338	0.00556	0.00703	0.02279	0.00591
6	0.01358	0.35459	0.07220	0.00992	0.01348	0.11444	0.00896	0.01759	0.14596	0.03808	0.01393	0.05079	0.04499	0.02758	0.00592	0.04771	0.00568	0.00476	0.00327	0.00657
7	0.00996	0.00609	0.00736	0.00702	0.00891	0.00542	0.00541	0.01189	0.02757	0.15582	0.15307	0.15232	0.34803	0.01217	0.00621	0.00184	0.00323	0.06686	0.00535	0.00545
8	0.01280	0.01250	0.08025	0.24816	0.27842	0.01206	0.05195	0.07315	0.06431	0.05969	0.03332	0.01536	0.02330	0.00560	0.00535	0.00167	0.00632	0.00509	0.00324	0.00746
9	0.01115	0.01812	0.39868	0.01285	0.03473	0.01075	0.03407	0.13473	0.01319	0.01863	0.04544	0.16872	0.01505	0.05193	0.00668	0.00194	0.00620	0.00672	0.00346	0.00695
10	0.06007	0.00787	0.00958	0.00808	0.01070	0.00750	0.00640	0.10304	0.01544	0.26211	0.31964	0.05023	0.09930	0.00902	0.00569	0.00167	0.00363	0.00760	0.00573	0.00669
11	0.00689	0.00512	0.00702	0.00872	0.05002	0.00482	0.00558	0.00797	0.01030	0.01374	0.02854	0.70584	0.05522	0.03067	0.00704	0.00217	0.00333	0.03772	0.00475	0.00452
12	0.22564	0.04536	0.14069	0.04614	0.04733	0.01095	0.00973	0.08483	0.03120	0.16401	0.12883	0.01656	0.01475	0.00631	0.00481	0.00163	0.00499	0.00492	0.00422	0.00709
13	0.01476	0.63605	0.02501	0.01099	0.05586	0.13521	0.00955	0.01649	0.01139	0.01277	0.00778	0.00918	0.00703	0.00550	0.02242	0.00136	0.00647	0.00308	0.00236	0.00672
14	0.01151	0.18098	0.57154	0.01540	0.08687	0.01400	0.01719	0.01652	0.01116	0.01594	0.00911	0.01080	0.00686	0.00490	0.00472	0.00156	0.00726	0.00376	0.00227	0.00766
15	0.01523	0.01428	0.05271	0.03682	0.24539	0.07211	0.02459	0.25754	0.07676	0.02207	0.02886	0.01553	0.01065	0.00639	0.00626	0.00168	0.06655	0.03488	0.00382	0.00789
16	0.03246	0.00979	0.01097	0.00924	0.01211	0.01024	0.00741	0.26402	0.11452	0.10495	0.18591	0.02702	0.11907	0.00867	0.00564	0.00169	0.00419	0.04001	0.02496	0.00712
17	0.01365	0.01418	0.01817	0.17313	0.43941	0.17410	0.01402	0.01644	0.01233	0.01570	0.01044	0.01339	0.02016	0.00516	0.00510	0.00155	0.00690	0.00455	0.03436	0.00724
18	0.02464	0.05820	0.19564	0.04709	0.33353	0.04885	0.07592	0.05734	0.03690	0.01750	0.01104	0.04950	0.00924	0.00553	0.00520	0.00162	0.00672	0.00499	0.00286	0.00768
19	0.00728	0.00531	0.00678	0.00770	0.00829	0.00517	0.00527	0.03791	0.04555	0.01467	0.02815	0.74332	0.03309	0.01573	0.00663	0.00211	0.00323	0.01421	0.00494	0.00466
20	0.00686	0.00498	0.00674	0.04418	0.00913	0.00478	0.00550	0.00793	0.01041	0.01378	0.05660	0.63016	0.07366	0.01562	0.00723	0.03635	0.00337	0.05366	0.00471	0.00435
21	0.01218	0.01653	0.16947	0.02179	0.08898	0.01310	0.56379	0.01684	0.01220	0.01693	0.01041	0.01359	0.00781	0.00458	0.00593	0.00175	0.00849	0.00568	0.00259	0.00736
22	0.05941	0.01125	0.01177	0.03638	0.04923	0.05592	0.00833	0.06408	0.42457	0.07415	0.02306	0.02195	0.12207	0.00757	0.00533	0.00172	0.00457	0.00618	0.00490	0.00754
23	0.00991	0.00596	0.00664	0.00634	0.00765	0.00623	0.00473	0.06341	0.03565	0.01797	0.01788	0.02218	0.04871	0.09380	0.12766	0.03587	0.00490	0.00561	0.47393	0.00499
24	0.02051	0.00921	0.01186	0.00945	0.01312	0.00861	0.00768	0.04359	0.13677	0.57658	0.08694	0.02001	0.01669	0.00701	0.00541	0.00166	0.00431	0.00578	0.00626	0.00855
25	0.03827	0.01069	0.01233	0.01056	0.03435	0.02858	0.00821	0.20650	0.16301	0.23827	0.13461	0.01988	0.01788	0.00869	0.04195	0.00197	0.00506	0.00585	0.00544	0.00789
26	0.01496	0.01260	0.01599	0.26575	0.05811	0.04923	0.04515	0.33654	0.05228	0.02269	0.01238	0.04844	0.00976	0.00708	0.02405	0.00184	0.00654	0.00527	0.00392	0.00742
27	0.02958	0.00625	0.04294	0.00746	0.00809	0.00566	0.00549	0.04152	0.00805	0.01110	0.01009	0.03370	0.01001	0.05378	0.01883	0.69223	0.00477	0.00490	0.00255	0.00302
28	0.00644	0.00460	0.00613	0.00736	0.00767	0.00429	0.00491	0.00736	0.01012	0.01350	0.02914	0.81076	0.03497	0.01656	0.00675	0.00215	0.00307	0.01503	0.00491	0.00429
29	0.02595	0.00868	0.01038	0.06491	0.01247	0.06603	0.00774	0.06376	0.01090	0.05730	0.01331	0.01776	0.01143	0.03362	0.38118	0.00494	0.08341	0.00513	0.11552	0.00555
30	0.32701	0.01231	0.01250	0.01071	0.04864	0.01348	0.00832	0.34664	0.04741	0.04979	0.01096	0.01151	0.00808	0.00560	0.00444	0.00156	0.00496	0.00400	0.00431	0.06776
31	0.00997	0.00908	0.01507	0.74441	0.03424	0.01126	0.01389	0.01342	0.01061	0.01395	0.00996	0.01450	0.00751	0.00535	0.00517	0.00172	0.00672	0.00471	0.06265	0.00580
32	0.01237	0.00989	0.01094	0.02422	0.01173	0.06122	0.00767	0.16156	0.01335	0.04300	0.01927	0.02158	0.13666	0.03454	0.11019	0.00268	0.16113	0.00594	0.14609	0.00598
33	0.00653	0.00465	0.00617	0.00728	0.00762	0.00435	0.00486	0.00749	0.01027	0.01375	0.06305	0.75168	0.03517	0.04073	0.00734	0.00222	0.00310	0.01455	0.00490	0.00429
34	0.00651	0.00465	0.00613	0.00725	0.00759	0.00434	0.00483	0.00744	0.01018	0.01357	0.04659	0.74889	0.04903	0.04647	0.00749	0.00224	0.00312	0.01455	0.00486	0.00427
35	0.01159	0.04590	0.01465	0.07392	0.13440	0.01092	0.05323	0.08232	0.02353	0.01726	0.01297	0.06416	0.02142	0.00983	0.08178	0.00225	0.11443	0.00539	0.11758	0.10249
36	0.82627	0.01019	0.00791	0.00703	0.01032	0.01173	0.00579	0.01585	0.00918	0.04696	0.00777	0.00888	0.00595	0.00496	0.00333	0.00164	0.00410	0.00294	0.00337	0.00583
37	0.01975	0.02520	0.01498	0.01362	0.01634	0.79299	0.01021	0.02111	0.01498	0.01294	0.00817	0.00953	0.00681	0.00545	0.00477	0.00136	0.00953	0.00340	0.00272	0.00613
38	0.00722	0.00521	0.00645	0.00689	0.00753	0.00503	0.00466	0.02714	0.01051	0.01398	0.09699	0.40114	0.11767	0.19945	0.06248	0.00314	0.00423	0.01152	0.00448	0.00428
39	0.00738	0.00539	0.00686	0.00650	0.00773	0.00495	0.00482	0.00966	0.01437	0.02009	0.68001	0.04025	0.11193	0.04830	0.00720	0.00183	0.00263	0.00961	0.00562	0.00486
40	0.01530	0.00983	0.01141	0.00943	0.01255	0.02728	0.00759	0.12042	0.12722	0.23000	0.09608	0.02351	0.10129	0.00791	0.00607	0.00163	0.04804	0.03401	0.00517	0.10527
41	0.00712	0.00526	0.00626	0.00631	0.00749	0.00472	0.00452	0.00867	0.01235	0.02796	0.30064	0.19626	0.29419	0.08440	0.00817	0.00211	0.00294	0.01097	0.00510	0.00457
42	0.01263	0.01034	0.01178	0.00873	0.01315	0.00893	0.00701	0.15664	0.03689	0.02033	0.01100	0.03599	0.00913	0.00486	0.00431	0.00101	0.00426	0.00389	0.00367	0.63544
43	0.00716	0.00560	0.00694	0.04254	0.00950	0.00522	0.00579	0.00899	0.01225	0.01570	0.17148	0.16058	0.34060	0.01330	0.00651	0.00196	0.00338	0.17288	0.00495	0.00468
44	0.03289	0.00518	0.00621	0.00680	0.00744	0.00524	0.00474	0.00930	0.01014	0.01539	0.02333	0.47424	0.02570	0.06223	0.00743	0.00205	0.03557	0.01083	0.25079	0.00452
45	0.31022	0.01419	0.04868	0.01051	0.01448	0.04937	0.00895	0.42009	0.03248	0.02807	0.01065	0.01118	0.00778	0.00576	0.00455	0.00160	0.00544	0.00402	0.00433	0.00765
46	0.02877	0.07219	0.24069	0.11703	0.21588	0.01282	0.11418	0.01669	0.01160	0.07493	0.01034	0.01273	0.00783	0.00514	0.00561	0.00166	0.03707	0.00456	0.00276	0.00753

[dist]
# distance from previous block
# <min> <max>
0	1

[block]
# block no. 7 follows, 46 sequences, length 11
# corresponding to MSA columns:
# 409-419
name=unknown_H
#
# <colnr> <probs for GDERKNQSTAVLIFYWHMCP>
#	G	D	E	R	K	N	Q	S	T	A	V	L	I	F	Y	W	H	M	C	P
0	0.01167	0.00706	0.00757	0.00683	0.00848	0.00739	0.00516	0.17530	0.01350	0.02090	0.01638	0.06200	0.01396	0.07912	0.00724	0.05024	0.00359	0.00566	0.49247	0.00548
1	0.00863	0.00646	0.00728	0.00744	0.00873	0.02778	0.00553	0.01116	0.07450	0.04341	0.10086	0.20410	0.20377	0.12153	0.00910	0.00237	0.00379	0.12199	0.02666	0.00492
2	0.00767	0.00515	0.00594	0.00607	0.00615	0.00514	0.00359	0.00786	0.00806	0.01073	0.01792	0.07471	0.02064	0.72924	0.02479	0.00482	0.00501	0.04977	0.00338	0.00335
3	0.00992	0.00931	0.03293	0.18708	0.04993	0.00956	0.15611	0.01343	0.05240	0.01629	0.08897	0.15344	0.03807	0.00819	0.00637	0.00179	0.05285	0.00746	0.10001	0.00589
4	0.00748	0.00540	0.00707	0.00665	0.00790	0.00499	0.00499	0.00998	0.01496	0.02120	0.77844	0.03949	0.04988	0.01081	0.00624	0.00166	0.00249	0.00956	0.00582	0.00499
5	0.01098	0.03617	0.12865	0.04809	0.10615	0.00959	0.02378	0.03919	0.11846	0.05830	0.14184	0.06238	0.10768	0.00869	0.00573	0.00177	0.00488	0.07671	0.00430	0.00666
6	0.48193	0.05553	0.05521	0.08697	0.01479	0.04386	0.00842	0.06758	0.01123	0.09232	0.00932	0.01056	0.00696	0.00534	0.00441	0.00163	0.03047	0.00354	0.00346	0.00646
7	0.06521	0.00896	0.01156	0.00996	0.04220	0.00839	0.00765	0.04450	0.07635	0.51200	0.05867	0.07981	0.03554	0.00758	0.00538	0.00169	0.00430	0.00630	0.00588	0.00807
8	0.04625	0.11531	0.16209	0.06993	0.26031	0.09615	0.01347	0.09101	0.01321	0.01782	0.04137	0.01353	0.02627	0.00547	0.00491	0.00154	0.00652	0.00446	0.00297	0.00741
9	0.02700	0.03138	0.03793	0.01725	0.24439	0.01046	0.09646	0.05990	0.05527	0.03482	0.03649	0.04942	0.07628	0.03804	0.00611	0.00167	0.00539	0.01873	0.00353	0.14950
10	0.01032	0.10656	0.01295	0.03202	0.04435	0.00903	0.06244	0.05848	0.02906	0.04523	0.04010	0.29788	0.06467	0.04142	0.04901	0.00224	0.00504	0.02537	0.00408	0.05973

[dist]
# distance from previous block
# <min> <max>
4	37

[block]
# block no. 8 follows, 46 sequences, length 16
# corresponding to MSA columns:
# 457-472
name=unknown_I
#
# <colnr> <probs for GDERKNQSTAVLIFYWHMCP>
#	G	D	E	R	K	N	Q	S	T	A	V	L	I	F	Y	W	H	M	C	P
0	0.00707	0.00539	0.00653	0.00647	0.00785	0.00485	0.00491	0.00908	0.01349	0.01799	0.43090	0.08635	0.30081	0.01229	0.00635	0.00179	0.00276	0.06498	0.00538	0.00476
1	0.03303	0.40138	0.05019	0.01210	0.05500	0.24472	0.01013	0.07342	0.04801	0.01522	0.00885	0.00996	0.00744	0.00509	0.00418	0.00132	0.00681	0.00342	0.00280	0.00693
2	0.02677	0.01048	0.01485	0.16853	0.01852	0.03585	0.08081	0.08505	0.04745	0.06308	0.01233	0.07333	0.01076	0.01004	0.05287	0.05789	0.19741	0.00568	0.02216	0.00614
3	0.10372	0.04580	0.21317	0.07061	0.17103	0.08723	0.01283	0.01747	0.09670	0.04390	0.01337	0.05360	0.03620	0.00614	0.00499	0.00164	0.00620	0.00501	0.00321	0.00718
4	0.01315	0.01136	0.01195	0.01076	0.01375	0.01315	0.00837	0.02809	0.77168	0.02211	0.02152	0.01972	0.01614	0.00717	0.00538	0.00179	0.00418	0.00598	0.00538	0.00837
5	0.01294	0.01422	0.08856	0.08706	0.62370	0.04831	0.01613	0.01629	0.01199	0.01675	0.00978	0.01283	0.00806	0.00481	0.00520	0.00158	0.00662	0.00458	0.00257	0.00804
6	0.00722	0.00539	0.00671	0.00638	0.00774	0.00488	0.00478	0.00947	0.01435	0.01974	0.62598	0.04188	0.20325	0.01135	0.00624	0.00169	0.00253	0.00990	0.00563	0.00488
7	0.01107	0.02950	0.01328	0.01202	0.05271	0.02810	0.02456	0.04148	0.06645	0.02552	0.04591	0.01841	0.02695	0.08912	0.15697	0.00346	0.31107	0.00554	0.03207	0.00581
8	0.00664	0.00476	0.00600	0.00692	0.00729	0.00445	0.00454	0.00744	0.00986	0.01300	0.02904	0.61199	0.09515	0.15454	0.01020	0.00263	0.00339	0.01343	0.00461	0.00412
9	0.01273	0.01054	0.01225	0.04439	0.01314	0.05050	0.00856	0.21913	0.01369	0.01881	0.01425	0.14238	0.01391	0.08314	0.05875	0.00257	0.20722	0.00662	0.06132	0.00610
10	0.08792	0.11461	0.01237	0.00891	0.01142	0.01052	0.00715	0.12551	0.01271	0.04650	0.05418	0.26440	0.01844	0.00931	0.00616	0.00166	0.06973	0.00758	0.00411	0.12680
11	0.01394	0.01148	0.01402	0.01063	0.01489	0.01100	0.06855	0.24086	0.10616	0.02250	0.01262	0.04048	0.01013	0.00552	0.00479	0.00127	0.00489	0.00462	0.00407	0.39757
12	0.05858	0.01030	0.01250	0.01066	0.01349	0.01099	0.05894	0.25649	0.13681	0.04943	0.08064	0.14926	0.03347	0.00926	0.00580	0.00183	0.00477	0.08480	0.00499	0.00700
13	0.03235	0.13761	0.01459	0.03593	0.04021	0.26521	0.00863	0.06553	0.09690	0.02957	0.06916	0.05361	0.01352	0.02560	0.00529	0.00155	0.00611	0.00503	0.06973	0.02388
14	0.01266	0.02958	0.03592	0.05399	0.07069	0.03671	0.00899	0.13317	0.11037	0.07646	0.02009	0.20335	0.03322	0.00963	0.00579	0.00182	0.00490	0.10540	0.00454	0.04272
15	0.01456	0.05828	0.11541	0.01373	0.13589	0.03500	0.01053	0.05296	0.09511	0.19084	0.13387	0.02078	0.01755	0.00697	0.00534	0.00163	0.00516	0.04521	0.00449	0.03671

[dist]
# distance from previous block
# <min> <max>
9	26

[block]
# block no. 9 follows, 46 sequences, length 7
# corresponding to MSA columns:
# 501-507
name=unknown_J
#
# <colnr> <probs for GDERKNQSTAVLIFYWHMCP>
#	G	D	E	R	K	N	Q	S	T	A	V	L	I	F	Y	W	H	M	C	P
0	0.09857	0.07746	0.11937	0.10101	0.15859	0.05418	0.04805	0.01580	0.04741	0.04106	0.03390	0.03071	0.01041	0.02545	0.07147	0.00222	0.00678	0.00476	0.00304	0.04975
1	0.08480	0.20408	0.09356	0.01147	0.03891	0.15129	0.00992	0.12332	0.01347	0.04853	0.05014	0.01353	0.01038	0.04638	0.02967	0.00188	0.05435	0.00426	0.00329	0.00675
2	0.04845	0.01008	0.05690	0.01054	0.07881	0.04844	0.00783	0.06590	0.08541	0.09281	0.14944	0.05298	0.16295	0.04457	0.00647	0.00183	0.00437	0.02066	0.04524	0.00632
