[name]
unknown

[dist]
# distance from previous block
# <min> <max>
0	1

[block]
# block no. 0 follows, 46 sequences, length 30
# corresponding to MSA columns:
# 1-30
name=unknown_A
#
# <colnr> <probs for GDERKNQSTAVLIFYWHMCP>
#	G	D	E	R	K	N	Q	S	T	A	V	L	I	F	Y	W	H	M	C	P
0	0.00920	0.00660	0.00895	0.00988	0.01127	0.00669	0.00861	0.05538	0.01292	0.01685	0.02709	0.05686	0.02916	0.01412	0.00718	0.00238	0.00492	0.70192	0.00489	0.00511
1	0.02095	0.01345	0.01502	0.01152	0.01571	0.01437	0.00951	0.59069	0.02258	0.20945	0.01461	0.01393	0.00995	0.00639	0.00530	0.00160	0.00551	0.00489	0.00558	0.00899
2	0.12768	0.00937	0.01145	0.00906	0.01271	0.00893	0.00742	0.10626	0.01543	0.50681	0.11237	0.01886	0.01625	0.00684	0.00516	0.00163	0.00435	0.00547	0.00589	0.00808
3	0.01263	0.01233	0.01988	0.21192	0.57591	0.04377	0.01562	0.01578	0.01181	0.01621	0.00974	0.01318	0.00800	0.00487	0.00523	0.00161	0.00659	0.00465	0.00256	0.00770
4	0.00918	0.00459	0.00689	0.00689	0.00689	0.00459	0.00459	0.00689	0.00689	0.00918	0.00918	0.01607	0.00918	0.01837	0.02066	0.84619	0.00459	0.00459	0.00230	0.00230
5	0.01037	0.00979	0.01655	0.70591	0.12900	0.01185	0.01487	0.01384	0.01075	0.01398	0.00946	0.01397	0.00721	0.00521	0.00528	0.00174	0.00695	0.00470	0.00238	0.00618
6	0.02201	0.01033	0.01482	0.01118	0.01543	0.00950	0.09107	0.12011	0.01610	0.60328	0.01868	0.01690	0.01200	0.00629	0.00541	0.00165	0.00515	0.00535	0.00596	0.00879
7	0.11338	0.00584	0.00695	0.00738	0.00859	0.00563	0.00526	0.01042	0.01068	0.09972	0.02737	0.56631	0.08522	0.01377	0.00612	0.00200	0.00332	0.01215	0.00488	0.00500
8	0.01248	0.01426	0.03119	0.02228	0.02763	0.01337	0.76203	0.01693	0.01248	0.01693	0.01070	0.01426	0.00802	0.00446	0.00624	0.00178	0.00891	0.00624	0.00267	0.00713
9	0.01120	0.01106	0.01611	0.19846	0.01916	0.01515	0.01230	0.01291	0.00868	0.01291	0.00752	0.01216	0.00696	0.00832	0.01452	0.00218	0.61764	0.00464	0.00232	0.00580
10	0.01014	0.00956	0.01614	0.76227	0.07441	0.01179	0.01476	0.01365	0.01065	0.01370	0.00942	0.01404	0.00711	0.00526	0.00528	0.00175	0.00701	0.00470	0.00236	0.00600
11	0.01192	0.01180	0.01743	0.01823	0.19371	0.01534	0.01266	0.01354	0.00902	0.01379	0.00764	0.01192	0.00728	0.00819	0.01451	0.00214	0.61746	0.00465	0.00238	0.00639
12	0.01021	0.00967	0.01649	0.70534	0.09152	0.01169	0.03514	0.01367	0.01072	0.01388	0.00989	0.03103	0.00777	0.00546	0.00534	0.00176	0.00696	0.00496	0.00243	0.00606
13	0.00800	0.00537	0.00806	0.00806	0.00874	0.00606	0.00606	0.00874	0.00806	0.01143	0.01280	0.01949	0.01212	0.03384	0.58233	0.23719	0.01155	0.00537	0.00269	0.00406
14	0.01315	0.01136	0.01195	0.01076	0.01375	0.01315	0.00837	0.02809	0.77168	0.02211	0.02152	0.01972	0.01614	0.00717	0.00538	0.00179	0.00418	0.00598	0.00538	0.00837
15	0.00866	0.09769	0.10736	0.00937	0.01157	0.00889	0.00848	0.01105	0.00907	0.01285	0.01283	0.01822	0.01170	0.03148	0.60835	0.00684	0.01244	0.00513	0.00269	0.00533
16	0.04881	0.01470	0.01655	0.01328	0.01670	0.10775	0.10318	0.31247	0.18033	0.02380	0.01296	0.01374	0.00980	0.00645	0.00661	0.00171	0.09413	0.00496	0.00427	0.00780
17	0.02155	0.01041	0.01299	0.01012	0.01404	0.01014	0.00832	0.21459	0.04694	0.52249	0.01844	0.01684	0.01216	0.00821	0.04551	0.00198	0.00532	0.00522	0.00599	0.00875
18	0.00920	0.00607	0.00741	0.00683	0.00860	0.00555	0.00520	0.01193	0.05268	0.10325	0.44366	0.05807	0.23934	0.01099	0.00611	0.00171	0.00286	0.00947	0.00561	0.00544
19	0.02318	0.00684	0.00815	0.00751	0.00927	0.00667	0.00570	0.10422	0.03349	0.05945	0.38469	0.16132	0.14657	0.01117	0.00609	0.00175	0.00320	0.00968	0.00546	0.00559
20	0.00740	0.00500	0.00585	0.00614	0.00621	0.00493	0.00360	0.00761	0.00826	0.01101	0.01958	0.21650	0.02291	0.62728	0.02218	0.00443	0.00464	0.00941	0.00360	0.00346
21	0.01092	0.00935	0.01148	0.10651	0.01532	0.00777	0.00728	0.03008	0.01110	0.01686	0.00975	0.01230	0.00820	0.03546	0.00501	0.00109	0.00439	0.00354	0.00309	0.69050
22	0.01636	0.01272	0.05714	0.01827	0.23654	0.02240	0.10319	0.11063	0.05006	0.21619	0.01358	0.01440	0.00981	0.00549	0.00543	0.00157	0.01681	0.00492	0.00411	0.08039
23	0.01835	0.01297	0.01491	0.01173	0.01518	0.04256	0.02783	0.41749	0.01880	0.16004	0.01320	0.01414	0.00969	0.02755	0.03393	0.00197	0.10665	0.00486	0.00475	0.04340
24	0.01053	0.00756	0.00905	0.00821	0.00953	0.00825	0.00598	0.18542	0.01203	0.01640	0.01514	0.04032	0.01513	0.34943	0.27822	0.00537	0.00827	0.00647	0.00360	0.00509
25	0.01011	0.00773	0.00903	0.00879	0.02348	0.00799	0.00650	0.12275	0.12784	0.02991	0.12497	0.26874	0.15101	0.02657	0.00670	0.00194	0.01657	0.03844	0.00506	0.00588
26	0.01465	0.14903	0.29338	0.09939	0.02010	0.07385	0.03869	0.04811	0.02392	0.15698	0.02612	0.01300	0.00903	0.00546	0.00490	0.00157	0.00671	0.00429	0.00333	0.00750
27	0.01925	0.01328	0.05105	0.11013	0.03922	0.05547	0.01048	0.32078	0.03029	0.27398	0.01462	0.01448	0.00996	0.00614	0.00526	0.00162	0.00582	0.00484	0.00498	0.00836
28	0.00648	0.00466	0.00608	0.00721	0.00757	0.00433	0.00480	0.00738	0.01012	0.01341	0.02983	0.74612	0.06951	0.04597	0.00747	0.00224	0.00313	0.01457	0.00484	0.00426
29	0.01561	0.07210	0.11992	0.01430	0.02908	0.12693	0.14962	0.13153	0.04614	0.10507	0.01153	0.01300	0.00868	0.00675	0.02806	0.00183	0.08620	0.00468	0.00352	0.02544

[dist]
# distance from previous block
# <min> <max>
2	17

[block]
# block no. 1 follows, 46 sequences, length 38
# corresponding to MSA columns:
# 48-85
name=unknown_B
#
# <colnr> <probs for GDERKNQSTAVLIFYWHMCP>
#	G	D	E	R	K	N	Q	S	T	A	V	L	I	F	Y	W	H	M	C	P
0	0.05290	0.03248	0.01157	0.00923	0.01206	0.01139	0.00733	0.30081	0.10353	0.05550	0.03646	0.03150	0.06129	0.09931	0.01898	0.00208	0.01856	0.00578	0.10097	0.02828
1	0.01343	0.01052	0.01229	0.07499	0.03181	0.01106	0.00840	0.28193	0.11527	0.02295	0.08143	0.11929	0.03306	0.02573	0.00586	0.00167	0.00471	0.00659	0.00462	0.13439
2	0.05652	0.10058	0.01659	0.01580	0.20308	0.11078	0.01041	0.08417	0.04451	0.03886	0.02258	0.01230	0.00890	0.00598	0.01793	0.00154	0.07582	0.00411	0.00322	0.16631
3	0.00754	0.00509	0.00578	0.00588	0.00597	0.00504	0.00337	0.00766	0.00803	0.01065	0.01889	0.09819	0.04569	0.72286	0.02458	0.00477	0.00488	0.00840	0.00340	0.00333
4	0.01010	0.00658	0.00859	0.00792	0.00888	0.00714	0.00581	0.01118	0.00952	0.11308	0.04370	0.02762	0.07942	0.32126	0.21421	0.00478	0.10486	0.00684	0.00367	0.00482
5	0.01499	0.02424	0.01462	0.03219	0.06508	0.06589	0.05827	0.25709	0.06650	0.07250	0.07548	0.09438	0.02540	0.00737	0.00569	0.00161	0.02464	0.00617	0.00447	0.08341
6	0.01286	0.06184	0.23538	0.03294	0.06732	0.07667	0.27235	0.05320	0.01258	0.03544	0.01137	0.06458	0.00939	0.00577	0.00576	0.00169	0.02532	0.00549	0.00288	0.00719
7	0.00645	0.00468	0.00605	0.00714	0.00757	0.00433	0.00478	0.00739	0.01024	0.01349	0.03109	0.72155	0.10344	0.03568	0.00719	0.00219	0.00308	0.01449	0.00487	0.00428
8	0.02918	0.01469	0.05960	0.14743	0.20140	0.18704	0.11381	0.01601	0.01243	0.02996	0.04956	0.09057	0.01231	0.00643	0.00542	0.00165	0.00701	0.00579	0.00305	0.00666
9	0.01437	0.03388	0.21933	0.04752	0.01934	0.14299	0.11192	0.01753	0.01170	0.11539	0.01024	0.01236	0.00780	0.00627	0.00821	0.00178	0.20492	0.00450	0.00296	0.00699
10	0.00693	0.00486	0.00594	0.00660	0.00688	0.00464	0.00417	0.00751	0.00927	0.01225	0.02570	0.45345	0.07549	0.33445	0.01476	0.00331	0.00386	0.01186	0.00423	0.00387
11	0.06366	0.00838	0.05859	0.00752	0.00992	0.00734	0.00630	0.04688	0.11644	0.01902	0.25330	0.03620	0.32586	0.01036	0.00581	0.00172	0.00340	0.00868	0.00497	0.00566
12	0.01877	0.01355	0.01505	0.06325	0.01704	0.01498	0.00990	0.58332	0.09012	0.07974	0.01389	0.01425	0.01000	0.02429	0.00578	0.00170	0.00565	0.00497	0.00514	0.00860
13	0.00693	0.00530	0.00789	0.00845	0.00913	0.00497	0.05467	0.00815	0.01037	0.01383	0.02788	0.72412	0.03299	0.01568	0.00674	0.00214	0.00353	0.04798	0.00476	0.00451
14	0.01664	0.06872	0.01483	0.01222	0.03450	0.38821	0.00930	0.08655	0.14859	0.01716	0.01113	0.01187	0.00886	0.00550	0.00471	0.00135	0.00700	0.00393	0.00346	0.14547
15	0.01966	0.01459	0.01562	0.01208	0.01623	0.01619	0.00994	0.71735	0.07182	0.03261	0.01325	0.01313	0.00944	0.00640	0.00529	0.00160	0.00571	0.00484	0.00529	0.00895
16	0.01079	0.00924	0.00973	0.00893	0.01146	0.01011	0.00689	0.02099	0.50344	0.01977	0.07684	0.03004	0.24146	0.00921	0.00569	0.00178	0.00364	0.00771	0.00527	0.00702
17	0.00751	0.00558	0.00820	0.00826	0.00911	0.00640	0.00630	0.00922	0.00852	0.01220	0.01506	0.06045	0.01468	0.08909	0.70462	0.00796	0.01303	0.00626	0.00296	0.00460
18	0.02205	0.01167	0.01392	0.01067	0.01483	0.01173	0.00882	0.36467	0.01960	0.43968	0.01711	0.01556	0.01120	0.00645	0.00530	0.00161	0.00510	0.00506	0.00597	0.00899
19	0.01248	0.01426	0.03119	0.02228	0.02763	0.01337	0.76203	0.01693	0.01248	0.01693	0.01070	0.01426	0.00802	0.00446	0.00624	0.00178	0.00891	0.00624	0.00267	0.00713
20	0.00698	0.00514	0.00652	0.00669	0.00772	0.00469	0.00482	0.00881	0.01302	0.01777	0.43752	0.28379	0.15100	0.01299	0.00640	0.00183	0.00270	0.01151	0.00540	0.00469
21	0.01673	0.07226	0.04582	0.01073	0.01400	0.26773	0.00881	0.10910	0.07295	0.14732	0.06770	0.01867	0.09322	0.00700	0.00511	0.00153	0.00614	0.00532	0.02292	0.00697
22	0.01496	0.01181	0.03244	0.01303	0.01517	0.03058	0.08003	0.10865	0.01251	0.17181	0.03793	0.03364	0.01083	0.00873	0.03091	0.00213	0.36882	0.00533	0.00377	0.00691
23	0.01570	0.00788	0.01011	0.00854	0.01135	0.00735	0.00686	0.04439	0.07771	0.36548	0.25661	0.02919	0.07197	0.00882	0.00579	0.00171	0.00381	0.05357	0.00598	0.00717
24	0.01301	0.01239	0.02062	0.04996	0.70641	0.01258	0.01561	0.01703	0.06774	0.01753	0.01078	0.01360	0.00891	0.00491	0.00525	0.00159	0.00615	0.00480	0.00281	0.00831
25	0.02967	0.14228	0.01951	0.04685	0.32438	0.16178	0.03697	0.01783	0.03698	0.06592	0.01021	0.01207	0.00824	0.00498	0.00478	0.00144	0.00654	0.00416	0.00296	0.06247
26	0.00671	0.00480	0.00625	0.00707	0.00755	0.00448	0.00477	0.00784	0.01080	0.01457	0.15635	0.60203	0.05308	0.07739	0.00821	0.00229	0.00312	0.01344	0.00493	0.00433
27	0.07578	0.00981	0.01215	0.00950	0.01330	0.00937	0.00780	0.15934	0.01650	0.52613	0.08857	0.01839	0.01526	0.00679	0.00526	0.00163	0.00453	0.00545	0.00603	0.00841
28	0.01909	0.06564	0.01520	0.01118	0.01496	0.06446	0.02567	0.41383	0.01941	0.19712	0.01509	0.07078	0.01167	0.02415	0.00572	0.00167	0.00561	0.00550	0.00507	0.00816
29	0.01965	0.01100	0.01297	0.01019	0.01384	0.01120	0.00826	0.32466	0.05576	0.34232	0.06676	0.01836	0.01435	0.05757	0.00673	0.00184	0.00493	0.00555	0.00572	0.00834
30	0.00751	0.00510	0.00602	0.00618	0.00629	0.00513	0.00368	0.00778	0.00807	0.01083	0.01810	0.13509	0.02083	0.65233	0.08121	0.00499	0.00553	0.00850	0.00340	0.00346
31	0.18643	0.00928	0.00930	0.00837	0.01078	0.04181	0.00649	0.13336	0.07460	0.08038	0.10200	0.17800	0.06793	0.00905	0.00521	0.00172	0.00406	0.00744	0.05755	0.00623
32	0.01262	0.09659	0.34704	0.11245	0.03570	0.08127	0.11860	0.06522	0.01232	0.01652	0.00942	0.01171	0.00713	0.00525	0.00567	0.00165	0.04677	0.00428	0.00256	0.00722
33	0.00676	0.00486	0.00611	0.00681	0.00733	0.00453	0.00455	0.00776	0.01051	0.01399	0.12234	0.51103	0.10780	0.14809	0.00998	0.00255	0.00330	0.01275	0.00474	0.00422
34	0.00683	0.00512	0.00677	0.00761	0.00800	0.00510	0.00525	0.00784	0.01025	0.01376	0.06297	0.67261	0.06799	0.03348	0.00782	0.00218	0.05347	0.01378	0.00475	0.00440
35	0.03647	0.01491	0.06600	0.01374	0.07852	0.10722	0.04726	0.33112	0.03151	0.13817	0.04538	0.04072	0.01171	0.00646	0.00530	0.00161	0.00609	0.00521	0.00459	0.00802
36	0.03134	0.08810	0.01637	0.06599	0.11925	0.20571	0.01052	0.21662	0.05952	0.08337	0.01330	0.01404	0.04085	0.00600	0.00499	0.00152	0.00650	0.00459	0.00389	0.00752
37	0.07892	0.06561	0.12976	0.03180	0.01466	0.03772	0.00946	0.07416	0.09180	0.09146	0.07811	0.01574	0.02412	0.00613	0.00534	0.00148	0.04425	0.00469	0.03171	0.16306

[dist]
# distance from previous block
# <min> <max>
0	9

[block]
# block no. 2 follows, 46 sequences, length 34
# corresponding to MSA columns:
# 95-128
name=unknown_C
#
# <colnr> <probs for GDERKNQSTAVLIFYWHMCP>
#	G	D	E	R	K	N	Q	S	T	A	V	L	I	F	Y	W	H	M	C	P
0	0.06672	0.15791	0.24689	0.03363	0.04850	0.01334	0.06915	0.03065	0.03306	0.09338	0.02862	0.01256	0.00889	0.00555	0.00581	0.00158	0.07603	0.00424	0.00308	0.06039
1	0.05968	0.16502	0.05826	0.01062	0.03234	0.03576	0.02531	0.10827	0.05684	0.20637	0.05729	0.03002	0.02498	0.00665	0.00561	0.02255	0.03042	0.00491	0.00428	0.05481
2	0.01423	0.01027	0.05461	0.00947	0.01242	0.00956	0.00782	0.22662	0.06087	0.14920	0.09245	0.14655	0.05011	0.07657	0.00744	0.00200	0.00459	0.02027	0.00504	0.03992
3	0.00949	0.00579	0.00733	0.00693	0.00854	0.00517	0.00519	0.01139	0.01351	0.13347	0.37849	0.17782	0.19307	0.01174	0.00619	0.00177	0.00294	0.01024	0.00557	0.00536
4	0.01503	0.04157	0.01616	0.06945	0.09880	0.04350	0.07565	0.32284	0.04533	0.03918	0.04032	0.12275	0.01401	0.02377	0.00595	0.00175	0.00578	0.00643	0.00431	0.00744
5	0.01249	0.01199	0.12973	0.01216	0.07736	0.00993	0.03798	0.03813	0.22839	0.11434	0.10755	0.05359	0.07772	0.03703	0.00630	0.00184	0.00481	0.00666	0.02479	0.00721
6	0.04223	0.00920	0.01210	0.00937	0.01329	0.00826	0.00771	0.07133	0.01559	0.67728	0.06171	0.01862	0.01468	0.00673	0.00532	0.00163	0.00446	0.00546	0.00635	0.00870
7	0.01469	0.00943	0.01072	0.00908	0.01190	0.00974	0.00718	0.21498	0.14173	0.16370	0.10229	0.09246	0.10874	0.00870	0.00553	0.00168	0.00409	0.00723	0.06891	0.00722
8	0.02950	0.01106	0.07388	0.38785	0.17385	0.01088	0.02624	0.02921	0.01125	0.03859	0.01177	0.08354	0.01022	0.02244	0.00571	0.00175	0.00624	0.00552	0.00289	0.05761
9	0.00706	0.00489	0.00606	0.00662	0.00688	0.00471	0.00419	0.00773	0.00952	0.01280	0.08990	0.41333	0.02960	0.35460	0.01526	0.00337	0.00389	0.01143	0.00426	0.00389
10	0.00755	0.00566	0.00850	0.00850	0.00944	0.00661	0.00661	0.00944	0.00850	0.01227	0.01416	0.02077	0.01322	0.03965	0.79326	0.00850	0.01416	0.00566	0.00283	0.00472
11	0.00664	0.00473	0.00627	0.00732	0.00772	0.00444	0.00497	0.00771	0.01052	0.01413	0.09421	0.69452	0.03560	0.04297	0.00740	0.00221	0.00314	0.03624	0.00493	0.00434
12	0.01087	0.02468	0.65034	0.01593	0.05264	0.01272	0.04727	0.01633	0.01094	0.01637	0.00930	0.01140	0.00684	0.00541	0.00630	0.00174	0.08694	0.00410	0.00227	0.00761
13	0.00651	0.00516	0.00586	0.00612	0.00741	0.00450	0.00442	0.00792	0.01200	0.01522	0.16755	0.25845	0.45252	0.01383	0.00638	0.00186	0.00275	0.01196	0.00506	0.00450
14	0.00659	0.00472	0.00620	0.00732	0.00771	0.00443	0.00496	0.00755	0.01016	0.01347	0.02934	0.70896	0.06101	0.05649	0.00777	0.00230	0.00324	0.04868	0.00482	0.00427
15	0.00763	0.00510	0.00578	0.00584	0.00586	0.00509	0.00328	0.00767	0.00780	0.01040	0.01725	0.07130	0.01996	0.77649	0.02595	0.00498	0.00503	0.00804	0.00328	0.00325
16	0.00682	0.00484	0.00636	0.00736	0.00777	0.00458	0.00505	0.00788	0.01035	0.01384	0.07512	0.61427	0.03385	0.10026	0.00889	0.00246	0.00341	0.07785	0.00478	0.00427
17	0.01091	0.09643	0.72043	0.01454	0.02207	0.01303	0.01862	0.01666	0.01112	0.01637	0.00930	0.01093	0.00670	0.00498	0.00488	0.00163	0.00762	0.00381	0.00223	0.00772
18	0.01975	0.02520	0.01498	0.01362	0.01634	0.79299	0.01021	0.02111	0.01498	0.01294	0.00817	0.00953	0.00681	0.00545	0.00477	0.00136	0.00953	0.00340	0.00272	0.00613
19	0.02010	0.01481	0.01587	0.01216	0.01639	0.01639	0.01005	0.76360	0.02486	0.03332	0.01269	0.01269	0.00899	0.00635	0.00529	0.00159	0.00582	0.00476	0.00529	0.00899
20	0.00950	0.00849	0.01276	0.13013	0.01632	0.03882	0.12799	0.05375	0.02842	0.01558	0.03364	0.41916	0.02349	0.01152	0.00628	0.00197	0.00511	0.04751	0.00412	0.00545
21	0.01101	0.00953	0.01154	0.00824	0.01296	0.00723	0.02770	0.01341	0.01101	0.01722	0.00943	0.01106	0.00784	0.00393	0.00398	0.00081	0.00406	0.00322	0.00312	0.82272
22	0.00642	0.00467	0.00607	0.00719	0.00762	0.00431	0.00483	0.00738	0.01029	0.01356	0.03127	0.74431	0.10004	0.01628	0.00670	0.00212	0.00303	0.01469	0.00491	0.00431
23	0.01157	0.01157	0.01619	0.01388	0.01388	0.01619	0.01157	0.01272	0.00810	0.01272	0.00694	0.01157	0.00694	0.00925	0.01735	0.00231	0.80453	0.00463	0.00231	0.00578
24	0.01066	0.01008	0.01707	0.63445	0.19820	0.01192	0.01502	0.01410	0.01089	0.01432	0.00952	0.01387	0.00734	0.00516	0.00527	0.00172	0.00688	0.00470	0.00241	0.00642
25	0.13949	0.01081	0.01111	0.01004	0.01299	0.01239	0.00790	0.02513	0.59303	0.04188	0.03319	0.01996	0.01567	0.00718	0.00515	0.00179	0.00418	0.03527	0.00508	0.00778
26	0.00653	0.00467	0.00614	0.00723	0.00759	0.00436	0.00483	0.00748	0.01025	0.01368	0.05844	0.73651	0.04820	0.04761	0.00751	0.00224	0.00312	0.01446	0.00488	0.00428
27	0.00711	0.00512	0.00637	0.00674	0.00775	0.00462	0.00479	0.00861	0.01209	0.03446	0.25128	0.39069	0.21309	0.01391	0.00645	0.00191	0.00284	0.01231	0.00521	0.00465
28	0.04468	0.01400	0.01505	0.01171	0.01579	0.01543	0.00963	0.63015	0.08907	0.07960	0.01382	0.01352	0.00978	0.00639	0.00524	0.00161	0.00554	0.00484	0.00532	0.00884
29	0.01384	0.00821	0.01015	0.00823	0.01124	0.00747	0.00654	0.09483	0.03058	0.22352	0.32302	0.02555	0.04390	0.00792	0.00545	0.00149	0.00368	0.00670	0.00543	0.16226
30	0.00646	0.00466	0.00613	0.00726	0.00765	0.00432	0.00487	0.00745	0.01034	0.01376	0.05271	0.75697	0.06531	0.01626	0.00671	0.00212	0.00303	0.01471	0.00493	0.00432
31	0.09335	0.00927	0.01091	0.00879	0.01216	0.00903	0.00712	0.13993	0.04609	0.35588	0.10428	0.02069	0.06399	0.00718	0.00514	0.00159	0.00418	0.00577	0.05865	0.03600
32	0.01272	0.01222	0.02064	0.09853	0.66755	0.01272	0.01579	0.01577	0.01166	0.01665	0.00971	0.01308	0.00817	0.00505	0.00600	0.00163	0.05685	0.00470	0.00257	0.00799
33	0.03494	0.00930	0.02898	0.00861	0.01121	0.02611	0.00690	0.10545	0.17744	0.11308	0.11745	0.08939	0.01940	0.00780	0.00509	0.00159	0.00391	0.00649	0.18956	0.03730

[dist]
# distance from previous block
# <min> <max>
1	4

[block]
# block no. 3 follows, 46 sequences, length 18
# corresponding to MSA columns:
# 133-150
name=unknown_D
#
# <colnr> <probs for GDERKNQSTAVLIFYWHMCP>
#	G	D	E	R	K	N	Q	S	T	A	V	L	I	F	Y	W	H	M	C	P
0	0.01458	0.11613	0.06731	0.01817	0.26154	0.21784	0.01193	0.01752	0.04103	0.03202	0.03553	0.01243	0.00935	0.00529	0.00514	0.00142	0.03066	0.00414	0.00292	0.09506
1	0.00819	0.00576	0.00719	0.00701	0.00715	0.00632	0.00460	0.00840	0.00793	0.01097	0.01535	0.06288	0.01709	0.53496	0.10049	0.07524	0.08740	0.00717	0.02227	0.00363
2	0.01256	0.01184	0.02000	0.09938	0.08420	0.01314	0.24244	0.10440	0.01239	0.03166	0.01157	0.07479	0.01015	0.00768	0.02386	0.00202	0.20868	0.00599	0.01651	0.00672
3	0.03924	0.05077	0.09469	0.01073	0.01493	0.02811	0.00955	0.30679	0.06373	0.13159	0.07722	0.01555	0.01290	0.00693	0.02115	0.00165	0.00545	0.00490	0.00466	0.09945
4	0.00815	0.00604	0.00802	0.00904	0.07278	0.00549	0.00595	0.00988	0.01218	0.04615	0.22749	0.31768	0.17434	0.01246	0.00622	0.00183	0.00324	0.02409	0.00494	0.04403
5	0.00644	0.00515	0.00576	0.00606	0.00737	0.00447	0.00437	0.00779	0.01184	0.01483	0.12692	0.26083	0.49163	0.01399	0.00639	0.00187	0.00277	0.01206	0.00501	0.00447
6	0.21748	0.05654	0.06520	0.02652	0.01487	0.01210	0.05909	0.20011	0.01498	0.19379	0.02478	0.01359	0.00969	0.00577	0.00466	0.00158	0.00518	0.00445	0.06214	0.00748
7	0.19488	0.12849	0.11828	0.05338	0.04199	0.08230	0.01041	0.14190	0.11580	0.04856	0.01119	0.01196	0.00847	0.00553	0.00452	0.00156	0.00583	0.00403	0.00361	0.00730
8	0.01336	0.00712	0.00772	0.00672	0.00883	0.00723	0.00529	0.14150	0.01394	0.11938	0.01693	0.01830	0.01272	0.00624	0.00417	0.00134	0.00329	0.00495	0.59482	0.00613
9	0.00749	0.00506	0.00593	0.00612	0.00620	0.00505	0.00359	0.00770	0.00809	0.01083	0.01850	0.15423	0.02143	0.66166	0.05255	0.00479	0.00515	0.00875	0.00345	0.00343
10	0.05753	0.01114	0.01414	0.38982	0.04464	0.11534	0.03939	0.01545	0.03074	0.07940	0.07463	0.07896	0.01345	0.00674	0.00534	0.00171	0.00630	0.00578	0.00338	0.00614
11	0.01397	0.06383	0.19053	0.04158	0.07390	0.01128	0.03196	0.09525	0.10505	0.15154	0.03739	0.09849	0.02317	0.00737	0.00540	0.00171	0.00556	0.03028	0.00421	0.00752
12	0.00677	0.00470	0.00604	0.00704	0.00753	0.00439	0.00477	0.00791	0.01051	0.01440	0.06355	0.67589	0.06659	0.01529	0.00645	0.00203	0.00297	0.01376	0.07503	0.00439
13	0.00934	0.00496	0.00529	0.00544	0.00658	0.00491	0.00406	0.01164	0.01120	0.01898	0.05377	0.10487	0.01809	0.00778	0.00427	0.00139	0.00262	0.03399	0.68596	0.00486
14	0.03002	0.12077	0.42345	0.04869	0.06438	0.03938	0.01513	0.01537	0.01081	0.01543	0.01053	0.07781	0.00919	0.00637	0.00623	0.00170	0.09035	0.00482	0.00254	0.00702
15	0.02724	0.15489	0.53303	0.01459	0.05556	0.09537	0.01645	0.01700	0.01149	0.01579	0.00898	0.01060	0.00678	0.00497	0.00471	0.00155	0.00750	0.00370	0.00232	0.00746
16	0.00953	0.00880	0.00998	0.00961	0.01073	0.11541	0.00748	0.01129	0.00936	0.01240	0.01279	0.01852	0.01186	0.03263	0.62566	0.00704	0.07387	0.00527	0.00278	0.00499
17	0.53068	0.01079	0.01081	0.04915	0.01319	0.01253	0.02724	0.11236	0.01149	0.04964	0.02190	0.01094	0.00757	0.00574	0.00532	0.00170	0.08829	0.00372	0.02067	0.00628

[dist]
# distance from previous block
# <min> <max>
1	9

[block]
# block no. 4 follows, 46 sequences, length 48
# corresponding to MSA columns:
# 160-207
name=unknown_E
#
# <colnr> <probs for GDERKNQSTAVLIFYWHMCP>
#	G	D	E	R	K	N	Q	S	T	A	V	L	I	F	Y	W	H	M	C	P
0	0.27243	0.01380	0.11778	0.07830	0.11294	0.06356	0.01088	0.06169	0.01146	0.06458	0.01011	0.01327	0.00821	0.03870	0.00669	0.00185	0.08400	0.01990	0.00319	0.00666
1	0.01224	0.01204	0.01842	0.32930	0.40939	0.06395	0.01482	0.01537	0.01162	0.01552	0.00959	0.01315	0.00773	0.00495	0.00517	0.00160	0.00670	0.00455	0.00254	0.04135
2	0.01063	0.00972	0.01614	0.62268	0.10345	0.01155	0.03386	0.04252	0.01115	0.01452	0.01041	0.01472	0.02147	0.00607	0.00611	0.04479	0.00677	0.00486	0.00254	0.00605
3	0.00765	0.00511	0.00578	0.00581	0.00582	0.00510	0.00325	0.00768	0.00776	0.01035	0.01703	0.05758	0.01969	0.79059	0.02631	0.00504	0.00506	0.00791	0.00325	0.00324
4	0.01349	0.00753	0.00882	0.00793	0.01004	0.00754	0.00612	0.14400	0.03430	0.16982	0.02061	0.22875	0.01870	0.00919	0.00520	0.00165	0.00369	0.01984	0.27642	0.00635
5	0.00802	0.00588	0.00738	0.00706	0.00844	0.00557	0.00535	0.05205	0.01461	0.02016	0.55062	0.11775	0.11644	0.01158	0.00629	0.00176	0.00288	0.04752	0.00556	0.00509
6	0.01733	0.01231	0.01352	0.01065	0.01416	0.01332	0.00869	0.55451	0.02192	0.05961	0.16023	0.01838	0.01722	0.00720	0.00540	0.00159	0.00497	0.00571	0.04526	0.00803
7	0.17154	0.00956	0.01430	0.64897	0.03138	0.01177	0.01296	0.01390	0.01027	0.01547	0.00901	0.01304	0.00679	0.00521	0.00490	0.00174	0.00648	0.00435	0.00253	0.00584
8	0.01400	0.00713	0.00940	0.00804	0.01045	0.00652	0.00639	0.04549	0.01527	0.30216	0.43153	0.03156	0.03375	0.00926	0.00591	0.00169	0.00348	0.04534	0.00602	0.00661
9	0.03538	0.00839	0.01123	0.00884	0.01244	0.00734	0.00722	0.02275	0.01491	0.63766	0.13175	0.02193	0.04099	0.00734	0.00544	0.00164	0.00415	0.00606	0.00633	0.00822
10	0.00940	0.00601	0.00766	0.00802	0.00907	0.00581	0.00568	0.08310	0.01203	0.08803	0.02675	0.65805	0.03036	0.01462	0.00647	0.00204	0.00347	0.01311	0.00510	0.00520
11	0.02010	0.01481	0.01587	0.01216	0.01639	0.01639	0.01005	0.76360	0.02486	0.03332	0.01269	0.01269	0.00899	0.00635	0.00529	0.00159	0.00582	0.00476	0.00529	0.00899
12	0.00702	0.00520	0.00662	0.00717	0.00815	0.00480	0.00533	0.00869	0.01214	0.01613	0.23965	0.33822	0.17702	0.01408	0.00660	0.00199	0.00312	0.12831	0.00515	0.00461
13	0.01039	0.00692	0.00867	0.00875	0.01058	0.00673	0.00727	0.08493	0.01348	0.08936	0.03163	0.11647	0.19420	0.01294	0.00663	0.00211	0.00428	0.37407	0.00508	0.00552
14	0.56029	0.01168	0.01020	0.00866	0.01212	0.02759	0.00707	0.19116	0.08744	0.02560	0.01000	0.01065	0.00753	0.00547	0.00398	0.00163	0.00460	0.00362	0.00394	0.00675
15	0.00950	0.00665	0.00863	0.00882	0.01020	0.00704	0.00697	0.04817	0.09038	0.04603	0.02243	0.21104	0.02293	0.01953	0.20825	0.00372	0.00667	0.20699	0.05063	0.00542
16	0.01148	0.00953	0.01112	0.00798	0.01265	0.00731	0.00640	0.03358	0.01142	0.03418	0.00973	0.01116	0.00797	0.00404	0.00398	0.00082	0.00398	0.00322	0.00326	0.80617
17	0.01297	0.01289	0.02333	0.03050	0.63656	0.01272	0.15940	0.01636	0.01212	0.01721	0.01009	0.01331	0.00831	0.00466	0.00543	0.00161	0.00679	0.00500	0.00263	0.00814
18	0.00731	0.00552	0.00706	0.00745	0.00860	0.00482	0.00517	0.00850	0.01028	0.01421	0.02535	0.65722	0.02976	0.01413	0.00620	0.00189	0.00323	0.01275	0.00457	0.16598
19	0.76042	0.04273	0.00845	0.00695	0.01016	0.01174	0.00576	0.01505	0.00932	0.02274	0.02248	0.01125	0.04593	0.00542	0.00348	0.00162	0.00405	0.00339	0.00336	0.00569
20	0.00747	0.00539	0.00693	0.00689	0.00755	0.00563	0.00480	0.00859	0.00912	0.01247	0.09097	0.03118	0.09409	0.35393	0.32600	0.00581	0.00821	0.00740	0.00347	0.00409
21	0.00655	0.00468	0.00626	0.00748	0.00784	0.00439	0.00509	0.00754	0.01023	0.01361	0.02908	0.77247	0.03473	0.01646	0.00678	0.00216	0.00316	0.05228	0.00491	0.00432
22	0.01356	0.07458	0.01429	0.01472	0.18942	0.18757	0.00944	0.01585	0.01390	0.08582	0.27562	0.02287	0.02329	0.00743	0.00540	0.00155	0.00547	0.02856	0.00414	0.00652
23	0.13936	0.32793	0.27909	0.01151	0.01680	0.02918	0.04153	0.01654	0.01086	0.04720	0.00875	0.01012	0.00691	0.00499	0.00455	0.00147	0.03007	0.00349	0.00260	0.00703
24	0.01004	0.00676	0.00806	0.00730	0.00929	0.00646	0.00561	0.02630	0.11490	0.10875	0.40423	0.03663	0.21419	0.01037	0.00600	0.00170	0.00305	0.00889	0.00562	0.00585
25	0.00869	0.00563	0.00719	0.00689	0.00834	0.00509	0.00517	0.01074	0.01376	0.09077	0.47098	0.15440	0.15294	0.01173	0.00625	0.00177	0.00285	0.02603	0.00560	0.00518
26	0.01103	0.09250	0.58779	0.08966	0.06227	0.01302	0.03965	0.01634	0.01115	0.01610	0.00935	0.01140	0.00686	0.00497	0.00495	0.00163	0.00751	0.00400	0.00228	0.00755
27	0.01151	0.16992	0.20996	0.13680	0.17371	0.04322	0.02731	0.01487	0.01145	0.01512	0.03409	0.01662	0.08414	0.02330	0.00543	0.00164	0.00636	0.00495	0.00274	0.00685
28	0.02684	0.00642	0.00659	0.00602	0.00775	0.00664	0.00466	0.11261	0.01296	0.03742	0.01653	0.01854	0.01279	0.00617	0.00393	0.00129	0.00298	0.00488	0.69941	0.00557
29	0.03495	0.00933	0.01167	0.00938	0.01276	0.00892	0.00757	0.17242	0.01649	0.44715	0.11343	0.09697	0.01880	0.00798	0.00553	0.00168	0.00437	0.00663	0.00598	0.00798
30	0.01020	0.01131	0.09899	0.00873	0.01136	0.12017	0.00752	0.01299	0.02960	0.02979	0.33802	0.07170	0.10738	0.00902	0.00559	0.00157	0.00438	0.00760	0.02936	0.08471
31	0.00695	0.00508	0.00643	0.00711	0.00784	0.00474	0.00492	0.02690	0.01146	0.01528	0.15231	0.56616	0.12308	0.02688	0.00687	0.00206	0.00303	0.01333	0.00504	0.00453
32	0.00838	0.00620	0.00744	0.00719	0.00868	0.00602	0.00547	0.01181	0.10023	0.03468	0.37374	0.04079	0.18307	0.08986	0.00826	0.00213	0.00329	0.09235	0.00524	0.00517
33	0.13116	0.00985	0.01167	0.00930	0.01308	0.02312	0.00760	0.06114	0.08873	0.53724	0.01841	0.01656	0.01211	0.00635	0.00500	0.00163	0.00451	0.00498	0.02921	0.00834
34	0.03162	0.00699	0.01041	0.05064	0.01222	0.00713	0.07761	0.05658	0.01115	0.03167	0.02151	0.40760	0.02379	0.01378	0.01857	0.09498	0.02541	0.08921	0.00419	0.00496
35	0.01610	0.59517	0.02401	0.00977	0.01407	0.08512	0.00912	0.09039	0.01290	0.08722	0.00921	0.00988	0.00760	0.00497	0.00388	0.00124	0.00589	0.00330	0.00300	0.00715
36	0.01277	0.00671	0.00858	0.00741	0.00974	0.00598	0.00580	0.01516	0.02993	0.27430	0.37428	0.03407	0.17411	0.00980	0.00591	0.00168	0.00323	0.00837	0.00588	0.00629
37	0.00979	0.00588	0.00728	0.00665	0.00823	0.00555	0.00508	0.03429	0.01438	0.08623	0.51540	0.03229	0.03714	0.00924	0.00554	0.00156	0.00276	0.00799	0.19930	0.00543
38	0.01291	0.08529	0.01352	0.12251	0.01551	0.04329	0.00881	0.17478	0.02663	0.06067	0.04522	0.15715	0.01578	0.07430	0.04041	0.00230	0.08386	0.00683	0.00395	0.00627
39	0.58536	0.16576	0.01262	0.00801	0.01165	0.01417	0.00691	0.11045	0.01134	0.02277	0.00803	0.00909	0.00634	0.00502	0.00355	0.00153	0.00461	0.00310	0.00333	0.00634
40	0.00651	0.00479	0.00611	0.00700	0.00761	0.00438	0.00478	0.00764	0.01086	0.01434	0.10329	0.62507	0.14713	0.01555	0.00663	0.00205	0.00296	0.01394	0.00499	0.00438
41	0.07428	0.15941	0.03212	0.01444	0.08495	0.22636	0.08107	0.16789	0.03075	0.03516	0.00980	0.01118	0.00775	0.00547	0.00522	0.00150	0.03808	0.00407	0.00329	0.00721
42	0.32397	0.01094	0.03598	0.02339	0.01279	0.01133	0.00766	0.21590	0.01434	0.13764	0.05051	0.01378	0.01046	0.00773	0.01887	0.08439	0.00492	0.00436	0.00428	0.00677
43	0.00759	0.00561	0.00712	0.00676	0.00807	0.00525	0.00506	0.01045	0.04409	0.02056	0.68045	0.06576	0.09123	0.01102	0.00622	0.00169	0.00259	0.00970	0.00572	0.00506
44	0.00752	0.00564	0.00695	0.00715	0.00830	0.00534	0.00524	0.02849	0.04487	0.01739	0.30213	0.31080	0.16652	0.01319	0.00641	0.00190	0.00300	0.04900	0.00526	0.00489
45	0.01254	0.02666	0.10085	0.06340	0.02900	0.03812	0.09428	0.19209	0.03700	0.03752	0.01747	0.22777	0.01715	0.02632	0.00629	0.00190	0.00572	0.05513	0.00413	0.00665
46	0.03651	0.26618	0.38150	0.01222	0.01748	0.01474	0.01388	0.01533	0.01042	0.01481	0.00898	0.01124	0.00736	0.00865	0.08277	0.00223	0.08264	0.00378	0.00234	0.00694
47	0.01210	0.00896	0.00979	0.00867	0.01130	0.00937	0.00676	0.10151	0.29620	0.09234	0.08844	0.05579	0.25775	0.00955	0.00575	0.00175	0.00376	0.00797	0.00535	0.00688

[dist]
# distance from previous block
# <min> <max>
0	4

[block]
# block no. 5 follows, 46 sequences, length 31
# corresponding to MSA columns:
# 212-242
name=unknown_F
#
# <colnr> <probs for GDERKNQSTAVLIFYWHMCP>
#	G	D	E	R	K	N	Q	S	T	A	V	L	I	F	Y	W	H	M	C	P
0	0.16512	0.05314	0.04143	0.01016	0.01421	0.01291	0.00871	0.34028	0.01771	0.22971	0.01374	0.01341	0.00951	0.00600	0.00477	0.00157	0.00509	0.00446	0.03997	0.00810
1	0.00998	0.00940	0.01586	0.80150	0.03641	0.01175	0.01468	0.01351	0.01057	0.01351	0.00940	0.01409	0.00705	0.00529	0.00529	0.00176	0.00705	0.00470	0.00235	0.00587
2	0.01076	0.00919	0.01075	0.00781	0.01232	0.00693	0.00620	0.01305	0.01093	0.01706	0.01026	0.04600	0.00902	0.00447	0.00404	0.00084	0.00388	0.00365	0.00321	0.80963
3	0.01792	0.01357	0.01469	0.01128	0.01550	0.01446	0.00924	0.57266	0.07901	0.02957	0.01277	0.01291	0.00932	0.00597	0.00505	0.00146	0.00535	0.00456	0.00491	0.15981
4	0.01096	0.00940	0.01096	0.00783	0.01253	0.00705	0.00626	0.01331	0.01096	0.01723	0.00940	0.01096	0.00783	0.00392	0.00392	0.00078	0.00392	0.00313	0.00313	0.84653
5	0.00985	0.00884	0.00855	0.00801	0.01004	0.08456	0.00618	0.04646	0.14775	0.01816	0.21783	0.03737	0.30920	0.01064	0.00597	0.00175	0.00385	0.05431	0.00501	0.00567
6	0.00836	0.00619	0.00759	0.00711	0.00866	0.00599	0.00537	0.01225	0.10874	0.03495	0.58562	0.05425	0.11330	0.01064	0.00612	0.00170	0.00277	0.00930	0.00567	0.00542
7	0.00836	0.00599	0.00832	0.00951	0.01069	0.00595	0.00823	0.01069	0.01206	0.01566	0.02866	0.09786	0.04868	0.01467	0.00725	0.00240	0.00472	0.69058	0.00487	0.00483
8	0.01060	0.02735	0.78682	0.01507	0.02288	0.01228	0.01953	0.01674	0.01116	0.01674	0.00949	0.01116	0.00670	0.00502	0.00502	0.00167	0.00781	0.00391	0.00223	0.00781
9	0.01241	0.09423	0.08688	0.04036	0.04393	0.01409	0.56106	0.01652	0.01195	0.01621	0.01006	0.01330	0.00773	0.00474	0.00630	0.00173	0.04325	0.00558	0.00257	0.00709
10	0.01116	0.00548	0.00575	0.00545	0.00697	0.00543	0.00416	0.03188	0.01173	0.07809	0.01741	0.01941	0.01340	0.00619	0.00386	0.00127	0.00270	0.00495	0.75937	0.00534
11	0.01279	0.01474	0.03049	0.02190	0.02714	0.04739	0.72922	0.01712	0.01259	0.01676	0.01059	0.01405	0.00797	0.00450	0.00617	0.00176	0.00894	0.00612	0.00268	0.00709
12	0.01214	0.21519	0.54762	0.01352	0.02017	0.07356	0.01633	0.01686	0.01135	0.01543	0.00888	0.01040	0.00673	0.00494	0.00462	0.00152	0.00743	0.00361	0.00228	0.00744
13	0.05626	0.00918	0.01217	0.00937	0.01343	0.00813	0.00774	0.04198	0.01511	0.73798	0.02014	0.01750	0.01270	0.00647	0.00524	0.00163	0.00451	0.00521	0.00639	0.00887
14	0.00713	0.00510	0.00690	0.00796	0.00862	0.00487	0.00594	0.00864	0.01118	0.01491	0.10276	0.52189	0.03515	0.01544	0.00685	0.00218	0.00352	0.22144	0.00499	0.00453
15	0.10215	0.01436	0.01507	0.01165	0.01579	0.01595	0.00962	0.68978	0.02329	0.03237	0.01217	0.01229	0.00867	0.00620	0.00509	0.00159	0.00565	0.00457	0.00509	0.00867
16	0.01164	0.00665	0.00684	0.00619	0.00795	0.00693	0.00480	0.14345	0.01349	0.02208	0.01645	0.01848	0.01275	0.00619	0.00397	0.00129	0.00305	0.00490	0.69724	0.00564
17	0.00870	0.00637	0.00791	0.00837	0.00957	0.00632	0.00639	0.10570	0.01273	0.01671	0.02920	0.44188	0.10583	0.01443	0.00665	0.00211	0.00384	0.19728	0.00495	0.00506
18	0.00755	0.00566	0.00850	0.00850	0.00944	0.00661	0.00661	0.00944	0.00850	0.01227	0.01416	0.02077	0.01322	0.03965	0.79326	0.00850	0.01416	0.00566	0.00283	0.00472
19	0.00755	0.00566	0.00850	0.00850	0.00944	0.00661	0.00661	0.00944	0.00850	0.01227	0.01416	0.02077	0.01322	0.03965	0.79326	0.00850	0.01416	0.00566	0.00283	0.00472
20	0.00654	0.00468	0.00623	0.00729	0.00769	0.00436	0.00492	0.00762	0.01060	0.01426	0.10308	0.73465	0.03644	0.01599	0.00670	0.00210	0.00301	0.01449	0.00500	0.00436
21	0.00664	0.00468	0.00608	0.00711	0.00736	0.00443	0.00464	0.00741	0.00973	0.01298	0.02715	0.68702	0.03245	0.14373	0.00996	0.00262	0.00340	0.01386	0.00464	0.00412
22	0.01236	0.01507	0.07801	0.02183	0.02734	0.01330	0.71603	0.01692	0.01240	0.01692	0.01062	0.01407	0.00794	0.00449	0.00616	0.00178	0.00884	0.00609	0.00265	0.00717
23	0.01120	0.01086	0.01862	0.44965	0.24176	0.01254	0.07150	0.01445	0.01088	0.01474	0.00941	0.01358	0.00748	0.00545	0.00653	0.00176	0.08567	0.00481	0.00245	0.00666
24	0.00777	0.00524	0.00638	0.00638	0.00667	0.00547	0.00405	0.00835	0.00806	0.01124	0.01609	0.03049	0.01748	0.58559	0.20940	0.00573	0.00715	0.00706	0.04776	0.00366
25	0.01118	0.00925	0.01086	0.00786	0.01242	0.00699	0.00627	0.01348	0.01105	0.03770	0.01025	0.03332	0.00872	0.00434	0.00403	0.00084	0.00391	0.00352	0.00327	0.80073
26	0.03308	0.06921	0.09264	0.01131	0.01444	0.01343	0.00995	0.29726	0.04576	0.05639	0.01449	0.14638	0.01318	0.02157	0.00763	0.00184	0.13368	0.00631	0.00421	0.00722
27	0.01211	0.01194	0.04095	0.14724	0.52008	0.01198	0.01455	0.01645	0.08675	0.01697	0.01369	0.01618	0.05663	0.00559	0.00531	0.00164	0.00601	0.00521	0.00298	0.00773
28	0.00761	0.00509	0.00579	0.00586	0.00588	0.00507	0.00331	0.00767	0.00784	0.01045	0.01743	0.08268	0.02020	0.76479	0.02566	0.00494	0.00500	0.00814	0.00331	0.00327
29	0.05085	0.01083	0.03215	0.11247	0.15860	0.03013	0.02383	0.12168	0.12064	0.03013	0.09754	0.04680	0.09074	0.00883	0.03996	0.00199	0.00554	0.00632	0.00408	0.00691
30	0.20521	0.17281	0.11429	0.01079	0.03626	0.20055	0.00952	0.03582	0.01221	0.03725	0.05681	0.01225	0.00992	0.00550	0.00425	0.00145	0.00609	0.00384	0.05872	0.00644

[dist]
# distance from previous block
# <min> <max>
1	47

[block]
# block no. 6 follows, 46 sequences, length 42
# corresponding to MSA columns:
# 290-331
name=unknown_G
#
# <colnr> <probs for GDERKNQSTAVLIFYWHMCP>
#	G	D	E	R	K	N	Q	S	T	A	V	L	I	F	Y	W	H	M	C	P
0	0.11914	0.01201	0.03890	0.01055	0.03143	0.02365	0.00850	0.36434	0.03406	0.09355	0.05493	0.03164	0.01332	0.07597	0.00695	0.00193	0.00513	0.02695	0.03967	0.00740
1	0.09191	0.05582	0.03007	0.01031	0.01354	0.18861	0.00837	0.20084	0.07989	0.03622	0.12479	0.01624	0.01490	0.00646	0.00487	0.00148	0.00560	0.00489	0.04548	0.05972
2	0.00743	0.00550	0.00673	0.00651	0.00768	0.00515	0.00471	0.00973	0.03791	0.01822	0.49278	0.08850	0.15883	0.11647	0.00894	0.00217	0.00296	0.00979	0.00526	0.00474
3	0.00808	0.00569	0.00727	0.00785	0.00853	0.00571	0.00579	0.03867	0.01049	0.01392	0.02340	0.26001	0.02641	0.26764	0.05526	0.00349	0.00497	0.23822	0.00426	0.00434
4	0.15366	0.06008	0.48574	0.03587	0.11714	0.02803	0.01596	0.01643	0.01095	0.01763	0.00905	0.01089	0.00676	0.00495	0.00468	0.00162	0.00690	0.00379	0.00247	0.00740
5	0.09010	0.01011	0.01233	0.19739	0.03707	0.03726	0.00976	0.14571	0.03766	0.06722	0.01944	0.02577	0.10930	0.00835	0.00613	0.00184	0.04394	0.13013	0.00407	0.00640
6	0.01006	0.00671	0.00772	0.00689	0.00902	0.00616	0.00534	0.08262	0.01453	0.11140	0.26712	0.03978	0.39027	0.01110	0.00604	0.00171	0.00314	0.00935	0.00542	0.00560
7	0.00710	0.00515	0.00656	0.00681	0.00770	0.00477	0.00487	0.00877	0.01244	0.01699	0.38063	0.28672	0.10829	0.07966	0.00816	0.00215	0.00301	0.04048	0.00519	0.00457
8	0.10971	0.04211	0.01322	0.18458	0.05825	0.01159	0.00948	0.15118	0.08533	0.08845	0.07124	0.03384	0.06472	0.02797	0.00600	0.00177	0.02390	0.00566	0.00415	0.00684
9	0.01214	0.00898	0.01002	0.00893	0.01129	0.02601	0.00691	0.08466	0.27481	0.08993	0.28322	0.07682	0.06574	0.00916	0.00578	0.00173	0.00375	0.00781	0.00552	0.00682
10	0.00758	0.00610	0.00839	0.00768	0.00941	0.00543	0.07204	0.00939	0.01244	0.03599	0.20948	0.20107	0.37018	0.01248	0.00632	0.00183	0.00332	0.01100	0.00496	0.00490
11	0.00659	0.00487	0.00618	0.00705	0.00774	0.00446	0.00492	0.00778	0.01096	0.01437	0.09388	0.57459	0.17186	0.01543	0.00664	0.00206	0.00303	0.04820	0.00498	0.00441
12	0.03538	0.15074	0.01743	0.01149	0.01562	0.04217	0.00969	0.55074	0.06951	0.02821	0.01210	0.01224	0.00894	0.00603	0.00492	0.00152	0.00577	0.00443	0.00466	0.00842
13	0.00683	0.00530	0.00622	0.00616	0.00754	0.00468	0.00456	0.00865	0.01317	0.01735	0.38181	0.12744	0.36618	0.01255	0.00630	0.00177	0.00264	0.01085	0.00532	0.00468
14	0.00655	0.00468	0.00626	0.00749	0.00785	0.00439	0.00510	0.00756	0.01023	0.01362	0.02908	0.76987	0.03472	0.01646	0.00678	0.00216	0.00317	0.05480	0.00491	0.00433
15	0.05884	0.01263	0.02149	0.04917	0.60325	0.01274	0.10216	0.04443	0.01237	0.01809	0.00998	0.01299	0.00818	0.00477	0.00525	0.00160	0.00647	0.00479	0.00275	0.00804
16	0.01897	0.01417	0.01518	0.01189	0.01588	0.01573	0.00973	0.66023	0.11141	0.03155	0.01411	0.03228	0.01043	0.00668	0.00533	0.00162	0.00556	0.00514	0.00529	0.00881
17	0.01531	0.05789	0.12339	0.01133	0.01552	0.01293	0.02636	0.35593	0.06004	0.05776	0.05895	0.06973	0.02700	0.00714	0.00529	0.00160	0.00543	0.01980	0.00454	0.06407
18	0.04670	0.00984	0.01238	0.00966	0.01353	0.00931	0.00793	0.14518	0.04222	0.56515	0.06677	0.01825	0.01461	0.00675	0.00531	0.00163	0.00457	0.00544	0.00615	0.00862
19	0.00754	0.00506	0.00581	0.00595	0.00599	0.00503	0.00340	0.00765	0.00797	0.01063	0.01811	0.12491	0.02105	0.72140	0.02456	0.00478	0.00489	0.00854	0.00340	0.00333
20	0.01992	0.01472	0.01576	0.01213	0.01633	0.01631	0.01000	0.74462	0.04413	0.03303	0.01292	0.01287	0.00917	0.00637	0.00529	0.00159	0.00578	0.00479	0.00529	0.00897
21	0.00998	0.00940	0.01586	0.80150	0.03641	0.01175	0.01468	0.01351	0.01057	0.01351	0.00940	0.01409	0.00705	0.00529	0.00529	0.00176	0.00705	0.00470	0.00235	0.00587
22	0.01413	0.81739	0.02770	0.00905	0.01357	0.02092	0.00905	0.01583	0.01074	0.01244	0.00735	0.00848	0.00678	0.00452	0.00339	0.00113	0.00565	0.00283	0.00226	0.00678
23	0.01026	0.00532	0.00536	0.00521	0.00656	0.00538	0.00395	0.04211	0.01163	0.02025	0.01707	0.01943	0.01337	0.00617	0.00376	0.00125	0.00260	0.00492	0.81032	0.00509
24	0.00715	0.00498	0.00646	0.00700	0.00748	0.00493	0.00475	0.00826	0.00996	0.01377	0.11086	0.39989	0.02910	0.19192	0.12879	0.00365	0.00508	0.01096	0.04079	0.00423
25	0.00748	0.00540	0.00707	0.00665	0.00790	0.00499	0.00499	0.00998	0.01496	0.02120	0.77844	0.03949	0.04988	0.01081	0.00624	0.00166	0.00249	0.00956	0.00582	0.00499
26	0.02372	0.00900	0.01227	0.00941	0.01350	0.00777	0.00777	0.02576	0.01513	0.78489	0.02086	0.01799	0.01309	0.00654	0.00532	0.00164	0.00450	0.00532	0.00654	0.00900
27	0.02324	0.00977	0.01274	0.00977	0.01388	0.00891	0.00807	0.12344	0.01642	0.68539	0.01978	0.01729	0.01254	0.00652	0.00531	0.00163	0.00467	0.00524	0.00638	0.00900
28	0.85155	0.01022	0.00777	0.00695	0.01022	0.01186	0.00573	0.01554	0.00900	0.02372	0.00736	0.00859	0.00573	0.00491	0.00327	0.00164	0.00409	0.00286	0.00327	0.00573
29	0.00748	0.00540	0.00707	0.00665	0.00790	0.00499	0.00499	0.00998	0.01496	0.02120	0.77844	0.03949	0.04988	0.01081	0.00624	0.00166	0.00249	0.00956	0.00582	0.00499
30	0.13366	0.01281	0.01370	0.01072	0.01466	0.01389	0.00883	0.49632	0.04007	0.15401	0.01368	0.01342	0.00955	0.00620	0.00497	0.00159	0.00521	0.00463	0.03369	0.00839
31	0.00734	0.00498	0.00587	0.00622	0.00630	0.00489	0.00368	0.00760	0.00837	0.01116	0.02017	0.25321	0.02365	0.58955	0.02123	0.00429	0.00455	0.00976	0.00368	0.00351
32	0.01063	0.00518	0.00549	0.00531	0.00663	0.00510	0.00396	0.01281	0.01108	0.06713	0.01718	0.02001	0.01358	0.03545	0.00520	0.03009	0.00276	0.00504	0.73235	0.00503
33	0.02277	0.00879	0.01196	0.00924	0.01317	0.00761	0.00761	0.02484	0.01512	0.74007	0.06532	0.01926	0.01525	0.00679	0.00537	0.00164	0.00438	0.00557	0.00650	0.00876
34	0.02320	0.00905	0.01223	0.00941	0.01342	0.00792	0.00776	0.04438	0.01538	0.74559	0.04041	0.01842	0.01394	0.00665	0.00534	0.00164	0.00448	0.00541	0.00649	0.00889
