[name]
unknown

[dist]
# distance from previous block
# <min> <max>
0	69

[block]
# block no. 0 follows, 45 sequences, length 10
# corresponding to MSA columns:
# 74-83
name=unknown_A
#
# <colnr> <probs for GDERKNQSTAVLIFYWHMCP>
#	G	D	E	R	K	N	Q	S	T	A	V	L	I	F	Y	W	H	M	C	P
0	0.00819	0.00564	0.00744	0.00750	0.00876	0.00526	0.00581	0.01042	0.01383	0.04623	0.46417	0.14844	0.07952	0.01250	0.00658	0.00191	0.00317	0.15400	0.00557	0.00506
1	0.01330	0.01351	0.06191	0.06569	0.55841	0.01298	0.05877	0.05226	0.07583	0.01848	0.01120	0.01384	0.00901	0.00510	0.00538	0.00164	0.00645	0.00494	0.00299	0.00830
2	0.01268	0.00898	0.01111	0.00853	0.01244	0.00737	0.02659	0.04845	0.01228	0.12096	0.01435	0.11659	0.01264	0.00626	0.00466	0.00118	0.00409	0.00531	0.05055	0.51495
3	0.02773	0.02723	0.08092	0.01020	0.05656	0.07268	0.00774	0.05771	0.01182	0.01550	0.05245	0.27394	0.11611	0.07256	0.04031	0.05289	0.00519	0.00914	0.00400	0.00534
4	0.01478	0.04742	0.17866	0.08173	0.04287	0.19214	0.16433	0.09822	0.02594	0.04085	0.01207	0.01387	0.03725	0.00571	0.00557	0.00164	0.02178	0.00485	0.00312	0.00722
5	0.00660	0.00475	0.00616	0.00726	0.00764	0.00442	0.00483	0.00751	0.01026	0.01357	0.03044	0.71726	0.08124	0.06078	0.00796	0.00232	0.00321	0.01460	0.00489	0.00431
6	0.00808	0.00594	0.00814	0.00750	0.00802	0.00587	0.06656	0.00862	0.00848	0.01136	0.01755	0.10772	0.01991	0.64163	0.04881	0.00474	0.00563	0.00834	0.00336	0.00374
7	0.09279	0.01449	0.12063	0.17047	0.02455	0.03679	0.29399	0.01558	0.01116	0.01633	0.01011	0.03818	0.00823	0.00590	0.00722	0.00185	0.11706	0.00536	0.00267	0.00663
8	0.01309	0.23985	0.11226	0.05519	0.25155	0.07419	0.04766	0.01604	0.01202	0.01571	0.07290	0.01375	0.01111	0.00554	0.00535	0.00152	0.03775	0.00453	0.00277	0.00724
9	0.00856	0.00540	0.00710	0.00750	0.00853	0.00495	0.00540	0.01005	0.01207	0.08989	0.19342	0.48101	0.08308	0.01426	0.00659	0.00201	0.00319	0.04664	0.00534	0.00501

[dist]
# distance from previous block
# <min> <max>
1	7

[block]
# block no. 1 follows, 45 sequences, length 50
# corresponding to MSA columns:
# 91-140
name=unknown_B
#
# <colnr> <probs for GDERKNQSTAVLIFYWHMCP>
#	G	D	E	R	K	N	Q	S	T	A	V	L	I	F	Y	W	H	M	C	P
0	0.04449	0.01408	0.16459	0.01669	0.18269	0.01108	0.08857	0.08422	0.04225	0.13826	0.07409	0.01659	0.01296	0.00598	0.00527	0.00164	0.00582	0.00528	0.07772	0.00774
1	0.19424	0.01211	0.04022	0.21845	0.07504	0.02652	0.10080	0.10784	0.01287	0.06479	0.01032	0.01262	0.00773	0.00532	0.00517	0.00164	0.02278	0.00442	0.00333	0.07378
2	0.57534	0.01167	0.01050	0.02584	0.01279	0.04826	0.03067	0.11458	0.03182	0.04903	0.00945	0.01050	0.00713	0.00532	0.00395	0.00163	0.00484	0.00355	0.02090	0.02223
3	0.01014	0.00954	0.01610	0.79845	0.03697	0.01193	0.01491	0.01371	0.01073	0.01371	0.00954	0.01431	0.00716	0.00537	0.00537	0.00179	0.00716	0.00477	0.00239	0.00596
4	0.00679	0.00481	0.00612	0.00707	0.00737	0.00454	0.00460	0.00755	0.00985	0.01307	0.02800	0.62214	0.06125	0.17720	0.01097	0.00278	0.00352	0.01360	0.00463	0.00414
5	0.00658	0.00472	0.00627	0.00749	0.00785	0.00441	0.00505	0.00756	0.01037	0.01377	0.03009	0.77455	0.05116	0.01670	0.00685	0.00218	0.00315	0.03189	0.00498	0.00438
6	0.84927	0.01038	0.00789	0.00706	0.01038	0.01204	0.00581	0.01578	0.00914	0.02408	0.00747	0.00872	0.00581	0.00498	0.00332	0.00166	0.00415	0.00291	0.00332	0.00581
7	0.00673	0.00480	0.00644	0.00769	0.00808	0.00452	0.00531	0.00780	0.01046	0.01391	0.02948	0.74200	0.03510	0.01664	0.00690	0.00221	0.00328	0.07928	0.00498	0.00441
8	0.01435	0.81458	0.02813	0.00918	0.01378	0.02124	0.00918	0.01607	0.01091	0.01263	0.00746	0.00861	0.00689	0.00459	0.00344	0.00115	0.00574	0.00287	0.00230	0.00689
9	0.00760	0.00549	0.00718	0.00675	0.00802	0.00506	0.00506	0.01013	0.01519	0.02153	0.77503	0.04010	0.05065	0.01097	0.00633	0.00169	0.00253	0.00971	0.00591	0.00506
10	0.84927	0.01038	0.00789	0.00706	0.01038	0.01204	0.00581	0.01578	0.00914	0.02408	0.00747	0.00872	0.00581	0.00498	0.00332	0.00166	0.00415	0.00291	0.00332	0.00581
11	0.01488	0.39400	0.07562	0.01085	0.01502	0.08588	0.03388	0.16678	0.01459	0.01823	0.07710	0.02674	0.01190	0.00679	0.02501	0.00158	0.00629	0.00440	0.00335	0.00711
12	0.01250	0.01195	0.02037	0.22366	0.59329	0.01255	0.01608	0.01579	0.01185	0.01658	0.00996	0.01354	0.00817	0.00493	0.00533	0.00164	0.00657	0.00478	0.00259	0.00787
13	0.00964	0.00891	0.00968	0.00946	0.01070	0.13142	0.00729	0.01147	0.00968	0.01257	0.01341	0.01927	0.01238	0.03473	0.66503	0.00747	0.01363	0.00539	0.00286	0.00502
14	0.00751	0.00548	0.00705	0.00666	0.00796	0.00503	0.00499	0.00996	0.01498	0.02103	0.72377	0.04092	0.10222	0.01116	0.00633	0.00170	0.00255	0.00982	0.00584	0.00503
15	0.84927	0.01038	0.00789	0.00706	0.01038	0.01204	0.00581	0.01578	0.00914	0.02408	0.00747	0.00872	0.00581	0.00498	0.00332	0.00166	0.00415	0.00291	0.00332	0.00581
16	0.00674	0.00479	0.00627	0.00727	0.00763	0.00449	0.00484	0.00772	0.01046	0.01405	0.08939	0.67701	0.03533	0.08635	0.00861	0.00241	0.00325	0.01415	0.00491	0.00432
17	0.02385	0.00952	0.01269	0.00973	0.01389	0.00846	0.00804	0.07360	0.01600	0.73324	0.02064	0.01792	0.01302	0.00663	0.00540	0.00166	0.00465	0.00536	0.00656	0.00913
18	0.00737	0.00546	0.00691	0.00687	0.00814	0.00500	0.00520	0.00953	0.01394	0.01904	0.50964	0.12114	0.17274	0.01235	0.00648	0.00183	0.00284	0.07505	0.00557	0.00489
19	0.02041	0.01504	0.01611	0.01235	0.01665	0.01665	0.01020	0.75997	0.02524	0.03383	0.01289	0.01289	0.00913	0.00644	0.00537	0.00161	0.00591	0.00483	0.00537	0.00913
20	0.01435	0.81458	0.02813	0.00918	0.01378	0.02124	0.00918	0.01607	0.01091	0.01263	0.00746	0.00861	0.00689	0.00459	0.00344	0.00115	0.00574	0.00287	0.00230	0.00689
21	0.01153	0.03712	0.05752	0.02404	0.01321	0.00986	0.02208	0.07080	0.07409	0.03538	0.03923	0.05219	0.04593	0.08631	0.02790	0.00200	0.09172	0.00552	0.01958	0.27399
22	0.01348	0.14336	0.11778	0.01655	0.18583	0.02976	0.02776	0.06505	0.10550	0.04215	0.01189	0.02595	0.00971	0.00680	0.02016	0.00179	0.11950	0.00474	0.04476	0.00748
23	0.01845	0.02231	0.01359	0.01242	0.01495	0.66482	0.00932	0.02001	0.01458	0.01423	0.00976	0.01133	0.00800	0.00565	0.00467	0.00136	0.00854	0.00370	0.13628	0.00603
24	0.01182	0.01117	0.01904	0.29264	0.44475	0.01197	0.03369	0.01512	0.01174	0.01610	0.01139	0.01744	0.00982	0.00578	0.00553	0.00174	0.00660	0.06362	0.00275	0.00732
25	0.00695	0.00568	0.00617	0.00601	0.00772	0.00501	0.00452	0.00916	0.04151	0.01674	0.25242	0.04727	0.54662	0.01263	0.00631	0.00178	0.00272	0.01068	0.00526	0.00483
26	0.02408	0.00914	0.01246	0.00955	0.01370	0.00789	0.00789	0.02616	0.01536	0.78158	0.02118	0.01827	0.01329	0.00664	0.00540	0.00166	0.00457	0.00540	0.00664	0.00914
27	0.01793	0.01328	0.01440	0.01154	0.01517	0.01462	0.00932	0.60698	0.06312	0.03018	0.01589	0.13316	0.01350	0.00805	0.00560	0.00171	0.00540	0.00647	0.00532	0.00838
28	0.01113	0.00954	0.01113	0.00795	0.01272	0.00716	0.00636	0.01352	0.01113	0.01749	0.00954	0.01113	0.00795	0.00398	0.00398	0.00080	0.00398	0.00318	0.00318	0.84417
29	0.03465	0.00606	0.00793	0.00835	0.00874	0.00663	0.00596	0.00877	0.00996	0.01404	0.06125	0.55722	0.02952	0.07673	0.01002	0.00240	0.13043	0.01233	0.00442	0.00460
30	0.02061	0.01417	0.01566	0.03148	0.01679	0.01545	0.01003	0.65090	0.02366	0.12564	0.01383	0.01359	0.00959	0.00644	0.00537	0.00162	0.00577	0.00490	0.00545	0.00905
31	0.00760	0.00549	0.00718	0.00675	0.00802	0.00506	0.00506	0.01013	0.01519	0.02153	0.77503	0.04010	0.05065	0.01097	0.00633	0.00169	0.00253	0.00971	0.00591	0.00506
32	0.00667	0.00485	0.00633	0.00747	0.00798	0.00450	0.00516	0.00775	0.01060	0.01394	0.03169	0.68806	0.10040	0.01639	0.00685	0.00217	0.00321	0.06659	0.00498	0.00442
33	0.04147	0.00608	0.00755	0.00753	0.00876	0.00611	0.00557	0.05883	0.01272	0.01802	0.27020	0.27609	0.08312	0.01699	0.13106	0.00294	0.00490	0.01022	0.02678	0.00506
34	0.01014	0.00954	0.01610	0.79845	0.03697	0.01193	0.01491	0.01371	0.01073	0.01371	0.00954	0.01431	0.00716	0.00537	0.00537	0.00179	0.00716	0.00477	0.00239	0.00596
35	0.01470	0.01347	0.01935	0.02599	0.52523	0.04481	0.01418	0.13666	0.11406	0.02060	0.01202	0.01397	0.00958	0.00541	0.00532	0.00162	0.00615	0.00491	0.00346	0.00851
36	0.01356	0.01375	0.02233	0.06133	0.59938	0.06809	0.10928	0.01681	0.01243	0.01703	0.01004	0.01322	0.00829	0.00483	0.00541	0.00161	0.00698	0.00488	0.00266	0.00808
37	0.01581	0.01354	0.01340	0.01137	0.01475	0.07891	0.00896	0.24558	0.43713	0.02461	0.01746	0.01704	0.01318	0.02516	0.00583	0.00176	0.00521	0.00541	0.00507	0.03984
38	0.01821	0.02177	0.01473	0.01386	0.04463	0.57653	0.01016	0.02293	0.19355	0.01551	0.01158	0.01227	0.00922	0.00592	0.00501	0.00149	0.00827	0.00413	0.00340	0.00685
39	0.00758	0.00640	0.00669	0.00654	0.00846	0.00599	0.00496	0.01120	0.13269	0.01612	0.08316	0.07430	0.57611	0.01261	0.00624	0.00184	0.00301	0.02581	0.00511	0.00519
40	0.06008	0.44251	0.04022	0.01005	0.02966	0.09286	0.00879	0.05254	0.02782	0.01525	0.03600	0.13762	0.01311	0.00702	0.00443	0.00144	0.00557	0.00535	0.00317	0.00651
41	0.00890	0.00685	0.00940	0.01038	0.06437	0.00679	0.03035	0.09457	0.01231	0.01648	0.02609	0.56203	0.05283	0.01475	0.02494	0.00221	0.00418	0.04248	0.00474	0.00533
42	0.01041	0.00923	0.00962	0.01035	0.01183	0.13091	0.00873	0.01271	0.01296	0.01589	0.06483	0.05136	0.02812	0.01314	0.00695	0.00226	0.00557	0.58533	0.00465	0.00515
43	0.02059	0.00841	0.01108	0.00874	0.01243	0.00723	0.00714	0.02253	0.01475	0.63055	0.02771	0.02484	0.16340	0.00801	0.00558	0.00169	0.00420	0.00657	0.00632	0.00823
44	0.03393	0.16894	0.06304	0.01462	0.15564	0.03415	0.01068	0.13473	0.13058	0.05383	0.08101	0.01785	0.02929	0.00663	0.00529	0.00160	0.01819	0.02836	0.00402	0.00762
45	0.01315	0.65990	0.02467	0.06510	0.01471	0.01857	0.00909	0.01496	0.01098	0.01309	0.03427	0.08046	0.01084	0.00593	0.00397	0.00130	0.00551	0.00432	0.00266	0.00654
46	0.00746	0.00508	0.00593	0.00623	0.00636	0.00498	0.00370	0.00772	0.00854	0.01133	0.02115	0.22171	0.04725	0.59484	0.02173	0.00437	0.00462	0.00971	0.00372	0.00356
47	0.01291	0.08559	0.09601	0.03660	0.14980	0.03038	0.41509	0.01717	0.02975	0.03062	0.03604	0.01441	0.00962	0.00498	0.00571	0.00169	0.00778	0.00555	0.00286	0.00743
48	0.04976	0.08520	0.01576	0.01259	0.05555	0.10566	0.00969	0.34333	0.18488	0.02476	0.01361	0.01423	0.01043	0.02324	0.02599	0.00185	0.00613	0.00478	0.00448	0.00806
49	0.00657	0.00469	0.00625	0.00746	0.00779	0.00438	0.00498	0.00754	0.01040	0.01390	0.04845	0.78842	0.03589	0.01667	0.00684	0.00217	0.00310	0.01512	0.00501	0.00438

[dist]
# distance from previous block
# <min> <max>
0	52

[block]
# block no. 2 follows, 45 sequences, length 19
# corresponding to MSA columns:
# 193-211
name=unknown_C
#
# <colnr> <probs for GDERKNQSTAVLIFYWHMCP>
#	G	D	E	R	K	N	Q	S	T	A	V	L	I	F	Y	W	H	M	C	P
0	0.00825	0.00574	0.00687	0.00649	0.00818	0.00507	0.00495	0.01028	0.01393	0.07110	0.40965	0.04383	0.34314	0.01184	0.00630	0.00176	0.00281	0.02913	0.00556	0.00513
1	0.01779	0.01398	0.01758	0.05441	0.13622	0.01515	0.05765	0.53306	0.02115	0.02851	0.01281	0.04363	0.00989	0.00641	0.00548	0.00165	0.00613	0.00532	0.00462	0.00858
2	0.01291	0.03577	0.42056	0.07164	0.19339	0.02797	0.05261	0.01761	0.01201	0.08960	0.01082	0.01270	0.00789	0.00516	0.00522	0.00167	0.00726	0.00442	0.00281	0.00796
3	0.00767	0.00570	0.00759	0.00795	0.00834	0.00616	0.00564	0.00867	0.00922	0.01263	0.02108	0.32251	0.02397	0.23827	0.17666	0.00438	0.06992	0.05549	0.00386	0.00430
4	0.02036	0.01638	0.01600	0.01254	0.01664	0.11527	0.01022	0.66576	0.02396	0.03119	0.01230	0.01248	0.00885	0.00633	0.00530	0.00158	0.00639	0.00466	0.00504	0.00876
5	0.00663	0.00486	0.00623	0.00713	0.00774	0.00446	0.00488	0.00780	0.01107	0.01467	0.11544	0.62599	0.13184	0.01576	0.00673	0.00208	0.00300	0.01414	0.00509	0.00446
6	0.14210	0.01041	0.03995	0.04999	0.09364	0.01029	0.00876	0.13440	0.06173	0.13308	0.18731	0.02099	0.03931	0.00723	0.00523	0.00166	0.00455	0.00594	0.03630	0.00712
7	0.74681	0.01023	0.00846	0.00737	0.01079	0.01153	0.00607	0.01707	0.00991	0.11814	0.00918	0.00991	0.00674	0.00519	0.00358	0.00166	0.00420	0.00322	0.00373	0.00623
8	0.00735	0.00501	0.00599	0.00644	0.00655	0.00490	0.00387	0.00769	0.00869	0.01159	0.02146	0.31207	0.02525	0.52659	0.01999	0.00412	0.00446	0.01048	0.00387	0.00365
9	0.00730	0.00548	0.00677	0.00644	0.00784	0.00494	0.00483	0.00956	0.01450	0.01987	0.60530	0.04282	0.22142	0.01159	0.00633	0.00172	0.00258	0.01009	0.00569	0.00494
10	0.00734	0.00544	0.00663	0.00635	0.00759	0.00496	0.00463	0.00931	0.01366	0.01864	0.52277	0.04217	0.21277	0.10401	0.00876	0.00212	0.00288	0.00986	0.00539	0.00473
11	0.84927	0.01038	0.00789	0.00706	0.01038	0.01204	0.00581	0.01578	0.00914	0.02408	0.00747	0.00872	0.00581	0.00498	0.00332	0.00166	0.00415	0.00291	0.00332	0.00581
12	0.00815	0.05270	0.00891	0.00793	0.00908	0.00700	0.00615	0.00996	0.00935	0.01348	0.01762	0.10053	0.04797	0.04986	0.52549	0.00634	0.01069	0.00674	0.09716	0.00485
13	0.01122	0.00949	0.01096	0.00801	0.01255	0.00744	0.00639	0.01435	0.05529	0.01788	0.01056	0.01198	0.00866	0.00425	0.00405	0.00087	0.00394	0.00342	0.03480	0.76390
14	0.00830	0.00577	0.00695	0.00695	0.00740	0.00596	0.00449	0.05189	0.00938	0.01267	0.01852	0.16751	0.02078	0.50589	0.14000	0.00499	0.00629	0.00863	0.00362	0.00403
15	0.09534	0.32461	0.10421	0.01091	0.01508	0.20329	0.01015	0.08008	0.01310	0.03670	0.00922	0.01049	0.00753	0.00614	0.02539	0.00157	0.00690	0.00351	0.02891	0.00687
16	0.00950	0.00819	0.01290	0.31395	0.14869	0.00909	0.01079	0.01221	0.03961	0.01436	0.01674	0.26412	0.01729	0.04047	0.02106	0.03807	0.00559	0.00824	0.00340	0.00571
17	0.01180	0.01132	0.01936	0.01523	0.01800	0.03253	0.30438	0.01508	0.05822	0.05287	0.01670	0.14574	0.05790	0.00884	0.00916	0.02808	0.17746	0.00754	0.00349	0.00631
18	0.27483	0.01285	0.04710	0.20315	0.10765	0.08659	0.03871	0.01603	0.03921	0.01787	0.00955	0.02897	0.00784	0.00586	0.00590	0.00175	0.08245	0.00435	0.00292	0.00642

[dist]
# distance from previous block
# <min> <max>
0	2

[block]
# block no. 3 follows, 45 sequences, length 30
# corresponding to MSA columns:
# 214-230,236-248
name=unknown_D
#
# <colnr> <probs for GDERKNQSTAVLIFYWHMCP>
#	G	D	E	R	K	N	Q	S	T	A	V	L	I	F	Y	W	H	M	C	P
0	0.04053	0.01302	0.01431	0.08625	0.06386	0.15222	0.05526	0.12702	0.02812	0.05294	0.09919	0.04968	0.03529	0.00722	0.00604	0.00163	0.04966	0.02416	0.01810	0.07551
1	0.06938	0.01410	0.01376	0.01118	0.01473	0.11100	0.00901	0.40787	0.07749	0.09494	0.06479	0.01552	0.01261	0.00769	0.02993	0.00182	0.00598	0.00505	0.02516	0.00800
2	0.03906	0.01282	0.09172	0.11765	0.06397	0.06052	0.01003	0.09348	0.02449	0.03571	0.03300	0.03685	0.01035	0.01560	0.00503	0.00139	0.00546	0.00451	0.02948	0.30888
3	0.03617	0.37518	0.13008	0.01320	0.01797	0.12081	0.14627	0.01780	0.05606	0.01501	0.00933	0.01091	0.00764	0.00501	0.00471	0.00145	0.01876	0.00394	0.00264	0.00706
4	0.10342	0.01086	0.08865	0.00966	0.01380	0.00867	0.00863	0.02278	0.03803	0.53434	0.08916	0.01872	0.01548	0.00675	0.00525	0.00167	0.00466	0.00543	0.00577	0.00828
5	0.03561	0.00629	0.00772	0.00728	0.00887	0.00602	0.00544	0.02548	0.05261	0.08821	0.41886	0.15993	0.09051	0.03218	0.00666	0.00186	0.00309	0.00967	0.02821	0.00550
6	0.01255	0.01363	0.02519	0.04683	0.04318	0.05802	0.49929	0.01711	0.06322	0.01687	0.01293	0.04202	0.01089	0.00601	0.00654	0.00182	0.03578	0.05392	0.00311	0.03109
7	0.00753	0.00548	0.00708	0.00668	0.00798	0.00504	0.00501	0.01000	0.01504	0.02116	0.73711	0.04071	0.08881	0.01111	0.00633	0.00169	0.00254	0.00979	0.00586	0.00504
8	0.01367	0.01353	0.02006	0.15324	0.56075	0.08603	0.01543	0.04235	0.01272	0.01708	0.00994	0.01310	0.00816	0.00500	0.00528	0.00161	0.00680	0.00466	0.00272	0.00790
9	0.00796	0.00574	0.00728	0.02817	0.00904	0.00560	0.00546	0.05736	0.01253	0.01712	0.21697	0.45086	0.06808	0.04378	0.00722	0.00207	0.00329	0.01209	0.03449	0.00488
10	0.00749	0.00507	0.00595	0.00626	0.00634	0.00499	0.00369	0.00772	0.00842	0.01123	0.02009	0.22863	0.02352	0.61238	0.02220	0.00445	0.00468	0.00967	0.00369	0.00353
11	0.00869	0.00590	0.00669	0.00634	0.00830	0.00508	0.00489	0.01039	0.01311	0.10340	0.17464	0.04624	0.52894	0.01240	0.00628	0.00180	0.00300	0.04341	0.00533	0.00517
12	0.11024	0.42553	0.15784	0.01226	0.07188	0.06244	0.01136	0.06484	0.01206	0.01649	0.00844	0.00979	0.00702	0.00492	0.00407	0.00138	0.00623	0.00337	0.00266	0.00718
13	0.03361	0.41870	0.30259	0.01214	0.01780	0.08190	0.03469	0.01689	0.01143	0.01468	0.00842	0.00987	0.00687	0.00486	0.00425	0.00140	0.00693	0.00342	0.00236	0.00720
14	0.00654	0.00467	0.00623	0.00747	0.00779	0.00436	0.00498	0.00747	0.01028	0.01370	0.02959	0.80785	0.03550	0.01682	0.00685	0.00218	0.00311	0.01526	0.00498	0.00436
15	0.01174	0.00866	0.01246	0.15333	0.01640	0.00944	0.10225	0.11048	0.01295	0.01979	0.01405	0.01699	0.01092	0.00686	0.02412	0.00169	0.04225	0.00511	0.41445	0.00603
16	0.01241	0.01187	0.03957	0.19151	0.40499	0.03364	0.05838	0.01555	0.01200	0.04658	0.01279	0.06809	0.01141	0.00639	0.00560	0.00174	0.00647	0.05063	0.00304	0.00734
17	0.01402	0.01178	0.01243	0.01093	0.01408	0.01349	0.00857	0.12012	0.65039	0.02364	0.02175	0.02013	0.03965	0.00738	0.00548	0.00179	0.00441	0.00608	0.00544	0.00845
18	0.61443	0.01360	0.10934	0.02439	0.07597	0.05303	0.00889	0.01625	0.01002	0.02188	0.00805	0.00958	0.00624	0.00502	0.00383	0.00165	0.00516	0.00326	0.00309	0.00633
19	0.01182	0.01345	0.12217	0.14568	0.44655	0.01172	0.03018	0.01542	0.01195	0.01677	0.02583	0.01901	0.01134	0.00615	0.00557	0.00174	0.00653	0.08770	0.00288	0.00755
20	0.00673	0.00475	0.00617	0.00723	0.00749	0.00449	0.00472	0.00752	0.00990	0.01320	0.02766	0.69071	0.03308	0.13727	0.00995	0.00264	0.00343	0.01413	0.00472	0.00419
21	0.04167	0.19072	0.30544	0.09085	0.11755	0.03624	0.06300	0.01630	0.01140	0.01600	0.00918	0.01133	0.00720	0.00488	0.00474	0.00152	0.00694	0.00397	0.00247	0.05861
22	0.50596	0.21661	0.01387	0.00839	0.01190	0.11226	0.00718	0.01646	0.01042	0.01966	0.00789	0.00917	0.00648	0.00499	0.00356	0.00148	0.00520	0.00303	0.02938	0.00611
23	0.00712	0.00510	0.00675	0.00731	0.00805	0.00477	0.00521	0.00877	0.01232	0.01691	0.32694	0.43775	0.04093	0.03083	0.00710	0.00206	0.00304	0.05905	0.00531	0.00466
24	0.04481	0.01406	0.04099	0.03424	0.32219	0.09989	0.03023	0.14191	0.03621	0.06695	0.01165	0.01337	0.00902	0.00538	0.00506	0.00153	0.00618	0.00457	0.04953	0.06226
25	0.00761	0.00567	0.00841	0.00848	0.00938	0.00653	0.00651	0.00941	0.00870	0.01248	0.01534	0.06748	0.01488	0.05993	0.72346	0.00816	0.01347	0.00636	0.00301	0.00473
26	0.01302	0.01153	0.05658	0.01062	0.01372	0.01189	0.00869	0.02522	0.58536	0.06514	0.06770	0.07179	0.01899	0.00796	0.00558	0.00182	0.00430	0.00673	0.00534	0.00802
27	0.00756	0.00555	0.00770	0.00776	0.00852	0.00612	0.00570	0.00897	0.00874	0.01219	0.01808	0.06740	0.06051	0.20889	0.53346	0.00713	0.01106	0.00703	0.00319	0.00441
28	0.00994	0.00613	0.00786	0.03365	0.00876	0.05089	0.00554	0.00828	0.00788	0.01005	0.01028	0.01819	0.01025	0.01724	0.01881	0.72251	0.00505	0.04339	0.00250	0.00282
29	0.05990	0.58199	0.02380	0.00994	0.01411	0.15944	0.00915	0.01762	0.01186	0.05829	0.00842	0.00938	0.00721	0.00490	0.00381	0.00125	0.00630	0.00313	0.00269	0.00684

[dist]
# distance from previous block
# <min> <max>
0	4

[block]
# block no. 4 follows, 45 sequences, length 6
# corresponding to MSA columns:
# 253-258
name=unknown_E
#
# <colnr> <probs for GDERKNQSTAVLIFYWHMCP>
#	G	D	E	R	K	N	Q	S	T	A	V	L	I	F	Y	W	H	M	C	P
0	0.01146	0.02362	0.57300	0.02018	0.23181	0.01255	0.01890	0.01685	0.01158	0.01715	0.00976	0.01187	0.00727	0.00501	0.00516	0.00167	0.00750	0.00419	0.00237	0.00809
1	0.05829	0.01120	0.01206	0.24136	0.01924	0.11641	0.00909	0.05025	0.01216	0.01740	0.01092	0.01350	0.00861	0.00520	0.00449	0.00134	0.00552	0.00410	0.16123	0.23763
2	0.00879	0.00731	0.01016	0.00943	0.00980	0.00859	0.03719	0.00968	0.00876	0.01232	0.01665	0.20519	0.01878	0.30763	0.08380	0.00387	0.22575	0.00843	0.00335	0.00453
3	0.01281	0.01027	0.01096	0.00972	0.01209	0.01156	0.00729	0.12513	0.45407	0.02072	0.01923	0.02320	0.01624	0.22940	0.01149	0.00273	0.00474	0.00638	0.00484	0.00714
4	0.01791	0.23561	0.01897	0.01131	0.01554	0.01753	0.00972	0.46960	0.10737	0.02665	0.01243	0.01253	0.00935	0.00603	0.00485	0.00151	0.00567	0.00443	0.00453	0.00844
5	0.01365	0.01261	0.02334	0.02645	0.44128	0.01221	0.24674	0.01713	0.01277	0.07886	0.05228	0.01550	0.01104	0.00518	0.00569	0.00167	0.00686	0.00558	0.00317	0.00797

[dist]
# distance from previous block
# <min> <max>
0	16

[block]
# block no. 5 follows, 45 sequences, length 11
# corresponding to MSA columns:
# 275-285
name=unknown_F
#
# <colnr> <probs for GDERKNQSTAVLIFYWHMCP>
#	G	D	E	R	K	N	Q	S	T	A	V	L	I	F	Y	W	H	M	C	P
0	0.03807	0.01574	0.01233	0.01069	0.01365	0.32733	0.00829	0.08749	0.05698	0.19022	0.01568	0.01580	0.04166	0.00639	0.00490	0.00149	0.00635	0.00472	0.13522	0.00700
1	0.00856	0.00712	0.05144	0.00747	0.00930	0.00591	0.00611	0.01177	0.04578	0.04824	0.65115	0.03723	0.06831	0.01042	0.00619	0.00170	0.00299	0.00913	0.00568	0.00550
2	0.01204	0.17599	0.46374	0.01313	0.01932	0.01436	0.01522	0.01942	0.18194	0.01739	0.01197	0.01277	0.00898	0.00549	0.00486	0.00162	0.00668	0.00423	0.00299	0.00786
3	0.01253	0.00937	0.01054	0.08704	0.01372	0.10645	0.02587	0.04399	0.01251	0.14700	0.02210	0.33893	0.03853	0.05557	0.00728	0.00209	0.00507	0.05099	0.00459	0.00582
4	0.00754	0.00561	0.00705	0.00773	0.00856	0.00551	0.00549	0.01017	0.08561	0.01563	0.12418	0.51263	0.06960	0.04698	0.00749	0.00221	0.00335	0.06474	0.00508	0.00486
5	0.00653	0.00489	0.00608	0.00696	0.00767	0.00443	0.00477	0.00763	0.01094	0.01420	0.06466	0.59652	0.21359	0.01582	0.00671	0.00207	0.00300	0.01410	0.00502	0.00443
6	0.12043	0.01386	0.05532	0.05308	0.34181	0.04781	0.10819	0.10154	0.01326	0.03493	0.01023	0.01277	0.00810	0.00584	0.01865	0.00178	0.03693	0.00467	0.00311	0.00769
7	0.09557	0.10602	0.05738	0.00919	0.01389	0.01124	0.00807	0.14446	0.01338	0.02039	0.00968	0.01092	0.00776	0.00464	0.00416	0.00112	0.00476	0.00345	0.00342	0.47049
8	0.00681	0.00486	0.00654	0.00778	0.00821	0.00459	0.00545	0.00794	0.01054	0.01400	0.02944	0.71284	0.03492	0.01656	0.00692	0.00222	0.00335	0.10762	0.00498	0.00443
9	0.01614	0.21358	0.02160	0.01812	0.20435	0.27515	0.08513	0.05908	0.02978	0.01583	0.00933	0.01117	0.00774	0.00511	0.00480	0.00144	0.00752	0.00405	0.00282	0.00725
10	0.00695	0.00507	0.00633	0.00717	0.00781	0.00474	0.00502	0.00801	0.01051	0.01365	0.03195	0.47062	0.16272	0.13246	0.00983	0.00259	0.00357	0.10198	0.00472	0.00430

[dist]
# distance from previous block
# <min> <max>
1	2

[block]
# block no. 6 follows, 45 sequences, length 18
# corresponding to MSA columns:
# 288-305
name=unknown_G
#
# <colnr> <probs for GDERKNQSTAVLIFYWHMCP>
#	G	D	E	R	K	N	Q	S	T	A	V	L	I	F	Y	W	H	M	C	P
0	0.12521	0.00958	0.01083	0.04336	0.01337	0.00815	0.00669	0.01411	0.03368	0.01814	0.00963	0.01136	0.00792	0.00468	0.00447	0.02453	0.00417	0.00334	0.00321	0.64358
1	0.03979	0.06581	0.01056	0.07179	0.01195	0.00832	0.00699	0.01321	0.05513	0.06876	0.45989	0.03133	0.05502	0.00944	0.00648	0.00172	0.04768	0.02532	0.00505	0.00578
2	0.01094	0.01585	0.23092	0.08021	0.04112	0.01180	0.28543	0.01530	0.02652	0.01635	0.02879	0.09219	0.03048	0.00698	0.00669	0.00186	0.05877	0.02997	0.00300	0.00684
3	0.01609	0.01297	0.10530	0.11847	0.01824	0.01204	0.01082	0.23383	0.08500	0.18036	0.01571	0.03098	0.02642	0.02445	0.05701	0.00224	0.03230	0.00539	0.00455	0.00782
4	0.01329	0.01275	0.02179	0.03295	0.77787	0.01275	0.01647	0.01647	0.01222	0.01754	0.01010	0.01329	0.00850	0.00478	0.00531	0.00159	0.00638	0.00478	0.00266	0.00850
5	0.01420	0.01282	0.01256	0.01122	0.01429	0.07626	0.00872	0.05990	0.67485	0.02220	0.02036	0.01888	0.01530	0.00710	0.00541	0.00178	0.00476	0.00580	0.00524	0.00834
6	0.00840	0.00616	0.00740	0.00770	0.00939	0.00575	0.00628	0.01093	0.04877	0.04930	0.07460	0.06954	0.36849	0.01342	0.00668	0.00206	0.00373	0.29120	0.00511	0.00510
7	0.01003	0.00775	0.00888	0.00897	0.02865	0.03099	0.00646	0.06969	0.12932	0.04537	0.15308	0.33278	0.10799	0.01221	0.00625	0.00191	0.00373	0.02492	0.00518	0.00583
8	0.01435	0.81458	0.02813	0.00918	0.01378	0.02124	0.00918	0.01607	0.01091	0.01263	0.00746	0.00861	0.00689	0.00459	0.00344	0.00115	0.00574	0.00287	0.00230	0.00689
9	0.01329	0.01275	0.02179	0.03295	0.77787	0.01275	0.01647	0.01647	0.01222	0.01754	0.01010	0.01329	0.00850	0.00478	0.00531	0.00159	0.00638	0.00478	0.00266	0.00850
10	0.00791	0.00530	0.00623	0.00648	0.00670	0.00528	0.00411	0.00839	0.00869	0.01169	0.01929	0.08603	0.02187	0.62789	0.02259	0.00452	0.00495	0.10810	0.03038	0.00361
11	0.02345	0.01015	0.01308	0.01003	0.01421	0.00939	0.00829	0.15213	0.01706	0.65322	0.01975	0.01735	0.01257	0.00661	0.00539	0.00165	0.00480	0.00530	0.00643	0.00913
12	0.02408	0.00914	0.01246	0.00955	0.01370	0.00789	0.00789	0.02616	0.01536	0.78158	0.02118	0.01827	0.01329	0.00664	0.00540	0.00166	0.00457	0.00540	0.00664	0.00914
13	0.00745	0.00538	0.00705	0.00685	0.00799	0.00497	0.00505	0.00977	0.01453	0.02046	0.67355	0.14462	0.04859	0.01177	0.00640	0.00176	0.00261	0.01046	0.00578	0.00497
14	0.53983	0.00895	0.00845	0.00741	0.01019	0.00991	0.04534	0.01460	0.01037	0.02258	0.08295	0.01450	0.01196	0.00581	0.00386	0.00158	0.00390	0.00420	0.18799	0.00564
15	0.00634	0.00544	0.00544	0.00544	0.00725	0.00453	0.00408	0.00770	0.01224	0.01450	0.05438	0.05166	0.77569	0.01359	0.00634	0.00181	0.00272	0.01133	0.00498	0.00453
16	0.00654	0.00467	0.00623	0.00747	0.00779	0.00436	0.00498	0.00747	0.01028	0.01370	0.02959	0.80785	0.03550	0.01682	0.00685	0.00218	0.00311	0.01526	0.00498	0.00436
17	0.01267	0.01448	0.03167	0.02262	0.02805	0.01357	0.75837	0.01719	0.01267	0.01719	0.01086	0.01448	0.00814	0.00452	0.00633	0.00181	0.00905	0.00633	0.00271	0.00724

[dist]
# distance from previous block
# <min> <max>
0	15

[block]
# block no. 7 follows, 45 sequences, length 11
# corresponding to MSA columns:
# 321-331
name=unknown_H
#
# <colnr> <probs for GDERKNQSTAVLIFYWHMCP>
#	G	D	E	R	K	N	Q	S	T	A	V	L	I	F	Y	W	H	M	C	P
0	0.43217	0.10865	0.07696	0.02638	0.01326	0.01225	0.00814	0.01842	0.04979	0.17315	0.01168	0.02943	0.00876	0.00567	0.00414	0.00162	0.00479	0.00397	0.00390	0.00690
1	0.00779	0.00544	0.00761	0.00783	0.00869	0.00601	0.00588	0.00955	0.00926	0.01366	0.01762	0.16268	0.01763	0.05599	0.51700	0.00635	0.01043	0.00742	0.11848	0.00469
2	0.00920	0.00666	0.00820	0.00855	0.00965	0.00672	0.00622	0.14291	0.01313	0.01751	0.02649	0.60402	0.03039	0.01479	0.00663	0.00210	0.00377	0.07276	0.00505	0.00526
3	0.01544	0.67100	0.02597	0.00975	0.01429	0.02042	0.00937	0.14966	0.01348	0.01644	0.00844	0.00938	0.00729	0.00492	0.00379	0.00123	0.00577	0.00322	0.00285	0.00729
4	0.01106	0.01047	0.00989	0.00952	0.01079	0.17525	0.00707	0.05353	0.01120	0.01395	0.01583	0.16085	0.01628	0.12094	0.29596	0.00470	0.03869	0.00712	0.02178	0.00512
5	0.05258	0.00607	0.00761	0.00754	0.00880	0.00585	0.00565	0.01139	0.01211	0.09585	0.25485	0.14442	0.03206	0.18442	0.01088	0.00265	0.00392	0.14335	0.00497	0.00501
6	0.01673	0.01864	0.01491	0.01388	0.05458	0.42324	0.03907	0.06164	0.14963	0.01601	0.01135	0.01298	0.00922	0.00786	0.02531	0.07056	0.04009	0.00439	0.00334	0.00658
7	0.01007	0.00906	0.01475	0.53666	0.12330	0.01065	0.01282	0.01292	0.01044	0.01367	0.01150	0.01931	0.01026	0.15032	0.00936	0.00240	0.00664	0.02745	0.00265	0.00576
8	0.01184	0.01283	0.07071	0.05032	0.21735	0.15192	0.01065	0.01411	0.01200	0.03382	0.01868	0.22361	0.07159	0.01068	0.04656	0.00210	0.00631	0.00776	0.02086	0.00631
9	0.02964	0.07466	0.06991	0.00914	0.01150	0.00871	0.04119	0.02738	0.02662	0.03459	0.14184	0.15967	0.15877	0.02113	0.00698	0.00186	0.06343	0.05001	0.03702	0.02593
10	0.01276	0.01284	0.07178	0.23239	0.17153	0.11921	0.01227	0.01581	0.03084	0.07908	0.01481	0.15732	0.01376	0.00769	0.00558	0.00176	0.00635	0.02411	0.00344	0.00666

[dist]
# distance from previous block
# <min> <max>
0	30

# created by:
# /st0/software/busco_prod/Augustus/scripts/msa2prfl.pl ./align_prep/181954.fa
