[name]
unknown

[dist]
# distance from previous block
# <min> <max>
2	99

[block]
# block no. 0 follows, 43 sequences, length 8
# corresponding to MSA columns:
# 102-109
name=unknown_A
#
# <colnr> <probs for GDERKNQSTAVLIFYWHMCP>
#	G	D	E	R	K	N	Q	S	T	A	V	L	I	F	Y	W	H	M	C	P
0	0.04765	0.03079	0.11518	0.06473	0.03740	0.03157	0.03781	0.11296	0.05776	0.14993	0.04646	0.03331	0.01217	0.00631	0.00552	0.00158	0.02617	0.00510	0.02552	0.15206
1	0.01434	0.01398	0.10209	0.08709	0.07144	0.05189	0.05890	0.06814	0.07719	0.10247	0.01354	0.01493	0.02831	0.00595	0.00610	0.00156	0.06059	0.00481	0.00374	0.21294
2	0.04946	0.04981	0.07698	0.10873	0.11764	0.01209	0.07243	0.03513	0.06648	0.13191	0.01286	0.01459	0.00968	0.00591	0.00623	0.00166	0.07219	0.00483	0.04711	0.10430
3	0.15394	0.01001	0.01364	0.37384	0.02450	0.01138	0.01123	0.01592	0.04362	0.07357	0.01176	0.01614	0.00937	0.00620	0.00584	0.00174	0.05249	0.04124	0.00333	0.12023
4	0.01182	0.00980	0.01626	0.71821	0.03588	0.01191	0.01470	0.01536	0.01153	0.08595	0.01098	0.01515	0.00798	0.00566	0.00554	0.00183	0.00713	0.00498	0.00288	0.00646
5	0.01564	0.01398	0.10833	0.08639	0.12101	0.01240	0.09088	0.12361	0.13342	0.14855	0.04402	0.01658	0.01227	0.00619	0.00560	0.00172	0.00615	0.00546	0.00437	0.04344
6	0.00851	0.00750	0.00784	0.04812	0.01059	0.03684	0.00589	0.01220	0.12124	0.01681	0.12510	0.10120	0.45322	0.01227	0.00634	0.00187	0.00356	0.01036	0.00509	0.00546
7	0.01032	0.00516	0.00516	0.00516	0.00645	0.00516	0.00387	0.01290	0.01161	0.02065	0.01807	0.02065	0.01420	0.00645	0.00387	0.00129	0.00258	0.00516	0.83611	0.00516

[dist]
# distance from previous block
# <min> <max>
0	1

[block]
# block no. 1 follows, 43 sequences, length 37
# corresponding to MSA columns:
# 111-128,138-156
name=unknown_B
#
# <colnr> <probs for GDERKNQSTAVLIFYWHMCP>
#	G	D	E	R	K	N	Q	S	T	A	V	L	I	F	Y	W	H	M	C	P
0	0.08570	0.07713	0.01475	0.01106	0.01467	0.12968	0.00893	0.25712	0.11908	0.11109	0.05617	0.01617	0.01291	0.03761	0.00605	0.00176	0.00586	0.00506	0.00478	0.02442
1	0.33646	0.01672	0.01325	0.04942	0.03356	0.29743	0.03565	0.04858	0.01297	0.01952	0.03201	0.01132	0.00832	0.00567	0.00484	0.00160	0.02628	0.00383	0.00327	0.03929
2	0.01032	0.00516	0.00516	0.00516	0.00645	0.00516	0.00387	0.01290	0.01161	0.02065	0.01807	0.02065	0.01420	0.00645	0.00387	0.00129	0.00258	0.00516	0.83611	0.00516
3	0.23791	0.31036	0.04198	0.04310	0.01514	0.09046	0.02710	0.05017	0.02925	0.07173	0.00990	0.01100	0.00784	0.00533	0.00415	0.00149	0.00589	0.00364	0.02656	0.00699
4	0.01056	0.00994	0.01679	0.76925	0.06019	0.01233	0.01543	0.01424	0.01112	0.01427	0.00986	0.01473	0.00742	0.00552	0.00554	0.00184	0.00736	0.00492	0.00247	0.00623
5	0.01148	0.00984	0.01148	0.00820	0.01312	0.00738	0.00656	0.01395	0.01148	0.01805	0.00984	0.01148	0.00820	0.00410	0.00410	0.00082	0.00410	0.00328	0.00328	0.83922
6	0.05352	0.04586	0.02884	0.01129	0.02926	0.09171	0.04801	0.14076	0.07902	0.11343	0.07213	0.12841	0.09677	0.00897	0.00606	0.00178	0.02484	0.00743	0.00479	0.00710
7	0.01438	0.01282	0.01537	0.16413	0.14380	0.09950	0.01112	0.09215	0.05017	0.05958	0.04343	0.01462	0.01070	0.00571	0.00545	0.00149	0.02528	0.00467	0.00362	0.22201
8	0.00797	0.00592	0.00746	0.00703	0.00846	0.00554	0.00528	0.01103	0.04694	0.02160	0.67241	0.04157	0.11510	0.01140	0.00650	0.00176	0.00271	0.01001	0.00599	0.00533
9	0.01032	0.00516	0.00516	0.00516	0.00645	0.00516	0.00387	0.01290	0.01161	0.02065	0.01807	0.02065	0.01420	0.00645	0.00387	0.00129	0.00258	0.00516	0.83611	0.00516
10	0.00682	0.00497	0.00643	0.00744	0.00800	0.00458	0.00506	0.00796	0.01122	0.01488	0.09381	0.66585	0.10952	0.01653	0.00697	0.00217	0.00312	0.01488	0.00522	0.00458
11	0.01032	0.00516	0.00516	0.00516	0.00645	0.00516	0.00387	0.01290	0.01161	0.02065	0.01807	0.02065	0.01420	0.00645	0.00387	0.00129	0.00258	0.00516	0.83611	0.00516
12	0.05865	0.09149	0.04031	0.03064	0.01570	0.03734	0.03616	0.11750	0.01281	0.06509	0.01007	0.01241	0.00825	0.00755	0.02809	0.00189	0.25322	0.00435	0.00338	0.16511
13	0.01195	0.00885	0.02436	0.03475	0.04790	0.00922	0.00807	0.08493	0.01375	0.10469	0.21452	0.02865	0.11779	0.07405	0.07714	0.00275	0.11825	0.00748	0.00466	0.00624
14	0.00674	0.00513	0.00623	0.00709	0.00795	0.00461	0.00494	0.00790	0.01133	0.01448	0.03892	0.53360	0.27770	0.01620	0.00691	0.00213	0.00313	0.03528	0.00514	0.00457
15	0.01131	0.00966	0.01130	0.00819	0.01294	0.00728	0.00651	0.01372	0.01145	0.01791	0.01059	0.03998	0.00923	0.00458	0.00421	0.00087	0.00407	0.00373	0.00335	0.80912
16	0.01645	0.01100	0.01343	0.07027	0.03465	0.01093	0.00893	0.15989	0.12280	0.19386	0.03083	0.03088	0.01251	0.02101	0.00592	0.00160	0.02203	0.00521	0.00486	0.22292
17	0.01390	0.09217	0.19537	0.03774	0.01891	0.01425	0.08712	0.16089	0.11630	0.02097	0.02507	0.02759	0.01050	0.00632	0.00627	0.00169	0.06718	0.00504	0.02091	0.07183
18	0.01185	0.01013	0.01244	0.04030	0.03396	0.00824	0.02086	0.05125	0.01223	0.01860	0.01079	0.03994	0.00926	0.00479	0.00442	0.00099	0.00446	0.00398	0.00341	0.69810
19	0.00664	0.00540	0.00583	0.00616	0.00758	0.00465	0.00442	0.00789	0.01196	0.01462	0.04833	0.24544	0.55713	0.03923	0.00735	0.00208	0.00299	0.01262	0.00509	0.00459
20	0.03545	0.01160	0.01599	0.03258	0.06339	0.01147	0.10189	0.12138	0.07329	0.06614	0.01304	0.05339	0.01074	0.00625	0.00632	0.00152	0.07531	0.00521	0.00391	0.29112
21	0.01357	0.01172	0.01233	0.01111	0.01421	0.01352	0.00864	0.02882	0.73962	0.02294	0.02349	0.02159	0.03819	0.00770	0.00566	0.00188	0.00434	0.00642	0.00562	0.00865
22	0.01699	0.01287	0.01476	0.05090	0.07723	0.09322	0.04406	0.21783	0.07143	0.16056	0.05492	0.05134	0.09357	0.00778	0.00575	0.00173	0.00576	0.00647	0.00497	0.00786
23	0.01484	0.01178	0.01264	0.01119	0.01444	0.01339	0.00876	0.04573	0.68326	0.08474	0.02227	0.02035	0.01647	0.00744	0.00563	0.00186	0.00445	0.00618	0.00573	0.00883
24	0.01272	0.01358	0.07598	0.21112	0.14727	0.01332	0.21131	0.01898	0.15612	0.03271	0.01289	0.01553	0.00981	0.00576	0.00629	0.00184	0.03831	0.00556	0.00328	0.00764
25	0.00701	0.00558	0.00629	0.00628	0.00785	0.00487	0.00469	0.00877	0.01341	0.01715	0.27093	0.10634	0.47887	0.01348	0.00660	0.00187	0.00283	0.02691	0.00543	0.00484
26	0.00726	0.00544	0.00664	0.00674	0.00789	0.00492	0.00484	0.00904	0.01331	0.01786	0.37312	0.21927	0.23389	0.05498	0.00779	0.00208	0.00295	0.01167	0.00548	0.00482
27	0.00676	0.00562	0.00591	0.00584	0.00761	0.00477	0.00438	0.00836	0.01313	0.01617	0.17433	0.05132	0.64959	0.01358	0.00654	0.00185	0.00277	0.01141	0.00530	0.00477
28	0.00681	0.00502	0.00638	0.00732	0.00797	0.00459	0.00500	0.00799	0.01137	0.01498	0.09956	0.61716	0.15295	0.01630	0.00694	0.00214	0.00310	0.01460	0.00523	0.00459
29	0.01229	0.01278	0.02142	0.06424	0.02008	0.01584	0.22266	0.01463	0.00995	0.01463	0.00855	0.01308	0.00760	0.00801	0.01409	0.00223	0.52359	0.00533	0.00253	0.00647
30	0.01212	0.01212	0.01696	0.01454	0.01454	0.01696	0.01212	0.01333	0.00848	0.01333	0.00727	0.01212	0.00727	0.00969	0.01818	0.00242	0.79523	0.00485	0.00242	0.00606
31	0.01148	0.00984	0.01148	0.00820	0.01312	0.00738	0.00656	0.01395	0.01148	0.01805	0.00984	0.01148	0.00820	0.00410	0.00410	0.00082	0.00410	0.00328	0.00328	0.83922
32	0.01204	0.01209	0.01769	0.01491	0.01530	0.01644	0.05858	0.01349	0.00879	0.01359	0.00777	0.01261	0.00756	0.01043	0.04281	0.00260	0.71974	0.00499	0.00247	0.00611
33	0.01325	0.02540	0.63725	0.01483	0.02229	0.01244	0.01831	0.04483	0.02867	0.11385	0.01183	0.01284	0.00816	0.00556	0.00532	0.00175	0.00759	0.00436	0.00309	0.00840
34	0.01487	0.01034	0.01483	0.05609	0.01634	0.01056	0.11810	0.16939	0.06345	0.16065	0.05586	0.20209	0.01923	0.03728	0.00716	0.00201	0.02120	0.00827	0.00500	0.00727
35	0.01116	0.03559	0.01794	0.63927	0.05537	0.03053	0.05036	0.01460	0.01115	0.01433	0.00966	0.01427	0.00745	0.00574	0.00636	0.00185	0.06066	0.00490	0.00249	0.00632
36	0.01192	0.01183	0.01757	0.16298	0.01982	0.01578	0.05303	0.01441	0.04107	0.01414	0.00862	0.01314	0.00776	0.00853	0.01460	0.00226	0.56867	0.00501	0.00259	0.00627

[dist]
# distance from previous block
# <min> <max>
0	1

[block]
# block no. 2 follows, 43 sequences, length 32
# corresponding to MSA columns:
# 158-170,173-191
name=unknown_C
#
# <colnr> <probs for GDERKNQSTAVLIFYWHMCP>
#	G	D	E	R	K	N	Q	S	T	A	V	L	I	F	Y	W	H	M	C	P
0	0.01315	0.01238	0.02003	0.05072	0.59246	0.01194	0.01479	0.01628	0.01233	0.01797	0.01028	0.01328	0.00861	0.00478	0.00520	0.00148	0.00609	0.00459	0.00285	0.18080
1	0.00675	0.00482	0.00643	0.00771	0.00803	0.00450	0.00514	0.00771	0.01060	0.01414	0.03053	0.80175	0.03663	0.01735	0.00707	0.00225	0.00321	0.01574	0.00514	0.00450
2	0.02214	0.01719	0.01511	0.01233	0.01619	0.26936	0.00982	0.27752	0.01934	0.26404	0.01445	0.01397	0.01003	0.00640	0.00537	0.00160	0.00695	0.00470	0.00507	0.00842
3	0.01378	0.01190	0.01252	0.01127	0.01440	0.01378	0.00877	0.02943	0.76081	0.02317	0.02254	0.02066	0.01691	0.00751	0.00564	0.00188	0.00438	0.00626	0.00564	0.00877
4	0.01067	0.00787	0.00925	0.00881	0.01071	0.00821	0.00660	0.01738	0.27598	0.06703	0.25446	0.22627	0.05155	0.01131	0.00629	0.00192	0.00352	0.00992	0.00571	0.00653
5	0.01188	0.01011	0.01205	0.05708	0.01487	0.00816	0.00730	0.04921	0.01215	0.01861	0.01001	0.01177	0.00821	0.00431	0.00426	0.00092	0.00440	0.00346	0.00334	0.74788
6	0.00758	0.00540	0.00688	0.00728	0.00830	0.00489	0.00515	0.00915	0.01249	0.03437	0.24760	0.44305	0.13721	0.01458	0.00673	0.00200	0.00304	0.01299	0.00541	0.02590
7	0.00759	0.00506	0.00670	0.00774	0.00830	0.00467	0.00525	0.00862	0.01092	0.04966	0.03099	0.73986	0.06035	0.01675	0.00698	0.00221	0.00327	0.01513	0.00522	0.00473
8	0.01801	0.01321	0.02850	0.03077	0.01573	0.05614	0.00945	0.24772	0.26982	0.17108	0.06599	0.01847	0.01529	0.00717	0.00561	0.00174	0.00532	0.00575	0.00557	0.00866
9	0.01341	0.01213	0.02052	0.22668	0.54733	0.01270	0.01616	0.01675	0.01237	0.05321	0.01082	0.01422	0.00865	0.00518	0.00550	0.00170	0.00670	0.00496	0.00287	0.00813
10	0.01642	0.01124	0.01189	0.00968	0.01281	0.01227	0.00781	0.42045	0.06294	0.02863	0.01570	0.01661	0.01173	0.00662	0.00489	0.00153	0.00462	0.00513	0.33131	0.00771
11	0.00682	0.00487	0.00649	0.00767	0.00805	0.00454	0.00515	0.00788	0.01092	0.01464	0.07630	0.75454	0.03760	0.01698	0.00704	0.00222	0.00318	0.01539	0.00520	0.00454
12	0.01223	0.04673	0.01298	0.19318	0.03669	0.01061	0.00947	0.16082	0.03826	0.05561	0.02054	0.29675	0.04803	0.01045	0.00626	0.00192	0.01948	0.00904	0.00445	0.00651
13	0.01785	0.05839	0.01741	0.10065	0.05237	0.50601	0.03522	0.03694	0.01425	0.01441	0.00880	0.01108	0.00734	0.00602	0.00646	0.00160	0.09181	0.00401	0.00280	0.00659
14	0.01261	0.00708	0.00842	0.00772	0.00970	0.00686	0.00588	0.08594	0.02892	0.15443	0.12722	0.20495	0.07246	0.01024	0.00565	0.00173	0.00350	0.00877	0.23170	0.00623
15	0.01318	0.07551	0.08965	0.05950	0.01792	0.01422	0.08510	0.07949	0.30088	0.02002	0.03846	0.01812	0.03931	0.00783	0.02121	0.00198	0.10000	0.00577	0.00415	0.00771
16	0.01181	0.00899	0.01071	0.07691	0.01388	0.00957	0.00777	0.10016	0.22157	0.05700	0.15119	0.18254	0.08036	0.01023	0.00608	0.00186	0.00419	0.00884	0.00528	0.03106
17	0.00724	0.00587	0.00690	0.00689	0.00821	0.00553	0.00512	0.00883	0.01270	0.01642	0.21720	0.19300	0.40926	0.01376	0.00737	0.00195	0.05203	0.01165	0.00520	0.00486
18	0.01070	0.00867	0.01013	0.00855	0.01131	0.00822	0.00662	0.07965	0.08433	0.01973	0.17660	0.10784	0.10279	0.03292	0.00685	0.00166	0.04158	0.00756	0.00465	0.26964
19	0.50464	0.01166	0.01098	0.00913	0.01281	0.01303	0.00751	0.17865	0.04362	0.12750	0.01141	0.01178	0.00824	0.00589	0.00457	0.00172	0.02119	0.00395	0.00442	0.00732
20	0.01046	0.00984	0.01661	0.79205	0.03814	0.01230	0.01538	0.01415	0.01107	0.01415	0.00984	0.01477	0.00738	0.00554	0.00554	0.00185	0.00738	0.00492	0.00246	0.00615
21	0.01096	0.01028	0.01730	0.60939	0.17703	0.01213	0.01521	0.01452	0.01159	0.01529	0.04615	0.01583	0.00979	0.00570	0.00557	0.00180	0.00700	0.00517	0.00269	0.00661
22	0.00680	0.00487	0.00638	0.00756	0.00792	0.00455	0.00503	0.00774	0.01056	0.01401	0.03081	0.73982	0.06148	0.05401	0.00804	0.00238	0.00330	0.01524	0.00506	0.00445
23	0.00970	0.00863	0.01347	0.44999	0.05105	0.01021	0.01178	0.01313	0.05226	0.01493	0.03431	0.24015	0.01736	0.00930	0.00651	0.00198	0.03767	0.00820	0.00349	0.00589
24	0.01085	0.00961	0.01364	0.22481	0.03856	0.01006	0.02333	0.03066	0.01108	0.01597	0.01171	0.07038	0.01059	0.01037	0.09372	0.00235	0.09644	0.00524	0.00309	0.30754
25	0.44624	0.01259	0.01208	0.09425	0.01576	0.05622	0.00880	0.16221	0.03568	0.02397	0.00950	0.01116	0.00733	0.00599	0.00555	0.00177	0.07650	0.00390	0.00369	0.00680
26	0.03365	0.08860	0.01512	0.01150	0.01365	0.01424	0.00939	0.25244	0.02963	0.02120	0.03751	0.18728	0.01593	0.00981	0.00927	0.00197	0.23040	0.00725	0.00422	0.00693
27	0.03111	0.01110	0.01207	0.01014	0.01312	0.01198	0.00806	0.37187	0.07569	0.04277	0.02358	0.13881	0.13424	0.00952	0.00611	0.00180	0.02461	0.00774	0.05822	0.00746
28	0.01425	0.03940	0.04741	0.01043	0.01499	0.02550	0.03065	0.11993	0.07162	0.07127	0.01194	0.01297	0.00927	0.00529	0.00530	0.00125	0.04188	0.00410	0.00389	0.45867
29	0.01016	0.08316	0.01058	0.00875	0.01039	0.05296	0.00661	0.02797	0.05262	0.03982	0.05261	0.38743	0.09509	0.03646	0.00741	0.00204	0.04108	0.02498	0.00460	0.04527
30	0.03599	0.00707	0.01047	0.00969	0.01137	0.00665	0.09494	0.03453	0.01194	0.06074	0.05285	0.50179	0.07232	0.02884	0.00702	0.00211	0.00419	0.01233	0.00486	0.03028
31	0.07825	0.44982	0.04597	0.00985	0.01438	0.01747	0.00920	0.12682	0.03234	0.03537	0.01028	0.03591	0.00883	0.00552	0.00417	0.00134	0.00554	0.00389	0.00330	0.10173

[dist]
# distance from previous block
# <min> <max>
1	17

[block]
# block no. 3 follows, 43 sequences, length 11
# corresponding to MSA columns:
# 209-219
name=unknown_D
#
# <colnr> <probs for GDERKNQSTAVLIFYWHMCP>
#	G	D	E	R	K	N	Q	S	T	A	V	L	I	F	Y	W	H	M	C	P
0	0.01331	0.01084	0.01475	0.14573	0.11314	0.01077	0.01038	0.05541	0.03389	0.07834	0.01114	0.01334	0.00879	0.00552	0.00630	0.00142	0.09203	0.00430	0.00345	0.36715
1	0.01663	0.00921	0.01129	0.00949	0.01259	0.00915	0.00754	0.04898	0.22110	0.31867	0.24236	0.02581	0.02583	0.00835	0.00587	0.00177	0.00405	0.00705	0.00625	0.00800
2	0.00768	0.00546	0.00646	0.00680	0.00799	0.00486	0.00481	0.00896	0.01197	0.04974	0.10873	0.34999	0.32690	0.06355	0.00804	0.00222	0.00320	0.01266	0.00520	0.00479
3	0.00774	0.00552	0.00744	0.00768	0.00820	0.00592	0.00535	0.00884	0.00894	0.01237	0.01877	0.17763	0.02042	0.30027	0.37279	0.00640	0.00932	0.00856	0.00352	0.00431
4	0.00683	0.00486	0.00640	0.00760	0.00790	0.00456	0.00502	0.00773	0.01044	0.01391	0.02966	0.75118	0.03554	0.06941	0.00846	0.00246	0.00336	0.01524	0.00502	0.00442
5	0.00804	0.00542	0.00632	0.00632	0.00641	0.00552	0.00370	0.00823	0.00814	0.01094	0.01720	0.03485	0.01953	0.73199	0.10073	0.00571	0.00628	0.00785	0.00332	0.00351
6	0.01148	0.00984	0.01148	0.00820	0.01312	0.00738	0.00656	0.01395	0.01148	0.01805	0.00984	0.01148	0.00820	0.00410	0.00410	0.00082	0.00410	0.00328	0.00328	0.83922
7	0.22646	0.01352	0.06169	0.01040	0.01479	0.01318	0.00896	0.28238	0.09059	0.02632	0.01181	0.01243	0.00887	0.00570	0.00468	0.00152	0.00516	0.00417	0.00431	0.19309
8	0.01563	0.01154	0.01348	0.01173	0.06272	0.01147	0.00870	0.20479	0.17262	0.10251	0.01572	0.04627	0.01244	0.03216	0.00592	0.00160	0.00489	0.00532	0.00476	0.25572
9	0.08473	0.23008	0.05722	0.03021	0.04741	0.03310	0.00992	0.11530	0.11590	0.08930	0.01229	0.01291	0.00946	0.00576	0.00507	0.00151	0.03156	0.00422	0.00386	0.10020
10	0.01809	0.01110	0.01303	0.01055	0.01425	0.01131	0.00849	0.23376	0.14641	0.25038	0.01847	0.07401	0.01415	0.00962	0.05545	0.00214	0.00554	0.00606	0.00553	0.09168

[dist]
# distance from previous block
# <min> <max>
8	120

[block]
# block no. 4 follows, 43 sequences, length 31
# corresponding to MSA columns:
# 344-374
name=unknown_E
#
# <colnr> <probs for GDERKNQSTAVLIFYWHMCP>
#	G	D	E	R	K	N	Q	S	T	A	V	L	I	F	Y	W	H	M	C	P
0	0.09059	0.01236	0.03144	0.22369	0.04225	0.08958	0.01086	0.08932	0.07345	0.01872	0.01547	0.02062	0.05522	0.00728	0.00594	0.00176	0.03895	0.07878	0.00366	0.09006
1	0.03571	0.06596	0.04332	0.06645	0.01667	0.07779	0.00957	0.16482	0.08753	0.21755	0.01614	0.01595	0.03631	0.00633	0.00517	0.00156	0.00565	0.00493	0.00476	0.11784
2	0.10519	0.08130	0.06544	0.03114	0.06094	0.19614	0.04423	0.07946	0.01374	0.03927	0.00985	0.01138	0.00782	0.00512	0.00466	0.00137	0.00659	0.00384	0.00327	0.22926
3	0.00911	0.00698	0.00891	0.04429	0.01123	0.00651	0.00630	0.01159	0.05260	0.03079	0.08325	0.32291	0.02475	0.06351	0.08613	0.00267	0.00498	0.00951	0.00437	0.20959
4	0.00906	0.00721	0.00913	0.08842	0.01243	0.00748	0.00686	0.01405	0.15515	0.02052	0.45076	0.08659	0.08945	0.01060	0.00630	0.00182	0.00349	0.00928	0.00551	0.00590
5	0.00679	0.00485	0.00646	0.00768	0.00804	0.00453	0.00514	0.00781	0.01079	0.01444	0.05824	0.77317	0.03722	0.01712	0.00705	0.00223	0.00319	0.01553	0.00518	0.00453
6	0.00669	0.00545	0.00592	0.00616	0.00766	0.00468	0.00448	0.00809	0.01242	0.01534	0.10480	0.21241	0.55758	0.01453	0.00666	0.00194	0.00288	0.01243	0.00522	0.00468
7	0.01341	0.00680	0.00894	0.00797	0.01013	0.00607	0.00609	0.01542	0.01445	0.27849	0.31496	0.16447	0.08670	0.03175	0.00686	0.00192	0.00352	0.00954	0.00605	0.00646
8	0.00781	0.00533	0.00613	0.00625	0.00645	0.00523	0.00369	0.00812	0.00894	0.01188	0.05566	0.12603	0.06225	0.63644	0.02362	0.00466	0.00486	0.00922	0.00378	0.00364
9	0.01481	0.80869	0.02902	0.00948	0.01421	0.02191	0.00948	0.01658	0.01125	0.01303	0.00770	0.00888	0.00711	0.00474	0.00355	0.00118	0.00592	0.00296	0.00237	0.00711
10	0.45338	0.01010	0.01039	0.00851	0.01235	0.01038	0.00702	0.02139	0.01249	0.38263	0.01446	0.01370	0.00968	0.00596	0.00445	0.00171	0.00449	0.00423	0.00506	0.00763
11	0.01378	0.01190	0.01252	0.01127	0.01440	0.01378	0.00877	0.02943	0.76081	0.02317	0.02254	0.02066	0.01691	0.00751	0.00564	0.00188	0.00438	0.00626	0.00564	0.00877
12	0.00962	0.00481	0.00722	0.00722	0.00722	0.00481	0.00481	0.00722	0.00722	0.00962	0.00962	0.01684	0.00962	0.01924	0.02165	0.83886	0.00481	0.00481	0.00241	0.00241
13	0.01386	0.01327	0.02176	0.15133	0.53014	0.04882	0.07826	0.01720	0.01266	0.04394	0.01071	0.01399	0.00862	0.00511	0.00556	0.00169	0.00703	0.00503	0.00285	0.00816
14	0.01210	0.01283	0.03881	0.01611	0.01749	0.01582	0.16193	0.01418	0.00951	0.01431	0.00847	0.01310	0.00778	0.00996	0.04907	0.00258	0.58186	0.00522	0.00252	0.00635
15	0.02485	0.00943	0.01285	0.00985	0.01414	0.00814	0.00814	0.02699	0.01585	0.77465	0.02185	0.01885	0.01371	0.00685	0.00557	0.00171	0.00471	0.00557	0.00685	0.00943
16	0.01280	0.01224	0.02085	0.24464	0.56722	0.01292	0.01655	0.01621	0.01218	0.01700	0.01026	0.01400	0.00839	0.00510	0.00550	0.00170	0.00680	0.00493	0.00266	0.00804
17	0.01111	0.02865	0.77667	0.01579	0.02397	0.01286	0.02046	0.01754	0.01169	0.01754	0.00994	0.01169	0.00702	0.00526	0.00526	0.00175	0.00818	0.00409	0.00234	0.00818
18	0.00892	0.00637	0.00892	0.01020	0.01147	0.00637	0.00892	0.01147	0.01275	0.01657	0.02932	0.06247	0.03187	0.01530	0.00765	0.00255	0.00510	0.73354	0.00510	0.00510
19	0.00932	0.00698	0.00942	0.00882	0.01000	0.00746	0.00703	0.01167	0.01405	0.04646	0.50513	0.03879	0.04035	0.01148	0.00861	0.00197	0.13587	0.11575	0.00536	0.00549
20	0.03459	0.03452	0.01667	0.13191	0.21076	0.02746	0.02524	0.13332	0.01513	0.19255	0.04682	0.01631	0.01185	0.00690	0.02124	0.00183	0.02054	0.00524	0.03908	0.00802
21	0.02469	0.00968	0.01301	0.00997	0.01426	0.00852	0.00824	0.05733	0.01628	0.74371	0.02149	0.01862	0.01353	0.00685	0.00557	0.00171	0.00477	0.00555	0.00680	0.00942
22	0.02105	0.01551	0.01662	0.01274	0.01717	0.01717	0.01053	0.75235	0.02604	0.03490	0.01330	0.01330	0.00942	0.00665	0.00554	0.00166	0.00609	0.00499	0.00554	0.00942
23	0.00984	0.01442	0.30428	0.01083	0.01454	0.00805	0.01117	0.01298	0.01140	0.07241	0.02250	0.37307	0.05490	0.04471	0.00712	0.00213	0.00532	0.00998	0.00411	0.00625
24	0.16247	0.03235	0.12401	0.01029	0.03097	0.02681	0.00925	0.08997	0.01282	0.02079	0.02707	0.01189	0.00873	0.00495	0.00439	0.00126	0.00512	0.00371	0.00342	0.40975
25	0.00800	0.00549	0.00661	0.00652	0.00688	0.00550	0.00409	0.00872	0.00965	0.01322	0.16518	0.03576	0.02582	0.56973	0.10206	0.00502	0.00580	0.00822	0.00386	0.00389
26	0.00675	0.00482	0.00643	0.00771	0.00803	0.00450	0.00514	0.00771	0.01060	0.01414	0.03053	0.80175	0.03663	0.01735	0.00707	0.00225	0.00321	0.01574	0.00514	0.00450
27	0.01774	0.01573	0.09717	0.09431	0.06762	0.01548	0.01227	0.49930	0.05528	0.02878	0.01327	0.03423	0.00997	0.00660	0.00555	0.00171	0.00633	0.00522	0.00470	0.00875
28	0.09524	0.05221	0.14512	0.10237	0.26544	0.01403	0.01422	0.15843	0.04884	0.02144	0.01134	0.01393	0.00890	0.00570	0.00522	0.00170	0.00646	0.01790	0.00341	0.00810
29	0.00934	0.00566	0.00668	0.00654	0.00701	0.00550	0.00402	0.00978	0.00936	0.07432	0.05322	0.10899	0.02254	0.61015	0.02278	0.00451	0.00492	0.00862	0.02197	0.00409
30	0.17007	0.00949	0.01154	0.00918	0.01298	0.00897	0.00752	0.05498	0.01512	0.52023	0.10535	0.01944	0.01660	0.00706	0.00529	0.00171	0.00445	0.00560	0.00609	0.00832

[dist]
# distance from previous block
# <min> <max>
0	1

[block]
# block no. 5 follows, 43 sequences, length 6
# corresponding to MSA columns:
# 376-381
name=unknown_F
#
# <colnr> <probs for GDERKNQSTAVLIFYWHMCP>
#	G	D	E	R	K	N	Q	S	T	A	V	L	I	F	Y	W	H	M	C	P
0	0.01292	0.00985	0.04754	0.05181	0.01365	0.00938	0.00806	0.04919	0.23935	0.14177	0.14974	0.05457	0.17020	0.00939	0.00597	0.00182	0.00421	0.00792	0.00546	0.00720
1	0.01099	0.01063	0.01781	0.23700	0.02347	0.03562	0.23127	0.01402	0.01195	0.01594	0.01823	0.02108	0.13089	0.00729	0.00656	0.04537	0.00652	0.00630	0.06301	0.08603
2	0.00896	0.00651	0.00897	0.13334	0.01329	0.00645	0.00690	0.01160	0.01463	0.05707	0.53572	0.03722	0.11717	0.01045	0.00633	0.00177	0.00350	0.00915	0.00545	0.00552
3	0.01591	0.01064	0.05033	0.03162	0.01394	0.01032	0.04578	0.16185	0.05428	0.17952	0.01652	0.01742	0.01204	0.00665	0.00576	0.00162	0.05251	0.00526	0.30059	0.00742
4	0.00759	0.00503	0.00627	0.00703	0.00756	0.00478	0.00473	0.00886	0.01097	0.01559	0.10111	0.50748	0.03261	0.10976	0.00904	0.00242	0.00331	0.01254	0.13878	0.00454
5	0.23362	0.21220	0.05602	0.00897	0.01276	0.05749	0.00791	0.01490	0.01099	0.01767	0.01200	0.13730	0.01179	0.00683	0.00438	0.00147	0.00503	0.00519	0.00331	0.18017

[dist]
# distance from previous block
# <min> <max>
2	6

[block]
# block no. 6 follows, 43 sequences, length 40
# corresponding to MSA columns:
# 388-395,397-428
name=unknown_G
#
# <colnr> <probs for GDERKNQSTAVLIFYWHMCP>
#	G	D	E	R	K	N	Q	S	T	A	V	L	I	F	Y	W	H	M	C	P
0	0.03087	0.01455	0.25205	0.01062	0.01473	0.00966	0.01082	0.06845	0.08216	0.07450	0.20870	0.02458	0.06534	0.03340	0.02682	0.00203	0.00539	0.00662	0.05173	0.00700
1	0.32963	0.10485	0.05886	0.04042	0.03826	0.08527	0.00967	0.23271	0.01536	0.02440	0.00972	0.01085	0.00742	0.00560	0.00445	0.00162	0.00593	0.00382	0.00376	0.00738
2	0.01084	0.01025	0.05753	0.07639	0.03126	0.08412	0.00818	0.05213	0.01486	0.04834	0.38257	0.10484	0.07653	0.01006	0.00615	0.00177	0.00452	0.00867	0.00501	0.00597
3	0.07802	0.32436	0.22312	0.01164	0.01694	0.01696	0.01217	0.14156	0.07461	0.01983	0.02656	0.01203	0.00914	0.00559	0.00457	0.00153	0.00624	0.00402	0.00332	0.00779
4	0.84448	0.01071	0.00814	0.00728	0.01071	0.01242	0.00600	0.01628	0.00943	0.02485	0.00771	0.00900	0.00600	0.00514	0.00343	0.00171	0.00428	0.00300	0.00343	0.00600
5	0.47740	0.18875	0.05328	0.00843	0.01231	0.01361	0.00763	0.01655	0.01036	0.07416	0.00903	0.01037	0.00714	0.00597	0.00481	0.05106	0.00491	0.00335	0.00331	0.03756
6	0.06834	0.01453	0.01533	0.01214	0.01626	0.01624	0.00992	0.56980	0.16637	0.03205	0.01474	0.01446	0.01066	0.00673	0.00543	0.00171	0.00566	0.00511	0.00543	0.00909
7	0.00804	0.00616	0.00700	0.00717	0.00899	0.00557	0.00573	0.01034	0.04087	0.03964	0.07560	0.05284	0.50218	0.01377	0.00676	0.00203	0.00350	0.19346	0.00524	0.00511
8	0.05748	0.00598	0.00779	0.00774	0.00850	0.00663	0.00554	0.00954	0.00858	0.01272	0.01517	0.02596	0.01547	0.30840	0.44688	0.03310	0.01056	0.00647	0.00311	0.00437
9	0.01475	0.39745	0.24233	0.01281	0.03767	0.12498	0.01305	0.04756	0.03453	0.01572	0.00920	0.01050	0.00751	0.00519	0.00444	0.00143	0.00712	0.00360	0.00266	0.00751
10	0.07585	0.03810	0.01594	0.01216	0.01631	0.03247	0.01010	0.62184	0.02348	0.03205	0.01360	0.01571	0.01040	0.00698	0.00545	0.00170	0.00599	0.04784	0.00522	0.00880
11	0.07858	0.21662	0.51265	0.01407	0.04108	0.01504	0.01654	0.01719	0.01143	0.01704	0.00923	0.01085	0.00701	0.00512	0.00471	0.00161	0.00728	0.00375	0.00244	0.00776
12	0.00759	0.00545	0.00703	0.00801	0.00857	0.00525	0.00546	0.05174	0.01152	0.01537	0.02951	0.75513	0.03502	0.01672	0.00698	0.00221	0.00338	0.01511	0.00516	0.00479
13	0.00753	0.00578	0.00684	0.00662	0.00808	0.00526	0.00490	0.00993	0.03587	0.01894	0.43904	0.07898	0.29617	0.04258	0.00736	0.00195	0.00286	0.01067	0.00561	0.00504
14	0.00691	0.00495	0.00657	0.00760	0.00807	0.00461	0.00515	0.00813	0.01137	0.01536	0.14182	0.68698	0.03899	0.01644	0.00699	0.00217	0.00312	0.01488	0.00529	0.00461
15	0.01086	0.01025	0.01733	0.69950	0.12760	0.01241	0.01558	0.01450	0.01126	0.01463	0.00991	0.01464	0.00755	0.00546	0.00553	0.00182	0.00728	0.00492	0.00250	0.00647
16	0.01353	0.01290	0.02196	0.03309	0.74197	0.01290	0.01669	0.01679	0.01262	0.01804	0.01114	0.01556	0.00965	0.00533	0.00557	0.00168	0.00652	0.03261	0.00283	0.00863
17	0.03551	0.02812	0.75416	0.01554	0.02358	0.01285	0.02004	0.01750	0.01163	0.01775	0.00987	0.01161	0.00699	0.00526	0.00521	0.00175	0.00807	0.00406	0.00237	0.00812
18	0.01148	0.00984	0.01148	0.00820	0.01312	0.00738	0.00656	0.01395	0.01148	0.01805	0.00984	0.01148	0.00820	0.00410	0.00410	0.00082	0.00410	0.00328	0.00328	0.83922
19	0.00890	0.00658	0.00833	0.02574	0.00862	0.00747	0.00549	0.00948	0.00869	0.01227	0.04367	0.02938	0.01779	0.49659	0.09026	0.03598	0.13167	0.00710	0.04188	0.00411
20	0.30432	0.01195	0.01520	0.04211	0.28458	0.01283	0.01111	0.11151	0.01333	0.08986	0.01125	0.03104	0.00891	0.00582	0.00511	0.00172	0.02334	0.00458	0.00375	0.00771
21	0.84448	0.01071	0.00814	0.00728	0.01071	0.01242	0.00600	0.01628	0.00943	0.02485	0.00771	0.00900	0.00600	0.00514	0.00343	0.00171	0.00428	0.00300	0.00343	0.00600
22	0.01032	0.00516	0.00516	0.00516	0.00645	0.00516	0.00387	0.01290	0.01161	0.02065	0.01807	0.02065	0.01420	0.00645	0.00387	0.00129	0.00258	0.00516	0.83611	0.00516
23	0.00809	0.00580	0.00773	0.00796	0.00913	0.00552	0.00626	0.01045	0.01408	0.01939	0.45574	0.10650	0.04352	0.04665	0.00783	0.00218	0.00353	0.22898	0.00561	0.00505
24	0.02049	0.01523	0.01630	0.01263	0.01696	0.01691	0.01039	0.69630	0.08300	0.03399	0.01401	0.01387	0.01000	0.00672	0.00555	0.00168	0.00596	0.00509	0.00555	0.00937
25	0.01378	0.01190	0.01252	0.01127	0.01440	0.01378	0.00877	0.02943	0.76081	0.02317	0.02254	0.02066	0.01691	0.00751	0.00564	0.00188	0.00438	0.00626	0.00564	0.00877
26	0.01076	0.00654	0.00900	0.00964	0.01121	0.00629	0.00810	0.01298	0.01285	0.12281	0.02922	0.16965	0.05112	0.01439	0.00724	0.00237	0.00469	0.50019	0.00535	0.00560
27	0.01111	0.02865	0.77667	0.01579	0.02397	0.01286	0.02046	0.01754	0.01169	0.01754	0.00994	0.01169	0.00702	0.00526	0.00526	0.00175	0.00818	0.00409	0.00234	0.00818
28	0.02485	0.00943	0.01285	0.00985	0.01414	0.00814	0.00814	0.02699	0.01585	0.77465	0.02185	0.01885	0.01371	0.00685	0.00557	0.00171	0.00471	0.00557	0.00685	0.00943
29	0.00825	0.00577	0.00741	0.00694	0.00838	0.00527	0.00523	0.01074	0.01541	0.04475	0.68203	0.04173	0.11435	0.01142	0.00650	0.00175	0.00269	0.01003	0.00604	0.00531
30	0.02485	0.00943	0.01285	0.00985	0.01414	0.00814	0.00814	0.02699	0.01585	0.77465	0.02185	0.01885	0.01371	0.00685	0.00557	0.00171	0.00471	0.00557	0.00685	0.00943
31	0.01076	0.01021	0.01689	0.68296	0.06687	0.01280	0.01513	0.01419	0.01088	0.01424	0.00961	0.01446	0.00743	0.00592	0.00679	0.00189	0.08532	0.00491	0.00247	0.00625
32	0.01734	0.00796	0.00992	0.00823	0.01105	0.00749	0.00655	0.06989	0.02962	0.36019	0.10499	0.02151	0.01782	0.00790	0.00603	0.04588	0.00394	0.00589	0.25049	0.00730
33	0.00675	0.00482	0.00643	0.00771	0.00803	0.00450	0.00514	0.00771	0.01060	0.01414	0.03053	0.80175	0.03663	0.01735	0.00707	0.00225	0.00321	0.01574	0.00514	0.00450
34	0.28835	0.01027	0.01404	0.49856	0.06007	0.01238	0.01232	0.01498	0.01059	0.01788	0.00916	0.01280	0.00698	0.00538	0.00483	0.00179	0.00632	0.00428	0.00279	0.00621
35	0.01108	0.00632	0.00804	0.00754	0.00933	0.00567	0.00568	0.01292	0.01368	0.17898	0.27055	0.17587	0.17275	0.05749	0.00771	0.00209	0.00346	0.03935	0.00571	0.00578
36	0.00699	0.00522	0.00653	0.00737	0.00812	0.00484	0.00508	0.00857	0.03117	0.01523	0.09995	0.58090	0.16771	0.01597	0.00689	0.00213	0.00312	0.01427	0.00524	0.00471
37	0.01111	0.02865	0.77667	0.01579	0.02397	0.01286	0.02046	0.01754	0.01169	0.01754	0.00994	0.01169	0.00702	0.00526	0.00526	0.00175	0.00818	0.00409	0.00234	0.00818
38	0.01154	0.03403	0.05459	0.04187	0.06654	0.00847	0.00838	0.01422	0.01175	0.03395	0.04010	0.05973	0.01159	0.00542	0.00460	0.00112	0.00459	0.00454	0.00343	0.57956
39	0.01611	0.22436	0.21670	0.03133	0.04051	0.30684	0.01303	0.01908	0.01321	0.03478	0.00917	0.01064	0.00735	0.00530	0.00471	0.00146	0.00802	0.00366	0.00270	0.03102

[dist]
# distance from previous block
# <min> <max>
0	2

[block]
# block no. 7 follows, 43 sequences, length 23
# corresponding to MSA columns:
# 431-453
name=unknown_H
#
# <colnr> <probs for GDERKNQSTAVLIFYWHMCP>
#	G	D	E	R	K	N	Q	S	T	A	V	L	I	F	Y	W	H	M	C	P
0	0.84448	0.01071	0.00814	0.00728	0.01071	0.01242	0.00600	0.01628	0.00943	0.02485	0.00771	0.00900	0.00600	0.00514	0.00343	0.00171	0.00428	0.00300	0.00343	0.00600
1	0.01474	0.04565	0.11777	0.01109	0.05612	0.03281	0.00942	0.01775	0.02850	0.23949	0.11086	0.05203	0.09859	0.00797	0.00556	0.00163	0.00492	0.02556	0.00482	0.11474
2	0.03267	0.17638	0.48133	0.05045	0.02103	0.01441	0.01617	0.03578	0.05400	0.01763	0.04330	0.01306	0.00961	0.00560	0.00498	0.00165	0.00710	0.00429	0.00281	0.00776
3	0.00687	0.00566	0.00624	0.02536	0.00841	0.00494	0.00472	0.00850	0.01294	0.01608	0.17116	0.10599	0.57659	0.01362	0.00656	0.00188	0.00292	0.01155	0.00523	0.00479
4	0.01122	0.02785	0.73337	0.01623	0.02426	0.01293	0.06296	0.01755	0.01177	0.01755	0.01001	0.01188	0.00710	0.00523	0.00534	0.00176	0.00825	0.00423	0.00237	0.00814
5	0.07808	0.04971	0.22258	0.10146	0.03583	0.03350	0.04802	0.15965	0.05059	0.14835	0.01295	0.01381	0.00914	0.00588	0.00527	0.00171	0.00662	0.00470	0.00401	0.00815
6	0.01534	0.01154	0.01616	0.16369	0.23470	0.03095	0.01212	0.09145	0.11297	0.15060	0.08957	0.01833	0.01479	0.00654	0.00563	0.00173	0.00576	0.00569	0.00439	0.00804
7	0.00710	0.00507	0.00683	0.00812	0.00859	0.00480	0.00576	0.00832	0.01095	0.01453	0.03033	0.68157	0.03586	0.01702	0.00716	0.00230	0.00352	0.13243	0.00513	0.00460
8	0.00685	0.00534	0.00622	0.00660	0.00782	0.00471	0.00472	0.00831	0.01246	0.01597	0.17435	0.31569	0.38178	0.01472	0.00673	0.00198	0.00292	0.01282	0.00531	0.00471
9	0.29568	0.01556	0.15918	0.08578	0.07406	0.02789	0.01169	0.17864	0.03058	0.05666	0.01072	0.01205	0.00787	0.00565	0.00476	0.00172	0.00601	0.00416	0.00373	0.00760
10	0.00889	0.00591	0.00753	0.00701	0.00859	0.00534	0.00530	0.01125	0.01512	0.07688	0.59218	0.06234	0.14953	0.01154	0.00648	0.00177	0.00281	0.01008	0.00599	0.00544
11	0.00675	0.00482	0.00643	0.00771	0.00803	0.00450	0.00514	0.00771	0.01060	0.01414	0.03053	0.80175	0.03663	0.01735	0.00707	0.00225	0.00321	0.01574	0.00514	0.00450
12	0.01127	0.01087	0.01898	0.58951	0.17421	0.01260	0.07403	0.01497	0.01152	0.01517	0.01006	0.01458	0.00772	0.00536	0.00561	0.00181	0.00739	0.00505	0.00254	0.00675
13	0.01826	0.07563	0.28331	0.01235	0.01800	0.01224	0.01291	0.11563	0.05142	0.32158	0.01556	0.01498	0.01048	0.00614	0.00531	0.00169	0.00618	0.00482	0.00471	0.00879
14	0.00982	0.00655	0.00914	0.01018	0.01162	0.00647	0.00888	0.01234	0.01292	0.05902	0.02891	0.06003	0.03086	0.01483	0.00753	0.00250	0.00508	0.69278	0.00520	0.00534
15	0.00910	0.00594	0.00781	0.00718	0.00871	0.00544	0.00544	0.01168	0.01569	0.07812	0.71246	0.03970	0.04939	0.01099	0.00646	0.00174	0.00277	0.00969	0.00615	0.00554
16	0.13457	0.01248	0.05819	0.25446	0.16928	0.04822	0.01264	0.03489	0.01282	0.19192	0.01243	0.01424	0.00892	0.00568	0.00519	0.00173	0.00631	0.00469	0.00374	0.00759
17	0.00792	0.00549	0.00649	0.00683	0.00716	0.00539	0.00425	0.03086	0.00971	0.01288	0.02361	0.31119	0.05651	0.46517	0.01902	0.00399	0.00451	0.01087	0.00414	0.00401
18	0.01307	0.01494	0.03268	0.02334	0.02894	0.01401	0.75070	0.01774	0.01307	0.01774	0.01120	0.01494	0.00840	0.00467	0.00654	0.00187	0.00934	0.00654	0.00280	0.00747
19	0.02325	0.01006	0.01307	0.01024	0.01436	0.00930	0.00845	0.10298	0.05358	0.62835	0.02129	0.02015	0.01416	0.00721	0.00566	0.00175	0.00486	0.03548	0.00658	0.00921
20	0.15477	0.01487	0.12148	0.05330	0.08106	0.01363	0.05052	0.29767	0.01702	0.04658	0.01206	0.01341	0.00888	0.00588	0.00504	0.00167	0.00599	0.00464	0.08359	0.00794
21	0.01020	0.00914	0.01060	0.00981	0.01030	0.07410	0.00730	0.01116	0.00903	0.01223	0.01323	0.02369	0.01389	0.32440	0.21516	0.00512	0.22669	0.00625	0.00296	0.00476
22	0.00703	0.00500	0.00664	0.00778	0.00821	0.00472	0.00534	0.00815	0.01090	0.01456	0.06701	0.67216	0.03628	0.05426	0.00809	0.00239	0.00343	0.06843	0.00510	0.00453

[dist]
# distance from previous block
# <min> <max>
1	7

[block]
# block no. 8 follows, 43 sequences, length 14
# corresponding to MSA columns:
# 461-474
name=unknown_I
#
# <colnr> <probs for GDERKNQSTAVLIFYWHMCP>
#	G	D	E	R	K	N	Q	S	T	A	V	L	I	F	Y	W	H	M	C	P
0	0.01271	0.14451	0.01460	0.00884	0.01350	0.01064	0.00737	0.01668	0.10420	0.03942	0.01140	0.01239	0.00925	0.00471	0.00424	0.00104	0.00446	0.00366	0.00352	0.57287
1	0.01007	0.00638	0.00858	0.00883	0.01033	0.00612	0.00713	0.01269	0.03457	0.09836	0.24345	0.17464	0.03626	0.01337	0.00695	0.00216	0.00400	0.30492	0.00560	0.00560
2	0.01296	0.01279	0.04637	0.05217	0.63494	0.01232	0.01612	0.01628	0.01255	0.01778	0.01262	0.01942	0.01140	0.00619	0.00573	0.00176	0.00648	0.09087	0.00300	0.00824
3	0.01221	0.01033	0.01192	0.00892	0.01342	0.00876	0.00712	0.06270	0.08017	0.01939	0.01164	0.03109	0.00972	0.00502	0.00475	0.00104	0.02352	0.00399	0.00366	0.67065
4	0.01075	0.01014	0.01714	0.72342	0.10448	0.01238	0.01553	0.01441	0.01121	0.01451	0.00990	0.01467	0.00751	0.00548	0.00553	0.00183	0.00731	0.00492	0.00249	0.00639
5	0.01082	0.00930	0.01133	0.00872	0.01238	0.02167	0.03623	0.01347	0.03145	0.01807	0.14730	0.01947	0.01741	0.07820	0.00717	0.00151	0.02086	0.00517	0.00381	0.52565
6	0.01338	0.01283	0.02190	0.10932	0.69801	0.01307	0.01684	0.01671	0.01246	0.01770	0.01036	0.01381	0.00863	0.00499	0.00549	0.00166	0.00666	0.00493	0.00271	0.00851
7	0.00738	0.00541	0.00750	0.05528	0.01045	0.00531	0.00642	0.00883	0.01114	0.01478	0.04864	0.60555	0.03446	0.01612	0.00706	0.00226	0.00378	0.13991	0.00500	0.00472
8	0.01056	0.00822	0.01187	0.11933	0.11364	0.00826	0.03406	0.04289	0.03762	0.05047	0.02278	0.30492	0.07776	0.01054	0.00599	0.00185	0.00463	0.00944	0.06897	0.05620
9	0.01345	0.01290	0.02202	0.09292	0.71386	0.01309	0.01687	0.01678	0.01249	0.01779	0.01037	0.01379	0.00866	0.00498	0.00549	0.00166	0.00664	0.00493	0.00272	0.00857
10	0.07669	0.01228	0.01966	0.02883	0.62081	0.01241	0.01489	0.01661	0.03526	0.01853	0.01390	0.01741	0.05519	0.00589	0.00546	0.00170	0.00607	0.02712	0.00310	0.00820
11	0.27374	0.06170	0.01639	0.08748	0.21741	0.10351	0.02763	0.09055	0.03849	0.02084	0.00986	0.01184	0.00782	0.00538	0.00471	0.00165	0.00623	0.00414	0.00330	0.00733
12	0.07691	0.06866	0.09650	0.12581	0.24185	0.01237	0.12086	0.01564	0.01170	0.03414	0.01246	0.06382	0.01118	0.05625	0.00691	0.00199	0.00667	0.02611	0.00304	0.00715
13	0.01110	0.03827	0.18581	0.06035	0.01902	0.01058	0.18035	0.02817	0.01262	0.04773	0.08551	0.09789	0.11107	0.00824	0.00646	0.00183	0.03863	0.00741	0.02963	0.01933

[dist]
# distance from previous block
# <min> <max>
0	25

# created by:
# /st0/software/busco_prod/Augustus/scripts/msa2prfl.pl ./align_prep/182049.fa
