[name]
unknown

[dist]
# distance from previous block
# <min> <max>
0	9

[block]
# block no. 0 follows, 43 sequences, length 106
# corresponding to MSA columns:
# 9-114
name=unknown_A
#
# <colnr> <probs for GDERKNQSTAVLIFYWHMCP>
#	G	D	E	R	K	N	Q	S	T	A	V	L	I	F	Y	W	H	M	C	P
0	0.01345	0.01286	0.02278	0.12566	0.19307	0.01331	0.27647	0.07512	0.06897	0.03350	0.01312	0.01814	0.01072	0.00620	0.00658	0.00187	0.04167	0.05547	0.00339	0.00765
1	0.78722	0.01039	0.00807	0.00731	0.01061	0.01195	0.00602	0.01582	0.00965	0.02422	0.01020	0.01231	0.03553	0.00579	0.00367	0.00175	0.00425	0.02578	0.00354	0.00592
2	0.01241	0.01097	0.01180	0.00865	0.01342	0.06048	0.00688	0.01479	0.01187	0.03438	0.01002	0.01154	0.00825	0.00427	0.00419	0.00088	0.00452	0.00335	0.00333	0.76399
3	0.06848	0.00990	0.01126	0.00814	0.01296	0.00773	0.00652	0.01411	0.01134	0.01851	0.00970	0.01131	0.00805	0.00417	0.00406	0.00088	0.00411	0.00326	0.00329	0.78221
4	0.01349	0.01293	0.02208	0.08586	0.72068	0.01310	0.01689	0.01680	0.01251	0.01782	0.01038	0.01378	0.00868	0.00498	0.00549	0.00166	0.00663	0.00493	0.00272	0.00859
5	0.01212	0.01212	0.01696	0.01454	0.01454	0.01696	0.01212	0.01333	0.00848	0.01333	0.00727	0.01212	0.00727	0.00969	0.01818	0.00242	0.79523	0.00485	0.00242	0.00606
6	0.01313	0.01424	0.03055	0.05139	0.02816	0.01347	0.67190	0.01761	0.01306	0.03878	0.01219	0.01698	0.00947	0.00520	0.00652	0.00189	0.00896	0.03612	0.00300	0.00738
7	0.02069	0.02640	0.01569	0.01427	0.01712	0.78313	0.01070	0.02212	0.01569	0.01355	0.00856	0.00999	0.00713	0.00571	0.00499	0.00143	0.00999	0.00357	0.00285	0.00642
8	0.01399	0.01246	0.02054	0.16742	0.49464	0.01304	0.04237	0.04984	0.04171	0.05854	0.01149	0.01444	0.00908	0.00540	0.00578	0.00172	0.02107	0.00508	0.00314	0.00826
9	0.00828	0.00607	0.00795	0.00782	0.00867	0.00658	0.00562	0.01051	0.05507	0.01401	0.11174	0.02942	0.03447	0.28234	0.38014	0.00630	0.00938	0.00726	0.00369	0.00469
10	0.02345	0.00912	0.01241	0.00962	0.01366	0.00790	0.00790	0.02563	0.01584	0.71288	0.08310	0.02070	0.01687	0.00722	0.00565	0.00172	0.00454	0.00593	0.00679	0.00908
11	0.00962	0.00481	0.00722	0.00722	0.00722	0.00481	0.00481	0.00722	0.00722	0.00962	0.00962	0.01684	0.00962	0.01924	0.02165	0.83886	0.00481	0.00481	0.00241	0.00241
12	0.01333	0.01290	0.02082	0.03012	0.64436	0.04171	0.03128	0.01651	0.01307	0.01835	0.09154	0.01656	0.01336	0.00564	0.00560	0.00165	0.00634	0.00546	0.00311	0.00827
13	0.01148	0.00984	0.01148	0.00820	0.01312	0.00738	0.00656	0.01395	0.01148	0.01805	0.00984	0.01148	0.00820	0.00410	0.00410	0.00082	0.00410	0.00328	0.00328	0.83922
14	0.01885	0.02296	0.01673	0.01734	0.13801	0.58963	0.01171	0.02111	0.04325	0.01464	0.00932	0.01111	0.00778	0.00586	0.00579	0.00153	0.05063	0.00396	0.00292	0.00687
15	0.07582	0.00886	0.01143	0.00938	0.01283	0.00809	0.00751	0.05301	0.01482	0.54373	0.02225	0.17212	0.01753	0.00880	0.00572	0.00182	0.00445	0.00738	0.00623	0.00823
16	0.75592	0.01138	0.00871	0.00774	0.01109	0.04386	0.00629	0.04438	0.01028	0.02437	0.00823	0.00997	0.00657	0.02772	0.00427	0.00180	0.00462	0.00324	0.00348	0.00607
17	0.00938	0.00821	0.01234	0.11217	0.01508	0.00896	0.08184	0.01189	0.01281	0.01786	0.29577	0.03095	0.15288	0.00978	0.00826	0.00188	0.14099	0.00809	0.05527	0.00562
18	0.01364	0.01356	0.04340	0.03283	0.72821	0.01317	0.01686	0.01737	0.03396	0.01822	0.01075	0.01385	0.00896	0.00502	0.00548	0.00165	0.00656	0.00495	0.00281	0.00876
19	0.00778	0.00681	0.00842	0.01021	0.12840	0.00606	0.00631	0.00958	0.01286	0.01603	0.10474	0.04609	0.59205	0.01237	0.00638	0.00182	0.00339	0.01049	0.00484	0.00537
20	0.02069	0.02640	0.01569	0.01427	0.01712	0.78313	0.01070	0.02212	0.01569	0.01355	0.00856	0.00999	0.00713	0.00571	0.00499	0.00143	0.00999	0.00357	0.00285	0.00642
21	0.01112	0.02811	0.75481	0.01557	0.02366	0.01271	0.02007	0.01744	0.01169	0.01755	0.00994	0.01169	0.00705	0.00523	0.00523	0.00173	0.00807	0.00407	0.00237	0.03193
22	0.01407	0.01207	0.01289	0.01178	0.02956	0.01390	0.00900	0.05869	0.71593	0.02355	0.02192	0.02022	0.01644	0.00743	0.00563	0.00186	0.00450	0.00618	0.00557	0.00879
23	0.01111	0.02865	0.77667	0.01579	0.02397	0.01286	0.02046	0.01754	0.01169	0.01754	0.00994	0.01169	0.00702	0.00526	0.00526	0.00175	0.00818	0.00409	0.00234	0.00818
24	0.00835	0.00630	0.00800	0.00728	0.00910	0.00552	0.00545	0.01073	0.01432	0.02049	0.54435	0.12887	0.04259	0.01079	0.00617	0.00164	0.00295	0.00953	0.00548	0.15210
25	0.84448	0.01071	0.00814	0.00728	0.01071	0.01242	0.00600	0.01628	0.00943	0.02485	0.00771	0.00900	0.00600	0.00514	0.00343	0.00171	0.00428	0.00300	0.00343	0.00600
26	0.76103	0.01120	0.00900	0.00784	0.01137	0.01291	0.00646	0.09088	0.01111	0.02587	0.00828	0.00943	0.00634	0.00529	0.00364	0.00171	0.00447	0.00320	0.00364	0.00634
27	0.01167	0.01108	0.01880	0.50933	0.31140	0.01262	0.01598	0.01521	0.01165	0.01562	0.01006	0.01437	0.00790	0.00531	0.00552	0.00177	0.00708	0.00493	0.00257	0.00713
28	0.00842	0.00639	0.00917	0.03022	0.00967	0.00634	0.07981	0.00920	0.00906	0.01212	0.01856	0.15157	0.02098	0.56045	0.04121	0.00452	0.00573	0.00895	0.00354	0.00407
29	0.01046	0.00984	0.01661	0.79205	0.03814	0.01230	0.01538	0.01415	0.01107	0.01415	0.00984	0.01477	0.00738	0.00554	0.00554	0.00185	0.00738	0.00492	0.00246	0.00615
30	0.01148	0.00984	0.01148	0.00820	0.01312	0.00738	0.00656	0.01395	0.01148	0.01805	0.00984	0.01148	0.00820	0.00410	0.00410	0.00082	0.00410	0.00328	0.00328	0.83922
31	0.00733	0.00526	0.00713	0.00780	0.00827	0.00540	0.00539	0.00845	0.00964	0.01316	0.02343	0.42954	0.02676	0.15893	0.25149	0.00484	0.00719	0.01139	0.00416	0.00444
32	0.02011	0.01495	0.01611	0.01229	0.01678	0.01621	0.01014	0.67947	0.02460	0.03324	0.01296	0.01312	0.00930	0.00640	0.00540	0.00158	0.00590	0.00482	0.00532	0.09132
33	0.01321	0.19884	0.54033	0.01384	0.02090	0.01442	0.01689	0.01821	0.01199	0.08741	0.01056	0.01174	0.00766	0.00530	0.00491	0.00162	0.00736	0.00398	0.00277	0.00806
34	0.00659	0.00561	0.00567	0.00566	0.00751	0.00469	0.00424	0.00803	0.01272	0.01520	0.07964	0.05291	0.74488	0.01394	0.00655	0.00187	0.00280	0.01163	0.00517	0.00469
35	0.01402	0.01202	0.01266	0.01132	0.01449	0.01389	0.00882	0.05333	0.73651	0.02356	0.02224	0.02042	0.01666	0.00749	0.00563	0.00187	0.00444	0.00622	0.00563	0.00879
36	0.82337	0.01057	0.00806	0.00723	0.01060	0.01224	0.00594	0.01619	0.00948	0.02474	0.00797	0.00929	0.00621	0.00517	0.00344	0.00170	0.00424	0.00305	0.02451	0.00598
37	0.00784	0.00566	0.00740	0.00697	0.00827	0.00523	0.00523	0.01045	0.01568	0.02221	0.76789	0.04137	0.05226	0.01132	0.00653	0.00174	0.00261	0.01002	0.00610	0.00523
38	0.01032	0.00516	0.00516	0.00516	0.00645	0.00516	0.00387	0.01290	0.01161	0.02065	0.01807	0.02065	0.01420	0.00645	0.00387	0.00129	0.00258	0.00516	0.83611	0.00516
39	0.01126	0.00961	0.01440	0.01124	0.01481	0.00859	0.13747	0.01400	0.02481	0.05048	0.03751	0.13773	0.01487	0.01026	0.07496	0.00211	0.04302	0.00647	0.00370	0.37271
40	0.01055	0.00994	0.01678	0.77080	0.05869	0.01233	0.01543	0.01423	0.01112	0.01426	0.00986	0.01474	0.00742	0.00552	0.00554	0.00184	0.00736	0.00492	0.00247	0.00623
41	0.01032	0.00516	0.00516	0.00516	0.00645	0.00516	0.00387	0.01290	0.01161	0.02065	0.01807	0.02065	0.01420	0.00645	0.00387	0.00129	0.00258	0.00516	0.83611	0.00516
42	0.01265	0.01208	0.02058	0.27972	0.53332	0.01288	0.01647	0.01607	0.01211	0.01682	0.01023	0.01405	0.00832	0.00513	0.00550	0.00171	0.00684	0.00493	0.00265	0.00792
43	0.01324	0.35792	0.36418	0.01338	0.01961	0.04619	0.05931	0.01766	0.03280	0.01565	0.00937	0.01089	0.00742	0.00508	0.00462	0.00151	0.00726	0.00380	0.00249	0.00763
44	0.01307	0.01494	0.03268	0.02334	0.02894	0.01401	0.75070	0.01774	0.01307	0.01774	0.01120	0.01494	0.00840	0.00467	0.00654	0.00187	0.00934	0.00654	0.00280	0.00747
45	0.00655	0.00561	0.00561	0.00561	0.00748	0.00468	0.00421	0.00795	0.01262	0.01496	0.05610	0.05330	0.76857	0.01403	0.00655	0.00187	0.00281	0.01169	0.00514	0.00468
46	0.01440	0.40963	0.32768	0.01205	0.01813	0.01680	0.01375	0.01808	0.01192	0.09647	0.01012	0.01108	0.00778	0.00518	0.00446	0.00147	0.00670	0.00370	0.00284	0.00779
47	0.00962	0.00481	0.00722	0.00722	0.00722	0.00481	0.00481	0.00722	0.00722	0.00962	0.00962	0.01684	0.00962	0.01924	0.02165	0.83886	0.00481	0.00481	0.00241	0.00241
48	0.01351	0.01296	0.02212	0.07988	0.72646	0.01311	0.01690	0.01682	0.01252	0.01785	0.01038	0.01377	0.00869	0.00497	0.00549	0.00166	0.00663	0.00493	0.00272	0.00861
49	0.01046	0.00984	0.01661	0.79205	0.03814	0.01230	0.01538	0.01415	0.01107	0.01415	0.00984	0.01477	0.00738	0.00554	0.00554	0.00185	0.00738	0.00492	0.00246	0.00615
50	0.01190	0.01131	0.01921	0.45683	0.36214	0.01268	0.01610	0.01541	0.01175	0.01589	0.01010	0.01430	0.00800	0.00527	0.00551	0.00176	0.00703	0.00493	0.00258	0.00731
51	0.00791	0.00593	0.00890	0.00890	0.00989	0.00692	0.00692	0.00989	0.00890	0.01286	0.01483	0.02176	0.01385	0.04154	0.78341	0.00890	0.01483	0.00593	0.00297	0.00494
52	0.81905	0.01068	0.00840	0.03122	0.01155	0.01242	0.00628	0.01622	0.00948	0.02452	0.00778	0.00917	0.00604	0.00515	0.00349	0.00172	0.00438	0.00306	0.00340	0.00600
53	0.01371	0.01316	0.02248	0.03399	0.77081	0.01316	0.01700	0.01700	0.01261	0.01809	0.01042	0.01371	0.00877	0.00493	0.00548	0.00164	0.00658	0.00493	0.00274	0.00877
54	0.00791	0.00593	0.00890	0.00890	0.00989	0.00692	0.00692	0.00989	0.00890	0.01286	0.01483	0.02176	0.01385	0.04154	0.78341	0.00890	0.01483	0.00593	0.00297	0.00494
55	0.01371	0.01316	0.02248	0.03399	0.77081	0.01316	0.01700	0.01700	0.01261	0.01809	0.01042	0.01371	0.00877	0.00493	0.00548	0.00164	0.00658	0.00493	0.00274	0.00877
56	0.03788	0.01022	0.01227	0.00976	0.03374	0.00876	0.02517	0.01699	0.12328	0.05801	0.01293	0.03588	0.01055	0.00520	0.00457	0.00114	0.00435	0.00431	0.00385	0.58116
57	0.00671	0.00498	0.00626	0.00728	0.00792	0.00453	0.00495	0.00776	0.01102	0.01431	0.03576	0.64844	0.18656	0.01667	0.00696	0.00217	0.00313	0.01491	0.00514	0.00453
58	0.01236	0.00955	0.01069	0.00962	0.01213	0.01034	0.00742	0.08976	0.36071	0.05310	0.22004	0.09623	0.06538	0.00961	0.00603	0.00185	0.00391	0.00822	0.00573	0.00734
59	0.01120	0.02778	0.73238	0.01604	0.02395	0.01299	0.04774	0.01746	0.01168	0.01746	0.00993	0.01182	0.00707	0.00533	0.00559	0.00177	0.02513	0.00420	0.00236	0.00811
60	0.01310	0.00979	0.01165	0.00840	0.01325	0.00747	0.00675	0.01552	0.01201	0.10936	0.01129	0.01237	0.00887	0.00443	0.00428	0.00093	0.00418	0.00356	0.00371	0.73907
61	0.05666	0.00984	0.01261	0.00996	0.01404	0.00915	0.00815	0.02692	0.12626	0.63241	0.02138	0.01872	0.01387	0.00688	0.00549	0.00174	0.00465	0.00557	0.00653	0.00919
62	0.01371	0.01316	0.02248	0.03399	0.77081	0.01316	0.01700	0.01700	0.01261	0.01809	0.01042	0.01371	0.00877	0.00493	0.00548	0.00164	0.00658	0.00493	0.00274	0.00877
63	0.01032	0.00516	0.00516	0.00516	0.00645	0.00516	0.00387	0.01290	0.01161	0.02065	0.01807	0.02065	0.01420	0.00645	0.00387	0.00129	0.00258	0.00516	0.83611	0.00516
64	0.01353	0.01563	0.03165	0.02279	0.02823	0.06057	0.70590	0.01801	0.01323	0.01749	0.01104	0.01464	0.00833	0.00473	0.00644	0.00184	0.00938	0.00636	0.00280	0.00741
65	0.01266	0.06022	0.02117	0.19522	0.49182	0.01307	0.04746	0.01588	0.01210	0.01670	0.01126	0.05690	0.00988	0.00572	0.00551	0.00170	0.00665	0.00547	0.00279	0.00781
66	0.01032	0.00516	0.00516	0.00516	0.00645	0.00516	0.00387	0.01290	0.01161	0.02065	0.01807	0.02065	0.01420	0.00645	0.00387	0.00129	0.00258	0.00516	0.83611	0.00516
67	0.20018	0.01321	0.01340	0.01102	0.01477	0.01489	0.00892	0.37935	0.21605	0.02903	0.01497	0.03532	0.01137	0.00683	0.00514	0.00175	0.00517	0.00517	0.00509	0.00836
68	0.01361	0.01306	0.02230	0.05711	0.74847	0.01313	0.01695	0.01691	0.01256	0.01797	0.01040	0.01374	0.00873	0.00495	0.00548	0.00165	0.00660	0.00493	0.00273	0.00869
69	0.01046	0.00984	0.01661	0.79205	0.03814	0.01230	0.01538	0.01415	0.01107	0.01415	0.00984	0.01477	0.00738	0.00554	0.00554	0.00185	0.00738	0.00492	0.00246	0.00615
70	0.04707	0.01844	0.01417	0.01215	0.01560	0.41226	0.00944	0.02426	0.05624	0.31432	0.01453	0.01403	0.01022	0.00624	0.00521	0.00157	0.00743	0.00449	0.00460	0.00772
71	0.00784	0.00566	0.00740	0.00697	0.00827	0.00523	0.00523	0.01045	0.01568	0.02221	0.76789	0.04137	0.05226	0.01132	0.00653	0.00174	0.00261	0.01002	0.00610	0.00523
72	0.01046	0.00984	0.01661	0.79205	0.03814	0.01230	0.01538	0.01415	0.01107	0.01415	0.00984	0.01477	0.00738	0.00554	0.00554	0.00185	0.00738	0.00492	0.00246	0.00615
73	0.01307	0.01494	0.03268	0.02334	0.02894	0.01401	0.75070	0.01774	0.01307	0.01774	0.01120	0.01494	0.00840	0.00467	0.00654	0.00187	0.00934	0.00654	0.00280	0.00747
74	0.02459	0.00984	0.01311	0.01005	0.01435	0.00876	0.00830	0.07662	0.01655	0.72404	0.02126	0.01847	0.01342	0.00684	0.00557	0.00171	0.00481	0.00553	0.00676	0.00942
75	0.00881	0.00710	0.01031	0.00984	0.01065	0.00879	0.00781	0.01067	0.00892	0.01324	0.01350	0.01986	0.01259	0.03407	0.60630	0.00736	0.16465	0.00570	0.03466	0.00517
76	0.01191	0.01184	0.01656	0.01428	0.01429	0.01649	0.01185	0.01311	0.00856	0.01336	0.00816	0.04225	0.00839	0.00999	0.01775	0.00242	0.76500	0.00526	0.00253	0.00600
77	0.01860	0.02235	0.01713	0.01881	0.19725	0.55237	0.01209	0.02133	0.06006	0.01522	0.00985	0.01152	0.00812	0.00563	0.00515	0.00151	0.00883	0.00406	0.00300	0.00713
78	0.00694	0.00510	0.00650	0.00725	0.00800	0.00467	0.00502	0.00829	0.01191	0.01587	0.18154	0.53969	0.14754	0.01566	0.00688	0.00209	0.00303	0.01400	0.00533	0.00467
79	0.01032	0.00516	0.00516	0.00516	0.00645	0.00516	0.00387	0.01290	0.01161	0.02065	0.01807	0.02065	0.01420	0.00645	0.00387	0.00129	0.00258	0.00516	0.83611	0.00516
80	0.01497	0.01256	0.01397	0.05973	0.01620	0.06001	0.03690	0.22837	0.18525	0.03830	0.01779	0.05025	0.05816	0.03877	0.00675	0.00181	0.02805	0.00598	0.00460	0.12159
81	0.46767	0.09238	0.01182	0.00826	0.01218	0.01181	0.00696	0.01882	0.01146	0.21476	0.01154	0.01175	0.00830	0.00544	0.00405	0.00157	0.00454	0.00368	0.00418	0.08882
82	0.01032	0.00516	0.00516	0.00516	0.00645	0.00516	0.00387	0.01290	0.01161	0.02065	0.01807	0.02065	0.01420	0.00645	0.00387	0.00129	0.00258	0.00516	0.83611	0.00516
83	0.02374	0.01121	0.01396	0.01070	0.01503	0.01079	0.00884	0.23957	0.01884	0.55785	0.01934	0.01722	0.01245	0.00679	0.00556	0.00170	0.00512	0.00540	0.00647	0.00942
84	0.01362	0.01307	0.02232	0.05525	0.75027	0.01314	0.01695	0.01692	0.01257	0.01798	0.01040	0.01374	0.00873	0.00495	0.00548	0.00165	0.00660	0.00493	0.00273	0.00870
85	0.01307	0.18591	0.52977	0.01425	0.02114	0.08011	0.01701	0.04773	0.01253	0.01700	0.00951	0.01104	0.00714	0.00525	0.00490	0.00161	0.00779	0.00386	0.00252	0.00787
86	0.01151	0.01196	0.02029	0.06329	0.01990	0.04407	0.28169	0.01409	0.01109	0.01519	0.01414	0.19053	0.01428	0.00915	0.01011	0.00210	0.24928	0.00787	0.00319	0.00625
87	0.37555	0.01567	0.01443	0.01709	0.23793	0.22079	0.01053	0.01807	0.01206	0.01979	0.00874	0.01066	0.00713	0.00523	0.00446	0.00162	0.00651	0.00373	0.00307	0.00694
88	0.00794	0.00573	0.00715	0.00682	0.00829	0.00518	0.00514	0.01025	0.01485	0.03750	0.56521	0.05955	0.20708	0.01202	0.00655	0.00180	0.00277	0.02512	0.00587	0.00518
89	0.01032	0.00516	0.00516	0.00516	0.00645	0.00516	0.00387	0.01290	0.01161	0.02065	0.01807	0.02065	0.01420	0.00645	0.00387	0.00129	0.00258	0.00516	0.83611	0.00516
90	0.02485	0.00943	0.01285	0.00985	0.01414	0.00814	0.00814	0.02699	0.01585	0.77465	0.02185	0.01885	0.01371	0.00685	0.00557	0.00171	0.00471	0.00557	0.00685	0.00943
91	0.01371	0.01316	0.02248	0.03399	0.77081	0.01316	0.01700	0.01700	0.01261	0.01809	0.01042	0.01371	0.00877	0.00493	0.00548	0.00164	0.00658	0.00493	0.00274	0.00877
92	0.01032	0.00516	0.00516	0.00516	0.00645	0.00516	0.00387	0.01290	0.01161	0.02065	0.01807	0.02065	0.01420	0.00645	0.00387	0.00129	0.00258	0.00516	0.83611	0.00516
93	0.01243	0.00794	0.00924	0.12302	0.01337	0.00867	0.00698	0.16088	0.01435	0.02233	0.01581	0.01834	0.01222	0.00729	0.02524	0.00165	0.00432	0.00511	0.52465	0.00615
94	0.04073	0.00912	0.01027	0.06948	0.01301	0.00999	0.02282	0.16823	0.13336	0.02356	0.01666	0.01817	0.01272	0.00651	0.00467	0.00153	0.00416	0.00524	0.42300	0.00676
95	0.01265	0.01152	0.01855	0.45591	0.03030	0.01309	0.12654	0.13043	0.01365	0.01829	0.01065	0.01437	0.00804	0.00568	0.00610	0.00177	0.04039	0.00508	0.01971	0.05727
96	0.01050	0.00753	0.00905	0.03740	0.01080	0.03586	0.00640	0.03326	0.05930	0.08284	0.58679	0.03541	0.04255	0.01018	0.00628	0.00174	0.00344	0.00887	0.00586	0.00596
97	0.08340	0.32445	0.16076	0.01449	0.11643	0.11743	0.01233	0.03444	0.04296	0.03286	0.00962	0.01099	0.00782	0.00522	0.00447	0.00148	0.00674	0.00375	0.00286	0.00751
98	0.01352	0.03526	0.09717	0.16044	0.05736	0.09320	0.34664	0.01826	0.05801	0.03190	0.01126	0.01425	0.00853	0.00533	0.00613	0.00179	0.02523	0.00548	0.00293	0.00732
99	0.00763	0.00629	0.00681	0.00682	0.00854	0.00586	0.00505	0.01090	0.10839	0.01658	0.11714	0.17411	0.47885	0.01349	0.00652	0.00192	0.00306	0.01151	0.00530	0.00522
100	0.00748	0.00563	0.00692	0.00672	0.00814	0.00508	0.00505	0.00969	0.01457	0.01978	0.52685	0.07621	0.24350	0.01240	0.00659	0.00182	0.00276	0.03000	0.00577	0.00504
101	0.84448	0.01071	0.00814	0.00728	0.01071	0.01242	0.00600	0.01628	0.00943	0.02485	0.00771	0.00900	0.00600	0.00514	0.00343	0.00171	0.00428	0.00300	0.00343	0.00600
102	0.01132	0.01041	0.01701	0.69301	0.08700	0.01266	0.01520	0.05903	0.01209	0.01568	0.01009	0.01460	0.00760	0.00556	0.00553	0.00182	0.00725	0.00493	0.00267	0.00653
103	0.01539	0.73148	0.02771	0.00995	0.01450	0.09705	0.00960	0.01713	0.01169	0.01308	0.00778	0.00899	0.00711	0.00483	0.00370	0.00121	0.00632	0.00302	0.00242	0.00704
104	0.01157	0.00785	0.00907	0.00787	0.01040	0.00732	0.00611	0.12389	0.01525	0.09627	0.18758	0.11192	0.23692	0.01056	0.00597	0.00170	0.00362	0.00894	0.04224	0.09494
105	0.01814	0.06136	0.04398	0.01128	0.01509	0.04247	0.00952	0.35148	0.05279	0.16180	0.01671	0.05687	0.03044	0.01099	0.08887	0.00246	0.00669	0.00576	0.00506	0.00824

[dist]
# distance from previous block
# <min> <max>
0	1

[block]
# block no. 1 follows, 43 sequences, length 25
# corresponding to MSA columns:
# 116-140
name=unknown_B
#
# <colnr> <probs for GDERKNQSTAVLIFYWHMCP>
#	G	D	E	R	K	N	Q	S	T	A	V	L	I	F	Y	W	H	M	C	P
0	0.00993	0.00916	0.10508	0.00872	0.01133	0.00667	0.02842	0.01296	0.01492	0.09260	0.53407	0.03553	0.08830	0.01012	0.00628	0.00175	0.00371	0.00886	0.00554	0.00602
1	0.01180	0.09292	0.68435	0.01520	0.02289	0.04461	0.01916	0.01764	0.01182	0.01701	0.00970	0.01139	0.00703	0.00524	0.00511	0.00169	0.00807	0.00398	0.00236	0.00803
2	0.02222	0.01257	0.08201	0.01107	0.01567	0.01077	0.00978	0.17960	0.05749	0.51030	0.01901	0.01713	0.01237	0.00670	0.00554	0.00172	0.00530	0.00535	0.00611	0.00928
3	0.01111	0.02865	0.77667	0.01579	0.02397	0.01286	0.02046	0.01754	0.01169	0.01754	0.00994	0.01169	0.00702	0.00526	0.00526	0.00175	0.00818	0.00409	0.00234	0.00818
4	0.01239	0.01348	0.04641	0.24771	0.18304	0.01331	0.36797	0.01654	0.01236	0.01677	0.01062	0.01455	0.00815	0.00499	0.00600	0.00181	0.00818	0.00567	0.00268	0.00737
5	0.01371	0.01316	0.02248	0.03399	0.77081	0.01316	0.01700	0.01700	0.01261	0.01809	0.01042	0.01371	0.00877	0.00493	0.00548	0.00164	0.00658	0.00493	0.00274	0.00877
6	0.01377	0.01086	0.09459	0.01204	0.03494	0.00904	0.05061	0.04610	0.08689	0.18457	0.03808	0.09148	0.02174	0.01048	0.00647	0.00208	0.00540	0.26868	0.00509	0.00709
7	0.00675	0.00482	0.00643	0.00771	0.00803	0.00450	0.00514	0.00771	0.01060	0.01414	0.03053	0.80175	0.03663	0.01735	0.00707	0.00225	0.00321	0.01574	0.00514	0.00450
8	0.01210	0.17844	0.52646	0.01562	0.02277	0.01478	0.12117	0.01738	0.01180	0.01669	0.00968	0.01160	0.00723	0.00508	0.00511	0.00166	0.00791	0.00422	0.00241	0.00787
9	0.01251	0.06798	0.65822	0.01508	0.02260	0.05536	0.01875	0.01821	0.01210	0.05471	0.01034	0.01181	0.00736	0.00534	0.00517	0.00170	0.00799	0.00408	0.00259	0.00809
10	0.02380	0.00966	0.01282	0.00999	0.01416	0.00868	0.00820	0.02722	0.08658	0.70331	0.02192	0.01902	0.01401	0.00692	0.00558	0.00173	0.00468	0.00564	0.00674	0.00936
11	0.00661	0.00553	0.00575	0.00588	0.00756	0.00467	0.00434	0.00800	0.01250	0.01509	0.07504	0.13278	0.66868	0.01430	0.00660	0.00191	0.00284	0.01207	0.00517	0.00467
12	0.05458	0.01281	0.02042	0.17914	0.56735	0.03699	0.01594	0.01657	0.01225	0.01752	0.01011	0.01356	0.00831	0.00509	0.00538	0.00168	0.00673	0.00479	0.00272	0.00805
13	0.11982	0.02257	0.01432	0.01304	0.01574	0.60953	0.00990	0.02025	0.01422	0.01487	0.00887	0.01078	0.00748	0.00835	0.06145	0.00203	0.03389	0.00371	0.00292	0.00625
14	0.02366	0.00976	0.01295	0.01011	0.01424	0.00879	0.00838	0.08573	0.01652	0.67228	0.02156	0.02079	0.01435	0.00730	0.00568	0.00176	0.00485	0.04547	0.00665	0.00919
15	0.01046	0.00984	0.01661	0.79205	0.03814	0.01230	0.01538	0.01415	0.01107	0.01415	0.00984	0.01477	0.00738	0.00554	0.00554	0.00185	0.00738	0.00492	0.00246	0.00615
16	0.01111	0.02865	0.77667	0.01579	0.02397	0.01286	0.02046	0.01754	0.01169	0.01754	0.00994	0.01169	0.00702	0.00526	0.00526	0.00175	0.00818	0.00409	0.00234	0.00818
17	0.01046	0.00984	0.01661	0.79205	0.03814	0.01230	0.01538	0.01415	0.01107	0.01415	0.00984	0.01477	0.00738	0.00554	0.00554	0.00185	0.00738	0.00492	0.00246	0.00615
18	0.01368	0.57110	0.25674	0.01140	0.01719	0.01916	0.01282	0.01687	0.01139	0.01440	0.00838	0.00974	0.00708	0.00490	0.00407	0.00136	0.00661	0.00331	0.00236	0.00744
19	0.01082	0.01021	0.01727	0.70730	0.12005	0.01240	0.01556	0.01447	0.01125	0.01459	0.00991	0.01465	0.00754	0.00547	0.00553	0.00182	0.00729	0.00492	0.00249	0.00645
20	0.01046	0.00984	0.01661	0.79205	0.03814	0.01230	0.01538	0.01415	0.01107	0.01415	0.00984	0.01477	0.00738	0.00554	0.00554	0.00185	0.00738	0.00492	0.00246	0.00615
21	0.01529	0.01265	0.01338	0.01158	0.01498	0.01448	0.00913	0.17990	0.60787	0.02561	0.02062	0.01913	0.01535	0.00733	0.00562	0.00183	0.00474	0.00600	0.00562	0.00890
22	0.00674	0.00486	0.00638	0.00760	0.00800	0.00451	0.00509	0.00772	0.01071	0.01418	0.03185	0.76297	0.07455	0.01718	0.00704	0.00223	0.00319	0.01553	0.00514	0.00451
23	0.00673	0.00490	0.00634	0.00750	0.00798	0.00452	0.00505	0.00774	0.01081	0.01422	0.03313	0.72548	0.11121	0.01701	0.00702	0.00221	0.00317	0.01533	0.00514	0.00452
24	0.01046	0.00984	0.01661	0.79205	0.03814	0.01230	0.01538	0.01415	0.01107	0.01415	0.00984	0.01477	0.00738	0.00554	0.00554	0.00185	0.00738	0.00492	0.00246	0.00615

[dist]
# distance from previous block
# <min> <max>
0	15

[block]
# block no. 2 follows, 43 sequences, length 7
# corresponding to MSA columns:
# 156-159,161-163
name=unknown_C
#
# <colnr> <probs for GDERKNQSTAVLIFYWHMCP>
#	G	D	E	R	K	N	Q	S	T	A	V	L	I	F	Y	W	H	M	C	P
0	0.01962	0.00913	0.01224	0.00995	0.01345	0.00844	0.03348	0.02339	0.11264	0.50654	0.02393	0.10466	0.05166	0.03609	0.00660	0.00193	0.00461	0.00715	0.00617	0.00831
1	0.00871	0.00628	0.00862	0.00972	0.01103	0.00620	0.00841	0.01119	0.01291	0.01678	0.07247	0.06069	0.08150	0.01499	0.00751	0.00246	0.00481	0.64549	0.00516	0.00508
2	0.01924	0.06788	0.10763	0.01413	0.01779	0.61736	0.01180	0.05265	0.01542	0.01492	0.00888	0.01028	0.00722	0.00564	0.00497	0.00146	0.00939	0.00366	0.00288	0.00680
3	0.06847	0.01256	0.02062	0.08835	0.62839	0.01280	0.01572	0.01723	0.01245	0.05545	0.01076	0.01373	0.00873	0.00509	0.00536	0.00167	0.00640	0.00484	0.00297	0.00842
4	0.35246	0.13240	0.03786	0.01017	0.01418	0.09815	0.00875	0.21018	0.01510	0.06014	0.01001	0.01077	0.00758	0.00562	0.00433	0.00159	0.00576	0.00373	0.00389	0.00733
5	0.04020	0.01451	0.01996	0.05103	0.45943	0.09204	0.04583	0.12429	0.04150	0.02023	0.01218	0.01447	0.02820	0.00560	0.00546	0.00166	0.00676	0.00503	0.00334	0.00830
6	0.15509	0.06739	0.01521	0.01196	0.04921	0.03416	0.02676	0.30057	0.07758	0.11902	0.01466	0.03733	0.02451	0.00657	0.00509	0.00165	0.00546	0.00507	0.00478	0.03793

[dist]
# distance from previous block
# <min> <max>
4	14

[block]
# block no. 3 follows, 43 sequences, length 13
# corresponding to MSA columns:
# 180-192
name=unknown_D
#
# <colnr> <probs for GDERKNQSTAVLIFYWHMCP>
#	G	D	E	R	K	N	Q	S	T	A	V	L	I	F	Y	W	H	M	C	P
0	0.02727	0.08617	0.07946	0.01238	0.04404	0.08959	0.07418	0.07257	0.11175	0.11149	0.03691	0.01909	0.09050	0.00677	0.00529	0.00158	0.00579	0.00559	0.03064	0.08891
1	0.04016	0.25512	0.13658	0.01553	0.11285	0.16548	0.06798	0.01930	0.03267	0.08992	0.01059	0.01188	0.00828	0.00532	0.00481	0.00151	0.00719	0.00411	0.00309	0.00761
2	0.07059	0.14446	0.23424	0.15983	0.05625	0.11844	0.01392	0.06339	0.01307	0.04830	0.02297	0.01241	0.00833	0.00552	0.00494	0.00162	0.00721	0.00418	0.00298	0.00735
3	0.11010	0.10141	0.05153	0.01522	0.14024	0.11209	0.01110	0.22210	0.07320	0.02273	0.02690	0.01636	0.01119	0.00655	0.00517	0.00167	0.00628	0.05436	0.00400	0.00781
4	0.01280	0.01312	0.06013	0.21342	0.52182	0.01297	0.01642	0.01691	0.04634	0.01735	0.01081	0.01417	0.00872	0.00521	0.00549	0.00171	0.00676	0.00495	0.00279	0.00811
5	0.01165	0.01179	0.16589	0.01080	0.01437	0.00808	0.08167	0.01516	0.01465	0.13749	0.42532	0.02931	0.03286	0.00876	0.00613	0.00175	0.00472	0.00779	0.00513	0.00669
6	0.74912	0.01185	0.06599	0.00784	0.01154	0.01217	0.00701	0.01624	0.00968	0.02413	0.00828	0.00965	0.00639	0.00520	0.00358	0.00170	0.00451	0.00317	0.03580	0.00613
7	0.07682	0.34102	0.27210	0.01287	0.01845	0.11637	0.05903	0.01766	0.01195	0.01577	0.00877	0.01034	0.00708	0.00506	0.00448	0.00149	0.00728	0.00364	0.00253	0.00731
8	0.00868	0.00842	0.08275	0.00860	0.01044	0.00668	0.00704	0.08361	0.01304	0.01742	0.09827	0.45705	0.14866	0.01402	0.00661	0.00204	0.00387	0.01236	0.00499	0.00545
9	0.00940	0.00664	0.00696	0.00670	0.00728	0.04378	0.00418	0.00990	0.00979	0.04959	0.09262	0.03548	0.06073	0.60861	0.02271	0.00446	0.00516	0.00809	0.00386	0.00405
10	0.01496	0.01125	0.01326	0.01104	0.04319	0.01097	0.00847	0.16369	0.13222	0.09724	0.01462	0.05280	0.01172	0.00638	0.00569	0.00143	0.04526	0.00507	0.00448	0.34627
11	0.02087	0.09089	0.01536	0.01093	0.01491	0.09541	0.00902	0.20931	0.05699	0.34602	0.06090	0.01693	0.01370	0.00677	0.00536	0.00163	0.00561	0.00525	0.00554	0.00859
12	0.01901	0.01193	0.04309	0.01179	0.05287	0.01117	0.00935	0.21060	0.09220	0.30653	0.07370	0.01800	0.01475	0.00676	0.00547	0.00162	0.00504	0.00550	0.00559	0.09502

[dist]
# distance from previous block
# <min> <max>
0	6

[block]
# block no. 4 follows, 43 sequences, length 15
# corresponding to MSA columns:
# 199-213
name=unknown_E
#
# <colnr> <probs for GDERKNQSTAVLIFYWHMCP>
#	G	D	E	R	K	N	Q	S	T	A	V	L	I	F	Y	W	H	M	C	P
0	0.00786	0.08125	0.00874	0.00775	0.00878	0.00663	0.00555	0.00960	0.04573	0.01442	0.03031	0.58048	0.11236	0.04425	0.00739	0.00220	0.00356	0.01337	0.00484	0.00492
1	0.08684	0.21491	0.45223	0.01272	0.01889	0.01424	0.01503	0.01626	0.01128	0.01678	0.01114	0.08545	0.00975	0.00627	0.00485	0.00166	0.00681	0.00482	0.00271	0.00738
2	0.01245	0.15960	0.53486	0.01434	0.02129	0.01439	0.03877	0.01874	0.07942	0.03997	0.01109	0.01233	0.00817	0.00541	0.00505	0.00167	0.00738	0.00421	0.00279	0.00807
3	0.00864	0.00657	0.00977	0.00919	0.01024	0.00748	0.04113	0.01049	0.00920	0.01354	0.01485	0.02267	0.01406	0.13500	0.53255	0.00704	0.05832	0.00611	0.07820	0.00494
4	0.10195	0.01108	0.01266	0.01001	0.01408	0.07852	0.00817	0.02554	0.01523	0.63505	0.01931	0.01712	0.01239	0.00659	0.00532	0.00169	0.00515	0.00515	0.00617	0.00883
5	0.12704	0.04260	0.27287	0.05781	0.12583	0.07216	0.04595	0.08776	0.01357	0.08805	0.01098	0.01250	0.00805	0.00548	0.00510	0.00169	0.00700	0.00436	0.00332	0.00789
6	0.01194	0.08539	0.01613	0.04634	0.12695	0.01087	0.09161	0.09391	0.03593	0.02825	0.06870	0.17722	0.06129	0.03794	0.00659	0.00185	0.00529	0.00785	0.00406	0.08189
7	0.09419	0.04851	0.08696	0.09598	0.01846	0.10914	0.01093	0.26317	0.07801	0.08633	0.01457	0.01509	0.04181	0.00647	0.00522	0.00168	0.00634	0.00489	0.00435	0.00791
8	0.12978	0.04515	0.08827	0.43857	0.02843	0.01300	0.05277	0.05077	0.01176	0.01728	0.02468	0.01445	0.02185	0.00584	0.00568	0.00180	0.03572	0.00479	0.00287	0.00654
9	0.09028	0.31275	0.07276	0.07326	0.05334	0.08965	0.11741	0.01660	0.01207	0.01613	0.06280	0.01315	0.01050	0.00560	0.00516	0.00155	0.03280	0.00442	0.00286	0.00690
10	0.09165	0.31814	0.06780	0.01350	0.07983	0.03507	0.07923	0.01559	0.01157	0.01629	0.08447	0.03891	0.01270	0.00652	0.00638	0.00162	0.10598	0.00490	0.00302	0.00682
11	0.05970	0.24275	0.21322	0.05306	0.01721	0.07632	0.01195	0.07262	0.01279	0.01767	0.03655	0.03328	0.01018	0.00608	0.00521	0.00156	0.04021	0.00442	0.07819	0.00704
12	0.17163	0.20888	0.15684	0.03741	0.05838	0.10013	0.01158	0.07164	0.01272	0.01861	0.04937	0.01225	0.00958	0.00585	0.00536	0.00160	0.05395	0.00406	0.00308	0.00709
13	0.09503	0.34867	0.10232	0.01109	0.01525	0.13134	0.01047	0.08691	0.01308	0.01696	0.01160	0.01279	0.05485	0.00609	0.00536	0.00151	0.06259	0.00405	0.00302	0.00701
14	0.06659	0.31114	0.09659	0.05584	0.08592	0.04114	0.10953	0.01589	0.01173	0.01582	0.03617	0.03914	0.04356	0.00615	0.00545	0.00159	0.04292	0.00496	0.00288	0.00697

[dist]
# distance from previous block
# <min> <max>
2	68

# created by:
# /st0/software/busco_prod/Augustus/scripts/msa2prfl.pl ./align_prep/182056.fa
