[name]
unknown

[dist]
# distance from previous block
# <min> <max>
41	291

[block]
# block no. 0 follows, 45 sequences, length 8
# corresponding to MSA columns:
# 801-808
name=unknown_A
#
# <colnr> <probs for GDERKNQSTAVLIFYWHMCP>
#	G	D	E	R	K	N	Q	S	T	A	V	L	I	F	Y	W	H	M	C	P
0	0.01465	0.03874	0.07219	0.01359	0.09115	0.19533	0.01031	0.08494	0.24856	0.01950	0.04529	0.01832	0.01371	0.00679	0.00523	0.00164	0.00606	0.04520	0.06144	0.00736
1	0.01131	0.01322	0.09115	0.02835	0.01296	0.18118	0.00843	0.04605	0.06158	0.01641	0.09704	0.03133	0.27413	0.01127	0.04801	0.00209	0.00589	0.04960	0.00416	0.00584
2	0.01416	0.06119	0.33318	0.01278	0.01794	0.13541	0.01337	0.15219	0.05323	0.03715	0.07943	0.01573	0.03829	0.00634	0.00520	0.00161	0.00681	0.00488	0.00358	0.00751
3	0.05206	0.03422	0.05315	0.01153	0.01488	0.12248	0.10007	0.16682	0.11233	0.02111	0.03481	0.04388	0.05927	0.00687	0.00514	0.00160	0.00570	0.00569	0.14149	0.00692
4	0.19252	0.06554	0.22354	0.01429	0.10946	0.20951	0.01225	0.01785	0.01207	0.04365	0.00953	0.01109	0.00738	0.00522	0.00453	0.00154	0.00688	0.00375	0.04241	0.00696
5	0.10524	0.00874	0.00914	0.00812	0.01059	0.04448	0.00616	0.06533	0.05335	0.04369	0.13169	0.20040	0.07393	0.03620	0.00611	0.00172	0.00398	0.00793	0.00451	0.17868
6	0.09355	0.08016	0.10758	0.02984	0.01488	0.05810	0.05176	0.03850	0.03041	0.01739	0.01551	0.06446	0.08969	0.00638	0.00473	0.00138	0.00523	0.00518	0.00336	0.28190
7	0.16571	0.01698	0.06533	0.01139	0.01473	0.26633	0.00940	0.10369	0.19493	0.01992	0.01343	0.01405	0.02844	0.00784	0.04363	0.00195	0.00691	0.00448	0.00383	0.00702

[dist]
# distance from previous block
# <min> <max>
6	18

[block]
# block no. 1 follows, 45 sequences, length 11
# corresponding to MSA columns:
# 827-829,833-840
name=unknown_B
#
# <colnr> <probs for GDERKNQSTAVLIFYWHMCP>
#	G	D	E	R	K	N	Q	S	T	A	V	L	I	F	Y	W	H	M	C	P
0	0.01332	0.13951	0.47261	0.01455	0.02093	0.11409	0.07873	0.01791	0.01209	0.05425	0.00983	0.01134	0.00727	0.00511	0.00495	0.00159	0.00777	0.00401	0.00259	0.00756
1	0.08902	0.01646	0.27208	0.06232	0.02055	0.01151	0.19360	0.03103	0.01191	0.01829	0.08055	0.01518	0.01160	0.00571	0.00576	0.00167	0.04058	0.00508	0.04773	0.05936
2	0.01377	0.68022	0.07420	0.05120	0.01560	0.01995	0.01029	0.01584	0.01078	0.01298	0.00769	0.00925	0.00691	0.00492	0.00441	0.00128	0.04844	0.00314	0.00230	0.00685
3	0.09708	0.02001	0.43064	0.08675	0.02198	0.01249	0.10323	0.01597	0.01091	0.01722	0.00972	0.01221	0.00728	0.00551	0.00620	0.00175	0.08269	0.00433	0.04693	0.00710
4	0.01719	0.01110	0.01274	0.00997	0.01400	0.01095	0.00807	0.21560	0.16188	0.21362	0.01600	0.01542	0.01144	0.00601	0.00498	0.00144	0.00463	0.00479	0.03625	0.22395
5	0.00742	0.00564	0.00753	0.00736	0.00858	0.00519	0.02969	0.00937	0.01306	0.01772	0.39477	0.19858	0.16035	0.05506	0.00762	0.00205	0.00319	0.05675	0.00527	0.00480
6	0.02172	0.00921	0.01222	0.00926	0.01352	0.00776	0.00761	0.02385	0.01459	0.64216	0.01905	0.01697	0.01231	0.00616	0.00514	0.00150	0.00446	0.00499	0.00601	0.16150
7	0.00677	0.00485	0.00644	0.00732	0.00784	0.00452	0.00500	0.00806	0.01136	0.01543	0.19422	0.63829	0.03885	0.01553	0.00674	0.00207	0.00299	0.01403	0.00519	0.00452
8	0.00932	0.00466	0.00699	0.00699	0.00699	0.00466	0.00466	0.00699	0.00699	0.00932	0.00932	0.01632	0.00932	0.01865	0.02098	0.84382	0.00466	0.00466	0.00233	0.00233
9	0.00748	0.00548	0.00702	0.00663	0.00795	0.00502	0.00497	0.00991	0.01492	0.02088	0.70870	0.04116	0.11739	0.01122	0.00633	0.00170	0.00255	0.00986	0.00582	0.00502
10	0.01329	0.01275	0.02179	0.03295	0.77787	0.01275	0.01647	0.01647	0.01222	0.01754	0.01010	0.01329	0.00850	0.00478	0.00531	0.00159	0.00638	0.00478	0.00266	0.00850

[dist]
# distance from previous block
# <min> <max>
0	1

[block]
# block no. 2 follows, 45 sequences, length 144
# corresponding to MSA columns:
# 842-985
name=unknown_C
#
# <colnr> <probs for GDERKNQSTAVLIFYWHMCP>
#	G	D	E	R	K	N	Q	S	T	A	V	L	I	F	Y	W	H	M	C	P
0	0.00935	0.00467	0.00693	0.00693	0.00697	0.00467	0.00463	0.00717	0.00713	0.00966	0.00958	0.01643	0.00946	0.01826	0.02044	0.81731	0.00459	0.00467	0.02872	0.00242
1	0.01014	0.00954	0.01610	0.79845	0.03697	0.01193	0.01491	0.01371	0.01073	0.01371	0.00954	0.01431	0.00716	0.00537	0.00537	0.00179	0.00716	0.00477	0.00239	0.00596
2	0.84927	0.01038	0.00789	0.00706	0.01038	0.01204	0.00581	0.01578	0.00914	0.02408	0.00747	0.00872	0.00581	0.00498	0.00332	0.00166	0.00415	0.00291	0.00332	0.00581
3	0.01277	0.01204	0.01953	0.02875	0.64199	0.02715	0.01478	0.03441	0.01241	0.01742	0.01267	0.09711	0.01192	0.00637	0.00552	0.00168	0.00605	0.02644	0.00303	0.00794
4	0.00932	0.00466	0.00699	0.00699	0.00699	0.00466	0.00466	0.00699	0.00699	0.00932	0.00932	0.01632	0.00932	0.01865	0.02098	0.84382	0.00466	0.00466	0.00233	0.00233
5	0.01240	0.01393	0.03015	0.03920	0.02731	0.01313	0.70767	0.01677	0.01254	0.01707	0.01146	0.03591	0.00896	0.00491	0.00628	0.00181	0.00873	0.00652	0.01817	0.00709
6	0.02020	0.01013	0.01244	0.01011	0.01387	0.01005	0.00816	0.04604	0.28162	0.49394	0.02120	0.01875	0.01427	0.00686	0.00542	0.00172	0.00449	0.00562	0.00619	0.00891
7	0.84927	0.01038	0.00789	0.00706	0.01038	0.01204	0.00581	0.01578	0.00914	0.02408	0.00747	0.00872	0.00581	0.00498	0.00332	0.00166	0.00415	0.00291	0.00332	0.00581
8	0.00642	0.00543	0.00546	0.00546	0.00718	0.00457	0.00404	0.00771	0.01201	0.01429	0.05247	0.05082	0.73725	0.05414	0.00741	0.00198	0.00285	0.01115	0.00490	0.00447
9	0.01066	0.01030	0.01796	0.64597	0.09626	0.01226	0.08106	0.01423	0.01096	0.01432	0.00964	0.01417	0.00735	0.00535	0.00577	0.00179	0.02832	0.00491	0.00244	0.00628
10	0.01001	0.00500	0.00500	0.00500	0.00625	0.00500	0.00375	0.01251	0.01126	0.02001	0.01751	0.02001	0.01376	0.00625	0.00375	0.00125	0.00250	0.00500	0.84115	0.00500
11	0.01845	0.01032	0.05739	0.01035	0.04949	0.00850	0.00833	0.07284	0.01431	0.42135	0.01703	0.01694	0.01183	0.03649	0.00582	0.00161	0.00467	0.00495	0.08965	0.13969
12	0.01035	0.00964	0.01600	0.69228	0.08151	0.01175	0.01454	0.01418	0.03192	0.01431	0.01079	0.01654	0.00859	0.00582	0.00546	0.00181	0.00692	0.03882	0.00261	0.00615
13	0.02048	0.00836	0.01121	0.00886	0.01244	0.00725	0.00722	0.02257	0.01511	0.61938	0.12828	0.02377	0.07482	0.00776	0.00560	0.00168	0.00415	0.00643	0.00642	0.00823
14	0.01435	0.81458	0.02813	0.00918	0.01378	0.02124	0.00918	0.01607	0.01091	0.01263	0.00746	0.00861	0.00689	0.00459	0.00344	0.00115	0.00574	0.00287	0.00230	0.00689
15	0.00949	0.00483	0.00637	0.00637	0.00685	0.00487	0.00443	0.00901	0.00854	0.01316	0.01237	0.01780	0.01103	0.01529	0.04800	0.51639	0.00433	0.00483	0.29267	0.00336
16	0.01144	0.00972	0.01130	0.00810	0.01285	0.00747	0.00649	0.03849	0.01160	0.01804	0.00965	0.01119	0.00799	0.00406	0.00402	0.00082	0.00404	0.00324	0.00325	0.81623
17	0.00654	0.00467	0.00623	0.00747	0.00779	0.00436	0.00498	0.00747	0.01028	0.01370	0.02959	0.80785	0.03550	0.01682	0.00685	0.00218	0.00311	0.01526	0.00498	0.00436
18	0.01924	0.01351	0.01480	0.01156	0.01567	0.01458	0.00946	0.52174	0.13466	0.11848	0.01501	0.01449	0.01063	0.00645	0.00531	0.00160	0.00539	0.00499	0.00541	0.05702
19	0.01396	0.01139	0.01216	0.01085	0.01394	0.01304	0.00846	0.02839	0.72539	0.06559	0.02181	0.01993	0.01621	0.00725	0.00546	0.00181	0.00427	0.00603	0.00553	0.00853
20	0.00663	0.00474	0.00631	0.00741	0.00781	0.00442	0.00499	0.00770	0.01069	0.01436	0.09189	0.74368	0.03677	0.01633	0.00681	0.00214	0.00307	0.01480	0.00506	0.00442
21	0.01236	0.01181	0.02011	0.25897	0.55911	0.01251	0.01601	0.01566	0.01178	0.01641	0.00993	0.01359	0.00810	0.00496	0.00533	0.00165	0.00661	0.00478	0.00258	0.00775
22	0.11242	0.00927	0.01197	0.00928	0.01335	0.00833	0.00767	0.02505	0.01470	0.70050	0.01971	0.01725	0.01249	0.00647	0.00518	0.00166	0.00452	0.00513	0.00629	0.00878
23	0.01319	0.01265	0.02161	0.05663	0.75495	0.01273	0.01643	0.01639	0.01218	0.01742	0.01008	0.01332	0.00846	0.00480	0.00532	0.00160	0.00640	0.00478	0.00265	0.00842
24	0.01113	0.00954	0.01113	0.00795	0.01272	0.00716	0.00636	0.01352	0.01113	0.01749	0.00954	0.01113	0.00795	0.00398	0.00398	0.00080	0.00398	0.00318	0.00318	0.84417
25	0.01335	0.01153	0.01214	0.01092	0.01396	0.01335	0.00850	0.02852	0.76817	0.02245	0.02185	0.02003	0.01639	0.00728	0.00546	0.00182	0.00425	0.00607	0.00546	0.00850
26	0.01145	0.01140	0.01585	0.01363	0.01372	0.01580	0.01133	0.01264	0.00844	0.01300	0.00959	0.01389	0.04837	0.00962	0.01701	0.00232	0.75858	0.00505	0.00249	0.00580
27	0.08366	0.53719	0.22776	0.01064	0.01601	0.01813	0.01174	0.01630	0.01087	0.01476	0.00804	0.00935	0.00677	0.00476	0.00388	0.00134	0.00619	0.00317	0.00237	0.00708
28	0.01014	0.00954	0.01610	0.79845	0.03697	0.01193	0.01491	0.01371	0.01073	0.01371	0.00954	0.01431	0.00716	0.00537	0.00537	0.00179	0.00716	0.00477	0.00239	0.00596
29	0.01329	0.01275	0.02179	0.03295	0.77787	0.01275	0.01647	0.01647	0.01222	0.01754	0.01010	0.01329	0.00850	0.00478	0.00531	0.00159	0.00638	0.00478	0.00266	0.00850
30	0.01433	0.01360	0.02026	0.07067	0.50169	0.05831	0.05683	0.10783	0.06823	0.01938	0.01119	0.01364	0.00896	0.00523	0.00537	0.00162	0.00655	0.00489	0.00318	0.00823
31	0.00767	0.00575	0.00863	0.00863	0.00959	0.00671	0.00671	0.00959	0.00863	0.01246	0.01438	0.02109	0.01342	0.04026	0.79008	0.00863	0.01438	0.00575	0.00288	0.00479
32	0.00786	0.00565	0.00639	0.00640	0.00738	0.00540	0.00437	0.04295	0.01114	0.01477	0.08832	0.17515	0.24286	0.27214	0.03105	0.00308	0.00398	0.00994	0.05680	0.00438
33	0.00869	0.00622	0.00777	0.00705	0.00871	0.00578	0.00537	0.05110	0.01536	0.03923	0.62988	0.03811	0.10704	0.01061	0.00618	0.00166	0.00283	0.00926	0.00573	0.03341
34	0.00684	0.00546	0.00613	0.00596	0.00755	0.00474	0.00447	0.00866	0.01341	0.01728	0.33946	0.04709	0.48887	0.01256	0.00634	0.00176	0.00265	0.01069	0.00535	0.00474
35	0.00780	0.00524	0.00604	0.00604	0.00610	0.00530	0.00348	0.00792	0.00786	0.01054	0.01675	0.03420	0.01911	0.76053	0.07760	0.00543	0.00581	0.00767	0.00323	0.00335
36	0.00781	0.00520	0.00585	0.00585	0.00585	0.00520	0.00325	0.00781	0.00781	0.01041	0.01691	0.03513	0.01952	0.81135	0.02732	0.00520	0.00520	0.00781	0.00325	0.00325
37	0.01113	0.00954	0.01113	0.00795	0.01272	0.00716	0.00636	0.01352	0.01113	0.01749	0.00954	0.01113	0.00795	0.00398	0.00398	0.00080	0.00398	0.00318	0.00318	0.84417
38	0.01087	0.01058	0.01631	0.37195	0.02465	0.01394	0.02963	0.01321	0.00953	0.01340	0.00897	0.03760	0.00800	0.00768	0.01144	0.00208	0.39671	0.00509	0.00246	0.00590
39	0.01326	0.01153	0.01264	0.03382	0.04569	0.01329	0.00900	0.02762	0.71624	0.02201	0.02103	0.01959	0.01581	0.00713	0.00545	0.00181	0.00442	0.00598	0.00526	0.00843
40	0.01114	0.01056	0.01790	0.55576	0.27186	0.01219	0.01540	0.01459	0.01121	0.01493	0.00972	0.01399	0.00758	0.00518	0.00535	0.00173	0.00691	0.00477	0.00247	0.00677
41	0.01595	0.01799	0.01309	0.01185	0.01449	0.40845	0.00905	0.03825	0.23730	0.01653	0.01839	0.01839	0.11037	0.00728	0.00575	0.00161	0.03930	0.00534	0.00390	0.00673
42	0.00785	0.00602	0.00897	0.00887	0.00979	0.00714	0.00693	0.00973	0.00861	0.01248	0.01405	0.02067	0.01314	0.03888	0.75569	0.00835	0.04942	0.00570	0.00285	0.00484
43	0.01962	0.01437	0.01543	0.01195	0.01602	0.01587	0.00982	0.71129	0.02430	0.03273	0.01357	0.03814	0.01011	0.00676	0.00536	0.00162	0.00571	0.00517	0.03332	0.00884
44	0.00932	0.00466	0.00699	0.00699	0.00699	0.00466	0.00466	0.00699	0.00699	0.00932	0.00932	0.01632	0.00932	0.01865	0.02098	0.84382	0.00466	0.00466	0.00233	0.00233
45	0.02053	0.00835	0.01132	0.00895	0.01248	0.00728	0.00728	0.02271	0.01533	0.61788	0.18355	0.02297	0.02133	0.00758	0.00560	0.00167	0.00413	0.00633	0.00649	0.00826
46	0.01435	0.81458	0.02813	0.00918	0.01378	0.02124	0.00918	0.01607	0.01091	0.01263	0.00746	0.00861	0.00689	0.00459	0.00344	0.00115	0.00574	0.00287	0.00230	0.00689
47	0.00936	0.00680	0.00884	0.00932	0.01088	0.00691	0.00784	0.01346	0.11146	0.03519	0.16492	0.05033	0.05163	0.01292	0.00689	0.00221	0.00434	0.47598	0.00523	0.00551
48	0.00776	0.00702	0.03131	0.01032	0.01172	0.00622	0.13815	0.00945	0.01067	0.01433	0.02547	0.62939	0.02956	0.03232	0.00718	0.00217	0.00434	0.01322	0.00447	0.00494
49	0.00654	0.00467	0.00623	0.00747	0.00779	0.00436	0.00498	0.00747	0.01028	0.01370	0.02959	0.80785	0.03550	0.01682	0.00685	0.00218	0.00311	0.01526	0.00498	0.00436
50	0.00754	0.00548	0.00710	0.00669	0.00798	0.00504	0.00502	0.01002	0.01506	0.02120	0.74177	0.04063	0.08412	0.01109	0.00633	0.00169	0.00254	0.00978	0.00587	0.00504
51	0.00958	0.00817	0.01306	0.56841	0.02828	0.00982	0.01185	0.01261	0.01074	0.01460	0.01366	0.13393	0.01233	0.00721	0.00536	0.00177	0.00590	0.00637	0.12076	0.00559
52	0.01578	0.01197	0.01340	0.00997	0.01451	0.01141	0.00813	0.34611	0.01758	0.05586	0.01150	0.01220	0.00869	0.00518	0.00465	0.00119	0.00486	0.00401	0.00430	0.43869
53	0.00634	0.00544	0.00544	0.00544	0.00725	0.00453	0.00408	0.00770	0.01224	0.01450	0.05438	0.05166	0.77569	0.01359	0.00634	0.00181	0.00272	0.01133	0.00498	0.00453
54	0.03575	0.19250	0.14456	0.01257	0.01652	0.32784	0.01148	0.09130	0.01384	0.01592	0.00896	0.01060	0.00736	0.00698	0.03768	0.00176	0.05101	0.00370	0.00283	0.00685
55	0.01075	0.04022	0.71453	0.01526	0.04203	0.01229	0.01888	0.01665	0.01153	0.01715	0.04494	0.01266	0.00887	0.00535	0.00513	0.00169	0.00760	0.00423	0.00245	0.00780
56	0.00905	0.00657	0.00736	0.00725	0.00798	0.03082	0.00495	0.05949	0.01012	0.01372	0.01857	0.10892	0.03416	0.42581	0.13652	0.00459	0.00633	0.04166	0.06181	0.00431
57	0.01113	0.00954	0.01113	0.00795	0.01272	0.00716	0.00636	0.01352	0.01113	0.01749	0.00954	0.01113	0.00795	0.00398	0.00398	0.00080	0.00398	0.00318	0.00318	0.84417
58	0.01138	0.10015	0.16156	0.03462	0.01886	0.01321	0.20466	0.03145	0.01156	0.01617	0.08740	0.08226	0.01408	0.00744	0.00824	0.00185	0.17927	0.00619	0.00307	0.00658
59	0.01113	0.00954	0.01113	0.00795	0.01272	0.00716	0.00636	0.01352	0.01113	0.01749	0.00954	0.01113	0.00795	0.00398	0.00398	0.00080	0.00398	0.00318	0.00318	0.84417
60	0.00689	0.00582	0.00607	0.00641	0.00774	0.02879	0.00461	0.00816	0.01184	0.01452	0.07752	0.29059	0.48360	0.01425	0.00646	0.00191	0.00305	0.01226	0.00496	0.00455
61	0.01929	0.00825	0.01107	0.00877	0.01224	0.00715	0.00710	0.02150	0.01510	0.55162	0.20818	0.02332	0.02230	0.00758	0.00555	0.00162	0.00403	0.00635	0.00628	0.05270
62	0.01105	0.01073	0.01159	0.03701	0.01273	0.14941	0.00859	0.03601	0.01033	0.01337	0.01186	0.01700	0.01085	0.02667	0.47001	0.00584	0.14361	0.00510	0.00283	0.00540
63	0.27862	0.01117	0.01589	0.22232	0.34226	0.01231	0.01268	0.01554	0.01086	0.01863	0.00912	0.01210	0.00730	0.00500	0.00469	0.00167	0.00587	0.00418	0.00280	0.00699
64	0.01605	0.01339	0.01333	0.01143	0.01479	0.07703	0.00902	0.19949	0.49783	0.05941	0.01861	0.01743	0.01377	0.00691	0.00539	0.00173	0.00509	0.00554	0.00528	0.00849
65	0.01165	0.01161	0.01627	0.01397	0.01399	0.01623	0.01163	0.01284	0.00823	0.01291	0.00721	0.01195	0.00719	0.01008	0.03472	0.00249	0.78409	0.00472	0.00236	0.00585
66	0.03867	0.01245	0.03838	0.24297	0.35477	0.04775	0.07338	0.03841	0.01218	0.01667	0.01205	0.01525	0.04344	0.00625	0.02348	0.00183	0.00693	0.00509	0.00280	0.00723
67	0.01136	0.00888	0.01234	0.05836	0.17703	0.04385	0.03183	0.01392	0.01391	0.10188	0.34478	0.02957	0.11286	0.00869	0.00589	0.00167	0.00440	0.00768	0.00474	0.00636
68	0.58186	0.00856	0.00760	0.00704	0.00930	0.00969	0.00545	0.01298	0.00845	0.01938	0.00806	0.01114	0.00693	0.00933	0.00894	0.26978	0.00431	0.00347	0.00301	0.00470
69	0.00882	0.00669	0.01008	0.22309	0.01662	0.00700	0.02808	0.01096	0.01176	0.05671	0.16633	0.35149	0.05815	0.01158	0.00624	0.00193	0.00433	0.01042	0.00448	0.00527
70	0.01338	0.01372	0.06523	0.04569	0.65457	0.01293	0.04654	0.05080	0.01276	0.01817	0.01022	0.01322	0.00839	0.00488	0.00535	0.00161	0.00657	0.00480	0.00276	0.00840
71	0.00915	0.00651	0.00866	0.00972	0.03388	0.00651	0.00735	0.04565	0.05131	0.04033	0.02707	0.37588	0.02988	0.01434	0.00685	0.00222	0.00419	0.31020	0.00499	0.00531
72	0.00760	0.00549	0.00718	0.00675	0.00802	0.00506	0.00506	0.01013	0.01519	0.02153	0.77503	0.04010	0.05065	0.01097	0.00633	0.00169	0.00253	0.00971	0.00591	0.00506
73	0.01316	0.01524	0.11953	0.07457	0.59308	0.05728	0.01647	0.01666	0.01219	0.01699	0.00990	0.01289	0.00811	0.00490	0.00526	0.00161	0.00681	0.00460	0.00260	0.00815
74	0.01435	0.81458	0.02813	0.00918	0.01378	0.02124	0.00918	0.01607	0.01091	0.01263	0.00746	0.00861	0.00689	0.00459	0.00344	0.00115	0.00574	0.00287	0.00230	0.00689
75	0.00662	0.00475	0.00630	0.00747	0.00787	0.00443	0.00506	0.00764	0.01050	0.01397	0.04708	0.74969	0.05534	0.01654	0.00684	0.00217	0.00314	0.03519	0.00500	0.00440
76	0.03424	0.01302	0.01324	0.01178	0.03186	0.05629	0.00907	0.17740	0.54052	0.02420	0.01868	0.01759	0.01396	0.00691	0.00536	0.00175	0.00493	0.00557	0.00518	0.00844
77	0.00943	0.00634	0.00781	0.00746	0.00899	0.00605	0.00553	0.04604	0.05506	0.08046	0.34831	0.22391	0.12809	0.03317	0.00685	0.00192	0.00318	0.01043	0.00551	0.00548
78	0.06559	0.00937	0.01167	0.00877	0.01312	0.00783	0.00716	0.02054	0.01333	0.43477	0.01577	0.01489	0.01074	0.00549	0.00471	0.00132	0.00431	0.00437	0.00508	0.34115
79	0.01040	0.00990	0.01616	0.67072	0.03325	0.01266	0.01439	0.01359	0.01032	0.01359	0.00913	0.01389	0.00714	0.00602	0.00736	0.00188	0.13651	0.00476	0.00238	0.00595
80	0.01011	0.00938	0.01580	0.77197	0.03597	0.01168	0.01456	0.01349	0.01061	0.01357	0.00953	0.01438	0.00723	0.00581	0.00589	0.02996	0.00707	0.00477	0.00238	0.00584
81	0.00872	0.00677	0.00761	0.00741	0.00792	0.04122	0.00496	0.01002	0.04517	0.01170	0.01582	0.02904	0.01689	0.52058	0.21209	0.00561	0.03425	0.00692	0.00322	0.00410
82	0.00674	0.00597	0.00574	0.00569	0.00752	0.02541	0.00427	0.00813	0.01239	0.01464	0.07149	0.05025	0.73681	0.01331	0.00630	0.00180	0.00290	0.01108	0.00495	0.00459
83	0.00860	0.00626	0.00888	0.00991	0.01121	0.00621	0.02089	0.01103	0.01231	0.01598	0.02888	0.07855	0.05144	0.01467	0.00735	0.00243	0.00490	0.69062	0.00491	0.00495
84	0.01232	0.01341	0.02758	0.14751	0.12189	0.01328	0.52893	0.01644	0.01219	0.01657	0.01046	0.01424	0.00800	0.00482	0.00634	0.00179	0.02858	0.00585	0.00265	0.00716
85	0.01296	0.01258	0.02070	0.15517	0.63885	0.03327	0.01606	0.01616	0.01206	0.01681	0.00996	0.01335	0.00824	0.00490	0.00531	0.00162	0.00659	0.00475	0.00262	0.00803
86	0.00653	0.00470	0.00620	0.00739	0.00776	0.00437	0.00495	0.00748	0.01036	0.01374	0.03059	0.77707	0.06563	0.01669	0.00683	0.00217	0.00310	0.01510	0.00498	0.00437
87	0.02082	0.00917	0.01193	0.00947	0.01316	0.00846	0.00770	0.05187	0.09630	0.58117	0.11144	0.02088	0.01795	0.00722	0.00552	0.00168	0.00434	0.00597	0.00638	0.00858
88	0.00722	0.00547	0.00662	0.00633	0.00774	0.00491	0.00472	0.00934	0.01412	0.01913	0.53864	0.04349	0.26992	0.03048	0.00683	0.00181	0.00265	0.01016	0.00557	0.00486
89	0.41964	0.01183	0.01159	0.00976	0.02934	0.01307	0.00778	0.28400	0.01564	0.11122	0.01125	0.01208	0.00826	0.02712	0.00497	0.00174	0.00490	0.00405	0.00441	0.00736
90	0.00819	0.00602	0.00802	0.00896	0.01030	0.00584	0.00769	0.01047	0.01245	0.01601	0.06345	0.05813	0.16488	0.01445	0.00718	0.00232	0.00445	0.58134	0.00499	0.00487
91	0.00667	0.00476	0.00621	0.00726	0.00762	0.00446	0.00482	0.00759	0.01027	0.01369	0.05224	0.69906	0.05430	0.08333	0.00854	0.00241	0.00326	0.01436	0.00487	0.00429
92	0.01984	0.02522	0.01524	0.01384	0.01653	0.76965	0.01041	0.02121	0.01503	0.01313	0.00826	0.00973	0.00692	0.00563	0.00517	0.00141	0.03031	0.00349	0.00275	0.00621
93	0.00659	0.00539	0.00567	0.00579	0.00731	0.00465	0.00424	0.00785	0.01175	0.01424	0.06029	0.10278	0.61736	0.08695	0.00834	0.00217	0.00305	0.03632	0.00484	0.00443
94	0.03947	0.00874	0.00956	0.00824	0.01070	0.00894	0.00648	0.24066	0.04037	0.02315	0.25963	0.05340	0.24896	0.01019	0.00593	0.00172	0.00375	0.00849	0.00535	0.00627
95	0.01427	0.79642	0.04556	0.00933	0.01400	0.02104	0.00943	0.01609	0.01092	0.01273	0.00751	0.00867	0.00689	0.00460	0.00348	0.00116	0.00579	0.00290	0.00230	0.00691
96	0.01234	0.01656	0.15248	0.02126	0.02697	0.01346	0.62284	0.01707	0.01236	0.01707	0.01058	0.01391	0.00790	0.00473	0.00639	0.00180	0.02642	0.00592	0.00263	0.00732
97	0.00699	0.00486	0.00609	0.00689	0.00709	0.00466	0.00436	0.00759	0.00939	0.01252	0.02503	0.53018	0.02976	0.30233	0.01421	0.00327	0.00387	0.01258	0.00436	0.00396
98	0.01176	0.01164	0.01565	0.07038	0.01564	0.03491	0.01120	0.01328	0.00899	0.01361	0.00760	0.01179	0.00718	0.00826	0.01452	0.00207	0.61336	0.00446	0.00248	0.12124
99	0.01471	0.01016	0.01125	0.03008	0.01305	0.03428	0.00768	0.15538	0.22138	0.15698	0.06623	0.10720	0.09058	0.03633	0.00642	0.00188	0.00449	0.00735	0.01723	0.00734
100	0.01166	0.02656	0.66573	0.01590	0.03539	0.07422	0.06256	0.01735	0.01173	0.01671	0.00961	0.01142	0.00692	0.00510	0.00516	0.00168	0.00811	0.00408	0.00234	0.00777
101	0.02165	0.00860	0.01168	0.00914	0.01286	0.00747	0.00747	0.02379	0.01534	0.66929	0.13255	0.02150	0.01881	0.00728	0.00554	0.00166	0.00427	0.00603	0.00654	0.00853
102	0.00696	0.00506	0.00656	0.00703	0.00784	0.00466	0.00495	0.00857	0.01242	0.01694	0.33443	0.44061	0.09563	0.01421	0.00660	0.00195	0.00285	0.01272	0.00536	0.00466
103	0.00972	0.01007	0.12820	0.00835	0.01128	0.00738	0.00763	0.04367	0.07924	0.06954	0.18723	0.05709	0.31700	0.03166	0.00654	0.00185	0.00396	0.00874	0.00488	0.00598
104	0.01118	0.11951	0.69546	0.01459	0.02213	0.01349	0.01859	0.01689	0.01128	0.01649	0.00938	0.01102	0.00681	0.00504	0.00491	0.00164	0.00768	0.00384	0.00227	0.00781
105	0.01662	0.05587	0.01393	0.01143	0.01463	0.20502	0.00903	0.09104	0.36259	0.10169	0.03073	0.01747	0.01357	0.00683	0.00526	0.00166	0.00584	0.02424	0.00475	0.00782
106	0.08125	0.00937	0.01210	0.00940	0.01337	0.00852	0.00774	0.06349	0.01544	0.65515	0.05310	0.01828	0.01419	0.00671	0.00529	0.00166	0.00452	0.00538	0.00631	0.00872
107	0.01043	0.00998	0.01620	0.76398	0.05239	0.02984	0.01484	0.01395	0.01087	0.01378	0.00952	0.01418	0.00718	0.00536	0.00535	0.00178	0.00720	0.00474	0.00240	0.00602
108	0.01513	0.31676	0.02178	0.06363	0.22615	0.18536	0.01180	0.04233	0.02720	0.01512	0.00934	0.01180	0.00806	0.00520	0.00455	0.00141	0.00682	0.01762	0.00272	0.00720
109	0.01275	0.00667	0.00872	0.00761	0.00985	0.00595	0.00598	0.01501	0.01483	0.26257	0.43226	0.03509	0.11569	0.01001	0.00607	0.00172	0.00328	0.03363	0.00601	0.00630
110	0.01167	0.00851	0.01060	0.02823	0.07255	0.00871	0.00800	0.06158	0.17900	0.09272	0.12373	0.04927	0.16678	0.01018	0.00610	0.00188	0.00421	0.14451	0.00514	0.00661
111	0.01186	0.00742	0.00903	0.00804	0.01026	0.00726	0.00626	0.03528	0.13554	0.16605	0.31260	0.03316	0.14293	0.02967	0.04267	0.00214	0.00397	0.02389	0.00560	0.00637
112	0.00917	0.00466	0.00695	0.00702	0.00704	0.00464	0.00468	0.00702	0.00718	0.00957	0.01048	0.06135	0.01081	0.01854	0.02018	0.79594	0.00457	0.00526	0.00248	0.00245
113	0.01309	0.01250	0.02099	0.07953	0.69653	0.01273	0.01601	0.01686	0.04702	0.01753	0.01060	0.01366	0.00878	0.00493	0.00532	0.00162	0.00633	0.00484	0.00277	0.00834
114	0.03389	0.06070	0.69506	0.01475	0.02218	0.04871	0.01857	0.01713	0.01143	0.01683	0.00942	0.01107	0.00678	0.00510	0.00497	0.00166	0.00782	0.00387	0.00232	0.00775
115	0.00781	0.00520	0.00585	0.00585	0.00585	0.00520	0.00325	0.00781	0.00781	0.01041	0.01691	0.03513	0.01952	0.81135	0.02732	0.00520	0.00520	0.00781	0.00325	0.00325
116	0.02408	0.00914	0.01246	0.00955	0.01370	0.00789	0.00789	0.02616	0.01536	0.78158	0.02118	0.01827	0.01329	0.00664	0.00540	0.00166	0.00457	0.00540	0.00664	0.00914
117	0.01004	0.00683	0.00991	0.05742	0.01308	0.00682	0.03209	0.01266	0.02612	0.08230	0.02669	0.12342	0.04458	0.01325	0.00697	0.00228	0.00493	0.51028	0.00488	0.00544
118	0.01077	0.02777	0.78354	0.01530	0.02323	0.01247	0.01983	0.01700	0.01133	0.01700	0.00963	0.01133	0.00680	0.00510	0.00510	0.00170	0.00793	0.00397	0.00227	0.00793
119	0.02173	0.00869	0.01175	0.00923	0.01297	0.00761	0.00753	0.02407	0.02906	0.66911	0.10161	0.03876	0.01783	0.00735	0.00553	0.00168	0.00431	0.00610	0.00651	0.00858
120	0.01996	0.01482	0.01586	0.01226	0.01648	0.01644	0.01010	0.71419	0.07174	0.03312	0.01345	0.01333	0.00958	0.00650	0.00538	0.00162	0.00580	0.00491	0.00538	0.00909
121	0.01068	0.00925	0.01483	0.49718	0.02757	0.01110	0.06007	0.03369	0.01115	0.01572	0.01116	0.01525	0.00863	0.00586	0.00612	0.00172	0.07283	0.00491	0.17635	0.00592
122	0.01112	0.00608	0.00619	0.00579	0.00737	0.00625	0.00444	0.09252	0.01275	0.02149	0.01702	0.01925	0.01326	0.00627	0.00393	0.00129	0.00287	0.00498	0.75168	0.00544
123	0.02937	0.03191	0.01727	0.19067	0.28731	0.15729	0.01300	0.03938	0.13550	0.01721	0.02275	0.01413	0.00974	0.00559	0.00520	0.00163	0.00669	0.00474	0.00320	0.00741
124	0.38050	0.26835	0.01597	0.00886	0.01268	0.05129	0.00776	0.12630	0.01258	0.04229	0.00891	0.00986	0.00708	0.00517	0.00380	0.00147	0.00515	0.00332	0.02192	0.00674
125	0.00767	0.00575	0.00863	0.00863	0.00959	0.00671	0.00671	0.00959	0.00863	0.01246	0.01438	0.02109	0.01342	0.04026	0.79008	0.00863	0.01438	0.00575	0.00288	0.00479
126	0.01616	0.01221	0.01444	0.01137	0.01515	0.01284	0.04210	0.31585	0.14900	0.08450	0.01468	0.04740	0.01142	0.00665	0.00598	0.00157	0.05495	0.00526	0.00473	0.17373
127	0.01436	0.75687	0.06190	0.00955	0.01428	0.02072	0.00969	0.03676	0.01132	0.01341	0.00771	0.00885	0.00695	0.00467	0.00357	0.00119	0.00584	0.00297	0.00238	0.00700
128	0.00664	0.00474	0.00618	0.00729	0.00762	0.00443	0.00482	0.00751	0.01014	0.01346	0.02927	0.72540	0.05492	0.07978	0.00846	0.00241	0.00327	0.01456	0.00485	0.00428
129	0.84927	0.01038	0.00789	0.00706	0.01038	0.01204	0.00581	0.01578	0.00914	0.02408	0.00747	0.00872	0.00581	0.00498	0.00332	0.00166	0.00415	0.00291	0.00332	0.00581
130	0.01108	0.01061	0.01746	0.46418	0.26207	0.02457	0.03515	0.01436	0.01144	0.01507	0.01288	0.01711	0.05613	0.00586	0.00547	0.00174	0.00669	0.01875	0.00269	0.00668
131	0.00840	0.00604	0.00834	0.00951	0.01071	0.00598	0.00819	0.01071	0.01221	0.01583	0.02970	0.11143	0.06559	0.01491	0.00733	0.00242	0.00471	0.65816	0.00495	0.00488
132	0.00654	0.00467	0.00623	0.00747	0.00779	0.00436	0.00498	0.00747	0.01028	0.01370	0.02959	0.80785	0.03550	0.01682	0.00685	0.00218	0.00311	0.01526	0.00498	0.00436
133	0.00732	0.00539	0.00695	0.02043	0.00865	0.00506	0.00528	0.02791	0.01199	0.01623	0.20611	0.51960	0.08843	0.01442	0.00656	0.00198	0.00311	0.01292	0.00512	0.02657
134	0.01333	0.01304	0.02111	0.08745	0.69338	0.04432	0.01611	0.01648	0.01224	0.01708	0.00998	0.01321	0.00834	0.00486	0.00530	0.00160	0.00657	0.00473	0.00264	0.00823
135	0.00667	0.00476	0.00615	0.00721	0.00755	0.00446	0.00475	0.00752	0.01010	0.01338	0.02933	0.68990	0.06710	0.10293	0.00905	0.00249	0.00332	0.01427	0.00480	0.00425
136	0.01324	0.01505	0.02591	0.05135	0.02426	0.11421	0.49442	0.01673	0.01212	0.01573	0.00997	0.01360	0.00792	0.00641	0.02894	0.00202	0.13307	0.00563	0.00266	0.00678
137	0.01815	0.12152	0.01778	0.01485	0.10897	0.27681	0.01078	0.27440	0.06918	0.02136	0.01091	0.01179	0.00851	0.00575	0.00494	0.00149	0.00710	0.00419	0.00377	0.00774
138	0.00945	0.00683	0.00906	0.00980	0.01131	0.00691	0.00848	0.07036	0.01344	0.01753	0.04554	0.05589	0.06400	0.01402	0.00718	0.00235	0.00486	0.63273	0.00500	0.00526
139	0.00654	0.00558	0.00589	0.00619	0.02499	0.00473	0.00443	0.00796	0.01223	0.01472	0.07145	0.08125	0.70872	0.01345	0.00634	0.00182	0.00281	0.01130	0.00496	0.00463
140	0.00805	0.00555	0.00712	0.00784	0.00855	0.00535	0.00541	0.06112	0.01155	0.03671	0.04487	0.70137	0.03314	0.02697	0.00699	0.00216	0.00337	0.01402	0.00505	0.00483
141	0.03424	0.01213	0.04364	0.03029	0.03217	0.01027	0.31820	0.01520	0.01176	0.01742	0.01053	0.01384	0.00853	0.00459	0.00511	0.00134	0.00633	0.02380	0.00299	0.39762
142	0.03533	0.14117	0.01726	0.19607	0.05059	0.06970	0.05246	0.11327	0.01284	0.01709	0.01170	0.04074	0.02677	0.02886	0.00690	0.00173	0.09214	0.00497	0.05138	0.02903
143	0.00794	0.00588	0.00851	0.00843	0.00930	0.00685	0.00649	0.00974	0.00870	0.01274	0.01447	0.02167	0.01364	0.09033	0.66880	0.00778	0.04012	0.00582	0.04806	0.00474

[dist]
# distance from previous block
# <min> <max>
5	38

[block]
# block no. 3 follows, 45 sequences, length 36
# corresponding to MSA columns:
# 1024-1039,1042-1061
name=unknown_D
#
# <colnr> <probs for GDERKNQSTAVLIFYWHMCP>
#	G	D	E	R	K	N	Q	S	T	A	V	L	I	F	Y	W	H	M	C	P
0	0.00941	0.00668	0.00792	0.00771	0.00859	0.00700	0.00540	0.09880	0.03479	0.01479	0.01899	0.12266	0.02056	0.42818	0.10389	0.00441	0.00600	0.08570	0.00391	0.00460
1	0.03396	0.21797	0.14781	0.02918	0.01686	0.01468	0.07784	0.03488	0.05335	0.01620	0.03360	0.01240	0.00911	0.00591	0.00700	0.00157	0.15502	0.00424	0.00286	0.12555
2	0.04717	0.05780	0.01372	0.01070	0.01385	0.01321	0.00870	0.46500	0.01950	0.02642	0.01727	0.19337	0.01640	0.00923	0.00567	0.00178	0.00514	0.06259	0.00500	0.00750
3	0.00932	0.00466	0.00699	0.00699	0.00699	0.00466	0.00466	0.00699	0.00699	0.00932	0.00932	0.01632	0.00932	0.01865	0.02098	0.84382	0.00466	0.00466	0.00233	0.00233
4	0.04970	0.00913	0.04363	0.01097	0.09913	0.03201	0.00778	0.04101	0.04608	0.10759	0.27355	0.07534	0.15071	0.00957	0.00585	0.00173	0.00404	0.02090	0.00498	0.00629
5	0.01249	0.01555	0.11657	0.04136	0.04373	0.01380	0.52736	0.03570	0.01225	0.01701	0.01027	0.01372	0.00787	0.00524	0.00745	0.00185	0.10217	0.00575	0.00268	0.00720
6	0.10103	0.01155	0.01925	0.32557	0.24248	0.01273	0.12805	0.03882	0.01166	0.01705	0.00970	0.01332	0.00761	0.00520	0.00570	0.00174	0.03405	0.00481	0.00271	0.00696
7	0.01060	0.00558	0.00564	0.00543	0.00685	0.00567	0.00412	0.05544	0.01206	0.02081	0.01725	0.01960	0.01349	0.00626	0.00385	0.00127	0.00270	0.00499	0.79315	0.00524
8	0.01374	0.01622	0.05002	0.04910	0.05541	0.16225	0.45950	0.01768	0.02979	0.01626	0.01134	0.01591	0.00921	0.00549	0.00621	0.00176	0.02568	0.04461	0.00287	0.00695
9	0.01780	0.09169	0.01546	0.01254	0.02888	0.49436	0.00960	0.12800	0.01600	0.01669	0.04560	0.01492	0.07318	0.00647	0.00499	0.00145	0.00783	0.00455	0.00342	0.00656
10	0.02359	0.00917	0.01240	0.00954	0.01362	0.00800	0.00787	0.04117	0.01557	0.74658	0.04014	0.01871	0.01415	0.00675	0.00542	0.00166	0.00454	0.00550	0.00660	0.00903
11	0.01354	0.08754	0.01951	0.02896	0.03435	0.16893	0.19049	0.03636	0.01243	0.01575	0.07385	0.03016	0.01229	0.00692	0.00809	0.00174	0.18113	0.02493	0.01521	0.03783
12	0.01899	0.14203	0.01766	0.01195	0.01603	0.11431	0.00996	0.50709	0.06538	0.02722	0.01198	0.01223	0.00892	0.00609	0.00501	0.00152	0.00626	0.00442	0.00456	0.00837
13	0.02408	0.00914	0.01246	0.00955	0.01370	0.00789	0.00789	0.02616	0.01536	0.78158	0.02118	0.01827	0.01329	0.00664	0.00540	0.00166	0.00457	0.00540	0.00664	0.00914
14	0.01135	0.07521	0.71614	0.01477	0.02239	0.01287	0.01885	0.01720	0.01142	0.03791	0.00982	0.01136	0.00698	0.00511	0.00501	0.00167	0.00771	0.00394	0.00239	0.00790
15	0.01736	0.01254	0.01366	0.01114	0.01475	0.01383	0.00899	0.39577	0.26136	0.09423	0.01793	0.03026	0.03140	0.00785	0.02337	0.00185	0.00525	0.00564	0.02428	0.00854
16	0.00683	0.00546	0.00611	0.00594	0.00755	0.00474	0.00446	0.00864	0.01337	0.01720	0.33115	0.04722	0.49723	0.01259	0.00634	0.00176	0.00265	0.01071	0.00534	0.00474
17	0.01077	0.02777	0.78354	0.01530	0.02323	0.01247	0.01983	0.01700	0.01133	0.01700	0.00963	0.01133	0.00680	0.00510	0.00510	0.00170	0.00793	0.00397	0.00227	0.00793
18	0.00818	0.00661	0.00782	0.00883	0.03413	0.03507	0.00639	0.01032	0.04657	0.01498	0.05185	0.32573	0.16333	0.05995	0.00787	0.00228	0.00401	0.19640	0.00476	0.00489
19	0.00654	0.00467	0.00623	0.00747	0.00779	0.00436	0.00498	0.00747	0.01028	0.01370	0.02959	0.80785	0.03550	0.01682	0.00685	0.00218	0.00311	0.01526	0.00498	0.00436
20	0.01387	0.01270	0.01730	0.05617	0.41813	0.07697	0.01289	0.01949	0.18198	0.05295	0.01349	0.01532	0.01068	0.00714	0.04006	0.00194	0.00636	0.00504	0.02958	0.00796
21	0.01100	0.02639	0.71384	0.01691	0.09228	0.01249	0.01953	0.01695	0.01141	0.01705	0.00968	0.01151	0.00696	0.00507	0.00512	0.00169	0.00779	0.00404	0.00230	0.00799
22	0.01099	0.05263	0.71575	0.01552	0.02320	0.01282	0.06190	0.01698	0.01140	0.01687	0.00963	0.01143	0.00688	0.00505	0.00512	0.00169	0.00793	0.00407	0.00229	0.00786
23	0.00669	0.00477	0.00615	0.00719	0.00752	0.00447	0.00473	0.00752	0.01004	0.01332	0.02892	0.68240	0.06126	0.11652	0.00940	0.00255	0.00336	0.01418	0.00477	0.00423
24	0.01150	0.09654	0.01204	0.11203	0.03396	0.00940	0.00761	0.04593	0.06654	0.09707	0.16572	0.02751	0.07748	0.15907	0.03405	0.00254	0.00502	0.02576	0.00430	0.00593
25	0.06664	0.44843	0.10028	0.01236	0.01711	0.11078	0.12533	0.03602	0.01199	0.01508	0.00844	0.01003	0.00707	0.00482	0.00426	0.00138	0.00684	0.00363	0.00256	0.00696
26	0.01867	0.01280	0.01391	0.01090	0.01459	0.01392	0.00890	0.56957	0.02181	0.08622	0.01427	0.01509	0.01046	0.03326	0.02003	0.00181	0.00549	0.00501	0.11499	0.00832
27	0.00676	0.00542	0.00604	0.00596	0.00753	0.00470	0.00444	0.00848	0.01310	0.01674	0.28701	0.08501	0.50410	0.01290	0.00636	0.00179	0.00268	0.01100	0.00528	0.00470
28	0.00744	0.00576	0.00859	0.02564	0.05627	0.00550	0.04290	0.00880	0.01056	0.01432	0.02666	0.67753	0.03120	0.01489	0.00660	0.00209	0.00367	0.01362	0.03316	0.00481
29	0.03538	0.00484	0.00700	0.00701	0.00712	0.00488	0.00471	0.00728	0.00716	0.00992	0.00991	0.04111	0.01004	0.01816	0.01998	0.79100	0.00460	0.00494	0.00245	0.00250
30	0.01793	0.13313	0.01766	0.01519	0.10994	0.46163	0.01083	0.09391	0.04081	0.01607	0.00984	0.01196	0.00827	0.00570	0.00484	0.00144	0.00803	0.02279	0.00309	0.00693
31	0.04817	0.03557	0.39828	0.02065	0.25640	0.07002	0.06219	0.01711	0.01187	0.01712	0.00962	0.01185	0.00738	0.00498	0.00512	0.00164	0.00745	0.00426	0.00250	0.00783
32	0.00725	0.00535	0.00678	0.00669	0.00788	0.00488	0.00492	0.00937	0.01399	0.01930	0.55541	0.16519	0.14854	0.01228	0.00642	0.00178	0.00265	0.01083	0.00563	0.00488
33	0.03036	0.14015	0.09888	0.03067	0.17015	0.33082	0.06068	0.03441	0.01331	0.01524	0.00892	0.01089	0.00733	0.00521	0.00508	0.00148	0.02275	0.00394	0.00267	0.00707
34	0.01657	0.01879	0.26686	0.01301	0.01824	0.04078	0.01300	0.40175	0.05105	0.05713	0.01301	0.04249	0.00976	0.00640	0.00532	0.00166	0.00647	0.00497	0.00431	0.00843
35	0.00685	0.00503	0.00661	0.00752	0.00801	0.00478	0.00512	0.00789	0.01048	0.01409	0.06480	0.69542	0.05431	0.03416	0.00748	0.00219	0.02286	0.01418	0.00488	0.02334

[dist]
# distance from previous block
# <min> <max>
4	7

[block]
# block no. 4 follows, 45 sequences, length 18
# corresponding to MSA columns:
# 1069,1076-1092
name=unknown_E
#
# <colnr> <probs for GDERKNQSTAVLIFYWHMCP>
#	G	D	E	R	K	N	Q	S	T	A	V	L	I	F	Y	W	H	M	C	P
0	0.01225	0.17538	0.27283	0.01173	0.01648	0.01290	0.02505	0.03891	0.14480	0.05210	0.01700	0.04502	0.04878	0.00743	0.00527	0.00172	0.00590	0.09551	0.00367	0.00727
1	0.00670	0.00477	0.00627	0.00731	0.00768	0.00447	0.00488	0.00769	0.01048	0.01407	0.08452	0.69963	0.03559	0.06859	0.00816	0.00234	0.00321	0.01435	0.00494	0.00434
2	0.31877	0.01307	0.01051	0.00935	0.01206	0.17816	0.00727	0.13757	0.01397	0.02163	0.11354	0.09070	0.01580	0.02941	0.00538	0.00174	0.00534	0.00556	0.00404	0.00614
3	0.01745	0.01295	0.01407	0.01088	0.01483	0.01369	0.00884	0.54815	0.02111	0.02895	0.01328	0.04288	0.01045	0.03268	0.00583	0.00160	0.00530	0.00504	0.04302	0.14897
4	0.01115	0.05407	0.58270	0.01616	0.02324	0.01274	0.16034	0.01675	0.01171	0.01704	0.03775	0.01288	0.00866	0.00519	0.00532	0.00170	0.00787	0.00459	0.00249	0.00766
5	0.00932	0.00466	0.00699	0.00699	0.00699	0.00466	0.00466	0.00699	0.00699	0.00932	0.00932	0.01632	0.00932	0.01865	0.02098	0.84382	0.00466	0.00466	0.00233	0.00233
6	0.01283	0.01229	0.02097	0.14310	0.67126	0.01263	0.01625	0.01608	0.01201	0.01699	0.01002	0.01343	0.00831	0.00487	0.00532	0.00162	0.00649	0.00478	0.00262	0.00814
7	0.01448	0.01368	0.01262	0.01140	0.01435	0.13813	0.00887	0.05417	0.58451	0.02109	0.01963	0.01994	0.01525	0.00731	0.00545	0.00177	0.00522	0.03914	0.00500	0.00799
8	0.00943	0.00472	0.00667	0.00667	0.00687	0.00472	0.00452	0.00788	0.00768	0.01104	0.01064	0.01691	0.01004	0.01665	0.01821	0.70820	0.00431	0.00472	0.13735	0.00276
9	0.01296	0.01242	0.02120	0.11185	0.70150	0.01267	0.01631	0.01619	0.01207	0.01714	0.01004	0.01339	0.00836	0.00484	0.00532	0.00161	0.00646	0.00478	0.00263	0.00824
10	0.01343	0.01313	0.02114	0.01648	0.01886	0.01558	0.24451	0.13450	0.01235	0.01762	0.00918	0.01278	0.00772	0.00740	0.01212	0.00206	0.42614	0.00523	0.00295	0.00682
11	0.01172	0.23621	0.58341	0.01368	0.02073	0.01479	0.01701	0.01675	0.01122	0.01584	0.00906	0.01061	0.00682	0.00497	0.00466	0.00155	0.00735	0.00368	0.00227	0.00766
12	0.00944	0.00592	0.00768	0.00717	0.00879	0.00539	0.00552	0.01173	0.01455	0.10960	0.53947	0.06968	0.11673	0.01119	0.00631	0.00176	0.00296	0.05484	0.00581	0.00546
13	0.01101	0.00733	0.00957	0.00990	0.01174	0.00748	0.00841	0.01550	0.13532	0.09849	0.05368	0.04875	0.02739	0.01260	0.00684	0.00225	0.00470	0.51780	0.00524	0.00597
14	0.01329	0.01275	0.02179	0.03295	0.77787	0.01275	0.01647	0.01647	0.01222	0.01754	0.01010	0.01329	0.00850	0.00478	0.00531	0.00159	0.00638	0.00478	0.00266	0.00850
15	0.01032	0.00683	0.01100	0.00961	0.01073	0.00684	0.10598	0.06741	0.00954	0.01281	0.01184	0.08790	0.01168	0.01643	0.04481	0.55815	0.00556	0.00590	0.00288	0.00379
16	0.00789	0.00547	0.00647	0.00643	0.00651	0.00570	0.00389	0.00811	0.00799	0.01080	0.01695	0.06917	0.01937	0.69207	0.07676	0.00518	0.03656	0.00790	0.00327	0.00351
17	0.01619	0.01229	0.01281	0.01047	0.01336	0.04876	0.00819	0.47710	0.01946	0.02576	0.03897	0.04901	0.01436	0.19559	0.01063	0.00249	0.00568	0.02693	0.00474	0.00720

[dist]
# distance from previous block
# <min> <max>
0	1

[block]
# block no. 5 follows, 45 sequences, length 6
# corresponding to MSA columns:
# 1094-1099
name=unknown_F
#
# <colnr> <probs for GDERKNQSTAVLIFYWHMCP>
#	G	D	E	R	K	N	Q	S	T	A	V	L	I	F	Y	W	H	M	C	P
0	0.01810	0.01317	0.01440	0.01134	0.01517	0.01425	0.00920	0.55210	0.08161	0.05498	0.01442	0.05740	0.01123	0.00743	0.00602	0.03689	0.00539	0.00540	0.00512	0.06639
1	0.01212	0.01231	0.01501	0.14988	0.01794	0.10262	0.01103	0.01397	0.00995	0.01380	0.00838	0.01231	0.00751	0.00887	0.04930	0.00219	0.40506	0.00437	0.00256	0.14082
2	0.01295	0.01032	0.01266	0.13809	0.01720	0.00975	0.00850	0.13286	0.06016	0.05241	0.04852	0.01419	0.01083	0.00525	0.00469	0.00123	0.00477	0.00429	0.00382	0.44753
3	0.05847	0.00886	0.03984	0.04708	0.01223	0.00861	0.00738	0.12460	0.08579	0.06243	0.19218	0.19184	0.06251	0.02730	0.00632	0.00189	0.00409	0.02953	0.02285	0.00620
4	0.14027	0.01022	0.01125	0.00912	0.01245	0.01050	0.00733	0.22783	0.05113	0.19232	0.11124	0.01971	0.04518	0.03852	0.00595	0.00173	0.00446	0.00561	0.03634	0.05881
5	0.15430	0.05880	0.01270	0.01010	0.01333	0.17502	0.00807	0.18150	0.11544	0.05459	0.01944	0.01916	0.14143	0.00726	0.00499	0.00161	0.00557	0.00543	0.00431	0.00697

[dist]
# distance from previous block
# <min> <max>
9	18

[block]
# block no. 6 follows, 45 sequences, length 25
# corresponding to MSA columns:
# 1137-1139,1141-1148,1172-1185
name=unknown_G
#
# <colnr> <probs for GDERKNQSTAVLIFYWHMCP>
#	G	D	E	R	K	N	Q	S	T	A	V	L	I	F	Y	W	H	M	C	P
0	0.01230	0.13321	0.01380	0.00910	0.01242	0.01067	0.03892	0.14700	0.03608	0.01964	0.06860	0.11435	0.03656	0.02336	0.00532	0.00146	0.00446	0.00609	0.08545	0.22121
1	0.00950	0.00701	0.00844	0.00791	0.00961	0.00680	0.00578	0.06720	0.07297	0.03442	0.15814	0.27121	0.04917	0.10641	0.05154	0.00253	0.00430	0.00946	0.00471	0.11289
2	0.17112	0.01288	0.01268	0.04256	0.06318	0.14511	0.02254	0.09130	0.11616	0.12070	0.10203	0.03080	0.01529	0.00687	0.00511	0.00166	0.00551	0.02299	0.00443	0.00708
3	0.01168	0.00916	0.04067	0.00925	0.01183	0.00870	0.00767	0.09819	0.16659	0.07761	0.17909	0.08111	0.09906	0.01012	0.00604	0.00184	0.00413	0.12905	0.00524	0.04296
4	0.05310	0.28978	0.18798	0.01187	0.01677	0.13994	0.01176	0.17990	0.01483	0.03421	0.00953	0.01051	0.00744	0.00532	0.00448	0.00144	0.00679	0.00369	0.00317	0.00750
5	0.00874	0.00752	0.01145	0.01003	0.01161	0.00749	0.10792	0.01046	0.01089	0.01520	0.12097	0.32195	0.04173	0.09671	0.00982	0.00225	0.09641	0.00992	0.00412	0.09481
6	0.01273	0.01496	0.06854	0.02129	0.02660	0.01356	0.65388	0.03876	0.01277	0.01753	0.01069	0.01409	0.00806	0.00477	0.00659	0.00179	0.03714	0.00604	0.00277	0.02744
7	0.03206	0.00788	0.01074	0.00940	0.01184	0.00763	0.07070	0.01578	0.11945	0.14773	0.21443	0.07250	0.14492	0.01021	0.00614	0.00185	0.00408	0.10104	0.00532	0.00631
8	0.06271	0.01487	0.01441	0.06363	0.01662	0.12265	0.00966	0.47976	0.03983	0.02752	0.01240	0.01316	0.00913	0.00617	0.00504	0.00157	0.00606	0.00458	0.08229	0.00794
9	0.01057	0.01150	0.09029	0.58918	0.04911	0.01200	0.01446	0.04549	0.01141	0.01499	0.01211	0.01592	0.05049	0.00603	0.00598	0.00180	0.04472	0.00506	0.00265	0.00626
10	0.01329	0.01275	0.02179	0.03295	0.77787	0.01275	0.01647	0.01647	0.01222	0.01754	0.01010	0.01329	0.00850	0.00478	0.00531	0.00159	0.00638	0.00478	0.00266	0.00850
