[name]
unknown

[dist]
# distance from previous block
# <min> <max>
0	8

[block]
# block no. 0 follows, 42 sequences, length 14
# corresponding to MSA columns:
# 8-21
name=unknown_A
#
# <colnr> <probs for GDERKNQSTAVLIFYWHMCP>
#	G	D	E	R	K	N	Q	S	T	A	V	L	I	F	Y	W	H	M	C	P
0	0.17212	0.09779	0.03946	0.05839	0.01683	0.05565	0.01013	0.35221	0.03290	0.02635	0.01253	0.01559	0.01004	0.00744	0.02177	0.00187	0.00628	0.05040	0.00437	0.00788
1	0.01786	0.06655	0.18618	0.01359	0.01887	0.01612	0.04083	0.48088	0.02133	0.02895	0.04508	0.01418	0.01074	0.00645	0.00553	0.00169	0.00663	0.00502	0.00463	0.00889
2	0.05565	0.04882	0.16948	0.51179	0.07737	0.01310	0.01600	0.01547	0.01139	0.01585	0.00985	0.01374	0.00742	0.00548	0.00536	0.00181	0.00738	0.00464	0.00254	0.00686
3	0.01272	0.19842	0.56442	0.01445	0.02177	0.01535	0.01774	0.06180	0.01267	0.01789	0.00981	0.01135	0.00730	0.00532	0.00498	0.00165	0.00768	0.00396	0.00258	0.00815
4	0.22328	0.11047	0.20947	0.01300	0.01811	0.06000	0.10354	0.07697	0.01293	0.06207	0.01056	0.01226	0.00802	0.00744	0.04748	0.00209	0.00731	0.00428	0.00330	0.00742
5	0.02012	0.17469	0.01942	0.01228	0.01685	0.01842	0.01048	0.60116	0.02344	0.03099	0.01237	0.01261	0.00910	0.00637	0.00522	0.00159	0.00616	0.00465	0.00498	0.00910
6	0.01167	0.01000	0.01167	0.00834	0.01334	0.00750	0.00667	0.01417	0.01167	0.01834	0.01000	0.01167	0.00834	0.00417	0.00417	0.00083	0.00417	0.00333	0.00333	0.83663
7	0.01505	0.80561	0.02949	0.00963	0.01444	0.02227	0.00963	0.01685	0.01143	0.01324	0.00782	0.00903	0.00722	0.00481	0.00361	0.00120	0.00602	0.00301	0.00241	0.00722
8	0.00978	0.00489	0.00733	0.00733	0.00733	0.00489	0.00489	0.00733	0.00733	0.00978	0.00978	0.01711	0.00978	0.01955	0.02199	0.83627	0.00489	0.00489	0.00244	0.00244
9	0.00697	0.00498	0.00666	0.00796	0.00833	0.00467	0.00541	0.00802	0.01088	0.01449	0.03096	0.76229	0.03698	0.01753	0.00721	0.00230	0.00336	0.05118	0.00522	0.00460
10	0.01117	0.01041	0.01633	0.64221	0.03421	0.01296	0.01454	0.01644	0.11242	0.01558	0.01162	0.01568	0.00881	0.00612	0.00632	0.00191	0.04854	0.00518	0.00294	0.00661
11	0.02072	0.04540	0.03874	0.01140	0.01557	0.05568	0.00962	0.38389	0.02049	0.23162	0.01578	0.01541	0.01096	0.00662	0.00534	0.00163	0.00572	0.00506	0.09151	0.00882
12	0.00911	0.00572	0.00671	0.00654	0.00685	0.00571	0.00391	0.00936	0.00868	0.05288	0.01780	0.03489	0.01968	0.70871	0.07656	0.00549	0.00605	0.00790	0.00358	0.00385
13	0.01318	0.01622	0.09808	0.02423	0.11064	0.01403	0.60115	0.01792	0.01311	0.01805	0.01118	0.01475	0.00845	0.00483	0.00641	0.00186	0.00907	0.00624	0.00280	0.00780

[dist]
# distance from previous block
# <min> <max>
3	6

[block]
# block no. 1 follows, 42 sequences, length 16
# corresponding to MSA columns:
# 29-37,39-45
name=unknown_B
#
# <colnr> <probs for GDERKNQSTAVLIFYWHMCP>
#	G	D	E	R	K	N	Q	S	T	A	V	L	I	F	Y	W	H	M	C	P
0	0.04104	0.00892	0.01117	0.02493	0.02425	0.00859	0.03460	0.04654	0.11161	0.12563	0.08161	0.09250	0.04711	0.14577	0.00963	0.00232	0.00468	0.02039	0.00475	0.15396
1	0.00765	0.00567	0.00707	0.00731	0.00843	0.00517	0.00527	0.00932	0.01266	0.01706	0.25981	0.28503	0.15717	0.08793	0.00886	0.00232	0.00339	0.06552	0.00527	0.03907
2	0.01499	0.01101	0.03432	0.03520	0.01472	0.01126	0.00904	0.10653	0.31520	0.14652	0.02589	0.02907	0.10567	0.00915	0.00608	0.00194	0.00483	0.10499	0.00559	0.00800
3	0.00685	0.00494	0.00649	0.00773	0.00814	0.00458	0.00518	0.00785	0.01087	0.01441	0.03226	0.76308	0.07189	0.01747	0.00716	0.00227	0.00325	0.01580	0.00522	0.00458
4	0.02071	0.01536	0.01652	0.01262	0.01716	0.01675	0.01041	0.69661	0.02542	0.03426	0.01326	0.01338	0.00948	0.00657	0.00553	0.00163	0.00605	0.00494	0.00547	0.06786
5	0.02139	0.01576	0.01689	0.01295	0.01745	0.01745	0.01070	0.74835	0.02646	0.03547	0.01351	0.01351	0.00957	0.00676	0.00563	0.00169	0.00619	0.00507	0.00563	0.00957
6	0.23794	0.32190	0.01864	0.00961	0.01384	0.04251	0.00850	0.14036	0.01374	0.03827	0.00990	0.02908	0.00829	0.00558	0.00415	0.00144	0.00548	0.00379	0.00351	0.08346
7	0.02067	0.01533	0.01650	0.01260	0.01714	0.01671	0.01040	0.69354	0.02536	0.03419	0.01325	0.01337	0.00948	0.00656	0.00552	0.00163	0.00604	0.00494	0.00546	0.07132
8	0.09461	0.22195	0.29077	0.03758	0.05381	0.06989	0.06591	0.07220	0.01304	0.01834	0.00956	0.01130	0.00743	0.00529	0.00483	0.00161	0.00730	0.00403	0.00283	0.00770
9	0.03475	0.03918	0.01537	0.02848	0.01627	0.01495	0.00966	0.47832	0.09845	0.05180	0.01529	0.06942	0.01214	0.00726	0.00551	0.00167	0.00556	0.00572	0.00523	0.08498
10	0.01807	0.04503	0.01530	0.01144	0.01555	0.01439	0.00934	0.50158	0.02150	0.04849	0.01494	0.10212	0.01253	0.00751	0.00550	0.00160	0.00550	0.00597	0.00513	0.13851
11	0.01166	0.00919	0.01176	0.08336	0.04015	0.00900	0.00823	0.10852	0.01346	0.03972	0.04969	0.26151	0.01956	0.00961	0.00641	0.00168	0.04676	0.00820	0.00431	0.25720
12	0.05085	0.23662	0.14816	0.08100	0.03094	0.15398	0.01218	0.13345	0.03532	0.01869	0.01195	0.01323	0.03910	0.00595	0.00488	0.00156	0.00708	0.00431	0.00327	0.00749
13	0.22308	0.19239	0.01673	0.01144	0.03816	0.18853	0.00919	0.07764	0.01339	0.06575	0.02269	0.01182	0.00873	0.00698	0.02795	0.00180	0.05484	0.00392	0.01799	0.00698
14	0.05468	0.01554	0.03802	0.01306	0.04443	0.07865	0.01043	0.48925	0.05277	0.05361	0.08045	0.01605	0.01348	0.00697	0.00558	0.00169	0.00609	0.00536	0.00520	0.00870
15	0.04695	0.10742	0.01500	0.03794	0.01496	0.01197	0.00832	0.14398	0.01397	0.02064	0.01030	0.01194	0.00837	0.00519	0.00524	0.00121	0.05233	0.00379	0.02163	0.45886

[dist]
# distance from previous block
# <min> <max>
53	215

[block]
# block no. 2 follows, 42 sequences, length 9
# corresponding to MSA columns:
# 337-345
name=unknown_C
#
# <colnr> <probs for GDERKNQSTAVLIFYWHMCP>
#	G	D	E	R	K	N	Q	S	T	A	V	L	I	F	Y	W	H	M	C	P
0	0.10037	0.31224	0.16981	0.01300	0.08015	0.01506	0.03777	0.01639	0.01196	0.05244	0.05997	0.08284	0.01320	0.00665	0.00483	0.00160	0.00596	0.00528	0.00327	0.00723
1	0.05538	0.10037	0.14988	0.01181	0.03234	0.11996	0.03032	0.03159	0.03419	0.05084	0.22997	0.03826	0.02302	0.00813	0.00587	0.00173	0.02010	0.04525	0.00420	0.00677
2	0.15670	0.15058	0.27038	0.01262	0.05852	0.06203	0.01247	0.01690	0.01228	0.05740	0.06240	0.01691	0.07597	0.00650	0.00494	0.00166	0.00625	0.00492	0.00336	0.00723
3	0.01300	0.07674	0.06003	0.00870	0.01171	0.00828	0.00746	0.01600	0.04295	0.19310	0.30169	0.07758	0.10046	0.00962	0.00595	0.00172	0.00400	0.00818	0.00549	0.04735
4	0.01578	0.01010	0.05545	0.00962	0.01272	0.03634	0.00805	0.04316	0.07504	0.28324	0.16767	0.11618	0.02454	0.00930	0.00595	0.00180	0.00450	0.03966	0.05051	0.03037
5	0.03699	0.05927	0.56117	0.01721	0.11224	0.01308	0.01835	0.01852	0.01228	0.08379	0.01105	0.01256	0.00791	0.00542	0.00527	0.00174	0.00760	0.00431	0.00286	0.00839
6	0.05668	0.12470	0.52648	0.04469	0.05082	0.01400	0.04560	0.01725	0.01190	0.01769	0.03415	0.01267	0.00871	0.00545	0.00513	0.00171	0.00758	0.00431	0.00260	0.00788
7	0.01305	0.24496	0.32837	0.01405	0.04646	0.08838	0.05485	0.01704	0.01265	0.01652	0.07943	0.01517	0.03414	0.00602	0.00506	0.00159	0.00717	0.00473	0.00291	0.00744
8	0.01289	0.00897	0.00994	0.00907	0.01158	0.03715	0.00718	0.05674	0.15818	0.14061	0.14248	0.06212	0.21023	0.01094	0.00635	0.00193	0.00420	0.09699	0.00568	0.00679

[dist]
# distance from previous block
# <min> <max>
6	11

[block]
# block no. 3 follows, 42 sequences, length 16
# corresponding to MSA columns:
# 359-374
name=unknown_D
#
# <colnr> <probs for GDERKNQSTAVLIFYWHMCP>
#	G	D	E	R	K	N	Q	S	T	A	V	L	I	F	Y	W	H	M	C	P
0	0.01962	0.01488	0.01589	0.01259	0.01678	0.01662	0.01027	0.57628	0.20141	0.03261	0.01576	0.01530	0.01139	0.00697	0.00565	0.00174	0.00578	0.00538	0.00565	0.00941
1	0.01811	0.01542	0.02286	0.01693	0.02184	0.01613	0.28636	0.45089	0.04578	0.02854	0.01303	0.01439	0.00944	0.00603	0.00601	0.00177	0.00737	0.00570	0.00459	0.00881
2	0.02890	0.01101	0.01771	0.42833	0.21716	0.01251	0.03270	0.03884	0.05692	0.01711	0.01267	0.01897	0.01057	0.00642	0.00578	0.00188	0.00686	0.06543	0.00312	0.00713
3	0.00776	0.00995	0.16502	0.00942	0.01148	0.00634	0.00839	0.00991	0.01111	0.01512	0.02804	0.59719	0.06878	0.01491	0.00678	0.00216	0.00429	0.01334	0.00464	0.00536
4	0.01237	0.17455	0.01536	0.00860	0.01357	0.01056	0.00728	0.01472	0.01162	0.01728	0.00955	0.01112	0.00811	0.00430	0.00405	0.00091	0.00455	0.00327	0.00314	0.66509
5	0.00686	0.00490	0.00653	0.00784	0.00816	0.00457	0.00522	0.00784	0.01077	0.01437	0.03102	0.79855	0.03722	0.01763	0.00718	0.00229	0.00326	0.01600	0.00522	0.00457
6	0.00779	0.00593	0.00725	0.00742	0.00883	0.00550	0.00568	0.01027	0.03809	0.01842	0.31803	0.15455	0.25585	0.01366	0.00686	0.00201	0.00324	0.11989	0.00561	0.00514
7	0.01094	0.00608	0.00783	0.00795	0.00933	0.00553	0.00573	0.01225	0.01203	0.17097	0.03075	0.43800	0.11421	0.07702	0.00845	0.00237	0.00377	0.04363	0.02759	0.00558
8	0.01671	0.01658	0.17159	0.01217	0.01755	0.01335	0.01154	0.34616	0.03948	0.06380	0.01257	0.01318	0.00917	0.00581	0.00519	0.00149	0.00598	0.00449	0.00442	0.22878
9	0.01332	0.44859	0.37137	0.01258	0.01900	0.01804	0.01476	0.01730	0.01164	0.01535	0.00887	0.01034	0.00718	0.00506	0.00441	0.00147	0.00708	0.00354	0.00239	0.00773
10	0.01338	0.01663	0.17801	0.03072	0.61350	0.01331	0.01800	0.01739	0.01262	0.01827	0.01048	0.01350	0.00854	0.00508	0.00552	0.00169	0.00702	0.00484	0.00270	0.00879
11	0.00908	0.00702	0.00844	0.00793	0.00963	0.00704	0.00598	0.01432	0.16876	0.02193	0.53225	0.07152	0.09186	0.01115	0.00647	0.00183	0.00307	0.00975	0.00599	0.00598
12	0.20332	0.01424	0.02289	0.01734	0.02127	0.05020	0.36839	0.05499	0.01238	0.01955	0.00982	0.01295	0.00776	0.00596	0.00799	0.00194	0.15365	0.00528	0.00307	0.00703
13	0.01081	0.01395	0.17306	0.59634	0.03472	0.01241	0.01632	0.01508	0.01140	0.01526	0.01002	0.01422	0.00746	0.00551	0.00551	0.00181	0.00753	0.00476	0.00251	0.04132
14	0.01663	0.01310	0.01420	0.01138	0.01545	0.01394	0.00914	0.34728	0.25568	0.02755	0.01626	0.03709	0.01250	0.00680	0.00540	0.00160	0.00514	0.00542	0.00517	0.18028
15	0.01346	0.01267	0.02053	0.02912	0.61122	0.01216	0.01508	0.01663	0.01258	0.01838	0.01046	0.01346	0.00879	0.00484	0.00528	0.00150	0.00616	0.00467	0.00290	0.18010

[dist]
# distance from previous block
# <min> <max>
0	6

[block]
# block no. 4 follows, 42 sequences, length 6
# corresponding to MSA columns:
# 387-392
name=unknown_E
#
# <colnr> <probs for GDERKNQSTAVLIFYWHMCP>
#	G	D	E	R	K	N	Q	S	T	A	V	L	I	F	Y	W	H	M	C	P
0	0.01701	0.00775	0.01042	0.00862	0.01153	0.00686	0.00686	0.01942	0.01602	0.41441	0.37571	0.03006	0.03259	0.00913	0.00613	0.00175	0.00377	0.00781	0.00660	0.00754
1	0.28523	0.00689	0.00711	0.00769	0.00907	0.00726	0.00551	0.01074	0.01038	0.01799	0.02329	0.53541	0.02685	0.01350	0.00595	0.00210	0.00363	0.01168	0.00464	0.00508
2	0.00728	0.00542	0.00679	0.00710	0.00816	0.00492	0.00508	0.00906	0.01335	0.01799	0.34550	0.33392	0.18600	0.01439	0.00685	0.00199	0.00293	0.01274	0.00563	0.00492
3	0.01254	0.28794	0.52521	0.01390	0.02105	0.01614	0.01707	0.01750	0.01173	0.01629	0.00934	0.01093	0.00716	0.00517	0.00477	0.00159	0.00755	0.00378	0.00239	0.00795
4	0.00967	0.00551	0.00651	0.00651	0.00772	0.00584	0.00497	0.01209	0.01088	0.01834	0.01726	0.02136	0.01431	0.01844	0.26260	0.00389	0.00677	0.00551	0.55665	0.00517
5	0.01103	0.15730	0.31700	0.01264	0.01776	0.01222	0.08177	0.01527	0.01328	0.01861	0.26117	0.02174	0.02260	0.00725	0.00559	0.00169	0.00613	0.00619	0.00370	0.00705

[dist]
# distance from previous block
# <min> <max>
0	11

[block]
# block no. 5 follows, 42 sequences, length 20
# corresponding to MSA columns:
# 404-423
name=unknown_F
#
# <colnr> <probs for GDERKNQSTAVLIFYWHMCP>
#	G	D	E	R	K	N	Q	S	T	A	V	L	I	F	Y	W	H	M	C	P
0	0.66412	0.03587	0.00909	0.00813	0.03387	0.01188	0.00615	0.01532	0.00953	0.02249	0.00941	0.01345	0.00838	0.12493	0.00733	0.00228	0.00465	0.00388	0.00342	0.00582
1	0.01368	0.48252	0.18284	0.01049	0.01544	0.03602	0.01115	0.01695	0.02970	0.01564	0.01027	0.01174	0.00853	0.00528	0.00411	0.00137	0.00606	0.00368	0.12733	0.00718
2	0.01904	0.01382	0.01475	0.01185	0.01553	0.04016	0.00952	0.54759	0.02259	0.07493	0.01663	0.13236	0.01423	0.03199	0.00653	0.00189	0.00578	0.00679	0.00549	0.00853
3	0.00764	0.00665	0.00766	0.00732	0.00879	0.00667	0.00564	0.00912	0.01236	0.01560	0.11469	0.09135	0.54030	0.01353	0.00846	0.00200	0.12139	0.01092	0.00490	0.00500
4	0.01438	0.68609	0.02760	0.12666	0.01810	0.02080	0.01053	0.01648	0.01141	0.01341	0.00815	0.00993	0.00726	0.00494	0.00391	0.00130	0.00624	0.00331	0.00242	0.00708
5	0.00718	0.00507	0.00661	0.00772	0.00805	0.00481	0.00517	0.00810	0.01051	0.01399	0.02895	0.64294	0.03443	0.13538	0.01044	0.00278	0.00370	0.05479	0.00495	0.00443
6	0.01987	0.01777	0.13048	0.01341	0.01849	0.01679	0.01221	0.63861	0.02427	0.03282	0.01300	0.01327	0.00920	0.00654	0.00559	0.00170	0.00651	0.00493	0.00514	0.00938
7	0.71707	0.01004	0.00782	0.00708	0.01023	0.01152	0.00577	0.01603	0.00991	0.02461	0.00942	0.01092	0.00735	0.00542	0.00355	0.00168	0.00409	0.00338	0.12816	0.00597
8	0.01505	0.80561	0.02949	0.00963	0.01444	0.02227	0.00963	0.01685	0.01143	0.01324	0.00782	0.00903	0.00722	0.00481	0.00361	0.00120	0.00602	0.00301	0.00241	0.00722
9	0.00842	0.00613	0.00818	0.00883	0.01017	0.00589	0.00734	0.01085	0.01372	0.01823	0.24381	0.08063	0.11770	0.01431	0.00731	0.00227	0.00414	0.42143	0.00548	0.00515
10	0.84197	0.01088	0.00827	0.00740	0.01088	0.01262	0.00609	0.01654	0.00958	0.02525	0.00784	0.00914	0.00609	0.00522	0.00348	0.00174	0.00435	0.00305	0.00348	0.00609
11	0.02480	0.01030	0.01351	0.01035	0.01473	0.00934	0.00855	0.11134	0.01731	0.68540	0.02119	0.01850	0.01342	0.00694	0.00566	0.00174	0.00495	0.00559	0.00681	0.00958
12	0.00796	0.00575	0.00752	0.00708	0.00841	0.00531	0.00531	0.01062	0.01593	0.02257	0.76415	0.04204	0.05310	0.01150	0.00664	0.00177	0.00265	0.01018	0.00619	0.00531
13	0.84197	0.01088	0.00827	0.00740	0.01088	0.01262	0.00609	0.01654	0.00958	0.02525	0.00784	0.00914	0.00609	0.00522	0.00348	0.00174	0.00435	0.00305	0.00348	0.00609
14	0.01063	0.01000	0.01688	0.78870	0.03876	0.01250	0.01563	0.01438	0.01125	0.01438	0.01000	0.01500	0.00750	0.00563	0.00563	0.00188	0.00750	0.00500	0.00250	0.00625
15	0.00737	0.00571	0.00660	0.00639	0.00790	0.00506	0.00472	0.00930	0.01404	0.01848	0.39393	0.04730	0.37873	0.06017	0.00796	0.00205	0.00291	0.01084	0.00558	0.00494
16	0.00760	0.00570	0.00704	0.00678	0.00820	0.00514	0.00506	0.00989	0.01496	0.02044	0.56176	0.07669	0.22521	0.01243	0.00666	0.00182	0.00273	0.01083	0.00592	0.00514
17	0.00717	0.00572	0.00642	0.00625	0.00792	0.00497	0.00469	0.00909	0.01406	0.01812	0.33748	0.04935	0.48254	0.01316	0.00665	0.00185	0.00277	0.01120	0.00561	0.00497
18	0.01834	0.01399	0.01530	0.01181	0.01613	0.01484	0.00965	0.51539	0.06672	0.03011	0.01362	0.03267	0.01039	0.00661	0.00568	0.00156	0.02473	0.00505	0.00507	0.18233
19	0.06546	0.53502	0.06933	0.01135	0.03279	0.12913	0.01050	0.06156	0.01293	0.01576	0.00849	0.00975	0.00733	0.00513	0.00408	0.00135	0.00667	0.00334	0.00274	0.00730

[dist]
# distance from previous block
# <min> <max>
1	6

[block]
# block no. 6 follows, 42 sequences, length 9
# corresponding to MSA columns:
# 430-438
name=unknown_G
#
# <colnr> <probs for GDERKNQSTAVLIFYWHMCP>
#	G	D	E	R	K	N	Q	S	T	A	V	L	I	F	Y	W	H	M	C	P
0	0.09266	0.07955	0.07885	0.03811	0.01970	0.04131	0.20237	0.03867	0.01142	0.01706	0.00914	0.01246	0.00764	0.00671	0.00987	0.00194	0.27967	0.00486	0.00280	0.04520
1	0.01270	0.29445	0.47343	0.01431	0.02126	0.01629	0.06086	0.01750	0.01181	0.01626	0.00940	0.01110	0.00725	0.00513	0.00483	0.00159	0.00760	0.00391	0.00242	0.00790
2	0.00853	0.00610	0.00842	0.00955	0.01066	0.00599	0.00795	0.01081	0.01282	0.01692	0.10259	0.20468	0.03538	0.01555	0.00755	0.00245	0.00456	0.51913	0.00529	0.00508
3	0.00800	0.00535	0.00694	0.00755	0.00820	0.00544	0.00534	0.00943	0.01030	0.01484	0.02345	0.36293	0.02569	0.12135	0.18801	0.00410	0.00624	0.03733	0.14487	0.00466
4	0.00712	0.00505	0.00665	0.00782	0.00818	0.00477	0.00528	0.00810	0.01066	0.01418	0.02966	0.68051	0.03531	0.09340	0.00929	0.00261	0.00359	0.05828	0.00505	0.00450
5	0.01505	0.80561	0.02949	0.00963	0.01444	0.02227	0.00963	0.01685	0.01143	0.01324	0.00782	0.00903	0.00722	0.00481	0.00361	0.00120	0.00602	0.00301	0.00241	0.00722
6	0.00686	0.00490	0.00653	0.00784	0.00816	0.00457	0.00522	0.00784	0.01077	0.01437	0.03102	0.79855	0.03722	0.01763	0.00718	0.00229	0.00326	0.01600	0.00522	0.00457
7	0.01393	0.01337	0.02284	0.03454	0.76712	0.01337	0.01727	0.01727	0.01281	0.01839	0.01059	0.01393	0.00891	0.00501	0.00557	0.00167	0.00669	0.00501	0.00279	0.00891
8	0.84197	0.01088	0.00827	0.00740	0.01088	0.01262	0.00609	0.01654	0.00958	0.02525	0.00784	0.00914	0.00609	0.00522	0.00348	0.00174	0.00435	0.00305	0.00348	0.00609

[dist]
# distance from previous block
# <min> <max>
0	15

[block]
# block no. 7 follows, 42 sequences, length 16
# corresponding to MSA columns:
# 454-469
name=unknown_H
#
# <colnr> <probs for GDERKNQSTAVLIFYWHMCP>
#	G	D	E	R	K	N	Q	S	T	A	V	L	I	F	Y	W	H	M	C	P
0	0.01343	0.01150	0.01224	0.01104	0.01405	0.01318	0.00857	0.02810	0.68756	0.02345	0.09232	0.02297	0.02054	0.00800	0.00581	0.00190	0.00429	0.00672	0.00577	0.00857
1	0.00691	0.00563	0.00612	0.00617	0.00781	0.00484	0.00456	0.00852	0.01319	0.01647	0.18451	0.12624	0.56126	0.01408	0.00670	0.00191	0.00286	0.01198	0.00540	0.00484
2	0.00804	0.00603	0.00904	0.00904	0.01005	0.00703	0.00703	0.01005	0.00904	0.01306	0.01507	0.02211	0.01407	0.04221	0.77992	0.00904	0.01507	0.00603	0.00301	0.00502
3	0.01353	0.01297	0.02213	0.12524	0.67952	0.01327	0.01707	0.01692	0.01263	0.01790	0.01052	0.01406	0.00874	0.00509	0.00558	0.00170	0.00678	0.00501	0.00275	0.00859
4	0.01620	0.01259	0.01357	0.01167	0.01516	0.01419	0.00928	0.19073	0.52383	0.07217	0.02096	0.02052	0.01574	0.00764	0.00576	0.00187	0.00489	0.02849	0.00576	0.00898
5	0.01385	0.01171	0.01311	0.04585	0.04122	0.01335	0.00941	0.08114	0.56976	0.02355	0.06725	0.02284	0.01870	0.00793	0.00584	0.00190	0.00471	0.03392	0.00549	0.00848
6	0.00672	0.00567	0.00581	0.00584	0.00766	0.00477	0.00436	0.00818	0.01289	0.01550	0.08759	0.08147	0.70585	0.01426	0.00667	0.00191	0.00286	0.01196	0.00527	0.00477
7	0.00767	0.00559	0.00721	0.00712	0.00831	0.00514	0.00522	0.00994	0.01478	0.02056	0.58138	0.18043	0.10001	0.01281	0.00674	0.00187	0.00278	0.01135	0.00595	0.00514
8	0.01167	0.01000	0.01167	0.00834	0.01334	0.00750	0.00667	0.01417	0.01167	0.01834	0.01000	0.01167	0.00834	0.00417	0.00417	0.00083	0.00417	0.00333	0.00333	0.83663
9	0.02021	0.01462	0.01562	0.01211	0.01627	0.01613	0.00996	0.66850	0.02487	0.03389	0.01404	0.01432	0.01010	0.00673	0.00545	0.00165	0.00580	0.00509	0.09554	0.00910
10	0.01185	0.01188	0.01726	0.65182	0.03534	0.08447	0.04411	0.01596	0.04421	0.01487	0.01050	0.01482	0.00794	0.00569	0.00562	0.00184	0.00770	0.00500	0.00269	0.00645
11	0.01400	0.01209	0.01273	0.01145	0.01463	0.01400	0.00891	0.02990	0.75695	0.02354	0.02291	0.02100	0.01718	0.00764	0.00573	0.00191	0.00445	0.00636	0.00573	0.00891
12	0.00818	0.00546	0.00614	0.00614	0.00614	0.00546	0.00341	0.00818	0.00818	0.01091	0.01773	0.03683	0.02046	0.80222	0.02864	0.00546	0.00546	0.00818	0.00341	0.00341
13	0.01027	0.00526	0.00533	0.00533	0.00652	0.00526	0.00388	0.01265	0.01146	0.02004	0.01830	0.02246	0.01499	0.08106	0.00625	0.00170	0.00289	0.00552	0.75574	0.00507
14	0.00761	0.00574	0.00702	0.00670	0.00819	0.00516	0.00503	0.00992	0.01508	0.02055	0.57091	0.04535	0.24759	0.01226	0.00664	0.00181	0.00271	0.01064	0.00593	0.00516
15	0.00796	0.00575	0.00752	0.00708	0.00841	0.00531	0.00531	0.01062	0.01593	0.02257	0.76415	0.04204	0.05310	0.01150	0.00664	0.00177	0.00265	0.01018	0.00619	0.00531

[dist]
# distance from previous block
# <min> <max>
0	9

[block]
# block no. 8 follows, 42 sequences, length 13
# corresponding to MSA columns:
# 479-491
name=unknown_I
#
# <colnr> <probs for GDERKNQSTAVLIFYWHMCP>
#	G	D	E	R	K	N	Q	S	T	A	V	L	I	F	Y	W	H	M	C	P
0	0.01148	0.06918	0.73470	0.01571	0.02385	0.01354	0.02022	0.01777	0.01186	0.01759	0.00998	0.01173	0.00713	0.00532	0.00526	0.00175	0.00820	0.00410	0.00238	0.00826
1	0.02459	0.01064	0.01372	0.01052	0.01490	0.00985	0.00869	0.15111	0.01788	0.64482	0.02071	0.01819	0.01318	0.00693	0.00565	0.00173	0.00503	0.00556	0.00674	0.00958
2	0.00676	0.00571	0.00586	0.00582	0.00767	0.00480	0.00436	0.00830	0.01309	0.01584	0.11782	0.05312	0.70363	0.01402	0.00665	0.00189	0.00283	0.01173	0.00531	0.00480
3	0.00907	0.00648	0.00907	0.01036	0.01166	0.00648	0.00907	0.01166	0.01296	0.01684	0.02980	0.06348	0.03239	0.01555	0.00777	0.00259	0.00518	0.72924	0.00518	0.00518
4	0.02002	0.08239	0.01671	0.01384	0.01695	0.63589	0.01061	0.04647	0.07710	0.01525	0.00996	0.01107	0.00814	0.00591	0.00504	0.00148	0.00925	0.00385	0.00319	0.00687
5	0.01505	0.80561	0.02949	0.00963	0.01444	0.02227	0.00963	0.01685	0.01143	0.01324	0.00782	0.00903	0.00722	0.00481	0.00361	0.00120	0.00602	0.00301	0.00241	0.00722
6	0.00816	0.00554	0.00656	0.00656	0.00671	0.00569	0.00394	0.00846	0.00831	0.01122	0.01735	0.03469	0.01953	0.69175	0.13785	0.00598	0.00685	0.00787	0.00335	0.00364
7	0.00691	0.00575	0.00606	0.00610	0.00792	0.00490	0.00466	0.00851	0.01309	0.01591	0.11366	0.05374	0.66065	0.01411	0.00672	0.00193	0.00298	0.05627	0.00530	0.00482
8	0.01328	0.01518	0.03321	0.02372	0.02941	0.01423	0.74668	0.01803	0.01328	0.01803	0.01139	0.01518	0.00854	0.00474	0.00664	0.00190	0.00949	0.00664	0.00285	0.00759
9	0.00686	0.00490	0.00653	0.00784	0.00816	0.00457	0.00522	0.00784	0.01077	0.01437	0.03102	0.79855	0.03722	0.01763	0.00718	0.00229	0.00326	0.01600	0.00522	0.00457
10	0.01384	0.01689	0.15657	0.02555	0.41950	0.05797	0.06143	0.01981	0.13595	0.01885	0.01248	0.01459	0.00984	0.00554	0.00559	0.00173	0.00699	0.00510	0.00321	0.00858
11	0.01352	0.01044	0.01220	0.00884	0.01375	0.00837	0.00712	0.07458	0.01321	0.07863	0.01124	0.01240	0.00887	0.00460	0.00440	0.00097	0.00438	0.00366	0.00380	0.70502
12	0.01241	0.06267	0.04272	0.01888	0.04008	0.01361	0.43822	0.01598	0.01230	0.01694	0.03184	0.06187	0.03688	0.00668	0.00792	0.00188	0.11589	0.00671	0.00308	0.05343

[dist]
# distance from previous block
# <min> <max>
0	2

[block]
# block no. 9 follows, 42 sequences, length 9
# corresponding to MSA columns:
# 494-502
name=unknown_J
#
# <colnr> <probs for GDERKNQSTAVLIFYWHMCP>
#	G	D	E	R	K	N	Q	S	T	A	V	L	I	F	Y	W	H	M	C	P
0	0.00899	0.00761	0.01235	0.01052	0.01255	0.00719	0.14448	0.01224	0.04395	0.02017	0.45151	0.18262	0.04024	0.01127	0.00671	0.00190	0.00413	0.01049	0.00536	0.00574
1	0.01163	0.03396	0.00961	0.00835	0.00986	0.00731	0.00630	0.01316	0.01032	0.15493	0.01697	0.02493	0.01550	0.23259	0.38423	0.00620	0.00988	0.00640	0.03234	0.00554
2	0.16759	0.13018	0.52956	0.01356	0.02050	0.01422	0.01653	0.01745	0.01139	0.01860	0.00937	0.01098	0.00695	0.00525	0.00476	0.00170	0.00726	0.00380	0.00259	0.00775
3	0.02299	0.15943	0.01648	0.01020	0.01466	0.01172	0.00874	0.08974	0.01615	0.56329	0.01873	0.01675	0.01228	0.00654	0.00527	0.00164	0.00514	0.00511	0.00599	0.00913
4	0.01129	0.02911	0.77306	0.01604	0.02436	0.01307	0.02079	0.01782	0.01188	0.01782	0.01010	0.01188	0.00713	0.00535	0.00535	0.00178	0.00832	0.00416	0.00238	0.00832
5	0.01387	0.01211	0.01308	0.01171	0.01464	0.01425	0.00917	0.02862	0.69821	0.02276	0.02169	0.02031	0.01641	0.00781	0.00673	0.00195	0.06626	0.00625	0.00547	0.00869
6	0.00886	0.00634	0.00878	0.00975	0.01105	0.00626	0.00836	0.01146	0.01351	0.01792	0.16753	0.05946	0.03627	0.01479	0.00756	0.00244	0.00471	0.59438	0.00537	0.00521
7	0.00799	0.00587	0.00756	0.00746	0.00885	0.00544	0.00581	0.01048	0.01506	0.02072	0.55593	0.04708	0.13601	0.01251	0.00683	0.00192	0.00310	0.13025	0.00591	0.00522
8	0.01129	0.02911	0.77306	0.01604	0.02436	0.01307	0.02079	0.01782	0.01188	0.01782	0.01010	0.01188	0.00713	0.00535	0.00535	0.00178	0.00832	0.00416	0.00238	0.00832

[dist]
# distance from previous block
# <min> <max>
0	2

[block]
# block no. 10 follows, 42 sequences, length 18
# corresponding to MSA columns:
# 505-522
name=unknown_K
#
# <colnr> <probs for GDERKNQSTAVLIFYWHMCP>
#	G	D	E	R	K	N	Q	S	T	A	V	L	I	F	Y	W	H	M	C	P
0	0.84197	0.01088	0.00827	0.00740	0.01088	0.01262	0.00609	0.01654	0.00958	0.02525	0.00784	0.00914	0.00609	0.00522	0.00348	0.00174	0.00435	0.00305	0.00348	0.00609
1	0.01369	0.01182	0.01243	0.01121	0.01434	0.01361	0.00871	0.02898	0.72559	0.02319	0.02434	0.02239	0.04869	0.00791	0.00577	0.00191	0.00439	0.00659	0.00571	0.00873
2	0.00686	0.00490	0.00653	0.00784	0.00816	0.00457	0.00522	0.00784	0.01077	0.01437	0.03102	0.79855	0.03722	0.01763	0.00718	0.00229	0.00326	0.01600	0.00522	0.00457
3	0.01355	0.49612	0.32585	0.01218	0.01839	0.01860	0.01408	0.01724	0.01161	0.01507	0.00873	0.01016	0.00718	0.00503	0.00430	0.00143	0.00693	0.00347	0.00239	0.00766
4	0.84197	0.01088	0.00827	0.00740	0.01088	0.01262	0.00609	0.01654	0.00958	0.02525	0.00784	0.00914	0.00609	0.00522	0.00348	0.00174	0.00435	0.00305	0.00348	0.00609
5	0.00818	0.00546	0.00614	0.00614	0.00614	0.00546	0.00341	0.00818	0.00818	0.01091	0.01773	0.03683	0.02046	0.80222	0.02864	0.00546	0.00546	0.00818	0.00341	0.00341
6	0.01842	0.01324	0.01443	0.01171	0.01541	0.01454	0.00938	0.43453	0.20391	0.08962	0.01765	0.05670	0.01380	0.05161	0.00701	0.00199	0.00546	0.00616	0.00562	0.00881
7	0.00818	0.00548	0.00628	0.00628	0.00633	0.00553	0.00359	0.00828	0.00823	0.01102	0.01760	0.03609	0.02014	0.76425	0.06618	0.00564	0.00594	0.00808	0.00339	0.00349
8	0.09011	0.68217	0.07645	0.00985	0.01477	0.02078	0.01004	0.01689	0.01129	0.01464	0.00797	0.00923	0.00711	0.00489	0.00371	0.00129	0.00602	0.00309	0.00250	0.00719
9	0.02022	0.01488	0.01605	0.01253	0.01670	0.01641	0.01025	0.68843	0.02519	0.03376	0.01493	0.07703	0.01181	0.00764	0.00576	0.00174	0.00596	0.00595	0.00560	0.00917
10	0.01342	0.47076	0.35014	0.01239	0.01872	0.01830	0.01444	0.01727	0.01163	0.01522	0.00881	0.01026	0.00718	0.00504	0.00436	0.00145	0.00701	0.00350	0.00239	0.00769
11	0.05558	0.35957	0.35572	0.01274	0.01888	0.07900	0.01448	0.01772	0.01190	0.01591	0.00890	0.01038	0.00713	0.00515	0.00449	0.00151	0.00728	0.00357	0.00249	0.00759
12	0.01147	0.06755	0.73625	0.01572	0.02387	0.01352	0.02024	0.01777	0.01186	0.01760	0.00999	0.01174	0.00713	0.00532	0.00526	0.00175	0.00820	0.00410	0.00238	0.00826
13	0.24498	0.01070	0.01144	0.00938	0.01318	0.03872	0.00763	0.04386	0.07709	0.40396	0.01997	0.01848	0.06291	0.00700	0.00512	0.00175	0.00475	0.00534	0.00560	0.00813
14	0.08034	0.45036	0.16955	0.01137	0.01648	0.12123	0.01162	0.01827	0.01220	0.05063	0.00906	0.01022	0.00743	0.00518	0.00423	0.00142	0.00683	0.00344	0.00277	0.00736
15	0.08142	0.03870	0.01984	0.14125	0.44667	0.12095	0.01485	0.01739	0.01259	0.01739	0.00983	0.01298	0.00814	0.00537	0.00566	0.00169	0.03007	0.00459	0.00279	0.00782
16	0.07679	0.00845	0.00909	0.03066	0.03555	0.07231	0.00725	0.01199	0.02938	0.01695	0.09161	0.29276	0.10210	0.01295	0.00650	0.00206	0.00450	0.15294	0.00476	0.03138
17	0.01515	0.01082	0.01557	0.05095	0.01714	0.01013	0.11361	0.04249	0.07791	0.18690	0.03813	0.03160	0.01242	0.00687	0.02128	0.00166	0.04521	0.00533	0.00439	0.29243

[dist]
# distance from previous block
# <min> <max>
40	59

[block]
# block no. 11 follows, 42 sequences, length 9
# corresponding to MSA columns:
# 601-609
name=unknown_L
#
# <colnr> <probs for GDERKNQSTAVLIFYWHMCP>
#	G	D	E	R	K	N	Q	S	T	A	V	L	I	F	Y	W	H	M	C	P
0	0.01508	0.01236	0.01934	0.24182	0.41270	0.04307	0.01512	0.01828	0.01302	0.13665	0.01219	0.01491	0.00925	0.00553	0.00558	0.00173	0.00675	0.00506	0.00337	0.00818
1	0.01405	0.01321	0.02201	0.09746	0.66476	0.01352	0.01678	0.05649	0.01342	0.01897	0.01069	0.01400	0.00883	0.00516	0.00558	0.00169	0.00673	0.00502	0.00291	0.00872
2	0.01708	0.01179	0.01359	0.01186	0.04835	0.03153	0.00902	0.12689	0.26426	0.19621	0.06749	0.01887	0.01569	0.00707	0.00591	0.00169	0.02788	0.00571	0.00543	0.11367
3	0.01418	0.01352	0.02508	0.01986	0.08932	0.01286	0.42685	0.10792	0.01485	0.05406	0.03251	0.03705	0.04180	0.00595	0.00618	0.00176	0.00757	0.00652	0.00365	0.07851
4	0.10621	0.00869	0.01035	0.00864	0.01173	0.00829	0.00688	0.04814	0.06597	0.28061	0.25943	0.02716	0.07399	0.00859	0.00572	0.00172	0.00393	0.00712	0.00590	0.05091
5	0.01701	0.01217	0.01615	0.01308	0.04818	0.01191	0.09385	0.22465	0.08415	0.15497	0.05053	0.01774	0.01330	0.00647	0.00554	0.00158	0.00555	0.02598	0.00494	0.19227
6	0.01364	0.01307	0.02231	0.10139	0.70256	0.01329	0.01713	0.01701	0.01268	0.01803	0.01053	0.01402	0.00879	0.00507	0.00558	0.00169	0.00676	0.00501	0.00276	0.00868
7	0.01340	0.01305	0.02004	0.23779	0.46868	0.05327	0.01582	0.01776	0.07202	0.01746	0.01131	0.01459	0.00910	0.00543	0.00557	0.00173	0.00691	0.00505	0.00295	0.00806
8	0.07963	0.01243	0.01371	0.01236	0.07464	0.05182	0.00906	0.11728	0.20257	0.14999	0.01560	0.01544	0.01150	0.00609	0.00511	0.00154	0.00514	0.00485	0.00480	0.20644

[dist]
# distance from previous block
# <min> <max>
3	63

# created by:
# /st0/software/busco_prod/Augustus/scripts/msa2prfl.pl ./align_prep/182258.fa
