[name]
unknown

[dist]
# distance from previous block
# <min> <max>
8	102

[block]
# block no. 0 follows, 48 sequences, length 18
# corresponding to MSA columns:
# 123-140
name=unknown_A
#
# <colnr> <probs for GDERKNQSTAVLIFYWHMCP>
#	G	D	E	R	K	N	Q	S	T	A	V	L	I	F	Y	W	H	M	C	P
0	0.01339	0.03754	0.01241	0.10422	0.01514	0.01085	0.00828	0.22330	0.10539	0.07762	0.01624	0.12458	0.03550	0.04493	0.00645	0.00172	0.02938	0.00617	0.00427	0.12261
1	0.03077	0.06071	0.02881	0.06397	0.08786	0.05180	0.00895	0.17242	0.16670	0.07234	0.02894	0.04572	0.06737	0.07108	0.00673	0.00185	0.00511	0.00570	0.00417	0.01899
2	0.01146	0.00854	0.00952	0.03558	0.01126	0.03326	0.00657	0.17108	0.08826	0.04944	0.04185	0.27354	0.03856	0.08815	0.00749	0.00200	0.00421	0.00836	0.05171	0.05916
3	0.05439	0.01161	0.01330	0.09343	0.09872	0.05968	0.00938	0.30152	0.03836	0.03840	0.06194	0.10873	0.01394	0.00709	0.00513	0.00157	0.00521	0.00587	0.01684	0.05489
4	0.01587	0.01149	0.01361	0.01149	0.05001	0.01211	0.03688	0.40909	0.07330	0.08821	0.04311	0.06278	0.03182	0.06475	0.00673	0.00181	0.00507	0.00581	0.00476	0.05130
5	0.00999	0.02957	0.01069	0.02649	0.04043	0.04581	0.04215	0.07614	0.03872	0.03622	0.01952	0.36207	0.02080	0.01486	0.11802	0.00269	0.00574	0.03053	0.00404	0.06551
6	0.06653	0.01266	0.02817	0.24787	0.07665	0.11255	0.01107	0.16655	0.01340	0.04160	0.00999	0.01290	0.00791	0.02827	0.03350	0.00192	0.08072	0.00435	0.00316	0.04022
7	0.01815	0.01403	0.01440	0.01141	0.01516	0.05448	0.00929	0.59890	0.12827	0.02930	0.01347	0.01339	0.00976	0.00622	0.00506	0.00154	0.00548	0.00472	0.03863	0.00834
8	0.16345	0.11801	0.03925	0.02441	0.01442	0.05139	0.03871	0.19310	0.11710	0.08787	0.01246	0.01276	0.02089	0.00553	0.00446	0.00146	0.00518	0.00418	0.00397	0.08140
9	0.00733	0.00492	0.00564	0.00577	0.00580	0.00489	0.00329	0.00743	0.00772	0.01029	0.01749	0.11899	0.02032	0.73199	0.02398	0.00466	0.00476	0.00824	0.00329	0.00322
10	0.00756	0.00563	0.00768	0.00779	0.00856	0.00545	0.04368	0.04634	0.01044	0.01393	0.05170	0.50531	0.04529	0.18193	0.01051	0.00262	0.00384	0.03302	0.00436	0.00436
11	0.43857	0.01349	0.01084	0.03333	0.06393	0.20283	0.00775	0.03739	0.03108	0.04713	0.00892	0.01017	0.00696	0.00505	0.00392	0.00148	0.00548	0.00337	0.03190	0.03641
12	0.05526	0.01196	0.01495	0.13508	0.08291	0.07624	0.06088	0.14742	0.04165	0.01824	0.01050	0.03537	0.00871	0.00712	0.03711	0.00180	0.10112	0.00459	0.00322	0.14588
13	0.10337	0.00905	0.00987	0.02443	0.01161	0.03796	0.00671	0.11735	0.05080	0.21749	0.03621	0.10485	0.10795	0.02321	0.00546	0.00166	0.00419	0.01996	0.05291	0.05496
14	0.07409	0.00887	0.02690	0.01076	0.09565	0.00866	0.02722	0.11546	0.06388	0.04700	0.05246	0.13131	0.08409	0.14492	0.00873	0.00218	0.00445	0.00710	0.02450	0.06177
15	0.01278	0.01037	0.01263	0.07683	0.08003	0.07531	0.03628	0.11871	0.07410	0.08775	0.03792	0.17539	0.01561	0.01046	0.06964	0.00216	0.01994	0.00677	0.00403	0.07328
16	0.04196	0.10742	0.02451	0.03812	0.04777	0.03218	0.01812	0.10114	0.01285	0.07812	0.10635	0.20257	0.08416	0.03454	0.01762	0.00185	0.00451	0.02113	0.01920	0.00588
17	0.03896	0.11563	0.01455	0.04481	0.06499	0.04851	0.05448	0.10925	0.12565	0.08141	0.04514	0.05427	0.04565	0.08750	0.01759	0.00202	0.00531	0.03372	0.00398	0.00657

[dist]
# distance from previous block
# <min> <max>
2	23

[block]
# block no. 1 follows, 48 sequences, length 62
# corresponding to MSA columns:
# 164-225
name=unknown_B
#
# <colnr> <probs for GDERKNQSTAVLIFYWHMCP>
#	G	D	E	R	K	N	Q	S	T	A	V	L	I	F	Y	W	H	M	C	P
0	0.16153	0.01149	0.01412	0.20364	0.12002	0.04437	0.02820	0.14377	0.12816	0.05083	0.02277	0.01348	0.00928	0.00553	0.00479	0.00160	0.00554	0.00449	0.00364	0.02275
1	0.14884	0.01126	0.01313	0.19562	0.08033	0.07185	0.02670	0.18310	0.03212	0.02055	0.10825	0.04839	0.01380	0.00643	0.00495	0.00160	0.00543	0.00526	0.01593	0.00647
2	0.08262	0.01187	0.02977	0.09417	0.01620	0.01258	0.00915	0.37804	0.06661	0.06371	0.04648	0.04681	0.01150	0.00642	0.00523	0.00155	0.02381	0.00502	0.00443	0.08401
3	0.04873	0.00777	0.00879	0.00816	0.00972	0.02375	0.00608	0.11926	0.06328	0.03729	0.13393	0.25132	0.02410	0.12141	0.00895	0.00220	0.03990	0.02578	0.02339	0.03618
4	0.20535	0.01036	0.01104	0.04044	0.01312	0.02611	0.00755	0.19721	0.10883	0.16229	0.10513	0.04986	0.01518	0.00681	0.00485	0.00161	0.00444	0.00536	0.00478	0.01968
5	0.00903	0.00597	0.00722	0.00664	0.00836	0.00555	0.00507	0.01201	0.06841	0.09487	0.45081	0.03663	0.21256	0.01022	0.00580	0.00163	0.00277	0.00879	0.04233	0.00534
6	0.01085	0.00968	0.01503	0.50592	0.09906	0.02917	0.04554	0.06218	0.01159	0.01559	0.01105	0.01595	0.00882	0.00560	0.00507	0.00164	0.00624	0.03737	0.09761	0.00603
7	0.00963	0.00617	0.00860	0.00942	0.01086	0.00606	0.00820	0.01196	0.01208	0.08707	0.02653	0.05414	0.02797	0.01345	0.00691	0.00229	0.00469	0.68399	0.00488	0.00510
8	0.02030	0.01280	0.01439	0.01106	0.01511	0.01361	0.00913	0.55600	0.03777	0.23429	0.01461	0.01384	0.00993	0.00623	0.00514	0.00156	0.00527	0.00479	0.00546	0.00871
9	0.00891	0.00446	0.00668	0.00668	0.00668	0.00446	0.00446	0.00668	0.00668	0.00891	0.00891	0.01560	0.00891	0.01783	0.02005	0.85071	0.00446	0.00446	0.00223	0.00223
10	0.06824	0.68840	0.03831	0.00884	0.01313	0.01875	0.00868	0.01626	0.04408	0.04391	0.00829	0.00913	0.00715	0.00461	0.00347	0.00119	0.00532	0.00299	0.00255	0.00669
11	0.80520	0.00985	0.00781	0.00689	0.01012	0.01127	0.00568	0.01569	0.00909	0.06980	0.00794	0.00889	0.00599	0.00486	0.00330	0.00159	0.00399	0.00292	0.00337	0.00575
12	0.01316	0.00964	0.01139	0.00835	0.01269	0.00803	0.00675	0.09042	0.01246	0.11947	0.01084	0.01171	0.00836	0.00448	0.00439	0.00098	0.02134	0.00351	0.00367	0.63836
13	0.00625	0.00447	0.00595	0.00714	0.00744	0.00417	0.00476	0.00714	0.00982	0.01310	0.02828	0.81633	0.03394	0.01608	0.00655	0.00208	0.00298	0.01459	0.00476	0.00417
14	0.02027	0.01315	0.01464	0.01122	0.01530	0.01409	0.00927	0.60834	0.02207	0.19746	0.01404	0.01344	0.00959	0.00620	0.00514	0.00155	0.00537	0.00474	0.00540	0.00873
15	0.06184	0.01415	0.01500	0.01155	0.01561	0.01569	0.00954	0.73232	0.02335	0.03187	0.01206	0.01212	0.00857	0.00609	0.00503	0.00154	0.00556	0.00453	0.00503	0.00857
16	0.00796	0.00540	0.00702	0.00655	0.00790	0.00494	0.00493	0.01028	0.01432	0.05767	0.70191	0.05520	0.07534	0.01051	0.00602	0.00163	0.00253	0.00926	0.00563	0.00500
17	0.01148	0.01095	0.01862	0.34577	0.48292	0.01187	0.01514	0.01468	0.01111	0.01528	0.00944	0.01310	0.00761	0.00480	0.00510	0.00160	0.00640	0.00457	0.00243	0.00714
18	0.00630	0.00449	0.00594	0.00708	0.00737	0.00420	0.00470	0.00716	0.00973	0.01297	0.02778	0.78416	0.03331	0.04910	0.00735	0.00220	0.00306	0.01429	0.00470	0.00412
19	0.00622	0.00520	0.00541	0.00536	0.00702	0.00440	0.00402	0.00766	0.01205	0.01471	0.14460	0.04798	0.69244	0.01268	0.00606	0.00172	0.00258	0.01063	0.00488	0.00440
20	0.00670	0.00521	0.00616	0.00656	0.00779	0.00473	0.00494	0.00842	0.02551	0.01486	0.13494	0.25193	0.37273	0.01355	0.00632	0.00190	0.00300	0.11540	0.00488	0.00448
21	0.01211	0.01384	0.03028	0.02163	0.02682	0.01298	0.76903	0.01644	0.01211	0.01644	0.01038	0.01384	0.00779	0.00433	0.00606	0.00173	0.00865	0.00606	0.00260	0.00692
22	0.82169	0.00987	0.00772	0.00685	0.01005	0.01135	0.00564	0.01549	0.00898	0.05459	0.00768	0.00871	0.00585	0.00483	0.00326	0.00159	0.00399	0.00288	0.00331	0.00569
23	0.01192	0.01134	0.01926	0.18905	0.60582	0.01180	0.01517	0.01502	0.01140	0.01597	0.01018	0.01454	0.00864	0.00504	0.00516	0.00159	0.00620	0.03183	0.00257	0.00751
24	0.01758	0.02182	0.01477	0.01327	0.01539	0.64297	0.01018	0.01887	0.01321	0.01252	0.00769	0.00965	0.00663	0.00602	0.00706	0.00151	0.16888	0.00354	0.00256	0.00588
25	0.00652	0.00469	0.00614	0.00701	0.00752	0.00438	0.00483	0.00768	0.01055	0.01415	0.13461	0.61080	0.06649	0.04691	0.00726	0.00213	0.00304	0.04623	0.00482	0.00425
26	0.01099	0.10215	0.59192	0.01639	0.12822	0.01286	0.01733	0.01600	0.01084	0.01582	0.00901	0.01085	0.00674	0.00488	0.00503	0.00157	0.02584	0.00381	0.00222	0.00752
27	0.00639	0.00457	0.00611	0.00727	0.00764	0.00429	0.00497	0.00741	0.01005	0.01340	0.04535	0.75357	0.03400	0.01584	0.00657	0.00209	0.00307	0.05842	0.00478	0.00422
28	0.03408	0.01259	0.01274	0.01086	0.01412	0.05383	0.00861	0.23744	0.49399	0.03830	0.01747	0.01643	0.01295	0.00659	0.00512	0.00166	0.00478	0.00526	0.00504	0.00814
29	0.01225	0.42045	0.30189	0.01083	0.01638	0.01559	0.01217	0.03284	0.01091	0.01460	0.00824	0.00955	0.00672	0.00454	0.00397	0.00126	0.00605	0.00320	0.00235	0.10621
30	0.01768	0.02809	0.01384	0.01284	0.12351	0.04397	0.00903	0.11531	0.13666	0.32391	0.01576	0.01507	0.01105	0.00579	0.00493	0.00148	0.00489	0.00473	0.00485	0.10661
31	0.00701	0.00516	0.00656	0.00637	0.00755	0.00471	0.00472	0.00913	0.01368	0.01896	0.61490	0.12218	0.13721	0.01139	0.00611	0.00168	0.00250	0.01003	0.00545	0.00471
32	0.01244	0.01193	0.02036	0.09805	0.72313	0.01212	0.01562	0.01552	0.01156	0.01645	0.00961	0.01278	0.00802	0.00462	0.00508	0.00154	0.00616	0.00457	0.00252	0.00792
33	0.04391	0.04120	0.13911	0.01843	0.20231	0.03428	0.17022	0.13982	0.05973	0.08370	0.01150	0.01298	0.00855	0.00514	0.00514	0.00159	0.00651	0.00473	0.00340	0.00774
34	0.01000	0.00942	0.01336	0.01183	0.01211	0.01279	0.00971	0.01135	0.00798	0.01221	0.00894	0.01404	0.00865	0.01827	0.26314	0.00413	0.55957	0.00481	0.00240	0.00529
35	0.00767	0.00538	0.00674	0.00632	0.00774	0.00485	0.00477	0.00985	0.01397	0.05091	0.60842	0.03966	0.19289	0.01082	0.00602	0.00164	0.00254	0.00942	0.00550	0.00490
36	0.01029	0.02654	0.79309	0.01462	0.02221	0.01192	0.01896	0.01625	0.01083	0.01625	0.00921	0.01083	0.00650	0.00487	0.00487	0.00162	0.00758	0.00379	0.00217	0.00758
37	0.01184	0.38650	0.44670	0.01198	0.01812	0.01571	0.01436	0.01585	0.01065	0.01436	0.00827	0.00966	0.00654	0.00466	0.00416	0.00139	0.00664	0.00332	0.00218	0.00713
38	0.01259	0.01208	0.02063	0.05975	0.76027	0.01216	0.01569	0.01565	0.01163	0.01663	0.00963	0.01274	0.00808	0.00459	0.00508	0.00153	0.00612	0.00457	0.00253	0.00804
39	0.00755	0.00522	0.00686	0.00664	0.00778	0.00481	0.00491	0.00972	0.01381	0.04113	0.64696	0.15748	0.04518	0.01123	0.00610	0.00169	0.00256	0.00998	0.00553	0.00485
40	0.85592	0.00992	0.00754	0.00675	0.00992	0.01151	0.00556	0.01508	0.00873	0.02302	0.00714	0.00834	0.00556	0.00476	0.00318	0.00159	0.00397	0.00278	0.00318	0.00556
41	0.01238	0.01209	0.01893	0.19801	0.55148	0.05187	0.01479	0.01592	0.04505	0.01596	0.00994	0.01302	0.00810	0.00483	0.00507	0.00156	0.00633	0.00456	0.00261	0.00749
42	0.02242	0.00897	0.01198	0.00922	0.01313	0.00796	0.00760	0.06788	0.01523	0.72789	0.03893	0.01769	0.01336	0.00644	0.00518	0.00159	0.00439	0.00523	0.00626	0.00863
43	0.00713	0.00524	0.00668	0.00632	0.00758	0.00479	0.00474	0.00943	0.01421	0.01984	0.70418	0.03955	0.12966	0.01077	0.00605	0.00163	0.00244	0.00945	0.00555	0.00479
44	0.01270	0.01285	0.03882	0.03282	0.03750	0.01288	0.46076	0.08118	0.01243	0.04948	0.01139	0.04355	0.00935	0.00601	0.00763	0.00181	0.13482	0.02417	0.00303	0.00681
45	0.01401	0.01468	0.01955	0.02779	0.63133	0.17158	0.01457	0.01671	0.01226	0.01591	0.00930	0.01200	0.00782	0.00472	0.00499	0.00148	0.00674	0.00432	0.00256	0.00769
46	0.01131	0.01147	0.01709	0.01424	0.01473	0.01546	0.08272	0.01273	0.00826	0.01273	0.00708	0.01147	0.00683	0.00854	0.01582	0.00220	0.73465	0.00464	0.00228	0.00574
47	0.03104	0.01311	0.01429	0.01115	0.01483	0.01451	0.00918	0.60901	0.04352	0.07883	0.01303	0.01317	0.00933	0.00629	0.00552	0.00156	0.04048	0.00467	0.05822	0.00828
48	0.01151	0.01072	0.01492	0.01279	0.01331	0.03158	0.03172	0.01287	0.00852	0.05183	0.00847	0.01275	0.00787	0.01252	0.11872	0.00297	0.62404	0.00467	0.00254	0.00568
49	0.00625	0.00447	0.00595	0.00714	0.00744	0.00417	0.00476	0.00714	0.00982	0.01310	0.02828	0.81633	0.03394	0.01608	0.00655	0.00208	0.00298	0.01459	0.00476	0.00417
50	0.00807	0.00542	0.00712	0.00659	0.00794	0.00498	0.00498	0.01047	0.01453	0.06011	0.74573	0.03726	0.04658	0.01028	0.00601	0.00161	0.00252	0.00907	0.00568	0.00504
51	0.01000	0.00937	0.01578	0.68091	0.12653	0.01128	0.01420	0.01334	0.01050	0.01365	0.00989	0.01530	0.00789	0.00542	0.00520	0.00171	0.00667	0.03400	0.00241	0.00596
52	0.01029	0.02654	0.79309	0.01462	0.02221	0.01192	0.01896	0.01625	0.01083	0.01625	0.00921	0.01083	0.00650	0.00487	0.00487	0.00162	0.00758	0.00379	0.00217	0.00758
53	0.00790	0.00539	0.00706	0.00656	0.00788	0.00495	0.00495	0.01030	0.01453	0.05165	0.75413	0.03749	0.04697	0.01032	0.00602	0.00161	0.00250	0.00911	0.00568	0.00500
54	0.01372	0.82276	0.02689	0.00878	0.01317	0.02030	0.00878	0.01536	0.01043	0.01207	0.00713	0.00823	0.00658	0.00439	0.00329	0.00110	0.00549	0.00274	0.00219	0.00658
55	0.00761	0.00532	0.00697	0.00651	0.00779	0.00490	0.00490	0.01002	0.01453	0.03768	0.76799	0.03787	0.04762	0.01040	0.00603	0.00161	0.00246	0.00919	0.00566	0.00493
56	0.00969	0.00912	0.01539	0.80734	0.03534	0.01140	0.01425	0.01311	0.01026	0.01311	0.00912	0.01368	0.00684	0.00513	0.00513	0.00171	0.00684	0.00456	0.00228	0.00570
57	0.00638	0.00456	0.00609	0.00725	0.00761	0.00427	0.00494	0.00738	0.01003	0.01339	0.04595	0.75971	0.03405	0.01585	0.00656	0.00209	0.00305	0.05184	0.00478	0.00421
58	0.01951	0.01437	0.01540	0.01181	0.01591	0.01591	0.00975	0.77056	0.02412	0.03234	0.01232	0.01232	0.00873	0.00616	0.00513	0.00154	0.00565	0.00462	0.00513	0.00873
59	0.00997	0.00608	0.00780	0.00711	0.00882	0.00566	0.00541	0.01286	0.05877	0.14313	0.52595	0.09203	0.07573	0.01016	0.00590	0.00166	0.00288	0.00889	0.00563	0.00558
60	0.00969	0.00912	0.01539	0.80734	0.03534	0.01140	0.01425	0.01311	0.01026	0.01311	0.00912	0.01368	0.00684	0.00513	0.00513	0.00171	0.00684	0.00456	0.00228	0.00570
61	0.83525	0.00995	0.00764	0.00684	0.01001	0.01154	0.00562	0.01538	0.02760	0.02298	0.00748	0.00860	0.00580	0.00482	0.00323	0.00159	0.00397	0.00285	0.00323	0.00562

[dist]
# distance from previous block
# <min> <max>
3	5

[block]
# block no. 2 follows, 48 sequences, length 52
# corresponding to MSA columns:
# 231-282
name=unknown_C
#
# <colnr> <probs for GDERKNQSTAVLIFYWHMCP>
#	G	D	E	R	K	N	Q	S	T	A	V	L	I	F	Y	W	H	M	C	P
0	0.01162	0.01109	0.01888	0.30907	0.51851	0.01191	0.01521	0.01480	0.01117	0.01546	0.00946	0.01305	0.00767	0.00477	0.00510	0.00159	0.00636	0.00457	0.00245	0.00726
1	0.85592	0.00992	0.00754	0.00675	0.00992	0.01151	0.00556	0.01508	0.00873	0.02302	0.00714	0.00834	0.00556	0.00476	0.00318	0.00159	0.00397	0.00278	0.00318	0.00556
2	0.03340	0.00941	0.01213	0.00876	0.01322	0.00744	0.07095	0.01341	0.01092	0.03224	0.03382	0.01186	0.00895	0.00413	0.00407	0.00091	0.00418	0.00353	0.00315	0.71350
3	0.01157	0.01104	0.01879	0.32145	0.50650	0.01190	0.01519	0.01476	0.01115	0.01540	0.00945	0.01307	0.00765	0.00478	0.00510	0.00159	0.00637	0.00457	0.00244	0.00722
4	0.00786	0.00610	0.00729	0.00714	0.00868	0.00581	0.02288	0.01106	0.11687	0.03952	0.12113	0.26324	0.32482	0.02558	0.00639	0.00187	0.00312	0.01070	0.00490	0.00504
5	0.01129	0.01022	0.01679	0.57171	0.03050	0.01192	0.10636	0.11391	0.01235	0.01632	0.01001	0.01374	0.00747	0.00520	0.00518	0.00167	0.00672	0.00476	0.03766	0.00621
6	0.00998	0.00938	0.01563	0.73338	0.08384	0.01149	0.01417	0.01370	0.03280	0.01359	0.00950	0.01378	0.00718	0.00515	0.00513	0.00170	0.00671	0.00460	0.00238	0.00593
7	0.00989	0.00517	0.00521	0.00509	0.00640	0.00525	0.00385	0.03146	0.02897	0.01952	0.01672	0.01896	0.01310	0.00601	0.00366	0.00122	0.00251	0.00480	0.80725	0.00496
8	0.01029	0.02654	0.79309	0.01462	0.02221	0.01192	0.01896	0.01625	0.01083	0.01625	0.00921	0.01083	0.00650	0.00487	0.00487	0.00162	0.00758	0.00379	0.00217	0.00758
9	0.00712	0.00524	0.00666	0.00630	0.00758	0.00478	0.00473	0.00940	0.01418	0.01977	0.69653	0.03966	0.13735	0.01079	0.00605	0.00163	0.00244	0.00947	0.00554	0.00478
10	0.01297	0.01113	0.01172	0.01048	0.01342	0.01286	0.00817	0.05019	0.75513	0.02180	0.02062	0.01893	0.01545	0.00694	0.00522	0.00173	0.00411	0.00576	0.00522	0.00814
11	0.00638	0.00458	0.00608	0.00724	0.00763	0.00429	0.00497	0.00738	0.01001	0.01327	0.02894	0.74313	0.05683	0.01586	0.00657	0.00209	0.00308	0.06271	0.00476	0.00421
12	0.00746	0.00500	0.00571	0.00571	0.00575	0.00504	0.00325	0.00754	0.00750	0.01003	0.01606	0.03300	0.01840	0.78575	0.05970	0.00512	0.00536	0.00738	0.00309	0.00317
13	0.01341	0.01116	0.01185	0.01045	0.01349	0.01274	0.00818	0.07677	0.69577	0.03965	0.02007	0.01849	0.01498	0.00683	0.00519	0.00170	0.00417	0.00565	0.00520	0.02427
14	0.01277	0.01241	0.02049	0.05574	0.74353	0.03272	0.01555	0.01579	0.01171	0.01654	0.00959	0.01264	0.00805	0.00461	0.00507	0.00152	0.00620	0.00454	0.00253	0.00799
15	0.01190	0.01137	0.01938	0.23810	0.58733	0.01198	0.01535	0.01504	0.01130	0.01579	0.00951	0.01296	0.00778	0.00472	0.00509	0.00157	0.00629	0.00457	0.00247	0.00748
16	0.01123	0.01123	0.01572	0.01347	0.01347	0.01572	0.01123	0.01235	0.00786	0.01235	0.00674	0.01123	0.00674	0.00898	0.01684	0.00225	0.81028	0.00449	0.00225	0.00561
17	0.85592	0.00992	0.00754	0.00675	0.00992	0.01151	0.00556	0.01508	0.00873	0.02302	0.00714	0.00834	0.00556	0.00476	0.00318	0.00159	0.00397	0.00278	0.00318	0.00556
18	0.00726	0.00524	0.00686	0.00646	0.00767	0.00484	0.00484	0.00968	0.01452	0.02058	0.78496	0.03833	0.04841	0.01049	0.00605	0.00161	0.00242	0.00928	0.00565	0.00484
19	0.00682	0.00514	0.00624	0.00613	0.00735	0.00463	0.00449	0.00867	0.01296	0.01746	0.46657	0.11972	0.25899	0.04353	0.00689	0.00183	0.00263	0.01019	0.00520	0.00456
20	0.00969	0.00912	0.01539	0.80734	0.03534	0.01140	0.01425	0.01311	0.01026	0.01311	0.00912	0.01368	0.00684	0.00513	0.00513	0.00171	0.00684	0.00456	0.00228	0.00570
21	0.05413	0.00878	0.01174	0.00904	0.01298	0.00769	0.00747	0.02464	0.01446	0.76253	0.01975	0.01712	0.01243	0.00629	0.00509	0.00159	0.00435	0.00507	0.00623	0.00861
22	0.01029	0.02654	0.79309	0.01462	0.02221	0.01192	0.01896	0.01625	0.01083	0.01625	0.00921	0.01083	0.00650	0.00487	0.00487	0.00162	0.00758	0.00379	0.00217	0.00758
23	0.01029	0.02654	0.79309	0.01462	0.02221	0.01192	0.01896	0.01625	0.01083	0.01625	0.00921	0.01083	0.00650	0.00487	0.00487	0.00162	0.00758	0.00379	0.00217	0.00758
24	0.01325	0.50920	0.19276	0.01093	0.03766	0.01677	0.01116	0.01590	0.01080	0.06424	0.02814	0.01045	0.00807	0.00502	0.00457	0.00133	0.04685	0.00344	0.00256	0.00690
25	0.05318	0.01059	0.06109	0.00973	0.01381	0.00917	0.00842	0.08636	0.08892	0.57509	0.01844	0.01643	0.01199	0.00624	0.00507	0.00160	0.00463	0.00500	0.00575	0.00848
26	0.01078	0.13949	0.68440	0.01380	0.02093	0.01311	0.01751	0.01612	0.01078	0.01566	0.00891	0.01046	0.00651	0.00481	0.00465	0.00155	0.00729	0.00364	0.00217	0.00744
27	0.01594	0.01260	0.01339	0.01108	0.01455	0.01425	0.00889	0.37753	0.42296	0.02659	0.01685	0.01593	0.01239	0.00658	0.00518	0.00165	0.00481	0.00524	0.00518	0.00841
28	0.00900	0.00693	0.00826	0.00813	0.00972	0.00713	0.00629	0.06048	0.16732	0.01849	0.23472	0.19553	0.09839	0.01149	0.00611	0.00187	0.00347	0.13601	0.00511	0.00554
29	0.00727	0.00545	0.00806	0.00809	0.00899	0.00627	0.00624	0.00903	0.00836	0.01195	0.01509	0.04436	0.03130	0.05267	0.74269	0.00785	0.01300	0.00592	0.00286	0.00453
30	0.38236	0.02570	0.01065	0.00835	0.01200	0.01032	0.00692	0.09270	0.01294	0.37063	0.01356	0.01284	0.00911	0.00561	0.00426	0.00157	0.00434	0.00403	0.00478	0.00732
31	0.01867	0.01298	0.01403	0.01088	0.01466	0.01417	0.00895	0.64048	0.02207	0.08049	0.01331	0.01339	0.00946	0.00615	0.00497	0.00151	0.00521	0.00467	0.09565	0.00830
32	0.00606	0.00520	0.00520	0.00520	0.00693	0.00433	0.00390	0.00736	0.01170	0.01386	0.05198	0.04938	0.78558	0.01299	0.00606	0.00173	0.00260	0.01083	0.00476	0.00433
33	0.01372	0.82276	0.02689	0.00878	0.01317	0.02030	0.00878	0.01536	0.01043	0.01207	0.00713	0.00823	0.00658	0.00439	0.00329	0.00110	0.00549	0.00274	0.00219	0.00658
34	0.00852	0.00600	0.00837	0.08213	0.03574	0.00603	0.00691	0.02599	0.02887	0.05886	0.04822	0.48578	0.02818	0.01324	0.00631	0.00202	0.00386	0.13537	0.00459	0.00499
35	0.01120	0.00622	0.00819	0.00720	0.00911	0.00568	0.00557	0.01380	0.03248	0.20693	0.58214	0.03283	0.03901	0.00941	0.00582	0.00161	0.00293	0.00820	0.00581	0.00586
36	0.02011	0.01340	0.01479	0.01134	0.01543	0.01446	0.00937	0.64150	0.02249	0.16370	0.01369	0.01321	0.00941	0.00619	0.00514	0.00155	0.00542	0.00471	0.00534	0.00873
37	0.01853	0.11337	0.01620	0.01109	0.01512	0.01547	0.00930	0.55071	0.08484	0.09442	0.01308	0.01283	0.00939	0.00602	0.00492	0.00151	0.00538	0.00453	0.00488	0.00841
38	0.00643	0.00523	0.00570	0.00563	0.00722	0.00450	0.00425	0.00804	0.01242	0.01562	0.23912	0.04677	0.57698	0.01238	0.00609	0.00172	0.00261	0.02982	0.00499	0.00447
39	0.00626	0.00517	0.00549	0.00549	0.00707	0.00440	0.00409	0.00771	0.01203	0.01484	0.16237	0.08761	0.63421	0.01277	0.00609	0.00173	0.00259	0.01079	0.00490	0.00440
40	0.01331	0.01320	0.02631	0.02149	0.14091	0.01276	0.53635	0.06058	0.01278	0.06789	0.01091	0.01373	0.00818	0.00475	0.00614	0.00169	0.03314	0.00564	0.00297	0.00729
41	0.00969	0.00912	0.01539	0.80734	0.03534	0.01140	0.01425	0.01311	0.01026	0.01311	0.00912	0.01368	0.00684	0.00513	0.00513	0.00171	0.00684	0.00456	0.00228	0.00570
42	0.01270	0.01219	0.02083	0.03149	0.78767	0.01219	0.01575	0.01575	0.01168	0.01676	0.00965	0.01270	0.00813	0.00457	0.00508	0.00152	0.00610	0.00457	0.00254	0.00813
43	0.00625	0.00447	0.00595	0.00714	0.00744	0.00417	0.00476	0.00714	0.00982	0.01310	0.02828	0.81633	0.03394	0.01608	0.00655	0.00208	0.00298	0.01459	0.00476	0.00417
44	0.00969	0.00912	0.01539	0.80734	0.03534	0.01140	0.01425	0.01311	0.01026	0.01311	0.00912	0.01368	0.00684	0.00513	0.00513	0.00171	0.00684	0.00456	0.00228	0.00570
45	0.01270	0.01219	0.02083	0.03149	0.78767	0.01219	0.01575	0.01575	0.01168	0.01676	0.00965	0.01270	0.00813	0.00457	0.00508	0.00152	0.00610	0.00457	0.00254	0.00813
46	0.00606	0.00520	0.00520	0.00520	0.00693	0.00433	0.00390	0.00736	0.01170	0.01386	0.05198	0.04938	0.78558	0.01299	0.00606	0.00173	0.00260	0.01083	0.00476	0.00433
47	0.01270	0.01219	0.02083	0.03149	0.78767	0.01219	0.01575	0.01575	0.01168	0.01676	0.00965	0.01270	0.00813	0.00457	0.00508	0.00152	0.00610	0.00457	0.00254	0.00813
48	0.01040	0.05170	0.76888	0.01444	0.02192	0.01218	0.01864	0.01622	0.01082	0.01612	0.00914	0.01075	0.00650	0.00486	0.00482	0.00161	0.00752	0.00376	0.00217	0.00755
49	0.01250	0.01199	0.02047	0.08217	0.73853	0.01214	0.01565	0.01557	0.01159	0.01652	0.00962	0.01276	0.00804	0.00461	0.00508	0.00154	0.00614	0.00457	0.00252	0.00797
50	0.01183	0.45926	0.28788	0.01053	0.01567	0.01572	0.01184	0.01504	0.01102	0.01444	0.09347	0.01244	0.01116	0.00523	0.00414	0.00134	0.00587	0.00382	0.00257	0.00674
51	0.12120	0.01306	0.01357	0.01087	0.01459	0.01465	0.00886	0.50861	0.19343	0.02872	0.01362	0.01338	0.00991	0.00617	0.00491	0.00159	0.00508	0.00466	0.00491	0.00820

[dist]
# distance from previous block
# <min> <max>
2	3

[block]
# block no. 3 follows, 48 sequences, length 6
# corresponding to MSA columns:
# 286-291
name=unknown_D
#
# <colnr> <probs for GDERKNQSTAVLIFYWHMCP>
#	G	D	E	R	K	N	Q	S	T	A	V	L	I	F	Y	W	H	M	C	P
0	0.01108	0.00986	0.01539	0.69481	0.03259	0.01204	0.01361	0.12025	0.01222	0.01583	0.00957	0.01349	0.00711	0.00528	0.00513	0.00169	0.00667	0.00457	0.00268	0.00613
1	0.01301	0.09404	0.01552	0.09147	0.01549	0.01377	0.01010	0.01622	0.10248	0.11504	0.01063	0.01289	0.00864	0.00720	0.01051	0.00183	0.39308	0.00447	0.00319	0.06043
2	0.09558	0.00662	0.00853	0.11172	0.01246	0.00708	0.00711	0.01147	0.07106	0.01598	0.13923	0.15349	0.04320	0.01159	0.00758	0.10442	0.00415	0.17977	0.00414	0.00482
3	0.01233	0.09536	0.02090	0.02322	0.43750	0.01304	0.10443	0.01506	0.01100	0.01566	0.00905	0.01198	0.00769	0.00502	0.00641	0.00152	0.11067	0.00440	0.00252	0.09221
4	0.35944	0.12460	0.01178	0.00878	0.03598	0.01189	0.00714	0.13778	0.01235	0.02069	0.01632	0.02043	0.11061	0.00714	0.00442	0.00162	0.00444	0.09479	0.00373	0.00605
5	0.09623	0.00745	0.00937	0.15505	0.01342	0.00843	0.00699	0.03491	0.03742	0.01377	0.01651	0.02284	0.11158	0.21117	0.01354	0.12263	0.08573	0.00591	0.00311	0.02394

[dist]
# distance from previous block
# <min> <max>
19	42

[block]
# block no. 4 follows, 48 sequences, length 62
# corresponding to MSA columns:
# 335-396
name=unknown_E
#
# <colnr> <probs for GDERKNQSTAVLIFYWHMCP>
#	G	D	E	R	K	N	Q	S	T	A	V	L	I	F	Y	W	H	M	C	P
0	0.04360	0.20674	0.40519	0.01178	0.01764	0.01356	0.01349	0.09178	0.01213	0.03250	0.02374	0.01092	0.00772	0.00492	0.00440	0.00141	0.00626	0.00365	0.00274	0.08585
1	0.08620	0.34941	0.24234	0.01138	0.03131	0.01484	0.05487	0.03101	0.01102	0.03246	0.03121	0.01072	0.00804	0.00478	0.00412	0.00135	0.00593	0.00357	0.00261	0.06285
2	0.09447	0.31290	0.18773	0.01053	0.01505	0.04447	0.02519	0.04356	0.14091	0.01663	0.02294	0.01199	0.00904	0.02170	0.00464	0.00148	0.00567	0.00385	0.00301	0.02423
3	0.00838	0.04100	0.02515	0.03051	0.00918	0.00659	0.00555	0.06721	0.01155	0.01560	0.19218	0.23727	0.07327	0.20334	0.03392	0.00270	0.00416	0.00923	0.00427	0.01893
4	0.00748	0.00609	0.00692	0.00672	0.00835	0.02114	0.00495	0.00930	0.02810	0.01529	0.16506	0.24373	0.26736	0.02674	0.02496	0.00189	0.00335	0.02524	0.00457	0.12277
5	0.05296	0.35234	0.07221	0.01162	0.07979	0.05888	0.00966	0.01878	0.16300	0.08804	0.01171	0.01228	0.00925	0.00637	0.03143	0.00162	0.00572	0.00393	0.00330	0.00714
6	0.01086	0.02256	0.58347	0.04186	0.20784	0.01197	0.01804	0.01604	0.01102	0.01628	0.00931	0.01137	0.00690	0.00481	0.00493	0.00160	0.00720	0.00400	0.00226	0.00766
7	0.00657	0.00522	0.00589	0.00572	0.00724	0.00454	0.00429	0.00833	0.01288	0.01667	0.35852	0.04476	0.47729	0.01195	0.00606	0.00168	0.00252	0.01018	0.00513	0.00454
8	0.00723	0.00524	0.00682	0.00643	0.00765	0.00483	0.00482	0.00963	0.01446	0.02042	0.76763	0.03859	0.06584	0.01055	0.00605	0.00162	0.00242	0.00932	0.00563	0.00483
9	0.00969	0.00912	0.01539	0.80734	0.03534	0.01140	0.01425	0.01311	0.01026	0.01311	0.00912	0.01368	0.00684	0.00513	0.00513	0.00171	0.00684	0.00456	0.00228	0.00570
10	0.01234	0.01158	0.05275	0.01121	0.03846	0.01229	0.00887	0.02534	0.67092	0.02067	0.02071	0.02049	0.02935	0.00715	0.00528	0.00175	0.00431	0.03369	0.00495	0.00790
11	0.01270	0.01219	0.02083	0.03149	0.78767	0.01219	0.01575	0.01575	0.01168	0.01676	0.00965	0.01270	0.00813	0.00457	0.00508	0.00152	0.00610	0.00457	0.00254	0.00813
12	0.00840	0.00639	0.00853	0.00818	0.00944	0.00709	0.00632	0.06310	0.04992	0.01528	0.13467	0.06564	0.05529	0.04077	0.47577	0.00564	0.02408	0.00677	0.00368	0.00505
13	0.00746	0.00497	0.00560	0.00560	0.00560	0.00497	0.00311	0.00746	0.00746	0.00995	0.01617	0.03358	0.01865	0.81967	0.02612	0.00497	0.00497	0.00746	0.00311	0.00311
14	0.01226	0.44445	0.37583	0.01153	0.01734	0.03156	0.01344	0.01587	0.01069	0.01399	0.00809	0.00944	0.00655	0.00463	0.00404	0.00134	0.00652	0.00323	0.00219	0.00703
15	0.00827	0.00591	0.00827	0.00945	0.01063	0.00591	0.00827	0.01063	0.01181	0.01536	0.02717	0.05788	0.02953	0.01417	0.00709	0.00236	0.00472	0.75313	0.00472	0.00472
16	0.01109	0.00910	0.01091	0.04444	0.01326	0.00708	0.00651	0.01341	0.01078	0.04734	0.00956	0.01105	0.00777	0.00396	0.00392	0.00084	0.00396	0.00319	0.00314	0.77869
17	0.01064	0.00912	0.01064	0.00760	0.01216	0.00684	0.00608	0.01292	0.01064	0.01672	0.00912	0.01064	0.00760	0.00380	0.00380	0.00076	0.00380	0.00304	0.00304	0.85104
18	0.00634	0.00457	0.00602	0.00716	0.00756	0.00426	0.00488	0.00732	0.01000	0.01324	0.02934	0.74535	0.06911	0.01584	0.00655	0.00208	0.00304	0.04837	0.00476	0.00420
19	0.08192	0.01141	0.01254	0.01224	0.08507	0.01295	0.00880	0.10630	0.56262	0.02234	0.01779	0.01693	0.01339	0.00647	0.00503	0.00169	0.00441	0.00531	0.00480	0.00798
20	0.00757	0.00581	0.00804	0.00718	0.00874	0.00528	0.04082	0.00999	0.01401	0.01975	0.66443	0.05102	0.07874	0.01011	0.00596	0.00159	0.00280	0.00901	0.00533	0.04382
21	0.01562	0.09906	0.14631	0.01113	0.01511	0.13128	0.01022	0.18700	0.08118	0.12386	0.01323	0.05018	0.01047	0.02299	0.04265	0.00189	0.00640	0.00479	0.00392	0.02272
22	0.01045	0.06368	0.75735	0.01435	0.02179	0.01231	0.01848	0.01621	0.01081	0.01605	0.00911	0.01071	0.00650	0.00485	0.00480	0.00160	0.00749	0.00374	0.00217	0.00754
23	0.02302	0.00873	0.01191	0.00913	0.01310	0.00754	0.00754	0.02501	0.01469	0.79122	0.02024	0.01746	0.01270	0.00635	0.00516	0.00159	0.00437	0.00516	0.00635	0.00873
24	0.00699	0.00548	0.00699	0.02064	0.04405	0.00505	0.00552	0.00867	0.01184	0.01547	0.20739	0.24532	0.29222	0.01284	0.00624	0.00185	0.00312	0.09087	0.00482	0.00464
25	0.01085	0.13813	0.65462	0.01408	0.02112	0.01314	0.04761	0.01613	0.01083	0.01567	0.00896	0.01059	0.00656	0.00478	0.00470	0.00155	0.00733	0.00373	0.00219	0.00742
26	0.01198	0.01432	0.06550	0.02092	0.02598	0.01305	0.69838	0.01624	0.01185	0.01624	0.01016	0.01358	0.00768	0.00457	0.00650	0.00175	0.04600	0.00588	0.00256	0.00689
27	0.00655	0.00468	0.00629	0.00748	0.00791	0.00442	0.00528	0.00765	0.01011	0.01343	0.02812	0.70537	0.03329	0.01580	0.00663	0.00212	0.00323	0.12263	0.00476	0.00425
28	0.01076	0.07037	0.53012	0.01353	0.04411	0.01115	0.04428	0.01555	0.01165	0.05286	0.13281	0.01552	0.01355	0.00577	0.00503	0.00159	0.00648	0.00477	0.00294	0.00713
29	0.01753	0.02187	0.01372	0.03981	0.01571	0.68931	0.00959	0.01891	0.01394	0.01268	0.01007	0.07921	0.00938	0.00637	0.00485	0.00142	0.00855	0.01845	0.00285	0.00576
30	0.00712	0.00518	0.00669	0.00644	0.00761	0.00476	0.00478	0.00935	0.01400	0.01961	0.68438	0.10047	0.08823	0.01107	0.00609	0.00166	0.00247	0.00979	0.00553	0.00476
31	0.16573	0.59330	0.02205	0.00861	0.01268	0.01783	0.00821	0.04098	0.01076	0.05521	0.00798	0.00892	0.00679	0.00470	0.00366	0.00125	0.01911	0.00297	0.00269	0.00657
32	0.01123	0.01123	0.01572	0.01347	0.01347	0.01572	0.01123	0.01235	0.00786	0.01235	0.00674	0.01123	0.00674	0.00898	0.01684	0.00225	0.81028	0.00449	0.00225	0.00561
33	0.01432	0.73575	0.02557	0.00922	0.01346	0.08202	0.00890	0.03783	0.01115	0.01270	0.00735	0.00843	0.00665	0.00451	0.00345	0.00113	0.00579	0.00284	0.00232	0.00660
34	0.00746	0.00497	0.00560	0.00560	0.00560	0.00497	0.00311	0.00746	0.00746	0.00995	0.01617	0.03358	0.01865	0.81967	0.02612	0.00497	0.00497	0.00746	0.00311	0.00311
35	0.00734	0.00548	0.00814	0.00814	0.00902	0.00636	0.00628	0.00909	0.00822	0.01183	0.01384	0.02069	0.01306	0.06954	0.76859	0.00812	0.01340	0.00558	0.00276	0.00452
36	0.49743	0.00925	0.00913	0.00760	0.01100	0.00969	0.00625	0.01882	0.01113	0.32225	0.01263	0.01233	0.00865	0.00543	0.00397	0.00157	0.00406	0.00379	0.03825	0.00676
37	0.00746	0.00497	0.00560	0.00560	0.00560	0.00497	0.00311	0.00746	0.00746	0.00995	0.01617	0.03358	0.01865	0.81967	0.02612	0.00497	0.00497	0.00746	0.00311	0.00311
38	0.00990	0.00952	0.01666	0.74028	0.03461	0.01153	0.07868	0.01339	0.01042	0.01339	0.00923	0.01369	0.00692	0.00506	0.00521	0.00171	0.00699	0.00469	0.00231	0.00580
39	0.01873	0.08785	0.01552	0.01287	0.01565	0.73723	0.00982	0.02008	0.01421	0.01252	0.00787	0.00917	0.00661	0.00522	0.00452	0.00130	0.00895	0.00326	0.00261	0.00600
40	0.01110	0.07925	0.63103	0.01438	0.05651	0.01198	0.01692	0.01627	0.01119	0.05234	0.04527	0.01231	0.00880	0.00515	0.00484	0.00158	0.00698	0.00407	0.00254	0.00747
41	0.01115	0.05509	0.65644	0.01545	0.06687	0.01212	0.04773	0.01654	0.01107	0.04716	0.00964	0.01123	0.00690	0.00488	0.00488	0.00160	0.00733	0.00394	0.00237	0.00760
42	0.01370	0.01149	0.01213	0.01063	0.01370	0.01320	0.00835	0.13110	0.67302	0.02298	0.01969	0.01819	0.01469	0.00685	0.00521	0.00171	0.00428	0.00564	0.00521	0.00821
43	0.85592	0.00992	0.00754	0.00675	0.00992	0.01151	0.00556	0.01508	0.00873	0.02302	0.00714	0.00834	0.00556	0.00476	0.00318	0.00159	0.00397	0.00278	0.00318	0.00556
44	0.01036	0.02603	0.76254	0.01491	0.02239	0.01196	0.04899	0.01626	0.01088	0.01626	0.00926	0.01095	0.00655	0.00485	0.00492	0.00163	0.00763	0.00388	0.00218	0.00756
45	0.00645	0.00524	0.00573	0.00568	0.00726	0.00452	0.00431	0.00807	0.01240	0.01559	0.23337	0.04697	0.57241	0.01242	0.00610	0.00173	0.00264	0.03967	0.00498	0.00447
46	0.01917	0.02445	0.01454	0.01322	0.01586	0.79907	0.00991	0.02049	0.01454	0.01256	0.00793	0.00925	0.00661	0.00529	0.00463	0.00132	0.00925	0.00330	0.00264	0.00595
47	0.00611	0.00520	0.00526	0.00525	0.00696	0.00435	0.00394	0.00746	0.01181	0.01413	0.08084	0.04895	0.75656	0.01290	0.00606	0.00173	0.00259	0.01077	0.00480	0.00435
48	0.00661	0.00481	0.00623	0.00674	0.00749	0.00443	0.00473	0.00809	0.01169	0.01590	0.30777	0.47243	0.09648	0.01379	0.00633	0.00188	0.00274	0.01235	0.00509	0.00443
49	0.00733	0.00550	0.00825	0.00825	0.00916	0.00641	0.00641	0.00916	0.00825	0.01191	0.01374	0.02016	0.01283	0.03848	0.79934	0.00825	0.01374	0.00550	0.00275	0.00458
50	0.01212	0.01160	0.01978	0.18152	0.64218	0.01204	0.01546	0.01524	0.01141	0.01606	0.00955	0.01289	0.00788	0.00468	0.00509	0.00156	0.00624	0.00457	0.00249	0.00766
51	0.00969	0.00912	0.01539	0.80734	0.03534	0.01140	0.01425	0.01311	0.01026	0.01311	0.00912	0.01368	0.00684	0.00513	0.00513	0.00171	0.00684	0.00456	0.00228	0.00570
52	0.01254	0.01197	0.02011	0.07298	0.71089	0.01217	0.01531	0.01613	0.04686	0.01678	0.01014	0.01305	0.00840	0.00471	0.00509	0.00154	0.00604	0.00463	0.00265	0.00799
53	0.01393	0.07927	0.41593	0.01239	0.01780	0.01182	0.01388	0.03456	0.03809	0.20318	0.02703	0.01313	0.00920	0.00579	0.00598	0.00164	0.08108	0.00430	0.00342	0.00759
54	0.85592	0.00992	0.00754	0.00675	0.00992	0.01151	0.00556	0.01508	0.00873	0.02302	0.00714	0.00834	0.00556	0.00476	0.00318	0.00159	0.00397	0.00278	0.00318	0.00556
55	0.85592	0.00992	0.00754	0.00675	0.00992	0.01151	0.00556	0.01508	0.00873	0.02302	0.00714	0.00834	0.00556	0.00476	0.00318	0.00159	0.00397	0.00278	0.00318	0.00556
56	0.00735	0.00543	0.00791	0.00791	0.00871	0.00623	0.00600	0.00895	0.00815	0.01166	0.01405	0.02185	0.01356	0.13705	0.70177	0.00783	0.01264	0.00575	0.00279	0.00440
57	0.85592	0.00992	0.00754	0.00675	0.00992	0.01151	0.00556	0.01508	0.00873	0.02302	0.00714	0.00834	0.00556	0.00476	0.00318	0.00159	0.00397	0.00278	0.00318	0.00556
58	0.00640	0.00470	0.00603	0.00691	0.00754	0.00433	0.00481	0.00755	0.01058	0.01393	0.09388	0.60442	0.14496	0.01508	0.00646	0.00201	0.00296	0.04836	0.00483	0.00427
59	0.00606	0.00520	0.00520	0.00520	0.00693	0.00433	0.00390	0.00736	0.01170	0.01386	0.05198	0.04938	0.78558	0.01299	0.00606	0.00173	0.00260	0.01083	0.00476	0.00433
60	0.00634	0.00519	0.00540	0.00535	0.00699	0.00441	0.00401	0.00782	0.01203	0.01492	0.14658	0.04690	0.66279	0.01243	0.00598	0.00170	0.00257	0.01042	0.03375	0.00441
61	0.01094	0.00930	0.01080	0.00774	0.01229	0.00715	0.00621	0.03885	0.01110	0.01725	0.00923	0.01070	0.00764	0.00388	0.00385	0.00079	0.00386	0.00309	0.00311	0.82221

[dist]
# distance from previous block
# <min> <max>
0	36

# created by:
# /st0/software/busco_prod/Augustus/scripts/msa2prfl.pl ./align_prep/182370.fa
