[name]
unknown

[dist]
# distance from previous block
# <min> <max>
8	73

[block]
# block no. 0 follows, 48 sequences, length 8
# corresponding to MSA columns:
# 78-85
name=unknown_A
#
# <colnr> <probs for GDERKNQSTAVLIFYWHMCP>
#	G	D	E	R	K	N	Q	S	T	A	V	L	I	F	Y	W	H	M	C	P
0	0.00900	0.00572	0.00820	0.09690	0.01092	0.00606	0.00627	0.04463	0.00895	0.01185	0.01432	0.07365	0.04001	0.05004	0.06914	0.45160	0.00531	0.08089	0.00295	0.00358
1	0.13236	0.04527	0.01351	0.03434	0.09963	0.31382	0.02787	0.05156	0.01227	0.04446	0.01013	0.01420	0.00900	0.13928	0.00804	0.00200	0.00675	0.00426	0.00302	0.02824
2	0.10377	0.00842	0.01033	0.00862	0.01105	0.00827	0.05843	0.10680	0.04337	0.05168	0.01475	0.13190	0.01449	0.19810	0.01048	0.03799	0.00461	0.00637	0.00375	0.16684
3	0.04201	0.00988	0.06383	0.06387	0.01317	0.00890	0.00764	0.13767	0.01221	0.05437	0.01490	0.09924	0.04140	0.16284	0.00948	0.00213	0.04236	0.00593	0.00365	0.20454
4	0.08189	0.06052	0.03837	0.03147	0.01266	0.03297	0.04149	0.07593	0.01112	0.01641	0.01353	0.15499	0.01353	0.05021	0.00761	0.02046	0.09532	0.03405	0.03505	0.17242
5	0.10297	0.06918	0.01557	0.14123	0.07140	0.06514	0.08774	0.11887	0.01256	0.05199	0.01266	0.06075	0.03819	0.04428	0.00666	0.00177	0.05746	0.00524	0.00332	0.03305
6	0.14314	0.05012	0.01557	0.15455	0.13291	0.08899	0.08633	0.08929	0.01183	0.01697	0.01050	0.04299	0.00932	0.09246	0.00744	0.00196	0.03156	0.00490	0.00298	0.00619
7	0.04335	0.06838	0.08118	0.24333	0.02128	0.05086	0.07785	0.08531	0.03300	0.01628	0.01176	0.05854	0.03189	0.00616	0.00587	0.00160	0.06949	0.00502	0.00298	0.08588

[dist]
# distance from previous block
# <min> <max>
7	32

[block]
# block no. 1 follows, 48 sequences, length 6
# corresponding to MSA columns:
# 118-123
name=unknown_B
#
# <colnr> <probs for GDERKNQSTAVLIFYWHMCP>
#	G	D	E	R	K	N	Q	S	T	A	V	L	I	F	Y	W	H	M	C	P
0	0.04243	0.19333	0.01659	0.01088	0.04263	0.01459	0.00894	0.39350	0.01774	0.07910	0.01448	0.01603	0.05613	0.00640	0.00477	0.00147	0.00520	0.04028	0.00431	0.03119
1	0.05697	0.07109	0.07291	0.01125	0.04269	0.10855	0.00935	0.33071	0.01720	0.07816	0.03727	0.01662	0.09348	0.00658	0.00492	0.00151	0.00557	0.00502	0.02285	0.00731
2	0.09112	0.04880	0.03316	0.02864	0.05054	0.04208	0.00870	0.30913	0.03160	0.07855	0.09628	0.06517	0.05408	0.00731	0.00545	0.00160	0.03046	0.00576	0.00447	0.00709
3	0.10298	0.09552	0.03562	0.05656	0.01281	0.01014	0.00758	0.10329	0.01300	0.12241	0.16034	0.05402	0.05110	0.04077	0.00636	0.00168	0.04569	0.00584	0.00419	0.07010
4	0.21808	0.13724	0.21932	0.05802	0.01600	0.05307	0.01073	0.09613	0.01216	0.01902	0.07748	0.01252	0.01031	0.00541	0.00432	0.00149	0.00563	0.00396	0.00311	0.03603
5	0.06001	0.01214	0.08235	0.04348	0.01516	0.05077	0.06168	0.15055	0.08257	0.20298	0.09275	0.01794	0.01439	0.06471	0.00663	0.00183	0.00531	0.00536	0.00450	0.02488

[dist]
# distance from previous block
# <min> <max>
0	1

[block]
# block no. 2 follows, 48 sequences, length 37
# corresponding to MSA columns:
# 125-161
name=unknown_C
#
# <colnr> <probs for GDERKNQSTAVLIFYWHMCP>
#	G	D	E	R	K	N	Q	S	T	A	V	L	I	F	Y	W	H	M	C	P
0	0.40272	0.07557	0.01145	0.08654	0.01383	0.01172	0.00736	0.08761	0.05698	0.05751	0.03235	0.01148	0.00853	0.00515	0.00394	0.00146	0.00449	0.00364	0.00352	0.11414
1	0.46654	0.02340	0.06590	0.04096	0.04310	0.03405	0.00771	0.06830	0.01063	0.08355	0.00946	0.01159	0.00745	0.04245	0.00600	0.06109	0.00483	0.00366	0.00334	0.00598
2	0.15790	0.01007	0.04638	0.08571	0.06317	0.00970	0.00841	0.11458	0.03449	0.15091	0.01165	0.01370	0.00892	0.02910	0.00754	0.13444	0.00491	0.00426	0.00370	0.10046
3	0.43926	0.01047	0.04513	0.00899	0.03141	0.01024	0.03708	0.06895	0.01090	0.06668	0.01094	0.08826	0.00947	0.00589	0.00410	0.00151	0.00439	0.00446	0.00355	0.13832
4	0.04419	0.00583	0.00767	0.02376	0.00872	0.00631	0.00553	0.00944	0.00866	0.04888	0.01726	0.10940	0.05542	0.22145	0.26037	0.09115	0.04574	0.02270	0.00330	0.00423
5	0.01097	0.15423	0.09781	0.44600	0.02735	0.03302	0.08047	0.01416	0.01045	0.01342	0.00875	0.01226	0.00687	0.00531	0.00566	0.01635	0.04428	0.00426	0.00229	0.00610
6	0.00739	0.00496	0.00569	0.00576	0.00580	0.00497	0.00330	0.00749	0.00762	0.01018	0.01677	0.07663	0.01933	0.75211	0.04776	0.00491	0.00512	0.00780	0.00319	0.00321
7	0.01047	0.00894	0.01046	0.00758	0.01198	0.00674	0.00603	0.01269	0.01061	0.01658	0.00987	0.04211	0.00863	0.00428	0.00391	0.00081	0.00377	0.00349	0.00311	0.81796
8	0.00660	0.00471	0.00597	0.00671	0.00715	0.00443	0.00447	0.00754	0.01002	0.01337	0.10499	0.53189	0.07910	0.16328	0.01008	0.00255	0.00329	0.02523	0.00455	0.00406
9	0.01246	0.01197	0.02035	0.08730	0.68122	0.01218	0.03687	0.01601	0.04084	0.01667	0.01006	0.01305	0.00831	0.00470	0.00512	0.00155	0.00615	0.00466	0.00262	0.00791
10	0.01310	0.01314	0.02762	0.01979	0.02483	0.01218	0.66121	0.01711	0.01229	0.09137	0.01128	0.01405	0.00825	0.00450	0.00587	0.00167	0.00802	0.00583	0.00298	0.04492
11	0.07002	0.00868	0.01153	0.00896	0.01278	0.00773	0.00739	0.02387	0.01412	0.71960	0.01926	0.01704	0.01230	0.00740	0.03334	0.00182	0.00468	0.00504	0.00604	0.00840
12	0.00986	0.00618	0.00796	0.00758	0.00918	0.00588	0.00587	0.03259	0.04997	0.12094	0.38940	0.16190	0.05881	0.01109	0.00608	0.00179	0.00322	0.10080	0.00542	0.00548
13	0.01196	0.01030	0.01085	0.00982	0.01256	0.01173	0.00762	0.02485	0.68292	0.02070	0.04508	0.02261	0.09118	0.00764	0.00533	0.00174	0.00387	0.00638	0.00519	0.00766
14	0.02256	0.00948	0.01237	0.00948	0.01347	0.00865	0.00783	0.12363	0.01593	0.69083	0.01919	0.01678	0.01218	0.00633	0.00516	0.00158	0.00454	0.00509	0.00619	0.00873
15	0.30434	0.01000	0.01097	0.00873	0.01246	0.01017	0.00721	0.13595	0.01412	0.41491	0.01460	0.01359	0.00967	0.00578	0.00448	0.00158	0.00443	0.00427	0.00509	0.00766
16	0.06569	0.01207	0.01296	0.01021	0.01376	0.01313	0.00836	0.52697	0.04037	0.09051	0.04402	0.01453	0.01115	0.00627	0.00488	0.00151	0.00489	0.00479	0.10602	0.00790
17	0.00625	0.00447	0.00595	0.00714	0.00744	0.00417	0.00476	0.00714	0.00982	0.01310	0.02828	0.81633	0.03394	0.01608	0.00655	0.00208	0.00298	0.01459	0.00476	0.00417
18	0.01766	0.00918	0.01126	0.00931	0.01260	0.00912	0.00746	0.02417	0.28770	0.43337	0.10249	0.02030	0.01759	0.00701	0.00528	0.00165	0.00405	0.00583	0.00587	0.00810
19	0.00681	0.00486	0.00612	0.00691	0.00726	0.00471	0.00452	0.00808	0.03985	0.01291	0.04517	0.58670	0.03013	0.19785	0.01092	0.00271	0.00346	0.01248	0.00443	0.00410
20	0.01402	0.01058	0.01155	0.01012	0.01311	0.01183	0.00794	0.06234	0.60521	0.11537	0.06401	0.01970	0.01683	0.00705	0.00526	0.00170	0.00408	0.00586	0.00538	0.00804
21	0.85592	0.00992	0.00754	0.00675	0.00992	0.01151	0.00556	0.01508	0.00873	0.02302	0.00714	0.00834	0.00556	0.00476	0.00318	0.00159	0.00397	0.00278	0.00318	0.00556
22	0.01372	0.82276	0.02689	0.00878	0.01317	0.02030	0.00878	0.01536	0.01043	0.01207	0.00713	0.00823	0.00658	0.00439	0.00329	0.00110	0.00549	0.00274	0.00219	0.00658
23	0.03828	0.01082	0.01151	0.01023	0.01322	0.01233	0.00800	0.02674	0.69838	0.07939	0.02043	0.01870	0.01514	0.00685	0.00516	0.00172	0.00408	0.00566	0.00525	0.00809
24	0.00720	0.00536	0.00585	0.00580	0.00749	0.00458	0.00437	0.00862	0.01193	0.05873	0.10204	0.11021	0.60304	0.01272	0.00608	0.00176	0.00278	0.03191	0.00492	0.00462
25	0.02302	0.00873	0.01191	0.00913	0.01310	0.00754	0.00754	0.02501	0.01469	0.79122	0.02024	0.01746	0.01270	0.00635	0.00516	0.00159	0.00437	0.00516	0.00635	0.00873
26	0.01211	0.01384	0.03028	0.02163	0.02682	0.01298	0.76903	0.01644	0.01211	0.01644	0.01038	0.01384	0.00779	0.00433	0.00606	0.00173	0.00865	0.00606	0.00260	0.00692
27	0.00718	0.00491	0.00635	0.00672	0.00738	0.00460	0.00461	0.00849	0.01120	0.03364	0.28622	0.41232	0.03611	0.13486	0.00929	0.00235	0.00312	0.01147	0.00486	0.00435
28	0.01204	0.01013	0.01408	0.39639	0.02375	0.01205	0.01128	0.21055	0.01397	0.01868	0.08570	0.01675	0.02475	0.03547	0.00721	0.00183	0.09043	0.00523	0.00342	0.00628
29	0.10797	0.23295	0.10433	0.06422	0.01716	0.03815	0.09413	0.09411	0.05604	0.08221	0.01027	0.01153	0.00787	0.00531	0.00517	0.00152	0.05288	0.00404	0.00319	0.00697
30	0.00973	0.00917	0.01540	0.78754	0.03479	0.01151	0.01417	0.01309	0.01020	0.01309	0.00906	0.01362	0.00684	0.00523	0.00542	0.00172	0.02688	0.00456	0.00228	0.00570
31	0.00784	0.00479	0.00649	0.00659	0.00705	0.00474	0.00455	0.00727	0.00812	0.01065	0.01948	0.08623	0.15129	0.09109	0.13093	0.43445	0.00541	0.00680	0.00303	0.00318
32	0.03454	0.00841	0.01156	0.15346	0.16904	0.03023	0.00902	0.02626	0.05666	0.02975	0.16156	0.14910	0.10349	0.02706	0.00602	0.00177	0.00452	0.00775	0.00396	0.00583
33	0.03238	0.13975	0.01939	0.11279	0.33091	0.10569	0.05553	0.03656	0.03141	0.03430	0.04634	0.01316	0.00970	0.00511	0.00482	0.00148	0.00628	0.00445	0.00286	0.00709
34	0.05395	0.01170	0.01333	0.23744	0.03518	0.13792	0.03503	0.08038	0.03565	0.07111	0.01420	0.07015	0.05236	0.00773	0.02739	0.00184	0.06665	0.00546	0.03638	0.00612
35	0.01199	0.04940	0.06394	0.22197	0.34152	0.03424	0.03232	0.01544	0.03974	0.04680	0.01186	0.01480	0.03601	0.02718	0.00558	0.00165	0.00613	0.00476	0.00280	0.03185
36	0.04733	0.12923	0.06350	0.13630	0.05238	0.04622	0.02234	0.06892	0.02179	0.18769	0.04380	0.08046	0.01224	0.00656	0.00535	0.00157	0.03714	0.00528	0.00382	0.02806

[dist]
# distance from previous block
# <min> <max>
1	20

[block]
# block no. 3 follows, 48 sequences, length 52
# corresponding to MSA columns:
# 182-233
name=unknown_D
#
# <colnr> <probs for GDERKNQSTAVLIFYWHMCP>
#	G	D	E	R	K	N	Q	S	T	A	V	L	I	F	Y	W	H	M	C	P
0	0.08242	0.42451	0.15503	0.01017	0.02807	0.03699	0.01014	0.01639	0.01116	0.10494	0.05164	0.01159	0.00952	0.00520	0.00429	0.00135	0.02316	0.00365	0.00296	0.00682
1	0.02520	0.09966	0.12453	0.00851	0.01123	0.00824	0.00783	0.01243	0.05562	0.05776	0.10158	0.19438	0.14679	0.02902	0.00604	0.00181	0.00419	0.07689	0.00419	0.02410
2	0.04467	0.02103	0.03275	0.00853	0.04138	0.04944	0.00639	0.01059	0.02584	0.03363	0.11709	0.20623	0.21452	0.02695	0.00684	0.03404	0.00390	0.10686	0.00438	0.00492
3	0.12175	0.07022	0.05448	0.00975	0.01308	0.01072	0.05962	0.13839	0.08618	0.04301	0.01139	0.01427	0.00937	0.02994	0.00779	0.14813	0.00499	0.02126	0.00348	0.14220
4	0.01594	0.12648	0.01411	0.05110	0.01406	0.09209	0.00826	0.17110	0.09172	0.18543	0.06272	0.01843	0.05729	0.02934	0.00590	0.02131	0.00519	0.01800	0.00446	0.00706
5	0.00822	0.00732	0.03700	0.00766	0.00899	0.03969	0.00582	0.02765	0.05313	0.02916	0.09036	0.36566	0.19688	0.06034	0.00765	0.00205	0.03228	0.01076	0.00452	0.00486
6	0.00671	0.00465	0.00585	0.00658	0.00691	0.00442	0.00427	0.00736	0.00935	0.01249	0.04340	0.52253	0.06678	0.21924	0.01184	0.02952	0.00349	0.01198	0.01875	0.00387
7	0.01380	0.04149	0.01198	0.01007	0.02899	0.01094	0.00777	0.38509	0.01668	0.02236	0.01620	0.19524	0.01569	0.01035	0.00748	0.11651	0.00476	0.05360	0.02463	0.00639
8	0.01465	0.25279	0.23061	0.01264	0.01736	0.21792	0.05360	0.09572	0.01306	0.01569	0.00861	0.01001	0.00686	0.00504	0.00473	0.00141	0.02616	0.00359	0.00263	0.00691
9	0.01123	0.01123	0.01572	0.01347	0.01347	0.01572	0.01123	0.01235	0.00786	0.01235	0.00674	0.01123	0.00674	0.00898	0.01684	0.00225	0.81028	0.00449	0.00225	0.00561
10	0.01401	0.77978	0.02622	0.00902	0.01331	0.06223	0.00884	0.01564	0.01065	0.01210	0.00718	0.00829	0.00659	0.00444	0.00336	0.00111	0.00569	0.00277	0.00222	0.00655
11	0.00891	0.00446	0.00668	0.00668	0.00668	0.00446	0.00446	0.00668	0.00668	0.00891	0.00891	0.01560	0.00891	0.01783	0.02005	0.85071	0.00446	0.00446	0.00223	0.00223
12	0.00673	0.00510	0.00713	0.00751	0.00830	0.00473	0.03733	0.00808	0.01086	0.01455	0.15696	0.55468	0.09429	0.03197	0.00685	0.00203	0.00318	0.03054	0.00478	0.00440
13	0.00969	0.00912	0.01539	0.80734	0.03534	0.01140	0.01425	0.01311	0.01026	0.01311	0.00912	0.01368	0.00684	0.00513	0.00513	0.00171	0.00684	0.00456	0.00228	0.00570
14	0.08097	0.00999	0.01232	0.00952	0.01346	0.00956	0.00786	0.17904	0.01623	0.57960	0.01768	0.01575	0.01137	0.00620	0.00501	0.00158	0.00460	0.00488	0.00587	0.00851
15	0.00793	0.00498	0.00649	0.00711	0.00792	0.00455	0.00493	0.00900	0.01059	0.08912	0.05632	0.62641	0.09996	0.03027	0.00673	0.00204	0.00310	0.01300	0.00492	0.00463
16	0.00969	0.00912	0.01539	0.80734	0.03534	0.01140	0.01425	0.01311	0.01026	0.01311	0.00912	0.01368	0.00684	0.00513	0.00513	0.00171	0.00684	0.00456	0.00228	0.00570
17	0.00816	0.00587	0.00811	0.00923	0.01044	0.00583	0.00805	0.01046	0.01181	0.01528	0.02843	0.05745	0.06810	0.01411	0.00703	0.00233	0.00462	0.71526	0.00473	0.00470
18	0.06512	0.00970	0.01167	0.00940	0.01296	0.00962	0.00763	0.10375	0.17933	0.45968	0.04913	0.01812	0.02690	0.00665	0.00511	0.00162	0.00431	0.00537	0.00575	0.00820
19	0.01935	0.01429	0.01531	0.01177	0.01585	0.01584	0.00971	0.75303	0.04191	0.03208	0.01252	0.01248	0.00889	0.00618	0.00514	0.00154	0.00561	0.00465	0.00514	0.00871
20	0.00733	0.00550	0.00825	0.00825	0.00916	0.00641	0.00641	0.00916	0.00825	0.01191	0.01374	0.02016	0.01283	0.03848	0.79934	0.00825	0.01374	0.00550	0.00275	0.00458
21	0.85592	0.00992	0.00754	0.00675	0.00992	0.01151	0.00556	0.01508	0.00873	0.02302	0.00714	0.00834	0.00556	0.00476	0.00318	0.00159	0.00397	0.00278	0.00318	0.00556
22	0.00739	0.00494	0.00562	0.00569	0.00571	0.00493	0.00321	0.00744	0.00760	0.01013	0.01688	0.07971	0.01956	0.77231	0.02496	0.00480	0.00486	0.00788	0.00321	0.00317
23	0.00629	0.00450	0.00592	0.00705	0.00737	0.00420	0.00469	0.00716	0.00979	0.01302	0.02845	0.77384	0.05091	0.04133	0.00715	0.00217	0.00303	0.01427	0.00471	0.00414
24	0.00664	0.00458	0.00582	0.00671	0.00707	0.00433	0.00443	0.00745	0.00957	0.01295	0.02662	0.61646	0.06225	0.12740	0.00934	0.01777	0.00323	0.01271	0.05064	0.00403
25	0.00733	0.00550	0.00825	0.00825	0.00916	0.00641	0.00641	0.00916	0.00825	0.01191	0.01374	0.02016	0.01283	0.03848	0.79934	0.00825	0.01374	0.00550	0.00275	0.00458
26	0.85592	0.00992	0.00754	0.00675	0.00992	0.01151	0.00556	0.01508	0.00873	0.02302	0.00714	0.00834	0.00556	0.00476	0.00318	0.00159	0.00397	0.00278	0.00318	0.00556
27	0.01064	0.00912	0.01064	0.00760	0.01216	0.00684	0.00608	0.01292	0.01064	0.01672	0.00912	0.01064	0.00760	0.00380	0.00380	0.00076	0.00380	0.00304	0.00304	0.85104
28	0.77321	0.00939	0.00739	0.00679	0.00968	0.01080	0.00548	0.01431	0.00884	0.02206	0.00920	0.08699	0.00832	0.00586	0.00350	0.00164	0.00387	0.00393	0.00333	0.00542
29	0.01866	0.01395	0.01493	0.01164	0.01559	0.01552	0.00955	0.67782	0.11823	0.03098	0.01339	0.01317	0.00959	0.00626	0.00514	0.00156	0.00545	0.00477	0.00514	0.00865
30	0.00818	0.00682	0.01095	0.00989	0.01108	0.00784	0.08166	0.01007	0.00854	0.01227	0.01290	0.01953	0.01212	0.08111	0.59942	0.00684	0.08766	0.00558	0.00271	0.00482
31	0.01933	0.00819	0.01096	0.00878	0.01213	0.00731	0.00720	0.05058	0.01487	0.58484	0.15365	0.02311	0.01969	0.00749	0.00542	0.00163	0.00410	0.04679	0.00609	0.00783
32	0.00891	0.00446	0.00668	0.00668	0.00668	0.00446	0.00446	0.00668	0.00668	0.00891	0.00891	0.01560	0.00891	0.01783	0.02005	0.85071	0.00446	0.00446	0.00223	0.00223
33	0.00733	0.00550	0.00825	0.00825	0.00916	0.00641	0.00641	0.00916	0.00825	0.01191	0.01374	0.02016	0.01283	0.03848	0.79934	0.00825	0.01374	0.00550	0.00275	0.00458
34	0.01315	0.01535	0.08872	0.02018	0.07079	0.05268	0.54345	0.09746	0.01339	0.01795	0.01033	0.01314	0.00774	0.00463	0.00573	0.00167	0.00812	0.00549	0.00283	0.00719
35	0.00783	0.00562	0.00723	0.00721	0.00797	0.00611	0.00514	0.01001	0.06525	0.01286	0.04905	0.07792	0.01783	0.28084	0.36063	0.00561	0.00836	0.00687	0.05329	0.00437
36	0.00625	0.00447	0.00595	0.00714	0.00744	0.00417	0.00476	0.00714	0.00982	0.01310	0.02828	0.81633	0.03394	0.01608	0.00655	0.00208	0.00298	0.01459	0.00476	0.00417
37	0.01361	0.79836	0.05037	0.00896	0.01345	0.02005	0.00909	0.01539	0.01044	0.01220	0.00720	0.00831	0.00658	0.00440	0.00334	0.00111	0.00555	0.00278	0.00219	0.00662
38	0.01095	0.01082	0.01804	0.22441	0.09942	0.01315	0.13690	0.01328	0.00954	0.01353	0.00849	0.01281	0.00729	0.00774	0.02805	0.03422	0.33826	0.00480	0.00235	0.00595
39	0.01226	0.00721	0.00805	0.00707	0.00899	0.00749	0.00548	0.15900	0.03026	0.08787	0.05702	0.01991	0.01460	0.07255	0.06990	0.00219	0.00434	0.00531	0.41466	0.00582
40	0.00735	0.00524	0.00715	0.00829	0.00904	0.00511	0.00654	0.00898	0.01078	0.01416	0.02724	0.38961	0.03105	0.04552	0.00757	0.00234	0.00397	0.40097	0.00468	0.00442
41	0.01112	0.00910	0.01069	0.00766	0.01220	0.00687	0.00614	0.01339	0.01080	0.04688	0.00955	0.01091	0.00780	0.00390	0.00385	0.00079	0.00382	0.00312	0.00317	0.81824
42	0.02893	0.01118	0.01859	0.02523	0.55466	0.01121	0.04852	0.01591	0.01205	0.09099	0.08599	0.01556	0.01236	0.00550	0.00569	0.00158	0.04008	0.00512	0.00321	0.00765
43	0.01188	0.01218	0.02252	0.01915	0.15681	0.01126	0.39744	0.01604	0.05580	0.01686	0.01054	0.01313	0.00825	0.00439	0.00526	0.00145	0.00670	0.00501	0.00285	0.22250
44	0.01470	0.01351	0.01259	0.01105	0.01409	0.13021	0.00863	0.13472	0.55468	0.02173	0.01771	0.01668	0.01330	0.00660	0.00512	0.00165	0.00506	0.00526	0.00482	0.00789
45	0.01124	0.00632	0.00810	0.00742	0.00911	0.00590	0.00554	0.01362	0.05441	0.19841	0.28896	0.15286	0.03010	0.12964	0.00883	0.00220	0.00354	0.03673	0.00519	0.02187
46	0.04277	0.01285	0.16433	0.06581	0.07488	0.01020	0.13997	0.01653	0.12469	0.06953	0.11095	0.03561	0.04052	0.00701	0.00549	0.00172	0.00565	0.06093	0.00379	0.00676
47	0.01882	0.02343	0.01440	0.01303	0.01572	0.73426	0.00981	0.04070	0.05764	0.01358	0.00877	0.00989	0.00717	0.00540	0.00467	0.00135	0.00887	0.00348	0.00285	0.00614
48	0.00643	0.00471	0.00587	0.00660	0.00719	0.00433	0.00446	0.00744	0.01033	0.01358	0.09795	0.53977	0.16257	0.09350	0.00833	0.00226	0.00306	0.01278	0.00468	0.00415
49	0.01136	0.00832	0.00978	0.00907	0.01107	0.00867	0.00724	0.26858	0.01586	0.02117	0.11966	0.22338	0.06982	0.01137	0.00610	0.00188	0.00420	0.18154	0.00499	0.00595
50	0.00889	0.00620	0.00758	0.00779	0.00919	0.00610	0.00587	0.01240	0.13252	0.07455	0.09210	0.34679	0.14164	0.01272	0.00620	0.00194	0.00339	0.11381	0.00502	0.00530
51	0.01270	0.01219	0.02083	0.03149	0.78767	0.01219	0.01575	0.01575	0.01168	0.01676	0.00965	0.01270	0.00813	0.00457	0.00508	0.00152	0.00610	0.00457	0.00254	0.00813

[dist]
# distance from previous block
# <min> <max>
1	4

[block]
# block no. 4 follows, 48 sequences, length 58
# corresponding to MSA columns:
# 238-295
name=unknown_E
#
# <colnr> <probs for GDERKNQSTAVLIFYWHMCP>
#	G	D	E	R	K	N	Q	S	T	A	V	L	I	F	Y	W	H	M	C	P
0	0.00691	0.00525	0.00637	0.00677	0.00774	0.00496	0.00479	0.00912	0.06380	0.01535	0.19458	0.41352	0.19369	0.03415	0.00675	0.00196	0.00290	0.01187	0.00494	0.00459
1	0.00732	0.00474	0.00633	0.00727	0.00780	0.00438	0.00494	0.00829	0.01013	0.06286	0.02777	0.76524	0.03258	0.01545	0.00646	0.00205	0.00307	0.01398	0.00486	0.00446
2	0.01917	0.02445	0.01454	0.01322	0.01586	0.79907	0.00991	0.02049	0.01454	0.01256	0.00793	0.00925	0.00661	0.00529	0.00463	0.00132	0.00925	0.00330	0.00264	0.00595
3	0.01211	0.01384	0.03028	0.02163	0.02682	0.01298	0.76903	0.01644	0.01211	0.01644	0.01038	0.01384	0.00779	0.00433	0.00606	0.00173	0.00865	0.00606	0.00260	0.00692
4	0.00630	0.00517	0.00555	0.00553	0.00709	0.00442	0.00412	0.00779	0.01213	0.01508	0.18780	0.08537	0.61050	0.01268	0.00609	0.00173	0.00258	0.01073	0.00493	0.00442
5	0.00738	0.00531	0.00664	0.00627	0.00764	0.00480	0.00472	0.00957	0.01397	0.03675	0.62189	0.04005	0.19413	0.01089	0.00603	0.00164	0.00250	0.00949	0.00549	0.00483
6	0.00625	0.00447	0.00595	0.00714	0.00744	0.00417	0.00476	0.00714	0.00982	0.01310	0.02828	0.81633	0.03394	0.01608	0.00655	0.00208	0.00298	0.01459	0.00476	0.00417
7	0.81458	0.00970	0.00751	0.00673	0.00981	0.01119	0.00552	0.01482	0.00901	0.02290	0.04503	0.00980	0.00764	0.00504	0.00332	0.00159	0.00389	0.00310	0.00330	0.00552
8	0.01064	0.00912	0.01064	0.00760	0.01216	0.00684	0.00608	0.01292	0.01064	0.01672	0.00912	0.01064	0.00760	0.00380	0.00380	0.00076	0.00380	0.00304	0.00304	0.85104
9	0.01342	0.00810	0.00877	0.00746	0.00989	0.00834	0.00592	0.20835	0.05630	0.11322	0.02091	0.02119	0.11439	0.00705	0.00459	0.00143	0.00358	0.00564	0.37507	0.00638
10	0.00726	0.00524	0.00686	0.00646	0.00767	0.00484	0.00484	0.00968	0.01452	0.02058	0.78496	0.03833	0.04841	0.01049	0.00605	0.00161	0.00242	0.00928	0.00565	0.00484
11	0.00611	0.00520	0.00526	0.00524	0.00696	0.00435	0.00393	0.00745	0.01180	0.01410	0.07849	0.04898	0.75892	0.01290	0.00606	0.00173	0.00259	0.01077	0.00480	0.00435
12	0.13487	0.00893	0.01106	0.00884	0.01245	0.00840	0.00721	0.03679	0.06265	0.58466	0.01875	0.05587	0.01290	0.00665	0.00496	0.00162	0.00425	0.00533	0.00574	0.00803
13	0.00698	0.00519	0.00651	0.00628	0.00752	0.00471	0.00467	0.00911	0.01372	0.01890	0.60625	0.09004	0.17855	0.01129	0.00609	0.00166	0.00249	0.00989	0.00543	0.00471
14	0.00686	0.00522	0.00618	0.00594	0.00735	0.00465	0.00445	0.00886	0.01336	0.01800	0.48858	0.04206	0.32707	0.01133	0.00600	0.00165	0.00249	0.00976	0.02557	0.00465
15	0.00746	0.00497	0.00560	0.00560	0.00560	0.00497	0.00311	0.00746	0.00746	0.00995	0.01617	0.03358	0.01865	0.81967	0.02612	0.00497	0.00497	0.00746	0.00311	0.00311
16	0.02302	0.00873	0.01191	0.00913	0.01310	0.00754	0.00754	0.02501	0.01469	0.79122	0.02024	0.01746	0.01270	0.00635	0.00516	0.00159	0.00437	0.00516	0.00635	0.00873
17	0.00891	0.00446	0.00668	0.00668	0.00668	0.00446	0.00446	0.00668	0.00668	0.00891	0.00891	0.01560	0.00891	0.01783	0.02005	0.85071	0.00446	0.00446	0.00223	0.00223
18	0.01917	0.02445	0.01454	0.01322	0.01586	0.79907	0.00991	0.02049	0.01454	0.01256	0.00793	0.00925	0.00661	0.00529	0.00463	0.00132	0.00925	0.00330	0.00264	0.00595
19	0.01904	0.02188	0.01482	0.01401	0.06503	0.63891	0.01011	0.07378	0.01505	0.06756	0.00920	0.01025	0.00727	0.00538	0.00473	0.00137	0.00846	0.00361	0.00307	0.00648
20	0.00630	0.00460	0.00593	0.00688	0.00740	0.00423	0.00467	0.00734	0.01035	0.01370	0.08274	0.67764	0.11863	0.01535	0.00646	0.00201	0.00290	0.01380	0.00482	0.00423
21	0.00894	0.00447	0.00659	0.00659	0.00665	0.00447	0.00441	0.00694	0.00688	0.00941	0.00929	0.01577	0.00912	0.01725	0.01925	0.80933	0.00436	0.00447	0.04343	0.00235
22	0.00993	0.01031	0.06578	0.01352	0.03350	0.00916	0.26325	0.06204	0.06430	0.01634	0.01962	0.35272	0.03699	0.00981	0.00605	0.00186	0.00549	0.00947	0.00387	0.00597
23	0.70359	0.01149	0.00919	0.05197	0.01231	0.09424	0.02253	0.01557	0.00950	0.02124	0.00740	0.00884	0.00579	0.00483	0.00350	0.00157	0.00478	0.00300	0.00306	0.00563
24	0.01282	0.01278	0.02010	0.10630	0.60373	0.06605	0.05239	0.01612	0.03019	0.01621	0.00979	0.01277	0.00806	0.00472	0.00511	0.00154	0.00646	0.00459	0.00259	0.00768
25	0.00717	0.00475	0.00623	0.00709	0.00762	0.00440	0.00479	0.00812	0.01011	0.05175	0.04616	0.69331	0.05548	0.05761	0.00748	0.00219	0.00313	0.01350	0.00478	0.00436
26	0.01755	0.01409	0.06556	0.05179	0.01752	0.01426	0.06224	0.54558	0.03302	0.07559	0.01276	0.02619	0.00929	0.00678	0.02224	0.00173	0.00606	0.00490	0.00465	0.00821
27	0.06884	0.06556	0.50981	0.01549	0.02201	0.01261	0.20219	0.01617	0.01098	0.01653	0.00924	0.01126	0.00676	0.00471	0.00496	0.00162	0.00748	0.00422	0.00234	0.00723
28	0.00625	0.00447	0.00595	0.00714	0.00744	0.00417	0.00476	0.00714	0.00982	0.01310	0.02828	0.81633	0.03394	0.01608	0.00655	0.00208	0.00298	0.01459	0.00476	0.00417
29	0.07405	0.00931	0.01053	0.00764	0.01209	0.00742	0.00613	0.03245	0.01084	0.01759	0.00905	0.01051	0.00748	0.00393	0.00379	0.00084	0.00386	0.00306	0.00310	0.76630
30	0.04568	0.04627	0.10770	0.04172	0.01657	0.29807	0.01055	0.21495	0.06490	0.07547	0.01163	0.01220	0.02037	0.00572	0.00481	0.00148	0.00693	0.00413	0.00369	0.00718
31	0.01183	0.01122	0.01935	0.02720	0.61288	0.01114	0.06593	0.01476	0.01161	0.01637	0.01253	0.06840	0.01176	0.00619	0.00543	0.00165	0.00594	0.07544	0.00289	0.00747
32	0.00733	0.00550	0.00825	0.00825	0.00916	0.00641	0.00641	0.00916	0.00825	0.01191	0.01374	0.02016	0.01283	0.03848	0.79934	0.00825	0.01374	0.00550	0.00275	0.00458
33	0.01161	0.01248	0.02536	0.20982	0.10729	0.01251	0.49509	0.01580	0.02772	0.01578	0.01023	0.01380	0.00776	0.00460	0.00572	0.00170	0.00786	0.00554	0.00257	0.00678
34	0.01361	0.01437	0.01717	0.10268	0.40270	0.20708	0.01294	0.01688	0.06097	0.01524	0.01012	0.01284	0.00840	0.00736	0.05959	0.00198	0.02191	0.00440	0.00272	0.00705
35	0.01290	0.67447	0.02442	0.06086	0.05263	0.01823	0.00920	0.01468	0.01044	0.01244	0.00883	0.06414	0.00855	0.00525	0.00372	0.00123	0.00543	0.00376	0.00239	0.00644
36	0.02302	0.00873	0.01191	0.00913	0.01310	0.00754	0.00754	0.02501	0.01469	0.79122	0.02024	0.01746	0.01270	0.00635	0.00516	0.00159	0.00437	0.00516	0.00635	0.00873
37	0.00629	0.00453	0.00590	0.00697	0.00734	0.00421	0.00465	0.00717	0.00983	0.01301	0.02908	0.74100	0.07487	0.04969	0.00734	0.00219	0.00304	0.01408	0.00469	0.00413
38	0.01076	0.00948	0.01217	0.02257	0.02800	0.00741	0.05519	0.01320	0.01075	0.01664	0.00921	0.01093	0.00761	0.00387	0.00399	0.00085	0.00420	0.00329	0.00299	0.76689
39	0.01347	0.01086	0.01162	0.01035	0.01333	0.01240	0.00808	0.02711	0.72596	0.07431	0.02084	0.01903	0.01546	0.00692	0.00522	0.00173	0.00408	0.00576	0.00530	0.00816
40	0.00631	0.00449	0.00594	0.00707	0.00735	0.00421	0.00468	0.00716	0.00971	0.01294	0.02769	0.77820	0.03319	0.05522	0.00750	0.00222	0.00307	0.01424	0.00468	0.00412
41	0.00681	0.00489	0.00633	0.00720	0.00773	0.00464	0.00499	0.02394	0.01053	0.01404	0.08116	0.62011	0.06043	0.06110	0.00762	0.00221	0.00322	0.06403	0.00474	0.00430
42	0.00910	0.18448	0.01189	0.00787	0.00948	0.00947	0.00629	0.01123	0.05074	0.01223	0.01325	0.02019	0.01280	0.18677	0.40754	0.00551	0.00938	0.00529	0.02157	0.00492
43	0.85592	0.00992	0.00754	0.00675	0.00992	0.01151	0.00556	0.01508	0.00873	0.02302	0.00714	0.00834	0.00556	0.00476	0.00318	0.00159	0.00397	0.00278	0.00318	0.00556
44	0.00765	0.00490	0.00599	0.00602	0.00615	0.00489	0.00367	0.00752	0.00795	0.01072	0.06922	0.06522	0.01944	0.55269	0.05070	0.15869	0.00493	0.00729	0.00319	0.00317
45	0.01054	0.00999	0.01693	0.58713	0.24888	0.01162	0.01467	0.01386	0.01066	0.01415	0.00927	0.01340	0.00721	0.00497	0.00512	0.00166	0.00663	0.00456	0.00235	0.00639
46	0.00746	0.00497	0.00560	0.00560	0.00560	0.00497	0.00311	0.00746	0.00746	0.00995	0.01617	0.03358	0.01865	0.81967	0.02612	0.00497	0.00497	0.00746	0.00311	0.00311
47	0.00891	0.00446	0.00668	0.00668	0.00668	0.00446	0.00446	0.00668	0.00668	0.00891	0.00891	0.01560	0.00891	0.01783	0.02005	0.85071	0.00446	0.00446	0.00223	0.00223
48	0.00699	0.00589	0.00614	0.00596	0.00777	0.00538	0.00450	0.00996	0.10187	0.01552	0.13221	0.04457	0.61100	0.01200	0.00596	0.00172	0.00275	0.01006	0.00492	0.00483
49	0.01064	0.00912	0.01064	0.00760	0.01216	0.00684	0.00608	0.01292	0.01064	0.01672	0.00912	0.01064	0.00760	0.00380	0.00380	0.00076	0.00380	0.00304	0.00304	0.85104
50	0.00966	0.00578	0.00766	0.00690	0.00852	0.00529	0.00529	0.01200	0.01441	0.13763	0.65208	0.03476	0.04222	0.01046	0.02293	0.00175	0.00296	0.00857	0.00569	0.00543
51	0.01877	0.01401	0.01499	0.01166	0.01563	0.01557	0.00958	0.68988	0.10599	0.03116	0.01325	0.01306	0.00948	0.00625	0.00514	0.00156	0.00547	0.00475	0.00514	0.00866
52	0.00969	0.00581	0.00700	0.00644	0.00823	0.00511	0.00485	0.01132	0.01267	0.16075	0.25374	0.08522	0.33070	0.06646	0.00729	0.00191	0.00306	0.00932	0.00520	0.00521
53	0.00640	0.00464	0.00605	0.00696	0.00750	0.00429	0.00478	0.00753	0.01056	0.01408	0.11869	0.65142	0.09253	0.01515	0.00647	0.00201	0.00292	0.02889	0.00487	0.00427
54	0.01917	0.02445	0.01454	0.01322	0.01586	0.79907	0.00991	0.02049	0.01454	0.01256	0.00793	0.00925	0.00661	0.00529	0.00463	0.00132	0.00925	0.00330	0.00264	0.00595
55	0.00746	0.00497	0.00560	0.00560	0.00560	0.00497	0.00311	0.00746	0.00746	0.00995	0.01617	0.03358	0.01865	0.81967	0.02612	0.00497	0.00497	0.00746	0.00311	0.00311
56	0.23847	0.00656	0.00745	0.00703	0.00816	0.00711	0.00509	0.04729	0.02425	0.01415	0.00885	0.01355	0.00814	0.01349	0.01444	0.56129	0.00438	0.00404	0.00269	0.00357
57	0.00841	0.00554	0.00718	0.00694	0.00835	0.00508	0.00536	0.01056	0.01356	0.07906	0.49912	0.09589	0.12323	0.01128	0.00614	0.00175	0.00291	0.09917	0.00543	0.00503

[dist]
# distance from previous block
# <min> <max>
3	4

[block]
# block no. 5 follows, 48 sequences, length 16
# corresponding to MSA columns:
# 300-315
name=unknown_F
#
# <colnr> <probs for GDERKNQSTAVLIFYWHMCP>
#	G	D	E	R	K	N	Q	S	T	A	V	L	I	F	Y	W	H	M	C	P
0	0.04924	0.00886	0.01176	0.00910	0.01301	0.00787	0.00750	0.02478	0.04415	0.73679	0.01985	0.01724	0.01259	0.00632	0.00510	0.00159	0.00434	0.00511	0.00621	0.00861
1	0.00989	0.01481	0.26950	0.54832	0.03105	0.01157	0.01579	0.01414	0.01045	0.01414	0.00915	0.01275	0.00673	0.00505	0.00505	0.00168	0.00708	0.00431	0.00224	0.00632
2	0.00759	0.00546	0.00732	0.00743	0.00863	0.00519	0.00596	0.00999	0.01364	0.01887	0.53735	0.04472	0.04224	0.01169	0.00639	0.00186	0.00317	0.25233	0.00535	0.00480
3	0.06379	0.01064	0.01283	0.00988	0.01386	0.01048	0.00816	0.26811	0.01747	0.50460	0.01699	0.01532	0.01104	0.00621	0.00505	0.00157	0.00476	0.00486	0.00579	0.00857
4	0.28469	0.00659	0.00623	0.00597	0.00701	0.00711	0.00391	0.00995	0.00788	0.01422	0.01322	0.02533	0.01437	0.55341	0.01862	0.00387	0.00465	0.00593	0.00313	0.00391
5	0.00796	0.00577	0.00826	0.00906	0.01015	0.00607	0.00766	0.01015	0.01065	0.01423	0.02278	0.04555	0.02407	0.02212	0.26595	0.00428	0.00767	0.50884	0.00408	0.00468
6	0.01600	0.01099	0.01165	0.00933	0.01240	0.01198	0.00758	0.50273	0.01941	0.02767	0.01388	0.01472	0.01029	0.00610	0.00459	0.00142	0.00450	0.00468	0.30277	0.00733
7	0.01102	0.00843	0.01000	0.00874	0.01158	0.00801	0.00714	0.09293	0.10958	0.03462	0.07915	0.02872	0.01889	0.02987	0.00587	0.00164	0.00419	0.22058	0.02690	0.28215
8	0.27474	0.00979	0.01206	0.01490	0.26378	0.02497	0.00885	0.03025	0.01120	0.10527	0.01159	0.01318	0.00890	0.00517	0.00417	0.00148	0.00450	0.00410	0.18446	0.00665
9	0.01555	0.01053	0.01194	0.01000	0.01284	0.01118	0.00789	0.44160	0.01845	0.10699	0.01838	0.27557	0.01739	0.00942	0.00560	0.00172	0.00464	0.00793	0.00514	0.00724
10	0.00619	0.00520	0.00537	0.00533	0.00701	0.00438	0.00399	0.00760	0.01198	0.01455	0.12686	0.04825	0.71027	0.01274	0.00606	0.00172	0.00258	0.01067	0.00486	0.00438
11	0.00707	0.00481	0.00571	0.00610	0.00620	0.00471	0.00365	0.00736	0.00823	0.01098	0.02013	0.28934	0.02365	0.55710	0.01972	0.00403	0.00432	0.00979	0.00365	0.00345
12	0.00840	0.00480	0.00719	0.00719	0.00749	0.00510	0.00510	0.00749	0.00719	0.00989	0.01049	0.01709	0.01019	0.02458	0.27468	0.57544	0.00749	0.00480	0.00240	0.00300
13	0.02043	0.01932	0.01368	0.01188	0.01496	0.54044	0.00914	0.02196	0.01459	0.26698	0.01195	0.01194	0.00860	0.00563	0.00480	0.00141	0.00766	0.00391	0.00385	0.00686
14	0.00861	0.00527	0.00571	0.00557	0.00612	0.00533	0.00352	0.03838	0.00918	0.01381	0.01621	0.02804	0.01647	0.52241	0.01794	0.00361	0.00416	0.00648	0.27930	0.00387
15	0.01167	0.00821	0.00980	0.00863	0.01056	0.00906	0.00677	0.25808	0.01376	0.01939	0.01461	0.01873	0.03228	0.06323	0.32938	0.04522	0.00831	0.00531	0.12123	0.00577

[dist]
# distance from previous block
# <min> <max>
0	4

[block]
# block no. 6 follows, 48 sequences, length 7
# corresponding to MSA columns:
# 320-326
name=unknown_G
#
# <colnr> <probs for GDERKNQSTAVLIFYWHMCP>
#	G	D	E	R	K	N	Q	S	T	A	V	L	I	F	Y	W	H	M	C	P
0	0.00625	0.00447	0.00595	0.00714	0.00744	0.00417	0.00476	0.00714	0.00982	0.01310	0.02828	0.81633	0.03394	0.01608	0.00655	0.00208	0.00298	0.01459	0.00476	0.00417
1	0.01951	0.01437	0.01540	0.01181	0.01591	0.01591	0.00975	0.77056	0.02412	0.03234	0.01232	0.01232	0.00873	0.00616	0.00513	0.00154	0.00565	0.00462	0.00513	0.00873
2	0.01755	0.01333	0.01357	0.01108	0.01456	0.08003	0.00889	0.42057	0.19127	0.10342	0.01560	0.06067	0.01197	0.00686	0.00519	0.00160	0.00531	0.00541	0.00504	0.00809
3	0.01450	0.01091	0.01186	0.01035	0.01346	0.01225	0.00814	0.06906	0.63506	0.12350	0.02031	0.01854	0.01488	0.00684	0.00521	0.00171	0.00419	0.00565	0.00536	0.00824
4	0.00908	0.00653	0.00867	0.00932	0.01071	0.00662	0.00797	0.07730	0.01298	0.01710	0.07957	0.09363	0.02927	0.01331	0.00681	0.00222	0.00455	0.59448	0.00483	0.00506
5	0.06555	0.01351	0.01321	0.01069	0.01405	0.09310	0.00859	0.48176	0.07633	0.02669	0.08156	0.01636	0.03591	0.03242	0.00575	0.00166	0.00540	0.00515	0.00474	0.00756
6	0.01259	0.01166	0.01895	0.07098	0.59367	0.03751	0.03928	0.01541	0.01167	0.04810	0.01167	0.08365	0.01046	0.00571	0.00523	0.00159	0.00598	0.00548	0.00288	0.00755

[dist]
# distance from previous block
# <min> <max>
0	284

# created by:
# /st0/software/busco_prod/Augustus/scripts/msa2prfl.pl ./align_prep/182548.fa
