[name]
unknown

[dist]
# distance from previous block
# <min> <max>
0	22

[block]
# block no. 0 follows, 46 sequences, length 25
# corresponding to MSA columns:
# 22-46
name=unknown_A
#
# <colnr> <probs for GDERKNQSTAVLIFYWHMCP>
#	G	D	E	R	K	N	Q	S	T	A	V	L	I	F	Y	W	H	M	C	P
0	0.03990	0.04635	0.01086	0.00992	0.05505	0.00960	0.00704	0.18259	0.03026	0.01779	0.01678	0.07837	0.01728	0.31173	0.02904	0.00319	0.02071	0.10400	0.00396	0.00557
1	0.12812	0.01256	0.02776	0.07679	0.18929	0.10367	0.03791	0.03047	0.01275	0.21606	0.01217	0.01317	0.00886	0.00527	0.00482	0.00150	0.00581	0.00432	0.00381	0.10488
2	0.04641	0.06529	0.56177	0.01583	0.05274	0.01267	0.11767	0.01642	0.01128	0.01679	0.01058	0.01241	0.02651	0.00512	0.00507	0.00166	0.00750	0.00434	0.00242	0.00752
3	0.00756	0.00565	0.00841	0.00841	0.00932	0.00656	0.00650	0.00938	0.00847	0.01221	0.01424	0.02121	0.01341	0.06442	0.76875	0.00839	0.01387	0.00573	0.00284	0.00467
4	0.01214	0.01225	0.02137	0.25526	0.19403	0.02790	0.23535	0.03191	0.06468	0.01630	0.01061	0.01401	0.00829	0.00537	0.00646	0.00176	0.06729	0.00522	0.00278	0.00703
5	0.00644	0.00460	0.00613	0.00736	0.00767	0.00429	0.00491	0.00736	0.01012	0.01350	0.02914	0.81076	0.03497	0.01656	0.00675	0.00215	0.00307	0.01503	0.00491	0.00429
6	0.07031	0.01182	0.01510	0.44060	0.02673	0.04479	0.01220	0.24125	0.05060	0.02056	0.01077	0.01338	0.00796	0.00568	0.00513	0.00169	0.00644	0.00460	0.00346	0.00693
7	0.01144	0.00644	0.00644	0.00603	0.00763	0.03453	0.00460	0.05111	0.01232	0.06927	0.04973	0.03925	0.01512	0.00662	0.00410	0.00132	0.00304	0.00534	0.66024	0.00542
8	0.01133	0.02000	0.38851	0.01794	0.02415	0.01252	0.35775	0.01643	0.01187	0.01695	0.04600	0.01391	0.00933	0.00513	0.00590	0.00174	0.02536	0.00525	0.00260	0.00732
9	0.00643	0.00463	0.00611	0.00729	0.00765	0.00430	0.00488	0.00737	0.01019	0.01352	0.02999	0.78426	0.06091	0.01645	0.00673	0.00213	0.00305	0.01489	0.00491	0.00430
10	0.01058	0.00962	0.01481	0.46541	0.02641	0.01179	0.03743	0.01449	0.08383	0.02979	0.01290	0.01736	0.04282	0.06282	0.00882	0.00209	0.13481	0.00537	0.00290	0.00596
11	0.74095	0.01006	0.00837	0.00728	0.01066	0.01131	0.00600	0.01691	0.00982	0.12542	0.00916	0.00984	0.00671	0.00513	0.00354	0.00164	0.00414	0.00319	0.00371	0.00616
12	0.01157	0.01157	0.01619	0.01388	0.01388	0.01619	0.01157	0.01272	0.00810	0.01272	0.00694	0.01157	0.00694	0.00925	0.01735	0.00231	0.80453	0.00463	0.00231	0.00578
13	0.01204	0.14913	0.61640	0.01375	0.02080	0.01332	0.01711	0.01721	0.01136	0.06785	0.00992	0.01120	0.00714	0.00505	0.00479	0.00159	0.00725	0.00383	0.00253	0.00773
14	0.04769	0.71145	0.07986	0.00968	0.01440	0.01978	0.02678	0.01591	0.01074	0.01330	0.00758	0.00880	0.00676	0.00457	0.00357	0.00120	0.00581	0.00298	0.00231	0.00682
15	0.01413	0.81739	0.02770	0.00905	0.01357	0.02092	0.00905	0.01583	0.01074	0.01244	0.00735	0.00848	0.00678	0.00452	0.00339	0.00113	0.00565	0.00283	0.00226	0.00678
16	0.00930	0.00581	0.00765	0.00696	0.00852	0.00530	0.00530	0.01174	0.01498	0.10662	0.69370	0.03709	0.04577	0.01033	0.00613	0.00166	0.00272	0.00909	0.00590	0.00544
17	0.00998	0.00940	0.01586	0.80150	0.03641	0.01175	0.01468	0.01351	0.01057	0.01351	0.00940	0.01409	0.00705	0.00529	0.00529	0.00176	0.00705	0.00470	0.00235	0.00587
18	0.78132	0.01015	0.00844	0.07326	0.01241	0.01185	0.00647	0.01537	0.00913	0.02287	0.00753	0.00905	0.00584	0.00494	0.00344	0.00165	0.00434	0.00302	0.00319	0.00574
19	0.00631	0.00525	0.00551	0.00567	0.00723	0.00445	0.00416	0.00762	0.01185	0.01435	0.06836	0.15620	0.65736	0.01376	0.00632	0.00183	0.00273	0.01166	0.00493	0.00445
20	0.01067	0.00581	0.00590	0.00561	0.00710	0.00597	0.00428	0.06513	0.03496	0.02073	0.01706	0.01922	0.01331	0.00620	0.00386	0.00127	0.00275	0.00495	0.75990	0.00531
21	0.00699	0.00538	0.00639	0.00613	0.00760	0.00478	0.00460	0.00902	0.01380	0.01844	0.48976	0.04402	0.34029	0.01184	0.00624	0.00171	0.00257	0.01020	0.00546	0.00478
22	0.01046	0.00564	0.00578	0.00551	0.00695	0.00573	0.00419	0.06456	0.01222	0.02072	0.05036	0.02009	0.01483	0.00638	0.00392	0.00128	0.00270	0.00512	0.74836	0.00521
23	0.55988	0.14101	0.02593	0.00839	0.01172	0.02843	0.00726	0.03944	0.04813	0.02103	0.00826	0.00953	0.00664	0.00532	0.00450	0.00160	0.06033	0.00322	0.00318	0.00618
24	0.04406	0.47513	0.05618	0.01144	0.04226	0.21670	0.01001	0.06310	0.01270	0.01459	0.00807	0.00929	0.00694	0.00491	0.00399	0.00127	0.00672	0.00321	0.00261	0.00682

[dist]
# distance from previous block
# <min> <max>
1	1

[block]
# block no. 1 follows, 46 sequences, length 17
# corresponding to MSA columns:
# 49-65
name=unknown_B
#
# <colnr> <probs for GDERKNQSTAVLIFYWHMCP>
#	G	D	E	R	K	N	Q	S	T	A	V	L	I	F	Y	W	H	M	C	P
0	0.52477	0.02983	0.00992	0.00835	0.01144	0.07425	0.00676	0.05892	0.06566	0.06246	0.07568	0.01290	0.01097	0.00587	0.00433	0.00163	0.02218	0.00398	0.00384	0.00626
1	0.00648	0.00533	0.00549	0.00547	0.00702	0.00457	0.00397	0.00772	0.01169	0.01417	0.08742	0.04836	0.65107	0.10765	0.00868	0.00217	0.00296	0.01066	0.00476	0.00434
2	0.07023	0.00907	0.01202	0.00927	0.01331	0.00800	0.00766	0.02519	0.01479	0.74213	0.02010	0.01747	0.01267	0.00645	0.00520	0.00164	0.00448	0.00518	0.00636	0.00881
3	0.01355	0.01155	0.01218	0.01084	0.01390	0.01334	0.00846	0.07042	0.72870	0.02276	0.02101	0.01932	0.01573	0.00712	0.00537	0.00178	0.00428	0.00591	0.00537	0.00840
4	0.07343	0.01410	0.01509	0.01163	0.01579	0.01549	0.00961	0.66318	0.02315	0.08635	0.01293	0.01281	0.00907	0.00627	0.00516	0.00159	0.00561	0.00468	0.00525	0.00878
5	0.02010	0.01481	0.01587	0.01216	0.01639	0.01639	0.01005	0.76360	0.02486	0.03332	0.01269	0.01269	0.00899	0.00635	0.00529	0.00159	0.00582	0.00476	0.00529	0.00899
6	0.00995	0.00920	0.01550	0.76964	0.03523	0.01146	0.01428	0.01324	0.01042	0.01333	0.00939	0.01417	0.00713	0.00581	0.00590	0.03563	0.00695	0.00469	0.00235	0.00573
7	0.01413	0.81739	0.02770	0.00905	0.01357	0.02092	0.00905	0.01583	0.01074	0.01244	0.00735	0.00848	0.00678	0.00452	0.00339	0.00113	0.00565	0.00283	0.00226	0.00678
8	0.09865	0.01028	0.01643	0.52404	0.22204	0.01196	0.01414	0.01441	0.01078	0.01553	0.00932	0.01326	0.00724	0.00510	0.00506	0.00170	0.00654	0.00451	0.00251	0.00649
9	0.01397	0.01149	0.01221	0.01080	0.01391	0.01316	0.00845	0.07496	0.69693	0.05013	0.02093	0.01921	0.01557	0.00710	0.00537	0.00177	0.00430	0.00588	0.00542	0.00843
10	0.00719	0.00539	0.00667	0.00635	0.00772	0.00487	0.00476	0.00942	0.01428	0.01958	0.60912	0.04215	0.22021	0.01141	0.00624	0.00169	0.00254	0.00993	0.00561	0.00487
11	0.01028	0.00970	0.01639	0.72866	0.10696	0.01182	0.01483	0.01376	0.01071	0.01386	0.00945	0.01400	0.00717	0.00523	0.00528	0.00174	0.00697	0.00470	0.00237	0.00611
12	0.00740	0.00509	0.00615	0.00629	0.00664	0.00493	0.00396	0.00817	0.00989	0.01348	0.19986	0.18671	0.02956	0.46843	0.01808	0.00372	0.00410	0.00956	0.00416	0.00384
13	0.00918	0.00459	0.00689	0.00689	0.00689	0.00459	0.00459	0.00689	0.00689	0.00918	0.00918	0.01607	0.00918	0.01837	0.02066	0.84619	0.00459	0.00459	0.00230	0.00230
14	0.01830	0.01476	0.01421	0.01159	0.01524	0.13360	0.00928	0.38364	0.18695	0.09459	0.03227	0.01481	0.01152	0.00645	0.00522	0.00158	0.00578	0.00494	0.00498	0.03029
15	0.00998	0.00971	0.06761	0.08154	0.01547	0.00835	0.09885	0.08617	0.01235	0.01712	0.05255	0.33134	0.02052	0.00977	0.00577	0.00172	0.00486	0.00889	0.00398	0.15344
16	0.01538	0.48014	0.02300	0.01218	0.06914	0.13936	0.01006	0.09965	0.01284	0.01521	0.00822	0.00970	0.00716	0.00528	0.00512	0.00135	0.07315	0.00342	0.00270	0.00696

[dist]
# distance from previous block
# <min> <max>
5	9

[block]
# block no. 2 follows, 46 sequences, length 47
# corresponding to MSA columns:
# 75-121
name=unknown_C
#
# <colnr> <probs for GDERKNQSTAVLIFYWHMCP>
#	G	D	E	R	K	N	Q	S	T	A	V	L	I	F	Y	W	H	M	C	P
0	0.01129	0.01014	0.08496	0.00949	0.01206	0.00888	0.00795	0.18501	0.07588	0.03253	0.04289	0.35925	0.02227	0.01081	0.00582	0.00181	0.00432	0.02202	0.03277	0.05986
1	0.01932	0.05598	0.03105	0.01287	0.06623	0.03388	0.01010	0.50961	0.02081	0.13880	0.01313	0.01319	0.00931	0.00628	0.00540	0.01551	0.00573	0.00466	0.00493	0.02324
2	0.01253	0.01183	0.01963	0.07586	0.64200	0.01204	0.01495	0.01632	0.05499	0.01758	0.06131	0.01526	0.01147	0.00529	0.00531	0.00160	0.00596	0.00510	0.00297	0.00800
3	0.00876	0.00736	0.00788	0.00756	0.00965	0.00745	0.00587	0.01468	0.25799	0.01749	0.09894	0.04060	0.41343	0.01127	0.00605	0.00183	0.00333	0.06893	0.00513	0.00580
4	0.00776	0.00502	0.00675	0.00770	0.00834	0.00468	0.00541	0.00889	0.01063	0.06463	0.02849	0.69247	0.03312	0.01573	0.00670	0.00214	0.00332	0.07853	0.00501	0.00465
5	0.06521	0.00683	0.03617	0.05257	0.01087	0.00612	0.00646	0.01164	0.01167	0.12405	0.15764	0.43559	0.03000	0.01231	0.00608	0.00192	0.00363	0.01090	0.00495	0.00539
6	0.82110	0.01031	0.00827	0.00788	0.03822	0.01188	0.00611	0.01556	0.00911	0.02348	0.00745	0.00875	0.00582	0.00490	0.00334	0.00163	0.00417	0.00293	0.00325	0.00582
7	0.01157	0.01157	0.01619	0.01388	0.01388	0.01619	0.01157	0.01272	0.00810	0.01272	0.00694	0.01157	0.00694	0.00925	0.01735	0.00231	0.80453	0.00463	0.00231	0.00578
8	0.01567	0.01264	0.01365	0.01190	0.03712	0.01431	0.00921	0.29470	0.47844	0.02604	0.01798	0.01698	0.01332	0.00680	0.00534	0.00171	0.00484	0.00550	0.00527	0.00859
9	0.02008	0.01535	0.01582	0.01224	0.01639	0.05696	0.01006	0.72482	0.02434	0.03225	0.01246	0.01253	0.00888	0.00630	0.00526	0.00157	0.00601	0.00469	0.00515	0.00884
10	0.00769	0.00513	0.00577	0.00577	0.00577	0.00513	0.00320	0.00769	0.00769	0.01025	0.01666	0.03460	0.01922	0.81421	0.02691	0.00513	0.00513	0.00769	0.00320	0.00320
11	0.00785	0.00549	0.00718	0.00671	0.00802	0.00505	0.00505	0.01033	0.01497	0.03853	0.76125	0.03900	0.04905	0.01071	0.00621	0.00166	0.00254	0.00946	0.00584	0.00508
12	0.82091	0.01005	0.00774	0.00694	0.01014	0.01161	0.00570	0.01534	0.00921	0.02363	0.03535	0.00971	0.00733	0.00512	0.00338	0.00164	0.00403	0.00311	0.00336	0.00570
13	0.01101	0.00925	0.01067	0.00782	0.01223	0.00725	0.00623	0.01403	0.05071	0.01762	0.01047	0.01191	0.00859	0.00421	0.00398	0.00086	0.00385	0.00338	0.05066	0.75527
14	0.00663	0.00477	0.00631	0.00727	0.00777	0.00444	0.00498	0.00783	0.01091	0.01468	0.13731	0.66350	0.05539	0.01561	0.00667	0.00208	0.00302	0.03139	0.00504	0.00441
15	0.02141	0.00877	0.01172	0.00918	0.01291	0.00779	0.00751	0.03786	0.04060	0.65637	0.10892	0.02045	0.01739	0.00706	0.00542	0.00164	0.00428	0.00582	0.00640	0.00851
16	0.00918	0.00459	0.00689	0.00689	0.00689	0.00459	0.00459	0.00689	0.00689	0.00918	0.00918	0.01607	0.00918	0.01837	0.02066	0.84619	0.00459	0.00459	0.00230	0.00230
17	0.00694	0.00537	0.00590	0.00589	0.00742	0.00464	0.00433	0.00841	0.01228	0.03344	0.17395	0.12183	0.53503	0.04217	0.00702	0.00192	0.00282	0.01100	0.00504	0.00460
18	0.01407	0.01112	0.03922	0.00917	0.01379	0.00930	0.00768	0.16708	0.02774	0.09443	0.01139	0.01215	0.00868	0.00476	0.00439	0.00108	0.00450	0.00375	0.00391	0.55181
19	0.01094	0.00929	0.01081	0.00776	0.01237	0.00699	0.00620	0.01329	0.01097	0.01729	0.00959	0.01118	0.00797	0.00397	0.00391	0.00079	0.00388	0.00318	0.02385	0.82578
20	0.07561	0.06254	0.01523	0.01216	0.01557	0.35858	0.00963	0.27988	0.08417	0.02155	0.01082	0.01141	0.00831	0.00582	0.00483	0.00148	0.00719	0.00403	0.00386	0.00733
21	0.02860	0.28697	0.45763	0.01250	0.01885	0.01502	0.01486	0.04090	0.01148	0.02778	0.00902	0.01037	0.00692	0.00488	0.00443	0.00146	0.00678	0.00355	0.00246	0.03554
22	0.01124	0.11234	0.40078	0.18226	0.03722	0.01302	0.06653	0.04260	0.01141	0.01584	0.00980	0.01300	0.00764	0.04729	0.00613	0.00181	0.00723	0.00435	0.00246	0.00705
23	0.00753	0.00527	0.00660	0.00687	0.00715	0.00543	0.00451	0.00817	0.00856	0.01157	0.01922	0.18743	0.02183	0.47645	0.14101	0.00486	0.01979	0.05040	0.00356	0.00379
24	0.01117	0.00952	0.01108	0.00793	0.01262	0.00726	0.00635	0.03060	0.01128	0.01760	0.00947	0.01100	0.00786	0.00397	0.00395	0.00080	0.00396	0.00317	0.00318	0.82723
25	0.05536	0.05327	0.54375	0.06627	0.02205	0.01212	0.06874	0.01665	0.01127	0.05996	0.01066	0.03790	0.00805	0.00544	0.00504	0.00168	0.00722	0.00447	0.00266	0.00744
26	0.85155	0.01022	0.00777	0.00695	0.01022	0.01186	0.00573	0.01554	0.00900	0.02372	0.00736	0.00859	0.00573	0.00491	0.00327	0.00164	0.00409	0.00286	0.00327	0.00573
27	0.58273	0.00992	0.01001	0.18291	0.01634	0.01143	0.00791	0.01611	0.00996	0.09750	0.00916	0.01075	0.00675	0.00515	0.00392	0.00166	0.00478	0.00351	0.00339	0.00608
28	0.00643	0.00508	0.00579	0.00621	0.00740	0.00445	0.00443	0.00771	0.01159	0.01459	0.10754	0.33105	0.44036	0.01434	0.00643	0.00191	0.00281	0.01245	0.00499	0.00445
29	0.00852	0.00564	0.00737	0.00680	0.00825	0.00516	0.00515	0.01096	0.01492	0.07084	0.71463	0.03832	0.06201	0.01058	0.00618	0.00166	0.00263	0.00932	0.00585	0.00524
30	0.02010	0.01481	0.01587	0.01216	0.01639	0.01639	0.01005	0.76360	0.02486	0.03332	0.01269	0.01269	0.00899	0.00635	0.00529	0.00159	0.00582	0.00476	0.00529	0.00899
31	0.79689	0.01014	0.00807	0.00711	0.01044	0.01159	0.00586	0.01622	0.00940	0.07398	0.00825	0.00921	0.00621	0.00502	0.00341	0.00164	0.00412	0.00302	0.00349	0.00594
32	0.78182	0.01061	0.00845	0.00739	0.01074	0.01224	0.00609	0.07828	0.01033	0.02452	0.00781	0.00893	0.00600	0.00503	0.00344	0.00163	0.00423	0.00302	0.00344	0.00600
33	0.00845	0.00603	0.00844	0.00965	0.01084	0.00602	0.00839	0.01083	0.01210	0.01574	0.02803	0.08589	0.03058	0.01467	0.00728	0.00242	0.00481	0.72011	0.00487	0.00485
34	0.01413	0.81739	0.02770	0.00905	0.01357	0.02092	0.00905	0.01583	0.01074	0.01244	0.00735	0.00848	0.00678	0.00452	0.00339	0.00113	0.00565	0.00283	0.00226	0.00678
35	0.01315	0.01140	0.01230	0.01155	0.04161	0.01313	0.00865	0.02766	0.74411	0.02194	0.02110	0.01948	0.01586	0.00708	0.00537	0.00178	0.00426	0.00593	0.00528	0.00837
36	0.00863	0.00719	0.00843	0.04997	0.01081	0.06416	0.02042	0.03403	0.01111	0.01421	0.02422	0.46764	0.02773	0.09529	0.00861	0.00239	0.00446	0.13160	0.00440	0.00470
37	0.00734	0.00540	0.00687	0.00650	0.00781	0.00493	0.00488	0.00971	0.01464	0.02042	0.69669	0.04077	0.13212	0.01110	0.00624	0.00168	0.00251	0.00974	0.00572	0.00493
38	0.00696	0.00496	0.00624	0.00698	0.00745	0.00470	0.00473	0.00792	0.01016	0.01347	0.07730	0.45666	0.08623	0.20789	0.01158	0.00283	0.00364	0.07161	0.00455	0.00414
39	0.00854	0.00593	0.00759	0.00738	0.00865	0.00567	0.00549	0.05952	0.01422	0.04204	0.47937	0.24746	0.04146	0.01207	0.00632	0.00181	0.00300	0.03278	0.00553	0.00518
40	0.00953	0.00492	0.00717	0.00705	0.00719	0.00497	0.00476	0.03089	0.00746	0.00995	0.00929	0.01596	0.00918	0.01798	0.02017	0.81940	0.00463	0.00460	0.00239	0.00251
41	0.01567	0.54786	0.02377	0.01163	0.05766	0.22428	0.00978	0.03112	0.01220	0.01323	0.00781	0.00910	0.00692	0.00481	0.00389	0.00123	0.00672	0.00312	0.00246	0.00674
42	0.00665	0.00480	0.00633	0.00738	0.00790	0.00448	0.00513	0.00781	0.01069	0.01422	0.07984	0.66420	0.07545	0.01587	0.00673	0.00212	0.00314	0.06792	0.00496	0.00439
43	0.01393	0.05695	0.01705	0.18082	0.16145	0.04945	0.06063	0.10522	0.01352	0.10156	0.05415	0.01741	0.04772	0.00656	0.00639	0.00169	0.07517	0.01966	0.00360	0.00706
44	0.01497	0.01461	0.01484	0.02935	0.08528	0.16691	0.04909	0.09036	0.43278	0.02043	0.01625	0.01609	0.01236	0.00636	0.00528	0.00167	0.00588	0.00524	0.00440	0.00787
45	0.67630	0.01010	0.00870	0.00755	0.01093	0.01130	0.00619	0.01783	0.05297	0.14128	0.01025	0.01067	0.00745	0.00529	0.00371	0.00164	0.00416	0.00342	0.00390	0.00638
46	0.01147	0.09063	0.59019	0.01493	0.02185	0.01312	0.09038	0.05547	0.01194	0.01719	0.01008	0.03108	0.00765	0.00528	0.00506	0.00165	0.00752	0.00436	0.00250	0.00764

[dist]
# distance from previous block
# <min> <max>
0	1

[block]
# block no. 3 follows, 46 sequences, length 17
# corresponding to MSA columns:
# 123-139
name=unknown_D
#
# <colnr> <probs for GDERKNQSTAVLIFYWHMCP>
#	G	D	E	R	K	N	Q	S	T	A	V	L	I	F	Y	W	H	M	C	P
0	0.00998	0.00615	0.00780	0.00713	0.00889	0.00565	0.00543	0.01269	0.04670	0.13655	0.49050	0.08797	0.13241	0.01070	0.00609	0.00171	0.00293	0.00932	0.00574	0.00563
1	0.05073	0.01610	0.16786	0.03310	0.07617	0.03681	0.34673	0.06018	0.01220	0.01740	0.01000	0.01304	0.00776	0.00652	0.03484	0.00201	0.09357	0.00514	0.00273	0.00711
2	0.01274	0.06750	0.01306	0.05970	0.03504	0.01259	0.00863	0.05040	0.51651	0.03551	0.08170	0.03441	0.03459	0.00736	0.00534	0.00172	0.00440	0.00615	0.00493	0.00770
3	0.00730	0.00521	0.00712	0.00834	0.00902	0.00503	0.00639	0.00884	0.01096	0.01445	0.02867	0.50177	0.03310	0.01576	0.00698	0.00227	0.00381	0.31558	0.00489	0.00453
4	0.01239	0.01251	0.04922	0.17630	0.56082	0.01244	0.03327	0.01625	0.04425	0.01674	0.01034	0.01351	0.00838	0.00493	0.00527	0.00162	0.00646	0.00477	0.00267	0.00785
5	0.85155	0.01022	0.00777	0.00695	0.01022	0.01186	0.00573	0.01554	0.00900	0.02372	0.00736	0.00859	0.00573	0.00491	0.00327	0.00164	0.00409	0.00286	0.00327	0.00573
6	0.01157	0.01157	0.01619	0.01388	0.01388	0.01619	0.01157	0.01272	0.00810	0.01272	0.00694	0.01157	0.00694	0.00925	0.01735	0.00231	0.80453	0.00463	0.00231	0.00578
7	0.01323	0.06167	0.04229	0.05239	0.24989	0.05348	0.35213	0.03689	0.05312	0.01714	0.01070	0.01350	0.00838	0.00483	0.00556	0.00165	0.00754	0.00527	0.00283	0.00751
8	0.00950	0.00685	0.00931	0.00908	0.01041	0.00680	0.04793	0.10791	0.01240	0.04372	0.02447	0.48722	0.02738	0.06213	0.02486	0.00238	0.00437	0.09329	0.00474	0.00524
9	0.01248	0.01426	0.03119	0.02228	0.02763	0.01337	0.76203	0.01693	0.01248	0.01693	0.01070	0.01426	0.00802	0.00446	0.00624	0.00178	0.00891	0.00624	0.00267	0.00713
10	0.00743	0.00540	0.00699	0.00660	0.00787	0.00497	0.00495	0.00987	0.01484	0.02090	0.74733	0.03998	0.08118	0.01092	0.00624	0.00167	0.00250	0.00963	0.00578	0.00497
11	0.01364	0.01160	0.01223	0.01086	0.01393	0.01338	0.00849	0.08001	0.71897	0.02291	0.02089	0.01923	0.01563	0.00711	0.00537	0.00178	0.00430	0.00589	0.00537	0.00841
12	0.68288	0.01167	0.00921	0.00801	0.01136	0.06727	0.00653	0.08703	0.01115	0.05271	0.00843	0.00940	0.00639	0.00514	0.00365	0.00161	0.00465	0.00317	0.00355	0.00619
13	0.00675	0.00511	0.00624	0.00652	0.00760	0.00459	0.00468	0.00836	0.01240	0.01646	0.30234	0.31519	0.25735	0.01359	0.00642	0.00187	0.00275	0.01196	0.00523	0.00459
14	0.01870	0.00876	0.01119	0.00917	0.01246	0.00828	0.00733	0.02319	0.16117	0.49867	0.10363	0.05408	0.01877	0.03195	0.00614	0.00180	0.00418	0.00638	0.00607	0.00807
15	0.00684	0.00502	0.00625	0.00665	0.00747	0.00461	0.00462	0.00822	0.01171	0.01567	0.25943	0.37448	0.16767	0.08632	0.00833	0.00221	0.00301	0.01203	0.00503	0.00444
16	0.06340	0.73847	0.05660	0.00916	0.01374	0.02004	0.00927	0.01585	0.01066	0.01327	0.00743	0.00859	0.00672	0.00457	0.00345	0.00118	0.00565	0.00287	0.00232	0.00676

[dist]
# distance from previous block
# <min> <max>
0	1

[block]
# block no. 4 follows, 46 sequences, length 45
# corresponding to MSA columns:
# 141-185
name=unknown_E
#
# <colnr> <probs for GDERKNQSTAVLIFYWHMCP>
#	G	D	E	R	K	N	Q	S	T	A	V	L	I	F	Y	W	H	M	C	P
0	0.25500	0.12644	0.03997	0.01187	0.04332	0.41278	0.00931	0.01849	0.01248	0.01622	0.00794	0.00931	0.00655	0.00513	0.00418	0.00143	0.00729	0.00324	0.00280	0.00624
1	0.54125	0.01369	0.13005	0.00925	0.01343	0.01264	0.00873	0.15510	0.01247	0.04788	0.00910	0.01004	0.00671	0.00524	0.00398	0.00163	0.00500	0.00345	0.00359	0.00676
2	0.01386	0.75642	0.08629	0.00951	0.01429	0.02025	0.00985	0.01590	0.01077	0.01277	0.00751	0.00869	0.00678	0.00456	0.00352	0.00117	0.00582	0.00291	0.00226	0.00686
3	0.00646	0.00535	0.00566	0.00562	0.00728	0.00455	0.00420	0.00798	0.01249	0.01542	0.17399	0.06747	0.63922	0.01303	0.00626	0.00177	0.00266	0.01098	0.00506	0.00455
4	0.00698	0.00528	0.00631	0.00623	0.00746	0.00475	0.00452	0.00874	0.01295	0.01729	0.40415	0.12108	0.28695	0.07424	0.00789	0.00202	0.00282	0.01050	0.00522	0.00461
5	0.01981	0.01466	0.01570	0.01211	0.01628	0.01626	0.00998	0.73308	0.05585	0.03285	0.01306	0.01298	0.00929	0.00638	0.00529	0.00160	0.00575	0.00481	0.00529	0.00896
6	0.01881	0.01295	0.01425	0.01130	0.01517	0.01410	0.00921	0.47386	0.18527	0.14347	0.03540	0.01570	0.01220	0.00667	0.00534	0.00164	0.00518	0.00523	0.00551	0.00875
7	0.02022	0.01462	0.01575	0.01207	0.01630	0.01611	0.00997	0.73929	0.02454	0.05809	0.01296	0.01287	0.00913	0.00635	0.00529	0.00159	0.00577	0.00478	0.00533	0.00899
8	0.00744	0.00550	0.00702	0.00702	0.00833	0.00509	0.00548	0.00969	0.01383	0.01883	0.49676	0.06235	0.17202	0.01209	0.00645	0.00184	0.00298	0.14696	0.00546	0.00486
9	0.01413	0.81739	0.02770	0.00905	0.01357	0.02092	0.00905	0.01583	0.01074	0.01244	0.00735	0.00848	0.00678	0.00452	0.00339	0.00113	0.00565	0.00283	0.00226	0.00678
10	0.01235	0.00814	0.00955	0.00803	0.01024	0.02545	0.06893	0.16338	0.01405	0.02205	0.01558	0.01762	0.01202	0.00604	0.00425	0.00135	0.00384	0.00497	0.58620	0.00595
11	0.01348	0.01152	0.01214	0.01083	0.01387	0.01331	0.00845	0.06345	0.73577	0.02265	0.02109	0.01939	0.01579	0.00713	0.00537	0.00178	0.00426	0.00592	0.00537	0.00840
12	0.00660	0.00488	0.00617	0.00688	0.00762	0.00445	0.00477	0.00789	0.01137	0.01508	0.17405	0.53269	0.16832	0.01493	0.00656	0.00199	0.00289	0.01332	0.00508	0.00445
13	0.01039	0.00980	0.01639	0.60568	0.18227	0.01151	0.01440	0.01372	0.01094	0.01429	0.01192	0.01591	0.04955	0.00561	0.00533	0.00173	0.00666	0.00505	0.00254	0.00629
14	0.01006	0.00946	0.01612	0.75841	0.03546	0.01165	0.03907	0.01359	0.01064	0.01376	0.00961	0.01422	0.00722	0.00528	0.00528	0.00175	0.00701	0.00475	0.02075	0.00589
15	0.00918	0.00459	0.00689	0.00689	0.00689	0.00459	0.00459	0.00689	0.00689	0.00918	0.00918	0.01607	0.00918	0.01837	0.02066	0.84619	0.00459	0.00459	0.00230	0.00230
16	0.01042	0.00984	0.01664	0.69349	0.14102	0.01186	0.01490	0.01389	0.01078	0.01404	0.00947	0.01395	0.00723	0.00520	0.00528	0.00173	0.00694	0.00470	0.00239	0.00622
17	0.08713	0.07891	0.01770	0.01948	0.29211	0.36727	0.01192	0.03702	0.01334	0.01589	0.00879	0.01074	0.00734	0.00509	0.00472	0.00145	0.00751	0.00382	0.00276	0.00703
18	0.79715	0.03340	0.03706	0.00731	0.01078	0.01213	0.00633	0.01559	0.00913	0.02315	0.00744	0.00868	0.00579	0.00490	0.00334	0.00162	0.00427	0.00290	0.00321	0.00583
19	0.07779	0.01448	0.04711	0.06069	0.08679	0.08288	0.39983	0.04133	0.01234	0.01722	0.02914	0.01354	0.00866	0.00532	0.00667	0.00175	0.07943	0.00533	0.00282	0.00688
20	0.05265	0.01112	0.11655	0.01085	0.01453	0.00857	0.09531	0.03989	0.02576	0.26557	0.08564	0.16542	0.01840	0.00817	0.00555	0.00172	0.00495	0.00721	0.02520	0.03693
21	0.00841	0.00623	0.00764	0.00710	0.00861	0.00598	0.00536	0.06820	0.03508	0.02094	0.57539	0.08797	0.12083	0.01101	0.00617	0.00170	0.00285	0.00962	0.00561	0.00529
22	0.01075	0.06013	0.75531	0.01482	0.02249	0.01264	0.01910	0.01670	0.01114	0.01656	0.00940	0.01105	0.00670	0.00500	0.00495	0.00165	0.00772	0.00386	0.00223	0.00777
23	0.01162	0.00865	0.01000	0.00869	0.01066	0.00921	0.00665	0.22542	0.07853	0.02235	0.31418	0.07171	0.02850	0.12478	0.02244	0.00231	0.02535	0.00774	0.00506	0.00613
24	0.00854	0.00459	0.00671	0.00700	0.00707	0.00452	0.00467	0.00700	0.00765	0.01020	0.01387	0.20277	0.01524	0.01794	0.01739	0.64789	0.00423	0.00704	0.00291	0.00277
25	0.03028	0.05876	0.64132	0.01631	0.08095	0.01271	0.05423	0.01665	0.01122	0.01677	0.00944	0.01129	0.00687	0.00495	0.00499	0.00165	0.00757	0.00401	0.00231	0.00773
26	0.14171	0.00918	0.01159	0.00902	0.01300	0.00834	0.00744	0.02399	0.01415	0.65674	0.01864	0.01647	0.01190	0.00624	0.00499	0.00161	0.00443	0.00491	0.00599	0.02966
27	0.01157	0.01157	0.01619	0.01388	0.01388	0.01619	0.01157	0.01272	0.00810	0.01272	0.00694	0.01157	0.00694	0.00925	0.01735	0.00231	0.80453	0.00463	0.00231	0.00578
28	0.01358	0.05238	0.02161	0.08751	0.52503	0.08292	0.09082	0.03293	0.01245	0.01668	0.00975	0.01273	0.00803	0.00482	0.00521	0.00157	0.00686	0.00466	0.00265	0.00779
29	0.05876	0.01026	0.03376	0.00958	0.01317	0.00969	0.00799	0.18269	0.05233	0.38032	0.16376	0.02041	0.01888	0.00723	0.00538	0.00164	0.00446	0.00588	0.00580	0.00800
30	0.01813	0.00917	0.01170	0.00872	0.01307	0.00745	0.00711	0.02031	0.01331	0.44866	0.01584	0.01491	0.01078	0.00539	0.00470	0.00126	0.00424	0.00436	0.00505	0.37583
31	0.00686	0.00538	0.00621	0.00600	0.00752	0.00473	0.00450	0.00878	0.01351	0.01774	0.41558	0.04519	0.41491	0.01210	0.00624	0.00172	0.00259	0.01036	0.00536	0.00473
32	0.01248	0.01426	0.03119	0.02228	0.02763	0.01337	0.76203	0.01693	0.01248	0.01693	0.01070	0.01426	0.00802	0.00446	0.00624	0.00178	0.00891	0.00624	0.00267	0.00713
33	0.04689	0.00986	0.01228	0.00977	0.01362	0.00949	0.00796	0.07002	0.16772	0.56307	0.02009	0.01774	0.01323	0.00661	0.00526	0.00166	0.00450	0.00534	0.00613	0.00877
34	0.00852	0.00567	0.00716	0.00663	0.00820	0.00511	0.00503	0.01077	0.01446	0.07891	0.59141	0.03985	0.17638	0.01094	0.00617	0.00168	0.00268	0.00952	0.00571	0.00520
35	0.00674	0.00538	0.00635	0.03561	0.00866	0.00486	0.00500	0.00830	0.01201	0.01520	0.15426	0.21965	0.43179	0.01348	0.00638	0.00188	0.00302	0.05190	0.00495	0.00458
36	0.01222	0.01166	0.01844	0.10288	0.55280	0.02856	0.01409	0.01560	0.03993	0.01673	0.01394	0.01699	0.06834	0.00568	0.00529	0.00159	0.00593	0.01836	0.00294	0.04803
37	0.00646	0.00463	0.00611	0.00728	0.00761	0.00432	0.00485	0.00737	0.01012	0.01345	0.02949	0.77529	0.05333	0.03331	0.00716	0.00220	0.00310	0.01478	0.00487	0.00428
38	0.01173	0.00990	0.01151	0.00836	0.01289	0.00807	0.00672	0.07519	0.01203	0.01843	0.00960	0.01112	0.00790	0.00426	0.00440	0.00089	0.02643	0.00331	0.00329	0.75396
39	0.01856	0.01588	0.07487	0.01230	0.01659	0.05306	0.01060	0.58642	0.10845	0.02978	0.01323	0.01322	0.00952	0.00629	0.00525	0.00161	0.00596	0.00477	0.00494	0.00869
40	0.74683	0.07324	0.00966	0.00744	0.01078	0.05021	0.00620	0.01583	0.00942	0.02233	0.00740	0.00863	0.00586	0.00490	0.00335	0.00158	0.00447	0.00289	0.00317	0.00583
41	0.01051	0.06453	0.65457	0.01408	0.02102	0.01201	0.03339	0.01602	0.01155	0.01698	0.08634	0.01393	0.01105	0.00556	0.00509	0.00165	0.00720	0.00447	0.00260	0.00746
42	0.00658	0.00476	0.00607	0.00700	0.00746	0.00442	0.00468	0.00754	0.01032	0.01365	0.06639	0.63348	0.10470	0.08616	0.00845	0.00235	0.00318	0.01375	0.00480	0.00425
43	0.00805	0.00551	0.00694	0.00652	0.00779	0.00506	0.00478	0.01009	0.01377	0.05081	0.57589	0.03922	0.12266	0.10952	0.00874	0.00210	0.00292	0.00933	0.00543	0.00488
44	0.01408	0.01182	0.01248	0.01095	0.01410	0.01358	0.00859	0.12627	0.67199	0.02361	0.02034	0.01879	0.01518	0.00706	0.00537	0.00177	0.00440	0.00581	0.00537	0.00845

[dist]
# distance from previous block
# <min> <max>
0	1

[block]
# block no. 5 follows, 46 sequences, length 214
# corresponding to MSA columns:
# 187-400
name=unknown_F
#
# <colnr> <probs for GDERKNQSTAVLIFYWHMCP>
#	G	D	E	R	K	N	Q	S	T	A	V	L	I	F	Y	W	H	M	C	P
0	0.85155	0.01022	0.00777	0.00695	0.01022	0.01186	0.00573	0.01554	0.00900	0.02372	0.00736	0.00859	0.00573	0.00491	0.00327	0.00164	0.00409	0.00286	0.00327	0.00573
1	0.02010	0.01481	0.01587	0.01216	0.01639	0.01639	0.01005	0.76360	0.02486	0.03332	0.01269	0.01269	0.00899	0.00635	0.00529	0.00159	0.00582	0.00476	0.00529	0.00899
2	0.01918	0.01435	0.01535	0.01198	0.01604	0.01597	0.00983	0.66652	0.12343	0.03184	0.01386	0.01362	0.00993	0.00646	0.00530	0.00161	0.00560	0.00492	0.00530	0.00891
3	0.01413	0.81739	0.02770	0.00905	0.01357	0.02092	0.00905	0.01583	0.01074	0.01244	0.00735	0.00848	0.00678	0.00452	0.00339	0.00113	0.00565	0.00283	0.00226	0.00678
4	0.01583	0.01203	0.01336	0.01184	0.04264	0.01338	0.00915	0.25621	0.41572	0.07987	0.01863	0.01929	0.01416	0.00718	0.00544	0.00174	0.00483	0.04497	0.00531	0.00842
5	0.01389	0.01146	0.01218	0.01079	0.01388	0.01314	0.00844	0.06815	0.70525	0.04861	0.02101	0.01928	0.01564	0.00711	0.00537	0.00178	0.00428	0.00589	0.00541	0.00842
6	0.00697	0.00504	0.00633	0.00714	0.00800	0.00460	0.00512	0.00821	0.01102	0.02915	0.05465	0.51592	0.21313	0.01525	0.00664	0.00207	0.00317	0.08812	0.00496	0.00450
7	0.01308	0.01256	0.02146	0.03245	0.78123	0.01256	0.01622	0.01622	0.01204	0.01727	0.00994	0.01308	0.00837	0.00471	0.00523	0.00157	0.00628	0.00471	0.00262	0.00837
8	0.00665	0.00483	0.00634	0.00736	0.00782	0.00461	0.00499	0.00789	0.02324	0.01367	0.04155	0.69313	0.06364	0.03363	0.05126	0.00253	0.00373	0.01395	0.00478	0.00438
9	0.00918	0.00459	0.00689	0.00689	0.00689	0.00459	0.00459	0.00689	0.00689	0.00918	0.00918	0.01607	0.00918	0.01837	0.02066	0.84619	0.00459	0.00459	0.00230	0.00230
10	0.01273	0.01221	0.01940	0.24932	0.51079	0.04086	0.01532	0.04605	0.01225	0.01670	0.00984	0.01323	0.00797	0.00497	0.00523	0.00162	0.00660	0.00466	0.00265	0.00761
11	0.83089	0.03014	0.00826	0.00700	0.01031	0.01208	0.00581	0.01555	0.00904	0.02344	0.00736	0.00859	0.00575	0.00490	0.00327	0.00162	0.00413	0.00286	0.00325	0.00575
12	0.01408	0.01191	0.01815	0.26033	0.34250	0.02778	0.02912	0.12355	0.02783	0.07688	0.01120	0.01379	0.00852	0.00531	0.00528	0.00164	0.00639	0.00479	0.00327	0.00768
13	0.01477	0.01201	0.01309	0.01255	0.07291	0.04925	0.00921	0.10784	0.49422	0.08029	0.01933	0.02006	0.01488	0.00718	0.00543	0.00176	0.00484	0.04710	0.00509	0.00818
14	0.01044	0.00567	0.00583	0.00559	0.00696	0.00578	0.00422	0.06591	0.01190	0.02008	0.01710	0.02082	0.01387	0.05170	0.00518	0.00150	0.00290	0.01950	0.71992	0.00512
15	0.00867	0.00654	0.00814	0.00800	0.00950	0.00645	0.02566	0.01265	0.15232	0.04718	0.15455	0.35290	0.16158	0.01261	0.00625	0.00191	0.00332	0.01116	0.00515	0.00545
16	0.01194	0.01187	0.01863	0.06066	0.07538	0.01491	0.12854	0.04408	0.00991	0.01459	0.00837	0.01260	0.00752	0.00885	0.03987	0.00232	0.51620	0.00493	0.00253	0.00629
17	0.01354	0.01155	0.01217	0.01084	0.01390	0.01333	0.00846	0.06938	0.72976	0.02274	0.02102	0.01933	0.01574	0.00713	0.00537	0.00178	0.00428	0.00591	0.00537	0.00840
18	0.00745	0.00506	0.00580	0.00598	0.00610	0.00498	0.00349	0.00764	0.00822	0.01089	0.02000	0.14969	0.05241	0.66408	0.02310	0.00455	0.00472	0.00891	0.00352	0.00342
19	0.01331	0.05609	0.05461	0.04276	0.04498	0.01107	0.00883	0.25048	0.06320	0.05337	0.28408	0.03917	0.02463	0.00806	0.00558	0.00164	0.00459	0.02158	0.00495	0.00702
20	0.80508	0.01015	0.00802	0.00709	0.01041	0.01163	0.00584	0.01611	0.00934	0.06645	0.00812	0.00912	0.00614	0.00500	0.00339	0.00164	0.00411	0.00300	0.00346	0.00591
21	0.01157	0.01157	0.01619	0.01388	0.01388	0.01619	0.01157	0.01272	0.00810	0.01272	0.00694	0.01157	0.00694	0.00925	0.01735	0.00231	0.80453	0.00463	0.00231	0.00578
22	0.01671	0.01157	0.01296	0.01155	0.04531	0.02991	0.00879	0.11641	0.44873	0.20853	0.01951	0.01795	0.01400	0.00678	0.00533	0.00171	0.00467	0.00556	0.00548	0.00855
23	0.01413	0.81739	0.02770	0.00905	0.01357	0.02092	0.00905	0.01583	0.01074	0.01244	0.00735	0.00848	0.00678	0.00452	0.00339	0.00113	0.00565	0.00283	0.00226	0.00678
24	0.01315	0.01136	0.01195	0.01076	0.01375	0.01315	0.00837	0.02809	0.77168	0.02211	0.02152	0.01972	0.01614	0.00717	0.00538	0.00179	0.00418	0.00598	0.00538	0.00837
25	0.00748	0.00540	0.00707	0.00665	0.00790	0.00499	0.00499	0.00998	0.01496	0.02120	0.77844	0.03949	0.04988	0.01081	0.00624	0.00166	0.00249	0.00956	0.00582	0.00499
26	0.00998	0.00940	0.01586	0.80150	0.03641	0.01175	0.01468	0.01351	0.01057	0.01351	0.00940	0.01409	0.00705	0.00529	0.00529	0.00176	0.00705	0.00470	0.00235	0.00587
27	0.62248	0.06418	0.00932	0.00720	0.01036	0.01188	0.00599	0.06978	0.01055	0.02313	0.00906	0.01036	0.00708	0.00515	0.00348	0.00154	0.00410	0.00327	0.11513	0.00593
28	0.00646	0.00462	0.00615	0.00735	0.00767	0.00431	0.00491	0.00741	0.01022	0.01364	0.04368	0.79579	0.03525	0.01645	0.00674	0.00214	0.00306	0.01492	0.00493	0.00431
29	0.04160	0.00948	0.01245	0.00957	0.01365	0.00854	0.00791	0.08403	0.01577	0.70861	0.01991	0.01737	0.01260	0.00649	0.00527	0.00163	0.00459	0.00522	0.00637	0.00892
30	0.00946	0.00839	0.08144	0.00901	0.01127	0.00658	0.05529	0.02651	0.01368	0.07823	0.40662	0.15082	0.05667	0.01061	0.00617	0.00179	0.00385	0.05284	0.00511	0.00565
31	0.00830	0.00593	0.00826	0.00938	0.01053	0.00589	0.00804	0.01063	0.01219	0.01597	0.07292	0.11403	0.03192	0.01452	0.00720	0.00237	0.00459	0.64757	0.00493	0.00483
32	0.01272	0.01038	0.01234	0.00905	0.01349	0.00895	0.02233	0.12653	0.01308	0.03931	0.01012	0.01149	0.00811	0.00457	0.00472	0.00100	0.03514	0.00355	0.00350	0.64961
33	0.48427	0.22643	0.01460	0.00941	0.04331	0.10512	0.00763	0.02905	0.01055	0.01937	0.00765	0.00892	0.00630	0.00488	0.00359	0.00147	0.00526	0.00302	0.00295	0.00622
34	0.00664	0.00476	0.00637	0.00742	0.00786	0.00449	0.00509	0.00779	0.01059	0.01425	0.09659	0.69183	0.03557	0.01658	0.02771	0.00228	0.00338	0.04148	0.00493	0.00439
35	0.85155	0.01022	0.00777	0.00695	0.01022	0.01186	0.00573	0.01554	0.00900	0.02372	0.00736	0.00859	0.00573	0.00491	0.00327	0.00164	0.00409	0.00286	0.00327	0.00573
36	0.00667	0.00532	0.00568	0.00562	0.00702	0.00465	0.00403	0.00796	0.01176	0.01465	0.15621	0.04645	0.54286	0.14660	0.00969	0.00232	0.00306	0.01034	0.00476	0.00433
37	0.00643	0.00463	0.00610	0.00727	0.00764	0.00430	0.00487	0.00737	0.01021	0.01353	0.03025	0.77620	0.06881	0.01642	0.00672	0.00213	0.00305	0.01485	0.00491	0.00430
38	0.02010	0.01481	0.01587	0.01216	0.01639	0.01639	0.01005	0.76360	0.02486	0.03332	0.01269	0.01269	0.00899	0.00635	0.00529	0.00159	0.00582	0.00476	0.00529	0.00899
39	0.02372	0.00900	0.01227	0.00941	0.01350	0.00777	0.00777	0.02576	0.01513	0.78489	0.02086	0.01799	0.01309	0.00654	0.00532	0.00164	0.00450	0.00532	0.00654	0.00900
40	0.02010	0.01481	0.01587	0.01216	0.01639	0.01639	0.01005	0.76360	0.02486	0.03332	0.01269	0.01269	0.00899	0.00635	0.00529	0.00159	0.00582	0.00476	0.00529	0.00899
41	0.01157	0.01157	0.01619	0.01388	0.01388	0.01619	0.01157	0.01272	0.00810	0.01272	0.00694	0.01157	0.00694	0.00925	0.01735	0.00231	0.80453	0.00463	0.00231	0.00578
42	0.01413	0.81739	0.02770	0.00905	0.01357	0.02092	0.00905	0.01583	0.01074	0.01244	0.00735	0.00848	0.00678	0.00452	0.00339	0.00113	0.00565	0.00283	0.00226	0.00678
43	0.62733	0.00980	0.00811	0.00714	0.01017	0.01116	0.00582	0.09023	0.01094	0.02401	0.00955	0.01086	0.00736	0.00526	0.00355	0.00156	0.00399	0.00340	0.14385	0.00592
44	0.01775	0.01357	0.01450	0.01165	0.01543	0.01518	0.00944	0.52909	0.24718	0.02958	0.01565	0.03089	0.01165	0.00680	0.00534	0.00166	0.00527	0.00533	0.00531	0.00871
45	0.00649	0.00529	0.00574	0.00578	0.00733	0.00454	0.00428	0.00800	0.01239	0.01546	0.18239	0.12077	0.57670	0.01322	0.00629	0.00180	0.00268	0.01123	0.00507	0.00454
46	0.01077	0.01016	0.01717	0.58166	0.23194	0.01184	0.01495	0.01417	0.01099	0.01455	0.00995	0.01483	0.00791	0.00534	0.00532	0.00173	0.00680	0.02096	0.00247	0.00651
47	0.00651	0.00465	0.00620	0.00740	0.00774	0.00435	0.00499	0.00749	0.01026	0.01370	0.04430	0.77932	0.03517	0.01640	0.00675	0.00214	0.00309	0.03030	0.00493	0.00432
48	0.00918	0.00459	0.00689	0.00689	0.00689	0.00459	0.00459	0.00689	0.00689	0.00918	0.00918	0.01607	0.00918	0.01837	0.02066	0.84619	0.00459	0.00459	0.00230	0.00230
49	0.02120	0.03108	0.07192	0.01020	0.01450	0.00970	0.00896	0.09150	0.08414	0.57054	0.01898	0.01692	0.01235	0.00642	0.00525	0.00164	0.00487	0.00516	0.00589	0.00879
50	0.00690	0.00518	0.00739	0.00788	0.00855	0.00491	0.03667	0.00817	0.01059	0.01429	0.10639	0.61024	0.04866	0.04375	0.05150	0.00253	0.00394	0.01323	0.00474	0.00448
51	0.01708	0.01288	0.01385	0.01136	0.01501	0.01441	0.00914	0.38150	0.37024	0.07032	0.01724	0.01625	0.01253	0.00674	0.00533	0.00168	0.00499	0.00535	0.00540	0.00870
52	0.85155	0.01022	0.00777	0.00695	0.01022	0.01186	0.00573	0.01554	0.00900	0.02372	0.00736	0.00859	0.00573	0.00491	0.00327	0.00164	0.00409	0.00286	0.00327	0.00573
53	0.01150	0.04872	0.44706	0.01786	0.02454	0.01302	0.32772	0.01679	0.01169	0.01668	0.00992	0.01236	0.00725	0.00477	0.00547	0.00170	0.00820	0.00484	0.00242	0.00749
54	0.04300	0.00727	0.01013	0.00849	0.01076	0.00672	0.07858	0.01164	0.02870	0.01947	0.44305	0.05683	0.07404	0.00902	0.00592	0.00157	0.01903	0.00798	0.02407	0.13372
55	0.00644	0.00460	0.00613	0.00736	0.00767	0.00429	0.00491	0.00736	0.01012	0.01350	0.02914	0.81076	0.03497	0.01656	0.00675	0.00215	0.00307	0.01503	0.00491	0.00429
56	0.00752	0.00537	0.00738	0.00860	0.00938	0.00523	0.00679	0.00923	0.01119	0.01471	0.02854	0.41920	0.03260	0.01554	0.00704	0.00230	0.00401	0.39590	0.00489	0.00459
57	0.01060	0.04221	0.75496	0.01477	0.02237	0.01229	0.01901	0.01658	0.01124	0.01676	0.02632	0.01173	0.00765	0.00514	0.00502	0.00166	0.00765	0.00401	0.00231	0.00773
58	0.00849	0.00605	0.00841	0.00957	0.01074	0.00605	0.00830	0.01082	0.01199	0.01559	0.02753	0.05862	0.02997	0.04709	0.00810	0.00254	0.00488	0.71567	0.00480	0.00480
59	0.00735	0.00551	0.00684	0.00658	0.00794	0.00506	0.00496	0.00982	0.02948	0.01948	0.57752	0.06244	0.19441	0.01151	0.00626	0.00172	0.00264	0.02998	0.00558	0.00493
60	0.83233	0.02875	0.00823	0.00700	0.01030	0.01207	0.00580	0.01555	0.00904	0.02346	0.00736	0.00859	0.00575	0.00490	0.00327	0.00162	0.00413	0.00286	0.00325	0.00575
61	0.01157	0.01157	0.01619	0.01388	0.01388	0.01619	0.01157	0.01272	0.00810	0.01272	0.00694	0.01157	0.00694	0.00925	0.01735	0.00231	0.80453	0.00463	0.00231	0.00578
62	0.01401	0.01178	0.01244	0.01093	0.01408	0.01355	0.00858	0.11930	0.67907	0.02350	0.02042	0.01885	0.01525	0.00707	0.00537	0.00177	0.00439	0.00583	0.00537	0.00844
63	0.02089	0.01354	0.01508	0.01156	0.01576	0.01451	0.00955	0.60265	0.02273	0.19727	0.01447	0.01385	0.00988	0.00639	0.00529	0.00160	0.00553	0.00488	0.00556	0.00899
64	0.00631	0.00510	0.00562	0.00603	0.00732	0.00441	0.00431	0.00751	0.01141	0.01402	0.04540	0.30471	0.53052	0.01445	0.00641	0.00191	0.00281	0.01245	0.00491	0.00441
65	0.00743	0.00540	0.00700	0.00660	0.00787	0.00497	0.00495	0.00988	0.01485	0.02092	0.74894	0.03995	0.07956	0.01091	0.00624	0.00167	0.00250	0.00963	0.00578	0.00497
66	0.00755	0.00566	0.00850	0.00850	0.00944	0.00661	0.00661	0.00944	0.00850	0.01227	0.01416	0.02077	0.01322	0.03965	0.79326	0.00850	0.01416	0.00566	0.00283	0.00472
67	0.01993	0.01438	0.01547	0.01189	0.01604	0.01585	0.00982	0.72285	0.02422	0.05411	0.01304	0.01303	0.00923	0.00635	0.00525	0.00158	0.00569	0.00478	0.02762	0.00888
68	0.00743	0.00540	0.00700	0.00660	0.00787	0.00497	0.00495	0.00988	0.01485	0.02092	0.74957	0.03994	0.07893	0.01091	0.00624	0.00167	0.00250	0.00962	0.00578	0.00497
69	0.01570	0.65388	0.02472	0.00931	0.01362	0.03430	0.00893	0.01743	0.01146	0.13443	0.00949	0.01008	0.00778	0.00498	0.00407	0.00124	0.02526	0.00328	0.00295	0.00710
70	0.06879	0.01063	0.01286	0.00995	0.01396	0.01041	0.00821	0.23735	0.01748	0.50593	0.01765	0.01598	0.01151	0.00638	0.00515	0.00161	0.00480	0.00501	0.02763	0.00871
71	0.01157	0.01157	0.01619	0.01388	0.01388	0.01619	0.01157	0.01272	0.00810	0.01272	0.00694	0.01157	0.00694	0.00925	0.01735	0.00231	0.80453	0.00463	0.00231	0.00578
72	0.03924	0.01026	0.01220	0.01024	0.03458	0.01033	0.00799	0.28684	0.01777	0.27920	0.09695	0.07845	0.07612	0.00807	0.00552	0.00167	0.00456	0.00663	0.00558	0.00779
73	0.01974	0.01455	0.01566	0.01206	0.01620	0.01612	0.00995	0.74238	0.02440	0.03273	0.01273	0.01292	0.00911	0.00728	0.02747	0.00178	0.00605	0.00479	0.00522	0.00887
74	0.85155	0.01022	0.00777	0.00695	0.01022	0.01186	0.00573	0.01554	0.00900	0.02372	0.00736	0.00859	0.00573	0.00491	0.00327	0.00164	0.00409	0.00286	0.00327	0.00573
75	0.00743	0.08359	0.00865	0.00771	0.00849	0.00642	0.00556	0.00852	0.01036	0.01371	0.05897	0.64719	0.05159	0.01477	0.00682	0.00202	0.03591	0.01309	0.00458	0.00463
76	0.00653	0.00537	0.00574	0.00565	0.00731	0.00458	0.00423	0.00812	0.01270	0.01584	0.21647	0.04832	0.61520	0.01281	0.00625	0.00176	0.00264	0.01080	0.00511	0.00458
77	0.01361	0.00676	0.00903	0.00769	0.01001	0.00604	0.00604	0.01593	0.01503	0.30924	0.49271	0.03138	0.03600	0.00920	0.00589	0.00165	0.00325	0.00796	0.00609	0.00650
78	0.02010	0.01481	0.01587	0.01216	0.01639	0.01639	0.01005	0.76360	0.02486	0.03332	0.01269	0.01269	0.00899	0.00635	0.00529	0.00159	0.00582	0.00476	0.00529	0.00899
79	0.78559	0.01034	0.00826	0.00725	0.01059	0.01185	0.00597	0.04361	0.00984	0.05648	0.00813	0.00914	0.00616	0.00503	0.00343	0.00163	0.00417	0.00304	0.00349	0.00599
80	0.02010	0.01481	0.01587	0.01216	0.01639	0.01639	0.01005	0.76360	0.02486	0.03332	0.01269	0.01269	0.00899	0.00635	0.00529	0.00159	0.00582	0.00476	0.00529	0.00899
81	0.01080	0.07170	0.74420	0.01473	0.02236	0.01276	0.01894	0.01669	0.01114	0.01650	0.00937	0.01101	0.00670	0.00499	0.00493	0.00164	0.00769	0.00385	0.00223	0.00776
82	0.01413	0.81739	0.02770	0.00905	0.01357	0.02092	0.00905	0.01583	0.01074	0.01244	0.00735	0.00848	0.00678	0.00452	0.00339	0.00113	0.00565	0.00283	0.00226	0.00678
83	0.11539	0.00817	0.01143	0.35821	0.02115	0.00941	0.03982	0.03049	0.01097	0.01766	0.01217	0.01546	0.00937	0.00555	0.00449	0.00155	0.00503	0.00462	0.31345	0.00563
84	0.01187	0.00871	0.01000	0.00872	0.01017	0.00961	0.00638	0.25159	0.01347	0.01822	0.01531	0.07559	0.01562	0.38560	0.07590	0.00384	0.06323	0.00685	0.00389	0.00544
