[name]
unknown

[dist]
# distance from previous block
# <min> <max>
5	166

[block]
# block no. 0 follows, 48 sequences, length 8
# corresponding to MSA columns:
# 216-223
name=unknown_A
#
# <colnr> <probs for GDERKNQSTAVLIFYWHMCP>
#	G	D	E	R	K	N	Q	S	T	A	V	L	I	F	Y	W	H	M	C	P
0	0.01241	0.00745	0.00942	0.05920	0.01195	0.00684	0.00653	0.03301	0.05126	0.21548	0.12990	0.10907	0.11747	0.02276	0.00570	0.00161	0.00378	0.02652	0.02512	0.14452
1	0.04819	0.01189	0.15036	0.00924	0.01382	0.00790	0.02610	0.01376	0.01089	0.05173	0.02790	0.05744	0.01077	0.00541	0.00441	0.00117	0.00459	0.03538	0.00325	0.50581
2	0.01204	0.00946	0.01100	0.00828	0.01242	0.00794	0.00665	0.09879	0.03698	0.05518	0.01176	0.04521	0.01002	0.00513	0.00428	0.00103	0.00404	0.02905	0.00363	0.62713
3	0.01866	0.01431	0.01710	0.01293	0.01716	0.01558	0.09646	0.68443	0.02275	0.03052	0.01210	0.01249	0.00862	0.00595	0.00524	0.00156	0.00599	0.00478	0.00484	0.00852
4	0.01894	0.01427	0.08436	0.01151	0.01583	0.01389	0.01009	0.52905	0.06247	0.16587	0.01392	0.01348	0.00962	0.00612	0.00512	0.00157	0.00550	0.00471	0.00509	0.00859
5	0.01163	0.24661	0.45475	0.01199	0.01776	0.01391	0.01406	0.06684	0.01133	0.01562	0.00946	0.01225	0.00777	0.07795	0.00636	0.00177	0.00663	0.00388	0.00246	0.00698
6	0.49441	0.06676	0.01047	0.00778	0.01128	0.01130	0.00649	0.06881	0.03223	0.16642	0.01066	0.01099	0.00775	0.00517	0.00379	0.00150	0.00422	0.00349	0.02377	0.05271
7	0.54523	0.13843	0.03519	0.05887	0.01219	0.01215	0.00696	0.01442	0.00982	0.02016	0.09616	0.01217	0.01073	0.00539	0.00370	0.00152	0.00433	0.00366	0.00321	0.00571

[dist]
# distance from previous block
# <min> <max>
2	16

[block]
# block no. 1 follows, 48 sequences, length 33
# corresponding to MSA columns:
# 240-272
name=unknown_B
#
# <colnr> <probs for GDERKNQSTAVLIFYWHMCP>
#	G	D	E	R	K	N	Q	S	T	A	V	L	I	F	Y	W	H	M	C	P
0	0.01299	0.42282	0.16484	0.01094	0.05479	0.03324	0.01039	0.01550	0.01118	0.08466	0.04555	0.08963	0.01173	0.00610	0.00432	0.00139	0.00552	0.00471	0.00300	0.00672
1	0.11419	0.34640	0.19918	0.00982	0.01447	0.01433	0.01023	0.03938	0.02515	0.03946	0.01014	0.06815	0.00893	0.00551	0.00408	0.00136	0.00541	0.00406	0.00284	0.07691
2	0.23038	0.06070	0.01153	0.00858	0.01209	0.03508	0.00707	0.04878	0.06345	0.36228	0.07011	0.01550	0.01276	0.00604	0.00455	0.00153	0.00436	0.00459	0.00489	0.03573
3	0.02583	0.05511	0.11270	0.09228	0.01661	0.01149	0.00983	0.08168	0.24077	0.07481	0.01352	0.01400	0.01014	0.00555	0.00494	0.00145	0.02173	0.00441	0.00386	0.19929
4	0.01101	0.00975	0.01434	0.01187	0.07867	0.00821	0.12555	0.01362	0.01082	0.03445	0.01007	0.01239	0.00830	0.00737	0.08154	0.00172	0.00572	0.00392	0.00298	0.54769
5	0.01165	0.00873	0.01137	0.01029	0.01273	0.00920	0.06273	0.01902	0.32145	0.09394	0.12561	0.03250	0.02330	0.00929	0.00593	0.00189	0.00439	0.22425	0.00505	0.00666
6	0.00729	0.00511	0.00660	0.00672	0.00709	0.00541	0.00448	0.00805	0.00799	0.01099	0.01655	0.11035	0.01813	0.45156	0.30546	0.00586	0.00796	0.00749	0.00315	0.00376
7	0.00726	0.00524	0.00686	0.00646	0.00767	0.00484	0.00484	0.00968	0.01452	0.02058	0.78496	0.03833	0.04841	0.01049	0.00605	0.00161	0.00242	0.00928	0.00565	0.00484
8	0.00891	0.00446	0.00668	0.00668	0.00668	0.00446	0.00446	0.00668	0.00668	0.00891	0.00891	0.01560	0.00891	0.01783	0.02005	0.85071	0.00446	0.00446	0.00223	0.00223
9	0.85592	0.00992	0.00754	0.00675	0.00992	0.01151	0.00556	0.01508	0.00873	0.02302	0.00714	0.00834	0.00556	0.00476	0.00318	0.00159	0.00397	0.00278	0.00318	0.00556
10	0.01276	0.01102	0.01160	0.01044	0.01334	0.01276	0.00812	0.02727	0.77840	0.02146	0.02088	0.01914	0.01566	0.00696	0.00522	0.00174	0.00406	0.00580	0.00522	0.00812
11	0.01918	0.02400	0.01458	0.01316	0.01586	0.76411	0.00991	0.05397	0.01497	0.01344	0.00813	0.00939	0.00670	0.00533	0.00465	0.00133	0.00909	0.00336	0.00275	0.00607
12	0.00618	0.00520	0.00536	0.00532	0.00700	0.00438	0.00399	0.00759	0.01197	0.01451	0.12315	0.04831	0.71400	0.01275	0.00606	0.00172	0.00258	0.01068	0.00485	0.00438
13	0.01824	0.01438	0.01455	0.05322	0.01621	0.09092	0.00956	0.60304	0.02150	0.02845	0.01204	0.01259	0.00874	0.00601	0.00497	0.00150	0.00582	0.00450	0.06575	0.00801
14	0.00705	0.00524	0.00656	0.00623	0.00753	0.00475	0.00467	0.00926	0.01401	0.01937	0.65282	0.04032	0.18131	0.01094	0.00605	0.00164	0.00245	0.00956	0.00549	0.00475
15	0.01224	0.14230	0.14056	0.01686	0.02211	0.04631	0.43268	0.01607	0.01162	0.01559	0.00947	0.01201	0.00734	0.00441	0.00517	0.00150	0.00755	0.00479	0.00251	0.08889
16	0.01372	0.82276	0.02689	0.00878	0.01317	0.02030	0.00878	0.01536	0.01043	0.01207	0.00713	0.00823	0.00658	0.00439	0.00329	0.00110	0.00549	0.00274	0.00219	0.00658
17	0.00801	0.00603	0.00750	0.00700	0.00844	0.00592	0.00529	0.01207	0.11818	0.02070	0.68128	0.03572	0.04397	0.01001	0.00594	0.00163	0.00264	0.00881	0.00559	0.00529
18	0.01458	0.01744	0.07201	0.08414	0.24569	0.34136	0.01215	0.04083	0.01292	0.01480	0.01075	0.08922	0.00979	0.00611	0.00502	0.00152	0.00727	0.00496	0.00283	0.00661
19	0.05550	0.08442	0.11089	0.14533	0.01802	0.03854	0.01034	0.09570	0.05376	0.28091	0.02955	0.03187	0.01078	0.00598	0.00489	0.00157	0.00548	0.00477	0.00426	0.00743
20	0.02268	0.00894	0.01221	0.00977	0.03319	0.00784	0.00780	0.04091	0.01481	0.75476	0.01980	0.01723	0.01250	0.00630	0.00516	0.00158	0.00444	0.00513	0.00623	0.00872
21	0.00633	0.00526	0.00557	0.00564	0.00729	0.00450	0.00433	0.00780	0.01191	0.01447	0.10296	0.04929	0.66936	0.01291	0.00615	0.00178	0.00276	0.07245	0.00483	0.00440
22	0.00863	0.01028	0.12701	0.08836	0.01546	0.00864	0.10132	0.01115	0.01058	0.01466	0.09755	0.29359	0.05381	0.01078	0.02272	0.00201	0.10557	0.00885	0.00361	0.00542
23	0.00911	0.00813	0.01328	0.59640	0.02849	0.00977	0.01232	0.01211	0.01047	0.01348	0.01400	0.10153	0.01327	0.00771	0.00559	0.00185	0.00611	0.12807	0.00293	0.00539
24	0.00746	0.00497	0.00560	0.00560	0.00560	0.00497	0.00311	0.00746	0.00746	0.00995	0.01617	0.03358	0.01865	0.81967	0.02612	0.00497	0.00497	0.00746	0.00311	0.00311
25	0.00641	0.00464	0.00591	0.00676	0.00725	0.00430	0.00454	0.00738	0.01018	0.01348	0.08643	0.61088	0.11424	0.08216	0.00809	0.00225	0.00306	0.01319	0.00469	0.00415
26	0.01109	0.01200	0.08227	0.35469	0.33237	0.01218	0.01495	0.01435	0.01064	0.01476	0.00911	0.01281	0.00732	0.00526	0.00623	0.00168	0.08462	0.00449	0.00237	0.00682
27	0.01400	0.04951	0.01516	0.07882	0.01589	0.31864	0.01052	0.01546	0.01078	0.01245	0.00792	0.01119	0.00713	0.00917	0.06720	0.00223	0.34173	0.00404	0.00244	0.00572
28	0.00744	0.00506	0.00605	0.00605	0.00620	0.00522	0.00367	0.00775	0.00759	0.01028	0.01576	0.03130	0.01767	0.68728	0.15716	0.00553	0.00646	0.00713	0.00305	0.00336
29	0.01016	0.00930	0.01517	0.74118	0.03356	0.01147	0.01383	0.05282	0.01104	0.01419	0.00984	0.01496	0.00763	0.00546	0.00519	0.00172	0.00671	0.02743	0.00250	0.00583
30	0.02909	0.33511	0.37885	0.01183	0.01763	0.01569	0.01354	0.11323	0.01235	0.01683	0.00876	0.00996	0.00680	0.00485	0.00426	0.00141	0.00645	0.00347	0.00258	0.00730
31	0.04082	0.07630	0.04029	0.05965	0.08214	0.07820	0.02614	0.17652	0.02834	0.11206	0.02554	0.03339	0.00972	0.00573	0.00525	0.00143	0.04168	0.00446	0.00376	0.14858
32	0.01389	0.04467	0.04382	0.12670	0.04083	0.05110	0.05155	0.13893	0.02773	0.09354	0.01085	0.01226	0.00820	0.00495	0.00478	0.00130	0.01711	0.00404	0.00350	0.30025

[dist]
# distance from previous block
# <min> <max>
4	18

[block]
# block no. 2 follows, 48 sequences, length 15
# corresponding to MSA columns:
# 291-305
name=unknown_C
#
# <colnr> <probs for GDERKNQSTAVLIFYWHMCP>
#	G	D	E	R	K	N	Q	S	T	A	V	L	I	F	Y	W	H	M	C	P
0	0.08354	0.01187	0.01948	0.06173	0.69088	0.01210	0.01483	0.01558	0.01138	0.01714	0.00942	0.01237	0.00786	0.00461	0.00492	0.00154	0.00595	0.00442	0.00258	0.00781
1	0.07875	0.00587	0.00819	0.00812	0.00923	0.00684	0.00634	0.00966	0.00829	0.01285	0.01319	0.01916	0.01222	0.03564	0.73234	0.00769	0.01292	0.00527	0.00278	0.00466
2	0.00855	0.00749	0.06497	0.00872	0.01068	0.00620	0.00786	0.01125	0.03530	0.04573	0.03195	0.04942	0.22666	0.01266	0.00652	0.00209	0.00434	0.44988	0.00463	0.00509
3	0.01173	0.01243	0.07530	0.32184	0.16270	0.07728	0.09326	0.01533	0.03249	0.04590	0.06236	0.01652	0.01121	0.00573	0.00530	0.00165	0.00661	0.03289	0.00294	0.00652
4	0.03011	0.01043	0.09385	0.00952	0.01275	0.00879	0.00841	0.08762	0.01336	0.31596	0.05077	0.10917	0.09847	0.00827	0.00645	0.00169	0.08196	0.00661	0.00483	0.04098
5	0.00632	0.00507	0.00564	0.00578	0.00716	0.00439	0.00423	0.00775	0.01187	0.01495	0.18135	0.18635	0.51494	0.01310	0.00615	0.00177	0.00263	0.01123	0.00493	0.00439
6	0.01177	0.11424	0.14662	0.09923	0.10777	0.05643	0.01256	0.01434	0.00997	0.01394	0.00806	0.01107	0.00692	0.00617	0.00880	0.00168	0.28656	0.00399	0.00235	0.07753
7	0.01117	0.01265	0.07340	0.37448	0.07782	0.05480	0.16614	0.01445	0.01062	0.01409	0.00898	0.01282	0.00706	0.00553	0.00711	0.00176	0.13378	0.00473	0.00237	0.00624
8	0.00738	0.00585	0.00671	0.00638	0.00799	0.00550	0.00482	0.01066	0.09632	0.01797	0.40698	0.04069	0.34157	0.01111	0.00597	0.00168	0.00267	0.00953	0.00525	0.00499
9	0.00643	0.00493	0.00583	0.00637	0.00735	0.00442	0.00454	0.00763	0.01092	0.01391	0.09042	0.36626	0.33958	0.05384	0.00731	0.00207	0.00299	0.05620	0.00474	0.00426
10	0.01053	0.02505	0.71785	0.01422	0.02135	0.01200	0.01791	0.01731	0.08473	0.01675	0.01033	0.01163	0.00738	0.00508	0.00491	0.00164	0.00724	0.00399	0.00246	0.00763
11	0.00774	0.00811	0.08295	0.06409	0.01138	0.03701	0.00718	0.00972	0.01125	0.01467	0.12817	0.30483	0.16675	0.03412	0.00665	0.00197	0.00404	0.09022	0.00432	0.00482
12	0.01050	0.05809	0.73378	0.01465	0.02202	0.01229	0.04657	0.01622	0.01086	0.01609	0.00917	0.01084	0.00655	0.00483	0.00486	0.00161	0.00754	0.00383	0.00218	0.00752
13	0.65477	0.01089	0.07998	0.04689	0.01206	0.01084	0.00714	0.01433	0.00911	0.02096	0.00947	0.08661	0.00844	0.00588	0.00375	0.00164	0.00435	0.00410	0.00319	0.00562
14	0.22864	0.27740	0.21268	0.03890	0.01568	0.09042	0.01091	0.01581	0.01039	0.01602	0.00779	0.00932	0.00632	0.00490	0.00437	0.00144	0.03687	0.00320	0.00249	0.00644

[dist]
# distance from previous block
# <min> <max>
0	6

[block]
# block no. 3 follows, 48 sequences, length 38
# corresponding to MSA columns:
# 312-349
name=unknown_D
#
# <colnr> <probs for GDERKNQSTAVLIFYWHMCP>
#	G	D	E	R	K	N	Q	S	T	A	V	L	I	F	Y	W	H	M	C	P
0	0.01582	0.01154	0.01273	0.01042	0.01339	0.01279	0.00827	0.45160	0.17689	0.02503	0.01336	0.01444	0.01021	0.00884	0.00837	0.18468	0.00506	0.00483	0.00452	0.00720
1	0.00622	0.00460	0.00581	0.00678	0.00735	0.00420	0.00460	0.00719	0.01017	0.01324	0.03269	0.67356	0.17386	0.01550	0.00646	0.00202	0.00291	0.01389	0.00476	0.00420
2	0.01542	0.51911	0.05473	0.01053	0.01446	0.28372	0.00959	0.01714	0.01184	0.01241	0.00749	0.00869	0.00659	0.00471	0.00381	0.00120	0.00685	0.00298	0.00235	0.00641
3	0.00678	0.00523	0.00618	0.00594	0.00737	0.00463	0.00446	0.00874	0.01338	0.01785	0.48721	0.04282	0.34787	0.01151	0.00606	0.00166	0.00249	0.00991	0.00529	0.00463
4	0.01402	0.77793	0.02619	0.00903	0.01332	0.06404	0.00884	0.01565	0.01066	0.01210	0.00718	0.00829	0.00659	0.00444	0.00337	0.00111	0.00570	0.00278	0.00222	0.00655
5	0.05986	0.00841	0.01121	0.00906	0.01262	0.00751	0.00755	0.02260	0.01402	0.65035	0.02057	0.02251	0.01465	0.00734	0.00533	0.00169	0.00440	0.10632	0.00598	0.00804
6	0.01244	0.01217	0.01832	0.15555	0.02047	0.05425	0.18653	0.11623	0.01181	0.01604	0.00938	0.01344	0.00790	0.03937	0.03193	0.00216	0.27802	0.00497	0.00279	0.00624
7	0.01432	0.67725	0.02471	0.00960	0.01354	0.12298	0.00905	0.01589	0.01084	0.01215	0.00722	0.00851	0.00660	0.00473	0.00414	0.00118	0.04568	0.00290	0.00226	0.00645
8	0.00690	0.00519	0.00640	0.00633	0.00759	0.00469	0.00475	0.00888	0.01321	0.01785	0.48353	0.11339	0.24303	0.01185	0.00615	0.00172	0.00263	0.04599	0.00529	0.00464
9	0.00770	0.02442	0.00654	0.00611	0.00634	0.00550	0.00379	0.00782	0.00758	0.01019	0.01510	0.02986	0.01688	0.63671	0.12983	0.06633	0.00614	0.00687	0.00298	0.00333
10	0.02818	0.55007	0.02220	0.00960	0.01358	0.11024	0.00877	0.05261	0.08860	0.05954	0.00961	0.01017	0.00793	0.00495	0.00383	0.00124	0.00571	0.00334	0.00294	0.00687
11	0.00930	0.00775	0.01086	0.00997	0.01086	0.00971	0.00801	0.06498	0.00928	0.01351	0.01167	0.01708	0.01082	0.02786	0.52206	0.00608	0.23710	0.00515	0.00278	0.00517
12	0.01426	0.74290	0.02565	0.00922	0.01344	0.09821	0.00889	0.01588	0.01084	0.01212	0.00721	0.00833	0.00659	0.00448	0.00343	0.00112	0.00586	0.00280	0.00224	0.00652
13	0.04580	0.01434	0.14805	0.02596	0.01636	0.05466	0.07330	0.14626	0.02389	0.03432	0.01003	0.01137	0.00768	0.00468	0.00450	0.00124	0.00556	0.00381	0.00328	0.36492
14	0.01338	0.74311	0.10354	0.00936	0.01407	0.01946	0.00980	0.01545	0.01047	0.01249	0.00734	0.00849	0.00658	0.00444	0.00345	0.00115	0.00570	0.00285	0.00219	0.00668
15	0.00625	0.00447	0.00595	0.00714	0.00744	0.00417	0.00476	0.00714	0.00982	0.01310	0.02828	0.81633	0.03394	0.01608	0.00655	0.00208	0.00298	0.01459	0.00476	0.00417
16	0.00733	0.00550	0.00825	0.00825	0.00916	0.00641	0.00641	0.00916	0.00825	0.01191	0.01374	0.02016	0.01283	0.03848	0.79934	0.00825	0.01374	0.00550	0.00275	0.00458
17	0.09023	0.01380	0.01210	0.01038	0.01342	0.20795	0.00815	0.13180	0.20230	0.14981	0.09397	0.01642	0.01438	0.00649	0.00496	0.00155	0.00547	0.00499	0.00462	0.00721
18	0.01264	0.01236	0.02177	0.03051	0.71155	0.01227	0.09111	0.01582	0.01173	0.01673	0.00972	0.01281	0.00809	0.00455	0.00518	0.00154	0.00635	0.00472	0.00255	0.00801
19	0.00787	0.00574	0.00771	0.00857	0.00983	0.00559	0.00733	0.01009	0.01207	0.01568	0.10634	0.05477	0.13379	0.01365	0.00685	0.00220	0.00421	0.57821	0.00482	0.00468
20	0.00729	0.00526	0.00690	0.00653	0.00774	0.00487	0.00493	0.00971	0.01445	0.02044	0.76497	0.03884	0.04792	0.01059	0.00608	0.00163	0.00248	0.02890	0.00562	0.00484
21	0.00969	0.00912	0.01539	0.80734	0.03534	0.01140	0.01425	0.01311	0.01026	0.01311	0.00912	0.01368	0.00684	0.00513	0.00513	0.00171	0.00684	0.00456	0.00228	0.00570
22	0.00734	0.00545	0.00801	0.00801	0.00884	0.00629	0.00612	0.00901	0.00818	0.01174	0.01396	0.02135	0.01335	0.10815	0.73038	0.00795	0.01296	0.00567	0.00278	0.00445
23	0.01064	0.00912	0.01064	0.00760	0.01216	0.00684	0.00608	0.01292	0.01064	0.01672	0.00912	0.01064	0.00760	0.00380	0.00380	0.00076	0.00380	0.00304	0.00304	0.85104
24	0.00625	0.00447	0.00595	0.00714	0.00744	0.00417	0.00476	0.00714	0.00982	0.01310	0.02828	0.81633	0.03394	0.01608	0.00655	0.00208	0.00298	0.01459	0.00476	0.00417
25	0.01076	0.13435	0.68935	0.01383	0.02098	0.01305	0.01758	0.01613	0.01078	0.01568	0.00893	0.01048	0.00651	0.00481	0.00466	0.00155	0.00730	0.00365	0.00217	0.00745
26	0.00701	0.00524	0.00651	0.00619	0.00751	0.00474	0.00465	0.00920	0.01394	0.01918	0.63285	0.04062	0.20140	0.01101	0.00605	0.00164	0.00246	0.00960	0.00546	0.00474
27	0.00621	0.00464	0.00578	0.00669	0.00732	0.00421	0.00456	0.00720	0.01026	0.01328	0.03386	0.63576	0.21090	0.01535	0.00644	0.00200	0.00289	0.01370	0.00476	0.00421
28	0.02011	0.00882	0.01161	0.00877	0.01288	0.00738	0.00720	0.02216	0.01373	0.60887	0.01762	0.01586	0.01150	0.00575	0.00484	0.00139	0.00423	0.00466	0.00557	0.20704
29	0.00611	0.00503	0.00538	0.00566	0.00705	0.00429	0.00410	0.00731	0.01125	0.01368	0.04640	0.22995	0.60862	0.01372	0.00618	0.00182	0.00269	0.01171	0.00476	0.00429
30	0.00730	0.00491	0.00564	0.00581	0.00585	0.00487	0.00333	0.00742	0.00778	0.01038	0.01781	0.13956	0.02072	0.71087	0.02347	0.00458	0.00470	0.00843	0.00333	0.00325
31	0.01361	0.79761	0.05109	0.00896	0.01345	0.02004	0.00910	0.01539	0.01044	0.01220	0.00720	0.00831	0.00658	0.00441	0.00334	0.00111	0.00555	0.00278	0.00219	0.00662
32	0.00731	0.00606	0.00656	0.00662	0.00837	0.00570	0.00516	0.01054	0.11545	0.01508	0.04310	0.07752	0.53775	0.01248	0.00612	0.00184	0.00313	0.12149	0.00482	0.00490
33	0.00802	0.00875	0.11500	0.00866	0.01102	0.00639	0.06187	0.01106	0.01385	0.01969	0.62406	0.03284	0.03981	0.00928	0.00589	0.00162	0.00357	0.00830	0.00496	0.00536
34	0.00682	0.00466	0.00586	0.00659	0.00724	0.00435	0.00455	0.00814	0.01070	0.01495	0.12768	0.55102	0.08724	0.01375	0.00605	0.00188	0.00280	0.01229	0.11907	0.00435
35	0.15468	0.00766	0.01106	0.01054	0.01262	0.00779	0.11071	0.01211	0.01132	0.01679	0.02197	0.04321	0.03843	0.01120	0.00625	0.00213	0.00508	0.50711	0.00417	0.00516
36	0.01329	0.53299	0.19255	0.01201	0.07120	0.07424	0.01158	0.01596	0.01090	0.01336	0.00782	0.00919	0.00668	0.00457	0.00386	0.00126	0.00626	0.00314	0.00225	0.00687
37	0.00717	0.00538	0.00682	0.00745	0.00865	0.00503	0.00598	0.00900	0.01182	0.01526	0.13700	0.17858	0.24759	0.01366	0.00657	0.00204	0.00352	0.31908	0.00487	0.00454

[dist]
# distance from previous block
# <min> <max>
0	4

[block]
# block no. 4 follows, 48 sequences, length 170
# corresponding to MSA columns:
# 354-523
name=unknown_E
#
# <colnr> <probs for GDERKNQSTAVLIFYWHMCP>
#	G	D	E	R	K	N	Q	S	T	A	V	L	I	F	Y	W	H	M	C	P
0	0.01080	0.00601	0.00797	0.00709	0.00889	0.00543	0.00545	0.01307	0.01438	0.19542	0.58180	0.06378	0.03974	0.00977	0.00587	0.00163	0.00288	0.00855	0.00577	0.00570
1	0.03415	0.01335	0.06971	0.05033	0.01616	0.03215	0.00973	0.37637	0.09048	0.18679	0.01402	0.01376	0.00978	0.00595	0.00500	0.00153	0.00538	0.00462	0.00482	0.05589
2	0.01134	0.01023	0.05231	0.41039	0.04362	0.01088	0.02502	0.09678	0.09192	0.05085	0.05717	0.09093	0.01316	0.00678	0.00533	0.00171	0.00575	0.00592	0.00350	0.00639
3	0.00663	0.00558	0.00659	0.06388	0.02855	0.00509	0.00525	0.00814	0.01141	0.01400	0.06150	0.15289	0.55740	0.01264	0.00608	0.00180	0.00312	0.04038	0.00455	0.00453
4	0.01523	0.07776	0.13154	0.05420	0.11365	0.43083	0.01175	0.01756	0.01278	0.01367	0.00983	0.06913	0.00879	0.00585	0.00479	0.00145	0.00776	0.00438	0.00266	0.00637
5	0.01054	0.00904	0.01092	0.07306	0.01395	0.00718	0.00670	0.01292	0.01061	0.01647	0.00926	0.01104	0.00764	0.00395	0.00391	0.00085	0.00402	0.00320	0.01827	0.76648
6	0.00783	0.04638	0.00797	0.00792	0.00879	0.04053	0.00572	0.00989	0.06647	0.01382	0.02571	0.62091	0.02969	0.01420	0.00625	0.00200	0.00360	0.07304	0.00457	0.00470
7	0.00776	0.00514	0.00590	0.00583	0.00593	0.00519	0.00338	0.02197	0.00776	0.01037	0.01568	0.03195	0.01784	0.74523	0.04457	0.04679	0.00518	0.00721	0.00310	0.00321
8	0.01117	0.12861	0.65629	0.01381	0.02073	0.05190	0.01720	0.01635	0.01096	0.01553	0.00888	0.01042	0.00652	0.00483	0.00466	0.00154	0.00740	0.00363	0.00219	0.00737
9	0.01330	0.01333	0.02024	0.02979	0.71573	0.08553	0.01520	0.01619	0.01195	0.01637	0.00949	0.01238	0.00799	0.00464	0.00504	0.00151	0.00639	0.00445	0.00255	0.00792
10	0.01123	0.01123	0.01572	0.01347	0.01347	0.01572	0.01123	0.01235	0.00786	0.01235	0.00674	0.01123	0.00674	0.00898	0.01684	0.00225	0.81028	0.00449	0.00225	0.00561
11	0.00636	0.00521	0.00561	0.00551	0.00711	0.00446	0.00413	0.00794	0.01239	0.01552	0.23264	0.04666	0.60389	0.01238	0.00606	0.00170	0.00256	0.01045	0.00498	0.00446
12	0.01194	0.01464	0.08555	0.02072	0.02607	0.01273	0.69275	0.01632	0.01198	0.01643	0.01026	0.01353	0.00769	0.00435	0.00591	0.00170	0.00844	0.00581	0.00258	0.03063
13	0.01516	0.00877	0.01055	0.00899	0.01187	0.00892	0.00711	0.02214	0.31321	0.30188	0.20746	0.02322	0.02259	0.00760	0.00540	0.00165	0.00377	0.00642	0.00574	0.00754
14	0.00969	0.00912	0.01539	0.80734	0.03534	0.01140	0.01425	0.01311	0.01026	0.01311	0.00912	0.01368	0.00684	0.00513	0.00513	0.00171	0.00684	0.00456	0.00228	0.00570
15	0.00652	0.00548	0.00569	0.00545	0.00729	0.00457	0.00407	0.00788	0.01156	0.01421	0.08082	0.04535	0.66134	0.04752	0.00678	0.00180	0.00278	0.01004	0.00461	0.06627
16	0.00758	0.00535	0.00663	0.00655	0.00677	0.00574	0.00423	0.00806	0.00767	0.01052	0.01521	0.02946	0.01678	0.59889	0.21290	0.00566	0.03860	0.00687	0.00299	0.00356
17	0.01874	0.02376	0.01444	0.01312	0.01567	0.76464	0.00987	0.02007	0.01426	0.01254	0.00802	0.00952	0.00674	0.00606	0.02132	0.00149	0.02783	0.00338	0.00264	0.00591
18	0.00625	0.00447	0.00595	0.00714	0.00744	0.00417	0.00476	0.00714	0.00982	0.01310	0.02828	0.81633	0.03394	0.01608	0.00655	0.00208	0.00298	0.01459	0.00476	0.00417
19	0.01222	0.01171	0.01997	0.15388	0.66900	0.01207	0.01551	0.01533	0.01146	0.01619	0.00957	0.01285	0.00792	0.00466	0.00509	0.00155	0.00621	0.00457	0.00250	0.00774
20	0.01606	0.01293	0.04731	0.01106	0.01457	0.03006	0.00918	0.34147	0.29892	0.08142	0.01650	0.05479	0.01263	0.00694	0.00544	0.00166	0.02043	0.00552	0.00500	0.00811
21	0.01958	0.01425	0.01533	0.01175	0.01585	0.01574	0.00971	0.75489	0.02393	0.04829	0.01249	0.01243	0.00881	0.00616	0.00513	0.00154	0.00562	0.00463	0.00516	0.00873
22	0.01057	0.00885	0.00964	0.00880	0.01113	0.00974	0.00678	0.02042	0.49211	0.02036	0.22246	0.02760	0.11287	0.00857	0.00553	0.00171	0.00347	0.00728	0.00528	0.00683
23	0.01649	0.01306	0.01285	0.01051	0.01347	0.10566	0.00847	0.41673	0.05831	0.03789	0.01290	0.01374	0.00968	0.00627	0.00561	0.00151	0.06418	0.00456	0.18081	0.00731
24	0.00787	0.00564	0.00780	0.00896	0.01000	0.00557	0.00757	0.00996	0.01146	0.01493	0.02783	0.19063	0.04467	0.01449	0.00697	0.00230	0.00438	0.60960	0.00473	0.00462
25	0.00969	0.00912	0.01539	0.80734	0.03534	0.01140	0.01425	0.01311	0.01026	0.01311	0.00912	0.01368	0.00684	0.00513	0.00513	0.00171	0.00684	0.00456	0.00228	0.00570
26	0.01787	0.11879	0.07298	0.01280	0.01601	0.64959	0.01044	0.01957	0.01378	0.01277	0.00793	0.00925	0.00660	0.00515	0.00449	0.00132	0.00869	0.00327	0.00256	0.00614
27	0.00625	0.00447	0.00595	0.00714	0.00744	0.00417	0.00476	0.00714	0.00982	0.01310	0.02828	0.81633	0.03394	0.01608	0.00655	0.00208	0.00298	0.01459	0.00476	0.00417
28	0.01917	0.02445	0.01454	0.01322	0.01586	0.79907	0.00991	0.02049	0.01454	0.01256	0.00793	0.00925	0.00661	0.00529	0.00463	0.00132	0.00925	0.00330	0.00264	0.00595
29	0.01064	0.00912	0.01064	0.00760	0.01216	0.00684	0.00608	0.01292	0.01064	0.01672	0.00912	0.01064	0.00760	0.00380	0.00380	0.00076	0.00380	0.00304	0.00304	0.85104
30	0.01954	0.01404	0.01516	0.01165	0.01573	0.01545	0.00962	0.72062	0.03828	0.06831	0.01286	0.01270	0.00905	0.00618	0.00514	0.00155	0.00555	0.00467	0.00519	0.00871
31	0.01372	0.82276	0.02689	0.00878	0.01317	0.02030	0.00878	0.01536	0.01043	0.01207	0.00713	0.00823	0.00658	0.00439	0.00329	0.00110	0.00549	0.00274	0.00219	0.00658
32	0.00606	0.00520	0.00520	0.00520	0.00693	0.00433	0.00390	0.00736	0.01170	0.01386	0.05198	0.04938	0.78558	0.01299	0.00606	0.00173	0.00260	0.01083	0.00476	0.00433
33	0.01054	0.08481	0.73701	0.01420	0.02155	0.01253	0.01821	0.01618	0.01080	0.01594	0.00906	0.01064	0.00651	0.00484	0.00476	0.00159	0.00743	0.00371	0.00217	0.00751
34	0.01230	0.01178	0.02010	0.13511	0.68719	0.01209	0.01555	0.01540	0.01149	0.01628	0.00958	0.01283	0.00796	0.00465	0.00509	0.00155	0.00620	0.00457	0.00251	0.00780
35	0.00802	0.00573	0.00798	0.00917	0.01024	0.00569	0.00784	0.01020	0.01157	0.01508	0.02730	0.15087	0.03007	0.01441	0.00702	0.00233	0.00451	0.66258	0.00473	0.00466
36	0.00704	0.00524	0.00655	0.00622	0.00753	0.00475	0.00467	0.00926	0.01400	0.01934	0.64978	0.04037	0.18437	0.01095	0.00605	0.00164	0.00245	0.00957	0.00549	0.00475
37	0.01934	0.01402	0.01507	0.01158	0.01561	0.01546	0.00956	0.73635	0.02360	0.04794	0.01259	0.01259	0.00892	0.00616	0.00510	0.00153	0.00554	0.00463	0.02579	0.00863
38	0.00661	0.00487	0.00620	0.00668	0.00751	0.00446	0.00474	0.00811	0.01172	0.01577	0.28636	0.42595	0.14890	0.01370	0.00632	0.00188	0.00277	0.02798	0.00506	0.00443
39	0.01270	0.01219	0.02083	0.03149	0.78767	0.01219	0.01575	0.01575	0.01168	0.01676	0.00965	0.01270	0.00813	0.00457	0.00508	0.00152	0.00610	0.00457	0.00254	0.00813
40	0.85592	0.00992	0.00754	0.00675	0.00992	0.01151	0.00556	0.01508	0.00873	0.02302	0.00714	0.00834	0.00556	0.00476	0.00318	0.00159	0.00397	0.00278	0.00318	0.00556
41	0.00827	0.00591	0.00827	0.00945	0.01063	0.00591	0.00827	0.01063	0.01181	0.01536	0.02717	0.05788	0.02953	0.01417	0.00709	0.00236	0.00472	0.75313	0.00472	0.00472
42	0.00636	0.00521	0.00560	0.00550	0.00711	0.00446	0.00413	0.00793	0.01238	0.01549	0.22989	0.04670	0.60666	0.01239	0.00606	0.00170	0.00256	0.01045	0.00498	0.00446
43	0.00606	0.00520	0.00520	0.00520	0.00693	0.00433	0.00390	0.00736	0.01170	0.01386	0.05198	0.04938	0.78558	0.01299	0.00606	0.00173	0.00260	0.01083	0.00476	0.00433
44	0.00969	0.00912	0.01539	0.80734	0.03534	0.01140	0.01425	0.01311	0.01026	0.01311	0.00912	0.01368	0.00684	0.00513	0.00513	0.00171	0.00684	0.00456	0.00228	0.00570
45	0.01083	0.00600	0.00614	0.00568	0.00724	0.00620	0.00437	0.10864	0.01246	0.02081	0.01618	0.01826	0.01259	0.00600	0.00378	0.00124	0.00281	0.00476	0.74072	0.00529
46	0.01951	0.01437	0.01540	0.01181	0.01591	0.01591	0.00975	0.77056	0.02412	0.03234	0.01232	0.01232	0.00873	0.00616	0.00513	0.00154	0.00565	0.00462	0.00513	0.00873
47	0.04050	0.01342	0.01469	0.01128	0.01535	0.01456	0.00932	0.64100	0.02234	0.14517	0.01337	0.01299	0.00924	0.00615	0.00509	0.00155	0.00541	0.00466	0.00527	0.00865
48	0.00633	0.00521	0.00557	0.00548	0.00709	0.00444	0.00411	0.00788	0.01232	0.01535	0.21473	0.04693	0.62190	0.01244	0.00606	0.00171	0.00256	0.01048	0.00496	0.00444
49	0.00606	0.00520	0.00520	0.00520	0.00693	0.00433	0.00390	0.00736	0.01170	0.01386	0.05198	0.04938	0.78558	0.01299	0.00606	0.00173	0.00260	0.01083	0.00476	0.00433
50	0.01064	0.00912	0.01064	0.00760	0.01216	0.00684	0.00608	0.01292	0.01064	0.01672	0.00912	0.01064	0.00760	0.00380	0.00380	0.00076	0.00380	0.00304	0.00304	0.85104
51	0.01029	0.02654	0.79309	0.01462	0.02221	0.01192	0.01896	0.01625	0.01083	0.01625	0.00921	0.01083	0.00650	0.00487	0.00487	0.00162	0.00758	0.00379	0.00217	0.00758
52	0.00618	0.00511	0.00542	0.00554	0.00705	0.00435	0.00408	0.00752	0.01168	0.01429	0.10674	0.14501	0.63294	0.01319	0.00612	0.00177	0.00263	0.01118	0.00483	0.00435
53	0.01085	0.01030	0.01748	0.50890	0.32474	0.01170	0.01483	0.01412	0.01081	0.01452	0.00932	0.01330	0.00734	0.00492	0.00511	0.00164	0.00655	0.00456	0.00238	0.00663
54	0.07218	0.02532	0.73560	0.01405	0.02131	0.01189	0.01798	0.01616	0.01068	0.01675	0.00906	0.01065	0.00643	0.00487	0.00475	0.00162	0.00732	0.00372	0.00224	0.00743
55	0.02302	0.00873	0.01191	0.00913	0.01310	0.00754	0.00754	0.02501	0.01469	0.79122	0.02024	0.01746	0.01270	0.00635	0.00516	0.00159	0.00437	0.00516	0.00635	0.00873
56	0.00703	0.00528	0.00611	0.00597	0.00718	0.00484	0.00431	0.00885	0.02690	0.01616	0.33485	0.05804	0.30159	0.14602	0.00935	0.00223	0.00299	0.02215	0.02574	0.00442
57	0.00746	0.00497	0.00560	0.00560	0.00560	0.00497	0.00311	0.00746	0.00746	0.00995	0.01617	0.03358	0.01865	0.81967	0.02612	0.00497	0.00497	0.00746	0.00311	0.00311
58	0.01030	0.00991	0.01730	0.63842	0.13948	0.01163	0.07292	0.01373	0.01060	0.01388	0.00929	0.01356	0.00709	0.00499	0.00519	0.00169	0.00688	0.00468	0.00234	0.00613
59	0.00956	0.00478	0.00478	0.00478	0.00598	0.00478	0.00359	0.01196	0.01076	0.01913	0.01674	0.01913	0.01315	0.00598	0.00359	0.00120	0.00239	0.00478	0.84816	0.00478
60	0.00624	0.00451	0.00591	0.00704	0.00741	0.00418	0.00471	0.00716	0.00993	0.01314	0.02960	0.77364	0.07577	0.01590	0.00652	0.00206	0.00296	0.01438	0.00476	0.00418
61	0.00715	0.00527	0.00671	0.00644	0.00772	0.00483	0.00489	0.00942	0.01402	0.01943	0.65093	0.04075	0.14461	0.01100	0.00610	0.00167	0.00256	0.04625	0.00549	0.00477
62	0.00956	0.00478	0.00478	0.00478	0.00598	0.00478	0.00359	0.01196	0.01076	0.01913	0.01674	0.01913	0.01315	0.00598	0.00359	0.00120	0.00239	0.00478	0.84816	0.00478
63	0.84083	0.00991	0.00768	0.02102	0.01038	0.01151	0.00571	0.01505	0.00876	0.02284	0.00718	0.00843	0.00558	0.00477	0.00321	0.00159	0.00402	0.00281	0.00316	0.00556
64	0.00823	0.00667	0.00937	0.00887	0.00939	0.00820	0.00681	0.00953	0.00800	0.01160	0.01267	0.02092	0.01266	0.19302	0.46444	0.00623	0.19047	0.00568	0.00271	0.00451
65	0.00913	0.00666	0.00852	0.00800	0.00898	0.00752	0.00596	0.09805	0.01004	0.01423	0.01433	0.03886	0.01408	0.24976	0.38006	0.00565	0.05600	0.00603	0.05343	0.00472
66	0.01737	0.01299	0.01404	0.01078	0.01480	0.01384	0.00884	0.58420	0.05316	0.02878	0.01232	0.01259	0.00900	0.00579	0.00486	0.00141	0.00515	0.00441	0.03698	0.14870
67	0.01202	0.46166	0.28049	0.01057	0.01586	0.01581	0.01180	0.01512	0.01055	0.01385	0.00890	0.04465	0.00783	0.00502	0.00400	0.00129	0.00595	0.00363	0.00236	0.06861
68	0.01035	0.00846	0.01003	0.00754	0.01150	0.00650	0.00593	0.01249	0.01085	0.03551	0.04961	0.09110	0.01232	0.00540	0.00421	0.00095	0.00367	0.00453	0.00342	0.70565
69	0.00683	0.00547	0.00614	0.00599	0.00753	0.00493	0.00448	0.00917	0.05053	0.01663	0.31369	0.07367	0.45268	0.01191	0.00604	0.00170	0.00262	0.01017	0.00511	0.00470
70	0.00939	0.00685	0.00847	0.02545	0.01032	0.00636	0.00616	0.01278	0.09010	0.06526	0.27340	0.07725	0.11287	0.00974	0.00569	0.00163	0.00344	0.11871	0.00484	0.15129
71	0.00721	0.00524	0.00679	0.00640	0.00763	0.00482	0.00480	0.00958	0.01440	0.02029	0.75384	0.03880	0.07971	0.01060	0.00605	0.00162	0.00243	0.00935	0.00561	0.00482
72	0.01290	0.56359	0.18116	0.00989	0.01466	0.03078	0.01055	0.01549	0.01100	0.03539	0.06486	0.01124	0.00980	0.00501	0.00389	0.00126	0.00573	0.00351	0.00257	0.00671
73	0.01003	0.00946	0.01600	0.72045	0.11960	0.01149	0.01442	0.01341	0.01042	0.01352	0.00918	0.01357	0.00698	0.00507	0.00512	0.00169	0.00676	0.00456	0.00231	0.00597
74	0.85592	0.00992	0.00754	0.00675	0.00992	0.01151	0.00556	0.01508	0.00873	0.02302	0.00714	0.00834	0.00556	0.00476	0.00318	0.00159	0.00397	0.00278	0.00318	0.00556
75	0.01002	0.00948	0.01621	0.61173	0.11492	0.01126	0.05284	0.01319	0.01037	0.01359	0.01001	0.04868	0.00825	0.00582	0.00580	0.01525	0.02916	0.00507	0.00243	0.00590
76	0.00643	0.00521	0.00571	0.00559	0.00716	0.00449	0.00419	0.00808	0.01257	0.01594	0.27863	0.04596	0.55764	0.01222	0.00606	0.00170	0.00254	0.01035	0.00504	0.00449
77	0.01715	0.05316	0.07151	0.01194	0.01553	0.28815	0.00997	0.21963	0.18516	0.05840	0.01261	0.01272	0.00946	0.00587	0.00488	0.00150	0.00663	0.00431	0.00400	0.00745
78	0.01029	0.02654	0.79309	0.01462	0.02221	0.01192	0.01896	0.01625	0.01083	0.01625	0.00921	0.01083	0.00650	0.00487	0.00487	0.00162	0.00758	0.00379	0.00217	0.00758
79	0.01064	0.00912	0.01064	0.00760	0.01216	0.00684	0.00608	0.01292	0.01064	0.01672	0.00912	0.01064	0.00760	0.00380	0.00380	0.00076	0.00380	0.00304	0.00304	0.85104
80	0.03054	0.01139	0.01280	0.02867	0.03139	0.03444	0.02273	0.07163	0.45421	0.01995	0.01582	0.01580	0.01216	0.00645	0.00622	0.00163	0.09091	0.00502	0.00431	0.12392
81	0.00999	0.00864	0.01139	0.29506	0.05736	0.02551	0.00932	0.02820	0.15130	0.03485	0.05380	0.03919	0.21529	0.00798	0.00540	0.00169	0.00479	0.00679	0.02752	0.00595
82	0.00956	0.00478	0.00478	0.00478	0.00598	0.00478	0.00359	0.01196	0.01076	0.01913	0.01674	0.01913	0.01315	0.00598	0.00359	0.00120	0.00239	0.00478	0.84816	0.00478
83	0.21407	0.00997	0.08128	0.01009	0.01312	0.00863	0.10321	0.02896	0.01089	0.07485	0.01679	0.22396	0.01683	0.00883	0.00526	0.00177	0.00477	0.09637	0.00387	0.06646
84	0.01213	0.01189	0.01891	0.26048	0.52660	0.05085	0.01502	0.01520	0.01140	0.01547	0.00941	0.01282	0.00767	0.00477	0.00507	0.00157	0.00647	0.00451	0.00247	0.00730
85	0.03462	0.01791	0.33978	0.01549	0.02139	0.01120	0.28468	0.01549	0.01118	0.01653	0.00995	0.02871	0.00771	0.00472	0.00509	0.00151	0.00708	0.00466	0.00256	0.15973
86	0.01122	0.04080	0.64240	0.01511	0.02215	0.01201	0.11255	0.01669	0.01118	0.05449	0.00986	0.01148	0.00697	0.00487	0.00500	0.00163	0.00751	0.00412	0.00243	0.00754
87	0.00956	0.00478	0.00478	0.00478	0.00598	0.00478	0.00359	0.01196	0.01076	0.01913	0.01674	0.01913	0.01315	0.00598	0.00359	0.00120	0.00239	0.00478	0.84816	0.00478
88	0.01142	0.00841	0.01355	0.01449	0.16348	0.00808	0.10984	0.05052	0.01201	0.12375	0.02028	0.34980	0.02091	0.01029	0.00597	0.00185	0.00479	0.06008	0.00428	0.00621
89	0.02223	0.00920	0.01210	0.00936	0.01328	0.00833	0.00771	0.06949	0.05845	0.70253	0.01981	0.01725	0.01263	0.00637	0.00516	0.00159	0.00442	0.00516	0.00621	0.00870
90	0.01085	0.00979	0.01506	0.33036	0.23547	0.01094	0.01237	0.02965	0.12834	0.01661	0.08733	0.01930	0.01399	0.00635	0.00534	0.00169	0.00563	0.05096	0.00333	0.00665
91	0.01917	0.02445	0.01454	0.01322	0.01586	0.79907	0.00991	0.02049	0.01454	0.01256	0.00793	0.00925	0.00661	0.00529	0.00463	0.00132	0.00925	0.00330	0.00264	0.00595
92	0.01976	0.01396	0.01514	0.01161	0.01571	0.01530	0.00959	0.71599	0.02343	0.08788	0.01290	0.01270	0.00902	0.00617	0.00513	0.00154	0.00555	0.00466	0.00522	0.00873
93	0.00827	0.00591	0.00827	0.00945	0.01063	0.00591	0.00827	0.01063	0.01181	0.01536	0.02717	0.05788	0.02953	0.01417	0.00709	0.00236	0.00472	0.75313	0.00472	0.00472
94	0.01409	0.01138	0.01213	0.01057	0.01368	0.01297	0.00832	0.12717	0.64548	0.05462	0.01971	0.01816	0.01461	0.00683	0.00521	0.00171	0.00429	0.00562	0.00526	0.00823
95	0.00635	0.00454	0.00607	0.00726	0.00760	0.00425	0.00494	0.00732	0.00992	0.01321	0.02823	0.77884	0.03372	0.01598	0.00658	0.00210	0.00306	0.05109	0.00476	0.00420
96	0.00696	0.00522	0.00645	0.00617	0.00749	0.00471	0.00462	0.00909	0.01376	0.01885	0.59765	0.05698	0.22079	0.01119	0.00606	0.00165	0.00247	0.00975	0.00542	0.00471
97	0.01123	0.01123	0.01572	0.01347	0.01347	0.01572	0.01123	0.01235	0.00786	0.01235	0.00674	0.01123	0.00674	0.00898	0.01684	0.00225	0.81028	0.00449	0.00225	0.00561
98	0.01917	0.02445	0.01454	0.01322	0.01586	0.79907	0.00991	0.02049	0.01454	0.01256	0.00793	0.00925	0.00661	0.00529	0.00463	0.00132	0.00925	0.00330	0.00264	0.00595
99	0.00969	0.00912	0.01539	0.80734	0.03534	0.01140	0.01425	0.01311	0.01026	0.01311	0.00912	0.01368	0.00684	0.00513	0.00513	0.00171	0.00684	0.00456	0.00228	0.00570
100	0.00956	0.00478	0.00478	0.00478	0.00598	0.00478	0.00359	0.01196	0.01076	0.01913	0.01674	0.01913	0.01315	0.00598	0.00359	0.00120	0.00239	0.00478	0.84816	0.00478
101	0.01035	0.00944	0.01482	0.65850	0.04762	0.01155	0.01321	0.03179	0.10479	0.01477	0.01080	0.01441	0.00812	0.00538	0.00511	0.00170	0.00636	0.00472	0.02046	0.00610
102	0.00746	0.00497	0.00560	0.00560	0.00560	0.00497	0.00311	0.00746	0.00746	0.00995	0.01617	0.03358	0.01865	0.81967	0.02612	0.00497	0.00497	0.00746	0.00311	0.00311
103	0.02076	0.00914	0.01179	0.00932	0.01303	0.00851	0.00760	0.05195	0.12784	0.61976	0.04988	0.01834	0.01439	0.00660	0.00520	0.00161	0.00429	0.00540	0.00611	0.00849
104	0.01412	0.76434	0.02598	0.00910	0.01337	0.07730	0.00886	0.01574	0.01073	0.01211	0.00719	0.00831	0.00659	0.00446	0.00339	0.00111	0.00576	0.00278	0.00223	0.00654
105	0.01270	0.01219	0.02083	0.03149	0.78767	0.01219	0.01575	0.01575	0.01168	0.01676	0.00965	0.01270	0.00813	0.00457	0.00508	0.00152	0.00610	0.00457	0.00254	0.00813
106	0.01211	0.01384	0.03028	0.02163	0.02682	0.01298	0.76903	0.01644	0.01211	0.01644	0.01038	0.01384	0.00779	0.00433	0.00606	0.00173	0.00865	0.00606	0.00260	0.00692
107	0.00612	0.00517	0.00530	0.00533	0.00698	0.00434	0.00397	0.00744	0.01172	0.01409	0.07956	0.08252	0.72389	0.01303	0.00609	0.00174	0.00261	0.01093	0.00480	0.00434
108	0.00711	0.00524	0.00665	0.00630	0.00757	0.00478	0.00472	0.00939	0.01417	0.01973	0.69274	0.03972	0.14116	0.01080	0.00605	0.00163	0.00244	0.00947	0.00554	0.00478
109	0.01046	0.00990	0.01677	0.60980	0.22689	0.01160	0.01463	0.01378	0.01062	0.01404	0.00926	0.01343	0.00717	0.00499	0.00512	0.00166	0.00665	0.00456	0.00235	0.00632
110	0.00636	0.00455	0.00605	0.00707	0.00747	0.00424	0.00477	0.00741	0.01032	0.01389	0.10789	0.73448	0.03546	0.01549	0.00650	0.00203	0.00292	0.01403	0.00486	0.00424
111	0.01211	0.01384	0.03028	0.02163	0.02682	0.01298	0.76903	0.01644	0.01211	0.01644	0.01038	0.01384	0.00779	0.00433	0.00606	0.00173	0.00865	0.00606	0.00260	0.00692
112	0.01029	0.02654	0.79309	0.01462	0.02221	0.01192	0.01896	0.01625	0.01083	0.01625	0.00921	0.01083	0.00650	0.00487	0.00487	0.00162	0.00758	0.00379	0.00217	0.00758
113	0.01267	0.01092	0.01153	0.01042	0.01329	0.01262	0.00812	0.02692	0.76247	0.02134	0.02101	0.01995	0.01595	0.00711	0.00526	0.00175	0.00407	0.02132	0.00521	0.00805
114	0.01064	0.00912	0.01064	0.00760	0.01216	0.00684	0.00608	0.01292	0.01064	0.01672	0.00912	0.01064	0.00760	0.00380	0.00380	0.00076	0.00380	0.00304	0.00304	0.85104
115	0.01372	0.82276	0.02689	0.00878	0.01317	0.02030	0.00878	0.01536	0.01043	0.01207	0.00713	0.00823	0.00658	0.00439	0.00329	0.00110	0.00549	0.00274	0.00219	0.00658
116	0.01288	0.05039	0.60267	0.01351	0.02024	0.01139	0.03081	0.01790	0.01158	0.16425	0.01127	0.01207	0.00771	0.00513	0.00490	0.00160	0.00692	0.00406	0.00298	0.00776
117	0.00606	0.00520	0.00520	0.00520	0.00693	0.00433	0.00390	0.00736	0.01170	0.01386	0.05198	0.04938	0.78558	0.01299	0.00606	0.00173	0.00260	0.01083	0.00476	0.00433
118	0.01088	0.00911	0.01066	0.00763	0.01218	0.00685	0.00611	0.01316	0.01072	0.03201	0.00934	0.01077	0.00770	0.00385	0.00383	0.00078	0.00381	0.00308	0.00311	0.83441
119	0.01055	0.08689	0.73501	0.01418	0.02152	0.01255	0.01819	0.01618	0.01080	0.01593	0.00905	0.01064	0.00651	0.00484	0.00475	0.00158	0.00742	0.00371	0.00217	0.00751
120	0.85592	0.00992	0.00754	0.00675	0.00992	0.01151	0.00556	0.01508	0.00873	0.02302	0.00714	0.00834	0.00556	0.00476	0.00318	0.00159	0.00397	0.00278	0.00318	0.00556
121	0.71522	0.01269	0.13825	0.00806	0.01197	0.01158	0.00779	0.01528	0.00908	0.02189	0.00749	0.00875	0.00571	0.00478	0.00346	0.00159	0.00457	0.00295	0.00301	0.00589
122	0.01276	0.01102	0.01160	0.01044	0.01334	0.01276	0.00812	0.02727	0.77840	0.02146	0.02088	0.01914	0.01566	0.00696	0.00522	0.00174	0.00406	0.00580	0.00522	0.00812
123	0.01064	0.00912	0.01064	0.00760	0.01216	0.00684	0.00608	0.01292	0.01064	0.01672	0.00912	0.01064	0.00760	0.00380	0.00380	0.00076	0.00380	0.00304	0.00304	0.85104
124	0.01123	0.01123	0.01572	0.01347	0.01347	0.01572	0.01123	0.01235	0.00786	0.01235	0.00674	0.01123	0.00674	0.00898	0.01684	0.00225	0.81028	0.00449	0.00225	0.00561
125	0.01276	0.01102	0.01160	0.01044	0.01334	0.01276	0.00812	0.02727	0.77840	0.02146	0.02088	0.01914	0.01566	0.00696	0.00522	0.00174	0.00406	0.00580	0.00522	0.00812
126	0.00726	0.00524	0.00686	0.00646	0.00767	0.00484	0.00484	0.00968	0.01452	0.02058	0.78496	0.03833	0.04841	0.01049	0.00605	0.00161	0.00242	0.00928	0.00565	0.00484
127	0.01951	0.01437	0.01540	0.01181	0.01591	0.01591	0.00975	0.77056	0.02412	0.03234	0.01232	0.01232	0.00873	0.00616	0.00513	0.00154	0.00565	0.00462	0.00513	0.00873
128	0.00651	0.00475	0.00616	0.00702	0.00765	0.00440	0.00494	0.00774	0.01076	0.01429	0.12593	0.58102	0.11571	0.01490	0.00647	0.00201	0.00299	0.06757	0.00487	0.00431
129	0.00666	0.00454	0.00583	0.00681	0.00727	0.00426	0.00461	0.00778	0.01011	0.01403	0.04866	0.68441	0.04845	0.01467	0.00618	0.00196	0.00288	0.01321	0.10343	0.00426
130	0.00773	0.00552	0.00765	0.00884	0.00978	0.00544	0.00733	0.00970	0.01128	0.01475	0.02746	0.25995	0.03070	0.01468	0.00694	0.00229	0.00426	0.55636	0.00473	0.00458
131	0.01077	0.01056	0.01484	0.01286	0.01297	0.01463	0.01066	0.01198	0.00790	0.01230	0.00756	0.01227	0.00745	0.01243	0.10836	0.00295	0.71712	0.00461	0.00230	0.00549
132	0.01412	0.76434	0.02598	0.00910	0.01337	0.07730	0.00886	0.01574	0.01073	0.01211	0.00719	0.00831	0.00659	0.00446	0.00339	0.00111	0.00576	0.00278	0.00223	0.00654
133	0.01264	0.01199	0.01963	0.04610	0.68055	0.01224	0.01482	0.01704	0.10133	0.01723	0.01095	0.01347	0.00898	0.00486	0.00510	0.00155	0.00587	0.00472	0.00285	0.00807
134	0.00640	0.00457	0.00612	0.00731	0.00768	0.00429	0.00502	0.00740	0.00997	0.01326	0.02820	0.76082	0.03361	0.01594	0.00659	0.00210	0.00310	0.06864	0.00476	0.00421
135	0.00763	0.00533	0.00698	0.00652	0.00779	0.00490	0.00490	0.01004	0.01453	0.03836	0.76732	0.03785	0.04759	0.01039	0.00603	0.00161	0.00247	0.00918	0.00566	0.00493
136	0.01372	0.82276	0.02689	0.00878	0.01317	0.02030	0.00878	0.01536	0.01043	0.01207	0.00713	0.00823	0.00658	0.00439	0.00329	0.00110	0.00549	0.00274	0.00219	0.00658
137	0.01918	0.01032	0.01160	0.00951	0.01287	0.07856	0.00765	0.06747	0.11644	0.47804	0.04261	0.03735	0.02900	0.00698	0.00520	0.00160	0.00466	0.02379	0.02926	0.00789
138	0.67799	0.00934	0.00799	0.00700	0.01008	0.01042	0.00572	0.01574	0.00998	0.11318	0.08193	0.01223	0.01043	0.00549	0.00368	0.00159	0.00387	0.00367	0.00378	0.00586
139	0.01270	0.01219	0.02083	0.03149	0.78767	0.01219	0.01575	0.01575	0.01168	0.01676	0.00965	0.01270	0.00813	0.00457	0.00508	0.00152	0.00610	0.00457	0.00254	0.00813
140	0.01064	0.00912	0.01064	0.00760	0.01216	0.00684	0.00608	0.01292	0.01064	0.01672	0.00912	0.01064	0.00760	0.00380	0.00380	0.00076	0.00380	0.00304	0.00304	0.85104
141	0.85592	0.00992	0.00754	0.00675	0.00992	0.01151	0.00556	0.01508	0.00873	0.02302	0.00714	0.00834	0.00556	0.00476	0.00318	0.00159	0.00397	0.00278	0.00318	0.00556
142	0.01372	0.82276	0.02689	0.00878	0.01317	0.02030	0.00878	0.01536	0.01043	0.01207	0.00713	0.00823	0.00658	0.00439	0.00329	0.00110	0.00549	0.00274	0.00219	0.00658
