[name]
unknown

[dist]
# distance from previous block
# <min> <max>
0	26

[block]
# block no. 0 follows, 44 sequences, length 7
# corresponding to MSA columns:
# 102-108
name=unknown_A
#
# <colnr> <probs for GDERKNQSTAVLIFYWHMCP>
#	G	D	E	R	K	N	Q	S	T	A	V	L	I	F	Y	W	H	M	C	P
0	0.00866	0.00622	0.00878	0.00988	0.01110	0.00634	0.00854	0.01110	0.01207	0.01585	0.02706	0.05641	0.02912	0.01834	0.10643	0.00330	0.00624	0.64481	0.00475	0.00500
1	0.01088	0.01019	0.01690	0.47591	0.25147	0.01153	0.01450	0.01418	0.01154	0.01524	0.01414	0.01919	0.06611	0.00634	0.00560	0.00179	0.00659	0.03842	0.00282	0.00666
2	0.00646	0.00546	0.00559	0.00570	0.00741	0.00459	0.00422	0.00780	0.01226	0.01466	0.05312	0.11551	0.71050	0.01408	0.00649	0.00187	0.00280	0.01184	0.00506	0.00459
3	0.01966	0.23201	0.01861	0.01089	0.01525	0.01583	0.00942	0.34044	0.05119	0.21283	0.01407	0.01357	0.01002	0.00612	0.00493	0.00153	0.00554	0.00456	0.00492	0.00862
4	0.01145	0.08396	0.63009	0.01603	0.02351	0.01346	0.11257	0.01722	0.01165	0.01696	0.00978	0.01171	0.00709	0.00507	0.00522	0.00170	0.00804	0.00425	0.00236	0.00789
5	0.00695	0.00679	0.05634	0.00708	0.00880	0.00517	0.00572	0.00861	0.01186	0.01498	0.06980	0.28683	0.42985	0.01424	0.00657	0.00198	0.00333	0.04537	0.00492	0.00481
6	0.01842	0.01488	0.06468	0.01191	0.01620	0.01514	0.01023	0.57150	0.07721	0.03073	0.01377	0.01399	0.00997	0.00641	0.00527	0.00160	0.00568	0.00489	0.06764	0.03989

[dist]
# distance from previous block
# <min> <max>
8	24

[block]
# block no. 1 follows, 44 sequences, length 23
# corresponding to MSA columns:
# 133-155
name=unknown_B
#
# <colnr> <probs for GDERKNQSTAVLIFYWHMCP>
#	G	D	E	R	K	N	Q	S	T	A	V	L	I	F	Y	W	H	M	C	P
0	0.01139	0.05630	0.01645	0.07199	0.01610	0.05838	0.08560	0.01314	0.01003	0.01368	0.01387	0.08056	0.06586	0.04070	0.04463	0.00248	0.38381	0.00629	0.00292	0.00582
1	0.01819	0.08171	0.01695	0.04162	0.01686	0.17256	0.05857	0.19976	0.03101	0.16294	0.01325	0.04592	0.01030	0.00674	0.00642	0.00166	0.07937	0.00507	0.00426	0.02686
2	0.12412	0.04846	0.01621	0.05966	0.01664	0.03033	0.12824	0.02992	0.03493	0.05861	0.01287	0.08051	0.02866	0.00723	0.00783	0.00176	0.17466	0.00561	0.00340	0.13036
3	0.00838	0.00605	0.00756	0.00796	0.00889	0.00597	0.00562	0.03566	0.04860	0.03944	0.05987	0.54270	0.09512	0.05080	0.00799	0.00223	0.03041	0.01287	0.00499	0.01892
4	0.00734	0.00512	0.00631	0.00718	0.00782	0.00488	0.00489	0.00898	0.03732	0.01491	0.02987	0.59161	0.09256	0.04787	0.00736	0.00219	0.00319	0.01331	0.10269	0.00462
5	0.01762	0.06383	0.08186	0.01172	0.01596	0.01415	0.02940	0.39705	0.09258	0.10732	0.01608	0.04530	0.02984	0.00693	0.00535	0.00166	0.00559	0.00550	0.04385	0.00842
6	0.01280	0.19678	0.18452	0.03315	0.05864	0.01534	0.36089	0.01691	0.01197	0.01618	0.00980	0.01255	0.00766	0.00493	0.00584	0.00167	0.03543	0.00498	0.00255	0.00741
7	0.00651	0.00527	0.00578	0.00619	0.00754	0.00455	0.00444	0.00775	0.01179	0.01447	0.04716	0.29367	0.53619	0.01486	0.00661	0.00196	0.00289	0.01279	0.00506	0.00455
8	0.01316	0.07689	0.57217	0.01472	0.02171	0.06367	0.03250	0.08387	0.01317	0.04408	0.01027	0.01167	0.00738	0.00534	0.00511	0.00166	0.00775	0.00410	0.00278	0.00801
9	0.01730	0.01205	0.01474	0.09050	0.08481	0.01295	0.01022	0.37615	0.05419	0.12900	0.03417	0.09313	0.01369	0.00750	0.00559	0.00172	0.00547	0.00620	0.02243	0.00820
10	0.01320	0.00931	0.01092	0.01019	0.04304	0.00959	0.00750	0.26082	0.04048	0.07298	0.10047	0.24674	0.11181	0.01083	0.00606	0.00183	0.00426	0.00928	0.02390	0.00678
11	0.00728	0.00583	0.00654	0.00632	0.00799	0.00524	0.00475	0.00979	0.04866	0.01795	0.33990	0.04628	0.44900	0.01244	0.00640	0.00179	0.00276	0.01060	0.00546	0.00501
12	0.01565	0.01384	0.03589	0.04313	0.40331	0.07272	0.09594	0.04344	0.07422	0.12834	0.01286	0.01460	0.00977	0.00544	0.00550	0.00166	0.00663	0.00511	0.00360	0.00835
13	0.01301	0.26067	0.17281	0.01676	0.05009	0.01560	0.30077	0.03990	0.01234	0.01640	0.01061	0.04718	0.00890	0.00535	0.00525	0.00161	0.00747	0.00519	0.00272	0.00736
14	0.01199	0.00792	0.00917	0.00822	0.01049	0.00787	0.00631	0.09001	0.13273	0.12815	0.18758	0.11959	0.19031	0.03884	0.00682	0.00192	0.00369	0.00898	0.02296	0.00643
15	0.01093	0.02820	0.78016	0.01554	0.02360	0.01266	0.02014	0.01727	0.01151	0.01727	0.00978	0.01151	0.00691	0.00518	0.00518	0.00173	0.00806	0.00403	0.00230	0.00806
16	0.03657	0.01295	0.01472	0.11926	0.07412	0.07656	0.01052	0.24408	0.12384	0.10234	0.01489	0.06118	0.01176	0.00707	0.00605	0.00174	0.04581	0.00559	0.02312	0.00783
17	0.00880	0.00738	0.00982	0.02940	0.01060	0.00838	0.02319	0.03498	0.01039	0.01404	0.02466	0.26346	0.14899	0.14158	0.05519	0.00300	0.18749	0.00978	0.00394	0.00493
18	0.01728	0.12671	0.01606	0.01075	0.01474	0.01460	0.00899	0.40256	0.07667	0.07689	0.08615	0.01675	0.03076	0.00676	0.00519	0.00154	0.00521	0.00525	0.00497	0.07219
19	0.01399	0.00992	0.01240	0.01092	0.06994	0.00908	0.00793	0.06188	0.07430	0.14710	0.04108	0.05312	0.01310	0.03931	0.00646	0.00151	0.04266	0.00516	0.00426	0.37588
20	0.09138	0.12209	0.12962	0.01191	0.03550	0.05251	0.01074	0.21112	0.06168	0.09903	0.04080	0.01364	0.01052	0.00608	0.00533	0.00158	0.03334	0.00449	0.00410	0.05453
21	0.01626	0.20760	0.01988	0.03263	0.07828	0.07792	0.06620	0.11874	0.13323	0.10446	0.01276	0.01362	0.00981	0.00613	0.00616	0.00163	0.07835	0.00467	0.00386	0.00781
22	0.01382	0.01133	0.03082	0.02610	0.01406	0.05179	0.00796	0.10352	0.07999	0.09140	0.01446	0.10155	0.01249	0.00661	0.00522	0.00135	0.02249	0.00537	0.00415	0.39553

[dist]
# distance from previous block
# <min> <max>
0	14

[block]
# block no. 2 follows, 44 sequences, length 16
# corresponding to MSA columns:
# 170-185
name=unknown_C
#
# <colnr> <probs for GDERKNQSTAVLIFYWHMCP>
#	G	D	E	R	K	N	Q	S	T	A	V	L	I	F	Y	W	H	M	C	P
0	0.01633	0.04695	0.03263	0.01607	0.17191	0.08028	0.01096	0.21666	0.20650	0.06772	0.01517	0.04555	0.01192	0.00658	0.00535	0.00165	0.00579	0.00539	0.00448	0.03209
1	0.00773	0.00573	0.00694	0.00740	0.00828	0.00555	0.00512	0.03797	0.04515	0.01544	0.09056	0.45927	0.14156	0.11081	0.02399	0.00257	0.00369	0.01253	0.00492	0.00476
2	0.01824	0.01074	0.01253	0.00981	0.01356	0.01063	0.00798	0.27984	0.03559	0.25626	0.08744	0.01803	0.01502	0.00673	0.00522	0.00152	0.00463	0.00539	0.08831	0.11254
3	0.04203	0.05940	0.01332	0.01009	0.01356	0.01173	0.00821	0.20260	0.15333	0.23002	0.06955	0.06507	0.05073	0.00784	0.00565	0.00170	0.01681	0.00632	0.00547	0.02657
4	0.01445	0.41261	0.04986	0.11069	0.10925	0.03396	0.01149	0.06097	0.01219	0.05202	0.00936	0.01135	0.00780	0.00602	0.01903	0.00160	0.06343	0.00387	0.00281	0.00724
5	0.00670	0.00481	0.00627	0.00741	0.00778	0.00448	0.00493	0.00762	0.01041	0.01379	0.03067	0.72877	0.07219	0.05634	0.00797	0.00235	0.00325	0.01492	0.00497	0.00438
6	0.01061	0.01015	0.01756	0.71221	0.07400	0.01225	0.05817	0.01428	0.01109	0.01433	0.00980	0.01449	0.00739	0.00537	0.00551	0.00181	0.00734	0.00494	0.00246	0.00626
7	0.01182	0.04453	0.02132	0.32035	0.13755	0.01313	0.20993	0.02971	0.01171	0.01583	0.01083	0.04475	0.00899	0.00595	0.00672	0.00182	0.07508	0.00560	0.01760	0.00679
8	0.03405	0.01109	0.01192	0.00993	0.01290	0.02389	0.00786	0.37275	0.06149	0.05946	0.06578	0.09435	0.07838	0.04466	0.02389	0.00202	0.00503	0.00694	0.06624	0.00736
9	0.00705	0.00522	0.00650	0.00737	0.00809	0.00485	0.00506	0.03111	0.01127	0.01470	0.03407	0.64389	0.16840	0.01616	0.00682	0.00213	0.00318	0.01444	0.00507	0.00461
10	0.01680	0.01286	0.01383	0.01150	0.01510	0.01442	0.00920	0.32014	0.41263	0.06330	0.03838	0.01789	0.01446	0.00712	0.00553	0.00175	0.00496	0.00573	0.00558	0.00883
11	0.01342	0.02846	0.02347	0.22492	0.04002	0.09326	0.34878	0.07577	0.01337	0.01713	0.01091	0.03656	0.00870	0.00562	0.00629	0.00179	0.03597	0.00570	0.00293	0.00694
12	0.00710	0.00521	0.00672	0.00782	0.00832	0.00503	0.00530	0.00901	0.06041	0.01451	0.02953	0.75286	0.03477	0.01644	0.00686	0.00219	0.00324	0.01488	0.00509	0.00471
13	0.05997	0.01435	0.01463	0.04462	0.04576	0.10463	0.00980	0.34761	0.11764	0.11723	0.01535	0.01527	0.03215	0.00653	0.00529	0.00164	0.00590	0.00502	0.00490	0.03172
14	0.01616	0.01426	0.04266	0.01632	0.04194	0.01439	0.26307	0.33329	0.06166	0.04591	0.01345	0.03832	0.01041	0.02071	0.02195	0.00196	0.02533	0.00587	0.00424	0.00812
15	0.04513	0.00692	0.00870	0.03067	0.01059	0.00688	0.00630	0.03223	0.06179	0.12590	0.08700	0.42058	0.02778	0.05115	0.00755	0.00214	0.02207	0.01089	0.00508	0.03065

[dist]
# distance from previous block
# <min> <max>
4	12

[block]
# block no. 3 follows, 44 sequences, length 25
# corresponding to MSA columns:
# 198-222
name=unknown_D
#
# <colnr> <probs for GDERKNQSTAVLIFYWHMCP>
#	G	D	E	R	K	N	Q	S	T	A	V	L	I	F	Y	W	H	M	C	P
0	0.04654	0.08964	0.24102	0.01361	0.01805	0.43260	0.01293	0.01924	0.01340	0.01483	0.00901	0.01073	0.00724	0.00699	0.04020	0.00182	0.00899	0.00370	0.00265	0.00681
1	0.03531	0.01368	0.01471	0.01146	0.01554	0.05253	0.00936	0.45880	0.02079	0.17951	0.01446	0.03466	0.01050	0.00663	0.00556	0.00159	0.02191	0.00504	0.00527	0.08267
2	0.01029	0.00668	0.00882	0.00818	0.00961	0.00646	0.04287	0.03691	0.04715	0.09499	0.12634	0.25759	0.05174	0.18996	0.01098	0.00264	0.00410	0.00981	0.06955	0.00534
3	0.01357	0.01296	0.02000	0.16437	0.53348	0.04520	0.01543	0.05310	0.05544	0.01803	0.01089	0.01389	0.00881	0.00522	0.00540	0.00166	0.00661	0.00488	0.00295	0.00812
4	0.00674	0.00490	0.00636	0.00734	0.00789	0.00452	0.00499	0.00789	0.01113	0.01482	0.11018	0.65987	0.10090	0.01617	0.00686	0.00213	0.00307	0.01456	0.00516	0.00452
5	0.01210	0.01246	0.02223	0.03403	0.09461	0.01380	0.30842	0.01591	0.06303	0.01620	0.02627	0.05616	0.01090	0.00791	0.02501	0.00214	0.26274	0.00622	0.00300	0.00685
6	0.00810	0.00573	0.00652	0.00635	0.00809	0.00495	0.00475	0.00973	0.01304	0.07458	0.19300	0.13470	0.48457	0.01311	0.00643	0.00185	0.00291	0.01118	0.00538	0.00505
7	0.00947	0.00473	0.00710	0.00710	0.00710	0.00473	0.00473	0.00710	0.00710	0.00947	0.00947	0.01657	0.00947	0.01894	0.02131	0.84138	0.00473	0.00473	0.00237	0.00237
8	0.06086	0.01348	0.02043	0.06712	0.62082	0.06394	0.01548	0.01677	0.01223	0.01755	0.00986	0.01299	0.00826	0.00510	0.00566	0.00164	0.03231	0.00466	0.00272	0.00812
9	0.00664	0.00474	0.00633	0.00759	0.00791	0.00443	0.00506	0.00759	0.01044	0.01392	0.03005	0.80485	0.03606	0.01708	0.00696	0.00221	0.00316	0.01550	0.00506	0.00443
10	0.13258	0.01376	0.01469	0.01140	0.01561	0.01498	0.00942	0.54974	0.02196	0.14186	0.01358	0.01332	0.00944	0.00637	0.00518	0.00165	0.00556	0.00473	0.00536	0.00882
11	0.00905	0.00733	0.00892	0.00857	0.00982	0.04235	0.00639	0.01169	0.07021	0.01337	0.01519	0.02318	0.01454	0.19283	0.48735	0.00670	0.01103	0.00604	0.00322	0.05223
12	0.01030	0.00969	0.01635	0.79530	0.03755	0.01211	0.01514	0.01393	0.01090	0.01393	0.00969	0.01453	0.00727	0.00545	0.00545	0.00182	0.00727	0.00484	0.00242	0.00606
13	0.00664	0.00474	0.00633	0.00759	0.00791	0.00443	0.00506	0.00759	0.01044	0.01392	0.03005	0.80485	0.03606	0.01708	0.00696	0.00221	0.00316	0.01550	0.00506	0.00443
14	0.00947	0.00473	0.00710	0.00710	0.00710	0.00473	0.00473	0.00710	0.00710	0.00947	0.00947	0.01657	0.00947	0.01894	0.02131	0.84138	0.00473	0.00473	0.00237	0.00237
15	0.02037	0.02598	0.01545	0.01404	0.01685	0.78652	0.01053	0.02177	0.01545	0.01334	0.00843	0.00983	0.00702	0.00562	0.00492	0.00140	0.00983	0.00351	0.00281	0.00632
16	0.02372	0.00999	0.01304	0.01005	0.01424	0.00914	0.00828	0.10451	0.04022	0.67505	0.02063	0.01803	0.01314	0.00675	0.00548	0.00169	0.00477	0.00544	0.00657	0.00926
17	0.01036	0.00566	0.00595	0.00570	0.00713	0.00568	0.00432	0.04974	0.01270	0.02124	0.12116	0.02277	0.01889	0.00702	0.00425	0.00135	0.00272	0.00573	0.68233	0.00530
18	0.00767	0.00557	0.00722	0.00681	0.00812	0.00512	0.00511	0.01020	0.01532	0.02160	0.74521	0.04115	0.07791	0.01124	0.00643	0.00172	0.00258	0.00992	0.00597	0.00512
19	0.01458	0.81168	0.02857	0.00933	0.01399	0.02157	0.00933	0.01632	0.01108	0.01283	0.00758	0.00875	0.00700	0.00466	0.00350	0.00117	0.00583	0.00292	0.00233	0.00700
20	0.00777	0.00631	0.00927	0.24223	0.01667	0.00677	0.00796	0.00957	0.01079	0.01410	0.04297	0.47636	0.08458	0.03034	0.00691	0.00212	0.00439	0.01172	0.00426	0.00492
21	0.02116	0.01245	0.01434	0.01116	0.01524	0.01297	0.00913	0.40521	0.07805	0.30933	0.01705	0.01640	0.01174	0.03224	0.00618	0.00179	0.00534	0.00531	0.00587	0.00903
22	0.02037	0.02598	0.01545	0.01404	0.01685	0.78652	0.01053	0.02177	0.01545	0.01334	0.00843	0.00983	0.00702	0.00562	0.00492	0.00140	0.00983	0.00351	0.00281	0.00632
23	0.01933	0.01078	0.01320	0.01059	0.01390	0.01130	0.00862	0.21681	0.06982	0.34968	0.03163	0.01774	0.01293	0.03394	0.03731	0.00212	0.08329	0.00547	0.04326	0.00828
24	0.04302	0.01323	0.01431	0.05096	0.01654	0.08080	0.00950	0.21554	0.08761	0.32440	0.04328	0.01946	0.03922	0.00771	0.00595	0.00190	0.00584	0.00584	0.00591	0.00899

[dist]
# distance from previous block
# <min> <max>
2	18

[block]
# block no. 4 follows, 44 sequences, length 18
# corresponding to MSA columns:
# 241-258
name=unknown_E
#
# <colnr> <probs for GDERKNQSTAVLIFYWHMCP>
#	G	D	E	R	K	N	Q	S	T	A	V	L	I	F	Y	W	H	M	C	P
0	0.06480	0.12312	0.24526	0.01210	0.01692	0.11889	0.01218	0.10019	0.03326	0.12177	0.05148	0.03472	0.01137	0.00631	0.00530	0.00162	0.02467	0.00472	0.00374	0.00757
1	0.01066	0.01346	0.14820	0.01382	0.01656	0.01226	0.13492	0.01396	0.04018	0.01582	0.07256	0.08575	0.09182	0.00907	0.01036	0.00204	0.29198	0.00695	0.00332	0.00633
2	0.02214	0.00903	0.01208	0.00949	0.01334	0.00803	0.00775	0.02503	0.05703	0.65868	0.09859	0.02093	0.01757	0.00724	0.00558	0.00170	0.00441	0.00597	0.00660	0.00882
3	0.01342	0.02000	0.30385	0.02189	0.29633	0.09917	0.04821	0.01802	0.04155	0.03227	0.01045	0.01269	0.00813	0.00541	0.00592	0.00169	0.04573	0.00452	0.00274	0.00799
4	0.00665	0.00491	0.00623	0.00720	0.00782	0.00449	0.00491	0.00775	0.01100	0.01440	0.06617	0.64220	0.16381	0.01626	0.00685	0.00213	0.00307	0.01457	0.00510	0.00449
5	0.01030	0.00969	0.01635	0.79530	0.03755	0.01211	0.01514	0.01393	0.01090	0.01393	0.00969	0.01453	0.00727	0.00545	0.00545	0.00182	0.00727	0.00484	0.00242	0.00606
6	0.01244	0.01345	0.02520	0.01908	0.02211	0.01510	0.42015	0.01551	0.01083	0.01551	0.00929	0.01345	0.00777	0.00682	0.01159	0.00208	0.36461	0.00569	0.00259	0.00673
7	0.01181	0.00680	0.00844	0.00747	0.00966	0.00615	0.00578	0.04572	0.01493	0.19605	0.35167	0.07312	0.21901	0.01086	0.00620	0.00176	0.00328	0.00930	0.00587	0.00612
8	0.02307	0.01080	0.01351	0.01043	0.01463	0.01036	0.00859	0.19790	0.05307	0.56821	0.01956	0.01736	0.01265	0.00673	0.00548	0.00168	0.00494	0.00538	0.00639	0.00925
9	0.02095	0.00976	0.01250	0.00958	0.01378	0.00865	0.00784	0.07789	0.04306	0.53854	0.04424	0.01771	0.01365	0.00644	0.00527	0.00154	0.00455	0.00522	0.00598	0.15284
10	0.01362	0.58736	0.21067	0.01143	0.01695	0.01908	0.04436	0.01660	0.01126	0.01410	0.00826	0.00967	0.00703	0.00479	0.00403	0.00133	0.00652	0.00334	0.00234	0.00727
11	0.00727	0.00528	0.00700	0.00814	0.00888	0.00500	0.00610	0.00873	0.01126	0.01471	0.03198	0.51207	0.10149	0.01617	0.00708	0.00227	0.00369	0.23320	0.00505	0.00462
12	0.00664	0.00474	0.00633	0.00759	0.00791	0.00443	0.00506	0.00759	0.01044	0.01392	0.03005	0.80485	0.03606	0.01708	0.00696	0.00221	0.00316	0.01550	0.00506	0.00443
13	0.01073	0.00735	0.00880	0.03136	0.01012	0.00761	0.00593	0.14995	0.01274	0.04997	0.04771	0.25605	0.02285	0.30198	0.04922	0.00346	0.00515	0.00937	0.00443	0.00524
14	0.00675	0.00493	0.00635	0.00727	0.00787	0.00453	0.00496	0.00794	0.01126	0.01495	0.12096	0.62729	0.12287	0.01600	0.00684	0.00211	0.00305	0.01437	0.00517	0.00453
15	0.05083	0.00922	0.01218	0.00951	0.01349	0.00823	0.00781	0.02539	0.04795	0.67682	0.06374	0.01957	0.01553	0.00697	0.00547	0.00170	0.00449	0.00568	0.00654	0.00890
16	0.42513	0.01075	0.01133	0.03629	0.06672	0.02914	0.03285	0.08916	0.01280	0.09457	0.09071	0.01589	0.03806	0.00631	0.00456	0.00168	0.00474	0.00475	0.01787	0.00667
17	0.01414	0.47190	0.04007	0.00954	0.01323	0.12297	0.00869	0.03026	0.01225	0.03237	0.03409	0.07422	0.05083	0.00661	0.00434	0.00137	0.00575	0.00486	0.05598	0.00653

[dist]
# distance from previous block
# <min> <max>
0	1

[block]
# block no. 5 follows, 44 sequences, length 44
# corresponding to MSA columns:
# 260-303
name=unknown_F
#
# <colnr> <probs for GDERKNQSTAVLIFYWHMCP>
#	G	D	E	R	K	N	Q	S	T	A	V	L	I	F	Y	W	H	M	C	P
0	0.00960	0.00723	0.00896	0.00740	0.01011	0.00603	0.00573	0.01210	0.01390	0.04516	0.46344	0.02905	0.03406	0.00836	0.00551	0.00138	0.00319	0.00725	0.00499	0.31656
1	0.01582	0.10715	0.07599	0.01291	0.06745	0.04443	0.02702	0.21405	0.16253	0.08323	0.07349	0.01755	0.01426	0.00670	0.00529	0.00163	0.00558	0.02177	0.01724	0.02591
2	0.68960	0.05103	0.09562	0.00836	0.01235	0.01286	0.00779	0.03762	0.01009	0.02338	0.00800	0.00927	0.00617	0.00510	0.00364	0.00166	0.00478	0.00313	0.00326	0.00629
3	0.00708	0.00555	0.00641	0.00620	0.00776	0.00487	0.00465	0.00906	0.01394	0.01832	0.41574	0.04656	0.40943	0.01247	0.00644	0.00178	0.00267	0.01068	0.00554	0.00487
4	0.01130	0.00969	0.01130	0.00807	0.01292	0.00727	0.00646	0.01373	0.01130	0.01776	0.00969	0.01130	0.00807	0.00404	0.00404	0.00081	0.00404	0.00323	0.00323	0.84173
5	0.01946	0.01518	0.01541	0.01223	0.01611	0.07599	0.00991	0.63304	0.02350	0.03092	0.01421	0.08237	0.01145	0.00740	0.00554	0.00167	0.00605	0.00573	0.00521	0.00862
6	0.01499	0.00962	0.01170	0.00859	0.01322	0.00761	0.00694	0.01761	0.02913	0.22773	0.01323	0.01351	0.00976	0.00486	0.00447	0.00107	0.00421	0.00392	0.00425	0.59359
7	0.03697	0.05028	0.03801	0.02872	0.01417	0.01015	0.00845	0.05152	0.16555	0.38378	0.09655	0.01985	0.01689	0.00789	0.02491	0.00185	0.00487	0.00576	0.00565	0.02818
8	0.01094	0.00647	0.00760	0.00698	0.00886	0.00586	0.00518	0.01276	0.03693	0.17299	0.09693	0.05215	0.32424	0.18713	0.01096	0.00259	0.00383	0.03700	0.00512	0.00548
9	0.01349	0.01295	0.02213	0.03346	0.77440	0.01295	0.01673	0.01673	0.01241	0.01781	0.01025	0.01349	0.00864	0.00486	0.00540	0.00162	0.00648	0.00486	0.00270	0.00864
10	0.01967	0.01248	0.01403	0.01103	0.01491	0.01327	0.00902	0.44226	0.08711	0.20327	0.05558	0.01684	0.01336	0.00689	0.00542	0.00165	0.00516	0.00542	0.05386	0.00876
11	0.02387	0.00988	0.01298	0.00999	0.01420	0.00895	0.00824	0.09354	0.03334	0.69299	0.02075	0.01809	0.01318	0.00674	0.00548	0.00169	0.00476	0.00545	0.00660	0.00926
12	0.01857	0.01425	0.01475	0.01181	0.01545	0.05759	0.00949	0.59985	0.02264	0.02993	0.01503	0.11007	0.01276	0.03409	0.00634	0.00181	0.00584	0.00622	0.00519	0.00832
13	0.00785	0.00530	0.00610	0.00614	0.00625	0.00533	0.00357	0.00802	0.00815	0.01088	0.01826	0.05856	0.03648	0.72451	0.06866	0.00531	0.00568	0.00812	0.00337	0.00345
14	0.00798	0.00549	0.00697	0.00697	0.00740	0.00586	0.00466	0.00883	0.00841	0.01181	0.01623	0.02956	0.01720	0.48030	0.31452	0.00642	0.00869	0.00701	0.04172	0.00398
15	0.00934	0.00820	0.01228	0.05440	0.01317	0.01031	0.03321	0.01115	0.00896	0.01306	0.01270	0.05823	0.01232	0.04041	0.42144	0.00574	0.26095	0.00600	0.00284	0.00531
16	0.01249	0.01169	0.01971	0.22608	0.54407	0.01230	0.01561	0.01579	0.01197	0.01696	0.01053	0.01414	0.00858	0.00509	0.00532	0.00165	0.00646	0.00487	0.04889	0.00778
17	0.01564	0.01152	0.01259	0.01095	0.01428	0.01287	0.00862	0.06645	0.60897	0.14153	0.02161	0.01968	0.01577	0.00725	0.00553	0.00181	0.00445	0.00599	0.00573	0.00876
18	0.84691	0.01054	0.00801	0.00717	0.01054	0.01223	0.00590	0.01603	0.00928	0.02446	0.00759	0.00886	0.00590	0.00506	0.00337	0.00169	0.00422	0.00295	0.00337	0.00590
19	0.00738	0.00592	0.00908	0.00907	0.01011	0.00550	0.08373	0.00887	0.01116	0.01484	0.07160	0.61103	0.08591	0.01516	0.00685	0.00213	0.00377	0.02821	0.00487	0.00480
20	0.00863	0.00799	0.07493	0.00787	0.03215	0.00590	0.00643	0.01075	0.01303	0.07366	0.17290	0.07494	0.46678	0.01192	0.00625	0.00181	0.00346	0.01008	0.00504	0.00547
21	0.00932	0.00482	0.00716	0.00716	0.00722	0.00487	0.00481	0.00728	0.00723	0.00969	0.01002	0.01748	0.01005	0.04605	0.06606	0.76557	0.00533	0.00490	0.00243	0.00254
22	0.01057	0.01006	0.01403	0.01257	0.01268	0.01353	0.01017	0.01172	0.00885	0.01329	0.01274	0.19788	0.01412	0.01225	0.03845	0.00254	0.58864	0.00732	0.00303	0.00557
23	0.03268	0.53169	0.15807	0.01102	0.01606	0.08738	0.01133	0.06859	0.01252	0.01540	0.00843	0.00963	0.00712	0.00498	0.00405	0.00133	0.00655	0.00330	0.00261	0.00726
24	0.00689	0.00500	0.00671	0.00789	0.00825	0.00482	0.00543	0.00793	0.01051	0.01403	0.02945	0.74425	0.03512	0.01679	0.00724	0.00223	0.02166	0.05631	0.00500	0.00450
25	0.29382	0.01111	0.01546	0.25778	0.27155	0.01254	0.01247	0.01554	0.01079	0.01875	0.00910	0.01221	0.00726	0.00522	0.00504	0.00172	0.02573	0.00421	0.00283	0.00686
26	0.01294	0.01297	0.01811	0.35015	0.31897	0.10482	0.01467	0.03020	0.03500	0.01603	0.01125	0.01459	0.02578	0.00551	0.00539	0.00169	0.00705	0.00489	0.00279	0.00719
27	0.00906	0.00564	0.00697	0.00683	0.00742	0.00560	0.00443	0.00978	0.00951	0.07213	0.08220	0.10644	0.02278	0.50702	0.11690	0.00484	0.00596	0.00836	0.00392	0.00423
28	0.01431	0.65405	0.14148	0.01050	0.01559	0.05843	0.01102	0.01674	0.01136	0.01352	0.00795	0.00922	0.00698	0.00479	0.00382	0.00126	0.00637	0.00311	0.00235	0.00712
29	0.00763	0.00573	0.00763	0.04727	0.00992	0.00577	0.00593	0.03080	0.01073	0.01442	0.02648	0.65175	0.03118	0.05689	0.00827	0.00231	0.03426	0.01354	0.00470	0.02478
30	0.02446	0.00928	0.01265	0.00970	0.01392	0.00801	0.00801	0.02657	0.01560	0.77817	0.02151	0.01856	0.01350	0.00675	0.00548	0.00169	0.00464	0.00548	0.00675	0.00928
31	0.02047	0.01541	0.01493	0.01195	0.01582	0.14743	0.00964	0.43339	0.04551	0.16750	0.05202	0.01516	0.01201	0.00668	0.00542	0.00162	0.00618	0.00506	0.00527	0.00854
32	0.08025	0.11417	0.01488	0.01121	0.03931	0.08304	0.00884	0.13319	0.15827	0.17676	0.01540	0.03018	0.01174	0.01004	0.08656	0.00236	0.00645	0.00503	0.00458	0.00777
33	0.01067	0.00613	0.00560	0.00553	0.00688	0.04411	0.00415	0.01316	0.01163	0.01998	0.01732	0.01980	0.01363	0.00631	0.00387	0.00128	0.00290	0.00500	0.79692	0.00514
34	0.00792	0.00531	0.00605	0.00605	0.00609	0.00534	0.00344	0.00800	0.00796	0.01065	0.01708	0.03513	0.01958	0.77904	0.05679	0.00542	0.00564	0.00785	0.00329	0.00336
35	0.01085	0.02764	0.76103	0.01532	0.02321	0.01248	0.01977	0.01709	0.01161	0.01738	0.02864	0.01223	0.00801	0.00533	0.00521	0.00173	0.00792	0.00417	0.00239	0.00798
36	0.01226	0.01180	0.02013	0.30314	0.44993	0.01287	0.04007	0.01558	0.01169	0.01618	0.00992	0.01383	0.00806	0.00529	0.00607	0.00173	0.04640	0.00490	0.00259	0.00754
37	0.02369	0.00911	0.01240	0.00957	0.01365	0.00788	0.00788	0.02582	0.01560	0.74326	0.05613	0.01958	0.01525	0.00695	0.00553	0.00169	0.00454	0.00568	0.00671	0.00909
38	0.01460	0.01186	0.01264	0.01114	0.01437	0.01355	0.00873	0.08287	0.67510	0.05853	0.02148	0.01972	0.01595	0.00730	0.00554	0.00183	0.00445	0.00604	0.00560	0.00871
39	0.01294	0.48795	0.14832	0.01017	0.01507	0.01671	0.01047	0.01550	0.01108	0.01443	0.00952	0.05375	0.00877	0.00545	0.00440	0.00129	0.02481	0.00389	0.00263	0.14285
40	0.00660	0.00491	0.00615	0.00714	0.00779	0.00447	0.00486	0.00764	0.01087	0.01409	0.03550	0.64203	0.19535	0.01637	0.00685	0.00213	0.00308	0.01463	0.00506	0.00447
41	0.00919	0.00641	0.00784	0.00754	0.00913	0.00616	0.00561	0.01282	0.10647	0.07136	0.37717	0.19335	0.14190	0.01196	0.00637	0.00185	0.00308	0.01048	0.00567	0.00564
42	0.05868	0.01451	0.01549	0.01196	0.01618	0.01599	0.00987	0.67161	0.02406	0.06193	0.01330	0.01332	0.00942	0.00648	0.00531	0.00163	0.00576	0.00485	0.03066	0.00899
43	0.03197	0.03689	0.01885	0.02368	0.44790	0.05089	0.01331	0.07430	0.04400	0.18480	0.01317	0.01443	0.00988	0.00553	0.00531	0.00162	0.00606	0.00489	0.00391	0.00861

[dist]
# distance from previous block
# <min> <max>
2	11

[block]
# block no. 6 follows, 44 sequences, length 41
# corresponding to MSA columns:
# 317-357
name=unknown_G
#
# <colnr> <probs for GDERKNQSTAVLIFYWHMCP>
#	G	D	E	R	K	N	Q	S	T	A	V	L	I	F	Y	W	H	M	C	P
0	0.01599	0.11142	0.20509	0.03114	0.01679	0.04823	0.01144	0.10257	0.04208	0.20808	0.01500	0.04768	0.02260	0.00813	0.04418	0.00196	0.00646	0.00508	0.00416	0.05195
1	0.30186	0.16123	0.36570	0.01143	0.01720	0.01402	0.01308	0.01682	0.01073	0.03163	0.00883	0.01021	0.00668	0.00507	0.00426	0.00161	0.00627	0.00348	0.00275	0.00714
2	0.01195	0.12883	0.63542	0.01471	0.02212	0.01368	0.03725	0.01749	0.01164	0.04436	0.00996	0.01149	0.00719	0.00515	0.00500	0.00166	0.00767	0.00400	0.00248	0.00795
3	0.01134	0.01109	0.01983	0.48852	0.20504	0.01240	0.12563	0.01497	0.01153	0.01535	0.01044	0.03072	0.00833	0.00543	0.00562	0.00178	0.00729	0.00531	0.00259	0.00681
4	0.10983	0.05102	0.09373	0.19095	0.36719	0.01270	0.01450	0.01643	0.01173	0.05476	0.01087	0.01358	0.01926	0.00526	0.00508	0.00167	0.00637	0.00459	0.00289	0.00760
5	0.00684	0.00493	0.00640	0.00730	0.00783	0.00458	0.00495	0.00800	0.01115	0.01494	0.13597	0.62240	0.07761	0.05019	0.00775	0.00226	0.00315	0.01416	0.00512	0.00449
6	0.00681	0.00488	0.00627	0.00727	0.00767	0.00456	0.00482	0.00774	0.01045	0.01388	0.05634	0.65231	0.07501	0.10345	0.00919	0.00251	0.00335	0.01425	0.00490	0.00434
7	0.00677	0.00480	0.00629	0.00743	0.00771	0.00451	0.00489	0.00762	0.01019	0.01359	0.02878	0.72885	0.03445	0.09526	0.00901	0.00252	0.00337	0.01475	0.00489	0.00432
8	0.03755	0.72517	0.07178	0.00974	0.01453	0.03868	0.00990	0.01650	0.01116	0.01342	0.00773	0.00894	0.00696	0.00473	0.00363	0.00122	0.00601	0.00300	0.00237	0.00701
9	0.00662	0.00484	0.00623	0.00734	0.00784	0.00445	0.00495	0.00762	0.01068	0.01401	0.03308	0.71416	0.12478	0.01669	0.00690	0.00217	0.00311	0.01502	0.00506	0.00445
10	0.01944	0.02419	0.01757	0.01510	0.01831	0.66220	0.10324	0.04798	0.01550	0.01462	0.00892	0.01056	0.00726	0.00552	0.00512	0.00147	0.00961	0.00393	0.00290	0.00656
11	0.00659	0.00518	0.00595	0.00650	0.00764	0.00455	0.00459	0.00782	0.01167	0.01466	0.07392	0.38699	0.41431	0.01515	0.00667	0.00200	0.00293	0.01321	0.00510	0.00455
12	0.02427	0.00958	0.01284	0.00984	0.01407	0.00846	0.00813	0.06352	0.01611	0.74050	0.02108	0.01828	0.01328	0.00674	0.00548	0.00168	0.00471	0.00545	0.00668	0.00928
13	0.01030	0.00969	0.01635	0.79530	0.03755	0.01211	0.01514	0.01393	0.01090	0.01393	0.00969	0.01453	0.00727	0.00545	0.00545	0.00182	0.00727	0.00484	0.00242	0.00606
14	0.02211	0.01305	0.01499	0.01149	0.01580	0.01361	0.00949	0.48561	0.02191	0.31022	0.01621	0.01512	0.01084	0.00662	0.00546	0.00165	0.00549	0.00512	0.00593	0.00927
15	0.01175	0.00967	0.01583	0.59193	0.10364	0.01128	0.01387	0.01503	0.01158	0.08985	0.01355	0.02990	0.04705	0.00614	0.00552	0.00179	0.00664	0.00542	0.00305	0.00652
16	0.01593	0.01133	0.01251	0.01086	0.01421	0.01256	0.00856	0.04992	0.59425	0.17295	0.02179	0.01977	0.01580	0.00724	0.00553	0.00181	0.00443	0.00599	0.00578	0.00878
17	0.02427	0.00958	0.01284	0.00984	0.01407	0.00846	0.00813	0.06335	0.01611	0.74068	0.02108	0.01828	0.01328	0.00674	0.00548	0.00168	0.00471	0.00545	0.00668	0.00928
18	0.01146	0.00660	0.00874	0.00807	0.00884	0.00689	0.00573	0.13980	0.01038	0.01388	0.01011	0.01596	0.00943	0.01674	0.01850	0.69263	0.00496	0.00477	0.00291	0.00359
19	0.02529	0.19730	0.51186	0.01389	0.02066	0.01469	0.04328	0.06035	0.01229	0.01736	0.01067	0.01212	0.02668	0.00535	0.00488	0.00161	0.00730	0.00410	0.00260	0.00775
20	0.01256	0.00786	0.01005	0.00858	0.01094	0.01894	0.03274	0.08731	0.01584	0.17376	0.40071	0.07180	0.10636	0.01005	0.00615	0.00174	0.00372	0.00872	0.00580	0.00639
21	0.16636	0.01384	0.01463	0.03388	0.01614	0.03321	0.02330	0.50002	0.02065	0.07386	0.01265	0.02937	0.00934	0.00638	0.00510	0.00165	0.00569	0.00478	0.00491	0.02423
22	0.01411	0.64960	0.08153	0.01197	0.04301	0.01987	0.08398	0.01652	0.01133	0.01377	0.00817	0.00970	0.00717	0.00470	0.00397	0.00129	0.00634	0.00341	0.00238	0.00716
23	0.01154	0.01133	0.01989	0.43672	0.14898	0.01264	0.15421	0.01576	0.04942	0.01575	0.01057	0.01450	0.00817	0.00539	0.00603	0.00178	0.03525	0.00516	0.00271	0.03420
24	0.04903	0.02017	0.01424	0.01229	0.01562	0.49169	0.00946	0.08701	0.01568	0.11534	0.01185	0.01247	0.02788	0.00588	0.00494	0.00142	0.00786	0.00405	0.00368	0.08945
25	0.00667	0.00484	0.00631	0.00741	0.00788	0.00447	0.00500	0.00772	0.01079	0.01431	0.06286	0.71743	0.09102	0.01659	0.00690	0.00217	0.00311	0.01497	0.00510	0.00447
26	0.02388	0.01021	0.01323	0.01014	0.01438	0.00940	0.00838	0.14016	0.01717	0.66237	0.02020	0.01770	0.01284	0.00672	0.00548	0.00168	0.00485	0.00539	0.00655	0.00928
27	0.00715	0.00541	0.00662	0.00678	0.00802	0.00488	0.00501	0.00900	0.01328	0.01768	0.35470	0.21308	0.26470	0.01345	0.00661	0.00190	0.00288	0.04856	0.00546	0.00482
28	0.01900	0.01114	0.01243	0.01044	0.01395	0.06180	0.00833	0.02627	0.30727	0.38952	0.04833	0.02038	0.01605	0.00726	0.00555	0.00175	0.00479	0.02120	0.00595	0.00859
29	0.00677	0.00480	0.00629	0.00743	0.00771	0.00451	0.00489	0.00762	0.01019	0.01359	0.02878	0.72885	0.03445	0.09526	0.00901	0.00252	0.00337	0.01475	0.00489	0.00432
30	0.00662	0.00482	0.00625	0.00739	0.00785	0.00445	0.00497	0.00761	0.01063	0.01400	0.03254	0.73051	0.10879	0.01676	0.00691	0.00218	0.00312	0.01510	0.00506	0.00445
31	0.06399	0.02056	0.01541	0.01321	0.01665	0.42982	0.01021	0.22831	0.01843	0.09635	0.01206	0.01299	0.00921	0.00656	0.00541	0.00168	0.00806	0.00440	0.01885	0.00785
32	0.01119	0.01031	0.01689	0.78485	0.03784	0.01257	0.01541	0.01454	0.01146	0.01478	0.01058	0.01572	0.00812	0.00604	0.00583	0.00198	0.00753	0.00513	0.00273	0.00652
33	0.02249	0.01389	0.01567	0.01219	0.01650	0.01448	0.00993	0.50619	0.03780	0.26459	0.01672	0.01613	0.01155	0.00720	0.00584	0.00182	0.00583	0.00539	0.00613	0.00967
34	0.01422	0.01363	0.02346	0.04792	0.67589	0.01346	0.08984	0.01732	0.01297	0.01849	0.01120	0.01483	0.00941	0.00544	0.00588	0.00181	0.00704	0.00530	0.00301	0.00888
35	0.06031	0.01803	0.01470	0.03275	0.04794	0.32665	0.00983	0.15650	0.05568	0.02048	0.01165	0.01322	0.00933	0.00616	0.00518	0.00156	0.00720	0.00430	0.04310	0.15544
36	0.00766	0.00525	0.00688	0.00765	0.00831	0.00496	0.00543	0.00896	0.01127	0.03413	0.12549	0.48233	0.05256	0.10341	0.00922	0.00251	0.00360	0.11075	0.00503	0.00460
37	0.00987	0.00564	0.00750	0.00795	0.00907	0.00514	0.00567	0.01110	0.01153	0.14942	0.02974	0.60112	0.06850	0.01501	0.00669	0.00211	0.00347	0.03979	0.00536	0.00532
38	0.01227	0.00764	0.00887	0.00779	0.00903	0.00791	0.00535	0.13043	0.01178	0.11408	0.01673	0.02899	0.01686	0.54752	0.02094	0.00413	0.03348	0.00701	0.00406	0.00513
39	0.44952	0.01128	0.04440	0.04954	0.01520	0.01118	0.08154	0.01916	0.01164	0.24097	0.01215	0.01264	0.00844	0.00553	0.00447	0.00171	0.00514	0.00417	0.00420	0.00712
40	0.01693	0.01374	0.01374	0.01136	0.01463	0.08999	0.00902	0.43251	0.11430	0.02699	0.07850	0.07993	0.01603	0.03253	0.02274	0.00195	0.00581	0.00629	0.00510	0.00790

[dist]
# distance from previous block
# <min> <max>
0	4

[block]
# block no. 7 follows, 44 sequences, length 22
# corresponding to MSA columns:
# 362-383
name=unknown_H
#
# <colnr> <probs for GDERKNQSTAVLIFYWHMCP>
#	G	D	E	R	K	N	Q	S	T	A	V	L	I	F	Y	W	H	M	C	P
0	0.01537	0.01049	0.01262	0.00950	0.01365	0.00950	0.03064	0.18173	0.01508	0.14747	0.01339	0.01502	0.01031	0.05374	0.00609	0.00147	0.00472	0.00447	0.05425	0.39048
1	0.04885	0.22091	0.39043	0.03432	0.04859	0.01424	0.01458	0.01757	0.03884	0.07047	0.02942	0.02877	0.00947	0.00562	0.00480	0.00159	0.00664	0.00431	0.00295	0.00763
2	0.28951	0.01421	0.01312	0.01146	0.01345	0.17388	0.00923	0.04983	0.01103	0.03508	0.00824	0.01085	0.00704	0.00739	0.00970	0.03215	0.29074	0.00393	0.00304	0.00611
3	0.00913	0.00654	0.00886	0.00844	0.00948	0.00730	0.00637	0.01123	0.03928	0.05301	0.09503	0.02651	0.04944	0.17673	0.40412	0.00600	0.06703	0.00680	0.00366	0.00504
4	0.01303	0.01206	0.01955	0.12290	0.50301	0.03279	0.04730	0.01651	0.03323	0.04130	0.01262	0.01648	0.02617	0.00711	0.03917	0.00199	0.00684	0.02434	0.01577	0.00782
5	0.02002	0.05419	0.03589	0.01170	0.04747	0.04491	0.00937	0.18293	0.09144	0.36811	0.04905	0.01801	0.01381	0.00683	0.00542	0.00167	0.00528	0.01968	0.00558	0.00865
6	0.00664	0.00474	0.00633	0.00759	0.00791	0.00443	0.00506	0.00759	0.01044	0.01392	0.03005	0.80485	0.03606	0.01708	0.00696	0.00221	0.00316	0.01550	0.00506	0.00443
7	0.05594	0.01002	0.01290	0.00993	0.01413	0.00921	0.00820	0.11070	0.01652	0.66275	0.01999	0.01755	0.01271	0.00666	0.00540	0.00168	0.00478	0.00532	0.00647	0.00915
8	0.01533	0.05362	0.26065	0.01539	0.06416	0.31819	0.05170	0.05335	0.03410	0.01648	0.02555	0.04605	0.00963	0.00604	0.00521	0.00160	0.00812	0.00466	0.00298	0.00719
9	0.12281	0.01554	0.12087	0.01926	0.02474	0.01313	0.52477	0.01774	0.01237	0.05935	0.01099	0.01375	0.00807	0.00485	0.00582	0.00180	0.00815	0.00563	0.00300	0.00735
10	0.00782	0.00572	0.00815	0.00815	0.00891	0.00648	0.00605	0.00934	0.00858	0.01220	0.01516	0.02451	0.01497	0.20737	0.62215	0.00801	0.01258	0.00629	0.00300	0.00453
11	0.00737	0.00531	0.00690	0.00794	0.00848	0.00514	0.00552	0.02468	0.03061	0.01466	0.02882	0.66798	0.03385	0.05052	0.00784	0.00235	0.00351	0.07886	0.00500	0.00465
12	0.01637	0.01079	0.01428	0.07907	0.04926	0.03087	0.06472	0.16040	0.07233	0.23023	0.05606	0.06480	0.06883	0.00811	0.00584	0.00179	0.00537	0.04809	0.00512	0.00768
13	0.00764	0.00530	0.00596	0.00601	0.00634	0.00514	0.00359	0.00799	0.00899	0.01178	0.05273	0.07970	0.12852	0.62205	0.02278	0.00449	0.00471	0.00892	0.00375	0.00362
14	0.72951	0.01062	0.00883	0.00765	0.01115	0.01201	0.00631	0.04893	0.01061	0.09988	0.00921	0.01000	0.00680	0.00529	0.00367	0.00168	0.00434	0.00329	0.00380	0.00638
15	0.01332	0.01470	0.09026	0.08037	0.60737	0.04460	0.03661	0.01682	0.01237	0.01732	0.01012	0.01326	0.00831	0.00495	0.00539	0.00164	0.00688	0.00477	0.00265	0.00829
16	0.01758	0.01120	0.02335	0.03557	0.01457	0.03055	0.00873	0.24510	0.07622	0.25097	0.03693	0.13324	0.04536	0.00863	0.00618	0.00179	0.03358	0.00704	0.00547	0.00793
17	0.01398	0.04438	0.06836	0.00932	0.01235	0.00870	0.00802	0.09275	0.05305	0.21651	0.09355	0.15393	0.12942	0.01023	0.00598	0.00184	0.00440	0.06100	0.00532	0.00692
18	0.00674	0.00479	0.00633	0.00748	0.00781	0.00449	0.00497	0.00767	0.01042	0.01393	0.04729	0.74491	0.03555	0.05958	0.00807	0.00237	0.00326	0.01495	0.00499	0.00438
19	0.02036	0.01403	0.03202	0.01263	0.03995	0.01469	0.01024	0.53768	0.05307	0.16598	0.01521	0.01556	0.01082	0.00675	0.00551	0.00168	0.00572	0.02348	0.00552	0.00909
20	0.01523	0.01361	0.01808	0.12364	0.34439	0.11132	0.03480	0.02021	0.13773	0.10670	0.01327	0.01493	0.01014	0.00567	0.00541	0.00167	0.00651	0.00502	0.00363	0.00804
21	0.06143	0.05200	0.06172	0.05287	0.25534	0.24655	0.01277	0.12842	0.03329	0.01896	0.01073	0.01252	0.01870	0.00557	0.00508	0.00156	0.00729	0.00435	0.00323	0.00761

[dist]
# distance from previous block
# <min> <max>
7	18

[block]
# block no. 8 follows, 44 sequences, length 14
# corresponding to MSA columns:
# 402-415
name=unknown_I
#
# <colnr> <probs for GDERKNQSTAVLIFYWHMCP>
#	G	D	E	R	K	N	Q	S	T	A	V	L	I	F	Y	W	H	M	C	P
0	0.00872	0.00692	0.00941	0.00981	0.01055	0.00773	0.00794	0.01039	0.01093	0.01468	0.02547	0.22789	0.06321	0.06352	0.01062	0.00255	0.15958	0.34074	0.00441	0.00494
1	0.01735	0.01948	0.01807	0.01497	0.01851	0.38564	0.15553	0.08920	0.19034	0.01826	0.01256	0.01353	0.00971	0.00592	0.00541	0.00161	0.00807	0.00483	0.00368	0.00733
2	0.01176	0.12267	0.54078	0.01622	0.02336	0.01399	0.16238	0.01719	0.01172	0.01675	0.00975	0.01179	0.00718	0.00500	0.00522	0.00168	0.00800	0.00436	0.00239	0.00779
3	0.06208	0.01021	0.01344	0.01065	0.01401	0.01045	0.00881	0.06672	0.01447	0.54755	0.01752	0.01646	0.01163	0.00720	0.00780	0.00182	0.15988	0.00519	0.00565	0.00846
4	0.00804	0.00637	0.00940	0.01258	0.15766	0.00613	0.00727	0.00939	0.01072	0.01454	0.02563	0.61733	0.03000	0.04845	0.00754	0.00223	0.00390	0.01310	0.00452	0.00520
5	0.01378	0.52634	0.25953	0.01151	0.01711	0.06149	0.01273	0.01692	0.01145	0.01422	0.00831	0.00966	0.00697	0.00488	0.00410	0.00135	0.00674	0.00329	0.00235	0.00729
6	0.00753	0.00582	0.00702	0.00778	0.00846	0.02872	0.00538	0.00936	0.04016	0.01579	0.17404	0.60152	0.03744	0.01520	0.00674	0.00208	0.00329	0.01368	0.00519	0.00478
7	0.01024	0.00646	0.00756	0.00709	0.00801	0.00743	0.00547	0.01230	0.01046	0.01787	0.01554	0.01991	0.01308	0.07032	0.03842	0.00209	0.15880	0.00527	0.57855	0.00511
8	0.01142	0.02479	0.59104	0.01742	0.02483	0.01295	0.20584	0.01732	0.01185	0.01732	0.01010	0.01232	0.00725	0.00503	0.00550	0.00175	0.00834	0.00464	0.00242	0.00788
9	0.01252	0.01545	0.16947	0.14197	0.51928	0.01277	0.01716	0.01642	0.01201	0.01713	0.01008	0.01326	0.00810	0.00501	0.00536	0.00167	0.00690	0.00469	0.00258	0.00814
10	0.52007	0.16647	0.01233	0.00782	0.01126	0.01288	0.00668	0.01630	0.01062	0.08991	0.05409	0.05041	0.01091	0.00607	0.00394	0.00161	0.00442	0.00419	0.00371	0.00631
11	0.00931	0.00619	0.00732	0.00713	0.00876	0.00554	0.00514	0.03387	0.01186	0.08527	0.03274	0.32108	0.24346	0.08522	0.00815	0.00216	0.00351	0.01096	0.03785	0.07449
12	0.10354	0.04117	0.01316	0.10635	0.04842	0.01200	0.00901	0.21167	0.10294	0.11083	0.02203	0.02184	0.15904	0.00765	0.00536	0.00172	0.00499	0.00612	0.00471	0.00742
13	0.01182	0.00901	0.03528	0.00860	0.01133	0.02372	0.00693	0.06167	0.10927	0.10528	0.33308	0.06076	0.07810	0.00911	0.00580	0.00163	0.00379	0.00778	0.00536	0.11169

[dist]
# distance from previous block
# <min> <max>
2	16

[block]
# block no. 9 follows, 44 sequences, length 38
# corresponding to MSA columns:
# 432-469
name=unknown_J
#
# <colnr> <probs for GDERKNQSTAVLIFYWHMCP>
#	G	D	E	R	K	N	Q	S	T	A	V	L	I	F	Y	W	H	M	C	P
0	0.01453	0.01203	0.01291	0.01171	0.04363	0.03364	0.00886	0.13135	0.48028	0.04786	0.02096	0.02052	0.05217	0.00736	0.00549	0.00174	0.00472	0.02103	0.00520	0.06402
1	0.01042	0.00919	0.05837	0.00892	0.01177	0.00758	0.00740	0.08620	0.03683	0.03040	0.13656	0.22483	0.04019	0.01011	0.00579	0.00167	0.00411	0.07229	0.00461	0.23276
2	0.05366	0.10023	0.22031	0.01361	0.04876	0.21830	0.01262	0.11737	0.01494	0.13365	0.01134	0.01203	0.00828	0.00564	0.00495	0.00156	0.00728	0.00410	0.00359	0.00777
3	0.00824	0.00597	0.00728	0.00769	0.00857	0.00582	0.00533	0.08246	0.01218	0.01620	0.07855	0.53215	0.09286	0.09897	0.00893	0.00242	0.00360	0.01294	0.00498	0.00485
4	0.01360	0.01646	0.17510	0.05322	0.31472	0.02440	0.13682	0.10247	0.06012	0.01961	0.01161	0.01445	0.00909	0.00543	0.00557	0.00171	0.00711	0.01717	0.00315	0.00819
5	0.23571	0.03069	0.19213	0.03428	0.01692	0.08934	0.04929	0.09786	0.02686	0.10241	0.06522	0.01401	0.01104	0.00594	0.00488	0.00167	0.00617	0.00452	0.00380	0.00727
6	0.00725	0.00553	0.00774	0.00820	0.00900	0.00517	0.04371	0.00847	0.01072	0.01406	0.03051	0.53976	0.11531	0.09479	0.00899	0.00248	0.00380	0.07520	0.00476	0.00454
7	0.01209	0.01139	0.01860	0.36771	0.37317	0.01264	0.01522	0.01671	0.08673	0.01659	0.01120	0.01464	0.00883	0.00537	0.00544	0.00173	0.00661	0.00498	0.00286	0.00750
8	0.15389	0.11705	0.02909	0.04192	0.01457	0.01343	0.00866	0.27358	0.02814	0.12104	0.03258	0.03879	0.04593	0.01885	0.00590	0.03424	0.00520	0.00516	0.00452	0.00745
9	0.01271	0.01280	0.02264	0.22394	0.41169	0.03102	0.17264	0.01629	0.01220	0.01665	0.01023	0.01393	0.00817	0.00497	0.00562	0.00171	0.00733	0.00516	0.00264	0.00766
10	0.01282	0.00797	0.00866	0.00786	0.01014	0.00842	0.00609	0.01984	0.27944	0.11060	0.05508	0.02217	0.04307	0.00725	0.00483	0.00156	0.00343	0.00595	0.37801	0.00682
11	0.00670	0.00479	0.00639	0.00766	0.00800	0.00448	0.00516	0.00769	0.01049	0.01398	0.03002	0.78500	0.03593	0.01703	0.00697	0.00222	0.00321	0.03478	0.00506	0.00444
12	0.01077	0.01018	0.01721	0.68150	0.14762	0.01224	0.01538	0.01435	0.01113	0.01451	0.00977	0.01438	0.00747	0.00536	0.00544	0.00179	0.00715	0.00485	0.00246	0.00644
13	0.00784	0.00528	0.00612	0.00620	0.00627	0.00531	0.00360	0.00800	0.00814	0.01090	0.01790	0.08629	0.02059	0.71604	0.06547	0.00526	0.00562	0.00833	0.00340	0.00346
14	0.00721	0.00545	0.00665	0.00738	0.00846	0.00502	0.00558	0.00865	0.01152	0.01460	0.03778	0.29584	0.29375	0.06823	0.00831	0.00236	0.00364	0.20006	0.00493	0.00457
15	0.04782	0.01246	0.01371	0.01076	0.01485	0.08795	0.00878	0.20593	0.01787	0.49565	0.01771	0.01605	0.01158	0.00653	0.00536	0.00165	0.00548	0.00507	0.00593	0.00888
16	0.01908	0.01018	0.08778	0.00974	0.01351	0.00770	0.00855	0.02146	0.01436	0.52684	0.07516	0.14450	0.01913	0.00855	0.00575	0.00178	0.00460	0.00724	0.00598	0.00809
17	0.01208	0.01512	0.29138	0.01082	0.01524	0.00920	0.01138	0.07722	0.01448	0.12104	0.25302	0.05398	0.07524	0.00839	0.00579	0.00174	0.00518	0.00705	0.00460	0.00704
18	0.01080	0.01039	0.01554	0.29939	0.02218	0.01380	0.01242	0.01287	0.00949	0.01350	0.01037	0.09193	0.01008	0.00880	0.01225	0.00216	0.42967	0.00587	0.00267	0.00584
19	0.00758	0.08529	0.00871	0.00793	0.00874	0.00626	0.00573	0.00871	0.01064	0.01397	0.02773	0.67586	0.03285	0.01571	0.00665	0.00213	0.00355	0.06245	0.00479	0.00472
