[name]
unknown

[dist]
# distance from previous block
# <min> <max>
0	0

[block]
# block no. 0 follows, 41 sequences, length 72
# corresponding to MSA columns:
# 60-63,70-137
name=unknown_A
#
# <colnr> <probs for GDERKNQSTAVLIFYWHMCP>
#	G	D	E	R	K	N	Q	S	T	A	V	L	I	F	Y	W	H	M	C	P
0	0.00922	0.00658	0.00922	0.01053	0.01185	0.00658	0.00922	0.01185	0.01317	0.01712	0.03029	0.06452	0.03292	0.01580	0.00790	0.00263	0.00527	0.72480	0.00527	0.00527
1	0.00810	0.00585	0.00765	0.00720	0.00855	0.00540	0.00540	0.01079	0.01619	0.02294	0.76028	0.04273	0.05397	0.01169	0.00675	0.00180	0.00270	0.01034	0.00630	0.00540
2	0.00994	0.00497	0.00745	0.00745	0.00745	0.00497	0.00497	0.00745	0.00745	0.00994	0.00994	0.01739	0.00994	0.01987	0.02235	0.83358	0.00497	0.00497	0.00248	0.00248
3	0.00832	0.00555	0.00624	0.00624	0.00624	0.00555	0.00347	0.00832	0.00832	0.01109	0.01802	0.03743	0.02080	0.79898	0.02911	0.00555	0.00555	0.00832	0.00347	0.00347
4	0.01350	0.01543	0.03375	0.02411	0.02989	0.01446	0.74253	0.01832	0.01350	0.01832	0.01157	0.01543	0.00868	0.00482	0.00675	0.00193	0.00964	0.00675	0.00289	0.00771
5	0.01066	0.00533	0.00533	0.00533	0.00666	0.00533	0.00400	0.01333	0.01200	0.02132	0.01866	0.02132	0.01466	0.00666	0.00400	0.00133	0.00267	0.00533	0.83073	0.00533
6	0.01168	0.07161	0.72914	0.01595	0.02421	0.01379	0.02052	0.01806	0.01205	0.01786	0.01014	0.01192	0.00725	0.00540	0.00534	0.00178	0.00833	0.00416	0.00242	0.00839
7	0.01529	0.80242	0.02997	0.00979	0.01468	0.02263	0.00979	0.01713	0.01162	0.01346	0.00795	0.00918	0.00734	0.00489	0.00367	0.00122	0.00612	0.00306	0.00245	0.00734
8	0.01066	0.00533	0.00533	0.00533	0.00666	0.00533	0.00400	0.01333	0.01200	0.02132	0.01866	0.02132	0.01466	0.00666	0.00400	0.00133	0.00267	0.00533	0.83073	0.00533
9	0.83938	0.01106	0.00841	0.00752	0.01106	0.01283	0.00619	0.01681	0.00973	0.02566	0.00796	0.00929	0.00619	0.00531	0.00354	0.00177	0.00442	0.00310	0.00354	0.00619
10	0.01285	0.30930	0.50175	0.01394	0.02111	0.01667	0.01703	0.01776	0.01191	0.01643	0.00943	0.01103	0.00728	0.00524	0.00480	0.00160	0.00761	0.00380	0.00243	0.00805
11	0.02088	0.04808	0.04167	0.01460	0.01784	0.70612	0.01135	0.04537	0.01629	0.01482	0.00902	0.01045	0.00744	0.00588	0.00514	0.00149	0.01001	0.00373	0.00300	0.00681
12	0.00697	0.00498	0.00664	0.00796	0.00830	0.00465	0.00531	0.00796	0.01095	0.01460	0.03153	0.79525	0.03783	0.01792	0.00730	0.00232	0.00332	0.01626	0.00531	0.00465
13	0.01416	0.01359	0.02322	0.03511	0.76330	0.01359	0.01755	0.01755	0.01302	0.01869	0.01076	0.01416	0.00906	0.00510	0.00566	0.00170	0.00680	0.00510	0.00283	0.00906
14	0.01416	0.01359	0.02322	0.03511	0.76330	0.01359	0.01755	0.01755	0.01302	0.01869	0.01076	0.01416	0.00906	0.00510	0.00566	0.00170	0.00680	0.00510	0.00283	0.00906
15	0.01186	0.01017	0.01186	0.00847	0.01356	0.00762	0.00678	0.01440	0.01186	0.01864	0.01017	0.01186	0.00847	0.00424	0.00424	0.00085	0.00424	0.00339	0.00339	0.83395
16	0.01416	0.01359	0.02322	0.03511	0.76330	0.01359	0.01755	0.01755	0.01302	0.01869	0.01076	0.01416	0.00906	0.00510	0.00566	0.00170	0.00680	0.00510	0.00283	0.00906
17	0.00697	0.00498	0.00664	0.00796	0.00830	0.00465	0.00531	0.00796	0.01095	0.01460	0.03153	0.79525	0.03783	0.01792	0.00730	0.00232	0.00332	0.01626	0.00531	0.00465
18	0.01585	0.01039	0.01335	0.01001	0.01459	0.00871	0.04472	0.07193	0.01415	0.21083	0.01520	0.07035	0.01214	0.00617	0.00508	0.00131	0.00476	0.00522	0.00462	0.46061
19	0.23660	0.02079	0.01409	0.01255	0.01570	0.44831	0.00970	0.07757	0.05514	0.01933	0.00973	0.01099	0.00780	0.00606	0.00527	0.00163	0.03458	0.00384	0.00346	0.00688
20	0.01251	0.01251	0.01752	0.01502	0.01502	0.01752	0.01251	0.01377	0.00876	0.01377	0.00751	0.01251	0.00751	0.01001	0.01877	0.00250	0.78851	0.00501	0.00250	0.00626
21	0.00832	0.00555	0.00624	0.00624	0.00624	0.00555	0.00347	0.00832	0.00832	0.01109	0.01802	0.03743	0.02080	0.79898	0.02911	0.00555	0.00555	0.00832	0.00347	0.00347
22	0.01184	0.01179	0.01726	0.69339	0.06040	0.08018	0.01551	0.01543	0.01191	0.01469	0.01007	0.01478	0.00765	0.00571	0.00567	0.00186	0.00784	0.00496	0.00259	0.00646
23	0.03183	0.00941	0.01126	0.05182	0.01387	0.00969	0.04222	0.14636	0.10969	0.02098	0.04967	0.03911	0.32424	0.01121	0.00647	0.00198	0.00464	0.10383	0.00516	0.00658
24	0.01066	0.00533	0.00533	0.00533	0.00666	0.00533	0.00400	0.01333	0.01200	0.02132	0.01866	0.02132	0.01466	0.00666	0.00400	0.00133	0.00267	0.00533	0.83073	0.00533
25	0.02039	0.01510	0.01664	0.06298	0.01865	0.01680	0.01091	0.65843	0.02504	0.03369	0.01368	0.01426	0.00984	0.00765	0.02413	0.00190	0.00649	0.00517	0.02897	0.00927
26	0.02555	0.00991	0.01338	0.01026	0.01469	0.00866	0.00848	0.04769	0.01666	0.74704	0.02232	0.01931	0.01404	0.00707	0.00575	0.00177	0.00491	0.00574	0.00704	0.00973
27	0.04132	0.01182	0.01256	0.02858	0.03715	0.10244	0.00889	0.10494	0.13602	0.01827	0.01470	0.01953	0.01288	0.10075	0.23848	0.02119	0.07437	0.00573	0.00381	0.00657
28	0.01398	0.01341	0.02290	0.07420	0.72558	0.01354	0.01747	0.01740	0.01294	0.01847	0.01073	0.01421	0.00899	0.00513	0.00567	0.00171	0.00684	0.00510	0.00282	0.00892
29	0.00697	0.00498	0.00664	0.00796	0.00830	0.00465	0.00531	0.00796	0.01095	0.01460	0.03153	0.79525	0.03783	0.01792	0.00730	0.00232	0.00332	0.01626	0.00531	0.00465
30	0.02174	0.01602	0.01717	0.01316	0.01774	0.01774	0.01087	0.74423	0.02689	0.03605	0.01373	0.01373	0.00973	0.00687	0.00572	0.00172	0.00629	0.00515	0.00572	0.00973
31	0.01066	0.00533	0.00533	0.00533	0.00666	0.00533	0.00400	0.01333	0.01200	0.02132	0.01866	0.02132	0.01466	0.00666	0.00400	0.00133	0.00267	0.00533	0.83073	0.00533
32	0.00677	0.00577	0.00582	0.00587	0.00774	0.00482	0.00438	0.00820	0.01297	0.01542	0.05707	0.07968	0.73692	0.01460	0.00678	0.00194	0.00291	0.01221	0.00531	0.00482
33	0.01529	0.80242	0.02997	0.00979	0.01468	0.02263	0.00979	0.01713	0.01162	0.01346	0.00795	0.00918	0.00734	0.00489	0.00367	0.00122	0.00612	0.00306	0.00245	0.00734
34	0.01066	0.00533	0.00533	0.00533	0.00666	0.00533	0.00400	0.01333	0.01200	0.02132	0.01866	0.02132	0.01466	0.00666	0.00400	0.00133	0.00267	0.00533	0.83073	0.00533
35	0.83938	0.01106	0.00841	0.00752	0.01106	0.01283	0.00619	0.01681	0.00973	0.02566	0.00796	0.00929	0.00619	0.00531	0.00354	0.00177	0.00442	0.00310	0.00354	0.00619
36	0.01245	0.02336	0.52056	0.01630	0.04321	0.01220	0.10519	0.01802	0.01304	0.07315	0.09472	0.01648	0.01317	0.00617	0.00577	0.00182	0.00765	0.00535	0.00325	0.00813
37	0.00987	0.00790	0.00891	0.00866	0.01066	0.00810	0.00677	0.03345	0.20847	0.01928	0.14019	0.04393	0.25260	0.06834	0.00830	0.00230	0.00403	0.14666	0.00546	0.00613
38	0.00832	0.00555	0.00624	0.00624	0.00624	0.00555	0.00347	0.00832	0.00832	0.01109	0.01802	0.03743	0.02080	0.79898	0.02911	0.00555	0.00555	0.00832	0.00347	0.00347
39	0.44549	0.09563	0.01371	0.00979	0.01378	0.01550	0.00822	0.24811	0.05905	0.02757	0.01069	0.01139	0.00810	0.00590	0.00438	0.00171	0.00520	0.00394	0.00425	0.00760
40	0.01299	0.01406	0.02889	0.19194	0.11763	0.01398	0.49885	0.01742	0.01299	0.01755	0.01117	0.01524	0.00849	0.00505	0.00640	0.00190	0.00887	0.00619	0.00281	0.00757
41	0.03292	0.22538	0.16467	0.01713	0.02260	0.01607	0.31627	0.01770	0.01242	0.04044	0.01097	0.03455	0.00892	0.00568	0.00626	0.00175	0.05039	0.00536	0.00288	0.00762
42	0.01795	0.03396	0.01551	0.04570	0.01730	0.07394	0.01024	0.31919	0.33584	0.04308	0.01734	0.01681	0.01280	0.00708	0.00567	0.00179	0.00587	0.00556	0.00536	0.00900
43	0.00810	0.00585	0.00765	0.00720	0.00855	0.00540	0.00540	0.01079	0.01619	0.02294	0.76028	0.04273	0.05397	0.01169	0.00675	0.00180	0.00270	0.01034	0.00630	0.00540
44	0.01321	0.01744	0.13808	0.02300	0.02917	0.01430	0.64021	0.01829	0.01330	0.01829	0.01139	0.01495	0.00848	0.00491	0.00656	0.00191	0.00947	0.00639	0.00283	0.00782
45	0.42084	0.04873	0.01279	0.03155	0.02935	0.03008	0.00838	0.16498	0.06870	0.11715	0.01216	0.01259	0.00888	0.00602	0.00456	0.00174	0.00520	0.00419	0.00447	0.00767
46	0.01251	0.01251	0.01752	0.01502	0.01502	0.01752	0.01251	0.01377	0.00876	0.01377	0.00751	0.01251	0.00751	0.01001	0.01877	0.00250	0.78851	0.00501	0.00250	0.00626
47	0.01483	0.01370	0.01388	0.01230	0.01559	0.08100	0.03237	0.02935	0.66507	0.02288	0.02165	0.02019	0.01630	0.00750	0.00579	0.00190	0.00520	0.00623	0.00548	0.00880
48	0.01395	0.01546	0.03285	0.02351	0.02923	0.01464	0.70275	0.05779	0.01423	0.01929	0.01169	0.01534	0.00874	0.00493	0.00669	0.00192	0.00946	0.00666	0.00305	0.00782
49	0.01066	0.00533	0.00533	0.00533	0.00666	0.00533	0.00400	0.01333	0.01200	0.02132	0.01866	0.02132	0.01466	0.00666	0.00400	0.00133	0.00267	0.00533	0.83073	0.00533
50	0.00705	0.00587	0.00620	0.00629	0.00813	0.00501	0.00483	0.00867	0.01322	0.01600	0.09371	0.05521	0.65869	0.01445	0.00686	0.00199	0.00309	0.07448	0.00536	0.00490
51	0.01687	0.01360	0.01442	0.01217	0.01588	0.01546	0.00969	0.28131	0.49775	0.02819	0.01992	0.01867	0.01474	0.00745	0.00579	0.00186	0.00515	0.00600	0.00579	0.00929
52	0.01147	0.02959	0.76934	0.01630	0.02476	0.01328	0.02113	0.01811	0.01208	0.01811	0.01026	0.01208	0.00725	0.00543	0.00543	0.00181	0.00845	0.00423	0.00242	0.00845
53	0.02350	0.00945	0.01276	0.01008	0.01415	0.00835	0.00831	0.02624	0.04124	0.66432	0.06308	0.02303	0.01737	0.00779	0.00591	0.00182	0.00476	0.04169	0.00690	0.00925
54	0.01147	0.02959	0.76934	0.01630	0.02476	0.01328	0.02113	0.01811	0.01208	0.01811	0.01026	0.01208	0.00725	0.00543	0.00543	0.00181	0.00845	0.00423	0.00242	0.00845
55	0.01416	0.01359	0.02322	0.03511	0.76330	0.01359	0.01755	0.01755	0.01302	0.01869	0.01076	0.01416	0.00906	0.00510	0.00566	0.00170	0.00680	0.00510	0.00283	0.00906
56	0.00817	0.00613	0.00919	0.00919	0.01021	0.00715	0.00715	0.01021	0.00919	0.01328	0.01532	0.02247	0.01430	0.04290	0.77631	0.00919	0.01532	0.00613	0.00306	0.00511
57	0.83938	0.01106	0.00841	0.00752	0.01106	0.01283	0.00619	0.01681	0.00973	0.02566	0.00796	0.00929	0.00619	0.00531	0.00354	0.00177	0.00442	0.00310	0.00354	0.00619
58	0.01186	0.01017	0.01186	0.00847	0.01356	0.00762	0.00678	0.01440	0.01186	0.01864	0.01017	0.01186	0.00847	0.00424	0.00424	0.00085	0.00424	0.00339	0.00339	0.83395
59	0.01416	0.01359	0.02322	0.03511	0.76330	0.01359	0.01755	0.01755	0.01302	0.01869	0.01076	0.01416	0.00906	0.00510	0.00566	0.00170	0.00680	0.00510	0.00283	0.00906
60	0.73297	0.09398	0.01079	0.00782	0.01153	0.01375	0.00663	0.01712	0.01010	0.04265	0.00832	0.00953	0.00651	0.00531	0.00361	0.00171	0.00461	0.00316	0.00351	0.00640
61	0.01278	0.01474	0.05163	0.02206	0.02722	0.01357	0.62929	0.01718	0.01307	0.01782	0.01335	0.09076	0.01143	0.00626	0.00712	0.00198	0.03170	0.00755	0.00310	0.00740
62	0.45920	0.01373	0.01139	0.01029	0.03376	0.12719	0.00795	0.11385	0.03192	0.05597	0.07572	0.01381	0.01170	0.00629	0.00456	0.00172	0.00549	0.00434	0.00416	0.00695
63	0.01455	0.01374	0.02263	0.05294	0.70723	0.03208	0.01711	0.01788	0.01315	0.03799	0.01101	0.01423	0.00912	0.00518	0.00565	0.00170	0.00685	0.00508	0.00294	0.00895
64	0.05939	0.01028	0.01257	0.00992	0.01405	0.00957	0.00805	0.06339	0.11498	0.42872	0.05592	0.01962	0.03013	0.00702	0.00549	0.00166	0.00464	0.00568	0.00604	0.13287
65	0.01965	0.01341	0.01499	0.01184	0.01590	0.01419	0.00965	0.50724	0.02249	0.12289	0.01691	0.09877	0.01378	0.00812	0.00585	0.00175	0.00563	0.02505	0.00567	0.06621
66	0.02010	0.02366	0.01719	0.03246	0.01865	0.56414	0.05257	0.10777	0.05818	0.01741	0.01038	0.01179	0.00829	0.00615	0.00571	0.00159	0.02911	0.00425	0.00341	0.00718
67	0.47130	0.01353	0.01085	0.00990	0.03335	0.14301	0.00760	0.03602	0.03106	0.07257	0.03199	0.01404	0.04723	0.00620	0.00442	0.00168	0.00545	0.00423	0.00392	0.05166
68	0.06491	0.01128	0.01295	0.01089	0.01458	0.01187	0.00874	0.09486	0.33071	0.30039	0.02166	0.03941	0.01582	0.00776	0.00575	0.00188	0.00481	0.02661	0.00612	0.00899
69	0.03341	0.01302	0.01656	0.01282	0.01715	0.08812	0.14863	0.02062	0.15100	0.12465	0.01565	0.01639	0.02988	0.00623	0.00580	0.02144	0.00602	0.00522	0.00425	0.26314
70	0.13515	0.01172	0.03378	0.01102	0.03989	0.03449	0.00879	0.06288	0.08993	0.37653	0.03285	0.01685	0.01273	0.00651	0.00526	0.00167	0.00507	0.00511	0.00554	0.10422
71	0.01465	0.01449	0.02181	0.03152	0.64474	0.07341	0.01629	0.01845	0.04724	0.01856	0.01116	0.01411	0.00929	0.00525	0.00558	0.00166	0.00688	0.00499	0.00300	0.03691

[dist]
# distance from previous block
# <min> <max>
1	5

[block]
# block no. 1 follows, 41 sequences, length 54
# corresponding to MSA columns:
# 143-196
name=unknown_B
#
# <colnr> <probs for GDERKNQSTAVLIFYWHMCP>
#	G	D	E	R	K	N	Q	S	T	A	V	L	I	F	Y	W	H	M	C	P
0	0.04479	0.01337	0.01456	0.01179	0.03298	0.03815	0.00930	0.30104	0.13294	0.12518	0.01511	0.01498	0.01100	0.00628	0.00530	0.00154	0.00542	0.00490	0.00513	0.20624
1	0.01426	0.01419	0.02400	0.04972	0.64143	0.03982	0.09672	0.01776	0.01315	0.01840	0.01077	0.01419	0.00893	0.00511	0.00577	0.00172	0.00725	0.00523	0.00284	0.00877
2	0.01371	0.01478	0.06019	0.01996	0.05824	0.01313	0.45343	0.08001	0.01425	0.01988	0.01199	0.01595	0.00944	0.00527	0.00612	0.00171	0.00802	0.02832	0.00328	0.16231
3	0.08673	0.01709	0.02164	0.10383	0.18497	0.22181	0.20336	0.01863	0.01343	0.01736	0.01005	0.01303	0.00804	0.00542	0.00589	0.00172	0.02646	0.00491	0.00292	0.03272
4	0.01592	0.01025	0.01242	0.00909	0.01398	0.00818	0.00736	0.04307	0.01359	0.22097	0.01363	0.01398	0.01005	0.00509	0.00470	0.00113	0.00448	0.00409	0.00446	0.58357
5	0.04997	0.59364	0.17589	0.01112	0.01654	0.02021	0.01196	0.01722	0.01156	0.01492	0.00840	0.00985	0.00728	0.00515	0.00441	0.00140	0.02715	0.00334	0.00249	0.00748
6	0.00879	0.00620	0.00760	0.00715	0.00856	0.00579	0.00523	0.03421	0.01483	0.03999	0.48580	0.06539	0.15449	0.11933	0.00975	0.00234	0.00331	0.01022	0.00573	0.00528
7	0.01529	0.80242	0.02997	0.00979	0.01468	0.02263	0.00979	0.01713	0.01162	0.01346	0.00795	0.00918	0.00734	0.00489	0.00367	0.00122	0.00612	0.00306	0.00245	0.00734
8	0.00723	0.00604	0.00633	0.00636	0.00818	0.00531	0.00473	0.00943	0.04921	0.01626	0.09821	0.11653	0.61768	0.01428	0.00676	0.00196	0.00300	0.01205	0.00540	0.00506
9	0.01972	0.02267	0.01546	0.01381	0.01692	0.53134	0.01051	0.10397	0.15270	0.01829	0.01264	0.03348	0.01029	0.00666	0.00540	0.00161	0.00862	0.00469	0.00385	0.00737
10	0.00828	0.00622	0.00840	0.07432	0.01118	0.00601	0.00627	0.01103	0.01567	0.02195	0.67054	0.04079	0.07512	0.01128	0.00666	0.00181	0.00313	0.00995	0.00594	0.00546
11	0.83938	0.01106	0.00841	0.00752	0.01106	0.01283	0.00619	0.01681	0.00973	0.02566	0.00796	0.00929	0.00619	0.00531	0.00354	0.00177	0.00442	0.00310	0.00354	0.00619
12	0.00697	0.00498	0.00664	0.00796	0.00830	0.00465	0.00531	0.00796	0.01095	0.01460	0.03153	0.79525	0.03783	0.01792	0.00730	0.00232	0.00332	0.01626	0.00531	0.00465
13	0.02151	0.01591	0.01704	0.01311	0.01765	0.01763	0.01082	0.72221	0.04929	0.03567	0.01403	0.01397	0.00997	0.00689	0.00572	0.00172	0.00624	0.00519	0.00572	0.00971
14	0.01519	0.11729	0.24298	0.01614	0.06244	0.08087	0.11001	0.14685	0.09426	0.02095	0.01323	0.01447	0.02774	0.00603	0.00550	0.00172	0.00745	0.00501	0.00357	0.00829
15	0.01087	0.01025	0.01698	0.70142	0.03662	0.01296	0.01538	0.01443	0.01116	0.01451	0.01008	0.01522	0.00779	0.00705	0.02717	0.00215	0.07199	0.00510	0.00255	0.00631
16	0.01205	0.00968	0.01155	0.00855	0.01313	0.00756	0.00680	0.01447	0.01174	0.05025	0.01134	0.01375	0.00953	0.02790	0.07133	0.00172	0.00525	0.00385	0.00352	0.70603
17	0.01186	0.01017	0.01186	0.00847	0.01356	0.00762	0.00678	0.01440	0.01186	0.01864	0.01017	0.01186	0.00847	0.00424	0.00424	0.00085	0.00424	0.00339	0.00339	0.83395
18	0.00994	0.00497	0.00745	0.00745	0.00745	0.00497	0.00497	0.00745	0.00745	0.00994	0.00994	0.01739	0.00994	0.01987	0.02235	0.83358	0.00497	0.00497	0.00248	0.00248
19	0.00839	0.00566	0.00662	0.00674	0.00689	0.00570	0.00412	0.00870	0.00877	0.01171	0.01896	0.03913	0.02156	0.69878	0.05948	0.00545	0.00594	0.07008	0.00360	0.00369
20	0.01066	0.00533	0.00533	0.00533	0.00666	0.00533	0.00400	0.01333	0.01200	0.02132	0.01866	0.02132	0.01466	0.00666	0.00400	0.00133	0.00267	0.00533	0.83073	0.00533
21	0.02140	0.01584	0.01717	0.03738	0.01842	0.01758	0.01103	0.72134	0.02641	0.03538	0.01362	0.01378	0.00966	0.00683	0.00572	0.00172	0.00634	0.00515	0.00562	0.00962
22	0.00696	0.00503	0.00658	0.00783	0.00826	0.00466	0.00525	0.00798	0.01108	0.01465	0.03318	0.74889	0.08312	0.01770	0.00727	0.00230	0.00329	0.01600	0.00531	0.00466
23	0.01066	0.00533	0.00533	0.00533	0.00666	0.00533	0.00400	0.01333	0.01200	0.02132	0.01866	0.02132	0.01466	0.00666	0.00400	0.00133	0.00267	0.00533	0.83073	0.00533
24	0.02002	0.02495	0.01628	0.01586	0.07105	0.67281	0.01128	0.02167	0.01554	0.01429	0.00939	0.01135	0.00792	0.00815	0.05349	0.00197	0.01037	0.00394	0.00295	0.00671
25	0.01394	0.01168	0.01248	0.01123	0.01432	0.01334	0.00872	0.02865	0.67355	0.03979	0.08689	0.02315	0.02054	0.00809	0.00590	0.00192	0.00438	0.00679	0.00589	0.00875
26	0.01625	0.01621	0.01899	0.02317	0.35513	0.16553	0.02667	0.08978	0.16926	0.02048	0.01327	0.01481	0.01052	0.00595	0.00558	0.00169	0.00696	0.00509	0.00377	0.03090
27	0.02292	0.01035	0.01319	0.01053	0.01467	0.00980	0.00856	0.02848	0.19311	0.58890	0.02274	0.01992	0.01495	0.00724	0.00577	0.00181	0.00479	0.00592	0.00678	0.00957
28	0.01423	0.01229	0.01293	0.01164	0.01487	0.01423	0.00905	0.03039	0.75297	0.02393	0.02328	0.02134	0.01746	0.00776	0.00582	0.00194	0.00453	0.00647	0.00582	0.00905
29	0.02174	0.01602	0.01717	0.01316	0.01774	0.01774	0.01087	0.74423	0.02689	0.03605	0.01373	0.01373	0.00973	0.00687	0.00572	0.00172	0.00629	0.00515	0.00572	0.00973
30	0.01350	0.01461	0.06556	0.17580	0.43465	0.03971	0.13808	0.01733	0.01285	0.01765	0.01069	0.01433	0.00856	0.00522	0.00582	0.00178	0.00764	0.00527	0.00277	0.00820
31	0.01333	0.01665	0.09726	0.02343	0.02945	0.01436	0.68025	0.01830	0.01338	0.01830	0.01146	0.01514	0.00856	0.00487	0.00664	0.00192	0.00954	0.00653	0.00285	0.00778
32	0.01823	0.01227	0.01331	0.01138	0.01500	0.04540	0.00900	0.05118	0.47551	0.24937	0.02215	0.02006	0.01579	0.00745	0.00577	0.00186	0.00493	0.00609	0.00608	0.00918
33	0.00697	0.00498	0.00664	0.00796	0.00830	0.00465	0.00531	0.00796	0.01095	0.01460	0.03153	0.79525	0.03783	0.01792	0.00730	0.00232	0.00332	0.01626	0.00531	0.00465
34	0.00830	0.07428	0.00914	0.00843	0.00935	0.00674	0.00608	0.03421	0.01166	0.01536	0.02882	0.66480	0.03399	0.01631	0.00696	0.00222	0.00376	0.04943	0.00507	0.00508
35	0.05234	0.00627	0.00785	0.00835	0.00945	0.00605	0.00589	0.04567	0.01235	0.08129	0.06009	0.61791	0.03350	0.01554	0.00687	0.00220	0.00363	0.01389	0.00543	0.00544
36	0.01251	0.01251	0.01752	0.01502	0.01502	0.01752	0.01251	0.01377	0.00876	0.01377	0.00751	0.01251	0.00751	0.01001	0.01877	0.00250	0.78851	0.00501	0.00250	0.00626
37	0.05450	0.00996	0.01321	0.01017	0.01457	0.00883	0.00840	0.04797	0.01644	0.71997	0.02179	0.01894	0.01375	0.00701	0.00567	0.00177	0.00489	0.00564	0.00691	0.00961
38	0.01386	0.47516	0.27839	0.01321	0.01937	0.01879	0.07685	0.01756	0.01194	0.01544	0.00904	0.01069	0.00742	0.00507	0.00453	0.00148	0.00721	0.00377	0.00247	0.00775
39	0.83938	0.01106	0.00841	0.00752	0.01106	0.01283	0.00619	0.01681	0.00973	0.02566	0.00796	0.00929	0.00619	0.00531	0.00354	0.00177	0.00442	0.00310	0.00354	0.00619
40	0.01407	0.01350	0.02305	0.05529	0.74382	0.01357	0.01751	0.01748	0.01298	0.01858	0.01074	0.01419	0.00902	0.00511	0.00566	0.00170	0.00682	0.00510	0.00282	0.00899
41	0.01416	0.01359	0.02322	0.03511	0.76330	0.01359	0.01755	0.01755	0.01302	0.01869	0.01076	0.01416	0.00906	0.00510	0.00566	0.00170	0.00680	0.00510	0.00283	0.00906
42	0.01251	0.01251	0.01752	0.01502	0.01502	0.01752	0.01251	0.01377	0.00876	0.01377	0.00751	0.01251	0.00751	0.01001	0.01877	0.00250	0.78851	0.00501	0.00250	0.00626
43	0.01109	0.01046	0.01768	0.72081	0.10157	0.01278	0.01603	0.01487	0.01157	0.01496	0.01022	0.01516	0.00775	0.00567	0.00571	0.00189	0.00755	0.00508	0.00257	0.00659
44	0.10111	0.01058	0.01327	0.01027	0.01463	0.00989	0.00848	0.10917	0.01696	0.61406	0.02019	0.01786	0.01291	0.00689	0.00554	0.00176	0.00499	0.00544	0.00659	0.00940
45	0.01362	0.01304	0.02224	0.15609	0.64655	0.01345	0.01729	0.01708	0.01277	0.01803	0.01066	0.01433	0.00883	0.00520	0.00567	0.00173	0.00693	0.00509	0.00278	0.00862
46	0.02408	0.01041	0.01349	0.01047	0.01475	0.00960	0.00860	0.10650	0.05161	0.62563	0.04787	0.01975	0.01524	0.00725	0.00579	0.00177	0.00493	0.00588	0.00684	0.00955
47	0.01197	0.01136	0.01927	0.52357	0.29191	0.01302	0.01647	0.01564	0.01199	0.01603	0.01037	0.01487	0.00813	0.00550	0.00570	0.00183	0.00734	0.00509	0.00264	0.00730
48	0.06620	0.00980	0.01303	0.01004	0.01443	0.00863	0.00830	0.02732	0.01604	0.73032	0.02184	0.01896	0.01376	0.00699	0.00564	0.00177	0.00485	0.00562	0.00690	0.00956
49	0.01003	0.00629	0.00750	0.00712	0.00793	0.00626	0.00466	0.03017	0.01019	0.07795	0.03903	0.03493	0.07862	0.53512	0.11597	0.00519	0.00643	0.00809	0.00400	0.00453
50	0.01352	0.01201	0.01669	0.03210	0.01536	0.01616	0.01192	0.01544	0.03601	0.07922	0.01008	0.03463	0.00926	0.00979	0.01657	0.00240	0.65370	0.00543	0.00309	0.00662
51	0.02566	0.00973	0.01327	0.01018	0.01460	0.00841	0.00841	0.02788	0.01637	0.76726	0.02257	0.01947	0.01416	0.00708	0.00575	0.00177	0.00487	0.00575	0.00708	0.00973
52	0.02059	0.01273	0.01726	0.06594	0.20542	0.01295	0.01196	0.25249	0.01857	0.29912	0.01601	0.01604	0.01106	0.00643	0.00572	0.00174	0.00598	0.00535	0.00529	0.00935
53	0.01436	0.08345	0.02789	0.02522	0.26191	0.07510	0.36602	0.01813	0.01339	0.01764	0.01137	0.01562	0.00934	0.00535	0.00605	0.00178	0.00834	0.02818	0.00291	0.00795

[dist]
# distance from previous block
# <min> <max>
35	116

[block]
# block no. 2 follows, 41 sequences, length 7
# corresponding to MSA columns:
# 324-330
name=unknown_C
#
# <colnr> <probs for GDERKNQSTAVLIFYWHMCP>
#	G	D	E	R	K	N	Q	S	T	A	V	L	I	F	Y	W	H	M	C	P
0	0.06301	0.01381	0.08605	0.25890	0.43355	0.01325	0.01667	0.01667	0.01226	0.01783	0.01037	0.01401	0.00829	0.00533	0.00553	0.00178	0.00705	0.00489	0.00275	0.00801
1	0.01416	0.01359	0.02322	0.03511	0.76330	0.01359	0.01755	0.01755	0.01302	0.01869	0.01076	0.01416	0.00906	0.00510	0.00566	0.00170	0.00680	0.00510	0.00283	0.00906
2	0.01062	0.01110	0.06206	0.69503	0.03674	0.01230	0.01556	0.01447	0.01157	0.01487	0.01285	0.01729	0.04978	0.00619	0.00576	0.00190	0.00741	0.00542	0.00269	0.00640
3	0.01395	0.01326	0.05607	0.02900	0.57689	0.01244	0.01569	0.01780	0.04135	0.05746	0.04351	0.01906	0.03742	0.00631	0.00583	0.00177	0.00634	0.03376	0.00346	0.00863
4	0.01218	0.22142	0.01635	0.02757	0.03001	0.06934	0.00890	0.01435	0.03540	0.03164	0.08153	0.20686	0.04204	0.01052	0.00769	0.00191	0.12111	0.05097	0.00398	0.00624
5	0.04533	0.36563	0.09617	0.05336	0.05289	0.08767	0.01170	0.11080	0.01406	0.01804	0.04047	0.01231	0.00964	0.00595	0.00549	0.00155	0.05416	0.00413	0.00314	0.00753
6	0.04531	0.04857	0.22309	0.01345	0.06180	0.01171	0.01254	0.04369	0.12931	0.22316	0.05516	0.02114	0.01524	0.00737	0.00572	0.00185	0.00592	0.06172	0.00480	0.00844

[dist]
# distance from previous block
# <min> <max>
0	76

[block]
# block no. 3 follows, 41 sequences, length 13
# corresponding to MSA columns:
# 407-419
name=unknown_D
#
# <colnr> <probs for GDERKNQSTAVLIFYWHMCP>
#	G	D	E	R	K	N	Q	S	T	A	V	L	I	F	Y	W	H	M	C	P
0	0.01646	0.04178	0.03989	0.01155	0.01489	0.14231	0.00933	0.27015	0.07183	0.03635	0.04488	0.12815	0.01554	0.00911	0.00681	0.05638	0.00608	0.00658	0.00464	0.06728
1	0.16566	0.13582	0.02571	0.01121	0.06206	0.05508	0.00862	0.06656	0.04248	0.08295	0.14149	0.06117	0.01835	0.00760	0.00564	0.00169	0.03582	0.00590	0.03086	0.03536
2	0.06170	0.09207	0.33060	0.01505	0.07384	0.06293	0.01481	0.14180	0.06347	0.02126	0.01294	0.01405	0.03427	0.00605	0.00525	0.00169	0.00707	0.00463	0.00346	0.03306
3	0.01067	0.00937	0.05983	0.03666	0.03831	0.00830	0.00821	0.04308	0.12377	0.05258	0.19371	0.20280	0.09793	0.01139	0.00644	0.00194	0.00424	0.04288	0.00525	0.04264
4	0.28217	0.07510	0.06763	0.01079	0.03387	0.12319	0.00902	0.10568	0.01419	0.07146	0.05550	0.03749	0.01199	0.00653	0.00472	0.00166	0.00574	0.00474	0.07146	0.00708
5	0.01848	0.07718	0.01606	0.03175	0.03238	0.50236	0.01037	0.06393	0.05754	0.01619	0.01295	0.01436	0.04536	0.00828	0.04428	0.00192	0.00899	0.00453	0.02624	0.00685
6	0.77117	0.01207	0.04224	0.00813	0.01192	0.01304	0.00703	0.04514	0.01050	0.02573	0.00829	0.00959	0.00638	0.00538	0.00371	0.00177	0.00467	0.00323	0.00358	0.00643
7	0.01167	0.02290	0.49302	0.01931	0.16728	0.01247	0.06017	0.01706	0.01269	0.01848	0.06729	0.01675	0.04329	0.00618	0.00571	0.00180	0.00754	0.00532	0.00293	0.00815
8	0.01089	0.04465	0.06033	0.00985	0.04398	0.00800	0.00784	0.01478	0.06932	0.08467	0.49755	0.03533	0.03992	0.01018	0.00637	0.00181	0.00383	0.03853	0.00570	0.00647
9	0.00992	0.02989	0.04569	0.01055	0.05522	0.00843	0.06091	0.06793	0.04608	0.01911	0.15456	0.05544	0.37246	0.01109	0.00639	0.00184	0.00429	0.00953	0.00495	0.02572
10	0.04802	0.03392	0.02642	0.02060	0.08715	0.01326	0.45978	0.01745	0.01333	0.06167	0.06849	0.01876	0.04621	0.00623	0.00707	0.00190	0.05208	0.00671	0.00348	0.00749
11	0.09098	0.01417	0.14553	0.01200	0.04780	0.04423	0.01053	0.12627	0.01597	0.20158	0.14463	0.07144	0.03416	0.00811	0.00575	0.00180	0.00548	0.00664	0.00508	0.00784
12	0.16707	0.01980	0.33918	0.08536	0.10931	0.04467	0.01523	0.03657	0.03772	0.04061	0.01108	0.01300	0.00824	0.00563	0.00509	0.00176	0.00696	0.00437	0.04055	0.00779

[dist]
# distance from previous block
# <min> <max>
7	97

[block]
# block no. 4 follows, 41 sequences, length 23
# corresponding to MSA columns:
# 517-539
name=unknown_E
#
# <colnr> <probs for GDERKNQSTAVLIFYWHMCP>
#	G	D	E	R	K	N	Q	S	T	A	V	L	I	F	Y	W	H	M	C	P
0	0.13363	0.03255	0.04778	0.01598	0.15765	0.07882	0.04195	0.11859	0.06229	0.15375	0.01368	0.01445	0.01007	0.00596	0.00519	0.00166	0.00608	0.00479	0.03480	0.06034
1	0.01642	0.11634	0.13031	0.01317	0.03286	0.10750	0.02437	0.18958	0.03935	0.06775	0.06189	0.01575	0.01238	0.02952	0.00736	0.00182	0.08502	0.00507	0.02223	0.02131
2	0.04966	0.04721	0.01370	0.03665	0.07669	0.08342	0.00918	0.10623	0.08164	0.06639	0.05154	0.08467	0.01579	0.04712	0.00784	0.00197	0.07878	0.01467	0.10130	0.02557
3	0.06869	0.06545	0.08821	0.04235	0.36331	0.03094	0.03275	0.01981	0.15975	0.01962	0.03110	0.01614	0.02515	0.00601	0.00547	0.00174	0.00630	0.00529	0.00353	0.00838
4	0.03614	0.04093	0.31515	0.06761	0.05343	0.10438	0.11008	0.07468	0.01398	0.01912	0.02977	0.01584	0.02632	0.00614	0.00557	0.00176	0.00776	0.02080	0.04289	0.00766
5	0.09655	0.25269	0.09569	0.01083	0.04585	0.03028	0.00961	0.03759	0.01320	0.16373	0.04566	0.01940	0.09224	0.03611	0.00581	0.00174	0.00549	0.00536	0.02477	0.00740
6	0.01572	0.02985	0.01619	0.01559	0.13676	0.04788	0.03798	0.21298	0.11045	0.05881	0.11263	0.04957	0.01744	0.00770	0.00661	0.00177	0.05423	0.00633	0.02293	0.03857
7	0.01473	0.01691	0.12155	0.02702	0.45943	0.08036	0.05928	0.08052	0.01440	0.01954	0.01284	0.01532	0.04068	0.00575	0.00570	0.00172	0.00728	0.00526	0.00314	0.00856
8	0.04928	0.01518	0.05731	0.05908	0.34358	0.09393	0.09862	0.03504	0.02896	0.01811	0.01183	0.03980	0.01033	0.00654	0.00703	0.00185	0.08249	0.03008	0.00311	0.00785
9	0.01392	0.01435	0.05319	0.03073	0.62248	0.05531	0.01633	0.01729	0.01338	0.01866	0.06215	0.01691	0.01247	0.00584	0.00575	0.00172	0.00675	0.02111	0.00311	0.00857
10	0.00703	0.00583	0.00610	0.00614	0.00792	0.00498	0.00461	0.00856	0.01306	0.01586	0.10282	0.05392	0.64680	0.04721	0.00775	0.00211	0.00311	0.04605	0.00530	0.00483
11	0.01488	0.01497	0.02251	0.03305	0.68813	0.09045	0.01690	0.01809	0.01335	0.01821	0.01057	0.01377	0.00889	0.00518	0.00561	0.00168	0.00715	0.00495	0.00284	0.00882
12	0.00971	0.00497	0.00739	0.00749	0.00752	0.00494	0.00499	0.00749	0.00772	0.01029	0.01159	0.07705	0.01207	0.01972	0.02120	0.76983	0.00484	0.00583	0.00270	0.00265
13	0.01392	0.01329	0.02261	0.05354	0.72477	0.01336	0.01714	0.01724	0.01286	0.01838	0.01094	0.01480	0.00933	0.02609	0.00628	0.00181	0.00678	0.00518	0.00284	0.00884
14	0.01418	0.01390	0.02235	0.10234	0.66359	0.04821	0.01711	0.01753	0.01302	0.01810	0.01062	0.01408	0.00885	0.00519	0.00564	0.00171	0.00703	0.00503	0.00281	0.00870
15	0.00703	0.00524	0.00643	0.00730	0.00803	0.00477	0.00496	0.00812	0.01144	0.01480	0.05573	0.54439	0.21698	0.06609	0.00853	0.00242	0.00334	0.01457	0.00522	0.00464
16	0.00768	0.00596	0.00628	0.00611	0.00809	0.00503	0.00462	0.00928	0.01347	0.04764	0.12271	0.05240	0.66301	0.01391	0.00672	0.00191	0.00296	0.01164	0.00548	0.00509
17	0.01498	0.01236	0.01519	0.01664	0.18279	0.01352	0.01081	0.07490	0.45887	0.06453	0.02153	0.02081	0.05246	0.00740	0.00582	0.00186	0.00509	0.00631	0.00519	0.00893
18	0.01885	0.02891	0.06851	0.01586	0.12068	0.01561	0.01196	0.47119	0.05970	0.06349	0.01487	0.05788	0.01159	0.00716	0.00575	0.00176	0.00619	0.00576	0.00508	0.00919
19	0.01875	0.00912	0.01137	0.00937	0.01287	0.00849	0.00752	0.02325	0.14164	0.43938	0.09080	0.02829	0.15582	0.00895	0.00603	0.00183	0.00426	0.00742	0.00647	0.00835
20	0.00697	0.00498	0.00664	0.00796	0.00830	0.00465	0.00531	0.00796	0.01095	0.01460	0.03153	0.79525	0.03783	0.01792	0.00730	0.00232	0.00332	0.01626	0.00531	0.00465
21	0.01312	0.01392	0.07571	0.10254	0.55174	0.01292	0.05466	0.01670	0.01269	0.01796	0.01213	0.06742	0.01073	0.00604	0.00582	0.00178	0.00690	0.00588	0.00295	0.00839
22	0.01932	0.01442	0.01620	0.01410	0.06758	0.01586	0.01076	0.48141	0.18129	0.06484	0.01660	0.01753	0.01240	0.00728	0.00582	0.00180	0.00584	0.03199	0.00559	0.00937

[dist]
# distance from previous block
# <min> <max>
0	2

[block]
# block no. 5 follows, 41 sequences, length 15
# corresponding to MSA columns:
# 542-556
name=unknown_F
#
# <colnr> <probs for GDERKNQSTAVLIFYWHMCP>
#	G	D	E	R	K	N	Q	S	T	A	V	L	I	F	Y	W	H	M	C	P
0	0.01382	0.01284	0.06748	0.01049	0.03254	0.02750	0.00877	0.11614	0.01420	0.03982	0.01096	0.01234	0.00869	0.00482	0.00462	0.00109	0.00504	0.00380	0.00371	0.60133
1	0.01493	0.72970	0.09955	0.01040	0.01563	0.02175	0.01085	0.01722	0.01166	0.01390	0.00817	0.00945	0.00733	0.00494	0.00384	0.00128	0.00634	0.00317	0.00244	0.00745
2	0.70971	0.01117	0.01047	0.01023	0.06585	0.01261	0.03811	0.01655	0.01018	0.02438	0.00932	0.04331	0.00785	0.00581	0.00399	0.00179	0.00477	0.00396	0.00354	0.00640
3	0.01142	0.00786	0.01021	0.09088	0.02994	0.00802	0.00751	0.01616	0.12904	0.10252	0.38804	0.03295	0.07099	0.02641	0.00672	0.00189	0.00390	0.00840	0.04059	0.00654
4	0.00787	0.00563	0.00766	0.00889	0.00965	0.00541	0.00678	0.00958	0.01206	0.01599	0.06996	0.48051	0.03685	0.01679	0.00750	0.00241	0.00402	0.28218	0.00535	0.00492
5	0.01416	0.01359	0.02322	0.03511	0.76330	0.01359	0.01755	0.01755	0.01302	0.01869	0.01076	0.01416	0.00906	0.00510	0.00566	0.00170	0.00680	0.00510	0.00283	0.00906
6	0.00861	0.00663	0.00920	0.01132	0.08916	0.00637	0.00775	0.01051	0.01230	0.01619	0.06267	0.28646	0.12892	0.05679	0.00841	0.00246	0.00440	0.26155	0.00498	0.00532
7	0.01382	0.01295	0.02152	0.20270	0.55929	0.01362	0.01681	0.05696	0.01343	0.01873	0.01079	0.01438	0.00877	0.00533	0.00568	0.00175	0.00695	0.00510	0.00293	0.00849
8	0.01428	0.09696	0.02393	0.03243	0.68418	0.01455	0.01673	0.01751	0.01288	0.01813	0.01046	0.01363	0.00888	0.00507	0.00545	0.00165	0.00672	0.00488	0.00279	0.00888
9	0.00703	0.00502	0.00669	0.00793	0.00831	0.00468	0.00531	0.00811	0.01122	0.01502	0.06832	0.75726	0.03865	0.01761	0.00727	0.00230	0.00329	0.01596	0.00536	0.00468
10	0.01386	0.01416	0.04644	0.20444	0.23359	0.01412	0.27321	0.09395	0.01426	0.01942	0.01121	0.01476	0.00861	0.00534	0.00606	0.00183	0.00799	0.00566	0.00308	0.00800
11	0.01416	0.01359	0.02322	0.03511	0.76330	0.01359	0.01755	0.01755	0.01302	0.01869	0.01076	0.01416	0.00906	0.00510	0.00566	0.00170	0.00680	0.00510	0.00283	0.00906
12	0.00962	0.00748	0.04916	0.05097	0.01189	0.00625	0.02296	0.01142	0.01218	0.09495	0.07732	0.45223	0.11971	0.03676	0.00746	0.00222	0.00410	0.01258	0.00515	0.00558
13	0.00829	0.00620	0.00774	0.00729	0.00881	0.00582	0.00549	0.01160	0.05648	0.02220	0.64542	0.04285	0.12668	0.01177	0.00670	0.00182	0.00282	0.01031	0.00617	0.00554
14	0.00845	0.00628	0.00846	0.00913	0.02510	0.00601	0.02725	0.01060	0.04403	0.03071	0.07423	0.41825	0.11516	0.07590	0.00883	0.00249	0.00402	0.11475	0.00516	0.00518

[dist]
# distance from previous block
# <min> <max>
0	4

[block]
# block no. 6 follows, 41 sequences, length 25
# corresponding to MSA columns:
# 561-565,567-586
name=unknown_G
#
# <colnr> <probs for GDERKNQSTAVLIFYWHMCP>
#	G	D	E	R	K	N	Q	S	T	A	V	L	I	F	Y	W	H	M	C	P
0	0.01441	0.06235	0.09351	0.05196	0.58776	0.02916	0.01694	0.01795	0.01298	0.04344	0.01089	0.01380	0.00888	0.00522	0.00552	0.00168	0.00694	0.00489	0.00291	0.00880
1	0.02060	0.01599	0.15968	0.01298	0.01820	0.01299	0.03874	0.29227	0.01928	0.30365	0.01673	0.01700	0.01150	0.00684	0.00578	0.00179	0.00627	0.02495	0.00548	0.00929
2	0.00908	0.00568	0.00742	0.00797	0.00900	0.00518	0.00563	0.01046	0.01232	0.09475	0.11106	0.55013	0.10385	0.01575	0.00704	0.00218	0.00341	0.02821	0.00560	0.00529
3	0.02970	0.01500	0.09392	0.07699	0.15041	0.09916	0.20968	0.01667	0.01336	0.04064	0.08097	0.11647	0.01629	0.00749	0.00615	0.00185	0.00727	0.00717	0.00357	0.00722
4	0.03181	0.13015	0.53286	0.01473	0.02194	0.01442	0.03543	0.06300	0.01322	0.06077	0.02432	0.01277	0.00865	0.00564	0.00525	0.00173	0.00764	0.00436	0.00299	0.00833
5	0.02035	0.01407	0.01519	0.01183	0.01592	0.01535	0.00971	0.59342	0.02407	0.07813	0.01499	0.01520	0.01072	0.00685	0.00547	0.00166	0.00567	0.00521	0.12710	0.00908
6	0.76027	0.01177	0.03478	0.00808	0.01177	0.01293	0.00688	0.01769	0.05550	0.02530	0.00898	0.01013	0.00692	0.00546	0.00374	0.00178	0.00457	0.00334	0.00364	0.00645
7	0.00765	0.00629	0.00774	0.02623	0.00978	0.00589	0.01947	0.00943	0.01296	0.01645	0.13947	0.16355	0.42443	0.01422	0.00737	0.00207	0.03197	0.08476	0.00522	0.00506
8	0.01412	0.04467	0.01280	0.01043	0.01361	0.01126	0.02455	0.03577	0.36347	0.11854	0.13021	0.04790	0.05565	0.00869	0.00593	0.00183	0.00442	0.03175	0.00563	0.05877
9	0.08016	0.06733	0.35609	0.07172	0.09198	0.01238	0.05642	0.01606	0.01222	0.01834	0.07517	0.08986	0.01431	0.00707	0.00557	0.00182	0.00685	0.00602	0.00319	0.00744
10	0.01503	0.68893	0.11567	0.01070	0.01595	0.04436	0.01115	0.01742	0.01181	0.01402	0.00825	0.00955	0.00733	0.00499	0.00392	0.00130	0.00652	0.00321	0.00246	0.00745
11	0.03831	0.02238	0.43625	0.02383	0.33064	0.01340	0.01918	0.01784	0.01240	0.01859	0.01040	0.01285	0.00797	0.00529	0.00547	0.00176	0.00764	0.00455	0.00262	0.00863
12	0.01681	0.06125	0.14001	0.01215	0.01649	0.09731	0.01110	0.24142	0.09777	0.08820	0.03444	0.06126	0.05900	0.00771	0.00564	0.00175	0.00622	0.00608	0.02722	0.00817
13	0.04301	0.04296	0.13112	0.03854	0.08540	0.01399	0.42973	0.03958	0.01328	0.01859	0.01386	0.01673	0.05459	0.00575	0.00650	0.00187	0.02755	0.00621	0.00305	0.00768
14	0.00731	0.00524	0.00682	0.00769	0.00826	0.00490	0.00526	0.00860	0.01184	0.01596	0.16357	0.56428	0.06394	0.07072	0.00871	0.00245	0.00339	0.03100	0.00536	0.00472
15	0.03675	0.01367	0.01657	0.06865	0.16830	0.05260	0.01174	0.30710	0.01790	0.02469	0.01403	0.04392	0.03114	0.00731	0.00709	0.00180	0.09621	0.00561	0.06683	0.00807
16	0.06851	0.21323	0.26888	0.01283	0.03096	0.04732	0.01330	0.02049	0.05187	0.17296	0.01264	0.01318	0.00922	0.00594	0.00545	0.00167	0.03537	0.00432	0.00368	0.00818
17	0.01174	0.01304	0.14392	0.01191	0.04220	0.04730	0.01049	0.01775	0.17625	0.05452	0.08197	0.09655	0.10405	0.01062	0.00642	0.00204	0.00533	0.15205	0.00486	0.00699
18	0.00721	0.00526	0.00670	0.00767	0.00831	0.00487	0.00529	0.00839	0.01149	0.01510	0.07398	0.56643	0.13666	0.06373	0.00854	0.00245	0.00347	0.05454	0.00525	0.00468
19	0.01099	0.03847	0.41530	0.01372	0.01911	0.01105	0.02947	0.03699	0.02794	0.01842	0.04761	0.05791	0.01820	0.00929	0.00629	0.00206	0.00691	0.21933	0.00370	0.00725
20	0.02723	0.16405	0.08606	0.08115	0.03010	0.03633	0.12325	0.01524	0.01106	0.01522	0.01142	0.09461	0.01093	0.00861	0.02275	0.00210	0.24430	0.00597	0.00289	0.00674
21	0.01427	0.01416	0.02376	0.05377	0.64922	0.04135	0.08379	0.01774	0.01314	0.01837	0.01075	0.01416	0.00892	0.00512	0.00575	0.00172	0.00721	0.00520	0.00283	0.00877
22	0.00700	0.00580	0.00613	0.00605	0.00787	0.00493	0.00453	0.00867	0.01360	0.01680	0.18430	0.05283	0.63379	0.01398	0.00676	0.00191	0.00286	0.01176	0.00549	0.00493
23	0.02099	0.04039	0.01657	0.01501	0.05891	0.53008	0.01101	0.09490	0.04902	0.09333	0.01144	0.01225	0.00882	0.00613	0.00530	0.00156	0.00882	0.00423	0.00375	0.00751
24	0.01989	0.01487	0.01638	0.06025	0.01840	0.01653	0.01078	0.62429	0.05953	0.03296	0.01496	0.05792	0.01154	0.00746	0.00581	0.00177	0.00613	0.00583	0.00551	0.00920

[dist]
# distance from previous block
# <min> <max>
0	1

[block]
# block no. 7 follows, 41 sequences, length 14
# corresponding to MSA columns:
# 588-601
name=unknown_H
#
# <colnr> <probs for GDERKNQSTAVLIFYWHMCP>
#	G	D	E	R	K	N	Q	S	T	A	V	L	I	F	Y	W	H	M	C	P
0	0.01936	0.03792	0.01709	0.13217	0.02064	0.01617	0.01128	0.54088	0.02277	0.05438	0.01307	0.01390	0.00939	0.00647	0.00557	0.00168	0.00632	0.00499	0.00503	0.06094
1	0.01186	0.01074	0.01691	0.48286	0.15948	0.01258	0.01439	0.01709	0.12622	0.01645	0.01228	0.01615	0.00955	0.00687	0.00684	0.05754	0.00682	0.00529	0.00310	0.00698
2	0.00832	0.00555	0.00624	0.00624	0.00624	0.00555	0.00347	0.00832	0.00832	0.01109	0.01802	0.03743	0.02080	0.79898	0.02911	0.00555	0.00555	0.00832	0.00347	0.00347
3	0.01400	0.01060	0.01266	0.02942	0.07926	0.02418	0.00859	0.14171	0.11374	0.08557	0.19165	0.02570	0.09488	0.00826	0.00583	0.00165	0.00461	0.00695	0.00520	0.13554
4	0.00829	0.00580	0.00719	0.00697	0.00814	0.00536	0.00497	0.01016	0.01386	0.03727	0.44763	0.10877	0.13984	0.15775	0.01090	0.00255	0.00336	0.01061	0.00558	0.00501
5	0.01413	0.49416	0.13765	0.01081	0.01552	0.08420	0.01094	0.01679	0.01280	0.01568	0.12483	0.01491	0.01455	0.00612	0.00454	0.00142	0.00631	0.00442	0.00308	0.00715
6	0.42114	0.05662	0.01202	0.01083	0.05861	0.17598	0.00782	0.03358	0.01160	0.02006	0.01001	0.01426	0.00903	0.12828	0.00803	0.00226	0.00614	0.00420	0.00335	0.00619
7	0.01316	0.06615	0.06794	0.02776	0.54960	0.01293	0.01508	0.01613	0.01214	0.01713	0.01166	0.01729	0.01065	0.12798	0.00914	0.00227	0.00666	0.00540	0.00288	0.00804
8	0.00974	0.00852	0.01144	0.05032	0.03605	0.04847	0.02297	0.01191	0.01150	0.01595	0.17980	0.07805	0.02289	0.02428	0.33653	0.00507	0.10968	0.00742	0.00382	0.00560
9	0.00793	0.00579	0.00715	0.00684	0.00807	0.00534	0.00494	0.01003	0.01451	0.02000	0.54168	0.04373	0.15324	0.13396	0.01021	0.00240	0.00317	0.01029	0.00571	0.00501
10	0.01132	0.01009	0.01714	0.39496	0.09824	0.01159	0.08468	0.01421	0.02928	0.01491	0.01175	0.01861	0.01008	0.00890	0.00953	0.14269	0.05259	0.05049	0.00284	0.00608
11	0.00712	0.00508	0.00675	0.00799	0.00838	0.00477	0.00540	0.00820	0.01112	0.01486	0.05400	0.72395	0.03769	0.03933	0.00791	0.00241	0.00343	0.04167	0.00529	0.00466
12	0.01398	0.00720	0.00935	0.00810	0.01060	0.00638	0.00638	0.01632	0.01568	0.27845	0.37584	0.03724	0.14905	0.01065	0.00644	0.00183	0.00355	0.02975	0.00638	0.00680
13	0.03967	0.02896	0.01223	0.01003	0.02453	0.00888	0.00812	0.05720	0.04424	0.34430	0.06451	0.02716	0.04136	0.00843	0.00580	0.00176	0.00469	0.11704	0.03584	0.11525

[dist]
# distance from previous block
# <min> <max>
0	17

# created by:
# /st0/software/busco_prod/Augustus/scripts/msa2prfl.pl ./align_prep/183573.fa
