[name]
unknown

[dist]
# distance from previous block
# <min> <max>
43	105

[block]
# block no. 0 follows, 45 sequences, length 11
# corresponding to MSA columns:
# 154-164
name=unknown_A
#
# <colnr> <probs for GDERKNQSTAVLIFYWHMCP>
#	G	D	E	R	K	N	Q	S	T	A	V	L	I	F	Y	W	H	M	C	P
0	0.03900	0.01265	0.01449	0.24351	0.05022	0.11329	0.01092	0.17264	0.01419	0.03396	0.01117	0.03775	0.00920	0.02232	0.03116	0.00193	0.07518	0.00485	0.02515	0.07643
1	0.04143	0.01011	0.01320	0.12011	0.01585	0.03514	0.03472	0.08131	0.01157	0.01687	0.06919	0.04130	0.01309	0.05528	0.05997	0.00244	0.23880	0.00553	0.06238	0.07172
2	0.01207	0.01158	0.08854	0.01194	0.07234	0.01013	0.03116	0.16277	0.10011	0.02016	0.04712	0.12276	0.05420	0.07067	0.00726	0.00194	0.00503	0.04059	0.00424	0.12539
3	0.01276	0.01099	0.01222	0.09381	0.01505	0.08748	0.03145	0.22325	0.01525	0.01964	0.05688	0.20703	0.07704	0.06292	0.00790	0.00204	0.04562	0.00814	0.00433	0.00620
4	0.07367	0.00607	0.00764	0.05191	0.00952	0.00639	0.00554	0.05519	0.00978	0.01488	0.01396	0.13272	0.01363	0.01347	0.01242	0.39529	0.00420	0.00617	0.16352	0.00403
5	0.01236	0.01209	0.01815	0.46441	0.23057	0.07163	0.04372	0.05410	0.01230	0.01587	0.00982	0.01362	0.00764	0.00525	0.00535	0.00170	0.00715	0.00474	0.00265	0.00687
6	0.01264	0.00997	0.01190	0.15099	0.01679	0.01089	0.00875	0.14286	0.24492	0.05439	0.05886	0.06049	0.12188	0.02320	0.00600	0.00180	0.00472	0.00684	0.00473	0.04738
7	0.00924	0.00716	0.00820	0.04876	0.00960	0.04450	0.00561	0.03914	0.00950	0.01287	0.01573	0.06708	0.01665	0.43333	0.15759	0.00478	0.04441	0.00702	0.05449	0.00433
8	0.01625	0.01041	0.01197	0.05436	0.01414	0.01099	0.00812	0.31878	0.05926	0.15553	0.01996	0.09128	0.07153	0.00793	0.00536	0.00166	0.00467	0.00647	0.12376	0.00754
9	0.01221	0.00749	0.00924	0.00859	0.01068	0.00734	0.00679	0.07345	0.08080	0.16298	0.15574	0.11808	0.10803	0.05927	0.00754	0.00212	0.00406	0.15397	0.00542	0.00619
10	0.07187	0.01163	0.01538	0.08878	0.01765	0.01190	0.09056	0.18060	0.01392	0.02064	0.00999	0.01211	0.00790	0.00545	0.00628	0.00143	0.10156	0.00421	0.00345	0.32470

[dist]
# distance from previous block
# <min> <max>
17	38

[block]
# block no. 1 follows, 45 sequences, length 7
# corresponding to MSA columns:
# 205-211
name=unknown_B
#
# <colnr> <probs for GDERKNQSTAVLIFYWHMCP>
#	G	D	E	R	K	N	Q	S	T	A	V	L	I	F	Y	W	H	M	C	P
0	0.07808	0.04022	0.10866	0.01117	0.01588	0.01316	0.01013	0.36388	0.01836	0.16733	0.01306	0.01305	0.00916	0.00585	0.00496	0.00152	0.00554	0.00443	0.00471	0.11085
1	0.01282	0.01513	0.12471	0.18231	0.08826	0.01337	0.36286	0.10031	0.01348	0.01835	0.01059	0.01376	0.00790	0.00501	0.00578	0.00175	0.00794	0.00540	0.00288	0.00738
2	0.01333	0.01105	0.01467	0.03933	0.13630	0.01021	0.03379	0.11553	0.01328	0.05194	0.01049	0.01226	0.00836	0.00490	0.00527	0.00122	0.04616	0.00399	0.00346	0.46447
3	0.00759	0.00611	0.00935	0.00912	0.01028	0.00566	0.09018	0.00901	0.01061	0.01419	0.02692	0.56956	0.06335	0.06439	0.00796	0.00227	0.00402	0.04614	0.00454	0.03875
4	0.13423	0.10156	0.01734	0.07739	0.05535	0.06007	0.09428	0.17719	0.15586	0.05642	0.01266	0.01353	0.00952	0.00576	0.00496	0.00163	0.00597	0.00468	0.00398	0.00762
5	0.01923	0.01471	0.01581	0.07782	0.06551	0.09327	0.01067	0.46645	0.04963	0.11311	0.01325	0.01359	0.00945	0.00621	0.00532	0.00162	0.00621	0.00480	0.00484	0.00851
6	0.13588	0.40552	0.17915	0.01074	0.01559	0.11481	0.01100	0.01727	0.01145	0.04377	0.00853	0.00968	0.00695	0.00495	0.00402	0.00139	0.00642	0.00327	0.00266	0.00695

[dist]
# distance from previous block
# <min> <max>
1	5

[block]
# block no. 2 follows, 45 sequences, length 30
# corresponding to MSA columns:
# 218-247
name=unknown_C
#
# <colnr> <probs for GDERKNQSTAVLIFYWHMCP>
#	G	D	E	R	K	N	Q	S	T	A	V	L	I	F	Y	W	H	M	C	P
0	0.00662	0.00478	0.00628	0.00741	0.00786	0.00444	0.00504	0.00766	0.01057	0.01402	0.05011	0.72540	0.07638	0.01643	0.00683	0.00216	0.00313	0.03550	0.00501	0.00440
1	0.01255	0.01209	0.01793	0.06170	0.50873	0.07187	0.01403	0.01543	0.01241	0.01664	0.01473	0.02363	0.03111	0.00713	0.00573	0.00177	0.00629	0.15564	0.00318	0.00738
2	0.01662	0.01101	0.01468	0.01178	0.01519	0.01123	0.10157	0.27499	0.07293	0.19763	0.01898	0.19478	0.01646	0.00866	0.00584	0.00179	0.00524	0.00760	0.00525	0.00777
3	0.00654	0.00467	0.00623	0.00747	0.00779	0.00436	0.00498	0.00747	0.01028	0.01370	0.02959	0.80785	0.03550	0.01682	0.00685	0.00218	0.00311	0.01526	0.00498	0.00436
4	0.00804	0.00588	0.00846	0.01081	0.10404	0.00559	0.00665	0.00935	0.01076	0.03974	0.02684	0.65525	0.03123	0.01491	0.00663	0.00210	0.00364	0.04028	0.00475	0.00506
5	0.01950	0.01147	0.10792	0.01008	0.01434	0.00889	0.00913	0.05313	0.07421	0.51096	0.05089	0.02060	0.06963	0.00717	0.00547	0.00169	0.00480	0.00585	0.00580	0.00844
6	0.01335	0.71378	0.02530	0.00872	0.01296	0.01916	0.00855	0.01503	0.01107	0.01286	0.01331	0.01397	0.10266	0.00571	0.00381	0.00123	0.00536	0.00392	0.00263	0.00659
7	0.01867	0.01494	0.11029	0.01238	0.03533	0.03893	0.01073	0.32826	0.14713	0.20355	0.01573	0.01507	0.01096	0.00639	0.00534	0.00166	0.00570	0.00502	0.00514	0.00876
8	0.11542	0.05189	0.53597	0.01448	0.02112	0.01251	0.10182	0.01651	0.01138	0.01796	0.04577	0.01263	0.00892	0.00528	0.00502	0.00169	0.00725	0.00434	0.00262	0.00741
9	0.01014	0.00954	0.01610	0.79845	0.03697	0.01193	0.01491	0.01371	0.01073	0.01371	0.00954	0.01431	0.00716	0.00537	0.00537	0.00179	0.00716	0.00477	0.00239	0.00596
10	0.01765	0.06334	0.08322	0.01246	0.04620	0.01373	0.02277	0.36811	0.08562	0.14495	0.01551	0.07570	0.01209	0.00702	0.00537	0.00166	0.00557	0.00567	0.00493	0.00840
11	0.01339	0.01322	0.02143	0.07964	0.67199	0.04962	0.03918	0.01656	0.01229	0.01708	0.01000	0.01322	0.00833	0.00485	0.00533	0.00160	0.00667	0.00477	0.00265	0.00820
12	0.00653	0.00469	0.00621	0.00742	0.00777	0.00437	0.00496	0.00748	0.01033	0.01373	0.03031	0.78584	0.05704	0.01672	0.00684	0.00217	0.00310	0.01515	0.00498	0.00437
13	0.00788	0.00616	0.00729	0.00764	0.00889	0.00609	0.00555	0.01159	0.14023	0.01648	0.13142	0.38698	0.18749	0.01368	0.00646	0.00199	0.00322	0.04056	0.00518	0.00521
14	0.11741	0.01246	0.01834	0.16402	0.47366	0.04433	0.01420	0.04366	0.02969	0.01820	0.00997	0.01289	0.00807	0.00506	0.00506	0.00163	0.00631	0.00452	0.00286	0.00765
15	0.01312	0.01259	0.02150	0.07221	0.73987	0.01271	0.01639	0.01633	0.01215	0.01734	0.01007	0.01334	0.00843	0.00481	0.00532	0.00160	0.00642	0.00478	0.00264	0.00837
16	0.00658	0.00470	0.00627	0.00744	0.00780	0.00439	0.00499	0.00758	0.01048	0.01402	0.05995	0.77657	0.03612	0.01658	0.00683	0.00216	0.00309	0.01503	0.00502	0.00439
17	0.02041	0.01504	0.01611	0.01235	0.01665	0.01665	0.01020	0.75997	0.02524	0.03383	0.01289	0.01289	0.00913	0.00644	0.00537	0.00161	0.00591	0.00483	0.00537	0.00913
18	0.01097	0.06464	0.72417	0.01497	0.02250	0.01300	0.01908	0.01683	0.01122	0.01667	0.00945	0.01122	0.00681	0.00521	0.00540	0.00169	0.03214	0.00394	0.00227	0.00782
19	0.02408	0.00914	0.01246	0.00955	0.01370	0.00789	0.00789	0.02616	0.01536	0.78158	0.02118	0.01827	0.01329	0.00664	0.00540	0.00166	0.00457	0.00540	0.00664	0.00914
20	0.02005	0.02558	0.01521	0.01383	0.01659	0.78980	0.01037	0.02143	0.01521	0.01314	0.00830	0.00968	0.00691	0.00553	0.00484	0.00138	0.00968	0.00346	0.00277	0.00622
21	0.01241	0.01398	0.03010	0.10095	0.02895	0.01341	0.68331	0.01684	0.01247	0.01684	0.01073	0.01446	0.00804	0.00461	0.00624	0.00181	0.00886	0.00618	0.00268	0.00711
22	0.01021	0.00993	0.01771	0.01433	0.01643	0.01120	0.24306	0.01274	0.00983	0.01409	0.01185	0.03637	0.01075	0.02088	0.33476	0.00478	0.20663	0.00591	0.00275	0.00581
23	0.03554	0.02246	0.01387	0.01260	0.01530	0.65394	0.00949	0.04054	0.01500	0.01412	0.01415	0.01498	0.10273	0.00655	0.00501	0.00145	0.00859	0.00447	0.00313	0.00609
24	0.01142	0.01023	0.01610	0.70052	0.03444	0.01251	0.01432	0.10668	0.01254	0.01622	0.00996	0.01413	0.00740	0.00550	0.00537	0.00177	0.00700	0.00478	0.00276	0.00636
25	0.00812	0.00602	0.00746	0.00736	0.00753	0.00660	0.00491	0.00860	0.00844	0.01151	0.01826	0.13126	0.03639	0.52310	0.07082	0.00453	0.10466	0.02714	0.00342	0.00389
26	0.00654	0.00467	0.00623	0.00747	0.00779	0.00436	0.00498	0.00747	0.01028	0.01370	0.02959	0.80785	0.03550	0.01682	0.00685	0.00218	0.00311	0.01526	0.00498	0.00436
27	0.01321	0.01293	0.02270	0.03093	0.65912	0.01288	0.10863	0.01696	0.03735	0.01766	0.01058	0.01366	0.00872	0.00483	0.00545	0.00163	0.00664	0.00502	0.00276	0.00835
28	0.00983	0.00907	0.01517	0.70006	0.03356	0.01128	0.01389	0.01320	0.01047	0.01356	0.01014	0.01516	0.00794	0.00971	0.10312	0.00264	0.00806	0.00489	0.00245	0.00582
29	0.01214	0.01820	0.24219	0.02057	0.02670	0.01326	0.55159	0.01714	0.01230	0.01714	0.01052	0.01360	0.00777	0.00469	0.00599	0.00178	0.00874	0.00567	0.00259	0.00743

[dist]
# distance from previous block
# <min> <max>
1	23

[block]
# block no. 3 follows, 45 sequences, length 32
# corresponding to MSA columns:
# 271-302
name=unknown_D
#
# <colnr> <probs for GDERKNQSTAVLIFYWHMCP>
#	G	D	E	R	K	N	Q	S	T	A	V	L	I	F	Y	W	H	M	C	P
0	0.01189	0.01263	0.02341	0.01960	0.10432	0.03474	0.39580	0.01505	0.01136	0.01567	0.01189	0.08557	0.01074	0.00894	0.05927	0.00235	0.16071	0.00653	0.00285	0.00667
1	0.04035	0.00752	0.03715	0.00788	0.00996	0.00675	0.00638	0.01362	0.10259	0.09010	0.29495	0.11097	0.17640	0.01104	0.00612	0.00183	0.00345	0.06177	0.00536	0.00581
2	0.01304	0.01319	0.04255	0.05869	0.62936	0.01282	0.09730	0.01678	0.03166	0.01747	0.01045	0.01358	0.00857	0.00485	0.00543	0.00163	0.00668	0.00496	0.00272	0.00826
3	0.01156	0.18724	0.61112	0.01450	0.04008	0.01426	0.01759	0.01680	0.01127	0.01613	0.00920	0.01083	0.00686	0.00499	0.00477	0.00159	0.00745	0.00376	0.00228	0.00774
4	0.03146	0.61891	0.09347	0.01024	0.01475	0.09207	0.01020	0.01646	0.01121	0.01331	0.00785	0.00926	0.00699	0.00551	0.01860	0.00140	0.02600	0.00312	0.00237	0.00683
5	0.01942	0.08408	0.12872	0.01045	0.01495	0.01042	0.00978	0.09863	0.01525	0.45677	0.06270	0.03676	0.01411	0.00672	0.00527	0.00163	0.00516	0.00540	0.00539	0.00839
6	0.00666	0.00488	0.00626	0.00719	0.00781	0.00449	0.00495	0.00782	0.01103	0.01456	0.09945	0.62103	0.13592	0.01582	0.00675	0.00209	0.00305	0.03071	0.00506	0.00446
7	0.01009	0.00669	0.00832	0.00766	0.00944	0.00648	0.00582	0.01421	0.12278	0.10361	0.49652	0.09521	0.07073	0.01054	0.00615	0.00175	0.00305	0.00922	0.00581	0.00592
8	0.01674	0.08913	0.06530	0.01919	0.24732	0.40142	0.01264	0.03326	0.03782	0.01535	0.00937	0.01117	0.00773	0.00527	0.00491	0.00146	0.00799	0.00395	0.00280	0.00720
9	0.00811	0.00561	0.00623	0.00618	0.00661	0.00564	0.00377	0.00931	0.05879	0.01200	0.02093	0.05467	0.08955	0.61989	0.02243	0.02005	0.00475	0.00805	0.03362	0.00379
10	0.06855	0.01244	0.02059	0.06895	0.69049	0.01267	0.01569	0.01629	0.01194	0.01778	0.00990	0.01303	0.00826	0.00482	0.00518	0.00161	0.00627	0.00466	0.00269	0.00820
11	0.07746	0.01477	0.01557	0.01330	0.06646	0.05065	0.01019	0.57011	0.07882	0.03028	0.01279	0.01302	0.00930	0.00625	0.00521	0.00162	0.00586	0.00473	0.00494	0.00868
12	0.01124	0.13164	0.68382	0.01449	0.02198	0.01362	0.01843	0.01688	0.01128	0.01642	0.00935	0.01097	0.00681	0.00503	0.00488	0.00163	0.00764	0.00382	0.00227	0.00780
13	0.00654	0.00467	0.00623	0.00747	0.00779	0.00436	0.00498	0.00747	0.01028	0.01370	0.02959	0.80785	0.03550	0.01682	0.00685	0.00218	0.00311	0.01526	0.00498	0.00436
14	0.06078	0.01016	0.01285	0.00990	0.01404	0.00952	0.00818	0.14631	0.01671	0.62444	0.01920	0.01695	0.01227	0.00654	0.00530	0.00165	0.00477	0.00519	0.00628	0.00898
15	0.01059	0.00611	0.00804	0.00737	0.00911	0.00553	0.00563	0.01283	0.01454	0.16476	0.50832	0.11339	0.07424	0.01094	0.00623	0.00176	0.00304	0.02594	0.00589	0.00574
16	0.00800	0.00602	0.00765	0.00843	0.00963	0.00592	0.00669	0.01087	0.07296	0.01584	0.06036	0.27614	0.15032	0.01447	0.00688	0.00220	0.00390	0.32368	0.00504	0.00500
17	0.01103	0.08555	0.72806	0.01485	0.02254	0.01311	0.01905	0.01693	0.01130	0.01668	0.00947	0.01113	0.00681	0.00506	0.00498	0.00166	0.00777	0.00389	0.00227	0.00786
18	0.00730	0.00554	0.00759	0.03692	0.00953	0.00577	0.00608	0.00848	0.01020	0.01375	0.03772	0.59933	0.03086	0.04744	0.03786	0.00255	0.06244	0.06153	0.00456	0.00455
19	0.01090	0.05727	0.75521	0.01507	0.02288	0.01280	0.01943	0.01696	0.01132	0.01684	0.00955	0.01123	0.00680	0.00508	0.00504	0.00168	0.00785	0.00393	0.00227	0.00789
20	0.00662	0.00521	0.00598	0.00635	0.00760	0.00458	0.00459	0.00801	0.01199	0.01518	0.13895	0.29476	0.42802	0.01432	0.00653	0.00193	0.00287	0.02687	0.00510	0.00455
21	0.01256	0.01525	0.07525	0.02220	0.02777	0.01351	0.71557	0.01718	0.01259	0.01718	0.01079	0.01430	0.00807	0.00456	0.00626	0.00180	0.00899	0.00620	0.00269	0.00728
22	0.10069	0.00949	0.01178	0.00933	0.01308	0.00898	0.00763	0.08479	0.04888	0.53749	0.09427	0.01916	0.01608	0.00693	0.00529	0.00167	0.00442	0.00557	0.00609	0.00838
23	0.00654	0.00467	0.00623	0.00747	0.00779	0.00436	0.00498	0.00747	0.01028	0.01370	0.02959	0.80785	0.03550	0.01682	0.00685	0.00218	0.00311	0.01526	0.00498	0.00436
24	0.00848	0.00580	0.00736	0.00695	0.00841	0.00535	0.00521	0.01110	0.03583	0.06322	0.57872	0.09997	0.12042	0.01135	0.00630	0.00174	0.00276	0.00996	0.00577	0.00528
25	0.18685	0.06510	0.01494	0.19058	0.10521	0.06006	0.01054	0.11228	0.05588	0.11736	0.01192	0.02669	0.00904	0.00579	0.00482	0.00164	0.00579	0.00453	0.00377	0.00722
26	0.00677	0.00483	0.00649	0.00773	0.00814	0.00456	0.00538	0.00787	0.01050	0.01396	0.02946	0.72752	0.03501	0.01660	0.00691	0.00221	0.00331	0.09335	0.00498	0.00442
27	0.02346	0.00927	0.01244	0.00963	0.01372	0.00821	0.00792	0.02630	0.05899	0.73759	0.02122	0.01837	0.01347	0.00668	0.00540	0.00167	0.00455	0.00544	0.00658	0.00910
28	0.03065	0.06645	0.60748	0.01572	0.05339	0.01278	0.06719	0.01736	0.01158	0.05425	0.01013	0.01176	0.00726	0.00509	0.00508	0.00167	0.00758	0.00415	0.00255	0.00787
29	0.01077	0.02777	0.78354	0.01530	0.02323	0.01247	0.01983	0.01700	0.01133	0.01700	0.00963	0.01133	0.00680	0.00510	0.00510	0.00170	0.00793	0.00397	0.00227	0.00793
30	0.00693	0.00612	0.00594	0.00585	0.00764	0.03079	0.00439	0.00841	0.01264	0.01518	0.12731	0.04906	0.67511	0.01305	0.00629	0.00179	0.00293	0.01090	0.00501	0.00464
31	0.02149	0.01004	0.01266	0.00993	0.01387	0.00953	0.00812	0.12274	0.10051	0.55323	0.05101	0.01853	0.01453	0.00682	0.00542	0.00166	0.00462	0.00554	0.00625	0.02350

[dist]
# distance from previous block
# <min> <max>
0	4

[block]
# block no. 4 follows, 45 sequences, length 42
# corresponding to MSA columns:
# 307-332,365-380
name=unknown_E
#
# <colnr> <probs for GDERKNQSTAVLIFYWHMCP>
#	G	D	E	R	K	N	Q	S	T	A	V	L	I	F	Y	W	H	M	C	P
0	0.01596	0.01084	0.01372	0.01093	0.01400	0.01131	0.07877	0.33720	0.01726	0.12581	0.01597	0.07268	0.01357	0.13898	0.04214	0.00253	0.00586	0.00630	0.05896	0.00722
1	0.37873	0.20760	0.03581	0.00803	0.01164	0.01297	0.00714	0.03453	0.03066	0.05609	0.05957	0.01567	0.08259	0.00621	0.00410	0.00153	0.00448	0.00440	0.00361	0.03465
2	0.00661	0.00545	0.00581	0.00572	0.00741	0.00464	0.00429	0.00822	0.01286	0.01599	0.20710	0.04921	0.62204	0.01304	0.00634	0.00179	0.00268	0.01099	0.00518	0.00464
3	0.01143	0.01016	0.01346	0.01126	0.08625	0.00810	0.05552	0.01403	0.01133	0.01748	0.00968	0.01155	0.00802	0.00409	0.00425	0.00094	0.00453	0.00353	0.00310	0.71129
4	0.01315	0.03526	0.20181	0.01247	0.02625	0.01060	0.10393	0.11782	0.01399	0.09538	0.08571	0.07833	0.01480	0.02174	0.00577	0.00163	0.00579	0.00588	0.00392	0.14576
5	0.80049	0.03314	0.00871	0.03081	0.01127	0.01230	0.00618	0.01573	0.00923	0.02345	0.00754	0.00888	0.00588	0.00498	0.00339	0.00165	0.00429	0.00296	0.00326	0.00585
6	0.01976	0.01457	0.01564	0.01215	0.01632	0.01614	0.00999	0.67165	0.10029	0.04719	0.01396	0.01372	0.00994	0.00653	0.00538	0.00163	0.00571	0.00497	0.00540	0.00906
7	0.01014	0.00954	0.01610	0.79845	0.03697	0.01193	0.01491	0.01371	0.01073	0.01371	0.00954	0.01431	0.00716	0.00537	0.00537	0.00179	0.00716	0.00477	0.00239	0.00596
8	0.01312	0.01259	0.02149	0.07263	0.73946	0.01271	0.01639	0.01633	0.01215	0.01734	0.01007	0.01334	0.00843	0.00481	0.00532	0.00160	0.00642	0.00478	0.00264	0.00837
9	0.00638	0.00544	0.00549	0.00547	0.00727	0.00455	0.00411	0.00777	0.01232	0.01470	0.07430	0.05134	0.75564	0.01352	0.00634	0.00181	0.00271	0.01128	0.00501	0.00455
10	0.05434	0.02275	0.01543	0.01497	0.08024	0.61715	0.01063	0.07161	0.03624	0.01565	0.00910	0.01045	0.00742	0.00556	0.00487	0.00144	0.00876	0.00371	0.00303	0.00666
11	0.84927	0.01038	0.00789	0.00706	0.01038	0.01204	0.00581	0.01578	0.00914	0.02408	0.00747	0.00872	0.00581	0.00498	0.00332	0.00166	0.00415	0.00291	0.00332	0.00581
12	0.01202	0.01135	0.01918	0.18251	0.55776	0.01179	0.01507	0.01507	0.01174	0.01641	0.01183	0.08882	0.01080	0.00604	0.00547	0.00169	0.00622	0.00577	0.00282	0.00761
13	0.00830	0.08242	0.01042	0.00862	0.00990	0.00806	0.00687	0.01016	0.00883	0.01243	0.01378	0.02020	0.01293	0.05305	0.69950	0.00785	0.01337	0.00552	0.00283	0.00496
14	0.00640	0.00537	0.00557	0.00567	0.00733	0.00453	0.00420	0.00776	0.01215	0.01466	0.07614	0.12297	0.68125	0.01381	0.00639	0.00184	0.00275	0.01165	0.00502	0.00453
15	0.01244	0.01379	0.02800	0.02050	0.02476	0.01405	0.58344	0.01621	0.01169	0.01629	0.01002	0.01383	0.00791	0.00555	0.00869	0.00190	0.17794	0.00592	0.00265	0.02443
16	0.02021	0.01494	0.01600	0.01231	0.01657	0.01655	0.01015	0.73943	0.04610	0.03351	0.01314	0.01309	0.00933	0.00647	0.00537	0.00162	0.00586	0.00487	0.00537	0.00911
17	0.01105	0.01076	0.01510	0.01318	0.01329	0.01481	0.01087	0.01228	0.00838	0.01292	0.00907	0.05962	0.00933	0.01276	0.09022	0.00293	0.67977	0.00542	0.00255	0.00568
18	0.00658	0.00471	0.00627	0.00744	0.00780	0.00439	0.00499	0.00759	0.01048	0.01403	0.06107	0.77543	0.03614	0.01657	0.00683	0.00216	0.00309	0.01503	0.00502	0.00439
19	0.00713	0.00525	0.00680	0.00735	0.00786	0.00516	0.00505	0.00829	0.01090	0.01480	0.17214	0.49671	0.06439	0.11445	0.00978	0.00246	0.03961	0.01262	0.00483	0.00443
20	0.01923	0.01273	0.01421	0.01129	0.01510	0.01368	0.00917	0.47914	0.10862	0.17218	0.01676	0.07518	0.01276	0.00737	0.00550	0.00169	0.00525	0.00588	0.00559	0.00869
21	0.01047	0.00998	0.01717	0.71047	0.09006	0.01206	0.04640	0.01406	0.01092	0.01414	0.00964	0.01424	0.00729	0.00529	0.00540	0.00178	0.00718	0.00484	0.00242	0.00620
22	0.00654	0.00469	0.00621	0.00742	0.00777	0.00436	0.00496	0.00748	0.01033	0.01372	0.03022	0.78853	0.05441	0.01673	0.00684	0.00217	0.00310	0.01516	0.00498	0.00436
23	0.05564	0.06632	0.50148	0.01678	0.06496	0.01305	0.15684	0.01708	0.01158	0.03316	0.00990	0.01189	0.00724	0.00497	0.00517	0.00168	0.00767	0.00437	0.00252	0.00769
24	0.05630	0.01084	0.08506	0.00989	0.01416	0.00856	0.00880	0.02405	0.04446	0.60444	0.06187	0.01851	0.01458	0.00670	0.00534	0.00167	0.00474	0.00543	0.00600	0.00863
25	0.00740	0.00548	0.00694	0.00689	0.00816	0.00502	0.00523	0.00959	0.01402	0.01918	0.52093	0.10750	0.16991	0.01227	0.00648	0.00182	0.00284	0.07984	0.00558	0.00490
26	0.01199	0.01269	0.03092	0.13224	0.02161	0.04055	0.23321	0.02751	0.01057	0.01476	0.00964	0.04529	0.00858	0.00742	0.01121	0.00205	0.36523	0.00557	0.00264	0.00633
27	0.08259	0.13754	0.36878	0.01820	0.21520	0.02545	0.01576	0.01653	0.01125	0.01687	0.00913	0.01121	0.00718	0.00511	0.00525	0.00161	0.03828	0.00395	0.00247	0.00764
28	0.01266	0.01210	0.02082	0.04346	0.65256	0.01205	0.05417	0.01586	0.01250	0.01783	0.08265	0.01591	0.01246	0.00537	0.00546	0.00162	0.00617	0.00533	0.00296	0.00807
29	0.00715	0.00501	0.00658	0.00740	0.00807	0.00464	0.00518	0.00847	0.01140	0.03012	0.15365	0.58558	0.07994	0.01537	0.00674	0.00208	0.00311	0.04972	0.00517	0.00461
30	0.01228	0.01205	0.05197	0.02477	0.47524	0.01178	0.04356	0.01554	0.02622	0.03005	0.05655	0.02079	0.01374	0.00692	0.00684	0.00180	0.08147	0.09768	0.00321	0.00754
31	0.01218	0.05981	0.59307	0.01553	0.07276	0.04305	0.01751	0.01740	0.01183	0.06503	0.02344	0.02535	0.00855	0.00546	0.00510	0.00166	0.00742	0.00433	0.00270	0.00783
32	0.01242	0.01389	0.02949	0.09624	0.05034	0.01347	0.64567	0.01673	0.01235	0.01676	0.01061	0.01435	0.00803	0.00475	0.00652	0.00182	0.03068	0.00610	0.00267	0.00712
33	0.00642	0.00544	0.00555	0.00561	0.00737	0.00458	0.00423	0.00780	0.01220	0.01453	0.05309	0.06804	0.73823	0.01370	0.00639	0.00184	0.00279	0.03268	0.00498	0.00454
34	0.01322	0.01310	0.04112	0.03175	0.73255	0.01277	0.01629	0.01690	0.03777	0.01769	0.01048	0.01346	0.00873	0.00488	0.00531	0.00160	0.00635	0.00481	0.00274	0.00849
35	0.07699	0.72090	0.05849	0.00928	0.01392	0.02018	0.00938	0.01609	0.01079	0.01368	0.00756	0.00873	0.00680	0.00464	0.00350	0.00121	0.00571	0.00292	0.00237	0.00685
36	0.00949	0.00593	0.00765	0.00696	0.00864	0.00536	0.00531	0.01185	0.01492	0.11392	0.60955	0.03860	0.11966	0.01071	0.00622	0.00170	0.00280	0.00934	0.00591	0.00551
37	0.01286	0.48011	0.22737	0.01289	0.08837	0.01711	0.01244	0.01595	0.01134	0.01465	0.03961	0.01193	0.02487	0.00519	0.00424	0.00137	0.00619	0.00379	0.00252	0.00720
38	0.06214	0.01030	0.01393	0.01091	0.01467	0.00997	0.07900	0.15715	0.03746	0.41110	0.04856	0.08970	0.01525	0.00744	0.00555	0.00172	0.00499	0.00635	0.00565	0.00817
39	0.01371	0.00707	0.02135	0.00807	0.01037	0.00610	0.00634	0.01575	0.01406	0.31140	0.29183	0.19434	0.05609	0.01054	0.00606	0.00179	0.00353	0.00919	0.00591	0.00651
40	0.03552	0.01330	0.02702	0.08970	0.16434	0.01293	0.51341	0.01640	0.01224	0.01703	0.01115	0.04093	0.00899	0.00507	0.00600	0.00178	0.00806	0.00613	0.00277	0.00722
41	0.01709	0.01189	0.01328	0.01055	0.01415	0.01251	0.00844	0.37193	0.12083	0.12265	0.01547	0.03832	0.01213	0.07909	0.00742	0.00189	0.01794	0.00542	0.00502	0.11397

[dist]
# distance from previous block
# <min> <max>
0	1

[block]
# block no. 5 follows, 45 sequences, length 82
# corresponding to MSA columns:
# 382-463
name=unknown_F
#
# <colnr> <probs for GDERKNQSTAVLIFYWHMCP>
#	G	D	E	R	K	N	Q	S	T	A	V	L	I	F	Y	W	H	M	C	P
0	0.01186	0.05022	0.68868	0.01478	0.02227	0.01294	0.01856	0.07095	0.01241	0.03443	0.01005	0.01151	0.00711	0.00521	0.00508	0.00168	0.00765	0.00403	0.00259	0.00801
1	0.00722	0.00547	0.00665	0.00635	0.00779	0.00490	0.00477	0.00939	0.01430	0.01939	0.55643	0.04360	0.27058	0.01177	0.00634	0.00173	0.00259	0.01020	0.00563	0.00490
2	0.01510	0.07104	0.03866	0.01127	0.01503	0.03200	0.02198	0.24869	0.06852	0.04290	0.01122	0.01245	0.00878	0.00605	0.00681	0.00148	0.13393	0.00427	0.00388	0.24595
3	0.00695	0.00501	0.00659	0.00715	0.00787	0.00464	0.00500	0.00853	0.01226	0.01681	0.32467	0.48829	0.05733	0.01444	0.00663	0.00198	0.00288	0.01298	0.00535	0.00464
4	0.00981	0.00711	0.00841	0.00769	0.00863	0.00765	0.00538	0.12047	0.01138	0.01552	0.09407	0.02963	0.03591	0.44926	0.12215	0.00454	0.04672	0.00720	0.00378	0.00468
5	0.00920	0.00474	0.00711	0.00711	0.00718	0.00481	0.00481	0.00718	0.00711	0.00955	0.00969	0.01666	0.00962	0.02021	0.07666	0.78336	0.00537	0.00474	0.00237	0.00251
6	0.00851	0.00586	0.00702	0.00667	0.00804	0.00582	0.00507	0.03564	0.01303	0.01893	0.32452	0.03343	0.15949	0.02923	0.09348	0.00246	0.02378	0.00809	0.20590	0.00505
7	0.84927	0.01038	0.00789	0.00706	0.01038	0.01204	0.00581	0.01578	0.00914	0.02408	0.00747	0.00872	0.00581	0.00498	0.00332	0.00166	0.00415	0.00291	0.00332	0.00581
8	0.00875	0.00653	0.00928	0.01094	0.06603	0.00643	0.00852	0.01125	0.01278	0.01696	0.14264	0.05371	0.05531	0.01347	0.00706	0.00227	0.00461	0.55333	0.00493	0.00521
9	0.02408	0.00914	0.01246	0.00955	0.01370	0.00789	0.00789	0.02616	0.01536	0.78158	0.02118	0.01827	0.01329	0.00664	0.00540	0.00166	0.00457	0.00540	0.00664	0.00914
10	0.01081	0.02746	0.76622	0.01547	0.02334	0.01249	0.03685	0.01700	0.01136	0.01700	0.00966	0.01141	0.00683	0.00509	0.00513	0.00170	0.00796	0.00402	0.00228	0.00792
11	0.01970	0.09951	0.01714	0.01237	0.01634	0.19554	0.01014	0.51321	0.02145	0.02688	0.01127	0.01171	0.00839	0.00604	0.00505	0.00151	0.00676	0.00431	0.00445	0.00823
12	0.00760	0.00549	0.00718	0.00675	0.00802	0.00506	0.00506	0.01013	0.01519	0.02153	0.77503	0.04010	0.05065	0.01097	0.00633	0.00169	0.00253	0.00971	0.00591	0.00506
13	0.01264	0.01440	0.03121	0.02236	0.02763	0.01366	0.73549	0.01706	0.01253	0.01706	0.01074	0.01440	0.00811	0.00467	0.00668	0.00183	0.03334	0.00628	0.00270	0.00720
14	0.00736	0.00548	0.00684	0.00650	0.00787	0.00496	0.00488	0.00966	0.01463	0.02018	0.63646	0.04232	0.19006	0.01148	0.00633	0.00171	0.00257	0.01002	0.00573	0.00496
15	0.00865	0.00618	0.00865	0.00989	0.01112	0.00618	0.00865	0.01112	0.01236	0.01606	0.02842	0.06055	0.03089	0.01483	0.00741	0.00247	0.00494	0.74174	0.00494	0.00494
16	0.84927	0.01038	0.00789	0.00706	0.01038	0.01204	0.00581	0.01578	0.00914	0.02408	0.00747	0.00872	0.00581	0.00498	0.00332	0.00166	0.00415	0.00291	0.00332	0.00581
17	0.01909	0.01438	0.01537	0.01208	0.01615	0.01603	0.00988	0.62363	0.16372	0.03171	0.01456	0.01422	0.01048	0.00660	0.00539	0.00165	0.00560	0.00506	0.00539	0.00901
18	0.00781	0.00520	0.00585	0.00585	0.00585	0.00520	0.00325	0.00781	0.00781	0.01041	0.01691	0.03513	0.01952	0.81135	0.02732	0.00520	0.00520	0.00781	0.00325	0.00325
19	0.03210	0.79748	0.02770	0.00914	0.01371	0.02104	0.00911	0.01607	0.01087	0.01287	0.00746	0.00861	0.00687	0.00460	0.00344	0.00116	0.00571	0.00287	0.00232	0.00687
20	0.84927	0.01038	0.00789	0.00706	0.01038	0.01204	0.00581	0.01578	0.00914	0.02408	0.00747	0.00872	0.00581	0.00498	0.00332	0.00166	0.00415	0.00291	0.00332	0.00581
21	0.00932	0.00466	0.00699	0.00699	0.00699	0.00466	0.00466	0.00699	0.00699	0.00932	0.00932	0.01632	0.00932	0.01865	0.02098	0.84382	0.00466	0.00466	0.00233	0.00233
22	0.03386	0.01470	0.01539	0.01209	0.01616	0.03349	0.00989	0.62776	0.12897	0.03160	0.01395	0.01374	0.01004	0.00652	0.00534	0.00164	0.00573	0.00494	0.00529	0.00892
23	0.01200	0.01399	0.06272	0.07703	0.02647	0.01302	0.58253	0.01618	0.01213	0.01660	0.02607	0.03000	0.00946	0.00621	0.02850	0.00202	0.04909	0.00625	0.00276	0.00694
24	0.76704	0.01021	0.00835	0.04985	0.01179	0.01178	0.00628	0.01555	0.00931	0.02328	0.00784	0.00931	0.00610	0.00501	0.00346	0.00164	0.00428	0.00306	0.02013	0.02576
25	0.01095	0.02668	0.72839	0.01658	0.07786	0.01249	0.01959	0.01696	0.01140	0.01704	0.00967	0.01147	0.00692	0.00508	0.00512	0.00169	0.00782	0.00403	0.00229	0.00797
26	0.01362	0.12894	0.07637	0.06962	0.01649	0.03239	0.01163	0.03663	0.04529	0.08901	0.00973	0.01245	0.00810	0.00755	0.01136	0.00195	0.41467	0.00449	0.00299	0.00672
27	0.00713	0.00509	0.00690	0.00814	0.00871	0.00487	0.00600	0.00849	0.01086	0.01436	0.02926	0.60018	0.03422	0.01626	0.00701	0.00226	0.00362	0.21714	0.00497	0.00452
28	0.02012	0.01487	0.01596	0.01222	0.01653	0.01636	0.01008	0.73709	0.02481	0.03333	0.01279	0.01283	0.00909	0.00637	0.00533	0.00159	0.00585	0.00478	0.00530	0.03472
29	0.01169	0.00930	0.01160	0.09369	0.01532	0.00779	0.00765	0.02715	0.01169	0.06073	0.01202	0.01651	0.01032	0.00533	0.00455	0.00112	0.00448	0.07219	0.00349	0.61338
30	0.01175	0.02607	0.71099	0.01486	0.02234	0.01222	0.01879	0.01757	0.01156	0.07226	0.01041	0.01184	0.00727	0.00531	0.00539	0.00171	0.02499	0.00409	0.00259	0.00798
31	0.06860	0.00606	0.00843	0.00837	0.00946	0.00702	0.00647	0.00994	0.00862	0.01320	0.01401	0.02089	0.01317	0.07628	0.69497	0.00795	0.01318	0.00565	0.00293	0.00479
32	0.01622	0.05669	0.01452	0.01152	0.01503	0.07479	0.00923	0.26531	0.42781	0.02491	0.01712	0.01629	0.01279	0.00673	0.00528	0.00168	0.00529	0.00529	0.00505	0.00844
33	0.76839	0.01026	0.00834	0.00730	0.01071	0.01163	0.00602	0.01680	0.00975	0.09833	0.00882	0.00966	0.00655	0.00515	0.00353	0.00166	0.00419	0.00315	0.00365	0.00614
34	0.04253	0.18699	0.01732	0.01096	0.01487	0.01610	0.00928	0.44338	0.07388	0.04111	0.01334	0.05730	0.01076	0.00769	0.02921	0.00178	0.00578	0.00506	0.00457	0.00810
35	0.00877	0.00648	0.00886	0.00833	0.00932	0.00706	0.02892	0.06348	0.00970	0.01346	0.01536	0.04084	0.01553	0.30749	0.42522	0.00658	0.01015	0.00661	0.00323	0.00463
36	0.07148	0.01113	0.01157	0.01046	0.01340	0.06724	0.00840	0.03800	0.37403	0.15772	0.02080	0.02546	0.01694	0.00825	0.00562	0.00186	0.00485	0.13992	0.00524	0.00763
37	0.01298	0.01246	0.01837	0.27633	0.33150	0.06555	0.02910	0.03644	0.05942	0.02981	0.01058	0.01378	0.00844	0.00560	0.00626	0.00172	0.06668	0.00481	0.00287	0.00733
38	0.00781	0.00520	0.00585	0.00585	0.00585	0.00520	0.00325	0.00781	0.00781	0.01041	0.01691	0.03513	0.01952	0.81135	0.02732	0.00520	0.00520	0.00781	0.00325	0.00325
39	0.01937	0.01463	0.01620	0.01254	0.01674	0.01618	0.03535	0.65453	0.10635	0.03202	0.01380	0.01373	0.00989	0.00647	0.00541	0.00164	0.00583	0.00502	0.00529	0.00900
40	0.01657	0.01081	0.01223	0.01051	0.01388	0.01172	0.00831	0.02782	0.54270	0.24982	0.02165	0.01950	0.01546	0.00709	0.00544	0.00177	0.00434	0.00587	0.00582	0.00869
41	0.01354	0.01162	0.01224	0.01096	0.01403	0.01344	0.00854	0.04805	0.74833	0.02276	0.02161	0.01984	0.01619	0.00726	0.00546	0.00182	0.00429	0.00604	0.00546	0.00851
42	0.00659	0.00480	0.00622	0.00729	0.00780	0.00443	0.00496	0.00764	0.01066	0.01406	0.05446	0.69656	0.10923	0.01629	0.00680	0.00213	0.00309	0.02757	0.00501	0.00441
43	0.01006	0.06669	0.01223	0.06920	0.14555	0.04872	0.00881	0.01194	0.01128	0.01458	0.05427	0.10486	0.05325	0.17141	0.01034	0.00258	0.00533	0.18971	0.00377	0.00544
44	0.00654	0.00467	0.00623	0.00747	0.00779	0.00436	0.00498	0.00747	0.01028	0.01370	0.02959	0.80785	0.03550	0.01682	0.00685	0.00218	0.00311	0.01526	0.00498	0.00436
45	0.01014	0.00954	0.01610	0.79845	0.03697	0.01193	0.01491	0.01371	0.01073	0.01371	0.00954	0.01431	0.00716	0.00537	0.00537	0.00179	0.00716	0.00477	0.00239	0.00596
46	0.01111	0.00954	0.01125	0.02748	0.01332	0.00727	0.00657	0.01352	0.01112	0.01740	0.00954	0.01121	0.00793	0.00401	0.00401	0.00082	0.00405	0.00322	0.00316	0.82346
47	0.84927	0.01038	0.00789	0.00706	0.01038	0.01204	0.00581	0.01578	0.00914	0.02408	0.00747	0.00872	0.00581	0.00498	0.00332	0.00166	0.00415	0.00291	0.00332	0.00581
48	0.01076	0.00992	0.01627	0.73462	0.05822	0.01220	0.01471	0.05252	0.01153	0.01487	0.00973	0.01421	0.00730	0.00541	0.00537	0.00177	0.00707	0.00477	0.00255	0.00620
49	0.00767	0.00575	0.00863	0.00863	0.00959	0.00671	0.00671	0.00959	0.00863	0.01246	0.01438	0.02109	0.01342	0.04026	0.79008	0.00863	0.01438	0.00575	0.00288	0.00479
50	0.01077	0.02777	0.78354	0.01530	0.02323	0.01247	0.01983	0.01700	0.01133	0.01700	0.00963	0.01133	0.00680	0.00510	0.00510	0.00170	0.00793	0.00397	0.00227	0.00793
51	0.00660	0.00551	0.00579	0.00590	0.00765	0.00470	0.00455	0.00809	0.01231	0.01481	0.06804	0.05227	0.68638	0.01366	0.00645	0.00187	0.00293	0.08288	0.00500	0.00458
52	0.01329	0.01275	0.02179	0.03295	0.77787	0.01275	0.01647	0.01647	0.01222	0.01754	0.01010	0.01329	0.00850	0.00478	0.00531	0.00159	0.00638	0.00478	0.00266	0.00850
53	0.00781	0.00520	0.00585	0.00585	0.00585	0.00520	0.00325	0.00781	0.00781	0.01041	0.01691	0.03513	0.01952	0.81135	0.02732	0.00520	0.00520	0.00781	0.00325	0.00325
54	0.00660	0.00472	0.00630	0.00751	0.00786	0.00441	0.00506	0.00760	0.01041	0.01389	0.04276	0.77833	0.03567	0.01667	0.00685	0.00218	0.00314	0.03064	0.00500	0.00438
55	0.00753	0.00548	0.00708	0.00668	0.00798	0.00503	0.00501	0.00999	0.01503	0.02113	0.73403	0.04076	0.09191	0.01112	0.00633	0.00170	0.00254	0.00980	0.00586	0.00503
56	0.01435	0.81458	0.02813	0.00918	0.01378	0.02124	0.00918	0.01607	0.01091	0.01263	0.00746	0.00861	0.00689	0.00459	0.00344	0.00115	0.00574	0.00287	0.00230	0.00689
57	0.81701	0.04146	0.00867	0.00714	0.01051	0.01240	0.00594	0.01579	0.00920	0.02364	0.00747	0.00872	0.00585	0.00497	0.00333	0.00164	0.00421	0.00291	0.00328	0.00585
58	0.01077	0.02777	0.78354	0.01530	0.02323	0.01247	0.01983	0.01700	0.01133	0.01700	0.00963	0.01133	0.00680	0.00510	0.00510	0.00170	0.00793	0.00397	0.00227	0.00793
59	0.00920	0.00474	0.00711	0.00711	0.00718	0.00481	0.00481	0.00718	0.00711	0.00955	0.00969	0.01666	0.00962	0.02021	0.07666	0.78336	0.00537	0.00474	0.00237	0.00251
60	0.01242	0.02533	0.02318	0.09835	0.19508	0.01328	0.30504	0.01565	0.01141	0.03624	0.01062	0.03176	0.00884	0.00710	0.03456	0.00208	0.15363	0.00563	0.00276	0.00705
61	0.00669	0.00488	0.00633	0.00740	0.00797	0.00452	0.00515	0.00781	0.01074	0.01410	0.04494	0.65395	0.12042	0.01620	0.00683	0.00215	0.00319	0.06731	0.00500	0.00443
62	0.02026	0.01496	0.01603	0.01232	0.01659	0.01658	0.01017	0.74505	0.04039	0.03360	0.01307	0.01303	0.00928	0.00646	0.00537	0.00162	0.00587	0.00486	0.00537	0.00912
63	0.01190	0.00987	0.01186	0.02737	0.01373	0.00800	0.02066	0.06717	0.01221	0.03243	0.01064	0.03613	0.00897	0.00464	0.00427	0.00095	0.00427	0.00381	0.00343	0.70772
64	0.01126	0.13549	0.68012	0.01446	0.02194	0.01367	0.01838	0.01687	0.01127	0.01640	0.00934	0.01096	0.00681	0.00503	0.00487	0.00162	0.00763	0.00382	0.00227	0.00779
65	0.00744	0.00524	0.00680	0.00712	0.00750	0.00545	0.00476	0.00827	0.00869	0.01189	0.01938	0.22901	0.02174	0.37021	0.25685	0.00548	0.00749	0.00909	0.00358	0.00401
66	0.01113	0.00954	0.01113	0.00795	0.01272	0.00716	0.00636	0.01352	0.01113	0.01749	0.00954	0.01113	0.00795	0.00398	0.00398	0.00080	0.00398	0.00318	0.00318	0.84417
67	0.01166	0.00998	0.01058	0.00973	0.01241	0.01115	0.00758	0.02332	0.57185	0.02059	0.04237	0.02844	0.16605	0.00893	0.00574	0.00185	0.00395	0.04099	0.00535	0.00750
68	0.01186	0.03338	0.01010	0.00843	0.01084	0.02476	0.00662	0.08891	0.16755	0.09376	0.32702	0.03147	0.14455	0.00946	0.00585	0.00170	0.00368	0.00799	0.00552	0.00654
69	0.84927	0.01038	0.00789	0.00706	0.01038	0.01204	0.00581	0.01578	0.00914	0.02408	0.00747	0.00872	0.00581	0.00498	0.00332	0.00166	0.00415	0.00291	0.00332	0.00581
70	0.02922	0.04370	0.72459	0.01480	0.02243	0.01249	0.01890	0.01726	0.01141	0.04295	0.00993	0.01145	0.00700	0.00514	0.00504	0.00169	0.00769	0.00397	0.00244	0.00791
71	0.82413	0.03459	0.00850	0.00712	0.01048	0.01232	0.00591	0.01579	0.00919	0.02374	0.00747	0.00872	0.00585	0.00497	0.00333	0.00165	0.00420	0.00291	0.00329	0.00585
72	0.00783	0.00567	0.00729	0.00815	0.00897	0.00551	0.00598	0.05690	0.01174	0.01549	0.02946	0.57796	0.06805	0.01561	0.00684	0.00218	0.00363	0.15295	0.00500	0.00479
73	0.01025	0.00818	0.00966	0.00972	0.01164	0.00884	0.00784	0.01779	0.32432	0.01883	0.08074	0.10947	0.05198	0.01157	0.00644	0.00210	0.00424	0.29483	0.00523	0.00635
74	0.01189	0.01633	0.21526	0.03968	0.26394	0.01224	0.24715	0.01616	0.01207	0.01701	0.01201	0.03624	0.01022	0.00582	0.00577	0.00177	0.00743	0.05867	0.00279	0.00755
75	0.02005	0.02558	0.01521	0.01383	0.01659	0.78980	0.01037	0.02143	0.01521	0.01314	0.00830	0.00968	0.00691	0.00553	0.00484	0.00138	0.00968	0.00346	0.00277	0.00622
76	0.02005	0.02558	0.01521	0.01383	0.01659	0.78980	0.01037	0.02143	0.01521	0.01314	0.00830	0.00968	0.00691	0.00553	0.00484	0.00138	0.00968	0.00346	0.00277	0.00622
77	0.00697	0.00526	0.00703	0.00848	0.04770	0.00489	0.00548	0.00823	0.01109	0.01476	0.10459	0.60136	0.12369	0.01524	0.00666	0.00206	0.00318	0.01370	0.00495	0.00466
78	0.00653	0.00469	0.00621	0.00742	0.00777	0.00436	0.00496	0.00748	0.01033	0.01372	0.03023	0.78816	0.05477	0.01673	0.00684	0.00217	0.00310	0.01516	0.00498	0.00436
79	0.00705	0.00547	0.00641	0.00618	0.00768	0.00483	0.00463	0.00907	0.01390	0.01844	0.45888	0.04517	0.36873	0.01212	0.00634	0.00174	0.00261	0.01042	0.00550	0.00483
80	0.00763	0.00551	0.00722	0.00685	0.00811	0.00510	0.00517	0.01016	0.01511	0.02136	0.75248	0.04072	0.05005	0.01109	0.00636	0.00171	0.00261	0.03182	0.00588	0.00506
81	0.02776	0.02576	0.65067	0.01568	0.03880	0.05245	0.05877	0.01746	0.01169	0.03814	0.00992	0.01160	0.00708	0.00512	0.00513	0.00169	0.00789	0.00411	0.00247	0.00781

[dist]
# distance from previous block
# <min> <max>
0	3

# created by:
# /st0/software/busco_prod/Augustus/scripts/msa2prfl.pl ./align_prep/184242.fa
