[name]
unknown

[dist]
# distance from previous block
# <min> <max>
40	435

[block]
# block no. 0 follows, 42 sequences, length 23
# corresponding to MSA columns:
# 477-499
name=unknown_A
#
# <colnr> <probs for GDERKNQSTAVLIFYWHMCP>
#	G	D	E	R	K	N	Q	S	T	A	V	L	I	F	Y	W	H	M	C	P
0	0.01443	0.09873	0.04482	0.05631	0.08521	0.01168	0.04034	0.08398	0.09365	0.12278	0.04684	0.06583	0.03124	0.05315	0.00682	0.00187	0.00543	0.02627	0.00437	0.10624
1	0.06137	0.01080	0.01411	0.12072	0.04813	0.01118	0.03453	0.17790	0.04945	0.22874	0.03464	0.05780	0.04144	0.02842	0.00678	0.02847	0.00548	0.00617	0.00500	0.02887
2	0.03228	0.00964	0.01341	0.07011	0.10332	0.02847	0.06105	0.03484	0.06004	0.08785	0.04020	0.20247	0.05068	0.00980	0.00688	0.05256	0.00510	0.00800	0.00428	0.11904
3	0.01365	0.09941	0.05546	0.32158	0.08714	0.01344	0.03346	0.03727	0.10215	0.09205	0.03176	0.01570	0.01063	0.00610	0.00583	0.00175	0.03225	0.00510	0.00355	0.03171
4	0.01512	0.02844	0.08983	0.21674	0.10976	0.02859	0.03192	0.14863	0.08368	0.10131	0.01384	0.02966	0.01063	0.03597	0.00643	0.00189	0.00651	0.00537	0.00398	0.03169
5	0.04043	0.16277	0.17118	0.07184	0.16597	0.01351	0.04444	0.01816	0.05199	0.10619	0.04603	0.05837	0.01257	0.00644	0.00530	0.00169	0.00628	0.00546	0.00357	0.00782
6	0.01602	0.03978	0.03726	0.14174	0.15158	0.13842	0.05622	0.07733	0.04705	0.11509	0.03221	0.03445	0.01144	0.00638	0.00572	0.00169	0.01739	0.01579	0.00384	0.05060
7	0.01366	0.01197	0.07979	0.01205	0.01570	0.02407	0.11842	0.08750	0.08825	0.12800	0.09146	0.02916	0.15945	0.02113	0.00686	0.00193	0.02615	0.05772	0.00487	0.02186
8	0.01456	0.10987	0.34445	0.01278	0.01843	0.01237	0.03468	0.07417	0.01349	0.15440	0.01452	0.08426	0.01190	0.04145	0.00640	0.00188	0.00658	0.00564	0.00380	0.03436
9	0.01761	0.01165	0.01536	0.01209	0.01577	0.02535	0.08748	0.19032	0.06670	0.23186	0.08818	0.06622	0.01675	0.00775	0.00661	0.00176	0.05378	0.00647	0.00532	0.07298
10	0.02736	0.10320	0.49047	0.01434	0.02109	0.01291	0.06423	0.01774	0.01233	0.07669	0.04037	0.03648	0.01044	0.00592	0.00530	0.00170	0.00727	0.00484	0.00306	0.04426
11	0.04535	0.06085	0.01542	0.20668	0.02083	0.03453	0.03958	0.09752	0.14963	0.03659	0.01431	0.01593	0.03399	0.00643	0.00567	0.02552	0.00578	0.00498	0.00384	0.17660
12	0.01493	0.71813	0.02764	0.00983	0.01446	0.02136	0.00955	0.01829	0.09363	0.01438	0.00949	0.01035	0.00832	0.00513	0.00384	0.00128	0.00585	0.00338	0.00277	0.00741
13	0.05283	0.29717	0.03613	0.00995	0.01467	0.01465	0.00895	0.11505	0.01453	0.20355	0.01258	0.01269	0.00935	0.00550	0.00452	0.00136	0.00535	0.00402	0.00418	0.17295
14	0.00667	0.00561	0.00579	0.00594	0.00766	0.00473	0.00438	0.00805	0.01260	0.01511	0.05414	0.13623	0.68462	0.01462	0.00671	0.00194	0.00290	0.01233	0.00523	0.00473
15	0.03911	0.01429	0.01567	0.01212	0.01640	0.01547	0.00995	0.58182	0.04035	0.14664	0.01507	0.01521	0.01069	0.03291	0.00635	0.00183	0.00587	0.00525	0.00572	0.00928
16	0.00957	0.00796	0.01105	0.02073	0.01215	0.00768	0.09634	0.09171	0.03182	0.01831	0.10726	0.24720	0.25970	0.04284	0.00749	0.00211	0.00433	0.01108	0.00498	0.00571
17	0.00898	0.00547	0.00727	0.00798	0.00878	0.00504	0.00550	0.01012	0.01146	0.09797	0.05765	0.65516	0.03464	0.04555	0.00780	0.00232	0.00349	0.01434	0.00539	0.00511
18	0.02058	0.02479	0.01612	0.01434	0.01726	0.65299	0.01093	0.10200	0.01670	0.01615	0.00916	0.01064	0.00751	0.00613	0.00588	0.00153	0.05341	0.00386	0.00318	0.00684
19	0.01235	0.13521	0.55508	0.01494	0.02164	0.04837	0.01789	0.01743	0.01165	0.01655	0.00943	0.01145	0.00717	0.00578	0.00651	0.00176	0.09247	0.00406	0.00241	0.00785
20	0.01075	0.01014	0.01665	0.64781	0.05637	0.01271	0.01487	0.01409	0.01099	0.01440	0.01063	0.04803	0.00880	0.00658	0.00711	0.00195	0.09378	0.00546	0.00262	0.00625
21	0.00668	0.00557	0.00584	0.00605	0.00769	0.00472	0.00443	0.00804	0.01249	0.01506	0.05273	0.17685	0.64491	0.01481	0.00674	0.00196	0.00292	0.01256	0.00523	0.00472
22	0.01205	0.00971	0.01608	0.61956	0.03333	0.01148	0.03435	0.01541	0.01174	0.09781	0.01272	0.05864	0.01018	0.02621	0.00632	0.00197	0.00698	0.00580	0.00317	0.00649

[dist]
# distance from previous block
# <min> <max>
0	7

[block]
# block no. 1 follows, 42 sequences, length 8
# corresponding to MSA columns:
# 507-514
name=unknown_B
#
# <colnr> <probs for GDERKNQSTAVLIFYWHMCP>
#	G	D	E	R	K	N	Q	S	T	A	V	L	I	F	Y	W	H	M	C	P
0	0.01311	0.01082	0.01813	0.50188	0.09914	0.01222	0.08107	0.04890	0.01296	0.09751	0.04118	0.01636	0.01029	0.00591	0.00576	0.00183	0.00707	0.00543	0.00332	0.00708
1	0.01244	0.28136	0.34071	0.01222	0.01767	0.06673	0.01359	0.01608	0.01183	0.01536	0.01377	0.09170	0.04625	0.03060	0.00569	0.00173	0.00684	0.00540	0.00287	0.00715
2	0.01285	0.01187	0.01776	0.01431	0.01668	0.05849	0.19039	0.06446	0.01271	0.05262	0.08818	0.05796	0.03042	0.05241	0.08853	0.00290	0.21052	0.00679	0.00368	0.00648
3	0.28545	0.01134	0.01302	0.24401	0.04640	0.04165	0.01023	0.11049	0.01317	0.07788	0.01127	0.01362	0.00848	0.00766	0.04496	0.00212	0.00635	0.00443	0.04060	0.00687
4	0.11688	0.01390	0.04750	0.16967	0.38314	0.05976	0.01464	0.05503	0.02946	0.01903	0.01033	0.01332	0.00830	0.00551	0.00568	0.00174	0.03057	0.00468	0.00301	0.00784
5	0.01100	0.01249	0.10378	0.63164	0.10357	0.01265	0.01637	0.01504	0.01147	0.01514	0.01007	0.01455	0.00759	0.00554	0.00559	0.00185	0.00752	0.00491	0.00251	0.00673
6	0.07084	0.20995	0.22986	0.14743	0.02216	0.03410	0.04218	0.10103	0.01358	0.06406	0.01051	0.01225	0.00789	0.00550	0.00494	0.00164	0.00698	0.00423	0.00316	0.00769
7	0.13471	0.01243	0.03897	0.08205	0.01719	0.05775	0.03992	0.09726	0.06647	0.26161	0.05911	0.01672	0.01298	0.00664	0.00577	0.00173	0.03223	0.00522	0.00491	0.04632

[dist]
# distance from previous block
# <min> <max>
0	30

[block]
# block no. 2 follows, 42 sequences, length 28
# corresponding to MSA columns:
# 546-573
name=unknown_C
#
# <colnr> <probs for GDERKNQSTAVLIFYWHMCP>
#	G	D	E	R	K	N	Q	S	T	A	V	L	I	F	Y	W	H	M	C	P
0	0.01509	0.01320	0.01505	0.01499	0.15014	0.07022	0.01006	0.19070	0.11925	0.02269	0.03166	0.05134	0.01230	0.00634	0.00525	0.00147	0.00551	0.00525	0.00423	0.25526
1	0.03044	0.05333	0.01362	0.01078	0.05190	0.01042	0.00823	0.11190	0.07259	0.17457	0.11142	0.01868	0.02837	0.00662	0.00535	0.00145	0.01486	0.00537	0.00486	0.26525
2	0.00820	0.00587	0.00801	0.00894	0.00996	0.00568	0.00716	0.01033	0.01295	0.01732	0.18413	0.27228	0.03813	0.01530	0.00736	0.00233	0.00410	0.37150	0.00541	0.00503
3	0.16432	0.57907	0.04359	0.00970	0.01430	0.04052	0.00937	0.05643	0.01204	0.01673	0.00821	0.00939	0.00714	0.00503	0.00378	0.00135	0.00590	0.00317	0.00279	0.00715
4	0.02055	0.01392	0.01502	0.01157	0.01601	0.05475	0.00945	0.40945	0.03370	0.20172	0.01485	0.01447	0.01038	0.00634	0.00537	0.00155	0.00572	0.00486	0.00542	0.14490
5	0.01454	0.03259	0.41076	0.01618	0.09694	0.01193	0.05028	0.04931	0.01378	0.16350	0.07383	0.01611	0.01252	0.00614	0.00558	0.00175	0.00694	0.00516	0.00377	0.00838
6	0.01161	0.02683	0.65185	0.01730	0.02519	0.01326	0.13972	0.01786	0.01211	0.01786	0.01031	0.01242	0.00736	0.00525	0.00556	0.00180	0.00851	0.00457	0.00245	0.00820
7	0.02354	0.00932	0.01259	0.00980	0.01388	0.00816	0.00804	0.02608	0.03354	0.69103	0.08406	0.02111	0.01727	0.00736	0.00574	0.00175	0.00460	0.00605	0.00687	0.00921
8	0.01461	0.35252	0.32667	0.01309	0.01897	0.15491	0.01435	0.01825	0.01243	0.01518	0.00890	0.01038	0.00719	0.00521	0.00457	0.00148	0.00769	0.00358	0.00248	0.00754
9	0.01484	0.01220	0.03913	0.19370	0.44101	0.01211	0.01526	0.01814	0.01299	0.14076	0.01297	0.01657	0.01014	0.00582	0.00566	0.00176	0.00655	0.02860	0.00348	0.00831
10	0.00783	0.00583	0.00859	0.00883	0.00971	0.00659	0.00671	0.00965	0.00936	0.01330	0.01794	0.16189	0.01824	0.03778	0.64081	0.00783	0.01295	0.00782	0.00341	0.00494
11	0.00800	0.00693	0.00894	0.01130	0.14444	0.00627	0.00679	0.00969	0.01244	0.01562	0.04373	0.18786	0.49098	0.01323	0.00656	0.00193	0.00362	0.01142	0.00479	0.00547
12	0.01335	0.15700	0.05938	0.12073	0.08972	0.01568	0.33983	0.03598	0.01251	0.01677	0.01014	0.01350	0.00806	0.00543	0.00684	0.00179	0.07780	0.00533	0.00274	0.00742
13	0.00928	0.00700	0.01024	0.14983	0.01582	0.00732	0.02167	0.01194	0.03219	0.03797	0.02657	0.27919	0.04640	0.01372	0.00704	0.00229	0.00499	0.30637	0.00474	0.00545
14	0.00755	0.00559	0.00705	0.00699	0.00823	0.00509	0.00513	0.00970	0.01449	0.01988	0.51631	0.18021	0.16685	0.01306	0.00674	0.00188	0.00280	0.01150	0.00586	0.00509
15	0.01202	0.01138	0.01868	0.16613	0.49829	0.01166	0.01463	0.01509	0.01253	0.01709	0.01884	0.02137	0.14474	0.00679	0.00578	0.00175	0.00614	0.00625	0.00317	0.00768
16	0.01437	0.09488	0.41684	0.01544	0.02203	0.01302	0.14233	0.01920	0.01281	0.15292	0.01290	0.03645	0.00948	0.00584	0.00552	0.00176	0.00752	0.00510	0.00337	0.00821
17	0.01328	0.01518	0.03321	0.02372	0.02941	0.01423	0.74668	0.01803	0.01328	0.01803	0.01139	0.01518	0.00854	0.00474	0.00664	0.00190	0.00949	0.00664	0.00285	0.00759
18	0.01340	0.01485	0.03134	0.02567	0.16222	0.01408	0.61537	0.01789	0.01320	0.01809	0.01124	0.01495	0.00861	0.00479	0.00645	0.00186	0.00898	0.00635	0.00284	0.00783
19	0.01219	0.01435	0.08161	0.29623	0.03238	0.01353	0.43251	0.01671	0.01246	0.01671	0.01080	0.01488	0.00807	0.00510	0.00618	0.00188	0.00869	0.00587	0.00269	0.00717
20	0.01070	0.00981	0.01627	0.47770	0.18775	0.01124	0.01415	0.01391	0.01159	0.01534	0.01413	0.13170	0.01332	0.00772	0.00594	0.00193	0.00660	0.04060	0.00309	0.00652
21	0.84197	0.01088	0.00827	0.00740	0.01088	0.01262	0.00609	0.01654	0.00958	0.02525	0.00784	0.00914	0.00609	0.00522	0.00348	0.00174	0.00435	0.00305	0.00348	0.00609
22	0.00730	0.00521	0.00704	0.00834	0.00886	0.00495	0.00599	0.00860	0.01121	0.01486	0.03077	0.65193	0.03626	0.01722	0.00730	0.00235	0.00365	0.15827	0.00522	0.00469
23	0.01251	0.03725	0.05434	0.14800	0.06228	0.01358	0.50735	0.01680	0.01269	0.01710	0.01203	0.05706	0.00985	0.00562	0.00632	0.00188	0.00856	0.00661	0.00289	0.00728
24	0.01589	0.01416	0.06309	0.02688	0.45274	0.03091	0.13519	0.01938	0.01351	0.15368	0.01274	0.01487	0.00962	0.00536	0.00574	0.00172	0.00697	0.00532	0.00353	0.00873
25	0.00682	0.00504	0.00638	0.00745	0.00806	0.00460	0.00505	0.00788	0.01114	0.01452	0.03570	0.66454	0.16821	0.01702	0.00709	0.00222	0.00319	0.01526	0.00522	0.00460
26	0.01297	0.01283	0.02318	0.22593	0.44759	0.01330	0.14816	0.01667	0.01250	0.01729	0.01058	0.01443	0.00848	0.00512	0.00578	0.00176	0.00740	0.00530	0.00272	0.00799
27	0.52787	0.01200	0.01472	0.07111	0.05753	0.01322	0.14103	0.05513	0.02468	0.02326	0.00935	0.01137	0.00717	0.00528	0.00448	0.00178	0.00574	0.00411	0.00341	0.00676

[dist]
# distance from previous block
# <min> <max>
0	33

[block]
# block no. 3 follows, 42 sequences, length 32
# corresponding to MSA columns:
# 608-639
name=unknown_D
#
# <colnr> <probs for GDERKNQSTAVLIFYWHMCP>
#	G	D	E	R	K	N	Q	S	T	A	V	L	I	F	Y	W	H	M	C	P
0	0.29799	0.04352	0.07589	0.03091	0.01506	0.05314	0.02341	0.13195	0.10731	0.07523	0.08168	0.01556	0.01316	0.00649	0.00489	0.00173	0.00540	0.00485	0.00438	0.00743
1	0.00826	0.00545	0.00638	0.00654	0.00677	0.00533	0.00391	0.00858	0.00911	0.02817	0.03691	0.17630	0.04361	0.60450	0.02319	0.00463	0.00491	0.00970	0.00392	0.00383
2	0.25624	0.01440	0.01410	0.01129	0.01537	0.03606	0.00926	0.46936	0.07199	0.03113	0.01241	0.01269	0.00904	0.00635	0.00501	0.00171	0.00565	0.00454	0.00495	0.00845
3	0.00884	0.00685	0.00988	0.00953	0.01042	0.00832	0.00752	0.01079	0.00921	0.01379	0.01427	0.02064	0.01316	0.03471	0.60868	0.00748	0.12295	0.00581	0.07196	0.00520
4	0.01373	0.01279	0.02115	0.21601	0.50937	0.01352	0.03431	0.07735	0.01358	0.01882	0.01071	0.01419	0.00862	0.00530	0.00562	0.00173	0.00691	0.00506	0.00295	0.00829
5	0.00862	0.00590	0.00773	0.00719	0.00863	0.00542	0.00542	0.01126	0.01594	0.05086	0.73610	0.04117	0.05162	0.01133	0.00660	0.00177	0.00274	0.01001	0.00622	0.00547
6	0.01505	0.80561	0.02949	0.00963	0.01444	0.02227	0.00963	0.01685	0.01143	0.01324	0.00782	0.00903	0.00722	0.00481	0.00361	0.00120	0.00602	0.00301	0.00241	0.00722
7	0.01167	0.01000	0.01167	0.00834	0.01334	0.00750	0.00667	0.01417	0.01167	0.01834	0.01000	0.01167	0.00834	0.00417	0.00417	0.00083	0.00417	0.00333	0.00333	0.83663
8	0.00899	0.07301	0.01169	0.11824	0.01423	0.00898	0.00827	0.01112	0.00951	0.01315	0.01390	0.02080	0.01291	0.07375	0.56753	0.00720	0.01276	0.00575	0.00291	0.00529
9	0.01462	0.01522	0.11976	0.01222	0.01619	0.04285	0.01072	0.13065	0.48132	0.02384	0.03903	0.03760	0.01573	0.00746	0.00569	0.00185	0.00539	0.00610	0.00514	0.00863
10	0.00686	0.00490	0.00653	0.00784	0.00816	0.00457	0.00522	0.00784	0.01077	0.01437	0.03102	0.79855	0.03722	0.01763	0.00718	0.00229	0.00326	0.01600	0.00522	0.00457
11	0.01088	0.01409	0.18053	0.32076	0.08923	0.02989	0.01420	0.03072	0.01216	0.01640	0.04421	0.07899	0.07467	0.00759	0.00624	0.00186	0.03619	0.00641	0.01828	0.00670
12	0.01745	0.01437	0.05417	0.01157	0.01594	0.04186	0.00975	0.41442	0.03660	0.05547	0.01436	0.07851	0.01171	0.00700	0.00540	0.00155	0.00566	0.00554	0.00486	0.19380
13	0.84197	0.01088	0.00827	0.00740	0.01088	0.01262	0.00609	0.01654	0.00958	0.02525	0.00784	0.00914	0.00609	0.00522	0.00348	0.00174	0.00435	0.00305	0.00348	0.00609
14	0.01421	0.63221	0.19553	0.01106	0.01666	0.02021	0.01212	0.01707	0.01153	0.01426	0.00833	0.00966	0.00720	0.00493	0.00400	0.00133	0.00653	0.00327	0.00240	0.00747
15	0.00804	0.00603	0.00904	0.00904	0.01005	0.00703	0.00703	0.01005	0.00904	0.01306	0.01507	0.02211	0.01407	0.04221	0.77992	0.00904	0.01507	0.00603	0.00301	0.00502
16	0.00792	0.00575	0.00745	0.00703	0.00838	0.00529	0.00527	0.01053	0.01581	0.02229	0.73784	0.04249	0.07957	0.01161	0.00664	0.00177	0.00266	0.01024	0.00616	0.00529
17	0.00796	0.00575	0.00752	0.00708	0.00841	0.00531	0.00531	0.01062	0.01593	0.02257	0.76415	0.04204	0.05310	0.01150	0.00664	0.00177	0.00265	0.01018	0.00619	0.00531
18	0.01231	0.01231	0.01724	0.01477	0.01477	0.01724	0.01231	0.01354	0.00862	0.01354	0.00739	0.01231	0.00739	0.00985	0.01847	0.00246	0.79192	0.00492	0.00246	0.00616
19	0.01341	0.01285	0.02182	0.14345	0.64089	0.01335	0.01690	0.01675	0.01247	0.01767	0.01041	0.01404	0.00867	0.00523	0.00593	0.00172	0.02823	0.00501	0.00274	0.00845
20	0.01365	0.01309	0.02235	0.09722	0.70658	0.01330	0.01713	0.01703	0.01268	0.01805	0.01054	0.01402	0.00880	0.00507	0.00558	0.00169	0.00675	0.00501	0.00276	0.00869
21	0.00796	0.00575	0.00752	0.00708	0.00841	0.00531	0.00531	0.01062	0.01593	0.02257	0.76415	0.04204	0.05310	0.01150	0.00664	0.00177	0.00265	0.01018	0.00619	0.00531
22	0.84197	0.01088	0.00827	0.00740	0.01088	0.01262	0.00609	0.01654	0.00958	0.02525	0.00784	0.00914	0.00609	0.00522	0.00348	0.00174	0.00435	0.00305	0.00348	0.00609
23	0.00702	0.00572	0.00621	0.00609	0.00783	0.00491	0.00456	0.00879	0.01369	0.01726	0.25474	0.05077	0.56582	0.01348	0.00665	0.00186	0.00280	0.01140	0.00550	0.00491
24	0.84197	0.01088	0.00827	0.00740	0.01088	0.01262	0.00609	0.01654	0.00958	0.02525	0.00784	0.00914	0.00609	0.00522	0.00348	0.00174	0.00435	0.00305	0.00348	0.00609
25	0.01176	0.01116	0.01892	0.53044	0.28818	0.01280	0.01619	0.01537	0.01179	0.01575	0.01020	0.01464	0.00799	0.00542	0.00561	0.00181	0.00722	0.00501	0.00260	0.00716
26	0.00818	0.00546	0.00614	0.00614	0.00614	0.00546	0.00341	0.00818	0.00818	0.01091	0.01773	0.03683	0.02046	0.80222	0.02864	0.00546	0.00546	0.00818	0.00341	0.00341
27	0.03054	0.00624	0.00780	0.00716	0.00887	0.00572	0.00542	0.01201	0.01510	0.09546	0.55007	0.04040	0.14331	0.03844	0.00722	0.00191	0.00303	0.00971	0.00598	0.00561
28	0.55931	0.02679	0.00946	0.02845	0.01179	0.01159	0.00658	0.05543	0.01153	0.10116	0.01114	0.01221	0.00831	0.00567	0.00394	0.00167	0.00437	0.00378	0.12026	0.00654
29	0.00671	0.00564	0.00583	0.00593	0.00768	0.00476	0.00439	0.00814	0.01276	0.01539	0.07915	0.11561	0.67990	0.01444	0.00669	0.00193	0.00288	0.01216	0.00526	0.00476
30	0.01480	0.01353	0.02170	0.07099	0.62389	0.01390	0.01626	0.11961	0.01465	0.02057	0.01097	0.01393	0.00893	0.00529	0.00558	0.00168	0.00666	0.00502	0.00317	0.00887
31	0.06557	0.00641	0.00747	0.00707	0.00802	0.00643	0.00466	0.01070	0.00925	0.06816	0.01712	0.05801	0.01815	0.52018	0.12231	0.00505	0.00645	0.00740	0.00368	0.04791

[dist]
# distance from previous block
# <min> <max>
2	10

[block]
# block no. 4 follows, 42 sequences, length 84
# corresponding to MSA columns:
# 650-680,693-745
name=unknown_E
#
# <colnr> <probs for GDERKNQSTAVLIFYWHMCP>
#	G	D	E	R	K	N	Q	S	T	A	V	L	I	F	Y	W	H	M	C	P
0	0.11747	0.01041	0.01153	0.00853	0.01326	0.00875	0.00686	0.04857	0.02677	0.03760	0.01042	0.01179	0.00841	0.00455	0.00421	0.00103	0.00430	0.00349	0.00359	0.65845
1	0.00944	0.00778	0.05531	0.00753	0.00991	0.00609	0.00625	0.01190	0.04246	0.09861	0.09076	0.13416	0.45231	0.01290	0.00652	0.00193	0.00357	0.03157	0.00532	0.00569
2	0.01230	0.18867	0.55172	0.01637	0.08883	0.01500	0.01816	0.01757	0.01187	0.01692	0.00967	0.01147	0.00731	0.00521	0.00501	0.00165	0.00769	0.00400	0.00242	0.00814
3	0.00804	0.00602	0.00898	0.00898	0.00996	0.00700	0.00695	0.01001	0.00902	0.01301	0.01514	0.02246	0.01422	0.06011	0.76222	0.00896	0.01485	0.00608	0.00302	0.00499
4	0.00815	0.00580	0.00744	0.00703	0.00844	0.00530	0.00527	0.01065	0.01555	0.03587	0.67194	0.05803	0.11579	0.01179	0.00663	0.00179	0.00273	0.01036	0.00610	0.00533
5	0.00816	0.00554	0.00655	0.00655	0.00669	0.00568	0.00392	0.00845	0.00831	0.01122	0.01736	0.03474	0.01955	0.69463	0.13500	0.00596	0.00682	0.00788	0.00335	0.00364
6	0.00673	0.00565	0.00586	0.00601	0.00775	0.00478	0.00448	0.00814	0.01265	0.01517	0.05400	0.12107	0.68140	0.01459	0.00673	0.00195	0.00295	0.03013	0.00522	0.00475
7	0.01188	0.02521	0.57383	0.01907	0.09179	0.01330	0.15001	0.01781	0.01222	0.01791	0.01037	0.01265	0.00754	0.00521	0.00560	0.00179	0.00838	0.00468	0.00250	0.00824
8	0.00804	0.00603	0.00904	0.00904	0.01005	0.00703	0.00703	0.01005	0.00904	0.01306	0.01507	0.02211	0.01407	0.04221	0.77992	0.00904	0.01507	0.00603	0.00301	0.00502
9	0.02514	0.00976	0.01317	0.01010	0.01446	0.00854	0.00834	0.04872	0.01641	0.74929	0.02195	0.01899	0.01380	0.00696	0.00566	0.00174	0.00483	0.00564	0.00693	0.00958
10	0.01505	0.80561	0.02949	0.00963	0.01444	0.02227	0.00963	0.01685	0.01143	0.01324	0.00782	0.00903	0.00722	0.00481	0.00361	0.00120	0.00602	0.00301	0.00241	0.00722
11	0.72600	0.02633	0.00927	0.00776	0.01138	0.01228	0.00643	0.01788	0.01041	0.11608	0.00959	0.01036	0.00707	0.00543	0.00375	0.00173	0.00444	0.00337	0.00389	0.00654
12	0.00879	0.00637	0.00869	0.00978	0.01113	0.00626	0.00844	0.01128	0.01310	0.01699	0.07042	0.06153	0.09907	0.01522	0.00761	0.00249	0.00484	0.62760	0.00524	0.00515
13	0.02525	0.00958	0.01306	0.01001	0.01437	0.00827	0.00827	0.02743	0.01611	0.77102	0.02220	0.01915	0.01393	0.00697	0.00566	0.00174	0.00479	0.00566	0.00697	0.00958
14	0.01393	0.01337	0.02284	0.03454	0.76712	0.01337	0.01727	0.01727	0.01281	0.01839	0.01059	0.01393	0.00891	0.00501	0.00557	0.00167	0.00669	0.00501	0.00279	0.00891
15	0.00686	0.00490	0.00653	0.00784	0.00816	0.00457	0.00522	0.00784	0.01077	0.01437	0.03102	0.79855	0.03722	0.01763	0.00718	0.00229	0.00326	0.01600	0.00522	0.00457
16	0.01359	0.01025	0.01285	0.01089	0.08098	0.00812	0.00782	0.01612	0.01233	0.11352	0.01160	0.01282	0.00909	0.00460	0.00448	0.00102	0.00447	0.00378	0.00374	0.65790
17	0.00989	0.00613	0.00806	0.00747	0.00908	0.00558	0.00563	0.01231	0.01543	0.11033	0.59773	0.10725	0.06007	0.01157	0.00657	0.00182	0.00297	0.01019	0.00618	0.00574
18	0.01394	0.11344	0.02337	0.04960	0.63109	0.01459	0.01611	0.01703	0.01247	0.01749	0.01013	0.01329	0.00862	0.00515	0.00571	0.00164	0.03030	0.00476	0.00272	0.00855
19	0.01328	0.01518	0.03321	0.02372	0.02941	0.01423	0.74668	0.01803	0.01328	0.01803	0.01139	0.01518	0.00854	0.00474	0.00664	0.00190	0.00949	0.00664	0.00285	0.00759
20	0.02525	0.00958	0.01306	0.01001	0.01437	0.00827	0.00827	0.02743	0.01611	0.77102	0.02220	0.01915	0.01393	0.00697	0.00566	0.00174	0.00479	0.00566	0.00697	0.00958
21	0.02045	0.01344	0.01667	0.01280	0.01709	0.01412	0.07566	0.44378	0.03886	0.20262	0.01576	0.01576	0.01101	0.00830	0.04196	0.00206	0.00644	0.00543	0.02875	0.00904
22	0.01077	0.01015	0.01714	0.75553	0.07079	0.01254	0.01570	0.01451	0.01132	0.01455	0.01003	0.01496	0.00756	0.00560	0.00562	0.00187	0.00747	0.00500	0.00251	0.00637
23	0.00814	0.00579	0.00784	0.00900	0.00982	0.00565	0.00708	0.00992	0.01181	0.01555	0.04485	0.33664	0.03366	0.08087	0.00924	0.00269	0.00443	0.38713	0.00507	0.00481
24	0.00686	0.00490	0.00653	0.00784	0.00816	0.00457	0.00522	0.00784	0.01077	0.01437	0.03102	0.79855	0.03722	0.01763	0.00718	0.00229	0.00326	0.01600	0.00522	0.00457
25	0.00804	0.00603	0.00904	0.00904	0.01005	0.00703	0.00703	0.01005	0.00904	0.01306	0.01507	0.02211	0.01407	0.04221	0.77992	0.00904	0.01507	0.00603	0.00301	0.00502
26	0.01063	0.01000	0.01688	0.78870	0.03876	0.01250	0.01563	0.01438	0.01125	0.01438	0.01000	0.01500	0.00750	0.00563	0.00563	0.00188	0.00750	0.00500	0.00250	0.00625
27	0.00804	0.00603	0.00904	0.00904	0.01005	0.00703	0.00703	0.01005	0.00904	0.01306	0.01507	0.02211	0.01407	0.04221	0.77992	0.00904	0.01507	0.00603	0.00301	0.00502
28	0.02029	0.02421	0.01617	0.01434	0.01717	0.62109	0.01098	0.10763	0.01654	0.01632	0.00915	0.01074	0.00754	0.00628	0.00634	0.00157	0.07971	0.00391	0.00318	0.00685
29	0.00686	0.00490	0.00653	0.00784	0.00816	0.00457	0.00522	0.00784	0.01077	0.01437	0.03102	0.79855	0.03722	0.01763	0.00718	0.00229	0.00326	0.01600	0.00522	0.00457
30	0.01167	0.01000	0.01167	0.00834	0.01334	0.00750	0.00667	0.01417	0.01167	0.01834	0.01000	0.01167	0.00834	0.00417	0.00417	0.00083	0.00417	0.00333	0.00333	0.83663
31	0.09346	0.02331	0.01544	0.01386	0.01648	0.59758	0.01062	0.03694	0.01468	0.01525	0.00856	0.01041	0.00721	0.00628	0.00664	0.00161	0.10840	0.00377	0.00296	0.00651
32	0.01129	0.02911	0.77306	0.01604	0.02436	0.01307	0.02079	0.01782	0.01188	0.01782	0.01010	0.01188	0.00713	0.00535	0.00535	0.00178	0.00832	0.00416	0.00238	0.00832
33	0.01598	0.01454	0.01528	0.01550	0.12835	0.10110	0.01067	0.14332	0.44330	0.02359	0.01793	0.01750	0.01358	0.00689	0.00561	0.00179	0.00571	0.00564	0.00495	0.00875
34	0.08825	0.01306	0.02079	0.07964	0.56489	0.01351	0.03678	0.05549	0.03881	0.01979	0.01090	0.01383	0.00888	0.00525	0.00543	0.00171	0.00651	0.00493	0.00308	0.00848
35	0.01294	0.01173	0.01895	0.43687	0.31742	0.03333	0.01575	0.01639	0.01223	0.05525	0.01083	0.01467	0.00837	0.00546	0.00559	0.00178	0.00712	0.00500	0.00285	0.00746
36	0.01289	0.00996	0.01179	0.00849	0.01343	0.00757	0.00681	0.01536	0.01207	0.08576	0.01110	0.01234	0.00884	0.00442	0.00430	0.00091	0.00422	0.00354	0.00366	0.76255
37	0.01084	0.01014	0.01657	0.68199	0.05408	0.01219	0.01479	0.01441	0.01127	0.01481	0.00996	0.01462	0.00761	0.00558	0.00579	0.00179	0.02543	0.00485	0.00258	0.08069
38	0.05945	0.01296	0.01283	0.01123	0.01456	0.08472	0.00880	0.05104	0.49159	0.13486	0.04273	0.01948	0.01602	0.00733	0.00556	0.00182	0.00504	0.00590	0.00554	0.00855
39	0.00686	0.00490	0.00653	0.00784	0.00816	0.00457	0.00522	0.00784	0.01077	0.01437	0.03102	0.79855	0.03722	0.01763	0.00718	0.00229	0.00326	0.01600	0.00522	0.00457
40	0.06405	0.01577	0.01642	0.01270	0.01711	0.03522	0.01046	0.69314	0.02533	0.03442	0.01310	0.01320	0.00933	0.00665	0.00550	0.00169	0.00619	0.00493	0.00545	0.00932
41	0.01341	0.01284	0.02190	0.15367	0.65207	0.01323	0.01701	0.01681	0.01257	0.01775	0.01049	0.01410	0.00869	0.00511	0.00558	0.00170	0.00681	0.00501	0.00274	0.00849
42	0.00685	0.00492	0.00651	0.00778	0.00815	0.00458	0.00520	0.00784	0.01083	0.01439	0.03172	0.77846	0.05686	0.01754	0.00717	0.00228	0.00325	0.01589	0.00522	0.00458
43	0.02017	0.02038	0.01731	0.01670	0.12356	0.35833	0.01171	0.31966	0.01982	0.02333	0.01094	0.01206	0.00844	0.00608	0.00537	0.00158	0.00803	0.00441	0.00400	0.00811
44	0.01505	0.80561	0.02949	0.00963	0.01444	0.02227	0.00963	0.01685	0.01143	0.01324	0.00782	0.00903	0.00722	0.00481	0.00361	0.00120	0.00602	0.00301	0.00241	0.00722
45	0.01334	0.01150	0.01243	0.01057	0.01427	0.01217	0.00828	0.02547	0.54688	0.02207	0.01927	0.01837	0.01469	0.00666	0.00529	0.00161	0.00437	0.00551	0.00505	0.24222
46	0.02062	0.01538	0.01645	0.01279	0.01716	0.01709	0.01051	0.67283	0.10324	0.03421	0.01450	0.01430	0.01037	0.00685	0.00564	0.00171	0.00601	0.00520	0.00564	0.00950
47	0.01606	0.00891	0.01088	0.00937	0.01232	0.00876	0.00736	0.03628	0.20306	0.30291	0.16455	0.09620	0.07982	0.00948	0.00607	0.00185	0.00405	0.00806	0.00620	0.00780
48	0.00978	0.00489	0.00733	0.00733	0.00733	0.00489	0.00489	0.00733	0.00733	0.00978	0.00978	0.01711	0.00978	0.01955	0.02199	0.83627	0.00489	0.00489	0.00244	0.00244
49	0.01134	0.02872	0.75235	0.01625	0.02450	0.01310	0.04112	0.01783	0.01192	0.01783	0.01014	0.01197	0.00717	0.00533	0.00538	0.00179	0.00835	0.00423	0.00239	0.00830
50	0.01209	0.01149	0.01952	0.45511	0.36094	0.01289	0.01636	0.01566	0.01194	0.01615	0.01026	0.01453	0.00813	0.00536	0.00560	0.00179	0.00714	0.00501	0.00263	0.00743
51	0.01063	0.01000	0.01688	0.78870	0.03876	0.01250	0.01563	0.01438	0.01125	0.01438	0.01000	0.01500	0.00750	0.00563	0.00563	0.00188	0.00750	0.00500	0.00250	0.00625
52	0.01225	0.01165	0.01980	0.41912	0.39570	0.01293	0.01643	0.01580	0.01202	0.01634	0.01029	0.01448	0.00819	0.00533	0.00560	0.00178	0.00710	0.00501	0.00264	0.00756
53	0.01112	0.00899	0.00996	0.00947	0.01177	0.00958	0.00741	0.08308	0.29152	0.02048	0.05459	0.13323	0.20150	0.01164	0.00644	0.00203	0.00412	0.11083	0.00547	0.00679
54	0.01393	0.01337	0.02284	0.03454	0.76712	0.01337	0.01727	0.01727	0.01281	0.01839	0.01059	0.01393	0.00891	0.00501	0.00557	0.00167	0.00669	0.00501	0.00279	0.00891
55	0.84197	0.01088	0.00827	0.00740	0.01088	0.01262	0.00609	0.01654	0.00958	0.02525	0.00784	0.00914	0.00609	0.00522	0.00348	0.00174	0.00435	0.00305	0.00348	0.00609
56	0.01376	0.01320	0.02253	0.07358	0.72942	0.01333	0.01719	0.01712	0.01273	0.01818	0.01056	0.01398	0.00884	0.00505	0.00557	0.00168	0.00673	0.00501	0.00277	0.00878
57	0.00741	0.00563	0.00682	0.00674	0.00812	0.00504	0.00497	0.00946	0.01429	0.01919	0.44685	0.14155	0.27714	0.01315	0.00671	0.00188	0.00279	0.01145	0.00576	0.00504
58	0.02525	0.00958	0.01306	0.01001	0.01437	0.00827	0.00827	0.02743	0.01611	0.77102	0.02220	0.01915	0.01393	0.00697	0.00566	0.00174	0.00479	0.00566	0.00697	0.00958
59	0.00722	0.00572	0.00648	0.00629	0.00795	0.00499	0.00472	0.00917	0.01416	0.01837	0.36128	0.04894	0.45859	0.01307	0.00665	0.00184	0.00277	0.01115	0.00564	0.00499
60	0.01328	0.01518	0.03321	0.02372	0.02941	0.01423	0.74668	0.01803	0.01328	0.01803	0.01139	0.01518	0.00854	0.00474	0.00664	0.00190	0.00949	0.00664	0.00285	0.00759
61	0.01376	0.01319	0.02253	0.07400	0.72901	0.01333	0.01719	0.01712	0.01273	0.01818	0.01056	0.01398	0.00884	0.00505	0.00557	0.00168	0.00673	0.00501	0.00277	0.00877
62	0.00887	0.00634	0.00884	0.01014	0.01135	0.00631	0.00872	0.01132	0.01276	0.01662	0.02991	0.12932	0.03282	0.01573	0.00772	0.00256	0.00501	0.66535	0.00519	0.00513
63	0.00790	0.00575	0.00743	0.00701	0.00837	0.00528	0.00526	0.01050	0.01578	0.02221	0.73006	0.04262	0.08741	0.01164	0.00664	0.00178	0.00266	0.01026	0.00615	0.00528
64	0.00796	0.00575	0.00752	0.00708	0.00841	0.00531	0.00531	0.01062	0.01593	0.02257	0.76415	0.04204	0.05310	0.01150	0.00664	0.00177	0.00265	0.01018	0.00619	0.00531
65	0.01634	0.63737	0.02656	0.01068	0.01508	0.18588	0.00990	0.01807	0.01241	0.01336	0.00801	0.00927	0.00723	0.00503	0.00393	0.00126	0.00691	0.00314	0.00251	0.00707
66	0.00705	0.00504	0.00676	0.00806	0.00848	0.00474	0.00557	0.00818	0.01097	0.01459	0.03091	0.73271	0.03679	0.01744	0.00724	0.00231	0.00344	0.07989	0.00522	0.00463
67	0.00907	0.00648	0.00907	0.01036	0.01166	0.00648	0.00907	0.01166	0.01296	0.01684	0.02980	0.06348	0.03239	0.01555	0.00777	0.00259	0.00518	0.72924	0.00518	0.00518
68	0.01129	0.02911	0.77306	0.01604	0.02436	0.01307	0.02079	0.01782	0.01188	0.01782	0.01010	0.01188	0.00713	0.00535	0.00535	0.00178	0.00832	0.00416	0.00238	0.00832
69	0.00691	0.00494	0.00658	0.00780	0.00818	0.00461	0.00523	0.00798	0.01104	0.01479	0.06914	0.75921	0.03805	0.01731	0.00715	0.00226	0.00323	0.01570	0.00527	0.00461
70	0.00804	0.00603	0.00904	0.00904	0.01005	0.00703	0.00703	0.01005	0.00904	0.01306	0.01507	0.02211	0.01407	0.04221	0.77992	0.00904	0.01507	0.00603	0.00301	0.00502
71	0.00689	0.00501	0.00652	0.00771	0.00820	0.00464	0.00524	0.00795	0.01101	0.01450	0.03331	0.71325	0.10227	0.01728	0.00715	0.00226	0.00328	0.03370	0.00522	0.00460
72	0.01289	0.01343	0.01919	0.01589	0.01676	0.05650	0.10510	0.01457	0.00959	0.01412	0.00796	0.01256	0.00753	0.00899	0.01628	0.00234	0.65233	0.00507	0.00253	0.00636
73	0.01063	0.01000	0.01688	0.78870	0.03876	0.01250	0.01563	0.01438	0.01125	0.01438	0.01000	0.01500	0.00750	0.00563	0.00563	0.00188	0.00750	0.00500	0.00250	0.00625
74	0.00714	0.00510	0.00685	0.00816	0.00860	0.00481	0.00571	0.00832	0.01105	0.01468	0.03086	0.70559	0.03661	0.01737	0.00726	0.00232	0.00351	0.10619	0.00522	0.00465
75	0.01298	0.01240	0.02112	0.25190	0.55719	0.01312	0.01680	0.01644	0.01236	0.01723	0.01042	0.01424	0.00851	0.00519	0.00559	0.00173	0.00692	0.00501	0.00270	0.00815
76	0.01273	0.01429	0.03090	0.02235	0.02757	0.01340	0.68255	0.01715	0.01307	0.01771	0.01308	0.08293	0.01102	0.00586	0.00669	0.00193	0.00895	0.00745	0.00305	0.00733
77	0.04187	0.01218	0.01947	0.32678	0.38887	0.01337	0.01565	0.08160	0.01331	0.01858	0.01052	0.01415	0.00832	0.00542	0.00553	0.00176	0.00688	0.00495	0.00295	0.00783
78	0.01063	0.01000	0.01688	0.78870	0.03876	0.01250	0.01563	0.01438	0.01125	0.01438	0.01000	0.01500	0.00750	0.00563	0.00563	0.00188	0.00750	0.00500	0.00250	0.00625
79	0.01196	0.00995	0.01163	0.00874	0.01314	0.00823	0.00694	0.06531	0.03444	0.01906	0.01174	0.03599	0.01015	0.02298	0.05926	0.00163	0.00508	0.00419	0.00360	0.65597
80	0.01194	0.00984	0.01156	0.00837	0.01322	0.00744	0.00668	0.01439	0.01178	0.04092	0.01098	0.03459	0.00934	0.00464	0.00430	0.00090	0.00416	0.00377	0.00350	0.78769
81	0.00804	0.00603	0.00904	0.00904	0.01005	0.00703	0.00703	0.01005	0.00904	0.01306	0.01507	0.02211	0.01407	0.04221	0.77992	0.00904	0.01507	0.00603	0.00301	0.00502
82	0.01207	0.01034	0.01234	0.03286	0.03601	0.00833	0.00744	0.03647	0.03648	0.01890	0.01054	0.01219	0.00865	0.00443	0.00435	0.00095	0.00441	0.00358	0.00344	0.73623
83	0.01289	0.01251	0.03633	0.09582	0.58967	0.01237	0.01571	0.01644	0.02589	0.01840	0.07871	0.03487	0.01351	0.00599	0.00571	0.00172	0.00631	0.00574	0.00317	0.00825

[dist]
# distance from previous block
# <min> <max>
0	1

[block]
# block no. 5 follows, 42 sequences, length 207
# corresponding to MSA columns:
# 747-953
name=unknown_F
#
# <colnr> <probs for GDERKNQSTAVLIFYWHMCP>
#	G	D	E	R	K	N	Q	S	T	A	V	L	I	F	Y	W	H	M	C	P
0	0.01732	0.01579	0.01453	0.01198	0.01568	0.18344	0.02541	0.26124	0.17302	0.02431	0.02920	0.01517	0.01164	0.00642	0.00526	0.00155	0.00621	0.00493	0.05841	0.11849
1	0.01283	0.01156	0.06305	0.00931	0.01400	0.02478	0.00797	0.04853	0.01278	0.06358	0.03817	0.03323	0.01103	0.00534	0.00489	0.00112	0.02161	0.00425	0.02112	0.59087
2	0.06889	0.04600	0.01305	0.00963	0.01366	0.00945	0.00797	0.07700	0.01604	0.55376	0.05486	0.02120	0.06803	0.00747	0.00555	0.00173	0.00469	0.00599	0.00630	0.00874
3	0.00873	0.00636	0.00874	0.02617	0.01151	0.00630	0.00837	0.01119	0.01306	0.01703	0.09188	0.09295	0.08811	0.01500	0.00752	0.00244	0.00476	0.56949	0.00521	0.00516
4	0.02255	0.11684	0.03552	0.01038	0.01479	0.02577	0.00895	0.07685	0.03184	0.55088	0.03536	0.01758	0.01335	0.00671	0.00539	0.00167	0.00519	0.00530	0.00602	0.00906
5	0.01322	0.14986	0.48773	0.01528	0.02212	0.01446	0.09221	0.01825	0.01215	0.07525	0.01069	0.01234	0.00783	0.00551	0.00577	0.00173	0.04036	0.00438	0.00279	0.00807
6	0.00818	0.00546	0.00614	0.00614	0.00614	0.00546	0.00341	0.00818	0.00818	0.01091	0.01773	0.03683	0.02046	0.80222	0.02864	0.00546	0.00546	0.00818	0.00341	0.00341
7	0.02100	0.01059	0.02911	0.01028	0.01426	0.00982	0.00852	0.10223	0.12260	0.48824	0.07206	0.02166	0.04810	0.00761	0.00577	0.00177	0.00474	0.00623	0.00642	0.00897
8	0.02382	0.01187	0.01448	0.01110	0.01551	0.01167	0.00917	0.29460	0.01994	0.49843	0.01898	0.01706	0.01231	0.00689	0.00565	0.00172	0.00531	0.00544	0.00647	0.00957
9	0.01280	0.01708	0.15926	0.02243	0.08445	0.01390	0.51152	0.01748	0.01272	0.01772	0.01134	0.03178	0.00890	0.00541	0.00693	0.00190	0.04771	0.00621	0.00279	0.00768
10	0.00818	0.00546	0.00614	0.00614	0.00614	0.00546	0.00341	0.00818	0.00818	0.01091	0.01773	0.03683	0.02046	0.80222	0.02864	0.00546	0.00546	0.00818	0.00341	0.00341
11	0.01204	0.00992	0.01160	0.00853	0.01321	0.00775	0.00678	0.04477	0.01232	0.03325	0.01168	0.06057	0.01028	0.00516	0.00444	0.00098	0.00421	0.00423	0.00362	0.73466
12	0.00859	0.00674	0.00969	0.00938	0.01013	0.00811	0.00722	0.01024	0.00888	0.01284	0.01446	0.02281	0.01407	0.13758	0.58630	0.00775	0.11108	0.00617	0.00300	0.00496
13	0.01317	0.05977	0.44807	0.01700	0.09805	0.14052	0.04564	0.01795	0.01300	0.01738	0.06824	0.01414	0.01095	0.00582	0.00540	0.00169	0.00796	0.00467	0.00282	0.00777
14	0.01289	0.00996	0.01179	0.00849	0.01343	0.00757	0.00681	0.01536	0.01207	0.08598	0.01110	0.01234	0.00884	0.00442	0.00430	0.00092	0.00422	0.00354	0.00366	0.76230
15	0.01400	0.01209	0.01273	0.01145	0.01463	0.01400	0.00891	0.02990	0.75695	0.02354	0.02291	0.02100	0.01718	0.00764	0.00573	0.00191	0.00445	0.00636	0.00573	0.00891
16	0.01159	0.00995	0.01170	0.00846	0.01324	0.00769	0.00677	0.01406	0.01171	0.01833	0.02985	0.01249	0.00949	0.00450	0.00459	0.00090	0.02391	0.00355	0.00339	0.79382
17	0.01505	0.80561	0.02949	0.00963	0.01444	0.02227	0.00963	0.01685	0.01143	0.01324	0.00782	0.00903	0.00722	0.00481	0.00361	0.00120	0.00602	0.00301	0.00241	0.00722
18	0.01328	0.01518	0.03321	0.02372	0.02941	0.01423	0.74668	0.01803	0.01328	0.01803	0.01139	0.01518	0.00854	0.00474	0.00664	0.00190	0.00949	0.00664	0.00285	0.00759
19	0.01386	0.01492	0.05952	0.02736	0.48450	0.09127	0.10425	0.01712	0.01290	0.01754	0.01186	0.05186	0.01041	0.02554	0.00624	0.00179	0.00715	0.00564	0.02825	0.00802
20	0.01328	0.01542	0.05201	0.02428	0.08138	0.01414	0.67600	0.01797	0.01321	0.01805	0.01129	0.01500	0.00853	0.00478	0.00653	0.00188	0.00926	0.00646	0.00283	0.00770
21	0.02525	0.00958	0.01306	0.01001	0.01437	0.00827	0.00827	0.02743	0.01611	0.77102	0.02220	0.01915	0.01393	0.00697	0.00566	0.00174	0.00479	0.00566	0.00697	0.00958
22	0.00814	0.00546	0.00613	0.00613	0.00618	0.00544	0.00343	0.00818	0.00832	0.01104	0.01886	0.03733	0.04186	0.77957	0.02801	0.00535	0.00538	0.00829	0.00346	0.00345
23	0.00811	0.00678	0.00722	0.02761	0.00950	0.02497	0.00549	0.04938	0.01339	0.01649	0.07687	0.17879	0.49839	0.01392	0.00667	0.00197	0.00350	0.04067	0.00516	0.00511
24	0.01505	0.80561	0.02949	0.00963	0.01444	0.02227	0.00963	0.01685	0.01143	0.01324	0.00782	0.00903	0.00722	0.00481	0.00361	0.00120	0.00602	0.00301	0.00241	0.00722
25	0.00792	0.00575	0.00746	0.00703	0.00838	0.00529	0.00527	0.01053	0.01582	0.02231	0.73908	0.04247	0.07834	0.01160	0.00664	0.00177	0.00266	0.01024	0.00616	0.00529
26	0.01166	0.10028	0.68852	0.01542	0.02324	0.01401	0.01958	0.01764	0.01177	0.01731	0.00983	0.01163	0.00714	0.00539	0.00547	0.00174	0.02474	0.00407	0.00238	0.00817
27	0.01326	0.01331	0.03721	0.22967	0.53501	0.04031	0.01669	0.01671	0.01250	0.01717	0.01036	0.01403	0.00845	0.00521	0.00556	0.00172	0.00706	0.00494	0.00271	0.00812
28	0.01505	0.80561	0.02949	0.00963	0.01444	0.02227	0.00963	0.01685	0.01143	0.01324	0.00782	0.00903	0.00722	0.00481	0.00361	0.00120	0.00602	0.00301	0.00241	0.00722
29	0.00703	0.00502	0.00673	0.00803	0.00843	0.00472	0.00552	0.00813	0.01094	0.01456	0.03092	0.74164	0.03685	0.01747	0.00723	0.00231	0.00341	0.07122	0.00522	0.00462
30	0.01414	0.01239	0.01279	0.01152	0.01469	0.02972	0.00895	0.02975	0.74174	0.02334	0.02261	0.02077	0.01697	0.00760	0.00571	0.00190	0.00457	0.00631	0.00567	0.00886
31	0.02825	0.04382	0.74308	0.01574	0.02389	0.01324	0.02028	0.01778	0.01183	0.01788	0.01001	0.01177	0.00711	0.00533	0.00528	0.00177	0.00819	0.00411	0.00240	0.00825
32	0.01103	0.01022	0.01688	0.75996	0.03797	0.01269	0.01545	0.04157	0.01182	0.01516	0.01013	0.01495	0.00758	0.00567	0.00563	0.00187	0.00745	0.00500	0.00262	0.00637
33	0.01158	0.08923	0.71549	0.01554	0.02359	0.01378	0.01993	0.01775	0.01185	0.01747	0.00992	0.01166	0.00714	0.00531	0.00521	0.00174	0.00814	0.00407	0.00238	0.00823
34	0.01450	0.01375	0.01273	0.01163	0.01455	0.12873	0.00892	0.02707	0.58743	0.02136	0.02139	0.07956	0.01723	0.00813	0.00574	0.00187	0.00522	0.00670	0.00526	0.00821
35	0.01167	0.01000	0.01167	0.00834	0.01334	0.00750	0.00667	0.01417	0.01167	0.01834	0.01000	0.01167	0.00834	0.00417	0.00417	0.00083	0.00417	0.00333	0.00333	0.83663
36	0.00907	0.00648	0.00907	0.01036	0.01166	0.00648	0.00907	0.01166	0.01296	0.01684	0.02980	0.06348	0.03239	0.01555	0.00777	0.00259	0.00518	0.72924	0.00518	0.00518
37	0.01505	0.80561	0.02949	0.00963	0.01444	0.02227	0.00963	0.01685	0.01143	0.01324	0.00782	0.00903	0.00722	0.00481	0.00361	0.00120	0.00602	0.00301	0.00241	0.00722
38	0.01063	0.01000	0.01688	0.78870	0.03876	0.01250	0.01563	0.01438	0.01125	0.01438	0.01000	0.01500	0.00750	0.00563	0.00563	0.00188	0.00750	0.00500	0.00250	0.00625
39	0.00686	0.00490	0.00653	0.00784	0.00816	0.00457	0.00522	0.00784	0.01077	0.01437	0.03102	0.79855	0.03722	0.01763	0.00718	0.00229	0.00326	0.01600	0.00522	0.00457
40	0.00665	0.00570	0.00570	0.00570	0.00760	0.00475	0.00428	0.00808	0.01283	0.01520	0.05701	0.05416	0.76483	0.01425	0.00665	0.00190	0.00285	0.01188	0.00523	0.00475
41	0.01049	0.00525	0.00525	0.00525	0.00656	0.00525	0.00393	0.01311	0.01180	0.02098	0.01836	0.02098	0.01442	0.00656	0.00393	0.00131	0.00262	0.00525	0.83346	0.00525
42	0.84197	0.01088	0.00827	0.00740	0.01088	0.01262	0.00609	0.01654	0.00958	0.02525	0.00784	0.00914	0.00609	0.00522	0.00348	0.00174	0.00435	0.00305	0.00348	0.00609
43	0.01505	0.80561	0.02949	0.00963	0.01444	0.02227	0.00963	0.01685	0.01143	0.01324	0.00782	0.00903	0.00722	0.00481	0.00361	0.00120	0.00602	0.00301	0.00241	0.00722
44	0.00796	0.00575	0.00752	0.00708	0.00841	0.00531	0.00531	0.01062	0.01593	0.02257	0.76415	0.04204	0.05310	0.01150	0.00664	0.00177	0.00265	0.01018	0.00619	0.00531
45	0.84197	0.01088	0.00827	0.00740	0.01088	0.01262	0.00609	0.01654	0.00958	0.02525	0.00784	0.00914	0.00609	0.00522	0.00348	0.00174	0.00435	0.00305	0.00348	0.00609
46	0.00818	0.00546	0.00614	0.00614	0.00614	0.00546	0.00341	0.00818	0.00818	0.01091	0.01773	0.03683	0.02046	0.80222	0.02864	0.00546	0.00546	0.00818	0.00341	0.00341
47	0.84197	0.01088	0.00827	0.00740	0.01088	0.01262	0.00609	0.01654	0.00958	0.02525	0.00784	0.00914	0.00609	0.00522	0.00348	0.00174	0.00435	0.00305	0.00348	0.00609
48	0.01393	0.01337	0.02284	0.03454	0.76712	0.01337	0.01727	0.01727	0.01281	0.01839	0.01059	0.01393	0.00891	0.00501	0.00557	0.00167	0.00669	0.00501	0.00279	0.00891
49	0.01400	0.01209	0.01273	0.01145	0.01463	0.01400	0.00891	0.02990	0.75695	0.02354	0.02291	0.02100	0.01718	0.00764	0.00573	0.00191	0.00445	0.00636	0.00573	0.00891
50	0.01129	0.02911	0.77306	0.01604	0.02436	0.01307	0.02079	0.01782	0.01188	0.01782	0.01010	0.01188	0.00713	0.00535	0.00535	0.00178	0.00832	0.00416	0.00238	0.00832
51	0.00796	0.00575	0.00752	0.00708	0.00841	0.00531	0.00531	0.01062	0.01593	0.02257	0.76415	0.04204	0.05310	0.01150	0.00664	0.00177	0.00265	0.01018	0.00619	0.00531
52	0.02525	0.00958	0.01306	0.01001	0.01437	0.00827	0.00827	0.02743	0.01611	0.77102	0.02220	0.01915	0.01393	0.00697	0.00566	0.00174	0.00479	0.00566	0.00697	0.00958
53	0.00746	0.00560	0.00814	0.00893	0.00964	0.00529	0.04116	0.00883	0.01118	0.01487	0.02992	0.66323	0.03521	0.01674	0.00724	0.00231	0.00382	0.11053	0.00510	0.00480
54	0.01063	0.01000	0.01688	0.78870	0.03876	0.01250	0.01563	0.01438	0.01125	0.01438	0.01000	0.01500	0.00750	0.00563	0.00563	0.00188	0.00750	0.00500	0.00250	0.00625
55	0.02525	0.00958	0.01306	0.01001	0.01437	0.00827	0.00827	0.02743	0.01611	0.77102	0.02220	0.01915	0.01393	0.00697	0.00566	0.00174	0.00479	0.00566	0.00697	0.00958
56	0.00669	0.00566	0.00578	0.00583	0.00765	0.00475	0.00434	0.00812	0.01280	0.01533	0.07148	0.08945	0.71426	0.01435	0.00668	0.00192	0.00287	0.01204	0.00525	0.00475
57	0.00838	0.00583	0.00699	0.00681	0.00712	0.00580	0.01983	0.02179	0.00898	0.01194	0.01963	0.09513	0.04259	0.67276	0.03974	0.00503	0.00549	0.00876	0.00362	0.00377
58	0.00970	0.00561	0.00578	0.00570	0.00720	0.00547	0.00430	0.02720	0.01222	0.01954	0.02721	0.02870	0.19118	0.01008	0.04168	0.00183	0.00335	0.00684	0.58120	0.00521
59	0.00930	0.00605	0.00795	0.00731	0.00887	0.00554	0.00554	0.01192	0.01594	0.08051	0.70671	0.04027	0.05007	0.01115	0.00656	0.00177	0.00282	0.00983	0.00625	0.00564
60	0.00789	0.00575	0.00742	0.00700	0.00836	0.00528	0.00525	0.01048	0.01576	0.02216	0.72478	0.04271	0.09273	0.01166	0.00664	0.00178	0.00267	0.01027	0.00614	0.00528
