[name]
unknown

[dist]
# distance from previous block
# <min> <max>
8	120

[block]
# block no. 0 follows, 45 sequences, length 27
# corresponding to MSA columns:
# 135-161
name=unknown_A
#
# <colnr> <probs for GDERKNQSTAVLIFYWHMCP>
#	G	D	E	R	K	N	Q	S	T	A	V	L	I	F	Y	W	H	M	C	P
0	0.04396	0.19410	0.09352	0.04860	0.17081	0.05725	0.01143	0.12328	0.03866	0.01903	0.06355	0.01370	0.01107	0.00556	0.00473	0.00145	0.00587	0.00440	0.01664	0.07240
1	0.01823	0.01261	0.01459	0.03369	0.07883	0.04101	0.00965	0.34802	0.04339	0.18433	0.01654	0.01638	0.05645	0.00660	0.00556	0.00158	0.02262	0.00519	0.00496	0.07978
2	0.01623	0.01071	0.02631	0.03932	0.01414	0.02484	0.00831	0.21443	0.06410	0.21501	0.07899	0.07033	0.04275	0.02925	0.02488	0.00189	0.02225	0.00625	0.00511	0.08488
3	0.11719	0.01379	0.08489	0.11100	0.38103	0.03955	0.06351	0.03201	0.03698	0.05441	0.01062	0.01307	0.00829	0.00511	0.00512	0.00165	0.00645	0.00461	0.00302	0.00771
4	0.03201	0.00785	0.00866	0.00805	0.01011	0.00814	0.00614	0.06209	0.22790	0.02023	0.25166	0.10559	0.20918	0.01065	0.00600	0.00180	0.00337	0.00909	0.00537	0.00612
5	0.02962	0.00681	0.01018	0.00901	0.01086	0.00628	0.09853	0.01147	0.01274	0.08790	0.26117	0.26020	0.12865	0.03295	0.00688	0.00195	0.00383	0.01051	0.00506	0.00541
6	0.06858	0.16037	0.09030	0.01309	0.04473	0.02742	0.14798	0.08199	0.01339	0.08816	0.10254	0.04429	0.04766	0.00678	0.00574	0.00164	0.03882	0.00577	0.00376	0.00699
7	0.00673	0.00481	0.00641	0.00745	0.00791	0.00450	0.00510	0.00791	0.01095	0.01474	0.12226	0.69148	0.03726	0.01603	0.00680	0.00213	0.00309	0.03488	0.00510	0.00446
8	0.00654	0.00467	0.00623	0.00747	0.00779	0.00436	0.00498	0.00747	0.01028	0.01370	0.02959	0.80785	0.03550	0.01682	0.00685	0.00218	0.00311	0.01526	0.00498	0.00436
9	0.01006	0.01000	0.04112	0.70426	0.03448	0.01155	0.03206	0.01368	0.01108	0.01440	0.05799	0.01585	0.00992	0.00569	0.00544	0.00178	0.00693	0.00509	0.00261	0.00600
10	0.06617	0.07673	0.09340	0.38153	0.10162	0.01335	0.04131	0.07410	0.06917	0.01736	0.01054	0.01343	0.00803	0.00539	0.00509	0.00169	0.00660	0.00458	0.00293	0.00696
11	0.00769	0.00516	0.00589	0.00600	0.00603	0.00513	0.00341	0.00778	0.00803	0.01070	0.01804	0.10388	0.02094	0.74066	0.02550	0.00494	0.00502	0.00847	0.00341	0.00335
12	0.00662	0.00474	0.00630	0.00742	0.00780	0.00441	0.00499	0.00768	0.01066	0.01431	0.08770	0.74800	0.03668	0.01636	0.00681	0.00214	0.00307	0.01483	0.00506	0.00441
13	0.20061	0.10848	0.12005	0.01211	0.06335	0.04170	0.03109	0.10007	0.01349	0.21192	0.01247	0.02617	0.00913	0.00581	0.00493	0.00161	0.02098	0.00437	0.00405	0.00763
14	0.00735	0.00578	0.00668	0.00649	0.00804	0.00530	0.00485	0.01005	0.05935	0.01811	0.37714	0.09130	0.35553	0.01222	0.00632	0.00178	0.00275	0.01052	0.00543	0.00500
15	0.01267	0.01448	0.03167	0.02262	0.02805	0.01357	0.75837	0.01719	0.01267	0.01719	0.01086	0.01448	0.00814	0.00452	0.00633	0.00181	0.00905	0.00633	0.00271	0.00724
16	0.01245	0.01557	0.10606	0.02186	0.06232	0.01360	0.60338	0.01688	0.01224	0.01693	0.01047	0.01394	0.00796	0.00489	0.00685	0.00182	0.05692	0.00592	0.00264	0.00729
17	0.01020	0.00948	0.01559	0.74193	0.03507	0.01169	0.01428	0.03135	0.01115	0.01424	0.01175	0.01605	0.04369	0.00578	0.00541	0.00179	0.00692	0.00508	0.00258	0.00597
18	0.01014	0.00954	0.01610	0.79845	0.03697	0.01193	0.01491	0.01371	0.01073	0.01371	0.00954	0.01431	0.00716	0.00537	0.00537	0.00179	0.00716	0.00477	0.00239	0.00596
19	0.02408	0.00914	0.01246	0.00955	0.01370	0.00789	0.00789	0.02616	0.01536	0.78158	0.02118	0.01827	0.01329	0.00664	0.00540	0.00166	0.00457	0.00540	0.00664	0.00914
20	0.06531	0.02001	0.38986	0.04590	0.04508	0.01262	0.21503	0.06204	0.01252	0.04526	0.01092	0.03176	0.00822	0.00536	0.00540	0.00173	0.00756	0.00496	0.00288	0.00759
21	0.02246	0.00897	0.01205	0.00948	0.01334	0.00793	0.00773	0.02509	0.05078	0.69698	0.02174	0.06829	0.01484	0.00732	0.00549	0.00170	0.00446	0.00605	0.00648	0.00880
22	0.00767	0.00575	0.00863	0.00863	0.00959	0.00671	0.00671	0.00959	0.00863	0.01246	0.01438	0.02109	0.01342	0.04026	0.79008	0.00863	0.01438	0.00575	0.00288	0.00479
23	0.02182	0.01201	0.04091	0.01082	0.01511	0.01143	0.00917	0.28904	0.05194	0.45310	0.01783	0.01617	0.01170	0.00655	0.00538	0.00165	0.00515	0.00517	0.00598	0.00906
24	0.01318	0.01283	0.01740	0.15034	0.36547	0.08865	0.01332	0.03934	0.12999	0.01731	0.01281	0.06232	0.01096	0.00629	0.00585	0.00170	0.03595	0.00549	0.00327	0.00753
25	0.00685	0.00471	0.00636	0.00750	0.00781	0.00444	0.00506	0.00753	0.01004	0.01338	0.02773	0.71588	0.03302	0.01693	0.00814	0.07778	0.00330	0.03460	0.00474	0.00419
26	0.01199	0.01168	0.02002	0.28960	0.37641	0.01297	0.07491	0.01518	0.01128	0.01567	0.00961	0.01355	0.00785	0.00550	0.00686	0.00177	0.10050	0.00489	0.00253	0.00723

[dist]
# distance from previous block
# <min> <max>
0	26

[block]
# block no. 1 follows, 45 sequences, length 6
# corresponding to MSA columns:
# 188-193
name=unknown_B
#
# <colnr> <probs for GDERKNQSTAVLIFYWHMCP>
#	G	D	E	R	K	N	Q	S	T	A	V	L	I	F	Y	W	H	M	C	P
0	0.03996	0.05248	0.01631	0.43663	0.11901	0.01251	0.01303	0.09330	0.04548	0.04376	0.01210	0.01732	0.00982	0.00618	0.00535	0.00176	0.00638	0.05861	0.00323	0.00679
1	0.84927	0.01038	0.00789	0.00706	0.01038	0.01204	0.00581	0.01578	0.00914	0.02408	0.00747	0.00872	0.00581	0.00498	0.00332	0.00166	0.00415	0.00291	0.00332	0.00581
2	0.00781	0.00520	0.00585	0.00585	0.00585	0.00520	0.00325	0.00781	0.00781	0.01041	0.01691	0.03513	0.01952	0.81135	0.02732	0.00520	0.00520	0.00781	0.00325	0.00325
3	0.04474	0.08044	0.09674	0.01135	0.01579	0.01294	0.03499	0.23958	0.10760	0.25088	0.01672	0.01599	0.03501	0.00642	0.00520	0.00164	0.00546	0.00509	0.00501	0.00843
4	0.01291	0.25983	0.43730	0.07028	0.02062	0.01466	0.01529	0.01725	0.01150	0.07943	0.00994	0.01132	0.00740	0.00510	0.00465	0.00154	0.00694	0.00382	0.00265	0.00758
5	0.00759	0.00561	0.00815	0.00825	0.00905	0.00637	0.00621	0.00923	0.00867	0.01234	0.01584	0.08416	0.01579	0.11952	0.64854	0.00776	0.01253	0.00671	0.00308	0.00460

[dist]
# distance from previous block
# <min> <max>
0	8

[block]
# block no. 2 follows, 45 sequences, length 31
# corresponding to MSA columns:
# 202-224,233-240
name=unknown_C
#
# <colnr> <probs for GDERKNQSTAVLIFYWHMCP>
#	G	D	E	R	K	N	Q	S	T	A	V	L	I	F	Y	W	H	M	C	P
0	0.43813	0.01094	0.02881	0.05116	0.01351	0.01161	0.00765	0.14899	0.01361	0.13652	0.08090	0.01410	0.01171	0.00606	0.00442	0.00166	0.00463	0.00436	0.00434	0.00688
1	0.01138	0.16329	0.65343	0.01425	0.02160	0.01398	0.01800	0.01684	0.01126	0.01625	0.00926	0.01086	0.00682	0.00501	0.00481	0.00160	0.00756	0.00378	0.00227	0.00775
2	0.01255	0.06289	0.01074	0.00875	0.01095	0.00882	0.00678	0.17816	0.01450	0.10600	0.03473	0.36073	0.04821	0.01126	0.00584	0.00181	0.00409	0.02703	0.05553	0.03061
3	0.02092	0.00951	0.01214	0.00971	0.01342	0.00893	0.00787	0.08762	0.10064	0.56038	0.02180	0.07711	0.02947	0.00758	0.00553	0.00172	0.00450	0.00627	0.00625	0.00862
4	0.00769	0.00566	0.00818	0.00818	0.00898	0.00646	0.00615	0.00930	0.00849	0.01213	0.01479	0.02337	0.01441	0.16583	0.66586	0.00807	0.01288	0.00609	0.00294	0.00454
5	0.01320	0.01517	0.03018	0.02242	0.05588	0.06642	0.67911	0.01746	0.01283	0.01693	0.01066	0.01411	0.00807	0.00460	0.00619	0.00177	0.00899	0.00608	0.00272	0.00722
6	0.01296	0.01423	0.02871	0.02451	0.19582	0.02760	0.56112	0.01737	0.02978	0.01732	0.01089	0.01425	0.00839	0.00466	0.00606	0.00175	0.00835	0.00593	0.00277	0.00753
7	0.00658	0.00470	0.00626	0.00745	0.00779	0.00439	0.00499	0.00757	0.01046	0.01399	0.05718	0.77943	0.03606	0.01660	0.00683	0.00216	0.00309	0.01505	0.00502	0.00439
8	0.01001	0.00500	0.00500	0.00500	0.00625	0.00500	0.00375	0.01251	0.01126	0.02001	0.01751	0.02001	0.01376	0.00625	0.00375	0.00125	0.00250	0.00500	0.84115	0.00500
9	0.31637	0.01354	0.01294	0.01074	0.02900	0.06340	0.00859	0.37564	0.01783	0.08708	0.01126	0.01162	0.00812	0.00585	0.00461	0.00162	0.00543	0.00410	0.00452	0.00775
10	0.01249	0.06243	0.53814	0.05587	0.02280	0.08697	0.06791	0.06118	0.01256	0.01726	0.00967	0.01151	0.00706	0.00517	0.00511	0.00165	0.00791	0.00412	0.00254	0.00764
11	0.00677	0.00548	0.00603	0.00596	0.00761	0.00474	0.00452	0.00849	0.01304	0.01645	0.24736	0.04889	0.55212	0.01294	0.00638	0.00180	0.00275	0.03876	0.00523	0.00469
12	0.01335	0.01153	0.01214	0.01092	0.01396	0.01335	0.00850	0.02852	0.76817	0.02245	0.02185	0.02003	0.01639	0.00728	0.00546	0.00182	0.00425	0.00607	0.00546	0.00850
13	0.03661	0.02006	0.01088	0.00912	0.01165	0.00796	0.05166	0.02735	0.12526	0.20045	0.26427	0.11959	0.07357	0.00953	0.00590	0.00176	0.00388	0.00833	0.00553	0.00666
14	0.01108	0.06784	0.70151	0.01566	0.04210	0.01296	0.04219	0.01694	0.01138	0.01679	0.00957	0.01134	0.00689	0.00505	0.00506	0.00167	0.00781	0.00400	0.00229	0.00787
15	0.00781	0.00520	0.00585	0.00585	0.00585	0.00520	0.00325	0.00781	0.00781	0.01041	0.01691	0.03513	0.01952	0.81135	0.02732	0.00520	0.00520	0.00781	0.00325	0.00325
16	0.03661	0.02225	0.01546	0.01380	0.03586	0.55641	0.01039	0.21033	0.01758	0.01877	0.00950	0.01057	0.00750	0.00574	0.00496	0.00145	0.00852	0.00383	0.00344	0.00702
17	0.01396	0.57786	0.18586	0.01059	0.01573	0.04458	0.01133	0.01665	0.01138	0.03898	0.02535	0.01023	0.00805	0.00494	0.00397	0.00130	0.00623	0.00335	0.00253	0.00712
18	0.01001	0.00500	0.00500	0.00500	0.00625	0.00500	0.00375	0.01251	0.01126	0.02001	0.01751	0.02001	0.01376	0.00625	0.00375	0.00125	0.00250	0.00500	0.84115	0.00500
19	0.02041	0.01504	0.01611	0.01235	0.01665	0.01665	0.01020	0.75997	0.02524	0.03383	0.01289	0.01289	0.00913	0.00644	0.00537	0.00161	0.00591	0.00483	0.00537	0.00913
20	0.01326	0.01288	0.02081	0.09234	0.66967	0.03819	0.01589	0.01680	0.03641	0.01725	0.01037	0.01346	0.00860	0.00493	0.00531	0.00161	0.00648	0.00478	0.00273	0.00823
21	0.01246	0.01457	0.06202	0.02231	0.08419	0.01344	0.61166	0.01669	0.01228	0.01690	0.01091	0.03016	0.00861	0.00510	0.00686	0.00183	0.05390	0.00620	0.00272	0.00723
22	0.00752	0.00548	0.00707	0.00667	0.00797	0.00503	0.00501	0.00998	0.01502	0.02110	0.73152	0.04080	0.09443	0.01113	0.00633	0.00170	0.00254	0.00981	0.00585	0.00503
23	0.00739	0.00584	0.00805	0.08242	0.06284	0.00570	0.00650	0.00887	0.01095	0.01441	0.04668	0.50510	0.17041	0.01399	0.00644	0.00201	0.00361	0.01250	0.02145	0.00485
24	0.01180	0.14670	0.56872	0.04338	0.02190	0.01380	0.04213	0.01692	0.01133	0.03990	0.00963	0.01136	0.00708	0.00518	0.00525	0.00164	0.02923	0.00397	0.00243	0.00766
25	0.00832	0.00623	0.00803	0.00884	0.01019	0.00615	0.00734	0.01130	0.06370	0.01618	0.05998	0.13970	0.15346	0.01419	0.00700	0.00226	0.00424	0.46282	0.00503	0.00506
26	0.01001	0.02212	0.57176	0.01362	0.02001	0.01082	0.05479	0.01519	0.01191	0.01718	0.09399	0.01926	0.10292	0.00669	0.00544	0.00172	0.00681	0.00556	0.00299	0.00720
27	0.06476	0.01315	0.01441	0.01122	0.01521	0.01418	0.00922	0.53999	0.03706	0.14839	0.06598	0.01550	0.01257	0.00672	0.00533	0.00163	0.00534	0.00517	0.00550	0.00866
28	0.00916	0.00755	0.01144	0.06384	0.01344	0.03310	0.12319	0.01093	0.01124	0.05419	0.03853	0.47448	0.07474	0.03895	0.00716	0.00211	0.00464	0.01165	0.00442	0.00522
29	0.00779	0.00535	0.00633	0.00663	0.00688	0.00530	0.00408	0.03286	0.00924	0.01232	0.02112	0.29902	0.02464	0.51231	0.01958	0.00405	0.00451	0.01026	0.00392	0.00383
30	0.01055	0.00823	0.01153	0.12176	0.06680	0.00864	0.03679	0.14171	0.01325	0.02968	0.02121	0.41129	0.02299	0.03847	0.00694	0.00207	0.00477	0.03303	0.00441	0.00587

[dist]
# distance from previous block
# <min> <max>
1	5

[block]
# block no. 3 follows, 45 sequences, length 22
# corresponding to MSA columns:
# 246-267
name=unknown_D
#
# <colnr> <probs for GDERKNQSTAVLIFYWHMCP>
#	G	D	E	R	K	N	Q	S	T	A	V	L	I	F	Y	W	H	M	C	P
0	0.14601	0.02323	0.00856	0.00730	0.00950	0.03339	0.00569	0.10905	0.01272	0.08805	0.01494	0.01807	0.01203	0.08240	0.04908	0.00217	0.00457	0.00489	0.36239	0.00592
1	0.01081	0.01024	0.01723	0.62289	0.18153	0.01223	0.01511	0.01423	0.01094	0.01444	0.00957	0.01403	0.00742	0.00538	0.00575	0.00177	0.03276	0.00477	0.00244	0.00646
2	0.11080	0.07372	0.32462	0.01220	0.01731	0.04650	0.04269	0.09925	0.01333	0.06480	0.07870	0.06730	0.01316	0.00659	0.00509	0.00167	0.00624	0.00528	0.00354	0.00722
3	0.01291	0.63072	0.04820	0.00890	0.01295	0.01779	0.00872	0.01494	0.01176	0.01451	0.15807	0.01487	0.01547	0.00586	0.00406	0.00127	0.00518	0.00425	0.00300	0.00656
4	0.00759	0.00608	0.00826	0.00875	0.00903	0.00675	0.00631	0.00862	0.01002	0.01378	0.04678	0.62946	0.03036	0.01519	0.00895	0.00220	0.15968	0.01303	0.00449	0.00468
5	0.02027	0.00868	0.01152	0.00910	0.01263	0.00778	0.00741	0.06525	0.01590	0.57239	0.18514	0.02272	0.02120	0.00758	0.00560	0.00166	0.00420	0.00631	0.00641	0.00825
6	0.02672	0.09310	0.02813	0.03637	0.04471	0.12193	0.12650	0.09935	0.01248	0.01611	0.01200	0.05473	0.01141	0.16441	0.01109	0.00239	0.10612	0.00570	0.02061	0.00614
7	0.00686	0.00493	0.00616	0.00693	0.00742	0.00462	0.00461	0.00777	0.01030	0.01357	0.06582	0.51682	0.11903	0.17194	0.01079	0.00271	0.00349	0.02733	0.00469	0.00421
8	0.00654	0.00467	0.00623	0.00747	0.00779	0.00436	0.00498	0.00747	0.01028	0.01370	0.02959	0.80785	0.03550	0.01682	0.00685	0.00218	0.00311	0.01526	0.00498	0.00436
9	0.02599	0.01086	0.05271	0.34212	0.19799	0.01101	0.04288	0.05385	0.01223	0.01632	0.01866	0.02109	0.15829	0.00685	0.00554	0.00173	0.00610	0.00605	0.00314	0.00658
10	0.06024	0.18944	0.03293	0.01088	0.01485	0.16627	0.00925	0.18053	0.01602	0.23515	0.01311	0.02674	0.00964	0.00600	0.00477	0.00149	0.00614	0.00437	0.00438	0.00780
11	0.00857	0.00667	0.00793	0.00741	0.00909	0.00662	0.00561	0.01343	0.16249	0.02082	0.53641	0.03762	0.13539	0.01058	0.00616	0.00173	0.00289	0.00920	0.00570	0.00567
12	0.01280	0.01390	0.02784	0.02033	0.02529	0.01353	0.61131	0.01942	0.16084	0.01823	0.01301	0.01557	0.00976	0.00507	0.00616	0.00181	0.00811	0.00628	0.00325	0.00749
13	0.01469	0.05875	0.08535	0.00976	0.01308	0.08987	0.00849	0.01930	0.13866	0.21530	0.20922	0.02424	0.07466	0.00794	0.00551	0.00165	0.00479	0.00652	0.00508	0.00714
14	0.01135	0.01170	0.02271	0.01740	0.03667	0.01189	0.44050	0.01429	0.01092	0.01518	0.01215	0.04163	0.01115	0.16391	0.01211	0.00255	0.12932	0.00657	0.02185	0.00614
15	0.01266	0.02527	0.63303	0.01472	0.02194	0.01329	0.01794	0.16271	0.01406	0.02030	0.01027	0.01164	0.00726	0.00536	0.00515	0.00168	0.00754	0.00414	0.00288	0.00817
16	0.01539	0.01179	0.01904	0.11435	0.50720	0.01189	0.01431	0.05383	0.01330	0.16773	0.01234	0.01436	0.00932	0.00529	0.00534	0.00163	0.00609	0.00490	0.00354	0.00837
17	0.01358	0.05884	0.10133	0.06472	0.02275	0.01371	0.34554	0.17156	0.02635	0.02023	0.03512	0.01711	0.02327	0.00600	0.00601	0.00176	0.02038	0.04092	0.00346	0.00739
18	0.01526	0.01430	0.02011	0.02727	0.56352	0.07993	0.01472	0.16271	0.01503	0.02036	0.01049	0.01290	0.00849	0.00517	0.00528	0.00158	0.00657	0.00468	0.00320	0.00843
19	0.00654	0.00467	0.00623	0.00747	0.00779	0.00436	0.00498	0.00747	0.01028	0.01370	0.02959	0.80785	0.03550	0.01682	0.00685	0.00218	0.00311	0.01526	0.00498	0.00436
20	0.01233	0.01321	0.02236	0.01797	0.05041	0.05448	0.32602	0.01499	0.01066	0.01487	0.00973	0.03099	0.00862	0.02658	0.02941	0.00225	0.34038	0.00565	0.00263	0.00645
21	0.00808	0.00641	0.00953	0.01272	0.15916	0.00620	0.00762	0.00962	0.01088	0.01470	0.02564	0.57361	0.02972	0.01425	0.00661	0.00210	0.00395	0.08943	0.00452	0.00523

[dist]
# distance from previous block
# <min> <max>
0	3

[block]
# block no. 4 follows, 45 sequences, length 21
# corresponding to MSA columns:
# 271-291
name=unknown_E
#
# <colnr> <probs for GDERKNQSTAVLIFYWHMCP>
#	G	D	E	R	K	N	Q	S	T	A	V	L	I	F	Y	W	H	M	C	P
0	0.00664	0.00552	0.00614	0.00673	0.02916	0.00478	0.00473	0.00800	0.01186	0.01447	0.04758	0.19803	0.58927	0.01401	0.00644	0.00190	0.00296	0.03224	0.00492	0.00462
1	0.01267	0.01448	0.03167	0.02262	0.02805	0.01357	0.75837	0.01719	0.01267	0.01719	0.01086	0.01448	0.00814	0.00452	0.00633	0.00181	0.00905	0.00633	0.00271	0.00724
2	0.00741	0.00546	0.00718	0.00746	0.02434	0.00505	0.00530	0.00951	0.01373	0.01904	0.52172	0.22116	0.09203	0.01246	0.00646	0.00183	0.00281	0.02657	0.00554	0.00494
3	0.00654	0.00467	0.00623	0.00747	0.00779	0.00436	0.00498	0.00747	0.01028	0.01370	0.02959	0.80785	0.03550	0.01682	0.00685	0.00218	0.00311	0.01526	0.00498	0.00436
4	0.01265	0.01211	0.02065	0.18633	0.62941	0.01259	0.01616	0.01592	0.01192	0.01677	0.00999	0.01349	0.00823	0.00490	0.00532	0.00163	0.00653	0.00478	0.00260	0.00799
5	0.01309	0.01256	0.02144	0.07933	0.73297	0.01270	0.01638	0.01631	0.01213	0.01731	0.01006	0.01335	0.00842	0.00482	0.00532	0.00161	0.00642	0.00478	0.00264	0.00835
6	0.02328	0.00897	0.01214	0.00936	0.01341	0.00774	0.00772	0.02533	0.01522	0.74698	0.02268	0.01978	0.04768	0.00696	0.00544	0.00167	0.00448	0.00567	0.00657	0.00893
7	0.81401	0.01058	0.00824	0.00728	0.01065	0.01224	0.00600	0.04743	0.00982	0.02450	0.00770	0.00890	0.00595	0.00505	0.00341	0.00166	0.00423	0.00299	0.00341	0.00595
8	0.01053	0.00994	0.01656	0.67439	0.10913	0.01206	0.01474	0.01396	0.01080	0.01416	0.00951	0.01404	0.00730	0.00542	0.00577	0.00177	0.03600	0.00473	0.00243	0.02677
9	0.01113	0.00954	0.01113	0.00795	0.01272	0.00716	0.00636	0.01352	0.01113	0.01749	0.00954	0.01113	0.00795	0.00398	0.00398	0.00080	0.00398	0.00318	0.00318	0.84417
10	0.02041	0.01504	0.01611	0.01235	0.01665	0.01665	0.01020	0.75997	0.02524	0.03383	0.01289	0.01289	0.00913	0.00644	0.00537	0.00161	0.00591	0.00483	0.00537	0.00913
11	0.01117	0.11645	0.69839	0.01461	0.02217	0.01346	0.01863	0.01690	0.01129	0.01651	0.00939	0.01103	0.00681	0.00504	0.00491	0.00164	0.00769	0.00384	0.00227	0.00782
12	0.01014	0.00954	0.01610	0.79845	0.03697	0.01193	0.01491	0.01371	0.01073	0.01371	0.00954	0.01431	0.00716	0.00537	0.00537	0.00179	0.00716	0.00477	0.00239	0.00596
13	0.01022	0.00602	0.00791	0.00802	0.00952	0.00539	0.00591	0.01163	0.01154	0.15113	0.02753	0.50028	0.06235	0.01367	0.00640	0.00199	0.00360	0.08094	0.00513	0.07083
14	0.00920	0.00709	0.00994	0.00871	0.01051	0.00685	0.06511	0.08494	0.01546	0.02153	0.55004	0.10834	0.04125	0.01066	0.00631	0.00176	0.00350	0.02776	0.00549	0.00557
15	0.01861	0.01500	0.01445	0.01195	0.01553	0.14157	0.00969	0.41692	0.11233	0.08628	0.01543	0.01839	0.01214	0.00725	0.00550	0.00169	0.00612	0.07800	0.00501	0.00816
16	0.01297	0.01148	0.01605	0.01364	0.01405	0.01559	0.01136	0.01423	0.00893	0.08927	0.00845	0.01239	0.00767	0.00912	0.01640	0.00228	0.72237	0.00477	0.00278	0.00620
17	0.01291	0.07330	0.62560	0.01409	0.02127	0.01234	0.01745	0.01827	0.01189	0.12743	0.01117	0.01217	0.00774	0.00529	0.00504	0.00166	0.00731	0.00411	0.00290	0.00804
18	0.08291	0.08337	0.01609	0.02779	0.03054	0.45268	0.01042	0.03360	0.01292	0.01443	0.00804	0.01019	0.00694	0.00626	0.00744	0.00161	0.18205	0.00372	0.00273	0.00627
19	0.01059	0.00638	0.00799	0.00998	0.14379	0.00638	0.00602	0.01321	0.01143	0.01957	0.01619	0.01881	0.01282	0.00599	0.00403	0.00131	0.00319	0.00496	0.69169	0.00563
20	0.01226	0.01159	0.01771	0.34657	0.28595	0.03422	0.01430	0.05472	0.04409	0.01637	0.01052	0.02833	0.00862	0.00592	0.00658	0.00177	0.08560	0.00498	0.00282	0.00708

[dist]
# distance from previous block
# <min> <max>
0	4

[block]
# block no. 5 follows, 45 sequences, length 11
# corresponding to MSA columns:
# 296-306
name=unknown_F
#
# <colnr> <probs for GDERKNQSTAVLIFYWHMCP>
#	G	D	E	R	K	N	Q	S	T	A	V	L	I	F	Y	W	H	M	C	P
0	0.12939	0.00982	0.04670	0.00841	0.01216	0.00816	0.00705	0.01385	0.04669	0.01846	0.06833	0.07888	0.01442	0.00651	0.00486	0.00130	0.02085	0.04164	0.00368	0.45884
1	0.01364	0.01059	0.02718	0.02550	0.03182	0.04297	0.06619	0.07063	0.22913	0.10754	0.03607	0.02804	0.01787	0.00849	0.00579	0.00186	0.00513	0.17934	0.08509	0.00712
2	0.14292	0.01576	0.19622	0.01602	0.07291	0.01256	0.21470	0.08765	0.01290	0.05484	0.04414	0.03854	0.01046	0.00596	0.00601	0.00176	0.05077	0.00529	0.00333	0.00728
3	0.01174	0.01174	0.01644	0.01409	0.01409	0.01644	0.01174	0.01292	0.00822	0.01292	0.00705	0.01174	0.00705	0.00940	0.01762	0.00235	0.80153	0.00470	0.00235	0.00587
4	0.01159	0.04458	0.45457	0.03076	0.01876	0.02774	0.03096	0.01613	0.01243	0.09062	0.14695	0.06122	0.01680	0.00692	0.00542	0.00170	0.00637	0.00577	0.00350	0.00721
5	0.01001	0.00500	0.00500	0.00500	0.00625	0.00500	0.00375	0.01251	0.01126	0.02001	0.01751	0.02001	0.01376	0.00625	0.00375	0.00125	0.00250	0.00500	0.84115	0.00500
6	0.01177	0.00789	0.00987	0.04580	0.01170	0.00793	0.00692	0.15685	0.01684	0.09405	0.49429	0.03232	0.03637	0.00957	0.00605	0.00170	0.00368	0.03448	0.00567	0.00627
7	0.01287	0.01362	0.01627	0.01406	0.01443	0.12133	0.01156	0.01407	0.00917	0.01295	0.00722	0.01146	0.00703	0.00887	0.01588	0.00222	0.69413	0.00453	0.00241	0.00592
8	0.13453	0.00606	0.00686	0.00676	0.00823	0.00591	0.00503	0.01014	0.01292	0.01944	0.41601	0.18496	0.14076	0.01156	0.00598	0.00180	0.00292	0.00997	0.00521	0.00497
9	0.01343	0.01327	0.02050	0.08464	0.17055	0.04737	0.16525	0.09908	0.01234	0.01714	0.00935	0.01286	0.00780	0.00666	0.00994	0.00192	0.29298	0.00502	0.00285	0.00706
10	0.01151	0.10081	0.58999	0.01752	0.14233	0.01335	0.01828	0.01683	0.01143	0.01667	0.00950	0.01138	0.00708	0.00500	0.00498	0.00163	0.00748	0.00399	0.00233	0.00792

[dist]
# distance from previous block
# <min> <max>
0	2

[block]
# block no. 6 follows, 45 sequences, length 48
# corresponding to MSA columns:
# 310-357
name=unknown_G
#
# <colnr> <probs for GDERKNQSTAVLIFYWHMCP>
#	G	D	E	R	K	N	Q	S	T	A	V	L	I	F	Y	W	H	M	C	P
0	0.01074	0.04609	0.73651	0.01484	0.02244	0.01241	0.01903	0.01672	0.01147	0.01706	0.03782	0.01233	0.00842	0.00530	0.00511	0.00169	0.00768	0.00415	0.00240	0.00780
1	0.02085	0.01129	0.11371	0.00997	0.01443	0.00822	0.00915	0.02342	0.01457	0.61693	0.02241	0.02013	0.07572	0.00702	0.00544	0.00168	0.00486	0.00570	0.00593	0.00859
2	0.08960	0.04597	0.04631	0.01047	0.01466	0.01202	0.00899	0.27755	0.03120	0.35701	0.04115	0.01567	0.01198	0.00644	0.00515	0.00163	0.00511	0.00498	0.00551	0.00857
3	0.76769	0.01026	0.00834	0.00731	0.01071	0.01163	0.00602	0.01681	0.00975	0.09897	0.00883	0.00966	0.00655	0.00515	0.00353	0.00166	0.00419	0.00315	0.00365	0.00614
4	0.01211	0.01028	0.01106	0.01030	0.01284	0.01172	0.00786	0.02470	0.63033	0.02086	0.02326	0.16331	0.01986	0.00902	0.00571	0.00189	0.00404	0.00774	0.00537	0.00774
5	0.01059	0.02679	0.75074	0.01497	0.02258	0.01212	0.01921	0.01660	0.01129	0.01686	0.01048	0.04494	0.00801	0.00559	0.00517	0.00172	0.00773	0.00444	0.00238	0.00778
6	0.01119	0.24714	0.42784	0.01234	0.01801	0.01363	0.01441	0.01531	0.01119	0.01535	0.01255	0.09339	0.01166	0.00692	0.00499	0.00165	0.00659	0.06601	0.00277	0.00704
7	0.02368	0.00905	0.01233	0.00948	0.01356	0.00782	0.00782	0.02577	0.01536	0.76294	0.03967	0.01881	0.01420	0.00675	0.00542	0.00166	0.00452	0.00550	0.00663	0.00904
8	0.01092	0.02666	0.72113	0.01591	0.02363	0.01256	0.08114	0.01702	0.01144	0.01702	0.00973	0.01159	0.00691	0.00505	0.00520	0.00171	0.00803	0.00416	0.00230	0.00788
9	0.02170	0.00922	0.01212	0.00956	0.01331	0.00837	0.00778	0.09660	0.01591	0.61779	0.04697	0.08403	0.01600	0.00762	0.00555	0.00170	0.00451	0.00631	0.00635	0.00860
10	0.01469	0.76722	0.02735	0.00946	0.01395	0.06738	0.00926	0.01640	0.01117	0.01266	0.00751	0.00867	0.00689	0.00465	0.00353	0.00116	0.00598	0.00291	0.00232	0.00685
11	0.02408	0.00914	0.01246	0.00955	0.01370	0.00789	0.00789	0.02616	0.01536	0.78158	0.02118	0.01827	0.01329	0.00664	0.00540	0.00166	0.00457	0.00540	0.00664	0.00914
12	0.01146	0.05956	0.68985	0.01519	0.02274	0.01273	0.05379	0.01728	0.01152	0.04311	0.01000	0.01161	0.00709	0.00510	0.00510	0.00168	0.00778	0.00408	0.00244	0.00790
13	0.00769	0.00565	0.00811	0.00811	0.00889	0.00643	0.00607	0.00925	0.00847	0.01208	0.01485	0.02370	0.01456	0.18390	0.64799	0.00799	0.01267	0.00613	0.00295	0.00451
14	0.01376	0.66611	0.14454	0.01019	0.01525	0.01962	0.01081	0.01663	0.03612	0.01363	0.00828	0.00941	0.00719	0.00476	0.00377	0.00126	0.00603	0.00315	0.00240	0.00710
15	0.08559	0.01797	0.03992	0.04485	0.01599	0.39764	0.00955	0.02159	0.01437	0.25727	0.01381	0.01385	0.03227	0.00606	0.00497	0.00153	0.00725	0.00434	0.00407	0.00711
16	0.02335	0.04753	0.01347	0.00974	0.01392	0.00916	0.00812	0.07977	0.01588	0.69023	0.01992	0.01742	0.01268	0.00653	0.00530	0.00163	0.00472	0.00524	0.00635	0.00903
17	0.00680	0.00489	0.00661	0.00755	0.00804	0.00470	0.00522	0.00803	0.01068	0.01446	0.10808	0.63551	0.03487	0.01848	0.08424	0.00277	0.00420	0.02553	0.00487	0.00449
18	0.01428	0.01465	0.02082	0.03012	0.66545	0.12750	0.01557	0.01721	0.01266	0.01689	0.00983	0.01275	0.00827	0.00489	0.00524	0.00156	0.00686	0.00459	0.00267	0.00817
19	0.03718	0.02722	0.75910	0.01504	0.02283	0.01245	0.01939	0.01696	0.01126	0.01722	0.00957	0.01125	0.00677	0.00510	0.00504	0.00170	0.00781	0.00393	0.00230	0.00787
20	0.02396	0.00933	0.01258	0.00965	0.01380	0.00819	0.00797	0.05093	0.01570	0.75634	0.02090	0.01809	0.01315	0.00664	0.00540	0.00166	0.00461	0.00538	0.00660	0.00914
21	0.00762	0.00655	0.00666	0.00644	0.00847	0.00614	0.00488	0.01149	0.14972	0.01595	0.04846	0.04591	0.63759	0.01245	0.00618	0.00181	0.00300	0.01037	0.00507	0.00525
22	0.08118	0.01190	0.01941	0.43471	0.06846	0.05841	0.20314	0.01535	0.01145	0.01574	0.00981	0.01367	0.00747	0.00512	0.00538	0.00174	0.00741	0.00494	0.01830	0.00640
23	0.68149	0.01025	0.00890	0.00763	0.01112	0.01139	0.00628	0.03356	0.01061	0.16206	0.01008	0.01055	0.00724	0.00532	0.00374	0.00166	0.00427	0.00340	0.00397	0.00649
24	0.00745	0.00540	0.00702	0.00678	0.00797	0.00498	0.00502	0.00978	0.01460	0.02049	0.67473	0.11642	0.07592	0.01165	0.00638	0.00174	0.00260	0.01032	0.00578	0.00498
25	0.01267	0.01448	0.03167	0.02262	0.02805	0.01357	0.75837	0.01719	0.01267	0.01719	0.01086	0.01448	0.00814	0.00452	0.00633	0.00181	0.00905	0.00633	0.00271	0.00724
26	0.01363	0.59118	0.21229	0.01118	0.03193	0.01868	0.01191	0.01649	0.01112	0.02766	0.00829	0.00955	0.00702	0.00476	0.00392	0.00130	0.00627	0.00322	0.00237	0.00722
27	0.02286	0.00954	0.01255	0.00969	0.01370	0.00862	0.00798	0.09913	0.01635	0.66706	0.05935	0.01886	0.01480	0.00685	0.00544	0.00166	0.00460	0.00556	0.00648	0.00892
28	0.00828	0.00639	0.00841	0.08532	0.01135	0.00641	0.00629	0.01192	0.07715	0.02057	0.61024	0.03631	0.07026	0.01021	0.00616	0.00171	0.00314	0.00898	0.00549	0.00542
29	0.01244	0.01057	0.01139	0.01056	0.01324	0.01208	0.00822	0.02550	0.65001	0.02126	0.02297	0.08839	0.01903	0.00863	0.00572	0.00190	0.00420	0.06061	0.00538	0.00789
30	0.01840	0.01150	0.01283	0.01042	0.01405	0.02635	0.00841	0.25181	0.21434	0.26049	0.02067	0.01922	0.06423	0.00718	0.00540	0.00168	0.00480	0.00575	0.03401	0.00846
31	0.00634	0.00544	0.00544	0.00544	0.00725	0.00453	0.00408	0.00770	0.01224	0.01450	0.05438	0.05166	0.77569	0.01359	0.00634	0.00181	0.00272	0.01133	0.00498	0.00453
32	0.01923	0.02422	0.01533	0.01385	0.01635	0.71335	0.01051	0.02059	0.01452	0.01312	0.00817	0.00988	0.00693	0.00591	0.00610	0.00148	0.08796	0.00358	0.00272	0.00619
33	0.01128	0.14120	0.67464	0.01442	0.02187	0.01373	0.01830	0.01687	0.01127	0.01637	0.00932	0.01094	0.00681	0.00503	0.00486	0.00162	0.00762	0.00381	0.00227	0.00778
34	0.01079	0.01034	0.01461	0.01281	0.01304	0.01416	0.01056	0.01214	0.00832	0.01281	0.00876	0.01393	0.00854	0.01662	0.19853	0.00382	0.61718	0.00494	0.00247	0.00562
35	0.00721	0.00521	0.00696	0.00812	0.00883	0.00496	0.00611	0.00867	0.01108	0.01452	0.03086	0.51628	0.08328	0.01596	0.00700	0.00225	0.00368	0.24951	0.00497	0.00456
36	0.01077	0.02777	0.78354	0.01530	0.02323	0.01247	0.01983	0.01700	0.01133	0.01700	0.00963	0.01133	0.00680	0.00510	0.00510	0.00170	0.00793	0.00397	0.00227	0.00793
37	0.01106	0.09131	0.72253	0.01481	0.02247	0.01317	0.01897	0.01692	0.01130	0.01665	0.00946	0.01111	0.00681	0.00506	0.00497	0.00166	0.00776	0.00388	0.00227	0.00785
38	0.00734	0.00548	0.00681	0.00648	0.00786	0.00495	0.00486	0.00962	0.01458	0.02006	0.62450	0.04251	0.20210	0.01152	0.00633	0.00171	0.00257	0.01005	0.00572	0.00495
39	0.01037	0.00986	0.01690	0.73561	0.07167	0.01202	0.04054	0.01396	0.01087	0.01402	0.00961	0.01427	0.00725	0.00531	0.00540	0.00178	0.00718	0.00482	0.00241	0.00613
40	0.00767	0.00575	0.00863	0.00863	0.00959	0.00671	0.00671	0.00959	0.00863	0.01246	0.01438	0.02109	0.01342	0.04026	0.79008	0.00863	0.01438	0.00575	0.00288	0.00479
41	0.01077	0.02777	0.78354	0.01530	0.02323	0.01247	0.01983	0.01700	0.01133	0.01700	0.00963	0.01133	0.00680	0.00510	0.00510	0.00170	0.00793	0.00397	0.00227	0.00793
42	0.00645	0.00539	0.00563	0.00580	0.00745	0.00458	0.00434	0.00781	0.01205	0.01448	0.05097	0.12675	0.67503	0.01396	0.00643	0.00187	0.00284	0.03867	0.00498	0.00453
43	0.01786	0.13282	0.29346	0.01158	0.01716	0.01148	0.01239	0.02138	0.01326	0.39355	0.01501	0.01436	0.01001	0.00579	0.00501	0.00160	0.00595	0.00451	0.00443	0.00837
44	0.03627	0.07739	0.04658	0.01000	0.01435	0.01013	0.00869	0.09731	0.01569	0.59879	0.01850	0.01648	0.01195	0.00636	0.00519	0.00162	0.00493	0.00503	0.00592	0.00884
45	0.00803	0.00698	0.00740	0.00824	0.00883	0.08238	0.00569	0.00903	0.01076	0.01365	0.02758	0.68086	0.05513	0.01537	0.00696	0.00209	0.02808	0.01365	0.00468	0.00460
46	0.09391	0.04963	0.53377	0.01448	0.05964	0.01283	0.01630	0.09008	0.01252	0.01936	0.01003	0.01161	0.00732	0.00524	0.00485	0.00164	0.00698	0.00400	0.03810	0.00771
47	0.01848	0.07688	0.08787	0.01047	0.01457	0.03665	0.00942	0.10466	0.03798	0.37884	0.01811	0.04607	0.01381	0.00732	0.00538	0.00167	0.00526	0.07798	0.00519	0.04338

[dist]
# distance from previous block
# <min> <max>
0	341

# created by:
# /st0/software/busco_prod/Augustus/scripts/msa2prfl.pl ./align_prep/184637.fa
