[name]
unknown

[dist]
# distance from previous block
# <min> <max>
44	158

[block]
# block no. 0 follows, 43 sequences, length 6
# corresponding to MSA columns:
# 495-500
name=unknown_A
#
# <colnr> <probs for GDERKNQSTAVLIFYWHMCP>
#	G	D	E	R	K	N	Q	S	T	A	V	L	I	F	Y	W	H	M	C	P
0	0.04970	0.00959	0.01128	0.06344	0.01399	0.00971	0.00775	0.18392	0.05737	0.13922	0.02260	0.17053	0.10064	0.04497	0.00674	0.00192	0.00465	0.00783	0.00501	0.08914
1	0.09014	0.03811	0.01337	0.21575	0.01944	0.05264	0.00981	0.13376	0.08171	0.07950	0.05310	0.08867	0.01466	0.03905	0.04464	0.00226	0.00617	0.00620	0.00418	0.00684
2	0.01631	0.01258	0.01451	0.05686	0.07487	0.01363	0.00970	0.41403	0.09146	0.02634	0.01626	0.01900	0.04873	0.11098	0.00848	0.00215	0.00569	0.00575	0.00474	0.04793
3	0.00957	0.00677	0.00791	0.00742	0.00884	0.00666	0.00533	0.07302	0.05347	0.04378	0.26155	0.12206	0.14453	0.21062	0.01186	0.00273	0.00386	0.00964	0.00511	0.00528
4	0.01049	0.00975	0.01681	0.61062	0.03310	0.01151	0.08551	0.01412	0.01168	0.01551	0.07404	0.01732	0.01160	0.00599	0.00563	0.00181	0.00692	0.00552	0.04591	0.00615
5	0.01034	0.00559	0.00622	0.07792	0.00938	0.00582	0.00494	0.01302	0.01156	0.02005	0.01731	0.02010	0.01357	0.00637	0.00403	0.00134	0.00302	0.00514	0.75903	0.00525

[dist]
# distance from previous block
# <min> <max>
0	11

[block]
# block no. 1 follows, 43 sequences, length 108
# corresponding to MSA columns:
# 512-603,607-618,622-625
name=unknown_B
#
# <colnr> <probs for GDERKNQSTAVLIFYWHMCP>
#	G	D	E	R	K	N	Q	S	T	A	V	L	I	F	Y	W	H	M	C	P
0	0.11149	0.00928	0.01179	0.00934	0.01319	0.00852	0.00764	0.02427	0.04190	0.59162	0.09457	0.02009	0.01682	0.00714	0.00544	0.00172	0.00445	0.00576	0.00636	0.00861
1	0.04842	0.00547	0.00745	0.00825	0.00892	0.00523	0.03197	0.00850	0.01063	0.01480	0.02870	0.73427	0.03410	0.01629	0.00687	0.00221	0.00349	0.01478	0.00497	0.00468
2	0.03745	0.09182	0.01539	0.01168	0.01528	0.10692	0.00941	0.20065	0.38910	0.03877	0.01683	0.01615	0.01265	0.00675	0.00528	0.00170	0.00562	0.00522	0.00493	0.00843
3	0.03280	0.00985	0.01145	0.00824	0.01310	0.00754	0.00661	0.01447	0.01159	0.04540	0.01022	0.01169	0.00835	0.00423	0.00414	0.00087	0.00413	0.00336	0.00341	0.78857
4	0.03372	0.07976	0.44308	0.01625	0.02285	0.08544	0.16801	0.01837	0.01247	0.05421	0.01044	0.01229	0.00762	0.00522	0.00535	0.00170	0.00816	0.00451	0.00273	0.00780
5	0.00724	0.00517	0.00699	0.00827	0.00881	0.00492	0.00599	0.00856	0.01109	0.01469	0.03025	0.63543	0.03556	0.01689	0.00720	0.00232	0.00364	0.17723	0.00513	0.00463
6	0.01315	0.01256	0.02127	0.16425	0.62925	0.01302	0.01655	0.01676	0.02741	0.01752	0.01056	0.01403	0.00870	0.00509	0.00550	0.00168	0.00667	0.00496	0.00275	0.00832
7	0.01776	0.12978	0.09525	0.01217	0.01651	0.11168	0.01079	0.24356	0.19103	0.09474	0.01452	0.01433	0.01070	0.00634	0.00519	0.00163	0.00624	0.00478	0.00457	0.00844
8	0.01496	0.01163	0.01256	0.01112	0.01437	0.01317	0.00870	0.02917	0.68093	0.10375	0.02247	0.02047	0.01656	0.00744	0.00563	0.00186	0.00442	0.00619	0.00577	0.00884
9	0.00673	0.00490	0.00634	0.00750	0.00798	0.00452	0.00505	0.00774	0.01081	0.01422	0.03311	0.72603	0.11067	0.01701	0.00702	0.00221	0.00317	0.01533	0.00514	0.00452
10	0.01440	0.72270	0.11144	0.01017	0.01529	0.02092	0.01069	0.01669	0.01130	0.01353	0.00795	0.00919	0.00710	0.00480	0.00374	0.00125	0.00617	0.00309	0.00237	0.00723
11	0.01497	0.01267	0.02084	0.03001	0.64342	0.01262	0.01554	0.01881	0.05426	0.10402	0.01238	0.01467	0.00978	0.00529	0.00550	0.00167	0.00625	0.00508	0.00337	0.00885
12	0.00773	0.00555	0.00719	0.00698	0.00808	0.00516	0.00508	0.00997	0.01456	0.02047	0.63132	0.12482	0.04817	0.07049	0.00819	0.00207	0.00288	0.01050	0.00579	0.00501
13	0.00770	0.00566	0.00720	0.00682	0.00819	0.00516	0.00511	0.01017	0.01534	0.02141	0.68895	0.04269	0.13171	0.01162	0.00653	0.00176	0.00263	0.01020	0.00599	0.00516
14	0.10083	0.01451	0.01391	0.01236	0.03273	0.15285	0.03857	0.06068	0.39956	0.08954	0.01726	0.01663	0.01285	0.00667	0.00532	0.00175	0.00575	0.00530	0.00483	0.00810
15	0.03781	0.01443	0.01584	0.01217	0.01655	0.01561	0.01005	0.61993	0.02406	0.15504	0.01458	0.01412	0.01005	0.00665	0.00550	0.00167	0.00583	0.00504	0.00571	0.00935
16	0.01550	0.05825	0.14608	0.01551	0.01899	0.27976	0.11041	0.04663	0.01292	0.01552	0.00894	0.01158	0.00741	0.00656	0.00875	0.00181	0.22133	0.00442	0.00273	0.00691
17	0.01371	0.01313	0.02225	0.03347	0.75330	0.01317	0.01681	0.01728	0.02994	0.01821	0.01070	0.01387	0.00896	0.00499	0.00549	0.00165	0.00653	0.00497	0.00281	0.00877
18	0.00765	0.00565	0.00714	0.00677	0.00816	0.00514	0.00507	0.01008	0.01522	0.02113	0.66165	0.04315	0.15917	0.01173	0.00653	0.00176	0.00264	0.01027	0.00595	0.00514
19	0.00771	0.00561	0.00726	0.00695	0.00822	0.00516	0.00517	0.01017	0.01523	0.02139	0.69105	0.08728	0.08439	0.01181	0.00656	0.00178	0.00266	0.01043	0.00600	0.00516
20	0.00678	0.00484	0.00645	0.00769	0.00804	0.00452	0.00514	0.00778	0.01073	0.01434	0.04921	0.78248	0.03703	0.01720	0.00706	0.00224	0.00320	0.01560	0.00517	0.00452
21	0.00805	0.00537	0.00604	0.00604	0.00604	0.00537	0.00336	0.00805	0.00805	0.01074	0.01745	0.03624	0.02013	0.80536	0.02819	0.00537	0.00537	0.00805	0.00336	0.00336
22	0.00892	0.00637	0.00892	0.01020	0.01147	0.00637	0.00892	0.01147	0.01275	0.01657	0.02932	0.06247	0.03187	0.01530	0.00765	0.00255	0.00510	0.73354	0.00510	0.00510
23	0.01371	0.01316	0.02248	0.03399	0.77081	0.01316	0.01700	0.01700	0.01261	0.01809	0.01042	0.01371	0.00877	0.00493	0.00548	0.00164	0.00658	0.00493	0.00274	0.00877
24	0.84448	0.01071	0.00814	0.00728	0.01071	0.01242	0.00600	0.01628	0.00943	0.02485	0.00771	0.00900	0.00600	0.00514	0.00343	0.00171	0.00428	0.00300	0.00343	0.00600
25	0.01503	0.01400	0.01313	0.01174	0.01489	0.11713	0.00910	0.06070	0.62808	0.02240	0.02025	0.01890	0.01526	0.00723	0.00555	0.00181	0.00521	0.00584	0.00526	0.00848
26	0.01323	0.01267	0.02161	0.14621	0.66236	0.01303	0.01676	0.01658	0.01238	0.01751	0.01033	0.01386	0.00857	0.00502	0.00549	0.00167	0.00670	0.00493	0.00270	0.00838
27	0.03514	0.64109	0.12938	0.01054	0.01561	0.06121	0.01095	0.01700	0.01151	0.01396	0.00805	0.00933	0.00707	0.00487	0.00386	0.00129	0.00641	0.00315	0.00242	0.00719
28	0.00802	0.00538	0.00603	0.00603	0.00608	0.00535	0.00338	0.00805	0.00817	0.01084	0.01841	0.03666	0.03864	0.78579	0.02765	0.00528	0.00531	0.00814	0.00340	0.00339
29	0.01148	0.00984	0.01148	0.00820	0.01312	0.00738	0.00656	0.01395	0.01148	0.01805	0.00984	0.01148	0.00820	0.00410	0.00410	0.00082	0.00410	0.00328	0.00328	0.83922
30	0.01253	0.01382	0.02958	0.02163	0.02667	0.01301	0.65399	0.01692	0.01303	0.01759	0.01357	0.02114	0.01146	0.00605	0.00668	0.00196	0.00878	0.10132	0.00310	0.00716
31	0.01032	0.00516	0.00516	0.00516	0.00645	0.00516	0.00387	0.01290	0.01161	0.02065	0.01807	0.02065	0.01420	0.00645	0.00387	0.00129	0.00258	0.00516	0.83611	0.00516
32	0.84448	0.01071	0.00814	0.00728	0.01071	0.01242	0.00600	0.01628	0.00943	0.02485	0.00771	0.00900	0.00600	0.00514	0.00343	0.00171	0.00428	0.00300	0.00343	0.00600
33	0.00805	0.00537	0.00604	0.00604	0.00604	0.00537	0.00336	0.00805	0.00805	0.01074	0.01745	0.03624	0.02013	0.80536	0.02819	0.00537	0.00537	0.00805	0.00336	0.00336
34	0.02105	0.01551	0.01662	0.01274	0.01717	0.01717	0.01053	0.75235	0.02604	0.03490	0.01330	0.01330	0.00942	0.00665	0.00554	0.00166	0.00609	0.00499	0.00554	0.00942
35	0.01845	0.02232	0.01638	0.03398	0.06211	0.55959	0.01145	0.03691	0.01431	0.01429	0.00857	0.01079	0.00732	0.00642	0.00748	0.00164	0.15466	0.00395	0.00282	0.00656
36	0.01392	0.01221	0.01259	0.01134	0.01446	0.03040	0.00881	0.02927	0.74471	0.02296	0.02224	0.02043	0.01670	0.00747	0.00562	0.00187	0.00450	0.00620	0.00558	0.00872
37	0.00797	0.00563	0.00728	0.00687	0.00818	0.00522	0.00515	0.01058	0.01546	0.02213	0.72775	0.04026	0.05022	0.01106	0.00639	0.00172	0.00261	0.00976	0.05054	0.00522
38	0.00784	0.00566	0.00740	0.00697	0.00827	0.00523	0.00523	0.01045	0.01568	0.02221	0.76789	0.04137	0.05226	0.01132	0.00653	0.00174	0.00261	0.01002	0.00610	0.00523
39	0.01307	0.01494	0.03268	0.02334	0.02894	0.01401	0.75070	0.01774	0.01307	0.01774	0.01120	0.01494	0.00840	0.00467	0.00654	0.00187	0.00934	0.00654	0.00280	0.00747
40	0.00655	0.00561	0.00561	0.00561	0.00748	0.00468	0.00421	0.00795	0.01262	0.01496	0.05610	0.05330	0.76857	0.01403	0.00655	0.00187	0.00281	0.01169	0.00514	0.00468
41	0.00675	0.00482	0.00643	0.00771	0.00803	0.00450	0.00514	0.00771	0.01060	0.01414	0.03053	0.80175	0.03663	0.01735	0.00707	0.00225	0.00321	0.01574	0.00514	0.00450
42	0.01486	0.01589	0.01941	0.15543	0.43376	0.21318	0.01490	0.01772	0.01316	0.01622	0.01029	0.01408	0.00866	0.00548	0.00542	0.00164	0.00757	0.02192	0.00278	0.00763
43	0.02051	0.01595	0.01706	0.01323	0.01751	0.08087	0.04997	0.60713	0.02376	0.06370	0.01346	0.02727	0.00984	0.00666	0.00558	0.00167	0.00649	0.00516	0.00522	0.00898
44	0.00729	0.00497	0.00656	0.00764	0.00804	0.00465	0.00509	0.00822	0.01055	0.03285	0.02937	0.72700	0.03487	0.07395	0.00856	0.00246	0.00341	0.01494	0.00505	0.00454
45	0.06370	0.17092	0.01777	0.01300	0.01624	0.60042	0.01022	0.02077	0.01453	0.01406	0.00836	0.00973	0.00707	0.00550	0.00464	0.00140	0.00893	0.00342	0.00279	0.00653
46	0.01046	0.00624	0.00824	0.00741	0.00918	0.00567	0.00567	0.01300	0.01570	0.13800	0.65308	0.03790	0.04632	0.01063	0.00638	0.00174	0.00294	0.00933	0.00621	0.00587
47	0.01198	0.01022	0.01206	0.00909	0.02942	0.00815	0.00708	0.04748	0.01211	0.01871	0.00996	0.01163	0.00825	0.00435	0.00449	0.00091	0.02070	0.00343	0.00335	0.76664
48	0.00804	0.00542	0.00630	0.00630	0.00640	0.00551	0.00368	0.00822	0.00813	0.01093	0.01721	0.03491	0.01955	0.73490	0.09786	0.00570	0.00624	0.00786	0.00332	0.00350
49	0.01126	0.04439	0.73438	0.01593	0.02395	0.01309	0.04647	0.01753	0.01173	0.01745	0.00994	0.01175	0.00707	0.00523	0.00527	0.00175	0.00818	0.00416	0.00236	0.00814
50	0.01389	0.09974	0.01434	0.01107	0.01438	0.01467	0.00884	0.02801	0.67818	0.02205	0.02091	0.01936	0.01583	0.00721	0.00541	0.00180	0.00455	0.00590	0.00528	0.00858
51	0.00701	0.00539	0.00629	0.00661	0.00778	0.00482	0.00472	0.00843	0.01226	0.01578	0.17571	0.26924	0.35122	0.07178	0.00829	0.00223	0.00313	0.02949	0.00519	0.00464
52	0.01934	0.20518	0.01874	0.01317	0.01646	0.60916	0.01042	0.02085	0.01468	0.01343	0.00836	0.00974	0.00713	0.00549	0.00466	0.00137	0.00906	0.00343	0.00274	0.00658
53	0.00673	0.00562	0.00587	0.00581	0.00760	0.00475	0.00436	0.00831	0.01307	0.01601	0.15901	0.05157	0.66501	0.01364	0.00654	0.00185	0.00278	0.01145	0.00528	0.00475
54	0.00675	0.00482	0.00643	0.00771	0.00803	0.00450	0.00514	0.00771	0.01060	0.01414	0.03053	0.80175	0.03663	0.01735	0.00707	0.00225	0.00321	0.01574	0.00514	0.00450
55	0.01313	0.08755	0.62152	0.01454	0.02196	0.01298	0.01804	0.01866	0.01218	0.11270	0.01127	0.01237	0.00787	0.00542	0.00517	0.00170	0.00757	0.00419	0.00291	0.00826
56	0.02037	0.06828	0.01641	0.01401	0.01697	0.74237	0.01064	0.02182	0.01546	0.01353	0.00851	0.00993	0.00713	0.00566	0.00492	0.00141	0.00977	0.00353	0.00283	0.00646
57	0.01203	0.15023	0.63272	0.01475	0.02220	0.04194	0.01840	0.01755	0.01177	0.01669	0.00954	0.01119	0.00703	0.00520	0.00499	0.00165	0.00790	0.00390	0.00236	0.00795
58	0.01233	0.00703	0.00931	0.00922	0.01107	0.00669	0.00740	0.05334	0.01375	0.18370	0.08283	0.25711	0.04454	0.01324	0.00681	0.00216	0.00430	0.26346	0.00560	0.00611
59	0.00678	0.00484	0.00645	0.00769	0.00804	0.00452	0.00514	0.00778	0.01074	0.01435	0.04974	0.78193	0.03704	0.01719	0.00705	0.00224	0.00320	0.01560	0.00517	0.00452
60	0.01046	0.00984	0.01661	0.79205	0.03814	0.01230	0.01538	0.01415	0.01107	0.01415	0.00984	0.01477	0.00738	0.00554	0.00554	0.00185	0.00738	0.00492	0.00246	0.00615
61	0.01250	0.01399	0.03018	0.02187	0.02698	0.01312	0.67847	0.01684	0.01287	0.01743	0.01306	0.07797	0.01106	0.00586	0.00660	0.00191	0.00878	0.02031	0.00303	0.00719
62	0.77588	0.01060	0.00853	0.00750	0.01100	0.01207	0.00618	0.01718	0.00996	0.08761	0.00889	0.00982	0.00664	0.00528	0.00361	0.00171	0.00432	0.00321	0.00371	0.00628
63	0.00698	0.00499	0.00668	0.00788	0.00833	0.00469	0.00546	0.00817	0.01105	0.01477	0.06991	0.70058	0.03708	0.01686	0.00709	0.00225	0.00334	0.07414	0.00519	0.00459
64	0.01371	0.01316	0.02248	0.03399	0.77081	0.01316	0.01700	0.01700	0.01261	0.01809	0.01042	0.01371	0.00877	0.00493	0.00548	0.00164	0.00658	0.00493	0.00274	0.00877
65	0.01127	0.06277	0.74396	0.01551	0.02354	0.01326	0.01998	0.01750	0.01167	0.01734	0.00984	0.01157	0.00702	0.00524	0.00519	0.00173	0.00809	0.00404	0.00234	0.00814
66	0.00791	0.00593	0.00890	0.00890	0.00989	0.00692	0.00692	0.00989	0.00890	0.01286	0.01483	0.02176	0.01385	0.04154	0.78341	0.00890	0.01483	0.00593	0.00297	0.00494
67	0.02105	0.01551	0.01662	0.01274	0.01717	0.01717	0.01053	0.75235	0.02604	0.03490	0.01330	0.01330	0.00942	0.00665	0.00554	0.00166	0.00609	0.00499	0.00554	0.00942
68	0.02071	0.01981	0.01665	0.01361	0.01745	0.32081	0.02905	0.44448	0.02161	0.02601	0.01137	0.01203	0.00849	0.00623	0.00535	0.00157	0.00772	0.00446	0.00441	0.00818
69	0.00962	0.00481	0.00722	0.00722	0.00722	0.00481	0.00481	0.00722	0.00722	0.00962	0.00962	0.01684	0.00962	0.01924	0.02165	0.83886	0.00481	0.00481	0.00241	0.00241
70	0.01148	0.00984	0.01148	0.00820	0.01312	0.00738	0.00656	0.01395	0.01148	0.01805	0.00984	0.01148	0.00820	0.00410	0.00410	0.00082	0.00410	0.00328	0.00328	0.83922
71	0.01378	0.01190	0.01252	0.01127	0.01440	0.01378	0.00877	0.02943	0.76081	0.02317	0.02254	0.02066	0.01691	0.00751	0.00564	0.00188	0.00438	0.00626	0.00564	0.00877
72	0.00805	0.00537	0.00604	0.00604	0.00604	0.00537	0.00336	0.00805	0.00805	0.01074	0.01745	0.03624	0.02013	0.80536	0.02819	0.00537	0.00537	0.00805	0.00336	0.00336
73	0.01148	0.00984	0.01148	0.00820	0.01312	0.00738	0.00656	0.01395	0.01148	0.01805	0.00984	0.01148	0.00820	0.00410	0.00410	0.00082	0.00410	0.00328	0.00328	0.83922
74	0.01307	0.01494	0.03268	0.02334	0.02894	0.01401	0.75070	0.01774	0.01307	0.01774	0.01120	0.01494	0.00840	0.00467	0.00654	0.00187	0.00934	0.00654	0.00280	0.00747
75	0.00674	0.00484	0.00641	0.00766	0.00802	0.00450	0.00512	0.00772	0.01065	0.01416	0.03117	0.78279	0.05517	0.01727	0.00706	0.00224	0.00320	0.01564	0.00514	0.00450
76	0.00791	0.00593	0.00890	0.00890	0.00989	0.00692	0.00692	0.00989	0.00890	0.01286	0.01483	0.02176	0.01385	0.04154	0.78341	0.00890	0.01483	0.00593	0.00297	0.00494
77	0.00661	0.00561	0.00570	0.00568	0.00752	0.00470	0.00426	0.00808	0.01278	0.01534	0.09329	0.05268	0.73115	0.01388	0.00654	0.00186	0.00280	0.01160	0.00519	0.00470
78	0.08376	0.55411	0.20689	0.01081	0.01626	0.01894	0.01182	0.01679	0.01120	0.01511	0.00824	0.00957	0.00699	0.00490	0.00395	0.00137	0.00633	0.00324	0.00245	0.00727
79	0.84448	0.01071	0.00814	0.00728	0.01071	0.01242	0.00600	0.01628	0.00943	0.02485	0.00771	0.00900	0.00600	0.00514	0.00343	0.00171	0.00428	0.00300	0.00343	0.00600
80	0.01116	0.02832	0.75878	0.01597	0.02409	0.01289	0.03802	0.01754	0.01173	0.01754	0.00997	0.01177	0.00705	0.00525	0.00529	0.00176	0.00821	0.00415	0.00235	0.00817
81	0.00805	0.00537	0.00604	0.00604	0.00604	0.00537	0.00336	0.00805	0.00805	0.01074	0.01745	0.03624	0.02013	0.80536	0.02819	0.00537	0.00537	0.00805	0.00336	0.00336
82	0.00805	0.00537	0.00604	0.00604	0.00604	0.00537	0.00336	0.00805	0.00805	0.01074	0.01745	0.03624	0.02013	0.80536	0.02819	0.00537	0.00537	0.00805	0.00336	0.00336
83	0.84448	0.01071	0.00814	0.00728	0.01071	0.01242	0.00600	0.01628	0.00943	0.02485	0.00771	0.00900	0.00600	0.00514	0.00343	0.00171	0.00428	0.00300	0.00343	0.00600
84	0.84448	0.01071	0.00814	0.00728	0.01071	0.01242	0.00600	0.01628	0.00943	0.02485	0.00771	0.00900	0.00600	0.00514	0.00343	0.00171	0.00428	0.00300	0.00343	0.00600
85	0.01032	0.00516	0.00516	0.00516	0.00645	0.00516	0.00387	0.01290	0.01161	0.02065	0.01807	0.02065	0.01420	0.00645	0.00387	0.00129	0.00258	0.00516	0.83611	0.00516
86	0.01481	0.80869	0.02902	0.00948	0.01421	0.02191	0.00948	0.01658	0.01125	0.01303	0.00770	0.00888	0.00711	0.00474	0.00355	0.00118	0.00592	0.00296	0.00237	0.00711
87	0.00655	0.00561	0.00561	0.00561	0.00748	0.00468	0.00421	0.00795	0.01262	0.01496	0.05610	0.05330	0.76857	0.01403	0.00655	0.00187	0.00281	0.01169	0.00514	0.00468
88	0.01323	0.01135	0.01204	0.01087	0.01385	0.01302	0.00844	0.02772	0.69591	0.02292	0.07151	0.02273	0.03597	0.00791	0.00571	0.00187	0.00423	0.00663	0.00565	0.00845
89	0.00745	0.00553	0.00694	0.00684	0.00810	0.00502	0.00503	0.00960	0.01437	0.01971	0.53091	0.15753	0.17710	0.01271	0.00662	0.00184	0.00274	0.01117	0.00578	0.00502
90	0.10593	0.10100	0.61826	0.01422	0.02154	0.01368	0.01778	0.01731	0.01139	0.01794	0.00947	0.01112	0.00691	0.00520	0.00489	0.00170	0.00753	0.00386	0.00246	0.00783
91	0.02364	0.05256	0.01430	0.01127	0.05929	0.00918	0.00874	0.02584	0.01541	0.68862	0.02041	0.01801	0.01306	0.00663	0.00546	0.00168	0.00489	0.00539	0.00637	0.00926
92	0.00826	0.00622	0.00903	0.00975	0.05441	0.00690	0.00671	0.00987	0.00898	0.01274	0.01549	0.04183	0.01542	0.20493	0.55544	0.00755	0.01202	0.00655	0.00309	0.00482
93	0.01421	0.01380	0.02331	0.03095	0.61488	0.02918	0.11107	0.06107	0.01353	0.01896	0.01065	0.01377	0.00873	0.00502	0.00561	0.00167	0.00698	0.00512	0.00292	0.00860
94	0.06492	0.01694	0.01585	0.01265	0.01671	0.14566	0.01024	0.56173	0.05210	0.03031	0.01256	0.01280	0.00914	0.00644	0.00534	0.00163	0.00659	0.00469	0.00498	0.00870
95	0.74959	0.01012	0.00788	0.00712	0.01026	0.01159	0.00574	0.01534	0.00952	0.02348	0.01089	0.01300	0.04779	0.05336	0.00507	0.00194	0.00427	0.00377	0.00352	0.00577
96	0.01188	0.05565	0.66012	0.01597	0.02358	0.05462	0.06747	0.01776	0.01198	0.01718	0.00987	0.01171	0.00712	0.00523	0.00527	0.00172	0.00828	0.00418	0.00240	0.00800
97	0.00682	0.00489	0.00657	0.00778	0.00814	0.00464	0.00525	0.00784	0.01050	0.01406	0.02959	0.75521	0.03527	0.01879	0.05339	0.00265	0.00391	0.01516	0.00501	0.00453
98	0.01276	0.01372	0.02912	0.02196	0.06616	0.01294	0.62681	0.01685	0.01265	0.01750	0.01149	0.01532	0.00883	0.00557	0.00713	0.04676	0.00854	0.00628	0.05249	0.00713
99	0.01067	0.02606	0.68946	0.01483	0.02224	0.01207	0.01878	0.01657	0.01158	0.01712	0.01271	0.01453	0.04831	0.00790	0.05176	0.00219	0.00829	0.00461	0.00253	0.00780
100	0.00976	0.00822	0.04160	0.00930	0.01111	0.00769	0.03824	0.03188	0.16336	0.03762	0.11525	0.36345	0.04208	0.05492	0.00755	0.00217	0.00404	0.01087	0.03495	0.00594
101	0.00786	0.00519	0.00688	0.00768	0.00838	0.00479	0.00529	0.00911	0.01159	0.05604	0.12614	0.64467	0.05361	0.01593	0.00691	0.00215	0.00321	0.01437	0.00536	0.00486
102	0.05605	0.06945	0.69537	0.01499	0.02274	0.01332	0.01910	0.01742	0.01155	0.01769	0.00970	0.01140	0.00697	0.00523	0.00507	0.00172	0.00785	0.00397	0.00240	0.00801
103	0.01325	0.01180	0.01986	0.19790	0.52367	0.01233	0.01557	0.01648	0.01223	0.05754	0.01117	0.01470	0.00903	0.00735	0.05191	0.00213	0.00715	0.00503	0.00291	0.00800
104	0.06641	0.00959	0.01223	0.00973	0.01364	0.00892	0.00793	0.02574	0.11176	0.59240	0.06569	0.01990	0.01601	0.00711	0.00552	0.00174	0.00452	0.00579	0.00647	0.00891
105	0.00990	0.00687	0.00940	0.05640	0.01280	0.00695	0.00861	0.03072	0.03066	0.05736	0.02842	0.15421	0.05819	0.01409	0.00719	0.00236	0.00488	0.49044	0.00507	0.00549
106	0.00955	0.00539	0.00600	0.04784	0.00846	0.00541	0.00471	0.01186	0.01149	0.01894	0.02184	0.14447	0.06234	0.00856	0.00462	0.00150	0.00295	0.00719	0.61178	0.00508
107	0.01993	0.01603	0.06166	0.01282	0.01738	0.01667	0.01099	0.65552	0.07904	0.03301	0.01377	0.01374	0.00982	0.00663	0.00553	0.00168	0.00609	0.00503	0.00536	0.00930

[dist]
# distance from previous block
# <min> <max>
0	54

# created by:
# /st0/software/busco_prod/Augustus/scripts/msa2prfl.pl ./align_prep/184869.fa
