[name]
unknown

[dist]
# distance from previous block
# <min> <max>
24	87

[block]
# block no. 0 follows, 41 sequences, length 41
# corresponding to MSA columns:
# 100-140
name=unknown_A
#
# <colnr> <probs for GDERKNQSTAVLIFYWHMCP>
#	G	D	E	R	K	N	Q	S	T	A	V	L	I	F	Y	W	H	M	C	P
0	0.03747	0.03816	0.01550	0.04854	0.06621	0.01242	0.06042	0.16249	0.08530	0.08022	0.11064	0.04421	0.03236	0.03791	0.00781	0.00194	0.07543	0.00646	0.02386	0.05265
1	0.05910	0.00820	0.00964	0.06022	0.01243	0.00824	0.00691	0.10308	0.04228	0.02031	0.17138	0.18266	0.14005	0.03870	0.02790	0.00216	0.00439	0.00934	0.00497	0.08804
2	0.02735	0.01097	0.01554	0.10649	0.15641	0.02607	0.07309	0.01764	0.13295	0.05586	0.07973	0.02348	0.12172	0.00745	0.00579	0.00171	0.00546	0.00661	0.00422	0.12145
3	0.01356	0.01023	0.01254	0.10561	0.01672	0.00935	0.00836	0.04570	0.10800	0.10413	0.04152	0.01788	0.05363	0.00612	0.00508	0.00135	0.00472	0.00505	0.00431	0.42615
4	0.01678	0.01067	0.01210	0.01030	0.01345	0.01128	0.00838	0.24727	0.13230	0.14697	0.02098	0.02495	0.03810	0.00919	0.02423	0.00198	0.00508	0.09354	0.16446	0.00798
5	0.06774	0.01198	0.05925	0.01160	0.01632	0.01026	0.05732	0.09782	0.01662	0.56073	0.01945	0.01764	0.01252	0.00672	0.00568	0.00178	0.00551	0.00552	0.00620	0.00933
6	0.11794	0.01337	0.02007	0.02776	0.54141	0.01378	0.01485	0.09616	0.03692	0.04702	0.01152	0.01391	0.00921	0.00546	0.00541	0.00172	0.00631	0.00492	0.00347	0.00880
7	0.00823	0.00551	0.00626	0.00635	0.00637	0.00549	0.00359	0.00830	0.00849	0.01132	0.01890	0.08655	0.02190	0.74835	0.02770	0.00534	0.00540	0.00883	0.00359	0.00354
8	0.01681	0.34673	0.02281	0.13763	0.02045	0.30766	0.04137	0.01895	0.01342	0.01405	0.00880	0.01085	0.00745	0.00541	0.00469	0.00146	0.00810	0.00378	0.00267	0.00693
9	0.00737	0.00531	0.00679	0.00760	0.00819	0.00492	0.00509	0.00847	0.01125	0.01513	0.10147	0.57405	0.06774	0.11387	0.00985	0.00261	0.00354	0.01416	0.00512	0.02747
10	0.01323	0.00810	0.01018	0.00911	0.01078	0.00847	0.00678	0.16384	0.01338	0.09769	0.03322	0.08285	0.01596	0.13413	0.15607	0.21249	0.00705	0.00681	0.00421	0.00563
11	0.01238	0.08063	0.48625	0.01828	0.02564	0.01432	0.24590	0.01811	0.01249	0.01785	0.01051	0.01292	0.00770	0.00520	0.00572	0.00181	0.00866	0.00493	0.00257	0.00814
12	0.00722	0.00569	0.00650	0.00666	0.00812	0.00500	0.00490	0.00890	0.01334	0.01705	0.21850	0.17691	0.43204	0.03083	0.00735	0.00206	0.00305	0.03545	0.00551	0.00492
13	0.00756	0.00540	0.00731	0.00864	0.00923	0.00515	0.00634	0.00898	0.01153	0.01526	0.03120	0.60344	0.03654	0.01736	0.00746	0.00240	0.00383	0.20225	0.00530	0.00481
14	0.83938	0.01106	0.00841	0.00752	0.01106	0.01283	0.00619	0.01681	0.00973	0.02566	0.00796	0.00929	0.00619	0.00531	0.00354	0.00177	0.00442	0.00310	0.00354	0.00619
15	0.83938	0.01106	0.00841	0.00752	0.01106	0.01283	0.00619	0.01681	0.00973	0.02566	0.00796	0.00929	0.00619	0.00531	0.00354	0.00177	0.00442	0.00310	0.00354	0.00619
16	0.01080	0.01017	0.01716	0.78523	0.03940	0.01271	0.01589	0.01461	0.01144	0.01461	0.01017	0.01525	0.00762	0.00572	0.00572	0.00191	0.00762	0.00508	0.00254	0.00635
17	0.83938	0.01106	0.00841	0.00752	0.01106	0.01283	0.00619	0.01681	0.00973	0.02566	0.00796	0.00929	0.00619	0.00531	0.00354	0.00177	0.00442	0.00310	0.00354	0.00619
18	0.00697	0.00498	0.00664	0.00796	0.00830	0.00465	0.00531	0.00796	0.01095	0.01460	0.03153	0.79525	0.03783	0.01792	0.00730	0.00232	0.00332	0.01626	0.00531	0.00465
19	0.01078	0.00612	0.00687	0.00741	0.05173	0.00594	0.00504	0.01340	0.01200	0.02069	0.01823	0.05557	0.01498	0.00693	0.00426	0.00137	0.00304	0.00569	0.69023	0.05974
20	0.15425	0.02364	0.01532	0.01457	0.05501	0.59400	0.01059	0.03912	0.01525	0.01668	0.00892	0.01043	0.00732	0.00578	0.00493	0.00154	0.00908	0.00370	0.00311	0.00676
21	0.83938	0.01106	0.00841	0.00752	0.01106	0.01283	0.00619	0.01681	0.00973	0.02566	0.00796	0.00929	0.00619	0.00531	0.00354	0.00177	0.00442	0.00310	0.00354	0.00619
22	0.01147	0.02959	0.76934	0.01630	0.02476	0.01328	0.02113	0.01811	0.01208	0.01811	0.01026	0.01208	0.00725	0.00543	0.00543	0.00181	0.00845	0.00423	0.00242	0.00845
23	0.01310	0.06329	0.25196	0.06243	0.13925	0.01215	0.11816	0.01740	0.01350	0.08865	0.14583	0.01908	0.01678	0.00655	0.00583	0.00177	0.00681	0.00594	0.00369	0.00783
24	0.80783	0.01125	0.00874	0.00774	0.01132	0.01302	0.00638	0.04489	0.01040	0.02606	0.00819	0.00946	0.00633	0.00537	0.00362	0.00177	0.00450	0.00318	0.00362	0.00633
25	0.00703	0.00539	0.00645	0.00706	0.00811	0.00481	0.00496	0.00841	0.01238	0.01596	0.13239	0.42475	0.31001	0.01586	0.00703	0.00211	0.00308	0.01396	0.00543	0.00481
26	0.01115	0.01596	0.22986	0.14965	0.13428	0.01161	0.14310	0.01529	0.01209	0.01682	0.01540	0.13667	0.03401	0.00906	0.03776	0.00222	0.00760	0.00711	0.00314	0.00723
27	0.01353	0.01451	0.07047	0.02847	0.45749	0.01340	0.18520	0.01822	0.06145	0.01877	0.01281	0.03312	0.01080	0.00585	0.00602	0.00182	0.00729	0.02914	0.00315	0.00849
28	0.01147	0.02959	0.76934	0.01630	0.02476	0.01328	0.02113	0.01811	0.01208	0.01811	0.01026	0.01208	0.00725	0.00543	0.00543	0.00181	0.00845	0.00423	0.00242	0.00845
29	0.00769	0.00709	0.05752	0.01011	0.05382	0.00574	0.00707	0.00919	0.01115	0.01507	0.02891	0.69802	0.03414	0.01635	0.00708	0.00225	0.00386	0.01482	0.00497	0.00515
30	0.06980	0.01537	0.06272	0.02328	0.35219	0.08478	0.06489	0.05017	0.12476	0.07619	0.01331	0.01491	0.01025	0.00580	0.00557	0.00175	0.00676	0.00516	0.00375	0.00859
31	0.01563	0.01271	0.01888	0.29987	0.23010	0.03914	0.04425	0.11855	0.03343	0.11261	0.01270	0.01526	0.00940	0.00590	0.00573	0.00179	0.00697	0.00523	0.00373	0.00811
32	0.06694	0.11214	0.07267	0.05928	0.06700	0.15853	0.02807	0.16337	0.06000	0.02107	0.01109	0.01248	0.00868	0.00567	0.00502	0.00152	0.00685	0.00427	0.00364	0.13170
33	0.01152	0.00855	0.01069	0.01054	0.07889	0.00797	0.00731	0.05344	0.07510	0.07856	0.28060	0.03290	0.17762	0.00960	0.00607	0.00168	0.00385	0.00822	0.00534	0.13156
34	0.08923	0.04164	0.16161	0.01162	0.01623	0.01208	0.03118	0.16511	0.07186	0.09845	0.01715	0.11234	0.03761	0.00773	0.00550	0.00173	0.00564	0.00632	0.00450	0.10246
35	0.01425	0.11673	0.21963	0.03795	0.03206	0.04574	0.05509	0.05183	0.04904	0.09256	0.01291	0.01617	0.01045	0.09832	0.00796	0.00203	0.00668	0.00491	0.00353	0.12215
36	0.03114	0.09719	0.21638	0.02838	0.01857	0.03831	0.07336	0.08151	0.01431	0.14305	0.03871	0.03438	0.01153	0.00617	0.00529	0.00161	0.00642	0.00508	0.03792	0.11068
37	0.01560	0.05480	0.07141	0.01329	0.03278	0.06199	0.11453	0.09434	0.11325	0.11346	0.01641	0.04287	0.04037	0.00652	0.00550	0.00159	0.00611	0.00563	0.00432	0.18524
38	0.03284	0.02996	0.08207	0.01561	0.13007	0.01234	0.06919	0.15772	0.08095	0.07138	0.08750	0.01716	0.01432	0.00629	0.00550	0.00159	0.00577	0.00543	0.00435	0.16995
39	0.07069	0.03977	0.01589	0.01429	0.10575	0.05212	0.04565	0.15519	0.15428	0.11958	0.04922	0.01789	0.03852	0.00673	0.00548	0.00167	0.00560	0.00555	0.00481	0.09131
40	0.01760	0.01444	0.08048	0.01268	0.01717	0.05705	0.07600	0.17291	0.12750	0.18264	0.04399	0.04214	0.01378	0.00689	0.00568	0.00169	0.00597	0.00579	0.00504	0.11057

[dist]
# distance from previous block
# <min> <max>
2	19

[block]
# block no. 1 follows, 41 sequences, length 49
# corresponding to MSA columns:
# 160-208
name=unknown_B
#
# <colnr> <probs for GDERKNQSTAVLIFYWHMCP>
#	G	D	E	R	K	N	Q	S	T	A	V	L	I	F	Y	W	H	M	C	P
0	0.01610	0.07316	0.08808	0.04224	0.09094	0.10886	0.07188	0.17914	0.09939	0.03882	0.03442	0.01566	0.02879	0.00627	0.00549	0.00164	0.00675	0.00517	0.00405	0.08316
1	0.10999	0.07961	0.13997	0.02609	0.04581	0.05937	0.01146	0.23577	0.05106	0.03919	0.03616	0.01361	0.01026	0.00602	0.00508	0.00159	0.00621	0.00452	0.00409	0.11416
2	0.14246	0.11012	0.16132	0.01304	0.04441	0.07862	0.02894	0.18824	0.01579	0.06812	0.01112	0.01213	0.00833	0.00568	0.00492	0.00159	0.00655	0.00419	0.00382	0.09061
3	0.06891	0.04567	0.05806	0.01195	0.03052	0.11931	0.00975	0.16808	0.20641	0.05384	0.05606	0.04216	0.03056	0.00731	0.00545	0.00171	0.00580	0.00574	0.02488	0.04782
4	0.06659	0.11292	0.07436	0.01336	0.01802	0.07767	0.12603	0.14842	0.06955	0.10540	0.03261	0.03018	0.01132	0.00621	0.00536	0.00164	0.00655	0.00519	0.00421	0.08442
5	0.08287	0.13497	0.14803	0.01170	0.01643	0.01325	0.04306	0.07185	0.12644	0.15387	0.03914	0.05984	0.01349	0.00690	0.00528	0.00170	0.00572	0.00558	0.00446	0.05543
6	0.01584	0.04921	0.14480	0.01587	0.11062	0.11030	0.04819	0.14563	0.09269	0.06609	0.01629	0.04261	0.04919	0.00699	0.00565	0.00172	0.00673	0.01895	0.00411	0.04850
7	0.01622	0.01440	0.06040	0.01410	0.08702	0.10303	0.02772	0.16420	0.08578	0.10521	0.05647	0.07974	0.03501	0.00793	0.00620	0.00175	0.03075	0.02063	0.00469	0.07875
8	0.03233	0.04727	0.16211	0.05885	0.03519	0.01193	0.01144	0.16968	0.04948	0.13171	0.01751	0.13378	0.03027	0.00806	0.00568	0.00177	0.00578	0.00667	0.00457	0.07592
9	0.01559	0.05973	0.04754	0.01024	0.01420	0.02713	0.00860	0.15318	0.12957	0.13167	0.05516	0.03631	0.08315	0.03618	0.00633	0.00173	0.00502	0.00612	0.00498	0.16754
10	0.12918	0.05196	0.12662	0.03834	0.03053	0.03591	0.05397	0.06363	0.01257	0.05848	0.01418	0.09272	0.01314	0.10504	0.00818	0.00215	0.00594	0.02074	0.00372	0.13301
11	0.14062	0.01494	0.14034	0.01325	0.08430	0.04728	0.01100	0.13920	0.05355	0.10383	0.07986	0.01914	0.06438	0.00812	0.02729	0.00195	0.00601	0.00563	0.00446	0.03486
12	0.05393	0.02904	0.07240	0.00813	0.01048	0.00725	0.00686	0.01296	0.03328	0.07742	0.34921	0.07338	0.14599	0.08481	0.00841	0.00218	0.00391	0.00916	0.00531	0.00587
13	0.13745	0.14237	0.01561	0.03172	0.03819	0.01160	0.04059	0.03100	0.01210	0.08198	0.01210	0.05440	0.01043	0.02522	0.02144	0.00161	0.00530	0.00463	0.00365	0.31861
14	0.01145	0.11088	0.48237	0.01348	0.02005	0.01259	0.01593	0.01631	0.01174	0.01713	0.01176	0.06637	0.00996	0.00833	0.05178	0.00209	0.00767	0.00492	0.00279	0.12240
15	0.14317	0.51505	0.07448	0.01025	0.01485	0.08420	0.00993	0.01760	0.01185	0.03451	0.00932	0.03545	0.00833	0.00556	0.00407	0.00142	0.00625	0.00370	0.00287	0.00715
16	0.33326	0.01076	0.01165	0.00943	0.01347	0.01096	0.00775	0.06756	0.05356	0.40209	0.01653	0.01536	0.01104	0.00643	0.00492	0.00178	0.00477	0.00475	0.00559	0.00836
17	0.00832	0.00555	0.00624	0.00624	0.00624	0.00555	0.00347	0.00832	0.00832	0.01109	0.01802	0.03743	0.02080	0.79898	0.02911	0.00555	0.00555	0.00832	0.00347	0.00347
18	0.07948	0.20612	0.49776	0.01401	0.02096	0.05585	0.01678	0.01803	0.01200	0.01743	0.00947	0.01109	0.00719	0.00532	0.00486	0.00165	0.00769	0.00384	0.00254	0.00792
19	0.01416	0.01359	0.02322	0.03511	0.76330	0.01359	0.01755	0.01755	0.01302	0.01869	0.01076	0.01416	0.00906	0.00510	0.00566	0.00170	0.00680	0.00510	0.00283	0.00906
20	0.01147	0.02959	0.76934	0.01630	0.02476	0.01328	0.02113	0.01811	0.01208	0.01811	0.01026	0.01208	0.00725	0.00543	0.00543	0.00181	0.00845	0.00423	0.00242	0.00845
21	0.00787	0.00562	0.00767	0.00899	0.00972	0.00542	0.00687	0.00952	0.01184	0.01561	0.03103	0.50310	0.03587	0.01707	0.00754	0.00245	0.00410	0.29954	0.00529	0.00489
22	0.05458	0.00761	0.00963	0.01013	0.01181	0.00778	0.00843	0.09122	0.01411	0.03883	0.02735	0.20149	0.02948	0.01447	0.00726	0.00240	0.00493	0.44741	0.00528	0.00579
23	0.83938	0.01106	0.00841	0.00752	0.01106	0.01283	0.00619	0.01681	0.00973	0.02566	0.00796	0.00929	0.00619	0.00531	0.00354	0.00177	0.00442	0.00310	0.00354	0.00619
24	0.00737	0.00512	0.00680	0.00795	0.00830	0.00485	0.00538	0.00820	0.01069	0.01423	0.02923	0.64925	0.03469	0.08035	0.00988	0.04668	0.00370	0.05784	0.00501	0.00447
25	0.01349	0.01152	0.01230	0.01111	0.01412	0.01317	0.00862	0.02805	0.66489	0.02381	0.11138	0.02390	0.02182	0.00823	0.00593	0.00192	0.00431	0.00693	0.00588	0.00862
26	0.83938	0.01106	0.00841	0.00752	0.01106	0.01283	0.00619	0.01681	0.00973	0.02566	0.00796	0.00929	0.00619	0.00531	0.00354	0.00177	0.00442	0.00310	0.00354	0.00619
27	0.83938	0.01106	0.00841	0.00752	0.01106	0.01283	0.00619	0.01681	0.00973	0.02566	0.00796	0.00929	0.00619	0.00531	0.00354	0.00177	0.00442	0.00310	0.00354	0.00619
28	0.00832	0.00555	0.00624	0.00624	0.00624	0.00555	0.00347	0.00832	0.00832	0.01109	0.01802	0.03743	0.02080	0.79898	0.02911	0.00555	0.00555	0.00832	0.00347	0.00347
29	0.01186	0.01017	0.01186	0.00847	0.01356	0.00762	0.00678	0.01440	0.01186	0.01864	0.01017	0.01186	0.00847	0.00424	0.00424	0.00085	0.00424	0.00339	0.00339	0.83395
30	0.83938	0.01106	0.00841	0.00752	0.01106	0.01283	0.00619	0.01681	0.00973	0.02566	0.00796	0.00929	0.00619	0.00531	0.00354	0.00177	0.00442	0.00310	0.00354	0.00619
31	0.83938	0.01106	0.00841	0.00752	0.01106	0.01283	0.00619	0.01681	0.00973	0.02566	0.00796	0.00929	0.00619	0.00531	0.00354	0.00177	0.00442	0.00310	0.00354	0.00619
32	0.01147	0.02959	0.76934	0.01630	0.02476	0.01328	0.02113	0.01811	0.01208	0.01811	0.01026	0.01208	0.00725	0.00543	0.00543	0.00181	0.00845	0.00423	0.00242	0.00845
33	0.01337	0.01251	0.02066	0.03028	0.62711	0.01255	0.01554	0.01731	0.05029	0.01950	0.10962	0.01826	0.01536	0.00609	0.00581	0.00172	0.00615	0.00585	0.00343	0.00858
34	0.83938	0.01106	0.00841	0.00752	0.01106	0.01283	0.00619	0.01681	0.00973	0.02566	0.00796	0.00929	0.00619	0.00531	0.00354	0.00177	0.00442	0.00310	0.00354	0.00619
35	0.00697	0.00498	0.00664	0.00796	0.00830	0.00465	0.00531	0.00796	0.01095	0.01460	0.03153	0.79525	0.03783	0.01792	0.00730	0.00232	0.00332	0.01626	0.00531	0.00465
36	0.01264	0.01249	0.02270	0.21153	0.35247	0.01284	0.17996	0.01636	0.01284	0.01760	0.03403	0.01853	0.03020	0.00603	0.00607	0.00185	0.00736	0.03372	0.00303	0.00774
37	0.01458	0.15384	0.02341	0.04187	0.34357	0.03693	0.10991	0.05719	0.10081	0.01888	0.01259	0.03890	0.01056	0.00588	0.00551	0.00169	0.00677	0.00543	0.00335	0.00834
38	0.00832	0.00555	0.00624	0.00624	0.00624	0.00555	0.00347	0.00832	0.00832	0.01109	0.01802	0.03743	0.02080	0.79898	0.02911	0.00555	0.00555	0.00832	0.00347	0.00347
39	0.00703	0.00571	0.00624	0.00631	0.00795	0.00491	0.00465	0.00866	0.01337	0.01673	0.18408	0.14137	0.54427	0.01438	0.00682	0.00195	0.00291	0.01226	0.00549	0.00491
40	0.01402	0.02375	0.50632	0.01762	0.06774	0.01293	0.11882	0.03670	0.01325	0.11679	0.01217	0.01367	0.00852	0.00558	0.00568	0.00181	0.00800	0.00485	0.00320	0.00859
41	0.01419	0.01769	0.22353	0.08906	0.34590	0.01343	0.09002	0.05669	0.01362	0.06431	0.01153	0.01411	0.00876	0.00543	0.00572	0.00177	0.00745	0.00507	0.00311	0.00861
42	0.02057	0.02598	0.01579	0.01440	0.01723	0.72956	0.01082	0.02208	0.01579	0.01396	0.00923	0.01105	0.00779	0.00813	0.05175	0.00194	0.01062	0.00383	0.00295	0.00654
43	0.01186	0.01017	0.01186	0.00847	0.01356	0.00762	0.00678	0.01440	0.01186	0.01864	0.01017	0.01186	0.00847	0.00424	0.00424	0.00085	0.00424	0.00339	0.00339	0.83395
44	0.01168	0.00998	0.01167	0.00845	0.01336	0.00752	0.00672	0.01417	0.01183	0.01849	0.01094	0.04026	0.00954	0.00473	0.00435	0.00090	0.00420	0.00386	0.00346	0.80388
45	0.01172	0.01014	0.01218	0.00876	0.01375	0.00769	0.02460	0.01428	0.01194	0.01852	0.01186	0.01345	0.03461	0.00461	0.00438	0.00091	0.00432	0.00377	0.00344	0.78504
46	0.01391	0.01147	0.01661	0.05651	0.31194	0.01061	0.01169	0.01761	0.05751	0.08437	0.01384	0.01559	0.03431	0.00545	0.00518	0.00142	0.00544	0.00482	0.00366	0.31805
47	0.04191	0.01227	0.01920	0.04595	0.50977	0.01177	0.01406	0.01634	0.01251	0.01866	0.01126	0.04178	0.00982	0.00538	0.00530	0.00152	0.00599	0.00502	0.00307	0.20839
48	0.06498	0.03091	0.01608	0.03194	0.13518	0.03845	0.05894	0.03985	0.19980	0.10549	0.03361	0.01633	0.01243	0.00605	0.00531	0.00159	0.00551	0.00517	0.00438	0.18799

[dist]
# distance from previous block
# <min> <max>
4	13

[block]
# block no. 2 follows, 41 sequences, length 86
# corresponding to MSA columns:
# 223-308
name=unknown_C
#
# <colnr> <probs for GDERKNQSTAVLIFYWHMCP>
#	G	D	E	R	K	N	Q	S	T	A	V	L	I	F	Y	W	H	M	C	P
0	0.03639	0.08351	0.04667	0.01277	0.04023	0.12198	0.07328	0.08090	0.04274	0.19082	0.03377	0.05846	0.06246	0.00766	0.00566	0.00171	0.00621	0.03494	0.00464	0.05519
1	0.09575	0.00831	0.01033	0.00935	0.01147	0.03048	0.05935	0.04039	0.03170	0.07050	0.23114	0.22657	0.10798	0.01178	0.00642	0.00197	0.00418	0.03107	0.00530	0.00597
2	0.10574	0.01083	0.01193	0.01013	0.01321	0.01150	0.00795	0.23778	0.12009	0.12065	0.09771	0.13263	0.02029	0.04824	0.00697	0.00203	0.00477	0.00747	0.00551	0.02456
3	0.03915	0.01100	0.01384	0.06269	0.03110	0.02506	0.05807	0.16717	0.10374	0.09219	0.01989	0.20633	0.03358	0.00924	0.00597	0.00183	0.00526	0.00804	0.00491	0.10096
4	0.13299	0.11671	0.02808	0.00986	0.01352	0.01292	0.00831	0.19773	0.06590	0.08256	0.18293	0.03581	0.02025	0.00758	0.00531	0.00165	0.00480	0.00599	0.00499	0.06210
5	0.03353	0.01397	0.10511	0.05302	0.30151	0.01225	0.01352	0.12150	0.04230	0.07129	0.01500	0.11685	0.01322	0.00729	0.00574	0.00177	0.00608	0.00642	0.00396	0.05568
6	0.01366	0.01371	0.04989	0.08660	0.63299	0.01311	0.01684	0.01715	0.01280	0.01837	0.01066	0.01400	0.00885	0.00510	0.00556	0.00166	0.00674	0.00495	0.00283	0.06452
7	0.01303	0.01029	0.01209	0.00871	0.01373	0.00794	0.00699	0.03463	0.01255	0.06805	0.01107	0.01241	0.00888	0.00449	0.00437	0.00093	0.00433	0.00359	0.00369	0.75821
8	0.01360	0.01393	0.03825	0.26392	0.46767	0.07025	0.01664	0.01706	0.01275	0.01707	0.01042	0.01416	0.00845	0.00536	0.00564	0.00175	0.00735	0.00497	0.00274	0.00803
9	0.01718	0.01043	0.01277	0.02864	0.01483	0.00899	0.00792	0.04776	0.08023	0.27805	0.01575	0.01549	0.01126	0.00567	0.00499	0.00132	0.00464	0.00459	0.00495	0.42454
10	0.01161	0.00988	0.01159	0.00839	0.01323	0.00748	0.00669	0.01417	0.01214	0.01892	0.05921	0.01388	0.01145	0.00472	0.00440	0.00091	0.00414	0.00384	0.00358	0.77977
11	0.01336	0.03986	0.58771	0.01584	0.05028	0.01307	0.01848	0.06648	0.01359	0.08091	0.03947	0.01396	0.00979	0.00587	0.00550	0.00179	0.00770	0.00465	0.00318	0.00853
12	0.00787	0.00585	0.00754	0.00804	0.00916	0.00516	0.00555	0.00904	0.01102	0.01517	0.02739	0.64387	0.03219	0.01566	0.00716	0.02263	0.00351	0.01381	0.00492	0.14448
13	0.01186	0.01017	0.01186	0.00847	0.01356	0.00762	0.00678	0.01440	0.01186	0.01864	0.01017	0.01186	0.00847	0.00424	0.00424	0.00085	0.00424	0.00339	0.00339	0.83395
14	0.00807	0.00584	0.00744	0.00830	0.00905	0.00563	0.00580	0.05779	0.01235	0.01642	0.05311	0.66233	0.06570	0.01677	0.00718	0.00226	0.00356	0.04198	0.00537	0.00504
15	0.00723	0.00509	0.00656	0.00762	0.00789	0.00482	0.00495	0.00803	0.01043	0.01391	0.02887	0.64609	0.03448	0.17165	0.01159	0.00296	0.00376	0.01470	0.00495	0.00441
16	0.00810	0.00578	0.00793	0.00926	0.01008	0.00562	0.00727	0.00992	0.01207	0.01587	0.03090	0.42799	0.03536	0.01685	0.00760	0.00248	0.00430	0.37237	0.00529	0.00496
17	0.01186	0.01017	0.01186	0.00847	0.01356	0.00762	0.00678	0.01440	0.01186	0.01864	0.01017	0.01186	0.00847	0.00424	0.00424	0.00085	0.00424	0.00339	0.00339	0.83395
18	0.83938	0.01106	0.00841	0.00752	0.01106	0.01283	0.00619	0.01681	0.00973	0.02566	0.00796	0.00929	0.00619	0.00531	0.00354	0.00177	0.00442	0.00310	0.00354	0.00619
19	0.00922	0.00658	0.00922	0.01053	0.01185	0.00658	0.00922	0.01185	0.01317	0.01712	0.03029	0.06452	0.03292	0.01580	0.00790	0.00263	0.00527	0.72480	0.00527	0.00527
20	0.00793	0.00665	0.00696	0.00673	0.00872	0.00615	0.00506	0.01142	0.11045	0.01732	0.13307	0.04877	0.56384	0.03268	0.00719	0.00201	0.00315	0.01104	0.00545	0.00542
21	0.01771	0.00797	0.01073	0.00883	0.01186	0.00704	0.00704	0.02014	0.01629	0.43034	0.35650	0.03000	0.03218	0.00917	0.00620	0.00178	0.00389	0.00783	0.00673	0.00777
22	0.00838	0.00763	0.00794	0.00880	0.05838	0.05736	0.00591	0.00999	0.01319	0.01607	0.10713	0.16663	0.48481	0.01360	0.00667	0.00194	0.00370	0.01157	0.00507	0.00525
23	0.00810	0.00585	0.00765	0.00720	0.00855	0.00540	0.00540	0.01079	0.01619	0.02294	0.76028	0.04273	0.05397	0.01169	0.00675	0.00180	0.00270	0.01034	0.00630	0.00540
24	0.01446	0.01382	0.02138	0.03091	0.63413	0.04617	0.01598	0.06315	0.01404	0.01937	0.01398	0.01666	0.05861	0.00586	0.00572	0.00171	0.00666	0.00550	0.00318	0.00872
25	0.02088	0.02575	0.01742	0.01524	0.01848	0.67623	0.05887	0.07011	0.01674	0.01574	0.00934	0.01087	0.00761	0.00589	0.00530	0.00152	0.01001	0.00398	0.00313	0.00691
26	0.01371	0.01302	0.07560	0.02707	0.01676	0.01033	0.05738	0.12760	0.02793	0.03385	0.01126	0.01277	0.00882	0.00492	0.00481	0.00119	0.00534	0.00408	0.00372	0.53985
27	0.01881	0.05245	0.06834	0.08598	0.09730	0.48302	0.01278	0.08356	0.01593	0.01671	0.00965	0.01153	0.00776	0.00581	0.00527	0.00157	0.00908	0.00410	0.00308	0.00728
28	0.02145	0.02492	0.01641	0.01441	0.01769	0.61805	0.01101	0.17313	0.01844	0.01859	0.00986	0.01103	0.00786	0.00610	0.00528	0.00152	0.00948	0.00399	0.00353	0.00728
29	0.01379	0.01011	0.01206	0.00871	0.01370	0.00773	0.00700	0.01628	0.01249	0.12305	0.01190	0.01292	0.00927	0.00463	0.00445	0.00098	0.00432	0.00372	0.00390	0.71899
30	0.00820	0.00600	0.00852	0.00852	0.00931	0.00678	0.00631	0.00978	0.00899	0.01278	0.01594	0.02589	0.01578	0.21560	0.60564	0.00836	0.01309	0.00663	0.00316	0.00473
31	0.00938	0.00783	0.01124	0.01055	0.01120	0.00987	0.00832	0.01103	0.00900	0.01323	0.01340	0.02097	0.01297	0.09647	0.50634	0.00705	0.22692	0.00600	0.00294	0.00529
32	0.00943	0.00830	0.05978	0.01183	0.04590	0.00721	0.01011	0.01226	0.01294	0.01708	0.02818	0.10803	0.03049	0.01478	0.00760	0.00252	0.00541	0.59754	0.00497	0.00560
33	0.00818	0.00609	0.00900	0.00900	0.00995	0.00704	0.00691	0.01009	0.00913	0.01313	0.01550	0.02346	0.01473	0.09275	0.72705	0.00895	0.01468	0.00627	0.00309	0.00500
34	0.01213	0.00725	0.00745	0.00683	0.00876	0.00755	0.00528	0.11242	0.06252	0.02309	0.02089	0.02253	0.06339	0.00728	0.00453	0.00146	0.00329	0.00583	0.61140	0.00613
35	0.83938	0.01106	0.00841	0.00752	0.01106	0.01283	0.00619	0.01681	0.00973	0.02566	0.00796	0.00929	0.00619	0.00531	0.00354	0.00177	0.00442	0.00310	0.00354	0.00619
36	0.00681	0.00580	0.00586	0.00585	0.00776	0.00485	0.00439	0.00831	0.01316	0.01573	0.08415	0.05459	0.73460	0.01438	0.00676	0.00193	0.00289	0.01201	0.00535	0.00485
37	0.00802	0.00584	0.00754	0.00712	0.00850	0.00536	0.00534	0.01065	0.01601	0.02252	0.72070	0.04342	0.09382	0.01185	0.00675	0.00181	0.00271	0.01044	0.00624	0.00536
38	0.01350	0.01543	0.03375	0.02411	0.02989	0.01446	0.74253	0.01832	0.01350	0.01832	0.01157	0.01543	0.00868	0.00482	0.00675	0.00193	0.00964	0.00675	0.00289	0.00771
39	0.01080	0.01017	0.01716	0.78523	0.03940	0.01271	0.01589	0.01461	0.01144	0.01461	0.01017	0.01525	0.00762	0.00572	0.00572	0.00191	0.00762	0.00508	0.00254	0.00635
40	0.00736	0.00582	0.00663	0.00643	0.00810	0.00509	0.00482	0.00938	0.01446	0.01884	0.37586	0.04947	0.44095	0.01322	0.00675	0.00187	0.00281	0.01129	0.00576	0.00509
41	0.01423	0.01229	0.01293	0.01164	0.01487	0.01423	0.00905	0.03039	0.75297	0.02393	0.02328	0.02134	0.01746	0.00776	0.00582	0.00194	0.00453	0.00647	0.00582	0.00905
42	0.01529	0.80242	0.02997	0.00979	0.01468	0.02263	0.00979	0.01713	0.01162	0.01346	0.00795	0.00918	0.00734	0.00489	0.00367	0.00122	0.00612	0.00306	0.00245	0.00734
43	0.83938	0.01106	0.00841	0.00752	0.01106	0.01283	0.00619	0.01681	0.00973	0.02566	0.00796	0.00929	0.00619	0.00531	0.00354	0.00177	0.00442	0.00310	0.00354	0.00619
44	0.01424	0.01403	0.02183	0.08186	0.63767	0.06462	0.01670	0.01750	0.01314	0.01805	0.01132	0.01585	0.00974	0.00559	0.00572	0.00173	0.00703	0.03189	0.00291	0.00858
45	0.02070	0.00864	0.01168	0.00933	0.01289	0.00756	0.00756	0.02305	0.01632	0.55691	0.23105	0.02604	0.02541	0.00838	0.00603	0.00178	0.00425	0.00705	0.00686	0.00851
46	0.64604	0.01075	0.00956	0.00815	0.01190	0.01178	0.00672	0.01944	0.01131	0.20187	0.01143	0.01171	0.00809	0.00573	0.00407	0.00177	0.00453	0.00373	0.00438	0.00704
47	0.00810	0.00585	0.00765	0.00720	0.00855	0.00540	0.00540	0.01079	0.01619	0.02294	0.76028	0.04273	0.05397	0.01169	0.00675	0.00180	0.00270	0.01034	0.00630	0.00540
48	0.00694	0.00509	0.00653	0.00768	0.00822	0.00467	0.00518	0.00800	0.01123	0.01471	0.03500	0.69805	0.13279	0.01747	0.00723	0.00227	0.00326	0.01571	0.00531	0.00467
49	0.00832	0.00555	0.00624	0.00624	0.00624	0.00555	0.00347	0.00832	0.00832	0.01109	0.01802	0.03743	0.02080	0.79898	0.02911	0.00555	0.00555	0.00832	0.00347	0.00347
50	0.01147	0.02959	0.76934	0.01630	0.02476	0.01328	0.02113	0.01811	0.01208	0.01811	0.01026	0.01208	0.00725	0.00543	0.00543	0.00181	0.00845	0.00423	0.00242	0.00845
51	0.83938	0.01106	0.00841	0.00752	0.01106	0.01283	0.00619	0.01681	0.00973	0.02566	0.00796	0.00929	0.00619	0.00531	0.00354	0.00177	0.00442	0.00310	0.00354	0.00619
52	0.78388	0.06436	0.00986	0.00767	0.01131	0.01349	0.00644	0.01683	0.00986	0.02484	0.00796	0.00928	0.00627	0.00528	0.00355	0.00173	0.00454	0.00309	0.00347	0.00627
53	0.02025	0.07843	0.01663	0.01397	0.01700	0.68801	0.01064	0.02175	0.01575	0.01403	0.01115	0.01240	0.04378	0.00624	0.00513	0.00148	0.00967	0.00405	0.00303	0.00659
54	0.00994	0.00497	0.00745	0.00745	0.00745	0.00497	0.00497	0.00745	0.00745	0.00994	0.00994	0.01739	0.00994	0.01987	0.02235	0.83358	0.00497	0.00497	0.00248	0.00248
55	0.01504	0.75037	0.07977	0.01023	0.01536	0.02200	0.01055	0.01719	0.01165	0.01377	0.00811	0.00937	0.00733	0.00493	0.00379	0.00126	0.00627	0.00314	0.00244	0.00742
56	0.01208	0.01148	0.01947	0.49855	0.31605	0.01305	0.01652	0.01574	0.01204	0.01617	0.01039	0.01483	0.00817	0.00548	0.00570	0.00183	0.00731	0.00509	0.00265	0.00739
57	0.00697	0.00498	0.00664	0.00796	0.00830	0.00465	0.00531	0.00796	0.01095	0.01460	0.03153	0.79525	0.03783	0.01792	0.00730	0.00232	0.00332	0.01626	0.00531	0.00465
58	0.00696	0.00569	0.00615	0.00627	0.00791	0.00488	0.00461	0.00852	0.01317	0.01632	0.14662	0.15300	0.57086	0.01458	0.00683	0.00197	0.00293	0.01241	0.00544	0.00488
59	0.01568	0.01301	0.01375	0.01193	0.01543	0.01491	0.00940	0.16824	0.61276	0.02627	0.02144	0.01987	0.01597	0.00759	0.00580	0.00190	0.00487	0.00621	0.00580	0.00918
60	0.00832	0.00555	0.00624	0.00624	0.00624	0.00555	0.00347	0.00832	0.00832	0.01109	0.01802	0.03743	0.02080	0.79898	0.02911	0.00555	0.00555	0.00832	0.00347	0.00347
61	0.05276	0.06218	0.01812	0.44606	0.13999	0.13181	0.01427	0.01658	0.01236	0.01570	0.00981	0.01356	0.00774	0.00554	0.00535	0.00173	0.00757	0.00460	0.00271	0.03156
62	0.00709	0.00513	0.00673	0.00788	0.00840	0.00477	0.00540	0.00826	0.01142	0.01515	0.06796	0.68367	0.08570	0.01732	0.00726	0.00228	0.00333	0.04218	0.00536	0.00472
63	0.03270	0.24820	0.31134	0.01408	0.01984	0.04520	0.06265	0.06727	0.06135	0.01809	0.01048	0.01208	0.00820	0.00581	0.00590	0.00168	0.05997	0.00427	0.00295	0.00794
64	0.01223	0.18302	0.62256	0.01501	0.02276	0.01514	0.01888	0.01792	0.01199	0.01719	0.00981	0.01150	0.00726	0.00533	0.00508	0.00169	0.00799	0.00399	0.00242	0.00823
65	0.00697	0.00498	0.00664	0.00796	0.00830	0.00465	0.00531	0.00796	0.01095	0.01460	0.03153	0.79525	0.03783	0.01792	0.00730	0.00232	0.00332	0.01626	0.00531	0.00465
66	0.01156	0.02778	0.69002	0.01652	0.02451	0.01318	0.06635	0.01815	0.02722	0.01817	0.01109	0.03015	0.00823	0.00572	0.00557	0.00183	0.00833	0.00470	0.00258	0.00833
67	0.12647	0.01049	0.01655	0.64836	0.03509	0.01279	0.04165	0.01506	0.01128	0.01629	0.00991	0.01443	0.00746	0.00563	0.00545	0.00189	0.00725	0.00487	0.00269	0.00638
68	0.01125	0.01044	0.01660	0.68365	0.03618	0.01291	0.01499	0.01669	0.10881	0.01584	0.01189	0.01605	0.00892	0.00599	0.00573	0.00191	0.00722	0.00526	0.00297	0.00671
69	0.01342	0.09611	0.60457	0.01512	0.02273	0.01409	0.01862	0.06654	0.01329	0.06786	0.01109	0.01241	0.00787	0.00559	0.00532	0.00175	0.00787	0.00428	0.00294	0.00852
70	0.01428	0.01392	0.02307	0.03236	0.64820	0.03040	0.06464	0.01859	0.06296	0.01891	0.01161	0.01464	0.00956	0.00528	0.00573	0.00173	0.00691	0.00527	0.00304	0.00892
71	0.83938	0.01106	0.00841	0.00752	0.01106	0.01283	0.00619	0.01681	0.00973	0.02566	0.00796	0.00929	0.00619	0.00531	0.00354	0.00177	0.00442	0.00310	0.00354	0.00619
72	0.01186	0.01017	0.01186	0.00847	0.01356	0.00762	0.00678	0.01440	0.01186	0.01864	0.01017	0.01186	0.00847	0.00424	0.00424	0.00085	0.00424	0.00339	0.00339	0.83395
73	0.01190	0.01032	0.01224	0.00891	0.01365	0.00829	0.00716	0.01436	0.01165	0.01831	0.00999	0.01190	0.00841	0.00462	0.00521	0.00096	0.05706	0.00350	0.00333	0.77820
74	0.17089	0.00742	0.00901	0.00989	0.01162	0.00776	0.00855	0.01274	0.01245	0.01873	0.02596	0.06880	0.02781	0.01380	0.00704	0.00246	0.00506	0.56963	0.00493	0.00543
75	0.01112	0.00917	0.01291	0.03432	0.20346	0.00924	0.00942	0.06263	0.08021	0.02242	0.42010	0.03125	0.05174	0.00926	0.00630	0.00179	0.00427	0.00823	0.00522	0.00695
76	0.02099	0.07852	0.01722	0.01427	0.01749	0.66125	0.01095	0.08337	0.01680	0.01582	0.00919	0.01053	0.00757	0.00591	0.00510	0.00148	0.00969	0.00377	0.00315	0.00694
77	0.01199	0.00998	0.01171	0.00849	0.01339	0.00754	0.00676	0.01447	0.01193	0.03490	0.01118	0.03941	0.00962	0.00478	0.00438	0.00092	0.00422	0.00389	0.00354	0.78690
78	0.01345	0.01277	0.02123	0.19322	0.55878	0.01345	0.01663	0.01779	0.06252	0.01817	0.01148	0.01487	0.00932	0.00541	0.00569	0.00176	0.00682	0.00519	0.00297	0.00848
79	0.02174	0.01602	0.01717	0.01316	0.01774	0.01774	0.01087	0.74423	0.02689	0.03605	0.01373	0.01373	0.00973	0.00687	0.00572	0.00172	0.00629	0.00515	0.00572	0.00973
80	0.01801	0.00811	0.01063	0.00876	0.01180	0.00735	0.00701	0.03951	0.01587	0.41450	0.24290	0.02660	0.02604	0.00945	0.02832	0.00194	0.00430	0.00707	0.10403	0.00778
81	0.03182	0.00598	0.00695	0.00678	0.00840	0.00541	0.00513	0.00989	0.01448	0.01956	0.40864	0.06584	0.33804	0.01294	0.00671	0.00190	0.00294	0.03764	0.00575	0.00517
82	0.00758	0.02878	0.00802	0.00841	0.00891	0.00604	0.00589	0.00863	0.01091	0.01455	0.03028	0.69000	0.06382	0.01687	0.00795	0.00229	0.05627	0.01495	0.00504	0.00484
83	0.01159	0.07940	0.69875	0.01563	0.02362	0.01364	0.01993	0.01775	0.01201	0.01771	0.01073	0.03473	0.00814	0.00576	0.00537	0.00179	0.00815	0.00450	0.00250	0.00827
84	0.05718	0.08120	0.06798	0.06307	0.04371	0.04162	0.01054	0.22607	0.03991	0.10171	0.01258	0.01340	0.00934	0.00578	0.00505	0.00149	0.00590	0.00443	0.00429	0.20476
85	0.00910	0.00679	0.00940	0.00938	0.01070	0.00660	0.05321	0.01162	0.06008	0.03750	0.02971	0.31483	0.10333	0.13864	0.01065	0.00280	0.00459	0.17088	0.00494	0.00525

[dist]
# distance from previous block
# <min> <max>
0	33

# created by:
# /st0/software/busco_prod/Augustus/scripts/msa2prfl.pl ./align_prep/185097.fa
