[name]
unknown

[dist]
# distance from previous block
# <min> <max>
0	1018

[block]
# block no. 0 follows, 44 sequences, length 33
# corresponding to MSA columns:
# 1018-1050
name=unknown_A
#
# <colnr> <probs for GDERKNQSTAVLIFYWHMCP>
#	G	D	E	R	K	N	Q	S	T	A	V	L	I	F	Y	W	H	M	C	P
0	0.20117	0.00866	0.03324	0.00971	0.01199	0.00861	0.00855	0.06301	0.01278	0.05135	0.02206	0.04292	0.02259	0.01156	0.00629	0.00221	0.00498	0.46789	0.00466	0.00578
1	0.01893	0.06780	0.08652	0.01233	0.01688	0.01608	0.01091	0.59123	0.02251	0.04863	0.01334	0.04599	0.01013	0.00674	0.00536	0.00164	0.00602	0.00516	0.00498	0.00881
2	0.00942	0.00781	0.05945	0.00852	0.01003	0.02485	0.00685	0.01128	0.01020	0.06566	0.08714	0.07752	0.01927	0.17840	0.37448	0.00571	0.00942	0.00705	0.02183	0.00511
3	0.04236	0.00600	0.02628	0.00763	0.00864	0.00538	0.00558	0.00927	0.03247	0.01597	0.13857	0.53694	0.10075	0.01481	0.00661	0.00207	0.00328	0.02749	0.00507	0.00483
4	0.00681	0.00544	0.02805	0.00787	0.00843	0.00470	0.00557	0.00795	0.01052	0.01407	0.02945	0.76528	0.03513	0.01670	0.00692	0.00221	0.00334	0.03204	0.00498	0.00454
5	0.01293	0.01297	0.06952	0.15261	0.07864	0.06373	0.01065	0.04874	0.13831	0.03353	0.01213	0.01370	0.00941	0.00527	0.00488	0.00139	0.00564	0.00433	0.00350	0.31814
6	0.01446	0.01260	0.01280	0.03116	0.01504	0.05925	0.00897	0.06049	0.65002	0.04092	0.02064	0.01921	0.01543	0.00719	0.00550	0.00181	0.00480	0.00590	0.00533	0.00847
7	0.00690	0.00491	0.00655	0.00777	0.00817	0.00464	0.00536	0.00796	0.01055	0.01403	0.02947	0.70508	0.03502	0.04519	0.00776	0.00235	0.00342	0.08542	0.00499	0.00445
8	0.01423	0.01209	0.01478	0.16279	0.09301	0.01383	0.01097	0.15652	0.41429	0.02272	0.01700	0.01726	0.01275	0.00663	0.00550	0.00178	0.00539	0.00556	0.00466	0.00826
9	0.01232	0.01305	0.07655	0.17725	0.36877	0.01274	0.05760	0.01739	0.11125	0.01730	0.01233	0.04349	0.01022	0.00596	0.00605	0.00176	0.03971	0.00544	0.00307	0.00774
10	0.01349	0.01295	0.02213	0.03346	0.77440	0.01295	0.01673	0.01673	0.01241	0.01781	0.01025	0.01349	0.00864	0.00486	0.00540	0.00162	0.00648	0.00486	0.00270	0.00864
11	0.03607	0.01376	0.16528	0.32613	0.09133	0.01163	0.07733	0.04698	0.02284	0.01718	0.06294	0.01789	0.06124	0.00624	0.00552	0.00175	0.00667	0.00553	0.00308	0.02060
12	0.01180	0.11268	0.65713	0.01510	0.03970	0.01350	0.01851	0.01743	0.01161	0.04007	0.00991	0.01147	0.00716	0.00516	0.00501	0.00166	0.00767	0.00397	0.00245	0.00799
13	0.00751	0.00556	0.00700	0.00664	0.00802	0.00506	0.00498	0.00989	0.01495	0.02071	0.65609	0.04262	0.16759	0.01157	0.00643	0.00174	0.00260	0.01012	0.00585	0.00506
14	0.01458	0.81168	0.02857	0.00933	0.01399	0.02157	0.00933	0.01632	0.01108	0.01283	0.00758	0.00875	0.00700	0.00466	0.00350	0.00117	0.00583	0.00292	0.00233	0.00700
15	0.03915	0.01290	0.01418	0.09734	0.01756	0.04801	0.00980	0.29567	0.22616	0.13853	0.01625	0.01598	0.01165	0.00661	0.00537	0.00171	0.00551	0.00523	0.02396	0.00843
16	0.00938	0.00597	0.00699	0.00684	0.00854	0.00526	0.00511	0.01078	0.01225	0.12275	0.06609	0.16200	0.40108	0.09053	0.00853	0.00225	0.00349	0.06182	0.00516	0.00516
17	0.00646	0.00545	0.00560	0.00572	0.00742	0.00459	0.00423	0.00780	0.01223	0.01465	0.05278	0.12559	0.70064	0.01413	0.00649	0.00188	0.00280	0.01189	0.00506	0.00459
18	0.01037	0.00971	0.01526	0.64377	0.04837	0.03528	0.01396	0.01369	0.01121	0.01422	0.01243	0.05413	0.01091	0.00690	0.00570	0.00188	0.00693	0.07651	0.00281	0.00594
19	0.01578	0.64983	0.02590	0.01025	0.01458	0.15360	0.00957	0.04150	0.01231	0.01362	0.00791	0.00908	0.00708	0.00489	0.00381	0.00122	0.00653	0.00308	0.00252	0.00695
20	0.01356	0.01171	0.01233	0.01109	0.01418	0.01356	0.00863	0.02897	0.76455	0.02281	0.02219	0.02034	0.01664	0.00740	0.00555	0.00185	0.00431	0.00616	0.00555	0.00863
21	0.00665	0.00523	0.00588	0.00633	0.00748	0.00460	0.00444	0.00781	0.01149	0.01434	0.06209	0.32099	0.43961	0.06764	0.00804	0.00220	0.00307	0.01266	0.00497	0.00447
22	0.01458	0.81168	0.02857	0.00933	0.01399	0.02157	0.00933	0.01632	0.01108	0.01283	0.00758	0.00875	0.00700	0.00466	0.00350	0.00117	0.00583	0.00292	0.00233	0.00700
23	0.01310	0.01353	0.06469	0.06586	0.68224	0.01275	0.01668	0.01652	0.01230	0.01757	0.01061	0.01447	0.00897	0.00512	0.00543	0.00165	0.00657	0.02079	0.00271	0.00841
24	0.00769	0.00555	0.00726	0.00688	0.00814	0.00512	0.00514	0.01021	0.01529	0.02164	0.75058	0.06231	0.05101	0.01131	0.00644	0.00173	0.00259	0.01002	0.00597	0.00512
25	0.00845	0.00524	0.00700	0.00775	0.00851	0.00482	0.00535	0.00961	0.01127	0.08872	0.07842	0.67772	0.03489	0.01568	0.00678	0.00213	0.00327	0.01415	0.00529	0.00495
26	0.00768	0.00557	0.00723	0.00682	0.00812	0.00513	0.00511	0.01021	0.01534	0.02165	0.75006	0.04108	0.07303	0.01123	0.00643	0.00172	0.00258	0.00991	0.00597	0.00513
27	0.00664	0.00474	0.00633	0.00759	0.00791	0.00443	0.00506	0.00759	0.01044	0.01392	0.03005	0.80485	0.03606	0.01708	0.00696	0.00221	0.00316	0.01550	0.00506	0.00443
28	0.01030	0.00969	0.01635	0.79530	0.03755	0.01211	0.01514	0.01393	0.01090	0.01393	0.00969	0.01453	0.00727	0.00545	0.00545	0.00182	0.00727	0.00484	0.00242	0.00606
29	0.00788	0.00526	0.00596	0.00601	0.00603	0.00525	0.00338	0.00791	0.00803	0.01071	0.01771	0.06722	0.02049	0.77596	0.02690	0.00516	0.00520	0.00824	0.00338	0.00335
30	0.76661	0.01100	0.00882	0.00769	0.01116	0.01268	0.00634	0.08797	0.01087	0.02542	0.00813	0.00927	0.00623	0.00520	0.00358	0.00168	0.00439	0.00314	0.00358	0.00623
31	0.09152	0.00965	0.01530	0.69983	0.03421	0.01194	0.01400	0.01398	0.01073	0.01495	0.00997	0.03292	0.00782	0.00569	0.00528	0.00181	0.00687	0.00492	0.00258	0.00600
32	0.03505	0.01121	0.03007	0.01227	0.08770	0.01089	0.00911	0.21428	0.06287	0.30171	0.03566	0.01825	0.03630	0.02164	0.00573	0.00170	0.00496	0.00548	0.06736	0.02776

[dist]
# distance from previous block
# <min> <max>
0	8

[block]
# block no. 1 follows, 44 sequences, length 116
# corresponding to MSA columns:
# 1059-1174
name=unknown_B
#
# <colnr> <probs for GDERKNQSTAVLIFYWHMCP>
#	G	D	E	R	K	N	Q	S	T	A	V	L	I	F	Y	W	H	M	C	P
0	0.01645	0.02953	0.03111	0.01002	0.03443	0.00931	0.00803	0.13470	0.01510	0.25728	0.04627	0.05884	0.04297	0.00670	0.00511	0.00142	0.00459	0.00549	0.00490	0.27776
1	0.01261	0.06140	0.01041	0.00829	0.01054	0.04394	0.00647	0.01568	0.07136	0.18101	0.34337	0.11311	0.06624	0.02323	0.00631	0.00179	0.00382	0.00853	0.00554	0.00634
2	0.01062	0.00552	0.00557	0.00541	0.00681	0.00560	0.00410	0.04502	0.01205	0.02094	0.01758	0.02001	0.01377	0.00636	0.00388	0.00129	0.00269	0.00507	0.80245	0.00526
3	0.00686	0.00490	0.00656	0.00776	0.00819	0.00461	0.00536	0.00800	0.01080	0.01442	0.05895	0.71502	0.03628	0.01668	0.00698	0.00222	0.00329	0.07351	0.00509	0.00450
4	0.01182	0.01270	0.02483	0.01875	0.02217	0.01334	0.46562	0.01507	0.01138	0.01588	0.01247	0.11568	0.01156	0.00748	0.00947	0.00203	0.21299	0.00717	0.00296	0.00662
5	0.00736	0.00577	0.00839	0.00883	0.00940	0.00577	0.04539	0.00850	0.01038	0.01399	0.02723	0.69397	0.03230	0.03161	0.00808	0.00227	0.05724	0.01414	0.00472	0.00467
6	0.01458	0.81168	0.02857	0.00933	0.01399	0.02157	0.00933	0.01632	0.01108	0.01283	0.00758	0.00875	0.00700	0.00466	0.00350	0.00117	0.00583	0.00292	0.00233	0.00700
7	0.01405	0.58704	0.15454	0.01109	0.01601	0.05456	0.02416	0.01658	0.01124	0.01370	0.00803	0.00953	0.00701	0.00505	0.00466	0.00135	0.04864	0.00329	0.00236	0.00710
8	0.00729	0.00586	0.00613	0.00601	0.00788	0.00510	0.00452	0.00935	0.04417	0.03474	0.10376	0.06834	0.65126	0.01325	0.00639	0.00184	0.00287	0.01111	0.00519	0.00492
9	0.00663	0.00477	0.00629	0.00751	0.00789	0.00443	0.00503	0.00760	0.01051	0.01395	0.03102	0.77569	0.06459	0.01695	0.00694	0.00220	0.00315	0.01534	0.00506	0.00443
10	0.08436	0.02519	0.03093	0.00989	0.01358	0.03169	0.00827	0.18080	0.01610	0.36762	0.01673	0.01645	0.01159	0.00969	0.07964	0.00230	0.00592	0.00503	0.07616	0.00809
11	0.01343	0.01289	0.02201	0.04929	0.75909	0.01294	0.01670	0.01667	0.01238	0.01773	0.01024	0.01351	0.00861	0.00487	0.00540	0.00162	0.00649	0.00486	0.00269	0.00858
12	0.01988	0.01369	0.01501	0.01170	0.01576	0.01489	0.00960	0.57278	0.07569	0.11895	0.04448	0.01549	0.01205	0.00680	0.00546	0.00165	0.00550	0.00526	0.02637	0.00896
13	0.01953	0.01108	0.02906	0.01027	0.01404	0.01071	0.00854	0.28303	0.01906	0.34752	0.16673	0.02085	0.01936	0.00751	0.00565	0.00168	0.00479	0.00611	0.00605	0.00843
14	0.01043	0.00930	0.01566	0.61630	0.05284	0.01118	0.03980	0.01351	0.02801	0.01373	0.01001	0.01494	0.00787	0.00737	0.00774	0.12127	0.00688	0.00492	0.00251	0.00571
15	0.02797	0.37271	0.43510	0.01265	0.01913	0.01658	0.01512	0.01683	0.01128	0.01544	0.00877	0.01024	0.00693	0.00495	0.00441	0.00148	0.00701	0.00352	0.00234	0.00755
16	0.00740	0.00553	0.00686	0.00660	0.00797	0.00500	0.00492	0.00964	0.01457	0.01998	0.58509	0.07527	0.20713	0.01197	0.00646	0.00176	0.00264	0.01045	0.00576	0.00500
17	0.02033	0.01498	0.01608	0.01240	0.01665	0.01656	0.01021	0.73523	0.02521	0.03379	0.01356	0.03528	0.01002	0.00684	0.00550	0.00165	0.00592	0.00521	0.00544	0.00914
18	0.01341	0.01301	0.02155	0.08886	0.70320	0.03044	0.01647	0.01664	0.01237	0.01743	0.01017	0.01349	0.00850	0.00492	0.00539	0.00163	0.00661	0.00483	0.00268	0.00839
19	0.00793	0.00529	0.00595	0.00595	0.00595	0.00529	0.00330	0.00793	0.00793	0.01057	0.01718	0.03568	0.01982	0.80840	0.02775	0.00529	0.00529	0.00793	0.00330	0.00330
20	0.02403	0.00937	0.01264	0.00975	0.01393	0.00823	0.00804	0.02666	0.04495	0.74857	0.02153	0.01863	0.01362	0.00677	0.00548	0.00169	0.00463	0.00551	0.00670	0.00925
21	0.01514	0.02583	0.06496	0.02892	0.06685	0.03276	0.01019	0.13567	0.42362	0.07901	0.01947	0.01864	0.04034	0.00700	0.00548	0.00176	0.00516	0.00574	0.00501	0.00846
22	0.00724	0.00555	0.00663	0.00636	0.00785	0.00494	0.00477	0.00937	0.01431	0.01920	0.50450	0.04510	0.32012	0.01214	0.00643	0.00176	0.00264	0.01047	0.00565	0.00494
23	0.05591	0.00923	0.01234	0.00953	0.01364	0.00810	0.00786	0.02575	0.01535	0.72996	0.03982	0.01874	0.01415	0.00679	0.00542	0.00169	0.00457	0.00549	0.00660	0.00904
24	0.00664	0.00474	0.00633	0.00759	0.00791	0.00443	0.00506	0.00759	0.01044	0.01392	0.03005	0.80485	0.03606	0.01708	0.00696	0.00221	0.00316	0.01550	0.00506	0.00443
25	0.00772	0.00557	0.00729	0.00686	0.00814	0.00514	0.00514	0.01029	0.01543	0.02186	0.77152	0.04072	0.05144	0.01115	0.00643	0.00171	0.00257	0.00986	0.00600	0.00514
26	0.01493	0.78320	0.02800	0.00934	0.01399	0.02109	0.00928	0.01669	0.01124	0.04000	0.00807	0.00909	0.00723	0.00474	0.00357	0.00118	0.00579	0.00301	0.00249	0.00708
27	0.00873	0.00598	0.00731	0.00718	0.00890	0.00538	0.00568	0.01079	0.01372	0.07690	0.28997	0.04760	0.32531	0.01260	0.00657	0.00192	0.00328	0.15145	0.00550	0.00523
28	0.01448	0.79076	0.04864	0.00949	0.01425	0.02133	0.00962	0.01635	0.01109	0.01295	0.00764	0.00882	0.00699	0.00468	0.00354	0.00118	0.00589	0.00294	0.00233	0.00702
29	0.02119	0.01445	0.03604	0.01207	0.01650	0.01506	0.01017	0.59466	0.02331	0.17848	0.01464	0.01411	0.01003	0.00655	0.00545	0.00165	0.00579	0.00500	0.00562	0.00924
30	0.03380	0.11541	0.55848	0.01410	0.02119	0.01314	0.04780	0.01675	0.01144	0.01701	0.00951	0.01123	0.00707	0.00497	0.00487	0.00157	0.00731	0.00389	0.00245	0.09802
31	0.01269	0.39545	0.40953	0.01280	0.01921	0.01687	0.03276	0.01683	0.01134	0.01519	0.00878	0.01029	0.00698	0.00492	0.00442	0.00147	0.00704	0.00356	0.00233	0.00754
32	0.00743	0.00566	0.00657	0.00643	0.00805	0.00499	0.00492	0.00938	0.01371	0.03118	0.34286	0.04770	0.41933	0.01269	0.00649	0.00183	0.00286	0.05754	0.00547	0.00493
33	0.01277	0.01439	0.03083	0.04952	0.05399	0.01379	0.68238	0.01719	0.01265	0.01723	0.01084	0.01458	0.00822	0.00478	0.00670	0.00185	0.03196	0.00628	0.00273	0.00731
34	0.00822	0.00595	0.00764	0.00708	0.00848	0.00560	0.00535	0.03920	0.01583	0.02235	0.74213	0.03965	0.04981	0.01097	0.00639	0.00171	0.00270	0.00967	0.00598	0.00530
35	0.00779	0.00584	0.00876	0.00876	0.00974	0.00681	0.00681	0.00974	0.00876	0.01266	0.01460	0.02142	0.01363	0.04089	0.78680	0.00876	0.01460	0.00584	0.00292	0.00487
36	0.00873	0.00578	0.00734	0.00694	0.00845	0.00522	0.00520	0.01093	0.01451	0.07931	0.53068	0.11154	0.16116	0.01177	0.00641	0.00178	0.00282	0.01030	0.00582	0.00532
37	0.01433	0.12801	0.02194	0.02659	0.53106	0.10220	0.01466	0.01701	0.01231	0.01629	0.00947	0.01230	0.00812	0.00522	0.00588	0.00158	0.05801	0.00442	0.00264	0.00797
38	0.00779	0.00584	0.00876	0.00876	0.00974	0.00681	0.00681	0.00974	0.00876	0.01266	0.01460	0.02142	0.01363	0.04089	0.78680	0.00876	0.01460	0.00584	0.00292	0.00487
39	0.00793	0.00529	0.00595	0.00595	0.00595	0.00529	0.00330	0.00793	0.00793	0.01057	0.01718	0.03568	0.01982	0.80840	0.02775	0.00529	0.00529	0.00793	0.00330	0.00330
40	0.01458	0.81168	0.02857	0.00933	0.01399	0.02157	0.00933	0.01632	0.01108	0.01283	0.00758	0.00875	0.00700	0.00466	0.00350	0.00117	0.00583	0.00292	0.00233	0.00700
41	0.00644	0.00552	0.00552	0.00552	0.00736	0.00460	0.00414	0.00782	0.01243	0.01473	0.05523	0.05247	0.77218	0.01381	0.00644	0.00184	0.00276	0.01151	0.00506	0.00460
42	0.01335	0.01149	0.01215	0.01094	0.01396	0.01326	0.00851	0.02831	0.73795	0.02277	0.04879	0.02106	0.01788	0.00753	0.00558	0.00184	0.00425	0.00629	0.00556	0.00851
43	0.00681	0.00483	0.00634	0.00744	0.00774	0.00457	0.00491	0.00768	0.01013	0.01353	0.02832	0.70464	0.03381	0.10243	0.02688	0.00269	0.00365	0.01447	0.00482	0.00432
44	0.00755	0.00570	0.00643	0.00628	0.00773	0.00513	0.00455	0.00943	0.03154	0.03209	0.24661	0.08328	0.40182	0.11681	0.00921	0.00227	0.00314	0.01052	0.00514	0.00477
45	0.01130	0.00969	0.01130	0.00807	0.01292	0.00727	0.00646	0.01373	0.01130	0.01776	0.00969	0.01130	0.00807	0.00404	0.00404	0.00081	0.00404	0.00323	0.00323	0.84173
46	0.02156	0.01393	0.01553	0.01191	0.01624	0.01492	0.00984	0.59356	0.02340	0.20017	0.01497	0.01431	0.01021	0.00659	0.00546	0.00165	0.00570	0.00504	0.00574	0.00927
47	0.01326	0.01145	0.01204	0.01086	0.01389	0.01319	0.00844	0.02809	0.73314	0.02247	0.02357	0.02168	0.04820	0.00766	0.00558	0.00185	0.00425	0.00639	0.00553	0.00846
48	0.00722	0.00554	0.00661	0.00637	0.00785	0.00493	0.00477	0.00931	0.01420	0.01902	0.48735	0.06101	0.32155	0.01227	0.00645	0.00177	0.00266	0.01059	0.00563	0.00493
49	0.00793	0.00529	0.00595	0.00595	0.00595	0.00529	0.00330	0.00793	0.00793	0.01057	0.01718	0.03568	0.01982	0.80840	0.02775	0.00529	0.00529	0.00793	0.00330	0.00330
50	0.00793	0.00529	0.00595	0.00595	0.00595	0.00529	0.00330	0.00793	0.00793	0.01057	0.01718	0.03568	0.01982	0.80840	0.02775	0.00529	0.00529	0.00793	0.00330	0.00330
51	0.00793	0.00529	0.00595	0.00595	0.00595	0.00529	0.00330	0.00793	0.00793	0.01057	0.01718	0.03568	0.01982	0.80840	0.02775	0.00529	0.00529	0.00793	0.00330	0.00330
52	0.02037	0.02598	0.01545	0.01404	0.01685	0.78652	0.01053	0.02177	0.01545	0.01334	0.00843	0.00983	0.00702	0.00562	0.00492	0.00140	0.00983	0.00351	0.00281	0.00632
53	0.02388	0.00962	0.01279	0.00987	0.01405	0.00860	0.00814	0.05722	0.04532	0.71748	0.02118	0.01840	0.01344	0.00676	0.00548	0.00169	0.00468	0.00549	0.00665	0.00925
54	0.01184	0.01192	0.01765	0.01480	0.01529	0.01607	0.07222	0.01334	0.00873	0.01346	0.00776	0.01252	0.00750	0.01037	0.04703	0.00259	0.70349	0.00495	0.00244	0.00603
55	0.01193	0.01193	0.01670	0.01431	0.01431	0.01670	0.01193	0.01312	0.00835	0.01312	0.00716	0.01193	0.00716	0.00954	0.01789	0.00239	0.79843	0.00477	0.00239	0.00596
56	0.00879	0.00628	0.00879	0.01004	0.01130	0.00628	0.00879	0.01130	0.01255	0.01632	0.02887	0.06150	0.03138	0.01506	0.00753	0.00251	0.00502	0.73770	0.00502	0.00502
57	0.01349	0.01295	0.02213	0.03346	0.77440	0.01295	0.01673	0.01673	0.01241	0.01781	0.01025	0.01349	0.00864	0.00486	0.00540	0.00162	0.00648	0.00486	0.00270	0.00864
58	0.00853	0.00609	0.00849	0.00975	0.01089	0.00606	0.00834	0.01085	0.01230	0.01603	0.02901	0.15007	0.03193	0.01530	0.00746	0.00247	0.00480	0.65165	0.00502	0.00495
59	0.01480	0.78096	0.02806	0.00951	0.01410	0.05149	0.00938	0.01654	0.01125	0.01285	0.00761	0.00879	0.00700	0.00470	0.00355	0.00118	0.00599	0.00294	0.00235	0.00697
60	0.02004	0.01477	0.01596	0.01234	0.01652	0.01637	0.01017	0.71648	0.02473	0.03320	0.01317	0.01353	0.00950	0.00837	0.04704	0.00202	0.00646	0.00496	0.00532	0.00904
61	0.84691	0.01054	0.00801	0.00717	0.01054	0.01223	0.00590	0.01603	0.00928	0.02446	0.00759	0.00886	0.00590	0.00506	0.00337	0.00169	0.00422	0.00295	0.00337	0.00590
62	0.01512	0.01249	0.01321	0.01141	0.01477	0.01429	0.00901	0.18779	0.60317	0.02533	0.02020	0.01876	0.01503	0.00721	0.00553	0.00180	0.00468	0.00589	0.00553	0.00877
63	0.02120	0.00938	0.01232	0.00930	0.01367	0.00783	0.00763	0.02338	0.01454	0.58955	0.01858	0.01676	0.01215	0.00608	0.00512	0.00147	0.00449	0.00492	0.00588	0.21577
64	0.01458	0.81168	0.02857	0.00933	0.01399	0.02157	0.00933	0.01632	0.01108	0.01283	0.00758	0.00875	0.00700	0.00466	0.00350	0.00117	0.00583	0.00292	0.00233	0.00700
65	0.01210	0.01222	0.01667	0.01431	0.01436	0.03246	0.01190	0.01330	0.00849	0.01312	0.00718	0.01188	0.00715	0.00946	0.01763	0.00237	0.78228	0.00475	0.00239	0.00597
66	0.01356	0.01171	0.01233	0.01109	0.01418	0.01356	0.00863	0.02897	0.76455	0.02281	0.02219	0.02034	0.01664	0.00740	0.00555	0.00185	0.00431	0.00616	0.00555	0.00863
67	0.01349	0.01295	0.02213	0.03346	0.77440	0.01295	0.01673	0.01673	0.01241	0.01781	0.01025	0.01349	0.00864	0.00486	0.00540	0.00162	0.00648	0.00486	0.00270	0.00864
68	0.00947	0.00473	0.00710	0.00710	0.00710	0.00473	0.00473	0.00710	0.00710	0.00947	0.00947	0.01657	0.00947	0.01894	0.02131	0.84138	0.00473	0.00473	0.00237	0.00237
69	0.00705	0.00555	0.00636	0.00616	0.00774	0.00486	0.00462	0.00900	0.01386	0.01813	0.39657	0.04687	0.42872	0.01254	0.00644	0.00178	0.00267	0.01072	0.00551	0.00486
70	0.84691	0.01054	0.00801	0.00717	0.01054	0.01223	0.00590	0.01603	0.00928	0.02446	0.00759	0.00886	0.00590	0.00506	0.00337	0.00169	0.00422	0.00295	0.00337	0.00590
71	0.02218	0.01168	0.03501	0.01130	0.03334	0.01102	0.00924	0.22749	0.06000	0.49154	0.01863	0.01683	0.01221	0.00664	0.00547	0.00168	0.00513	0.00531	0.00610	0.00919
72	0.00793	0.00529	0.00595	0.00595	0.00595	0.00529	0.00330	0.00793	0.00793	0.01057	0.01718	0.03568	0.01982	0.80840	0.02775	0.00529	0.00529	0.00793	0.00330	0.00330
73	0.01324	0.02633	0.01842	0.03258	0.01693	0.03702	0.12333	0.11947	0.01184	0.01675	0.00968	0.03251	0.00882	0.03212	0.02926	0.00235	0.45447	0.00535	0.00299	0.00654
74	0.01430	0.01386	0.10189	0.17185	0.10801	0.01314	0.04402	0.27582	0.05271	0.02281	0.01620	0.01763	0.08091	0.00661	0.00550	0.00171	0.00617	0.00554	0.03361	0.00772
75	0.01349	0.01295	0.02213	0.03346	0.77440	0.01295	0.01673	0.01673	0.01241	0.01781	0.01025	0.01349	0.00864	0.00486	0.00540	0.00162	0.00648	0.00486	0.00270	0.00864
76	0.01287	0.01471	0.03217	0.02298	0.02849	0.01379	0.75460	0.01746	0.01287	0.01746	0.01103	0.01471	0.00827	0.00460	0.00643	0.00184	0.00919	0.00643	0.00276	0.00735
77	0.01472	0.79213	0.02824	0.00945	0.01406	0.04061	0.00936	0.01646	0.01119	0.01284	0.00760	0.00877	0.00700	0.00469	0.00353	0.00117	0.00593	0.00293	0.00234	0.00698
78	0.00787	0.00526	0.00596	0.00602	0.00604	0.00524	0.00339	0.00791	0.00805	0.01073	0.01779	0.07211	0.02059	0.77092	0.02676	0.00514	0.00518	0.00829	0.00339	0.00336
79	0.00648	0.00552	0.00557	0.00556	0.00739	0.00462	0.00417	0.00789	0.01251	0.01493	0.07515	0.05214	0.75214	0.01373	0.00644	0.00184	0.00276	0.01146	0.00509	0.00462
80	0.01471	0.79294	0.02826	0.00944	0.01406	0.03982	0.00936	0.01645	0.01118	0.01284	0.00760	0.00877	0.00700	0.00469	0.00353	0.00117	0.00593	0.00293	0.00234	0.00698
81	0.00769	0.00557	0.00725	0.00683	0.00813	0.00513	0.00512	0.01024	0.01537	0.02171	0.75655	0.04097	0.06650	0.01120	0.00643	0.00172	0.00258	0.00989	0.00598	0.00513
82	0.00772	0.00557	0.00729	0.00686	0.00814	0.00514	0.00514	0.01029	0.01543	0.02186	0.77152	0.04072	0.05144	0.01115	0.00643	0.00171	0.00257	0.00986	0.00600	0.00514
83	0.01093	0.02820	0.78016	0.01554	0.02360	0.01266	0.02014	0.01727	0.01151	0.01727	0.00978	0.01151	0.00691	0.00518	0.00518	0.00173	0.00806	0.00403	0.00230	0.00806
84	0.02033	0.00994	0.04593	0.00977	0.01363	0.00854	0.00826	0.02435	0.10905	0.55207	0.11818	0.02134	0.01851	0.00733	0.00560	0.00171	0.00448	0.00607	0.00630	0.00861
85	0.00650	0.00553	0.00560	0.00558	0.00740	0.00463	0.00419	0.00793	0.01256	0.01504	0.08656	0.05195	0.74065	0.01369	0.00644	0.00184	0.00275	0.01143	0.00510	0.00463
86	0.00789	0.00544	0.00671	0.00671	0.00698	0.00570	0.00426	0.00842	0.00816	0.01114	0.01647	0.03178	0.01813	0.59886	0.23498	0.00623	0.00783	0.00736	0.00320	0.00373
87	0.01043	0.00983	0.01659	0.76339	0.06841	0.01215	0.01521	0.01405	0.01096	0.01409	0.00971	0.01449	0.00732	0.00543	0.00545	0.00181	0.00723	0.00485	0.00243	0.00616
88	0.84691	0.01054	0.00801	0.00717	0.01054	0.01223	0.00590	0.01603	0.00928	0.02446	0.00759	0.00886	0.00590	0.00506	0.00337	0.00169	0.00422	0.00295	0.00337	0.00590
89	0.04307	0.00931	0.01255	0.00964	0.01384	0.00811	0.00797	0.02633	0.01546	0.76112	0.02119	0.01834	0.01332	0.00671	0.00543	0.00169	0.00463	0.00543	0.00667	0.00920
90	0.00879	0.00628	0.00879	0.01004	0.01130	0.00628	0.00879	0.01130	0.01255	0.01632	0.02887	0.06150	0.03138	0.01506	0.00753	0.00251	0.00502	0.73770	0.00502	0.00502
91	0.01380	0.01364	0.02146	0.06414	0.69542	0.06205	0.01627	0.01693	0.01254	0.01736	0.01012	0.01330	0.00848	0.00493	0.00537	0.00161	0.00672	0.00477	0.00269	0.00838
92	0.84691	0.01054	0.00801	0.00717	0.01054	0.01223	0.00590	0.01603	0.00928	0.02446	0.00759	0.00886	0.00590	0.00506	0.00337	0.00169	0.00422	0.00295	0.00337	0.00590
93	0.01349	0.01295	0.02213	0.03346	0.77440	0.01295	0.01673	0.01673	0.01241	0.01781	0.01025	0.01349	0.00864	0.00486	0.00540	0.00162	0.00648	0.00486	0.00270	0.00864
94	0.00706	0.00520	0.00733	0.00830	0.00887	0.00490	0.02649	0.00829	0.01074	0.01429	0.02938	0.69896	0.03475	0.01650	0.00701	0.00224	0.00354	0.09660	0.00499	0.00458
95	0.00644	0.00552	0.00552	0.00552	0.00736	0.00460	0.00414	0.00782	0.01243	0.01473	0.05523	0.05247	0.77218	0.01381	0.00644	0.00184	0.00276	0.01151	0.00506	0.00460
96	0.00772	0.00557	0.00729	0.00686	0.00814	0.00514	0.00514	0.01029	0.01543	0.02186	0.77152	0.04072	0.05144	0.01115	0.00643	0.00171	0.00257	0.00986	0.00600	0.00514
97	0.05014	0.01754	0.01610	0.01383	0.03561	0.27339	0.06039	0.22123	0.14034	0.02155	0.01222	0.01319	0.00944	0.00637	0.00622	0.00166	0.06916	0.00466	0.01939	0.00756
98	0.01072	0.00562	0.00568	0.00548	0.00691	0.00571	0.00416	0.05228	0.01219	0.02107	0.01753	0.01994	0.01372	0.00636	0.00390	0.00129	0.00272	0.00507	0.79432	0.00530
99	0.01130	0.00969	0.01130	0.00807	0.01292	0.00727	0.00646	0.01373	0.01130	0.01776	0.00969	0.01130	0.00807	0.00404	0.00404	0.00081	0.00404	0.00323	0.00323	0.84173
100	0.00665	0.00482	0.00629	0.00743	0.00787	0.00446	0.00500	0.00767	0.01070	0.01416	0.04911	0.73304	0.08927	0.01671	0.00691	0.00218	0.00312	0.01508	0.00508	0.00446
101	0.01130	0.00969	0.01130	0.00807	0.01292	0.00727	0.00646	0.01373	0.01130	0.01776	0.00969	0.01130	0.00807	0.00404	0.00404	0.00081	0.00404	0.00323	0.00323	0.84173
102	0.01222	0.01008	0.01248	0.00965	0.04300	0.00794	0.02761	0.03314	0.01193	0.05002	0.01033	0.01183	0.00836	0.00426	0.00425	0.00092	0.00435	0.00352	0.00340	0.73070
103	0.01151	0.15226	0.66115	0.01456	0.02208	0.01407	0.01843	0.01712	0.01144	0.01656	0.00943	0.01107	0.00692	0.00510	0.00491	0.00164	0.00770	0.00385	0.00231	0.00789
104	0.01056	0.01002	0.01711	0.72767	0.08414	0.01221	0.03365	0.01420	0.01105	0.01426	0.00976	0.01447	0.00738	0.00539	0.00547	0.00180	0.00727	0.00489	0.00245	0.00625
105	0.00655	0.00551	0.00569	0.00568	0.00744	0.00464	0.00425	0.00802	0.01262	0.01528	0.11235	0.07043	0.69557	0.01367	0.00646	0.00184	0.00276	0.01147	0.00514	0.00464
106	0.01138	0.00976	0.01134	0.00818	0.01296	0.00749	0.00654	0.01427	0.03805	0.01794	0.01013	0.01163	0.00838	0.00416	0.00409	0.00084	0.00405	0.00333	0.00331	0.81215
107	0.01294	0.01256	0.02057	0.21239	0.57878	0.03523	0.01618	0.01622	0.01215	0.01677	0.01007	0.01363	0.00827	0.00502	0.00540	0.00166	0.00676	0.00482	0.00264	0.00796
108	0.00787	0.00550	0.00703	0.00703	0.00741	0.00588	0.00466	0.00863	0.00825	0.01138	0.01618	0.03017	0.01743	0.51196	0.32092	0.00663	0.00888	0.00712	0.00316	0.00391
109	0.01266	0.01617	0.11328	0.02217	0.02796	0.01366	0.67495	0.01744	0.01272	0.01744	0.01089	0.01436	0.00812	0.00466	0.00630	0.00183	0.00907	0.00617	0.00271	0.00743
110	0.00663	0.00479	0.00628	0.00748	0.00788	0.00444	0.00501	0.00760	0.01054	0.01396	0.03139	0.76480	0.07524	0.01691	0.00693	0.00219	0.00314	0.01529	0.00506	0.00444
111	0.00672	0.00483	0.00636	0.00748	0.00788	0.00453	0.00502	0.00771	0.01050	0.01399	0.04537	0.72309	0.06154	0.03957	0.02531	0.00243	0.00346	0.01481	0.00498	0.00443
112	0.00781	0.00561	0.00766	0.00769	0.00829	0.00619	0.00547	0.00901	0.00849	0.01191	0.01593	0.04581	0.01647	0.32435	0.48686	0.00732	0.01088	0.00685	0.00311	0.00428
113	0.06626	0.01317	0.02073	0.06320	0.66542	0.04313	0.01574	0.01677	0.01227	0.01789	0.00999	0.01310	0.00834	0.00493	0.00525	0.00162	0.00650	0.00468	0.00273	0.00826
114	0.01494	0.73986	0.02730	0.00969	0.01419	0.07229	0.00939	0.01700	0.02976	0.01310	0.00799	0.00910	0.00723	0.00479	0.00364	0.00120	0.00606	0.00303	0.00244	0.00699
115	0.00747	0.00551	0.00696	0.00693	0.00816	0.00506	0.00519	0.00958	0.01396	0.01909	0.49578	0.13423	0.16399	0.03260	0.00711	0.00194	0.00292	0.06301	0.00560	0.00492

[dist]
# distance from previous block
# <min> <max>
0	39

# created by:
# /st0/software/busco_prod/Augustus/scripts/msa2prfl.pl ./align_prep/185081.fa
