[name]
unknown

[dist]
# distance from previous block
# <min> <max>
0	39

[block]
# block no. 0 follows, 37 sequences, length 12
# corresponding to MSA columns:
# 234-245
name=unknown_A
#
# <colnr> <probs for GDERKNQSTAVLIFYWHMCP>
#	G	D	E	R	K	N	Q	S	T	A	V	L	I	F	Y	W	H	M	C	P
0	0.09895	0.07038	0.01218	0.01106	0.01336	0.01047	0.00954	0.01697	0.13256	0.02019	0.02672	0.05041	0.02727	0.01336	0.00723	0.00248	0.00548	0.45949	0.00530	0.00659
1	0.02078	0.01675	0.21191	0.01285	0.01850	0.01161	0.01273	0.10044	0.05879	0.37634	0.06123	0.01942	0.01520	0.00733	0.00609	0.00189	0.00623	0.00592	0.00586	0.03014
2	0.01260	0.07646	0.07124	0.07304	0.09432	0.09137	0.01046	0.05638	0.05497	0.01849	0.03384	0.03362	0.32897	0.01025	0.00634	0.00190	0.00584	0.00837	0.00446	0.00706
3	0.00935	0.00820	0.00941	0.01056	0.08866	0.00777	0.00696	0.01362	0.12828	0.01834	0.05072	0.04850	0.55052	0.01328	0.00695	0.00204	0.00382	0.01117	0.00549	0.00637
4	0.01430	0.07682	0.11720	0.01463	0.03629	0.01504	0.08804	0.02621	0.42771	0.02302	0.07843	0.02146	0.01830	0.00766	0.00617	0.00198	0.00603	0.00664	0.00508	0.00899
5	0.01344	0.02694	0.55790	0.01783	0.08019	0.01398	0.01978	0.07633	0.01427	0.02105	0.01132	0.01321	0.00826	0.00577	0.00572	0.00181	0.00824	0.00458	0.00302	0.09636
6	0.01376	0.10837	0.49280	0.01983	0.13737	0.01536	0.04063	0.01937	0.01311	0.04246	0.01117	0.01332	0.00836	0.00590	0.00618	0.00188	0.03365	0.00469	0.00284	0.00896
7	0.01228	0.01397	0.12808	0.11694	0.09883	0.01055	0.07017	0.01593	0.01339	0.03963	0.03438	0.02271	0.13806	0.00724	0.00589	0.00166	0.00621	0.00633	0.00377	0.25396
8	0.01634	0.22340	0.32904	0.01568	0.02233	0.09634	0.09452	0.02080	0.01393	0.09609	0.01175	0.01316	0.00876	0.00583	0.00549	0.00175	0.00834	0.00461	0.00325	0.00859
9	0.25469	0.06152	0.20196	0.02584	0.01842	0.05174	0.04081	0.07911	0.01390	0.02281	0.01270	0.01812	0.01080	0.00695	0.00535	0.00187	0.00678	0.07931	0.00372	0.08360
10	0.07841	0.07899	0.18924	0.02685	0.05174	0.04244	0.07391	0.03747	0.02429	0.09812	0.01212	0.01387	0.00921	0.00615	0.00667	0.00174	0.07315	0.00473	0.00366	0.16727
11	0.07854	0.01901	0.22059	0.01589	0.08315	0.07369	0.05922	0.05715	0.04097	0.02094	0.03065	0.03276	0.03498	0.00659	0.00604	0.00172	0.02894	0.00533	0.00362	0.18022

[dist]
# distance from previous block
# <min> <max>
12	33

[block]
# block no. 1 follows, 37 sequences, length 30
# corresponding to MSA columns:
# 280-309
name=unknown_B
#
# <colnr> <probs for GDERKNQSTAVLIFYWHMCP>
#	G	D	E	R	K	N	Q	S	T	A	V	L	I	F	Y	W	H	M	C	P
0	0.04673	0.04977	0.01682	0.01556	0.11560	0.05489	0.02435	0.08638	0.15655	0.05102	0.08009	0.01948	0.03453	0.00773	0.00757	0.00184	0.10098	0.00597	0.00458	0.11956
1	0.04908	0.01566	0.06068	0.01396	0.03804	0.08679	0.08058	0.18926	0.09476	0.05411	0.07900	0.01822	0.01506	0.00696	0.00583	0.00172	0.00645	0.00578	0.04855	0.12953
2	0.09211	0.01548	0.04633	0.08220	0.02222	0.07884	0.17865	0.11048	0.10351	0.06126	0.01467	0.04491	0.01153	0.00667	0.00599	0.00184	0.00728	0.00597	0.00428	0.10579
3	0.03458	0.01604	0.01550	0.04345	0.01778	0.13417	0.01045	0.19356	0.24841	0.04881	0.03209	0.01724	0.01339	0.00728	0.00634	0.00180	0.03426	0.00555	0.00511	0.11419
4	0.01896	0.01591	0.08405	0.01503	0.02008	0.07783	0.14892	0.04995	0.12636	0.23272	0.01713	0.01731	0.01216	0.00664	0.00642	0.00182	0.02553	0.00578	0.00500	0.11241
5	0.02223	0.02708	0.01732	0.04007	0.01957	0.65307	0.01190	0.07512	0.04638	0.01713	0.01050	0.01194	0.00850	0.00646	0.00561	0.00163	0.01039	0.00422	0.00348	0.00743
6	0.01549	0.01067	0.01283	0.00948	0.01446	0.00853	0.00762	0.04405	0.01454	0.15534	0.07050	0.01684	0.01403	0.00582	0.00510	0.00120	0.00461	0.00474	0.00469	0.57949
7	0.00877	0.00588	0.00671	0.00684	0.00687	0.00585	0.00388	0.00887	0.00915	0.01220	0.02058	0.10609	0.02388	0.71662	0.02908	0.00563	0.00572	0.00966	0.00388	0.00382
8	0.01659	0.01088	0.01386	0.01150	0.01469	0.01112	0.03684	0.09029	0.11869	0.19421	0.05023	0.06699	0.05135	0.07783	0.00988	0.00233	0.08074	0.03696	0.00549	0.09952
9	0.00890	0.00593	0.00668	0.00668	0.00668	0.00593	0.00371	0.00890	0.00890	0.01187	0.01929	0.04006	0.02225	0.78487	0.03116	0.00593	0.00593	0.00890	0.00371	0.00371
10	0.01063	0.00532	0.00797	0.00797	0.00797	0.00532	0.00532	0.00797	0.00797	0.01063	0.01063	0.01861	0.01063	0.02127	0.02392	0.82190	0.00532	0.00532	0.00266	0.00266
11	0.01299	0.00687	0.00835	0.00774	0.00888	0.00652	0.00508	0.01371	0.01121	0.17678	0.02167	0.10065	0.02205	0.51628	0.02256	0.00457	0.00545	0.00893	0.03433	0.00538
12	0.00908	0.00670	0.01000	0.00990	0.01086	0.00785	0.00765	0.01081	0.00966	0.01391	0.01558	0.02318	0.01463	0.04246	0.66866	0.08136	0.04286	0.00641	0.00320	0.00526
13	0.00935	0.00629	0.00715	0.00715	0.00741	0.00631	0.00426	0.03641	0.01010	0.01363	0.02081	0.12460	0.02374	0.64465	0.02674	0.00525	0.00560	0.00967	0.02671	0.00417
14	0.01474	0.01189	0.01330	0.01269	0.04198	0.01326	0.00959	0.02808	0.54152	0.06318	0.05313	0.02931	0.06025	0.00946	0.00651	0.00212	0.00486	0.06905	0.00612	0.00898
15	0.08094	0.00641	0.00745	0.00791	0.00917	0.00609	0.00558	0.01058	0.01272	0.04582	0.11341	0.41451	0.17826	0.06177	0.00861	0.00247	0.00370	0.01363	0.00559	0.00538
16	0.04553	0.01091	0.01182	0.01004	0.01307	0.01143	0.00786	0.25242	0.09300	0.05501	0.13313	0.05185	0.19446	0.07164	0.00848	0.00227	0.00484	0.00873	0.00589	0.00761
17	0.00861	0.00631	0.00808	0.00783	0.00930	0.00582	0.00597	0.01128	0.01648	0.02282	0.58810	0.04915	0.13219	0.03016	0.00785	0.00211	0.00322	0.07262	0.00646	0.00565
18	0.02345	0.01686	0.01819	0.01395	0.01884	0.01856	0.01152	0.69669	0.02830	0.06885	0.01510	0.01496	0.01061	0.00736	0.00612	0.00184	0.00667	0.00554	0.00619	0.01041
19	0.00879	0.00655	0.00813	0.00896	0.00988	0.00646	0.00622	0.03901	0.07663	0.01767	0.05070	0.63168	0.07117	0.01742	0.00756	0.00239	0.00375	0.01564	0.00577	0.00563
20	0.01026	0.00677	0.00778	0.00751	0.00955	0.00596	0.00559	0.01232	0.03236	0.11180	0.11668	0.17276	0.42673	0.03604	0.00783	0.00221	0.00355	0.01236	0.00599	0.00594
21	0.01564	0.01258	0.01364	0.01231	0.01570	0.01427	0.00972	0.05014	0.61340	0.06428	0.02525	0.02659	0.01973	0.00900	0.00642	0.00213	0.00499	0.06859	0.00625	0.00939
22	0.00800	0.00587	0.00729	0.00791	0.00874	0.00542	0.00534	0.00917	0.01190	0.01584	0.07944	0.46055	0.13115	0.14614	0.03097	0.00309	0.00422	0.01411	0.00527	0.03958
23	0.00840	0.00629	0.00748	0.00776	0.00896	0.00584	0.00547	0.03754	0.01393	0.01831	0.18826	0.32860	0.23612	0.08665	0.00961	0.00254	0.00363	0.01358	0.00574	0.00529
24	0.00951	0.00657	0.00745	0.00741	0.00778	0.00668	0.00449	0.03584	0.04029	0.01387	0.02113	0.12921	0.02391	0.63046	0.02635	0.00520	0.00563	0.00974	0.00414	0.00436
25	0.00984	0.00724	0.00859	0.00807	0.01019	0.00659	0.00627	0.04906	0.01599	0.04495	0.30856	0.07558	0.28777	0.01337	0.00713	0.00202	0.00362	0.07932	0.00605	0.04977
26	0.01742	0.01258	0.01377	0.01130	0.01464	0.01350	0.00888	0.38761	0.07829	0.05698	0.08582	0.05600	0.08225	0.12095	0.01000	0.00250	0.00563	0.00774	0.00584	0.00831
27	0.08137	0.00708	0.00823	0.00864	0.00989	0.00701	0.00601	0.03742	0.04512	0.01783	0.02836	0.51023	0.05009	0.09829	0.00963	0.00267	0.00413	0.01347	0.00523	0.04930
28	0.01969	0.01511	0.01630	0.01295	0.01742	0.01640	0.01048	0.46425	0.18391	0.03272	0.01723	0.04409	0.01319	0.00767	0.00603	0.00181	0.00595	0.00604	0.00585	0.10292
29	0.01851	0.01388	0.01551	0.04213	0.01728	0.01480	0.01006	0.46782	0.02266	0.03075	0.03171	0.08654	0.01472	0.05472	0.02653	0.00223	0.00634	0.00670	0.00543	0.11170

[dist]
# distance from previous block
# <min> <max>
1	4

[block]
# block no. 2 follows, 37 sequences, length 29
# corresponding to MSA columns:
# 318-346
name=unknown_C
#
# <colnr> <probs for GDERKNQSTAVLIFYWHMCP>
#	G	D	E	R	K	N	Q	S	T	A	V	L	I	F	Y	W	H	M	C	P
0	0.01611	0.04330	0.03818	0.05204	0.01944	0.11404	0.07923	0.13274	0.03071	0.02155	0.01144	0.01351	0.00914	0.00598	0.00650	0.00152	0.06542	0.00463	0.00379	0.33072
1	0.01683	0.01718	0.05508	0.05241	0.06066	0.09014	0.23835	0.17687	0.05195	0.02338	0.01269	0.01499	0.00968	0.00608	0.00661	0.00180	0.03187	0.00564	0.00395	0.12385
2	0.01763	0.64043	0.02920	0.01151	0.01634	0.16781	0.01074	0.01952	0.01340	0.01451	0.00870	0.01006	0.00786	0.00545	0.00424	0.00136	0.00742	0.00340	0.00272	0.00771
3	0.01233	0.11548	0.01508	0.05129	0.01524	0.01079	0.00832	0.01486	0.01300	0.01901	0.11051	0.06113	0.01716	0.00702	0.00605	0.00136	0.05231	0.00558	0.00392	0.45957
4	0.01369	0.01298	0.02201	0.25409	0.49947	0.01378	0.01759	0.01733	0.01332	0.01848	0.01246	0.05449	0.01081	0.00635	0.00617	0.00192	0.00735	0.00606	0.00307	0.00859
5	0.01958	0.01419	0.01533	0.01238	0.01655	0.01542	0.01002	0.41080	0.19039	0.09110	0.02423	0.02306	0.11171	0.00869	0.00630	0.00193	0.00568	0.00689	0.00621	0.00954
6	0.01075	0.00891	0.10841	0.00917	0.01039	0.00655	0.00755	0.00957	0.00870	0.01189	0.01120	0.01913	0.01095	0.06523	0.02192	0.66209	0.00586	0.00543	0.00271	0.00358
7	0.00868	0.00597	0.00661	0.00661	0.00689	0.00583	0.00384	0.00889	0.00958	0.01250	0.02505	0.04260	0.11964	0.68109	0.02793	0.00541	0.00555	0.00944	0.00398	0.00391
8	0.00746	0.00533	0.00710	0.00852	0.00888	0.00497	0.00568	0.00852	0.01172	0.01563	0.03374	0.78088	0.04049	0.01918	0.00781	0.00249	0.00355	0.01740	0.00568	0.00497
9	0.02204	0.01693	0.01778	0.04931	0.01969	0.05660	0.01164	0.57297	0.09475	0.05271	0.01546	0.01551	0.01108	0.00733	0.00610	0.00186	0.00681	0.00558	0.00586	0.01000
10	0.00778	0.00556	0.00748	0.00889	0.00939	0.00525	0.00625	0.00908	0.01204	0.01599	0.03356	0.68486	0.03978	0.01887	0.00790	0.00253	0.00383	0.11022	0.00568	0.00506
11	0.01392	0.03912	0.01397	0.00964	0.01501	0.00985	0.00782	0.08921	0.01435	0.02168	0.01119	0.01280	0.00916	0.00485	0.00468	0.00102	0.00483	0.00381	0.00385	0.70923
12	0.01727	0.16339	0.01770	0.01165	0.01592	0.08969	0.00958	0.09077	0.23349	0.08466	0.01689	0.04479	0.01345	0.00707	0.00544	0.00164	0.00590	0.00550	0.00483	0.16040
13	0.16984	0.18469	0.01817	0.01163	0.01591	0.15897	0.00971	0.17692	0.03672	0.05944	0.01393	0.01453	0.04338	0.00663	0.00506	0.00165	0.00672	0.00462	0.00426	0.05721
14	0.00762	0.00545	0.00725	0.00841	0.00891	0.00508	0.00569	0.00893	0.01248	0.01683	0.12947	0.68171	0.04282	0.01828	0.00773	0.00241	0.00346	0.01655	0.00582	0.00508
15	0.01173	0.01105	0.01866	0.73588	0.07512	0.01364	0.01708	0.01579	0.01232	0.01584	0.01091	0.01627	0.00823	0.00609	0.00612	0.00203	0.00812	0.00544	0.00273	0.00694
16	0.01433	0.05319	0.12487	0.01931	0.02389	0.01596	0.31651	0.08422	0.01410	0.01965	0.01260	0.05668	0.01085	0.02669	0.01022	0.00224	0.17671	0.00669	0.00335	0.00792
17	0.01339	0.01339	0.01875	0.01607	0.01607	0.01875	0.01339	0.01473	0.00937	0.01473	0.00804	0.01339	0.00804	0.01071	0.02009	0.00268	0.77367	0.00536	0.00268	0.00670
18	0.00903	0.00682	0.00976	0.00962	0.01045	0.00796	0.00726	0.01078	0.00965	0.01382	0.01645	0.02632	0.01614	0.17570	0.58991	0.00875	0.05613	0.00691	0.00332	0.00522
19	0.06515	0.01765	0.11600	0.01364	0.01879	0.01661	0.01232	0.47982	0.05466	0.07982	0.01587	0.01609	0.02465	0.00852	0.03052	0.00213	0.00700	0.00554	0.00552	0.00973
20	0.01932	0.07001	0.02159	0.06387	0.27064	0.15007	0.05793	0.05257	0.01566	0.17486	0.01367	0.01532	0.01027	0.00631	0.00635	0.00181	0.03144	0.00529	0.00410	0.00894
21	0.82811	0.01184	0.00900	0.00805	0.01184	0.01373	0.00663	0.01799	0.01042	0.02746	0.00852	0.00994	0.00663	0.00568	0.00379	0.00189	0.00474	0.00331	0.00379	0.00663
22	0.01297	0.01247	0.02162	0.47394	0.28532	0.01403	0.05826	0.01696	0.01295	0.01738	0.01119	0.01593	0.00876	0.00583	0.00616	0.00196	0.00798	0.00555	0.00285	0.00789
23	0.01351	0.01265	0.01477	0.01292	0.01587	0.09295	0.10479	0.02145	0.28864	0.03821	0.02803	0.19888	0.10903	0.01101	0.00677	0.00211	0.00576	0.00975	0.00531	0.00760
24	0.00747	0.00613	0.00659	0.00665	0.00846	0.00524	0.00492	0.00918	0.01426	0.01767	0.16348	0.12435	0.57358	0.01539	0.00729	0.00208	0.00311	0.01306	0.00585	0.00524
25	0.01515	0.01454	0.02485	0.03757	0.74669	0.01454	0.01879	0.01879	0.01394	0.02000	0.01151	0.01515	0.00970	0.00545	0.00606	0.00182	0.00727	0.00545	0.00303	0.00970
26	0.01138	0.00703	0.00913	0.00824	0.01021	0.00649	0.00631	0.01461	0.03953	0.12297	0.60681	0.04196	0.06764	0.01179	0.00704	0.00193	0.00327	0.01032	0.00681	0.00651
27	0.01429	0.01858	0.12952	0.02279	0.02853	0.05321	0.51023	0.01911	0.01381	0.01875	0.01185	0.01578	0.00914	0.00727	0.03616	0.00236	0.07100	0.00652	0.00300	0.00808
28	0.01223	0.00908	0.01040	0.00939	0.01209	0.00905	0.00719	0.01921	0.24288	0.08014	0.20716	0.10307	0.15931	0.01123	0.00664	0.00196	0.00394	0.00962	0.00608	0.07934

[dist]
# distance from previous block
# <min> <max>
0	3

[block]
# block no. 3 follows, 37 sequences, length 15
# corresponding to MSA columns:
# 350-364
name=unknown_D
#
# <colnr> <probs for GDERKNQSTAVLIFYWHMCP>
#	G	D	E	R	K	N	Q	S	T	A	V	L	I	F	Y	W	H	M	C	P
0	0.05896	0.19018	0.02158	0.01553	0.04739	0.38646	0.04805	0.07227	0.01588	0.01758	0.00971	0.01161	0.00816	0.00636	0.00635	0.00167	0.06720	0.00422	0.00324	0.00761
1	0.06581	0.01668	0.13987	0.14463	0.02722	0.01467	0.26401	0.08118	0.05121	0.02088	0.01362	0.06376	0.01117	0.00701	0.00720	0.00207	0.05084	0.00662	0.00356	0.00800
2	0.03464	0.05209	0.05288	0.01279	0.01783	0.03656	0.06027	0.23424	0.08512	0.05489	0.01439	0.03516	0.01126	0.00647	0.00556	0.00157	0.00615	0.00526	0.00469	0.26816
3	0.01370	0.01201	0.01583	0.01138	0.01687	0.00983	0.09059	0.06963	0.01411	0.02132	0.01134	0.01329	0.00919	0.00482	0.00496	0.00111	0.00537	0.00419	0.00375	0.66672
4	0.00836	0.00671	0.00743	0.00734	0.00915	0.00616	0.00550	0.01130	0.06606	0.01877	0.20801	0.07742	0.43577	0.06068	0.00867	0.00232	0.00349	0.04547	0.00584	0.00556
5	0.01310	0.02624	0.50474	0.02152	0.10050	0.01456	0.19346	0.01938	0.01340	0.01950	0.01138	0.01402	0.00832	0.00562	0.00618	0.00196	0.00918	0.00528	0.00275	0.00892
6	0.00861	0.00628	0.00814	0.00800	0.00942	0.00581	0.00610	0.01128	0.01642	0.02280	0.57977	0.09368	0.10363	0.01358	0.00738	0.00206	0.00322	0.08165	0.00649	0.00567
7	0.00890	0.00593	0.00668	0.00668	0.00668	0.00593	0.00371	0.00890	0.00890	0.01187	0.01929	0.04006	0.02225	0.78487	0.03116	0.00593	0.00593	0.00890	0.00371	0.00371
8	0.01812	0.01068	0.01276	0.01079	0.01425	0.01090	0.00856	0.06639	0.26710	0.27036	0.20986	0.02761	0.02712	0.00909	0.00645	0.00196	0.00457	0.00765	0.00681	0.00896
9	0.01161	0.00782	0.00999	0.08519	0.01358	0.00774	0.00740	0.03187	0.05191	0.10514	0.25665	0.04043	0.18785	0.09210	0.03386	0.00267	0.00479	0.03734	0.00569	0.00637
10	0.01467	0.02432	0.44288	0.05483	0.02726	0.01413	0.19352	0.04325	0.01424	0.09370	0.01277	0.01483	0.00898	0.00590	0.00622	0.00197	0.00886	0.00543	0.00334	0.00893
11	0.01785	0.10462	0.13672	0.01584	0.04315	0.10073	0.07751	0.23692	0.01822	0.04869	0.01377	0.07161	0.01155	0.00766	0.00708	0.00190	0.06736	0.00599	0.00422	0.00862
12	0.66799	0.01212	0.00976	0.04232	0.01328	0.05104	0.00727	0.01757	0.01155	0.02601	0.08283	0.01389	0.01192	0.00642	0.00433	0.00189	0.00502	0.00422	0.00401	0.00657
13	0.01485	0.09017	0.01689	0.01266	0.07080	0.01168	0.04144	0.10177	0.01517	0.05567	0.03754	0.03444	0.03645	0.00616	0.00523	0.00134	0.00538	0.00512	0.00416	0.43310
14	0.01408	0.03776	0.01658	0.11487	0.19833	0.01247	0.01178	0.09545	0.10788	0.04085	0.04884	0.06127	0.07961	0.04332	0.00725	0.00202	0.00587	0.00706	0.00446	0.09028

[dist]
# distance from previous block
# <min> <max>
1	4

[block]
# block no. 4 follows, 37 sequences, length 50
# corresponding to MSA columns:
# 373-422
name=unknown_E
#
# <colnr> <probs for GDERKNQSTAVLIFYWHMCP>
#	G	D	E	R	K	N	Q	S	T	A	V	L	I	F	Y	W	H	M	C	P
0	0.10979	0.04305	0.01614	0.01230	0.01681	0.03445	0.01010	0.33848	0.12778	0.18358	0.01708	0.01636	0.01203	0.00718	0.00576	0.00184	0.00596	0.00545	0.00593	0.02993
1	0.01320	0.13425	0.58475	0.01609	0.02398	0.01573	0.01984	0.04487	0.01342	0.01937	0.02758	0.01333	0.00903	0.00611	0.00608	0.00187	0.03434	0.00457	0.00282	0.00878
2	0.01812	0.01903	0.01730	0.01666	0.08945	0.30943	0.04689	0.02359	0.17146	0.06205	0.06127	0.01862	0.03557	0.00772	0.00729	0.00188	0.07548	0.00586	0.00432	0.00799
3	0.00861	0.00625	0.00810	0.00764	0.00911	0.00575	0.00573	0.01144	0.01719	0.02423	0.71656	0.04625	0.08485	0.01263	0.00722	0.00193	0.00290	0.01114	0.00670	0.00575
4	0.00791	0.00572	0.00739	0.00802	0.00884	0.00530	0.00556	0.00958	0.01363	0.01854	0.27480	0.45514	0.08977	0.04962	0.00858	0.00242	0.00340	0.01461	0.00595	0.00520
5	0.00738	0.00594	0.00658	0.00697	0.00850	0.00514	0.00502	0.00886	0.01347	0.01670	0.09063	0.27263	0.49790	0.01643	0.00741	0.00218	0.00322	0.01415	0.00574	0.00514
6	0.00819	0.00610	0.00762	0.00753	0.00893	0.00553	0.00554	0.01052	0.01577	0.02154	0.49529	0.16407	0.19250	0.01416	0.00732	0.00204	0.00303	0.01244	0.00636	0.00553
7	0.01339	0.01339	0.01875	0.01607	0.01607	0.01875	0.01339	0.01473	0.00937	0.01473	0.00804	0.01339	0.00804	0.01071	0.02009	0.00268	0.77367	0.00536	0.00268	0.00670
8	0.82811	0.01184	0.00900	0.00805	0.01184	0.01373	0.00663	0.01799	0.01042	0.02746	0.00852	0.00994	0.00663	0.00568	0.00379	0.00189	0.00474	0.00331	0.00379	0.00663
9	0.00829	0.00671	0.01058	0.01053	0.01165	0.00625	0.09256	0.00987	0.01213	0.01614	0.03219	0.66192	0.06257	0.01735	0.00772	0.00242	0.00435	0.01601	0.00537	0.00538
10	0.79285	0.01157	0.00885	0.00795	0.01163	0.01339	0.00653	0.01783	0.01052	0.02726	0.00902	0.01050	0.00702	0.00574	0.00381	0.00187	0.00465	0.00342	0.03898	0.00659
11	0.01130	0.00692	0.00800	0.00810	0.00950	0.00692	0.00588	0.09103	0.01421	0.04084	0.02598	0.37888	0.02677	0.01284	0.00620	0.00198	0.00368	0.01120	0.32375	0.00601
12	0.02290	0.01768	0.01812	0.01411	0.01885	0.06211	0.01156	0.65534	0.05863	0.03664	0.01483	0.01483	0.01062	0.00733	0.00609	0.00183	0.00691	0.00548	0.00595	0.01019
13	0.02327	0.01715	0.01837	0.01408	0.01898	0.01898	0.01163	0.72628	0.02878	0.03858	0.01470	0.01470	0.01041	0.00735	0.00612	0.00184	0.00674	0.00551	0.00612	0.01041
14	0.00882	0.00626	0.00835	0.00835	0.00892	0.00684	0.00579	0.00997	0.00940	0.01310	0.01776	0.03161	0.01858	0.39479	0.41622	0.00799	0.01146	0.00766	0.00348	0.00464
15	0.06858	0.01394	0.01557	0.01228	0.01669	0.01472	0.01004	0.41765	0.04704	0.22144	0.01979	0.05939	0.03816	0.00826	0.00613	0.00191	0.00586	0.00650	0.00633	0.00970
16	0.00887	0.00608	0.00740	0.00740	0.00765	0.00633	0.00461	0.00937	0.00912	0.01241	0.01862	0.03638	0.02066	0.61526	0.19859	0.00683	0.00834	0.00836	0.00361	0.00411
17	0.01318	0.01232	0.02074	0.56364	0.10285	0.01434	0.08831	0.07736	0.01404	0.01841	0.01142	0.01609	0.00861	0.00607	0.00623	0.00200	0.00818	0.00563	0.00308	0.00752
18	0.03345	0.02001	0.19436	0.15753	0.20813	0.11472	0.11107	0.01902	0.01362	0.01827	0.01088	0.01426	0.00852	0.00599	0.00671	0.00193	0.04515	0.00521	0.00290	0.00827
19	0.00849	0.00621	0.00805	0.00823	0.00954	0.00577	0.00626	0.01092	0.01554	0.02129	0.44795	0.17927	0.11714	0.01462	0.00751	0.00217	0.00343	0.11575	0.00629	0.00556
20	0.00922	0.00634	0.00754	0.00749	0.00921	0.00557	0.00552	0.01107	0.01457	0.07546	0.22625	0.22137	0.34794	0.01498	0.00728	0.00212	0.00332	0.01297	0.00610	0.00569
21	0.01621	0.10197	0.05157	0.09725	0.13806	0.11058	0.14486	0.07022	0.04138	0.03648	0.01176	0.01439	0.00931	0.00607	0.00662	0.00178	0.05049	0.00521	0.00344	0.08234
22	0.01806	0.01333	0.03880	0.01176	0.01524	0.01365	0.00947	0.39764	0.04750	0.07912	0.01976	0.12025	0.03058	0.14362	0.01069	0.00265	0.00602	0.00785	0.00563	0.00837
23	0.00746	0.00533	0.00710	0.00852	0.00888	0.00497	0.00568	0.00852	0.01172	0.01563	0.03374	0.78088	0.04049	0.01918	0.00781	0.00249	0.00355	0.01740	0.00568	0.00497
24	0.53349	0.01134	0.01109	0.04175	0.01437	0.01219	0.00784	0.02173	0.01280	0.26144	0.01369	0.01375	0.00946	0.00631	0.00466	0.00190	0.00504	0.00433	0.00497	0.00786
25	0.02107	0.01370	0.01583	0.01319	0.04121	0.01448	0.01031	0.39820	0.07818	0.18413	0.09198	0.05428	0.01816	0.00846	0.00632	0.00190	0.00576	0.00685	0.00637	0.00962
26	0.08989	0.01493	0.04900	0.13650	0.45220	0.05058	0.01639	0.05258	0.01414	0.02053	0.01199	0.04227	0.01018	0.00622	0.00589	0.00188	0.00726	0.00558	0.00329	0.00871
27	0.67766	0.03429	0.03016	0.01086	0.04526	0.04158	0.04681	0.01840	0.01116	0.02571	0.00896	0.01063	0.00701	0.00566	0.00419	0.00187	0.00553	0.00367	0.00363	0.00696
28	0.00818	0.00603	0.00751	0.00757	0.00875	0.00559	0.00541	0.01014	0.01443	0.01959	0.37379	0.19769	0.17366	0.09417	0.03736	0.00276	0.00387	0.01232	0.00590	0.00528
29	0.01377	0.01277	0.01772	0.23458	0.02332	0.04793	0.01368	0.01595	0.01099	0.05487	0.01037	0.01568	0.00909	0.03574	0.03188	0.00267	0.43362	0.00551	0.00303	0.00682
30	0.13988	0.00987	0.01178	0.00975	0.01327	0.00960	0.00784	0.06060	0.05686	0.34074	0.24262	0.02665	0.02693	0.00884	0.00613	0.00191	0.00449	0.00725	0.00660	0.00839
31	0.00890	0.00676	0.00825	0.00783	0.00951	0.00639	0.00588	0.01263	0.07245	0.02302	0.55205	0.06484	0.17272	0.01287	0.00716	0.00198	0.00309	0.01123	0.00649	0.00595
32	0.04241	0.01034	0.01372	0.01069	0.01520	0.00915	0.00878	0.02868	0.04476	0.67080	0.04236	0.02232	0.03588	0.00790	0.00617	0.00191	0.00507	0.00643	0.00738	0.01006
33	0.00779	0.00612	0.00674	0.00672	0.00827	0.00539	0.00482	0.00937	0.01383	0.01753	0.19938	0.09598	0.45556	0.12285	0.01062	0.00260	0.00348	0.01223	0.00563	0.00508
34	0.01637	0.78856	0.03208	0.01047	0.01571	0.02422	0.01047	0.01833	0.01244	0.01440	0.00851	0.00982	0.00786	0.00524	0.00393	0.00131	0.00655	0.00327	0.00262	0.00786
35	0.00752	0.00538	0.00716	0.00848	0.00889	0.00502	0.00569	0.00869	0.01203	0.01612	0.07312	0.74009	0.04144	0.01881	0.00778	0.00245	0.00351	0.01705	0.00574	0.00502
36	0.01269	0.01088	0.01269	0.00907	0.01451	0.00816	0.00725	0.01541	0.01269	0.01995	0.01088	0.01269	0.00907	0.00453	0.00453	0.00091	0.00453	0.00363	0.00363	0.82229
37	0.82811	0.01184	0.00900	0.00805	0.01184	0.01373	0.00663	0.01799	0.01042	0.02746	0.00852	0.00994	0.00663	0.00568	0.00379	0.00189	0.00474	0.00331	0.00379	0.00663
38	0.02235	0.02111	0.01765	0.01468	0.01847	0.30976	0.01165	0.33845	0.04130	0.06577	0.01291	0.01371	0.00971	0.00724	0.00698	0.00181	0.06792	0.00496	0.00477	0.00880
39	0.78346	0.01213	0.00952	0.00838	0.01223	0.01402	0.00691	0.05729	0.01144	0.02808	0.00887	0.01021	0.00684	0.00577	0.00392	0.00189	0.00485	0.00344	0.00392	0.00684
40	0.00882	0.00590	0.00670	0.00678	0.00680	0.00588	0.00382	0.00888	0.00905	0.01207	0.02007	0.08028	0.02324	0.74331	0.02989	0.00575	0.00581	0.00936	0.00382	0.00378
41	0.02327	0.01715	0.01837	0.01408	0.01898	0.01898	0.01163	0.72628	0.02878	0.03858	0.01470	0.01470	0.01041	0.00735	0.00612	0.00184	0.00674	0.00551	0.00612	0.01041
42	0.01587	0.69635	0.11992	0.01132	0.01702	0.02300	0.01195	0.01846	0.01250	0.01501	0.00881	0.01020	0.00784	0.00531	0.00416	0.00139	0.00685	0.00343	0.00261	0.00800
43	0.01498	0.01573	0.06447	0.09400	0.62427	0.04147	0.01860	0.01877	0.01387	0.01944	0.01136	0.01497	0.00940	0.00556	0.00603	0.00183	0.00758	0.00535	0.00299	0.00934
44	0.01864	0.01421	0.01561	0.03219	0.01723	0.01566	0.01029	0.43140	0.16739	0.03130	0.04418	0.06107	0.01590	0.03568	0.02914	0.00227	0.00625	0.00673	0.00580	0.03906
45	0.01176	0.05831	0.03943	0.08442	0.03191	0.01027	0.00937	0.06991	0.07828	0.03783	0.20807	0.03771	0.14481	0.01301	0.04770	0.00247	0.00559	0.09700	0.00528	0.00688
46	0.01030	0.01144	0.15360	0.01030	0.01317	0.00774	0.00951	0.01397	0.03911	0.05889	0.31539	0.23804	0.03880	0.01281	0.00707	0.00212	0.00457	0.04098	0.00562	0.00656
47	0.01124	0.01333	0.19500	0.05564	0.01609	0.00866	0.01092	0.01521	0.01577	0.07514	0.43861	0.03280	0.03749	0.00982	0.00663	0.00190	0.00496	0.00848	0.00541	0.03688
48	0.04289	0.04555	0.21684	0.01209	0.01658	0.05366	0.01198	0.12707	0.04736	0.02245	0.14019	0.02733	0.13731	0.04247	0.00766	0.00209	0.02695	0.00731	0.00461	0.00759
49	0.10278	0.10511	0.39843	0.03927	0.02110	0.05554	0.01598	0.04355	0.01364	0.02009	0.05527	0.04650	0.04369	0.00716	0.00562	0.00187	0.00748	0.00553	0.00338	0.00801

[dist]
# distance from previous block
# <min> <max>
2	10

[block]
# block no. 5 follows, 37 sequences, length 29
# corresponding to MSA columns:
# 433-440,445-465
name=unknown_F
#
# <colnr> <probs for GDERKNQSTAVLIFYWHMCP>
#	G	D	E	R	K	N	Q	S	T	A	V	L	I	F	Y	W	H	M	C	P
0	0.11469	0.07959	0.11554	0.20674	0.02266	0.03215	0.01234	0.06052	0.07004	0.02012	0.03766	0.05189	0.01249	0.02228	0.00674	0.03423	0.00655	0.00559	0.00370	0.08447
1	0.25657	0.09630	0.01627	0.01543	0.14712	0.15005	0.01043	0.04332	0.04743	0.02125	0.01577	0.01791	0.07595	0.00702	0.00519	0.00177	0.00647	0.02306	0.00382	0.03888
2	0.78243	0.05555	0.01030	0.00819	0.01206	0.01432	0.00685	0.01801	0.01053	0.02673	0.00852	0.00994	0.00670	0.00566	0.00380	0.00186	0.00484	0.00331	0.00372	0.00670
3	0.03108	0.00729	0.00843	0.00773	0.00937	0.00692	0.00546	0.03248	0.03848	0.03522	0.26556	0.05406	0.11797	0.27096	0.01487	0.00322	0.00436	0.00947	0.00523	0.07185
4	0.00798	0.00558	0.00708	0.00792	0.00828	0.00532	0.00513	0.00891	0.01143	0.01537	0.09398	0.50339	0.03686	0.23648	0.01440	0.00342	0.00417	0.01441	0.00522	0.00469
5	0.44297	0.01546	0.11330	0.02873	0.01906	0.01397	0.15531	0.04665	0.01289	0.08373	0.01119	0.01287	0.00819	0.00582	0.00508	0.00194	0.00662	0.00463	0.00387	0.00773
6	0.03184	0.01010	0.01563	0.47229	0.08861	0.01166	0.01358	0.03460	0.01279	0.01672	0.02024	0.02393	0.14207	0.00897	0.00765	0.06586	0.00682	0.00674	0.00340	0.00651
7	0.00873	0.00673	0.00906	0.14583	0.01426	0.00693	0.00707	0.01034	0.01203	0.01584	0.12068	0.25173	0.11840	0.22902	0.01387	0.00324	0.00491	0.01149	0.00473	0.00508
8	0.02770	0.00909	0.01369	0.08417	0.16202	0.00932	0.03402	0.05798	0.01289	0.01766	0.03908	0.23360	0.04211	0.04188	0.01089	0.15176	0.00563	0.03617	0.00418	0.00617
9	0.01402	0.31845	0.34492	0.01362	0.01987	0.05917	0.01537	0.01815	0.01257	0.01650	0.01073	0.01365	0.00901	0.04141	0.06636	0.00247	0.00866	0.00436	0.00273	0.00797
10	0.01301	0.00731	0.00961	0.00875	0.01100	0.00662	0.00693	0.01566	0.01670	0.18999	0.43478	0.04396	0.10122	0.01217	0.00713	0.00204	0.00378	0.09585	0.00671	0.00678
11	0.00859	0.00625	0.00892	0.00916	0.01006	0.00691	0.00683	0.01046	0.01050	0.01496	0.05027	0.16346	0.02218	0.09395	0.51742	0.00765	0.01235	0.00887	0.02593	0.00526
12	0.14763	0.08691	0.01929	0.01827	0.18612	0.10370	0.01227	0.26509	0.01899	0.06765	0.01234	0.01353	0.00939	0.00635	0.00547	0.00177	0.00695	0.00480	0.00445	0.00903
13	0.01133	0.05822	0.50118	0.01562	0.04918	0.01230	0.01757	0.01653	0.01263	0.01822	0.01674	0.21010	0.01624	0.00921	0.00625	0.00205	0.00745	0.00781	0.00340	0.00797
14	0.00728	0.00604	0.00636	0.00662	0.00838	0.00513	0.00484	0.00874	0.01355	0.01637	0.05688	0.18993	0.61650	0.01617	0.00734	0.00214	0.00318	0.01373	0.00568	0.00513
15	0.01307	0.01335	0.02575	0.09678	0.21969	0.01322	0.32168	0.01689	0.01349	0.01850	0.01579	0.15477	0.01492	0.00800	0.00720	0.00209	0.02507	0.00839	0.00350	0.00787
16	0.01173	0.04700	0.59897	0.01549	0.02306	0.01295	0.01924	0.01794	0.01371	0.02019	0.14384	0.01879	0.01683	0.00702	0.00602	0.00192	0.00786	0.00568	0.00334	0.00842
17	0.01463	0.01765	0.15701	0.03392	0.61600	0.01448	0.01948	0.01889	0.01375	0.01989	0.01142	0.01475	0.00934	0.00552	0.00602	0.00184	0.00759	0.00529	0.00295	0.00958
18	0.82811	0.01184	0.00900	0.00805	0.01184	0.01373	0.00663	0.01799	0.01042	0.02746	0.00852	0.00994	0.00663	0.00568	0.00379	0.00189	0.00474	0.00331	0.00379	0.00663
19	0.00810	0.00583	0.00703	0.00743	0.00814	0.00545	0.00492	0.00924	0.01221	0.01623	0.16463	0.29939	0.14722	0.25883	0.01497	0.00340	0.00411	0.01286	0.00526	0.00475
20	0.00890	0.00593	0.00668	0.00668	0.00668	0.00593	0.00371	0.00890	0.00890	0.01187	0.01929	0.04006	0.02225	0.78487	0.03116	0.00593	0.00593	0.00890	0.00371	0.00371
21	0.01144	0.00673	0.00919	0.00838	0.00954	0.00630	0.00589	0.03404	0.00955	0.01328	0.01082	0.01740	0.01034	0.01775	0.01979	0.64470	0.00522	0.00502	0.00295	0.15166
22	0.31177	0.01156	0.01410	0.01462	0.14675	0.01161	0.00983	0.02307	0.01432	0.33844	0.03651	0.01660	0.01231	0.00665	0.00532	0.00188	0.00535	0.00515	0.00537	0.00880
23	0.01151	0.00797	0.00880	0.00802	0.00891	0.00830	0.00515	0.13908	0.01251	0.01672	0.01845	0.03546	0.02010	0.64378	0.02661	0.00519	0.00608	0.00829	0.00415	0.00493
24	0.01762	0.64857	0.02959	0.01113	0.01630	0.02327	0.01068	0.14680	0.01540	0.01879	0.00963	0.01070	0.00832	0.00562	0.00433	0.00141	0.00658	0.00368	0.00325	0.00832
25	0.01528	0.15847	0.08237	0.02164	0.04666	0.07449	0.44656	0.01953	0.01400	0.01813	0.01118	0.01448	0.00878	0.00552	0.00683	0.00190	0.03715	0.00595	0.00296	0.00813
26	0.00888	0.01067	0.14300	0.01036	0.01285	0.00718	0.00955	0.01158	0.01301	0.01732	0.05346	0.33787	0.15094	0.01544	0.00749	0.00238	0.00493	0.17204	0.00514	0.00592
27	0.01084	0.00821	0.00938	0.00836	0.01064	0.00797	0.00647	0.14034	0.01829	0.02444	0.38578	0.04446	0.27626	0.01257	0.00703	0.00196	0.00366	0.01067	0.00628	0.00642
28	0.01491	0.02814	0.58890	0.01656	0.02468	0.01486	0.02005	0.14810	0.01599	0.05347	0.01221	0.01358	0.00855	0.00617	0.00589	0.00192	0.00847	0.00477	0.00344	0.00935

[dist]
# distance from previous block
# <min> <max>
0	2

[block]
# block no. 6 follows, 37 sequences, length 7
# corresponding to MSA columns:
# 468-474
name=unknown_G
#
# <colnr> <probs for GDERKNQSTAVLIFYWHMCP>
#	G	D	E	R	K	N	Q	S	T	A	V	L	I	F	Y	W	H	M	C	P
0	0.05506	0.06621	0.31530	0.04990	0.02342	0.01354	0.17795	0.01719	0.01236	0.01814	0.01237	0.01699	0.01014	0.06315	0.11884	0.00336	0.00980	0.00563	0.00295	0.00769
1	0.00869	0.00711	0.00887	0.00869	0.00997	0.00728	0.00667	0.01060	0.01393	0.01854	0.24257	0.17009	0.28428	0.01470	0.00916	0.00223	0.10829	0.05721	0.00557	0.00555
2	0.01455	0.06812	0.11656	0.11914	0.02093	0.12200	0.01175	0.04003	0.01384	0.01875	0.01065	0.01287	0.00855	0.00533	0.00509	0.00136	0.00682	0.00409	0.00330	0.39627
3	0.00928	0.00997	0.11430	0.01020	0.01217	0.00819	0.00888	0.01167	0.01006	0.01441	0.01628	0.02609	0.01580	0.20705	0.48915	0.00784	0.01299	0.00680	0.00328	0.00558
4	0.01198	0.10365	0.36273	0.12227	0.02476	0.01362	0.08412	0.01687	0.01299	0.01810	0.05238	0.11979	0.01505	0.00791	0.00614	0.00197	0.00770	0.00687	0.00330	0.00780
5	0.01250	0.02351	0.44653	0.11977	0.04983	0.01363	0.04948	0.01801	0.01267	0.01869	0.01085	0.01361	0.00814	0.00595	0.00666	0.00186	0.05717	0.00472	0.00279	0.12365
6	0.01528	0.01472	0.06041	0.01423	0.11366	0.16783	0.01008	0.01827	0.04721	0.12124	0.05469	0.03161	0.25076	0.04405	0.00748	0.00206	0.00622	0.00800	0.00483	0.00734

[dist]
# distance from previous block
# <min> <max>
3	11

[block]
# block no. 7 follows, 37 sequences, length 45
# corresponding to MSA columns:
# 487-511,515-534
name=unknown_H
#
# <colnr> <probs for GDERKNQSTAVLIFYWHMCP>
#	G	D	E	R	K	N	Q	S	T	A	V	L	I	F	Y	W	H	M	C	P
0	0.18384	0.01110	0.01206	0.04851	0.01439	0.01213	0.00837	0.22530	0.01831	0.02767	0.24849	0.02717	0.07026	0.03365	0.00729	0.00206	0.02927	0.00738	0.00545	0.00731
1	0.01077	0.00892	0.03971	0.07676	0.09363	0.00819	0.00895	0.01410	0.05166	0.06016	0.25653	0.17721	0.10643	0.04956	0.00811	0.00225	0.00458	0.01053	0.00540	0.00656
2	0.04698	0.01604	0.08563	0.05601	0.57333	0.03785	0.01786	0.01946	0.01395	0.05771	0.01192	0.01496	0.00959	0.00565	0.00594	0.00183	0.00737	0.00528	0.00325	0.00938
3	0.01632	0.01081	0.03786	0.01000	0.01418	0.00894	0.00819	0.07564	0.02853	0.21058	0.10167	0.08839	0.01979	0.03794	0.00678	0.00175	0.00482	0.00681	0.00541	0.30559
4	0.00935	0.00732	0.00822	0.00794	0.00994	0.00674	0.00589	0.08253	0.01512	0.01950	0.11380	0.24911	0.37045	0.01482	0.00714	0.00208	0.00365	0.01273	0.00573	0.04794
5	0.18213	0.17295	0.28923	0.01386	0.03672	0.01524	0.04654	0.02009	0.01314	0.11858	0.03107	0.01384	0.00997	0.00605	0.00518	0.00180	0.00701	0.00456	0.00365	0.00839
6	0.00772	0.00562	0.00756	0.00869	0.00928	0.00546	0.00606	0.00904	0.01162	0.01554	0.03250	0.60466	0.07301	0.02302	0.12351	0.00360	0.00557	0.03714	0.00531	0.00508
7	0.72439	0.01262	0.01017	0.04331	0.01381	0.03781	0.00752	0.05404	0.01165	0.02709	0.00897	0.01051	0.00693	0.00581	0.00407	0.00189	0.00519	0.00354	0.00384	0.00684
8	0.04108	0.01459	0.01603	0.01210	0.01714	0.01476	0.00992	0.43709	0.02239	0.06651	0.01372	0.01420	0.01009	0.00638	0.00553	0.00153	0.00588	0.00486	0.00530	0.28091
9	0.02797	0.15877	0.48650	0.01561	0.02306	0.01522	0.05821	0.01949	0.01342	0.06834	0.04933	0.01477	0.01092	0.00614	0.00563	0.00183	0.00803	0.00489	0.00319	0.00868
10	0.01225	0.02952	0.67929	0.01795	0.05846	0.01381	0.02166	0.01897	0.01310	0.01948	0.02655	0.01562	0.00980	0.00632	0.00595	0.00196	0.00872	0.02889	0.00279	0.00889
11	0.00930	0.00707	0.00885	0.00944	0.01108	0.00690	0.00769	0.01283	0.07155	0.01916	0.14260	0.12302	0.19963	0.01547	0.00776	0.00243	0.00441	0.32916	0.00586	0.00581
12	0.72647	0.01198	0.00985	0.00856	0.01248	0.01361	0.00705	0.05250	0.01185	0.08538	0.01006	0.01103	0.00748	0.00591	0.00409	0.00189	0.00487	0.00364	0.00420	0.00711
13	0.01390	0.01263	0.02083	0.34643	0.24946	0.01436	0.05233	0.04171	0.01336	0.04332	0.01217	0.01759	0.00994	0.00686	0.00781	0.00206	0.09400	0.03009	0.00322	0.00795
14	0.01007	0.00662	0.00834	0.00770	0.00956	0.00595	0.00585	0.01266	0.01671	0.08769	0.55051	0.04600	0.18384	0.01264	0.00713	0.00195	0.00313	0.01098	0.00661	0.00607
15	0.00740	0.00554	0.00689	0.00797	0.00873	0.00502	0.00544	0.00859	0.01225	0.01584	0.04050	0.60824	0.20877	0.01830	0.00767	0.00239	0.00344	0.01633	0.00568	0.00502
16	0.66593	0.08183	0.04029	0.03303	0.01393	0.01481	0.00808	0.03147	0.02683	0.02578	0.00916	0.01062	0.00716	0.00575	0.00405	0.00185	0.00521	0.00354	0.00370	0.00697
17	0.01423	0.01806	0.10960	0.02494	0.03143	0.01535	0.65253	0.01959	0.01429	0.01959	0.01224	0.01614	0.00913	0.00523	0.00708	0.00205	0.01019	0.00695	0.00304	0.00834
18	0.00849	0.00625	0.00794	0.00752	0.00904	0.00570	0.00564	0.01121	0.01691	0.02356	0.65919	0.04736	0.14265	0.01288	0.00722	0.00194	0.00291	0.01130	0.00661	0.00570
19	0.00756	0.00621	0.00666	0.00655	0.00847	0.00531	0.00491	0.00942	0.01473	0.01838	0.21917	0.05587	0.58589	0.01481	0.00723	0.00203	0.00305	0.01249	0.00593	0.00531
20	0.04478	0.50274	0.21005	0.01217	0.01826	0.02000	0.01325	0.01961	0.01294	0.08167	0.01052	0.01158	0.00844	0.00561	0.00459	0.00154	0.00699	0.00384	0.00309	0.00834
21	0.01910	0.01439	0.01542	0.01275	0.01679	0.01610	0.01023	0.33390	0.35811	0.06415	0.02017	0.01920	0.01477	0.00780	0.00608	0.00193	0.00558	0.00621	0.04749	0.00983
22	0.00910	0.00653	0.00891	0.01018	0.01132	0.00639	0.00835	0.01137	0.01347	0.01763	0.05587	0.25016	0.06159	0.03326	0.00868	0.00274	0.00493	0.46847	0.00564	0.00541
23	0.56203	0.01443	0.07719	0.03722	0.03508	0.04663	0.00938	0.04183	0.01241	0.09974	0.01074	0.01188	0.00791	0.00598	0.00450	0.00189	0.00570	0.00394	0.00405	0.00746
24	0.00767	0.00546	0.00720	0.00834	0.00879	0.00511	0.00559	0.00888	0.01219	0.01642	0.11158	0.66119	0.04146	0.05801	0.00895	0.00260	0.00360	0.01626	0.00570	0.00500
25	0.02649	0.01149	0.01513	0.01219	0.03931	0.01057	0.00968	0.12701	0.01898	0.62797	0.02242	0.01979	0.01432	0.00748	0.00615	0.00188	0.00549	0.00604	0.00723	0.01039
26	0.01269	0.01088	0.01269	0.00907	0.01451	0.00816	0.00725	0.01541	0.01269	0.01995	0.01088	0.01269	0.00907	0.00453	0.00453	0.00091	0.00453	0.00363	0.00363	0.82229
27	0.00917	0.00634	0.00828	0.00779	0.00925	0.00585	0.00581	0.01190	0.01689	0.04493	0.67650	0.07060	0.05488	0.03523	0.00791	0.00206	0.00307	0.01109	0.00664	0.00582
28	0.01384	0.13066	0.02077	0.01522	0.01602	0.01958	0.01295	0.01528	0.00984	0.01468	0.00811	0.01285	0.00801	0.00989	0.01764	0.00247	0.65762	0.00504	0.00267	0.00687
29	0.00752	0.00537	0.00716	0.00848	0.00889	0.00501	0.00569	0.00868	0.01200	0.01608	0.06976	0.74357	0.04136	0.01884	0.00778	0.00246	0.00352	0.01708	0.00574	0.00501
30	0.00859	0.00625	0.00808	0.00763	0.00910	0.00575	0.00572	0.01141	0.01716	0.02414	0.70921	0.04639	0.09226	0.01266	0.00722	0.00193	0.00290	0.01116	0.00669	0.00575
31	0.00767	0.00548	0.00735	0.00877	0.00922	0.00516	0.00605	0.00889	0.01193	0.01587	0.03362	0.71752	0.04002	0.01898	0.00787	0.00252	0.00374	0.07865	0.00568	0.00503
32	0.01339	0.01339	0.01875	0.01607	0.01607	0.01875	0.01339	0.01473	0.00937	0.01473	0.00804	0.01339	0.00804	0.01071	0.02009	0.00268	0.77367	0.00536	0.00268	0.00670
33	0.01637	0.78856	0.03208	0.01047	0.01571	0.02422	0.01047	0.01833	0.01244	0.01440	0.00851	0.00982	0.00786	0.00524	0.00393	0.00131	0.00655	0.00327	0.00262	0.00786
34	0.02233	0.01668	0.01784	0.01390	0.01863	0.01855	0.01141	0.64569	0.11089	0.03707	0.01588	0.01564	0.01137	0.00746	0.00614	0.00186	0.00652	0.00567	0.00614	0.01033
35	0.12407	0.01093	0.01378	0.01071	0.01534	0.01007	0.00884	0.06322	0.01722	0.62783	0.02179	0.01921	0.01388	0.00734	0.00587	0.00189	0.00523	0.00578	0.00705	0.00996
36	0.00785	0.00555	0.00718	0.00811	0.00856	0.00524	0.00538	0.00899	0.01202	0.01622	0.12689	0.56203	0.03986	0.14224	0.01151	0.00297	0.00385	0.01517	0.00550	0.00488
37	0.47320	0.01390	0.11361	0.00980	0.01410	0.01233	0.00906	0.05682	0.01249	0.03868	0.02980	0.08404	0.03700	0.00747	0.00486	0.00189	0.00524	0.00547	0.00411	0.06613
38	0.01077	0.00765	0.00976	0.01000	0.01175	0.00746	0.00792	0.04925	0.05161	0.04468	0.09315	0.25326	0.04612	0.03954	0.00829	0.00248	0.00470	0.27477	0.00567	0.06115
39	0.33201	0.01173	0.01182	0.00995	0.01365	0.01272	0.00805	0.15961	0.07037	0.15199	0.06457	0.04131	0.01488	0.00820	0.01847	0.00203	0.00516	0.00565	0.04976	0.00807
40	0.07677	0.01073	0.01338	0.01093	0.01497	0.01027	0.00889	0.09367	0.06988	0.47776	0.02353	0.08981	0.01768	0.00900	0.00627	0.00200	0.00517	0.04310	0.00682	0.00938
41	0.05833	0.06334	0.01661	0.01402	0.01733	0.55763	0.01076	0.02306	0.01636	0.08108	0.01359	0.01468	0.04610	0.00818	0.03167	0.00192	0.00979	0.00462	0.00368	0.00725
42	0.01054	0.00535	0.00791	0.00791	0.00791	0.00535	0.00523	0.00802	0.00802	0.01070	0.01107	0.01970	0.01122	0.06006	0.02429	0.78045	0.00535	0.00550	0.00271	0.00271
43	0.01186	0.00700	0.00902	0.00809	0.01020	0.00628	0.00622	0.01449	0.01696	0.15375	0.53267	0.04285	0.13262	0.01199	0.00703	0.00194	0.00333	0.01041	0.00676	0.00653
44	0.01981	0.01296	0.01477	0.01210	0.01580	0.01369	0.00972	0.41847	0.02250	0.14710	0.04176	0.15100	0.01916	0.03111	0.00724	0.00212	0.00576	0.03978	0.00621	0.00894

[dist]
# distance from previous block
# <min> <max>
2	2

[block]
# block no. 8 follows, 37 sequences, length 14
# corresponding to MSA columns:
# 539,541-553
name=unknown_I
#
# <colnr> <probs for GDERKNQSTAVLIFYWHMCP>
#	G	D	E	R	K	N	Q	S	T	A	V	L	I	F	Y	W	H	M	C	P
0	0.01579	0.01219	0.02970	0.13662	0.01984	0.01199	0.01037	0.18368	0.07081	0.08366	0.03357	0.06121	0.01371	0.00887	0.03198	0.02125	0.00615	0.00597	0.00472	0.23793
1	0.41932	0.01556	0.09224	0.03542	0.05990	0.05110	0.05449	0.07957	0.01351	0.04576	0.01049	0.01216	0.00797	0.00580	0.00483	0.00181	0.00627	0.00420	0.00381	0.07580
2	0.01243	0.00883	0.01088	0.01107	0.04612	0.00905	0.00765	0.16462	0.03268	0.04964	0.06802	0.39241	0.02954	0.09492	0.03009	0.00281	0.00506	0.01206	0.00553	0.00661
3	0.00823	0.00606	0.00769	0.00766	0.00897	0.00553	0.00560	0.01056	0.01574	0.02165	0.50729	0.19494	0.14885	0.01426	0.00734	0.00206	0.00305	0.01259	0.00638	0.00553
4	0.01377	0.01197	0.01951	0.57579	0.09099	0.01403	0.05045	0.08051	0.01421	0.05290	0.01197	0.01631	0.00886	0.00620	0.00617	0.00200	0.00793	0.00557	0.00330	0.00758
5	0.02327	0.01715	0.01837	0.01408	0.01898	0.01898	0.01163	0.72628	0.02878	0.03858	0.01470	0.01470	0.01041	0.00735	0.00612	0.00184	0.00674	0.00551	0.00612	0.01041
6	0.00811	0.00606	0.00753	0.00754	0.00890	0.00548	0.00551	0.01034	0.01546	0.02100	0.45183	0.19740	0.20331	0.01451	0.00734	0.00207	0.00307	0.01275	0.00630	0.00548
7	0.01454	0.01221	0.01313	0.01175	0.01495	0.01385	0.00914	0.06335	0.58190	0.02607	0.14324	0.02622	0.02474	0.00895	0.00639	0.00204	0.00461	0.00754	0.00631	0.00908
8	0.00785	0.00556	0.00722	0.00814	0.00862	0.00524	0.00543	0.00907	0.01225	0.01657	0.14807	0.55882	0.04082	0.12307	0.01092	0.00287	0.00377	0.01520	0.00558	0.00493
9	0.00761	0.00600	0.00687	0.00712	0.00862	0.00526	0.00516	0.00935	0.01416	0.01812	0.20916	0.23609	0.41326	0.01574	0.00738	0.00214	0.00316	0.01362	0.00592	0.00526
10	0.01637	0.78856	0.03208	0.01047	0.01571	0.02422	0.01047	0.01833	0.01244	0.01440	0.00851	0.00982	0.00786	0.00524	0.00393	0.00131	0.00655	0.00327	0.00262	0.00786
11	0.01930	0.01425	0.01545	0.01258	0.01681	0.01554	0.01013	0.33981	0.29014	0.09039	0.02147	0.02035	0.05050	0.00800	0.00614	0.00190	0.00562	0.00637	0.00614	0.04910
12	0.18347	0.04782	0.01407	0.01091	0.01482	0.01327	0.00894	0.21202	0.07098	0.20622	0.07212	0.06540	0.01734	0.00841	0.00582	0.00193	0.00530	0.02664	0.00586	0.00867
13	0.01620	0.01152	0.03779	0.03336	0.01532	0.01050	0.00886	0.15776	0.06819	0.15751	0.04935	0.10423	0.11437	0.00930	0.00616	0.00178	0.00502	0.00774	0.00557	0.17948

[dist]
# distance from previous block
# <min> <max>
0	2

[block]
