[name]
unknown

[dist]
# distance from previous block
# <min> <max>
0	71

[block]
# block no. 0 follows, 41 sequences, length 14
# corresponding to MSA columns:
# 77-90
name=unknown_A
#
# <colnr> <probs for GDERKNQSTAVLIFYWHMCP>
#	G	D	E	R	K	N	Q	S	T	A	V	L	I	F	Y	W	H	M	C	P
0	0.01179	0.04426	0.01175	0.14124	0.01570	0.00945	0.00827	0.13099	0.01402	0.05650	0.07119	0.26733	0.02348	0.11782	0.00939	0.00245	0.00507	0.02830	0.00464	0.02635
1	0.02871	0.01205	0.10485	0.49285	0.03019	0.01191	0.01407	0.01620	0.08716	0.01656	0.01250	0.02949	0.00972	0.00673	0.00619	0.03445	0.00677	0.00529	0.06771	0.00662
2	0.03318	0.01102	0.01259	0.10337	0.04379	0.08542	0.03225	0.09517	0.02943	0.04647	0.05087	0.12213	0.04059	0.11648	0.00916	0.00225	0.02162	0.00721	0.04608	0.09092
3	0.01280	0.14664	0.04099	0.38191	0.05562	0.04316	0.05223	0.01591	0.01177	0.03551	0.01035	0.02799	0.00845	0.00602	0.00639	0.00174	0.07103	0.00485	0.00280	0.06382
4	0.01039	0.00676	0.00840	0.00836	0.00991	0.00648	0.00619	0.04006	0.06296	0.09979	0.16069	0.34482	0.12127	0.03460	0.00742	0.00218	0.00370	0.05449	0.00568	0.00585
5	0.07321	0.00657	0.00759	0.00724	0.00894	0.00608	0.00533	0.01058	0.01298	0.01874	0.29603	0.13714	0.15615	0.10586	0.00903	0.00227	0.00354	0.03788	0.00511	0.08973
6	0.01285	0.05603	0.40365	0.01758	0.11251	0.01338	0.08918	0.09108	0.01338	0.01899	0.01163	0.01574	0.00949	0.10019	0.00837	0.00222	0.00770	0.00512	0.00298	0.00794
7	0.01019	0.00745	0.00870	0.00799	0.00846	0.00822	0.00530	0.08420	0.01027	0.01396	0.01633	0.03203	0.01808	0.62382	0.02549	0.00479	0.09910	0.00760	0.00358	0.00444
8	0.00924	0.00688	0.00843	0.00848	0.00969	0.00672	0.00599	0.06715	0.03177	0.01644	0.02496	0.46364	0.02846	0.14370	0.01068	0.00266	0.02047	0.04004	0.00480	0.08980
9	0.00888	0.00707	0.00783	0.00783	0.00961	0.00684	0.00586	0.06817	0.08917	0.01777	0.04201	0.25989	0.38308	0.01425	0.00679	0.00206	0.00357	0.04832	0.00539	0.00561
10	0.01280	0.01172	0.04185	0.03223	0.03454	0.02212	0.25205	0.01565	0.01258	0.09346	0.10490	0.04205	0.05468	0.09590	0.02078	0.00248	0.13235	0.00727	0.00389	0.00669
11	0.02067	0.01444	0.01680	0.01501	0.10579	0.01551	0.01101	0.53667	0.02323	0.11545	0.01464	0.01485	0.01042	0.00667	0.00562	0.00170	0.00599	0.00522	0.05090	0.00941
12	0.01973	0.01438	0.10455	0.01208	0.01662	0.01295	0.01078	0.27921	0.11441	0.26377	0.01750	0.01703	0.01220	0.00970	0.06599	0.00236	0.00657	0.00548	0.00556	0.00913
13	0.01364	0.07635	0.08874	0.09775	0.14438	0.04073	0.16597	0.03268	0.06983	0.04174	0.01302	0.05503	0.01108	0.00691	0.00742	0.00190	0.10107	0.02082	0.00332	0.00762

[dist]
# distance from previous block
# <min> <max>
3	7

[block]
# block no. 1 follows, 41 sequences, length 8
# corresponding to MSA columns:
# 99-106
name=unknown_B
#
# <colnr> <probs for GDERKNQSTAVLIFYWHMCP>
#	G	D	E	R	K	N	Q	S	T	A	V	L	I	F	Y	W	H	M	C	P
0	0.18934	0.00723	0.00827	0.04576	0.01081	0.00738	0.00614	0.01270	0.01305	0.06794	0.30073	0.19390	0.05170	0.03085	0.00655	0.00199	0.00366	0.00936	0.02696	0.00567
1	0.06671	0.19643	0.01806	0.08721	0.01743	0.01523	0.02573	0.22368	0.06301	0.04844	0.01269	0.03015	0.01004	0.00609	0.00489	0.00152	0.00567	0.00468	0.04474	0.11760
2	0.01284	0.01014	0.01196	0.00859	0.01363	0.00768	0.00689	0.01536	0.01218	0.07158	0.01104	0.01240	0.00887	0.00444	0.00434	0.00091	0.00428	0.00356	0.00365	0.77566
3	0.01085	0.00859	0.00915	0.00823	0.01070	0.00857	0.00637	0.17009	0.08864	0.02119	0.09084	0.10084	0.41940	0.01226	0.00649	0.00191	0.00381	0.01024	0.00552	0.00633
4	0.00836	0.00730	0.05591	0.00757	0.00908	0.00593	0.00598	0.01072	0.01422	0.02006	0.55156	0.03962	0.04380	0.18196	0.01151	0.00261	0.00368	0.00951	0.00544	0.00517
5	0.01417	0.01331	0.02099	0.03002	0.60106	0.01373	0.01571	0.02034	0.17342	0.01982	0.01347	0.01571	0.01088	0.00567	0.00570	0.00175	0.00630	0.00539	0.00348	0.00906
6	0.00897	0.00700	0.00977	0.00904	0.01094	0.00725	0.00707	0.01112	0.00977	0.01444	0.01420	0.02017	0.01304	0.03452	0.60895	0.00738	0.01292	0.00553	0.00313	0.18478
7	0.01927	0.01429	0.01540	0.01243	0.01651	0.01590	0.01006	0.44272	0.28815	0.07661	0.01772	0.01683	0.01279	0.00720	0.00576	0.00180	0.00557	0.00566	0.00584	0.00948

[dist]
# distance from previous block
# <min> <max>
0	2

[block]
# block no. 2 follows, 41 sequences, length 13
# corresponding to MSA columns:
# 109-121
name=unknown_C
#
# <colnr> <probs for GDERKNQSTAVLIFYWHMCP>
#	G	D	E	R	K	N	Q	S	T	A	V	L	I	F	Y	W	H	M	C	P
0	0.01982	0.01457	0.04563	0.01191	0.01613	0.01512	0.01009	0.56228	0.02341	0.07292	0.01484	0.01516	0.01063	0.00679	0.00544	0.00166	0.00574	0.00517	0.13368	0.00899
1	0.00736	0.00523	0.00644	0.00723	0.00761	0.00494	0.00465	0.00810	0.01034	0.01361	0.02988	0.49294	0.10091	0.25711	0.01394	0.00327	0.00396	0.01343	0.00474	0.00430
2	0.13713	0.00638	0.00678	0.00678	0.00741	0.00667	0.00428	0.00970	0.00885	0.01383	0.01770	0.10976	0.01992	0.55462	0.06375	0.00483	0.00568	0.00820	0.00364	0.00410
3	0.02055	0.14875	0.01513	0.00959	0.01344	0.01053	0.00803	0.02291	0.03289	0.48862	0.07958	0.03955	0.01726	0.05890	0.00703	0.00194	0.00491	0.00609	0.00589	0.00841
4	0.08468	0.54149	0.11053	0.01076	0.01531	0.01956	0.01086	0.01655	0.01122	0.01510	0.00907	0.03983	0.00841	0.00597	0.00543	0.00150	0.08003	0.00388	0.00265	0.00716
5	0.13938	0.01031	0.01580	0.66455	0.03500	0.01273	0.01438	0.01496	0.01117	0.01633	0.00982	0.01433	0.00740	0.00566	0.00538	0.00189	0.00713	0.00478	0.00270	0.00633
6	0.00878	0.00622	0.00714	0.00670	0.00751	0.00581	0.00410	0.00924	0.00904	0.01249	0.01770	0.08368	0.02001	0.62391	0.02381	0.00460	0.00519	0.00808	0.00358	0.13241
7	0.00889	0.00750	0.01251	0.08003	0.01489	0.00774	0.12109	0.01117	0.01108	0.01524	0.04619	0.26552	0.05022	0.04162	0.24405	0.00435	0.00837	0.00971	0.03437	0.00544
8	0.01200	0.00966	0.01174	0.00891	0.01292	0.00796	0.02978	0.05622	0.01230	0.03632	0.01312	0.05962	0.01223	0.12856	0.00847	0.00177	0.00470	0.00513	0.00372	0.56488
9	0.01747	0.01328	0.04479	0.08462	0.01749	0.03979	0.01014	0.37639	0.01968	0.10731	0.01796	0.13737	0.03048	0.03515	0.00672	0.00196	0.00588	0.00710	0.01834	0.00808
10	0.00738	0.00530	0.00648	0.00716	0.00793	0.00489	0.00489	0.00864	0.01172	0.01569	0.11366	0.45934	0.17326	0.09090	0.00905	0.00245	0.00335	0.01348	0.04975	0.00469
11	0.01372	0.01172	0.01366	0.04113	0.01557	0.04535	0.04879	0.16877	0.08212	0.02236	0.08319	0.06101	0.06119	0.00730	0.00547	0.00149	0.00514	0.00615	0.00450	0.30137
12	0.05910	0.01093	0.01370	0.29783	0.04555	0.03609	0.01093	0.14473	0.07657	0.02103	0.01539	0.06001	0.02954	0.00706	0.00541	0.00177	0.00584	0.00585	0.13220	0.02047

[dist]
# distance from previous block
# <min> <max>
2	17

[block]
# block no. 3 follows, 41 sequences, length 7
# corresponding to MSA columns:
# 139-145
name=unknown_D
#
# <colnr> <probs for GDERKNQSTAVLIFYWHMCP>
#	G	D	E	R	K	N	Q	S	T	A	V	L	I	F	Y	W	H	M	C	P
0	0.12369	0.01034	0.03234	0.01165	0.07160	0.01038	0.00873	0.09434	0.06524	0.14213	0.20272	0.04667	0.06255	0.00901	0.00667	0.00188	0.05304	0.03451	0.00523	0.00727
1	0.19870	0.01495	0.09943	0.17606	0.11674	0.06065	0.03648	0.12485	0.03519	0.04388	0.01163	0.03640	0.00915	0.00613	0.00524	0.00179	0.00664	0.00492	0.00360	0.00758
2	0.01763	0.01561	0.01532	0.01282	0.01563	0.14885	0.01031	0.31344	0.08123	0.02440	0.01293	0.01456	0.01015	0.00877	0.03746	0.00210	0.16600	0.00503	0.07993	0.00784
3	0.00994	0.00497	0.00745	0.00745	0.00745	0.00497	0.00497	0.00745	0.00745	0.00994	0.00994	0.01739	0.00994	0.01987	0.02235	0.83358	0.00497	0.00497	0.00248	0.00248
4	0.00697	0.00498	0.00664	0.00796	0.00830	0.00465	0.00531	0.00796	0.01095	0.01460	0.03153	0.79525	0.03783	0.01792	0.00730	0.00232	0.00332	0.01626	0.00531	0.00465
5	0.00708	0.00508	0.00655	0.00767	0.00807	0.00474	0.00508	0.00801	0.01084	0.01433	0.03194	0.67982	0.08134	0.08912	0.00926	0.00259	0.00350	0.01527	0.00514	0.00455
6	0.01260	0.04872	0.15508	0.19724	0.07533	0.01427	0.34465	0.01714	0.01247	0.01706	0.01065	0.01435	0.00811	0.00538	0.00662	0.00189	0.04262	0.00560	0.00269	0.00753

[dist]
# distance from previous block
# <min> <max>
0	1

[block]
# block no. 4 follows, 41 sequences, length 20
# corresponding to MSA columns:
# 147-166
name=unknown_E
#
# <colnr> <probs for GDERKNQSTAVLIFYWHMCP>
#	G	D	E	R	K	N	Q	S	T	A	V	L	I	F	Y	W	H	M	C	P
0	0.01274	0.01069	0.01233	0.00889	0.01393	0.00853	0.00714	0.07956	0.01320	0.02019	0.01048	0.01203	0.00858	0.00447	0.00437	0.00092	0.00442	0.00355	0.00360	0.76036
1	0.00752	0.00548	0.00711	0.00800	0.00878	0.00509	0.00572	0.00894	0.01186	0.01580	0.10604	0.51766	0.09522	0.04637	0.00805	0.00237	0.00358	0.10803	0.00529	0.02309
2	0.03947	0.01346	0.05916	0.39776	0.02780	0.08294	0.01323	0.02059	0.21855	0.04906	0.01415	0.01630	0.01055	0.00633	0.00561	0.00186	0.00684	0.00526	0.00370	0.00739
3	0.01219	0.16419	0.51815	0.01542	0.02250	0.01465	0.09471	0.01743	0.01194	0.01692	0.01042	0.01330	0.00815	0.04860	0.00655	0.00192	0.00801	0.00451	0.00253	0.00790
4	0.02079	0.01601	0.01640	0.01273	0.01712	0.06273	0.01042	0.63505	0.02490	0.03325	0.01341	0.01369	0.00969	0.00666	0.00555	0.00164	0.00630	0.00497	0.03431	0.05439
5	0.01989	0.02447	0.01595	0.01442	0.01717	0.63321	0.01095	0.02297	0.09677	0.01507	0.01033	0.01170	0.00849	0.00642	0.00629	0.00160	0.07012	0.00409	0.00323	0.00687
6	0.00718	0.00509	0.00670	0.00790	0.00824	0.00481	0.00528	0.00815	0.01078	0.01436	0.03019	0.69477	0.03601	0.09254	0.00941	0.00264	0.00361	0.04265	0.00513	0.00456
7	0.01314	0.01738	0.14311	0.02239	0.02822	0.01447	0.59005	0.01801	0.01300	0.01801	0.01113	0.01475	0.00839	0.00523	0.00728	0.00195	0.05669	0.00627	0.00280	0.00774
8	0.00705	0.00505	0.00664	0.00782	0.00823	0.00471	0.00523	0.00810	0.01114	0.01486	0.06219	0.71973	0.05786	0.04210	0.00795	0.00239	0.00335	0.01565	0.00529	0.00465
9	0.00832	0.00555	0.00624	0.00624	0.00624	0.00555	0.00347	0.00832	0.00832	0.01109	0.01802	0.03743	0.02080	0.79898	0.02911	0.00555	0.00555	0.00832	0.00347	0.00347
10	0.02306	0.01013	0.01314	0.01023	0.01431	0.00932	0.00839	0.12347	0.01778	0.57984	0.10838	0.02143	0.01825	0.00759	0.00587	0.00177	0.00481	0.00621	0.00680	0.00922
11	0.00697	0.00498	0.00664	0.00796	0.00830	0.00465	0.00531	0.00796	0.01095	0.01460	0.03153	0.79525	0.03783	0.01792	0.00730	0.00232	0.00332	0.01626	0.00531	0.00465
12	0.00848	0.00606	0.00702	0.00664	0.00849	0.00528	0.00503	0.01049	0.01454	0.06492	0.34521	0.04777	0.42353	0.01288	0.00669	0.00187	0.00294	0.01097	0.00583	0.00537
13	0.02289	0.01419	0.01603	0.01229	0.01682	0.01501	0.01015	0.53516	0.02382	0.24945	0.01631	0.01541	0.01102	0.00693	0.00573	0.00173	0.00588	0.00533	0.00612	0.00973
14	0.00705	0.00546	0.00642	0.00691	0.00809	0.00484	0.00491	0.00849	0.01264	0.01622	0.15229	0.36167	0.35355	0.01550	0.00698	0.00207	0.00304	0.01356	0.00546	0.00484
15	0.00994	0.00497	0.00745	0.00745	0.00745	0.00497	0.00497	0.00745	0.00745	0.00994	0.00994	0.01739	0.00994	0.01987	0.02235	0.83358	0.00497	0.00497	0.00248	0.00248
16	0.00690	0.00580	0.00599	0.00594	0.00781	0.00489	0.00446	0.00848	0.01337	0.01623	0.13122	0.05376	0.68722	0.01419	0.00676	0.00192	0.00288	0.01189	0.00541	0.00489
17	0.02255	0.01474	0.01637	0.01255	0.01710	0.01583	0.01037	0.59765	0.02474	0.18566	0.01554	0.01491	0.01063	0.00691	0.00573	0.00173	0.00600	0.00527	0.00600	0.00973
18	0.01899	0.01446	0.01506	0.01212	0.01604	0.03557	0.00981	0.49477	0.18944	0.03134	0.01623	0.01608	0.01188	0.00702	0.00557	0.00172	0.00566	0.00543	0.08373	0.00908
19	0.01416	0.01359	0.02322	0.03511	0.76330	0.01359	0.01755	0.01755	0.01302	0.01869	0.01076	0.01416	0.00906	0.00510	0.00566	0.00170	0.00680	0.00510	0.00283	0.00906

[dist]
# distance from previous block
# <min> <max>
0	35

[block]
# block no. 5 follows, 41 sequences, length 38
# corresponding to MSA columns:
# 202-237,250,251
name=unknown_F
#
# <colnr> <probs for GDERKNQSTAVLIFYWHMCP>
#	G	D	E	R	K	N	Q	S	T	A	V	L	I	F	Y	W	H	M	C	P
0	0.00830	0.00628	0.00706	0.00720	0.00899	0.00567	0.00552	0.01065	0.05113	0.04738	0.06187	0.15238	0.48801	0.01440	0.00689	0.00206	0.00342	0.10207	0.00543	0.00529
1	0.01238	0.03728	0.01749	0.01455	0.01476	0.01715	0.01215	0.01369	0.00887	0.01373	0.00793	0.01292	0.00785	0.01154	0.05736	0.00281	0.72378	0.00500	0.00253	0.00623
2	0.04858	0.40142	0.11448	0.01056	0.01490	0.07814	0.01029	0.03704	0.05479	0.01662	0.01154	0.03807	0.00998	0.00760	0.03920	0.00180	0.00656	0.00431	0.08697	0.00714
3	0.01836	0.01394	0.01517	0.02967	0.01667	0.01547	0.01009	0.50052	0.16860	0.03077	0.01823	0.06172	0.03228	0.00815	0.00593	0.00184	0.00569	0.03233	0.00562	0.00895
4	0.01181	0.01035	0.01568	0.32956	0.06559	0.01090	0.06108	0.04490	0.01237	0.01770	0.01195	0.03962	0.00979	0.00592	0.00570	0.00159	0.03137	0.00515	0.09192	0.21707
5	0.09742	0.01058	0.01186	0.00878	0.01353	0.00896	0.00708	0.07453	0.01313	0.06527	0.01118	0.01244	0.00883	0.00479	0.00437	0.00108	0.00442	0.00369	0.02450	0.61356
6	0.00710	0.00515	0.00674	0.00786	0.00839	0.00474	0.00530	0.00819	0.01120	0.01495	0.05219	0.72682	0.06767	0.01731	0.00720	0.00226	0.00330	0.01564	0.00530	0.02268
7	0.02103	0.01570	0.01706	0.01315	0.01750	0.01750	0.01087	0.68881	0.02559	0.03447	0.01332	0.01363	0.00958	0.00697	0.00638	0.00174	0.04781	0.00510	0.00550	0.02830
8	0.00802	0.00582	0.00757	0.00726	0.00857	0.00536	0.00544	0.01059	0.01576	0.02215	0.68493	0.08238	0.07555	0.01219	0.00680	0.00185	0.00279	0.02546	0.00619	0.00534
9	0.01510	0.01324	0.02234	0.03111	0.61852	0.01339	0.04441	0.01830	0.01309	0.08778	0.01168	0.01460	0.00942	0.00558	0.00654	0.00176	0.05583	0.00522	0.00321	0.00889
10	0.01768	0.01308	0.01422	0.01197	0.03866	0.01425	0.00935	0.48032	0.08929	0.03010	0.01978	0.04442	0.08211	0.00794	0.00568	0.00173	0.00532	0.00630	0.09928	0.00852
11	0.00731	0.00514	0.00651	0.00747	0.00776	0.00488	0.00481	0.00806	0.01033	0.01372	0.02875	0.58237	0.05199	0.21770	0.01287	0.00314	0.00388	0.01412	0.00484	0.00435
12	0.01416	0.01359	0.02322	0.03511	0.76330	0.01359	0.01755	0.01755	0.01302	0.01869	0.01076	0.01416	0.00906	0.00510	0.00566	0.00170	0.00680	0.00510	0.00283	0.00906
13	0.02084	0.01386	0.01535	0.01194	0.01614	0.01482	0.00974	0.52310	0.04950	0.15958	0.01720	0.01746	0.03593	0.04541	0.00687	0.00191	0.00580	0.00565	0.00580	0.02309
14	0.00723	0.00509	0.00657	0.00761	0.00798	0.00478	0.00501	0.00801	0.01061	0.01404	0.03045	0.63461	0.07203	0.11773	0.01056	0.02998	0.00364	0.01466	0.00498	0.00443
15	0.53853	0.01112	0.01054	0.00876	0.01264	0.01201	0.00723	0.08328	0.01310	0.23587	0.01259	0.01255	0.00875	0.00594	0.00435	0.00177	0.00471	0.00403	0.00473	0.00750
16	0.01557	0.76745	0.02935	0.01001	0.01482	0.05663	0.00984	0.01739	0.01183	0.01348	0.00799	0.00923	0.00734	0.00494	0.00374	0.00123	0.00631	0.00309	0.00247	0.00731
17	0.03139	0.01568	0.06687	0.16620	0.25283	0.13789	0.05173	0.05110	0.07084	0.01823	0.01413	0.01765	0.04265	0.00643	0.00573	0.00178	0.00731	0.03053	0.00334	0.00770
18	0.01125	0.00868	0.00958	0.00876	0.01093	0.00894	0.00671	0.15071	0.12687	0.02098	0.11637	0.08892	0.23297	0.11053	0.00934	0.00241	0.00429	0.06012	0.00534	0.00630
19	0.00676	0.00579	0.00579	0.00579	0.00773	0.00483	0.00435	0.00821	0.01304	0.01545	0.05794	0.05505	0.76098	0.01449	0.00676	0.00193	0.00290	0.01207	0.00531	0.00483
20	0.03568	0.01364	0.01869	0.02261	0.34857	0.06870	0.05222	0.04700	0.17160	0.10582	0.01558	0.04839	0.01244	0.00653	0.00575	0.00178	0.00628	0.00587	0.00419	0.00866
21	0.01289	0.31566	0.49566	0.01389	0.02103	0.01674	0.01693	0.01775	0.01191	0.01639	0.00941	0.01100	0.00728	0.00523	0.00478	0.00159	0.00759	0.00379	0.00243	0.00804
22	0.01340	0.01569	0.05324	0.02348	0.02908	0.01457	0.68976	0.01811	0.01325	0.01811	0.01135	0.01521	0.00859	0.00507	0.00726	0.00195	0.04476	0.00660	0.00286	0.00767
23	0.01165	0.01122	0.01550	0.01358	0.01374	0.01526	0.01114	0.01293	0.00927	0.01419	0.01243	0.09401	0.04213	0.01088	0.01659	0.00242	0.64862	0.00645	0.03199	0.00600
24	0.00830	0.00562	0.00660	0.00660	0.00673	0.00574	0.00392	0.00855	0.00843	0.01136	0.01769	0.03559	0.01999	0.70585	0.12115	0.00599	0.00675	0.00805	0.00342	0.00367
25	0.01351	0.01147	0.01240	0.01148	0.01444	0.01313	0.00908	0.02774	0.64699	0.02295	0.02428	0.02753	0.01967	0.00891	0.00612	0.00204	0.00463	0.10937	0.00574	0.00851
26	0.01356	0.01036	0.01181	0.01196	0.08222	0.03013	0.00837	0.02232	0.35399	0.08819	0.11741	0.02601	0.08843	0.00839	0.00578	0.00180	0.00432	0.00708	0.10012	0.00778
27	0.04578	0.01069	0.01724	0.63104	0.11607	0.01289	0.01531	0.01584	0.04978	0.01600	0.01082	0.01520	0.00823	0.00574	0.00563	0.00188	0.00724	0.00507	0.00278	0.00678
28	0.01586	0.73054	0.02870	0.01025	0.01496	0.09250	0.00990	0.01766	0.01205	0.01351	0.00803	0.00928	0.00734	0.00499	0.00381	0.00125	0.00651	0.00312	0.00249	0.00727
29	0.00824	0.00560	0.00664	0.00669	0.00684	0.00572	0.00402	0.00855	0.00854	0.01152	0.01823	0.06699	0.02066	0.66890	0.12468	0.00588	0.00671	0.00837	0.00349	0.00373
30	0.01188	0.00675	0.00875	0.00864	0.01021	0.00633	0.00632	0.05638	0.01349	0.17240	0.08595	0.48241	0.05008	0.02769	0.00721	0.00218	0.00384	0.02769	0.00575	0.00606
31	0.01296	0.16964	0.54833	0.01468	0.02184	0.05718	0.01779	0.01820	0.01236	0.03386	0.01074	0.01346	0.00833	0.00576	0.00519	0.00171	0.00794	0.02932	0.00266	0.00807
32	0.05226	0.00993	0.01321	0.01016	0.01456	0.00878	0.00839	0.04464	0.01641	0.72546	0.02188	0.01900	0.01379	0.00702	0.00568	0.00177	0.00489	0.00565	0.00693	0.00962
33	0.01120	0.02796	0.71699	0.01563	0.02362	0.01272	0.02002	0.01753	0.01226	0.01820	0.03872	0.01458	0.03365	0.00596	0.00552	0.00181	0.00806	0.00470	0.00265	0.00822
34	0.00857	0.00632	0.00804	0.02895	0.00999	0.00614	0.00610	0.06151	0.01409	0.01906	0.27322	0.38053	0.09733	0.01438	0.00694	0.00208	0.00349	0.04232	0.00559	0.00534
35	0.00925	0.00651	0.00841	0.00845	0.03607	0.00608	0.00601	0.01220	0.04583	0.06115	0.51213	0.11081	0.13122	0.01196	0.00667	0.00186	0.00312	0.01050	0.00599	0.00578
36	0.00807	0.00544	0.00631	0.00655	0.00661	0.00538	0.00380	0.00825	0.00880	0.01173	0.02048	0.17527	0.02389	0.65692	0.02515	0.00496	0.00514	0.00976	0.00380	0.00368
37	0.00849	0.00620	0.00847	0.00958	0.01049	0.00625	0.00772	0.01041	0.01209	0.01591	0.03005	0.31038	0.04814	0.04198	0.00876	0.00260	0.03264	0.41970	0.00512	0.00502

[dist]
# distance from previous block
# <min> <max>
0	2

[block]
# block no. 6 follows, 41 sequences, length 9
# corresponding to MSA columns:
# 254-262
name=unknown_G
#
# <colnr> <probs for GDERKNQSTAVLIFYWHMCP>
#	G	D	E	R	K	N	Q	S	T	A	V	L	I	F	Y	W	H	M	C	P
0	0.00895	0.00654	0.00843	0.00789	0.00942	0.00641	0.00606	0.05622	0.01574	0.02206	0.56989	0.03939	0.06769	0.01570	0.10750	0.00279	0.00467	0.03327	0.00577	0.00561
1	0.00834	0.00675	0.01059	0.00985	0.01130	0.00631	0.10199	0.01041	0.01292	0.01757	0.24303	0.36903	0.06471	0.04747	0.00801	0.00226	0.00416	0.05484	0.00520	0.00526
2	0.15941	0.17724	0.10893	0.04447	0.10948	0.24811	0.04239	0.01894	0.01299	0.01718	0.00908	0.01099	0.00742	0.00539	0.00476	0.00158	0.00767	0.00387	0.00285	0.00725
3	0.00868	0.00629	0.00778	0.00755	0.00772	0.00692	0.00492	0.00914	0.00851	0.01171	0.01660	0.03261	0.01848	0.59880	0.15418	0.00588	0.07930	0.00764	0.00331	0.00400
4	0.01384	0.10526	0.43823	0.11600	0.02417	0.17348	0.01718	0.01854	0.01281	0.01632	0.00972	0.01183	0.00733	0.00551	0.00523	0.00169	0.00850	0.00411	0.00255	0.00768
5	0.00692	0.00580	0.00602	0.00596	0.00782	0.00490	0.00447	0.00852	0.01341	0.01634	0.14168	0.05358	0.67669	0.01415	0.00676	0.00192	0.00287	0.01187	0.00543	0.00490
6	0.68140	0.01136	0.00936	0.00813	0.01167	0.01301	0.00667	0.11185	0.01212	0.02676	0.00938	0.01061	0.00718	0.00560	0.00385	0.00174	0.00456	0.00350	0.05465	0.00660
7	0.01536	0.00995	0.01157	0.01020	0.01304	0.01041	0.00809	0.15422	0.20049	0.15665	0.08816	0.12743	0.03870	0.00995	0.00617	0.00193	0.00452	0.07235	0.05306	0.00776
8	0.03637	0.01201	0.05886	0.01158	0.03080	0.02872	0.00939	0.26214	0.04614	0.10239	0.02124	0.25361	0.02058	0.01081	0.00630	0.00199	0.00528	0.06891	0.00532	0.00754

[dist]
# distance from previous block
# <min> <max>
5	11

[block]
# block no. 7 follows, 41 sequences, length 41
# corresponding to MSA columns:
# 275-288,290-316
name=unknown_H
#
# <colnr> <probs for GDERKNQSTAVLIFYWHMCP>
#	G	D	E	R	K	N	Q	S	T	A	V	L	I	F	Y	W	H	M	C	P
0	0.00838	0.00600	0.00771	0.02027	0.00865	0.00618	0.00521	0.00941	0.00945	0.01312	0.05935	0.08804	0.02112	0.41290	0.25325	0.00592	0.00818	0.00806	0.00362	0.04519
1	0.00730	0.00516	0.00671	0.00779	0.00814	0.00489	0.00520	0.00826	0.01079	0.01441	0.05007	0.62696	0.03547	0.13718	0.01065	0.00281	0.00372	0.04492	0.00505	0.00451
2	0.01178	0.06544	0.63776	0.01605	0.02377	0.01345	0.07600	0.01785	0.01216	0.01806	0.01067	0.01265	0.00773	0.00542	0.00538	0.00177	0.00815	0.00442	0.04332	0.00819
3	0.01327	0.30876	0.41379	0.05204	0.02169	0.04607	0.03692	0.01777	0.01208	0.01610	0.00940	0.01121	0.00734	0.00525	0.00483	0.00159	0.00767	0.00390	0.00247	0.00785
4	0.00727	0.00533	0.00716	0.04615	0.00972	0.00517	0.00572	0.00838	0.01084	0.01437	0.03020	0.65936	0.06250	0.06973	0.02705	0.00267	0.00395	0.01478	0.00500	0.00467
5	0.00805	0.00572	0.00716	0.00787	0.00836	0.02025	0.00538	0.00872	0.01058	0.01398	0.06004	0.42704	0.05742	0.13630	0.05189	0.10542	0.00468	0.05225	0.00457	0.00434
6	0.00975	0.00844	0.00838	0.00806	0.01006	0.05750	0.00616	0.06207	0.07303	0.01822	0.12102	0.09550	0.39274	0.03579	0.00729	0.00206	0.00403	0.06895	0.00528	0.00567
7	0.01311	0.01475	0.05948	0.04558	0.16533	0.01407	0.44435	0.01711	0.01256	0.01746	0.01123	0.01583	0.00914	0.04464	0.00878	0.00212	0.08785	0.00619	0.00284	0.00760
8	0.00813	0.00544	0.00625	0.00650	0.00669	0.00534	0.00387	0.00850	0.00915	0.01240	0.02190	0.17925	0.04799	0.58774	0.02305	0.00461	0.00490	0.00978	0.04469	0.00382
9	0.01327	0.01229	0.02013	0.35904	0.39299	0.01352	0.01633	0.07096	0.01338	0.01823	0.01073	0.01460	0.00849	0.00550	0.00569	0.00179	0.00712	0.00509	0.00292	0.00794
10	0.20532	0.02369	0.53064	0.03593	0.02163	0.01297	0.03429	0.01751	0.01166	0.01993	0.03103	0.01246	0.00837	0.00558	0.00507	0.00181	0.00735	0.00422	0.00280	0.00776
11	0.00779	0.00577	0.00728	0.00714	0.00848	0.00526	0.00532	0.01011	0.01505	0.02069	0.54976	0.12215	0.16801	0.01290	0.00684	0.00190	0.00287	0.03145	0.00600	0.00522
12	0.02475	0.01119	0.01418	0.01087	0.01533	0.01057	0.00898	0.19423	0.01881	0.59745	0.02051	0.01814	0.01313	0.00703	0.00575	0.00176	0.00520	0.00561	0.00676	0.00973
13	0.01352	0.01242	0.02086	0.22217	0.52642	0.01306	0.01650	0.01723	0.02775	0.03906	0.01167	0.01594	0.00959	0.00562	0.00574	0.00178	0.00687	0.02249	0.00300	0.00831
14	0.00874	0.00714	0.00842	0.00867	0.04087	0.04363	0.00606	0.01110	0.01517	0.02062	0.53814	0.11731	0.12836	0.01207	0.00668	0.00185	0.00333	0.01059	0.00577	0.00547
15	0.83938	0.01106	0.00841	0.00752	0.01106	0.01283	0.00619	0.01681	0.00973	0.02566	0.00796	0.00929	0.00619	0.00531	0.00354	0.00177	0.00442	0.00310	0.00354	0.00619
16	0.03241	0.14998	0.53366	0.01622	0.07976	0.03421	0.01797	0.01779	0.01225	0.01764	0.03173	0.01256	0.00874	0.00551	0.00516	0.00170	0.00774	0.00425	0.00261	0.00813
17	0.00975	0.00776	0.01218	0.01124	0.01276	0.00778	0.11586	0.02352	0.04033	0.04778	0.02574	0.49931	0.02875	0.02945	0.00825	0.00231	0.05396	0.05276	0.00484	0.00568
18	0.00732	0.00537	0.00687	0.00744	0.00831	0.00492	0.00522	0.00893	0.01295	0.01748	0.27698	0.45406	0.13219	0.01543	0.00705	0.00210	0.00306	0.01378	0.00564	0.00492
19	0.01935	0.12349	0.01896	0.06494	0.08554	0.35284	0.01173	0.21808	0.01793	0.02041	0.01032	0.01176	0.00818	0.00595	0.00520	0.00156	0.00818	0.00422	0.00360	0.00777
20	0.00832	0.00574	0.00676	0.00704	0.00745	0.00563	0.00453	0.02277	0.00991	0.01303	0.02436	0.17758	0.08280	0.49682	0.02102	0.02382	0.00491	0.06935	0.00412	0.00403
21	0.01260	0.17687	0.59896	0.01494	0.02256	0.01524	0.01857	0.04590	0.01256	0.01791	0.00996	0.01159	0.00736	0.00539	0.00511	0.00170	0.00792	0.00404	0.00255	0.00829
22	0.01911	0.00843	0.01127	0.00916	0.01246	0.00751	0.00736	0.02190	0.03754	0.48223	0.28385	0.02776	0.02835	0.00873	0.00611	0.00179	0.00409	0.00740	0.00677	0.00818
23	0.05615	0.00565	0.00550	0.00545	0.00691	0.00574	0.00412	0.01352	0.01187	0.02156	0.01807	0.02066	0.01420	0.00659	0.00397	0.00136	0.00276	0.00521	0.78533	0.00538
24	0.00925	0.00648	0.00895	0.01019	0.01149	0.00647	0.00885	0.01186	0.01306	0.01730	0.02966	0.07675	0.03199	0.01533	0.00767	0.00255	0.00508	0.67020	0.05160	0.00526
25	0.01460	0.60500	0.19707	0.01141	0.01705	0.04223	0.01239	0.01752	0.01186	0.01453	0.00850	0.00987	0.00732	0.00504	0.00411	0.00136	0.00677	0.00334	0.00245	0.00757
26	0.00720	0.00586	0.00640	0.00642	0.00819	0.00507	0.00492	0.00897	0.01364	0.01699	0.18850	0.05344	0.57199	0.01406	0.00684	0.00196	0.00304	0.06602	0.00549	0.00497
27	0.00880	0.00628	0.00874	0.01005	0.01119	0.00622	0.00849	0.01112	0.01275	0.01665	0.03052	0.20103	0.03384	0.01620	0.00779	0.00258	0.00490	0.59244	0.00527	0.00515
28	0.01529	0.80242	0.02997	0.00979	0.01468	0.02263	0.00979	0.01713	0.01162	0.01346	0.00795	0.00918	0.00734	0.00489	0.00367	0.00122	0.00612	0.00306	0.00245	0.00734
29	0.00704	0.00513	0.00664	0.00768	0.00826	0.00473	0.00522	0.00822	0.01159	0.01538	0.09459	0.65882	0.11150	0.01706	0.00720	0.00224	0.00322	0.01535	0.00539	0.00473
30	0.00700	0.00511	0.00660	0.00770	0.00825	0.00470	0.00521	0.00813	0.01143	0.01511	0.07060	0.68048	0.11411	0.01725	0.00722	0.00226	0.00324	0.01553	0.00536	0.00470
31	0.00817	0.00613	0.00919	0.00919	0.01021	0.00715	0.00715	0.01021	0.00919	0.01328	0.01532	0.02247	0.01430	0.04290	0.77631	0.00919	0.01532	0.00613	0.00306	0.00511
32	0.01147	0.02959	0.76934	0.01630	0.02476	0.01328	0.02113	0.01811	0.01208	0.01811	0.01026	0.01208	0.00725	0.00543	0.00543	0.00181	0.00845	0.00423	0.00242	0.00845
33	0.01489	0.01394	0.01924	0.04332	0.43834	0.05254	0.01422	0.06246	0.23973	0.02093	0.01464	0.01616	0.01154	0.00606	0.00569	0.00177	0.00627	0.00545	0.00390	0.00891
34	0.12167	0.06968	0.59526	0.01452	0.02195	0.01354	0.01798	0.01830	0.01192	0.05061	0.01035	0.01186	0.00741	0.00546	0.00510	0.00177	0.00764	0.00408	0.00276	0.00815
35	0.01300	0.29883	0.45232	0.01522	0.06029	0.01660	0.03556	0.01774	0.01200	0.01652	0.00952	0.01126	0.00741	0.00521	0.00486	0.00160	0.00758	0.00393	0.00246	0.00808
36	0.01283	0.01048	0.01131	0.01036	0.01321	0.01154	0.00816	0.05496	0.47686	0.04131	0.04736	0.03184	0.15931	0.00981	0.00621	0.00199	0.00433	0.07456	0.00571	0.00787
37	0.02115	0.01546	0.01663	0.01292	0.01736	0.01709	0.01062	0.65204	0.09639	0.05889	0.01494	0.01465	0.01062	0.00696	0.00573	0.00174	0.00608	0.00530	0.00578	0.00966
38	0.01110	0.00796	0.01006	0.07456	0.01301	0.00826	0.00750	0.12926	0.04098	0.03783	0.20064	0.19002	0.06784	0.03845	0.00868	0.07111	0.00444	0.06725	0.00514	0.00591
39	0.00753	0.00546	0.00716	0.00813	0.00845	0.00542	0.00554	0.00847	0.01058	0.01416	0.02837	0.60429	0.03366	0.13903	0.01120	0.00285	0.03588	0.05434	0.00491	0.00456
40	0.01007	0.00885	0.00924	0.00899	0.00987	0.10839	0.00645	0.01127	0.00979	0.01259	0.01527	0.02607	0.01559	0.31186	0.38571	0.00669	0.02881	0.00657	0.00318	0.00474

[dist]
# distance from previous block
# <min> <max>
0	2

[block]
# block no. 8 follows, 41 sequences, length 18
# corresponding to MSA columns:
# 319-328,336-343
name=unknown_I
#
# <colnr> <probs for GDERKNQSTAVLIFYWHMCP>
#	G	D	E	R	K	N	Q	S	T	A	V	L	I	F	Y	W	H	M	C	P
0	0.01929	0.01446	0.01535	0.01222	0.01600	0.04839	0.00989	0.55742	0.02279	0.04874	0.01421	0.01631	0.01100	0.06148	0.10286	0.00288	0.00751	0.00542	0.00516	0.00862
1	0.01329	0.01104	0.01262	0.00922	0.01417	0.00922	0.00741	0.11478	0.03818	0.02119	0.01108	0.01243	0.00894	0.00471	0.00449	0.00100	0.00453	0.00373	0.00379	0.69416
2	0.01239	0.01021	0.01456	0.21362	0.09287	0.01182	0.03217	0.08917	0.03866	0.01960	0.06740	0.01904	0.03128	0.00735	0.00754	0.00183	0.13024	0.00577	0.18772	0.00675
3	0.01593	0.01147	0.01429	0.01167	0.01459	0.01237	0.04312	0.28011	0.03044	0.10169	0.01641	0.10945	0.01464	0.08576	0.06473	0.00274	0.09551	0.00686	0.00476	0.06348
4	0.00697	0.00498	0.00664	0.00796	0.00830	0.00465	0.00531	0.00796	0.01095	0.01460	0.03153	0.79525	0.03783	0.01792	0.00730	0.00232	0.00332	0.01626	0.00531	0.00465
5	0.02536	0.01021	0.01357	0.01040	0.01484	0.00912	0.00859	0.08246	0.01717	0.71154	0.02189	0.01903	0.01382	0.00706	0.00575	0.00177	0.00498	0.00571	0.00698	0.00973
6	0.02413	0.00928	0.01246	0.00968	0.01379	0.00809	0.00796	0.02639	0.01592	0.69113	0.02217	0.01966	0.01421	0.00704	0.00557	0.00173	0.00464	0.00571	0.09114	0.00928
7	0.08062	0.01513	0.01621	0.01250	0.01699	0.01659	0.01033	0.63090	0.02477	0.09782	0.01407	0.01391	0.00985	0.00677	0.00557	0.00172	0.00604	0.00505	0.00568	0.00947
8	0.00891	0.00693	0.00744	0.00704	0.00920	0.00644	0.00537	0.01271	0.12114	0.05291	0.14815	0.04678	0.52044	0.01278	0.00657	0.00191	0.00320	0.01072	0.00560	0.00575
9	0.00728	0.00520	0.00696	0.00813	0.00864	0.00489	0.00567	0.00858	0.01163	0.01560	0.09854	0.65968	0.03887	0.01715	0.00730	0.00230	0.00344	0.07996	0.00540	0.00477
10	0.00985	0.00624	0.00816	0.00746	0.00914	0.00569	0.00567	0.01246	0.01612	0.09868	0.66398	0.04072	0.07106	0.01131	0.00665	0.00180	0.00293	0.00993	0.00635	0.00582
11	0.02116	0.01024	0.01280	0.01025	0.01409	0.00986	0.00831	0.10182	0.12867	0.47455	0.10460	0.02181	0.01868	0.00767	0.00583	0.00178	0.00467	0.00630	0.02790	0.00903
12	0.02234	0.01277	0.01492	0.01153	0.01582	0.01310	0.00949	0.40377	0.02190	0.32903	0.07074	0.01811	0.01468	0.00730	0.00581	0.00174	0.00546	0.00576	0.00631	0.00942
13	0.00817	0.00613	0.00919	0.00919	0.01021	0.00715	0.00715	0.01021	0.00919	0.01328	0.01532	0.02247	0.01430	0.04290	0.77631	0.00919	0.01532	0.00613	0.00306	0.00511
14	0.01257	0.00738	0.00913	0.00819	0.01029	0.00693	0.00620	0.06639	0.03098	0.17682	0.28824	0.14009	0.12900	0.07151	0.00823	0.00216	0.00378	0.00981	0.00593	0.00637
15	0.00787	0.00623	0.00707	0.00733	0.00886	0.00579	0.00554	0.01040	0.06175	0.01634	0.09301	0.14849	0.39993	0.07428	0.00865	0.00236	0.00362	0.12214	0.00527	0.00509
16	0.01522	0.01253	0.01342	0.01183	0.01517	0.01429	0.00940	0.15945	0.56389	0.02562	0.02207	0.02324	0.01722	0.00821	0.00596	0.00195	0.00491	0.06096	0.00576	0.00889
17	0.00989	0.00624	0.00822	0.00750	0.00916	0.00570	0.00570	0.01254	0.01621	0.09890	0.68499	0.04035	0.04991	0.01122	0.00664	0.00180	0.00292	0.00988	0.00638	0.00584

[dist]
# distance from previous block
# <min> <max>
0	2

[block]
# block no. 9 follows, 41 sequences, length 28
# corresponding to MSA columns:
# 346-373
name=unknown_J
#
# <colnr> <probs for GDERKNQSTAVLIFYWHMCP>
#	G	D	E	R	K	N	Q	S	T	A	V	L	I	F	Y	W	H	M	C	P
0	0.01186	0.01017	0.01186	0.00847	0.01356	0.00762	0.00678	0.01440	0.01186	0.01864	0.01017	0.01186	0.00847	0.00424	0.00424	0.00085	0.00424	0.00339	0.00339	0.83395
1	0.01323	0.01312	0.03993	0.05073	0.51011	0.04440	0.01463	0.01672	0.03140	0.01863	0.07645	0.05489	0.01434	0.00636	0.00570	0.00168	0.00624	0.00592	0.00335	0.07218
2	0.01342	0.01518	0.03284	0.05297	0.05047	0.01437	0.69527	0.01816	0.01341	0.01819	0.01150	0.01539	0.00865	0.00486	0.00668	0.00192	0.00949	0.00664	0.00288	0.00770
3	0.01320	0.01384	0.07465	0.26505	0.20772	0.01362	0.14429	0.07163	0.08440	0.01899	0.01255	0.03227	0.00989	0.00593	0.00591	0.00185	0.00735	0.00570	0.00328	0.00787
4	0.01112	0.00659	0.00867	0.00827	0.00906	0.00687	0.00587	0.10012	0.02509	0.01468	0.01354	0.08846	0.01329	0.03248	0.06449	0.53124	0.00551	0.00619	0.04444	0.00403
5	0.01183	0.08849	0.67308	0.03527	0.04462	0.01400	0.02003	0.01794	0.01205	0.01768	0.01010	0.01199	0.00731	0.00539	0.00531	0.00177	0.00821	0.00418	0.00243	0.00833
6	0.00832	0.00555	0.00624	0.00624	0.00624	0.00555	0.00347	0.00832	0.00832	0.01109	0.01802	0.03743	0.02080	0.79898	0.02911	0.00555	0.00555	0.00832	0.00347	0.00347
7	0.01186	0.01017	0.01186	0.00847	0.01356	0.00762	0.00678	0.01440	0.01186	0.01864	0.01017	0.01186	0.00847	0.00424	0.00424	0.00085	0.00424	0.00339	0.00339	0.83395
8	0.00738	0.00581	0.00668	0.00663	0.00824	0.00511	0.00500	0.00933	0.01414	0.01832	0.32177	0.08477	0.42882	0.01364	0.00683	0.00193	0.00294	0.04193	0.00568	0.00505
9	0.00706	0.00505	0.00672	0.00790	0.00832	0.00471	0.00532	0.00820	0.01139	0.01530	0.09227	0.73253	0.03918	0.01740	0.00725	0.00228	0.00327	0.01577	0.00539	0.00471
10	0.03947	0.01026	0.01200	0.00910	0.01354	0.00869	0.00727	0.09411	0.01401	0.11824	0.02823	0.07802	0.01257	0.00619	0.00487	0.00123	0.00444	0.00507	0.00434	0.52835
11	0.00994	0.00497	0.00745	0.00745	0.00745	0.00497	0.00497	0.00745	0.00745	0.00994	0.00994	0.01739	0.00994	0.01987	0.02235	0.83358	0.00497	0.00497	0.00248	0.00248
12	0.19664	0.00703	0.00782	0.00727	0.00912	0.00708	0.00558	0.01216	0.01473	0.02356	0.58965	0.03514	0.04313	0.01025	0.00602	0.00179	0.00309	0.00870	0.00567	0.00558
13	0.02954	0.01401	0.01920	0.09875	0.40576	0.09877	0.03095	0.01879	0.10311	0.01868	0.06834	0.01674	0.01302	0.00623	0.00614	0.00176	0.03320	0.00550	0.00344	0.00807
14	0.01011	0.00832	0.00882	0.06648	0.01104	0.06657	0.00619	0.04169	0.01096	0.01378	0.02191	0.03661	0.10172	0.46091	0.01969	0.00403	0.02562	0.07716	0.00381	0.00459
15	0.01128	0.00735	0.00907	0.00830	0.01026	0.00710	0.00631	0.06779	0.06643	0.10830	0.40138	0.15585	0.09431	0.01172	0.00658	0.00189	0.00345	0.01022	0.00608	0.00631
16	0.01334	0.01066	0.01141	0.01037	0.01315	0.01200	0.00799	0.02562	0.56677	0.04006	0.02460	0.02361	0.07416	0.00910	0.00700	0.06455	0.00430	0.00669	0.06665	0.00797
17	0.10941	0.01667	0.01519	0.01227	0.01625	0.14822	0.00990	0.48416	0.02212	0.02953	0.01559	0.01577	0.06554	0.00710	0.00546	0.00170	0.00653	0.00519	0.00497	0.00844
18	0.01095	0.00695	0.00851	0.00913	0.06495	0.00728	0.00621	0.06656	0.01223	0.01937	0.01722	0.02319	0.01488	0.10224	0.16189	0.00346	0.00616	0.02143	0.43171	0.00568
19	0.01382	0.12198	0.13975	0.14454	0.23476	0.06476	0.01460	0.01831	0.06976	0.04553	0.01184	0.01445	0.00943	0.00836	0.06242	0.00225	0.00772	0.00479	0.00308	0.00786
20	0.01144	0.02317	0.53600	0.01526	0.06212	0.01199	0.01715	0.01794	0.06989	0.01932	0.08744	0.01668	0.01339	0.00632	0.00550	0.00178	0.00705	0.00515	0.06444	0.00799
21	0.01254	0.10137	0.38442	0.04489	0.09219	0.01395	0.01590	0.01821	0.08626	0.03484	0.01207	0.01520	0.00970	0.06739	0.00815	0.00210	0.06509	0.00486	0.00300	0.00786
22	0.03196	0.40782	0.15883	0.01040	0.01478	0.03059	0.01054	0.03165	0.01162	0.01491	0.01380	0.01766	0.06618	0.12620	0.00857	0.00210	0.02784	0.00486	0.00292	0.00675
23	0.00751	0.00643	0.00831	0.00767	0.00960	0.00563	0.06026	0.00937	0.01334	0.01680	0.16692	0.13882	0.50114	0.01371	0.00682	0.00196	0.00342	0.01189	0.00529	0.00512
24	0.11524	0.00724	0.02477	0.02097	0.00993	0.00686	0.00618	0.01148	0.03678	0.01912	0.25688	0.15216	0.15937	0.07060	0.00811	0.00226	0.00377	0.07779	0.00515	0.00534
25	0.01261	0.10416	0.20252	0.06334	0.17349	0.01262	0.03817	0.06931	0.01313	0.03545	0.02792	0.09996	0.04517	0.06868	0.00748	0.00207	0.00649	0.00654	0.00346	0.00743
26	0.07157	0.00763	0.00935	0.00959	0.03334	0.00773	0.03139	0.01369	0.14220	0.01840	0.10333	0.31347	0.16109	0.01304	0.00656	0.00207	0.00388	0.04057	0.00520	0.00591
27	0.00956	0.00616	0.00785	0.00734	0.00901	0.00555	0.00553	0.01189	0.01533	0.09533	0.52544	0.10050	0.15439	0.01213	0.00669	0.00186	0.00299	0.01060	0.00615	0.00569

[dist]
# distance from previous block
# <min> <max>
0	4

[block]
# block no. 10 follows, 41 sequences, length 9
# corresponding to MSA columns:
# 378-386
name=unknown_K
#
# <colnr> <probs for GDERKNQSTAVLIFYWHMCP>
#	G	D	E	R	K	N	Q	S	T	A	V	L	I	F	Y	W	H	M	C	P
0	0.08978	0.01212	0.04941	0.10338	0.11145	0.01189	0.20784	0.03565	0.05496	0.01966	0.12633	0.07914	0.01827	0.00765	0.00655	0.00192	0.03392	0.01917	0.00385	0.00707
1	0.03419	0.17228	0.06765	0.13712	0.05060	0.07588	0.01128	0.13582	0.09154	0.01943	0.01306	0.03967	0.01096	0.03662	0.05614	0.00229	0.00710	0.00516	0.02584	0.00739
2	0.01114	0.01015	0.00920	0.00855	0.01095	0.10494	0.00671	0.12154	0.01555	0.01856	0.04205	0.04415	0.47325	0.01239	0.00652	0.00192	0.00461	0.08693	0.00507	0.00584
3	0.00964	0.00856	0.00972	0.01188	0.10491	0.08922	0.00721	0.01084	0.01138	0.01453	0.02440	0.49689	0.02832	0.13286	0.01015	0.00264	0.00485	0.01229	0.00446	0.00524
4	0.11772	0.01155	0.03646	0.16130	0.14236	0.02479	0.04742	0.04167	0.03041	0.04865	0.01565	0.05242	0.02704	0.00840	0.00731	0.00203	0.09071	0.12346	0.00371	0.00695
5	0.01470	0.01473	0.01665	0.01432	0.01539	0.13125	0.01167	0.10762	0.01228	0.01664	0.00956	0.03937	0.00902	0.01028	0.03814	0.00245	0.52093	0.00524	0.00309	0.00666
6	0.00888	0.00715	0.01121	0.00956	0.01148	0.00659	0.11640	0.01097	0.01397	0.01904	0.40801	0.06046	0.16360	0.01237	0.00875	0.10753	0.00409	0.00960	0.00510	0.00526
7	0.00772	0.00556	0.00684	0.00733	0.00808	0.00524	0.00511	0.00896	0.01163	0.01539	0.14736	0.28271	0.14444	0.22496	0.01303	0.00308	0.00396	0.08908	0.00497	0.00454
8	0.08130	0.03376	0.15428	0.05065	0.23003	0.01197	0.01315	0.01763	0.09264	0.04592	0.12545	0.01907	0.01656	0.00911	0.05597	0.00227	0.02298	0.00575	0.00380	0.00771

[dist]
# distance from previous block
# <min> <max>
0	19

# created by:
# /st0/software/busco_prod/Augustus/scripts/msa2prfl.pl ./align_prep/185210.fa
