[name]
unknown

[dist]
# distance from previous block
# <min> <max>
2	54

[block]
# block no. 0 follows, 44 sequences, length 71
# corresponding to MSA columns:
# 68-138
name=unknown_A
#
# <colnr> <probs for GDERKNQSTAVLIFYWHMCP>
#	G	D	E	R	K	N	Q	S	T	A	V	L	I	F	Y	W	H	M	C	P
0	0.09601	0.01040	0.05922	0.12749	0.07730	0.01003	0.00956	0.04239	0.13966	0.09536	0.08937	0.11819	0.05130	0.02304	0.00594	0.00185	0.00487	0.00701	0.00442	0.02658
1	0.05552	0.01428	0.01447	0.01164	0.01554	0.06011	0.00940	0.45346	0.18086	0.02854	0.01466	0.03254	0.01110	0.00667	0.00528	0.00162	0.00558	0.00513	0.00506	0.06854
2	0.00861	0.05548	0.00832	0.00693	0.00850	0.00618	0.00528	0.01050	0.01337	0.05213	0.38302	0.08840	0.20458	0.08534	0.00826	0.00210	0.00330	0.03937	0.00525	0.00510
3	0.05073	0.01222	0.01680	0.01413	0.01490	0.03661	0.04850	0.01453	0.00926	0.06112	0.00829	0.01228	0.00754	0.00881	0.01555	0.00226	0.65273	0.00478	0.00273	0.00624
4	0.01223	0.03356	0.07233	0.04616	0.02567	0.02618	0.57592	0.01634	0.01235	0.01662	0.01224	0.06405	0.01035	0.04179	0.00723	0.00199	0.00844	0.00673	0.00288	0.00696
5	0.00853	0.00654	0.00811	0.00759	0.00920	0.00608	0.03892	0.03969	0.01172	0.01550	0.05148	0.10223	0.26497	0.20191	0.01136	0.00267	0.00416	0.09938	0.05357	0.05640
6	0.01023	0.00731	0.00878	0.00899	0.01071	0.04127	0.00734	0.01230	0.01273	0.08186	0.08744	0.13459	0.10356	0.03202	0.00724	0.00219	0.00452	0.36493	0.00500	0.05700
7	0.79543	0.01062	0.00828	0.00741	0.01077	0.01231	0.00607	0.01683	0.05594	0.02436	0.00849	0.00957	0.00657	0.00521	0.00351	0.00170	0.00422	0.00315	0.00351	0.00607
8	0.73856	0.01094	0.00885	0.00778	0.01121	0.01263	0.00638	0.06777	0.05706	0.02504	0.00887	0.00986	0.00680	0.00531	0.00365	0.00169	0.00435	0.00329	0.00365	0.00630
9	0.75825	0.01056	0.00849	0.00753	0.01092	0.01212	0.00617	0.01730	0.05622	0.05843	0.00912	0.01000	0.00691	0.00528	0.00360	0.00170	0.00424	0.00326	0.00366	0.00623
10	0.01297	0.01255	0.03380	0.04368	0.56922	0.01229	0.07217	0.04919	0.01272	0.01784	0.01307	0.01685	0.04696	0.05502	0.00691	0.00188	0.00645	0.00549	0.00297	0.00797
11	0.02159	0.00890	0.01176	0.00930	0.01303	0.00798	0.00758	0.02463	0.06431	0.62458	0.08062	0.02053	0.01673	0.00711	0.00546	0.00168	0.00433	0.00585	0.05537	0.00866
12	0.02423	0.00965	0.01288	0.00988	0.01410	0.00856	0.00816	0.07165	0.01622	0.73222	0.02099	0.01822	0.01323	0.00674	0.00548	0.00168	0.00472	0.00545	0.00667	0.00928
13	0.01484	0.74260	0.02746	0.00975	0.01417	0.06627	0.00947	0.01655	0.01126	0.01287	0.00762	0.00890	0.00700	0.00486	0.00400	0.00122	0.02888	0.00300	0.00236	0.00693
14	0.00727	0.00547	0.00673	0.00659	0.00792	0.00493	0.00488	0.00936	0.01411	0.01915	0.50578	0.12745	0.23542	0.01248	0.00649	0.00180	0.00269	0.01090	0.00566	0.00493
15	0.00674	0.00520	0.00614	0.00678	0.00781	0.00465	0.00483	0.00798	0.01147	0.01453	0.06257	0.40225	0.34618	0.03820	0.00735	0.00215	0.00314	0.05248	0.00504	0.00452
16	0.00680	0.00485	0.00650	0.00777	0.00815	0.00456	0.00533	0.00786	0.01059	0.01409	0.02996	0.75119	0.03572	0.01693	0.00700	0.00224	0.00330	0.06763	0.00506	0.00447
17	0.00947	0.00473	0.00710	0.00710	0.00710	0.00473	0.00473	0.00710	0.00710	0.00947	0.00947	0.01657	0.00947	0.01894	0.02131	0.84138	0.00473	0.00473	0.00237	0.00237
18	0.01252	0.01196	0.02038	0.26470	0.55074	0.01270	0.01625	0.01588	0.01195	0.01663	0.01008	0.01381	0.00822	0.00504	0.00541	0.00168	0.00672	0.00485	0.00261	0.00785
19	0.01132	0.01101	0.02032	0.47829	0.04859	0.01221	0.23033	0.03109	0.01179	0.01576	0.01060	0.01488	0.00804	0.00551	0.00595	0.01753	0.00748	0.00532	0.04755	0.00644
20	0.09703	0.00914	0.01442	0.46465	0.09360	0.01070	0.02848	0.01305	0.01012	0.01451	0.00951	0.01428	0.00773	0.00815	0.00856	0.17695	0.00640	0.00466	0.00254	0.00553
21	0.03472	0.01184	0.01523	0.34111	0.07034	0.10579	0.01228	0.03026	0.01080	0.01413	0.00916	0.01357	0.00772	0.00875	0.03087	0.09372	0.17663	0.00463	0.00258	0.00586
22	0.00911	0.01985	0.00815	0.00743	0.00884	0.00587	0.00560	0.01126	0.01418	0.08222	0.51716	0.16908	0.07264	0.01175	0.00674	0.00181	0.02696	0.01026	0.00569	0.00540
23	0.01909	0.01446	0.01544	0.01221	0.01628	0.01614	0.00997	0.58995	0.19457	0.03172	0.01517	0.01475	0.01096	0.00674	0.00548	0.00168	0.00561	0.00520	0.00548	0.00912
24	0.00830	0.00585	0.00674	0.00679	0.00759	0.00578	0.00454	0.02985	0.05482	0.01489	0.10231	0.19814	0.11972	0.32431	0.01498	0.02174	0.00402	0.00975	0.05544	0.00446
25	0.68044	0.01067	0.00910	0.00783	0.01131	0.01201	0.00644	0.07594	0.01135	0.09654	0.02998	0.01097	0.00812	0.00550	0.00382	0.00168	0.00435	0.00353	0.00393	0.00647
26	0.00798	0.00573	0.00692	0.00666	0.00819	0.00514	0.00497	0.01019	0.02440	0.04999	0.43444	0.10622	0.28449	0.01227	0.00643	0.00180	0.00279	0.01063	0.00564	0.00513
27	0.00658	0.00546	0.00577	0.00591	0.00755	0.00465	0.00439	0.00801	0.01238	0.01506	0.08968	0.12880	0.64266	0.01403	0.00652	0.00189	0.00284	0.02809	0.00511	0.00462
28	0.02281	0.00564	0.00686	0.00657	0.00782	0.00522	0.00477	0.00980	0.01363	0.02980	0.49909	0.06181	0.16819	0.12323	0.00936	0.00225	0.00306	0.00984	0.00540	0.00485
29	0.23254	0.00717	0.00776	0.00717	0.00925	0.00719	0.00553	0.01291	0.01311	0.09319	0.36975	0.10070	0.09416	0.00987	0.00558	0.00176	0.00328	0.00825	0.00521	0.00563
30	0.02297	0.01035	0.01318	0.01016	0.01428	0.00972	0.00837	0.17599	0.01766	0.59231	0.05232	0.01839	0.01427	0.00690	0.00552	0.00168	0.00483	0.00555	0.00645	0.00910
31	0.01394	0.01190	0.01254	0.01117	0.01432	0.01374	0.00872	0.06748	0.72541	0.02342	0.02171	0.01996	0.01625	0.00735	0.00554	0.00184	0.00440	0.00610	0.00554	0.00866
32	0.00850	0.00579	0.00739	0.00707	0.00847	0.00534	0.00538	0.01073	0.01432	0.05680	0.53267	0.04254	0.12842	0.06647	0.00795	0.00205	0.00311	0.07621	0.00565	0.00515
33	0.04091	0.00949	0.01234	0.00961	0.01352	0.00862	0.00782	0.07372	0.03039	0.64609	0.02037	0.01916	0.01353	0.06014	0.00692	0.00193	0.00476	0.00557	0.00633	0.00879
34	0.00940	0.00478	0.00717	0.00717	0.00722	0.00483	0.00483	0.00722	0.00717	0.00961	0.00969	0.01678	0.00965	0.01989	0.05452	0.80526	0.00516	0.00478	0.00239	0.00248
35	0.00709	0.00495	0.00625	0.00699	0.00750	0.00461	0.00467	0.00767	0.01020	0.01333	0.04559	0.49148	0.14952	0.11312	0.01092	0.09123	0.00351	0.01268	0.00458	0.00412
36	0.00685	0.00525	0.00630	0.00699	0.00794	0.00480	0.00488	0.00847	0.03416	0.01491	0.08105	0.49434	0.27348	0.01539	0.00672	0.00205	0.00303	0.01360	0.00513	0.00465
37	0.00774	0.00526	0.00602	0.00611	0.00628	0.00517	0.00357	0.00800	0.00869	0.01155	0.05286	0.10264	0.05922	0.66729	0.02400	0.00470	0.00486	0.00884	0.00366	0.00354
38	0.01099	0.02778	0.75685	0.01577	0.02375	0.01270	0.04302	0.01727	0.01155	0.01727	0.00982	0.01161	0.00695	0.00516	0.00522	0.00173	0.00809	0.00410	0.00232	0.00804
39	0.01030	0.00867	0.01421	0.27968	0.14072	0.00984	0.03795	0.01199	0.00991	0.01343	0.01168	0.07123	0.01095	0.04368	0.06639	0.18445	0.06099	0.00581	0.00272	0.00540
40	0.02038	0.01489	0.01601	0.01238	0.01666	0.01646	0.01019	0.69154	0.07101	0.05378	0.01388	0.01368	0.00984	0.00660	0.00546	0.00165	0.00586	0.00500	0.00549	0.00923
41	0.66498	0.06279	0.12982	0.00861	0.01279	0.01287	0.00834	0.01624	0.00974	0.02262	0.00793	0.00926	0.00613	0.00505	0.00366	0.00166	0.00492	0.00312	0.00314	0.00631
42	0.00675	0.00487	0.00649	0.00757	0.00801	0.00460	0.00514	0.00784	0.01062	0.01422	0.06330	0.70524	0.05416	0.01812	0.05263	0.00257	0.00380	0.01458	0.00498	0.00449
43	0.01622	0.01264	0.01393	0.01052	0.01502	0.01253	0.00857	0.39185	0.06273	0.02649	0.01215	0.01274	0.00918	0.00551	0.00485	0.00129	0.00505	0.00425	0.00450	0.36996
44	0.00775	0.00521	0.00597	0.00615	0.00628	0.00514	0.00359	0.00799	0.00851	0.01141	0.02019	0.14641	0.04475	0.65142	0.02354	0.00464	0.00484	0.00906	0.02360	0.00355
45	0.00664	0.00474	0.00633	0.00759	0.00791	0.00443	0.00506	0.00759	0.01044	0.01392	0.03005	0.80485	0.03606	0.01708	0.00696	0.00221	0.00316	0.01550	0.00506	0.00443
46	0.01768	0.01376	0.01465	0.01193	0.01575	0.01548	0.00963	0.44702	0.33979	0.02945	0.01696	0.01617	0.01241	0.00691	0.00549	0.00173	0.00528	0.00544	0.00549	0.00900
47	0.00705	0.00562	0.00633	0.00627	0.00783	0.00497	0.00465	0.00911	0.03074	0.01720	0.28878	0.11108	0.45483	0.01305	0.00646	0.00183	0.00277	0.01117	0.00538	0.00486
48	0.01353	0.00815	0.00872	0.00750	0.00973	0.00853	0.00589	0.22122	0.01572	0.05692	0.06079	0.01990	0.01501	0.03169	0.00524	0.00154	0.00369	0.00542	0.49442	0.00639
49	0.01898	0.01359	0.01450	0.01131	0.01516	0.01495	0.00928	0.63338	0.02329	0.03204	0.01386	0.01428	0.01005	0.00651	0.00518	0.00158	0.00543	0.00494	0.14311	0.00858
50	0.01504	0.74829	0.02751	0.00971	0.01422	0.08329	0.00943	0.01676	0.01143	0.01287	0.00765	0.00883	0.00700	0.00474	0.00361	0.00119	0.00615	0.00296	0.00237	0.00694
51	0.00749	0.00556	0.00698	0.00663	0.00801	0.00505	0.00497	0.00986	0.01491	0.02061	0.64627	0.04278	0.17747	0.01161	0.00643	0.00174	0.00261	0.01015	0.00584	0.00505
52	0.00678	0.00480	0.00628	0.00741	0.00769	0.00452	0.00487	0.00763	0.01016	0.01355	0.02862	0.71980	0.03426	0.10458	0.00926	0.00255	0.00340	0.01466	0.00487	0.00430
53	0.00664	0.00474	0.00633	0.00759	0.00791	0.00443	0.00506	0.00759	0.01044	0.01392	0.03005	0.80485	0.03606	0.01708	0.00696	0.00221	0.00316	0.01550	0.00506	0.00443
54	0.00677	0.00540	0.00592	0.00605	0.00744	0.00471	0.00435	0.00815	0.01219	0.01528	0.14936	0.16060	0.50118	0.07803	0.00824	0.00216	0.00300	0.01158	0.00505	0.00455
55	0.08035	0.00533	0.00656	0.00749	0.00816	0.00518	0.00514	0.00858	0.01081	0.01559	0.09779	0.66328	0.03486	0.01547	0.00659	0.00212	0.00320	0.01387	0.00500	0.00462
56	0.00691	0.00578	0.00605	0.00594	0.00775	0.00504	0.00446	0.00903	0.04362	0.01605	0.15339	0.04952	0.64114	0.01317	0.00640	0.00182	0.00280	0.01106	0.00521	0.00484
57	0.00744	0.00558	0.00691	0.00662	0.00803	0.00504	0.00499	0.00973	0.01466	0.02007	0.58712	0.04394	0.22015	0.01186	0.00646	0.00176	0.00267	0.02622	0.00576	0.00501
58	0.00712	0.00542	0.00649	0.00681	0.00796	0.00491	0.00487	0.02371	0.01262	0.01650	0.21455	0.34919	0.29136	0.01433	0.00663	0.00196	0.00294	0.01257	0.00529	0.00476
59	0.01030	0.00919	0.01574	0.06551	0.01700	0.00910	0.22675	0.09300	0.01289	0.01725	0.02121	0.41785	0.02293	0.01144	0.00655	0.00202	0.00556	0.02553	0.00425	0.00594
60	0.00789	0.00527	0.00596	0.00600	0.00601	0.00526	0.00336	0.00792	0.00800	0.01067	0.01757	0.05885	0.02031	0.78456	0.02712	0.00519	0.00522	0.00816	0.00336	0.00334
61	0.00725	0.00520	0.00650	0.00701	0.00794	0.00472	0.00492	0.00865	0.01199	0.03284	0.19322	0.45062	0.19302	0.03086	0.00712	0.00208	0.00303	0.01308	0.00526	0.00470
62	0.01091	0.01011	0.01572	0.44440	0.02671	0.02951	0.04064	0.01308	0.00991	0.01323	0.00905	0.01407	0.00758	0.00832	0.01079	0.11897	0.20415	0.00484	0.00243	0.00557
63	0.02168	0.00882	0.01182	0.00927	0.01304	0.00773	0.00758	0.03981	0.01569	0.64162	0.11647	0.02235	0.04352	0.00753	0.00563	0.00169	0.00435	0.00622	0.00657	0.00860
64	0.01785	0.02144	0.01690	0.07919	0.13898	0.53360	0.03426	0.02064	0.05844	0.01478	0.00970	0.01155	0.00790	0.00556	0.00512	0.00151	0.00875	0.00407	0.00292	0.00683
65	0.00919	0.00683	0.00851	0.00801	0.00953	0.00725	0.00614	0.09248	0.02637	0.01697	0.11789	0.02962	0.15646	0.08578	0.35081	0.00509	0.00852	0.00741	0.04184	0.00530
66	0.02385	0.01026	0.01326	0.01016	0.01441	0.00947	0.00840	0.14572	0.01724	0.65671	0.02013	0.01766	0.01281	0.00671	0.00548	0.00168	0.00486	0.00539	0.00654	0.00928
67	0.15664	0.00998	0.03186	0.00915	0.01261	0.00949	0.00762	0.13299	0.01594	0.32442	0.20845	0.02154	0.02105	0.00751	0.00536	0.00169	0.00434	0.00605	0.00567	0.00763
68	0.00772	0.00544	0.00672	0.00721	0.00768	0.00538	0.00480	0.02961	0.00998	0.01328	0.02452	0.36483	0.05739	0.32367	0.06783	0.00383	0.00491	0.04678	0.00425	0.00420
69	0.00922	0.00780	0.01209	0.43681	0.02429	0.00911	0.01068	0.01226	0.04880	0.01437	0.01725	0.27444	0.01750	0.01000	0.00662	0.03989	0.00551	0.00841	0.02950	0.00546
70	0.01819	0.12413	0.02858	0.01574	0.10617	0.52140	0.01132	0.03859	0.01432	0.01438	0.00860	0.01035	0.00727	0.00565	0.00557	0.00147	0.05502	0.00371	0.00277	0.00676

[dist]
# distance from previous block
# <min> <max>
0	11

[block]
# block no. 1 follows, 44 sequences, length 112
# corresponding to MSA columns:
# 150-261
name=unknown_B
#
# <colnr> <probs for GDERKNQSTAVLIFYWHMCP>
#	G	D	E	R	K	N	Q	S	T	A	V	L	I	F	Y	W	H	M	C	P
0	0.01193	0.01126	0.01880	0.37589	0.39288	0.01243	0.01550	0.01581	0.04112	0.01622	0.01093	0.01544	0.00890	0.00548	0.00548	0.00174	0.00671	0.02335	0.00274	0.00738
1	0.01295	0.01401	0.02845	0.02041	0.02566	0.01313	0.60944	0.04573	0.01305	0.01805	0.01084	0.01413	0.00826	0.00472	0.00637	0.00171	0.02826	0.00592	0.00291	0.11601
2	0.00989	0.00646	0.00821	0.00793	0.00974	0.00564	0.00575	0.01165	0.02734	0.10717	0.05518	0.48873	0.04594	0.01275	0.00614	0.00184	0.00350	0.01136	0.00495	0.16983
3	0.01220	0.03051	0.07615	0.11531	0.07929	0.02708	0.30176	0.01586	0.01187	0.01669	0.01005	0.01316	0.00792	0.00492	0.00609	0.00157	0.05040	0.00494	0.00277	0.21146
4	0.01446	0.01270	0.06126	0.03515	0.01577	0.02508	0.02299	0.17551	0.14899	0.06054	0.02468	0.01426	0.01067	0.00557	0.00489	0.00135	0.00507	0.00449	0.00424	0.35234
5	0.00662	0.00484	0.00623	0.00733	0.00784	0.00445	0.00495	0.00762	0.01068	0.01402	0.03317	0.71147	0.12741	0.01667	0.00689	0.00217	0.00311	0.01500	0.00506	0.00445
6	0.01158	0.00985	0.01145	0.00821	0.01304	0.00755	0.00657	0.03537	0.01172	0.01825	0.00979	0.01136	0.00811	0.00411	0.00408	0.00083	0.00409	0.00328	0.00329	0.81747
7	0.01101	0.02766	0.75003	0.01584	0.02379	0.01271	0.04972	0.01727	0.01156	0.01727	0.00983	0.01164	0.00696	0.00516	0.00523	0.00173	0.00810	0.00413	0.00232	0.00803
8	0.00662	0.00482	0.00624	0.00738	0.00785	0.00445	0.00497	0.00761	0.01064	0.01400	0.03259	0.72883	0.11043	0.01675	0.00691	0.00218	0.00312	0.01510	0.00506	0.00445
9	0.00810	0.00842	0.10499	0.00797	0.01009	0.00608	0.00704	0.01112	0.01485	0.02114	0.66186	0.05078	0.04553	0.01050	0.00628	0.00173	0.00328	0.00922	0.00552	0.00550
10	0.00676	0.00482	0.00639	0.00749	0.00787	0.00451	0.00502	0.00780	0.01073	0.01441	0.08452	0.72591	0.03672	0.03970	0.00753	0.00227	0.00318	0.01486	0.00508	0.00445
11	0.02000	0.01491	0.01595	0.01240	0.01663	0.01657	0.01019	0.68274	0.10029	0.03319	0.01401	0.01382	0.01002	0.00663	0.00546	0.00166	0.00583	0.00504	0.00546	0.00921
12	0.01093	0.02820	0.78016	0.01554	0.02360	0.01266	0.02014	0.01727	0.01151	0.01727	0.00978	0.01151	0.00691	0.00518	0.00518	0.00173	0.00806	0.00403	0.00230	0.00806
13	0.01106	0.05434	0.75508	0.01533	0.02328	0.01296	0.01978	0.01723	0.01150	0.01712	0.00971	0.01142	0.00691	0.00516	0.00512	0.00171	0.00798	0.00399	0.00230	0.00802
14	0.00868	0.00618	0.00859	0.00979	0.01097	0.00617	0.00844	0.01104	0.01229	0.01600	0.02843	0.08526	0.03107	0.04708	0.00833	0.00261	0.00497	0.68421	0.00495	0.00493
15	0.00772	0.00557	0.00729	0.00686	0.00814	0.00514	0.00514	0.01029	0.01543	0.02186	0.77152	0.04072	0.05144	0.01115	0.00643	0.00171	0.00257	0.00986	0.00600	0.00514
16	0.01888	0.02257	0.01523	0.01358	0.01621	0.59564	0.01039	0.08218	0.03732	0.01540	0.01065	0.01205	0.03304	0.00642	0.00634	0.00155	0.08879	0.00410	0.00314	0.00654
17	0.01930	0.13549	0.01730	0.01300	0.01628	0.53077	0.01024	0.14282	0.01636	0.01675	0.00923	0.01050	0.00755	0.00649	0.02381	0.00159	0.00874	0.00372	0.00318	0.00687
18	0.02177	0.00976	0.01256	0.00981	0.01369	0.00907	0.00803	0.12910	0.03277	0.56887	0.10662	0.02036	0.01732	0.00724	0.00559	0.00169	0.00459	0.00592	0.00645	0.00879
19	0.02446	0.00928	0.01265	0.00970	0.01392	0.00801	0.00801	0.02657	0.01560	0.77817	0.02151	0.01856	0.01350	0.00675	0.00548	0.00169	0.00464	0.00548	0.00675	0.00928
20	0.03873	0.00927	0.01242	0.00959	0.01368	0.00815	0.00790	0.04041	0.01568	0.71821	0.05201	0.01918	0.01484	0.00689	0.00548	0.00169	0.00457	0.00561	0.00663	0.00905
21	0.02000	0.01491	0.01595	0.01240	0.01663	0.01657	0.01019	0.68274	0.10029	0.03319	0.01401	0.01382	0.01002	0.00663	0.00546	0.00166	0.00583	0.00504	0.00546	0.00921
22	0.00775	0.00521	0.00600	0.00618	0.00622	0.00516	0.00355	0.00788	0.00828	0.01104	0.01900	0.14436	0.02211	0.69659	0.02481	0.00485	0.00499	0.00900	0.00355	0.00346
23	0.01030	0.00969	0.01635	0.79530	0.03755	0.01211	0.01514	0.01393	0.01090	0.01393	0.00969	0.01453	0.00727	0.00545	0.00545	0.00182	0.00727	0.00484	0.00242	0.00606
24	0.00901	0.00589	0.00763	0.00707	0.00863	0.00537	0.00539	0.01146	0.01515	0.08284	0.63944	0.04029	0.10109	0.01108	0.00638	0.00174	0.00281	0.02732	0.00597	0.00544
25	0.01311	0.01437	0.09849	0.06141	0.66976	0.01289	0.01701	0.01668	0.01226	0.01760	0.01019	0.01333	0.00841	0.00491	0.00538	0.00164	0.00667	0.00477	0.00265	0.00848
26	0.00691	0.00543	0.00618	0.00625	0.00765	0.00478	0.00457	0.00852	0.01279	0.01641	0.24507	0.15169	0.43307	0.04631	0.00740	0.00201	0.00290	0.02211	0.00525	0.00468
27	0.02037	0.02598	0.01545	0.01404	0.01685	0.78652	0.01053	0.02177	0.01545	0.01334	0.00843	0.00983	0.00702	0.00562	0.00492	0.00140	0.00983	0.00351	0.00281	0.00632
28	0.01490	0.01672	0.01471	0.03744	0.09196	0.36139	0.02473	0.03332	0.01264	0.01415	0.01044	0.01399	0.00915	0.01590	0.22801	0.00363	0.08333	0.00455	0.00284	0.00619
29	0.00980	0.00629	0.00830	0.00857	0.01001	0.00605	0.00683	0.01238	0.04322	0.09406	0.19168	0.18810	0.06441	0.03985	0.00753	0.00224	0.00399	0.28585	0.00538	0.00544
30	0.00664	0.00474	0.00633	0.00759	0.00791	0.00443	0.00506	0.00759	0.01044	0.01392	0.03005	0.80485	0.03606	0.01708	0.00696	0.00221	0.00316	0.01550	0.00506	0.00443
31	0.00707	0.00510	0.00677	0.00782	0.00844	0.00479	0.00562	0.00844	0.01133	0.01508	0.10125	0.58420	0.06713	0.01606	0.00698	0.00220	0.00338	0.12859	0.00514	0.00460
32	0.00999	0.00643	0.00865	0.00920	0.01084	0.00616	0.00786	0.01231	0.01302	0.09342	0.07743	0.05467	0.13001	0.01381	0.00711	0.00229	0.00453	0.52161	0.00526	0.00540
33	0.02446	0.00928	0.01265	0.00970	0.01392	0.00801	0.00801	0.02657	0.01560	0.77817	0.02151	0.01856	0.01350	0.00675	0.00548	0.00169	0.00464	0.00548	0.00675	0.00928
34	0.01193	0.01193	0.01670	0.01431	0.01431	0.01670	0.01193	0.01312	0.00835	0.01312	0.00716	0.01193	0.00716	0.00954	0.01789	0.00239	0.79843	0.00477	0.00239	0.00596
35	0.01449	0.78662	0.02820	0.00948	0.01400	0.02142	0.00941	0.01622	0.01099	0.01284	0.00757	0.00885	0.00700	0.00482	0.00395	0.00120	0.03067	0.00297	0.00233	0.00696
36	0.00672	0.00553	0.00591	0.00581	0.00753	0.00472	0.00436	0.00836	0.01308	0.01628	0.21118	0.04991	0.61527	0.01323	0.00644	0.00181	0.00272	0.01115	0.00527	0.00472
37	0.01479	0.01111	0.01209	0.01067	0.01385	0.01241	0.00835	0.02775	0.62804	0.12829	0.02348	0.02144	0.04793	0.00757	0.00558	0.00183	0.00429	0.00629	0.00570	0.00855
38	0.00699	0.00535	0.00674	0.00730	0.00811	0.00510	0.00517	0.00830	0.01151	0.01522	0.14411	0.47497	0.20289	0.01566	0.02326	0.00220	0.03429	0.01315	0.00505	0.00464
39	0.84691	0.01054	0.00801	0.00717	0.01054	0.01223	0.00590	0.01603	0.00928	0.02446	0.00759	0.00886	0.00590	0.00506	0.00337	0.00169	0.00422	0.00295	0.00337	0.00590
40	0.01441	0.01480	0.02087	0.06250	0.62805	0.13076	0.01572	0.01738	0.01281	0.01697	0.00995	0.01298	0.00833	0.00500	0.00533	0.00159	0.00702	0.00465	0.00270	0.00817
41	0.01458	0.81168	0.02857	0.00933	0.01399	0.02157	0.00933	0.01632	0.01108	0.01283	0.00758	0.00875	0.00700	0.00466	0.00350	0.00117	0.00583	0.00292	0.00233	0.00700
42	0.00787	0.00530	0.00593	0.00593	0.00600	0.00526	0.00334	0.00792	0.00811	0.01074	0.01875	0.03637	0.05084	0.77564	0.02687	0.00514	0.00518	0.00808	0.00338	0.00336
43	0.01094	0.01035	0.01752	0.64101	0.18678	0.01228	0.01546	0.01450	0.01121	0.01472	0.00980	0.01432	0.00754	0.00533	0.00544	0.00178	0.00711	0.00485	0.00248	0.00658
44	0.00729	0.00528	0.00678	0.00761	0.00826	0.00500	0.00523	0.03712	0.01163	0.01556	0.10550	0.66090	0.07161	0.01591	0.00682	0.00212	0.00319	0.01433	0.00517	0.00470
45	0.00793	0.00529	0.00595	0.00595	0.00595	0.00529	0.00330	0.00793	0.00793	0.01057	0.01718	0.03568	0.01982	0.80840	0.02775	0.00529	0.00529	0.00793	0.00330	0.00330
46	0.00800	0.00541	0.00621	0.00631	0.00644	0.00539	0.00369	0.02268	0.00864	0.01152	0.01893	0.14466	0.02192	0.67996	0.02435	0.00478	0.00500	0.00895	0.00360	0.00358
47	0.01306	0.01315	0.02429	0.05965	0.47472	0.01303	0.23986	0.01712	0.03759	0.01768	0.01132	0.01530	0.00929	0.00513	0.00577	0.00172	0.00722	0.02319	0.00286	0.00805
48	0.00771	0.00560	0.00727	0.00693	0.00824	0.00517	0.00525	0.01023	0.01519	0.02134	0.71153	0.04205	0.08090	0.01141	0.00647	0.00175	0.00268	0.03924	0.00592	0.00512
49	0.00831	0.00619	0.00780	0.00729	0.00875	0.00599	0.00550	0.01218	0.09112	0.02196	0.69581	0.03866	0.04792	0.01077	0.00634	0.00173	0.00275	0.00949	0.00596	0.00550
50	0.02918	0.00632	0.00745	0.00702	0.00874	0.00589	0.00530	0.04153	0.02960	0.05959	0.38124	0.11865	0.25528	0.01188	0.00631	0.00180	0.00301	0.01024	0.00557	0.00539
51	0.05883	0.00600	0.00660	0.00627	0.00778	0.00589	0.00466	0.02723	0.01236	0.05827	0.18645	0.05750	0.09463	0.08618	0.02246	0.00204	0.00337	0.00730	0.34098	0.00520
52	0.00666	0.00476	0.00634	0.00758	0.00791	0.00444	0.00506	0.00764	0.01054	0.01407	0.04472	0.78973	0.03636	0.01696	0.00695	0.00220	0.00315	0.01539	0.00508	0.00444
53	0.00947	0.00473	0.00710	0.00710	0.00710	0.00473	0.00473	0.00710	0.00710	0.00947	0.00947	0.01657	0.00947	0.01894	0.02131	0.84138	0.00473	0.00473	0.00237	0.00237
54	0.00670	0.00491	0.00624	0.00727	0.00781	0.00452	0.00492	0.00770	0.01066	0.01394	0.03314	0.65153	0.14178	0.04920	0.00775	0.00229	0.00322	0.02702	0.00499	0.00442
55	0.00683	0.00489	0.00645	0.00756	0.00800	0.00458	0.00516	0.00790	0.01072	0.01428	0.06143	0.68930	0.05739	0.04304	0.00764	0.00230	0.00329	0.04974	0.00504	0.00445
56	0.02072	0.01527	0.01636	0.01254	0.01691	0.01691	0.01036	0.75622	0.02563	0.03436	0.01309	0.01309	0.00927	0.00654	0.00545	0.00164	0.00600	0.00491	0.00545	0.00927
57	0.01219	0.00719	0.00998	0.01016	0.08689	0.00659	0.00695	0.01467	0.01504	0.19920	0.48796	0.03325	0.06845	0.00959	0.00610	0.00170	0.00346	0.00839	0.00580	0.00645
58	0.00722	0.00584	0.00649	0.00657	0.00818	0.00529	0.00494	0.00964	0.05758	0.01634	0.16375	0.14345	0.47878	0.01347	0.00651	0.00190	0.00300	0.05085	0.00524	0.00493
59	0.81300	0.01049	0.00820	0.00727	0.01068	0.01206	0.00599	0.01646	0.00954	0.05554	0.00816	0.00926	0.00622	0.00513	0.00346	0.00169	0.00423	0.00306	0.00351	0.00604
60	0.08121	0.01566	0.01526	0.01205	0.01613	0.11199	0.00982	0.53669	0.02215	0.10616	0.01296	0.01293	0.00917	0.00634	0.00524	0.00162	0.00621	0.00465	0.00510	0.00866
61	0.00807	0.00552	0.00711	0.00717	0.00766	0.00573	0.00484	0.02208	0.00915	0.01246	0.05044	0.11968	0.04371	0.35452	0.22894	0.09002	0.00733	0.00806	0.00352	0.00399
62	0.00768	0.00530	0.00598	0.00609	0.00683	0.00506	0.00401	0.00865	0.01017	0.01385	0.07282	0.12092	0.20083	0.35905	0.04771	0.00359	0.00435	0.00929	0.10370	0.00412
63	0.02069	0.01635	0.01627	0.01270	0.01690	0.09466	0.01038	0.68202	0.02460	0.03224	0.01262	0.01276	0.00904	0.00645	0.00540	0.00161	0.00639	0.00477	0.00519	0.00897
64	0.00946	0.00651	0.00727	0.00686	0.00742	0.00669	0.00428	0.10156	0.01028	0.01373	0.01737	0.07481	0.01939	0.66488	0.02382	0.00466	0.00526	0.00796	0.00367	0.00411
65	0.00813	0.00543	0.00603	0.00596	0.00665	0.00521	0.00380	0.00887	0.00972	0.02837	0.05252	0.03744	0.19034	0.48578	0.04158	0.00403	0.00462	0.00843	0.08312	0.00400
66	0.01356	0.01171	0.01233	0.01109	0.01418	0.01356	0.00863	0.02897	0.76455	0.02281	0.02219	0.02034	0.01664	0.00740	0.00555	0.00185	0.00431	0.00616	0.00555	0.00863
67	0.00670	0.00484	0.00624	0.00733	0.00775	0.00449	0.00489	0.00763	0.01046	0.01379	0.03135	0.70038	0.09458	0.06178	0.00810	0.00236	0.00325	0.01475	0.00496	0.00438
68	0.03617	0.00824	0.01104	0.00897	0.01229	0.00730	0.00728	0.02160	0.01521	0.54200	0.19479	0.04014	0.02328	0.00827	0.00577	0.00174	0.00414	0.03738	0.00640	0.00799
69	0.00779	0.00584	0.00876	0.00876	0.00974	0.00681	0.00681	0.00974	0.00876	0.01266	0.01460	0.02142	0.01363	0.04089	0.78680	0.00876	0.01460	0.00584	0.00292	0.00487
70	0.00715	0.00581	0.00600	0.00588	0.00775	0.00501	0.00441	0.00906	0.03768	0.03105	0.09285	0.04976	0.67830	0.02674	0.00675	0.00189	0.00288	0.01105	0.00514	0.00484
71	0.76202	0.00996	0.00784	0.00721	0.01028	0.01144	0.00582	0.01517	0.00940	0.02339	0.00986	0.08928	0.00895	0.00628	0.00374	0.00174	0.00411	0.00422	0.00354	0.00576
72	0.01289	0.01080	0.01151	0.01027	0.01315	0.01215	0.00800	0.08374	0.55949	0.02289	0.10023	0.02480	0.08969	0.00830	0.00571	0.00182	0.00413	0.00693	0.00554	0.00796
73	0.00668	0.00549	0.00588	0.00587	0.00753	0.00469	0.00437	0.00826	0.01287	0.01597	0.18293	0.08864	0.60493	0.01349	0.00647	0.00184	0.00275	0.01141	0.00523	0.00469
74	0.10818	0.00639	0.00734	0.00733	0.00907	0.00605	0.00559	0.01140	0.01225	0.09914	0.12588	0.24593	0.23997	0.01268	0.00622	0.00196	0.00344	0.08072	0.00516	0.00532
75	0.01692	0.01089	0.01243	0.01028	0.01326	0.01145	0.00809	0.38569	0.01863	0.15174	0.01834	0.14862	0.01651	0.11795	0.00881	0.00226	0.00518	0.03012	0.00530	0.00753
76	0.00754	0.00621	0.00737	0.00704	0.00846	0.00608	0.00543	0.00932	0.01295	0.01693	0.28682	0.04455	0.41413	0.02546	0.00798	0.00194	0.08321	0.03859	0.00507	0.00492
77	0.01328	0.01147	0.01206	0.01088	0.01391	0.01321	0.00845	0.02814	0.73517	0.02249	0.02348	0.02160	0.04616	0.00765	0.00558	0.00185	0.00425	0.00637	0.00553	0.00847
78	0.00703	0.00548	0.00639	0.00637	0.00782	0.00484	0.00474	0.00887	0.01344	0.01755	0.34079	0.12543	0.38969	0.01310	0.00651	0.00184	0.00278	0.02709	0.00544	0.00481
79	0.01140	0.00977	0.01135	0.00820	0.01297	0.00753	0.00655	0.01437	0.04294	0.01798	0.01021	0.01168	0.00843	0.00418	0.00410	0.00085	0.00405	0.00335	0.00333	0.80675
80	0.02158	0.00864	0.01173	0.00921	0.01293	0.00752	0.00752	0.02377	0.01557	0.64827	0.15032	0.02236	0.02001	0.00750	0.00565	0.00169	0.00428	0.00623	0.00662	0.00857
81	0.00666	0.00487	0.00620	0.00724	0.00776	0.00448	0.00487	0.00764	0.01063	0.01391	0.03312	0.67214	0.13861	0.04470	0.00762	0.00227	0.00318	0.01467	0.00500	0.00441
82	0.00779	0.00583	0.00870	0.00870	0.00965	0.00678	0.00673	0.00969	0.00874	0.01261	0.01466	0.02175	0.01377	0.05859	0.76929	0.00868	0.01439	0.00589	0.00293	0.00483
83	0.01917	0.11263	0.01744	0.03737	0.01708	0.32311	0.01052	0.32359	0.01870	0.02196	0.01024	0.01128	0.00796	0.00605	0.00552	0.00153	0.04032	0.00411	0.00381	0.00759
84	0.01269	0.01219	0.02091	0.22097	0.57746	0.01276	0.03154	0.01606	0.01205	0.01685	0.01013	0.01377	0.00829	0.00500	0.00543	0.00167	0.00673	0.00489	0.00263	0.00797
85	0.00872	0.00720	0.00910	0.00892	0.00982	0.05292	0.00676	0.01034	0.00902	0.01243	0.01428	0.02230	0.01382	0.14294	0.60470	0.00759	0.04547	0.00595	0.00294	0.00478
86	0.03798	0.05434	0.45632	0.01771	0.02456	0.01341	0.28376	0.01726	0.01191	0.01738	0.01007	0.01247	0.00737	0.00494	0.00551	0.00174	0.00826	0.00482	0.00250	0.00769
87	0.05997	0.20406	0.29557	0.04343	0.11941	0.01468	0.03296	0.07214	0.01280	0.08145	0.01046	0.01188	0.00787	0.00524	0.00480	0.00158	0.00668	0.00410	0.00304	0.00787
88	0.01200	0.01365	0.09473	0.10360	0.11121	0.03177	0.05717	0.01506	0.03977	0.01499	0.00925	0.01309	0.00800	0.00840	0.03585	0.00223	0.38570	0.00482	0.00262	0.03609
89	0.00750	0.00554	0.00700	0.00670	0.00803	0.00504	0.00500	0.00984	0.01482	0.02056	0.64297	0.07051	0.15277	0.01174	0.00645	0.00175	0.00262	0.01030	0.00583	0.00504
90	0.01442	0.70383	0.10402	0.01013	0.01507	0.04861	0.01046	0.01662	0.01128	0.01329	0.00783	0.00906	0.00699	0.00475	0.00372	0.00123	0.00620	0.00305	0.00235	0.00708
91	0.01291	0.01095	0.01759	0.44307	0.26440	0.02871	0.01467	0.01619	0.01199	0.09240	0.01147	0.01557	0.00886	0.00562	0.00547	0.00175	0.00676	0.02143	0.00301	0.00717
92	0.00869	0.00560	0.00736	0.00748	0.00852	0.00609	0.00579	0.01077	0.00999	0.01546	0.01727	0.02599	0.01592	0.07471	0.39883	0.00541	0.00902	0.07966	0.28259	0.00486
93	0.01627	0.00715	0.00882	0.00742	0.01011	0.00644	0.00588	0.01833	0.01336	0.37767	0.02480	0.02469	0.12184	0.04032	0.01870	0.00183	0.00387	0.00631	0.27924	0.00692
94	0.78072	0.01069	0.00854	0.00749	0.01094	0.01226	0.00617	0.04696	0.01020	0.05431	0.00836	0.00941	0.00634	0.00519	0.00354	0.00168	0.00431	0.00313	0.00359	0.00617
95	0.00992	0.00801	0.01140	0.01429	0.18110	0.00798	0.00925	0.04393	0.04027	0.01763	0.09953	0.12694	0.10013	0.03183	0.00712	0.00214	0.00470	0.27324	0.00460	0.00600
96	0.00687	0.00539	0.00622	0.00632	0.00771	0.00474	0.00462	0.00854	0.01298	0.01677	0.27103	0.18889	0.41331	0.01360	0.00654	0.00187	0.00278	0.01174	0.00535	0.00474
97	0.01150	0.01129	0.01630	0.04531	0.01505	0.01523	0.04503	0.01283	0.00862	0.01309	0.00845	0.01456	0.00849	0.08986	0.01786	0.00263	0.65047	0.00517	0.00250	0.00576
98	0.01129	0.01277	0.09668	0.48000	0.04683	0.01250	0.17225	0.04605	0.01201	0.01595	0.01078	0.03895	0.00846	0.00564	0.00568	0.00181	0.00756	0.00544	0.00270	0.00667
99	0.01504	0.01795	0.09959	0.06368	0.18482	0.18357	0.24979	0.08600	0.01427	0.01797	0.01028	0.01289	0.00797	0.00516	0.00561	0.00166	0.00824	0.00498	0.00294	0.00758
100	0.00900	0.00560	0.00664	0.00666	0.00750	0.00522	0.00437	0.00971	0.01015	0.08972	0.02778	0.23042	0.16024	0.38376	0.01639	0.00352	0.00423	0.01024	0.00441	0.00443
101	0.01912	0.01442	0.01680	0.07668	0.09497	0.01590	0.01131	0.59648	0.03485	0.04556	0.01285	0.01347	0.00925	0.00631	0.00545	0.00165	0.00609	0.00493	0.00496	0.00894
102	0.01217	0.01183	0.02021	0.29219	0.38208	0.01315	0.06653	0.01540	0.01146	0.01591	0.00976	0.01375	0.00797	0.00558	0.00693	0.00179	0.09839	0.00495	0.00257	0.00735
103	0.01213	0.01253	0.02007	0.01620	0.01740	0.01606	0.17370	0.01407	0.00933	0.01407	0.00800	0.01253	0.00740	0.00846	0.01540	0.00227	0.62651	0.00513	0.00247	0.00627
104	0.00779	0.00584	0.00876	0.00876	0.00974	0.00681	0.00681	0.00974	0.00876	0.01266	0.01460	0.02142	0.01363	0.04089	0.78680	0.00876	0.01460	0.00584	0.00292	0.00487
105	0.01401	0.01275	0.02037	0.15420	0.54639	0.01338	0.01556	0.12204	0.01406	0.01955	0.01057	0.01360	0.00850	0.00520	0.00541	0.00165	0.00654	0.00486	0.00305	0.00831
106	0.00756	0.00640	0.00803	0.04191	0.08630	0.00584	0.00612	0.00940	0.01274	0.01620	0.17276	0.10273	0.47960	0.01234	0.00633	0.00182	0.00332	0.01057	0.00488	0.00515
107	0.00809	0.00567	0.00745	0.00704	0.00839	0.00525	0.00535	0.01065	0.01532	0.03657	0.72681	0.04112	0.04988	0.01122	0.00646	0.00175	0.00271	0.03908	0.00598	0.00522
108	0.01458	0.81168	0.02857	0.00933	0.01399	0.02157	0.00933	0.01632	0.01108	0.01283	0.00758	0.00875	0.00700	0.00466	0.00350	0.00117	0.00583	0.00292	0.00233	0.00700
109	0.01312	0.08024	0.61787	0.01427	0.02154	0.01262	0.01765	0.01853	0.01207	0.12578	0.01131	0.01232	0.00785	0.00537	0.00511	0.00168	0.00741	0.00416	0.00294	0.00816
110	0.03364	0.02164	0.01560	0.03043	0.01718	0.49215	0.01047	0.26314	0.03000	0.02059	0.01018	0.01115	0.00790	0.00594	0.00509	0.00150	0.00834	0.00403	0.00372	0.00731
111	0.00746	0.00549	0.00699	0.00684	0.00810	0.00502	0.00510	0.00970	0.01443	0.01993	0.57899	0.12531	0.14360	0.01223	0.00652	0.00181	0.00272	0.02901	0.00575	0.00499

[dist]
# distance from previous block
# <min> <max>
0	1

[block]
# block no. 2 follows, 44 sequences, length 11
# corresponding to MSA columns:
# 263-273
name=unknown_C
#
# <colnr> <probs for GDERKNQSTAVLIFYWHMCP>
#	G	D	E	R	K	N	Q	S	T	A	V	L	I	F	Y	W	H	M	C	P
0	0.01878	0.01558	0.01625	0.15565	0.02067	0.11161	0.01126	0.52947	0.02168	0.02802	0.01189	0.01295	0.00863	0.00623	0.00539	0.00164	0.00671	0.00472	0.00457	0.00832
1	0.01079	0.01020	0.01725	0.67733	0.15165	0.01224	0.01539	0.01436	0.01114	0.01453	0.00978	0.01437	0.00748	0.00536	0.00544	0.00179	0.00714	0.00485	0.00247	0.00646
2	0.00671	0.00502	0.00606	0.00684	0.00756	0.00456	0.00463	0.00769	0.01075	0.01382	0.03590	0.51657	0.24251	0.09397	0.00886	0.00241	0.00326	0.01363	0.00489	0.00437
3	0.01248	0.01039	0.01194	0.00863	0.01342	0.00847	0.00695	0.10632	0.01309	0.01983	0.01011	0.01153	0.00822	0.00435	0.00421	0.00091	0.00428	0.00344	0.00351	0.73792
4	0.02939	0.00968	0.01566	0.51153	0.02909	0.01144	0.06484	0.01454	0.07037	0.01465	0.01062	0.01495	0.00835	0.00732	0.00784	0.10650	0.03387	0.00495	0.00273	0.03167
5	0.10467	0.01620	0.01518	0.10573	0.01852	0.18188	0.01050	0.38294	0.04367	0.02525	0.01120	0.01232	0.00837	0.00619	0.00555	0.00165	0.03380	0.00443	0.00420	0.00777
6	0.00956	0.00631	0.00807	0.07003	0.01076	0.00624	0.00590	0.03333	0.02989	0.08637	0.07840	0.32282	0.09513	0.19850	0.01138	0.00275	0.00416	0.01063	0.00469	0.00507
7	0.01487	0.01127	0.01287	0.01161	0.06687	0.01181	0.00861	0.33358	0.10035	0.04806	0.08636	0.02472	0.14375	0.02947	0.00627	0.00177	0.00481	0.02342	0.00510	0.05443
8	0.01309	0.01264	0.01958	0.11420	0.54628	0.04411	0.01476	0.01618	0.01220	0.01718	0.01003	0.01313	0.00833	0.00483	0.00518	0.00151	0.00634	0.00456	0.00275	0.13311
9	0.01443	0.46310	0.09840	0.07493	0.08150	0.05581	0.01150	0.08624	0.01295	0.01613	0.03366	0.01139	0.00881	0.00523	0.00433	0.00139	0.00632	0.00379	0.00281	0.00729
10	0.01348	0.13373	0.07649	0.02858	0.60755	0.01422	0.01586	0.01671	0.01215	0.01703	0.00982	0.01264	0.00827	0.00485	0.00510	0.00156	0.00649	0.00451	0.00262	0.00835

[dist]
# distance from previous block
# <min> <max>
0	3

# created by:
# /st0/software/busco_prod/Augustus/scripts/msa2prfl.pl ./align_prep/185632.fa
