[name]
unknown

[dist]
# distance from previous block
# <min> <max>
0	31

[block]
# block no. 0 follows, 42 sequences, length 20
# corresponding to MSA columns:
# 37-56
name=unknown_A
#
# <colnr> <probs for GDERKNQSTAVLIFYWHMCP>
#	G	D	E	R	K	N	Q	S	T	A	V	L	I	F	Y	W	H	M	C	P
0	0.10641	0.03505	0.15902	0.04153	0.01643	0.01139	0.01078	0.10691	0.08674	0.17106	0.03226	0.04170	0.04684	0.00758	0.00549	0.00179	0.00553	0.05883	0.00467	0.04999
1	0.06735	0.11619	0.30964	0.03711	0.05170	0.01362	0.05156	0.10574	0.01397	0.05525	0.03643	0.01849	0.01189	0.00672	0.00543	0.00178	0.00682	0.07902	0.00352	0.00776
2	0.05091	0.09226	0.34879	0.01390	0.05101	0.01221	0.04890	0.03733	0.01274	0.10604	0.03288	0.06958	0.01157	0.00641	0.00527	0.00167	0.00655	0.00529	0.00348	0.08320
3	0.03909	0.17983	0.25452	0.02841	0.01866	0.03712	0.05684	0.07149	0.05014	0.10366	0.01437	0.03559	0.04283	0.00651	0.00570	0.00170	0.03707	0.00507	0.00359	0.00781
4	0.03822	0.06705	0.07499	0.11292	0.24341	0.07619	0.08544	0.01801	0.07737	0.03390	0.04492	0.03312	0.01158	0.00627	0.00628	0.00177	0.05226	0.00541	0.00327	0.00763
5	0.01310	0.04663	0.04101	0.19720	0.12962	0.04772	0.11087	0.07932	0.04256	0.03408	0.03159	0.11166	0.01327	0.00742	0.00655	0.00184	0.05097	0.00656	0.00353	0.02450
6	0.00776	0.00574	0.00733	0.00791	0.00890	0.00523	0.00548	0.02758	0.01165	0.01584	0.07683	0.63412	0.05401	0.01557	0.00680	0.00209	0.00338	0.01402	0.00512	0.08465
7	0.01433	0.04625	0.05090	0.01084	0.02618	0.01016	0.00916	0.08198	0.15540	0.15924	0.05323	0.06191	0.06383	0.01006	0.00623	0.00198	0.00495	0.19818	0.00534	0.02987
8	0.08468	0.01361	0.14224	0.19675	0.02388	0.01157	0.19201	0.01524	0.01211	0.03556	0.08505	0.10143	0.01531	0.00739	0.00641	0.00191	0.03795	0.00679	0.00341	0.00671
9	0.01255	0.03745	0.11401	0.02582	0.45917	0.01248	0.05439	0.01603	0.01264	0.01798	0.06555	0.05755	0.01414	0.00678	0.00630	0.00179	0.03728	0.03694	0.00318	0.00798
10	0.00739	0.00583	0.00625	0.00614	0.00800	0.00497	0.00466	0.00905	0.01338	0.03610	0.16094	0.05167	0.62037	0.01368	0.00665	0.00189	0.00293	0.02970	0.00541	0.00497
11	0.05981	0.00983	0.01281	0.00981	0.01419	0.00862	0.00808	0.04364	0.01565	0.64757	0.02018	0.01785	0.01294	0.00661	0.00542	0.00165	0.00474	0.00531	0.00643	0.08884
12	0.06625	0.01226	0.04226	0.35006	0.28817	0.03075	0.04416	0.01611	0.01216	0.03619	0.02783	0.01546	0.02305	0.00567	0.00553	0.00178	0.00692	0.00514	0.00293	0.00733
13	0.00722	0.00572	0.00649	0.00630	0.00795	0.00499	0.00472	0.00918	0.01417	0.01839	0.36347	0.04891	0.45639	0.01306	0.00665	0.00184	0.00277	0.01114	0.00565	0.00499
14	0.00705	0.00499	0.00652	0.00761	0.00793	0.00470	0.00502	0.00797	0.01064	0.01423	0.05323	0.68531	0.03578	0.10882	0.00967	0.00264	0.00350	0.01490	0.00504	0.00446
15	0.01648	0.53099	0.07741	0.01145	0.01597	0.23614	0.01076	0.01851	0.01274	0.01371	0.00823	0.00954	0.00722	0.00513	0.00415	0.00131	0.00735	0.00326	0.00254	0.00710
16	0.01202	0.18013	0.62845	0.01479	0.02243	0.01486	0.01862	0.01763	0.01179	0.01693	0.00966	0.01133	0.00715	0.00524	0.00501	0.00167	0.00787	0.00393	0.00238	0.00810
17	0.01610	0.00840	0.00985	0.00839	0.01116	0.00835	0.00665	0.06804	0.13001	0.25715	0.09721	0.02210	0.01839	0.00738	0.00514	0.00161	0.00382	0.00605	0.30675	0.00746
18	0.05574	0.01161	0.02024	0.47879	0.14630	0.01306	0.14550	0.03194	0.01210	0.01668	0.01030	0.01453	0.00787	0.00538	0.00569	0.00184	0.00754	0.00519	0.00273	0.00696
19	0.01764	0.01241	0.04644	0.01234	0.04438	0.03140	0.00983	0.13004	0.19805	0.24207	0.04044	0.06309	0.01518	0.00789	0.00695	0.00185	0.08070	0.00621	0.00536	0.02775

[dist]
# distance from previous block
# <min> <max>
0	2

[block]
# block no. 1 follows, 42 sequences, length 18
# corresponding to MSA columns:
# 59-76
name=unknown_B
#
# <colnr> <probs for GDERKNQSTAVLIFYWHMCP>
#	G	D	E	R	K	N	Q	S	T	A	V	L	I	F	Y	W	H	M	C	P
0	0.02042	0.01528	0.01634	0.01275	0.01708	0.01700	0.01046	0.65398	0.12242	0.03390	0.01475	0.01449	0.01057	0.00687	0.00564	0.00172	0.00596	0.00524	0.00564	0.00948
1	0.01452	0.01655	0.01825	0.03710	0.01849	0.29303	0.18839	0.01682	0.01270	0.01462	0.01201	0.06485	0.01105	0.04162	0.12968	0.00307	0.09212	0.00587	0.00301	0.00626
2	0.02405	0.00985	0.01302	0.01017	0.01439	0.00888	0.00834	0.02769	0.09535	0.69106	0.02228	0.01935	0.01428	0.00704	0.00567	0.00176	0.00475	0.00573	0.00683	0.00951
3	0.01218	0.00971	0.01074	0.00949	0.01240	0.01015	0.00741	0.04153	0.37321	0.05126	0.15655	0.02917	0.12838	0.00903	0.00590	0.00177	0.00396	0.02546	0.00551	0.09618
4	0.01270	0.01288	0.01744	0.01563	0.04796	0.04451	0.01248	0.01403	0.00907	0.01376	0.00758	0.01231	0.00745	0.00949	0.01742	0.00239	0.72924	0.00488	0.00249	0.00629
5	0.01360	0.01371	0.01273	0.01111	0.01380	0.23220	0.05655	0.01593	0.04259	0.05689	0.02289	0.16307	0.14736	0.00947	0.00640	0.00170	0.04303	0.00777	0.00411	0.12510
6	0.01063	0.01000	0.01688	0.78870	0.03876	0.01250	0.01563	0.01438	0.01125	0.01438	0.01000	0.01500	0.00750	0.00563	0.00563	0.00188	0.00750	0.00500	0.00250	0.00625
7	0.07404	0.01305	0.02070	0.03010	0.63174	0.01338	0.01557	0.01857	0.09218	0.01944	0.01170	0.01434	0.00959	0.00531	0.00544	0.00170	0.00628	0.00502	0.00315	0.00871
8	0.00702	0.00511	0.00643	0.00746	0.00813	0.00469	0.00515	0.00819	0.01125	0.01482	0.03523	0.61370	0.16695	0.01659	0.00700	0.00219	0.00324	0.03976	0.03247	0.00465
9	0.01360	0.01304	0.02225	0.10970	0.69453	0.01328	0.01711	0.01698	0.01266	0.01799	0.01053	0.01404	0.00877	0.00508	0.00558	0.00169	0.00677	0.00501	0.00276	0.00865
10	0.01196	0.10842	0.60844	0.01705	0.07746	0.01410	0.05130	0.01769	0.01196	0.01739	0.00995	0.01188	0.00733	0.00524	0.00524	0.00172	0.00801	0.00421	0.00243	0.00821
11	0.00685	0.00494	0.00648	0.00772	0.00813	0.00458	0.00517	0.00785	0.01089	0.01441	0.03243	0.75803	0.07683	0.01745	0.00715	0.00226	0.00324	0.01577	0.00522	0.00458
12	0.01683	0.01107	0.01287	0.02634	0.01425	0.01164	0.00862	0.36056	0.01996	0.13558	0.15242	0.08194	0.03674	0.01006	0.03146	0.00203	0.00528	0.03231	0.02218	0.00787
13	0.02014	0.01184	0.06888	0.01318	0.09532	0.02248	0.01008	0.03778	0.11462	0.45913	0.02117	0.04792	0.03658	0.00732	0.00571	0.00178	0.00520	0.00610	0.00581	0.00894
14	0.00760	0.00524	0.00624	0.00682	0.00778	0.00482	0.00480	0.00917	0.01202	0.01672	0.12249	0.40752	0.19188	0.01418	0.00642	0.00197	0.00299	0.01248	0.15405	0.00482
15	0.01085	0.01032	0.01770	0.73251	0.06562	0.01260	0.04247	0.01462	0.01139	0.01466	0.01007	0.01497	0.00759	0.00557	0.00566	0.00187	0.00754	0.00506	0.00252	0.00640
16	0.02188	0.01372	0.01561	0.03028	0.01686	0.01458	0.00999	0.51892	0.02288	0.23354	0.01588	0.01561	0.01095	0.02501	0.00616	0.00179	0.00583	0.00530	0.00587	0.00935
17	0.01671	0.02979	0.09843	0.01888	0.23242	0.04239	0.01316	0.25206	0.04425	0.08444	0.03288	0.01829	0.01232	0.00689	0.00591	0.00177	0.01882	0.05765	0.00435	0.00859

[dist]
# distance from previous block
# <min> <max>
0	20

[block]
# block no. 2 follows, 42 sequences, length 16
# corresponding to MSA columns:
# 97-112
name=unknown_C
#
# <colnr> <probs for GDERKNQSTAVLIFYWHMCP>
#	G	D	E	R	K	N	Q	S	T	A	V	L	I	F	Y	W	H	M	C	P
0	0.12943	0.10375	0.13006	0.07855	0.01755	0.01293	0.04005	0.09461	0.03445	0.09505	0.01390	0.10301	0.01208	0.02320	0.00640	0.00184	0.05011	0.00579	0.00386	0.04337
1	0.09002	0.04113	0.04165	0.14646	0.07667	0.04238	0.15001	0.01609	0.06869	0.01785	0.04776	0.10521	0.02648	0.00744	0.00621	0.00183	0.04069	0.00663	0.03631	0.03050
2	0.00818	0.00546	0.00614	0.00614	0.00614	0.00546	0.00341	0.00818	0.00818	0.01091	0.01773	0.03683	0.02046	0.80222	0.02864	0.00546	0.00546	0.00818	0.00341	0.00341
3	0.03821	0.00716	0.00800	0.00746	0.00847	0.00738	0.00498	0.11578	0.01187	0.03335	0.05992	0.11447	0.02171	0.48855	0.01963	0.00402	0.00503	0.00837	0.03083	0.00482
4	0.03060	0.09828	0.07291	0.03723	0.08767	0.03996	0.01111	0.27832	0.04439	0.11690	0.02712	0.01411	0.01037	0.00604	0.00520	0.00156	0.00599	0.00471	0.00448	0.10306
5	0.01871	0.00948	0.01181	0.00945	0.01301	0.00880	0.00762	0.13970	0.01704	0.39160	0.14310	0.05080	0.09071	0.00855	0.00587	0.00172	0.00441	0.00709	0.00620	0.05433
6	0.00818	0.00537	0.00646	0.00660	0.00669	0.00539	0.00395	0.00817	0.00844	0.01130	0.01829	0.11768	0.02094	0.60014	0.06750	0.08356	0.00570	0.00861	0.00350	0.00354
7	0.01318	0.00855	0.00935	0.00815	0.01034	0.00887	0.00623	0.19945	0.05424	0.05738	0.05377	0.04111	0.10801	0.09702	0.00880	0.04853	0.00421	0.00682	0.24968	0.00631
8	0.04017	0.04441	0.02115	0.19059	0.39340	0.07170	0.08395	0.01712	0.02692	0.01739	0.03322	0.01463	0.00979	0.00543	0.00554	0.00171	0.00712	0.00510	0.00291	0.00777
9	0.01798	0.01138	0.01226	0.01037	0.01379	0.05365	0.00823	0.08066	0.30506	0.27175	0.02250	0.02093	0.05344	0.00748	0.00554	0.00175	0.00476	0.00606	0.08391	0.00849
10	0.00715	0.00511	0.00685	0.00801	0.00851	0.00481	0.00559	0.00842	0.01139	0.01525	0.08876	0.66961	0.03802	0.01695	0.00720	0.00227	0.00340	0.08272	0.00530	0.00469
11	0.01297	0.01263	0.08436	0.12933	0.03118	0.02830	0.01072	0.02288	0.40234	0.05762	0.02152	0.07832	0.05040	0.00822	0.00585	0.00191	0.00531	0.02350	0.00480	0.00784
12	0.01140	0.00972	0.01138	0.00831	0.01305	0.00734	0.00659	0.01382	0.01162	0.01812	0.01117	0.05545	0.00994	0.00492	0.00434	0.00091	0.00412	0.00404	0.00344	0.79033
13	0.00690	0.00509	0.00641	0.00737	0.00802	0.00466	0.00501	0.00800	0.01129	0.01476	0.06460	0.61389	0.16964	0.03663	0.00761	0.00228	0.00322	0.01482	0.00522	0.00460
14	0.00808	0.00541	0.00617	0.00627	0.00629	0.00539	0.00355	0.00816	0.00838	0.01117	0.01874	0.09483	0.02174	0.74248	0.02701	0.00521	0.00529	0.00878	0.00355	0.00350
15	0.01423	0.22208	0.03366	0.01115	0.01450	0.07802	0.07238	0.05821	0.07800	0.09391	0.04626	0.19326	0.04363	0.00895	0.00556	0.00173	0.00561	0.00758	0.00429	0.00698

[dist]
# distance from previous block
# <min> <max>
1	2

[block]
# block no. 3 follows, 42 sequences, length 19
# corresponding to MSA columns:
# 115-133
name=unknown_D
#
# <colnr> <probs for GDERKNQSTAVLIFYWHMCP>
#	G	D	E	R	K	N	Q	S	T	A	V	L	I	F	Y	W	H	M	C	P
0	0.01418	0.01333	0.02486	0.05571	0.02394	0.01321	0.42854	0.09603	0.01416	0.06938	0.01334	0.07275	0.01098	0.00645	0.00720	0.00187	0.06662	0.00669	0.00358	0.05718
1	0.01152	0.01243	0.07638	0.52983	0.19499	0.01282	0.05158	0.01544	0.01174	0.01568	0.01020	0.01454	0.00783	0.00543	0.00564	0.00183	0.00748	0.00502	0.00257	0.00705
2	0.01088	0.01026	0.01733	0.73143	0.09407	0.01257	0.01575	0.01460	0.01137	0.01468	0.01005	0.01492	0.00761	0.00558	0.00562	0.00186	0.00744	0.00500	0.00252	0.00645
3	0.01353	0.01438	0.11575	0.01135	0.01486	0.07757	0.00990	0.10499	0.30875	0.03360	0.07456	0.09863	0.08024	0.00885	0.00589	0.00185	0.00530	0.00734	0.00498	0.00769
4	0.01865	0.00956	0.01209	0.00948	0.01343	0.00838	0.00762	0.08774	0.01537	0.39589	0.05700	0.10131	0.01661	0.00762	0.00550	0.00157	0.00449	0.00636	0.00571	0.21562
5	0.11722	0.01351	0.01456	0.01145	0.01552	0.01468	0.00940	0.49222	0.04079	0.12805	0.05973	0.01581	0.01264	0.00757	0.01971	0.00185	0.00570	0.00527	0.00554	0.00880
6	0.01814	0.00993	0.01213	0.00988	0.01324	0.00982	0.00794	0.15844	0.10675	0.32484	0.23701	0.02499	0.02492	0.00833	0.00595	0.00176	0.00439	0.00695	0.00634	0.00825
7	0.01228	0.12523	0.65170	0.01501	0.02274	0.01404	0.01893	0.01806	0.01198	0.04561	0.01027	0.01180	0.00740	0.00534	0.00514	0.00171	0.00790	0.00407	0.00255	0.00823
8	0.01063	0.01000	0.01688	0.78870	0.03876	0.01250	0.01563	0.01438	0.01125	0.01438	0.01000	0.01500	0.00750	0.00563	0.00563	0.00188	0.00750	0.00500	0.00250	0.00625
9	0.00892	0.00629	0.00758	0.00735	0.00905	0.00580	0.00559	0.01173	0.05604	0.06562	0.33344	0.12234	0.27011	0.01275	0.00665	0.00192	0.00317	0.05439	0.00575	0.00552
10	0.00937	0.00606	0.00773	0.00721	0.00885	0.00547	0.00544	0.01170	0.01519	0.09276	0.54797	0.08741	0.14967	0.01183	0.00658	0.00182	0.00292	0.01034	0.00607	0.00559
11	0.01237	0.01139	0.01866	0.53230	0.19957	0.01317	0.03552	0.07837	0.01297	0.01719	0.01047	0.01464	0.00802	0.00556	0.00564	0.00181	0.00726	0.00505	0.00284	0.00717
12	0.00816	0.00552	0.00646	0.00642	0.00659	0.00557	0.00382	0.00850	0.00879	0.01189	0.07000	0.03608	0.02227	0.68893	0.08415	0.00547	0.00599	0.00816	0.00358	0.00367
13	0.01012	0.00622	0.00797	0.00735	0.00911	0.00559	0.00557	0.01241	0.01515	0.12570	0.50822	0.09374	0.14770	0.01169	0.00654	0.00182	0.00302	0.01020	0.00610	0.00578
14	0.02286	0.01278	0.01497	0.01154	0.01592	0.01311	0.00951	0.38885	0.05141	0.37198	0.01787	0.01640	0.01188	0.00689	0.00565	0.00172	0.00548	0.00539	0.00625	0.00955
15	0.07613	0.01066	0.05845	0.00973	0.01345	0.00933	0.00832	0.10786	0.04446	0.35393	0.13500	0.04915	0.08219	0.00839	0.00577	0.00178	0.00460	0.00688	0.00591	0.00801
16	0.00811	0.00542	0.00616	0.00624	0.00625	0.00541	0.00351	0.00816	0.00833	0.01111	0.01849	0.08046	0.02142	0.75728	0.02741	0.00527	0.00533	0.00863	0.00351	0.00348
17	0.03939	0.01059	0.01325	0.01040	0.01450	0.01013	0.00851	0.13679	0.08384	0.54055	0.05637	0.01936	0.01528	0.00718	0.00566	0.00175	0.00486	0.00580	0.00654	0.00924
18	0.07553	0.01099	0.01259	0.01008	0.01386	0.01121	0.00821	0.22447	0.09222	0.32754	0.01949	0.01839	0.03548	0.00703	0.00533	0.00170	0.00479	0.00553	0.10696	0.00860

[dist]
# distance from previous block
# <min> <max>
1	12

[block]
# block no. 4 follows, 42 sequences, length 22
# corresponding to MSA columns:
# 146-167
name=unknown_E
#
# <colnr> <probs for GDERKNQSTAVLIFYWHMCP>
#	G	D	E	R	K	N	Q	S	T	A	V	L	I	F	Y	W	H	M	C	P
0	0.11134	0.34679	0.05617	0.01011	0.01424	0.03204	0.02786	0.07546	0.03683	0.09381	0.04379	0.01460	0.03204	0.00613	0.00478	0.00151	0.02266	0.00444	0.05810	0.00731
1	0.14270	0.06159	0.01049	0.00818	0.01079	0.02694	0.00660	0.12538	0.08890	0.03958	0.01537	0.01676	0.01187	0.00645	0.00470	0.00153	0.02389	0.00481	0.38680	0.00666
2	0.08174	0.53510	0.07362	0.01018	0.01493	0.06596	0.00990	0.01790	0.04470	0.03439	0.00920	0.01025	0.00781	0.00508	0.00399	0.00132	0.00607	0.00336	0.00284	0.06168
3	0.09671	0.06543	0.27080	0.01233	0.01729	0.01183	0.03322	0.04126	0.01292	0.22186	0.01521	0.09777	0.01222	0.00738	0.00625	0.00183	0.05789	0.00580	0.00415	0.00785
4	0.00818	0.00546	0.00614	0.00614	0.00614	0.00546	0.00341	0.00818	0.00818	0.01091	0.01773	0.03683	0.02046	0.80222	0.02864	0.00546	0.00546	0.00818	0.00341	0.00341
5	0.00710	0.00506	0.00665	0.00763	0.00808	0.00473	0.00513	0.00827	0.01138	0.01537	0.13794	0.64284	0.03857	0.06264	0.00836	0.00240	0.00330	0.01469	0.00526	0.00461
6	0.04946	0.12940	0.55337	0.01491	0.02209	0.01402	0.06553	0.01761	0.01202	0.03215	0.03310	0.01266	0.00873	0.00545	0.00516	0.00171	0.00767	0.00433	0.00267	0.00796
7	0.07064	0.08000	0.39334	0.08708	0.08854	0.02669	0.06445	0.01751	0.01191	0.04735	0.01037	0.01259	0.00775	0.00553	0.00574	0.00175	0.03967	0.00441	0.01689	0.00777
8	0.00812	0.00547	0.00635	0.00640	0.00648	0.00552	0.00372	0.00829	0.00835	0.01120	0.01811	0.06748	0.02073	0.71958	0.07725	0.00556	0.00600	0.00837	0.00346	0.00356
9	0.00705	0.00506	0.00665	0.00772	0.00820	0.00472	0.00525	0.00821	0.01130	0.01512	0.10011	0.66490	0.05913	0.03948	0.00775	0.00233	0.00331	0.03380	0.00526	0.00463
10	0.08166	0.01252	0.05627	0.40445	0.26795	0.02802	0.01543	0.01580	0.01166	0.01671	0.00991	0.01384	0.00781	0.00551	0.00578	0.00180	0.03025	0.00477	0.00267	0.00720
11	0.00804	0.00544	0.00640	0.00660	0.00672	0.00544	0.00396	0.00832	0.00869	0.01161	0.01965	0.13180	0.02265	0.64891	0.05648	0.00512	0.00557	0.03125	0.00367	0.00368
12	0.00686	0.00490	0.00653	0.00784	0.00816	0.00457	0.00522	0.00784	0.01077	0.01437	0.03102	0.79855	0.03722	0.01763	0.00718	0.00229	0.00326	0.01600	0.00522	0.00457
13	0.00709	0.00515	0.00672	0.00778	0.00839	0.00478	0.00543	0.00835	0.01150	0.01524	0.08790	0.62098	0.10310	0.01672	0.00714	0.00224	0.00332	0.06821	0.00529	0.00469
14	0.06818	0.00978	0.01115	0.01058	0.06142	0.04576	0.00765	0.06867	0.09346	0.14642	0.29467	0.02808	0.07936	0.00879	0.00586	0.00172	0.00426	0.00738	0.00549	0.04134
15	0.19310	0.00911	0.01107	0.00906	0.01257	0.00862	0.00730	0.02198	0.01378	0.49132	0.03794	0.07380	0.01470	0.00832	0.00642	0.05677	0.00454	0.00592	0.00579	0.00791
16	0.02061	0.01188	0.01392	0.01106	0.01503	0.01225	0.00900	0.28296	0.14245	0.32492	0.07934	0.01931	0.01609	0.00737	0.00574	0.00175	0.00506	0.00593	0.00622	0.00912
17	0.02899	0.09562	0.03583	0.01138	0.05974	0.01121	0.00886	0.05608	0.18053	0.19303	0.14424	0.04797	0.03167	0.00829	0.00570	0.00177	0.00467	0.04321	0.02343	0.00779
18	0.02498	0.01000	0.01332	0.01022	0.01458	0.00891	0.00844	0.07726	0.01682	0.72017	0.02160	0.01876	0.01363	0.00695	0.00566	0.00174	0.00489	0.00562	0.00687	0.00958
19	0.02353	0.01143	0.01409	0.01090	0.01523	0.01113	0.00898	0.22579	0.06230	0.52504	0.01985	0.01771	0.01292	0.00695	0.00566	0.00174	0.00516	0.00554	0.00653	0.00954
20	0.01864	0.04518	0.01756	0.01510	0.03386	0.48990	0.04180	0.08170	0.01504	0.01583	0.00897	0.01113	0.00756	0.00661	0.00786	0.00169	0.16757	0.00415	0.00302	0.00683
21	0.01309	0.01292	0.02003	0.33145	0.42993	0.06327	0.01620	0.01647	0.01240	0.01650	0.01023	0.01411	0.00825	0.00531	0.00556	0.00174	0.00724	0.00492	0.00268	0.00770

[dist]
# distance from previous block
# <min> <max>
0	3

[block]
# block no. 5 follows, 42 sequences, length 10
# corresponding to MSA columns:
# 171-180
name=unknown_F
#
# <colnr> <probs for GDERKNQSTAVLIFYWHMCP>
#	G	D	E	R	K	N	Q	S	T	A	V	L	I	F	Y	W	H	M	C	P
0	0.01308	0.01105	0.01134	0.01037	0.01305	0.06771	0.00786	0.04243	0.37034	0.05272	0.02233	0.22582	0.02047	0.00973	0.00589	0.00185	0.00460	0.00833	0.00518	0.09588
1	0.01779	0.00853	0.01155	0.00958	0.01264	0.00816	0.00773	0.04685	0.01416	0.41352	0.08200	0.02209	0.03587	0.01688	0.21210	0.00368	0.02830	0.00617	0.00551	0.03692
2	0.00998	0.00879	0.01402	0.58045	0.03008	0.01063	0.01238	0.01273	0.01044	0.01346	0.01206	0.02081	0.01095	0.21761	0.01175	0.00283	0.00696	0.00585	0.00274	0.00550
3	0.00799	0.00545	0.00612	0.00619	0.00637	0.00535	0.00358	0.00816	0.00870	0.01144	0.02161	0.07957	0.08115	0.69634	0.02571	0.00500	0.00513	0.00890	0.00365	0.00358
4	0.00992	0.00887	0.01439	0.58070	0.03068	0.01059	0.01288	0.01338	0.01250	0.01656	0.21069	0.02220	0.01964	0.00719	0.00590	0.00185	0.00621	0.00638	0.00348	0.00600
5	0.24186	0.01109	0.01251	0.00987	0.01402	0.01116	0.00815	0.16065	0.01632	0.43368	0.01674	0.01542	0.01102	0.00646	0.00507	0.00173	0.00494	0.00485	0.00579	0.00865
6	0.01150	0.00718	0.00770	0.00656	0.00906	0.00663	0.00509	0.06045	0.01270	0.02120	0.01582	0.01802	0.01249	0.00593	0.00410	0.00121	0.00326	0.00473	0.55957	0.22677
7	0.01268	0.01868	0.22896	0.02104	0.02703	0.01414	0.50129	0.01765	0.01258	0.01765	0.01076	0.01410	0.00808	0.00527	0.00714	0.00191	0.06481	0.00586	0.00269	0.00768
8	0.00680	0.00567	0.00596	0.00614	0.00787	0.00483	0.00462	0.00825	0.01265	0.01522	0.05322	0.12077	0.66035	0.01462	0.00676	0.00197	0.00301	0.05129	0.00522	0.00476
9	0.00688	0.00549	0.00616	0.00645	0.00786	0.00478	0.00467	0.00835	0.01269	0.01596	0.14405	0.25064	0.47664	0.01479	0.00679	0.00199	0.00293	0.01275	0.00535	0.00478

[dist]
# distance from previous block
# <min> <max>
0	7

[block]
# block no. 6 follows, 42 sequences, length 49
# corresponding to MSA columns:
# 188-236
name=unknown_G
#
# <colnr> <probs for GDERKNQSTAVLIFYWHMCP>
#	G	D	E	R	K	N	Q	S	T	A	V	L	I	F	Y	W	H	M	C	P
0	0.01985	0.01389	0.01527	0.01206	0.01602	0.01508	0.00981	0.59692	0.02364	0.09107	0.01643	0.11393	0.01344	0.00816	0.00583	0.00177	0.00571	0.00651	0.00568	0.00893
1	0.01172	0.02749	0.68587	0.01667	0.02465	0.01329	0.08765	0.03599	0.01237	0.01828	0.01030	0.01223	0.00732	0.00533	0.00547	0.00179	0.00837	0.00441	0.00250	0.00828
2	0.00688	0.00571	0.00601	0.00594	0.00774	0.00485	0.00445	0.00851	0.01336	0.01647	0.17843	0.05208	0.64263	0.01378	0.00665	0.00188	0.00282	0.01159	0.00539	0.00485
3	0.00687	0.00576	0.00601	0.00610	0.00794	0.00490	0.00468	0.00841	0.01290	0.01548	0.06946	0.05465	0.69208	0.01430	0.00674	0.00195	0.00303	0.06869	0.00524	0.00480
4	0.00856	0.00634	0.00829	0.00924	0.01041	0.00631	0.00739	0.01162	0.07132	0.01671	0.06067	0.29835	0.07290	0.01537	0.00731	0.00237	0.00427	0.37202	0.00528	0.00526
5	0.01129	0.01100	0.01944	0.60939	0.10447	0.01289	0.10556	0.01508	0.01159	0.01518	0.01017	0.01487	0.00776	0.00555	0.00600	0.00187	0.02345	0.00520	0.00257	0.00666
6	0.00686	0.00490	0.00653	0.00784	0.00816	0.00457	0.00522	0.00784	0.01077	0.01437	0.03102	0.79855	0.03722	0.01763	0.00718	0.00229	0.00326	0.01600	0.00522	0.00457
7	0.01275	0.00997	0.01178	0.00847	0.01342	0.00756	0.00680	0.01522	0.01202	0.07799	0.01097	0.01226	0.00878	0.00439	0.00429	0.00091	0.00422	0.00352	0.00362	0.77108
8	0.01470	0.73382	0.09824	0.01022	0.01536	0.02142	0.01066	0.01694	0.01148	0.01366	0.00803	0.00929	0.00721	0.00486	0.00377	0.00126	0.00623	0.00312	0.00240	0.00732
9	0.01471	0.73654	0.09563	0.01020	0.01533	0.02145	0.01062	0.01694	0.01147	0.01365	0.00803	0.00928	0.00721	0.00486	0.00377	0.00126	0.00622	0.00311	0.00240	0.00732
10	0.01836	0.00929	0.01153	0.00950	0.01291	0.00888	0.00762	0.05111	0.15534	0.40643	0.15001	0.02637	0.09039	0.00852	0.00593	0.00179	0.00424	0.00710	0.00639	0.00829
11	0.01148	0.06002	0.67138	0.01506	0.02292	0.01294	0.01902	0.01744	0.01184	0.01768	0.00999	0.01174	0.00724	0.00522	0.00516	0.00167	0.00784	0.00403	0.00247	0.08485
12	0.00796	0.00575	0.00752	0.00708	0.00841	0.00531	0.00531	0.01062	0.01593	0.02257	0.76415	0.04204	0.05310	0.01150	0.00664	0.00177	0.00265	0.01018	0.00619	0.00531
13	0.03649	0.03943	0.01599	0.01199	0.01618	0.01575	0.00991	0.59254	0.02396	0.08420	0.08322	0.01631	0.01375	0.00712	0.00562	0.00169	0.00573	0.00547	0.00563	0.00903
14	0.01738	0.50728	0.02450	0.01122	0.01558	0.18006	0.01007	0.14326	0.01495	0.01716	0.00898	0.01003	0.00763	0.00535	0.00426	0.00134	0.00691	0.00349	0.00306	0.00748
15	0.06242	0.16779	0.55167	0.03174	0.02222	0.01473	0.04084	0.01750	0.01169	0.01737	0.00959	0.01137	0.00714	0.00523	0.00497	0.00168	0.00768	0.00398	0.00247	0.00791
16	0.00707	0.00514	0.00662	0.00746	0.00810	0.00474	0.00511	0.00836	0.01181	0.01581	0.16266	0.57769	0.10655	0.03548	0.00756	0.00224	0.00317	0.01440	0.00535	0.00469
17	0.00978	0.00489	0.00733	0.00733	0.00733	0.00489	0.00489	0.00733	0.00733	0.00978	0.00978	0.01711	0.00978	0.01955	0.02199	0.83627	0.00489	0.00489	0.00244	0.00244
18	0.01475	0.74407	0.08842	0.01014	0.01523	0.02154	0.01051	0.01693	0.01147	0.01360	0.00800	0.00925	0.00721	0.00486	0.00375	0.00125	0.00620	0.00310	0.00240	0.00731
19	0.01286	0.14895	0.55011	0.01532	0.04014	0.08548	0.01784	0.01798	0.01213	0.01664	0.00956	0.01134	0.00720	0.00541	0.00538	0.00168	0.02761	0.00397	0.00244	0.00794
20	0.00765	0.00566	0.00715	0.00695	0.00826	0.00515	0.00515	0.00995	0.01493	0.02061	0.58164	0.12266	0.15828	0.01256	0.00670	0.00184	0.00275	0.01104	0.00595	0.00515
21	0.00667	0.00565	0.00576	0.00585	0.00764	0.00474	0.00434	0.00806	0.01269	0.01515	0.05523	0.10508	0.71506	0.01448	0.00669	0.00193	0.00288	0.01216	0.00523	0.00474
22	0.07951	0.32809	0.35367	0.01258	0.01880	0.01701	0.01436	0.08488	0.01287	0.01826	0.00935	0.01071	0.00731	0.00526	0.00455	0.00155	0.00691	0.00371	0.00278	0.00783
23	0.10364	0.01059	0.01052	0.00909	0.01158	0.05442	0.00718	0.23464	0.01591	0.03855	0.01533	0.06488	0.01265	0.00834	0.02102	0.02586	0.03621	0.00553	0.30734	0.00670
24	0.00894	0.00641	0.00882	0.01001	0.01128	0.00637	0.00865	0.01138	0.01276	0.01654	0.03037	0.06204	0.06040	0.04716	0.00857	0.00268	0.00510	0.67231	0.00511	0.00509
25	0.01223	0.01171	0.02054	0.04250	0.42457	0.01152	0.13986	0.01552	0.01289	0.01767	0.01834	0.02637	0.08398	0.00764	0.00623	0.00189	0.00657	0.12893	0.00343	0.00760
26	0.00925	0.00807	0.02757	0.08157	0.01376	0.00803	0.05234	0.02739	0.09411	0.01816	0.21565	0.28154	0.07325	0.02676	0.00740	0.00207	0.03171	0.01061	0.00495	0.00580
27	0.01072	0.01010	0.01705	0.76676	0.05995	0.01253	0.01568	0.01446	0.01130	0.01450	0.01002	0.01497	0.00754	0.00561	0.00562	0.00187	0.00748	0.00500	0.00251	0.00633
28	0.00956	0.00619	0.00820	0.00798	0.00954	0.00575	0.00629	0.01206	0.01503	0.08418	0.49598	0.07140	0.07361	0.01228	0.00681	0.00196	0.00339	0.15821	0.00598	0.00560
29	0.22440	0.01305	0.07708	0.18571	0.04761	0.01243	0.22825	0.01703	0.01202	0.06750	0.03994	0.01471	0.00977	0.00555	0.00537	0.00181	0.00687	0.00517	0.01873	0.00701
30	0.01505	0.80561	0.02949	0.00963	0.01444	0.02227	0.00963	0.01685	0.01143	0.01324	0.00782	0.00903	0.00722	0.00481	0.00361	0.00120	0.00602	0.00301	0.00241	0.00722
31	0.01379	0.01323	0.02259	0.06628	0.73646	0.01333	0.01720	0.01715	0.01275	0.01822	0.01056	0.01397	0.00885	0.00504	0.00557	0.00168	0.00672	0.00501	0.00277	0.00880
32	0.00811	0.00578	0.00719	0.00693	0.00839	0.00521	0.00516	0.01032	0.01475	0.04392	0.51119	0.11402	0.21303	0.01255	0.00666	0.00185	0.00282	0.01096	0.00591	0.00525
33	0.01380	0.01031	0.01209	0.00896	0.01370	0.00848	0.00718	0.03858	0.08154	0.10956	0.01276	0.01348	0.00986	0.00490	0.00453	0.00107	0.00433	0.00394	0.00406	0.63687
34	0.01544	0.00865	0.01080	0.00929	0.01202	0.00840	0.00739	0.12062	0.05654	0.25327	0.26668	0.09592	0.04474	0.01007	0.00627	0.00186	0.00412	0.05443	0.00616	0.00733
35	0.00728	0.00573	0.00657	0.00636	0.00799	0.00502	0.00477	0.00929	0.01431	0.01872	0.39445	0.04837	0.42521	0.01294	0.00664	0.00184	0.00276	0.01107	0.00569	0.00502
36	0.01063	0.01000	0.01688	0.78870	0.03876	0.01250	0.01563	0.01438	0.01125	0.01438	0.01000	0.01500	0.00750	0.00563	0.00563	0.00188	0.00750	0.00500	0.00250	0.00625
37	0.04296	0.01017	0.01118	0.00995	0.01281	0.02454	0.00785	0.05304	0.35117	0.12605	0.16576	0.02844	0.07360	0.00902	0.00597	0.00187	0.00426	0.04785	0.00579	0.00771
38	0.00949	0.00746	0.00762	0.00748	0.00810	0.06726	0.00491	0.02821	0.00992	0.01299	0.03271	0.07794	0.03315	0.49676	0.13487	0.00508	0.00693	0.00789	0.03697	0.00426
39	0.02420	0.01000	0.01319	0.01017	0.01441	0.00900	0.00838	0.09367	0.01706	0.67261	0.05126	0.01955	0.01510	0.00713	0.00570	0.00174	0.00483	0.00579	0.00681	0.00940
40	0.01076	0.00640	0.00824	0.00740	0.00933	0.00575	0.00568	0.01317	0.01556	0.15012	0.54438	0.03969	0.13935	0.01108	0.00647	0.00178	0.00305	0.00962	0.00620	0.00597
41	0.01066	0.00989	0.01648	0.74296	0.03707	0.01236	0.01514	0.01431	0.01121	0.01459	0.01023	0.01515	0.00774	0.00576	0.00587	0.00187	0.02598	0.00501	0.03149	0.00621
42	0.02479	0.01031	0.01351	0.01036	0.01473	0.00936	0.00856	0.11253	0.01733	0.68419	0.02118	0.01849	0.01342	0.00694	0.00566	0.00174	0.00495	0.00559	0.00681	0.00958
43	0.00686	0.00490	0.00653	0.00784	0.00816	0.00457	0.00522	0.00784	0.01077	0.01437	0.03102	0.79855	0.03722	0.01763	0.00718	0.00229	0.00326	0.01600	0.00522	0.00457
44	0.02210	0.01463	0.01619	0.01241	0.01689	0.01577	0.01025	0.61635	0.02456	0.17015	0.01510	0.01454	0.01037	0.00679	0.00564	0.00170	0.00594	0.00518	0.00587	0.00957
45	0.01063	0.01000	0.01688	0.78870	0.03876	0.01250	0.01563	0.01438	0.01125	0.01438	0.01000	0.01500	0.00750	0.00563	0.00563	0.00188	0.00750	0.00500	0.00250	0.00625
46	0.00796	0.00536	0.00621	0.00643	0.00649	0.00530	0.00372	0.00812	0.00863	0.01150	0.02001	0.16762	0.02334	0.66751	0.02496	0.00491	0.00508	0.00953	0.00372	0.00361
47	0.03317	0.00767	0.01016	0.00847	0.01128	0.00686	0.00673	0.01869	0.01588	0.37684	0.39757	0.03054	0.03360	0.00923	0.00611	0.00176	0.00370	0.00789	0.00650	0.00735
48	0.03801	0.01926	0.01356	0.01207	0.01494	0.43595	0.00924	0.13390	0.03299	0.01820	0.04304	0.01978	0.13583	0.00911	0.03806	0.00191	0.00800	0.00559	0.00391	0.00665

[dist]
# distance from previous block
# <min> <max>
4	7

[block]
# block no. 7 follows, 42 sequences, length 64
# corresponding to MSA columns:
# 244-259,290-337
name=unknown_H
#
# <colnr> <probs for GDERKNQSTAVLIFYWHMCP>
#	G	D	E	R	K	N	Q	S	T	A	V	L	I	F	Y	W	H	M	C	P
0	0.11339	0.51415	0.02377	0.07271	0.01643	0.06786	0.00992	0.08090	0.01275	0.01674	0.00855	0.01005	0.00732	0.00526	0.00431	0.00140	0.02107	0.00343	0.00286	0.00715
1	0.00794	0.00678	0.00696	0.00673	0.00882	0.00633	0.00510	0.01185	0.13789	0.01692	0.08143	0.04807	0.60897	0.01302	0.00650	0.00190	0.00311	0.01088	0.00535	0.00547
2	0.00749	0.00548	0.00705	0.00749	0.00840	0.00513	0.00530	0.00957	0.03246	0.01802	0.33334	0.42322	0.08671	0.01465	0.00689	0.00204	0.00302	0.01311	0.00564	0.00500
3	0.01560	0.49703	0.14822	0.01116	0.01626	0.06494	0.01136	0.01933	0.07214	0.08114	0.01072	0.01141	0.00860	0.00538	0.00433	0.00142	0.00641	0.00374	0.00310	0.00770
4	0.01021	0.00597	0.00784	0.00825	0.00941	0.00553	0.00584	0.01194	0.03699	0.14192	0.04734	0.60413	0.05199	0.01527	0.00685	0.00216	0.00354	0.01369	0.00556	0.00558
5	0.00799	0.00555	0.00698	0.00713	0.00745	0.00579	0.00462	0.00865	0.00872	0.01191	0.01856	0.12205	0.02067	0.50179	0.23222	0.00607	0.00784	0.00851	0.00351	0.00399
6	0.00736	0.00559	0.00786	0.10815	0.01209	0.00561	0.00654	0.00874	0.01099	0.01456	0.04440	0.66613	0.04906	0.01589	0.00696	0.00221	0.00379	0.01437	0.00489	0.00481
7	0.04714	0.06141	0.37749	0.01860	0.04567	0.01399	0.29182	0.01821	0.03868	0.01820	0.01084	0.01324	0.00803	0.00516	0.00569	0.00180	0.00829	0.00509	0.00273	0.00793
8	0.01540	0.01043	0.01193	0.01068	0.02973	0.03192	0.00826	0.10069	0.25114	0.17703	0.18612	0.02787	0.05058	0.00889	0.00604	0.00185	0.00451	0.05318	0.00588	0.00787
9	0.00685	0.00493	0.00649	0.00774	0.00814	0.00458	0.00518	0.00785	0.01086	0.01440	0.03216	0.76574	0.06929	0.01748	0.00716	0.00227	0.00325	0.01582	0.00522	0.00458
10	0.01371	0.13985	0.10156	0.01064	0.04026	0.01132	0.00939	0.06596	0.01299	0.06909	0.01127	0.02392	0.00909	0.00506	0.00450	0.00118	0.00515	0.00394	0.02512	0.43599
11	0.05053	0.01005	0.03885	0.02830	0.05811	0.05367	0.07381	0.04350	0.07726	0.01711	0.03946	0.33121	0.03572	0.09257	0.00864	0.00237	0.00521	0.02329	0.00438	0.00595
12	0.01192	0.15947	0.64823	0.01496	0.02269	0.01461	0.01892	0.01766	0.01181	0.01705	0.00972	0.01140	0.00714	0.00526	0.00506	0.00169	0.00793	0.00397	0.00238	0.00813
13	0.01319	0.01436	0.02928	0.08910	0.02813	0.01428	0.57485	0.04082	0.01308	0.01788	0.01094	0.01477	0.00837	0.00532	0.00750	0.00191	0.07837	0.00621	0.00288	0.02874
14	0.02074	0.02408	0.01591	0.01400	0.01720	0.60626	0.01070	0.16290	0.03051	0.01816	0.01067	0.01171	0.02038	0.00616	0.00522	0.00151	0.00917	0.00409	0.00351	0.00713
15	0.03911	0.00957	0.01242	0.00963	0.01371	0.00846	0.00786	0.03357	0.03455	0.53117	0.07888	0.01942	0.01590	0.00692	0.00571	0.00162	0.02006	0.00559	0.00611	0.13974
16	0.01259	0.29779	0.51578	0.01382	0.02093	0.01625	0.01693	0.01749	0.01173	0.01624	0.00931	0.01089	0.00716	0.00516	0.00475	0.00158	0.00752	0.00376	0.00239	0.00794
17	0.00796	0.00575	0.00752	0.00708	0.00841	0.00531	0.00531	0.01062	0.01593	0.02257	0.76415	0.04204	0.05310	0.01150	0.00664	0.00177	0.00265	0.01018	0.00619	0.00531
18	0.01063	0.01000	0.01688	0.78870	0.03876	0.01250	0.01563	0.01438	0.01125	0.01438	0.01000	0.01500	0.00750	0.00563	0.00563	0.00188	0.00750	0.00500	0.00250	0.00625
19	0.01361	0.01305	0.02227	0.10672	0.69741	0.01329	0.01711	0.01699	0.01266	0.01800	0.01053	0.01403	0.00878	0.00507	0.00558	0.00169	0.00676	0.00501	0.00276	0.00866
20	0.01254	0.00990	0.01127	0.01078	0.01333	0.01095	0.00870	0.02303	0.45670	0.05033	0.05198	0.03547	0.03947	0.01032	0.00641	0.00211	0.00459	0.22892	0.00561	0.00757
21	0.00692	0.00565	0.00611	0.00612	0.00780	0.00484	0.00454	0.00854	0.01326	0.01654	0.18939	0.10684	0.57592	0.01398	0.00669	0.00190	0.00284	0.01186	0.00541	0.00484
22	0.00766	0.00568	0.00714	0.00691	0.00825	0.00516	0.00513	0.00997	0.01500	0.02068	0.58761	0.10483	0.17024	0.01245	0.00668	0.00183	0.00274	0.01093	0.00596	0.00516
23	0.00709	0.00505	0.00672	0.00797	0.00836	0.00476	0.00546	0.00816	0.01085	0.01443	0.03040	0.70982	0.03618	0.04797	0.00806	0.00243	0.00350	0.07305	0.00515	0.00457
24	0.02069	0.01489	0.01598	0.01234	0.01661	0.01640	0.01017	0.68186	0.02521	0.04876	0.01403	0.01415	0.01000	0.00675	0.00551	0.00166	0.00591	0.00509	0.06472	0.00926
25	0.00717	0.00519	0.00677	0.00792	0.00850	0.00486	0.00558	0.00836	0.01115	0.01465	0.03270	0.61433	0.09971	0.04243	0.00791	0.00239	0.00355	0.10706	0.00516	0.00463
26	0.01167	0.01000	0.01167	0.00834	0.01334	0.00750	0.00667	0.01417	0.01167	0.01834	0.01000	0.01167	0.00834	0.00417	0.00417	0.00083	0.00417	0.00333	0.00333	0.83663
27	0.01447	0.00991	0.01196	0.00868	0.01355	0.00766	0.00700	0.01690	0.01258	0.17330	0.01251	0.01321	0.00949	0.00474	0.00447	0.00102	0.00430	0.00381	0.00408	0.66635
28	0.01826	0.01333	0.01454	0.01167	0.01539	0.01459	0.00959	0.55133	0.04935	0.03148	0.08113	0.02078	0.01580	0.00790	0.00578	0.00175	0.00551	0.06380	0.05949	0.00854
29	0.01931	0.02211	0.01617	0.01492	0.05288	0.51125	0.01105	0.13122	0.03718	0.01757	0.01114	0.01258	0.02921	0.00658	0.00653	0.00162	0.08384	0.00434	0.00341	0.00708
30	0.01976	0.03873	0.03737	0.01012	0.01380	0.03913	0.00847	0.08568	0.02977	0.44184	0.12070	0.07365	0.02019	0.00833	0.00584	0.00177	0.00489	0.02555	0.00609	0.00830
31	0.01471	0.01244	0.01312	0.01160	0.01490	0.01433	0.00908	0.09866	0.68704	0.02468	0.02201	0.02028	0.01645	0.00755	0.00572	0.00189	0.00462	0.00624	0.00572	0.00897
32	0.01589	0.01056	0.01205	0.01020	0.01321	0.01100	0.00804	0.29872	0.08391	0.13622	0.08347	0.18563	0.08626	0.01018	0.00614	0.00187	0.00464	0.00857	0.00576	0.00770
33	0.01375	0.01356	0.15340	0.01433	0.01869	0.01021	0.20688	0.01810	0.05227	0.16874	0.10080	0.08483	0.01918	0.00917	0.02798	0.00212	0.00662	0.06745	0.00450	0.00742
34	0.01860	0.11204	0.01443	0.00976	0.01359	0.01078	0.00809	0.10311	0.05617	0.35275	0.09812	0.07234	0.01803	0.00767	0.00547	0.00164	0.00470	0.00628	0.00564	0.08079
35	0.00702	0.00577	0.00622	0.00626	0.00804	0.00496	0.00480	0.00871	0.01326	0.01633	0.15006	0.05328	0.61008	0.01399	0.00674	0.00194	0.00301	0.06933	0.00535	0.00486
36	0.00711	0.00567	0.00620	0.00612	0.00768	0.00494	0.00447	0.00869	0.01312	0.01659	0.22382	0.06736	0.51050	0.08260	0.00858	0.00219	0.00304	0.01124	0.00530	0.00476
37	0.09128	0.34501	0.35118	0.01248	0.01862	0.04695	0.01424	0.03297	0.01195	0.01686	0.00897	0.01042	0.00713	0.00516	0.00446	0.00153	0.00703	0.00358	0.00258	0.00762
38	0.01302	0.00907	0.01132	0.22066	0.01797	0.01025	0.00884	0.17867	0.01487	0.02226	0.01473	0.01747	0.01128	0.00643	0.00512	0.00158	0.02346	0.00513	0.40136	0.00651
39	0.01381	0.01187	0.01258	0.01141	0.01452	0.01371	0.00891	0.02919	0.72802	0.02328	0.02317	0.02265	0.01777	0.00794	0.00581	0.00194	0.00448	0.03447	0.00571	0.00876
40	0.00885	0.00581	0.00800	0.05715	0.01098	0.00561	0.00656	0.01032	0.01162	0.07564	0.03937	0.56929	0.05210	0.01560	0.00701	0.00224	0.00386	0.09963	0.00520	0.00517
41	0.01505	0.80561	0.02949	0.00963	0.01444	0.02227	0.00963	0.01685	0.01143	0.01324	0.00782	0.00903	0.00722	0.00481	0.00361	0.00120	0.00602	0.00301	0.00241	0.00722
42	0.00805	0.00612	0.00745	0.00705	0.00861	0.00571	0.00531	0.01124	0.05957	0.02109	0.57268	0.04330	0.19908	0.01185	0.00659	0.00181	0.00280	0.01030	0.00597	0.00541
43	0.02106	0.01690	0.01679	0.01318	0.01736	0.10322	0.01077	0.64291	0.02470	0.03232	0.01277	0.01309	0.00924	0.00675	0.00598	0.00169	0.03204	0.00490	0.00522	0.00912
44	0.01189	0.15438	0.65310	0.01501	0.02276	0.01455	0.01899	0.01767	0.01181	0.01708	0.00973	0.01142	0.00714	0.00526	0.00507	0.00169	0.00795	0.00397	0.00238	0.00814
45	0.01955	0.01390	0.01526	0.01188	0.01596	0.01499	0.00972	0.58572	0.02387	0.07744	0.09248	0.03539	0.01498	0.00743	0.00572	0.00169	0.00560	0.00584	0.00568	0.03687
46	0.00796	0.00575	0.00752	0.00708	0.00841	0.00531	0.00531	0.01062	0.01593	0.02257	0.76415	0.04204	0.05310	0.01150	0.00664	0.00177	0.00265	0.01018	0.00619	0.00531
47	0.01063	0.01000	0.01688	0.78870	0.03876	0.01250	0.01563	0.01438	0.01125	0.01438	0.01000	0.01500	0.00750	0.00563	0.00563	0.00188	0.00750	0.00500	0.00250	0.00625
48	0.01368	0.01342	0.02145	0.16777	0.60143	0.05009	0.01667	0.01701	0.01269	0.01745	0.01039	0.01394	0.00858	0.00516	0.00556	0.00170	0.00700	0.00495	0.00274	0.00833
49	0.02432	0.01000	0.01320	0.01020	0.01448	0.00902	0.00840	0.07378	0.04299	0.68467	0.03396	0.01923	0.01441	0.00705	0.00568	0.00174	0.00483	0.00572	0.00682	0.00948
50	0.02348	0.00966	0.01283	0.00995	0.01405	0.00863	0.00818	0.07478	0.01679	0.65574	0.08651	0.02077	0.01706	0.00735	0.00574	0.00174	0.00470	0.00601	0.00681	0.00920
51	0.00804	0.00603	0.00904	0.00904	0.01005	0.00703	0.00703	0.01005	0.00904	0.01306	0.01507	0.02211	0.01407	0.04221	0.77992	0.00904	0.01507	0.00603	0.00301	0.00502
52	0.01272	0.00868	0.00970	0.00859	0.01044	0.00948	0.00663	0.21080	0.01505	0.02216	0.01933	0.10963	0.05180	0.08280	0.02673	0.00221	0.06770	0.00700	0.31235	0.00621
53	0.00850	0.00586	0.00745	0.00699	0.00836	0.00538	0.00517	0.01081	0.01501	0.04790	0.61528	0.04173	0.10607	0.08073	0.00853	0.00210	0.00299	0.00998	0.00590	0.00525
54	0.00694	0.00508	0.00636	0.00734	0.00789	0.00468	0.00491	0.00791	0.01088	0.01420	0.03410	0.61039	0.15455	0.08571	0.00897	0.00250	0.00339	0.01464	0.00507	0.00450
55	0.11264	0.01062	0.01300	0.01014	0.01433	0.01018	0.00835	0.13669	0.02939	0.54732	0.03643	0.01776	0.01337	0.00686	0.00544	0.00174	0.00490	0.00540	0.00634	0.00909
56	0.05287	0.01802	0.01556	0.01385	0.05258	0.25922	0.01044	0.28373	0.16386	0.05358	0.01378	0.01396	0.01031	0.00648	0.00538	0.00166	0.00701	0.00480	0.00461	0.00830
57	0.01416	0.01391	0.02231	0.05899	0.70650	0.05022	0.01691	0.01742	0.01291	0.01803	0.01048	0.01378	0.00879	0.00507	0.00555	0.00167	0.00688	0.00495	0.00278	0.00871
58	0.00805	0.00543	0.00627	0.00635	0.00648	0.00537	0.00370	0.00833	0.00897	0.01205	0.07234	0.10383	0.02426	0.67697	0.02519	0.00491	0.00506	0.00901	0.00377	0.00365
59	0.01159	0.01000	0.01209	0.07109	0.01538	0.00790	0.00739	0.01419	0.01164	0.01802	0.01000	0.01194	0.00827	0.00429	0.00429	0.00092	0.00444	0.00347	0.00327	0.76985
60	0.00684	0.00496	0.00646	0.00766	0.00812	0.00459	0.00515	0.00786	0.01094	0.01443	0.03311	0.73869	0.09573	0.01736	0.00714	0.00225	0.00323	0.01567	0.00522	0.00459
61	0.01392	0.01607	0.03099	0.02252	0.02771	0.08132	0.64977	0.01822	0.01331	0.01746	0.01097	0.01461	0.00838	0.00506	0.00703	0.00188	0.04422	0.00630	0.00283	0.00743
62	0.02000	0.01480	0.01603	0.01266	0.01683	0.01635	0.01048	0.65367	0.05603	0.03334	0.01533	0.01820	0.01189	0.00756	0.00582	0.00178	0.00603	0.06847	0.00559	0.00916
63	0.00692	0.00492	0.00651	0.00776	0.00807	0.00461	0.00514	0.00785	0.01066	0.01421	0.03041	0.76396	0.03646	0.05326	0.00816	0.00243	0.00336	0.01564	0.00514	0.00452

[dist]
# distance from previous block
# <min> <max>
0	30

[block]
# block no. 8 follows, 42 sequences, length 71
# corresponding to MSA columns:
# 368-438
name=unknown_I
#
# <colnr> <probs for GDERKNQSTAVLIFYWHMCP>
#	G	D	E	R	K	N	Q	S	T	A	V	L	I	F	Y	W	H	M	C	P
0	0.02120	0.01567	0.01678	0.01291	0.01738	0.01736	0.01065	0.72950	0.04563	0.03515	0.01376	0.01371	0.00977	0.00678	0.00563	0.00169	0.00615	0.00510	0.00563	0.00955
1	0.00665	0.00570	0.00570	0.00570	0.00760	0.00475	0.00428	0.00808	0.01283	0.01520	0.05701	0.05416	0.76483	0.01425	0.00665	0.00190	0.00285	0.01188	0.00523	0.00475
2	0.01339	0.01261	0.02131	0.03186	0.68319	0.01261	0.01636	0.01665	0.01283	0.01821	0.01272	0.01943	0.01152	0.00618	0.00582	0.00177	0.00652	0.08547	0.00305	0.00850
3	0.00985	0.00935	0.01610	0.01360	0.01531	0.01004	0.20576	0.01190	0.01099	0.01522	0.03236	0.38250	0.02273	0.02971	0.01004	0.00228	0.18186	0.01073	0.00394	0.00572
4	0.01063	0.01000	0.01688	0.78870	0.03876	0.01250	0.01563	0.01438	0.01125	0.01438	0.01000	0.01500	0.00750	0.00563	0.00563	0.00188	0.00750	0.00500	0.00250	0.00625
5	0.01591	0.01196	0.01270	0.01115	0.01445	0.04043	0.00873	0.02848	0.57720	0.14869	0.05078	0.02110	0.01766	0.00760	0.00573	0.00186	0.00465	0.00629	0.00585	0.00880
6	0.01081	0.00837	0.00954	0.00982	0.04703	0.02511	0.00696	0.01628	0.21401	0.07175	0.07529	0.21340	0.23036	0.01197	0.00639	0.00197	0.00390	0.02520	0.00537	0.00646
7	0.00681	0.00564	0.00597	0.00603	0.00774	0.00480	0.00447	0.00834	0.01300	0.01594	0.13256	0.11558	0.62524	0.01424	0.00669	0.00192	0.00286	0.01204	0.00533	0.00480
8	0.00686	0.00490	0.00653	0.00784	0.00816	0.00457	0.00522	0.00784	0.01077	0.01437	0.03102	0.79855	0.03722	0.01763	0.00718	0.00229	0.00326	0.01600	0.00522	0.00457
9	0.01274	0.01582	0.10930	0.10041	0.05891	0.01416	0.49923	0.01721	0.01249	0.01725	0.01072	0.01450	0.00820	0.00536	0.00740	0.00192	0.07820	0.00599	0.00272	0.00746
10	0.01063	0.01000	0.01688	0.78870	0.03876	0.01250	0.01563	0.01438	0.01125	0.01438	0.01000	0.01500	0.00750	0.00563	0.00563	0.00188	0.00750	0.00500	0.00250	0.00625
11	0.84197	0.01088	0.00827	0.00740	0.01088	0.01262	0.00609	0.01654	0.00958	0.02525	0.00784	0.00914	0.00609	0.00522	0.00348	0.00174	0.00435	0.00305	0.00348	0.00609
12	0.00686	0.00490	0.00653	0.00784	0.00816	0.00457	0.00522	0.00784	0.01077	0.01437	0.03102	0.79855	0.03722	0.01763	0.00718	0.00229	0.00326	0.01600	0.00522	0.00457
