[name]
unknown

[dist]
# distance from previous block
# <min> <max>
0	408

[block]
# block no. 0 follows, 44 sequences, length 11
# corresponding to MSA columns:
# 467-477
name=unknown_A
#
# <colnr> <probs for GDERKNQSTAVLIFYWHMCP>
#	G	D	E	R	K	N	Q	S	T	A	V	L	I	F	Y	W	H	M	C	P
0	0.01133	0.11341	0.10974	0.29116	0.18803	0.01248	0.01418	0.01475	0.01163	0.01548	0.01311	0.02191	0.01195	0.00697	0.00554	0.00181	0.00659	0.14021	0.00294	0.00678
1	0.03163	0.09141	0.08003	0.01015	0.01391	0.01260	0.00899	0.33127	0.01803	0.02460	0.11377	0.04977	0.10709	0.00793	0.00537	0.00160	0.00498	0.00633	0.03615	0.04438
2	0.01089	0.00926	0.01490	0.07874	0.38780	0.00940	0.01120	0.01257	0.01056	0.01466	0.01378	0.11338	0.01401	0.15694	0.01174	0.10858	0.00570	0.00669	0.00303	0.00616
3	0.01262	0.01048	0.00992	0.00912	0.01136	0.15061	0.00671	0.01456	0.03962	0.11133	0.02083	0.31870	0.04045	0.05546	0.00696	0.00189	0.00490	0.00886	0.00444	0.16119
4	0.01527	0.42950	0.06071	0.01618	0.20273	0.01815	0.01187	0.15347	0.01412	0.01826	0.00937	0.01085	0.00782	0.00508	0.00441	0.00139	0.00613	0.00382	0.00300	0.00787
5	0.01353	0.01387	0.02200	0.02018	0.15938	0.05571	0.22311	0.06606	0.01193	0.01668	0.00930	0.01297	0.00788	0.00686	0.01080	0.00199	0.33268	0.00520	0.00278	0.00710
6	0.01139	0.12668	0.68568	0.01476	0.02239	0.01378	0.01878	0.01715	0.01146	0.01671	0.00951	0.01116	0.00692	0.00511	0.00497	0.00166	0.00778	0.00389	0.00231	0.00792
7	0.09589	0.01075	0.01120	0.00955	0.01249	0.01175	0.00746	0.23102	0.23539	0.02326	0.02167	0.02331	0.12173	0.10505	0.02780	0.00233	0.00494	0.00636	0.00483	0.03321
8	0.00965	0.00848	0.01305	0.39970	0.07898	0.00971	0.01122	0.01351	0.07657	0.01576	0.09097	0.21267	0.01964	0.00901	0.00592	0.00189	0.00548	0.00808	0.00372	0.00597
9	0.01639	0.11376	0.10875	0.01172	0.01598	0.01176	0.07437	0.03164	0.04557	0.27757	0.06366	0.01618	0.01280	0.00642	0.00642	0.00163	0.08369	0.00507	0.00440	0.09223
10	0.01419	0.01264	0.01745	0.38377	0.24305	0.10979	0.01415	0.01725	0.01248	0.10701	0.01112	0.01413	0.00838	0.00546	0.00537	0.00169	0.00705	0.00476	0.00307	0.00722

[dist]
# distance from previous block
# <min> <max>
3	11

[block]
# block no. 1 follows, 44 sequences, length 130
# corresponding to MSA columns:
# 490-619
name=unknown_B
#
# <colnr> <probs for GDERKNQSTAVLIFYWHMCP>
#	G	D	E	R	K	N	Q	S	T	A	V	L	I	F	Y	W	H	M	C	P
0	0.01111	0.04969	0.70601	0.01610	0.06082	0.01280	0.01938	0.01708	0.01162	0.01725	0.02379	0.01207	0.00782	0.00526	0.00516	0.00170	0.00781	0.00415	0.00239	0.00800
1	0.01121	0.00959	0.01121	0.00807	0.01282	0.00721	0.00643	0.01361	0.01129	0.01769	0.01009	0.02699	0.00863	0.00430	0.00410	0.00084	0.00402	0.00347	0.00327	0.82518
2	0.03656	0.01054	0.01670	0.44479	0.02846	0.02749	0.10381	0.01572	0.01172	0.09293	0.01136	0.02942	0.00866	0.00548	0.00532	0.00165	0.00663	0.00498	0.00311	0.13467
3	0.01045	0.00985	0.01664	0.75766	0.07395	0.01215	0.01522	0.01407	0.01098	0.01412	0.00972	0.01448	0.00734	0.00542	0.00545	0.00181	0.00723	0.00485	0.00244	0.00618
4	0.01129	0.00951	0.01111	0.02316	0.01309	0.00741	0.00655	0.01408	0.03110	0.01795	0.01043	0.01207	0.00859	0.00427	0.00409	0.00088	0.00403	0.00343	0.04615	0.76081
5	0.01338	0.01284	0.02193	0.05985	0.74887	0.01292	0.01668	0.01663	0.01236	0.01768	0.01024	0.01353	0.00859	0.00488	0.00540	0.00163	0.00650	0.00486	0.00269	0.00855
6	0.01377	0.01063	0.01165	0.01037	0.01331	0.01187	0.00809	0.02614	0.58981	0.09350	0.12666	0.02302	0.02120	0.00786	0.00566	0.00182	0.00410	0.00662	0.00572	0.00820
7	0.01193	0.01193	0.01670	0.01431	0.01431	0.01670	0.01193	0.01312	0.00835	0.01312	0.00716	0.01193	0.00716	0.00954	0.01789	0.00239	0.79843	0.00477	0.00239	0.00596
8	0.00947	0.00473	0.00710	0.00710	0.00710	0.00473	0.00473	0.00710	0.00710	0.00947	0.00947	0.01657	0.00947	0.01894	0.02131	0.84138	0.00473	0.00473	0.00237	0.00237
9	0.01458	0.81168	0.02857	0.00933	0.01399	0.02157	0.00933	0.01632	0.01108	0.01283	0.00758	0.00875	0.00700	0.00466	0.00350	0.00117	0.00583	0.00292	0.00233	0.00700
10	0.01143	0.01112	0.01544	0.01335	0.01337	0.01533	0.01094	0.01252	0.00832	0.01285	0.00833	0.01454	0.00858	0.09141	0.03516	0.00282	0.70123	0.00511	0.00249	0.00567
11	0.00763	0.00550	0.00721	0.00692	0.00812	0.00508	0.00514	0.01006	0.01502	0.02120	0.70960	0.10453	0.05016	0.01164	0.00647	0.00176	0.00262	0.01033	0.00592	0.00508
12	0.00662	0.00482	0.00625	0.00740	0.00786	0.00444	0.00498	0.00761	0.01062	0.01399	0.03235	0.73610	0.10332	0.01678	0.00691	0.00218	0.00313	0.01513	0.00506	0.00444
13	0.09402	0.04140	0.64018	0.01422	0.02150	0.01251	0.01775	0.01771	0.01154	0.06608	0.01027	0.01164	0.00723	0.00526	0.00499	0.00171	0.00742	0.00399	0.00269	0.00790
14	0.01093	0.02820	0.78016	0.01554	0.02360	0.01266	0.02014	0.01727	0.01151	0.01727	0.00978	0.01151	0.00691	0.00518	0.00518	0.00173	0.00806	0.00403	0.00230	0.00806
15	0.00879	0.00628	0.00879	0.01004	0.01130	0.00628	0.00879	0.01130	0.01255	0.01632	0.02887	0.06150	0.03138	0.01506	0.00753	0.00251	0.00502	0.73770	0.00502	0.00502
16	0.00963	0.00659	0.00811	0.00753	0.00928	0.00633	0.00570	0.01353	0.10789	0.08352	0.49426	0.08531	0.11907	0.01097	0.00628	0.00177	0.00302	0.00956	0.00585	0.00582
17	0.00947	0.00473	0.00710	0.00710	0.00710	0.00473	0.00473	0.00710	0.00710	0.00947	0.00947	0.01657	0.00947	0.01894	0.02131	0.84138	0.00473	0.00473	0.00237	0.00237
18	0.00664	0.00474	0.00633	0.00759	0.00791	0.00443	0.00506	0.00759	0.01044	0.01392	0.03005	0.80485	0.03606	0.01708	0.00696	0.00221	0.00316	0.01550	0.00506	0.00443
19	0.02162	0.01384	0.01547	0.01186	0.01619	0.01478	0.00980	0.58152	0.02323	0.21245	0.01510	0.01440	0.01028	0.00659	0.00546	0.00165	0.00567	0.00505	0.00576	0.00927
20	0.01349	0.01295	0.02213	0.03346	0.77440	0.01295	0.01673	0.01673	0.01241	0.01781	0.01025	0.01349	0.00864	0.00486	0.00540	0.00162	0.00648	0.00486	0.00270	0.00864
21	0.01399	0.68506	0.15003	0.01033	0.01554	0.02013	0.01108	0.01648	0.01115	0.01354	0.00794	0.00919	0.00698	0.00475	0.00377	0.00126	0.00619	0.00310	0.00233	0.00717
22	0.00793	0.00529	0.00595	0.00595	0.00595	0.00529	0.00330	0.00793	0.00793	0.01057	0.01718	0.03568	0.01982	0.80840	0.02775	0.00529	0.00529	0.00793	0.00330	0.00330
23	0.01134	0.11611	0.69582	0.01484	0.02252	0.01366	0.01893	0.01716	0.01146	0.01677	0.00954	0.01120	0.00692	0.00512	0.00499	0.00166	0.00781	0.00390	0.00231	0.00794
24	0.02010	0.01400	0.01593	0.09178	0.01866	0.01538	0.01057	0.59573	0.02297	0.11897	0.01372	0.01387	0.00956	0.00646	0.00546	0.00166	0.00597	0.00497	0.00530	0.00895
25	0.01093	0.02820	0.78016	0.01554	0.02360	0.01266	0.02014	0.01727	0.01151	0.01727	0.00978	0.01151	0.00691	0.00518	0.00518	0.00173	0.00806	0.00403	0.00230	0.00806
26	0.01041	0.00981	0.01657	0.76696	0.06496	0.01214	0.01520	0.01403	0.01096	0.01407	0.00971	0.01450	0.00732	0.00543	0.00545	0.00181	0.00724	0.00485	0.00243	0.00615
27	0.01342	0.01288	0.02200	0.05036	0.75806	0.01293	0.01670	0.01667	0.01238	0.01772	0.01024	0.01352	0.00861	0.00487	0.00540	0.00162	0.00649	0.00486	0.00269	0.00858
28	0.00942	0.00475	0.00706	0.00706	0.00706	0.00475	0.00469	0.00713	0.00713	0.00951	0.00974	0.01723	0.00983	0.04629	0.02153	0.81242	0.00475	0.00485	0.00240	0.00240
29	0.01349	0.01295	0.02213	0.03346	0.77440	0.01295	0.01673	0.01673	0.01241	0.01781	0.01025	0.01349	0.00864	0.00486	0.00540	0.00162	0.00648	0.00486	0.00270	0.00864
30	0.00682	0.00495	0.00660	0.00774	0.00804	0.00478	0.00521	0.00775	0.01032	0.01382	0.02912	0.76515	0.03489	0.03549	0.00775	0.00229	0.02488	0.01503	0.00495	0.00444
31	0.05045	0.01095	0.01323	0.01039	0.01442	0.01086	0.00851	0.20101	0.10255	0.47172	0.03551	0.01760	0.01341	0.00681	0.00543	0.00169	0.00487	0.00543	0.00617	0.00900
32	0.01153	0.01226	0.02558	0.01921	0.02347	0.01155	0.55249	0.01539	0.01255	0.01689	0.01598	0.10826	0.01503	0.00765	0.00667	0.00199	0.00786	0.12560	0.00337	0.00666
33	0.02446	0.00928	0.01265	0.00970	0.01392	0.00801	0.00801	0.02657	0.01560	0.77817	0.02151	0.01856	0.01350	0.00675	0.00548	0.00169	0.00464	0.00548	0.00675	0.00928
34	0.01349	0.01295	0.02213	0.03346	0.77440	0.01295	0.01673	0.01673	0.01241	0.01781	0.01025	0.01349	0.00864	0.00486	0.00540	0.00162	0.00648	0.00486	0.00270	0.00864
35	0.01298	0.01243	0.02120	0.15588	0.65599	0.01282	0.01648	0.01628	0.01217	0.01719	0.01016	0.01366	0.00842	0.00495	0.00541	0.00165	0.00660	0.00486	0.00265	0.00822
36	0.00740	0.00556	0.00685	0.00653	0.00795	0.00501	0.00490	0.00968	0.01469	0.02010	0.59490	0.04362	0.22916	0.01180	0.00643	0.00175	0.00262	0.01027	0.00577	0.00501
37	0.02362	0.00909	0.01238	0.00956	0.01363	0.00787	0.00787	0.02575	0.01560	0.74011	0.05925	0.01967	0.01540	0.00697	0.00553	0.00169	0.00453	0.00570	0.00671	0.00907
38	0.00793	0.00670	0.01038	0.00945	0.01117	0.00607	0.12596	0.00965	0.01164	0.02867	0.04792	0.41036	0.26539	0.01373	0.00667	0.00202	0.00403	0.01248	0.00474	0.00506
39	0.01037	0.00977	0.01649	0.77673	0.05551	0.01213	0.01518	0.01400	0.01094	0.01402	0.00970	0.01451	0.00730	0.00544	0.00545	0.00181	0.00725	0.00485	0.00243	0.00612
40	0.02276	0.00890	0.01211	0.00941	0.01333	0.00772	0.00772	0.02491	0.01559	0.70129	0.09774	0.02081	0.01735	0.00719	0.00558	0.00169	0.00443	0.00593	0.00667	0.00886
41	0.02051	0.01747	0.01609	0.01283	0.01684	0.17995	0.01036	0.58637	0.03789	0.02968	0.01228	0.01254	0.00894	0.00636	0.00534	0.00159	0.00678	0.00464	0.00490	0.00863
42	0.01269	0.01204	0.02044	0.16748	0.60596	0.01247	0.01606	0.01597	0.01215	0.01705	0.01107	0.01605	0.00952	0.00547	0.00551	0.00170	0.00655	0.04106	0.00276	0.00800
43	0.55156	0.01266	0.01063	0.00898	0.01252	0.06405	0.00733	0.21194	0.01406	0.02623	0.00938	0.01035	0.00709	0.00552	0.00404	0.00164	0.00501	0.00356	0.02664	0.00680
44	0.00957	0.00714	0.00991	0.01158	0.08822	0.00705	0.00857	0.03187	0.02773	0.03371	0.12877	0.07767	0.09656	0.01291	0.00691	0.00219	0.00457	0.42447	0.00498	0.00562
45	0.00691	0.00498	0.00655	0.00734	0.00795	0.00462	0.00505	0.00829	0.01178	0.01598	0.22064	0.58439	0.06436	0.01545	0.00681	0.00207	0.00300	0.01392	0.00530	0.00462
46	0.01444	0.78254	0.05653	0.00956	0.01435	0.02124	0.00973	0.01636	0.01109	0.01299	0.00766	0.00885	0.00699	0.00468	0.00356	0.00119	0.00591	0.00296	0.00233	0.00704
47	0.01215	0.01332	0.02783	0.02023	0.02490	0.01278	0.60520	0.01625	0.01276	0.01757	0.08817	0.01727	0.01271	0.00632	0.02411	0.00199	0.05211	0.00661	0.00308	0.02465
48	0.02248	0.00996	0.05163	0.00978	0.01397	0.00803	0.00841	0.02484	0.01538	0.68082	0.07873	0.01990	0.01608	0.00701	0.00554	0.00169	0.00466	0.00575	0.00646	0.00890
49	0.01568	0.01197	0.01293	0.01116	0.01454	0.01347	0.00881	0.13145	0.58404	0.10122	0.02083	0.01913	0.01528	0.00721	0.00553	0.00180	0.00459	0.00592	0.00566	0.00879
50	0.01101	0.01038	0.01752	0.56263	0.23314	0.01205	0.01519	0.01444	0.01129	0.01496	0.01060	0.04366	0.00870	0.00572	0.00549	0.00178	0.00690	0.00524	0.00259	0.00668
51	0.54893	0.09378	0.18948	0.00951	0.01408	0.03397	0.00967	0.01650	0.01014	0.02135	0.00812	0.00949	0.00627	0.00506	0.00385	0.00164	0.00542	0.00321	0.00301	0.00652
52	0.01390	0.02828	0.70392	0.01695	0.02452	0.01384	0.02007	0.01879	0.01343	0.01996	0.01400	0.05662	0.01148	0.00791	0.00663	0.00233	0.00872	0.00567	0.00357	0.00942
53	0.01183	0.01126	0.01912	0.42965	0.39120	0.01252	0.01590	0.01527	0.01163	0.01579	0.00996	0.01403	0.00792	0.00517	0.00542	0.00172	0.00689	0.00485	0.00256	0.00729
54	0.01248	0.01192	0.02030	0.27427	0.54148	0.01269	0.01623	0.01585	0.01194	0.01658	0.01008	0.01382	0.00820	0.00504	0.00541	0.00168	0.00673	0.00485	0.00261	0.00782
55	0.00876	0.00760	0.01306	0.01134	0.01335	0.00714	0.18189	0.01131	0.01286	0.01748	0.24236	0.25674	0.05119	0.01200	0.00676	0.00202	0.00470	0.12921	0.00479	0.00543
56	0.01349	0.01295	0.02213	0.03346	0.77440	0.01295	0.01673	0.01673	0.01241	0.01781	0.01025	0.01349	0.00864	0.00486	0.00540	0.00162	0.00648	0.00486	0.00270	0.00864
57	0.01093	0.02820	0.78016	0.01554	0.02360	0.01266	0.02014	0.01727	0.01151	0.01727	0.00978	0.01151	0.00691	0.00518	0.00518	0.00173	0.00806	0.00403	0.00230	0.00806
58	0.05223	0.02733	0.74201	0.01513	0.02295	0.01264	0.01944	0.01720	0.01140	0.01762	0.00968	0.01138	0.00686	0.00517	0.00509	0.00172	0.00787	0.00398	0.00235	0.00795
59	0.01093	0.02820	0.78016	0.01554	0.02360	0.01266	0.02014	0.01727	0.01151	0.01727	0.00978	0.01151	0.00691	0.00518	0.00518	0.00173	0.00806	0.00403	0.00230	0.00806
60	0.01168	0.01257	0.02546	0.01899	0.02288	0.01254	0.51804	0.01525	0.01202	0.01659	0.04986	0.10272	0.01343	0.00787	0.02796	0.00212	0.11285	0.00736	0.00312	0.00668
61	0.01053	0.00993	0.01677	0.73952	0.09150	0.01217	0.01526	0.01413	0.01101	0.01421	0.00973	0.01446	0.00737	0.00541	0.00545	0.00180	0.00721	0.00485	0.00244	0.00625
62	0.00758	0.00552	0.00730	0.00844	0.00915	0.00540	0.00626	0.00970	0.04971	0.01503	0.02932	0.56196	0.03378	0.01603	0.00704	0.00228	0.00373	0.21188	0.00507	0.00481
63	0.01066	0.01007	0.01702	0.70742	0.12255	0.01221	0.01532	0.01425	0.01108	0.01438	0.00976	0.01441	0.00743	0.00538	0.00544	0.00179	0.00718	0.00485	0.00245	0.00635
64	0.01317	0.01262	0.02154	0.11090	0.69950	0.01287	0.01657	0.01645	0.01226	0.01742	0.01020	0.01360	0.00850	0.00492	0.00540	0.00164	0.00656	0.00486	0.00267	0.00837
65	0.00769	0.00567	0.00721	0.00687	0.00820	0.00525	0.00513	0.01038	0.03138	0.02096	0.66526	0.07296	0.10949	0.01153	0.00643	0.00175	0.00265	0.01015	0.00587	0.00515
66	0.02432	0.00950	0.01279	0.00981	0.01403	0.00834	0.00810	0.05371	0.01598	0.75050	0.02119	0.01835	0.01334	0.00674	0.00548	0.00169	0.00469	0.00546	0.00670	0.00928
67	0.00843	0.00608	0.00761	0.00817	0.00903	0.00600	0.00572	0.10040	0.01253	0.01679	0.05984	0.67394	0.03340	0.01552	0.00675	0.00212	0.00349	0.01394	0.00515	0.00506
68	0.05098	0.02491	0.01513	0.01370	0.01657	0.72712	0.01032	0.03571	0.03084	0.01435	0.00877	0.01007	0.00722	0.00565	0.00488	0.00143	0.00944	0.00357	0.00294	0.00641
69	0.00644	0.00552	0.00552	0.00552	0.00736	0.00460	0.00414	0.00782	0.01243	0.01473	0.05523	0.05247	0.77218	0.01381	0.00644	0.00184	0.00276	0.01151	0.00506	0.00460
70	0.02110	0.01466	0.01598	0.01225	0.01660	0.01600	0.01012	0.68205	0.02461	0.10997	0.01394	0.01364	0.00970	0.00657	0.00546	0.00164	0.00586	0.00497	0.00559	0.00927
71	0.01349	0.01295	0.02213	0.03346	0.77440	0.01295	0.01673	0.01673	0.01241	0.01781	0.01025	0.01349	0.00864	0.00486	0.00540	0.00162	0.00648	0.00486	0.00270	0.00864
72	0.01438	0.76937	0.06916	0.00966	0.01451	0.02109	0.00991	0.01638	0.01110	0.01307	0.00770	0.00889	0.00699	0.00469	0.00359	0.00120	0.00595	0.00298	0.00233	0.00705
73	0.00765	0.00561	0.00720	0.00691	0.00825	0.00516	0.00525	0.01011	0.01498	0.02086	0.65988	0.04304	0.12023	0.01163	0.00649	0.00177	0.00273	0.05132	0.00585	0.00508
74	0.01349	0.01295	0.02213	0.03346	0.77440	0.01295	0.01673	0.01673	0.01241	0.01781	0.01025	0.01349	0.00864	0.00486	0.00540	0.00162	0.00648	0.00486	0.00270	0.00864
75	0.01349	0.01295	0.02213	0.03346	0.77440	0.01295	0.01673	0.01673	0.01241	0.01781	0.01025	0.01349	0.00864	0.00486	0.00540	0.00162	0.00648	0.00486	0.00270	0.00864
76	0.00793	0.00529	0.00595	0.00595	0.00595	0.00529	0.00330	0.00793	0.00793	0.01057	0.01718	0.03568	0.01982	0.80840	0.02775	0.00529	0.00529	0.00793	0.00330	0.00330
77	0.00947	0.00473	0.00710	0.00710	0.00710	0.00473	0.00473	0.00710	0.00710	0.00947	0.00947	0.01657	0.00947	0.01894	0.02131	0.84138	0.00473	0.00473	0.00237	0.00237
78	0.00915	0.00729	0.00855	0.00885	0.01057	0.00752	0.00702	0.01459	0.21429	0.01727	0.03334	0.17973	0.19843	0.01307	0.00665	0.00213	0.00398	0.24659	0.00518	0.00579
79	0.01349	0.01295	0.02213	0.03346	0.77440	0.01295	0.01673	0.01673	0.01241	0.01781	0.01025	0.01349	0.00864	0.00486	0.00540	0.00162	0.00648	0.00486	0.00270	0.00864
80	0.00669	0.00553	0.00587	0.00579	0.00752	0.00471	0.00434	0.00831	0.01302	0.01613	0.19609	0.05016	0.63044	0.01328	0.00644	0.00182	0.00272	0.01118	0.00525	0.00471
81	0.01112	0.06763	0.74233	0.01523	0.02311	0.01311	0.01960	0.01722	0.01149	0.01704	0.00967	0.01137	0.00691	0.00515	0.00509	0.00170	0.00795	0.00397	0.00230	0.00800
82	0.01349	0.01295	0.02213	0.03346	0.77440	0.01295	0.01673	0.01673	0.01241	0.01781	0.01025	0.01349	0.00864	0.00486	0.00540	0.00162	0.00648	0.00486	0.00270	0.00864
83	0.00664	0.00474	0.00633	0.00759	0.00791	0.00443	0.00506	0.00759	0.01044	0.01392	0.03005	0.80485	0.03606	0.01708	0.00696	0.00221	0.00316	0.01550	0.00506	0.00443
84	0.00772	0.00557	0.00729	0.00686	0.00814	0.00514	0.00514	0.01029	0.01543	0.02186	0.77152	0.04072	0.05144	0.01115	0.00643	0.00171	0.00257	0.00986	0.00600	0.00514
85	0.00762	0.00546	0.00703	0.00782	0.00846	0.00526	0.00544	0.04572	0.01165	0.01564	0.09693	0.61875	0.03510	0.05457	0.00788	0.00230	0.00345	0.05114	0.00508	0.00471
86	0.00779	0.00584	0.00876	0.00876	0.00974	0.00681	0.00681	0.00974	0.00876	0.01266	0.01460	0.02142	0.01363	0.04089	0.78680	0.00876	0.01460	0.00584	0.00292	0.00487
87	0.01349	0.01295	0.02213	0.03346	0.77440	0.01295	0.01673	0.01673	0.01241	0.01781	0.01025	0.01349	0.00864	0.00486	0.00540	0.00162	0.00648	0.00486	0.00270	0.00864
88	0.01244	0.01290	0.01659	0.01417	0.01479	0.09129	0.04864	0.01385	0.00929	0.01327	0.00819	0.01302	0.00791	0.02851	0.06775	0.00275	0.61135	0.00487	0.00250	0.00594
89	0.01278	0.01453	0.03162	0.04973	0.02881	0.01373	0.72898	0.01734	0.01280	0.01734	0.01098	0.01470	0.00824	0.00463	0.00640	0.00184	0.00912	0.00638	0.00275	0.00731
90	0.00716	0.00513	0.00691	0.00814	0.00872	0.00488	0.00595	0.00850	0.01100	0.01452	0.03030	0.60762	0.05058	0.01652	0.00709	0.00228	0.00361	0.19148	0.00505	0.00458
91	0.01108	0.04176	0.63728	0.01413	0.02107	0.01170	0.01756	0.01660	0.01190	0.04676	0.06817	0.05383	0.01196	0.00627	0.00534	0.00174	0.00722	0.00507	0.00289	0.00768
92	0.00766	0.00572	0.00781	0.08236	0.01103	0.00569	0.00618	0.02897	0.01226	0.01665	0.23142	0.49858	0.03683	0.01406	0.00663	0.00202	0.00347	0.01265	0.00508	0.00491
93	0.03756	0.35706	0.36899	0.01254	0.01854	0.08992	0.01427	0.01726	0.01164	0.01523	0.00866	0.01011	0.00693	0.00500	0.00439	0.00146	0.00718	0.00348	0.00239	0.00738
94	0.01085	0.02664	0.71660	0.01543	0.02306	0.01238	0.04490	0.01692	0.01155	0.01723	0.02481	0.01248	0.00802	0.00632	0.02814	0.00194	0.00818	0.00428	0.00241	0.00788
95	0.01217	0.01160	0.01974	0.34877	0.46943	0.01261	0.01607	0.01557	0.01179	0.01620	0.01002	0.01392	0.00807	0.00510	0.00542	0.00170	0.00680	0.00485	0.00258	0.00757
96	0.01333	0.01279	0.02183	0.07256	0.73658	0.01291	0.01665	0.01659	0.01234	0.01761	0.01023	0.01355	0.00857	0.00489	0.00540	0.00163	0.00652	0.00486	0.00268	0.00850
97	0.01349	0.01295	0.02213	0.03346	0.77440	0.01295	0.01673	0.01673	0.01241	0.01781	0.01025	0.01349	0.00864	0.00486	0.00540	0.00162	0.00648	0.00486	0.00270	0.00864
98	0.01376	0.01279	0.02174	0.04688	0.73848	0.01279	0.01645	0.01697	0.01248	0.04001	0.01057	0.01366	0.00875	0.00492	0.00540	0.00162	0.00644	0.00488	0.00281	0.00861
99	0.02353	0.00987	0.03134	0.00992	0.01417	0.00843	0.00834	0.02647	0.05668	0.71810	0.02126	0.01848	0.01351	0.00675	0.00548	0.00170	0.00470	0.00548	0.00657	0.00921
100	0.00703	0.00518	0.00731	0.00827	0.00883	0.00487	0.02711	0.00823	0.01071	0.01425	0.02939	0.71135	0.03481	0.01653	0.00700	0.00223	0.00351	0.08385	0.00499	0.00457
101	0.01474	0.78895	0.02819	0.00946	0.01408	0.04371	0.00936	0.01648	0.01120	0.01284	0.00760	0.00878	0.00700	0.00469	0.00354	0.00117	0.00595	0.00293	0.00235	0.00698
102	0.01349	0.01295	0.02213	0.03346	0.77440	0.01295	0.01673	0.01673	0.01241	0.01781	0.01025	0.01349	0.00864	0.00486	0.00540	0.00162	0.00648	0.00486	0.00270	0.00864
103	0.01275	0.01436	0.03027	0.02191	0.02675	0.01414	0.66331	0.01693	0.01231	0.01693	0.01055	0.01436	0.00813	0.00520	0.00784	0.00191	0.10621	0.00623	0.00271	0.00718
104	0.00664	0.00474	0.00633	0.00759	0.00791	0.00443	0.00506	0.00759	0.01044	0.01392	0.03005	0.80485	0.03606	0.01708	0.00696	0.00221	0.00316	0.01550	0.00506	0.00443
105	0.01259	0.38499	0.43789	0.01271	0.01922	0.01672	0.01522	0.01684	0.01131	0.01524	0.00878	0.01025	0.00695	0.00494	0.00441	0.00147	0.00704	0.00352	0.00232	0.00757
106	0.00792	0.00530	0.00603	0.00603	0.00606	0.00533	0.00341	0.00798	0.00795	0.01063	0.01710	0.03526	0.01964	0.78593	0.04998	0.00539	0.00556	0.00787	0.00329	0.00335
107	0.00664	0.00476	0.00631	0.00755	0.00790	0.00443	0.00504	0.00760	0.01048	0.01393	0.03054	0.79027	0.05031	0.01702	0.00695	0.00221	0.00316	0.01542	0.00506	0.00443
108	0.00664	0.00474	0.00633	0.00759	0.00791	0.00443	0.00506	0.00759	0.01044	0.01392	0.03005	0.80485	0.03606	0.01708	0.00696	0.00221	0.00316	0.01550	0.00506	0.00443
109	0.79157	0.06381	0.00938	0.00731	0.01077	0.01285	0.00613	0.01605	0.00940	0.02369	0.00759	0.00885	0.00598	0.00503	0.00338	0.00165	0.00432	0.00295	0.00330	0.00598
110	0.01287	0.01471	0.03217	0.02298	0.02849	0.01379	0.75460	0.01746	0.01287	0.01746	0.01103	0.01471	0.00827	0.00460	0.00643	0.00184	0.00919	0.00643	0.00276	0.00735
111	0.01356	0.01171	0.01233	0.01109	0.01418	0.01356	0.00863	0.02897	0.76455	0.02281	0.02219	0.02034	0.01664	0.00740	0.00555	0.00185	0.00431	0.00616	0.00555	0.00863
112	0.01093	0.02820	0.78016	0.01554	0.02360	0.01266	0.02014	0.01727	0.01151	0.01727	0.00978	0.01151	0.00691	0.00518	0.00518	0.00173	0.00806	0.00403	0.00230	0.00806
113	0.01030	0.00969	0.01635	0.79530	0.03755	0.01211	0.01514	0.01393	0.01090	0.01393	0.00969	0.01453	0.00727	0.00545	0.00545	0.00182	0.00727	0.00484	0.00242	0.00606
114	0.00779	0.00584	0.00876	0.00876	0.00974	0.00681	0.00681	0.00974	0.00876	0.01266	0.01460	0.02142	0.01363	0.04089	0.78680	0.00876	0.01460	0.00584	0.00292	0.00487
115	0.02072	0.01527	0.01636	0.01254	0.01691	0.01691	0.01036	0.75622	0.02563	0.03436	0.01309	0.01309	0.00927	0.00654	0.00545	0.00164	0.00600	0.00491	0.00545	0.00927
116	0.01403	0.01195	0.01259	0.01119	0.01436	0.01378	0.00874	0.07678	0.71597	0.02357	0.02159	0.01986	0.01616	0.00734	0.00554	0.00184	0.00443	0.00608	0.00554	0.00867
117	0.00879	0.00628	0.00879	0.01004	0.01130	0.00628	0.00879	0.01130	0.01255	0.01632	0.02887	0.06150	0.03138	0.01506	0.00753	0.00251	0.00502	0.73770	0.00502	0.00502
118	0.00664	0.00477	0.00630	0.00753	0.00789	0.00443	0.00504	0.00760	0.01049	0.01394	0.03073	0.78435	0.05611	0.01699	0.00694	0.00220	0.00315	0.01539	0.00506	0.00443
119	0.02446	0.00928	0.01265	0.00970	0.01392	0.00801	0.00801	0.02657	0.01560	0.77817	0.02151	0.01856	0.01350	0.00675	0.00548	0.00169	0.00464	0.00548	0.00675	0.00928
120	0.01093	0.02820	0.78016	0.01554	0.02360	0.01266	0.02014	0.01727	0.01151	0.01727	0.00978	0.01151	0.00691	0.00518	0.00518	0.00173	0.00806	0.00403	0.00230	0.00806
121	0.02037	0.02598	0.01545	0.01404	0.01685	0.78652	0.01053	0.02177	0.01545	0.01334	0.00843	0.00983	0.00702	0.00562	0.00492	0.00140	0.00983	0.00351	0.00281	0.00632
122	0.00664	0.00474	0.00633	0.00759	0.00791	0.00443	0.00506	0.00759	0.01044	0.01392	0.03005	0.80485	0.03606	0.01708	0.00696	0.00221	0.00316	0.01550	0.00506	0.00443
123	0.08455	0.00630	0.00771	0.00713	0.00883	0.00600	0.00549	0.01190	0.01469	0.07531	0.60105	0.03732	0.07087	0.01050	0.00612	0.00174	0.00295	0.03030	0.00575	0.00548
124	0.08209	0.55976	0.11273	0.01018	0.01510	0.01896	0.01037	0.08454	0.01245	0.03840	0.00874	0.00976	0.00729	0.00499	0.00392	0.00133	0.00594	0.00330	0.00283	0.00731
125	0.01301	0.01153	0.05149	0.01167	0.05745	0.04915	0.00925	0.15461	0.11218	0.03446	0.14694	0.02839	0.02167	0.00867	0.00583	0.00174	0.00504	0.15678	0.00475	0.11538
126	0.01179	0.00995	0.01244	0.03060	0.01370	0.01011	0.02180	0.11039	0.05030	0.01834	0.01401	0.03125	0.04922	0.01240	0.14072	0.00267	0.11455	0.00502	0.00357	0.33714
127	0.03443	0.01066	0.01417	0.02793	0.19699	0.03379	0.02531	0.07160	0.13535	0.01823	0.05129	0.06932	0.01505	0.07361	0.10620	0.00291	0.06733	0.00624	0.00377	0.03580
128	0.01372	0.01091	0.01453	0.01137	0.01514	0.01060	0.09816	0.12215	0.12536	0.08068	0.01531	0.10411	0.01310	0.00695	0.00594	0.00152	0.04765	0.00595	0.00427	0.29256
129	0.14453	0.01170	0.01559	0.01228	0.01554	0.05288	0.17751	0.11665	0.02937	0.03986	0.09378	0.01674	0.01365	0.00641	0.00608	0.00165	0.06670	0.00538	0.12413	0.04955

[dist]
# distance from previous block
# <min> <max>
12	110

[block]
# block no. 2 follows, 44 sequences, length 18
# corresponding to MSA columns:
# 735-752
name=unknown_C
#
# <colnr> <probs for GDERKNQSTAVLIFYWHMCP>
#	G	D	E	R	K	N	Q	S	T	A	V	L	I	F	Y	W	H	M	C	P
0	0.03192	0.08292	0.01494	0.01229	0.05641	0.20079	0.00925	0.17391	0.03118	0.10066	0.05152	0.07290	0.04336	0.02592	0.00644	0.00171	0.04728	0.00573	0.00421	0.02667
1	0.05101	0.11521	0.06084	0.00898	0.01245	0.01013	0.00778	0.06690	0.05945	0.12928	0.08402	0.07466	0.07787	0.05754	0.00658	0.00178	0.00459	0.02689	0.00444	0.13962
2	0.17256	0.05547	0.29542	0.01197	0.01713	0.01183	0.06192	0.01712	0.06180	0.05787	0.04557	0.01496	0.03797	0.00595	0.00522	0.00165	0.02826	0.00465	0.01873	0.07396
3	0.05392	0.07738	0.01294	0.00984	0.01278	0.03055	0.00792	0.14265	0.08348	0.07136	0.01649	0.16808	0.01551	0.01008	0.04381	0.00200	0.05621	0.02734	0.00432	0.15334
4	0.01183	0.12680	0.14457	0.04242	0.10181	0.01285	0.20959	0.03695	0.01228	0.01688	0.06320	0.09507	0.01370	0.00749	0.02347	0.00186	0.03504	0.00625	0.00314	0.03477
5	0.01551	0.03457	0.06909	0.04585	0.01622	0.03833	0.03089	0.36443	0.04060	0.04253	0.04801	0.15306	0.01560	0.00820	0.00562	0.00170	0.00558	0.00681	0.00472	0.05266
6	0.08265	0.40368	0.09188	0.01032	0.01441	0.07820	0.00981	0.03460	0.09871	0.01610	0.01188	0.05258	0.01073	0.00712	0.02312	0.00166	0.00610	0.03638	0.00316	0.00693
7	0.07261	0.04024	0.04821	0.01272	0.03692	0.26241	0.04570	0.09076	0.14586	0.09093	0.01577	0.05772	0.04282	0.00692	0.00526	0.00165	0.00666	0.00542	0.00412	0.00729
8	0.03386	0.05780	0.01145	0.00924	0.01200	0.00870	0.00763	0.10070	0.01459	0.17797	0.12676	0.11343	0.02398	0.01002	0.00595	0.00182	0.00444	0.18449	0.00519	0.08998
9	0.01314	0.39554	0.35539	0.01202	0.01801	0.03366	0.01385	0.01689	0.01156	0.04031	0.01077	0.01190	0.03518	0.00531	0.00444	0.00146	0.00674	0.00381	0.00258	0.00743
10	0.06806	0.00944	0.00946	0.00858	0.01085	0.07699	0.00669	0.05275	0.08431	0.10284	0.14155	0.05670	0.24524	0.02762	0.00685	0.00189	0.03583	0.04326	0.00500	0.00610
11	0.05768	0.73177	0.02674	0.00924	0.01381	0.02044	0.00909	0.01681	0.01120	0.05051	0.00825	0.00923	0.00726	0.00479	0.00359	0.00122	0.00569	0.00304	0.00260	0.00705
12	0.07265	0.40549	0.31833	0.01186	0.01764	0.06114	0.01335	0.01698	0.01137	0.01541	0.00848	0.00989	0.00689	0.00495	0.00422	0.00143	0.00681	0.00338	0.00242	0.00729
13	0.01401	0.68941	0.14587	0.01030	0.01549	0.02018	0.01102	0.01647	0.01114	0.01352	0.00792	0.00918	0.00698	0.00474	0.00376	0.00125	0.00618	0.00309	0.00233	0.00716
14	0.00783	0.00568	0.00794	0.00794	0.00863	0.00637	0.00579	0.00921	0.00852	0.01205	0.01536	0.02559	0.01544	0.26529	0.56487	0.00775	0.01188	0.00645	0.00303	0.00441
15	0.12294	0.40588	0.06293	0.01093	0.04949	0.09976	0.00956	0.07365	0.01266	0.01672	0.01274	0.01362	0.07771	0.00585	0.00424	0.00141	0.00593	0.00408	0.00303	0.00687
16	0.01121	0.00760	0.00908	0.00833	0.01039	0.00748	0.00650	0.12379	0.05108	0.09012	0.26318	0.14285	0.15847	0.01150	0.00633	0.00187	0.00369	0.07485	0.00559	0.00610
17	0.01383	0.01507	0.10077	0.05862	0.08581	0.02803	0.29166	0.12763	0.03523	0.03488	0.01166	0.03989	0.00935	0.00624	0.00753	0.00185	0.11541	0.00574	0.00328	0.00753

[dist]
# distance from previous block
# <min> <max>
4	7

[block]
# block no. 3 follows, 44 sequences, length 44
# corresponding to MSA columns:
# 760-803
name=unknown_D
#
# <colnr> <probs for GDERKNQSTAVLIFYWHMCP>
#	G	D	E	R	K	N	Q	S	T	A	V	L	I	F	Y	W	H	M	C	P
0	0.01458	0.81168	0.02857	0.00933	0.01399	0.02157	0.00933	0.01632	0.01108	0.01283	0.00758	0.00875	0.00700	0.00466	0.00350	0.00117	0.00583	0.00292	0.00233	0.00700
1	0.01472	0.79207	0.02824	0.00945	0.01406	0.04067	0.00936	0.01646	0.01119	0.01284	0.00760	0.00877	0.00700	0.00469	0.00353	0.00117	0.00593	0.00293	0.00234	0.00698
2	0.01093	0.02820	0.78016	0.01554	0.02360	0.01266	0.02014	0.01727	0.01151	0.01727	0.00978	0.01151	0.00691	0.00518	0.00518	0.00173	0.00806	0.00403	0.00230	0.00806
3	0.01383	0.07383	0.01894	0.10232	0.01890	0.05008	0.14034	0.01614	0.01102	0.10257	0.01060	0.01371	0.00855	0.00712	0.01037	0.00193	0.32694	0.00497	0.06123	0.00663
4	0.01356	0.01171	0.01233	0.01109	0.01418	0.01356	0.00863	0.02897	0.76455	0.02281	0.02219	0.02034	0.01664	0.00740	0.00555	0.00185	0.00431	0.00616	0.00555	0.00863
5	0.00654	0.00545	0.00572	0.00591	0.00755	0.00463	0.00439	0.00790	0.01218	0.01467	0.05131	0.14628	0.65863	0.01425	0.00654	0.00191	0.00288	0.03360	0.00506	0.00459
6	0.01173	0.19882	0.61648	0.01419	0.02150	0.01460	0.01779	0.01706	0.01142	0.01630	0.00930	0.01091	0.00693	0.00507	0.00481	0.00160	0.00757	0.00379	0.00231	0.00783
7	0.01292	0.08970	0.57948	0.01485	0.02202	0.01294	0.06726	0.01827	0.01204	0.10455	0.01104	0.01231	0.00776	0.00528	0.00516	0.00168	0.00756	0.00427	0.00285	0.00806
8	0.01432	0.75681	0.08121	0.00976	0.01467	0.02095	0.01009	0.01639	0.01111	0.01314	0.00773	0.00894	0.00699	0.00470	0.00362	0.00121	0.00599	0.00299	0.00233	0.00707
9	0.01093	0.02820	0.78016	0.01554	0.02360	0.01266	0.02014	0.01727	0.01151	0.01727	0.00978	0.01151	0.00691	0.00518	0.00518	0.00173	0.00806	0.00403	0.00230	0.00806
10	0.02321	0.00991	0.01375	0.01217	0.08923	0.00889	0.00898	0.05781	0.01573	0.67016	0.02002	0.01781	0.01283	0.00655	0.00547	0.00168	0.00488	0.00540	0.00629	0.00921
11	0.00896	0.00819	0.01405	0.04667	0.01473	0.00845	0.18061	0.01098	0.01102	0.01505	0.06546	0.43235	0.02550	0.02828	0.00844	0.00216	0.09843	0.01117	0.00411	0.00538
12	0.00674	0.00549	0.00571	0.00568	0.00722	0.00474	0.00409	0.00801	0.01200	0.01464	0.09999	0.04926	0.61471	0.12661	0.00947	0.00232	0.00311	0.01088	0.00488	0.00446
13	0.01356	0.01171	0.01233	0.01109	0.01418	0.01356	0.00863	0.02897	0.76455	0.02281	0.02219	0.02034	0.01664	0.00740	0.00555	0.00185	0.00431	0.00616	0.00555	0.00863
14	0.01318	0.04352	0.45022	0.02027	0.25217	0.01253	0.01758	0.01801	0.01218	0.09358	0.01104	0.01275	0.00810	0.00522	0.00523	0.00167	0.00717	0.00440	0.00287	0.00833
15	0.01425	0.07093	0.46777	0.06080	0.02196	0.01242	0.05875	0.03954	0.01275	0.17155	0.01218	0.01317	0.00841	0.00549	0.00523	0.00169	0.00719	0.00447	0.00333	0.00811
16	0.01093	0.02820	0.78016	0.01554	0.02360	0.01266	0.02014	0.01727	0.01151	0.01727	0.00978	0.01151	0.00691	0.00518	0.00518	0.00173	0.00806	0.00403	0.00230	0.00806
17	0.01048	0.01004	0.01746	0.74120	0.03691	0.01223	0.06693	0.01418	0.01104	0.01418	0.00978	0.01455	0.00734	0.00539	0.00552	0.00182	0.00740	0.00496	0.00245	0.00615
18	0.01312	0.01573	0.08173	0.23452	0.11221	0.12006	0.30989	0.01699	0.01253	0.01595	0.01012	0.01360	0.00776	0.00505	0.00574	0.00174	0.00836	0.00523	0.00263	0.00705
19	0.01162	0.04565	0.72873	0.01514	0.02294	0.01266	0.01935	0.01765	0.01168	0.05076	0.01025	0.01176	0.00720	0.00524	0.00515	0.00171	0.00785	0.00407	0.00250	0.00809
20	0.01093	0.02820	0.78016	0.01554	0.02360	0.01266	0.02014	0.01727	0.01151	0.01727	0.00978	0.01151	0.00691	0.00518	0.00518	0.00173	0.00806	0.00403	0.00230	0.00806
21	0.00664	0.00474	0.00633	0.00759	0.00791	0.00443	0.00506	0.00759	0.01044	0.01392	0.03005	0.80485	0.03606	0.01708	0.00696	0.00221	0.00316	0.01550	0.00506	0.00443
22	0.01750	0.04657	0.23798	0.01251	0.05178	0.01069	0.01194	0.07270	0.04365	0.34834	0.01798	0.05220	0.03769	0.00684	0.00541	0.00171	0.00572	0.00557	0.00482	0.00840
23	0.02433	0.00981	0.01274	0.00984	0.01401	0.03287	0.00809	0.02642	0.01560	0.75375	0.02109	0.01828	0.01329	0.00671	0.00546	0.00168	0.00480	0.00542	0.00662	0.00918
24	0.00664	0.00474	0.00633	0.00759	0.00791	0.00443	0.00506	0.00759	0.01044	0.01392	0.03005	0.80485	0.03606	0.01708	0.00696	0.00221	0.00316	0.01550	0.00506	0.00443
25	0.01272	0.01448	0.04735	0.06390	0.06578	0.02981	0.52518	0.01664	0.01205	0.01652	0.01023	0.01402	0.00800	0.00546	0.00805	0.00190	0.13224	0.00588	0.00267	0.00713
26	0.01899	0.09921	0.01561	0.06661	0.01667	0.36504	0.00971	0.07587	0.01534	0.18432	0.03701	0.01509	0.04452	0.00637	0.00509	0.00152	0.00727	0.00464	0.00400	0.00713
27	0.01106	0.05480	0.75464	0.01533	0.02327	0.01296	0.01978	0.01723	0.01150	0.01711	0.00971	0.01142	0.00691	0.00516	0.00512	0.00171	0.00798	0.00399	0.00230	0.00802
28	0.08659	0.00748	0.00896	0.00823	0.01051	0.00728	0.00661	0.04824	0.04064	0.17084	0.23569	0.06172	0.11246	0.01042	0.00602	0.00186	0.00381	0.13427	0.03216	0.00623
29	0.01429	0.70320	0.11483	0.01015	0.01517	0.03831	0.01060	0.01656	0.01123	0.01335	0.00785	0.00909	0.00699	0.00475	0.00372	0.00124	0.00618	0.00306	0.00234	0.00710
30	0.00693	0.00596	0.04053	0.00773	0.00865	0.00491	0.00573	0.00831	0.01106	0.01468	0.07426	0.61634	0.12149	0.01577	0.00681	0.00213	0.00335	0.03569	0.00499	0.00467
31	0.01130	0.00969	0.01130	0.00807	0.01292	0.00727	0.00646	0.01373	0.01130	0.01776	0.00969	0.01130	0.00807	0.00404	0.00404	0.00081	0.00404	0.00323	0.00323	0.84173
32	0.00675	0.00492	0.00635	0.00728	0.00788	0.00453	0.00497	0.00793	0.01124	0.01493	0.11948	0.63468	0.11690	0.01603	0.00684	0.00212	0.00305	0.01441	0.00517	0.00453
33	0.01140	0.13577	0.64177	0.01463	0.02200	0.01374	0.03384	0.01697	0.01157	0.01677	0.02780	0.01190	0.00802	0.00524	0.00500	0.00165	0.00764	0.00407	0.00240	0.00783
34	0.01147	0.15079	0.62302	0.01452	0.02180	0.01390	0.03639	0.01694	0.01158	0.01669	0.02915	0.01191	0.00811	0.00524	0.00498	0.00164	0.00759	0.00406	0.00241	0.00780
35	0.00670	0.00491	0.00629	0.00726	0.00785	0.00450	0.00494	0.00782	0.01107	0.01462	0.08871	0.64775	0.13513	0.01620	0.00685	0.00213	0.00307	0.01455	0.00513	0.00450
36	0.00679	0.00488	0.00647	0.00770	0.00813	0.00456	0.00529	0.00786	0.01065	0.01411	0.03073	0.72987	0.05814	0.01684	0.00698	0.00222	0.00328	0.06596	0.00506	0.00447
37	0.01270	0.01213	0.02052	0.14567	0.63003	0.01245	0.01593	0.01591	0.01219	0.01709	0.01220	0.01541	0.04289	0.00535	0.00545	0.00166	0.00643	0.00516	0.00276	0.00807
38	0.01117	0.00948	0.01516	0.46142	0.05301	0.01104	0.04465	0.05149	0.01186	0.04979	0.01421	0.11496	0.01304	0.02447	0.00686	0.00199	0.04381	0.05211	0.00330	0.00618
39	0.00779	0.00584	0.00876	0.00876	0.00974	0.00681	0.00681	0.00974	0.00876	0.01266	0.01460	0.02142	0.01363	0.04089	0.78680	0.00876	0.01460	0.00584	0.00292	0.00487
40	0.03137	0.02762	0.01369	0.06660	0.05011	0.03336	0.00937	0.10690	0.27070	0.24513	0.01877	0.03670	0.01394	0.00710	0.00547	0.00174	0.00508	0.02740	0.00530	0.02367
41	0.15326	0.01079	0.05430	0.08774	0.13252	0.01047	0.01010	0.10150	0.02802	0.09571	0.09644	0.07195	0.03959	0.00807	0.00551	0.00181	0.00511	0.07584	0.00433	0.00694
42	0.14603	0.09272	0.12636	0.02798	0.07821	0.16899	0.06708	0.04933	0.07277	0.03258	0.02587	0.03370	0.01066	0.00624	0.00502	0.00166	0.00674	0.03764	0.00338	0.00707
43	0.07122	0.01490	0.13122	0.18018	0.30817	0.04300	0.05402	0.03121	0.08045	0.01797	0.01099	0.01362	0.00857	0.00532	0.00528	0.00170	0.00678	0.00475	0.00295	0.00769

[dist]
# distance from previous block
# <min> <max>
68	169

[block]
# block no. 4 follows, 44 sequences, length 6
# corresponding to MSA columns:
# 1007-1012
name=unknown_E
#
# <colnr> <probs for GDERKNQSTAVLIFYWHMCP>
#	G	D	E	R	K	N	Q	S	T	A	V	L	I	F	Y	W	H	M	C	P
0	0.07402	0.02877	0.07972	0.01014	0.01276	0.00918	0.06785	0.02703	0.03525	0.01603	0.02196	0.12761	0.15255	0.03741	0.14539	0.00314	0.07311	0.00753	0.00367	0.06686
1	0.16592	0.26820	0.10690	0.01061	0.01478	0.01622	0.01010	0.19085	0.01422	0.02093	0.03548	0.01292	0.03535	0.00616	0.00549	0.00158	0.06938	0.00420	0.00347	0.00723
2	0.01329	0.01023	0.01253	0.01000	0.01287	0.01039	0.06690	0.27807	0.01564	0.02134	0.01739	0.02311	0.07677	0.22973	0.04111	0.00283	0.00574	0.00625	0.03132	0.11449
3	0.05467	0.05453	0.01355	0.01228	0.08074	0.20480	0.00884	0.12332	0.04521	0.07475	0.10064	0.02251	0.14902	0.00789	0.00567	0.00163	0.02265	0.00615	0.00431	0.00684
4	0.13305	0.58158	0.08346	0.00984	0.01445	0.07306	0.00977	0.01674	0.01116	0.01486	0.00781	0.00905	0.00684	0.00483	0.00371	0.00130	0.00605	0.00305	0.00251	0.00688
5	0.07417	0.11122	0.52755	0.01363	0.02042	0.01372	0.01632	0.08328	0.01279	0.06363	0.01036	0.01157	0.00744	0.00533	0.00490	0.00165	0.00715	0.00399	0.00293	0.00796

[dist]
# distance from previous block
# <min> <max>
0	2

[block]
# block no. 5 follows, 44 sequences, length 9
# corresponding to MSA columns:
# 1015-1023
name=unknown_F
#
# <colnr> <probs for GDERKNQSTAVLIFYWHMCP>
#	G	D	E	R	K	N	Q	S	T	A	V	L	I	F	Y	W	H	M	C	P
0	0.04347	0.32351	0.37857	0.01292	0.01915	0.01581	0.05498	0.01744	0.01159	0.06246	0.00965	0.01097	0.00738	0.00504	0.00456	0.00152	0.00692	0.00379	0.00265	0.00761
1	0.01458	0.81168	0.02857	0.00933	0.01399	0.02157	0.00933	0.01632	0.01108	0.01283	0.00758	0.00875	0.00700	0.00466	0.00350	0.00117	0.00583	0.00292	0.00233	0.00700
2	0.26763	0.12935	0.09136	0.09210	0.08754	0.07433	0.01009	0.01590	0.01166	0.04130	0.08805	0.01550	0.04278	0.00610	0.00460	0.00161	0.00560	0.00460	0.00334	0.00656
3	0.01391	0.66750	0.16688	0.01047	0.01576	0.01993	0.01132	0.01650	0.01116	0.01364	0.00798	0.00925	0.00698	0.00476	0.00381	0.00127	0.00624	0.00312	0.00233	0.00719
4	0.00785	0.00561	0.00761	0.00761	0.00819	0.00619	0.00538	0.00900	0.00842	0.01181	0.01565	0.02723	0.01615	0.35398	0.47716	0.00734	0.01080	0.00669	0.00308	0.00423
5	0.00854	0.03527	0.00825	0.00737	0.00889	0.03559	0.00555	0.01137	0.06266	0.01848	0.40491	0.10873	0.17248	0.05525	0.00746	0.00198	0.00339	0.03334	0.00529	0.00521
6	0.03146	0.00634	0.00791	0.00755	0.00930	0.00569	0.00552	0.01232	0.01207	0.15623	0.11142	0.34611	0.09762	0.05995	0.00739	0.00205	0.00353	0.01052	0.03301	0.07402
7	0.08557	0.01032	0.01179	0.00959	0.01322	0.04477	0.00775	0.06161	0.11229	0.45508	0.06032	0.02084	0.06767	0.00735	0.00541	0.00170	0.00463	0.00590	0.00592	0.00825
8	0.10162	0.14975	0.03222	0.00973	0.01323	0.06449	0.00819	0.04143	0.15430	0.16537	0.06032	0.05280	0.01444	0.00866	0.04769	0.00197	0.00553	0.00533	0.00445	0.05846

[dist]
# distance from previous block
# <min> <max>
2	7

[block]
# block no. 6 follows, 44 sequences, length 34
# corresponding to MSA columns:
# 1031-1064
name=unknown_G
#
# <colnr> <probs for GDERKNQSTAVLIFYWHMCP>
#	G	D	E	R	K	N	Q	S	T	A	V	L	I	F	Y	W	H	M	C	P
0	0.01253	0.06811	0.11962	0.02563	0.47929	0.01258	0.05189	0.01603	0.01225	0.01717	0.01272	0.01985	0.01154	0.00634	0.00560	0.00174	0.00656	0.10973	0.00296	0.00787
1	0.01458	0.81168	0.02857	0.00933	0.01399	0.02157	0.00933	0.01632	0.01108	0.01283	0.00758	0.00875	0.00700	0.00466	0.00350	0.00117	0.00583	0.00292	0.00233	0.00700
2	0.01458	0.81168	0.02857	0.00933	0.01399	0.02157	0.00933	0.01632	0.01108	0.01283	0.00758	0.00875	0.00700	0.00466	0.00350	0.00117	0.00583	0.00292	0.00233	0.00700
3	0.01093	0.02820	0.78016	0.01554	0.02360	0.01266	0.02014	0.01727	0.01151	0.01727	0.00978	0.01151	0.00691	0.00518	0.00518	0.00173	0.00806	0.00403	0.00230	0.00806
4	0.06273	0.01108	0.01263	0.06416	0.03192	0.01233	0.00897	0.02650	0.51338	0.16443	0.02013	0.01881	0.01463	0.00696	0.00540	0.00180	0.00462	0.00574	0.00538	0.00842
5	0.01356	0.01171	0.01233	0.01109	0.01418	0.01356	0.00863	0.02897	0.76455	0.02281	0.02219	0.02034	0.01664	0.00740	0.00555	0.00185	0.00431	0.00616	0.00555	0.00863
6	0.00670	0.00479	0.00639	0.00766	0.00800	0.00448	0.00516	0.00769	0.01050	0.01398	0.03002	0.78421	0.03593	0.01702	0.00697	0.00222	0.00321	0.03554	0.00506	0.00444
7	0.01659	0.01534	0.15593	0.01195	0.01624	0.01324	0.01100	0.43222	0.01947	0.07705	0.01583	0.13935	0.01364	0.02876	0.00622	0.00184	0.00582	0.00654	0.00484	0.00812
8	0.01066	0.02600	0.69945	0.01491	0.02235	0.01203	0.03301	0.01661	0.01180	0.01748	0.05706	0.01437	0.02887	0.00575	0.00531	0.00173	0.00761	0.00462	0.00260	0.00778
9	0.01142	0.02751	0.75237	0.01533	0.02325	0.01249	0.01970	0.01760	0.01166	0.04481	0.01021	0.01177	0.00714	0.00524	0.00519	0.00173	0.00793	0.00408	0.00246	0.00810
10	0.01093	0.02820	0.78016	0.01554	0.02360	0.01266	0.02014	0.01727	0.01151	0.01727	0.00978	0.01151	0.00691	0.00518	0.00518	0.00173	0.00806	0.00403	0.00230	0.00806
11	0.01211	0.03868	0.54495	0.06941	0.09869	0.01301	0.01789	0.08608	0.01287	0.01869	0.01031	0.01225	0.00752	0.00532	0.00518	0.00169	0.00746	0.00426	0.02564	0.00799
12	0.00676	0.00491	0.00637	0.00748	0.00798	0.00456	0.00512	0.00781	0.01067	0.01403	0.03207	0.67641	0.10546	0.03622	0.00745	0.00227	0.00327	0.05169	0.00502	0.00445
13	0.02294	0.03976	0.07905	0.01019	0.01475	0.00890	0.00910	0.02540	0.01509	0.68538	0.02000	0.01760	0.01270	0.00654	0.00539	0.00167	0.00498	0.00527	0.00621	0.00909
14	0.01293	0.01265	0.01924	0.18029	0.50133	0.06948	0.01521	0.01604	0.01235	0.01657	0.01175	0.01792	0.01037	0.00599	0.00557	0.00173	0.00675	0.07334	0.00287	0.00762
15	0.10558	0.05013	0.07629	0.03761	0.15071	0.01065	0.02247	0.03808	0.03841	0.29470	0.10550	0.01797	0.01524	0.00647	0.00525	0.00167	0.00518	0.00539	0.00474	0.00795
