[name]
unknown

[dist]
# distance from previous block
# <min> <max>
6	133

[block]
# block no. 0 follows, 49 sequences, length 22
# corresponding to MSA columns:
# 145-166
name=unknown_A
#
# <colnr> <probs for GDERKNQSTAVLIFYWHMCP>
#	G	D	E	R	K	N	Q	S	T	A	V	L	I	F	Y	W	H	M	C	P
0	0.11014	0.05337	0.16057	0.04952	0.07165	0.04872	0.01044	0.07698	0.13389	0.12376	0.02993	0.02822	0.01036	0.00565	0.00465	0.00151	0.00532	0.00446	0.00375	0.06711
1	0.13168	0.13435	0.14178	0.04076	0.04224	0.02684	0.05322	0.11602	0.02720	0.15838	0.03745	0.04680	0.01048	0.00581	0.00462	0.00152	0.00544	0.00463	0.00373	0.00706
2	0.13356	0.05131	0.21030	0.02775	0.12278	0.03850	0.03719	0.05682	0.01202	0.12975	0.04324	0.01270	0.00939	0.00513	0.00456	0.00146	0.00561	0.00412	0.00334	0.09046
3	0.03259	0.01376	0.12947	0.02813	0.11693	0.11569	0.04231	0.05123	0.02595	0.12481	0.08321	0.01680	0.05894	0.00651	0.01872	0.00155	0.00572	0.00495	0.00363	0.11909
4	0.01353	0.03908	0.24699	0.01343	0.09741	0.03635	0.02580	0.14265	0.06485	0.10270	0.06428	0.03748	0.01187	0.00587	0.00493	0.00150	0.00566	0.00483	0.00370	0.07708
5	0.03071	0.08446	0.03276	0.01205	0.08069	0.20680	0.04787	0.03045	0.05257	0.12307	0.09916	0.01647	0.05006	0.00601	0.00477	0.00138	0.00567	0.00484	0.00371	0.10650
6	0.07059	0.09009	0.26854	0.01132	0.03382	0.01183	0.01133	0.14331	0.07597	0.08533	0.05098	0.05320	0.01148	0.00601	0.00472	0.00151	0.00544	0.00476	0.00365	0.05613
7	0.01338	0.79158	0.05900	0.00890	0.01335	0.01966	0.00908	0.01518	0.01029	0.01207	0.00712	0.00822	0.00649	0.00435	0.00331	0.00110	0.00549	0.00275	0.00216	0.00653
8	0.00814	0.00625	0.00768	0.00703	0.00874	0.00595	0.00537	0.01195	0.11040	0.01954	0.55913	0.05056	0.05814	0.00956	0.00569	0.00156	0.00280	0.02983	0.00520	0.08649
9	0.00664	0.00485	0.00625	0.00661	0.00746	0.00446	0.00473	0.00827	0.01198	0.01634	0.37102	0.37661	0.11149	0.01304	0.00620	0.00182	0.00270	0.03000	0.00508	0.00443
10	0.00692	0.00514	0.00645	0.00617	0.00742	0.00466	0.00461	0.00907	0.01369	0.01890	0.63651	0.06349	0.17639	0.01094	0.00598	0.00162	0.00243	0.00957	0.00539	0.00466
11	0.01194	0.01364	0.02984	0.02131	0.02643	0.01279	0.77238	0.01620	0.01194	0.01620	0.01023	0.01364	0.00767	0.00426	0.00597	0.00171	0.00853	0.00597	0.00256	0.00682
12	0.00722	0.00542	0.00813	0.00813	0.00903	0.00632	0.00632	0.00903	0.00813	0.01174	0.01354	0.01987	0.01264	0.03792	0.80225	0.00813	0.01354	0.00542	0.00271	0.00451
13	0.00699	0.00516	0.00653	0.00619	0.00745	0.00470	0.00464	0.00922	0.01392	0.01934	0.68338	0.03932	0.15299	0.01069	0.00597	0.00161	0.00241	0.00936	0.00544	0.00470
14	0.00716	0.00517	0.00676	0.00636	0.00755	0.00477	0.00477	0.00954	0.01431	0.02028	0.78808	0.03777	0.04771	0.01034	0.00596	0.00159	0.00239	0.00914	0.00557	0.00477
15	0.00614	0.00450	0.00577	0.00678	0.00727	0.00413	0.00458	0.00707	0.00993	0.01301	0.03105	0.71426	0.13612	0.01543	0.00639	0.00201	0.00288	0.01387	0.00469	0.00413
16	0.00955	0.00899	0.01517	0.81013	0.03483	0.01123	0.01404	0.01292	0.01011	0.01292	0.00899	0.01348	0.00674	0.00506	0.00506	0.00169	0.00674	0.00449	0.00225	0.00562
17	0.00995	0.00940	0.01590	0.70421	0.13760	0.01134	0.01424	0.01327	0.01030	0.01341	0.00906	0.01335	0.00691	0.00498	0.00505	0.00166	0.00664	0.00450	0.00228	0.00594
18	0.01352	0.82533	0.02650	0.00865	0.01298	0.02001	0.00865	0.01514	0.01027	0.01190	0.00703	0.00811	0.00649	0.00433	0.00324	0.00108	0.00541	0.00270	0.00216	0.00649
19	0.00616	0.00440	0.00587	0.00704	0.00733	0.00411	0.00469	0.00704	0.00968	0.01291	0.02787	0.81899	0.03344	0.01584	0.00645	0.00205	0.00293	0.01438	0.00469	0.00411
20	0.00779	0.00547	0.00602	0.00569	0.00753	0.00465	0.00433	0.00930	0.01224	0.09083	0.15974	0.04395	0.60076	0.01179	0.00589	0.00168	0.00270	0.00990	0.00498	0.00477
21	0.03722	0.67428	0.10826	0.00914	0.01357	0.01807	0.00945	0.01482	0.01024	0.01271	0.00829	0.04881	0.00779	0.00496	0.00357	0.00120	0.00546	0.00340	0.00231	0.00645

[dist]
# distance from previous block
# <min> <max>
0	2

[block]
# block no. 1 follows, 49 sequences, length 34
# corresponding to MSA columns:
# 169-202
name=unknown_B
#
# <colnr> <probs for GDERKNQSTAVLIFYWHMCP>
#	G	D	E	R	K	N	Q	S	T	A	V	L	I	F	Y	W	H	M	C	P
0	0.01590	0.01274	0.06045	0.01411	0.14280	0.04242	0.01018	0.17868	0.28099	0.16393	0.01571	0.01526	0.01138	0.00601	0.00505	0.00159	0.00512	0.00495	0.00462	0.00813
1	0.00878	0.00439	0.00659	0.00659	0.00659	0.00439	0.00439	0.00659	0.00659	0.00878	0.00878	0.01537	0.00878	0.01757	0.01976	0.85288	0.00439	0.00439	0.00220	0.00220
2	0.01049	0.00899	0.01049	0.00749	0.01198	0.00674	0.00599	0.01273	0.01049	0.01648	0.00899	0.01049	0.00749	0.00374	0.00374	0.00075	0.00374	0.00300	0.00300	0.85320
3	0.00812	0.00586	0.00732	0.00835	0.00889	0.00540	0.00566	0.00891	0.02811	0.01475	0.02881	0.75068	0.03374	0.01636	0.00710	0.00234	0.00362	0.04567	0.00521	0.00510
4	0.85801	0.00978	0.00743	0.00665	0.00978	0.01134	0.00548	0.01486	0.00861	0.02269	0.00704	0.00821	0.00548	0.00469	0.00313	0.00156	0.00391	0.00274	0.00313	0.00548
5	0.01922	0.01416	0.01518	0.01163	0.01568	0.01568	0.00961	0.77388	0.02378	0.03187	0.01214	0.01214	0.00860	0.00607	0.00506	0.00152	0.00556	0.00455	0.00506	0.00860
6	0.00735	0.00550	0.00686	0.00646	0.00781	0.00518	0.00486	0.01033	0.05956	0.01963	0.66423	0.03781	0.12453	0.01039	0.00592	0.00161	0.00250	0.00910	0.00545	0.00491
7	0.00696	0.00516	0.00649	0.00615	0.00743	0.00469	0.00462	0.00916	0.01385	0.01917	0.66497	0.03959	0.17151	0.01075	0.00597	0.00161	0.00241	0.00940	0.00542	0.00469
8	0.01497	0.01063	0.01173	0.01012	0.01326	0.01178	0.00800	0.07420	0.58394	0.17221	0.01992	0.01811	0.01443	0.00669	0.00513	0.00167	0.00416	0.00552	0.00536	0.00816
9	0.01194	0.01364	0.02984	0.02131	0.02643	0.01279	0.77238	0.01620	0.01194	0.01620	0.01023	0.01364	0.00767	0.00426	0.00597	0.00171	0.00853	0.00597	0.00256	0.00682
10	0.85801	0.00978	0.00743	0.00665	0.00978	0.01134	0.00548	0.01486	0.00861	0.02269	0.00704	0.00821	0.00548	0.00469	0.00313	0.00156	0.00391	0.00274	0.00313	0.00548
11	0.00943	0.00471	0.00471	0.00471	0.00589	0.00471	0.00353	0.01178	0.01060	0.01885	0.01650	0.01885	0.01296	0.00589	0.00353	0.00118	0.00236	0.00471	0.85036	0.00471
12	0.01106	0.01106	0.01549	0.01328	0.01328	0.01549	0.01106	0.01217	0.00774	0.01217	0.00664	0.01106	0.00664	0.00885	0.01659	0.00221	0.81303	0.00443	0.00221	0.00553
13	0.02269	0.00861	0.01174	0.00900	0.01291	0.00743	0.00743	0.02464	0.01447	0.79425	0.01995	0.01721	0.01252	0.00626	0.00509	0.00156	0.00430	0.00509	0.00626	0.00861
14	0.02066	0.01185	0.01374	0.01054	0.01453	0.01225	0.00870	0.46224	0.01991	0.34898	0.01539	0.01425	0.01023	0.00615	0.00507	0.00154	0.00504	0.00477	0.00556	0.00860
15	0.00716	0.00517	0.00676	0.00636	0.00755	0.00477	0.00477	0.00954	0.01431	0.02028	0.78808	0.03777	0.04771	0.01034	0.00596	0.00159	0.00239	0.00914	0.00557	0.00477
16	0.02082	0.00983	0.01216	0.00940	0.01316	0.00946	0.00774	0.22531	0.01670	0.53417	0.01760	0.01596	0.01149	0.00618	0.00497	0.00152	0.00450	0.00492	0.06576	0.00833
17	0.02204	0.00858	0.01160	0.00896	0.01278	0.00750	0.00738	0.02432	0.03426	0.75494	0.03918	0.01777	0.01347	0.00638	0.00511	0.00157	0.00425	0.00520	0.00621	0.00849
18	0.00666	0.00538	0.00595	0.00580	0.00736	0.00481	0.00435	0.00888	0.04768	0.01610	0.28474	0.06343	0.49717	0.01182	0.00595	0.00168	0.00258	0.01005	0.00499	0.00460
19	0.00878	0.00439	0.00659	0.00659	0.00659	0.00439	0.00439	0.00659	0.00659	0.00878	0.00878	0.01537	0.00878	0.01757	0.01976	0.85288	0.00439	0.00439	0.00220	0.00220
20	0.01701	0.01268	0.02962	0.01073	0.01408	0.08988	0.02395	0.36502	0.06752	0.15595	0.03516	0.08411	0.01332	0.00720	0.00520	0.00159	0.00529	0.03005	0.02412	0.00753
21	0.01149	0.01183	0.01373	0.01205	0.01249	0.12536	0.00970	0.01257	0.00867	0.01193	0.00830	0.01368	0.00827	0.09004	0.08253	0.00285	0.55224	0.00463	0.00239	0.00525
22	0.01116	0.01057	0.01792	0.31065	0.48246	0.01137	0.01449	0.01419	0.01092	0.01506	0.01016	0.04984	0.00872	0.00522	0.00509	0.00159	0.00613	0.00495	0.00251	0.00697
23	0.04066	0.69146	0.05057	0.00924	0.01320	0.01900	0.00912	0.01487	0.00998	0.01241	0.00706	0.00849	0.00647	0.00480	0.00461	0.00123	0.08532	0.00291	0.00220	0.00639
24	0.01264	0.56399	0.02233	0.00963	0.01264	0.01792	0.00898	0.01417	0.00963	0.01238	0.00749	0.00952	0.00691	0.00560	0.00675	0.00138	0.21612	0.00327	0.05252	0.00613
25	0.01257	0.03595	0.02540	0.00813	0.01238	0.02630	0.00670	0.05355	0.01192	0.11305	0.04613	0.01255	0.00994	0.00455	0.00410	0.00097	0.00409	0.00363	0.00357	0.60453
26	0.01076	0.26688	0.09252	0.00980	0.01251	0.01298	0.02687	0.04047	0.01116	0.01518	0.16951	0.06645	0.04288	0.00762	0.00713	0.00158	0.17116	0.00564	0.02304	0.00586
27	0.01236	0.01064	0.01125	0.01014	0.01293	0.01227	0.00788	0.02618	0.75125	0.02112	0.05094	0.01961	0.01671	0.00700	0.00518	0.00171	0.00394	0.00585	0.00516	0.00788
28	0.01195	0.00636	0.00813	0.00758	0.00944	0.00582	0.00569	0.05415	0.01252	0.25213	0.09087	0.36909	0.12248	0.01156	0.00586	0.00179	0.00340	0.01012	0.00526	0.00579
29	0.01521	0.12565	0.10044	0.05968	0.01870	0.01176	0.21754	0.03246	0.02573	0.26487	0.01334	0.03889	0.00980	0.00563	0.00552	0.00159	0.03708	0.00509	0.00377	0.00726
30	0.00722	0.00542	0.00813	0.00813	0.00903	0.00632	0.00632	0.00903	0.00813	0.01174	0.01354	0.01987	0.01264	0.03792	0.80225	0.00813	0.01354	0.00542	0.00271	0.00451
31	0.00923	0.00469	0.00478	0.00485	0.00598	0.00468	0.00360	0.01150	0.01055	0.01850	0.01717	0.06635	0.01418	0.00648	0.00371	0.00123	0.00239	0.00529	0.80016	0.00468
32	0.04886	0.07325	0.01495	0.04128	0.01533	0.01411	0.00907	0.52366	0.01991	0.15028	0.01280	0.01272	0.00898	0.00588	0.00482	0.00149	0.00526	0.00444	0.02480	0.00812
33	0.03828	0.04160	0.02646	0.00790	0.01215	0.00778	0.00652	0.04282	0.01120	0.07716	0.01069	0.04798	0.00899	0.00466	0.00400	0.00096	0.00396	0.00373	0.00336	0.63979

[dist]
# distance from previous block
# <min> <max>
0	1

[block]
# block no. 2 follows, 49 sequences, length 8
# corresponding to MSA columns:
# 204-211
name=unknown_C
#
# <colnr> <probs for GDERKNQSTAVLIFYWHMCP>
#	G	D	E	R	K	N	Q	S	T	A	V	L	I	F	Y	W	H	M	C	P
0	0.04521	0.20692	0.25953	0.01293	0.01796	0.01460	0.11819	0.14737	0.03346	0.03877	0.00967	0.01106	0.00736	0.00515	0.00525	0.00151	0.05086	0.00404	0.00294	0.00721
1	0.01692	0.08375	0.01612	0.01503	0.12664	0.49271	0.01047	0.04044	0.03534	0.04203	0.00884	0.01033	0.00727	0.00542	0.00548	0.00141	0.06890	0.00365	0.00280	0.00644
2	0.00604	0.00486	0.00540	0.00583	0.00702	0.00421	0.00416	0.00718	0.01085	0.01338	0.04263	0.33215	0.51076	0.01392	0.00615	0.00183	0.00270	0.01203	0.00470	0.00421
3	0.05985	0.73832	0.02481	0.00878	0.01295	0.06106	0.00854	0.01539	0.01040	0.01251	0.00707	0.00817	0.00644	0.00439	0.00331	0.00112	0.00552	0.00274	0.00224	0.00640
4	0.01701	0.01335	0.01475	0.07538	0.01656	0.04046	0.00986	0.56158	0.04603	0.02666	0.01160	0.01293	0.00873	0.03206	0.00687	0.00171	0.08768	0.00462	0.00441	0.00777
5	0.00815	0.00582	0.00815	0.00931	0.01048	0.00582	0.00815	0.01048	0.01164	0.01513	0.02677	0.05704	0.02910	0.01397	0.00698	0.00233	0.00466	0.75671	0.00466	0.00466
6	0.01135	0.01158	0.01540	0.07652	0.01511	0.05628	0.01123	0.01265	0.00828	0.01224	0.00689	0.01115	0.00664	0.00836	0.01505	0.00212	0.70699	0.00437	0.00224	0.00556
7	0.01252	0.01201	0.02053	0.03104	0.79074	0.01201	0.01552	0.01552	0.01151	0.01652	0.00951	0.01252	0.00801	0.00451	0.00501	0.00150	0.00601	0.00451	0.00250	0.00801

[dist]
# distance from previous block
# <min> <max>
0	76

[block]
# block no. 3 follows, 49 sequences, length 60
# corresponding to MSA columns:
# 288-347
name=unknown_D
#
# <colnr> <probs for GDERKNQSTAVLIFYWHMCP>
#	G	D	E	R	K	N	Q	S	T	A	V	L	I	F	Y	W	H	M	C	P
0	0.00716	0.00517	0.00676	0.00636	0.00755	0.00477	0.00477	0.00954	0.01431	0.02028	0.78808	0.03777	0.04771	0.01034	0.00596	0.00159	0.00239	0.00914	0.00557	0.00477
1	0.01226	0.01053	0.01116	0.01006	0.01282	0.01212	0.00782	0.02586	0.73689	0.02110	0.06532	0.01997	0.01732	0.00706	0.00519	0.00171	0.00391	0.00592	0.00517	0.00782
2	0.00625	0.00446	0.00597	0.00714	0.00747	0.00418	0.00485	0.00719	0.00977	0.01301	0.02782	0.78562	0.03325	0.01576	0.00648	0.00207	0.00301	0.04689	0.00469	0.00413
3	0.01014	0.02616	0.79609	0.01441	0.02189	0.01174	0.01868	0.01601	0.01068	0.01601	0.00907	0.01068	0.00641	0.00480	0.00480	0.00160	0.00747	0.00374	0.00214	0.00747
4	0.00748	0.00524	0.00686	0.00642	0.00767	0.00483	0.00483	0.00986	0.01432	0.03663	0.77185	0.03734	0.04697	0.01025	0.00595	0.00159	0.00243	0.00906	0.00558	0.00485
5	0.01252	0.01201	0.02053	0.03104	0.79074	0.01201	0.01552	0.01552	0.01151	0.01652	0.00951	0.01252	0.00801	0.00451	0.00501	0.00150	0.00601	0.00451	0.00250	0.00801
6	0.85801	0.00978	0.00743	0.00665	0.00978	0.01134	0.00548	0.01486	0.00861	0.02269	0.00704	0.00821	0.00548	0.00469	0.00313	0.00156	0.00391	0.00274	0.00313	0.00548
7	0.01019	0.02580	0.77439	0.01461	0.02201	0.01177	0.04003	0.01602	0.01071	0.01602	0.00911	0.01076	0.00644	0.00479	0.00484	0.00160	0.00750	0.00380	0.00215	0.00745
8	0.01426	0.00990	0.01157	0.00969	0.01295	0.01030	0.02733	0.03758	0.43857	0.19028	0.04153	0.01897	0.04443	0.00662	0.00505	0.00156	0.00408	0.00554	0.00507	0.10473
9	0.01194	0.01364	0.02984	0.02131	0.02643	0.01279	0.77238	0.01620	0.01194	0.01620	0.01023	0.01364	0.00767	0.00426	0.00597	0.00171	0.00853	0.00597	0.00256	0.00682
10	0.00640	0.00493	0.00592	0.00660	0.00763	0.00445	0.00489	0.00768	0.01077	0.01358	0.03749	0.37390	0.34939	0.01427	0.00634	0.00195	0.00305	0.13180	0.00469	0.00426
11	0.00863	0.00780	0.02958	0.22845	0.17337	0.00795	0.00991	0.01086	0.01044	0.01407	0.04683	0.32816	0.02047	0.02562	0.00613	0.00189	0.00481	0.05608	0.00353	0.00542
12	0.01890	0.02381	0.01435	0.01299	0.01563	0.77904	0.00977	0.04219	0.01461	0.01294	0.00794	0.00921	0.00657	0.00524	0.00457	0.00131	0.00902	0.00329	0.00268	0.00594
13	0.00619	0.00441	0.00586	0.00700	0.00729	0.00413	0.00465	0.00705	0.00962	0.01283	0.02758	0.79993	0.03308	0.03540	0.00692	0.00212	0.00298	0.01421	0.00465	0.00408
14	0.02033	0.01174	0.01361	0.01046	0.01439	0.01214	0.00863	0.45742	0.01985	0.33582	0.03301	0.01475	0.01106	0.00624	0.00509	0.00154	0.00499	0.00487	0.00555	0.00851
15	0.01055	0.04467	0.65121	0.01591	0.06355	0.01209	0.10013	0.01598	0.01085	0.01595	0.00917	0.01103	0.00663	0.00472	0.00490	0.00159	0.00746	0.00399	0.00220	0.00741
16	0.01252	0.01201	0.02053	0.03104	0.79074	0.01201	0.01552	0.01552	0.01151	0.01652	0.00951	0.01252	0.00801	0.00451	0.00501	0.00150	0.00601	0.00451	0.00250	0.00801
17	0.00616	0.00440	0.00587	0.00704	0.00733	0.00411	0.00469	0.00704	0.00968	0.01291	0.02787	0.81899	0.03344	0.01584	0.00645	0.00205	0.00293	0.01438	0.00469	0.00411
18	0.01256	0.01418	0.15470	0.07213	0.27641	0.04109	0.08187	0.01817	0.15793	0.06908	0.03050	0.02682	0.01058	0.00547	0.00512	0.00160	0.00603	0.00498	0.00329	0.00747
19	0.04087	0.01043	0.04204	0.00955	0.01320	0.02847	0.00800	0.12782	0.10514	0.46567	0.01923	0.05556	0.03686	0.00684	0.00511	0.00160	0.00455	0.00555	0.00551	0.00799
20	0.46454	0.01070	0.04405	0.00823	0.01185	0.03252	0.00706	0.05527	0.01164	0.29226	0.01191	0.01168	0.00816	0.00533	0.00402	0.00156	0.00443	0.00370	0.00426	0.00682
21	0.74838	0.06171	0.03126	0.00719	0.01055	0.01207	0.00621	0.04433	0.00936	0.02218	0.00730	0.00843	0.00569	0.00473	0.00326	0.00153	0.00417	0.00283	0.00312	0.00572
22	0.00627	0.00513	0.00553	0.00543	0.00701	0.00439	0.00407	0.00783	0.01222	0.01532	0.23560	0.04594	0.60329	0.01219	0.00597	0.00168	0.00252	0.01029	0.00491	0.00439
23	0.02962	0.07899	0.10156	0.11484	0.01610	0.00982	0.00936	0.08253	0.02466	0.32438	0.03759	0.07756	0.05711	0.00695	0.00504	0.00159	0.00492	0.00571	0.00452	0.00716
24	0.01097	0.01092	0.01530	0.01315	0.01317	0.01526	0.01094	0.01209	0.00775	0.01216	0.00681	0.01129	0.00679	0.00958	0.03641	0.00236	0.79287	0.00445	0.00223	0.00551
25	0.01252	0.01196	0.02013	0.03013	0.75669	0.01204	0.01519	0.01602	0.04524	0.01672	0.01000	0.01279	0.00834	0.00461	0.00501	0.00151	0.00592	0.00456	0.00262	0.00801
26	0.00623	0.00445	0.00593	0.00699	0.00735	0.00415	0.00470	0.00721	0.01000	0.01342	0.08027	0.76514	0.03443	0.01546	0.00642	0.00202	0.00290	0.01401	0.00475	0.00415
27	0.00878	0.00439	0.00659	0.00659	0.00659	0.00439	0.00439	0.00659	0.00659	0.00878	0.00878	0.01537	0.00878	0.01757	0.01976	0.85288	0.00439	0.00439	0.00220	0.00220
28	0.00628	0.00521	0.00554	0.00566	0.00729	0.00447	0.00438	0.00773	0.01166	0.01411	0.07951	0.04918	0.66885	0.01284	0.00609	0.00177	0.00280	0.09756	0.00473	0.00434
29	0.01014	0.02616	0.79609	0.01441	0.02189	0.01174	0.01868	0.01601	0.01068	0.01601	0.00907	0.01068	0.00641	0.00480	0.00480	0.00160	0.00747	0.00374	0.00214	0.00747
30	0.01194	0.01364	0.02984	0.02131	0.02643	0.01279	0.77238	0.01620	0.01194	0.01620	0.01023	0.01364	0.00767	0.00426	0.00597	0.00171	0.00853	0.00597	0.00256	0.00682
31	0.01049	0.00899	0.01049	0.00749	0.01198	0.00674	0.00599	0.01273	0.01049	0.01648	0.00899	0.01049	0.00749	0.00374	0.00374	0.00075	0.00374	0.00300	0.00300	0.85320
32	0.01014	0.02616	0.79609	0.01441	0.02189	0.01174	0.01868	0.01601	0.01068	0.01601	0.00907	0.01068	0.00641	0.00480	0.00480	0.00160	0.00747	0.00374	0.00214	0.00747
33	0.01844	0.09149	0.01535	0.01266	0.01541	0.73622	0.00968	0.01977	0.01399	0.01234	0.00775	0.00903	0.00651	0.00514	0.00445	0.00128	0.00881	0.00321	0.00257	0.00591
34	0.00649	0.00525	0.00565	0.00565	0.00702	0.00475	0.00409	0.00800	0.03239	0.01329	0.05792	0.07302	0.55135	0.13181	0.06856	0.00266	0.00378	0.00977	0.00434	0.00422
35	0.01120	0.00897	0.01056	0.00758	0.01204	0.00678	0.00608	0.01343	0.01072	0.06181	0.00963	0.01088	0.00778	0.00389	0.00382	0.00080	0.00378	0.00312	0.00319	0.80397
36	0.01273	0.01094	0.01152	0.01032	0.01321	0.01265	0.00804	0.04416	0.76407	0.02140	0.02039	0.01871	0.01528	0.00684	0.00514	0.00171	0.00404	0.00569	0.00514	0.00802
37	0.00943	0.00471	0.00471	0.00471	0.00589	0.00471	0.00353	0.01178	0.01060	0.01885	0.01650	0.01885	0.01296	0.00589	0.00353	0.00118	0.00236	0.00471	0.85036	0.00471
38	0.00615	0.00458	0.00573	0.00661	0.00723	0.00416	0.00451	0.00715	0.01020	0.01326	0.05274	0.63136	0.19783	0.01504	0.00634	0.00197	0.00284	0.01343	0.00472	0.00416
39	0.02269	0.00861	0.01174	0.00900	0.01291	0.00743	0.00743	0.02464	0.01447	0.79425	0.01995	0.01721	0.01252	0.00626	0.00509	0.00156	0.00430	0.00509	0.00626	0.00861
40	0.01237	0.01059	0.01113	0.01004	0.01283	0.01221	0.00780	0.02609	0.74593	0.02095	0.02102	0.01940	0.02934	0.00694	0.00511	0.00170	0.00393	0.00578	0.02899	0.00784
41	0.01336	0.01106	0.01847	0.15853	0.56180	0.01128	0.01421	0.01629	0.01167	0.11833	0.01080	0.01330	0.00839	0.00483	0.00502	0.00154	0.00591	0.00458	0.00295	0.00769
42	0.01120	0.00897	0.01056	0.00758	0.01204	0.00678	0.00608	0.01343	0.01072	0.06181	0.00963	0.01088	0.00778	0.00389	0.00382	0.00080	0.00378	0.00312	0.00319	0.80397
43	0.00766	0.00528	0.00745	0.00745	0.00840	0.00600	0.00576	0.00958	0.00862	0.01316	0.01413	0.01966	0.01271	0.03153	0.64281	0.00674	0.01131	0.00528	0.17191	0.00455
44	0.01055	0.00921	0.01193	0.05311	0.01376	0.00814	0.04049	0.02583	0.01032	0.01573	0.00927	0.02906	0.00802	0.00520	0.00592	0.03405	0.08588	0.00369	0.00290	0.61696
45	0.01234	0.01184	0.02021	0.07645	0.74668	0.01197	0.01543	0.01537	0.01143	0.01631	0.00948	0.01257	0.00794	0.00454	0.00501	0.00151	0.00605	0.00450	0.00249	0.00787
46	0.01922	0.01416	0.01518	0.01163	0.01568	0.01568	0.00961	0.77388	0.02378	0.03187	0.01214	0.01214	0.00860	0.00607	0.00506	0.00152	0.00556	0.00455	0.00506	0.00860
47	0.01023	0.01031	0.08518	0.04325	0.01635	0.00863	0.24831	0.02718	0.02766	0.06940	0.15275	0.09209	0.11135	0.04373	0.00667	0.00185	0.00541	0.02985	0.00390	0.00589
48	0.00734	0.00521	0.00671	0.00634	0.00760	0.00477	0.00475	0.00959	0.01398	0.03444	0.69737	0.05843	0.10327	0.01059	0.00596	0.00161	0.00245	0.00932	0.00549	0.00479
49	0.01985	0.01280	0.01429	0.01099	0.01498	0.01371	0.00907	0.58273	0.04125	0.20642	0.01415	0.01348	0.00967	0.00613	0.00507	0.00153	0.00523	0.00470	0.00534	0.00859
50	0.01660	0.01240	0.01399	0.01089	0.01461	0.01319	0.03088	0.55883	0.03425	0.04034	0.02490	0.08472	0.01144	0.00671	0.00508	0.00149	0.00511	0.00539	0.00475	0.10445
51	0.00769	0.00558	0.00689	0.00667	0.00683	0.00614	0.00436	0.00811	0.00765	0.01053	0.03028	0.02910	0.01699	0.61127	0.13897	0.00505	0.08454	0.00682	0.00298	0.00355
52	0.00735	0.00490	0.00552	0.00552	0.00552	0.00490	0.00306	0.00735	0.00735	0.00980	0.01593	0.03309	0.01838	0.82229	0.02574	0.00490	0.00490	0.00735	0.00306	0.00306
53	0.01213	0.01162	0.01983	0.13226	0.69253	0.01191	0.01533	0.01518	0.01133	0.01605	0.00944	0.01264	0.00784	0.00458	0.00501	0.00153	0.00610	0.00450	0.00247	0.00770
54	0.01259	0.01195	0.02012	0.06456	0.73356	0.01209	0.01527	0.03896	0.01183	0.01684	0.00957	0.01255	0.00797	0.00458	0.00501	0.00151	0.00603	0.00451	0.00257	0.00792
55	0.00619	0.00441	0.00586	0.00701	0.00729	0.00413	0.00466	0.00705	0.00963	0.01284	0.02759	0.80054	0.03309	0.03477	0.00691	0.00212	0.00298	0.01421	0.00466	0.00408
56	0.01252	0.01201	0.02053	0.03104	0.79074	0.01201	0.01552	0.01552	0.01151	0.01652	0.00951	0.01252	0.00801	0.00451	0.00501	0.00150	0.00601	0.00451	0.00250	0.00801
57	0.00616	0.00440	0.00587	0.00704	0.00733	0.00411	0.00469	0.00704	0.00968	0.01291	0.02787	0.81899	0.03344	0.01584	0.00645	0.00205	0.00293	0.01438	0.00469	0.00411
58	0.00943	0.00471	0.00471	0.00471	0.00589	0.00471	0.00353	0.01178	0.01060	0.01885	0.01650	0.01885	0.01296	0.00589	0.00353	0.00118	0.00236	0.00471	0.85036	0.00471
59	0.01268	0.01200	0.02015	0.05449	0.73723	0.01213	0.01524	0.04483	0.01195	0.01700	0.00960	0.01253	0.00799	0.00458	0.00501	0.00151	0.00601	0.00451	0.00259	0.00796

[dist]
# distance from previous block
# <min> <max>
0	54

# created by:
# /st0/software/busco_prod/Augustus/scripts/msa2prfl.pl ./align_prep/186149.fa
