[name]
unknown

[dist]
# distance from previous block
# <min> <max>
0	88

[block]
# block no. 0 follows, 47 sequences, length 14
# corresponding to MSA columns:
# 88-101
name=unknown_A
#
# <colnr> <probs for GDERKNQSTAVLIFYWHMCP>
#	G	D	E	R	K	N	Q	S	T	A	V	L	I	F	Y	W	H	M	C	P
0	0.01121	0.00893	0.07957	0.02223	0.01184	0.00752	0.00789	0.06428	0.07815	0.12944	0.15712	0.18353	0.07157	0.01071	0.00603	0.00187	0.00416	0.13284	0.00500	0.00611
1	0.01106	0.08609	0.56665	0.05854	0.12429	0.01280	0.03733	0.01619	0.01108	0.01606	0.00927	0.01127	0.00688	0.00487	0.00489	0.00160	0.00732	0.00397	0.00227	0.00757
2	0.01056	0.01027	0.01607	0.69847	0.10159	0.04855	0.01439	0.01390	0.01075	0.01361	0.00925	0.01358	0.00705	0.00516	0.00518	0.00170	0.00699	0.00457	0.00235	0.00602
3	0.00744	0.00558	0.00837	0.00837	0.00930	0.00651	0.00651	0.00930	0.00837	0.01209	0.01395	0.02046	0.01302	0.03906	0.79635	0.00837	0.01395	0.00558	0.00279	0.00465
4	0.03603	0.01419	0.13838	0.20315	0.07441	0.01244	0.31634	0.01595	0.01137	0.05634	0.01019	0.01333	0.00763	0.00513	0.00630	0.00175	0.06241	0.00510	0.00268	0.00688
5	0.04013	0.01573	0.12909	0.03671	0.40462	0.11015	0.03647	0.07029	0.03495	0.01766	0.01199	0.01401	0.04439	0.00537	0.00509	0.00156	0.00657	0.00469	0.00293	0.00759
6	0.00668	0.00477	0.00643	0.00763	0.00808	0.00452	0.00541	0.00783	0.01030	0.01367	0.02852	0.69045	0.03371	0.01600	0.00674	0.00216	0.00331	0.13465	0.00483	0.00432
7	0.44681	0.01074	0.03162	0.07305	0.11325	0.01128	0.06699	0.03875	0.01080	0.07401	0.01045	0.01369	0.00837	0.00551	0.00432	0.00166	0.00507	0.04423	0.02302	0.00640
8	0.00652	0.00482	0.00600	0.00668	0.00739	0.00440	0.00459	0.00768	0.01089	0.01435	0.13945	0.51417	0.18183	0.05651	0.00751	0.00213	0.00297	0.01292	0.00487	0.00430
9	0.09668	0.01135	0.03392	0.23527	0.22456	0.03547	0.04067	0.05335	0.02738	0.14803	0.01285	0.01469	0.03217	0.00553	0.00505	0.00163	0.00595	0.00478	0.00347	0.00720
10	0.03487	0.13604	0.40971	0.01338	0.03768	0.01241	0.06701	0.01740	0.01175	0.14208	0.04660	0.01320	0.00972	0.00541	0.00508	0.00158	0.02110	0.00435	0.00313	0.00749
11	0.02059	0.01120	0.01331	0.01033	0.01419	0.01139	0.00850	0.36279	0.01886	0.38434	0.01646	0.01552	0.01107	0.00785	0.04177	0.00189	0.00540	0.00499	0.03098	0.00854
12	0.00661	0.00469	0.00618	0.00728	0.00762	0.00443	0.00494	0.00754	0.00990	0.01317	0.02749	0.68673	0.03269	0.08995	0.00852	0.00241	0.00334	0.06769	0.00468	0.00417
13	0.10237	0.01341	0.01418	0.01118	0.01488	0.06052	0.04100	0.47299	0.03865	0.04657	0.01255	0.03858	0.00986	0.04369	0.00597	0.00170	0.00561	0.00489	0.00455	0.05685

[dist]
# distance from previous block
# <min> <max>
2	4

[block]
# block no. 1 follows, 47 sequences, length 42
# corresponding to MSA columns:
# 107-148
name=unknown_B
#
# <colnr> <probs for GDERKNQSTAVLIFYWHMCP>
#	G	D	E	R	K	N	Q	S	T	A	V	L	I	F	Y	W	H	M	C	P
0	0.01018	0.00832	0.01039	0.04062	0.01136	0.06909	0.00765	0.01137	0.00905	0.04643	0.01217	0.03755	0.01136	0.05087	0.35587	0.10276	0.16877	0.00531	0.02601	0.00486
1	0.01186	0.31933	0.02096	0.16859	0.01914	0.01499	0.11092	0.03679	0.01083	0.01394	0.01086	0.06579	0.02639	0.00701	0.02527	0.00172	0.10031	0.00493	0.00266	0.02771
2	0.00744	0.00558	0.00837	0.00837	0.00930	0.00651	0.00651	0.00930	0.00837	0.01209	0.01395	0.02046	0.01302	0.03906	0.79635	0.00837	0.01395	0.00558	0.00279	0.00465
3	0.01325	0.00969	0.01138	0.00836	0.01274	0.00802	0.00674	0.10178	0.01302	0.11249	0.03786	0.01281	0.00991	0.00468	0.00426	0.00100	0.00409	0.00375	0.00383	0.62033
4	0.04679	0.00903	0.06847	0.00829	0.01051	0.00821	0.00686	0.08259	0.13471	0.01757	0.07712	0.14037	0.22616	0.09156	0.00815	0.00213	0.02608	0.02526	0.00449	0.00567
5	0.02213	0.00876	0.01182	0.00915	0.01298	0.00769	0.00752	0.04421	0.01515	0.71323	0.07447	0.01909	0.01536	0.00674	0.00530	0.00161	0.00433	0.00552	0.00636	0.00858
6	0.00995	0.00509	0.00511	0.00502	0.00631	0.00512	0.00379	0.03016	0.01124	0.01974	0.01688	0.01925	0.01324	0.00607	0.00368	0.00122	0.00251	0.00485	0.82582	0.00495
7	0.09552	0.05235	0.06474	0.14769	0.31268	0.11584	0.03324	0.01611	0.03238	0.01604	0.00954	0.01234	0.00779	0.00652	0.04007	0.00187	0.02139	0.00427	0.00265	0.00695
8	0.01069	0.08267	0.73640	0.01443	0.02189	0.01269	0.01851	0.01643	0.01097	0.01619	0.00920	0.01081	0.00660	0.00491	0.00483	0.00161	0.00755	0.00377	0.00220	0.00763
9	0.00634	0.00457	0.00600	0.00715	0.00753	0.00424	0.00479	0.00726	0.01006	0.01333	0.02988	0.77607	0.07120	0.01616	0.00662	0.00210	0.00300	0.01462	0.00483	0.00424
10	0.06976	0.01257	0.01405	0.07197	0.01641	0.03463	0.00933	0.44190	0.01953	0.22297	0.01394	0.01373	0.00956	0.00611	0.00506	0.00158	0.00544	0.00468	0.01850	0.00829
11	0.01154	0.00815	0.04212	0.04307	0.01075	0.00771	0.00635	0.14622	0.01245	0.09272	0.01827	0.15905	0.03003	0.27835	0.01239	0.00280	0.00462	0.00752	0.10045	0.00545
12	0.00652	0.00538	0.00576	0.00595	0.00745	0.00475	0.00435	0.00837	0.04531	0.01439	0.06192	0.20602	0.57856	0.01351	0.00622	0.00183	0.00278	0.01152	0.00488	0.00454
13	0.00636	0.00460	0.00598	0.00707	0.00748	0.00426	0.00473	0.00727	0.01007	0.01329	0.03027	0.74007	0.09063	0.03234	0.00701	0.00215	0.00303	0.01437	0.00480	0.00422
14	0.02747	0.03397	0.01613	0.65279	0.08623	0.06985	0.01391	0.01415	0.01081	0.01369	0.00911	0.01322	0.00698	0.00515	0.00507	0.00167	0.00697	0.00445	0.00238	0.00600
15	0.16395	0.01201	0.07828	0.03074	0.01247	0.14172	0.00800	0.02627	0.01138	0.09132	0.01748	0.24141	0.04895	0.00979	0.02455	0.00190	0.03970	0.00727	0.02702	0.00576
16	0.20280	0.00886	0.01065	0.00853	0.01209	0.00841	0.00698	0.03608	0.01365	0.52906	0.07634	0.03605	0.01453	0.00665	0.00490	0.00162	0.00418	0.00525	0.00563	0.00775
17	0.00745	0.00554	0.00817	0.00817	0.00903	0.00640	0.00626	0.00917	0.00831	0.01194	0.01414	0.02149	0.01347	0.09794	0.73808	0.00812	0.01328	0.00573	0.00282	0.00454
18	0.06153	0.01219	0.01337	0.02221	0.02310	0.06867	0.02606	0.31829	0.03569	0.17814	0.08659	0.01789	0.05783	0.00705	0.00584	0.00163	0.04596	0.00546	0.00492	0.00759
19	0.04828	0.09101	0.06615	0.06241	0.33895	0.04597	0.12093	0.01528	0.01131	0.01590	0.01014	0.03064	0.00863	0.00755	0.06595	0.00205	0.00710	0.00473	0.00264	0.04438
20	0.00855	0.00540	0.00679	0.00707	0.00805	0.00500	0.00493	0.02633	0.01109	0.09200	0.08032	0.47346	0.12809	0.10702	0.00867	0.00231	0.00337	0.01192	0.00487	0.00474
21	0.01124	0.00952	0.01103	0.00792	0.01253	0.00739	0.00635	0.04982	0.01146	0.01774	0.00941	0.01088	0.00777	0.00397	0.00392	0.00081	0.00395	0.00316	0.00319	0.80793
22	0.01237	0.01183	0.01992	0.02991	0.72459	0.01176	0.01506	0.01533	0.01186	0.01679	0.01311	0.01576	0.06790	0.00530	0.00523	0.00156	0.00591	0.00513	0.00275	0.00795
23	0.07171	0.04092	0.01387	0.01179	0.02857	0.40107	0.00905	0.13802	0.01536	0.12623	0.01246	0.01304	0.03854	0.00703	0.03230	0.00168	0.00739	0.00418	0.00373	0.02306
24	0.00904	0.00531	0.00698	0.00725	0.00817	0.00491	0.00504	0.01020	0.01103	0.12331	0.12854	0.50126	0.03152	0.11128	0.00879	0.00233	0.00339	0.01184	0.00498	0.00485
25	0.01240	0.01374	0.02895	0.02380	0.16752	0.01302	0.62671	0.01655	0.01221	0.01674	0.01040	0.01383	0.00797	0.00444	0.00596	0.00172	0.00830	0.00587	0.00262	0.00725
26	0.02087	0.01203	0.01411	0.03338	0.01549	0.01247	0.00908	0.42872	0.03235	0.34260	0.01586	0.01480	0.01058	0.00631	0.00522	0.00159	0.00520	0.00493	0.00564	0.00876
27	0.00645	0.00469	0.00600	0.00692	0.00742	0.00433	0.00466	0.00745	0.01035	0.01369	0.07711	0.64473	0.11576	0.05492	0.00754	0.00219	0.00304	0.01370	0.00481	0.00424
28	0.00717	0.00528	0.00635	0.00642	0.00775	0.00471	0.00479	0.00889	0.01261	0.03576	0.30398	0.18863	0.32398	0.01277	0.00627	0.00181	0.00280	0.05014	0.00519	0.00468
29	0.00968	0.00561	0.00697	0.00667	0.00739	0.00554	0.00437	0.01028	0.00892	0.12046	0.01774	0.09806	0.01866	0.53111	0.12225	0.00474	0.00595	0.00761	0.00372	0.00425
30	0.03280	0.09002	0.13576	0.11428	0.02399	0.01349	0.36095	0.06670	0.01243	0.05587	0.01033	0.01291	0.00771	0.00498	0.00580	0.00167	0.03533	0.00503	0.00286	0.00707
31	0.03833	0.72744	0.05379	0.00930	0.01362	0.01980	0.00931	0.01547	0.01042	0.01275	0.00730	0.00860	0.00666	0.00472	0.00408	0.00121	0.04542	0.00291	0.00226	0.00664
32	0.01226	0.00966	0.01060	0.00935	0.01193	0.01062	0.00730	0.11730	0.41501	0.03836	0.22339	0.02462	0.04698	0.00806	0.00549	0.00169	0.00380	0.00678	0.02959	0.00723
33	0.00672	0.00635	0.06647	0.00769	0.00869	0.00489	0.00590	0.00814	0.01045	0.01406	0.07609	0.66235	0.07283	0.01492	0.00646	0.00203	0.00333	0.01342	0.00469	0.00455
34	0.01528	0.00946	0.01130	0.00959	0.01208	0.01005	0.00749	0.16921	0.14448	0.22451	0.03760	0.12733	0.01671	0.10839	0.00900	0.00217	0.06635	0.00688	0.00504	0.00708
35	0.02336	0.00886	0.01209	0.00927	0.01329	0.00765	0.00765	0.02538	0.01491	0.78810	0.02055	0.01773	0.01289	0.00645	0.00524	0.00161	0.00443	0.00524	0.00645	0.00886
36	0.00743	0.00503	0.00569	0.00576	0.00586	0.00497	0.00330	0.00755	0.00791	0.01047	0.01873	0.08456	0.05229	0.73175	0.02437	0.00472	0.00482	0.00818	0.00333	0.00328
37	0.03662	0.00986	0.01600	0.60869	0.03090	0.01228	0.04952	0.01393	0.03672	0.01397	0.00935	0.01358	0.00724	0.00574	0.00678	0.00181	0.11395	0.00468	0.00246	0.00591
38	0.00716	0.00543	0.00687	0.03084	0.00894	0.00540	0.00538	0.00961	0.09077	0.01416	0.02865	0.63641	0.08129	0.03420	0.00691	0.00211	0.00328	0.01313	0.00477	0.00468
39	0.00634	0.00453	0.00604	0.00725	0.00755	0.00423	0.00483	0.00725	0.00997	0.01329	0.02870	0.81358	0.03444	0.01632	0.00665	0.00211	0.00302	0.01480	0.00483	0.00423
40	0.01149	0.00967	0.01117	0.00804	0.01263	0.00765	0.00646	0.07121	0.01185	0.01819	0.00951	0.01093	0.00780	0.00404	0.00396	0.00083	0.00400	0.00321	0.00325	0.78409
41	0.01212	0.23572	0.28971	0.03142	0.07953	0.03550	0.18945	0.01605	0.01131	0.01518	0.00960	0.03398	0.00785	0.00500	0.00486	0.00153	0.00716	0.00447	0.00243	0.00713

[dist]
# distance from previous block
# <min> <max>
1	7

[block]
# block no. 2 follows, 47 sequences, length 45
# corresponding to MSA columns:
# 156-164,177-212
name=unknown_C
#
# <colnr> <probs for GDERKNQSTAVLIFYWHMCP>
#	G	D	E	R	K	N	Q	S	T	A	V	L	I	F	Y	W	H	M	C	P
0	0.18587	0.01229	0.05678	0.06920	0.05686	0.01210	0.16819	0.20869	0.01443	0.02170	0.01584	0.01710	0.10911	0.00625	0.00507	0.00165	0.00576	0.00539	0.02087	0.00684
1	0.04918	0.01153	0.01328	0.11482	0.02879	0.07231	0.01909	0.25443	0.02900	0.15179	0.01422	0.01568	0.03271	0.01141	0.12441	0.02023	0.02083	0.00495	0.00421	0.00711
2	0.14107	0.00937	0.01196	0.00950	0.01288	0.00932	0.00785	0.02225	0.01313	0.57669	0.01684	0.01557	0.01106	0.00656	0.00650	0.00170	0.10955	0.00480	0.00544	0.00799
3	0.00770	0.00583	0.00681	0.00685	0.00811	0.02440	0.00505	0.00971	0.02860	0.03718	0.34314	0.23419	0.21439	0.01247	0.00623	0.00180	0.00297	0.03455	0.00520	0.00482
4	0.01753	0.01593	0.16098	0.01203	0.01673	0.01401	0.01123	0.49986	0.01993	0.09343	0.01266	0.02780	0.00918	0.00616	0.00534	0.00157	0.01993	0.00470	0.00459	0.04641
5	0.02140	0.00990	0.01247	0.00979	0.01368	0.00947	0.00801	0.11619	0.12792	0.58323	0.01966	0.01734	0.01284	0.00651	0.00524	0.00163	0.00454	0.00527	0.00613	0.00877
6	0.02271	0.00872	0.01188	0.00915	0.01307	0.00754	0.00754	0.02475	0.01490	0.75684	0.05156	0.01859	0.01437	0.00662	0.00527	0.00161	0.00435	0.00541	0.00642	0.00870
7	0.01582	0.01849	0.01695	0.03766	0.14079	0.41201	0.05969	0.01820	0.04376	0.01403	0.00882	0.01118	0.00744	0.00600	0.00736	0.00161	0.16692	0.00412	0.00268	0.00647
8	0.15040	0.00620	0.00692	0.00729	0.00844	0.00634	0.00521	0.03296	0.03343	0.02660	0.04937	0.45170	0.06326	0.08798	0.00780	0.00225	0.00355	0.04107	0.00448	0.00475
9	0.00634	0.00453	0.00604	0.00725	0.00755	0.00423	0.00483	0.00725	0.00997	0.01329	0.02870	0.81358	0.03444	0.01632	0.00665	0.00211	0.00302	0.01480	0.00483	0.00423
10	0.00800	0.00527	0.00689	0.00748	0.00823	0.00502	0.00521	0.02821	0.01099	0.06630	0.07936	0.63925	0.05546	0.02656	0.00692	0.00207	0.01597	0.01315	0.00495	0.00472
11	0.01199	0.01323	0.02753	0.06156	0.08458	0.01298	0.59676	0.01591	0.01180	0.01616	0.01065	0.03551	0.00853	0.00510	0.00679	0.00178	0.06353	0.00608	0.00265	0.00689
12	0.02033	0.01234	0.01364	0.01077	0.01465	0.05200	0.00878	0.33188	0.11842	0.33624	0.01667	0.01537	0.01130	0.00639	0.00521	0.00160	0.00518	0.00500	0.00559	0.00863
13	0.01399	0.00697	0.00915	0.00783	0.01027	0.00629	0.00621	0.01660	0.03895	0.33075	0.38046	0.03108	0.07303	0.00911	0.00579	0.00167	0.00341	0.03594	0.00592	0.00659
14	0.01074	0.09353	0.72596	0.01434	0.02177	0.01281	0.01837	0.01642	0.01096	0.01614	0.00917	0.01077	0.00660	0.00491	0.00481	0.00160	0.00752	0.00376	0.00220	0.00761
15	0.04582	0.00951	0.01380	0.01068	0.01432	0.00894	0.10662	0.08507	0.03564	0.43761	0.13164	0.01978	0.01715	0.00775	0.02959	0.00184	0.00509	0.00588	0.00548	0.00778
16	0.01664	0.00827	0.01036	0.00848	0.01155	0.00772	0.00681	0.07598	0.07621	0.40670	0.18441	0.02617	0.12124	0.00825	0.00555	0.00165	0.00385	0.00688	0.00590	0.00740
17	0.00655	0.00462	0.00598	0.00699	0.00724	0.00437	0.00456	0.00730	0.00957	0.01276	0.02666	0.68420	0.03187	0.14921	0.00994	0.00260	0.00336	0.01360	0.00456	0.00405
18	0.01198	0.00995	0.01143	0.00827	0.01284	0.00815	0.00666	0.11187	0.01259	0.01905	0.00968	0.01102	0.00786	0.00417	0.00403	0.00088	0.00410	0.00330	0.00336	0.73881
19	0.01413	0.01330	0.02009	0.02840	0.64457	0.05295	0.01488	0.11461	0.01366	0.01887	0.01006	0.01266	0.00825	0.00489	0.00514	0.00154	0.00629	0.00458	0.00293	0.00822
20	0.01214	0.01372	0.02948	0.06170	0.02722	0.01318	0.70297	0.01638	0.01206	0.01638	0.01035	0.01395	0.00782	0.00458	0.00645	0.00177	0.03432	0.00602	0.00261	0.00692
21	0.01359	0.01384	0.02002	0.06883	0.64578	0.11497	0.01513	0.01648	0.01216	0.01627	0.00954	0.01248	0.00798	0.00476	0.00510	0.00153	0.00664	0.00447	0.00258	0.00783
22	0.01173	0.01064	0.01767	0.21511	0.50162	0.01119	0.01400	0.01483	0.01139	0.01643	0.01061	0.01398	0.00860	0.00496	0.00497	0.00155	0.00588	0.00467	0.11296	0.00721
23	0.08755	0.01438	0.01222	0.01050	0.01359	0.25131	0.00822	0.08407	0.14735	0.21162	0.07762	0.01664	0.02923	0.00655	0.00500	0.00156	0.00578	0.00498	0.00463	0.00721
24	0.00870	0.00944	0.11302	0.01074	0.01310	0.00719	0.12047	0.03066	0.01143	0.03011	0.06201	0.41329	0.04891	0.01202	0.00630	0.00197	0.00473	0.08626	0.00424	0.00541
25	0.01922	0.00794	0.01076	0.00856	0.01186	0.00694	0.00694	0.02134	0.01486	0.58905	0.21803	0.02322	0.02229	0.00754	0.00547	0.00162	0.00392	0.00632	0.00626	0.00784
26	0.01043	0.00627	0.00788	0.00711	0.00898	0.00574	0.00545	0.03489	0.02730	0.15721	0.43539	0.09111	0.16065	0.01052	0.00598	0.00169	0.00301	0.00911	0.00563	0.00566
27	0.01637	0.01146	0.01330	0.01194	0.06785	0.01233	0.00892	0.27815	0.26466	0.14711	0.09593	0.01834	0.01590	0.00689	0.00534	0.00164	0.00470	0.00565	0.00530	0.00821
28	0.01080	0.02480	0.67578	0.01721	0.12242	0.01215	0.03211	0.01643	0.01113	0.01656	0.00943	0.01130	0.00684	0.00490	0.00500	0.00164	0.00752	0.00399	0.00226	0.00776
29	0.11838	0.00577	0.00628	0.00617	0.00671	0.00610	0.00390	0.00880	0.00784	0.01209	0.01490	0.02901	0.01645	0.61277	0.12028	0.00502	0.00603	0.00670	0.00312	0.00367
30	0.01289	0.01237	0.02114	0.03196	0.78450	0.01237	0.01598	0.01598	0.01186	0.01701	0.00980	0.01289	0.00825	0.00464	0.00516	0.00155	0.00619	0.00464	0.00258	0.00825
31	0.01214	0.01240	0.01881	0.04182	0.05157	0.06040	0.21420	0.01615	0.11044	0.01541	0.01099	0.03402	0.00935	0.00708	0.01010	0.00191	0.32259	0.00537	0.03879	0.00645
32	0.02214	0.00971	0.01249	0.00964	0.01359	0.00901	0.00794	0.14253	0.02985	0.63201	0.04193	0.01756	0.01338	0.00655	0.00526	0.00161	0.00457	0.00529	0.00621	0.00873
33	0.01046	0.00822	0.01167	0.01438	0.20175	0.00825	0.00927	0.01455	0.11248	0.05434	0.14846	0.03631	0.08751	0.00992	0.00609	0.00189	0.00447	0.24914	0.00455	0.00628
34	0.00792	0.00624	0.00857	0.00970	0.10940	0.00582	0.00622	0.01029	0.01395	0.01939	0.57519	0.03712	0.14985	0.01023	0.00601	0.00164	0.00297	0.00902	0.00519	0.00528
35	0.02022	0.00940	0.01191	0.00952	0.01316	0.00895	0.00772	0.07799	0.14402	0.55131	0.05184	0.04016	0.01520	0.00698	0.00532	0.00165	0.00435	0.00574	0.00609	0.00847
36	0.01051	0.00945	0.01390	0.01202	0.01265	0.01207	0.06024	0.03429	0.00888	0.01309	0.01042	0.08687	0.01052	0.01359	0.09567	0.11365	0.45741	0.00571	0.01387	0.00518
37	0.01202	0.01151	0.01894	0.12306	0.54489	0.01239	0.01456	0.01500	0.02285	0.01590	0.01096	0.02992	0.02763	0.00578	0.00678	0.00169	0.11104	0.00501	0.00265	0.00744
38	0.00996	0.00938	0.01585	0.77288	0.06648	0.01160	0.01452	0.01342	0.01047	0.01346	0.00928	0.01384	0.00700	0.00518	0.00520	0.00173	0.00691	0.00463	0.00232	0.00589
39	0.03541	0.00913	0.01494	0.55342	0.05201	0.01107	0.04344	0.01273	0.01022	0.01380	0.01161	0.11822	0.01057	0.00693	0.00637	0.00182	0.07395	0.00596	0.00269	0.00570
40	0.03576	0.01012	0.01277	0.10619	0.01588	0.01099	0.03290	0.27082	0.05569	0.13513	0.01442	0.03935	0.01116	0.01167	0.12193	0.03537	0.00651	0.00526	0.06102	0.00704
41	0.01321	0.01345	0.01933	0.16591	0.55170	0.11487	0.01494	0.01614	0.01198	0.01580	0.00947	0.01261	0.00782	0.00484	0.00510	0.00155	0.00674	0.00447	0.00255	0.00752
42	0.03798	0.01097	0.01134	0.02983	0.01298	0.12114	0.00764	0.09123	0.08552	0.28510	0.21234	0.03494	0.02120	0.00750	0.00537	0.00160	0.00476	0.00613	0.00528	0.00715
43	0.01105	0.01115	0.01820	0.27416	0.02364	0.03646	0.18138	0.01380	0.01031	0.01417	0.00995	0.03790	0.00866	0.00667	0.00886	0.00185	0.24031	0.02416	0.01407	0.05325
44	0.01260	0.03040	0.10047	0.04967	0.04626	0.12839	0.35580	0.01635	0.03155	0.01567	0.01115	0.06484	0.00943	0.00559	0.00586	0.00163	0.03261	0.00559	0.00281	0.07333

[dist]
# distance from previous block
# <min> <max>
3	7

[block]
# block no. 3 follows, 47 sequences, length 54
# corresponding to MSA columns:
# 220-273
name=unknown_D
#
# <colnr> <probs for GDERKNQSTAVLIFYWHMCP>
#	G	D	E	R	K	N	Q	S	T	A	V	L	I	F	Y	W	H	M	C	P
0	0.01319	0.00965	0.01150	0.09833	0.01471	0.01032	0.00816	0.28045	0.06016	0.06589	0.03340	0.13592	0.09781	0.03230	0.05670	0.00221	0.00534	0.02141	0.00458	0.03797
1	0.01272	0.00874	0.01021	0.00854	0.01148	0.00838	0.00671	0.13465	0.10586	0.11956	0.13669	0.11799	0.06166	0.00825	0.00529	0.00151	0.00386	0.01995	0.02340	0.19455
2	0.01261	0.04255	0.08476	0.01720	0.02109	0.01393	0.38555	0.10151	0.01254	0.01743	0.02764	0.03200	0.00918	0.00615	0.00835	0.00183	0.19030	0.00559	0.00292	0.00686
3	0.00647	0.00479	0.00610	0.00702	0.00767	0.00437	0.00483	0.00752	0.01033	0.01356	0.03188	0.65826	0.14766	0.01550	0.00652	0.00204	0.00303	0.03372	0.00479	0.02393
4	0.01137	0.00960	0.01111	0.00799	0.01258	0.00753	0.00641	0.06134	0.01167	0.01798	0.00946	0.01091	0.00779	0.00401	0.00394	0.00082	0.00398	0.00319	0.00322	0.79509
5	0.06569	0.01374	0.06502	0.01846	0.02276	0.02971	0.52081	0.01564	0.01128	0.01620	0.01009	0.01366	0.00796	0.00773	0.06985	0.00231	0.09429	0.00554	0.00262	0.00662
6	0.01392	0.82012	0.02729	0.00891	0.01337	0.02061	0.00891	0.01559	0.01058	0.01225	0.00724	0.00835	0.00668	0.00446	0.00334	0.00111	0.00557	0.00278	0.00223	0.00668
7	0.00693	0.00525	0.00639	0.00623	0.00754	0.00471	0.00462	0.00893	0.01352	0.01827	0.50664	0.10306	0.26521	0.01184	0.00619	0.00171	0.00255	0.01031	0.00540	0.00471
8	0.00634	0.00453	0.00604	0.00725	0.00755	0.00423	0.00483	0.00725	0.00997	0.01329	0.02870	0.81358	0.03444	0.01632	0.00665	0.00211	0.00302	0.01480	0.00483	0.00423
9	0.00699	0.00515	0.00654	0.00652	0.00763	0.00470	0.00476	0.00897	0.01335	0.01836	0.52437	0.20063	0.14838	0.01217	0.00625	0.00175	0.00260	0.01075	0.00542	0.00470
10	0.01136	0.01192	0.04207	0.01371	0.01397	0.01582	0.01166	0.01267	0.00808	0.01267	0.00692	0.01138	0.00683	0.00897	0.01668	0.00226	0.78046	0.00453	0.00228	0.00576
11	0.00650	0.00529	0.00576	0.00564	0.00725	0.00454	0.00423	0.00815	0.01269	0.01602	0.26199	0.04690	0.57193	0.01246	0.00615	0.00172	0.00259	0.01054	0.00509	0.00454
12	0.00757	0.00505	0.00568	0.00568	0.00568	0.00505	0.00316	0.00757	0.00757	0.01010	0.01641	0.03408	0.01893	0.81698	0.02651	0.00505	0.00505	0.00757	0.00316	0.00316
13	0.11101	0.01402	0.06397	0.08158	0.01727	0.01468	0.01031	0.51128	0.03589	0.02779	0.01151	0.01233	0.00836	0.00603	0.00534	0.00161	0.03273	0.00445	0.02190	0.00795
14	0.00829	0.00570	0.00665	0.00648	0.00688	0.00589	0.00406	0.05813	0.00893	0.01202	0.01668	0.08107	0.01863	0.63008	0.10487	0.00498	0.00590	0.00763	0.00336	0.00376
15	0.00634	0.00453	0.00604	0.00725	0.00755	0.00423	0.00483	0.00725	0.00997	0.01329	0.02870	0.81358	0.03444	0.01632	0.00665	0.00211	0.00302	0.01480	0.00483	0.00423
16	0.01382	0.79749	0.04905	0.00908	0.01363	0.02036	0.00921	0.01562	0.01059	0.01237	0.00730	0.00843	0.00668	0.00447	0.00339	0.00113	0.00563	0.00281	0.00223	0.00671
17	0.02484	0.00573	0.00743	0.00789	0.00907	0.00551	0.00614	0.01060	0.02826	0.06513	0.15225	0.27507	0.08067	0.04846	0.00739	0.00218	0.00370	0.24980	0.00498	0.00490
18	0.01221	0.01179	0.02015	0.24283	0.10165	0.01278	0.24195	0.08614	0.08671	0.01737	0.01110	0.01413	0.00856	0.00615	0.02342	0.00187	0.06399	0.00520	0.00303	0.02898
19	0.01964	0.01451	0.01554	0.01195	0.01609	0.01608	0.00986	0.75028	0.04159	0.03257	0.01270	0.01266	0.00902	0.00627	0.00521	0.00157	0.00569	0.00472	0.00521	0.00884
20	0.00634	0.00455	0.00602	0.00721	0.00754	0.00423	0.00481	0.00726	0.01001	0.01331	0.02926	0.79597	0.05169	0.01624	0.00664	0.00211	0.00301	0.01472	0.00483	0.00423
21	0.02745	0.00568	0.00723	0.00685	0.00833	0.00520	0.00513	0.01101	0.01357	0.10340	0.48856	0.16441	0.11076	0.01123	0.00606	0.00172	0.00282	0.00985	0.00552	0.00520
22	0.01897	0.01296	0.01399	0.01115	0.01496	0.03909	0.00906	0.42124	0.19273	0.18601	0.01600	0.01506	0.01122	0.00645	0.00522	0.00161	0.00522	0.00503	0.00540	0.00863
23	0.01810	0.00878	0.01117	0.00894	0.01218	0.00828	0.00724	0.13351	0.03262	0.44105	0.23374	0.02293	0.02255	0.00761	0.00549	0.00161	0.00407	0.00635	0.00603	0.00774
24	0.38193	0.01206	0.02829	0.00947	0.01319	0.01300	0.00797	0.32024	0.03150	0.09798	0.01147	0.01255	0.00848	0.00586	0.00440	0.00162	0.00485	0.02344	0.00439	0.00732
25	0.01005	0.00817	0.03017	0.05010	0.01381	0.00768	0.13073	0.08535	0.01224	0.06548	0.02282	0.45398	0.04420	0.01179	0.00622	0.00194	0.00466	0.03055	0.00443	0.00562
26	0.00775	0.00541	0.00708	0.00662	0.00791	0.00498	0.00498	0.01020	0.01475	0.03925	0.76353	0.03839	0.04827	0.01055	0.00612	0.00164	0.00250	0.00932	0.00575	0.00501
27	0.01178	0.00685	0.00706	0.00631	0.00813	0.00717	0.00492	0.16685	0.01370	0.02216	0.01607	0.01800	0.01243	0.00610	0.00396	0.00129	0.00310	0.00482	0.67361	0.00567
28	0.00944	0.00689	0.01120	0.40545	0.02132	0.00804	0.00949	0.01004	0.00860	0.01117	0.00915	0.01486	0.00799	0.01165	0.01278	0.42529	0.00573	0.00458	0.00229	0.00402
29	0.01936	0.01297	0.01443	0.01117	0.01513	0.01388	0.00917	0.58187	0.02168	0.15212	0.01428	0.04174	0.01044	0.00714	0.01930	0.00168	0.00551	0.00509	0.00528	0.03777
30	0.00905	0.00452	0.00678	0.00678	0.00678	0.00452	0.00452	0.00678	0.00678	0.00905	0.00905	0.01583	0.00905	0.01809	0.02035	0.84848	0.00452	0.00452	0.00226	0.00226
31	0.01919	0.02286	0.01463	0.01302	0.01587	0.66564	0.00989	0.11631	0.03172	0.01562	0.00905	0.01018	0.00729	0.00553	0.00475	0.00138	0.00869	0.00360	0.01835	0.00642
32	0.01209	0.00928	0.01232	0.01019	0.01276	0.00950	0.09391	0.22630	0.05340	0.04645	0.18572	0.10938	0.08642	0.05860	0.02781	0.00210	0.00485	0.02779	0.00480	0.00634
33	0.02213	0.00885	0.01178	0.00911	0.01300	0.00777	0.00750	0.05243	0.01508	0.70989	0.02230	0.01960	0.06195	0.00687	0.00529	0.00162	0.00437	0.00558	0.00630	0.00858
34	0.03805	0.00936	0.01209	0.00947	0.01337	0.00865	0.00777	0.05270	0.10247	0.65757	0.02007	0.01755	0.01295	0.00648	0.00520	0.00163	0.00444	0.00524	0.00621	0.00873
35	0.01657	0.05501	0.01542	0.04646	0.06676	0.22126	0.01012	0.28312	0.06538	0.02101	0.01188	0.01305	0.02607	0.00625	0.00607	0.00156	0.08263	0.00445	0.03970	0.00722
36	0.03202	0.61316	0.17542	0.01022	0.01520	0.05192	0.01091	0.01599	0.01080	0.01335	0.00769	0.00892	0.00664	0.00460	0.00371	0.00124	0.00611	0.00302	0.00226	0.00683
37	0.13302	0.06844	0.03178	0.01270	0.03579	0.56056	0.00974	0.06217	0.01410	0.01551	0.00822	0.00951	0.00672	0.00526	0.00446	0.00139	0.00810	0.00337	0.00286	0.00628
38	0.03246	0.02643	0.01602	0.06237	0.13573	0.07321	0.05548	0.12087	0.02587	0.04320	0.01091	0.01481	0.00926	0.01000	0.08725	0.00245	0.21473	0.02896	0.02333	0.00666
39	0.00637	0.00461	0.00603	0.00710	0.00753	0.00427	0.00478	0.00736	0.01027	0.01362	0.05791	0.73629	0.08282	0.01591	0.00660	0.00207	0.00298	0.01436	0.00487	0.00427
40	0.00905	0.00452	0.00678	0.00678	0.00678	0.00452	0.00452	0.00678	0.00678	0.00905	0.00905	0.01583	0.00905	0.01809	0.02035	0.84848	0.00452	0.00452	0.00226	0.00226
41	0.01158	0.01380	0.10573	0.17358	0.18434	0.01245	0.33351	0.01552	0.01153	0.01589	0.01043	0.01481	0.00833	0.00516	0.00606	0.00174	0.03650	0.02947	0.00257	0.00699
42	0.01298	0.01016	0.01100	0.02389	0.01267	0.06012	0.00806	0.25996	0.07977	0.03332	0.02013	0.21812	0.02003	0.01121	0.02704	0.00205	0.00514	0.15691	0.02100	0.00644
43	0.01084	0.01130	0.01844	0.01462	0.01748	0.09139	0.34050	0.01325	0.01137	0.01454	0.01753	0.18250	0.06953	0.00999	0.02827	0.05617	0.04540	0.03795	0.00330	0.00564
44	0.00796	0.00623	0.00890	0.00861	0.00928	0.00747	0.00659	0.00943	0.00819	0.01183	0.01344	0.02148	0.01318	0.15929	0.57495	0.00707	0.11300	0.00577	0.00278	0.00454
45	0.01435	0.09881	0.03183	0.00953	0.01270	0.03251	0.00793	0.22229	0.13901	0.10682	0.11074	0.07220	0.10307	0.00809	0.00531	0.00161	0.00455	0.00659	0.00489	0.00716
46	0.00981	0.00877	0.00884	0.04443	0.01107	0.09330	0.00649	0.06997	0.09112	0.01673	0.12879	0.20745	0.20789	0.01283	0.05644	0.00219	0.00475	0.00917	0.00455	0.00542
47	0.00803	0.00603	0.00749	0.00727	0.00775	0.00656	0.00504	0.00942	0.03745	0.01328	0.13134	0.12208	0.04802	0.37583	0.07719	0.00382	0.09711	0.00818	0.02391	0.00422
48	0.00801	0.00545	0.00629	0.00616	0.00639	0.00559	0.00371	0.03564	0.00827	0.01111	0.01604	0.03205	0.01803	0.71650	0.09568	0.00522	0.00588	0.00729	0.00320	0.00350
49	0.51604	0.02519	0.01034	0.02251	0.01229	0.11015	0.00709	0.12075	0.02859	0.03718	0.00903	0.01016	0.00697	0.00600	0.02306	0.00170	0.00523	0.00339	0.01599	0.02832
50	0.03550	0.11608	0.02966	0.09974	0.13859	0.13659	0.02633	0.03238	0.10507	0.01575	0.01416	0.04334	0.06284	0.00660	0.00602	0.00160	0.08112	0.00512	0.03696	0.00656
51	0.04689	0.02278	0.01335	0.01295	0.13424	0.01155	0.00890	0.32549	0.01653	0.06424	0.01412	0.04463	0.02573	0.03458	0.05131	0.00200	0.00547	0.00517	0.10005	0.06002
52	0.01463	0.21106	0.05021	0.04725	0.03056	0.16913	0.00952	0.11648	0.01360	0.05522	0.06574	0.01420	0.02869	0.00738	0.03677	0.00171	0.06275	0.00440	0.02117	0.03954
53	0.02471	0.15887	0.02542	0.01210	0.11282	0.11613	0.00848	0.05950	0.04532	0.03256	0.07882	0.21506	0.03206	0.03514	0.00594	0.00174	0.00513	0.02030	0.00381	0.00611

[dist]
# distance from previous block
# <min> <max>
3	29

[block]
# block no. 4 follows, 47 sequences, length 15
# corresponding to MSA columns:
# 308-322
name=unknown_E
#
# <colnr> <probs for GDERKNQSTAVLIFYWHMCP>
#	G	D	E	R	K	N	Q	S	T	A	V	L	I	F	Y	W	H	M	C	P
0	0.07933	0.13350	0.01691	0.13711	0.04195	0.06874	0.09040	0.10862	0.07679	0.07471	0.01298	0.04547	0.01085	0.00737	0.03077	0.00184	0.00625	0.04601	0.00360	0.00679
1	0.04163	0.05493	0.01173	0.00883	0.01225	0.00961	0.00713	0.09957	0.14126	0.20543	0.05013	0.06190	0.07305	0.00783	0.02331	0.00163	0.00438	0.00578	0.00478	0.17483
2	0.14289	0.04142	0.01225	0.01016	0.01285	0.21286	0.00806	0.17542	0.05314	0.01989	0.08516	0.01757	0.08290	0.00884	0.05038	0.00196	0.04890	0.00511	0.00388	0.00636
3	0.06783	0.00605	0.00674	0.00664	0.00801	0.00590	0.00476	0.01017	0.06815	0.01554	0.14420	0.17943	0.22585	0.15267	0.04161	0.00260	0.00382	0.00938	0.00445	0.03622
4	0.01456	0.36898	0.05088	0.02745	0.01431	0.20440	0.00933	0.07943	0.01231	0.01413	0.00898	0.01159	0.00800	0.04874	0.06246	0.01990	0.03188	0.00370	0.00268	0.00629
5	0.00905	0.00452	0.00678	0.00678	0.00678	0.00452	0.00452	0.00678	0.00678	0.00905	0.00905	0.01583	0.00905	0.01809	0.02035	0.84848	0.00452	0.00452	0.00226	0.00226
6	0.01152	0.01097	0.01866	0.37941	0.44779	0.01201	0.01530	0.01478	0.01121	0.01535	0.00955	0.01334	0.00766	0.00489	0.00518	0.00163	0.00653	0.00463	0.00246	0.00714
7	0.04769	0.15836	0.49487	0.04740	0.09593	0.03872	0.01610	0.01625	0.01102	0.01587	0.00890	0.01069	0.00675	0.00485	0.00462	0.00154	0.00705	0.00372	0.00231	0.00736
8	0.05292	0.00949	0.02890	0.03368	0.01344	0.00874	0.00780	0.10687	0.04657	0.47014	0.09371	0.02083	0.06894	0.00718	0.00530	0.00163	0.00439	0.00585	0.00572	0.00789
9	0.00755	0.00510	0.00591	0.00587	0.00603	0.00509	0.00346	0.00787	0.00836	0.01130	0.09689	0.03410	0.02190	0.70411	0.05207	0.00481	0.00510	0.00770	0.00341	0.00339
10	0.01241	0.01240	0.01874	0.14345	0.46873	0.06829	0.03153	0.01514	0.01137	0.01545	0.01108	0.01422	0.04094	0.00570	0.00670	0.00167	0.10754	0.00484	0.00261	0.00720
11	0.08697	0.01113	0.01442	0.33317	0.12942	0.08201	0.02895	0.08806	0.01245	0.01687	0.02915	0.07262	0.06018	0.00661	0.00518	0.00167	0.00607	0.00563	0.00317	0.00625
12	0.03135	0.02469	0.04378	0.04951	0.22415	0.03901	0.01037	0.03703	0.02526	0.33703	0.03896	0.03138	0.01219	0.00604	0.00506	0.00157	0.00513	0.00512	0.06457	0.00781
13	0.00857	0.00640	0.00892	0.02971	0.01017	0.00739	0.00669	0.06348	0.00957	0.01365	0.01386	0.02073	0.01296	0.10738	0.60182	0.00702	0.03280	0.00563	0.02838	0.00487
14	0.02880	0.00971	0.07352	0.08142	0.12902	0.00865	0.00922	0.01534	0.12234	0.10881	0.05957	0.14061	0.15010	0.02152	0.00593	0.00180	0.00452	0.01832	0.00431	0.00646

[dist]
# distance from previous block
# <min> <max>
5	7

[block]
# block no. 5 follows, 47 sequences, length 18
# corresponding to MSA columns:
# 330-347
name=unknown_F
#
# <colnr> <probs for GDERKNQSTAVLIFYWHMCP>
#	G	D	E	R	K	N	Q	S	T	A	V	L	I	F	Y	W	H	M	C	P
0	0.01117	0.00862	0.00897	0.00832	0.00983	0.06767	0.00602	0.17299	0.01345	0.04190	0.07571	0.26067	0.05701	0.20204	0.02938	0.00271	0.00481	0.00896	0.00442	0.00533
1	0.01530	0.01007	0.01251	0.09319	0.07621	0.03202	0.00911	0.03420	0.27729	0.24950	0.02004	0.05604	0.03948	0.00741	0.00542	0.00173	0.00478	0.04305	0.00499	0.00765
2	0.01689	0.01207	0.01327	0.01041	0.01407	0.01279	0.00843	0.49407	0.04848	0.06916	0.01389	0.04493	0.01084	0.03343	0.02435	0.00175	0.00526	0.00508	0.04839	0.11243
3	0.12630	0.04415	0.01506	0.01240	0.01541	0.39180	0.07358	0.09763	0.05583	0.01713	0.01174	0.01288	0.05047	0.00600	0.00539	0.00152	0.04880	0.00427	0.00324	0.00640
4	0.00998	0.00940	0.01587	0.76889	0.07034	0.01161	0.01453	0.01343	0.01048	0.01348	0.00928	0.01384	0.00700	0.00518	0.00520	0.00173	0.00691	0.00463	0.00233	0.00590
5	0.52474	0.00924	0.00880	0.00746	0.01075	0.00979	0.00611	0.01760	0.01107	0.24798	0.04843	0.01484	0.05230	0.00603	0.00411	0.00162	0.00400	0.00428	0.00437	0.00649
6	0.00765	0.00551	0.00732	0.00728	0.00810	0.00590	0.00529	0.02464	0.00946	0.01323	0.08751	0.07684	0.06173	0.22133	0.40471	0.00584	0.00893	0.00726	0.02710	0.00436
7	0.00971	0.00485	0.00485	0.00485	0.00607	0.00485	0.00364	0.01213	0.01092	0.01942	0.01699	0.01942	0.01335	0.00607	0.00364	0.00121	0.00243	0.00485	0.84589	0.00485
8	0.26431	0.01086	0.04579	0.12260	0.16546	0.02378	0.00993	0.04891	0.05364	0.03080	0.04288	0.01519	0.01053	0.00684	0.02703	0.01439	0.00538	0.03268	0.03012	0.03890
9	0.05723	0.03253	0.01618	0.07377	0.01636	0.03958	0.14400	0.01381	0.03920	0.01472	0.02339	0.01509	0.02165	0.02760	0.10203	0.00271	0.29971	0.00509	0.04954	0.00582
10	0.00971	0.00485	0.00485	0.00485	0.00607	0.00485	0.00364	0.01213	0.01092	0.01942	0.01699	0.01942	0.01335	0.00607	0.00364	0.00121	0.00243	0.00485	0.84589	0.00485
11	0.06069	0.15651	0.04686	0.13656	0.15278	0.16310	0.09832	0.05748	0.01232	0.01575	0.00886	0.01131	0.00720	0.00513	0.00535	0.00153	0.04669	0.00411	0.00265	0.00678
12	0.01729	0.01399	0.08634	0.01155	0.01563	0.01369	0.01011	0.42369	0.18205	0.10824	0.01565	0.01664	0.01160	0.00672	0.00530	0.00166	0.00539	0.04099	0.00506	0.00842
13	0.00749	0.00580	0.00693	0.00730	0.05065	0.00511	0.00506	0.00930	0.01290	0.04203	0.28503	0.04335	0.47687	0.01167	0.00606	0.00170	0.00284	0.00994	0.00505	0.00493
14	0.00698	0.00528	0.00630	0.00615	0.00742	0.00476	0.00453	0.00880	0.01297	0.01735	0.43335	0.06734	0.28920	0.07899	0.00789	0.00200	0.00281	0.02816	0.00517	0.00457
15	0.00960	0.00504	0.00724	0.00705	0.00727	0.00512	0.00480	0.04614	0.00770	0.01028	0.00922	0.01566	0.00904	0.01748	0.01957	0.80465	0.00459	0.00453	0.00241	0.00260
16	0.00751	0.00571	0.00718	0.00755	0.00818	0.00583	0.00531	0.04198	0.01067	0.01426	0.06799	0.50477	0.11279	0.10054	0.00946	0.00235	0.06686	0.01205	0.00452	0.00449
17	0.01761	0.12222	0.04349	0.04302	0.04330	0.22946	0.01029	0.35500	0.01805	0.02227	0.01044	0.01138	0.00798	0.00563	0.00476	0.00144	0.00672	0.00405	0.03544	0.00747

[dist]
# distance from previous block
# <min> <max>
0	1

[block]
# block no. 6 follows, 47 sequences, length 7
# corresponding to MSA columns:
# 349-355
name=unknown_G
#
# <colnr> <probs for GDERKNQSTAVLIFYWHMCP>
#	G	D	E	R	K	N	Q	S	T	A	V	L	I	F	Y	W	H	M	C	P
0	0.00990	0.00788	0.00902	0.00879	0.01056	0.04508	0.00694	0.07168	0.03383	0.03188	0.03948	0.23698	0.08314	0.03073	0.00693	0.00197	0.02818	0.22751	0.00449	0.10502
1	0.08703	0.01241	0.04189	0.09153	0.27756	0.04975	0.04810	0.01832	0.18798	0.01809	0.01203	0.01368	0.00946	0.00521	0.00489	0.00153	0.00564	0.00457	0.00329	0.10704
2	0.01093	0.00701	0.00643	0.00615	0.00748	0.07536	0.00459	0.04539	0.01137	0.01819	0.01506	0.01780	0.01205	0.00744	0.00578	0.10147	0.00344	0.00467	0.63456	0.00483
3	0.01597	0.02794	0.01361	0.03608	0.10514	0.09894	0.00907	0.20422	0.06928	0.13686	0.01392	0.03553	0.01079	0.02080	0.02881	0.00173	0.00563	0.00487	0.07484	0.08597
4	0.01641	0.04565	0.01499	0.03670	0.10500	0.39586	0.01002	0.04433	0.12377	0.04346	0.01089	0.01191	0.00863	0.00538	0.00474	0.00138	0.00710	0.00396	0.00329	0.10652
5	0.10767	0.02766	0.08171	0.04514	0.15774	0.01080	0.01023	0.06047	0.07983	0.10993	0.05904	0.02761	0.01207	0.00603	0.00541	0.00154	0.04388	0.01626	0.00377	0.13321
6	0.05223	0.02783	0.03671	0.04927	0.10565	0.03973	0.06381	0.03434	0.00990	0.01467	0.01026	0.05293	0.00982	0.07973	0.02555	0.00231	0.34000	0.00530	0.03405	0.00592

[dist]
# distance from previous block
# <min> <max>
2	11

[block]
# block no. 7 follows, 47 sequences, length 12
# corresponding to MSA columns:
# 367-378
name=unknown_H
#
# <colnr> <probs for GDERKNQSTAVLIFYWHMCP>
#	G	D	E	R	K	N	Q	S	T	A	V	L	I	F	Y	W	H	M	C	P
0	0.06200	0.01806	0.17942	0.10044	0.06377	0.26075	0.03951	0.05499	0.01262	0.01564	0.01248	0.01481	0.06105	0.02904	0.05181	0.00204	0.00774	0.00458	0.00286	0.00638
1	0.03415	0.01110	0.06344	0.01418	0.08895	0.02895	0.14883	0.01296	0.01086	0.02698	0.09204	0.04622	0.10363	0.00853	0.00925	0.05514	0.19465	0.00627	0.00323	0.04065
2	0.01302	0.06024	0.04084	0.02220	0.30653	0.03875	0.26319	0.06415	0.01268	0.01740	0.01038	0.03069	0.00853	0.00487	0.00528	0.00153	0.00684	0.00506	0.00284	0.08498
3	0.00682	0.00553	0.00616	0.00630	0.00782	0.00489	0.00466	0.00872	0.04161	0.01479	0.08735	0.22351	0.47258	0.01319	0.00618	0.00182	0.00291	0.04172	0.00484	0.03861
4	0.04248	0.08929	0.04147	0.13276	0.29515	0.05291	0.05663	0.01493	0.02778	0.01595	0.04122	0.04066	0.01299	0.00665	0.00530	0.00168	0.00607	0.10627	0.00306	0.00674
5	0.01041	0.00874	0.01041	0.03253	0.01249	0.00700	0.00636	0.03818	0.01113	0.01685	0.01227	0.13059	0.01171	0.00584	0.00436	0.00103	0.00389	0.00493	0.00340	0.66788
6	0.00754	0.00545	0.00657	0.00662	0.00799	0.00493	0.00494	0.00953	0.02893	0.04687	0.28429	0.20313	0.29690	0.01267	0.00626	0.00182	0.00288	0.05267	0.00520	0.00481
7	0.01500	0.01124	0.01241	0.01029	0.01337	0.01203	0.00814	0.45025	0.07817	0.02556	0.01727	0.22707	0.01616	0.00883	0.00550	0.00167	0.00474	0.00737	0.00496	0.06999
8	0.01349	0.00965	0.01091	0.00874	0.01232	0.02579	0.00691	0.08906	0.13685	0.14161	0.04833	0.06896	0.06058	0.00670	0.00487	0.00134	0.00411	0.00554	0.00450	0.33975
9	0.01210	0.04870	0.07508	0.06901	0.04626	0.04094	0.11348	0.12262	0.01217	0.01682	0.01140	0.04821	0.01010	0.05688	0.08769	0.00259	0.15540	0.00531	0.04148	0.02378
10	0.01228	0.01318	0.05303	0.04222	0.10848	0.01230	0.48038	0.01742	0.09058	0.03684	0.01299	0.01777	0.01046	0.00553	0.00593	0.00177	0.00751	0.06104	0.00314	0.00716
11	0.00704	0.00525	0.00654	0.00634	0.00761	0.00475	0.00471	0.00914	0.01378	0.01889	0.57290	0.09882	0.20183	0.01160	0.00618	0.00170	0.00254	0.01015	0.00548	0.00475

[dist]
# distance from previous block
# <min> <max>
0	6

[block]
# block no. 8 follows, 47 sequences, length 9
# corresponding to MSA columns:
# 385-393
name=unknown_I
#
# <colnr> <probs for GDERKNQSTAVLIFYWHMCP>
#	G	D	E	R	K	N	Q	S	T	A	V	L	I	F	Y	W	H	M	C	P
0	0.01104	0.00644	0.00828	0.00733	0.00928	0.00599	0.00567	0.01415	0.06365	0.18173	0.54618	0.03361	0.06634	0.00963	0.00590	0.00165	0.00299	0.00837	0.00582	0.00594
1	0.10205	0.22003	0.20579	0.07693	0.09076	0.10571	0.04305	0.03896	0.01160	0.01612	0.00891	0.01077	0.00709	0.00491	0.00438	0.00146	0.00655	0.00371	0.03439	0.00683
2	0.00746	0.00548	0.00786	0.00786	0.00862	0.00623	0.00588	0.00897	0.00822	0.01171	0.01441	0.02303	0.01414	0.18598	0.65095	0.00774	0.01227	0.00596	0.00286	0.00437
3	0.00649	0.00496	0.00596	0.00641	0.00742	0.00443	0.00454	0.00786	0.01163	0.01513	0.19262	0.38298	0.30272	0.01404	0.00637	0.00189	0.00277	0.01234	0.00502	0.00443
4	0.00732	0.03399	0.00734	0.00740	0.00827	0.00566	0.00527	0.00952	0.06993	0.01458	0.08910	0.53741	0.09479	0.04259	0.00707	0.00210	0.00327	0.04490	0.00479	0.00468
5	0.25578	0.18701	0.12576	0.01088	0.01473	0.11332	0.03728	0.07601	0.01155	0.01794	0.00829	0.00997	0.00674	0.00607	0.02218	0.00169	0.08196	0.00352	0.00284	0.00649
6	0.15274	0.24678	0.12924	0.00975	0.01365	0.03456	0.00947	0.06423	0.04809	0.06241	0.04303	0.01774	0.05448	0.00662	0.00486	0.00156	0.02686	0.06384	0.00347	0.00661
7	0.01511	0.10644	0.05342	0.01146	0.03760	0.01266	0.03782	0.23007	0.06818	0.12123	0.01485	0.01801	0.02493	0.02652	0.05177	0.00209	0.05749	0.05474	0.03346	0.02215
8	0.06577	0.12698	0.04683	0.07277	0.02922	0.01090	0.00811	0.11367	0.04264	0.04454	0.03021	0.13602	0.11265	0.04888	0.00662	0.00180	0.03741	0.00676	0.02244	0.03578

[dist]
# distance from previous block
# <min> <max>
2	14

[block]
# block no. 9 follows, 47 sequences, length 6
# corresponding to MSA columns:
# 408-413
name=unknown_J
#
# <colnr> <probs for GDERKNQSTAVLIFYWHMCP>
#	G	D	E	R	K	N	Q	S	T	A	V	L	I	F	Y	W	H	M	C	P
0	0.05637	0.37994	0.02038	0.01021	0.01446	0.01754	0.00914	0.35386	0.01696	0.06044	0.01026	0.01069	0.00792	0.00538	0.00427	0.00136	0.00551	0.00376	0.00382	0.00772
1	0.01408	0.62549	0.12809	0.01014	0.01490	0.06842	0.01041	0.05148	0.01156	0.01382	0.00782	0.00897	0.00678	0.00466	0.00373	0.00122	0.00610	0.00305	0.00239	0.00688
2	0.04859	0.06816	0.10804	0.01127	0.01546	0.01458	0.01014	0.43088	0.14384	0.02650	0.01327	0.01345	0.00974	0.00604	0.00490	0.00156	0.00543	0.00460	0.05543	0.00811
3	0.01423	0.63210	0.11342	0.00996	0.01475	0.01909	0.01022	0.10618	0.01230	0.01522	0.00812	0.00916	0.00693	0.00473	0.00375	0.00123	0.00583	0.00314	0.00258	0.00706
4	0.01671	0.24822	0.01813	0.01060	0.01457	0.01642	0.00915	0.45224	0.05374	0.02471	0.01308	0.01348	0.04038	0.00739	0.03709	0.00173	0.00582	0.00448	0.00423	0.00784
5	0.01270	0.40246	0.17683	0.01047	0.01507	0.01576	0.01076	0.06783	0.01136	0.01514	0.00866	0.01041	0.00734	0.00701	0.05273	0.00173	0.05948	0.00346	0.00257	0.10824

[dist]
# distance from previous block
# <min> <max>
9	179

# created by:
# /st0/software/busco_prod/Augustus/scripts/msa2prfl.pl ./align_prep/186115.fa
