[name]
unknown

[dist]
# distance from previous block
# <min> <max>
0	61

[block]
# block no. 0 follows, 48 sequences, length 20
# corresponding to MSA columns:
# 61-80
name=unknown_A
#
# <colnr> <probs for GDERKNQSTAVLIFYWHMCP>
#	G	D	E	R	K	N	Q	S	T	A	V	L	I	F	Y	W	H	M	C	P
0	0.06506	0.14849	0.41053	0.01249	0.03265	0.06855	0.01378	0.03287	0.01182	0.14248	0.01053	0.01130	0.00755	0.00508	0.00456	0.00151	0.00656	0.00378	0.00302	0.00741
1	0.02737	0.02235	0.01123	0.04517	0.01300	0.12764	0.00773	0.11888	0.17305	0.07007	0.23636	0.02329	0.05097	0.00826	0.01715	0.00170	0.01506	0.01948	0.00471	0.00652
2	0.00646	0.00499	0.00584	0.00608	0.00722	0.00443	0.00436	0.00788	0.01172	0.01518	0.22591	0.26701	0.36150	0.03920	0.00685	0.00191	0.00274	0.01142	0.00493	0.00437
3	0.00635	0.00456	0.00605	0.00720	0.00759	0.00426	0.00492	0.00733	0.00999	0.01324	0.02897	0.75248	0.05733	0.01588	0.00656	0.00209	0.00306	0.05317	0.00476	0.00420
4	0.09981	0.07985	0.33666	0.01366	0.04502	0.04001	0.10639	0.05663	0.01208	0.12062	0.01117	0.03648	0.00842	0.00537	0.00483	0.00158	0.00652	0.00445	0.00315	0.00729
5	0.01125	0.01536	0.18104	0.18700	0.05108	0.01240	0.43430	0.01567	0.01145	0.01570	0.00985	0.01316	0.00734	0.00461	0.00559	0.00170	0.00797	0.00524	0.00244	0.00683
6	0.00625	0.00449	0.00593	0.00708	0.00742	0.00417	0.00473	0.00715	0.00989	0.01312	0.02908	0.79046	0.05929	0.01597	0.00653	0.00207	0.00296	0.01446	0.00476	0.00417
7	0.05316	0.00973	0.01554	0.40593	0.18010	0.01078	0.03517	0.03206	0.01153	0.11507	0.01209	0.01716	0.00964	0.00587	0.00521	0.00170	0.00609	0.06340	0.00316	0.00660
8	0.01402	0.24962	0.10426	0.01200	0.01521	0.17247	0.03504	0.08774	0.01205	0.01482	0.00902	0.04765	0.00813	0.00638	0.00723	0.00157	0.18945	0.00421	0.00271	0.00645
9	0.85592	0.00992	0.00754	0.00675	0.00992	0.01151	0.00556	0.01508	0.00873	0.02302	0.00714	0.00834	0.00556	0.00476	0.00318	0.00159	0.00397	0.00278	0.00318	0.00556
10	0.01054	0.00881	0.03574	0.02160	0.03851	0.00871	0.00697	0.09737	0.22169	0.04176	0.06561	0.12616	0.19283	0.09105	0.00769	0.00206	0.00402	0.00810	0.00465	0.00613
11	0.02202	0.01013	0.07327	0.00956	0.01381	0.00789	0.00844	0.02432	0.01438	0.73035	0.01938	0.01694	0.01221	0.00623	0.00514	0.00159	0.00462	0.00505	0.00602	0.00864
12	0.01196	0.01278	0.09081	0.19240	0.18867	0.03995	0.17538	0.07402	0.01217	0.01671	0.01066	0.01437	0.00846	0.00572	0.00587	0.03959	0.00664	0.01999	0.06717	0.00666
13	0.00746	0.00497	0.00560	0.00560	0.00560	0.00497	0.00311	0.00746	0.00746	0.00995	0.01617	0.03358	0.01865	0.81967	0.02612	0.00497	0.00497	0.00746	0.00311	0.00311
14	0.01075	0.02590	0.76512	0.01443	0.02188	0.01176	0.01855	0.01656	0.01097	0.04400	0.00960	0.01107	0.00672	0.00493	0.00489	0.00162	0.00747	0.00384	0.00232	0.00762
15	0.00636	0.00469	0.00588	0.00670	0.00727	0.00437	0.00454	0.00730	0.00991	0.01293	0.03114	0.57063	0.17458	0.08253	0.04353	0.00253	0.00355	0.01288	0.00454	0.00413
16	0.00881	0.00594	0.00746	0.00702	0.00849	0.00562	0.00526	0.05010	0.03102	0.07085	0.48982	0.16893	0.09866	0.01106	0.00601	0.00170	0.00286	0.00971	0.00544	0.00522
17	0.01632	0.12654	0.11500	0.01121	0.01545	0.01394	0.02820	0.35483	0.05404	0.11369	0.07307	0.01455	0.01200	0.00616	0.00518	0.00153	0.02127	0.00477	0.00442	0.00785
18	0.04270	0.09717	0.01589	0.01133	0.01511	0.07653	0.03602	0.45333	0.09326	0.02545	0.01253	0.04292	0.00980	0.00617	0.00489	0.00150	0.00564	0.00475	0.00440	0.04060
19	0.07829	0.01028	0.04567	0.00836	0.01256	0.00847	0.00699	0.08150	0.05198	0.05384	0.01096	0.02622	0.00900	0.03362	0.00489	0.00119	0.00421	0.00379	0.00350	0.54468

[dist]
# distance from previous block
# <min> <max>
1	21

[block]
# block no. 1 follows, 48 sequences, length 16
# corresponding to MSA columns:
# 102-117
name=unknown_B
#
# <colnr> <probs for GDERKNQSTAVLIFYWHMCP>
#	G	D	E	R	K	N	Q	S	T	A	V	L	I	F	Y	W	H	M	C	P
0	0.09221	0.00827	0.00960	0.00840	0.01038	0.00865	0.00635	0.12209	0.03592	0.12235	0.01668	0.19087	0.01643	0.17730	0.01049	0.00238	0.07177	0.00715	0.00419	0.07851
1	0.01252	0.01030	0.01249	0.04111	0.01401	0.04320	0.06769	0.15921	0.10742	0.05299	0.01768	0.13109	0.06758	0.04068	0.00629	0.00166	0.02213	0.00648	0.00412	0.18135
2	0.17292	0.01058	0.03499	0.09025	0.05822	0.04278	0.03013	0.11233	0.07871	0.10121	0.09516	0.05057	0.01515	0.00691	0.00495	0.00164	0.00486	0.04203	0.04002	0.00658
3	0.09341	0.10670	0.02491	0.02734	0.04236	0.15795	0.00781	0.04743	0.01137	0.08814	0.01278	0.05594	0.04260	0.01035	0.06352	0.13068	0.01674	0.00475	0.00324	0.05197
4	0.04073	0.03530	0.01387	0.11410	0.08756	0.17638	0.00962	0.05922	0.13856	0.04002	0.01134	0.01277	0.00892	0.00584	0.01622	0.00150	0.03673	0.00414	0.01650	0.17068
5	0.26632	0.01205	0.01230	0.06717	0.01484	0.06181	0.03803	0.26869	0.06847	0.02387	0.03347	0.01264	0.00932	0.00562	0.00445	0.00153	0.00512	0.00421	0.05036	0.03973
6	0.04705	0.00959	0.01103	0.02723	0.01181	0.05969	0.00790	0.09225	0.05983	0.02827	0.02654	0.18032	0.01497	0.01249	0.09824	0.00255	0.21056	0.00670	0.06098	0.03198
7	0.01090	0.00936	0.01453	0.28479	0.02127	0.01041	0.09953	0.10226	0.01220	0.03837	0.05712	0.17094	0.01498	0.00791	0.00658	0.00176	0.07929	0.00690	0.00348	0.04744
8	0.00844	0.00564	0.00634	0.00603	0.00680	0.00549	0.00386	0.04027	0.00923	0.01327	0.03160	0.08842	0.01826	0.51851	0.01811	0.00363	0.00431	0.00715	0.13148	0.07316
9	0.00738	0.00494	0.00562	0.00570	0.00572	0.00492	0.00322	0.00744	0.00762	0.01016	0.01699	0.08675	0.01969	0.76508	0.02479	0.00478	0.00484	0.00795	0.00322	0.00318
10	0.02283	0.00904	0.01210	0.00928	0.01325	0.00800	0.00766	0.06595	0.01520	0.74954	0.01981	0.01718	0.01248	0.00634	0.00516	0.00159	0.00444	0.00513	0.00628	0.00873
11	0.00993	0.00936	0.01582	0.74614	0.09469	0.01146	0.01437	0.01332	0.01037	0.01340	0.00916	0.01360	0.00694	0.00509	0.00513	0.00170	0.00678	0.00456	0.00230	0.00589
12	0.00633	0.00525	0.00557	0.00561	0.00726	0.00449	0.00429	0.00782	0.01199	0.01463	0.12348	0.04885	0.66062	0.01282	0.00613	0.00176	0.00273	0.06110	0.00485	0.00441
13	0.56319	0.01097	0.04097	0.00805	0.01161	0.03544	0.00689	0.05058	0.01107	0.20340	0.01056	0.01078	0.00745	0.00522	0.00384	0.00158	0.00445	0.00348	0.00395	0.00654
14	0.04824	0.01093	0.01302	0.07506	0.01553	0.01081	0.03899	0.24456	0.07576	0.02153	0.01129	0.01304	0.00889	0.03800	0.00540	0.00140	0.00488	0.00416	0.00378	0.35472
15	0.04892	0.04547	0.01384	0.01061	0.03496	0.01274	0.00843	0.44874	0.01850	0.02581	0.04965	0.04419	0.01117	0.00605	0.00477	0.00137	0.00490	0.00472	0.00440	0.20076

[dist]
# distance from previous block
# <min> <max>
4	14

[block]
# block no. 2 follows, 48 sequences, length 43
# corresponding to MSA columns:
# 132-174
name=unknown_C
#
# <colnr> <probs for GDERKNQSTAVLIFYWHMCP>
#	G	D	E	R	K	N	Q	S	T	A	V	L	I	F	Y	W	H	M	C	P
0	0.01007	0.00668	0.00831	0.00866	0.01007	0.02592	0.00680	0.01302	0.08785	0.11299	0.04747	0.32939	0.02764	0.01285	0.00637	0.00205	0.00401	0.26949	0.00497	0.00539
1	0.01323	0.01317	0.01874	0.10789	0.55525	0.10300	0.01423	0.04455	0.02884	0.01652	0.01080	0.01344	0.02741	0.00503	0.00506	0.00153	0.00639	0.00461	0.00274	0.00755
2	0.01270	0.01219	0.02083	0.03149	0.78767	0.01219	0.01575	0.01575	0.01168	0.01676	0.00965	0.01270	0.00813	0.00457	0.00508	0.00152	0.00610	0.00457	0.00254	0.00813
3	0.00800	0.00601	0.03111	0.00691	0.00838	0.00513	0.00543	0.01035	0.01389	0.05596	0.62587	0.10167	0.06639	0.01073	0.00603	0.00167	0.00277	0.02321	0.00546	0.00504
4	0.01038	0.02594	0.75693	0.01496	0.02243	0.01197	0.05451	0.01626	0.01089	0.01626	0.00926	0.01098	0.00656	0.00485	0.00493	0.00163	0.00763	0.00390	0.00219	0.00755
5	0.01092	0.01062	0.01704	0.30673	0.03868	0.01329	0.10100	0.04164	0.00995	0.01393	0.00865	0.01294	0.00729	0.00824	0.04819	0.00223	0.33555	0.00475	0.00244	0.00592
6	0.00763	0.00581	0.00829	0.00813	0.00881	0.00681	0.00615	0.00908	0.00807	0.01158	0.01369	0.02200	0.01347	0.18081	0.60065	0.00721	0.06886	0.00579	0.00278	0.00438
7	0.13351	0.01271	0.01364	0.04128	0.03856	0.03617	0.00908	0.42508	0.08412	0.13541	0.01313	0.01306	0.00930	0.00595	0.00486	0.00157	0.00526	0.00450	0.00479	0.00803
8	0.00715	0.00524	0.00670	0.00634	0.00760	0.00479	0.00475	0.00946	0.01426	0.01994	0.71560	0.03937	0.11817	0.01073	0.00605	0.00163	0.00244	0.00943	0.00556	0.00479
9	0.01180	0.08846	0.04962	0.12849	0.04171	0.01365	0.48398	0.01547	0.01125	0.01519	0.00951	0.01294	0.00741	0.00490	0.00662	0.00171	0.08289	0.00529	0.00247	0.00664
10	0.01146	0.01093	0.01859	0.35120	0.47766	0.01187	0.01513	0.01466	0.01110	0.01526	0.00943	0.01310	0.00760	0.00480	0.00510	0.00160	0.00640	0.00457	0.00243	0.00713
11	0.00707	0.00524	0.00659	0.00625	0.00755	0.00476	0.00469	0.00931	0.01407	0.01949	0.66694	0.04011	0.16711	0.01089	0.00605	0.00163	0.00245	0.00953	0.00551	0.00476
12	0.01333	0.01095	0.01229	0.01183	0.06937	0.01235	0.00861	0.06140	0.62470	0.05571	0.04770	0.01898	0.01586	0.00685	0.00523	0.00170	0.00424	0.00575	0.00509	0.00806
13	0.85592	0.00992	0.00754	0.00675	0.00992	0.01151	0.00556	0.01508	0.00873	0.02302	0.00714	0.00834	0.00556	0.00476	0.00318	0.00159	0.00397	0.00278	0.00318	0.00556
14	0.01372	0.82276	0.02689	0.00878	0.01317	0.02030	0.00878	0.01536	0.01043	0.01207	0.00713	0.00823	0.00658	0.00439	0.00329	0.00110	0.00549	0.00274	0.00219	0.00658
15	0.85592	0.00992	0.00754	0.00675	0.00992	0.01151	0.00556	0.01508	0.00873	0.02302	0.00714	0.00834	0.00556	0.00476	0.00318	0.00159	0.00397	0.00278	0.00318	0.00556
16	0.00969	0.00912	0.01539	0.80734	0.03534	0.01140	0.01425	0.01311	0.01026	0.01311	0.00912	0.01368	0.00684	0.00513	0.00513	0.00171	0.00684	0.00456	0.00228	0.00570
17	0.00956	0.00478	0.00478	0.00478	0.00598	0.00478	0.00359	0.01196	0.01076	0.01913	0.01674	0.01913	0.01315	0.00598	0.00359	0.00120	0.00239	0.00478	0.84816	0.00478
18	0.00738	0.00527	0.00725	0.00843	0.00923	0.00514	0.00673	0.00910	0.01094	0.01436	0.02766	0.39173	0.03147	0.01501	0.00685	0.00224	0.00396	0.42804	0.00474	0.00448
19	0.00746	0.00497	0.00560	0.00560	0.00560	0.00497	0.00311	0.00746	0.00746	0.00995	0.01617	0.03358	0.01865	0.81967	0.02612	0.00497	0.00497	0.00746	0.00311	0.00311
20	0.00969	0.00912	0.01539	0.80734	0.03534	0.01140	0.01425	0.01311	0.01026	0.01311	0.00912	0.01368	0.00684	0.00513	0.00513	0.00171	0.00684	0.00456	0.00228	0.00570
21	0.02302	0.00873	0.01191	0.00913	0.01310	0.00754	0.00754	0.02501	0.01469	0.79122	0.02024	0.01746	0.01270	0.00635	0.00516	0.00159	0.00437	0.00516	0.00635	0.00873
22	0.00625	0.00447	0.00595	0.00714	0.00744	0.00417	0.00476	0.00714	0.00982	0.01310	0.02828	0.81633	0.03394	0.01608	0.00655	0.00208	0.00298	0.01459	0.00476	0.00417
23	0.00988	0.00583	0.00770	0.00690	0.00857	0.00529	0.00529	0.01223	0.01455	0.14884	0.65769	0.03486	0.04247	0.00980	0.00590	0.00161	0.00274	0.00859	0.00577	0.00549
24	0.01242	0.01192	0.02050	0.02993	0.72223	0.01187	0.04289	0.01548	0.01184	0.01693	0.04694	0.01397	0.01005	0.00485	0.00516	0.00154	0.00601	0.00485	0.00269	0.00793
25	0.85592	0.00992	0.00754	0.00675	0.00992	0.01151	0.00556	0.01508	0.00873	0.02302	0.00714	0.00834	0.00556	0.00476	0.00318	0.00159	0.00397	0.00278	0.00318	0.00556
26	0.00827	0.00591	0.00827	0.00945	0.01063	0.00591	0.00827	0.01063	0.01181	0.01536	0.02717	0.05788	0.02953	0.01417	0.00709	0.00236	0.00472	0.75313	0.00472	0.00472
27	0.02302	0.00873	0.01191	0.00913	0.01310	0.00754	0.00754	0.02501	0.01469	0.79122	0.02024	0.01746	0.01270	0.00635	0.00516	0.00159	0.00437	0.00516	0.00635	0.00873
28	0.00972	0.00783	0.01034	0.07027	0.11755	0.03994	0.02621	0.01182	0.04694	0.04960	0.01943	0.09809	0.08710	0.26161	0.07969	0.00330	0.00580	0.04609	0.00354	0.00512
29	0.01855	0.02302	0.01450	0.01308	0.01565	0.70914	0.00990	0.04132	0.04524	0.01346	0.00852	0.00983	0.00704	0.00555	0.00523	0.00139	0.04619	0.00350	0.00280	0.00610
30	0.01246	0.01194	0.02039	0.09407	0.72699	0.01213	0.01563	0.01553	0.01157	0.01647	0.00961	0.01278	0.00802	0.00462	0.00508	0.00154	0.00616	0.00457	0.00252	0.00793
31	0.80227	0.01006	0.00795	0.00700	0.01023	0.01157	0.00577	0.04386	0.00947	0.04374	0.00769	0.00873	0.00587	0.00486	0.00330	0.00159	0.00404	0.00291	0.00333	0.00576
32	0.00731	0.00593	0.00751	0.00716	0.00874	0.00547	0.04153	0.02294	0.04084	0.01602	0.20771	0.16284	0.36129	0.02734	0.00653	0.00186	0.00319	0.05619	0.00485	0.00477
33	0.04062	0.01242	0.01320	0.01268	0.11389	0.10740	0.00886	0.16366	0.14545	0.08875	0.05683	0.01549	0.02997	0.00592	0.00485	0.00141	0.00512	0.00476	0.00418	0.16453
34	0.00624	0.00450	0.00592	0.00705	0.00742	0.00418	0.00472	0.00716	0.00991	0.01313	0.02942	0.77959	0.06994	0.01593	0.00653	0.00207	0.00296	0.01441	0.00476	0.00418
35	0.03803	0.04256	0.01478	0.05662	0.03978	0.36941	0.00993	0.17616	0.11443	0.03498	0.01080	0.01174	0.00839	0.00581	0.00536	0.00150	0.04520	0.00407	0.00353	0.00691
36	0.01194	0.00958	0.01230	0.00938	0.01329	0.00841	0.05919	0.10864	0.01249	0.05164	0.01207	0.04505	0.01051	0.00708	0.04293	0.00149	0.01839	0.04876	0.00355	0.51330
37	0.01063	0.00959	0.01490	0.54389	0.02838	0.03492	0.05954	0.03159	0.05333	0.03194	0.01172	0.01793	0.00970	0.03096	0.00642	0.02776	0.00650	0.06165	0.00284	0.00580
38	0.01111	0.15838	0.47530	0.08859	0.04160	0.01343	0.11103	0.01582	0.01089	0.01528	0.00901	0.01108	0.00675	0.00474	0.00478	0.00155	0.00725	0.00399	0.00225	0.00717
39	0.01029	0.02654	0.79309	0.01462	0.02221	0.01192	0.01896	0.01625	0.01083	0.01625	0.00921	0.01083	0.00650	0.00487	0.00487	0.00162	0.00758	0.00379	0.00217	0.00758
40	0.00984	0.01039	0.08003	0.51308	0.06511	0.01071	0.01282	0.01439	0.08725	0.01526	0.10207	0.03234	0.01317	0.00611	0.00525	0.00169	0.00600	0.00537	0.00302	0.00609
41	0.01287	0.32007	0.24181	0.01438	0.04274	0.08865	0.18065	0.01634	0.01134	0.01440	0.00859	0.01044	0.00688	0.00460	0.00453	0.00142	0.00715	0.00388	0.00233	0.00693
42	0.01454	0.55330	0.11252	0.01040	0.01481	0.17293	0.01020	0.03525	0.01163	0.01315	0.00766	0.00883	0.00663	0.00467	0.00378	0.00121	0.00648	0.00302	0.00235	0.00663

[dist]
# distance from previous block
# <min> <max>
0	9

[block]
# block no. 3 follows, 48 sequences, length 16
# corresponding to MSA columns:
# 184-199
name=unknown_D
#
# <colnr> <probs for GDERKNQSTAVLIFYWHMCP>
#	G	D	E	R	K	N	Q	S	T	A	V	L	I	F	Y	W	H	M	C	P
0	0.02302	0.00873	0.01191	0.00913	0.01310	0.00754	0.00754	0.02501	0.01469	0.79122	0.02024	0.01746	0.01270	0.00635	0.00516	0.00159	0.00437	0.00516	0.00635	0.00873
1	0.01372	0.82276	0.02689	0.00878	0.01317	0.02030	0.00878	0.01536	0.01043	0.01207	0.00713	0.00823	0.00658	0.00439	0.00329	0.00110	0.00549	0.00274	0.00219	0.00658
2	0.03585	0.21121	0.50157	0.01384	0.02027	0.01399	0.10382	0.01603	0.01083	0.01549	0.00880	0.01050	0.00664	0.00469	0.00459	0.00151	0.00711	0.00378	0.00225	0.00721
3	0.00625	0.00447	0.00595	0.00714	0.00744	0.00417	0.00476	0.00714	0.00982	0.01310	0.02828	0.81633	0.03394	0.01608	0.00655	0.00208	0.00298	0.01459	0.00476	0.00417
4	0.00969	0.00912	0.01539	0.80734	0.03534	0.01140	0.01425	0.01311	0.01026	0.01311	0.00912	0.01368	0.00684	0.00513	0.00513	0.00171	0.00684	0.00456	0.00228	0.00570
5	0.00859	0.00607	0.00809	0.00894	0.01015	0.00609	0.00748	0.01136	0.05788	0.03367	0.02668	0.12956	0.04636	0.06129	0.00797	0.00242	0.00446	0.55337	0.00470	0.00487
6	0.02302	0.00873	0.01191	0.00913	0.01310	0.00754	0.00754	0.02501	0.01469	0.79122	0.02024	0.01746	0.01270	0.00635	0.00516	0.00159	0.00437	0.00516	0.00635	0.00873
7	0.00721	0.00524	0.00678	0.00640	0.00763	0.00482	0.00480	0.00958	0.01439	0.02027	0.75136	0.03883	0.08220	0.01060	0.00605	0.00162	0.00243	0.00935	0.00561	0.00482
8	0.01205	0.01132	0.01912	0.06315	0.66369	0.01142	0.01481	0.01503	0.01164	0.01644	0.01167	0.01802	0.01057	0.00572	0.00532	0.00163	0.00597	0.09203	0.00278	0.00762
9	0.01084	0.15469	0.66977	0.01368	0.02075	0.01327	0.01732	0.01611	0.01077	0.01558	0.00887	0.01041	0.00651	0.00480	0.00462	0.00154	0.00725	0.00362	0.00217	0.00742
10	0.01157	0.00623	0.00802	0.00701	0.00910	0.00553	0.00545	0.01367	0.01409	0.23986	0.44243	0.03423	0.16271	0.00973	0.00580	0.00163	0.00301	0.00836	0.00570	0.00587
11	0.00617	0.00509	0.00544	0.00570	0.00715	0.00436	0.00421	0.00744	0.01136	0.01377	0.04682	0.18910	0.62309	0.01360	0.00619	0.00182	0.00274	0.03689	0.00476	0.00432
12	0.00956	0.00478	0.00478	0.00478	0.00598	0.00478	0.00359	0.01196	0.01076	0.01913	0.01674	0.01913	0.01315	0.00598	0.00359	0.00120	0.00239	0.00478	0.84816	0.00478
13	0.05569	0.37435	0.15898	0.05756	0.01607	0.12174	0.01070	0.01677	0.07505	0.01453	0.03147	0.01119	0.00863	0.00576	0.02076	0.00150	0.00634	0.00362	0.00267	0.00661
14	0.06273	0.21927	0.01744	0.01165	0.03916	0.28849	0.00932	0.21216	0.01536	0.01849	0.00895	0.00993	0.00720	0.00515	0.00431	0.00131	0.00668	0.00350	0.00322	0.05569
15	0.13260	0.27928	0.27626	0.01094	0.01609	0.03404	0.04426	0.01561	0.01075	0.03244	0.03640	0.01084	0.00817	0.00484	0.00413	0.00138	0.00594	0.00356	0.00263	0.06984

[dist]
# distance from previous block
# <min> <max>
0	1

[block]
# block no. 4 follows, 48 sequences, length 39
# corresponding to MSA columns:
# 201-239
name=unknown_E
#
# <colnr> <probs for GDERKNQSTAVLIFYWHMCP>
#	G	D	E	R	K	N	Q	S	T	A	V	L	I	F	Y	W	H	M	C	P
0	0.09080	0.01429	0.10080	0.02052	0.35972	0.07978	0.04383	0.03928	0.12080	0.04742	0.01214	0.01364	0.02382	0.00529	0.00493	0.00157	0.00600	0.00459	0.00321	0.00756
1	0.01055	0.09512	0.67289	0.06820	0.02231	0.01262	0.01774	0.01596	0.01076	0.01567	0.00902	0.01080	0.00653	0.00485	0.00475	0.00158	0.00735	0.00375	0.00218	0.00737
2	0.01016	0.00941	0.01552	0.75664	0.05199	0.01160	0.01410	0.04431	0.01086	0.01399	0.00926	0.01360	0.00695	0.00516	0.00513	0.00170	0.00677	0.00456	0.00240	0.00588
3	0.01101	0.02634	0.08364	0.15830	0.07332	0.04354	0.13726	0.03966	0.05531	0.01540	0.01325	0.12999	0.02407	0.00719	0.00683	0.00173	0.10743	0.00619	0.00306	0.05649
4	0.01104	0.01203	0.06844	0.02218	0.34106	0.01086	0.23951	0.01420	0.01139	0.01585	0.01453	0.14368	0.04401	0.00679	0.00584	0.00170	0.02018	0.00684	0.00298	0.00690
5	0.00733	0.00550	0.00825	0.00825	0.00916	0.00641	0.00641	0.00916	0.00825	0.01191	0.01374	0.02016	0.01283	0.03848	0.79934	0.00825	0.01374	0.00550	0.00275	0.00458
6	0.01102	0.02389	0.65318	0.01668	0.11265	0.01185	0.04251	0.01646	0.01109	0.03996	0.00964	0.01135	0.00692	0.00487	0.00495	0.00162	0.00734	0.00400	0.00235	0.00766
7	0.01087	0.02573	0.75755	0.01437	0.02179	0.01172	0.01844	0.01665	0.01101	0.05151	0.00971	0.01113	0.00678	0.00494	0.00489	0.00162	0.00744	0.00385	0.00236	0.00764
8	0.02302	0.00873	0.01191	0.00913	0.01310	0.00754	0.00754	0.02501	0.01469	0.79122	0.02024	0.01746	0.01270	0.00635	0.00516	0.00159	0.00437	0.00516	0.00635	0.00873
9	0.00638	0.00468	0.00599	0.00679	0.00741	0.00429	0.00466	0.00755	0.01077	0.01431	0.14350	0.59986	0.13528	0.01484	0.00641	0.00197	0.00284	0.01330	0.00489	0.00429
10	0.00678	0.00543	0.00610	0.00595	0.00752	0.00484	0.00451	0.00894	0.03754	0.01657	0.31447	0.04468	0.47183	0.01193	0.00606	0.00171	0.00265	0.03276	0.00510	0.00465
11	0.02280	0.00908	0.01213	0.00930	0.01327	0.00806	0.00768	0.07159	0.01528	0.74380	0.01975	0.01714	0.01245	0.00634	0.00516	0.00158	0.00445	0.00513	0.00627	0.00873
12	0.00615	0.00520	0.00531	0.00529	0.00698	0.00437	0.00396	0.00752	0.01189	0.01433	0.10292	0.04861	0.73436	0.01282	0.00606	0.00172	0.00259	0.01072	0.00483	0.00437
13	0.01293	0.01111	0.01170	0.01048	0.01341	0.01284	0.00816	0.04618	0.75920	0.02174	0.02067	0.01897	0.01549	0.00694	0.00522	0.00174	0.00410	0.00577	0.00522	0.00814
14	0.00723	0.00524	0.00681	0.00642	0.00764	0.00483	0.00481	0.00962	0.01444	0.02039	0.76429	0.03864	0.06920	0.01056	0.00605	0.00162	0.00243	0.00932	0.00562	0.00483
15	0.01201	0.42536	0.40931	0.01170	0.01768	0.01612	0.01386	0.01581	0.01063	0.01416	0.00817	0.00953	0.00654	0.00463	0.00408	0.00136	0.00653	0.00327	0.00218	0.00708
16	0.01045	0.02541	0.72517	0.01525	0.02262	0.01201	0.08574	0.01627	0.01095	0.01627	0.00931	0.01110	0.00661	0.00483	0.00498	0.00163	0.00768	0.00399	0.00220	0.00752
17	0.01757	0.01323	0.01436	0.01089	0.01509	0.01393	0.00895	0.60530	0.02118	0.02893	0.01162	0.01195	0.00848	0.00564	0.00484	0.00137	0.00524	0.00428	0.00468	0.19245
18	0.00625	0.00447	0.00595	0.00714	0.00744	0.00417	0.00476	0.00714	0.00982	0.01310	0.02828	0.81633	0.03394	0.01608	0.00655	0.00208	0.00298	0.01459	0.00476	0.00417
19	0.01248	0.01300	0.03674	0.18036	0.46985	0.07562	0.08059	0.01557	0.01153	0.01553	0.00937	0.01263	0.00764	0.00487	0.00551	0.00159	0.03278	0.00458	0.00248	0.00728
20	0.03692	0.00942	0.01588	0.72627	0.03364	0.01157	0.05109	0.01332	0.01025	0.01357	0.00907	0.01346	0.00684	0.00516	0.00536	0.00172	0.02379	0.00458	0.00232	0.00575
21	0.00733	0.00548	0.00817	0.00817	0.00906	0.00637	0.00632	0.00912	0.00822	0.01186	0.01381	0.02053	0.01299	0.05988	0.77816	0.00816	0.01350	0.00555	0.00276	0.00454
22	0.00956	0.00478	0.00478	0.00478	0.00598	0.00478	0.00359	0.01196	0.01076	0.01913	0.01674	0.01913	0.01315	0.00598	0.00359	0.00120	0.00239	0.00478	0.84816	0.00478
23	0.01215	0.01373	0.02860	0.04949	0.05220	0.02817	0.67460	0.01622	0.01192	0.01611	0.01013	0.01361	0.00770	0.00455	0.00635	0.00173	0.03747	0.00584	0.00257	0.00685
24	0.00969	0.00912	0.01539	0.80734	0.03534	0.01140	0.01425	0.01311	0.01026	0.01311	0.00912	0.01368	0.00684	0.00513	0.00513	0.00171	0.00684	0.00456	0.00228	0.00570
25	0.00606	0.00520	0.00520	0.00520	0.00693	0.00433	0.00390	0.00736	0.01170	0.01386	0.05198	0.04938	0.78558	0.01299	0.00606	0.00173	0.00260	0.01083	0.00476	0.00433
26	0.36653	0.02617	0.08884	0.15987	0.01776	0.01154	0.06487	0.06735	0.02907	0.01990	0.04065	0.01191	0.00843	0.00512	0.00427	0.00156	0.00528	0.00394	0.00312	0.06384
27	0.01075	0.01027	0.01635	0.62703	0.06715	0.03326	0.05433	0.04503	0.02776	0.01439	0.00948	0.01349	0.00721	0.00530	0.00562	0.00171	0.03771	0.00463	0.00250	0.00606
28	0.01410	0.01125	0.01288	0.00983	0.01356	0.01133	0.00802	0.30551	0.01552	0.02232	0.01033	0.01164	0.00812	0.00540	0.00585	0.00125	0.09978	0.00388	0.03183	0.39761
29	0.01429	0.74109	0.02569	0.00913	0.01345	0.04587	0.00888	0.06706	0.01150	0.01347	0.00751	0.00854	0.00673	0.00454	0.00346	0.00114	0.00562	0.00289	0.00241	0.00671
30	0.00746	0.00497	0.00560	0.00560	0.00560	0.00497	0.00311	0.00746	0.00746	0.00995	0.01617	0.03358	0.01865	0.81967	0.02612	0.00497	0.00497	0.00746	0.00311	0.00311
31	0.00893	0.00458	0.00691	0.02720	0.00742	0.00463	0.00471	0.00685	0.00678	0.00902	0.00892	0.01555	0.00886	0.01750	0.01967	0.82896	0.00452	0.00446	0.00223	0.00232
32	0.85592	0.00992	0.00754	0.00675	0.00992	0.01151	0.00556	0.01508	0.00873	0.02302	0.00714	0.00834	0.00556	0.00476	0.00318	0.00159	0.00397	0.00278	0.00318	0.00556
33	0.85592	0.00992	0.00754	0.00675	0.00992	0.01151	0.00556	0.01508	0.00873	0.02302	0.00714	0.00834	0.00556	0.00476	0.00318	0.00159	0.00397	0.00278	0.00318	0.00556
34	0.01029	0.02654	0.79309	0.01462	0.02221	0.01192	0.01896	0.01625	0.01083	0.01625	0.00921	0.01083	0.00650	0.00487	0.00487	0.00162	0.00758	0.00379	0.00217	0.00758
35	0.01962	0.01419	0.01529	0.01172	0.01582	0.01564	0.00968	0.74670	0.02382	0.05662	0.01257	0.01248	0.00885	0.00617	0.00513	0.00154	0.00561	0.00464	0.00517	0.00873
36	0.01029	0.02654	0.79309	0.01462	0.02221	0.01192	0.01896	0.01625	0.01083	0.01625	0.00921	0.01083	0.00650	0.00487	0.00487	0.00162	0.00758	0.00379	0.00217	0.00758
37	0.00629	0.00448	0.00594	0.00710	0.00738	0.00419	0.00471	0.00715	0.00975	0.01300	0.02790	0.79166	0.03346	0.04140	0.00717	0.00217	0.00304	0.01436	0.00471	0.00413
38	0.00625	0.00447	0.00595	0.00714	0.00744	0.00417	0.00476	0.00714	0.00982	0.01310	0.02828	0.81633	0.03394	0.01608	0.00655	0.00208	0.00298	0.01459	0.00476	0.00417

[dist]
# distance from previous block
# <min> <max>
2	22

[block]
# block no. 5 follows, 48 sequences, length 16
# corresponding to MSA columns:
# 266-281
name=unknown_F
#
# <colnr> <probs for GDERKNQSTAVLIFYWHMCP>
#	G	D	E	R	K	N	Q	S	T	A	V	L	I	F	Y	W	H	M	C	P
0	0.01951	0.01437	0.01540	0.01181	0.01591	0.01591	0.00975	0.77056	0.02412	0.03234	0.01232	0.01232	0.00873	0.00616	0.00513	0.00154	0.00565	0.00462	0.00513	0.00873
1	0.01195	0.01142	0.01947	0.22520	0.59983	0.01199	0.01537	0.01509	0.01133	0.01585	0.00952	0.01294	0.00781	0.00471	0.00509	0.00157	0.00628	0.00457	0.00247	0.00752
2	0.00641	0.00458	0.00614	0.00733	0.00769	0.00431	0.00504	0.00742	0.00998	0.01328	0.02819	0.75623	0.03359	0.01592	0.00659	0.00211	0.00312	0.07311	0.00476	0.00421
3	0.00956	0.00478	0.00478	0.00478	0.00598	0.00478	0.00359	0.01196	0.01076	0.01913	0.01674	0.01913	0.01315	0.00598	0.00359	0.00120	0.00239	0.00478	0.84816	0.00478
4	0.04596	0.01024	0.01420	0.26761	0.13429	0.03898	0.03760	0.10562	0.01219	0.01767	0.01088	0.01391	0.00854	0.00567	0.00582	0.00159	0.07964	0.00455	0.17879	0.00627
5	0.01211	0.01384	0.03028	0.02163	0.02682	0.01298	0.76903	0.01644	0.01211	0.01644	0.01038	0.01384	0.00779	0.00433	0.00606	0.00173	0.00865	0.00606	0.00260	0.00692
6	0.01106	0.00937	0.01087	0.00780	0.01234	0.00727	0.00625	0.04897	0.01128	0.01746	0.00927	0.01072	0.00765	0.00391	0.00386	0.00080	0.00389	0.00312	0.00314	0.81097
7	0.00620	0.00520	0.00539	0.00534	0.00702	0.00439	0.00401	0.00763	0.01202	0.01464	0.13691	0.04810	0.70017	0.01270	0.00606	0.00172	0.00258	0.01065	0.00487	0.00439
8	0.00746	0.00672	0.04134	0.00654	0.00857	0.00554	0.00537	0.01018	0.06925	0.03463	0.13774	0.04378	0.53293	0.01178	0.00599	0.00175	0.00309	0.05754	0.00483	0.00496
9	0.00709	0.00524	0.00662	0.00627	0.00756	0.00477	0.00470	0.00935	0.01411	0.01960	0.67854	0.03993	0.15544	0.01085	0.00605	0.00163	0.00245	0.00950	0.00552	0.00477
10	0.00733	0.00550	0.00825	0.00825	0.00916	0.00641	0.00641	0.00916	0.00825	0.01191	0.01374	0.02016	0.01283	0.03848	0.79934	0.00825	0.01374	0.00550	0.00275	0.00458
11	0.00606	0.00520	0.00520	0.00520	0.00693	0.00433	0.00390	0.00736	0.01170	0.01386	0.05198	0.04938	0.78558	0.01299	0.00606	0.00173	0.00260	0.01083	0.00476	0.00433
12	0.01064	0.00912	0.01064	0.00760	0.01216	0.00684	0.00608	0.01292	0.01064	0.01672	0.00912	0.01064	0.00760	0.00380	0.00380	0.00076	0.00380	0.00304	0.00304	0.85104
13	0.03584	0.02454	0.71036	0.01385	0.02091	0.01145	0.01757	0.01619	0.01105	0.04067	0.04404	0.01219	0.00853	0.00517	0.00489	0.00162	0.00715	0.00405	0.00248	0.00744
14	0.01229	0.01229	0.01717	0.14463	0.01900	0.06531	0.10154	0.07401	0.03329	0.01483	0.00850	0.01213	0.00729	0.00727	0.01157	0.00197	0.44349	0.00466	0.00264	0.00613
15	0.01029	0.02654	0.79309	0.01462	0.02221	0.01192	0.01896	0.01625	0.01083	0.01625	0.00921	0.01083	0.00650	0.00487	0.00487	0.00162	0.00758	0.00379	0.00217	0.00758

[dist]
# distance from previous block
# <min> <max>
1	10

[block]
# block no. 6 follows, 48 sequences, length 21
# corresponding to MSA columns:
# 292-312
name=unknown_G
#
# <colnr> <probs for GDERKNQSTAVLIFYWHMCP>
#	G	D	E	R	K	N	Q	S	T	A	V	L	I	F	Y	W	H	M	C	P
0	0.51960	0.01049	0.03714	0.08106	0.07281	0.01142	0.00819	0.03203	0.00985	0.07406	0.00888	0.01067	0.00687	0.00671	0.04040	0.00193	0.05505	0.00355	0.00320	0.00609
1	0.61843	0.00983	0.00917	0.09618	0.03947	0.01135	0.00702	0.04279	0.04309	0.02176	0.00878	0.01030	0.00677	0.00501	0.00364	0.00158	0.00433	0.00335	0.05130	0.00584
2	0.09442	0.00736	0.01088	0.32882	0.01915	0.00877	0.00905	0.01073	0.00861	0.01261	0.00954	0.01496	0.00841	0.03481	0.11543	0.24988	0.04514	0.00455	0.00244	0.00445
3	0.72911	0.01000	0.00863	0.07449	0.01239	0.01157	0.00651	0.04500	0.00963	0.04327	0.00787	0.00919	0.00598	0.00489	0.00347	0.00160	0.00429	0.00307	0.00326	0.00578
4	0.09570	0.01599	0.01398	0.01153	0.01486	0.22269	0.00922	0.37144	0.07509	0.02363	0.01087	0.01151	0.00823	0.00592	0.00543	0.00151	0.05204	0.00412	0.00405	0.04219
5	0.80832	0.01018	0.00799	0.00704	0.01026	0.01176	0.00580	0.05807	0.00961	0.02355	0.00744	0.00856	0.00574	0.00484	0.00329	0.00158	0.00406	0.00288	0.00329	0.00574
6	0.00744	0.00503	0.00586	0.00584	0.00597	0.00508	0.00345	0.00770	0.00786	0.01061	0.05274	0.03275	0.01962	0.71984	0.08567	0.00507	0.00554	0.00739	0.00320	0.00331
7	0.00606	0.00520	0.00520	0.00520	0.00693	0.00433	0.00390	0.00736	0.01170	0.01386	0.05198	0.04938	0.78558	0.01299	0.00606	0.00173	0.00260	0.01083	0.00476	0.00433
8	0.01057	0.00912	0.01100	0.06895	0.01394	0.00719	0.00671	0.01293	0.01061	0.01644	0.00912	0.01087	0.00754	0.00390	0.00390	0.00083	0.00403	0.00316	0.00298	0.78619
9	0.00606	0.00520	0.00520	0.00520	0.00693	0.00433	0.00390	0.00736	0.01170	0.01386	0.05198	0.04938	0.78558	0.01299	0.00606	0.00173	0.00260	0.01083	0.00476	0.00433
10	0.02080	0.00939	0.01343	0.01030	0.01422	0.00853	0.07336	0.04831	0.06388	0.62522	0.04371	0.01776	0.01348	0.00634	0.00527	0.00161	0.00470	0.00539	0.00589	0.00841
11	0.01014	0.02436	0.69966	0.01430	0.02129	0.01142	0.05043	0.01575	0.01117	0.01659	0.06877	0.01307	0.00977	0.00528	0.00502	0.00163	0.00723	0.00431	0.00245	0.00734
12	0.00733	0.00550	0.00825	0.00825	0.00916	0.00641	0.00641	0.00916	0.00825	0.01191	0.01374	0.02016	0.01283	0.03848	0.79934	0.00825	0.01374	0.00550	0.00275	0.00458
13	0.85592	0.00992	0.00754	0.00675	0.00992	0.01151	0.00556	0.01508	0.00873	0.02302	0.00714	0.00834	0.00556	0.00476	0.00318	0.00159	0.00397	0.00278	0.00318	0.00556
14	0.03507	0.01020	0.01191	0.02203	0.01322	0.02223	0.00784	0.26767	0.06301	0.29502	0.08810	0.10804	0.01692	0.00774	0.00534	0.00164	0.00454	0.00638	0.00545	0.00766
15	0.07545	0.09194	0.66867	0.01353	0.02051	0.01259	0.01708	0.01609	0.01064	0.01642	0.00888	0.01042	0.00643	0.00483	0.00461	0.00158	0.00713	0.00363	0.00225	0.00734
16	0.00743	0.00508	0.00615	0.00615	0.00635	0.00528	0.00380	0.00782	0.00763	0.01036	0.01566	0.03076	0.01743	0.65555	0.18857	0.00566	0.00682	0.00705	0.00303	0.00342
17	0.13820	0.01072	0.01362	0.23536	0.12610	0.02650	0.01059	0.15423	0.07440	0.04249	0.01427	0.01684	0.06330	0.00629	0.00519	0.00166	0.02106	0.02886	0.00359	0.00673
18	0.13936	0.01169	0.01854	0.06927	0.63045	0.01205	0.01413	0.01551	0.01116	0.01751	0.00925	0.01210	0.00767	0.00463	0.00480	0.00154	0.00582	0.00430	0.00262	0.00761
19	0.41329	0.04464	0.01134	0.02264	0.07226	0.06032	0.00752	0.04851	0.08585	0.07897	0.01019	0.01099	0.00778	0.00505	0.00395	0.00147	0.00466	0.00356	0.00354	0.10346
20	0.12200	0.01209	0.04127	0.01142	0.05757	0.01260	0.00892	0.42997	0.03193	0.04105	0.01256	0.05807	0.01031	0.00791	0.00668	0.09747	0.00517	0.02155	0.00430	0.00716

[dist]
# distance from previous block
# <min> <max>
0	5

[block]
# block no. 7 follows, 48 sequences, length 19
# corresponding to MSA columns:
# 318-336
name=unknown_H
#
# <colnr> <probs for GDERKNQSTAVLIFYWHMCP>
#	G	D	E	R	K	N	Q	S	T	A	V	L	I	F	Y	W	H	M	C	P
0	0.03859	0.01119	0.01454	0.07570	0.12076	0.05881	0.05379	0.09128	0.01352	0.24338	0.01269	0.01335	0.00910	0.00513	0.00477	0.00137	0.00532	0.00432	0.00403	0.21836
1	0.01034	0.00978	0.01657	0.63963	0.19797	0.01157	0.01457	0.01368	0.01057	0.01390	0.00923	0.01347	0.00712	0.00501	0.00512	0.00167	0.00668	0.00456	0.00234	0.00622
2	0.02727	0.01223	0.03719	0.02297	0.47507	0.07118	0.02921	0.01591	0.02572	0.05708	0.05430	0.01765	0.01221	0.00583	0.00518	0.00155	0.00583	0.06532	0.00317	0.05513
3	0.01214	0.00747	0.00941	0.00749	0.01057	0.00620	0.00592	0.01441	0.01313	0.19690	0.32361	0.02335	0.02519	0.00708	0.00502	0.00129	0.00338	0.00604	0.00485	0.31656
4	0.00726	0.00524	0.00686	0.00646	0.00767	0.00484	0.00484	0.00968	0.01452	0.02058	0.78496	0.03833	0.04841	0.01049	0.00605	0.00161	0.00242	0.00928	0.00565	0.00484
5	0.01000	0.00944	0.01596	0.72622	0.11400	0.01148	0.01441	0.01339	0.01041	0.01349	0.00918	0.01358	0.00697	0.00507	0.00512	0.00169	0.00676	0.00456	0.00231	0.00595
6	0.00625	0.00447	0.00595	0.00714	0.00744	0.00417	0.00476	0.00714	0.00982	0.01310	0.02828	0.81633	0.03394	0.01608	0.00655	0.00208	0.00298	0.01459	0.00476	0.00417
7	0.00631	0.00451	0.00600	0.00711	0.00745	0.00421	0.00477	0.00729	0.01009	0.01352	0.07108	0.77232	0.03476	0.01576	0.00652	0.00206	0.00295	0.01429	0.00481	0.00421
8	0.00735	0.00542	0.00786	0.00786	0.00864	0.00620	0.00593	0.00891	0.00813	0.01162	0.01410	0.02212	0.01368	0.15247	0.68652	0.00777	0.01246	0.00578	0.00280	0.00437
9	0.01853	0.01433	0.01495	0.03088	0.01610	0.04987	0.00969	0.63917	0.10474	0.02983	0.01297	0.01295	0.00934	0.00618	0.00512	0.00156	0.00566	0.00469	0.00496	0.00847
10	0.81240	0.01015	0.00795	0.00701	0.01023	0.01174	0.00578	0.05439	0.00953	0.02351	0.00741	0.00854	0.00572	0.00484	0.00328	0.00159	0.00406	0.00287	0.00328	0.00572
11	0.03667	0.01115	0.01550	0.39275	0.19321	0.06949	0.01248	0.04256	0.01142	0.01548	0.00921	0.01242	0.00726	0.00483	0.00480	0.00147	0.00622	0.00417	0.00262	0.14628
12	0.01763	0.02085	0.01477	0.14451	0.01909	0.58575	0.01061	0.09871	0.01485	0.01474	0.00859	0.01031	0.00687	0.00535	0.00476	0.00141	0.00847	0.00365	0.00285	0.00620
13	0.01060	0.01019	0.01404	0.01217	0.01217	0.01394	0.00988	0.01154	0.00779	0.01195	0.00830	0.01493	0.00871	0.14317	0.01837	0.00270	0.67699	0.00498	0.00239	0.00520
14	0.00935	0.00697	0.00943	0.00884	0.01028	0.00799	0.00697	0.13519	0.01087	0.01529	0.01351	0.01886	0.01215	0.03313	0.66788	0.00714	0.01240	0.00535	0.00314	0.00527
15	0.01526	0.68802	0.02441	0.00884	0.01316	0.01819	0.00857	0.01696	0.01113	0.14104	0.00930	0.00976	0.00760	0.00471	0.00360	0.00118	0.00530	0.00314	0.00288	0.00694
16	0.00697	0.00526	0.00671	0.00716	0.00821	0.00461	0.00496	0.00811	0.01001	0.01372	0.02579	0.66094	0.05116	0.01395	0.00608	0.00185	0.00310	0.01257	0.00448	0.14435
17	0.00722	0.00602	0.00998	0.00954	0.01065	0.00563	0.13127	0.00868	0.01020	0.01365	0.02532	0.68350	0.02961	0.01413	0.00647	0.00203	0.00392	0.01317	0.00440	0.00462
18	0.00778	0.00611	0.00781	0.06803	0.01035	0.00556	0.00558	0.00991	0.01257	0.01754	0.41619	0.09523	0.12925	0.03901	0.00638	0.00165	0.00315	0.00844	0.00468	0.14479

[dist]
# distance from previous block
# <min> <max>
0	36

# created by:
# /st0/software/busco_prod/Augustus/scripts/msa2prfl.pl ./align_prep/186228.fa
