[name]
unknown

[dist]
# distance from previous block
# <min> <max>
0	50

[block]
# block no. 0 follows, 43 sequences, length 35
# corresponding to MSA columns:
# 50-84
name=unknown_A
#
# <colnr> <probs for GDERKNQSTAVLIFYWHMCP>
#	G	D	E	R	K	N	Q	S	T	A	V	L	I	F	Y	W	H	M	C	P
0	0.01121	0.00828	0.01156	0.04298	0.02998	0.00817	0.04006	0.05581	0.04188	0.05610	0.02371	0.04538	0.02407	0.01181	0.00678	0.00217	0.00530	0.47294	0.00478	0.09703
1	0.01829	0.01154	0.01423	0.04349	0.01608	0.01136	0.03183	0.28457	0.01800	0.23212	0.01628	0.05644	0.01253	0.00698	0.00546	0.00159	0.00529	0.03501	0.00520	0.17371
2	0.01239	0.01125	0.01799	0.29032	0.13292	0.01217	0.11176	0.10121	0.03575	0.01863	0.05048	0.04903	0.01266	0.00668	0.00611	0.00178	0.02825	0.03365	0.00345	0.06354
3	0.00980	0.00671	0.00817	0.00766	0.00954	0.00589	0.00547	0.01152	0.03286	0.08213	0.02514	0.34579	0.09062	0.13648	0.00950	0.00233	0.00388	0.01021	0.00461	0.19170
4	0.04054	0.01183	0.01471	0.06779	0.05036	0.01240	0.04552	0.34675	0.01874	0.10113	0.06593	0.09533	0.04658	0.00791	0.00571	0.00172	0.00543	0.00664	0.00500	0.04996
5	0.01576	0.03046	0.01925	0.08013	0.32190	0.22105	0.06327	0.01982	0.09033	0.05347	0.01242	0.01439	0.02167	0.00567	0.00543	0.00164	0.00736	0.00491	0.00328	0.00779
6	0.01007	0.00680	0.00829	0.00838	0.00950	0.00678	0.00589	0.12509	0.01293	0.05514	0.02562	0.53498	0.02898	0.12243	0.00963	0.00256	0.00403	0.01251	0.00505	0.00536
7	0.00791	0.00593	0.00890	0.00890	0.00989	0.00692	0.00692	0.00989	0.00890	0.01286	0.01483	0.02176	0.01385	0.04154	0.78341	0.00890	0.01483	0.00593	0.00297	0.00494
8	0.00675	0.00482	0.00643	0.00771	0.00803	0.00450	0.00514	0.00771	0.01060	0.01414	0.03053	0.80175	0.03663	0.01735	0.00707	0.00225	0.00321	0.01574	0.00514	0.00450
9	0.00784	0.00551	0.00661	0.00700	0.00737	0.00545	0.00443	0.00917	0.04739	0.01347	0.07698	0.32346	0.02850	0.41167	0.01755	0.00376	0.00431	0.01100	0.00434	0.00419
10	0.05245	0.00997	0.01166	0.00967	0.01290	0.01012	0.00778	0.19488	0.08237	0.28140	0.06316	0.06813	0.01718	0.02259	0.00593	0.00180	0.00457	0.03541	0.10010	0.00791
11	0.00791	0.00593	0.00890	0.00890	0.00989	0.00692	0.00692	0.00989	0.00890	0.01286	0.01483	0.02176	0.01385	0.04154	0.78341	0.00890	0.01483	0.00593	0.00297	0.00494
12	0.02069	0.02640	0.01569	0.01427	0.01712	0.78313	0.01070	0.02212	0.01569	0.01355	0.00856	0.00999	0.00713	0.00571	0.00499	0.00143	0.00999	0.00357	0.00285	0.00642
13	0.01815	0.01322	0.01427	0.01127	0.01480	0.01448	0.00903	0.58447	0.02244	0.03027	0.04458	0.03421	0.01329	0.11514	0.00863	0.00217	0.00569	0.00583	0.02986	0.00820
14	0.00787	0.00516	0.00666	0.00740	0.00793	0.00486	0.00495	0.00890	0.01082	0.04485	0.08190	0.56957	0.03356	0.14052	0.01020	0.00265	0.00355	0.01338	0.03069	0.00459
15	0.01301	0.01475	0.03165	0.02276	0.02800	0.01420	0.70212	0.01745	0.01277	0.01745	0.01095	0.01475	0.00833	0.00500	0.00730	0.00190	0.06103	0.00642	0.00278	0.00738
16	0.04273	0.00966	0.01190	0.00955	0.01303	0.00931	0.00760	0.10139	0.09141	0.46858	0.01989	0.02056	0.01424	0.11344	0.00847	0.00220	0.00482	0.00582	0.03708	0.00829
17	0.00964	0.00658	0.00779	0.00762	0.00883	0.00644	0.00536	0.09559	0.01290	0.04867	0.11633	0.30952	0.11539	0.19325	0.01143	0.00274	0.00397	0.01095	0.02186	0.00514
18	0.68930	0.01083	0.00926	0.00794	0.01154	0.01216	0.00655	0.06184	0.01125	0.12220	0.00987	0.01053	0.00720	0.00545	0.00383	0.00171	0.00445	0.00345	0.00400	0.00665
19	0.00962	0.00481	0.00722	0.00722	0.00722	0.00481	0.00481	0.00722	0.00722	0.00962	0.00962	0.01684	0.00962	0.01924	0.02165	0.83886	0.00481	0.00481	0.00241	0.00241
20	0.01618	0.00987	0.01145	0.00987	0.01285	0.01028	0.00769	0.06559	0.31733	0.25120	0.03428	0.04742	0.04873	0.10194	0.00841	0.00225	0.00459	0.02645	0.00569	0.00792
21	0.00724	0.00555	0.00662	0.00675	0.00801	0.00502	0.00489	0.00923	0.02754	0.01750	0.31048	0.23462	0.29234	0.02995	0.00710	0.00199	0.00292	0.01191	0.00547	0.00489
22	0.05339	0.01154	0.01363	0.01059	0.01465	0.01161	0.00871	0.31054	0.01946	0.39251	0.05531	0.01748	0.01368	0.00692	0.00547	0.00168	0.00506	0.00545	0.03336	0.00894
23	0.00694	0.00489	0.00633	0.00745	0.00787	0.00457	0.00498	0.00795	0.01063	0.01430	0.03056	0.70815	0.06556	0.04833	0.00776	0.00232	0.00326	0.01484	0.03884	0.00449
24	0.01029	0.00655	0.00787	0.00765	0.00874	0.00647	0.00526	0.06642	0.03451	0.08417	0.02431	0.26351	0.08211	0.29519	0.03584	0.03691	0.00471	0.00996	0.00454	0.00499
25	0.01181	0.01052	0.01552	0.49128	0.08765	0.02845	0.01327	0.10840	0.01349	0.01750	0.03771	0.04508	0.05201	0.00707	0.00574	0.00184	0.00659	0.03615	0.00334	0.00658
26	0.00728	0.00571	0.00648	0.00666	0.00808	0.00512	0.00484	0.03267	0.01293	0.01647	0.15490	0.26906	0.42125	0.01435	0.00666	0.00195	0.00300	0.01240	0.00530	0.00486
27	0.00693	0.00495	0.00653	0.00755	0.00798	0.00462	0.00508	0.00806	0.01112	0.01499	0.12019	0.67762	0.03787	0.04864	0.00786	0.00231	0.00323	0.01473	0.00519	0.00454
28	0.07739	0.01313	0.01308	0.02571	0.01456	0.10484	0.00865	0.30504	0.01751	0.07333	0.02768	0.04709	0.03674	0.01053	0.07558	0.03577	0.00660	0.00534	0.00447	0.09696
29	0.05152	0.09241	0.01573	0.02883	0.01577	0.23461	0.00959	0.30652	0.06269	0.02365	0.01217	0.01301	0.00932	0.00614	0.00494	0.00153	0.00667	0.00440	0.09285	0.00764
30	0.00798	0.00563	0.00677	0.00705	0.00760	0.00551	0.00461	0.03799	0.01067	0.01425	0.08798	0.31324	0.07766	0.34678	0.03834	0.00366	0.00449	0.01106	0.00443	0.00430
31	0.01132	0.00685	0.00843	0.00779	0.00965	0.00640	0.00583	0.07016	0.01432	0.14875	0.23323	0.21737	0.16595	0.05867	0.00769	0.00209	0.00359	0.01040	0.00562	0.00590
32	0.01808	0.01323	0.05234	0.01131	0.01536	0.01302	0.00954	0.39191	0.06490	0.14542	0.03281	0.06118	0.02753	0.02168	0.00617	0.00173	0.01956	0.00586	0.00528	0.08310
33	0.01490	0.01308	0.01295	0.01118	0.01465	0.08143	0.00874	0.07525	0.52177	0.04463	0.01894	0.01792	0.01426	0.00681	0.00536	0.00168	0.00497	0.00551	0.00510	0.12086
34	0.01511	0.04563	0.01857	0.03589	0.37986	0.11303	0.02338	0.06506	0.02913	0.07178	0.07107	0.01656	0.01284	0.03821	0.00688	0.00180	0.03854	0.00530	0.00354	0.00782

[dist]
# distance from previous block
# <min> <max>
1	4

[block]
# block no. 1 follows, 43 sequences, length 50
# corresponding to MSA columns:
# 89-138
name=unknown_B
#
# <colnr> <probs for GDERKNQSTAVLIFYWHMCP>
#	G	D	E	R	K	N	Q	S	T	A	V	L	I	F	Y	W	H	M	C	P
0	0.00895	0.00676	0.00773	0.00734	0.00888	0.02264	0.00547	0.02874	0.03256	0.05059	0.30265	0.12089	0.27181	0.06329	0.00826	0.00209	0.03044	0.01030	0.00533	0.00528
1	0.06246	0.02857	0.01493	0.08077	0.01736	0.28347	0.02077	0.03974	0.18532	0.05486	0.01342	0.01459	0.02524	0.00690	0.00718	0.00177	0.12705	0.00480	0.00373	0.00707
2	0.59727	0.01173	0.02146	0.04031	0.01328	0.01308	0.00748	0.15312	0.02534	0.02595	0.02421	0.01096	0.00785	0.00558	0.00405	0.00169	0.00477	0.00366	0.00385	0.02436
3	0.05977	0.01020	0.01249	0.01005	0.01394	0.00994	0.00816	0.06204	0.18538	0.50281	0.03272	0.01970	0.03274	0.00715	0.00552	0.00175	0.00461	0.00579	0.00630	0.00894
4	0.00793	0.00585	0.00850	0.00850	0.00935	0.00670	0.00642	0.00963	0.00878	0.01256	0.01520	0.02380	0.01473	0.14913	0.67703	0.00840	0.01350	0.00623	0.00302	0.00472
5	0.02282	0.05781	0.01437	0.01044	0.01461	0.04185	0.00865	0.13858	0.03781	0.54699	0.03552	0.01759	0.01332	0.00677	0.00545	0.00167	0.00516	0.00536	0.00618	0.00906
6	0.01825	0.01211	0.01358	0.01075	0.01421	0.01288	0.00861	0.46101	0.02103	0.13462	0.11380	0.02059	0.01695	0.10589	0.00847	0.00214	0.00535	0.00611	0.00553	0.00812
7	0.02270	0.00963	0.01269	0.00994	0.01393	0.00880	0.00815	0.07101	0.05139	0.63117	0.05174	0.01963	0.01518	0.00846	0.03714	0.00201	0.00511	0.00576	0.00653	0.00904
8	0.84448	0.01071	0.00814	0.00728	0.01071	0.01242	0.00600	0.01628	0.00943	0.02485	0.00771	0.00900	0.00600	0.00514	0.00343	0.00171	0.00428	0.00300	0.00343	0.00600
9	0.04175	0.30919	0.23145	0.01227	0.03750	0.07000	0.01229	0.01803	0.10011	0.01601	0.01101	0.01290	0.00908	0.02464	0.06990	0.00220	0.00735	0.00412	0.00290	0.00731
10	0.00679	0.00490	0.00643	0.00757	0.00802	0.00454	0.00510	0.00785	0.01094	0.01456	0.06627	0.72900	0.07374	0.01690	0.00702	0.00221	0.00316	0.01528	0.00519	0.00454
11	0.00682	0.00562	0.00600	0.00590	0.00765	0.00479	0.00443	0.00849	0.01328	0.01652	0.20928	0.05073	0.61442	0.01344	0.00654	0.00184	0.00276	0.01133	0.00535	0.00479
12	0.01275	0.00782	0.00840	0.00744	0.00942	0.00832	0.00578	0.18881	0.03293	0.02294	0.01643	0.01905	0.01298	0.02332	0.04949	0.04352	0.00431	0.00522	0.51497	0.00608
13	0.00747	0.00518	0.00635	0.00681	0.00721	0.00494	0.00437	0.00812	0.01013	0.01350	0.10019	0.34009	0.08480	0.32383	0.01580	0.03730	0.00403	0.01143	0.00443	0.00405
14	0.00688	0.00495	0.00647	0.00763	0.00807	0.00462	0.00518	0.00790	0.01070	0.01415	0.03137	0.69825	0.07648	0.04870	0.00791	0.00237	0.00336	0.04546	0.00507	0.00449
15	0.01307	0.01494	0.03268	0.02334	0.02894	0.01401	0.75070	0.01774	0.01307	0.01774	0.01120	0.01494	0.00840	0.00467	0.00654	0.00187	0.00934	0.00654	0.00280	0.00747
16	0.04124	0.00903	0.01018	0.01002	0.04758	0.00972	0.00730	0.02084	0.33454	0.08416	0.05242	0.07812	0.04431	0.00825	0.00534	0.00174	0.00389	0.02279	0.20129	0.00721
17	0.04922	0.00742	0.00918	0.00789	0.01046	0.00686	0.00619	0.03577	0.01413	0.32015	0.14821	0.08638	0.07016	0.00904	0.00587	0.02204	0.00371	0.00729	0.17316	0.00686
18	0.04663	0.01024	0.01343	0.01032	0.01455	0.00944	0.02461	0.11665	0.01678	0.62582	0.02006	0.01784	0.01285	0.00672	0.00548	0.00170	0.00492	0.00544	0.02733	0.00918
19	0.00776	0.00542	0.00616	0.00615	0.00659	0.00522	0.00377	0.00832	0.00975	0.01289	0.11644	0.06589	0.13261	0.56555	0.02165	0.00431	0.00458	0.00909	0.00401	0.00382
20	0.00677	0.00487	0.00643	0.00763	0.00802	0.00452	0.00512	0.00780	0.01081	0.01440	0.05302	0.75839	0.05752	0.01708	0.00704	0.00222	0.00318	0.01546	0.00517	0.00452
21	0.01111	0.02865	0.77667	0.01579	0.02397	0.01286	0.02046	0.01754	0.01169	0.01754	0.00994	0.01169	0.00702	0.00526	0.00526	0.00175	0.00818	0.00409	0.00234	0.00818
22	0.00960	0.00714	0.00862	0.00791	0.00972	0.00714	0.00603	0.03094	0.15495	0.04073	0.56021	0.03688	0.07724	0.01052	0.00632	0.00177	0.00308	0.00917	0.00597	0.00606
23	0.03565	0.00560	0.00639	0.00656	0.00795	0.00505	0.00478	0.00886	0.01285	0.01708	0.24278	0.23406	0.36508	0.01381	0.00656	0.00192	0.00290	0.01194	0.00534	0.00483
24	0.01212	0.01212	0.01696	0.01454	0.01454	0.01696	0.01212	0.01333	0.00848	0.01333	0.00727	0.01212	0.00727	0.00969	0.01818	0.00242	0.79523	0.00485	0.00242	0.00606
25	0.56237	0.01080	0.01009	0.00842	0.01215	0.01174	0.00694	0.08328	0.01252	0.21806	0.01183	0.01190	0.00827	0.00571	0.00416	0.00171	0.00455	0.00383	0.00449	0.00718
26	0.02485	0.00943	0.01285	0.00985	0.01414	0.00814	0.00814	0.02699	0.01585	0.77465	0.02185	0.01885	0.01371	0.00685	0.00557	0.00171	0.00471	0.00557	0.00685	0.00943
27	0.00741	0.00556	0.00639	0.00649	0.00797	0.00486	0.00475	0.00901	0.01295	0.03882	0.20555	0.21244	0.43007	0.01394	0.00663	0.00192	0.00291	0.01202	0.00540	0.00490
28	0.84448	0.01071	0.00814	0.00728	0.01071	0.01242	0.00600	0.01628	0.00943	0.02485	0.00771	0.00900	0.00600	0.00514	0.00343	0.00171	0.00428	0.00300	0.00343	0.00600
29	0.00701	0.00564	0.00702	0.08044	0.01062	0.00531	0.00569	0.00842	0.01154	0.01450	0.03983	0.39884	0.35563	0.01478	0.00670	0.00204	0.00343	0.01295	0.00489	0.00473
30	0.00834	0.00620	0.00784	0.00741	0.00884	0.00599	0.00555	0.01210	0.08539	0.02190	0.66125	0.07722	0.04816	0.01126	0.00647	0.00178	0.00281	0.00995	0.00601	0.00552
31	0.08991	0.01014	0.01153	0.00851	0.01304	0.00851	0.00685	0.02754	0.01141	0.01876	0.00958	0.01131	0.00797	0.00452	0.00476	0.00100	0.04309	0.00336	0.00329	0.70491
32	0.01914	0.01495	0.01552	0.01241	0.01645	0.04286	0.01007	0.53810	0.21770	0.03110	0.01555	0.01511	0.01130	0.00684	0.00555	0.00171	0.00578	0.00527	0.00547	0.00914
33	0.64131	0.01259	0.08127	0.00866	0.01267	0.01240	0.00784	0.06509	0.01128	0.09021	0.00952	0.01039	0.00699	0.00540	0.00392	0.00171	0.00481	0.00345	0.00376	0.00672
34	0.01046	0.00706	0.00920	0.08102	0.01218	0.00650	0.00644	0.01269	0.01346	0.10376	0.34655	0.05121	0.08581	0.09404	0.00828	0.00202	0.00385	0.00807	0.00503	0.13238
35	0.00755	0.00550	0.00762	0.08119	0.01083	0.00547	0.00610	0.00885	0.01116	0.01502	0.14018	0.50213	0.03378	0.06458	0.00890	0.04392	0.00378	0.03403	0.00479	0.00461
36	0.00895	0.00650	0.00793	0.00793	0.00889	0.00646	0.00550	0.08565	0.01221	0.01660	0.11027	0.41022	0.03015	0.19337	0.01174	0.00278	0.01991	0.01150	0.00476	0.03870
37	0.04432	0.00975	0.01171	0.00876	0.01326	0.00806	0.00709	0.03486	0.03096	0.25828	0.01583	0.01569	0.04092	0.00555	0.00471	0.00122	0.00430	0.00445	0.00460	0.47570
38	0.00851	0.00602	0.00737	0.00779	0.00846	0.00598	0.00528	0.07788	0.01156	0.01546	0.04300	0.49324	0.03005	0.22048	0.01240	0.00300	0.00407	0.03001	0.00474	0.00470
39	0.00956	0.00687	0.00907	0.00986	0.01121	0.00695	0.00820	0.08017	0.01350	0.01773	0.02810	0.22889	0.03087	0.01496	0.00732	0.00240	0.00476	0.49906	0.00515	0.00537
40	0.01418	0.01442	0.03082	0.02208	0.02755	0.01345	0.68097	0.01861	0.01333	0.08882	0.01220	0.01531	0.00890	0.00487	0.00645	0.00185	0.00890	0.00645	0.00318	0.00765
41	0.01069	0.00582	0.00810	0.00773	0.00815	0.00597	0.00535	0.07718	0.00898	0.01199	0.00997	0.01650	0.00960	0.01806	0.02013	0.76025	0.00493	0.00483	0.00270	0.00306
42	0.44251	0.01007	0.00953	0.00843	0.01145	0.01110	0.00686	0.13018	0.01300	0.08370	0.01391	0.05435	0.01211	0.03489	0.00538	0.00190	0.00454	0.07304	0.06656	0.00649
43	0.84448	0.01071	0.00814	0.00728	0.01071	0.01242	0.00600	0.01628	0.00943	0.02485	0.00771	0.00900	0.00600	0.00514	0.00343	0.00171	0.00428	0.00300	0.00343	0.00600
44	0.01046	0.00984	0.01661	0.79205	0.03814	0.01230	0.01538	0.01415	0.01107	0.01415	0.00984	0.01477	0.00738	0.00554	0.00554	0.00185	0.00738	0.00492	0.00246	0.00615
45	0.01453	0.01189	0.01351	0.01323	0.08533	0.01331	0.00946	0.08108	0.56729	0.05828	0.04023	0.02056	0.03146	0.00740	0.00565	0.00183	0.00466	0.00621	0.00541	0.00867
46	0.01210	0.08655	0.01757	0.01373	0.01419	0.01681	0.01152	0.01335	0.00885	0.01334	0.00847	0.05106	0.00871	0.00961	0.01625	0.00230	0.68174	0.00521	0.00255	0.00608
47	0.00934	0.00634	0.00715	0.00676	0.00731	0.00651	0.00423	0.07828	0.01025	0.01395	0.05210	0.03339	0.02025	0.64434	0.04515	0.00481	0.00547	0.00770	0.03257	0.00412
48	0.00708	0.00519	0.00655	0.00712	0.00792	0.00477	0.00494	0.00851	0.01216	0.01630	0.23563	0.44556	0.14750	0.05438	0.00789	0.00221	0.00310	0.01320	0.00531	0.00467
49	0.00711	0.00502	0.00637	0.00722	0.00757	0.00475	0.00471	0.00796	0.01037	0.01386	0.07246	0.55809	0.05418	0.19924	0.01191	0.00293	0.00366	0.01351	0.00479	0.00428

[dist]
# distance from previous block
# <min> <max>
8	15

[block]
# block no. 2 follows, 43 sequences, length 7
# corresponding to MSA columns:
# 157-163
name=unknown_C
#
# <colnr> <probs for GDERKNQSTAVLIFYWHMCP>
#	G	D	E	R	K	N	Q	S	T	A	V	L	I	F	Y	W	H	M	C	P
0	0.01263	0.01377	0.02804	0.14076	0.08018	0.01397	0.51806	0.01672	0.01230	0.01680	0.01057	0.01456	0.00817	0.00529	0.00741	0.00190	0.08291	0.00602	0.00271	0.00723
1	0.04439	0.27003	0.37219	0.04694	0.02036	0.03619	0.03416	0.08434	0.01290	0.01774	0.00945	0.01103	0.00728	0.00523	0.00472	0.00156	0.00718	0.00387	0.00271	0.00773
2	0.01302	0.01089	0.01273	0.01123	0.01341	0.06965	0.06385	0.23934	0.01583	0.02069	0.02072	0.36472	0.02205	0.03594	0.00750	0.00209	0.03652	0.02864	0.00475	0.00643
3	0.01246	0.01269	0.12857	0.00949	0.01486	0.00828	0.00881	0.01550	0.01185	0.07623	0.01078	0.01208	0.00845	0.00449	0.00439	0.00103	0.00477	0.00358	0.00341	0.64828
4	0.01773	0.01219	0.01463	0.13052	0.01849	0.01312	0.00999	0.40797	0.01915	0.11233	0.01303	0.01446	0.00953	0.00787	0.00743	0.10547	0.00582	0.00489	0.00466	0.07071
5	0.00948	0.00708	0.00837	0.00788	0.00964	0.00690	0.00605	0.12298	0.01564	0.02096	0.33435	0.15133	0.20351	0.01236	0.00654	0.00189	0.00345	0.06037	0.00559	0.00563
6	0.01060	0.00740	0.00843	0.00800	0.00921	0.00782	0.00563	0.06172	0.14403	0.04145	0.01962	0.06552	0.01968	0.41686	0.05089	0.00398	0.00537	0.06234	0.04618	0.00526

[dist]
# distance from previous block
# <min> <max>
0	2

[block]
# block no. 3 follows, 43 sequences, length 16
# corresponding to MSA columns:
# 166-181
name=unknown_D
#
# <colnr> <probs for GDERKNQSTAVLIFYWHMCP>
#	G	D	E	R	K	N	Q	S	T	A	V	L	I	F	Y	W	H	M	C	P
0	0.00762	0.00519	0.00617	0.00660	0.00670	0.00508	0.00395	0.00794	0.00890	0.01187	0.02180	0.29068	0.02562	0.54345	0.02117	0.00433	0.00465	0.01061	0.00395	0.00374
1	0.00957	0.00822	0.01338	0.01137	0.01354	0.00791	0.17396	0.04405	0.03766	0.01814	0.20698	0.21904	0.06869	0.06971	0.00828	0.00224	0.00491	0.07195	0.00475	0.00568
2	0.03462	0.01949	0.02206	0.01925	0.02380	0.01665	0.01392	0.07197	0.02427	0.52524	0.08376	0.03816	0.02836	0.01629	0.01163	0.00431	0.00950	0.01021	0.01074	0.01576
3	0.00897	0.00481	0.00704	0.00733	0.00740	0.00474	0.00488	0.00733	0.00798	0.01064	0.01434	0.19402	0.01572	0.01881	0.01835	0.65001	0.00445	0.00728	0.00302	0.00288
4	0.01626	0.01165	0.01233	0.01018	0.01340	0.01288	0.00817	0.37174	0.18766	0.02806	0.01679	0.01712	0.01251	0.00679	0.00507	0.00160	0.00468	0.00533	0.24978	0.00802
5	0.00888	0.00661	0.00794	0.00760	0.00959	0.00575	0.00569	0.01085	0.02755	0.03826	0.05643	0.27957	0.17278	0.04180	0.00693	0.00192	0.00362	0.07916	0.03583	0.19326
6	0.12949	0.01643	0.18575	0.01205	0.01685	0.01388	0.01158	0.31208	0.10259	0.07196	0.01511	0.01645	0.03100	0.00677	0.00531	0.00176	0.00591	0.03213	0.00459	0.00831
7	0.19937	0.05473	0.57431	0.01362	0.02060	0.01311	0.01677	0.01722	0.01116	0.01902	0.00935	0.01098	0.00679	0.00521	0.00478	0.00172	0.00722	0.00380	0.00259	0.00765
8	0.00752	0.00571	0.00696	0.00682	0.00830	0.00515	0.00523	0.00974	0.01444	0.01939	0.47509	0.04705	0.27947	0.01254	0.00664	0.00185	0.00289	0.07446	0.00570	0.00504
9	0.00849	0.18690	0.01100	0.00656	0.00905	0.00860	0.00546	0.01004	0.01249	0.01495	0.08667	0.04258	0.55492	0.01177	0.00587	0.00171	0.00350	0.00962	0.00457	0.00526
10	0.01046	0.00984	0.01661	0.79205	0.03814	0.01230	0.01538	0.01415	0.01107	0.01415	0.00984	0.01477	0.00738	0.00554	0.00554	0.00185	0.00738	0.00492	0.00246	0.00615
11	0.00924	0.00728	0.00972	0.00944	0.01091	0.00847	0.00734	0.01430	0.17863	0.01518	0.01657	0.02151	0.01454	0.03386	0.60784	0.00732	0.01248	0.00601	0.00357	0.00581
12	0.01390	0.01108	0.01365	0.18651	0.01931	0.01146	0.00959	0.25365	0.02960	0.02195	0.01287	0.06315	0.01097	0.04786	0.00672	0.01943	0.00552	0.00531	0.00397	0.25349
13	0.01296	0.19232	0.01891	0.01283	0.01407	0.06153	0.01087	0.01423	0.00950	0.01311	0.00810	0.01282	0.00806	0.05974	0.01476	0.00228	0.52073	0.00455	0.00250	0.00614
14	0.00779	0.00589	0.00862	0.00883	0.00963	0.00672	0.00670	0.00952	0.00927	0.01316	0.01812	0.19750	0.01876	0.03499	0.58194	0.00718	0.03896	0.00811	0.00344	0.00488
15	0.02112	0.01390	0.18525	0.01127	0.01637	0.00952	0.01096	0.02499	0.05692	0.56137	0.01920	0.01734	0.01238	0.00653	0.00550	0.00173	0.00548	0.00528	0.00577	0.00911

[dist]
# distance from previous block
# <min> <max>
0	1

[block]
# block no. 4 follows, 43 sequences, length 14
# corresponding to MSA columns:
# 183-196
name=unknown_E
#
# <colnr> <probs for GDERKNQSTAVLIFYWHMCP>
#	G	D	E	R	K	N	Q	S	T	A	V	L	I	F	Y	W	H	M	C	P
0	0.00876	0.00628	0.00772	0.00820	0.00903	0.00625	0.00566	0.10538	0.01237	0.01651	0.02693	0.62017	0.03138	0.09645	0.00903	0.00249	0.00381	0.01355	0.00501	0.00503
1	0.05649	0.01741	0.01423	0.01222	0.01561	0.27562	0.00956	0.22327	0.21437	0.04793	0.01600	0.01583	0.04347	0.00681	0.00533	0.00165	0.00670	0.00506	0.00458	0.00786
2	0.06185	0.00686	0.00708	0.00688	0.00857	0.00720	0.00518	0.04741	0.11424	0.02061	0.02163	0.14119	0.05475	0.00858	0.00478	0.00159	0.00320	0.00712	0.46552	0.00577
3	0.00846	0.00704	0.00978	0.00901	0.01074	0.00666	0.08533	0.04056	0.04805	0.01637	0.07653	0.30794	0.26455	0.05920	0.00792	0.00220	0.00404	0.02547	0.00488	0.00526
4	0.68204	0.01161	0.03427	0.03381	0.09853	0.01255	0.02424	0.01637	0.00998	0.02339	0.00823	0.00991	0.00644	0.00512	0.00385	0.00171	0.00487	0.00339	0.00327	0.00642
5	0.03160	0.01184	0.01168	0.06056	0.02696	0.11740	0.00819	0.13179	0.10705	0.03299	0.10208	0.06062	0.14093	0.00858	0.00563	0.00166	0.00512	0.02013	0.01900	0.09619
6	0.04002	0.00806	0.00931	0.00964	0.09087	0.00803	0.00651	0.10618	0.01344	0.02199	0.01532	0.01750	0.01203	0.00599	0.00427	0.00133	0.00369	0.00482	0.51572	0.10527
7	0.01126	0.00960	0.01124	0.00818	0.01288	0.00725	0.00649	0.01365	0.01144	0.01786	0.01083	0.04923	0.00956	0.00473	0.00424	0.00089	0.00406	0.00388	0.00337	0.79935
8	0.02928	0.01179	0.01316	0.01105	0.01386	0.04074	0.00882	0.30758	0.09700	0.05332	0.01432	0.01707	0.01159	0.04883	0.19367	0.02800	0.05748	0.00535	0.00441	0.03268
9	0.00900	0.00487	0.00697	0.00717	0.00728	0.00479	0.00475	0.00736	0.00795	0.01054	0.01477	0.13587	0.04017	0.06437	0.01934	0.63759	0.00454	0.00686	0.00296	0.00285
10	0.00756	0.00567	0.00689	0.00747	0.00851	0.00529	0.00535	0.04362	0.01234	0.01605	0.09025	0.47673	0.22707	0.01543	0.00685	0.00210	0.00329	0.04941	0.00523	0.00486
11	0.10314	0.01197	0.01193	0.01067	0.01381	0.03453	0.00834	0.05790	0.58524	0.02313	0.02206	0.02065	0.05774	0.00754	0.00543	0.00184	0.00451	0.00609	0.00529	0.00820
12	0.00879	0.00718	0.01173	0.01059	0.01194	0.00810	0.08692	0.01074	0.00922	0.01318	0.01387	0.02078	0.01292	0.06265	0.59382	0.04593	0.05767	0.00596	0.00291	0.00510
13	0.00729	0.00549	0.00693	0.00750	0.00853	0.00486	0.00520	0.00854	0.01116	0.01503	0.06623	0.59851	0.11461	0.01528	0.00667	0.00203	0.00324	0.01369	0.00499	0.09425

[dist]
# distance from previous block
# <min> <max>
0	6

[block]
# block no. 5 follows, 43 sequences, length 14
# corresponding to MSA columns:
# 203-216
name=unknown_F
#
# <colnr> <probs for GDERKNQSTAVLIFYWHMCP>
#	G	D	E	R	K	N	Q	S	T	A	V	L	I	F	Y	W	H	M	C	P
0	0.01063	0.01002	0.01692	0.75259	0.07628	0.01235	0.01546	0.01430	0.01115	0.01436	0.00987	0.01471	0.00746	0.00551	0.00553	0.00184	0.00734	0.00492	0.00248	0.00629
1	0.00791	0.00593	0.00890	0.00890	0.00989	0.00692	0.00692	0.00989	0.00890	0.01286	0.01483	0.02176	0.01385	0.04154	0.78341	0.00890	0.01483	0.00593	0.00297	0.00494
2	0.01414	0.01266	0.01269	0.01143	0.01454	0.05417	0.00887	0.02905	0.72169	0.02266	0.02181	0.02010	0.01639	0.00742	0.00560	0.00185	0.00468	0.00612	0.00549	0.00864
3	0.16271	0.00943	0.01150	0.00939	0.01311	0.00897	0.00765	0.02364	0.06440	0.52513	0.02025	0.06761	0.01459	0.00752	0.00536	0.00178	0.00454	0.02804	0.00603	0.00835
4	0.00805	0.00537	0.00604	0.00604	0.00604	0.00537	0.00336	0.00805	0.00805	0.01074	0.01745	0.03624	0.02013	0.80536	0.02819	0.00537	0.00537	0.00805	0.00336	0.00336
5	0.00662	0.00561	0.00571	0.00569	0.00753	0.00471	0.00426	0.00809	0.01279	0.01537	0.09604	0.05263	0.72838	0.01387	0.00654	0.00186	0.00279	0.01159	0.00520	0.00471
6	0.00893	0.00634	0.00802	0.00757	0.00935	0.00561	0.00572	0.01100	0.01337	0.05151	0.34207	0.17830	0.09049	0.04104	0.00713	0.00191	0.00337	0.07531	0.00528	0.12767
7	0.00672	0.00494	0.00630	0.00738	0.00795	0.00453	0.00500	0.00775	0.01092	0.01427	0.03452	0.68473	0.15107	0.01683	0.00699	0.00219	0.00315	0.01511	0.00514	0.00453
8	0.00792	0.00590	0.00873	0.00873	0.00966	0.00683	0.00671	0.00978	0.00885	0.01273	0.01499	0.02263	0.01422	0.08746	0.73801	0.00869	0.01427	0.00606	0.00299	0.00485
9	0.01148	0.00984	0.01148	0.00820	0.01312	0.00738	0.00656	0.01395	0.01148	0.01805	0.00984	0.01148	0.00820	0.00410	0.00410	0.00082	0.00410	0.00328	0.00328	0.83922
10	0.00864	0.00702	0.00789	0.00764	0.00955	0.00684	0.00580	0.01328	0.16767	0.01826	0.19023	0.12938	0.31471	0.01221	0.00638	0.00189	0.00330	0.04763	0.00537	0.03631
11	0.84448	0.01071	0.00814	0.00728	0.01071	0.01242	0.00600	0.01628	0.00943	0.02485	0.00771	0.00900	0.00600	0.00514	0.00343	0.00171	0.00428	0.00300	0.00343	0.00600
12	0.00786	0.00555	0.00702	0.00711	0.00828	0.00508	0.00519	0.00974	0.01349	0.03910	0.38709	0.24289	0.15860	0.04167	0.00746	0.00205	0.00305	0.03819	0.00558	0.00499
13	0.23327	0.00810	0.00898	0.00794	0.01039	0.00812	0.00606	0.01658	0.03099	0.23921	0.12637	0.11236	0.02100	0.13656	0.00895	0.00237	0.00422	0.00712	0.00505	0.00636

[dist]
# distance from previous block
# <min> <max>
0	1

[block]
# block no. 6 follows, 43 sequences, length 21
# corresponding to MSA columns:
# 218-238
name=unknown_G
#
# <colnr> <probs for GDERKNQSTAVLIFYWHMCP>
#	G	D	E	R	K	N	Q	S	T	A	V	L	I	F	Y	W	H	M	C	P
0	0.80990	0.01091	0.00850	0.00751	0.01098	0.01262	0.00619	0.04719	0.01012	0.02527	0.00795	0.00918	0.00614	0.00520	0.00352	0.00171	0.00436	0.00308	0.00352	0.00614
1	0.01111	0.02865	0.77667	0.01579	0.02397	0.01286	0.02046	0.01754	0.01169	0.01754	0.00994	0.01169	0.00702	0.00526	0.00526	0.00175	0.00818	0.00409	0.00234	0.00818
2	0.00850	0.00626	0.00830	0.00933	0.01061	0.00617	0.00781	0.01116	0.03936	0.01627	0.03247	0.16569	0.12060	0.01516	0.00736	0.00240	0.00453	0.51781	0.00513	0.00509
3	0.00888	0.00481	0.00701	0.00734	0.00743	0.00473	0.00490	0.00734	0.00809	0.01078	0.01499	0.21860	0.01656	0.01875	0.01790	0.62380	0.00440	0.00762	0.00311	0.00294
4	0.00909	0.00627	0.00765	0.00807	0.00931	0.00609	0.00574	0.01225	0.11518	0.07445	0.03239	0.52631	0.13637	0.01470	0.00668	0.00210	0.00343	0.01307	0.00534	0.00550
5	0.00868	0.00623	0.00862	0.00985	0.01108	0.00617	0.00848	0.01107	0.01258	0.01633	0.03032	0.11878	0.05711	0.01541	0.00757	0.00250	0.00488	0.65420	0.00510	0.00504
6	0.00889	0.00748	0.00933	0.00922	0.01032	0.06632	0.00710	0.01077	0.00939	0.01284	0.01444	0.02131	0.01353	0.06291	0.69995	0.00822	0.01416	0.00582	0.00297	0.00501
7	0.01277	0.03062	0.06242	0.02362	0.15043	0.01344	0.53954	0.01702	0.01276	0.01749	0.01204	0.05887	0.00997	0.00546	0.00627	0.00183	0.00841	0.00661	0.00289	0.00754
8	0.05565	0.01026	0.01316	0.01013	0.01440	0.00947	0.00837	0.11986	0.01692	0.65090	0.02021	0.01776	0.01286	0.00676	0.00548	0.00171	0.00487	0.00540	0.00655	0.00929
9	0.00683	0.00492	0.00634	0.00743	0.00784	0.00458	0.00494	0.00776	0.01056	0.01394	0.03138	0.68868	0.08861	0.07746	0.00865	0.00246	0.00335	0.01486	0.00500	0.00442
10	0.01210	0.05498	0.01254	0.00841	0.01325	0.00841	0.00684	0.01491	0.03404	0.03812	0.01042	0.01181	0.00855	0.00431	0.00416	0.00090	0.00423	0.00341	0.00340	0.74522
11	0.00822	0.00601	0.00745	0.00726	0.00762	0.00649	0.00485	0.00891	0.00886	0.01209	0.04957	0.03284	0.06621	0.51115	0.17594	0.00549	0.06585	0.00770	0.00343	0.00403
12	0.00791	0.00586	0.00682	0.00671	0.00844	0.00517	0.00521	0.00985	0.01370	0.04637	0.27035	0.04937	0.43546	0.01307	0.00663	0.00190	0.00308	0.09353	0.00550	0.00507
13	0.01324	0.01259	0.02128	0.03194	0.71059	0.01256	0.01618	0.01643	0.01262	0.01791	0.01293	0.01722	0.03847	0.00571	0.00561	0.00169	0.00638	0.03527	0.00293	0.00847
14	0.01258	0.06363	0.30671	0.07505	0.36603	0.01351	0.01743	0.01751	0.04335	0.01755	0.01055	0.01304	0.00826	0.00519	0.00530	0.00168	0.00711	0.00456	0.00267	0.00828
15	0.02909	0.01302	0.03399	0.29045	0.29804	0.07333	0.02605	0.01785	0.11093	0.01708	0.01267	0.01549	0.02653	0.00576	0.00548	0.00174	0.00678	0.00512	0.00310	0.00750
16	0.05776	0.09948	0.01713	0.01450	0.05936	0.54958	0.01076	0.07165	0.01527	0.01577	0.00883	0.01035	0.00734	0.00575	0.00531	0.00148	0.03618	0.00370	0.00300	0.00680
17	0.00677	0.00492	0.00633	0.00745	0.00791	0.00455	0.00499	0.00775	0.01071	0.01410	0.03255	0.70241	0.10706	0.04455	0.00776	0.00232	0.00325	0.01508	0.00508	0.00448
18	0.00808	0.00606	0.00872	0.00864	0.00943	0.00702	0.00653	0.00971	0.00875	0.01253	0.01499	0.02376	0.01463	0.16360	0.63501	0.00811	0.04046	0.00624	0.00301	0.00473
19	0.03560	0.01196	0.08270	0.03405	0.01590	0.00991	0.00963	0.12569	0.01648	0.51686	0.04134	0.01756	0.01316	0.00665	0.00548	0.00168	0.00521	0.00534	0.00592	0.03890
20	0.18277	0.31549	0.01967	0.01217	0.06105	0.23968	0.00967	0.07208	0.01334	0.01746	0.00853	0.00985	0.00716	0.00525	0.00421	0.00142	0.00683	0.00341	0.00298	0.00696

[dist]
# distance from previous block
# <min> <max>
2	5

[block]
# block no. 7 follows, 43 sequences, length 42
# corresponding to MSA columns:
# 245-286
name=unknown_H
#
# <colnr> <probs for GDERKNQSTAVLIFYWHMCP>
#	G	D	E	R	K	N	Q	S	T	A	V	L	I	F	Y	W	H	M	C	P
0	0.03512	0.01058	0.01210	0.00905	0.01336	0.00936	0.00723	0.11690	0.03288	0.02014	0.01087	0.01319	0.00910	0.04520	0.00614	0.00129	0.03823	0.00390	0.00363	0.60173
1	0.00788	0.00546	0.00636	0.00663	0.00699	0.00533	0.00424	0.00840	0.00928	0.01214	0.02387	0.11303	0.09748	0.56305	0.02172	0.00441	0.00488	0.09118	0.00390	0.00379
2	0.08751	0.05846	0.01640	0.01212	0.01638	0.04735	0.01004	0.59496	0.05239	0.03159	0.01271	0.01287	0.00922	0.00642	0.00524	0.00164	0.00602	0.00471	0.00509	0.00887
3	0.00791	0.00593	0.00890	0.00890	0.00989	0.00692	0.00692	0.00989	0.00890	0.01286	0.01483	0.02176	0.01385	0.04154	0.78341	0.00890	0.01483	0.00593	0.00297	0.00494
4	0.01011	0.00820	0.01135	0.01044	0.01147	0.01015	0.00836	0.07059	0.01029	0.01508	0.01298	0.01865	0.01188	0.02938	0.49893	0.00640	0.20594	0.00556	0.03865	0.00559
5	0.06844	0.20140	0.03340	0.01186	0.01557	0.20566	0.02494	0.21220	0.07521	0.02052	0.01120	0.01299	0.00916	0.04930	0.00635	0.00174	0.02460	0.00432	0.00371	0.00741
6	0.00804	0.00539	0.00612	0.00609	0.00617	0.00536	0.00346	0.00819	0.00849	0.01140	0.06066	0.03654	0.02198	0.75965	0.02694	0.00516	0.00521	0.00817	0.00351	0.00346
7	0.00726	0.00528	0.00685	0.00722	0.00811	0.00486	0.00512	0.00906	0.01320	0.01811	0.39014	0.38483	0.09093	0.01421	0.00677	0.00198	0.00290	0.01270	0.00561	0.00486
8	0.01027	0.00871	0.01422	0.11628	0.17823	0.00887	0.07568	0.01303	0.03956	0.01720	0.20089	0.11095	0.02394	0.01030	0.00811	0.10422	0.00521	0.04433	0.00399	0.00601
9	0.12445	0.02431	0.00950	0.00790	0.01034	0.00735	0.00623	0.01590	0.01434	0.23629	0.39659	0.02861	0.03183	0.00951	0.00660	0.04715	0.00362	0.00738	0.00568	0.00641
10	0.04381	0.00562	0.00708	0.00713	0.00817	0.00534	0.00512	0.00978	0.01351	0.01934	0.48087	0.25401	0.04387	0.06163	0.00788	0.00211	0.00302	0.01121	0.00554	0.00494
11	0.00695	0.00500	0.00651	0.00760	0.00808	0.00468	0.00519	0.00801	0.01081	0.01431	0.04823	0.65393	0.08092	0.06227	0.00827	0.00241	0.00340	0.05388	0.00506	0.00449
12	0.00882	0.00565	0.00716	0.00724	0.00848	0.00517	0.00528	0.01065	0.01315	0.07606	0.29978	0.29391	0.12370	0.02974	0.00696	0.00199	0.00312	0.03112	0.05682	0.00520
13	0.00944	0.00595	0.00698	0.00692	0.00830	0.00575	0.00525	0.04024	0.01315	0.03738	0.20009	0.11469	0.10940	0.05992	0.00715	0.00198	0.00332	0.08974	0.26915	0.00521
14	0.00791	0.00593	0.00890	0.00890	0.00989	0.00692	0.00692	0.00989	0.00890	0.01286	0.01483	0.02176	0.01385	0.04154	0.78341	0.00890	0.01483	0.00593	0.00297	0.00494
15	0.01148	0.00984	0.01148	0.00820	0.01312	0.00738	0.00656	0.01395	0.01148	0.01805	0.00984	0.01148	0.00820	0.00410	0.00410	0.00082	0.00410	0.00328	0.00328	0.83922
16	0.00818	0.00539	0.00628	0.00640	0.00663	0.00527	0.00382	0.00849	0.00895	0.02888	0.04040	0.15628	0.04377	0.62161	0.02322	0.00461	0.00487	0.00935	0.00383	0.00376
17	0.00778	0.00513	0.00675	0.00771	0.00835	0.00472	0.00526	0.00884	0.01103	0.05798	0.03160	0.71052	0.08045	0.01654	0.00695	0.00220	0.00327	0.01491	0.00524	0.00479
18	0.00951	0.00487	0.00706	0.00706	0.00710	0.00487	0.00466	0.00744	0.00740	0.01001	0.01051	0.01857	0.01063	0.08496	0.02172	0.74631	0.00480	0.00509	0.02489	0.00256
19	0.00734	0.00535	0.00681	0.00757	0.00829	0.00493	0.00520	0.00841	0.01059	0.01415	0.02894	0.56043	0.07455	0.11890	0.00965	0.00257	0.00365	0.06203	0.00479	0.05587
20	0.01392	0.01405	0.02097	0.02950	0.60515	0.09492	0.04432	0.01690	0.01285	0.01732	0.01221	0.05687	0.02448	0.00585	0.00558	0.00167	0.00680	0.00557	0.00293	0.00816
21	0.00688	0.00492	0.00658	0.00787	0.00825	0.00461	0.00537	0.00794	0.01074	0.01429	0.03045	0.75616	0.03634	0.01722	0.00710	0.00227	0.00333	0.06001	0.00514	0.00454
22	0.00791	0.00593	0.00890	0.00890	0.00989	0.00692	0.00692	0.00989	0.00890	0.01286	0.01483	0.02176	0.01385	0.04154	0.78341	0.00890	0.01483	0.00593	0.00297	0.00494
23	0.00762	0.00547	0.00707	0.00806	0.00864	0.00527	0.00554	0.05067	0.01154	0.01539	0.02950	0.73901	0.03495	0.01669	0.00699	0.00222	0.00342	0.03196	0.00516	0.00480
24	0.01191	0.01188	0.01755	0.01467	0.01539	0.01572	0.07279	0.01351	0.00901	0.01385	0.00816	0.01292	0.00781	0.01102	0.06390	0.00271	0.65074	0.00499	0.00252	0.03894
25	0.00746	0.00533	0.00720	0.00825	0.00895	0.00508	0.00613	0.00905	0.01185	0.01587	0.13090	0.50783	0.03754	0.01600	0.00714	0.00226	0.00362	0.19953	0.00526	0.00475
26	0.00790	0.00530	0.00609	0.00624	0.00628	0.00527	0.00357	0.00801	0.00836	0.01115	0.01902	0.12788	0.02211	0.71104	0.02566	0.00500	0.00511	0.00897	0.00357	0.00349
27	0.01374	0.01299	0.02179	0.09255	0.68370	0.01325	0.01662	0.04576	0.01302	0.01845	0.01049	0.01377	0.00869	0.00505	0.00549	0.00166	0.00662	0.00494	0.00283	0.00859
28	0.01307	0.01494	0.03268	0.02334	0.02894	0.01401	0.75070	0.01774	0.01307	0.01774	0.01120	0.01494	0.00840	0.00467	0.00654	0.00187	0.00934	0.00654	0.00280	0.00747
29	0.01046	0.00984	0.01661	0.79205	0.03814	0.01230	0.01538	0.01415	0.01107	0.01415	0.00984	0.01477	0.00738	0.00554	0.00554	0.00185	0.00738	0.00492	0.00246	0.00615
30	0.05942	0.01096	0.01829	0.50732	0.20929	0.01250	0.05557	0.01514	0.01146	0.01599	0.00993	0.01412	0.00771	0.00529	0.00543	0.00177	0.00705	0.00487	0.00262	0.02529
31	0.02035	0.01465	0.01587	0.01234	0.01655	0.01610	0.01013	0.66478	0.04736	0.06623	0.01473	0.04922	0.01106	0.00717	0.00561	0.00170	0.00585	0.00553	0.00558	0.00918
32	0.01361	0.01306	0.02231	0.05584	0.74970	0.01313	0.01695	0.01691	0.01257	0.01798	0.01040	0.01374	0.00873	0.00495	0.00548	0.00165	0.00660	0.00493	0.00273	0.00870
33	0.00675	0.00482	0.00643	0.00771	0.00803	0.00450	0.00514	0.00771	0.01060	0.01414	0.03053	0.80175	0.03663	0.01735	0.00707	0.00225	0.00321	0.01574	0.00514	0.00450
34	0.60323	0.01014	0.00949	0.10678	0.01424	0.01183	0.00738	0.01605	0.05056	0.02239	0.03259	0.01234	0.00879	0.00835	0.06469	0.00230	0.00545	0.00386	0.00347	0.00606
35	0.01349	0.01289	0.02170	0.08359	0.69224	0.01313	0.01657	0.01730	0.04196	0.01803	0.01086	0.01405	0.00900	0.00508	0.00549	0.00167	0.00655	0.00499	0.00284	0.00860
36	0.07047	0.01056	0.01557	0.22154	0.02096	0.01251	0.07447	0.07579	0.01184	0.03274	0.04487	0.04907	0.01159	0.01097	0.08859	0.00266	0.19772	0.00565	0.00326	0.03917
37	0.11009	0.06180	0.06876	0.03003	0.03220	0.06883	0.16838	0.05622	0.01164	0.01730	0.00930	0.02388	0.00794	0.00687	0.00966	0.00192	0.27824	0.00487	0.00288	0.02918
38	0.03041	0.09293	0.17933	0.14100	0.23024	0.01324	0.01438	0.05627	0.05244	0.01799	0.03261	0.01744	0.05686	0.00634	0.00556	0.00172	0.01861	0.02188	0.00318	0.00758
39	0.05876	0.01273	0.01966	0.02684	0.52554	0.02838	0.03077	0.01767	0.07495	0.03461	0.01205	0.04500	0.01034	0.00610	0.00651	0.00176	0.07161	0.00538	0.00318	0.00817
40	0.01387	0.01326	0.02224	0.02975	0.59008	0.01362	0.07378	0.05658	0.01301	0.01858	0.01036	0.01360	0.00864	0.00538	0.00659	0.00171	0.07207	0.00502	0.00289	0.02899
41	0.11606	0.01373	0.04111	0.17475	0.32370	0.08495	0.03376	0.03343	0.04567	0.06492	0.01111	0.01358	0.00862	0.00542	0.00523	0.00170	0.00668	0.00468	0.00321	0.00770

[dist]
# distance from previous block
# <min> <max>
0	11

# created by:
# /st0/software/busco_prod/Augustus/scripts/msa2prfl.pl ./align_prep/186725.fa
