[name]
unknown

[dist]
# distance from previous block
# <min> <max>
2	86

[block]
# block no. 0 follows, 37 sequences, length 8
# corresponding to MSA columns:
# 97,98,101-106
name=unknown_A
#
# <colnr> <probs for GDERKNQSTAVLIFYWHMCP>
#	G	D	E	R	K	N	Q	S	T	A	V	L	I	F	Y	W	H	M	C	P
0	0.01121	0.00828	0.01073	0.01022	0.01186	0.00914	0.00785	0.08983	0.06492	0.04125	0.07487	0.18588	0.04875	0.02722	0.32973	0.00546	0.04238	0.00926	0.00475	0.00641
1	0.04972	0.01510	0.03263	0.12657	0.04277	0.11546	0.20776	0.01865	0.03534	0.04443	0.01231	0.01572	0.00972	0.00766	0.02277	0.03137	0.08202	0.00558	0.05376	0.07066
2	0.09218	0.05573	0.01899	0.01599	0.06532	0.14598	0.07592	0.08038	0.01401	0.04138	0.01087	0.01395	0.00912	0.01010	0.06486	0.00253	0.20857	0.00499	0.00349	0.06564
3	0.01130	0.00732	0.00909	0.00860	0.01060	0.00691	0.00657	0.01499	0.08220	0.11306	0.34499	0.14313	0.15449	0.01311	0.00714	0.00208	0.00363	0.04785	0.00643	0.00651
4	0.01833	0.01397	0.01602	0.09866	0.01949	0.01505	0.01073	0.42653	0.05654	0.03030	0.06627	0.01821	0.01417	0.03486	0.00733	0.02284	0.00619	0.00584	0.00529	0.11336
5	0.08275	0.01175	0.01812	0.51801	0.06866	0.01384	0.05235	0.06329	0.04397	0.01904	0.01369	0.01762	0.03848	0.00655	0.00602	0.00201	0.00750	0.00572	0.00334	0.00729
6	0.01635	0.01276	0.04530	0.01160	0.01492	0.01287	0.00952	0.31776	0.01880	0.06074	0.01872	0.07577	0.04765	0.11403	0.10260	0.00339	0.04357	0.00712	0.00500	0.06153
7	0.01929	0.04900	0.01580	0.01218	0.01608	0.05094	0.00992	0.36060	0.09349	0.08855	0.01653	0.01747	0.01244	0.01223	0.10380	0.00281	0.00748	0.00563	0.07408	0.03168

[dist]
# distance from previous block
# <min> <max>
32	51

[block]
# block no. 1 follows, 37 sequences, length 8
# corresponding to MSA columns:
# 168-175
name=unknown_B
#
# <colnr> <probs for GDERKNQSTAVLIFYWHMCP>
#	G	D	E	R	K	N	Q	S	T	A	V	L	I	F	Y	W	H	M	C	P
0	0.05971	0.37552	0.08729	0.01591	0.12413	0.12623	0.01272	0.06333	0.01456	0.05445	0.01045	0.01189	0.00858	0.00574	0.00487	0.00157	0.00736	0.00408	0.00327	0.00834
1	0.10418	0.13781	0.01937	0.04528	0.01872	0.13514	0.01120	0.40378	0.02187	0.02902	0.01212	0.01295	0.00914	0.00663	0.00545	0.00173	0.00724	0.00469	0.00473	0.00895
2	0.01875	0.50972	0.02667	0.01242	0.01689	0.29450	0.01097	0.02057	0.01424	0.01461	0.00886	0.01027	0.00787	0.00563	0.00451	0.00141	0.00820	0.00352	0.00282	0.00758
3	0.04936	0.01707	0.04605	0.22380	0.05059	0.13257	0.23097	0.09338	0.01529	0.01984	0.01127	0.01480	0.00866	0.00621	0.00708	0.00198	0.05431	0.00564	0.00331	0.00781
4	0.01150	0.00670	0.00846	0.00821	0.00995	0.00599	0.00600	0.01324	0.01433	0.15536	0.18994	0.28978	0.18480	0.05628	0.00852	0.00235	0.00375	0.01254	0.00616	0.00614
5	0.02031	0.05354	0.07814	0.01264	0.01731	0.01241	0.05511	0.09079	0.15260	0.33386	0.08993	0.02153	0.01811	0.00775	0.00619	0.00191	0.00577	0.00649	0.00615	0.00945
6	0.03816	0.01144	0.01301	0.04780	0.01588	0.01202	0.00897	0.06718	0.33349	0.14345	0.06964	0.02555	0.09358	0.00860	0.00614	0.00191	0.00485	0.00711	0.00594	0.08527
7	0.05681	0.22230	0.22961	0.01432	0.04325	0.13309	0.01398	0.02237	0.09008	0.10027	0.01294	0.01368	0.00979	0.00618	0.00527	0.00172	0.00757	0.00451	0.00370	0.00856

[dist]
# distance from previous block
# <min> <max>
14	70

[block]
# block no. 2 follows, 37 sequences, length 28
# corresponding to MSA columns:
# 258,260-268,276-282,296-306
name=unknown_C
#
# <colnr> <probs for GDERKNQSTAVLIFYWHMCP>
#	G	D	E	R	K	N	Q	S	T	A	V	L	I	F	Y	W	H	M	C	P
0	0.05357	0.01824	0.09947	0.02247	0.12513	0.06680	0.33081	0.12879	0.01637	0.02263	0.01203	0.01482	0.00914	0.00568	0.00635	0.00189	0.00874	0.00587	0.00357	0.04765
1	0.05510	0.01664	0.10035	0.01385	0.03742	0.01535	0.02716	0.38431	0.06868	0.03026	0.03546	0.03153	0.01223	0.00701	0.00582	0.00174	0.00634	0.00554	0.00508	0.14013
2	0.01651	0.01301	0.05053	0.01366	0.08333	0.01189	0.01028	0.08861	0.20830	0.13454	0.07092	0.01949	0.01626	0.00700	0.00578	0.00166	0.00528	0.00582	0.00528	0.23187
3	0.01526	0.01087	0.01251	0.01031	0.01417	0.01039	0.00810	0.09912	0.17688	0.12007	0.05659	0.10783	0.06639	0.00885	0.00598	0.00171	0.00466	0.00743	0.00553	0.25735
4	0.01492	0.01410	0.02281	0.08209	0.59323	0.01458	0.01734	0.02059	0.11960	0.02053	0.01344	0.01635	0.01091	0.00592	0.00609	0.00187	0.00697	0.00567	0.00348	0.00950
5	0.08210	0.01182	0.01836	0.56637	0.12398	0.01408	0.01598	0.06298	0.01338	0.01868	0.01101	0.01553	0.00837	0.00608	0.00591	0.00199	0.00767	0.00527	0.00307	0.00738
6	0.03950	0.01379	0.01533	0.01225	0.01635	0.01472	0.00992	0.43261	0.07095	0.12331	0.08729	0.07698	0.01823	0.00871	0.00627	0.00189	0.00570	0.00701	0.00621	0.03297
7	0.01621	0.01312	0.01552	0.06218	0.05337	0.01239	0.00990	0.24928	0.01801	0.02579	0.01217	0.01371	0.00948	0.00561	0.00523	0.00133	0.00563	0.00445	0.00436	0.46227
8	0.00848	0.00697	0.01136	0.01106	0.01227	0.00651	0.11103	0.01015	0.01212	0.01621	0.03061	0.66885	0.03591	0.01712	0.00773	0.00242	0.00454	0.01591	0.00530	0.00545
9	0.01521	0.01335	0.01545	0.01614	0.12302	0.01513	0.01102	0.03051	0.62986	0.02478	0.02295	0.02171	0.01737	0.00789	0.00620	0.00204	0.00520	0.00671	0.00576	0.00969
10	0.02471	0.00981	0.01332	0.01042	0.01468	0.00852	0.00852	0.02715	0.01749	0.64447	0.12958	0.02448	0.02140	0.00830	0.00631	0.00190	0.00487	0.00688	0.00745	0.00974
11	0.01180	0.01113	0.01880	0.72077	0.08966	0.01366	0.01712	0.01585	0.01235	0.01593	0.01092	0.01624	0.00826	0.00608	0.00612	0.00203	0.00810	0.00544	0.00274	0.00700
12	0.01228	0.03166	0.75316	0.01745	0.02649	0.01422	0.02262	0.01939	0.01292	0.01939	0.01099	0.01292	0.00775	0.00582	0.00582	0.00194	0.00905	0.00452	0.00258	0.00905
13	0.01260	0.01194	0.02023	0.55885	0.24537	0.01387	0.01752	0.01655	0.01273	0.01690	0.01106	0.01598	0.00860	0.00593	0.00610	0.00198	0.00790	0.00544	0.00281	0.00764
14	0.00743	0.00546	0.00697	0.00818	0.00879	0.00500	0.00553	0.00856	0.01205	0.01576	0.03788	0.67506	0.14363	0.01864	0.00773	0.00242	0.00349	0.01674	0.00568	0.00500
15	0.01257	0.01191	0.02018	0.56499	0.23947	0.01386	0.01750	0.01652	0.01272	0.01686	0.01106	0.01599	0.00859	0.00593	0.00610	0.00198	0.00791	0.00544	0.00281	0.00761
16	0.02746	0.01042	0.01421	0.01089	0.01563	0.00900	0.00900	0.02983	0.01752	0.75093	0.02415	0.02083	0.01515	0.00758	0.00616	0.00189	0.00521	0.00616	0.00758	0.01042
17	0.02746	0.01042	0.01421	0.01089	0.01563	0.00900	0.00900	0.02983	0.01752	0.75093	0.02415	0.02083	0.01515	0.00758	0.00616	0.00189	0.00521	0.00616	0.00758	0.01042
18	0.01183	0.01116	0.01885	0.71453	0.09566	0.01367	0.01714	0.01588	0.01237	0.01597	0.01093	0.01623	0.00828	0.00607	0.00612	0.00202	0.00809	0.00544	0.00274	0.00702
19	0.01013	0.00661	0.00851	0.00783	0.00961	0.00599	0.00594	0.01284	0.01703	0.08547	0.61855	0.04485	0.11845	0.01237	0.00713	0.00194	0.00310	0.01083	0.00671	0.00611
20	0.07734	0.00615	0.00781	0.04549	0.01075	0.00613	0.00631	0.00967	0.01163	0.01663	0.03049	0.67827	0.03604	0.01740	0.00739	0.00241	0.00388	0.01562	0.00538	0.00520
21	0.11423	0.01941	0.01704	0.04575	0.01913	0.21104	0.01134	0.43310	0.02302	0.03021	0.01247	0.01327	0.00923	0.00684	0.00570	0.00178	0.00769	0.00485	0.00494	0.00897
22	0.01248	0.01221	0.02185	0.56045	0.13743	0.01401	0.12093	0.01665	0.01280	0.01682	0.01119	0.01619	0.00854	0.00589	0.00627	0.00201	0.00835	0.00570	0.00282	0.00741
23	0.01134	0.00896	0.01185	0.01212	0.06023	0.03035	0.00870	0.09902	0.01256	0.01742	0.01589	0.02313	0.01464	0.09142	0.54450	0.00782	0.01370	0.00646	0.00364	0.00626
24	0.01902	0.01599	0.01628	0.01612	0.12351	0.16899	0.01111	0.07028	0.17879	0.15221	0.01698	0.01794	0.01289	0.00691	0.00583	0.00173	0.00666	0.02215	0.00494	0.13169
25	0.01330	0.06620	0.57996	0.01725	0.02532	0.01476	0.08025	0.02063	0.06803	0.03959	0.01240	0.01404	0.00892	0.00597	0.00588	0.00193	0.00861	0.00492	0.00304	0.00901
26	0.01768	0.01470	0.07102	0.01187	0.01712	0.01299	0.01027	0.24918	0.09945	0.09153	0.01488	0.01522	0.01102	0.00624	0.00548	0.00151	0.00568	0.00490	0.00500	0.33425
27	0.03543	0.01525	0.06346	0.06362	0.49478	0.01474	0.03229	0.08715	0.07278	0.02208	0.01399	0.01661	0.02795	0.00616	0.00607	0.00187	0.00707	0.00569	0.00363	0.00938

[dist]
# distance from previous block
# <min> <max>
4	18

[block]
# block no. 3 follows, 37 sequences, length 15
# corresponding to MSA columns:
# 359-373
name=unknown_D
#
# <colnr> <probs for GDERKNQSTAVLIFYWHMCP>
#	G	D	E	R	K	N	Q	S	T	A	V	L	I	F	Y	W	H	M	C	P
0	0.03463	0.23009	0.40668	0.01801	0.09120	0.01702	0.08411	0.01903	0.01297	0.01834	0.01044	0.01256	0.00808	0.00556	0.00541	0.00177	0.00822	0.00450	0.00271	0.00865
1	0.00958	0.00736	0.01034	0.10821	0.03945	0.00751	0.00904	0.01178	0.01262	0.01654	0.02851	0.18998	0.07081	0.12397	0.01100	0.00297	0.00548	0.30349	0.00486	0.02650
2	0.71621	0.01258	0.01030	0.00889	0.01283	0.01446	0.00733	0.11647	0.01297	0.02901	0.00938	0.01060	0.00715	0.00591	0.00411	0.00189	0.00501	0.00362	0.00411	0.00715
3	0.02223	0.01681	0.01920	0.01710	0.11255	0.01841	0.01255	0.63531	0.02687	0.03619	0.01429	0.01475	0.01032	0.00710	0.00612	0.00183	0.00680	0.00550	0.00573	0.01032
4	0.07053	0.01538	0.02191	0.13066	0.35310	0.07652	0.08112	0.08505	0.06742	0.02156	0.01240	0.01526	0.00981	0.00599	0.00600	0.00188	0.00759	0.00546	0.00357	0.00880
5	0.00830	0.00607	0.00780	0.00773	0.00902	0.00557	0.00566	0.01072	0.01594	0.02211	0.54549	0.18951	0.11513	0.01407	0.00734	0.00205	0.00304	0.01246	0.00644	0.00557
6	0.00758	0.00555	0.00715	0.00839	0.00903	0.00513	0.00580	0.00881	0.01216	0.01591	0.03739	0.64145	0.13322	0.01855	0.00778	0.00245	0.00362	0.05930	0.00568	0.00504
7	0.01516	0.39893	0.35890	0.01367	0.02061	0.01878	0.01591	0.01948	0.01296	0.05971	0.01055	0.01187	0.00824	0.00564	0.00492	0.00163	0.00760	0.00401	0.00289	0.00855
8	0.02547	0.01045	0.01391	0.01079	0.01523	0.00932	0.00886	0.07115	0.01820	0.63973	0.09011	0.02276	0.01880	0.00802	0.00625	0.00189	0.00509	0.00657	0.00741	0.00999
9	0.01019	0.00667	0.00839	0.00886	0.00994	0.00639	0.00621	0.06026	0.01325	0.07025	0.03188	0.54621	0.07284	0.08783	0.00971	0.00270	0.00414	0.03294	0.00567	0.00566
10	0.01245	0.01179	0.01997	0.58859	0.21677	0.01383	0.01744	0.01642	0.01266	0.01672	0.01104	0.01603	0.00854	0.00595	0.00611	0.00198	0.00794	0.00544	0.00280	0.00752
11	0.01434	0.07076	0.58068	0.01691	0.02507	0.01429	0.06935	0.02050	0.01351	0.10029	0.01240	0.01388	0.00869	0.00593	0.00585	0.00191	0.00857	0.00482	0.00318	0.00908
12	0.08669	0.01616	0.01684	0.01326	0.01786	0.03659	0.01086	0.53198	0.10083	0.08352	0.01578	0.01549	0.01124	0.00731	0.00594	0.00186	0.00639	0.00549	0.00597	0.00995
13	0.01553	0.63439	0.17895	0.01189	0.01791	0.02218	0.01295	0.01854	0.01254	0.01542	0.00901	0.01045	0.00783	0.00535	0.00431	0.00144	0.00706	0.00353	0.00261	0.00810
14	0.10990	0.01308	0.02068	0.18822	0.44632	0.01376	0.01613	0.01900	0.01348	0.08450	0.01215	0.01530	0.00949	0.00581	0.00582	0.00188	0.00698	0.00526	0.00345	0.00879

[dist]
# distance from previous block
# <min> <max>
2	11

[block]
# block no. 4 follows, 37 sequences, length 22
# corresponding to MSA columns:
# 385-406
name=unknown_E
#
# <colnr> <probs for GDERKNQSTAVLIFYWHMCP>
#	G	D	E	R	K	N	Q	S	T	A	V	L	I	F	Y	W	H	M	C	P
0	0.05838	0.01263	0.02022	0.32309	0.34937	0.01390	0.01654	0.05133	0.01380	0.01948	0.01248	0.01847	0.01046	0.00650	0.00610	0.00197	0.00736	0.04649	0.00325	0.00818
1	0.07064	0.01177	0.01873	0.57097	0.15127	0.01396	0.01635	0.04299	0.01300	0.01804	0.01096	0.01562	0.00838	0.00603	0.00594	0.00199	0.00772	0.00529	0.00297	0.00738
2	0.02070	0.01550	0.01681	0.01284	0.01761	0.01643	0.01048	0.56497	0.02496	0.03399	0.01421	0.01549	0.01070	0.04215	0.00697	0.00185	0.00630	0.00532	0.00556	0.15713
3	0.60975	0.01204	0.01151	0.15702	0.01827	0.01409	0.00902	0.06965	0.01212	0.02598	0.00944	0.01154	0.00721	0.00589	0.00441	0.00192	0.00555	0.00389	0.00375	0.00694
4	0.00746	0.00533	0.00710	0.00852	0.00888	0.00497	0.00568	0.00852	0.01172	0.01563	0.03374	0.78088	0.04049	0.01918	0.00781	0.00249	0.00355	0.01740	0.00568	0.00497
5	0.01269	0.01088	0.01269	0.00907	0.01451	0.00816	0.00725	0.01541	0.01269	0.01995	0.01088	0.01269	0.00907	0.00453	0.00453	0.00091	0.00453	0.00363	0.00363	0.82229
6	0.01240	0.03083	0.71385	0.01790	0.02679	0.01429	0.06109	0.01940	0.01301	0.01940	0.01106	0.01312	0.00784	0.00578	0.00589	0.00195	0.00912	0.00467	0.00261	0.00900
7	0.02746	0.01042	0.01421	0.01089	0.01563	0.00900	0.00900	0.02983	0.01752	0.75093	0.02415	0.02083	0.01515	0.00758	0.00616	0.00189	0.00521	0.00616	0.00758	0.01042
8	0.01269	0.01088	0.01269	0.00907	0.01451	0.00816	0.00725	0.01541	0.01269	0.01995	0.01088	0.01269	0.00907	0.00453	0.00453	0.00091	0.00453	0.00363	0.00363	0.82229
9	0.09807	0.01308	0.01351	0.01198	0.01553	0.01498	0.00945	0.10122	0.55143	0.02670	0.02340	0.02286	0.03657	0.00836	0.00606	0.00205	0.00500	0.02459	0.00594	0.00923
10	0.02226	0.10036	0.01873	0.01527	0.01862	0.69130	0.01170	0.02387	0.01689	0.01493	0.00937	0.01092	0.00788	0.00621	0.00537	0.00155	0.01062	0.00388	0.00310	0.00717
11	0.00788	0.00571	0.00753	0.00884	0.00952	0.00536	0.00636	0.00930	0.01233	0.01619	0.03573	0.59483	0.09509	0.01848	0.00788	0.00251	0.00389	0.14180	0.00567	0.00511
12	0.00848	0.00576	0.00680	0.00721	0.00732	0.00565	0.00428	0.00879	0.00972	0.01296	0.02349	0.25568	0.02756	0.56202	0.02436	0.00493	0.00524	0.01138	0.00428	0.00408
13	0.01637	0.78856	0.03208	0.01047	0.01571	0.02422	0.01047	0.01833	0.01244	0.01440	0.00851	0.00982	0.00786	0.00524	0.00393	0.00131	0.00655	0.00327	0.00262	0.00786
14	0.01637	0.78856	0.03208	0.01047	0.01571	0.02422	0.01047	0.01833	0.01244	0.01440	0.00851	0.00982	0.00786	0.00524	0.00393	0.00131	0.00655	0.00327	0.00262	0.00786
15	0.02236	0.01786	0.01798	0.03698	0.01948	0.08971	0.01169	0.59313	0.07236	0.03479	0.01473	0.01491	0.01063	0.00727	0.00607	0.00183	0.00707	0.00545	0.00574	0.00994
16	0.01504	0.04987	0.02548	0.06307	0.65249	0.01500	0.05244	0.01869	0.01383	0.01956	0.01140	0.01502	0.00953	0.00545	0.00602	0.00181	0.00742	0.00544	0.00300	0.00943
17	0.01156	0.01088	0.01836	0.77016	0.04216	0.01360	0.01700	0.01564	0.01224	0.01564	0.01088	0.01632	0.00816	0.00612	0.00612	0.00204	0.00816	0.00544	0.00272	0.00680
18	0.82811	0.01184	0.00900	0.00805	0.01184	0.01373	0.00663	0.01799	0.01042	0.02746	0.00852	0.00994	0.00663	0.00568	0.00379	0.00189	0.00474	0.00331	0.00379	0.00663
19	0.00956	0.00710	0.01017	0.01242	0.06560	0.00700	0.00932	0.01194	0.01340	0.01767	0.03125	0.26949	0.03486	0.01672	0.00809	0.00265	0.00516	0.45639	0.00546	0.00574
20	0.01349	0.01135	0.01312	0.00945	0.01484	0.00898	0.00758	0.06915	0.01391	0.02136	0.01117	0.01284	0.00917	0.00475	0.00465	0.00098	0.00470	0.00377	0.00382	0.76092
21	0.01494	0.01570	0.07760	0.03419	0.63845	0.01457	0.01838	0.01987	0.06842	0.02038	0.01249	0.01557	0.01023	0.00570	0.00605	0.00185	0.00722	0.00550	0.00324	0.00965

[dist]
# distance from previous block
# <min> <max>
6	11

[block]
# block no. 5 follows, 37 sequences, length 37
# corresponding to MSA columns:
# 419-455
name=unknown_F
#
# <colnr> <probs for GDERKNQSTAVLIFYWHMCP>
#	G	D	E	R	K	N	Q	S	T	A	V	L	I	F	Y	W	H	M	C	P
0	0.01332	0.01125	0.01303	0.00937	0.01477	0.00880	0.00751	0.05771	0.01365	0.02106	0.01111	0.01281	0.00915	0.00470	0.00463	0.00096	0.00466	0.00374	0.00378	0.77398
1	0.58950	0.01042	0.00895	0.00802	0.01116	0.01161	0.00634	0.01690	0.01151	0.06841	0.09971	0.01830	0.01508	0.09382	0.00741	0.00235	0.00467	0.00505	0.00436	0.00642
2	0.77642	0.01218	0.00960	0.00844	0.01230	0.01407	0.00695	0.06349	0.01160	0.02818	0.00892	0.01025	0.00687	0.00579	0.00394	0.00189	0.00486	0.00346	0.00394	0.00687
3	0.01572	0.01161	0.01199	0.01062	0.01321	0.08091	0.00815	0.11633	0.13897	0.11715	0.13132	0.03164	0.05188	0.14090	0.01124	0.02722	0.00563	0.06260	0.00558	0.00733
4	0.01618	0.75367	0.06531	0.01080	0.01621	0.02376	0.01103	0.01838	0.01246	0.01463	0.00862	0.00996	0.00785	0.00526	0.00401	0.00134	0.00666	0.00333	0.00262	0.00791
5	0.00800	0.00581	0.00755	0.00799	0.00896	0.00536	0.00566	0.00994	0.01446	0.01982	0.36461	0.39366	0.09369	0.01585	0.00750	0.00220	0.00321	0.01418	0.00617	0.00536
6	0.00854	0.00584	0.00672	0.00698	0.00717	0.00572	0.00412	0.00883	0.00971	0.01282	0.02442	0.17417	0.06849	0.60163	0.02554	0.00509	0.00534	0.01067	0.00418	0.00402
7	0.00791	0.00579	0.00728	0.00780	0.00871	0.00532	0.00542	0.00953	0.01358	0.01827	0.25849	0.39500	0.14370	0.07278	0.00926	0.00250	0.00346	0.01417	0.00587	0.00516
8	0.00775	0.00620	0.00694	0.00680	0.00860	0.00538	0.00508	0.00977	0.01510	0.01938	0.30564	0.07342	0.47928	0.01453	0.00724	0.00203	0.00304	0.01238	0.00606	0.00538
9	0.01479	0.00760	0.00971	0.00856	0.01118	0.00667	0.00663	0.01698	0.01598	0.27626	0.25367	0.12234	0.20033	0.01222	0.00692	0.00201	0.00382	0.01049	0.00667	0.00717
10	0.00996	0.00620	0.00747	0.00738	0.00796	0.00599	0.00465	0.01067	0.01105	0.06587	0.11884	0.14889	0.02921	0.51382	0.02275	0.00460	0.00512	0.01026	0.00468	0.00464
11	0.02327	0.01715	0.01837	0.01408	0.01898	0.01898	0.01163	0.72628	0.02878	0.03858	0.01470	0.01470	0.01041	0.00735	0.00612	0.00184	0.00674	0.00551	0.00612	0.01041
12	0.00883	0.00597	0.00681	0.00676	0.00697	0.00590	0.00394	0.00916	0.00990	0.01328	0.09310	0.04120	0.04781	0.68409	0.02803	0.00542	0.00554	0.00924	0.00407	0.00396
13	0.06665	0.00741	0.00870	0.00813	0.01002	0.00734	0.00618	0.01411	0.09694	0.02418	0.55298	0.04179	0.10884	0.01182	0.00687	0.00195	0.00325	0.01022	0.00638	0.00622
14	0.00834	0.00577	0.00677	0.00721	0.00746	0.00559	0.00438	0.00878	0.01012	0.01335	0.02670	0.26811	0.07838	0.49666	0.02234	0.00461	0.00501	0.01178	0.00445	0.00420
15	0.00723	0.00620	0.00620	0.00620	0.00827	0.00517	0.00465	0.00878	0.01395	0.01654	0.06201	0.05891	0.74421	0.01550	0.00723	0.00207	0.00310	0.01292	0.00568	0.00517
16	0.02144	0.01624	0.01734	0.01371	0.01828	0.01813	0.01119	0.56822	0.18982	0.03562	0.01702	0.01655	0.01230	0.00757	0.00615	0.00189	0.00630	0.00583	0.00615	0.01025
17	0.01611	0.01359	0.01434	0.01264	0.01625	0.01564	0.00990	0.10853	0.65819	0.02703	0.02379	0.02195	0.01778	0.00820	0.00622	0.00205	0.00505	0.00677	0.00622	0.00977
18	0.00975	0.00681	0.00834	0.00776	0.00964	0.00626	0.00588	0.01295	0.04952	0.06594	0.50804	0.04628	0.21423	0.01273	0.00711	0.00196	0.00317	0.01102	0.00652	0.00609
19	0.00986	0.00705	0.00986	0.01127	0.01268	0.00705	0.00986	0.01268	0.01409	0.01832	0.03241	0.06905	0.03523	0.01691	0.00845	0.00282	0.00564	0.70549	0.00564	0.00564
20	0.00889	0.00595	0.00675	0.00672	0.00679	0.00593	0.00380	0.00902	0.00929	0.01245	0.05253	0.04032	0.02388	0.74942	0.03006	0.00575	0.00579	0.00900	0.00385	0.00380
21	0.23368	0.01136	0.01301	0.01045	0.01483	0.01128	0.00857	0.05912	0.08484	0.46119	0.01974	0.01792	0.01306	0.00714	0.00555	0.00191	0.00512	0.00546	0.00640	0.00937
22	0.01523	0.01315	0.01384	0.01246	0.01592	0.01523	0.00969	0.03253	0.73563	0.02561	0.02491	0.02284	0.01869	0.00830	0.00623	0.00208	0.00484	0.00692	0.00623	0.00969
23	0.01660	0.01284	0.01388	0.01228	0.01588	0.01453	0.00961	0.03223	0.65527	0.10678	0.02483	0.02261	0.01829	0.00822	0.00622	0.00206	0.00489	0.00684	0.00638	0.00977
24	0.00879	0.00638	0.00895	0.00895	0.00974	0.00717	0.00655	0.01036	0.00958	0.01355	0.01721	0.02854	0.01725	0.25307	0.55612	0.00874	0.01346	0.00722	0.00340	0.00497
25	0.00754	0.00594	0.00675	0.00712	0.00853	0.00521	0.00509	0.00909	0.01362	0.01724	0.14512	0.27388	0.42140	0.03509	0.00799	0.00227	0.00328	0.01392	0.00578	0.00516
26	0.00866	0.00626	0.00818	0.00770	0.00914	0.00578	0.00578	0.01155	0.01733	0.02455	0.74346	0.04572	0.05776	0.01251	0.00722	0.00193	0.00289	0.01107	0.00674	0.00578
27	0.01063	0.00532	0.00797	0.00797	0.00797	0.00532	0.00532	0.00797	0.00797	0.01063	0.01063	0.01861	0.01063	0.02127	0.02392	0.82190	0.00532	0.00532	0.00266	0.00266
28	0.01515	0.01454	0.02485	0.03757	0.74669	0.01454	0.01879	0.01879	0.01394	0.02000	0.01151	0.01515	0.00970	0.00545	0.00606	0.00182	0.00727	0.00545	0.00303	0.00970
29	0.00997	0.00650	0.00849	0.00841	0.00978	0.00606	0.00613	0.03076	0.01556	0.07445	0.40838	0.31590	0.04699	0.01449	0.00733	0.00213	0.00341	0.01291	0.00639	0.00594
30	0.82811	0.01184	0.00900	0.00805	0.01184	0.01373	0.00663	0.01799	0.01042	0.02746	0.00852	0.00994	0.00663	0.00568	0.00379	0.00189	0.00474	0.00331	0.00379	0.00663
31	0.08259	0.01052	0.01385	0.01070	0.01537	0.00932	0.00883	0.02902	0.01703	0.70112	0.02307	0.02008	0.01457	0.00745	0.00599	0.00189	0.00518	0.00596	0.00732	0.01016
32	0.00723	0.00620	0.00620	0.00620	0.00827	0.00517	0.00465	0.00878	0.01395	0.01654	0.06201	0.05891	0.74421	0.01550	0.00723	0.00207	0.00310	0.01292	0.00568	0.00517
33	0.01339	0.01339	0.01875	0.01607	0.01607	0.01875	0.01339	0.01473	0.00937	0.01473	0.00804	0.01339	0.00804	0.01071	0.02009	0.00268	0.77367	0.00536	0.00268	0.00670
34	0.00890	0.00593	0.00668	0.00668	0.00668	0.00593	0.00371	0.00890	0.00890	0.01187	0.01929	0.04006	0.02225	0.78487	0.03116	0.00593	0.00593	0.00890	0.00371	0.00371
35	0.02287	0.02917	0.01735	0.01577	0.01892	0.76030	0.01183	0.02444	0.01735	0.01498	0.00946	0.01104	0.00788	0.00631	0.00552	0.00158	0.01104	0.00394	0.00315	0.00710
36	0.01266	0.10188	0.68626	0.01680	0.02549	0.01514	0.02149	0.01929	0.01288	0.01892	0.01076	0.01264	0.00776	0.00576	0.00564	0.00188	0.00881	0.00441	0.00259	0.00894

[dist]
# distance from previous block
# <min> <max>
0	1

# created by:
# /st0/software/busco_prod/Augustus/scripts/msa2prfl.pl ./align_prep/186996.fa
