[name]
unknown

[dist]
# distance from previous block
# <min> <max>
14	82

[block]
# block no. 0 follows, 44 sequences, length 19
# corresponding to MSA columns:
# 87-105
name=unknown_A
#
# <colnr> <probs for GDERKNQSTAVLIFYWHMCP>
#	G	D	E	R	K	N	Q	S	T	A	V	L	I	F	Y	W	H	M	C	P
0	0.01081	0.21722	0.08905	0.00984	0.01268	0.01103	0.02830	0.01361	0.05663	0.03024	0.03488	0.13784	0.04893	0.03717	0.00763	0.06537	0.00517	0.17392	0.00384	0.00584
1	0.00742	0.00549	0.00680	0.00737	0.00825	0.00516	0.00521	0.02452	0.01108	0.01455	0.04831	0.43789	0.16526	0.10585	0.04013	0.00272	0.00400	0.06878	0.00476	0.02648
2	0.00924	0.05902	0.01035	0.00915	0.02577	0.00794	0.00698	0.01104	0.00994	0.05184	0.06817	0.08171	0.03303	0.06673	0.48584	0.00623	0.04151	0.00679	0.00348	0.00526
3	0.84691	0.01054	0.00801	0.00717	0.01054	0.01223	0.00590	0.01603	0.00928	0.02446	0.00759	0.00886	0.00590	0.00506	0.00337	0.00169	0.00422	0.00295	0.00337	0.00590
4	0.04625	0.01239	0.06620	0.01090	0.01527	0.01125	0.00948	0.25802	0.01806	0.43532	0.01732	0.01615	0.01147	0.00789	0.03654	0.00196	0.00569	0.00514	0.00578	0.00892
5	0.11983	0.06719	0.45081	0.01233	0.01840	0.01192	0.01441	0.03804	0.01211	0.10342	0.01416	0.01494	0.06033	0.00598	0.00493	0.00167	0.00645	0.00456	0.03096	0.00755
6	0.02126	0.01442	0.01583	0.01214	0.01648	0.01564	0.01003	0.65234	0.02420	0.14025	0.01429	0.01387	0.00987	0.00657	0.00546	0.00164	0.00581	0.00499	0.00564	0.00927
7	0.84691	0.01054	0.00801	0.00717	0.01054	0.01223	0.00590	0.01603	0.00928	0.02446	0.00759	0.00886	0.00590	0.00506	0.00337	0.00169	0.00422	0.00295	0.00337	0.00590
8	0.00947	0.00473	0.00710	0.00710	0.00710	0.00473	0.00473	0.00710	0.00710	0.00947	0.00947	0.01657	0.00947	0.01894	0.02131	0.84138	0.00473	0.00473	0.00237	0.00237
9	0.00772	0.00557	0.00729	0.00686	0.00814	0.00514	0.00514	0.01029	0.01543	0.02186	0.77152	0.04072	0.05144	0.01115	0.00643	0.00171	0.00257	0.00986	0.00600	0.00514
10	0.01163	0.04770	0.68677	0.01563	0.02330	0.01281	0.06482	0.01758	0.01173	0.04393	0.01021	0.01188	0.00722	0.00518	0.00522	0.00172	0.00795	0.00420	0.00249	0.00803
11	0.02232	0.00935	0.01243	0.00944	0.01375	0.00789	0.00776	0.02448	0.01490	0.65431	0.01958	0.01737	0.01261	0.00631	0.00525	0.00154	0.00454	0.00512	0.00617	0.14487
12	0.01004	0.00918	0.01523	0.54493	0.12231	0.01085	0.01345	0.01316	0.01088	0.01432	0.01275	0.11802	0.01163	0.00933	0.05925	0.00232	0.00714	0.00631	0.00283	0.00608
13	0.04728	0.01178	0.01267	0.01172	0.04659	0.01333	0.00880	0.12684	0.54855	0.02370	0.02211	0.02079	0.06669	0.00752	0.00550	0.00180	0.00453	0.00617	0.00529	0.00833
14	0.01644	0.01397	0.06783	0.01260	0.01585	0.01479	0.02573	0.39715	0.06287	0.04320	0.01224	0.01399	0.00944	0.00957	0.04721	0.05837	0.16170	0.00497	0.00429	0.00778
15	0.01016	0.00508	0.00508	0.00508	0.00635	0.00508	0.00381	0.01270	0.01143	0.02033	0.01778	0.02033	0.01397	0.00635	0.00381	0.00127	0.00254	0.00508	0.83867	0.00508
16	0.01361	0.57260	0.04912	0.00944	0.01408	0.01784	0.00914	0.01564	0.01104	0.01411	0.00811	0.00954	0.00724	0.00473	0.00424	0.00115	0.03636	0.00310	0.00254	0.19638
17	0.01193	0.01193	0.01670	0.01431	0.01431	0.01670	0.01193	0.01312	0.00835	0.01312	0.00716	0.01193	0.00716	0.00954	0.01789	0.00239	0.79843	0.00477	0.00239	0.00596
18	0.00664	0.00474	0.00633	0.00759	0.00791	0.00443	0.00506	0.00759	0.01044	0.01392	0.03005	0.80485	0.03606	0.01708	0.00696	0.00221	0.00316	0.01550	0.00506	0.00443

[dist]
# distance from previous block
# <min> <max>
3	7

[block]
# block no. 1 follows, 44 sequences, length 15
# corresponding to MSA columns:
# 114-128
name=unknown_B
#
# <colnr> <probs for GDERKNQSTAVLIFYWHMCP>
#	G	D	E	R	K	N	Q	S	T	A	V	L	I	F	Y	W	H	M	C	P
0	0.01992	0.01460	0.01431	0.01145	0.01526	0.12667	0.00924	0.40075	0.05499	0.16624	0.01468	0.01450	0.01042	0.00641	0.00521	0.00157	0.00590	0.00484	0.07336	0.02969
1	0.13925	0.10626	0.01497	0.01019	0.01421	0.01424	0.00849	0.37586	0.01810	0.07461	0.01327	0.01436	0.03217	0.04358	0.00584	0.00168	0.00529	0.00458	0.00451	0.09854
2	0.01327	0.62824	0.08812	0.00948	0.01394	0.01842	0.00962	0.01552	0.01175	0.01452	0.11970	0.01366	0.01350	0.00566	0.00407	0.00129	0.00554	0.00403	0.00287	0.00681
3	0.00778	0.00583	0.00726	0.00810	0.00883	0.00586	0.00561	0.01084	0.12088	0.01513	0.02827	0.63350	0.03233	0.05226	0.00773	0.00231	0.00348	0.03396	0.00505	0.00501
4	0.01650	0.01181	0.03854	0.01228	0.01605	0.01155	0.11795	0.23759	0.08821	0.18767	0.07080	0.07210	0.03962	0.00921	0.04236	0.00208	0.00594	0.00666	0.00513	0.00793
5	0.01325	0.01260	0.01703	0.16399	0.01969	0.04421	0.03604	0.12262	0.01178	0.01653	0.00868	0.01261	0.00752	0.00802	0.01284	0.00211	0.47628	0.00481	0.00287	0.00652
6	0.00673	0.00535	0.00604	0.00626	0.00764	0.00466	0.00455	0.00823	0.01252	0.01587	0.18363	0.22707	0.46405	0.01408	0.00656	0.00190	0.00282	0.01214	0.00524	0.00466
7	0.01166	0.01005	0.01224	0.00877	0.01362	0.00782	0.03422	0.03757	0.01182	0.01828	0.00985	0.01149	0.00812	0.00414	0.00417	0.00087	0.00429	0.00340	0.00328	0.78433
8	0.01348	0.01120	0.01471	0.01185	0.01536	0.02739	0.11725	0.04465	0.28591	0.08693	0.04689	0.04467	0.05860	0.00720	0.00610	0.00167	0.04214	0.00622	0.00460	0.15318
9	0.01052	0.00876	0.01018	0.00769	0.01160	0.00683	0.00595	0.01254	0.01089	0.01653	0.01341	0.01809	0.04614	0.12264	0.00771	0.00156	0.00419	0.02318	0.00337	0.65822
10	0.04395	0.63716	0.03895	0.01016	0.01449	0.09098	0.02189	0.03034	0.01165	0.01386	0.00826	0.02371	0.00756	0.00514	0.00412	0.00128	0.02370	0.00336	0.00253	0.00689
11	0.01712	0.01233	0.01348	0.01129	0.01489	0.01366	0.00901	0.22757	0.45266	0.13665	0.01960	0.01810	0.01416	0.00707	0.00551	0.00177	0.00482	0.00572	0.00570	0.00890
12	0.01157	0.01009	0.01261	0.00959	0.01374	0.02545	0.06435	0.06267	0.01234	0.01818	0.01297	0.12793	0.01225	0.00619	0.00476	0.00116	0.00457	0.00539	0.00360	0.58057
13	0.01016	0.00508	0.00508	0.00508	0.00635	0.00508	0.00381	0.01270	0.01143	0.02033	0.01778	0.02033	0.01397	0.00635	0.00381	0.00127	0.00254	0.00508	0.83867	0.00508
14	0.01827	0.01630	0.01503	0.01240	0.01559	0.19264	0.00986	0.41352	0.06099	0.02490	0.01235	0.01437	0.00981	0.05866	0.03521	0.00214	0.07094	0.00487	0.00438	0.00776

[dist]
# distance from previous block
# <min> <max>
0	21

[block]
# block no. 2 follows, 44 sequences, length 83
# corresponding to MSA columns:
# 150-191,223-263
name=unknown_C
#
# <colnr> <probs for GDERKNQSTAVLIFYWHMCP>
#	G	D	E	R	K	N	Q	S	T	A	V	L	I	F	Y	W	H	M	C	P
0	0.01033	0.00948	0.01521	0.62232	0.03194	0.01141	0.02814	0.02806	0.05334	0.01550	0.06871	0.01876	0.05157	0.00642	0.00560	0.00181	0.00654	0.00567	0.00306	0.00614
1	0.01016	0.00508	0.00508	0.00508	0.00635	0.00508	0.00381	0.01270	0.01143	0.02033	0.01778	0.02033	0.01397	0.00635	0.00381	0.00127	0.00254	0.00508	0.83867	0.00508
2	0.01257	0.04038	0.05926	0.02007	0.07772	0.01491	0.39504	0.01591	0.01120	0.01587	0.00951	0.01335	0.00782	0.00630	0.01004	0.00198	0.27293	0.00554	0.00259	0.00700
3	0.01357	0.01467	0.01645	0.01426	0.01481	0.16680	0.01166	0.01481	0.00973	0.01316	0.00740	0.01152	0.00713	0.00878	0.01536	0.00219	0.64466	0.00453	0.00247	0.00603
4	0.01142	0.00980	0.01136	0.00823	0.01299	0.00760	0.00657	0.01453	0.05118	0.01803	0.01035	0.01178	0.00853	0.00422	0.00412	0.00086	0.00405	0.00339	0.00335	0.79763
5	0.01953	0.01228	0.01406	0.05330	0.04905	0.06823	0.00942	0.25260	0.05068	0.30293	0.09542	0.01817	0.01526	0.00694	0.00553	0.00166	0.00544	0.00558	0.00552	0.00840
6	0.01093	0.02820	0.78016	0.01554	0.02360	0.01266	0.02014	0.01727	0.01151	0.01727	0.00978	0.01151	0.00691	0.00518	0.00518	0.00173	0.00806	0.00403	0.00230	0.00806
7	0.02037	0.02598	0.01545	0.01404	0.01685	0.78652	0.01053	0.02177	0.01545	0.01334	0.00843	0.00983	0.00702	0.00562	0.00492	0.00140	0.00983	0.00351	0.00281	0.00632
8	0.00947	0.00473	0.00710	0.00710	0.00710	0.00473	0.00473	0.00710	0.00710	0.00947	0.00947	0.01657	0.00947	0.01894	0.02131	0.84138	0.00473	0.00473	0.00237	0.00237
9	0.00668	0.00482	0.00634	0.00753	0.00795	0.00448	0.00509	0.00768	0.01059	0.01401	0.03136	0.74941	0.07493	0.01686	0.00694	0.00220	0.00318	0.03045	0.00506	0.00445
10	0.01016	0.00508	0.00508	0.00508	0.00635	0.00508	0.00381	0.01270	0.01143	0.02033	0.01778	0.02033	0.01397	0.00635	0.00381	0.00127	0.00254	0.00508	0.83867	0.00508
11	0.00664	0.00474	0.00633	0.00759	0.00791	0.00443	0.00506	0.00759	0.01044	0.01392	0.03005	0.80485	0.03606	0.01708	0.00696	0.00221	0.00316	0.01550	0.00506	0.00443
12	0.01252	0.00816	0.00850	0.00738	0.00961	0.00848	0.00577	0.22981	0.01562	0.02305	0.02285	0.02442	0.14390	0.04250	0.00579	0.00165	0.00371	0.00626	0.41386	0.00615
13	0.01016	0.00508	0.00508	0.00508	0.00635	0.00508	0.00381	0.01270	0.01143	0.02033	0.01778	0.02033	0.01397	0.00635	0.00381	0.00127	0.00254	0.00508	0.83867	0.00508
14	0.01360	0.01331	0.02151	0.03142	0.69385	0.03860	0.01618	0.01663	0.01222	0.01732	0.00997	0.01326	0.00847	0.00523	0.00630	0.00167	0.06462	0.00481	0.00268	0.00836
15	0.01282	0.35791	0.37989	0.01310	0.01926	0.04171	0.05559	0.01688	0.01161	0.01537	0.02490	0.01108	0.00796	0.00507	0.00456	0.00149	0.00712	0.00380	0.00243	0.00745
16	0.00761	0.00557	0.00714	0.00674	0.00808	0.00510	0.00506	0.01008	0.01517	0.02125	0.71011	0.04173	0.11323	0.01137	0.00643	0.00173	0.00259	0.01000	0.00592	0.00510
17	0.00686	0.00484	0.00626	0.00731	0.00757	0.00458	0.00476	0.00765	0.01001	0.01334	0.02783	0.67241	0.03326	0.15333	0.01054	0.00274	0.00353	0.01420	0.00476	0.00423
18	0.01016	0.00508	0.00508	0.00508	0.00635	0.00508	0.00381	0.01270	0.01143	0.02033	0.01778	0.02033	0.01397	0.00635	0.00381	0.00127	0.00254	0.00508	0.83867	0.00508
19	0.06342	0.01503	0.01593	0.01227	0.01658	0.01666	0.01013	0.71797	0.02479	0.03385	0.01280	0.01287	0.00910	0.00647	0.00535	0.00164	0.00591	0.00481	0.00535	0.00910
20	0.01030	0.00969	0.01635	0.79530	0.03755	0.01211	0.01514	0.01393	0.01090	0.01393	0.00969	0.01453	0.00727	0.00545	0.00545	0.00182	0.00727	0.00484	0.00242	0.00606
21	0.00793	0.00529	0.00595	0.00595	0.00595	0.00529	0.00330	0.00793	0.00793	0.01057	0.01718	0.03568	0.01982	0.80840	0.02775	0.00529	0.00529	0.00793	0.00330	0.00330
22	0.00723	0.00555	0.00661	0.00634	0.00784	0.00494	0.00476	0.00934	0.01427	0.01911	0.49548	0.04525	0.32919	0.01217	0.00644	0.00176	0.00265	0.01049	0.00564	0.00494
23	0.02037	0.02598	0.01545	0.01404	0.01685	0.78652	0.01053	0.02177	0.01545	0.01334	0.00843	0.00983	0.00702	0.00562	0.00492	0.00140	0.00983	0.00351	0.00281	0.00632
24	0.10158	0.01237	0.02005	0.10716	0.61939	0.01279	0.01542	0.01638	0.01193	0.01813	0.00992	0.01311	0.00821	0.00494	0.00519	0.00165	0.00632	0.00465	0.00274	0.00809
25	0.01193	0.01193	0.01670	0.01431	0.01431	0.01670	0.01193	0.01312	0.00835	0.01312	0.00716	0.01193	0.00716	0.00954	0.01789	0.00239	0.79843	0.00477	0.00239	0.00596
26	0.00879	0.00628	0.00879	0.01004	0.01130	0.00628	0.00879	0.01130	0.01255	0.01632	0.02887	0.06150	0.03138	0.01506	0.00753	0.00251	0.00502	0.73770	0.00502	0.00502
27	0.00670	0.00479	0.00628	0.00745	0.00779	0.00448	0.00494	0.00762	0.01036	0.01376	0.03004	0.74411	0.05478	0.05888	0.00805	0.00237	0.00326	0.01499	0.00497	0.00437
28	0.01339	0.03621	0.21358	0.01511	0.04106	0.06627	0.16643	0.03091	0.01238	0.09135	0.01315	0.01783	0.01071	0.00842	0.04823	0.00217	0.08435	0.06226	0.05909	0.00711
29	0.01193	0.01193	0.01670	0.01431	0.01431	0.01670	0.01193	0.01312	0.00835	0.01312	0.00716	0.01193	0.00716	0.00954	0.01789	0.00239	0.79843	0.00477	0.00239	0.00596
30	0.00852	0.00679	0.00965	0.00924	0.00988	0.00826	0.00710	0.01001	0.00855	0.01238	0.01376	0.02218	0.01356	0.16461	0.52692	0.00708	0.14779	0.00601	0.00289	0.00479
31	0.01264	0.01478	0.08298	0.02327	0.18545	0.01351	0.44473	0.01699	0.03169	0.01722	0.01124	0.03429	0.00908	0.00548	0.00703	0.00184	0.07142	0.00601	0.00281	0.00753
32	0.01197	0.12378	0.27681	0.01699	0.03959	0.01417	0.26236	0.01611	0.01150	0.01607	0.01090	0.06234	0.00928	0.00616	0.00694	0.00179	0.09786	0.00551	0.00265	0.00723
33	0.01481	0.01160	0.01436	0.04246	0.04840	0.01271	0.06121	0.08758	0.46555	0.10272	0.03790	0.02037	0.02837	0.00721	0.00565	0.00181	0.00498	0.01873	0.00522	0.00835
34	0.33072	0.06740	0.01370	0.01106	0.01427	0.31340	0.02634	0.04426	0.05881	0.03450	0.00935	0.01051	0.00743	0.00562	0.00478	0.00158	0.03281	0.00362	0.00331	0.00652
35	0.01202	0.03899	0.01710	0.01414	0.01430	0.01686	0.01184	0.01323	0.00844	0.01311	0.00717	0.01182	0.00715	0.00938	0.01740	0.00234	0.77161	0.00471	0.00238	0.00600
36	0.01296	0.00836	0.00851	0.00732	0.00960	0.02672	0.00572	0.19077	0.01483	0.02308	0.01583	0.01808	0.01240	0.02696	0.00487	0.00143	0.00372	0.00494	0.53653	0.06738
37	0.00672	0.00493	0.00632	0.00724	0.00786	0.00452	0.00495	0.00789	0.01120	0.01482	0.10800	0.62884	0.13456	0.01605	0.00684	0.00211	0.00305	0.01441	0.00516	0.00452
38	0.02393	0.00932	0.01259	0.00969	0.01383	0.00814	0.00799	0.04295	0.01583	0.74091	0.04127	0.01902	0.01441	0.00686	0.00551	0.00169	0.00462	0.00559	0.00670	0.00917
39	0.00795	0.00508	0.00679	0.00775	0.00835	0.00469	0.00528	0.00898	0.01082	0.06992	0.02942	0.74722	0.03440	0.01632	0.00685	0.00218	0.00327	0.01476	0.00518	0.00478
40	0.08127	0.01492	0.01575	0.01215	0.01644	0.01656	0.01004	0.70197	0.02443	0.03363	0.01269	0.01278	0.00902	0.00644	0.00530	0.00164	0.00587	0.00477	0.00530	0.00902
41	0.00787	0.00553	0.00719	0.00719	0.00762	0.00596	0.00485	0.00872	0.00830	0.01149	0.01604	0.02939	0.01709	0.47014	0.36228	0.00682	0.00939	0.00701	0.00313	0.00399
42	0.01996	0.01486	0.01636	0.06991	0.01842	0.01656	0.01071	0.70182	0.02455	0.03286	0.01284	0.01319	0.00912	0.00646	0.00545	0.00165	0.00609	0.00490	0.00523	0.00904
43	0.01458	0.81168	0.02857	0.00933	0.01399	0.02157	0.00933	0.01632	0.01108	0.01283	0.00758	0.00875	0.00700	0.00466	0.00350	0.00117	0.00583	0.00292	0.00233	0.00700
44	0.00664	0.00474	0.00633	0.00759	0.00791	0.00443	0.00506	0.00759	0.01044	0.01392	0.03005	0.80485	0.03606	0.01708	0.00696	0.00221	0.00316	0.01550	0.00506	0.00443
45	0.02072	0.01527	0.01636	0.01254	0.01691	0.01691	0.01036	0.75622	0.02563	0.03436	0.01309	0.01309	0.00927	0.00654	0.00545	0.00164	0.00600	0.00491	0.00545	0.00927
46	0.00765	0.00556	0.00714	0.00675	0.00803	0.00512	0.00503	0.01007	0.01504	0.02111	0.70746	0.04126	0.09259	0.03480	0.00706	0.00183	0.00266	0.00990	0.00587	0.00506
47	0.00947	0.00473	0.00710	0.00710	0.00710	0.00473	0.00473	0.00710	0.00710	0.00947	0.00947	0.01657	0.00947	0.01894	0.02131	0.84138	0.00473	0.00473	0.00237	0.00237
48	0.01016	0.00508	0.00508	0.00508	0.00635	0.00508	0.00381	0.01270	0.01143	0.02033	0.01778	0.02033	0.01397	0.00635	0.00381	0.00127	0.00254	0.00508	0.83867	0.00508
49	0.00792	0.00530	0.00602	0.00602	0.00604	0.00532	0.00339	0.00797	0.00795	0.01062	0.01711	0.03532	0.01967	0.78927	0.04667	0.00537	0.00552	0.00788	0.00329	0.00334
50	0.03384	0.01428	0.09219	0.01131	0.01549	0.05341	0.00994	0.33123	0.04998	0.21673	0.01583	0.04089	0.01147	0.00675	0.00529	0.00165	0.00560	0.00527	0.07043	0.00842
51	0.01016	0.00508	0.00508	0.00508	0.00635	0.00508	0.00381	0.01270	0.01143	0.02033	0.01778	0.02033	0.01397	0.00635	0.00381	0.00127	0.00254	0.00508	0.83867	0.00508
52	0.01512	0.59153	0.11248	0.01082	0.01557	0.14752	0.01077	0.01734	0.01185	0.01342	0.00797	0.00924	0.00699	0.00488	0.00393	0.00127	0.00675	0.00314	0.00241	0.00701
53	0.02259	0.01069	0.01367	0.01062	0.01454	0.01050	0.00877	0.16848	0.03223	0.56116	0.01882	0.01704	0.01227	0.00693	0.00639	0.00173	0.06307	0.00533	0.00615	0.00902
54	0.00779	0.00584	0.00876	0.00876	0.00974	0.00681	0.00681	0.00974	0.00876	0.01266	0.01460	0.02142	0.01363	0.04089	0.78680	0.00876	0.01460	0.00584	0.00292	0.00487
55	0.00664	0.00477	0.00630	0.00752	0.00789	0.00443	0.00503	0.00760	0.01051	0.01394	0.03090	0.77939	0.06096	0.01697	0.00694	0.00220	0.00315	0.01536	0.00506	0.00443
56	0.01472	0.79164	0.02823	0.00945	0.01407	0.04109	0.00936	0.01646	0.01119	0.01284	0.00760	0.00877	0.00700	0.00469	0.00353	0.00117	0.00593	0.00293	0.00234	0.00698
57	0.02085	0.00848	0.01149	0.00909	0.01267	0.00739	0.00739	0.02305	0.01557	0.61488	0.18344	0.02334	0.02169	0.00770	0.00569	0.00169	0.00419	0.00643	0.00659	0.00839
58	0.01277	0.01542	0.07177	0.02258	0.02823	0.01373	0.71572	0.01745	0.01280	0.01745	0.01096	0.01454	0.00820	0.00463	0.00637	0.00183	0.00913	0.00631	0.00273	0.00739
59	0.01108	0.00676	0.00856	0.00785	0.00966	0.00638	0.00602	0.06477	0.01487	0.13616	0.39224	0.12185	0.07965	0.05342	0.00747	0.00201	0.00351	0.05618	0.00571	0.00585
60	0.00645	0.00550	0.00555	0.00559	0.00738	0.00460	0.00417	0.00782	0.01236	0.01470	0.05438	0.07792	0.74728	0.01392	0.00646	0.00185	0.00277	0.01164	0.00506	0.00460
61	0.01057	0.00870	0.01248	0.04747	0.01427	0.00855	0.09852	0.08027	0.08103	0.01782	0.03803	0.27502	0.02151	0.01095	0.00686	0.04233	0.00484	0.08486	0.00435	0.13158
62	0.01246	0.01598	0.14676	0.01942	0.04342	0.01257	0.48359	0.02965	0.01261	0.01778	0.01063	0.01358	0.00805	0.00464	0.00580	0.00164	0.00804	0.00546	0.00281	0.14512
63	0.00664	0.00474	0.00633	0.00759	0.00791	0.00443	0.00506	0.00759	0.01044	0.01392	0.03005	0.80485	0.03606	0.01708	0.00696	0.00221	0.00316	0.01550	0.00506	0.00443
64	0.01075	0.01055	0.01890	0.65294	0.03555	0.01249	0.13376	0.01448	0.01116	0.01448	0.00985	0.01450	0.00743	0.00541	0.00590	0.00183	0.02620	0.00510	0.00248	0.00626
65	0.01272	0.01043	0.01194	0.00875	0.01332	0.00878	0.00701	0.13752	0.01373	0.02049	0.02929	0.01285	0.00960	0.02166	0.00484	0.00106	0.00436	0.00377	0.00367	0.66423
66	0.00830	0.00574	0.00720	0.00673	0.00824	0.00519	0.00506	0.01058	0.01473	0.05709	0.58738	0.04170	0.18155	0.02819	0.00683	0.00181	0.00276	0.00991	0.00581	0.00521
67	0.00964	0.00851	0.01209	0.01103	0.01150	0.01111	0.00884	0.01111	0.00852	0.01271	0.01147	0.01823	0.01120	0.08317	0.38854	0.00567	0.36320	0.00552	0.00271	0.00524
68	0.01083	0.02365	0.58732	0.01538	0.02213	0.01193	0.11620	0.01617	0.01126	0.01649	0.01084	0.01484	0.00864	0.10153	0.00806	0.00217	0.00788	0.00482	0.00248	0.00739
69	0.01362	0.00935	0.01067	0.00941	0.01214	0.00985	0.00733	0.06033	0.34359	0.14958	0.16924	0.06996	0.09329	0.00909	0.00586	0.00180	0.00392	0.00770	0.00576	0.00750
70	0.02219	0.00885	0.01196	0.00946	0.01325	0.00777	0.00769	0.02457	0.03389	0.67220	0.05303	0.07714	0.01679	0.00770	0.00563	0.00173	0.00444	0.00641	0.00656	0.00874
71	0.00916	0.00786	0.01139	0.01060	0.01125	0.01009	0.00851	0.01086	0.00862	0.01281	0.01213	0.01827	0.01148	0.03050	0.53189	0.00665	0.27445	0.00549	0.00274	0.00523
72	0.00669	0.00518	0.00610	0.00661	0.00770	0.00459	0.00468	0.00801	0.01189	0.01522	0.12988	0.38987	0.35416	0.01496	0.00667	0.00199	0.00292	0.01311	0.00517	0.00459
73	0.00696	0.00498	0.00657	0.00773	0.00819	0.00470	0.00538	0.00805	0.01061	0.01405	0.02997	0.65423	0.05635	0.05864	0.00811	0.00240	0.00348	0.10021	0.00496	0.00444
74	0.01349	0.01295	0.02213	0.03346	0.77440	0.01295	0.01673	0.01673	0.01241	0.01781	0.01025	0.01349	0.00864	0.00486	0.00540	0.00162	0.00648	0.00486	0.00270	0.00864
75	0.00793	0.00529	0.00595	0.00595	0.00595	0.00529	0.00330	0.00793	0.00793	0.01057	0.01718	0.03568	0.01982	0.80840	0.02775	0.00529	0.00529	0.00793	0.00330	0.00330
76	0.72320	0.01291	0.03152	0.00824	0.01168	0.10520	0.00688	0.01675	0.01008	0.02291	0.00776	0.00905	0.00607	0.00513	0.00361	0.00165	0.00500	0.00305	0.00327	0.00602
77	0.01131	0.08251	0.57813	0.01568	0.02277	0.01308	0.12268	0.01685	0.01188	0.01721	0.05012	0.01331	0.00946	0.00537	0.00530	0.00170	0.00776	0.00460	0.00256	0.00773
78	0.01591	0.00985	0.01334	0.21473	0.01990	0.00929	0.00945	0.05735	0.01339	0.27012	0.01379	0.01465	0.00973	0.00544	0.00496	0.00141	0.00519	0.00449	0.00430	0.30271
79	0.01227	0.00966	0.01140	0.00819	0.01299	0.00732	0.00657	0.01467	0.01162	0.07349	0.01056	0.01184	0.00847	0.00424	0.00414	0.00087	0.00408	0.00340	0.00349	0.78073
80	0.01158	0.00985	0.01145	0.00821	0.01304	0.00755	0.00657	0.03547	0.01172	0.01825	0.00979	0.01136	0.00811	0.00411	0.00408	0.00083	0.00409	0.00328	0.00330	0.81735
81	0.00770	0.00562	0.00668	0.00674	0.00745	0.00533	0.00440	0.00845	0.00974	0.01307	0.05604	0.26102	0.10926	0.37866	0.01643	0.00346	0.02027	0.01022	0.00411	0.06535
82	0.02881	0.00952	0.01508	0.57562	0.03060	0.01104	0.02995	0.01352	0.01091	0.01475	0.01184	0.05578	0.02864	0.00616	0.00566	0.00172	0.02668	0.00535	0.00276	0.11562

[dist]
# distance from previous block
# <min> <max>
0	20

# created by:
# /st0/software/busco_prod/Augustus/scripts/msa2prfl.pl ./align_prep/187064.fa
