[name]
unknown

[dist]
# distance from previous block
# <min> <max>
0	69

[block]
# block no. 0 follows, 47 sequences, length 45
# corresponding to MSA columns:
# 69-113
name=unknown_A
#
# <colnr> <probs for GDERKNQSTAVLIFYWHMCP>
#	G	D	E	R	K	N	Q	S	T	A	V	L	I	F	Y	W	H	M	C	P
0	0.00858	0.00638	0.00946	0.01018	0.01158	0.00634	0.04477	0.01107	0.01200	0.01564	0.02675	0.05660	0.02891	0.01391	0.00714	0.00237	0.00499	0.71374	0.00469	0.00490
1	0.00780	0.00605	0.00917	0.00963	0.04665	0.00702	0.00708	0.00970	0.00853	0.01234	0.01357	0.01987	0.01264	0.03667	0.73921	0.00789	0.03305	0.00551	0.00277	0.00485
2	0.01178	0.01204	0.01589	0.01366	0.01379	0.05343	0.01133	0.01293	0.00830	0.01254	0.00689	0.01130	0.00683	0.00893	0.01649	0.00223	0.76911	0.00450	0.00230	0.00571
3	0.01080	0.00926	0.01080	0.00771	0.01234	0.00694	0.00617	0.01311	0.01080	0.01697	0.00926	0.01080	0.00771	0.00386	0.00386	0.00077	0.00386	0.00309	0.00309	0.84882
4	0.01461	0.01201	0.01271	0.01093	0.01417	0.01373	0.00864	0.20639	0.59368	0.02445	0.01909	0.01776	0.01420	0.00687	0.00528	0.00172	0.00451	0.00560	0.00528	0.00839
5	0.00983	0.00926	0.01562	0.80447	0.03587	0.01157	0.01446	0.01331	0.01041	0.01331	0.00926	0.01388	0.00694	0.00521	0.00521	0.00174	0.00694	0.00463	0.00231	0.00579
6	0.82972	0.01005	0.00774	0.00687	0.01014	0.01155	0.00565	0.01525	0.00892	0.02318	0.00731	0.00853	0.00570	0.00481	0.00324	0.00159	0.00402	0.00283	0.00322	0.02969
7	0.85377	0.01007	0.00765	0.00685	0.01007	0.01168	0.00564	0.01531	0.00886	0.02336	0.00725	0.00846	0.00564	0.00483	0.00322	0.00161	0.00403	0.00282	0.00322	0.00564
8	0.00737	0.00532	0.00696	0.00655	0.00778	0.00491	0.00491	0.00983	0.01474	0.02088	0.78175	0.03890	0.04914	0.01065	0.00614	0.00164	0.00246	0.00942	0.00573	0.00491
9	0.00983	0.00926	0.01562	0.80447	0.03587	0.01157	0.01446	0.01331	0.01041	0.01331	0.00926	0.01388	0.00694	0.00521	0.00521	0.00174	0.00694	0.00463	0.00231	0.00579
10	0.85377	0.01007	0.00765	0.00685	0.01007	0.01168	0.00564	0.01531	0.00886	0.02336	0.00725	0.00846	0.00564	0.00483	0.00322	0.00161	0.00403	0.00282	0.00322	0.00564
11	0.85377	0.01007	0.00765	0.00685	0.01007	0.01168	0.00564	0.01531	0.00886	0.02336	0.00725	0.00846	0.00564	0.00483	0.00322	0.00161	0.00403	0.00282	0.00322	0.00564
12	0.00983	0.00926	0.01562	0.80447	0.03587	0.01157	0.01446	0.01331	0.01041	0.01331	0.00926	0.01388	0.00694	0.00521	0.00521	0.00174	0.00694	0.00463	0.00231	0.00579
13	0.01392	0.82012	0.02729	0.00891	0.01337	0.02061	0.00891	0.01559	0.01058	0.01225	0.00724	0.00835	0.00668	0.00446	0.00334	0.00111	0.00557	0.00278	0.00223	0.00668
14	0.01229	0.01405	0.03073	0.02195	0.02722	0.01317	0.76558	0.01668	0.01229	0.01668	0.01054	0.01405	0.00790	0.00439	0.00615	0.00176	0.00878	0.00615	0.00263	0.00702
15	0.00757	0.00505	0.00568	0.00568	0.00568	0.00505	0.00316	0.00757	0.00757	0.01010	0.01641	0.03408	0.01893	0.81698	0.02651	0.00505	0.00505	0.00757	0.00316	0.00316
16	0.01668	0.01424	0.01707	0.01885	0.28112	0.07343	0.01184	0.37487	0.09712	0.02470	0.01213	0.01312	0.00921	0.00571	0.00516	0.00156	0.00600	0.00470	0.00412	0.00837
17	0.00905	0.00452	0.00678	0.00678	0.00678	0.00452	0.00452	0.00678	0.00678	0.00905	0.00905	0.01583	0.00905	0.01809	0.02035	0.84848	0.00452	0.00452	0.00226	0.00226
18	0.01348	0.71848	0.12502	0.00967	0.01454	0.01952	0.01023	0.01571	0.01063	0.01280	0.00751	0.00869	0.00667	0.00452	0.00355	0.00118	0.00584	0.00292	0.00222	0.00681
19	0.01355	0.73544	0.10871	0.00954	0.01435	0.01970	0.01001	0.01569	0.01063	0.01270	0.00746	0.00864	0.00667	0.00451	0.00351	0.00117	0.00580	0.00290	0.00222	0.00679
20	0.00737	0.00532	0.00696	0.00655	0.00778	0.00491	0.00491	0.00983	0.01474	0.02088	0.78175	0.03890	0.04914	0.01065	0.00614	0.00164	0.00246	0.00942	0.00573	0.00491
21	0.01289	0.01237	0.02114	0.03196	0.78450	0.01237	0.01598	0.01598	0.01186	0.01701	0.00980	0.01289	0.00825	0.00464	0.00516	0.00155	0.00619	0.00464	0.00258	0.00825
22	0.01109	0.00615	0.00815	0.00718	0.00906	0.00555	0.00555	0.01345	0.01478	0.19950	0.60453	0.03397	0.04070	0.00967	0.00593	0.00163	0.00292	0.00844	0.00590	0.00583
23	0.01392	0.82012	0.02729	0.00891	0.01337	0.02061	0.00891	0.01559	0.01058	0.01225	0.00724	0.00835	0.00668	0.00446	0.00334	0.00111	0.00557	0.00278	0.00223	0.00668
24	0.01289	0.01237	0.02114	0.03196	0.78450	0.01237	0.01598	0.01598	0.01186	0.01701	0.00980	0.01289	0.00825	0.00464	0.00516	0.00155	0.00619	0.00464	0.00258	0.00825
25	0.01088	0.01064	0.01497	0.01299	0.01311	0.01473	0.01076	0.01212	0.00803	0.01248	0.00775	0.01256	0.00763	0.01298	0.11769	0.00306	0.70502	0.00469	0.00234	0.00556
26	0.00983	0.00926	0.01562	0.80447	0.03587	0.01157	0.01446	0.01331	0.01041	0.01331	0.00926	0.01388	0.00694	0.00521	0.00521	0.00174	0.00694	0.00463	0.00231	0.00579
27	0.01045	0.02694	0.79000	0.01484	0.02254	0.01209	0.01924	0.01649	0.01099	0.01649	0.00935	0.01099	0.00660	0.00495	0.00495	0.00165	0.00770	0.00385	0.00220	0.00770
28	0.01945	0.02482	0.01476	0.01342	0.01610	0.79608	0.01006	0.02079	0.01476	0.01275	0.00805	0.00939	0.00671	0.00537	0.00470	0.00134	0.00939	0.00335	0.00268	0.00604
29	0.00744	0.00556	0.00829	0.00829	0.00919	0.00647	0.00641	0.00925	0.00835	0.01203	0.01402	0.02087	0.01320	0.06241	0.77323	0.00827	0.01368	0.00564	0.00280	0.00460
30	0.00635	0.00474	0.00591	0.00676	0.00744	0.00430	0.00464	0.00742	0.01063	0.01383	0.06965	0.60069	0.20803	0.01533	0.00651	0.00201	0.00291	0.01367	0.00488	0.00430
31	0.85377	0.01007	0.00765	0.00685	0.01007	0.01168	0.00564	0.01531	0.00886	0.02336	0.00725	0.00846	0.00564	0.00483	0.00322	0.00161	0.00403	0.00282	0.00322	0.00564
32	0.01139	0.01139	0.01595	0.01367	0.01367	0.01595	0.01139	0.01253	0.00798	0.01253	0.00684	0.01139	0.00684	0.00911	0.01709	0.00228	0.80745	0.00456	0.00228	0.00570
33	0.01980	0.01459	0.01563	0.01198	0.01615	0.01615	0.00990	0.76713	0.02448	0.03282	0.01250	0.01250	0.00886	0.00625	0.00521	0.00156	0.00573	0.00469	0.00521	0.00886
34	0.00641	0.00522	0.00567	0.00569	0.00722	0.00448	0.00422	0.00791	0.01227	0.01533	0.19234	0.11283	0.57636	0.01296	0.00619	0.00177	0.00264	0.01101	0.00501	0.00448
35	0.01248	0.01180	0.01998	0.02994	0.71442	0.01180	0.01529	0.01551	0.01187	0.01688	0.01141	0.01704	0.01022	0.00552	0.00534	0.00162	0.00606	0.07210	0.00278	0.00794
36	0.02336	0.00886	0.01209	0.00927	0.01329	0.00765	0.00765	0.02538	0.01491	0.78810	0.02055	0.01773	0.01289	0.00645	0.00524	0.00161	0.00443	0.00524	0.00645	0.00886
37	0.01138	0.00924	0.01086	0.00778	0.01239	0.00697	0.00624	0.01368	0.01099	0.05238	0.00977	0.01112	0.00795	0.00398	0.00392	0.00081	0.00388	0.00318	0.00324	0.81025
38	0.00733	0.00532	0.00691	0.00651	0.00776	0.00490	0.00488	0.00976	0.01465	0.02068	0.75986	0.03924	0.07115	0.01072	0.00614	0.00164	0.00246	0.00947	0.00571	0.00490
39	0.85377	0.01007	0.00765	0.00685	0.01007	0.01168	0.00564	0.01531	0.00886	0.02336	0.00725	0.00846	0.00564	0.00483	0.00322	0.00161	0.00403	0.00282	0.00322	0.00564
40	0.00983	0.00926	0.01562	0.80447	0.03587	0.01157	0.01446	0.01331	0.01041	0.01331	0.00926	0.01388	0.00694	0.00521	0.00521	0.00174	0.00694	0.00463	0.00231	0.00579
41	0.00905	0.00452	0.00678	0.00678	0.00678	0.00452	0.00452	0.00678	0.00678	0.00905	0.00905	0.01583	0.00905	0.01809	0.02035	0.84848	0.00452	0.00452	0.00226	0.00226
42	0.01229	0.01405	0.03073	0.02195	0.02722	0.01317	0.76558	0.01668	0.01229	0.01668	0.01054	0.01405	0.00790	0.00439	0.00615	0.00176	0.00878	0.00615	0.00263	0.00702
43	0.01279	0.01228	0.02097	0.05609	0.76112	0.01235	0.01593	0.01590	0.01181	0.01690	0.00978	0.01292	0.00821	0.00466	0.00516	0.00155	0.00621	0.00464	0.00257	0.00817
44	0.82806	0.01059	0.03150	0.00709	0.01045	0.01170	0.00605	0.01534	0.00893	0.02316	0.00732	0.00854	0.00567	0.00484	0.00328	0.00161	0.00414	0.00285	0.00319	0.00570

[dist]
# distance from previous block
# <min> <max>
0	17

[block]
# block no. 1 follows, 47 sequences, length 13
# corresponding to MSA columns:
# 131-143
name=unknown_B
#
# <colnr> <probs for GDERKNQSTAVLIFYWHMCP>
#	G	D	E	R	K	N	Q	S	T	A	V	L	I	F	Y	W	H	M	C	P
0	0.01289	0.01237	0.02114	0.03196	0.78450	0.01237	0.01598	0.01598	0.01186	0.01701	0.00980	0.01289	0.00825	0.00464	0.00516	0.00155	0.00619	0.00464	0.00258	0.00825
1	0.01392	0.82012	0.02729	0.00891	0.01337	0.02061	0.00891	0.01559	0.01058	0.01225	0.00724	0.00835	0.00668	0.00446	0.00334	0.00111	0.00557	0.00278	0.00223	0.00668
2	0.00634	0.00453	0.00604	0.00725	0.00755	0.00423	0.00483	0.00725	0.00997	0.01329	0.02870	0.81358	0.03444	0.01632	0.00665	0.00211	0.00302	0.01480	0.00483	0.00423
3	0.01083	0.01042	0.01302	0.01152	0.01197	0.05332	0.00918	0.01283	0.06497	0.01292	0.01186	0.05794	0.02944	0.13038	0.04426	0.00280	0.49835	0.00576	0.00286	0.00538
4	0.00905	0.00452	0.00678	0.00678	0.00678	0.00452	0.00452	0.00678	0.00678	0.00905	0.00905	0.01583	0.00905	0.01809	0.02035	0.84848	0.00452	0.00452	0.00226	0.00226
5	0.00744	0.00558	0.00837	0.00837	0.00930	0.00651	0.00651	0.00930	0.00837	0.01209	0.01395	0.02046	0.01302	0.03906	0.79635	0.00837	0.01395	0.00558	0.00279	0.00465
6	0.01844	0.01128	0.01256	0.01036	0.01391	0.04435	0.00831	0.12894	0.32772	0.33661	0.01917	0.01735	0.01330	0.00663	0.00524	0.00166	0.00469	0.00535	0.00565	0.00849
7	0.01050	0.00994	0.01683	0.63530	0.19980	0.01175	0.01480	0.01389	0.01073	0.01412	0.00937	0.01367	0.00723	0.00508	0.00520	0.00169	0.00678	0.00463	0.00237	0.00632
8	0.11275	0.67783	0.06994	0.00902	0.01352	0.01905	0.00913	0.01561	0.01040	0.01381	0.00737	0.00852	0.00655	0.00453	0.00342	0.00120	0.00551	0.00285	0.00234	0.00662
9	0.07520	0.01288	0.01933	0.02803	0.64626	0.05855	0.01451	0.01676	0.04735	0.01745	0.01004	0.01266	0.00832	0.00481	0.00499	0.00155	0.00612	0.00449	0.00276	0.00793
10	0.07736	0.01563	0.01968	0.04833	0.50552	0.17631	0.03929	0.01775	0.01303	0.01768	0.01058	0.01371	0.00894	0.00571	0.00552	0.00177	0.00723	0.00471	0.00311	0.00813
11	0.07356	0.01336	0.01534	0.01183	0.01591	0.01447	0.05458	0.53589	0.07306	0.11869	0.01358	0.01342	0.00954	0.00613	0.00515	0.00160	0.00554	0.00480	0.00508	0.00850
12	0.07513	0.13549	0.10766	0.01589	0.13937	0.02929	0.16822	0.04902	0.01198	0.08696	0.01211	0.07290	0.01038	0.00649	0.00571	0.03743	0.00620	0.01964	0.00321	0.00692

[dist]
# distance from previous block
# <min> <max>
3	7

[block]
# block no. 2 follows, 47 sequences, length 70
# corresponding to MSA columns:
# 151-220
name=unknown_C
#
# <colnr> <probs for GDERKNQSTAVLIFYWHMCP>
#	G	D	E	R	K	N	Q	S	T	A	V	L	I	F	Y	W	H	M	C	P
0	0.01621	0.00731	0.00998	0.02424	0.01179	0.00659	0.00712	0.01812	0.01336	0.44301	0.07313	0.17967	0.03399	0.00992	0.00588	0.00184	0.00411	0.12106	0.00573	0.00696
1	0.01284	0.01232	0.02109	0.06827	0.71062	0.01243	0.04044	0.02874	0.01202	0.01710	0.00984	0.01297	0.00819	0.00469	0.00519	0.00156	0.00630	0.00469	0.00261	0.00810
2	0.01317	0.05744	0.58898	0.01341	0.02015	0.01161	0.01630	0.01842	0.02726	0.16735	0.01169	0.01237	0.00802	0.00526	0.00494	0.00162	0.00689	0.00412	0.00309	0.00789
3	0.01045	0.02694	0.79000	0.01484	0.02254	0.01209	0.01924	0.01649	0.01099	0.01649	0.00935	0.01099	0.00660	0.00495	0.00495	0.00165	0.00770	0.00385	0.00220	0.00770
4	0.00619	0.00528	0.00533	0.00532	0.00706	0.00441	0.00399	0.00755	0.01196	0.01429	0.07622	0.04976	0.75878	0.01311	0.00615	0.00175	0.00263	0.01094	0.00486	0.00441
5	0.01121	0.01274	0.09243	0.36253	0.22619	0.01217	0.17732	0.01502	0.01125	0.01529	0.00968	0.01339	0.00745	0.00486	0.00537	0.00168	0.00721	0.00489	0.00244	0.00687
6	0.00983	0.00921	0.01551	0.74981	0.06240	0.01136	0.01420	0.01320	0.01045	0.01344	0.00992	0.04024	0.00790	0.00555	0.00525	0.00174	0.00678	0.00496	0.00241	0.00582
7	0.00647	0.00529	0.00571	0.00560	0.00723	0.00453	0.00420	0.00808	0.01260	0.01581	0.23938	0.04725	0.59467	0.01254	0.00615	0.00173	0.00259	0.01059	0.00507	0.00453
8	0.01289	0.01237	0.02114	0.03196	0.78450	0.01237	0.01598	0.01598	0.01186	0.01701	0.00980	0.01289	0.00825	0.00464	0.00516	0.00155	0.00619	0.00464	0.00258	0.00825
9	0.01172	0.04081	0.70258	0.01421	0.02150	0.01185	0.01796	0.01730	0.01135	0.08828	0.01035	0.01157	0.00718	0.00508	0.00494	0.00164	0.00735	0.00396	0.00260	0.00779
10	0.01082	0.02433	0.63622	0.01628	0.02349	0.01231	0.17041	0.01653	0.01126	0.01653	0.00959	0.01161	0.00686	0.00483	0.00519	0.00167	0.00792	0.00431	0.00229	0.00756
11	0.01045	0.02694	0.79000	0.01484	0.02254	0.01209	0.01924	0.01649	0.01099	0.01649	0.00935	0.01099	0.00660	0.00495	0.00495	0.00165	0.00770	0.00385	0.00220	0.00770
12	0.01083	0.11527	0.70506	0.01418	0.02152	0.01304	0.01809	0.01639	0.01095	0.01602	0.00911	0.01070	0.00661	0.00489	0.00477	0.00159	0.00746	0.00373	0.00220	0.00758
13	0.01229	0.01405	0.03073	0.02195	0.02722	0.01317	0.76558	0.01668	0.01229	0.01668	0.01054	0.01405	0.00790	0.00439	0.00615	0.00176	0.00878	0.00615	0.00263	0.00702
14	0.02246	0.00922	0.01219	0.00944	0.01335	0.00829	0.00776	0.09055	0.01558	0.69441	0.02011	0.04468	0.01328	0.00677	0.00528	0.00162	0.00450	0.00552	0.00628	0.00870
15	0.00839	0.00599	0.00839	0.00959	0.01079	0.00599	0.00839	0.01079	0.01199	0.01558	0.02757	0.05874	0.02997	0.01439	0.00719	0.00240	0.00480	0.74945	0.00480	0.00480
16	0.00994	0.00945	0.01624	0.77242	0.03551	0.01164	0.04522	0.01344	0.01049	0.01344	0.00931	0.01389	0.00698	0.00517	0.00524	0.00174	0.00702	0.00469	0.00233	0.00584
17	0.01045	0.02694	0.79000	0.01484	0.02254	0.01209	0.01924	0.01649	0.01099	0.01649	0.00935	0.01099	0.00660	0.00495	0.00495	0.00165	0.00770	0.00385	0.00220	0.00770
18	0.02336	0.00886	0.01209	0.00927	0.01329	0.00765	0.00765	0.02538	0.01491	0.78810	0.02055	0.01773	0.01289	0.00645	0.00524	0.00161	0.00443	0.00524	0.00645	0.00886
19	0.00634	0.00453	0.00604	0.00725	0.00755	0.00423	0.00483	0.00725	0.00997	0.01329	0.02870	0.81358	0.03444	0.01632	0.00665	0.00211	0.00302	0.01480	0.00483	0.00423
20	0.85377	0.01007	0.00765	0.00685	0.01007	0.01168	0.00564	0.01531	0.00886	0.02336	0.00725	0.00846	0.00564	0.00483	0.00322	0.00161	0.00403	0.00282	0.00322	0.00564
21	0.00634	0.00453	0.00604	0.00725	0.00755	0.00423	0.00483	0.00725	0.00997	0.01329	0.02870	0.81358	0.03444	0.01632	0.00665	0.00211	0.00302	0.01480	0.00483	0.00423
22	0.02301	0.00878	0.01197	0.00921	0.01317	0.00759	0.00759	0.02503	0.01490	0.77110	0.03741	0.01819	0.01369	0.00654	0.00526	0.00161	0.00439	0.00533	0.00643	0.00878
23	0.01080	0.00926	0.01080	0.00771	0.01234	0.00694	0.00617	0.01311	0.01080	0.01697	0.00926	0.01080	0.00771	0.00386	0.00386	0.00077	0.00386	0.00309	0.00309	0.84882
24	0.01289	0.01226	0.02027	0.02997	0.71269	0.01243	0.01526	0.01707	0.08295	0.01746	0.01086	0.01350	0.00896	0.00487	0.00517	0.00157	0.00599	0.00476	0.00283	0.00825
25	0.01092	0.00980	0.01532	0.67582	0.03238	0.01202	0.01359	0.08625	0.03697	0.01555	0.01005	0.01398	0.00753	0.00545	0.00538	0.00172	0.01988	0.00468	0.01658	0.00614
26	0.02045	0.08764	0.01519	0.01065	0.01470	0.04003	0.00889	0.36138	0.03942	0.32523	0.01524	0.01424	0.01035	0.00615	0.00503	0.00154	0.00529	0.00471	0.00533	0.00854
27	0.04372	0.01457	0.01454	0.01343	0.08657	0.15874	0.03100	0.26546	0.19893	0.02298	0.05986	0.01507	0.01236	0.00622	0.00510	0.00156	0.00584	0.00494	0.00434	0.03477
28	0.01034	0.00990	0.01696	0.65947	0.09124	0.01184	0.06512	0.01411	0.03131	0.01403	0.00967	0.01393	0.00735	0.00522	0.00545	0.00173	0.01900	0.00476	0.00244	0.00612
29	0.03063	0.01223	0.01224	0.00934	0.01356	0.10388	0.00746	0.16509	0.02988	0.04548	0.01034	0.01133	0.00812	0.00469	0.00429	0.00106	0.00492	0.00356	0.00362	0.51826
30	0.01230	0.01385	0.02959	0.02235	0.07789	0.01321	0.69010	0.01650	0.01212	0.01657	0.01036	0.01388	0.00789	0.00456	0.00644	0.00176	0.03496	0.00599	0.00262	0.00706
31	0.75958	0.00965	0.00766	0.00689	0.00992	0.01108	0.00562	0.01502	0.02340	0.02310	0.07964	0.01150	0.00988	0.00542	0.00353	0.00162	0.00388	0.00349	0.00349	0.00562
32	0.01871	0.02278	0.01445	0.01302	0.01580	0.67080	0.00984	0.05400	0.10393	0.01467	0.00978	0.01070	0.00787	0.00560	0.00479	0.00140	0.00862	0.00371	0.00310	0.00642
33	0.00992	0.00934	0.01578	0.78252	0.05713	0.01159	0.01451	0.01338	0.01045	0.01341	0.00927	0.01386	0.00698	0.00519	0.00521	0.00173	0.00692	0.00463	0.00232	0.00586
34	0.00634	0.00456	0.00602	0.00718	0.00754	0.00424	0.00480	0.00726	0.01004	0.01332	0.02953	0.78728	0.06021	0.01621	0.00663	0.00210	0.00301	0.01467	0.00483	0.00424
35	0.01392	0.82012	0.02729	0.00891	0.01337	0.02061	0.00891	0.01559	0.01058	0.01225	0.00724	0.00835	0.00668	0.00446	0.00334	0.00111	0.00557	0.00278	0.00223	0.00668
36	0.01289	0.01237	0.02114	0.03196	0.78450	0.01237	0.01598	0.01598	0.01186	0.01701	0.00980	0.01289	0.00825	0.00464	0.00516	0.00155	0.00619	0.00464	0.00258	0.00825
37	0.01140	0.01153	0.01722	0.01436	0.01489	0.01550	0.08383	0.01287	0.00840	0.01292	0.00733	0.01183	0.00706	0.00925	0.03128	0.00235	0.71512	0.00473	0.00232	0.00580
38	0.01054	0.04780	0.76994	0.01469	0.02230	0.01232	0.01897	0.01647	0.01098	0.01638	0.00929	0.01093	0.00660	0.00493	0.00491	0.00164	0.00764	0.00382	0.00220	0.00767
39	0.00726	0.00510	0.00658	0.00685	0.00720	0.00532	0.00455	0.00803	0.00834	0.01140	0.01834	0.20028	0.02052	0.40431	0.25738	0.00542	0.00733	0.00854	0.00341	0.00385
40	0.01787	0.01332	0.08683	0.01211	0.03658	0.01241	0.04538	0.33815	0.09151	0.21815	0.06160	0.01603	0.01272	0.00639	0.00530	0.00162	0.00539	0.00522	0.00509	0.00835
41	0.01066	0.07509	0.74370	0.01448	0.02198	0.01261	0.01861	0.01644	0.01097	0.01623	0.00922	0.01083	0.00660	0.00492	0.00485	0.00162	0.00757	0.00378	0.00220	0.00763
42	0.00634	0.00453	0.00604	0.00725	0.00755	0.00423	0.00483	0.00725	0.00997	0.01329	0.02870	0.81358	0.03444	0.01632	0.00665	0.00211	0.00302	0.01480	0.00483	0.00423
43	0.00700	0.00524	0.00649	0.00633	0.00759	0.00473	0.00469	0.00905	0.01364	0.01862	0.54504	0.11362	0.21531	0.01176	0.00619	0.00171	0.00255	0.01028	0.00544	0.00473
44	0.01282	0.01230	0.02101	0.04985	0.76716	0.01235	0.01595	0.01592	0.01182	0.01693	0.00978	0.01291	0.00822	0.00465	0.00516	0.00155	0.00620	0.00464	0.00257	0.00819
45	0.00995	0.00926	0.01505	0.70989	0.03307	0.01102	0.01348	0.01328	0.01046	0.01374	0.00926	0.01352	0.00703	0.00505	0.00505	0.00162	0.00658	0.00444	0.00241	0.10585
46	0.78631	0.01054	0.03002	0.00716	0.01048	0.01164	0.00609	0.03503	0.00939	0.02332	0.00770	0.00892	0.00595	0.00491	0.00333	0.00160	0.00414	0.00295	0.02478	0.00576
47	0.01874	0.01417	0.01591	0.01376	0.08756	0.01560	0.01036	0.65228	0.06888	0.03068	0.01278	0.01296	0.00923	0.00615	0.00521	0.00157	0.00568	0.00476	0.00497	0.00876
48	0.01394	0.01097	0.01180	0.01047	0.01352	0.01245	0.00819	0.02745	0.70275	0.09471	0.02113	0.01927	0.01561	0.00701	0.00529	0.00175	0.00415	0.00583	0.00541	0.00830
49	0.02239	0.00865	0.01177	0.00910	0.01296	0.00749	0.00749	0.02444	0.01490	0.74153	0.06676	0.01901	0.01509	0.00670	0.00529	0.00161	0.00431	0.00549	0.00640	0.00862
50	0.01045	0.02694	0.79000	0.01484	0.02254	0.01209	0.01924	0.01649	0.01099	0.01649	0.00935	0.01099	0.00660	0.00495	0.00495	0.00165	0.00770	0.00385	0.00220	0.00770
51	0.01393	0.69796	0.09757	0.00974	0.01439	0.06689	0.00994	0.01599	0.01087	0.01268	0.00749	0.00866	0.00668	0.00456	0.00357	0.00118	0.00600	0.00292	0.00225	0.00674
52	0.00651	0.00465	0.00622	0.00738	0.00777	0.00436	0.00506	0.00756	0.01025	0.01368	0.05287	0.74037	0.03463	0.01601	0.00667	0.00212	0.00312	0.06161	0.00486	0.00429
53	0.66912	0.01113	0.03476	0.00791	0.01145	0.01202	0.00675	0.11189	0.01129	0.07077	0.00880	0.00962	0.00652	0.00512	0.00366	0.00161	0.00439	0.00324	0.00364	0.00631
54	0.08412	0.01350	0.20630	0.01038	0.01530	0.00904	0.01031	0.02163	0.01321	0.48859	0.01602	0.01490	0.01044	0.00579	0.00492	0.00157	0.00518	0.00457	0.00493	0.05931
55	0.72482	0.01045	0.00852	0.00751	0.01076	0.01207	0.00614	0.06210	0.08118	0.02379	0.00887	0.00973	0.00679	0.00513	0.00354	0.00162	0.00414	0.00322	0.00354	0.00608
56	0.01141	0.01151	0.01482	0.01326	0.03079	0.07162	0.01065	0.01272	0.00862	0.01258	0.00809	0.01268	0.00781	0.01334	0.13580	0.00313	0.60854	0.00463	0.00239	0.00562
57	0.02187	0.00993	0.01258	0.00979	0.01374	0.00940	0.00804	0.13537	0.08713	0.60494	0.01942	0.01711	0.01257	0.00647	0.00524	0.00162	0.00459	0.00522	0.00616	0.00880
58	0.01207	0.12240	0.62413	0.01360	0.02055	0.01272	0.01690	0.01721	0.01131	0.08784	0.01013	0.01130	0.00719	0.00503	0.00478	0.00158	0.00713	0.00385	0.00260	0.00768
59	0.02336	0.00886	0.01209	0.00927	0.01329	0.00765	0.00765	0.02538	0.01491	0.78810	0.02055	0.01773	0.01289	0.00645	0.00524	0.00161	0.00443	0.00524	0.00645	0.00886
60	0.01978	0.05940	0.08489	0.00946	0.01354	0.00854	0.00850	0.02220	0.01426	0.58261	0.10454	0.01892	0.01602	0.00666	0.00520	0.00159	0.00458	0.00543	0.00571	0.00818
61	0.01059	0.01015	0.01874	0.40198	0.04362	0.01136	0.22258	0.01334	0.01029	0.01368	0.00942	0.01400	0.00752	0.00705	0.00843	0.12021	0.06394	0.00503	0.00240	0.00568
62	0.00722	0.00529	0.00677	0.00646	0.00770	0.00484	0.00482	0.00953	0.01432	0.02000	0.68961	0.06488	0.11696	0.01107	0.00616	0.00166	0.00249	0.00974	0.00562	0.00484
63	0.01225	0.13419	0.04795	0.01765	0.02150	0.01497	0.43555	0.01544	0.01088	0.01494	0.00905	0.01242	0.00741	0.00564	0.00853	0.00179	0.21556	0.00517	0.00247	0.00665
64	0.85377	0.01007	0.00765	0.00685	0.01007	0.01168	0.00564	0.01531	0.00886	0.02336	0.00725	0.00846	0.00564	0.00483	0.00322	0.00161	0.00403	0.00282	0.00322	0.00564
65	0.00641	0.00460	0.00602	0.00709	0.00746	0.00429	0.00473	0.00733	0.01006	0.01337	0.04659	0.73206	0.06423	0.04981	0.00745	0.00221	0.00308	0.01422	0.00478	0.00421
66	0.85377	0.01007	0.00765	0.00685	0.01007	0.01168	0.00564	0.01531	0.00886	0.02336	0.00725	0.00846	0.00564	0.00483	0.00322	0.00161	0.00403	0.00282	0.00322	0.00564
67	0.00728	0.00500	0.00607	0.00634	0.00652	0.00504	0.00392	0.00770	0.00820	0.01104	0.01885	0.20553	0.02169	0.54863	0.11177	0.00478	0.00564	0.00895	0.00349	0.00357
68	0.09488	0.01030	0.01197	0.00983	0.01296	0.01099	0.00798	0.31275	0.01638	0.20514	0.01480	0.04173	0.01137	0.01445	0.19677	0.00325	0.00717	0.00519	0.00472	0.00739
69	0.03294	0.01075	0.01758	0.34387	0.38771	0.01152	0.01418	0.01461	0.01109	0.01566	0.00946	0.01299	0.00760	0.00480	0.00501	0.00155	0.00622	0.00444	0.00253	0.08547

[dist]
# distance from previous block
# <min> <max>
1	7

[block]
# block no. 3 follows, 47 sequences, length 17
# corresponding to MSA columns:
# 228-244
name=unknown_D
#
# <colnr> <probs for GDERKNQSTAVLIFYWHMCP>
#	G	D	E	R	K	N	Q	S	T	A	V	L	I	F	Y	W	H	M	C	P
0	0.01093	0.00959	0.01268	0.03497	0.05224	0.00800	0.05649	0.03194	0.01140	0.01726	0.04899	0.03159	0.01047	0.00477	0.00459	0.00103	0.02024	0.00408	0.00322	0.62554
1	0.01193	0.01141	0.01519	0.42073	0.11641	0.10177	0.02585	0.07166	0.01223	0.01575	0.02952	0.05006	0.00987	0.00603	0.00552	0.00166	0.03107	0.00510	0.05203	0.00621
2	0.06913	0.05514	0.01347	0.02348	0.07374	0.17862	0.00838	0.09406	0.01336	0.05224	0.04485	0.02803	0.01008	0.00527	0.00445	0.00123	0.00551	0.00403	0.00344	0.31151
3	0.07056	0.00976	0.13461	0.06633	0.01317	0.00788	0.04229	0.01055	0.00873	0.01288	0.01165	0.06092	0.01134	0.06657	0.06438	0.32033	0.04214	0.03878	0.00269	0.00443
4	0.05538	0.08842	0.53012	0.01274	0.01920	0.01206	0.01525	0.01714	0.04530	0.06738	0.01032	0.01145	0.00748	0.00500	0.00466	0.00153	0.00661	0.00382	0.00275	0.08340
5	0.01278	0.13944	0.44010	0.06550	0.02131	0.05271	0.08875	0.01723	0.01158	0.08865	0.01014	0.01165	0.00736	0.00500	0.00486	0.00157	0.00722	0.00407	0.00268	0.00738
6	0.07026	0.01208	0.01344	0.04975	0.01525	0.01266	0.00866	0.39962	0.03008	0.02505	0.01103	0.01235	0.00847	0.02338	0.00569	0.00146	0.04119	0.00418	0.00415	0.25125
7	0.07919	0.01429	0.09903	0.03089	0.01577	0.01389	0.01000	0.47020	0.09038	0.02696	0.01524	0.01576	0.05997	0.02802	0.00567	0.00170	0.00548	0.00506	0.00459	0.00791
8	0.01719	0.01317	0.01518	0.01193	0.01563	0.01444	0.05835	0.54952	0.11988	0.02833	0.01450	0.05505	0.01146	0.04304	0.00631	0.00179	0.00555	0.00558	0.00494	0.00817
9	0.00827	0.00650	0.00853	0.00799	0.00966	0.00586	0.03950	0.04844	0.01123	0.01544	0.06595	0.44413	0.07579	0.06014	0.00714	0.00194	0.00364	0.01069	0.00437	0.16479
10	0.02513	0.01187	0.01612	0.01412	0.09032	0.07530	0.14542	0.07589	0.05163	0.10180	0.01347	0.05212	0.01138	0.00629	0.00573	0.00152	0.04186	0.05385	0.00372	0.20247
11	0.13649	0.04764	0.10071	0.00902	0.01283	0.00948	0.00805	0.10106	0.01227	0.08667	0.01385	0.15637	0.01275	0.00759	0.01993	0.00157	0.00471	0.00566	0.00382	0.24953
12	0.12731	0.10080	0.01351	0.04992	0.04803	0.06633	0.00832	0.15968	0.09339	0.01958	0.03948	0.01782	0.06138	0.06821	0.00692	0.00182	0.04131	0.01965	0.00376	0.05277
13	0.01143	0.00904	0.01307	0.01032	0.01342	0.00839	0.12945	0.06315	0.04671	0.07057	0.09342	0.12869	0.01730	0.04757	0.00663	0.00164	0.02995	0.00659	0.04192	0.25074
14	0.05489	0.03688	0.09814	0.10078	0.19970	0.06960	0.03179	0.08716	0.07847	0.01831	0.01052	0.01235	0.00825	0.00500	0.00475	0.00143	0.00594	0.00417	0.00312	0.16878
15	0.05499	0.26595	0.30767	0.01111	0.01624	0.03844	0.01220	0.01577	0.01121	0.05034	0.05939	0.01305	0.01017	0.00547	0.00479	0.00144	0.03115	0.01843	0.00281	0.06939
16	0.03282	0.04822	0.04504	0.01130	0.08646	0.06040	0.01776	0.04908	0.06258	0.10712	0.17248	0.02774	0.08960	0.00834	0.00549	0.00164	0.00466	0.10468	0.00447	0.06012

[dist]
# distance from previous block
# <min> <max>
9	29

[block]
# block no. 4 follows, 47 sequences, length 6
# corresponding to MSA columns:
# 281-286
name=unknown_E
#
# <colnr> <probs for GDERKNQSTAVLIFYWHMCP>
#	G	D	E	R	K	N	Q	S	T	A	V	L	I	F	Y	W	H	M	C	P
0	0.20949	0.18401	0.20908	0.04473	0.05130	0.01317	0.01098	0.04465	0.01121	0.05766	0.04069	0.01160	0.00871	0.00521	0.00452	0.00148	0.02465	0.00376	0.00300	0.06008
1	0.01282	0.12991	0.29676	0.01450	0.10893	0.01307	0.03801	0.14715	0.01360	0.01910	0.04663	0.01253	0.00942	0.00519	0.00475	0.00144	0.00618	0.00419	0.00307	0.11275
2	0.01390	0.10053	0.14055	0.07194	0.05891	0.01233	0.03417	0.20279	0.01479	0.09342	0.06261	0.09713	0.01408	0.00725	0.00565	0.00166	0.03282	0.02432	0.00396	0.00718
3	0.06850	0.29021	0.22456	0.01131	0.01640	0.01616	0.01170	0.23288	0.04787	0.02043	0.00992	0.01074	0.00762	0.00524	0.00438	0.00145	0.00602	0.00375	0.00328	0.00758
4	0.05327	0.34060	0.17386	0.01028	0.01463	0.05808	0.01035	0.05823	0.06936	0.03498	0.09727	0.01399	0.01254	0.00654	0.02426	0.00159	0.00587	0.00425	0.00320	0.00684
5	0.05467	0.11118	0.46146	0.06838	0.08083	0.01330	0.06357	0.01587	0.01078	0.01599	0.00897	0.01112	0.00680	0.00507	0.00546	0.00163	0.05138	0.00397	0.00232	0.00724

[dist]
# distance from previous block
# <min> <max>
0	2

[block]
# block no. 5 follows, 47 sequences, length 8
# corresponding to MSA columns:
# 289-296
name=unknown_F
#
# <colnr> <probs for GDERKNQSTAVLIFYWHMCP>
#	G	D	E	R	K	N	Q	S	T	A	V	L	I	F	Y	W	H	M	C	P
0	0.07275	0.01176	0.01945	0.26049	0.20845	0.03114	0.19182	0.01644	0.08400	0.01661	0.01065	0.01363	0.00826	0.00500	0.00524	0.00166	0.00670	0.00491	0.00283	0.02821
1	0.01291	0.01295	0.05154	0.20473	0.48934	0.04391	0.01505	0.07608	0.01263	0.01725	0.00980	0.01286	0.00787	0.00494	0.00514	0.00159	0.00651	0.00456	0.00272	0.00763
2	0.01154	0.01262	0.09232	0.31175	0.43925	0.01205	0.01574	0.01506	0.01125	0.01561	0.00956	0.01307	0.00762	0.00488	0.00515	0.00163	0.00661	0.00456	0.00245	0.00730
3	0.01060	0.11382	0.01756	0.64080	0.09239	0.01280	0.01387	0.01381	0.01055	0.01346	0.00904	0.01309	0.00701	0.00506	0.00496	0.00164	0.00671	0.00439	0.00232	0.00610
4	0.05064	0.01275	0.13840	0.46894	0.17554	0.01195	0.01499	0.01439	0.01063	0.01497	0.00920	0.01290	0.00707	0.00516	0.00544	0.00170	0.03195	0.00442	0.00239	0.00655
5	0.04611	0.01129	0.08910	0.44385	0.02603	0.01238	0.01313	0.01343	0.00980	0.01419	0.00899	0.01305	0.00719	0.00623	0.00809	0.00183	0.21451	0.00447	0.05045	0.00589
6	0.01097	0.11628	0.55465	0.09064	0.02320	0.01314	0.08862	0.01610	0.01101	0.01571	0.00921	0.01126	0.00676	0.00486	0.00490	0.00161	0.00748	0.00402	0.00225	0.00733
7	0.01104	0.02358	0.64355	0.12215	0.02387	0.01179	0.01798	0.01653	0.01112	0.05666	0.00992	0.01174	0.00698	0.00506	0.00500	0.00166	0.00742	0.00403	0.00244	0.00750

[dist]
# distance from previous block
# <min> <max>
4	6

[block]
# block no. 6 follows, 47 sequences, length 6
# corresponding to MSA columns:
# 303-308
name=unknown_G
#
# <colnr> <probs for GDERKNQSTAVLIFYWHMCP>
#	G	D	E	R	K	N	Q	S	T	A	V	L	I	F	Y	W	H	M	C	P
0	0.01163	0.01374	0.14600	0.02467	0.51196	0.01145	0.01474	0.01503	0.01194	0.01726	0.11847	0.01617	0.01368	0.00575	0.00583	0.00161	0.04437	0.00518	0.00295	0.00756
1	0.01217	0.07056	0.22782	0.15628	0.12900	0.03668	0.01439	0.07667	0.01151	0.01603	0.00889	0.01177	0.00714	0.00600	0.00773	0.00174	0.19189	0.00424	0.00255	0.00695
2	0.01047	0.08194	0.34684	0.22191	0.06564	0.01183	0.04120	0.01476	0.01104	0.01522	0.01179	0.01848	0.01013	0.00627	0.00526	0.00173	0.00687	0.10926	0.00263	0.00671
3	0.01093	0.01115	0.07898	0.35931	0.29045	0.01094	0.01385	0.01433	0.01103	0.01571	0.01054	0.01408	0.00827	0.00511	0.00495	0.00159	0.00610	0.00460	0.12139	0.00666
4	0.01099	0.08132	0.18650	0.34835	0.15236	0.01307	0.01495	0.01455	0.01052	0.01444	0.00892	0.01235	0.00705	0.00544	0.00634	0.00170	0.09789	0.00430	0.00232	0.00667
5	0.05007	0.05637	0.47602	0.07965	0.08306	0.01212	0.01571	0.01716	0.07472	0.04595	0.03411	0.01296	0.00902	0.00532	0.00491	0.00163	0.00667	0.00427	0.00281	0.00745

[dist]
# distance from previous block
# <min> <max>
3	38

[block]
# block no. 7 follows, 47 sequences, length 6
# corresponding to MSA columns:
# 349-354
name=unknown_H
#
# <colnr> <probs for GDERKNQSTAVLIFYWHMCP>
#	G	D	E	R	K	N	Q	S	T	A	V	L	I	F	Y	W	H	M	C	P
0	0.08283	0.07370	0.01534	0.34319	0.02247	0.01335	0.01147	0.07486	0.01066	0.01538	0.00897	0.01279	0.00744	0.00900	0.07349	0.00235	0.20968	0.00440	0.00265	0.00598
1	0.16994	0.41082	0.08634	0.01008	0.01392	0.08350	0.00961	0.04508	0.01090	0.01556	0.00765	0.00920	0.00659	0.00524	0.00520	0.00142	0.09667	0.00321	0.00257	0.00649
2	0.01572	0.10314	0.01624	0.09480	0.07976	0.01431	0.01008	0.41531	0.03569	0.02414	0.01197	0.03435	0.00958	0.02801	0.03864	0.00188	0.00600	0.00479	0.00409	0.05150
3	0.06834	0.47729	0.15042	0.01025	0.01492	0.04240	0.01047	0.10563	0.01224	0.01615	0.00855	0.00987	0.00714	0.00634	0.03907	0.00162	0.00634	0.00333	0.00268	0.00693
4	0.01275	0.52329	0.19470	0.01259	0.09522	0.01722	0.01182	0.01554	0.01070	0.01368	0.00828	0.00996	0.00712	0.00617	0.04026	0.00161	0.00649	0.00334	0.00228	0.00698
5	0.04041	0.10830	0.08561	0.31725	0.24089	0.01308	0.09226	0.01502	0.01103	0.01519	0.00924	0.01253	0.00730	0.00484	0.00498	0.00160	0.00672	0.00444	0.00243	0.00687

[dist]
# distance from previous block
# <min> <max>
3	20

# created by:
# /st0/software/busco_prod/Augustus/scripts/msa2prfl.pl ./align_prep/187345.fa
