[name]
unknown

[dist]
# distance from previous block
# <min> <max>
13	94

[block]
# block no. 0 follows, 44 sequences, length 9
# corresponding to MSA columns:
# 138-146
name=unknown_A
#
# <colnr> <probs for GDERKNQSTAVLIFYWHMCP>
#	G	D	E	R	K	N	Q	S	T	A	V	L	I	F	Y	W	H	M	C	P
0	0.01241	0.00991	0.03554	0.04492	0.01328	0.00941	0.00769	0.17687	0.05074	0.05091	0.01851	0.18592	0.04664	0.10391	0.00846	0.00206	0.02408	0.00747	0.00436	0.18692
1	0.01340	0.01095	0.01384	0.10168	0.05149	0.01242	0.00984	0.18690	0.10021	0.03896	0.05098	0.08139	0.03152	0.03473	0.00867	0.00193	0.15856	0.00623	0.00414	0.08214
2	0.01225	0.01079	0.01282	0.03889	0.02828	0.03527	0.02728	0.06521	0.03133	0.01841	0.01076	0.03243	0.00909	0.00513	0.00522	0.00113	0.05099	0.00404	0.01788	0.58283
3	0.04033	0.00946	0.01300	0.19288	0.03244	0.01072	0.04730	0.12094	0.04822	0.04330	0.01483	0.09117	0.01307	0.06133	0.04410	0.00233	0.06984	0.00623	0.13218	0.00631
4	0.00849	0.00678	0.00856	0.04538	0.03564	0.00652	0.00608	0.01034	0.04122	0.01442	0.02427	0.31509	0.10659	0.17238	0.01082	0.00252	0.03169	0.00995	0.00414	0.13914
5	0.01301	0.01187	0.01857	0.25543	0.02482	0.01279	0.18537	0.13065	0.13931	0.01964	0.01285	0.01537	0.00976	0.00734	0.04366	0.00205	0.00710	0.00535	0.00358	0.08147
6	0.01089	0.00869	0.01140	0.05466	0.04937	0.00856	0.04122	0.11278	0.06006	0.01848	0.03325	0.29062	0.02029	0.06112	0.00715	0.00194	0.00454	0.00872	0.03752	0.15875
7	0.01294	0.01282	0.02214	0.08915	0.13038	0.06278	0.32964	0.01673	0.04724	0.05214	0.01347	0.09421	0.01170	0.00760	0.02475	0.02223	0.03321	0.00662	0.00325	0.00699
8	0.01302	0.01030	0.01319	0.06526	0.01538	0.01011	0.05148	0.13334	0.04793	0.06428	0.01701	0.05500	0.08319	0.00696	0.00609	0.00148	0.06647	0.00563	0.03825	0.29564

[dist]
# distance from previous block
# <min> <max>
19	50

[block]
# block no. 1 follows, 44 sequences, length 6
# corresponding to MSA columns:
# 202-207
name=unknown_B
#
# <colnr> <probs for GDERKNQSTAVLIFYWHMCP>
#	G	D	E	R	K	N	Q	S	T	A	V	L	I	F	Y	W	H	M	C	P
0	0.30561	0.01272	0.11965	0.00939	0.01366	0.01063	0.00864	0.08377	0.01252	0.17133	0.01215	0.01383	0.00918	0.06320	0.00609	0.00181	0.00506	0.00418	0.00405	0.13254
1	0.06688	0.01121	0.01205	0.01003	0.01306	0.05557	0.02548	0.17558	0.16266	0.11687	0.12521	0.02140	0.01818	0.10411	0.00810	0.00208	0.00499	0.00604	0.00498	0.05551
2	0.01265	0.00873	0.01238	0.00971	0.01313	0.00762	0.09679	0.01580	0.04983	0.16802	0.21468	0.02635	0.11727	0.00786	0.00560	0.00152	0.00425	0.00695	0.00492	0.21593
3	0.01664	0.11771	0.01643	0.10587	0.01771	0.01454	0.00986	0.40095	0.01879	0.05607	0.01349	0.08379	0.01119	0.00688	0.00520	0.00157	0.00563	0.00545	0.00448	0.08775
4	0.16776	0.03357	0.00863	0.00758	0.00950	0.00739	0.00585	0.01289	0.01232	0.11000	0.25480	0.14727	0.05454	0.06160	0.05217	0.00243	0.00429	0.03692	0.00492	0.00558
5	0.00850	0.08061	0.10232	0.00811	0.01044	0.00748	0.00728	0.01085	0.01265	0.01695	0.27816	0.09302	0.18115	0.08508	0.00813	0.00213	0.00408	0.07310	0.00463	0.00532

[dist]
# distance from previous block
# <min> <max>
0	8

[block]
# block no. 2 follows, 44 sequences, length 13
# corresponding to MSA columns:
# 216-228
name=unknown_C
#
# <colnr> <probs for GDERKNQSTAVLIFYWHMCP>
#	G	D	E	R	K	N	Q	S	T	A	V	L	I	F	Y	W	H	M	C	P
0	0.03832	0.46519	0.18455	0.01012	0.01482	0.01624	0.01073	0.01536	0.01195	0.01586	0.15410	0.01545	0.01544	0.00603	0.00441	0.00141	0.00563	0.00448	0.00306	0.00684
1	0.00737	0.00524	0.00617	0.00639	0.00695	0.00496	0.00412	0.00819	0.01036	0.01372	0.14124	0.21482	0.14755	0.38011	0.01637	0.00349	0.00399	0.01052	0.00440	0.00405
2	0.00956	0.03092	0.00946	0.00803	0.01021	0.02163	0.00639	0.01164	0.01286	0.04538	0.25141	0.05857	0.17961	0.01085	0.01979	0.00181	0.05786	0.08409	0.00471	0.16522
3	0.01132	0.11092	0.70081	0.01488	0.02258	0.01360	0.01900	0.01717	0.01146	0.01680	0.00955	0.01122	0.00692	0.00513	0.00500	0.00167	0.00782	0.00391	0.00231	0.00795
4	0.01274	0.01560	0.16658	0.09269	0.57026	0.01283	0.01725	0.01660	0.01212	0.01739	0.01012	0.01320	0.00819	0.00497	0.00536	0.00166	0.00684	0.00470	0.00260	0.00831
5	0.01568	0.66147	0.02606	0.01023	0.01454	0.16782	0.00956	0.01737	0.01191	0.01293	0.00774	0.00895	0.00700	0.00485	0.00377	0.00121	0.00660	0.00303	0.00242	0.00687
6	0.00940	0.00476	0.00705	0.00705	0.00705	0.00476	0.00467	0.00714	0.00714	0.00952	0.00984	0.01749	0.00997	0.05687	0.02162	0.80121	0.00476	0.00489	0.00241	0.00241
7	0.01955	0.16753	0.01870	0.01193	0.01635	0.01780	0.01016	0.61476	0.02285	0.03024	0.01204	0.01226	0.00884	0.00619	0.00508	0.00155	0.00597	0.00453	0.00486	0.00884
8	0.00779	0.00534	0.00637	0.00631	0.00672	0.00519	0.00395	0.00861	0.01031	0.01413	0.24231	0.08242	0.03018	0.52472	0.02018	0.00404	0.00435	0.00895	0.00421	0.00392
9	0.00815	0.15905	0.01055	0.00785	0.00905	0.00771	0.00584	0.00927	0.01063	0.01374	0.02668	0.62494	0.05761	0.01459	0.00628	0.00200	0.00366	0.01295	0.00454	0.00493
10	0.01483	0.35056	0.28048	0.01231	0.01796	0.05960	0.01326	0.15840	0.01425	0.01848	0.00943	0.01057	0.00740	0.00525	0.00452	0.00146	0.00684	0.00371	0.00294	0.00775
11	0.01524	0.01142	0.01604	0.01263	0.01605	0.02560	0.15088	0.23142	0.03951	0.11001	0.01467	0.01786	0.01158	0.04230	0.14883	0.00309	0.02182	0.01994	0.05394	0.03716
12	0.01537	0.37192	0.05899	0.01012	0.01435	0.03789	0.00939	0.10153	0.04887	0.10649	0.03580	0.03026	0.01208	0.00638	0.00464	0.00145	0.00553	0.05416	0.00378	0.07099

[dist]
# distance from previous block
# <min> <max>
1	11

[block]
# block no. 3 follows, 44 sequences, length 13
# corresponding to MSA columns:
# 240-252
name=unknown_D
#
# <colnr> <probs for GDERKNQSTAVLIFYWHMCP>
#	G	D	E	R	K	N	Q	S	T	A	V	L	I	F	Y	W	H	M	C	P
0	0.05671	0.04846	0.08719	0.10493	0.06700	0.01194	0.23038	0.05554	0.01318	0.10195	0.07352	0.03831	0.02395	0.00620	0.00583	0.00172	0.02138	0.00586	0.00364	0.04232
1	0.05840	0.03686	0.01984	0.03846	0.43360	0.10943	0.03589	0.06850	0.01297	0.01794	0.00963	0.01249	0.00807	0.00568	0.00682	0.00169	0.10851	0.00458	0.00289	0.00778
2	0.00997	0.00706	0.00808	0.00778	0.00966	0.00692	0.00588	0.04887	0.12977	0.07460	0.10792	0.21580	0.26628	0.01219	0.00624	0.00190	0.00344	0.03444	0.03736	0.00584
3	0.04136	0.29975	0.14468	0.11067	0.05581	0.07082	0.06515	0.01650	0.01170	0.03627	0.00983	0.03401	0.00825	0.00530	0.00461	0.00146	0.00663	0.00418	0.00272	0.07030
4	0.01076	0.01134	0.07102	0.51486	0.05377	0.01196	0.07256	0.01522	0.07121	0.01510	0.01158	0.04691	0.00936	0.00654	0.00642	0.03124	0.02551	0.00545	0.00280	0.00639
5	0.00963	0.00612	0.00684	0.00642	0.00856	0.00519	0.00490	0.01111	0.01283	0.14916	0.04727	0.10667	0.57965	0.01283	0.00632	0.00184	0.00312	0.01076	0.00536	0.00541
6	0.00738	0.00613	0.00741	0.00859	0.06917	0.00555	0.00566	0.00930	0.03352	0.01545	0.08421	0.22513	0.45821	0.01356	0.00648	0.00192	0.00324	0.02910	0.00494	0.00504
7	0.01940	0.01374	0.05164	0.01280	0.05729	0.01383	0.01025	0.41703	0.10876	0.18417	0.01576	0.01528	0.01103	0.00652	0.00539	0.00166	0.00552	0.00514	0.03584	0.00895
8	0.02209	0.01042	0.04408	0.01086	0.04083	0.00899	0.00880	0.04402	0.07740	0.61893	0.02037	0.01855	0.01338	0.02785	0.00606	0.00179	0.00487	0.00551	0.00620	0.00899
9	0.64015	0.01023	0.00918	0.00781	0.01139	0.01117	0.00643	0.01868	0.01087	0.21394	0.01109	0.01129	0.00781	0.00548	0.00390	0.00169	0.00432	0.00359	0.00422	0.00675
10	0.03823	0.05488	0.31336	0.01694	0.10679	0.07561	0.12673	0.01934	0.01286	0.16568	0.01205	0.01326	0.00858	0.00537	0.00531	0.00167	0.00732	0.00465	0.00336	0.00801
11	0.00674	0.00536	0.00606	0.00625	0.00764	0.00467	0.00455	0.00827	0.01259	0.01599	0.19405	0.21721	0.46336	0.01400	0.00656	0.00190	0.00281	0.01206	0.00525	0.00467
12	0.09548	0.08197	0.18285	0.08474	0.01909	0.02753	0.05637	0.21697	0.06533	0.02252	0.04855	0.01499	0.01099	0.00613	0.00512	0.00167	0.00624	0.01695	0.02890	0.00759

[dist]
# distance from previous block
# <min> <max>
0	1

[block]
# block no. 4 follows, 44 sequences, length 21
# corresponding to MSA columns:
# 254-274
name=unknown_E
#
# <colnr> <probs for GDERKNQSTAVLIFYWHMCP>
#	G	D	E	R	K	N	Q	S	T	A	V	L	I	F	Y	W	H	M	C	P
0	0.03439	0.12857	0.42522	0.01304	0.01948	0.01310	0.03935	0.05455	0.03200	0.03374	0.01019	0.01160	0.00765	0.00505	0.00478	0.00149	0.00672	0.00392	0.00285	0.15230
1	0.19399	0.07485	0.01422	0.01177	0.06180	0.07220	0.00894	0.14011	0.20849	0.13881	0.01460	0.01434	0.01072	0.00616	0.00484	0.00165	0.00529	0.00464	0.00462	0.00795
2	0.02072	0.01527	0.01636	0.01254	0.01691	0.01691	0.01036	0.75622	0.02563	0.03436	0.01309	0.01309	0.00927	0.00654	0.00545	0.00164	0.00600	0.00491	0.00545	0.00927
3	0.01164	0.01106	0.01759	0.46381	0.21246	0.02767	0.03862	0.01632	0.08815	0.01596	0.01176	0.01635	0.00938	0.00580	0.00554	0.00179	0.00681	0.02942	0.00291	0.00696
4	0.00760	0.00552	0.00715	0.00685	0.00810	0.00508	0.00510	0.01002	0.01499	0.02107	0.69529	0.08926	0.08026	0.01163	0.00646	0.00175	0.00262	0.01028	0.00590	0.00508
5	0.00696	0.00497	0.00668	0.00788	0.00835	0.00469	0.00554	0.00817	0.01089	0.01452	0.05741	0.68083	0.03603	0.01660	0.00701	0.00223	0.00338	0.10823	0.00509	0.00453
6	0.01183	0.00641	0.00809	0.00716	0.00924	0.00575	0.00555	0.01410	0.01459	0.20426	0.39938	0.03512	0.15243	0.01001	0.00594	0.00168	0.00310	0.00857	0.09074	0.00606
7	0.01767	0.01097	0.01271	0.01022	0.01344	0.01146	0.00820	0.38185	0.01936	0.17570	0.12132	0.04486	0.01708	0.00883	0.00720	0.08709	0.00491	0.00605	0.03339	0.00769
8	0.09460	0.00769	0.00801	0.00764	0.00964	0.00796	0.00572	0.01488	0.20964	0.03738	0.06048	0.09694	0.27638	0.11177	0.00863	0.00230	0.00376	0.02593	0.00487	0.00577
9	0.47570	0.01069	0.00993	0.00807	0.01189	0.01118	0.00659	0.10934	0.01211	0.04367	0.00957	0.01070	0.00739	0.00508	0.00388	0.00144	0.00435	0.00342	0.03468	0.22034
10	0.01945	0.01360	0.01488	0.01181	0.01584	0.01491	0.00962	0.48032	0.20696	0.12950	0.01645	0.01560	0.01165	0.00678	0.00548	0.00170	0.00540	0.00529	0.00565	0.00911
11	0.01252	0.07765	0.39817	0.01224	0.01821	0.02542	0.01377	0.06284	0.01281	0.06781	0.03829	0.03541	0.04316	0.00602	0.00503	0.00153	0.00632	0.00477	0.00328	0.15474
12	0.22121	0.06520	0.20524	0.01163	0.01657	0.01322	0.03602	0.15742	0.02578	0.15952	0.01201	0.01251	0.00850	0.00579	0.00512	0.00168	0.02646	0.00426	0.00403	0.00784
13	0.00780	0.00523	0.00598	0.00611	0.00615	0.00520	0.00348	0.00789	0.00818	0.01091	0.01849	0.11393	0.02147	0.72790	0.02563	0.00497	0.00507	0.00870	0.00348	0.00342
14	0.00829	0.00573	0.00731	0.00682	0.00830	0.00520	0.00515	0.01070	0.01508	0.05385	0.65441	0.04115	0.13487	0.01127	0.00639	0.00173	0.00268	0.00986	0.00592	0.00526
15	0.08504	0.59085	0.02441	0.00985	0.01390	0.01958	0.00932	0.05910	0.01164	0.03986	0.00831	0.00965	0.00726	0.00537	0.00513	0.00138	0.08630	0.00331	0.00275	0.00700
16	0.01298	0.00991	0.01604	0.33875	0.04991	0.01082	0.10316	0.07024	0.01284	0.12329	0.01503	0.12987	0.01292	0.00741	0.00603	0.00183	0.02556	0.00669	0.03999	0.00671
17	0.00686	0.00497	0.00648	0.00730	0.00792	0.00459	0.00502	0.00819	0.01164	0.01569	0.19188	0.59239	0.08568	0.01559	0.00681	0.00208	0.00301	0.01403	0.00526	0.00459
18	0.01069	0.00694	0.00881	0.03422	0.01050	0.00674	0.00620	0.08740	0.01511	0.10183	0.40804	0.16727	0.06563	0.03709	0.00698	0.00191	0.00350	0.00970	0.00562	0.00583
19	0.07477	0.24431	0.18508	0.01093	0.01575	0.01408	0.03495	0.07706	0.06037	0.11426	0.01632	0.01652	0.08652	0.00635	0.00479	0.00157	0.00571	0.00488	0.01832	0.00746
20	0.06252	0.01463	0.09537	0.01166	0.01561	0.02828	0.01016	0.41144	0.13127	0.02708	0.01654	0.10709	0.02845	0.00781	0.00551	0.00175	0.00554	0.00624	0.00491	0.00814

[dist]
# distance from previous block
# <min> <max>
5	8

[block]
# block no. 5 follows, 44 sequences, length 23
# corresponding to MSA columns:
# 283-305
name=unknown_F
#
# <colnr> <probs for GDERKNQSTAVLIFYWHMCP>
#	G	D	E	R	K	N	Q	S	T	A	V	L	I	F	Y	W	H	M	C	P
0	0.01222	0.00659	0.00851	0.00745	0.00959	0.00587	0.00576	0.01443	0.01487	0.23130	0.44530	0.03598	0.13666	0.03266	0.00677	0.00182	0.00325	0.00881	0.00601	0.00617
1	0.01238	0.00707	0.00903	0.00794	0.01007	0.00659	0.00614	0.06969	0.01562	0.19563	0.43771	0.10577	0.07316	0.01047	0.00619	0.00176	0.00337	0.00909	0.00600	0.00631
2	0.01193	0.01193	0.01670	0.01431	0.01431	0.01670	0.01193	0.01312	0.00835	0.01312	0.00716	0.01193	0.00716	0.00954	0.01789	0.00239	0.79843	0.00477	0.00239	0.00596
3	0.01308	0.47083	0.25557	0.01096	0.01630	0.01709	0.01217	0.03300	0.01150	0.01523	0.00934	0.01092	0.00773	0.00602	0.02623	0.00157	0.00652	0.00355	0.06523	0.00717
4	0.02072	0.01527	0.01636	0.01254	0.01691	0.01691	0.01036	0.75622	0.02563	0.03436	0.01309	0.01309	0.00927	0.00654	0.00545	0.00164	0.00600	0.00491	0.00545	0.00927
5	0.00674	0.00489	0.00639	0.00755	0.00804	0.00454	0.00518	0.00781	0.01072	0.01411	0.03210	0.70169	0.09751	0.01670	0.00695	0.00220	0.00323	0.05411	0.00506	0.00447
6	0.00854	0.00605	0.00755	0.00757	0.00822	0.00635	0.00517	0.06452	0.01008	0.01371	0.01932	0.21665	0.02136	0.35824	0.21706	0.00516	0.00723	0.00900	0.00379	0.00443
7	0.00864	0.02336	0.00829	0.00766	0.00922	0.00656	0.00592	0.03170	0.07920	0.01989	0.44242	0.08517	0.12328	0.03358	0.00701	0.00194	0.00329	0.09192	0.00553	0.00543
8	0.00664	0.00474	0.00633	0.00759	0.00791	0.00443	0.00506	0.00759	0.01044	0.01392	0.03005	0.80485	0.03606	0.01708	0.00696	0.00221	0.00316	0.01550	0.00506	0.00443
9	0.08581	0.00937	0.01231	0.00951	0.01367	0.00833	0.00786	0.02578	0.01513	0.72195	0.02047	0.01783	0.01293	0.00662	0.00533	0.00169	0.00461	0.00529	0.00650	0.00903
10	0.34516	0.00743	0.00697	0.00695	0.00897	0.00808	0.00556	0.01333	0.01065	0.02074	0.01662	0.09588	0.01560	0.00823	0.00453	0.00172	0.00367	0.12252	0.29205	0.00534
11	0.00668	0.00549	0.00589	0.00588	0.00753	0.00469	0.00437	0.00826	0.01286	0.01598	0.18376	0.09091	0.60179	0.01350	0.00647	0.00184	0.00275	0.01142	0.00523	0.00469
12	0.01283	0.01226	0.02057	0.03084	0.70247	0.01217	0.01555	0.01590	0.01241	0.01752	0.01447	0.01715	0.08023	0.00570	0.00550	0.00164	0.00613	0.00548	0.00292	0.00826
13	0.01093	0.02820	0.78016	0.01554	0.02360	0.01266	0.02014	0.01727	0.01151	0.01727	0.00978	0.01151	0.00691	0.00518	0.00518	0.00173	0.00806	0.00403	0.00230	0.00806
14	0.05699	0.01383	0.07638	0.04591	0.46598	0.01286	0.03500	0.10923	0.01413	0.10009	0.01163	0.01366	0.00891	0.00531	0.00533	0.00165	0.00632	0.00482	0.00346	0.00850
15	0.01018	0.00948	0.01203	0.01110	0.01187	0.06883	0.00888	0.01182	0.00912	0.01287	0.01154	0.01724	0.01087	0.02730	0.45972	0.00598	0.28780	0.00529	0.00273	0.00536
16	0.01458	0.81168	0.02857	0.00933	0.01399	0.02157	0.00933	0.01632	0.01108	0.01283	0.00758	0.00875	0.00700	0.00466	0.00350	0.00117	0.00583	0.00292	0.00233	0.00700
17	0.01334	0.07742	0.20010	0.06746	0.29481	0.09736	0.04410	0.03787	0.03392	0.01700	0.01133	0.04529	0.00964	0.00585	0.00531	0.00166	0.00708	0.01991	0.00288	0.00769
18	0.00840	0.00576	0.00728	0.00679	0.00832	0.00521	0.00513	0.01075	0.01493	0.06144	0.61010	0.04151	0.17111	0.01136	0.00638	0.00173	0.00272	0.00990	0.00588	0.00528
19	0.01221	0.01151	0.01859	0.27998	0.42786	0.02757	0.01491	0.03173	0.01250	0.01709	0.06765	0.01676	0.01184	0.00578	0.00553	0.00171	0.00647	0.01991	0.00297	0.00742
20	0.01016	0.00508	0.00508	0.00508	0.00635	0.00508	0.00381	0.01270	0.01143	0.02033	0.01778	0.02033	0.01397	0.00635	0.00381	0.00127	0.00254	0.00508	0.83867	0.00508
21	0.00912	0.00486	0.00684	0.00684	0.00684	0.00486	0.00441	0.00729	0.00729	0.00972	0.01124	0.02097	0.01185	0.20049	0.02279	0.64911	0.00486	0.00547	0.00258	0.00258
22	0.01258	0.01386	0.02745	0.02033	0.02417	0.01468	0.52802	0.01614	0.01149	0.01614	0.00985	0.01386	0.00793	0.00610	0.00993	0.00201	0.24997	0.00593	0.00264	0.00693

[dist]
# distance from previous block
# <min> <max>
0	10

[block]
# block no. 6 follows, 44 sequences, length 58
# corresponding to MSA columns:
# 316-373
name=unknown_G
#
# <colnr> <probs for GDERKNQSTAVLIFYWHMCP>
#	G	D	E	R	K	N	Q	S	T	A	V	L	I	F	Y	W	H	M	C	P
0	0.84691	0.01054	0.00801	0.00717	0.01054	0.01223	0.00590	0.01603	0.00928	0.02446	0.00759	0.00886	0.00590	0.00506	0.00337	0.00169	0.00422	0.00295	0.00337	0.00590
1	0.03917	0.12330	0.49807	0.01293	0.01914	0.01278	0.01542	0.05133	0.01269	0.01849	0.13179	0.01583	0.01414	0.00613	0.00512	0.00165	0.00667	0.00483	0.00309	0.00744
2	0.00696	0.00523	0.00647	0.00694	0.00796	0.00474	0.00499	0.00852	0.01239	0.01635	0.23446	0.37031	0.23674	0.01454	0.00670	0.00199	0.00297	0.04175	0.00531	0.00469
3	0.01005	0.03694	0.13215	0.00846	0.01165	0.00768	0.00794	0.04028	0.04258	0.08517	0.07743	0.06092	0.40116	0.01098	0.00605	0.00182	0.00417	0.04379	0.00476	0.00603
4	0.04671	0.17308	0.01422	0.00938	0.01184	0.02836	0.00783	0.01531	0.01093	0.17483	0.01525	0.01839	0.04117	0.04959	0.28641	0.00431	0.07718	0.00521	0.00368	0.00633
5	0.00752	0.00553	0.00706	0.00688	0.00815	0.00507	0.00516	0.00982	0.01458	0.02019	0.60128	0.10414	0.13312	0.01208	0.00651	0.00180	0.00273	0.03759	0.00578	0.00502
6	0.01159	0.00986	0.01146	0.00821	0.01304	0.00756	0.00658	0.03589	0.01173	0.01826	0.00979	0.01136	0.00811	0.00411	0.00408	0.00083	0.00410	0.00328	0.00330	0.81689
7	0.03523	0.06380	0.57151	0.01534	0.05751	0.01340	0.01754	0.08383	0.01283	0.04738	0.01032	0.01181	0.00743	0.00541	0.00537	0.00170	0.02456	0.00413	0.00280	0.00808
8	0.01340	0.01241	0.02028	0.20750	0.53617	0.01311	0.01579	0.08255	0.01325	0.01840	0.01038	0.01370	0.00838	0.00515	0.00541	0.00167	0.00662	0.00486	0.00288	0.00810
9	0.00889	0.00499	0.00693	0.00693	0.00702	0.00508	0.00452	0.00757	0.00748	0.01006	0.01208	0.02233	0.01273	0.24097	0.09190	0.53350	0.00578	0.00572	0.00268	0.00285
10	0.13130	0.09970	0.01399	0.00999	0.01367	0.03120	0.00823	0.14934	0.14864	0.25368	0.03611	0.05349	0.01347	0.00695	0.00506	0.00167	0.00489	0.00542	0.00517	0.00804
11	0.01346	0.08629	0.01330	0.00869	0.01325	0.00938	0.00715	0.07524	0.01282	0.09077	0.01165	0.04142	0.00963	0.00504	0.00435	0.00104	0.00439	0.00401	0.00373	0.58439
12	0.00759	0.00514	0.00605	0.00638	0.00647	0.00506	0.00377	0.00784	0.00859	0.01146	0.02059	0.23967	0.02413	0.59853	0.02223	0.00447	0.00472	0.00994	0.00377	0.00360
13	0.01458	0.81168	0.02857	0.00933	0.01399	0.02157	0.00933	0.01632	0.01108	0.01283	0.00758	0.00875	0.00700	0.00466	0.00350	0.00117	0.00583	0.00292	0.00233	0.00700
14	0.01396	0.00757	0.00973	0.00823	0.01068	0.00707	0.00648	0.08226	0.01640	0.25227	0.47598	0.03152	0.03615	0.00940	0.00606	0.00170	0.00351	0.00809	0.00618	0.00677
15	0.00759	0.00557	0.00711	0.00673	0.00807	0.00509	0.00504	0.01004	0.01513	0.02115	0.70021	0.04189	0.12320	0.01141	0.00643	0.00173	0.00259	0.01002	0.00591	0.00509
16	0.00792	0.00530	0.00603	0.00603	0.00605	0.00533	0.00340	0.00798	0.00795	0.01063	0.01710	0.03527	0.01965	0.78676	0.04915	0.00538	0.00555	0.00787	0.00329	0.00335
17	0.00751	0.00517	0.00667	0.00729	0.00812	0.00473	0.00509	0.00888	0.01189	0.04410	0.18688	0.53480	0.11831	0.01510	0.00674	0.00205	0.00305	0.01352	0.00532	0.00478
18	0.00978	0.00738	0.00803	0.00790	0.00915	0.07626	0.00606	0.01189	0.01033	0.01550	0.01520	0.01998	0.01316	0.02519	0.43256	0.00538	0.00980	0.00536	0.30601	0.00508
19	0.00903	0.00639	0.00794	0.00760	0.00835	0.00690	0.00526	0.07586	0.00983	0.01349	0.01584	0.02829	0.01655	0.44825	0.31065	0.00626	0.00885	0.00687	0.00335	0.00443
20	0.00701	0.00492	0.00620	0.00707	0.00732	0.00468	0.00453	0.00769	0.00975	0.01296	0.02684	0.56361	0.04743	0.24825	0.01302	0.00310	0.00377	0.01320	0.00455	0.00410
21	0.01176	0.00996	0.01155	0.00829	0.01311	0.00773	0.00665	0.04924	0.01199	0.01856	0.00985	0.01139	0.00813	0.00416	0.00411	0.00085	0.00413	0.00331	0.00334	0.80192
22	0.28010	0.00977	0.01119	0.00893	0.01281	0.00954	0.00736	0.04648	0.01395	0.49983	0.03623	0.01593	0.01197	0.00633	0.00485	0.00169	0.00450	0.00479	0.00564	0.00812
23	0.00723	0.00519	0.00698	0.00816	0.00879	0.00494	0.00602	0.00864	0.01118	0.01478	0.05084	0.57100	0.05295	0.01631	0.00708	0.00227	0.00362	0.20435	0.00508	0.00461
24	0.24435	0.01019	0.01091	0.00848	0.01242	0.00970	0.00687	0.01481	0.03485	0.01938	0.00928	0.01097	0.00766	0.00493	0.00515	0.00123	0.07549	0.00339	0.00327	0.50667
25	0.00933	0.00570	0.00688	0.00658	0.00739	0.00547	0.00434	0.01030	0.01061	0.08263	0.17440	0.07161	0.05528	0.45096	0.04130	0.00390	0.00465	0.00844	0.03579	0.00444
26	0.01626	0.07833	0.17262	0.01597	0.12746	0.03619	0.03507	0.31804	0.05645	0.04548	0.01265	0.03861	0.00980	0.00619	0.00531	0.00165	0.00646	0.00500	0.00405	0.00843
27	0.00939	0.00613	0.00796	0.00791	0.00933	0.00557	0.00572	0.01084	0.01166	0.09871	0.10794	0.49579	0.05570	0.01346	0.00668	0.00193	0.02533	0.01193	0.00506	0.10295
28	0.09783	0.40131	0.11250	0.01012	0.01468	0.03135	0.02762	0.01765	0.01220	0.13823	0.07884	0.01370	0.01195	0.00570	0.00437	0.00144	0.00562	0.00419	0.00349	0.00721
29	0.01486	0.09429	0.09615	0.05901	0.04099	0.01330	0.42114	0.01879	0.01295	0.15570	0.01240	0.01448	0.00893	0.00510	0.00578	0.00173	0.00776	0.00557	0.00338	0.00769
30	0.00725	0.00526	0.00648	0.00689	0.00795	0.00473	0.00490	0.00874	0.01232	0.03304	0.21863	0.39427	0.24057	0.01450	0.00666	0.00198	0.00294	0.01280	0.00533	0.00476
31	0.00726	0.00504	0.00629	0.00705	0.00729	0.00486	0.00454	0.00791	0.00954	0.01270	0.02485	0.46118	0.02934	0.33321	0.01529	0.00346	0.00410	0.04772	0.00436	0.00401
32	0.22114	0.05400	0.11721	0.03827	0.23156	0.02930	0.03596	0.01818	0.05490	0.10501	0.01282	0.01409	0.03398	0.00562	0.00485	0.00166	0.00582	0.00457	0.00349	0.00757
33	0.01978	0.01165	0.02451	0.01081	0.01464	0.01174	0.00889	0.29335	0.11368	0.32149	0.04007	0.06294	0.01487	0.00757	0.00562	0.00173	0.00501	0.01700	0.00591	0.00872
34	0.00731	0.00543	0.00689	0.00782	0.00847	0.00529	0.00536	0.00964	0.07849	0.01511	0.06447	0.68070	0.05270	0.01585	0.00679	0.00215	0.00323	0.01430	0.00515	0.00484
35	0.02087	0.00984	0.01303	0.08673	0.01613	0.00947	0.00878	0.11882	0.03568	0.52234	0.08371	0.01940	0.01568	0.00699	0.00556	0.00170	0.00489	0.00574	0.00606	0.00859
36	0.06835	0.01348	0.06507	0.12707	0.33769	0.03557	0.10067	0.04123	0.04862	0.04666	0.02461	0.01414	0.00940	0.00529	0.00534	0.00166	0.00659	0.00494	0.00315	0.04046
37	0.01093	0.00913	0.01469	0.50465	0.10725	0.01065	0.01278	0.01401	0.01126	0.05144	0.01372	0.08687	0.02650	0.00684	0.00574	0.00179	0.02378	0.00599	0.07577	0.00622
38	0.01095	0.00596	0.00608	0.00576	0.00723	0.00609	0.00434	0.07549	0.01246	0.02103	0.01736	0.02048	0.01387	0.04633	0.00514	0.00150	0.00297	0.00521	0.72642	0.00535
39	0.01641	0.01197	0.01396	0.01287	0.08235	0.01283	0.00935	0.45839	0.02004	0.05174	0.03392	0.19498	0.01653	0.00890	0.00577	0.00176	0.00518	0.00746	0.02767	0.00790
40	0.01347	0.01103	0.01428	0.01317	0.13603	0.00960	0.02795	0.10845	0.01352	0.05357	0.01077	0.01229	0.00856	0.00462	0.00456	0.00111	0.00484	0.00389	0.00357	0.54475
41	0.84691	0.01054	0.00801	0.00717	0.01054	0.01223	0.00590	0.01603	0.00928	0.02446	0.00759	0.00886	0.00590	0.00506	0.00337	0.00169	0.00422	0.00295	0.00337	0.00590
42	0.19354	0.00954	0.01170	0.00918	0.01322	0.00888	0.00758	0.02440	0.01430	0.62323	0.01865	0.01656	0.01193	0.00640	0.00505	0.00169	0.00455	0.00496	0.00605	0.00858
43	0.01029	0.00952	0.01593	0.76552	0.03637	0.01185	0.01471	0.01388	0.01092	0.01417	0.00999	0.01475	0.00752	0.00548	0.00539	0.00180	0.00709	0.00485	0.03393	0.00602
44	0.00728	0.00536	0.00682	0.00687	0.00798	0.00489	0.00499	0.00929	0.01379	0.01894	0.49244	0.23528	0.13987	0.01299	0.00657	0.00186	0.00275	0.01149	0.00564	0.00489
45	0.00756	0.00557	0.00707	0.00670	0.00805	0.00508	0.00502	0.00999	0.01507	0.02100	0.68449	0.04215	0.13901	0.01147	0.00643	0.00173	0.00260	0.01006	0.00589	0.00508
46	0.00664	0.00555	0.00581	0.00592	0.00766	0.00472	0.00450	0.00811	0.01245	0.01499	0.07113	0.07779	0.68068	0.01393	0.00653	0.00189	0.00292	0.05908	0.00508	0.00464
47	0.07200	0.01268	0.01339	0.01064	0.01403	0.01395	0.00850	0.53814	0.02077	0.02896	0.01370	0.01692	0.01106	0.13507	0.00878	0.00220	0.00554	0.00528	0.06058	0.00781
48	0.01113	0.01072	0.01287	0.01165	0.01207	0.08169	0.00919	0.01230	0.00945	0.01334	0.01284	0.14216	0.01369	0.08761	0.06131	0.00287	0.43999	0.00676	0.04297	0.00539
49	0.01372	0.23370	0.01657	0.00907	0.01351	0.01243	0.00777	0.11565	0.01330	0.04708	0.01119	0.05715	0.00977	0.00541	0.00430	0.00113	0.00478	0.00417	0.00352	0.41578
50	0.03959	0.03305	0.09715	0.02174	0.07518	0.01349	0.57862	0.01705	0.01249	0.01749	0.01122	0.03629	0.00885	0.00503	0.00610	0.00180	0.00851	0.00618	0.00279	0.00736
51	0.84691	0.01054	0.00801	0.00717	0.01054	0.01223	0.00590	0.01603	0.00928	0.02446	0.00759	0.00886	0.00590	0.00506	0.00337	0.00169	0.00422	0.00295	0.00337	0.00590
52	0.01053	0.01014	0.01777	0.72589	0.03673	0.01226	0.08160	0.01425	0.01108	0.01425	0.00981	0.01455	0.00736	0.00537	0.00554	0.00182	0.00744	0.00499	0.00245	0.00617
53	0.01217	0.02047	0.37778	0.02031	0.12029	0.01287	0.29098	0.01728	0.01219	0.03258	0.01090	0.02738	0.00829	0.00517	0.00571	0.00176	0.00812	0.00526	0.00266	0.00783
54	0.06621	0.01045	0.03451	0.00880	0.01124	0.09631	0.00713	0.11445	0.01569	0.05142	0.32620	0.03240	0.15045	0.00974	0.00590	0.00172	0.00438	0.04184	0.00511	0.00606
55	0.00703	0.00506	0.00648	0.00710	0.00775	0.00471	0.00485	0.00834	0.01164	0.01572	0.22300	0.48200	0.09043	0.08892	0.00872	0.00234	0.00318	0.01305	0.00514	0.00452
56	0.01283	0.04343	0.60300	0.01614	0.07624	0.01238	0.03293	0.01830	0.01207	0.10614	0.01116	0.01247	0.00783	0.00532	0.00522	0.00170	0.00751	0.00428	0.00286	0.00820
57	0.01324	0.01535	0.14082	0.10392	0.08334	0.01263	0.42279	0.01758	0.01260	0.08536	0.01204	0.03358	0.00913	0.00529	0.00599	0.00180	0.00805	0.00591	0.00306	0.00752

[dist]
# distance from previous block
# <min> <max>
0	1

[block]
# block no. 7 follows, 44 sequences, length 36
# corresponding to MSA columns:
# 375-410
name=unknown_H
#
# <colnr> <probs for GDERKNQSTAVLIFYWHMCP>
#	G	D	E	R	K	N	Q	S	T	A	V	L	I	F	Y	W	H	M	C	P
0	0.01231	0.01324	0.03905	0.01880	0.02256	0.01354	0.47934	0.01589	0.01159	0.01671	0.01079	0.01457	0.00859	0.00600	0.00892	0.00191	0.20101	0.00584	0.09255	0.00678
1	0.02674	0.01031	0.01785	0.67062	0.05670	0.01239	0.08426	0.01436	0.01105	0.01456	0.00974	0.01436	0.00737	0.00543	0.00575	0.00182	0.02301	0.00496	0.00248	0.00625
2	0.01225	0.01444	0.10587	0.16338	0.26656	0.01285	0.28684	0.01637	0.01230	0.01705	0.03207	0.01469	0.00929	0.00508	0.00579	0.00175	0.00767	0.00549	0.00272	0.00754
3	0.01199	0.01848	0.27914	0.04271	0.11703	0.01291	0.37070	0.01683	0.01221	0.01721	0.01120	0.04349	0.00889	0.00532	0.00588	0.00179	0.00820	0.00574	0.00268	0.00760
4	0.01006	0.00926	0.01018	0.00968	0.01059	0.11366	0.00733	0.01147	0.00946	0.01242	0.01327	0.02126	0.01304	0.17468	0.43948	0.00629	0.11426	0.00577	0.00291	0.00492
5	0.01242	0.01060	0.01297	0.00945	0.01409	0.00895	0.04018	0.09461	0.01283	0.01939	0.01003	0.01167	0.00818	0.00453	0.00480	0.00100	0.03320	0.00361	0.00342	0.68408
6	0.01399	0.63884	0.11255	0.01149	0.01662	0.01974	0.09068	0.01655	0.01132	0.01382	0.00820	0.00969	0.00712	0.00471	0.00400	0.00130	0.00644	0.00342	0.00237	0.00715
7	0.00771	0.00559	0.00720	0.00705	0.00834	0.00518	0.00538	0.01011	0.01462	0.02038	0.59558	0.07535	0.10779	0.01190	0.00651	0.00181	0.00285	0.08012	0.02145	0.00506
8	0.00812	0.00567	0.00714	0.00677	0.00823	0.00513	0.00508	0.01037	0.01463	0.05114	0.57268	0.08273	0.17839	0.01176	0.00642	0.00176	0.00272	0.01028	0.00581	0.00518
9	0.00952	0.00761	0.00866	0.00818	0.00989	0.02275	0.00612	0.03162	0.20198	0.02050	0.39787	0.13228	0.07653	0.03338	0.00683	0.00191	0.00339	0.00945	0.00557	0.00596
10	0.03621	0.01461	0.01731	0.01319	0.01752	0.03488	0.08995	0.55805	0.02236	0.10356	0.01354	0.01407	0.00966	0.02210	0.00595	0.00173	0.00626	0.00511	0.00514	0.00881
11	0.01593	0.55752	0.07837	0.01076	0.01529	0.16755	0.01030	0.03501	0.01245	0.04141	0.00853	0.00961	0.00728	0.00500	0.00401	0.00128	0.00672	0.00325	0.00265	0.00708
12	0.00664	0.00476	0.00631	0.00754	0.00789	0.00443	0.00504	0.00760	0.01049	0.01394	0.03066	0.78642	0.05409	0.01700	0.00695	0.00220	0.00315	0.01540	0.00506	0.00443
13	0.01130	0.00969	0.01130	0.00807	0.01292	0.00727	0.00646	0.01373	0.01130	0.01776	0.00969	0.01130	0.00807	0.00404	0.00404	0.00081	0.00404	0.00323	0.00323	0.84173
14	0.01509	0.45499	0.12995	0.01106	0.01586	0.01844	0.01102	0.17411	0.05154	0.01852	0.00997	0.01104	0.00813	0.00635	0.02564	0.00161	0.02213	0.00377	0.00317	0.00763
15	0.01431	0.05428	0.06721	0.15023	0.46030	0.04189	0.01514	0.01754	0.01250	0.09850	0.01114	0.01370	0.00869	0.00519	0.00529	0.00163	0.00660	0.00472	0.00305	0.00808
16	0.01393	0.03306	0.01313	0.03200	0.02959	0.01179	0.02381	0.24439	0.17329	0.03748	0.04347	0.04219	0.08027	0.00924	0.00598	0.00187	0.00505	0.16354	0.00504	0.03089
17	0.01521	0.01220	0.03168	0.01077	0.01382	0.07203	0.00867	0.13879	0.30420	0.11687	0.05951	0.05145	0.04407	0.02440	0.03612	0.00212	0.01798	0.02719	0.00517	0.00774
18	0.00664	0.00474	0.00633	0.00759	0.00791	0.00443	0.00506	0.00759	0.01044	0.01392	0.03005	0.80485	0.03606	0.01708	0.00696	0.00221	0.00316	0.01550	0.00506	0.00443
19	0.01186	0.02106	0.40794	0.05848	0.04568	0.01303	0.29583	0.03269	0.01233	0.01753	0.01071	0.01395	0.00802	0.00519	0.00572	0.00178	0.00830	0.01961	0.00261	0.00767
20	0.01484	0.03908	0.05413	0.15604	0.33456	0.17599	0.01412	0.09131	0.01404	0.01761	0.01117	0.01368	0.02857	0.00554	0.00527	0.00161	0.00723	0.00466	0.00299	0.00759
21	0.01255	0.00666	0.00885	0.00796	0.01005	0.00604	0.00629	0.01491	0.01488	0.23369	0.42966	0.05775	0.05015	0.01043	0.00624	0.00180	0.00344	0.08698	0.02542	0.00626
22	0.02198	0.00900	0.01187	0.00932	0.01323	0.00792	0.00763	0.02467	0.05246	0.65856	0.02517	0.02229	0.09524	0.00754	0.00559	0.00171	0.00442	0.00616	0.00651	0.00874
23	0.04275	0.11966	0.03195	0.01178	0.06829	0.01171	0.00933	0.12834	0.03063	0.42844	0.03129	0.01721	0.01254	0.00653	0.00521	0.00163	0.00515	0.02355	0.00541	0.00861
24	0.23389	0.20394	0.10814	0.03474	0.06342	0.05148	0.02526	0.03484	0.01183	0.12875	0.01032	0.01144	0.00784	0.00551	0.00506	0.00159	0.04752	0.00385	0.00338	0.00722
25	0.01393	0.01407	0.01516	0.03044	0.01486	0.16083	0.01071	0.10588	0.01212	0.01588	0.01078	0.09717	0.01062	0.00971	0.02616	0.00219	0.43438	0.00572	0.00314	0.00626
26	0.01768	0.01331	0.01570	0.01463	0.13266	0.01405	0.01029	0.48155	0.02046	0.04541	0.01285	0.01435	0.00979	0.03999	0.00617	0.00168	0.00565	0.00487	0.04063	0.09826
27	0.00778	0.00527	0.00620	0.00634	0.00645	0.00531	0.00376	0.00803	0.00826	0.01109	0.01836	0.11730	0.02109	0.66435	0.08382	0.00522	0.00577	0.00858	0.00346	0.00354
28	0.01174	0.10317	0.46667	0.03759	0.10261	0.01317	0.06601	0.01659	0.01181	0.03188	0.03869	0.01411	0.03074	0.00566	0.00553	0.00169	0.02732	0.00466	0.00268	0.00768
29	0.00746	0.00553	0.00706	0.00750	0.00866	0.00513	0.00577	0.00940	0.01299	0.01730	0.28381	0.22842	0.18542	0.01398	0.00681	0.00204	0.00331	0.17922	0.00537	0.00484
30	0.01305	0.00902	0.01078	0.01004	0.03928	0.00941	0.00747	0.04172	0.30301	0.13805	0.28201	0.04950	0.04554	0.00890	0.00590	0.00177	0.00382	0.00764	0.00576	0.00733
31	0.01198	0.09740	0.46498	0.01869	0.11775	0.01376	0.16538	0.01715	0.01185	0.01696	0.00988	0.01214	0.00740	0.00497	0.00530	0.00168	0.00788	0.00451	0.00245	0.00789
32	0.00776	0.00535	0.00609	0.00609	0.00635	0.00531	0.00362	0.00804	0.00847	0.01115	0.02110	0.03655	0.10032	0.67267	0.07519	0.00514	0.00562	0.00818	0.00347	0.00355
33	0.00863	0.00769	0.03778	0.00913	0.01122	0.00677	0.08649	0.01205	0.05155	0.02031	0.52769	0.03752	0.09619	0.02467	0.00677	0.00184	0.00373	0.03908	0.00534	0.00558
34	0.01449	0.79256	0.04692	0.00948	0.01423	0.02135	0.00959	0.01635	0.01109	0.01293	0.00763	0.00881	0.00699	0.00468	0.00354	0.00118	0.00588	0.00294	0.00233	0.00702
35	0.10106	0.07437	0.65101	0.01426	0.02160	0.01316	0.01795	0.01707	0.01124	0.01777	0.00941	0.01106	0.00680	0.00514	0.00488	0.00169	0.00751	0.00384	0.00242	0.00776

[dist]
# distance from previous block
# <min> <max>
0	1

[block]
# block no. 8 follows, 44 sequences, length 10
# corresponding to MSA columns:
# 412-421
name=unknown_I
#
# <colnr> <probs for GDERKNQSTAVLIFYWHMCP>
#	G	D	E	R	K	N	Q	S	T	A	V	L	I	F	Y	W	H	M	C	P
0	0.39327	0.06964	0.01272	0.00962	0.01333	0.05580	0.00794	0.20209	0.09619	0.07502	0.01150	0.01184	0.00854	0.00580	0.00436	0.00164	0.00512	0.00398	0.00424	0.00736
1	0.00912	0.00635	0.00733	0.00723	0.00786	0.00646	0.00468	0.09964	0.01083	0.01446	0.02042	0.25695	0.02326	0.47953	0.01896	0.00394	0.00475	0.00976	0.00408	0.00436
2	0.00779	0.00584	0.00876	0.00876	0.00974	0.00681	0.00681	0.00974	0.00876	0.01266	0.01460	0.02142	0.01363	0.04089	0.78680	0.00876	0.01460	0.00584	0.00292	0.00487
3	0.00668	0.00487	0.00621	0.00726	0.00775	0.00449	0.00487	0.00764	0.01057	0.01386	0.03254	0.67688	0.12562	0.05337	0.00786	0.00231	0.00321	0.01466	0.00498	0.00440
4	0.02360	0.00947	0.01263	0.00981	0.01394	0.00845	0.00806	0.02676	0.07454	0.71873	0.02156	0.01870	0.01374	0.00680	0.00549	0.00170	0.00461	0.00554	0.00665	0.00923
5	0.00991	0.00635	0.00798	0.00726	0.00907	0.00588	0.00555	0.01296	0.05557	0.11374	0.54245	0.03848	0.14202	0.01076	0.00627	0.00174	0.00295	0.00934	0.00594	0.00577
6	0.00664	0.00474	0.00633	0.00759	0.00791	0.00443	0.00506	0.00759	0.01044	0.01392	0.03005	0.80485	0.03606	0.01708	0.00696	0.00221	0.00316	0.01550	0.00506	0.00443
7	0.01235	0.01527	0.16080	0.07680	0.36715	0.03561	0.08034	0.03666	0.03164	0.01749	0.01507	0.03630	0.07794	0.00618	0.00558	0.00171	0.00668	0.00570	0.00303	0.00772
8	0.00868	0.00614	0.00737	0.02963	0.02608	0.00621	0.00476	0.04716	0.01039	0.01408	0.11156	0.06436	0.06175	0.51553	0.04038	0.00417	0.00504	0.00821	0.02428	0.00424
9	0.01413	0.01413	0.07305	0.03811	0.06789	0.08743	0.11868	0.17494	0.10775	0.02139	0.07527	0.01958	0.04057	0.02445	0.00635	0.00179	0.02371	0.02406	0.05940	0.00732

[dist]
# distance from previous block
# <min> <max>
0	185

# created by:
# /st0/software/busco_prod/Augustus/scripts/msa2prfl.pl ./align_prep/187340.fa
