[name]
unknown

[dist]
# distance from previous block
# <min> <max>
0	40

[block]
# block no. 0 follows, 43 sequences, length 40
# corresponding to MSA columns:
# 46-67,69-86
name=unknown_A
#
# <colnr> <probs for GDERKNQSTAVLIFYWHMCP>
#	G	D	E	R	K	N	Q	S	T	A	V	L	I	F	Y	W	H	M	C	P
0	0.13621	0.16445	0.15121	0.03558	0.03294	0.04951	0.01062	0.06585	0.01312	0.11086	0.03539	0.01721	0.05130	0.00648	0.00486	0.00159	0.00578	0.03833	0.00375	0.06494
1	0.15687	0.08753	0.23054	0.02980	0.01740	0.05726	0.03251	0.13139	0.05840	0.03810	0.03524	0.01509	0.05064	0.00621	0.00497	0.00165	0.00623	0.00472	0.00365	0.03179
2	0.09532	0.24537	0.24508	0.03544	0.05793	0.03457	0.01260	0.01793	0.09300	0.01739	0.01145	0.01266	0.02514	0.00545	0.00458	0.00152	0.00624	0.00406	0.00299	0.07127
3	0.04659	0.12498	0.19527	0.01413	0.07440	0.10445	0.05190	0.05363	0.03009	0.01735	0.04966	0.03052	0.02933	0.04184	0.00703	0.00180	0.06246	0.00501	0.00316	0.05641
4	0.03285	0.07454	0.18050	0.06863	0.14701	0.11122	0.08309	0.04589	0.01300	0.03732	0.01167	0.03616	0.02349	0.00567	0.00520	0.00157	0.00704	0.00481	0.00305	0.10731
5	0.08798	0.07855	0.19531	0.06654	0.20789	0.13514	0.01391	0.01781	0.05054	0.01766	0.05124	0.01489	0.01092	0.00589	0.00514	0.00166	0.00693	0.02147	0.00306	0.00745
6	0.01206	0.01233	0.11120	0.01366	0.09746	0.01098	0.01085	0.03766	0.30518	0.03630	0.03968	0.06414	0.04539	0.00938	0.00613	0.00199	0.00518	0.16816	0.00477	0.00749
7	0.00832	0.00577	0.00756	0.00705	0.00844	0.00531	0.00531	0.01092	0.01568	0.04351	0.74677	0.04073	0.05117	0.01120	0.00650	0.00174	0.00267	0.00989	0.00612	0.00534
8	0.01176	0.06743	0.63582	0.04377	0.02338	0.05452	0.03508	0.01746	0.01198	0.01707	0.02644	0.01229	0.00807	0.00539	0.00523	0.00171	0.00804	0.00422	0.00247	0.00788
9	0.00688	0.00562	0.00608	0.00597	0.00769	0.00482	0.00448	0.00861	0.01343	0.01686	0.24292	0.05017	0.58056	0.01332	0.00654	0.00184	0.00275	0.01125	0.00539	0.00482
10	0.01136	0.00948	0.01078	0.01069	0.05161	0.01038	0.00759	0.02091	0.43321	0.02050	0.14797	0.07808	0.06928	0.08346	0.00803	0.00219	0.00412	0.00793	0.00529	0.00715
11	0.00726	0.00536	0.00722	0.00794	0.00848	0.00532	0.00557	0.00862	0.01136	0.01554	0.16823	0.56957	0.03676	0.01761	0.06265	0.00263	0.03658	0.01351	0.00506	0.00473
12	0.01253	0.01209	0.02096	0.29997	0.47337	0.01290	0.05582	0.01604	0.01210	0.01669	0.01026	0.01415	0.00826	0.00513	0.00556	0.00173	0.00701	0.00502	0.00265	0.00778
13	0.01403	0.01018	0.01131	0.01019	0.01316	0.01103	0.00807	0.02454	0.47966	0.13488	0.02759	0.02858	0.11942	0.00900	0.00593	0.00191	0.00428	0.07256	0.00570	0.00798
14	0.00695	0.00563	0.00617	0.00603	0.00773	0.00485	0.00453	0.00873	0.01358	0.01722	0.27813	0.04958	0.54513	0.01318	0.00654	0.00183	0.00275	0.01117	0.00544	0.00485
15	0.84448	0.01071	0.00814	0.00728	0.01071	0.01242	0.00600	0.01628	0.00943	0.02485	0.00771	0.00900	0.00600	0.00514	0.00343	0.00171	0.00428	0.00300	0.00343	0.00600
16	0.01148	0.00984	0.01148	0.00820	0.01312	0.00738	0.00656	0.01395	0.01148	0.01805	0.00984	0.01148	0.00820	0.00410	0.00410	0.00082	0.00410	0.00328	0.00328	0.83922
17	0.02211	0.01300	0.01497	0.01157	0.01587	0.01356	0.00952	0.43774	0.06163	0.31552	0.01705	0.01580	0.01145	0.00677	0.00556	0.00169	0.00548	0.00528	0.00605	0.00939
18	0.01077	0.00984	0.01504	0.55120	0.03046	0.01079	0.01267	0.01409	0.01120	0.01535	0.00984	0.01376	0.00763	0.00510	0.00510	0.00153	0.00637	0.00442	0.00271	0.26213
19	0.01167	0.00999	0.01189	0.05040	0.01457	0.00790	0.00714	0.03280	0.01183	0.01827	0.00993	0.01171	0.00819	0.00424	0.00422	0.00090	0.00433	0.00341	0.00329	0.77332
20	0.01735	0.01304	0.01387	0.01131	0.01490	0.01455	0.00909	0.43282	0.24913	0.02920	0.01675	0.01688	0.01248	0.02494	0.00590	0.00177	0.00517	0.00547	0.09679	0.00861
21	0.01250	0.01140	0.01712	0.49278	0.06045	0.03423	0.06601	0.07672	0.10384	0.03175	0.01313	0.01623	0.02784	0.00602	0.00563	0.00181	0.00693	0.00535	0.00329	0.00697
22	0.00686	0.00514	0.00630	0.00714	0.00792	0.00467	0.00494	0.00799	0.01122	0.01447	0.05283	0.51904	0.23493	0.05304	0.00792	0.00229	0.00326	0.04044	0.00508	0.00453
23	0.01245	0.04152	0.01627	0.34287	0.07312	0.11422	0.03389	0.03325	0.05211	0.01531	0.01240	0.09301	0.01120	0.02229	0.00720	0.00189	0.08327	0.00589	0.00308	0.02474
24	0.00767	0.00562	0.00722	0.00726	0.00837	0.00527	0.00527	0.01019	0.03756	0.01971	0.51096	0.25259	0.07549	0.01299	0.00665	0.00189	0.00284	0.01156	0.00578	0.00511
25	0.01372	0.01106	0.04288	0.00927	0.01403	0.00878	0.00780	0.07135	0.01297	0.10414	0.01136	0.01248	0.00883	0.00485	0.00494	0.00108	0.03345	0.00376	0.00378	0.61947
26	0.01919	0.01431	0.01548	0.01180	0.01623	0.01524	0.00970	0.61092	0.02326	0.03174	0.01284	0.01318	0.00934	0.00622	0.00526	0.00151	0.00567	0.00471	0.02621	0.14719
27	0.01409	0.01120	0.01295	0.02837	0.01428	0.01167	0.00847	0.26514	0.07562	0.02284	0.01540	0.14354	0.01420	0.02908	0.00713	0.00171	0.07554	0.00645	0.00445	0.23788
28	0.00664	0.00554	0.00580	0.00590	0.00758	0.00469	0.00436	0.00807	0.01261	0.01531	0.09584	0.12536	0.65492	0.01419	0.00660	0.00190	0.00283	0.01198	0.00520	0.00469
29	0.01488	0.01483	0.06718	0.09604	0.44908	0.05251	0.01520	0.14574	0.05366	0.02066	0.01137	0.01378	0.00899	0.00548	0.00547	0.00167	0.00673	0.00489	0.00333	0.00849
30	0.00780	0.00566	0.00735	0.00693	0.00825	0.00521	0.00520	0.01038	0.01559	0.02199	0.74659	0.04173	0.07370	0.01140	0.00653	0.00175	0.00262	0.01007	0.00607	0.00521
31	0.01311	0.00968	0.01447	0.25826	0.06130	0.01130	0.02785	0.03324	0.01193	0.12883	0.04376	0.06175	0.01275	0.00763	0.00823	0.00189	0.17711	0.00590	0.10439	0.00662
32	0.01379	0.59379	0.23500	0.01121	0.01690	0.01942	0.01250	0.01685	0.01137	0.01427	0.00832	0.00966	0.00708	0.00488	0.00402	0.00134	0.00655	0.00327	0.00236	0.00740
33	0.00675	0.00482	0.00643	0.00771	0.00803	0.00450	0.00514	0.00771	0.01060	0.01414	0.03053	0.80175	0.03663	0.01735	0.00707	0.00225	0.00321	0.01574	0.00514	0.00450
34	0.01046	0.00984	0.01661	0.79205	0.03814	0.01230	0.01538	0.01415	0.01107	0.01415	0.00984	0.01477	0.00738	0.00554	0.00554	0.00185	0.00738	0.00492	0.00246	0.00615
35	0.03483	0.01369	0.01892	0.23018	0.39973	0.11202	0.01480	0.03350	0.01286	0.04459	0.01053	0.01374	0.00842	0.00607	0.02167	0.00183	0.00727	0.00475	0.00292	0.00766
36	0.01028	0.00669	0.00907	0.06508	0.01200	0.00674	0.00719	0.05032	0.01247	0.10131	0.05592	0.46598	0.02974	0.01404	0.00706	0.00215	0.02495	0.10830	0.00512	0.00558
37	0.00695	0.00560	0.00618	0.00609	0.00774	0.00484	0.00455	0.00871	0.01351	0.01717	0.27443	0.07058	0.52765	0.01329	0.00656	0.00184	0.00276	0.01129	0.00544	0.00484
38	0.06874	0.00967	0.01271	0.00980	0.01404	0.00863	0.00809	0.04737	0.01580	0.71303	0.02084	0.01816	0.01317	0.00676	0.00545	0.00171	0.00473	0.00541	0.00663	0.00924
39	0.26574	0.03810	0.23128	0.06786	0.03477	0.01241	0.01201	0.04586	0.02989	0.13171	0.01183	0.03442	0.00893	0.00613	0.00546	0.00177	0.04632	0.00448	0.00364	0.00739

[dist]
# distance from previous block
# <min> <max>
0	2

[block]
# block no. 1 follows, 43 sequences, length 6
# corresponding to MSA columns:
# 89-94
name=unknown_B
#
# <colnr> <probs for GDERKNQSTAVLIFYWHMCP>
#	G	D	E	R	K	N	Q	S	T	A	V	L	I	F	Y	W	H	M	C	P
0	0.01549	0.16781	0.11184	0.01850	0.23253	0.20278	0.01301	0.04384	0.03544	0.03812	0.03904	0.01326	0.01004	0.00661	0.02741	0.00174	0.00744	0.00441	0.00308	0.00761
1	0.26510	0.03404	0.01338	0.29153	0.04184	0.05381	0.01044	0.05964	0.01182	0.04010	0.03751	0.01447	0.00960	0.03120	0.04488	0.00221	0.02428	0.00456	0.00327	0.00633
2	0.04525	0.01213	0.01632	0.28125	0.08563	0.08784	0.04946	0.01506	0.01103	0.01551	0.00994	0.01391	0.00819	0.00670	0.00877	0.00188	0.22575	0.00480	0.09425	0.00632
3	0.00770	0.00587	0.00791	0.00863	0.00901	0.00623	0.00622	0.00882	0.01030	0.01396	0.02611	0.54802	0.03061	0.07906	0.04551	0.00285	0.09120	0.08275	0.00460	0.00466
4	0.01345	0.01145	0.05340	0.00923	0.01423	0.00881	0.00786	0.09626	0.01340	0.07293	0.01107	0.01221	0.00866	0.00464	0.00443	0.00103	0.00458	0.00367	0.00373	0.64497
5	0.10561	0.00774	0.03797	0.00801	0.01031	0.00672	0.02904	0.01262	0.01299	0.11792	0.20352	0.17900	0.22467	0.01143	0.00611	0.00187	0.00367	0.00981	0.00521	0.00577

[dist]
# distance from previous block
# <min> <max>
0	3

[block]
# block no. 2 follows, 43 sequences, length 13
# corresponding to MSA columns:
# 98-110
name=unknown_C
#
# <colnr> <probs for GDERKNQSTAVLIFYWHMCP>
#	G	D	E	R	K	N	Q	S	T	A	V	L	I	F	Y	W	H	M	C	P
0	0.09360	0.13344	0.42984	0.01323	0.01958	0.01383	0.03166	0.07543	0.01306	0.09104	0.02928	0.01264	0.00889	0.00557	0.00496	0.00166	0.00689	0.00424	0.00323	0.00795
1	0.01691	0.04057	0.01677	0.16267	0.08519	0.42746	0.01211	0.03661	0.05241	0.01501	0.00966	0.01199	0.00789	0.00604	0.00629	0.00163	0.07691	0.00421	0.00293	0.00675
2	0.00690	0.00493	0.00658	0.00778	0.00819	0.00462	0.00530	0.00802	0.01097	0.01468	0.07094	0.72897	0.03729	0.01693	0.00706	0.00223	0.00326	0.04558	0.00519	0.00456
3	0.01243	0.01139	0.01845	0.48398	0.26630	0.01301	0.01545	0.08141	0.01290	0.01725	0.01033	0.01430	0.00800	0.00545	0.00552	0.00177	0.00701	0.00493	0.00283	0.00727
4	0.00701	0.00506	0.00667	0.00776	0.00832	0.00472	0.00543	0.00826	0.01128	0.01501	0.08827	0.64280	0.07386	0.01655	0.00705	0.00222	0.00331	0.07661	0.00521	0.00461
5	0.00703	0.00563	0.00628	0.00612	0.00778	0.00488	0.00459	0.00888	0.01376	0.01767	0.32188	0.04885	0.50110	0.01302	0.00654	0.00182	0.00273	0.01106	0.00550	0.00488
6	0.00772	0.00549	0.00700	0.00787	0.00840	0.00532	0.00535	0.04650	0.01119	0.01491	0.02808	0.64578	0.03314	0.10790	0.00945	0.00259	0.00368	0.04002	0.00495	0.00464
7	0.05216	0.00999	0.01652	0.64401	0.03388	0.01214	0.05766	0.01438	0.01107	0.01523	0.01021	0.01475	0.00775	0.00562	0.00573	0.00182	0.02742	0.00493	0.04858	0.00617
8	0.84448	0.01071	0.00814	0.00728	0.01071	0.01242	0.00600	0.01628	0.00943	0.02485	0.00771	0.00900	0.00600	0.00514	0.00343	0.00171	0.00428	0.00300	0.00343	0.00600
9	0.01495	0.01657	0.04786	0.11342	0.30935	0.23448	0.01359	0.01853	0.06023	0.01657	0.01090	0.01348	0.00885	0.00570	0.00580	0.00164	0.04148	0.00460	0.05458	0.00742
10	0.01316	0.00865	0.01009	0.00873	0.01137	0.02954	0.00680	0.01836	0.17297	0.17492	0.35739	0.02955	0.05311	0.00897	0.00591	0.00169	0.00374	0.00766	0.00582	0.07157
11	0.00675	0.00482	0.00643	0.00771	0.00803	0.00450	0.00514	0.00771	0.01060	0.01414	0.03053	0.80175	0.03663	0.01735	0.00707	0.00225	0.00321	0.01574	0.00514	0.00450
12	0.01199	0.07042	0.01870	0.03184	0.01674	0.01385	0.14691	0.01423	0.01032	0.01531	0.00990	0.03138	0.00891	0.00846	0.03689	0.00211	0.35721	0.00508	0.04980	0.13996

[dist]
# distance from previous block
# <min> <max>
0	7

[block]
# block no. 3 follows, 43 sequences, length 12
# corresponding to MSA columns:
# 127-138
name=unknown_D
#
# <colnr> <probs for GDERKNQSTAVLIFYWHMCP>
#	G	D	E	R	K	N	Q	S	T	A	V	L	I	F	Y	W	H	M	C	P
0	0.13683	0.22038	0.01739	0.02661	0.01464	0.24219	0.00940	0.06568	0.01273	0.01649	0.00895	0.01111	0.00767	0.00779	0.03669	0.03191	0.09770	0.00378	0.02562	0.00645
1	0.55963	0.07730	0.04874	0.02774	0.01388	0.03856	0.07330	0.01607	0.01047	0.02161	0.01148	0.01281	0.05810	0.00570	0.00411	0.00169	0.00521	0.00401	0.00331	0.00625
2	0.01438	0.52879	0.16562	0.01187	0.01690	0.08000	0.04355	0.01709	0.01163	0.01412	0.00831	0.00991	0.00716	0.00516	0.00484	0.00140	0.04618	0.00347	0.00242	0.00722
3	0.01446	0.71663	0.05578	0.01011	0.01460	0.02119	0.01009	0.01636	0.01105	0.01322	0.00775	0.00924	0.00712	0.00515	0.00478	0.00130	0.06858	0.00315	0.00237	0.00706
4	0.01196	0.00809	0.03988	0.00905	0.02469	0.00710	0.00719	0.04744	0.04931	0.16178	0.28520	0.14062	0.10337	0.01115	0.00636	0.00189	0.00385	0.06901	0.00568	0.00639
5	0.01181	0.00927	0.01191	0.04936	0.01318	0.04286	0.03226	0.08798	0.01276	0.06033	0.14195	0.02248	0.01861	0.07128	0.22141	0.00400	0.12562	0.00632	0.05064	0.00598
6	0.00730	0.00550	0.00677	0.00685	0.00811	0.00496	0.00504	0.00925	0.01374	0.01845	0.40479	0.19929	0.24154	0.01339	0.00668	0.00190	0.00286	0.03303	0.00562	0.00493
7	0.01361	0.01534	0.04918	0.15806	0.11610	0.11625	0.28550	0.01820	0.07467	0.01667	0.01109	0.01423	0.00866	0.00566	0.00686	0.00182	0.07249	0.00541	0.00293	0.00727
8	0.00689	0.00488	0.00638	0.00753	0.00781	0.00459	0.00495	0.00775	0.01032	0.01376	0.02909	0.71770	0.03482	0.10387	0.00939	0.00259	0.00345	0.01490	0.00495	0.00437
9	0.01607	0.07177	0.07642	0.11333	0.14503	0.27699	0.01242	0.08897	0.01455	0.03341	0.01190	0.01383	0.03454	0.00598	0.00539	0.00158	0.02322	0.00453	0.04288	0.00719
10	0.05298	0.52038	0.02390	0.01094	0.01480	0.20912	0.00982	0.01769	0.01206	0.01371	0.00788	0.00940	0.00708	0.00537	0.00500	0.00136	0.06591	0.00325	0.00254	0.00681
11	0.70896	0.01196	0.04811	0.03054	0.01326	0.01270	0.04315	0.04375	0.01038	0.02422	0.00826	0.00974	0.00633	0.00519	0.00381	0.00172	0.00488	0.00335	0.00339	0.00631

[dist]
# distance from previous block
# <min> <max>
0	56

[block]
# block no. 4 follows, 43 sequences, length 18
# corresponding to MSA columns:
# 195-212
name=unknown_E
#
# <colnr> <probs for GDERKNQSTAVLIFYWHMCP>
#	G	D	E	R	K	N	Q	S	T	A	V	L	I	F	Y	W	H	M	C	P
0	0.01481	0.80869	0.02902	0.00948	0.01421	0.02191	0.00948	0.01658	0.01125	0.01303	0.00770	0.00888	0.00711	0.00474	0.00355	0.00118	0.00592	0.00296	0.00237	0.00711
1	0.01919	0.01421	0.01516	0.01196	0.01596	0.01578	0.00977	0.59157	0.13182	0.03212	0.01500	0.01492	0.01087	0.00676	0.00543	0.00167	0.00558	0.00518	0.06804	0.00900
2	0.00696	0.00498	0.00652	0.00758	0.00801	0.00467	0.00512	0.00803	0.01086	0.01449	0.07356	0.66041	0.05713	0.06959	0.00846	0.00243	0.00337	0.03828	0.00508	0.00449
3	0.00720	0.00605	0.00632	0.00628	0.00816	0.00536	0.00479	0.00963	0.05980	0.01603	0.09959	0.05091	0.63874	0.01350	0.00654	0.00189	0.00300	0.04598	0.00523	0.00499
4	0.01048	0.00625	0.00825	0.00742	0.00918	0.00568	0.00568	0.01302	0.01570	0.13900	0.65209	0.03787	0.04627	0.01063	0.00638	0.00174	0.00294	0.00933	0.00621	0.00588
5	0.02485	0.00943	0.01285	0.00985	0.01414	0.00814	0.00814	0.02699	0.01585	0.77465	0.02185	0.01885	0.01371	0.00685	0.00557	0.00171	0.00471	0.00557	0.00685	0.00943
6	0.00772	0.00565	0.00718	0.00680	0.00813	0.00517	0.00507	0.01013	0.01514	0.02114	0.67411	0.04241	0.12309	0.03533	0.00718	0.00186	0.00271	0.01012	0.00592	0.00511
7	0.01300	0.01057	0.01687	0.04868	0.44852	0.01037	0.01290	0.01582	0.01305	0.09555	0.05475	0.02619	0.11414	0.00780	0.00592	0.00179	0.00557	0.08697	0.00389	0.00764
8	0.01148	0.00984	0.01148	0.00820	0.01312	0.00738	0.00656	0.01395	0.01148	0.01805	0.00984	0.01148	0.00820	0.00410	0.00410	0.00082	0.00410	0.00328	0.00328	0.83922
9	0.01397	0.01384	0.02163	0.08258	0.67139	0.06537	0.01646	0.01716	0.01272	0.01753	0.01025	0.01352	0.00857	0.00503	0.00545	0.00164	0.00686	0.00484	0.00273	0.00844
10	0.01395	0.01035	0.01248	0.05927	0.01525	0.00875	0.00771	0.08796	0.01341	0.10969	0.01161	0.01275	0.00893	0.00477	0.00451	0.00108	0.00458	0.00383	0.00388	0.60524
11	0.01148	0.00984	0.01148	0.00820	0.01312	0.00738	0.00656	0.01395	0.01148	0.01805	0.00984	0.01148	0.00820	0.00410	0.00410	0.00082	0.00410	0.00328	0.00328	0.83922
12	0.01696	0.00877	0.01120	0.00877	0.01246	0.00751	0.00706	0.04548	0.01502	0.36532	0.19550	0.02292	0.03835	0.00738	0.00545	0.00150	0.00407	0.00617	0.00570	0.21441
13	0.20402	0.01312	0.03938	0.12405	0.45178	0.04301	0.01412	0.01668	0.01178	0.01894	0.00964	0.01256	0.00784	0.00510	0.00499	0.00168	0.00633	0.00441	0.00286	0.00769
14	0.01226	0.06078	0.01628	0.06714	0.01548	0.01452	0.02692	0.01396	0.01030	0.06020	0.09911	0.04440	0.01405	0.00928	0.01360	0.00216	0.50432	0.00582	0.00323	0.00621
15	0.05614	0.06563	0.16370	0.00940	0.01219	0.03739	0.00867	0.03561	0.01172	0.01617	0.06375	0.28785	0.10342	0.09370	0.00824	0.00225	0.00495	0.00947	0.00409	0.00567
16	0.01104	0.03978	0.01561	0.32195	0.03936	0.01226	0.05137	0.04221	0.08249	0.01592	0.01700	0.07623	0.08474	0.00941	0.03839	0.00221	0.12376	0.00654	0.00337	0.00636
17	0.04446	0.45946	0.13555	0.01027	0.01455	0.03559	0.01031	0.01582	0.01095	0.03886	0.00991	0.01327	0.00898	0.08544	0.05698	0.00226	0.03390	0.00398	0.00270	0.00675

[dist]
# distance from previous block
# <min> <max>
6	27

[block]
# block no. 5 follows, 43 sequences, length 84
# corresponding to MSA columns:
# 244-327
name=unknown_F
#
# <colnr> <probs for GDERKNQSTAVLIFYWHMCP>
#	G	D	E	R	K	N	Q	S	T	A	V	L	I	F	Y	W	H	M	C	P
0	0.01321	0.01265	0.02158	0.15005	0.65864	0.01303	0.01675	0.01656	0.01238	0.01749	0.01033	0.01387	0.00856	0.00503	0.00549	0.00168	0.00670	0.00493	0.00270	0.00837
1	0.00799	0.00538	0.00602	0.00602	0.00610	0.00534	0.00339	0.00805	0.00824	0.01091	0.01899	0.03692	0.05002	0.77376	0.02732	0.00523	0.00527	0.00820	0.00343	0.00341
2	0.01284	0.01442	0.05739	0.08578	0.19480	0.01390	0.43102	0.01688	0.01234	0.01712	0.01051	0.01426	0.00825	0.00528	0.00723	0.00186	0.08005	0.00580	0.00271	0.00756
3	0.00671	0.00508	0.00617	0.00703	0.00782	0.00457	0.00481	0.00779	0.01117	0.01432	0.03814	0.55360	0.26240	0.03373	0.00737	0.00220	0.00313	0.01432	0.00510	0.00453
4	0.01182	0.01007	0.01166	0.00844	0.01328	0.00789	0.00675	0.03359	0.04178	0.01869	0.01044	0.01190	0.00858	0.00430	0.00420	0.00088	0.00416	0.00344	0.00343	0.78467
5	0.01204	0.01627	0.19354	0.03745	0.02233	0.01232	0.28855	0.01611	0.01177	0.01718	0.01008	0.01298	0.00788	0.00525	0.00691	0.00163	0.09706	0.00490	0.00277	0.22298
6	0.01916	0.01424	0.01536	0.01211	0.01623	0.01565	0.00987	0.56114	0.15126	0.05076	0.01540	0.03435	0.01145	0.00697	0.00554	0.00168	0.00561	0.00542	0.00549	0.04232
7	0.01661	0.01346	0.04542	0.01169	0.01543	0.03308	0.00961	0.18316	0.47159	0.10802	0.01961	0.01825	0.01429	0.00712	0.00558	0.00180	0.00508	0.00575	0.00554	0.00890
8	0.01975	0.01563	0.01626	0.01353	0.04826	0.06608	0.01057	0.57779	0.12303	0.03125	0.01411	0.01408	0.01024	0.00663	0.00552	0.00168	0.00614	0.00506	0.00526	0.00911
9	0.03154	0.00878	0.01432	0.42978	0.09991	0.01006	0.02580	0.01286	0.01050	0.03322	0.01197	0.08495	0.01073	0.00939	0.00900	0.17660	0.00629	0.00586	0.00286	0.00559
10	0.02527	0.00492	0.00718	0.00725	0.00733	0.00494	0.00485	0.00742	0.00746	0.01019	0.01086	0.06476	0.01121	0.01886	0.02041	0.77176	0.00470	0.00545	0.00259	0.00260
11	0.01369	0.01320	0.02270	0.03376	0.75473	0.01318	0.03291	0.01701	0.01262	0.01809	0.01043	0.01373	0.00876	0.00493	0.00551	0.00165	0.00664	0.00497	0.00274	0.00874
12	0.01118	0.01046	0.01770	0.59656	0.20524	0.01229	0.01546	0.01461	0.01132	0.01493	0.00997	0.01458	0.00776	0.00578	0.00597	0.02497	0.00713	0.00492	0.00252	0.00665
13	0.01230	0.01155	0.01942	0.30652	0.45186	0.01247	0.01574	0.01581	0.02597	0.01652	0.01096	0.01569	0.00910	0.00583	0.00595	0.02152	0.00674	0.02573	0.00275	0.00757
14	0.00688	0.00513	0.00630	0.00709	0.00785	0.00468	0.00487	0.00802	0.01127	0.01461	0.07578	0.50737	0.22113	0.06674	0.00828	0.00233	0.00326	0.02882	0.00508	0.00452
15	0.00791	0.00553	0.00708	0.00718	0.00755	0.00586	0.00475	0.00868	0.00854	0.01173	0.01745	0.08546	0.01907	0.47790	0.29513	0.00640	0.00858	0.00785	0.00334	0.00400
16	0.01293	0.00999	0.01109	0.00992	0.01211	0.04576	0.00780	0.21080	0.07279	0.03454	0.01961	0.05962	0.06715	0.08310	0.20600	0.00392	0.02676	0.05828	0.04136	0.00647
17	0.00770	0.00538	0.00602	0.00609	0.00646	0.00519	0.00366	0.00806	0.00915	0.01191	0.03909	0.08989	0.15108	0.60169	0.02265	0.00449	0.00473	0.00923	0.00383	0.00369
18	0.00675	0.00482	0.00643	0.00771	0.00803	0.00450	0.00514	0.00771	0.01060	0.01414	0.03053	0.80175	0.03663	0.01735	0.00707	0.00225	0.00321	0.01574	0.00514	0.00450
19	0.01121	0.01094	0.01719	0.39655	0.02657	0.01425	0.04438	0.01378	0.01000	0.01394	0.00927	0.03284	0.00809	0.00763	0.01121	0.00211	0.35618	0.00522	0.00252	0.00613
20	0.01504	0.53355	0.12051	0.04406	0.01728	0.13974	0.03075	0.01750	0.01205	0.01385	0.00830	0.00982	0.00715	0.00499	0.00416	0.00134	0.00700	0.00337	0.00246	0.00710
21	0.01393	0.01378	0.02163	0.08600	0.67066	0.06281	0.01648	0.01713	0.01270	0.01752	0.01026	0.01354	0.00857	0.00503	0.00546	0.00164	0.00686	0.00485	0.00273	0.00844
22	0.00692	0.00495	0.00662	0.00785	0.00827	0.00464	0.00539	0.00804	0.01089	0.01452	0.05115	0.73175	0.03676	0.01705	0.00709	0.00225	0.00332	0.06281	0.00517	0.00456
23	0.01291	0.01234	0.02103	0.22098	0.59009	0.01295	0.01660	0.01629	0.01223	0.01712	0.01028	0.01397	0.00843	0.00508	0.00550	0.00169	0.00678	0.00493	0.00267	0.00813
24	0.00695	0.00495	0.00632	0.00733	0.00768	0.00465	0.00480	0.00778	0.01030	0.01363	0.02974	0.63928	0.07190	0.14449	0.01045	0.00273	0.00354	0.01429	0.00485	0.00432
25	0.01174	0.01000	0.01162	0.00832	0.01323	0.00765	0.00667	0.03375	0.01187	0.01850	0.00994	0.01153	0.00824	0.00417	0.00414	0.00084	0.00416	0.00333	0.00334	0.81696
26	0.01437	0.73916	0.04787	0.00949	0.01411	0.02071	0.00952	0.01630	0.01121	0.01339	0.00830	0.00970	0.00752	0.00584	0.02551	0.00142	0.00613	0.00315	0.02931	0.00701
27	0.00716	0.00577	0.00643	0.00668	0.00835	0.00509	0.00526	0.00883	0.01267	0.01554	0.08181	0.05432	0.55621	0.03426	0.00733	0.00210	0.00336	0.16891	0.00513	0.00476
28	0.00685	0.00508	0.00639	0.00721	0.00796	0.00462	0.00497	0.00810	0.01163	0.01531	0.12821	0.56101	0.18051	0.01595	0.00690	0.00211	0.00306	0.01424	0.00526	0.00462
29	0.00678	0.00484	0.00645	0.00769	0.00804	0.00452	0.00514	0.00779	0.01075	0.01437	0.05211	0.77949	0.03709	0.01717	0.00705	0.00223	0.00320	0.01558	0.00517	0.00452
30	0.00875	0.00638	0.00861	0.00966	0.01099	0.00633	0.00827	0.01151	0.03376	0.01673	0.05712	0.09009	0.08973	0.01493	0.00744	0.00244	0.00474	0.60221	0.00515	0.00515
31	0.10649	0.00836	0.01056	0.00862	0.01188	0.00765	0.00695	0.02050	0.01502	0.45446	0.23776	0.02534	0.04617	0.00818	0.00565	0.00173	0.00400	0.00677	0.00622	0.00770
32	0.00672	0.00540	0.00601	0.00641	0.00778	0.00469	0.00465	0.00807	0.01214	0.01502	0.07273	0.27334	0.50716	0.01495	0.00673	0.00200	0.00298	0.03341	0.00517	0.00465
33	0.00835	0.00563	0.00640	0.00633	0.00648	0.00569	0.00368	0.02698	0.00859	0.01149	0.01758	0.05348	0.02008	0.74520	0.04801	0.00530	0.00560	0.00810	0.00344	0.00358
34	0.02024	0.01502	0.01611	0.01253	0.01678	0.01665	0.01028	0.68776	0.07311	0.03365	0.01431	0.03274	0.01056	0.00696	0.00558	0.00169	0.00591	0.00533	0.00554	0.00926
35	0.00681	0.00514	0.00631	0.00715	0.00799	0.00464	0.00500	0.00802	0.01148	0.01480	0.06960	0.52759	0.24997	0.01606	0.00691	0.00213	0.00313	0.03750	0.00518	0.00460
36	0.07398	0.01496	0.01580	0.01229	0.01657	0.01664	0.01012	0.65624	0.07412	0.03347	0.01355	0.01351	0.00970	0.00661	0.00541	0.00168	0.00586	0.00494	0.00541	0.00915
37	0.00789	0.00616	0.00823	0.00832	0.00979	0.00547	0.02974	0.00945	0.01136	0.01534	0.04325	0.48417	0.10930	0.01428	0.00661	0.00201	0.00369	0.09110	0.00480	0.12903
38	0.01371	0.01316	0.02248	0.03399	0.77081	0.01316	0.01700	0.01700	0.01261	0.01809	0.01042	0.01371	0.00877	0.00493	0.00548	0.00164	0.00658	0.00493	0.00274	0.00877
39	0.04564	0.00803	0.01041	0.00904	0.01195	0.00741	0.00740	0.01942	0.04674	0.38168	0.17162	0.03313	0.07493	0.00969	0.00612	0.00189	0.00421	0.13722	0.00610	0.00736
40	0.00962	0.00481	0.00722	0.00722	0.00722	0.00481	0.00481	0.00722	0.00722	0.00962	0.00962	0.01684	0.00962	0.01924	0.02165	0.83886	0.00481	0.00481	0.00241	0.00241
41	0.01440	0.00714	0.00914	0.00785	0.01046	0.00625	0.00616	0.01646	0.01478	0.32658	0.25741	0.06898	0.21071	0.01043	0.00617	0.00178	0.00354	0.00887	0.00613	0.00677
42	0.08920	0.00622	0.00680	0.00675	0.00837	0.00581	0.00494	0.01048	0.01183	0.07282	0.08403	0.19331	0.33186	0.09985	0.00863	0.00230	0.00349	0.02801	0.02026	0.00503
43	0.00661	0.00561	0.00571	0.00568	0.00752	0.00470	0.00426	0.00808	0.01279	0.01535	0.09380	0.05267	0.73063	0.01388	0.00654	0.00186	0.00280	0.01160	0.00519	0.00470
44	0.00984	0.00696	0.00799	0.00761	0.00966	0.00661	0.00589	0.01375	0.12638	0.09058	0.17433	0.08360	0.35264	0.01214	0.00643	0.00191	0.00340	0.06886	0.00555	0.00588
45	0.00837	0.00633	0.00796	0.00881	0.00979	0.00644	0.00650	0.01214	0.13845	0.01615	0.02893	0.52312	0.03234	0.01528	0.00694	0.00225	0.00378	0.15585	0.00522	0.00534
46	0.00962	0.00481	0.00722	0.00722	0.00722	0.00481	0.00481	0.00722	0.00722	0.00962	0.00962	0.01684	0.00962	0.01924	0.02165	0.83886	0.00481	0.00481	0.00241	0.00241
47	0.00805	0.00537	0.00604	0.00604	0.00604	0.00537	0.00336	0.00805	0.00805	0.01074	0.01745	0.03624	0.02013	0.80536	0.02819	0.00537	0.00537	0.00805	0.00336	0.00336
48	0.03050	0.00652	0.00697	0.00683	0.00864	0.00605	0.00513	0.07436	0.01346	0.01716	0.07885	0.16761	0.49442	0.02941	0.00692	0.00199	0.00331	0.03163	0.00514	0.00511
49	0.00700	0.00496	0.00653	0.00769	0.00803	0.00469	0.00518	0.00796	0.01048	0.01394	0.02917	0.68430	0.03474	0.09470	0.00918	0.00257	0.00353	0.05596	0.00496	0.00442
50	0.02485	0.00943	0.01285	0.00985	0.01414	0.00814	0.00814	0.02699	0.01585	0.77465	0.02185	0.01885	0.01371	0.00685	0.00557	0.00171	0.00471	0.00557	0.00685	0.00943
51	0.01299	0.01086	0.01263	0.00932	0.01384	0.00952	0.00754	0.12696	0.01351	0.02032	0.01020	0.01180	0.00833	0.00486	0.00525	0.00106	0.05677	0.00365	0.00357	0.65702
52	0.00738	0.00578	0.00670	0.00648	0.00806	0.00517	0.00485	0.00973	0.03263	0.01880	0.41299	0.06146	0.37482	0.01257	0.00653	0.00181	0.00276	0.01079	0.00564	0.00505
53	0.02403	0.00944	0.01273	0.00981	0.01398	0.00827	0.00808	0.04638	0.01613	0.72276	0.05276	0.01964	0.01520	0.00704	0.00561	0.00171	0.00466	0.00574	0.00679	0.00925
54	0.01163	0.01167	0.01755	0.16305	0.02021	0.04480	0.10222	0.01386	0.00989	0.01396	0.00943	0.01433	0.00841	0.01292	0.12902	0.00318	0.40000	0.00518	0.00258	0.00610
55	0.01142	0.01061	0.01749	0.59081	0.16874	0.01259	0.01527	0.04041	0.01186	0.01563	0.01050	0.01565	0.00831	0.00580	0.00586	0.00183	0.02472	0.02309	0.00268	0.00671
56	0.00897	0.00515	0.00763	0.00767	0.00796	0.00543	0.00537	0.00803	0.00784	0.01074	0.01210	0.04437	0.01212	0.05697	0.23989	0.54055	0.00766	0.00561	0.00269	0.00324
57	0.05813	0.60780	0.14415	0.01054	0.01569	0.03872	0.01106	0.03328	0.01167	0.01486	0.00820	0.00945	0.00709	0.00491	0.00389	0.00132	0.00629	0.00320	0.00250	0.00725
58	0.00714	0.00520	0.00672	0.00726	0.00808	0.00478	0.00509	0.00875	0.01266	0.01721	0.30680	0.45653	0.10359	0.01483	0.00683	0.00203	0.00296	0.01328	0.00550	0.00478
59	0.71899	0.01051	0.00886	0.00768	0.01124	0.01177	0.00633	0.01792	0.01041	0.13964	0.00988	0.01051	0.00718	0.00540	0.00376	0.00171	0.00435	0.00339	0.00395	0.00652
60	0.01148	0.00984	0.01148	0.00820	0.01312	0.00738	0.00656	0.01395	0.01148	0.01805	0.00984	0.01148	0.00820	0.00410	0.00410	0.00082	0.00410	0.00328	0.00328	0.83922
61	0.00671	0.00495	0.00629	0.00735	0.00794	0.00453	0.00498	0.00775	0.01095	0.01428	0.03488	0.67424	0.16132	0.01678	0.00698	0.00218	0.00314	0.01505	0.00514	0.00453
62	0.00796	0.00576	0.00803	0.00803	0.00871	0.00645	0.00583	0.00933	0.00864	0.01221	0.01563	0.02619	0.01577	0.27509	0.55250	0.00782	0.01194	0.00658	0.00309	0.00446
63	0.00665	0.00548	0.00585	0.00613	0.00769	0.00469	0.00451	0.00800	0.01225	0.01485	0.05059	0.19379	0.61166	0.01468	0.00667	0.00196	0.00294	0.03181	0.00514	0.00465
64	0.00673	0.00487	0.00637	0.00757	0.00800	0.00451	0.00508	0.00773	0.01074	0.01419	0.03228	0.75052	0.08673	0.01712	0.00703	0.00222	0.00319	0.01547	0.00514	0.00451
65	0.56200	0.01017	0.00957	0.00806	0.01172	0.01086	0.00663	0.01947	0.01155	0.26288	0.01347	0.01329	0.02847	0.00592	0.00419	0.00172	0.00438	0.00404	0.00456	0.00705
66	0.01395	0.01198	0.01262	0.01131	0.01447	0.01386	0.00881	0.04664	0.74332	0.02345	0.02232	0.02049	0.01673	0.00749	0.00563	0.00187	0.00442	0.00623	0.00563	0.00878
67	0.82236	0.01068	0.00827	0.00735	0.01080	0.01231	0.00606	0.01657	0.00960	0.04509	0.00809	0.00926	0.00621	0.00519	0.00349	0.00171	0.00430	0.00307	0.00352	0.00609
68	0.00805	0.00537	0.00604	0.00604	0.00604	0.00537	0.00336	0.00805	0.00805	0.01074	0.01745	0.03624	0.02013	0.80536	0.02819	0.00537	0.00537	0.00805	0.00336	0.00336
69	0.17231	0.00889	0.00957	0.00856	0.01103	0.00932	0.00668	0.17176	0.01475	0.11073	0.05570	0.21129	0.01933	0.00940	0.00534	0.00178	0.00411	0.02273	0.14013	0.00657
70	0.00761	0.00575	0.00636	0.00646	0.00809	0.00504	0.00475	0.00936	0.03079	0.04713	0.09020	0.21327	0.51718	0.01413	0.00660	0.00194	0.00300	0.01208	0.00528	0.00497
71	0.00659	0.00561	0.00567	0.00565	0.00751	0.00469	0.00424	0.00803	0.01272	0.01520	0.07909	0.05291	0.74544	0.01394	0.00655	0.00187	0.00280	0.01163	0.00517	0.00469
72	0.00734	0.00511	0.00625	0.00688	0.00715	0.00490	0.00433	0.00794	0.00970	0.01289	0.04416	0.41758	0.06103	0.36033	0.01623	0.00358	0.00412	0.01208	0.00439	0.00403
73	0.00725	0.00517	0.00690	0.00767	0.00818	0.00516	0.00529	0.00841	0.01012	0.01381	0.03835	0.49653	0.04811	0.10650	0.18058	0.00401	0.00597	0.01229	0.02521	0.00451
74	0.02069	0.02640	0.01569	0.01427	0.01712	0.78313	0.01070	0.02212	0.01569	0.01355	0.00856	0.00999	0.00713	0.00571	0.00499	0.00143	0.00999	0.00357	0.00285	0.00642
75	0.00675	0.00482	0.00643	0.00771	0.00803	0.00450	0.00514	0.00771	0.01060	0.01414	0.03053	0.80175	0.03663	0.01735	0.00707	0.00225	0.00321	0.01574	0.00514	0.00450
76	0.84448	0.01071	0.00814	0.00728	0.01071	0.01242	0.00600	0.01628	0.00943	0.02485	0.00771	0.00900	0.00600	0.00514	0.00343	0.00171	0.00428	0.00300	0.00343	0.00600
77	0.01234	0.01222	0.02051	0.21687	0.27111	0.01420	0.09990	0.01525	0.01102	0.01561	0.00941	0.01363	0.00792	0.00650	0.00948	0.00196	0.24726	0.00509	0.00258	0.00714
78	0.01046	0.00984	0.01661	0.79205	0.03814	0.01230	0.01538	0.01415	0.01107	0.01415	0.00984	0.01477	0.00738	0.00554	0.00554	0.00185	0.00738	0.00492	0.00246	0.00615
79	0.01303	0.01485	0.05130	0.05181	0.15287	0.01377	0.58208	0.01749	0.01289	0.01767	0.01099	0.01464	0.00839	0.00476	0.00629	0.00183	0.00878	0.00614	0.00277	0.00766
80	0.01415	0.03465	0.02065	0.01501	0.01922	0.01230	0.27096	0.05816	0.03369	0.09755	0.02756	0.01448	0.00991	0.00582	0.00735	0.00163	0.12291	0.00521	0.00358	0.22519
81	0.84448	0.01071	0.00814	0.00728	0.01071	0.01242	0.00600	0.01628	0.00943	0.02485	0.00771	0.00900	0.00600	0.00514	0.00343	0.00171	0.00428	0.00300	0.00343	0.00600
82	0.01380	0.59540	0.23346	0.01120	0.01688	0.01944	0.01248	0.01685	0.01137	0.01426	0.00831	0.00965	0.00708	0.00488	0.00402	0.00134	0.00654	0.00327	0.00236	0.00740
83	0.00824	0.00568	0.00736	0.00772	0.00884	0.00531	0.00572	0.01033	0.02798	0.04917	0.28362	0.34848	0.10111	0.01415	0.00682	0.00205	0.00327	0.09349	0.00554	0.00512

[dist]
# distance from previous block
# <min> <max>
0	11

[block]
# block no. 6 follows, 43 sequences, length 20
# corresponding to MSA columns:
# 339-358
name=unknown_G
#
# <colnr> <probs for GDERKNQSTAVLIFYWHMCP>
#	G	D	E	R	K	N	Q	S	T	A	V	L	I	F	Y	W	H	M	C	P
0	0.02105	0.01551	0.01662	0.01274	0.01717	0.01717	0.01053	0.75235	0.02604	0.03490	0.01330	0.01330	0.00942	0.00665	0.00554	0.00166	0.00609	0.00499	0.00554	0.00942
1	0.01823	0.00774	0.01050	0.00907	0.01190	0.00681	0.00704	0.01994	0.01393	0.49649	0.02502	0.30520	0.02209	0.01069	0.00612	0.00191	0.00416	0.00929	0.00623	0.00762
2	0.00788	0.00583	0.00835	0.00819	0.00930	0.00630	0.00630	0.01010	0.01138	0.01628	0.29027	0.02893	0.02789	0.03049	0.49926	0.00628	0.01036	0.00743	0.00411	0.00505
3	0.01718	0.01344	0.01662	0.29778	0.02484	0.01539	0.01230	0.48235	0.02057	0.02731	0.01203	0.01383	0.00867	0.00624	0.00554	0.00173	0.00657	0.00496	0.00441	0.00822
4	0.00874	0.00800	0.00998	0.00904	0.01016	0.00924	0.00723	0.01022	0.01148	0.01525	0.12554	0.03677	0.40227	0.01211	0.01080	0.00206	0.29262	0.00898	0.00427	0.00525
5	0.01281	0.00908	0.00991	0.00849	0.01011	0.00969	0.00598	0.28029	0.01463	0.01958	0.01593	0.02785	0.01622	0.51323	0.01990	0.00401	0.00563	0.00693	0.00415	0.00557
6	0.02069	0.02640	0.01569	0.01427	0.01712	0.78313	0.01070	0.02212	0.01569	0.01355	0.00856	0.00999	0.00713	0.00571	0.00499	0.00143	0.00999	0.00357	0.00285	0.00642
7	0.01485	0.04602	0.47742	0.01449	0.02121	0.01470	0.01652	0.28627	0.01693	0.02376	0.01110	0.01220	0.00790	0.00575	0.00532	0.00170	0.00736	0.00439	0.00351	0.00861
8	0.05817	0.74473	0.04916	0.00954	0.01431	0.02116	0.00961	0.01659	0.01117	0.01378	0.00776	0.00897	0.00705	0.00477	0.00360	0.00123	0.00590	0.00300	0.00242	0.00708
9	0.00758	0.00517	0.00618	0.00665	0.00677	0.00505	0.00401	0.00793	0.00899	0.01198	0.02223	0.31623	0.02617	0.51714	0.02046	0.00423	0.00458	0.01087	0.00401	0.00377
10	0.00990	0.00857	0.01380	0.50608	0.02839	0.01014	0.01302	0.01317	0.01169	0.01504	0.01697	0.03221	0.01634	0.00911	0.00631	0.00210	0.00655	0.27142	0.00343	0.00577
11	0.00991	0.02024	0.49530	0.01256	0.01823	0.01007	0.01489	0.01495	0.01315	0.01925	0.28717	0.02255	0.02356	0.00748	0.00573	0.00175	0.00615	0.00626	0.00371	0.00710
12	0.00834	0.01356	0.28812	0.01060	0.01384	0.00756	0.01071	0.01131	0.01107	0.01541	0.02383	0.48838	0.04966	0.01282	0.00639	0.00206	0.00502	0.01135	0.00412	0.00585
13	0.01230	0.01106	0.01551	0.01764	0.29026	0.00950	0.01038	0.01506	0.01190	0.01806	0.01005	0.01230	0.00841	0.00441	0.00461	0.00112	0.00501	0.00389	0.00308	0.53548
14	0.54470	0.01024	0.00986	0.00822	0.01196	0.01086	0.00678	0.02020	0.01178	0.29909	0.01288	0.01260	0.00882	0.00577	0.00421	0.00171	0.00444	0.00394	0.00468	0.00725
15	0.01644	0.01322	0.01402	0.01181	0.01542	0.01502	0.00941	0.29384	0.49206	0.02746	0.01916	0.01797	0.01417	0.00720	0.00560	0.00180	0.00501	0.00580	0.00560	0.00900
16	0.00697	0.00498	0.00664	0.00770	0.00806	0.00481	0.00517	0.00796	0.01023	0.01373	0.02789	0.66148	0.03301	0.08369	0.08659	0.00317	0.00455	0.01414	0.00478	0.00445
17	0.01639	0.01907	0.01322	0.01278	0.01506	0.49902	0.01005	0.01822	0.01462	0.01466	0.01615	0.02918	0.01618	0.00922	0.00597	0.00184	0.00820	0.27056	0.00368	0.00594
18	0.02054	0.01144	0.02010	0.01479	0.01955	0.01029	0.27974	0.02361	0.01483	0.49780	0.01796	0.01742	0.01177	0.00606	0.00592	0.00177	0.00640	0.00592	0.00537	0.00871
19	0.01125	0.33269	0.17497	0.01026	0.01405	0.03384	0.01019	0.01368	0.01122	0.01438	0.01653	0.29949	0.01789	0.00949	0.00523	0.00170	0.00551	0.00789	0.00339	0.00636

[dist]
# distance from previous block
# <min> <max>
0	5

[block]
# block no. 7 follows, 43 sequences, length 11
# corresponding to MSA columns:
# 364-374
name=unknown_H
#
# <colnr> <probs for GDERKNQSTAVLIFYWHMCP>
#	G	D	E	R	K	N	Q	S	T	A	V	L	I	F	Y	W	H	M	C	P
0	0.01292	0.01088	0.01782	0.44436	0.22776	0.01252	0.01479	0.01613	0.01174	0.09210	0.01099	0.01467	0.00838	0.00587	0.00663	0.00183	0.07550	0.00498	0.00298	0.00717
1	0.00772	0.00524	0.00584	0.00623	0.00737	0.00480	0.00443	0.00930	0.01170	0.01638	0.06761	0.28076	0.28059	0.03939	0.00673	0.00195	0.00295	0.01105	0.22526	0.00473
2	0.23460	0.59730	0.02349	0.00890	0.01329	0.01940	0.00855	0.01650	0.01077	0.01616	0.00770	0.00891	0.00681	0.00484	0.00352	0.00132	0.00549	0.00297	0.00265	0.00681
3	0.07906	0.01011	0.01653	0.69816	0.03554	0.01238	0.04277	0.01446	0.01102	0.01517	0.00972	0.01430	0.00731	0.00547	0.00540	0.00184	0.00720	0.00483	0.00255	0.00619
4	0.01747	0.59696	0.02474	0.00958	0.01419	0.01827	0.00912	0.01934	0.01247	0.21480	0.01145	0.01152	0.00886	0.00530	0.00409	0.00132	0.00560	0.00365	0.00356	0.00772
5	0.00701	0.00551	0.00584	0.00589	0.00716	0.00487	0.00407	0.00806	0.01143	0.01409	0.07260	0.08661	0.50462	0.22373	0.01231	0.00281	0.00350	0.01087	0.00471	0.00434
6	0.01427	0.00973	0.01562	0.58483	0.03178	0.01120	0.01346	0.01755	0.01234	0.21562	0.01302	0.01585	0.00906	0.00589	0.00555	0.00181	0.00668	0.00509	0.00362	0.00702
7	0.01737	0.01000	0.01351	0.21735	0.02029	0.01057	0.01010	0.04218	0.18565	0.33799	0.01909	0.06240	0.01395	0.00725	0.00566	0.00182	0.00530	0.00612	0.00528	0.00813
8	0.55580	0.01080	0.06898	0.00752	0.01092	0.01041	0.00668	0.01417	0.01045	0.02164	0.02071	0.02095	0.20810	0.00750	0.00440	0.00176	0.00420	0.00539	0.00379	0.00582
9	0.07847	0.01711	0.22442	0.09372	0.02556	0.01297	0.36698	0.01656	0.01197	0.01760	0.01141	0.05637	0.00925	0.00576	0.00617	0.00186	0.02786	0.00591	0.00281	0.00722
10	0.00945	0.00621	0.00810	0.00750	0.00835	0.00595	0.04479	0.01014	0.00965	0.07303	0.02199	0.10353	0.08067	0.54635	0.02112	0.00426	0.00513	0.02551	0.00395	0.00431

[dist]
# distance from previous block
# <min> <max>
0	25

# created by:
# /st0/software/busco_prod/Augustus/scripts/msa2prfl.pl ./align_prep/187627.fa
