[name]
unknown

[dist]
# distance from previous block
# <min> <max>
2	29

[block]
# block no. 0 follows, 41 sequences, length 15
# corresponding to MSA columns:
# 32-46
name=unknown_A
#
# <colnr> <probs for GDERKNQSTAVLIFYWHMCP>
#	G	D	E	R	K	N	Q	S	T	A	V	L	I	F	Y	W	H	M	C	P
0	0.17727	0.01229	0.01414	0.01112	0.01523	0.01270	0.05770	0.23873	0.08691	0.09809	0.02984	0.03176	0.01177	0.02991	0.00587	0.00175	0.00534	0.00518	0.00478	0.14961
1	0.11392	0.01195	0.01437	0.08059	0.01733	0.01204	0.04399	0.23945	0.01678	0.10833	0.02716	0.01592	0.03255	0.02598	0.00577	0.00164	0.00549	0.00497	0.00455	0.21723
2	0.34403	0.01275	0.01251	0.01011	0.01411	0.03447	0.00829	0.26460	0.01716	0.15800	0.03860	0.01383	0.01054	0.00635	0.00484	0.00172	0.00523	0.00453	0.00497	0.03336
3	0.08536	0.01110	0.01256	0.01040	0.01381	0.02826	0.00830	0.23664	0.03988	0.26654	0.07631	0.14847	0.01914	0.00903	0.00589	0.00185	0.00495	0.00744	0.00590	0.00817
4	0.00963	0.00720	0.00811	0.00805	0.00897	0.00764	0.00539	0.01400	0.19866	0.01515	0.02203	0.16113	0.02320	0.44074	0.01883	0.00399	0.00490	0.03281	0.00443	0.00515
5	0.01874	0.09251	0.14285	0.01244	0.01740	0.01421	0.02601	0.23488	0.12349	0.21108	0.03794	0.01641	0.01256	0.00672	0.00555	0.00174	0.00599	0.00531	0.00516	0.00902
6	0.00810	0.00673	0.00925	0.20517	0.01609	0.00691	0.00771	0.01029	0.01277	0.01652	0.17821	0.21201	0.26398	0.01249	0.00662	0.00199	0.00416	0.01091	0.00480	0.00529
7	0.01335	0.01175	0.01401	0.20876	0.02112	0.01384	0.01079	0.02637	0.56402	0.02155	0.01994	0.01979	0.01495	0.00724	0.00579	0.00193	0.00532	0.00611	0.00498	0.00837
8	0.01246	0.01071	0.01213	0.00928	0.01389	0.00931	0.00736	0.01848	0.20070	0.01999	0.01351	0.01428	0.01076	0.00513	0.00464	0.00113	0.00431	0.00417	0.00401	0.62376
9	0.01208	0.01192	0.01743	0.21127	0.02123	0.01629	0.01337	0.01398	0.00944	0.01398	0.00819	0.01321	0.00754	0.00892	0.01545	0.00235	0.58954	0.00503	0.00251	0.00628
10	0.01609	0.01421	0.02168	0.02952	0.57333	0.01465	0.01585	0.20272	0.01656	0.02311	0.01152	0.01405	0.00923	0.00555	0.00568	0.00170	0.00667	0.00511	0.00357	0.00923
11	0.00758	0.00557	0.00714	0.00759	0.00863	0.00514	0.00555	0.00945	0.01349	0.01820	0.32032	0.33333	0.14457	0.01482	0.00706	0.00209	0.00319	0.07558	0.00569	0.00502
12	0.01924	0.01197	0.01419	0.01142	0.01506	0.01276	0.00932	0.38251	0.01982	0.20856	0.01629	0.01736	0.01197	0.01610	0.20208	0.00363	0.00825	0.00555	0.00538	0.00855
13	0.01222	0.00671	0.00867	0.00786	0.00994	0.00598	0.00600	0.01438	0.01506	0.21037	0.37045	0.14215	0.14384	0.01178	0.00657	0.00188	0.00337	0.01024	0.00622	0.00632
14	0.01349	0.00806	0.00835	0.00733	0.00949	0.00849	0.00575	0.19957	0.01579	0.02508	0.01740	0.01939	0.01340	0.00672	0.00444	0.00143	0.00359	0.00528	0.62052	0.00645

[dist]
# distance from previous block
# <min> <max>
0	4

[block]
# block no. 1 follows, 41 sequences, length 9
# corresponding to MSA columns:
# 51-59
name=unknown_B
#
# <colnr> <probs for GDERKNQSTAVLIFYWHMCP>
#	G	D	E	R	K	N	Q	S	T	A	V	L	I	F	Y	W	H	M	C	P
0	0.00805	0.00702	0.00841	0.00807	0.00933	0.00738	0.00620	0.00949	0.01214	0.01561	0.10212	0.15366	0.44664	0.01386	0.00923	0.00209	0.15959	0.01113	0.00483	0.00513
1	0.00774	0.00578	0.00745	0.00800	0.00908	0.00512	0.00553	0.00903	0.01132	0.01557	0.06192	0.64622	0.03429	0.01563	0.00683	0.00208	0.00342	0.01411	0.00507	0.12581
2	0.00722	0.00532	0.00676	0.00744	0.00827	0.00486	0.00518	0.00870	0.01257	0.01680	0.21646	0.49403	0.15368	0.01584	0.00708	0.00213	0.00310	0.01414	0.00555	0.00486
3	0.01357	0.01547	0.05368	0.02212	0.08997	0.04468	0.51829	0.01786	0.01328	0.01821	0.01114	0.01448	0.00858	0.00482	0.00618	0.00173	0.00860	0.00591	0.00295	0.12849
4	0.00742	0.00566	0.00685	0.00713	0.00842	0.00509	0.00527	0.00925	0.01356	0.01783	0.28198	0.24097	0.29251	0.01453	0.00697	0.00204	0.00310	0.06079	0.00563	0.00500
5	0.00945	0.00754	0.01082	0.00997	0.01144	0.00836	0.05662	0.01333	0.11794	0.01474	0.01677	0.02481	0.01567	0.18594	0.46255	0.00691	0.01141	0.00666	0.00354	0.00553
6	0.02229	0.01008	0.01290	0.01033	0.01434	0.00949	0.00839	0.02751	0.17396	0.56897	0.06162	0.02110	0.01696	0.00747	0.00582	0.00181	0.00468	0.00615	0.00677	0.00936
7	0.01242	0.01035	0.01189	0.00914	0.01351	0.00885	0.00720	0.07298	0.09357	0.02019	0.01396	0.08955	0.01242	0.00616	0.00482	0.00118	0.00434	0.00512	0.00402	0.59832
8	0.01513	0.01190	0.01369	0.01019	0.01483	0.01099	0.00828	0.21675	0.01602	0.05050	0.01146	0.01269	0.00897	0.00538	0.00549	0.00121	0.04744	0.00405	0.00412	0.53091

[dist]
# distance from previous block
# <min> <max>
1	11

[block]
# block no. 2 follows, 41 sequences, length 7
# corresponding to MSA columns:
# 71-77
name=unknown_C
#
# <colnr> <probs for GDERKNQSTAVLIFYWHMCP>
#	G	D	E	R	K	N	Q	S	T	A	V	L	I	F	Y	W	H	M	C	P
0	0.01113	0.00939	0.06245	0.00856	0.01027	0.00856	0.00652	0.14535	0.01222	0.01666	0.01617	0.02905	0.01679	0.50267	0.08722	0.00472	0.00669	0.00708	0.00377	0.03472
1	0.01298	0.01073	0.01183	0.00890	0.01349	0.05060	0.00702	0.01533	0.01234	0.06836	0.01243	0.06745	0.01086	0.00548	0.00461	0.00105	0.00456	0.00447	0.00375	0.67377
2	0.01080	0.00748	0.00826	0.00752	0.00836	0.00780	0.00483	0.14428	0.01175	0.01570	0.01723	0.03305	0.01875	0.65263	0.02479	0.00484	0.00568	0.00773	0.00388	0.00462
3	0.01797	0.03834	0.11547	0.01392	0.01862	0.01611	0.06096	0.39085	0.15658	0.05226	0.01473	0.01504	0.01073	0.00681	0.00634	0.00181	0.04410	0.00534	0.00492	0.00907
4	0.01836	0.01383	0.01472	0.01168	0.01566	0.01507	0.00952	0.55019	0.08339	0.03126	0.02268	0.02198	0.14915	0.00835	0.00592	0.00177	0.00552	0.00654	0.00565	0.00877
5	0.01193	0.00670	0.00856	0.00765	0.00973	0.00598	0.00585	0.01415	0.01523	0.19444	0.41729	0.06757	0.16085	0.03930	0.00733	0.00197	0.00336	0.00971	0.00618	0.00622
6	0.02211	0.05260	0.01604	0.01190	0.01618	0.07633	0.00981	0.40474	0.02150	0.25203	0.01591	0.01527	0.01096	0.00675	0.00551	0.00167	0.00603	0.00512	0.04035	0.00918

[dist]
# distance from previous block
# <min> <max>
0	3

[block]
# block no. 3 follows, 41 sequences, length 34
# corresponding to MSA columns:
# 81-114
name=unknown_D
#
# <colnr> <probs for GDERKNQSTAVLIFYWHMCP>
#	G	D	E	R	K	N	Q	S	T	A	V	L	I	F	Y	W	H	M	C	P
0	0.01293	0.01020	0.01584	0.55610	0.03177	0.01208	0.01370	0.07587	0.01312	0.09335	0.01356	0.08431	0.01113	0.00713	0.00615	0.00193	0.02435	0.00614	0.00351	0.00683
1	0.00857	0.00615	0.00769	0.00837	0.00912	0.00605	0.00575	0.08329	0.01240	0.01655	0.02876	0.66217	0.03376	0.07156	0.00867	0.00249	0.00378	0.01457	0.00522	0.00508
2	0.69214	0.01147	0.00968	0.00831	0.01202	0.01299	0.00685	0.09208	0.01201	0.08471	0.00970	0.01054	0.00718	0.00561	0.00394	0.00176	0.00465	0.00351	0.00404	0.00683
3	0.01050	0.00766	0.00918	0.00921	0.01066	0.00779	0.00678	0.17803	0.01487	0.01974	0.02865	0.53396	0.06671	0.01507	0.00695	0.00218	0.00410	0.05667	0.00540	0.00586
4	0.00966	0.00675	0.00803	0.00762	0.00833	0.00716	0.00507	0.08402	0.01042	0.01415	0.01696	0.03157	0.01817	0.54445	0.19820	0.00599	0.00787	0.00749	0.00360	0.00448
5	0.00745	0.00557	0.00711	0.00786	0.00879	0.00496	0.00539	0.00864	0.01119	0.01508	0.03123	0.66213	0.08661	0.01627	0.00695	0.00214	0.00338	0.01464	0.00511	0.08948
6	0.00886	0.00636	0.00756	0.00781	0.00866	0.00627	0.00530	0.08348	0.01223	0.01620	0.05292	0.41919	0.09558	0.22718	0.01296	0.00308	0.00417	0.01241	0.00489	0.00489
7	0.02161	0.01270	0.01481	0.01144	0.01588	0.01281	0.00941	0.35396	0.05244	0.30775	0.01746	0.01713	0.01210	0.00691	0.00563	0.00168	0.00545	0.02095	0.00599	0.09390
8	0.00848	0.00611	0.00771	0.00850	0.00926	0.00598	0.00588	0.08327	0.01258	0.01679	0.02971	0.71532	0.03496	0.01679	0.00714	0.00226	0.00362	0.01512	0.00535	0.00517
9	0.01326	0.01094	0.01173	0.01075	0.01362	0.01232	0.00828	0.02626	0.59494	0.04591	0.02685	0.10311	0.07847	0.00931	0.00604	0.00197	0.00428	0.00789	0.00577	0.00829
10	0.01330	0.01297	0.02287	0.21068	0.51777	0.01347	0.09131	0.01694	0.01270	0.01769	0.01070	0.01454	0.00868	0.00521	0.00579	0.00177	0.00728	0.00526	0.00277	0.00829
11	0.02239	0.01499	0.01652	0.01267	0.01722	0.01620	0.01047	0.62618	0.02516	0.15655	0.01519	0.01468	0.01046	0.00690	0.00573	0.00173	0.00606	0.00525	0.00595	0.00973
12	0.01128	0.00639	0.00693	0.00658	0.00815	0.00669	0.00506	0.07737	0.01291	0.02147	0.01775	0.02082	0.01417	0.01187	0.11478	0.00249	0.00480	0.00543	0.63938	0.00569
13	0.01451	0.52176	0.25214	0.01206	0.01790	0.06604	0.01329	0.01778	0.01204	0.01490	0.00870	0.01012	0.00731	0.00512	0.00429	0.00142	0.00708	0.00345	0.00247	0.00763
14	0.11200	0.62928	0.02607	0.00998	0.01457	0.07054	0.00949	0.04541	0.01229	0.01578	0.00823	0.00944	0.00730	0.00508	0.00383	0.00132	0.00620	0.00318	0.00273	0.00725
15	0.00739	0.00574	0.00609	0.00615	0.00740	0.00515	0.00426	0.00841	0.01145	0.01405	0.04324	0.04951	0.47897	0.27957	0.01436	0.00318	0.00390	0.04209	0.00469	0.00439
16	0.00781	0.00568	0.00759	0.06949	0.01038	0.00573	0.00581	0.00894	0.01056	0.01415	0.07074	0.42998	0.03062	0.23247	0.04691	0.00345	0.00480	0.02583	0.00454	0.00454
17	0.01162	0.05929	0.74092	0.01605	0.02437	0.01364	0.02070	0.01808	0.01206	0.01794	0.01018	0.01196	0.00725	0.00541	0.00537	0.00179	0.00836	0.00418	0.00242	0.00841
18	0.01196	0.01013	0.01186	0.00866	0.01357	0.00780	0.00697	0.02989	0.01224	0.01894	0.01113	0.01421	0.00957	0.00480	0.00443	0.00094	0.00433	0.03509	0.00352	0.77995
19	0.01426	0.01282	0.01854	0.02309	0.39212	0.01274	0.02440	0.07671	0.14900	0.02100	0.01316	0.01495	0.01051	0.00553	0.00540	0.00156	0.00583	0.00500	0.00373	0.18964
20	0.00702	0.00502	0.00669	0.00793	0.00831	0.00468	0.00531	0.00810	0.01121	0.01501	0.06746	0.75814	0.03863	0.01761	0.00727	0.00230	0.00329	0.01597	0.00536	0.00468
21	0.01320	0.39658	0.35893	0.01279	0.01895	0.01758	0.01478	0.01719	0.01190	0.01593	0.03894	0.01193	0.00916	0.00559	0.00513	0.00156	0.03561	0.00394	0.00259	0.00772
22	0.01196	0.08518	0.64624	0.01677	0.03902	0.01407	0.07303	0.01805	0.01217	0.01780	0.01020	0.01215	0.00739	0.00534	0.00541	0.00177	0.00834	0.00434	0.00246	0.00833
23	0.00706	0.00501	0.00661	0.00785	0.00816	0.00470	0.00519	0.00799	0.01078	0.01438	0.03066	0.74642	0.03673	0.06824	0.00871	0.00253	0.00346	0.01575	0.00519	0.00457
24	0.00706	0.00564	0.00633	0.00662	0.00809	0.00492	0.00485	0.00860	0.01297	0.01627	0.14100	0.22186	0.48312	0.01495	0.00692	0.00203	0.00304	0.03543	0.00544	0.00487
25	0.01827	0.05832	0.01734	0.13418	0.05038	0.36702	0.01194	0.11620	0.04368	0.04270	0.01061	0.01255	0.00841	0.00639	0.00654	0.00169	0.07865	0.00441	0.00343	0.00729
26	0.01314	0.01471	0.03102	0.02254	0.02752	0.01438	0.63915	0.01745	0.01292	0.01771	0.01196	0.04643	0.00973	0.00587	0.00799	0.00200	0.08811	0.00696	0.00295	0.00744
27	0.00751	0.00538	0.00702	0.00815	0.00864	0.00512	0.00551	0.03486	0.01153	0.01539	0.03088	0.76669	0.03680	0.01752	0.00724	0.00230	0.00343	0.01585	0.00532	0.00483
28	0.01358	0.03900	0.01918	0.42109	0.24604	0.13319	0.01542	0.01684	0.01265	0.01567	0.01006	0.01396	0.00799	0.00554	0.00555	0.00176	0.00776	0.00480	0.00269	0.00722
29	0.05089	0.03217	0.37886	0.01435	0.04471	0.01228	0.03200	0.04963	0.08934	0.16635	0.03234	0.02981	0.01200	0.00661	0.00560	0.00183	0.00673	0.02193	0.00409	0.00849
30	0.00752	0.00578	0.00682	0.00679	0.00825	0.00517	0.00506	0.00947	0.01405	0.01849	0.35282	0.10286	0.34362	0.04509	0.00774	0.00208	0.00306	0.04466	0.00566	0.00502
31	0.65967	0.11799	0.01181	0.00814	0.01189	0.01432	0.00693	0.06305	0.01113	0.02459	0.00854	0.00980	0.00674	0.00538	0.00371	0.00168	0.00474	0.00327	0.02007	0.00656
32	0.52189	0.16949	0.05130	0.00976	0.01402	0.01491	0.05471	0.04404	0.01135	0.05173	0.00908	0.01035	0.00707	0.00533	0.00403	0.00167	0.00537	0.00355	0.00345	0.00689
33	0.01038	0.04436	0.05721	0.00948	0.01140	0.05660	0.00751	0.08875	0.01367	0.01803	0.10329	0.47332	0.03046	0.01353	0.00656	0.00202	0.00449	0.01191	0.00494	0.03209

[dist]
# distance from previous block
# <min> <max>
0	5

[block]
# block no. 4 follows, 41 sequences, length 31
# corresponding to MSA columns:
# 120-142,144-151
name=unknown_E
#
# <colnr> <probs for GDERKNQSTAVLIFYWHMCP>
#	G	D	E	R	K	N	Q	S	T	A	V	L	I	F	Y	W	H	M	C	P
0	0.00707	0.00506	0.00660	0.00776	0.00816	0.00472	0.00517	0.00806	0.01100	0.01463	0.04877	0.70357	0.06658	0.06310	0.00854	0.00248	0.00342	0.01549	0.00523	0.00460
1	0.04259	0.06964	0.01239	0.00943	0.01255	0.01212	0.00763	0.21015	0.18067	0.03997	0.04231	0.02401	0.13611	0.00820	0.00538	0.00169	0.00444	0.00653	0.16667	0.00751
2	0.05269	0.44378	0.24773	0.01290	0.01865	0.01857	0.06785	0.01735	0.01169	0.01579	0.00889	0.01065	0.00737	0.00529	0.00506	0.00153	0.04033	0.00377	0.00252	0.00760
3	0.01353	0.01381	0.02202	0.07501	0.02130	0.03731	0.21896	0.06452	0.01173	0.01662	0.00931	0.01356	0.00799	0.00790	0.01314	0.00221	0.43582	0.00548	0.00284	0.00692
4	0.00703	0.00503	0.00669	0.00792	0.00831	0.00469	0.00531	0.00812	0.01124	0.01506	0.07164	0.75382	0.03872	0.01758	0.00727	0.00229	0.00328	0.01594	0.00536	0.00469
5	0.01336	0.01034	0.01131	0.01035	0.01326	0.01128	0.00816	0.02434	0.48381	0.08492	0.03018	0.03152	0.15323	0.00971	0.00619	0.00199	0.00433	0.07797	0.00578	0.00798
6	0.05866	0.01766	0.01631	0.07512	0.05362	0.22833	0.01129	0.30070	0.06917	0.02415	0.01193	0.01325	0.00914	0.00664	0.00641	0.00173	0.06573	0.00472	0.01744	0.00802
7	0.01383	0.01295	0.01732	0.43859	0.12294	0.07487	0.01425	0.10683	0.10604	0.01886	0.01220	0.01529	0.00926	0.00605	0.00568	0.00183	0.00719	0.00515	0.00341	0.00746
8	0.00722	0.00511	0.00665	0.00769	0.00805	0.00481	0.00508	0.00820	0.01097	0.01472	0.07913	0.64833	0.03677	0.11644	0.01003	0.00270	0.00356	0.01485	0.00514	0.00455
9	0.02017	0.01440	0.01562	0.01228	0.01637	0.01577	0.01002	0.61145	0.04287	0.06409	0.01585	0.07160	0.01237	0.00770	0.00577	0.00175	0.00582	0.00603	0.04090	0.00915
10	0.05895	0.01416	0.04249	0.01182	0.01590	0.04620	0.00989	0.41464	0.02110	0.17795	0.04699	0.06199	0.01388	0.00859	0.02706	0.00197	0.00610	0.00597	0.00558	0.00878
11	0.00695	0.00505	0.00657	0.00778	0.00825	0.00466	0.00523	0.00798	0.01112	0.01467	0.03372	0.73389	0.09778	0.01764	0.00726	0.00229	0.00328	0.01591	0.00531	0.00466
12	0.01979	0.01455	0.01525	0.01327	0.05981	0.09190	0.01004	0.40489	0.03723	0.13941	0.01747	0.06870	0.03809	0.00771	0.00575	0.00174	0.00604	0.00611	0.03355	0.00870
13	0.02087	0.01537	0.01655	0.01285	0.01718	0.01697	0.01054	0.70081	0.02595	0.03478	0.01478	0.05982	0.01138	0.00752	0.00582	0.00175	0.00612	0.00580	0.00570	0.00943
14	0.01186	0.01017	0.01186	0.00847	0.01356	0.00762	0.00678	0.01440	0.01186	0.01864	0.01017	0.01186	0.00847	0.00424	0.00424	0.00085	0.00424	0.00339	0.00339	0.83395
15	0.01529	0.80242	0.02997	0.00979	0.01468	0.02263	0.00979	0.01713	0.01162	0.01346	0.00795	0.00918	0.00734	0.00489	0.00367	0.00122	0.00612	0.00306	0.00245	0.00734
16	0.01501	0.74467	0.08522	0.01027	0.01543	0.02193	0.01063	0.01720	0.01166	0.01381	0.00812	0.00939	0.00733	0.00493	0.00380	0.00127	0.00629	0.00315	0.00244	0.00742
17	0.00697	0.00498	0.00664	0.00796	0.00830	0.00465	0.00531	0.00796	0.01095	0.01460	0.03153	0.79525	0.03783	0.01792	0.00730	0.00232	0.00332	0.01626	0.00531	0.00465
18	0.00825	0.00555	0.00641	0.00658	0.00667	0.00552	0.00388	0.00846	0.00876	0.01165	0.01967	0.09904	0.02272	0.69994	0.02638	0.00515	0.00535	0.04267	0.00370	0.00364
19	0.02038	0.02519	0.01576	0.01431	0.01729	0.67044	0.01077	0.02389	0.11832	0.01537	0.01084	0.01184	0.00877	0.00615	0.00525	0.00154	0.00951	0.00407	0.00335	0.00697
20	0.00804	0.00549	0.00625	0.00642	0.00660	0.00538	0.00376	0.00827	0.00900	0.01185	0.02267	0.13223	0.07821	0.64401	0.02475	0.00488	0.00507	0.00958	0.00383	0.00371
21	0.00832	0.00555	0.00624	0.00624	0.00624	0.00555	0.00347	0.00832	0.00832	0.01109	0.01802	0.03743	0.02080	0.79898	0.02911	0.00555	0.00555	0.00832	0.00347	0.00347
22	0.01856	0.20017	0.04683	0.01251	0.01666	0.21247	0.01064	0.24427	0.11562	0.03454	0.01326	0.01363	0.02382	0.00637	0.00513	0.00158	0.00704	0.00457	0.00416	0.00815
23	0.01403	0.30923	0.23255	0.01858	0.21807	0.01699	0.01501	0.03707	0.05623	0.01735	0.01040	0.01215	0.00843	0.00532	0.00487	0.00157	0.00686	0.00418	0.00282	0.00827
24	0.00765	0.00562	0.00730	0.00842	0.00922	0.00535	0.00620	0.00944	0.03000	0.01551	0.03385	0.52806	0.11313	0.01681	0.00735	0.00234	0.00376	0.17975	0.00531	0.00492
25	0.01102	0.01052	0.01775	0.70159	0.03725	0.01313	0.04054	0.01468	0.01131	0.01468	0.01002	0.01505	0.00765	0.00601	0.00673	0.00195	0.06605	0.00513	0.00255	0.00639
26	0.70361	0.01184	0.03302	0.00833	0.01215	0.01281	0.00711	0.06126	0.01133	0.08163	0.00948	0.01041	0.00704	0.00554	0.00390	0.00177	0.00470	0.00345	0.00390	0.00674
27	0.00786	0.00638	0.00704	0.00681	0.00864	0.00585	0.00512	0.01101	0.08068	0.01854	0.27430	0.06454	0.45640	0.01308	0.00668	0.00190	0.00299	0.01112	0.00567	0.00538
28	0.00695	0.00504	0.00658	0.00781	0.00826	0.00466	0.00524	0.00798	0.01110	0.01466	0.03340	0.74266	0.08920	0.01768	0.00726	0.00230	0.00329	0.01596	0.00531	0.00466
29	0.55459	0.01116	0.01022	0.00874	0.01245	0.01236	0.00714	0.04999	0.09939	0.16650	0.01277	0.01282	0.00918	0.00600	0.00432	0.00179	0.00460	0.00408	0.00457	0.00735
30	0.43893	0.07140	0.01275	0.00945	0.01341	0.04923	0.00787	0.12712	0.01418	0.18931	0.01208	0.01223	0.00861	0.00593	0.00444	0.00171	0.00520	0.00401	0.00453	0.00760

[dist]
# distance from previous block
# <min> <max>
7	10

[block]
# block no. 5 follows, 41 sequences, length 38
# corresponding to MSA columns:
# 167-204
name=unknown_F
#
# <colnr> <probs for GDERKNQSTAVLIFYWHMCP>
#	G	D	E	R	K	N	Q	S	T	A	V	L	I	F	Y	W	H	M	C	P
0	0.00789	0.00835	0.08051	0.00745	0.00988	0.00616	0.00646	0.01076	0.04056	0.01830	0.26670	0.04591	0.44521	0.01251	0.00659	0.00188	0.00343	0.01058	0.00535	0.00551
1	0.00899	0.00765	0.00745	0.00726	0.00879	0.05815	0.00524	0.04333	0.01296	0.01592	0.09423	0.09380	0.38499	0.18552	0.01158	0.00272	0.00424	0.03742	0.00484	0.00493
2	0.00697	0.00498	0.00664	0.00796	0.00830	0.00465	0.00531	0.00796	0.01095	0.01460	0.03153	0.79525	0.03783	0.01792	0.00730	0.00232	0.00332	0.01626	0.00531	0.00465
3	0.01529	0.80242	0.02997	0.00979	0.01468	0.02263	0.00979	0.01713	0.01162	0.01346	0.00795	0.00918	0.00734	0.00489	0.00367	0.00122	0.00612	0.00306	0.00245	0.00734
4	0.01239	0.01029	0.01270	0.00939	0.01414	0.00823	0.03119	0.02913	0.01235	0.04149	0.01174	0.01523	0.01003	0.00517	0.00492	0.00106	0.02160	0.04436	0.00362	0.70097
5	0.02125	0.05023	0.01686	0.01425	0.01760	0.59380	0.01097	0.17261	0.01828	0.01856	0.00983	0.01099	0.00786	0.00606	0.00523	0.00152	0.00934	0.00397	0.00351	0.00730
6	0.02174	0.01602	0.01717	0.01316	0.01774	0.01774	0.01087	0.74423	0.02689	0.03605	0.01373	0.01373	0.00973	0.00687	0.00572	0.00172	0.00629	0.00515	0.00572	0.00973
7	0.01723	0.02074	0.01925	0.01602	0.01912	0.43203	0.16599	0.01991	0.04071	0.01534	0.01325	0.01526	0.06156	0.00689	0.00743	0.00176	0.11239	0.00520	0.00315	0.00677
8	0.00696	0.00501	0.00661	0.00788	0.00827	0.00465	0.00527	0.00797	0.01103	0.01463	0.03252	0.76730	0.06514	0.01779	0.00728	0.00231	0.00330	0.01610	0.00531	0.00465
9	0.83938	0.01106	0.00841	0.00752	0.01106	0.01283	0.00619	0.01681	0.00973	0.02566	0.00796	0.00929	0.00619	0.00531	0.00354	0.00177	0.00442	0.00310	0.00354	0.00619
10	0.00832	0.00613	0.00798	0.00843	0.00984	0.00579	0.00688	0.01072	0.01416	0.01884	0.29703	0.07722	0.16750	0.01416	0.00727	0.00220	0.00387	0.32280	0.00565	0.00522
11	0.00830	0.00560	0.00653	0.00653	0.00662	0.00570	0.00382	0.00850	0.00840	0.01130	0.01776	0.03598	0.02016	0.72560	0.10163	0.00590	0.00649	0.00811	0.00343	0.00363
12	0.00776	0.00549	0.00701	0.00763	0.00858	0.00502	0.00544	0.00931	0.01267	0.03564	0.19588	0.46199	0.15232	0.01565	0.00708	0.00215	0.00325	0.04657	0.00557	0.00500
13	0.01080	0.01017	0.01716	0.78523	0.03940	0.01271	0.01589	0.01461	0.01144	0.01461	0.01017	0.01525	0.00762	0.00572	0.00572	0.00191	0.00762	0.00508	0.00254	0.00635
14	0.01076	0.00879	0.01380	0.56362	0.03009	0.01061	0.01251	0.01425	0.01160	0.01652	0.01258	0.01698	0.00962	0.00599	0.00523	0.00174	0.00622	0.00515	0.23787	0.00606
15	0.01066	0.00533	0.00533	0.00533	0.00666	0.00533	0.00400	0.01333	0.01200	0.02132	0.01866	0.02132	0.01466	0.00666	0.00400	0.00133	0.00267	0.00533	0.83073	0.00533
16	0.00707	0.00554	0.00641	0.00675	0.00806	0.00487	0.00485	0.00860	0.01295	0.01655	0.17843	0.29087	0.39854	0.01508	0.00693	0.00203	0.00300	0.01310	0.00549	0.00487
17	0.00697	0.00498	0.00664	0.00796	0.00830	0.00465	0.00531	0.00796	0.01095	0.01460	0.03153	0.79525	0.03783	0.01792	0.00730	0.00232	0.00332	0.01626	0.00531	0.00465
18	0.02442	0.01043	0.01355	0.01053	0.01487	0.00961	0.00865	0.08406	0.07754	0.64923	0.02193	0.01917	0.01408	0.00712	0.00576	0.00178	0.00495	0.00576	0.00687	0.00968
19	0.00832	0.00555	0.00624	0.00624	0.00624	0.00555	0.00347	0.00832	0.00832	0.01109	0.01802	0.03743	0.02080	0.79898	0.02911	0.00555	0.00555	0.00832	0.00347	0.00347
20	0.02138	0.02675	0.01625	0.01466	0.01769	0.74121	0.01104	0.05595	0.01670	0.01501	0.00907	0.01047	0.00748	0.00594	0.00518	0.00148	0.01013	0.00375	0.00307	0.00677
21	0.00963	0.00744	0.00994	0.00962	0.01113	0.00740	0.05017	0.09009	0.05297	0.01853	0.09683	0.44150	0.07012	0.03793	0.00763	0.00226	0.00420	0.06162	0.00527	0.00570
22	0.00750	0.00536	0.00724	0.00857	0.00913	0.00510	0.00623	0.00888	0.01147	0.01519	0.03123	0.62355	0.03668	0.01742	0.00744	0.00240	0.00378	0.18274	0.00530	0.00479
23	0.01869	0.01432	0.01533	0.01223	0.01638	0.01577	0.00992	0.47598	0.23118	0.03110	0.01632	0.01595	0.01195	0.00694	0.00561	0.00171	0.00557	0.00541	0.02551	0.06412
24	0.00832	0.00555	0.00624	0.00624	0.00624	0.00555	0.00347	0.00832	0.00832	0.01109	0.01802	0.03743	0.02080	0.79898	0.02911	0.00555	0.00555	0.00832	0.00347	0.00347
25	0.01147	0.02959	0.76934	0.01630	0.02476	0.01328	0.02113	0.01811	0.01208	0.01811	0.01026	0.01208	0.00725	0.00543	0.00543	0.00181	0.00845	0.00423	0.00242	0.00845
26	0.75185	0.01092	0.00893	0.00781	0.01144	0.01236	0.00643	0.01800	0.01045	0.10544	0.00954	0.01039	0.00705	0.00550	0.00378	0.00177	0.00447	0.00338	0.00392	0.00658
27	0.00831	0.00590	0.00757	0.00726	0.00868	0.00540	0.00547	0.01077	0.01546	0.03801	0.60360	0.08672	0.12752	0.01238	0.00679	0.00187	0.00289	0.03389	0.00612	0.00539
28	0.01129	0.00593	0.00600	0.00577	0.00729	0.00603	0.00439	0.05459	0.01284	0.02216	0.01838	0.02090	0.01438	0.00668	0.00410	0.00135	0.00287	0.00532	0.78416	0.00558
29	0.01251	0.01251	0.01752	0.01502	0.01502	0.01752	0.01251	0.01377	0.00876	0.01377	0.00751	0.01251	0.00751	0.01001	0.01877	0.00250	0.78851	0.00501	0.00250	0.00626
30	0.00697	0.00498	0.00664	0.00796	0.00830	0.00465	0.00531	0.00796	0.01095	0.01460	0.03153	0.79525	0.03783	0.01792	0.00730	0.00232	0.00332	0.01626	0.00531	0.00465
31	0.00719	0.00503	0.00662	0.00778	0.00807	0.00474	0.00512	0.00798	0.01059	0.01411	0.02954	0.69677	0.03531	0.09543	0.00992	0.02758	0.00359	0.01513	0.00504	0.00446
32	0.01720	0.01266	0.01357	0.01168	0.01522	0.03637	0.00928	0.13265	0.48017	0.14521	0.02160	0.02114	0.01605	0.00775	0.00585	0.00189	0.00504	0.03170	0.00590	0.00905
33	0.02057	0.11023	0.01784	0.01377	0.01728	0.51043	0.01082	0.17477	0.03933	0.01888	0.01019	0.01123	0.00816	0.00604	0.00513	0.00151	0.00883	0.00400	0.00356	0.00743
34	0.00700	0.00554	0.00631	0.00667	0.00802	0.00485	0.00479	0.00847	0.01279	0.01617	0.14264	0.28804	0.43807	0.01520	0.00693	0.00204	0.00300	0.01317	0.00544	0.00485
35	0.33101	0.01265	0.12051	0.03359	0.03858	0.01074	0.00939	0.03599	0.01318	0.16234	0.15995	0.01865	0.01750	0.00696	0.00505	0.00178	0.00497	0.00536	0.00458	0.00721
36	0.01482	0.05743	0.05300	0.01053	0.01390	0.03426	0.00899	0.11353	0.18682	0.13126	0.05769	0.03004	0.15546	0.00949	0.00631	0.00190	0.01966	0.08193	0.00534	0.00765
37	0.00817	0.00613	0.00919	0.00919	0.01021	0.00715	0.00715	0.01021	0.00919	0.01328	0.01532	0.02247	0.01430	0.04290	0.77631	0.00919	0.01532	0.00613	0.00306	0.00511

[dist]
# distance from previous block
# <min> <max>
21	26

[block]
# block no. 6 follows, 41 sequences, length 8
# corresponding to MSA columns:
# 243-250
name=unknown_G
#
# <colnr> <probs for GDERKNQSTAVLIFYWHMCP>
#	G	D	E	R	K	N	Q	S	T	A	V	L	I	F	Y	W	H	M	C	P
0	0.01132	0.00874	0.01044	0.01037	0.04281	0.00884	0.00737	0.13206	0.10437	0.01968	0.02417	0.31959	0.05016	0.08521	0.00852	0.00230	0.00450	0.05374	0.00497	0.09083
1	0.01155	0.11426	0.28498	0.01476	0.01961	0.01283	0.12895	0.01570	0.01233	0.01702	0.03374	0.05467	0.01580	0.00864	0.00704	0.00202	0.06174	0.17393	0.00337	0.00708
2	0.08588	0.32315	0.01708	0.00898	0.01175	0.01367	0.00782	0.01365	0.01032	0.01481	0.01199	0.01645	0.01104	0.04814	0.33425	0.00483	0.00969	0.00467	0.04578	0.00605
3	0.01710	0.10180	0.28344	0.01250	0.01830	0.05168	0.01311	0.02196	0.07320	0.25303	0.01485	0.01472	0.01037	0.00599	0.00525	0.00164	0.00647	0.00466	0.00427	0.08566
4	0.01666	0.19707	0.18459	0.01540	0.02047	0.29803	0.12811	0.04527	0.01425	0.01622	0.00955	0.01137	0.00762	0.00544	0.00516	0.00157	0.00874	0.00420	0.00281	0.00746
5	0.00837	0.00617	0.00810	0.00900	0.01032	0.00590	0.00745	0.01058	0.01315	0.01703	0.10379	0.15025	0.17472	0.01543	0.00750	0.00238	0.00434	0.43503	0.00538	0.00512
6	0.13012	0.44392	0.04819	0.01007	0.01374	0.01760	0.00945	0.01554	0.01066	0.01534	0.00934	0.01204	0.00847	0.01241	0.14663	0.00290	0.08029	0.00385	0.00272	0.00671
7	0.01156	0.00892	0.00989	0.01055	0.04960	0.07615	0.00750	0.07286	0.01406	0.05587	0.09939	0.33028	0.02891	0.01274	0.00654	0.00203	0.00460	0.11046	0.08215	0.00595

[dist]
# distance from previous block
# <min> <max>
19	30

[block]
# block no. 7 follows, 41 sequences, length 9
# corresponding to MSA columns:
# 281-289
name=unknown_H
#
# <colnr> <probs for GDERKNQSTAVLIFYWHMCP>
#	G	D	E	R	K	N	Q	S	T	A	V	L	I	F	Y	W	H	M	C	P
0	0.03537	0.01114	0.04187	0.01044	0.01396	0.01052	0.00858	0.20525	0.06568	0.26085	0.08282	0.13467	0.01974	0.03799	0.00681	0.00196	0.00493	0.00749	0.00582	0.03412
1	0.00745	0.00557	0.00687	0.00777	0.00850	0.00530	0.00530	0.00938	0.05610	0.01512	0.03434	0.59717	0.14544	0.05684	0.00825	0.00241	0.00344	0.01462	0.00525	0.00488
2	0.01304	0.03711	0.01238	0.01037	0.01213	0.05758	0.00807	0.18057	0.01479	0.01985	0.10314	0.07741	0.04189	0.16269	0.04984	0.00299	0.13351	0.02961	0.02682	0.00622
3	0.22328	0.11310	0.08086	0.09133	0.11444	0.05910	0.01188	0.10483	0.04209	0.02091	0.01004	0.01210	0.00799	0.00604	0.00607	0.00176	0.07915	0.00423	0.00334	0.00748
4	0.01092	0.00716	0.00872	0.00824	0.00979	0.00681	0.00583	0.08271	0.01284	0.08287	0.07920	0.33871	0.02741	0.20154	0.01192	0.00281	0.00432	0.01070	0.00496	0.08255
5	0.01118	0.17535	0.04783	0.08110	0.01434	0.01119	0.00844	0.01549	0.10929	0.04349	0.26907	0.05737	0.11533	0.00933	0.00582	0.00174	0.00449	0.00782	0.00478	0.00655
6	0.01292	0.12018	0.58612	0.01566	0.02309	0.08542	0.04413	0.01844	0.01246	0.01719	0.00990	0.01169	0.00732	0.00539	0.00525	0.00171	0.00839	0.00413	0.00249	0.00813
7	0.16892	0.49588	0.02262	0.00945	0.01400	0.01794	0.00885	0.01925	0.01224	0.16884	0.01092	0.01129	0.00851	0.00541	0.00407	0.00143	0.00555	0.00361	0.00359	0.00762
8	0.01252	0.03857	0.01183	0.06660	0.01433	0.19336	0.00833	0.01686	0.14373	0.01718	0.10602	0.10524	0.18684	0.01024	0.00643	0.00185	0.02630	0.02292	0.00457	0.00629

[dist]
# distance from previous block
# <min> <max>
6	38

[block]
# block no. 8 follows, 41 sequences, length 23
# corresponding to MSA columns:
# 341-363
name=unknown_I
#
# <colnr> <probs for GDERKNQSTAVLIFYWHMCP>
#	G	D	E	R	K	N	Q	S	T	A	V	L	I	F	Y	W	H	M	C	P
0	0.21043	0.05752	0.12501	0.01212	0.01620	0.22686	0.01087	0.07704	0.04613	0.05345	0.01061	0.01186	0.00821	0.00604	0.00559	0.00166	0.05342	0.00402	0.02060	0.04236
1	0.31920	0.01175	0.03581	0.00982	0.01374	0.01163	0.03884	0.15850	0.01452	0.05889	0.05094	0.06043	0.04592	0.00696	0.00490	0.00166	0.00491	0.00538	0.00436	0.14186
2	0.13227	0.00867	0.00926	0.00856	0.01093	0.02295	0.00652	0.01724	0.16063	0.12429	0.13210	0.15425	0.13486	0.04354	0.00695	0.00207	0.00401	0.00889	0.00542	0.00658
3	0.00856	0.00554	0.00633	0.00636	0.00680	0.00550	0.00397	0.00937	0.00979	0.01401	0.07252	0.07232	0.04627	0.51700	0.05500	0.00448	0.00512	0.00839	0.13858	0.00408
4	0.00739	0.00556	0.00808	0.00887	0.00951	0.00521	0.04171	0.00864	0.01117	0.01489	0.03049	0.72593	0.03619	0.01719	0.00730	0.00232	0.00371	0.04584	0.00519	0.00482
5	0.01086	0.01025	0.01717	0.75705	0.03850	0.01288	0.01576	0.01458	0.01134	0.01458	0.01007	0.01515	0.00762	0.00588	0.00620	0.00193	0.03620	0.00508	0.00254	0.00635
6	0.01715	0.01374	0.01458	0.01223	0.01599	0.01559	0.00976	0.30771	0.47089	0.02864	0.01957	0.01838	0.01446	0.00741	0.00578	0.00185	0.00521	0.00596	0.00578	0.00932
7	0.01826	0.02215	0.01677	0.21830	0.05696	0.54094	0.01262	0.02044	0.01481	0.01437	0.00928	0.01179	0.00751	0.00581	0.00533	0.00160	0.00945	0.00412	0.00284	0.00667
8	0.00954	0.00499	0.00732	0.00747	0.00751	0.00495	0.00496	0.00754	0.00788	0.01051	0.01269	0.10831	0.01351	0.04349	0.02081	0.71174	0.00479	0.00638	0.00284	0.00276
9	0.01350	0.01543	0.03375	0.02411	0.02989	0.01446	0.74253	0.01832	0.01350	0.01832	0.01157	0.01543	0.00868	0.00482	0.00675	0.00193	0.00964	0.00675	0.00289	0.00771
10	0.00738	0.00573	0.00675	0.00691	0.00836	0.00510	0.00517	0.00923	0.01370	0.01779	0.27374	0.17240	0.37014	0.01425	0.00692	0.00200	0.00306	0.06072	0.00562	0.00501
11	0.01283	0.01966	0.25961	0.02130	0.02765	0.01424	0.48774	0.01805	0.01285	0.01805	0.01099	0.01427	0.00819	0.00524	0.00688	0.00192	0.04404	0.00590	0.00273	0.00788
12	0.70681	0.01085	0.00920	0.00795	0.01164	0.01211	0.00656	0.01862	0.01082	0.14649	0.01034	0.01095	0.00749	0.00560	0.00390	0.00177	0.00450	0.00353	0.00412	0.00677
13	0.00820	0.00601	0.00860	0.00860	0.00941	0.00683	0.00641	0.00983	0.00902	0.01284	0.01586	0.02548	0.01561	0.19494	0.62606	0.00846	0.01336	0.00657	0.00314	0.00478
14	0.00697	0.00498	0.00664	0.00796	0.00830	0.00465	0.00531	0.00796	0.01095	0.01460	0.03153	0.79525	0.03783	0.01792	0.00730	0.00232	0.00332	0.01626	0.00531	0.00465
15	0.01453	0.05389	0.01535	0.03934	0.01638	0.24611	0.08301	0.07870	0.02764	0.01738	0.01848	0.16173	0.01877	0.01007	0.00626	0.00194	0.00707	0.15802	0.01890	0.00641
16	0.01227	0.02233	0.46901	0.01678	0.02345	0.01232	0.16850	0.01773	0.01274	0.05503	0.01405	0.02075	0.01161	0.00689	0.00608	0.00195	0.00806	0.10938	0.00316	0.00790
17	0.01353	0.01535	0.03332	0.02456	0.05991	0.01443	0.71285	0.01829	0.01348	0.01834	0.01154	0.01538	0.00869	0.00483	0.00671	0.00192	0.00953	0.00668	0.00289	0.00777
18	0.02519	0.00984	0.01326	0.01024	0.01461	0.00865	0.00843	0.02798	0.04713	0.73622	0.02260	0.01955	0.01430	0.00711	0.00575	0.00178	0.00485	0.00578	0.00703	0.00971
19	0.01532	0.73656	0.06602	0.01029	0.01529	0.04906	0.01039	0.01738	0.01181	0.01371	0.00810	0.00936	0.00734	0.00496	0.00381	0.00126	0.00638	0.00314	0.00246	0.00737
20	0.01492	0.00965	0.04523	0.01169	0.07636	0.00866	0.00866	0.01917	0.12184	0.25289	0.04641	0.12140	0.12093	0.03665	0.04163	0.00238	0.00514	0.04343	0.00546	0.00749
21	0.00682	0.00554	0.00606	0.00647	0.00790	0.00477	0.00464	0.00813	0.01239	0.01519	0.04976	0.28445	0.53686	0.01555	0.00693	0.00205	0.00303	0.01337	0.00531	0.00477
22	0.01147	0.02959	0.76934	0.01630	0.02476	0.01328	0.02113	0.01811	0.01208	0.01811	0.01026	0.01208	0.00725	0.00543	0.00543	0.00181	0.00845	0.00423	0.00242	0.00845

[dist]
# distance from previous block
# <min> <max>
4	6

[block]
# block no. 9 follows, 41 sequences, length 52
# corresponding to MSA columns:
# 371-422
name=unknown_J
#
# <colnr> <probs for GDERKNQSTAVLIFYWHMCP>
#	G	D	E	R	K	N	Q	S	T	A	V	L	I	F	Y	W	H	M	C	P
0	0.02124	0.01502	0.01634	0.01270	0.01708	0.01645	0.01043	0.62819	0.06578	0.09257	0.01544	0.03579	0.01127	0.00723	0.00577	0.00175	0.00600	0.00557	0.00582	0.00955
1	0.00823	0.00562	0.00654	0.00644	0.00678	0.00549	0.00391	0.00886	0.01017	0.01381	0.18224	0.03905	0.04734	0.60550	0.02361	0.00463	0.00485	0.00886	0.00414	0.00393
2	0.01623	0.01282	0.01419	0.01072	0.01543	0.01246	0.00870	0.32339	0.08276	0.02644	0.01281	0.01348	0.00978	0.00565	0.00500	0.00131	0.00513	0.00440	0.00458	0.41471
3	0.00922	0.00673	0.00848	0.00888	0.00978	0.00692	0.00640	0.09452	0.01258	0.01687	0.02650	0.51125	0.03041	0.09183	0.05034	0.00295	0.02773	0.06838	0.00498	0.00525
4	0.02090	0.02483	0.01607	0.01429	0.01740	0.63781	0.01087	0.12526	0.01746	0.01712	0.00979	0.01128	0.00798	0.00748	0.03536	0.00181	0.00994	0.00399	0.00335	0.00701
5	0.08680	0.04996	0.01493	0.01102	0.01532	0.01302	0.00913	0.29651	0.04200	0.33531	0.01735	0.03688	0.01214	0.00700	0.00547	0.00172	0.00536	0.00544	0.00589	0.02874
6	0.00803	0.00551	0.00628	0.00641	0.00666	0.00538	0.00380	0.00834	0.00924	0.01218	0.04315	0.12092	0.08989	0.62306	0.02415	0.00477	0.00499	0.00957	0.00391	0.00377
7	0.05666	0.02708	0.53380	0.01527	0.02211	0.15650	0.01766	0.04771	0.03833	0.01863	0.01045	0.01198	0.00766	0.00565	0.00531	0.00175	0.00838	0.00418	0.00282	0.00806
8	0.01782	0.01122	0.01281	0.02837	0.01448	0.03029	0.00861	0.28030	0.04345	0.21331	0.02322	0.15432	0.07612	0.02878	0.00670	0.00198	0.00518	0.02927	0.00576	0.00801
9	0.00942	0.00749	0.00854	0.00824	0.01004	0.00765	0.00626	0.01482	0.19815	0.01895	0.20844	0.04147	0.22060	0.10479	0.03524	0.00264	0.00423	0.08173	0.00538	0.00592
10	0.00730	0.00521	0.00701	0.00834	0.00881	0.00493	0.00588	0.00853	0.01127	0.01497	0.03134	0.68869	0.03711	0.01761	0.00739	0.00237	0.00360	0.11959	0.00530	0.00474
11	0.05816	0.03173	0.09059	0.17973	0.29307	0.01392	0.05353	0.06119	0.12450	0.01984	0.01248	0.01493	0.00968	0.00575	0.00558	0.00179	0.00676	0.00516	0.00338	0.00822
12	0.01367	0.08841	0.03183	0.03808	0.02776	0.03730	0.61868	0.01800	0.01330	0.01757	0.01164	0.03492	0.00925	0.00522	0.00641	0.00186	0.00913	0.00653	0.00291	0.00754
13	0.00696	0.00503	0.00659	0.00783	0.00826	0.00466	0.00525	0.00798	0.01108	0.01465	0.03315	0.74986	0.08218	0.01771	0.00727	0.00230	0.00329	0.01600	0.00531	0.00466
14	0.01286	0.01413	0.02941	0.02262	0.07178	0.01372	0.57656	0.01698	0.01289	0.01767	0.01308	0.08749	0.01132	0.00643	0.00761	0.00199	0.06555	0.00740	0.00308	0.00741
15	0.01491	0.01499	0.02127	0.04533	0.54439	0.10224	0.03697	0.01977	0.10772	0.01871	0.01214	0.01469	0.00989	0.00553	0.00566	0.00171	0.00702	0.00516	0.00322	0.00868
16	0.00714	0.00510	0.00682	0.00810	0.00852	0.00479	0.00556	0.00828	0.01123	0.01497	0.05035	0.73019	0.03794	0.01763	0.00732	0.00233	0.00342	0.06027	0.00533	0.00470
17	0.02546	0.01006	0.01348	0.01033	0.01476	0.00889	0.00853	0.06494	0.01692	0.72942	0.02211	0.01917	0.01393	0.00707	0.00575	0.00177	0.00494	0.00572	0.00701	0.00973
18	0.01186	0.01017	0.01186	0.00847	0.01356	0.00762	0.00678	0.01440	0.01186	0.01864	0.01017	0.01186	0.00847	0.00424	0.00424	0.00085	0.00424	0.00339	0.00339	0.83395
19	0.01167	0.06958	0.73108	0.01597	0.02423	0.01377	0.02055	0.01806	0.01205	0.01787	0.01015	0.01193	0.00725	0.00541	0.00534	0.00178	0.00833	0.00417	0.00242	0.00840
20	0.00703	0.00500	0.00662	0.00789	0.00821	0.00468	0.00523	0.00798	0.01084	0.01446	0.03096	0.76365	0.03712	0.05049	0.00821	0.00246	0.00341	0.01593	0.00523	0.00460
21	0.01251	0.01251	0.01752	0.01502	0.01502	0.01752	0.01251	0.01377	0.00876	0.01377	0.00751	0.01251	0.00751	0.01001	0.01877	0.00250	0.78851	0.00501	0.00250	0.00626
22	0.01080	0.01017	0.01716	0.78523	0.03940	0.01271	0.01589	0.01461	0.01144	0.01461	0.01017	0.01525	0.00762	0.00572	0.00572	0.00191	0.00762	0.00508	0.00254	0.00635
23	0.00951	0.00616	0.00810	0.00744	0.00903	0.00564	0.00564	0.01217	0.01621	0.08305	0.70070	0.04085	0.05075	0.01132	0.00667	0.00180	0.00287	0.00997	0.00636	0.00575
24	0.01250	0.01373	0.05931	0.07892	0.02016	0.01636	0.14435	0.01488	0.01000	0.01488	0.00860	0.01324	0.00771	0.00850	0.01487	0.00232	0.54519	0.00528	0.00257	0.00664
25	0.00842	0.00594	0.00743	0.00734	0.00762	0.00639	0.00478	0.00902	0.00857	0.01178	0.01693	0.03250	0.01857	0.56572	0.23295	0.00644	0.03466	0.00761	0.00332	0.00401
26	0.00697	0.00498	0.00664	0.00796	0.00830	0.00465	0.00531	0.00796	0.01095	0.01460	0.03153	0.79525	0.03783	0.01792	0.00730	0.00232	0.00332	0.01626	0.00531	0.00465
27	0.01293	0.01296	0.02267	0.42363	0.03311	0.03626	0.25744	0.07371	0.01340	0.01750	0.01079	0.01496	0.00813	0.00565	0.00646	0.00190	0.03289	0.00560	0.00292	0.00708
28	0.00817	0.00613	0.00919	0.00919	0.01021	0.00715	0.00715	0.01021	0.00919	0.01328	0.01532	0.02247	0.01430	0.04290	0.77631	0.00919	0.01532	0.00613	0.00306	0.00511
29	0.00697	0.00498	0.00664	0.00796	0.00830	0.00465	0.00531	0.00796	0.01095	0.01460	0.03153	0.79525	0.03783	0.01792	0.00730	0.00232	0.00332	0.01626	0.00531	0.00465
30	0.02137	0.02726	0.01621	0.01474	0.01768	0.77602	0.01105	0.02284	0.01621	0.01400	0.00884	0.01031	0.00737	0.00589	0.00516	0.00147	0.01031	0.00368	0.00295	0.00663
31	0.10723	0.01436	0.01548	0.01439	0.10297	0.09269	0.01044	0.27954	0.03888	0.22011	0.01534	0.01622	0.01111	0.00675	0.00550	0.00174	0.00612	0.02710	0.00521	0.00880
32	0.00700	0.00500	0.00667	0.00794	0.00830	0.00467	0.00531	0.00804	0.01110	0.01484	0.05195	0.77416	0.03828	0.01775	0.00729	0.00231	0.00330	0.01609	0.00534	0.00467
33	0.01134	0.00916	0.01161	0.01056	0.01184	0.02709	0.00836	0.09080	0.03902	0.01694	0.01408	0.01971	0.01267	0.06519	0.36588	0.00551	0.18103	0.00577	0.08748	0.00597
34	0.01359	0.01292	0.01748	0.01480	0.01533	0.01755	0.01232	0.09902	0.01088	0.01637	0.00823	0.01266	0.00777	0.00964	0.01725	0.00241	0.69721	0.00502	0.00288	0.00666
35	0.01578	0.64568	0.02884	0.01165	0.01642	0.10325	0.07790	0.01786	0.01229	0.01397	0.00838	0.00988	0.00747	0.00499	0.00412	0.00132	0.00690	0.00347	0.00254	0.00730
36	0.01529	0.80242	0.02997	0.00979	0.01468	0.02263	0.00979	0.01713	0.01162	0.01346	0.00795	0.00918	0.00734	0.00489	0.00367	0.00122	0.00612	0.00306	0.00245	0.00734
37	0.00824	0.00609	0.00900	0.00900	0.01000	0.00705	0.00696	0.01024	0.00924	0.01342	0.01549	0.02288	0.01450	0.06435	0.73399	0.00888	0.01470	0.00617	0.02472	0.00506
38	0.01007	0.00754	0.00918	0.00826	0.00978	0.00752	0.00600	0.05235	0.01226	0.03508	0.15931	0.14070	0.07003	0.24047	0.01401	0.00290	0.07701	0.00881	0.00449	0.12424
39	0.04775	0.01147	0.01382	0.01094	0.01511	0.01142	0.00892	0.18964	0.12489	0.45554	0.02041	0.03457	0.01389	0.00730	0.00572	0.00179	0.00509	0.00586	0.00644	0.00942
40	0.02495	0.01087	0.01398	0.01072	0.01517	0.01009	0.00885	0.15735	0.01827	0.63510	0.02097	0.01843	0.01336	0.00704	0.00575	0.00176	0.00513	0.00564	0.00683	0.00973
41	0.00782	0.00540	0.00709	0.00814	0.00872	0.00512	0.00554	0.00944	0.03741	0.03762	0.05395	0.72116	0.03692	0.01704	0.00718	0.00228	0.00339	0.01542	0.00541	0.00498
42	0.01291	0.32101	0.49054	0.01385	0.02096	0.01681	0.01685	0.01774	0.01191	0.01636	0.00939	0.01098	0.00728	0.00523	0.00477	0.00159	0.00757	0.00379	0.00243	0.00803
43	0.02077	0.02659	0.04570	0.01475	0.01789	0.70048	0.01148	0.04783	0.01624	0.01493	0.00904	0.01056	0.00745	0.00601	0.00553	0.00152	0.02963	0.00379	0.00301	0.00680
44	0.00701	0.00510	0.00661	0.00772	0.00826	0.00470	0.00522	0.00814	0.01142	0.01512	0.07279	0.68650	0.10578	0.01727	0.00722	0.00226	0.00325	0.01556	0.00536	0.00470
45	0.01180	0.01138	0.01582	0.01385	0.01394	0.01559	0.01137	0.01307	0.00913	0.01413	0.01070	0.10418	0.01130	0.01082	0.01691	0.00244	0.66919	0.00633	0.03200	0.00604
46	0.04670	0.00984	0.01416	0.45977	0.04542	0.01160	0.01213	0.10093	0.01337	0.01929	0.01251	0.01622	0.00950	0.00604	0.00522	0.00174	0.00615	0.00507	0.19777	0.00657
47	0.00817	0.00613	0.00919	0.00919	0.01021	0.00715	0.00715	0.01021	0.00919	0.01328	0.01532	0.02247	0.01430	0.04290	0.77631	0.00919	0.01532	0.00613	0.00306	0.00511
48	0.00832	0.00555	0.00624	0.00624	0.00624	0.00555	0.00347	0.00832	0.00832	0.01109	0.01802	0.03743	0.02080	0.79898	0.02911	0.00555	0.00555	0.00832	0.00347	0.00347
49	0.01529	0.80242	0.02997	0.00979	0.01468	0.02263	0.00979	0.01713	0.01162	0.01346	0.00795	0.00918	0.00734	0.00489	0.00367	0.00122	0.00612	0.00306	0.00245	0.00734
50	0.00841	0.00629	0.00929	0.00921	0.01021	0.00739	0.00718	0.01045	0.00930	0.01363	0.01522	0.02212	0.01411	0.04038	0.72081	0.00866	0.03857	0.00606	0.03756	0.00515
51	0.02174	0.01602	0.01717	0.01316	0.01774	0.01774	0.01087	0.74423	0.02689	0.03605	0.01373	0.01373	0.00973	0.00687	0.00572	0.00172	0.00629	0.00515	0.00572	0.00973

[dist]
# distance from previous block
# <min> <max>
1	1

[block]
# block no. 10 follows, 41 sequences, length 10
# corresponding to MSA columns:
# 463-472
name=unknown_K
#
# <colnr> <probs for GDERKNQSTAVLIFYWHMCP>
#	G	D	E	R	K	N	Q	S	T	A	V	L	I	F	Y	W	H	M	C	P
0	0.83938	0.01106	0.00841	0.00752	0.01106	0.01283	0.00619	0.01681	0.00973	0.02566	0.00796	0.00929	0.00619	0.00531	0.00354	0.00177	0.00442	0.00310	0.00354	0.00619
1	0.01258	0.01008	0.01083	0.01049	0.01284	0.06380	0.00849	0.01964	0.26662	0.06951	0.09616	0.04012	0.08539	0.01128	0.00665	0.00212	0.00492	0.25602	0.00551	0.00693
