[name]
unknown

[dist]
# distance from previous block
# <min> <max>
4	41

[block]
# block no. 0 follows, 43 sequences, length 47
# corresponding to MSA columns:
# 84-107,120-142
name=unknown_A
#
# <colnr> <probs for GDERKNQSTAVLIFYWHMCP>
#	G	D	E	R	K	N	Q	S	T	A	V	L	I	F	Y	W	H	M	C	P
0	0.02159	0.01077	0.01371	0.01147	0.05024	0.01032	0.00887	0.17620	0.05224	0.48230	0.03566	0.04254	0.01410	0.00708	0.00558	0.00169	0.00496	0.00579	0.00613	0.03875
1	0.03074	0.29034	0.18606	0.01196	0.01707	0.06036	0.03138	0.14271	0.01465	0.09579	0.02922	0.01261	0.00943	0.00645	0.02272	0.00167	0.00671	0.00419	0.00353	0.02241
2	0.10321	0.01228	0.01308	0.01054	0.01428	0.01323	0.00853	0.35358	0.14343	0.10902	0.01715	0.01715	0.04261	0.02357	0.00569	0.00173	0.00503	0.00533	0.05225	0.04834
3	0.00755	0.00547	0.00688	0.00774	0.00838	0.00522	0.00530	0.04368	0.01140	0.01505	0.03092	0.64032	0.09313	0.06502	0.00827	0.00239	0.00349	0.03006	0.00505	0.00469
4	0.13166	0.42450	0.04222	0.08771	0.01723	0.10274	0.02521	0.08226	0.01283	0.01701	0.00864	0.01019	0.00721	0.00516	0.00417	0.00142	0.00643	0.00351	0.00287	0.00702
5	0.18192	0.01253	0.03328	0.21760	0.05639	0.05012	0.01086	0.19058	0.01528	0.12524	0.01304	0.01444	0.02545	0.00608	0.00507	0.00171	0.00600	0.00471	0.02222	0.00747
6	0.02078	0.01428	0.01560	0.01200	0.01629	0.01545	0.00989	0.62507	0.02398	0.11396	0.01435	0.01418	0.01006	0.00661	0.00544	0.00163	0.00575	0.00502	0.04195	0.02772
7	0.08020	0.05783	0.16655	0.00913	0.01248	0.00891	0.00881	0.05310	0.01354	0.03677	0.23053	0.10546	0.17566	0.00995	0.00582	0.00178	0.00442	0.00832	0.00459	0.00615
8	0.00768	0.00615	0.00779	0.04902	0.03888	0.00573	0.00618	0.00971	0.01327	0.01725	0.25353	0.11207	0.34693	0.01288	0.00662	0.00193	0.00342	0.09068	0.00518	0.00510
9	0.00798	0.00538	0.00626	0.00632	0.00640	0.00543	0.00369	0.00816	0.00824	0.01105	0.01790	0.07209	0.02050	0.71474	0.07926	0.00546	0.00592	0.00828	0.00341	0.00352
10	0.01234	0.01251	0.01671	0.01439	0.01452	0.04612	0.01193	0.01358	0.00877	0.01333	0.00751	0.01228	0.00743	0.01034	0.03684	0.00255	0.74554	0.00482	0.00245	0.00604
11	0.00863	0.00609	0.00745	0.00742	0.00884	0.00572	0.00543	0.01150	0.07173	0.05896	0.30670	0.27115	0.18307	0.01314	0.00658	0.00193	0.00308	0.01155	0.00563	0.00540
12	0.00738	0.00563	0.00671	0.00645	0.00792	0.00503	0.00480	0.00947	0.01433	0.01922	0.48597	0.04553	0.31105	0.03744	0.00722	0.00190	0.00277	0.01056	0.00566	0.00497
13	0.01472	0.01453	0.01736	0.02218	0.37147	0.16450	0.01276	0.04601	0.10153	0.03477	0.02735	0.01707	0.02775	0.00936	0.07601	0.00232	0.00750	0.02157	0.00349	0.00776
14	0.01341	0.46454	0.34015	0.01222	0.01835	0.03683	0.01408	0.01712	0.01155	0.01492	0.00865	0.01008	0.00707	0.00498	0.00430	0.00143	0.00696	0.00345	0.00237	0.00754
15	0.00804	0.00615	0.00712	0.00709	0.00867	0.00574	0.00528	0.01104	0.08112	0.03352	0.24355	0.18281	0.33387	0.01318	0.00656	0.00192	0.00307	0.03050	0.00549	0.00528
16	0.00866	0.00625	0.00763	0.00768	0.00897	0.00596	0.00557	0.07756	0.01385	0.03195	0.23819	0.38738	0.15134	0.01398	0.00667	0.00199	0.00328	0.01235	0.00547	0.00527
17	0.72714	0.01066	0.00890	0.00772	0.01127	0.01202	0.00636	0.03428	0.01058	0.11531	0.00954	0.01028	0.00700	0.00538	0.00373	0.00171	0.00438	0.00335	0.00389	0.00649
18	0.00805	0.00537	0.00604	0.00604	0.00604	0.00537	0.00336	0.00805	0.00805	0.01074	0.01745	0.03624	0.02013	0.80536	0.02819	0.00537	0.00537	0.00805	0.00336	0.00336
19	0.00782	0.00589	0.00726	0.00699	0.00841	0.00549	0.00521	0.01073	0.05064	0.02040	0.55338	0.09796	0.17503	0.01205	0.00653	0.00181	0.00278	0.01055	0.00584	0.00525
20	0.00675	0.00482	0.00643	0.00771	0.00803	0.00450	0.00514	0.00771	0.01060	0.01414	0.03053	0.80175	0.03663	0.01735	0.00707	0.00225	0.00321	0.01574	0.00514	0.00450
21	0.00813	0.00615	0.00888	0.00876	0.00956	0.00718	0.00666	0.00979	0.00876	0.01258	0.01485	0.02336	0.01443	0.14861	0.63983	0.00809	0.05043	0.00618	0.00300	0.00477
22	0.00912	0.00660	0.00907	0.01024	0.01159	0.00668	0.00892	0.01220	0.04313	0.01684	0.02905	0.06077	0.03127	0.01498	0.00757	0.00252	0.00507	0.70400	0.00512	0.00525
23	0.01212	0.01212	0.01696	0.01454	0.01454	0.01696	0.01212	0.01333	0.00848	0.01333	0.00727	0.01212	0.00727	0.00969	0.01818	0.00242	0.79523	0.00485	0.00242	0.00606
24	0.01279	0.01412	0.02810	0.02078	0.02475	0.01487	0.53565	0.01646	0.01174	0.01646	0.01006	0.01412	0.00807	0.00613	0.00992	0.00203	0.23816	0.00604	0.00269	0.00706
25	0.01307	0.01494	0.03268	0.02334	0.02894	0.01401	0.75070	0.01774	0.01307	0.01774	0.01120	0.01494	0.00840	0.00467	0.00654	0.00187	0.00934	0.00654	0.00280	0.00747
26	0.00655	0.00558	0.00564	0.00569	0.00750	0.00467	0.00424	0.00794	0.01255	0.01493	0.05512	0.08203	0.74047	0.01415	0.00657	0.00188	0.00282	0.01184	0.00514	0.00467
27	0.01148	0.00984	0.01148	0.00820	0.01312	0.00738	0.00656	0.01395	0.01148	0.01805	0.00984	0.01148	0.00820	0.00410	0.00410	0.00082	0.00410	0.00328	0.00328	0.83922
28	0.02154	0.01472	0.01613	0.01237	0.01678	0.01601	0.01022	0.65844	0.02472	0.13068	0.01440	0.01402	0.00997	0.00668	0.00554	0.00167	0.00592	0.00506	0.00571	0.00942
29	0.00796	0.00628	0.00728	0.00720	0.00878	0.00597	0.00539	0.01143	0.10057	0.01843	0.30012	0.14620	0.30241	0.01280	0.00654	0.00190	0.00306	0.03679	0.00554	0.00534
30	0.00683	0.00490	0.00649	0.00761	0.00804	0.00456	0.00513	0.00793	0.01104	0.01479	0.08863	0.72673	0.05316	0.01681	0.00702	0.00220	0.00316	0.01521	0.00522	0.00456
31	0.01327	0.01495	0.03227	0.02307	0.02865	0.01409	0.73193	0.03637	0.01340	0.01818	0.01126	0.01490	0.00843	0.00472	0.00651	0.00186	0.00925	0.00650	0.00287	0.00752
32	0.01513	0.56180	0.02517	0.04767	0.01580	0.05279	0.01024	0.08823	0.01254	0.01528	0.00833	0.01004	0.00737	0.00562	0.00571	0.00143	0.10353	0.00351	0.00271	0.00713
33	0.00733	0.00545	0.00695	0.00791	0.00886	0.00507	0.00598	0.00887	0.01177	0.01518	0.05257	0.41131	0.20100	0.01590	0.00710	0.00224	0.00363	0.21302	0.00515	0.00472
34	0.01571	0.01856	0.25151	0.03192	0.01879	0.05072	0.01308	0.21415	0.24098	0.06508	0.01519	0.01519	0.01100	0.00642	0.00546	0.00175	0.00637	0.00505	0.00444	0.00862
35	0.01073	0.06002	0.01146	0.00982	0.01145	0.11527	0.04272	0.01250	0.02739	0.04327	0.07606	0.37476	0.10455	0.01246	0.00710	0.00196	0.05780	0.01068	0.00449	0.00552
36	0.01131	0.05611	0.72330	0.01583	0.02380	0.01323	0.04615	0.01751	0.01173	0.01738	0.00990	0.01171	0.00707	0.00522	0.00525	0.00174	0.00815	0.00414	0.00236	0.00812
37	0.00804	0.00544	0.00639	0.00639	0.00651	0.00556	0.00379	0.00828	0.00816	0.01099	0.01713	0.03449	0.01937	0.71307	0.11945	0.00580	0.00651	0.00780	0.00331	0.00355
38	0.01571	0.55569	0.09300	0.01032	0.01509	0.04962	0.01024	0.01862	0.04820	0.10488	0.02644	0.01163	0.00931	0.00535	0.00417	0.00135	0.00600	0.00371	0.00316	0.00749
39	0.15262	0.01454	0.11326	0.01112	0.01538	0.04894	0.00999	0.20426	0.11755	0.17662	0.04164	0.03033	0.02609	0.00682	0.00523	0.00173	0.00552	0.00526	0.00493	0.00815
40	0.00716	0.00520	0.00709	0.03720	0.00952	0.00502	0.00593	0.00840	0.01083	0.01436	0.02939	0.67304	0.03470	0.03049	0.00745	0.00232	0.00363	0.09867	0.00501	0.00461
41	0.01349	0.01391	0.02037	0.10636	0.21949	0.10120	0.15296	0.01698	0.04793	0.01641	0.01059	0.01399	0.00872	0.00629	0.00835	0.00185	0.18108	0.00514	0.04771	0.00718
42	0.01501	0.03757	0.27586	0.01412	0.05409	0.01415	0.01354	0.18703	0.25281	0.05649	0.01519	0.01524	0.01107	0.00633	0.00543	0.00175	0.00622	0.00506	0.00432	0.00870
43	0.03259	0.05979	0.69861	0.01526	0.02299	0.04192	0.01929	0.01764	0.01177	0.01739	0.00974	0.01145	0.00700	0.00525	0.00514	0.00172	0.00806	0.00400	0.00239	0.00802
44	0.00871	0.00647	0.00901	0.06528	0.01139	0.00728	0.00706	0.02477	0.00988	0.01384	0.01735	0.06554	0.01760	0.18838	0.36304	0.00586	0.03686	0.09336	0.04350	0.00484
45	0.01466	0.01329	0.08533	0.04101	0.38063	0.01208	0.01372	0.05075	0.12475	0.11782	0.01662	0.01882	0.04783	0.00648	0.00563	0.00175	0.00592	0.03049	0.00398	0.00845
46	0.01330	0.18672	0.42109	0.01427	0.02066	0.03127	0.07966	0.09752	0.01337	0.01858	0.01031	0.01196	0.00776	0.00532	0.00498	0.00161	0.00736	0.00421	0.04221	0.00785

[dist]
# distance from previous block
# <min> <max>
6	15

[block]
# block no. 1 follows, 43 sequences, length 71
# corresponding to MSA columns:
# 158-228
name=unknown_B
#
# <colnr> <probs for GDERKNQSTAVLIFYWHMCP>
#	G	D	E	R	K	N	Q	S	T	A	V	L	I	F	Y	W	H	M	C	P
0	0.05429	0.00951	0.01150	0.00879	0.01296	0.00819	0.00713	0.06224	0.01419	0.32852	0.03146	0.01815	0.06218	0.00630	0.00495	0.00138	0.00431	0.00505	0.03626	0.31264
1	0.01840	0.01334	0.01467	0.01167	0.01549	0.01447	0.00946	0.54852	0.05647	0.06001	0.01577	0.09632	0.01290	0.00916	0.03815	0.00200	0.00594	0.00615	0.00535	0.04577
2	0.01276	0.15246	0.02751	0.00970	0.01235	0.01206	0.02474	0.18452	0.09012	0.02010	0.09688	0.16073	0.02085	0.13981	0.00931	0.00233	0.00500	0.00773	0.00449	0.00656
3	0.01140	0.01152	0.02131	0.50446	0.05904	0.01309	0.22012	0.01520	0.01152	0.01523	0.01008	0.01462	0.00771	0.00553	0.00659	0.00188	0.05617	0.00537	0.00256	0.00660
4	0.01037	0.00975	0.01636	0.77378	0.03743	0.01213	0.01512	0.01401	0.01111	0.01417	0.01092	0.01566	0.02507	0.00573	0.00556	0.00185	0.00728	0.00508	0.00252	0.00612
5	0.01311	0.01240	0.02028	0.04651	0.63211	0.02498	0.01552	0.01655	0.02844	0.01810	0.04574	0.01894	0.01266	0.00613	0.00570	0.00173	0.00631	0.06343	0.00314	0.00823
6	0.01207	0.01126	0.01512	0.03038	0.01445	0.05721	0.04589	0.01368	0.00985	0.04564	0.01198	0.07029	0.02365	0.01367	0.11418	0.00308	0.46691	0.00592	0.02878	0.00598
7	0.01546	0.01271	0.01151	0.01089	0.04420	0.21206	0.00801	0.04380	0.03277	0.17908	0.12946	0.08477	0.14878	0.00941	0.00590	0.00174	0.00550	0.03232	0.00496	0.00667
8	0.32177	0.01126	0.01143	0.02897	0.01366	0.01258	0.00809	0.21002	0.11246	0.07203	0.01479	0.05411	0.01225	0.00871	0.03754	0.00210	0.00532	0.05099	0.00462	0.00730
9	0.01096	0.01131	0.04758	0.68712	0.06791	0.03235	0.03625	0.01471	0.01134	0.01454	0.00988	0.01448	0.00745	0.00548	0.00554	0.00182	0.00750	0.00490	0.00249	0.00639
10	0.01131	0.00997	0.01603	0.02282	0.42569	0.00990	0.01290	0.01413	0.01258	0.01721	0.02067	0.06418	0.06400	0.00964	0.00638	0.00200	0.00570	0.26402	0.00382	0.00706
11	0.01089	0.01054	0.01657	0.75955	0.03727	0.04452	0.01519	0.01448	0.01127	0.01413	0.00979	0.01457	0.00737	0.00554	0.00551	0.00183	0.00749	0.00487	0.00248	0.00616
12	0.01141	0.08171	0.70718	0.01554	0.02342	0.01351	0.03767	0.01748	0.01170	0.01724	0.00982	0.01158	0.00706	0.00521	0.00518	0.00172	0.00806	0.00408	0.00235	0.00809
13	0.00915	0.00593	0.00759	0.00705	0.00864	0.00538	0.00533	0.01153	0.01509	0.08495	0.58381	0.06763	0.12729	0.01136	0.00642	0.00176	0.00283	0.00993	0.02283	0.00549
14	0.01258	0.01201	0.02044	0.29780	0.51584	0.01286	0.01643	0.01601	0.01208	0.01672	0.01022	0.01408	0.00829	0.00514	0.00550	0.00171	0.00686	0.00493	0.00264	0.00786
15	0.01171	0.01130	0.01814	0.13885	0.03360	0.05213	0.22259	0.04525	0.01299	0.01739	0.07972	0.04942	0.04225	0.00835	0.00740	0.00195	0.08270	0.11254	0.04537	0.00633
16	0.55249	0.01287	0.10107	0.15807	0.01778	0.01265	0.00969	0.04679	0.01070	0.02236	0.00861	0.01059	0.00653	0.00529	0.00413	0.00174	0.00541	0.00358	0.00320	0.00643
17	0.00661	0.00557	0.00566	0.00571	0.00745	0.00469	0.00422	0.00794	0.01238	0.01478	0.05365	0.08402	0.71109	0.04254	0.00734	0.00201	0.00291	0.01173	0.00508	0.00462
18	0.01230	0.01182	0.02039	0.35544	0.43015	0.01283	0.04555	0.01582	0.01198	0.01641	0.01021	0.01421	0.00817	0.00518	0.00555	0.00174	0.00703	0.00499	0.00262	0.00761
19	0.01200	0.01132	0.01915	0.48750	0.27534	0.01282	0.04447	0.04169	0.01219	0.01632	0.01021	0.01438	0.00795	0.00535	0.00556	0.00177	0.00715	0.00499	0.00268	0.00717
20	0.00863	0.00683	0.00999	0.00964	0.01062	0.00693	0.07228	0.03615	0.01111	0.01495	0.03972	0.42798	0.02821	0.15625	0.01149	0.00278	0.05374	0.08333	0.00447	0.00491
21	0.03389	0.22291	0.45842	0.01509	0.02190	0.01530	0.12508	0.01730	0.01173	0.01662	0.00950	0.01139	0.00722	0.00504	0.00497	0.00163	0.00768	0.00414	0.00244	0.00775
22	0.01363	0.01308	0.02235	0.05113	0.75425	0.01314	0.01696	0.01693	0.01258	0.01800	0.01040	0.01373	0.00874	0.00495	0.00548	0.00165	0.00660	0.00493	0.00274	0.00871
23	0.00683	0.00485	0.00640	0.00761	0.00791	0.00455	0.00503	0.00773	0.01045	0.01393	0.02972	0.75478	0.03562	0.06570	0.00836	0.00244	0.00335	0.01527	0.00503	0.00443
24	0.00884	0.00635	0.00881	0.01004	0.01134	0.00632	0.00876	0.01135	0.01275	0.01652	0.03023	0.06216	0.05692	0.01526	0.00761	0.00253	0.00502	0.70900	0.00510	0.00509
25	0.01904	0.03711	0.01655	0.03793	0.12427	0.38788	0.01124	0.15816	0.04805	0.06813	0.01143	0.01256	0.00883	0.00592	0.00518	0.00154	0.00783	0.00434	0.02642	0.00758
26	0.17626	0.01328	0.01365	0.01122	0.01497	0.04815	0.02966	0.27579	0.22994	0.08754	0.01540	0.01510	0.01123	0.00652	0.00513	0.00172	0.00533	0.00500	0.02581	0.00829
27	0.00712	0.00574	0.00662	0.00696	0.02852	0.00504	0.00489	0.00880	0.01307	0.01668	0.22991	0.12891	0.47313	0.03105	0.00705	0.00195	0.00296	0.01144	0.00528	0.00488
28	0.01952	0.01442	0.01553	0.01219	0.01619	0.01592	0.00993	0.65933	0.04953	0.03251	0.01486	0.06622	0.01175	0.02805	0.00623	0.00180	0.00583	0.00582	0.00546	0.00891
29	0.12555	0.03813	0.01454	0.01171	0.01519	0.16417	0.00941	0.32576	0.11612	0.02552	0.03031	0.01437	0.02360	0.00668	0.00563	0.00167	0.03763	0.00479	0.02137	0.00785
30	0.00746	0.00512	0.00664	0.00750	0.00801	0.00480	0.00505	0.00851	0.01091	0.03201	0.08987	0.59213	0.05075	0.11622	0.00966	0.00259	0.00350	0.02967	0.00503	0.00454
31	0.01084	0.01208	0.07804	0.09853	0.10275	0.01066	0.29931	0.01420	0.01187	0.01623	0.01703	0.17480	0.04441	0.05431	0.00752	0.00210	0.00687	0.00811	0.02381	0.00653
32	0.01621	0.04096	0.01388	0.01112	0.01456	0.01415	0.00892	0.30759	0.33789	0.04145	0.03627	0.05053	0.01508	0.00750	0.00549	0.00174	0.00491	0.00605	0.05720	0.00849
33	0.02461	0.00981	0.01309	0.01004	0.01433	0.00871	0.00829	0.07307	0.01650	0.72766	0.02131	0.01850	0.01344	0.00684	0.00557	0.00171	0.00480	0.00553	0.00677	0.00942
34	0.00692	0.00497	0.00636	0.00734	0.00778	0.00464	0.00488	0.00787	0.01066	0.01413	0.05974	0.63274	0.08834	0.10454	0.00936	0.00255	0.00340	0.01437	0.00498	0.00441
35	0.01298	0.01435	0.05682	0.10305	0.15918	0.01348	0.46328	0.04767	0.01320	0.01803	0.01156	0.03888	0.00923	0.00530	0.00617	0.00182	0.00828	0.00621	0.00292	0.00758
36	0.02589	0.02514	0.04315	0.01106	0.04291	0.00751	0.08580	0.02881	0.04154	0.01620	0.04352	0.49140	0.05986	0.01346	0.00662	0.00208	0.00445	0.04042	0.00463	0.00556
37	0.01204	0.00672	0.00886	0.00862	0.01058	0.00618	0.00698	0.01412	0.01360	0.19945	0.14869	0.11666	0.12915	0.03713	0.00740	0.00219	0.00413	0.25587	0.00564	0.00599
38	0.00675	0.00530	0.00601	0.00649	0.00765	0.00466	0.00456	0.00796	0.01175	0.01473	0.07228	0.33823	0.42469	0.05323	0.00779	0.00218	0.00308	0.01300	0.00509	0.00457
39	0.01649	0.23459	0.03992	0.10407	0.01844	0.10155	0.01079	0.21027	0.13607	0.03967	0.01229	0.01314	0.00948	0.00606	0.00522	0.00158	0.02417	0.00445	0.00389	0.00785
40	0.07437	0.02661	0.68410	0.01577	0.04314	0.01286	0.03305	0.01743	0.01157	0.01811	0.00981	0.01160	0.00701	0.00523	0.00515	0.00175	0.00787	0.00408	0.00244	0.00802
41	0.01035	0.00691	0.00810	0.00749	0.00939	0.00656	0.00567	0.03939	0.07488	0.10248	0.24022	0.05644	0.25825	0.10395	0.00891	0.00226	0.00363	0.04394	0.00544	0.00572
42	0.01235	0.01040	0.01207	0.00875	0.01352	0.00847	0.00704	0.07976	0.01271	0.01944	0.01009	0.01166	0.00829	0.00445	0.00455	0.00093	0.02211	0.00347	0.00346	0.74646
43	0.09136	0.15088	0.01803	0.04343	0.01693	0.16222	0.05961	0.14189	0.11616	0.08213	0.01226	0.01308	0.00937	0.00614	0.00574	0.00164	0.05310	0.00451	0.00393	0.00760
44	0.00774	0.00571	0.00635	0.00621	0.00778	0.00499	0.00453	0.00923	0.01275	0.04767	0.18771	0.08704	0.47675	0.10028	0.00891	0.00224	0.00315	0.01092	0.00520	0.00483
45	0.04477	0.07129	0.28359	0.06720	0.04066	0.01421	0.29672	0.01691	0.01180	0.01704	0.00996	0.01291	0.00759	0.00539	0.00670	0.00182	0.07634	0.00504	0.00258	0.00746
46	0.34698	0.04009	0.19629	0.11731	0.08890	0.01306	0.01221	0.05568	0.03032	0.03848	0.00977	0.01160	0.00735	0.00537	0.00456	0.00172	0.00601	0.00394	0.00319	0.00716
47	0.00918	0.00595	0.00742	0.00689	0.00837	0.00542	0.00508	0.01121	0.01419	0.08648	0.48931	0.04056	0.15723	0.11740	0.00934	0.00224	0.00320	0.00962	0.00565	0.00526
48	0.00867	0.00655	0.00759	0.00741	0.00909	0.00626	0.00555	0.03019	0.09647	0.03880	0.25308	0.17891	0.28875	0.01276	0.00651	0.00191	0.00318	0.02727	0.00553	0.00551
49	0.00691	0.00490	0.00644	0.00761	0.00792	0.00462	0.00506	0.00782	0.01042	0.01388	0.02932	0.71729	0.03504	0.08872	0.00899	0.00254	0.00345	0.02970	0.00498	0.00441
50	0.00821	0.00585	0.00674	0.00645	0.00822	0.00509	0.00486	0.01006	0.01381	0.06762	0.29941	0.07817	0.43992	0.01275	0.00650	0.00183	0.00288	0.01087	0.00559	0.00517
51	0.00673	0.00489	0.00635	0.00751	0.00798	0.00452	0.00505	0.00773	0.01079	0.01422	0.03295	0.73092	0.10589	0.01704	0.00702	0.00221	0.00317	0.01536	0.00514	0.00452
52	0.84448	0.01071	0.00814	0.00728	0.01071	0.01242	0.00600	0.01628	0.00943	0.02485	0.00771	0.00900	0.00600	0.00514	0.00343	0.00171	0.00428	0.00300	0.00343	0.00600
53	0.38455	0.01050	0.01074	0.00878	0.01266	0.01082	0.00717	0.04941	0.08099	0.26395	0.01403	0.01365	0.00983	0.00585	0.00447	0.00163	0.00448	0.00423	0.00479	0.09748
54	0.02086	0.01586	0.01649	0.01277	0.01711	0.04762	0.01049	0.70597	0.04319	0.03377	0.01333	0.01334	0.00951	0.00663	0.00552	0.00166	0.00621	0.00496	0.00544	0.00928
55	0.01045	0.00868	0.01026	0.00811	0.01187	0.00685	0.00625	0.02802	0.01162	0.01741	0.01598	0.19627	0.03557	0.00750	0.00489	0.00120	0.00390	0.00644	0.00381	0.60489
56	0.00951	0.00591	0.00782	0.03200	0.00989	0.00547	0.00592	0.01121	0.01279	0.11366	0.20834	0.39251	0.10723	0.01379	0.00667	0.00202	0.00343	0.04094	0.00551	0.00540
57	0.01046	0.00984	0.01661	0.79205	0.03814	0.01230	0.01538	0.01415	0.01107	0.01415	0.00984	0.01477	0.00738	0.00554	0.00554	0.00185	0.00738	0.00492	0.00246	0.00615
58	0.01148	0.00984	0.01148	0.00820	0.01312	0.00738	0.00656	0.01395	0.01148	0.01805	0.00984	0.01148	0.00820	0.00410	0.00410	0.00082	0.00410	0.00328	0.00328	0.83922
59	0.01063	0.01086	0.02125	0.05800	0.04030	0.01068	0.38318	0.01370	0.01184	0.01603	0.01831	0.27985	0.03369	0.00947	0.00732	0.00202	0.05345	0.00951	0.00359	0.00629
60	0.01201	0.01194	0.01569	0.01463	0.06804	0.07111	0.03588	0.01341	0.00945	0.01346	0.00970	0.01613	0.00964	0.11511	0.08272	0.00321	0.48398	0.00533	0.00266	0.00588
61	0.00996	0.00614	0.00800	0.00726	0.00898	0.00557	0.00554	0.01244	0.01552	0.11903	0.62851	0.03918	0.09050	0.01091	0.00641	0.00175	0.00290	0.00954	0.00614	0.00574
62	0.00801	0.00590	0.00875	0.00875	0.00975	0.00685	0.00680	0.01001	0.00901	0.01317	0.01497	0.02171	0.01386	0.04011	0.75161	0.00859	0.01433	0.00590	0.03695	0.00495
63	0.01177	0.14409	0.54024	0.04325	0.02315	0.01415	0.09468	0.01713	0.01184	0.01687	0.02758	0.01242	0.00825	0.00527	0.00518	0.00168	0.00780	0.00435	0.00248	0.00780
64	0.00713	0.00527	0.00660	0.00745	0.00825	0.00488	0.00533	0.00840	0.01134	0.01472	0.06373	0.45871	0.19188	0.07179	0.00851	0.00241	0.00351	0.11051	0.00505	0.00456
65	0.01301	0.01056	0.02822	0.02662	0.01204	0.07133	0.00736	0.16836	0.11194	0.02113	0.03847	0.12495	0.01724	0.08136	0.03700	0.00228	0.00518	0.00696	0.20955	0.00645
66	0.00789	0.00540	0.00603	0.00602	0.00625	0.00529	0.00349	0.00811	0.00873	0.01148	0.04162	0.03814	0.09823	0.70235	0.02537	0.00491	0.00503	0.00848	0.00361	0.00354
67	0.01868	0.01404	0.01511	0.01181	0.01587	0.01530	0.00958	0.56618	0.10777	0.03077	0.01433	0.01538	0.01082	0.05469	0.00680	0.00184	0.00570	0.00518	0.00524	0.07494
68	0.03542	0.01201	0.01664	0.04671	0.01594	0.03152	0.06880	0.06420	0.01065	0.01626	0.00927	0.01330	0.00820	0.00837	0.01369	0.00214	0.52521	0.00495	0.09040	0.00631
69	0.45109	0.06019	0.07024	0.05529	0.04521	0.01301	0.02187	0.07188	0.01159	0.07397	0.00996	0.01208	0.00780	0.03898	0.00573	0.00187	0.03501	0.00394	0.00354	0.00676
70	0.08044	0.02589	0.01509	0.21322	0.12455	0.08954	0.02833	0.08397	0.11842	0.01901	0.03030	0.02030	0.09145	0.00709	0.00550	0.00177	0.00613	0.02820	0.00378	0.00703

[dist]
# distance from previous block
# <min> <max>
3	14

[block]
# block no. 2 follows, 43 sequences, length 27
# corresponding to MSA columns:
# 243-269
name=unknown_C
#
# <colnr> <probs for GDERKNQSTAVLIFYWHMCP>
#	G	D	E	R	K	N	Q	S	T	A	V	L	I	F	Y	W	H	M	C	P
0	0.18362	0.05717	0.07116	0.01361	0.12079	0.15188	0.00998	0.04965	0.06512	0.06092	0.06275	0.04108	0.01272	0.00641	0.00488	0.00162	0.00588	0.00494	0.05569	0.02012
1	0.04406	0.47339	0.10975	0.01305	0.06444	0.06724	0.04554	0.05336	0.01227	0.01563	0.00859	0.01026	0.00735	0.00525	0.00499	0.00143	0.04982	0.00362	0.00264	0.00733
2	0.00965	0.00775	0.00870	0.02728	0.00933	0.05351	0.02190	0.02135	0.00973	0.01305	0.01807	0.06907	0.04661	0.47557	0.02005	0.00393	0.08151	0.02871	0.06989	0.00435
3	0.15164	0.01069	0.01138	0.00975	0.01306	0.01152	0.00776	0.11274	0.29135	0.16573	0.04187	0.04230	0.09101	0.00792	0.00540	0.00180	0.00440	0.00634	0.00544	0.00790
4	0.01277	0.01316	0.06680	0.21824	0.39344	0.05023	0.01499	0.01649	0.03869	0.03531	0.01309	0.06331	0.02692	0.00624	0.00559	0.00174	0.00664	0.00568	0.00305	0.00763
5	0.06463	0.01631	0.01529	0.09821	0.01859	0.18243	0.01060	0.33435	0.14012	0.02495	0.01292	0.01366	0.00967	0.00646	0.00565	0.00169	0.02727	0.00476	0.00443	0.00802
6	0.05402	0.01220	0.02029	0.22384	0.54842	0.01291	0.01604	0.01624	0.01207	0.01743	0.01014	0.01374	0.00828	0.00510	0.00539	0.00170	0.00667	0.00484	0.00270	0.00797
7	0.01589	0.00839	0.01049	0.00902	0.01182	0.00802	0.00707	0.05587	0.11785	0.32306	0.17794	0.13769	0.07324	0.00981	0.00605	0.00183	0.00397	0.00839	0.00611	0.00747
8	0.02193	0.00969	0.01296	0.01091	0.04866	0.00885	0.00842	0.07115	0.04380	0.58726	0.09776	0.02065	0.01730	0.00724	0.00567	0.00172	0.00466	0.00599	0.00646	0.00894
9	0.01190	0.12670	0.56217	0.01618	0.02351	0.01421	0.13529	0.01745	0.01186	0.01699	0.00985	0.01185	0.00725	0.00510	0.00525	0.00170	0.00808	0.00434	0.00242	0.00793
10	0.14989	0.01209	0.01205	0.01006	0.01340	0.09567	0.00802	0.14530	0.09078	0.23672	0.13229	0.01900	0.01724	0.00746	0.00568	0.02070	0.00510	0.00558	0.00531	0.00767
11	0.00689	0.00501	0.00650	0.00743	0.00802	0.00462	0.00507	0.00812	0.01150	0.01536	0.13823	0.62941	0.10097	0.01621	0.00695	0.00214	0.00309	0.01458	0.00528	0.00462
12	0.02042	0.01428	0.01544	0.01194	0.01610	0.01561	0.00983	0.64551	0.02421	0.08089	0.01423	0.01425	0.01008	0.00665	0.00541	0.00163	0.00572	0.00504	0.07370	0.00907
13	0.01123	0.01063	0.01800	0.61239	0.21179	0.01251	0.01576	0.01483	0.01144	0.01508	0.00998	0.01451	0.00771	0.00539	0.00552	0.00180	0.00719	0.00492	0.00253	0.00677
14	0.01371	0.01316	0.02248	0.03399	0.77081	0.01316	0.01700	0.01700	0.01261	0.01809	0.01042	0.01371	0.00877	0.00493	0.00548	0.00164	0.00658	0.00493	0.00274	0.00877
15	0.02022	0.00880	0.01163	0.00933	0.01287	0.00795	0.00755	0.02355	0.07592	0.54872	0.18579	0.02394	0.02244	0.00789	0.00579	0.00173	0.00422	0.00660	0.00659	0.00845
16	0.00664	0.00561	0.00574	0.00571	0.00754	0.00472	0.00428	0.00813	0.01285	0.01549	0.10838	0.05242	0.71596	0.01383	0.00654	0.00186	0.00279	0.01157	0.00521	0.00472
17	0.01046	0.00984	0.01661	0.79205	0.03814	0.01230	0.01538	0.01415	0.01107	0.01415	0.00984	0.01477	0.00738	0.00554	0.00554	0.00185	0.00738	0.00492	0.00246	0.00615
18	0.08691	0.00973	0.01171	0.00964	0.01317	0.00963	0.00776	0.04013	0.19402	0.41185	0.12500	0.02151	0.01914	0.00749	0.00554	0.00176	0.00433	0.00613	0.00615	0.00840
19	0.00685	0.00489	0.00654	0.00783	0.00819	0.00459	0.00532	0.00789	0.01070	0.01425	0.03047	0.76752	0.03641	0.01726	0.00710	0.00226	0.00330	0.04897	0.00514	0.00453
20	0.00702	0.00569	0.00627	0.00628	0.00798	0.00493	0.00482	0.00877	0.01328	0.01662	0.20364	0.05156	0.55573	0.01356	0.00664	0.00190	0.00296	0.07218	0.00534	0.00483
21	0.02065	0.01512	0.01625	0.01257	0.01691	0.01672	0.01035	0.68503	0.07600	0.05238	0.01414	0.01394	0.01004	0.00671	0.00555	0.00168	0.00594	0.00509	0.00558	0.00937
22	0.03025	0.01235	0.01722	0.05204	0.37802	0.04159	0.01273	0.11903	0.06355	0.08050	0.01398	0.01725	0.01121	0.00617	0.00540	0.00168	0.00589	0.03864	0.08437	0.00815
23	0.65672	0.13256	0.01190	0.00810	0.01173	0.05132	0.00687	0.03636	0.01045	0.02278	0.00790	0.00914	0.00631	0.00515	0.00358	0.00162	0.00486	0.00307	0.00330	0.00628
24	0.02353	0.00913	0.01243	0.00963	0.01368	0.00791	0.00791	0.02571	0.01584	0.71633	0.07968	0.02060	0.01670	0.00720	0.00564	0.00172	0.00455	0.00591	0.00680	0.00910
25	0.84448	0.01071	0.00814	0.00728	0.01071	0.01242	0.00600	0.01628	0.00943	0.02485	0.00771	0.00900	0.00600	0.00514	0.00343	0.00171	0.00428	0.00300	0.00343	0.00600
26	0.09964	0.01442	0.01525	0.01183	0.01606	0.01590	0.00976	0.62356	0.02349	0.06771	0.01332	0.01339	0.00945	0.00651	0.00528	0.00166	0.00574	0.00483	0.03325	0.00895

[dist]
# distance from previous block
# <min> <max>
2	3

[block]
# block no. 3 follows, 43 sequences, length 33
# corresponding to MSA columns:
# 273-285,287-306
name=unknown_D
#
# <colnr> <probs for GDERKNQSTAVLIFYWHMCP>
#	G	D	E	R	K	N	Q	S	T	A	V	L	I	F	Y	W	H	M	C	P
0	0.04157	0.01055	0.01245	0.01032	0.03883	0.00984	0.00793	0.05502	0.19258	0.19260	0.03223	0.01609	0.01251	0.00588	0.00495	0.00139	0.00446	0.00479	0.00481	0.34119
1	0.84448	0.01071	0.00814	0.00728	0.01071	0.01242	0.00600	0.01628	0.00943	0.02485	0.00771	0.00900	0.00600	0.00514	0.00343	0.00171	0.00428	0.00300	0.00343	0.00600
2	0.01148	0.00984	0.01148	0.00820	0.01312	0.00738	0.00656	0.01395	0.01148	0.01805	0.00984	0.01148	0.00820	0.00410	0.00410	0.00082	0.00410	0.00328	0.00328	0.83922
3	0.01476	0.01146	0.01226	0.01083	0.01385	0.02932	0.00865	0.18737	0.36657	0.05604	0.02256	0.04640	0.05333	0.00871	0.00584	0.00187	0.00480	0.09309	0.04434	0.00797
4	0.01324	0.01268	0.02163	0.14407	0.66442	0.01303	0.01676	0.01658	0.01239	0.01752	0.01033	0.01386	0.00857	0.00502	0.00549	0.00167	0.00670	0.00493	0.00270	0.00839
5	0.00675	0.00482	0.00643	0.00771	0.00803	0.00450	0.00514	0.00771	0.01060	0.01414	0.03053	0.80175	0.03663	0.01735	0.00707	0.00225	0.00321	0.01574	0.00514	0.00450
6	0.00805	0.00537	0.00604	0.00604	0.00604	0.00537	0.00336	0.00805	0.00805	0.01074	0.01745	0.03624	0.02013	0.80536	0.02819	0.00537	0.00537	0.00805	0.00336	0.00336
7	0.00694	0.00505	0.00655	0.00746	0.00809	0.00467	0.00515	0.00822	0.01160	0.01547	0.14204	0.60091	0.10898	0.01609	0.00695	0.00214	0.00313	0.03064	0.00528	0.00464
8	0.00714	0.00507	0.00673	0.00792	0.00834	0.00482	0.00551	0.00824	0.01070	0.01420	0.02937	0.64442	0.03473	0.07731	0.00876	0.00253	0.00363	0.11110	0.00500	0.00449
9	0.00770	0.00569	0.00721	0.00692	0.00831	0.00520	0.00525	0.01013	0.01509	0.02087	0.62795	0.04412	0.15737	0.01191	0.00659	0.00180	0.00276	0.04410	0.00591	0.00514
10	0.01287	0.01320	0.04641	0.16106	0.48196	0.01339	0.09503	0.01632	0.01204	0.01699	0.01014	0.01383	0.00832	0.00539	0.00659	0.00177	0.06901	0.00507	0.00266	0.00795
11	0.02181	0.00899	0.01161	0.00913	0.01285	0.00814	0.00747	0.07057	0.01569	0.58218	0.02057	0.01884	0.01353	0.00676	0.00524	0.00163	0.00439	0.00545	0.16653	0.00860
12	0.01224	0.01037	0.01205	0.00881	0.01349	0.00855	0.00708	0.06621	0.03364	0.01923	0.01037	0.01189	0.00851	0.00455	0.00469	0.00096	0.02900	0.00353	0.00348	0.73137
13	0.03396	0.01224	0.01320	0.01046	0.01420	0.01297	0.00845	0.40797	0.09818	0.04221	0.03843	0.01615	0.01225	0.02201	0.00556	0.00159	0.00498	0.00510	0.11628	0.12380
14	0.01707	0.01321	0.01420	0.01171	0.01524	0.01489	0.00941	0.39891	0.30223	0.02851	0.01743	0.04258	0.01332	0.00741	0.00590	0.00177	0.02688	0.00583	0.04480	0.00871
15	0.00743	0.00521	0.00612	0.00656	0.00689	0.00499	0.00406	0.00792	0.00947	0.01240	0.02656	0.29813	0.11621	0.44224	0.01840	0.00389	0.00433	0.01110	0.00418	0.00390
16	0.02043	0.02471	0.01584	0.01411	0.01704	0.67266	0.01073	0.10144	0.01657	0.01587	0.00903	0.01042	0.00739	0.00595	0.00552	0.00149	0.03717	0.00377	0.00313	0.00673
17	0.00847	0.00666	0.01089	0.01032	0.01163	0.00624	0.12292	0.01011	0.01118	0.03851	0.02668	0.58725	0.03063	0.04262	0.00771	0.00230	0.00440	0.05161	0.00476	0.00511
18	0.01148	0.00992	0.01179	0.02744	0.01378	0.00781	0.00696	0.01393	0.01138	0.01780	0.00976	0.01158	0.00815	0.00432	0.00459	0.00090	0.02965	0.00337	0.00323	0.79217
19	0.00824	0.00674	0.01080	0.01035	0.01164	0.00640	0.11729	0.03075	0.01155	0.01542	0.02706	0.61651	0.03133	0.01502	0.00698	0.00219	0.00433	0.05749	0.00480	0.00512
20	0.01236	0.10867	0.01875	0.01407	0.01487	0.01717	0.03761	0.01378	0.00899	0.01343	0.00768	0.01210	0.00748	0.00983	0.03789	0.00244	0.64952	0.00471	0.00245	0.00620
21	0.00805	0.00537	0.00604	0.00604	0.00604	0.00537	0.00336	0.00805	0.00805	0.01074	0.01745	0.03624	0.02013	0.80536	0.02819	0.00537	0.00537	0.00805	0.00336	0.00336
22	0.00792	0.00548	0.00702	0.00786	0.00848	0.00523	0.00535	0.04302	0.01135	0.03328	0.02932	0.68712	0.04939	0.06080	0.00814	0.00238	0.00350	0.01448	0.00510	0.00479
23	0.01148	0.00984	0.01148	0.00820	0.01312	0.00738	0.00656	0.01395	0.01148	0.01805	0.00984	0.01148	0.00820	0.00410	0.00410	0.00082	0.00410	0.00328	0.00328	0.83922
24	0.01361	0.01306	0.02230	0.05740	0.74819	0.01313	0.01695	0.01691	0.01256	0.01797	0.01040	0.01374	0.00873	0.00495	0.00548	0.00165	0.00660	0.00493	0.00273	0.00869
25	0.01046	0.00984	0.01661	0.79205	0.03814	0.01230	0.01538	0.01415	0.01107	0.01415	0.00984	0.01477	0.00738	0.00554	0.00554	0.00185	0.00738	0.00492	0.00246	0.00615
26	0.01428	0.69836	0.13478	0.01037	0.01559	0.02063	0.01103	0.01672	0.01132	0.01367	0.00802	0.00928	0.00709	0.00481	0.00380	0.00127	0.00624	0.00312	0.00236	0.00726
27	0.00805	0.00540	0.00619	0.00619	0.00625	0.00545	0.00355	0.00815	0.00810	0.01085	0.01731	0.03546	0.01980	0.76415	0.06894	0.00556	0.00588	0.00794	0.00333	0.00344
28	0.01100	0.01052	0.01777	0.63127	0.11036	0.01280	0.03972	0.01450	0.01110	0.01461	0.00975	0.01447	0.00755	0.00576	0.00651	0.00187	0.06653	0.00497	0.00250	0.00645
29	0.00824	0.00631	0.00955	0.00922	0.01027	0.00729	0.02726	0.01019	0.00903	0.01309	0.01473	0.02200	0.01383	0.07746	0.68253	0.00815	0.03642	0.00601	0.02344	0.00497
30	0.04981	0.01906	0.01580	0.01302	0.01680	0.29026	0.01035	0.43175	0.05612	0.02638	0.01184	0.01231	0.00883	0.00630	0.00527	0.00159	0.00734	0.00447	0.00451	0.00820
31	0.01327	0.01300	0.02076	0.21337	0.56086	0.04941	0.01631	0.01656	0.01239	0.01694	0.01019	0.01378	0.00836	0.00511	0.00547	0.00168	0.00693	0.00487	0.00268	0.00804
32	0.01361	0.01306	0.02231	0.05601	0.74953	0.01313	0.01695	0.01691	0.01257	0.01798	0.01040	0.01374	0.00873	0.00495	0.00548	0.00165	0.00660	0.00493	0.00273	0.00870

[dist]
# distance from previous block
# <min> <max>
0	10

[block]
# block no. 4 follows, 43 sequences, length 17
# corresponding to MSA columns:
# 317-332,335
name=unknown_E
#
# <colnr> <probs for GDERKNQSTAVLIFYWHMCP>
#	G	D	E	R	K	N	Q	S	T	A	V	L	I	F	Y	W	H	M	C	P
0	0.00726	0.00574	0.00664	0.03041	0.00859	0.00517	0.00485	0.00906	0.01330	0.01721	0.30964	0.04633	0.42156	0.08006	0.00835	0.00212	0.00309	0.01056	0.00525	0.00481
1	0.00905	0.00657	0.00912	0.00829	0.01000	0.00613	0.04613	0.03279	0.01497	0.05059	0.50611	0.10438	0.10586	0.01163	0.00658	0.00185	0.00339	0.05534	0.00571	0.00552
2	0.01148	0.00984	0.01148	0.00820	0.01312	0.00738	0.00656	0.01395	0.01148	0.01805	0.00984	0.01148	0.00820	0.00410	0.00410	0.00082	0.00410	0.00328	0.00328	0.83922
3	0.00824	0.00600	0.00788	0.00797	0.00868	0.00586	0.03318	0.04176	0.01087	0.01452	0.06162	0.37995	0.04325	0.29594	0.01447	0.00330	0.00438	0.04317	0.00448	0.00449
4	0.04243	0.01232	0.02020	0.32387	0.26984	0.04350	0.11988	0.01591	0.01188	0.01642	0.01018	0.01407	0.00808	0.00542	0.00610	0.00178	0.04306	0.00504	0.02288	0.00716
5	0.00722	0.00516	0.00696	0.00813	0.00870	0.00490	0.00586	0.00859	0.01132	0.01509	0.07545	0.61611	0.03669	0.01660	0.00715	0.00227	0.00353	0.15042	0.00519	0.00466
6	0.01201	0.01095	0.01599	0.29912	0.04662	0.04306	0.06693	0.06251	0.01172	0.01617	0.01140	0.05369	0.00984	0.00773	0.00906	0.03576	0.18810	0.00553	0.08761	0.00620
7	0.00718	0.00545	0.00590	0.00600	0.00700	0.00494	0.00399	0.00804	0.01077	0.01347	0.05878	0.11352	0.39531	0.31842	0.01491	0.00325	0.00382	0.01061	0.00448	0.00417
8	0.01441	0.01341	0.02041	0.12159	0.53455	0.03904	0.01546	0.10352	0.04808	0.01967	0.01117	0.01398	0.00900	0.00535	0.00549	0.00167	0.00663	0.00495	0.00317	0.00845
9	0.01119	0.00627	0.00662	0.03037	0.00840	0.00650	0.00481	0.08064	0.01273	0.02122	0.01734	0.02064	0.01387	0.04984	0.00540	0.00156	0.00320	0.00530	0.68862	0.00549
10	0.03752	0.01367	0.01936	0.29505	0.30979	0.09822	0.05477	0.07371	0.01339	0.01769	0.01020	0.01357	0.00805	0.00536	0.00545	0.00171	0.00728	0.00482	0.00290	0.00749
11	0.01573	0.01235	0.01348	0.01308	0.08654	0.06417	0.00941	0.12970	0.33304	0.11521	0.02266	0.02306	0.08973	0.00793	0.00573	0.00180	0.00513	0.03780	0.00523	0.00822
12	0.03948	0.05633	0.04347	0.06951	0.11991	0.01285	0.26610	0.06448	0.01361	0.13963	0.01228	0.01429	0.00907	0.00536	0.00593	0.00167	0.02999	0.00524	0.00361	0.08719
13	0.11966	0.28600	0.04357	0.01091	0.01438	0.23253	0.02719	0.01691	0.01241	0.01550	0.04951	0.01431	0.05063	0.00812	0.04804	0.00189	0.03467	0.00432	0.00302	0.00644
14	0.01186	0.01140	0.01690	0.07828	0.05021	0.07597	0.19949	0.05408	0.01272	0.01709	0.05010	0.13807	0.03622	0.04167	0.03714	0.00223	0.05896	0.00742	0.06825	0.03194
15	0.03742	0.05456	0.27429	0.01610	0.08266	0.01240	0.15146	0.08139	0.01397	0.09916	0.07050	0.01752	0.05103	0.00629	0.00560	0.00173	0.00681	0.00560	0.00367	0.00782
16	0.09701	0.00817	0.01050	0.08990	0.07307	0.00867	0.00887	0.01416	0.10383	0.01794	0.06268	0.05429	0.12422	0.01126	0.00674	0.02505	0.00479	0.26841	0.00452	0.00590

[dist]
# distance from previous block
# <min> <max>
1	19

[block]
# block no. 5 follows, 43 sequences, length 26
# corresponding to MSA columns:
# 355-380
name=unknown_F
#
# <colnr> <probs for GDERKNQSTAVLIFYWHMCP>
#	G	D	E	R	K	N	Q	S	T	A	V	L	I	F	Y	W	H	M	C	P
0	0.03964	0.37953	0.12549	0.01133	0.01614	0.10529	0.01098	0.14477	0.02937	0.04129	0.01078	0.01161	0.02259	0.00555	0.00446	0.00142	0.00651	0.00386	0.00327	0.02611
1	0.01786	0.02849	0.01485	0.01161	0.01523	0.01463	0.00954	0.48977	0.05937	0.05012	0.01472	0.03574	0.01158	0.00823	0.02739	0.00189	0.05304	0.03038	0.05873	0.04683
2	0.02828	0.04918	0.01469	0.03335	0.06908	0.04867	0.00959	0.16828	0.31699	0.10669	0.04312	0.01788	0.01419	0.02200	0.00585	0.00177	0.00527	0.00555	0.00505	0.03450
3	0.04407	0.01251	0.03007	0.01100	0.01455	0.02420	0.02733	0.39016	0.07304	0.05307	0.05466	0.09789	0.04283	0.00805	0.00557	0.00170	0.00517	0.00657	0.05496	0.04259
4	0.04546	0.26574	0.10442	0.01220	0.01651	0.22510	0.01110	0.17329	0.03425	0.01894	0.00988	0.01106	0.00795	0.00642	0.02183	0.00164	0.01958	0.00386	0.00330	0.00747
5	0.01560	0.54139	0.08016	0.01124	0.01555	0.17918	0.01069	0.01761	0.01204	0.01349	0.00802	0.00951	0.00712	0.00527	0.00485	0.00135	0.05420	0.00328	0.00247	0.00698
6	0.00966	0.02698	0.00874	0.00840	0.00970	0.02769	0.00618	0.06868	0.01288	0.04594	0.12544	0.42299	0.04270	0.05941	0.02511	0.00237	0.00420	0.06416	0.00504	0.02371
7	0.00698	0.00599	0.00602	0.00595	0.00790	0.00522	0.00448	0.00923	0.05743	0.01545	0.05409	0.05135	0.72355	0.01364	0.00649	0.00187	0.00290	0.01136	0.00517	0.00492
8	0.00975	0.00488	0.00682	0.00682	0.00707	0.00488	0.00463	0.00830	0.00806	0.01173	0.01124	0.01757	0.01050	0.01679	0.01824	0.67847	0.00438	0.00488	0.16206	0.00293
9	0.00800	0.00547	0.00652	0.00644	0.00677	0.00546	0.00399	0.00865	0.00958	0.01310	0.16096	0.03611	0.02580	0.59434	0.08234	0.00495	0.00557	0.00827	0.00385	0.00384
10	0.17229	0.01413	0.02798	0.02027	0.02545	0.01370	0.60809	0.01746	0.01237	0.01910	0.01054	0.01380	0.00794	0.00476	0.00594	0.00184	0.00837	0.00586	0.00292	0.00719
11	0.01098	0.00645	0.00657	0.00633	0.00797	0.00681	0.00481	0.01607	0.15509	0.02113	0.01892	0.02065	0.01471	0.00666	0.00421	0.00140	0.00293	0.00537	0.67707	0.00585
12	0.01141	0.01128	0.02050	0.53954	0.13816	0.01275	0.15642	0.01523	0.01167	0.01539	0.01018	0.01465	0.00777	0.00529	0.00572	0.00182	0.00765	0.00523	0.00257	0.00677
13	0.01371	0.01260	0.01668	0.01404	0.01492	0.01673	0.01167	0.15476	0.01186	0.01745	0.00863	0.01261	0.00786	0.00998	0.03660	0.00245	0.62285	0.00490	0.00304	0.00667
14	0.01121	0.00802	0.01046	0.15822	0.01567	0.00838	0.00800	0.01614	0.14855	0.10782	0.29608	0.03167	0.13857	0.00941	0.00607	0.00180	0.00412	0.00809	0.00527	0.00645
15	0.01022	0.00635	0.00724	0.00660	0.00886	0.00541	0.00510	0.01193	0.01365	0.16141	0.14434	0.04511	0.52862	0.01229	0.00636	0.00182	0.00314	0.01029	0.00560	0.00566
16	0.01253	0.01115	0.01884	0.12177	0.53479	0.01146	0.01447	0.01477	0.01139	0.01599	0.01019	0.01444	0.00876	0.00775	0.00858	0.16200	0.00634	0.00491	0.00264	0.00723
17	0.68508	0.01098	0.00983	0.00867	0.01144	0.01329	0.00717	0.01571	0.00924	0.02264	0.00763	0.00959	0.00624	0.00601	0.00625	0.00185	0.15575	0.00335	0.00324	0.00601
18	0.00768	0.00591	0.00735	0.00761	0.00902	0.00511	0.00538	0.00901	0.01106	0.01504	0.02956	0.54626	0.11762	0.01438	0.00645	0.00194	0.00338	0.02809	0.00478	0.16438
19	0.05123	0.01024	0.01418	0.01411	0.15864	0.00925	0.00947	0.02245	0.03547	0.45152	0.03397	0.01696	0.01261	0.00613	0.00528	0.00157	0.00491	0.00513	0.00536	0.13153
20	0.05388	0.00923	0.01066	0.00942	0.01094	0.01058	0.00729	0.17991	0.01338	0.01962	0.01664	0.07023	0.03640	0.19609	0.01314	0.00271	0.15608	0.04302	0.13493	0.00586
21	0.02877	0.01375	0.02097	0.11298	0.27507	0.09011	0.17540	0.01841	0.05136	0.07460	0.01193	0.01459	0.00925	0.00557	0.00614	0.00173	0.04153	0.00524	0.03489	0.00769
22	0.01511	0.01113	0.01321	0.02849	0.01478	0.05687	0.06145	0.08892	0.25730	0.16099	0.04174	0.16941	0.03775	0.00910	0.00596	0.00187	0.00505	0.00790	0.00532	0.00764
23	0.01388	0.01261	0.05686	0.01486	0.15954	0.01127	0.01043	0.18850	0.01502	0.02162	0.01211	0.05302	0.01040	0.00601	0.00547	0.00139	0.03253	0.01922	0.00376	0.35151
24	0.01401	0.03175	0.07823	0.01072	0.01417	0.15762	0.00903	0.09185	0.07373	0.05832	0.07042	0.13617	0.02690	0.00826	0.00549	0.00160	0.00566	0.03418	0.00428	0.16760
25	0.01233	0.02280	0.50098	0.01392	0.02044	0.04157	0.01609	0.01969	0.14878	0.03850	0.01280	0.01424	0.00951	0.00578	0.00525	0.00168	0.00702	0.01593	0.00322	0.08948

[dist]
# distance from previous block
# <min> <max>
0	13

# created by:
# /st0/software/busco_prod/Augustus/scripts/msa2prfl.pl ./align_prep/187746.fa
