[name]
unknown

[dist]
# distance from previous block
# <min> <max>
5	67

[block]
# block no. 0 follows, 45 sequences, length 20
# corresponding to MSA columns:
# 78-97
name=unknown_A
#
# <colnr> <probs for GDERKNQSTAVLIFYWHMCP>
#	G	D	E	R	K	N	Q	S	T	A	V	L	I	F	Y	W	H	M	C	P
0	0.00837	0.03493	0.01018	0.00909	0.01005	0.00764	0.04559	0.00982	0.00911	0.01265	0.01682	0.14829	0.01782	0.19093	0.34922	0.00556	0.07141	0.03453	0.00329	0.00470
1	0.04537	0.00993	0.01142	0.00950	0.01273	0.01017	0.00763	0.16262	0.17393	0.27248	0.03663	0.02310	0.08596	0.03799	0.00626	0.00184	0.00447	0.03312	0.04704	0.00780
2	0.10223	0.00691	0.00835	0.00826	0.03634	0.00666	0.00597	0.01324	0.03851	0.13481	0.26943	0.15646	0.12498	0.04003	0.00667	0.00192	0.00348	0.02474	0.00522	0.00576
3	0.15005	0.00954	0.01173	0.00929	0.01321	0.00900	0.00762	0.02477	0.07993	0.59902	0.01913	0.01695	0.01241	0.00644	0.00508	0.00167	0.00448	0.00507	0.00603	0.00857
4	0.84927	0.01038	0.00789	0.00706	0.01038	0.01204	0.00581	0.01578	0.00914	0.02408	0.00747	0.00872	0.00581	0.00498	0.00332	0.00166	0.00415	0.00291	0.00332	0.00581
5	0.35679	0.00772	0.00763	0.00734	0.00937	0.00826	0.00556	0.01321	0.04355	0.05459	0.16858	0.22404	0.02381	0.04019	0.00594	0.00194	0.00362	0.00791	0.00451	0.00545
6	0.75070	0.01045	0.00857	0.00746	0.01089	0.01187	0.00615	0.04394	0.01024	0.08700	0.00880	0.00966	0.00655	0.00517	0.00357	0.00166	0.00425	0.00318	0.00367	0.00621
7	0.00743	0.00505	0.00596	0.00633	0.00642	0.00496	0.00376	0.00771	0.00853	0.01138	0.02064	0.26224	0.02421	0.57782	0.02130	0.00432	0.00459	0.01000	0.00376	0.00358
8	0.00786	0.00548	0.00643	0.00672	0.00806	0.00486	0.00491	0.00914	0.01158	0.06664	0.04012	0.29742	0.38734	0.05741	0.00766	0.00215	0.00327	0.06321	0.00500	0.00475
9	0.03437	0.00602	0.00748	0.00768	0.00891	0.00571	0.00549	0.04963	0.01204	0.10113	0.07998	0.51483	0.09619	0.03534	0.00697	0.00209	0.00344	0.01232	0.00516	0.00522
10	0.00691	0.00559	0.00621	0.00640	0.00792	0.00499	0.00479	0.00890	0.04001	0.01550	0.12281	0.17651	0.49995	0.01371	0.00646	0.00190	0.00296	0.05863	0.00510	0.00473
11	0.68049	0.01035	0.00896	0.00767	0.01117	0.01152	0.00632	0.04552	0.01078	0.15075	0.00996	0.01047	0.00718	0.00531	0.00375	0.00166	0.00429	0.00339	0.00395	0.00649
12	0.03471	0.00933	0.01181	0.00959	0.01311	0.00882	0.00781	0.10257	0.06402	0.50578	0.02186	0.04888	0.04099	0.03519	0.00633	0.00187	0.00462	0.05847	0.00602	0.00822
13	0.00869	0.00537	0.00738	0.00750	0.00786	0.00552	0.00520	0.02856	0.00884	0.01181	0.01795	0.22658	0.06417	0.04835	0.05086	0.44249	0.03804	0.00803	0.00334	0.00348
14	0.01106	0.02574	0.66895	0.01642	0.02397	0.01264	0.13239	0.01703	0.01154	0.01703	0.00982	0.01181	0.00700	0.00501	0.00529	0.00172	0.00810	0.00433	0.00233	0.00783
15	0.06350	0.01215	0.01369	0.01073	0.01456	0.01278	0.00875	0.44054	0.02021	0.24135	0.03939	0.04277	0.01267	0.03432	0.00610	0.00177	0.00522	0.00550	0.00555	0.00847
16	0.00668	0.00491	0.00606	0.00687	0.00746	0.00451	0.00461	0.00764	0.01052	0.01370	0.05484	0.54686	0.17892	0.10904	0.00913	0.00245	0.00326	0.01346	0.00481	0.00428
17	0.01344	0.05092	0.01286	0.02781	0.05324	0.03701	0.02432	0.13239	0.14725	0.07743	0.04880	0.06657	0.09591	0.02395	0.00579	0.00167	0.00472	0.02927	0.03296	0.11368
18	0.01588	0.01203	0.01424	0.01139	0.01472	0.01293	0.04788	0.44438	0.03944	0.04120	0.08225	0.11776	0.03667	0.00830	0.00618	0.00171	0.03854	0.00680	0.00503	0.04269
19	0.01541	0.01085	0.01278	0.08169	0.01547	0.01167	0.00875	0.34409	0.06812	0.09677	0.12855	0.06970	0.03180	0.02506	0.03557	0.00202	0.00532	0.00652	0.00509	0.02480

[dist]
# distance from previous block
# <min> <max>
1	37

[block]
# block no. 1 follows, 45 sequences, length 26
# corresponding to MSA columns:
# 137-162
name=unknown_B
#
# <colnr> <probs for GDERKNQSTAVLIFYWHMCP>
#	G	D	E	R	K	N	Q	S	T	A	V	L	I	F	Y	W	H	M	C	P
0	0.03008	0.03780	0.01390	0.03380	0.03207	0.10915	0.02016	0.18863	0.01520	0.06440	0.06093	0.01443	0.01139	0.02818	0.00602	0.00145	0.04348	0.00447	0.00391	0.28055
1	0.01310	0.01073	0.01330	0.04183	0.14266	0.05650	0.03230	0.14934	0.10878	0.03949	0.01548	0.10250	0.01440	0.13724	0.02820	0.07138	0.00579	0.00655	0.00393	0.00650
2	0.03744	0.01223	0.01275	0.01035	0.01358	0.07767	0.00822	0.28232	0.03223	0.03588	0.02892	0.04546	0.01154	0.05514	0.07123	0.00225	0.05197	0.00506	0.00411	0.20164
3	0.01362	0.01099	0.01369	0.05719	0.05077	0.01185	0.02929	0.27016	0.06764	0.02246	0.06875	0.14402	0.01632	0.00828	0.00671	0.00171	0.08169	0.00676	0.00441	0.11370
4	0.08981	0.07798	0.01432	0.04784	0.01472	0.05831	0.00896	0.26679	0.04920	0.02208	0.01276	0.08651	0.01118	0.01865	0.00680	0.00170	0.10360	0.00535	0.03606	0.06738
5	0.00924	0.00688	0.00818	0.00795	0.00951	0.00670	0.00585	0.11223	0.01305	0.03287	0.06153	0.42254	0.18260	0.01327	0.00661	0.00191	0.02556	0.01154	0.00493	0.05706
6	0.01232	0.01282	0.12084	0.16122	0.04046	0.01163	0.03349	0.16378	0.13694	0.01971	0.01703	0.03700	0.07204	0.05898	0.05023	0.00231	0.00631	0.00588	0.00385	0.03316
7	0.03252	0.00698	0.00839	0.00792	0.00881	0.00753	0.00560	0.07645	0.01032	0.01465	0.01755	0.19477	0.01923	0.33825	0.08357	0.00382	0.08170	0.00824	0.02983	0.04388
8	0.02727	0.00636	0.00728	0.00719	0.00870	0.00619	0.00534	0.07469	0.02700	0.01684	0.11787	0.22081	0.30936	0.05064	0.07141	0.00259	0.00425	0.02635	0.00484	0.00503
9	0.03562	0.00872	0.01004	0.00870	0.01113	0.00871	0.00661	0.19277	0.04369	0.11227	0.06908	0.21124	0.06411	0.10776	0.00835	0.00215	0.00431	0.00830	0.00494	0.08150
10	0.01162	0.00704	0.00851	0.00765	0.00985	0.00656	0.00594	0.05771	0.05132	0.17616	0.24772	0.10223	0.24237	0.01099	0.00612	0.00179	0.00341	0.03131	0.00564	0.00610
11	0.03900	0.00970	0.01177	0.00972	0.01293	0.00961	0.00773	0.19388	0.06007	0.36603	0.02033	0.15591	0.01670	0.04180	0.00654	0.00191	0.00463	0.01813	0.00574	0.00788
12	0.00878	0.00600	0.00717	0.00699	0.00855	0.00550	0.00519	0.03371	0.02760	0.07708	0.23682	0.21078	0.28063	0.03597	0.00697	0.00196	0.00315	0.02664	0.00533	0.00519
13	0.00688	0.00488	0.00614	0.00695	0.00731	0.00460	0.00453	0.00769	0.01001	0.01332	0.06221	0.54839	0.07044	0.20677	0.01171	0.00286	0.00357	0.01302	0.00461	0.00414
14	0.02081	0.01439	0.01571	0.01204	0.01632	0.01569	0.00995	0.67948	0.02416	0.11585	0.01380	0.01348	0.00958	0.00647	0.00537	0.00162	0.00576	0.00489	0.00551	0.00913
15	0.01193	0.00755	0.00880	0.00799	0.00969	0.00757	0.00581	0.16015	0.01341	0.11184	0.02360	0.21856	0.09912	0.23148	0.02954	0.00291	0.00462	0.00897	0.03082	0.00564
16	0.00827	0.00584	0.00718	0.00770	0.00841	0.00579	0.00526	0.08690	0.01154	0.01555	0.02576	0.59634	0.02993	0.12420	0.00941	0.00251	0.00368	0.01286	0.02815	0.00473
17	0.00951	0.00652	0.00781	0.00724	0.00787	0.00705	0.00501	0.02462	0.00965	0.05189	0.05701	0.03066	0.07859	0.45979	0.01938	0.00372	0.11565	0.00729	0.08635	0.00439
18	0.00687	0.00535	0.00616	0.00636	0.00766	0.00475	0.00467	0.00839	0.01230	0.01575	0.20328	0.17950	0.40471	0.05833	0.00767	0.00208	0.00301	0.05353	0.00509	0.00457
19	0.00923	0.00558	0.00702	0.00713	0.00839	0.00504	0.00510	0.01060	0.01189	0.12148	0.13148	0.39147	0.17291	0.05854	0.00757	0.00212	0.00327	0.01175	0.02431	0.00510
20	0.01774	0.14069	0.01601	0.01160	0.01471	0.38674	0.00920	0.18756	0.01609	0.01819	0.01047	0.01256	0.00870	0.05207	0.00595	0.00161	0.00737	0.00406	0.07195	0.00672
21	0.02036	0.07977	0.01664	0.01175	0.01605	0.01594	0.00983	0.60850	0.02285	0.12438	0.01347	0.01320	0.00946	0.00632	0.00522	0.00158	0.00573	0.00474	0.00528	0.00895
22	0.00743	0.00526	0.00661	0.00723	0.00800	0.00496	0.00497	0.00911	0.03993	0.03344	0.12409	0.52540	0.11448	0.07275	0.00813	0.00227	0.00323	0.01301	0.00503	0.00466
23	0.00738	0.00553	0.00665	0.00669	0.00774	0.00526	0.00474	0.00936	0.04077	0.01604	0.26721	0.17633	0.20708	0.15429	0.05830	0.00285	0.00394	0.01035	0.00486	0.00461
24	0.01919	0.01373	0.01495	0.01165	0.01563	0.01502	0.00956	0.61697	0.06381	0.07528	0.07624	0.01581	0.01316	0.00687	0.00546	0.00163	0.00546	0.00533	0.00549	0.00876
25	0.08058	0.00782	0.00883	0.00803	0.00987	0.00793	0.00589	0.15004	0.01327	0.11252	0.03962	0.23370	0.08322	0.20144	0.01093	0.00265	0.00435	0.00887	0.00473	0.00572

[dist]
# distance from previous block
# <min> <max>
1	13

[block]
# block no. 2 follows, 45 sequences, length 21
# corresponding to MSA columns:
# 176,177,180-192,207-212
name=unknown_C
#
# <colnr> <probs for GDERKNQSTAVLIFYWHMCP>
#	G	D	E	R	K	N	Q	S	T	A	V	L	I	F	Y	W	H	M	C	P
0	0.01528	0.00967	0.01206	0.01012	0.01283	0.01010	0.00832	0.17963	0.02864	0.20176	0.17116	0.02616	0.02136	0.00879	0.00727	0.00180	0.10218	0.10794	0.00522	0.05971
1	0.00681	0.00510	0.00701	0.00769	0.00836	0.00471	0.02695	0.00804	0.01098	0.01463	0.10409	0.65209	0.09219	0.01564	0.00675	0.00209	0.00320	0.01416	0.00501	0.00453
2	0.01441	0.01458	0.02548	0.01853	0.02351	0.06537	0.49560	0.11996	0.01448	0.04277	0.01113	0.01367	0.00833	0.00486	0.00580	0.00163	0.00794	0.00554	0.00326	0.10313
3	0.00752	0.00539	0.00688	0.00774	0.00831	0.00522	0.00527	0.05817	0.01119	0.01493	0.02797	0.72460	0.03311	0.04667	0.00754	0.00226	0.00338	0.01427	0.00494	0.00464
4	0.01299	0.01628	0.16450	0.01806	0.02373	0.01283	0.43295	0.10152	0.01365	0.01910	0.01068	0.01326	0.00798	0.00477	0.00567	0.00163	0.00778	0.00529	0.00300	0.12432
5	0.03258	0.00789	0.00956	0.09772	0.01303	0.00825	0.00707	0.08089	0.12539	0.03892	0.33025	0.05233	0.15549	0.00971	0.00592	0.00174	0.00375	0.00830	0.00516	0.00605
6	0.00787	0.00562	0.00689	0.00741	0.00835	0.00536	0.00517	0.03235	0.04611	0.03753	0.06838	0.52906	0.15226	0.05175	0.00754	0.00219	0.00330	0.01298	0.00503	0.00485
7	0.07346	0.00952	0.01171	0.00917	0.01298	0.00880	0.00746	0.09685	0.04039	0.43433	0.10755	0.01876	0.01618	0.00668	0.00518	0.00154	0.00434	0.00541	0.00569	0.12400
8	0.01048	0.00630	0.00768	0.00701	0.00904	0.00560	0.00540	0.01270	0.03037	0.16755	0.30344	0.07065	0.30578	0.01131	0.00618	0.00177	0.00311	0.02428	0.00565	0.00571
9	0.04421	0.01088	0.01335	0.01030	0.01445	0.01059	0.00850	0.23085	0.03832	0.53259	0.01852	0.01657	0.01202	0.00656	0.00534	0.00165	0.00492	0.00519	0.00617	0.00903
10	0.01605	0.00872	0.01062	0.00891	0.01167	0.00849	0.00695	0.15278	0.05046	0.30036	0.11385	0.12172	0.07187	0.08291	0.00777	0.00206	0.00430	0.00769	0.00564	0.00717
11	0.00764	0.00630	0.00694	0.00775	0.00844	0.05739	0.00528	0.00864	0.01063	0.01370	0.02818	0.65906	0.06819	0.04794	0.00743	0.00219	0.00365	0.01357	0.00470	0.03237
12	0.00781	0.00520	0.00585	0.00585	0.00585	0.00520	0.00325	0.00781	0.00781	0.01041	0.01691	0.03513	0.01952	0.81135	0.02732	0.00520	0.00520	0.00781	0.00325	0.00325
13	0.00711	0.00506	0.00655	0.00755	0.00797	0.00484	0.00510	0.02779	0.01053	0.01403	0.02792	0.68655	0.03314	0.08976	0.00872	0.00245	0.00345	0.04223	0.00483	0.00441
14	0.00700	0.00496	0.00649	0.00736	0.00779	0.00475	0.00502	0.00807	0.01042	0.01401	0.09342	0.54709	0.03339	0.13861	0.03510	0.00283	0.00386	0.06081	0.00473	0.00431
15	0.00790	0.00604	0.00883	0.00870	0.00953	0.00712	0.00671	0.00962	0.00854	0.01232	0.01418	0.02172	0.01356	0.10123	0.68561	0.00800	0.05692	0.00586	0.00288	0.00473
16	0.02154	0.01321	0.01498	0.01149	0.01574	0.01394	0.00949	0.53341	0.02219	0.26469	0.01545	0.01455	0.01041	0.00651	0.00538	0.00163	0.00549	0.00501	0.00576	0.00913
17	0.00740	0.00526	0.00648	0.00680	0.00791	0.00472	0.00486	0.00891	0.01228	0.04402	0.22942	0.36944	0.24469	0.01403	0.00652	0.00193	0.00291	0.01237	0.00528	0.00477
18	0.01280	0.00738	0.00924	0.00855	0.01050	0.00717	0.00641	0.09153	0.06137	0.20197	0.13010	0.35862	0.02796	0.03179	0.00670	0.00198	0.00379	0.01026	0.00554	0.00633
19	0.45973	0.01058	0.00985	0.00838	0.01188	0.01151	0.00676	0.06657	0.15380	0.05829	0.01204	0.03272	0.00944	0.00575	0.00414	0.00158	0.00425	0.00410	0.00404	0.12460
20	0.00700	0.00511	0.00662	0.00735	0.00776	0.00507	0.00497	0.00789	0.00976	0.01304	0.02693	0.52899	0.07740	0.15720	0.08413	0.00329	0.02630	0.01253	0.00441	0.00426

[dist]
# distance from previous block
# <min> <max>
1	11

[block]
# block no. 3 follows, 45 sequences, length 26
# corresponding to MSA columns:
# 224-249
name=unknown_D
#
# <colnr> <probs for GDERKNQSTAVLIFYWHMCP>
#	G	D	E	R	K	N	Q	S	T	A	V	L	I	F	Y	W	H	M	C	P
0	0.01331	0.02663	0.01298	0.05591	0.01486	0.00986	0.03079	0.14949	0.04316	0.06891	0.02844	0.06974	0.01187	0.02830	0.00575	0.00141	0.02440	0.00506	0.00397	0.39514
1	0.00718	0.00503	0.00640	0.00710	0.00756	0.00471	0.00469	0.00784	0.00970	0.01297	0.02569	0.52915	0.05076	0.19127	0.01197	0.04573	0.00371	0.02822	0.00440	0.03591
2	0.01189	0.00999	0.01154	0.00831	0.01304	0.00793	0.00667	0.07436	0.01228	0.01882	0.00981	0.01127	0.00805	0.00418	0.00409	0.00086	0.00413	0.00331	0.00336	0.77610
3	0.01683	0.05347	0.01432	0.02562	0.03296	0.05285	0.00895	0.38441	0.04708	0.08356	0.01476	0.08385	0.01220	0.02387	0.03493	0.00190	0.00577	0.00565	0.03340	0.06361
4	0.04449	0.01242	0.03590	0.01188	0.06838	0.01202	0.00913	0.30227	0.05439	0.02416	0.03009	0.02760	0.01026	0.00578	0.00520	0.00137	0.02845	0.00451	0.00415	0.30755
5	0.00716	0.00544	0.00659	0.00713	0.00812	0.00511	0.00509	0.00923	0.05263	0.01541	0.13395	0.41122	0.21616	0.04427	0.00738	0.00213	0.00317	0.05004	0.00507	0.00471
6	0.00723	0.00545	0.00690	0.00772	0.00839	0.00537	0.00535	0.00942	0.07223	0.01478	0.06119	0.64683	0.08218	0.01544	0.00690	0.00211	0.01893	0.01382	0.00501	0.00477
7	0.07323	0.22823	0.08061	0.01192	0.01572	0.27673	0.01047	0.13122	0.05247	0.01766	0.00945	0.01058	0.00764	0.00564	0.00516	0.00147	0.04790	0.00371	0.00315	0.00705
8	0.00668	0.00476	0.00628	0.00734	0.00770	0.00445	0.00490	0.00768	0.01051	0.01410	0.08287	0.71267	0.03578	0.05714	0.00786	0.00230	0.00318	0.01448	0.00496	0.00435
9	0.00677	0.00518	0.00622	0.00655	0.00766	0.00462	0.00469	0.00831	0.01237	0.01621	0.25038	0.32112	0.30252	0.01401	0.00652	0.00191	0.00281	0.01229	0.00525	0.00462
10	0.08016	0.00701	0.00839	0.00785	0.00977	0.00689	0.00594	0.06940	0.01275	0.18406	0.05969	0.31399	0.02265	0.01173	0.03524	0.00205	0.00402	0.00901	0.14337	0.00603
11	0.00932	0.00554	0.00730	0.00784	0.00878	0.00516	0.00547	0.01082	0.03327	0.12564	0.02784	0.65171	0.03133	0.03360	0.00708	0.00216	0.00341	0.01338	0.00520	0.00515
12	0.01072	0.00655	0.00758	0.00697	0.00785	0.00656	0.00451	0.08277	0.01044	0.09590	0.01763	0.07058	0.01865	0.60603	0.02179	0.00432	0.00510	0.00764	0.00391	0.00451
13	0.13623	0.00950	0.01195	0.00930	0.01335	0.00874	0.00768	0.04847	0.01484	0.65435	0.01904	0.01680	0.01214	0.00641	0.00511	0.00166	0.00455	0.00504	0.00615	0.00868
14	0.00781	0.00520	0.00585	0.00585	0.00585	0.00520	0.00325	0.00781	0.00781	0.01041	0.01691	0.03513	0.01952	0.81135	0.02732	0.00520	0.00520	0.00781	0.00325	0.00325
15	0.15393	0.00767	0.00886	0.00759	0.01019	0.00736	0.00599	0.03754	0.01384	0.24898	0.27054	0.02889	0.12900	0.03875	0.00630	0.00182	0.00364	0.00728	0.00545	0.00639
16	0.01136	0.02202	0.47578	0.01771	0.02447	0.01261	0.29389	0.01682	0.01197	0.01724	0.03790	0.01355	0.00889	0.00510	0.00560	0.00174	0.00815	0.00506	0.00257	0.00757
17	0.01077	0.02777	0.78354	0.01530	0.02323	0.01247	0.01983	0.01700	0.01133	0.01700	0.00963	0.01133	0.00680	0.00510	0.00510	0.00170	0.00793	0.00397	0.00227	0.00793
18	0.00762	0.00513	0.00591	0.00609	0.00613	0.00508	0.00350	0.00776	0.00816	0.01088	0.01874	0.14642	0.02182	0.69691	0.02437	0.00477	0.00490	0.00888	0.00350	0.00341
19	0.00668	0.00477	0.00628	0.00739	0.00776	0.00447	0.00497	0.00765	0.01034	0.01376	0.04453	0.71459	0.04986	0.06003	0.00797	0.00234	0.00326	0.03411	0.00491	0.00433
20	0.00765	0.00522	0.00706	0.00801	0.00858	0.00507	0.00570	0.00882	0.01060	0.04589	0.02813	0.65739	0.03278	0.01663	0.02810	0.00236	0.02422	0.08819	0.00492	0.00467
21	0.00779	0.00527	0.00621	0.00621	0.00633	0.00540	0.00369	0.00803	0.00791	0.01067	0.01659	0.03334	0.01874	0.71290	0.12471	0.00564	0.00638	0.00754	0.00320	0.00345
22	0.00981	0.00668	0.00982	0.04952	0.01161	0.00767	0.00747	0.01170	0.00948	0.09539	0.01496	0.04866	0.01357	0.04748	0.56761	0.00679	0.06717	0.00598	0.00330	0.00535
23	0.02958	0.00625	0.00791	0.00836	0.00900	0.00667	0.00597	0.03574	0.03922	0.01485	0.02606	0.59539	0.05220	0.04057	0.00846	0.00224	0.08932	0.01273	0.00463	0.00486
24	0.01218	0.01326	0.02558	0.24979	0.05812	0.04066	0.45803	0.01614	0.01201	0.01588	0.01021	0.01411	0.00778	0.00500	0.00638	0.00180	0.03798	0.00565	0.00260	0.00683
25	0.01205	0.01206	0.01663	0.51562	0.16473	0.10879	0.01414	0.03329	0.01190	0.01482	0.01032	0.04312	0.00847	0.00574	0.00535	0.00171	0.00715	0.00500	0.00265	0.00647

[dist]
# distance from previous block
# <min> <max>
0	3

[block]
# block no. 4 follows, 45 sequences, length 28
# corresponding to MSA columns:
# 254-281
name=unknown_E
#
# <colnr> <probs for GDERKNQSTAVLIFYWHMCP>
#	G	D	E	R	K	N	Q	S	T	A	V	L	I	F	Y	W	H	M	C	P
0	0.01406	0.66243	0.02538	0.00972	0.01382	0.01995	0.00927	0.01741	0.10453	0.01387	0.00922	0.01023	0.00808	0.00524	0.00462	0.00131	0.05777	0.00339	0.00269	0.00702
1	0.01420	0.06321	0.01269	0.00942	0.01307	0.03131	0.00756	0.10953	0.17323	0.11458	0.04890	0.07883	0.02752	0.00687	0.00499	0.00142	0.00446	0.00563	0.00458	0.26800
2	0.01878	0.14231	0.01612	0.01059	0.01458	0.01407	0.00892	0.33381	0.09036	0.21647	0.05278	0.01631	0.02761	0.00663	0.00514	0.00158	0.00516	0.00514	0.00522	0.00842
3	0.84927	0.01038	0.00789	0.00706	0.01038	0.01204	0.00581	0.01578	0.00914	0.02408	0.00747	0.00872	0.00581	0.00498	0.00332	0.00166	0.00415	0.00291	0.00332	0.00581
4	0.00667	0.00528	0.00601	0.00618	0.00754	0.00462	0.00450	0.00821	0.01249	0.01594	0.21471	0.21340	0.44803	0.01369	0.00645	0.00186	0.00276	0.01181	0.00520	0.00462
5	0.01077	0.02777	0.78354	0.01530	0.02323	0.01247	0.01983	0.01700	0.01133	0.01700	0.00963	0.01133	0.00680	0.00510	0.00510	0.00170	0.00793	0.00397	0.00227	0.00793
6	0.07113	0.02372	0.01456	0.01322	0.01604	0.69054	0.00997	0.02155	0.06424	0.01443	0.00914	0.01030	0.00747	0.00561	0.00479	0.00143	0.00898	0.00359	0.00298	0.00635
7	0.01053	0.01027	0.01810	0.66582	0.03485	0.01233	0.10974	0.01413	0.01087	0.01413	0.00960	0.01422	0.00728	0.00543	0.00601	0.00182	0.04135	0.00497	0.00243	0.00612
8	0.00767	0.00575	0.00863	0.00863	0.00959	0.00671	0.00671	0.00959	0.00863	0.01246	0.01438	0.02109	0.01342	0.04026	0.79008	0.00863	0.01438	0.00575	0.00288	0.00479
9	0.00799	0.00584	0.00766	0.00752	0.00792	0.00653	0.00522	0.00886	0.00817	0.01142	0.01525	0.02784	0.01621	0.44110	0.34369	0.00645	0.05849	0.00676	0.00304	0.00406
10	0.01463	0.67237	0.02551	0.00955	0.01385	0.03881	0.00915	0.08333	0.01217	0.01456	0.00841	0.00980	0.00750	0.00700	0.05252	0.00166	0.00639	0.00324	0.00262	0.00695
11	0.00675	0.00482	0.00646	0.00771	0.00811	0.00454	0.00534	0.00783	0.01048	0.01393	0.02947	0.73509	0.03505	0.01662	0.00691	0.00221	0.00329	0.08599	0.00498	0.00442
12	0.00697	0.00503	0.00655	0.00759	0.00817	0.00474	0.00541	0.00814	0.01063	0.01395	0.03069	0.56074	0.09869	0.07110	0.00832	0.00241	0.00354	0.13808	0.00486	0.00440
13	0.00671	0.00469	0.00617	0.00735	0.00771	0.00439	0.00492	0.00772	0.01032	0.01401	0.02900	0.76956	0.03445	0.01630	0.00670	0.00213	0.00308	0.01476	0.04562	0.00439
14	0.00857	0.00568	0.00747	0.00695	0.00836	0.00521	0.00523	0.01102	0.01504	0.06776	0.70383	0.06460	0.04785	0.01091	0.00629	0.00170	0.00268	0.00963	0.00592	0.00529
15	0.01113	0.00954	0.01113	0.00795	0.01272	0.00716	0.00636	0.01352	0.01113	0.01749	0.00954	0.01113	0.00795	0.00398	0.00398	0.00080	0.00398	0.00318	0.00318	0.84417
16	0.00645	0.00544	0.00559	0.00555	0.00732	0.00458	0.00416	0.00791	0.01249	0.01511	0.11653	0.05066	0.71316	0.01337	0.00634	0.00180	0.00270	0.01119	0.00506	0.00458
17	0.14203	0.00932	0.01067	0.00903	0.01209	0.00948	0.00711	0.07852	0.14282	0.32203	0.01913	0.10547	0.01532	0.06884	0.00689	0.00200	0.00440	0.00636	0.02099	0.00747
18	0.00763	0.00555	0.00652	0.00632	0.00789	0.00488	0.00472	0.00948	0.01345	0.04966	0.35254	0.10530	0.38163	0.01246	0.00634	0.00178	0.00275	0.01071	0.00544	0.00493
19	0.01001	0.00500	0.00500	0.00500	0.00625	0.00500	0.00375	0.01251	0.01126	0.02001	0.01751	0.02001	0.01376	0.00625	0.00375	0.00125	0.00250	0.00500	0.84115	0.00500
20	0.01172	0.00634	0.00819	0.00771	0.00954	0.00572	0.00577	0.01372	0.03127	0.22561	0.20163	0.30517	0.12186	0.01207	0.00624	0.00187	0.00336	0.01059	0.00566	0.00595
21	0.14462	0.00636	0.00694	0.00664	0.00787	0.00637	0.00457	0.01092	0.01031	0.07935	0.12890	0.11936	0.07718	0.35134	0.01477	0.00324	0.00418	0.00819	0.00425	0.00464
22	0.04352	0.01177	0.01307	0.01030	0.01400	0.01247	0.00843	0.41712	0.05149	0.20402	0.01577	0.01546	0.01105	0.00645	0.00506	0.00157	0.00493	0.00499	0.14019	0.00834
23	0.01428	0.01199	0.01266	0.01111	0.01431	0.01379	0.00872	0.12509	0.67009	0.02396	0.02067	0.01908	0.01543	0.00717	0.00545	0.00179	0.00447	0.00591	0.00545	0.00858
24	0.00895	0.00566	0.00723	0.00733	0.00854	0.00521	0.00540	0.01052	0.01224	0.09427	0.21854	0.27012	0.12881	0.10105	0.00882	0.00232	0.00350	0.09130	0.00519	0.00499
25	0.00799	0.00531	0.00699	0.02900	0.00901	0.00502	0.00551	0.00914	0.01070	0.06137	0.02917	0.55266	0.08704	0.08513	0.00852	0.00240	0.00362	0.07191	0.00486	0.00466
26	0.03382	0.06857	0.46865	0.01364	0.01982	0.01195	0.05580	0.01829	0.01200	0.17109	0.01250	0.04196	0.00923	0.00592	0.00557	0.00170	0.03363	0.00473	0.00330	0.00782
27	0.00897	0.00553	0.00714	0.00742	0.00857	0.00503	0.00535	0.01039	0.01193	0.11013	0.14596	0.44327	0.12891	0.03551	0.00710	0.00209	0.00329	0.04305	0.00528	0.00508

[dist]
# distance from previous block
# <min> <max>
5	9

[block]
# block no. 5 follows, 45 sequences, length 26
# corresponding to MSA columns:
# 294-319
name=unknown_F
#
# <colnr> <probs for GDERKNQSTAVLIFYWHMCP>
#	G	D	E	R	K	N	Q	S	T	A	V	L	I	F	Y	W	H	M	C	P
0	0.08418	0.01278	0.02544	0.06485	0.04943	0.16546	0.00861	0.09594	0.03059	0.07157	0.15641	0.03496	0.04894	0.00780	0.02230	0.00168	0.00567	0.00566	0.00415	0.10359
1	0.00993	0.00645	0.00824	0.00776	0.00927	0.00640	0.00573	0.03827	0.02484	0.09213	0.06256	0.16029	0.07043	0.15471	0.23348	0.00428	0.00694	0.00806	0.02864	0.06159
2	0.01459	0.00992	0.01178	0.00876	0.01325	0.00831	0.00706	0.06208	0.06582	0.18060	0.01307	0.01337	0.00974	0.00492	0.00446	0.00110	0.00424	0.00395	0.00420	0.55876
3	0.01232	0.01138	0.01682	0.28540	0.30175	0.03981	0.01321	0.04778	0.03428	0.01705	0.01060	0.01372	0.00843	0.00512	0.00506	0.00153	0.00616	0.00456	0.04454	0.12048
4	0.00707	0.00507	0.00652	0.00742	0.00793	0.00481	0.00503	0.02677	0.01083	0.01444	0.06617	0.64976	0.06102	0.07490	0.00830	0.00236	0.00333	0.02892	0.00491	0.00445
5	0.30148	0.00882	0.00954	0.00799	0.01114	0.00887	0.00647	0.04610	0.01338	0.29459	0.16976	0.02124	0.06483	0.00737	0.00493	0.00167	0.00395	0.00576	0.00521	0.00690
6	0.01014	0.00954	0.01610	0.79845	0.03697	0.01193	0.01491	0.01371	0.01073	0.01371	0.00954	0.01431	0.00716	0.00537	0.00537	0.00179	0.00716	0.00477	0.00239	0.00596
7	0.53401	0.01070	0.01013	0.00839	0.01205	0.01164	0.00692	0.11902	0.01285	0.21185	0.01158	0.01163	0.00810	0.00559	0.00411	0.00165	0.00449	0.00378	0.00442	0.00708
8	0.01123	0.00640	0.00812	0.00759	0.00963	0.00573	0.00603	0.01324	0.01370	0.19640	0.23747	0.07721	0.24268	0.01160	0.00632	0.00187	0.00349	0.12984	0.00562	0.00582
9	0.78821	0.01029	0.00823	0.00724	0.01063	0.01173	0.00597	0.01655	0.00960	0.08014	0.00849	0.00943	0.00637	0.00511	0.00348	0.00166	0.00418	0.00309	0.00357	0.00606
10	0.00654	0.00467	0.00623	0.00747	0.00779	0.00436	0.00498	0.00747	0.01028	0.01370	0.02959	0.80785	0.03550	0.01682	0.00685	0.00218	0.00311	0.01526	0.00498	0.00436
11	0.01038	0.00622	0.00731	0.00663	0.00880	0.00535	0.00512	0.01213	0.01347	0.17912	0.19616	0.06027	0.44544	0.01165	0.00615	0.00176	0.00308	0.00983	0.00553	0.00562
12	0.00660	0.00470	0.00621	0.00739	0.00769	0.00440	0.00490	0.00749	0.01015	0.01354	0.02896	0.76942	0.03471	0.05633	0.00787	0.00233	0.00322	0.01489	0.00490	0.00430
13	0.01254	0.01398	0.02890	0.02154	0.04826	0.01402	0.61457	0.01648	0.01193	0.01651	0.01022	0.01400	0.00798	0.00533	0.00814	0.00189	0.13799	0.00602	0.00265	0.00705
14	0.84927	0.01038	0.00789	0.00706	0.01038	0.01204	0.00581	0.01578	0.00914	0.02408	0.00747	0.00872	0.00581	0.00498	0.00332	0.00166	0.00415	0.00291	0.00332	0.00581
15	0.01242	0.01033	0.01133	0.01058	0.01319	0.01169	0.00837	0.05612	0.55818	0.02130	0.02308	0.07827	0.01978	0.00915	0.00588	0.00195	0.00436	0.13104	0.00534	0.00765
16	0.00932	0.00466	0.00699	0.00699	0.00699	0.00466	0.00466	0.00699	0.00699	0.00932	0.00932	0.01632	0.00932	0.01865	0.02098	0.84382	0.00466	0.00466	0.00233	0.00233
17	0.00803	0.00569	0.00658	0.00676	0.00725	0.00572	0.00440	0.00951	0.06051	0.01244	0.02238	0.12046	0.07453	0.53483	0.02015	0.00414	0.00472	0.08402	0.00388	0.00399
18	0.00703	0.00507	0.00634	0.00686	0.00760	0.00470	0.00475	0.00837	0.01152	0.01553	0.21195	0.40565	0.13220	0.10243	0.00886	0.00233	0.00318	0.02807	0.02310	0.00446
19	0.01267	0.01448	0.03167	0.02262	0.02805	0.01357	0.75837	0.01719	0.01267	0.01719	0.01086	0.01448	0.00814	0.00452	0.00633	0.00181	0.00905	0.00633	0.00271	0.00724
20	0.00894	0.00651	0.00886	0.00995	0.01130	0.00662	0.00864	0.01219	0.05869	0.01646	0.02802	0.05807	0.03000	0.01437	0.00729	0.00243	0.00490	0.69663	0.00497	0.00516
21	0.71605	0.01018	0.00863	0.00746	0.01092	0.01137	0.00615	0.01745	0.01014	0.14637	0.00969	0.01026	0.00702	0.00525	0.00366	0.00166	0.00422	0.00331	0.00386	0.00635
22	0.00847	0.00541	0.00642	0.00650	0.00720	0.00509	0.00421	0.00915	0.00990	0.06931	0.05433	0.22873	0.13468	0.40752	0.01675	0.00356	0.00417	0.01007	0.00429	0.00422
23	0.02066	0.01462	0.01585	0.01215	0.01644	0.01603	0.01004	0.70865	0.02455	0.08613	0.01347	0.01326	0.00942	0.00646	0.00537	0.00161	0.00581	0.00487	0.00546	0.00913
24	0.00743	0.00514	0.00587	0.00608	0.00633	0.00499	0.00363	0.00774	0.00871	0.01141	0.02316	0.16565	0.10566	0.59095	0.02160	0.00433	0.00458	0.00944	0.00373	0.00358
25	0.00784	0.00539	0.00682	0.00682	0.00721	0.00574	0.00452	0.00862	0.00823	0.01150	0.01602	0.02952	0.01711	0.50420	0.30156	0.00630	0.00842	0.00696	0.03335	0.00387

[dist]
# distance from previous block
# <min> <max>
0	1

[block]
# block no. 6 follows, 45 sequences, length 26
# corresponding to MSA columns:
# 321-346
name=unknown_G
#
# <colnr> <probs for GDERKNQSTAVLIFYWHMCP>
#	G	D	E	R	K	N	Q	S	T	A	V	L	I	F	Y	W	H	M	C	P
0	0.01508	0.01233	0.01313	0.01110	0.01459	0.01381	0.00881	0.22250	0.51881	0.02515	0.01863	0.01752	0.01388	0.00683	0.00534	0.00170	0.00467	0.00554	0.00528	0.06530
1	0.13787	0.14430	0.03435	0.03272	0.11870	0.21412	0.01062	0.21018	0.01565	0.02070	0.00954	0.01083	0.00754	0.00542	0.00462	0.00149	0.00673	0.00386	0.00341	0.00736
2	0.01102	0.00590	0.00790	0.00780	0.00884	0.00561	0.00554	0.03614	0.01063	0.14792	0.02092	0.33757	0.02209	0.08580	0.01219	0.22919	0.00412	0.03166	0.00442	0.00473
3	0.00704	0.00560	0.00640	0.00658	0.00818	0.00496	0.00518	0.00883	0.01278	0.01606	0.17599	0.05144	0.49606	0.01338	0.00656	0.00193	0.00314	0.16005	0.00514	0.00471
4	0.01963	0.00924	0.01177	0.00946	0.01307	0.00867	0.00765	0.03950	0.15009	0.51212	0.11540	0.02100	0.01829	0.00722	0.00548	0.00167	0.00427	0.00598	0.00621	0.03329
5	0.01408	0.02812	0.02224	0.01710	0.01998	0.13358	0.30102	0.04613	0.01192	0.03484	0.00931	0.01265	0.00769	0.00665	0.01025	0.00193	0.30791	0.00514	0.00278	0.00669
6	0.74829	0.01223	0.00878	0.00788	0.01114	0.10676	0.00637	0.01647	0.00988	0.02275	0.00757	0.00884	0.00595	0.00505	0.00351	0.00163	0.00483	0.00297	0.00325	0.00586
7	0.01001	0.00500	0.00500	0.00500	0.00625	0.00500	0.00375	0.01251	0.01126	0.02001	0.01751	0.02001	0.01376	0.00625	0.00375	0.00125	0.00250	0.00500	0.84115	0.00500
8	0.01655	0.06623	0.07807	0.01090	0.01470	0.02554	0.00947	0.27715	0.15562	0.13917	0.07096	0.01758	0.01422	0.03501	0.02864	0.01630	0.00557	0.00540	0.00492	0.00798
9	0.00674	0.00479	0.00632	0.00741	0.00776	0.00451	0.00498	0.00772	0.01034	0.01382	0.05586	0.69726	0.03472	0.07548	0.00837	0.00240	0.00331	0.03899	0.00489	0.00432
10	0.03276	0.06502	0.01676	0.13235	0.03522	0.01506	0.02587	0.01326	0.00920	0.01372	0.02978	0.01316	0.00861	0.00960	0.04881	0.00241	0.51519	0.00476	0.00252	0.00597
11	0.01298	0.02024	0.46164	0.04653	0.07168	0.01146	0.03771	0.01758	0.01181	0.14370	0.01242	0.04558	0.00940	0.00692	0.02590	0.00192	0.04671	0.00490	0.00317	0.00774
12	0.01226	0.01251	0.08821	0.24444	0.35504	0.01165	0.05485	0.01579	0.01216	0.05840	0.07234	0.01590	0.01161	0.00557	0.00545	0.00168	0.00647	0.00522	0.00303	0.00742
13	0.13235	0.01441	0.01500	0.01164	0.01580	0.01602	0.00961	0.65946	0.02306	0.03251	0.01216	0.01232	0.00868	0.00625	0.00509	0.00162	0.00567	0.00457	0.00509	0.00868
14	0.01089	0.01209	0.11967	0.59352	0.06320	0.01187	0.01508	0.01457	0.01090	0.04228	0.00992	0.01398	0.00743	0.00574	0.00601	0.01862	0.03066	0.00468	0.00253	0.00637
15	0.63875	0.00996	0.00876	0.00760	0.01094	0.01104	0.00622	0.01767	0.03823	0.14921	0.04987	0.01233	0.00975	0.00565	0.00390	0.00167	0.00414	0.00379	0.00408	0.00642
16	0.01836	0.25972	0.01904	0.01245	0.01576	0.56173	0.01002	0.01984	0.01393	0.01299	0.00805	0.00936	0.00691	0.00525	0.00443	0.00131	0.00851	0.00328	0.00263	0.00642
17	0.00769	0.00563	0.00799	0.00796	0.00875	0.00630	0.00592	0.00927	0.00891	0.01267	0.06605	0.02512	0.01712	0.18946	0.58782	0.00749	0.01178	0.00642	0.00315	0.00451
18	0.01399	0.01185	0.01250	0.01105	0.01420	0.01365	0.00865	0.09473	0.70092	0.02348	0.02104	0.01938	0.01573	0.00721	0.00545	0.00180	0.00440	0.00596	0.00545	0.00855
19	0.00679	0.00534	0.00613	0.00617	0.00758	0.00468	0.00454	0.00847	0.01292	0.01669	0.28763	0.15983	0.42772	0.01321	0.00641	0.00183	0.00272	0.01138	0.00529	0.00468
20	0.01261	0.01097	0.01831	0.25534	0.44715	0.01156	0.01454	0.01574	0.01209	0.06828	0.04929	0.03785	0.01129	0.00573	0.00543	0.00168	0.00620	0.00536	0.00307	0.00751
21	0.01001	0.00500	0.00500	0.00500	0.00625	0.00500	0.00375	0.01251	0.01126	0.02001	0.01751	0.02001	0.01376	0.00625	0.00375	0.00125	0.00250	0.00500	0.84115	0.00500
22	0.01230	0.01465	0.14516	0.14951	0.49999	0.01276	0.01654	0.01595	0.01164	0.01662	0.00978	0.01305	0.00794	0.00516	0.00590	0.00168	0.04630	0.00464	0.00254	0.00788
23	0.65743	0.01074	0.00897	0.00798	0.01127	0.01243	0.00647	0.03762	0.16429	0.02400	0.01054	0.01113	0.00805	0.00549	0.00381	0.00169	0.00422	0.00360	0.00381	0.00645
24	0.01133	0.01099	0.01539	0.01352	0.01369	0.01506	0.01133	0.01268	0.00878	0.01334	0.00993	0.01834	0.01027	0.01013	0.01624	0.00237	0.69394	0.10424	0.00270	0.00575
25	0.07614	0.03620	0.13221	0.01031	0.01494	0.01078	0.00961	0.14340	0.06522	0.09447	0.01326	0.01615	0.01057	0.00595	0.00482	0.00143	0.00513	0.05855	0.00402	0.28687

[dist]
# distance from previous block
# <min> <max>
0	1

[block]
# block no. 7 follows, 45 sequences, length 34
# corresponding to MSA columns:
# 348-381
name=unknown_H
#
# <colnr> <probs for GDERKNQSTAVLIFYWHMCP>
#	G	D	E	R	K	N	Q	S	T	A	V	L	I	F	Y	W	H	M	C	P
0	0.00863	0.00674	0.00888	0.00872	0.00988	0.02882	0.00670	0.05348	0.01002	0.01385	0.01682	0.08312	0.04251	0.05356	0.61398	0.00718	0.01222	0.00663	0.00327	0.00500
1	0.01150	0.01131	0.01583	0.01376	0.01386	0.01564	0.01150	0.01278	0.00854	0.01316	0.00871	0.01555	0.00891	0.00982	0.01682	0.00236	0.73939	0.06219	0.00255	0.00580
2	0.01006	0.00937	0.01573	0.75948	0.03569	0.01164	0.01460	0.01359	0.01081	0.01383	0.01047	0.01660	0.00833	0.00583	0.00547	0.00182	0.00705	0.04119	0.00251	0.00591
3	0.36678	0.01032	0.01097	0.00883	0.01266	0.01061	0.00729	0.10518	0.01390	0.38170	0.01454	0.01369	0.00971	0.00593	0.00453	0.00166	0.00455	0.00430	0.00512	0.00775
4	0.08641	0.01066	0.01713	0.51360	0.18324	0.01234	0.04369	0.04167	0.01149	0.01628	0.00964	0.01356	0.00742	0.00522	0.00521	0.00173	0.00676	0.00467	0.00265	0.00663
5	0.05711	0.01015	0.01287	0.00991	0.01405	0.00949	0.00818	0.14549	0.01672	0.62869	0.01927	0.01700	0.01230	0.00654	0.00531	0.00165	0.00477	0.00520	0.00630	0.00900
6	0.00715	0.00557	0.00595	0.00578	0.00759	0.00473	0.00436	0.00871	0.01280	0.04209	0.16349	0.04874	0.63840	0.01295	0.00631	0.00179	0.00275	0.01088	0.00518	0.00477
7	0.02344	0.00899	0.01225	0.00944	0.01348	0.00778	0.00778	0.02554	0.01536	0.75207	0.05045	0.01912	0.01474	0.00681	0.00543	0.00166	0.00449	0.00557	0.00662	0.00898
8	0.01302	0.01118	0.01185	0.01068	0.01361	0.01287	0.00830	0.02745	0.72417	0.02240	0.06586	0.02120	0.01839	0.00750	0.00551	0.00181	0.00415	0.00628	0.00549	0.00830
9	0.00653	0.00469	0.00621	0.00742	0.00777	0.00436	0.00496	0.00748	0.01033	0.01373	0.03030	0.78598	0.05691	0.01672	0.00684	0.00217	0.00310	0.01515	0.00498	0.00436
10	0.01231	0.01391	0.03019	0.02174	0.02687	0.01304	0.71435	0.01663	0.01253	0.01699	0.01195	0.06084	0.00974	0.00524	0.00637	0.00183	0.00870	0.00686	0.00285	0.00707
11	0.00781	0.00520	0.00585	0.00585	0.00585	0.00520	0.00325	0.00781	0.00781	0.01041	0.01691	0.03513	0.01952	0.81135	0.02732	0.00520	0.00520	0.00781	0.00325	0.00325
12	0.02005	0.02558	0.01521	0.01383	0.01659	0.78980	0.01037	0.02143	0.01521	0.01314	0.00830	0.00968	0.00691	0.00553	0.00484	0.00138	0.00968	0.00346	0.00277	0.00622
13	0.14184	0.00586	0.00557	0.00546	0.00698	0.00610	0.00414	0.01273	0.01094	0.02034	0.03735	0.03976	0.01422	0.02249	0.00431	0.00143	0.00283	0.00513	0.64745	0.00508
14	0.01174	0.01174	0.01644	0.01409	0.01409	0.01644	0.01174	0.01292	0.00822	0.01292	0.00705	0.01174	0.00705	0.00940	0.01762	0.00235	0.80153	0.00470	0.00235	0.00587
15	0.00654	0.00467	0.00623	0.00747	0.00779	0.00436	0.00498	0.00747	0.01028	0.01370	0.02959	0.80785	0.03550	0.01682	0.00685	0.00218	0.00311	0.01526	0.00498	0.00436
16	0.02408	0.00914	0.01246	0.00955	0.01370	0.00789	0.00789	0.02616	0.01536	0.78158	0.02118	0.01827	0.01329	0.00664	0.00540	0.00166	0.00457	0.00540	0.00664	0.00914
17	0.03754	0.00510	0.00636	0.00725	0.00766	0.00495	0.00487	0.00809	0.00982	0.01349	0.02585	0.55523	0.03052	0.19542	0.01138	0.00286	0.00374	0.06114	0.00453	0.00420
18	0.00728	0.00501	0.00667	0.00771	0.00831	0.00469	0.00545	0.00848	0.01084	0.03546	0.04876	0.65631	0.06049	0.01605	0.00684	0.00217	0.00333	0.09651	0.00505	0.00458
19	0.00747	0.00543	0.00704	0.00686	0.00806	0.00500	0.00512	0.00978	0.01448	0.02025	0.64377	0.11591	0.08439	0.01179	0.00642	0.00177	0.00267	0.03309	0.00574	0.00497
20	0.00991	0.00665	0.00803	0.00760	0.00935	0.00645	0.00571	0.01391	0.13191	0.09863	0.31685	0.17900	0.14174	0.01129	0.00613	0.00180	0.00315	0.00984	0.02623	0.00582
21	0.01119	0.00677	0.00849	0.00801	0.00955	0.00653	0.00589	0.09184	0.01358	0.13581	0.20225	0.30692	0.03080	0.10928	0.00885	0.00230	0.00380	0.02723	0.00529	0.00565
22	0.19428	0.00737	0.00799	0.00735	0.00949	0.00737	0.00564	0.04201	0.02665	0.11593	0.22789	0.14365	0.14424	0.02949	0.00609	0.00186	0.00349	0.00844	0.00506	0.00573
23	0.01298	0.00724	0.00907	0.00809	0.01030	0.00694	0.00623	0.01697	0.12268	0.23120	0.30326	0.12805	0.04644	0.00977	0.00586	0.00174	0.00342	0.00846	0.05472	0.00658
24	0.45544	0.00941	0.00899	0.00759	0.01077	0.00992	0.00608	0.04684	0.01129	0.16398	0.03560	0.01468	0.01049	0.07539	0.00604	0.00188	0.00425	0.00421	0.04549	0.07168
25	0.01158	0.00689	0.00867	0.00807	0.00991	0.00659	0.00613	0.05069	0.06201	0.16898	0.24588	0.22014	0.07531	0.04650	0.00715	0.00201	0.00361	0.04835	0.00555	0.00600
26	0.00764	0.00558	0.00793	0.00800	0.00873	0.00628	0.00591	0.00911	0.00855	0.01211	0.01570	0.06545	0.01583	0.19651	0.59298	0.00759	0.01191	0.00667	0.00306	0.00446
27	0.07567	0.01339	0.01474	0.01136	0.01556	0.01435	0.00939	0.54385	0.02193	0.20361	0.01442	0.01384	0.00986	0.00639	0.00524	0.00163	0.00549	0.00484	0.00553	0.00891
28	0.00962	0.00603	0.00730	0.00699	0.00867	0.00543	0.00521	0.01159	0.03221	0.12934	0.21181	0.17227	0.27980	0.06060	0.00756	0.00205	0.00326	0.02956	0.00535	0.00534
29	0.00806	0.00570	0.00707	0.00711	0.00837	0.00531	0.00533	0.01018	0.03106	0.04357	0.31479	0.15194	0.18440	0.08822	0.00848	0.00222	0.00333	0.10474	0.00523	0.00490
30	0.14814	0.00798	0.00886	0.00764	0.01024	0.00797	0.00605	0.09003	0.01376	0.22049	0.09724	0.08197	0.05292	0.00782	0.00490	0.00160	0.00370	0.00633	0.21578	0.00656
31	0.08739	0.01307	0.01773	0.16972	0.29416	0.07923	0.04533	0.11135	0.01378	0.08459	0.01088	0.01318	0.00832	0.00543	0.00543	0.00165	0.02316	0.00463	0.00335	0.00761
32	0.03432	0.01204	0.01755	0.27571	0.37071	0.07024	0.01402	0.03144	0.02557	0.01631	0.01245	0.04629	0.03855	0.00593	0.00535	0.00168	0.00650	0.00532	0.00288	0.00714
33	0.03577	0.01381	0.01318	0.05548	0.09624	0.23880	0.00949	0.02906	0.06206	0.07450	0.01438	0.01833	0.04433	0.08093	0.12021	0.00296	0.06375	0.01701	0.00343	0.00629

[dist]
# distance from previous block
# <min> <max>
2	9

[block]
# block no. 8 follows, 45 sequences, length 14
# corresponding to MSA columns:
# 393-406
name=unknown_I
#
# <colnr> <probs for GDERKNQSTAVLIFYWHMCP>
#	G	D	E	R	K	N	Q	S	T	A	V	L	I	F	Y	W	H	M	C	P
0	0.04506	0.00936	0.01108	0.00923	0.01164	0.03191	0.02587	0.07614	0.03128	0.01686	0.05275	0.02024	0.05342	0.13789	0.11278	0.00298	0.10443	0.00549	0.00351	0.23808
1	0.04359	0.01129	0.03672	0.04260	0.01550	0.01151	0.06487	0.27780	0.08582	0.07503	0.03058	0.13188	0.01706	0.00888	0.00583	0.00185	0.00530	0.10319	0.02344	0.00728
2	0.22819	0.01253	0.01555	0.21978	0.07655	0.07313	0.08110	0.09065	0.06426	0.01949	0.01009	0.01253	0.00781	0.00567	0.00573	0.00174	0.06083	0.00443	0.00321	0.00673
3	0.00767	0.00575	0.00863	0.00863	0.00959	0.00671	0.00671	0.00959	0.00863	0.01246	0.01438	0.02109	0.01342	0.04026	0.79008	0.00863	0.01438	0.00575	0.00288	0.00479
4	0.01217	0.01230	0.07169	0.41329	0.21682	0.01237	0.09183	0.04505	0.01210	0.04591	0.01041	0.01397	0.00788	0.00521	0.00544	0.00172	0.00706	0.00491	0.00276	0.00711
5	0.01080	0.00914	0.01115	0.07698	0.01444	0.00757	0.00722	0.03216	0.01174	0.01753	0.04292	0.01738	0.04054	0.00552	0.00454	0.00109	0.00426	0.05218	0.00346	0.62939
6	0.00649	0.00485	0.00604	0.00700	0.00766	0.00440	0.00477	0.00753	0.01073	0.01389	0.03535	0.63193	0.20770	0.01607	0.00673	0.00209	0.00302	0.01435	0.00498	0.00440
7	0.64058	0.03831	0.01020	0.00851	0.01186	0.12686	0.00691	0.07103	0.01126	0.02283	0.00799	0.00916	0.00625	0.00516	0.00370	0.00160	0.00514	0.00313	0.00336	0.00615
8	0.03986	0.10554	0.03091	0.04210	0.18396	0.02867	0.01023	0.02060	0.02803	0.37325	0.02925	0.05817	0.01269	0.00648	0.00517	0.00162	0.00525	0.00542	0.00471	0.00810
9	0.01202	0.05142	0.59939	0.01550	0.06217	0.06611	0.01765	0.05366	0.01246	0.01761	0.03681	0.01233	0.00857	0.00537	0.00510	0.00165	0.00761	0.00419	0.00261	0.00777
10	0.00888	0.08065	0.10128	0.03018	0.01219	0.00799	0.00864	0.01177	0.03480	0.01631	0.14605	0.21293	0.05025	0.01208	0.00634	0.00201	0.00454	0.24313	0.00451	0.00548
11	0.05295	0.01326	0.06527	0.05763	0.02346	0.01247	0.47340	0.01553	0.01201	0.01710	0.06394	0.04289	0.01242	0.00627	0.00716	0.00187	0.08020	0.03243	0.00304	0.00669
12	0.01323	0.01235	0.01598	0.07413	0.01775	0.09783	0.13702	0.15848	0.01455	0.01877	0.01719	0.04797	0.05510	0.00868	0.00724	0.00190	0.08897	0.16913	0.00387	0.03986
13	0.03008	0.06632	0.15916	0.00993	0.01267	0.00895	0.02265	0.07079	0.03393	0.01641	0.02105	0.31362	0.03750	0.08253	0.00790	0.00224	0.00499	0.08944	0.00408	0.00578

[dist]
# distance from previous block
# <min> <max>
0	21

[block]
# block no. 9 follows, 45 sequences, length 9
# corresponding to MSA columns:
# 429-437
name=unknown_J
#
# <colnr> <probs for GDERKNQSTAVLIFYWHMCP>
#	G	D	E	R	K	N	Q	S	T	A	V	L	I	F	Y	W	H	M	C	P
0	0.01280	0.01392	0.02084	0.07604	0.04848	0.13848	0.30282	0.01645	0.05247	0.01529	0.01105	0.01472	0.00908	0.01140	0.13720	0.00292	0.10129	0.00539	0.00283	0.00653
1	0.00819	0.00592	0.00755	0.13728	0.01101	0.00632	0.00519	0.00879	0.00829	0.01096	0.01569	0.03168	0.01747	0.67771	0.02368	0.00464	0.00553	0.00730	0.00311	0.00370
2	0.01270	0.01119	0.01297	0.01138	0.01350	0.01354	0.00909	0.07370	0.42230	0.01997	0.04411	0.02017	0.06993	0.00840	0.00896	0.00195	0.22808	0.00610	0.00456	0.00740
3	0.00684	0.00490	0.00649	0.00727	0.00785	0.00456	0.00501	0.00822	0.01166	0.01590	0.23891	0.59226	0.03976	0.01518	0.00671	0.00204	0.00295	0.01370	0.00524	0.00456
4	0.07329	0.41224	0.06088	0.00870	0.01219	0.03286	0.00810	0.01400	0.01124	0.04099	0.04143	0.14760	0.10156	0.00801	0.00462	0.00150	0.00492	0.00628	0.00340	0.00618
5	0.01792	0.01708	0.14515	0.01402	0.01905	0.01560	0.09783	0.55136	0.02149	0.02913	0.01211	0.01281	0.00863	0.00600	0.00544	0.00165	0.00660	0.00486	0.00455	0.00871
6	0.01374	0.68045	0.15691	0.01023	0.01539	0.01974	0.01100	0.01623	0.01098	0.01337	0.00783	0.00907	0.00687	0.00468	0.00373	0.00124	0.00611	0.00306	0.00229	0.00707
7	0.07405	0.35700	0.37544	0.01200	0.01803	0.01631	0.01391	0.04895	0.01160	0.01641	0.00870	0.01006	0.00687	0.00494	0.00428	0.00146	0.00665	0.00347	0.00249	0.00739
8	0.01277	0.46685	0.36198	0.01189	0.01796	0.01736	0.01389	0.01648	0.01110	0.01456	0.00842	0.00981	0.00685	0.00482	0.00418	0.00139	0.00671	0.00335	0.00228	0.00735

