[name]
unknown

[dist]
# distance from previous block
# <min> <max>
48	110

[block]
# block no. 0 follows, 44 sequences, length 13
# corresponding to MSA columns:
# 175-187
name=unknown_A
#
# <colnr> <probs for GDERKNQSTAVLIFYWHMCP>
#	G	D	E	R	K	N	Q	S	T	A	V	L	I	F	Y	W	H	M	C	P
0	0.01356	0.00775	0.00967	0.00880	0.01106	0.00737	0.00665	0.08881	0.05880	0.22390	0.06103	0.37000	0.04419	0.01162	0.00614	0.00189	0.00392	0.01018	0.00554	0.04914
1	0.01628	0.01029	0.01234	0.02561	0.01415	0.00958	0.00795	0.13855	0.09055	0.22798	0.01656	0.05520	0.01299	0.00667	0.00514	0.00145	0.00461	0.03784	0.00493	0.30131
2	0.01640	0.00776	0.01015	0.00891	0.01149	0.00710	0.00687	0.07073	0.01423	0.38961	0.04358	0.32563	0.04175	0.01104	0.00610	0.00189	0.00406	0.00960	0.00594	0.00717
3	0.13041	0.01033	0.01163	0.00983	0.01324	0.01084	0.00785	0.06684	0.28632	0.29636	0.04552	0.05634	0.01575	0.00739	0.00532	0.00177	0.00440	0.00599	0.00567	0.00821
4	0.01882	0.00877	0.01130	0.00930	0.01263	0.00812	0.00753	0.05746	0.07599	0.47580	0.12186	0.05281	0.06091	0.00853	0.00582	0.00177	0.00428	0.04403	0.00625	0.00805
5	0.01061	0.00653	0.00810	0.00776	0.00932	0.00620	0.00576	0.04162	0.03925	0.12890	0.19203	0.21340	0.11546	0.12617	0.00947	0.00241	0.00379	0.06239	0.00529	0.00554
6	0.01668	0.01041	0.01216	0.00988	0.01339	0.01040	0.00785	0.17161	0.17518	0.23076	0.07240	0.06121	0.01670	0.03898	0.00631	0.00176	0.00456	0.00613	0.00544	0.12820
7	0.00952	0.00622	0.00785	0.00796	0.00924	0.00580	0.00569	0.05011	0.01181	0.08161	0.04667	0.49090	0.04739	0.08899	0.00850	0.00232	0.00377	0.04550	0.00495	0.06521
8	0.01112	0.00863	0.01035	0.00829	0.01194	0.00697	0.00647	0.03783	0.01186	0.05336	0.01564	0.18528	0.01548	0.00757	0.00494	0.00126	0.00399	0.03989	0.00395	0.55517
9	0.00903	0.00637	0.03869	0.00741	0.00827	0.00547	0.00520	0.00990	0.00988	0.08374	0.02287	0.36730	0.02575	0.35681	0.01571	0.00347	0.00442	0.01083	0.00435	0.00454
10	0.01137	0.00607	0.00764	0.00735	0.00854	0.00562	0.00503	0.01224	0.01077	0.19401	0.02412	0.28122	0.05820	0.32558	0.01476	0.00328	0.00433	0.00996	0.00477	0.00514
11	0.00895	0.00542	0.00710	0.00761	0.00853	0.00497	0.00529	0.01012	0.01136	0.10810	0.07676	0.58133	0.07117	0.05627	0.00779	0.00226	0.00340	0.01331	0.00524	0.00502
12	0.05873	0.26121	0.03700	0.01010	0.01331	0.09645	0.00868	0.07923	0.04651	0.05295	0.05020	0.14274	0.01485	0.00781	0.00570	0.00159	0.05614	0.00598	0.00373	0.04710

[dist]
# distance from previous block
# <min> <max>
0	3

[block]
# block no. 1 follows, 44 sequences, length 63
# corresponding to MSA columns:
# 191-253
name=unknown_B
#
# <colnr> <probs for GDERKNQSTAVLIFYWHMCP>
#	G	D	E	R	K	N	Q	S	T	A	V	L	I	F	Y	W	H	M	C	P
0	0.02426	0.00960	0.01285	0.00985	0.01408	0.00849	0.00814	0.06532	0.01614	0.73866	0.02106	0.01827	0.01327	0.00674	0.00548	0.00168	0.00471	0.00545	0.00668	0.00928
1	0.00930	0.00629	0.00786	0.00858	0.02844	0.02903	0.00588	0.01055	0.01118	0.08410	0.07518	0.45353	0.03005	0.12202	0.04094	0.00279	0.00441	0.06007	0.00482	0.00499
2	0.02446	0.00928	0.01265	0.00970	0.01392	0.00801	0.00801	0.02657	0.01560	0.77817	0.02151	0.01856	0.01350	0.00675	0.00548	0.00169	0.00464	0.00548	0.00675	0.00928
3	0.01313	0.00675	0.00894	0.00779	0.01001	0.00603	0.00605	0.01541	0.01508	0.27081	0.45354	0.07816	0.06558	0.01014	0.00615	0.00174	0.00330	0.00880	0.00616	0.00645
4	0.69010	0.05166	0.07024	0.00835	0.01212	0.06024	0.00747	0.01649	0.00992	0.02265	0.00781	0.00912	0.00610	0.00509	0.00362	0.00165	0.00494	0.00307	0.00320	0.00615
5	0.84691	0.01054	0.00801	0.00717	0.01054	0.01223	0.00590	0.01603	0.00928	0.02446	0.00759	0.00886	0.00590	0.00506	0.00337	0.00169	0.00422	0.00295	0.00337	0.00590
6	0.01105	0.02745	0.74116	0.01625	0.04725	0.01269	0.03497	0.01725	0.01157	0.01729	0.00982	0.01164	0.00699	0.00516	0.00521	0.00173	0.00803	0.00410	0.00232	0.00806
7	0.00781	0.00527	0.00615	0.00626	0.00634	0.00530	0.00366	0.00801	0.00820	0.01099	0.01815	0.10188	0.02087	0.69421	0.07065	0.00522	0.00565	0.00847	0.00343	0.00349
8	0.84691	0.01054	0.00801	0.00717	0.01054	0.01223	0.00590	0.01603	0.00928	0.02446	0.00759	0.00886	0.00590	0.00506	0.00337	0.00169	0.00422	0.00295	0.00337	0.00590
9	0.00647	0.00542	0.00563	0.00580	0.00744	0.00458	0.00426	0.00779	0.01216	0.01462	0.05186	0.15311	0.67372	0.01424	0.00651	0.00189	0.00282	0.01204	0.00506	0.00458
10	0.00693	0.00490	0.00621	0.00714	0.00743	0.00463	0.00462	0.00768	0.00993	0.01317	0.02798	0.59988	0.05875	0.20002	0.01175	0.00291	0.00364	0.01360	0.00465	0.00417
11	0.01093	0.02820	0.78016	0.01554	0.02360	0.01266	0.02014	0.01727	0.01151	0.01727	0.00978	0.01151	0.00691	0.00518	0.00518	0.00173	0.00806	0.00403	0.00230	0.00806
12	0.84691	0.01054	0.00801	0.00717	0.01054	0.01223	0.00590	0.01603	0.00928	0.02446	0.00759	0.00886	0.00590	0.00506	0.00337	0.00169	0.00422	0.00295	0.00337	0.00590
13	0.01038	0.00977	0.01650	0.77582	0.05639	0.01213	0.01518	0.01400	0.01094	0.01403	0.00970	0.01451	0.00730	0.00544	0.00545	0.00181	0.00725	0.00485	0.00243	0.00612
14	0.01661	0.01323	0.01405	0.01171	0.01534	0.01499	0.00937	0.33873	0.44982	0.02773	0.01831	0.01725	0.01350	0.00703	0.00551	0.00176	0.00503	0.00563	0.00551	0.00890
15	0.00759	0.00528	0.00626	0.00636	0.00680	0.00508	0.00401	0.00837	0.01018	0.01372	0.18036	0.15457	0.07706	0.46964	0.01874	0.00385	0.00423	0.00971	0.00425	0.00394
16	0.02424	0.00964	0.01287	0.00987	0.01410	0.00854	0.00815	0.07005	0.01620	0.73385	0.02101	0.01823	0.01324	0.00674	0.00548	0.00168	0.00472	0.00545	0.00667	0.00928
17	0.00664	0.00474	0.00633	0.00759	0.00791	0.00443	0.00506	0.00759	0.01044	0.01392	0.03005	0.80485	0.03606	0.01708	0.00696	0.00221	0.00316	0.01550	0.00506	0.00443
18	0.05136	0.00565	0.00614	0.00626	0.00778	0.00507	0.00460	0.00867	0.01243	0.01641	0.18042	0.19488	0.45429	0.01349	0.00638	0.00188	0.00288	0.01153	0.00515	0.00474
19	0.01193	0.01193	0.01670	0.01431	0.01431	0.01670	0.01193	0.01312	0.00835	0.01312	0.00716	0.01193	0.00716	0.00954	0.01789	0.00239	0.79843	0.00477	0.00239	0.00596
20	0.01130	0.00969	0.01130	0.00807	0.01292	0.00727	0.00646	0.01373	0.01130	0.01776	0.00969	0.01130	0.00807	0.00404	0.00404	0.00081	0.00404	0.00323	0.00323	0.84173
21	0.00910	0.00620	0.00709	0.00688	0.00872	0.00558	0.00514	0.01148	0.06076	0.10263	0.10790	0.19503	0.42718	0.01301	0.00638	0.00189	0.00314	0.01113	0.00537	0.00541
22	0.00761	0.00553	0.00717	0.00685	0.00810	0.00509	0.00510	0.01006	0.01506	0.02118	0.70640	0.08173	0.07652	0.01156	0.00646	0.00175	0.00261	0.01022	0.00592	0.00509
23	0.00869	0.00620	0.00867	0.00993	0.01114	0.00619	0.00861	0.01113	0.01245	0.01621	0.02892	0.09565	0.03159	0.01515	0.00750	0.00250	0.00493	0.70452	0.00502	0.00499
24	0.66128	0.01090	0.00922	0.00805	0.01142	0.01245	0.00656	0.10489	0.04464	0.04018	0.01007	0.04214	0.00815	0.00586	0.00390	0.00171	0.00440	0.00388	0.00385	0.00643
25	0.62039	0.01066	0.00933	0.00802	0.01140	0.01196	0.00654	0.10706	0.01197	0.08827	0.02932	0.03179	0.00910	0.01914	0.00438	0.00175	0.00442	0.00398	0.00402	0.00650
26	0.00677	0.00484	0.00624	0.00731	0.00767	0.00453	0.00483	0.00764	0.01028	0.01360	0.03002	0.68311	0.07343	0.10103	0.00914	0.00252	0.00337	0.01448	0.00487	0.00432
27	0.00786	0.00526	0.00597	0.00603	0.00605	0.00524	0.00340	0.00791	0.00806	0.01075	0.01787	0.07676	0.02069	0.76614	0.02664	0.00512	0.00517	0.00833	0.00340	0.00336
28	0.02751	0.00634	0.00794	0.00716	0.00869	0.00590	0.00515	0.01296	0.01271	0.17872	0.31338	0.05804	0.05017	0.26650	0.01304	0.00287	0.00394	0.00839	0.00519	0.00541
29	0.00846	0.00596	0.00883	0.00871	0.00979	0.00682	0.00676	0.01036	0.00901	0.04344	0.01496	0.02173	0.01381	0.06275	0.73234	0.00837	0.01392	0.00589	0.00309	0.00500
30	0.01383	0.01185	0.01248	0.01115	0.01428	0.01369	0.00870	0.05678	0.73629	0.02325	0.02184	0.02006	0.01636	0.00736	0.00554	0.00184	0.00438	0.00612	0.00554	0.00865
31	0.04056	0.00502	0.00645	0.00753	0.00803	0.00478	0.00510	0.00808	0.01066	0.01477	0.06935	0.73134	0.03568	0.01627	0.00679	0.00217	0.00317	0.01469	0.00504	0.00453
32	0.00901	0.00516	0.00777	0.02485	0.00851	0.00548	0.00555	0.00799	0.00765	0.01046	0.01092	0.01789	0.01059	0.02483	0.23659	0.58843	0.00757	0.00505	0.00252	0.00315
33	0.02344	0.00951	0.01262	0.00983	0.01394	0.00853	0.00807	0.02679	0.08591	0.70726	0.02157	0.01872	0.01379	0.00681	0.00549	0.00170	0.00461	0.00555	0.00663	0.00922
34	0.84691	0.01054	0.00801	0.00717	0.01054	0.01223	0.00590	0.01603	0.00928	0.02446	0.00759	0.00886	0.00590	0.00506	0.00337	0.00169	0.00422	0.00295	0.00337	0.00590
35	0.00779	0.00584	0.00876	0.00876	0.00974	0.00681	0.00681	0.00974	0.00876	0.01266	0.01460	0.02142	0.01363	0.04089	0.78680	0.00876	0.01460	0.00584	0.00292	0.00487
36	0.00664	0.00474	0.00633	0.00759	0.00791	0.00443	0.00506	0.00759	0.01044	0.01392	0.03005	0.80485	0.03606	0.01708	0.00696	0.00221	0.00316	0.01550	0.00506	0.00443
37	0.84691	0.01054	0.00801	0.00717	0.01054	0.01223	0.00590	0.01603	0.00928	0.02446	0.00759	0.00886	0.00590	0.00506	0.00337	0.00169	0.00422	0.00295	0.00337	0.00590
38	0.00947	0.00473	0.00710	0.00710	0.00710	0.00473	0.00473	0.00710	0.00710	0.00947	0.00947	0.01657	0.00947	0.01894	0.02131	0.84138	0.00473	0.00473	0.00237	0.00237
39	0.01287	0.01471	0.03217	0.02298	0.02849	0.01379	0.75460	0.01746	0.01287	0.01746	0.01103	0.01471	0.00827	0.00460	0.00643	0.00184	0.00919	0.00643	0.00276	0.00735
40	0.00947	0.00473	0.00710	0.00710	0.00710	0.00473	0.00473	0.00710	0.00710	0.00947	0.00947	0.01657	0.00947	0.01894	0.02131	0.84138	0.00473	0.00473	0.00237	0.00237
41	0.01030	0.00969	0.01635	0.79530	0.03755	0.01211	0.01514	0.01393	0.01090	0.01393	0.00969	0.01453	0.00727	0.00545	0.00545	0.00182	0.00727	0.00484	0.00242	0.00606
42	0.01030	0.00969	0.01635	0.79530	0.03755	0.01211	0.01514	0.01393	0.01090	0.01393	0.00969	0.01453	0.00727	0.00545	0.00545	0.00182	0.00727	0.00484	0.00242	0.00606
43	0.00764	0.00557	0.00718	0.00678	0.00810	0.00511	0.00508	0.01014	0.01525	0.02143	0.72842	0.04143	0.09481	0.01131	0.00643	0.00172	0.00258	0.00996	0.00594	0.00511
44	0.01030	0.00969	0.01635	0.79530	0.03755	0.01211	0.01514	0.01393	0.01090	0.01393	0.00969	0.01453	0.00727	0.00545	0.00545	0.00182	0.00727	0.00484	0.00242	0.00606
45	0.01356	0.01171	0.01233	0.01109	0.01418	0.01356	0.00863	0.02897	0.76455	0.02281	0.02219	0.02034	0.01664	0.00740	0.00555	0.00185	0.00431	0.00616	0.00555	0.00863
46	0.00713	0.00604	0.00623	0.00613	0.00801	0.00540	0.00461	0.00978	0.07751	0.01580	0.09135	0.06760	0.64892	0.01319	0.00638	0.00184	0.00290	0.01105	0.00516	0.00498
47	0.01287	0.01471	0.03217	0.02298	0.02849	0.01379	0.75460	0.01746	0.01287	0.01746	0.01103	0.01471	0.00827	0.00460	0.00643	0.00184	0.00919	0.00643	0.00276	0.00735
48	0.01774	0.24341	0.06040	0.01247	0.01622	0.41276	0.01056	0.07683	0.07237	0.01575	0.00968	0.01068	0.00792	0.00554	0.00462	0.00141	0.00790	0.00368	0.00306	0.00701
49	0.01145	0.13846	0.67438	0.01466	0.02224	0.01392	0.01862	0.01713	0.01145	0.01664	0.00947	0.01112	0.00692	0.00511	0.00494	0.00165	0.00774	0.00387	0.00231	0.00791
50	0.00650	0.00551	0.00562	0.00563	0.00741	0.00462	0.00421	0.00793	0.01251	0.01502	0.08606	0.07051	0.72238	0.01377	0.00646	0.00184	0.00276	0.01153	0.00510	0.00462
51	0.04091	0.02312	0.01532	0.01349	0.01661	0.59864	0.01032	0.15614	0.04407	0.01780	0.00975	0.01078	0.00775	0.00584	0.00500	0.00147	0.00879	0.00385	0.00341	0.00693
52	0.01149	0.10354	0.64313	0.01492	0.02231	0.01361	0.04080	0.01780	0.05151	0.01713	0.01026	0.01181	0.00747	0.00523	0.00507	0.00168	0.00767	0.00411	0.00249	0.00796
53	0.00664	0.00474	0.00633	0.00759	0.00791	0.00443	0.00506	0.00759	0.01044	0.01392	0.03005	0.80485	0.03606	0.01708	0.00696	0.00221	0.00316	0.01550	0.00506	0.00443
54	0.01349	0.01295	0.02213	0.03346	0.77440	0.01295	0.01673	0.01673	0.01241	0.01781	0.01025	0.01349	0.00864	0.00486	0.00540	0.00162	0.00648	0.00486	0.00270	0.00864
55	0.01360	0.01332	0.02241	0.03188	0.69386	0.02960	0.06342	0.01716	0.02911	0.01780	0.01053	0.01364	0.00875	0.00491	0.00546	0.00163	0.00667	0.00496	0.00277	0.00850
56	0.01309	0.01557	0.08924	0.02197	0.02764	0.01351	0.67379	0.01774	0.01285	0.04204	0.01127	0.01458	0.00834	0.00471	0.00631	0.00182	0.00896	0.00622	0.00285	0.00747
57	0.00862	0.00701	0.03571	0.00925	0.05013	0.00604	0.02912	0.01111	0.01415	0.04431	0.51594	0.16597	0.05870	0.01132	0.00639	0.00180	0.00334	0.01013	0.00544	0.00550
58	0.01306	0.01208	0.01985	0.06897	0.60358	0.01187	0.01485	0.01618	0.01234	0.03089	0.03349	0.01419	0.00988	0.00501	0.00526	0.00153	0.00606	0.00482	0.00292	0.11316
59	0.01298	0.00990	0.01179	0.00916	0.03613	0.00801	0.00706	0.06449	0.01276	0.09018	0.01346	0.01436	0.04927	0.00500	0.00444	0.00103	0.00423	0.00404	0.00379	0.63790
60	0.01503	0.01014	0.05188	0.00953	0.01291	0.00914	0.00797	0.05833	0.19193	0.23826	0.23388	0.02401	0.02403	0.00782	0.00562	0.00165	0.00417	0.00659	0.00564	0.08146
61	0.01480	0.00914	0.01123	0.00855	0.01263	0.00752	0.00685	0.03617	0.02790	0.23614	0.10698	0.03579	0.01578	0.00612	0.00488	0.00124	0.00407	0.00507	0.00472	0.44441
62	0.01135	0.00819	0.04128	0.00906	0.01156	0.00711	0.05127	0.01503	0.06858	0.14030	0.47777	0.03287	0.03671	0.00948	0.00613	0.00173	0.00376	0.03181	0.00563	0.03038

[dist]
# distance from previous block
# <min> <max>
2	23

[block]
# block no. 2 follows, 44 sequences, length 68
# corresponding to MSA columns:
# 280-333,337-350
name=unknown_C
#
# <colnr> <probs for GDERKNQSTAVLIFYWHMCP>
#	G	D	E	R	K	N	Q	S	T	A	V	L	I	F	Y	W	H	M	C	P
0	0.01515	0.01190	0.05944	0.01281	0.10464	0.00997	0.02669	0.10513	0.05410	0.16088	0.01396	0.01451	0.02491	0.00539	0.00489	0.00132	0.00502	0.00448	0.00418	0.36064
1	0.01177	0.01001	0.01252	0.01130	0.10351	0.00830	0.00785	0.05548	0.01259	0.01899	0.06933	0.01495	0.01203	0.00505	0.00453	0.00106	0.00434	0.01877	0.00354	0.61409
2	0.02042	0.01512	0.01619	0.01248	0.01679	0.01676	0.01029	0.72520	0.05714	0.03387	0.01348	0.01340	0.00959	0.00658	0.00546	0.00165	0.00593	0.00496	0.00546	0.00924
3	0.01245	0.01001	0.01162	0.00852	0.01320	0.00808	0.00683	0.04142	0.06496	0.05645	0.01127	0.01236	0.00899	0.00450	0.00426	0.00095	0.00416	0.00361	0.00365	0.71271
4	0.00960	0.00678	0.00832	0.00786	0.00953	0.00671	0.00590	0.01418	0.14980	0.06754	0.45205	0.15055	0.06726	0.01118	0.00629	0.00182	0.00311	0.00983	0.00579	0.00590
5	0.01142	0.06701	0.70023	0.01538	0.02309	0.01325	0.04172	0.03581	0.01188	0.01748	0.00979	0.01151	0.00701	0.00517	0.00514	0.00170	0.00793	0.00407	0.00240	0.00801
6	0.04886	0.00765	0.00932	0.03582	0.01149	0.00741	0.00662	0.07367	0.04734	0.21106	0.06657	0.26893	0.16042	0.01136	0.00607	0.00189	0.00390	0.00977	0.00543	0.00642
7	0.01282	0.01505	0.12169	0.08051	0.48255	0.01302	0.16056	0.01675	0.01228	0.01741	0.01031	0.01354	0.00825	0.00489	0.00557	0.00169	0.00726	0.00506	0.00264	0.00814
8	0.00653	0.00555	0.00564	0.00568	0.00750	0.00466	0.00430	0.00795	0.01243	0.01478	0.05431	0.05278	0.74625	0.01385	0.00648	0.00186	0.00284	0.03692	0.00506	0.00462
9	0.01264	0.06274	0.05560	0.05267	0.09159	0.02999	0.50026	0.01703	0.03674	0.01692	0.01214	0.06344	0.01011	0.00557	0.00605	0.00179	0.00811	0.00642	0.00293	0.00725
10	0.01199	0.01642	0.18344	0.11432	0.08453	0.01296	0.43157	0.01660	0.01223	0.01690	0.01122	0.04159	0.00887	0.00528	0.00600	0.00181	0.00831	0.00594	0.00270	0.00734
11	0.00664	0.00474	0.00633	0.00759	0.00791	0.00443	0.00506	0.00759	0.01044	0.01392	0.03005	0.80485	0.03606	0.01708	0.00696	0.00221	0.00316	0.01550	0.00506	0.00443
12	0.01410	0.01198	0.01263	0.01120	0.01438	0.01381	0.00876	0.08355	0.70909	0.02367	0.02151	0.01980	0.01609	0.00733	0.00554	0.00183	0.00444	0.00607	0.00554	0.00868
13	0.03204	0.02725	0.74033	0.01517	0.02301	0.01253	0.01946	0.01748	0.01156	0.03793	0.01004	0.01163	0.00706	0.00522	0.00514	0.00172	0.00787	0.00404	0.00245	0.00804
14	0.01105	0.02749	0.74715	0.01535	0.02319	0.01270	0.01965	0.01777	0.04388	0.01750	0.01032	0.01189	0.00732	0.00527	0.00520	0.00173	0.00790	0.00412	0.00244	0.00808
15	0.01030	0.00969	0.01635	0.79530	0.03755	0.01211	0.01514	0.01393	0.01090	0.01393	0.00969	0.01453	0.00727	0.00545	0.00545	0.00182	0.00727	0.00484	0.00242	0.00606
16	0.01349	0.01295	0.02213	0.03346	0.77440	0.01295	0.01673	0.01673	0.01241	0.01781	0.01025	0.01349	0.00864	0.00486	0.00540	0.00162	0.00648	0.00486	0.00270	0.00864
17	0.01269	0.02301	0.54625	0.01739	0.11837	0.01207	0.05102	0.01800	0.01215	0.09673	0.01170	0.01416	0.00862	0.00558	0.00537	0.00174	0.00746	0.02667	0.00292	0.00813
18	0.00664	0.00474	0.00633	0.00759	0.00791	0.00443	0.00506	0.00759	0.01044	0.01392	0.03005	0.80485	0.03606	0.01708	0.00696	0.00221	0.00316	0.01550	0.00506	0.00443
19	0.00681	0.00529	0.00620	0.00650	0.00772	0.00468	0.00467	0.00834	0.01251	0.01617	0.21756	0.28913	0.36650	0.01422	0.00660	0.00193	0.00284	0.01239	0.00529	0.00468
20	0.01349	0.01295	0.02213	0.03346	0.77440	0.01295	0.01673	0.01673	0.01241	0.01781	0.01025	0.01349	0.00864	0.00486	0.00540	0.00162	0.00648	0.00486	0.00270	0.00864
21	0.84691	0.01054	0.00801	0.00717	0.01054	0.01223	0.00590	0.01603	0.00928	0.02446	0.00759	0.00886	0.00590	0.00506	0.00337	0.00169	0.00422	0.00295	0.00337	0.00590
22	0.13764	0.01516	0.01561	0.01218	0.01635	0.05793	0.03241	0.58886	0.02237	0.03130	0.01199	0.01236	0.00864	0.00622	0.00516	0.00164	0.00605	0.00460	0.00493	0.00858
23	0.00784	0.00564	0.00774	0.00774	0.00836	0.00626	0.00554	0.00908	0.00846	0.01190	0.01554	0.02659	0.01587	0.31904	0.51171	0.00750	0.01123	0.00660	0.00306	0.00430
24	0.01130	0.01071	0.01816	0.55682	0.26820	0.01238	0.01564	0.01481	0.01137	0.01514	0.00987	0.01421	0.00770	0.00526	0.00543	0.00175	0.00702	0.00485	0.00251	0.00686
25	0.01399	0.68629	0.14886	0.01032	0.01553	0.02015	0.01106	0.01648	0.01115	0.01354	0.00793	0.00919	0.00698	0.00475	0.00377	0.00126	0.00619	0.00309	0.00233	0.00717
26	0.01128	0.01069	0.01813	0.56117	0.26400	0.01237	0.01563	0.01479	0.01137	0.01512	0.00986	0.01421	0.00769	0.00527	0.00543	0.00176	0.00702	0.00485	0.00251	0.00685
27	0.01193	0.01193	0.01670	0.01431	0.01431	0.01670	0.01193	0.01312	0.00835	0.01312	0.00716	0.01193	0.00716	0.00954	0.01789	0.00239	0.79843	0.00477	0.00239	0.00596
28	0.00790	0.00538	0.00642	0.00642	0.00658	0.00554	0.00389	0.00823	0.00807	0.01092	0.01675	0.03328	0.01878	0.67960	0.15513	0.00587	0.00685	0.00758	0.00324	0.00357
29	0.01967	0.12022	0.01702	0.01348	0.01651	0.69477	0.01039	0.02112	0.01493	0.01328	0.00833	0.00970	0.00702	0.00550	0.00475	0.00138	0.00935	0.00344	0.00275	0.00640
30	0.02370	0.00926	0.01253	0.00967	0.01371	0.00814	0.00794	0.04788	0.01554	0.72255	0.02074	0.01830	0.01319	0.00727	0.00616	0.03778	0.00468	0.00543	0.00652	0.00898
31	0.84691	0.01054	0.00801	0.00717	0.01054	0.01223	0.00590	0.01603	0.00928	0.02446	0.00759	0.00886	0.00590	0.00506	0.00337	0.00169	0.00422	0.00295	0.00337	0.00590
32	0.02072	0.01527	0.01636	0.01254	0.01691	0.01691	0.01036	0.75622	0.02563	0.03436	0.01309	0.01309	0.00927	0.00654	0.00545	0.00164	0.00600	0.00491	0.00545	0.00927
33	0.00661	0.00548	0.00579	0.00582	0.00749	0.00466	0.00432	0.00810	0.01266	0.01553	0.13950	0.09996	0.63790	0.01370	0.00648	0.00185	0.00276	0.01157	0.00518	0.00466
34	0.00664	0.00474	0.00633	0.00759	0.00791	0.00443	0.00506	0.00759	0.01044	0.01392	0.03005	0.80485	0.03606	0.01708	0.00696	0.00221	0.00316	0.01550	0.00506	0.00443
35	0.00664	0.00474	0.00633	0.00759	0.00791	0.00443	0.00506	0.00759	0.01044	0.01392	0.03005	0.80485	0.03606	0.01708	0.00696	0.00221	0.00316	0.01550	0.00506	0.00443
36	0.64935	0.01025	0.00900	0.00773	0.01119	0.01134	0.00635	0.03779	0.01106	0.15217	0.04269	0.01197	0.00922	0.00565	0.00392	0.00169	0.00427	0.00373	0.00411	0.00653
37	0.07097	0.00556	0.00624	0.00636	0.00666	0.00565	0.00385	0.00843	0.00834	0.01203	0.01782	0.14507	0.02045	0.57874	0.02243	0.06098	0.00486	0.00845	0.00350	0.00360
38	0.84691	0.01054	0.00801	0.00717	0.01054	0.01223	0.00590	0.01603	0.00928	0.02446	0.00759	0.00886	0.00590	0.00506	0.00337	0.00169	0.00422	0.00295	0.00337	0.00590
39	0.00772	0.00557	0.00729	0.00686	0.00814	0.00514	0.00514	0.01029	0.01543	0.02186	0.77152	0.04072	0.05144	0.01115	0.00643	0.00171	0.00257	0.00986	0.00600	0.00514
40	0.00851	0.00587	0.00705	0.00736	0.00795	0.00586	0.00482	0.03835	0.05324	0.03102	0.02351	0.39878	0.02680	0.33780	0.01524	0.00341	0.00424	0.01125	0.00443	0.00451
41	0.01089	0.02668	0.72211	0.01498	0.02253	0.01237	0.01905	0.01724	0.03565	0.01716	0.01050	0.01283	0.00778	0.03977	0.00616	0.00188	0.00782	0.00427	0.00245	0.00787
42	0.02233	0.01270	0.01477	0.01132	0.01562	0.01309	0.00935	0.44305	0.02133	0.35360	0.01670	0.01544	0.01108	0.00663	0.00547	0.00166	0.00542	0.00515	0.00601	0.00927
43	0.00729	0.00556	0.00669	0.00641	0.00788	0.00496	0.00481	0.00946	0.01442	0.01946	0.52995	0.04468	0.29452	0.01204	0.00643	0.00176	0.00264	0.01041	0.00568	0.00496
44	0.55616	0.00964	0.00843	0.00743	0.01020	0.01076	0.00578	0.06408	0.01050	0.07299	0.01096	0.01556	0.00963	0.17808	0.00890	0.00246	0.00459	0.00432	0.00372	0.00580
45	0.84691	0.01054	0.00801	0.00717	0.01054	0.01223	0.00590	0.01603	0.00928	0.02446	0.00759	0.00886	0.00590	0.00506	0.00337	0.00169	0.00422	0.00295	0.00337	0.00590
46	0.54073	0.00956	0.00875	0.00749	0.01082	0.01029	0.00612	0.01789	0.01100	0.19071	0.01200	0.01250	0.00864	0.00557	0.00391	0.00161	0.00410	0.00379	0.10855	0.02598
47	0.00712	0.00514	0.00674	0.00721	0.00800	0.00476	0.00508	0.00882	0.01275	0.01754	0.36719	0.43976	0.06092	0.01431	0.00671	0.00198	0.00288	0.01284	0.00549	0.00476
48	0.02037	0.02598	0.01545	0.01404	0.01685	0.78652	0.01053	0.02177	0.01545	0.01334	0.00843	0.00983	0.00702	0.00562	0.00492	0.00140	0.00983	0.00351	0.00281	0.00632
49	0.01356	0.01171	0.01233	0.01109	0.01418	0.01356	0.00863	0.02897	0.76455	0.02281	0.02219	0.02034	0.01664	0.00740	0.00555	0.00185	0.00431	0.00616	0.00555	0.00863
50	0.00901	0.00502	0.00748	0.00748	0.00772	0.00526	0.00521	0.00777	0.00753	0.01029	0.01094	0.01827	0.01077	0.04514	0.21053	0.61374	0.00719	0.00509	0.00253	0.00301
51	0.00791	0.00527	0.00653	0.00705	0.00751	0.00505	0.00465	0.00868	0.00994	0.03762	0.04578	0.36218	0.06020	0.33933	0.01540	0.00344	0.00417	0.06068	0.00442	0.00419
52	0.01030	0.00969	0.01635	0.79530	0.03755	0.01211	0.01514	0.01393	0.01090	0.01393	0.00969	0.01453	0.00727	0.00545	0.00545	0.00182	0.00727	0.00484	0.00242	0.00606
53	0.01383	0.01165	0.01234	0.01106	0.01417	0.01342	0.00861	0.02891	0.74626	0.04125	0.02217	0.02030	0.01657	0.00738	0.00555	0.00185	0.00432	0.00615	0.00558	0.00865
54	0.84691	0.01054	0.00801	0.00717	0.01054	0.01223	0.00590	0.01603	0.00928	0.02446	0.00759	0.00886	0.00590	0.00506	0.00337	0.00169	0.00422	0.00295	0.00337	0.00590
55	0.01347	0.01303	0.02256	0.03302	0.74259	0.01299	0.04820	0.01676	0.01243	0.01780	0.01029	0.01354	0.00862	0.00485	0.00544	0.00163	0.00659	0.00492	0.00270	0.00858
56	0.00664	0.00474	0.00633	0.00759	0.00791	0.00443	0.00506	0.00759	0.01044	0.01392	0.03005	0.80485	0.03606	0.01708	0.00696	0.00221	0.00316	0.01550	0.00506	0.00443
57	0.00793	0.00529	0.00595	0.00595	0.00595	0.00529	0.00330	0.00793	0.00793	0.01057	0.01718	0.03568	0.01982	0.80840	0.02775	0.00529	0.00529	0.00793	0.00330	0.00330
58	0.01130	0.00969	0.01130	0.00807	0.01292	0.00727	0.00646	0.01373	0.01130	0.01776	0.00969	0.01130	0.00807	0.00404	0.00404	0.00081	0.00404	0.00323	0.00323	0.84173
59	0.84691	0.01054	0.00801	0.00717	0.01054	0.01223	0.00590	0.01603	0.00928	0.02446	0.00759	0.00886	0.00590	0.00506	0.00337	0.00169	0.00422	0.00295	0.00337	0.00590
60	0.01130	0.00969	0.01130	0.00807	0.01292	0.00727	0.00646	0.01373	0.01130	0.01776	0.00969	0.01130	0.00807	0.00404	0.00404	0.00081	0.00404	0.00323	0.00323	0.84173
61	0.01193	0.01193	0.01670	0.01431	0.01431	0.01670	0.01193	0.01312	0.00835	0.01312	0.00716	0.01193	0.00716	0.00954	0.01789	0.00239	0.79843	0.00477	0.00239	0.00596
62	0.00664	0.00474	0.00633	0.00759	0.00791	0.00443	0.00506	0.00759	0.01044	0.01392	0.03005	0.80485	0.03606	0.01708	0.00696	0.00221	0.00316	0.01550	0.00506	0.00443
63	0.00790	0.00541	0.00656	0.00656	0.00677	0.00562	0.00406	0.00832	0.00811	0.01102	0.01662	0.03259	0.01848	0.64215	0.19217	0.00604	0.00730	0.00748	0.00322	0.00364
64	0.05945	0.00947	0.01254	0.00966	0.01384	0.00840	0.00798	0.04301	0.01557	0.72882	0.02072	0.01802	0.01307	0.00667	0.00539	0.00169	0.00465	0.00536	0.00657	0.00913
65	0.84691	0.01054	0.00801	0.00717	0.01054	0.01223	0.00590	0.01603	0.00928	0.02446	0.00759	0.00886	0.00590	0.00506	0.00337	0.00169	0.00422	0.00295	0.00337	0.00590
66	0.02377	0.00921	0.01241	0.00959	0.01369	0.00805	0.00790	0.02620	0.03295	0.73754	0.02141	0.01865	0.01358	0.00675	0.00543	0.00168	0.00457	0.00549	0.03198	0.00914
67	0.54105	0.01007	0.00974	0.00811	0.01180	0.01066	0.00669	0.01995	0.01163	0.30476	0.01277	0.01246	0.00873	0.00569	0.00416	0.00169	0.00437	0.00389	0.00463	0.00716

[dist]
# distance from previous block
# <min> <max>
0	2

[block]
# block no. 3 follows, 44 sequences, length 58
# corresponding to MSA columns:
# 353-410
name=unknown_D
#
# <colnr> <probs for GDERKNQSTAVLIFYWHMCP>
#	G	D	E	R	K	N	Q	S	T	A	V	L	I	F	Y	W	H	M	C	P
0	0.00644	0.00552	0.00552	0.00552	0.00736	0.00460	0.00414	0.00782	0.01243	0.01473	0.05523	0.05247	0.77218	0.01381	0.00644	0.00184	0.00276	0.01151	0.00506	0.00460
1	0.01356	0.01171	0.01233	0.01109	0.01418	0.01356	0.00863	0.02897	0.76455	0.02281	0.02219	0.02034	0.01664	0.00740	0.00555	0.00185	0.00431	0.00616	0.00555	0.00863
2	0.00872	0.00596	0.00758	0.00702	0.00858	0.00550	0.00532	0.01153	0.03679	0.06414	0.64249	0.03994	0.11356	0.01103	0.00635	0.00173	0.00276	0.00965	0.00595	0.00543
3	0.00664	0.00474	0.00633	0.00759	0.00791	0.00443	0.00506	0.00759	0.01044	0.01392	0.03005	0.80485	0.03606	0.01708	0.00696	0.00221	0.00316	0.01550	0.00506	0.00443
4	0.00947	0.00473	0.00710	0.00710	0.00710	0.00473	0.00473	0.00710	0.00710	0.00947	0.00947	0.01657	0.00947	0.01894	0.02131	0.84138	0.00473	0.00473	0.00237	0.00237
5	0.02446	0.00928	0.01265	0.00970	0.01392	0.00801	0.00801	0.02657	0.01560	0.77817	0.02151	0.01856	0.01350	0.00675	0.00548	0.00169	0.00464	0.00548	0.00675	0.00928
6	0.05310	0.00785	0.01039	0.00891	0.01182	0.00705	0.00705	0.01976	0.01393	0.47745	0.07164	0.21429	0.02192	0.00985	0.00590	0.00185	0.00414	0.03952	0.00607	0.00750
7	0.02446	0.00928	0.01265	0.00970	0.01392	0.00801	0.00801	0.02657	0.01560	0.77817	0.02151	0.01856	0.01350	0.00675	0.00548	0.00169	0.00464	0.00548	0.00675	0.00928
8	0.02446	0.00928	0.01265	0.00970	0.01392	0.00801	0.00801	0.02657	0.01560	0.77817	0.02151	0.01856	0.01350	0.00675	0.00548	0.00169	0.00464	0.00548	0.00675	0.00928
9	0.02432	0.00950	0.01279	0.00980	0.01403	0.00834	0.00810	0.05345	0.01597	0.75076	0.02120	0.01835	0.01334	0.00674	0.00548	0.00169	0.00469	0.00546	0.00670	0.00928
10	0.00664	0.00474	0.00633	0.00759	0.00791	0.00443	0.00506	0.00759	0.01044	0.01392	0.03005	0.80485	0.03606	0.01708	0.00696	0.00221	0.00316	0.01550	0.00506	0.00443
11	0.00772	0.00557	0.00729	0.00686	0.00814	0.00514	0.00514	0.01029	0.01543	0.02186	0.77152	0.04072	0.05144	0.01115	0.00643	0.00171	0.00257	0.00986	0.00600	0.00514
12	0.01130	0.00969	0.01130	0.00807	0.01292	0.00727	0.00646	0.01373	0.01130	0.01776	0.00969	0.01130	0.00807	0.00404	0.00404	0.00081	0.00404	0.00323	0.00323	0.84173
13	0.02171	0.00987	0.01322	0.00999	0.01436	0.00861	0.02945	0.06935	0.01543	0.58391	0.01872	0.01690	0.01218	0.00622	0.00527	0.00154	0.00475	0.00510	0.00597	0.14745
14	0.00879	0.00628	0.00879	0.01004	0.01130	0.00628	0.00879	0.01130	0.01255	0.01632	0.02887	0.06150	0.03138	0.01506	0.00753	0.00251	0.00502	0.73770	0.00502	0.00502
15	0.01287	0.01471	0.03217	0.02298	0.02849	0.01379	0.75460	0.01746	0.01287	0.01746	0.01103	0.01471	0.00827	0.00460	0.00643	0.00184	0.00919	0.00643	0.00276	0.00735
16	0.01332	0.01277	0.02181	0.07536	0.73388	0.01291	0.01664	0.01658	0.01233	0.01760	0.01022	0.01355	0.00856	0.00489	0.00540	0.00163	0.00652	0.00486	0.00268	0.00849
17	0.84691	0.01054	0.00801	0.00717	0.01054	0.01223	0.00590	0.01603	0.00928	0.02446	0.00759	0.00886	0.00590	0.00506	0.00337	0.00169	0.00422	0.00295	0.00337	0.00590
18	0.01993	0.09222	0.01678	0.01332	0.01662	0.56117	0.01039	0.17275	0.01717	0.01763	0.00931	0.01041	0.00748	0.00573	0.00490	0.00143	0.00869	0.00375	0.00331	0.00699
19	0.01115	0.07393	0.73629	0.01518	0.02304	0.01318	0.01951	0.01721	0.01148	0.01701	0.00965	0.01135	0.00691	0.00515	0.00508	0.00169	0.00793	0.00396	0.00230	0.00800
20	0.01413	0.01146	0.01253	0.04576	0.01520	0.01313	0.00888	0.02814	0.68180	0.07218	0.02159	0.01997	0.01602	0.00727	0.00554	0.00184	0.00447	0.00606	0.00549	0.00856
21	0.02446	0.00928	0.01265	0.00970	0.01392	0.00801	0.00801	0.02657	0.01560	0.77817	0.02151	0.01856	0.01350	0.00675	0.00548	0.00169	0.00464	0.00548	0.00675	0.00928
22	0.01030	0.00969	0.01635	0.79530	0.03755	0.01211	0.01514	0.01393	0.01090	0.01393	0.00969	0.01453	0.00727	0.00545	0.00545	0.00182	0.00727	0.00484	0.00242	0.00606
23	0.02052	0.02142	0.01584	0.01341	0.01688	0.45897	0.01046	0.33435	0.01978	0.02229	0.01041	0.01122	0.00798	0.00601	0.00514	0.00150	0.00820	0.00411	0.00393	0.00758
24	0.00664	0.00474	0.00633	0.00759	0.00791	0.00443	0.00506	0.00759	0.01044	0.01392	0.03005	0.80485	0.03606	0.01708	0.00696	0.00221	0.00316	0.01550	0.00506	0.00443
25	0.01193	0.01193	0.01670	0.01431	0.01431	0.01670	0.01193	0.01312	0.00835	0.01312	0.00716	0.01193	0.00716	0.00954	0.01789	0.00239	0.79843	0.00477	0.00239	0.00596
26	0.00644	0.00552	0.00552	0.00552	0.00736	0.00460	0.00414	0.00782	0.01243	0.01473	0.05523	0.05247	0.77218	0.01381	0.00644	0.00184	0.00276	0.01151	0.00506	0.00460
27	0.06044	0.00944	0.01243	0.00965	0.01378	0.00844	0.00795	0.02620	0.04744	0.71237	0.02092	0.01820	0.01329	0.00670	0.00539	0.00169	0.00461	0.00540	0.00655	0.00910
28	0.00671	0.00479	0.00635	0.00752	0.00786	0.00448	0.00501	0.00769	0.01052	0.01407	0.05326	0.75778	0.03607	0.04030	0.00756	0.00229	0.00321	0.01510	0.00504	0.00442
29	0.02037	0.02598	0.01545	0.01404	0.01685	0.78652	0.01053	0.02177	0.01545	0.01334	0.00843	0.00983	0.00702	0.00562	0.00492	0.00140	0.00983	0.00351	0.00281	0.00632
30	0.06611	0.00953	0.01172	0.00957	0.01310	0.00926	0.00769	0.04752	0.16367	0.46828	0.07484	0.04301	0.01710	0.02575	0.00600	0.00182	0.00442	0.00612	0.00610	0.00838
31	0.00694	0.00506	0.00648	0.00713	0.00786	0.00466	0.00493	0.00833	0.01189	0.01599	0.22692	0.50253	0.11736	0.03815	0.00737	0.00213	0.00303	0.01338	0.00526	0.00460
32	0.02037	0.02598	0.01545	0.01404	0.01685	0.78652	0.01053	0.02177	0.01545	0.01334	0.00843	0.00983	0.00702	0.00562	0.00492	0.00140	0.00983	0.00351	0.00281	0.00632
33	0.00755	0.00547	0.00712	0.00692	0.00809	0.00504	0.00511	0.00988	0.01471	0.02066	0.65785	0.13896	0.06822	0.01198	0.00650	0.00178	0.00265	0.01062	0.00586	0.00504
34	0.00683	0.00514	0.00635	0.00715	0.00795	0.00473	0.00494	0.00833	0.02907	0.01485	0.08550	0.56183	0.20598	0.01570	0.00677	0.00209	0.00306	0.01398	0.00514	0.00462
35	0.00664	0.00474	0.00633	0.00759	0.00791	0.00443	0.00506	0.00759	0.01044	0.01392	0.03005	0.80485	0.03606	0.01708	0.00696	0.00221	0.00316	0.01550	0.00506	0.00443
36	0.00793	0.00529	0.00595	0.00595	0.00595	0.00529	0.00330	0.00793	0.00793	0.01057	0.01718	0.03568	0.01982	0.80840	0.02775	0.00529	0.00529	0.00793	0.00330	0.00330
37	0.00854	0.00584	0.00673	0.00643	0.00824	0.00506	0.00485	0.01026	0.01335	0.09071	0.23365	0.10344	0.45763	0.01269	0.00639	0.00182	0.00293	0.01080	0.00547	0.00518
38	0.01074	0.00602	0.00820	0.00778	0.00831	0.00624	0.00543	0.08442	0.03140	0.01241	0.01022	0.01633	0.00966	0.01733	0.01922	0.73060	0.00485	0.00479	0.00278	0.00326
39	0.01287	0.01471	0.03217	0.02298	0.02849	0.01379	0.75460	0.01746	0.01287	0.01746	0.01103	0.01471	0.00827	0.00460	0.00643	0.00184	0.00919	0.00643	0.00276	0.00735
40	0.00650	0.00553	0.00560	0.00558	0.00740	0.00463	0.00419	0.00793	0.01256	0.01504	0.08697	0.05195	0.74024	0.01369	0.00644	0.00184	0.00275	0.01143	0.00510	0.00463
41	0.01130	0.00969	0.01130	0.00807	0.01292	0.00727	0.00646	0.01373	0.01130	0.01776	0.00969	0.01130	0.00807	0.00404	0.00404	0.00081	0.00404	0.00323	0.00323	0.84173
42	0.01356	0.01171	0.01233	0.01109	0.01418	0.01356	0.00863	0.02897	0.76455	0.02281	0.02219	0.02034	0.01664	0.00740	0.00555	0.00185	0.00431	0.00616	0.00555	0.00863
43	0.84691	0.01054	0.00801	0.00717	0.01054	0.01223	0.00590	0.01603	0.00928	0.02446	0.00759	0.00886	0.00590	0.00506	0.00337	0.00169	0.00422	0.00295	0.00337	0.00590
44	0.00687	0.00519	0.00593	0.00634	0.00735	0.00464	0.00437	0.00772	0.01091	0.01364	0.03960	0.29355	0.39363	0.11563	0.01015	0.05025	0.00332	0.01197	0.00469	0.00425
45	0.01346	0.57216	0.25834	0.01123	0.01693	0.01885	0.01263	0.01661	0.01121	0.01418	0.00825	0.00959	0.00697	0.00482	0.00401	0.00134	0.00651	0.00326	0.00232	0.00732
46	0.00644	0.00552	0.00552	0.00552	0.00736	0.00460	0.00414	0.00782	0.01243	0.01473	0.05523	0.05247	0.77218	0.01381	0.00644	0.00184	0.00276	0.01151	0.00506	0.00460
47	0.04371	0.00579	0.00732	0.00687	0.00825	0.00545	0.00518	0.01053	0.01517	0.02197	0.73876	0.03936	0.04949	0.01088	0.00630	0.00171	0.00264	0.00956	0.00589	0.00518
48	0.14448	0.00619	0.00703	0.00705	0.00783	0.00639	0.01979	0.00939	0.00894	0.01393	0.01878	0.24108	0.02136	0.40439	0.03940	0.02216	0.00487	0.00903	0.00375	0.00414
49	0.01349	0.01295	0.02213	0.03346	0.77440	0.01295	0.01673	0.01673	0.01241	0.01781	0.01025	0.01349	0.00864	0.00486	0.00540	0.00162	0.00648	0.00486	0.00270	0.00864
50	0.00772	0.00557	0.00729	0.00686	0.00814	0.00514	0.00514	0.01029	0.01543	0.02186	0.77152	0.04072	0.05144	0.01115	0.00643	0.00171	0.00257	0.00986	0.00600	0.00514
51	0.00780	0.00523	0.00599	0.00612	0.00615	0.00520	0.00348	0.00789	0.00819	0.01092	0.01851	0.11512	0.02150	0.72667	0.02560	0.00497	0.00507	0.00871	0.00348	0.00342
52	0.01102	0.02758	0.74585	0.01588	0.02382	0.01271	0.05383	0.01727	0.01157	0.01727	0.00984	0.01166	0.00697	0.00515	0.00524	0.00173	0.00811	0.00414	0.00232	0.00802
53	0.00793	0.00529	0.00595	0.00595	0.00595	0.00529	0.00330	0.00793	0.00793	0.01057	0.01718	0.03568	0.01982	0.80840	0.02775	0.00529	0.00529	0.00793	0.00330	0.00330
54	0.01385	0.01165	0.01234	0.01106	0.01417	0.01341	0.00861	0.02891	0.74457	0.04296	0.02217	0.02029	0.01656	0.00738	0.00555	0.00184	0.00432	0.00615	0.00558	0.00865
55	0.01629	0.01685	0.01809	0.02219	0.35770	0.24117	0.01302	0.09831	0.12703	0.01899	0.01180	0.01340	0.00942	0.00564	0.00528	0.00159	0.00709	0.00466	0.00345	0.00802
56	0.00942	0.00475	0.00706	0.00706	0.00706	0.00475	0.00469	0.00713	0.00713	0.00951	0.00973	0.01723	0.00983	0.04609	0.02153	0.81263	0.00475	0.00484	0.00240	0.00240
57	0.01130	0.00969	0.01130	0.00807	0.01292	0.00727	0.00646	0.01373	0.01130	0.01776	0.00969	0.01130	0.00807	0.00404	0.00404	0.00081	0.00404	0.00323	0.00323	0.84173

[dist]
# distance from previous block
# <min> <max>
0	0

# created by:
# /st0/software/busco_prod/Augustus/scripts/msa2prfl.pl ./align_prep/188047.fa
