[name]
unknown

[dist]
# distance from previous block
# <min> <max>
22	123

[block]
# block no. 0 follows, 42 sequences, length 12
# corresponding to MSA columns:
# 130-141
name=unknown_A
#
# <colnr> <probs for GDERKNQSTAVLIFYWHMCP>
#	G	D	E	R	K	N	Q	S	T	A	V	L	I	F	Y	W	H	M	C	P
0	0.01413	0.10108	0.01630	0.08700	0.04858	0.01288	0.02406	0.12346	0.03415	0.07019	0.01315	0.08881	0.01161	0.00723	0.00711	0.00163	0.12123	0.00554	0.00382	0.20804
1	0.03740	0.10209	0.08961	0.17935	0.01996	0.01142	0.01049	0.06070	0.01239	0.01790	0.01115	0.05815	0.00961	0.00566	0.00479	0.00136	0.00559	0.00458	0.00321	0.35460
2	0.11958	0.00943	0.01233	0.21964	0.01904	0.01058	0.02244	0.10773	0.01281	0.03168	0.01666	0.24292	0.01676	0.02230	0.00684	0.00198	0.05134	0.00797	0.01880	0.04918
3	0.00829	0.00840	0.09390	0.00880	0.01032	0.00648	0.00708	0.03040	0.04782	0.01567	0.05053	0.51621	0.05133	0.10604	0.00931	0.00253	0.00420	0.01268	0.00476	0.00524
4	0.09308	0.04632	0.10056	0.09584	0.01830	0.08904	0.01105	0.28447	0.01724	0.03796	0.04071	0.04023	0.01165	0.03312	0.05414	0.00228	0.00706	0.00526	0.00413	0.00756
5	0.00954	0.00749	0.00889	0.09633	0.01251	0.04437	0.00676	0.03149	0.02660	0.04612	0.18144	0.28995	0.12474	0.07771	0.00836	0.00226	0.00424	0.01089	0.00494	0.00535
6	0.01774	0.01412	0.01560	0.05546	0.06973	0.06171	0.01074	0.40068	0.08666	0.04641	0.01521	0.01900	0.01221	0.00726	0.00570	0.00173	0.00609	0.07617	0.00491	0.07286
7	0.09460	0.01224	0.01925	0.14199	0.49816	0.01250	0.01473	0.01641	0.01213	0.01845	0.01016	0.01336	0.00836	0.00503	0.00522	0.00161	0.00629	0.00463	0.00287	0.10199
8	0.09389	0.01056	0.01205	0.06631	0.01528	0.00951	0.00769	0.04577	0.09644	0.02000	0.01139	0.01280	0.00911	0.00488	0.00444	0.00116	0.00455	0.00384	0.00365	0.56668
9	0.01899	0.01251	0.01391	0.03575	0.01545	0.01350	0.00911	0.44088	0.06788	0.13207	0.01609	0.01657	0.01164	0.02435	0.00586	0.00174	0.00532	0.00533	0.14448	0.00856
10	0.00978	0.00489	0.00733	0.00733	0.00733	0.00489	0.00489	0.00733	0.00733	0.00978	0.00978	0.01711	0.00978	0.01955	0.02199	0.83627	0.00489	0.00489	0.00244	0.00244
11	0.00759	0.00609	0.00773	0.09518	0.01150	0.00580	0.00606	0.00965	0.01345	0.01759	0.29782	0.15127	0.32415	0.01279	0.00661	0.00191	0.00337	0.01108	0.00526	0.00509

[dist]
# distance from previous block
# <min> <max>
4	18

[block]
# block no. 1 follows, 42 sequences, length 12
# corresponding to MSA columns:
# 170-181
name=unknown_B
#
# <colnr> <probs for GDERKNQSTAVLIFYWHMCP>
#	G	D	E	R	K	N	Q	S	T	A	V	L	I	F	Y	W	H	M	C	P
0	0.01980	0.01593	0.07183	0.01258	0.01711	0.01618	0.01092	0.63711	0.02424	0.03304	0.01364	0.01397	0.00977	0.00664	0.00548	0.00167	0.00607	0.00501	0.06990	0.00914
1	0.21471	0.02256	0.01418	0.01275	0.01586	0.56430	0.00974	0.05383	0.01492	0.01746	0.00871	0.01006	0.00708	0.00571	0.00472	0.00153	0.00860	0.00355	0.00316	0.00656
2	0.08469	0.00665	0.00812	0.00736	0.00927	0.00627	0.00566	0.01294	0.01518	0.10913	0.56559	0.03720	0.08932	0.01059	0.00624	0.00177	0.00307	0.00912	0.00598	0.00584
3	0.04322	0.01080	0.01766	0.41735	0.21148	0.01262	0.03081	0.01461	0.01104	0.01541	0.00982	0.01442	0.00799	0.00697	0.00814	0.06843	0.08507	0.00495	0.00261	0.00662
4	0.01290	0.01092	0.01684	0.27836	0.26971	0.01195	0.01349	0.01816	0.13704	0.06890	0.01531	0.09486	0.01302	0.00706	0.00578	0.00185	0.00611	0.00639	0.00371	0.00763
5	0.02679	0.02293	0.53127	0.01563	0.08043	0.01203	0.01704	0.01770	0.06108	0.01862	0.02568	0.03319	0.01004	0.00592	0.00528	0.00172	0.00707	0.00479	0.05958	0.04323
6	0.01331	0.01134	0.04256	0.22360	0.07989	0.01156	0.03648	0.04080	0.21225	0.09163	0.05704	0.02034	0.05988	0.00697	0.00568	0.00177	0.00564	0.00603	0.00433	0.06889
7	0.01074	0.01015	0.02793	0.46897	0.07944	0.01129	0.01314	0.01447	0.03890	0.01577	0.02932	0.02051	0.06623	0.00694	0.00622	0.00181	0.03980	0.04226	0.00313	0.09299
8	0.01354	0.01188	0.01870	0.23119	0.38428	0.01262	0.01457	0.08215	0.03555	0.04097	0.06702	0.01655	0.01223	0.00592	0.00564	0.00172	0.00638	0.00541	0.00344	0.03025
9	0.01261	0.01209	0.02057	0.15959	0.48833	0.01243	0.06781	0.01628	0.03135	0.01751	0.01494	0.01905	0.06548	0.00621	0.00582	0.00178	0.00664	0.03052	0.00308	0.00793
10	0.01282	0.01336	0.14721	0.00986	0.01539	0.00856	0.00932	0.01601	0.01211	0.08576	0.01111	0.01238	0.00862	0.00463	0.00451	0.00108	0.00496	0.00369	0.00349	0.61513
11	0.01452	0.44897	0.06609	0.01672	0.19312	0.06655	0.04331	0.01702	0.01214	0.01502	0.01060	0.01239	0.03542	0.00540	0.00480	0.00144	0.02222	0.00410	0.00265	0.00754

[dist]
# distance from previous block
# <min> <max>
0	1

[block]
# block no. 2 follows, 42 sequences, length 19
# corresponding to MSA columns:
# 183-201
name=unknown_C
#
# <colnr> <probs for GDERKNQSTAVLIFYWHMCP>
#	G	D	E	R	K	N	Q	S	T	A	V	L	I	F	Y	W	H	M	C	P
0	0.05129	0.03306	0.01261	0.07667	0.01558	0.00887	0.00761	0.03359	0.01191	0.01862	0.00993	0.01181	0.00816	0.00443	0.00428	0.00100	0.00457	0.00350	0.00330	0.67919
1	0.01272	0.01064	0.01363	0.06924	0.01611	0.00969	0.02911	0.04323	0.01208	0.05281	0.01042	0.01252	0.00847	0.00523	0.00624	0.00122	0.10192	0.00392	0.00341	0.57740
2	0.01049	0.00525	0.00525	0.00525	0.00656	0.00525	0.00393	0.01311	0.01180	0.02098	0.01836	0.02098	0.01442	0.00656	0.00393	0.00131	0.00262	0.00525	0.83346	0.00525
3	0.00967	0.05323	0.07169	0.00855	0.01124	0.00818	0.00734	0.01425	0.11219	0.02101	0.45784	0.03303	0.07838	0.00964	0.00603	0.00168	0.00368	0.00829	0.00531	0.07877
4	0.00855	0.07601	0.00922	0.00716	0.00905	0.00712	0.00560	0.01152	0.05579	0.01974	0.45864	0.04138	0.24665	0.01148	0.00633	0.00176	0.00310	0.00982	0.00557	0.00552
5	0.01049	0.00525	0.00525	0.00525	0.00656	0.00525	0.00393	0.01311	0.01180	0.02098	0.01836	0.02098	0.01442	0.00656	0.00393	0.00131	0.00262	0.00525	0.83346	0.00525
6	0.08575	0.02994	0.08139	0.14750	0.27501	0.07432	0.03256	0.01721	0.05267	0.01740	0.01080	0.03229	0.00906	0.00626	0.00697	0.00182	0.10364	0.00499	0.00295	0.00748
7	0.84197	0.01088	0.00827	0.00740	0.01088	0.01262	0.00609	0.01654	0.00958	0.02525	0.00784	0.00914	0.00609	0.00522	0.00348	0.00174	0.00435	0.00305	0.00348	0.00609
8	0.04490	0.01526	0.01498	0.01236	0.01619	0.08598	0.00990	0.39115	0.29655	0.02871	0.01638	0.01585	0.01207	0.00695	0.00555	0.00175	0.00585	0.00535	0.00535	0.00893
9	0.75963	0.01077	0.00892	0.04234	0.01232	0.01238	0.00664	0.01705	0.01001	0.06615	0.00873	0.00996	0.00659	0.00534	0.00370	0.00175	0.00452	0.00328	0.00363	0.00629
10	0.01198	0.01086	0.01715	0.62769	0.09177	0.01307	0.01502	0.07947	0.04652	0.01695	0.01094	0.01506	0.00823	0.00577	0.00563	0.00184	0.00719	0.00507	0.00294	0.00687
11	0.00868	0.00795	0.07423	0.00765	0.00986	0.00598	0.00654	0.01135	0.01481	0.05281	0.49048	0.04142	0.22407	0.01145	0.00649	0.00180	0.00329	0.00988	0.00565	0.00562
12	0.01520	0.57545	0.09553	0.01237	0.06199	0.06779	0.01134	0.04978	0.01242	0.01501	0.00850	0.00997	0.00743	0.00519	0.00457	0.00136	0.03263	0.00343	0.00260	0.00745
13	0.01049	0.00525	0.00525	0.00525	0.00656	0.00525	0.00393	0.01311	0.01180	0.02098	0.01836	0.02098	0.01442	0.00656	0.00393	0.00131	0.00262	0.00525	0.83346	0.00525
14	0.01214	0.01120	0.01522	0.18923	0.01946	0.04215	0.02962	0.07777	0.02661	0.01566	0.01101	0.01686	0.00998	0.08842	0.11691	0.00337	0.29976	0.00544	0.00301	0.00617
15	0.01384	0.09293	0.01727	0.05530	0.01645	0.20056	0.06339	0.01566	0.01136	0.01406	0.01042	0.03616	0.00970	0.03791	0.09945	0.00283	0.26205	0.00510	0.02939	0.00616
16	0.01049	0.00525	0.00525	0.00525	0.00656	0.00525	0.00393	0.01311	0.01180	0.02098	0.01836	0.02098	0.01442	0.00656	0.00393	0.00131	0.00262	0.00525	0.83346	0.00525
17	0.01177	0.01175	0.08096	0.09369	0.01738	0.02423	0.10339	0.08310	0.03993	0.01701	0.01387	0.06208	0.01276	0.12587	0.07037	0.04013	0.11698	0.00632	0.06224	0.00617
18	0.84197	0.01088	0.00827	0.00740	0.01088	0.01262	0.00609	0.01654	0.00958	0.02525	0.00784	0.00914	0.00609	0.00522	0.00348	0.00174	0.00435	0.00305	0.00348	0.00609

[dist]
# distance from previous block
# <min> <max>
0	1

[block]
# block no. 3 follows, 42 sequences, length 43
# corresponding to MSA columns:
# 207-213,219-236,240-257
name=unknown_D
#
# <colnr> <probs for GDERKNQSTAVLIFYWHMCP>
#	G	D	E	R	K	N	Q	S	T	A	V	L	I	F	Y	W	H	M	C	P
0	0.01193	0.01103	0.01858	0.49684	0.24488	0.01253	0.03644	0.01575	0.02743	0.03255	0.01200	0.01596	0.02852	0.00573	0.00567	0.00182	0.00708	0.00528	0.00283	0.00714
1	0.84197	0.01088	0.00827	0.00740	0.01088	0.01262	0.00609	0.01654	0.00958	0.02525	0.00784	0.00914	0.00609	0.00522	0.00348	0.00174	0.00435	0.00305	0.00348	0.00609
2	0.01063	0.01000	0.01688	0.78870	0.03876	0.01250	0.01563	0.01438	0.01125	0.01438	0.01000	0.01500	0.00750	0.00563	0.00563	0.00188	0.00750	0.00500	0.00250	0.00625
3	0.01346	0.01143	0.01211	0.01094	0.01393	0.01301	0.00848	0.06272	0.62804	0.02304	0.02506	0.07127	0.06441	0.00863	0.00587	0.00192	0.00437	0.00724	0.00566	0.00841
4	0.02102	0.02682	0.01595	0.01450	0.01740	0.77963	0.01087	0.02247	0.01595	0.01377	0.00870	0.01015	0.00725	0.00580	0.00507	0.00145	0.01015	0.00362	0.00290	0.00652
5	0.01162	0.01007	0.03486	0.02877	0.04138	0.02745	0.07057	0.06166	0.01137	0.01684	0.01407	0.03898	0.01321	0.20081	0.01395	0.00273	0.19065	0.00616	0.19908	0.00576
6	0.01114	0.00761	0.01043	0.00901	0.01119	0.00730	0.05243	0.04376	0.07234	0.10545	0.50352	0.06546	0.05658	0.01040	0.00644	0.00181	0.00363	0.00923	0.00595	0.00633
7	0.01399	0.23376	0.07192	0.01579	0.06442	0.08519	0.10618	0.01633	0.01111	0.01463	0.00851	0.01166	0.00756	0.00686	0.01002	0.00186	0.30622	0.00446	0.00255	0.00698
8	0.00794	0.00649	0.02772	0.00904	0.00988	0.00605	0.02243	0.03033	0.01142	0.01533	0.02850	0.64270	0.03341	0.01623	0.00758	0.00228	0.03533	0.07736	0.00500	0.00499
9	0.01491	0.01493	0.23645	0.01238	0.03063	0.00963	0.06613	0.01901	0.04198	0.24802	0.11311	0.02323	0.08457	0.03659	0.00667	0.00191	0.00577	0.00648	0.00474	0.02286
10	0.00879	0.00632	0.00867	0.00961	0.01094	0.00621	0.00823	0.01134	0.01348	0.01779	0.16039	0.05935	0.06284	0.01479	0.00753	0.00242	0.00465	0.57610	0.00536	0.00519
11	0.00686	0.00490	0.00653	0.00784	0.00816	0.00457	0.00522	0.00784	0.01077	0.01437	0.03102	0.79855	0.03722	0.01763	0.00718	0.00229	0.00326	0.01600	0.00522	0.00457
12	0.01167	0.01000	0.01167	0.00834	0.01334	0.00750	0.00667	0.01417	0.01167	0.01834	0.01000	0.01167	0.00834	0.00417	0.00417	0.00083	0.00417	0.00333	0.00333	0.83663
13	0.04446	0.01312	0.02128	0.11453	0.62580	0.03003	0.01633	0.01728	0.01267	0.03585	0.01065	0.01391	0.00874	0.00515	0.00549	0.00169	0.00672	0.00492	0.00288	0.00848
14	0.84197	0.01088	0.00827	0.00740	0.01088	0.01262	0.00609	0.01654	0.00958	0.02525	0.00784	0.00914	0.00609	0.00522	0.00348	0.00174	0.00435	0.00305	0.00348	0.00609
15	0.01134	0.02648	0.65887	0.01665	0.04224	0.01278	0.07671	0.01747	0.01221	0.01809	0.04752	0.01368	0.00956	0.00560	0.00552	0.00179	0.00809	0.00467	0.00261	0.00813
16	0.00978	0.00489	0.00733	0.00733	0.00733	0.00489	0.00489	0.00733	0.00733	0.00978	0.00978	0.01711	0.00978	0.01955	0.02199	0.83627	0.00489	0.00489	0.00244	0.00244
17	0.01167	0.01000	0.01167	0.00834	0.01334	0.00750	0.00667	0.01417	0.01167	0.01834	0.01000	0.01167	0.00834	0.00417	0.00417	0.00083	0.00417	0.00333	0.00333	0.83663
18	0.01344	0.01427	0.05353	0.06528	0.47620	0.03687	0.15870	0.01701	0.01278	0.01778	0.02577	0.01527	0.02391	0.00552	0.00632	0.00176	0.03906	0.00548	0.00287	0.00817
19	0.00978	0.00489	0.00733	0.00733	0.00733	0.00489	0.00489	0.00733	0.00733	0.00978	0.00978	0.01711	0.00978	0.01955	0.02199	0.83627	0.00489	0.00489	0.00244	0.00244
20	0.01049	0.00525	0.00525	0.00525	0.00656	0.00525	0.00393	0.01311	0.01180	0.02098	0.01836	0.02098	0.01442	0.00656	0.00393	0.00131	0.00262	0.00525	0.83346	0.00525
21	0.01266	0.01248	0.01844	0.41350	0.25844	0.08669	0.03358	0.01570	0.01199	0.01536	0.01008	0.01434	0.00808	0.00630	0.00660	0.05391	0.00739	0.00491	0.00263	0.00689
22	0.03427	0.06030	0.01267	0.04843	0.01424	0.01238	0.00827	0.12665	0.34065	0.02254	0.09123	0.02675	0.16076	0.00877	0.00577	0.00181	0.00449	0.00720	0.00523	0.00758
23	0.01049	0.00525	0.00525	0.00525	0.00656	0.00525	0.00393	0.01311	0.01180	0.02098	0.01836	0.02098	0.01442	0.00656	0.00393	0.00131	0.00262	0.00525	0.83346	0.00525
24	0.69579	0.01093	0.00966	0.08778	0.01412	0.01264	0.00733	0.04445	0.01063	0.05181	0.00880	0.01027	0.00666	0.00539	0.00386	0.00175	0.00476	0.00342	0.00359	0.00637
25	0.84197	0.01088	0.00827	0.00740	0.01088	0.01262	0.00609	0.01654	0.00958	0.02525	0.00784	0.00914	0.00609	0.00522	0.00348	0.00174	0.00435	0.00305	0.00348	0.00609
26	0.05181	0.01492	0.01583	0.01226	0.01652	0.01651	0.01010	0.67467	0.02490	0.03417	0.01360	0.01381	0.00974	0.00669	0.00544	0.00167	0.00590	0.00500	0.05728	0.00917
27	0.84197	0.01088	0.00827	0.00740	0.01088	0.01262	0.00609	0.01654	0.00958	0.02525	0.00784	0.00914	0.00609	0.00522	0.00348	0.00174	0.00435	0.00305	0.00348	0.00609
28	0.00745	0.00532	0.00697	0.00810	0.00859	0.00508	0.00557	0.02931	0.01129	0.01503	0.03008	0.70976	0.03568	0.03816	0.00775	0.00237	0.00353	0.06005	0.00518	0.00472
29	0.26393	0.23796	0.07688	0.00994	0.01425	0.01591	0.00923	0.18227	0.03729	0.02296	0.01207	0.01289	0.03673	0.00594	0.00436	0.00157	0.00543	0.00411	0.03889	0.00738
30	0.00899	0.06497	0.02821	0.00964	0.01097	0.00909	0.00787	0.01096	0.00922	0.01316	0.01386	0.02055	0.01304	0.05927	0.61837	0.00764	0.08021	0.00574	0.00292	0.00530
31	0.01049	0.00525	0.00525	0.00525	0.00656	0.00525	0.00393	0.01311	0.01180	0.02098	0.01836	0.02098	0.01442	0.00656	0.00393	0.00131	0.00262	0.00525	0.83346	0.00525
32	0.01707	0.03342	0.01547	0.09163	0.01764	0.08203	0.01031	0.38660	0.01891	0.02511	0.01272	0.03235	0.01040	0.06045	0.00840	0.00198	0.09309	0.00528	0.04538	0.03175
33	0.01063	0.01000	0.01688	0.78870	0.03876	0.01250	0.01563	0.01438	0.01125	0.01438	0.01000	0.01500	0.00750	0.00563	0.00563	0.00188	0.00750	0.00500	0.00250	0.00625
34	0.01049	0.00525	0.00525	0.00525	0.00656	0.00525	0.00393	0.01311	0.01180	0.02098	0.01836	0.02098	0.01442	0.00656	0.00393	0.00131	0.00262	0.00525	0.83346	0.00525
35	0.04917	0.00654	0.00849	0.00893	0.00944	0.00720	0.00647	0.00939	0.01063	0.01516	0.06035	0.57031	0.04901	0.01531	0.00891	0.00226	0.13970	0.01307	0.00471	0.00496
36	0.84197	0.01088	0.00827	0.00740	0.01088	0.01262	0.00609	0.01654	0.00958	0.02525	0.00784	0.00914	0.00609	0.00522	0.00348	0.00174	0.00435	0.00305	0.00348	0.00609
37	0.01400	0.01209	0.01273	0.01145	0.01463	0.01400	0.00891	0.02990	0.75695	0.02354	0.02291	0.02100	0.01718	0.00764	0.00573	0.00191	0.00445	0.00636	0.00573	0.00891
38	0.84197	0.01088	0.00827	0.00740	0.01088	0.01262	0.00609	0.01654	0.00958	0.02525	0.00784	0.00914	0.00609	0.00522	0.00348	0.00174	0.00435	0.00305	0.00348	0.00609
39	0.05247	0.02765	0.70563	0.01592	0.02389	0.01309	0.04910	0.01777	0.01182	0.01820	0.01004	0.01188	0.00713	0.00532	0.00531	0.00178	0.00817	0.00420	0.00245	0.00818
40	0.00842	0.00643	0.00963	0.01037	0.05699	0.00728	0.00734	0.01033	0.00920	0.01320	0.01504	0.02297	0.01434	0.11096	0.66127	0.00825	0.01365	0.00617	0.00304	0.00512
41	0.01063	0.01000	0.01688	0.78870	0.03876	0.01250	0.01563	0.01438	0.01125	0.01438	0.01000	0.01500	0.00750	0.00563	0.00563	0.00188	0.00750	0.00500	0.00250	0.00625
42	0.08769	0.14084	0.14486	0.01048	0.01355	0.01158	0.01001	0.01328	0.00995	0.01508	0.01198	0.01652	0.01068	0.02470	0.40961	0.00551	0.04987	0.00488	0.00282	0.00611

[dist]
# distance from previous block
# <min> <max>
0	1

[block]
# block no. 4 follows, 42 sequences, length 10
# corresponding to MSA columns:
# 259-268
name=unknown_E
#
# <colnr> <probs for GDERKNQSTAVLIFYWHMCP>
#	G	D	E	R	K	N	Q	S	T	A	V	L	I	F	Y	W	H	M	C	P
0	0.00882	0.00640	0.00872	0.00988	0.01124	0.00630	0.00857	0.01129	0.01294	0.01667	0.03261	0.06252	0.10805	0.01541	0.00766	0.00252	0.00494	0.65513	0.00519	0.00514
1	0.84197	0.01088	0.00827	0.00740	0.01088	0.01262	0.00609	0.01654	0.00958	0.02525	0.00784	0.00914	0.00609	0.00522	0.00348	0.00174	0.00435	0.00305	0.00348	0.00609
2	0.00818	0.00546	0.00614	0.00614	0.00614	0.00546	0.00341	0.00818	0.00818	0.01091	0.01773	0.03683	0.02046	0.80222	0.02864	0.00546	0.00546	0.00818	0.00341	0.00341
3	0.01209	0.01228	0.01999	0.09136	0.04358	0.01533	0.16053	0.01432	0.01007	0.01473	0.00989	0.05800	0.00938	0.00870	0.01379	0.00226	0.48861	0.00591	0.00271	0.00645
4	0.00817	0.00548	0.00625	0.00621	0.00632	0.00544	0.00356	0.00837	0.00879	0.01182	0.07607	0.03723	0.02301	0.74043	0.02692	0.00517	0.00524	0.00834	0.00363	0.00356
5	0.01055	0.00751	0.00966	0.00984	0.01186	0.00734	0.00823	0.01451	0.09973	0.05976	0.04820	0.10179	0.05148	0.01296	0.00693	0.00222	0.00469	0.43585	0.00519	0.09170
6	0.01319	0.09600	0.07692	0.08442	0.30431	0.08604	0.01334	0.01732	0.07304	0.01746	0.08665	0.01701	0.01381	0.00891	0.06594	0.00223	0.00721	0.00531	0.00330	0.00758
7	0.01224	0.09388	0.01960	0.14597	0.16681	0.06383	0.14382	0.01552	0.02808	0.01640	0.03398	0.04446	0.08732	0.00782	0.00598	0.00184	0.00671	0.09545	0.00345	0.00684
8	0.11818	0.31628	0.10727	0.07470	0.01718	0.05673	0.01110	0.07612	0.01249	0.01736	0.01153	0.01321	0.05047	0.00627	0.00595	0.00162	0.08930	0.00422	0.00300	0.00703
9	0.03749	0.22999	0.09818	0.07707	0.09341	0.08744	0.02862	0.09491	0.10404	0.03403	0.01151	0.01282	0.00906	0.00561	0.00489	0.00154	0.00656	0.00432	0.00342	0.05509

[dist]
# distance from previous block
# <min> <max>
0	46

# created by:
# /st0/software/busco_prod/Augustus/scripts/msa2prfl.pl ./align_prep/188221.fa
