[name]
unknown

[dist]
# distance from previous block
# <min> <max>
3	45

[block]
# block no. 0 follows, 45 sequences, length 14
# corresponding to MSA columns:
# 46-59
name=unknown_A
#
# <colnr> <probs for GDERKNQSTAVLIFYWHMCP>
#	G	D	E	R	K	N	Q	S	T	A	V	L	I	F	Y	W	H	M	C	P
0	0.06624	0.01049	0.01332	0.25751	0.03230	0.02229	0.01032	0.05362	0.24279	0.12086	0.03999	0.03351	0.01284	0.00663	0.00561	0.00175	0.02685	0.00545	0.00429	0.03336
1	0.00876	0.00639	0.00769	0.00801	0.00891	0.00649	0.00554	0.09355	0.06374	0.01605	0.02520	0.54370	0.02873	0.13897	0.00978	0.00256	0.00383	0.01229	0.00479	0.00501
2	0.01129	0.01137	0.01766	0.15622	0.06699	0.04095	0.12690	0.01354	0.01010	0.01409	0.01105	0.10238	0.01069	0.00918	0.03240	0.00224	0.34797	0.00614	0.00276	0.00608
3	0.01764	0.01315	0.01431	0.01151	0.01510	0.01454	0.00931	0.57258	0.09708	0.02958	0.01572	0.10328	0.01299	0.00904	0.03668	0.00197	0.00576	0.00616	0.00524	0.00836
4	0.01483	0.01172	0.01318	0.02894	0.01482	0.01128	0.00817	0.31629	0.04611	0.02411	0.01188	0.03226	0.00943	0.00546	0.00470	0.00122	0.00482	0.00430	0.00418	0.43226
5	0.00918	0.00689	0.00943	0.00817	0.00906	0.00690	0.08858	0.05819	0.00950	0.01271	0.01597	0.03135	0.01756	0.66788	0.02352	0.00459	0.00568	0.00745	0.00333	0.00409
6	0.00663	0.00488	0.00609	0.00695	0.00757	0.00448	0.00470	0.00764	0.01068	0.01394	0.06257	0.58241	0.17681	0.06808	0.00808	0.00229	0.00315	0.01380	0.00491	0.00435
7	0.13673	0.01185	0.01239	0.02270	0.01353	0.05278	0.00836	0.27795	0.03637	0.07366	0.01321	0.05303	0.01064	0.00759	0.02189	0.00179	0.09327	0.00502	0.10346	0.04377
8	0.01724	0.01188	0.01307	0.06189	0.01524	0.03996	0.00875	0.39897	0.01889	0.11161	0.01422	0.01509	0.01039	0.00781	0.04170	0.00185	0.00566	0.00485	0.15889	0.04202
9	0.01499	0.04403	0.01358	0.01080	0.03875	0.10978	0.00833	0.16849	0.12622	0.04318	0.01250	0.01318	0.00969	0.00539	0.00464	0.00127	0.00523	0.00416	0.04059	0.32522
10	0.00903	0.00733	0.00920	0.06494	0.01170	0.00732	0.00655	0.03007	0.06038	0.01536	0.03883	0.31297	0.06805	0.10098	0.00903	0.00215	0.05868	0.00927	0.00412	0.17405
11	0.01379	0.01220	0.01490	0.05066	0.21895	0.07666	0.01053	0.15456	0.04784	0.01986	0.01262	0.06276	0.01082	0.00731	0.03088	0.00172	0.03363	0.00515	0.06123	0.15392
12	0.01354	0.01308	0.09962	0.02345	0.09842	0.04514	0.01010	0.22244	0.05669	0.03358	0.01537	0.14814	0.01432	0.06935	0.02525	0.00209	0.01555	0.00659	0.00408	0.08323
13	0.01341	0.01184	0.01330	0.03424	0.13427	0.09772	0.00920	0.11427	0.09803	0.04150	0.01539	0.15578	0.01437	0.02932	0.00612	0.00166	0.02048	0.00642	0.00399	0.17869

[dist]
# distance from previous block
# <min> <max>
4	19

[block]
# block no. 1 follows, 45 sequences, length 12
# corresponding to MSA columns:
# 79-90
name=unknown_B
#
# <colnr> <probs for GDERKNQSTAVLIFYWHMCP>
#	G	D	E	R	K	N	Q	S	T	A	V	L	I	F	Y	W	H	M	C	P
0	0.01195	0.01135	0.01943	0.30601	0.02638	0.01206	0.23330	0.08548	0.03038	0.01737	0.01131	0.03852	0.00905	0.00616	0.01819	0.00179	0.03437	0.00543	0.02049	0.10098
1	0.01221	0.01053	0.01587	0.52693	0.02966	0.01224	0.03352	0.11436	0.03142	0.03903	0.01057	0.01399	0.00792	0.00559	0.00571	0.00169	0.03546	0.00472	0.00306	0.08553
2	0.11736	0.01148	0.01387	0.13285	0.08538	0.01196	0.00974	0.23517	0.04131	0.05280	0.01173	0.03338	0.00918	0.00567	0.00482	0.00147	0.00528	0.00452	0.00394	0.20809
3	0.07213	0.01140	0.01269	0.12285	0.01688	0.08293	0.02526	0.05757	0.05819	0.07625	0.03267	0.03019	0.01033	0.00541	0.00466	0.00130	0.00521	0.00436	0.00366	0.36605
4	0.01690	0.01180	0.01358	0.13315	0.02816	0.07147	0.00962	0.15931	0.13338	0.21462	0.03182	0.02933	0.01221	0.00662	0.00570	0.00165	0.03316	0.00526	0.03673	0.04555
5	0.01679	0.01289	0.01493	0.15379	0.01932	0.01423	0.01030	0.48233	0.06430	0.02724	0.01274	0.01412	0.00946	0.02531	0.00574	0.00166	0.00577	0.00483	0.02525	0.07899
6	0.00934	0.00684	0.00916	0.00869	0.01008	0.00773	0.00678	0.10338	0.01093	0.01552	0.01584	0.02158	0.03966	0.06137	0.59661	0.00701	0.01197	0.00587	0.04635	0.00528
7	0.01145	0.00913	0.01077	0.00810	0.01235	0.00716	0.00639	0.01415	0.03899	0.05658	0.01248	0.08691	0.01113	0.00544	0.00437	0.00101	0.00393	0.00454	0.00361	0.69150
8	0.01036	0.00796	0.01140	0.34558	0.02064	0.00943	0.00961	0.03859	0.01160	0.01728	0.08436	0.01845	0.01363	0.00662	0.00603	0.00164	0.07896	0.00531	0.29690	0.00564
9	0.00661	0.00538	0.00586	0.00589	0.00745	0.00462	0.00436	0.00817	0.01264	0.01583	0.19564	0.11972	0.56238	0.01337	0.00639	0.00182	0.00272	0.01137	0.00517	0.00462
10	0.01080	0.01050	0.01728	0.50411	0.17597	0.02984	0.06628	0.01411	0.01140	0.01476	0.01388	0.01749	0.07899	0.00596	0.00550	0.00175	0.00679	0.00546	0.00271	0.00642
11	0.02273	0.01003	0.01367	0.01199	0.08508	0.00917	0.00891	0.09441	0.01600	0.64002	0.01937	0.01730	0.01245	0.00645	0.00539	0.00165	0.00486	0.00529	0.00615	0.00908

[dist]
# distance from previous block
# <min> <max>
0	1

[block]
# block no. 2 follows, 45 sequences, length 34
# corresponding to MSA columns:
# 92-125
name=unknown_C
#
# <colnr> <probs for GDERKNQSTAVLIFYWHMCP>
#	G	D	E	R	K	N	Q	S	T	A	V	L	I	F	Y	W	H	M	C	P
0	0.01292	0.50136	0.32885	0.01162	0.01754	0.01775	0.01342	0.01644	0.01108	0.01437	0.00833	0.00969	0.00685	0.00479	0.00410	0.00137	0.00661	0.00331	0.00228	0.00730
1	0.00666	0.00474	0.00625	0.00735	0.00769	0.00444	0.00489	0.00762	0.01038	0.01390	0.06497	0.72893	0.03537	0.05948	0.00793	0.00232	0.00320	0.01459	0.00493	0.00433
2	0.01435	0.81458	0.02813	0.00918	0.01378	0.02124	0.00918	0.01607	0.01091	0.01263	0.00746	0.00861	0.00689	0.00459	0.00344	0.00115	0.00574	0.00287	0.00230	0.00689
3	0.01264	0.01393	0.02879	0.02075	0.02594	0.01317	0.64973	0.01793	0.07662	0.01766	0.01171	0.01475	0.00883	0.00473	0.00612	0.00175	0.00834	0.00612	0.00298	0.05750
4	0.01957	0.09362	0.01636	0.01338	0.01635	0.69860	0.01026	0.04447	0.01516	0.01375	0.00837	0.00969	0.00698	0.00548	0.00474	0.00137	0.00922	0.00345	0.00281	0.00637
5	0.01335	0.01153	0.01214	0.01092	0.01396	0.01335	0.00850	0.02852	0.76817	0.02245	0.02185	0.02003	0.01639	0.00728	0.00546	0.00182	0.00425	0.00607	0.00546	0.00850
6	0.00770	0.00548	0.00675	0.00661	0.00798	0.00492	0.00489	0.00965	0.01365	0.04608	0.43811	0.15950	0.24401	0.01242	0.00638	0.00180	0.00275	0.01084	0.00554	0.00496
7	0.00739	0.00548	0.00689	0.00654	0.00789	0.00498	0.00490	0.00973	0.01471	0.02037	0.65666	0.04200	0.16974	0.01140	0.00633	0.00171	0.00256	0.00997	0.00576	0.00498
8	0.02408	0.00914	0.01246	0.00955	0.01370	0.00789	0.00789	0.02616	0.01536	0.78158	0.02118	0.01827	0.01329	0.00664	0.00540	0.00166	0.00457	0.00540	0.00664	0.00914
9	0.00649	0.00542	0.00565	0.00564	0.00735	0.00459	0.00421	0.00797	0.01252	0.01527	0.13516	0.06866	0.67589	0.01338	0.00635	0.00181	0.00271	0.01124	0.00509	0.00459
10	0.01934	0.01365	0.01487	0.01174	0.01576	0.01499	0.00959	0.52566	0.17972	0.11413	0.01568	0.01498	0.01111	0.00664	0.00539	0.00166	0.00541	0.00515	0.00553	0.00900
11	0.00760	0.00549	0.00718	0.00675	0.00802	0.00506	0.00506	0.01013	0.01519	0.02153	0.77503	0.04010	0.05065	0.01097	0.00633	0.00169	0.00253	0.00971	0.00591	0.00506
12	0.84927	0.01038	0.00789	0.00706	0.01038	0.01204	0.00581	0.01578	0.00914	0.02408	0.00747	0.00872	0.00581	0.00498	0.00332	0.00166	0.00415	0.00291	0.00332	0.00581
13	0.00737	0.00530	0.00693	0.00689	0.00791	0.00491	0.00500	0.00948	0.01390	0.01949	0.58872	0.21088	0.04644	0.03378	0.00701	0.00189	0.00273	0.01089	0.00563	0.00486
14	0.01159	0.00674	0.00870	0.00792	0.00986	0.00636	0.00610	0.01494	0.07983	0.18510	0.43611	0.11912	0.03717	0.01051	0.00615	0.00178	0.00328	0.03671	0.00589	0.00616
15	0.09223	0.01463	0.01540	0.01189	0.01610	0.01625	0.00982	0.69548	0.02384	0.03299	0.01242	0.01253	0.00884	0.00632	0.00519	0.00162	0.00575	0.00467	0.00519	0.00884
16	0.00740	0.00541	0.00695	0.00670	0.00793	0.00496	0.00497	0.00969	0.01452	0.02025	0.64913	0.10761	0.11101	0.01170	0.00638	0.00174	0.00260	0.01033	0.00575	0.00496
17	0.07465	0.00921	0.01218	0.00940	0.01350	0.00814	0.00776	0.02552	0.01498	0.73517	0.02034	0.01769	0.01283	0.00654	0.00527	0.00166	0.00454	0.00525	0.00644	0.00893
18	0.00931	0.00586	0.00736	0.00689	0.00855	0.00523	0.00519	0.01135	0.01401	0.11656	0.43451	0.12307	0.20832	0.01164	0.00627	0.00177	0.00290	0.01012	0.00569	0.00539
19	0.84927	0.01038	0.00789	0.00706	0.01038	0.01204	0.00581	0.01578	0.00914	0.02408	0.00747	0.00872	0.00581	0.00498	0.00332	0.00166	0.00415	0.00291	0.00332	0.00581
20	0.00643	0.00544	0.00556	0.00553	0.00730	0.00457	0.00415	0.00787	0.01244	0.01499	0.10423	0.05086	0.72553	0.01341	0.00634	0.00180	0.00271	0.01122	0.00505	0.00457
21	0.81920	0.01034	0.00806	0.00715	0.01050	0.01189	0.00589	0.01616	0.00936	0.05168	0.00797	0.00907	0.00609	0.00504	0.00340	0.00166	0.00417	0.00300	0.00344	0.00593
22	0.00658	0.00542	0.00578	0.00575	0.00741	0.00462	0.00429	0.00813	0.01269	0.01573	0.18268	0.07814	0.61772	0.01325	0.00636	0.00180	0.00270	0.01119	0.00515	0.00462
23	0.01113	0.00954	0.01113	0.00795	0.01272	0.00716	0.00636	0.01352	0.01113	0.01749	0.00954	0.01113	0.00795	0.00398	0.00398	0.00080	0.00398	0.00318	0.00318	0.84417
24	0.00764	0.00554	0.00684	0.00651	0.00795	0.00498	0.00488	0.00982	0.01430	0.03750	0.55363	0.06690	0.23023	0.01171	0.00633	0.00173	0.00265	0.01019	0.00567	0.00501
25	0.00781	0.00520	0.00585	0.00585	0.00585	0.00520	0.00325	0.00781	0.00781	0.01041	0.01691	0.03513	0.01952	0.81135	0.02732	0.00520	0.00520	0.00781	0.00325	0.00325
26	0.00767	0.00575	0.00863	0.00863	0.00959	0.00671	0.00671	0.00959	0.00863	0.01246	0.01438	0.02109	0.01342	0.04026	0.79008	0.00863	0.01438	0.00575	0.00288	0.00479
27	0.01077	0.02777	0.78354	0.01530	0.02323	0.01247	0.01983	0.01700	0.01133	0.01700	0.00963	0.01133	0.00680	0.00510	0.00510	0.00170	0.00793	0.00397	0.00227	0.00793
28	0.01657	0.01412	0.01388	0.01172	0.01519	0.08653	0.00930	0.29691	0.42510	0.02578	0.01730	0.01644	0.01284	0.00681	0.00537	0.00170	0.00536	0.00537	0.00518	0.00852
29	0.01267	0.01448	0.03167	0.02262	0.02805	0.01357	0.75837	0.01719	0.01267	0.01719	0.01086	0.01448	0.00814	0.00452	0.00633	0.00181	0.00905	0.00633	0.00271	0.00724
30	0.00645	0.00544	0.00559	0.00555	0.00732	0.00458	0.00416	0.00791	0.01249	0.01511	0.11683	0.05066	0.71286	0.01337	0.00634	0.00180	0.00270	0.01119	0.00506	0.00458
31	0.01441	0.72475	0.02725	0.01136	0.08006	0.04033	0.00985	0.01625	0.01113	0.01307	0.00771	0.00904	0.00703	0.00463	0.00364	0.00119	0.00590	0.00305	0.00234	0.00701
32	0.02011	0.02379	0.01536	0.01358	0.01660	0.65853	0.01034	0.14683	0.01691	0.01665	0.00908	0.01022	0.00729	0.00569	0.00493	0.00142	0.00904	0.00369	0.00321	0.00672
33	0.02341	0.01022	0.01313	0.01007	0.01425	0.00951	0.00832	0.16158	0.01719	0.64360	0.01965	0.01728	0.01252	0.00661	0.00539	0.00165	0.00481	0.00529	0.00641	0.00913

[dist]
# distance from previous block
# <min> <max>
0	11

[block]
# block no. 3 follows, 45 sequences, length 48
# corresponding to MSA columns:
# 137-184
name=unknown_D
#
# <colnr> <probs for GDERKNQSTAVLIFYWHMCP>
#	G	D	E	R	K	N	Q	S	T	A	V	L	I	F	Y	W	H	M	C	P
0	0.02290	0.01090	0.05308	0.01022	0.01459	0.00930	0.00882	0.12396	0.01648	0.64164	0.01947	0.01719	0.01239	0.00654	0.00538	0.00166	0.00492	0.00525	0.00625	0.00907
1	0.01346	0.01278	0.02135	0.03106	0.70309	0.01290	0.03148	0.03593	0.05191	0.01820	0.01080	0.01365	0.00892	0.00495	0.00534	0.00161	0.00631	0.00488	0.00287	0.00849
2	0.01014	0.00954	0.01610	0.79845	0.03697	0.01193	0.01491	0.01371	0.01073	0.01371	0.00954	0.01431	0.00716	0.00537	0.00537	0.00179	0.00716	0.00477	0.00239	0.00596
3	0.01213	0.32802	0.49527	0.01297	0.01962	0.01581	0.01577	0.01665	0.01117	0.01533	0.00880	0.01029	0.00683	0.00491	0.00447	0.00149	0.00710	0.00355	0.00228	0.00753
4	0.02005	0.02558	0.01521	0.01383	0.01659	0.78980	0.01037	0.02143	0.01521	0.01314	0.00830	0.00968	0.00691	0.00553	0.00484	0.00138	0.00968	0.00346	0.00277	0.00622
5	0.01390	0.05394	0.01353	0.01168	0.03833	0.03703	0.00891	0.05809	0.65108	0.02199	0.01995	0.01861	0.01505	0.00698	0.00533	0.00176	0.00463	0.00573	0.00512	0.00837
6	0.01267	0.01448	0.03167	0.02262	0.02805	0.01357	0.75837	0.01719	0.01267	0.01719	0.01086	0.01448	0.00814	0.00452	0.00633	0.00181	0.00905	0.00633	0.00271	0.00724
7	0.01153	0.00953	0.01117	0.00800	0.01275	0.00718	0.00641	0.01391	0.01126	0.04112	0.00990	0.01135	0.00812	0.00406	0.00402	0.00082	0.00399	0.00325	0.00329	0.81834
8	0.01001	0.00500	0.00500	0.00500	0.00625	0.00500	0.00375	0.01251	0.01126	0.02001	0.01751	0.02001	0.01376	0.00625	0.00375	0.00125	0.00250	0.00500	0.84115	0.00500
9	0.00781	0.00520	0.00585	0.00585	0.00585	0.00520	0.00325	0.00781	0.00781	0.01041	0.01691	0.03513	0.01952	0.81135	0.02732	0.00520	0.00520	0.00781	0.00325	0.00325
10	0.01113	0.00954	0.01113	0.00795	0.01272	0.00716	0.00636	0.01352	0.01113	0.01749	0.00954	0.01113	0.00795	0.00398	0.00398	0.00080	0.00398	0.00318	0.00318	0.84417
11	0.01001	0.00500	0.00500	0.00500	0.00625	0.00500	0.00375	0.01251	0.01126	0.02001	0.01751	0.02001	0.01376	0.00625	0.00375	0.00125	0.00250	0.00500	0.84115	0.00500
12	0.01890	0.08569	0.01674	0.01371	0.05583	0.35476	0.01040	0.28710	0.06914	0.02140	0.01089	0.01163	0.00843	0.00586	0.00498	0.00149	0.00746	0.00415	0.00384	0.00760
13	0.84927	0.01038	0.00789	0.00706	0.01038	0.01204	0.00581	0.01578	0.00914	0.02408	0.00747	0.00872	0.00581	0.00498	0.00332	0.00166	0.00415	0.00291	0.00332	0.00581
14	0.01781	0.01375	0.01465	0.01183	0.01566	0.01543	0.00958	0.49101	0.29842	0.02965	0.01618	0.01551	0.01180	0.00675	0.00540	0.00169	0.00530	0.00529	0.00540	0.00890
15	0.84927	0.01038	0.00789	0.00706	0.01038	0.01204	0.00581	0.01578	0.00914	0.02408	0.00747	0.00872	0.00581	0.00498	0.00332	0.00166	0.00415	0.00291	0.00332	0.00581
16	0.02389	0.00944	0.01265	0.00970	0.01386	0.00835	0.00801	0.06436	0.01588	0.74266	0.02075	0.01799	0.01307	0.00663	0.00540	0.00166	0.00464	0.00537	0.00658	0.00913
17	0.01267	0.01448	0.03167	0.02262	0.02805	0.01357	0.75837	0.01719	0.01267	0.01719	0.01086	0.01448	0.00814	0.00452	0.00633	0.00181	0.00905	0.00633	0.00271	0.00724
18	0.01135	0.01061	0.01811	0.21228	0.29048	0.01106	0.11158	0.03278	0.03004	0.01795	0.18002	0.01978	0.01767	0.00636	0.00569	0.00170	0.00601	0.00611	0.00345	0.00697
19	0.01001	0.00500	0.00500	0.00500	0.00625	0.00500	0.00375	0.01251	0.01126	0.02001	0.01751	0.02001	0.01376	0.00625	0.00375	0.00125	0.00250	0.00500	0.84115	0.00500
20	0.01014	0.00954	0.01610	0.79845	0.03697	0.01193	0.01491	0.01371	0.01073	0.01371	0.00954	0.01431	0.00716	0.00537	0.00537	0.00179	0.00716	0.00477	0.00239	0.00596
21	0.00765	0.00514	0.00590	0.00606	0.00610	0.00510	0.00347	0.00776	0.00811	0.01082	0.01849	0.13155	0.02151	0.71221	0.02477	0.00483	0.00494	0.00874	0.00347	0.00339
22	0.01001	0.00500	0.00500	0.00500	0.00625	0.00500	0.00375	0.01251	0.01126	0.02001	0.01751	0.02001	0.01376	0.00625	0.00375	0.00125	0.00250	0.00500	0.84115	0.00500
23	0.01068	0.00819	0.00966	0.00940	0.01135	0.00876	0.00742	0.04170	0.29406	0.03963	0.16733	0.14643	0.02875	0.01109	0.00628	0.00199	0.00399	0.18146	0.00538	0.00645
24	0.84927	0.01038	0.00789	0.00706	0.01038	0.01204	0.00581	0.01578	0.00914	0.02408	0.00747	0.00872	0.00581	0.00498	0.00332	0.00166	0.00415	0.00291	0.00332	0.00581
25	0.01689	0.01259	0.01544	0.01581	0.17465	0.01358	0.01063	0.25532	0.28265	0.11987	0.01649	0.01616	0.01207	0.00642	0.00539	0.00169	0.00525	0.00533	0.00499	0.00878
26	0.84927	0.01038	0.00789	0.00706	0.01038	0.01204	0.00581	0.01578	0.00914	0.02408	0.00747	0.00872	0.00581	0.00498	0.00332	0.00166	0.00415	0.00291	0.00332	0.00581
27	0.01678	0.01670	0.01420	0.01347	0.07739	0.28832	0.00972	0.18415	0.18025	0.03683	0.01748	0.01749	0.08988	0.00692	0.00530	0.00160	0.00656	0.00530	0.00423	0.00743
28	0.00742	0.00548	0.00693	0.00657	0.00791	0.00499	0.00492	0.00978	0.01477	0.02053	0.67244	0.04174	0.15387	0.01135	0.00633	0.00171	0.00256	0.00994	0.00578	0.00499
29	0.01337	0.01194	0.04271	0.01089	0.01411	0.01289	0.00880	0.04389	0.67088	0.03964	0.03693	0.02063	0.03445	0.00739	0.00548	0.00180	0.00437	0.00614	0.00536	0.00834
30	0.00760	0.00549	0.00718	0.00675	0.00802	0.00506	0.00506	0.01013	0.01519	0.02153	0.77503	0.04010	0.05065	0.01097	0.00633	0.00169	0.00253	0.00971	0.00591	0.00506
31	0.01041	0.06683	0.45468	0.01200	0.01745	0.01066	0.01397	0.01547	0.04263	0.03662	0.21781	0.02075	0.04424	0.00705	0.00539	0.00167	0.00595	0.00581	0.00357	0.00704
32	0.00656	0.00477	0.00618	0.00725	0.00774	0.00440	0.00490	0.00758	0.01063	0.01404	0.05634	0.70863	0.10859	0.01631	0.00678	0.00213	0.00306	0.01469	0.00501	0.00440
33	0.82303	0.01053	0.00815	0.00723	0.01058	0.01219	0.00595	0.03934	0.00965	0.02439	0.00765	0.00885	0.00592	0.00503	0.00339	0.00166	0.00421	0.00297	0.00339	0.00592
34	0.72918	0.01084	0.00873	0.00762	0.01103	0.03498	0.00625	0.03604	0.01029	0.09196	0.00887	0.00971	0.00660	0.00519	0.00361	0.00165	0.00440	0.00320	0.00366	0.00621
35	0.57049	0.22937	0.04580	0.00803	0.01191	0.01447	0.00736	0.01613	0.00984	0.03648	0.00785	0.00900	0.00630	0.00492	0.00347	0.00152	0.00475	0.00299	0.00307	0.00626
36	0.01079	0.06002	0.72079	0.01470	0.02223	0.01254	0.01880	0.01669	0.01147	0.01700	0.04004	0.01236	0.00855	0.00531	0.00508	0.00168	0.00763	0.00415	0.00241	0.00777
37	0.01414	0.04493	0.01838	0.08215	0.39192	0.04594	0.01320	0.09834	0.19798	0.01980	0.01304	0.01463	0.01026	0.00564	0.00527	0.00164	0.00598	0.00497	0.00360	0.00821
38	0.01092	0.06091	0.75172	0.01504	0.02283	0.01284	0.01938	0.01696	0.01132	0.01682	0.00954	0.01122	0.00680	0.00508	0.00503	0.00168	0.00784	0.00392	0.00227	0.00789
39	0.00783	0.00708	0.06275	0.00734	0.00906	0.00560	0.00608	0.01057	0.01474	0.02093	0.70173	0.03792	0.04675	0.03007	0.00675	0.00177	0.00298	0.00925	0.00558	0.00523
40	0.02041	0.01504	0.01611	0.01235	0.01665	0.01665	0.01020	0.75997	0.02524	0.03383	0.01289	0.01289	0.00913	0.00644	0.00537	0.00161	0.00591	0.00483	0.00537	0.00913
41	0.01280	0.01310	0.01912	0.32638	0.24676	0.11187	0.10366	0.03876	0.01240	0.01579	0.01060	0.04501	0.00883	0.00561	0.00546	0.00169	0.00728	0.00521	0.00275	0.00692
42	0.01001	0.00500	0.00500	0.00500	0.00625	0.00500	0.00375	0.01251	0.01126	0.02001	0.01751	0.02001	0.01376	0.00625	0.00375	0.00125	0.00250	0.00500	0.84115	0.00500
43	0.00659	0.00545	0.00578	0.00569	0.00740	0.00464	0.00427	0.00818	0.01281	0.01587	0.19492	0.04940	0.63430	0.01308	0.00634	0.00179	0.00268	0.01101	0.00516	0.00464
44	0.02005	0.02558	0.01521	0.01383	0.01659	0.78980	0.01037	0.02143	0.01521	0.01314	0.00830	0.00968	0.00691	0.00553	0.00484	0.00138	0.00968	0.00346	0.00277	0.00622
45	0.01001	0.00500	0.00500	0.00500	0.00625	0.00500	0.00375	0.01251	0.01126	0.02001	0.01751	0.02001	0.01376	0.00625	0.00375	0.00125	0.00250	0.00500	0.84115	0.00500
46	0.01340	0.60509	0.22926	0.01081	0.01629	0.01890	0.01202	0.01632	0.01102	0.01379	0.00804	0.00934	0.00686	0.00473	0.00389	0.00130	0.00632	0.00316	0.00229	0.00717
47	0.83729	0.01105	0.00861	0.00775	0.01112	0.01254	0.00625	0.01642	0.00978	0.02486	0.00849	0.01011	0.00677	0.00564	0.00377	0.00184	0.00449	0.00325	0.00365	0.00632

[dist]
# distance from previous block
# <min> <max>
0	2

[block]
# block no. 4 follows, 45 sequences, length 26
# corresponding to MSA columns:
# 187-212
name=unknown_E
#
# <colnr> <probs for GDERKNQSTAVLIFYWHMCP>
#	G	D	E	R	K	N	Q	S	T	A	V	L	I	F	Y	W	H	M	C	P
0	0.11156	0.01320	0.01445	0.01169	0.03409	0.01428	0.00936	0.48444	0.06583	0.16578	0.01425	0.01383	0.00993	0.00633	0.00515	0.00164	0.00539	0.00480	0.00531	0.00871
1	0.00701	0.00501	0.00651	0.00754	0.00796	0.00477	0.00506	0.02991	0.01061	0.01415	0.02850	0.74803	0.03397	0.05366	0.00776	0.00230	0.00330	0.01460	0.00491	0.00445
2	0.01335	0.01153	0.01214	0.01092	0.01396	0.01335	0.00850	0.02852	0.76817	0.02245	0.02185	0.02003	0.01639	0.00728	0.00546	0.00182	0.00425	0.00607	0.00546	0.00850
3	0.01001	0.00500	0.00500	0.00500	0.00625	0.00500	0.00375	0.01251	0.01126	0.02001	0.01751	0.02001	0.01376	0.00625	0.00375	0.00125	0.00250	0.00500	0.84115	0.00500
4	0.01335	0.01153	0.01214	0.01092	0.01396	0.01335	0.00850	0.02852	0.76817	0.02245	0.02185	0.02003	0.01639	0.00728	0.00546	0.00182	0.00425	0.00607	0.00546	0.00850
5	0.01335	0.01153	0.01214	0.01092	0.01396	0.01335	0.00850	0.02852	0.76817	0.02245	0.02185	0.02003	0.01639	0.00728	0.00546	0.00182	0.00425	0.00607	0.00546	0.00850
6	0.01001	0.00500	0.00500	0.00500	0.00625	0.00500	0.00375	0.01251	0.01126	0.02001	0.01751	0.02001	0.01376	0.00625	0.00375	0.00125	0.00250	0.00500	0.84115	0.00500
7	0.01267	0.01448	0.03167	0.02262	0.02805	0.01357	0.75837	0.01719	0.01267	0.01719	0.01086	0.01448	0.00814	0.00452	0.00633	0.00181	0.00905	0.00633	0.00271	0.00724
8	0.84927	0.01038	0.00789	0.00706	0.01038	0.01204	0.00581	0.01578	0.00914	0.02408	0.00747	0.00872	0.00581	0.00498	0.00332	0.00166	0.00415	0.00291	0.00332	0.00581
9	0.01839	0.01487	0.01492	0.01206	0.01588	0.07627	0.00973	0.49572	0.23410	0.02900	0.01506	0.01465	0.01100	0.00661	0.00535	0.00165	0.00573	0.00507	0.00519	0.00872
10	0.84927	0.01038	0.00789	0.00706	0.01038	0.01204	0.00581	0.01578	0.00914	0.02408	0.00747	0.00872	0.00581	0.00498	0.00332	0.00166	0.00415	0.00291	0.00332	0.00581
11	0.00645	0.00542	0.00561	0.00561	0.00733	0.00457	0.00419	0.00790	0.01242	0.01506	0.11343	0.07322	0.69350	0.01347	0.00636	0.00181	0.00272	0.01131	0.00506	0.00457
12	0.01267	0.01448	0.03167	0.02262	0.02805	0.01357	0.75837	0.01719	0.01267	0.01719	0.01086	0.01448	0.00814	0.00452	0.00633	0.00181	0.00905	0.00633	0.00271	0.00724
13	0.01113	0.00954	0.01113	0.00795	0.01272	0.00716	0.00636	0.01352	0.01113	0.01749	0.00954	0.01113	0.00795	0.00398	0.00398	0.00080	0.00398	0.00318	0.00318	0.84417
14	0.01014	0.00954	0.01610	0.79845	0.03697	0.01193	0.01491	0.01371	0.01073	0.01371	0.00954	0.01431	0.00716	0.00537	0.00537	0.00179	0.00716	0.00477	0.00239	0.00596
15	0.00767	0.00575	0.00863	0.00863	0.00959	0.00671	0.00671	0.00959	0.00863	0.01246	0.01438	0.02109	0.01342	0.04026	0.79008	0.00863	0.01438	0.00575	0.00288	0.00479
16	0.00654	0.00467	0.00623	0.00747	0.00779	0.00436	0.00498	0.00747	0.01028	0.01370	0.02959	0.80785	0.03550	0.01682	0.00685	0.00218	0.00311	0.01526	0.00498	0.00436
17	0.01435	0.81458	0.02813	0.00918	0.01378	0.02124	0.00918	0.01607	0.01091	0.01263	0.00746	0.00861	0.00689	0.00459	0.00344	0.00115	0.00574	0.00287	0.00230	0.00689
18	0.01014	0.00954	0.01610	0.79845	0.03697	0.01193	0.01491	0.01371	0.01073	0.01371	0.00954	0.01431	0.00716	0.00537	0.00537	0.00179	0.00716	0.00477	0.00239	0.00596
19	0.01014	0.00954	0.01610	0.79845	0.03697	0.01193	0.01491	0.01371	0.01073	0.01371	0.00954	0.01431	0.00716	0.00537	0.00537	0.00179	0.00716	0.00477	0.00239	0.00596
20	0.01107	0.02595	0.69148	0.01743	0.11443	0.01250	0.01943	0.01694	0.01144	0.01706	0.00969	0.01157	0.00701	0.00506	0.00513	0.00169	0.00775	0.00407	0.00231	0.00800
21	0.10949	0.00585	0.00620	0.00610	0.00654	0.00608	0.00369	0.00883	0.00800	0.01213	0.01568	0.03143	0.01764	0.68614	0.05188	0.00490	0.00541	0.00714	0.00325	0.00362
22	0.11432	0.01247	0.02011	0.02982	0.68511	0.01267	0.01519	0.01639	0.01185	0.01833	0.00978	0.01273	0.00818	0.00481	0.00507	0.00160	0.00611	0.00456	0.00274	0.00818
23	0.01423	0.71753	0.02620	0.00940	0.01380	0.02029	0.00910	0.01758	0.10242	0.01382	0.00920	0.00999	0.00804	0.00492	0.00369	0.00123	0.00556	0.00326	0.00268	0.00708
24	0.01343	0.69257	0.04906	0.00931	0.01356	0.01921	0.00921	0.01532	0.01064	0.01274	0.00837	0.01020	0.00768	0.00892	0.09856	0.00207	0.00685	0.00325	0.00237	0.00667
25	0.01354	0.71680	0.02560	0.00889	0.01308	0.01929	0.00869	0.01536	0.01143	0.01370	0.10023	0.01242	0.01218	0.00536	0.00379	0.00121	0.00535	0.00370	0.00273	0.00667

[dist]
# distance from previous block
# <min> <max>
0	62

# created by:
# /st0/software/busco_prod/Augustus/scripts/msa2prfl.pl ./align_prep/188462.fa
