[name]
unknown

[dist]
# distance from previous block
# <min> <max>
10	226

[block]
# block no. 0 follows, 49 sequences, length 12
# corresponding to MSA columns:
# 247-258
name=unknown_A
#
# <colnr> <probs for GDERKNQSTAVLIFYWHMCP>
#	G	D	E	R	K	N	Q	S	T	A	V	L	I	F	Y	W	H	M	C	P
0	0.05143	0.09229	0.10617	0.06392	0.01620	0.09295	0.04354	0.20204	0.02995	0.13287	0.01224	0.03433	0.00942	0.02635	0.01765	0.00169	0.02069	0.00457	0.03465	0.00705
1	0.14345	0.16202	0.04683	0.04093	0.01500	0.06280	0.06766	0.17007	0.01388	0.11464	0.07223	0.01334	0.01089	0.00574	0.00502	0.00150	0.03910	0.00436	0.00373	0.00684
2	0.14121	0.01108	0.01312	0.15092	0.01713	0.08976	0.07066	0.10684	0.02887	0.11146	0.07223	0.05910	0.03152	0.00660	0.00551	0.00161	0.04623	0.00533	0.00379	0.02699
3	0.06641	0.00692	0.04815	0.00747	0.00920	0.00592	0.00600	0.01142	0.01114	0.12757	0.14072	0.21799	0.10333	0.10616	0.02916	0.00234	0.00400	0.08644	0.00457	0.00509
4	0.01095	0.00806	0.01099	0.00972	0.01143	0.00883	0.04692	0.01442	0.11159	0.12158	0.16091	0.09167	0.09773	0.00980	0.00813	0.00187	0.17375	0.09131	0.00449	0.00586
5	0.01432	0.01674	0.01669	0.01408	0.01600	0.35390	0.12672	0.01598	0.01133	0.01291	0.00880	0.05256	0.00813	0.00694	0.00925	0.00173	0.30089	0.00467	0.00256	0.00580
6	0.01078	0.07234	0.01318	0.03775	0.01386	0.00833	0.05761	0.01316	0.01055	0.01598	0.00892	0.01062	0.00740	0.00387	0.00390	0.00087	0.00430	0.00323	0.00288	0.70046
7	0.00787	0.00576	0.00705	0.00731	0.00829	0.00566	0.00520	0.09837	0.01196	0.01597	0.11613	0.51276	0.10423	0.03823	0.02833	0.00215	0.00349	0.01179	0.00474	0.00471
8	0.00780	0.00691	0.06760	0.00754	0.00850	0.00584	0.00573	0.04771	0.00971	0.01317	0.03924	0.40602	0.02397	0.23513	0.01267	0.05952	0.02477	0.01007	0.00386	0.00424
9	0.00806	0.00597	0.00759	0.06038	0.00926	0.00649	0.00529	0.04801	0.00893	0.01204	0.01711	0.02772	0.07472	0.42688	0.23550	0.00509	0.02710	0.00667	0.00312	0.00407
10	0.10279	0.00976	0.01123	0.00902	0.01239	0.02669	0.00733	0.16311	0.06856	0.39208	0.10601	0.01772	0.01524	0.00655	0.00494	0.00155	0.00431	0.00521	0.02786	0.00764
11	0.36026	0.00871	0.00832	0.00714	0.00989	0.00944	0.00577	0.11855	0.02925	0.11865	0.03060	0.01382	0.01011	0.00560	0.00386	0.00145	0.00371	0.00405	0.24471	0.00611

[dist]
# distance from previous block
# <min> <max>
5	13

[block]
# block no. 1 follows, 49 sequences, length 59
# corresponding to MSA columns:
# 272-330
name=unknown_B
#
# <colnr> <probs for GDERKNQSTAVLIFYWHMCP>
#	G	D	E	R	K	N	Q	S	T	A	V	L	I	F	Y	W	H	M	C	P
0	0.01157	0.01079	0.01762	0.04255	0.60166	0.01094	0.01336	0.01520	0.07383	0.01631	0.01297	0.12608	0.01215	0.00630	0.00522	0.00160	0.00543	0.00599	0.00302	0.00741
1	0.00685	0.00523	0.00687	0.00767	0.00807	0.00539	0.00534	0.00843	0.04883	0.01327	0.02592	0.71797	0.03053	0.01486	0.00714	0.00205	0.06345	0.01319	0.00453	0.00441
2	0.01127	0.06671	0.40337	0.01920	0.18150	0.01254	0.20187	0.01591	0.01113	0.01592	0.00933	0.01163	0.00705	0.00458	0.00504	0.00158	0.00731	0.00438	0.00232	0.00737
3	0.00713	0.00517	0.00672	0.00633	0.00754	0.00476	0.00475	0.00949	0.01425	0.02013	0.77110	0.03802	0.06479	0.01039	0.00596	0.00159	0.00239	0.00918	0.00555	0.00476
4	0.00607	0.00513	0.00526	0.00522	0.00689	0.00431	0.00392	0.00744	0.01175	0.01420	0.11113	0.04778	0.72846	0.01261	0.00598	0.00170	0.00255	0.01055	0.00477	0.00431
5	0.00616	0.00440	0.00587	0.00704	0.00733	0.00411	0.00469	0.00704	0.00968	0.01291	0.02787	0.81899	0.03344	0.01584	0.00645	0.00205	0.00293	0.01438	0.00469	0.00411
6	0.01258	0.01086	0.01143	0.01029	0.01315	0.01258	0.00800	0.02687	0.78161	0.02115	0.02058	0.01887	0.01544	0.00686	0.00515	0.00172	0.00400	0.00572	0.00515	0.00800
7	0.01238	0.01358	0.14538	0.01104	0.01472	0.01254	0.00988	0.04978	0.62500	0.02063	0.01834	0.01725	0.01367	0.00648	0.00508	0.00169	0.00465	0.00534	0.00463	0.00793
8	0.09694	0.06409	0.01401	0.01217	0.09327	0.12526	0.00884	0.18531	0.16413	0.03270	0.01169	0.01223	0.00902	0.00532	0.00448	0.00138	0.00532	0.00405	0.00378	0.14602
9	0.00630	0.00516	0.00557	0.00553	0.00711	0.00443	0.00418	0.00785	0.01212	0.01511	0.20598	0.04665	0.60663	0.01232	0.00601	0.00170	0.00259	0.03551	0.00488	0.00439
10	0.02573	0.56471	0.25190	0.01039	0.01559	0.03049	0.01157	0.01548	0.01043	0.01328	0.00764	0.00888	0.00645	0.00449	0.00372	0.00125	0.00605	0.00302	0.00218	0.00675
11	0.01175	0.01134	0.01882	0.26138	0.55266	0.02633	0.01498	0.01484	0.01115	0.01538	0.00933	0.01274	0.00761	0.00468	0.00501	0.00155	0.00628	0.00448	0.00243	0.00726
12	0.00616	0.00440	0.00587	0.00704	0.00733	0.00411	0.00469	0.00704	0.00968	0.01291	0.02787	0.81899	0.03344	0.01584	0.00645	0.00205	0.00293	0.01438	0.00469	0.00411
13	0.85801	0.00978	0.00743	0.00665	0.00978	0.01134	0.00548	0.01486	0.00861	0.02269	0.00704	0.00821	0.00548	0.00469	0.00313	0.00156	0.00391	0.00274	0.00313	0.00548
14	0.01199	0.01307	0.08972	0.10292	0.61156	0.01196	0.05418	0.01535	0.01133	0.01612	0.00946	0.01250	0.00773	0.00457	0.00504	0.00154	0.00634	0.00451	0.00245	0.00767
15	0.03612	0.00886	0.01185	0.02805	0.01347	0.00796	0.00764	0.04908	0.02880	0.72316	0.01923	0.01683	0.01219	0.00621	0.00505	0.00157	0.00439	0.00503	0.00605	0.00847
16	0.85801	0.00978	0.00743	0.00665	0.00978	0.01134	0.00548	0.01486	0.00861	0.02269	0.00704	0.00821	0.00548	0.00469	0.00313	0.00156	0.00391	0.00274	0.00313	0.00548
17	0.01112	0.20773	0.53161	0.01389	0.02037	0.01376	0.10318	0.01584	0.01073	0.01509	0.00874	0.01043	0.00657	0.00463	0.00458	0.00149	0.00712	0.00376	0.00219	0.00717
18	0.01041	0.00877	0.00947	0.00871	0.01103	0.00964	0.00674	0.02012	0.49788	0.01963	0.16556	0.02807	0.14836	0.00863	0.00547	0.00171	0.00349	0.02446	0.00514	0.00673
19	0.00750	0.00525	0.00687	0.00642	0.00767	0.00483	0.00483	0.00988	0.01432	0.03758	0.77091	0.03731	0.04693	0.01025	0.00594	0.00159	0.00243	0.00905	0.00558	0.00486
20	0.01388	0.01284	0.01901	0.07057	0.57675	0.07624	0.02515	0.07282	0.01274	0.05671	0.01008	0.01252	0.00809	0.00480	0.00499	0.00150	0.00622	0.00446	0.00288	0.00776
21	0.00716	0.00517	0.00676	0.00636	0.00755	0.00477	0.00477	0.00954	0.01431	0.02028	0.78808	0.03777	0.04771	0.01034	0.00596	0.00159	0.00239	0.00914	0.00557	0.00477
22	0.02238	0.00910	0.01204	0.00923	0.01316	0.00817	0.00763	0.09152	0.01530	0.72620	0.01925	0.01676	0.01217	0.00624	0.00508	0.00156	0.00442	0.00504	0.00615	0.00861
23	0.01157	0.00895	0.01060	0.00762	0.01207	0.00680	0.00612	0.01380	0.01084	0.08590	0.00997	0.01109	0.00794	0.00397	0.00386	0.00082	0.00379	0.00318	0.00329	0.77781
24	0.85801	0.00978	0.00743	0.00665	0.00978	0.01134	0.00548	0.01486	0.00861	0.02269	0.00704	0.00821	0.00548	0.00469	0.00313	0.00156	0.00391	0.00274	0.00313	0.00548
25	0.00818	0.00683	0.00997	0.00941	0.01009	0.00861	0.00751	0.00981	0.00803	0.01185	0.01182	0.01767	0.01114	0.03066	0.60605	0.00665	0.21320	0.00517	0.00258	0.00477
26	0.01111	0.00581	0.00704	0.00637	0.00733	0.00552	0.00414	0.01159	0.00910	0.20214	0.01692	0.02920	0.01695	0.62221	0.02067	0.00408	0.00476	0.00680	0.00385	0.00442
27	0.00955	0.00899	0.01517	0.81013	0.03483	0.01123	0.01404	0.01292	0.01011	0.01292	0.00899	0.01348	0.00674	0.00506	0.00506	0.00169	0.00674	0.00449	0.00225	0.00562
28	0.01889	0.02410	0.01433	0.01303	0.01563	0.80199	0.00977	0.02019	0.01433	0.01238	0.00782	0.00912	0.00651	0.00521	0.00456	0.00130	0.00912	0.00326	0.00261	0.00586
29	0.01034	0.00991	0.01447	0.07321	0.07728	0.01314	0.01074	0.01190	0.00830	0.01250	0.00836	0.01304	0.00790	0.01375	0.16450	0.00324	0.53491	0.00463	0.00233	0.00555
30	0.00616	0.00440	0.00587	0.00704	0.00733	0.00411	0.00469	0.00704	0.00968	0.01291	0.02787	0.81899	0.03344	0.01584	0.00645	0.00205	0.00293	0.01438	0.00469	0.00411
31	0.00792	0.00561	0.00737	0.00825	0.00950	0.00548	0.00707	0.01009	0.01153	0.01524	0.02967	0.05233	0.14610	0.01307	0.00652	0.00213	0.00412	0.57326	0.08015	0.00460
32	0.01049	0.00899	0.01049	0.00749	0.01198	0.00674	0.00599	0.01273	0.01049	0.01648	0.00899	0.01049	0.00749	0.00374	0.00374	0.00075	0.00374	0.00300	0.00300	0.85320
33	0.01315	0.01360	0.02017	0.02647	0.56202	0.11153	0.08199	0.01589	0.01160	0.01562	0.00913	0.01207	0.00768	0.00493	0.00598	0.00155	0.07223	0.00447	0.00250	0.00743
34	0.00679	0.00512	0.00690	0.00778	0.00817	0.00523	0.00560	0.00786	0.00979	0.01312	0.02646	0.65022	0.04496	0.01500	0.00733	0.00209	0.06898	0.09982	0.00449	0.00429
35	0.00688	0.00519	0.00735	0.00935	0.07749	0.00494	0.00592	0.00805	0.00999	0.01340	0.02615	0.69014	0.03085	0.01469	0.00636	0.00202	0.00334	0.06890	0.00450	0.00450
36	0.02269	0.00861	0.01174	0.00900	0.01291	0.00743	0.00743	0.02464	0.01447	0.79425	0.01995	0.01721	0.01252	0.00626	0.00509	0.00156	0.00430	0.00509	0.00626	0.00861
37	0.00708	0.00509	0.00669	0.00671	0.00771	0.00475	0.00500	0.00912	0.01304	0.01819	0.56267	0.17418	0.04259	0.03920	0.00681	0.00185	0.00277	0.07671	0.00525	0.00459
38	0.01049	0.00899	0.01049	0.00749	0.01198	0.00674	0.00599	0.01273	0.01049	0.01648	0.00899	0.01049	0.00749	0.00374	0.00374	0.00075	0.00374	0.00300	0.00300	0.85320
39	0.08773	0.02040	0.01334	0.01185	0.01471	0.60749	0.00904	0.02049	0.01389	0.14135	0.00974	0.01037	0.00741	0.00534	0.00453	0.00137	0.00791	0.00351	0.00325	0.00628
40	0.00604	0.00503	0.00529	0.00549	0.00697	0.00427	0.00405	0.00728	0.01125	0.01357	0.04727	0.16493	0.66122	0.01328	0.00607	0.00177	0.00266	0.02462	0.00469	0.00425
41	0.01251	0.56071	0.21123	0.01064	0.01577	0.01715	0.04984	0.01531	0.01046	0.01328	0.00776	0.00910	0.00657	0.00442	0.00378	0.00123	0.00600	0.00313	0.00221	0.03892
42	0.01252	0.01201	0.02053	0.03104	0.79074	0.01201	0.01552	0.01552	0.01151	0.01652	0.00951	0.01252	0.00801	0.00451	0.00501	0.00150	0.00601	0.00451	0.00250	0.00801
43	0.00734	0.00528	0.00708	0.00704	0.00753	0.00584	0.00494	0.00833	0.00777	0.01088	0.01450	0.02564	0.01511	0.38833	0.44211	0.00659	0.02268	0.00627	0.00286	0.00388
44	0.01711	0.00858	0.01090	0.08297	0.01371	0.04763	0.00749	0.01948	0.02648	0.47024	0.21590	0.02177	0.02078	0.00715	0.00528	0.00157	0.00428	0.00599	0.00550	0.00719
45	0.01071	0.00907	0.01044	0.00952	0.01069	0.07975	0.00741	0.07324	0.01052	0.05345	0.01601	0.10386	0.06693	0.08650	0.24162	0.00394	0.19137	0.00639	0.00334	0.00522
46	0.00631	0.00451	0.00604	0.00721	0.00757	0.00424	0.00495	0.00730	0.00983	0.01307	0.02779	0.76212	0.03312	0.01570	0.00649	0.00207	0.00306	0.06978	0.00469	0.00415
47	0.00668	0.00518	0.00612	0.00620	0.00757	0.00463	0.00475	0.00845	0.01242	0.01616	0.31020	0.09397	0.38352	0.01226	0.00613	0.00176	0.00278	0.10173	0.00500	0.00449
48	0.01232	0.01362	0.08023	0.32611	0.19072	0.10315	0.07973	0.07000	0.03409	0.01575	0.00960	0.01258	0.00742	0.00505	0.00522	0.00159	0.01900	0.00446	0.00265	0.00669
49	0.01243	0.11509	0.48796	0.01408	0.02024	0.07145	0.11168	0.01695	0.01137	0.07856	0.00978	0.01117	0.00708	0.00483	0.00478	0.00153	0.00723	0.00397	0.00256	0.00725
50	0.01256	0.01457	0.02845	0.02057	0.02546	0.08323	0.70431	0.01655	0.01215	0.01586	0.01001	0.01324	0.00757	0.00435	0.00584	0.00167	0.00858	0.00573	0.00256	0.00673
51	0.00878	0.00797	0.01281	0.53133	0.02599	0.00928	0.03623	0.02526	0.01053	0.01347	0.01761	0.15526	0.10952	0.00786	0.00544	0.00175	0.00560	0.00700	0.00303	0.00529
52	0.01234	0.01223	0.03869	0.06185	0.74225	0.01198	0.01553	0.01543	0.01144	0.01636	0.00948	0.01251	0.00792	0.00453	0.00500	0.00151	0.00607	0.00449	0.00248	0.00790
53	0.00856	0.00656	0.00828	0.00779	0.00935	0.03538	0.06214	0.00994	0.01098	0.07676	0.03241	0.27510	0.29832	0.08459	0.00781	0.00210	0.00383	0.05092	0.00444	0.00474
54	0.00961	0.00661	0.00926	0.07336	0.01156	0.00752	0.00699	0.01232	0.06666	0.08972	0.01436	0.01975	0.01261	0.09718	0.46139	0.00563	0.04617	0.00543	0.03869	0.00519
55	0.07545	0.01297	0.02248	0.08172	0.03669	0.06381	0.45323	0.05409	0.01209	0.01693	0.01005	0.02908	0.00792	0.00470	0.00530	0.00156	0.00725	0.00519	0.00280	0.09669
56	0.07334	0.00895	0.01156	0.21526	0.01757	0.00886	0.00837	0.01305	0.03554	0.01563	0.00993	0.04222	0.00849	0.00606	0.02917	0.00145	0.05433	0.00404	0.00289	0.43326
57	0.03172	0.04512	0.39961	0.01362	0.04908	0.01179	0.06176	0.01738	0.11671	0.07468	0.04306	0.01408	0.02131	0.00580	0.00588	0.00165	0.07183	0.00460	0.00310	0.00722
58	0.03785	0.01982	0.51989	0.01401	0.05816	0.01041	0.07162	0.01450	0.01107	0.01650	0.09863	0.07968	0.01341	0.00627	0.00511	0.00164	0.00642	0.00538	0.00281	0.00681

[dist]
# distance from previous block
# <min> <max>
2	6

[block]
# block no. 2 follows, 49 sequences, length 6
# corresponding to MSA columns:
# 337-342
name=unknown_C
#
# <colnr> <probs for GDERKNQSTAVLIFYWHMCP>
#	G	D	E	R	K	N	Q	S	T	A	V	L	I	F	Y	W	H	M	C	P
0	0.04843	0.00703	0.01000	0.00969	0.06675	0.00685	0.06203	0.01253	0.06900	0.05281	0.52352	0.05755	0.03560	0.00897	0.00568	0.00162	0.00339	0.00804	0.00498	0.00556
1	0.01206	0.01115	0.05445	0.04821	0.44197	0.01046	0.04458	0.01595	0.07422	0.07394	0.11466	0.01814	0.04587	0.00595	0.00522	0.00156	0.00531	0.00553	0.00346	0.00732
2	0.00901	0.01300	0.26975	0.00983	0.01342	0.00804	0.03399	0.06682	0.01319	0.01856	0.34041	0.07772	0.08850	0.00856	0.00555	0.00163	0.00455	0.00738	0.00417	0.00593
3	0.01036	0.04416	0.08056	0.06920	0.10664	0.00769	0.00845	0.01304	0.01297	0.11303	0.39408	0.04741	0.05547	0.00822	0.00547	0.00158	0.00398	0.00717	0.00453	0.00598
4	0.01279	0.01272	0.05403	0.05017	0.11908	0.06880	0.13422	0.06973	0.16000	0.03915	0.02714	0.01458	0.01030	0.00544	0.00535	0.00148	0.03186	0.01790	0.00345	0.16181
5	0.01246	0.01473	0.21897	0.03506	0.25301	0.01122	0.03541	0.10389	0.06905	0.06040	0.03744	0.03439	0.01207	0.00630	0.00524	0.00165	0.00589	0.07200	0.00343	0.00740

[dist]
# distance from previous block
# <min> <max>
0	21

[block]
# block no. 3 follows, 49 sequences, length 19
# corresponding to MSA columns:
# 364-382
name=unknown_D
#
# <colnr> <probs for GDERKNQSTAVLIFYWHMCP>
#	G	D	E	R	K	N	Q	S	T	A	V	L	I	F	Y	W	H	M	C	P
0	0.01196	0.11502	0.25136	0.01656	0.18564	0.01193	0.09093	0.05840	0.01225	0.05319	0.08101	0.01691	0.01250	0.00586	0.00505	0.00157	0.00611	0.05357	0.00309	0.00709
1	0.01052	0.04985	0.64213	0.01624	0.11560	0.01192	0.03399	0.01579	0.01087	0.01604	0.02600	0.01147	0.00753	0.00486	0.00483	0.00157	0.00714	0.00396	0.00226	0.00743
2	0.01173	0.38303	0.12680	0.01002	0.05140	0.05356	0.00920	0.01384	0.01102	0.03956	0.06580	0.02815	0.12662	0.00690	0.00502	0.03824	0.00518	0.00488	0.00297	0.00608
3	0.01155	0.03038	0.01990	0.04395	0.38695	0.03221	0.19383	0.01485	0.02988	0.01587	0.01410	0.03768	0.04524	0.00627	0.00550	0.00166	0.00627	0.09403	0.00297	0.00692
4	0.00973	0.00784	0.01037	0.10777	0.01420	0.02554	0.03386	0.08344	0.08517	0.01651	0.02189	0.19932	0.02283	0.01133	0.00620	0.00202	0.00481	0.32740	0.00434	0.00545
5	0.01196	0.01141	0.01927	0.17748	0.62700	0.01188	0.01504	0.01534	0.03216	0.01597	0.00971	0.01287	0.00797	0.00467	0.00502	0.00154	0.00609	0.00454	0.00253	0.00756
6	0.02787	0.16695	0.52370	0.01321	0.01949	0.01286	0.07110	0.01602	0.01095	0.05074	0.03585	0.01161	0.00818	0.00493	0.00463	0.00151	0.00679	0.00394	0.00249	0.00717
7	0.00707	0.00529	0.00724	0.00722	0.00820	0.00574	0.00548	0.00867	0.00898	0.01245	0.05532	0.02676	0.14841	0.09991	0.54281	0.00628	0.01013	0.00664	0.02301	0.00436
8	0.01057	0.05967	0.42593	0.03420	0.02140	0.01219	0.22115	0.01511	0.01084	0.01537	0.01189	0.01394	0.05820	0.00544	0.00593	0.00165	0.06241	0.00481	0.00243	0.00686
9	0.01393	0.00967	0.01429	0.13448	0.25077	0.01002	0.01091	0.01851	0.14364	0.20477	0.01592	0.02032	0.01278	0.02827	0.00583	0.00176	0.00518	0.08756	0.00408	0.00730
10	0.01943	0.00794	0.01082	0.00879	0.01210	0.00698	0.00727	0.02147	0.01411	0.62531	0.09369	0.02404	0.01789	0.00759	0.00540	0.00166	0.00416	0.09757	0.00600	0.00776
11	0.01858	0.00758	0.01029	0.00848	0.01152	0.00662	0.00675	0.02031	0.01343	0.59864	0.04718	0.19224	0.01824	0.00848	0.00541	0.00167	0.00394	0.00724	0.00590	0.00750
12	0.01287	0.01353	0.01688	0.11187	0.38233	0.17903	0.01277	0.01519	0.01129	0.01437	0.00973	0.04932	0.00872	0.00692	0.03363	0.00182	0.10576	0.00472	0.00257	0.00668
13	0.00927	0.00858	0.01412	0.72746	0.03193	0.01053	0.01299	0.01246	0.01023	0.01313	0.01242	0.01632	0.06691	0.00567	0.00509	0.00167	0.00631	0.00497	0.02443	0.00549
14	0.00631	0.00446	0.00582	0.00685	0.00711	0.00420	0.00449	0.00708	0.00940	0.01253	0.02641	0.72268	0.03160	0.11466	0.00882	0.00240	0.00317	0.01351	0.00449	0.00398
15	0.01490	0.46904	0.09902	0.00971	0.01404	0.02965	0.02708	0.04227	0.02413	0.16926	0.02231	0.03876	0.00944	0.00535	0.00409	0.00131	0.00539	0.00397	0.00327	0.00699
16	0.01584	0.07023	0.01567	0.06252	0.16990	0.38205	0.01059	0.01945	0.11785	0.05342	0.01071	0.01194	0.00848	0.00530	0.00467	0.00142	0.00703	0.00400	0.02221	0.00672
17	0.14963	0.00913	0.01154	0.10738	0.03255	0.00921	0.00812	0.04220	0.08401	0.43398	0.04947	0.01614	0.01229	0.00605	0.00482	0.00159	0.00450	0.00485	0.00503	0.00752
18	0.11458	0.01046	0.01537	0.25624	0.20215	0.05551	0.08674	0.01400	0.02798	0.01553	0.01223	0.11321	0.01135	0.00654	0.00512	0.00168	0.00592	0.03633	0.00293	0.00612

[dist]
# distance from previous block
# <min> <max>
0	31

[block]
# block no. 4 follows, 49 sequences, length 10
# corresponding to MSA columns:
# 414-423
name=unknown_E
#
# <colnr> <probs for GDERKNQSTAVLIFYWHMCP>
#	G	D	E	R	K	N	Q	S	T	A	V	L	I	F	Y	W	H	M	C	P
0	0.00639	0.00458	0.00607	0.00688	0.00739	0.00426	0.00471	0.00762	0.01075	0.01461	0.20314	0.63887	0.03673	0.01457	0.00634	0.00195	0.00281	0.01317	0.00490	0.00426
1	0.02960	0.00747	0.00837	0.00755	0.00934	0.04456	0.00579	0.04846	0.10616	0.06497	0.56118	0.03110	0.03709	0.00912	0.00564	0.00159	0.00319	0.00786	0.00533	0.00562
2	0.00636	0.00460	0.00569	0.00646	0.00692	0.00428	0.00426	0.00713	0.00953	0.01244	0.02921	0.55475	0.14588	0.16590	0.00998	0.00253	0.00324	0.01250	0.00439	0.00394
3	0.00971	0.00916	0.01507	0.66040	0.05758	0.01150	0.01342	0.01275	0.00981	0.01291	0.00896	0.01348	0.00704	0.00694	0.04256	0.00203	0.09425	0.00453	0.00227	0.00564
4	0.01124	0.00985	0.01592	0.54016	0.19174	0.01141	0.01358	0.03524	0.05490	0.05211	0.01037	0.01373	0.00783	0.00513	0.00505	0.00164	0.00628	0.00460	0.00273	0.00648
5	0.05712	0.06007	0.01011	0.00834	0.00951	0.00829	0.04022	0.03025	0.00945	0.02908	0.01914	0.20744	0.08936	0.20868	0.07605	0.00309	0.11767	0.00798	0.00349	0.00467
6	0.00735	0.00536	0.00599	0.00582	0.00746	0.00460	0.00432	0.00878	0.01178	0.06325	0.14962	0.12715	0.51454	0.03256	0.00641	0.00178	0.00277	0.01023	0.00483	0.02539
7	0.06913	0.08286	0.01665	0.01729	0.25462	0.19087	0.04490	0.08027	0.09621	0.01718	0.01274	0.01492	0.04614	0.00573	0.00481	0.00149	0.00618	0.02789	0.00321	0.00694
8	0.01018	0.04633	0.07310	0.01091	0.10797	0.00867	0.00804	0.09018	0.07627	0.01825	0.16464	0.05497	0.10600	0.05495	0.00642	0.00178	0.00417	0.05550	0.09573	0.00594
9	0.12442	0.15829	0.22302	0.01255	0.06673	0.01238	0.08058	0.05029	0.01148	0.10117	0.00988	0.01104	0.00741	0.00472	0.00434	0.00140	0.00577	0.00377	0.00301	0.10775

[dist]
# distance from previous block
# <min> <max>
0	11

[block]
# block no. 5 follows, 49 sequences, length 15
# corresponding to MSA columns:
# 435-449
name=unknown_F
#
# <colnr> <probs for GDERKNQSTAVLIFYWHMCP>
#	G	D	E	R	K	N	Q	S	T	A	V	L	I	F	Y	W	H	M	C	P
0	0.01104	0.01078	0.01078	0.00992	0.02955	0.13984	0.04689	0.03463	0.21287	0.01626	0.03633	0.16020	0.17428	0.00894	0.00538	0.00161	0.00465	0.00761	0.00419	0.07425
1	0.01074	0.09876	0.46131	0.01164	0.01688	0.01126	0.01337	0.01606	0.09690	0.04640	0.05223	0.01582	0.01133	0.10742	0.00737	0.00197	0.00617	0.00464	0.00293	0.00679
2	0.00625	0.00462	0.00584	0.00661	0.00727	0.00422	0.00455	0.00738	0.01057	0.01393	0.12393	0.58634	0.17070	0.01463	0.00631	0.00194	0.00280	0.01308	0.00480	0.00422
3	0.01011	0.00999	0.01815	0.45548	0.06619	0.01128	0.19879	0.01327	0.01033	0.01369	0.01033	0.04808	0.00875	0.04830	0.00710	0.00190	0.05454	0.00541	0.00248	0.00583
4	0.01363	0.01375	0.13454	0.01357	0.11881	0.02428	0.02656	0.29321	0.10796	0.02173	0.02916	0.01784	0.06319	0.09053	0.00725	0.00192	0.00552	0.00535	0.00396	0.00726
5	0.01102	0.00888	0.01042	0.00776	0.01182	0.00712	0.00617	0.06045	0.01143	0.04103	0.02674	0.05933	0.01018	0.00551	0.02019	0.00107	0.00400	0.00401	0.00337	0.68952
6	0.00698	0.00516	0.00651	0.00617	0.00744	0.00469	0.00463	0.00919	0.01389	0.01926	0.67509	0.03944	0.16133	0.01072	0.00597	0.00161	0.00241	0.00938	0.00543	0.00469
7	0.11824	0.01109	0.02985	0.00996	0.01297	0.01234	0.00801	0.05467	0.61524	0.02149	0.01844	0.01810	0.01407	0.00670	0.00493	0.00170	0.00415	0.02561	0.00480	0.00761
8	0.01277	0.01197	0.04516	0.02700	0.64272	0.01151	0.01429	0.01651	0.06119	0.05808	0.04154	0.01411	0.01024	0.00499	0.00505	0.00153	0.00569	0.00477	0.00298	0.00789
9	0.01257	0.44071	0.25473	0.05445	0.06933	0.01628	0.01245	0.06015	0.01127	0.01467	0.00821	0.00970	0.00670	0.00462	0.00403	0.00132	0.00614	0.00334	0.00235	0.00696
10	0.01261	0.30398	0.43511	0.01197	0.01786	0.05415	0.01397	0.01650	0.01098	0.06680	0.00903	0.01014	0.00685	0.00476	0.00427	0.00140	0.00662	0.00344	0.00245	0.00712
11	0.00605	0.00484	0.00542	0.00588	0.00703	0.00421	0.00418	0.00717	0.01080	0.01336	0.04200	0.35292	0.49039	0.01401	0.00617	0.00184	0.00271	0.01213	0.00470	0.00421
12	0.00733	0.00519	0.00661	0.00633	0.00758	0.00472	0.00472	0.00945	0.01360	0.03872	0.61568	0.09974	0.13944	0.01098	0.00598	0.00164	0.00250	0.00964	0.00541	0.00475
13	0.01927	0.01026	0.04017	0.03744	0.04662	0.00929	0.00850	0.16332	0.01524	0.48181	0.01650	0.01618	0.01122	0.04865	0.00608	0.00169	0.00481	0.00490	0.00525	0.05282
14	0.01014	0.02616	0.79609	0.01441	0.02189	0.01174	0.01868	0.01601	0.01068	0.01601	0.00907	0.01068	0.00641	0.00480	0.00480	0.00160	0.00747	0.00374	0.00214	0.00747

[dist]
# distance from previous block
# <min> <max>
0	36

[block]
# block no. 6 follows, 49 sequences, length 42
# corresponding to MSA columns:
# 486-527
name=unknown_G
#
# <colnr> <probs for GDERKNQSTAVLIFYWHMCP>
#	G	D	E	R	K	N	Q	S	T	A	V	L	I	F	Y	W	H	M	C	P
0	0.00709	0.00517	0.00667	0.00630	0.00752	0.00474	0.00472	0.00942	0.01416	0.01992	0.74869	0.03835	0.08732	0.01047	0.00596	0.00160	0.00240	0.00923	0.00552	0.00474
1	0.02051	0.00917	0.02577	0.12048	0.01621	0.00835	0.00863	0.05170	0.01416	0.64305	0.01794	0.01639	0.01146	0.00606	0.00508	0.00158	0.00474	0.00496	0.00558	0.00817
2	0.00962	0.00906	0.01530	0.79128	0.05312	0.01125	0.01408	0.01298	0.01015	0.01301	0.00900	0.01346	0.00677	0.00504	0.00505	0.00168	0.00672	0.00449	0.00225	0.00568
3	0.01194	0.01364	0.02984	0.02131	0.02643	0.01279	0.77238	0.01620	0.01194	0.01620	0.01023	0.01364	0.00767	0.00426	0.00597	0.00171	0.00853	0.00597	0.00256	0.00682
4	0.00632	0.00456	0.00597	0.00703	0.00747	0.00426	0.00483	0.00730	0.00988	0.01303	0.02901	0.69497	0.08220	0.03697	0.00697	0.00213	0.00308	0.06526	0.00465	0.00413
5	0.14496	0.01166	0.01166	0.00963	0.01242	0.13422	0.08156	0.18808	0.01406	0.03904	0.01214	0.01380	0.00934	0.01694	0.00457	0.00145	0.00508	0.00431	0.27891	0.00617
6	0.00693	0.00516	0.00645	0.00613	0.00742	0.00468	0.00460	0.00911	0.01379	0.01903	0.64946	0.03982	0.18710	0.01080	0.00597	0.00161	0.00242	0.00943	0.00540	0.00468
7	0.02721	0.07290	0.12183	0.06645	0.08136	0.17998	0.11387	0.05740	0.02503	0.03507	0.00941	0.02727	0.00775	0.00583	0.00690	0.00162	0.14642	0.00440	0.00273	0.00657
8	0.00615	0.00502	0.00544	0.00557	0.00700	0.00430	0.00409	0.00750	0.01158	0.01434	0.13638	0.16676	0.58235	0.01298	0.00605	0.00175	0.00260	0.01106	0.00480	0.00430
9	0.02673	0.11863	0.27092	0.01232	0.01639	0.01251	0.06842	0.01583	0.03451	0.11033	0.06034	0.02572	0.01071	0.00678	0.01865	0.00177	0.17495	0.00466	0.00307	0.00675
10	0.01120	0.01120	0.11583	0.02755	0.01385	0.00753	0.00796	0.01392	0.01077	0.07004	0.01002	0.02215	0.00803	0.00426	0.00405	0.00096	0.00434	0.00343	0.00311	0.64980
11	0.03362	0.34542	0.36230	0.06273	0.01839	0.01530	0.01339	0.06782	0.01133	0.01542	0.00841	0.00986	0.00659	0.00471	0.00417	0.00139	0.00637	0.00340	0.00238	0.00699
12	0.01739	0.02138	0.01457	0.01305	0.01518	0.63413	0.01002	0.03468	0.01327	0.01275	0.00768	0.00956	0.00658	0.00593	0.00688	0.00148	0.16353	0.00351	0.00258	0.00586
13	0.00634	0.00463	0.00586	0.00659	0.00718	0.00427	0.00448	0.00741	0.01038	0.01375	0.12745	0.56337	0.13763	0.06643	0.00756	0.00213	0.00294	0.01275	0.00470	0.00415
14	0.00996	0.06161	0.01380	0.02861	0.01252	0.03258	0.05498	0.01171	0.01040	0.01466	0.21730	0.02095	0.07179	0.00956	0.03246	0.00204	0.38030	0.00609	0.00332	0.00537
15	0.00638	0.00456	0.00612	0.00730	0.00769	0.00430	0.00508	0.00743	0.00990	0.01316	0.02775	0.73326	0.03296	0.01563	0.00651	0.00208	0.00313	0.09790	0.00469	0.00417
16	0.01097	0.09390	0.08940	0.00897	0.01348	0.00908	0.03380	0.01378	0.02696	0.02931	0.02061	0.02328	0.00849	0.00444	0.00433	0.00100	0.02513	0.00353	0.00296	0.57660
17	0.01575	0.01481	0.13423	0.01143	0.01550	0.04290	0.01028	0.33827	0.24609	0.07548	0.01491	0.03328	0.01107	0.00632	0.00506	0.00160	0.00538	0.00499	0.00461	0.00804
18	0.01245	0.08140	0.01217	0.00788	0.01228	0.00823	0.00649	0.03371	0.01129	0.11037	0.01022	0.01113	0.00804	0.00416	0.00390	0.00090	0.00401	0.00326	0.00337	0.65476
19	0.00633	0.00447	0.00582	0.00683	0.00708	0.00422	0.00447	0.00708	0.00936	0.01248	0.02621	0.70982	0.03135	0.12787	0.00913	0.00245	0.00321	0.01340	0.00447	0.00396
20	0.03478	0.02663	0.07819	0.03025	0.01526	0.06783	0.00986	0.31187	0.14504	0.10192	0.02646	0.02584	0.01052	0.00647	0.00612	0.00162	0.08459	0.00479	0.00435	0.00761
21	0.01392	0.01235	0.06852	0.01261	0.06831	0.02340	0.05836	0.21872	0.25273	0.06074	0.10269	0.01753	0.01513	0.00736	0.02586	0.00179	0.02244	0.00549	0.00451	0.00754
22	0.00718	0.00490	0.00616	0.00673	0.00735	0.00464	0.00469	0.00825	0.01006	0.03066	0.09223	0.38761	0.09098	0.19475	0.01064	0.00262	0.00351	0.09598	0.02693	0.00412
23	0.85801	0.00978	0.00743	0.00665	0.00978	0.01134	0.00548	0.01486	0.00861	0.02269	0.00704	0.00821	0.00548	0.00469	0.00313	0.00156	0.00391	0.00274	0.00313	0.00548
24	0.01011	0.02471	0.72873	0.01418	0.02102	0.01182	0.01789	0.01557	0.01047	0.01570	0.00933	0.02840	0.00701	0.00531	0.00560	0.00165	0.05903	0.00401	0.00220	0.00728
25	0.00764	0.00569	0.00754	0.00734	0.00772	0.00648	0.00518	0.00851	0.00772	0.01084	0.01406	0.02546	0.01487	0.41540	0.35339	0.00602	0.08314	0.00626	0.00284	0.00391
26	0.01059	0.09774	0.63463	0.01476	0.04708	0.01247	0.06574	0.01579	0.01070	0.01558	0.00906	0.01087	0.00667	0.00537	0.02049	0.00169	0.00742	0.00384	0.00219	0.00730
27	0.00695	0.00511	0.00651	0.00627	0.00746	0.00467	0.00466	0.00910	0.01366	0.01899	0.64864	0.09652	0.13060	0.01102	0.00600	0.00164	0.00245	0.00970	0.00540	0.00467
28	0.01052	0.01008	0.06569	0.00886	0.01323	0.00728	0.05689	0.01305	0.01071	0.03694	0.02501	0.06781	0.01011	0.00488	0.00423	0.00100	0.00425	0.00420	0.00316	0.64209
29	0.00619	0.00448	0.00587	0.00697	0.00737	0.00416	0.00472	0.00713	0.00984	0.01301	0.02934	0.75200	0.08177	0.01560	0.00644	0.00204	0.00295	0.03128	0.00469	0.00413
30	0.00957	0.00894	0.01500	0.69464	0.09466	0.01084	0.01356	0.01275	0.01020	0.01321	0.01025	0.06555	0.00857	0.00571	0.00514	0.00169	0.00643	0.00513	0.00243	0.00571
31	0.00664	0.00469	0.00605	0.00696	0.00732	0.00448	0.00474	0.00751	0.00946	0.01254	0.02567	0.55143	0.04330	0.18396	0.01053	0.00267	0.00354	0.10021	0.00435	0.00396
32	0.01049	0.00899	0.01049	0.00749	0.01198	0.00674	0.00599	0.01273	0.01049	0.01648	0.00899	0.01049	0.00749	0.00374	0.00374	0.00075	0.00374	0.00300	0.00300	0.85320
33	0.01114	0.01178	0.07237	0.28430	0.40203	0.01133	0.04031	0.01444	0.01094	0.01525	0.00984	0.01308	0.01747	0.00476	0.00497	0.00153	0.00625	0.00448	0.00245	0.06129
34	0.13321	0.14575	0.05803	0.01035	0.01429	0.02777	0.02840	0.33307	0.07902	0.06753	0.02754	0.01311	0.02899	0.00579	0.00454	0.00148	0.00521	0.00434	0.00413	0.00743
35	0.00602	0.00496	0.00529	0.00554	0.00694	0.00423	0.00403	0.00721	0.01112	0.01350	0.04612	0.21724	0.62341	0.01347	0.00608	0.00178	0.00264	0.01148	0.00470	0.00423
36	0.01150	0.00895	0.01092	0.06364	0.01366	0.00712	0.00668	0.01380	0.01081	0.08528	0.00996	0.01129	0.00788	0.00406	0.00396	0.00089	0.00400	0.00329	0.00323	0.71906
37	0.00703	0.00546	0.00795	0.13142	0.03824	0.00559	0.00674	0.00847	0.00994	0.01319	0.02427	0.61529	0.02818	0.01367	0.00623	0.00200	0.00374	0.06383	0.00424	0.00451
38	0.01049	0.00899	0.01049	0.00749	0.01198	0.00674	0.00599	0.01273	0.01049	0.01648	0.00899	0.01049	0.00749	0.00374	0.00374	0.00075	0.00374	0.00300	0.00300	0.85320
39	0.18358	0.01984	0.48441	0.01278	0.01879	0.01125	0.07765	0.01651	0.01070	0.08772	0.00974	0.01101	0.00690	0.00485	0.00456	0.00158	0.00647	0.00383	0.00276	0.02509
40	0.79907	0.06670	0.00876	0.00679	0.01000	0.01195	0.00570	0.01488	0.00872	0.02193	0.00704	0.00821	0.00555	0.00467	0.00314	0.00153	0.00402	0.00274	0.00306	0.00555
41	0.01172	0.01165	0.04450	0.13523	0.54980	0.01166	0.01424	0.01568	0.07396	0.01617	0.01169	0.02884	0.02880	0.00527	0.00526	0.00157	0.01883	0.00491	0.00276	0.00745

[dist]
# distance from previous block
# <min> <max>
0	1

[block]
# block no. 7 follows, 49 sequences, length 11
# corresponding to MSA columns:
# 529-539
name=unknown_H
#
# <colnr> <probs for GDERKNQSTAVLIFYWHMCP>
#	G	D	E	R	K	N	Q	S	T	A	V	L	I	F	Y	W	H	M	C	P
0	0.01148	0.01190	0.03610	0.02870	0.10944	0.09089	0.25248	0.04195	0.04072	0.01467	0.01236	0.03616	0.01155	0.20476	0.02624	0.00257	0.03746	0.02176	0.00294	0.00586
1	0.00971	0.20411	0.01150	0.00733	0.00849	0.00828	0.00573	0.00899	0.00808	0.01030	0.01100	0.07060	0.01142	0.01396	0.01388	0.52420	0.00456	0.06177	0.00254	0.00355
2	0.01108	0.00973	0.01420	0.01148	0.01431	0.01008	0.19252	0.04276	0.30390	0.03817	0.07253	0.02385	0.09884	0.12359	0.00843	0.00215	0.00503	0.00672	0.00423	0.00643
3	0.00642	0.00465	0.00642	0.00731	0.00775	0.00465	0.00509	0.00752	0.00930	0.01262	0.02439	0.62468	0.02839	0.02121	0.19995	0.00353	0.00551	0.01220	0.00421	0.00421
4	0.01488	0.05631	0.01879	0.02045	0.31372	0.31373	0.09012	0.01777	0.04930	0.01475	0.00924	0.01137	0.00764	0.00501	0.00527	0.00146	0.03647	0.00415	0.00265	0.00691
5	0.00753	0.00500	0.00604	0.00589	0.00707	0.00466	0.00438	0.00970	0.01283	0.01880	0.47844	0.08655	0.10981	0.00986	0.00541	0.00153	0.00243	0.00857	0.21083	0.00466
6	0.01372	0.01210	0.01846	0.13766	0.49426	0.01279	0.01387	0.19954	0.01429	0.01974	0.01008	0.01256	0.00797	0.00496	0.00503	0.00153	0.00600	0.00452	0.00309	0.00781
7	0.00939	0.00733	0.00784	0.00691	0.00910	0.00713	0.00540	0.19404	0.01497	0.01918	0.16354	0.03798	0.47652	0.01076	0.00575	0.00164	0.00326	0.00893	0.00493	0.00540
8	0.00898	0.00812	0.01346	0.61513	0.02855	0.01004	0.01217	0.01197	0.00963	0.01263	0.01010	0.01503	0.00818	0.01305	0.19889	0.00325	0.00840	0.00472	0.00236	0.00535
9	0.19692	0.00846	0.01091	0.23535	0.08334	0.00948	0.00874	0.04900	0.04224	0.01866	0.19909	0.01866	0.01738	0.00666	0.00508	0.02028	0.00452	0.00530	0.05423	0.00569
10	0.01271	0.20923	0.02043	0.08809	0.42294	0.01383	0.01274	0.01549	0.02829	0.04164	0.00927	0.01168	0.00775	0.00488	0.00530	0.00145	0.05773	0.00407	0.00258	0.02991

[dist]
# distance from previous block
# <min> <max>
0	172

# created by:
# /st0/software/busco_prod/Augustus/scripts/msa2prfl.pl ./align_prep/188597.fa
