[name]
unknown

[dist]
# distance from previous block
# <min> <max>
21	70

[block]
# block no. 0 follows, 44 sequences, length 8
# corresponding to MSA columns:
# 161-168
name=unknown_A
#
# <colnr> <probs for GDERKNQSTAVLIFYWHMCP>
#	G	D	E	R	K	N	Q	S	T	A	V	L	I	F	Y	W	H	M	C	P
0	0.13311	0.09639	0.10593	0.04688	0.03017	0.01259	0.06552	0.11149	0.03786	0.12040	0.08250	0.03242	0.01372	0.00779	0.02996	0.00193	0.04234	0.01768	0.00406	0.00726
1	0.09595	0.01613	0.21861	0.06679	0.01870	0.04341	0.06924	0.05751	0.11227	0.05997	0.03584	0.01625	0.04986	0.00649	0.00617	0.00174	0.06521	0.00512	0.00361	0.05114
2	0.14584	0.08909	0.05861	0.04767	0.01530	0.10668	0.03896	0.07857	0.08548	0.05948	0.04544	0.05687	0.06187	0.00746	0.00608	0.00173	0.06673	0.01750	0.00389	0.00677
3	0.18350	0.03591	0.14935	0.06909	0.08308	0.07295	0.01141	0.06583	0.05045	0.06811	0.04354	0.01560	0.05161	0.00653	0.00599	0.00173	0.06985	0.00483	0.00357	0.00708
4	0.28987	0.01168	0.03342	0.15527	0.03964	0.05298	0.00928	0.12664	0.01353	0.09349	0.03844	0.04676	0.05437	0.00672	0.00488	0.00172	0.00538	0.00516	0.00400	0.00676
5	0.16966	0.00754	0.03436	0.00728	0.00929	0.00698	0.00582	0.01176	0.03337	0.04253	0.23532	0.09998	0.19508	0.07225	0.00749	0.00210	0.00362	0.04543	0.00483	0.00529
6	0.46392	0.04388	0.07347	0.07610	0.09521	0.01206	0.00941	0.01765	0.01096	0.13719	0.01035	0.01151	0.00759	0.00532	0.00423	0.00167	0.00514	0.00378	0.00361	0.00694
7	0.20975	0.04255	0.01571	0.45642	0.02755	0.01256	0.06802	0.03871	0.01105	0.01726	0.00954	0.01323	0.00737	0.00693	0.04086	0.00207	0.00693	0.00449	0.00279	0.00621

[dist]
# distance from previous block
# <min> <max>
0	1

[block]
# block no. 1 follows, 44 sequences, length 8
# corresponding to MSA columns:
# 170-177
name=unknown_B
#
# <colnr> <probs for GDERKNQSTAVLIFYWHMCP>
#	G	D	E	R	K	N	Q	S	T	A	V	L	I	F	Y	W	H	M	C	P
0	0.07604	0.01011	0.01226	0.05306	0.01395	0.01133	0.02360	0.20578	0.05889	0.05895	0.10614	0.15605	0.04183	0.03149	0.00802	0.00199	0.11158	0.00757	0.00466	0.00669
1	0.00673	0.00478	0.00630	0.00748	0.00777	0.00449	0.00494	0.00761	0.01026	0.01368	0.02914	0.75074	0.03492	0.07274	0.00842	0.00243	0.00331	0.01497	0.00494	0.00435
2	0.00772	0.00584	0.00833	0.03579	0.06719	0.00569	0.00690	0.00931	0.01133	0.01521	0.08287	0.53721	0.03340	0.01500	0.00685	0.00217	0.00382	0.13556	0.00486	0.00495
3	0.38750	0.01241	0.01193	0.00990	0.01356	0.01399	0.00816	0.33122	0.07328	0.02810	0.01218	0.01439	0.00953	0.00641	0.00465	0.00172	0.00503	0.04403	0.00451	0.00749
4	0.00767	0.00529	0.00605	0.00615	0.00640	0.00521	0.00368	0.00796	0.00862	0.01135	0.02196	0.10186	0.09605	0.63163	0.05403	0.00482	0.00522	0.00884	0.00361	0.00359
5	0.01237	0.01287	0.07542	0.12612	0.47338	0.01218	0.01488	0.01712	0.09199	0.01816	0.08015	0.01666	0.01304	0.00579	0.00550	0.00169	0.00612	0.00538	0.00323	0.00794
6	0.01067	0.02634	0.71647	0.01482	0.02232	0.01204	0.01891	0.01669	0.01183	0.01764	0.07256	0.01392	0.01058	0.00567	0.00528	0.00173	0.00761	0.00451	0.00261	0.00782
7	0.01486	0.01168	0.01488	0.01670	0.21587	0.01254	0.01060	0.06686	0.40089	0.10764	0.01998	0.01942	0.04957	0.00690	0.00554	0.00176	0.00495	0.00592	0.00490	0.00855

[dist]
# distance from previous block
# <min> <max>
0	2

[block]
# block no. 2 follows, 44 sequences, length 50
# corresponding to MSA columns:
# 180-229
name=unknown_C
#
# <colnr> <probs for GDERKNQSTAVLIFYWHMCP>
#	G	D	E	R	K	N	Q	S	T	A	V	L	I	F	Y	W	H	M	C	P
0	0.59089	0.01181	0.03580	0.01237	0.08258	0.01237	0.12935	0.01615	0.01024	0.02225	0.00900	0.02972	0.00730	0.00526	0.00420	0.00172	0.00532	0.00403	0.00322	0.00641
1	0.31900	0.01221	0.01196	0.01001	0.01358	0.01376	0.00810	0.27685	0.18387	0.04924	0.01397	0.04143	0.01077	0.00658	0.00477	0.00172	0.00483	0.00487	0.00474	0.00773
2	0.02037	0.02598	0.01545	0.01404	0.01685	0.78652	0.01053	0.02177	0.01545	0.01334	0.00843	0.00983	0.00702	0.00562	0.00492	0.00140	0.00983	0.00351	0.00281	0.00632
3	0.01357	0.00855	0.00991	0.03877	0.01199	0.03053	0.00687	0.10328	0.04618	0.20165	0.17259	0.09296	0.22039	0.01017	0.00601	0.00177	0.00404	0.00857	0.00554	0.00664
4	0.01565	0.01247	0.01330	0.01139	0.01482	0.01416	0.00902	0.20200	0.56236	0.05208	0.02000	0.01855	0.01478	0.00717	0.00552	0.00179	0.00473	0.00584	0.00557	0.00880
5	0.00787	0.00550	0.00705	0.00705	0.00743	0.00589	0.00468	0.00864	0.00826	0.01139	0.01617	0.03008	0.01739	0.50723	0.32560	0.00665	0.00894	0.00711	0.00315	0.00392
6	0.01399	0.32657	0.20516	0.05638	0.06183	0.04321	0.11859	0.01742	0.01190	0.06632	0.00981	0.01159	0.00770	0.00511	0.00501	0.00152	0.02359	0.00412	0.00273	0.00745
7	0.01016	0.00508	0.00508	0.00508	0.00635	0.00508	0.00381	0.01270	0.01143	0.02033	0.01778	0.02033	0.01397	0.00635	0.00381	0.00127	0.00254	0.00508	0.83867	0.00508
8	0.01955	0.04237	0.01598	0.01204	0.01617	0.01606	0.00992	0.61622	0.08927	0.05816	0.01454	0.03948	0.01086	0.00690	0.00544	0.00166	0.00570	0.00531	0.00539	0.00898
9	0.01148	0.00978	0.01145	0.02481	0.01345	0.00762	0.00672	0.03771	0.01179	0.01816	0.01080	0.01233	0.02485	0.00436	0.00417	0.00088	0.00414	0.00350	0.00333	0.77867
10	0.02028	0.01489	0.01569	0.01216	0.01627	0.04105	0.00994	0.66543	0.02404	0.06536	0.01350	0.01427	0.00987	0.04370	0.00647	0.00180	0.00603	0.00503	0.00532	0.00890
11	0.84691	0.01054	0.00801	0.00717	0.01054	0.01223	0.00590	0.01603	0.00928	0.02446	0.00759	0.00886	0.00590	0.00506	0.00337	0.00169	0.00422	0.00295	0.00337	0.00590
12	0.01248	0.00947	0.01127	0.00822	0.01285	0.00724	0.00657	0.01482	0.01171	0.09492	0.01161	0.03991	0.00961	0.00477	0.00429	0.00095	0.00407	0.00389	0.00365	0.72772
13	0.01016	0.00508	0.00508	0.00508	0.00635	0.00508	0.00381	0.01270	0.01143	0.02033	0.01778	0.02033	0.01397	0.00635	0.00381	0.00127	0.00254	0.00508	0.83867	0.00508
14	0.00727	0.00545	0.00674	0.00663	0.00793	0.00492	0.00489	0.00934	0.01405	0.01909	0.50110	0.14489	0.22255	0.01257	0.00650	0.00181	0.00270	0.01100	0.00565	0.00492
15	0.01346	0.01024	0.01220	0.05230	0.01472	0.00882	0.00755	0.11737	0.01359	0.08222	0.01191	0.04258	0.00971	0.00518	0.00454	0.00110	0.00450	0.00420	0.00385	0.57994
16	0.01016	0.00508	0.00508	0.00508	0.00635	0.00508	0.00381	0.01270	0.01143	0.02033	0.01778	0.02033	0.01397	0.00635	0.00381	0.00127	0.00254	0.00508	0.83867	0.00508
17	0.01251	0.01229	0.03590	0.01408	0.01719	0.09947	0.25017	0.06883	0.04333	0.05402	0.01947	0.29347	0.03534	0.00969	0.00626	0.00190	0.00633	0.00917	0.00411	0.00644
18	0.00955	0.00736	0.01023	0.04748	0.01199	0.00858	0.00773	0.09625	0.01086	0.01525	0.01477	0.02061	0.02852	0.04622	0.59704	0.00713	0.04596	0.00579	0.00322	0.00545
19	0.02086	0.01506	0.01623	0.01244	0.01680	0.01659	0.01028	0.73032	0.02528	0.06076	0.01339	0.01328	0.00942	0.00655	0.00545	0.00164	0.00595	0.00493	0.00550	0.00927
20	0.01093	0.02820	0.78016	0.01554	0.02360	0.01266	0.02014	0.01727	0.01151	0.01727	0.00978	0.01151	0.00691	0.00518	0.00518	0.00173	0.00806	0.00403	0.00230	0.00806
21	0.01349	0.01295	0.02213	0.03346	0.77440	0.01295	0.01673	0.01673	0.01241	0.01781	0.01025	0.01349	0.00864	0.00486	0.00540	0.00162	0.00648	0.00486	0.00270	0.00864
22	0.07193	0.01864	0.01604	0.14452	0.14096	0.38795	0.01181	0.09404	0.01478	0.01707	0.01041	0.01243	0.02491	0.00571	0.00507	0.00156	0.00795	0.00423	0.00309	0.00688
23	0.01477	0.67652	0.02711	0.01237	0.10200	0.06233	0.01025	0.01667	0.01147	0.01343	0.00793	0.00935	0.00719	0.00474	0.00379	0.00123	0.00612	0.00317	0.00240	0.00715
24	0.04120	0.08956	0.62887	0.01467	0.02195	0.01337	0.03963	0.04052	0.01197	0.01781	0.02637	0.01198	0.00797	0.00529	0.00505	0.00168	0.00759	0.00413	0.00254	0.00785
25	0.01373	0.01405	0.04652	0.03198	0.71481	0.04881	0.01656	0.01698	0.01252	0.01759	0.01015	0.01326	0.00850	0.00490	0.00537	0.00161	0.00668	0.00477	0.00269	0.00851
26	0.00780	0.00579	0.00851	0.00851	0.00940	0.00668	0.00650	0.00958	0.00869	0.01247	0.01483	0.02268	0.01418	0.10889	0.71955	0.00845	0.01378	0.00603	0.00295	0.00473
27	0.01128	0.01001	0.01537	0.55620	0.03001	0.01239	0.01329	0.08175	0.01197	0.01605	0.01100	0.04779	0.00901	0.00657	0.00689	0.00185	0.09954	0.00530	0.04750	0.00622
28	0.01016	0.00508	0.00508	0.00508	0.00635	0.00508	0.00381	0.01270	0.01143	0.02033	0.01778	0.02033	0.01397	0.00635	0.00381	0.00127	0.00254	0.00508	0.83867	0.00508
29	0.06081	0.01504	0.01596	0.01228	0.01660	0.01668	0.01015	0.72030	0.02484	0.03388	0.01282	0.01288	0.00911	0.00647	0.00535	0.00164	0.00591	0.00481	0.00535	0.00911
30	0.01093	0.02820	0.78016	0.01554	0.02360	0.01266	0.02014	0.01727	0.01151	0.01727	0.00978	0.01151	0.00691	0.00518	0.00518	0.00173	0.00806	0.00403	0.00230	0.00806
31	0.01356	0.01171	0.01233	0.01109	0.01418	0.01356	0.00863	0.02897	0.76455	0.02281	0.02219	0.02034	0.01664	0.00740	0.00555	0.00185	0.00431	0.00616	0.00555	0.00863
32	0.84691	0.01054	0.00801	0.00717	0.01054	0.01223	0.00590	0.01603	0.00928	0.02446	0.00759	0.00886	0.00590	0.00506	0.00337	0.00169	0.00422	0.00295	0.00337	0.00590
33	0.00779	0.00584	0.00876	0.00876	0.00974	0.00681	0.00681	0.00974	0.00876	0.01266	0.01460	0.02142	0.01363	0.04089	0.78680	0.00876	0.01460	0.00584	0.00292	0.00487
34	0.01040	0.00984	0.01637	0.74440	0.03603	0.01241	0.01493	0.01388	0.01073	0.01388	0.00952	0.01436	0.00726	0.00572	0.00626	0.00185	0.05883	0.00484	0.00242	0.00605
35	0.00663	0.00543	0.00586	0.00607	0.00762	0.00466	0.00450	0.00805	0.01230	0.01508	0.09334	0.16991	0.58965	0.01420	0.00656	0.00191	0.00289	0.03561	0.00512	0.00462
36	0.01126	0.00969	0.01155	0.04627	0.01411	0.00750	0.00688	0.01374	0.01129	0.01758	0.00969	0.01146	0.00804	0.00411	0.00411	0.00086	0.00419	0.00331	0.00319	0.80118
37	0.00713	0.00501	0.00612	0.00679	0.00710	0.00478	0.00430	0.00774	0.00960	0.01267	0.02689	0.44704	0.08479	0.32701	0.01507	0.00339	0.00396	0.01223	0.00437	0.00400
38	0.01337	0.01296	0.02152	0.09542	0.69838	0.02892	0.01647	0.01661	0.01235	0.01740	0.01017	0.01350	0.00849	0.00492	0.00539	0.00163	0.00661	0.00483	0.00268	0.00838
39	0.01016	0.00508	0.00508	0.00508	0.00635	0.00508	0.00381	0.01270	0.01143	0.02033	0.01778	0.02033	0.01397	0.00635	0.00381	0.00127	0.00254	0.00508	0.83867	0.00508
40	0.00898	0.00783	0.05060	0.02988	0.07921	0.00675	0.00739	0.01210	0.04570	0.04119	0.45076	0.11850	0.09840	0.01069	0.00624	0.00178	0.00355	0.00943	0.00524	0.00578
41	0.01118	0.02583	0.66508	0.01643	0.05816	0.01248	0.06118	0.01708	0.01162	0.01733	0.00987	0.01177	0.00712	0.00508	0.00521	0.00168	0.00785	0.00417	0.00239	0.04849
42	0.01025	0.00755	0.00832	0.00750	0.00980	0.00728	0.00585	0.10935	0.07564	0.06469	0.17337	0.04080	0.41733	0.01147	0.00621	0.00180	0.00345	0.02799	0.00542	0.00593
43	0.08410	0.03665	0.06825	0.06003	0.37474	0.01281	0.15384	0.01588	0.01178	0.01748	0.01195	0.05071	0.02861	0.00588	0.00603	0.00174	0.04357	0.00554	0.00287	0.00753
44	0.05736	0.28951	0.08600	0.02717	0.01640	0.17743	0.03474	0.07177	0.01359	0.12891	0.01054	0.01142	0.00812	0.00559	0.00511	0.00149	0.04024	0.00389	0.00337	0.00734
45	0.22843	0.05195	0.04946	0.01116	0.03188	0.05255	0.04333	0.25279	0.03239	0.04098	0.13781	0.01652	0.01530	0.00662	0.00500	0.00165	0.00535	0.00513	0.00442	0.00729
46	0.09100	0.04592	0.01363	0.01096	0.02793	0.02989	0.00865	0.30412	0.17116	0.09439	0.06680	0.05833	0.01524	0.03017	0.00597	0.00180	0.00506	0.00590	0.00512	0.00797
47	0.03481	0.10381	0.02211	0.02763	0.56841	0.03160	0.04213	0.03363	0.01252	0.01763	0.02621	0.01333	0.00922	0.00516	0.00554	0.00160	0.02899	0.00472	0.00280	0.00814
48	0.02881	0.20820	0.36926	0.01295	0.04650	0.03050	0.01390	0.01696	0.02755	0.06697	0.06101	0.04989	0.01190	0.00611	0.00491	0.00158	0.00644	0.00479	0.00311	0.02865
49	0.17008	0.02823	0.18787	0.01272	0.07699	0.01169	0.01123	0.08445	0.03985	0.13981	0.11608	0.01671	0.01456	0.00668	0.00594	0.00173	0.05867	0.00511	0.00414	0.00747

[dist]
# distance from previous block
# <min> <max>
16	51

[block]
# block no. 3 follows, 44 sequences, length 47
# corresponding to MSA columns:
# 288-302,304-335
name=unknown_D
#
# <colnr> <probs for GDERKNQSTAVLIFYWHMCP>
#	G	D	E	R	K	N	Q	S	T	A	V	L	I	F	Y	W	H	M	C	P
0	0.42738	0.01189	0.04308	0.04310	0.12550	0.01240	0.00915	0.13947	0.01331	0.03813	0.07943	0.01368	0.01128	0.00589	0.00449	0.00168	0.00498	0.00436	0.00384	0.00695
1	0.01607	0.01405	0.06989	0.03399	0.12265	0.03226	0.06685	0.30049	0.01751	0.07138	0.01400	0.02833	0.03172	0.00624	0.00538	0.00157	0.00603	0.02329	0.00423	0.13408
2	0.05854	0.03795	0.06970	0.04614	0.11175	0.05153	0.43371	0.01694	0.01212	0.01701	0.01004	0.01338	0.00787	0.00524	0.00698	0.00181	0.08389	0.00547	0.00270	0.00723
3	0.03829	0.01295	0.03312	0.01127	0.01473	0.06634	0.00932	0.25353	0.09863	0.23053	0.07996	0.01739	0.01441	0.00776	0.01933	0.00185	0.07169	0.00546	0.00525	0.00819
4	0.00779	0.00584	0.00876	0.00876	0.00974	0.00681	0.00681	0.00974	0.00876	0.01266	0.01460	0.02142	0.01363	0.04089	0.78680	0.00876	0.01460	0.00584	0.00292	0.00487
5	0.00851	0.00692	0.00846	0.00971	0.09673	0.00644	0.00628	0.01135	0.07603	0.03852	0.09993	0.13893	0.44739	0.01223	0.00628	0.00185	0.00341	0.01049	0.00495	0.00557
6	0.01306	0.01128	0.01185	0.01071	0.01370	0.01294	0.00832	0.02750	0.71214	0.02224	0.02449	0.02258	0.06929	0.00784	0.00561	0.00185	0.00421	0.00654	0.00551	0.00835
7	0.00780	0.00580	0.00857	0.00857	0.00947	0.00671	0.00657	0.00961	0.00870	0.01251	0.01478	0.02241	0.01406	0.09437	0.73391	0.00852	0.01395	0.00599	0.00295	0.00476
8	0.01046	0.00986	0.01665	0.75626	0.07531	0.01216	0.01522	0.01407	0.01098	0.01413	0.00972	0.01448	0.00734	0.00542	0.00545	0.00181	0.00723	0.00485	0.00244	0.00619
9	0.02032	0.01500	0.01606	0.01235	0.01664	0.01656	0.01019	0.73508	0.02526	0.03380	0.01428	0.01420	0.03082	0.00675	0.00548	0.00164	0.00591	0.00509	0.00544	0.00914
10	0.01016	0.00508	0.00508	0.00508	0.00635	0.00508	0.00381	0.01270	0.01143	0.02033	0.01778	0.02033	0.01397	0.00635	0.00381	0.00127	0.00254	0.00508	0.83867	0.00508
11	0.00732	0.00572	0.00667	0.00646	0.00803	0.00514	0.00489	0.00966	0.03171	0.01854	0.41277	0.04609	0.37069	0.01236	0.00645	0.00180	0.00277	0.03241	0.00554	0.00498
12	0.01089	0.00931	0.01132	0.00869	0.01277	0.00760	0.02896	0.01430	0.07490	0.01781	0.03125	0.10906	0.01322	0.00609	0.00465	0.00112	0.00408	0.00522	0.00370	0.62505
13	0.01781	0.01009	0.01213	0.00966	0.01332	0.00963	0.00777	0.20388	0.03935	0.30860	0.05575	0.09750	0.05468	0.00793	0.00551	0.00161	0.00454	0.00655	0.00559	0.12810
14	0.01153	0.05329	0.11476	0.00873	0.01177	0.00793	0.00797	0.02979	0.03580	0.14425	0.35669	0.05104	0.12551	0.00954	0.00591	0.00171	0.00400	0.00811	0.00525	0.00642
15	0.07976	0.25683	0.01846	0.01150	0.01510	0.36629	0.00945	0.08285	0.02818	0.01620	0.00898	0.01042	0.00757	0.01873	0.00477	0.00142	0.00741	0.00352	0.00302	0.04955
16	0.01093	0.02820	0.78016	0.01554	0.02360	0.01266	0.02014	0.01727	0.01151	0.01727	0.00978	0.01151	0.00691	0.00518	0.00518	0.00173	0.00806	0.00403	0.00230	0.00806
17	0.01093	0.02820	0.78016	0.01554	0.02360	0.01266	0.02014	0.01727	0.01151	0.01727	0.00978	0.01151	0.00691	0.00518	0.00518	0.00173	0.00806	0.00403	0.00230	0.00806
18	0.01329	0.01290	0.02129	0.12186	0.66959	0.03210	0.01639	0.01653	0.01231	0.01725	0.01014	0.01352	0.00844	0.00495	0.00539	0.00164	0.00665	0.00482	0.00267	0.00828
19	0.00670	0.00484	0.00635	0.00743	0.00789	0.00449	0.00502	0.00779	0.01089	0.01451	0.08226	0.71114	0.07754	0.01649	0.00689	0.00216	0.00310	0.01489	0.00513	0.00449
20	0.02023	0.01502	0.01608	0.01244	0.01672	0.01667	0.01024	0.70554	0.07712	0.03355	0.01372	0.01359	0.00978	0.00660	0.00546	0.00165	0.00588	0.00500	0.00546	0.00923
21	0.00764	0.00555	0.00706	0.00670	0.00792	0.00512	0.00493	0.00994	0.01465	0.02050	0.66396	0.04117	0.09969	0.07181	0.00805	0.00199	0.00279	0.00983	0.00573	0.00497
22	0.00671	0.00486	0.00627	0.00733	0.00778	0.00450	0.00491	0.00770	0.01063	0.01405	0.05217	0.68690	0.09663	0.05213	0.00783	0.00231	0.00321	0.01467	0.00501	0.00441
23	0.80015	0.01142	0.00843	0.00756	0.01090	0.05604	0.00617	0.01635	0.00963	0.02383	0.00764	0.00891	0.00597	0.00509	0.00346	0.00167	0.00453	0.00298	0.00334	0.00593
24	0.00793	0.00529	0.00595	0.00595	0.00595	0.00529	0.00330	0.00793	0.00793	0.01057	0.01718	0.03568	0.01982	0.80840	0.02775	0.00529	0.00529	0.00793	0.00330	0.00330
25	0.01093	0.02820	0.78016	0.01554	0.02360	0.01266	0.02014	0.01727	0.01151	0.01727	0.00978	0.01151	0.00691	0.00518	0.00518	0.00173	0.00806	0.00403	0.00230	0.00806
26	0.33751	0.00863	0.00890	0.00794	0.01057	0.00907	0.00634	0.06415	0.01324	0.12532	0.23348	0.08047	0.02372	0.00849	0.00514	0.00177	0.00388	0.04025	0.00493	0.00622
27	0.00727	0.00561	0.00613	0.00614	0.00778	0.00485	0.00459	0.00877	0.01253	0.03658	0.12910	0.09561	0.55888	0.04888	0.00744	0.00203	0.00303	0.04487	0.00513	0.00474
28	0.00837	0.00604	0.00822	0.00903	0.01029	0.00589	0.00763	0.01080	0.01316	0.01746	0.20224	0.07507	0.07139	0.01414	0.00721	0.00229	0.00430	0.51622	0.00525	0.00501
29	0.02991	0.00562	0.00708	0.00731	0.00836	0.00523	0.00513	0.01027	0.01175	0.09171	0.17091	0.41710	0.08952	0.10329	0.00892	0.00237	0.00343	0.01195	0.00517	0.00497
30	0.43726	0.00856	0.00761	0.00687	0.00930	0.00945	0.00535	0.05217	0.01098	0.04415	0.05563	0.01715	0.01249	0.10629	0.00686	0.00204	0.00398	0.00463	0.19362	0.00562
31	0.00713	0.00509	0.00685	0.00808	0.00859	0.00484	0.00582	0.00839	0.01084	0.01436	0.02952	0.62860	0.03471	0.03348	0.00752	0.00234	0.00361	0.17067	0.00501	0.00453
32	0.00684	0.00483	0.00627	0.00733	0.00760	0.00456	0.00479	0.00764	0.01005	0.01340	0.02804	0.68501	0.03353	0.14037	0.01020	0.00269	0.00349	0.01432	0.00479	0.00425
33	0.00777	0.00523	0.00666	0.00735	0.00821	0.00476	0.00513	0.00896	0.01133	0.05831	0.07272	0.56002	0.15741	0.03252	0.00722	0.00217	0.00324	0.03106	0.00517	0.00476
34	0.00752	0.00571	0.00651	0.00650	0.00799	0.00516	0.00485	0.03071	0.01330	0.01752	0.24487	0.15432	0.38035	0.01294	0.00637	0.00184	0.00292	0.03255	0.05316	0.00490
35	0.02018	0.01475	0.01578	0.01216	0.01637	0.01630	0.01003	0.71811	0.02490	0.03364	0.01333	0.01346	0.00951	0.00653	0.00537	0.00162	0.00582	0.00492	0.04815	0.00906
36	0.67970	0.01150	0.00970	0.00826	0.01183	0.01318	0.00681	0.16584	0.01259	0.02646	0.00870	0.00971	0.00659	0.00536	0.00379	0.00168	0.00458	0.00335	0.00379	0.00659
37	0.01775	0.01306	0.01433	0.01097	0.01515	0.01354	0.00891	0.49144	0.04034	0.05865	0.01311	0.01438	0.00996	0.05200	0.00641	0.00166	0.00540	0.00475	0.00487	0.20334
38	0.01185	0.00684	0.00846	0.00760	0.00941	0.00650	0.00565	0.01467	0.07559	0.18391	0.28539	0.03450	0.08867	0.20210	0.01131	0.00261	0.00391	0.02980	0.00537	0.00585
39	0.00855	0.00586	0.00699	0.00659	0.00831	0.00518	0.00501	0.01053	0.01394	0.07828	0.37773	0.04427	0.34541	0.03106	0.00690	0.00187	0.00294	0.02979	0.00558	0.00520
40	0.00779	0.00578	0.00845	0.00843	0.00935	0.00659	0.00644	0.00964	0.00917	0.01315	0.06753	0.02380	0.01671	0.09442	0.67743	0.00802	0.01309	0.00627	0.00316	0.00477
41	0.00761	0.00569	0.00723	0.00821	0.05128	0.00553	0.00512	0.00858	0.00998	0.01319	0.04887	0.24295	0.15973	0.30217	0.09600	0.00389	0.00522	0.01027	0.00410	0.00436
42	0.01059	0.00999	0.01689	0.72410	0.10641	0.01219	0.01529	0.01419	0.01104	0.01429	0.00974	0.01444	0.00740	0.00540	0.00545	0.00180	0.00719	0.00485	0.00245	0.00630
43	0.01225	0.01199	0.02133	0.30983	0.40835	0.01276	0.11251	0.01581	0.01192	0.01635	0.01015	0.01403	0.00809	0.00504	0.00555	0.00172	0.00712	0.00506	0.00261	0.00753
44	0.06026	0.01174	0.01942	0.28206	0.48867	0.01264	0.01559	0.01577	0.01174	0.01692	0.00992	0.01357	0.00803	0.00506	0.00530	0.00169	0.00661	0.00474	0.00265	0.00763
45	0.03529	0.01136	0.02036	0.47329	0.08854	0.01269	0.20343	0.01597	0.05471	0.01593	0.01073	0.01467	0.00813	0.00529	0.00564	0.00181	0.00744	0.00527	0.00274	0.00672
46	0.01716	0.01170	0.01280	0.01075	0.01420	0.03417	0.00854	0.17797	0.33555	0.20008	0.02074	0.06373	0.03404	0.00766	0.00556	0.00175	0.00479	0.00627	0.00564	0.02691

[dist]
# distance from previous block
# <min> <max>
5	8

[block]
# block no. 4 follows, 44 sequences, length 8
# corresponding to MSA columns:
# 344-351
name=unknown_E
#
# <colnr> <probs for GDERKNQSTAVLIFYWHMCP>
#	G	D	E	R	K	N	Q	S	T	A	V	L	I	F	Y	W	H	M	C	P
0	0.07157	0.00988	0.01118	0.00907	0.01223	0.03203	0.00705	0.11814	0.05749	0.29354	0.04425	0.02059	0.01452	0.17219	0.00981	0.00233	0.00492	0.00564	0.00504	0.09852
1	0.28720	0.00885	0.00935	0.00842	0.01110	0.00933	0.00688	0.08702	0.03277	0.11102	0.19618	0.02822	0.04738	0.00881	0.00538	0.00183	0.00413	0.12482	0.00497	0.00633
2	0.01076	0.01017	0.01720	0.68406	0.14514	0.01224	0.01537	0.01434	0.01112	0.01450	0.00977	0.01438	0.00747	0.00536	0.00544	0.00179	0.00715	0.00485	0.00246	0.00643
3	0.05724	0.00700	0.00741	0.00711	0.00903	0.00676	0.00536	0.09707	0.03682	0.01806	0.07841	0.19820	0.42608	0.01278	0.00623	0.00188	0.00335	0.01080	0.00507	0.00534
4	0.01253	0.01181	0.02009	0.01521	0.05525	0.01013	0.30174	0.01584	0.01214	0.04686	0.01070	0.01303	0.00839	0.00440	0.00510	0.00129	0.00621	0.00466	0.00315	0.44148
5	0.04188	0.01263	0.01303	0.01104	0.01454	0.07242	0.00881	0.15401	0.34951	0.17111	0.01879	0.01897	0.01398	0.00711	0.00543	0.00173	0.00512	0.03616	0.00538	0.03834
6	0.01944	0.02173	0.01518	0.01331	0.01647	0.51793	0.01022	0.17143	0.12689	0.01898	0.01138	0.01203	0.00888	0.00607	0.00512	0.00152	0.00825	0.00418	0.00374	0.00725
7	0.01724	0.03894	0.01431	0.01074	0.01459	0.01323	0.00881	0.45802	0.02065	0.07692	0.12384	0.01743	0.01565	0.00816	0.03493	0.00181	0.00549	0.00544	0.00515	0.10867

[dist]
# distance from previous block
# <min> <max>
0	3

# created by:
# /st0/software/busco_prod/Augustus/scripts/msa2prfl.pl ./align_prep/188864.fa
