[name]
unknown

[dist]
# distance from previous block
# <min> <max>
20	86

[block]
# block no. 0 follows, 45 sequences, length 27
# corresponding to MSA columns:
# 107-133
name=unknown_A
#
# <colnr> <probs for GDERKNQSTAVLIFYWHMCP>
#	G	D	E	R	K	N	Q	S	T	A	V	L	I	F	Y	W	H	M	C	P
0	0.04611	0.03663	0.02872	0.01093	0.01410	0.06028	0.06071	0.26430	0.04913	0.04215	0.10571	0.09236	0.03596	0.03857	0.00642	0.00183	0.00533	0.05071	0.00464	0.04542
1	0.01539	0.10035	0.09566	0.01367	0.01801	0.03291	0.14538	0.26205	0.13264	0.03969	0.03679	0.03398	0.01150	0.00636	0.00576	0.00167	0.03074	0.00538	0.00415	0.00792
2	0.01120	0.02422	0.63989	0.01395	0.02115	0.01143	0.01734	0.01671	0.01160	0.04631	0.03721	0.01259	0.00873	0.00524	0.00503	0.00160	0.00717	0.00414	0.00267	0.10181
3	0.08176	0.01135	0.06445	0.05460	0.02849	0.01051	0.12184	0.08135	0.06169	0.23664	0.01722	0.12905	0.01433	0.00777	0.00605	0.00182	0.03376	0.02533	0.00460	0.00739
4	0.11149	0.47839	0.16861	0.01079	0.01586	0.01739	0.04829	0.01657	0.03421	0.01550	0.00856	0.00987	0.00714	0.00479	0.00397	0.00136	0.00603	0.00337	0.00256	0.03525
5	0.00960	0.00806	0.00814	0.00792	0.00970	0.05665	0.00586	0.04911	0.13627	0.03492	0.06619	0.24385	0.30363	0.02686	0.00655	0.00193	0.00376	0.01044	0.00499	0.00557
6	0.00654	0.00467	0.00623	0.00747	0.00779	0.00436	0.00498	0.00747	0.01028	0.01370	0.02959	0.80785	0.03550	0.01682	0.00685	0.00218	0.00311	0.01526	0.00498	0.00436
7	0.00658	0.00473	0.00624	0.00737	0.00778	0.00440	0.00495	0.00759	0.01055	0.01405	0.06110	0.74781	0.06407	0.01646	0.00681	0.00215	0.00308	0.01488	0.00502	0.00440
8	0.01613	0.08509	0.01654	0.11763	0.03459	0.05119	0.03852	0.29013	0.20834	0.05076	0.01447	0.02884	0.01097	0.00639	0.00526	0.00165	0.00585	0.00516	0.00448	0.00804
9	0.00781	0.00520	0.00585	0.00585	0.00585	0.00520	0.00325	0.00781	0.00781	0.01041	0.01691	0.03513	0.01952	0.81135	0.02732	0.00520	0.00520	0.00781	0.00325	0.00325
10	0.01308	0.01255	0.02142	0.08185	0.73054	0.01270	0.01637	0.01630	0.01213	0.01729	0.01006	0.01335	0.00842	0.00482	0.00532	0.00161	0.00643	0.00478	0.00264	0.00834
11	0.02091	0.12806	0.01612	0.01079	0.01492	0.07585	0.00905	0.26443	0.03540	0.34703	0.01547	0.01447	0.01057	0.00621	0.00506	0.00155	0.00558	0.00471	0.00526	0.00856
12	0.01958	0.01379	0.01499	0.01164	0.01558	0.01507	0.00948	0.62932	0.04517	0.08860	0.01407	0.01508	0.01040	0.06358	0.00693	0.00188	0.00571	0.00512	0.00532	0.00869
13	0.00653	0.00531	0.00576	0.00601	0.00745	0.00459	0.00439	0.00786	0.01188	0.01458	0.07761	0.19155	0.56795	0.03477	0.00701	0.00198	0.00291	0.03239	0.00498	0.00450
14	0.01366	0.18805	0.17886	0.07399	0.08310	0.17041	0.07824	0.03026	0.01250	0.01544	0.05059	0.03218	0.01024	0.00580	0.00540	0.00156	0.03543	0.00459	0.00278	0.00691
15	0.01435	0.81458	0.02813	0.00918	0.01378	0.02124	0.00918	0.01607	0.01091	0.01263	0.00746	0.00861	0.00689	0.00459	0.00344	0.00115	0.00574	0.00287	0.00230	0.00689
16	0.01268	0.01053	0.01194	0.00889	0.01341	0.00917	0.00713	0.12056	0.09499	0.02034	0.01134	0.01234	0.00903	0.00468	0.00433	0.00102	0.00428	0.00373	0.00374	0.63587
17	0.01480	0.01254	0.01511	0.01755	0.25005	0.09160	0.01082	0.16010	0.10871	0.07079	0.03178	0.12222	0.01517	0.02216	0.00599	0.00178	0.00566	0.03130	0.00426	0.00759
18	0.26015	0.03544	0.01385	0.01338	0.09499	0.31995	0.00950	0.05914	0.01299	0.04537	0.00946	0.03277	0.00792	0.00593	0.00535	0.00159	0.05847	0.00398	0.00322	0.00655
19	0.01868	0.01045	0.01251	0.01018	0.01354	0.01061	0.00815	0.28113	0.05488	0.32071	0.01923	0.13614	0.01548	0.02793	0.03263	0.00205	0.00515	0.00679	0.00568	0.00810
20	0.00654	0.00467	0.00623	0.00747	0.00779	0.00436	0.00498	0.00747	0.01028	0.01370	0.02959	0.80785	0.03550	0.01682	0.00685	0.00218	0.00311	0.01526	0.00498	0.00436
21	0.01992	0.01393	0.01523	0.01180	0.01587	0.01518	0.00970	0.65204	0.02361	0.09733	0.03224	0.04239	0.01141	0.00694	0.00545	0.00164	0.00561	0.00537	0.00548	0.00886
22	0.11777	0.09147	0.01519	0.01111	0.01490	0.07439	0.00913	0.35174	0.19173	0.04947	0.01368	0.01354	0.01014	0.00622	0.00492	0.00160	0.00554	0.00461	0.00469	0.00815
23	0.00932	0.00466	0.00699	0.00699	0.00699	0.00466	0.00466	0.00699	0.00699	0.00932	0.00932	0.01632	0.00932	0.01865	0.02098	0.84382	0.00466	0.00466	0.00233	0.00233
24	0.01866	0.01398	0.01478	0.01162	0.01535	0.03478	0.00941	0.64110	0.02300	0.03068	0.03934	0.04516	0.01211	0.05654	0.00680	0.00185	0.00574	0.00554	0.00518	0.00838
25	0.01697	0.01879	0.01469	0.07965	0.04941	0.42472	0.01011	0.11613	0.01515	0.01691	0.00990	0.03296	0.00827	0.00563	0.00487	0.00137	0.00761	0.00408	0.00321	0.15956
26	0.03372	0.01407	0.03743	0.01208	0.02871	0.08210	0.00967	0.22933	0.36235	0.03524	0.01704	0.01666	0.02999	0.00701	0.00615	0.00175	0.05838	0.00536	0.00481	0.00814

[dist]
# distance from previous block
# <min> <max>
0	7

[block]
# block no. 1 follows, 45 sequences, length 13
# corresponding to MSA columns:
# 141-153
name=unknown_B
#
# <colnr> <probs for GDERKNQSTAVLIFYWHMCP>
#	G	D	E	R	K	N	Q	S	T	A	V	L	I	F	Y	W	H	M	C	P
0	0.01439	0.01123	0.01139	0.01001	0.01289	0.07499	0.00780	0.08833	0.36360	0.11964	0.09110	0.05290	0.10167	0.00836	0.00562	0.00175	0.00452	0.00690	0.00535	0.00755
1	0.01326	0.03309	0.01544	0.01242	0.01409	0.04963	0.01027	0.06672	0.01071	0.05146	0.00868	0.01184	0.00765	0.00770	0.01256	0.00189	0.49534	0.00434	0.00294	0.16996
2	0.00956	0.01005	0.08322	0.01087	0.01221	0.01051	0.00932	0.01140	0.00889	0.01320	0.01214	0.06281	0.01203	0.09155	0.28351	0.00463	0.29562	0.00580	0.00280	0.04989
3	0.01001	0.00500	0.00500	0.00500	0.00625	0.00500	0.00375	0.01251	0.01126	0.02001	0.01751	0.02001	0.01376	0.00625	0.00375	0.00125	0.00250	0.00500	0.84115	0.00500
4	0.01949	0.06241	0.04157	0.01361	0.01669	0.70023	0.01063	0.04719	0.01523	0.01398	0.00847	0.00980	0.00699	0.00551	0.00480	0.00139	0.00930	0.00350	0.00282	0.00641
5	0.00932	0.00466	0.00699	0.00699	0.00699	0.00466	0.00466	0.00699	0.00699	0.00932	0.00932	0.01632	0.00932	0.01865	0.02098	0.84382	0.00466	0.00466	0.00233	0.00233
6	0.01425	0.01190	0.01267	0.01089	0.01427	0.01333	0.00858	0.14050	0.58781	0.02379	0.01940	0.01815	0.01453	0.00687	0.00532	0.00170	0.00448	0.00563	0.00525	0.08068
7	0.68575	0.01065	0.00956	0.00843	0.01111	0.01290	0.00697	0.01522	0.00896	0.02190	0.00739	0.00931	0.00605	0.00584	0.00611	0.00180	0.15983	0.00326	0.00313	0.00582
8	0.00681	0.00546	0.00609	0.00593	0.00754	0.00473	0.00445	0.00861	0.01334	0.01712	0.32281	0.04735	0.50562	0.01262	0.00634	0.00177	0.00265	0.01073	0.00533	0.00473
9	0.01515	0.01186	0.01365	0.01144	0.01484	0.01311	0.04838	0.17939	0.47047	0.07848	0.04525	0.01977	0.03910	0.00723	0.00554	0.00176	0.00477	0.00606	0.00538	0.00837
10	0.01001	0.00500	0.00500	0.00500	0.00625	0.00500	0.00375	0.01251	0.01126	0.02001	0.01751	0.02001	0.01376	0.00625	0.00375	0.00125	0.00250	0.00500	0.84115	0.00500
11	0.01490	0.01222	0.01244	0.01070	0.01388	0.05404	0.00844	0.19656	0.42874	0.05213	0.05184	0.02137	0.08346	0.00768	0.00552	0.00174	0.00473	0.00623	0.00532	0.00806
12	0.04187	0.03745	0.01444	0.06751	0.05104	0.08334	0.00952	0.20509	0.16588	0.16156	0.01473	0.01468	0.01067	0.00606	0.00508	0.00156	0.00553	0.00476	0.00467	0.09456

[dist]
# distance from previous block
# <min> <max>
0	8

[block]
# block no. 2 follows, 45 sequences, length 18
# corresponding to MSA columns:
# 162-179
name=unknown_C
#
# <colnr> <probs for GDERKNQSTAVLIFYWHMCP>
#	G	D	E	R	K	N	Q	S	T	A	V	L	I	F	Y	W	H	M	C	P
0	0.01437	0.01070	0.01222	0.01027	0.01303	0.01176	0.00819	0.32914	0.13135	0.04481	0.18538	0.06537	0.02138	0.01129	0.07623	0.00235	0.03285	0.00678	0.00519	0.00736
1	0.01057	0.00721	0.00859	0.00752	0.00964	0.00686	0.00584	0.11682	0.01591	0.08403	0.43611	0.03630	0.19481	0.01039	0.00607	0.00168	0.00325	0.00887	0.00564	0.02391
2	0.01391	0.01032	0.01144	0.00980	0.01263	0.01111	0.00771	0.24759	0.23739	0.06421	0.16105	0.08784	0.08383	0.00896	0.00577	0.00175	0.00424	0.00750	0.00550	0.00743
3	0.05513	0.01397	0.01513	0.01173	0.01590	0.01526	0.00966	0.60495	0.06204	0.12033	0.01410	0.01371	0.00985	0.00645	0.00529	0.00163	0.00559	0.00488	0.00544	0.00896
4	0.00660	0.00501	0.00608	0.00674	0.00764	0.00449	0.00470	0.00785	0.01146	0.01483	0.12096	0.47868	0.27532	0.01513	0.00663	0.00201	0.00292	0.01337	0.00509	0.00449
5	0.01838	0.16266	0.04666	0.01298	0.01665	0.42995	0.04044	0.13422	0.03687	0.03903	0.00976	0.01078	0.00775	0.00553	0.00478	0.00143	0.00801	0.00383	0.00325	0.00704
6	0.00654	0.00467	0.00623	0.00747	0.00779	0.00436	0.00498	0.00747	0.01028	0.01370	0.02959	0.80785	0.03550	0.01682	0.00685	0.00218	0.00311	0.01526	0.00498	0.00436
7	0.01249	0.01312	0.02624	0.03365	0.02392	0.01302	0.53575	0.01620	0.01206	0.04048	0.03433	0.01552	0.02454	0.00566	0.00781	0.00183	0.12389	0.00607	0.00294	0.05047
8	0.25268	0.01360	0.01355	0.01083	0.01461	0.03664	0.00890	0.45658	0.04057	0.05514	0.01156	0.01197	0.00841	0.00615	0.00524	0.00165	0.03496	0.00430	0.00466	0.00798
9	0.00691	0.00488	0.00641	0.00750	0.00786	0.00464	0.00511	0.00787	0.01016	0.01351	0.02784	0.63662	0.03300	0.11895	0.00954	0.00260	0.00356	0.08402	0.00476	0.00427
10	0.20409	0.02054	0.01282	0.01167	0.01434	0.55268	0.00878	0.01907	0.01326	0.01536	0.00881	0.01153	0.00769	0.07070	0.00632	0.00175	0.00808	0.00369	0.00293	0.00589
11	0.00654	0.00467	0.00623	0.00747	0.00779	0.00436	0.00498	0.00747	0.01028	0.01370	0.02959	0.80785	0.03550	0.01682	0.00685	0.00218	0.00311	0.01526	0.00498	0.00436
12	0.01879	0.01393	0.01517	0.01191	0.01580	0.01548	0.00977	0.65165	0.05472	0.03114	0.01342	0.01404	0.00988	0.00998	0.08653	0.00235	0.00671	0.00498	0.00512	0.00865
13	0.84927	0.01038	0.00789	0.00706	0.01038	0.01204	0.00581	0.01578	0.00914	0.02408	0.00747	0.00872	0.00581	0.00498	0.00332	0.00166	0.00415	0.00291	0.00332	0.00581
14	0.01238	0.25137	0.52109	0.01338	0.02013	0.01522	0.01621	0.06225	0.01206	0.01678	0.00921	0.01065	0.00697	0.00504	0.00464	0.00154	0.00718	0.00371	0.00247	0.00771
15	0.00648	0.00534	0.00555	0.00567	0.00719	0.00457	0.00410	0.00769	0.01168	0.01409	0.04887	0.12576	0.64058	0.07855	0.00809	0.00212	0.00296	0.01144	0.00484	0.00441
16	0.01935	0.04556	0.01571	0.01159	0.01588	0.04621	0.00957	0.56430	0.02197	0.08255	0.01269	0.01277	0.00911	0.00607	0.00512	0.00149	0.00574	0.00455	0.00498	0.10482
17	0.01772	0.06078	0.01364	0.00980	0.01383	0.01086	0.00804	0.22811	0.03367	0.26301	0.01594	0.07848	0.01233	0.00667	0.00505	0.00146	0.00475	0.00537	0.00504	0.20545

[dist]
# distance from previous block
# <min> <max>
0	1

[block]
# block no. 3 follows, 45 sequences, length 6
# corresponding to MSA columns:
# 181-186
name=unknown_D
#
# <colnr> <probs for GDERKNQSTAVLIFYWHMCP>
#	G	D	E	R	K	N	Q	S	T	A	V	L	I	F	Y	W	H	M	C	P
0	0.01819	0.01327	0.01452	0.01140	0.01533	0.01439	0.00931	0.53937	0.10043	0.06503	0.04759	0.01528	0.01199	0.00785	0.03487	0.00185	0.00572	0.00513	0.00523	0.06326
1	0.00880	0.00561	0.00687	0.00693	0.00837	0.00496	0.00504	0.01026	0.01232	0.10976	0.15030	0.33597	0.28753	0.01358	0.00642	0.00192	0.00307	0.01186	0.00533	0.00511
2	0.01001	0.00500	0.00500	0.00500	0.00625	0.00500	0.00375	0.01251	0.01126	0.02001	0.01751	0.02001	0.01376	0.00625	0.00375	0.00125	0.00250	0.00500	0.84115	0.00500
3	0.05718	0.12005	0.14824	0.16394	0.04777	0.07435	0.17755	0.01539	0.01155	0.01553	0.01185	0.11015	0.01073	0.00642	0.00531	0.00170	0.00703	0.00582	0.00284	0.00660
4	0.00690	0.00489	0.00636	0.00714	0.00759	0.00460	0.00479	0.00802	0.01091	0.01478	0.16962	0.56683	0.03641	0.11359	0.00927	0.00246	0.00326	0.01329	0.00495	0.00436
5	0.01253	0.01011	0.01209	0.04604	0.01423	0.00904	0.00754	0.08850	0.04587	0.05081	0.04152	0.01334	0.01029	0.00512	0.00514	0.00112	0.04742	0.00398	0.00367	0.57166

[dist]
# distance from previous block
# <min> <max>
0	1

[block]
# block no. 4 follows, 45 sequences, length 44
# corresponding to MSA columns:
# 188-231
name=unknown_E
#
# <colnr> <probs for GDERKNQSTAVLIFYWHMCP>
#	G	D	E	R	K	N	Q	S	T	A	V	L	I	F	Y	W	H	M	C	P
0	0.00654	0.00467	0.00623	0.00747	0.00779	0.00436	0.00498	0.00747	0.01028	0.01370	0.02959	0.80785	0.03550	0.01682	0.00685	0.00218	0.00311	0.01526	0.00498	0.00436
1	0.01703	0.01138	0.01337	0.01073	0.01415	0.01201	0.03359	0.32526	0.14327	0.16611	0.11547	0.02063	0.03255	0.05123	0.00677	0.00187	0.00495	0.00612	0.00548	0.00802
2	0.03522	0.06150	0.01513	0.01187	0.01391	0.06996	0.05079	0.06397	0.02713	0.12927	0.02515	0.04521	0.03679	0.01215	0.10911	0.00276	0.27443	0.00550	0.00363	0.00653
3	0.00654	0.00467	0.00623	0.00747	0.00779	0.00436	0.00498	0.00747	0.01028	0.01370	0.02959	0.80785	0.03550	0.01682	0.00685	0.00218	0.00311	0.01526	0.00498	0.00436
4	0.01954	0.10375	0.01671	0.01306	0.01632	0.55641	0.01022	0.16913	0.01679	0.01724	0.00913	0.01022	0.00736	0.00562	0.00480	0.00140	0.00852	0.00367	0.00324	0.00687
5	0.00654	0.00467	0.00623	0.00747	0.00779	0.00436	0.00498	0.00747	0.01028	0.01370	0.02959	0.80785	0.03550	0.01682	0.00685	0.00218	0.00311	0.01526	0.00498	0.00436
6	0.02365	0.00983	0.01289	0.00988	0.01405	0.00892	0.00816	0.11218	0.01652	0.69393	0.02021	0.01764	0.01280	0.00662	0.00539	0.00166	0.00472	0.00533	0.00649	0.00913
7	0.01668	0.27242	0.04318	0.03219	0.03122	0.25822	0.02489	0.16662	0.01507	0.01744	0.00986	0.04024	0.00848	0.00593	0.00511	0.00145	0.03659	0.00416	0.00318	0.00705
8	0.02005	0.02558	0.01521	0.01383	0.01659	0.78980	0.01037	0.02143	0.01521	0.01314	0.00830	0.00968	0.00691	0.00553	0.00484	0.00138	0.00968	0.00346	0.00277	0.00622
9	0.06730	0.00710	0.00809	0.04522	0.01027	0.03550	0.00592	0.02961	0.03350	0.07508	0.06763	0.32963	0.06158	0.15607	0.02963	0.00269	0.00447	0.02109	0.00451	0.00509
10	0.00781	0.00520	0.00585	0.00585	0.00585	0.00520	0.00325	0.00781	0.00781	0.01041	0.01691	0.03513	0.01952	0.81135	0.02732	0.00520	0.00520	0.00781	0.00325	0.00325
11	0.01991	0.04525	0.01553	0.01371	0.01652	0.77065	0.01034	0.02130	0.01510	0.01312	0.00828	0.00965	0.00691	0.00551	0.00481	0.00138	0.00958	0.00344	0.00275	0.00624
12	0.01290	0.01499	0.06452	0.02181	0.04239	0.01362	0.66167	0.04502	0.03344	0.01795	0.01116	0.01440	0.00835	0.00470	0.00620	0.00179	0.00870	0.00613	0.00287	0.00740
13	0.01299	0.01024	0.01171	0.00891	0.01327	0.00901	0.00712	0.06122	0.16420	0.07068	0.01299	0.01350	0.01007	0.00496	0.00445	0.00111	0.00418	0.00401	0.00400	0.57139
14	0.00656	0.00542	0.00576	0.00578	0.00745	0.00463	0.00433	0.00808	0.01254	0.01542	0.14802	0.08300	0.63411	0.01341	0.00638	0.00182	0.00275	0.02481	0.00511	0.00460
15	0.01195	0.01003	0.01157	0.00834	0.01307	0.00800	0.00670	0.07971	0.01238	0.01894	0.00984	0.01129	0.00806	0.00419	0.00410	0.00087	0.00415	0.00333	0.00337	0.77012
16	0.00654	0.00467	0.00623	0.00747	0.00779	0.00436	0.00498	0.00747	0.01028	0.01370	0.02959	0.80785	0.03550	0.01682	0.00685	0.00218	0.00311	0.01526	0.00498	0.00436
17	0.01176	0.06344	0.06003	0.05069	0.01773	0.01544	0.13764	0.01391	0.00949	0.01390	0.00873	0.03899	0.00817	0.00811	0.01324	0.00212	0.51271	0.00518	0.00249	0.00623
18	0.00658	0.00469	0.00622	0.00743	0.00773	0.00438	0.00493	0.00748	0.01021	0.01361	0.02923	0.78635	0.03506	0.03892	0.00742	0.00226	0.00317	0.01505	0.00493	0.00433
19	0.02054	0.01482	0.01597	0.01225	0.01654	0.01632	0.01012	0.73262	0.02487	0.06170	0.01320	0.01309	0.00928	0.00645	0.00537	0.00161	0.00586	0.00485	0.00542	0.00913
20	0.01180	0.02934	0.14647	0.23541	0.02829	0.01276	0.36496	0.01606	0.01179	0.03519	0.01089	0.03436	0.00844	0.00533	0.00606	0.00179	0.02579	0.00563	0.00269	0.00693
21	0.01001	0.00500	0.00500	0.00500	0.00625	0.00500	0.00375	0.01251	0.01126	0.02001	0.01751	0.02001	0.01376	0.00625	0.00375	0.00125	0.00250	0.00500	0.84115	0.00500
22	0.05522	0.01229	0.03413	0.01072	0.01406	0.06505	0.00877	0.18433	0.17732	0.22456	0.05759	0.06694	0.01519	0.00753	0.00593	0.00173	0.03949	0.00595	0.00524	0.00795
23	0.08519	0.01352	0.01454	0.04724	0.01638	0.01509	0.00963	0.52979	0.12579	0.04295	0.01418	0.03719	0.01063	0.00670	0.00526	0.00167	0.00549	0.00516	0.00509	0.00849
24	0.00654	0.00467	0.00623	0.00747	0.00779	0.00436	0.00498	0.00747	0.01028	0.01370	0.02959	0.80785	0.03550	0.01682	0.00685	0.00218	0.00311	0.01526	0.00498	0.00436
25	0.01214	0.03442	0.33457	0.06961	0.06514	0.02627	0.06474	0.01632	0.01273	0.10909	0.16394	0.03705	0.01721	0.00669	0.00550	0.00169	0.00626	0.00578	0.00365	0.00721
26	0.01551	0.01230	0.01311	0.01116	0.01455	0.01391	0.00886	0.23314	0.51923	0.04928	0.02004	0.01868	0.03128	0.00717	0.00545	0.00176	0.00469	0.00582	0.00546	0.00860
27	0.00659	0.00469	0.00621	0.00740	0.00770	0.00440	0.00491	0.00749	0.01017	0.01356	0.02904	0.77443	0.03481	0.05118	0.00774	0.00231	0.00320	0.01494	0.00491	0.00431
28	0.02005	0.02558	0.01521	0.01383	0.01659	0.78980	0.01037	0.02143	0.01521	0.01314	0.00830	0.00968	0.00691	0.00553	0.00484	0.00138	0.00968	0.00346	0.00277	0.00622
29	0.00654	0.00467	0.00623	0.00747	0.00779	0.00436	0.00498	0.00747	0.01028	0.01370	0.02959	0.80785	0.03550	0.01682	0.00685	0.00218	0.00311	0.01526	0.00498	0.00436
30	0.02041	0.01504	0.01611	0.01235	0.01665	0.01665	0.01020	0.75997	0.02524	0.03383	0.01289	0.01289	0.00913	0.00644	0.00537	0.00161	0.00591	0.00483	0.00537	0.00913
31	0.01960	0.02039	0.01521	0.01334	0.02882	0.46519	0.01020	0.19703	0.06179	0.07141	0.01105	0.01178	0.00847	0.00606	0.00552	0.00152	0.03742	0.00414	0.00379	0.00727
32	0.09837	0.02215	0.01425	0.01270	0.01570	0.61508	0.00967	0.03875	0.01489	0.09673	0.00970	0.01058	0.00754	0.00562	0.00477	0.00144	0.00853	0.00365	0.00329	0.00656
33	0.05638	0.00605	0.00762	0.00791	0.00913	0.00578	0.00565	0.03864	0.01167	0.12683	0.05170	0.59343	0.03016	0.01410	0.00637	0.00204	0.00347	0.01257	0.00518	0.00533
34	0.00668	0.00525	0.00566	0.00588	0.00705	0.00464	0.00407	0.00768	0.01097	0.01351	0.04223	0.18092	0.48832	0.18029	0.01080	0.00258	0.00331	0.01129	0.00462	0.00424
35	0.00932	0.00466	0.00699	0.00699	0.00699	0.00466	0.00466	0.00699	0.00699	0.00932	0.00932	0.01632	0.00932	0.01865	0.02098	0.84382	0.00466	0.00466	0.00233	0.00233
36	0.84927	0.01038	0.00789	0.00706	0.01038	0.01204	0.00581	0.01578	0.00914	0.02408	0.00747	0.00872	0.00581	0.00498	0.00332	0.00166	0.00415	0.00291	0.00332	0.00581
37	0.01276	0.01100	0.01187	0.01014	0.01363	0.01171	0.00793	0.02455	0.56794	0.02114	0.01859	0.01767	0.01415	0.00641	0.00507	0.00155	0.00418	0.00530	0.00486	0.22952
38	0.00657	0.00516	0.00586	0.00627	0.00743	0.00454	0.00443	0.00780	0.01155	0.01453	0.09517	0.31681	0.42871	0.05078	0.00748	0.00209	0.00296	0.01244	0.00497	0.00445
39	0.01099	0.00939	0.01098	0.00794	0.01257	0.00707	0.00632	0.01333	0.01110	0.01738	0.01015	0.03550	0.00879	0.00437	0.00406	0.00084	0.00395	0.00355	0.00324	0.81848
40	0.01383	0.45559	0.23665	0.01125	0.01654	0.05346	0.01211	0.08041	0.01258	0.01592	0.02477	0.01135	0.02458	0.00526	0.00426	0.00138	0.00642	0.00369	0.00270	0.00726
41	0.01267	0.01448	0.03167	0.02262	0.02805	0.01357	0.75837	0.01719	0.01267	0.01719	0.01086	0.01448	0.00814	0.00452	0.00633	0.00181	0.00905	0.00633	0.00271	0.00724
42	0.00643	0.00523	0.00569	0.00602	0.00741	0.00450	0.00435	0.00770	0.01179	0.01447	0.06637	0.25361	0.55898	0.01439	0.00648	0.00191	0.00282	0.01234	0.00501	0.00450
43	0.01994	0.01283	0.01449	0.01129	0.01525	0.01370	0.00927	0.51078	0.04708	0.19837	0.04971	0.01586	0.01234	0.00795	0.03394	0.00189	0.00571	0.00526	0.00559	0.00877

[dist]
# distance from previous block
# <min> <max>
1	4

[block]
# block no. 5 follows, 45 sequences, length 25
# corresponding to MSA columns:
# 236-260
name=unknown_F
#
# <colnr> <probs for GDERKNQSTAVLIFYWHMCP>
#	G	D	E	R	K	N	Q	S	T	A	V	L	I	F	Y	W	H	M	C	P
0	0.15349	0.03812	0.04426	0.05389	0.11048	0.01270	0.04392	0.21322	0.05305	0.12106	0.02703	0.01363	0.00980	0.00569	0.00491	0.00157	0.00547	0.00457	0.00420	0.07894
1	0.02061	0.01438	0.01582	0.01282	0.04627	0.03226	0.01014	0.61593	0.02318	0.13313	0.01379	0.01356	0.00961	0.00639	0.00536	0.00161	0.00583	0.00488	0.00538	0.00904
2	0.00671	0.00480	0.00643	0.00767	0.00806	0.00451	0.00529	0.00778	0.01045	0.01390	0.02949	0.74592	0.03512	0.01665	0.00690	0.00220	0.00327	0.07546	0.00498	0.00441
3	0.01327	0.01345	0.11270	0.12896	0.36325	0.01193	0.03260	0.06384	0.04996	0.07172	0.07441	0.01607	0.01232	0.00576	0.00542	0.00166	0.00617	0.00523	0.00343	0.00785
4	0.01050	0.00868	0.04550	0.00840	0.01057	0.00808	0.00679	0.16291	0.04945	0.02244	0.43361	0.07191	0.06881	0.05943	0.00736	0.00193	0.00375	0.00853	0.00536	0.00600
5	0.00670	0.00481	0.00638	0.00751	0.00795	0.00449	0.00515	0.00780	0.01069	0.01425	0.06844	0.70941	0.05636	0.01633	0.00684	0.00216	0.00317	0.05211	0.00503	0.00443
6	0.01435	0.81458	0.02813	0.00918	0.01378	0.02124	0.00918	0.01607	0.01091	0.01263	0.00746	0.00861	0.00689	0.00459	0.00344	0.00115	0.00574	0.00287	0.00230	0.00689
7	0.00694	0.00484	0.00611	0.00696	0.00718	0.00463	0.00444	0.00758	0.00950	0.01266	0.02558	0.56361	0.03045	0.26795	0.01332	0.00314	0.00377	0.01290	0.00444	0.00401
8	0.07925	0.01471	0.01553	0.01197	0.01620	0.01632	0.00989	0.70713	0.02410	0.03314	0.01250	0.01259	0.00889	0.00634	0.00522	0.00161	0.00578	0.00470	0.00522	0.00889
9	0.17434	0.01163	0.01533	0.39448	0.13954	0.04925	0.01258	0.10926	0.01269	0.01881	0.00959	0.01268	0.00734	0.00535	0.00494	0.00169	0.00642	0.00436	0.00300	0.00673
10	0.02005	0.02558	0.01521	0.01383	0.01659	0.78980	0.01037	0.02143	0.01521	0.01314	0.00830	0.00968	0.00691	0.00553	0.00484	0.00138	0.00968	0.00346	0.00277	0.00622
11	0.01255	0.08880	0.01750	0.09169	0.01655	0.01647	0.01169	0.07474	0.01013	0.01469	0.00782	0.01179	0.00721	0.00829	0.01403	0.00212	0.58055	0.00454	0.00260	0.00625
12	0.00689	0.00532	0.00611	0.00615	0.00742	0.00473	0.00442	0.00841	0.01241	0.01609	0.26255	0.15176	0.38199	0.09148	0.00847	0.00216	0.00296	0.01105	0.00509	0.00454
13	0.01104	0.02586	0.67558	0.01635	0.02393	0.01263	0.12588	0.01703	0.01152	0.01703	0.00981	0.01178	0.00699	0.00502	0.00528	0.00172	0.00809	0.00431	0.00233	0.00783
14	0.84927	0.01038	0.00789	0.00706	0.01038	0.01204	0.00581	0.01578	0.00914	0.02408	0.00747	0.00872	0.00581	0.00498	0.00332	0.00166	0.00415	0.00291	0.00332	0.00581
15	0.01268	0.01304	0.02073	0.19497	0.26864	0.07967	0.18003	0.01627	0.03209	0.01609	0.01109	0.01593	0.00926	0.00568	0.00612	0.00173	0.04177	0.04250	0.00281	0.02890
16	0.00671	0.00546	0.00595	0.00596	0.00760	0.00471	0.00451	0.00834	0.01277	0.01594	0.19480	0.06984	0.57788	0.01322	0.00641	0.00183	0.00280	0.04546	0.00517	0.00465
17	0.01113	0.00954	0.01113	0.00795	0.01272	0.00716	0.00636	0.01352	0.01113	0.01749	0.00954	0.01113	0.00795	0.00398	0.00398	0.00080	0.00398	0.00318	0.00318	0.84417
18	0.03115	0.09427	0.31824	0.01327	0.05635	0.01125	0.05996	0.01574	0.03161	0.05914	0.04444	0.08848	0.01259	0.00840	0.05034	0.00201	0.00665	0.00549	0.00320	0.08742
19	0.33974	0.07361	0.03791	0.03200	0.01427	0.04955	0.00855	0.23874	0.09867	0.02471	0.01189	0.01245	0.02535	0.00587	0.00443	0.00162	0.00523	0.00413	0.00404	0.00724
20	0.00656	0.00504	0.00602	0.00671	0.00766	0.00450	0.00472	0.00776	0.01130	0.01441	0.07230	0.46342	0.32339	0.01526	0.00664	0.00202	0.00298	0.02981	0.00502	0.00447
21	0.64590	0.01103	0.04854	0.00797	0.01169	0.01126	0.00694	0.01786	0.01046	0.17095	0.01025	0.01071	0.00732	0.00531	0.00382	0.00166	0.00443	0.00345	0.00391	0.00657
22	0.01865	0.01220	0.01338	0.01086	0.01431	0.04590	0.00870	0.41775	0.01973	0.20218	0.01772	0.16229	0.01491	0.00839	0.00563	0.00172	0.00524	0.00685	0.00548	0.00811
23	0.00654	0.00467	0.00623	0.00747	0.00779	0.00436	0.00498	0.00747	0.01028	0.01370	0.02959	0.80785	0.03550	0.01682	0.00685	0.00218	0.00311	0.01526	0.00498	0.00436
24	0.10220	0.04908	0.03812	0.07219	0.23112	0.03831	0.09412	0.02755	0.01177	0.01714	0.08171	0.05713	0.04964	0.06738	0.00746	0.00196	0.03721	0.00608	0.00329	0.00654

[dist]
# distance from previous block
# <min> <max>
0	1

[block]
# block no. 6 follows, 45 sequences, length 17
# corresponding to MSA columns:
# 262-278
name=unknown_G
#
# <colnr> <probs for GDERKNQSTAVLIFYWHMCP>
#	G	D	E	R	K	N	Q	S	T	A	V	L	I	F	Y	W	H	M	C	P
0	0.17165	0.07990	0.09144	0.08322	0.04438	0.19388	0.01101	0.07564	0.04169	0.04115	0.00950	0.01130	0.00752	0.00594	0.00628	0.00166	0.10997	0.00395	0.00312	0.00678
1	0.00654	0.00467	0.00623	0.00747	0.00779	0.00436	0.00498	0.00747	0.01028	0.01370	0.02959	0.80785	0.03550	0.01682	0.00685	0.00218	0.00311	0.01526	0.00498	0.00436
2	0.01240	0.01589	0.13094	0.04972	0.11510	0.01327	0.54698	0.01696	0.01237	0.01709	0.01056	0.01391	0.00797	0.00466	0.00602	0.00177	0.00852	0.00578	0.00264	0.00744
3	0.02883	0.00560	0.00703	0.00664	0.00795	0.00521	0.00496	0.01003	0.01459	0.02074	0.68191	0.03989	0.09614	0.03874	0.00698	0.00182	0.00268	0.00958	0.00569	0.00499
4	0.00653	0.00471	0.00619	0.00738	0.00776	0.00437	0.00494	0.00749	0.01037	0.01374	0.03076	0.77198	0.07061	0.01666	0.00683	0.00216	0.00310	0.01507	0.00498	0.00437
5	0.01908	0.16070	0.01742	0.01303	0.01611	0.65818	0.01017	0.02052	0.01447	0.01305	0.00815	0.00950	0.00691	0.00537	0.00460	0.00134	0.00901	0.00336	0.00269	0.00634
6	0.00687	0.00485	0.00632	0.00737	0.00769	0.00460	0.00493	0.00775	0.01002	0.01333	0.02753	0.64119	0.03271	0.14137	0.01010	0.00267	0.00355	0.05824	0.00471	0.00422
7	0.71289	0.01022	0.00899	0.08409	0.01318	0.01175	0.00683	0.01627	0.00970	0.07345	0.00859	0.00990	0.00644	0.00513	0.00366	0.00167	0.00447	0.00325	0.00345	0.00605
8	0.11326	0.01498	0.01467	0.06967	0.01712	0.12512	0.00983	0.43739	0.01987	0.10822	0.01226	0.01264	0.00874	0.00609	0.00507	0.00160	0.00620	0.00448	0.00468	0.00811
9	0.01954	0.02467	0.01498	0.01349	0.01637	0.74526	0.01014	0.02098	0.01498	0.01339	0.00837	0.00976	0.00697	0.00544	0.00479	0.00135	0.00936	0.00344	0.00279	0.05391
10	0.00748	0.00585	0.00827	0.15048	0.01332	0.00612	0.00693	0.00951	0.04314	0.01408	0.02563	0.63045	0.02956	0.01434	0.00652	0.00209	0.00389	0.01297	0.00453	0.00483
11	0.00677	0.00482	0.00611	0.00703	0.00738	0.00453	0.00459	0.00755	0.00992	0.01311	0.02865	0.61111	0.07789	0.17112	0.01080	0.00275	0.00350	0.01357	0.00465	0.00416
12	0.01960	0.01425	0.01537	0.01201	0.01612	0.01574	0.00985	0.62027	0.12939	0.06960	0.01456	0.01416	0.01036	0.00657	0.00538	0.00164	0.00561	0.00504	0.00545	0.00904
13	0.84927	0.01038	0.00789	0.00706	0.01038	0.01204	0.00581	0.01578	0.00914	0.02408	0.00747	0.00872	0.00581	0.00498	0.00332	0.00166	0.00415	0.00291	0.00332	0.00581
14	0.01285	0.05844	0.09504	0.01108	0.04268	0.08388	0.00923	0.13709	0.14419	0.02071	0.16919	0.04731	0.07862	0.00783	0.00543	0.00161	0.00507	0.00642	0.00446	0.05890
15	0.00728	0.00527	0.00676	0.00678	0.00778	0.00487	0.00487	0.00920	0.01339	0.01854	0.50576	0.22134	0.09218	0.06212	0.00776	0.00203	0.00285	0.01100	0.00547	0.00475
16	0.01191	0.05064	0.01378	0.03652	0.01415	0.01092	0.00838	0.05288	0.01110	0.01680	0.00897	0.01136	0.00770	0.00558	0.00759	0.00129	0.21017	0.00370	0.00301	0.51355

[dist]
# distance from previous block
# <min> <max>
0	1

[block]
# block no. 7 follows, 45 sequences, length 18
# corresponding to MSA columns:
# 280-297
name=unknown_H
#
# <colnr> <probs for GDERKNQSTAVLIFYWHMCP>
#	G	D	E	R	K	N	Q	S	T	A	V	L	I	F	Y	W	H	M	C	P
0	0.05222	0.01069	0.01197	0.01020	0.03083	0.04245	0.00789	0.22887	0.01605	0.17777	0.04668	0.08455	0.01561	0.07075	0.00709	0.00189	0.00498	0.05345	0.00487	0.12119
1	0.04030	0.00589	0.00729	0.00695	0.00851	0.00541	0.00520	0.01112	0.01370	0.09530	0.43146	0.16406	0.16112	0.01170	0.00621	0.00179	0.00292	0.01019	0.00558	0.00530
2	0.00732	0.00514	0.00586	0.00611	0.00646	0.00493	0.00373	0.00772	0.00901	0.01173	0.02549	0.19172	0.14478	0.52429	0.01986	0.00405	0.00439	0.00986	0.00388	0.00368
3	0.48707	0.01069	0.01202	0.17093	0.04006	0.01227	0.03853	0.06092	0.01103	0.06968	0.00929	0.01119	0.00698	0.00539	0.00469	0.00171	0.03394	0.00382	0.00339	0.00639
4	0.01894	0.02348	0.01629	0.01696	0.14139	0.66242	0.01137	0.02062	0.01472	0.01386	0.00859	0.01027	0.00717	0.00541	0.00492	0.00142	0.00914	0.00367	0.00275	0.00660
5	0.00697	0.00487	0.00615	0.00695	0.00721	0.00465	0.00446	0.00768	0.00972	0.01301	0.05537	0.54207	0.03124	0.25847	0.01306	0.00308	0.00373	0.01277	0.00449	0.00405
6	0.01552	0.01261	0.01336	0.01136	0.01478	0.01436	0.00902	0.25321	0.53996	0.02595	0.01910	0.01783	0.01416	0.00702	0.00543	0.00176	0.00476	0.00569	0.00543	0.00869
7	0.06924	0.04135	0.43597	0.05331	0.13366	0.03064	0.09314	0.04988	0.01212	0.01798	0.00974	0.01186	0.00725	0.00506	0.00511	0.00167	0.00742	0.00429	0.00260	0.00770
8	0.00654	0.00467	0.00623	0.00747	0.00779	0.00436	0.00498	0.00747	0.01028	0.01370	0.02959	0.80785	0.03550	0.01682	0.00685	0.00218	0.00311	0.01526	0.00498	0.00436
9	0.00908	0.00868	0.07584	0.00903	0.01074	0.00785	0.00767	0.01180	0.04069	0.04375	0.31492	0.15012	0.10916	0.01122	0.00812	0.00192	0.13387	0.03526	0.00475	0.00555
10	0.00763	0.02493	0.00765	0.00702	0.00819	0.00573	0.00523	0.00963	0.01329	0.01837	0.49228	0.13280	0.12055	0.05362	0.04359	0.00226	0.02713	0.00997	0.00523	0.00488
11	0.00662	0.00473	0.00630	0.00742	0.00780	0.00441	0.00499	0.00768	0.01065	0.01430	0.08618	0.74956	0.03665	0.01637	0.00681	0.00214	0.00307	0.01484	0.00505	0.00441
12	0.01435	0.81458	0.02813	0.00918	0.01378	0.02124	0.00918	0.01607	0.01091	0.01263	0.00746	0.00861	0.00689	0.00459	0.00344	0.00115	0.00574	0.00287	0.00230	0.00689
13	0.00659	0.00471	0.00627	0.00744	0.00780	0.00439	0.00499	0.00759	0.01049	0.01404	0.06140	0.77508	0.03615	0.01657	0.00683	0.00216	0.00309	0.01502	0.00502	0.00439
14	0.02041	0.01504	0.01611	0.01235	0.01665	0.01665	0.01020	0.75997	0.02524	0.03383	0.01289	0.01289	0.00913	0.00644	0.00537	0.00161	0.00591	0.00483	0.00537	0.00913
15	0.08623	0.01802	0.26451	0.03738	0.05952	0.03453	0.33201	0.01699	0.01188	0.03956	0.01062	0.02841	0.00814	0.00521	0.00578	0.00175	0.02418	0.00521	0.00277	0.00730
16	0.02005	0.02558	0.01521	0.01383	0.01659	0.78980	0.01037	0.02143	0.01521	0.01314	0.00830	0.00968	0.00691	0.00553	0.00484	0.00138	0.00968	0.00346	0.00277	0.00622
17	0.01493	0.01159	0.01618	0.03054	0.01702	0.01059	0.14222	0.17988	0.01499	0.10953	0.01186	0.01302	0.00884	0.00496	0.00490	0.00128	0.00545	0.00440	0.00396	0.39384

[dist]
# distance from previous block
# <min> <max>
0	1

[block]
# block no. 8 follows, 45 sequences, length 31
# corresponding to MSA columns:
# 299-329
name=unknown_I
#
# <colnr> <probs for GDERKNQSTAVLIFYWHMCP>
#	G	D	E	R	K	N	Q	S	T	A	V	L	I	F	Y	W	H	M	C	P
0	0.00691	0.00496	0.00644	0.00752	0.00791	0.00474	0.00506	0.00820	0.03047	0.01374	0.02826	0.69403	0.03347	0.08392	0.00857	0.00244	0.00339	0.04073	0.00485	0.00440
1	0.05968	0.01180	0.15590	0.00945	0.01240	0.05738	0.00874	0.01438	0.05272	0.07830	0.32433	0.12552	0.02979	0.00947	0.00580	0.00176	0.00449	0.02721	0.00476	0.00613
2	0.04373	0.01460	0.01554	0.01208	0.01624	0.01623	0.00993	0.67642	0.08782	0.03258	0.01349	0.01337	0.00965	0.00647	0.00532	0.00163	0.00572	0.00488	0.00532	0.00898
3	0.01131	0.07436	0.58313	0.05030	0.04141	0.01281	0.03480	0.01656	0.01138	0.03159	0.02826	0.01226	0.00812	0.00538	0.00555	0.00167	0.03904	0.00419	0.00249	0.02539
4	0.00661	0.00523	0.00598	0.00645	0.00771	0.00460	0.00471	0.00795	0.01172	0.01463	0.07504	0.30348	0.45115	0.01463	0.00658	0.00197	0.00298	0.05902	0.00502	0.00452
5	0.01115	0.00962	0.01132	0.00817	0.01277	0.00748	0.00655	0.01350	0.01103	0.01733	0.00945	0.01115	0.00792	0.00417	0.00446	0.00085	0.03205	0.00323	0.00315	0.81465
6	0.06088	0.04116	0.10499	0.10994	0.04113	0.01180	0.01040	0.17414	0.09322	0.05390	0.02822	0.06424	0.01153	0.00632	0.00501	0.00154	0.00537	0.00514	0.00395	0.16711
7	0.03902	0.39479	0.28891	0.01139	0.01684	0.01661	0.01259	0.08867	0.01224	0.01646	0.00924	0.01137	0.00770	0.04703	0.00545	0.00161	0.00645	0.00370	0.00267	0.00725
8	0.00655	0.00532	0.00558	0.00573	0.00714	0.00460	0.00408	0.00769	0.01145	0.01389	0.04673	0.13856	0.59317	0.11463	0.00905	0.00228	0.00308	0.01135	0.00477	0.00435
9	0.71021	0.01066	0.00896	0.00771	0.01118	0.01207	0.00636	0.07864	0.01101	0.08918	0.00909	0.00988	0.00672	0.00525	0.00367	0.00166	0.00433	0.00328	0.00377	0.00637
10	0.13434	0.01428	0.11774	0.08293	0.45492	0.01279	0.02871	0.05972	0.01232	0.01908	0.00979	0.01245	0.00782	0.00499	0.00502	0.00164	0.00634	0.00444	0.00284	0.00786
11	0.00690	0.00493	0.00664	0.00789	0.00836	0.00467	0.00561	0.00810	0.01063	0.01411	0.02939	0.68028	0.03472	0.01648	0.00695	0.00223	0.00343	0.13928	0.00498	0.00446
12	0.17322	0.10220	0.11996	0.01154	0.04935	0.01325	0.01010	0.14745	0.07797	0.09446	0.06134	0.04067	0.01233	0.00662	0.00563	0.00167	0.05588	0.00494	0.00405	0.00738
13	0.07833	0.01358	0.01903	0.10291	0.50491	0.07946	0.01436	0.09064	0.01339	0.01891	0.00997	0.01269	0.00809	0.00509	0.00513	0.00160	0.00652	0.00453	0.00296	0.00791
14	0.00654	0.00467	0.00623	0.00747	0.00779	0.00436	0.00498	0.00747	0.01028	0.01370	0.02959	0.80785	0.03550	0.01682	0.00685	0.00218	0.00311	0.01526	0.00498	0.00436
15	0.01108	0.01717	0.29305	0.31840	0.09990	0.01247	0.14044	0.01572	0.01141	0.01582	0.00985	0.01318	0.00732	0.00508	0.00543	0.00174	0.00768	0.00474	0.00242	0.00712
16	0.01245	0.01206	0.03255	0.03920	0.15317	0.06035	0.25659	0.05780	0.01208	0.01600	0.01199	0.02940	0.01069	0.00888	0.00934	0.17787	0.02256	0.06786	0.00298	0.00620
17	0.00666	0.00479	0.00620	0.00722	0.00764	0.00446	0.00482	0.00763	0.01046	0.01390	0.06463	0.67907	0.07846	0.06689	0.00810	0.00233	0.00320	0.01430	0.00492	0.00433
18	0.00829	0.00590	0.00733	0.00803	0.03706	0.00590	0.00501	0.05210	0.01004	0.01346	0.02140	0.32639	0.02464	0.39800	0.03442	0.00373	0.00470	0.02527	0.00404	0.00429
19	0.00683	0.00487	0.00652	0.00773	0.00815	0.00461	0.00539	0.00793	0.01047	0.01391	0.02913	0.69668	0.03454	0.03588	0.00742	0.00229	0.00339	0.10489	0.00494	0.00441
20	0.01257	0.01420	0.03010	0.02174	0.02661	0.01387	0.68125	0.01675	0.01221	0.01675	0.01047	0.01420	0.00803	0.00503	0.00750	0.00187	0.09091	0.00617	0.00268	0.00710
21	0.21212	0.01324	0.01413	0.20054	0.02007	0.05963	0.01032	0.36267	0.01739	0.02549	0.01054	0.01207	0.00775	0.00579	0.00486	0.00165	0.00602	0.00429	0.00402	0.00742
22	0.02041	0.01504	0.01611	0.01235	0.01665	0.01665	0.01020	0.75997	0.02524	0.03383	0.01289	0.01289	0.00913	0.00644	0.00537	0.00161	0.00591	0.00483	0.00537	0.00913
23	0.70364	0.03120	0.00963	0.05386	0.01259	0.01269	0.00683	0.08330	0.01074	0.02407	0.00809	0.00942	0.00622	0.00513	0.00363	0.00165	0.00453	0.00319	0.00343	0.00615
24	0.00776	0.00518	0.00587	0.00592	0.00593	0.00517	0.00332	0.00779	0.00790	0.01053	0.01740	0.06480	0.02013	0.78084	0.02654	0.00509	0.00512	0.00809	0.00332	0.00330
25	0.02888	0.00903	0.01321	0.03416	0.01366	0.01077	0.07143	0.04539	0.06995	0.03561	0.01330	0.04427	0.01200	0.03464	0.34354	0.00490	0.20039	0.00579	0.00322	0.00587
26	0.82021	0.01054	0.00818	0.00724	0.01060	0.01220	0.00597	0.04187	0.00970	0.02443	0.00766	0.00887	0.00593	0.00503	0.00339	0.00166	0.00421	0.00297	0.00339	0.00593
27	0.07562	0.01828	0.37074	0.08054	0.10348	0.01131	0.03636	0.01780	0.01205	0.15498	0.03686	0.02661	0.01004	0.00577	0.00533	0.00170	0.01671	0.00475	0.00336	0.00769
28	0.00646	0.00540	0.00564	0.00567	0.00735	0.00457	0.00422	0.00790	0.01237	0.01506	0.11509	0.09651	0.66822	0.01356	0.00637	0.00182	0.00273	0.01143	0.00506	0.00457
29	0.01083	0.00920	0.01080	0.00785	0.01232	0.00698	0.00625	0.01323	0.01148	0.01783	0.07450	0.01359	0.01157	0.00457	0.00418	0.00087	0.00385	0.00373	0.00341	0.77296
30	0.07790	0.20979	0.26129	0.01192	0.03384	0.06135	0.02453	0.04090	0.06526	0.01688	0.01028	0.01251	0.00843	0.05220	0.00579	0.00166	0.00631	0.00397	0.00288	0.09231

[dist]
# distance from previous block
# <min> <max>
0	1

[block]
# block no. 9 follows, 45 sequences, length 22
# corresponding to MSA columns:
# 331-352
name=unknown_J
#
# <colnr> <probs for GDERKNQSTAVLIFYWHMCP>
#	G	D	E	R	K	N	Q	S	T	A	V	L	I	F	Y	W	H	M	C	P
0	0.01637	0.01221	0.01325	0.01083	0.01401	0.01343	0.00857	0.48559	0.12125	0.02745	0.03667	0.09885	0.01502	0.09184	0.00785	0.00208	0.00523	0.00652	0.00514	0.00783
1	0.00756	0.00517	0.00600	0.00624	0.00643	0.00507	0.00377	0.00787	0.00859	0.01135	0.02122	0.16133	0.05989	0.61502	0.02226	0.00445	0.00474	0.03583	0.00368	0.00356
2	0.04263	0.03226	0.06971	0.01124	0.05550	0.02154	0.08578	0.01305	0.04023	0.05457	0.24386	0.23056	0.04236	0.01031	0.00604	0.00182	0.00447	0.02354	0.00460	0.00593
3	0.64540	0.05874	0.04922	0.00875	0.01256	0.01279	0.04554	0.05598	0.01059	0.04752	0.00848	0.00967	0.00646	0.00507	0.00375	0.00164	0.00479	0.00332	0.00339	0.00634
4	0.00670	0.00478	0.00641	0.00765	0.00803	0.00449	0.00525	0.00774	0.01043	0.01388	0.02950	0.75286	0.03516	0.01667	0.00689	0.00220	0.00325	0.06872	0.00498	0.00440
5	0.02898	0.01512	0.14654	0.04258	0.22103	0.01321	0.17132	0.07049	0.10310	0.01890	0.03984	0.01480	0.01048	0.00583	0.00655	0.00176	0.07325	0.00527	0.00323	0.00771
6	0.07461	0.01693	0.13014	0.01418	0.01906	0.04805	0.13471	0.44651	0.01960	0.02708	0.01151	0.01250	0.00830	0.00579	0.00533	0.00165	0.00676	0.00476	0.00423	0.00829
7	0.00654	0.00467	0.00623	0.00747	0.00779	0.00436	0.00498	0.00747	0.01028	0.01370	0.02959	0.80785	0.03550	0.01682	0.00685	0.00218	0.00311	0.01526	0.00498	0.00436
8	0.01227	0.01503	0.20624	0.02914	0.10678	0.02459	0.06088	0.07719	0.17242	0.03960	0.16328	0.02040	0.03455	0.00697	0.00558	0.00171	0.00565	0.00605	0.00415	0.00750
9	0.00933	0.00725	0.00824	0.00761	0.00925	0.02337	0.00578	0.01261	0.10333	0.05764	0.25307	0.03689	0.27959	0.07797	0.02442	0.00222	0.06217	0.00885	0.00498	0.00544
10	0.00661	0.00478	0.00625	0.00730	0.00777	0.00442	0.00494	0.00769	0.01076	0.01433	0.08675	0.70603	0.08014	0.01619	0.00678	0.00212	0.00305	0.01461	0.00505	0.00442
11	0.01435	0.81458	0.02813	0.00918	0.01378	0.02124	0.00918	0.01607	0.01091	0.01263	0.00746	0.00861	0.00689	0.00459	0.00344	0.00115	0.00574	0.00287	0.00230	0.00689
12	0.00668	0.00473	0.00619	0.00730	0.00758	0.00445	0.00480	0.00751	0.01001	0.01335	0.02822	0.72479	0.03378	0.10222	0.00905	0.00251	0.00334	0.01446	0.00480	0.00424
13	0.01956	0.01422	0.01521	0.01176	0.01581	0.01570	0.00968	0.69945	0.02411	0.03271	0.01326	0.01346	0.00950	0.00643	0.00524	0.00158	0.00563	0.00485	0.07304	0.00879
14	0.01128	0.01304	0.07795	0.01701	0.02079	0.04434	0.40039	0.01476	0.01204	0.01609	0.01593	0.13132	0.01547	0.00830	0.00709	0.00198	0.05404	0.12847	0.00334	0.00639
15	0.02005	0.02558	0.01521	0.01383	0.01659	0.78980	0.01037	0.02143	0.01521	0.01314	0.00830	0.00968	0.00691	0.00553	0.00484	0.00138	0.00968	0.00346	0.00277	0.00622
16	0.07009	0.02382	0.01484	0.01330	0.01622	0.68113	0.01008	0.08009	0.01565	0.01545	0.00861	0.00988	0.00702	0.00557	0.00479	0.00142	0.00905	0.00353	0.00301	0.00643
17	0.00659	0.00484	0.00606	0.00700	0.00756	0.00445	0.00470	0.00754	0.01046	0.01362	0.03313	0.61993	0.16621	0.07101	0.00817	0.00232	0.00319	0.01405	0.00486	0.00431
18	0.01502	0.01249	0.01292	0.01122	0.01449	0.03667	0.00883	0.15370	0.59994	0.04291	0.01990	0.01845	0.01479	0.00707	0.00543	0.00177	0.00470	0.00576	0.00540	0.00855
19	0.78767	0.01029	0.00823	0.00725	0.01063	0.01173	0.00597	0.01655	0.00960	0.08063	0.00850	0.00943	0.00637	0.00511	0.00348	0.00166	0.00418	0.00309	0.00357	0.00606
20	0.08024	0.01382	0.17325	0.06537	0.08856	0.03382	0.01113	0.06628	0.09013	0.12654	0.12725	0.01967	0.05247	0.00712	0.00560	0.01617	0.00540	0.00568	0.00422	0.00726
21	0.00677	0.00512	0.00626	0.00669	0.00769	0.00460	0.00474	0.00826	0.01219	0.01607	0.23992	0.37867	0.25495	0.01429	0.00656	0.00194	0.00284	0.01260	0.00524	0.00460

[dist]
# distance from previous block
# <min> <max>
3	9

[block]
# block no. 10 follows, 45 sequences, length 21
# corresponding to MSA columns:
# 362-382
name=unknown_K
#
# <colnr> <probs for GDERKNQSTAVLIFYWHMCP>
#	G	D	E	R	K	N	Q	S	T	A	V	L	I	F	Y	W	H	M	C	P
0	0.14917	0.01423	0.01504	0.03561	0.08487	0.05398	0.01005	0.49925	0.02019	0.02864	0.01156	0.01269	0.00864	0.02569	0.00555	0.00170	0.00588	0.00453	0.00454	0.00817
1	0.00793	0.00618	0.00772	0.00919	0.06294	0.02912	0.00571	0.00889	0.01004	0.01330	0.02390	0.48474	0.02793	0.21653	0.01183	0.00287	0.00417	0.04210	0.00427	0.02065
2	0.06789	0.01220	0.05213	0.10889	0.27735	0.01168	0.12561	0.01677	0.09706	0.01781	0.01228	0.05717	0.01034	0.00568	0.00528	0.00162	0.00609	0.00539	0.00317	0.10560
3	0.01727	0.01937	0.01802	0.02166	0.33327	0.40232	0.01290	0.08075	0.01480	0.01669	0.00943	0.01145	0.00776	0.00530	0.00508	0.00149	0.00799	0.00412	0.00294	0.00741
4	0.00663	0.00473	0.00633	0.00757	0.00792	0.00443	0.00513	0.00762	0.01036	0.01380	0.02954	0.77765	0.03532	0.01674	0.00687	0.00219	0.00319	0.04461	0.00498	0.00438
5	0.00821	0.00624	0.02490	0.00754	0.00894	0.00561	0.00586	0.01107	0.04495	0.03854	0.52881	0.16738	0.04335	0.01184	0.00641	0.00183	0.00305	0.06463	0.00560	0.00524
6	0.01882	0.01341	0.01461	0.01149	0.01527	0.01472	0.00932	0.57896	0.08318	0.07885	0.01448	0.01563	0.01085	0.06508	0.02839	0.00208	0.00587	0.00521	0.00524	0.00854
