[name]
unknown

[dist]
# distance from previous block
# <min> <max>
4	85

[block]
# block no. 0 follows, 44 sequences, length 6
# corresponding to MSA columns:
# 85-90
name=unknown_A
#
# <colnr> <probs for GDERKNQSTAVLIFYWHMCP>
#	G	D	E	R	K	N	Q	S	T	A	V	L	I	F	Y	W	H	M	C	P
0	0.01711	0.08565	0.01590	0.03870	0.01575	0.01428	0.03290	0.41294	0.04966	0.08337	0.01524	0.09590	0.01290	0.05507	0.00712	0.00191	0.02675	0.00613	0.00483	0.00793
1	0.00835	0.00619	0.00767	0.00753	0.00889	0.00569	0.00539	0.04268	0.01226	0.01695	0.20213	0.35374	0.05374	0.10201	0.00871	0.00222	0.00354	0.03159	0.00486	0.11587
2	0.04251	0.01146	0.01329	0.08216	0.01638	0.08574	0.02620	0.04641	0.07167	0.35546	0.04076	0.01639	0.01236	0.00614	0.00517	0.00154	0.00534	0.00497	0.00501	0.15107
3	0.01567	0.01163	0.01278	0.01060	0.01363	0.01255	0.00830	0.44843	0.06876	0.02635	0.01755	0.18502	0.01641	0.08220	0.00776	0.00207	0.00513	0.00746	0.00509	0.04260
4	0.01313	0.01014	0.01185	0.00859	0.01334	0.00816	0.00692	0.07887	0.01287	0.07766	0.01089	0.01202	0.00860	0.00446	0.00427	0.00095	0.00425	0.00355	0.00369	0.70580
5	0.00848	0.00578	0.00716	0.00751	0.00850	0.00554	0.00523	0.01074	0.06882	0.06062	0.12054	0.44691	0.10369	0.10323	0.00898	0.00240	0.00347	0.01227	0.00512	0.00501

[dist]
# distance from previous block
# <min> <max>
31	73

[block]
# block no. 1 follows, 44 sequences, length 9
# corresponding to MSA columns:
# 189-197
name=unknown_B
#
# <colnr> <probs for GDERKNQSTAVLIFYWHMCP>
#	G	D	E	R	K	N	Q	S	T	A	V	L	I	F	Y	W	H	M	C	P
0	0.01493	0.01105	0.01276	0.06124	0.01520	0.01181	0.00874	0.29708	0.12824	0.06299	0.03369	0.04507	0.04666	0.02254	0.07126	0.00230	0.00585	0.03080	0.02186	0.09595
1	0.01311	0.01089	0.01372	0.10809	0.03030	0.01172	0.03801	0.20530	0.09597	0.02100	0.01803	0.07218	0.08918	0.02178	0.00700	0.00175	0.07894	0.00627	0.01825	0.13851
2	0.01376	0.04236	0.01957	0.15927	0.39706	0.10698	0.03283	0.03634	0.04542	0.01691	0.02891	0.01396	0.00947	0.00559	0.00600	0.00167	0.04854	0.00484	0.00291	0.00761
3	0.01437	0.01294	0.04303	0.09081	0.44730	0.03952	0.01450	0.04226	0.01256	0.09462	0.01118	0.01400	0.00894	0.00700	0.03473	0.00198	0.09427	0.00487	0.00315	0.00798
4	0.00949	0.00551	0.00826	0.03895	0.00904	0.00601	0.00583	0.00803	0.00750	0.01021	0.00985	0.01668	0.00966	0.02003	0.09842	0.66891	0.05732	0.00485	0.00243	0.00300
5	0.04136	0.01128	0.05117	0.13731	0.21892	0.03418	0.01129	0.01721	0.12481	0.08134	0.07673	0.02293	0.13377	0.00742	0.00558	0.00173	0.00534	0.00638	0.00405	0.00720
6	0.00958	0.00691	0.00814	0.00772	0.00970	0.00647	0.00575	0.01322	0.12232	0.07430	0.14353	0.26242	0.20029	0.01192	0.00615	0.00182	0.00335	0.01037	0.00521	0.09084
7	0.03619	0.01009	0.01192	0.13302	0.01552	0.09134	0.02642	0.01331	0.05942	0.01468	0.03544	0.20869	0.01756	0.08678	0.04478	0.00260	0.15504	0.00781	0.02387	0.00550
8	0.01864	0.01243	0.01360	0.01070	0.01436	0.01339	0.00874	0.51721	0.02168	0.10709	0.05465	0.01632	0.01271	0.00677	0.00523	0.00158	0.00510	0.00526	0.14618	0.00835

[dist]
# distance from previous block
# <min> <max>
3	21

[block]
# block no. 2 follows, 44 sequences, length 82
# corresponding to MSA columns:
# 220-301
name=unknown_C
#
# <colnr> <probs for GDERKNQSTAVLIFYWHMCP>
#	G	D	E	R	K	N	Q	S	T	A	V	L	I	F	Y	W	H	M	C	P
0	0.04012	0.01113	0.01622	0.19926	0.23994	0.02798	0.03966	0.08138	0.05664	0.01858	0.04438	0.08368	0.01335	0.00680	0.00550	0.00169	0.00590	0.02499	0.00352	0.07928
1	0.01399	0.06982	0.13902	0.02638	0.49608	0.05206	0.03806	0.06753	0.01325	0.01829	0.01013	0.01270	0.00821	0.00504	0.00525	0.00160	0.00689	0.00458	0.00281	0.00833
2	0.01189	0.01015	0.01297	0.01217	0.05053	0.01092	0.07207	0.02139	0.41432	0.03392	0.07523	0.03015	0.09432	0.00905	0.00606	0.00192	0.00468	0.11580	0.00510	0.00736
3	0.00972	0.05895	0.00852	0.00727	0.00759	0.00586	0.00505	0.00774	0.00748	0.00984	0.01000	0.04108	0.01015	0.01792	0.01965	0.75829	0.00476	0.00495	0.00245	0.00274
4	0.01228	0.05771	0.53516	0.01488	0.03436	0.09536	0.04971	0.01734	0.01243	0.03554	0.07495	0.01406	0.01098	0.00572	0.00525	0.00167	0.00762	0.00458	0.00281	0.00759
5	0.03706	0.08396	0.31224	0.01216	0.01779	0.01195	0.01301	0.07722	0.04874	0.29389	0.01500	0.01530	0.01040	0.00611	0.00519	0.00168	0.00615	0.01936	0.00438	0.00842
6	0.01380	0.00739	0.00800	0.00696	0.00914	0.00751	0.00548	0.14417	0.01443	0.11796	0.01743	0.01884	0.01309	0.00644	0.00431	0.00139	0.00341	0.00510	0.58881	0.00634
7	0.01258	0.01162	0.01893	0.39175	0.31504	0.01294	0.03829	0.07894	0.03471	0.01752	0.01060	0.01419	0.00826	0.00535	0.00546	0.00173	0.00683	0.00494	0.00289	0.00743
8	0.04043	0.07856	0.21665	0.02045	0.08927	0.01398	0.42670	0.01722	0.01223	0.01732	0.01027	0.01316	0.00779	0.00478	0.00571	0.00174	0.00825	0.00532	0.00263	0.00756
9	0.01787	0.00842	0.01086	0.00895	0.01216	0.00775	0.00725	0.06838	0.02676	0.44342	0.08832	0.02709	0.13654	0.01142	0.07251	0.00234	0.00512	0.03125	0.00593	0.00767
10	0.00664	0.00477	0.00630	0.00753	0.00789	0.00443	0.00503	0.00760	0.01050	0.01394	0.03084	0.78129	0.05910	0.01698	0.00694	0.00220	0.00315	0.01537	0.00506	0.00443
11	0.01848	0.01567	0.08080	0.01251	0.01694	0.01589	0.01086	0.55002	0.16981	0.03063	0.01460	0.01438	0.01052	0.00660	0.00545	0.00169	0.00584	0.00508	0.00520	0.00904
12	0.10475	0.01045	0.01253	0.02450	0.01410	0.01062	0.03298	0.14097	0.13348	0.28808	0.06435	0.01792	0.01439	0.00667	0.00518	0.00165	0.00467	0.00540	0.06209	0.04520
13	0.00759	0.00506	0.00627	0.00673	0.00687	0.00497	0.00417	0.00779	0.00880	0.01176	0.02115	0.31471	0.02469	0.42886	0.04228	0.07567	0.00474	0.01036	0.00385	0.00368
14	0.12547	0.14040	0.06754	0.01581	0.14502	0.28335	0.02483	0.10464	0.01435	0.01825	0.00918	0.01074	0.00742	0.00533	0.00469	0.00150	0.00734	0.00383	0.00307	0.00724
15	0.00777	0.00529	0.00600	0.00605	0.00620	0.00524	0.00351	0.00795	0.00834	0.01103	0.02009	0.07066	0.06785	0.70667	0.04172	0.00501	0.00523	0.00845	0.00348	0.00347
16	0.01942	0.08330	0.01675	0.01210	0.01623	0.06153	0.01000	0.54009	0.11320	0.05211	0.01370	0.01357	0.00997	0.00644	0.00527	0.00161	0.00596	0.00483	0.00508	0.00883
17	0.01252	0.09045	0.01170	0.00843	0.01141	0.03403	0.00681	0.09742	0.07748	0.09576	0.20120	0.02904	0.19518	0.00890	0.00555	0.00158	0.00407	0.00732	0.00499	0.09616
18	0.01122	0.06441	0.70744	0.01585	0.03980	0.01312	0.03980	0.01721	0.01155	0.01707	0.00972	0.01151	0.00699	0.00513	0.00514	0.00170	0.00795	0.00406	0.00232	0.00800
19	0.01131	0.13096	0.65504	0.01443	0.02181	0.01359	0.01821	0.01691	0.01158	0.01683	0.03493	0.01212	0.00841	0.00531	0.00500	0.00165	0.00758	0.00408	0.00243	0.00782
20	0.06764	0.01533	0.21170	0.01679	0.16897	0.01120	0.07354	0.01990	0.07725	0.20565	0.06601	0.01649	0.01280	0.00604	0.00540	0.00171	0.00606	0.00526	0.00411	0.00813
21	0.01424	0.73966	0.09766	0.00990	0.01488	0.02075	0.01032	0.01641	0.01112	0.01323	0.00778	0.00900	0.00699	0.00471	0.00365	0.00122	0.00603	0.00302	0.00233	0.00709
22	0.01309	0.01235	0.02007	0.04408	0.64066	0.02580	0.01513	0.03747	0.01299	0.01833	0.07024	0.04103	0.01282	0.00581	0.00552	0.00165	0.00613	0.00557	0.00311	0.00816
23	0.00696	0.00569	0.00625	0.00653	0.00824	0.00497	0.00517	0.00860	0.01245	0.01508	0.04937	0.05447	0.60747	0.01409	0.00668	0.00199	0.00326	0.17297	0.00505	0.00470
24	0.00664	0.00474	0.00633	0.00759	0.00791	0.00443	0.00506	0.00759	0.01044	0.01392	0.03005	0.80485	0.03606	0.01708	0.00696	0.00221	0.00316	0.01550	0.00506	0.00443
25	0.60528	0.01140	0.01219	0.01352	0.17366	0.01264	0.03341	0.04917	0.01079	0.02325	0.00852	0.01022	0.00671	0.00507	0.00400	0.00168	0.00494	0.00356	0.00330	0.00668
26	0.01349	0.01295	0.02213	0.03346	0.77440	0.01295	0.01673	0.01673	0.01241	0.01781	0.01025	0.01349	0.00864	0.00486	0.00540	0.00162	0.00648	0.00486	0.00270	0.00864
27	0.02446	0.00928	0.01265	0.00970	0.01392	0.00801	0.00801	0.02657	0.01560	0.77817	0.02151	0.01856	0.01350	0.00675	0.00548	0.00169	0.00464	0.00548	0.00675	0.00928
28	0.00793	0.00529	0.00595	0.00595	0.00595	0.00529	0.00330	0.00793	0.00793	0.01057	0.01718	0.03568	0.01982	0.80840	0.02775	0.00529	0.00529	0.00793	0.00330	0.00330
29	0.84691	0.01054	0.00801	0.00717	0.01054	0.01223	0.00590	0.01603	0.00928	0.02446	0.00759	0.00886	0.00590	0.00506	0.00337	0.00169	0.00422	0.00295	0.00337	0.00590
30	0.01018	0.00818	0.01262	0.01109	0.01166	0.00968	0.07940	0.01026	0.00857	0.01213	0.01196	0.11937	0.01263	0.05804	0.01718	0.31768	0.27565	0.00650	0.00282	0.00440
31	0.00725	0.00574	0.00655	0.00645	0.00800	0.00518	0.00479	0.00965	0.04682	0.01763	0.31420	0.11677	0.40561	0.01285	0.00645	0.00183	0.00280	0.01104	0.00543	0.00496
32	0.01180	0.01175	0.01667	0.07539	0.01613	0.01634	0.01218	0.01318	0.00855	0.01318	0.00735	0.01213	0.00717	0.00922	0.01692	0.00234	0.73655	0.00478	0.00239	0.00597
33	0.02072	0.01527	0.01636	0.01254	0.01691	0.01691	0.01036	0.75622	0.02563	0.03436	0.01309	0.01309	0.00927	0.00654	0.00545	0.00164	0.00600	0.00491	0.00545	0.00927
34	0.01187	0.00983	0.01147	0.00823	0.01305	0.00754	0.00660	0.03340	0.01178	0.03639	0.01006	0.01152	0.00824	0.00417	0.00411	0.00085	0.00410	0.00333	0.00337	0.80010
35	0.00779	0.00584	0.00876	0.00876	0.00974	0.00681	0.00681	0.00974	0.00876	0.01266	0.01460	0.02142	0.01363	0.04089	0.78680	0.00876	0.01460	0.00584	0.00292	0.00487
36	0.00947	0.00473	0.00710	0.00710	0.00710	0.00473	0.00473	0.00710	0.00710	0.00947	0.00947	0.01657	0.00947	0.01894	0.02131	0.84138	0.00473	0.00473	0.00237	0.00237
37	0.43716	0.01095	0.01033	0.00902	0.01217	0.01255	0.00726	0.14232	0.16038	0.02423	0.01218	0.01333	0.00948	0.00989	0.08856	0.01937	0.00566	0.00426	0.00408	0.00682
38	0.01102	0.04759	0.76156	0.01538	0.02336	0.01288	0.01988	0.01724	0.01150	0.01716	0.00973	0.01144	0.00691	0.00517	0.00514	0.00171	0.00800	0.00400	0.00230	0.00803
39	0.01123	0.12089	0.66631	0.01448	0.02194	0.01347	0.01835	0.01686	0.01149	0.01666	0.01094	0.01246	0.03087	0.00539	0.00502	0.00166	0.00763	0.00413	0.00239	0.00782
40	0.01042	0.00965	0.01616	0.66888	0.09271	0.01168	0.01472	0.01392	0.01116	0.01444	0.01137	0.01846	0.00943	0.00623	0.00562	0.00186	0.00701	0.06744	0.00267	0.00617
41	0.01249	0.01214	0.04344	0.04959	0.47932	0.02857	0.01367	0.03779	0.07263	0.01844	0.08010	0.08479	0.01568	0.00694	0.00566	0.00172	0.00579	0.01996	0.00352	0.00777
42	0.01370	0.01316	0.02180	0.06064	0.56130	0.03737	0.09902	0.01769	0.05498	0.03619	0.01153	0.01490	0.00945	0.00524	0.00555	0.00168	0.00673	0.01781	0.00300	0.00826
43	0.01135	0.02413	0.59441	0.01581	0.06100	0.01257	0.03821	0.01853	0.10955	0.01817	0.03707	0.01383	0.00980	0.00564	0.00532	0.00174	0.00734	0.00461	0.00288	0.00804
44	0.00953	0.00816	0.02015	0.00809	0.00980	0.07335	0.00633	0.01268	0.05696	0.03536	0.52362	0.03861	0.09262	0.01080	0.00631	0.00177	0.00364	0.07120	0.00551	0.00552
45	0.01130	0.00969	0.01130	0.00807	0.01292	0.00727	0.00646	0.01373	0.01130	0.01776	0.00969	0.01130	0.00807	0.00404	0.00404	0.00081	0.00404	0.00323	0.00323	0.84173
46	0.01392	0.05746	0.12032	0.13379	0.34136	0.09409	0.05232	0.06602	0.03676	0.01769	0.01038	0.01300	0.00823	0.00523	0.00529	0.00163	0.00715	0.00463	0.00287	0.00784
47	0.01124	0.00727	0.00875	0.00796	0.00964	0.00724	0.00588	0.12451	0.01384	0.09894	0.17402	0.14834	0.09964	0.18219	0.07296	0.00310	0.00495	0.00893	0.00495	0.00564
48	0.01153	0.10387	0.57512	0.01682	0.10463	0.01338	0.03956	0.01689	0.01173	0.01703	0.03417	0.01248	0.00858	0.00527	0.00511	0.00166	0.00752	0.00427	0.00248	0.00790
49	0.01084	0.00848	0.01034	0.00956	0.03339	0.00864	0.03194	0.07257	0.19804	0.04829	0.27473	0.03442	0.19224	0.01003	0.00612	0.00180	0.00379	0.03283	0.00543	0.00651
50	0.00739	0.00549	0.00689	0.00668	0.00798	0.00498	0.00496	0.00961	0.01446	0.01989	0.57839	0.10886	0.17999	0.01214	0.00648	0.00178	0.00266	0.01064	0.00575	0.00498
51	0.01936	0.02151	0.01559	0.01453	0.06450	0.51056	0.01059	0.17959	0.05257	0.01882	0.01049	0.01159	0.00828	0.00588	0.00506	0.00148	0.00830	0.00407	0.03004	0.00717
52	0.20634	0.03633	0.41576	0.01327	0.01923	0.01273	0.06475	0.01837	0.07554	0.05821	0.01093	0.01218	0.00794	0.00545	0.00509	0.00173	0.02129	0.00419	0.00309	0.00756
53	0.00773	0.00633	0.00781	0.00872	0.07032	0.00576	0.00600	0.00995	0.02646	0.01721	0.24117	0.04653	0.42447	0.01238	0.00645	0.00186	0.00328	0.08724	0.00513	0.00519
54	0.00694	0.00498	0.00663	0.00779	0.00830	0.00468	0.00548	0.00815	0.01096	0.01457	0.06360	0.66301	0.05648	0.01649	0.00699	0.00222	0.00334	0.09975	0.00510	0.00453
55	0.03461	0.50760	0.18478	0.01126	0.01637	0.11253	0.01171	0.03928	0.01209	0.01475	0.00831	0.00959	0.00702	0.00495	0.00408	0.00134	0.00675	0.00328	0.00250	0.00718
56	0.00777	0.00580	0.00845	0.00851	0.00933	0.00665	0.00645	0.00945	0.00883	0.01259	0.01602	0.08940	0.01597	0.10463	0.64150	0.00779	0.02620	0.00683	0.00313	0.00471
57	0.00818	0.00527	0.00680	0.00746	0.00836	0.00479	0.00519	0.00936	0.01137	0.07964	0.06505	0.60161	0.13539	0.01549	0.00674	0.00210	0.00321	0.01385	0.00525	0.00490
58	0.01142	0.01074	0.01802	0.56037	0.24941	0.01245	0.01550	0.02940	0.01163	0.01545	0.00992	0.01421	0.00770	0.00530	0.00544	0.00176	0.00701	0.00485	0.00256	0.00686
59	0.11983	0.03837	0.01542	0.01175	0.01579	0.03456	0.00970	0.55712	0.06330	0.04276	0.01264	0.01283	0.00917	0.00641	0.00544	0.00165	0.02500	0.00465	0.00500	0.00861
60	0.00723	0.00534	0.00684	0.00789	0.00844	0.00521	0.00537	0.00942	0.07484	0.01468	0.02938	0.73785	0.03440	0.01625	0.00684	0.00218	0.00326	0.01470	0.00510	0.00479
61	0.51107	0.01413	0.01126	0.00959	0.01312	0.13395	0.00774	0.20251	0.01434	0.02521	0.00910	0.01007	0.00692	0.00552	0.00414	0.00163	0.00554	0.00353	0.00381	0.00681
62	0.00663	0.00478	0.00629	0.00750	0.00788	0.00444	0.00502	0.00760	0.01053	0.01395	0.03117	0.77136	0.06882	0.01693	0.00694	0.00220	0.00315	0.01532	0.00506	0.00444
63	0.01868	0.03833	0.01558	0.01205	0.01599	0.03836	0.00982	0.54745	0.16677	0.03019	0.01511	0.04089	0.01146	0.00698	0.00545	0.00168	0.00569	0.00541	0.00529	0.00883
64	0.01488	0.77086	0.02789	0.00957	0.01414	0.06132	0.00939	0.01661	0.01130	0.01285	0.00762	0.00880	0.00700	0.00471	0.00357	0.00118	0.00604	0.00295	0.00236	0.00696
65	0.01376	0.63645	0.19667	0.01072	0.01614	0.01958	0.01175	0.01653	0.01117	0.01382	0.00807	0.00936	0.00698	0.00478	0.00387	0.00129	0.00633	0.00316	0.00233	0.00723
66	0.01433	0.72202	0.04959	0.01067	0.01550	0.02066	0.07328	0.01645	0.01124	0.01334	0.00793	0.00933	0.00710	0.00467	0.00380	0.00124	0.00618	0.00325	0.00237	0.00706
67	0.00674	0.00502	0.00655	0.03361	0.00882	0.00471	0.00527	0.00784	0.01073	0.01403	0.03292	0.67245	0.13881	0.01623	0.00684	0.00215	0.00324	0.01458	0.00497	0.00451
68	0.05953	0.01082	0.01312	0.05849	0.01467	0.03095	0.00932	0.14817	0.08070	0.10694	0.01400	0.01630	0.02247	0.01328	0.14445	0.00307	0.19577	0.00519	0.04582	0.00693
69	0.01443	0.01264	0.02132	0.03143	0.70945	0.01253	0.01599	0.01757	0.01269	0.08275	0.01122	0.01393	0.00905	0.00502	0.00540	0.00162	0.00632	0.00491	0.00304	0.00869
70	0.00688	0.00499	0.00650	0.00729	0.00793	0.00461	0.00502	0.00823	0.01172	0.01582	0.20435	0.58072	0.08474	0.01550	0.00680	0.00207	0.00300	0.01394	0.00528	0.00461
71	0.00696	0.00498	0.00664	0.00764	0.00817	0.00467	0.00533	0.00827	0.01137	0.01533	0.14699	0.63375	0.03817	0.01601	0.00691	0.00216	0.00320	0.06367	0.00521	0.00458
72	0.01349	0.01292	0.02189	0.03292	0.75611	0.01297	0.01654	0.01703	0.03050	0.01793	0.01054	0.01366	0.00883	0.00492	0.00540	0.00162	0.00642	0.00489	0.00277	0.00864
73	0.01349	0.01295	0.02213	0.03346	0.77440	0.01295	0.01673	0.01673	0.01241	0.01781	0.01025	0.01349	0.00864	0.00486	0.00540	0.00162	0.00648	0.00486	0.00270	0.00864
74	0.00793	0.00529	0.00595	0.00595	0.00595	0.00529	0.00330	0.00793	0.00793	0.01057	0.01718	0.03568	0.01982	0.80840	0.02775	0.00529	0.00529	0.00793	0.00330	0.00330
75	0.01130	0.00969	0.01130	0.00807	0.01292	0.00727	0.00646	0.01373	0.01130	0.01776	0.00969	0.01130	0.00807	0.00404	0.00404	0.00081	0.00404	0.00323	0.00323	0.84173
76	0.01093	0.02820	0.78016	0.01554	0.02360	0.01266	0.02014	0.01727	0.01151	0.01727	0.00978	0.01151	0.00691	0.00518	0.00518	0.00173	0.00806	0.00403	0.00230	0.00806
77	0.00754	0.00547	0.00711	0.00690	0.00809	0.00504	0.00510	0.00988	0.01473	0.02066	0.65773	0.13102	0.07639	0.01194	0.00649	0.00178	0.00265	0.01058	0.00586	0.00504
78	0.00668	0.00477	0.00636	0.00757	0.00792	0.00445	0.00506	0.00768	0.01061	0.01418	0.05498	0.77915	0.03658	0.01688	0.00694	0.00220	0.00314	0.01531	0.00509	0.00445
79	0.77632	0.01186	0.00865	0.00776	0.01108	0.07836	0.00630	0.01652	0.00981	0.02351	0.00766	0.00894	0.00600	0.00511	0.00351	0.00166	0.00470	0.00300	0.00333	0.00594
80	0.01016	0.00508	0.00508	0.00508	0.00635	0.00508	0.00381	0.01270	0.01143	0.02033	0.01778	0.02033	0.01397	0.00635	0.00381	0.00127	0.00254	0.00508	0.83867	0.00508
81	0.05443	0.20364	0.01746	0.01091	0.01477	0.12085	0.00920	0.36080	0.01850	0.02385	0.01466	0.01503	0.07359	0.00652	0.00486	0.00150	0.00601	0.00473	0.03105	0.00765

[dist]
# distance from previous block
# <min> <max>
0	2

[block]
# block no. 3 follows, 44 sequences, length 53
# corresponding to MSA columns:
# 304-356
name=unknown_D
#
# <colnr> <probs for GDERKNQSTAVLIFYWHMCP>
#	G	D	E	R	K	N	Q	S	T	A	V	L	I	F	Y	W	H	M	C	P
0	0.01423	0.27392	0.21505	0.04714	0.03220	0.10690	0.03601	0.07841	0.01262	0.01613	0.00889	0.01088	0.00727	0.00575	0.00638	0.00160	0.11279	0.00391	0.00267	0.00724
1	0.01118	0.04481	0.71591	0.01512	0.02280	0.01292	0.01919	0.01797	0.05793	0.01751	0.01050	0.01199	0.00751	0.00530	0.00516	0.00172	0.00778	0.00414	0.00250	0.00807
2	0.00741	0.00538	0.00708	0.00779	0.00871	0.00506	0.00587	0.00918	0.01242	0.01664	0.22773	0.36692	0.10097	0.01477	0.00691	0.00212	0.00340	0.18157	0.00530	0.00477
3	0.01306	0.01370	0.06879	0.09271	0.64065	0.01290	0.04519	0.01657	0.01225	0.01745	0.01021	0.01350	0.00841	0.00491	0.00543	0.00165	0.00674	0.00487	0.00265	0.00834
4	0.07602	0.01330	0.01180	0.01106	0.03700	0.19017	0.00816	0.02020	0.24752	0.05623	0.07651	0.11675	0.01759	0.00790	0.00534	0.00165	0.00536	0.00643	0.00447	0.08654
5	0.02037	0.02598	0.01545	0.01404	0.01685	0.78652	0.01053	0.02177	0.01545	0.01334	0.00843	0.00983	0.00702	0.00562	0.00492	0.00140	0.00983	0.00351	0.00281	0.00632
6	0.00757	0.00574	0.00699	0.00665	0.00812	0.00525	0.00499	0.01021	0.03642	0.02010	0.56968	0.04308	0.23164	0.01171	0.00641	0.00175	0.00267	0.01017	0.00575	0.00511
7	0.22339	0.04661	0.16655	0.01721	0.11503	0.01351	0.22564	0.07897	0.01270	0.03657	0.01009	0.01218	0.00760	0.00507	0.00508	0.00171	0.00689	0.00461	0.00311	0.00747
8	0.00803	0.00686	0.00841	0.00981	0.10510	0.00635	0.00634	0.01070	0.06013	0.01652	0.13134	0.06765	0.49057	0.01210	0.00631	0.00184	0.00341	0.03818	0.00490	0.00544
9	0.00664	0.00474	0.00633	0.00759	0.00791	0.00443	0.00506	0.00759	0.01044	0.01392	0.03005	0.80485	0.03606	0.01708	0.00696	0.00221	0.00316	0.01550	0.00506	0.00443
10	0.03351	0.19587	0.45138	0.01356	0.04142	0.01386	0.01538	0.01852	0.01205	0.13955	0.01116	0.01204	0.00802	0.00531	0.00482	0.00159	0.00688	0.00402	0.00306	0.00799
11	0.01470	0.01608	0.09851	0.08313	0.45953	0.10213	0.01545	0.11072	0.01423	0.01905	0.01031	0.01289	0.00825	0.00524	0.00533	0.00162	0.00702	0.00462	0.00300	0.00820
12	0.01279	0.21168	0.22298	0.01748	0.04186	0.01545	0.32618	0.01723	0.02796	0.01627	0.00997	0.01244	0.00776	0.00498	0.00571	0.00166	0.03269	0.00486	0.00258	0.00746
13	0.00947	0.00473	0.00710	0.00710	0.00710	0.00473	0.00473	0.00710	0.00710	0.00947	0.00947	0.01657	0.00947	0.01894	0.02131	0.84138	0.00473	0.00473	0.00237	0.00237
14	0.80649	0.01077	0.00842	0.00743	0.01085	0.01246	0.00612	0.05224	0.01008	0.02494	0.00786	0.00906	0.00607	0.00513	0.00348	0.00168	0.00430	0.00305	0.00348	0.00607
15	0.00644	0.00552	0.00552	0.00552	0.00736	0.00460	0.00414	0.00782	0.01243	0.01473	0.05523	0.05247	0.77218	0.01381	0.00644	0.00184	0.00276	0.01151	0.00506	0.00460
16	0.01423	0.07903	0.18255	0.02197	0.33037	0.13196	0.03781	0.03493	0.08273	0.01745	0.01087	0.01281	0.00864	0.00529	0.00518	0.00160	0.00715	0.00450	0.00293	0.00801
17	0.84691	0.01054	0.00801	0.00717	0.01054	0.01223	0.00590	0.01603	0.00928	0.02446	0.00759	0.00886	0.00590	0.00506	0.00337	0.00169	0.00422	0.00295	0.00337	0.00590
18	0.01425	0.01450	0.02176	0.03086	0.65984	0.10067	0.04441	0.01733	0.01278	0.01729	0.01008	0.01312	0.00844	0.00493	0.00538	0.00160	0.00696	0.00477	0.00271	0.00832
19	0.01667	0.01285	0.01487	0.01206	0.01581	0.01410	0.05309	0.31545	0.33460	0.07103	0.01817	0.01757	0.02901	0.00771	0.02379	0.00190	0.00549	0.00569	0.00530	0.02485
20	0.00664	0.00474	0.00633	0.00759	0.00791	0.00443	0.00506	0.00759	0.01044	0.01392	0.03005	0.80485	0.03606	0.01708	0.00696	0.00221	0.00316	0.01550	0.00506	0.00443
21	0.01106	0.01039	0.01709	0.61189	0.16374	0.01235	0.01499	0.01540	0.06052	0.01518	0.01061	0.01473	0.00812	0.00548	0.00545	0.00178	0.00694	0.00493	0.00267	0.00667
22	0.01963	0.02234	0.01641	0.01602	0.10563	0.54361	0.01123	0.16648	0.01711	0.01802	0.00956	0.01091	0.00766	0.00571	0.00508	0.00148	0.00868	0.00395	0.00332	0.00718
23	0.00679	0.00486	0.00646	0.00749	0.00794	0.00453	0.00507	0.00797	0.01114	0.01504	0.13465	0.69705	0.03823	0.01624	0.00688	0.00214	0.00308	0.01470	0.00519	0.00453
24	0.00663	0.00479	0.00628	0.00746	0.00787	0.00444	0.00500	0.00761	0.01056	0.01397	0.03160	0.75845	0.08145	0.01688	0.00693	0.00219	0.00314	0.01525	0.00506	0.00444
25	0.00662	0.00482	0.00625	0.00738	0.00785	0.00445	0.00497	0.00761	0.01064	0.01400	0.03257	0.72952	0.10976	0.01675	0.00691	0.00218	0.00312	0.01510	0.00506	0.00445
26	0.01030	0.00969	0.01635	0.79530	0.03755	0.01211	0.01514	0.01393	0.01090	0.01393	0.00969	0.01453	0.00727	0.00545	0.00545	0.00182	0.00727	0.00484	0.00242	0.00606
27	0.01994	0.02518	0.01586	0.01524	0.06356	0.73882	0.01092	0.02146	0.01526	0.01362	0.00854	0.01006	0.00712	0.00557	0.00495	0.00142	0.00962	0.00359	0.00280	0.00646
28	0.01130	0.00969	0.01130	0.00807	0.01292	0.00727	0.00646	0.01373	0.01130	0.01776	0.00969	0.01130	0.00807	0.00404	0.00404	0.00081	0.00404	0.00323	0.00323	0.84173
29	0.01333	0.01293	0.02252	0.06236	0.69983	0.01297	0.06217	0.01667	0.01238	0.01764	0.01028	0.01361	0.00856	0.00486	0.00546	0.00164	0.00667	0.00495	0.00269	0.00846
30	0.00772	0.00557	0.00729	0.00686	0.00814	0.00514	0.00514	0.01029	0.01543	0.02186	0.77152	0.04072	0.05144	0.01115	0.00643	0.00171	0.00257	0.00986	0.00600	0.00514
31	0.00664	0.00474	0.00633	0.00759	0.00791	0.00443	0.00506	0.00759	0.01044	0.01392	0.03005	0.80485	0.03606	0.01708	0.00696	0.00221	0.00316	0.01550	0.00506	0.00443
32	0.84691	0.01054	0.00801	0.00717	0.01054	0.01223	0.00590	0.01603	0.00928	0.02446	0.00759	0.00886	0.00590	0.00506	0.00337	0.00169	0.00422	0.00295	0.00337	0.00590
33	0.00780	0.00580	0.00854	0.00854	0.00943	0.00669	0.00653	0.00959	0.00869	0.01249	0.01481	0.02256	0.01412	0.10232	0.72604	0.00848	0.01386	0.00601	0.00295	0.00474
34	0.01951	0.02468	0.01491	0.01360	0.01632	0.73637	0.01021	0.02093	0.01514	0.01337	0.01018	0.01161	0.03277	0.00698	0.02907	0.00165	0.00974	0.00385	0.00289	0.00622
35	0.00754	0.00557	0.00704	0.00667	0.00804	0.00507	0.00500	0.00994	0.01501	0.02086	0.67141	0.04236	0.15218	0.01152	0.00643	0.00173	0.00260	0.01009	0.00587	0.00507
36	0.01458	0.81168	0.02857	0.00933	0.01399	0.02157	0.00933	0.01632	0.01108	0.01283	0.00758	0.00875	0.00700	0.00466	0.00350	0.00117	0.00583	0.00292	0.00233	0.00700
37	0.01016	0.00508	0.00508	0.00508	0.00635	0.00508	0.00381	0.01270	0.01143	0.02033	0.01778	0.02033	0.01397	0.00635	0.00381	0.00127	0.00254	0.00508	0.83867	0.00508
38	0.01288	0.01289	0.04496	0.16053	0.62738	0.01280	0.01657	0.01628	0.01213	0.01714	0.01015	0.01361	0.00835	0.00497	0.00540	0.00166	0.00666	0.00483	0.00264	0.00819
39	0.84691	0.01054	0.00801	0.00717	0.01054	0.01223	0.00590	0.01603	0.00928	0.02446	0.00759	0.00886	0.00590	0.00506	0.00337	0.00169	0.00422	0.00295	0.00337	0.00590
40	0.01458	0.81168	0.02857	0.00933	0.01399	0.02157	0.00933	0.01632	0.01108	0.01283	0.00758	0.00875	0.00700	0.00466	0.00350	0.00117	0.00583	0.00292	0.00233	0.00700
41	0.01016	0.00508	0.00508	0.00508	0.00635	0.00508	0.00381	0.01270	0.01143	0.02033	0.01778	0.02033	0.01397	0.00635	0.00381	0.00127	0.00254	0.00508	0.83867	0.00508
42	0.00882	0.00714	0.03988	0.00952	0.02909	0.00627	0.00800	0.01137	0.01324	0.03545	0.20466	0.05131	0.12523	0.01314	0.00694	0.00217	0.00432	0.41302	0.00513	0.00531
43	0.02446	0.00928	0.01265	0.00970	0.01392	0.00801	0.00801	0.02657	0.01560	0.77817	0.02151	0.01856	0.01350	0.00675	0.00548	0.00169	0.00464	0.00548	0.00675	0.00928
44	0.01283	0.01390	0.02861	0.02528	0.22804	0.01325	0.53150	0.01694	0.01266	0.01744	0.01146	0.04076	0.00930	0.00508	0.00617	0.00179	0.00826	0.00631	0.00282	0.00760
45	0.01016	0.00508	0.00508	0.00508	0.00635	0.00508	0.00381	0.01270	0.01143	0.02033	0.01778	0.02033	0.01397	0.00635	0.00381	0.00127	0.00254	0.00508	0.83867	0.00508
46	0.01356	0.01171	0.01233	0.01109	0.01418	0.01356	0.00863	0.02897	0.76455	0.02281	0.02219	0.02034	0.01664	0.00740	0.00555	0.00185	0.00431	0.00616	0.00555	0.00863
47	0.01030	0.00969	0.01635	0.79530	0.03755	0.01211	0.01514	0.01393	0.01090	0.01393	0.00969	0.01453	0.00727	0.00545	0.00545	0.00182	0.00727	0.00484	0.00242	0.00606
48	0.01016	0.00508	0.00508	0.00508	0.00635	0.00508	0.00381	0.01270	0.01143	0.02033	0.01778	0.02033	0.01397	0.00635	0.00381	0.00127	0.00254	0.00508	0.83867	0.00508
49	0.00947	0.00473	0.00710	0.00710	0.00710	0.00473	0.00473	0.00710	0.00710	0.00947	0.00947	0.01657	0.00947	0.01894	0.02131	0.84138	0.00473	0.00473	0.00237	0.00237
50	0.01140	0.00639	0.00847	0.00748	0.00942	0.00578	0.00578	0.01387	0.01547	0.18843	0.60634	0.03584	0.04308	0.01018	0.00622	0.00171	0.00303	0.00890	0.00617	0.00605
51	0.01030	0.00969	0.01635	0.79530	0.03755	0.01211	0.01514	0.01393	0.01090	0.01393	0.00969	0.01453	0.00727	0.00545	0.00545	0.00182	0.00727	0.00484	0.00242	0.00606
52	0.00793	0.00529	0.00595	0.00595	0.00595	0.00529	0.00330	0.00793	0.00793	0.01057	0.01718	0.03568	0.01982	0.80840	0.02775	0.00529	0.00529	0.00793	0.00330	0.00330

[dist]
# distance from previous block
# <min> <max>
0	0

# created by:
# /st0/software/busco_prod/Augustus/scripts/msa2prfl.pl ./align_prep/189672.fa
