[name]
unknown

[dist]
# distance from previous block
# <min> <max>
3	112

[block]
# block no. 0 follows, 48 sequences, length 13
# corresponding to MSA columns:
# 148-160
name=unknown_A
#
# <colnr> <probs for GDERKNQSTAVLIFYWHMCP>
#	G	D	E	R	K	N	Q	S	T	A	V	L	I	F	Y	W	H	M	C	P
0	0.09610	0.00912	0.01133	0.17048	0.01652	0.00888	0.00802	0.07453	0.02721	0.11102	0.07592	0.03083	0.02761	0.00569	0.00459	0.00133	0.00450	0.00465	0.00379	0.30787
1	0.01349	0.01128	0.01513	0.26797	0.07342	0.05261	0.05234	0.19196	0.02574	0.06485	0.03700	0.03963	0.01068	0.04558	0.00693	0.00181	0.05533	0.00521	0.00353	0.02551
2	0.48549	0.01021	0.04629	0.00880	0.04372	0.01000	0.00714	0.01782	0.01092	0.25658	0.01352	0.01341	0.04568	0.00564	0.00408	0.00159	0.00428	0.00402	0.00415	0.00667
3	0.01342	0.01270	0.05562	0.02424	0.52930	0.04800	0.01344	0.01632	0.01186	0.08036	0.01034	0.01252	0.00827	0.00465	0.00486	0.00141	0.00582	0.00428	0.00292	0.13969
4	0.07763	0.00644	0.00867	0.00848	0.00931	0.00765	0.00652	0.00966	0.00843	0.01294	0.01468	0.14318	0.01508	0.07852	0.45455	0.00571	0.11816	0.00668	0.00305	0.00464
5	0.01009	0.00689	0.00811	0.00724	0.00919	0.00661	0.00558	0.12898	0.01495	0.08362	0.35371	0.09413	0.22972	0.01054	0.00588	0.00167	0.00317	0.00902	0.00533	0.00559
6	0.01358	0.01031	0.04752	0.45583	0.10590	0.01085	0.01277	0.04263	0.01190	0.19968	0.01188	0.01425	0.00842	0.00549	0.00543	0.00167	0.02700	0.00467	0.00337	0.00685
7	0.08045	0.12265	0.38375	0.13647	0.02107	0.01232	0.04461	0.01516	0.01055	0.01584	0.00879	0.01083	0.00667	0.00469	0.00449	0.00147	0.00649	0.00369	0.00239	0.10762
8	0.01462	0.69651	0.02509	0.00925	0.01360	0.01962	0.00893	0.13331	0.01257	0.01524	0.00794	0.00887	0.00692	0.00467	0.00358	0.00117	0.00551	0.00304	0.00265	0.00692
9	0.00978	0.00600	0.00882	0.00838	0.00978	0.00659	0.00659	0.01164	0.00925	0.13362	0.01476	0.01974	0.01281	0.03346	0.67531	0.00721	0.01228	0.00544	0.00331	0.00523
10	0.00625	0.00447	0.00595	0.00714	0.00744	0.00417	0.00476	0.00714	0.00982	0.01310	0.02828	0.81633	0.03394	0.01608	0.00655	0.00208	0.00298	0.01459	0.00476	0.00417
11	0.00726	0.00524	0.00686	0.00646	0.00767	0.00484	0.00484	0.00968	0.01452	0.02058	0.78496	0.03833	0.04841	0.01049	0.00605	0.00161	0.00242	0.00928	0.00565	0.00484
12	0.01258	0.01333	0.05335	0.05844	0.56802	0.03661	0.15007	0.01594	0.01176	0.01641	0.00969	0.01276	0.00790	0.00458	0.00523	0.00157	0.00674	0.00477	0.00253	0.00773

[dist]
# distance from previous block
# <min> <max>
0	1

[block]
# block no. 1 follows, 48 sequences, length 14
# corresponding to MSA columns:
# 162-175
name=unknown_B
#
# <colnr> <probs for GDERKNQSTAVLIFYWHMCP>
#	G	D	E	R	K	N	Q	S	T	A	V	L	I	F	Y	W	H	M	C	P
0	0.01270	0.01219	0.02083	0.03149	0.78767	0.01219	0.01575	0.01575	0.01168	0.01676	0.00965	0.01270	0.00813	0.00457	0.00508	0.00152	0.00610	0.00457	0.00254	0.00813
1	0.00739	0.00547	0.00744	0.00808	0.04232	0.00521	0.00571	0.00940	0.01258	0.01742	0.43248	0.19888	0.05711	0.03522	0.04040	0.00217	0.00353	0.09942	0.00500	0.00476
2	0.01827	0.01376	0.01470	0.01156	0.01544	0.01534	0.00945	0.63469	0.16200	0.03035	0.01388	0.01357	0.00999	0.00631	0.00515	0.00158	0.00536	0.00484	0.00515	0.00862
3	0.02223	0.00878	0.01182	0.00911	0.01297	0.00772	0.00751	0.05084	0.01501	0.73161	0.05236	0.01817	0.01407	0.00652	0.00520	0.00159	0.00433	0.00532	0.00628	0.00857
4	0.01330	0.01406	0.08864	0.02488	0.43466	0.02914	0.19268	0.06331	0.02727	0.04635	0.01052	0.01301	0.00822	0.00476	0.00529	0.00158	0.00676	0.00488	0.00288	0.00781
5	0.01067	0.09941	0.69656	0.01433	0.02153	0.01272	0.04358	0.01617	0.01084	0.01587	0.00906	0.01070	0.00655	0.00481	0.00477	0.00158	0.00743	0.00377	0.00218	0.00747
6	0.00660	0.00498	0.00611	0.00632	0.00739	0.00448	0.00455	0.00823	0.01224	0.01631	0.33873	0.28889	0.25053	0.01297	0.00621	0.00180	0.00265	0.01140	0.00512	0.00448
7	0.01163	0.12681	0.18897	0.01715	0.02219	0.01355	0.41828	0.01560	0.01114	0.01530	0.00966	0.01263	0.00757	0.00664	0.05046	0.00202	0.05616	0.00500	0.00244	0.00681
8	0.01088	0.16406	0.66076	0.01362	0.02065	0.01336	0.01720	0.01610	0.01076	0.01553	0.00885	0.01038	0.00651	0.00479	0.00460	0.00153	0.00722	0.00361	0.00217	0.00741
9	0.00632	0.00463	0.00596	0.00698	0.00752	0.00427	0.00481	0.00734	0.01017	0.01331	0.03148	0.67596	0.13679	0.01556	0.00651	0.00205	0.00301	0.04836	0.00476	0.00422
10	0.00692	0.00510	0.00647	0.00641	0.00753	0.00465	0.00470	0.00891	0.01330	0.01833	0.55000	0.17872	0.14629	0.01183	0.00614	0.00171	0.00254	0.01044	0.00537	0.00465
11	0.01244	0.01183	0.01863	0.24406	0.40706	0.03486	0.05637	0.06275	0.06985	0.01692	0.01050	0.01340	0.00831	0.00501	0.00515	0.00160	0.00636	0.00471	0.00284	0.00736
12	0.62590	0.01248	0.02681	0.03786	0.01236	0.11966	0.00705	0.05827	0.01062	0.03844	0.00795	0.00914	0.00610	0.00496	0.00364	0.00155	0.00498	0.00309	0.00323	0.00591
13	0.06721	0.07115	0.54842	0.01396	0.06230	0.01192	0.01575	0.01644	0.01108	0.07486	0.03736	0.01210	0.00850	0.00522	0.00498	0.00159	0.02308	0.00402	0.00270	0.00737

[dist]
# distance from previous block
# <min> <max>
0	1

[block]
# block no. 2 follows, 48 sequences, length 90
# corresponding to MSA columns:
# 179-248,250-269
name=unknown_C
#
# <colnr> <probs for GDERKNQSTAVLIFYWHMCP>
#	G	D	E	R	K	N	Q	S	T	A	V	L	I	F	Y	W	H	M	C	P
0	0.00978	0.00918	0.01528	0.78391	0.03469	0.01144	0.01407	0.01353	0.03285	0.01336	0.00947	0.01384	0.00710	0.00518	0.00513	0.00171	0.00676	0.00460	0.00237	0.00577
1	0.01576	0.07347	0.01655	0.03585	0.20995	0.30113	0.01105	0.09580	0.15746	0.01726	0.01121	0.01232	0.00890	0.00544	0.00482	0.00147	0.00680	0.00421	0.00331	0.00722
2	0.00807	0.00584	0.00741	0.00689	0.00824	0.00559	0.00519	0.06408	0.01488	0.02090	0.67645	0.09104	0.04455	0.01057	0.00602	0.00164	0.00269	0.00932	0.00555	0.00507
3	0.01064	0.00912	0.01064	0.00760	0.01216	0.00684	0.00608	0.01292	0.01064	0.01672	0.00912	0.01064	0.00760	0.00380	0.00380	0.00076	0.00380	0.00304	0.00304	0.85104
4	0.00638	0.00471	0.00600	0.00695	0.00758	0.00433	0.00486	0.00748	0.01038	0.01353	0.04541	0.61106	0.16866	0.01529	0.00649	0.00203	0.00302	0.06680	0.00478	0.00425
5	0.00634	0.00521	0.00558	0.00549	0.00710	0.00445	0.00412	0.00790	0.01235	0.01541	0.22057	0.04684	0.61603	0.01242	0.00606	0.00171	0.00256	0.01047	0.00497	0.00445
6	0.00662	0.00520	0.00599	0.00583	0.00728	0.00456	0.00436	0.00843	0.01296	0.01695	0.39103	0.06404	0.42460	0.01191	0.00607	0.00169	0.00253	0.01021	0.00517	0.00456
7	0.01363	0.80327	0.04564	0.00892	0.01339	0.02010	0.00903	0.01539	0.01044	0.01217	0.00718	0.00829	0.00658	0.00440	0.00333	0.00111	0.00554	0.00277	0.00219	0.00661
8	0.00746	0.00497	0.00560	0.00560	0.00560	0.00497	0.00311	0.00746	0.00746	0.00995	0.01617	0.03358	0.01865	0.81967	0.02612	0.00497	0.00497	0.00746	0.00311	0.00311
9	0.00734	0.00547	0.00813	0.00813	0.00901	0.00635	0.00627	0.00909	0.00821	0.01182	0.01385	0.02075	0.01308	0.07293	0.76525	0.00810	0.01336	0.00558	0.00276	0.00452
10	0.02302	0.00873	0.01191	0.00913	0.01310	0.00754	0.00754	0.02501	0.01469	0.79122	0.02024	0.01746	0.01270	0.00635	0.00516	0.00159	0.00437	0.00516	0.00635	0.00873
11	0.01276	0.01102	0.01160	0.01044	0.01334	0.01276	0.00812	0.02727	0.77840	0.02146	0.02088	0.01914	0.01566	0.00696	0.00522	0.00174	0.00406	0.00580	0.00522	0.00812
12	0.00891	0.00446	0.00668	0.00668	0.00668	0.00446	0.00446	0.00668	0.00668	0.00891	0.00891	0.01560	0.00891	0.01783	0.02005	0.85071	0.00446	0.00446	0.00223	0.00223
13	0.00956	0.00478	0.00478	0.00478	0.00598	0.00478	0.00359	0.01196	0.01076	0.01913	0.01674	0.01913	0.01315	0.00598	0.00359	0.00120	0.00239	0.00478	0.84816	0.00478
14	0.85592	0.00992	0.00754	0.00675	0.00992	0.01151	0.00556	0.01508	0.00873	0.02302	0.00714	0.00834	0.00556	0.00476	0.00318	0.00159	0.00397	0.00278	0.00318	0.00556
15	0.01064	0.00912	0.01064	0.00760	0.01216	0.00684	0.00608	0.01292	0.01064	0.01672	0.00912	0.01064	0.00760	0.00380	0.00380	0.00076	0.00380	0.00304	0.00304	0.85104
16	0.00956	0.00478	0.00478	0.00478	0.00598	0.00478	0.00359	0.01196	0.01076	0.01913	0.01674	0.01913	0.01315	0.00598	0.00359	0.00120	0.00239	0.00478	0.84816	0.00478
17	0.00627	0.00521	0.00548	0.00541	0.00706	0.00442	0.00406	0.00776	0.01218	0.01501	0.17780	0.04748	0.65905	0.01256	0.00606	0.00171	0.00257	0.01056	0.00492	0.00442
18	0.00681	0.00523	0.00767	0.00795	0.00866	0.00489	0.05779	0.00800	0.01020	0.01366	0.08104	0.63132	0.05019	0.07116	0.00784	0.00222	0.00346	0.01302	0.00456	0.00434
19	0.00796	0.00568	0.00790	0.00904	0.01010	0.00563	0.00768	0.01011	0.01160	0.01517	0.04739	0.16497	0.03066	0.01435	0.00698	0.00230	0.00442	0.62865	0.00475	0.00465
20	0.02302	0.00873	0.01191	0.00913	0.01310	0.00754	0.00754	0.02501	0.01469	0.79122	0.02024	0.01746	0.01270	0.00635	0.00516	0.00159	0.00437	0.00516	0.00635	0.00873
21	0.01211	0.01384	0.03028	0.02163	0.02682	0.01298	0.76903	0.01644	0.01211	0.01644	0.01038	0.01384	0.00779	0.00433	0.00606	0.00173	0.00865	0.00606	0.00260	0.00692
22	0.01118	0.19179	0.55981	0.01407	0.02076	0.01377	0.08870	0.01608	0.01087	0.01539	0.00889	0.01058	0.00664	0.00472	0.00466	0.00152	0.00725	0.00379	0.00221	0.00731
23	0.00622	0.00459	0.00582	0.00681	0.00735	0.00420	0.00462	0.00718	0.01014	0.01323	0.03233	0.68533	0.16232	0.01555	0.00647	0.00202	0.00291	0.01394	0.00476	0.00420
24	0.01029	0.02654	0.79309	0.01462	0.02221	0.01192	0.01896	0.01625	0.01083	0.01625	0.00921	0.01083	0.00650	0.00487	0.00487	0.00162	0.00758	0.00379	0.00217	0.00758
25	0.00894	0.00722	0.01145	0.01112	0.01291	0.00716	0.11604	0.01211	0.04925	0.01570	0.02453	0.08488	0.02597	0.01251	0.00682	0.00223	0.00517	0.57637	0.00445	0.00518
26	0.00625	0.00447	0.00595	0.00714	0.00744	0.00417	0.00476	0.00714	0.00982	0.01310	0.02828	0.81633	0.03394	0.01608	0.00655	0.00208	0.00298	0.01459	0.00476	0.00417
27	0.02302	0.00873	0.01191	0.00913	0.01310	0.00754	0.00754	0.02501	0.01469	0.79122	0.02024	0.01746	0.01270	0.00635	0.00516	0.00159	0.00437	0.00516	0.00635	0.00873
28	0.00726	0.00524	0.00686	0.00646	0.00767	0.00484	0.00484	0.00968	0.01452	0.02058	0.78496	0.03833	0.04841	0.01049	0.00605	0.00161	0.00242	0.00928	0.00565	0.00484
29	0.01029	0.02654	0.79309	0.01462	0.02221	0.01192	0.01896	0.01625	0.01083	0.01625	0.00921	0.01083	0.00650	0.00487	0.00487	0.00162	0.00758	0.00379	0.00217	0.00758
30	0.00733	0.00550	0.00825	0.00825	0.00916	0.00641	0.00641	0.00916	0.00825	0.01191	0.01374	0.02016	0.01283	0.03848	0.79934	0.00825	0.01374	0.00550	0.00275	0.00458
31	0.07122	0.04534	0.66163	0.01361	0.02047	0.01217	0.01697	0.01692	0.06452	0.01699	0.00982	0.01117	0.00708	0.00500	0.00474	0.00162	0.00702	0.00383	0.00245	0.00745
32	0.03362	0.24520	0.03126	0.01272	0.07444	0.20804	0.01000	0.26640	0.03861	0.01981	0.00967	0.01054	0.00766	0.00530	0.00444	0.00137	0.00647	0.00375	0.00341	0.00730
33	0.01847	0.08034	0.01581	0.01372	0.05472	0.64445	0.01012	0.07634	0.01482	0.01422	0.00829	0.00958	0.00684	0.00525	0.00459	0.00133	0.00855	0.00343	0.00279	0.00631
34	0.01912	0.00787	0.01066	0.00847	0.01175	0.00687	0.00687	0.02121	0.01465	0.60035	0.20964	0.02263	0.02155	0.00738	0.00538	0.00159	0.00388	0.00618	0.00618	0.00777
35	0.00772	0.00610	0.00864	0.12219	0.04667	0.00627	0.00740	0.00998	0.03835	0.01447	0.06330	0.38266	0.08236	0.01278	0.00629	0.00200	0.00402	0.16956	0.00436	0.00487
36	0.00675	0.00509	0.00539	0.00539	0.00628	0.00465	0.00351	0.00741	0.00963	0.01195	0.03451	0.04167	0.41149	0.40648	0.01585	0.00331	0.00376	0.00919	0.00396	0.00374
37	0.00700	0.00513	0.00656	0.00643	0.00756	0.00469	0.00474	0.00909	0.01357	0.01884	0.60363	0.14983	0.12075	0.01154	0.00612	0.00169	0.00252	0.01019	0.00543	0.00469
38	0.01270	0.01219	0.02083	0.03149	0.78767	0.01219	0.01575	0.01575	0.01168	0.01676	0.00965	0.01270	0.00813	0.00457	0.00508	0.00152	0.00610	0.00457	0.00254	0.00813
39	0.00718	0.00524	0.00674	0.00637	0.00761	0.00481	0.00478	0.00952	0.01433	0.02011	0.73354	0.03910	0.10013	0.01067	0.00605	0.00162	0.00243	0.00939	0.00559	0.00481
40	0.01372	0.82276	0.02689	0.00878	0.01317	0.02030	0.00878	0.01536	0.01043	0.01207	0.00713	0.00823	0.00658	0.00439	0.00329	0.00110	0.00549	0.00274	0.00219	0.00658
41	0.01276	0.01102	0.01160	0.01044	0.01334	0.01276	0.00812	0.02727	0.77840	0.02146	0.02088	0.01914	0.01566	0.00696	0.00522	0.00174	0.00406	0.00580	0.00522	0.00812
42	0.01372	0.82276	0.02689	0.00878	0.01317	0.02030	0.00878	0.01536	0.01043	0.01207	0.00713	0.00823	0.00658	0.00439	0.00329	0.00110	0.00549	0.00274	0.00219	0.00658
43	0.01297	0.59607	0.22521	0.01041	0.01558	0.03790	0.01145	0.01572	0.01064	0.01317	0.00769	0.00893	0.00656	0.00454	0.00374	0.00124	0.00613	0.00303	0.00220	0.00683
44	0.01029	0.02654	0.79309	0.01462	0.02221	0.01192	0.01896	0.01625	0.01083	0.01625	0.00921	0.01083	0.00650	0.00487	0.00487	0.00162	0.00758	0.00379	0.00217	0.00758
45	0.00809	0.00662	0.00970	0.00927	0.01000	0.00823	0.00735	0.00978	0.00817	0.01200	0.01238	0.01841	0.01164	0.03272	0.64657	0.00707	0.16925	0.00530	0.00265	0.00478
46	0.01046	0.05482	0.74732	0.01458	0.02199	0.01224	0.03655	0.01622	0.01085	0.01610	0.00916	0.01081	0.00653	0.00484	0.00485	0.00161	0.00753	0.00381	0.00218	0.00753
47	0.00732	0.00491	0.00564	0.00578	0.00582	0.00488	0.00331	0.00742	0.00774	0.01033	0.01762	0.12737	0.02049	0.72339	0.02377	0.00463	0.00474	0.00832	0.00331	0.00324
48	0.02185	0.00882	0.01163	0.00900	0.01278	0.00789	0.00741	0.07248	0.01502	0.68780	0.01948	0.01725	0.01247	0.00631	0.00505	0.00156	0.00431	0.00510	0.06533	0.00845
49	0.01107	0.01029	0.01648	0.53449	0.08266	0.01227	0.06224	0.06761	0.06639	0.01547	0.01014	0.01375	0.00775	0.00551	0.00601	0.00173	0.06235	0.00475	0.00273	0.00633
50	0.01400	0.64642	0.02636	0.01085	0.01525	0.06062	0.11668	0.01601	0.01098	0.03077	0.00794	0.00930	0.00690	0.00447	0.00380	0.00121	0.00611	0.00330	0.00237	0.00665
51	0.00827	0.00591	0.00827	0.00945	0.01063	0.00591	0.00827	0.01063	0.01181	0.01536	0.02717	0.05788	0.02953	0.01417	0.00709	0.00236	0.00472	0.75313	0.00472	0.00472
52	0.01198	0.01475	0.08500	0.02112	0.02649	0.01290	0.71523	0.01642	0.01202	0.01642	0.01030	0.01363	0.00769	0.00436	0.00597	0.00172	0.00857	0.00589	0.00256	0.00697
53	0.00709	0.00524	0.00662	0.00628	0.00756	0.00477	0.00471	0.00935	0.01412	0.01962	0.68096	0.03990	0.15301	0.01085	0.00605	0.00163	0.00245	0.00950	0.00552	0.00477
54	0.00969	0.00912	0.01539	0.80734	0.03534	0.01140	0.01425	0.01311	0.01026	0.01311	0.00912	0.01368	0.00684	0.00513	0.00513	0.00171	0.00684	0.00456	0.00228	0.00570
55	0.85592	0.00992	0.00754	0.00675	0.00992	0.01151	0.00556	0.01508	0.00873	0.02302	0.00714	0.00834	0.00556	0.00476	0.00318	0.00159	0.00397	0.00278	0.00318	0.00556
56	0.00625	0.00447	0.00595	0.00714	0.00744	0.00417	0.00476	0.00714	0.00982	0.01310	0.02828	0.81633	0.03394	0.01608	0.00655	0.00208	0.00298	0.01459	0.00476	0.00417
57	0.01064	0.00912	0.01064	0.00760	0.01216	0.00684	0.00608	0.01292	0.01064	0.01672	0.00912	0.01064	0.00760	0.00380	0.00380	0.00076	0.00380	0.00304	0.00304	0.85104
58	0.01276	0.01102	0.01160	0.01044	0.01334	0.01276	0.00812	0.02727	0.77840	0.02146	0.02088	0.01914	0.01566	0.00696	0.00522	0.00174	0.00406	0.00580	0.00522	0.00812
59	0.00662	0.00473	0.00636	0.00742	0.00791	0.00447	0.00527	0.00784	0.01048	0.01402	0.08915	0.64596	0.03448	0.01536	0.00659	0.00209	0.00318	0.11895	0.00483	0.00430
60	0.00723	0.00522	0.00717	0.00725	0.00792	0.00560	0.00523	0.00861	0.00913	0.01282	0.12536	0.11521	0.02161	0.21454	0.41715	0.00585	0.00888	0.00751	0.00347	0.00423
61	0.00746	0.00497	0.00560	0.00560	0.00560	0.00497	0.00311	0.00746	0.00746	0.00995	0.01617	0.03358	0.01865	0.81967	0.02612	0.00497	0.00497	0.00746	0.00311	0.00311
62	0.00647	0.00516	0.00548	0.00543	0.00678	0.00451	0.00388	0.00768	0.01128	0.01401	0.13964	0.04506	0.55025	0.16052	0.00974	0.00231	0.00301	0.01001	0.00457	0.00417
63	0.01951	0.01437	0.01540	0.01181	0.01591	0.01591	0.00975	0.77056	0.02412	0.03234	0.01232	0.01232	0.00873	0.00616	0.00513	0.00154	0.00565	0.00462	0.00513	0.00873
64	0.01128	0.00950	0.01098	0.00790	0.01243	0.00749	0.00634	0.06727	0.01161	0.01784	0.00935	0.01076	0.00768	0.00397	0.00390	0.00082	0.00393	0.00315	0.00319	0.79062
65	0.01391	0.79410	0.02644	0.00894	0.01327	0.04826	0.00882	0.01555	0.01057	0.01209	0.00716	0.00827	0.00659	0.00442	0.00334	0.00111	0.00562	0.00276	0.00221	0.00656
66	0.01146	0.01148	0.06887	0.01068	0.01540	0.00904	0.12472	0.05465	0.06666	0.01781	0.01033	0.01184	0.00819	0.00431	0.00439	0.00108	0.00493	0.00384	0.00318	0.55713
67	0.04141	0.04912	0.12550	0.01314	0.04204	0.35656	0.01107	0.21736	0.06239	0.01926	0.01006	0.01094	0.00772	0.00549	0.00476	0.00145	0.00736	0.00388	0.00338	0.00713
68	0.01270	0.01219	0.02083	0.03149	0.78767	0.01219	0.01575	0.01575	0.01168	0.01676	0.00965	0.01270	0.00813	0.00457	0.00508	0.00152	0.00610	0.00457	0.00254	0.00813
69	0.01259	0.55573	0.11837	0.00956	0.01366	0.06764	0.00955	0.01464	0.01066	0.01277	0.01044	0.12328	0.01046	0.00617	0.00404	0.00132	0.00564	0.00459	0.00258	0.00632
70	0.02302	0.00873	0.01191	0.00913	0.01310	0.00754	0.00754	0.02501	0.01469	0.79122	0.02024	0.01746	0.01270	0.00635	0.00516	0.00159	0.00437	0.00516	0.00635	0.00873
71	0.00610	0.00518	0.00526	0.00528	0.00696	0.00434	0.00395	0.00743	0.01174	0.01404	0.07266	0.06616	0.74750	0.01299	0.00607	0.00174	0.00260	0.01087	0.00479	0.00434
72	0.00969	0.00912	0.01539	0.80734	0.03534	0.01140	0.01425	0.01311	0.01026	0.01311	0.00912	0.01368	0.00684	0.00513	0.00513	0.00171	0.00684	0.00456	0.00228	0.00570
73	0.01348	0.01086	0.01162	0.01035	0.01333	0.01240	0.00808	0.02711	0.72525	0.07503	0.02084	0.01903	0.01546	0.00692	0.00522	0.00173	0.00408	0.00576	0.00530	0.00816
74	0.01029	0.02654	0.79309	0.01462	0.02221	0.01192	0.01896	0.01625	0.01083	0.01625	0.00921	0.01083	0.00650	0.00487	0.00487	0.00162	0.00758	0.00379	0.00217	0.00758
75	0.85592	0.00992	0.00754	0.00675	0.00992	0.01151	0.00556	0.01508	0.00873	0.02302	0.00714	0.00834	0.00556	0.00476	0.00318	0.00159	0.00397	0.00278	0.00318	0.00556
76	0.00627	0.00448	0.00597	0.00713	0.00745	0.00418	0.00476	0.00720	0.00992	0.01325	0.04340	0.80078	0.03423	0.01596	0.00654	0.00207	0.00297	0.01448	0.00478	0.00418
77	0.00621	0.00508	0.00548	0.00564	0.00708	0.00435	0.00413	0.00754	0.01164	0.01435	0.11486	0.17750	0.59178	0.01328	0.00614	0.00178	0.00265	0.01132	0.00485	0.00435
78	0.01126	0.00949	0.01097	0.00789	0.01242	0.00748	0.00634	0.06607	0.01159	0.01782	0.00934	0.01076	0.00768	0.00397	0.00389	0.00081	0.00393	0.00315	0.00319	0.79195
79	0.00810	0.00677	0.00743	0.02755	0.00960	0.00651	0.00551	0.02991	0.14649	0.01581	0.03781	0.12109	0.44127	0.01133	0.00582	0.00173	0.00327	0.04733	0.00467	0.06200
80	0.01230	0.09207	0.22016	0.01810	0.02364	0.06853	0.45785	0.01658	0.01181	0.01572	0.00962	0.01225	0.00727	0.00454	0.00541	0.00162	0.00813	0.00499	0.00245	0.00699
81	0.00852	0.00623	0.00841	0.00931	0.01062	0.00632	0.00802	0.01176	0.06699	0.01616	0.07988	0.05373	0.02986	0.01340	0.00688	0.00227	0.00452	0.64734	0.00483	0.00498
82	0.00740	0.00562	0.00705	0.00774	0.00913	0.00527	0.00650	0.00935	0.01185	0.01493	0.05859	0.05406	0.31938	0.01362	0.00667	0.00210	0.00384	0.44757	0.00477	0.00458
83	0.01011	0.00958	0.01604	0.67968	0.12236	0.01169	0.01428	0.01338	0.01031	0.01350	0.00907	0.01345	0.00699	0.00524	0.00567	0.00171	0.04407	0.00456	0.00231	0.00598
84	0.01546	0.52065	0.05017	0.01051	0.01442	0.28683	0.00953	0.01715	0.01185	0.01239	0.00748	0.00867	0.00659	0.00471	0.00381	0.00119	0.00685	0.00297	0.00235	0.00640
85	0.00606	0.00520	0.00520	0.00520	0.00693	0.00433	0.00390	0.00736	0.01170	0.01386	0.05198	0.04938	0.78558	0.01299	0.00606	0.00173	0.00260	0.01083	0.00476	0.00433
86	0.00608	0.00513	0.00526	0.00537	0.00698	0.00432	0.00398	0.00734	0.01153	0.01379	0.04988	0.11741	0.71891	0.01327	0.00611	0.00176	0.00263	0.01116	0.00476	0.00432
87	0.01367	0.60834	0.15656	0.01021	0.01498	0.09536	0.01063	0.01602	0.01090	0.01283	0.00757	0.00878	0.00657	0.00456	0.00369	0.00121	0.00622	0.00298	0.00223	0.00669
88	0.01701	0.02085	0.03618	0.01870	0.24614	0.54448	0.01188	0.01897	0.01359	0.01391	0.00848	0.01032	0.00706	0.00506	0.00477	0.00139	0.00827	0.00369	0.00260	0.00664
89	0.01098	0.20119	0.59047	0.01327	0.01992	0.01359	0.02993	0.01583	0.01074	0.01525	0.00926	0.03077	0.00724	0.00504	0.00459	0.00152	0.00702	0.00388	0.00225	0.00726

[dist]
# distance from previous block
# <min> <max>
0	30

# created by:
# /st0/software/busco_prod/Augustus/scripts/msa2prfl.pl ./align_prep/189624.fa
