[name]
unknown

[dist]
# distance from previous block
# <min> <max>
0	85

[block]
# block no. 0 follows, 42 sequences, length 22
# corresponding to MSA columns:
# 99-120
name=unknown_A
#
# <colnr> <probs for GDERKNQSTAVLIFYWHMCP>
#	G	D	E	R	K	N	Q	S	T	A	V	L	I	F	Y	W	H	M	C	P
0	0.01249	0.09078	0.36686	0.02700	0.03813	0.07958	0.12912	0.01731	0.02477	0.01714	0.03167	0.01982	0.01207	0.00678	0.00574	0.00183	0.00779	0.10064	0.00303	0.00745
1	0.01544	0.53437	0.09913	0.01158	0.03139	0.10896	0.01107	0.06115	0.01301	0.01537	0.00964	0.01252	0.00864	0.00564	0.00432	0.00140	0.00671	0.03952	0.00280	0.00732
2	0.00995	0.00797	0.02590	0.00979	0.04802	0.00754	0.00730	0.09144	0.01428	0.03907	0.13729	0.19554	0.24308	0.01289	0.00708	0.00202	0.03127	0.09857	0.00517	0.00584
3	0.01442	0.31970	0.37750	0.01308	0.01941	0.05439	0.01494	0.05713	0.01290	0.05435	0.00996	0.01117	0.00764	0.00532	0.00471	0.00154	0.00725	0.00382	0.00282	0.00795
4	0.01551	0.00967	0.01271	0.02710	0.02831	0.02601	0.04936	0.12843	0.03362	0.23094	0.02300	0.30050	0.03898	0.01088	0.00675	0.00197	0.03419	0.00944	0.00540	0.00724
5	0.00728	0.00549	0.00661	0.00737	0.00818	0.00516	0.00503	0.00902	0.04819	0.01473	0.03559	0.52056	0.20562	0.08280	0.00880	0.00244	0.00341	0.01389	0.00510	0.00473
6	0.01326	0.01289	0.02207	0.10618	0.48436	0.01317	0.11949	0.01807	0.08948	0.01835	0.01352	0.01634	0.03577	0.00563	0.00578	0.00176	0.00680	0.00562	0.00315	0.00831
7	0.03844	0.01550	0.01621	0.01260	0.01696	0.05109	0.01034	0.61626	0.04225	0.10207	0.01421	0.01397	0.00998	0.00672	0.00557	0.00169	0.00616	0.00505	0.00559	0.00935
8	0.01327	0.43892	0.38063	0.01266	0.01913	0.01792	0.01490	0.01731	0.01165	0.01540	0.00890	0.01038	0.00718	0.00507	0.00443	0.00148	0.00710	0.00355	0.00239	0.00774
9	0.00751	0.00567	0.00694	0.00677	0.00817	0.00509	0.00502	0.00969	0.01465	0.01987	0.50933	0.10942	0.24573	0.01277	0.00669	0.00185	0.00276	0.01113	0.00585	0.00509
10	0.02400	0.00985	0.01304	0.01013	0.01434	0.00887	0.00832	0.05500	0.05801	0.68051	0.04190	0.01966	0.01500	0.00712	0.00569	0.00175	0.00477	0.00580	0.00682	0.00942
11	0.01994	0.01630	0.05867	0.01290	0.01737	0.03727	0.01097	0.61463	0.08327	0.03241	0.01403	0.01443	0.01021	0.02375	0.00610	0.00179	0.00626	0.00515	0.00533	0.00923
12	0.00816	0.00551	0.00639	0.00635	0.00651	0.00552	0.00374	0.00848	0.00888	0.01200	0.08083	0.03660	0.02293	0.70067	0.06096	0.00531	0.00566	0.00825	0.00363	0.00364
13	0.02366	0.00946	0.01272	0.00986	0.01396	0.00833	0.00810	0.05019	0.01644	0.68294	0.08476	0.02090	0.01710	0.00734	0.00574	0.00174	0.00466	0.00602	0.00686	0.00922
14	0.02162	0.01540	0.01666	0.01278	0.01727	0.01691	0.01055	0.70581	0.02585	0.07887	0.01402	0.01384	0.00983	0.00677	0.00563	0.00169	0.00611	0.00510	0.00571	0.00957
15	0.02029	0.01549	0.01807	0.01475	0.06008	0.01694	0.05445	0.64433	0.04522	0.03315	0.01348	0.01384	0.00968	0.00656	0.00569	0.00171	0.00637	0.00519	0.00531	0.00940
16	0.00682	0.00505	0.00637	0.00742	0.00805	0.00461	0.00504	0.00788	0.01117	0.01453	0.03603	0.65488	0.17765	0.01698	0.00708	0.00221	0.00318	0.01520	0.00522	0.00461
17	0.84197	0.01088	0.00827	0.00740	0.01088	0.01262	0.00609	0.01654	0.00958	0.02525	0.00784	0.00914	0.00609	0.00522	0.00348	0.00174	0.00435	0.00305	0.00348	0.00609
18	0.00711	0.00501	0.00645	0.00751	0.00777	0.00474	0.00487	0.00790	0.01027	0.01370	0.02845	0.65151	0.03399	0.16909	0.01133	0.00290	0.00369	0.01449	0.00487	0.00435
19	0.06502	0.01104	0.01273	0.01026	0.01390	0.01122	0.00827	0.26227	0.06208	0.25641	0.07639	0.07967	0.01687	0.00788	0.00559	0.00172	0.00481	0.00639	0.03785	0.04963
20	0.04592	0.01338	0.01447	0.01151	0.01560	0.01435	0.00932	0.41610	0.17607	0.06170	0.01588	0.04530	0.01215	0.00698	0.00545	0.00165	0.00532	0.00549	0.00532	0.11804
21	0.14539	0.03030	0.01486	0.01193	0.04131	0.01439	0.00945	0.41527	0.01998	0.12304	0.02657	0.02993	0.01072	0.00664	0.00545	0.00166	0.02001	0.00498	0.00509	0.06301

[dist]
# distance from previous block
# <min> <max>
5	14

[block]
# block no. 1 follows, 42 sequences, length 18
# corresponding to MSA columns:
# 135-152
name=unknown_B
#
# <colnr> <probs for GDERKNQSTAVLIFYWHMCP>
#	G	D	E	R	K	N	Q	S	T	A	V	L	I	F	Y	W	H	M	C	P
0	0.01895	0.30394	0.02097	0.01247	0.01635	0.37054	0.01040	0.15155	0.01623	0.01750	0.00925	0.01035	0.00766	0.00562	0.00465	0.00140	0.00795	0.00366	0.00322	0.00732
1	0.01484	0.66253	0.02829	0.01413	0.15038	0.02066	0.01101	0.01693	0.01168	0.01417	0.00832	0.00991	0.00753	0.00485	0.00397	0.00129	0.00614	0.00337	0.00248	0.00753
2	0.01693	0.15574	0.01665	0.01092	0.01471	0.01514	0.00914	0.33357	0.13720	0.06747	0.14606	0.01920	0.01822	0.00739	0.00546	0.00165	0.00519	0.00583	0.00524	0.00829
3	0.01437	0.66537	0.16378	0.01079	0.01623	0.02061	0.01165	0.01703	0.01152	0.01407	0.00823	0.00954	0.00721	0.00491	0.00392	0.00131	0.00643	0.00322	0.00240	0.00742
4	0.00794	0.00536	0.00621	0.00644	0.00650	0.00530	0.00374	0.00812	0.00865	0.01154	0.02013	0.17440	0.02349	0.66052	0.02477	0.00488	0.00506	0.00960	0.00374	0.00362
5	0.01122	0.01061	0.01796	0.65249	0.17030	0.01266	0.01593	0.01490	0.01153	0.01510	0.01011	0.01481	0.00776	0.00552	0.00562	0.00184	0.00735	0.00500	0.00255	0.00673
6	0.01338	0.01299	0.02079	0.19145	0.54928	0.04116	0.01617	0.01670	0.01254	0.01737	0.01036	0.01391	0.00853	0.00513	0.00550	0.00167	0.00686	0.00488	0.00276	0.04858
7	0.01507	0.15562	0.01842	0.09393	0.10237	0.01457	0.02968	0.14943	0.15857	0.04430	0.01321	0.01424	0.01022	0.00576	0.00505	0.00152	0.00570	0.00469	0.00399	0.15366
8	0.44575	0.01372	0.01224	0.03572	0.11692	0.15050	0.00889	0.01795	0.01185	0.06880	0.02582	0.03037	0.00901	0.00582	0.00443	0.00167	0.00577	0.00411	0.00357	0.02706
9	0.01297	0.01105	0.01464	0.08408	0.15974	0.00995	0.00987	0.05478	0.05112	0.03760	0.01126	0.01316	0.00903	0.00484	0.00476	0.00121	0.00509	0.00411	0.00349	0.49726
10	0.00961	0.00805	0.00923	0.00972	0.05612	0.04655	0.00675	0.05267	0.01359	0.01788	0.16318	0.23756	0.18136	0.03001	0.00694	0.00197	0.00407	0.06350	0.00495	0.07630
11	0.03444	0.01341	0.02132	0.02908	0.57519	0.03657	0.06144	0.03053	0.04049	0.01878	0.01255	0.01527	0.03456	0.00542	0.00555	0.00166	0.00657	0.00523	0.00308	0.04887
12	0.01401	0.01230	0.03607	0.03595	0.28012	0.01107	0.04741	0.05481	0.05558	0.06775	0.01197	0.01382	0.00943	0.00506	0.00510	0.00139	0.00565	0.00455	0.00356	0.32439
13	0.01237	0.01265	0.07764	0.05672	0.07500	0.02992	0.10145	0.08193	0.01346	0.01874	0.01577	0.04648	0.03307	0.00783	0.00660	0.00175	0.05490	0.13599	0.00369	0.21404
14	0.02521	0.03520	0.04046	0.04834	0.33775	0.02497	0.01203	0.02877	0.03519	0.01907	0.14736	0.03497	0.01755	0.00751	0.02731	0.00178	0.00573	0.00583	0.00366	0.14131
15	0.03949	0.01292	0.01715	0.06219	0.21311	0.04370	0.05775	0.09313	0.20370	0.06598	0.01575	0.01675	0.03236	0.00634	0.00586	0.00172	0.02626	0.00544	0.00419	0.07622
16	0.01315	0.03499	0.05194	0.05509	0.26403	0.01190	0.06917	0.08998	0.01357	0.01935	0.03066	0.06032	0.01150	0.01760	0.00609	0.00160	0.02934	0.00546	0.00340	0.21087
17	0.01502	0.05110	0.04241	0.04010	0.39414	0.03466	0.04019	0.09539	0.02826	0.05827	0.01145	0.01360	0.00908	0.00524	0.00529	0.00154	0.00633	0.00471	0.00341	0.13981

[dist]
# distance from previous block
# <min> <max>
32	109

[block]
# block no. 2 follows, 42 sequences, length 15
# corresponding to MSA columns:
# 278-292
name=unknown_C
#
# <colnr> <probs for GDERKNQSTAVLIFYWHMCP>
#	G	D	E	R	K	N	Q	S	T	A	V	L	I	F	Y	W	H	M	C	P
0	0.12113	0.02414	0.01226	0.01418	0.18641	0.04932	0.00841	0.01396	0.04938	0.01603	0.01338	0.02142	0.01303	0.26062	0.09404	0.03188	0.00671	0.00572	0.00327	0.05473
1	0.03888	0.01262	0.06412	0.04844	0.34867	0.01155	0.01296	0.08953	0.01476	0.12021	0.11837	0.01818	0.01559	0.00636	0.00558	0.00166	0.00573	0.00562	0.00412	0.05705
2	0.05811	0.01577	0.01311	0.03580	0.06596	0.30892	0.00921	0.04245	0.03305	0.07585	0.20123	0.02213	0.06413	0.00787	0.00586	0.00166	0.02176	0.00614	0.00433	0.00664
3	0.01164	0.02831	0.01266	0.04246	0.05807	0.02923	0.04655	0.11782	0.13259	0.01937	0.02342	0.34651	0.03507	0.01183	0.00644	0.00204	0.00492	0.05961	0.00486	0.00660
4	0.01197	0.01066	0.01139	0.00920	0.01309	0.05372	0.00713	0.01667	0.14938	0.01847	0.01527	0.12412	0.01397	0.00680	0.00493	0.00127	0.00445	0.00569	0.00402	0.51781
5	0.01578	0.12812	0.05115	0.02478	0.43365	0.16967	0.01450	0.01899	0.03554	0.04091	0.01053	0.01277	0.00868	0.00530	0.00519	0.00157	0.00723	0.00448	0.00296	0.00819
6	0.00817	0.00639	0.00943	0.01181	0.11546	0.00638	0.00731	0.00981	0.01101	0.01516	0.06978	0.47504	0.02925	0.02075	0.17265	0.00362	0.00624	0.01196	0.00447	0.00533
7	0.01304	0.01081	0.01240	0.00899	0.01392	0.00890	0.00724	0.11756	0.01375	0.02075	0.01050	0.01193	0.00851	0.00453	0.00437	0.00095	0.00445	0.00358	0.00366	0.72015
8	0.00686	0.00490	0.00653	0.00784	0.00816	0.00457	0.00522	0.00784	0.01077	0.01437	0.03102	0.79855	0.03722	0.01763	0.00718	0.00229	0.00326	0.01600	0.00522	0.00457
9	0.00820	0.00600	0.00786	0.00808	0.00946	0.00566	0.00652	0.01069	0.01452	0.01970	0.42334	0.05100	0.12809	0.01325	0.00704	0.00207	0.00357	0.26402	0.00573	0.00520
10	0.01515	0.01352	0.02184	0.03128	0.65715	0.01367	0.01623	0.10084	0.01448	0.04495	0.01130	0.01405	0.00915	0.00528	0.00558	0.00168	0.00657	0.00504	0.00325	0.00901
11	0.02223	0.01034	0.01319	0.01009	0.01442	0.00934	0.00828	0.12653	0.01698	0.53881	0.05058	0.01836	0.01424	0.00677	0.00550	0.00162	0.00482	0.00547	0.00628	0.11617
12	0.07466	0.01237	0.01366	0.01208	0.05321	0.03368	0.00912	0.36061	0.05279	0.11003	0.06432	0.12737	0.03415	0.00860	0.00578	0.00179	0.00526	0.00702	0.00538	0.00810
13	0.05014	0.01329	0.03258	0.01249	0.01639	0.09674	0.11260	0.16491	0.01671	0.22280	0.07110	0.07720	0.03764	0.00761	0.00579	0.00173	0.00604	0.00651	0.00504	0.04272
14	0.00919	0.00670	0.00815	0.00853	0.00962	0.00666	0.00605	0.12721	0.01343	0.01782	0.02981	0.62577	0.07796	0.01567	0.00690	0.00217	0.00371	0.01398	0.00529	0.00539

[dist]
# distance from previous block
# <min> <max>
0	1

[block]
# block no. 3 follows, 42 sequences, length 18
# corresponding to MSA columns:
# 294-311
name=unknown_D
#
# <colnr> <probs for GDERKNQSTAVLIFYWHMCP>
#	G	D	E	R	K	N	Q	S	T	A	V	L	I	F	Y	W	H	M	C	P
0	0.51135	0.01232	0.01142	0.00939	0.01327	0.01378	0.00774	0.24975	0.01550	0.09257	0.01087	0.01139	0.00787	0.00586	0.00435	0.00172	0.00497	0.00391	0.00446	0.00750
1	0.01145	0.02528	0.07646	0.01289	0.01596	0.00986	0.18099	0.02927	0.04311	0.07090	0.25849	0.13712	0.02762	0.00952	0.00729	0.00192	0.06199	0.00864	0.00465	0.00659
2	0.00978	0.00489	0.00733	0.00733	0.00733	0.00489	0.00489	0.00733	0.00733	0.00978	0.00978	0.01711	0.00978	0.01955	0.02199	0.83627	0.00489	0.00489	0.00244	0.00244
3	0.00853	0.00655	0.00949	0.00927	0.01013	0.00782	0.00720	0.01037	0.00905	0.01326	0.01464	0.02204	0.01384	0.08306	0.63745	0.00795	0.08578	0.00603	0.03250	0.00504
4	0.01376	0.05287	0.27341	0.01164	0.01622	0.08532	0.01197	0.01786	0.03601	0.14512	0.23412	0.03956	0.02275	0.00779	0.00573	0.00173	0.00591	0.00640	0.00448	0.00735
5	0.13445	0.63570	0.07899	0.00976	0.01463	0.02022	0.00991	0.01688	0.01120	0.01530	0.00799	0.00925	0.00705	0.00491	0.00372	0.00132	0.00594	0.00310	0.00256	0.00714
6	0.02089	0.01005	0.04946	0.01044	0.01446	0.00823	0.03764	0.02347	0.01563	0.56355	0.12890	0.02391	0.01987	0.00783	0.00592	0.00179	0.00485	0.03810	0.00639	0.00863
7	0.09253	0.14273	0.15762	0.01186	0.02668	0.01345	0.02817	0.07444	0.13952	0.15867	0.03192	0.03544	0.01319	0.00695	0.00526	0.00175	0.00573	0.04162	0.00444	0.00804
8	0.01364	0.06825	0.58597	0.01571	0.05821	0.01290	0.01820	0.01913	0.01251	0.12660	0.01175	0.01288	0.00820	0.00554	0.00531	0.00174	0.00760	0.00435	0.00306	0.00847
9	0.00963	0.00563	0.00748	0.00803	0.00895	0.00518	0.00557	0.01078	0.01156	0.12392	0.05176	0.61927	0.03340	0.06019	0.00816	0.00237	0.00359	0.01388	0.00540	0.00525
10	0.01081	0.02573	0.66228	0.01474	0.02205	0.01195	0.01855	0.01678	0.01247	0.01851	0.11922	0.01625	0.01378	0.00624	0.00553	0.00178	0.00750	0.00503	0.00293	0.00788
11	0.10157	0.09150	0.16477	0.05015	0.10218	0.01227	0.01215	0.05604	0.02521	0.28591	0.01489	0.01593	0.01063	0.00622	0.00523	0.00172	0.00597	0.02481	0.00446	0.00839
12	0.01505	0.01513	0.02094	0.10278	0.54741	0.12440	0.01583	0.05808	0.01387	0.01828	0.01042	0.01346	0.00857	0.00528	0.00551	0.00166	0.00724	0.00481	0.00293	0.00835
13	0.00826	0.00630	0.00783	0.00714	0.00900	0.00551	0.00537	0.01063	0.01458	0.02048	0.51694	0.08893	0.13602	0.01120	0.00632	0.00168	0.00294	0.00979	0.00559	0.12549
14	0.00905	0.00668	0.00921	0.01134	0.11814	0.00632	0.00694	0.01056	0.01174	0.04915	0.07607	0.33938	0.14581	0.11908	0.00966	0.00252	0.00413	0.05407	0.00477	0.00538
15	0.58514	0.01079	0.01018	0.00941	0.04818	0.01183	0.00720	0.05400	0.01196	0.15256	0.04455	0.01277	0.00984	0.00587	0.00420	0.00174	0.00455	0.00401	0.00427	0.00696
16	0.20020	0.04571	0.16185	0.03747	0.20444	0.05889	0.03586	0.07440	0.01320	0.06208	0.01051	0.01227	0.00803	0.00537	0.00493	0.00165	0.00650	0.00426	0.00333	0.04905
17	0.20895	0.05973	0.20724	0.14942	0.05980	0.01236	0.02873	0.01811	0.01201	0.13977	0.01230	0.01528	0.00930	0.00602	0.00506	0.00178	0.00635	0.03678	0.00355	0.00745

[dist]
# distance from previous block
# <min> <max>
0	9

[block]
# block no. 4 follows, 42 sequences, length 75
# corresponding to MSA columns:
# 321-395
name=unknown_E
#
# <colnr> <probs for GDERKNQSTAVLIFYWHMCP>
#	G	D	E	R	K	N	Q	S	T	A	V	L	I	F	Y	W	H	M	C	P
0	0.02582	0.01097	0.07864	0.11649	0.17257	0.00993	0.01143	0.04958	0.05446	0.04934	0.13456	0.09520	0.06416	0.00930	0.00616	0.00192	0.00535	0.09286	0.00435	0.00691
1	0.23217	0.10484	0.01465	0.04573	0.03611	0.30759	0.00915	0.03664	0.01350	0.06488	0.01360	0.01451	0.07256	0.00633	0.00472	0.00159	0.00691	0.00438	0.00350	0.00666
2	0.00959	0.00791	0.03146	0.03190	0.07075	0.00705	0.00758	0.01272	0.05562	0.04392	0.25710	0.16352	0.12425	0.01136	0.00638	0.00186	0.00391	0.07076	0.00510	0.07726
3	0.04787	0.06711	0.36908	0.03850	0.06425	0.03670	0.12985	0.01823	0.07645	0.01857	0.06957	0.01538	0.01185	0.00589	0.00551	0.00176	0.00736	0.00514	0.00313	0.00778
4	0.01213	0.10587	0.58697	0.01429	0.02157	0.01314	0.01762	0.01759	0.01218	0.04909	0.04462	0.01325	0.00958	0.00557	0.00517	0.00167	0.00744	0.00433	0.00280	0.05511
5	0.08119	0.02857	0.00857	0.00815	0.00917	0.00696	0.00604	0.05131	0.01061	0.01509	0.03634	0.17532	0.03889	0.06216	0.01366	0.32057	0.00461	0.11462	0.00387	0.00429
6	0.01338	0.05973	0.10533	0.02561	0.41431	0.01366	0.11098	0.03834	0.04991	0.01843	0.01250	0.03783	0.01077	0.00612	0.00605	0.00178	0.02692	0.03698	0.00312	0.00824
7	0.22007	0.08867	0.12364	0.16850	0.09934	0.03921	0.01215	0.07840	0.01298	0.03502	0.06336	0.01413	0.01075	0.00589	0.00491	0.00170	0.00619	0.00455	0.00338	0.00717
8	0.00800	0.00659	0.02983	0.00946	0.05801	0.00586	0.00647	0.00968	0.01192	0.01614	0.17546	0.34195	0.09852	0.11346	0.03105	0.00270	0.00421	0.06078	0.00489	0.00503
9	0.00907	0.00614	0.00787	0.00730	0.00871	0.00575	0.00542	0.03043	0.01542	0.05469	0.62895	0.05912	0.04702	0.07926	0.00847	0.00210	0.00310	0.00982	0.00595	0.00543
10	0.03801	0.02356	0.53930	0.01581	0.06422	0.01229	0.03104	0.03397	0.01296	0.15791	0.01239	0.01336	0.00853	0.00564	0.00539	0.00177	0.00744	0.00452	0.00335	0.00853
11	0.03540	0.01408	0.07832	0.14717	0.46245	0.01339	0.04790	0.07952	0.01368	0.01945	0.02852	0.01450	0.00957	0.00543	0.00558	0.00173	0.00686	0.00509	0.00306	0.00829
12	0.01413	0.01374	0.02265	0.03399	0.74632	0.03463	0.01709	0.01742	0.01290	0.01826	0.01053	0.01382	0.00887	0.00504	0.00556	0.00167	0.00678	0.00498	0.00279	0.00885
13	0.01179	0.01092	0.01828	0.46759	0.28551	0.01240	0.01542	0.01534	0.02964	0.01571	0.01050	0.01490	0.00835	0.00626	0.00654	0.04915	0.00700	0.00503	0.00267	0.00701
14	0.01212	0.11480	0.56869	0.01799	0.12291	0.01418	0.03809	0.01764	0.01199	0.01738	0.00994	0.01192	0.00742	0.00523	0.00521	0.00170	0.00787	0.00421	0.00245	0.00825
15	0.00750	0.00719	0.07262	0.00851	0.00974	0.00550	0.00673	0.00928	0.01176	0.01599	0.13656	0.57341	0.04994	0.01553	0.00696	0.00217	0.00369	0.04678	0.00512	0.00503
16	0.46423	0.01055	0.01065	0.00874	0.01263	0.01102	0.00721	0.05336	0.01305	0.33760	0.01409	0.01352	0.00953	0.00602	0.00449	0.00174	0.00462	0.00423	0.00503	0.00770
17	0.05842	0.02808	0.72967	0.01555	0.02359	0.01304	0.01996	0.01775	0.01175	0.01824	0.00997	0.01173	0.00707	0.00534	0.00524	0.00178	0.00809	0.00410	0.00244	0.00819
18	0.01136	0.01234	0.08306	0.56721	0.18733	0.01273	0.01641	0.01527	0.01163	0.01550	0.01013	0.01451	0.00776	0.00548	0.00559	0.00183	0.00740	0.00493	0.00255	0.00698
19	0.00686	0.00490	0.00653	0.00784	0.00816	0.00457	0.00522	0.00784	0.01077	0.01437	0.03102	0.79855	0.03722	0.01763	0.00718	0.00229	0.00326	0.01600	0.00522	0.00457
20	0.00841	0.00601	0.00831	0.00961	0.01061	0.00591	0.00792	0.01052	0.01230	0.01610	0.03016	0.28314	0.03383	0.01617	0.00760	0.00250	0.00461	0.51610	0.00519	0.00500
21	0.10052	0.01072	0.07744	0.03827	0.01470	0.02378	0.04536	0.01876	0.01257	0.32564	0.02694	0.01913	0.01249	0.00989	0.00936	0.19523	0.00550	0.04218	0.00462	0.00690
22	0.01334	0.01502	0.03232	0.02465	0.09278	0.01416	0.68402	0.01796	0.01324	0.01806	0.01132	0.01507	0.00857	0.00477	0.00655	0.00188	0.00925	0.00650	0.00284	0.00770
23	0.00952	0.00632	0.00932	0.00906	0.01033	0.00711	0.00706	0.01150	0.00963	0.07813	0.01575	0.02218	0.01420	0.05605	0.69674	0.00834	0.01398	0.00605	0.00336	0.00538
24	0.05537	0.00972	0.01169	0.00978	0.01307	0.00973	0.00784	0.07794	0.18299	0.32298	0.19054	0.02504	0.02338	0.00828	0.00585	0.00180	0.00432	0.02528	0.00620	0.00818
25	0.02938	0.01447	0.10991	0.14441	0.06635	0.06260	0.12963	0.10049	0.01456	0.11365	0.05449	0.05172	0.01358	0.02071	0.00652	0.00190	0.02148	0.03273	0.00395	0.00747
26	0.01383	0.55390	0.27052	0.01171	0.01766	0.01929	0.01325	0.01717	0.01158	0.01473	0.00856	0.00995	0.00719	0.00499	0.00417	0.00139	0.00676	0.00338	0.00240	0.00758
27	0.00806	0.00594	0.00857	0.00857	0.00942	0.00678	0.00645	0.00975	0.00891	0.01272	0.01550	0.02449	0.01510	0.16498	0.65856	0.00846	0.01352	0.00638	0.00308	0.00476
28	0.02808	0.17849	0.49591	0.01369	0.02016	0.01435	0.01636	0.01701	0.01201	0.03320	0.07117	0.01390	0.01103	0.00600	0.00573	0.00170	0.04620	0.00447	0.00282	0.00773
29	0.03956	0.01198	0.01558	0.01397	0.08011	0.02945	0.08699	0.21100	0.10482	0.15046	0.01944	0.08757	0.04795	0.04751	0.00706	0.00201	0.00571	0.02579	0.00503	0.00799
30	0.05934	0.01300	0.01418	0.01127	0.01506	0.01404	0.00916	0.48582	0.05480	0.07315	0.13162	0.04013	0.01751	0.00771	0.00569	0.00171	0.00526	0.00612	0.00562	0.02881
31	0.01219	0.01130	0.01859	0.52788	0.24694	0.01303	0.01582	0.05685	0.01256	0.01673	0.01037	0.01461	0.00803	0.00551	0.00561	0.00181	0.00719	0.00501	0.00276	0.00721
32	0.47138	0.01159	0.01361	0.17621	0.08931	0.01317	0.05157	0.07910	0.01189	0.02278	0.00924	0.01155	0.00709	0.00539	0.00449	0.00177	0.00569	0.00402	0.00336	0.00678
33	0.14276	0.01331	0.02304	0.06135	0.42126	0.01344	0.20841	0.01723	0.01236	0.01918	0.01034	0.01356	0.00831	0.00500	0.00553	0.00175	0.00710	0.00514	0.00290	0.00800
34	0.05288	0.08349	0.01730	0.01252	0.01656	0.05529	0.01040	0.52406	0.07554	0.02989	0.01286	0.01325	0.00953	0.00673	0.00612	0.00170	0.05329	0.00482	0.00495	0.00882
35	0.68889	0.01134	0.00987	0.06851	0.01375	0.01314	0.00733	0.09548	0.01153	0.02551	0.00862	0.01007	0.00658	0.00542	0.00388	0.00175	0.00480	0.00342	0.00364	0.00648
36	0.05772	0.76460	0.02839	0.00951	0.01426	0.02177	0.00945	0.01684	0.01134	0.01386	0.00782	0.00903	0.00716	0.00484	0.00360	0.00123	0.00593	0.00301	0.00246	0.00716
37	0.00813	0.00634	0.00760	0.00817	0.00965	0.00608	0.00644	0.01111	0.07643	0.01642	0.05373	0.20720	0.29989	0.01474	0.00704	0.00220	0.00382	0.24450	0.00527	0.00522
38	0.01278	0.01212	0.02054	0.22841	0.54085	0.01275	0.01625	0.01619	0.01256	0.01756	0.04789	0.01560	0.01074	0.00550	0.00564	0.00173	0.00670	0.00527	0.00288	0.00805
39	0.00847	0.00587	0.00816	0.00935	0.01024	0.00577	0.00756	0.01015	0.01182	0.01550	0.02844	0.27889	0.03189	0.01651	0.00882	0.07411	0.00458	0.45414	0.00496	0.00476
40	0.00721	0.00517	0.00685	0.00760	0.00824	0.00481	0.00525	0.00872	0.01241	0.01697	0.26391	0.55823	0.04227	0.01568	0.00701	0.00212	0.00307	0.01415	0.00553	0.00481
41	0.01065	0.01334	0.24131	0.01051	0.01424	0.00810	0.01070	0.01426	0.02778	0.09483	0.14388	0.14874	0.13060	0.01089	0.00635	0.00197	0.00506	0.09558	0.00469	0.00653
42	0.01673	0.01151	0.01239	0.01058	0.01389	0.04944	0.00843	0.13816	0.27740	0.19566	0.06546	0.02559	0.10088	0.00855	0.00591	0.00183	0.00484	0.03871	0.00580	0.00822
43	0.01878	0.01208	0.01365	0.01132	0.01511	0.01299	0.00907	0.17177	0.39341	0.24642	0.02083	0.01897	0.01471	0.00726	0.00569	0.00182	0.00490	0.00590	0.00607	0.00924
44	0.01572	0.01203	0.02316	0.08374	0.02358	0.01135	0.39239	0.01931	0.01387	0.22822	0.05298	0.06854	0.01404	0.00661	0.00631	0.00187	0.00726	0.00701	0.00429	0.00772
45	0.01156	0.01096	0.01857	0.57518	0.24497	0.01275	0.01609	0.01520	0.01169	0.01551	0.01017	0.01470	0.00790	0.00545	0.00561	0.00182	0.00727	0.00500	0.00258	0.00701
46	0.02149	0.01561	0.01680	0.01288	0.01738	0.01723	0.01064	0.73071	0.02621	0.05347	0.01372	0.01365	0.00968	0.00676	0.00563	0.00169	0.00616	0.00508	0.00566	0.00957
47	0.84197	0.01088	0.00827	0.00740	0.01088	0.01262	0.00609	0.01654	0.00958	0.02525	0.00784	0.00914	0.00609	0.00522	0.00348	0.00174	0.00435	0.00305	0.00348	0.00609
48	0.01400	0.01209	0.01273	0.01145	0.01463	0.01400	0.00891	0.02990	0.75695	0.02354	0.02291	0.02100	0.01718	0.00764	0.00573	0.00191	0.00445	0.00636	0.00573	0.00891
49	0.06762	0.01142	0.01341	0.01058	0.01451	0.01157	0.00865	0.27073	0.05607	0.35001	0.10839	0.01953	0.01691	0.00738	0.00565	0.00174	0.00497	0.00589	0.00616	0.00883
50	0.02262	0.01049	0.01322	0.01031	0.01442	0.00991	0.00845	0.15831	0.04637	0.54473	0.05471	0.02057	0.04436	0.00744	0.00574	0.00175	0.00486	0.00602	0.00657	0.00917
51	0.01505	0.80561	0.02949	0.00963	0.01444	0.02227	0.00963	0.01685	0.01143	0.01324	0.00782	0.00903	0.00722	0.00481	0.00361	0.00120	0.00602	0.00301	0.00241	0.00722
52	0.01393	0.01337	0.02284	0.03454	0.76712	0.01337	0.01727	0.01727	0.01281	0.01839	0.01059	0.01393	0.00891	0.00501	0.00557	0.00167	0.00669	0.00501	0.00279	0.00891
53	0.00765	0.00574	0.00708	0.00675	0.00821	0.00518	0.00506	0.01001	0.01518	0.02080	0.59421	0.04495	0.22415	0.01217	0.00664	0.00180	0.00270	0.01059	0.00596	0.00518
54	0.02084	0.01424	0.01567	0.01225	0.01650	0.01548	0.01004	0.55409	0.09961	0.13866	0.01613	0.03382	0.01163	0.00714	0.00568	0.00173	0.00574	0.00555	0.00582	0.00938
55	0.02525	0.00958	0.01306	0.01001	0.01437	0.00827	0.00827	0.02743	0.01611	0.77102	0.02220	0.01915	0.01393	0.00697	0.00566	0.00174	0.00479	0.00566	0.00697	0.00958
56	0.00819	0.00554	0.00653	0.00670	0.00687	0.00556	0.00413	0.00854	0.00876	0.01168	0.01932	0.07639	0.02206	0.66526	0.05583	0.00520	0.00571	0.07043	0.00364	0.00368
57	0.01717	0.01528	0.09254	0.01250	0.01680	0.01515	0.01085	0.32801	0.35147	0.05268	0.01765	0.01688	0.01287	0.00701	0.00564	0.00180	0.00559	0.00557	0.00538	0.00915
58	0.00861	0.00558	0.00658	0.00634	0.00766	0.00524	0.00470	0.01102	0.01402	0.02083	0.43250	0.03664	0.11300	0.04388	0.00675	0.00180	0.00278	0.00876	0.25813	0.00515
59	0.00814	0.00565	0.00765	0.00877	0.00963	0.00541	0.00674	0.00982	0.01191	0.03276	0.04884	0.46115	0.05543	0.01635	0.00735	0.00237	0.00401	0.28782	0.00527	0.00494
60	0.00759	0.00567	0.00705	0.00685	0.00821	0.00513	0.00508	0.00984	0.01483	0.02030	0.55063	0.10960	0.20325	0.01262	0.00669	0.00184	0.00275	0.01104	0.00591	0.00513
61	0.43592	0.01664	0.22613	0.01267	0.01791	0.01283	0.13495	0.01761	0.01112	0.05366	0.00968	0.01135	0.00713	0.00525	0.00463	0.00178	0.00634	0.00407	0.00321	0.00711
62	0.01435	0.66117	0.16781	0.01082	0.01629	0.02056	0.01171	0.01703	0.01152	0.01409	0.00825	0.00956	0.00720	0.00491	0.00393	0.00131	0.00645	0.00322	0.00240	0.00743
63	0.02085	0.04909	0.01634	0.01436	0.01731	0.75798	0.01084	0.02231	0.01582	0.01376	0.00867	0.01012	0.00725	0.00577	0.00503	0.00144	0.01003	0.00361	0.00289	0.00654
64	0.01210	0.01011	0.01180	0.00846	0.01344	0.00771	0.00678	0.02881	0.01204	0.03217	0.01029	0.01184	0.00846	0.00427	0.00422	0.00087	0.00422	0.00341	0.00344	0.80557
65	0.00758	0.00611	0.00684	0.00690	0.00866	0.00552	0.00538	0.01005	0.04719	0.01715	0.17899	0.05184	0.49503	0.01365	0.00677	0.00198	0.00323	0.11662	0.00542	0.00510
66	0.02367	0.00918	0.01250	0.00983	0.01383	0.00795	0.00801	0.02574	0.01565	0.70602	0.02296	0.08611	0.01593	0.00788	0.00579	0.00179	0.00466	0.00655	0.00682	0.00915
67	0.02105	0.02613	0.01601	0.01440	0.01740	0.73197	0.01086	0.06786	0.01661	0.01513	0.00900	0.01036	0.00739	0.00586	0.00511	0.00146	0.00990	0.00371	0.00307	0.00671
68	0.00774	0.00567	0.00766	0.02865	0.01018	0.00548	0.00682	0.00942	0.01175	0.01534	0.03212	0.45043	0.09311	0.01629	0.00732	0.00236	0.00404	0.27564	0.00514	0.00485
69	0.01119	0.01058	0.01790	0.65950	0.16354	0.01265	0.01591	0.01487	0.01152	0.01507	0.01010	0.01482	0.00774	0.00552	0.00562	0.00184	0.00736	0.00500	0.00255	0.00671
70	0.02194	0.01355	0.01536	0.01192	0.01626	0.01434	0.00980	0.46567	0.08604	0.25989	0.01698	0.01588	0.01156	0.00690	0.00565	0.00172	0.00561	0.00536	0.00605	0.00952
71	0.00691	0.00497	0.00656	0.00772	0.00816	0.00462	0.00520	0.00800	0.01114	0.01486	0.07353	0.72933	0.06382	0.01716	0.00713	0.00224	0.00322	0.01552	0.00528	0.00462
72	0.01505	0.80561	0.02949	0.00963	0.01444	0.02227	0.00963	0.01685	0.01143	0.01324	0.00782	0.00903	0.00722	0.00481	0.00361	0.00120	0.00602	0.00301	0.00241	0.00722
73	0.07378	0.01092	0.01326	0.01038	0.01446	0.01065	0.00847	0.17937	0.05438	0.49763	0.01930	0.01820	0.01297	0.04191	0.00653	0.00190	0.00507	0.00552	0.00625	0.00905
74	0.00691	0.00494	0.00657	0.00780	0.00817	0.00460	0.00523	0.00796	0.01100	0.01473	0.06334	0.76520	0.03792	0.01736	0.00716	0.00226	0.00324	0.01574	0.00527	0.00460

[dist]
# distance from previous block
# <min> <max>
0	1

[block]
# block no. 5 follows, 42 sequences, length 25
# corresponding to MSA columns:
# 397-421
name=unknown_F
#
# <colnr> <probs for GDERKNQSTAVLIFYWHMCP>
#	G	D	E	R	K	N	Q	S	T	A	V	L	I	F	Y	W	H	M	C	P
0	0.00692	0.00509	0.00649	0.00745	0.00810	0.00466	0.00509	0.00812	0.01154	0.01522	0.09969	0.61920	0.14863	0.01658	0.00705	0.00218	0.00315	0.01486	0.00531	0.00466
1	0.63535	0.01109	0.00981	0.00843	0.01189	0.01259	0.00693	0.05226	0.03349	0.08521	0.00978	0.01079	0.00739	0.00571	0.00465	0.00175	0.04628	0.00357	0.00387	0.03917
2	0.00897	0.00641	0.00895	0.01025	0.01150	0.00639	0.00889	0.01148	0.01286	0.01673	0.02985	0.09711	0.03261	0.01564	0.00775	0.00258	0.00509	0.69661	0.00518	0.00515
3	0.00796	0.00575	0.00752	0.00708	0.00841	0.00531	0.00531	0.01062	0.01593	0.02257	0.76415	0.04204	0.05310	0.01150	0.00664	0.00177	0.00265	0.01018	0.00619	0.00531
4	0.01485	0.01167	0.01254	0.01110	0.01436	0.01315	0.00869	0.04578	0.64016	0.09008	0.02415	0.02214	0.05026	0.00785	0.00576	0.00189	0.00445	0.00652	0.00581	0.00880
5	0.02139	0.01495	0.01628	0.01257	0.01699	0.01635	0.01036	0.63778	0.06420	0.10874	0.01488	0.01448	0.01041	0.00682	0.00564	0.00171	0.00596	0.00520	0.00577	0.00954
6	0.01374	0.01318	0.02250	0.07774	0.72540	0.01332	0.01718	0.01711	0.01272	0.01816	0.01055	0.01399	0.00883	0.00505	0.00557	0.00168	0.00673	0.00501	0.00277	0.00876
7	0.05128	0.00614	0.00775	0.00720	0.00874	0.00579	0.00545	0.01149	0.01561	0.04805	0.70027	0.03958	0.04936	0.01103	0.00644	0.00177	0.00281	0.00966	0.00608	0.00549
8	0.84197	0.01088	0.00827	0.00740	0.01088	0.01262	0.00609	0.01654	0.00958	0.02525	0.00784	0.00914	0.00609	0.00522	0.00348	0.00174	0.00435	0.00305	0.00348	0.00609
9	0.01393	0.01337	0.02284	0.03454	0.76712	0.01337	0.01727	0.01727	0.01281	0.01839	0.01059	0.01393	0.00891	0.00501	0.00557	0.00167	0.00669	0.00501	0.00279	0.00891
10	0.01063	0.01000	0.01688	0.78870	0.03876	0.01250	0.01563	0.01438	0.01125	0.01438	0.01000	0.01500	0.00750	0.00563	0.00563	0.00188	0.00750	0.00500	0.00250	0.00625
11	0.01007	0.00888	0.01239	0.01123	0.01159	0.01156	0.00889	0.01137	0.00870	0.01292	0.01192	0.02005	0.01203	0.15854	0.29206	0.00533	0.37849	0.00588	0.00282	0.00528
12	0.05629	0.00963	0.01288	0.00991	0.01423	0.00844	0.00819	0.02701	0.01586	0.74267	0.02166	0.01877	0.01363	0.00690	0.00558	0.00174	0.00477	0.00556	0.00683	0.00944
13	0.00854	0.00545	0.00665	0.00700	0.00735	0.00525	0.00437	0.00903	0.00960	0.05121	0.02317	0.33439	0.02669	0.45405	0.01906	0.00402	0.00456	0.01112	0.00430	0.00418
14	0.01565	0.01223	0.01390	0.03702	0.09322	0.04279	0.00981	0.05890	0.45621	0.12420	0.02191	0.02077	0.05316	0.00744	0.00572	0.00183	0.00504	0.00620	0.00535	0.00864
15	0.79842	0.01114	0.00873	0.00770	0.01123	0.01288	0.00634	0.05539	0.01047	0.02579	0.00814	0.00937	0.00628	0.00531	0.00360	0.00174	0.00445	0.00315	0.00360	0.00628
16	0.00788	0.00536	0.00619	0.00645	0.00674	0.00521	0.00392	0.00836	0.00940	0.01263	0.04237	0.19668	0.07785	0.53059	0.02106	0.00428	0.00463	0.01002	0.03652	0.00387
17	0.01272	0.25045	0.45865	0.01667	0.12095	0.01576	0.01711	0.01747	0.01188	0.01658	0.00951	0.01133	0.00739	0.00515	0.00488	0.00160	0.00744	0.00394	0.00244	0.00808
18	0.02447	0.00941	0.01281	0.00988	0.01410	0.00814	0.00814	0.02667	0.01610	0.73742	0.05550	0.02018	0.01569	0.00717	0.00570	0.00174	0.00469	0.00586	0.00693	0.00939
19	0.00685	0.00492	0.00650	0.00776	0.00814	0.00458	0.00519	0.00784	0.01084	0.01439	0.03189	0.77350	0.06171	0.01752	0.00717	0.00227	0.00325	0.01586	0.00522	0.00458
20	0.01437	0.01321	0.02151	0.12654	0.52138	0.01370	0.05239	0.11470	0.01447	0.02011	0.01135	0.01512	0.00930	0.00553	0.00569	0.00173	0.00683	0.02036	0.00318	0.00852
21	0.01129	0.02911	0.77306	0.01604	0.02436	0.01307	0.02079	0.01782	0.01188	0.01782	0.01010	0.01188	0.00713	0.00535	0.00535	0.00178	0.00832	0.00416	0.00238	0.00832
22	0.00694	0.00509	0.00655	0.00768	0.00827	0.00469	0.00530	0.00807	0.01116	0.01461	0.03443	0.66059	0.13438	0.01707	0.00714	0.00225	0.00331	0.05261	0.00522	0.00463
23	0.00801	0.00538	0.00619	0.00637	0.00641	0.00534	0.00365	0.00814	0.00853	0.01137	0.01951	0.13881	0.02270	0.69718	0.02577	0.00503	0.00516	0.00923	0.00365	0.00357
24	0.00743	0.00691	0.04853	0.00742	0.00907	0.00553	0.00583	0.00965	0.03525	0.01664	0.17154	0.30454	0.32262	0.01423	0.00673	0.00200	0.00331	0.01240	0.00526	0.00511

[dist]
# distance from previous block
# <min> <max>
0	1

[block]
# block no. 6 follows, 42 sequences, length 177
# corresponding to MSA columns:
# 423-599
name=unknown_G
#
# <colnr> <probs for GDERKNQSTAVLIFYWHMCP>
#	G	D	E	R	K	N	Q	S	T	A	V	L	I	F	Y	W	H	M	C	P
0	0.01693	0.01344	0.01713	0.31372	0.05640	0.01537	0.01287	0.43467	0.02002	0.02662	0.01204	0.01411	0.00874	0.00625	0.00563	0.00176	0.00672	0.00504	0.00430	0.00826
1	0.00688	0.00492	0.00655	0.00782	0.00817	0.00459	0.00523	0.00790	0.01089	0.01455	0.04766	0.78138	0.03758	0.01749	0.00717	0.00227	0.00325	0.01587	0.00525	0.00459
2	0.00686	0.00490	0.00653	0.00784	0.00816	0.00457	0.00522	0.00784	0.01077	0.01437	0.03102	0.79855	0.03722	0.01763	0.00718	0.00229	0.00326	0.01600	0.00522	0.00457
3	0.01167	0.01000	0.01167	0.00834	0.01334	0.00750	0.00667	0.01417	0.01167	0.01834	0.01000	0.01167	0.00834	0.00417	0.00417	0.00083	0.00417	0.00333	0.00333	0.83663
4	0.01511	0.73730	0.06378	0.01013	0.01503	0.05288	0.01020	0.01713	0.01164	0.01348	0.00797	0.00921	0.00722	0.00488	0.00375	0.00124	0.00630	0.00309	0.00243	0.00724
5	0.01063	0.01000	0.01688	0.78870	0.03876	0.01250	0.01563	0.01438	0.01125	0.01438	0.01000	0.01500	0.00750	0.00563	0.00563	0.00188	0.00750	0.00500	0.00250	0.00625
6	0.01379	0.01323	0.02260	0.06545	0.73726	0.01334	0.01720	0.01715	0.01275	0.01822	0.01056	0.01397	0.00886	0.00504	0.00557	0.00168	0.00672	0.00501	0.00277	0.00881
7	0.00686	0.00490	0.00653	0.00784	0.00816	0.00457	0.00522	0.00784	0.01077	0.01437	0.03102	0.79855	0.03722	0.01763	0.00718	0.00229	0.00326	0.01600	0.00522	0.00457
8	0.01385	0.01329	0.02269	0.05323	0.74907	0.01335	0.01723	0.01720	0.01278	0.01829	0.01057	0.01395	0.00888	0.00503	0.00557	0.00168	0.00671	0.00501	0.00278	0.00885
9	0.01553	0.01270	0.01311	0.01127	0.01447	0.05066	0.00892	0.23840	0.36578	0.02519	0.01918	0.01916	0.03173	0.01083	0.08289	0.00250	0.00615	0.00587	0.05739	0.00827
10	0.00699	0.00504	0.00669	0.02248	0.00862	0.00477	0.00531	0.00798	0.01069	0.01420	0.03045	0.72904	0.05043	0.05823	0.00826	0.00244	0.00345	0.01530	0.00508	0.00455
11	0.00815	0.00680	0.00688	0.00723	0.00814	0.05796	0.00489	0.00911	0.01128	0.01404	0.06460	0.30911	0.23884	0.21276	0.01226	0.00289	0.00414	0.01177	0.00465	0.00450
12	0.01328	0.01518	0.03321	0.02372	0.02941	0.01423	0.74668	0.01803	0.01328	0.01803	0.01139	0.01518	0.00854	0.00474	0.00664	0.00190	0.00949	0.00664	0.00285	0.00759
13	0.01126	0.01113	0.01969	0.57574	0.03459	0.01331	0.13920	0.01491	0.01131	0.01491	0.00996	0.01474	0.00767	0.00593	0.00718	0.00194	0.09225	0.00527	0.00256	0.00647
14	0.01171	0.01012	0.01214	0.00867	0.01369	0.00765	0.02292	0.01425	0.01171	0.01833	0.01003	0.01175	0.00834	0.00418	0.00422	0.00086	0.00428	0.00341	0.00332	0.81841
15	0.00701	0.00509	0.00662	0.00755	0.00816	0.00470	0.00516	0.00829	0.01174	0.01572	0.14829	0.62174	0.09629	0.01641	0.00706	0.00217	0.00314	0.01476	0.00538	0.00470
16	0.01827	0.29757	0.02113	0.01363	0.05101	0.39544	0.01078	0.06961	0.01464	0.01528	0.00876	0.01025	0.00748	0.00565	0.00517	0.00143	0.04031	0.00363	0.00289	0.00707
17	0.01320	0.03698	0.04552	0.02696	0.01460	0.09058	0.02900	0.13490	0.01407	0.01848	0.08322	0.02317	0.14849	0.03417	0.01062	0.00207	0.25699	0.00658	0.00388	0.00651
18	0.00684	0.00509	0.00637	0.00735	0.00805	0.00463	0.00502	0.00795	0.01134	0.01474	0.05372	0.61819	0.19672	0.01675	0.00705	0.00219	0.00316	0.01496	0.00525	0.00463
19	0.01283	0.01011	0.01189	0.00856	0.01351	0.00779	0.00687	0.03270	0.01233	0.07030	0.01092	0.01223	0.00875	0.00442	0.00430	0.00092	0.00426	0.00353	0.00364	0.76013
20	0.01294	0.15186	0.58275	0.01465	0.02204	0.01472	0.01799	0.06795	0.01292	0.03775	0.01028	0.01172	0.00749	0.00540	0.00510	0.00168	0.00771	0.00408	0.00272	0.00826
21	0.01665	0.01526	0.01410	0.01226	0.01566	0.14097	0.00959	0.17414	0.48684	0.02434	0.01866	0.01769	0.01400	0.00715	0.00560	0.00179	0.00575	0.00565	0.00524	0.00865
22	0.01383	0.01327	0.02267	0.05641	0.74600	0.01335	0.01722	0.01719	0.01277	0.01827	0.01057	0.01396	0.00887	0.00503	0.00557	0.00168	0.00671	0.00501	0.00278	0.00884
23	0.01479	0.75243	0.08042	0.01007	0.01512	0.02164	0.01039	0.01692	0.01147	0.01355	0.00798	0.00922	0.00722	0.00485	0.00373	0.00124	0.00618	0.00309	0.00241	0.00730
24	0.84197	0.01088	0.00827	0.00740	0.01088	0.01262	0.00609	0.01654	0.00958	0.02525	0.00784	0.00914	0.00609	0.00522	0.00348	0.00174	0.00435	0.00305	0.00348	0.00609
25	0.01029	0.00835	0.01041	0.00981	0.01115	0.04773	0.00762	0.08639	0.01110	0.01528	0.01439	0.02111	0.01336	0.08537	0.57418	0.00734	0.05143	0.00590	0.00328	0.00552
26	0.02072	0.01543	0.01651	0.01281	0.01720	0.01714	0.01053	0.68337	0.09254	0.03439	0.01436	0.01419	0.01026	0.00684	0.00564	0.00171	0.00604	0.00518	0.00564	0.00951
27	0.00686	0.00490	0.00653	0.00784	0.00816	0.00457	0.00522	0.00784	0.01077	0.01437	0.03102	0.79855	0.03722	0.01763	0.00718	0.00229	0.00326	0.01600	0.00522	0.00457
28	0.00686	0.00490	0.00653	0.00784	0.00816	0.00457	0.00522	0.00784	0.01077	0.01437	0.03102	0.79855	0.03722	0.01763	0.00718	0.00229	0.00326	0.01600	0.00522	0.00457
29	0.00686	0.00490	0.00653	0.00784	0.00816	0.00457	0.00522	0.00784	0.01077	0.01437	0.03102	0.79855	0.03722	0.01763	0.00718	0.00229	0.00326	0.01600	0.00522	0.00457
30	0.00807	0.00545	0.00637	0.00647	0.00657	0.00549	0.00380	0.00828	0.00845	0.01133	0.01860	0.09610	0.02135	0.68808	0.07840	0.00545	0.00594	0.00865	0.00353	0.00361
31	0.00978	0.00489	0.00733	0.00733	0.00733	0.00489	0.00489	0.00733	0.00733	0.00978	0.00978	0.01711	0.00978	0.01955	0.02199	0.83627	0.00489	0.00489	0.00244	0.00244
32	0.00861	0.00684	0.01005	0.00972	0.01057	0.00834	0.00764	0.01046	0.00897	0.01307	0.01413	0.02120	0.01336	0.05771	0.66011	0.00808	0.11713	0.00594	0.00295	0.00513
33	0.00959	0.00497	0.00726	0.00726	0.00728	0.00499	0.00480	0.00747	0.00745	0.00995	0.01064	0.01908	0.01088	0.09401	0.03930	0.73956	0.00517	0.00522	0.00255	0.00259
34	0.01129	0.02911	0.77306	0.01604	0.02436	0.01307	0.02079	0.01782	0.01188	0.01782	0.01010	0.01188	0.00713	0.00535	0.00535	0.00178	0.00832	0.00416	0.00238	0.00832
35	0.01290	0.36210	0.45419	0.01329	0.02011	0.01701	0.01601	0.01741	0.01169	0.01586	0.00912	0.01066	0.00717	0.00512	0.00460	0.00153	0.00733	0.00367	0.00239	0.00785
36	0.01118	0.00630	0.00596	0.00579	0.00725	0.03193	0.00437	0.03557	0.01238	0.02117	0.01788	0.02039	0.01403	0.00654	0.00402	0.00133	0.00299	0.00518	0.78031	0.00542
37	0.00693	0.00496	0.00660	0.00778	0.00818	0.00462	0.00523	0.00803	0.01113	0.01493	0.08123	0.74674	0.03831	0.01721	0.00715	0.00225	0.00322	0.01560	0.00529	0.00462
38	0.01393	0.01337	0.02284	0.03454	0.76712	0.01337	0.01727	0.01727	0.01281	0.01839	0.01059	0.01393	0.00891	0.00501	0.00557	0.00167	0.00669	0.00501	0.00279	0.00891
39	0.01335	0.01467	0.03067	0.07636	0.07767	0.01420	0.61526	0.03776	0.01339	0.01820	0.01122	0.01499	0.00850	0.00497	0.00669	0.00189	0.02337	0.00635	0.00289	0.00761
40	0.01063	0.01000	0.01688	0.78870	0.03876	0.01250	0.01563	0.01438	0.01125	0.01438	0.01000	0.01500	0.00750	0.00563	0.00563	0.00188	0.00750	0.00500	0.00250	0.00625
41	0.00804	0.00601	0.00895	0.00895	0.00993	0.00698	0.00692	0.00999	0.00902	0.01300	0.01516	0.02257	0.01427	0.06605	0.75635	0.00893	0.01477	0.00610	0.00303	0.00497
42	0.01129	0.02911	0.77306	0.01604	0.02436	0.01307	0.02079	0.01782	0.01188	0.01782	0.01010	0.01188	0.00713	0.00535	0.00535	0.00178	0.00832	0.00416	0.00238	0.00832
43	0.01121	0.01069	0.01833	0.64927	0.14799	0.01269	0.04072	0.01494	0.01156	0.01511	0.01014	0.01485	0.00775	0.00550	0.00565	0.00185	0.00745	0.00506	0.00256	0.00670
44	0.00817	0.00551	0.00644	0.00644	0.00654	0.00562	0.00378	0.00838	0.00827	0.01113	0.01746	0.03532	0.01980	0.72430	0.10567	0.00582	0.00644	0.00796	0.00337	0.00358
45	0.00777	0.00574	0.00725	0.00688	0.00829	0.00523	0.00516	0.01024	0.01547	0.02148	0.65942	0.04383	0.15851	0.01191	0.00664	0.00179	0.00268	0.01043	0.00605	0.00523
46	0.08426	0.00812	0.00833	0.00784	0.00983	0.03672	0.00592	0.04489	0.07338	0.06235	0.11567	0.07847	0.26126	0.12271	0.00932	0.00240	0.00416	0.05370	0.00499	0.00566
47	0.02485	0.01021	0.01345	0.01031	0.01468	0.00921	0.00852	0.10151	0.01717	0.69543	0.02131	0.01857	0.01348	0.00694	0.00566	0.00174	0.00493	0.00560	0.00683	0.00958
48	0.00688	0.00492	0.00655	0.00782	0.00817	0.00459	0.00523	0.00790	0.01089	0.01454	0.04683	0.78223	0.03756	0.01750	0.00717	0.00227	0.00325	0.01587	0.00524	0.00459
49	0.01164	0.10300	0.70231	0.01543	0.02341	0.01394	0.01973	0.01773	0.01184	0.01739	0.00988	0.01161	0.00714	0.00530	0.00518	0.00173	0.00810	0.00405	0.00238	0.00821
50	0.01181	0.15355	0.63548	0.01480	0.02239	0.01437	0.01863	0.01750	0.01190	0.01720	0.02737	0.01213	0.00822	0.00541	0.00510	0.00169	0.00781	0.00411	0.00247	0.00807
51	0.02480	0.01030	0.01351	0.01036	0.01473	0.00935	0.00856	0.11189	0.01732	0.68484	0.02118	0.01849	0.01342	0.00694	0.00566	0.00174	0.00495	0.00559	0.00681	0.00958
52	0.01680	0.01246	0.01371	0.01129	0.01460	0.01357	0.00900	0.48557	0.07249	0.02940	0.09477	0.16279	0.01971	0.00933	0.00603	0.00182	0.00517	0.00771	0.00562	0.00816
53	0.01203	0.01136	0.01922	0.42086	0.36210	0.01264	0.01609	0.01556	0.01202	0.01626	0.01107	0.01651	0.00915	0.00576	0.00569	0.00181	0.00704	0.03469	0.00274	0.00739
54	0.01505	0.80561	0.02949	0.00963	0.01444	0.02227	0.00963	0.01685	0.01143	0.01324	0.00782	0.00903	0.00722	0.00481	0.00361	0.00120	0.00602	0.00301	0.00241	0.00722
55	0.00943	0.02761	0.00959	0.00972	0.01128	0.00731	0.00824	0.01322	0.08124	0.01862	0.19063	0.05347	0.03492	0.01366	0.00723	0.00231	0.00458	0.48594	0.00538	0.00560
56	0.00686	0.00490	0.00653	0.00784	0.00816	0.00457	0.00522	0.00784	0.01077	0.01437	0.03102	0.79855	0.03722	0.01763	0.00718	0.00229	0.00326	0.01600	0.00522	0.00457
57	0.01353	0.07242	0.01379	0.03047	0.01458	0.00982	0.00763	0.08835	0.01333	0.05607	0.01078	0.01210	0.00862	0.00465	0.00438	0.00102	0.00464	0.00364	0.00364	0.62654
58	0.01453	0.01476	0.12419	0.01052	0.01411	0.14133	0.00935	0.10414	0.03362	0.11838	0.08189	0.02693	0.19103	0.06298	0.00736	0.00197	0.00580	0.00696	0.00460	0.02554
59	0.00686	0.00490	0.00653	0.00784	0.00816	0.00457	0.00522	0.00784	0.01077	0.01437	0.03102	0.79855	0.03722	0.01763	0.00718	0.00229	0.00326	0.01600	0.00522	0.00457
60	0.01393	0.01337	0.02284	0.03454	0.76712	0.01337	0.01727	0.01727	0.01281	0.01839	0.01059	0.01393	0.00891	0.00501	0.00557	0.00167	0.00669	0.00501	0.00279	0.00891
