[name]
unknown

[dist]
# distance from previous block
# <min> <max>
31	113

[block]
# block no. 0 follows, 45 sequences, length 142
# corresponding to MSA columns:
# 141-206,214-289
name=unknown_A
#
# <colnr> <probs for GDERKNQSTAVLIFYWHMCP>
#	G	D	E	R	K	N	Q	S	T	A	V	L	I	F	Y	W	H	M	C	P
0	0.17106	0.01055	0.01190	0.23546	0.01896	0.07563	0.02232	0.09923	0.02678	0.03553	0.01707	0.16935	0.06858	0.00830	0.00531	0.00179	0.00547	0.00689	0.00379	0.00605
1	0.01400	0.01077	0.01465	0.34677	0.06621	0.03766	0.01162	0.16117	0.02851	0.11067	0.03026	0.09862	0.01244	0.00716	0.00582	0.00177	0.02496	0.00605	0.00392	0.00697
2	0.02732	0.00974	0.02681	0.11422	0.06873	0.01027	0.00902	0.09475	0.21103	0.05241	0.11657	0.07685	0.04325	0.06933	0.00737	0.00206	0.00480	0.04407	0.00462	0.00678
3	0.00737	0.00555	0.00647	0.00619	0.00778	0.00488	0.00466	0.00934	0.01379	0.03532	0.41563	0.04510	0.39430	0.01212	0.00632	0.00175	0.00267	0.01038	0.00549	0.00490
4	0.01081	0.00963	0.01546	0.40148	0.18918	0.01076	0.02521	0.01471	0.05604	0.03366	0.13194	0.02002	0.04547	0.00657	0.00557	0.00173	0.00589	0.00592	0.00338	0.00655
5	0.01122	0.00596	0.00613	0.00574	0.00732	0.00607	0.00440	0.07713	0.01255	0.03836	0.01720	0.01936	0.01335	0.00628	0.00393	0.00129	0.00284	0.00500	0.75043	0.00545
6	0.00865	0.00618	0.00865	0.00989	0.01112	0.00618	0.00865	0.01112	0.01236	0.01606	0.02842	0.06055	0.03089	0.01483	0.00741	0.00247	0.00494	0.74174	0.00494	0.00494
7	0.02408	0.00914	0.01246	0.00955	0.01370	0.00789	0.00789	0.02616	0.01536	0.78158	0.02118	0.01827	0.01329	0.00664	0.00540	0.00166	0.00457	0.00540	0.00664	0.00914
8	0.01731	0.02081	0.01649	0.09816	0.14611	0.52498	0.01196	0.01921	0.01376	0.01392	0.00864	0.01091	0.00721	0.00566	0.00587	0.00153	0.06434	0.00390	0.00268	0.00655
9	0.01137	0.01478	0.21646	0.01084	0.01647	0.00918	0.05261	0.03477	0.01165	0.01779	0.00973	0.01142	0.00769	0.00437	0.00444	0.00111	0.00536	0.00361	0.00297	0.55336
10	0.01023	0.00964	0.01627	0.77503	0.05964	0.01195	0.01496	0.01380	0.01078	0.01383	0.00956	0.01428	0.00720	0.00535	0.00537	0.00178	0.00713	0.00477	0.00239	0.00604
11	0.01014	0.00954	0.01610	0.79845	0.03697	0.01193	0.01491	0.01371	0.01073	0.01371	0.00954	0.01431	0.00716	0.00537	0.00537	0.00179	0.00716	0.00477	0.00239	0.00596
12	0.00749	0.00548	0.00703	0.00664	0.00795	0.00502	0.00498	0.00992	0.01494	0.02092	0.71303	0.04109	0.11303	0.01120	0.00633	0.00170	0.00255	0.00985	0.00583	0.00502
13	0.01341	0.01214	0.02085	0.14534	0.58993	0.01239	0.04897	0.01665	0.01220	0.06078	0.01068	0.01378	0.00856	0.00497	0.00537	0.00164	0.00651	0.00489	0.00285	0.00810
14	0.00865	0.00618	0.00865	0.00989	0.01112	0.00618	0.00865	0.01112	0.01236	0.01606	0.02842	0.06055	0.03089	0.01483	0.00741	0.00247	0.00494	0.74174	0.00494	0.00494
15	0.00760	0.00549	0.00718	0.00675	0.00802	0.00506	0.00506	0.01013	0.01519	0.02153	0.77503	0.04010	0.05065	0.01097	0.00633	0.00169	0.00253	0.00971	0.00591	0.00506
16	0.02283	0.01024	0.01425	0.01081	0.01507	0.00937	0.06075	0.11596	0.01639	0.63588	0.01943	0.01734	0.01241	0.00647	0.00546	0.00167	0.00505	0.00539	0.00621	0.00900
17	0.01319	0.01302	0.02333	0.03134	0.66082	0.01288	0.13228	0.01659	0.01229	0.01748	0.01022	0.01347	0.00845	0.00474	0.00547	0.00163	0.00679	0.00503	0.00267	0.00831
18	0.01267	0.01448	0.03167	0.02262	0.02805	0.01357	0.75837	0.01719	0.01267	0.01719	0.01086	0.01448	0.00814	0.00452	0.00633	0.00181	0.00905	0.00633	0.00271	0.00724
19	0.00634	0.00544	0.00544	0.00544	0.00725	0.00453	0.00408	0.00770	0.01224	0.01450	0.05438	0.05166	0.77569	0.01359	0.00634	0.00181	0.00272	0.01133	0.00498	0.00453
20	0.01149	0.01177	0.02246	0.27947	0.10831	0.01252	0.31787	0.01516	0.01164	0.01568	0.01154	0.01796	0.00968	0.00603	0.00679	0.00187	0.06332	0.06700	0.00276	0.00666
21	0.01014	0.00954	0.01610	0.79845	0.03697	0.01193	0.01491	0.01371	0.01073	0.01371	0.00954	0.01431	0.00716	0.00537	0.00537	0.00179	0.00716	0.00477	0.00239	0.00596
22	0.01077	0.02777	0.78354	0.01530	0.02323	0.01247	0.01983	0.01700	0.01133	0.01700	0.00963	0.01133	0.00680	0.00510	0.00510	0.00170	0.00793	0.00397	0.00227	0.00793
23	0.00651	0.00478	0.00612	0.00719	0.00771	0.00438	0.00486	0.00751	0.01055	0.01381	0.03307	0.70166	0.13945	0.01636	0.00678	0.00213	0.00306	0.01471	0.00498	0.00438
24	0.02125	0.01368	0.01527	0.01171	0.01597	0.01463	0.00967	0.59092	0.02296	0.20609	0.01480	0.01413	0.01009	0.00649	0.00538	0.00162	0.00560	0.00496	0.00566	0.00913
25	0.01432	0.72366	0.09267	0.00972	0.01459	0.02010	0.01006	0.01644	0.01107	0.03518	0.00804	0.00912	0.00707	0.00470	0.00364	0.00121	0.00590	0.00304	0.00242	0.00704
26	0.00865	0.00618	0.00865	0.00989	0.01112	0.00618	0.00865	0.01112	0.01236	0.01606	0.02842	0.06055	0.03089	0.01483	0.00741	0.00247	0.00494	0.74174	0.00494	0.00494
27	0.00654	0.00467	0.00623	0.00747	0.00779	0.00436	0.00498	0.00747	0.01028	0.01370	0.02959	0.80785	0.03550	0.01682	0.00685	0.00218	0.00311	0.01526	0.00498	0.00436
28	0.00740	0.00565	0.00691	0.00769	0.00853	0.00555	0.00534	0.01023	0.10880	0.01493	0.03137	0.62074	0.11615	0.01522	0.00661	0.00209	0.00322	0.01363	0.00505	0.00492
29	0.01254	0.01089	0.01277	0.11314	0.01665	0.01291	0.00945	0.04497	0.52991	0.02012	0.01831	0.01859	0.01407	0.01000	0.07381	0.00243	0.06140	0.00574	0.00462	0.00768
30	0.01447	0.79861	0.02787	0.00928	0.01383	0.03680	0.00921	0.01618	0.01099	0.01264	0.00748	0.00863	0.00689	0.00461	0.00347	0.00115	0.00582	0.00288	0.00231	0.00688
31	0.01373	0.01354	0.01824	0.02368	0.45155	0.09545	0.02766	0.01870	0.14183	0.01789	0.01186	0.01380	0.00960	0.00518	0.00513	0.00151	0.00611	0.00468	0.00322	0.11663
32	0.00782	0.00589	0.00729	0.00686	0.00817	0.02102	0.00515	0.01029	0.01511	0.02116	0.73975	0.03979	0.06955	0.01093	0.00630	0.00169	0.00268	0.00962	0.00582	0.00507
33	0.00665	0.00475	0.00635	0.00760	0.00795	0.00445	0.00517	0.00766	0.01038	0.01382	0.02953	0.77037	0.03527	0.01672	0.00688	0.00219	0.00321	0.05169	0.00498	0.00439
34	0.01232	0.01387	0.02989	0.07657	0.02813	0.01321	0.68572	0.01669	0.01247	0.01686	0.01128	0.03612	0.00882	0.00492	0.00628	0.00182	0.00876	0.00647	0.00275	0.00707
35	0.03015	0.00764	0.01160	0.11198	0.01441	0.00860	0.06022	0.01214	0.00957	0.07902	0.01384	0.02133	0.01277	0.18628	0.32495	0.00527	0.07588	0.00590	0.00317	0.00529
36	0.02408	0.00914	0.01246	0.00955	0.01370	0.00789	0.00789	0.02616	0.01536	0.78158	0.02118	0.01827	0.01329	0.00664	0.00540	0.00166	0.00457	0.00540	0.00664	0.00914
37	0.00711	0.00547	0.00650	0.00624	0.00772	0.00486	0.00468	0.00919	0.01404	0.01879	0.49483	0.04459	0.33256	0.01199	0.00634	0.00174	0.00260	0.01034	0.00555	0.00486
38	0.00661	0.00473	0.00629	0.00742	0.00780	0.00441	0.00499	0.00766	0.01062	0.01425	0.08181	0.75406	0.03656	0.01641	0.00681	0.00215	0.00307	0.01487	0.00505	0.00441
39	0.01113	0.00954	0.01113	0.00795	0.01272	0.00716	0.00636	0.01352	0.01113	0.01749	0.00954	0.01113	0.00795	0.00398	0.00398	0.00080	0.00398	0.00318	0.00318	0.84417
40	0.01077	0.02777	0.78354	0.01530	0.02323	0.01247	0.01983	0.01700	0.01133	0.01700	0.00963	0.01133	0.00680	0.00510	0.00510	0.00170	0.00793	0.00397	0.00227	0.00793
41	0.02210	0.01019	0.01287	0.01003	0.01402	0.00968	0.00823	0.15300	0.06870	0.57171	0.04768	0.01827	0.01416	0.00681	0.00543	0.00166	0.00470	0.00551	0.00631	0.00894
42	0.08099	0.01067	0.01303	0.01006	0.01419	0.01033	0.00831	0.20578	0.01735	0.54474	0.01818	0.01628	0.01174	0.00648	0.00525	0.00165	0.00487	0.00508	0.00610	0.00890
43	0.00654	0.00467	0.00623	0.00747	0.00779	0.00436	0.00498	0.00747	0.01028	0.01370	0.02959	0.80785	0.03550	0.01682	0.00685	0.00218	0.00311	0.01526	0.00498	0.00436
44	0.84927	0.01038	0.00789	0.00706	0.01038	0.01204	0.00581	0.01578	0.00914	0.02408	0.00747	0.00872	0.00581	0.00498	0.00332	0.00166	0.00415	0.00291	0.00332	0.00581
45	0.02408	0.00914	0.01246	0.00955	0.01370	0.00789	0.00789	0.02616	0.01536	0.78158	0.02118	0.01827	0.01329	0.00664	0.00540	0.00166	0.00457	0.00540	0.00664	0.00914
46	0.01435	0.81458	0.02813	0.00918	0.01378	0.02124	0.00918	0.01607	0.01091	0.01263	0.00746	0.00861	0.00689	0.00459	0.00344	0.00115	0.00574	0.00287	0.00230	0.00689
47	0.01062	0.00947	0.01526	0.56085	0.06280	0.01120	0.02858	0.05788	0.01195	0.01552	0.01322	0.04029	0.01173	0.00714	0.00574	0.00189	0.00664	0.12010	0.00304	0.00609
48	0.00767	0.00575	0.00863	0.00863	0.00959	0.00671	0.00671	0.00959	0.00863	0.01246	0.01438	0.02109	0.01342	0.04026	0.79008	0.00863	0.01438	0.00575	0.00288	0.00479
49	0.00654	0.00467	0.00623	0.00747	0.00779	0.00436	0.00498	0.00747	0.01028	0.01370	0.02959	0.80785	0.03550	0.01682	0.00685	0.00218	0.00311	0.01526	0.00498	0.00436
50	0.01980	0.01473	0.01577	0.01223	0.01642	0.01636	0.01006	0.69704	0.08916	0.03285	0.01366	0.01350	0.00975	0.00652	0.00538	0.00163	0.00576	0.00494	0.00538	0.00907
51	0.02042	0.01424	0.01548	0.01190	0.01609	0.01556	0.00982	0.67528	0.02399	0.09777	0.01373	0.01356	0.00962	0.00646	0.00533	0.00160	0.00569	0.00489	0.02958	0.00901
52	0.00688	0.00493	0.00657	0.00751	0.00806	0.00462	0.00526	0.00822	0.01134	0.01533	0.16839	0.61245	0.03800	0.01559	0.00679	0.00211	0.00313	0.06512	0.00515	0.00453
53	0.01503	0.01116	0.01219	0.01071	0.01392	0.01250	0.00840	0.02815	0.65066	0.14095	0.02174	0.01975	0.01590	0.00718	0.00545	0.00180	0.00430	0.00596	0.00565	0.00860
54	0.01349	0.01160	0.01221	0.01095	0.01401	0.01341	0.00853	0.04241	0.75406	0.02267	0.02168	0.01989	0.01625	0.00727	0.00546	0.00182	0.00428	0.00605	0.00546	0.00851
55	0.00634	0.00544	0.00544	0.00544	0.00725	0.00453	0.00408	0.00770	0.01224	0.01450	0.05438	0.05166	0.77569	0.01359	0.00634	0.00181	0.00272	0.01133	0.00498	0.00453
56	0.01946	0.01356	0.01484	0.01170	0.01572	0.01485	0.00956	0.51741	0.17365	0.12853	0.01577	0.01502	0.01113	0.00664	0.00539	0.00166	0.00540	0.00516	0.00555	0.00900
57	0.02949	0.71320	0.11072	0.00982	0.01475	0.02011	0.01029	0.01617	0.01092	0.01332	0.00770	0.00891	0.00686	0.00466	0.00362	0.00122	0.00595	0.00299	0.00231	0.00698
58	0.00760	0.00549	0.00718	0.00675	0.00802	0.00506	0.00506	0.01013	0.01519	0.02153	0.77503	0.04010	0.05065	0.01097	0.00633	0.00169	0.00253	0.00971	0.00591	0.00506
59	0.01091	0.02678	0.72800	0.01584	0.02359	0.01255	0.07438	0.01701	0.01143	0.01701	0.00972	0.01157	0.00690	0.00506	0.00519	0.00171	0.00802	0.00414	0.00230	0.00788
60	0.00739	0.00543	0.00695	0.00695	0.00816	0.00500	0.00523	0.00956	0.01393	0.01913	0.52061	0.14294	0.14105	0.01240	0.00649	0.00184	0.00284	0.07362	0.00559	0.00489
61	0.01998	0.01483	0.01587	0.01227	0.01649	0.01645	0.01010	0.71632	0.06957	0.03315	0.01342	0.01331	0.00956	0.00649	0.00538	0.00162	0.00581	0.00491	0.00538	0.00909
62	0.14462	0.01540	0.01357	0.01293	0.08006	0.23255	0.00933	0.08865	0.19230	0.11832	0.01362	0.01371	0.01016	0.00598	0.00489	0.00159	0.00614	0.00447	0.00422	0.02747
63	0.01435	0.81458	0.02813	0.00918	0.01378	0.02124	0.00918	0.01607	0.01091	0.01263	0.00746	0.00861	0.00689	0.00459	0.00344	0.00115	0.00574	0.00287	0.00230	0.00689
64	0.00654	0.00467	0.00623	0.00747	0.00779	0.00436	0.00498	0.00747	0.01028	0.01370	0.02959	0.80785	0.03550	0.01682	0.00685	0.00218	0.00311	0.01526	0.00498	0.00436
65	0.01334	0.01453	0.03034	0.02174	0.02707	0.01384	0.69400	0.08110	0.01375	0.01863	0.01103	0.01434	0.00823	0.00469	0.00625	0.00179	0.00878	0.00621	0.00294	0.00740
66	0.02233	0.00555	0.00713	0.00676	0.00804	0.00516	0.00506	0.01010	0.01489	0.02121	0.72590	0.06324	0.06233	0.01109	0.00629	0.00171	0.00258	0.00979	0.00582	0.00505
67	0.01146	0.00621	0.00803	0.00713	0.00902	0.00567	0.00550	0.01389	0.01472	0.18514	0.51430	0.03279	0.03781	0.00943	0.00580	0.00163	0.00297	0.00817	0.11441	0.00593
68	0.01319	0.01266	0.02162	0.05521	0.75632	0.01273	0.01643	0.01639	0.01218	0.01743	0.01008	0.01332	0.00846	0.00480	0.00532	0.00160	0.00640	0.00478	0.00265	0.00843
69	0.00760	0.00549	0.00718	0.00675	0.00802	0.00506	0.00506	0.01013	0.01519	0.02153	0.77503	0.04010	0.05065	0.01097	0.00633	0.00169	0.00253	0.00971	0.00591	0.00506
70	0.00769	0.00567	0.00820	0.00820	0.00901	0.00648	0.00618	0.00931	0.00850	0.01215	0.01477	0.02324	0.01436	0.15859	0.67303	0.00810	0.01297	0.00607	0.00293	0.00456
71	0.00749	0.00548	0.00703	0.00664	0.00795	0.00502	0.00498	0.00992	0.01494	0.02092	0.71303	0.04109	0.11303	0.01120	0.00633	0.00170	0.00255	0.00985	0.00583	0.00502
72	0.02041	0.01504	0.01611	0.01235	0.01665	0.01665	0.01020	0.75997	0.02524	0.03383	0.01289	0.01289	0.00913	0.00644	0.00537	0.00161	0.00591	0.00483	0.00537	0.00913
73	0.00739	0.00542	0.00692	0.00666	0.00792	0.00496	0.00495	0.00969	0.01454	0.02023	0.64613	0.09512	0.12673	0.01166	0.00637	0.00174	0.00259	0.01027	0.00575	0.00496
74	0.00778	0.00529	0.00629	0.00629	0.00644	0.00544	0.00379	0.00808	0.00793	0.01073	0.01652	0.03294	0.01856	0.69098	0.14639	0.00574	0.00664	0.00749	0.00319	0.00349
75	0.84927	0.01038	0.00789	0.00706	0.01038	0.01204	0.00581	0.01578	0.00914	0.02408	0.00747	0.00872	0.00581	0.00498	0.00332	0.00166	0.00415	0.00291	0.00332	0.00581
76	0.01435	0.81458	0.02813	0.00918	0.01378	0.02124	0.00918	0.01607	0.01091	0.01263	0.00746	0.00861	0.00689	0.00459	0.00344	0.00115	0.00574	0.00287	0.00230	0.00689
77	0.01170	0.14681	0.64630	0.01420	0.02152	0.01367	0.01787	0.01713	0.01139	0.03857	0.00964	0.01112	0.00700	0.00507	0.00486	0.00161	0.00750	0.00384	0.00240	0.00781
78	0.01028	0.00969	0.01636	0.76360	0.07070	0.01196	0.01498	0.01384	0.01080	0.01389	0.00957	0.01426	0.00722	0.00534	0.00536	0.00178	0.00712	0.00477	0.00240	0.00608
79	0.79052	0.01160	0.06223	0.00764	0.01128	0.01207	0.00680	0.01586	0.00929	0.02359	0.00763	0.00890	0.00588	0.00499	0.00345	0.00166	0.00442	0.00298	0.00325	0.00596
80	0.01268	0.01250	0.02241	0.15581	0.54035	0.01275	0.13203	0.01614	0.01205	0.01686	0.01013	0.01364	0.00823	0.00484	0.00548	0.00166	0.00692	0.00502	0.00262	0.00789
81	0.01196	0.21699	0.50119	0.01610	0.11882	0.01464	0.01681	0.01671	0.01134	0.01601	0.00917	0.01092	0.00704	0.00494	0.00473	0.00155	0.00720	0.00381	0.00232	0.00775
82	0.00801	0.00599	0.00751	0.00717	0.00857	0.00575	0.00541	0.01149	0.07950	0.02069	0.61308	0.07435	0.08727	0.01119	0.00631	0.00175	0.00279	0.03213	0.00575	0.00529
83	0.02408	0.00914	0.01246	0.00955	0.01370	0.00789	0.00789	0.02616	0.01536	0.78158	0.02118	0.01827	0.01329	0.00664	0.00540	0.00166	0.00457	0.00540	0.00664	0.00914
84	0.00672	0.00522	0.00617	0.00684	0.00796	0.00467	0.00503	0.00805	0.01144	0.01437	0.04086	0.36412	0.37592	0.01508	0.00669	0.00205	0.00317	0.10615	0.00498	0.00451
85	0.02011	0.01417	0.17906	0.01129	0.01622	0.01049	0.01085	0.13690	0.05394	0.46395	0.01745	0.01604	0.01141	0.00631	0.00533	0.00167	0.00548	0.00504	0.00545	0.00884
86	0.84927	0.01038	0.00789	0.00706	0.01038	0.01204	0.00581	0.01578	0.00914	0.02408	0.00747	0.00872	0.00581	0.00498	0.00332	0.00166	0.00415	0.00291	0.00332	0.00581
87	0.00654	0.00467	0.00623	0.00747	0.00779	0.00436	0.00498	0.00747	0.01028	0.01370	0.02959	0.80785	0.03550	0.01682	0.00685	0.00218	0.00311	0.01526	0.00498	0.00436
88	0.01329	0.01275	0.02179	0.03295	0.77787	0.01275	0.01647	0.01647	0.01222	0.01754	0.01010	0.01329	0.00850	0.00478	0.00531	0.00159	0.00638	0.00478	0.00266	0.00850
89	0.02061	0.05518	0.01610	0.01191	0.01607	0.08212	0.00983	0.55214	0.02222	0.14000	0.01343	0.01318	0.00943	0.00630	0.00523	0.00158	0.00603	0.00470	0.00518	0.00877
90	0.01329	0.01275	0.02179	0.03295	0.77787	0.01275	0.01647	0.01647	0.01222	0.01754	0.01010	0.01329	0.00850	0.00478	0.00531	0.00159	0.00638	0.00478	0.00266	0.00850
91	0.02255	0.00967	0.01256	0.00984	0.01385	0.00893	0.00806	0.05450	0.11339	0.65455	0.02095	0.01829	0.01353	0.00672	0.00541	0.00168	0.00458	0.00546	0.00644	0.00905
92	0.08521	0.01255	0.02059	0.03072	0.71183	0.01269	0.01556	0.01641	0.01196	0.01810	0.00987	0.01289	0.00827	0.00480	0.00514	0.00160	0.00619	0.00462	0.00271	0.00827
93	0.00767	0.00575	0.00863	0.00863	0.00959	0.00671	0.00671	0.00959	0.00863	0.01246	0.01438	0.02109	0.01342	0.04026	0.79008	0.00863	0.01438	0.00575	0.00288	0.00479
94	0.00760	0.00549	0.00718	0.00675	0.00802	0.00506	0.00506	0.01013	0.01519	0.02153	0.77503	0.04010	0.05065	0.01097	0.00633	0.00169	0.00253	0.00971	0.00591	0.00506
95	0.01014	0.00954	0.01610	0.79845	0.03697	0.01193	0.01491	0.01371	0.01073	0.01371	0.00954	0.01431	0.00716	0.00537	0.00537	0.00179	0.00716	0.00477	0.00239	0.00596
96	0.09666	0.01349	0.01507	0.01341	0.08094	0.01494	0.01015	0.51198	0.06544	0.02909	0.01362	0.01626	0.01067	0.00687	0.00561	0.00170	0.02455	0.05634	0.00485	0.00835
97	0.14220	0.02068	0.44500	0.01505	0.02131	0.01218	0.17629	0.01671	0.01156	0.03474	0.04770	0.01318	0.00925	0.00528	0.00516	0.00172	0.00724	0.00463	0.00280	0.00734
98	0.00651	0.00477	0.00613	0.00721	0.00772	0.00438	0.00487	0.00750	0.01053	0.01381	0.03280	0.70976	0.13151	0.01640	0.00679	0.00213	0.00306	0.01475	0.00498	0.00438
99	0.77827	0.01027	0.00828	0.00727	0.01067	0.01168	0.00599	0.01667	0.00967	0.08926	0.00865	0.00954	0.00646	0.00513	0.00350	0.00166	0.00419	0.00312	0.00361	0.00610
100	0.01195	0.01159	0.02031	0.34489	0.41058	0.01249	0.07967	0.01541	0.01165	0.01595	0.00994	0.01381	0.00792	0.00500	0.00542	0.00169	0.00693	0.00491	0.00255	0.00736
101	0.01014	0.00954	0.01610	0.79845	0.03697	0.01193	0.01491	0.01371	0.01073	0.01371	0.00954	0.01431	0.00716	0.00537	0.00537	0.00179	0.00716	0.00477	0.00239	0.00596
102	0.00865	0.00618	0.00865	0.00989	0.01112	0.00618	0.00865	0.01112	0.01236	0.01606	0.02842	0.06055	0.03089	0.01483	0.00741	0.00247	0.00494	0.74174	0.00494	0.00494
103	0.01437	0.01402	0.02082	0.02986	0.65904	0.07988	0.01551	0.06899	0.01339	0.01830	0.01014	0.01295	0.00841	0.00496	0.00528	0.00158	0.00663	0.00467	0.00286	0.00835
104	0.00654	0.00467	0.00623	0.00747	0.00779	0.00436	0.00498	0.00747	0.01028	0.01370	0.02959	0.80785	0.03550	0.01682	0.00685	0.00218	0.00311	0.01526	0.00498	0.00436
105	0.01041	0.00982	0.01659	0.73259	0.10072	0.01200	0.01504	0.01395	0.01086	0.01404	0.00959	0.01422	0.00727	0.00532	0.00536	0.00177	0.00709	0.00477	0.00241	0.00618
106	0.00684	0.00487	0.00640	0.00751	0.00791	0.00460	0.00515	0.00784	0.01029	0.01365	0.02889	0.65775	0.04864	0.08493	0.00865	0.00246	0.00345	0.08099	0.00483	0.00432
107	0.01335	0.01153	0.01214	0.01092	0.01396	0.01335	0.00850	0.02852	0.76817	0.02245	0.02185	0.02003	0.01639	0.00728	0.00546	0.00182	0.00425	0.00607	0.00546	0.00850
108	0.01113	0.00954	0.01113	0.00795	0.01272	0.00716	0.00636	0.01352	0.01113	0.01749	0.00954	0.01113	0.00795	0.00398	0.00398	0.00080	0.00398	0.00318	0.00318	0.84417
109	0.01102	0.08289	0.73061	0.01487	0.02257	0.01308	0.01909	0.01693	0.01130	0.01669	0.00948	0.01114	0.00681	0.00506	0.00498	0.00166	0.00778	0.00389	0.00227	0.00786
110	0.00670	0.00545	0.00593	0.00581	0.00747	0.00468	0.00436	0.00839	0.01307	0.01649	0.25879	0.04838	0.57003	0.01285	0.00634	0.00178	0.00267	0.01087	0.00525	0.00468
111	0.01013	0.00942	0.01580	0.77705	0.03614	0.01174	0.01461	0.01368	0.01075	0.01388	0.00976	0.01447	0.00733	0.00539	0.00532	0.00177	0.00703	0.00478	0.02500	0.00594
112	0.00781	0.00520	0.00585	0.00585	0.00585	0.00520	0.00325	0.00781	0.00781	0.01041	0.01691	0.03513	0.01952	0.81135	0.02732	0.00520	0.00520	0.00781	0.00325	0.00325
113	0.00646	0.00541	0.00563	0.00564	0.00734	0.00457	0.00420	0.00791	0.01241	0.01509	0.11717	0.08331	0.67946	0.01350	0.00636	0.00182	0.00272	0.01136	0.00507	0.00457
114	0.01121	0.02504	0.64295	0.01827	0.14117	0.01254	0.04060	0.01692	0.01151	0.01709	0.00974	0.01173	0.00710	0.00503	0.00517	0.00169	0.00772	0.00416	0.00234	0.00800
115	0.01435	0.81458	0.02813	0.00918	0.01378	0.02124	0.00918	0.01607	0.01091	0.01263	0.00746	0.00861	0.00689	0.00459	0.00344	0.00115	0.00574	0.00287	0.00230	0.00689
116	0.01100	0.07832	0.73500	0.01491	0.02263	0.01303	0.01915	0.01694	0.01131	0.01672	0.00949	0.01116	0.00681	0.00507	0.00499	0.00166	0.00779	0.00390	0.00227	0.00787
117	0.02079	0.01443	0.01573	0.01206	0.01634	0.01574	0.00996	0.68417	0.02422	0.11107	0.01374	0.01344	0.00956	0.00646	0.00537	0.00162	0.00577	0.00489	0.00550	0.00913
118	0.00718	0.00513	0.00663	0.00758	0.00814	0.00490	0.00542	0.00832	0.01045	0.01372	0.02897	0.47025	0.08267	0.14609	0.01028	0.00271	0.00382	0.16872	0.00469	0.00432
119	0.01077	0.02777	0.78354	0.01530	0.02323	0.01247	0.01983	0.01700	0.01133	0.01700	0.00963	0.01133	0.00680	0.00510	0.00510	0.00170	0.00793	0.00397	0.00227	0.00793
120	0.01028	0.00968	0.01635	0.76417	0.07015	0.01196	0.01498	0.01384	0.01080	0.01389	0.00957	0.01427	0.00722	0.00534	0.00536	0.00178	0.00712	0.00477	0.00240	0.00608
121	0.84927	0.01038	0.00789	0.00706	0.01038	0.01204	0.00581	0.01578	0.00914	0.02408	0.00747	0.00872	0.00581	0.00498	0.00332	0.00166	0.00415	0.00291	0.00332	0.00581
122	0.02041	0.01504	0.01611	0.01235	0.01665	0.01665	0.01020	0.75997	0.02524	0.03383	0.01289	0.01289	0.00913	0.00644	0.00537	0.00161	0.00591	0.00483	0.00537	0.00913
123	0.01014	0.00954	0.01610	0.79845	0.03697	0.01193	0.01491	0.01371	0.01073	0.01371	0.00954	0.01431	0.00716	0.00537	0.00537	0.00179	0.00716	0.00477	0.00239	0.00596
124	0.00743	0.00548	0.00695	0.00658	0.00792	0.00500	0.00494	0.00982	0.01481	0.02061	0.68156	0.04160	0.14469	0.01131	0.00633	0.00170	0.00256	0.00992	0.00579	0.00500
125	0.00642	0.00514	0.00574	0.00622	0.00746	0.00447	0.00443	0.00762	0.01148	0.01419	0.04482	0.34316	0.49036	0.01484	0.00654	0.00195	0.00287	0.01284	0.00498	0.00447
126	0.02191	0.01161	0.08920	0.01043	0.01491	0.00937	0.00930	0.08851	0.05356	0.60338	0.01935	0.01721	0.01244	0.00651	0.00537	0.00167	0.00500	0.00524	0.00604	0.00898
127	0.00636	0.00538	0.00549	0.00558	0.00729	0.00452	0.00414	0.00769	0.01210	0.01445	0.05264	0.10464	0.72383	0.01382	0.00638	0.00184	0.00275	0.01160	0.00498	0.00452
128	0.00654	0.00467	0.00623	0.00747	0.00779	0.00436	0.00498	0.00747	0.01028	0.01370	0.02959	0.80785	0.03550	0.01682	0.00685	0.00218	0.00311	0.01526	0.00498	0.00436
129	0.01404	0.74688	0.09312	0.00971	0.01459	0.02049	0.01010	0.01615	0.01094	0.01301	0.00765	0.00885	0.00688	0.00464	0.00359	0.00120	0.00593	0.00296	0.00229	0.00698
130	0.01222	0.01167	0.01986	0.29192	0.52722	0.01247	0.01594	0.01554	0.01172	0.01624	0.00991	0.01363	0.00805	0.00498	0.00533	0.00166	0.00664	0.00478	0.00257	0.00764
131	0.00651	0.00513	0.00588	0.00637	0.00752	0.00450	0.00452	0.00778	0.01164	0.01467	0.09470	0.36101	0.42129	0.01473	0.00655	0.00195	0.00287	0.01283	0.00505	0.00450
132	0.01329	0.01275	0.02179	0.03295	0.77787	0.01275	0.01647	0.01647	0.01222	0.01754	0.01010	0.01329	0.00850	0.00478	0.00531	0.00159	0.00638	0.00478	0.00266	0.00850
133	0.03273	0.23904	0.15662	0.01486	0.13518	0.15617	0.01214	0.01915	0.01277	0.15737	0.01096	0.01182	0.00830	0.00527	0.00465	0.00146	0.00670	0.00394	0.00326	0.00760
134	0.01109	0.08249	0.71007	0.01535	0.04292	0.01309	0.01900	0.01692	0.01133	0.01671	0.00949	0.01119	0.00685	0.00506	0.00499	0.00166	0.00774	0.00391	0.00228	0.00788
135	0.01340	0.01414	0.04228	0.24777	0.40931	0.12302	0.01502	0.02965	0.02446	0.01617	0.00990	0.01311	0.00798	0.00513	0.00526	0.00163	0.00707	0.00459	0.00268	0.00745
136	0.09725	0.05198	0.40337	0.01802	0.19860	0.02682	0.01600	0.07200	0.03422	0.01900	0.01001	0.01176	0.00756	0.00516	0.00493	0.00164	0.00687	0.00412	0.00280	0.00789
137	0.03925	0.06592	0.01743	0.15248	0.08506	0.14058	0.08746	0.16446	0.07768	0.03175	0.03477	0.02882	0.02478	0.00627	0.00531	0.00164	0.00666	0.01878	0.00368	0.00720
138	0.12271	0.01201	0.05596	0.06024	0.25315	0.01149	0.09124	0.03186	0.09601	0.10518	0.03577	0.02955	0.02621	0.02315	0.00570	0.00175	0.00574	0.00536	0.00373	0.02319
139	0.08965	0.12446	0.32213	0.01350	0.04445	0.09333	0.04398	0.08737	0.04877	0.03138	0.01150	0.01294	0.02859	0.01950	0.00522	0.00165	0.00686	0.00427	0.00306	0.00741
140	0.26474	0.10836	0.04532	0.03434	0.01653	0.01400	0.12849	0.20493	0.01456	0.05767	0.01193	0.01302	0.03611	0.00562	0.00468	0.00160	0.00576	0.00446	0.00377	0.02411
141	0.14446	0.03141	0.12227	0.03146	0.08898	0.11610	0.17754	0.03872	0.01252	0.05383	0.03499	0.01289	0.00904	0.00524	0.00520	0.00158	0.01911	0.00455	0.00314	0.08697

[dist]
# distance from previous block
# <min> <max>
6	55

[block]
# block no. 1 follows, 45 sequences, length 7
# corresponding to MSA columns:
# 345-351
name=unknown_B
#
# <colnr> <probs for GDERKNQSTAVLIFYWHMCP>
#	G	D	E	R	K	N	Q	S	T	A	V	L	I	F	Y	W	H	M	C	P
0	0.01323	0.15484	0.29709	0.03503	0.06623	0.04959	0.12177	0.01719	0.01188	0.08074	0.01060	0.01248	0.00806	0.00666	0.04186	0.00187	0.00748	0.00433	0.00284	0.05625
1	0.01305	0.54527	0.19276	0.01127	0.01642	0.01797	0.05503	0.01594	0.01096	0.01384	0.00857	0.01032	0.00735	0.00691	0.05275	0.00177	0.00695	0.00349	0.00235	0.00701
2	0.01473	0.61227	0.11454	0.01055	0.01528	0.12778	0.01059	0.01693	0.01156	0.01321	0.00783	0.00908	0.00688	0.00478	0.00383	0.00125	0.00655	0.00308	0.00236	0.00692
3	0.17168	0.15045	0.03250	0.12839	0.08167	0.01347	0.07669	0.10880	0.03359	0.03551	0.07785	0.01582	0.04014	0.00604	0.00485	0.00161	0.00561	0.00494	0.00354	0.00686
4	0.01482	0.62474	0.10142	0.01036	0.01512	0.08145	0.01040	0.06188	0.01217	0.01439	0.00808	0.00923	0.00702	0.00483	0.00384	0.00125	0.00628	0.00315	0.00252	0.00708
5	0.04156	0.00565	0.00793	0.00827	0.04244	0.00577	0.00540	0.03603	0.00822	0.01174	0.00986	0.01596	0.00939	0.01638	0.01810	0.69728	0.00465	0.00463	0.04761	0.00314
6	0.06396	0.35075	0.36068	0.01251	0.04506	0.01575	0.01378	0.01621	0.01123	0.01585	0.04302	0.01141	0.00881	0.00514	0.00437	0.00146	0.00649	0.00373	0.00252	0.00726

[dist]
# distance from previous block
# <min> <max>
3	12

[block]
# block no. 2 follows, 45 sequences, length 7
# corresponding to MSA columns:
# 364-370
name=unknown_C
#
# <colnr> <probs for GDERKNQSTAVLIFYWHMCP>
#	G	D	E	R	K	N	Q	S	T	A	V	L	I	F	Y	W	H	M	C	P
0	0.06257	0.10307	0.66262	0.01420	0.02153	0.01329	0.01794	0.01683	0.01116	0.01701	0.00929	0.01091	0.00675	0.00504	0.00483	0.00164	0.00749	0.00380	0.00233	0.00770
1	0.25439	0.33865	0.01837	0.04442	0.01458	0.22347	0.00879	0.01732	0.01154	0.01609	0.00778	0.00918	0.00660	0.00499	0.00387	0.00139	0.00640	0.00312	0.00272	0.00636
2	0.00655	0.00545	0.00572	0.00565	0.00737	0.00462	0.00424	0.00809	0.01271	0.01563	0.17001	0.04980	0.65935	0.01317	0.00634	0.00179	0.00269	0.01107	0.00513	0.00462
3	0.00749	0.00643	0.00653	0.00633	0.00835	0.00597	0.00480	0.01110	0.13571	0.01580	0.04906	0.04649	0.65166	0.01256	0.00620	0.00181	0.00297	0.01047	0.00506	0.00518
4	0.00769	0.00566	0.00817	0.00817	0.00898	0.00646	0.00615	0.00929	0.00849	0.01213	0.01479	0.02338	0.01442	0.16621	0.66548	0.00807	0.01288	0.00609	0.00294	0.00454
5	0.00726	0.00545	0.00658	0.00631	0.00763	0.00493	0.00464	0.00926	0.01378	0.01867	0.51258	0.04295	0.25188	0.07505	0.00800	0.00200	0.00280	0.01001	0.00544	0.00477
6	0.01375	0.01578	0.12761	0.07020	0.48814	0.06497	0.04691	0.07559	0.01326	0.01823	0.01013	0.01285	0.00812	0.00503	0.00530	0.00162	0.00693	0.00465	0.00281	0.00812

[dist]
# distance from previous block
# <min> <max>
0	25

# created by:
# /st0/software/busco_prod/Augustus/scripts/msa2prfl.pl ./align_prep/190211.fa
