[name]
unknown

[dist]
# distance from previous block
# <min> <max>
0	109

[block]
# block no. 0 follows, 47 sequences, length 21
# corresponding to MSA columns:
# 116-136
name=unknown_A
#
# <colnr> <probs for GDERKNQSTAVLIFYWHMCP>
#	G	D	E	R	K	N	Q	S	T	A	V	L	I	F	Y	W	H	M	C	P
0	0.22670	0.10248	0.23330	0.03674	0.07546	0.03607	0.01143	0.01702	0.01114	0.12609	0.01063	0.01244	0.00806	0.00527	0.00440	0.00154	0.00572	0.02324	0.00322	0.04905
1	0.17192	0.14956	0.35184	0.01176	0.03316	0.04720	0.01265	0.01662	0.03879	0.05469	0.02646	0.04441	0.00915	0.00560	0.00447	0.00156	0.00610	0.00419	0.00293	0.00696
2	0.02778	0.07813	0.57719	0.01415	0.02088	0.03669	0.06304	0.01742	0.01150	0.09099	0.01028	0.01156	0.00728	0.00504	0.00490	0.00161	0.00729	0.00402	0.00267	0.00761
3	0.04360	0.39497	0.37098	0.01172	0.01752	0.05199	0.01352	0.01623	0.01090	0.01460	0.00823	0.00960	0.00661	0.00473	0.00413	0.00138	0.00665	0.00329	0.00227	0.00707
4	0.01273	0.54870	0.28828	0.01094	0.01651	0.01769	0.01245	0.01590	0.01072	0.01370	0.00796	0.00926	0.00665	0.00462	0.00389	0.00130	0.00630	0.00315	0.00222	0.00703
5	0.01379	0.78992	0.05633	0.00914	0.01372	0.02028	0.00930	0.01563	0.01060	0.01241	0.00732	0.00845	0.00668	0.00447	0.00340	0.00113	0.00565	0.00283	0.00223	0.00672
6	0.00744	0.00558	0.00837	0.00837	0.00930	0.00651	0.00651	0.00930	0.00837	0.01209	0.01395	0.02046	0.01302	0.03906	0.79635	0.00837	0.01395	0.00558	0.00279	0.00465
7	0.00827	0.00591	0.00825	0.00945	0.01060	0.00589	0.00818	0.01058	0.01187	0.01545	0.02764	0.10388	0.03024	0.01450	0.00716	0.00238	0.00469	0.70552	0.00480	0.00476
8	0.73138	0.01013	0.00845	0.00732	0.01066	0.01144	0.00603	0.04741	0.01015	0.10476	0.00888	0.00961	0.00654	0.00506	0.00352	0.00161	0.00414	0.00315	0.00365	0.00611
9	0.01392	0.82012	0.02729	0.00891	0.01337	0.02061	0.00891	0.01559	0.01058	0.01225	0.00724	0.00835	0.00668	0.00446	0.00334	0.00111	0.00557	0.00278	0.00223	0.00668
10	0.00634	0.00456	0.00602	0.00718	0.00754	0.00424	0.00480	0.00726	0.01004	0.01332	0.02955	0.78679	0.06069	0.01621	0.00663	0.00210	0.00301	0.01467	0.00483	0.00424
11	0.06770	0.01477	0.04328	0.01179	0.01603	0.01574	0.00999	0.69639	0.02309	0.03168	0.01208	0.01221	0.00859	0.00612	0.00509	0.00157	0.00570	0.00455	0.00499	0.00863
12	0.01078	0.01072	0.01964	0.19556	0.08584	0.01166	0.27428	0.01379	0.01076	0.01501	0.01210	0.10882	0.01101	0.00689	0.00758	0.00183	0.13964	0.00637	0.05154	0.00617
13	0.00752	0.00503	0.00569	0.00574	0.00576	0.00502	0.00322	0.00756	0.00767	0.01023	0.01692	0.06621	0.01957	0.78398	0.02569	0.00493	0.00497	0.00787	0.00322	0.00320
14	0.00634	0.00473	0.00591	0.00678	0.00745	0.00429	0.00464	0.00740	0.01059	0.01377	0.06404	0.61043	0.20391	0.01538	0.00652	0.00202	0.00291	0.01373	0.00487	0.00429
15	0.01192	0.05640	0.01238	0.00834	0.01288	0.00824	0.02305	0.02918	0.03134	0.05882	0.01015	0.01136	0.00817	0.00417	0.00402	0.00090	0.00414	0.00336	0.00331	0.69788
16	0.01244	0.01011	0.01266	0.01011	0.04143	0.00894	0.04768	0.11207	0.06811	0.04783	0.04243	0.04253	0.01129	0.00527	0.00455	0.00114	0.00440	0.00447	0.00377	0.50877
17	0.03653	0.13075	0.47341	0.01451	0.06410	0.01371	0.04150	0.11555	0.01275	0.01832	0.00948	0.01097	0.00705	0.00499	0.00474	0.00154	0.00691	0.00389	0.00269	0.02659
18	0.01332	0.08711	0.09345	0.01040	0.01396	0.03918	0.03882	0.05384	0.11258	0.13193	0.03376	0.13247	0.01428	0.00734	0.00574	0.00156	0.05135	0.00601	0.00405	0.14887
19	0.01556	0.04184	0.01348	0.01055	0.01385	0.04488	0.02205	0.38297	0.10915	0.05263	0.01741	0.10849	0.05019	0.02717	0.00583	0.00170	0.00510	0.01976	0.00477	0.05262
20	0.05363	0.06310	0.01748	0.01287	0.01659	0.07493	0.17024	0.25476	0.07541	0.04557	0.01410	0.06180	0.03425	0.00647	0.00552	0.00160	0.02723	0.00554	0.01816	0.04075

[dist]
# distance from previous block
# <min> <max>
9	21

[block]
# block no. 1 follows, 47 sequences, length 7
# corresponding to MSA columns:
# 161-167
name=unknown_B
#
# <colnr> <probs for GDERKNQSTAVLIFYWHMCP>
#	G	D	E	R	K	N	Q	S	T	A	V	L	I	F	Y	W	H	M	C	P
0	0.08624	0.04270	0.17951	0.04193	0.01999	0.11773	0.23171	0.07730	0.01315	0.06832	0.03522	0.01431	0.03733	0.00550	0.00519	0.00162	0.00711	0.00495	0.00321	0.00697
1	0.07086	0.01162	0.01314	0.10407	0.01641	0.06852	0.03636	0.21496	0.04358	0.08196	0.07040	0.04290	0.01251	0.00613	0.00491	0.00145	0.00524	0.00498	0.00413	0.18588
2	0.08727	0.01221	0.01700	0.06688	0.16392	0.01272	0.11272	0.28587	0.01595	0.04425	0.01170	0.04141	0.00937	0.02422	0.00559	0.00164	0.00587	0.00503	0.00381	0.07256
3	0.04276	0.01241	0.01504	0.12754	0.21394	0.11615	0.01098	0.08715	0.04793	0.16001	0.01259	0.03423	0.00970	0.00607	0.00548	0.02655	0.00592	0.00475	0.00374	0.05707
4	0.08589	0.01279	0.01897	0.02640	0.57975	0.04711	0.01412	0.06259	0.01223	0.01803	0.00945	0.01222	0.00789	0.00512	0.00585	0.00160	0.06502	0.00442	0.00278	0.00778
5	0.01263	0.01148	0.05253	0.26233	0.26934	0.01141	0.06362	0.04189	0.01175	0.08238	0.01051	0.01346	0.00810	0.00550	0.00600	0.02509	0.03543	0.00463	0.00293	0.06900
6	0.06703	0.00965	0.01229	0.09419	0.09843	0.00944	0.00856	0.13801	0.01321	0.09604	0.01405	0.13810	0.01269	0.02489	0.00540	0.00153	0.00471	0.00581	0.00392	0.24206

[dist]
# distance from previous block
# <min> <max>
1	2

[block]
# block no. 2 follows, 47 sequences, length 28
# corresponding to MSA columns:
# 170-197
name=unknown_C
#
# <colnr> <probs for GDERKNQSTAVLIFYWHMCP>
#	G	D	E	R	K	N	Q	S	T	A	V	L	I	F	Y	W	H	M	C	P
0	0.13898	0.01073	0.01222	0.01302	0.14839	0.06121	0.00858	0.05469	0.16043	0.13698	0.09201	0.05454	0.01572	0.03932	0.00587	0.00175	0.00475	0.00565	0.00438	0.03077
1	0.00721	0.00546	0.00742	0.03075	0.03061	0.00542	0.00581	0.00865	0.01107	0.01502	0.18708	0.46791	0.06326	0.04528	0.00767	0.00211	0.03561	0.05435	0.00472	0.00459
2	0.01759	0.03575	0.01474	0.01240	0.01536	0.49212	0.00963	0.13337	0.01507	0.01633	0.00876	0.01020	0.00718	0.00562	0.00573	0.00138	0.07801	0.00362	0.00308	0.11406
3	0.00907	0.00467	0.00706	0.03159	0.00769	0.00474	0.00483	0.00699	0.00690	0.00918	0.00905	0.01577	0.00898	0.01769	0.01988	0.82215	0.00460	0.00453	0.00226	0.00237
4	0.01218	0.01315	0.02640	0.03809	0.18642	0.01312	0.49805	0.01588	0.01164	0.01616	0.01004	0.01366	0.00796	0.00568	0.02377	0.00190	0.09063	0.00562	0.00258	0.00707
5	0.01086	0.11049	0.68869	0.01441	0.02170	0.01302	0.03843	0.01640	0.01099	0.01605	0.00916	0.01080	0.00664	0.00488	0.00481	0.00160	0.00750	0.00380	0.00221	0.00757
6	0.01129	0.01149	0.02126	0.34745	0.16479	0.01264	0.24398	0.01474	0.01100	0.01492	0.00950	0.01350	0.00746	0.00525	0.00668	0.00176	0.08814	0.00509	0.00246	0.00660
7	0.01017	0.00950	0.01604	0.69607	0.12164	0.01149	0.01440	0.01346	0.01049	0.01363	0.00931	0.01382	0.00714	0.00545	0.00556	0.02207	0.00680	0.00463	0.00234	0.00598
8	0.01172	0.01109	0.01855	0.30380	0.47293	0.01198	0.01498	0.01540	0.04203	0.01586	0.01043	0.01444	0.00854	0.00514	0.00522	0.00164	0.00634	0.01995	0.00264	0.00731
9	0.00754	0.00784	0.07747	0.04373	0.02670	0.00623	0.07015	0.00950	0.01091	0.01453	0.08067	0.43215	0.15179	0.02752	0.00662	0.00198	0.00408	0.01135	0.00430	0.00497
10	0.01269	0.10300	0.38434	0.01904	0.25042	0.01356	0.01604	0.10847	0.01287	0.01822	0.00965	0.01148	0.00738	0.00496	0.00488	0.00155	0.00678	0.00408	0.00269	0.00790
11	0.01028	0.01103	0.07633	0.60828	0.15017	0.01160	0.01487	0.01385	0.01071	0.01414	0.01018	0.01420	0.02202	0.00525	0.00520	0.00170	0.00680	0.00469	0.00239	0.00629
12	0.01026	0.02490	0.70821	0.01440	0.02152	0.01157	0.03884	0.01598	0.01132	0.01684	0.06928	0.01324	0.00993	0.00537	0.00507	0.00165	0.00732	0.00434	0.00249	0.00746
13	0.01057	0.01031	0.01833	0.54794	0.15439	0.01172	0.11940	0.01404	0.01095	0.01440	0.01076	0.01478	0.02937	0.00523	0.00536	0.00171	0.00695	0.00502	0.00247	0.00632
14	0.01328	0.01169	0.02013	0.06690	0.53154	0.01158	0.10062	0.02612	0.01227	0.08443	0.01315	0.01600	0.04541	0.00538	0.00536	0.00161	0.00617	0.01747	0.00309	0.00780
15	0.01188	0.01306	0.02751	0.04917	0.09240	0.01240	0.61444	0.01597	0.01238	0.01692	0.07024	0.01587	0.01110	0.00493	0.00603	0.00173	0.00800	0.00621	0.00286	0.00692
16	0.01024	0.01003	0.01751	0.21407	0.19192	0.01049	0.17194	0.01318	0.01141	0.01521	0.04040	0.04682	0.15061	0.00726	0.00632	0.00175	0.04915	0.02232	0.00312	0.00625
17	0.01159	0.03583	0.57964	0.01645	0.10447	0.01249	0.04634	0.08208	0.01240	0.01802	0.02706	0.01204	0.00798	0.00513	0.00504	0.00163	0.00725	0.00420	0.00260	0.00775
18	0.05879	0.02597	0.74515	0.01438	0.02182	0.01207	0.01846	0.01642	0.01087	0.01689	0.00923	0.01085	0.00654	0.00494	0.00485	0.00165	0.00749	0.00379	0.00226	0.00758
19	0.01451	0.68654	0.02641	0.01008	0.01457	0.01895	0.07515	0.01645	0.01107	0.07281	0.00856	0.00958	0.00727	0.00460	0.00373	0.00121	0.00576	0.00327	0.00259	0.00688
20	0.01342	0.04745	0.42810	0.01493	0.04206	0.01141	0.14264	0.01795	0.01198	0.17228	0.01243	0.04108	0.00912	0.00553	0.00522	0.00165	0.00694	0.00489	0.00324	0.00768
21	0.01131	0.01278	0.06761	0.22109	0.13792	0.01207	0.37953	0.01517	0.01154	0.01567	0.01107	0.05942	0.00915	0.00535	0.00572	0.00173	0.00754	0.00591	0.00265	0.00677
22	0.01174	0.01011	0.01120	0.07157	0.01438	0.01159	0.00818	0.02361	0.60496	0.01994	0.02274	0.09038	0.06076	0.00808	0.00546	0.00179	0.00416	0.00686	0.00500	0.00748
23	0.00797	0.00648	0.00963	0.02344	0.05170	0.00640	0.06517	0.01067	0.07758	0.01481	0.03802	0.55181	0.02880	0.01352	0.00642	0.00203	0.00393	0.07196	0.00455	0.00510
24	0.01861	0.01180	0.14083	0.01044	0.01477	0.00855	0.03977	0.04734	0.01447	0.50513	0.11548	0.01900	0.01615	0.00665	0.00534	0.00163	0.00494	0.00556	0.00546	0.00809
25	0.25563	0.01551	0.01427	0.11137	0.18599	0.26880	0.01063	0.05092	0.01234	0.01770	0.00855	0.01058	0.00687	0.00507	0.00446	0.00152	0.00669	0.00370	0.00288	0.00651
26	0.00759	0.00575	0.00688	0.00730	0.00845	0.00550	0.00537	0.05210	0.03866	0.01548	0.06888	0.40058	0.23740	0.02576	0.00671	0.00202	0.00331	0.09262	0.00489	0.00476
27	0.03660	0.08476	0.37834	0.01363	0.06188	0.08018	0.04395	0.01697	0.01224	0.10620	0.10375	0.01495	0.01261	0.00576	0.00498	0.00157	0.00651	0.00466	0.00323	0.00721

[dist]
# distance from previous block
# <min> <max>
0	1

[block]
# block no. 3 follows, 47 sequences, length 23
# corresponding to MSA columns:
# 199-221
name=unknown_D
#
# <colnr> <probs for GDERKNQSTAVLIFYWHMCP>
#	G	D	E	R	K	N	Q	S	T	A	V	L	I	F	Y	W	H	M	C	P
0	0.01812	0.01425	0.16969	0.01126	0.01587	0.01146	0.01062	0.19819	0.14793	0.32253	0.01651	0.01544	0.01119	0.00621	0.00518	0.00163	0.00534	0.00494	0.00510	0.00852
1	0.01772	0.01010	0.04213	0.00949	0.01393	0.00807	0.03657	0.04634	0.01349	0.42003	0.01532	0.01461	0.01042	0.00535	0.00475	0.00131	0.00456	0.00441	0.00486	0.31653
2	0.00621	0.00528	0.00535	0.00533	0.00707	0.00442	0.00400	0.00758	0.01200	0.01437	0.08474	0.04963	0.75021	0.01308	0.00615	0.00175	0.00263	0.01092	0.00488	0.00442
3	0.10555	0.00935	0.01045	0.00762	0.01209	0.00747	0.00611	0.01336	0.01058	0.01769	0.00903	0.01054	0.00748	0.00397	0.00379	0.00087	0.00388	0.00306	0.00310	0.75405
4	0.01278	0.02022	0.39920	0.01670	0.02297	0.01282	0.27417	0.11392	0.01333	0.04811	0.01059	0.01250	0.00758	0.00498	0.00540	0.00167	0.00769	0.00480	0.00290	0.00766
5	0.01872	0.01405	0.01502	0.01176	0.01574	0.01565	0.00964	0.65087	0.14250	0.03109	0.01387	0.01359	0.00996	0.00638	0.00522	0.00159	0.00548	0.00488	0.00522	0.00876
6	0.01946	0.02447	0.01479	0.01337	0.01610	0.76952	0.01006	0.04620	0.01509	0.01343	0.00820	0.00950	0.00678	0.00540	0.00471	0.00135	0.00927	0.00340	0.00277	0.00613
7	0.00658	0.00524	0.00590	0.00585	0.00732	0.00456	0.00434	0.00825	0.01269	0.01629	0.29499	0.10241	0.48205	0.01257	0.00619	0.00174	0.00261	0.01074	0.00514	0.00456
8	0.85377	0.01007	0.00765	0.00685	0.01007	0.01168	0.00564	0.01531	0.00886	0.02336	0.00725	0.00846	0.00564	0.00483	0.00322	0.00161	0.00403	0.00282	0.00322	0.00564
9	0.00757	0.00505	0.00568	0.00568	0.00568	0.00505	0.00316	0.00757	0.00757	0.01010	0.01641	0.03408	0.01893	0.81698	0.02651	0.00505	0.00505	0.00757	0.00316	0.00316
10	0.01215	0.01170	0.02015	0.21242	0.58500	0.01221	0.03969	0.01538	0.01153	0.01614	0.00969	0.01316	0.00793	0.00476	0.00520	0.00160	0.00645	0.00469	0.00252	0.00763
11	0.00737	0.00527	0.00722	0.00843	0.00918	0.00512	0.00662	0.00903	0.01098	0.01444	0.02814	0.43447	0.03220	0.01535	0.00692	0.00226	0.00391	0.38378	0.00481	0.00451
12	0.00634	0.00453	0.00604	0.00725	0.00755	0.00423	0.00483	0.00725	0.00997	0.01329	0.02870	0.81358	0.03444	0.01632	0.00665	0.00211	0.00302	0.01480	0.00483	0.00423
13	0.01233	0.01205	0.02129	0.15669	0.57931	0.01233	0.09815	0.01562	0.01167	0.01637	0.00979	0.01318	0.00800	0.00470	0.00527	0.00160	0.00659	0.00480	0.00254	0.00771
14	0.01165	0.01274	0.02686	0.08298	0.04776	0.01222	0.60533	0.01568	0.01204	0.01624	0.01222	0.03990	0.01027	0.00556	0.00614	0.00181	0.00809	0.06297	0.00283	0.00671
15	0.00839	0.00599	0.00839	0.00959	0.01079	0.00599	0.00839	0.01079	0.01199	0.01558	0.02757	0.05874	0.02997	0.01439	0.00719	0.00240	0.00480	0.74945	0.00480	0.00480
16	0.85377	0.01007	0.00765	0.00685	0.01007	0.01168	0.00564	0.01531	0.00886	0.02336	0.00725	0.00846	0.00564	0.00483	0.00322	0.00161	0.00403	0.00282	0.00322	0.00564
17	0.00745	0.00555	0.00824	0.00824	0.00913	0.00644	0.00635	0.00922	0.00833	0.01199	0.01407	0.02110	0.01330	0.07592	0.75987	0.00821	0.01353	0.00567	0.00281	0.00458
18	0.01382	0.13987	0.01703	0.03077	0.20861	0.05129	0.01058	0.08515	0.33245	0.01942	0.02943	0.01524	0.01196	0.00593	0.00493	0.00157	0.00528	0.00491	0.00395	0.00783
19	0.01080	0.00926	0.01080	0.00771	0.01234	0.00694	0.00617	0.01311	0.01080	0.01697	0.00926	0.01080	0.00771	0.00386	0.00386	0.00077	0.00386	0.00309	0.00309	0.84882
20	0.76138	0.01006	0.00847	0.00792	0.03778	0.01140	0.00616	0.01609	0.00942	0.08075	0.00834	0.00931	0.00628	0.00495	0.00344	0.00161	0.00414	0.00307	0.00344	0.00598
21	0.07481	0.01329	0.01426	0.01151	0.03165	0.03343	0.00919	0.52355	0.06051	0.13345	0.01364	0.01378	0.00975	0.02627	0.00560	0.00166	0.00544	0.00474	0.00508	0.00839
22	0.07904	0.00915	0.01216	0.09272	0.01541	0.00865	0.00825	0.05670	0.01444	0.59679	0.04024	0.01706	0.01263	0.00632	0.00512	0.00162	0.00467	0.00510	0.00571	0.00820

[dist]
# distance from previous block
# <min> <max>
0	8

[block]
# block no. 4 follows, 47 sequences, length 23
# corresponding to MSA columns:
# 230-252
name=unknown_E
#
# <colnr> <probs for GDERKNQSTAVLIFYWHMCP>
#	G	D	E	R	K	N	Q	S	T	A	V	L	I	F	Y	W	H	M	C	P
0	0.05912	0.00884	0.01351	0.39093	0.03417	0.00961	0.03645	0.01584	0.01177	0.19824	0.04085	0.03771	0.03228	0.00670	0.00533	0.00172	0.00565	0.05746	0.00379	0.03002
1	0.01883	0.00983	0.03748	0.00961	0.01315	0.00899	0.00797	0.10344	0.11731	0.47016	0.05714	0.09042	0.01637	0.00756	0.00540	0.00168	0.00442	0.00629	0.00584	0.00813
2	0.01079	0.08251	0.69567	0.01480	0.02214	0.01275	0.05806	0.01644	0.01103	0.01620	0.00926	0.01097	0.00667	0.00488	0.00490	0.00162	0.00760	0.00389	0.00222	0.00759
3	0.01080	0.00926	0.01080	0.00771	0.01234	0.00694	0.00617	0.01311	0.01080	0.01697	0.00926	0.01080	0.00771	0.00386	0.00386	0.00077	0.00386	0.00309	0.00309	0.84882
4	0.00710	0.00524	0.00664	0.00643	0.00765	0.00478	0.00477	0.00926	0.01390	0.01922	0.60913	0.11081	0.15269	0.01152	0.00619	0.00170	0.00253	0.01013	0.00552	0.00478
5	0.56173	0.01066	0.01039	0.01069	0.10606	0.01191	0.00749	0.08735	0.06256	0.04552	0.01094	0.01181	0.03360	0.00543	0.00395	0.00161	0.00443	0.00378	0.00362	0.00649
6	0.00673	0.00505	0.00625	0.00679	0.00775	0.00461	0.00494	0.00820	0.01161	0.01522	0.18792	0.35993	0.23848	0.02824	0.00682	0.00200	0.00302	0.08699	0.00498	0.00445
7	0.01228	0.22801	0.47144	0.01316	0.01924	0.10002	0.03274	0.01654	0.01126	0.01488	0.00882	0.01048	0.00684	0.00579	0.02623	0.00167	0.00754	0.00362	0.00229	0.00716
8	0.00638	0.00528	0.00559	0.00551	0.00717	0.00449	0.00413	0.00791	0.01240	0.01533	0.18785	0.04804	0.64650	0.01272	0.00615	0.00174	0.00260	0.01070	0.00500	0.00449
9	0.01057	0.01001	0.01695	0.61864	0.21595	0.01176	0.01483	0.01395	0.01076	0.01420	0.00939	0.01364	0.00726	0.00507	0.00519	0.00169	0.00676	0.00463	0.00238	0.00638
10	0.00974	0.00908	0.01483	0.65724	0.03120	0.01134	0.01328	0.01291	0.01060	0.01395	0.08209	0.01602	0.01092	0.00608	0.00637	0.00178	0.07917	0.00507	0.00263	0.00569
11	0.14092	0.01474	0.01421	0.01131	0.01514	0.08911	0.00922	0.55311	0.05574	0.02904	0.01172	0.01194	0.00851	0.00600	0.00488	0.00156	0.00575	0.00435	0.00469	0.00809
12	0.00983	0.00926	0.01562	0.80447	0.03587	0.01157	0.01446	0.01331	0.01041	0.01331	0.00926	0.01388	0.00694	0.00521	0.00521	0.00174	0.00694	0.00463	0.00231	0.00579
13	0.07050	0.00917	0.01148	0.00922	0.01284	0.00873	0.00749	0.02434	0.15541	0.55772	0.06191	0.01865	0.01501	0.00670	0.00518	0.00164	0.00424	0.00544	0.00600	0.00834
14	0.85377	0.01007	0.00765	0.00685	0.01007	0.01168	0.00564	0.01531	0.00886	0.02336	0.00725	0.00846	0.00564	0.00483	0.00322	0.00161	0.00403	0.00282	0.00322	0.00564
15	0.00635	0.00503	0.00572	0.00609	0.00729	0.00440	0.00436	0.00766	0.01154	0.01456	0.12567	0.30788	0.44709	0.01397	0.00632	0.00187	0.00275	0.01211	0.00494	0.00440
16	0.85377	0.01007	0.00765	0.00685	0.01007	0.01168	0.00564	0.01531	0.00886	0.02336	0.00725	0.00846	0.00564	0.00483	0.00322	0.00161	0.00403	0.00282	0.00322	0.00564
17	0.01193	0.00903	0.01410	0.40179	0.11560	0.01010	0.01163	0.04359	0.01228	0.12091	0.12174	0.05784	0.01536	0.00677	0.00568	0.00171	0.02400	0.00590	0.00363	0.00641
18	0.01125	0.17228	0.58582	0.01314	0.01979	0.01314	0.01623	0.01612	0.01103	0.03823	0.01094	0.03024	0.02916	0.00539	0.00473	0.00156	0.00696	0.00414	0.00246	0.00737
19	0.01331	0.47116	0.12503	0.08516	0.01689	0.01681	0.01065	0.08413	0.03286	0.01547	0.00875	0.01012	0.00724	0.00478	0.00400	0.00127	0.00581	0.00339	0.00266	0.08053
20	0.01139	0.11260	0.03929	0.08044	0.01447	0.00918	0.00768	0.02578	0.01151	0.05456	0.08331	0.04047	0.01255	0.00531	0.00435	0.00111	0.00438	0.00433	0.00338	0.47389
21	0.01117	0.01187	0.13861	0.01261	0.06730	0.02258	0.05945	0.02730	0.01213	0.08651	0.20690	0.04659	0.05625	0.00912	0.02608	0.00196	0.16178	0.03162	0.00390	0.00628
22	0.01308	0.01230	0.10773	0.09135	0.33991	0.01065	0.01281	0.05737	0.03292	0.11583	0.09743	0.03303	0.04006	0.00628	0.00532	0.00162	0.00554	0.00559	0.00368	0.00750

[dist]
# distance from previous block
# <min> <max>
4	14

[block]
# block no. 5 follows, 47 sequences, length 58
# corresponding to MSA columns:
# 267-324
name=unknown_F
#
# <colnr> <probs for GDERKNQSTAVLIFYWHMCP>
#	G	D	E	R	K	N	Q	S	T	A	V	L	I	F	Y	W	H	M	C	P
0	0.03517	0.03378	0.24245	0.00961	0.03278	0.00790	0.00953	0.01282	0.01173	0.09829	0.05147	0.09804	0.31706	0.00949	0.00555	0.00171	0.00459	0.00790	0.00407	0.00606
1	0.01196	0.01272	0.16182	0.11419	0.13513	0.02410	0.06949	0.01569	0.03881	0.11315	0.11123	0.02271	0.05152	0.00731	0.00579	0.01451	0.00575	0.07358	0.00375	0.00678
2	0.01487	0.05017	0.10328	0.07124	0.01594	0.00958	0.06079	0.06583	0.04643	0.27131	0.09603	0.04829	0.03984	0.02732	0.00599	0.00177	0.00516	0.05433	0.00468	0.00714
3	0.01142	0.13288	0.53565	0.01338	0.03216	0.07292	0.01559	0.01587	0.01115	0.01538	0.03881	0.01238	0.00868	0.02658	0.00584	0.03073	0.00713	0.00401	0.00241	0.00703
4	0.02692	0.01109	0.04437	0.34745	0.12421	0.09005	0.02471	0.01394	0.02525	0.02567	0.01349	0.07923	0.02518	0.02043	0.00639	0.03754	0.00632	0.06887	0.00298	0.00590
5	0.01228	0.10358	0.19983	0.02279	0.40932	0.01312	0.05387	0.01682	0.06814	0.01680	0.02819	0.01310	0.00919	0.00500	0.00499	0.00155	0.00636	0.00454	0.00273	0.00781
6	0.01038	0.00976	0.01632	0.61121	0.18164	0.01151	0.01436	0.01389	0.02197	0.01421	0.01070	0.01528	0.02252	0.00544	0.00525	0.00171	0.00663	0.01845	0.00250	0.00626
7	0.01097	0.01028	0.01728	0.45037	0.29780	0.01153	0.02811	0.02654	0.01143	0.01541	0.04775	0.01558	0.00995	0.00545	0.00529	0.00167	0.00643	0.01882	0.00267	0.00667
8	0.01252	0.01333	0.04454	0.21813	0.30974	0.12955	0.03173	0.03392	0.02512	0.01555	0.01339	0.01677	0.06752	0.00597	0.00545	0.00163	0.01984	0.02562	0.00286	0.00683
9	0.01027	0.08182	0.49378	0.01341	0.01928	0.01138	0.09127	0.01507	0.01186	0.01709	0.16797	0.01684	0.01547	0.00602	0.00519	0.00162	0.00657	0.00514	0.00297	0.00698
10	0.01226	0.20263	0.50677	0.01367	0.02017	0.02819	0.06893	0.01689	0.01129	0.05955	0.00957	0.01097	0.00707	0.00489	0.00468	0.00153	0.00714	0.00384	0.00249	0.00746
11	0.03587	0.07229	0.37045	0.01195	0.01725	0.05772	0.01306	0.10324	0.01373	0.13045	0.11072	0.01541	0.01324	0.00604	0.00501	0.00158	0.00618	0.00474	0.00367	0.00742
12	0.00798	0.00574	0.00747	0.00831	0.00917	0.00567	0.00628	0.06639	0.01168	0.01547	0.02713	0.52797	0.03116	0.01497	0.00670	0.00216	0.00376	0.23241	0.00485	0.00475
13	0.00935	0.00645	0.00933	0.12398	0.01403	0.00664	0.00859	0.01170	0.01186	0.07019	0.06515	0.14246	0.02702	0.01253	0.00664	0.00217	0.00473	0.45741	0.00461	0.00516
14	0.04387	0.01569	0.31544	0.07296	0.04302	0.00973	0.03651	0.01756	0.01236	0.23097	0.08383	0.04578	0.01399	0.00656	0.00527	0.00168	0.00586	0.02765	0.00394	0.00733
15	0.06900	0.23401	0.46360	0.01234	0.01844	0.01440	0.01457	0.01720	0.08097	0.01633	0.00974	0.01090	0.00741	0.00500	0.00444	0.00152	0.00656	0.00368	0.00256	0.00734
16	0.00743	0.00501	0.00585	0.00598	0.00606	0.00502	0.00350	0.00762	0.00788	0.01055	0.01768	0.12146	0.02041	0.69053	0.05993	0.00487	0.00523	0.00830	0.00333	0.00335
17	0.63675	0.01143	0.06357	0.09861	0.01514	0.01181	0.06565	0.01527	0.00944	0.02125	0.00787	0.00967	0.00602	0.00485	0.00379	0.00164	0.00497	0.00335	0.00301	0.00590
18	0.01705	0.12385	0.06823	0.01069	0.01473	0.01425	0.00944	0.40442	0.08047	0.09909	0.03234	0.01409	0.01071	0.00610	0.00485	0.00150	0.00525	0.00465	0.07028	0.00802
19	0.00994	0.00922	0.01521	0.69177	0.03237	0.01162	0.01368	0.01291	0.01001	0.01302	0.00902	0.01375	0.00704	0.00621	0.00706	0.04425	0.08040	0.00462	0.00231	0.00560
20	0.01158	0.01240	0.02539	0.07520	0.14974	0.01195	0.50675	0.01534	0.01193	0.01628	0.02712	0.08783	0.01114	0.00571	0.00597	0.00175	0.00758	0.00666	0.00287	0.00684
21	0.01307	0.01201	0.01944	0.18068	0.55143	0.01264	0.01500	0.10027	0.01300	0.01807	0.01000	0.01304	0.00806	0.00493	0.00517	0.00159	0.00628	0.00464	0.00282	0.00784
22	0.07261	0.01540	0.15329	0.03353	0.01629	0.04953	0.01071	0.32449	0.14953	0.04438	0.01396	0.05761	0.01089	0.00655	0.00508	0.00164	0.00566	0.00513	0.01594	0.00779
23	0.01205	0.01292	0.05109	0.14431	0.02511	0.01257	0.44502	0.07355	0.06456	0.01741	0.01226	0.06580	0.01001	0.00573	0.00608	0.00177	0.02359	0.00622	0.00308	0.00687
24	0.00905	0.00452	0.00678	0.00678	0.00678	0.00452	0.00452	0.00678	0.00678	0.00905	0.00905	0.01583	0.00905	0.01809	0.02035	0.84848	0.00452	0.00452	0.00226	0.00226
25	0.01092	0.01087	0.01995	0.49442	0.16604	0.01207	0.18150	0.01453	0.01109	0.01471	0.00964	0.01374	0.00739	0.00493	0.00541	0.00171	0.00722	0.00497	0.00243	0.00649
26	0.11797	0.04145	0.07767	0.01153	0.03799	0.11397	0.00965	0.32957	0.04848	0.08262	0.01405	0.01424	0.05120	0.00618	0.00485	0.00155	0.00577	0.00460	0.01907	0.00758
27	0.07534	0.01034	0.01682	0.49066	0.27892	0.01184	0.01429	0.01433	0.01077	0.01529	0.00928	0.01314	0.00727	0.00499	0.00504	0.00166	0.00647	0.00449	0.00247	0.00658
28	0.01090	0.01013	0.01663	0.60425	0.16972	0.01206	0.01443	0.04869	0.01125	0.01486	0.00943	0.01357	0.00726	0.00527	0.00555	0.00171	0.03079	0.00463	0.00249	0.00637
29	0.00679	0.00520	0.00619	0.00614	0.00743	0.00464	0.00451	0.00858	0.01295	0.01719	0.40012	0.13676	0.32568	0.02635	0.00656	0.00180	0.00264	0.01064	0.00524	0.00460
30	0.00863	0.00667	0.02757	0.00722	0.00896	0.00601	0.00572	0.06777	0.01423	0.04250	0.44920	0.08089	0.17621	0.01224	0.04268	0.00201	0.00356	0.02743	0.00525	0.00526
31	0.06169	0.00747	0.00928	0.11780	0.01290	0.00780	0.00685	0.11944	0.01358	0.04015	0.26028	0.02793	0.15654	0.01027	0.00765	0.11948	0.00402	0.00715	0.00441	0.00530
32	0.01714	0.35791	0.02001	0.01153	0.01495	0.47129	0.00958	0.01862	0.01301	0.01254	0.00771	0.00896	0.00670	0.00498	0.00413	0.00125	0.00779	0.00312	0.00249	0.00631
33	0.00750	0.00532	0.00707	0.00707	0.00755	0.00580	0.00489	0.00846	0.00798	0.01113	0.01514	0.02704	0.01588	0.41511	0.42420	0.00676	0.00965	0.00654	0.00297	0.00393
34	0.01249	0.01351	0.04026	0.33669	0.23116	0.14375	0.01388	0.01528	0.01123	0.01421	0.00889	0.01245	0.00723	0.00558	0.00665	0.00169	0.11169	0.00439	0.00244	0.00654
35	0.01277	0.01255	0.03470	0.05145	0.75174	0.01235	0.01600	0.01592	0.01181	0.01691	0.00977	0.01288	0.00819	0.00466	0.00515	0.00155	0.00623	0.00463	0.00256	0.00818
36	0.04484	0.00889	0.01197	0.00920	0.01321	0.00776	0.00760	0.02512	0.01475	0.76833	0.02020	0.01749	0.01270	0.00640	0.00518	0.00161	0.00442	0.00517	0.00636	0.00878
37	0.01248	0.06403	0.21469	0.04925	0.34113	0.01188	0.06056	0.01615	0.01160	0.07514	0.02959	0.01376	0.00935	0.00734	0.05894	0.00204	0.00702	0.00465	0.00284	0.00757
38	0.05060	0.00945	0.01218	0.02894	0.01387	0.00885	0.00791	0.08131	0.06706	0.61917	0.03262	0.01740	0.01303	0.00646	0.00518	0.00162	0.00452	0.00521	0.00605	0.00856
39	0.02136	0.00865	0.01161	0.00904	0.01275	0.00764	0.00741	0.05004	0.01523	0.67110	0.10958	0.02002	0.01700	0.00693	0.00534	0.00161	0.00425	0.00571	0.00632	0.00840
40	0.00634	0.00453	0.00604	0.00725	0.00755	0.00423	0.00483	0.00725	0.00997	0.01329	0.02870	0.81358	0.03444	0.01632	0.00665	0.00211	0.00302	0.01480	0.00483	0.00423
41	0.05661	0.32197	0.03240	0.00901	0.01296	0.01278	0.00809	0.01977	0.02558	0.37254	0.01515	0.06775	0.01156	0.00626	0.00450	0.00146	0.00481	0.00481	0.00446	0.00752
42	0.01229	0.01405	0.03073	0.02195	0.02722	0.01317	0.76558	0.01668	0.01229	0.01668	0.01054	0.01405	0.00790	0.00439	0.00615	0.00176	0.00878	0.00615	0.00263	0.00702
43	0.00634	0.00453	0.00604	0.00725	0.00755	0.00423	0.00483	0.00725	0.00997	0.01329	0.02870	0.81358	0.03444	0.01632	0.00665	0.00211	0.00302	0.01480	0.00483	0.00423
44	0.01045	0.02694	0.79000	0.01484	0.02254	0.01209	0.01924	0.01649	0.01099	0.01649	0.00935	0.01099	0.00660	0.00495	0.00495	0.00165	0.00770	0.00385	0.00220	0.00770
45	0.05668	0.02419	0.12659	0.01369	0.03220	0.63068	0.01130	0.01982	0.01388	0.01386	0.00824	0.00965	0.00667	0.00527	0.00467	0.00140	0.00883	0.00343	0.00264	0.00630
46	0.01056	0.01108	0.06776	0.33043	0.21591	0.01096	0.08298	0.01444	0.04670	0.01571	0.06866	0.07669	0.01297	0.00631	0.00545	0.00171	0.00621	0.00591	0.00299	0.00657
47	0.01250	0.14106	0.54488	0.01313	0.01966	0.01310	0.01582	0.06796	0.01225	0.07607	0.03036	0.01195	0.00836	0.00523	0.00478	0.00156	0.00686	0.00400	0.00283	0.00764
48	0.07335	0.00653	0.00752	0.00680	0.00865	0.00624	0.00521	0.06193	0.01414	0.04871	0.45955	0.03549	0.18974	0.02545	0.00616	0.00170	0.00299	0.00857	0.00523	0.02603
49	0.06608	0.00806	0.08086	0.00752	0.00974	0.00636	0.00644	0.03083	0.01328	0.05249	0.40813	0.11247	0.14152	0.01023	0.00578	0.00168	0.00334	0.00879	0.00498	0.02142
50	0.01159	0.01721	0.34604	0.01142	0.01676	0.01051	0.01227	0.12375	0.05133	0.01951	0.07988	0.04273	0.01245	0.00588	0.00490	0.00144	0.00564	0.00477	0.00342	0.21849
51	0.01131	0.01355	0.22162	0.07156	0.04672	0.00881	0.01070	0.01502	0.03796	0.08688	0.04326	0.06764	0.04539	0.00612	0.00485	0.00139	0.00512	0.00512	0.00344	0.29354
52	0.07702	0.01565	0.24520	0.03231	0.27502	0.01092	0.02777	0.01647	0.01147	0.08980	0.01040	0.01215	0.00788	0.00479	0.00476	0.00147	0.00599	0.00410	0.00296	0.14388
53	0.06963	0.01344	0.09618	0.02463	0.52635	0.03153	0.01404	0.01554	0.01147	0.01718	0.01000	0.03428	0.00853	0.00494	0.00489	0.00148	0.00592	0.00451	0.00271	0.10276
54	0.05154	0.10808	0.23437	0.01449	0.13389	0.16178	0.01222	0.01603	0.02452	0.01654	0.14042	0.01544	0.01425	0.00589	0.00485	0.00149	0.00633	0.00467	0.00308	0.03012
55	0.10697	0.16635	0.34128	0.01429	0.11396	0.06239	0.01354	0.01608	0.03215	0.01625	0.01035	0.06523	0.00887	0.00566	0.00459	0.00155	0.00639	0.00441	0.00266	0.00702
56	0.07107	0.21164	0.35890	0.07490	0.09912	0.07049	0.01447	0.01621	0.01106	0.01550	0.00864	0.01049	0.00676	0.00484	0.00447	0.00149	0.00684	0.00363	0.00236	0.00710
57	0.03105	0.30003	0.43099	0.01225	0.01820	0.01458	0.03678	0.01570	0.01110	0.01548	0.06118	0.01201	0.00954	0.00515	0.00447	0.00146	0.00655	0.00390	0.00249	0.00709

[dist]
# distance from previous block
# <min> <max>
3	27

[block]
# block no. 6 follows, 47 sequences, length 21
# corresponding to MSA columns:
# 352-372
name=unknown_G
#
# <colnr> <probs for GDERKNQSTAVLIFYWHMCP>
#	G	D	E	R	K	N	Q	S	T	A	V	L	I	F	Y	W	H	M	C	P
0	0.03968	0.08622	0.62343	0.01481	0.04694	0.01266	0.04850	0.01664	0.01109	0.04000	0.00952	0.01110	0.00687	0.00492	0.00483	0.00161	0.00730	0.00390	0.00240	0.00757
1	0.01073	0.09184	0.72759	0.01436	0.02179	0.01279	0.01840	0.01642	0.01096	0.01615	0.00917	0.01078	0.00660	0.00491	0.00482	0.00161	0.00752	0.00376	0.00220	0.00761
2	0.01074	0.09499	0.72456	0.01433	0.02175	0.01282	0.01835	0.01642	0.01096	0.01613	0.00916	0.01077	0.00660	0.00491	0.00481	0.00160	0.00751	0.00376	0.00220	0.00761
3	0.01045	0.02694	0.79000	0.01484	0.02254	0.01209	0.01924	0.01649	0.01099	0.01649	0.00935	0.01099	0.00660	0.00495	0.00495	0.00165	0.00770	0.00385	0.00220	0.00770
4	0.01008	0.05057	0.64037	0.01333	0.01990	0.01125	0.01663	0.01541	0.01157	0.01704	0.13121	0.01531	0.01332	0.00583	0.00508	0.00163	0.00680	0.00469	0.00276	0.00722
5	0.00856	0.01314	0.28408	0.00956	0.01322	0.00752	0.01003	0.01217	0.01286	0.01853	0.40681	0.07180	0.04734	0.00864	0.00562	0.00162	0.00442	0.00744	0.00427	0.05238
6	0.00633	0.00528	0.00552	0.00546	0.00714	0.00447	0.00410	0.00782	0.01229	0.01507	0.15989	0.04847	0.67463	0.01282	0.00615	0.00174	0.00261	0.01076	0.00497	0.00447
7	0.01295	0.01119	0.01178	0.01060	0.01354	0.01295	0.00824	0.02767	0.77509	0.02178	0.02120	0.01943	0.01590	0.00707	0.00530	0.00177	0.00412	0.00589	0.00530	0.00824
8	0.01045	0.02694	0.79000	0.01484	0.02254	0.01209	0.01924	0.01649	0.01099	0.01649	0.00935	0.01099	0.00660	0.00495	0.00495	0.00165	0.00770	0.00385	0.00220	0.00770
9	0.01045	0.02694	0.79000	0.01484	0.02254	0.01209	0.01924	0.01649	0.01099	0.01649	0.00935	0.01099	0.00660	0.00495	0.00495	0.00165	0.00770	0.00385	0.00220	0.00770
10	0.07798	0.62185	0.05274	0.00891	0.01301	0.03509	0.00875	0.01513	0.01093	0.01406	0.06976	0.01232	0.01064	0.00529	0.00375	0.00126	0.00535	0.02408	0.00266	0.00643
11	0.00687	0.00516	0.00725	0.00923	0.06961	0.00488	0.00572	0.00795	0.01012	0.01359	0.02719	0.74963	0.03235	0.01538	0.00653	0.00207	0.00327	0.01399	0.00465	0.00455
12	0.01061	0.01140	0.04919	0.04066	0.09090	0.04064	0.28773	0.01349	0.01137	0.01530	0.03304	0.18137	0.03192	0.00856	0.00717	0.00189	0.08400	0.07132	0.00332	0.00610
13	0.01295	0.21134	0.24446	0.11450	0.08073	0.15878	0.01318	0.01657	0.03401	0.01458	0.02424	0.01247	0.03040	0.00532	0.00463	0.00147	0.00694	0.00403	0.00257	0.00682
14	0.00720	0.00601	0.00637	0.00620	0.00798	0.00555	0.00467	0.01037	0.10890	0.01601	0.15441	0.07027	0.55306	0.01215	0.00606	0.00175	0.00281	0.01024	0.00503	0.00495
15	0.00646	0.00462	0.00615	0.00717	0.00758	0.00431	0.00484	0.00754	0.01051	0.01416	0.11435	0.72548	0.03611	0.01567	0.00659	0.00206	0.00296	0.01419	0.00494	0.00431
16	0.00981	0.05587	0.07656	0.00923	0.01161	0.00794	0.00839	0.04811	0.05507	0.04846	0.04487	0.06438	0.16411	0.01162	0.00626	0.00201	0.00458	0.36093	0.00457	0.00562
17	0.01276	0.08155	0.02171	0.07888	0.63912	0.01306	0.04639	0.01581	0.01167	0.01635	0.00957	0.01261	0.00802	0.00465	0.00504	0.00153	0.00629	0.00454	0.00253	0.00791
18	0.00643	0.00460	0.00612	0.00720	0.00757	0.00428	0.00484	0.00746	0.01035	0.01390	0.08885	0.75171	0.03562	0.01586	0.00661	0.00208	0.00298	0.01437	0.00491	0.00428
19	0.00983	0.00926	0.01562	0.80447	0.03587	0.01157	0.01446	0.01331	0.01041	0.01331	0.00926	0.01388	0.00694	0.00521	0.00521	0.00174	0.00694	0.00463	0.00231	0.00579
20	0.02836	0.51189	0.11601	0.07780	0.01581	0.04017	0.01016	0.01499	0.01086	0.02654	0.03227	0.07455	0.01024	0.00578	0.00411	0.00135	0.00572	0.00429	0.00265	0.00648

[dist]
# distance from previous block
# <min> <max>
2	5

[block]
# block no. 7 follows, 47 sequences, length 6
# corresponding to MSA columns:
# 378-383
name=unknown_H
#
# <colnr> <probs for GDERKNQSTAVLIFYWHMCP>
#	G	D	E	R	K	N	Q	S	T	A	V	L	I	F	Y	W	H	M	C	P
0	0.00722	0.00543	0.00690	0.00744	0.00839	0.00502	0.00516	0.00911	0.05166	0.01456	0.06892	0.64377	0.03151	0.01421	0.00626	0.00193	0.00314	0.01281	0.00473	0.09186
1	0.00734	0.00511	0.00646	0.00666	0.00696	0.00531	0.00433	0.00798	0.00818	0.01115	0.01776	0.15774	0.01988	0.47709	0.23020	0.00546	0.00711	0.00822	0.00333	0.00373
2	0.00971	0.00485	0.00485	0.00485	0.00607	0.00485	0.00364	0.01213	0.01092	0.01942	0.01699	0.01942	0.01335	0.00607	0.00364	0.00121	0.00243	0.00485	0.84589	0.00485
3	0.71749	0.01248	0.00881	0.00792	0.01106	0.13980	0.00636	0.01620	0.00983	0.02163	0.00738	0.00861	0.00581	0.00492	0.00346	0.00157	0.00490	0.00291	0.00313	0.00570
4	0.00890	0.00498	0.00542	0.00540	0.00630	0.00503	0.00380	0.01070	0.01012	0.01669	0.05608	0.02405	0.01652	0.20526	0.06772	0.00269	0.00391	0.00580	0.53619	0.00443
5	0.01190	0.01260	0.02512	0.19598	0.21049	0.01263	0.42130	0.01577	0.01178	0.01602	0.01008	0.01373	0.00777	0.00463	0.00570	0.00170	0.00776	0.00545	0.00255	0.00705

[dist]
# distance from previous block
# <min> <max>
0	2

[block]
# block no. 8 follows, 47 sequences, length 6
# corresponding to MSA columns:
# 399-404
name=unknown_I
#
# <colnr> <probs for GDERKNQSTAVLIFYWHMCP>
#	G	D	E	R	K	N	Q	S	T	A	V	L	I	F	Y	W	H	M	C	P
0	0.00775	0.00606	0.00875	0.00991	0.08700	0.00634	0.00661	0.00955	0.01011	0.01405	0.12863	0.10543	0.09992	0.07316	0.39664	0.00521	0.00873	0.00763	0.00363	0.00489
1	0.04496	0.04885	0.38041	0.09210	0.01873	0.06584	0.01332	0.01582	0.06635	0.01639	0.01267	0.09263	0.01076	0.00638	0.00488	0.00162	0.00624	0.00516	0.09022	0.00666
2	0.01768	0.01379	0.01637	0.01594	0.17337	0.01505	0.01098	0.53794	0.09826	0.02846	0.01283	0.01329	0.00945	0.00600	0.00521	0.00158	0.00566	0.00480	0.00468	0.00867
3	0.02756	0.00857	0.03001	0.03533	0.05644	0.00827	0.00797	0.06590	0.12373	0.10100	0.09795	0.03470	0.17721	0.00984	0.00588	0.00183	0.00425	0.17622	0.00483	0.02251
4	0.04523	0.07187	0.30047	0.01086	0.01501	0.00977	0.01154	0.03524	0.01149	0.10470	0.01629	0.07988	0.01533	0.08896	0.00754	0.00213	0.00578	0.15788	0.00363	0.00642
5	0.01704	0.01156	0.06957	0.01251	0.01654	0.01024	0.15573	0.14648	0.01489	0.32320	0.01631	0.01890	0.01205	0.00974	0.08455	0.00237	0.00670	0.05918	0.00472	0.00771

[dist]
# distance from previous block
# <min> <max>
3	21

[block]
# block no. 9 follows, 47 sequences, length 10
# corresponding to MSA columns:
# 429-438
name=unknown_J
#
# <colnr> <probs for GDERKNQSTAVLIFYWHMCP>
#	G	D	E	R	K	N	Q	S	T	A	V	L	I	F	Y	W	H	M	C	P
0	0.01500	0.05922	0.05003	0.08530	0.12725	0.14820	0.01058	0.17391	0.01463	0.08855	0.01372	0.13495	0.01230	0.00772	0.01740	0.00172	0.02282	0.00591	0.00378	0.00699
1	0.13801	0.00564	0.00558	0.00563	0.00684	0.00584	0.00404	0.01122	0.00996	0.01771	0.01710	0.13464	0.01607	0.13119	0.00750	0.00199	0.00316	0.00639	0.46687	0.00462
2	0.01044	0.01205	0.13228	0.01068	0.01535	0.00832	0.11762	0.01364	0.01165	0.01745	0.12742	0.01559	0.01390	0.00514	0.00470	0.00118	0.00494	0.00461	0.00329	0.46975
3	0.45040	0.08325	0.01131	0.12941	0.01430	0.01189	0.00770	0.01399	0.01003	0.01948	0.11934	0.01394	0.01232	0.00608	0.00520	0.00165	0.07659	0.00420	0.00327	0.00566
4	0.00983	0.00716	0.00948	0.00804	0.01032	0.00651	0.07329	0.01244	0.06678	0.10174	0.10336	0.05663	0.30098	0.13326	0.00893	0.00217	0.00396	0.00835	0.00454	0.07221
5	0.14369	0.07232	0.05091	0.08233	0.01506	0.12377	0.00879	0.14557	0.02830	0.10871	0.01177	0.01520	0.00970	0.12955	0.00829	0.00209	0.02926	0.00455	0.00366	0.00649
6	0.01241	0.10484	0.28494	0.01136	0.01586	0.01277	0.01163	0.13249	0.19249	0.01880	0.01347	0.01645	0.01103	0.12960	0.00819	0.00212	0.00592	0.00491	0.00354	0.00720
7	0.01186	0.29952	0.09403	0.00809	0.01120	0.01152	0.00759	0.01398	0.01121	0.08442	0.12336	0.01950	0.01625	0.12990	0.00766	0.00190	0.00467	0.00512	0.13230	0.00591
8	0.01245	0.35983	0.01695	0.00840	0.01128	0.01346	0.00720	0.12798	0.01290	0.03610	0.12356	0.09100	0.01770	0.13084	0.00792	0.00196	0.00480	0.00592	0.00368	0.00605
9	0.01154	0.01248	0.13408	0.01344	0.01595	0.01162	0.12009	0.01414	0.01048	0.08397	0.01415	0.09267	0.01355	0.00902	0.01012	0.00205	0.30171	0.11942	0.00331	0.00621

[dist]
# distance from previous block
# <min> <max>
0	45

# created by:
# /st0/software/busco_prod/Augustus/scripts/msa2prfl.pl ./align_prep/190330.fa
