[name]
unknown

[dist]
# distance from previous block
# <min> <max>
30	137

[block]
# block no. 0 follows, 42 sequences, length 17
# corresponding to MSA columns:
# 155-171
name=unknown_A
#
# <colnr> <probs for GDERKNQSTAVLIFYWHMCP>
#	G	D	E	R	K	N	Q	S	T	A	V	L	I	F	Y	W	H	M	C	P
0	0.11897	0.01340	0.03918	0.04094	0.04088	0.09837	0.08829	0.17504	0.01543	0.05628	0.01577	0.10075	0.03042	0.00776	0.00575	0.00177	0.02191	0.03200	0.07325	0.02384
1	0.32336	0.04637	0.03914	0.09020	0.01954	0.01385	0.17717	0.14025	0.01397	0.04460	0.03472	0.01326	0.00920	0.00565	0.00500	0.00176	0.00629	0.00474	0.00371	0.00722
2	0.08994	0.10829	0.01487	0.03768	0.08218	0.01139	0.04996	0.10435	0.01340	0.01901	0.04272	0.07402	0.09328	0.03149	0.08939	0.00262	0.00635	0.06822	0.00395	0.05688
3	0.20931	0.12316	0.03872	0.06258	0.06169	0.12654	0.17526	0.07794	0.04065	0.01987	0.01011	0.01211	0.00792	0.00537	0.00499	0.00167	0.00715	0.00447	0.00324	0.00725
4	0.06385	0.04465	0.16676	0.23130	0.10342	0.05458	0.03765	0.10751	0.01417	0.01971	0.09138	0.01616	0.01266	0.00621	0.00547	0.00175	0.00685	0.00519	0.00338	0.00734
5	0.31896	0.16909	0.11924	0.04453	0.01571	0.09780	0.01003	0.05527	0.01252	0.05209	0.05064	0.01231	0.00973	0.00574	0.00441	0.00162	0.00601	0.00395	0.00342	0.00696
6	0.28241	0.09321	0.01525	0.23797	0.04115	0.01443	0.01054	0.17803	0.01430	0.02283	0.03462	0.01302	0.00901	0.00584	0.00476	0.00171	0.00586	0.00435	0.00363	0.00708
7	0.21441	0.01587	0.01427	0.10952	0.04194	0.21049	0.01013	0.17998	0.01599	0.10302	0.01126	0.01238	0.00831	0.00592	0.00495	0.00165	0.00676	0.00423	0.00403	0.02488
8	0.50407	0.01212	0.03893	0.09043	0.01582	0.02934	0.02449	0.07734	0.01221	0.10422	0.01033	0.01153	0.00757	0.00555	0.00431	0.00172	0.00526	0.00384	0.00386	0.03707
9	0.01116	0.01049	0.01746	0.63881	0.14221	0.01236	0.01539	0.01478	0.01150	0.01517	0.01009	0.01467	0.00775	0.00546	0.00554	0.00179	0.00721	0.00491	0.00259	0.05067
10	0.05637	0.01115	0.01738	0.59445	0.03377	0.01330	0.05720	0.11695	0.01340	0.01811	0.01046	0.01450	0.00778	0.00571	0.00557	0.00184	0.00727	0.00500	0.00301	0.00678
11	0.00810	0.00675	0.00968	0.00841	0.01040	0.00608	0.08469	0.01057	0.01461	0.01962	0.44714	0.04320	0.28590	0.01170	0.00664	0.00183	0.00346	0.01036	0.00551	0.00537
12	0.01022	0.00580	0.00900	0.01026	0.08904	0.00580	0.00622	0.00840	0.00792	0.01070	0.00986	0.01676	0.00968	0.01799	0.02023	0.74651	0.00508	0.00490	0.00248	0.00314
13	0.01063	0.01000	0.01688	0.78870	0.03876	0.01250	0.01563	0.01438	0.01125	0.01438	0.01000	0.01500	0.00750	0.00563	0.00563	0.00188	0.00750	0.00500	0.00250	0.00625
14	0.01063	0.01000	0.01688	0.78870	0.03876	0.01250	0.01563	0.01438	0.01125	0.01438	0.01000	0.01500	0.00750	0.00563	0.00563	0.00188	0.00750	0.00500	0.00250	0.00625
15	0.01063	0.01000	0.01688	0.78870	0.03876	0.01250	0.01563	0.01438	0.01125	0.01438	0.01000	0.01500	0.00750	0.00563	0.00563	0.00188	0.00750	0.00500	0.00250	0.00625
16	0.01380	0.01309	0.02151	0.06383	0.65636	0.01340	0.01631	0.01849	0.09195	0.01877	0.01187	0.01473	0.00973	0.00532	0.00559	0.00171	0.00648	0.00516	0.00309	0.00880

[dist]
# distance from previous block
# <min> <max>
1	12

[block]
# block no. 1 follows, 42 sequences, length 69
# corresponding to MSA columns:
# 184-213,215-253
name=unknown_B
#
# <colnr> <probs for GDERKNQSTAVLIFYWHMCP>
#	G	D	E	R	K	N	Q	S	T	A	V	L	I	F	Y	W	H	M	C	P
0	0.01386	0.01157	0.01246	0.03463	0.01490	0.01315	0.00883	0.06699	0.60600	0.03823	0.02481	0.02379	0.07591	0.00819	0.00583	0.00190	0.00454	0.02033	0.00560	0.00848
1	0.01393	0.01337	0.02284	0.03454	0.76712	0.01337	0.01727	0.01727	0.01281	0.01839	0.01059	0.01393	0.00891	0.00501	0.00557	0.00167	0.00669	0.00501	0.00279	0.00891
2	0.01376	0.03548	0.14596	0.05285	0.56915	0.04988	0.01731	0.01751	0.01273	0.01783	0.01033	0.01333	0.00846	0.00512	0.00547	0.00167	0.00713	0.00476	0.00271	0.00858
3	0.01505	0.80561	0.02949	0.00963	0.01444	0.02227	0.00963	0.01685	0.01143	0.01324	0.00782	0.00903	0.00722	0.00481	0.00361	0.00120	0.00602	0.00301	0.00241	0.00722
4	0.01352	0.49628	0.29189	0.04591	0.01901	0.01859	0.01384	0.01709	0.01158	0.01491	0.00872	0.01030	0.00720	0.00504	0.00431	0.00144	0.00690	0.00350	0.00240	0.00757
5	0.01112	0.00915	0.01194	0.01402	0.12167	0.03247	0.01006	0.03991	0.12178	0.01831	0.02477	0.06116	0.04056	0.01351	0.04225	0.00257	0.00584	0.40773	0.00476	0.00642
6	0.00762	0.00563	0.00717	0.00798	0.00888	0.00522	0.00568	0.02612	0.01171	0.01554	0.04835	0.58374	0.11011	0.01611	0.00700	0.00219	0.00350	0.08118	0.00517	0.04111
7	0.01149	0.11152	0.11038	0.46883	0.03138	0.01363	0.09706	0.01535	0.01163	0.01521	0.01101	0.01472	0.02553	0.00555	0.00543	0.00175	0.00742	0.00494	0.00261	0.03456
8	0.00996	0.00657	0.00957	0.00911	0.01064	0.00718	0.00714	0.01201	0.00989	0.09078	0.01557	0.02133	0.01379	0.03687	0.66533	0.00792	0.01352	0.00587	0.00343	0.04350
9	0.03095	0.01291	0.02091	0.08870	0.57995	0.01325	0.01577	0.06175	0.01360	0.07377	0.01144	0.01424	0.00912	0.00542	0.00583	0.00171	0.02374	0.00502	0.00324	0.00868
10	0.00865	0.00662	0.00997	0.01040	0.01175	0.00642	0.06128	0.01091	0.01244	0.01635	0.05133	0.26950	0.05052	0.01521	0.00746	0.00241	0.00481	0.43375	0.00506	0.00518
11	0.03347	0.20127	0.51864	0.01509	0.02226	0.01523	0.08502	0.01759	0.01185	0.01700	0.00965	0.01148	0.00725	0.00517	0.00503	0.00166	0.00781	0.00410	0.00245	0.00795
12	0.01063	0.01000	0.01688	0.78870	0.03876	0.01250	0.01563	0.01438	0.01125	0.01438	0.01000	0.01500	0.00750	0.00563	0.00563	0.00188	0.00750	0.00500	0.00250	0.00625
13	0.00799	0.00655	0.00714	0.00689	0.00880	0.00612	0.00524	0.01162	0.10931	0.01822	0.23555	0.04694	0.46925	0.01271	0.00655	0.00188	0.00305	0.02522	0.00554	0.00544
14	0.01167	0.01000	0.01167	0.00834	0.01334	0.00750	0.00667	0.01417	0.01167	0.01834	0.01000	0.01167	0.00834	0.00417	0.00417	0.00083	0.00417	0.00333	0.00333	0.83663
15	0.00818	0.00546	0.00614	0.00614	0.00614	0.00546	0.00341	0.00818	0.00818	0.01091	0.01773	0.03683	0.02046	0.80222	0.02864	0.00546	0.00546	0.00818	0.00341	0.00341
16	0.00709	0.00510	0.00674	0.00773	0.00828	0.00475	0.00532	0.00840	0.01172	0.01580	0.15252	0.63933	0.05478	0.01650	0.00710	0.00220	0.00321	0.03334	0.00538	0.00471
17	0.01129	0.02911	0.77306	0.01604	0.02436	0.01307	0.02079	0.01782	0.01188	0.01782	0.01010	0.01188	0.00713	0.00535	0.00535	0.00178	0.00832	0.00416	0.00238	0.00832
18	0.01129	0.02911	0.77306	0.01604	0.02436	0.01307	0.02079	0.01782	0.01188	0.01782	0.01010	0.01188	0.00713	0.00535	0.00535	0.00178	0.00832	0.00416	0.00238	0.00832
19	0.01335	0.01464	0.03039	0.04487	0.16374	0.01402	0.57681	0.01809	0.03159	0.01814	0.01149	0.01509	0.00880	0.00489	0.00640	0.00186	0.00880	0.00630	0.00290	0.00783
20	0.00826	0.00718	0.04751	0.00765	0.00944	0.00597	0.00623	0.01144	0.03856	0.02173	0.63854	0.04106	0.09838	0.01133	0.00656	0.00180	0.00307	0.02385	0.00589	0.00554
21	0.01053	0.00989	0.01660	0.76910	0.03798	0.01231	0.01534	0.01422	0.01129	0.01440	0.01118	0.01598	0.02645	0.00584	0.00565	0.00188	0.00739	0.00517	0.00257	0.00621
22	0.01426	0.07091	0.02292	0.04968	0.66247	0.01417	0.01639	0.04909	0.01327	0.01866	0.01050	0.01358	0.00879	0.00509	0.00543	0.00164	0.00664	0.00487	0.00288	0.00876
23	0.00704	0.00572	0.00624	0.00611	0.00784	0.00492	0.00458	0.00883	0.01374	0.01738	0.26612	0.05057	0.55436	0.01344	0.00665	0.00186	0.00279	0.01137	0.00551	0.00492
24	0.01129	0.01045	0.01788	0.56191	0.17565	0.01217	0.03967	0.01454	0.01134	0.01493	0.01014	0.01496	0.00797	0.00649	0.00684	0.06241	0.00722	0.00505	0.00256	0.00653
25	0.03992	0.15454	0.55895	0.01539	0.02274	0.01467	0.08381	0.01764	0.01186	0.01734	0.00977	0.01162	0.00724	0.00520	0.00512	0.00170	0.00791	0.00416	0.00246	0.00800
26	0.22809	0.01603	0.05843	0.01191	0.01554	0.19029	0.06034	0.07455	0.15687	0.04049	0.08201	0.01585	0.01352	0.00653	0.00512	0.00172	0.00630	0.00501	0.00417	0.00724
27	0.84197	0.01088	0.00827	0.00740	0.01088	0.01262	0.00609	0.01654	0.00958	0.02525	0.00784	0.00914	0.00609	0.00522	0.00348	0.00174	0.00435	0.00305	0.00348	0.00609
28	0.01385	0.01410	0.04572	0.06599	0.66500	0.03204	0.04619	0.01732	0.01281	0.01807	0.01053	0.01387	0.00874	0.00506	0.00560	0.00169	0.00697	0.00502	0.00277	0.00867
29	0.00714	0.00544	0.00711	0.00769	0.00862	0.00496	0.02137	0.00853	0.01193	0.01564	0.12048	0.51230	0.19784	0.01585	0.00701	0.00214	0.00329	0.03261	0.00528	0.00478
30	0.00761	0.00556	0.00726	0.00803	0.00899	0.00521	0.00605	0.00939	0.01267	0.01686	0.19558	0.36969	0.12396	0.01539	0.00714	0.00220	0.00354	0.18455	0.00543	0.00490
31	0.10823	0.01120	0.01222	0.01046	0.01370	0.01241	0.03266	0.11602	0.37644	0.08007	0.01883	0.01838	0.01398	0.00693	0.00519	0.00175	0.00455	0.00560	0.14333	0.00807
32	0.00821	0.00592	0.00815	0.00931	0.01030	0.00585	0.00754	0.01021	0.01197	0.01572	0.02997	0.29526	0.05545	0.01811	0.06360	0.00294	0.00521	0.42628	0.00504	0.00496
33	0.01505	0.80561	0.02949	0.00963	0.01444	0.02227	0.00963	0.01685	0.01143	0.01324	0.00782	0.00903	0.00722	0.00481	0.00361	0.00120	0.00602	0.00301	0.00241	0.00722
34	0.00669	0.00570	0.00576	0.00574	0.00763	0.00477	0.00431	0.00815	0.01292	0.01543	0.07848	0.05379	0.74323	0.01417	0.00665	0.00190	0.00284	0.01183	0.00526	0.00477
35	0.01301	0.02701	0.56970	0.01565	0.02222	0.14118	0.01827	0.01816	0.01223	0.01671	0.00959	0.01164	0.00718	0.00588	0.00664	0.00180	0.08872	0.00415	0.00247	0.00780
36	0.01170	0.01161	0.02113	0.50920	0.12295	0.01303	0.17871	0.01592	0.03008	0.01589	0.01070	0.01506	0.00814	0.00541	0.00585	0.00186	0.00777	0.00540	0.00269	0.00693
37	0.00686	0.00490	0.00653	0.00784	0.00816	0.00457	0.00522	0.00784	0.01077	0.01437	0.03102	0.79855	0.03722	0.01763	0.00718	0.00229	0.00326	0.01600	0.00522	0.00457
38	0.00797	0.00594	0.00841	0.01047	0.06421	0.00573	0.00715	0.00957	0.01152	0.01533	0.02920	0.54070	0.03385	0.01615	0.00723	0.00232	0.00404	0.21013	0.00504	0.00505
39	0.00686	0.00490	0.00653	0.00784	0.00816	0.00457	0.00522	0.00784	0.01077	0.01437	0.03102	0.79855	0.03722	0.01763	0.00718	0.00229	0.00326	0.01600	0.00522	0.00457
40	0.01943	0.01553	0.01610	0.09037	0.01885	0.09395	0.01079	0.54688	0.02247	0.02927	0.01240	0.01358	0.00914	0.00747	0.00676	0.06227	0.00663	0.00490	0.00481	0.00841
41	0.01157	0.02712	0.66745	0.01714	0.02508	0.01324	0.12441	0.01785	0.01208	0.01785	0.01028	0.01235	0.00733	0.00526	0.00553	0.00180	0.00848	0.00451	0.00244	0.00821
42	0.01376	0.54008	0.28376	0.01182	0.01783	0.01912	0.01345	0.01718	0.01159	0.01481	0.00860	0.01000	0.00719	0.00500	0.00420	0.00140	0.00680	0.00340	0.00240	0.00760
43	0.02102	0.02682	0.01595	0.01450	0.01740	0.77963	0.01087	0.02247	0.01595	0.01377	0.00870	0.01015	0.00725	0.00580	0.00507	0.00145	0.01015	0.00362	0.00290	0.00652
44	0.01043	0.00969	0.01620	0.73196	0.03656	0.01198	0.01488	0.01411	0.01159	0.01497	0.06475	0.01697	0.01081	0.00605	0.00570	0.00187	0.00715	0.00538	0.00277	0.00618
45	0.00817	0.00549	0.00632	0.00632	0.00639	0.00556	0.00364	0.00830	0.00824	0.01105	0.01756	0.03590	0.02006	0.75414	0.07617	0.00568	0.00606	0.00805	0.00338	0.00351
46	0.01699	0.40782	0.12582	0.01044	0.01535	0.01568	0.01046	0.01962	0.01319	0.23583	0.06724	0.01478	0.01250	0.00600	0.00467	0.00148	0.00573	0.00446	0.00401	0.00792
47	0.00818	0.00546	0.00614	0.00614	0.00614	0.00546	0.00341	0.00818	0.00818	0.01091	0.01773	0.03683	0.02046	0.80222	0.02864	0.00546	0.00546	0.00818	0.00341	0.00341
48	0.00894	0.00681	0.00835	0.00778	0.00943	0.00674	0.00589	0.01377	0.13929	0.02256	0.62486	0.03880	0.06305	0.01092	0.00649	0.00180	0.00296	0.00958	0.00610	0.00590
49	0.01822	0.02219	0.01479	0.06990	0.01790	0.59512	0.01080	0.02000	0.01511	0.01429	0.01296	0.01916	0.02890	0.00738	0.00554	0.00165	0.00907	0.10750	0.00325	0.00627
50	0.03866	0.10658	0.54881	0.01472	0.02179	0.07005	0.01755	0.08556	0.01341	0.01892	0.01001	0.01153	0.00734	0.00545	0.00512	0.00169	0.00790	0.00405	0.00275	0.00812
51	0.00749	0.00568	0.00691	0.00672	0.00815	0.00509	0.00500	0.00966	0.01463	0.01978	0.50025	0.10057	0.26400	0.01277	0.00668	0.00185	0.00276	0.01111	0.00584	0.00509
52	0.02525	0.00958	0.01306	0.01001	0.01437	0.00827	0.00827	0.02743	0.01611	0.77102	0.02220	0.01915	0.01393	0.00697	0.00566	0.00174	0.00479	0.00566	0.00697	0.00958
53	0.02231	0.01368	0.17283	0.01128	0.01647	0.00928	0.01090	0.02541	0.01522	0.61268	0.01966	0.01763	0.01250	0.00663	0.00559	0.00175	0.00553	0.00534	0.00600	0.00931
54	0.01129	0.02911	0.77306	0.01604	0.02436	0.01307	0.02079	0.01782	0.01188	0.01782	0.01010	0.01188	0.00713	0.00535	0.00535	0.00178	0.00832	0.00416	0.00238	0.00832
55	0.02525	0.00958	0.01306	0.01001	0.01437	0.00827	0.00827	0.02743	0.01611	0.77102	0.02220	0.01915	0.01393	0.00697	0.00566	0.00174	0.00479	0.00566	0.00697	0.00958
56	0.01667	0.01799	0.01770	0.02107	0.29222	0.29192	0.01273	0.03725	0.19942	0.01834	0.01303	0.01431	0.01038	0.00599	0.00543	0.00165	0.00738	0.00485	0.00362	0.00806
57	0.01601	0.03535	0.38745	0.01502	0.02147	0.01281	0.10636	0.10343	0.03499	0.19162	0.01371	0.01433	0.00941	0.00585	0.00559	0.00177	0.00727	0.00495	0.00394	0.00865
58	0.00795	0.00595	0.00886	0.00896	0.00991	0.00686	0.00690	0.00989	0.00917	0.01316	0.01623	0.07847	0.01575	0.04042	0.72383	0.00855	0.01422	0.00675	0.00318	0.00499
59	0.00770	0.00561	0.00724	0.00712	0.00832	0.00515	0.00523	0.01000	0.01488	0.02074	0.59752	0.16881	0.09526	0.01270	0.00673	0.00186	0.00277	0.01125	0.00597	0.00515
60	0.01153	0.04520	0.71101	0.01703	0.06941	0.01329	0.02033	0.01777	0.01193	0.01776	0.01008	0.01194	0.00724	0.00531	0.00532	0.00176	0.00817	0.00419	0.00240	0.00833
61	0.01820	0.01947	0.01846	0.05812	0.27995	0.35742	0.01325	0.11651	0.01603	0.03528	0.01036	0.01235	0.00830	0.00567	0.00536	0.00159	0.00817	0.00441	0.00329	0.00782
62	0.02013	0.08438	0.01703	0.01415	0.01704	0.68419	0.01085	0.02160	0.01524	0.01372	0.00857	0.01017	0.00725	0.00593	0.00565	0.00148	0.04958	0.00364	0.00284	0.00656
63	0.01060	0.00982	0.01642	0.65858	0.08880	0.01188	0.01487	0.01414	0.01149	0.01491	0.02629	0.05129	0.01062	0.00655	0.00578	0.00190	0.00709	0.02985	0.00280	0.00632
64	0.01501	0.65069	0.02701	0.01062	0.01466	0.06477	0.01007	0.01671	0.01130	0.01331	0.00781	0.00955	0.00725	0.00557	0.00576	0.00139	0.11572	0.00331	0.00244	0.00703
65	0.01148	0.05231	0.72698	0.01642	0.04722	0.01336	0.02034	0.01778	0.01190	0.01770	0.01004	0.01186	0.00719	0.00532	0.00530	0.00176	0.00820	0.00415	0.00239	0.00830
66	0.00804	0.00603	0.00904	0.00904	0.01005	0.00703	0.00703	0.01005	0.00904	0.01306	0.01507	0.02211	0.01407	0.04221	0.77992	0.00904	0.01507	0.00603	0.00301	0.00502
67	0.84197	0.01088	0.00827	0.00740	0.01088	0.01262	0.00609	0.01654	0.00958	0.02525	0.00784	0.00914	0.00609	0.00522	0.00348	0.00174	0.00435	0.00305	0.00348	0.00609
68	0.46643	0.01032	0.00997	0.00876	0.01180	0.01145	0.00703	0.09840	0.01249	0.12294	0.01422	0.14258	0.01276	0.00789	0.00528	0.00186	0.03882	0.00586	0.00443	0.00669

[dist]
# distance from previous block
# <min> <max>
0	1

[block]
# block no. 2 follows, 42 sequences, length 40
# corresponding to MSA columns:
# 255-271,273-295
name=unknown_C
#
# <colnr> <probs for GDERKNQSTAVLIFYWHMCP>
#	G	D	E	R	K	N	Q	S	T	A	V	L	I	F	Y	W	H	M	C	P
0	0.01393	0.01337	0.02284	0.03454	0.76712	0.01337	0.01727	0.01727	0.01281	0.01839	0.01059	0.01393	0.00891	0.00501	0.00557	0.00167	0.00669	0.00501	0.00279	0.00891
1	0.01393	0.01337	0.02284	0.03454	0.76712	0.01337	0.01727	0.01727	0.01281	0.01839	0.01059	0.01393	0.00891	0.00501	0.00557	0.00167	0.00669	0.00501	0.00279	0.00891
2	0.02316	0.00964	0.01285	0.00976	0.01421	0.00815	0.00803	0.02539	0.01543	0.65547	0.02033	0.01801	0.01307	0.00654	0.00543	0.00160	0.00469	0.00530	0.00641	0.13654
3	0.00665	0.00570	0.00570	0.00570	0.00760	0.00475	0.00428	0.00808	0.01283	0.01520	0.05701	0.05416	0.76483	0.01425	0.00665	0.00190	0.00285	0.01188	0.00523	0.00475
4	0.00705	0.00498	0.00647	0.00758	0.00786	0.00470	0.00496	0.00789	0.01039	0.01386	0.02905	0.68597	0.03474	0.13360	0.01035	0.00275	0.00359	0.01484	0.00496	0.00440
5	0.01237	0.01247	0.01814	0.01528	0.01560	0.01707	0.05374	0.01380	0.00888	0.01380	0.00761	0.01247	0.00745	0.00956	0.01780	0.00243	0.74778	0.00502	0.00248	0.00624
6	0.01020	0.00625	0.00824	0.00746	0.00918	0.00569	0.00569	0.01279	0.01595	0.11927	0.66828	0.03908	0.04804	0.01092	0.00651	0.00177	0.00293	0.00959	0.00629	0.00586
7	0.00683	0.00500	0.00642	0.00756	0.00809	0.00459	0.00510	0.00787	0.01104	0.01447	0.03437	0.70239	0.13121	0.01719	0.00711	0.00224	0.00321	0.01547	0.00522	0.00459
8	0.02139	0.01576	0.01689	0.01295	0.01745	0.01745	0.01070	0.74835	0.02646	0.03547	0.01351	0.01351	0.00957	0.00676	0.00563	0.00169	0.00619	0.00507	0.00563	0.00957
9	0.02010	0.14638	0.01803	0.01375	0.01694	0.66336	0.01068	0.02161	0.01525	0.01369	0.00856	0.00998	0.00724	0.00565	0.00485	0.00141	0.00951	0.00353	0.00282	0.00663
10	0.01063	0.01000	0.01688	0.78870	0.03876	0.01250	0.01563	0.01438	0.01125	0.01438	0.01000	0.01500	0.00750	0.00563	0.00563	0.00188	0.00750	0.00500	0.00250	0.00625
11	0.00861	0.00621	0.00843	0.00911	0.01044	0.00603	0.00765	0.01118	0.01392	0.01864	0.27037	0.05612	0.06830	0.01418	0.00736	0.00230	0.00427	0.46618	0.00551	0.00521
12	0.02102	0.02682	0.01595	0.01450	0.01740	0.77963	0.01087	0.02247	0.01595	0.01377	0.00870	0.01015	0.00725	0.00580	0.00507	0.00145	0.01015	0.00362	0.00290	0.00652
13	0.01365	0.51696	0.30590	0.01201	0.01813	0.01885	0.01378	0.01721	0.01160	0.01494	0.00867	0.01009	0.00719	0.00501	0.00426	0.00142	0.00687	0.00344	0.00240	0.00763
14	0.02085	0.00911	0.01241	0.01018	0.01375	0.00823	0.02193	0.06235	0.01562	0.54506	0.02341	0.12334	0.01841	0.00913	0.00608	0.00190	0.00480	0.07856	0.00642	0.00846
15	0.84197	0.01088	0.00827	0.00740	0.01088	0.01262	0.00609	0.01654	0.00958	0.02525	0.00784	0.00914	0.00609	0.00522	0.00348	0.00174	0.00435	0.00305	0.00348	0.00609
16	0.00805	0.00552	0.00635	0.00630	0.00660	0.00544	0.00378	0.00849	0.00933	0.01249	0.09801	0.03808	0.07447	0.64166	0.04904	0.00495	0.00530	0.00857	0.00381	0.00375
17	0.01117	0.08715	0.03355	0.01021	0.01222	0.01097	0.00849	0.12446	0.01197	0.01662	0.01352	0.01897	0.01224	0.05277	0.48688	0.00637	0.06753	0.00552	0.00331	0.00606
18	0.01063	0.01000	0.01688	0.78870	0.03876	0.01250	0.01563	0.01438	0.01125	0.01438	0.01000	0.01500	0.00750	0.00563	0.00563	0.00188	0.00750	0.00500	0.00250	0.00625
19	0.01333	0.01046	0.01215	0.00894	0.01374	0.00860	0.00717	0.05937	0.06581	0.07104	0.01196	0.01295	0.00942	0.00476	0.00447	0.00102	0.00435	0.00381	0.00389	0.67277
20	0.01185	0.14453	0.66254	0.01509	0.02288	0.01444	0.01913	0.01768	0.01182	0.01714	0.00976	0.01146	0.00714	0.00527	0.00509	0.00170	0.00798	0.00399	0.00238	0.00815
21	0.17682	0.00998	0.01227	0.00960	0.01380	0.00932	0.00793	0.04443	0.01517	0.61311	0.01930	0.01715	0.01236	0.00664	0.00525	0.00174	0.00474	0.00516	0.00628	0.00893
22	0.00804	0.00603	0.00904	0.00904	0.01005	0.00703	0.00703	0.01005	0.00904	0.01306	0.01507	0.02211	0.01407	0.04221	0.77992	0.00904	0.01507	0.00603	0.00301	0.00502
23	0.01098	0.00981	0.10838	0.02362	0.01348	0.00757	0.02265	0.02831	0.01316	0.10260	0.08871	0.15795	0.05100	0.01385	0.04173	0.00250	0.00554	0.28711	0.00494	0.00613
24	0.01093	0.08234	0.50654	0.09071	0.02246	0.01261	0.01696	0.01605	0.01144	0.01651	0.02814	0.01424	0.00930	0.01113	0.12418	0.00286	0.00897	0.00458	0.00258	0.00745
25	0.01672	0.03394	0.09193	0.01156	0.01636	0.01340	0.01021	0.30321	0.13942	0.07271	0.01419	0.01433	0.01046	0.00605	0.00519	0.00150	0.00551	0.00472	0.00472	0.22385
26	0.01387	0.66155	0.04676	0.00972	0.01404	0.01968	0.00954	0.01583	0.01108	0.01334	0.00900	0.01111	0.00827	0.01057	0.12283	0.00242	0.00747	0.00350	0.00250	0.00691
27	0.01150	0.00994	0.01168	0.00852	0.01317	0.00783	0.00683	0.01390	0.01158	0.01800	0.01176	0.01339	0.03841	0.00483	0.00491	0.00095	0.03965	0.00375	0.00337	0.76605
28	0.00792	0.00561	0.00668	0.00668	0.00718	0.00568	0.00430	0.00856	0.00908	0.01202	0.02320	0.03640	0.13339	0.52184	0.18285	0.00566	0.00707	0.00830	0.00361	0.00395
29	0.01359	0.01309	0.02265	0.06889	0.67206	0.01316	0.05356	0.01700	0.01277	0.01813	0.01120	0.01559	0.00956	0.00536	0.00570	0.00172	0.00682	0.02772	0.00285	0.00861
30	0.01173	0.01023	0.01222	0.00897	0.01348	0.00847	0.00723	0.01411	0.01137	0.01786	0.00974	0.01173	0.00824	0.00473	0.00558	0.00099	0.08211	0.00349	0.00325	0.75446
31	0.75933	0.01037	0.00802	0.00723	0.01056	0.01185	0.00591	0.01570	0.00990	0.02426	0.01270	0.01360	0.08116	0.00612	0.00380	0.00176	0.00420	0.00392	0.00366	0.00596
32	0.01190	0.01021	0.01177	0.00864	0.01347	0.00814	0.00689	0.01573	0.08540	0.01885	0.01128	0.01259	0.00921	0.00451	0.00432	0.00094	0.00420	0.00363	0.00357	0.75473
33	0.33581	0.02420	0.01255	0.01228	0.08711	0.02907	0.00890	0.07778	0.08633	0.02136	0.01158	0.02740	0.00974	0.01203	0.12518	0.00295	0.10065	0.00466	0.00363	0.00679
34	0.00984	0.00626	0.00883	0.00853	0.00970	0.00683	0.00644	0.01154	0.00968	0.08792	0.01633	0.02431	0.01516	0.16812	0.55085	0.00747	0.01203	0.00634	0.02861	0.00520
35	0.00773	0.08435	0.00875	0.00770	0.00883	0.00644	0.00564	0.00895	0.01135	0.01454	0.03390	0.53732	0.18052	0.01559	0.00675	0.00211	0.00354	0.04615	0.00494	0.00490
36	0.01277	0.01198	0.01951	0.19598	0.48549	0.01269	0.01533	0.01730	0.08597	0.01777	0.01295	0.06391	0.01119	0.00620	0.00570	0.00178	0.00643	0.00583	0.00317	0.00806
37	0.01227	0.18560	0.55569	0.01455	0.02172	0.03939	0.03543	0.01748	0.01199	0.01668	0.01109	0.01265	0.03085	0.00552	0.00506	0.00166	0.00777	0.00421	0.00250	0.00791
38	0.02845	0.03721	0.50658	0.01359	0.01979	0.01190	0.01597	0.01730	0.08515	0.01766	0.01382	0.03689	0.03079	0.03058	0.08208	0.00258	0.00798	0.00513	0.00301	0.03353
39	0.13716	0.03087	0.05470	0.04010	0.01173	0.02402	0.01958	0.01166	0.00962	0.01497	0.01567	0.14580	0.01673	0.25308	0.11006	0.00392	0.08437	0.00743	0.00342	0.00511

[dist]
# distance from previous block
# <min> <max>
0	4

# created by:
# /st0/software/busco_prod/Augustus/scripts/msa2prfl.pl ./align_prep/190635.fa
