[name]
unknown

[dist]
# distance from previous block
# <min> <max>
21	82

[block]
# block no. 0 follows, 46 sequences, length 17
# corresponding to MSA columns:
# 99-115
name=unknown_A
#
# <colnr> <probs for GDERKNQSTAVLIFYWHMCP>
#	G	D	E	R	K	N	Q	S	T	A	V	L	I	F	Y	W	H	M	C	P
0	0.06270	0.00838	0.01052	0.06353	0.03664	0.02197	0.03800	0.11393	0.04518	0.02843	0.08676	0.20933	0.05110	0.13487	0.04807	0.00266	0.01978	0.00834	0.00420	0.00560
1	0.05797	0.01103	0.01650	0.22486	0.25127	0.01182	0.04574	0.14123	0.01363	0.02935	0.02897	0.06083	0.02136	0.00628	0.00531	0.00166	0.00594	0.02231	0.00339	0.04055
2	0.00951	0.00672	0.01006	0.08182	0.07994	0.02326	0.04171	0.00926	0.00852	0.01128	0.01221	0.08523	0.01261	0.14401	0.01672	0.42936	0.00523	0.00604	0.00272	0.00379
3	0.46122	0.01330	0.09814	0.06061	0.03915	0.03467	0.04005	0.08882	0.08314	0.02228	0.00981	0.01107	0.00742	0.00529	0.00421	0.00165	0.00529	0.00378	0.00343	0.00668
4	0.00840	0.00699	0.04255	0.00836	0.00956	0.00640	0.02903	0.05261	0.01080	0.01458	0.07193	0.30534	0.07307	0.12314	0.07883	0.08323	0.02530	0.04117	0.00408	0.00463
5	0.17502	0.04080	0.05070	0.16497	0.04060	0.04279	0.17965	0.04982	0.04715	0.01794	0.02671	0.07323	0.05561	0.00650	0.00519	0.00172	0.00614	0.00581	0.00329	0.00637
6	0.08299	0.01107	0.01421	0.31927	0.10696	0.06255	0.01137	0.11005	0.04823	0.05180	0.01302	0.01560	0.04033	0.00836	0.06320	0.00216	0.00673	0.00490	0.02055	0.00664
7	0.05163	0.08773	0.07836	0.11333	0.11066	0.05962	0.03098	0.04145	0.04008	0.01626	0.04589	0.06165	0.01262	0.00841	0.03606	0.00199	0.11781	0.04138	0.03768	0.00640
8	0.02781	0.01272	0.02226	0.03239	0.03878	0.03703	0.40104	0.10636	0.01324	0.01805	0.01358	0.08215	0.03812	0.00725	0.02469	0.00192	0.07154	0.00649	0.00326	0.04132
9	0.15500	0.20723	0.03007	0.00981	0.02631	0.09868	0.00816	0.06946	0.01214	0.07263	0.04224	0.07262	0.02248	0.00770	0.02409	0.02183	0.05336	0.00484	0.01724	0.04411
10	0.16254	0.01046	0.01106	0.00933	0.01240	0.02897	0.00749	0.20952	0.10856	0.11755	0.14236	0.05900	0.01862	0.00767	0.00519	0.00166	0.00443	0.03527	0.00500	0.04292
11	0.09531	0.04106	0.03016	0.06599	0.10709	0.09839	0.04331	0.11839	0.07669	0.01896	0.04727	0.04286	0.01159	0.00799	0.03784	0.00196	0.10634	0.00512	0.03692	0.00675
12	0.00960	0.00725	0.00881	0.04886	0.01137	0.00722	0.00656	0.04939	0.13353	0.04726	0.04649	0.34670	0.11137	0.01175	0.00601	0.00185	0.00376	0.05120	0.00479	0.08623
13	0.01166	0.00753	0.00880	0.00788	0.00976	0.03767	0.00592	0.03095	0.04552	0.16331	0.27637	0.12677	0.07359	0.10455	0.00860	0.00210	0.02259	0.00840	0.00513	0.04291
14	0.07075	0.00929	0.01102	0.01067	0.06956	0.00989	0.00759	0.12184	0.12585	0.06680	0.01972	0.08535	0.09764	0.09667	0.06965	0.00260	0.05244	0.00664	0.00423	0.06182
15	0.04269	0.04966	0.01517	0.23746	0.05082	0.13907	0.05730	0.07370	0.02819	0.01536	0.01081	0.04771	0.00943	0.02750	0.05291	0.07482	0.03988	0.00499	0.00293	0.01961
16	0.03627	0.01002	0.05024	0.52988	0.07438	0.01099	0.01288	0.01425	0.06595	0.01507	0.04503	0.04528	0.02936	0.03176	0.00601	0.00186	0.00623	0.00552	0.00294	0.00608

[dist]
# distance from previous block
# <min> <max>
12	28

[block]
# block no. 1 follows, 46 sequences, length 31
# corresponding to MSA columns:
# 146-176
name=unknown_B
#
# <colnr> <probs for GDERKNQSTAVLIFYWHMCP>
#	G	D	E	R	K	N	Q	S	T	A	V	L	I	F	Y	W	H	M	C	P
0	0.06500	0.01348	0.07305	0.01077	0.02543	0.07015	0.00903	0.31833	0.03901	0.05630	0.09598	0.04155	0.03034	0.03700	0.00595	0.00167	0.00533	0.00545	0.00450	0.09167
1	0.16127	0.02932	0.01464	0.10472	0.20012	0.08415	0.01051	0.11636	0.07267	0.03307	0.02360	0.01452	0.04474	0.00575	0.00480	0.00155	0.00563	0.00460	0.00353	0.06444
2	0.07325	0.06455	0.03984	0.02305	0.43196	0.11462	0.04635	0.03610	0.02710	0.05026	0.01013	0.01227	0.00817	0.00494	0.00492	0.00151	0.00646	0.00434	0.00295	0.03723
3	0.06070	0.12846	0.39065	0.01570	0.12053	0.09365	0.03808	0.01655	0.01175	0.01650	0.05289	0.01245	0.00939	0.00526	0.00481	0.00156	0.00701	0.00415	0.00262	0.00727
4	0.00824	0.03440	0.00804	0.00679	0.00855	0.00584	0.00522	0.01078	0.02934	0.03506	0.57607	0.03708	0.13708	0.01029	0.00594	0.00160	0.00280	0.00893	0.00540	0.06255
5	0.00679	0.00534	0.00613	0.00620	0.00761	0.00471	0.00464	0.00847	0.01264	0.01625	0.26276	0.11991	0.43306	0.02978	0.00679	0.00189	0.00284	0.05445	0.00514	0.00460
6	0.00852	0.00608	0.00852	0.00974	0.01095	0.00608	0.00852	0.01095	0.01217	0.01582	0.02799	0.05963	0.03042	0.01460	0.00730	0.00243	0.00487	0.74565	0.00487	0.00487
7	0.00748	0.00540	0.00707	0.00665	0.00790	0.00499	0.00499	0.00998	0.01496	0.02120	0.77844	0.03949	0.04988	0.01081	0.00624	0.00166	0.00249	0.00956	0.00582	0.00499
8	0.01446	0.77173	0.02697	0.00931	0.01373	0.06542	0.00911	0.01613	0.01099	0.01247	0.00740	0.00854	0.00679	0.00458	0.00347	0.00114	0.00588	0.00286	0.00229	0.00675
9	0.01096	0.00940	0.01096	0.00783	0.01253	0.00705	0.00626	0.01331	0.01096	0.01723	0.00940	0.01096	0.00783	0.00392	0.00392	0.00078	0.00392	0.00313	0.00313	0.84653
10	0.00737	0.00548	0.00741	0.00779	0.00863	0.00519	0.02665	0.03949	0.01179	0.01592	0.17269	0.58398	0.05831	0.01459	0.00656	0.00201	0.00323	0.01319	0.00504	0.00471
11	0.01060	0.02735	0.78682	0.01507	0.02288	0.01228	0.01953	0.01674	0.01116	0.01674	0.00949	0.01116	0.00670	0.00502	0.00502	0.00167	0.00781	0.00391	0.00223	0.00781
12	0.02372	0.00900	0.01227	0.00941	0.01350	0.00777	0.00777	0.02576	0.01513	0.78489	0.02086	0.01799	0.01309	0.00654	0.00532	0.00164	0.00450	0.00532	0.00654	0.00900
13	0.01308	0.01256	0.02146	0.03245	0.78123	0.01256	0.01622	0.01622	0.01204	0.01727	0.00994	0.01308	0.00837	0.00471	0.00523	0.00157	0.00628	0.00471	0.00262	0.00837
14	0.01032	0.00994	0.01741	0.70446	0.06349	0.01192	0.08023	0.01391	0.01079	0.01395	0.00953	0.01407	0.00718	0.00519	0.00537	0.00176	0.00718	0.00483	0.00239	0.00608
15	0.00662	0.00476	0.00632	0.00751	0.00794	0.00446	0.00520	0.00769	0.01036	0.01373	0.02978	0.72090	0.05739	0.01629	0.00678	0.00216	0.00321	0.07964	0.00490	0.00435
16	0.02372	0.00900	0.01227	0.00941	0.01350	0.00777	0.00777	0.02576	0.01513	0.78489	0.02086	0.01799	0.01309	0.00654	0.00532	0.00164	0.00450	0.00532	0.00654	0.00900
17	0.06361	0.00919	0.01168	0.00917	0.01291	0.02260	0.00750	0.04786	0.01512	0.62954	0.09688	0.01938	0.01621	0.00687	0.00530	0.00163	0.00441	0.00557	0.00619	0.00837
18	0.01221	0.01163	0.01989	0.02853	0.64191	0.01152	0.04997	0.01519	0.01205	0.01710	0.04533	0.06957	0.02952	0.00597	0.00545	0.00163	0.00594	0.00584	0.00297	0.00780
19	0.01221	0.01612	0.13863	0.02126	0.02695	0.01321	0.65646	0.01691	0.01229	0.01691	0.01052	0.01382	0.00783	0.00454	0.00607	0.00177	0.00876	0.00591	0.00261	0.00723
20	0.00843	0.00589	0.00825	0.00939	0.01046	0.00587	0.00802	0.01044	0.01168	0.01522	0.02678	0.10525	0.02927	0.01499	0.00818	0.05999	0.00473	0.64782	0.00469	0.00466
21	0.01142	0.05130	0.30169	0.06389	0.07591	0.01257	0.31601	0.01610	0.01196	0.01679	0.06227	0.01453	0.01031	0.00516	0.00556	0.00169	0.00765	0.00528	0.00269	0.00723
22	0.01170	0.02217	0.53504	0.06012	0.05990	0.01198	0.12460	0.01695	0.01159	0.06469	0.01077	0.02785	0.00794	0.00526	0.00527	0.00170	0.00755	0.00463	0.00264	0.00764
23	0.00635	0.00527	0.00552	0.00563	0.00720	0.00448	0.00414	0.00767	0.01188	0.01441	0.08135	0.13103	0.65251	0.03040	0.00673	0.00189	0.00276	0.01143	0.00491	0.00444
24	0.01261	0.01301	0.02403	0.12784	0.40361	0.02900	0.27860	0.01623	0.01206	0.01658	0.01010	0.01356	0.00805	0.00471	0.00558	0.00167	0.00737	0.00522	0.00260	0.00757
25	0.09096	0.01033	0.06458	0.00956	0.01370	0.00854	0.00834	0.02391	0.04263	0.61759	0.04170	0.01745	0.01325	0.00645	0.00516	0.00165	0.00462	0.00517	0.00591	0.00850
26	0.01230	0.01234	0.03887	0.25164	0.53023	0.03155	0.01572	0.01558	0.01167	0.01607	0.00973	0.01324	0.00791	0.00490	0.00523	0.00162	0.00662	0.00465	0.00253	0.00759
27	0.01075	0.04659	0.61367	0.01544	0.03569	0.01215	0.10137	0.01627	0.01157	0.01695	0.06204	0.01340	0.00982	0.00533	0.00520	0.00167	0.00748	0.00454	0.00253	0.00752
28	0.01341	0.01260	0.04677	0.16791	0.51589	0.02713	0.03728	0.03122	0.01227	0.06917	0.01062	0.01349	0.00837	0.00499	0.00526	0.00162	0.00648	0.00474	0.00288	0.00788
29	0.00874	0.00656	0.00933	0.04258	0.01062	0.00659	0.06833	0.05263	0.01034	0.02620	0.02029	0.30184	0.02267	0.31732	0.04646	0.00346	0.00520	0.03235	0.00393	0.00457
30	0.01281	0.01435	0.07092	0.04917	0.42676	0.05745	0.22762	0.01636	0.01223	0.01668	0.01152	0.01443	0.03472	0.00502	0.00552	0.00164	0.00721	0.00524	0.00269	0.00765

[dist]
# distance from previous block
# <min> <max>
0	5

[block]
# block no. 2 follows, 46 sequences, length 47
# corresponding to MSA columns:
# 182-228
name=unknown_C
#
# <colnr> <probs for GDERKNQSTAVLIFYWHMCP>
#	G	D	E	R	K	N	Q	S	T	A	V	L	I	F	Y	W	H	M	C	P
0	0.01086	0.01045	0.01695	0.62716	0.18414	0.03298	0.01487	0.01425	0.01098	0.01424	0.00947	0.01377	0.00730	0.00518	0.00526	0.00171	0.00696	0.00467	0.00241	0.00638
1	0.01045	0.01025	0.01856	0.60349	0.06335	0.01183	0.15074	0.01404	0.01096	0.01428	0.01029	0.03964	0.00817	0.00547	0.00550	0.00177	0.00723	0.00531	0.00250	0.00615
2	0.01014	0.00959	0.01636	0.73041	0.03486	0.01181	0.04874	0.01362	0.01060	0.01376	0.00954	0.01414	0.00721	0.00537	0.00561	0.00177	0.02760	0.00477	0.01819	0.00591
3	0.01172	0.03651	0.11877	0.20892	0.06341	0.01301	0.43726	0.01602	0.01179	0.01598	0.01011	0.01363	0.00761	0.00474	0.00574	0.00174	0.00812	0.00542	0.00253	0.00696
4	0.00985	0.00610	0.00684	0.00624	0.00846	0.00516	0.00482	0.01138	0.01281	0.17080	0.08047	0.04368	0.59008	0.01188	0.00606	0.00175	0.00304	0.00990	0.00528	0.00541
5	0.01060	0.02735	0.78682	0.01507	0.02288	0.01228	0.01953	0.01674	0.01116	0.01674	0.00949	0.01116	0.00670	0.00502	0.00502	0.00167	0.00781	0.00391	0.00223	0.00781
6	0.02372	0.00900	0.01227	0.00941	0.01350	0.00777	0.00777	0.02576	0.01513	0.78489	0.02086	0.01799	0.01309	0.00654	0.00532	0.00164	0.00450	0.00532	0.00654	0.00900
7	0.00628	0.00534	0.00541	0.00543	0.00717	0.00447	0.00406	0.00764	0.01208	0.01443	0.07059	0.06647	0.74590	0.01339	0.00626	0.00179	0.00268	0.01120	0.00493	0.00447
8	0.01975	0.02520	0.01498	0.01362	0.01634	0.79299	0.01021	0.02111	0.01498	0.01294	0.00817	0.00953	0.00681	0.00545	0.00477	0.00136	0.00953	0.00340	0.00272	0.00613
9	0.85155	0.01022	0.00777	0.00695	0.01022	0.01186	0.00573	0.01554	0.00900	0.02372	0.00736	0.00859	0.00573	0.00491	0.00327	0.00164	0.00409	0.00286	0.00327	0.00573
10	0.09586	0.00925	0.01185	0.00927	0.01322	0.00845	0.00763	0.02500	0.05963	0.67258	0.01971	0.01727	0.01262	0.00644	0.00514	0.00165	0.00444	0.00514	0.00619	0.00867
11	0.00870	0.00462	0.00673	0.00691	0.00696	0.00457	0.00458	0.00699	0.00741	0.00988	0.01253	0.13757	0.01352	0.05148	0.01881	0.68269	0.00438	0.00631	0.00273	0.00264
12	0.02372	0.00900	0.01227	0.00941	0.01350	0.00777	0.00777	0.02576	0.01513	0.78489	0.02086	0.01799	0.01309	0.00654	0.00532	0.00164	0.00450	0.00532	0.00654	0.00900
13	0.00811	0.00587	0.00797	0.00884	0.01007	0.00573	0.00750	0.01043	0.01254	0.01650	0.15118	0.08228	0.08772	0.01397	0.00703	0.00225	0.00426	0.54788	0.00503	0.00484
14	0.00627	0.00526	0.00545	0.00561	0.00721	0.00444	0.00413	0.00756	0.01180	0.01418	0.05044	0.14796	0.68402	0.01379	0.00631	0.00183	0.00273	0.01165	0.00491	0.00444
15	0.85155	0.01022	0.00777	0.00695	0.01022	0.01186	0.00573	0.01554	0.00900	0.02372	0.00736	0.00859	0.00573	0.00491	0.00327	0.00164	0.00409	0.00286	0.00327	0.00573
16	0.00644	0.00460	0.00613	0.00736	0.00767	0.00429	0.00491	0.00736	0.01012	0.01350	0.02914	0.81076	0.03497	0.01656	0.00675	0.00215	0.00307	0.01503	0.00491	0.00429
17	0.01276	0.01043	0.01138	0.01049	0.01322	0.01183	0.00827	0.02530	0.62927	0.04804	0.02251	0.04623	0.01833	0.00833	0.00565	0.00188	0.00425	0.09863	0.00534	0.00784
18	0.01734	0.00790	0.01024	0.00837	0.01149	0.00708	0.00672	0.02017	0.06108	0.47531	0.18357	0.02700	0.12358	0.00839	0.00564	0.00167	0.00382	0.00703	0.00610	0.00751
19	0.80841	0.01016	0.00800	0.00708	0.01039	0.01165	0.00583	0.01607	0.00932	0.06339	0.00806	0.00908	0.00611	0.00499	0.00338	0.00164	0.00411	0.00299	0.00344	0.00590
20	0.00693	0.00477	0.00625	0.00728	0.00775	0.00442	0.00490	0.00788	0.01028	0.03426	0.02971	0.73400	0.06815	0.03717	0.00722	0.00220	0.00314	0.01440	0.00491	0.00440
21	0.00738	0.00540	0.00693	0.00655	0.00784	0.00495	0.00491	0.00979	0.01473	0.02065	0.72127	0.04039	0.10739	0.01101	0.00624	0.00167	0.00251	0.00969	0.00575	0.00495
22	0.00644	0.00521	0.00572	0.00590	0.00734	0.00449	0.00431	0.00783	0.01203	0.01497	0.13663	0.19798	0.54531	0.01370	0.00634	0.00184	0.00273	0.01172	0.00502	0.00449
23	0.01060	0.02735	0.78682	0.01507	0.02288	0.01228	0.01953	0.01674	0.01116	0.01674	0.00949	0.01116	0.00670	0.00502	0.00502	0.00167	0.00781	0.00391	0.00223	0.00781
24	0.64772	0.00988	0.00862	0.00743	0.01074	0.01097	0.00610	0.04083	0.01071	0.14034	0.03708	0.01152	0.00871	0.00544	0.00376	0.00163	0.00411	0.00359	0.02453	0.00629
25	0.02780	0.01380	0.04644	0.08459	0.03875	0.04895	0.48138	0.01585	0.01156	0.01581	0.01009	0.01385	0.00797	0.00718	0.05173	0.00220	0.10715	0.00559	0.00261	0.00669
26	0.01333	0.01145	0.01206	0.01079	0.01382	0.01323	0.00841	0.04721	0.75227	0.02241	0.02129	0.01954	0.01595	0.00715	0.00538	0.00179	0.00423	0.00595	0.00538	0.00838
27	0.85155	0.01022	0.00777	0.00695	0.01022	0.01186	0.00573	0.01554	0.00900	0.02372	0.00736	0.00859	0.00573	0.00491	0.00327	0.00164	0.00409	0.00286	0.00327	0.00573
28	0.01324	0.04723	0.01971	0.02672	0.57332	0.10063	0.02868	0.01593	0.01214	0.01621	0.01149	0.08894	0.01067	0.00592	0.00527	0.00159	0.00637	0.00550	0.00283	0.00764
29	0.46136	0.01289	0.01152	0.00947	0.01312	0.05280	0.00776	0.32947	0.01595	0.02720	0.00964	0.01036	0.00715	0.00554	0.00419	0.00160	0.00509	0.00369	0.00409	0.00711
30	0.00628	0.00536	0.00540	0.00539	0.00716	0.00448	0.00404	0.00765	0.01213	0.01447	0.07372	0.05056	0.75880	0.01332	0.00625	0.00178	0.00267	0.01111	0.00493	0.00448
31	0.00740	0.00568	0.00723	0.00753	0.00872	0.00509	0.00532	0.00863	0.01037	0.01424	0.02628	0.59688	0.06655	0.01391	0.00644	0.00189	0.02006	0.02576	0.00453	0.15750
32	0.16867	0.06324	0.07556	0.01025	0.01430	0.01173	0.03291	0.15314	0.08197	0.26230	0.06261	0.01558	0.01254	0.00622	0.00489	0.00162	0.00499	0.00486	0.00484	0.00780
33	0.01248	0.01426	0.03119	0.02228	0.02763	0.01337	0.76203	0.01693	0.01248	0.01693	0.01070	0.01426	0.00802	0.00446	0.00624	0.00178	0.00891	0.00624	0.00267	0.00713
34	0.00663	0.00478	0.00628	0.00714	0.00769	0.00443	0.00489	0.00787	0.01112	0.01499	0.17197	0.63292	0.06900	0.01534	0.00663	0.00204	0.00294	0.01383	0.00508	0.00443
35	0.04353	0.06302	0.02914	0.01139	0.05266	0.02923	0.04134	0.05083	0.07135	0.50931	0.03190	0.01670	0.01250	0.00625	0.00517	0.00161	0.00502	0.00513	0.00549	0.00844
36	0.57951	0.07488	0.02933	0.00794	0.01134	0.01230	0.00678	0.08657	0.01080	0.02237	0.00916	0.03996	0.00770	0.00716	0.04316	0.00192	0.00493	0.00368	0.00339	0.03713
37	0.03889	0.00603	0.00862	0.00851	0.00945	0.00709	0.00659	0.00970	0.00846	0.01261	0.01376	0.02066	0.01300	0.07593	0.69654	0.00784	0.04312	0.00562	0.00285	0.00472
38	0.03951	0.00522	0.00687	0.00699	0.00765	0.00499	0.00479	0.00825	0.00898	0.02635	0.05575	0.26833	0.04878	0.06514	0.01367	0.36715	0.00392	0.00842	0.00360	0.04564
39	0.06662	0.16865	0.01569	0.01026	0.01372	0.04696	0.00862	0.21848	0.08021	0.17665	0.01442	0.04456	0.01146	0.02197	0.00607	0.01345	0.04153	0.02862	0.00449	0.00754
40	0.05572	0.01053	0.01231	0.00979	0.01356	0.03914	0.00797	0.13111	0.09280	0.49329	0.03808	0.01833	0.03920	0.00680	0.00527	0.00164	0.00472	0.00543	0.00589	0.00844
41	0.00776	0.00555	0.00655	0.00643	0.00794	0.00486	0.00471	0.00933	0.01234	0.05684	0.22758	0.20519	0.33855	0.04214	0.00697	0.00191	0.00295	0.01083	0.00510	0.03648
42	0.01098	0.00758	0.00904	0.00810	0.00983	0.00780	0.00611	0.10835	0.07487	0.08641	0.25105	0.11235	0.10411	0.12846	0.00961	0.00227	0.04378	0.00850	0.00503	0.00578
43	0.25034	0.06638	0.01392	0.03920	0.05233	0.06084	0.00901	0.23440	0.01420	0.02204	0.01027	0.04129	0.00876	0.03687	0.00710	0.00182	0.11636	0.00448	0.00362	0.00678
44	0.00754	0.00553	0.00656	0.00660	0.00709	0.00551	0.00428	0.00810	0.00894	0.01190	0.02338	0.20366	0.12039	0.45082	0.03342	0.00381	0.04444	0.00938	0.00374	0.03492
45	0.03106	0.00611	0.00729	0.00767	0.04566	0.00608	0.00462	0.03753	0.00960	0.04140	0.05150	0.10434	0.05540	0.54703	0.01989	0.00402	0.00474	0.00813	0.00373	0.00420
46	0.09353	0.00885	0.03333	0.04815	0.01222	0.00882	0.00724	0.04326	0.17910	0.11803	0.20843	0.02724	0.04697	0.09292	0.00775	0.00210	0.00419	0.04658	0.00491	0.00638

[dist]
# distance from previous block
# <min> <max>
0	38

# created by:
# /st0/software/busco_prod/Augustus/scripts/msa2prfl.pl ./align_prep/190682.fa
