[name]
unknown

[dist]
# distance from previous block
# <min> <max>
27	61

[block]
# block no. 0 follows, 38 sequences, length 6
# corresponding to MSA columns:
# 93-98
name=unknown_A
#
# <colnr> <probs for GDERKNQSTAVLIFYWHMCP>
#	G	D	E	R	K	N	Q	S	T	A	V	L	I	F	Y	W	H	M	C	P
0	0.00926	0.00661	0.00846	0.04051	0.01067	0.00654	0.00631	0.04008	0.01309	0.04220	0.13422	0.41244	0.11020	0.09813	0.01011	0.00262	0.02453	0.01319	0.00541	0.00541
1	0.06099	0.01157	0.05540	0.00901	0.01171	0.08216	0.00750	0.07116	0.10284	0.02266	0.03729	0.02234	0.06454	0.00849	0.02270	0.00183	0.00492	0.00599	0.39014	0.00678
2	0.06460	0.06240	0.01859	0.04458	0.13035	0.05274	0.06870	0.25854	0.07313	0.02540	0.01412	0.01714	0.01137	0.07070	0.00771	0.00211	0.00667	0.00559	0.05719	0.00839
3	0.02029	0.01424	0.01566	0.01238	0.01658	0.01541	0.01013	0.51439	0.05135	0.09888	0.02075	0.02056	0.09017	0.01072	0.05783	0.00238	0.00668	0.00637	0.00592	0.00932
4	0.01914	0.01384	0.01564	0.01258	0.01641	0.01507	0.01018	0.40543	0.09604	0.09352	0.01746	0.09781	0.01434	0.00862	0.00718	0.00190	0.06765	0.00670	0.00564	0.07486
5	0.07372	0.01331	0.01462	0.01399	0.09922	0.05072	0.00988	0.25419	0.09690	0.02663	0.09681	0.04782	0.07574	0.00824	0.00593	0.00177	0.00553	0.00671	0.00513	0.09313

[dist]
# distance from previous block
# <min> <max>
15	44

[block]
# block no. 1 follows, 38 sequences, length 73
# corresponding to MSA columns:
# 158-230
name=unknown_B
#
# <colnr> <probs for GDERKNQSTAVLIFYWHMCP>
#	G	D	E	R	K	N	Q	S	T	A	V	L	I	F	Y	W	H	M	C	P
0	0.05431	0.09786	0.19510	0.01601	0.05038	0.08944	0.12128	0.14814	0.01629	0.02209	0.06320	0.07112	0.01406	0.00726	0.00591	0.00184	0.00753	0.00618	0.00388	0.00811
1	0.10346	0.16356	0.01737	0.01116	0.01516	0.03374	0.02569	0.24191	0.01717	0.03914	0.03209	0.01712	0.04622	0.01267	0.12226	0.00285	0.00754	0.00524	0.00434	0.08130
2	0.07559	0.06611	0.07252	0.04888	0.15462	0.01370	0.01193	0.08181	0.18021	0.12610	0.03386	0.01963	0.05655	0.00721	0.00575	0.00184	0.00582	0.00593	0.00480	0.02713
3	0.07212	0.31489	0.05962	0.07979	0.06196	0.03473	0.02787	0.15513	0.01521	0.02047	0.01099	0.01400	0.00933	0.06108	0.00670	0.00188	0.00672	0.00453	0.00349	0.03948
4	0.07057	0.24290	0.09923	0.01395	0.08906	0.04694	0.05234	0.05426	0.01432	0.01950	0.13180	0.04714	0.07902	0.00785	0.00554	0.00172	0.00610	0.00641	0.00392	0.00743
5	0.01132	0.00903	0.02770	0.00894	0.01169	0.00776	0.00681	0.08352	0.01381	0.03408	0.09113	0.22994	0.04311	0.12607	0.00975	0.00230	0.00454	0.00919	0.00477	0.26454
6	0.04104	0.05216	0.01565	0.01221	0.03768	0.14513	0.02899	0.11846	0.06796	0.02140	0.01318	0.01481	0.02662	0.02430	0.00571	0.00147	0.00625	0.00457	0.00398	0.35842
7	0.01006	0.00817	0.01039	0.00904	0.01092	0.02639	0.05642	0.01145	0.01126	0.01561	0.07099	0.16221	0.02333	0.34584	0.01671	0.00346	0.00533	0.00896	0.00412	0.18935
8	0.24229	0.01290	0.01506	0.27386	0.02426	0.01504	0.01170	0.21827	0.08739	0.02587	0.01245	0.01448	0.00923	0.00644	0.00539	0.00191	0.00637	0.00493	0.00424	0.00791
9	0.60993	0.01110	0.01002	0.00856	0.01242	0.01210	0.00704	0.02020	0.01214	0.19946	0.03953	0.01362	0.01037	0.00628	0.00440	0.00186	0.00470	0.00420	0.00471	0.00737
10	0.01121	0.00561	0.00561	0.00561	0.00701	0.00561	0.00421	0.01402	0.01262	0.02243	0.01962	0.02243	0.01542	0.00701	0.00421	0.00140	0.00280	0.00561	0.82198	0.00561
11	0.01460	0.01364	0.02405	0.18077	0.49372	0.01400	0.10292	0.01839	0.01357	0.04899	0.01180	0.01551	0.00940	0.00554	0.00611	0.00186	0.00760	0.00559	0.00311	0.00882
12	0.31159	0.01097	0.01208	0.00980	0.01396	0.01106	0.00804	0.04824	0.05374	0.41085	0.04018	0.01732	0.01322	0.00696	0.00526	0.00187	0.00491	0.00522	0.00598	0.00874
13	0.01121	0.00561	0.00561	0.00561	0.00701	0.00561	0.00421	0.01402	0.01262	0.02243	0.01962	0.02243	0.01542	0.00701	0.00421	0.00140	0.00280	0.00561	0.82198	0.00561
14	0.83108	0.01163	0.00884	0.00791	0.01163	0.01350	0.00651	0.01768	0.01024	0.02699	0.00838	0.00977	0.00651	0.00558	0.00372	0.00186	0.00465	0.00326	0.00372	0.00651
15	0.03166	0.01216	0.02008	0.47441	0.29008	0.01385	0.01694	0.03770	0.01306	0.01781	0.01097	0.01544	0.00858	0.00581	0.00594	0.00192	0.00759	0.00531	0.00290	0.00779
16	0.01260	0.05478	0.52631	0.01717	0.05836	0.01337	0.07403	0.01840	0.01319	0.03816	0.05714	0.03209	0.01181	0.00631	0.00585	0.00185	0.00804	0.00533	0.00309	0.04212
17	0.01236	0.10493	0.66494	0.01620	0.02451	0.01470	0.02059	0.01873	0.01278	0.01872	0.03160	0.01332	0.00903	0.00585	0.00557	0.00184	0.00848	0.00451	0.00266	0.00868
18	0.00967	0.00825	0.01124	0.01434	0.17480	0.00788	0.00876	0.01262	0.05311	0.01789	0.06924	0.17111	0.31000	0.01330	0.00703	0.00213	0.00441	0.09279	0.00507	0.00636
19	0.01169	0.02849	0.67868	0.01614	0.02425	0.01310	0.02049	0.01824	0.01316	0.01958	0.08824	0.01609	0.01278	0.00641	0.00586	0.00190	0.00825	0.00512	0.00297	0.00855
20	0.10140	0.01379	0.01915	0.26827	0.26657	0.03625	0.01495	0.16830	0.01597	0.02275	0.01141	0.01452	0.00882	0.00601	0.00574	0.00186	0.00716	0.00510	0.00360	0.00836
21	0.83108	0.01163	0.00884	0.00791	0.01163	0.01350	0.00651	0.01768	0.01024	0.02699	0.00838	0.00977	0.00651	0.00558	0.00372	0.00186	0.00465	0.00326	0.00372	0.00651
22	0.01121	0.00561	0.00561	0.00561	0.00701	0.00561	0.00421	0.01402	0.01262	0.02243	0.01962	0.02243	0.01542	0.00701	0.00421	0.00140	0.00280	0.00561	0.82198	0.00561
23	0.02247	0.02867	0.01705	0.01550	0.01860	0.76443	0.01162	0.02402	0.01705	0.01472	0.00930	0.01085	0.00775	0.00620	0.00542	0.00155	0.01085	0.00387	0.00310	0.00697
24	0.83108	0.01163	0.00884	0.00791	0.01163	0.01350	0.00651	0.01768	0.01024	0.02699	0.00838	0.00977	0.00651	0.00558	0.00372	0.00186	0.00465	0.00326	0.00372	0.00651
25	0.01262	0.10234	0.64335	0.01771	0.06969	0.01492	0.02086	0.01892	0.01272	0.01862	0.01060	0.01255	0.00775	0.00564	0.00555	0.00184	0.00855	0.00438	0.00257	0.00882
26	0.83108	0.01163	0.00884	0.00791	0.01163	0.01350	0.00651	0.01768	0.01024	0.02699	0.00838	0.00977	0.00651	0.00558	0.00372	0.00186	0.00465	0.00326	0.00372	0.00651
27	0.01210	0.01109	0.01804	0.72541	0.03997	0.01370	0.01637	0.06123	0.01307	0.01681	0.01093	0.01594	0.00816	0.00609	0.00601	0.00199	0.00793	0.00535	0.00289	0.00691
28	0.00724	0.00612	0.00628	0.00630	0.00829	0.00516	0.00476	0.00885	0.01384	0.01661	0.08661	0.05769	0.70076	0.01516	0.00714	0.00205	0.00311	0.03329	0.00562	0.00512
29	0.01351	0.01502	0.03227	0.02349	0.02895	0.01410	0.64367	0.01820	0.01401	0.01895	0.01459	0.06820	0.01248	0.00658	0.00720	0.00210	0.00947	0.04611	0.00334	0.00777
30	0.83108	0.01163	0.00884	0.00791	0.01163	0.01350	0.00651	0.01768	0.01024	0.02699	0.00838	0.00977	0.00651	0.00558	0.00372	0.00186	0.00465	0.00326	0.00372	0.00651
31	0.83108	0.01163	0.00884	0.00791	0.01163	0.01350	0.00651	0.01768	0.01024	0.02699	0.00838	0.00977	0.00651	0.00558	0.00372	0.00186	0.00465	0.00326	0.00372	0.00651
32	0.00712	0.00604	0.00615	0.00624	0.00816	0.00507	0.00464	0.00862	0.01357	0.01619	0.05916	0.10439	0.70327	0.01547	0.00715	0.00206	0.00308	0.01298	0.00559	0.00507
33	0.07827	0.01075	0.01389	0.01072	0.01533	0.00977	0.00886	0.07346	0.01748	0.66266	0.02215	0.01940	0.01406	0.00731	0.00590	0.00186	0.00519	0.00583	0.00712	0.01000
34	0.01708	0.01253	0.01375	0.01195	0.01557	0.01395	0.00941	0.07558	0.55997	0.13715	0.04829	0.02240	0.01862	0.00813	0.00614	0.00199	0.00487	0.00674	0.00633	0.00955
35	0.00839	0.00613	0.00781	0.00740	0.00883	0.00563	0.00551	0.01102	0.01645	0.02299	0.66094	0.04593	0.11861	0.03853	0.00788	0.00204	0.00296	0.01097	0.00643	0.00555
36	0.01268	0.01085	0.01288	0.04545	0.01566	0.00854	0.00769	0.03296	0.01285	0.01986	0.01079	0.01269	0.00890	0.00460	0.00457	0.00097	0.00468	0.00369	0.00358	0.76613
37	0.78615	0.01128	0.00874	0.00794	0.01148	0.01303	0.00646	0.01718	0.01031	0.02636	0.00973	0.05204	0.00833	0.00631	0.00394	0.00189	0.00459	0.00401	0.00382	0.00643
38	0.00875	0.00583	0.00656	0.00656	0.00656	0.00583	0.00365	0.00875	0.00875	0.01166	0.01895	0.03937	0.02187	0.78858	0.03062	0.00583	0.00583	0.00875	0.00365	0.00365
39	0.79229	0.04878	0.00992	0.00802	0.01181	0.01399	0.00669	0.01770	0.01033	0.02638	0.00838	0.00977	0.00657	0.00556	0.00373	0.00183	0.00474	0.00326	0.00367	0.00657
40	0.01045	0.00522	0.00784	0.00784	0.00784	0.00522	0.00522	0.00784	0.00784	0.01045	0.01045	0.01829	0.01045	0.02090	0.02351	0.82497	0.00522	0.00522	0.00261	0.00261
41	0.01034	0.00526	0.00776	0.00776	0.00776	0.00526	0.00512	0.00790	0.00790	0.01053	0.01099	0.01963	0.01118	0.07001	0.02397	0.77257	0.00526	0.00545	0.00268	0.00268
42	0.01247	0.01069	0.01247	0.00891	0.01426	0.00802	0.00713	0.01515	0.01247	0.01960	0.01069	0.01247	0.00891	0.00446	0.00446	0.00089	0.00446	0.00356	0.00356	0.82536
43	0.00711	0.00609	0.00609	0.00609	0.00813	0.00508	0.00457	0.00863	0.01371	0.01625	0.06094	0.05789	0.74862	0.01524	0.00711	0.00203	0.00305	0.01270	0.00559	0.00508
44	0.01489	0.01429	0.02442	0.03692	0.75106	0.01429	0.01846	0.01846	0.01370	0.01965	0.01132	0.01489	0.00953	0.00536	0.00596	0.00179	0.00715	0.00536	0.00298	0.00953
45	0.02699	0.01024	0.01396	0.01070	0.01536	0.00884	0.00884	0.02932	0.01722	0.75522	0.02373	0.02048	0.01489	0.00745	0.00605	0.00186	0.00512	0.00605	0.00745	0.01024
46	0.00861	0.00637	0.00931	0.00931	0.01026	0.00732	0.00707	0.01051	0.00956	0.01370	0.01644	0.02546	0.01583	0.13161	0.67934	0.00922	0.01492	0.00671	0.00327	0.00517
47	0.01136	0.01069	0.01804	0.77412	0.04143	0.01337	0.01671	0.01537	0.01203	0.01537	0.01069	0.01604	0.00802	0.00601	0.00601	0.00200	0.00802	0.00535	0.00267	0.00668
48	0.01247	0.01069	0.01247	0.00891	0.01426	0.00802	0.00713	0.01515	0.01247	0.01960	0.01069	0.01247	0.00891	0.00446	0.00446	0.00089	0.00446	0.00356	0.00356	0.82536
49	0.01121	0.00561	0.00561	0.00561	0.00701	0.00561	0.00421	0.01402	0.01262	0.02243	0.01962	0.02243	0.01542	0.00701	0.00421	0.00140	0.00280	0.00561	0.82198	0.00561
50	0.01247	0.01069	0.01247	0.00891	0.01426	0.00802	0.00713	0.01515	0.01247	0.01960	0.01069	0.01247	0.00891	0.00446	0.00446	0.00089	0.00446	0.00356	0.00356	0.82536
51	0.49740	0.01107	0.01106	0.02665	0.01378	0.01167	0.00766	0.02218	0.01301	0.31183	0.01444	0.01411	0.00983	0.00632	0.00469	0.00186	0.00491	0.00440	0.00516	0.00798
52	0.00869	0.00583	0.00668	0.00673	0.00678	0.00585	0.00385	0.00880	0.00888	0.01188	0.01939	0.06656	0.02231	0.73471	0.05469	0.00584	0.00609	0.00898	0.00370	0.00375
53	0.00841	0.00607	0.00795	0.00764	0.00896	0.00561	0.00567	0.01110	0.01656	0.02337	0.68669	0.10827	0.05531	0.01286	0.00715	0.00194	0.00289	0.01141	0.00653	0.00561
54	0.02316	0.01559	0.20457	0.01235	0.01809	0.01016	0.01227	0.02669	0.01606	0.56648	0.02042	0.01848	0.01303	0.00700	0.00596	0.00187	0.00609	0.00564	0.00619	0.00989
55	0.02328	0.01564	0.01726	0.01322	0.01802	0.01683	0.01092	0.60126	0.02613	0.15278	0.01585	0.01537	0.01095	0.00719	0.00599	0.00179	0.00633	0.00547	0.00619	0.02953
56	0.83108	0.01163	0.00884	0.00791	0.01163	0.01350	0.00651	0.01768	0.01024	0.02699	0.00838	0.00977	0.00651	0.00558	0.00372	0.00186	0.00465	0.00326	0.00372	0.00651
57	0.83108	0.01163	0.00884	0.00791	0.01163	0.01350	0.00651	0.01768	0.01024	0.02699	0.00838	0.00977	0.00651	0.00558	0.00372	0.00186	0.00465	0.00326	0.00372	0.00651
58	0.01194	0.01098	0.01800	0.68648	0.06861	0.01342	0.01622	0.04936	0.01286	0.01662	0.01152	0.03716	0.00906	0.00640	0.00606	0.00200	0.00779	0.00568	0.00293	0.00692
59	0.00859	0.00645	0.00967	0.00967	0.01074	0.00752	0.00752	0.01074	0.00967	0.01396	0.01611	0.02363	0.01504	0.04512	0.76474	0.00967	0.01611	0.00645	0.00322	0.00537
60	0.01177	0.01103	0.01858	0.64534	0.13591	0.01324	0.01667	0.01567	0.01232	0.01605	0.01159	0.01789	0.00925	0.00634	0.00610	0.00200	0.00781	0.03259	0.00282	0.00702
61	0.01136	0.01069	0.01804	0.77412	0.04143	0.01337	0.01671	0.01537	0.01203	0.01537	0.01069	0.01604	0.00802	0.00601	0.00601	0.00200	0.00802	0.00535	0.00267	0.00668
62	0.01135	0.01140	0.02183	0.12081	0.02361	0.01128	0.34150	0.01474	0.01257	0.01668	0.02038	0.04317	0.11253	0.10623	0.10155	0.00342	0.00894	0.00797	0.00349	0.00656
63	0.83108	0.01163	0.00884	0.00791	0.01163	0.01350	0.00651	0.01768	0.01024	0.02699	0.00838	0.00977	0.00651	0.00558	0.00372	0.00186	0.00465	0.00326	0.00372	0.00651
64	0.01420	0.01623	0.03550	0.02535	0.03144	0.01521	0.72921	0.01927	0.01420	0.01927	0.01217	0.01623	0.00913	0.00507	0.00710	0.00203	0.01014	0.00710	0.00304	0.00811
65	0.02225	0.01654	0.01771	0.01372	0.01842	0.01837	0.01128	0.67632	0.08397	0.03692	0.01523	0.01507	0.01087	0.00730	0.00603	0.00182	0.00647	0.00552	0.00603	0.01018
66	0.00925	0.00661	0.00919	0.01058	0.01177	0.00654	0.00893	0.01170	0.01341	0.01751	0.03209	0.20126	0.03558	0.01703	0.00819	0.00271	0.00516	0.58151	0.00555	0.00542
67	0.01583	0.74351	0.07796	0.01073	0.01612	0.02317	0.01106	0.01808	0.01225	0.01447	0.00852	0.00985	0.00771	0.00518	0.00398	0.00133	0.00659	0.00330	0.00257	0.00779
68	0.01283	0.17676	0.61851	0.01583	0.02401	0.01585	0.01994	0.01885	0.01261	0.01811	0.01033	0.01212	0.00764	0.00561	0.00536	0.00179	0.00842	0.00421	0.00255	0.00867
69	0.00846	0.00615	0.00797	0.00751	0.00896	0.00565	0.00564	0.01125	0.01691	0.02383	0.72233	0.04542	0.08250	0.01241	0.00710	0.00190	0.00285	0.01095	0.00658	0.00565
70	0.05086	0.00909	0.01178	0.00954	0.01320	0.00813	0.00770	0.02320	0.03282	0.48724	0.18408	0.02876	0.08870	0.00914	0.00629	0.00189	0.00441	0.00760	0.00693	0.00863
71	0.04735	0.01086	0.01181	0.00985	0.01224	0.01160	0.00726	0.30924	0.01736	0.06368	0.01694	0.02687	0.01608	0.39224	0.01805	0.00380	0.00607	0.00701	0.00484	0.00684
72	0.79926	0.01139	0.00877	0.00793	0.01152	0.01316	0.00648	0.01732	0.01029	0.02654	0.00933	0.03970	0.00780	0.00610	0.00388	0.00188	0.00461	0.00379	0.00379	0.00645

[dist]
# distance from previous block
# <min> <max>
0	2

[block]
# block no. 2 follows, 38 sequences, length 6
# corresponding to MSA columns:
# 233-238
name=unknown_C
#
# <colnr> <probs for GDERKNQSTAVLIFYWHMCP>
#	G	D	E	R	K	N	Q	S	T	A	V	L	I	F	Y	W	H	M	C	P
0	0.15911	0.01265	0.01767	0.43944	0.18296	0.05708	0.01496	0.01693	0.01235	0.01830	0.01033	0.01438	0.00805	0.00581	0.00556	0.00191	0.00740	0.00489	0.00295	0.00726
1	0.49069	0.05070	0.01156	0.06367	0.01463	0.01314	0.00806	0.01954	0.10209	0.07985	0.01519	0.01766	0.04239	0.00704	0.00475	0.00192	0.00501	0.04063	0.00435	0.00713
2	0.17977	0.06853	0.12939	0.07820	0.09861	0.05100	0.01211	0.07277	0.01440	0.07782	0.10705	0.01776	0.01513	0.00869	0.04255	0.00220	0.00681	0.00540	0.00407	0.00774
3	0.01538	0.01357	0.07106	0.28505	0.18918	0.01333	0.01487	0.06895	0.09625	0.11086	0.01426	0.01652	0.01054	0.00627	0.00592	0.00187	0.00689	0.00545	0.00398	0.04981
4	0.09701	0.10581	0.07391	0.14154	0.08318	0.01297	0.04809	0.07058	0.01438	0.05237	0.10537	0.04439	0.07241	0.00769	0.00574	0.00181	0.00603	0.00645	0.00410	0.04617
5	0.08278	0.11396	0.03714	0.01265	0.01726	0.05347	0.04539	0.24640	0.09176	0.16715	0.01589	0.01671	0.01172	0.00694	0.00561	0.00177	0.00631	0.02463	0.00521	0.03725

[dist]
# distance from previous block
# <min> <max>
0	72

# created by:
# /st0/software/busco_prod/Augustus/scripts/msa2prfl.pl ./align_prep/190765.fa
