[name]
unknown

[dist]
# distance from previous block
# <min> <max>
0	34

[block]
# block no. 0 follows, 47 sequences, length 155
# corresponding to MSA columns:
# 36-190
name=unknown_A
#
# <colnr> <probs for GDERKNQSTAVLIFYWHMCP>
#	G	D	E	R	K	N	Q	S	T	A	V	L	I	F	Y	W	H	M	C	P
0	0.01341	0.02908	0.03771	0.08500	0.58252	0.01190	0.01462	0.03089	0.01217	0.07675	0.01104	0.01436	0.00901	0.00510	0.00515	0.00156	0.00603	0.02427	0.00296	0.02647
1	0.09227	0.01193	0.11199	0.01097	0.01516	0.00970	0.07622	0.07986	0.03070	0.39871	0.02999	0.05516	0.02785	0.00666	0.00539	0.00167	0.01744	0.00554	0.00497	0.00782
2	0.03474	0.03696	0.07819	0.02890	0.01578	0.16640	0.00989	0.27455	0.08593	0.16216	0.01494	0.01471	0.04088	0.00626	0.00505	0.00155	0.00609	0.00473	0.00450	0.00778
3	0.00818	0.00586	0.00716	0.00705	0.00854	0.00551	0.00539	0.01101	0.06690	0.05300	0.34281	0.13626	0.22151	0.01191	0.00622	0.00181	0.00302	0.08744	0.00531	0.00511
4	0.00966	0.00721	0.00874	0.02881	0.01030	0.00740	0.00617	0.04270	0.18653	0.04659	0.52086	0.03239	0.05282	0.00944	0.00586	0.00167	0.00314	0.00821	0.00553	0.00596
5	0.09020	0.01403	0.03212	0.11325	0.01697	0.18285	0.00951	0.19249	0.01522	0.15249	0.01292	0.07224	0.01032	0.00653	0.00524	0.00158	0.02399	0.00499	0.00408	0.03898
6	0.01221	0.05881	0.05089	0.39629	0.02687	0.01258	0.12950	0.13484	0.02510	0.03419	0.01151	0.06315	0.00935	0.00594	0.00532	0.00169	0.00664	0.00540	0.00311	0.00661
7	0.00633	0.00459	0.00599	0.00711	0.00752	0.00424	0.00477	0.00727	0.01011	0.01335	0.03044	0.75838	0.08852	0.01609	0.00661	0.00209	0.00299	0.01453	0.00483	0.00424
8	0.00903	0.00861	0.03512	0.01273	0.01502	0.00795	0.23360	0.01165	0.01142	0.01530	0.03850	0.26983	0.02406	0.01154	0.00684	0.00208	0.02190	0.25537	0.00406	0.00539
9	0.03314	0.03995	0.08296	0.01171	0.01614	0.02732	0.08901	0.20148	0.02885	0.37467	0.01632	0.01554	0.02606	0.00608	0.00521	0.00160	0.00558	0.00505	0.00505	0.00828
10	0.01236	0.00639	0.00849	0.00743	0.00950	0.00573	0.00576	0.01455	0.01442	0.26374	0.47623	0.08295	0.05156	0.00973	0.00589	0.00166	0.00312	0.00847	0.00588	0.00611
11	0.01289	0.01237	0.02114	0.03196	0.78450	0.01237	0.01598	0.01598	0.01186	0.01701	0.00980	0.01289	0.00825	0.00464	0.00516	0.00155	0.00619	0.00464	0.00258	0.00825
12	0.01308	0.03057	0.07999	0.24320	0.15297	0.02806	0.12689	0.05272	0.02984	0.09963	0.01156	0.02999	0.00890	0.00562	0.00587	0.00168	0.04695	0.00504	0.02037	0.00705
13	0.01432	0.01567	0.19556	0.10110	0.20850	0.03868	0.07579	0.10160	0.06098	0.11876	0.01205	0.01353	0.00880	0.00534	0.00520	0.00162	0.00653	0.00470	0.00344	0.00783
14	0.01967	0.01449	0.01533	0.01182	0.01590	0.03177	0.00973	0.72213	0.02383	0.04746	0.01266	0.01268	0.00898	0.00623	0.00517	0.00155	0.00572	0.00468	0.02149	0.00872
15	0.76092	0.01041	0.00855	0.02407	0.04619	0.03070	0.00636	0.01537	0.00922	0.02253	0.00762	0.00902	0.00597	0.00487	0.00340	0.00160	0.00428	0.00299	0.02017	0.00576
16	0.01289	0.01237	0.02114	0.03196	0.78450	0.01237	0.01598	0.01598	0.01186	0.01701	0.00980	0.01289	0.00825	0.00464	0.00516	0.00155	0.00619	0.00464	0.00258	0.00825
17	0.01586	0.01278	0.01329	0.01111	0.01452	0.03266	0.00887	0.33185	0.43166	0.02607	0.01721	0.01634	0.01272	0.00667	0.00521	0.00166	0.00487	0.00531	0.02296	0.00837
18	0.00749	0.00536	0.00726	0.00726	0.00780	0.00591	0.00512	0.00859	0.00804	0.01127	0.01497	0.02609	0.01546	0.36066	0.47809	0.00700	0.01027	0.00640	0.00294	0.00403
19	0.06454	0.01547	0.01403	0.01156	0.01511	0.17998	0.00923	0.37629	0.16533	0.07589	0.01347	0.01330	0.00985	0.00616	0.00501	0.00156	0.00602	0.00457	0.00466	0.00796
20	0.01200	0.07227	0.17848	0.03248	0.02549	0.01345	0.55520	0.01651	0.01189	0.01628	0.01005	0.01305	0.00755	0.00452	0.00570	0.00169	0.00832	0.00544	0.00252	0.00711
21	0.00623	0.00513	0.00549	0.00572	0.00716	0.00438	0.00417	0.00751	0.01158	0.01414	0.07215	0.20419	0.60668	0.01374	0.00625	0.00183	0.00271	0.01171	0.00487	0.00438
22	0.07692	0.00894	0.01180	0.00911	0.01309	0.00791	0.00752	0.02473	0.01452	0.73879	0.01969	0.01713	0.01242	0.00634	0.00511	0.00161	0.00441	0.00508	0.00624	0.00865
23	0.01469	0.03493	0.31382	0.01462	0.09602	0.04660	0.07179	0.01876	0.02563	0.22358	0.04215	0.01467	0.01063	0.00558	0.00509	0.00159	0.00629	0.00472	0.04115	0.00769
24	0.01101	0.02483	0.70780	0.01416	0.02130	0.01147	0.01789	0.01658	0.01118	0.06152	0.01091	0.04891	0.00827	0.00557	0.00504	0.00167	0.00729	0.00444	0.00257	0.00760
25	0.01272	0.01071	0.01138	0.01030	0.01313	0.01227	0.00798	0.02627	0.70880	0.03656	0.02222	0.05541	0.03378	0.00760	0.00538	0.00178	0.00405	0.00639	0.00529	0.00799
26	0.85377	0.01007	0.00765	0.00685	0.01007	0.01168	0.00564	0.01531	0.00886	0.02336	0.00725	0.00846	0.00564	0.00483	0.00322	0.00161	0.00403	0.00282	0.00322	0.00564
27	0.00636	0.00458	0.00600	0.00713	0.00749	0.00425	0.00476	0.00727	0.01001	0.01326	0.02952	0.76379	0.06740	0.03243	0.00703	0.00216	0.00305	0.01449	0.00480	0.00422
28	0.01295	0.01119	0.01178	0.01060	0.01354	0.01295	0.00824	0.02767	0.77509	0.02178	0.02120	0.01943	0.01590	0.00707	0.00530	0.00177	0.00412	0.00589	0.00530	0.00824
29	0.01945	0.02482	0.01476	0.01342	0.01610	0.79608	0.01006	0.02079	0.01476	0.01275	0.00805	0.00939	0.00671	0.00537	0.00470	0.00134	0.00939	0.00335	0.00268	0.00604
30	0.00905	0.00570	0.00750	0.00684	0.00836	0.00520	0.00520	0.01147	0.01476	0.10168	0.70159	0.03667	0.04532	0.01020	0.00605	0.00164	0.00266	0.00898	0.00581	0.00533
31	0.00744	0.00558	0.00837	0.00837	0.00930	0.00651	0.00651	0.00930	0.00837	0.01209	0.01395	0.02046	0.01302	0.03906	0.79635	0.00837	0.01395	0.00558	0.00279	0.00465
32	0.00808	0.00548	0.00719	0.00667	0.00803	0.00504	0.00504	0.01052	0.01475	0.05501	0.74789	0.03796	0.04752	0.01046	0.00610	0.00164	0.00254	0.00923	0.00576	0.00509
33	0.02336	0.00886	0.01209	0.00927	0.01329	0.00765	0.00765	0.02538	0.01491	0.78810	0.02055	0.01773	0.01289	0.00645	0.00524	0.00161	0.00443	0.00524	0.00645	0.00886
34	0.01229	0.01405	0.03073	0.02195	0.02722	0.01317	0.76558	0.01668	0.01229	0.01668	0.01054	0.01405	0.00790	0.00439	0.00615	0.00176	0.00878	0.00615	0.00263	0.00702
35	0.00634	0.00453	0.00604	0.00725	0.00755	0.00423	0.00483	0.00725	0.00997	0.01329	0.02870	0.81358	0.03444	0.01632	0.00665	0.00211	0.00302	0.01480	0.00483	0.00423
36	0.00658	0.00463	0.00597	0.00695	0.00720	0.00438	0.00452	0.00731	0.00952	0.01269	0.02638	0.66606	0.03151	0.16784	0.01041	0.00267	0.00341	0.01344	0.00452	0.00403
37	0.01024	0.00970	0.01621	0.67888	0.11140	0.01191	0.01444	0.01354	0.01042	0.01364	0.00917	0.01364	0.00707	0.00538	0.00590	0.00175	0.05374	0.00463	0.00234	0.00603
38	0.00983	0.00926	0.01562	0.80447	0.03587	0.01157	0.01446	0.01331	0.01041	0.01331	0.00926	0.01388	0.00694	0.00521	0.00521	0.00174	0.00694	0.00463	0.00231	0.00579
39	0.01229	0.01405	0.03073	0.02195	0.02722	0.01317	0.76558	0.01668	0.01229	0.01668	0.01054	0.01405	0.00790	0.00439	0.00615	0.00176	0.00878	0.00615	0.00263	0.00702
40	0.02336	0.00886	0.01209	0.00927	0.01329	0.00765	0.00765	0.02538	0.01491	0.78810	0.02055	0.01773	0.01289	0.00645	0.00524	0.00161	0.00443	0.00524	0.00645	0.00886
41	0.01214	0.01360	0.02841	0.02058	0.02517	0.01339	0.65309	0.01608	0.01171	0.01616	0.01004	0.01364	0.00776	0.00498	0.00748	0.00180	0.11007	0.00588	0.00260	0.02542
42	0.00634	0.00453	0.00604	0.00725	0.00755	0.00423	0.00483	0.00725	0.00997	0.01329	0.02870	0.81358	0.03444	0.01632	0.00665	0.00211	0.00302	0.01480	0.00483	0.00423
43	0.01321	0.01247	0.02089	0.03105	0.74924	0.01255	0.01570	0.05045	0.01244	0.01774	0.00992	0.01287	0.00828	0.00471	0.00516	0.00155	0.00617	0.00464	0.00270	0.00828
44	0.01204	0.00957	0.01162	0.00939	0.05773	0.00762	0.00697	0.03223	0.02316	0.07107	0.01033	0.01158	0.00826	0.00419	0.00408	0.00091	0.00408	0.00341	0.00337	0.70839
45	0.03261	0.32015	0.35563	0.04871	0.01907	0.01543	0.04725	0.06013	0.01169	0.03219	0.00898	0.01045	0.00695	0.00486	0.00439	0.00145	0.00664	0.00364	0.00252	0.00724
46	0.01379	0.01111	0.01191	0.01056	0.01360	0.01266	0.00829	0.06116	0.68199	0.06705	0.02088	0.01974	0.01566	0.00713	0.00533	0.00176	0.00423	0.01958	0.00535	0.00824
47	0.03494	0.00870	0.04622	0.00869	0.01207	0.00715	0.00736	0.02030	0.01456	0.51673	0.23856	0.02332	0.02287	0.00755	0.00544	0.00162	0.00401	0.00633	0.00598	0.00761
48	0.01141	0.03036	0.09154	0.00874	0.01341	0.00822	0.00777	0.05917	0.01169	0.03452	0.01073	0.05513	0.00923	0.00487	0.00422	0.00101	0.00437	0.00395	0.00327	0.62639
49	0.01517	0.01098	0.01717	0.05150	0.45452	0.01089	0.01261	0.07779	0.01336	0.19345	0.01402	0.08093	0.01150	0.00618	0.00531	0.00162	0.00551	0.00563	0.00385	0.00801
50	0.00646	0.00462	0.00613	0.00729	0.00765	0.00433	0.00495	0.00742	0.01005	0.01335	0.02881	0.75321	0.04605	0.03102	0.00703	0.00218	0.00313	0.04729	0.00480	0.00424
51	0.01083	0.01038	0.01797	0.51516	0.25884	0.01178	0.05758	0.01420	0.01094	0.01461	0.00982	0.02724	0.00786	0.00518	0.00527	0.00169	0.00675	0.00489	0.00245	0.00657
52	0.02038	0.02792	0.08248	0.02812	0.07351	0.00977	0.02358	0.10412	0.01515	0.53381	0.01719	0.01586	0.01121	0.00605	0.00518	0.00160	0.00515	0.00496	0.00540	0.00857
53	0.02288	0.00914	0.01220	0.00938	0.01337	0.00810	0.00774	0.06833	0.01546	0.73093	0.03314	0.01778	0.01328	0.00651	0.00525	0.00161	0.00447	0.00528	0.00636	0.00879
54	0.00656	0.00478	0.00618	0.00691	0.00756	0.00440	0.00477	0.00785	0.01121	0.01507	0.19989	0.57046	0.10559	0.01476	0.00649	0.00198	0.00286	0.01325	0.00504	0.00440
55	0.01080	0.00926	0.01080	0.00771	0.01234	0.00694	0.00617	0.01311	0.01080	0.01697	0.00926	0.01080	0.00771	0.00386	0.00386	0.00077	0.00386	0.00309	0.00309	0.84882
56	0.15843	0.11449	0.14740	0.01159	0.01598	0.02779	0.11680	0.03276	0.04091	0.20222	0.01352	0.07313	0.01064	0.00612	0.00483	0.00161	0.00568	0.00511	0.00384	0.00715
57	0.00637	0.00454	0.00603	0.00722	0.00751	0.00425	0.00480	0.00726	0.00992	0.01323	0.02844	0.79696	0.03411	0.03339	0.00707	0.00218	0.00306	0.01465	0.00480	0.00421
58	0.01380	0.01136	0.01227	0.01018	0.01371	0.01217	0.00807	0.17803	0.43984	0.02304	0.03306	0.01656	0.01340	0.00629	0.00499	0.00151	0.00436	0.00512	0.00482	0.18743
59	0.03192	0.58890	0.17876	0.01048	0.01556	0.01834	0.02784	0.05028	0.01130	0.01439	0.00798	0.00920	0.00677	0.00464	0.00381	0.00127	0.00604	0.00316	0.00239	0.00697
60	0.02724	0.38961	0.25930	0.01315	0.06224	0.01611	0.06541	0.03202	0.01116	0.03188	0.00877	0.01040	0.00711	0.00540	0.01770	0.00153	0.02776	0.00364	0.00245	0.00713
61	0.00719	0.00573	0.00889	0.00898	0.00985	0.00549	0.08162	0.00858	0.01041	0.01395	0.04626	0.65217	0.03134	0.01471	0.00683	0.00209	0.02015	0.05660	0.00458	0.00459
62	0.00658	0.00502	0.00606	0.00643	0.00749	0.00450	0.00461	0.00807	0.01191	0.01560	0.23537	0.33439	0.29548	0.01371	0.00635	0.00187	0.00277	0.02423	0.00507	0.00448
63	0.07458	0.07424	0.12941	0.05865	0.03644	0.02619	0.19379	0.06723	0.01211	0.11090	0.02291	0.01297	0.00855	0.00585	0.00714	0.00173	0.14235	0.00474	0.00319	0.00702
64	0.02447	0.09097	0.45134	0.03377	0.01894	0.01124	0.05976	0.01550	0.01113	0.07712	0.01330	0.14463	0.01180	0.00688	0.00516	0.00168	0.00646	0.00582	0.00302	0.00700
65	0.00839	0.00599	0.00839	0.00959	0.01079	0.00599	0.00839	0.01079	0.01199	0.01558	0.02757	0.05874	0.02997	0.01439	0.00719	0.00240	0.00480	0.74945	0.00480	0.00480
66	0.00923	0.00701	0.01090	0.01091	0.01263	0.00693	0.08811	0.01208	0.02749	0.03312	0.02549	0.05232	0.02698	0.01301	0.00700	0.00230	0.00519	0.63950	0.00461	0.00519
67	0.01302	0.01543	0.21452	0.16165	0.16740	0.02848	0.05004	0.11363	0.04832	0.06913	0.02467	0.03203	0.02678	0.00581	0.00524	0.00165	0.00643	0.00502	0.00331	0.00744
68	0.01203	0.00898	0.01053	0.00778	0.01202	0.00707	0.00623	0.04007	0.01185	0.10354	0.01521	0.01577	0.08991	0.00521	0.00430	0.00100	0.00386	0.00421	0.00372	0.63670
69	0.01080	0.00926	0.01080	0.00771	0.01234	0.00694	0.00617	0.01311	0.01080	0.01697	0.00926	0.01080	0.00771	0.00386	0.00386	0.00077	0.00386	0.00309	0.00309	0.84882
70	0.00760	0.00531	0.00722	0.05417	0.00960	0.00534	0.00596	0.00858	0.00973	0.01284	0.02284	0.32439	0.02601	0.18940	0.01224	0.07794	0.00430	0.20837	0.00408	0.00406
71	0.00983	0.00926	0.01562	0.80447	0.03587	0.01157	0.01446	0.01331	0.01041	0.01331	0.00926	0.01388	0.00694	0.00521	0.00521	0.00174	0.00694	0.00463	0.00231	0.00579
72	0.01953	0.01433	0.01534	0.01179	0.01588	0.01585	0.00973	0.74719	0.02413	0.03247	0.01262	0.01269	0.00897	0.00625	0.00517	0.00155	0.00564	0.00469	0.02742	0.00875
73	0.00746	0.00550	0.00796	0.00796	0.00874	0.00629	0.00599	0.00903	0.00825	0.01178	0.01433	0.02255	0.01393	0.15839	0.67825	0.00786	0.01258	0.00589	0.00285	0.00442
74	0.01350	0.66412	0.02506	0.04596	0.01448	0.03258	0.00951	0.01518	0.01030	0.01235	0.00729	0.00902	0.00672	0.00511	0.00524	0.00130	0.11042	0.00311	0.00225	0.00650
75	0.01121	0.00950	0.01102	0.00791	0.01252	0.00736	0.00634	0.04771	0.01143	0.01770	0.00941	0.01088	0.00777	0.00397	0.00392	0.00081	0.00394	0.00316	0.00318	0.81027
76	0.01687	0.18110	0.03218	0.01209	0.01529	0.41327	0.02190	0.08555	0.09438	0.01563	0.00986	0.01091	0.00802	0.00558	0.00505	0.00141	0.04019	0.00376	0.02031	0.00666
77	0.00636	0.00481	0.00588	0.00662	0.00742	0.00433	0.00458	0.00750	0.01087	0.01406	0.08939	0.53524	0.25410	0.01500	0.00647	0.00198	0.00287	0.01331	0.00490	0.00433
78	0.00677	0.00555	0.00601	0.00601	0.00759	0.00496	0.00446	0.00901	0.05682	0.01554	0.16618	0.12960	0.53752	0.01276	0.00616	0.00178	0.00274	0.01085	0.00501	0.00469
79	0.01222	0.01367	0.02862	0.02147	0.06044	0.01345	0.64603	0.01618	0.01178	0.01623	0.01008	0.01369	0.00780	0.00493	0.00734	0.00181	0.09884	0.00590	0.00259	0.00693
80	0.01199	0.38004	0.45046	0.01220	0.01846	0.01588	0.01464	0.01609	0.01081	0.01460	0.00841	0.00982	0.00664	0.00473	0.00423	0.00141	0.00675	0.00337	0.00221	0.00725
81	0.01080	0.00926	0.01080	0.00771	0.01234	0.00694	0.00617	0.01311	0.01080	0.01697	0.00926	0.01080	0.00771	0.00386	0.00386	0.00077	0.00386	0.00309	0.00309	0.84882
82	0.01582	0.01043	0.01170	0.01004	0.01324	0.01133	0.00795	0.05708	0.50964	0.22294	0.02047	0.01869	0.01470	0.00682	0.00520	0.00169	0.00419	0.00562	0.04417	0.00828
83	0.00667	0.00530	0.00599	0.00581	0.00735	0.00461	0.00436	0.00847	0.01308	0.01694	0.35989	0.04539	0.47345	0.01212	0.00615	0.00171	0.00256	0.01033	0.00521	0.00461
84	0.00744	0.00558	0.00837	0.00837	0.00930	0.00651	0.00651	0.00930	0.00837	0.01209	0.01395	0.02046	0.01302	0.03906	0.79635	0.00837	0.01395	0.00558	0.00279	0.00465
85	0.00983	0.00926	0.01562	0.80447	0.03587	0.01157	0.01446	0.01331	0.01041	0.01331	0.00926	0.01388	0.00694	0.00521	0.00521	0.00174	0.00694	0.00463	0.00231	0.00579
86	0.00640	0.00457	0.00601	0.00714	0.00746	0.00427	0.00474	0.00727	0.00990	0.01317	0.02864	0.76343	0.04891	0.05187	0.00752	0.00224	0.00310	0.01441	0.00476	0.00419
87	0.01784	0.02211	0.01442	0.01308	0.01541	0.65796	0.00993	0.01952	0.03238	0.01291	0.00860	0.01047	0.00731	0.00773	0.05222	0.00185	0.08390	0.00366	0.00272	0.00598
88	0.01045	0.02694	0.79000	0.01484	0.02254	0.01209	0.01924	0.01649	0.01099	0.01649	0.00935	0.01099	0.00660	0.00495	0.00495	0.00165	0.00770	0.00385	0.00220	0.00770
89	0.02336	0.00886	0.01209	0.00927	0.01329	0.00765	0.00765	0.02538	0.01491	0.78810	0.02055	0.01773	0.01289	0.00645	0.00524	0.00161	0.00443	0.00524	0.00645	0.00886
90	0.00760	0.00573	0.00706	0.00666	0.00808	0.00541	0.00501	0.01076	0.06843	0.01998	0.62431	0.03911	0.15071	0.01075	0.00608	0.00166	0.00260	0.00939	0.00557	0.00508
91	0.00834	0.00596	0.00832	0.00945	0.01065	0.00594	0.00823	0.01074	0.01212	0.01583	0.06284	0.05781	0.03087	0.01421	0.00714	0.00236	0.00469	0.71484	0.00484	0.00480
92	0.01139	0.01139	0.01595	0.01367	0.01367	0.01595	0.01139	0.01253	0.00798	0.01253	0.00684	0.01139	0.00684	0.00911	0.01709	0.00228	0.80745	0.00456	0.00228	0.00570
93	0.00756	0.00510	0.00596	0.00596	0.00606	0.00520	0.00351	0.00775	0.00766	0.01031	0.01615	0.03264	0.01831	0.73506	0.10758	0.00540	0.00599	0.00736	0.00312	0.00331
94	0.85377	0.01007	0.00765	0.00685	0.01007	0.01168	0.00564	0.01531	0.00886	0.02336	0.00725	0.00846	0.00564	0.00483	0.00322	0.00161	0.00403	0.00282	0.00322	0.00564
95	0.01049	0.02662	0.77148	0.01502	0.02265	0.01212	0.03744	0.01650	0.01103	0.01650	0.00937	0.01107	0.00663	0.00493	0.00498	0.00165	0.00772	0.00390	0.00221	0.00768
96	0.01980	0.01459	0.01563	0.01198	0.01615	0.01615	0.00990	0.76713	0.02448	0.03282	0.01250	0.01250	0.00886	0.00625	0.00521	0.00156	0.00573	0.00469	0.00521	0.00886
97	0.00615	0.00528	0.00528	0.00528	0.00703	0.00440	0.00396	0.00747	0.01187	0.01407	0.05276	0.05012	0.78238	0.01319	0.00615	0.00176	0.00264	0.01099	0.00484	0.00440
98	0.01289	0.01237	0.02114	0.03196	0.78450	0.01237	0.01598	0.01598	0.01186	0.01701	0.00980	0.01289	0.00825	0.00464	0.00516	0.00155	0.00619	0.00464	0.00258	0.00825
99	0.01135	0.23390	0.59099	0.01330	0.02015	0.01432	0.01655	0.01626	0.01089	0.01539	0.00880	0.01031	0.00662	0.00482	0.00453	0.00151	0.00714	0.00357	0.00221	0.00743
100	0.00624	0.00528	0.00540	0.00537	0.00709	0.00443	0.00403	0.00764	0.01208	0.01456	0.10547	0.04931	0.72936	0.01301	0.00615	0.00175	0.00262	0.01088	0.00490	0.00443
101	0.00619	0.00528	0.00533	0.00532	0.00706	0.00441	0.00399	0.00755	0.01196	0.01428	0.07548	0.04977	0.75953	0.01311	0.00615	0.00175	0.00263	0.01094	0.00486	0.00441
102	0.01945	0.02482	0.01476	0.01342	0.01610	0.79608	0.01006	0.02079	0.01476	0.01275	0.00805	0.00939	0.00671	0.00537	0.00470	0.00134	0.00939	0.00335	0.00268	0.00604
103	0.01045	0.02694	0.79000	0.01484	0.02254	0.01209	0.01924	0.01649	0.01099	0.01649	0.00935	0.01099	0.00660	0.00495	0.00495	0.00165	0.00770	0.00385	0.00220	0.00770
104	0.01150	0.26799	0.55821	0.01304	0.01975	0.01468	0.01610	0.01622	0.01087	0.01520	0.00871	0.01019	0.00662	0.00480	0.00446	0.00149	0.00705	0.00352	0.00221	0.00739
105	0.00769	0.00506	0.00572	0.00572	0.00583	0.00509	0.00330	0.00790	0.00780	0.01071	0.01636	0.03275	0.01840	0.74273	0.05166	0.00494	0.00520	0.00735	0.05249	0.00331
106	0.85377	0.01007	0.00765	0.00685	0.01007	0.01168	0.00564	0.01531	0.00886	0.02336	0.00725	0.00846	0.00564	0.00483	0.00322	0.00161	0.00403	0.00282	0.00322	0.00564
107	0.01392	0.82012	0.02729	0.00891	0.01337	0.02061	0.00891	0.01559	0.01058	0.01225	0.00724	0.00835	0.00668	0.00446	0.00334	0.00111	0.00557	0.00278	0.00223	0.00668
108	0.85377	0.01007	0.00765	0.00685	0.01007	0.01168	0.00564	0.01531	0.00886	0.02336	0.00725	0.00846	0.00564	0.00483	0.00322	0.00161	0.00403	0.00282	0.00322	0.00564
109	0.00615	0.00528	0.00528	0.00528	0.00703	0.00440	0.00396	0.00747	0.01187	0.01407	0.05276	0.05012	0.78238	0.01319	0.00615	0.00176	0.00264	0.01099	0.00484	0.00440
110	0.00847	0.00608	0.00845	0.00961	0.01083	0.00611	0.00839	0.01106	0.02443	0.01569	0.02747	0.05810	0.02974	0.01427	0.00716	0.00239	0.00478	0.73732	0.00480	0.00485
111	0.01980	0.01459	0.01563	0.01198	0.01615	0.01615	0.00990	0.76713	0.02448	0.03282	0.01250	0.01250	0.00886	0.00625	0.00521	0.00156	0.00573	0.00469	0.00521	0.00886
112	0.02328	0.00900	0.01217	0.00933	0.01336	0.00786	0.00771	0.04355	0.01514	0.76960	0.02035	0.01760	0.01279	0.00644	0.00524	0.00161	0.00446	0.00522	0.00642	0.00886
113	0.00618	0.00528	0.00532	0.00531	0.00705	0.00441	0.00398	0.00753	0.01194	0.01424	0.07061	0.04984	0.76442	0.01313	0.00615	0.00176	0.00263	0.01095	0.00486	0.00441
114	0.10237	0.73481	0.02522	0.00869	0.01302	0.01967	0.00857	0.01556	0.01040	0.01342	0.00724	0.00836	0.00657	0.00450	0.00333	0.00117	0.00541	0.00279	0.00233	0.00657
115	0.00757	0.00507	0.00581	0.00581	0.00585	0.00512	0.00331	0.00765	0.00761	0.01019	0.01629	0.03344	0.01866	0.78061	0.06250	0.00520	0.00546	0.00748	0.00314	0.00323
116	0.00754	0.00562	0.00812	0.00807	0.00884	0.00649	0.00611	0.00911	0.00824	0.01180	0.01417	0.02233	0.01378	0.15606	0.66347	0.00774	0.02937	0.00586	0.00283	0.00445
117	0.00971	0.00485	0.00485	0.00485	0.00607	0.00485	0.00364	0.01213	0.01092	0.01942	0.01699	0.01942	0.01335	0.00607	0.00364	0.00121	0.00243	0.00485	0.84589	0.00485
118	0.01940	0.01439	0.01540	0.01190	0.01600	0.01596	0.00980	0.72383	0.06844	0.03217	0.01301	0.01291	0.00927	0.00630	0.00521	0.00157	0.00564	0.00476	0.00521	0.00882
119	0.00732	0.00532	0.00689	0.00649	0.00775	0.00489	0.00487	0.00972	0.01461	0.02058	0.74932	0.03940	0.08176	0.01076	0.00614	0.00164	0.00246	0.00949	0.00569	0.00489
120	0.01382	0.65086	0.10861	0.01087	0.04990	0.06472	0.01042	0.01601	0.01093	0.01296	0.00763	0.00891	0.00675	0.00457	0.00368	0.00120	0.00605	0.00302	0.00227	0.00683
121	0.01289	0.01237	0.02114	0.03196	0.78450	0.01237	0.01598	0.01598	0.01186	0.01701	0.00980	0.01289	0.00825	0.00464	0.00516	0.00155	0.00619	0.00464	0.00258	0.00825
122	0.00711	0.00534	0.00659	0.00636	0.00772	0.00483	0.00482	0.00927	0.01389	0.01891	0.56228	0.04264	0.23529	0.01146	0.00619	0.00170	0.00261	0.04274	0.00546	0.00478
123	0.01290	0.01264	0.02248	0.04481	0.62631	0.01258	0.13947	0.03436	0.01221	0.01727	0.00997	0.01309	0.00818	0.00465	0.00532	0.00159	0.00662	0.00489	0.00265	0.00801
124	0.81683	0.01002	0.00785	0.00696	0.01021	0.01150	0.00573	0.01576	0.00913	0.05739	0.00784	0.00887	0.00596	0.00491	0.00331	0.00161	0.00405	0.00293	0.00337	0.00578
125	0.01032	0.00701	0.00990	0.01080	0.12614	0.00648	0.00702	0.01279	0.01405	0.11435	0.50942	0.03167	0.05138	0.00903	0.00580	0.00160	0.00337	0.02027	0.00519	0.04343
126	0.01380	0.70121	0.10705	0.00974	0.01445	0.05421	0.01005	0.01592	0.01081	0.01272	0.00750	0.00868	0.00668	0.00455	0.00357	0.00118	0.00596	0.00292	0.00224	0.00676
127	0.85377	0.01007	0.00765	0.00685	0.01007	0.01168	0.00564	0.01531	0.00886	0.02336	0.00725	0.00846	0.00564	0.00483	0.00322	0.00161	0.00403	0.00282	0.00322	0.00564
128	0.01352	0.01511	0.10130	0.02763	0.60186	0.08209	0.01553	0.04988	0.01259	0.01728	0.00971	0.01236	0.00797	0.00481	0.00510	0.00154	0.00661	0.00444	0.00266	0.00802
129	0.01420	0.70048	0.07332	0.00968	0.01418	0.08892	0.00965	0.01611	0.01098	0.01256	0.00744	0.00861	0.00668	0.00457	0.00356	0.00117	0.00604	0.00290	0.00227	0.00669
130	0.00983	0.00926	0.01562	0.80447	0.03587	0.01157	0.01446	0.01331	0.01041	0.01331	0.00926	0.01388	0.00694	0.00521	0.00521	0.00174	0.00694	0.00463	0.00231	0.00579
131	0.00825	0.00552	0.00724	0.00670	0.00808	0.00507	0.00507	0.01069	0.01475	0.06330	0.73967	0.03773	0.04713	0.01041	0.00609	0.00164	0.00257	0.00919	0.00577	0.00513
132	0.00771	0.00539	0.00706	0.00663	0.00790	0.00496	0.00497	0.01012	0.01465	0.03786	0.74929	0.05433	0.04803	0.01067	0.00613	0.00165	0.00251	0.00944	0.00573	0.00499
133	0.00689	0.00517	0.00639	0.00638	0.00756	0.00467	0.00467	0.00880	0.01319	0.01788	0.47120	0.18309	0.22043	0.01229	0.00624	0.00175	0.00260	0.01078	0.00536	0.00467
134	0.01248	0.01078	0.01133	0.01023	0.01309	0.01236	0.00795	0.02628	0.72236	0.02125	0.02338	0.02155	0.06885	0.00749	0.00536	0.00177	0.00402	0.00624	0.00527	0.00798
135	0.00749	0.00508	0.00601	0.00630	0.00647	0.00504	0.00393	0.00787	0.00836	0.01111	0.01925	0.14243	0.02220	0.62384	0.02178	0.00437	0.00475	0.08668	0.00356	0.00347
136	0.01451	0.73636	0.02597	0.00939	0.01365	0.10227	0.00903	0.01614	0.01102	0.01230	0.00733	0.00846	0.00669	0.00455	0.00348	0.00114	0.00597	0.00284	0.00228	0.00661
137	0.85377	0.01007	0.00765	0.00685	0.01007	0.01168	0.00564	0.01531	0.00886	0.02336	0.00725	0.00846	0.00564	0.00483	0.00322	0.00161	0.00403	0.00282	0.00322	0.00564
138	0.01289	0.01237	0.02114	0.03196	0.78450	0.01237	0.01598	0.01598	0.01186	0.01701	0.00980	0.01289	0.00825	0.00464	0.00516	0.00155	0.00619	0.00464	0.00258	0.00825
139	0.00745	0.00552	0.00809	0.00809	0.00892	0.00636	0.00616	0.00912	0.00829	0.01188	0.01421	0.02189	0.01364	0.12098	0.71527	0.00802	0.01301	0.00579	0.00283	0.00449
140	0.00634	0.00453	0.00604	0.00725	0.00755	0.00423	0.00483	0.00725	0.00997	0.01329	0.02870	0.81358	0.03444	0.01632	0.00665	0.00211	0.00302	0.01480	0.00483	0.00423
141	0.01145	0.00964	0.01115	0.00802	0.01262	0.00761	0.00644	0.06759	0.01179	0.01811	0.00949	0.01092	0.00780	0.00403	0.00395	0.00083	0.00399	0.00320	0.00324	0.78813
142	0.00960	0.00874	0.01244	0.01120	0.01160	0.01163	0.00909	0.01102	0.00814	0.01228	0.01013	0.01583	0.00979	0.04116	0.35289	0.00497	0.44672	0.00507	0.00252	0.00519
143	0.01515	0.01143	0.01238	0.01030	0.01349	0.01258	0.00821	0.32204	0.30613	0.06059	0.08880	0.02048	0.06091	0.02615	0.00588	0.00174	0.00457	0.00603	0.00528	0.00787
144	0.01045	0.02694	0.79000	0.01484	0.02254	0.01209	0.01924	0.01649	0.01099	0.01649	0.00935	0.01099	0.00660	0.00495	0.00495	0.00165	0.00770	0.00385	0.00220	0.00770
145	0.01223	0.01386	0.02969	0.02137	0.02627	0.01336	0.71278	0.01639	0.01199	0.01639	0.01028	0.01386	0.00783	0.00472	0.00691	0.00179	0.06470	0.00603	0.00261	0.00693
146	0.01139	0.01070	0.01792	0.22896	0.49480	0.01123	0.01420	0.01448	0.01178	0.01638	0.08871	0.01660	0.02912	0.00558	0.00529	0.00161	0.00593	0.00526	0.00288	0.00719
147	0.01657	0.01173	0.01297	0.01058	0.01396	0.01277	0.00851	0.38898	0.21483	0.10747	0.09508	0.05165	0.01631	0.00736	0.00539	0.00165	0.00473	0.00597	0.00540	0.00810
148	0.01121	0.05263	0.63016	0.01363	0.02034	0.01153	0.03353	0.01646	0.01125	0.06163	0.02833	0.01284	0.00853	0.02099	0.00532	0.00168	0.00704	0.00419	0.04128	0.00743
149	0.05223	0.07408	0.01678	0.03117	0.02760	0.12544	0.04428	0.03169	0.00990	0.01381	0.00788	0.02658	0.00741	0.00774	0.01223	0.00196	0.49628	0.00445	0.00252	0.00596
150	0.00959	0.00806	0.00903	0.00970	0.01117	0.08916	0.00820	0.01178	0.01215	0.01530	0.04132	0.06502	0.02676	0.03150	0.00719	0.00225	0.00516	0.58858	0.00448	0.04361
151	0.00844	0.00566	0.00749	0.00728	0.00852	0.00541	0.00558	0.01056	0.01335	0.06426	0.49728	0.10344	0.05251	0.04902	0.02571	0.00210	0.01897	0.10411	0.00531	0.00500
152	0.01919	0.01358	0.01484	0.04785	0.01636	0.03264	0.00963	0.60540	0.02204	0.11026	0.02815	0.01404	0.01015	0.02444	0.00570	0.00165	0.00566	0.00487	0.00511	0.00845
153	0.05982	0.00987	0.03217	0.54638	0.11390	0.01118	0.01309	0.01436	0.04645	0.03277	0.01286	0.01611	0.05823	0.00575	0.00515	0.00171	0.00623	0.00499	0.00279	0.00619
154	0.00834	0.00654	0.00842	0.02436	0.02721	0.00610	0.02131	0.04455	0.04002	0.01577	0.05875	0.45560	0.08997	0.01210	0.00589	0.00177	0.00351	0.01080	0.02397	0.13502

[dist]
# distance from previous block
# <min> <max>
0	48

# created by:
# /st0/software/busco_prod/Augustus/scripts/msa2prfl.pl ./align_prep/191064.fa
