[name]
unknown

[dist]
# distance from previous block
# <min> <max>
0	399

[block]
# block no. 0 follows, 46 sequences, length 11
# corresponding to MSA columns:
# 400-410
name=unknown_A
#
# <colnr> <probs for GDERKNQSTAVLIFYWHMCP>
#	G	D	E	R	K	N	Q	S	T	A	V	L	I	F	Y	W	H	M	C	P
0	0.00852	0.00608	0.00852	0.00974	0.01095	0.00608	0.00852	0.01095	0.01217	0.01582	0.02799	0.05963	0.03042	0.01460	0.00730	0.00243	0.00487	0.74565	0.00487	0.00487
1	0.01017	0.00959	0.01619	0.75512	0.08133	0.01179	0.01477	0.01367	0.01066	0.01373	0.00943	0.01403	0.00713	0.00525	0.00528	0.00175	0.00700	0.00470	0.00237	0.00602
2	0.02301	0.00916	0.01225	0.00950	0.01351	0.00813	0.00781	0.02592	0.06593	0.73367	0.02090	0.01811	0.01329	0.00659	0.00532	0.00165	0.00448	0.00536	0.00647	0.00895
3	0.00727	0.00536	0.00679	0.00650	0.00778	0.00488	0.00485	0.00953	0.01434	0.01990	0.64470	0.07610	0.14950	0.01142	0.00626	0.00170	0.00255	0.01003	0.00565	0.00488
4	0.00728	0.00540	0.00678	0.00644	0.00777	0.00490	0.00483	0.00958	0.01448	0.02005	0.65849	0.04137	0.17055	0.01123	0.00624	0.00168	0.00252	0.00982	0.00567	0.00490
5	0.01248	0.01426	0.03119	0.02228	0.02763	0.01337	0.76203	0.01693	0.01248	0.01693	0.01070	0.01426	0.00802	0.00446	0.00624	0.00178	0.00891	0.00624	0.00267	0.00713
6	0.00998	0.00940	0.01586	0.80150	0.03641	0.01175	0.01468	0.01351	0.01057	0.01351	0.00940	0.01409	0.00705	0.00529	0.00529	0.00176	0.00705	0.00470	0.00235	0.00587
7	0.00748	0.00540	0.00707	0.00665	0.00790	0.00499	0.00499	0.00998	0.01496	0.02120	0.77844	0.03949	0.04988	0.01081	0.00624	0.00166	0.00249	0.00956	0.00582	0.00499
8	0.01728	0.00937	0.01143	0.00955	0.01259	0.00929	0.00756	0.18618	0.08620	0.33619	0.06837	0.18492	0.01936	0.00893	0.00567	0.00175	0.00434	0.00756	0.00577	0.00770
9	0.02010	0.01481	0.01587	0.01216	0.01639	0.01639	0.01005	0.76360	0.02486	0.03332	0.01269	0.01269	0.00899	0.00635	0.00529	0.00159	0.00582	0.00476	0.00529	0.00899
10	0.02312	0.00996	0.01286	0.00986	0.01397	0.00920	0.00815	0.14786	0.01674	0.66053	0.01951	0.01712	0.01241	0.00651	0.00531	0.00163	0.00472	0.00522	0.00634	0.00900

[dist]
# distance from previous block
# <min> <max>
3	5

[block]
# block no. 1 follows, 46 sequences, length 118
# corresponding to MSA columns:
# 417-534
name=unknown_B
#
# <colnr> <probs for GDERKNQSTAVLIFYWHMCP>
#	G	D	E	R	K	N	Q	S	T	A	V	L	I	F	Y	W	H	M	C	P
0	0.00748	0.00540	0.00707	0.00665	0.00790	0.00499	0.00499	0.00998	0.01496	0.02120	0.77844	0.03949	0.04988	0.01081	0.00624	0.00166	0.00249	0.00956	0.00582	0.00499
1	0.01160	0.24958	0.57328	0.01337	0.02026	0.01471	0.01658	0.01649	0.01104	0.01553	0.00889	0.01041	0.00672	0.00488	0.00456	0.00152	0.00721	0.00360	0.00224	0.00752
2	0.85155	0.01022	0.00777	0.00695	0.01022	0.01186	0.00573	0.01554	0.00900	0.02372	0.00736	0.00859	0.00573	0.00491	0.00327	0.00164	0.00409	0.00286	0.00327	0.00573
3	0.01128	0.01046	0.01631	0.58462	0.05801	0.04033	0.06475	0.06321	0.01189	0.01559	0.01022	0.01420	0.00773	0.00534	0.00522	0.00169	0.00684	0.00478	0.06132	0.00620
4	0.00839	0.00684	0.00763	0.00724	0.00914	0.00672	0.00552	0.01324	0.18802	0.01825	0.26174	0.07043	0.31650	0.01112	0.00604	0.00176	0.00307	0.02813	0.00525	0.02499
5	0.00748	0.00540	0.00707	0.00665	0.00790	0.00499	0.00499	0.00998	0.01496	0.02120	0.77844	0.03949	0.04988	0.01081	0.00624	0.00166	0.00249	0.00956	0.00582	0.00499
6	0.02010	0.01481	0.01587	0.01216	0.01639	0.01639	0.01005	0.76360	0.02486	0.03332	0.01269	0.01269	0.00899	0.00635	0.00529	0.00159	0.00582	0.00476	0.00529	0.00899
7	0.01478	0.03608	0.47504	0.01382	0.02024	0.01135	0.07271	0.03742	0.01272	0.23570	0.01285	0.01333	0.00867	0.00543	0.00517	0.00166	0.00686	0.00449	0.00357	0.00811
8	0.00625	0.00536	0.00536	0.00536	0.00714	0.00446	0.00402	0.00759	0.01205	0.01428	0.05355	0.05088	0.77909	0.01339	0.00625	0.00179	0.00268	0.01116	0.00491	0.00446
9	0.85155	0.01022	0.00777	0.00695	0.01022	0.01186	0.00573	0.01554	0.00900	0.02372	0.00736	0.00859	0.00573	0.00491	0.00327	0.00164	0.00409	0.00286	0.00327	0.00573
10	0.01104	0.03810	0.01248	0.00870	0.01327	0.00782	0.04522	0.01348	0.01109	0.01698	0.01022	0.01320	0.00881	0.00444	0.00417	0.00092	0.00428	0.03624	0.00315	0.73639
11	0.85155	0.01022	0.00777	0.00695	0.01022	0.01186	0.00573	0.01554	0.00900	0.02372	0.00736	0.00859	0.00573	0.00491	0.00327	0.00164	0.00409	0.00286	0.00327	0.00573
12	0.00644	0.00460	0.00613	0.00736	0.00767	0.00429	0.00491	0.00736	0.01012	0.01350	0.02914	0.81076	0.03497	0.01656	0.00675	0.00215	0.00307	0.01503	0.00491	0.00429
13	0.00650	0.00465	0.00619	0.00732	0.00768	0.00433	0.00491	0.00751	0.01040	0.01393	0.07149	0.76716	0.03581	0.01624	0.00672	0.00212	0.00303	0.01472	0.00496	0.00433
14	0.00787	0.00549	0.00719	0.00672	0.00803	0.00505	0.00505	0.01035	0.01497	0.03929	0.76049	0.03898	0.04901	0.01071	0.00621	0.00166	0.00254	0.00946	0.00584	0.00508
15	0.00653	0.00464	0.00611	0.00725	0.00753	0.00435	0.00479	0.00738	0.00995	0.01326	0.02825	0.75561	0.03385	0.07324	0.00818	0.00236	0.00321	0.01451	0.00479	0.00422
16	0.00725	0.00538	0.00675	0.00645	0.00776	0.00488	0.00482	0.00951	0.01435	0.01984	0.63713	0.06013	0.17340	0.01139	0.00625	0.00170	0.00254	0.00996	0.00564	0.00488
17	0.85155	0.01022	0.00777	0.00695	0.01022	0.01186	0.00573	0.01554	0.00900	0.02372	0.00736	0.00859	0.00573	0.00491	0.00327	0.00164	0.00409	0.00286	0.00327	0.00573
18	0.00660	0.00508	0.00603	0.00640	0.00751	0.00452	0.00457	0.00804	0.01198	0.01554	0.20765	0.33472	0.33435	0.01400	0.00643	0.00189	0.00278	0.01226	0.00511	0.00452
19	0.01163	0.01122	0.01554	0.04324	0.01448	0.01530	0.01119	0.05093	0.00918	0.01386	0.00871	0.06132	0.00879	0.00941	0.01562	0.00224	0.68360	0.00528	0.00263	0.00586
20	0.07024	0.23378	0.53292	0.01292	0.01955	0.01452	0.01581	0.01642	0.01090	0.01610	0.00878	0.01028	0.00665	0.00488	0.00447	0.00153	0.00699	0.00355	0.00231	0.00740
21	0.01958	0.01344	0.01475	0.01149	0.01545	0.01461	0.00940	0.59551	0.06515	0.12652	0.01468	0.03267	0.01073	0.02373	0.00579	0.00169	0.00548	0.00520	0.00540	0.00873
22	0.01413	0.81739	0.02770	0.00905	0.01357	0.02092	0.00905	0.01583	0.01074	0.01244	0.00735	0.00848	0.00678	0.00452	0.00339	0.00113	0.00565	0.00283	0.00226	0.00678
23	0.02941	0.01026	0.01110	0.00980	0.01257	0.01141	0.00766	0.10991	0.46739	0.05176	0.13610	0.04160	0.03990	0.00792	0.00547	0.00173	0.00402	0.00662	0.02776	0.00761
24	0.01350	0.57714	0.17233	0.01151	0.05473	0.03540	0.01139	0.02895	0.01131	0.01406	0.02313	0.00994	0.00773	0.00480	0.00392	0.00128	0.00613	0.00331	0.00241	0.00705
25	0.01982	0.01358	0.05411	0.01140	0.01562	0.01356	0.00975	0.50972	0.02121	0.21140	0.04161	0.01496	0.01137	0.00703	0.01836	0.00172	0.00562	0.00503	0.00541	0.00872
26	0.01413	0.81739	0.02770	0.00905	0.01357	0.02092	0.00905	0.01583	0.01074	0.01244	0.00735	0.00848	0.00678	0.00452	0.00339	0.00113	0.00565	0.00283	0.00226	0.00678
27	0.02349	0.00936	0.01249	0.00958	0.01368	0.00831	0.00791	0.07156	0.01573	0.73825	0.02035	0.01766	0.01283	0.00653	0.00531	0.00163	0.00458	0.00528	0.00647	0.00900
28	0.01420	0.68773	0.09730	0.00993	0.01463	0.07497	0.01010	0.01629	0.01108	0.01287	0.00761	0.00880	0.00678	0.00463	0.00364	0.00120	0.00613	0.00297	0.00229	0.00683
29	0.00757	0.00560	0.00818	0.00818	0.00902	0.00644	0.00621	0.00924	0.00840	0.01204	0.01445	0.02237	0.01391	0.12921	0.70465	0.00811	0.01312	0.00590	0.00287	0.00454
30	0.00628	0.00532	0.00543	0.00549	0.00718	0.00447	0.00408	0.00763	0.01201	0.01439	0.06762	0.08961	0.72551	0.01350	0.00627	0.00180	0.00269	0.01132	0.00493	0.00447
31	0.01006	0.00512	0.00514	0.00507	0.00636	0.00515	0.00382	0.02704	0.01136	0.01998	0.01716	0.01957	0.01346	0.00616	0.00373	0.00124	0.00253	0.00492	0.82713	0.00501
32	0.00998	0.00940	0.01586	0.80150	0.03641	0.01175	0.01468	0.01351	0.01057	0.01351	0.00940	0.01409	0.00705	0.00529	0.00529	0.00176	0.00705	0.00470	0.00235	0.00587
33	0.01308	0.01256	0.02146	0.03245	0.78123	0.01256	0.01622	0.01622	0.01204	0.01727	0.00994	0.01308	0.00837	0.00471	0.00523	0.00157	0.00628	0.00471	0.00262	0.00837
34	0.00738	0.00540	0.00692	0.00654	0.00783	0.00494	0.00490	0.00977	0.01471	0.02060	0.71561	0.04048	0.11309	0.01103	0.00624	0.00167	0.00251	0.00970	0.00574	0.00494
35	0.00644	0.00460	0.00613	0.00736	0.00767	0.00429	0.00491	0.00736	0.01012	0.01350	0.02914	0.81076	0.03497	0.01656	0.00675	0.00215	0.00307	0.01503	0.00491	0.00429
36	0.01975	0.02520	0.01498	0.01362	0.01634	0.79299	0.01021	0.02111	0.01498	0.01294	0.00817	0.00953	0.00681	0.00545	0.00477	0.00136	0.00953	0.00340	0.00272	0.00613
37	0.00852	0.00608	0.00852	0.00974	0.01095	0.00608	0.00852	0.01095	0.01217	0.01582	0.02799	0.05963	0.03042	0.01460	0.00730	0.00243	0.00487	0.74565	0.00487	0.00487
38	0.00998	0.00940	0.01586	0.80150	0.03641	0.01175	0.01468	0.01351	0.01057	0.01351	0.00940	0.01409	0.00705	0.00529	0.00529	0.00176	0.00705	0.00470	0.00235	0.00587
39	0.00644	0.00460	0.00613	0.00736	0.00767	0.00429	0.00491	0.00736	0.01012	0.01350	0.02914	0.81076	0.03497	0.01656	0.00675	0.00215	0.00307	0.01503	0.00491	0.00429
40	0.00769	0.00513	0.00577	0.00577	0.00577	0.00513	0.00320	0.00769	0.00769	0.01025	0.01666	0.03460	0.01922	0.81421	0.02691	0.00513	0.00513	0.00769	0.00320	0.00320
41	0.01175	0.00999	0.01194	0.00895	0.01325	0.00859	0.03348	0.06688	0.10891	0.01915	0.05065	0.01378	0.01113	0.00487	0.00440	0.00105	0.00418	0.00405	0.00369	0.60933
42	0.01976	0.02473	0.01502	0.01355	0.01635	0.75852	0.01021	0.05407	0.01542	0.01384	0.00837	0.00967	0.00691	0.00549	0.00479	0.00137	0.00937	0.00346	0.00284	0.00626
43	0.01146	0.17261	0.63012	0.01389	0.02102	0.01396	0.01739	0.03290	0.01138	0.01631	0.00916	0.01070	0.00676	0.00496	0.00473	0.00157	0.00737	0.00373	0.00230	0.00765
44	0.01465	0.01599	0.08694	0.03622	0.32724	0.15259	0.01312	0.10559	0.13907	0.01896	0.01283	0.01424	0.02753	0.00568	0.00519	0.00159	0.00653	0.00477	0.00342	0.00785
45	0.05151	0.01214	0.01240	0.01086	0.01403	0.03338	0.00853	0.13084	0.61351	0.02353	0.01931	0.01798	0.01443	0.00691	0.00526	0.00175	0.00455	0.00560	0.00521	0.00828
46	0.76393	0.04708	0.05540	0.00753	0.01113	0.01229	0.00670	0.01563	0.00920	0.02280	0.00749	0.00874	0.00583	0.00490	0.00338	0.00162	0.00438	0.00292	0.00316	0.00590
47	0.01256	0.01202	0.02051	0.16287	0.65492	0.01242	0.01596	0.01576	0.01179	0.01663	0.00985	0.01326	0.00815	0.00481	0.00524	0.00160	0.00641	0.00471	0.00257	0.00795
48	0.23994	0.01001	0.01127	0.00912	0.01285	0.01012	0.00746	0.07086	0.11567	0.43384	0.01687	0.01541	0.01129	0.00618	0.00478	0.00165	0.00443	0.00472	0.00545	0.00805
49	0.00918	0.00459	0.00689	0.00689	0.00689	0.00459	0.00459	0.00689	0.00689	0.00918	0.00918	0.01607	0.00918	0.01837	0.02066	0.84619	0.00459	0.00459	0.00230	0.00230
50	0.01413	0.81739	0.02770	0.00905	0.01357	0.02092	0.00905	0.01583	0.01074	0.01244	0.00735	0.00848	0.00678	0.00452	0.00339	0.00113	0.00565	0.00283	0.00226	0.00678
51	0.01163	0.01269	0.02594	0.05722	0.02422	0.01275	0.55038	0.01525	0.01157	0.01587	0.01200	0.09442	0.01056	0.00635	0.00771	0.00189	0.11329	0.00684	0.00284	0.00660
52	0.01991	0.02040	0.01539	0.01295	0.01637	0.43460	0.01014	0.36376	0.01954	0.02234	0.01026	0.01099	0.00782	0.00586	0.00501	0.00147	0.00782	0.00403	0.00391	0.00745
53	0.00748	0.00540	0.00707	0.00665	0.00790	0.00499	0.00499	0.00998	0.01496	0.02120	0.77844	0.03949	0.04988	0.01081	0.00624	0.00166	0.00249	0.00956	0.00582	0.00499
54	0.00842	0.00609	0.00853	0.00970	0.02725	0.00602	0.00807	0.01085	0.01257	0.01665	0.14543	0.06916	0.03308	0.01383	0.00708	0.00229	0.00449	0.60057	0.00497	0.00495
55	0.01232	0.01398	0.03030	0.02176	0.02688	0.01323	0.72860	0.01663	0.01233	0.01676	0.01103	0.03203	0.00860	0.00483	0.00649	0.00180	0.02626	0.00640	0.00272	0.00704
56	0.01178	0.01135	0.01779	0.41719	0.33362	0.04664	0.01472	0.03115	0.01166	0.01543	0.01021	0.03651	0.00842	0.00541	0.00528	0.00167	0.00671	0.00495	0.00261	0.00691
57	0.03483	0.03860	0.01619	0.01483	0.06386	0.62630	0.03900	0.05717	0.01482	0.01456	0.00854	0.01010	0.00704	0.00548	0.00514	0.00143	0.02916	0.00367	0.00283	0.00644
58	0.00760	0.00549	0.00762	0.00762	0.00826	0.00613	0.00552	0.00888	0.00824	0.01162	0.01496	0.02521	0.01514	0.28821	0.54733	0.00741	0.01126	0.00631	0.00295	0.00423
59	0.31958	0.09588	0.38421	0.01194	0.01762	0.01301	0.05686	0.01622	0.01040	0.01890	0.00857	0.01014	0.00643	0.00490	0.00430	0.00161	0.00630	0.00356	0.00264	0.00691
60	0.00742	0.00540	0.00698	0.00659	0.00786	0.00496	0.00494	0.00986	0.01482	0.02085	0.74187	0.04006	0.08667	0.01094	0.00624	0.00167	0.00250	0.00964	0.00577	0.00496
61	0.00644	0.00460	0.00613	0.00736	0.00767	0.00429	0.00491	0.00736	0.01012	0.01350	0.02914	0.81076	0.03497	0.01656	0.00675	0.00215	0.00307	0.01503	0.00491	0.00429
62	0.00644	0.00460	0.00613	0.00736	0.00767	0.00429	0.00491	0.00736	0.01012	0.01350	0.02914	0.81076	0.03497	0.01656	0.00675	0.00215	0.00307	0.01503	0.00491	0.00429
63	0.00748	0.00540	0.00707	0.00665	0.00790	0.00499	0.00499	0.00998	0.01496	0.02120	0.77844	0.03949	0.04988	0.01081	0.00624	0.00166	0.00249	0.00956	0.00582	0.00499
64	0.02010	0.01481	0.01587	0.01216	0.01639	0.01639	0.01005	0.76360	0.02486	0.03332	0.01269	0.01269	0.00899	0.00635	0.00529	0.00159	0.00582	0.00476	0.00529	0.00899
65	0.01248	0.01426	0.03119	0.02228	0.02763	0.01337	0.76203	0.01693	0.01248	0.01693	0.01070	0.01426	0.00802	0.00446	0.00624	0.00178	0.00891	0.00624	0.00267	0.00713
66	0.00769	0.00513	0.00577	0.00577	0.00577	0.00513	0.00320	0.00769	0.00769	0.01025	0.01666	0.03460	0.01922	0.81421	0.02691	0.00513	0.00513	0.00769	0.00320	0.00320
67	0.01315	0.01136	0.01195	0.01076	0.01375	0.01315	0.00837	0.02809	0.77168	0.02211	0.02152	0.01972	0.01614	0.00717	0.00538	0.00179	0.00418	0.00598	0.00538	0.00837
68	0.00644	0.00460	0.00613	0.00736	0.00767	0.00429	0.00491	0.00736	0.01012	0.01350	0.02914	0.81076	0.03497	0.01656	0.00675	0.00215	0.00307	0.01503	0.00491	0.00429
69	0.00773	0.00593	0.00884	0.00874	0.00964	0.00703	0.00683	0.00959	0.00848	0.01229	0.01384	0.02036	0.01294	0.03830	0.75882	0.00822	0.04924	0.00562	0.00281	0.00477
70	0.85155	0.01022	0.00777	0.00695	0.01022	0.01186	0.00573	0.01554	0.00900	0.02372	0.00736	0.00859	0.00573	0.00491	0.00327	0.00164	0.00409	0.00286	0.00327	0.00573
71	0.00718	0.00559	0.00603	0.00599	0.00723	0.00516	0.00421	0.00887	0.04612	0.01402	0.09645	0.04396	0.43098	0.25415	0.01247	0.00281	0.00355	0.03641	0.00449	0.00432
72	0.00667	0.00476	0.00639	0.00762	0.00802	0.00449	0.00530	0.00775	0.01034	0.01375	0.02901	0.72962	0.03447	0.01635	0.00681	0.00218	0.00326	0.09395	0.00490	0.00436
73	0.01308	0.01256	0.02146	0.03245	0.78123	0.01256	0.01622	0.01622	0.01204	0.01727	0.00994	0.01308	0.00837	0.00471	0.00523	0.00157	0.00628	0.00471	0.00262	0.00837
74	0.85155	0.01022	0.00777	0.00695	0.01022	0.01186	0.00573	0.01554	0.00900	0.02372	0.00736	0.00859	0.00573	0.00491	0.00327	0.00164	0.00409	0.00286	0.00327	0.00573
75	0.01975	0.02520	0.01498	0.01362	0.01634	0.79299	0.01021	0.02111	0.01498	0.01294	0.00817	0.00953	0.00681	0.00545	0.00477	0.00136	0.00953	0.00340	0.00272	0.00613
76	0.01308	0.01256	0.02146	0.03245	0.78123	0.01256	0.01622	0.01622	0.01204	0.01727	0.00994	0.01308	0.00837	0.00471	0.00523	0.00157	0.00628	0.00471	0.00262	0.00837
77	0.01096	0.00940	0.01096	0.00783	0.01253	0.00705	0.00626	0.01331	0.01096	0.01723	0.00940	0.01096	0.00783	0.00392	0.00392	0.00078	0.00392	0.00313	0.00313	0.84653
78	0.01413	0.81739	0.02770	0.00905	0.01357	0.02092	0.00905	0.01583	0.01074	0.01244	0.00735	0.00848	0.00678	0.00452	0.00339	0.00113	0.00565	0.00283	0.00226	0.00678
79	0.00769	0.00513	0.00577	0.00577	0.00577	0.00513	0.00320	0.00769	0.00769	0.01025	0.01666	0.03460	0.01922	0.81421	0.02691	0.00513	0.00513	0.00769	0.00320	0.00320
80	0.01157	0.01157	0.01619	0.01388	0.01388	0.01619	0.01157	0.01272	0.00810	0.01272	0.00694	0.01157	0.00694	0.00925	0.01735	0.00231	0.80453	0.00463	0.00231	0.00578
81	0.00738	0.00533	0.00698	0.00672	0.00788	0.00492	0.00498	0.00973	0.01450	0.02046	0.70676	0.11328	0.04845	0.01136	0.00628	0.00171	0.00255	0.01008	0.00573	0.00492
82	0.02372	0.00900	0.01227	0.00941	0.01350	0.00777	0.00777	0.02576	0.01513	0.78489	0.02086	0.01799	0.01309	0.00654	0.00532	0.00164	0.00450	0.00532	0.00654	0.00900
83	0.00852	0.00608	0.00852	0.00974	0.01095	0.00608	0.00852	0.01095	0.01217	0.01582	0.02799	0.05963	0.03042	0.01460	0.00730	0.00243	0.00487	0.74565	0.00487	0.00487
84	0.01244	0.00964	0.01132	0.00818	0.01280	0.00758	0.00658	0.05280	0.01200	0.07854	0.01047	0.01161	0.00830	0.00425	0.00410	0.00089	0.00406	0.00339	0.00351	0.73755
85	0.01096	0.00940	0.01096	0.00783	0.01253	0.00705	0.00626	0.01331	0.01096	0.01723	0.00940	0.01096	0.00783	0.00392	0.00392	0.00078	0.00392	0.00313	0.00313	0.84653
86	0.01375	0.09877	0.14592	0.01704	0.02217	0.04396	0.40274	0.01758	0.01240	0.11295	0.01228	0.05430	0.00966	0.00548	0.00560	0.00168	0.00757	0.00574	0.00317	0.00725
87	0.01288	0.01291	0.04849	0.16018	0.46062	0.04916	0.05304	0.03309	0.04040	0.03250	0.01118	0.04165	0.00933	0.00543	0.00533	0.00164	0.00652	0.00512	0.00289	0.00763
88	0.02348	0.00905	0.01226	0.00944	0.01350	0.00789	0.00778	0.02582	0.03215	0.76773	0.02087	0.01803	0.01315	0.00656	0.00532	0.00164	0.00449	0.00533	0.00652	0.00898
89	0.01299	0.01247	0.02130	0.05471	0.75968	0.01254	0.01618	0.01615	0.01200	0.01716	0.00993	0.01311	0.00834	0.00473	0.00524	0.00158	0.00630	0.00471	0.00261	0.00830
90	0.01158	0.05144	0.02710	0.00828	0.01290	0.00847	0.00687	0.05757	0.02737	0.01794	0.01086	0.01213	0.02761	0.00442	0.00408	0.00091	0.00417	0.00349	0.00329	0.69954
91	0.00769	0.00513	0.00577	0.00577	0.00577	0.00513	0.00320	0.00769	0.00769	0.01025	0.01666	0.03460	0.01922	0.81421	0.02691	0.00513	0.00513	0.00769	0.00320	0.00320
92	0.00755	0.00566	0.00850	0.00850	0.00944	0.00661	0.00661	0.00944	0.00850	0.01227	0.01416	0.02077	0.01322	0.03965	0.79326	0.00850	0.01416	0.00566	0.00283	0.00472
93	0.02001	0.07462	0.13683	0.01050	0.01509	0.03269	0.00987	0.06093	0.02812	0.51046	0.03561	0.01621	0.01214	0.00622	0.00513	0.00160	0.00527	0.00493	0.00532	0.00845
94	0.01935	0.01432	0.01574	0.01293	0.05523	0.01576	0.01012	0.69680	0.02368	0.03198	0.01272	0.01298	0.00913	0.00626	0.00523	0.00157	0.00571	0.00476	0.03693	0.00880
95	0.00666	0.00475	0.00622	0.00713	0.00756	0.00444	0.00479	0.00773	0.01062	0.01429	0.12592	0.64471	0.04888	0.06990	0.00804	0.00228	0.00313	0.01375	0.00491	0.00431
96	0.00746	0.00539	0.00705	0.00667	0.00789	0.00497	0.00499	0.00992	0.01486	0.02104	0.76284	0.05555	0.04957	0.01093	0.00625	0.00167	0.00251	0.00967	0.00580	0.00497
97	0.01149	0.20530	0.57002	0.01393	0.02073	0.01436	0.04325	0.01645	0.01104	0.01568	0.00899	0.01067	0.00677	0.00499	0.00499	0.00157	0.02624	0.00376	0.00226	0.00751
98	0.01306	0.01168	0.01959	0.23845	0.48062	0.01228	0.04244	0.04708	0.01235	0.05627	0.01050	0.01364	0.00827	0.00502	0.00529	0.00163	0.00647	0.00480	0.00286	0.00771
99	0.00767	0.00515	0.00588	0.00584	0.00595	0.00511	0.00336	0.00789	0.00832	0.01120	0.08269	0.03502	0.02188	0.74457	0.02512	0.00483	0.00490	0.00785	0.00343	0.00336
100	0.07296	0.01097	0.01988	0.41915	0.02947	0.01202	0.25759	0.01537	0.01128	0.05504	0.01037	0.01402	0.00771	0.00514	0.00562	0.00175	0.02069	0.00510	0.01945	0.00641
101	0.02932	0.01258	0.02001	0.08999	0.57561	0.03001	0.03268	0.04644	0.03867	0.01757	0.01019	0.01317	0.00840	0.00515	0.00584	0.00163	0.04728	0.00472	0.00280	0.00794
102	0.02055	0.01185	0.01378	0.01068	0.01461	0.01223	0.00875	0.41369	0.03291	0.32439	0.05010	0.01656	0.01275	0.02481	0.00583	0.00169	0.00511	0.00528	0.00575	0.00867
103	0.00755	0.00566	0.00850	0.00850	0.00944	0.00661	0.00661	0.00944	0.00850	0.01227	0.01416	0.02077	0.01322	0.03965	0.79326	0.00850	0.01416	0.00566	0.00283	0.00472
104	0.01535	0.01569	0.01615	0.07148	0.21947	0.23811	0.02708	0.12338	0.13120	0.01854	0.01388	0.03016	0.04382	0.00618	0.00523	0.00158	0.00672	0.00505	0.00357	0.00736
105	0.01457	0.01059	0.01389	0.01135	0.05370	0.02321	0.07603	0.09215	0.06579	0.16503	0.03378	0.03349	0.02703	0.00566	0.00489	0.00131	0.00483	0.00488	0.00422	0.35362
106	0.01397	0.76474	0.05722	0.00933	0.01394	0.02037	0.00944	0.01619	0.03105	0.01287	0.00781	0.00889	0.00703	0.00461	0.00351	0.00117	0.00570	0.00295	0.00234	0.00687
107	0.04101	0.01033	0.01269	0.01089	0.05279	0.04384	0.00831	0.11355	0.02914	0.52267	0.03372	0.06813	0.01407	0.00708	0.00535	0.00165	0.00483	0.00579	0.00580	0.00836
108	0.00705	0.00539	0.00647	0.00620	0.00763	0.00480	0.00465	0.00914	0.01395	0.01878	0.52524	0.04347	0.30459	0.01171	0.00624	0.00171	0.00256	0.01012	0.00550	0.00480
109	0.01308	0.01256	0.02146	0.03245	0.78123	0.01256	0.01622	0.01622	0.01204	0.01727	0.00994	0.01308	0.00837	0.00471	0.00523	0.00157	0.00628	0.00471	0.00262	0.00837
110	0.07655	0.75723	0.02622	0.00889	0.01332	0.02024	0.00880	0.01581	0.01061	0.01328	0.00735	0.00849	0.00671	0.00455	0.00338	0.00117	0.00554	0.00283	0.00234	0.00671
111	0.78919	0.00997	0.00787	0.00706	0.01025	0.01142	0.00577	0.01560	0.00926	0.05122	0.00868	0.03934	0.00710	0.00541	0.00348	0.00166	0.00407	0.00341	0.00345	0.00579
112	0.00707	0.00580	0.02116	0.00632	0.00789	0.00493	0.00489	0.00920	0.01378	0.01848	0.48808	0.04329	0.32654	0.01168	0.00622	0.00171	0.00266	0.01006	0.00541	0.00484
113	0.00774	0.00512	0.00586	0.00584	0.00589	0.00510	0.00332	0.00774	0.00792	0.01061	0.04428	0.03407	0.01996	0.75461	0.02591	0.03688	0.00501	0.00764	0.00326	0.00323
114	0.77222	0.00986	0.00781	0.00706	0.01015	0.01131	0.00578	0.01528	0.00919	0.03807	0.00875	0.01166	0.00730	0.03496	0.00433	0.00179	0.00417	0.03124	0.00339	0.00567
115	0.02217	0.00903	0.02720	0.00937	0.01325	0.00760	0.00779	0.02421	0.01468	0.71213	0.02125	0.07695	0.01459	0.00726	0.00542	0.00167	0.00446	0.00601	0.00634	0.00862
116	0.00890	0.00748	0.03912	0.01117	0.05512	0.00691	0.02574	0.01191	0.03999	0.01638	0.07466	0.10576	0.02885	0.01307	0.00689	0.00225	0.00484	0.53097	0.00467	0.00532
117	0.00952	0.00651	0.00893	0.00981	0.01125	0.00653	0.00855	0.03909	0.01275	0.04561	0.02716	0.05633	0.02898	0.01400	0.00715	0.00237	0.00489	0.69045	0.00495	0.00518

[dist]
# distance from previous block
# <min> <max>
1	21

[block]
# block no. 2 follows, 46 sequences, length 19
# corresponding to MSA columns:
# 564-582
name=unknown_C
#
# <colnr> <probs for GDERKNQSTAVLIFYWHMCP>
#	G	D	E	R	K	N	Q	S	T	A	V	L	I	F	Y	W	H	M	C	P
0	0.00797	0.00643	0.00731	0.00728	0.00837	0.05447	0.00530	0.00997	0.01366	0.01860	0.52804	0.24537	0.04315	0.01202	0.00628	0.00177	0.00309	0.01065	0.00538	0.00487
1	0.01888	0.07220	0.01643	0.01329	0.01635	0.53846	0.02965	0.16205	0.01620	0.01689	0.00899	0.01029	0.00726	0.00572	0.00542	0.00145	0.04681	0.00376	0.00316	0.00673
2	0.00670	0.00603	0.05534	0.00785	0.00863	0.00480	0.00583	0.00795	0.01019	0.01370	0.02790	0.76036	0.03318	0.01584	0.00664	0.00212	0.00337	0.01433	0.00474	0.00452
3	0.00748	0.00533	0.00663	0.00635	0.00729	0.00500	0.00446	0.00924	0.01286	0.01792	0.53835	0.03872	0.07670	0.22736	0.01180	0.00260	0.00321	0.00913	0.00507	0.00448
4	0.01754	0.02152	0.01531	0.01369	0.01568	0.58373	0.01058	0.01885	0.01313	0.01288	0.00784	0.01008	0.00684	0.00647	0.00816	0.00162	0.22370	0.00373	0.00261	0.00604
5	0.23989	0.57635	0.02195	0.00862	0.01275	0.04148	0.00819	0.01591	0.01040	0.01549	0.00738	0.00854	0.00650	0.00465	0.00340	0.00127	0.00535	0.00285	0.00255	0.00648
6	0.62389	0.00871	0.00733	0.00706	0.00954	0.00982	0.00550	0.01334	0.00930	0.02096	0.01323	0.22468	0.01360	0.00805	0.00421	0.00177	0.00381	0.00614	0.00371	0.00534
7	0.01112	0.00998	0.01237	0.00946	0.01289	0.00951	0.00769	0.01315	0.01019	0.01601	0.00873	0.01112	0.00759	0.00535	0.00753	0.00120	0.21959	0.00353	0.00291	0.62004
8	0.00720	0.00519	0.00682	0.00684	0.00784	0.00480	0.00497	0.00927	0.01366	0.01912	0.57659	0.24726	0.04586	0.01236	0.00637	0.00179	0.00265	0.01103	0.00557	0.00480
9	0.01502	0.01229	0.01301	0.01114	0.01446	0.01402	0.00882	0.22623	0.57050	0.02513	0.01914	0.01783	0.01421	0.00695	0.00535	0.00174	0.00462	0.00565	0.00535	0.00854
10	0.00784	0.00560	0.00775	0.00897	0.00989	0.00550	0.00735	0.00979	0.01151	0.01507	0.02836	0.30327	0.03190	0.01524	0.00712	0.00234	0.00428	0.50866	0.00488	0.00468
11	0.01109	0.01190	0.02246	0.01717	0.02059	0.04485	0.46145	0.01418	0.01158	0.01548	0.01523	0.22839	0.01513	0.00817	0.00726	0.00191	0.07537	0.00835	0.00325	0.00621
12	0.00656	0.00473	0.00618	0.00716	0.00762	0.00439	0.00484	0.00764	0.01064	0.01422	0.10451	0.68216	0.06983	0.03376	0.00713	0.00215	0.00304	0.01414	0.00496	0.00435
13	0.01275	0.53916	0.08270	0.22299	0.02044	0.01778	0.01137	0.01527	0.01073	0.01306	0.00806	0.01020	0.00685	0.00477	0.00403	0.00134	0.00619	0.00341	0.00228	0.00662
14	0.01698	0.01246	0.01389	0.01151	0.01493	0.01362	0.00964	0.56085	0.02144	0.02860	0.01681	0.02534	0.01476	0.00857	0.00583	0.00181	0.00556	0.20435	0.00518	0.00788
15	0.01207	0.00920	0.01283	0.05675	0.01464	0.00919	0.07875	0.14699	0.01308	0.06618	0.01431	0.09753	0.01271	0.01562	0.21747	0.00336	0.00759	0.00589	0.02135	0.18448
16	0.04373	0.01127	0.01821	0.01559	0.08203	0.02463	0.26473	0.14695	0.03278	0.01935	0.03094	0.22868	0.01638	0.00828	0.00590	0.00178	0.00601	0.00801	0.00390	0.03083
17	0.01567	0.01263	0.03520	0.01117	0.01512	0.01261	0.04406	0.43305	0.04771	0.02607	0.02854	0.09764	0.01245	0.00692	0.00522	0.00150	0.00521	0.00570	0.00462	0.17891
18	0.04212	0.23011	0.02074	0.03477	0.10621	0.02713	0.09618	0.28078	0.03404	0.02181	0.01058	0.01189	0.00825	0.00530	0.00474	0.00146	0.00605	0.00430	0.01992	0.03363

[dist]
# distance from previous block
# <min> <max>
0	73

# created by:
# /st0/software/busco_prod/Augustus/scripts/msa2prfl.pl ./align_prep/191247.fa
