[name]
unknown

[dist]
# distance from previous block
# <min> <max>
0	1019

[block]
# block no. 0 follows, 47 sequences, length 17
# corresponding to MSA columns:
# 1095-1111
name=unknown_A
#
# <colnr> <probs for GDERKNQSTAVLIFYWHMCP>
#	G	D	E	R	K	N	Q	S	T	A	V	L	I	F	Y	W	H	M	C	P
0	0.00954	0.00500	0.00530	0.00545	0.00666	0.00500	0.00424	0.01197	0.01106	0.01893	0.01832	0.02436	0.01544	0.00711	0.00409	0.00136	0.00272	0.09856	0.74004	0.00485
1	0.74746	0.00937	0.00754	0.00684	0.00966	0.01078	0.00550	0.01424	0.00860	0.02156	0.00748	0.00939	0.00607	0.00650	0.00538	0.10819	0.00409	0.00303	0.00310	0.00521
2	0.54529	0.00845	0.00777	0.05777	0.01078	0.00958	0.00584	0.01332	0.00944	0.02037	0.08455	0.01357	0.01102	0.00719	0.00582	0.10817	0.00400	0.00396	0.06799	0.00509
3	0.57445	0.01013	0.00952	0.10796	0.01403	0.01178	0.00727	0.01754	0.14526	0.04378	0.01036	0.01136	0.00783	0.00532	0.00390	0.00165	0.00442	0.00366	0.00357	0.00621
4	0.01341	0.01170	0.01179	0.01043	0.01320	0.07496	0.00816	0.13799	0.44973	0.02121	0.03966	0.01946	0.04585	0.01118	0.10485	0.00253	0.00593	0.00576	0.00475	0.00746
5	0.01392	0.82012	0.02729	0.00891	0.01337	0.02061	0.00891	0.01559	0.01058	0.01225	0.00724	0.00835	0.00668	0.00446	0.00334	0.00111	0.00557	0.00278	0.00223	0.00668
6	0.85377	0.01007	0.00765	0.00685	0.01007	0.01168	0.00564	0.01531	0.00886	0.02336	0.00725	0.00846	0.00564	0.00483	0.00322	0.00161	0.00403	0.00282	0.00322	0.00564
7	0.01199	0.01285	0.08689	0.12507	0.57726	0.01183	0.01552	0.01535	0.01168	0.01656	0.03088	0.01513	0.00978	0.00523	0.00524	0.00161	0.00627	0.03048	0.00267	0.00769
8	0.01047	0.00873	0.01057	0.02820	0.01231	0.00706	0.00637	0.01231	0.01030	0.01587	0.00987	0.04122	0.00878	0.00582	0.00595	0.07724	0.03258	0.00374	0.00303	0.68958
9	0.01303	0.00919	0.01103	0.00799	0.01251	0.00707	0.00643	0.01529	0.01153	0.15387	0.01126	0.01203	0.00863	0.00432	0.00410	0.00092	0.00396	0.00347	0.00368	0.69970
10	0.01338	0.01125	0.01863	0.06310	0.61248	0.01125	0.01407	0.01633	0.01197	0.08451	0.01136	0.01395	0.00905	0.00495	0.00503	0.00153	0.00573	0.00471	0.07884	0.00788
11	0.01015	0.08136	0.08495	0.21843	0.21658	0.01051	0.01175	0.01317	0.01189	0.01610	0.17322	0.02176	0.09528	0.00691	0.00530	0.00161	0.00533	0.00604	0.00333	0.00635
12	0.00923	0.00680	0.00750	0.00807	0.00899	0.07392	0.00571	0.01038	0.01105	0.08767	0.04229	0.61836	0.03008	0.01421	0.00635	0.00200	0.00378	0.04392	0.00482	0.00487
13	0.00946	0.00636	0.00828	0.07886	0.01115	0.00602	0.00605	0.01149	0.02501	0.09726	0.22768	0.15356	0.10689	0.11185	0.00844	0.00212	0.00376	0.04220	0.00466	0.07890
14	0.01272	0.01177	0.01928	0.05308	0.01880	0.02999	0.27953	0.14722	0.01264	0.01725	0.01020	0.01407	0.00843	0.02403	0.05267	0.10876	0.14758	0.00520	0.00300	0.02379
15	0.09210	0.37366	0.17931	0.01307	0.11199	0.01563	0.01160	0.01655	0.01095	0.08463	0.00918	0.01045	0.00733	0.00499	0.00463	0.00142	0.03909	0.00353	0.00274	0.00715
16	0.05942	0.01065	0.01110	0.08074	0.01405	0.10136	0.00786	0.11880	0.07805	0.14638	0.18811	0.02288	0.06342	0.00761	0.00530	0.00160	0.00477	0.02585	0.02377	0.02827

[dist]
# distance from previous block
# <min> <max>
1	4

[block]
# block no. 1 follows, 47 sequences, length 6
# corresponding to MSA columns:
# 1116-1121
name=unknown_B
#
# <colnr> <probs for GDERKNQSTAVLIFYWHMCP>
#	G	D	E	R	K	N	Q	S	T	A	V	L	I	F	Y	W	H	M	C	P
0	0.03416	0.07882	0.01393	0.01111	0.01395	0.37468	0.02429	0.01938	0.08034	0.13264	0.06137	0.04039	0.06134	0.00681	0.00524	0.00151	0.02462	0.00509	0.00384	0.00649
1	0.01225	0.07593	0.55583	0.01575	0.08765	0.13223	0.01690	0.01705	0.01162	0.01570	0.00905	0.01075	0.00676	0.00495	0.00482	0.00156	0.00769	0.00377	0.00231	0.00743
2	0.14651	0.00992	0.06478	0.03125	0.01342	0.00848	0.00803	0.02101	0.03461	0.48374	0.07682	0.04996	0.01496	0.00681	0.00504	0.00164	0.00445	0.00549	0.00539	0.00769
3	0.00943	0.00735	0.01021	0.09981	0.01289	0.00877	0.00784	0.04471	0.00980	0.01471	0.01257	0.01734	0.01100	0.02169	0.37367	0.00476	0.13883	0.00504	0.15348	0.03610
4	0.06528	0.09980	0.08133	0.01093	0.01477	0.09704	0.00960	0.38503	0.01843	0.02475	0.12822	0.01540	0.01416	0.00644	0.00496	0.00151	0.00567	0.00489	0.00433	0.00744
5	0.61193	0.01056	0.01043	0.01116	0.12874	0.01175	0.00760	0.04455	0.03887	0.06974	0.00917	0.01027	0.00699	0.00504	0.00379	0.00161	0.00445	0.00343	0.00347	0.00645

[dist]
# distance from previous block
# <min> <max>
0	4

[block]
# block no. 2 follows, 47 sequences, length 12
# corresponding to MSA columns:
# 1126-1137
name=unknown_C
#
# <colnr> <probs for GDERKNQSTAVLIFYWHMCP>
#	G	D	E	R	K	N	Q	S	T	A	V	L	I	F	Y	W	H	M	C	P
0	0.01876	0.01256	0.01400	0.01107	0.01479	0.01351	0.00905	0.54939	0.04374	0.14726	0.01571	0.08086	0.01232	0.00733	0.00538	0.00164	0.00524	0.02367	0.00536	0.00836
1	0.03871	0.05506	0.01272	0.00924	0.01293	0.01074	0.00764	0.26389	0.01663	0.28429	0.01519	0.01486	0.01061	0.00592	0.00469	0.00142	0.00454	0.00459	0.13612	0.09020
2	0.01609	0.01148	0.01275	0.01014	0.01365	0.01194	0.00815	0.46015	0.01902	0.06856	0.01515	0.13756	0.01307	0.00745	0.00516	0.00151	0.00481	0.00605	0.03942	0.13787
3	0.03529	0.08431	0.46891	0.01594	0.13788	0.01211	0.01576	0.01769	0.01165	0.13658	0.01094	0.01206	0.00781	0.00509	0.00485	0.00158	0.00669	0.00408	0.00295	0.00783
4	0.01083	0.19216	0.46848	0.01313	0.05561	0.01281	0.01466	0.01524	0.01153	0.01629	0.12836	0.01484	0.01327	0.00571	0.00480	0.00153	0.00636	0.00452	0.00277	0.00708
5	0.01103	0.00882	0.01077	0.00847	0.01195	0.00780	0.03509	0.01552	0.14656	0.04982	0.13274	0.01848	0.01653	0.04548	0.00571	0.00138	0.00392	0.00504	0.02717	0.43770
6	0.01573	0.08332	0.01695	0.01602	0.15170	0.35964	0.05229	0.02055	0.18136	0.01586	0.02960	0.01309	0.01007	0.00561	0.00491	0.00148	0.00715	0.00439	0.00327	0.00700
7	0.00727	0.00542	0.00801	0.00820	0.00903	0.00615	0.00625	0.00898	0.00862	0.01228	0.01625	0.14397	0.01636	0.03552	0.67337	0.00740	0.01225	0.00702	0.00311	0.00458
8	0.01546	0.60560	0.02407	0.00990	0.01411	0.10762	0.00919	0.13240	0.01320	0.01549	0.00815	0.00911	0.00702	0.00484	0.00378	0.00121	0.00603	0.00314	0.00274	0.00695
9	0.00878	0.00698	0.00808	0.00790	0.02213	0.00687	0.00598	0.01354	0.18313	0.03041	0.21507	0.07403	0.26680	0.01085	0.00597	0.00177	0.00330	0.08400	0.00507	0.03935
10	0.00968	0.00696	0.01109	0.01470	0.24832	0.00690	0.00814	0.00974	0.00902	0.01240	0.01335	0.18016	0.01406	0.01355	0.01280	0.41030	0.00473	0.00669	0.00289	0.00453
11	0.01322	0.57167	0.14428	0.01342	0.13487	0.01801	0.01161	0.01579	0.01084	0.01365	0.00796	0.00947	0.00691	0.00456	0.00387	0.00126	0.00599	0.00324	0.00228	0.00708

[dist]
# distance from previous block
# <min> <max>
0	2

[block]
# block no. 3 follows, 47 sequences, length 37
# corresponding to MSA columns:
# 1140-1176
name=unknown_D
#
# <colnr> <probs for GDERKNQSTAVLIFYWHMCP>
#	G	D	E	R	K	N	Q	S	T	A	V	L	I	F	Y	W	H	M	C	P
0	0.78233	0.01027	0.00880	0.00898	0.07587	0.01174	0.00652	0.01537	0.00912	0.02283	0.00747	0.00884	0.00586	0.00482	0.00339	0.00161	0.00421	0.00297	0.00317	0.00586
1	0.00757	0.00505	0.00568	0.00568	0.00568	0.00505	0.00316	0.00757	0.00757	0.01010	0.01641	0.03408	0.01893	0.81698	0.02651	0.00505	0.00505	0.00757	0.00316	0.00316
2	0.66065	0.08053	0.01171	0.00856	0.01211	0.01268	0.07069	0.04520	0.01004	0.03723	0.00800	0.00927	0.00619	0.00485	0.00360	0.00158	0.00464	0.00322	0.00323	0.00604
3	0.01413	0.62889	0.02353	0.00912	0.01301	0.04977	0.00864	0.01586	0.01129	0.06623	0.07397	0.01176	0.01072	0.00535	0.00434	0.00125	0.03907	0.00361	0.00284	0.00661
4	0.06922	0.18236	0.50114	0.01473	0.08470	0.01381	0.03350	0.01619	0.01087	0.01617	0.00885	0.01053	0.00672	0.00480	0.00455	0.00153	0.00692	0.00369	0.00232	0.00738
5	0.01142	0.00962	0.01173	0.01009	0.07798	0.00796	0.00722	0.03210	0.06367	0.03158	0.01103	0.03749	0.00930	0.00465	0.00421	0.00098	0.00410	0.00386	0.00336	0.65765
6	0.76102	0.04707	0.00907	0.00728	0.01062	0.01238	0.00607	0.06463	0.00997	0.02348	0.00760	0.00872	0.00590	0.00491	0.00336	0.00159	0.00421	0.00294	0.00331	0.00590
7	0.00905	0.00452	0.00678	0.00678	0.00678	0.00452	0.00452	0.00678	0.00678	0.00905	0.00905	0.01583	0.00905	0.01809	0.02035	0.84848	0.00452	0.00452	0.00226	0.00226
8	0.00637	0.00455	0.00607	0.00723	0.00756	0.00425	0.00484	0.00732	0.01010	0.01351	0.04988	0.79179	0.03486	0.01616	0.00663	0.00210	0.00301	0.01465	0.00486	0.00425
9	0.85377	0.01007	0.00765	0.00685	0.01007	0.01168	0.00564	0.01531	0.00886	0.02336	0.00725	0.00846	0.00564	0.00483	0.00322	0.00161	0.00403	0.00282	0.00322	0.00564
10	0.01000	0.00945	0.01581	0.74386	0.05888	0.01179	0.01437	0.01336	0.01035	0.01339	0.00916	0.01374	0.00698	0.00537	0.00574	0.00175	0.04318	0.00463	0.00232	0.00586
11	0.00634	0.00456	0.00601	0.00717	0.00753	0.00424	0.00480	0.00726	0.01005	0.01333	0.02969	0.78209	0.06529	0.01619	0.00663	0.00210	0.00301	0.01465	0.00483	0.00424
12	0.00634	0.00453	0.00604	0.00725	0.00755	0.00423	0.00483	0.00725	0.00997	0.01329	0.02870	0.81358	0.03444	0.01632	0.00665	0.00211	0.00302	0.01480	0.00483	0.00423
13	0.85377	0.01007	0.00765	0.00685	0.01007	0.01168	0.00564	0.01531	0.00886	0.02336	0.00725	0.00846	0.00564	0.00483	0.00322	0.00161	0.00403	0.00282	0.00322	0.00564
14	0.01080	0.00926	0.01080	0.00771	0.01234	0.00694	0.00617	0.01311	0.01080	0.01697	0.00926	0.01080	0.00771	0.00386	0.00386	0.00077	0.00386	0.00309	0.00309	0.84882
15	0.00648	0.00538	0.00570	0.00589	0.00741	0.00472	0.00431	0.00828	0.04356	0.01424	0.04665	0.20064	0.60146	0.01355	0.00622	0.00183	0.00278	0.01153	0.00486	0.00452
16	0.07382	0.01818	0.01444	0.06849	0.04853	0.42285	0.01023	0.08117	0.01361	0.01565	0.03400	0.01209	0.02292	0.00628	0.00676	0.00158	0.13612	0.00411	0.00298	0.00620
17	0.01339	0.69833	0.14439	0.00982	0.01477	0.01930	0.01050	0.01573	0.01064	0.01290	0.00756	0.00876	0.00667	0.00453	0.00359	0.00120	0.00590	0.00295	0.00222	0.00684
18	0.01008	0.00973	0.01697	0.66792	0.03328	0.01177	0.09108	0.01350	0.01044	0.01358	0.00942	0.01399	0.00721	0.00627	0.02878	0.00195	0.04097	0.00481	0.00236	0.00588
19	0.00790	0.00597	0.00794	0.00769	0.00814	0.00678	0.00551	0.00893	0.00862	0.01214	0.08001	0.06241	0.01873	0.34680	0.29123	0.00546	0.10133	0.00701	0.00322	0.00417
20	0.85377	0.01007	0.00765	0.00685	0.01007	0.01168	0.00564	0.01531	0.00886	0.02336	0.00725	0.00846	0.00564	0.00483	0.00322	0.00161	0.00403	0.00282	0.00322	0.00564
21	0.00640	0.00530	0.00561	0.00558	0.00724	0.00451	0.00421	0.00792	0.01231	0.01515	0.16407	0.04861	0.65139	0.01283	0.00618	0.00176	0.00266	0.02882	0.00497	0.00449
22	0.07845	0.00942	0.01176	0.00917	0.01304	0.00873	0.00753	0.09527	0.03722	0.57840	0.01994	0.01786	0.04677	0.00655	0.00509	0.00159	0.00442	0.00522	0.00588	0.03768
23	0.55235	0.03354	0.01084	0.26853	0.01863	0.01191	0.00863	0.01466	0.00942	0.01974	0.00791	0.01024	0.00610	0.00495	0.00388	0.00164	0.00503	0.00341	0.00290	0.00572
24	0.00882	0.00632	0.00717	0.00666	0.00859	0.00588	0.00509	0.01219	0.10647	0.08287	0.27030	0.04016	0.39769	0.01108	0.00597	0.00171	0.00292	0.00939	0.00531	0.00541
25	0.00905	0.00452	0.00678	0.00678	0.00678	0.00452	0.00452	0.00678	0.00678	0.00905	0.00905	0.01583	0.00905	0.01809	0.02035	0.84848	0.00452	0.00452	0.00226	0.00226
26	0.00733	0.00532	0.00691	0.00651	0.00776	0.00490	0.00489	0.00976	0.01466	0.02068	0.76030	0.03923	0.07071	0.01072	0.00614	0.00164	0.00246	0.00946	0.00571	0.00490
27	0.01139	0.01139	0.01595	0.01367	0.01367	0.01595	0.01139	0.01253	0.00798	0.01253	0.00684	0.01139	0.00684	0.00911	0.01709	0.00228	0.80745	0.00456	0.00228	0.00570
28	0.01124	0.01476	0.14379	0.01878	0.02364	0.01197	0.53377	0.01535	0.01168	0.01611	0.01252	0.11347	0.01099	0.00610	0.00635	0.00180	0.03130	0.00683	0.00283	0.00674
29	0.01363	0.01677	0.08394	0.01513	0.01741	0.22449	0.14162	0.01580	0.01080	0.01364	0.00801	0.01128	0.00696	0.00694	0.01085	0.00188	0.38777	0.00445	0.00244	0.00619
30	0.00971	0.00485	0.00485	0.00485	0.00607	0.00485	0.00364	0.01213	0.01092	0.01942	0.01699	0.01942	0.01335	0.00607	0.00364	0.00121	0.00243	0.00485	0.84589	0.00485
31	0.02336	0.00886	0.01209	0.00927	0.01329	0.00765	0.00765	0.02538	0.01491	0.78810	0.02055	0.01773	0.01289	0.00645	0.00524	0.00161	0.00443	0.00524	0.00645	0.00886
32	0.00729	0.00532	0.00685	0.00646	0.00773	0.00488	0.00485	0.00967	0.01454	0.02042	0.73176	0.03967	0.09942	0.01082	0.00614	0.00165	0.00247	0.00953	0.00567	0.00488
33	0.00905	0.00452	0.00678	0.00678	0.00678	0.00452	0.00452	0.00678	0.00678	0.00905	0.00905	0.01583	0.00905	0.01809	0.02035	0.84848	0.00452	0.00452	0.00226	0.00226
34	0.01980	0.01459	0.01563	0.01198	0.01615	0.01615	0.00990	0.76713	0.02448	0.03282	0.01250	0.01250	0.00886	0.00625	0.00521	0.00156	0.00573	0.00469	0.00521	0.00886
35	0.01080	0.00926	0.01080	0.00771	0.01234	0.00694	0.00617	0.01311	0.01080	0.01697	0.00926	0.01080	0.00771	0.00386	0.00386	0.00077	0.00386	0.00309	0.00309	0.84882
36	0.01045	0.02694	0.79000	0.01484	0.02254	0.01209	0.01924	0.01649	0.01099	0.01649	0.00935	0.01099	0.00660	0.00495	0.00495	0.00165	0.00770	0.00385	0.00220	0.00770

[dist]
# distance from previous block
# <min> <max>
0	3

[block]
# block no. 4 follows, 47 sequences, length 82
# corresponding to MSA columns:
# 1180-1261
name=unknown_E
#
# <colnr> <probs for GDERKNQSTAVLIFYWHMCP>
#	G	D	E	R	K	N	Q	S	T	A	V	L	I	F	Y	W	H	M	C	P
0	0.00737	0.00532	0.00696	0.00655	0.00778	0.00491	0.00491	0.00983	0.01474	0.02088	0.78175	0.03890	0.04914	0.01065	0.00614	0.00164	0.00246	0.00942	0.00573	0.00491
1	0.00744	0.00558	0.00837	0.00837	0.00930	0.00651	0.00651	0.00930	0.00837	0.01209	0.01395	0.02046	0.01302	0.03906	0.79635	0.00837	0.01395	0.00558	0.00279	0.00465
2	0.00757	0.00505	0.00568	0.00568	0.00568	0.00505	0.00316	0.00757	0.00757	0.01010	0.01641	0.03408	0.01893	0.81698	0.02651	0.00505	0.00505	0.00757	0.00316	0.00316
3	0.02311	0.00928	0.01234	0.00946	0.01350	0.00827	0.00782	0.07915	0.01560	0.73336	0.01996	0.01735	0.01260	0.00643	0.00523	0.00161	0.00453	0.00520	0.00636	0.00886
4	0.81694	0.01072	0.00797	0.00714	0.01034	0.04631	0.00584	0.01555	0.00912	0.02290	0.00729	0.00850	0.00569	0.00486	0.00329	0.00160	0.00427	0.00284	0.00320	0.00566
5	0.00672	0.00477	0.00621	0.00691	0.00739	0.00448	0.00466	0.00786	0.01076	0.01462	0.19554	0.54957	0.03592	0.10843	0.00885	0.00235	0.00313	0.01276	0.00484	0.00426
6	0.85377	0.01007	0.00765	0.00685	0.01007	0.01168	0.00564	0.01531	0.00886	0.02336	0.00725	0.00846	0.00564	0.00483	0.00322	0.00161	0.00403	0.00282	0.00322	0.00564
7	0.00974	0.00587	0.00733	0.18859	0.01291	0.00640	0.00613	0.01240	0.01080	0.01801	0.01521	0.01814	0.01188	0.00587	0.00400	0.00133	0.00346	0.00480	0.65205	0.00507
8	0.00634	0.00453	0.00604	0.00725	0.00755	0.00423	0.00483	0.00725	0.00997	0.01329	0.02870	0.81358	0.03444	0.01632	0.00665	0.00211	0.00302	0.01480	0.00483	0.00423
9	0.01261	0.01209	0.02063	0.10318	0.71549	0.01230	0.01584	0.01574	0.01172	0.01667	0.00975	0.01298	0.00813	0.00469	0.00516	0.00156	0.00626	0.00464	0.00255	0.00802
10	0.01932	0.02457	0.01489	0.01379	0.03165	0.78022	0.01018	0.02070	0.01470	0.01283	0.00808	0.00946	0.00674	0.00535	0.00470	0.00135	0.00933	0.00338	0.00268	0.00608
11	0.00741	0.00552	0.00691	0.00653	0.00789	0.00513	0.00491	0.01015	0.04122	0.02002	0.65933	0.03968	0.14408	0.01085	0.00611	0.00166	0.00254	0.00950	0.00560	0.00496
12	0.01036	0.00980	0.01658	0.67053	0.16566	0.01171	0.01473	0.01377	0.01066	0.01395	0.00935	0.01371	0.00717	0.00511	0.00520	0.00170	0.00681	0.00463	0.00236	0.00621
13	0.02328	0.00900	0.01217	0.00933	0.01336	0.00785	0.00771	0.04280	0.01513	0.77037	0.02036	0.01760	0.01280	0.00644	0.00524	0.00161	0.00446	0.00522	0.00642	0.00886
14	0.02336	0.00886	0.01209	0.00927	0.01329	0.00765	0.00765	0.02538	0.01491	0.78810	0.02055	0.01773	0.01289	0.00645	0.00524	0.00161	0.00443	0.00524	0.00645	0.00886
15	0.00633	0.00459	0.00598	0.00710	0.00751	0.00424	0.00477	0.00727	0.01012	0.01335	0.03054	0.75535	0.09150	0.01608	0.00661	0.00209	0.00299	0.01451	0.00483	0.00424
16	0.00942	0.00555	0.00665	0.12400	0.01054	0.00592	0.00527	0.01170	0.01039	0.01722	0.01569	0.02032	0.01303	0.10103	0.02837	0.00193	0.00372	0.00516	0.59929	0.00479
17	0.00983	0.00926	0.01562	0.80447	0.03587	0.01157	0.01446	0.01331	0.01041	0.01331	0.00926	0.01388	0.00694	0.00521	0.00521	0.00174	0.00694	0.00463	0.00231	0.00579
18	0.85377	0.01007	0.00765	0.00685	0.01007	0.01168	0.00564	0.01531	0.00886	0.02336	0.00725	0.00846	0.00564	0.00483	0.00322	0.00161	0.00403	0.00282	0.00322	0.00564
19	0.01003	0.00945	0.01596	0.75614	0.08270	0.01162	0.01456	0.01347	0.01050	0.01354	0.00929	0.01382	0.00702	0.00517	0.00520	0.00172	0.00689	0.00463	0.00233	0.00594
20	0.01455	0.00746	0.00959	0.00841	0.01076	0.00700	0.00649	0.08533	0.03298	0.31727	0.17034	0.26087	0.02613	0.01023	0.00584	0.00177	0.00374	0.00889	0.00568	0.00668
21	0.00634	0.00453	0.00604	0.00725	0.00755	0.00423	0.00483	0.00725	0.00997	0.01329	0.02870	0.81358	0.03444	0.01632	0.00665	0.00211	0.00302	0.01480	0.00483	0.00423
22	0.01267	0.01215	0.02074	0.08796	0.73023	0.01232	0.01587	0.01579	0.01175	0.01674	0.00976	0.01296	0.00815	0.00468	0.00516	0.00156	0.00624	0.00464	0.00256	0.00807
23	0.00971	0.00485	0.00485	0.00485	0.00607	0.00485	0.00364	0.01213	0.01092	0.01942	0.01699	0.01942	0.01335	0.00607	0.00364	0.00121	0.00243	0.00485	0.84589	0.00485
24	0.01747	0.01361	0.01419	0.01144	0.01513	0.03602	0.00926	0.50389	0.25421	0.02860	0.01515	0.01469	0.01105	0.00647	0.00519	0.00161	0.00527	0.00502	0.02320	0.00851
25	0.00970	0.00908	0.01495	0.68636	0.03212	0.01137	0.01353	0.01281	0.01020	0.01325	0.01048	0.07166	0.00893	0.00631	0.00622	0.00180	0.06772	0.00536	0.00249	0.00567
26	0.00971	0.00485	0.00485	0.00485	0.00607	0.00485	0.00364	0.01213	0.01092	0.01942	0.01699	0.01942	0.01335	0.00607	0.00364	0.00121	0.00243	0.00485	0.84589	0.00485
27	0.65401	0.02849	0.04267	0.03090	0.01315	0.06931	0.00764	0.01729	0.01081	0.06512	0.00979	0.01150	0.00774	0.00601	0.00428	0.00187	0.00524	0.00362	0.00380	0.00677
28	0.01046	0.00999	0.01695	0.64679	0.05375	0.01214	0.07147	0.03201	0.01076	0.01409	0.00927	0.01365	0.00709	0.00544	0.00614	0.00177	0.06506	0.00474	0.00241	0.00602
29	0.01069	0.00926	0.01134	0.09715	0.01498	0.00746	0.00710	0.01313	0.01076	0.01656	0.00926	0.01115	0.00763	0.00401	0.00401	0.00088	0.00420	0.00326	0.00300	0.75418
30	0.85377	0.01007	0.00765	0.00685	0.01007	0.01168	0.00564	0.01531	0.00886	0.02336	0.00725	0.00846	0.00564	0.00483	0.00322	0.00161	0.00403	0.00282	0.00322	0.00564
31	0.02336	0.00886	0.01209	0.00927	0.01329	0.00765	0.00765	0.02538	0.01491	0.78810	0.02055	0.01773	0.01289	0.00645	0.00524	0.00161	0.00443	0.00524	0.00645	0.00886
32	0.01295	0.01119	0.01178	0.01060	0.01354	0.01295	0.00824	0.02767	0.77509	0.02178	0.02120	0.01943	0.01590	0.00707	0.00530	0.00177	0.00412	0.00589	0.00530	0.00824
33	0.00663	0.00562	0.00577	0.00574	0.00749	0.00495	0.00430	0.00881	0.06032	0.01471	0.06961	0.08302	0.67919	0.01287	0.00612	0.00177	0.00274	0.01080	0.00489	0.00465
34	0.85377	0.01007	0.00765	0.00685	0.01007	0.01168	0.00564	0.01531	0.00886	0.02336	0.00725	0.00846	0.00564	0.00483	0.00322	0.00161	0.00403	0.00282	0.00322	0.00564
35	0.00971	0.00485	0.00485	0.00485	0.00607	0.00485	0.00364	0.01213	0.01092	0.01942	0.01699	0.01942	0.01335	0.00607	0.00364	0.00121	0.00243	0.00485	0.84589	0.00485
36	0.00983	0.00926	0.01562	0.80447	0.03587	0.01157	0.01446	0.01331	0.01041	0.01331	0.00926	0.01388	0.00694	0.00521	0.00521	0.00174	0.00694	0.00463	0.00231	0.00579
37	0.00737	0.00532	0.00696	0.00655	0.00778	0.00491	0.00491	0.00983	0.01474	0.02088	0.78175	0.03890	0.04914	0.01065	0.00614	0.00164	0.00246	0.00942	0.00573	0.00491
38	0.01392	0.82012	0.02729	0.00891	0.01337	0.02061	0.00891	0.01559	0.01058	0.01225	0.00724	0.00835	0.00668	0.00446	0.00334	0.00111	0.00557	0.00278	0.00223	0.00668
39	0.00983	0.00926	0.01562	0.80447	0.03587	0.01157	0.01446	0.01331	0.01041	0.01331	0.00926	0.01388	0.00694	0.00521	0.00521	0.00174	0.00694	0.00463	0.00231	0.00579
40	0.00971	0.00485	0.00485	0.00485	0.00607	0.00485	0.00364	0.01213	0.01092	0.01942	0.01699	0.01942	0.01335	0.00607	0.00364	0.00121	0.00243	0.00485	0.84589	0.00485
41	0.01118	0.00950	0.01100	0.00794	0.01251	0.00743	0.00636	0.04014	0.03222	0.01766	0.00970	0.01110	0.00798	0.00403	0.00394	0.00083	0.00393	0.00322	0.00322	0.79612
42	0.01205	0.01186	0.02121	0.22026	0.48792	0.01229	0.12712	0.01543	0.01157	0.01605	0.00977	0.01331	0.00788	0.00474	0.00532	0.00162	0.00676	0.00486	0.00252	0.00746
43	0.01392	0.01321	0.01222	0.01102	0.01392	0.12946	0.00851	0.02665	0.66198	0.02044	0.01924	0.01794	0.01453	0.00681	0.00521	0.00170	0.00491	0.00551	0.00491	0.00791
44	0.00744	0.00558	0.00837	0.00837	0.00930	0.00651	0.00651	0.00930	0.00837	0.01209	0.01395	0.02046	0.01302	0.03906	0.79635	0.00837	0.01395	0.00558	0.00279	0.00465
45	0.01139	0.01139	0.01595	0.01367	0.01367	0.01595	0.01139	0.01253	0.00798	0.01253	0.00684	0.01139	0.00684	0.00911	0.01709	0.00228	0.80745	0.00456	0.00228	0.00570
46	0.00634	0.00453	0.00604	0.00725	0.00755	0.00423	0.00483	0.00725	0.00997	0.01329	0.02870	0.81358	0.03444	0.01632	0.00665	0.00211	0.00302	0.01480	0.00483	0.00423
47	0.01080	0.00926	0.01080	0.00771	0.01234	0.00694	0.00617	0.01311	0.01080	0.01697	0.00926	0.01080	0.00771	0.00386	0.00386	0.00077	0.00386	0.00309	0.00309	0.84882
48	0.00971	0.00485	0.00485	0.00485	0.00607	0.00485	0.00364	0.01213	0.01092	0.01942	0.01699	0.01942	0.01335	0.00607	0.00364	0.00121	0.00243	0.00485	0.84589	0.00485
49	0.05821	0.00999	0.01256	0.00967	0.01369	0.00942	0.00799	0.16415	0.01644	0.61366	0.01847	0.01635	0.01182	0.00634	0.00515	0.00160	0.00466	0.00503	0.00608	0.00872
50	0.00995	0.00942	0.01564	0.74414	0.03417	0.01190	0.01423	0.01325	0.01023	0.01325	0.00907	0.01369	0.00693	0.00550	0.00611	0.00178	0.06801	0.00462	0.00231	0.00578
51	0.02062	0.00887	0.01155	0.00910	0.01264	0.00812	0.00735	0.06842	0.05581	0.60492	0.05626	0.01976	0.01501	0.06850	0.00690	0.00188	0.00445	0.00562	0.00602	0.00820
52	0.01511	0.17964	0.22430	0.03439	0.01752	0.31664	0.01228	0.06917	0.01327	0.01513	0.00937	0.01189	0.00776	0.00605	0.01880	0.00157	0.00779	0.02989	0.00270	0.00673
53	0.66884	0.01072	0.00895	0.00770	0.01106	0.03916	0.00631	0.06353	0.01080	0.11896	0.00926	0.00990	0.00678	0.00514	0.00365	0.00160	0.00437	0.00326	0.00373	0.00626
54	0.00998	0.00512	0.00515	0.00505	0.00634	0.00516	0.00381	0.03256	0.01129	0.01978	0.01687	0.01923	0.01323	0.00607	0.00368	0.00122	0.00252	0.00485	0.82315	0.00496
55	0.00746	0.00604	0.00643	0.00621	0.00806	0.00545	0.00481	0.06586	0.01308	0.01618	0.10868	0.04694	0.60766	0.01253	0.00616	0.00178	0.00301	0.06391	0.00494	0.00481
56	0.00757	0.00505	0.00568	0.00568	0.00568	0.00505	0.00316	0.00757	0.00757	0.01010	0.01641	0.03408	0.01893	0.81698	0.02651	0.00505	0.00505	0.00757	0.00316	0.00316
57	0.01448	0.70688	0.02539	0.00946	0.01363	0.11601	0.00901	0.01612	0.01106	0.01231	0.00746	0.00871	0.00680	0.00521	0.01824	0.00128	0.00620	0.00291	0.00229	0.00657
58	0.01139	0.01139	0.01595	0.01367	0.01367	0.01595	0.01139	0.01253	0.00798	0.01253	0.00684	0.01139	0.00684	0.00911	0.01709	0.00228	0.80745	0.00456	0.00228	0.00570
59	0.01007	0.00949	0.01604	0.74554	0.09297	0.01163	0.01458	0.01351	0.01052	0.01359	0.00930	0.01381	0.00704	0.00516	0.00520	0.00172	0.00688	0.00463	0.00233	0.00597
60	0.01279	0.01223	0.02086	0.03148	0.76769	0.01223	0.01582	0.01587	0.01186	0.01698	0.01018	0.01388	0.00872	0.00485	0.00520	0.00157	0.00616	0.02082	0.00263	0.00817
61	0.00755	0.00513	0.00608	0.00608	0.00622	0.00527	0.00365	0.00783	0.00769	0.01039	0.01604	0.03205	0.01805	0.70125	0.14103	0.00554	0.00637	0.00728	0.00310	0.00338
62	0.00634	0.00453	0.00604	0.00725	0.00755	0.00423	0.00483	0.00725	0.00997	0.01329	0.02870	0.81358	0.03444	0.01632	0.00665	0.00211	0.00302	0.01480	0.00483	0.00423
63	0.00641	0.00533	0.00563	0.00569	0.00736	0.00455	0.00435	0.00789	0.01210	0.01470	0.10654	0.04989	0.67191	0.01308	0.00623	0.00180	0.00278	0.06440	0.00490	0.00446
64	0.02298	0.00895	0.01207	0.00932	0.01330	0.00785	0.00768	0.02546	0.04330	0.75948	0.02057	0.01779	0.01300	0.00647	0.00524	0.00162	0.00442	0.00526	0.00640	0.00884
65	0.00971	0.00485	0.00485	0.00485	0.00607	0.00485	0.00364	0.01213	0.01092	0.01942	0.01699	0.01942	0.01335	0.00607	0.00364	0.00121	0.00243	0.00485	0.84589	0.00485
66	0.01456	0.01328	0.01238	0.01094	0.01373	0.15174	0.00853	0.13194	0.39584	0.03926	0.01743	0.03418	0.02822	0.00993	0.07840	0.00228	0.01990	0.00549	0.00455	0.00742
67	0.04327	0.71847	0.09683	0.00938	0.01409	0.01951	0.00975	0.01567	0.01056	0.01304	0.00743	0.00860	0.00664	0.00451	0.00349	0.00118	0.00571	0.00288	0.00226	0.00674
68	0.01139	0.01139	0.01595	0.01367	0.01367	0.01595	0.01139	0.01253	0.00798	0.01253	0.00684	0.01139	0.00684	0.00911	0.01709	0.00228	0.80745	0.00456	0.00228	0.00570
69	0.01034	0.00937	0.01517	0.67156	0.03212	0.01137	0.02746	0.06755	0.01143	0.01478	0.01100	0.07479	0.00920	0.00611	0.00533	0.00175	0.00659	0.00544	0.00272	0.00591
70	0.01160	0.01180	0.01498	0.03291	0.04106	0.08501	0.01084	0.01298	0.00884	0.01267	0.00808	0.01256	0.00772	0.01261	0.12154	0.00299	0.57915	0.00459	0.00240	0.00568
71	0.00696	0.00540	0.00717	0.00782	0.00821	0.00565	0.00552	0.00794	0.00977	0.01314	0.02721	0.61734	0.08643	0.03574	0.03892	0.00242	0.09268	0.01285	0.00443	0.00440
72	0.00757	0.00505	0.00568	0.00568	0.00568	0.00505	0.00316	0.00757	0.00757	0.01010	0.01641	0.03408	0.01893	0.81698	0.02651	0.00505	0.00505	0.00757	0.00316	0.00316
73	0.01201	0.01383	0.05880	0.06403	0.08126	0.01251	0.58172	0.01617	0.01199	0.01654	0.01027	0.01358	0.00781	0.00443	0.00580	0.00166	0.00807	0.00563	0.00263	0.07128
74	0.01162	0.00979	0.01163	0.06589	0.01442	0.00819	0.00714	0.08802	0.01213	0.01828	0.00958	0.01119	0.00777	0.00419	0.00409	0.00092	0.00427	0.00336	0.00324	0.70428
75	0.01041	0.01028	0.01817	0.16718	0.02074	0.01172	0.23445	0.01311	0.01001	0.01406	0.01102	0.04379	0.00986	0.02761	0.12892	0.00295	0.21116	0.01893	0.01718	0.01844
76	0.70801	0.00965	0.00848	0.08371	0.01249	0.01128	0.00656	0.01466	0.00897	0.02154	0.00796	0.00990	0.00633	0.00748	0.06391	0.00214	0.00507	0.00320	0.00310	0.00558
77	0.01461	0.12686	0.05202	0.14634	0.07403	0.18847	0.01088	0.14441	0.04295	0.03240	0.01282	0.01440	0.05660	0.00715	0.03312	0.00176	0.02659	0.00455	0.00326	0.00678
78	0.01246	0.01325	0.03711	0.08301	0.30781	0.06501	0.25283	0.02985	0.01195	0.01612	0.01101	0.06679	0.00959	0.00574	0.00624	0.00170	0.05398	0.00570	0.00276	0.00710
79	0.00878	0.00710	0.00928	0.06663	0.03244	0.04357	0.00719	0.01098	0.02734	0.01318	0.01396	0.02071	0.01289	0.08843	0.49566	0.00604	0.03027	0.02009	0.08057	0.00491
80	0.01036	0.02965	0.02517	0.03065	0.01162	0.00719	0.06203	0.06497	0.01215	0.10868	0.10017	0.39452	0.02579	0.02580	0.06367	0.00239	0.00483	0.01016	0.00462	0.00558
81	0.01306	0.02938	0.19030	0.03017	0.01783	0.01002	0.18666	0.03685	0.02441	0.16486	0.08474	0.05902	0.01464	0.00761	0.00686	0.06310	0.01947	0.03043	0.00380	0.00679

[dist]
# distance from previous block
# <min> <max>
0	17

[block]
# block no. 5 follows, 47 sequences, length 68
# corresponding to MSA columns:
# 1279-1346
name=unknown_F
#
# <colnr> <probs for GDERKNQSTAVLIFYWHMCP>
#	G	D	E	R	K	N	Q	S	T	A	V	L	I	F	Y	W	H	M	C	P
0	0.01051	0.01021	0.01742	0.34173	0.10250	0.03282	0.16316	0.01322	0.01061	0.01403	0.01188	0.11714	0.01094	0.00749	0.00729	0.05431	0.05994	0.00620	0.00274	0.00586
1	0.00703	0.00748	0.08713	0.00774	0.02319	0.00544	0.00642	0.00890	0.01141	0.01469	0.08366	0.26872	0.36476	0.01303	0.00624	0.00189	0.00350	0.06936	0.00457	0.00482
2	0.01223	0.01188	0.01871	0.16360	0.46313	0.03084	0.01444	0.01542	0.03964	0.01561	0.00954	0.01295	0.00801	0.00568	0.00737	0.00172	0.15472	0.00464	0.00258	0.00729
3	0.01319	0.01218	0.01983	0.13376	0.60455	0.01266	0.01515	0.09315	0.01297	0.01815	0.01000	0.01298	0.00814	0.00488	0.00517	0.00157	0.00624	0.00464	0.00281	0.00798
4	0.07794	0.00770	0.00802	0.02472	0.01027	0.08731	0.00678	0.01062	0.01115	0.01486	0.02519	0.35995	0.06288	0.01323	0.00629	0.00206	0.00441	0.25743	0.00442	0.00476
5	0.01267	0.01251	0.01892	0.04750	0.62229	0.07578	0.01431	0.01541	0.01186	0.01619	0.01159	0.09527	0.01079	0.00592	0.00527	0.00159	0.00614	0.00558	0.00281	0.00759
6	0.01557	0.02780	0.01033	0.00819	0.01117	0.00749	0.00644	0.01858	0.08896	0.36687	0.07889	0.05934	0.08889	0.09228	0.00749	0.00193	0.00405	0.00655	0.00526	0.09392
7	0.01163	0.01109	0.01886	0.35045	0.47586	0.01204	0.01536	0.01488	0.01126	0.01548	0.00957	0.01330	0.00771	0.00487	0.00518	0.00162	0.00650	0.00464	0.00247	0.00723
8	0.01164	0.01108	0.01850	0.16934	0.56845	0.01140	0.01447	0.01462	0.01160	0.01604	0.01413	0.01691	0.08791	0.00563	0.00527	0.00160	0.00596	0.00529	0.00276	0.00740
9	0.00950	0.00710	0.00890	0.00954	0.01093	0.02609	0.00799	0.08850	0.01301	0.01691	0.02573	0.17939	0.02797	0.01365	0.00684	0.00224	0.00471	0.53107	0.00479	0.00515
10	0.01165	0.01080	0.01811	0.15049	0.53545	0.01117	0.01446	0.01468	0.01165	0.01619	0.01271	0.02078	0.01171	0.00637	0.00551	0.00172	0.00607	0.13029	0.00291	0.00728
11	0.00974	0.00621	0.00767	0.00773	0.00894	0.00610	0.00559	0.03287	0.08966	0.09879	0.02557	0.35096	0.08676	0.11554	0.00978	0.06033	0.00382	0.06420	0.00468	0.00506
12	0.03485	0.17003	0.51654	0.01444	0.02102	0.02639	0.11473	0.01639	0.01109	0.01587	0.00904	0.01082	0.00676	0.00479	0.00476	0.00156	0.00737	0.00392	0.00230	0.00734
13	0.00807	0.00651	0.00874	0.15526	0.01397	0.00678	0.00763	0.01096	0.06213	0.01501	0.06808	0.14837	0.20491	0.03581	0.00690	0.00208	0.00428	0.22515	0.00438	0.00499
14	0.01007	0.00950	0.01605	0.74446	0.09402	0.01163	0.01458	0.01351	0.01053	0.01359	0.00930	0.01381	0.00704	0.00516	0.00520	0.00172	0.00688	0.00463	0.00233	0.00598
15	0.01483	0.01172	0.01946	0.02776	0.64166	0.01150	0.01444	0.01772	0.01242	0.15983	0.01179	0.01378	0.00911	0.00497	0.00517	0.00156	0.00586	0.00475	0.00329	0.00836
16	0.01138	0.00742	0.01123	0.07583	0.01335	0.00757	0.06800	0.01327	0.01169	0.17701	0.12679	0.29887	0.02446	0.02631	0.00754	0.00196	0.08300	0.02389	0.00463	0.00579
17	0.02032	0.01299	0.01450	0.01115	0.01520	0.01387	0.00920	0.57466	0.02189	0.20560	0.01448	0.01391	0.00991	0.00629	0.00517	0.00156	0.00533	0.00482	0.03044	0.00874
18	0.03240	0.03482	0.01544	0.01301	0.01564	0.46337	0.03655	0.08074	0.01416	0.09469	0.00956	0.01097	0.00757	0.00612	0.00688	0.00156	0.14283	0.00394	0.00321	0.00654
19	0.01423	0.53686	0.15252	0.01008	0.01491	0.01721	0.01046	0.01775	0.07379	0.09382	0.01011	0.01067	0.00806	0.00496	0.00397	0.00131	0.00569	0.00347	0.00291	0.00721
20	0.02313	0.00891	0.01208	0.00930	0.01330	0.00777	0.00767	0.02543	0.03200	0.77087	0.02056	0.01776	0.01296	0.00646	0.00524	0.00161	0.00442	0.00525	0.00642	0.00885
21	0.01010	0.00651	0.00917	0.17434	0.01373	0.00712	0.00703	0.08065	0.00999	0.01383	0.01193	0.07665	0.01108	0.01261	0.01257	0.41852	0.00476	0.00539	0.10992	0.00410
22	0.00919	0.00838	0.01385	0.65681	0.03062	0.01021	0.01268	0.01218	0.01033	0.01330	0.01286	0.16200	0.01204	0.00726	0.00547	0.00181	0.00622	0.00651	0.00278	0.00550
23	0.01282	0.01230	0.02101	0.04955	0.76745	0.01236	0.01595	0.01592	0.01182	0.01693	0.00978	0.01291	0.00822	0.00465	0.00516	0.00155	0.00620	0.00464	0.00257	0.00819
24	0.01392	0.82012	0.02729	0.00891	0.01337	0.02061	0.00891	0.01559	0.01058	0.01225	0.00724	0.00835	0.00668	0.00446	0.00334	0.00111	0.00557	0.00278	0.00223	0.00668
25	0.00711	0.00582	0.00658	0.04186	0.00886	0.02696	0.00505	0.00866	0.01190	0.01524	0.19098	0.23787	0.34878	0.02692	0.00652	0.00187	0.00315	0.02117	0.02014	0.00456
26	0.04715	0.10988	0.67584	0.01387	0.02103	0.01297	0.01757	0.01635	0.01086	0.01634	0.00903	0.01061	0.00656	0.00489	0.00470	0.00159	0.00731	0.00369	0.00225	0.00750
27	0.02112	0.04534	0.07642	0.00971	0.01396	0.00876	0.00863	0.02403	0.04873	0.64175	0.03399	0.01726	0.01295	0.00635	0.00515	0.00160	0.00470	0.00513	0.00585	0.00857
28	0.01045	0.02694	0.79000	0.01484	0.02254	0.01209	0.01924	0.01649	0.01099	0.01649	0.00935	0.01099	0.00660	0.00495	0.00495	0.00165	0.00770	0.00385	0.00220	0.00770
29	0.01045	0.02694	0.79000	0.01484	0.02254	0.01209	0.01924	0.01649	0.01099	0.01649	0.00935	0.01099	0.00660	0.00495	0.00495	0.00165	0.00770	0.00385	0.00220	0.00770
30	0.01268	0.01216	0.02076	0.08486	0.73323	0.01232	0.01588	0.01580	0.01176	0.01676	0.00976	0.01296	0.00816	0.00468	0.00516	0.00156	0.00624	0.00464	0.00256	0.00808
31	0.00893	0.00466	0.00679	0.00679	0.00699	0.00476	0.00466	0.00748	0.00729	0.01021	0.01020	0.01660	0.00981	0.01927	0.09907	0.69230	0.00532	0.00466	0.07150	0.00272
32	0.00663	0.00470	0.00620	0.00729	0.00763	0.00445	0.00496	0.00757	0.00990	0.01317	0.02740	0.67523	0.03256	0.09469	0.00864	0.00243	0.00337	0.07434	0.00467	0.00417
33	0.01090	0.13079	0.69014	0.01407	0.02134	0.01321	0.01789	0.01637	0.01094	0.01594	0.00907	0.01065	0.00661	0.00488	0.00474	0.00158	0.00742	0.00371	0.00220	0.00756
34	0.01663	0.01959	0.01702	0.01977	0.27833	0.47173	0.01218	0.01855	0.01327	0.01419	0.00856	0.01073	0.00724	0.00539	0.00575	0.00148	0.06631	0.00388	0.00262	0.00677
35	0.01194	0.00607	0.00648	0.00589	0.00764	0.00607	0.00457	0.07542	0.01244	0.09985	0.01699	0.01867	0.01293	0.00612	0.00393	0.00128	0.00290	0.00488	0.69031	0.00560
36	0.76673	0.01181	0.08840	0.00767	0.01136	0.01172	0.00704	0.01543	0.00908	0.02266	0.00747	0.00872	0.00574	0.00485	0.00340	0.00162	0.00441	0.00293	0.00312	0.00585
37	0.01064	0.07147	0.74718	0.01451	0.02202	0.01257	0.01866	0.01644	0.01097	0.01625	0.00923	0.01085	0.00660	0.00492	0.00486	0.00162	0.00758	0.00379	0.00220	0.00764
38	0.01392	0.82012	0.02729	0.00891	0.01337	0.02061	0.00891	0.01559	0.01058	0.01225	0.00724	0.00835	0.00668	0.00446	0.00334	0.00111	0.00557	0.00278	0.00223	0.00668
39	0.01053	0.04669	0.77101	0.01470	0.02231	0.01231	0.01898	0.01647	0.01098	0.01639	0.00929	0.01093	0.00660	0.00494	0.00491	0.00164	0.00764	0.00382	0.00220	0.00767
40	0.01045	0.02694	0.79000	0.01484	0.02254	0.01209	0.01924	0.01649	0.01099	0.01649	0.00935	0.01099	0.00660	0.00495	0.00495	0.00165	0.00770	0.00385	0.00220	0.00770
41	0.00757	0.00505	0.00568	0.00568	0.00568	0.00505	0.00316	0.00757	0.00757	0.01010	0.01641	0.03408	0.01893	0.81698	0.02651	0.00505	0.00505	0.00757	0.00316	0.00316
42	0.00655	0.00469	0.00623	0.00711	0.00760	0.00437	0.00485	0.00777	0.01094	0.01483	0.18143	0.65647	0.03742	0.01517	0.00654	0.00202	0.00291	0.01371	0.00502	0.00437
43	0.01217	0.01164	0.01984	0.21401	0.60808	0.01218	0.01562	0.01535	0.01152	0.01614	0.00967	0.01312	0.00794	0.00477	0.00517	0.00159	0.00636	0.00464	0.00252	0.00767
44	0.00983	0.00926	0.01562	0.80447	0.03587	0.01157	0.01446	0.01331	0.01041	0.01331	0.00926	0.01388	0.00694	0.00521	0.00521	0.00174	0.00694	0.00463	0.00231	0.00579
45	0.01045	0.02694	0.79000	0.01484	0.02254	0.01209	0.01924	0.01649	0.01099	0.01649	0.00935	0.01099	0.00660	0.00495	0.00495	0.00165	0.00770	0.00385	0.00220	0.00770
46	0.24560	0.01294	0.01343	0.15789	0.03566	0.06733	0.00970	0.33834	0.03224	0.02466	0.01028	0.01159	0.00761	0.00559	0.00463	0.00160	0.00572	0.00410	0.00390	0.00719
47	0.01271	0.01219	0.02081	0.07728	0.74058	0.01233	0.01589	0.01583	0.01177	0.01680	0.00976	0.01295	0.00817	0.00467	0.00516	0.00156	0.00623	0.00464	0.00256	0.00810
48	0.00983	0.00926	0.01562	0.80447	0.03587	0.01157	0.01446	0.01331	0.01041	0.01331	0.00926	0.01388	0.00694	0.00521	0.00521	0.00174	0.00694	0.00463	0.00231	0.00579
49	0.00634	0.00453	0.00604	0.00725	0.00755	0.00423	0.00483	0.00725	0.00997	0.01329	0.02870	0.81358	0.03444	0.01632	0.00665	0.00211	0.00302	0.01480	0.00483	0.00423
50	0.01258	0.01378	0.02093	0.01651	0.01862	0.10011	0.27225	0.01487	0.01021	0.01399	0.00825	0.01209	0.00719	0.00707	0.01195	0.00200	0.44397	0.00498	0.00245	0.00619
51	0.00983	0.00926	0.01562	0.80447	0.03587	0.01157	0.01446	0.01331	0.01041	0.01331	0.00926	0.01388	0.00694	0.00521	0.00521	0.00174	0.00694	0.00463	0.00231	0.00579
52	0.01392	0.82012	0.02729	0.00891	0.01337	0.02061	0.00891	0.01559	0.01058	0.01225	0.00724	0.00835	0.00668	0.00446	0.00334	0.00111	0.00557	0.00278	0.00223	0.00668
53	0.00633	0.00460	0.00598	0.00708	0.00751	0.00424	0.00476	0.00727	0.01014	0.01336	0.03080	0.74696	0.09972	0.01604	0.00660	0.00208	0.00299	0.01447	0.00483	0.00424
54	0.01029	0.00643	0.02719	0.00799	0.00945	0.00567	0.00602	0.04389	0.01190	0.15822	0.06674	0.52680	0.05004	0.01332	0.00626	0.00196	0.00353	0.03373	0.00513	0.00543
55	0.01009	0.00975	0.01718	0.72370	0.03497	0.01174	0.09199	0.01365	0.01061	0.01365	0.00939	0.01390	0.00704	0.00512	0.00530	0.00174	0.00713	0.00478	0.00235	0.00591
56	0.00630	0.00527	0.00549	0.00546	0.00713	0.00445	0.00408	0.00775	0.01217	0.01485	0.13793	0.06228	0.68308	0.01295	0.00616	0.00175	0.00262	0.01087	0.00494	0.00445
57	0.02180	0.00898	0.01192	0.00924	0.01305	0.00804	0.00759	0.07742	0.01558	0.67090	0.08239	0.01909	0.01557	0.00678	0.00531	0.00161	0.00436	0.00554	0.00630	0.00854
58	0.01080	0.00926	0.01080	0.00771	0.01234	0.00694	0.00617	0.01311	0.01080	0.01697	0.00926	0.01080	0.00771	0.00386	0.00386	0.00077	0.00386	0.00309	0.00309	0.84882
59	0.00827	0.00801	0.08409	0.00778	0.00981	0.00636	0.00661	0.01206	0.09088	0.03057	0.47755	0.11478	0.10204	0.01046	0.00598	0.00171	0.00324	0.00914	0.00518	0.00547
60	0.00845	0.00684	0.01073	0.01274	0.15288	0.00760	0.00826	0.01054	0.00902	0.01300	0.01318	0.01906	0.01214	0.03268	0.64980	0.00711	0.01251	0.00541	0.00275	0.00532
61	0.00619	0.00514	0.00542	0.00564	0.00713	0.00437	0.00412	0.00743	0.01152	0.01392	0.04830	0.19152	0.64385	0.01377	0.00625	0.00182	0.00271	0.01170	0.00484	0.00437
62	0.85377	0.01007	0.00765	0.00685	0.01007	0.01168	0.00564	0.01531	0.00886	0.02336	0.00725	0.00846	0.00564	0.00483	0.00322	0.00161	0.00403	0.00282	0.00322	0.00564
63	0.85377	0.01007	0.00765	0.00685	0.01007	0.01168	0.00564	0.01531	0.00886	0.02336	0.00725	0.00846	0.00564	0.00483	0.00322	0.00161	0.00403	0.00282	0.00322	0.00564
64	0.11599	0.01267	0.01469	0.01139	0.01535	0.01350	0.07060	0.44090	0.06672	0.04639	0.01280	0.04573	0.00988	0.00615	0.00498	0.00154	0.00534	0.00493	0.00456	0.09588
65	0.03016	0.21302	0.09129	0.01350	0.09179	0.11851	0.01100	0.27469	0.03732	0.02071	0.01014	0.01126	0.00797	0.00621	0.02266	0.00161	0.02316	0.00398	0.00346	0.00755
66	0.01583	0.01589	0.15170	0.01296	0.03933	0.02705	0.01154	0.39433	0.12832	0.02501	0.01238	0.01304	0.00919	0.00631	0.00635	0.00166	0.08861	0.00463	0.00421	0.03166
67	0.11829	0.19100	0.31931	0.01181	0.01703	0.13602	0.01264	0.03298	0.03314	0.06918	0.00960	0.01060	0.00725	0.00508	0.00439	0.00148	0.00669	0.00359	0.00285	0.00709

[dist]
# distance from previous block
# <min> <max>
0	4

[block]
# block no. 6 follows, 47 sequences, length 123
# corresponding to MSA columns:
# 1352-1474
name=unknown_G
#
# <colnr> <probs for GDERKNQSTAVLIFYWHMCP>
#	G	D	E	R	K	N	Q	S	T	A	V	L	I	F	Y	W	H	M	C	P
0	0.01305	0.02987	0.01658	0.02144	0.41883	0.13640	0.01197	0.04116	0.06904	0.01721	0.08770	0.01857	0.08308	0.00633	0.00524	0.00155	0.00584	0.00552	0.00338	0.00721
1	0.01370	0.00963	0.01326	0.01083	0.01382	0.02505	0.12011	0.14280	0.05590	0.16755	0.02139	0.23732	0.07412	0.00917	0.00573	0.00172	0.00483	0.00820	0.00475	0.06013
2	0.00817	0.00611	0.00715	0.00678	0.00758	0.02425	0.00451	0.00893	0.00830	0.01142	0.01480	0.02745	0.01590	0.50858	0.22215	0.00535	0.00732	0.00647	0.00304	0.09575
3	0.04721	0.01764	0.29880	0.06300	0.02363	0.01231	0.34351	0.01623	0.01140	0.03580	0.01022	0.01288	0.00756	0.00497	0.00590	0.00171	0.04235	0.00496	0.03288	0.00704
4	0.85377	0.01007	0.00765	0.00685	0.01007	0.01168	0.00564	0.01531	0.00886	0.02336	0.00725	0.00846	0.00564	0.00483	0.00322	0.00161	0.00403	0.00282	0.00322	0.00564
5	0.00897	0.00455	0.00673	0.00673	0.00673	0.00455	0.00445	0.00682	0.00682	0.00910	0.00942	0.01676	0.00955	0.05901	0.02067	0.80528	0.00455	0.00468	0.00231	0.00231
6	0.02745	0.27595	0.49479	0.01276	0.01909	0.05627	0.01526	0.01642	0.01102	0.01509	0.00858	0.01003	0.00661	0.00481	0.00440	0.00146	0.00705	0.00347	0.00225	0.00725
7	0.01980	0.01459	0.01563	0.01198	0.01615	0.01615	0.00990	0.76713	0.02448	0.03282	0.01250	0.01250	0.00886	0.00625	0.00521	0.00156	0.00573	0.00469	0.00521	0.00886
8	0.00737	0.00532	0.00696	0.00655	0.00778	0.00491	0.00491	0.00983	0.01474	0.02088	0.78175	0.03890	0.04914	0.01065	0.00614	0.00164	0.00246	0.00942	0.00573	0.00491
9	0.04213	0.00889	0.01199	0.00921	0.01322	0.00775	0.00761	0.02515	0.01477	0.77082	0.02024	0.01752	0.01273	0.00641	0.00519	0.00161	0.00442	0.00518	0.00637	0.00879
10	0.85377	0.01007	0.00765	0.00685	0.01007	0.01168	0.00564	0.01531	0.00886	0.02336	0.00725	0.00846	0.00564	0.00483	0.00322	0.00161	0.00403	0.00282	0.00322	0.00564
11	0.00634	0.00453	0.00604	0.00725	0.00755	0.00423	0.00483	0.00725	0.00997	0.01329	0.02870	0.81358	0.03444	0.01632	0.00665	0.00211	0.00302	0.01480	0.00483	0.00423
