[name]
unknown

[dist]
# distance from previous block
# <min> <max>
2	89

[block]
# block no. 0 follows, 45 sequences, length 9
# corresponding to MSA columns:
# 91-99
name=unknown_A
#
# <colnr> <probs for GDERKNQSTAVLIFYWHMCP>
#	G	D	E	R	K	N	Q	S	T	A	V	L	I	F	Y	W	H	M	C	P
0	0.10677	0.03589	0.07952	0.14781	0.01842	0.04902	0.02915	0.13083	0.12890	0.06890	0.09215	0.01761	0.03569	0.00673	0.00556	0.00171	0.02874	0.00536	0.00413	0.00712
1	0.31881	0.06877	0.01271	0.19077	0.01772	0.01226	0.00887	0.10912	0.02928	0.09538	0.05677	0.01478	0.03237	0.00604	0.00457	0.00166	0.00509	0.00453	0.00386	0.00664
2	0.24544	0.01101	0.01312	0.21770	0.05245	0.02884	0.02638	0.15472	0.04542	0.04727	0.09564	0.01559	0.01265	0.00617	0.00492	0.00169	0.00543	0.00490	0.00389	0.00677
3	0.03899	0.01011	0.01548	0.54413	0.02976	0.01210	0.03570	0.12436	0.01266	0.01701	0.01055	0.01467	0.00813	0.00937	0.09259	0.00252	0.00773	0.00488	0.00292	0.00634
4	0.01263	0.01096	0.01679	0.47115	0.17589	0.01264	0.01394	0.10446	0.07240	0.04030	0.01136	0.01451	0.00856	0.00557	0.00537	0.00173	0.00655	0.00490	0.00316	0.00713
5	0.05549	0.01035	0.01619	0.57480	0.12115	0.01220	0.01397	0.06900	0.01208	0.04958	0.01025	0.01397	0.00766	0.00541	0.00526	0.00174	0.00670	0.00471	0.00287	0.00663
6	0.07477	0.01226	0.01385	0.16607	0.01902	0.04545	0.00998	0.22453	0.21556	0.11491	0.01492	0.01522	0.01080	0.00626	0.00519	0.00168	0.00553	0.00497	0.00464	0.03441
7	0.01116	0.00997	0.01524	0.52945	0.09354	0.01171	0.01310	0.08618	0.05173	0.01650	0.01456	0.04650	0.06492	0.00654	0.00549	0.00177	0.00634	0.00571	0.00314	0.00645
8	0.75587	0.00975	0.00779	0.00705	0.01000	0.01122	0.00569	0.01480	0.00890	0.02244	0.00768	0.00956	0.00620	0.00650	0.00529	0.09531	0.00421	0.00310	0.00321	0.00543

[dist]
# distance from previous block
# <min> <max>
0	5

[block]
# block no. 1 follows, 45 sequences, length 17
# corresponding to MSA columns:
# 105-121
name=unknown_B
#
# <colnr> <probs for GDERKNQSTAVLIFYWHMCP>
#	G	D	E	R	K	N	Q	S	T	A	V	L	I	F	Y	W	H	M	C	P
0	0.12056	0.03705	0.09307	0.01066	0.01456	0.03310	0.00940	0.21801	0.17358	0.12066	0.10038	0.01723	0.01506	0.00675	0.00515	0.00167	0.00510	0.00529	0.00487	0.00786
1	0.07680	0.05015	0.04786	0.01256	0.10831	0.04620	0.00934	0.04836	0.02685	0.39836	0.06900	0.01684	0.01355	0.00626	0.00511	0.00158	0.00508	0.00506	0.00505	0.04769
2	0.01014	0.00954	0.01610	0.79845	0.03697	0.01193	0.01491	0.01371	0.01073	0.01371	0.00954	0.01431	0.00716	0.00537	0.00537	0.00179	0.00716	0.00477	0.00239	0.00596
3	0.01954	0.01178	0.05127	0.03357	0.09151	0.01100	0.00995	0.21467	0.04579	0.37479	0.05227	0.03172	0.01352	0.00671	0.00544	0.00166	0.00519	0.00551	0.00548	0.00863
4	0.06986	0.08487	0.29121	0.01331	0.04737	0.04974	0.04766	0.03955	0.06918	0.21607	0.01331	0.01356	0.00933	0.00563	0.00501	0.00163	0.00638	0.00447	0.00385	0.00800
5	0.04920	0.00917	0.01224	0.05170	0.01459	0.00844	0.00810	0.02455	0.05967	0.63493	0.05518	0.01886	0.01463	0.00676	0.00537	0.00168	0.00458	0.00552	0.00620	0.00863
6	0.00654	0.00467	0.00623	0.00747	0.00779	0.00436	0.00498	0.00747	0.01028	0.01370	0.02959	0.80785	0.03550	0.01682	0.00685	0.00218	0.00311	0.01526	0.00498	0.00436
7	0.01180	0.07941	0.52464	0.08645	0.02395	0.01343	0.10361	0.06395	0.01229	0.01749	0.00982	0.01187	0.00714	0.00511	0.00517	0.00168	0.00771	0.00429	0.00253	0.00768
8	0.01005	0.01061	0.06491	0.58640	0.06504	0.01126	0.05400	0.01356	0.01099	0.01432	0.01304	0.06466	0.04608	0.00638	0.00554	0.00180	0.00681	0.00576	0.00269	0.00610
9	0.00652	0.00474	0.00616	0.00730	0.00774	0.00437	0.00490	0.00749	0.01045	0.01377	0.03173	0.74240	0.09957	0.01654	0.00681	0.00215	0.00308	0.01492	0.00498	0.00437
10	0.01257	0.01203	0.02050	0.20624	0.61014	0.01257	0.01612	0.01585	0.01189	0.01667	0.00997	0.01352	0.00820	0.00491	0.00533	0.00164	0.00655	0.00478	0.00260	0.00793
11	0.02208	0.00968	0.01299	0.01109	0.06227	0.00881	0.00845	0.07693	0.03501	0.62658	0.02136	0.01909	0.04637	0.00683	0.00543	0.00166	0.00469	0.00560	0.00620	0.00888
12	0.00739	0.00598	0.00819	0.12928	0.04188	0.00595	0.00669	0.00899	0.01112	0.01440	0.07159	0.40830	0.21486	0.03155	0.00688	0.00205	0.00378	0.01180	0.00450	0.00482
13	0.01024	0.00957	0.01607	0.67251	0.11026	0.01155	0.01446	0.01361	0.01086	0.01410	0.01082	0.06273	0.00903	0.00601	0.00545	0.00179	0.00683	0.00541	0.00257	0.00612
14	0.03036	0.12185	0.08442	0.16530	0.02205	0.07175	0.13138	0.15967	0.07744	0.05480	0.01152	0.01323	0.00863	0.00560	0.00537	0.00164	0.01935	0.00472	0.00348	0.00744
15	0.70907	0.03009	0.05839	0.02991	0.01235	0.01252	0.00727	0.05570	0.01022	0.02361	0.00796	0.00926	0.00612	0.00507	0.00360	0.00165	0.00461	0.00313	0.00332	0.00615
16	0.59582	0.04319	0.08437	0.03814	0.01309	0.01240	0.00792	0.05624	0.03298	0.02293	0.04415	0.01120	0.00858	0.00542	0.00389	0.00165	0.00471	0.00359	0.00344	0.00629

[dist]
# distance from previous block
# <min> <max>
3	13

[block]
# block no. 2 follows, 45 sequences, length 37
# corresponding to MSA columns:
# 136-172
name=unknown_C
#
# <colnr> <probs for GDERKNQSTAVLIFYWHMCP>
#	G	D	E	R	K	N	Q	S	T	A	V	L	I	F	Y	W	H	M	C	P
0	0.01053	0.00789	0.00940	0.00854	0.01033	0.02876	0.00644	0.10989	0.02639	0.04061	0.06380	0.10493	0.03512	0.14128	0.28273	0.00459	0.00802	0.00698	0.00391	0.08986
1	0.01213	0.16382	0.11577	0.01736	0.03813	0.02483	0.40085	0.01585	0.01173	0.01567	0.01123	0.05067	0.00951	0.00849	0.07788	0.00231	0.00847	0.00570	0.00270	0.00691
2	0.00732	0.00555	0.00637	0.00612	0.00774	0.00485	0.00461	0.00921	0.01363	0.03553	0.37429	0.04574	0.43526	0.01227	0.00632	0.00175	0.00268	0.01047	0.00543	0.00488
3	0.01246	0.01191	0.02030	0.23308	0.58417	0.01254	0.01606	0.01575	0.01183	0.01654	0.00995	0.01355	0.00815	0.00494	0.00533	0.00165	0.00658	0.00478	0.00259	0.00784
4	0.00734	0.00663	0.05435	0.00798	0.00933	0.00535	0.00648	0.00921	0.01182	0.01568	0.14433	0.37117	0.15789	0.01429	0.00669	0.00207	0.00362	0.15599	0.00495	0.00483
5	0.01271	0.25945	0.41510	0.01337	0.01954	0.01455	0.07464	0.01697	0.01154	0.06648	0.01065	0.04312	0.00852	0.00547	0.00479	0.00156	0.00695	0.00438	0.00271	0.00750
6	0.01506	0.17911	0.28217	0.01464	0.08069	0.09178	0.05762	0.01932	0.05093	0.14186	0.01170	0.01255	0.00860	0.00535	0.00490	0.00156	0.00687	0.00425	0.00326	0.00778
7	0.01126	0.00974	0.01178	0.00948	0.05961	0.00750	0.00698	0.01370	0.01120	0.01749	0.00957	0.01126	0.00798	0.00402	0.00406	0.00084	0.00412	0.00328	0.00315	0.79296
8	0.00645	0.00544	0.00559	0.00555	0.00732	0.00458	0.00416	0.00791	0.01249	0.01511	0.11704	0.05065	0.71265	0.01337	0.00634	0.00180	0.00270	0.01119	0.00507	0.00458
9	0.00757	0.00563	0.00788	0.00788	0.00876	0.00626	0.00590	0.00912	0.00882	0.01231	0.01848	0.02621	0.08469	0.16454	0.59246	0.00744	0.01180	0.00660	0.00313	0.00452
10	0.01402	0.74205	0.09776	0.00975	0.01465	0.02043	0.01017	0.01616	0.01095	0.01303	0.00766	0.00886	0.00688	0.00464	0.00360	0.00120	0.00594	0.00297	0.00229	0.00698
11	0.01311	0.01129	0.01168	0.01043	0.01321	0.04840	0.00814	0.09789	0.49826	0.02179	0.07404	0.02187	0.05443	0.01072	0.07786	0.00240	0.00541	0.00630	0.00510	0.00768
12	0.00755	0.00537	0.00683	0.00663	0.00778	0.00497	0.00486	0.00974	0.01403	0.01980	0.59255	0.11695	0.08380	0.04767	0.00721	0.00188	0.00272	0.01005	0.04474	0.00488
13	0.09205	0.30721	0.13413	0.01011	0.01502	0.01461	0.00999	0.09121	0.01296	0.13765	0.01076	0.01131	0.00815	0.00513	0.00425	0.00136	0.00552	0.00367	0.00349	0.12142
14	0.01236	0.18884	0.55787	0.01391	0.02068	0.08592	0.01678	0.01722	0.01160	0.01575	0.00907	0.01062	0.00683	0.00504	0.00474	0.00156	0.00764	0.00369	0.00232	0.00756
15	0.01384	0.52204	0.26065	0.01110	0.01670	0.01771	0.01240	0.01698	0.01131	0.06110	0.00897	0.01004	0.00725	0.00487	0.00408	0.00135	0.00635	0.00336	0.00255	0.00735
16	0.01288	0.25682	0.44072	0.01379	0.02026	0.01485	0.08399	0.01735	0.01160	0.06653	0.00987	0.01128	0.00738	0.00500	0.00475	0.00155	0.00717	0.00396	0.00261	0.00764
17	0.00767	0.00575	0.00863	0.00863	0.00959	0.00671	0.00671	0.00959	0.00863	0.01246	0.01438	0.02109	0.01342	0.04026	0.79008	0.00863	0.01438	0.00575	0.00288	0.00479
18	0.01677	0.23305	0.08828	0.01515	0.11928	0.20495	0.06573	0.01956	0.02973	0.14255	0.01107	0.01203	0.00847	0.00529	0.00477	0.00146	0.00700	0.00411	0.00328	0.00747
19	0.01773	0.11504	0.12208	0.04315	0.06635	0.04242	0.01050	0.04065	0.03338	0.36095	0.03364	0.06402	0.01294	0.00668	0.00519	0.00163	0.00551	0.00544	0.00471	0.00799
20	0.00660	0.00489	0.00617	0.00703	0.00771	0.00446	0.00482	0.00776	0.01109	0.01457	0.10291	0.59652	0.17448	0.01568	0.00671	0.00207	0.00299	0.01402	0.00507	0.00446
21	0.00785	0.00585	0.00798	0.00841	0.05486	0.00547	0.00575	0.01027	0.01456	0.02056	0.65975	0.10924	0.04669	0.01114	0.00632	0.00173	0.00282	0.00992	0.00563	0.00521
22	0.02206	0.01177	0.01284	0.01031	0.01405	0.11727	0.00830	0.10190	0.01607	0.54872	0.01903	0.06489	0.01332	0.00709	0.00541	0.00165	0.00533	0.00567	0.00587	0.00844
23	0.01218	0.01252	0.05101	0.26336	0.46132	0.01256	0.07767	0.01572	0.01177	0.01633	0.00997	0.01362	0.00800	0.00495	0.00541	0.00168	0.00690	0.00488	0.00256	0.00761
24	0.01014	0.00954	0.01610	0.79845	0.03697	0.01193	0.01491	0.01371	0.01073	0.01371	0.00954	0.01431	0.00716	0.00537	0.00537	0.00179	0.00716	0.00477	0.00239	0.00596
25	0.01039	0.00962	0.01612	0.70423	0.09619	0.01172	0.01459	0.01389	0.01088	0.01428	0.00991	0.01446	0.00753	0.00535	0.00530	0.00175	0.00691	0.00478	0.03599	0.00613
26	0.01220	0.03890	0.51178	0.01879	0.19109	0.01228	0.03774	0.01724	0.01179	0.06505	0.01088	0.02929	0.00824	0.00535	0.00520	0.00168	0.00725	0.00452	0.00270	0.00802
27	0.01312	0.10607	0.51812	0.01510	0.05151	0.01315	0.06212	0.04723	0.01237	0.09630	0.01082	0.01210	0.00772	0.00521	0.00505	0.00164	0.00728	0.00421	0.00289	0.00798
28	0.02044	0.00880	0.01133	0.00901	0.01240	0.02469	0.00721	0.03610	0.01478	0.58800	0.10677	0.02214	0.01796	0.08596	0.00764	0.00200	0.00453	0.00607	0.00612	0.00803
29	0.12518	0.01261	0.09081	0.31582	0.12964	0.01213	0.10006	0.04798	0.01205	0.08799	0.01072	0.01346	0.00789	0.00528	0.00518	0.00172	0.00665	0.00469	0.00309	0.00706
30	0.40958	0.17664	0.10665	0.00951	0.01371	0.07656	0.00895	0.06260	0.01163	0.06882	0.00900	0.00995	0.00692	0.00516	0.00394	0.00154	0.00551	0.00335	0.00328	0.00673
31	0.00781	0.00520	0.00585	0.00585	0.00585	0.00520	0.00325	0.00781	0.00781	0.01041	0.01691	0.03513	0.01952	0.81135	0.02732	0.00520	0.00520	0.00781	0.00325	0.00325
32	0.00659	0.00545	0.00577	0.00569	0.00740	0.00463	0.00427	0.00817	0.01281	0.01586	0.19415	0.04942	0.63506	0.01309	0.00634	0.00179	0.00268	0.01101	0.00516	0.00463
33	0.00800	0.00904	0.13111	0.00801	0.01038	0.00620	0.00734	0.01102	0.01432	0.02020	0.59082	0.03649	0.10590	0.01026	0.00614	0.00170	0.00341	0.00893	0.00525	0.00548
34	0.05163	0.56640	0.05551	0.00974	0.01422	0.07441	0.00937	0.01804	0.01185	0.13134	0.00972	0.01029	0.00782	0.00501	0.00391	0.00129	0.00587	0.00335	0.00304	0.00718
35	0.01420	0.78111	0.06026	0.00944	0.01418	0.02087	0.00964	0.01611	0.01093	0.01282	0.00756	0.00873	0.00688	0.00461	0.00351	0.00117	0.00583	0.00292	0.00229	0.00693
36	0.09412	0.48903	0.14368	0.01050	0.01527	0.10641	0.01063	0.01724	0.01149	0.04718	0.00849	0.00959	0.00705	0.00490	0.00394	0.00133	0.00634	0.00322	0.00263	0.00697

[dist]
# distance from previous block
# <min> <max>
2	5

[block]
# block no. 3 follows, 45 sequences, length 16
# corresponding to MSA columns:
# 178-193
name=unknown_D
#
# <colnr> <probs for GDERKNQSTAVLIFYWHMCP>
#	G	D	E	R	K	N	Q	S	T	A	V	L	I	F	Y	W	H	M	C	P
0	0.84927	0.01038	0.00789	0.00706	0.01038	0.01204	0.00581	0.01578	0.00914	0.02408	0.00747	0.00872	0.00581	0.00498	0.00332	0.00166	0.00415	0.00291	0.00332	0.00581
1	0.00767	0.00575	0.00863	0.00863	0.00959	0.00671	0.00671	0.00959	0.00863	0.01246	0.01438	0.02109	0.01342	0.04026	0.79008	0.00863	0.01438	0.00575	0.00288	0.00479
2	0.36385	0.00879	0.00915	0.02612	0.01124	0.00950	0.00656	0.01630	0.04599	0.16777	0.08376	0.12496	0.03158	0.00799	0.00537	0.00177	0.04189	0.00619	0.02493	0.00627
3	0.01412	0.76283	0.07782	0.00959	0.01440	0.02066	0.00989	0.01613	0.01094	0.01292	0.00761	0.00879	0.00688	0.00463	0.00355	0.00118	0.00588	0.00294	0.00229	0.00696
4	0.05173	0.29891	0.42323	0.01248	0.01865	0.01512	0.03516	0.01615	0.01116	0.01569	0.01111	0.01242	0.04631	0.00534	0.00454	0.00152	0.00675	0.00398	0.00248	0.00728
5	0.84927	0.01038	0.00789	0.00706	0.01038	0.01204	0.00581	0.01578	0.00914	0.02408	0.00747	0.00872	0.00581	0.00498	0.00332	0.00166	0.00415	0.00291	0.00332	0.00581
6	0.06996	0.01976	0.36682	0.13195	0.02509	0.03921	0.21134	0.01649	0.01147	0.01679	0.00966	0.01237	0.00715	0.00514	0.00576	0.00175	0.03496	0.00464	0.00250	0.00718
7	0.01077	0.02777	0.78354	0.01530	0.02323	0.01247	0.01983	0.01700	0.01133	0.01700	0.00963	0.01133	0.00680	0.00510	0.00510	0.00170	0.00793	0.00397	0.00227	0.00793
8	0.01083	0.10335	0.63843	0.01392	0.02092	0.01266	0.01744	0.01628	0.01164	0.01698	0.07902	0.01368	0.01080	0.00558	0.00505	0.00164	0.00723	0.00438	0.00260	0.00757
9	0.01410	0.75974	0.08078	0.00961	0.01444	0.02063	0.00993	0.01614	0.01094	0.01293	0.00761	0.00880	0.00688	0.00463	0.00356	0.00119	0.00589	0.00295	0.00229	0.00696
10	0.00921	0.00470	0.00691	0.00691	0.00691	0.00470	0.00455	0.00706	0.00706	0.00941	0.00991	0.01777	0.01011	0.07969	0.02147	0.77924	0.00470	0.00490	0.00240	0.00240
11	0.04681	0.01418	0.01438	0.01174	0.01548	0.05503	0.00946	0.43850	0.28580	0.02842	0.01562	0.01509	0.01146	0.00664	0.00530	0.00167	0.00546	0.00513	0.00520	0.00864
12	0.01172	0.01207	0.03399	0.07132	0.21535	0.05961	0.14636	0.01454	0.01204	0.01653	0.13264	0.05285	0.01647	0.00745	0.00798	0.00184	0.14980	0.02751	0.00328	0.00665
13	0.01675	0.09649	0.01459	0.14351	0.01755	0.01029	0.00891	0.05959	0.01342	0.30801	0.01393	0.01421	0.00980	0.00543	0.00477	0.00138	0.00504	0.00435	0.00439	0.24759
14	0.35664	0.01177	0.01285	0.01027	0.01404	0.03358	0.07219	0.18441	0.03532	0.16876	0.01239	0.01274	0.00881	0.00571	0.00455	0.00164	0.00513	0.00429	0.03754	0.00736
15	0.14907	0.00687	0.00804	0.00784	0.00909	0.00737	0.00585	0.01033	0.01059	0.01662	0.15126	0.27567	0.06817	0.06741	0.06115	0.00258	0.08689	0.00924	0.00425	0.04169

[dist]
# distance from previous block
# <min> <max>
2	4

[block]
# block no. 4 follows, 45 sequences, length 7
# corresponding to MSA columns:
# 198-204
name=unknown_E
#
# <colnr> <probs for GDERKNQSTAVLIFYWHMCP>
#	G	D	E	R	K	N	Q	S	T	A	V	L	I	F	Y	W	H	M	C	P
0	0.20749	0.48930	0.15654	0.00977	0.01466	0.01756	0.01028	0.01617	0.01057	0.01606	0.00785	0.00912	0.00662	0.00477	0.00371	0.00136	0.00576	0.00307	0.00253	0.00682
1	0.01340	0.22738	0.45344	0.01321	0.01964	0.01546	0.01539	0.14870	0.01369	0.01887	0.00965	0.01091	0.00724	0.00521	0.00472	0.00154	0.00701	0.00384	0.00283	0.00788
2	0.08352	0.22380	0.30196	0.01201	0.01750	0.01543	0.01294	0.20467	0.01453	0.02061	0.01047	0.04068	0.00841	0.00574	0.00466	0.00155	0.00636	0.00424	0.00325	0.00766
3	0.15148	0.29574	0.17738	0.01050	0.01514	0.01558	0.01061	0.15703	0.01329	0.01944	0.01047	0.05478	0.00911	0.03227	0.00511	0.00162	0.00580	0.00432	0.00322	0.00710
4	0.24745	0.19508	0.19487	0.01038	0.01505	0.01414	0.01052	0.09281	0.05380	0.06498	0.01117	0.04850	0.00904	0.00585	0.00438	0.00158	0.00555	0.00424	0.00345	0.00716
5	0.21845	0.26402	0.20662	0.01077	0.01539	0.13004	0.01095	0.01658	0.01118	0.01665	0.00928	0.05107	0.00810	0.00559	0.00421	0.00150	0.00634	0.00388	0.00275	0.00665
6	0.22620	0.04366	0.30601	0.01130	0.01624	0.01240	0.01201	0.10361	0.05704	0.04641	0.01313	0.03312	0.04357	0.02595	0.00563	0.00179	0.02668	0.00465	0.00345	0.00716

[dist]
# distance from previous block
# <min> <max>
12	34

[block]
# block no. 5 follows, 45 sequences, length 8
# corresponding to MSA columns:
# 239-246
name=unknown_F
#
# <colnr> <probs for GDERKNQSTAVLIFYWHMCP>
#	G	D	E	R	K	N	Q	S	T	A	V	L	I	F	Y	W	H	M	C	P
0	0.01497	0.01405	0.09080	0.06508	0.31348	0.03692	0.01311	0.18439	0.01537	0.07409	0.05122	0.01453	0.01084	0.00563	0.00525	0.00156	0.00605	0.00485	0.00371	0.07410
1	0.01515	0.01173	0.01855	0.07104	0.45261	0.01216	0.01370	0.04167	0.01266	0.16333	0.01191	0.01405	0.00917	0.00573	0.00671	0.00168	0.09723	0.00484	0.00347	0.03260
2	0.01319	0.01081	0.01562	0.01715	0.25715	0.01016	0.04901	0.08064	0.04983	0.07086	0.11683	0.01704	0.01488	0.00578	0.00514	0.00140	0.00503	0.00518	0.00390	0.25042
3	0.01859	0.01410	0.01445	0.01292	0.08805	0.15947	0.00940	0.19453	0.01644	0.21925	0.01317	0.01333	0.00947	0.00563	0.00497	0.00140	0.00590	0.00435	0.00447	0.19010
4	0.01832	0.01201	0.01328	0.01031	0.01441	0.04830	0.00836	0.26271	0.07532	0.23986	0.03983	0.01529	0.01184	0.00610	0.00507	0.00144	0.00502	0.00480	0.00512	0.20261
5	0.04925	0.01222	0.01399	0.01084	0.01492	0.01261	0.00890	0.42234	0.02014	0.29071	0.01609	0.04539	0.01143	0.00677	0.00531	0.00162	0.00520	0.00530	0.00564	0.04133
6	0.00826	0.00590	0.00727	0.00777	0.00848	0.00585	0.00531	0.09086	0.01157	0.01544	0.02586	0.60553	0.03022	0.13317	0.00971	0.00256	0.00373	0.01300	0.00477	0.00472
7	0.01672	0.01424	0.08874	0.01417	0.10512	0.01371	0.01094	0.41371	0.08730	0.06591	0.01480	0.06882	0.01194	0.04121	0.00638	0.00183	0.00572	0.00572	0.00471	0.00831

[dist]
# distance from previous block
# <min> <max>
0	1

[block]
# block no. 6 follows, 45 sequences, length 24
# corresponding to MSA columns:
# 248-271
name=unknown_G
#
# <colnr> <probs for GDERKNQSTAVLIFYWHMCP>
#	G	D	E	R	K	N	Q	S	T	A	V	L	I	F	Y	W	H	M	C	P
0	0.02367	0.00980	0.01287	0.00986	0.01403	0.00887	0.00815	0.10823	0.01647	0.69795	0.02025	0.01767	0.01282	0.00662	0.00539	0.00166	0.00472	0.00533	0.00650	0.00913
1	0.02408	0.00914	0.01246	0.00955	0.01370	0.00789	0.00789	0.02616	0.01536	0.78158	0.02118	0.01827	0.01329	0.00664	0.00540	0.00166	0.00457	0.00540	0.00664	0.00914
2	0.02408	0.00914	0.01246	0.00955	0.01370	0.00789	0.00789	0.02616	0.01536	0.78158	0.02118	0.01827	0.01329	0.00664	0.00540	0.00166	0.00457	0.00540	0.00664	0.00914
3	0.02182	0.00991	0.01260	0.00995	0.01387	0.00938	0.00812	0.09005	0.12681	0.58870	0.02073	0.03463	0.01385	0.00693	0.00544	0.00169	0.00461	0.00565	0.00632	0.00894
4	0.00873	0.00571	0.00759	0.00837	0.00952	0.00538	0.00658	0.01041	0.01173	0.07432	0.03132	0.35978	0.11707	0.01486	0.00691	0.00221	0.00392	0.30551	0.00510	0.00498
5	0.00939	0.00725	0.00984	0.01148	0.07067	0.00740	0.00891	0.01330	0.09927	0.01680	0.02809	0.05159	0.08049	0.01309	0.00695	0.00228	0.00482	0.54795	0.00483	0.00560
6	0.78441	0.01047	0.00822	0.00736	0.01066	0.01214	0.00602	0.01677	0.06803	0.02396	0.00859	0.00960	0.00663	0.00516	0.00349	0.00167	0.00416	0.00315	0.00349	0.00602
7	0.10194	0.01415	0.10767	0.02756	0.59106	0.01251	0.01548	0.01639	0.01177	0.01817	0.00975	0.01252	0.00801	0.00482	0.00505	0.00159	0.00626	0.00445	0.00270	0.02813
8	0.10890	0.01401	0.02894	0.02083	0.02602	0.01340	0.67181	0.01703	0.01226	0.01799	0.01047	0.01382	0.00788	0.00458	0.00599	0.00179	0.00849	0.00594	0.00278	0.00708
9	0.01083	0.01026	0.01756	0.67688	0.06893	0.01225	0.07250	0.03967	0.01145	0.01485	0.00978	0.01423	0.00736	0.00531	0.00544	0.00178	0.00722	0.00489	0.00253	0.00628
10	0.00650	0.00503	0.00594	0.00659	0.00757	0.00446	0.00461	0.00768	0.01130	0.01437	0.07136	0.45915	0.34580	0.01522	0.00662	0.00201	0.00292	0.01338	0.00502	0.00446
11	0.01994	0.01421	0.01545	0.01188	0.01614	0.01544	0.00979	0.64232	0.05417	0.08580	0.01368	0.01348	0.00966	0.00637	0.00531	0.00158	0.00565	0.00484	0.00536	0.04892
12	0.02037	0.01507	0.01553	0.01213	0.01625	0.06904	0.00993	0.60848	0.05908	0.09878	0.01374	0.01349	0.00969	0.00644	0.00534	0.00161	0.00597	0.00485	0.00531	0.00890
13	0.00822	0.00589	0.00814	0.00934	0.01043	0.00581	0.00788	0.01039	0.01199	0.01561	0.02933	0.19159	0.05182	0.01514	0.00729	0.00240	0.00456	0.59439	0.00495	0.00483
14	0.00774	0.00518	0.00587	0.00594	0.00596	0.00516	0.00335	0.00779	0.00794	0.01059	0.01760	0.07700	0.02038	0.76830	0.02621	0.00504	0.00509	0.00821	0.00335	0.00331
15	0.01335	0.01153	0.01214	0.01092	0.01396	0.01335	0.00850	0.02852	0.76817	0.02245	0.02185	0.02003	0.01639	0.00728	0.00546	0.00182	0.00425	0.00607	0.00546	0.00850
16	0.02017	0.01492	0.01598	0.01230	0.01656	0.01654	0.01015	0.73589	0.04970	0.03346	0.01318	0.01312	0.00937	0.00647	0.00537	0.00162	0.00585	0.00487	0.00537	0.00911
17	0.01970	0.01420	0.01504	0.01175	0.01587	0.04642	0.00960	0.54124	0.09328	0.11657	0.01434	0.01396	0.01014	0.00639	0.00529	0.00159	0.00566	0.00488	0.00531	0.04876
18	0.01159	0.00765	0.00937	0.00818	0.01030	0.00753	0.00644	0.15127	0.01686	0.09656	0.50488	0.03423	0.05855	0.00997	0.00611	0.00171	0.00348	0.04333	0.00581	0.00619
19	0.06769	0.00560	0.00617	0.00622	0.00654	0.00571	0.00380	0.00854	0.00825	0.01182	0.01738	0.06615	0.01981	0.67839	0.02370	0.00468	0.00503	0.04753	0.00342	0.00357
20	0.02827	0.01281	0.01836	0.05890	0.54786	0.08942	0.01380	0.01561	0.01210	0.01634	0.01347	0.01713	0.06360	0.06163	0.00684	0.00185	0.00636	0.00529	0.00288	0.00747
21	0.01279	0.01242	0.01965	0.17973	0.54815	0.04357	0.01520	0.01593	0.01198	0.01661	0.00988	0.01319	0.00814	0.00487	0.00521	0.00157	0.00649	0.00461	0.00265	0.06739
22	0.07126	0.11265	0.01601	0.09824	0.11816	0.07384	0.01012	0.15632	0.10792	0.02037	0.04844	0.01514	0.03332	0.00598	0.00489	0.00151	0.00561	0.00474	0.00376	0.09174
23	0.22085	0.14810	0.07048	0.11291	0.16560	0.01356	0.01095	0.09142	0.01216	0.01925	0.01070	0.06797	0.00935	0.00595	0.00458	0.00160	0.00558	0.00469	0.01739	0.00691

[dist]
# distance from previous block
# <min> <max>
2	30

[block]
# block no. 7 follows, 45 sequences, length 30
# corresponding to MSA columns:
# 302-331
name=unknown_H
#
# <colnr> <probs for GDERKNQSTAVLIFYWHMCP>
#	G	D	E	R	K	N	Q	S	T	A	V	L	I	F	Y	W	H	M	C	P
0	0.01000	0.00658	0.00909	0.01015	0.09010	0.00619	0.00652	0.02432	0.01258	0.10463	0.24502	0.31430	0.03231	0.07923	0.00802	0.00214	0.00369	0.01037	0.00503	0.01973
1	0.01705	0.07465	0.03919	0.01484	0.11728	0.07515	0.06843	0.27154	0.03030	0.12734	0.08165	0.03175	0.01351	0.00648	0.00536	0.00160	0.00599	0.00541	0.00449	0.00799
2	0.01553	0.00958	0.01070	0.00890	0.01171	0.01017	0.00714	0.27787	0.06647	0.12632	0.03168	0.01776	0.01296	0.00918	0.06576	0.00205	0.00501	0.00522	0.29877	0.00722
3	0.01253	0.41580	0.41099	0.01228	0.01857	0.01679	0.01458	0.01654	0.01112	0.01484	0.00856	0.00999	0.00684	0.00485	0.00428	0.00143	0.00685	0.00343	0.00228	0.00742
4	0.15729	0.01438	0.01439	0.03580	0.01601	0.06496	0.00947	0.50841	0.04328	0.06628	0.01226	0.01251	0.00880	0.00614	0.00500	0.00162	0.00578	0.00449	0.00484	0.00828
5	0.00648	0.00541	0.00564	0.00565	0.00735	0.00458	0.00421	0.00794	0.01246	0.01518	0.12656	0.07930	0.67392	0.01345	0.00636	0.00181	0.00272	0.01131	0.00508	0.00458
6	0.00714	0.00526	0.00668	0.00676	0.00785	0.00480	0.00490	0.00908	0.01346	0.01844	0.47364	0.24789	0.14840	0.01291	0.00647	0.00184	0.00271	0.01143	0.00553	0.00480
7	0.01418	0.77632	0.06486	0.00948	0.01424	0.02081	0.00970	0.01612	0.01093	0.01284	0.00757	0.00874	0.00688	0.00462	0.00352	0.00117	0.00585	0.00292	0.00229	0.00694
8	0.01351	0.63063	0.20474	0.01061	0.01599	0.01919	0.01167	0.01629	0.01101	0.01365	0.00797	0.00925	0.00687	0.00471	0.00383	0.00128	0.00625	0.00313	0.00229	0.00713
9	0.00745	0.00545	0.00699	0.00667	0.00795	0.00499	0.00498	0.00982	0.01476	0.02063	0.68529	0.07033	0.11179	0.01142	0.00635	0.00172	0.00257	0.01006	0.00580	0.00499
10	0.00641	0.00517	0.00571	0.00614	0.00743	0.00447	0.00439	0.00762	0.01156	0.01423	0.04584	0.31211	0.52075	0.01470	0.00652	0.00194	0.00286	0.01268	0.00498	0.00447
11	0.02271	0.00938	0.01283	0.01072	0.04805	0.00836	0.00840	0.05267	0.01545	0.68180	0.02072	0.01990	0.01377	0.00695	0.00549	0.00170	0.00472	0.04116	0.00633	0.00890
12	0.01136	0.07727	0.60538	0.01663	0.05906	0.01319	0.10953	0.01694	0.01151	0.01676	0.00966	0.01163	0.00705	0.00498	0.00515	0.00167	0.00785	0.00422	0.00234	0.00781
13	0.00772	0.00528	0.00619	0.00610	0.00644	0.00520	0.00374	0.00833	0.00946	0.01285	0.17362	0.03618	0.04484	0.60573	0.04322	0.00449	0.00484	0.00823	0.00383	0.00370
14	0.02206	0.00992	0.01264	0.00996	0.01394	0.00937	0.00814	0.07490	0.14068	0.60660	0.02074	0.01821	0.01353	0.00674	0.00541	0.00168	0.00460	0.00547	0.00636	0.00903
15	0.01242	0.00932	0.01110	0.00811	0.01265	0.00714	0.00648	0.01472	0.01158	0.10309	0.01157	0.04057	0.00954	0.00474	0.00424	0.00094	0.00401	0.00386	0.00363	0.72028
16	0.01435	0.81458	0.02813	0.00918	0.01378	0.02124	0.00918	0.01607	0.01091	0.01263	0.00746	0.00861	0.00689	0.00459	0.00344	0.00115	0.00574	0.00287	0.00230	0.00689
17	0.01209	0.22133	0.56110	0.01372	0.02059	0.05156	0.01676	0.01698	0.01141	0.01574	0.00904	0.01058	0.00683	0.00500	0.00468	0.00155	0.00748	0.00367	0.00230	0.00759
18	0.03435	0.01408	0.05094	0.01092	0.01441	0.15946	0.00906	0.14764	0.13723	0.21469	0.06817	0.02017	0.05281	0.00733	0.00543	0.00167	0.00567	0.03327	0.00502	0.00769
19	0.01435	0.81458	0.02813	0.00918	0.01378	0.02124	0.00918	0.01607	0.01091	0.01263	0.00746	0.00861	0.00689	0.00459	0.00344	0.00115	0.00574	0.00287	0.00230	0.00689
20	0.01025	0.00966	0.01631	0.77008	0.06442	0.01196	0.01497	0.01382	0.01079	0.01386	0.00956	0.01427	0.00721	0.00535	0.00536	0.00178	0.00713	0.00477	0.00240	0.00606
21	0.01073	0.02418	0.62853	0.01641	0.08086	0.01191	0.05352	0.01623	0.01138	0.01680	0.01127	0.07326	0.00922	0.00595	0.00531	0.00173	0.00749	0.00502	0.00253	0.00767
22	0.01141	0.01249	0.10737	0.50770	0.16780	0.01232	0.01541	0.03799	0.01155	0.03028	0.00992	0.01374	0.00753	0.00539	0.00564	0.00175	0.02761	0.00469	0.00259	0.00681
23	0.01050	0.01117	0.06683	0.60299	0.04580	0.01272	0.01474	0.01385	0.01038	0.01387	0.00914	0.01367	0.00714	0.00601	0.00738	0.00187	0.13874	0.00471	0.00238	0.00612
24	0.01079	0.01011	0.01653	0.63814	0.13116	0.01214	0.01461	0.01522	0.06974	0.01489	0.01057	0.01462	0.00805	0.00544	0.00537	0.00177	0.00683	0.00487	0.00266	0.00649
25	0.01030	0.00965	0.01625	0.72410	0.08526	0.01181	0.01482	0.01382	0.01088	0.01404	0.01014	0.01563	0.00796	0.00561	0.00542	0.00180	0.00704	0.02688	0.00248	0.00610
26	0.27022	0.00973	0.01262	0.33877	0.05826	0.01107	0.01036	0.03638	0.01148	0.07818	0.07486	0.01488	0.01106	0.00578	0.00477	0.00168	0.00545	0.00461	0.00343	0.03643
27	0.01336	0.01329	0.01871	0.07069	0.21162	0.11486	0.14926	0.06588	0.01329	0.03217	0.08569	0.05499	0.02894	0.00690	0.00701	0.00175	0.09526	0.00602	0.00336	0.00695
28	0.15640	0.01104	0.01369	0.06333	0.04385	0.03117	0.08271	0.18961	0.01471	0.05934	0.05106	0.11370	0.03971	0.00733	0.00521	0.00164	0.00522	0.00620	0.00418	0.09991
29	0.11473	0.01364	0.01301	0.10973	0.04409	0.18156	0.00917	0.07298	0.09005	0.09150	0.03833	0.01438	0.02331	0.00581	0.00482	0.00147	0.00589	0.00445	0.00383	0.15724

[dist]
# distance from previous block
# <min> <max>
31	119

[block]
# block no. 8 follows, 45 sequences, length 17
# corresponding to MSA columns:
# 492-508
name=unknown_I
#
# <colnr> <probs for GDERKNQSTAVLIFYWHMCP>
#	G	D	E	R	K	N	Q	S	T	A	V	L	I	F	Y	W	H	M	C	P
0	0.01164	0.04925	0.24861	0.01248	0.07746	0.03477	0.01138	0.03004	0.01239	0.07674	0.10840	0.14433	0.01774	0.00767	0.00533	0.00159	0.00541	0.00652	0.00375	0.13450
1	0.05671	0.06008	0.22167	0.03047	0.05542	0.00997	0.01083	0.05679	0.03903	0.01892	0.19942	0.11801	0.02265	0.00849	0.00554	0.00172	0.00508	0.04165	0.00401	0.03353
2	0.06070	0.07118	0.07904	0.01813	0.28281	0.01164	0.03560	0.06595	0.05970	0.05079	0.19044	0.01943	0.01868	0.00659	0.00533	0.00162	0.00528	0.00578	0.00392	0.00740
3	0.04792	0.09486	0.13970	0.11351	0.16920	0.05564	0.01202	0.06907	0.01329	0.01825	0.15176	0.01933	0.06016	0.00670	0.00523	0.00161	0.00580	0.00558	0.00349	0.00687
4	0.05659	0.14649	0.28278	0.01767	0.20534	0.06724	0.01460	0.03080	0.03021	0.05251	0.00998	0.01171	0.00778	0.00529	0.00532	0.00159	0.03955	0.00407	0.00280	0.00769
5	0.09433	0.08205	0.33722	0.04623	0.25457	0.01320	0.01570	0.04369	0.01184	0.01803	0.00951	0.01162	0.00736	0.00498	0.00485	0.00160	0.00670	0.00407	0.00264	0.02980
6	0.16410	0.00766	0.03076	0.03359	0.04107	0.00735	0.00634	0.01217	0.04052	0.02038	0.40343	0.03131	0.11596	0.02884	0.00606	0.00177	0.00344	0.00777	0.03198	0.00547
7	0.01074	0.00839	0.01069	0.03742	0.05355	0.00951	0.00725	0.12438	0.01149	0.01584	0.06299	0.06502	0.01716	0.34500	0.04006	0.02296	0.14185	0.00692	0.00358	0.00518
8	0.01430	0.01224	0.09905	0.06443	0.06855	0.01115	0.01023	0.10112	0.25136	0.14395	0.10217	0.05188	0.03084	0.00745	0.00555	0.00174	0.00497	0.00629	0.00491	0.00782
9	0.00657	0.00478	0.00612	0.00718	0.00765	0.00441	0.00481	0.00751	0.01039	0.01366	0.03184	0.69129	0.11776	0.04920	0.00764	0.00226	0.00316	0.01451	0.00491	0.00433
10	0.02005	0.02558	0.01521	0.01383	0.01659	0.78980	0.01037	0.02143	0.01521	0.01314	0.00830	0.00968	0.00691	0.00553	0.00484	0.00138	0.00968	0.00346	0.00277	0.00622
11	0.11652	0.00927	0.01195	0.00927	0.01333	0.00835	0.00766	0.02500	0.01467	0.69673	0.01964	0.01720	0.01245	0.00646	0.00517	0.00166	0.00452	0.00512	0.00627	0.00876
12	0.01455	0.01274	0.01986	0.02759	0.58891	0.01304	0.01466	0.10129	0.08397	0.05260	0.01198	0.01408	0.00951	0.00528	0.00534	0.00162	0.00605	0.00493	0.00339	0.00860
13	0.00695	0.00564	0.00599	0.00588	0.00745	0.00500	0.00430	0.00883	0.03897	0.01542	0.16150	0.04688	0.55094	0.10233	0.00866	0.00217	0.00302	0.01050	0.00495	0.00461
14	0.01556	0.21285	0.02098	0.01913	0.28855	0.08104	0.02600	0.16855	0.08187	0.01968	0.01092	0.01236	0.00879	0.00535	0.00485	0.00149	0.00626	0.00435	0.00338	0.00801
15	0.01138	0.12355	0.21674	0.01263	0.08852	0.03122	0.01138	0.01523	0.04640	0.05832	0.14495	0.02619	0.09269	0.00811	0.00551	0.00171	0.00543	0.08944	0.00388	0.00674
16	0.14098	0.05047	0.45871	0.01580	0.13137	0.01226	0.01565	0.01670	0.01144	0.04567	0.04591	0.01273	0.00921	0.00535	0.00486	0.00166	0.00666	0.00421	0.00282	0.00756

[dist]
# distance from previous block
# <min> <max>
1	4

[block]
# block no. 9 follows, 45 sequences, length 19
# corresponding to MSA columns:
# 513-531
name=unknown_J
#
# <colnr> <probs for GDERKNQSTAVLIFYWHMCP>
#	G	D	E	R	K	N	Q	S	T	A	V	L	I	F	Y	W	H	M	C	P
0	0.08756	0.48408	0.02159	0.01069	0.05770	0.10472	0.00895	0.01637	0.01173	0.04242	0.05657	0.03223	0.01062	0.00552	0.00405	0.00131	0.00572	0.00390	0.00294	0.03131
1	0.04754	0.07041	0.03705	0.01129	0.03152	0.03835	0.05522	0.19915	0.10795	0.04420	0.01314	0.01380	0.02811	0.00552	0.00477	0.00136	0.00527	0.00443	0.00400	0.27691
2	0.11958	0.00842	0.01022	0.03553	0.03155	0.00844	0.00744	0.06304	0.06401	0.22674	0.12995	0.09045	0.07713	0.00929	0.00569	0.00182	0.00421	0.09445	0.00526	0.00675
3	0.01057	0.00750	0.00985	0.06766	0.05516	0.00757	0.00728	0.06569	0.05951	0.07397	0.02117	0.31309	0.02228	0.12720	0.02596	0.00252	0.00469	0.05395	0.00443	0.05995
4	0.06718	0.01391	0.01475	0.01150	0.01556	0.03401	0.00944	0.56315	0.04584	0.12840	0.01394	0.01367	0.00977	0.00639	0.00521	0.00161	0.00559	0.00481	0.02653	0.00875
5	0.02337	0.06825	0.01361	0.00952	0.01371	0.00887	0.00798	0.02542	0.01504	0.72514	0.02017	0.01756	0.01282	0.00649	0.00525	0.00162	0.00465	0.00521	0.00632	0.00897
6	0.01434	0.01037	0.01165	0.01046	0.01342	0.01144	0.00831	0.02564	0.54229	0.14107	0.04540	0.02490	0.01857	0.00814	0.00570	0.00186	0.00432	0.08842	0.00560	0.00809
7	0.02171	0.03598	0.01292	0.06727	0.01506	0.00846	0.00827	0.02391	0.01486	0.65215	0.06673	0.01901	0.01495	0.00675	0.00539	0.00165	0.00467	0.00554	0.00614	0.00857
8	0.56379	0.07719	0.15651	0.00897	0.01333	0.01254	0.00888	0.01680	0.01015	0.07771	0.00889	0.00991	0.00664	0.00510	0.00382	0.00163	0.00502	0.00329	0.00329	0.00654
9	0.00914	0.00466	0.00694	0.00703	0.00705	0.00464	0.00468	0.00703	0.00721	0.00962	0.01067	0.06897	0.01107	0.01853	0.02004	0.78784	0.00456	0.00537	0.00251	0.00247
10	0.01232	0.01254	0.02376	0.05281	0.32405	0.01253	0.31080	0.01587	0.01214	0.01684	0.01225	0.01897	0.01072	0.00608	0.00665	0.00183	0.05220	0.08739	0.00291	0.00736
11	0.01941	0.01277	0.13463	0.01323	0.10025	0.00985	0.01080	0.02395	0.11126	0.47873	0.01822	0.01685	0.01213	0.00628	0.00535	0.00168	0.00526	0.00519	0.00536	0.00879
12	0.01064	0.00737	0.00801	0.00741	0.00935	0.05755	0.00568	0.01257	0.01395	0.13906	0.31719	0.08110	0.26273	0.01118	0.00615	0.00175	0.00350	0.03378	0.00545	0.00558
13	0.01118	0.00910	0.01113	0.24035	0.03969	0.05739	0.00915	0.09673	0.01309	0.01782	0.01946	0.08179	0.08790	0.00830	0.00538	0.00172	0.00512	0.08231	0.19658	0.00583
14	0.28263	0.06352	0.01431	0.03559	0.05788	0.10378	0.03245	0.23485	0.03437	0.03996	0.02356	0.01290	0.03099	0.00588	0.00461	0.00160	0.00572	0.00429	0.00392	0.00719
15	0.25365	0.07091	0.17271	0.01191	0.07042	0.03044	0.01061	0.06811	0.01286	0.20709	0.03520	0.01318	0.00973	0.00566	0.00462	0.00162	0.00551	0.00422	0.00400	0.00754
16	0.52164	0.09520	0.11526	0.00891	0.01296	0.03195	0.00842	0.01731	0.05308	0.06373	0.02356	0.01084	0.00793	0.00531	0.00390	0.00162	0.00496	0.00350	0.00341	0.00654
17	0.15325	0.06591	0.08834	0.01381	0.08699	0.13658	0.08281	0.08377	0.01339	0.08932	0.02676	0.09296	0.01201	0.00681	0.00510	0.00166	0.00626	0.02360	0.00369	0.00696
18	0.34478	0.01544	0.04702	0.01003	0.01309	0.25208	0.00820	0.01787	0.05941	0.03309	0.07181	0.01303	0.01095	0.00598	0.00483	0.00158	0.03463	0.00405	0.02407	0.02805

[dist]
# distance from previous block
# <min> <max>
7	16

[block]
# block no. 10 follows, 45 sequences, length 11
# corresponding to MSA columns:
# 548-558
name=unknown_K
#
# <colnr> <probs for GDERKNQSTAVLIFYWHMCP>
#	G	D	E	R	K	N	Q	S	T	A	V	L	I	F	Y	W	H	M	C	P
0	0.02795	0.08939	0.05912	0.01148	0.04051	0.16582	0.03743	0.07760	0.04462	0.05779	0.09668	0.11505	0.05919	0.01020	0.04761	0.00205	0.00628	0.04075	0.00405	0.00642
1	0.09543	0.02646	0.04583	0.00851	0.01107	0.09503	0.00696	0.07657	0.06044	0.07636	0.10298	0.03640	0.10077	0.05188	0.03121	0.00199	0.00489	0.00619	0.15491	0.00610
2	0.01234	0.26426	0.36032	0.01259	0.01822	0.05079	0.06957	0.01636	0.01148	0.01588	0.01001	0.01177	0.00782	0.00507	0.00450	0.00147	0.00673	0.00392	0.10978	0.00711
3	0.07280	0.12245	0.44134	0.03539	0.02029	0.01280	0.09750	0.01580	0.01116	0.01667	0.01123	0.08047	0.00954	0.00601	0.00502	0.00167	0.00694	0.00503	0.02075	0.00714
4	0.09084	0.01349	0.04719	0.02293	0.36695	0.03530	0.12452	0.08536	0.02800	0.01902	0.01088	0.04314	0.00922	0.00585	0.00636	0.00172	0.07329	0.00520	0.00309	0.00766
5	0.01607	0.01311	0.01331	0.01101	0.01431	0.08457	0.00874	0.34550	0.14794	0.04230	0.05693	0.09705	0.01508	0.00767	0.00570	0.00163	0.02406	0.00612	0.00489	0.08397
6	0.01270	0.25068	0.45507	0.01288	0.01936	0.01508	0.01517	0.08521	0.01249	0.01733	0.00931	0.01069	0.00710	0.00502	0.00459	0.00149	0.00691	0.00369	0.00261	0.05263
7	0.00763	0.00515	0.00597	0.00611	0.00622	0.00509	0.00357	0.00789	0.00852	0.01143	0.05978	0.13403	0.02325	0.66639	0.02357	0.00463	0.00479	0.00886	0.00362	0.00349
8	0.01184	0.23257	0.30719	0.01135	0.01653	0.04203	0.01235	0.02984	0.04753	0.01641	0.06778	0.04765	0.03410	0.00631	0.00480	0.00149	0.00604	0.01667	0.00308	0.08443
9	0.00706	0.00515	0.00668	0.00750	0.00812	0.00491	0.00516	0.00896	0.04636	0.01560	0.17147	0.62482	0.03751	0.01526	0.00669	0.00207	0.00306	0.01377	0.00518	0.00469
10	0.01342	0.48673	0.25398	0.01299	0.07413	0.04850	0.01298	0.01659	0.01130	0.01433	0.00835	0.00982	0.00698	0.00480	0.00414	0.00136	0.00660	0.00337	0.00233	0.00730

[dist]
# distance from previous block
# <min> <max>
0	1

[block]
# block no. 11 follows, 45 sequences, length 54
# corresponding to MSA columns:
# 560-613
name=unknown_L
#
# <colnr> <probs for GDERKNQSTAVLIFYWHMCP>
#	G	D	E	R	K	N	Q	S	T	A	V	L	I	F	Y	W	H	M	C	P
0	0.01418	0.71382	0.10101	0.00992	0.01478	0.04419	0.01025	0.01633	0.01108	0.01307	0.00770	0.00891	0.00688	0.00467	0.00365	0.00121	0.00608	0.00299	0.00231	0.00697
1	0.78542	0.01074	0.00852	0.00747	0.01086	0.01240	0.00615	0.07311	0.01038	0.02483	0.00789	0.00904	0.00607	0.00510	0.00348	0.00166	0.00429	0.00306	0.00348	0.00607
2	0.01995	0.01388	0.01592	0.05769	0.05279	0.01511	0.01047	0.59192	0.02258	0.12472	0.01360	0.01366	0.00950	0.00633	0.00537	0.00163	0.00583	0.00490	0.00523	0.00892
3	0.00667	0.00476	0.00633	0.00754	0.00788	0.00447	0.00510	0.00765	0.01030	0.01371	0.02917	0.75168	0.03483	0.03972	0.00747	0.00228	0.00326	0.04791	0.00493	0.00435
4	0.01096	0.00958	0.01220	0.10438	0.01599	0.00786	0.02806	0.01352	0.01111	0.01695	0.00997	0.02717	0.00840	0.00441	0.00427	0.00097	0.00448	0.00370	0.00311	0.70291
5	0.00781	0.00520	0.00585	0.00585	0.00585	0.00520	0.00325	0.00781	0.00781	0.01041	0.01691	0.03513	0.01952	0.81135	0.02732	0.00520	0.00520	0.00781	0.00325	0.00325
6	0.00770	0.00564	0.00807	0.00807	0.00884	0.00641	0.00602	0.00923	0.00846	0.01205	0.01489	0.02391	0.01464	0.19506	0.63695	0.00794	0.01254	0.00616	0.00295	0.00448
7	0.00696	0.00589	0.00614	0.00634	0.00796	0.02154	0.00485	0.00845	0.01225	0.01483	0.07374	0.11520	0.58628	0.01374	0.00648	0.00191	0.00315	0.09470	0.00496	0.00462
8	0.00654	0.00492	0.00598	0.00681	0.00754	0.00445	0.00464	0.00756	0.01073	0.01378	0.03618	0.55287	0.24922	0.05278	0.00766	0.00221	0.00310	0.01377	0.00490	0.00436
9	0.01435	0.81458	0.02813	0.00918	0.01378	0.02124	0.00918	0.01607	0.01091	0.01263	0.00746	0.00861	0.00689	0.00459	0.00344	0.00115	0.00574	0.00287	0.00230	0.00689
10	0.02336	0.00916	0.01236	0.00952	0.01357	0.00802	0.00785	0.04572	0.01563	0.73222	0.04953	0.01895	0.01459	0.00680	0.00543	0.00166	0.00453	0.00555	0.00658	0.00898
11	0.00969	0.00872	0.01250	0.01134	0.01182	0.01153	0.00920	0.01124	0.00843	0.01269	0.01075	0.01646	0.01026	0.02497	0.40734	0.00552	0.40439	0.00523	0.00261	0.00533
12	0.01077	0.02777	0.78354	0.01530	0.02323	0.01247	0.01983	0.01700	0.01133	0.01700	0.00963	0.01133	0.00680	0.00510	0.00510	0.00170	0.00793	0.00397	0.00227	0.00793
13	0.01083	0.02730	0.75691	0.01556	0.02340	0.01251	0.04599	0.01701	0.01138	0.01701	0.00968	0.01144	0.00685	0.00508	0.00514	0.00170	0.00797	0.00405	0.00228	0.00791
14	0.01071	0.00685	0.00831	0.00745	0.00946	0.00609	0.00545	0.03181	0.01136	0.12419	0.03867	0.18126	0.11342	0.20298	0.02745	0.00264	0.00431	0.03386	0.00444	0.16930
15	0.00847	0.00612	0.00816	0.00794	0.00879	0.00681	0.00579	0.05335	0.00934	0.01305	0.01512	0.02519	0.01516	0.28992	0.49477	0.00710	0.01088	0.00637	0.00315	0.00455
16	0.81984	0.03873	0.00860	0.00713	0.01050	0.01237	0.00593	0.01579	0.00920	0.02368	0.00747	0.00872	0.00585	0.00497	0.00333	0.00164	0.00421	0.00291	0.00329	0.00585
17	0.03599	0.01052	0.04963	0.00975	0.01376	0.02851	0.00830	0.04125	0.07285	0.55336	0.05527	0.01954	0.04126	0.00693	0.00537	0.00165	0.00469	0.00562	0.00597	0.02977
18	0.02010	0.02424	0.01533	0.01364	0.01660	0.69138	0.01035	0.11545	0.01649	0.01577	0.00888	0.01009	0.00720	0.00565	0.00491	0.00141	0.00920	0.00363	0.00310	0.00659
19	0.01392	0.00872	0.01105	0.04824	0.01366	0.00866	0.00840	0.12213	0.06042	0.17837	0.04467	0.07972	0.03466	0.01003	0.00609	0.00191	0.00476	0.25849	0.00514	0.08098
20	0.84927	0.01038	0.00789	0.00706	0.01038	0.01204	0.00581	0.01578	0.00914	0.02408	0.00747	0.00872	0.00581	0.00498	0.00332	0.00166	0.00415	0.00291	0.00332	0.00581
21	0.01468	0.01524	0.01237	0.01124	0.01405	0.25374	0.00860	0.02407	0.45260	0.01870	0.02114	0.02022	0.09533	0.00742	0.00536	0.00168	0.00577	0.00582	0.00457	0.00736
22	0.00672	0.00508	0.00620	0.00670	0.00768	0.00457	0.00473	0.00814	0.01196	0.01569	0.20326	0.40835	0.26239	0.01454	0.00658	0.00196	0.00287	0.01284	0.00519	0.00457
23	0.00778	0.00591	0.00883	0.00877	0.00971	0.00697	0.00684	0.00967	0.00862	0.01247	0.01418	0.02084	0.01325	0.03944	0.76953	0.00846	0.03532	0.00572	0.00286	0.00482
24	0.00666	0.00476	0.00637	0.00761	0.00798	0.00446	0.00519	0.00768	0.01040	0.01384	0.02952	0.76532	0.03524	0.01670	0.00688	0.00220	0.00322	0.05660	0.00498	0.00439
25	0.00781	0.00520	0.00585	0.00585	0.00585	0.00520	0.00325	0.00781	0.00781	0.01041	0.01691	0.03513	0.01952	0.81135	0.02732	0.00520	0.00520	0.00781	0.00325	0.00325
26	0.84927	0.01038	0.00789	0.00706	0.01038	0.01204	0.00581	0.01578	0.00914	0.02408	0.00747	0.00872	0.00581	0.00498	0.00332	0.00166	0.00415	0.00291	0.00332	0.00581
27	0.01329	0.01275	0.02179	0.03295	0.77787	0.01275	0.01647	0.01647	0.01222	0.01754	0.01010	0.01329	0.00850	0.00478	0.00531	0.00159	0.00638	0.00478	0.00266	0.00850
28	0.00760	0.00549	0.00718	0.00675	0.00802	0.00506	0.00506	0.01013	0.01519	0.02153	0.77503	0.04010	0.05065	0.01097	0.00633	0.00169	0.00253	0.00971	0.00591	0.00506
29	0.01291	0.01397	0.08817	0.02855	0.62079	0.03190	0.01564	0.01625	0.01226	0.01752	0.03694	0.01384	0.00977	0.00500	0.00524	0.00156	0.00633	0.00476	0.00277	0.05583
30	0.01659	0.00837	0.01061	0.00891	0.01191	0.00788	0.00720	0.06489	0.08282	0.37707	0.19443	0.02889	0.08417	0.00884	0.00584	0.00175	0.00404	0.06230	0.00603	0.00747
31	0.78141	0.01083	0.03067	0.02764	0.01152	0.01194	0.00651	0.01604	0.00941	0.04389	0.00796	0.00919	0.00608	0.00504	0.00348	0.00167	0.00435	0.00305	0.00336	0.00597
