[name]
unknown

[dist]
# distance from previous block
# <min> <max>
0	42

[block]
# block no. 0 follows, 46 sequences, length 6
# corresponding to MSA columns:
# 67-72
name=unknown_A
#
# <colnr> <probs for GDERKNQSTAVLIFYWHMCP>
#	G	D	E	R	K	N	Q	S	T	A	V	L	I	F	Y	W	H	M	C	P
0	0.01183	0.30804	0.14715	0.01120	0.01516	0.03888	0.04658	0.01459	0.01125	0.01462	0.01327	0.02260	0.01292	0.00743	0.00570	0.00163	0.05293	0.19205	0.00302	0.06915
1	0.00653	0.00477	0.00606	0.00698	0.00751	0.00439	0.00471	0.00753	0.01050	0.01382	0.06818	0.63187	0.13667	0.05451	0.00763	0.00222	0.00309	0.01388	0.00487	0.00430
2	0.01116	0.01101	0.01611	0.21399	0.01960	0.01506	0.01236	0.01292	0.00872	0.01292	0.00756	0.01221	0.00697	0.00824	0.01428	0.00217	0.60191	0.00464	0.00232	0.00581
3	0.23009	0.03728	0.01272	0.01166	0.09335	0.04276	0.00843	0.06727	0.13376	0.26510	0.03672	0.01500	0.01155	0.00604	0.00474	0.00162	0.00480	0.00466	0.00472	0.00770
4	0.01832	0.00748	0.01028	0.00843	0.01111	0.00668	0.00657	0.01917	0.01261	0.50649	0.05529	0.01950	0.01427	0.05499	0.01047	0.21641	0.00446	0.00548	0.00524	0.00677
5	0.02039	0.01366	0.20906	0.01084	0.01588	0.00892	0.01076	0.02347	0.01412	0.58973	0.01797	0.01626	0.01146	0.00616	0.00524	0.00165	0.00534	0.00496	0.00545	0.00870

[dist]
# distance from previous block
# <min> <max>
0	3

[block]
# block no. 1 follows, 46 sequences, length 109
# corresponding to MSA columns:
# 76-85,89-94,97-155,159-192
name=unknown_B
#
# <colnr> <probs for GDERKNQSTAVLIFYWHMCP>
#	G	D	E	R	K	N	Q	S	T	A	V	L	I	F	Y	W	H	M	C	P
0	0.01395	0.70037	0.06009	0.00941	0.01386	0.06404	0.00936	0.01581	0.01106	0.01274	0.00955	0.01055	0.04114	0.00499	0.00367	0.00120	0.00584	0.00328	0.00240	0.00669
1	0.00875	0.00571	0.00732	0.00773	0.00870	0.00544	0.00546	0.06011	0.01198	0.07357	0.09555	0.60964	0.05053	0.01452	0.00648	0.00202	0.00330	0.01302	0.00514	0.00503
2	0.01605	0.06696	0.07158	0.07551	0.06561	0.09392	0.01020	0.15289	0.08040	0.17638	0.03517	0.03012	0.07272	0.00684	0.00545	0.00162	0.02125	0.00542	0.00437	0.00752
3	0.04232	0.01082	0.06477	0.04631	0.04427	0.00920	0.02892	0.04290	0.05635	0.56942	0.01839	0.01680	0.01196	0.00625	0.00527	0.00165	0.00502	0.00515	0.00564	0.00859
4	0.00941	0.00609	0.00779	0.00721	0.00873	0.00577	0.00540	0.01248	0.06469	0.09622	0.56909	0.08701	0.04162	0.04627	0.00704	0.00185	0.00296	0.00918	0.00569	0.00549
5	0.01100	0.01637	0.23247	0.05265	0.02390	0.01177	0.42230	0.01544	0.01198	0.01636	0.01622	0.01846	0.11395	0.00588	0.00587	0.00175	0.00767	0.00621	0.00285	0.00689
6	0.01690	0.01334	0.03710	0.06408	0.01668	0.01431	0.00989	0.52481	0.10957	0.02828	0.03475	0.07864	0.01279	0.00727	0.00543	0.00167	0.00546	0.00583	0.00500	0.00819
7	0.00634	0.00516	0.00562	0.00598	0.00735	0.00445	0.00434	0.00759	0.01153	0.01410	0.04648	0.25683	0.56407	0.01427	0.00640	0.00189	0.00282	0.02545	0.00491	0.00442
8	0.00802	0.00487	0.00559	0.00604	0.00690	0.00466	0.00424	0.00969	0.01086	0.01655	0.06869	0.33014	0.08381	0.04697	0.00626	0.00183	0.00283	0.00971	0.36776	0.00457
9	0.03914	0.01456	0.12219	0.02373	0.01546	0.07326	0.00999	0.28365	0.04842	0.18389	0.01679	0.01685	0.06148	0.02263	0.00559	0.00167	0.00565	0.00514	0.04205	0.00784
10	0.01812	0.03184	0.01445	0.01128	0.01502	0.01415	0.00929	0.51010	0.11166	0.09749	0.01643	0.03809	0.02402	0.00734	0.00544	0.00168	0.00532	0.05458	0.00530	0.00840
11	0.01922	0.09975	0.01618	0.01319	0.01608	0.72033	0.01010	0.02061	0.01458	0.01289	0.00809	0.00943	0.00681	0.00536	0.00464	0.00134	0.00917	0.00335	0.00268	0.00619
12	0.01096	0.00940	0.01096	0.00783	0.01253	0.00705	0.00626	0.01331	0.01096	0.01723	0.00940	0.01096	0.00783	0.00392	0.00392	0.00078	0.00392	0.00313	0.00313	0.84653
13	0.00794	0.00518	0.00677	0.00756	0.00827	0.00484	0.00521	0.02808	0.01089	0.06536	0.02886	0.71587	0.05396	0.01554	0.00660	0.00209	0.00322	0.01401	0.00503	0.00473
14	0.02219	0.00978	0.01280	0.01029	0.03373	0.00903	0.00820	0.13289	0.01647	0.62076	0.05308	0.01805	0.01400	0.00666	0.00535	0.00163	0.00465	0.00541	0.00622	0.00880
15	0.00717	0.00533	0.00667	0.00647	0.00774	0.00483	0.00480	0.00932	0.01403	0.01928	0.58217	0.10387	0.18528	0.01176	0.00628	0.00172	0.00257	0.01030	0.00558	0.00483
16	0.01976	0.02496	0.01500	0.01359	0.01634	0.77557	0.01021	0.03776	0.01520	0.01340	0.00827	0.00960	0.00686	0.00547	0.00478	0.00137	0.00945	0.00344	0.00278	0.00619
17	0.04084	0.01503	0.06651	0.01194	0.01624	0.01538	0.01028	0.64036	0.03413	0.05287	0.01282	0.01337	0.00927	0.02917	0.00583	0.00170	0.00582	0.00477	0.00501	0.00865
18	0.00998	0.00940	0.01586	0.80150	0.03641	0.01175	0.01468	0.01351	0.01057	0.01351	0.00940	0.01409	0.00705	0.00529	0.00529	0.00176	0.00705	0.00470	0.00235	0.00587
19	0.01413	0.81739	0.02770	0.00905	0.01357	0.02092	0.00905	0.01583	0.01074	0.01244	0.00735	0.00848	0.00678	0.00452	0.00339	0.00113	0.00565	0.00283	0.00226	0.00678
20	0.01203	0.01149	0.01956	0.29332	0.52858	0.01228	0.01570	0.01530	0.01154	0.01599	0.00976	0.01343	0.00792	0.00491	0.00525	0.00164	0.00654	0.00471	0.00253	0.00753
21	0.01061	0.01027	0.01432	0.01266	0.01272	0.01397	0.01032	0.01172	0.00847	0.01287	0.01108	0.16054	0.01216	0.01062	0.01537	0.00228	0.65513	0.00657	0.00280	0.00551
22	0.02010	0.01481	0.01587	0.01216	0.01639	0.01639	0.01005	0.76360	0.02486	0.03332	0.01269	0.01269	0.00899	0.00635	0.00529	0.00159	0.00582	0.00476	0.00529	0.00899
23	0.00998	0.00940	0.01586	0.80150	0.03641	0.01175	0.01468	0.01351	0.01057	0.01351	0.00940	0.01409	0.00705	0.00529	0.00529	0.00176	0.00705	0.00470	0.00235	0.00587
24	0.01301	0.01124	0.01183	0.01065	0.01362	0.01298	0.00828	0.02769	0.75688	0.02196	0.02214	0.02033	0.03100	0.00729	0.00540	0.00179	0.00415	0.00608	0.00537	0.00829
25	0.01096	0.00940	0.01096	0.00783	0.01253	0.00705	0.00626	0.01331	0.01096	0.01723	0.00940	0.01096	0.00783	0.00392	0.00392	0.00078	0.00392	0.00313	0.00313	0.84653
26	0.00644	0.00460	0.00613	0.00736	0.00767	0.00429	0.00491	0.00736	0.01012	0.01350	0.02914	0.81076	0.03497	0.01656	0.00675	0.00215	0.00307	0.01503	0.00491	0.00429
27	0.01157	0.01157	0.01619	0.01388	0.01388	0.01619	0.01157	0.01272	0.00810	0.01272	0.00694	0.01157	0.00694	0.00925	0.01735	0.00231	0.80453	0.00463	0.00231	0.00578
28	0.00664	0.00472	0.00628	0.00745	0.00780	0.00445	0.00507	0.00761	0.01015	0.01350	0.02850	0.72590	0.03396	0.05227	0.00769	0.00230	0.00328	0.06332	0.00483	0.00428
29	0.02372	0.00900	0.01227	0.00941	0.01350	0.00777	0.00777	0.02576	0.01513	0.78489	0.02086	0.01799	0.01309	0.00654	0.00532	0.00164	0.00450	0.00532	0.00654	0.00900
30	0.02361	0.00917	0.01237	0.00949	0.01358	0.00802	0.00784	0.04750	0.01542	0.76275	0.02062	0.01784	0.01297	0.00654	0.00532	0.00163	0.00454	0.00530	0.00651	0.00900
31	0.00906	0.00463	0.00680	0.00680	0.00680	0.00463	0.00448	0.00695	0.00695	0.00927	0.00978	0.01754	0.00998	0.08172	0.02116	0.77923	0.00463	0.00484	0.00237	0.00237
32	0.02212	0.01156	0.01386	0.01062	0.01478	0.01158	0.00878	0.35184	0.01943	0.45275	0.01725	0.01565	0.01128	0.00646	0.00530	0.00161	0.00508	0.00507	0.00599	0.00899
33	0.81376	0.01099	0.04278	0.00732	0.01079	0.01188	0.00635	0.01559	0.00909	0.02341	0.00746	0.00870	0.00577	0.00491	0.00335	0.00164	0.00426	0.00291	0.00322	0.00582
34	0.01209	0.01313	0.02490	0.01875	0.02186	0.01455	0.44696	0.01517	0.01064	0.01517	0.00912	0.01313	0.00757	0.00647	0.01090	0.00201	0.34294	0.00556	0.00252	0.00656
35	0.01603	0.01053	0.01133	0.00975	0.01274	0.07068	0.00766	0.03413	0.30777	0.26833	0.13163	0.04467	0.03565	0.00775	0.00549	0.00170	0.00442	0.00644	0.00559	0.00771
36	0.01220	0.14820	0.42808	0.01546	0.02166	0.03236	0.18037	0.01683	0.01146	0.03765	0.00960	0.01159	0.00720	0.00505	0.00555	0.00163	0.04093	0.00431	0.00247	0.00741
37	0.00732	0.00538	0.00685	0.00652	0.00781	0.00491	0.00488	0.00965	0.01454	0.02026	0.68138	0.05661	0.13174	0.01122	0.00625	0.00169	0.00253	0.00985	0.00570	0.00491
38	0.00745	0.00540	0.00702	0.00662	0.00788	0.00497	0.00496	0.00991	0.01489	0.02102	0.75977	0.03978	0.06867	0.01087	0.00624	0.00167	0.00250	0.00960	0.00580	0.00497
39	0.01661	0.13670	0.01820	0.09694	0.14428	0.10758	0.01128	0.30598	0.05990	0.03594	0.01119	0.01238	0.00857	0.00563	0.00493	0.00152	0.00632	0.00437	0.00381	0.00786
40	0.00831	0.00602	0.00782	0.00778	0.00877	0.02134	0.00587	0.02755	0.00949	0.01378	0.01660	0.07473	0.03315	0.10021	0.50885	0.00629	0.01041	0.00643	0.12188	0.00471
41	0.00644	0.00460	0.00613	0.00736	0.00767	0.00429	0.00491	0.00736	0.01012	0.01350	0.02914	0.81076	0.03497	0.01656	0.00675	0.00215	0.00307	0.01503	0.00491	0.00429
42	0.01008	0.00519	0.00525	0.00514	0.00645	0.00522	0.00388	0.03154	0.01151	0.02008	0.03048	0.01988	0.01407	0.00625	0.00378	0.00125	0.00255	0.00500	0.80737	0.00503
43	0.01405	0.06777	0.04125	0.02718	0.56664	0.07843	0.04752	0.06276	0.01298	0.01755	0.00981	0.01246	0.00812	0.00486	0.00511	0.00154	0.00664	0.00453	0.00276	0.00805
44	0.01642	0.01900	0.01658	0.01421	0.01626	0.41672	0.06233	0.06731	0.01306	0.01449	0.00822	0.01078	0.00708	0.00677	0.00929	0.00174	0.28662	0.00412	0.00275	0.00627
45	0.01301	0.01249	0.02133	0.05022	0.76402	0.01254	0.01619	0.01616	0.01200	0.01718	0.00993	0.01311	0.00834	0.00472	0.00523	0.00157	0.00630	0.00471	0.00261	0.00832
46	0.02300	0.00884	0.01204	0.00928	0.01325	0.00765	0.00765	0.02506	0.01512	0.75091	0.05456	0.01895	0.01472	0.00673	0.00536	0.00164	0.00441	0.00551	0.00651	0.00882
47	0.01439	0.78179	0.02713	0.00925	0.01369	0.05561	0.00910	0.01607	0.01093	0.01246	0.00739	0.00853	0.00679	0.00456	0.00345	0.00114	0.00583	0.00285	0.00228	0.00675
48	0.00829	0.00560	0.00721	0.00669	0.00815	0.00510	0.00506	0.01066	0.01471	0.06394	0.67003	0.03930	0.11358	0.01080	0.00618	0.00167	0.00262	0.00946	0.00578	0.00517
49	0.77443	0.01050	0.00889	0.00878	0.06169	0.01202	0.00653	0.03477	0.00961	0.02354	0.00767	0.00899	0.00599	0.00493	0.00345	0.00163	0.00428	0.00303	0.00328	0.00599
50	0.02372	0.00900	0.01227	0.00941	0.01350	0.00777	0.00777	0.02576	0.01513	0.78489	0.02086	0.01799	0.01309	0.00654	0.00532	0.00164	0.00450	0.00532	0.00654	0.00900
51	0.02277	0.00987	0.01273	0.00983	0.01389	0.00914	0.00810	0.12302	0.05007	0.65199	0.01981	0.01737	0.01268	0.00655	0.00532	0.00164	0.00466	0.00527	0.00633	0.00897
52	0.02372	0.00900	0.01227	0.00941	0.01350	0.00777	0.00777	0.02576	0.01513	0.78489	0.02086	0.01799	0.01309	0.00654	0.00532	0.00164	0.00450	0.00532	0.00654	0.00900
53	0.09156	0.00697	0.00836	0.00915	0.01065	0.02925	0.00784	0.01143	0.01206	0.01666	0.06174	0.05167	0.07674	0.01313	0.00671	0.00225	0.00467	0.56950	0.00470	0.00497
54	0.01439	0.78179	0.02713	0.00925	0.01369	0.05561	0.00910	0.01607	0.01093	0.01246	0.00739	0.00853	0.00679	0.00456	0.00345	0.00114	0.00583	0.00285	0.00228	0.00675
55	0.01413	0.81739	0.02770	0.00905	0.01357	0.02092	0.00905	0.01583	0.01074	0.01244	0.00735	0.00848	0.00678	0.00452	0.00339	0.00113	0.00565	0.00283	0.00226	0.00678
56	0.00946	0.00716	0.00922	0.00994	0.01152	0.00752	0.00849	0.01444	0.16668	0.01710	0.02667	0.05151	0.02752	0.01309	0.00691	0.00230	0.00473	0.59518	0.00497	0.00558
57	0.47955	0.00988	0.01010	0.00871	0.03181	0.01031	0.00691	0.03378	0.01185	0.33122	0.01298	0.01258	0.00883	0.00559	0.00419	0.00163	0.00434	0.00394	0.00461	0.00718
58	0.02372	0.00900	0.01227	0.00941	0.01350	0.00777	0.00777	0.02576	0.01513	0.78489	0.02086	0.01799	0.01309	0.00654	0.00532	0.00164	0.00450	0.00532	0.00654	0.00900
59	0.00630	0.00537	0.00543	0.00546	0.00723	0.00450	0.00412	0.00766	0.01205	0.01432	0.05296	0.05108	0.76175	0.01342	0.00627	0.00180	0.00273	0.02816	0.00491	0.00447
60	0.01157	0.01157	0.01619	0.01388	0.01388	0.01619	0.01157	0.01272	0.00810	0.01272	0.00694	0.01157	0.00694	0.00925	0.01735	0.00231	0.80453	0.00463	0.00231	0.00578
61	0.00769	0.00513	0.00577	0.00577	0.00577	0.00513	0.00320	0.00769	0.00769	0.01025	0.01666	0.03460	0.01922	0.81421	0.02691	0.00513	0.00513	0.00769	0.00320	0.00320
62	0.02372	0.00900	0.01227	0.00941	0.01350	0.00777	0.00777	0.02576	0.01513	0.78489	0.02086	0.01799	0.01309	0.00654	0.00532	0.00164	0.00450	0.00532	0.00654	0.00900
63	0.02180	0.01208	0.01418	0.01087	0.01503	0.01234	0.00898	0.41701	0.02029	0.38637	0.01653	0.01518	0.01091	0.00644	0.00530	0.00161	0.00520	0.00502	0.00588	0.00899
64	0.01248	0.01426	0.03119	0.02228	0.02763	0.01337	0.76203	0.01693	0.01248	0.01693	0.01070	0.01426	0.00802	0.00446	0.00624	0.00178	0.00891	0.00624	0.00267	0.00713
65	0.01308	0.01256	0.02146	0.03245	0.78123	0.01256	0.01622	0.01622	0.01204	0.01727	0.00994	0.01308	0.00837	0.00471	0.00523	0.00157	0.00628	0.00471	0.00262	0.00837
66	0.85155	0.01022	0.00777	0.00695	0.01022	0.01186	0.00573	0.01554	0.00900	0.02372	0.00736	0.00859	0.00573	0.00491	0.00327	0.00164	0.00409	0.00286	0.00327	0.00573
67	0.01157	0.01157	0.01619	0.01388	0.01388	0.01619	0.01157	0.01272	0.00810	0.01272	0.00694	0.01157	0.00694	0.00925	0.01735	0.00231	0.80453	0.00463	0.00231	0.00578
68	0.00674	0.00494	0.00636	0.00718	0.00783	0.00461	0.00497	0.00822	0.02408	0.01496	0.14736	0.59293	0.10459	0.01518	0.00661	0.00204	0.00300	0.02886	0.00506	0.00450
69	0.01114	0.04669	0.72512	0.01520	0.04202	0.01238	0.01884	0.01697	0.01129	0.03885	0.00977	0.01134	0.00693	0.00505	0.00499	0.00166	0.00762	0.00394	0.00237	0.00784
70	0.00852	0.00564	0.00735	0.00678	0.00824	0.00515	0.00514	0.01094	0.01486	0.07176	0.70036	0.03849	0.07526	0.01062	0.00617	0.00167	0.00263	0.00934	0.00583	0.00523
71	0.00767	0.00547	0.00699	0.00657	0.00793	0.00499	0.00494	0.01004	0.01467	0.03530	0.68925	0.04024	0.12412	0.01099	0.00622	0.00167	0.00255	0.00964	0.00574	0.00501
72	0.01029	0.00977	0.01668	0.72227	0.09336	0.01185	0.03417	0.01380	0.01073	0.01388	0.00947	0.01402	0.00717	0.00522	0.00531	0.00175	0.00704	0.00474	0.00238	0.00610
73	0.01160	0.01089	0.11928	0.00977	0.01276	0.00907	0.00861	0.01847	0.27817	0.11145	0.05247	0.18575	0.09681	0.00980	0.00581	0.00185	0.00432	0.04134	0.00493	0.00686
74	0.00644	0.00460	0.00613	0.00736	0.00767	0.00429	0.00491	0.00736	0.01012	0.01350	0.02914	0.81076	0.03497	0.01656	0.00675	0.00215	0.00307	0.01503	0.00491	0.00429
75	0.00676	0.00489	0.00639	0.00703	0.00771	0.00452	0.00489	0.00820	0.01176	0.01598	0.26837	0.52654	0.07816	0.01457	0.00656	0.00197	0.00286	0.01309	0.00520	0.00452
76	0.01897	0.01268	0.01411	0.01110	0.01487	0.01363	0.00904	0.52863	0.06120	0.15191	0.04629	0.05215	0.01304	0.02010	0.00575	0.00169	0.00525	0.00563	0.00547	0.00849
77	0.01992	0.01202	0.01377	0.01074	0.01458	0.01255	0.00880	0.46052	0.02055	0.26161	0.04035	0.05133	0.01283	0.00700	0.00535	0.00162	0.00510	0.00555	0.02727	0.00855
78	0.79555	0.01017	0.00831	0.05983	0.01197	0.01185	0.00632	0.01540	0.00910	0.02304	0.00750	0.00895	0.00581	0.00493	0.00341	0.00164	0.00429	0.00298	0.00321	0.00574
79	0.06231	0.00725	0.00924	0.00782	0.01030	0.00672	0.00618	0.03741	0.01496	0.29832	0.43790	0.02916	0.03285	0.00880	0.00570	0.00165	0.00341	0.00750	0.00592	0.00660
80	0.01901	0.01542	0.06692	0.01227	0.01665	0.01591	0.01057	0.66621	0.07237	0.03149	0.01305	0.01305	0.00930	0.00631	0.00528	0.00161	0.00584	0.00478	0.00509	0.00887
81	0.00764	0.00554	0.00691	0.00663	0.00793	0.00512	0.00490	0.01008	0.03354	0.03118	0.56073	0.09451	0.15045	0.04280	0.00704	0.00185	0.00274	0.00994	0.00552	0.00494
82	0.01365	0.01370	0.02072	0.04726	0.69213	0.08704	0.01562	0.01663	0.01229	0.01678	0.00976	0.01277	0.00820	0.00479	0.00519	0.00155	0.00661	0.00459	0.00262	0.00811
83	0.02071	0.01107	0.01324	0.01037	0.01427	0.01115	0.00849	0.27923	0.09321	0.41689	0.05182	0.01730	0.01362	0.00673	0.00535	0.00164	0.00483	0.00538	0.00596	0.00875
84	0.04584	0.00959	0.01156	0.01192	0.11995	0.00999	0.00807	0.19103	0.09016	0.08834	0.02103	0.07374	0.11552	0.02759	0.03255	0.00194	0.00473	0.00651	0.12300	0.00695
85	0.01700	0.01943	0.01372	0.01243	0.01526	0.46814	0.00945	0.02402	0.33019	0.01676	0.01373	0.01378	0.01070	0.00617	0.00502	0.00154	0.00731	0.00448	0.00383	0.00706
86	0.01005	0.00949	0.01587	0.76611	0.03540	0.01195	0.01454	0.01347	0.01046	0.01347	0.00929	0.01398	0.00704	0.00546	0.00583	0.00179	0.04288	0.00469	0.00235	0.00587
87	0.01308	0.01256	0.02146	0.03245	0.78123	0.01256	0.01622	0.01622	0.01204	0.01727	0.00994	0.01308	0.00837	0.00471	0.00523	0.00157	0.00628	0.00471	0.00262	0.00837
88	0.85155	0.01022	0.00777	0.00695	0.01022	0.01186	0.00573	0.01554	0.00900	0.02372	0.00736	0.00859	0.00573	0.00491	0.00327	0.00164	0.00409	0.00286	0.00327	0.00573
89	0.00763	0.00536	0.00704	0.00791	0.00853	0.00525	0.00595	0.00897	0.01044	0.01378	0.04039	0.29054	0.02940	0.21838	0.01209	0.00301	0.00432	0.31226	0.00448	0.00427
90	0.01342	0.01169	0.01209	0.01084	0.01385	0.02791	0.00844	0.04374	0.74140	0.02218	0.02108	0.01938	0.01581	0.00712	0.00537	0.00178	0.00432	0.00590	0.00533	0.00834
91	0.01492	0.00928	0.01133	0.00845	0.01275	0.00752	0.00680	0.04717	0.01273	0.24565	0.01382	0.04906	0.01066	0.00536	0.00451	0.00113	0.00413	0.00438	0.00431	0.52604
92	0.00644	0.00462	0.00611	0.00730	0.00765	0.00430	0.00488	0.00737	0.01018	0.01352	0.02986	0.78837	0.05689	0.01647	0.00673	0.00214	0.00306	0.01491	0.00491	0.00430
93	0.01157	0.01157	0.01619	0.01388	0.01388	0.01619	0.01157	0.01272	0.00810	0.01272	0.00694	0.01157	0.00694	0.00925	0.01735	0.00231	0.80453	0.00463	0.00231	0.00578
94	0.00765	0.00558	0.00791	0.00799	0.00875	0.00625	0.00600	0.00916	0.00857	0.01207	0.01562	0.02634	0.01566	0.20504	0.57567	0.00737	0.01159	0.05534	0.00305	0.00440
95	0.02372	0.00900	0.01227	0.00941	0.01350	0.00777	0.00777	0.02576	0.01513	0.78489	0.02086	0.01799	0.01309	0.00654	0.00532	0.00164	0.00450	0.00532	0.00654	0.00900
96	0.01651	0.00788	0.01030	0.00843	0.01131	0.00720	0.00674	0.07203	0.01576	0.40407	0.34447	0.02681	0.02854	0.00835	0.00571	0.00164	0.00374	0.00709	0.00614	0.00728
97	0.01250	0.01418	0.03076	0.02273	0.06116	0.01333	0.72885	0.01690	0.01246	0.01695	0.01066	0.01421	0.00804	0.00447	0.00619	0.00177	0.00880	0.00617	0.00267	0.00719
98	0.64879	0.01304	0.04381	0.03130	0.01250	0.12211	0.00729	0.01661	0.01016	0.04320	0.00801	0.00926	0.00617	0.00505	0.00368	0.00160	0.00512	0.00311	0.00321	0.00597
99	0.04391	0.01501	0.01522	0.01187	0.01590	0.06750	0.00973	0.66025	0.02321	0.04425	0.01250	0.01264	0.00894	0.00624	0.00515	0.00156	0.00590	0.00463	0.02699	0.00860
100	0.01193	0.03555	0.01594	0.01331	0.01373	0.04812	0.01106	0.03240	0.00892	0.01323	0.00765	0.01205	0.00741	0.01096	0.06933	0.00264	0.67287	0.00460	0.00244	0.00584
101	0.00777	0.00560	0.00762	0.00910	0.05954	0.00533	0.00593	0.02063	0.01104	0.03286	0.08221	0.55601	0.06072	0.05302	0.00754	0.00220	0.00352	0.05979	0.00478	0.00479
102	0.01145	0.21767	0.60395	0.01362	0.02064	0.01436	0.01701	0.01652	0.01106	0.01571	0.00897	0.01052	0.00672	0.00490	0.00463	0.00154	0.00729	0.00365	0.00224	0.00757
103	0.00657	0.00473	0.00623	0.00720	0.00768	0.00439	0.00489	0.00772	0.01083	0.01455	0.12963	0.68395	0.06061	0.01570	0.00666	0.00207	0.00298	0.01418	0.00503	0.00439
104	0.00821	0.00566	0.00687	0.00645	0.00799	0.00518	0.00488	0.01070	0.03191	0.05331	0.50798	0.03940	0.21445	0.01082	0.00601	0.00166	0.00266	0.00935	0.06138	0.00512
105	0.01259	0.01198	0.02034	0.04374	0.71720	0.01200	0.01545	0.01559	0.01189	0.01696	0.01121	0.06618	0.01012	0.00551	0.00534	0.00161	0.00608	0.00540	0.00276	0.00806
106	0.00745	0.00556	0.00826	0.00836	0.00925	0.00637	0.00642	0.00927	0.00878	0.01257	0.03199	0.09070	0.01592	0.03699	0.70704	0.00779	0.01293	0.00657	0.00308	0.00469
107	0.00644	0.00460	0.00613	0.00736	0.00767	0.00429	0.00491	0.00736	0.01012	0.01350	0.02914	0.81076	0.03497	0.01656	0.00675	0.00215	0.00307	0.01503	0.00491	0.00429
108	0.00934	0.00582	0.00741	0.00706	0.00859	0.00529	0.00527	0.01153	0.02808	0.11931	0.40678	0.19867	0.14295	0.01174	0.00621	0.00178	0.00294	0.01030	0.00559	0.00536

[dist]
# distance from previous block
# <min> <max>
0	1

[block]
# block no. 2 follows, 46 sequences, length 43
# corresponding to MSA columns:
# 194-236
name=unknown_C
#
# <colnr> <probs for GDERKNQSTAVLIFYWHMCP>
#	G	D	E	R	K	N	Q	S	T	A	V	L	I	F	Y	W	H	M	C	P
0	0.01293	0.01240	0.02118	0.07078	0.74411	0.01252	0.01615	0.01609	0.01196	0.01708	0.00992	0.01313	0.00831	0.00474	0.00524	0.00158	0.00632	0.00471	0.00260	0.00825
1	0.85155	0.01022	0.00777	0.00695	0.01022	0.01186	0.00573	0.01554	0.00900	0.02372	0.00736	0.00859	0.00573	0.00491	0.00327	0.00164	0.00409	0.00286	0.00327	0.00573
2	0.06333	0.00909	0.01171	0.00918	0.01295	0.00827	0.00752	0.07491	0.01531	0.61781	0.06212	0.03539	0.03369	0.00705	0.00531	0.00165	0.00439	0.00573	0.00618	0.00840
3	0.01825	0.15827	0.01731	0.01282	0.04506	0.38000	0.00995	0.22979	0.01678	0.01904	0.00971	0.01076	0.00773	0.00554	0.00465	0.00139	0.00742	0.00380	0.03462	0.00709
4	0.00701	0.00532	0.00686	0.00763	0.03206	0.00484	0.00517	0.00853	0.01182	0.01589	0.23130	0.43015	0.16392	0.01378	0.00640	0.00190	0.00297	0.01228	0.00503	0.02712
5	0.05942	0.03055	0.01389	0.10702	0.04943	0.18303	0.00976	0.13827	0.21080	0.07397	0.01464	0.06127	0.01171	0.00667	0.00514	0.00164	0.00603	0.00528	0.00418	0.00731
6	0.01859	0.00992	0.01192	0.00973	0.01324	0.00988	0.00783	0.12388	0.20340	0.40428	0.03776	0.04546	0.06464	0.00752	0.00545	0.00169	0.00439	0.00618	0.00591	0.00831
7	0.01302	0.01244	0.02073	0.04252	0.66999	0.01263	0.03867	0.01737	0.08687	0.01768	0.01110	0.01379	0.00911	0.00495	0.00528	0.00160	0.00617	0.00488	0.00289	0.00829
8	0.01490	0.01505	0.01265	0.01138	0.01428	0.22839	0.00876	0.04635	0.51193	0.01960	0.01882	0.01791	0.04284	0.00691	0.00524	0.00167	0.00565	0.00543	0.00462	0.00762
9	0.01325	0.01300	0.02091	0.06558	0.71328	0.04827	0.01588	0.01633	0.01211	0.01691	0.00984	0.01297	0.00824	0.00477	0.00521	0.00157	0.00646	0.00465	0.00261	0.00816
10	0.13122	0.00966	0.01187	0.00934	0.01326	0.00918	0.00768	0.06882	0.06532	0.58931	0.01864	0.01656	0.01208	0.00636	0.00505	0.00164	0.00450	0.00501	0.00596	0.00853
11	0.85155	0.01022	0.00777	0.00695	0.01022	0.01186	0.00573	0.01554	0.00900	0.02372	0.00736	0.00859	0.00573	0.00491	0.00327	0.00164	0.00409	0.00286	0.00327	0.00573
12	0.01276	0.01411	0.08569	0.02899	0.56806	0.01270	0.16639	0.01641	0.01205	0.01716	0.01006	0.01316	0.00817	0.00468	0.00542	0.00162	0.00693	0.00495	0.00260	0.00808
13	0.01426	0.03555	0.01285	0.01090	0.01401	0.07728	0.00857	0.11098	0.57400	0.02209	0.02020	0.01892	0.04265	0.00709	0.00529	0.00171	0.00480	0.00573	0.00505	0.00807
14	0.01443	0.00963	0.01190	0.00874	0.01319	0.00787	0.02317	0.06204	0.01293	0.19738	0.03345	0.01356	0.01029	0.00488	0.00444	0.00108	0.00424	0.00399	0.00412	0.55868
15	0.00872	0.00559	0.00703	0.00735	0.00846	0.00517	0.00521	0.03749	0.01170	0.09076	0.07807	0.52118	0.14555	0.03281	0.00691	0.00206	0.00326	0.01259	0.00510	0.00498
16	0.01385	0.67834	0.03877	0.00990	0.01383	0.03732	0.00959	0.01555	0.01049	0.01256	0.00735	0.00896	0.00680	0.00519	0.00532	0.00130	0.11285	0.00310	0.00228	0.00665
17	0.00708	0.00511	0.00661	0.00727	0.00796	0.00481	0.00505	0.02949	0.01177	0.01595	0.21130	0.57924	0.05897	0.01478	0.00657	0.00200	0.00300	0.01330	0.00514	0.00460
18	0.02158	0.00871	0.01164	0.00912	0.01289	0.00767	0.00746	0.02412	0.04422	0.67620	0.06712	0.02078	0.04924	0.00712	0.00541	0.00165	0.00429	0.00585	0.00638	0.00854
19	0.12149	0.01505	0.13484	0.02575	0.10428	0.03906	0.01112	0.29260	0.06063	0.02396	0.02751	0.04240	0.01018	0.00608	0.00495	0.00158	0.00571	0.00478	0.00397	0.06405
20	0.01834	0.10841	0.01686	0.02978	0.06032	0.42153	0.01040	0.20306	0.05006	0.01856	0.00991	0.01094	0.00785	0.00560	0.00481	0.00143	0.00772	0.00389	0.00341	0.00713
21	0.02748	0.24010	0.46814	0.01318	0.04072	0.01417	0.01514	0.01707	0.01133	0.07417	0.00974	0.01096	0.00726	0.00497	0.00455	0.00150	0.00678	0.00371	0.00262	0.02642
22	0.01170	0.11233	0.64219	0.01390	0.02100	0.01281	0.01740	0.01704	0.01143	0.06178	0.02542	0.01184	0.00795	0.00517	0.00489	0.00161	0.00727	0.00399	0.00256	0.00771
23	0.00754	0.00592	0.00684	0.00660	0.00813	0.00557	0.00491	0.01068	0.08797	0.01802	0.37578	0.08712	0.30841	0.03464	0.00678	0.00185	0.00284	0.01005	0.00532	0.00504
24	0.06092	0.01016	0.01595	0.50112	0.02864	0.01184	0.08625	0.09947	0.01229	0.01686	0.01188	0.05231	0.02676	0.00611	0.00550	0.00175	0.01893	0.00539	0.02167	0.00622
25	0.01763	0.02661	0.01390	0.01173	0.03857	0.07214	0.00917	0.34587	0.13384	0.14502	0.01684	0.07355	0.01357	0.00755	0.00545	0.00169	0.00541	0.04828	0.00512	0.00805
26	0.00761	0.00515	0.00586	0.00604	0.00646	0.00503	0.00376	0.00844	0.02212	0.01254	0.04421	0.17004	0.09468	0.49194	0.01845	0.00379	0.00421	0.00908	0.07677	0.00380
27	0.00661	0.00472	0.00632	0.00747	0.00787	0.00443	0.00512	0.00769	0.01046	0.01397	0.06219	0.73226	0.03536	0.01619	0.00676	0.00214	0.00315	0.05799	0.00495	0.00436
28	0.03352	0.03192	0.22005	0.08522	0.23367	0.01083	0.04137	0.03640	0.01220	0.02937	0.08918	0.06322	0.04827	0.00694	0.00544	0.00170	0.00597	0.03445	0.00327	0.00702
29	0.04196	0.04451	0.52708	0.01554	0.04993	0.01265	0.10075	0.06788	0.01242	0.06345	0.01040	0.01192	0.00741	0.00511	0.00510	0.00166	0.00736	0.00427	0.00280	0.00781
30	0.01088	0.00651	0.00749	0.02269	0.00891	0.00632	0.00507	0.05284	0.01129	0.06312	0.01547	0.01992	0.01300	0.11797	0.07680	0.01531	0.00448	0.00511	0.41253	0.12428
31	0.03321	0.02349	0.60505	0.01558	0.05371	0.01198	0.07910	0.01665	0.03367	0.01737	0.05316	0.01327	0.00956	0.00535	0.00516	0.00168	0.00733	0.00448	0.00261	0.00758
32	0.01241	0.03350	0.17197	0.09101	0.15570	0.01205	0.21452	0.01764	0.09727	0.06242	0.01299	0.05283	0.01035	0.00575	0.00548	0.00170	0.00676	0.00560	0.02263	0.00742
33	0.01786	0.01396	0.08565	0.01239	0.01681	0.01299	0.08407	0.40911	0.01915	0.16413	0.01523	0.04978	0.02835	0.00660	0.00540	0.00162	0.00580	0.00547	0.00487	0.04075
34	0.01552	0.02786	0.03550	0.05834	0.05867	0.01155	0.00933	0.32711	0.01717	0.11199	0.01602	0.15468	0.01418	0.00789	0.00541	0.00163	0.00512	0.02457	0.00466	0.09281
35	0.01305	0.03917	0.10663	0.14756	0.41323	0.01303	0.03560	0.10012	0.03470	0.01837	0.01066	0.01378	0.00855	0.00523	0.00523	0.00163	0.00649	0.01616	0.00294	0.00785
36	0.01516	0.06454	0.05203	0.02399	0.45848	0.12805	0.03127	0.04160	0.03521	0.08345	0.01089	0.01283	0.00862	0.00510	0.00508	0.00153	0.00662	0.00449	0.00310	0.00796
37	0.36300	0.05480	0.16256	0.06055	0.01507	0.01146	0.00957	0.05688	0.01144	0.10444	0.03603	0.05917	0.01024	0.00606	0.00440	0.00164	0.00511	0.00450	0.00360	0.01948
38	0.11288	0.11700	0.12604	0.01600	0.19998	0.09496	0.01175	0.07018	0.01321	0.15202	0.03061	0.01283	0.00938	0.00542	0.00474	0.00153	0.00607	0.00424	0.00356	0.00762
39	0.05275	0.12353	0.16985	0.01264	0.07753	0.03396	0.05247	0.04133	0.03370	0.07084	0.08349	0.16599	0.01696	0.00787	0.00544	0.00167	0.01761	0.00669	0.00371	0.02196
40	0.05827	0.07968	0.01464	0.02891	0.07933	0.24646	0.02669	0.12711	0.04263	0.03899	0.04320	0.14996	0.01428	0.00758	0.00516	0.00159	0.00624	0.00611	0.00378	0.01941
41	0.21394	0.08963	0.08494	0.01229	0.10338	0.09990	0.00949	0.01779	0.09618	0.06008	0.04562	0.01292	0.01020	0.00540	0.00441	0.00146	0.00539	0.00405	0.00345	0.11950
42	0.02888	0.05643	0.21488	0.06559	0.24409	0.04197	0.02316	0.12201	0.05283	0.03956	0.01112	0.02526	0.00869	0.00541	0.00504	0.00158	0.00644	0.00454	0.00318	0.03932

[dist]
# distance from previous block
# <min> <max>
16	66

[block]
# block no. 3 follows, 46 sequences, length 8
# corresponding to MSA columns:
# 304-311
name=unknown_D
#
# <colnr> <probs for GDERKNQSTAVLIFYWHMCP>
#	G	D	E	R	K	N	Q	S	T	A	V	L	I	F	Y	W	H	M	C	P
0	0.16137	0.31301	0.14725	0.01010	0.01448	0.08811	0.00996	0.03363	0.05318	0.05643	0.03093	0.01266	0.03805	0.00555	0.00421	0.00144	0.00577	0.00390	0.00313	0.00682
1	0.12088	0.01606	0.22302	0.04514	0.18317	0.05580	0.07216	0.01775	0.03101	0.12689	0.01195	0.03518	0.00925	0.02260	0.00550	0.00172	0.00641	0.00477	0.00330	0.00744
2	0.18863	0.10745	0.01547	0.12670	0.10245	0.07262	0.02374	0.17137	0.02912	0.02080	0.04181	0.01395	0.00998	0.00578	0.00466	0.00157	0.00571	0.02190	0.02942	0.00688
3	0.01025	0.04662	0.34962	0.01200	0.04023	0.04145	0.01235	0.01425	0.03263	0.04137	0.11511	0.20180	0.02011	0.00884	0.00560	0.00177	0.00566	0.03016	0.00366	0.00650
4	0.01427	0.01216	0.02043	0.02988	0.69548	0.01203	0.01528	0.01729	0.01238	0.10301	0.01116	0.01363	0.00890	0.00492	0.00524	0.00158	0.00608	0.00478	0.00306	0.00844
5	0.01026	0.00968	0.01636	0.73292	0.10283	0.01182	0.01482	0.01375	0.01070	0.01384	0.00945	0.01400	0.00717	0.00523	0.00528	0.00174	0.00698	0.00470	0.00237	0.00610
6	0.01331	0.01438	0.06186	0.12554	0.56124	0.09961	0.01554	0.01646	0.01214	0.01629	0.00965	0.01271	0.00794	0.00488	0.00518	0.00158	0.00682	0.00452	0.00257	0.00778
7	0.35201	0.09888	0.04235	0.00932	0.01302	0.05625	0.00804	0.21594	0.01453	0.06834	0.04697	0.01214	0.00955	0.00569	0.00424	0.00155	0.00507	0.00395	0.02522	0.00695

[dist]
# distance from previous block
# <min> <max>
3	16

[block]
# block no. 4 follows, 46 sequences, length 24
# corresponding to MSA columns:
# 328-351
name=unknown_E
#
# <colnr> <probs for GDERKNQSTAVLIFYWHMCP>
#	G	D	E	R	K	N	Q	S	T	A	V	L	I	F	Y	W	H	M	C	P
0	0.07432	0.05376	0.05829	0.06558	0.05550	0.06556	0.00971	0.17889	0.07981	0.20837	0.01606	0.06581	0.03159	0.00681	0.00513	0.00164	0.00545	0.00544	0.00459	0.00767
1	0.01571	0.01239	0.03236	0.02998	0.06336	0.03285	0.00925	0.43444	0.01913	0.04056	0.08540	0.09977	0.01588	0.04946	0.00658	0.00181	0.00530	0.00633	0.00477	0.03466
2	0.13435	0.01151	0.01342	0.01199	0.08641	0.01176	0.02996	0.29377	0.02789	0.04240	0.05056	0.04015	0.03684	0.00622	0.00486	0.00146	0.00490	0.00500	0.00426	0.18230
3	0.06697	0.01874	0.37293	0.01711	0.15116	0.01181	0.09810	0.06364	0.01259	0.03392	0.07039	0.01521	0.03267	0.00570	0.00523	0.00166	0.00668	0.00496	0.00305	0.00748
4	0.01235	0.01026	0.01234	0.03408	0.01400	0.05825	0.06335	0.03355	0.08890	0.08212	0.09650	0.04650	0.05221	0.00635	0.00495	0.00131	0.00462	0.00544	0.00405	0.36886
5	0.01308	0.01256	0.02146	0.03245	0.78123	0.01256	0.01622	0.01622	0.01204	0.01727	0.00994	0.01308	0.00837	0.00471	0.00523	0.00157	0.00628	0.00471	0.00262	0.00837
6	0.01260	0.01207	0.02059	0.15166	0.66578	0.01243	0.01599	0.01580	0.01181	0.01669	0.00986	0.01324	0.00817	0.00480	0.00524	0.00160	0.00640	0.00471	0.00258	0.00799
7	0.01799	0.00957	0.01237	0.03155	0.01410	0.00870	0.02484	0.07572	0.07405	0.40630	0.03961	0.04501	0.01341	0.00638	0.00510	0.00148	0.00450	0.00531	0.00530	0.19871
8	0.01236	0.01182	0.02015	0.21263	0.60673	0.01237	0.01586	0.01559	0.01169	0.01639	0.00982	0.01332	0.00806	0.00485	0.00525	0.00162	0.00646	0.00471	0.00255	0.00779
9	0.00722	0.00537	0.00672	0.00643	0.00775	0.00487	0.00480	0.00946	0.01429	0.01970	0.62249	0.06265	0.18580	0.01145	0.00625	0.00170	0.00254	0.01001	0.00562	0.00487
10	0.01834	0.01134	0.01368	0.03131	0.08114	0.03693	0.00909	0.25938	0.03877	0.28557	0.11304	0.01803	0.01560	0.00672	0.00535	0.00159	0.00502	0.00549	0.00532	0.03828
11	0.00644	0.00460	0.00613	0.00736	0.00767	0.00429	0.00491	0.00736	0.01012	0.01350	0.02914	0.81076	0.03497	0.01656	0.00675	0.00215	0.00307	0.01503	0.00491	0.00429
12	0.12367	0.04431	0.05354	0.05258	0.07605	0.28725	0.01055	0.18771	0.01544	0.04728	0.00980	0.01106	0.00755	0.00554	0.00497	0.00150	0.02281	0.00390	0.00345	0.03104
13	0.01157	0.01157	0.01619	0.01388	0.01388	0.01619	0.01157	0.01272	0.00810	0.01272	0.00694	0.01157	0.00694	0.00925	0.01735	0.00231	0.80453	0.00463	0.00231	0.00578
14	0.00644	0.00460	0.00613	0.00736	0.00767	0.00429	0.00491	0.00736	0.01012	0.01350	0.02914	0.81076	0.03497	0.01656	0.00675	0.00215	0.00307	0.01503	0.00491	0.00429
15	0.00905	0.06029	0.06183	0.01060	0.01297	0.00822	0.13904	0.03955	0.03044	0.01621	0.11762	0.36719	0.08272	0.01137	0.00615	0.00187	0.00459	0.01043	0.00432	0.00555
16	0.03822	0.08835	0.05862	0.01103	0.01516	0.08728	0.00951	0.25602	0.08650	0.27348	0.01495	0.01420	0.01037	0.00613	0.00502	0.00156	0.00565	0.00465	0.00497	0.00832
17	0.01691	0.14753	0.17158	0.01125	0.01601	0.01358	0.01091	0.20385	0.11183	0.20545	0.01508	0.01464	0.02578	0.00607	0.00496	0.00157	0.00560	0.00469	0.00448	0.00822
18	0.01453	0.57758	0.07270	0.01027	0.01448	0.15403	0.00989	0.01650	0.01160	0.01301	0.00893	0.01207	0.00828	0.00535	0.00398	0.00129	0.00642	0.04996	0.00250	0.00661
19	0.01342	0.66204	0.07379	0.06003	0.01550	0.01908	0.00997	0.01602	0.03940	0.01314	0.00835	0.00979	0.00733	0.00572	0.02650	0.00144	0.00607	0.00322	0.00240	0.00679
20	0.02789	0.04220	0.13569	0.01135	0.01491	0.07458	0.03827	0.02077	0.31756	0.06994	0.05420	0.06300	0.02850	0.00781	0.00548	0.00177	0.00534	0.06905	0.00444	0.00726
21	0.01222	0.07789	0.28544	0.01725	0.02308	0.01294	0.36665	0.03475	0.01224	0.04431	0.01232	0.02963	0.03540	0.00532	0.00557	0.00169	0.00773	0.00547	0.00282	0.00730
22	0.01295	0.20896	0.49724	0.01329	0.01984	0.01383	0.04196	0.01754	0.01155	0.10106	0.01029	0.01140	0.00747	0.00506	0.00472	0.00155	0.00698	0.00389	0.00273	0.00768
23	0.01344	0.37208	0.35796	0.01202	0.01790	0.03873	0.01369	0.06440	0.01209	0.04036	0.00908	0.01026	0.00709	0.00495	0.00433	0.00142	0.00668	0.00352	0.00259	0.00743

[dist]
# distance from previous block
# <min> <max>
0	92

# created by:
# /st0/software/busco_prod/Augustus/scripts/msa2prfl.pl ./align_prep/191814.fa
