[name]
unknown

[dist]
# distance from previous block
# <min> <max>
0	346

[block]
# block no. 0 follows, 43 sequences, length 14
# corresponding to MSA columns:
# 405-418
name=unknown_A
#
# <colnr> <probs for GDERKNQSTAVLIFYWHMCP>
#	G	D	E	R	K	N	Q	S	T	A	V	L	I	F	Y	W	H	M	C	P
0	0.00796	0.00559	0.00704	0.00707	0.00785	0.00536	0.00500	0.00956	0.01237	0.01706	0.37486	0.09341	0.03779	0.28596	0.01416	0.00312	0.00389	0.09246	0.00497	0.00452
1	0.21852	0.05882	0.00997	0.00813	0.01054	0.00897	0.00628	0.01583	0.05372	0.17731	0.05351	0.22550	0.03648	0.08347	0.00747	0.00217	0.00420	0.00805	0.00481	0.00624
2	0.13108	0.18493	0.15129	0.08932	0.06932	0.04233	0.19843	0.01673	0.01180	0.01717	0.01081	0.01312	0.03002	0.00527	0.00503	0.00165	0.00717	0.00465	0.00276	0.00714
3	0.01006	0.00640	0.00800	0.00728	0.00915	0.00586	0.00557	0.01294	0.04603	0.11873	0.51275	0.03972	0.17390	0.01107	0.00637	0.00177	0.00299	0.00958	0.00601	0.00582
4	0.04256	0.00597	0.00739	0.00708	0.00856	0.00554	0.00526	0.01098	0.01416	0.06747	0.48208	0.14688	0.13091	0.03185	0.00696	0.00192	0.00299	0.01041	0.00572	0.00531
5	0.03027	0.01090	0.01769	0.46971	0.17498	0.01247	0.03627	0.04141	0.01228	0.09148	0.01116	0.01469	0.00835	0.00573	0.00604	0.00181	0.03956	0.00500	0.00309	0.00713
6	0.01401	0.01470	0.01913	0.28659	0.37105	0.16793	0.01518	0.01706	0.01271	0.01584	0.00985	0.01332	0.00797	0.00529	0.00540	0.00167	0.00754	0.00465	0.00267	0.00741
7	0.01481	0.80869	0.02902	0.00948	0.01421	0.02191	0.00948	0.01658	0.01125	0.01303	0.00770	0.00888	0.00711	0.00474	0.00355	0.00118	0.00592	0.00296	0.00237	0.00711
8	0.08807	0.00773	0.00990	0.11139	0.01385	0.00787	0.00745	0.03032	0.03271	0.15490	0.25340	0.03100	0.07037	0.06620	0.00798	0.02688	0.00436	0.06447	0.00505	0.00609
9	0.01360	0.18434	0.46959	0.01479	0.04151	0.01446	0.05795	0.03879	0.01249	0.08731	0.01076	0.01207	0.00785	0.00530	0.00503	0.00163	0.00736	0.00418	0.00289	0.00809
10	0.00854	0.00579	0.00649	0.00641	0.00671	0.00594	0.00384	0.00974	0.05610	0.01215	0.01773	0.03393	0.01940	0.68628	0.04839	0.00502	0.00544	0.00771	0.05053	0.00385
11	0.00692	0.00516	0.00641	0.00725	0.00804	0.00471	0.00507	0.00815	0.01144	0.01487	0.08266	0.51426	0.21108	0.03916	0.00756	0.00223	0.00324	0.05205	0.00515	0.00458
12	0.01402	0.01383	0.02306	0.10413	0.49051	0.04472	0.14527	0.06342	0.01351	0.01852	0.01061	0.01385	0.00855	0.00509	0.00566	0.00170	0.00725	0.00516	0.00291	0.00823
13	0.01567	0.01604	0.13534	0.12999	0.27175	0.09752	0.01445	0.07662	0.02949	0.12592	0.02652	0.01450	0.00987	0.00574	0.00544	0.00168	0.00689	0.00487	0.00358	0.00813

[dist]
# distance from previous block
# <min> <max>
3	36

[block]
# block no. 1 follows, 43 sequences, length 16
# corresponding to MSA columns:
# 457-472
name=unknown_B
#
# <colnr> <probs for GDERKNQSTAVLIFYWHMCP>
#	G	D	E	R	K	N	Q	S	T	A	V	L	I	F	Y	W	H	M	C	P
0	0.01484	0.01422	0.06031	0.06909	0.54481	0.06380	0.01548	0.01806	0.01295	0.08914	0.01130	0.01382	0.00894	0.00519	0.00540	0.00163	0.00667	0.00480	0.00312	0.03642
1	0.01610	0.06118	0.01546	0.03441	0.09774	0.03336	0.00984	0.18884	0.15716	0.11007	0.05445	0.01669	0.01322	0.02130	0.00622	0.00167	0.03757	0.00522	0.00463	0.11486
2	0.00924	0.00573	0.00726	0.00734	0.00858	0.00520	0.00523	0.01072	0.01252	0.10686	0.20391	0.35401	0.15017	0.07668	0.00836	0.00226	0.00336	0.01195	0.00543	0.00519
3	0.09477	0.37967	0.15519	0.11103	0.01883	0.01706	0.01181	0.05637	0.05811	0.03642	0.00994	0.01136	0.00791	0.00530	0.00438	0.00150	0.00623	0.00379	0.00296	0.00735
4	0.01398	0.54578	0.20721	0.04985	0.01787	0.05457	0.01246	0.01695	0.01156	0.01419	0.00838	0.00990	0.00710	0.00495	0.00413	0.00137	0.00673	0.00336	0.00239	0.00729
5	0.00854	0.00582	0.00692	0.00685	0.00809	0.00537	0.00483	0.01028	0.03203	0.06366	0.20893	0.19143	0.23538	0.17391	0.01095	0.00261	0.00352	0.01083	0.00513	0.00491
6	0.00736	0.00537	0.00641	0.00660	0.00743	0.00497	0.00447	0.00860	0.01172	0.01557	0.23159	0.22405	0.19565	0.23066	0.01259	0.00288	0.00355	0.01121	0.00491	0.00442
7	0.01144	0.00536	0.00789	0.00753	0.00804	0.00521	0.00521	0.00957	0.00824	0.10085	0.01108	0.01708	0.01011	0.01776	0.01973	0.73903	0.00480	0.00490	0.00294	0.00324
8	0.00697	0.00498	0.00668	0.00797	0.00839	0.00469	0.00553	0.00810	0.01082	0.01439	0.03040	0.72574	0.03614	0.01714	0.00713	0.00228	0.00341	0.08954	0.00514	0.00456
9	0.01091	0.01034	0.01731	0.66733	0.12221	0.01262	0.01542	0.01444	0.01113	0.01457	0.00979	0.01452	0.00754	0.00566	0.00613	0.00185	0.04437	0.00492	0.00249	0.00645
10	0.01249	0.01307	0.01168	0.01066	0.01204	0.22674	0.00812	0.01373	0.01143	0.01356	0.03306	0.02508	0.10327	0.17563	0.06064	0.00301	0.18066	0.04205	0.00334	0.03975
11	0.00726	0.00535	0.00676	0.00758	0.00825	0.00509	0.00519	0.00913	0.04827	0.01543	0.11620	0.58860	0.09153	0.04811	0.00776	0.00227	0.00326	0.01400	0.00520	0.00476
12	0.01111	0.02865	0.77667	0.01579	0.02397	0.01286	0.02046	0.01754	0.01169	0.01754	0.00994	0.01169	0.00702	0.00526	0.00526	0.00175	0.00818	0.00409	0.00234	0.00818
13	0.01474	0.52829	0.08601	0.01276	0.07308	0.10985	0.03579	0.01710	0.01219	0.01443	0.04408	0.01134	0.00940	0.00522	0.00425	0.00134	0.00660	0.00373	0.00264	0.00716
14	0.01252	0.01256	0.05790	0.01290	0.11135	0.05048	0.00947	0.03320	0.01198	0.01782	0.00973	0.01180	0.00811	0.00488	0.00557	0.00116	0.06925	0.00372	0.00312	0.55249
15	0.03089	0.08972	0.03948	0.09705	0.06838	0.09704	0.14858	0.09227	0.02880	0.06084	0.01178	0.05225	0.00988	0.00736	0.02164	0.00193	0.12610	0.00544	0.00336	0.00719

[dist]
# distance from previous block
# <min> <max>
4	36

[block]
# block no. 2 follows, 43 sequences, length 6
# corresponding to MSA columns:
# 511-516
name=unknown_C
#
# <colnr> <probs for GDERKNQSTAVLIFYWHMCP>
#	G	D	E	R	K	N	Q	S	T	A	V	L	I	F	Y	W	H	M	C	P
0	0.04808	0.07356	0.16267	0.01269	0.03956	0.01137	0.09675	0.03857	0.01213	0.04627	0.01024	0.01205	0.00805	0.00491	0.00524	0.00133	0.03729	0.00403	0.00314	0.37209
1	0.01352	0.04354	0.04527	0.03664	0.03821	0.01001	0.04551	0.07203	0.06584	0.08108	0.01239	0.01442	0.00989	0.04691	0.00594	0.00143	0.00507	0.00435	0.00377	0.44419
2	0.01476	0.00992	0.01339	0.05146	0.01547	0.00867	0.07041	0.06417	0.01351	0.18640	0.01541	0.04178	0.03186	0.00589	0.00495	0.00133	0.00481	0.00504	0.06522	0.37555
3	0.01826	0.03892	0.01541	0.04400	0.03967	0.01408	0.00983	0.41628	0.03827	0.12440	0.01473	0.05326	0.01158	0.04097	0.00708	0.00184	0.04607	0.00557	0.00500	0.05478
4	0.01034	0.00568	0.00871	0.00821	0.00891	0.00569	0.03516	0.00950	0.00857	0.05855	0.01257	0.05702	0.01196	0.02052	0.12868	0.55922	0.00627	0.00565	0.03517	0.00362
5	0.01269	0.01086	0.01363	0.00984	0.01475	0.00898	0.06205	0.09787	0.01325	0.01993	0.01034	0.01195	0.00836	0.00443	0.00444	0.00099	0.00471	0.00372	0.00350	0.68370

[dist]
# distance from previous block
# <min> <max>
5	87

[block]
# block no. 3 follows, 43 sequences, length 23
# corresponding to MSA columns:
# 604-626
name=unknown_D
#
# <colnr> <probs for GDERKNQSTAVLIFYWHMCP>
#	G	D	E	R	K	N	Q	S	T	A	V	L	I	F	Y	W	H	M	C	P
0	0.42300	0.01852	0.34657	0.01120	0.01677	0.01233	0.01250	0.01755	0.01085	0.07180	0.00964	0.01084	0.00696	0.00531	0.00438	0.00173	0.00603	0.00365	0.00318	0.00719
1	0.00678	0.00487	0.00638	0.00757	0.00795	0.00453	0.00505	0.00773	0.01061	0.01407	0.03122	0.74806	0.06689	0.04013	0.00766	0.00232	0.00326	0.01535	0.00509	0.00447
2	0.01860	0.01414	0.01558	0.06622	0.01783	0.01586	0.01037	0.54100	0.16783	0.03052	0.01477	0.01493	0.01074	0.00707	0.00598	0.02338	0.00582	0.00523	0.00526	0.00888
3	0.61468	0.00988	0.00821	0.00733	0.01044	0.01121	0.00595	0.03110	0.04925	0.05217	0.01086	0.01201	0.00829	0.00558	0.00374	0.00165	0.00405	0.00367	0.14374	0.00619
4	0.00969	0.00742	0.01011	0.07178	0.06492	0.00753	0.00818	0.04514	0.05270	0.03032	0.26907	0.11960	0.07324	0.01175	0.00662	0.00201	0.00425	0.19470	0.00514	0.00584
5	0.01493	0.60614	0.16180	0.01064	0.01596	0.01921	0.01134	0.01757	0.01169	0.07359	0.00921	0.01017	0.00761	0.00500	0.00402	0.00133	0.00623	0.00337	0.00272	0.00748
6	0.00674	0.00485	0.00639	0.00762	0.00801	0.00451	0.00510	0.00772	0.01069	0.01417	0.03166	0.76858	0.06907	0.01720	0.00705	0.00223	0.00320	0.01556	0.00514	0.00451
7	0.00766	0.00543	0.00696	0.00778	0.00838	0.00523	0.00560	0.00888	0.01082	0.01428	0.05976	0.35032	0.06982	0.21533	0.01250	0.00307	0.00419	0.19484	0.00472	0.00440
8	0.01056	0.06218	0.01051	0.00980	0.01157	0.00767	0.00844	0.01340	0.03896	0.07630	0.07950	0.09012	0.02991	0.01346	0.00702	0.00229	0.00483	0.51265	0.00514	0.00568
9	0.02382	0.00950	0.01281	0.00993	0.01405	0.00846	0.00818	0.05657	0.01592	0.70457	0.02113	0.01877	0.01354	0.00862	0.04541	0.00208	0.00529	0.00556	0.00660	0.00920
10	0.01481	0.80869	0.02902	0.00948	0.01421	0.02191	0.00948	0.01658	0.01125	0.01303	0.00770	0.00888	0.00711	0.00474	0.00355	0.00118	0.00592	0.00296	0.00237	0.00711
11	0.00763	0.00519	0.00669	0.00748	0.00820	0.00476	0.00513	0.00881	0.01140	0.04716	0.09736	0.60316	0.10915	0.04068	0.00757	0.00224	0.00325	0.01416	0.00524	0.00475
12	0.01301	0.05046	0.20140	0.09815	0.39279	0.01337	0.10018	0.01714	0.01231	0.03387	0.01047	0.01338	0.00822	0.00507	0.00547	0.00170	0.00728	0.00485	0.00270	0.00818
13	0.02321	0.00979	0.01280	0.01006	0.01418	0.00897	0.00823	0.02735	0.12583	0.66371	0.02195	0.01912	0.01418	0.00695	0.00558	0.00174	0.00466	0.00567	0.00667	0.00933
14	0.00689	0.00491	0.00655	0.00780	0.00816	0.00462	0.00529	0.00792	0.01065	0.01417	0.03012	0.74338	0.03595	0.03793	0.00765	0.00235	0.00337	0.05270	0.00509	0.00450
15	0.04259	0.02271	0.45994	0.01911	0.19195	0.04584	0.01755	0.07554	0.01326	0.04540	0.01059	0.01236	0.00780	0.00537	0.00527	0.00171	0.00748	0.00434	0.00290	0.00831
16	0.01640	0.01020	0.03830	0.00996	0.01316	0.00970	0.00813	0.12875	0.15605	0.26938	0.12219	0.13607	0.03880	0.00918	0.00594	0.00182	0.00443	0.00778	0.00588	0.00787
17	0.00791	0.00593	0.00890	0.00890	0.00989	0.00692	0.00692	0.00989	0.00890	0.01286	0.01483	0.02176	0.01385	0.04154	0.78341	0.00890	0.01483	0.00593	0.00297	0.00494
18	0.10990	0.00873	0.01016	0.00862	0.01153	0.00848	0.00681	0.10079	0.02819	0.28717	0.09181	0.08029	0.13414	0.06173	0.00721	0.00204	0.00428	0.02547	0.00557	0.00708
19	0.10627	0.16200	0.01634	0.01110	0.01467	0.21084	0.00910	0.23402	0.01682	0.04971	0.02561	0.05752	0.04967	0.00695	0.00496	0.00157	0.00643	0.00508	0.00406	0.00728
20	0.00838	0.00657	0.00959	0.00932	0.01013	0.00792	0.00725	0.01014	0.00880	0.01276	0.01419	0.02170	0.01356	0.09088	0.64721	0.00795	0.09980	0.00596	0.00293	0.00496
21	0.00778	0.00548	0.00678	0.00682	0.00740	0.00548	0.00454	0.00868	0.00996	0.01348	0.13237	0.09855	0.09695	0.38962	0.15806	0.02484	0.00624	0.00886	0.00399	0.00412
22	0.01018	0.00891	0.01518	0.05992	0.07512	0.00950	0.14800	0.05416	0.01130	0.01578	0.03155	0.05257	0.01365	0.02591	0.43547	0.00574	0.01144	0.00637	0.00320	0.00603

[dist]
# distance from previous block
# <min> <max>
0	3

[block]
# block no. 4 follows, 43 sequences, length 49
# corresponding to MSA columns:
# 630-678
name=unknown_E
#
# <colnr> <probs for GDERKNQSTAVLIFYWHMCP>
#	G	D	E	R	K	N	Q	S	T	A	V	L	I	F	Y	W	H	M	C	P
0	0.08055	0.01239	0.01976	0.08348	0.43781	0.01263	0.07042	0.04478	0.04937	0.11666	0.01238	0.01450	0.00947	0.00541	0.00543	0.00170	0.00631	0.00505	0.00355	0.00836
1	0.01051	0.00762	0.00958	0.06532	0.03910	0.00752	0.00740	0.07989	0.03575	0.07210	0.15772	0.08154	0.26896	0.01165	0.00645	0.00193	0.00410	0.12172	0.00519	0.00596
2	0.00891	0.00485	0.00696	0.00723	0.00729	0.00479	0.00477	0.00738	0.00798	0.01063	0.01451	0.17952	0.01597	0.07905	0.01915	0.60322	0.00452	0.00730	0.00304	0.00291
3	0.01729	0.01434	0.01553	0.05753	0.07484	0.07235	0.01063	0.34567	0.22386	0.03846	0.01513	0.01588	0.01144	0.02917	0.00656	0.00184	0.03081	0.00531	0.00484	0.00851
4	0.01164	0.01044	0.01573	0.13141	0.32239	0.01101	0.01225	0.01692	0.14552	0.01880	0.13389	0.02469	0.06053	0.00764	0.00588	0.00180	0.00538	0.05267	0.00402	0.00738
5	0.01174	0.00999	0.01162	0.00832	0.01323	0.00764	0.00667	0.03329	0.01187	0.01849	0.00993	0.01153	0.00823	0.00417	0.00414	0.00084	0.00415	0.00333	0.00334	0.81747
6	0.00675	0.00482	0.00643	0.00771	0.00803	0.00450	0.00514	0.00771	0.01060	0.01414	0.03053	0.80175	0.03663	0.01735	0.00707	0.00225	0.00321	0.01574	0.00514	0.00450
7	0.01169	0.01052	0.01429	0.01021	0.01522	0.00826	0.10520	0.01445	0.01169	0.01801	0.01002	0.01194	0.00823	0.00418	0.00442	0.00096	0.00480	0.00371	0.00322	0.72897
8	0.01259	0.07870	0.49236	0.01632	0.02312	0.07272	0.14776	0.01853	0.05415	0.01728	0.01061	0.01245	0.00783	0.00528	0.00537	0.00172	0.00816	0.00453	0.00265	0.00788
9	0.01087	0.00973	0.06921	0.05344	0.01320	0.00934	0.00860	0.01461	0.09010	0.08189	0.26133	0.04700	0.11833	0.03814	0.00905	0.00204	0.14431	0.00787	0.00473	0.00622
10	0.00791	0.00593	0.00890	0.00890	0.00989	0.00692	0.00692	0.00989	0.00890	0.01286	0.01483	0.02176	0.01385	0.04154	0.78341	0.00890	0.01483	0.00593	0.00297	0.00494
11	0.01557	0.67618	0.04518	0.01033	0.01487	0.13227	0.00992	0.01741	0.01191	0.01322	0.00788	0.00911	0.00711	0.00489	0.00380	0.00123	0.00657	0.00308	0.00244	0.00703
12	0.01326	0.00996	0.01177	0.00856	0.01330	0.00787	0.00688	0.05020	0.01274	0.09907	0.03012	0.01309	0.00994	0.00469	0.00439	0.00098	0.00422	0.00377	0.00384	0.69133
13	0.01277	0.24298	0.28669	0.01656	0.02272	0.01567	0.27794	0.01717	0.01204	0.01628	0.01013	0.02612	0.00806	0.00512	0.00527	0.00164	0.00787	0.00485	0.00256	0.00756
14	0.01238	0.15139	0.13240	0.02607	0.08190	0.01197	0.12063	0.04041	0.01250	0.07273	0.03818	0.15891	0.03710	0.01010	0.04923	0.00217	0.00657	0.02473	0.00369	0.00694
15	0.00801	0.00560	0.00728	0.00710	0.00834	0.00514	0.00523	0.01025	0.01463	0.03924	0.58273	0.17620	0.08453	0.01242	0.00660	0.00184	0.00278	0.01100	0.00590	0.00517
16	0.03424	0.03243	0.07709	0.01086	0.01535	0.02979	0.00957	0.13536	0.05289	0.50093	0.03186	0.01728	0.01289	0.00669	0.00546	0.00170	0.00531	0.00532	0.00595	0.00903
17	0.01418	0.37428	0.10638	0.03509	0.01840	0.03823	0.15427	0.01709	0.01214	0.07315	0.03759	0.03515	0.01047	0.00661	0.02450	0.00172	0.02574	0.00478	0.00304	0.00721
18	0.00791	0.00593	0.00890	0.00890	0.00989	0.00692	0.00692	0.00989	0.00890	0.01286	0.01483	0.02176	0.01385	0.04154	0.78341	0.00890	0.01483	0.00593	0.00297	0.00494
19	0.00805	0.00537	0.00604	0.00604	0.00604	0.00537	0.00336	0.00805	0.00805	0.01074	0.01745	0.03624	0.02013	0.80536	0.02819	0.00537	0.00537	0.00805	0.00336	0.00336
20	0.03105	0.01716	0.01535	0.04021	0.04685	0.27012	0.01043	0.24499	0.03900	0.09805	0.06115	0.01470	0.01178	0.00679	0.00636	0.00166	0.06744	0.00489	0.00433	0.00768
21	0.01220	0.00800	0.00972	0.13927	0.01423	0.00872	0.00741	0.14397	0.01422	0.03942	0.05054	0.08842	0.01577	0.00759	0.00515	0.00159	0.01826	0.00625	0.40314	0.00614
22	0.01046	0.00984	0.01661	0.79205	0.03814	0.01230	0.01538	0.01415	0.01107	0.01415	0.00984	0.01477	0.00738	0.00554	0.00554	0.00185	0.00738	0.00492	0.00246	0.00615
23	0.01134	0.00969	0.01133	0.00819	0.01296	0.00729	0.00652	0.01375	0.01146	0.01792	0.01049	0.03634	0.00910	0.00452	0.00419	0.00087	0.00407	0.00367	0.00334	0.81296
24	0.01212	0.01212	0.01696	0.01454	0.01454	0.01696	0.01212	0.01333	0.00848	0.01333	0.00727	0.01212	0.00727	0.00969	0.01818	0.00242	0.79523	0.00485	0.00242	0.00606
25	0.00734	0.00557	0.00676	0.00662	0.00801	0.00499	0.00490	0.00943	0.01427	0.01923	0.48056	0.11465	0.27207	0.01271	0.00659	0.00183	0.00273	0.01106	0.00571	0.00499
26	0.00731	0.00528	0.00691	0.00727	0.00814	0.00488	0.00516	0.00914	0.01330	0.01836	0.41437	0.38531	0.06565	0.01412	0.00678	0.00197	0.00289	0.01265	0.00564	0.00488
27	0.05349	0.00870	0.01115	0.00915	0.01250	0.00800	0.00730	0.02242	0.07397	0.50330	0.09388	0.08238	0.04304	0.03664	0.00653	0.00191	0.00432	0.00700	0.00624	0.00809
28	0.00875	0.00609	0.00716	0.00729	0.00782	0.00612	0.00469	0.07608	0.01068	0.01425	0.02207	0.32662	0.02546	0.43115	0.01805	0.00384	0.00461	0.01071	0.00424	0.00435
29	0.01046	0.00984	0.01661	0.79205	0.03814	0.01230	0.01538	0.01415	0.01107	0.01415	0.00984	0.01477	0.00738	0.00554	0.00554	0.00185	0.00738	0.00492	0.00246	0.00615
30	0.00804	0.00608	0.00726	0.00767	0.00860	0.00604	0.00530	0.01117	0.11727	0.01589	0.11252	0.41559	0.10549	0.13466	0.00996	0.00258	0.00360	0.01219	0.00505	0.00503
31	0.00698	0.00528	0.00648	0.00725	0.00810	0.00486	0.00503	0.00860	0.03258	0.01524	0.09606	0.53903	0.21266	0.01579	0.00686	0.00211	0.00310	0.01404	0.00523	0.00472
32	0.01146	0.02622	0.64477	0.01713	0.02485	0.01306	0.14992	0.01757	0.01194	0.01757	0.01016	0.01227	0.00726	0.00516	0.00549	0.00177	0.00839	0.00453	0.00242	0.00806
33	0.00758	0.00565	0.00704	0.00669	0.00811	0.00511	0.00502	0.00995	0.01506	0.02075	0.62448	0.04377	0.19658	0.01187	0.00653	0.00177	0.00265	0.01035	0.00590	0.00511
34	0.09097	0.00603	0.00671	0.00669	0.00750	0.00600	0.00435	0.01005	0.00970	0.05640	0.04742	0.18176	0.06075	0.44201	0.01795	0.00380	0.00451	0.00909	0.02394	0.00435
35	0.03569	0.00972	0.01094	0.00920	0.01163	0.01017	0.00695	0.26072	0.05009	0.12208	0.07204	0.06692	0.03289	0.26128	0.01286	0.00290	0.00509	0.00712	0.00498	0.00672
36	0.02244	0.01215	0.01436	0.01110	0.01534	0.01232	0.00914	0.35147	0.04684	0.40033	0.01796	0.01647	0.01191	0.00678	0.00552	0.00169	0.00527	0.00532	0.02428	0.00931
37	0.00802	0.00535	0.00605	0.00609	0.00610	0.00535	0.00340	0.00804	0.00812	0.01083	0.01781	0.05729	0.02059	0.78370	0.02761	0.00528	0.00531	0.00827	0.00340	0.00339
38	0.08084	0.00935	0.01127	0.00955	0.01268	0.00928	0.00767	0.10834	0.09502	0.32198	0.12823	0.09902	0.02177	0.00893	0.00582	0.00183	0.00439	0.05037	0.00593	0.00776
39	0.01736	0.01270	0.01386	0.01109	0.01457	0.01386	0.00891	0.50958	0.06611	0.04403	0.08180	0.02028	0.04964	0.07347	0.03513	0.00225	0.00576	0.00610	0.00533	0.00815
40	0.05440	0.00892	0.01186	0.00932	0.01313	0.00787	0.00762	0.02411	0.01557	0.63327	0.13237	0.02182	0.01915	0.00745	0.00563	0.00172	0.00438	0.00613	0.00661	0.00867
41	0.02061	0.00900	0.01190	0.00965	0.01324	0.00820	0.00789	0.03790	0.06866	0.55384	0.12245	0.02490	0.02028	0.00808	0.00585	0.00179	0.00446	0.05627	0.00652	0.00852
42	0.00864	0.00594	0.00675	0.00646	0.00834	0.00512	0.00487	0.01032	0.01339	0.09198	0.19091	0.10483	0.49629	0.01303	0.00649	0.00186	0.00299	0.01106	0.00550	0.00524
43	0.01299	0.01381	0.07959	0.24709	0.34593	0.01329	0.12086	0.06690	0.01309	0.01803	0.01053	0.01400	0.00823	0.00521	0.00564	0.00174	0.00729	0.00510	0.00283	0.00783
44	0.00744	0.00590	0.00740	0.06721	0.01071	0.00557	0.00617	0.00926	0.01246	0.01587	0.12878	0.21066	0.34426	0.01397	0.00676	0.00205	0.00360	0.13200	0.00505	0.00489
45	0.01172	0.01217	0.02021	0.48591	0.03242	0.07134	0.20833	0.01535	0.01193	0.01505	0.01126	0.05850	0.00927	0.00598	0.00584	0.00184	0.00786	0.00585	0.00273	0.00643
46	0.01118	0.00816	0.00924	0.00880	0.01116	0.00829	0.00701	0.03033	0.23799	0.08979	0.03592	0.06786	0.28928	0.01162	0.00639	0.00200	0.00398	0.14904	0.00545	0.00651
47	0.01891	0.05820	0.01622	0.07158	0.01762	0.01551	0.01021	0.52417	0.04815	0.08015	0.01385	0.01500	0.01027	0.03901	0.03401	0.00206	0.00631	0.00511	0.00504	0.00862
48	0.37276	0.01088	0.01323	0.12672	0.17148	0.01194	0.01026	0.05363	0.01200	0.09087	0.01181	0.01601	0.00963	0.00617	0.00478	0.00178	0.00540	0.05995	0.00370	0.00701

[dist]
# distance from previous block
# <min> <max>
5	18

[block]
# block no. 5 follows, 43 sequences, length 92
# corresponding to MSA columns:
# 697-788
name=unknown_F
#
# <colnr> <probs for GDERKNQSTAVLIFYWHMCP>
#	G	D	E	R	K	N	Q	S	T	A	V	L	I	F	Y	W	H	M	C	P
0	0.20881	0.25427	0.11446	0.03070	0.03299	0.17449	0.01054	0.05670	0.01277	0.01809	0.03495	0.01111	0.00858	0.00545	0.00434	0.00150	0.00661	0.00368	0.00302	0.00692
1	0.14585	0.07541	0.10888	0.05224	0.11781	0.01134	0.01016	0.02949	0.02487	0.01674	0.01382	0.10820	0.01379	0.14728	0.03215	0.00264	0.05812	0.02174	0.00329	0.00620
2	0.03883	0.15506	0.14623	0.01324	0.05145	0.24897	0.01145	0.05590	0.03986	0.01618	0.01234	0.10735	0.01147	0.00849	0.03676	0.00192	0.02907	0.00538	0.00320	0.00687
3	0.03716	0.02973	0.02937	0.06305	0.05675	0.02696	0.02934	0.10068	0.11725	0.20460	0.03672	0.05858	0.13874	0.02321	0.00618	0.00186	0.00504	0.02220	0.00506	0.00752
4	0.01839	0.01350	0.01485	0.01168	0.01558	0.01467	0.00953	0.56836	0.04046	0.04462	0.05571	0.03890	0.01307	0.00941	0.05702	0.00212	0.00622	0.00559	0.00529	0.05502
5	0.07391	0.04683	0.13725	0.03912	0.06098	0.04121	0.37177	0.01893	0.10321	0.01849	0.01180	0.01417	0.00894	0.00520	0.00571	0.00177	0.00779	0.00545	0.00310	0.02436
6	0.00883	0.03073	0.01193	0.01038	0.01196	0.00804	0.08968	0.02646	0.00998	0.01397	0.01616	0.11546	0.01589	0.05442	0.54149	0.00683	0.01209	0.00714	0.00326	0.00529
7	0.01376	0.03034	0.02963	0.01563	0.13142	0.25114	0.05132	0.01666	0.04997	0.01545	0.01744	0.02363	0.08206	0.01222	0.10295	0.00267	0.04544	0.09837	0.00344	0.00647
8	0.00897	0.00646	0.00744	0.00719	0.00811	0.00652	0.00487	0.05893	0.05271	0.01566	0.13743	0.09787	0.09622	0.41013	0.03495	0.00380	0.00473	0.02897	0.00440	0.00464
9	0.74507	0.01055	0.00871	0.00759	0.01113	0.01190	0.00626	0.01758	0.01020	0.11579	0.00943	0.01019	0.00693	0.00535	0.00369	0.00171	0.00434	0.00331	0.00384	0.00641
10	0.01139	0.01064	0.05873	0.03283	0.08749	0.00946	0.20194	0.01488	0.03333	0.06706	0.03410	0.13260	0.05046	0.01019	0.00665	0.00208	0.00613	0.21926	0.00423	0.00654
11	0.00983	0.00637	0.00808	0.00769	0.00922	0.00599	0.00575	0.05206	0.01464	0.08884	0.40717	0.20808	0.08632	0.03576	0.00718	0.00199	0.00329	0.03041	0.00575	0.00559
12	0.00677	0.00486	0.00643	0.00763	0.00802	0.00452	0.00512	0.00779	0.01079	0.01437	0.05061	0.76047	0.05789	0.01710	0.00704	0.00223	0.00319	0.01548	0.00517	0.00452
13	0.01371	0.01316	0.02248	0.03399	0.77081	0.01316	0.01700	0.01700	0.01261	0.01809	0.01042	0.01371	0.00877	0.00493	0.00548	0.00164	0.00658	0.00493	0.00274	0.00877
14	0.01209	0.07052	0.64364	0.01634	0.06417	0.06433	0.01902	0.01776	0.01198	0.01706	0.00975	0.01154	0.00713	0.00524	0.00516	0.00169	0.00809	0.00404	0.00240	0.00804
15	0.01376	0.01125	0.01223	0.01115	0.01413	0.01278	0.00885	0.05949	0.60699	0.04354	0.02301	0.02588	0.01849	0.00850	0.00590	0.00195	0.00457	0.10360	0.00559	0.00832
16	0.00814	0.00578	0.00769	0.00869	0.00953	0.00566	0.00684	0.00983	0.01147	0.01504	0.04132	0.24595	0.05160	0.14716	0.01087	0.00291	0.00456	0.39748	0.00484	0.00465
17	0.00682	0.00488	0.00649	0.00766	0.00805	0.00455	0.00515	0.00789	0.01094	0.01467	0.07930	0.75145	0.03766	0.01695	0.00703	0.00222	0.00317	0.01537	0.00520	0.00455
18	0.11876	0.11875	0.01676	0.02739	0.03295	0.45249	0.01033	0.05809	0.01410	0.01607	0.00854	0.01027	0.00717	0.00592	0.00590	0.00155	0.08170	0.00367	0.00295	0.00663
19	0.00675	0.00482	0.00643	0.00771	0.00803	0.00450	0.00514	0.00771	0.01060	0.01414	0.03053	0.80175	0.03663	0.01735	0.00707	0.00225	0.00321	0.01574	0.00514	0.00450
20	0.84448	0.01071	0.00814	0.00728	0.01071	0.01242	0.00600	0.01628	0.00943	0.02485	0.00771	0.00900	0.00600	0.00514	0.00343	0.00171	0.00428	0.00300	0.00343	0.00600
21	0.01161	0.00996	0.01154	0.00837	0.01320	0.00774	0.00668	0.01480	0.05281	0.01833	0.01054	0.01199	0.00868	0.00429	0.00419	0.00088	0.00412	0.00345	0.00341	0.79342
22	0.01434	0.01177	0.01254	0.01120	0.01439	0.01349	0.00873	0.02931	0.72314	0.06117	0.02251	0.02057	0.01674	0.00748	0.00563	0.00187	0.00440	0.00623	0.00570	0.00880
23	0.00805	0.00537	0.00604	0.00604	0.00604	0.00537	0.00336	0.00805	0.00805	0.01074	0.01745	0.03624	0.02013	0.80536	0.02819	0.00537	0.00537	0.00805	0.00336	0.00336
24	0.00679	0.00562	0.00595	0.00587	0.00763	0.00478	0.00440	0.00843	0.01321	0.01635	0.19281	0.05101	0.63100	0.01351	0.00654	0.00185	0.00277	0.01137	0.00533	0.00478
25	0.01371	0.01316	0.02248	0.03399	0.77081	0.01316	0.01700	0.01700	0.01261	0.01809	0.01042	0.01371	0.00877	0.00493	0.00548	0.00164	0.00658	0.00493	0.00274	0.00877
26	0.00816	0.00575	0.00740	0.00694	0.00836	0.00526	0.00522	0.01067	0.01546	0.04023	0.69681	0.04170	0.10433	0.01141	0.00651	0.00175	0.00268	0.01003	0.00604	0.00529
27	0.74507	0.01055	0.00871	0.00759	0.01113	0.01190	0.00626	0.01758	0.01020	0.11579	0.00943	0.01019	0.00693	0.00535	0.00369	0.00171	0.00434	0.00331	0.00384	0.00641
28	0.01307	0.01494	0.03268	0.02334	0.02894	0.01401	0.75070	0.01774	0.01307	0.01774	0.01120	0.01494	0.00840	0.00467	0.00654	0.00187	0.00934	0.00654	0.00280	0.00747
29	0.02105	0.01551	0.01662	0.01274	0.01717	0.01717	0.01053	0.75235	0.02604	0.03490	0.01330	0.01330	0.00942	0.00665	0.00554	0.00166	0.00609	0.00499	0.00554	0.00942
30	0.00674	0.00485	0.00639	0.00762	0.00801	0.00451	0.00510	0.00772	0.01069	0.01417	0.03159	0.77073	0.06696	0.01721	0.00705	0.00223	0.00320	0.01558	0.00514	0.00451
31	0.02105	0.01551	0.01662	0.01274	0.01717	0.01717	0.01053	0.75235	0.02604	0.03490	0.01330	0.01330	0.00942	0.00665	0.00554	0.00166	0.00609	0.00499	0.00554	0.00942
32	0.01466	0.01234	0.01302	0.01145	0.01474	0.01419	0.00898	0.11711	0.67169	0.02459	0.02142	0.01977	0.01600	0.00741	0.00562	0.00185	0.00459	0.00611	0.00562	0.00885
33	0.01046	0.00984	0.01661	0.79205	0.03814	0.01230	0.01538	0.01415	0.01107	0.01415	0.00984	0.01477	0.00738	0.00554	0.00554	0.00185	0.00738	0.00492	0.00246	0.00615
34	0.01148	0.00984	0.01148	0.00820	0.01312	0.00738	0.00656	0.01395	0.01148	0.01805	0.00984	0.01148	0.00820	0.00410	0.00410	0.00082	0.00410	0.00328	0.00328	0.83922
35	0.01481	0.80869	0.02902	0.00948	0.01421	0.02191	0.00948	0.01658	0.01125	0.01303	0.00770	0.00888	0.00711	0.00474	0.00355	0.00118	0.00592	0.00296	0.00237	0.00711
36	0.00661	0.00547	0.00580	0.00603	0.00760	0.00466	0.00440	0.00797	0.01233	0.01499	0.06897	0.19025	0.61669	0.01457	0.00664	0.00194	0.00288	0.01239	0.00517	0.00466
37	0.00693	0.00591	0.00599	0.00596	0.00785	0.00514	0.00447	0.00905	0.05134	0.01536	0.05365	0.07267	0.70901	0.01378	0.00651	0.00188	0.00290	0.01152	0.00517	0.00488
38	0.84448	0.01071	0.00814	0.00728	0.01071	0.01242	0.00600	0.01628	0.00943	0.02485	0.00771	0.00900	0.00600	0.00514	0.00343	0.00171	0.00428	0.00300	0.00343	0.00600
39	0.01719	0.01218	0.01356	0.01088	0.01466	0.01286	0.00873	0.32249	0.19821	0.11585	0.04314	0.01771	0.01368	0.04258	0.02560	0.00196	0.00533	0.00549	0.00530	0.11261
40	0.01162	0.12812	0.66506	0.01514	0.02283	0.01404	0.03475	0.01742	0.01167	0.01697	0.00968	0.01140	0.00706	0.00518	0.00507	0.00168	0.00792	0.00400	0.00235	0.00803
41	0.00790	0.00667	0.00694	0.00681	0.00880	0.00627	0.00520	0.01164	0.13391	0.01627	0.04808	0.04808	0.58413	0.03403	0.00704	0.00200	0.00326	0.05247	0.00517	0.00533
42	0.01932	0.01257	0.01386	0.01100	0.01481	0.01351	0.00897	0.43501	0.11208	0.15937	0.01657	0.01619	0.01174	0.00676	0.00532	0.00165	0.00515	0.00527	0.12209	0.00874
43	0.01323	0.01594	0.15558	0.03048	0.61789	0.01313	0.03878	0.01711	0.01246	0.01799	0.01036	0.01339	0.00845	0.00498	0.00547	0.00167	0.00694	0.00483	0.00267	0.00863
44	0.02091	0.00911	0.02763	0.00937	0.01319	0.00766	0.00779	0.02324	0.01561	0.59240	0.16472	0.02282	0.02082	0.00760	0.00571	0.00169	0.00436	0.00633	0.00651	0.03254
45	0.00675	0.00482	0.00643	0.00771	0.00803	0.00450	0.00514	0.00771	0.01060	0.01414	0.03053	0.80175	0.03663	0.01735	0.00707	0.00225	0.00321	0.01574	0.00514	0.00450
46	0.02162	0.01461	0.01606	0.01231	0.01673	0.01584	0.01017	0.64493	0.02453	0.14445	0.01456	0.01412	0.01005	0.00668	0.00554	0.00167	0.00589	0.00507	0.00573	0.00942
47	0.04682	0.02757	0.72717	0.01559	0.02351	0.01287	0.03614	0.01749	0.01163	0.01786	0.00987	0.01165	0.00700	0.00524	0.00521	0.00175	0.00804	0.00410	0.00240	0.00808
48	0.00675	0.00482	0.00643	0.00771	0.00803	0.00450	0.00514	0.00771	0.01060	0.01414	0.03053	0.80175	0.03663	0.01735	0.00707	0.00225	0.00321	0.01574	0.00514	0.00450
49	0.01248	0.01289	0.01907	0.01573	0.01658	0.03748	0.11292	0.01417	0.00931	0.01394	0.00784	0.01244	0.00742	0.00890	0.01623	0.00232	0.66649	0.00504	0.00249	0.00626
50	0.01405	0.64981	0.18130	0.01076	0.01620	0.02007	0.01171	0.01678	0.01134	0.01395	0.00816	0.00946	0.00709	0.00484	0.00390	0.00130	0.00638	0.00319	0.00236	0.00733
51	0.01194	0.01245	0.02438	0.37475	0.10416	0.01315	0.34528	0.01603	0.01212	0.01614	0.01051	0.01474	0.00797	0.00509	0.00598	0.00184	0.00818	0.00565	0.00264	0.00699
52	0.00715	0.00600	0.00630	0.00634	0.00793	0.02240	0.00467	0.00875	0.01307	0.01630	0.19595	0.14069	0.51760	0.01369	0.00657	0.00188	0.00298	0.01166	0.00528	0.00480
53	0.03075	0.00984	0.01150	0.00829	0.01314	0.00754	0.00665	0.01486	0.01173	0.06825	0.01059	0.01192	0.00852	0.00431	0.00418	0.00090	0.00415	0.00343	0.00352	0.76594
54	0.01174	0.01000	0.01162	0.00832	0.01323	0.00765	0.00667	0.03375	0.01187	0.01850	0.00994	0.01153	0.00824	0.00417	0.00414	0.00084	0.00416	0.00333	0.00334	0.81696
55	0.00805	0.00537	0.00604	0.00604	0.00604	0.00537	0.00336	0.00805	0.00805	0.01074	0.01745	0.03624	0.02013	0.80536	0.02819	0.00537	0.00537	0.00805	0.00336	0.00336
56	0.01223	0.01028	0.01188	0.00855	0.01344	0.00814	0.00687	0.07112	0.01261	0.01935	0.01011	0.01162	0.00830	0.00430	0.00421	0.00089	0.00426	0.00341	0.00346	0.77497
57	0.01123	0.00998	0.01600	0.56847	0.10386	0.01191	0.01394	0.03660	0.06089	0.01531	0.01082	0.01521	0.00842	0.00696	0.00709	0.08239	0.00682	0.00500	0.00278	0.00631
58	0.06927	0.19275	0.12608	0.01114	0.03200	0.07503	0.01016	0.03203	0.13797	0.07054	0.01471	0.01508	0.05117	0.00598	0.00472	0.00147	0.00569	0.00452	0.00369	0.13600
59	0.01065	0.13000	0.19721	0.00988	0.01351	0.00974	0.00996	0.01386	0.01335	0.06449	0.28127	0.07536	0.07106	0.00945	0.00585	0.00176	0.00483	0.06687	0.00449	0.00639
60	0.02440	0.00933	0.01271	0.00978	0.01398	0.00806	0.00806	0.02655	0.01585	0.75470	0.04163	0.01945	0.01473	0.00697	0.00560	0.00171	0.00466	0.00569	0.00683	0.00931
61	0.00933	0.00656	0.00890	0.00978	0.01122	0.00649	0.00843	0.02839	0.01331	0.03303	0.08027	0.05851	0.07299	0.01459	0.00742	0.00242	0.00482	0.61306	0.00522	0.00527
62	0.01409	0.01405	0.07891	0.02967	0.59125	0.01271	0.07113	0.01762	0.01279	0.06803	0.01165	0.01515	0.00949	0.00531	0.00560	0.00170	0.00675	0.02247	0.00304	0.00859
63	0.00684	0.00577	0.00594	0.00587	0.00773	0.00495	0.00441	0.00871	0.03169	0.01581	0.11854	0.05142	0.68601	0.01362	0.00652	0.00186	0.00283	0.01140	0.00524	0.00483
64	0.00668	0.00561	0.00582	0.00591	0.00767	0.00475	0.00445	0.00815	0.01265	0.01524	0.07937	0.08343	0.68742	0.01411	0.00661	0.00191	0.00290	0.03744	0.00518	0.00470
65	0.01126	0.02766	0.72545	0.01657	0.04295	0.01292	0.05205	0.01753	0.01178	0.01756	0.01001	0.01188	0.00712	0.00523	0.00532	0.00176	0.00819	0.00422	0.00237	0.00817
66	0.14949	0.05890	0.52185	0.01430	0.02102	0.01311	0.06520	0.01746	0.03276	0.01869	0.01048	0.01309	0.00796	0.00554	0.00505	0.00176	0.00731	0.02566	0.00273	0.00765
67	0.01145	0.10085	0.70747	0.01520	0.02307	0.01370	0.01945	0.01745	0.01165	0.01712	0.00973	0.01143	0.00702	0.00521	0.00510	0.00170	0.00798	0.00399	0.00234	0.00809
68	0.00711	0.00497	0.00632	0.00725	0.00748	0.00474	0.00464	0.00781	0.00989	0.01319	0.02689	0.58883	0.03204	0.23652	0.01294	0.00312	0.00381	0.01361	0.00464	0.00418
69	0.70561	0.02819	0.10161	0.00855	0.01248	0.01278	0.00798	0.01636	0.00971	0.02343	0.00797	0.00940	0.00618	0.00527	0.00405	0.00173	0.02600	0.00318	0.00325	0.00628
70	0.06988	0.01113	0.01230	0.05276	0.01441	0.01203	0.00831	0.37005	0.01898	0.08824	0.06484	0.03464	0.01397	0.00701	0.00512	0.00161	0.00483	0.00552	0.19672	0.00765
71	0.01207	0.01030	0.01234	0.00985	0.05510	0.00818	0.00733	0.05003	0.01225	0.01887	0.01004	0.01170	0.00829	0.00427	0.00425	0.00091	0.00434	0.00346	0.00336	0.75306
72	0.00885	0.00584	0.00748	0.00711	0.00859	0.00529	0.00531	0.01107	0.01468	0.07797	0.53061	0.13542	0.13660	0.01206	0.00653	0.00182	0.00287	0.01059	0.00592	0.00539
73	0.09740	0.11414	0.33150	0.01400	0.03395	0.01510	0.05459	0.20618	0.04465	0.02243	0.01089	0.01207	0.00804	0.00559	0.00504	0.00167	0.00688	0.00431	0.00343	0.00815
74	0.01699	0.01543	0.05988	0.04985	0.03582	0.05552	0.10092	0.33947	0.13474	0.04052	0.01344	0.01446	0.00999	0.00662	0.00680	0.00179	0.07969	0.00524	0.00444	0.00838
75	0.00867	0.00592	0.00709	0.00694	0.00804	0.00570	0.00486	0.01026	0.03160	0.05647	0.13929	0.08839	0.19957	0.28792	0.09444	0.00381	0.00513	0.02665	0.00455	0.00470
76	0.00805	0.00540	0.00620	0.00620	0.00626	0.00546	0.00356	0.00816	0.00810	0.01086	0.01730	0.03541	0.01977	0.76157	0.07149	0.00557	0.00591	0.00793	0.00333	0.00345
77	0.01968	0.01501	0.01601	0.05068	0.01774	0.03753	0.01048	0.61929	0.08694	0.03201	0.01388	0.01406	0.00999	0.00664	0.00550	0.00168	0.00605	0.00506	0.02276	0.00903
78	0.00923	0.00791	0.01154	0.06194	0.01329	0.03920	0.06549	0.01129	0.00958	0.01329	0.01396	0.02131	0.01308	0.10945	0.51839	0.00683	0.04639	0.00597	0.01668	0.00517
79	0.00675	0.00549	0.00576	0.00592	0.00737	0.00474	0.00422	0.00793	0.01183	0.01435	0.04833	0.14202	0.58929	0.11011	0.00923	0.00234	0.00316	0.01174	0.00493	0.00449
80	0.02105	0.01551	0.01662	0.01274	0.01717	0.01717	0.01053	0.75235	0.02604	0.03490	0.01330	0.01330	0.00942	0.00665	0.00554	0.00166	0.00609	0.00499	0.00554	0.00942
81	0.02625	0.23427	0.39296	0.01464	0.04984	0.01478	0.08609	0.01671	0.01196	0.01681	0.05958	0.01324	0.01025	0.00542	0.00496	0.00158	0.00710	0.00441	0.00270	0.02645
82	0.01154	0.12031	0.68881	0.01504	0.02282	0.01393	0.01917	0.01743	0.01164	0.01701	0.00968	0.01136	0.00703	0.00520	0.00506	0.00169	0.00792	0.00396	0.00234	0.00806
83	0.01243	0.01008	0.01168	0.00867	0.01334	0.00822	0.00692	0.01653	0.10599	0.05582	0.01203	0.01300	0.00957	0.00467	0.00437	0.00100	0.00417	0.00377	0.00375	0.69400
84	0.00785	0.00671	0.04239	0.00722	0.00891	0.00552	0.00581	0.01051	0.01517	0.02121	0.65648	0.04130	0.12742	0.01134	0.00648	0.00176	0.00289	0.00993	0.00582	0.00530
85	0.02485	0.00943	0.01285	0.00985	0.01414	0.00814	0.00814	0.02699	0.01585	0.77465	0.02185	0.01885	0.01371	0.00685	0.00557	0.00171	0.00471	0.00557	0.00685	0.00943
86	0.02474	0.00960	0.01296	0.00994	0.01422	0.00839	0.00821	0.04741	0.01614	0.75383	0.02161	0.01869	0.01359	0.00685	0.00557	0.00171	0.00475	0.00555	0.00682	0.00943
87	0.02485	0.00943	0.01285	0.00985	0.01414	0.00814	0.00814	0.02699	0.01585	0.77465	0.02185	0.01885	0.01371	0.00685	0.00557	0.00171	0.00471	0.00557	0.00685	0.00943
88	0.02105	0.01551	0.01662	0.01274	0.01717	0.01717	0.01053	0.75235	0.02604	0.03490	0.01330	0.01330	0.00942	0.00665	0.00554	0.00166	0.00609	0.00499	0.00554	0.00942
89	0.00805	0.00537	0.00604	0.00604	0.00604	0.00537	0.00336	0.00805	0.00805	0.01074	0.01745	0.03624	0.02013	0.80536	0.02819	0.00537	0.00537	0.00805	0.00336	0.00336
90	0.84448	0.01071	0.00814	0.00728	0.01071	0.01242	0.00600	0.01628	0.00943	0.02485	0.00771	0.00900	0.00600	0.00514	0.00343	0.00171	0.00428	0.00300	0.00343	0.00600
91	0.01307	0.01494	0.03268	0.02334	0.02894	0.01401	0.75070	0.01774	0.01307	0.01774	0.01120	0.01494	0.00840	0.00467	0.00654	0.00187	0.00934	0.00654	0.00280	0.00747

[dist]
# distance from previous block
# <min> <max>
0	70

[block]
# block no. 6 follows, 43 sequences, length 121
# corresponding to MSA columns:
# 859-938,940-980
name=unknown_G
#
# <colnr> <probs for GDERKNQSTAVLIFYWHMCP>
#	G	D	E	R	K	N	Q	S	T	A	V	L	I	F	Y	W	H	M	C	P
0	0.00784	0.00566	0.00740	0.00697	0.00827	0.00523	0.00523	0.01045	0.01568	0.02221	0.76789	0.04137	0.05226	0.01132	0.00653	0.00174	0.00261	0.01002	0.00610	0.00523
1	0.00791	0.00593	0.00890	0.00890	0.00989	0.00692	0.00692	0.00989	0.00890	0.01286	0.01483	0.02176	0.01385	0.04154	0.78341	0.00890	0.01483	0.00593	0.00297	0.00494
2	0.01133	0.01057	0.01824	0.47669	0.13046	0.01203	0.10466	0.03189	0.01154	0.01537	0.01068	0.01589	0.00863	0.04806	0.00765	0.03397	0.02134	0.00529	0.01927	0.00643
3	0.68512	0.01046	0.00906	0.00778	0.01138	0.01159	0.00641	0.01836	0.01067	0.17063	0.01046	0.01091	0.00750	0.00547	0.00384	0.00171	0.00437	0.00350	0.00409	0.00666
4	0.01322	0.01133	0.01528	0.33819	0.05033	0.04064	0.04645	0.14422	0.09688	0.01995	0.01380	0.01641	0.02313	0.00626	0.00562	0.00173	0.02295	0.00526	0.12134	0.00700
5	0.01378	0.01190	0.01252	0.01127	0.01440	0.01378	0.00877	0.02943	0.76081	0.02317	0.02254	0.02066	0.01691	0.00751	0.00564	0.00188	0.00438	0.00626	0.00564	0.00877
6	0.00831	0.00655	0.00901	0.01055	0.08784	0.00659	0.00672	0.01034	0.03704	0.01622	0.17794	0.38700	0.06534	0.07281	0.03249	0.00249	0.04116	0.01157	0.00478	0.00525
7	0.01430	0.66926	0.08187	0.00970	0.01437	0.03639	0.00986	0.01648	0.01141	0.01399	0.00872	0.01007	0.00767	0.00494	0.00374	0.00124	0.00591	0.00324	0.06985	0.00701
8	0.84448	0.01071	0.00814	0.00728	0.01071	0.01242	0.00600	0.01628	0.00943	0.02485	0.00771	0.00900	0.00600	0.00514	0.00343	0.00171	0.00428	0.00300	0.00343	0.00600
9	0.01577	0.03049	0.07512	0.01097	0.01442	0.03729	0.04383	0.23992	0.01670	0.14353	0.06207	0.07430	0.05475	0.07422	0.02569	0.00219	0.01947	0.00665	0.04524	0.00738
10	0.01501	0.27838	0.05388	0.01069	0.01428	0.12986	0.00932	0.12767	0.07858	0.03848	0.06603	0.11172	0.02887	0.00766	0.00507	0.00157	0.00588	0.00597	0.00396	0.00711
11	0.00784	0.00566	0.00740	0.00697	0.00827	0.00523	0.00523	0.01045	0.01568	0.02221	0.76789	0.04137	0.05226	0.01132	0.00653	0.00174	0.00261	0.01002	0.00610	0.00523
12	0.02485	0.00943	0.01285	0.00985	0.01414	0.00814	0.00814	0.02699	0.01585	0.77465	0.02185	0.01885	0.01371	0.00685	0.00557	0.00171	0.00471	0.00557	0.00685	0.00943
13	0.00746	0.00562	0.00690	0.00664	0.00806	0.00505	0.00496	0.00969	0.01469	0.02001	0.55371	0.07258	0.23982	0.01226	0.00656	0.00179	0.00269	0.01067	0.00581	0.00505
14	0.01371	0.01316	0.02248	0.03399	0.77081	0.01316	0.01700	0.01700	0.01261	0.01809	0.01042	0.01371	0.00877	0.00493	0.00548	0.00164	0.00658	0.00493	0.00274	0.00877
15	0.00779	0.00566	0.00733	0.00691	0.00824	0.00520	0.00519	0.01035	0.01556	0.02192	0.73956	0.04184	0.08077	0.01143	0.00653	0.00175	0.00262	0.01008	0.00606	0.00520
16	0.01307	0.01494	0.03268	0.02334	0.02894	0.01401	0.75070	0.01774	0.01307	0.01774	0.01120	0.01494	0.00840	0.00467	0.00654	0.00187	0.00934	0.00654	0.00280	0.00747
17	0.01046	0.00984	0.01661	0.79205	0.03814	0.01230	0.01538	0.01415	0.01107	0.01415	0.00984	0.01477	0.00738	0.00554	0.00554	0.00185	0.00738	0.00492	0.00246	0.00615
18	0.01140	0.00984	0.01190	0.07163	0.01515	0.00778	0.00728	0.01396	0.01145	0.01773	0.00984	0.01175	0.00814	0.00422	0.00422	0.00090	0.00437	0.00341	0.00321	0.77181
19	0.01867	0.24769	0.01951	0.03986	0.01703	0.54053	0.01052	0.02027	0.01427	0.01343	0.00836	0.00984	0.00714	0.00543	0.00460	0.00137	0.00874	0.00344	0.00270	0.00661
20	0.00683	0.00488	0.00652	0.00781	0.00817	0.00457	0.00529	0.00786	0.01069	0.01423	0.03048	0.77325	0.03645	0.01727	0.00709	0.00226	0.00329	0.04341	0.00514	0.00452
21	0.01020	0.00967	0.01499	0.33699	0.05368	0.03731	0.07122	0.01273	0.01100	0.01448	0.01606	0.25885	0.01659	0.00961	0.00757	0.00202	0.09949	0.00836	0.00334	0.00585
22	0.01152	0.01097	0.01489	0.01267	0.01328	0.01430	0.01031	0.01273	0.00880	0.01358	0.00889	0.01513	0.00903	0.11089	0.01773	0.00260	0.59672	0.00506	0.00265	0.10826
23	0.03835	0.00964	0.01019	0.00894	0.01128	0.07087	0.00693	0.12777	0.05185	0.10006	0.39282	0.06721	0.06207	0.00972	0.00605	0.00174	0.00413	0.00822	0.00564	0.00653
24	0.00787	0.00568	0.00744	0.00705	0.00836	0.00526	0.00532	0.01048	0.01560	0.02206	0.74862	0.04192	0.05173	0.01143	0.00656	0.00176	0.00268	0.02889	0.00607	0.00522
25	0.01091	0.00621	0.00815	0.00770	0.00933	0.00564	0.00576	0.01288	0.01397	0.16797	0.36165	0.22072	0.07163	0.04372	0.00736	0.00203	0.00336	0.02939	0.00584	0.00578
26	0.01046	0.00984	0.01661	0.79205	0.03814	0.01230	0.01538	0.01415	0.01107	0.01415	0.00984	0.01477	0.00738	0.00554	0.00554	0.00185	0.00738	0.00492	0.00246	0.00615
27	0.01481	0.80869	0.02902	0.00948	0.01421	0.02191	0.00948	0.01658	0.01125	0.01303	0.00770	0.00888	0.00711	0.00474	0.00355	0.00118	0.00592	0.00296	0.00237	0.00711
28	0.00690	0.00562	0.00611	0.00599	0.00770	0.00483	0.00449	0.00864	0.01347	0.01698	0.25390	0.04998	0.56952	0.01327	0.00654	0.00183	0.00275	0.01122	0.00541	0.00483
29	0.00791	0.00593	0.00890	0.00890	0.00989	0.00692	0.00692	0.00989	0.00890	0.01286	0.01483	0.02176	0.01385	0.04154	0.78341	0.00890	0.01483	0.00593	0.00297	0.00494
30	0.00655	0.00558	0.00564	0.00568	0.00750	0.00467	0.00424	0.00794	0.01255	0.01493	0.05522	0.07923	0.74321	0.01414	0.00656	0.00188	0.00282	0.01183	0.00514	0.00467
31	0.00683	0.00488	0.00653	0.00781	0.00817	0.00457	0.00529	0.00786	0.01069	0.01423	0.03048	0.77232	0.03644	0.01727	0.00709	0.00226	0.00329	0.04431	0.00514	0.00452
32	0.01046	0.00984	0.01661	0.79205	0.03814	0.01230	0.01538	0.01415	0.01107	0.01415	0.00984	0.01477	0.00738	0.00554	0.00554	0.00185	0.00738	0.00492	0.00246	0.00615
33	0.00687	0.00508	0.00643	0.00724	0.00797	0.00464	0.00499	0.00816	0.01169	0.01547	0.14355	0.56246	0.16334	0.01590	0.00690	0.00211	0.00306	0.01421	0.00528	0.00464
