[name]
unknown

[dist]
# distance from previous block
# <min> <max>
4	96

[block]
# block no. 0 follows, 45 sequences, length 11
# corresponding to MSA columns:
# 124-134
name=unknown_A
#
# <colnr> <probs for GDERKNQSTAVLIFYWHMCP>
#	G	D	E	R	K	N	Q	S	T	A	V	L	I	F	Y	W	H	M	C	P
0	0.11180	0.01446	0.20461	0.15054	0.09443	0.01106	0.05149	0.03738	0.02954	0.08700	0.05411	0.01715	0.01171	0.00611	0.00520	0.00169	0.00611	0.04686	0.00344	0.05532
1	0.01670	0.02998	0.04508	0.05599	0.01572	0.01266	0.00926	0.39377	0.04301	0.11224	0.01668	0.05306	0.05123	0.06407	0.00692	0.00187	0.00540	0.00578	0.00484	0.05573
2	0.08549	0.01411	0.01310	0.10761	0.01661	0.16556	0.00920	0.31656	0.01744	0.02380	0.01202	0.01347	0.00907	0.00597	0.00478	0.00152	0.00600	0.00443	0.16616	0.00709
3	0.06106	0.01050	0.01215	0.00988	0.01330	0.01067	0.00793	0.26956	0.06082	0.26172	0.05904	0.11886	0.03338	0.00812	0.00549	0.00169	0.00462	0.00666	0.00556	0.03900
4	0.01254	0.00856	0.01124	0.01189	0.12604	0.00843	0.00789	0.06870	0.10588	0.14237	0.30904	0.02961	0.11756	0.00890	0.00586	0.00170	0.00390	0.00769	0.00533	0.00687
5	0.34674	0.01052	0.01131	0.12629	0.03324	0.06393	0.02848	0.01613	0.01103	0.10631	0.04652	0.01406	0.01020	0.00777	0.04817	0.00205	0.04380	0.00435	0.06291	0.00620
6	0.09319	0.51955	0.06718	0.01126	0.05022	0.15294	0.01003	0.01705	0.01157	0.01427	0.00786	0.00918	0.00686	0.00483	0.00386	0.00129	0.00643	0.00313	0.00249	0.00681
7	0.01377	0.04061	0.05355	0.02960	0.01231	0.08154	0.00768	0.01581	0.01329	0.23746	0.15527	0.23114	0.04469	0.01021	0.00588	0.00179	0.00457	0.02932	0.00509	0.00640
8	0.01278	0.08878	0.02047	0.04430	0.01818	0.10351	0.20112	0.01493	0.01049	0.01389	0.00904	0.01353	0.00816	0.05055	0.03578	0.00231	0.33844	0.00500	0.00255	0.00619
9	0.10194	0.01085	0.01737	0.42341	0.31437	0.01225	0.01452	0.01498	0.01112	0.01628	0.00953	0.01332	0.00752	0.00510	0.00513	0.00170	0.00654	0.00457	0.00259	0.00691
10	0.01237	0.01182	0.03702	0.29048	0.06378	0.05585	0.10609	0.09217	0.06650	0.01785	0.01381	0.01650	0.04490	0.00615	0.00587	0.00170	0.04280	0.00530	0.10238	0.00665

[dist]
# distance from previous block
# <min> <max>
0	2

[block]
# block no. 1 follows, 45 sequences, length 94
# corresponding to MSA columns:
# 137-172,175-232
name=unknown_B
#
# <colnr> <probs for GDERKNQSTAVLIFYWHMCP>
#	G	D	E	R	K	N	Q	S	T	A	V	L	I	F	Y	W	H	M	C	P
0	0.00995	0.00935	0.01407	0.39974	0.16314	0.03194	0.01202	0.01275	0.01151	0.01465	0.02114	0.05542	0.18251	0.00789	0.00569	0.00179	0.00585	0.03135	0.00322	0.00601
1	0.06680	0.01555	0.01542	0.03441	0.01677	0.09294	0.01005	0.59879	0.04784	0.03027	0.01233	0.01261	0.00891	0.00627	0.00520	0.00160	0.00616	0.00463	0.00491	0.00854
2	0.01906	0.03291	0.01653	0.05721	0.07800	0.23723	0.01098	0.43493	0.02027	0.02512	0.01107	0.01200	0.00830	0.00596	0.00518	0.00155	0.00709	0.00439	0.00419	0.00803
3	0.00669	0.00482	0.00636	0.00746	0.00789	0.00445	0.00499	0.00765	0.01026	0.01375	0.02878	0.77085	0.03442	0.03130	0.00715	0.00220	0.00318	0.01478	0.00490	0.02812
4	0.01077	0.02777	0.78354	0.01530	0.02323	0.01247	0.01983	0.01700	0.01133	0.01700	0.00963	0.01133	0.00680	0.00510	0.00510	0.00170	0.00793	0.00397	0.00227	0.00793
5	0.02051	0.01487	0.01601	0.01227	0.01657	0.01641	0.01014	0.73982	0.02497	0.05436	0.01312	0.01304	0.00924	0.00645	0.00537	0.00161	0.00587	0.00485	0.00540	0.00913
6	0.00702	0.00525	0.00759	0.00838	0.00901	0.00495	0.03830	0.00827	0.01059	0.01409	0.02865	0.69798	0.03384	0.01608	0.00689	0.00219	0.00356	0.08794	0.00488	0.00454
7	0.00781	0.00520	0.00585	0.00585	0.00585	0.00520	0.00325	0.00781	0.00781	0.01041	0.01691	0.03513	0.01952	0.81135	0.02732	0.00520	0.00520	0.00781	0.00325	0.00325
8	0.00987	0.00505	0.00521	0.00521	0.00644	0.00510	0.00392	0.01234	0.01111	0.01958	0.01733	0.02007	0.01374	0.00818	0.04830	0.00167	0.00317	0.00505	0.79366	0.00499
9	0.00799	0.00608	0.00883	0.00876	0.00983	0.00709	0.00681	0.01066	0.05166	0.01303	0.01480	0.02103	0.01359	0.03839	0.74563	0.00824	0.01380	0.00577	0.00302	0.00500
10	0.01435	0.81458	0.02813	0.00918	0.01378	0.02124	0.00918	0.01607	0.01091	0.01263	0.00746	0.00861	0.00689	0.00459	0.00344	0.00115	0.00574	0.00287	0.00230	0.00689
11	0.01360	0.01271	0.02086	0.03054	0.69222	0.01287	0.01568	0.05892	0.04022	0.01861	0.01104	0.01443	0.00926	0.00516	0.00536	0.00162	0.00625	0.01923	0.00296	0.00847
12	0.06526	0.01135	0.01298	0.00987	0.01419	0.01094	0.00807	0.26519	0.03625	0.23041	0.01400	0.01374	0.00988	0.00566	0.00482	0.00138	0.00479	0.00439	0.00491	0.27191
13	0.00722	0.00553	0.00621	0.00600	0.00761	0.00481	0.00447	0.00895	0.01317	0.03413	0.29884	0.04639	0.48465	0.03975	0.00703	0.00188	0.00278	0.01052	0.00528	0.00477
14	0.01121	0.00961	0.01117	0.00805	0.01276	0.00737	0.00643	0.01403	0.03695	0.01766	0.00996	0.01143	0.00824	0.00409	0.00403	0.00083	0.00398	0.00328	0.00326	0.81566
15	0.01077	0.02777	0.78354	0.01530	0.02323	0.01247	0.01983	0.01700	0.01133	0.01700	0.00963	0.01133	0.00680	0.00510	0.00510	0.00170	0.00793	0.00397	0.00227	0.00793
16	0.01085	0.02718	0.75065	0.01562	0.02344	0.01251	0.05213	0.01701	0.01139	0.01701	0.00969	0.01147	0.00686	0.00507	0.00515	0.00170	0.00798	0.00407	0.00229	0.00790
17	0.01071	0.11638	0.01408	0.24673	0.08299	0.06428	0.00972	0.01342	0.03724	0.03177	0.02596	0.02680	0.28287	0.00827	0.00542	0.00167	0.00533	0.00683	0.00355	0.00596
18	0.00634	0.00544	0.00544	0.00544	0.00725	0.00453	0.00408	0.00770	0.01224	0.01450	0.05438	0.05166	0.77569	0.01359	0.00634	0.00181	0.00272	0.01133	0.00498	0.00453
19	0.16945	0.09908	0.56545	0.01316	0.01991	0.01322	0.01618	0.01668	0.01088	0.01792	0.00902	0.01058	0.00662	0.00503	0.00461	0.00164	0.00701	0.00366	0.00247	0.00743
20	0.01278	0.01575	0.18920	0.06942	0.45280	0.01262	0.04147	0.01783	0.08426	0.03522	0.01137	0.01371	0.00890	0.00516	0.00532	0.00166	0.00661	0.00479	0.00292	0.00820
21	0.01186	0.01044	0.01149	0.00837	0.01303	0.04173	0.00667	0.04077	0.01182	0.01789	0.00961	0.01113	0.00795	0.00413	0.00406	0.00085	0.00429	0.00325	0.00324	0.77741
22	0.01004	0.00725	0.00849	0.00773	0.00975	0.00721	0.00593	0.02912	0.18076	0.07446	0.40707	0.03577	0.17464	0.01026	0.00606	0.00174	0.00315	0.00881	0.00568	0.00609
23	0.84927	0.01038	0.00789	0.00706	0.01038	0.01204	0.00581	0.01578	0.00914	0.02408	0.00747	0.00872	0.00581	0.00498	0.00332	0.00166	0.00415	0.00291	0.00332	0.00581
24	0.00674	0.00497	0.00633	0.00719	0.00785	0.00461	0.00493	0.00814	0.02362	0.01480	0.11337	0.61510	0.13130	0.01561	0.00671	0.00207	0.00302	0.01400	0.00509	0.00453
25	0.01898	0.08765	0.01659	0.01170	0.01595	0.05797	0.00973	0.56192	0.03884	0.04188	0.01221	0.01243	0.00894	0.00605	0.00505	0.00149	0.00588	0.00448	0.00479	0.07746
26	0.00721	0.00536	0.00740	0.00899	0.05170	0.00507	0.00592	0.00858	0.01115	0.01502	0.11354	0.60029	0.05002	0.01525	0.00674	0.00211	0.00337	0.07261	0.00495	0.00473
27	0.08324	0.04836	0.17817	0.01220	0.04195	0.01199	0.02618	0.19263	0.01597	0.29680	0.03084	0.01463	0.01063	0.00604	0.00512	0.00164	0.00572	0.00475	0.00475	0.00838
28	0.01135	0.02073	0.45186	0.04734	0.26090	0.01211	0.03868	0.01619	0.01157	0.01688	0.01094	0.05726	0.00901	0.00566	0.00531	0.00170	0.00717	0.00496	0.00256	0.00782
29	0.01258	0.01200	0.02042	0.17234	0.62496	0.01243	0.01593	0.01583	0.01202	0.01693	0.02731	0.01408	0.00921	0.00503	0.00535	0.00163	0.00643	0.00489	0.00268	0.00796
30	0.01468	0.08840	0.18996	0.01233	0.04960	0.15887	0.01118	0.08008	0.01414	0.11390	0.09120	0.03677	0.05246	0.02451	0.00578	0.00170	0.00631	0.03722	0.00389	0.00703
31	0.00686	0.00566	0.00605	0.00592	0.00765	0.00495	0.00445	0.00895	0.03862	0.01634	0.21406	0.04800	0.58809	0.01280	0.00631	0.00179	0.00273	0.01079	0.00521	0.00479
32	0.84927	0.01038	0.00789	0.00706	0.01038	0.01204	0.00581	0.01578	0.00914	0.02408	0.00747	0.00872	0.00581	0.00498	0.00332	0.00166	0.00415	0.00291	0.00332	0.00581
33	0.01634	0.43014	0.03678	0.01317	0.08447	0.29030	0.01049	0.03627	0.01290	0.01386	0.00817	0.00957	0.00710	0.00499	0.00418	0.00129	0.00723	0.00332	0.00257	0.00688
34	0.01925	0.02377	0.01603	0.01610	0.10838	0.67630	0.01110	0.03976	0.01511	0.01420	0.00863	0.01020	0.00716	0.00546	0.00491	0.00141	0.00919	0.00365	0.00282	0.00657
35	0.01133	0.00979	0.01288	0.04659	0.03039	0.00817	0.06713	0.02753	0.03294	0.01782	0.01090	0.02576	0.00903	0.00460	0.00436	0.00103	0.00451	0.00397	0.05595	0.61531
36	0.01059	0.00982	0.01486	0.49650	0.02786	0.01126	0.01231	0.01356	0.01052	0.01459	0.00923	0.01317	0.00735	0.00551	0.00654	0.00160	0.10561	0.00435	0.00259	0.22218
37	0.01001	0.00500	0.00500	0.00500	0.00625	0.00500	0.00375	0.01251	0.01126	0.02001	0.01751	0.02001	0.01376	0.00625	0.00375	0.00125	0.00250	0.00500	0.84115	0.00500
38	0.06101	0.04285	0.01119	0.00893	0.01215	0.02413	0.00711	0.08646	0.22975	0.02005	0.05808	0.03850	0.12956	0.00849	0.02524	0.00170	0.00443	0.02267	0.00448	0.20321
39	0.08150	0.25684	0.12489	0.03121	0.01407	0.02992	0.00946	0.08758	0.01267	0.04314	0.05641	0.01602	0.05438	0.00738	0.03112	0.00172	0.02596	0.00464	0.10446	0.00664
40	0.01001	0.00500	0.00500	0.00500	0.00625	0.00500	0.00375	0.01251	0.01126	0.02001	0.01751	0.02001	0.01376	0.00625	0.00375	0.00125	0.00250	0.00500	0.84115	0.00500
41	0.01135	0.02277	0.52011	0.04415	0.06809	0.01286	0.18138	0.01675	0.01154	0.01681	0.00983	0.01225	0.00721	0.00512	0.00586	0.00175	0.03752	0.00459	0.00239	0.00767
42	0.02229	0.00904	0.01200	0.00940	0.01328	0.00808	0.00770	0.02532	0.06851	0.67638	0.04681	0.01920	0.01480	0.00682	0.00538	0.00166	0.00441	0.00558	0.03453	0.00881
43	0.01329	0.01275	0.02179	0.03295	0.77787	0.01275	0.01647	0.01647	0.01222	0.01754	0.01010	0.01329	0.00850	0.00478	0.00531	0.00159	0.00638	0.00478	0.00266	0.00850
44	0.84927	0.01038	0.00789	0.00706	0.01038	0.01204	0.00581	0.01578	0.00914	0.02408	0.00747	0.00872	0.00581	0.00498	0.00332	0.00166	0.00415	0.00291	0.00332	0.00581
45	0.02192	0.00866	0.01176	0.00918	0.01296	0.00752	0.00752	0.02406	0.01534	0.68181	0.12014	0.02114	0.01819	0.00721	0.00552	0.00166	0.00430	0.00596	0.00655	0.00860
46	0.00740	0.00540	0.00695	0.00673	0.00794	0.00495	0.00498	0.00968	0.01448	0.02022	0.64698	0.11817	0.10252	0.01175	0.00638	0.00175	0.00260	0.01039	0.00575	0.00495
47	0.00678	0.00598	0.05026	0.00792	0.00866	0.00482	0.00582	0.00801	0.01034	0.01389	0.02846	0.76272	0.03388	0.01615	0.00675	0.00215	0.00339	0.01462	0.00483	0.00456
48	0.01001	0.00500	0.00500	0.00500	0.00625	0.00500	0.00375	0.01251	0.01126	0.02001	0.01751	0.02001	0.01376	0.00625	0.00375	0.00125	0.00250	0.00500	0.84115	0.00500
49	0.01994	0.01002	0.01236	0.01005	0.01373	0.00988	0.00815	0.07655	0.22532	0.47599	0.04490	0.02012	0.01548	0.00715	0.00549	0.00172	0.00452	0.02375	0.00616	0.00873
50	0.01335	0.01153	0.01214	0.01092	0.01396	0.01335	0.00850	0.02852	0.76817	0.02245	0.02185	0.02003	0.01639	0.00728	0.00546	0.00182	0.00425	0.00607	0.00546	0.00850
51	0.01001	0.00500	0.00500	0.00500	0.00625	0.00500	0.00375	0.01251	0.01126	0.02001	0.01751	0.02001	0.01376	0.00625	0.00375	0.00125	0.00250	0.00500	0.84115	0.00500
52	0.05717	0.01237	0.01404	0.01094	0.01499	0.01297	0.00899	0.41156	0.06908	0.28863	0.03333	0.01563	0.01182	0.00661	0.00532	0.00165	0.00519	0.00513	0.00574	0.00885
53	0.81939	0.01055	0.00819	0.00725	0.01061	0.01221	0.00597	0.04261	0.00972	0.02444	0.00767	0.00887	0.00593	0.00504	0.00340	0.00166	0.00422	0.00298	0.00340	0.00593
54	0.01888	0.01411	0.01507	0.01187	0.01585	0.01571	0.00970	0.61275	0.14883	0.03147	0.01454	0.01432	0.01050	0.00658	0.00533	0.00163	0.00552	0.00504	0.03342	0.00888
55	0.84927	0.01038	0.00789	0.00706	0.01038	0.01204	0.00581	0.01578	0.00914	0.02408	0.00747	0.00872	0.00581	0.00498	0.00332	0.00166	0.00415	0.00291	0.00332	0.00581
56	0.00654	0.00467	0.00623	0.00747	0.00779	0.00436	0.00498	0.00747	0.01028	0.01370	0.02959	0.80785	0.03550	0.01682	0.00685	0.00218	0.00311	0.01526	0.00498	0.00436
57	0.00767	0.00575	0.00863	0.00863	0.00959	0.00671	0.00671	0.00959	0.00863	0.01246	0.01438	0.02109	0.01342	0.04026	0.79008	0.00863	0.01438	0.00575	0.00288	0.00479
58	0.00752	0.00548	0.00706	0.00667	0.00797	0.00503	0.00500	0.00997	0.01500	0.02107	0.72796	0.04085	0.09801	0.01115	0.00633	0.00170	0.00254	0.00981	0.00585	0.00503
59	0.01435	0.81458	0.02813	0.00918	0.01378	0.02124	0.00918	0.01607	0.01091	0.01263	0.00746	0.00861	0.00689	0.00459	0.00344	0.00115	0.00574	0.00287	0.00230	0.00689
60	0.02069	0.01457	0.01582	0.01213	0.01642	0.01596	0.01002	0.70239	0.02446	0.09251	0.01354	0.01331	0.00946	0.00646	0.00537	0.00161	0.00580	0.00488	0.00547	0.00913
61	0.00634	0.00544	0.00544	0.00544	0.00725	0.00453	0.00408	0.00770	0.01224	0.01450	0.05438	0.05166	0.77569	0.01359	0.00634	0.00181	0.00272	0.01133	0.00498	0.00453
62	0.00733	0.00524	0.00714	0.00838	0.00903	0.00504	0.00636	0.00884	0.01106	0.01459	0.02915	0.52806	0.03378	0.01607	0.00706	0.00229	0.00380	0.28725	0.00497	0.00458
63	0.01077	0.02777	0.78354	0.01530	0.02323	0.01247	0.01983	0.01700	0.01133	0.01700	0.00963	0.01133	0.00680	0.00510	0.00510	0.00170	0.00793	0.00397	0.00227	0.00793
64	0.01995	0.01460	0.01562	0.01203	0.01619	0.01614	0.00992	0.72728	0.02463	0.03323	0.01309	0.01320	0.00933	0.00644	0.00530	0.00160	0.00576	0.00484	0.04192	0.00895
65	0.01267	0.01448	0.03167	0.02262	0.02805	0.01357	0.75837	0.01719	0.01267	0.01719	0.01086	0.01448	0.00814	0.00452	0.00633	0.00181	0.00905	0.00633	0.00271	0.00724
66	0.84927	0.01038	0.00789	0.00706	0.01038	0.01204	0.00581	0.01578	0.00914	0.02408	0.00747	0.00872	0.00581	0.00498	0.00332	0.00166	0.00415	0.00291	0.00332	0.00581
67	0.00641	0.00544	0.00553	0.00551	0.00729	0.00456	0.00413	0.00784	0.01240	0.01489	0.09410	0.05102	0.73573	0.01345	0.00634	0.00181	0.00271	0.01124	0.00504	0.00456
68	0.00634	0.00544	0.00544	0.00544	0.00725	0.00453	0.00408	0.00770	0.01224	0.01450	0.05438	0.05166	0.77569	0.01359	0.00634	0.00181	0.00272	0.01133	0.00498	0.00453
69	0.00760	0.00549	0.00718	0.00675	0.00802	0.00506	0.00506	0.01013	0.01519	0.02153	0.77503	0.04010	0.05065	0.01097	0.00633	0.00169	0.00253	0.00971	0.00591	0.00506
70	0.01329	0.01275	0.02179	0.03295	0.77787	0.01275	0.01647	0.01647	0.01222	0.01754	0.01010	0.01329	0.00850	0.00478	0.00531	0.00159	0.00638	0.00478	0.00266	0.00850
71	0.00753	0.00548	0.00709	0.00669	0.00798	0.00504	0.00502	0.01001	0.01505	0.02117	0.73891	0.04068	0.08700	0.01111	0.00633	0.00169	0.00254	0.00979	0.00586	0.00504
72	0.01024	0.00949	0.01589	0.74373	0.06113	0.01170	0.01456	0.01377	0.01080	0.01407	0.00985	0.01448	0.00744	0.00538	0.00531	0.00176	0.00696	0.00478	0.03263	0.00602
73	0.01001	0.00500	0.00500	0.00500	0.00625	0.00500	0.00375	0.01251	0.01126	0.02001	0.01751	0.02001	0.01376	0.00625	0.00375	0.00125	0.00250	0.00500	0.84115	0.00500
74	0.00654	0.00467	0.00623	0.00747	0.00779	0.00436	0.00498	0.00747	0.01028	0.01370	0.02959	0.80785	0.03550	0.01682	0.00685	0.00218	0.00311	0.01526	0.00498	0.00436
75	0.76379	0.01064	0.00853	0.00747	0.01083	0.01225	0.00615	0.07503	0.01056	0.02480	0.02555	0.00977	0.00711	0.00524	0.00355	0.00166	0.00426	0.00322	0.00354	0.00606
76	0.01001	0.00500	0.00500	0.00500	0.00625	0.00500	0.00375	0.01251	0.01126	0.02001	0.01751	0.02001	0.01376	0.00625	0.00375	0.00125	0.00250	0.00500	0.84115	0.00500
77	0.84927	0.01038	0.00789	0.00706	0.01038	0.01204	0.00581	0.01578	0.00914	0.02408	0.00747	0.00872	0.00581	0.00498	0.00332	0.00166	0.00415	0.00291	0.00332	0.00581
78	0.84927	0.01038	0.00789	0.00706	0.01038	0.01204	0.00581	0.01578	0.00914	0.02408	0.00747	0.00872	0.00581	0.00498	0.00332	0.00166	0.00415	0.00291	0.00332	0.00581
79	0.03641	0.01178	0.01253	0.01081	0.01410	0.01329	0.00854	0.16023	0.54381	0.06728	0.02099	0.01948	0.04200	0.00726	0.00542	0.00177	0.00451	0.00591	0.00544	0.00844
80	0.82195	0.01053	0.00816	0.00723	0.01059	0.01219	0.00596	0.04031	0.00967	0.02441	0.00765	0.00886	0.00592	0.00503	0.00339	0.00166	0.00421	0.00297	0.00339	0.00592
81	0.02007	0.02508	0.01525	0.01376	0.01660	0.75258	0.01036	0.05699	0.01569	0.01413	0.00852	0.00983	0.00702	0.00558	0.00487	0.00139	0.00950	0.00352	0.00289	0.00636
82	0.00674	0.00581	0.00619	0.00607	0.00775	0.00526	0.00464	0.00815	0.01211	0.01468	0.07490	0.04921	0.69250	0.01330	0.00700	0.00185	0.04801	0.02635	0.00486	0.00463
83	0.00856	0.00611	0.00854	0.00978	0.01098	0.00610	0.00849	0.01096	0.01227	0.01596	0.02847	0.09323	0.03109	0.01492	0.00739	0.00246	0.00486	0.70996	0.00494	0.00492
84	0.01001	0.00500	0.00500	0.00500	0.00625	0.00500	0.00375	0.01251	0.01126	0.02001	0.01751	0.02001	0.01376	0.00625	0.00375	0.00125	0.00250	0.00500	0.84115	0.00500
85	0.01876	0.01362	0.01565	0.01388	0.09236	0.01478	0.01029	0.55176	0.06411	0.08110	0.01462	0.05873	0.01125	0.00693	0.00546	0.00166	0.00561	0.00553	0.00517	0.00876
86	0.01233	0.14361	0.35726	0.09665	0.15282	0.01396	0.01568	0.06227	0.04799	0.01730	0.01053	0.02760	0.00830	0.00541	0.00497	0.00161	0.00685	0.00439	0.00275	0.00770
87	0.01001	0.00500	0.00500	0.00500	0.00625	0.00500	0.00375	0.01251	0.01126	0.02001	0.01751	0.02001	0.01376	0.00625	0.00375	0.00125	0.00250	0.00500	0.84115	0.00500
88	0.82195	0.01053	0.00816	0.00723	0.01059	0.01219	0.00596	0.04031	0.00967	0.02441	0.00765	0.00886	0.00592	0.00503	0.00339	0.00166	0.00421	0.00297	0.00339	0.00592
89	0.84927	0.01038	0.00789	0.00706	0.01038	0.01204	0.00581	0.01578	0.00914	0.02408	0.00747	0.00872	0.00581	0.00498	0.00332	0.00166	0.00415	0.00291	0.00332	0.00581
90	0.01005	0.00942	0.01586	0.77904	0.03625	0.01174	0.01466	0.01356	0.01072	0.01371	0.01003	0.03378	0.00785	0.00565	0.00540	0.00180	0.00706	0.00503	0.00245	0.00592
91	0.82600	0.01025	0.00787	0.00705	0.01032	0.01185	0.00579	0.01562	0.00930	0.02401	0.02869	0.00959	0.00705	0.00515	0.00341	0.00166	0.00411	0.00309	0.00339	0.00579
92	0.01159	0.01157	0.01614	0.01385	0.01390	0.01611	0.01153	0.01277	0.00833	0.01296	0.00835	0.01285	0.02829	0.00951	0.01730	0.00233	0.77945	0.00488	0.00242	0.00583
93	0.00872	0.00663	0.00808	0.04898	0.01055	0.00680	0.00615	0.04566	0.12199	0.01757	0.14300	0.36609	0.10470	0.01251	0.00621	0.00192	0.00348	0.02227	0.05326	0.00543

[dist]
# distance from previous block
# <min> <max>
0	9

# created by:
# /st0/software/busco_prod/Augustus/scripts/msa2prfl.pl ./align_prep/192752.fa
