[name]
unknown

[dist]
# distance from previous block
# <min> <max>
0	79

[block]
# block no. 0 follows, 45 sequences, length 8
# corresponding to MSA columns:
# 91-98
name=unknown_A
#
# <colnr> <probs for GDERKNQSTAVLIFYWHMCP>
#	G	D	E	R	K	N	Q	S	T	A	V	L	I	F	Y	W	H	M	C	P
0	0.00865	0.00618	0.00865	0.00989	0.01112	0.00618	0.00865	0.01112	0.01236	0.01606	0.02842	0.06055	0.03089	0.01483	0.00741	0.00247	0.00494	0.74174	0.00494	0.00494
1	0.01320	0.01300	0.02319	0.03148	0.67125	0.01287	0.12197	0.01658	0.01229	0.01749	0.01021	0.01346	0.00845	0.00475	0.00546	0.00162	0.00676	0.00500	0.00267	0.00832
2	0.00712	0.00534	0.00671	0.00743	0.00848	0.00493	0.00564	0.00872	0.01186	0.01536	0.11799	0.33478	0.23750	0.01481	0.00679	0.00210	0.00339	0.19134	0.00508	0.00463
3	0.01346	0.01017	0.03774	0.00966	0.01262	0.01026	0.00784	0.06007	0.37481	0.13382	0.19504	0.02560	0.06899	0.00830	0.00569	0.00175	0.00402	0.00698	0.00559	0.00758
4	0.00932	0.00466	0.00699	0.00699	0.00699	0.00466	0.00466	0.00699	0.00699	0.00932	0.00932	0.01632	0.00932	0.01865	0.02098	0.84382	0.00466	0.00466	0.00233	0.00233
5	0.10104	0.04659	0.01913	0.02527	0.51094	0.14339	0.01375	0.01768	0.04132	0.01747	0.00987	0.01228	0.00820	0.00502	0.00496	0.00156	0.00659	0.00434	0.00284	0.00778
6	0.01518	0.01673	0.02117	0.02600	0.45656	0.24004	0.11239	0.01802	0.01316	0.01621	0.00967	0.01239	0.00799	0.00497	0.00531	0.00156	0.00769	0.00460	0.00270	0.00767
7	0.05799	0.06165	0.01861	0.01806	0.19565	0.29881	0.09740	0.06364	0.04009	0.01709	0.00978	0.01164	0.00792	0.00515	0.00495	0.00146	0.00745	0.00419	0.00302	0.07542

[dist]
# distance from previous block
# <min> <max>
9	20

[block]
# block no. 1 follows, 45 sequences, length 8
# corresponding to MSA columns:
# 119-126
name=unknown_B
#
# <colnr> <probs for GDERKNQSTAVLIFYWHMCP>
#	G	D	E	R	K	N	Q	S	T	A	V	L	I	F	Y	W	H	M	C	P
0	0.07953	0.27741	0.01858	0.04420	0.01573	0.33765	0.00947	0.05959	0.01337	0.01536	0.00838	0.00976	0.00705	0.00509	0.00425	0.00131	0.00717	0.00333	0.00282	0.07993
1	0.00879	0.00812	0.00774	0.00847	0.00923	0.13211	0.00586	0.00989	0.01135	0.01404	0.06655	0.63643	0.03168	0.01467	0.00650	0.00202	0.00415	0.01304	0.00467	0.00470
2	0.01194	0.14101	0.01576	0.00964	0.01432	0.01043	0.07281	0.01528	0.06300	0.01701	0.01016	0.01162	0.00837	0.00435	0.00420	0.00101	0.00473	0.00360	0.00315	0.57760
3	0.00835	0.00591	0.00671	0.00620	0.00697	0.00552	0.00376	0.00873	0.00835	0.01156	0.01571	0.03123	0.01763	0.68007	0.02353	0.00449	0.00500	0.00705	0.00324	0.13999
4	0.12250	0.16774	0.27711	0.03592	0.01892	0.14057	0.07824	0.01810	0.06346	0.01678	0.00967	0.01118	0.00749	0.00517	0.00466	0.00156	0.00714	0.00392	0.00275	0.00711
5	0.01454	0.04291	0.07811	0.03931	0.11270	0.15533	0.07966	0.04788	0.04524	0.09399	0.11029	0.03035	0.01455	0.00669	0.00646	0.00165	0.07677	0.00543	0.00371	0.03444
6	0.05541	0.20601	0.20007	0.01304	0.03239	0.05415	0.09238	0.06860	0.03764	0.09642	0.04180	0.01314	0.00991	0.00562	0.00528	0.00156	0.03489	0.00442	0.00334	0.02394
7	0.04980	0.23975	0.20727	0.01157	0.02936	0.06126	0.02769	0.07230	0.01312	0.06932	0.10992	0.01568	0.02631	0.00693	0.02240	0.00168	0.02040	0.00473	0.00343	0.00708

[dist]
# distance from previous block
# <min> <max>
4	40

[block]
# block no. 2 follows, 45 sequences, length 72
# corresponding to MSA columns:
# 168-239
name=unknown_C
#
# <colnr> <probs for GDERKNQSTAVLIFYWHMCP>
#	G	D	E	R	K	N	Q	S	T	A	V	L	I	F	Y	W	H	M	C	P
0	0.04000	0.06127	0.05928	0.06173	0.08337	0.08291	0.05671	0.15463	0.03347	0.05934	0.03035	0.04127	0.01110	0.00616	0.00520	0.00153	0.02258	0.00501	0.12209	0.06201
1	0.03925	0.18837	0.11025	0.02235	0.01431	0.06232	0.00931	0.10013	0.03568	0.01751	0.02910	0.09417	0.03935	0.03315	0.00579	0.00157	0.02568	0.00535	0.00344	0.16294
2	0.18412	0.31610	0.09965	0.01081	0.01513	0.01574	0.07179	0.10252	0.01237	0.01857	0.02816	0.02986	0.00907	0.02356	0.00511	0.00157	0.02601	0.00413	0.00309	0.02265
3	0.01426	0.16668	0.05139	0.03123	0.01538	0.05939	0.05125	0.14387	0.07775	0.05622	0.03659	0.07383	0.01236	0.02194	0.00629	0.00162	0.06321	0.00534	0.00380	0.10762
4	0.01422	0.30936	0.12219	0.06970	0.12467	0.01586	0.04656	0.09386	0.03213	0.05319	0.01008	0.01167	0.00801	0.00519	0.00491	0.00146	0.02619	0.00404	0.00301	0.04371
5	0.01540	0.04216	0.02720	0.03193	0.01398	0.07990	0.00826	0.07429	0.12792	0.19155	0.03984	0.05283	0.05183	0.02360	0.00622	0.00162	0.04442	0.00563	0.00458	0.15686
6	0.01263	0.02764	0.01538	0.05580	0.22729	0.01009	0.06933	0.06767	0.05391	0.09435	0.03745	0.11688	0.11389	0.02079	0.00600	0.00175	0.00517	0.00720	0.00408	0.05271
7	0.01350	0.13952	0.09269	0.09413	0.22667	0.09846	0.20866	0.01719	0.02900	0.01591	0.00986	0.01255	0.00788	0.00491	0.00523	0.00159	0.00750	0.00470	0.00263	0.00739
8	0.00785	0.00611	0.00721	0.00796	0.00877	0.02370	0.00552	0.03154	0.07849	0.01510	0.02929	0.65421	0.07334	0.01523	0.00661	0.00209	0.00343	0.01365	0.00499	0.00492
9	0.02053	0.00865	0.01148	0.00906	0.01257	0.00773	0.00733	0.05744	0.01543	0.58952	0.13826	0.02226	0.01923	0.04702	0.00662	0.00184	0.00434	0.00616	0.00630	0.00821
10	0.01198	0.15925	0.37769	0.02967	0.03390	0.05284	0.09534	0.01650	0.03368	0.01574	0.01092	0.04994	0.00924	0.00609	0.00588	0.00169	0.05703	0.02277	0.00265	0.00721
11	0.01797	0.01420	0.04750	0.01249	0.01655	0.01469	0.06360	0.56877	0.02166	0.04603	0.02872	0.03284	0.01113	0.04841	0.02849	0.00202	0.00626	0.00543	0.00491	0.00834
12	0.00749	0.00512	0.00600	0.00627	0.00642	0.00505	0.00375	0.00779	0.00850	0.01130	0.02073	0.19791	0.04746	0.59463	0.04541	0.00456	0.00496	0.00943	0.00366	0.00357
13	0.01169	0.01394	0.08529	0.15686	0.04519	0.01256	0.50164	0.01594	0.01216	0.01651	0.02834	0.05225	0.01011	0.00545	0.00607	0.00181	0.00815	0.00634	0.00280	0.00692
14	0.05825	0.03637	0.08448	0.02794	0.01634	0.01240	0.05006	0.23189	0.03108	0.29752	0.01488	0.01472	0.01022	0.00636	0.00606	0.00169	0.06062	0.00491	0.02593	0.00829
15	0.01216	0.01559	0.11923	0.02105	0.02654	0.01301	0.63593	0.01672	0.01240	0.01701	0.01159	0.05124	0.00927	0.00517	0.00621	0.00181	0.00864	0.00647	0.00277	0.00719
16	0.84927	0.01038	0.00789	0.00706	0.01038	0.01204	0.00581	0.01578	0.00914	0.02408	0.00747	0.00872	0.00581	0.00498	0.00332	0.00166	0.00415	0.00291	0.00332	0.00581
17	0.01735	0.29367	0.01917	0.01184	0.01521	0.46487	0.00968	0.01953	0.05081	0.01347	0.01010	0.01112	0.03105	0.00555	0.00444	0.00134	0.00785	0.00363	0.00281	0.00651
18	0.01434	0.01396	0.02093	0.04551	0.53737	0.09965	0.08434	0.01766	0.02965	0.05312	0.01109	0.01431	0.00909	0.00519	0.00540	0.00162	0.00685	0.01891	0.00296	0.00803
19	0.00665	0.00472	0.00619	0.00733	0.00761	0.00444	0.00483	0.00750	0.01005	0.01341	0.02844	0.73815	0.03406	0.08848	0.00870	0.00245	0.00330	0.01459	0.00483	0.00426
20	0.02408	0.00914	0.01246	0.00955	0.01370	0.00789	0.00789	0.02616	0.01536	0.78158	0.02118	0.01827	0.01329	0.00664	0.00540	0.00166	0.00457	0.00540	0.00664	0.00914
21	0.01069	0.02574	0.69907	0.01521	0.02259	0.01208	0.05207	0.01660	0.01152	0.01706	0.02669	0.01427	0.00886	0.00563	0.00528	0.00174	0.00774	0.03697	0.00248	0.00771
22	0.05151	0.31107	0.36132	0.01198	0.01775	0.04405	0.01361	0.05585	0.01208	0.01653	0.02897	0.01217	0.03126	0.00540	0.00449	0.00148	0.00663	0.00391	0.00268	0.00728
23	0.84927	0.01038	0.00789	0.00706	0.01038	0.01204	0.00581	0.01578	0.00914	0.02408	0.00747	0.00872	0.00581	0.00498	0.00332	0.00166	0.00415	0.00291	0.00332	0.00581
24	0.01279	0.01225	0.02089	0.15411	0.66060	0.01262	0.01623	0.01604	0.01199	0.01693	0.01001	0.01345	0.00829	0.00488	0.00532	0.00163	0.00650	0.00478	0.00261	0.00810
25	0.00769	0.00568	0.00826	0.00826	0.00910	0.00651	0.00626	0.00935	0.00852	0.01219	0.01471	0.02292	0.01422	0.14104	0.69038	0.00818	0.01318	0.00602	0.00292	0.00459
26	0.05078	0.01159	0.04833	0.43155	0.04364	0.01323	0.11145	0.03044	0.01075	0.01514	0.00918	0.01336	0.00725	0.00608	0.00795	0.00189	0.17369	0.00484	0.00253	0.00630
27	0.01082	0.02740	0.76256	0.01550	0.02337	0.01250	0.04043	0.01701	0.01137	0.01701	0.00967	0.01142	0.00684	0.00508	0.00513	0.00170	0.00796	0.00403	0.00228	0.00791
28	0.02408	0.00914	0.01246	0.00955	0.01370	0.00789	0.00789	0.02616	0.01536	0.78158	0.02118	0.01827	0.01329	0.00664	0.00540	0.00166	0.00457	0.00540	0.00664	0.00914
29	0.00654	0.00467	0.00623	0.00747	0.00779	0.00436	0.00498	0.00747	0.01028	0.01370	0.02959	0.80785	0.03550	0.01682	0.00685	0.00218	0.00311	0.01526	0.00498	0.00436
30	0.70671	0.01094	0.00910	0.00786	0.01131	0.01253	0.00646	0.10462	0.03456	0.04222	0.00887	0.00978	0.00670	0.00526	0.00368	0.00166	0.00437	0.00329	0.00371	0.00636
31	0.01313	0.01260	0.02151	0.07005	0.74196	0.01271	0.01640	0.01634	0.01215	0.01735	0.01007	0.01334	0.00844	0.00481	0.00532	0.00160	0.00641	0.00478	0.00264	0.00838
32	0.00932	0.00466	0.00699	0.00699	0.00699	0.00466	0.00466	0.00699	0.00699	0.00932	0.00932	0.01632	0.00932	0.01865	0.02098	0.84382	0.00466	0.00466	0.00233	0.00233
33	0.01077	0.02777	0.78354	0.01530	0.02323	0.01247	0.01983	0.01700	0.01133	0.01700	0.00963	0.01133	0.00680	0.00510	0.00510	0.00170	0.00793	0.00397	0.00227	0.00793
34	0.03696	0.01065	0.01291	0.01026	0.01418	0.01058	0.00836	0.14805	0.17676	0.48199	0.01968	0.01757	0.01311	0.00671	0.00537	0.00169	0.00471	0.00540	0.00612	0.00894
35	0.02387	0.00949	0.01267	0.00972	0.01388	0.00841	0.00803	0.06968	0.01595	0.73724	0.02069	0.01795	0.01304	0.00663	0.00540	0.00166	0.00465	0.00536	0.00657	0.00913
36	0.00649	0.00486	0.00603	0.00697	0.00765	0.00440	0.00476	0.00753	0.01076	0.01390	0.03571	0.62102	0.21838	0.01602	0.00673	0.00209	0.00302	0.01429	0.00498	0.00440
37	0.01387	0.01313	0.01144	0.01060	0.01299	0.19917	0.00810	0.04216	0.31148	0.04940	0.04385	0.10191	0.04963	0.04670	0.00668	0.00194	0.00549	0.06001	0.00466	0.00680
38	0.00657	0.00476	0.00623	0.00739	0.00782	0.00441	0.00500	0.00757	0.01046	0.01381	0.03129	0.73842	0.08711	0.01655	0.00683	0.00216	0.00313	0.03113	0.00498	0.00438
39	0.01054	0.00735	0.02853	0.02423	0.01174	0.00689	0.00818	0.01393	0.06580	0.10454	0.14201	0.04722	0.06644	0.01229	0.00673	0.00215	0.00449	0.42597	0.00521	0.00576
40	0.01113	0.00954	0.01113	0.00795	0.01272	0.00716	0.00636	0.01352	0.01113	0.01749	0.00954	0.01113	0.00795	0.00398	0.00398	0.00080	0.00398	0.00318	0.00318	0.84417
41	0.07207	0.29743	0.32029	0.01408	0.06030	0.03370	0.07863	0.03741	0.01167	0.01641	0.00892	0.01059	0.00704	0.00490	0.00452	0.00150	0.00690	0.00377	0.00251	0.00739
42	0.01545	0.05917	0.01691	0.15442	0.19022	0.30587	0.01201	0.08069	0.01429	0.01653	0.05994	0.02891	0.01092	0.00594	0.00515	0.00154	0.00737	0.00471	0.00312	0.00686
43	0.02303	0.00921	0.01236	0.00947	0.01364	0.00794	0.00780	0.02538	0.02928	0.71718	0.02043	0.01784	0.01300	0.00648	0.00531	0.00161	0.00452	0.00527	0.00639	0.06387
44	0.00764	0.00641	0.02368	0.00753	0.03206	0.00563	0.00555	0.01039	0.04897	0.01862	0.42309	0.07790	0.28932	0.01164	0.00626	0.00176	0.00294	0.01007	0.00536	0.00518
45	0.00656	0.00473	0.00622	0.00737	0.00777	0.00439	0.00495	0.00756	0.01050	0.01396	0.05222	0.75561	0.06525	0.01652	0.00682	0.00215	0.00308	0.01494	0.00501	0.00439
46	0.01152	0.01143	0.01601	0.01380	0.01384	0.01592	0.01146	0.01271	0.00827	0.01292	0.00771	0.02835	0.00781	0.01041	0.03890	0.00252	0.76321	0.00494	0.00242	0.00581
47	0.01077	0.02777	0.78354	0.01530	0.02323	0.01247	0.01983	0.01700	0.01133	0.01700	0.00963	0.01133	0.00680	0.00510	0.00510	0.00170	0.00793	0.00397	0.00227	0.00793
48	0.01267	0.01448	0.03167	0.02262	0.02805	0.01357	0.75837	0.01719	0.01267	0.01719	0.01086	0.01448	0.00814	0.00452	0.00633	0.00181	0.00905	0.00633	0.00271	0.00724
49	0.01329	0.01275	0.02179	0.03295	0.77787	0.01275	0.01647	0.01647	0.01222	0.01754	0.01010	0.01329	0.00850	0.00478	0.00531	0.00159	0.00638	0.00478	0.00266	0.00850
50	0.02408	0.00914	0.01246	0.00955	0.01370	0.00789	0.00789	0.02616	0.01536	0.78158	0.02118	0.01827	0.01329	0.00664	0.00540	0.00166	0.00457	0.00540	0.00664	0.00914
51	0.01267	0.01448	0.03167	0.02262	0.02805	0.01357	0.75837	0.01719	0.01267	0.01719	0.01086	0.01448	0.00814	0.00452	0.00633	0.00181	0.00905	0.00633	0.00271	0.00724
52	0.00730	0.00545	0.00679	0.00651	0.00785	0.00493	0.00486	0.00954	0.01441	0.01980	0.60049	0.07121	0.19760	0.01173	0.00635	0.00173	0.00259	0.01025	0.00569	0.00493
53	0.00659	0.00469	0.00621	0.00741	0.00771	0.00439	0.00491	0.00749	0.01018	0.01357	0.02908	0.77725	0.03487	0.04828	0.00766	0.00230	0.00320	0.01496	0.00491	0.00432
54	0.00653	0.00469	0.00621	0.00741	0.00777	0.00437	0.00496	0.00748	0.01033	0.01373	0.03032	0.78557	0.05731	0.01672	0.00684	0.00217	0.00310	0.01514	0.00498	0.00437
55	0.01077	0.02777	0.78354	0.01530	0.02323	0.01247	0.01983	0.01700	0.01133	0.01700	0.00963	0.01133	0.00680	0.00510	0.00510	0.00170	0.00793	0.00397	0.00227	0.00793
56	0.00662	0.00515	0.00603	0.00651	0.00764	0.00456	0.00466	0.00797	0.01179	0.01503	0.12705	0.35469	0.37700	0.01462	0.00657	0.00196	0.00291	0.02960	0.00509	0.00453
57	0.84927	0.01038	0.00789	0.00706	0.01038	0.01204	0.00581	0.01578	0.00914	0.02408	0.00747	0.00872	0.00581	0.00498	0.00332	0.00166	0.00415	0.00291	0.00332	0.00581
58	0.01340	0.57911	0.21751	0.01184	0.05227	0.01864	0.01220	0.01632	0.01108	0.01396	0.00813	0.00952	0.00694	0.00473	0.00395	0.00131	0.00632	0.00324	0.00231	0.00723
59	0.02032	0.01033	0.01264	0.01011	0.01399	0.01013	0.00820	0.09144	0.22117	0.47813	0.02016	0.01799	0.01355	0.00669	0.00536	0.00167	0.00458	0.00544	0.00607	0.04202
60	0.00932	0.00466	0.00699	0.00699	0.00699	0.00466	0.00466	0.00699	0.00699	0.00932	0.00932	0.01632	0.00932	0.01865	0.02098	0.84382	0.00466	0.00466	0.00233	0.00233
61	0.07030	0.01825	0.01608	0.08963	0.16455	0.37191	0.01161	0.08349	0.03537	0.03635	0.00975	0.01163	0.00780	0.00568	0.00558	0.00157	0.04623	0.00410	0.00313	0.00699
62	0.02392	0.00939	0.01262	0.00967	0.01383	0.00827	0.00799	0.05829	0.01580	0.74885	0.02081	0.01803	0.01311	0.00664	0.00540	0.00166	0.00463	0.00537	0.00659	0.00913
63	0.00660	0.00476	0.00625	0.00732	0.00777	0.00442	0.00494	0.00766	0.01070	0.01427	0.08088	0.71861	0.07340	0.01626	0.00679	0.00213	0.00306	0.01469	0.00505	0.00442
64	0.01279	0.01213	0.02006	0.06749	0.52315	0.01244	0.07310	0.01775	0.11902	0.01791	0.01296	0.01741	0.01095	0.00579	0.00555	0.00171	0.00624	0.05231	0.00319	0.00804
65	0.02408	0.00914	0.01246	0.00955	0.01370	0.00789	0.00789	0.02616	0.01536	0.78158	0.02118	0.01827	0.01329	0.00664	0.00540	0.00166	0.00457	0.00540	0.00664	0.00914
66	0.04662	0.00922	0.01230	0.00948	0.01355	0.00814	0.00782	0.04161	0.01540	0.72766	0.03693	0.01836	0.01380	0.00669	0.00536	0.00166	0.00454	0.00541	0.00651	0.00895
67	0.01390	0.01187	0.01218	0.01088	0.01394	0.03972	0.00847	0.04395	0.68406	0.04558	0.02196	0.02024	0.03443	0.00734	0.00546	0.00180	0.00444	0.00606	0.00539	0.00835
68	0.01071	0.00992	0.01636	0.72097	0.03515	0.01206	0.03312	0.04907	0.01148	0.01485	0.00973	0.01416	0.00729	0.00536	0.00535	0.00175	0.00706	0.00477	0.00256	0.02826
69	0.02351	0.00927	0.01243	0.00956	0.01361	0.00817	0.00786	0.05473	0.01556	0.73163	0.02074	0.01850	0.01329	0.02786	0.00598	0.00175	0.00464	0.00544	0.00650	0.00898
70	0.01317	0.01127	0.01194	0.01076	0.01370	0.01297	0.00835	0.04239	0.71389	0.02243	0.04104	0.04118	0.01761	0.00761	0.00552	0.00182	0.00421	0.00638	0.00546	0.00831
71	0.06730	0.04225	0.61322	0.01523	0.02236	0.01259	0.10161	0.01672	0.01135	0.01735	0.01053	0.01231	0.02318	0.00520	0.00511	0.00170	0.00765	0.00429	0.00245	0.00762

[dist]
# distance from previous block
# <min> <max>
0	16

[block]
# block no. 3 follows, 45 sequences, length 7
# corresponding to MSA columns:
# 256-262
name=unknown_D
#
# <colnr> <probs for GDERKNQSTAVLIFYWHMCP>
#	G	D	E	R	K	N	Q	S	T	A	V	L	I	F	Y	W	H	M	C	P
0	0.00686	0.00488	0.00614	0.00695	0.00732	0.00460	0.00453	0.00768	0.01004	0.01333	0.06056	0.55039	0.07809	0.19892	0.01150	0.00283	0.00354	0.01306	0.00463	0.00415
1	0.01127	0.20161	0.28492	0.01400	0.06662	0.01295	0.10899	0.01520	0.01235	0.01709	0.18518	0.01784	0.01718	0.00624	0.00517	0.00158	0.00623	0.00539	0.00319	0.00698
2	0.01067	0.00903	0.01161	0.03664	0.01352	0.00777	0.03286	0.03854	0.01108	0.01676	0.01081	0.01371	0.00923	0.01247	0.18477	0.00269	0.00672	0.00399	0.00314	0.56399
3	0.01653	0.01252	0.01393	0.03071	0.03763	0.01381	0.00930	0.37625	0.26149	0.05796	0.01686	0.05818	0.01322	0.02859	0.00603	0.00179	0.00515	0.00584	0.00517	0.02906
4	0.00868	0.00466	0.00682	0.00710	0.00718	0.00459	0.00474	0.00710	0.00775	0.01033	0.01398	0.19818	0.01534	0.01823	0.01773	0.65045	0.00431	0.00710	0.00294	0.00280
5	0.05931	0.03390	0.01027	0.00827	0.01118	0.00753	0.00647	0.04683	0.01289	0.29150	0.02298	0.21317	0.08752	0.03902	0.00628	0.00179	0.00405	0.00790	0.00510	0.12403
6	0.01416	0.09581	0.53693	0.01342	0.02017	0.01222	0.01611	0.01902	0.01222	0.19227	0.01209	0.01268	0.00830	0.00541	0.00502	0.00164	0.00696	0.00419	0.00328	0.00811

[dist]
# distance from previous block
# <min> <max>
0	7

[block]
# block no. 4 follows, 45 sequences, length 32
# corresponding to MSA columns:
# 270-301
name=unknown_E
#
# <colnr> <probs for GDERKNQSTAVLIFYWHMCP>
#	G	D	E	R	K	N	Q	S	T	A	V	L	I	F	Y	W	H	M	C	P
0	0.05950	0.00926	0.01235	0.03014	0.01417	0.00830	0.00800	0.02544	0.03252	0.71070	0.02029	0.01779	0.01287	0.00655	0.00531	0.00167	0.00461	0.00529	0.00636	0.00889
1	0.00932	0.00466	0.00699	0.00699	0.00699	0.00466	0.00466	0.00699	0.00699	0.00932	0.00932	0.01632	0.00932	0.01865	0.02098	0.84382	0.00466	0.00466	0.00233	0.00233
2	0.00769	0.00624	0.00692	0.00665	0.00841	0.00587	0.00501	0.01125	0.11265	0.01789	0.29214	0.06197	0.41367	0.01196	0.00624	0.00178	0.00287	0.01019	0.00536	0.00523
3	0.01335	0.01153	0.01214	0.01092	0.01396	0.01335	0.00850	0.02852	0.76817	0.02245	0.02185	0.02003	0.01639	0.00728	0.00546	0.00182	0.00425	0.00607	0.00546	0.00850
4	0.00654	0.00467	0.00623	0.00747	0.00779	0.00436	0.00498	0.00747	0.01028	0.01370	0.02959	0.80785	0.03550	0.01682	0.00685	0.00218	0.00311	0.01526	0.00498	0.00436
5	0.75551	0.01024	0.00841	0.00734	0.01076	0.01157	0.00605	0.01696	0.00984	0.11015	0.00903	0.00981	0.00666	0.00517	0.00356	0.00166	0.00420	0.00319	0.00370	0.00619
6	0.01014	0.00954	0.01610	0.79845	0.03697	0.01193	0.01491	0.01371	0.01073	0.01371	0.00954	0.01431	0.00716	0.00537	0.00537	0.00179	0.00716	0.00477	0.00239	0.00596
7	0.02294	0.00955	0.01254	0.00977	0.01382	0.00869	0.00802	0.04915	0.08814	0.68531	0.02098	0.01827	0.01346	0.00670	0.00540	0.00167	0.00458	0.00545	0.00649	0.00907
8	0.01267	0.01448	0.03167	0.02262	0.02805	0.01357	0.75837	0.01719	0.01267	0.01719	0.01086	0.01448	0.00814	0.00452	0.00633	0.00181	0.00905	0.00633	0.00271	0.00724
9	0.00654	0.00467	0.00623	0.00747	0.00779	0.00436	0.00498	0.00747	0.01028	0.01370	0.02959	0.80785	0.03550	0.01682	0.00685	0.00218	0.00311	0.01526	0.00498	0.00436
10	0.02005	0.02558	0.01521	0.01383	0.01659	0.78980	0.01037	0.02143	0.01521	0.01314	0.00830	0.00968	0.00691	0.00553	0.00484	0.00138	0.00968	0.00346	0.00277	0.00622
11	0.00777	0.00534	0.00653	0.00653	0.00677	0.00557	0.00410	0.00824	0.00801	0.01091	0.01629	0.03169	0.01802	0.62260	0.21404	0.00604	0.00745	0.00730	0.00316	0.00363
12	0.84927	0.01038	0.00789	0.00706	0.01038	0.01204	0.00581	0.01578	0.00914	0.02408	0.00747	0.00872	0.00581	0.00498	0.00332	0.00166	0.00415	0.00291	0.00332	0.00581
13	0.01077	0.02777	0.78354	0.01530	0.02323	0.01247	0.01983	0.01700	0.01133	0.01700	0.00963	0.01133	0.00680	0.00510	0.00510	0.00170	0.00793	0.00397	0.00227	0.00793
14	0.01113	0.00954	0.01113	0.00795	0.01272	0.00716	0.00636	0.01352	0.01113	0.01749	0.00954	0.01113	0.00795	0.00398	0.00398	0.00080	0.00398	0.00318	0.00318	0.84417
15	0.04554	0.70287	0.05312	0.00929	0.01371	0.01962	0.00928	0.01567	0.01071	0.01321	0.00799	0.00953	0.00727	0.00696	0.05500	0.00168	0.00632	0.00310	0.00237	0.00675
16	0.01821	0.01374	0.01454	0.01246	0.05210	0.06908	0.00962	0.50664	0.02105	0.07302	0.01571	0.06800	0.02950	0.00747	0.00547	0.00166	0.00571	0.03363	0.03421	0.00817
17	0.02363	0.00987	0.01291	0.00990	0.01407	0.00898	0.00818	0.11715	0.01659	0.68886	0.02015	0.01760	0.01277	0.00662	0.00539	0.00165	0.00473	0.00533	0.00649	0.00913
18	0.00659	0.00544	0.00580	0.00581	0.00748	0.00464	0.00437	0.00813	0.01258	0.01549	0.15308	0.07736	0.62804	0.01338	0.00639	0.00183	0.00277	0.03110	0.00511	0.00461
19	0.01112	0.02081	0.48941	0.07197	0.10833	0.01148	0.03071	0.03671	0.01183	0.03621	0.01318	0.09269	0.02906	0.00653	0.00539	0.00174	0.00697	0.00553	0.00286	0.00747
20	0.02019	0.01493	0.01599	0.01231	0.01657	0.01655	0.01015	0.73809	0.04746	0.03349	0.01316	0.01310	0.00935	0.00647	0.00537	0.00162	0.00586	0.00487	0.00537	0.00911
21	0.00874	0.00541	0.00633	0.00626	0.00657	0.00529	0.00373	0.00897	0.00855	0.06123	0.01849	0.11287	0.02074	0.67759	0.02380	0.00466	0.00495	0.00841	0.00365	0.00375
22	0.03950	0.63339	0.12611	0.06160	0.01643	0.01919	0.01086	0.01603	0.01090	0.01363	0.00788	0.00935	0.00686	0.00472	0.00378	0.00128	0.00607	0.00314	0.00233	0.00693
23	0.01243	0.01117	0.01724	0.36069	0.28238	0.01254	0.01398	0.08031	0.09496	0.01789	0.01161	0.01465	0.00900	0.00550	0.00531	0.00169	0.00632	0.00493	0.03006	0.00734
24	0.02408	0.00914	0.01246	0.00955	0.01370	0.00789	0.00789	0.02616	0.01536	0.78158	0.02118	0.01827	0.01329	0.00664	0.00540	0.00166	0.00457	0.00540	0.00664	0.00914
25	0.00654	0.00467	0.00623	0.00747	0.00779	0.00436	0.00498	0.00747	0.01028	0.01370	0.02959	0.80785	0.03550	0.01682	0.00685	0.00218	0.00311	0.01526	0.00498	0.00436
26	0.02045	0.01149	0.06999	0.01239	0.08310	0.00985	0.00972	0.14131	0.01605	0.48871	0.01853	0.06598	0.01311	0.00697	0.00546	0.00168	0.00510	0.00577	0.00566	0.00869
27	0.00641	0.00531	0.00561	0.00580	0.00736	0.00452	0.00425	0.00772	0.01198	0.01453	0.06724	0.17559	0.63707	0.01406	0.00643	0.00187	0.00278	0.01194	0.00501	0.00452
28	0.01416	0.06739	0.04133	0.02803	0.57972	0.11558	0.04350	0.01714	0.01252	0.01661	0.00970	0.01250	0.00813	0.00487	0.00516	0.00155	0.00691	0.00452	0.00264	0.00803
29	0.05591	0.00942	0.01093	0.00799	0.01252	0.00740	0.00641	0.01448	0.01148	0.07565	0.03494	0.01248	0.00962	0.00445	0.00412	0.00093	0.00398	0.00354	0.00354	0.71020
30	0.01493	0.62673	0.06741	0.00992	0.01449	0.03711	0.00975	0.09326	0.01261	0.03451	0.00914	0.03224	0.00809	0.00523	0.00391	0.00127	0.00587	0.00356	0.00281	0.00715
31	0.01595	0.01274	0.01395	0.01194	0.03582	0.06305	0.00937	0.40086	0.01813	0.02468	0.02823	0.03631	0.01117	0.01117	0.10151	0.00253	0.11343	0.00523	0.07654	0.00740

[dist]
# distance from previous block
# <min> <max>
0	1

[block]
# block no. 5 follows, 45 sequences, length 10
# corresponding to MSA columns:
# 303-312
name=unknown_F
#
# <colnr> <probs for GDERKNQSTAVLIFYWHMCP>
#	G	D	E	R	K	N	Q	S	T	A	V	L	I	F	Y	W	H	M	C	P
0	0.04497	0.19988	0.43723	0.01213	0.01771	0.01292	0.01410	0.01497	0.01095	0.01569	0.01277	0.15883	0.01212	0.00716	0.00498	0.00166	0.00639	0.00578	0.00282	0.00695
1	0.01825	0.00774	0.01048	0.00873	0.01172	0.00679	0.00691	0.02019	0.01439	0.52027	0.14021	0.16859	0.02324	0.00921	0.00581	0.00176	0.00398	0.00790	0.00622	0.00761
2	0.01203	0.01233	0.01910	0.16584	0.27123	0.09197	0.15899	0.01495	0.01198	0.01559	0.01358	0.16118	0.01304	0.00716	0.00576	0.00176	0.00678	0.00690	0.00306	0.00678
3	0.03103	0.23362	0.07795	0.01480	0.15677	0.10223	0.01101	0.04866	0.10194	0.11339	0.03628	0.01428	0.02422	0.00579	0.00478	0.00150	0.00598	0.00451	0.00363	0.00764
4	0.01374	0.60018	0.09170	0.01219	0.01722	0.01908	0.14948	0.01636	0.01127	0.01384	0.00828	0.00993	0.00711	0.00462	0.00412	0.00132	0.00654	0.00361	0.00237	0.00704
5	0.01006	0.00901	0.01340	0.46203	0.04822	0.01062	0.01162	0.01524	0.15172	0.01549	0.01730	0.14621	0.05113	0.00797	0.00567	0.00185	0.00572	0.00704	0.00352	0.00618
6	0.01183	0.05771	0.31672	0.05753	0.19026	0.01311	0.17915	0.01631	0.01176	0.01675	0.03495	0.01343	0.00895	0.00528	0.00596	0.00171	0.04357	0.00487	0.00258	0.00757
7	0.03621	0.01096	0.01241	0.07614	0.01566	0.01233	0.00884	0.05827	0.52631	0.12371	0.04578	0.01940	0.01578	0.00707	0.00542	0.00178	0.00454	0.00586	0.00532	0.00821
8	0.02131	0.00950	0.01331	0.15648	0.01818	0.00907	0.00931	0.05991	0.01499	0.60195	0.01860	0.01727	0.01194	0.00640	0.00539	0.00168	0.00512	0.00525	0.00579	0.00854
9	0.00983	0.00715	0.01099	0.01121	0.07143	0.00711	0.06935	0.03743	0.01130	0.04747	0.10585	0.26890	0.02390	0.03336	0.02935	0.15887	0.03096	0.05633	0.00412	0.00507

[dist]
# distance from previous block
# <min> <max>
0	2

[block]
# block no. 6 follows, 45 sequences, length 6
# corresponding to MSA columns:
# 315-320
name=unknown_G
#
# <colnr> <probs for GDERKNQSTAVLIFYWHMCP>
#	G	D	E	R	K	N	Q	S	T	A	V	L	I	F	Y	W	H	M	C	P
0	0.01421	0.16578	0.01968	0.11499	0.04071	0.04901	0.10042	0.01640	0.01112	0.12605	0.01077	0.03593	0.00894	0.00688	0.00894	0.00181	0.25356	0.00491	0.00312	0.00677
1	0.00738	0.00573	0.00772	0.00825	0.00866	0.00606	0.00589	0.00858	0.01072	0.01474	0.13561	0.59016	0.03395	0.01498	0.00820	0.00213	0.10875	0.01305	0.00477	0.00466
2	0.00738	0.00591	0.00779	0.12245	0.01213	0.00580	0.00638	0.00931	0.01226	0.01596	0.21166	0.22248	0.27259	0.01260	0.00638	0.00191	0.00355	0.05380	0.00482	0.00485
3	0.01412	0.01540	0.02276	0.09712	0.35452	0.16190	0.22189	0.01737	0.01278	0.01624	0.00991	0.01302	0.00797	0.00491	0.00551	0.00163	0.00783	0.00496	0.00267	0.00748
4	0.01113	0.00971	0.01580	0.39976	0.26971	0.01087	0.01327	0.01437	0.01131	0.01615	0.01125	0.01507	0.00886	0.00535	0.00504	0.00162	0.00601	0.00482	0.16330	0.00660
5	0.01072	0.01394	0.16611	0.50579	0.03270	0.01233	0.15241	0.01498	0.01120	0.01498	0.00980	0.01377	0.00727	0.00516	0.00549	0.00178	0.00765	0.00490	0.00242	0.00658

[dist]
# distance from previous block
# <min> <max>
0	6

[block]
# block no. 7 follows, 45 sequences, length 6
# corresponding to MSA columns:
# 327-332
name=unknown_H
#
# <colnr> <probs for GDERKNQSTAVLIFYWHMCP>
#	G	D	E	R	K	N	Q	S	T	A	V	L	I	F	Y	W	H	M	C	P
0	0.01387	0.01117	0.02117	0.05235	0.02077	0.01079	0.37782	0.01701	0.01238	0.17072	0.01526	0.02230	0.01276	0.09075	0.00892	0.00223	0.04275	0.08635	0.00378	0.00684
1	0.01009	0.00557	0.00749	0.00789	0.00898	0.00507	0.00557	0.01126	0.01131	0.16912	0.02788	0.64804	0.03101	0.01476	0.00656	0.00207	0.00341	0.01326	0.00532	0.00533
2	0.01242	0.01403	0.05661	0.17421	0.02163	0.09922	0.12934	0.01488	0.01034	0.01397	0.00841	0.01245	0.00721	0.00718	0.01136	0.00201	0.39121	0.00480	0.00245	0.00624
3	0.01499	0.01405	0.16811	0.01111	0.01526	0.01138	0.01042	0.20991	0.14866	0.14302	0.02111	0.07729	0.09333	0.00809	0.00560	0.00176	0.00525	0.02795	0.00488	0.00783
4	0.01756	0.01417	0.05653	0.01153	0.01556	0.01452	0.00981	0.58103	0.05151	0.02961	0.01809	0.04979	0.09057	0.00758	0.00552	0.00167	0.00550	0.00594	0.00515	0.00836
5	0.42007	0.01002	0.01029	0.00870	0.01164	0.01115	0.00712	0.07430	0.01231	0.17661	0.10807	0.01529	0.01341	0.00667	0.00584	0.00174	0.09112	0.00462	0.00437	0.00665

[dist]
# distance from previous block
# <min> <max>
0	15

[block]
# block no. 8 follows, 45 sequences, length 6
# corresponding to MSA columns:
# 348-353
name=unknown_I
#
# <colnr> <probs for GDERKNQSTAVLIFYWHMCP>
#	G	D	E	R	K	N	Q	S	T	A	V	L	I	F	Y	W	H	M	C	P
0	0.01014	0.00980	0.01760	0.56817	0.03188	0.01129	0.14233	0.01356	0.01101	0.01432	0.01220	0.11070	0.01077	0.00661	0.00571	0.00184	0.00699	0.00631	0.00276	0.00599
1	0.00830	0.00678	0.01098	0.00973	0.01094	0.00674	0.13504	0.00971	0.00944	0.01283	0.01856	0.22458	0.02037	0.31429	0.17289	0.00454	0.00720	0.00903	0.00352	0.00453
2	0.01068	0.00786	0.01049	0.11794	0.04202	0.00785	0.00803	0.03059	0.09191	0.07960	0.11276	0.21286	0.04148	0.01006	0.00590	0.00179	0.00431	0.08257	0.00461	0.11670
3	0.00994	0.00783	0.00987	0.00869	0.01017	0.00853	0.00685	0.10950	0.01516	0.02130	0.50423	0.03220	0.07515	0.01024	0.00816	0.00180	0.14123	0.00828	0.00517	0.00571
4	0.45748	0.00970	0.00935	0.12848	0.01422	0.03380	0.00723	0.04088	0.01112	0.04589	0.07589	0.01425	0.01132	0.00585	0.00413	0.00162	0.00449	0.00422	0.11419	0.00590
5	0.04142	0.33203	0.13319	0.11713	0.02059	0.01653	0.14128	0.01570	0.01086	0.01462	0.00859	0.01115	0.00711	0.00535	0.00615	0.00159	0.10339	0.00410	0.00242	0.00682

[dist]
# distance from previous block
# <min> <max>
0	69

# created by:
# /st0/software/busco_prod/Augustus/scripts/msa2prfl.pl ./align_prep/193252.fa
