[name]
unknown

[dist]
# distance from previous block
# <min> <max>
0	40

[block]
# block no. 0 follows, 37 sequences, length 14
# corresponding to MSA columns:
# 40,41,43-54
name=unknown_A
#
# <colnr> <probs for GDERKNQSTAVLIFYWHMCP>
#	G	D	E	R	K	N	Q	S	T	A	V	L	I	F	Y	W	H	M	C	P
0	0.01441	0.01206	0.01629	0.04668	0.20211	0.01172	0.01177	0.12785	0.04727	0.02282	0.03972	0.02529	0.01604	0.00789	0.00609	0.00175	0.00587	0.12959	0.00440	0.25037
1	0.01317	0.01239	0.01984	0.15861	0.37338	0.01237	0.04542	0.01696	0.03473	0.01894	0.01788	0.02061	0.09889	0.00673	0.00605	0.00177	0.00659	0.00622	0.00348	0.12597
2	0.12377	0.04114	0.03550	0.01463	0.03912	0.06917	0.14844	0.03148	0.03003	0.06191	0.14178	0.01976	0.01784	0.00809	0.01880	0.00200	0.09640	0.00619	0.00420	0.08974
3	0.03067	0.15330	0.10729	0.01151	0.01710	0.03162	0.01068	0.14633	0.04283	0.02251	0.01161	0.01287	0.00922	0.00553	0.00494	0.00135	0.00601	0.00414	0.00386	0.36663
4	0.00967	0.00783	0.01009	0.14366	0.01567	0.00788	0.00786	0.04202	0.04023	0.01745	0.04565	0.28882	0.18741	0.06971	0.00867	0.00238	0.00470	0.01147	0.00490	0.07394
5	0.00861	0.00586	0.00694	0.00713	0.00737	0.00574	0.00431	0.00916	0.01043	0.01408	0.10993	0.17346	0.02984	0.55379	0.02406	0.00483	0.00514	0.01069	0.00443	0.00419
6	0.01156	0.01032	0.13856	0.00779	0.01057	0.00722	0.00754	0.01517	0.01285	0.02221	0.01837	0.02106	0.01428	0.00690	0.00455	0.00152	0.00395	0.00550	0.67377	0.00630
7	0.00951	0.00711	0.01033	0.01325	0.13958	0.00689	0.00766	0.01044	0.01147	0.01552	0.05055	0.38439	0.05245	0.12063	0.01295	0.12062	0.00475	0.01201	0.00455	0.00534
8	0.01660	0.01496	0.02333	0.03257	0.59322	0.01536	0.01721	0.14500	0.04040	0.02349	0.01252	0.01532	0.01012	0.00588	0.00608	0.00183	0.00710	0.00551	0.00369	0.00982
9	0.01094	0.00633	0.00877	0.00813	0.00909	0.00584	0.00561	0.00933	0.00884	0.01233	0.01096	0.01826	0.01074	0.04332	0.02071	0.64923	0.00520	0.00513	0.00286	0.14838
10	0.01418	0.01020	0.01278	0.01068	0.05478	0.00821	0.00788	0.01693	0.01426	0.12284	0.14298	0.01984	0.01861	0.00643	0.00532	0.00128	0.00449	0.00541	0.00470	0.51821
11	0.11004	0.00611	0.00810	0.00798	0.00844	0.00634	0.00548	0.00919	0.00827	0.01268	0.01038	0.01755	0.01015	0.01937	0.02148	0.72219	0.00525	0.00507	0.00280	0.00314
12	0.11587	0.43991	0.02385	0.01087	0.01555	0.04775	0.00987	0.14371	0.01519	0.02064	0.01067	0.03075	0.00929	0.00733	0.02891	0.00177	0.00666	0.00418	0.00356	0.05367
13	0.15919	0.01200	0.01228	0.10269	0.01665	0.09465	0.00916	0.07993	0.04057	0.06436	0.13114	0.06607	0.03132	0.00983	0.00704	0.04795	0.00579	0.06242	0.00477	0.04219

[dist]
# distance from previous block
# <min> <max>
0	13

[block]
# block no. 1 follows, 37 sequences, length 6
# corresponding to MSA columns:
# 69-74
name=unknown_B
#
# <colnr> <probs for GDERKNQSTAVLIFYWHMCP>
#	G	D	E	R	K	N	Q	S	T	A	V	L	I	F	Y	W	H	M	C	P
0	0.05615	0.05307	0.01622	0.01279	0.01667	0.20062	0.01025	0.16745	0.10953	0.15214	0.01711	0.01704	0.04041	0.00741	0.00647	0.00179	0.04715	0.00539	0.00504	0.05729
1	0.01471	0.01251	0.01511	0.03984	0.01665	0.06867	0.07264	0.09150	0.01476	0.04757	0.01465	0.07895	0.01272	0.00721	0.00654	0.00157	0.06323	0.00588	0.10848	0.30683
2	0.11652	0.01900	0.01574	0.01343	0.01697	0.25489	0.01057	0.28822	0.05982	0.02603	0.01417	0.07788	0.01204	0.00801	0.00639	0.00186	0.03966	0.00582	0.00472	0.00824
3	0.09557	0.13864	0.01488	0.00963	0.01336	0.01214	0.00798	0.05825	0.04024	0.04224	0.13011	0.06171	0.06133	0.00816	0.00613	0.00160	0.04499	0.00638	0.00450	0.24217
4	0.01106	0.00578	0.00602	0.00596	0.00739	0.00571	0.00447	0.01392	0.01341	0.02304	0.11268	0.02576	0.02108	0.00782	0.00466	0.00149	0.00286	0.00639	0.71479	0.00571
5	0.06557	0.09175	0.06677	0.13749	0.05376	0.11855	0.01269	0.16352	0.16131	0.04832	0.01438	0.01545	0.01084	0.00672	0.00569	0.00184	0.00717	0.00517	0.00439	0.00863

[dist]
# distance from previous block
# <min> <max>
0	1

[block]
# block no. 2 follows, 37 sequences, length 27
# corresponding to MSA columns:
# 76-102
name=unknown_C
#
# <colnr> <probs for GDERKNQSTAVLIFYWHMCP>
#	G	D	E	R	K	N	Q	S	T	A	V	L	I	F	Y	W	H	M	C	P
0	0.01009	0.04052	0.00917	0.00795	0.00912	0.00745	0.00529	0.04967	0.01123	0.01522	0.02109	0.21005	0.02387	0.44219	0.02018	0.00415	0.00529	0.00992	0.00425	0.09330
1	0.04415	0.13098	0.41793	0.06433	0.02611	0.04778	0.14769	0.01921	0.01319	0.01862	0.01074	0.01317	0.00804	0.00565	0.00574	0.00186	0.00880	0.00483	0.00276	0.00842
2	0.23844	0.01114	0.01135	0.01016	0.01339	0.01223	0.00793	0.03613	0.30076	0.08030	0.07889	0.09147	0.01987	0.02407	0.00621	0.00207	0.00461	0.00708	0.00550	0.03842
3	0.01269	0.01088	0.01269	0.00907	0.01451	0.00816	0.00725	0.01541	0.01269	0.01995	0.01088	0.01269	0.00907	0.00453	0.00453	0.00091	0.00453	0.00363	0.00363	0.82229
4	0.01053	0.00535	0.00789	0.00789	0.00789	0.00535	0.00522	0.00803	0.00803	0.01071	0.01117	0.01994	0.01135	0.06868	0.02437	0.77124	0.00535	0.00554	0.00272	0.00272
5	0.00783	0.00594	0.00736	0.00807	0.00917	0.00527	0.00559	0.00915	0.01238	0.01634	0.05470	0.55951	0.18231	0.01719	0.00744	0.00227	0.00352	0.01532	0.00556	0.06508
6	0.00877	0.00591	0.00683	0.00690	0.00705	0.00585	0.00403	0.00908	0.00979	0.01317	0.07768	0.09939	0.02651	0.66295	0.02741	0.00534	0.00550	0.00975	0.00411	0.00397
7	0.01471	0.01433	0.02332	0.18035	0.58379	0.03985	0.01820	0.01836	0.01372	0.01897	0.01132	0.01524	0.00933	0.00561	0.00605	0.00185	0.00757	0.00540	0.00297	0.00904
8	0.02026	0.01542	0.01674	0.01283	0.01773	0.01625	0.01050	0.51168	0.08104	0.03337	0.01465	0.01489	0.01076	0.00679	0.00577	0.00165	0.00609	0.00520	0.00557	0.19281
9	0.00924	0.00621	0.00814	0.00904	0.00997	0.00592	0.00674	0.01081	0.01257	0.04775	0.05138	0.37817	0.07555	0.12048	0.01102	0.00298	0.00452	0.21874	0.00551	0.00526
10	0.01443	0.01564	0.03137	0.04882	0.11273	0.01550	0.51794	0.02009	0.07100	0.01969	0.01294	0.01665	0.00996	0.00583	0.00781	0.00208	0.05901	0.00682	0.00330	0.00839
11	0.02011	0.02151	0.01596	0.01406	0.01740	0.39263	0.01074	0.14802	0.20341	0.02164	0.01496	0.01651	0.01199	0.05534	0.00740	0.00202	0.00838	0.00529	0.00450	0.00813
12	0.00772	0.00572	0.00721	0.00790	0.00883	0.00521	0.00552	0.00933	0.01353	0.01803	0.21663	0.46588	0.17237	0.01684	0.00756	0.00227	0.00330	0.01500	0.00595	0.00521
13	0.75102	0.01201	0.00969	0.00847	0.01236	0.01374	0.00698	0.05139	0.01162	0.06395	0.00959	0.01071	0.00723	0.00585	0.00401	0.00189	0.00485	0.00356	0.00408	0.00699
14	0.03805	0.02917	0.01727	0.01344	0.01774	0.01672	0.04390	0.48020	0.13334	0.03249	0.01892	0.05492	0.04462	0.02237	0.00668	0.00199	0.00624	0.00667	0.00580	0.00946
15	0.10439	0.00741	0.00905	0.00869	0.01058	0.00706	0.03946	0.01204	0.01280	0.06655	0.06089	0.24048	0.24257	0.09579	0.00953	0.00260	0.00434	0.05480	0.00529	0.00568
16	0.02354	0.00973	0.01307	0.01038	0.01441	0.00859	0.00842	0.04490	0.01752	0.58618	0.13424	0.06011	0.02272	0.00887	0.00640	0.00193	0.00482	0.00742	0.00732	0.00945
17	0.01022	0.00795	0.01113	0.03154	0.01185	0.00803	0.07466	0.05449	0.01252	0.01691	0.12351	0.14103	0.05176	0.37581	0.01881	0.00393	0.02611	0.00998	0.00452	0.00524
18	0.02105	0.04253	0.01883	0.01577	0.01948	0.48793	0.06781	0.11372	0.11706	0.01977	0.01245	0.01352	0.00980	0.00660	0.00579	0.00171	0.00948	0.00479	0.00393	0.00798
19	0.01321	0.00955	0.01118	0.01016	0.01175	0.01035	0.00742	0.19827	0.03077	0.04011	0.02188	0.25762	0.02335	0.24796	0.01537	0.00336	0.06606	0.01022	0.00502	0.00639
20	0.00885	0.00602	0.00749	0.00782	0.00879	0.00563	0.00538	0.01018	0.01257	0.04952	0.14350	0.33223	0.15366	0.16864	0.04828	0.00333	0.00453	0.01299	0.00543	0.00515
21	0.01679	0.04357	0.04811	0.01794	0.07737	0.26865	0.15622	0.05206	0.05765	0.01810	0.01541	0.05538	0.04547	0.04429	0.00823	0.00208	0.05510	0.00638	0.00365	0.00756
22	0.02110	0.01843	0.01890	0.01550	0.03581	0.15940	0.06783	0.46199	0.02381	0.03036	0.01494	0.05395	0.01210	0.00782	0.00625	0.00187	0.00766	0.02789	0.00521	0.00917
23	0.01262	0.04527	0.01407	0.01091	0.01362	0.00956	0.09715	0.05836	0.01491	0.09541	0.17087	0.08086	0.17438	0.10134	0.01029	0.00245	0.04329	0.00939	0.00521	0.03004
24	0.10383	0.01352	0.01494	0.01205	0.01576	0.01479	0.00974	0.36818	0.03987	0.09768	0.04716	0.06488	0.01488	0.04476	0.00824	0.00211	0.06645	0.00641	0.00551	0.04922
25	0.04383	0.07583	0.02144	0.06489	0.30547	0.06476	0.05567	0.10181	0.01574	0.09545	0.01339	0.03395	0.01084	0.02276	0.00637	0.00186	0.00709	0.00556	0.00395	0.04935
26	0.09941	0.03239	0.01462	0.01120	0.01546	0.05687	0.00904	0.22834	0.03325	0.09575	0.03476	0.03007	0.01216	0.02116	0.00672	0.02348	0.02652	0.00514	0.00485	0.23883

[dist]
# distance from previous block
# <min> <max>
1	67

[block]
# block no. 3 follows, 37 sequences, length 119
# corresponding to MSA columns:
# 170-246,248-258,271-301
name=unknown_D
#
# <colnr> <probs for GDERKNQSTAVLIFYWHMCP>
#	G	D	E	R	K	N	Q	S	T	A	V	L	I	F	Y	W	H	M	C	P
0	0.11514	0.01252	0.01532	0.01702	0.19632	0.03358	0.01083	0.11958	0.05948	0.05918	0.06953	0.02352	0.10124	0.00805	0.00619	0.00182	0.02109	0.02548	0.00469	0.09943
1	0.00805	0.00609	0.00817	0.03133	0.03557	0.00570	0.00640	0.00936	0.01195	0.01592	0.03323	0.63603	0.08832	0.03345	0.00803	0.00243	0.00387	0.01563	0.00539	0.03506
2	0.07762	0.01613	0.01644	0.01328	0.01765	0.04470	0.01076	0.46244	0.21905	0.03341	0.01685	0.01644	0.01230	0.00745	0.00597	0.00190	0.00624	0.00568	0.00588	0.00983
3	0.08622	0.01175	0.01441	0.09382	0.07111	0.01093	0.00965	0.08295	0.03938	0.06458	0.01279	0.02956	0.01025	0.00574	0.00512	0.00140	0.00538	0.00464	0.00409	0.43623
4	0.01494	0.12682	0.39366	0.01404	0.02048	0.03544	0.01587	0.06454	0.02985	0.09416	0.04150	0.04319	0.02735	0.02313	0.00625	0.00193	0.00737	0.00560	0.02536	0.00853
5	0.04307	0.07559	0.65688	0.01646	0.02493	0.01462	0.02083	0.01963	0.01296	0.04478	0.01120	0.01290	0.00798	0.00584	0.00564	0.00190	0.00860	0.00446	0.00280	0.00893
6	0.01394	0.01570	0.03400	0.02454	0.03030	0.01471	0.67200	0.01880	0.01425	0.01932	0.01394	0.07230	0.01156	0.00618	0.00727	0.00209	0.00983	0.00797	0.00328	0.00802
7	0.63513	0.01173	0.01040	0.00884	0.01287	0.01294	0.00729	0.04502	0.01252	0.17698	0.01196	0.01235	0.00852	0.00613	0.00436	0.00189	0.00490	0.00398	0.00465	0.00754
8	0.01257	0.08562	0.70176	0.01695	0.02572	0.01493	0.02175	0.01931	0.01289	0.01903	0.01081	0.01270	0.00776	0.00577	0.00568	0.00189	0.00887	0.00443	0.00259	0.00896
9	0.02457	0.00969	0.01319	0.01053	0.01465	0.00843	0.00851	0.02678	0.01679	0.64366	0.04068	0.11624	0.01922	0.00913	0.00639	0.00197	0.00495	0.00766	0.00732	0.00964
10	0.01228	0.03166	0.75316	0.01745	0.02649	0.01422	0.02262	0.01939	0.01292	0.01939	0.01099	0.01292	0.00775	0.00582	0.00582	0.00194	0.00905	0.00452	0.00258	0.00905
11	0.01373	0.01775	0.13388	0.02136	0.02631	0.03567	0.42025	0.01808	0.01314	0.01825	0.01254	0.06154	0.01067	0.00723	0.00954	0.00218	0.15995	0.00699	0.00310	0.00783
12	0.01319	0.01167	0.01814	0.64192	0.03806	0.01420	0.01604	0.11722	0.01466	0.01899	0.01200	0.01748	0.00920	0.00658	0.00618	0.00203	0.00789	0.02397	0.00328	0.00729
13	0.02746	0.01042	0.01421	0.01089	0.01563	0.00900	0.00900	0.02983	0.01752	0.75093	0.02415	0.02083	0.01515	0.00758	0.00616	0.00189	0.00521	0.00616	0.00758	0.01042
14	0.00805	0.00557	0.00693	0.00777	0.00798	0.00536	0.00488	0.00868	0.01057	0.01410	0.02785	0.47913	0.03306	0.33106	0.01732	0.00389	0.00452	0.01394	0.00488	0.00446
15	0.02746	0.01042	0.01421	0.01089	0.01563	0.00900	0.00900	0.02983	0.01752	0.75093	0.02415	0.02083	0.01515	0.00758	0.00616	0.00189	0.00521	0.00616	0.00758	0.01042
16	0.01938	0.01203	0.01522	0.01225	0.01611	0.01216	0.06129	0.28145	0.02012	0.21364	0.02359	0.09440	0.06859	0.00951	0.00646	0.00198	0.00570	0.05176	0.06563	0.00873
17	0.02746	0.01042	0.01421	0.01089	0.01563	0.00900	0.00900	0.02983	0.01752	0.75093	0.02415	0.02083	0.01515	0.00758	0.00616	0.00189	0.00521	0.00616	0.00758	0.01042
18	0.00746	0.00533	0.00710	0.00852	0.00888	0.00497	0.00568	0.00852	0.01172	0.01563	0.03374	0.78088	0.04049	0.01918	0.00781	0.00249	0.00355	0.01740	0.00568	0.00497
19	0.02697	0.01031	0.01405	0.01081	0.01546	0.00891	0.00891	0.02935	0.01752	0.73195	0.04294	0.02149	0.01627	0.00771	0.00618	0.00189	0.00515	0.00628	0.00755	0.01030
20	0.07891	0.01622	0.01756	0.11195	0.02141	0.04052	0.01193	0.54519	0.04202	0.03377	0.01385	0.01465	0.00997	0.00706	0.00594	0.00187	0.00686	0.00533	0.00543	0.00955
21	0.48886	0.01322	0.06219	0.17263	0.02119	0.01363	0.07475	0.01797	0.01161	0.04457	0.01044	0.01353	0.00806	0.00601	0.00488	0.00196	0.00628	0.01760	0.00356	0.00706
22	0.01510	0.01468	0.02565	0.03673	0.69574	0.01461	0.06909	0.01884	0.01397	0.01997	0.01158	0.01525	0.00967	0.00543	0.00614	0.00184	0.00749	0.00558	0.00303	0.00959
23	0.01338	0.08187	0.51050	0.01726	0.07516	0.01418	0.03320	0.03371	0.01350	0.03680	0.02639	0.01381	0.00933	0.00582	0.00564	0.00178	0.00804	0.00466	0.00301	0.09198
24	0.12501	0.01059	0.01357	0.01054	0.01516	0.00957	0.00871	0.02839	0.01665	0.66279	0.02225	0.01951	0.01411	0.00735	0.00587	0.00189	0.00515	0.00581	0.00711	0.00996
25	0.01523	0.01315	0.01384	0.01246	0.01592	0.01523	0.00969	0.03253	0.73563	0.02561	0.02491	0.02284	0.01869	0.00830	0.00623	0.00208	0.00484	0.00692	0.00623	0.00969
26	0.00850	0.00621	0.00800	0.00774	0.00915	0.00570	0.00578	0.01116	0.01661	0.02319	0.62765	0.09962	0.10493	0.01331	0.00729	0.00200	0.00301	0.02790	0.00656	0.00567
27	0.00746	0.00584	0.00676	0.00732	0.00861	0.00514	0.00519	0.00892	0.01331	0.01687	0.11088	0.36425	0.38412	0.01680	0.00748	0.00223	0.00327	0.01466	0.00578	0.00514
28	0.01233	0.03126	0.73418	0.01767	0.02664	0.01425	0.04119	0.01939	0.01296	0.01939	0.01102	0.01302	0.00779	0.00580	0.00585	0.00194	0.00908	0.00459	0.00260	0.00903
29	0.00890	0.00593	0.00668	0.00668	0.00668	0.00593	0.00371	0.00890	0.00890	0.01187	0.01929	0.04006	0.02225	0.78487	0.03116	0.00593	0.00593	0.00890	0.00371	0.00371
30	0.00874	0.00656	0.00984	0.00984	0.01093	0.00765	0.00765	0.01093	0.00984	0.01421	0.01640	0.02405	0.01530	0.04591	0.76062	0.00984	0.01640	0.00656	0.00328	0.00547
31	0.02327	0.01715	0.01837	0.01408	0.01898	0.01898	0.01163	0.72628	0.02878	0.03858	0.01470	0.01470	0.01041	0.00735	0.00612	0.00184	0.00674	0.00551	0.00612	0.01041
32	0.01299	0.01110	0.01298	0.00936	0.01466	0.00868	0.00751	0.03397	0.01304	0.02032	0.01092	0.01276	0.00908	0.00475	0.00493	0.00097	0.02191	0.00371	0.00367	0.78271
33	0.01484	0.01440	0.02371	0.14269	0.62575	0.03419	0.01834	0.01848	0.01378	0.01924	0.01137	0.01521	0.00943	0.00557	0.00605	0.00184	0.00750	0.00541	0.00299	0.00921
34	0.01141	0.00571	0.00571	0.00571	0.00713	0.00571	0.00428	0.01426	0.01284	0.02282	0.01997	0.02282	0.01569	0.00713	0.00428	0.00143	0.00285	0.00571	0.81886	0.00571
35	0.03468	0.01198	0.01716	0.51140	0.03334	0.01438	0.01460	0.12040	0.11893	0.02069	0.01402	0.03777	0.01085	0.00696	0.00612	0.00202	0.00726	0.00594	0.00383	0.00768
36	0.00746	0.00533	0.00710	0.00852	0.00888	0.00497	0.00568	0.00852	0.01172	0.01563	0.03374	0.78088	0.04049	0.01918	0.00781	0.00249	0.00355	0.01740	0.00568	0.00497
37	0.01141	0.00571	0.00571	0.00571	0.00713	0.00571	0.00428	0.01426	0.01284	0.02282	0.01997	0.02282	0.01569	0.00713	0.00428	0.00143	0.00285	0.00571	0.81886	0.00571
38	0.02102	0.02541	0.01745	0.12448	0.02208	0.60360	0.01255	0.02297	0.01632	0.03631	0.01004	0.01217	0.00814	0.00648	0.00616	0.00169	0.03852	0.00427	0.00320	0.00713
39	0.02327	0.01715	0.01837	0.01408	0.01898	0.01898	0.01163	0.72628	0.02878	0.03858	0.01470	0.01470	0.01041	0.00735	0.00612	0.00184	0.00674	0.00551	0.00612	0.01041
40	0.00753	0.00538	0.00719	0.00861	0.00899	0.00504	0.00581	0.00865	0.01179	0.01571	0.03370	0.75908	0.04032	0.01911	0.00783	0.00250	0.00362	0.03847	0.00568	0.00499
41	0.00793	0.00571	0.00750	0.00839	0.00914	0.00533	0.00591	0.00953	0.01322	0.01783	0.19758	0.51372	0.07504	0.03328	0.00818	0.00243	0.00358	0.06462	0.00588	0.00519
42	0.07577	0.10649	0.02060	0.01744	0.10566	0.32605	0.06277	0.11549	0.01689	0.03783	0.01080	0.01255	0.00866	0.00620	0.00588	0.00169	0.02976	0.00453	0.00362	0.03131
43	0.00888	0.00613	0.00724	0.00734	0.00779	0.00601	0.00460	0.02599	0.01126	0.01517	0.12760	0.18296	0.05034	0.48729	0.02198	0.00449	0.00498	0.01088	0.00464	0.00445
44	0.00951	0.00657	0.00854	0.00793	0.00954	0.00612	0.00599	0.01272	0.03442	0.05113	0.70006	0.04427	0.05527	0.01223	0.00716	0.00193	0.00302	0.01079	0.00676	0.00604
45	0.03764	0.01167	0.06390	0.03069	0.01444	0.05468	0.00941	0.07203	0.13368	0.05066	0.02658	0.29805	0.04666	0.01308	0.00698	0.00226	0.00536	0.10984	0.00537	0.00702
46	0.03630	0.08292	0.58907	0.03403	0.02573	0.01513	0.07211	0.01906	0.01280	0.01905	0.01075	0.01297	0.00786	0.00588	0.00617	0.00193	0.03223	0.00464	0.00267	0.00871
47	0.00845	0.00621	0.00798	0.00807	0.00943	0.00574	0.00612	0.01090	0.01568	0.02146	0.46590	0.15722	0.13976	0.01441	0.00746	0.00213	0.00335	0.09784	0.00631	0.00556
48	0.01243	0.03058	0.70204	0.01804	0.02689	0.01431	0.07265	0.01940	0.01303	0.01940	0.01108	0.01318	0.00786	0.00577	0.00592	0.00195	0.00914	0.00472	0.00262	0.00899
49	0.10821	0.01790	0.01771	0.12731	0.16460	0.24352	0.01302	0.07572	0.04082	0.09786	0.01243	0.01428	0.00949	0.00643	0.00600	0.00182	0.02587	0.00488	0.00393	0.00820
50	0.01211	0.01144	0.01935	0.65793	0.15009	0.01374	0.01727	0.01612	0.01250	0.01631	0.01098	0.01614	0.00840	0.00602	0.00611	0.00201	0.00802	0.00544	0.00277	0.00724
51	0.02142	0.02820	0.06990	0.01591	0.01926	0.65299	0.01271	0.02337	0.01645	0.01528	0.00947	0.01134	0.00789	0.00659	0.00660	0.00168	0.06656	0.00409	0.00308	0.00721
52	0.10930	0.01684	0.07039	0.01330	0.01823	0.01702	0.01154	0.52144	0.03918	0.08297	0.01452	0.01472	0.01030	0.00739	0.00624	0.01948	0.00652	0.00527	0.00564	0.00972
53	0.05070	0.51132	0.04240	0.01234	0.01690	0.14171	0.03076	0.04685	0.01364	0.01625	0.00903	0.01072	0.00796	0.00591	0.00555	0.00153	0.06205	0.00375	0.00291	0.00774
54	0.01063	0.00532	0.00797	0.00797	0.00797	0.00532	0.00532	0.00797	0.00797	0.01063	0.01063	0.01861	0.01063	0.02127	0.02392	0.82190	0.00532	0.00532	0.00266	0.00266
55	0.00763	0.00546	0.00726	0.00841	0.00892	0.00509	0.00570	0.00896	0.01252	0.01690	0.13492	0.67607	0.04295	0.01823	0.00773	0.00241	0.00346	0.01650	0.00583	0.00509
56	0.02117	0.03836	0.01802	0.06891	0.02025	0.41351	0.01218	0.21919	0.03635	0.02184	0.01126	0.01286	0.00887	0.00693	0.00678	0.00177	0.06506	0.00465	0.00398	0.00805
57	0.00758	0.00618	0.00648	0.00643	0.00820	0.00532	0.00468	0.00912	0.01380	0.01697	0.13706	0.05534	0.58610	0.09813	0.00981	0.00247	0.00338	0.01227	0.00559	0.00508
58	0.00939	0.00702	0.00881	0.00823	0.00990	0.00682	0.00621	0.01388	0.09696	0.02466	0.66380	0.04319	0.05343	0.01205	0.00711	0.00194	0.00310	0.01061	0.00668	0.00621
59	0.00955	0.00682	0.00951	0.01092	0.01219	0.00678	0.00933	0.01215	0.01379	0.01797	0.03258	0.16068	0.03591	0.01720	0.00837	0.00278	0.00537	0.61691	0.00564	0.00555
60	0.02526	0.00993	0.01350	0.01052	0.01487	0.00862	0.00862	0.02769	0.01750	0.66571	0.10853	0.02375	0.02015	0.00816	0.00628	0.00190	0.00494	0.00673	0.00748	0.00987
61	0.01637	0.78856	0.03208	0.01047	0.01571	0.02422	0.01047	0.01833	0.01244	0.01440	0.00851	0.00982	0.00786	0.00524	0.00393	0.00131	0.00655	0.00327	0.00262	0.00786
62	0.02475	0.00982	0.01334	0.01043	0.01469	0.00853	0.00853	0.02719	0.01749	0.64613	0.12793	0.02443	0.02130	0.00829	0.00631	0.00190	0.00487	0.00686	0.00746	0.00975
63	0.01228	0.03166	0.75316	0.01745	0.02649	0.01422	0.02262	0.01939	0.01292	0.01939	0.01099	0.01292	0.00775	0.00582	0.00582	0.00194	0.00905	0.00452	0.00258	0.00905
64	0.02287	0.02917	0.01735	0.01577	0.01892	0.76030	0.01183	0.02444	0.01735	0.01498	0.00946	0.01104	0.00788	0.00631	0.00552	0.00158	0.01104	0.00394	0.00315	0.00710
65	0.01384	0.25505	0.38677	0.01777	0.12634	0.01689	0.01750	0.01863	0.01284	0.01786	0.01045	0.01259	0.00830	0.00658	0.02467	0.00190	0.00807	0.00430	0.00271	0.03692
66	0.01459	0.01459	0.02360	0.14334	0.36898	0.05494	0.13461	0.01930	0.06527	0.01915	0.01338	0.01859	0.01119	0.00649	0.00677	0.00197	0.02973	0.04158	0.00335	0.00858
67	0.01063	0.00532	0.00797	0.00797	0.00797	0.00532	0.00532	0.00797	0.00797	0.01063	0.01063	0.01861	0.01063	0.02127	0.02392	0.82190	0.00532	0.00532	0.00266	0.00266
68	0.00762	0.00539	0.00706	0.00832	0.00863	0.00508	0.00546	0.00857	0.01141	0.01521	0.03214	0.69875	0.03846	0.10406	0.01040	0.00287	0.00382	0.01646	0.00546	0.00483
69	0.01269	0.01088	0.01269	0.00907	0.01451	0.00816	0.00725	0.01541	0.01269	0.01995	0.01088	0.01269	0.00907	0.00453	0.00453	0.00091	0.00453	0.00363	0.00363	0.82229
70	0.01228	0.03166	0.75316	0.01745	0.02649	0.01422	0.02262	0.01939	0.01292	0.01939	0.01099	0.01292	0.00775	0.00582	0.00582	0.00194	0.00905	0.00452	0.00258	0.00905
71	0.00897	0.00576	0.00769	0.00863	0.00938	0.00532	0.00593	0.01026	0.01254	0.06869	0.08485	0.67304	0.03994	0.01786	0.00765	0.00240	0.00362	0.01614	0.00589	0.00542
72	0.00879	0.00635	0.00811	0.00903	0.00987	0.00615	0.00638	0.06008	0.01333	0.01773	0.05271	0.63302	0.05889	0.01788	0.00771	0.00244	0.00390	0.06647	0.00574	0.00544
73	0.01328	0.01352	0.01651	0.01466	0.01508	0.09181	0.01185	0.01465	0.01055	0.01486	0.01228	0.12438	0.01304	0.01314	0.05159	0.00287	0.54931	0.00701	0.00319	0.00643
74	0.00875	0.00654	0.00972	0.00972	0.01077	0.00759	0.00751	0.01086	0.00980	0.01412	0.01650	0.02464	0.01556	0.07310	0.73378	0.00969	0.01601	0.00664	0.00330	0.00540
75	0.01637	0.78856	0.03208	0.01047	0.01571	0.02422	0.01047	0.01833	0.01244	0.01440	0.00851	0.00982	0.00786	0.00524	0.00393	0.00131	0.00655	0.00327	0.00262	0.00786
76	0.00745	0.00621	0.00649	0.00642	0.00840	0.00526	0.00482	0.00919	0.01445	0.01772	0.16292	0.05696	0.64256	0.01506	0.00723	0.00205	0.00307	0.01265	0.00584	0.00526
77	0.01577	0.01542	0.02242	0.17518	0.48935	0.08592	0.01727	0.06915	0.01499	0.02000	0.01142	0.01495	0.00928	0.00580	0.00602	0.00184	0.00776	0.00531	0.00320	0.00894
78	0.00874	0.00656	0.00984	0.00984	0.01093	0.00765	0.00765	0.01093	0.00984	0.01421	0.01640	0.02405	0.01530	0.04591	0.76062	0.00984	0.01640	0.00656	0.00328	0.00547
79	0.00862	0.00626	0.00812	0.00766	0.00912	0.00576	0.00574	0.01147	0.01723	0.02431	0.72365	0.04611	0.07771	0.01260	0.00722	0.00193	0.00289	0.01112	0.00671	0.00576
80	0.01269	0.01088	0.01269	0.00907	0.01451	0.00816	0.00725	0.01541	0.01269	0.01995	0.01088	0.01269	0.00907	0.00453	0.00453	0.00091	0.00453	0.00363	0.00363	0.82229
81	0.01141	0.00571	0.00571	0.00571	0.00713	0.00571	0.00428	0.01426	0.01284	0.02282	0.01997	0.02282	0.01569	0.00713	0.00428	0.00143	0.00285	0.00571	0.81886	0.00571
82	0.00890	0.00593	0.00668	0.00668	0.00668	0.00593	0.00371	0.00890	0.00890	0.01187	0.01929	0.04006	0.02225	0.78487	0.03116	0.00593	0.00593	0.00890	0.00371	0.00371
83	0.00858	0.00619	0.00810	0.00776	0.00913	0.00572	0.00577	0.01133	0.01692	0.02390	0.69166	0.09938	0.05650	0.01300	0.00726	0.00197	0.00294	0.01153	0.00666	0.00572
84	0.00745	0.00535	0.00708	0.00846	0.00886	0.00498	0.00565	0.00853	0.01178	0.01565	0.03449	0.76173	0.05915	0.01908	0.00780	0.00247	0.00354	0.01728	0.00568	0.00498
85	0.00754	0.00545	0.00715	0.00842	0.00895	0.00506	0.00573	0.00873	0.01207	0.01599	0.05381	0.69608	0.08660	0.01871	0.00778	0.00245	0.00356	0.03520	0.00571	0.00502
86	0.01637	0.78856	0.03208	0.01047	0.01571	0.02422	0.01047	0.01833	0.01244	0.01440	0.00851	0.00982	0.00786	0.00524	0.00393	0.00131	0.00655	0.00327	0.00262	0.00786
87	0.01685	0.01601	0.02365	0.03235	0.57258	0.06837	0.03428	0.12128	0.01633	0.02231	0.01185	0.01482	0.00966	0.00578	0.00606	0.00181	0.00754	0.00540	0.00349	0.00958
88	0.01468	0.05679	0.01923	0.03935	0.10540	0.18382	0.08871	0.01711	0.01266	0.01581	0.01170	0.01629	0.01037	0.01793	0.22030	0.00418	0.15012	0.00548	0.00304	0.00703
89	0.82811	0.01184	0.00900	0.00805	0.01184	0.01373	0.00663	0.01799	0.01042	0.02746	0.00852	0.00994	0.00663	0.00568	0.00379	0.00189	0.00474	0.00331	0.00379	0.00663
90	0.01363	0.01369	0.01984	0.43395	0.09522	0.08952	0.09379	0.01876	0.09123	0.01736	0.01295	0.03242	0.01025	0.00680	0.00660	0.01930	0.00810	0.00589	0.00327	0.00743
91	0.02746	0.01042	0.01421	0.01089	0.01563	0.00900	0.00900	0.02983	0.01752	0.75093	0.02415	0.02083	0.01515	0.00758	0.00616	0.00189	0.00521	0.00616	0.00758	0.01042
92	0.00750	0.00540	0.00712	0.00840	0.00887	0.00501	0.00565	0.00867	0.01205	0.01605	0.06620	0.72177	0.06714	0.01875	0.00777	0.00245	0.00351	0.01696	0.00573	0.00501
93	0.04550	0.01015	0.01364	0.01059	0.01506	0.00888	0.00870	0.02821	0.01733	0.68038	0.07627	0.02239	0.01806	0.00789	0.00618	0.00190	0.00503	0.00645	0.00742	0.00999
94	0.01515	0.01454	0.02485	0.03757	0.74669	0.01454	0.01879	0.01879	0.01394	0.02000	0.01151	0.01515	0.00970	0.00545	0.00606	0.00182	0.00727	0.00545	0.00303	0.00970
95	0.01552	0.01330	0.01401	0.01252	0.01603	0.01536	0.00976	0.05790	0.70978	0.02608	0.02454	0.02254	0.01838	0.00827	0.00622	0.00207	0.00491	0.00687	0.00622	0.00972
96	0.82811	0.01184	0.00900	0.00805	0.01184	0.01373	0.00663	0.01799	0.01042	0.02746	0.00852	0.00994	0.00663	0.00568	0.00379	0.00189	0.00474	0.00331	0.00379	0.00663
97	0.00832	0.00624	0.00771	0.00734	0.00894	0.00563	0.00551	0.01089	0.01653	0.02264	0.58164	0.04886	0.22076	0.01322	0.00722	0.00196	0.00294	0.01151	0.00649	0.00563
98	0.01269	0.01088	0.01269	0.00907	0.01451	0.00816	0.00725	0.01541	0.01269	0.01995	0.01088	0.01269	0.00907	0.00453	0.00453	0.00091	0.00453	0.00363	0.00363	0.82229
99	0.02009	0.01715	0.01687	0.01388	0.01766	0.12321	0.01117	0.40661	0.14325	0.02955	0.01532	0.01613	0.01163	0.01042	0.06212	0.00248	0.06241	0.00559	0.00526	0.00919
100	0.02327	0.01715	0.01837	0.01408	0.01898	0.01898	0.01163	0.72628	0.02878	0.03858	0.01470	0.01470	0.01041	0.00735	0.00612	0.00184	0.00674	0.00551	0.00612	0.01041
101	0.01156	0.01088	0.01836	0.77016	0.04216	0.01360	0.01700	0.01564	0.01224	0.01564	0.01088	0.01632	0.00816	0.00612	0.00612	0.00204	0.00816	0.00544	0.00272	0.00680
102	0.01048	0.00674	0.00946	0.01118	0.06386	0.00632	0.00743	0.01205	0.01276	0.09773	0.03092	0.56930	0.03490	0.01666	0.00757	0.00240	0.00422	0.08434	0.00569	0.00599
103	0.01339	0.01339	0.01875	0.01607	0.01607	0.01875	0.01339	0.01473	0.00937	0.01473	0.00804	0.01339	0.00804	0.01071	0.02009	0.00268	0.77367	0.00536	0.00268	0.00670
104	0.00866	0.00626	0.00818	0.00770	0.00914	0.00578	0.00578	0.01155	0.01733	0.02455	0.74346	0.04572	0.05776	0.01251	0.00722	0.00193	0.00289	0.01107	0.00674	0.00578
105	0.00786	0.00606	0.00719	0.00726	0.00874	0.00538	0.00531	0.00987	0.01492	0.01966	0.33710	0.18985	0.32880	0.01497	0.00734	0.00209	0.00310	0.01300	0.00612	0.00538
106	0.02559	0.01130	0.01737	0.01304	0.01799	0.00993	0.11222	0.02836	0.01708	0.64542	0.02245	0.02021	0.01431	0.00723	0.00631	0.00192	0.00595	0.00631	0.00693	0.01011
107	0.82811	0.01184	0.00900	0.00805	0.01184	0.01373	0.00663	0.01799	0.01042	0.02746	0.00852	0.00994	0.00663	0.00568	0.00379	0.00189	0.00474	0.00331	0.00379	0.00663
108	0.00771	0.00573	0.00712	0.00778	0.00872	0.00522	0.00541	0.00922	0.01326	0.01754	0.18657	0.44487	0.19568	0.04517	0.00842	0.00241	0.00340	0.01481	0.00583	0.00513
109	0.02287	0.01685	0.01813	0.01397	0.01876	0.01867	0.01152	0.70652	0.02826	0.03791	0.01474	0.01495	0.01055	0.00841	0.02696	0.00206	0.00700	0.00554	0.00604	0.01027
110	0.01272	0.01241	0.01746	0.01517	0.01533	0.01715	0.01256	0.01418	0.00944	0.01466	0.00924	0.01493	0.00908	0.01579	0.12693	0.00371	0.66442	0.00553	0.00277	0.00652
111	0.00744	0.00539	0.00704	0.00835	0.00883	0.00499	0.00561	0.00854	0.01188	0.01569	0.03580	0.72819	0.09185	0.01891	0.00777	0.00246	0.00352	0.01707	0.00568	0.00499
112	0.00745	0.00537	0.00706	0.00840	0.00885	0.00498	0.00563	0.00854	0.01183	0.01567	0.03518	0.74396	0.07647	0.01899	0.00778	0.00246	0.00353	0.01717	0.00568	0.00498
113	0.01483	0.01730	0.12947	0.06099	0.59585	0.03599	0.01907	0.01892	0.01383	0.01960	0.01136	0.01475	0.00931	0.00556	0.00601	0.00184	0.00767	0.00528	0.00296	0.00942
114	0.01132	0.00835	0.01038	0.01073	0.01256	0.00856	0.00877	0.11537	0.05091	0.02086	0.03212	0.21633	0.08787	0.01550	0.00777	0.00251	0.00509	0.36292	0.00575	0.00634
115	0.03749	0.01350	0.02141	0.09941	0.53297	0.03619	0.01678	0.01777	0.01381	0.01942	0.01432	0.02276	0.01310	0.00720	0.00633	0.00198	0.00716	0.10634	0.00340	0.00868
116	0.02973	0.01173	0.01974	0.55958	0.10642	0.01381	0.07214	0.03567	0.01295	0.01750	0.01139	0.01622	0.00870	0.00614	0.00638	0.00200	0.02418	0.00555	0.03292	0.00725
117	0.01302	0.01114	0.01318	0.01000	0.03551	0.00860	0.00769	0.03266	0.01312	0.02040	0.01099	0.01281	0.00912	0.00463	0.00462	0.00096	0.00466	0.00372	0.00367	0.77952
118	0.01348	0.01288	0.02149	0.01652	0.04054	0.01200	0.28585	0.07471	0.04518	0.02095	0.02049	0.04039	0.11665	0.00732	0.00660	0.00176	0.02232	0.00713	0.02503	0.20873

[dist]
# distance from previous block
# <min> <max>
0	38

# created by:
# /st0/software/busco_prod/Augustus/scripts/msa2prfl.pl ./align_prep/193277.fa
