[name]
unknown

[dist]
# distance from previous block
# <min> <max>
35	565

[block]
# block no. 0 follows, 41 sequences, length 6
# corresponding to MSA columns:
# 604-609
name=unknown_A
#
# <colnr> <probs for GDERKNQSTAVLIFYWHMCP>
#	G	D	E	R	K	N	Q	S	T	A	V	L	I	F	Y	W	H	M	C	P
0	0.07624	0.01206	0.01385	0.05087	0.01611	0.01243	0.00913	0.33205	0.01899	0.17746	0.01661	0.10748	0.01346	0.00773	0.00558	0.00170	0.00533	0.00623	0.00534	0.11135
1	0.01317	0.00849	0.01132	0.11802	0.01534	0.00860	0.00825	0.06028	0.03244	0.16732	0.23696	0.11483	0.07262	0.00989	0.00682	0.00185	0.04263	0.00838	0.00534	0.05747
2	0.01229	0.05481	0.07492	0.19346	0.04256	0.01160	0.10347	0.06898	0.01356	0.05094	0.09872	0.12708	0.01773	0.00812	0.00647	0.00183	0.03755	0.00719	0.00388	0.06482
3	0.01281	0.00977	0.03449	0.09778	0.01600	0.03922	0.04470	0.01518	0.01183	0.13608	0.01706	0.14214	0.01551	0.01598	0.16896	0.00339	0.07431	0.00707	0.06282	0.07490
4	0.15648	0.02768	0.01433	0.15553	0.01914	0.04624	0.03851	0.03986	0.06325	0.17901	0.01399	0.04184	0.01070	0.00651	0.00586	0.00171	0.04642	0.00509	0.00424	0.12362
5	0.08357	0.39663	0.07108	0.07488	0.01711	0.01744	0.01083	0.01833	0.01193	0.13946	0.01065	0.01198	0.00841	0.00600	0.00609	0.00161	0.09921	0.00398	0.00331	0.00750

[dist]
# distance from previous block
# <min> <max>
9	25

[block]
# block no. 1 follows, 41 sequences, length 51
# corresponding to MSA columns:
# 635-685
name=unknown_B
#
# <colnr> <probs for GDERKNQSTAVLIFYWHMCP>
#	G	D	E	R	K	N	Q	S	T	A	V	L	I	F	Y	W	H	M	C	P
0	0.08595	0.07456	0.31396	0.01542	0.05577	0.04749	0.07973	0.08236	0.01351	0.05957	0.01076	0.01251	0.00807	0.00576	0.00608	0.00173	0.05732	0.00445	0.00321	0.06178
1	0.03771	0.48622	0.02458	0.01257	0.06401	0.07627	0.01054	0.04295	0.05678	0.03940	0.00973	0.01116	0.00835	0.00586	0.00583	0.00151	0.09220	0.00381	0.00300	0.00751
2	0.01374	0.00992	0.01101	0.00973	0.01262	0.02327	0.00757	0.02208	0.34368	0.12919	0.12919	0.02918	0.10276	0.04675	0.00712	0.00201	0.00430	0.03168	0.00568	0.05851
3	0.02582	0.02256	0.01561	0.30698	0.03574	0.01213	0.04785	0.01344	0.01096	0.01538	0.07253	0.05149	0.01386	0.02509	0.11400	0.00306	0.18189	0.00615	0.00310	0.02237
4	0.00872	0.00547	0.00720	0.00802	0.00880	0.00503	0.00550	0.00983	0.01149	0.08431	0.03162	0.66922	0.06975	0.03611	0.00767	0.00233	0.00350	0.01489	0.00543	0.00510
5	0.25943	0.01091	0.01152	0.01135	0.08103	0.04719	0.00784	0.11195	0.01329	0.13462	0.01427	0.05606	0.01251	0.14581	0.01016	0.05000	0.00541	0.00565	0.00429	0.00672
6	0.02072	0.02608	0.01617	0.01465	0.01747	0.71577	0.01106	0.02265	0.03909	0.01430	0.00923	0.01077	0.00769	0.00615	0.00583	0.00154	0.04729	0.00383	0.00302	0.00669
7	0.04021	0.01161	0.01401	0.01157	0.04027	0.04325	0.00906	0.16020	0.01772	0.50225	0.01973	0.05446	0.01368	0.00733	0.00571	0.00175	0.00534	0.00592	0.00625	0.02969
8	0.00740	0.00541	0.00704	0.00778	0.00857	0.00493	0.00536	0.00879	0.01200	0.01631	0.16157	0.59952	0.06262	0.01604	0.00704	0.00215	0.00324	0.01445	0.00539	0.04438
9	0.00746	0.00700	0.04294	0.00723	0.00923	0.00552	0.00599	0.00939	0.01312	0.01634	0.10354	0.09998	0.52017	0.01425	0.00689	0.00204	0.00352	0.11506	0.00524	0.00510
10	0.03385	0.01125	0.01238	0.01122	0.04881	0.04859	0.00835	0.22995	0.07367	0.13647	0.08970	0.09841	0.01881	0.02587	0.00618	0.00183	0.00494	0.00694	0.12507	0.00771
11	0.08600	0.01006	0.01250	0.01032	0.01415	0.00970	0.00850	0.04909	0.12365	0.48992	0.02212	0.02393	0.01602	0.00803	0.00583	0.00189	0.00488	0.08819	0.00636	0.00884
12	0.00825	0.00610	0.00907	0.00907	0.01011	0.00709	0.00705	0.01031	0.00928	0.01352	0.01542	0.02244	0.01431	0.04179	0.75264	0.00895	0.01493	0.00610	0.02844	0.00511
13	0.00712	0.00518	0.00657	0.00751	0.00808	0.00479	0.00505	0.00822	0.01137	0.01501	0.08393	0.59191	0.12893	0.07699	0.00887	0.00248	0.00339	0.01472	0.00524	0.00463
14	0.01397	0.01435	0.04650	0.14204	0.59416	0.05436	0.01708	0.01743	0.01293	0.01783	0.01055	0.01404	0.00870	0.00524	0.00564	0.00172	0.00716	0.00499	0.00278	0.00852
15	0.00990	0.00592	0.00817	0.00861	0.00969	0.00544	0.01809	0.01125	0.01204	0.12406	0.05648	0.61894	0.03435	0.01584	0.00707	0.00223	0.00369	0.03720	0.00556	0.00548
16	0.70577	0.03629	0.01023	0.10823	0.01484	0.01313	0.00756	0.01654	0.01002	0.02384	0.00825	0.01006	0.00642	0.00535	0.00383	0.00177	0.00489	0.00335	0.00338	0.00625
17	0.01013	0.00844	0.01318	0.25855	0.04480	0.00960	0.04612	0.01236	0.01094	0.03461	0.01793	0.23566	0.01864	0.10012	0.03939	0.00275	0.08247	0.02075	0.02786	0.00570
18	0.00848	0.00664	0.00771	0.00795	0.00904	0.02920	0.00550	0.01043	0.04425	0.01618	0.14188	0.42953	0.05700	0.12029	0.00976	0.00250	0.00385	0.01226	0.00501	0.07253
19	0.01845	0.05548	0.01572	0.08708	0.01812	0.15259	0.01014	0.24129	0.06489	0.12325	0.01444	0.05218	0.01128	0.00679	0.00543	0.00161	0.00646	0.00527	0.00463	0.10487
20	0.01263	0.39192	0.05799	0.01099	0.01410	0.02928	0.02370	0.01456	0.01088	0.01397	0.01233	0.12180	0.01256	0.01251	0.10646	0.00266	0.13640	0.00576	0.00295	0.00655
21	0.02544	0.01009	0.01350	0.01035	0.01478	0.00894	0.00855	0.06894	0.01697	0.72534	0.02206	0.01914	0.01390	0.00707	0.00575	0.00177	0.00495	0.00572	0.00700	0.00973
22	0.00981	0.05803	0.14382	0.17135	0.01911	0.01022	0.03457	0.01275	0.01092	0.01496	0.03957	0.14215	0.02858	0.07788	0.17287	0.00377	0.03295	0.00739	0.00331	0.00600
23	0.12323	0.03239	0.04226	0.14862	0.39748	0.03422	0.01435	0.01623	0.01205	0.01819	0.01174	0.07707	0.01060	0.00646	0.00586	0.00180	0.03112	0.00562	0.00305	0.00766
24	0.00877	0.00608	0.00784	0.00752	0.00892	0.00568	0.00559	0.01161	0.03899	0.04988	0.59029	0.14574	0.06658	0.01232	0.00676	0.00188	0.00293	0.01091	0.00615	0.00556
25	0.00824	0.00556	0.00622	0.00622	0.00631	0.00551	0.00351	0.00831	0.00855	0.01131	0.01999	0.03830	0.05730	0.76029	0.02801	0.00537	0.00541	0.00850	0.00356	0.00353
26	0.01400	0.31298	0.05451	0.03598	0.01531	0.06096	0.03626	0.02792	0.03430	0.07306	0.06159	0.10037	0.01548	0.01023	0.05830	0.00219	0.05727	0.01869	0.00365	0.00693
27	0.11434	0.01286	0.05130	0.12319	0.01850	0.01326	0.03484	0.31753	0.01794	0.05654	0.01360	0.01561	0.01019	0.02967	0.00588	0.00181	0.00579	0.00505	0.14434	0.00776
28	0.00763	0.00549	0.00737	0.00857	0.00927	0.00522	0.00636	0.00917	0.01186	0.01569	0.06400	0.53597	0.06096	0.01695	0.00742	0.00237	0.00382	0.21167	0.00534	0.00486
29	0.01450	0.01148	0.01371	0.02353	0.07268	0.01127	0.00900	0.24737	0.05300	0.02353	0.01507	0.11046	0.01353	0.00876	0.03061	0.01923	0.00543	0.01652	0.00443	0.29590
30	0.01833	0.01212	0.01281	0.01046	0.01379	0.04560	0.00836	0.35615	0.04298	0.13627	0.01727	0.05575	0.01341	0.03420	0.00618	0.00179	0.00520	0.00591	0.19534	0.00810
31	0.01171	0.01017	0.01263	0.12097	0.01730	0.00836	0.00810	0.01443	0.01180	0.01806	0.01017	0.01235	0.00835	0.00445	0.00445	0.00100	0.00473	0.00363	0.00327	0.71408
32	0.01695	0.50303	0.02442	0.01131	0.01556	0.20326	0.01007	0.05325	0.08501	0.01564	0.00991	0.01083	0.00843	0.00550	0.00433	0.00138	0.00698	0.00363	0.00304	0.00744
33	0.01168	0.00660	0.00875	0.00787	0.00979	0.00597	0.00602	0.01416	0.01586	0.17779	0.55454	0.09123	0.04451	0.01117	0.00658	0.00183	0.00320	0.00980	0.00639	0.00625
34	0.01328	0.00700	0.00926	0.00803	0.01032	0.00627	0.00626	0.01579	0.01613	0.24452	0.51474	0.03624	0.06793	0.01042	0.00645	0.00180	0.00335	0.00904	0.00649	0.00667
35	0.02057	0.01544	0.01650	0.01292	0.01729	0.01719	0.01059	0.63236	0.14068	0.03415	0.01523	0.01493	0.01094	0.00701	0.00574	0.00175	0.00602	0.00536	0.00574	0.00962
36	0.00829	0.00592	0.00831	0.00831	0.00900	0.00662	0.00604	0.00957	0.00888	0.01253	0.01583	0.02636	0.01590	0.24955	0.53868	0.04365	0.01219	0.00668	0.00315	0.00454
37	0.01725	0.01379	0.01464	0.01225	0.01603	0.01564	0.00979	0.31782	0.46061	0.02881	0.01944	0.01828	0.01435	0.00740	0.00578	0.00185	0.00524	0.00594	0.00578	0.00932
38	0.02257	0.01115	0.01363	0.01074	0.01489	0.01095	0.00878	0.17333	0.11879	0.48022	0.02067	0.01865	0.01373	0.00711	0.00567	0.00176	0.00500	0.00571	0.04725	0.00942
39	0.00733	0.00542	0.00694	0.00801	0.00882	0.00502	0.00582	0.00870	0.01174	0.01521	0.03631	0.52537	0.17389	0.01689	0.00730	0.00230	0.00358	0.14125	0.00530	0.00479
40	0.00701	0.00580	0.00614	0.00605	0.00788	0.00493	0.00454	0.00869	0.01362	0.01683	0.18758	0.05277	0.63048	0.01397	0.00676	0.00191	0.00286	0.01175	0.00549	0.00493
41	0.02142	0.01586	0.01698	0.01310	0.01761	0.01759	0.01079	0.71352	0.05813	0.03553	0.01414	0.01406	0.01006	0.00690	0.00573	0.00173	0.00622	0.00521	0.00573	0.00970
42	0.44385	0.01013	0.01014	0.00849	0.01207	0.01064	0.00692	0.04335	0.01267	0.27823	0.02655	0.01443	0.01042	0.00678	0.00527	0.03822	0.00454	0.00439	0.04561	0.00730
43	0.00885	0.00657	0.00838	0.00817	0.00845	0.00743	0.00565	0.00963	0.00903	0.01278	0.01772	0.12271	0.01954	0.42285	0.14997	0.00512	0.12018	0.00829	0.04428	0.00438
44	0.02415	0.01076	0.01377	0.01061	0.01493	0.01005	0.00874	0.16341	0.01837	0.59552	0.05323	0.01940	0.01506	0.00724	0.00579	0.00176	0.00504	0.00584	0.00679	0.00954
45	0.01346	0.01288	0.02195	0.19168	0.61220	0.01341	0.01721	0.01694	0.01269	0.01784	0.01064	0.01438	0.00876	0.00523	0.00567	0.00174	0.00697	0.00509	0.00277	0.00850
46	0.01664	0.01107	0.01268	0.03183	0.01424	0.01177	0.00851	0.37394	0.01933	0.09890	0.01929	0.21150	0.01763	0.01009	0.00657	0.03223	0.00506	0.00801	0.08303	0.00768
47	0.36619	0.04353	0.01333	0.01173	0.03840	0.33315	0.00889	0.04063	0.01326	0.02001	0.00873	0.01017	0.00707	0.00551	0.00440	0.00157	0.00707	0.00349	0.00329	0.05959
48	0.03313	0.01137	0.01732	0.27742	0.04979	0.03978	0.13188	0.10209	0.01374	0.01861	0.03043	0.08176	0.01327	0.00813	0.00711	0.04046	0.02828	0.04179	0.04700	0.00663
49	0.09012	0.02337	0.51336	0.04277	0.02239	0.01260	0.04761	0.01724	0.01177	0.01866	0.01001	0.01205	0.00740	0.00537	0.00552	0.00170	0.02894	0.00416	0.00268	0.12227
50	0.03434	0.09906	0.08220	0.16727	0.01962	0.09714	0.02468	0.03730	0.04535	0.09798	0.05678	0.05478	0.11928	0.00807	0.00606	0.00179	0.03086	0.00648	0.00402	0.00694

[dist]
# distance from previous block
# <min> <max>
2	5

[block]
# block no. 2 follows, 41 sequences, length 10
# corresponding to MSA columns:
# 692-701
name=unknown_C
#
# <colnr> <probs for GDERKNQSTAVLIFYWHMCP>
#	G	D	E	R	K	N	Q	S	T	A	V	L	I	F	Y	W	H	M	C	P
0	0.01077	0.00694	0.02947	0.00789	0.00949	0.00600	0.00596	0.01248	0.01300	0.13600	0.23182	0.17312	0.09564	0.18838	0.01171	0.00278	0.00409	0.04355	0.00537	0.00555
1	0.05408	0.08523	0.26401	0.01731	0.15739	0.01257	0.05823	0.03697	0.01307	0.12895	0.01456	0.10639	0.01234	0.00704	0.00559	0.00180	0.00663	0.00606	0.00370	0.00809
2	0.00724	0.00516	0.00661	0.00756	0.00799	0.00484	0.00500	0.00823	0.01104	0.01473	0.08325	0.59570	0.07027	0.13153	0.01043	0.00274	0.00358	0.01448	0.00511	0.00454
3	0.00801	0.00542	0.00633	0.00663	0.00670	0.00534	0.00388	0.00824	0.00891	0.01188	0.02107	0.20840	0.02464	0.62277	0.02419	0.00482	0.00504	0.01011	0.00388	0.00373
4	0.06873	0.00798	0.00968	0.05128	0.01145	0.00889	0.00692	0.05792	0.03729	0.03885	0.06327	0.15707	0.02149	0.24641	0.01443	0.00310	0.09779	0.03875	0.05329	0.00542
5	0.03130	0.06117	0.13709	0.35697	0.10708	0.01277	0.01493	0.03563	0.02951	0.04651	0.01333	0.02024	0.01121	0.00688	0.00576	0.00190	0.00701	0.09028	0.00323	0.00719
6	0.00893	0.00649	0.00881	0.00997	0.01136	0.00638	0.00864	0.01142	0.01315	0.01692	0.03357	0.06340	0.11935	0.01564	0.00777	0.00255	0.00499	0.64019	0.00527	0.00521
7	0.01106	0.01014	0.01557	0.56124	0.05451	0.01218	0.01373	0.01657	0.12987	0.01627	0.01600	0.04930	0.05584	0.00703	0.00586	0.00192	0.00665	0.00617	0.00335	0.00671
8	0.02996	0.12358	0.04757	0.06699	0.05633	0.04740	0.05611	0.13430	0.11765	0.01981	0.01681	0.16981	0.01597	0.04542	0.00714	0.00202	0.02437	0.00733	0.00416	0.00726
9	0.01745	0.04106	0.07870	0.01128	0.01511	0.01213	0.00980	0.30849	0.01883	0.17573	0.04028	0.16349	0.03866	0.00942	0.00606	0.00187	0.00540	0.03255	0.00551	0.00818

[dist]
# distance from previous block
# <min> <max>
1	2

[block]
# block no. 3 follows, 41 sequences, length 36
# corresponding to MSA columns:
# 704-739
name=unknown_D
#
# <colnr> <probs for GDERKNQSTAVLIFYWHMCP>
#	G	D	E	R	K	N	Q	S	T	A	V	L	I	F	Y	W	H	M	C	P
0	0.00709	0.00562	0.00639	0.00672	0.00813	0.00492	0.00491	0.00864	0.01296	0.01636	0.15107	0.24488	0.44818	0.01502	0.00694	0.00204	0.00306	0.03677	0.00545	0.00488
1	0.01367	0.10787	0.35406	0.01457	0.02054	0.04378	0.12030	0.01813	0.01303	0.10061	0.03554	0.03407	0.05138	0.00661	0.00560	0.00176	0.00726	0.01673	0.02669	0.00779
2	0.01207	0.00978	0.01150	0.00841	0.01309	0.00747	0.00664	0.01443	0.01183	0.04583	0.01158	0.03408	0.01007	0.04406	0.00561	0.00115	0.00430	0.00406	0.00358	0.74046
3	0.02028	0.02498	0.01571	0.01427	0.01726	0.66022	0.01075	0.02399	0.12820	0.01551	0.01104	0.01199	0.00890	0.00618	0.00526	0.00154	0.00944	0.00411	0.00338	0.00700
4	0.01294	0.06812	0.60602	0.01614	0.02385	0.01372	0.07759	0.03920	0.01283	0.06138	0.01105	0.01266	0.00783	0.00549	0.00547	0.00178	0.00816	0.00448	0.00282	0.00844
5	0.00835	0.00607	0.00826	0.00819	0.00878	0.00680	0.00585	0.00957	0.00884	0.01243	0.01617	0.02808	0.01667	0.33926	0.46188	0.00758	0.03257	0.00696	0.00321	0.00449
6	0.06264	0.01357	0.01421	0.01196	0.01570	0.01542	0.00955	0.28744	0.44958	0.02840	0.01898	0.01793	0.01404	0.00730	0.00566	0.00185	0.00516	0.00580	0.00566	0.00914
7	0.00817	0.00564	0.00674	0.00678	0.00706	0.00576	0.00420	0.00863	0.00878	0.01179	0.01994	0.05876	0.05685	0.60601	0.15619	0.00590	0.00703	0.00837	0.00354	0.00385
8	0.00810	0.00585	0.00765	0.00720	0.00855	0.00540	0.00540	0.01079	0.01619	0.02294	0.76028	0.04273	0.05397	0.01169	0.00675	0.00180	0.00270	0.01034	0.00630	0.00540
9	0.25759	0.01011	0.01189	0.00942	0.01359	0.00967	0.00778	0.02472	0.01448	0.55589	0.01840	0.01657	0.01189	0.00658	0.00512	0.00177	0.00474	0.00500	0.00607	0.00873
10	0.00722	0.00562	0.00657	0.00682	0.00818	0.00497	0.00498	0.00891	0.01334	0.01724	0.23554	0.23901	0.37586	0.01465	0.00692	0.00201	0.00300	0.02865	0.00557	0.00494
11	0.00704	0.00503	0.00670	0.00792	0.00831	0.00469	0.00531	0.00813	0.01126	0.01510	0.07493	0.75043	0.03879	0.01755	0.00727	0.00229	0.00328	0.01591	0.00537	0.00469
12	0.01455	0.01257	0.01294	0.01151	0.01476	0.03201	0.00898	0.08322	0.63938	0.02414	0.02413	0.02237	0.05782	0.00802	0.00585	0.00191	0.00471	0.00661	0.00572	0.00881
13	0.02361	0.05291	0.01426	0.01040	0.01462	0.04092	0.00860	0.08145	0.01691	0.59667	0.06350	0.01946	0.01550	0.00717	0.00567	0.00173	0.00514	0.00575	0.00651	0.00923
14	0.01066	0.00533	0.00533	0.00533	0.00666	0.00533	0.00400	0.01333	0.01200	0.02132	0.01866	0.02132	0.01466	0.00666	0.00400	0.00133	0.00267	0.00533	0.83073	0.00533
15	0.01134	0.00774	0.00860	0.00775	0.01027	0.00727	0.00607	0.07364	0.07741	0.11930	0.10265	0.04333	0.45576	0.01211	0.00650	0.00190	0.00364	0.03273	0.00570	0.00631
16	0.01109	0.01055	0.01811	0.71555	0.07914	0.01282	0.04284	0.01491	0.01160	0.01498	0.01025	0.01520	0.00774	0.00565	0.00575	0.00190	0.00765	0.00515	0.00257	0.00655
17	0.01202	0.01087	0.01400	0.12894	0.01791	0.06455	0.09779	0.13247	0.03214	0.01979	0.10303	0.13874	0.18369	0.01017	0.00637	0.00190	0.00560	0.00893	0.00461	0.00647
18	0.18633	0.00781	0.00842	0.00828	0.01008	0.00803	0.00609	0.08418	0.01240	0.03812	0.02325	0.39058	0.04777	0.06913	0.00768	0.00228	0.00410	0.02610	0.02008	0.03928
19	0.06230	0.16170	0.12823	0.08451	0.01944	0.32497	0.01243	0.04583	0.01377	0.01599	0.00927	0.01138	0.00761	0.00699	0.02927	0.00184	0.05064	0.00395	0.00286	0.00702
20	0.03268	0.00702	0.00835	0.00805	0.00959	0.00661	0.00565	0.06168	0.01178	0.03743	0.02354	0.37607	0.04511	0.18463	0.02806	0.00286	0.00448	0.01080	0.00460	0.13101
21	0.01330	0.03278	0.28565	0.18086	0.06389	0.01434	0.15755	0.11096	0.01401	0.01947	0.01080	0.01368	0.00803	0.00575	0.00639	0.00186	0.04466	0.00507	0.00299	0.00794
22	0.00717	0.00503	0.00663	0.00780	0.00809	0.00473	0.00514	0.00798	0.01062	0.01416	0.02973	0.70704	0.03555	0.08572	0.00963	0.02662	0.00356	0.01525	0.00507	0.00448
23	0.83938	0.01106	0.00841	0.00752	0.01106	0.01283	0.00619	0.01681	0.00973	0.02566	0.00796	0.00929	0.00619	0.00531	0.00354	0.00177	0.00442	0.00310	0.00354	0.00619
24	0.01248	0.00863	0.01075	0.02129	0.05313	0.00886	0.02379	0.12594	0.07324	0.06830	0.04099	0.17536	0.07156	0.08287	0.02467	0.00237	0.00477	0.04405	0.14044	0.00651
25	0.01350	0.01543	0.03375	0.02411	0.02989	0.01446	0.74253	0.01832	0.01350	0.01832	0.01157	0.01543	0.00868	0.00482	0.00675	0.00193	0.00964	0.00675	0.00289	0.00771
26	0.00887	0.00603	0.00750	0.00712	0.00874	0.00540	0.00534	0.01110	0.01502	0.07078	0.48266	0.10410	0.22080	0.01255	0.00673	0.00187	0.00294	0.01092	0.00603	0.00549
27	0.01251	0.01251	0.01752	0.01502	0.01502	0.01752	0.01251	0.01377	0.00876	0.01377	0.00751	0.01251	0.00751	0.01001	0.01877	0.00250	0.78851	0.00501	0.00250	0.00626
28	0.32612	0.00994	0.01089	0.00889	0.01266	0.00993	0.00728	0.03743	0.01400	0.39755	0.07470	0.01744	0.01424	0.00677	0.00496	0.00176	0.00450	0.00510	0.02786	0.00796
29	0.00831	0.00562	0.00745	0.03188	0.00972	0.00536	0.00588	0.00977	0.02468	0.05533	0.03110	0.63843	0.06949	0.03822	0.00774	0.00235	0.00365	0.03468	0.00528	0.00505
30	0.01576	0.00809	0.01025	0.00863	0.01151	0.00741	0.00684	0.04174	0.05696	0.32233	0.29853	0.03300	0.13500	0.00986	0.00626	0.00181	0.00382	0.00836	0.00643	0.00740
31	0.00955	0.00615	0.00753	0.00721	0.00895	0.00544	0.00539	0.01149	0.01429	0.10729	0.31766	0.16852	0.28282	0.01311	0.00672	0.00193	0.00312	0.01136	0.00590	0.00560
32	0.01399	0.01342	0.02291	0.07334	0.72640	0.01355	0.01747	0.01740	0.01294	0.01848	0.01073	0.01421	0.00899	0.00513	0.00567	0.00171	0.00684	0.00510	0.00282	0.00892
33	0.06534	0.00966	0.01092	0.01032	0.01268	0.01043	0.00824	0.17685	0.15647	0.02244	0.02508	0.19350	0.05971	0.01275	0.02783	0.00232	0.00505	0.17822	0.00531	0.00688
34	0.57831	0.03316	0.01058	0.03227	0.01271	0.03816	0.00739	0.01678	0.01036	0.06261	0.00943	0.01133	0.00750	0.00853	0.06254	0.00233	0.05953	0.00368	0.00354	0.02927
35	0.01057	0.00896	0.01099	0.01014	0.01087	0.04775	0.00774	0.03601	0.00995	0.01409	0.01380	0.02276	0.01373	0.22191	0.28434	0.00547	0.21090	0.00620	0.04859	0.00523

[dist]
# distance from previous block
# <min> <max>
2	13

[block]
# block no. 4 follows, 41 sequences, length 15
# corresponding to MSA columns:
# 753-767
name=unknown_E
#
# <colnr> <probs for GDERKNQSTAVLIFYWHMCP>
#	G	D	E	R	K	N	Q	S	T	A	V	L	I	F	Y	W	H	M	C	P
0	0.04299	0.07829	0.01490	0.05132	0.01536	0.01424	0.00930	0.36354	0.01850	0.02616	0.01361	0.01561	0.01061	0.01087	0.09454	0.00252	0.04977	0.00504	0.15512	0.00771
1	0.01015	0.00757	0.00897	0.00842	0.01030	0.00765	0.00636	0.03343	0.18217	0.04694	0.39148	0.13525	0.10547	0.01159	0.00655	0.00191	0.00337	0.01011	0.00598	0.00633
2	0.00849	0.00641	0.00838	0.00826	0.00872	0.00717	0.00583	0.00945	0.00915	0.01265	0.01938	0.11326	0.05344	0.35347	0.26421	0.00588	0.08956	0.00831	0.00352	0.00447
3	0.00795	0.00584	0.00745	0.00705	0.00846	0.00534	0.00529	0.01052	0.01586	0.02214	0.68572	0.04403	0.12903	0.01199	0.00675	0.00181	0.00272	0.01053	0.00619	0.00534
4	0.08778	0.05811	0.01339	0.01001	0.01362	0.03574	0.00821	0.23657	0.04274	0.21445	0.07870	0.01895	0.02961	0.00719	0.00528	0.00166	0.00497	0.00560	0.11932	0.00811
5	0.02137	0.02726	0.01621	0.01474	0.01768	0.77602	0.01105	0.02284	0.01621	0.01400	0.00884	0.01031	0.00737	0.00589	0.00516	0.00147	0.01031	0.00368	0.00295	0.00663
6	0.02456	0.01085	0.01389	0.01072	0.01512	0.01015	0.00883	0.14329	0.04861	0.61874	0.02117	0.01862	0.01358	0.00707	0.00575	0.00177	0.00508	0.00568	0.00681	0.00970
7	0.00714	0.00511	0.00679	0.00785	0.00833	0.00476	0.00532	0.00839	0.01173	0.01584	0.13993	0.68331	0.04023	0.01699	0.00722	0.00225	0.00323	0.01538	0.00546	0.00476
8	0.00860	0.00620	0.00844	0.00949	0.01069	0.00605	0.00790	0.01092	0.01316	0.01730	0.11598	0.17567	0.07623	0.01559	0.00761	0.00245	0.00454	0.49263	0.00539	0.00516
9	0.55443	0.05609	0.01157	0.00900	0.01270	0.04540	0.00745	0.16599	0.01373	0.02644	0.00968	0.01079	0.00742	0.00569	0.00408	0.00170	0.00506	0.00364	0.04218	0.00696
10	0.00766	0.00542	0.00712	0.00811	0.00864	0.00519	0.00574	0.00893	0.01132	0.01511	0.08127	0.49275	0.03548	0.13688	0.01072	0.00284	0.00397	0.14314	0.00509	0.00463
11	0.00817	0.00613	0.00919	0.00919	0.01021	0.00715	0.00715	0.01021	0.00919	0.01328	0.01532	0.02247	0.01430	0.04290	0.77631	0.00919	0.01532	0.00613	0.00306	0.00511
12	0.20169	0.03058	0.01127	0.00913	0.01221	0.01109	0.00735	0.18184	0.05694	0.10152	0.21532	0.02336	0.05201	0.00845	0.00585	0.02216	0.00438	0.00644	0.03127	0.00716
13	0.01409	0.01325	0.02208	0.13622	0.62643	0.01368	0.01698	0.05440	0.01352	0.01902	0.01083	0.01428	0.00890	0.00527	0.00567	0.00173	0.00688	0.00510	0.00294	0.00873
14	0.07267	0.06245	0.00931	0.00749	0.00920	0.04419	0.00586	0.04324	0.01207	0.01985	0.01610	0.05193	0.01378	0.05484	0.00690	0.00177	0.06651	0.00555	0.49056	0.00570

[dist]
# distance from previous block
# <min> <max>
0	6

[block]
# block no. 5 follows, 41 sequences, length 11
# corresponding to MSA columns:
# 774-784
name=unknown_F
#
# <colnr> <probs for GDERKNQSTAVLIFYWHMCP>
#	G	D	E	R	K	N	Q	S	T	A	V	L	I	F	Y	W	H	M	C	P
0	0.01492	0.24267	0.01727	0.01018	0.01323	0.03407	0.00854	0.17394	0.01471	0.07211	0.04224	0.05949	0.01432	0.10242	0.12395	0.00319	0.03591	0.00583	0.00401	0.00698
1	0.01680	0.00774	0.01040	0.00872	0.01155	0.00686	0.00689	0.01917	0.01603	0.39346	0.35738	0.06756	0.03335	0.00970	0.00628	0.00181	0.00381	0.00834	0.00664	0.00752
2	0.00832	0.03367	0.00954	0.02840	0.01069	0.00658	0.04149	0.02462	0.01219	0.01629	0.13219	0.43372	0.08544	0.04742	0.05418	0.00269	0.00465	0.03780	0.00496	0.00516
3	0.01259	0.01194	0.02090	0.17215	0.29951	0.01229	0.15989	0.05964	0.01329	0.01817	0.01460	0.15051	0.01375	0.00750	0.00618	0.00189	0.00689	0.00737	0.00339	0.00754
4	0.00865	0.00558	0.00740	0.00804	0.00895	0.00515	0.00571	0.01013	0.01246	0.07162	0.16343	0.54638	0.05987	0.01580	0.00710	0.00219	0.00340	0.04733	0.00562	0.00519
5	0.00832	0.00555	0.00624	0.00624	0.00624	0.00555	0.00347	0.00832	0.00832	0.01109	0.01802	0.03743	0.02080	0.79898	0.02911	0.00555	0.00555	0.00832	0.00347	0.00347
6	0.12080	0.45323	0.04759	0.01070	0.01496	0.14314	0.00982	0.06184	0.01293	0.01661	0.00897	0.01056	0.00776	0.00755	0.05089	0.00187	0.00724	0.00352	0.00290	0.00713
7	0.14787	0.09258	0.41416	0.01601	0.07787	0.01410	0.06888	0.01803	0.01189	0.04851	0.01021	0.01207	0.00761	0.00551	0.00552	0.00177	0.03232	0.00427	0.00286	0.00796
8	0.00919	0.00678	0.00899	0.00994	0.01135	0.00681	0.00838	0.01261	0.06676	0.01767	0.07582	0.11824	0.07487	0.01506	0.00757	0.00247	0.00477	0.53188	0.00538	0.00547
9	0.05196	0.03519	0.10246	0.08081	0.01677	0.00942	0.00938	0.03075	0.01232	0.04611	0.03785	0.06624	0.01189	0.00593	0.00485	0.00130	0.00507	0.00485	0.00359	0.46327
10	0.04169	0.01720	0.20653	0.13377	0.05961	0.03560	0.20306	0.01666	0.01181	0.01716	0.01038	0.01390	0.00813	0.00622	0.00816	0.00194	0.15312	0.00519	0.04257	0.00729

[dist]
# distance from previous block
# <min> <max>
0	1

[block]
# block no. 6 follows, 41 sequences, length 31
# corresponding to MSA columns:
# 786-816
name=unknown_G
#
# <colnr> <probs for GDERKNQSTAVLIFYWHMCP>
#	G	D	E	R	K	N	Q	S	T	A	V	L	I	F	Y	W	H	M	C	P
0	0.01094	0.01031	0.01741	0.75406	0.06948	0.01274	0.01595	0.01474	0.01150	0.01478	0.01019	0.01520	0.00768	0.00569	0.00572	0.00190	0.00759	0.00508	0.00255	0.00647
1	0.01529	0.80242	0.02997	0.00979	0.01468	0.02263	0.00979	0.01713	0.01162	0.01346	0.00795	0.00918	0.00734	0.00489	0.00367	0.00122	0.00612	0.00306	0.00245	0.00734
2	0.00821	0.00613	0.00719	0.00696	0.00863	0.00556	0.00520	0.01081	0.04511	0.04026	0.36553	0.10744	0.33590	0.01304	0.00673	0.00190	0.00297	0.01123	0.00582	0.00538
3	0.01939	0.01092	0.01309	0.01049	0.01413	0.01099	0.00849	0.24159	0.07786	0.30919	0.19548	0.02341	0.02255	0.00817	0.00598	0.00177	0.00476	0.00672	0.00638	0.00865
4	0.02108	0.01569	0.01679	0.01303	0.01749	0.01743	0.01071	0.68135	0.09085	0.03498	0.01457	0.01440	0.01041	0.00695	0.00573	0.00174	0.00614	0.00527	0.00573	0.00967
5	0.01076	0.00559	0.00806	0.00802	0.00810	0.00548	0.00534	0.00809	0.00801	0.01076	0.01075	0.01844	0.01068	0.02022	0.02248	0.82303	0.00524	0.00522	0.00277	0.00295
6	0.02137	0.02726	0.01621	0.01474	0.01768	0.77602	0.01105	0.02284	0.01621	0.01400	0.00884	0.01031	0.00737	0.00589	0.00516	0.00147	0.01031	0.00368	0.00295	0.00663
7	0.01667	0.01194	0.01315	0.01142	0.01493	0.01325	0.00900	0.05560	0.58706	0.16543	0.02280	0.02071	0.01656	0.00760	0.00580	0.00190	0.00465	0.00628	0.00606	0.00921
8	0.00886	0.00621	0.00789	0.00743	0.00899	0.00577	0.00563	0.01184	0.04109	0.05078	0.60573	0.06316	0.11484	0.01190	0.00672	0.00185	0.00294	0.02658	0.00617	0.00562
9	0.00717	0.00577	0.00645	0.00684	0.00841	0.00506	0.00521	0.00874	0.01280	0.01573	0.06654	0.17495	0.52621	0.01515	0.00701	0.00209	0.00329	0.11238	0.00533	0.00487
10	0.01972	0.01287	0.01443	0.01150	0.01525	0.01371	0.00926	0.48184	0.02195	0.15500	0.01764	0.10745	0.01443	0.04632	0.00699	0.00197	0.00557	0.00671	0.02869	0.00871
11	0.28559	0.01186	0.01115	0.00930	0.01270	0.05136	0.00752	0.22383	0.01620	0.11108	0.01372	0.01448	0.01008	0.00629	0.00460	0.00164	0.00491	0.00452	0.19177	0.00742
12	0.00998	0.00654	0.00878	0.00948	0.02712	0.00630	0.00708	0.01261	0.04877	0.08577	0.16507	0.33887	0.03577	0.01445	0.00711	0.00222	0.00399	0.19877	0.00561	0.00572
13	0.00901	0.00603	0.00787	0.00737	0.00886	0.00552	0.00554	0.01157	0.01587	0.06489	0.66461	0.07795	0.06946	0.01180	0.00672	0.00183	0.00286	0.01041	0.00627	0.00559
14	0.01401	0.01944	0.23578	0.02459	0.33441	0.08442	0.10952	0.04372	0.01372	0.01882	0.03971	0.01446	0.01010	0.00555	0.00573	0.00174	0.00778	0.00513	0.00297	0.00837
15	0.05886	0.10056	0.52649	0.01469	0.02139	0.01351	0.05096	0.01687	0.01177	0.01765	0.01193	0.08686	0.01020	0.00666	0.00575	0.00182	0.02814	0.00534	0.00278	0.00776
16	0.24987	0.00969	0.00951	0.00839	0.01087	0.01060	0.00647	0.19713	0.01444	0.02397	0.01554	0.08545	0.01427	0.13567	0.00871	0.00234	0.00465	0.01779	0.16833	0.00632
17	0.01096	0.01003	0.04552	0.22942	0.11618	0.01008	0.02768	0.05125	0.01327	0.01753	0.02118	0.05811	0.04683	0.01052	0.00671	0.00218	0.00625	0.30580	0.00406	0.00643
18	0.01045	0.00745	0.01038	0.00974	0.01108	0.00860	0.00762	0.06387	0.01078	0.05790	0.01526	0.02197	0.01392	0.08585	0.57510	0.00753	0.06727	0.00610	0.00347	0.00567
19	0.05155	0.27146	0.34057	0.01304	0.01892	0.01644	0.01455	0.03916	0.05460	0.05932	0.01076	0.01204	0.00829	0.00584	0.00576	0.00167	0.06092	0.00410	0.00303	0.00799
20	0.01242	0.01756	0.25934	0.17153	0.25496	0.01293	0.05190	0.01786	0.06425	0.01821	0.01185	0.01468	0.00909	0.00559	0.00557	0.00178	0.00723	0.00500	0.05018	0.00806
21	0.02409	0.00983	0.01308	0.01017	0.01437	0.00878	0.00835	0.05316	0.04324	0.67058	0.06509	0.02068	0.01643	0.00736	0.00581	0.00178	0.00478	0.00602	0.00694	0.00946
22	0.00825	0.00552	0.00626	0.00633	0.00634	0.00550	0.00356	0.00830	0.00845	0.01127	0.01872	0.07649	0.02167	0.75873	0.02799	0.00538	0.00543	0.00873	0.00356	0.00353
23	0.09731	0.10649	0.43147	0.11197	0.02342	0.02866	0.03417	0.01833	0.04758	0.03463	0.01067	0.01254	0.00788	0.00554	0.00514	0.00176	0.00748	0.00429	0.00284	0.00784
24	0.00754	0.00524	0.00691	0.00806	0.00857	0.00502	0.00565	0.00880	0.01109	0.01507	0.02955	0.60824	0.03447	0.05531	0.02927	0.00265	0.00394	0.09754	0.05234	0.00471
25	0.00857	0.00586	0.00693	0.00688	0.00714	0.00603	0.00422	0.02625	0.00898	0.01212	0.01802	0.06156	0.02023	0.64707	0.13182	0.00585	0.00685	0.00822	0.00353	0.00389
26	0.12750	0.04176	0.02731	0.35462	0.02476	0.03147	0.01223	0.03398	0.01111	0.01684	0.01018	0.01432	0.00830	0.00917	0.06278	0.00244	0.15184	0.00476	0.04829	0.00634
27	0.03613	0.37550	0.25208	0.02643	0.01789	0.01643	0.03857	0.01709	0.01207	0.04530	0.03872	0.03147	0.01049	0.00663	0.02165	0.00170	0.00677	0.00443	0.03317	0.00748
28	0.00862	0.00616	0.00853	0.00985	0.01091	0.00607	0.00818	0.01082	0.01258	0.01645	0.03061	0.25827	0.03422	0.01636	0.00774	0.00255	0.00475	0.53693	0.00528	0.00510
29	0.04506	0.01291	0.01946	0.21483	0.08201	0.08764	0.19250	0.04373	0.01281	0.01706	0.01286	0.05954	0.01138	0.00773	0.00756	0.04649	0.04775	0.04702	0.02501	0.00666
30	0.04379	0.02331	0.05898	0.35929	0.02661	0.01134	0.07053	0.01703	0.05389	0.11017	0.03711	0.04371	0.03340	0.00763	0.00600	0.00195	0.00656	0.07789	0.00387	0.00694

[dist]
# distance from previous block
# <min> <max>
3	5

[block]
# block no. 7 follows, 41 sequences, length 13
# corresponding to MSA columns:
# 822-834
name=unknown_H
#
# <colnr> <probs for GDERKNQSTAVLIFYWHMCP>
#	G	D	E	R	K	N	Q	S	T	A	V	L	I	F	Y	W	H	M	C	P
0	0.12306	0.00824	0.00989	0.00838	0.01124	0.00781	0.00666	0.04389	0.01555	0.28082	0.32424	0.03023	0.08814	0.00931	0.00595	0.00179	0.00382	0.00776	0.00611	0.00711
1	0.01529	0.80242	0.02997	0.00979	0.01468	0.02263	0.00979	0.01713	0.01162	0.01346	0.00795	0.00918	0.00734	0.00489	0.00367	0.00122	0.00612	0.00306	0.00245	0.00734
2	0.04950	0.04662	0.01639	0.14404	0.03901	0.06181	0.05495	0.12041	0.01304	0.01815	0.01138	0.01614	0.00986	0.06577	0.09450	0.00297	0.18500	0.00526	0.03854	0.00665
3	0.00822	0.00556	0.00621	0.00621	0.00633	0.00550	0.00352	0.00831	0.00862	0.01137	0.02054	0.03854	0.06747	0.74951	0.02770	0.00532	0.00538	0.00855	0.00358	0.00355
4	0.01592	0.01313	0.01389	0.01198	0.01552	0.01502	0.00946	0.19145	0.58915	0.02666	0.02113	0.01962	0.01572	0.00756	0.00580	0.00189	0.00493	0.00617	0.00580	0.00921
5	0.00704	0.00512	0.00664	0.00770	0.00826	0.00472	0.00523	0.00822	0.01157	0.01536	0.09351	0.66585	0.10548	0.01710	0.00721	0.00224	0.00323	0.01539	0.00539	0.00472
6	0.02359	0.01734	0.01847	0.01451	0.01915	0.01868	0.01169	0.72009	0.02773	0.03739	0.01582	0.01673	0.01177	0.00829	0.00665	0.00212	0.00699	0.00584	0.00639	0.01075
7	0.01649	0.01199	0.01310	0.01125	0.01477	0.01322	0.00890	0.12254	0.49927	0.13824	0.02407	0.02215	0.06212	0.00796	0.00586	0.00188	0.00471	0.00653	0.00597	0.00898
8	0.00715	0.00517	0.00669	0.00765	0.00822	0.00479	0.00519	0.00836	0.01169	0.01562	0.12729	0.61858	0.09070	0.04432	0.00796	0.00234	0.00329	0.01492	0.00537	0.00471
9	0.00705	0.00504	0.00671	0.00791	0.00831	0.00470	0.00532	0.00817	0.01133	0.01521	0.08429	0.74076	0.03900	0.01747	0.00726	0.00229	0.00327	0.01583	0.00538	0.00470
10	0.01777	0.01244	0.01336	0.01122	0.01476	0.04804	0.00901	0.22368	0.24668	0.17038	0.05916	0.02405	0.07063	0.00838	0.00597	0.00185	0.00518	0.04299	0.00586	0.00858
11	0.06729	0.01086	0.01368	0.01054	0.01495	0.01021	0.00871	0.14807	0.01780	0.60545	0.02032	0.01797	0.01300	0.00695	0.00563	0.00176	0.00508	0.00551	0.00667	0.00955
12	0.05470	0.00895	0.00976	0.00819	0.01098	0.00919	0.00655	0.18886	0.01623	0.16535	0.01773	0.01862	0.01301	0.00673	0.00471	0.00153	0.00402	0.00526	0.44238	0.00724

[dist]
# distance from previous block
# <min> <max>
0	4

[block]
# block no. 8 follows, 41 sequences, length 35
# corresponding to MSA columns:
# 839-873
name=unknown_I
#
# <colnr> <probs for GDERKNQSTAVLIFYWHMCP>
#	G	D	E	R	K	N	Q	S	T	A	V	L	I	F	Y	W	H	M	C	P
0	0.13652	0.08361	0.01417	0.01056	0.03300	0.01145	0.00848	0.10745	0.03885	0.36958	0.04872	0.04232	0.01429	0.00895	0.04486	0.00212	0.00552	0.00561	0.00555	0.00839
1	0.02845	0.00778	0.01044	0.08448	0.04347	0.00797	0.02302	0.08086	0.01358	0.01867	0.16997	0.21866	0.06798	0.09279	0.04593	0.00269	0.00510	0.04649	0.00474	0.02693
2	0.01099	0.01023	0.08646	0.12032	0.04724	0.00877	0.01077	0.01436	0.03200	0.06258	0.08827	0.10564	0.02387	0.01082	0.00684	0.00207	0.02412	0.24856	0.00449	0.08161
3	0.07623	0.02171	0.43763	0.12514	0.08726	0.03438	0.03256	0.01740	0.01229	0.03939	0.03948	0.03009	0.01002	0.00598	0.00546	0.00181	0.00753	0.00490	0.00292	0.00781
4	0.83938	0.01106	0.00841	0.00752	0.01106	0.01283	0.00619	0.01681	0.00973	0.02566	0.00796	0.00929	0.00619	0.00531	0.00354	0.00177	0.00442	0.00310	0.00354	0.00619
5	0.03501	0.01560	0.16391	0.25039	0.12247	0.01294	0.20213	0.01801	0.01275	0.09416	0.01183	0.01483	0.00864	0.00549	0.00587	0.00185	0.00783	0.00537	0.00314	0.00778
6	0.03835	0.01966	0.35664	0.01564	0.04419	0.02330	0.11661	0.02012	0.03186	0.19159	0.01517	0.03923	0.01151	0.00666	0.00583	0.00187	0.00725	0.04227	0.00393	0.00832
7	0.00800	0.00571	0.00708	0.00715	0.00846	0.00514	0.00520	0.00989	0.01394	0.04222	0.35676	0.25478	0.22657	0.01399	0.00687	0.00198	0.00299	0.01228	0.00580	0.00518
8	0.01251	0.01251	0.01752	0.01502	0.01502	0.01752	0.01251	0.01377	0.00876	0.01377	0.00751	0.01251	0.00751	0.01001	0.01877	0.00250	0.78851	0.00501	0.00250	0.00626
9	0.09889	0.00964	0.01255	0.03623	0.02683	0.00890	0.00835	0.02501	0.02674	0.58757	0.03222	0.01949	0.01412	0.00704	0.00550	0.00177	0.00480	0.01674	0.04871	0.00891
10	0.01051	0.00968	0.01399	0.10395	0.01583	0.01270	0.01064	0.01222	0.00949	0.01387	0.01303	0.12513	0.01338	0.01835	0.19380	0.00398	0.40379	0.00686	0.00303	0.00577
11	0.02362	0.01086	0.01376	0.01064	0.01489	0.01027	0.00875	0.18519	0.01869	0.55564	0.07005	0.01976	0.01585	0.00734	0.00581	0.00176	0.00504	0.00593	0.00673	0.00944
12	0.00702	0.00541	0.00642	0.00701	0.00810	0.00481	0.00494	0.00840	0.01241	0.01593	0.12888	0.41089	0.32766	0.01581	0.00702	0.00210	0.00308	0.01389	0.00543	0.00481
13	0.01319	0.01261	0.02148	0.25058	0.55536	0.01334	0.01707	0.01671	0.01257	0.01752	0.01059	0.01447	0.00865	0.00528	0.00568	0.00176	0.00703	0.00509	0.00275	0.00828
14	0.01225	0.00996	0.01017	0.02350	0.01195	0.05452	0.00704	0.17588	0.07219	0.03836	0.12851	0.08079	0.31182	0.02869	0.00685	0.00194	0.00441	0.00928	0.00537	0.00652
15	0.83938	0.01106	0.00841	0.00752	0.01106	0.01283	0.00619	0.01681	0.00973	0.02566	0.00796	0.00929	0.00619	0.00531	0.00354	0.00177	0.00442	0.00310	0.00354	0.00619
16	0.00720	0.00510	0.00669	0.00778	0.00810	0.00487	0.00514	0.00810	0.01053	0.01408	0.02905	0.66200	0.03459	0.12404	0.04134	0.00303	0.00410	0.01478	0.00497	0.00451
17	0.05822	0.06676	0.45271	0.03748	0.04044	0.01349	0.03935	0.01657	0.01170	0.01762	0.02446	0.03829	0.01063	0.00702	0.00701	0.00192	0.09519	0.05070	0.00285	0.00758
18	0.15380	0.01202	0.01449	0.05457	0.01666	0.05299	0.09553	0.11601	0.14840	0.09101	0.04590	0.12396	0.01665	0.00833	0.00577	0.00190	0.00565	0.02410	0.00479	0.00746
19	0.01733	0.22636	0.14854	0.03561	0.01858	0.32345	0.01265	0.07864	0.01462	0.01636	0.00921	0.01087	0.00755	0.00587	0.00566	0.00156	0.05302	0.00385	0.00292	0.00735
20	0.00700	0.00504	0.00664	0.00786	0.00828	0.00468	0.00528	0.00806	0.01119	0.01489	0.05516	0.74367	0.06590	0.01760	0.00726	0.00229	0.00328	0.01592	0.00534	0.00468
21	0.02171	0.01705	0.01708	0.01330	0.01773	0.08680	0.01089	0.67853	0.02592	0.03404	0.01329	0.01342	0.00951	0.00678	0.00567	0.00169	0.00666	0.00502	0.00547	0.00945
22	0.00802	0.00584	0.00754	0.00712	0.00850	0.00537	0.00534	0.01065	0.01602	0.02253	0.72160	0.04341	0.09291	0.01185	0.00675	0.00181	0.00271	0.01044	0.00624	0.00537
23	0.34659	0.01766	0.01290	0.01204	0.04468	0.30490	0.00900	0.08470	0.05147	0.02137	0.01161	0.01263	0.03642	0.00614	0.00468	0.00166	0.00689	0.00410	0.00366	0.00689
24	0.02137	0.02726	0.01621	0.01474	0.01768	0.77602	0.01105	0.02284	0.01621	0.01400	0.00884	0.01031	0.00737	0.00589	0.00516	0.00147	0.01031	0.00368	0.00295	0.00663
25	0.07300	0.01007	0.01306	0.01011	0.01441	0.00912	0.00834	0.06738	0.01657	0.66230	0.04078	0.01916	0.01449	0.00709	0.00565	0.00177	0.00486	0.00568	0.00677	0.00941
26	0.00696	0.00502	0.00659	0.00784	0.00826	0.00466	0.00526	0.00798	0.01107	0.01465	0.03298	0.75448	0.07766	0.01773	0.00727	0.00230	0.00330	0.01603	0.00531	0.00466
27	0.00751	0.00624	0.00667	0.00673	0.00861	0.00558	0.00519	0.01000	0.05681	0.01644	0.08494	0.07197	0.59315	0.01418	0.00683	0.00201	0.00323	0.08338	0.00538	0.00514
28	0.63970	0.01193	0.04095	0.12480	0.01621	0.01308	0.00849	0.05385	0.01096	0.02423	0.00868	0.01053	0.00663	0.00546	0.00406	0.00179	0.00516	0.00355	0.00346	0.00649
29	0.00843	0.00586	0.00685	0.00682	0.00684	0.00609	0.00407	0.00857	0.00854	0.01149	0.01849	0.09280	0.02139	0.70013	0.02695	0.00515	0.04554	0.00874	0.00355	0.00370
30	0.00817	0.00613	0.00919	0.00919	0.01021	0.00715	0.00715	0.01021	0.00919	0.01328	0.01532	0.02247	0.01430	0.04290	0.77631	0.00919	0.01532	0.00613	0.00306	0.00511
31	0.04128	0.01226	0.01387	0.01216	0.03914	0.01332	0.00937	0.13935	0.42062	0.20279	0.02080	0.01915	0.01489	0.00731	0.00572	0.00185	0.00495	0.00595	0.00595	0.00924
32	0.01442	0.01702	0.14098	0.07057	0.48949	0.07446	0.05271	0.01823	0.01316	0.03910	0.01087	0.01379	0.00868	0.00529	0.00564	0.00172	0.00747	0.00494	0.00288	0.00857
33	0.01000	0.00627	0.00724	0.00696	0.00771	0.00691	0.00500	0.01165	0.01032	0.01681	0.01698	0.02535	0.01571	0.25353	0.06013	0.00324	0.09456	0.00626	0.43052	0.00485
34	0.73374	0.01111	0.00928	0.04728	0.01275	0.01287	0.00689	0.05377	0.01064	0.02522	0.00842	0.01003	0.00655	0.00579	0.00425	0.02349	0.00470	0.00335	0.00357	0.00629

[dist]
# distance from previous block
# <min> <max>
0	1

[block]
# block no. 9 follows, 41 sequences, length 64
# corresponding to MSA columns:
# 875-938
name=unknown_J
#
# <colnr> <probs for GDERKNQSTAVLIFYWHMCP>
#	G	D	E	R	K	N	Q	S	T	A	V	L	I	F	Y	W	H	M	C	P
0	0.03803	0.12055	0.01834	0.07336	0.01850	0.06077	0.04138	0.33680	0.13143	0.02579	0.01348	0.01433	0.01019	0.00660	0.00595	0.00172	0.04119	0.00499	0.02817	0.00841
1	0.00855	0.00595	0.00743	0.00744	0.00891	0.00538	0.00563	0.01060	0.01418	0.05679	0.34522	0.18010	0.22729	0.01367	0.00691	0.00200	0.00321	0.07958	0.00581	0.00533
2	0.04412	0.07562	0.21541	0.03928	0.34882	0.08519	0.01614	0.04172	0.01341	0.01864	0.04175	0.01393	0.01008	0.00560	0.00538	0.00168	0.00725	0.00474	0.00297	0.00826
3	0.03386	0.48340	0.06603	0.01442	0.11612	0.12497	0.01165	0.04188	0.01286	0.01550	0.00876	0.01040	0.00763	0.00530	0.00470	0.00142	0.02726	0.00360	0.00270	0.00756
4	0.00962	0.00617	0.00804	0.00744	0.00906	0.00562	0.00563	0.01214	0.01585	0.09122	0.62998	0.07277	0.08111	0.01165	0.00668	0.00182	0.00293	0.01024	0.00628	0.00574
5	0.01120	0.01171	0.16685	0.01088	0.04965	0.00792	0.00963	0.01482	0.03205	0.11074	0.36828	0.08276	0.08020	0.01002	0.00632	0.00184	0.00445	0.00868	0.00528	0.00673
6	0.04936	0.17318	0.01670	0.01085	0.01451	0.11483	0.00901	0.17338	0.05400	0.16644	0.05824	0.01613	0.01301	0.00874	0.03833	0.03886	0.00637	0.00499	0.02530	0.00779
7	0.00748	0.00598	0.02586	0.00770	0.00875	0.00516	0.00565	0.00929	0.01311	0.01787	0.30486	0.43128	0.10572	0.01499	0.00700	0.00208	0.00318	0.01339	0.00561	0.00504
8	0.00825	0.00560	0.00665	0.00669	0.00684	0.00573	0.00402	0.00856	0.00852	0.01150	0.01812	0.06117	0.02050	0.67099	0.12863	0.00593	0.00678	0.00829	0.00347	0.00373
9	0.01283	0.07550	0.55297	0.01643	0.02378	0.03546	0.11574	0.01838	0.01243	0.04905	0.01076	0.01272	0.00780	0.00573	0.00589	0.02085	0.00829	0.00456	0.00269	0.00815
10	0.05827	0.01133	0.04935	0.43077	0.10837	0.01224	0.01417	0.06430	0.03300	0.01792	0.01391	0.02255	0.01211	0.00735	0.00593	0.00198	0.00684	0.11940	0.00336	0.00686
11	0.00911	0.00653	0.00907	0.01036	0.01167	0.00650	0.00901	0.01167	0.01311	0.01702	0.03100	0.08075	0.05109	0.01582	0.00786	0.00261	0.00516	0.69115	0.00527	0.00524
12	0.05733	0.01102	0.01286	0.03096	0.04760	0.03523	0.00844	0.04905	0.01247	0.01897	0.01202	0.03306	0.01085	0.00623	0.00597	0.00133	0.07011	0.06056	0.00356	0.51238
13	0.01060	0.00706	0.00930	0.00927	0.05045	0.00662	0.00658	0.04517	0.01594	0.09439	0.51113	0.08143	0.09463	0.01129	0.00660	0.00184	0.00338	0.02218	0.00602	0.00612
14	0.01237	0.01190	0.02074	0.38357	0.34234	0.01301	0.07333	0.01605	0.01233	0.01670	0.01121	0.01648	0.00917	0.00573	0.00585	0.00185	0.00735	0.02967	0.00278	0.00756
15	0.01529	0.80242	0.02997	0.00979	0.01468	0.02263	0.00979	0.01713	0.01162	0.01346	0.00795	0.00918	0.00734	0.00489	0.00367	0.00122	0.00612	0.00306	0.00245	0.00734
16	0.05596	0.00652	0.00788	0.00723	0.00913	0.00600	0.00553	0.01233	0.01521	0.09695	0.50075	0.04101	0.19108	0.01144	0.00647	0.00182	0.00305	0.00983	0.00602	0.00577
17	0.00733	0.00592	0.00627	0.00621	0.00778	0.00527	0.00447	0.00900	0.02937	0.01546	0.10446	0.04949	0.54593	0.14338	0.03241	0.00272	0.00371	0.01102	0.00503	0.00475
18	0.01768	0.01400	0.01488	0.01234	0.01619	0.01584	0.00989	0.35823	0.41951	0.02949	0.01890	0.01785	0.01391	0.00735	0.00578	0.00184	0.00534	0.00586	0.00578	0.00936
19	0.00991	0.00530	0.00747	0.00748	0.00769	0.00531	0.00502	0.02645	0.00851	0.01158	0.01279	0.08835	0.01322	0.06015	0.02012	0.65687	0.00478	0.00618	0.03978	0.00304
20	0.01423	0.01229	0.01293	0.01164	0.01487	0.01423	0.00905	0.03039	0.75297	0.02393	0.02328	0.02134	0.01746	0.00776	0.00582	0.00194	0.00453	0.00647	0.00582	0.00905
21	0.22915	0.02142	0.40590	0.01433	0.02076	0.01342	0.09079	0.07295	0.01291	0.05296	0.01058	0.01213	0.00760	0.00552	0.00511	0.00180	0.00721	0.00433	0.00320	0.00794
