[name]
unknown

[dist]
# distance from previous block
# <min> <max>
11	19

[block]
# block no. 0 follows, 42 sequences, length 6
# corresponding to MSA columns:
# 22-27
name=unknown_A
#
# <colnr> <probs for GDERKNQSTAVLIFYWHMCP>
#	G	D	E	R	K	N	Q	S	T	A	V	L	I	F	Y	W	H	M	C	P
0	0.06838	0.00680	0.00865	0.10343	0.01260	0.00712	0.00679	0.04582	0.01188	0.04761	0.05643	0.38617	0.02547	0.04835	0.03850	0.00242	0.00453	0.01051	0.10313	0.00540
1	0.06411	0.01001	0.01580	0.39087	0.06982	0.01138	0.06291	0.01549	0.01161	0.08244	0.01265	0.05208	0.01024	0.00763	0.03111	0.00206	0.05244	0.00556	0.06150	0.03028
2	0.01098	0.00813	0.01020	0.09575	0.01382	0.00832	0.00753	0.10283	0.06988	0.04926	0.08855	0.29528	0.04817	0.06970	0.00794	0.00219	0.00447	0.03022	0.00488	0.07190
3	0.01469	0.01079	0.01369	0.11851	0.04305	0.01039	0.00928	0.14574	0.01465	0.11446	0.01366	0.07302	0.01131	0.00644	0.00562	0.00144	0.03421	0.00524	0.00417	0.34964
4	0.14894	0.01284	0.01330	0.04269	0.07248	0.14004	0.05935	0.08896	0.04240	0.05550	0.02110	0.10220	0.13467	0.00843	0.00553	0.00177	0.00578	0.00693	0.03038	0.00671
5	0.04798	0.03880	0.01430	0.02918	0.05694	0.12945	0.00935	0.18715	0.07819	0.04407	0.01340	0.04116	0.01092	0.00806	0.03884	0.00187	0.04094	0.00498	0.06683	0.13761

[dist]
# distance from previous block
# <min> <max>
17	31

[block]
# block no. 1 follows, 42 sequences, length 10
# corresponding to MSA columns:
# 65-74
name=unknown_B
#
# <colnr> <probs for GDERKNQSTAVLIFYWHMCP>
#	G	D	E	R	K	N	Q	S	T	A	V	L	I	F	Y	W	H	M	C	P
0	0.10360	0.01101	0.01625	0.35501	0.10977	0.01211	0.05264	0.06179	0.04337	0.06952	0.01329	0.01595	0.03779	0.00593	0.00538	0.00174	0.00635	0.00512	0.00346	0.06992
1	0.01533	0.01399	0.01705	0.16057	0.25075	0.13112	0.01288	0.08557	0.10004	0.06976	0.01394	0.05972	0.01149	0.00745	0.02421	0.00192	0.00694	0.00565	0.00378	0.00782
2	0.01501	0.01114	0.01304	0.12554	0.01732	0.04514	0.00917	0.20194	0.05394	0.10705	0.06748	0.14623	0.01738	0.00833	0.00571	0.00169	0.00528	0.00701	0.00481	0.13680
3	0.00795	0.00548	0.00676	0.00709	0.00798	0.00505	0.00487	0.00922	0.01191	0.04299	0.18308	0.35235	0.16008	0.15603	0.01077	0.00266	0.00352	0.01233	0.00516	0.00473
4	0.01742	0.01283	0.01413	0.03599	0.01550	0.01392	0.00915	0.50733	0.02121	0.02882	0.01563	0.01801	0.04048	0.08057	0.04817	0.00236	0.00619	0.00557	0.05041	0.05631
5	0.00711	0.00557	0.00643	0.00653	0.00796	0.00490	0.00478	0.00885	0.01345	0.01741	0.27894	0.18507	0.40497	0.01398	0.00674	0.00193	0.00286	0.01208	0.00554	0.00490
6	0.01102	0.01062	0.01863	0.68528	0.07048	0.01270	0.08230	0.01484	0.01151	0.01489	0.01015	0.01497	0.00766	0.00552	0.00572	0.00187	0.00765	0.00515	0.00254	0.00649
7	0.02000	0.01213	0.01385	0.01087	0.01468	0.01260	0.00882	0.40865	0.02092	0.23763	0.06483	0.01989	0.04210	0.05097	0.00694	0.00191	0.00530	0.00598	0.03328	0.00865
8	0.01803	0.01209	0.01360	0.01083	0.01465	0.01261	0.00877	0.35770	0.11009	0.15547	0.10444	0.02108	0.06375	0.00774	0.00573	0.00169	0.00499	0.00622	0.00575	0.06477
9	0.02039	0.01367	0.05450	0.01176	0.01607	0.01345	0.01001	0.39167	0.08444	0.24307	0.04795	0.03803	0.01388	0.00731	0.00571	0.00175	0.00553	0.00580	0.00586	0.00914

[dist]
# distance from previous block
# <min> <max>
1	7

[block]
# block no. 2 follows, 42 sequences, length 118
# corresponding to MSA columns:
# 82-199
name=unknown_C
#
# <colnr> <probs for GDERKNQSTAVLIFYWHMCP>
#	G	D	E	R	K	N	Q	S	T	A	V	L	I	F	Y	W	H	M	C	P
0	0.07648	0.01020	0.01286	0.01004	0.01416	0.00956	0.00825	0.10778	0.03351	0.57958	0.06262	0.01921	0.01523	0.00710	0.00557	0.00174	0.00479	0.00570	0.00652	0.00909
1	0.02182	0.00997	0.01282	0.00996	0.01422	0.00896	0.00813	0.04172	0.09815	0.55987	0.03492	0.01871	0.01423	0.00676	0.00549	0.00164	0.00466	0.00551	0.00631	0.11612
2	0.01529	0.01046	0.01237	0.00926	0.01392	0.00889	0.00746	0.06094	0.08834	0.17630	0.01404	0.01427	0.01046	0.00525	0.00472	0.00118	0.00444	0.00422	0.00446	0.53375
3	0.01892	0.01071	0.01363	0.01171	0.04593	0.01054	0.03094	0.07193	0.21970	0.36397	0.02263	0.02172	0.05810	0.00749	0.00574	0.00177	0.00487	0.02393	0.00591	0.04985
4	0.01661	0.01197	0.01340	0.01116	0.01451	0.01281	0.00900	0.39117	0.10330	0.06692	0.05549	0.09923	0.01807	0.03161	0.00665	0.00194	0.00524	0.07885	0.00548	0.04658
5	0.44988	0.03680	0.27809	0.03653	0.01704	0.01332	0.01195	0.06433	0.01158	0.02266	0.00907	0.01058	0.00676	0.00537	0.00435	0.00174	0.00601	0.00363	0.00318	0.00713
6	0.50714	0.01363	0.04312	0.00999	0.01401	0.03920	0.02314	0.22991	0.01501	0.04412	0.01000	0.01090	0.00741	0.00572	0.00435	0.00172	0.00536	0.00383	0.00411	0.00732
7	0.00737	0.00557	0.00674	0.00699	0.00813	0.00509	0.00499	0.00929	0.02730	0.01741	0.28666	0.29064	0.24017	0.04794	0.00774	0.00213	0.00306	0.01238	0.00549	0.00491
8	0.02156	0.01076	0.03246	0.01416	0.13578	0.00953	0.01003	0.02498	0.06572	0.54180	0.01991	0.01906	0.01344	0.00677	0.00565	0.00174	0.00515	0.02210	0.00595	0.03343
9	0.01167	0.01000	0.01167	0.00834	0.01334	0.00750	0.00667	0.01417	0.01167	0.01834	0.01000	0.01167	0.00834	0.00417	0.00417	0.00083	0.00417	0.00333	0.00333	0.83663
10	0.02525	0.00958	0.01306	0.01001	0.01437	0.00827	0.00827	0.02743	0.01611	0.77102	0.02220	0.01915	0.01393	0.00697	0.00566	0.00174	0.00479	0.00566	0.00697	0.00958
11	0.00668	0.00570	0.00574	0.00573	0.00762	0.00476	0.00430	0.00813	0.01290	0.01537	0.07317	0.05388	0.74857	0.01419	0.00665	0.00190	0.00285	0.01184	0.00525	0.00476
12	0.01972	0.05379	0.01652	0.01233	0.01652	0.01655	0.01016	0.58487	0.10566	0.04852	0.01521	0.04791	0.01158	0.00723	0.00561	0.00172	0.00583	0.00559	0.00549	0.00917
13	0.00692	0.00497	0.00657	0.00773	0.00816	0.00462	0.00520	0.00802	0.01116	0.01491	0.07843	0.72910	0.05904	0.01714	0.00713	0.00224	0.00321	0.01551	0.00529	0.00462
14	0.01493	0.01255	0.01325	0.01164	0.01499	0.01443	0.00913	0.12017	0.66518	0.02504	0.02172	0.02006	0.01622	0.00752	0.00571	0.00188	0.00467	0.00620	0.00571	0.00899
15	0.01365	0.51680	0.30605	0.01201	0.01813	0.01885	0.01378	0.01721	0.01160	0.01494	0.00867	0.01009	0.00719	0.00501	0.00426	0.00142	0.00687	0.00344	0.00240	0.00763
16	0.01809	0.10315	0.01966	0.02050	0.26300	0.41957	0.01284	0.04855	0.01486	0.01608	0.00941	0.01140	0.00788	0.00548	0.00511	0.00151	0.00843	0.00407	0.00292	0.00750
17	0.02525	0.00958	0.01306	0.01001	0.01437	0.00827	0.00827	0.02743	0.01611	0.77102	0.02220	0.01915	0.01393	0.00697	0.00566	0.00174	0.00479	0.00566	0.00697	0.00958
18	0.00690	0.00492	0.00652	0.00778	0.00809	0.00460	0.00516	0.00785	0.01069	0.01425	0.03056	0.77260	0.03665	0.04436	0.00791	0.00239	0.00334	0.01573	0.00516	0.00453
19	0.01551	0.01551	0.02049	0.04618	0.52859	0.14309	0.01526	0.08162	0.01450	0.01894	0.01125	0.01518	0.00956	0.00572	0.00558	0.00168	0.00719	0.03265	0.00314	0.00836
20	0.01231	0.01231	0.01724	0.01477	0.01477	0.01724	0.01231	0.01354	0.00862	0.01354	0.00739	0.01231	0.00739	0.00985	0.01847	0.00246	0.79192	0.00492	0.00246	0.00616
21	0.00691	0.00492	0.00651	0.00777	0.00808	0.00461	0.00515	0.00785	0.01067	0.01422	0.03046	0.76682	0.03652	0.05031	0.00808	0.00242	0.00336	0.01567	0.00515	0.00452
22	0.02026	0.02373	0.01687	0.01657	0.10307	0.58496	0.01158	0.12388	0.01707	0.01735	0.00959	0.01105	0.00777	0.00584	0.00521	0.00151	0.00920	0.00399	0.00327	0.00723
23	0.01339	0.01279	0.02162	0.15668	0.63002	0.01325	0.01680	0.01711	0.03093	0.01786	0.01079	0.01428	0.00889	0.00518	0.00558	0.00171	0.00676	0.00505	0.00281	0.00848
24	0.00873	0.00631	0.00863	0.00982	0.01110	0.00621	0.00842	0.01112	0.01280	0.01655	0.03212	0.11033	0.09303	0.01557	0.00764	0.00251	0.00487	0.62395	0.00519	0.00511
25	0.01072	0.01010	0.01705	0.76713	0.05959	0.01253	0.01568	0.01446	0.01130	0.01449	0.01002	0.01497	0.00754	0.00561	0.00562	0.00187	0.00748	0.00500	0.00251	0.00633
26	0.02096	0.01349	0.01500	0.01240	0.04440	0.05450	0.00970	0.39711	0.02121	0.25221	0.06517	0.01802	0.03505	0.00722	0.00570	0.00170	0.00568	0.00569	0.00580	0.00897
27	0.01250	0.14396	0.61327	0.01488	0.02243	0.01472	0.01847	0.06500	0.01276	0.01828	0.00998	0.01156	0.00730	0.00536	0.00511	0.00169	0.00784	0.00405	0.00259	0.00824
28	0.01140	0.01095	0.01902	0.60270	0.16993	0.01277	0.06328	0.01514	0.01167	0.01534	0.01020	0.01482	0.00782	0.00546	0.00568	0.00184	0.00748	0.00511	0.00257	0.00682
29	0.11868	0.18766	0.01812	0.01293	0.03737	0.39651	0.01015	0.10691	0.03238	0.01798	0.00936	0.01055	0.00766	0.00565	0.00467	0.00148	0.00787	0.00370	0.00325	0.00711
30	0.01151	0.04302	0.67731	0.01710	0.07206	0.01314	0.03630	0.01763	0.01205	0.01787	0.02540	0.01264	0.00821	0.00543	0.00538	0.00177	0.00808	0.00437	0.00249	0.00826
31	0.01506	0.72211	0.07708	0.01025	0.01521	0.05396	0.01041	0.01715	0.01166	0.01356	0.00801	0.00926	0.00722	0.00489	0.00379	0.00125	0.00634	0.00311	0.00243	0.00726
32	0.00691	0.00494	0.00658	0.00780	0.00817	0.00461	0.00523	0.00797	0.01103	0.01477	0.06730	0.76111	0.03801	0.01733	0.00716	0.00226	0.00323	0.01571	0.00527	0.00461
33	0.01049	0.00525	0.00525	0.00525	0.00656	0.00525	0.00393	0.01311	0.01180	0.02098	0.01836	0.02098	0.01442	0.00656	0.00393	0.00131	0.00262	0.00525	0.83346	0.00525
34	0.00686	0.00490	0.00653	0.00784	0.00816	0.00457	0.00522	0.00784	0.01077	0.01437	0.03102	0.79855	0.03722	0.01763	0.00718	0.00229	0.00326	0.01600	0.00522	0.00457
35	0.01063	0.01000	0.01688	0.78870	0.03876	0.01250	0.01563	0.01438	0.01125	0.01438	0.01000	0.01500	0.00750	0.00563	0.00563	0.00188	0.00750	0.00500	0.00250	0.00625
36	0.00680	0.00571	0.00591	0.00586	0.00769	0.00481	0.00439	0.00837	0.01318	0.01604	0.13781	0.05277	0.68351	0.01394	0.00665	0.00189	0.00283	0.01168	0.00534	0.00481
37	0.84197	0.01088	0.00827	0.00740	0.01088	0.01262	0.00609	0.01654	0.00958	0.02525	0.00784	0.00914	0.00609	0.00522	0.00348	0.00174	0.00435	0.00305	0.00348	0.00609
38	0.00796	0.00575	0.00752	0.00708	0.00841	0.00531	0.00531	0.01062	0.01593	0.02257	0.76415	0.04204	0.05310	0.01150	0.00664	0.00177	0.00265	0.01018	0.00619	0.00531
39	0.01329	0.01272	0.02170	0.17956	0.62706	0.01320	0.01696	0.01671	0.01251	0.01761	0.01047	0.01414	0.00864	0.00513	0.00558	0.00171	0.00684	0.00501	0.00273	0.00840
40	0.01328	0.01518	0.03321	0.02372	0.02941	0.01423	0.74668	0.01803	0.01328	0.01803	0.01139	0.01518	0.00854	0.00474	0.00664	0.00190	0.00949	0.00664	0.00285	0.00759
41	0.84197	0.01088	0.00827	0.00740	0.01088	0.01262	0.00609	0.01654	0.00958	0.02525	0.00784	0.00914	0.00609	0.00522	0.00348	0.00174	0.00435	0.00305	0.00348	0.00609
42	0.84197	0.01088	0.00827	0.00740	0.01088	0.01262	0.00609	0.01654	0.00958	0.02525	0.00784	0.00914	0.00609	0.00522	0.00348	0.00174	0.00435	0.00305	0.00348	0.00609
43	0.01049	0.00525	0.00525	0.00525	0.00656	0.00525	0.00393	0.01311	0.01180	0.02098	0.01836	0.02098	0.01442	0.00656	0.00393	0.00131	0.00262	0.00525	0.83346	0.00525
44	0.02139	0.01576	0.01689	0.01295	0.01745	0.01745	0.01070	0.74835	0.02646	0.03547	0.01351	0.01351	0.00957	0.00676	0.00563	0.00169	0.00619	0.00507	0.00563	0.00957
45	0.84197	0.01088	0.00827	0.00740	0.01088	0.01262	0.00609	0.01654	0.00958	0.02525	0.00784	0.00914	0.00609	0.00522	0.00348	0.00174	0.00435	0.00305	0.00348	0.00609
46	0.00900	0.00643	0.00899	0.01029	0.01156	0.00642	0.00896	0.01155	0.01289	0.01677	0.02983	0.08494	0.03253	0.01561	0.00776	0.00258	0.00513	0.70842	0.00518	0.00516
47	0.02139	0.01576	0.01689	0.01295	0.01745	0.01745	0.01070	0.74835	0.02646	0.03547	0.01351	0.01351	0.00957	0.00676	0.00563	0.00169	0.00619	0.00507	0.00563	0.00957
48	0.00804	0.00603	0.00904	0.00904	0.01005	0.00703	0.00703	0.01005	0.00904	0.01306	0.01507	0.02211	0.01407	0.04221	0.77992	0.00904	0.01507	0.00603	0.00301	0.00502
49	0.01361	0.01168	0.01239	0.01117	0.01423	0.01343	0.00867	0.02865	0.70895	0.02348	0.07092	0.02236	0.01951	0.00789	0.00579	0.00190	0.00434	0.00661	0.00576	0.00867
50	0.00907	0.00648	0.00907	0.01036	0.01166	0.00648	0.00907	0.01166	0.01296	0.01684	0.02980	0.06348	0.03239	0.01555	0.00777	0.00259	0.00518	0.72924	0.00518	0.00518
51	0.01304	0.39121	0.42631	0.01305	0.01973	0.01736	0.01559	0.01737	0.01167	0.01569	0.00904	0.01055	0.00717	0.00510	0.00454	0.00151	0.00725	0.00362	0.00239	0.00781
52	0.00814	0.00544	0.00615	0.00619	0.00620	0.00543	0.00346	0.00817	0.00826	0.01102	0.01813	0.05978	0.02096	0.77858	0.02800	0.00536	0.00539	0.00842	0.00346	0.00344
53	0.01141	0.05464	0.74862	0.01583	0.02403	0.01337	0.02043	0.01779	0.01187	0.01767	0.01002	0.01179	0.00713	0.00533	0.00529	0.00176	0.00824	0.00412	0.00238	0.00828
54	0.01833	0.11278	0.06786	0.01713	0.14798	0.33757	0.01239	0.16215	0.03829	0.01929	0.01037	0.01176	0.00827	0.00576	0.00514	0.00154	0.00801	0.00419	0.00340	0.00780
55	0.01148	0.01083	0.01797	0.58967	0.16724	0.01279	0.02873	0.01597	0.05987	0.01575	0.01097	0.01520	0.00840	0.00563	0.00564	0.00184	0.00719	0.00512	0.00277	0.00692
56	0.05870	0.01554	0.20805	0.01187	0.01718	0.01111	0.01172	0.11938	0.04132	0.42119	0.01731	0.01615	0.01136	0.00646	0.00548	0.00175	0.00585	0.00510	0.00541	0.00907
57	0.02088	0.02575	0.01617	0.01485	0.03460	0.70972	0.01101	0.07220	0.01660	0.01537	0.00907	0.01047	0.00745	0.00585	0.00512	0.00147	0.00980	0.00376	0.00308	0.00679
58	0.02097	0.01006	0.01306	0.01118	0.04340	0.00958	0.00871	0.06714	0.12834	0.50050	0.06979	0.02258	0.01742	0.00770	0.00583	0.00180	0.00477	0.04181	0.00640	0.00896
59	0.01220	0.01150	0.01717	0.61556	0.09355	0.04857	0.01499	0.06431	0.03712	0.01637	0.01065	0.01479	0.00806	0.00573	0.00560	0.00183	0.00737	0.00499	0.00286	0.00678
60	0.01356	0.01133	0.03414	0.00932	0.01426	0.00917	0.00773	0.10808	0.03913	0.05346	0.01142	0.01255	0.00900	0.00477	0.00450	0.00104	0.00458	0.00378	0.00384	0.64435
61	0.01486	0.76718	0.06629	0.00995	0.01493	0.02181	0.01018	0.01690	0.01146	0.01347	0.00794	0.00917	0.00722	0.00484	0.00370	0.00123	0.00613	0.00307	0.00241	0.00728
62	0.01505	0.80561	0.02949	0.00963	0.01444	0.02227	0.00963	0.01685	0.01143	0.01324	0.00782	0.00903	0.00722	0.00481	0.00361	0.00120	0.00602	0.00301	0.00241	0.00722
63	0.02139	0.01576	0.01689	0.01295	0.01745	0.01745	0.01070	0.74835	0.02646	0.03547	0.01351	0.01351	0.00957	0.00676	0.00563	0.00169	0.00619	0.00507	0.00563	0.00957
64	0.00786	0.00633	0.00708	0.00684	0.00861	0.00587	0.00514	0.01116	0.08813	0.01865	0.30644	0.07186	0.41007	0.01272	0.00657	0.00187	0.00295	0.01086	0.00562	0.00536
65	0.00705	0.00580	0.00625	0.00639	0.00817	0.00501	0.00496	0.00870	0.01305	0.01590	0.10057	0.05454	0.62409	0.01423	0.00679	0.00198	0.00313	0.10324	0.00528	0.00484
66	0.01153	0.07941	0.72490	0.01562	0.02371	0.01367	0.02007	0.01776	0.01185	0.01753	0.00995	0.01170	0.00713	0.00531	0.00523	0.00174	0.00817	0.00408	0.00238	0.00825
67	0.00798	0.00597	0.00892	0.00898	0.00996	0.00691	0.00694	0.00994	0.00913	0.01313	0.01586	0.06053	0.01521	0.04099	0.74168	0.00871	0.01449	0.00652	0.00312	0.00500
68	0.01755	0.15171	0.15053	0.01529	0.04046	0.44173	0.07146	0.02026	0.01421	0.01486	0.00907	0.01078	0.00737	0.00546	0.00502	0.00151	0.00901	0.00390	0.00272	0.00710
69	0.76881	0.03043	0.00934	0.00781	0.01139	0.01317	0.00648	0.06395	0.01072	0.02562	0.00820	0.00942	0.00635	0.00531	0.00362	0.00172	0.00451	0.00318	0.00360	0.00635
70	0.00818	0.00546	0.00614	0.00614	0.00614	0.00546	0.00341	0.00818	0.00818	0.01091	0.01773	0.03683	0.02046	0.80222	0.02864	0.00546	0.00546	0.00818	0.00341	0.00341
71	0.01331	0.01166	0.05981	0.01173	0.06193	0.05788	0.00898	0.02078	0.27583	0.10028	0.28244	0.02653	0.02775	0.00850	0.00597	0.00179	0.00460	0.00724	0.00544	0.00752
72	0.00686	0.00577	0.00599	0.00610	0.00795	0.00490	0.00469	0.00838	0.01284	0.01534	0.05467	0.05496	0.70194	0.01436	0.00675	0.00196	0.00305	0.07348	0.00522	0.00479
73	0.00794	0.00575	0.00748	0.00705	0.00839	0.00530	0.00529	0.01056	0.01586	0.02240	0.74842	0.04231	0.06893	0.01157	0.00664	0.00177	0.00266	0.01022	0.00617	0.00530
74	0.01103	0.00577	0.00582	0.00563	0.00710	0.00585	0.00427	0.04950	0.01253	0.02170	0.01812	0.02061	0.01418	0.00657	0.00402	0.00133	0.00280	0.00524	0.79250	0.00546
75	0.01505	0.80561	0.02949	0.00963	0.01444	0.02227	0.00963	0.01685	0.01143	0.01324	0.00782	0.00903	0.00722	0.00481	0.00361	0.00120	0.00602	0.00301	0.00241	0.00722
76	0.01167	0.01000	0.01167	0.00834	0.01334	0.00750	0.00667	0.01417	0.01167	0.01834	0.01000	0.01167	0.00834	0.00417	0.00417	0.00083	0.00417	0.00333	0.00333	0.83663
77	0.01393	0.01337	0.02284	0.03454	0.76712	0.01337	0.01727	0.01727	0.01281	0.01839	0.01059	0.01393	0.00891	0.00501	0.00557	0.00167	0.00669	0.00501	0.00279	0.00891
78	0.02139	0.01576	0.01689	0.01295	0.01745	0.01745	0.01070	0.74835	0.02646	0.03547	0.01351	0.01351	0.00957	0.00676	0.00563	0.00169	0.00619	0.00507	0.00563	0.00957
79	0.00708	0.00506	0.00678	0.00809	0.00851	0.00476	0.00561	0.00822	0.01099	0.01461	0.03090	0.72520	0.03674	0.01742	0.00724	0.00232	0.00346	0.08717	0.00522	0.00463
80	0.00686	0.00490	0.00653	0.00784	0.00816	0.00457	0.00522	0.00784	0.01077	0.01437	0.03102	0.79855	0.03722	0.01763	0.00718	0.00229	0.00326	0.01600	0.00522	0.00457
81	0.00818	0.00548	0.00624	0.00624	0.00627	0.00551	0.00353	0.00825	0.00821	0.01099	0.01764	0.03633	0.02024	0.77633	0.05424	0.00558	0.00578	0.00811	0.00340	0.00346
82	0.00724	0.00537	0.00680	0.00757	0.00848	0.00494	0.00548	0.00874	0.01223	0.01608	0.14890	0.44782	0.18709	0.01577	0.00706	0.00216	0.00330	0.09482	0.00537	0.00479
83	0.00813	0.00568	0.00729	0.00729	0.00769	0.00608	0.00485	0.00892	0.00852	0.01176	0.01668	0.03100	0.01793	0.50111	0.32629	0.00688	0.00927	0.00733	0.00325	0.00405
84	0.84197	0.01088	0.00827	0.00740	0.01088	0.01262	0.00609	0.01654	0.00958	0.02525	0.00784	0.00914	0.00609	0.00522	0.00348	0.00174	0.00435	0.00305	0.00348	0.00609
85	0.00907	0.00648	0.00907	0.01036	0.01166	0.00648	0.00907	0.01166	0.01296	0.01684	0.02980	0.06348	0.03239	0.01555	0.00777	0.00259	0.00518	0.72924	0.00518	0.00518
86	0.01290	0.01650	0.11611	0.02246	0.02832	0.01386	0.64639	0.01775	0.01306	0.01791	0.01172	0.03415	0.00909	0.00513	0.00651	0.00189	0.00920	0.00659	0.00285	0.00760
87	0.00686	0.00490	0.00653	0.00784	0.00816	0.00457	0.00522	0.00784	0.01077	0.01437	0.03102	0.79855	0.03722	0.01763	0.00718	0.00229	0.00326	0.01600	0.00522	0.00457
88	0.01505	0.80561	0.02949	0.00963	0.01444	0.02227	0.00963	0.01685	0.01143	0.01324	0.00782	0.00903	0.00722	0.00481	0.00361	0.00120	0.00602	0.00301	0.00241	0.00722
89	0.00807	0.00591	0.00844	0.00844	0.00924	0.00671	0.00628	0.00966	0.00887	0.01262	0.01563	0.02517	0.01540	0.20010	0.62385	0.00830	0.01308	0.00648	0.00310	0.00469
90	0.02139	0.01576	0.01689	0.01295	0.01745	0.01745	0.01070	0.74835	0.02646	0.03547	0.01351	0.01351	0.00957	0.00676	0.00563	0.00169	0.00619	0.00507	0.00563	0.00957
91	0.01493	0.78221	0.05190	0.00982	0.01474	0.02199	0.00997	0.01688	0.01145	0.01338	0.00789	0.00911	0.00722	0.00483	0.00366	0.00122	0.00609	0.00304	0.00241	0.00725
92	0.02516	0.00973	0.01315	0.01008	0.01444	0.00850	0.00833	0.04503	0.01636	0.75306	0.02199	0.01902	0.01382	0.00696	0.00566	0.00174	0.00482	0.00564	0.00693	0.00958
93	0.00686	0.00490	0.00653	0.00784	0.00816	0.00457	0.00522	0.00784	0.01077	0.01437	0.03102	0.79855	0.03722	0.01763	0.00718	0.00229	0.00326	0.01600	0.00522	0.00457
94	0.00665	0.00570	0.00570	0.00570	0.00760	0.00475	0.00428	0.00808	0.01283	0.01520	0.05701	0.05416	0.76483	0.01425	0.00665	0.00190	0.00285	0.01188	0.00523	0.00475
95	0.84197	0.01088	0.00827	0.00740	0.01088	0.01262	0.00609	0.01654	0.00958	0.02525	0.00784	0.00914	0.00609	0.00522	0.00348	0.00174	0.00435	0.00305	0.00348	0.00609
96	0.84197	0.01088	0.00827	0.00740	0.01088	0.01262	0.00609	0.01654	0.00958	0.02525	0.00784	0.00914	0.00609	0.00522	0.00348	0.00174	0.00435	0.00305	0.00348	0.00609
97	0.84197	0.01088	0.00827	0.00740	0.01088	0.01262	0.00609	0.01654	0.00958	0.02525	0.00784	0.00914	0.00609	0.00522	0.00348	0.00174	0.00435	0.00305	0.00348	0.00609
98	0.00818	0.00546	0.00614	0.00614	0.00614	0.00546	0.00341	0.00818	0.00818	0.01091	0.01773	0.03683	0.02046	0.80222	0.02864	0.00546	0.00546	0.00818	0.00341	0.00341
99	0.02150	0.01598	0.01649	0.01285	0.01712	0.07428	0.01053	0.61435	0.02437	0.09753	0.01377	0.01372	0.00973	0.00677	0.00587	0.00169	0.02370	0.00501	0.00547	0.00927
100	0.00818	0.00546	0.00614	0.00614	0.00614	0.00546	0.00341	0.00818	0.00818	0.01091	0.01773	0.03683	0.02046	0.80222	0.02864	0.00546	0.00546	0.00818	0.00341	0.00341
101	0.01536	0.01453	0.02235	0.04615	0.49096	0.05205	0.09805	0.13811	0.03020	0.02094	0.01130	0.01398	0.00903	0.00538	0.00568	0.00170	0.00707	0.00516	0.00332	0.00869
102	0.02102	0.02682	0.01595	0.01450	0.01740	0.77963	0.01087	0.02247	0.01595	0.01377	0.00870	0.01015	0.00725	0.00580	0.00507	0.00145	0.01015	0.00362	0.00290	0.00652
103	0.01167	0.01000	0.01167	0.00834	0.01334	0.00750	0.00667	0.01417	0.01167	0.01834	0.01000	0.01167	0.00834	0.00417	0.00417	0.00083	0.00417	0.00333	0.00333	0.83663
104	0.02102	0.02682	0.01595	0.01450	0.01740	0.77963	0.01087	0.02247	0.01595	0.01377	0.00870	0.01015	0.00725	0.00580	0.00507	0.00145	0.01015	0.00362	0.00290	0.00652
105	0.02525	0.00958	0.01306	0.01001	0.01437	0.00827	0.00827	0.02743	0.01611	0.77102	0.02220	0.01915	0.01393	0.00697	0.00566	0.00174	0.00479	0.00566	0.00697	0.00958
106	0.01485	0.01241	0.01317	0.01162	0.01492	0.01422	0.00916	0.12755	0.63260	0.02495	0.02185	0.02137	0.01664	0.00777	0.00578	0.00190	0.00472	0.02995	0.00570	0.00888
107	0.01397	0.01476	0.02951	0.02578	0.21686	0.01422	0.51290	0.06514	0.01402	0.01925	0.01132	0.01475	0.00870	0.00494	0.00630	0.00183	0.00856	0.00612	0.00301	0.00806
108	0.01400	0.01209	0.01273	0.01145	0.01463	0.01400	0.00891	0.02990	0.75695	0.02354	0.02291	0.02100	0.01718	0.00764	0.00573	0.00191	0.00445	0.00636	0.00573	0.00891
109	0.01049	0.00525	0.00525	0.00525	0.00656	0.00525	0.00393	0.01311	0.01180	0.02098	0.01836	0.02098	0.01442	0.00656	0.00393	0.00131	0.00262	0.00525	0.83346	0.00525
110	0.77439	0.01129	0.00898	0.00786	0.01142	0.01302	0.00647	0.07682	0.01097	0.02609	0.00830	0.00950	0.00638	0.00535	0.00366	0.00174	0.00450	0.00321	0.00366	0.00638
111	0.01049	0.00525	0.00525	0.00525	0.00656	0.00525	0.00393	0.01311	0.01180	0.02098	0.01836	0.02098	0.01442	0.00656	0.00393	0.00131	0.00262	0.00525	0.83346	0.00525
112	0.84197	0.01088	0.00827	0.00740	0.01088	0.01262	0.00609	0.01654	0.00958	0.02525	0.00784	0.00914	0.00609	0.00522	0.00348	0.00174	0.00435	0.00305	0.00348	0.00609
113	0.01393	0.01337	0.02284	0.03454	0.76712	0.01337	0.01727	0.01727	0.01281	0.01839	0.01059	0.01393	0.00891	0.00501	0.00557	0.00167	0.00669	0.00501	0.00279	0.00891
114	0.02139	0.01576	0.01689	0.01295	0.01745	0.01745	0.01070	0.74835	0.02646	0.03547	0.01351	0.01351	0.00957	0.00676	0.00563	0.00169	0.00619	0.00507	0.00563	0.00957
115	0.00818	0.00546	0.00614	0.00614	0.00614	0.00546	0.00341	0.00818	0.00818	0.01091	0.01773	0.03683	0.02046	0.80222	0.02864	0.00546	0.00546	0.00818	0.00341	0.00341
116	0.02438	0.01043	0.01316	0.01028	0.01450	0.03971	0.00842	0.02738	0.06214	0.69405	0.02170	0.01891	0.01386	0.00696	0.00564	0.00174	0.00498	0.00562	0.00672	0.00941
117	0.02297	0.01024	0.01310	0.01037	0.01451	0.00964	0.00846	0.04846	0.15906	0.60610	0.02209	0.01935	0.01443	0.00709	0.00567	0.00177	0.00476	0.00578	0.00669	0.00945

[dist]
# distance from previous block
# <min> <max>
0	19

# created by:
# /st0/software/busco_prod/Augustus/scripts/msa2prfl.pl ./align_prep/193818.fa
