[name]
unknown

[dist]
# distance from previous block
# <min> <max>
4	93

[block]
# block no. 0 follows, 48 sequences, length 11
# corresponding to MSA columns:
# 97-107
name=unknown_A
#
# <colnr> <probs for GDERKNQSTAVLIFYWHMCP>
#	G	D	E	R	K	N	Q	S	T	A	V	L	I	F	Y	W	H	M	C	P
0	0.03243	0.04837	0.04170	0.01057	0.01422	0.01131	0.06441	0.08236	0.32584	0.13053	0.06850	0.01719	0.01437	0.00623	0.00500	0.00154	0.00462	0.00525	0.00465	0.11092
1	0.01283	0.01126	0.05091	0.04821	0.05410	0.01152	0.03121	0.11370	0.38769	0.05095	0.07201	0.02132	0.04091	0.00722	0.00536	0.00170	0.00468	0.04585	0.00470	0.02390
2	0.01506	0.05729	0.07952	0.07279	0.01628	0.01012	0.05707	0.11570	0.02972	0.22959	0.02992	0.03147	0.01204	0.00626	0.00502	0.00150	0.00519	0.06117	0.00426	0.16004
3	0.01227	0.21195	0.46978	0.01239	0.01852	0.06298	0.01451	0.01646	0.01113	0.05047	0.00914	0.01041	0.00689	0.00477	0.00442	0.00142	0.00677	0.00352	0.00246	0.06975
4	0.01324	0.09225	0.01819	0.02722	0.08882	0.11812	0.17437	0.09774	0.04118	0.02824	0.01362	0.03264	0.04563	0.00774	0.04204	0.00186	0.03329	0.05137	0.00328	0.06916
5	0.00946	0.00634	0.00754	0.00688	0.00878	0.00596	0.00528	0.01294	0.10535	0.11130	0.38173	0.03683	0.26108	0.01032	0.00585	0.00166	0.00290	0.00883	0.00542	0.00555
6	0.01163	0.16712	0.36792	0.11851	0.02282	0.05362	0.15757	0.01593	0.01111	0.01492	0.00897	0.01122	0.00681	0.00474	0.00483	0.00154	0.00739	0.00410	0.00229	0.00695
7	0.01759	0.36265	0.10506	0.00959	0.01414	0.01354	0.00934	0.01987	0.01242	0.36837	0.01335	0.01274	0.00937	0.00534	0.00432	0.00138	0.00521	0.00396	0.00409	0.00768
8	0.00647	0.00456	0.00589	0.00687	0.00712	0.00431	0.00447	0.00720	0.00941	0.01254	0.02614	0.67817	0.03124	0.15791	0.01000	0.00259	0.00333	0.01333	0.00447	0.00398
9	0.00628	0.00465	0.00587	0.00674	0.00736	0.00424	0.00461	0.00735	0.01047	0.01371	0.08047	0.62339	0.17583	0.01515	0.00643	0.00199	0.00287	0.01355	0.00482	0.00424
10	0.01155	0.25284	0.45600	0.01403	0.02033	0.01448	0.13152	0.01602	0.01091	0.01508	0.00879	0.01055	0.00672	0.00465	0.00460	0.00149	0.00715	0.00384	0.00224	0.00719

[dist]
# distance from previous block
# <min> <max>
0	8

[block]
# block no. 1 follows, 48 sequences, length 51
# corresponding to MSA columns:
# 116-166
name=unknown_B
#
# <colnr> <probs for GDERKNQSTAVLIFYWHMCP>
#	G	D	E	R	K	N	Q	S	T	A	V	L	I	F	Y	W	H	M	C	P
0	0.02302	0.00873	0.01191	0.00913	0.01310	0.00754	0.00754	0.02501	0.01469	0.79122	0.02024	0.01746	0.01270	0.00635	0.00516	0.00159	0.00437	0.00516	0.00635	0.00873
1	0.02260	0.00864	0.01177	0.00906	0.01295	0.00747	0.00747	0.02460	0.01468	0.77077	0.04053	0.01802	0.01365	0.00646	0.00518	0.00159	0.00431	0.00527	0.00633	0.00863
2	0.00969	0.00912	0.01539	0.80734	0.03534	0.01140	0.01425	0.01311	0.01026	0.01311	0.00912	0.01368	0.00684	0.00513	0.00513	0.00171	0.00684	0.00456	0.00228	0.00570
3	0.00733	0.00550	0.00825	0.00825	0.00916	0.00641	0.00641	0.00916	0.00825	0.01191	0.01374	0.02016	0.01283	0.03848	0.79934	0.00825	0.01374	0.00550	0.00275	0.00458
4	0.10901	0.51159	0.02132	0.00978	0.01355	0.23458	0.00873	0.01675	0.01137	0.01343	0.00736	0.00853	0.00648	0.00468	0.00365	0.00121	0.00636	0.00290	0.00243	0.00629
5	0.01356	0.78512	0.06311	0.00906	0.01360	0.01991	0.00926	0.01541	0.01045	0.01227	0.00723	0.00835	0.00658	0.00441	0.00337	0.00112	0.00559	0.00279	0.00219	0.00663
6	0.00661	0.00499	0.00608	0.00681	0.00772	0.00457	0.00499	0.00785	0.01067	0.01357	0.03537	0.38061	0.28526	0.06048	0.00760	0.00218	0.00327	0.14244	0.00466	0.00426
7	0.01216	0.46118	0.37484	0.01143	0.01727	0.01649	0.01340	0.01577	0.01061	0.01397	0.00808	0.00941	0.00655	0.00461	0.00401	0.00134	0.00644	0.00322	0.00218	0.00704
8	0.01389	0.79820	0.02651	0.00892	0.01325	0.04426	0.00881	0.01552	0.01055	0.01209	0.00716	0.00826	0.00659	0.00442	0.00333	0.00110	0.00560	0.00276	0.00221	0.00657
9	0.00705	0.00520	0.00663	0.00670	0.00779	0.00482	0.00496	0.00920	0.02524	0.01789	0.47983	0.21061	0.12832	0.01215	0.00621	0.00177	0.00272	0.05294	0.00529	0.00468
10	0.00893	0.00817	0.02993	0.08199	0.08937	0.00784	0.07565	0.01272	0.08894	0.01715	0.23763	0.04854	0.16912	0.00940	0.00589	0.00175	0.00432	0.09258	0.00436	0.00569
11	0.03767	0.01269	0.01414	0.09501	0.01701	0.03180	0.00956	0.46413	0.10573	0.12327	0.01445	0.01439	0.02394	0.00624	0.00511	0.00159	0.00542	0.00485	0.00488	0.00812
12	0.00636	0.00462	0.00588	0.00683	0.00731	0.00428	0.00460	0.00726	0.00993	0.01301	0.03035	0.64879	0.12682	0.07385	0.00792	0.00225	0.00311	0.02806	0.00464	0.00412
13	0.01519	0.00865	0.06215	0.00855	0.01134	0.00720	0.00711	0.03013	0.05130	0.37442	0.12419	0.07915	0.01964	0.12519	0.04997	0.00247	0.00480	0.00667	0.00513	0.00675
14	0.01918	0.01374	0.05875	0.01131	0.01548	0.01384	0.00969	0.55147	0.04653	0.17020	0.01396	0.01380	0.00975	0.02126	0.00552	0.00162	0.00546	0.00476	0.00515	0.00854
15	0.06430	0.07035	0.04754	0.04228	0.01493	0.07642	0.06166	0.11737	0.03809	0.26020	0.09818	0.03316	0.02872	0.00664	0.00508	0.00157	0.00526	0.01643	0.00460	0.00720
16	0.85592	0.00992	0.00754	0.00675	0.00992	0.01151	0.00556	0.01508	0.00873	0.02302	0.00714	0.00834	0.00556	0.00476	0.00318	0.00159	0.00397	0.00278	0.00318	0.00556
17	0.00739	0.00550	0.00690	0.00654	0.00787	0.00516	0.00491	0.01025	0.05164	0.01977	0.65573	0.05804	0.11954	0.01071	0.00602	0.00164	0.00253	0.00940	0.00552	0.00494
18	0.01626	0.01228	0.01340	0.01024	0.01424	0.01271	0.00838	0.51587	0.01960	0.02694	0.01323	0.01369	0.03964	0.00647	0.02047	0.00147	0.00514	0.00449	0.02444	0.22104
19	0.00643	0.00466	0.00612	0.00704	0.00755	0.00429	0.00478	0.00750	0.01031	0.01386	0.09586	0.70881	0.05474	0.01523	0.00643	0.00200	0.00294	0.01376	0.00480	0.02288
20	0.01469	0.65229	0.02434	0.00966	0.01368	0.12764	0.00905	0.05308	0.01160	0.01314	0.00749	0.00865	0.00670	0.00472	0.00391	0.00118	0.02625	0.00296	0.00240	0.00658
21	0.01878	0.01335	0.01443	0.01118	0.01503	0.01465	0.00919	0.67766	0.02263	0.06376	0.01328	0.03150	0.00973	0.00639	0.00508	0.00153	0.00534	0.00488	0.05320	0.00840
22	0.01309	0.01157	0.01917	0.15932	0.47777	0.01200	0.06581	0.04680	0.06082	0.06684	0.01111	0.01364	0.00868	0.00498	0.00517	0.00159	0.00614	0.00479	0.00302	0.00769
23	0.01372	0.82276	0.02689	0.00878	0.01317	0.02030	0.00878	0.01536	0.01043	0.01207	0.00713	0.00823	0.00658	0.00439	0.00329	0.00110	0.00549	0.00274	0.00219	0.00658
24	0.01738	0.08849	0.04678	0.05650	0.01635	0.01479	0.00986	0.54433	0.02041	0.06146	0.05009	0.02683	0.01088	0.00627	0.00502	0.00153	0.00552	0.00483	0.00465	0.00804
25	0.01128	0.01654	0.22726	0.01874	0.02415	0.01223	0.51299	0.01575	0.01152	0.01605	0.01089	0.04826	0.00876	0.01945	0.00632	0.00178	0.02273	0.00583	0.00258	0.00688
26	0.85592	0.00992	0.00754	0.00675	0.00992	0.01151	0.00556	0.01508	0.00873	0.02302	0.00714	0.00834	0.00556	0.00476	0.00318	0.00159	0.00397	0.00278	0.00318	0.00556
27	0.00977	0.00928	0.01588	0.78136	0.03506	0.01145	0.03921	0.01322	0.01032	0.01322	0.00916	0.01369	0.00687	0.00510	0.00516	0.00171	0.00690	0.00461	0.00229	0.00574
28	0.01276	0.01102	0.01160	0.01044	0.01334	0.01276	0.00812	0.02727	0.77840	0.02146	0.02088	0.01914	0.01566	0.00696	0.00522	0.00174	0.00406	0.00580	0.00522	0.00812
29	0.05056	0.00877	0.01176	0.00905	0.01299	0.00767	0.00748	0.02468	0.01449	0.76582	0.01981	0.01716	0.01247	0.00630	0.00509	0.00159	0.00435	0.00508	0.00625	0.00863
30	0.00625	0.00447	0.00595	0.00714	0.00744	0.00417	0.00476	0.00714	0.00982	0.01310	0.02828	0.81633	0.03394	0.01608	0.00655	0.00208	0.00298	0.01459	0.00476	0.00417
31	0.01123	0.01123	0.01572	0.01347	0.01347	0.01572	0.01123	0.01235	0.00786	0.01235	0.00674	0.01123	0.00674	0.00898	0.01684	0.00225	0.81028	0.00449	0.00225	0.00561
32	0.00827	0.00591	0.00827	0.00945	0.01063	0.00591	0.00827	0.01063	0.01181	0.01536	0.02717	0.05788	0.02953	0.01417	0.00709	0.00236	0.00472	0.75313	0.00472	0.00472
33	0.02292	0.00889	0.01201	0.00921	0.01318	0.00778	0.00760	0.04621	0.01495	0.76964	0.02002	0.01732	0.01259	0.00635	0.00516	0.00159	0.00440	0.00514	0.00632	0.00873
34	0.02130	0.01097	0.01319	0.01014	0.01411	0.01092	0.00837	0.33083	0.01848	0.46355	0.01692	0.01539	0.01108	0.00626	0.00512	0.00156	0.00485	0.00493	0.02341	0.00865
35	0.02302	0.00873	0.01191	0.00913	0.01310	0.00754	0.00754	0.02501	0.01469	0.79122	0.02024	0.01746	0.01270	0.00635	0.00516	0.00159	0.00437	0.00516	0.00635	0.00873
36	0.01917	0.02445	0.01454	0.01322	0.01586	0.79907	0.00991	0.02049	0.01454	0.01256	0.00793	0.00925	0.00661	0.00529	0.00463	0.00132	0.00925	0.00330	0.00264	0.00595
37	0.85592	0.00992	0.00754	0.00675	0.00992	0.01151	0.00556	0.01508	0.00873	0.02302	0.00714	0.00834	0.00556	0.00476	0.00318	0.00159	0.00397	0.00278	0.00318	0.00556
38	0.01161	0.01187	0.01566	0.01346	0.01359	0.05405	0.01116	0.01275	0.00819	0.01236	0.00679	0.01113	0.00673	0.00880	0.01624	0.00220	0.77109	0.00443	0.00226	0.00563
39	0.00745	0.00560	0.00732	0.01980	0.00879	0.00577	0.00578	0.02901	0.01075	0.01462	0.08343	0.51019	0.07686	0.01387	0.00718	0.00201	0.06825	0.07907	0.03970	0.00457
40	0.13323	0.33951	0.05286	0.00924	0.01336	0.03316	0.00849	0.07825	0.06512	0.17172	0.01130	0.01140	0.00849	0.00517	0.00405	0.00136	0.00508	0.00366	0.00365	0.04089
41	0.00654	0.00525	0.00586	0.00581	0.00736	0.00457	0.00442	0.00823	0.01253	0.01592	0.26599	0.04662	0.52585	0.01233	0.00612	0.00173	0.00267	0.05266	0.00502	0.00450
42	0.00766	0.00534	0.00695	0.00650	0.00779	0.00490	0.00489	0.01004	0.01446	0.04102	0.74718	0.03803	0.06489	0.01044	0.00603	0.00162	0.00248	0.00921	0.00565	0.00493
43	0.01148	0.11954	0.56135	0.01519	0.05868	0.06011	0.07214	0.01639	0.01114	0.01557	0.00899	0.01074	0.00669	0.00479	0.00477	0.00155	0.00744	0.00384	0.00225	0.00734
44	0.00745	0.00542	0.00786	0.00786	0.00871	0.00622	0.00600	0.00916	0.00831	0.01211	0.01409	0.02121	0.01332	0.10084	0.69696	0.00763	0.01247	0.00562	0.04430	0.00447
45	0.00624	0.00452	0.00589	0.00699	0.00740	0.00418	0.00469	0.00716	0.00997	0.01316	0.03016	0.75551	0.09354	0.01583	0.00651	0.00206	0.00295	0.01429	0.00476	0.00418
46	0.00608	0.00514	0.00526	0.00535	0.00697	0.00432	0.00397	0.00735	0.01154	0.01380	0.05007	0.11120	0.72499	0.01324	0.00610	0.00176	0.00263	0.01113	0.00476	0.00432
47	0.07333	0.05963	0.05552	0.14983	0.02029	0.05483	0.13527	0.28101	0.01584	0.05227	0.01245	0.01388	0.04160	0.00568	0.00505	0.00158	0.00632	0.00479	0.00368	0.00717
48	0.01517	0.01788	0.04908	0.13003	0.14487	0.35078	0.10645	0.05701	0.01319	0.01498	0.00891	0.01133	0.00715	0.00524	0.00559	0.00153	0.04741	0.00418	0.00266	0.00658
49	0.80536	0.00996	0.00817	0.03209	0.03333	0.01153	0.00612	0.01504	0.00887	0.02253	0.00728	0.00863	0.00567	0.00477	0.00329	0.00159	0.00412	0.00289	0.00313	0.00564
50	0.01518	0.00700	0.00940	0.00780	0.01040	0.00620	0.00620	0.01738	0.01461	0.40792	0.40059	0.02784	0.03046	0.00841	0.00560	0.00160	0.00340	0.00721	0.00600	0.00680

[dist]
# distance from previous block
# <min> <max>
0	11

[block]
# block no. 2 follows, 48 sequences, length 73
# corresponding to MSA columns:
# 186-258
name=unknown_C
#
# <colnr> <probs for GDERKNQSTAVLIFYWHMCP>
#	G	D	E	R	K	N	Q	S	T	A	V	L	I	F	Y	W	H	M	C	P
0	0.01467	0.64980	0.04417	0.00978	0.01392	0.16890	0.00926	0.01637	0.01122	0.01227	0.00734	0.00849	0.00659	0.00457	0.00359	0.00115	0.00626	0.00288	0.00228	0.00649
1	0.00693	0.00520	0.00649	0.00646	0.00767	0.00466	0.00471	0.00876	0.01266	0.01732	0.43053	0.23836	0.17216	0.01208	0.00609	0.00172	0.00265	0.01065	0.00516	0.03973
2	0.01903	0.04447	0.01485	0.01311	0.01580	0.77955	0.00989	0.02036	0.01444	0.01255	0.00791	0.00923	0.00661	0.00527	0.00459	0.00132	0.00916	0.00329	0.00263	0.00596
3	0.02017	0.00926	0.01184	0.00939	0.01303	0.00867	0.00776	0.13534	0.03532	0.54663	0.04062	0.02023	0.01434	0.00698	0.00527	0.00162	0.00447	0.06086	0.02352	0.02470
4	0.01318	0.00978	0.02570	0.01090	0.07646	0.01003	0.00785	0.22314	0.13165	0.06741	0.01698	0.13868	0.01509	0.06488	0.03453	0.00206	0.00478	0.00652	0.10388	0.03648
5	0.01917	0.02445	0.01454	0.01322	0.01586	0.79907	0.00991	0.02049	0.01454	0.01256	0.00793	0.00925	0.00661	0.00529	0.00463	0.00132	0.00925	0.00330	0.00264	0.00595
6	0.01187	0.06092	0.18015	0.00969	0.01305	0.00896	0.00928	0.08119	0.04473	0.13510	0.18049	0.16306	0.02299	0.00893	0.00552	0.00170	0.00459	0.04677	0.00452	0.00648
7	0.01029	0.02654	0.79309	0.01462	0.02221	0.01192	0.01896	0.01625	0.01083	0.01625	0.00921	0.01083	0.00650	0.00487	0.00487	0.00162	0.00758	0.00379	0.00217	0.00758
8	0.01392	0.08241	0.02028	0.02428	0.47848	0.17533	0.06979	0.01656	0.01221	0.01543	0.00978	0.01334	0.00844	0.00504	0.00498	0.00149	0.00684	0.03147	0.00262	0.00733
9	0.01917	0.02445	0.01454	0.01322	0.01586	0.79907	0.00991	0.02049	0.01454	0.01256	0.00793	0.00925	0.00661	0.00529	0.00463	0.00132	0.00925	0.00330	0.00264	0.00595
10	0.01438	0.01113	0.01200	0.01045	0.01357	0.01257	0.00822	0.09843	0.63389	0.09515	0.02000	0.01833	0.01472	0.00683	0.00521	0.00171	0.00424	0.00563	0.00532	0.00824
11	0.01145	0.00921	0.01080	0.00776	0.01229	0.00706	0.00623	0.02935	0.01112	0.05596	0.00975	0.01102	0.00788	0.00398	0.00390	0.00082	0.00387	0.00318	0.00325	0.79113
12	0.00625	0.00447	0.00595	0.00714	0.00744	0.00417	0.00476	0.00714	0.00982	0.01310	0.02828	0.81633	0.03394	0.01608	0.00655	0.00208	0.00298	0.01459	0.00476	0.00417
13	0.01123	0.01123	0.01572	0.01347	0.01347	0.01572	0.01123	0.01235	0.00786	0.01235	0.00674	0.01123	0.00674	0.00898	0.01684	0.00225	0.81028	0.00449	0.00225	0.00561
14	0.00855	0.00469	0.00704	0.00704	0.00725	0.00490	0.00490	0.00725	0.00704	0.00959	0.01001	0.01663	0.00980	0.02252	0.19733	0.65907	0.00657	0.00469	0.00235	0.00276
15	0.02302	0.00873	0.01191	0.00913	0.01310	0.00754	0.00754	0.02501	0.01469	0.79122	0.02024	0.01746	0.01270	0.00635	0.00516	0.00159	0.00437	0.00516	0.00635	0.00873
16	0.01077	0.00539	0.00580	0.00545	0.00695	0.00530	0.00417	0.03192	0.01170	0.08414	0.07413	0.02025	0.01563	0.00635	0.00394	0.00127	0.00264	0.00514	0.69386	0.00522
17	0.00634	0.00453	0.00603	0.00709	0.00746	0.00422	0.00477	0.00736	0.01022	0.01372	0.09156	0.75126	0.03515	0.01561	0.00651	0.00204	0.00293	0.01414	0.00484	0.00422
18	0.01917	0.02445	0.01454	0.01322	0.01586	0.79907	0.00991	0.02049	0.01454	0.01256	0.00793	0.00925	0.00661	0.00529	0.00463	0.00132	0.00925	0.00330	0.00264	0.00595
19	0.70520	0.00950	0.00780	0.00687	0.00996	0.01075	0.00563	0.03174	0.00967	0.08011	0.00903	0.01000	0.00679	0.00501	0.00340	0.00155	0.00390	0.00316	0.07412	0.00580
20	0.01117	0.01104	0.01564	0.04921	0.03417	0.01524	0.01134	0.01246	0.00811	0.01261	0.00709	0.01151	0.00689	0.00864	0.01578	0.00218	0.73959	0.00450	0.01713	0.00567
21	0.00774	0.00641	0.00792	0.00877	0.08593	0.00603	0.00580	0.01075	0.07931	0.01717	0.30373	0.05324	0.36641	0.01080	0.00590	0.00168	0.00302	0.00929	0.00489	0.00522
22	0.01149	0.02301	0.62460	0.01405	0.02097	0.01123	0.06118	0.01674	0.01122	0.08111	0.01019	0.01155	0.00718	0.00489	0.00489	0.00156	0.00710	0.00398	0.00261	0.07046
23	0.00726	0.00524	0.00686	0.00646	0.00767	0.00484	0.00484	0.00968	0.01452	0.02058	0.78496	0.03833	0.04841	0.01049	0.00605	0.00161	0.00242	0.00928	0.00565	0.00484
24	0.00753	0.00534	0.00676	0.00635	0.00771	0.00484	0.00478	0.00978	0.01413	0.04108	0.65941	0.03932	0.15228	0.01073	0.00603	0.00163	0.00250	0.00939	0.00554	0.00488
25	0.01240	0.01468	0.14240	0.04721	0.58223	0.03234	0.02879	0.01637	0.04344	0.01667	0.01000	0.01263	0.00811	0.00475	0.00506	0.00155	0.00639	0.00449	0.00259	0.00790
26	0.01442	0.01173	0.01654	0.07075	0.28203	0.06153	0.07446	0.10665	0.06058	0.12613	0.01403	0.03348	0.03037	0.06639	0.00679	0.00184	0.00590	0.00537	0.00369	0.00733
27	0.00635	0.00453	0.00606	0.00725	0.00759	0.00425	0.00493	0.00731	0.00992	0.01320	0.02823	0.78093	0.03373	0.01599	0.00657	0.00210	0.00306	0.04905	0.00476	0.00419
28	0.00642	0.00544	0.00557	0.00550	0.00724	0.00472	0.00414	0.00834	0.04373	0.01461	0.09847	0.04740	0.70554	0.01258	0.00603	0.00173	0.00265	0.01052	0.00484	0.00452
29	0.01030	0.00689	0.00889	0.00853	0.01006	0.00685	0.03314	0.11921	0.03398	0.08177	0.02391	0.45606	0.03908	0.02575	0.00634	0.00195	0.00381	0.05993	0.05808	0.00547
30	0.03926	0.01002	0.01386	0.03273	0.01514	0.02021	0.07164	0.10303	0.01522	0.59644	0.01781	0.01620	0.01146	0.00608	0.00518	0.00159	0.00499	0.00508	0.00567	0.00839
31	0.85592	0.00992	0.00754	0.00675	0.00992	0.01151	0.00556	0.01508	0.00873	0.02302	0.00714	0.00834	0.00556	0.00476	0.00318	0.00159	0.00397	0.00278	0.00318	0.00556
32	0.02273	0.00920	0.01220	0.00935	0.01333	0.00824	0.00773	0.08736	0.01548	0.72776	0.01958	0.01703	0.01237	0.00633	0.00516	0.00158	0.00447	0.00511	0.00625	0.00873
33	0.01761	0.16788	0.01674	0.01162	0.01505	0.33929	0.00943	0.25839	0.06771	0.01938	0.01082	0.01140	0.02156	0.00565	0.00461	0.00138	0.00695	0.00392	0.00356	0.00707
34	0.00857	0.00542	0.00709	0.00683	0.00813	0.00494	0.00506	0.01055	0.01335	0.09638	0.50472	0.21289	0.07341	0.01145	0.00607	0.00172	0.00275	0.01013	0.00548	0.00506
35	0.05121	0.01377	0.01473	0.01142	0.01541	0.01521	0.00940	0.66640	0.06812	0.06286	0.01296	0.01279	0.00918	0.00616	0.00506	0.00156	0.00543	0.00464	0.00511	0.00857
36	0.01421	0.00761	0.00991	0.00902	0.03244	0.01901	0.01897	0.03591	0.05584	0.32285	0.14767	0.21788	0.06722	0.00971	0.00570	0.00173	0.00382	0.00845	0.00544	0.00661
37	0.00632	0.00459	0.00597	0.00694	0.00742	0.00424	0.00471	0.00737	0.01036	0.01378	0.09333	0.69415	0.09113	0.01538	0.00647	0.00202	0.00290	0.01386	0.00484	0.00424
38	0.01917	0.02445	0.01454	0.01322	0.01586	0.79907	0.00991	0.02049	0.01454	0.01256	0.00793	0.00925	0.00661	0.00529	0.00463	0.00132	0.00925	0.00330	0.00264	0.00595
39	0.01599	0.01265	0.01528	0.20336	0.08459	0.03069	0.01101	0.47014	0.01888	0.02521	0.01218	0.01358	0.02395	0.00589	0.00509	0.00157	0.00588	0.00470	0.03168	0.00768
40	0.01014	0.00964	0.01364	0.01202	0.01228	0.01314	0.00989	0.01146	0.00797	0.01223	0.00868	0.01370	0.00843	0.01717	0.23394	0.00391	0.58929	0.00477	0.00238	0.00533
41	0.01107	0.20644	0.61997	0.01330	0.02017	0.01381	0.01666	0.01605	0.01074	0.01531	0.00874	0.01025	0.00652	0.00477	0.00452	0.00151	0.00711	0.00355	0.00217	0.00736
42	0.01048	0.00999	0.01712	0.59814	0.21675	0.01163	0.03562	0.01384	0.01066	0.01408	0.00928	0.01345	0.00718	0.00497	0.00514	0.00167	0.00671	0.00460	0.00235	0.00632
43	0.01306	0.01101	0.01159	0.01033	0.01324	0.01267	0.00806	0.07222	0.70521	0.02205	0.02021	0.01873	0.01515	0.00688	0.00516	0.00171	0.00410	0.00569	0.03488	0.00804
44	0.01095	0.00911	0.01067	0.00764	0.01218	0.00686	0.00612	0.01322	0.01074	0.03616	0.00940	0.01081	0.00773	0.00386	0.00383	0.00078	0.00381	0.00309	0.00312	0.82990
45	0.00718	0.00540	0.00681	0.00735	0.00859	0.00503	0.00590	0.00907	0.01206	0.01564	0.17881	0.14176	0.25788	0.01335	0.00652	0.00200	0.00345	0.30372	0.00492	0.00456
46	0.01372	0.82276	0.02689	0.00878	0.01317	0.02030	0.00878	0.01536	0.01043	0.01207	0.00713	0.00823	0.00658	0.00439	0.00329	0.00110	0.00549	0.00274	0.00219	0.00658
47	0.01029	0.02654	0.79309	0.01462	0.02221	0.01192	0.01896	0.01625	0.01083	0.01625	0.00921	0.01083	0.00650	0.00487	0.00487	0.00162	0.00758	0.00379	0.00217	0.00758
48	0.03745	0.00856	0.01154	0.00893	0.01273	0.00746	0.00735	0.02396	0.01457	0.73370	0.06306	0.01847	0.01458	0.00655	0.00517	0.00159	0.00425	0.00535	0.00625	0.00845
49	0.00760	0.00520	0.00670	0.00662	0.00778	0.00475	0.00485	0.00952	0.01312	0.05202	0.49850	0.22729	0.11289	0.01190	0.00613	0.00174	0.00266	0.01053	0.00538	0.00480
50	0.17805	0.01182	0.01219	0.00995	0.01341	0.01309	0.00812	0.39570	0.14165	0.06247	0.01536	0.01598	0.04440	0.00655	0.00483	0.00161	0.00476	0.02564	0.02682	0.00761
51	0.07850	0.01067	0.01543	0.40254	0.14473	0.06077	0.04465	0.01526	0.02423	0.07658	0.01107	0.02892	0.00890	0.00573	0.00532	0.00168	0.02312	0.03261	0.00294	0.00635
52	0.70538	0.01215	0.04892	0.00835	0.01180	0.07746	0.04075	0.01565	0.00948	0.02151	0.00746	0.00878	0.00579	0.00479	0.00351	0.00157	0.00480	0.00302	0.00305	0.00575
53	0.01340	0.07333	0.04052	0.02739	0.63166	0.02753	0.01470	0.07894	0.01266	0.01763	0.00964	0.01222	0.00799	0.00471	0.00494	0.00149	0.00611	0.00440	0.00272	0.00801
54	0.00897	0.07416	0.00958	0.00883	0.01029	0.00696	0.00751	0.01128	0.02504	0.04268	0.09478	0.14834	0.02908	0.01287	0.00650	0.00211	0.00433	0.48700	0.00467	0.00502
55	0.01411	0.32628	0.31200	0.01159	0.01700	0.06912	0.01267	0.08605	0.01247	0.08069	0.00954	0.01043	0.00726	0.00496	0.00430	0.00139	0.00646	0.00355	0.00283	0.00729
56	0.00693	0.00518	0.00644	0.00624	0.00749	0.00468	0.00463	0.00900	0.01357	0.01859	0.57212	0.09863	0.20471	0.01144	0.00609	0.00167	0.00250	0.01001	0.00539	0.00468
57	0.00658	0.00524	0.00584	0.00587	0.00734	0.00460	0.00444	0.00814	0.01210	0.01526	0.20882	0.05970	0.51385	0.05011	0.00709	0.00191	0.00285	0.07097	0.00488	0.00442
58	0.01397	0.58013	0.08219	0.01063	0.01509	0.07805	0.07309	0.01616	0.01104	0.04515	0.00833	0.00966	0.00709	0.00543	0.02380	0.00141	0.00636	0.00331	0.00245	0.00668
59	0.02175	0.00838	0.01129	0.00876	0.01247	0.00729	0.00720	0.02377	0.01439	0.72040	0.03320	0.01795	0.01335	0.00639	0.00506	0.00156	0.00419	0.00520	0.06903	0.00837
60	0.00629	0.00528	0.00534	0.00532	0.00693	0.00452	0.00391	0.00771	0.02421	0.01367	0.04858	0.04761	0.71114	0.07762	0.00766	0.00199	0.00281	0.01047	0.00464	0.00430
61	0.08956	0.05452	0.01429	0.04018	0.01574	0.58879	0.00951	0.04346	0.07091	0.01473	0.00897	0.01012	0.00727	0.00535	0.00453	0.00139	0.00806	0.00351	0.00293	0.00618
62	0.01487	0.01406	0.21942	0.07039	0.01709	0.01050	0.01121	0.02187	0.24678	0.25980	0.03221	0.01723	0.01260	0.00631	0.00516	0.00167	0.00528	0.02116	0.00454	0.00785
63	0.01971	0.00893	0.01147	0.00917	0.01269	0.00837	0.00744	0.05153	0.13199	0.56721	0.08309	0.03401	0.01634	0.00696	0.00527	0.00162	0.00418	0.00575	0.00605	0.00823
64	0.01034	0.00709	0.03722	0.00751	0.00952	0.00618	0.00610	0.05898	0.01496	0.12810	0.58931	0.03315	0.03913	0.00950	0.00585	0.00162	0.00312	0.02104	0.00557	0.00572
65	0.02052	0.00857	0.01146	0.00893	0.01272	0.00740	0.00735	0.02278	0.02728	0.64645	0.04642	0.01927	0.01423	0.00659	0.00515	0.00155	0.00425	0.03619	0.00593	0.08696
66	0.01119	0.01266	0.05301	0.02889	0.02240	0.01177	0.53264	0.01585	0.07579	0.01625	0.01535	0.06984	0.06800	0.00616	0.00634	0.00177	0.03559	0.00679	0.00309	0.00661
67	0.01177	0.00658	0.00892	0.00845	0.01005	0.00646	0.00663	0.01348	0.01212	0.22888	0.14803	0.26790	0.03878	0.01154	0.00703	0.00192	0.07106	0.12953	0.00513	0.00575
68	0.01136	0.02505	0.72776	0.01417	0.02145	0.01155	0.01800	0.01698	0.01116	0.08106	0.01013	0.01139	0.00702	0.00500	0.00490	0.00162	0.00731	0.00391	0.00252	0.00768
69	0.00655	0.00611	0.06457	0.00770	0.00854	0.00474	0.00582	0.00782	0.00990	0.01333	0.02686	0.75634	0.03189	0.01524	0.00642	0.00205	0.00332	0.01378	0.00457	0.00442
70	0.10771	0.13534	0.08827	0.06317	0.01577	0.06440	0.02890	0.06010	0.23843	0.06705	0.01291	0.01326	0.00977	0.00552	0.00453	0.00149	0.00532	0.00427	0.00372	0.07007
71	0.52247	0.02986	0.01085	0.02936	0.01278	0.10132	0.02347	0.12345	0.06903	0.02241	0.00911	0.01006	0.00698	0.00518	0.00388	0.00156	0.00502	0.00344	0.00349	0.00630
72	0.01400	0.01010	0.00996	0.00875	0.01117	0.13235	0.00675	0.01792	0.13855	0.21754	0.24420	0.03869	0.08864	0.03085	0.00603	0.00169	0.00437	0.00687	0.00513	0.00645

[dist]
# distance from previous block
# <min> <max>
0	16

# created by:
# /st0/software/busco_prod/Augustus/scripts/msa2prfl.pl ./align_prep/193899.fa
