[name]
unknown

[dist]
# distance from previous block
# <min> <max>
18	104

[block]
# block no. 0 follows, 48 sequences, length 33
# corresponding to MSA columns:
# 109-141
name=unknown_A
#
# <colnr> <probs for GDERKNQSTAVLIFYWHMCP>
#	G	D	E	R	K	N	Q	S	T	A	V	L	I	F	Y	W	H	M	C	P
0	0.01298	0.00957	0.01162	0.10303	0.03899	0.01016	0.00828	0.18196	0.17213	0.08643	0.06721	0.13314	0.04739	0.00797	0.00532	0.00163	0.00445	0.00676	0.02092	0.07007
1	0.01266	0.01179	0.03555	0.06251	0.32389	0.05032	0.06387	0.08277	0.05291	0.04554	0.01367	0.11970	0.01255	0.00696	0.00588	0.00167	0.04084	0.03052	0.00340	0.02301
2	0.09560	0.00760	0.00917	0.00789	0.01017	0.00725	0.04361	0.06020	0.04150	0.04526	0.11008	0.15098	0.09931	0.13152	0.00836	0.00206	0.00397	0.00751	0.00414	0.15380
3	0.01526	0.01170	0.03725	0.02660	0.01444	0.01154	0.02271	0.35558	0.08511	0.08872	0.01701	0.05649	0.07373	0.00679	0.00507	0.00148	0.00483	0.00550	0.00463	0.15558
4	0.03417	0.21254	0.22176	0.12319	0.01931	0.10573	0.03656	0.08867	0.01230	0.01596	0.00982	0.01163	0.02290	0.00598	0.02610	0.00162	0.00685	0.00388	0.00267	0.03836
5	0.03534	0.01095	0.01718	0.35295	0.23407	0.04181	0.07544	0.01613	0.05124	0.08202	0.02664	0.01422	0.00903	0.00522	0.00515	0.00163	0.00636	0.00480	0.00299	0.00683
6	0.08982	0.01083	0.01315	0.24657	0.04657	0.04614	0.01000	0.11613	0.15455	0.11071	0.01299	0.01430	0.00960	0.00687	0.03460	0.00183	0.00576	0.00459	0.00385	0.06114
7	0.04385	0.01033	0.01293	0.14252	0.03180	0.01109	0.03728	0.18595	0.17101	0.04933	0.04998	0.03181	0.01320	0.05438	0.00632	0.00177	0.00504	0.02831	0.00414	0.10896
8	0.02986	0.02725	0.01208	0.06140	0.05178	0.04362	0.00821	0.17593	0.06603	0.11134	0.11884	0.02233	0.10919	0.00754	0.00566	0.00157	0.03459	0.02927	0.00449	0.07901
9	0.00754	0.00511	0.00651	0.00720	0.00773	0.00496	0.00496	0.00887	0.03484	0.03824	0.02468	0.48541	0.02840	0.21198	0.01131	0.00280	0.00375	0.09704	0.00442	0.00425
10	0.01064	0.00916	0.08077	0.05970	0.01272	0.00779	0.00774	0.03942	0.11924	0.09501	0.27421	0.07127	0.04932	0.03870	0.00628	0.00175	0.00402	0.03299	0.00469	0.07457
11	0.00661	0.00522	0.00596	0.00578	0.00727	0.00457	0.00433	0.00843	0.01300	0.01695	0.38886	0.04430	0.44678	0.01184	0.00606	0.00168	0.00252	0.01012	0.00517	0.00457
12	0.00721	0.00514	0.00660	0.00657	0.00751	0.00482	0.00478	0.00899	0.01259	0.01744	0.49842	0.13354	0.07254	0.11801	0.00906	0.01690	0.00301	0.05736	0.00505	0.00446
13	0.02270	0.00925	0.01223	0.00938	0.01336	0.00831	0.00774	0.09349	0.01555	0.72152	0.01952	0.01699	0.01234	0.00633	0.00516	0.00158	0.00448	0.00511	0.00624	0.00873
14	0.01268	0.07436	0.02902	0.02014	0.02510	0.06392	0.66412	0.01662	0.01214	0.01586	0.00998	0.01313	0.00762	0.00439	0.00576	0.00166	0.00846	0.00563	0.00257	0.00683
15	0.13069	0.01192	0.01948	0.04293	0.61389	0.01213	0.06356	0.01565	0.01127	0.01755	0.00934	0.01218	0.00772	0.00459	0.00488	0.00155	0.00598	0.00442	0.00263	0.00764
16	0.01231	0.01180	0.02013	0.13106	0.69112	0.01209	0.01556	0.01541	0.01150	0.01629	0.00958	0.01283	0.00796	0.00464	0.00509	0.00155	0.00619	0.00457	0.00251	0.00782
17	0.01798	0.00845	0.01082	0.00873	0.01195	0.00787	0.00705	0.06919	0.08394	0.48441	0.18444	0.02273	0.04412	0.00748	0.00538	0.00161	0.00395	0.00624	0.00597	0.00771
18	0.01234	0.01185	0.02040	0.02691	0.57927	0.01179	0.11076	0.03619	0.03741	0.01749	0.06069	0.01538	0.02555	0.00520	0.00529	0.00157	0.00604	0.00522	0.00295	0.00771
19	0.01270	0.01219	0.02083	0.03149	0.78767	0.01219	0.01575	0.01575	0.01168	0.01676	0.00965	0.01270	0.00813	0.00457	0.00508	0.00152	0.00610	0.00457	0.00254	0.00813
20	0.01009	0.00795	0.00949	0.06763	0.01232	0.00871	0.00707	0.03691	0.29617	0.04655	0.05544	0.16065	0.12390	0.01373	0.11680	0.00269	0.00522	0.00795	0.00457	0.00616
21	0.00969	0.00912	0.01539	0.80734	0.03534	0.01140	0.01425	0.01311	0.01026	0.01311	0.00912	0.01368	0.00684	0.00513	0.00513	0.00171	0.00684	0.00456	0.00228	0.00570
22	0.01246	0.01250	0.02273	0.04694	0.50749	0.01243	0.22474	0.01661	0.06088	0.01688	0.01056	0.01345	0.00848	0.00467	0.00536	0.00160	0.00669	0.00506	0.00272	0.00773
23	0.00639	0.00521	0.00564	0.00554	0.00713	0.00447	0.00415	0.00799	0.01246	0.01567	0.24894	0.04641	0.58750	0.01232	0.00606	0.00170	0.00255	0.01041	0.00500	0.00447
24	0.00614	0.00520	0.00530	0.00528	0.00698	0.00436	0.00396	0.00751	0.01187	0.01428	0.09785	0.04869	0.73945	0.01284	0.00606	0.00173	0.00259	0.01073	0.00482	0.00436
25	0.00625	0.00447	0.00595	0.00714	0.00744	0.00417	0.00476	0.00714	0.00982	0.01310	0.02828	0.81633	0.03394	0.01608	0.00655	0.00208	0.00298	0.01459	0.00476	0.00417
26	0.01291	0.01179	0.01794	0.02480	0.54309	0.01224	0.01336	0.06623	0.17144	0.01864	0.01345	0.01584	0.02658	0.00557	0.00518	0.00159	0.00554	0.02244	0.00336	0.00801
27	0.01089	0.14966	0.64774	0.01396	0.02096	0.01325	0.04338	0.01612	0.01081	0.01561	0.00893	0.01053	0.00656	0.00478	0.00467	0.00155	0.00729	0.00371	0.00219	0.00741
28	0.01372	0.82276	0.02689	0.00878	0.01317	0.02030	0.00878	0.01536	0.01043	0.01207	0.00713	0.00823	0.00658	0.00439	0.00329	0.00110	0.00549	0.00274	0.00219	0.00658
29	0.00698	0.00539	0.00640	0.00617	0.00762	0.00488	0.00468	0.00927	0.03193	0.01792	0.46820	0.04261	0.32308	0.01146	0.00607	0.00168	0.00260	0.03305	0.00528	0.00473
30	0.01403	0.04677	0.19068	0.01053	0.01494	0.02293	0.01013	0.08951	0.17717	0.15901	0.06743	0.02871	0.01327	0.00611	0.00491	0.00149	0.00504	0.00494	0.00427	0.12812
31	0.03958	0.27257	0.22348	0.01119	0.01554	0.04988	0.07179	0.01498	0.01063	0.05700	0.01093	0.05320	0.00967	0.06054	0.07608	0.00227	0.00693	0.00459	0.00274	0.00641
32	0.00655	0.00474	0.00621	0.00694	0.00757	0.00440	0.00485	0.00789	0.01114	0.01504	0.21433	0.55755	0.08056	0.01447	0.00642	0.00196	0.00288	0.03716	0.00498	0.00436

[dist]
# distance from previous block
# <min> <max>
0	1

[block]
# block no. 1 follows, 48 sequences, length 33
# corresponding to MSA columns:
# 143-175
name=unknown_B
#
# <colnr> <probs for GDERKNQSTAVLIFYWHMCP>
#	G	D	E	R	K	N	Q	S	T	A	V	L	I	F	Y	W	H	M	C	P
0	0.85592	0.00992	0.00754	0.00675	0.00992	0.01151	0.00556	0.01508	0.00873	0.02302	0.00714	0.00834	0.00556	0.00476	0.00318	0.00159	0.00397	0.00278	0.00318	0.00556
1	0.01234	0.01175	0.02000	0.08198	0.70903	0.01191	0.01537	0.01538	0.01159	0.01647	0.01027	0.01444	0.00884	0.00497	0.00516	0.00157	0.00609	0.03240	0.00260	0.00784
2	0.01242	0.01209	0.02094	0.02728	0.57795	0.01209	0.12796	0.01663	0.07841	0.01726	0.03866	0.01435	0.01018	0.00496	0.00527	0.00158	0.00617	0.00507	0.00289	0.00783
3	0.85592	0.00992	0.00754	0.00675	0.00992	0.01151	0.00556	0.01508	0.00873	0.02302	0.00714	0.00834	0.00556	0.00476	0.00318	0.00159	0.00397	0.00278	0.00318	0.00556
4	0.01272	0.26974	0.18250	0.01564	0.02101	0.01482	0.34604	0.01644	0.01144	0.04879	0.00956	0.01163	0.00736	0.00454	0.00491	0.00150	0.00726	0.00452	0.00255	0.00703
5	0.00720	0.00539	0.00680	0.00764	0.00834	0.00536	0.00535	0.00994	0.10794	0.01449	0.05059	0.65772	0.03186	0.01466	0.00639	0.00204	0.00317	0.04555	0.00485	0.00472
6	0.00675	0.00498	0.00683	0.02444	0.03227	0.00475	0.00552	0.00801	0.01052	0.01411	0.10158	0.63386	0.04864	0.01476	0.00645	0.00202	0.00321	0.06214	0.00473	0.00443
7	0.01456	0.48743	0.08001	0.01315	0.13134	0.04084	0.01068	0.10448	0.01256	0.04943	0.00887	0.01001	0.00733	0.00477	0.00402	0.00128	0.00582	0.00344	0.00278	0.00722
8	0.00726	0.00524	0.00686	0.00646	0.00767	0.00484	0.00484	0.00968	0.01452	0.02058	0.78496	0.03833	0.04841	0.01049	0.00605	0.00161	0.00242	0.00928	0.00565	0.00484
9	0.01183	0.01130	0.01925	0.25585	0.57011	0.01196	0.01531	0.01498	0.01127	0.01571	0.00950	0.01298	0.00776	0.00473	0.00509	0.00158	0.00631	0.00457	0.00246	0.00743
10	0.02173	0.00881	0.01173	0.00915	0.01295	0.00788	0.00751	0.02473	0.07546	0.70679	0.04329	0.01823	0.01401	0.00652	0.00519	0.00160	0.00428	0.00533	0.00624	0.00857
11	0.85592	0.00992	0.00754	0.00675	0.00992	0.01151	0.00556	0.01508	0.00873	0.02302	0.00714	0.00834	0.00556	0.00476	0.00318	0.00159	0.00397	0.00278	0.00318	0.00556
12	0.00740	0.00520	0.00674	0.00674	0.00714	0.00560	0.00454	0.00820	0.00780	0.01080	0.01512	0.02777	0.01613	0.48181	0.36054	0.00639	0.00877	0.00661	0.00295	0.00375
13	0.00737	0.00521	0.00686	0.00689	0.00733	0.00564	0.00471	0.00826	0.00789	0.01095	0.01531	0.04602	0.01626	0.43081	0.39145	0.00645	0.00908	0.00670	0.00298	0.00383
14	0.00969	0.00912	0.01539	0.80734	0.03534	0.01140	0.01425	0.01311	0.01026	0.01311	0.00912	0.01368	0.00684	0.00513	0.00513	0.00171	0.00684	0.00456	0.00228	0.00570
15	0.01917	0.02445	0.01454	0.01322	0.01586	0.79907	0.00991	0.02049	0.01454	0.01256	0.00793	0.00925	0.00661	0.00529	0.00463	0.00132	0.00925	0.00330	0.00264	0.00595
16	0.00740	0.00522	0.00685	0.00685	0.00728	0.00565	0.00467	0.00826	0.00783	0.01087	0.01502	0.02725	0.01591	0.45125	0.39078	0.00652	0.00911	0.00654	0.00294	0.00380
17	0.00625	0.00447	0.00595	0.00714	0.00744	0.00417	0.00476	0.00714	0.00982	0.01310	0.02828	0.81633	0.03394	0.01608	0.00655	0.00208	0.00298	0.01459	0.00476	0.00417
18	0.00703	0.00531	0.00726	0.00770	0.00807	0.00548	0.02112	0.00792	0.00918	0.01245	0.02306	0.53885	0.02706	0.16199	0.07388	0.00310	0.06060	0.01170	0.00408	0.00417
19	0.01064	0.00912	0.01064	0.00760	0.01216	0.00684	0.00608	0.01292	0.01064	0.01672	0.00912	0.01064	0.00760	0.00380	0.00380	0.00076	0.00380	0.00304	0.00304	0.85104
20	0.01100	0.00901	0.01176	0.01366	0.16219	0.00955	0.00896	0.09670	0.21243	0.01847	0.02081	0.22617	0.02064	0.01005	0.00586	0.00188	0.00447	0.14536	0.00448	0.00656
21	0.85592	0.00992	0.00754	0.00675	0.00992	0.01151	0.00556	0.01508	0.00873	0.02302	0.00714	0.00834	0.00556	0.00476	0.00318	0.00159	0.00397	0.00278	0.00318	0.00556
22	0.01203	0.01127	0.01900	0.04725	0.66479	0.01133	0.01470	0.01499	0.01167	0.01649	0.01200	0.01881	0.01098	0.00588	0.00535	0.00164	0.00593	0.10545	0.00283	0.00761
23	0.02302	0.00873	0.01191	0.00913	0.01310	0.00754	0.00754	0.02501	0.01469	0.79122	0.02024	0.01746	0.01270	0.00635	0.00516	0.00159	0.00437	0.00516	0.00635	0.00873
24	0.01216	0.01354	0.04931	0.03961	0.11858	0.01278	0.53750	0.01767	0.11138	0.01704	0.01159	0.01429	0.00879	0.00473	0.00577	0.00170	0.00767	0.00574	0.00291	0.00722
25	0.00624	0.00492	0.00565	0.00620	0.00731	0.00433	0.00445	0.00741	0.01092	0.01361	0.04097	0.37139	0.43766	0.01434	0.00631	0.00191	0.00285	0.04450	0.00476	0.00428
26	0.00906	0.00560	0.00736	0.00705	0.00849	0.00513	0.00538	0.01113	0.01347	0.11334	0.47896	0.15551	0.07922	0.01124	0.00610	0.00175	0.00293	0.06760	0.00548	0.00518
27	0.01276	0.01102	0.01160	0.01044	0.01334	0.01276	0.00812	0.02727	0.77840	0.02146	0.02088	0.01914	0.01566	0.00696	0.00522	0.00174	0.00406	0.00580	0.00522	0.00812
28	0.01212	0.00933	0.01096	0.00797	0.01242	0.00739	0.00640	0.04372	0.02976	0.08560	0.01050	0.01151	0.00828	0.00419	0.00401	0.00089	0.00393	0.00335	0.00346	0.72420
29	0.02705	0.07353	0.19010	0.01000	0.01345	0.02364	0.02217	0.07279	0.08439	0.08100	0.10511	0.20748	0.05042	0.00886	0.00539	0.00169	0.00479	0.00755	0.00417	0.00641
30	0.00643	0.00470	0.00611	0.00689	0.00750	0.00438	0.00476	0.00764	0.01066	0.01426	0.14452	0.58469	0.11319	0.01588	0.04070	0.00224	0.00332	0.01300	0.00481	0.00430
31	0.00626	0.00461	0.00587	0.00681	0.00737	0.00422	0.00463	0.00727	0.01030	0.01350	0.06022	0.66404	0.15538	0.01537	0.00645	0.00201	0.00290	0.01379	0.00480	0.00422
32	0.01270	0.01219	0.02083	0.03149	0.78767	0.01219	0.01575	0.01575	0.01168	0.01676	0.00965	0.01270	0.00813	0.00457	0.00508	0.00152	0.00610	0.00457	0.00254	0.00813

[dist]
# distance from previous block
# <min> <max>
0	43

[block]
# block no. 2 follows, 48 sequences, length 37
# corresponding to MSA columns:
# 219-255
name=unknown_C
#
# <colnr> <probs for GDERKNQSTAVLIFYWHMCP>
#	G	D	E	R	K	N	Q	S	T	A	V	L	I	F	Y	W	H	M	C	P
0	0.01293	0.02291	0.61318	0.01358	0.02034	0.01161	0.01651	0.08083	0.01251	0.13134	0.01109	0.01193	0.00760	0.00520	0.00494	0.00161	0.00695	0.00406	0.00303	0.00785
1	0.00743	0.00552	0.00718	0.00807	0.00926	0.00527	0.00668	0.00932	0.01149	0.01466	0.03342	0.16670	0.21579	0.01416	0.00676	0.00217	0.00395	0.46290	0.00474	0.00455
2	0.01184	0.01164	0.02077	0.22946	0.48677	0.01210	0.12188	0.01517	0.01138	0.01578	0.00962	0.01311	0.00775	0.00468	0.00523	0.00160	0.00665	0.00478	0.00248	0.00733
3	0.00715	0.00525	0.00686	0.00756	0.00856	0.00495	0.00592	0.00894	0.01175	0.01552	0.18254	0.27746	0.14322	0.01383	0.00657	0.00204	0.00344	0.27898	0.00493	0.00453
4	0.01033	0.02625	0.77590	0.01478	0.02231	0.01194	0.03586	0.01625	0.01086	0.01625	0.00923	0.01090	0.00653	0.00486	0.00490	0.00163	0.00761	0.00384	0.00218	0.00757
5	0.01376	0.18074	0.38657	0.01324	0.01913	0.02681	0.10518	0.01782	0.01170	0.16171	0.01100	0.01190	0.00785	0.00500	0.00475	0.00152	0.00672	0.00411	0.00302	0.00749
6	0.01013	0.10298	0.56809	0.01344	0.03504	0.01165	0.03182	0.01482	0.01069	0.01538	0.01183	0.12889	0.01060	0.00645	0.00499	0.00164	0.00669	0.00533	0.00257	0.00698
7	0.00981	0.00924	0.01561	0.77650	0.06524	0.01143	0.01431	0.01321	0.01032	0.01326	0.00914	0.01364	0.00689	0.00511	0.00513	0.00170	0.00681	0.00456	0.00229	0.00580
8	0.00786	0.00696	0.00931	0.01195	0.20351	0.00636	0.00698	0.00972	0.01199	0.01530	0.11897	0.03898	0.51182	0.01061	0.00582	0.00167	0.00346	0.00909	0.00430	0.00534
9	0.01138	0.04829	0.68257	0.01376	0.02077	0.01160	0.01730	0.01677	0.01125	0.08127	0.03180	0.01208	0.00820	0.00514	0.00488	0.00161	0.00711	0.00403	0.00262	0.00757
10	0.02075	0.01300	0.12683	0.01036	0.01473	0.09123	0.00947	0.02325	0.01411	0.59578	0.01733	0.01563	0.01115	0.00602	0.00506	0.00157	0.00535	0.00476	0.00535	0.00827
11	0.01029	0.02654	0.79309	0.01462	0.02221	0.01192	0.01896	0.01625	0.01083	0.01625	0.00921	0.01083	0.00650	0.00487	0.00487	0.00162	0.00758	0.00379	0.00217	0.00758
12	0.01226	0.01174	0.02003	0.14536	0.67725	0.01208	0.01553	0.01536	0.01147	0.01623	0.00957	0.01284	0.00794	0.00465	0.00509	0.00155	0.00620	0.00457	0.00250	0.00777
13	0.01145	0.01135	0.02056	0.22262	0.36697	0.01173	0.18461	0.01500	0.02718	0.01568	0.01136	0.04531	0.02210	0.00530	0.00539	0.00165	0.00664	0.00543	0.00267	0.00703
14	0.00990	0.00913	0.01516	0.54330	0.17334	0.01059	0.01315	0.01310	0.01115	0.01490	0.12308	0.01711	0.01318	0.00581	0.00526	0.00166	0.00605	0.00525	0.00282	0.00603
15	0.00716	0.00516	0.00676	0.00653	0.00764	0.00477	0.00483	0.00942	0.01403	0.01979	0.70557	0.11996	0.04690	0.01108	0.00610	0.00166	0.00248	0.00984	0.00556	0.00477
16	0.01226	0.01173	0.01995	0.11239	0.69365	0.01196	0.01536	0.01531	0.01153	0.01632	0.01041	0.01351	0.02301	0.00479	0.00510	0.00155	0.00611	0.00469	0.00256	0.00780
17	0.01247	0.09509	0.60996	0.01330	0.02006	0.01202	0.01637	0.01746	0.01136	0.12961	0.01064	0.01157	0.00742	0.00505	0.00478	0.00157	0.00692	0.00390	0.00278	0.00766
18	0.13482	0.12302	0.58261	0.01274	0.01928	0.01290	0.01573	0.01597	0.01047	0.01672	0.00865	0.01014	0.00637	0.00480	0.00443	0.00155	0.00679	0.00351	0.00232	0.00716
19	0.02292	0.00889	0.01201	0.00920	0.01318	0.00778	0.00760	0.04606	0.01495	0.76979	0.02002	0.01732	0.01259	0.00635	0.00516	0.00159	0.00440	0.00514	0.00632	0.00873
20	0.01086	0.01772	0.31596	0.01752	0.02315	0.01171	0.40950	0.01549	0.01150	0.01619	0.02790	0.07614	0.01022	0.00559	0.00565	0.00172	0.00767	0.00594	0.00267	0.00691
21	0.01493	0.01427	0.02485	0.01817	0.02286	0.07880	0.51400	0.12835	0.01435	0.09974	0.01149	0.01361	0.00834	0.00489	0.00571	0.00165	0.00781	0.00552	0.00337	0.00729
22	0.00642	0.00467	0.00606	0.00692	0.00749	0.00431	0.00476	0.00760	0.01071	0.01430	0.14130	0.62431	0.09906	0.01496	0.00645	0.00199	0.00289	0.02661	0.00489	0.00429
23	0.02302	0.00873	0.01191	0.00913	0.01310	0.00754	0.00754	0.02501	0.01469	0.79122	0.02024	0.01746	0.01270	0.00635	0.00516	0.00159	0.00437	0.00516	0.00635	0.00873
24	0.00871	0.00776	0.01245	0.46796	0.02444	0.00898	0.03635	0.01169	0.03528	0.01361	0.01724	0.24295	0.04417	0.00890	0.00568	0.00184	0.00548	0.03792	0.00327	0.00530
25	0.00771	0.00813	0.09070	0.00844	0.01072	0.00605	0.07029	0.00996	0.01191	0.03079	0.18465	0.18882	0.29914	0.01143	0.00605	0.00179	0.00379	0.04005	0.00452	0.00506
26	0.00716	0.00485	0.00569	0.00599	0.00606	0.00477	0.00353	0.00738	0.00806	0.01074	0.01922	0.23058	0.02250	0.61742	0.02119	0.00425	0.00447	0.00926	0.00353	0.00338
27	0.01105	0.02062	0.44484	0.03983	0.02455	0.01236	0.33984	0.01624	0.01136	0.01624	0.00971	0.01220	0.00706	0.00465	0.00539	0.00167	0.00802	0.00478	0.00235	0.00725
28	0.01424	0.01260	0.01246	0.09435	0.01600	0.12758	0.00898	0.02460	0.52161	0.08387	0.01769	0.01698	0.01316	0.00647	0.00512	0.00166	0.00514	0.00525	0.00463	0.00760
29	0.00938	0.00578	0.00733	0.00680	0.00843	0.00524	0.00514	0.01164	0.02846	0.13183	0.46084	0.11830	0.15933	0.01080	0.00596	0.00168	0.00283	0.00941	0.00551	0.00532
30	0.85592	0.00992	0.00754	0.00675	0.00992	0.01151	0.00556	0.01508	0.00873	0.02302	0.00714	0.00834	0.00556	0.00476	0.00318	0.00159	0.00397	0.00278	0.00318	0.00556
31	0.07440	0.00813	0.01040	0.00854	0.01178	0.00727	0.00697	0.01932	0.01277	0.46770	0.01871	0.02332	0.01458	0.07534	0.00691	0.00189	0.00438	0.11471	0.00523	0.10768
32	0.00716	0.00485	0.00569	0.00599	0.00606	0.00477	0.00353	0.00738	0.00806	0.01074	0.01922	0.23058	0.02250	0.61742	0.02119	0.00425	0.00447	0.00926	0.00353	0.00338
33	0.01397	0.01328	0.01838	0.02481	0.52829	0.07869	0.01351	0.09703	0.12575	0.01873	0.01144	0.01332	0.00917	0.00515	0.00507	0.00154	0.00601	0.00465	0.00321	0.00801
34	0.00702	0.00513	0.00659	0.00646	0.00757	0.00470	0.00475	0.00912	0.01361	0.01894	0.61498	0.15340	0.10555	0.01151	0.00613	0.00169	0.00252	0.01018	0.00545	0.00470
35	0.01176	0.01111	0.01834	0.20758	0.52049	0.01136	0.01423	0.01480	0.01123	0.01592	0.00946	0.01268	0.00777	0.00461	0.00494	0.00147	0.00599	0.00438	0.00254	0.10935
36	0.00969	0.00912	0.01539	0.80734	0.03534	0.01140	0.01425	0.01311	0.01026	0.01311	0.00912	0.01368	0.00684	0.00513	0.00513	0.00171	0.00684	0.00456	0.00228	0.00570

[dist]
# distance from previous block
# <min> <max>
0	1

[block]
# block no. 3 follows, 48 sequences, length 66
# corresponding to MSA columns:
# 257-322
name=unknown_D
#
# <colnr> <probs for GDERKNQSTAVLIFYWHMCP>
#	G	D	E	R	K	N	Q	S	T	A	V	L	I	F	Y	W	H	M	C	P
0	0.01237	0.01186	0.02024	0.11569	0.70602	0.01211	0.01558	0.01546	0.01153	0.01637	0.00959	0.01281	0.00799	0.00463	0.00509	0.00154	0.00618	0.00457	0.00251	0.00786
1	0.72616	0.00981	0.00848	0.09185	0.01267	0.01141	0.00653	0.03083	0.00930	0.02193	0.00863	0.01005	0.02594	0.00504	0.00350	0.00160	0.00427	0.00322	0.00316	0.00561
2	0.85592	0.00992	0.00754	0.00675	0.00992	0.01151	0.00556	0.01508	0.00873	0.02302	0.00714	0.00834	0.00556	0.00476	0.00318	0.00159	0.00397	0.00278	0.00318	0.00556
3	0.01216	0.01170	0.02052	0.02808	0.62256	0.01161	0.09670	0.01528	0.01174	0.01658	0.01159	0.01762	0.01036	0.00556	0.00540	0.00164	0.00623	0.08424	0.00278	0.00764
4	0.76745	0.00980	0.00801	0.00700	0.01026	0.01109	0.00577	0.01614	0.00936	0.10462	0.00854	0.00931	0.00632	0.00493	0.00339	0.00159	0.00401	0.00303	0.00351	0.00589
5	0.01238	0.01187	0.02025	0.11390	0.70776	0.01211	0.01559	0.01547	0.01153	0.01638	0.00960	0.01280	0.00799	0.00463	0.00509	0.00154	0.00617	0.00457	0.00251	0.00787
6	0.01096	0.01200	0.02549	0.01878	0.02301	0.01124	0.61873	0.01461	0.01166	0.01578	0.01390	0.17165	0.01293	0.00664	0.00615	0.00180	0.00753	0.00773	0.00302	0.00638
7	0.00606	0.00520	0.00520	0.00520	0.00693	0.00433	0.00390	0.00736	0.01170	0.01386	0.05198	0.04938	0.78558	0.01299	0.00606	0.00173	0.00260	0.01083	0.00476	0.00433
8	0.00746	0.00497	0.00560	0.00560	0.00560	0.00497	0.00311	0.00746	0.00746	0.00995	0.01617	0.03358	0.01865	0.81967	0.02612	0.00497	0.00497	0.00746	0.00311	0.00311
9	0.85592	0.00992	0.00754	0.00675	0.00992	0.01151	0.00556	0.01508	0.00873	0.02302	0.00714	0.00834	0.00556	0.00476	0.00318	0.00159	0.00397	0.00278	0.00318	0.00556
10	0.01767	0.01346	0.01436	0.01143	0.01521	0.01505	0.00931	0.56799	0.22969	0.02937	0.01465	0.01418	0.01062	0.00638	0.00516	0.00159	0.00521	0.00494	0.00516	0.00856
11	0.00726	0.00524	0.00686	0.00646	0.00767	0.00484	0.00484	0.00968	0.01452	0.02058	0.78496	0.03833	0.04841	0.01049	0.00605	0.00161	0.00242	0.00928	0.00565	0.00484
12	0.01276	0.01102	0.01160	0.01044	0.01334	0.01276	0.00812	0.02727	0.77840	0.02146	0.02088	0.01914	0.01566	0.00696	0.00522	0.00174	0.00406	0.00580	0.00522	0.00812
13	0.02078	0.00965	0.01221	0.00949	0.01340	0.00903	0.00777	0.11117	0.09666	0.57491	0.01872	0.01664	0.01225	0.00624	0.00508	0.00155	0.00445	0.00504	0.00589	0.05908
14	0.01211	0.01384	0.03028	0.02163	0.02682	0.01298	0.76903	0.01644	0.01211	0.01644	0.01038	0.01384	0.00779	0.00433	0.00606	0.00173	0.00865	0.00606	0.00260	0.00692
15	0.01372	0.82276	0.02689	0.00878	0.01317	0.02030	0.00878	0.01536	0.01043	0.01207	0.00713	0.00823	0.00658	0.00439	0.00329	0.00110	0.00549	0.00274	0.00219	0.00658
16	0.00638	0.00462	0.00598	0.00687	0.00737	0.00428	0.00466	0.00745	0.01042	0.01389	0.11266	0.64861	0.09440	0.03782	0.00701	0.00209	0.00294	0.01351	0.00481	0.00422
17	0.00903	0.00572	0.00748	0.00681	0.00834	0.00527	0.00519	0.01162	0.02811	0.10245	0.69016	0.03577	0.04404	0.00999	0.00594	0.00161	0.00266	0.00878	0.00572	0.00531
18	0.01363	0.80286	0.04604	0.00893	0.01340	0.02009	0.00903	0.01539	0.01044	0.01218	0.00719	0.00830	0.00658	0.00440	0.00333	0.00111	0.00554	0.00277	0.00219	0.00661
19	0.00606	0.00520	0.00520	0.00520	0.00693	0.00433	0.00390	0.00736	0.01170	0.01386	0.05198	0.04938	0.78558	0.01299	0.00606	0.00173	0.00260	0.01083	0.00476	0.00433
20	0.00610	0.00520	0.00524	0.00523	0.00695	0.00435	0.00392	0.00743	0.01177	0.01405	0.07259	0.04907	0.76485	0.01292	0.00606	0.00173	0.00259	0.01079	0.00479	0.00435
21	0.01212	0.01338	0.10227	0.11390	0.62472	0.01208	0.01593	0.01551	0.01144	0.01631	0.00955	0.01261	0.00781	0.00466	0.00506	0.00155	0.00633	0.00449	0.00247	0.00781
22	0.02073	0.00939	0.01214	0.00951	0.01318	0.00891	0.00781	0.15549	0.01568	0.57391	0.01815	0.01684	0.01201	0.00973	0.08951	0.00229	0.00559	0.00510	0.00575	0.00829
23	0.01229	0.01400	0.02772	0.10456	0.02704	0.06140	0.64193	0.01633	0.01206	0.01584	0.01010	0.01354	0.00761	0.00447	0.00587	0.00170	0.00850	0.00573	0.00256	0.00673
24	0.00764	0.00592	0.00712	0.00772	0.00868	0.00602	0.00543	0.01148	0.17499	0.01495	0.02827	0.59423	0.07991	0.01391	0.00623	0.00199	0.00318	0.01245	0.00486	0.00503
25	0.05306	0.01553	0.02393	0.03891	0.15174	0.18030	0.42759	0.01704	0.01236	0.01590	0.00956	0.01241	0.00747	0.00461	0.00543	0.00160	0.00809	0.00503	0.00262	0.00682
26	0.01022	0.00980	0.01699	0.66194	0.12871	0.01160	0.06110	0.01364	0.01055	0.01377	0.00926	0.01357	0.00706	0.00501	0.00518	0.00169	0.00686	0.00465	0.00233	0.00608
27	0.01285	0.56072	0.19556	0.01248	0.09743	0.01759	0.01177	0.01560	0.01065	0.01349	0.00786	0.00928	0.00673	0.00452	0.00383	0.00126	0.00602	0.00317	0.00223	0.00697
28	0.00696	0.00522	0.00644	0.00617	0.00749	0.00471	0.00461	0.00908	0.01376	0.01882	0.59474	0.05618	0.22455	0.01120	0.00606	0.00165	0.00247	0.00975	0.00542	0.00471
29	0.01372	0.82276	0.02689	0.00878	0.01317	0.02030	0.00878	0.01536	0.01043	0.01207	0.00713	0.00823	0.00658	0.00439	0.00329	0.00110	0.00549	0.00274	0.00219	0.00658
30	0.01260	0.01209	0.02064	0.05799	0.76197	0.01216	0.01570	0.01566	0.01163	0.01664	0.00963	0.01273	0.00808	0.00459	0.00508	0.00153	0.00612	0.00457	0.00253	0.00804
31	0.01018	0.00962	0.01628	0.68057	0.15826	0.01153	0.01449	0.01354	0.01049	0.01371	0.00921	0.01352	0.00705	0.00504	0.00512	0.00168	0.00672	0.00456	0.00232	0.00610
32	0.00806	0.05764	0.00781	0.00676	0.00843	0.08974	0.00509	0.00939	0.01176	0.01398	0.09689	0.19669	0.44532	0.01207	0.00584	0.00171	0.00355	0.01017	0.00445	0.00465
33	0.00732	0.00531	0.00693	0.00672	0.00795	0.00493	0.00516	0.00968	0.01411	0.01972	0.67175	0.04090	0.07932	0.01099	0.00616	0.00170	0.00267	0.08836	0.00551	0.00481
34	0.01510	0.06566	0.04676	0.01087	0.01434	0.05261	0.00904	0.28762	0.34620	0.02368	0.03888	0.01619	0.01287	0.03005	0.00565	0.00169	0.00510	0.00513	0.00469	0.00786
35	0.00664	0.00480	0.00628	0.00679	0.00751	0.00444	0.00476	0.00815	0.01175	0.01607	0.32683	0.47691	0.07248	0.01374	0.00633	0.00188	0.00274	0.01234	0.00511	0.00444
36	0.01064	0.00912	0.01064	0.00760	0.01216	0.00684	0.00608	0.01292	0.01064	0.01672	0.00912	0.01064	0.00760	0.00380	0.00380	0.00076	0.00380	0.00304	0.00304	0.85104
37	0.01061	0.10020	0.72221	0.01408	0.02137	0.01269	0.01802	0.01617	0.01080	0.01586	0.00902	0.01059	0.00651	0.00483	0.00473	0.00158	0.00739	0.00369	0.00217	0.00749
38	0.00614	0.00520	0.00530	0.00528	0.00698	0.00436	0.00396	0.00751	0.01187	0.01428	0.09729	0.04870	0.74001	0.01284	0.00606	0.00173	0.00259	0.01073	0.00482	0.00436
39	0.00969	0.00912	0.01539	0.80734	0.03534	0.01140	0.01425	0.01311	0.01026	0.01311	0.00912	0.01368	0.00684	0.00513	0.00513	0.00171	0.00684	0.00456	0.00228	0.00570
40	0.01029	0.02654	0.79309	0.01462	0.02221	0.01192	0.01896	0.01625	0.01083	0.01625	0.00921	0.01083	0.00650	0.00487	0.00487	0.00162	0.00758	0.00379	0.00217	0.00758
41	0.01019	0.00866	0.00921	0.00847	0.01083	0.00940	0.00652	0.01947	0.46733	0.01922	0.12563	0.03004	0.23575	0.00910	0.00556	0.00172	0.00344	0.00765	0.00515	0.00665
42	0.85592	0.00992	0.00754	0.00675	0.00992	0.01151	0.00556	0.01508	0.00873	0.02302	0.00714	0.00834	0.00556	0.00476	0.00318	0.00159	0.00397	0.00278	0.00318	0.00556
43	0.01075	0.02351	0.62730	0.01494	0.02177	0.01212	0.09920	0.01744	0.09250	0.01682	0.01058	0.01204	0.00761	0.00504	0.00504	0.00165	0.00732	0.00425	0.00254	0.00757
44	0.00733	0.00550	0.00825	0.00825	0.00916	0.00641	0.00641	0.00916	0.00825	0.01191	0.01374	0.02016	0.01283	0.03848	0.79934	0.00825	0.01374	0.00550	0.00275	0.00458
45	0.00750	0.00610	0.00675	0.00644	0.00817	0.00580	0.00487	0.01121	0.12992	0.01735	0.30128	0.04093	0.41234	0.01120	0.00593	0.00169	0.00276	0.00952	0.00514	0.00509
46	0.02087	0.00826	0.01122	0.00876	0.01236	0.00717	0.00717	0.02291	0.01466	0.68592	0.12473	0.02032	0.01758	0.00692	0.00528	0.00159	0.00410	0.00572	0.00625	0.00820
47	0.01035	0.02617	0.77054	0.01483	0.02234	0.01195	0.04113	0.01626	0.01087	0.01626	0.00924	0.01092	0.00654	0.00486	0.00491	0.00163	0.00761	0.00386	0.00218	0.00756
48	0.00637	0.00472	0.00595	0.00668	0.00738	0.00430	0.00461	0.00757	0.01089	0.01438	0.14838	0.55522	0.17545	0.01465	0.00638	0.00195	0.00282	0.01308	0.00490	0.00430
49	0.01263	0.01212	0.02070	0.04938	0.77032	0.01217	0.01571	0.01569	0.01165	0.01668	0.00964	0.01272	0.00810	0.00458	0.00508	0.00153	0.00611	0.00457	0.00253	0.00807
50	0.00625	0.00447	0.00595	0.00714	0.00744	0.00417	0.00476	0.00714	0.00982	0.01310	0.02828	0.81633	0.03394	0.01608	0.00655	0.00208	0.00298	0.01459	0.00476	0.00417
51	0.01123	0.01123	0.01572	0.01347	0.01347	0.01572	0.01123	0.01235	0.00786	0.01235	0.00674	0.01123	0.00674	0.00898	0.01684	0.00225	0.81028	0.00449	0.00225	0.00561
52	0.01064	0.00912	0.01064	0.00760	0.01216	0.00684	0.00608	0.01292	0.01064	0.01672	0.00912	0.01064	0.00760	0.00380	0.00380	0.00076	0.00380	0.00304	0.00304	0.85104
53	0.01145	0.29471	0.53503	0.01266	0.01916	0.01474	0.01553	0.01595	0.01070	0.01484	0.00851	0.00996	0.00653	0.00471	0.00434	0.00145	0.00688	0.00344	0.00218	0.00725
54	0.00726	0.00524	0.00686	0.00646	0.00767	0.00484	0.00484	0.00968	0.01452	0.02058	0.78496	0.03833	0.04841	0.01049	0.00605	0.00161	0.00242	0.00928	0.00565	0.00484
55	0.01263	0.01075	0.01131	0.01009	0.01297	0.01226	0.00787	0.07329	0.66584	0.02153	0.02294	0.02124	0.07965	0.00741	0.00529	0.00173	0.00404	0.00615	0.00518	0.00784
56	0.02193	0.00898	0.01188	0.00927	0.01312	0.00810	0.00760	0.02525	0.09581	0.70946	0.02031	0.01764	0.01302	0.00642	0.00517	0.00160	0.00433	0.00523	0.00623	0.00867
57	0.01078	0.01092	0.02050	0.41980	0.10178	0.01167	0.26613	0.01440	0.01111	0.01487	0.02361	0.01394	0.00806	0.00484	0.00539	0.00165	0.00715	0.00508	0.00251	0.04580
58	0.00723	0.00524	0.00681	0.00642	0.00764	0.00483	0.00481	0.00961	0.01444	0.02038	0.76329	0.03865	0.07021	0.01056	0.00605	0.00162	0.00243	0.00933	0.00562	0.00483
59	0.01065	0.01010	0.01713	0.55923	0.27593	0.01165	0.01473	0.01395	0.01072	0.01428	0.00929	0.01337	0.00725	0.00495	0.00511	0.00165	0.00660	0.00456	0.00236	0.00648
60	0.00637	0.00479	0.00591	0.00651	0.00734	0.00432	0.00455	0.00763	0.01111	0.01456	0.16239	0.48217	0.23505	0.01432	0.00634	0.00191	0.00278	0.01270	0.00491	0.00432
61	0.01593	0.01831	0.01277	0.01161	0.01423	0.46764	0.00879	0.02165	0.27064	0.01559	0.01537	0.01569	0.06177	0.02126	0.00531	0.00156	0.00699	0.00472	0.00366	0.00652
62	0.00723	0.00524	0.00681	0.00642	0.00765	0.00483	0.00482	0.00962	0.01445	0.02040	0.76530	0.03862	0.06818	0.01056	0.00605	0.00162	0.00243	0.00932	0.00562	0.00483
63	0.00875	0.00630	0.00773	0.00725	0.00830	0.00662	0.00521	0.09992	0.01123	0.01539	0.15911	0.04368	0.05745	0.30268	0.23325	0.00464	0.00687	0.00720	0.00383	0.00459
64	0.18453	0.00896	0.01106	0.00867	0.01248	0.00831	0.00716	0.02308	0.01353	0.64226	0.01770	0.01569	0.01132	0.00604	0.00478	0.00159	0.00429	0.00470	0.00573	0.00812
65	0.01767	0.02064	0.01667	0.01670	0.14791	0.53336	0.05782	0.09910	0.01492	0.01561	0.00884	0.01045	0.00717	0.00520	0.00485	0.00140	0.00830	0.00383	0.00289	0.00667

[dist]
# distance from previous block
# <min> <max>
0	0

# created by:
# /st0/software/busco_prod/Augustus/scripts/msa2prfl.pl ./align_prep/193996.fa
