[name]
unknown

[dist]
# distance from previous block
# <min> <max>
0	55

[block]
# block no. 0 follows, 44 sequences, length 33
# corresponding to MSA columns:
# 55-87
name=unknown_A
#
# <colnr> <probs for GDERKNQSTAVLIFYWHMCP>
#	G	D	E	R	K	N	Q	S	T	A	V	L	I	F	Y	W	H	M	C	P
0	0.00879	0.00628	0.00879	0.01004	0.01130	0.00628	0.00879	0.01130	0.01255	0.01632	0.02887	0.06150	0.03138	0.01506	0.00753	0.00251	0.00502	0.73770	0.00502	0.00502
1	0.01093	0.02820	0.78016	0.01554	0.02360	0.01266	0.02014	0.01727	0.01151	0.01727	0.00978	0.01151	0.00691	0.00518	0.00518	0.00173	0.00806	0.00403	0.00230	0.00806
2	0.01112	0.06772	0.74225	0.01523	0.02311	0.01311	0.01960	0.01722	0.01149	0.01704	0.00967	0.01137	0.00691	0.00515	0.00509	0.00170	0.00794	0.00397	0.00230	0.00800
3	0.04706	0.08304	0.54998	0.01375	0.02066	0.01277	0.01659	0.04555	0.01252	0.13174	0.01141	0.01231	0.00795	0.00542	0.00504	0.00167	0.00715	0.00415	0.00313	0.00812
4	0.01339	0.01356	0.05248	0.03275	0.74433	0.01294	0.01687	0.01675	0.01238	0.01779	0.01024	0.01341	0.00857	0.00487	0.00539	0.00162	0.00654	0.00482	0.00268	0.00861
5	0.02329	0.00948	0.01260	0.00980	0.01383	0.00847	0.00803	0.07779	0.01606	0.68643	0.02134	0.05783	0.01433	0.00725	0.00555	0.00171	0.00466	0.00595	0.00657	0.00903
6	0.02295	0.00946	0.01252	0.00976	0.01379	0.00852	0.00801	0.04446	0.06941	0.67655	0.05001	0.01939	0.01506	0.00696	0.00552	0.00170	0.00457	0.00568	0.00660	0.00907
7	0.02355	0.00966	0.01276	0.00990	0.01404	0.00871	0.00814	0.05177	0.06951	0.69864	0.02127	0.01850	0.01358	0.00679	0.00549	0.00170	0.00466	0.00551	0.00662	0.00923
8	0.00779	0.00584	0.00876	0.00876	0.00974	0.00681	0.00681	0.00974	0.00876	0.01266	0.01460	0.02142	0.01363	0.04089	0.78680	0.00876	0.01460	0.00584	0.00292	0.00487
9	0.00779	0.00584	0.00876	0.00876	0.00974	0.00681	0.00681	0.00974	0.00876	0.01266	0.01460	0.02142	0.01363	0.04089	0.78680	0.00876	0.01460	0.00584	0.00292	0.00487
10	0.01500	0.62486	0.10248	0.01060	0.01535	0.12573	0.01058	0.01717	0.01172	0.01334	0.00792	0.00917	0.00699	0.00485	0.00386	0.00126	0.00660	0.00311	0.00239	0.00701
11	0.01129	0.10547	0.70603	0.01493	0.02265	0.01354	0.01908	0.01717	0.01147	0.01683	0.00957	0.01124	0.00691	0.00513	0.00501	0.00167	0.00784	0.00392	0.00230	0.00795
12	0.00664	0.00474	0.00633	0.00759	0.00791	0.00443	0.00506	0.00759	0.01044	0.01392	0.03005	0.80485	0.03606	0.01708	0.00696	0.00221	0.00316	0.01550	0.00506	0.00443
13	0.01419	0.01271	0.01237	0.01107	0.01398	0.09052	0.00857	0.09853	0.52484	0.02237	0.06133	0.07131	0.01812	0.00797	0.00562	0.00180	0.00487	0.00659	0.00526	0.00799
14	0.01098	0.01006	0.01635	0.74378	0.03619	0.01243	0.01483	0.06279	0.01187	0.01527	0.00991	0.01444	0.00740	0.00552	0.00545	0.00180	0.00718	0.00485	0.00262	0.00627
15	0.01317	0.01262	0.02154	0.11070	0.69969	0.01287	0.01657	0.01645	0.01226	0.01742	0.01020	0.01360	0.00850	0.00492	0.00540	0.00164	0.00656	0.00486	0.00267	0.00837
16	0.84691	0.01054	0.00801	0.00717	0.01054	0.01223	0.00590	0.01603	0.00928	0.02446	0.00759	0.00886	0.00590	0.00506	0.00337	0.00169	0.00422	0.00295	0.00337	0.00590
17	0.12418	0.02299	0.54664	0.06575	0.02242	0.01252	0.04789	0.03409	0.01171	0.04888	0.01008	0.01180	0.00717	0.00525	0.00503	0.00173	0.00735	0.00412	0.00272	0.00768
18	0.74738	0.01240	0.00891	0.00800	0.01130	0.10547	0.00646	0.01672	0.01002	0.02312	0.00769	0.00897	0.00604	0.00513	0.00356	0.00165	0.00489	0.00302	0.00331	0.00595
19	0.02446	0.00928	0.01265	0.00970	0.01392	0.00801	0.00801	0.02657	0.01560	0.77817	0.02151	0.01856	0.01350	0.00675	0.00548	0.00169	0.00464	0.00548	0.00675	0.00928
20	0.02203	0.00950	0.01306	0.10155	0.01670	0.00889	0.00889	0.02526	0.06862	0.63490	0.02018	0.01821	0.01299	0.00664	0.00548	0.00171	0.00492	0.00546	0.00616	0.00886
21	0.01062	0.00990	0.01662	0.64286	0.13327	0.01184	0.01493	0.01413	0.01121	0.01460	0.01103	0.01749	0.00904	0.00600	0.00558	0.00184	0.00701	0.05308	0.00263	0.00633
22	0.00792	0.00532	0.00610	0.00610	0.00615	0.00537	0.00350	0.00803	0.00797	0.01068	0.01704	0.03490	0.01948	0.76650	0.06919	0.00548	0.00579	0.00781	0.00328	0.00339
23	0.01349	0.01295	0.02213	0.03346	0.77440	0.01295	0.01673	0.01673	0.01241	0.01781	0.01025	0.01349	0.00864	0.00486	0.00540	0.00162	0.00648	0.00486	0.00270	0.00864
24	0.01267	0.01411	0.02997	0.09611	0.08269	0.01357	0.63253	0.01708	0.01265	0.01716	0.01085	0.01460	0.00820	0.00469	0.00627	0.00182	0.00882	0.00617	0.00272	0.00732
25	0.84691	0.01054	0.00801	0.00717	0.01054	0.01223	0.00590	0.01603	0.00928	0.02446	0.00759	0.00886	0.00590	0.00506	0.00337	0.00169	0.00422	0.00295	0.00337	0.00590
26	0.00664	0.00474	0.00633	0.00759	0.00791	0.00443	0.00506	0.00759	0.01044	0.01392	0.03005	0.80485	0.03606	0.01708	0.00696	0.00221	0.00316	0.01550	0.00506	0.00443
27	0.84691	0.01054	0.00801	0.00717	0.01054	0.01223	0.00590	0.01603	0.00928	0.02446	0.00759	0.00886	0.00590	0.00506	0.00337	0.00169	0.00422	0.00295	0.00337	0.00590
28	0.00792	0.00532	0.00610	0.00610	0.00615	0.00537	0.00350	0.00803	0.00797	0.01069	0.01704	0.03489	0.01948	0.76609	0.06959	0.00548	0.00580	0.00781	0.00328	0.00339
29	0.12035	0.01448	0.01522	0.01179	0.01603	0.01602	0.00974	0.64041	0.02330	0.06036	0.01273	0.01278	0.00902	0.00637	0.00520	0.00164	0.00573	0.00469	0.00525	0.00887
30	0.02015	0.01455	0.01572	0.01223	0.01645	0.01605	0.01004	0.63697	0.10523	0.07425	0.01454	0.01418	0.01030	0.00665	0.00547	0.00166	0.00574	0.00508	0.00554	0.00920
31	0.12458	0.02933	0.01431	0.01131	0.01505	0.10121	0.03141	0.36140	0.07982	0.08202	0.01616	0.01609	0.06408	0.00676	0.00517	0.00164	0.00576	0.00513	0.02086	0.00794
32	0.01766	0.15691	0.06182	0.01280	0.03855	0.13833	0.05083	0.26752	0.03271	0.09211	0.01225	0.01409	0.00960	0.06321	0.00666	0.00180	0.00667	0.00466	0.00404	0.00777

[dist]
# distance from previous block
# <min> <max>
2	21

[block]
# block no. 1 follows, 44 sequences, length 15
# corresponding to MSA columns:
# 115-129
name=unknown_B
#
# <colnr> <probs for GDERKNQSTAVLIFYWHMCP>
#	G	D	E	R	K	N	Q	S	T	A	V	L	I	F	Y	W	H	M	C	P
0	0.01864	0.06620	0.07645	0.01308	0.05735	0.01497	0.01084	0.42679	0.09711	0.12015	0.01420	0.01407	0.01015	0.00627	0.00528	0.00162	0.00578	0.00486	0.00496	0.03123
1	0.01938	0.01292	0.01519	0.01301	0.06433	0.01393	0.00998	0.43872	0.07210	0.18075	0.01517	0.01526	0.01083	0.00898	0.05939	0.00217	0.02865	0.00517	0.00528	0.00879
2	0.01738	0.01336	0.01583	0.03413	0.08317	0.01507	0.01070	0.45294	0.08928	0.04790	0.01336	0.01452	0.01010	0.00944	0.06805	0.00229	0.08430	0.00509	0.00468	0.00840
3	0.08400	0.01383	0.01476	0.01169	0.01559	0.01542	0.00958	0.58354	0.07226	0.03089	0.01340	0.01398	0.00988	0.00952	0.07429	0.00228	0.00651	0.00492	0.00507	0.00858
4	0.08467	0.00861	0.00842	0.00781	0.00900	0.05982	0.00531	0.12503	0.01158	0.01605	0.01663	0.11886	0.01802	0.46664	0.01817	0.00378	0.00535	0.00762	0.00382	0.00479
5	0.00815	0.00605	0.00824	0.00976	0.05990	0.00599	0.00647	0.04215	0.01118	0.01501	0.02579	0.51874	0.02973	0.08141	0.05876	0.00285	0.00463	0.09562	0.00464	0.00493
6	0.03213	0.01477	0.01397	0.03242	0.01541	0.13930	0.00922	0.45452	0.02033	0.02606	0.01718	0.06994	0.07842	0.04341	0.00651	0.00182	0.00612	0.00607	0.00475	0.00764
7	0.11107	0.01832	0.01654	0.01443	0.05345	0.30998	0.08465	0.21140	0.09072	0.02159	0.01124	0.01226	0.00863	0.00583	0.00512	0.00159	0.00744	0.00443	0.00382	0.00748
8	0.00793	0.00529	0.00595	0.00595	0.00595	0.00529	0.00330	0.00793	0.00793	0.01057	0.01718	0.03568	0.01982	0.80840	0.02775	0.00529	0.00529	0.00793	0.00330	0.00330
9	0.00765	0.00557	0.00719	0.00679	0.00810	0.00511	0.00509	0.01016	0.01527	0.02148	0.73294	0.04136	0.09026	0.01129	0.00643	0.00172	0.00258	0.00995	0.00595	0.00511
10	0.08628	0.01160	0.01822	0.33172	0.36614	0.01281	0.01473	0.06318	0.01239	0.01793	0.00998	0.01347	0.00789	0.00522	0.00524	0.00170	0.00656	0.00469	0.00283	0.00741
11	0.02401	0.01001	0.01310	0.01005	0.01428	0.00909	0.00830	0.11528	0.01682	0.68774	0.02048	0.01789	0.01298	0.00672	0.00548	0.00168	0.00480	0.00541	0.00659	0.00928
12	0.24082	0.01380	0.01390	0.01102	0.01505	0.01546	0.00907	0.51596	0.06464	0.03104	0.01216	0.01238	0.00881	0.00620	0.00490	0.00166	0.00542	0.00446	0.00490	0.00833
13	0.03428	0.01466	0.01570	0.03411	0.10415	0.11400	0.01044	0.35433	0.01919	0.16056	0.01321	0.01351	0.00945	0.00601	0.00523	0.00155	0.00616	0.00465	0.00473	0.07406
14	0.08128	0.01152	0.01246	0.00974	0.01386	0.04251	0.00785	0.13014	0.11642	0.14971	0.01362	0.01379	0.01010	0.00559	0.00499	0.00135	0.02202	0.00428	0.00445	0.34430

[dist]
# distance from previous block
# <min> <max>
22	70

[block]
# block no. 2 follows, 44 sequences, length 6
# corresponding to MSA columns:
# 203-208
name=unknown_C
#
# <colnr> <probs for GDERKNQSTAVLIFYWHMCP>
#	G	D	E	R	K	N	Q	S	T	A	V	L	I	F	Y	W	H	M	C	P
0	0.01169	0.01082	0.01791	0.59407	0.12943	0.01270	0.05350	0.07492	0.01240	0.01627	0.01011	0.01429	0.00766	0.00542	0.00550	0.00178	0.00716	0.00493	0.00272	0.00671
1	0.01640	0.07148	0.01686	0.17337	0.02024	0.01567	0.01125	0.42319	0.01863	0.02495	0.01140	0.01341	0.00870	0.00846	0.05079	0.00213	0.09635	0.00479	0.00411	0.00782
2	0.01118	0.01240	0.11298	0.42988	0.08688	0.01155	0.01383	0.04659	0.04845	0.01643	0.01149	0.05238	0.00937	0.00590	0.00532	0.00168	0.00651	0.00513	0.00294	0.10910
3	0.07893	0.07887	0.01643	0.10030	0.01832	0.01614	0.01036	0.50102	0.07934	0.02867	0.01256	0.01316	0.00919	0.00623	0.00515	0.00164	0.00587	0.00469	0.00471	0.00843
4	0.01063	0.00931	0.01365	0.33185	0.05938	0.01028	0.01093	0.01354	0.03049	0.03467	0.01487	0.11650	0.04881	0.00757	0.00681	0.00172	0.09517	0.00625	0.00325	0.17430
5	0.10809	0.20844	0.26370	0.03781	0.11482	0.01538	0.01364	0.11906	0.03780	0.01953	0.00993	0.01140	0.00769	0.00527	0.00466	0.00157	0.00646	0.00396	0.00303	0.00776

[dist]
# distance from previous block
# <min> <max>
42	208

[block]
# block no. 3 follows, 44 sequences, length 10
# corresponding to MSA columns:
# 446-455
name=unknown_D
#
# <colnr> <probs for GDERKNQSTAVLIFYWHMCP>
#	G	D	E	R	K	N	Q	S	T	A	V	L	I	F	Y	W	H	M	C	P
0	0.08990	0.07744	0.04762	0.11943	0.35305	0.02928	0.01307	0.04918	0.01263	0.04803	0.04451	0.01391	0.01009	0.00534	0.00500	0.00156	0.00601	0.00460	0.00315	0.06622
1	0.07836	0.09678	0.18910	0.21902	0.07356	0.04763	0.03215	0.04375	0.08470	0.01781	0.05753	0.01466	0.01085	0.00580	0.00509	0.00168	0.00655	0.00473	0.00314	0.00712
2	0.06006	0.07716	0.04351	0.16714	0.21651	0.05354	0.02525	0.08235	0.01339	0.07159	0.07170	0.01582	0.01208	0.00819	0.05706	0.00211	0.00679	0.00503	0.00346	0.00726
3	0.20533	0.01813	0.12229	0.01458	0.11321	0.23096	0.01133	0.08355	0.07228	0.06345	0.01089	0.01192	0.00827	0.00562	0.00479	0.00161	0.00682	0.00407	0.00352	0.00737
4	0.27749	0.04208	0.05698	0.07782	0.18007	0.06672	0.03945	0.05895	0.01260	0.09124	0.04090	0.01317	0.00959	0.00555	0.00474	0.00165	0.00588	0.00437	0.00353	0.00722
5	0.19773	0.07549	0.01561	0.04149	0.17109	0.04678	0.03864	0.08621	0.04508	0.11319	0.06591	0.01727	0.01294	0.00639	0.00503	0.00168	0.00550	0.04257	0.00404	0.00737
6	0.00964	0.06403	0.01226	0.09140	0.01396	0.00860	0.06666	0.01267	0.04471	0.03990	0.32806	0.03291	0.16842	0.00964	0.00651	0.00175	0.03752	0.02257	0.00471	0.02409
7	0.01479	0.66040	0.02558	0.00978	0.01406	0.08883	0.00924	0.01744	0.06160	0.01385	0.03516	0.01072	0.00918	0.00516	0.00386	0.00125	0.00597	0.00343	0.00272	0.00698
8	0.00794	0.00569	0.00832	0.00832	0.00910	0.00648	0.00626	0.00932	0.00854	0.01217	0.01448	0.02262	0.01399	0.12465	0.64120	0.07475	0.01278	0.00599	0.00292	0.00449
9	0.02055	0.01359	0.01608	0.04049	0.01738	0.01440	0.04119	0.51935	0.02198	0.19285	0.01460	0.01434	0.01003	0.00639	0.00546	0.00164	0.00583	0.00505	0.00545	0.03337

[dist]
# distance from previous block
# <min> <max>
0	1

[block]
# block no. 4 follows, 44 sequences, length 11
# corresponding to MSA columns:
# 457-467
name=unknown_E
#
# <colnr> <probs for GDERKNQSTAVLIFYWHMCP>
#	G	D	E	R	K	N	Q	S	T	A	V	L	I	F	Y	W	H	M	C	P
0	0.00933	0.00853	0.00835	0.00894	0.00975	0.12472	0.00627	0.03273	0.01160	0.01443	0.02551	0.63455	0.02990	0.01477	0.00694	0.00208	0.02903	0.01301	0.00465	0.00491
1	0.00653	0.00553	0.00565	0.00562	0.00742	0.00464	0.00421	0.00800	0.01264	0.01523	0.10615	0.05163	0.72094	0.01362	0.00644	0.00183	0.00275	0.01139	0.00513	0.00464
2	0.01449	0.10074	0.29611	0.01517	0.06371	0.04710	0.09079	0.13047	0.01414	0.06805	0.01083	0.01229	0.00805	0.00542	0.00550	0.00159	0.03136	0.00437	0.00324	0.07659
3	0.74882	0.05490	0.00960	0.00773	0.01113	0.06242	0.00639	0.01641	0.00977	0.02312	0.00764	0.00891	0.00604	0.00508	0.00348	0.00164	0.00466	0.00299	0.00328	0.00599
4	0.00843	0.00672	0.00971	0.00935	0.01009	0.00818	0.00727	0.01009	0.00862	0.01253	0.01370	0.02128	0.01321	0.10692	0.59924	0.00747	0.13354	0.00587	0.00287	0.00489
5	0.01574	0.40336	0.16190	0.01198	0.01722	0.01757	0.05812	0.16487	0.01449	0.07263	0.01029	0.01119	0.00798	0.00528	0.00452	0.00144	0.00639	0.00392	0.00329	0.00783
6	0.01617	0.10580	0.05323	0.09532	0.15156	0.10934	0.02646	0.26097	0.05131	0.02181	0.01215	0.01413	0.02173	0.00606	0.00541	0.00162	0.01884	0.01646	0.00374	0.00790
7	0.00847	0.00628	0.00824	0.00919	0.01054	0.00620	0.00776	0.01127	0.04692	0.01617	0.03269	0.12033	0.14431	0.01469	0.00723	0.00235	0.00449	0.53275	0.00505	0.00507
8	0.01437	0.01164	0.01340	0.13099	0.01792	0.01332	0.00974	0.16948	0.43869	0.04364	0.01892	0.06374	0.01480	0.00748	0.00559	0.00182	0.00504	0.00624	0.00506	0.00814
9	0.01514	0.01069	0.01248	0.00918	0.01383	0.00922	0.00745	0.15730	0.01470	0.13902	0.01217	0.01277	0.00914	0.00494	0.00453	0.00110	0.00450	0.00390	0.00420	0.55372
10	0.02113	0.00874	0.01175	0.00917	0.01298	0.00753	0.00748	0.02333	0.01533	0.61822	0.13545	0.02152	0.01898	0.00726	0.00554	0.00164	0.00429	0.00602	0.00643	0.05721

[dist]
# distance from previous block
# <min> <max>
0	5

[block]
# block no. 5 follows, 44 sequences, length 18
# corresponding to MSA columns:
# 473-490
name=unknown_F
#
# <colnr> <probs for GDERKNQSTAVLIFYWHMCP>
#	G	D	E	R	K	N	Q	S	T	A	V	L	I	F	Y	W	H	M	C	P
0	0.01277	0.01222	0.02082	0.20576	0.60775	0.01276	0.01637	0.01610	0.01207	0.01693	0.01013	0.01373	0.00833	0.00499	0.00541	0.00166	0.00666	0.00485	0.00264	0.00805
1	0.00888	0.00677	0.00978	0.13341	0.01519	0.00709	0.00951	0.01150	0.01228	0.01584	0.02742	0.05356	0.07193	0.01347	0.00714	0.00236	0.00524	0.57884	0.00461	0.00516
2	0.01290	0.01516	0.14113	0.07625	0.61207	0.01286	0.01717	0.01665	0.01218	0.01749	0.01015	0.01324	0.00828	0.00494	0.00537	0.00165	0.00677	0.00473	0.00262	0.00839
3	0.00907	0.00649	0.00784	0.00810	0.00900	0.00653	0.00560	0.12552	0.01241	0.01658	0.02525	0.55282	0.02915	0.14645	0.01016	0.00263	0.00396	0.01258	0.00483	0.00500
4	0.01272	0.01427	0.02973	0.02161	0.02626	0.01425	0.63766	0.01678	0.01216	0.01678	0.01042	0.01427	0.00810	0.00537	0.00824	0.00192	0.13345	0.00617	0.00270	0.00713
5	0.00762	0.00631	0.01039	0.01001	0.01115	0.00590	0.12307	0.00915	0.01082	0.01448	0.02705	0.68044	0.03168	0.01511	0.00688	0.00215	0.00411	0.01407	0.00470	0.00489
6	0.01952	0.07982	0.01608	0.01164	0.01574	0.03861	0.00963	0.43689	0.15103	0.14176	0.01534	0.01471	0.01093	0.00654	0.00530	0.00163	0.00560	0.00501	0.00533	0.00888
7	0.01322	0.02303	0.49640	0.01667	0.04751	0.01339	0.13451	0.13387	0.01409	0.04016	0.01083	0.01252	0.00773	0.00533	0.00544	0.00173	0.00777	0.00461	0.00300	0.00819
8	0.01471	0.01221	0.01432	0.01472	0.13416	0.01363	0.01007	0.10555	0.53988	0.04988	0.01930	0.01842	0.01447	0.00688	0.00551	0.00178	0.00485	0.00580	0.00513	0.00872
9	0.02099	0.00877	0.01173	0.00924	0.01288	0.00778	0.00753	0.05116	0.01595	0.59956	0.17018	0.02275	0.02087	0.00761	0.00567	0.00169	0.00428	0.00633	0.00655	0.00846
10	0.01419	0.04254	0.21966	0.13595	0.21677	0.02901	0.01459	0.05816	0.01331	0.13340	0.04558	0.01557	0.02547	0.00587	0.00535	0.00168	0.00652	0.00499	0.00350	0.00789
11	0.01345	0.01315	0.02144	0.04633	0.63709	0.03816	0.04684	0.01689	0.03023	0.01747	0.01083	0.01471	0.00922	0.00537	0.00597	0.00168	0.03739	0.02268	0.00281	0.00826
12	0.01439	0.77182	0.06681	0.00964	0.01448	0.02112	0.00988	0.01637	0.01110	0.01305	0.00769	0.00889	0.00699	0.00469	0.00358	0.00119	0.00594	0.00297	0.00233	0.00705
13	0.01623	0.03429	0.18191	0.01192	0.03100	0.01183	0.01116	0.16601	0.13504	0.19103	0.06092	0.01741	0.01363	0.00658	0.00535	0.00164	0.00551	0.01859	0.00478	0.07518
14	0.01720	0.02845	0.05957	0.01188	0.03133	0.03633	0.00978	0.20083	0.34071	0.16207	0.01880	0.01765	0.02654	0.00690	0.00545	0.00173	0.00521	0.00554	0.00534	0.00870
15	0.01151	0.01125	0.01479	0.07868	0.33261	0.09063	0.01136	0.01433	0.03891	0.01607	0.02316	0.10885	0.18025	0.00874	0.00584	0.00177	0.00558	0.03529	0.00365	0.00672
16	0.75762	0.01105	0.00892	0.00775	0.01123	0.01274	0.00639	0.09602	0.01105	0.02553	0.00819	0.00931	0.00627	0.00522	0.00360	0.00168	0.00441	0.00316	0.00360	0.00627
17	0.01126	0.00842	0.01042	0.01092	0.04813	0.03659	0.00857	0.03135	0.10052	0.06840	0.12791	0.04325	0.02765	0.01151	0.00659	0.00208	0.00479	0.38879	0.00506	0.04780

[dist]
# distance from previous block
# <min> <max>
0	3

[block]
# block no. 6 follows, 44 sequences, length 15
# corresponding to MSA columns:
# 494-508
name=unknown_G
#
# <colnr> <probs for GDERKNQSTAVLIFYWHMCP>
#	G	D	E	R	K	N	Q	S	T	A	V	L	I	F	Y	W	H	M	C	P
0	0.69478	0.01205	0.07201	0.06195	0.01403	0.01231	0.03232	0.01603	0.00969	0.02293	0.00802	0.00965	0.00616	0.00508	0.00376	0.00170	0.00490	0.00328	0.00320	0.00614
1	0.00947	0.00473	0.00710	0.00710	0.00710	0.00473	0.00473	0.00710	0.00710	0.00947	0.00947	0.01657	0.00947	0.01894	0.02131	0.84138	0.00473	0.00473	0.00237	0.00237
2	0.05318	0.02731	0.74114	0.01512	0.02294	0.01264	0.01942	0.01720	0.01140	0.01763	0.00967	0.01138	0.00686	0.00517	0.00509	0.00172	0.00786	0.00397	0.00236	0.00795
3	0.01030	0.00969	0.01635	0.79530	0.03755	0.01211	0.01514	0.01393	0.01090	0.01393	0.00969	0.01453	0.00727	0.00545	0.00545	0.00182	0.00727	0.00484	0.00242	0.00606
4	0.00793	0.00529	0.00595	0.00595	0.00595	0.00529	0.00330	0.00793	0.00793	0.01057	0.01718	0.03568	0.01982	0.80840	0.02775	0.00529	0.00529	0.00793	0.00330	0.00330
5	0.01265	0.35661	0.40106	0.01389	0.04432	0.01648	0.05296	0.01686	0.01143	0.01543	0.00894	0.01057	0.00707	0.00492	0.00454	0.00149	0.00713	0.00371	0.00235	0.00759
6	0.00793	0.00529	0.00595	0.00595	0.00595	0.00529	0.00330	0.00793	0.00793	0.01057	0.01718	0.03568	0.01982	0.80840	0.02775	0.00529	0.00529	0.00793	0.00330	0.00330
7	0.01746	0.42076	0.02204	0.01168	0.01542	0.40217	0.00993	0.01903	0.01325	0.01308	0.00800	0.00929	0.00701	0.00514	0.00420	0.00128	0.00782	0.00321	0.00257	0.00666
8	0.01334	0.01279	0.02184	0.07105	0.73804	0.01291	0.01665	0.01659	0.01234	0.01762	0.01023	0.01354	0.00857	0.00489	0.00540	0.00163	0.00652	0.00486	0.00268	0.00851
9	0.01402	0.71076	0.06882	0.00981	0.01437	0.02035	0.00991	0.01601	0.01092	0.01307	0.00796	0.00950	0.00725	0.00626	0.03449	0.00153	0.03250	0.00315	0.00236	0.00694
10	0.02446	0.00928	0.01265	0.00970	0.01392	0.00801	0.00801	0.02657	0.01560	0.77817	0.02151	0.01856	0.01350	0.00675	0.00548	0.00169	0.00464	0.00548	0.00675	0.00928
11	0.01130	0.00969	0.01130	0.00807	0.01292	0.00727	0.00646	0.01373	0.01130	0.01776	0.00969	0.01130	0.00807	0.00404	0.00404	0.00081	0.00404	0.00323	0.00323	0.84173
12	0.00679	0.00486	0.00646	0.00749	0.00794	0.00453	0.00507	0.00796	0.01112	0.01501	0.13172	0.70006	0.03817	0.01627	0.00689	0.00215	0.00308	0.01473	0.00519	0.00453
13	0.01458	0.81168	0.02857	0.00933	0.01399	0.02157	0.00933	0.01632	0.01108	0.01283	0.00758	0.00875	0.00700	0.00466	0.00350	0.00117	0.00583	0.00292	0.00233	0.00700
14	0.06335	0.56591	0.19227	0.01072	0.01599	0.04424	0.01154	0.01669	0.01121	0.01451	0.00809	0.00940	0.00691	0.00483	0.00391	0.00133	0.00636	0.00318	0.00240	0.00714

[dist]
# distance from previous block
# <min> <max>
13	20

[block]
# block no. 7 follows, 44 sequences, length 13
# corresponding to MSA columns:
# 530-542
name=unknown_H
#
# <colnr> <probs for GDERKNQSTAVLIFYWHMCP>
#	G	D	E	R	K	N	Q	S	T	A	V	L	I	F	Y	W	H	M	C	P
0	0.01368	0.13871	0.02110	0.02556	0.51633	0.08512	0.01395	0.01631	0.01231	0.01627	0.01144	0.08333	0.01069	0.00599	0.00519	0.00158	0.00639	0.00538	0.00286	0.00779
1	0.01464	0.11028	0.01765	0.13422	0.01866	0.25880	0.01168	0.01634	0.01130	0.01328	0.00800	0.01130	0.00711	0.00710	0.01019	0.00185	0.33470	0.00417	0.00252	0.00621
2	0.00841	0.00686	0.00767	0.00779	0.00957	0.00678	0.00603	0.01294	0.17255	0.01677	0.05648	0.14896	0.36972	0.01304	0.00651	0.00200	0.00352	0.13370	0.00518	0.00552
3	0.79982	0.01047	0.00828	0.00731	0.01074	0.01199	0.00602	0.01663	0.00964	0.06762	0.00839	0.00941	0.00634	0.00516	0.00349	0.00169	0.00424	0.00310	0.00357	0.00610
4	0.01518	0.01312	0.02287	0.11303	0.25444	0.02819	0.26064	0.08392	0.01406	0.12179	0.01219	0.01460	0.00904	0.00526	0.00576	0.00172	0.00725	0.00544	0.00348	0.00801
5	0.01959	0.01568	0.01566	0.01246	0.01648	0.08537	0.01011	0.57864	0.13827	0.03070	0.01407	0.01391	0.01020	0.00659	0.00542	0.00165	0.00608	0.00498	0.00523	0.00891
6	0.00847	0.00621	0.00751	0.00719	0.00722	0.00689	0.00460	0.00870	0.00802	0.01099	0.01572	0.03192	0.01787	0.67129	0.05482	0.00502	0.11324	0.00742	0.00316	0.00372
7	0.00947	0.00858	0.01410	0.61831	0.03089	0.01039	0.01288	0.01251	0.01080	0.01393	0.01426	0.19211	0.01374	0.00806	0.00579	0.00191	0.00635	0.00724	0.00302	0.00569
8	0.00889	0.00616	0.00717	0.00691	0.00754	0.00624	0.00447	0.07487	0.01083	0.01465	0.12057	0.12212	0.02488	0.51946	0.03902	0.00421	0.00497	0.00874	0.00405	0.00425
9	0.01894	0.01403	0.01435	0.01144	0.01501	0.07360	0.00912	0.49710	0.05780	0.09561	0.01449	0.01675	0.01127	0.11532	0.00844	0.00213	0.00599	0.00532	0.00508	0.00820
10	0.02150	0.01047	0.01300	0.01036	0.01430	0.01021	0.00847	0.12734	0.15488	0.51516	0.02068	0.01932	0.01399	0.00707	0.00555	0.00173	0.00478	0.02585	0.00630	0.00904
11	0.00906	0.01047	0.11259	0.00874	0.01111	0.07571	0.00777	0.01164	0.01349	0.01768	0.31603	0.07536	0.19027	0.02650	0.02256	0.00202	0.00455	0.07424	0.00477	0.00544
12	0.01198	0.02358	0.53638	0.01778	0.04475	0.01281	0.21299	0.01762	0.01203	0.04357	0.01053	0.01265	0.00754	0.00507	0.00553	0.00175	0.00820	0.00473	0.00259	0.00793

[dist]
# distance from previous block
# <min> <max>
0	12

[block]
# block no. 8 follows, 44 sequences, length 24
# corresponding to MSA columns:
# 555-578
name=unknown_I
#
# <colnr> <probs for GDERKNQSTAVLIFYWHMCP>
#	G	D	E	R	K	N	Q	S	T	A	V	L	I	F	Y	W	H	M	C	P
0	0.02039	0.01133	0.01338	0.01103	0.03079	0.03105	0.00873	0.18840	0.14842	0.39933	0.06375	0.01863	0.01509	0.00701	0.00553	0.00170	0.00494	0.00567	0.00602	0.00883
1	0.01244	0.01205	0.01883	0.35293	0.38637	0.04508	0.01532	0.01649	0.05661	0.01628	0.01065	0.01419	0.00847	0.00529	0.00541	0.00171	0.00682	0.00487	0.00276	0.00745
2	0.01146	0.01131	0.01695	0.53729	0.10748	0.05553	0.01448	0.01450	0.01086	0.01415	0.00923	0.01371	0.00737	0.00612	0.00760	0.00187	0.14653	0.00476	0.00247	0.00632
3	0.03146	0.02711	0.70613	0.01598	0.05227	0.03893	0.01934	0.01737	0.01163	0.01733	0.00970	0.01147	0.00695	0.00518	0.00514	0.00171	0.00796	0.00402	0.00236	0.00797
4	0.01418	0.19171	0.46613	0.01331	0.01979	0.06123	0.01556	0.01865	0.01223	0.12289	0.01088	0.01181	0.00786	0.00532	0.00485	0.00158	0.00721	0.00396	0.00296	0.00790
5	0.01238	0.01489	0.12015	0.05656	0.15154	0.01256	0.40514	0.01691	0.03341	0.03267	0.01363	0.03940	0.03461	0.00579	0.00606	0.00181	0.00779	0.02424	0.00303	0.00744
6	0.00681	0.00538	0.00614	0.00627	0.00767	0.00471	0.00458	0.00842	0.01282	0.01643	0.23749	0.19595	0.44047	0.01375	0.00654	0.00188	0.00279	0.01185	0.00531	0.00471
7	0.01244	0.01344	0.07020	0.21538	0.41178	0.01288	0.15163	0.01622	0.01207	0.01677	0.01023	0.01384	0.00813	0.00497	0.00559	0.00171	0.00726	0.00509	0.00262	0.00774
8	0.02085	0.16663	0.01584	0.00991	0.01401	0.03182	0.00842	0.06744	0.06954	0.48433	0.04345	0.01697	0.01332	0.00650	0.00512	0.00159	0.00499	0.00509	0.00559	0.00857
9	0.02406	0.00937	0.01264	0.00975	0.01393	0.00822	0.00804	0.02666	0.04307	0.75047	0.02153	0.01862	0.01361	0.00677	0.00548	0.00169	0.00463	0.00551	0.00670	0.00925
10	0.01193	0.01193	0.01670	0.01431	0.01431	0.01670	0.01193	0.01312	0.00835	0.01312	0.00716	0.01193	0.00716	0.00954	0.01789	0.00239	0.79843	0.00477	0.00239	0.00596
11	0.01395	0.67725	0.15752	0.01039	0.01564	0.02004	0.01118	0.01649	0.01115	0.01359	0.00796	0.00922	0.00698	0.00475	0.00379	0.00126	0.00621	0.00311	0.00233	0.00718
12	0.01288	0.02617	0.59480	0.01593	0.04367	0.11648	0.04909	0.01823	0.01228	0.04642	0.01012	0.01175	0.00728	0.00527	0.00521	0.00168	0.00817	0.00414	0.00257	0.00786
13	0.02446	0.00928	0.01265	0.00970	0.01392	0.00801	0.00801	0.02657	0.01560	0.77817	0.02151	0.01856	0.01350	0.00675	0.00548	0.00169	0.00464	0.00548	0.00675	0.00928
14	0.00766	0.00591	0.00722	0.00787	0.00941	0.00547	0.00656	0.00963	0.01249	0.01555	0.04152	0.05716	0.38687	0.01446	0.00701	0.00219	0.00394	0.38922	0.00504	0.00482
15	0.00793	0.00529	0.00595	0.00595	0.00595	0.00529	0.00330	0.00793	0.00793	0.01057	0.01718	0.03568	0.01982	0.80840	0.02775	0.00529	0.00529	0.00793	0.00330	0.00330
16	0.84691	0.01054	0.00801	0.00717	0.01054	0.01223	0.00590	0.01603	0.00928	0.02446	0.00759	0.00886	0.00590	0.00506	0.00337	0.00169	0.00422	0.00295	0.00337	0.00590
17	0.06749	0.00909	0.01095	0.00900	0.01218	0.00882	0.00720	0.09392	0.09565	0.29546	0.25295	0.02408	0.02444	0.00790	0.00557	0.00166	0.00404	0.00657	0.00584	0.05720
18	0.01441	0.01133	0.01280	0.00949	0.01412	0.01024	0.00768	0.22336	0.04477	0.04388	0.01146	0.01236	0.00890	0.00495	0.00453	0.00111	0.00462	0.00388	0.00404	0.55206
19	0.01623	0.04695	0.01430	0.01117	0.01457	0.01193	0.05284	0.15148	0.24194	0.19063	0.10658	0.02254	0.01849	0.00776	0.00594	0.00178	0.02054	0.05081	0.00544	0.00806
20	0.14510	0.00898	0.00946	0.00860	0.01084	0.04352	0.00658	0.07202	0.06365	0.11619	0.06949	0.17778	0.07030	0.05874	0.06232	0.00249	0.02005	0.00777	0.01814	0.02795
21	0.01367	0.01168	0.05860	0.06359	0.01695	0.01060	0.09644	0.20645	0.01527	0.06601	0.01566	0.17080	0.01430	0.00772	0.00551	0.00161	0.00543	0.00681	0.02290	0.19001
22	0.05742	0.04124	0.01152	0.06683	0.01388	0.06018	0.00735	0.03575	0.05578	0.06599	0.01701	0.09038	0.07395	0.04054	0.02595	0.00173	0.00499	0.00577	0.00385	0.31990
23	0.01258	0.04797	0.01189	0.02455	0.04186	0.00936	0.00747	0.15703	0.01532	0.07006	0.20028	0.09971	0.06738	0.00851	0.00571	0.00155	0.01819	0.00714	0.02221	0.17124

[dist]
# distance from previous block
# <min> <max>
9	44

[block]
# block no. 9 follows, 44 sequences, length 18
# corresponding to MSA columns:
# 623-640
name=unknown_J
#
# <colnr> <probs for GDERKNQSTAVLIFYWHMCP>
#	G	D	E	R	K	N	Q	S	T	A	V	L	I	F	Y	W	H	M	C	P
0	0.01632	0.07570	0.10282	0.01354	0.07772	0.26294	0.01081	0.13024	0.02832	0.06527	0.09767	0.01630	0.02978	0.00651	0.00516	0.00154	0.00679	0.00497	0.04039	0.00720
1	0.05548	0.13303	0.26639	0.03134	0.14231	0.03491	0.03286	0.04130	0.04559	0.09555	0.01172	0.01315	0.00882	0.00622	0.02300	0.00176	0.00669	0.00437	0.03771	0.00778
2	0.04021	0.06977	0.04713	0.02877	0.08645	0.14557	0.03419	0.11583	0.15098	0.14266	0.02968	0.01708	0.05460	0.00660	0.00528	0.00164	0.00608	0.00526	0.00441	0.00783
3	0.08780	0.11299	0.13837	0.01171	0.01595	0.07863	0.04880	0.13664	0.05690	0.09317	0.03422	0.04790	0.04757	0.00679	0.00553	0.00164	0.03401	0.00527	0.00396	0.03215
4	0.07471	0.02137	0.04187	0.05480	0.04076	0.04106	0.00763	0.01346	0.04904	0.02831	0.10339	0.10497	0.09606	0.04827	0.00646	0.00176	0.00451	0.04345	0.00405	0.21406
5	0.05585	0.01046	0.01208	0.01022	0.03069	0.03721	0.00795	0.13968	0.09797	0.28976	0.15795	0.04098	0.01978	0.00755	0.00549	0.00165	0.00457	0.00620	0.00562	0.05834
6	0.01555	0.02905	0.05166	0.01156	0.02986	0.04050	0.00943	0.24571	0.29062	0.06396	0.04371	0.01932	0.06002	0.00849	0.03415	0.00196	0.00552	0.00582	0.00504	0.02807
7	0.10816	0.01539	0.01489	0.01191	0.01588	0.09797	0.00967	0.51005	0.08661	0.05635	0.01309	0.01311	0.00946	0.00637	0.00518	0.00164	0.00602	0.00468	0.00500	0.00854
8	0.00679	0.00488	0.00634	0.00734	0.00779	0.00454	0.00492	0.00783	0.01078	0.01438	0.08840	0.66328	0.07294	0.06226	0.00810	0.00233	0.00322	0.01442	0.00503	0.00443
9	0.00684	0.00535	0.00617	0.00654	0.00780	0.00474	0.00477	0.00828	0.01213	0.01538	0.13649	0.26047	0.41180	0.03680	0.00725	0.00206	0.00305	0.05434	0.00513	0.00461
10	0.02012	0.01559	0.01567	0.01226	0.01633	0.07901	0.01002	0.65580	0.02403	0.03188	0.01296	0.01322	0.00934	0.00646	0.00532	0.00160	0.00612	0.00480	0.05067	0.00880
11	0.08462	0.31506	0.40534	0.01283	0.01913	0.01596	0.04526	0.01682	0.01121	0.01626	0.00883	0.01039	0.00691	0.00496	0.00446	0.00152	0.00695	0.00362	0.00242	0.00745
12	0.01357	0.01411	0.03825	0.06486	0.42683	0.05990	0.16861	0.01858	0.10600	0.01788	0.01175	0.01438	0.00935	0.00520	0.00560	0.00169	0.00705	0.00525	0.00305	0.00809
13	0.00918	0.00633	0.00871	0.00773	0.00955	0.00572	0.04390	0.01157	0.01466	0.08556	0.52400	0.06247	0.16732	0.01106	0.00637	0.00176	0.00314	0.00975	0.00571	0.00550
14	0.00772	0.00562	0.00685	0.03045	0.00880	0.00541	0.00517	0.04272	0.01137	0.01511	0.04607	0.46108	0.16587	0.10789	0.00902	0.00241	0.00355	0.01242	0.04784	0.00465
15	0.02185	0.01048	0.01312	0.01126	0.05315	0.04483	0.00859	0.07007	0.05659	0.57214	0.02033	0.06316	0.01416	0.00722	0.00554	0.00171	0.00495	0.00594	0.00611	0.00879
16	0.01092	0.01046	0.05475	0.04897	0.33647	0.00974	0.02702	0.01399	0.02341	0.01661	0.01837	0.08342	0.01869	0.04629	0.00727	0.00215	0.00584	0.25521	0.00369	0.00673
17	0.05567	0.01371	0.02770	0.05679	0.05702	0.01310	0.57333	0.01679	0.01235	0.01761	0.01057	0.01400	0.00808	0.00472	0.00621	0.00174	0.02410	0.00581	0.00280	0.07788

[dist]
# distance from previous block
# <min> <max>
0	1

[block]
# block no. 10 follows, 44 sequences, length 10
# corresponding to MSA columns:
# 642-651
name=unknown_K
#
# <colnr> <probs for GDERKNQSTAVLIFYWHMCP>
#	G	D	E	R	K	N	Q	S	T	A	V	L	I	F	Y	W	H	M	C	P
0	0.06242	0.01591	0.17029	0.03316	0.18246	0.01348	0.21824	0.03340	0.01186	0.04124	0.01011	0.01302	0.00793	0.00571	0.00752	0.00182	0.13600	0.00498	0.00282	0.02763
1	0.54062	0.01031	0.01030	0.16153	0.01627	0.01196	0.00820	0.07216	0.01126	0.02259	0.03595	0.01456	0.00953	0.00606	0.00430	0.00176	0.00494	0.04805	0.00354	0.00611
2	0.01721	0.01617	0.13916	0.01238	0.01694	0.01498	0.01129	0.45731	0.16681	0.02863	0.01456	0.01461	0.01056	0.00648	0.00535	0.00167	0.00583	0.00502	0.04632	0.00874
3	0.00957	0.00607	0.00939	0.01148	0.13197	0.00601	0.00675	0.00876	0.00862	0.01169	0.01361	0.16988	0.01452	0.01629	0.01592	0.54115	0.00471	0.00685	0.00295	0.00379
4	0.14601	0.00948	0.01466	0.44347	0.02660	0.01092	0.07860	0.01388	0.01170	0.01751	0.15812	0.01874	0.01576	0.00642	0.00539	0.00178	0.00603	0.00566	0.00331	0.00597
5	0.01335	0.32516	0.18212	0.01432	0.01900	0.05539	0.15746	0.01649	0.01129	0.01472	0.00868	0.01105	0.00725	0.00560	0.00683	0.00162	0.13597	0.00416	0.00244	0.00708
6	0.01058	0.00990	0.01600	0.60714	0.03163	0.01267	0.01404	0.01346	0.01023	0.01357	0.00919	0.01412	0.00735	0.00686	0.00860	0.04003	0.16152	0.00483	0.00241	0.00587
7	0.01549	0.01000	0.00971	0.00859	0.01110	0.13304	0.00673	0.01747	0.01390	0.26075	0.09007	0.04103	0.12195	0.02283	0.00583	0.00171	0.00464	0.05071	0.16794	0.00652
8	0.01044	0.01100	0.06354	0.47836	0.07478	0.01154	0.10690	0.01406	0.01093	0.01460	0.01070	0.01543	0.00849	0.01105	0.13255	0.00293	0.00870	0.00516	0.00255	0.00630
9	0.14765	0.03415	0.01736	0.06138	0.39845	0.01196	0.03925	0.01505	0.01100	0.01743	0.01053	0.01421	0.00900	0.01204	0.15779	0.00305	0.02497	0.00474	0.00282	0.00717

[dist]
# distance from previous block
# <min> <max>
0	19

# created by:
# /st0/software/busco_prod/Augustus/scripts/msa2prfl.pl ./align_prep/193910.fa
