[name]
unknown

[dist]
# distance from previous block
# <min> <max>
14	134

[block]
# block no. 0 follows, 45 sequences, length 20
# corresponding to MSA columns:
# 147-166
name=unknown_A
#
# <colnr> <probs for GDERKNQSTAVLIFYWHMCP>
#	G	D	E	R	K	N	Q	S	T	A	V	L	I	F	Y	W	H	M	C	P
0	0.09281	0.08008	0.04506	0.02324	0.01310	0.01131	0.00797	0.18994	0.07374	0.09171	0.01647	0.10374	0.03661	0.05760	0.02438	0.00197	0.00502	0.00601	0.03868	0.08055
1	0.12145	0.27612	0.11238	0.10700	0.03752	0.06389	0.01055	0.04428	0.01217	0.06509	0.07190	0.03383	0.01159	0.00590	0.00452	0.00151	0.00585	0.00444	0.00323	0.00678
2	0.04524	0.28009	0.19335	0.07947	0.01729	0.01365	0.06105	0.01499	0.01110	0.04396	0.04090	0.03700	0.03022	0.08092	0.00676	0.00186	0.00608	0.00493	0.02463	0.00653
3	0.03981	0.31501	0.28982	0.03183	0.01838	0.01621	0.03167	0.13630	0.01351	0.04714	0.00975	0.01091	0.00746	0.00518	0.00452	0.00148	0.00656	0.00380	0.00299	0.00765
4	0.01721	0.14237	0.10584	0.01147	0.02927	0.01383	0.01026	0.30156	0.03755	0.15973	0.01449	0.07537	0.01145	0.00674	0.00510	0.00157	0.00555	0.00530	0.00458	0.04078
5	0.01308	0.06152	0.01054	0.00804	0.01052	0.00799	0.00643	0.07718	0.03854	0.19585	0.40660	0.03010	0.06974	0.00906	0.00574	0.00164	0.00356	0.00769	0.02966	0.00654
6	0.01007	0.03666	0.00823	0.00735	0.00896	0.00622	0.00543	0.02978	0.03035	0.12384	0.13228	0.29366	0.18506	0.07460	0.00782	0.00212	0.00351	0.01061	0.01806	0.00540
7	0.01435	0.81458	0.02813	0.00918	0.01378	0.02124	0.00918	0.01607	0.01091	0.01263	0.00746	0.00861	0.00689	0.00459	0.00344	0.00115	0.00574	0.00287	0.00230	0.00689
8	0.00786	0.00561	0.00688	0.00648	0.00801	0.00502	0.00489	0.01004	0.01435	0.04832	0.53907	0.04260	0.25788	0.01156	0.00630	0.00172	0.00266	0.01001	0.00567	0.00507
9	0.02018	0.01379	0.01531	0.03351	0.01660	0.01502	0.00988	0.58291	0.07373	0.14147	0.01461	0.01419	0.01017	0.00650	0.00538	0.00164	0.00563	0.00500	0.00548	0.00900
10	0.70774	0.01024	0.00868	0.04634	0.01198	0.01145	0.00633	0.01541	0.00945	0.02278	0.00782	0.00928	0.00613	0.00488	0.00350	0.00156	0.00428	0.00303	0.00326	0.10583
11	0.01501	0.01648	0.04237	0.07181	0.40434	0.20602	0.09203	0.05649	0.01358	0.01701	0.00983	0.01250	0.00797	0.00507	0.00530	0.00158	0.00754	0.00459	0.00280	0.00767
12	0.11583	0.02722	0.01272	0.01071	0.01386	0.17877	0.00845	0.19621	0.21195	0.04251	0.06279	0.01632	0.02539	0.00666	0.00500	0.00161	0.00560	0.00503	0.04598	0.00738
13	0.00835	0.00614	0.00701	0.00761	0.00813	0.05716	0.00521	0.00874	0.01022	0.01349	0.07287	0.47576	0.02732	0.01555	0.00984	0.19961	0.00385	0.01107	0.04798	0.00409
14	0.01320	0.38966	0.34270	0.01205	0.01794	0.01685	0.01367	0.06697	0.05163	0.01639	0.00949	0.01063	0.00750	0.00507	0.00437	0.00145	0.00659	0.00363	0.00266	0.00756
15	0.00772	0.00539	0.00661	0.00696	0.00737	0.00535	0.00451	0.03471	0.00991	0.01334	0.06560	0.34808	0.02709	0.36861	0.06117	0.00384	0.00476	0.01072	0.00416	0.00411
16	0.01779	0.05275	0.03590	0.01153	0.01606	0.03979	0.07437	0.26775	0.01710	0.19607	0.01328	0.01346	0.00946	0.00557	0.00501	0.00142	0.00560	0.00453	0.00458	0.20798
17	0.01050	0.00835	0.04425	0.00868	0.01078	0.00757	0.00682	0.11288	0.06087	0.05956	0.07112	0.34736	0.07352	0.04160	0.04445	0.00229	0.00448	0.00996	0.00479	0.07017
18	0.02088	0.00625	0.02505	0.02119	0.00919	0.00557	0.00559	0.02816	0.01094	0.04968	0.06274	0.49134	0.05930	0.12023	0.00915	0.00240	0.00373	0.01181	0.00465	0.05215
19	0.02986	0.10423	0.35005	0.01294	0.03561	0.05142	0.01362	0.14060	0.01398	0.07043	0.01156	0.04923	0.00911	0.00584	0.00493	0.00155	0.00655	0.00453	0.00334	0.08062

[dist]
# distance from previous block
# <min> <max>
3	10

[block]
# block no. 1 follows, 45 sequences, length 22
# corresponding to MSA columns:
# 177-198
name=unknown_B
#
# <colnr> <probs for GDERKNQSTAVLIFYWHMCP>
#	G	D	E	R	K	N	Q	S	T	A	V	L	I	F	Y	W	H	M	C	P
0	0.13131	0.04101	0.04123	0.17431	0.01956	0.05712	0.01046	0.26469	0.05185	0.13854	0.01257	0.01338	0.00895	0.00593	0.00499	0.00165	0.00592	0.00452	0.00431	0.00771
1	0.12423	0.00728	0.00837	0.00749	0.00960	0.00720	0.00573	0.01488	0.08159	0.15082	0.34185	0.04614	0.08449	0.07822	0.00750	0.00201	0.00351	0.00779	0.00533	0.00597
2	0.08563	0.07880	0.29704	0.08109	0.23557	0.01331	0.04089	0.05846	0.01223	0.03433	0.00987	0.01203	0.00755	0.00507	0.00496	0.00163	0.00679	0.00425	0.00276	0.00774
3	0.39305	0.04039	0.13368	0.01033	0.01445	0.13596	0.00952	0.08466	0.05503	0.06344	0.01000	0.01082	0.00748	0.00543	0.00427	0.00161	0.00586	0.00365	0.00352	0.00688
4	0.00694	0.00505	0.00665	0.00767	0.00833	0.00477	0.00554	0.00826	0.01096	0.01447	0.06539	0.56138	0.10298	0.01663	0.02993	0.00236	0.00367	0.12954	0.00496	0.00451
5	0.00769	0.00565	0.00811	0.00811	0.00889	0.00643	0.00606	0.00925	0.00847	0.01208	0.01485	0.02371	0.01456	0.18452	0.64737	0.00799	0.01266	0.00614	0.00295	0.00450
6	0.00731	0.00535	0.00673	0.00695	0.00797	0.00496	0.00510	0.00907	0.01267	0.01712	0.35314	0.20937	0.15241	0.09026	0.00858	0.00223	0.00320	0.08771	0.00521	0.00464
7	0.00769	0.00566	0.00817	0.00817	0.00896	0.00646	0.00613	0.00929	0.00849	0.01212	0.01480	0.02343	0.01443	0.16868	0.66305	0.00806	0.01285	0.00609	0.00294	0.00454
8	0.01276	0.13954	0.02031	0.26308	0.33372	0.05786	0.01417	0.01560	0.01145	0.01502	0.00920	0.01255	0.00764	0.00529	0.00584	0.00162	0.06029	0.00440	0.00250	0.00716
9	0.02005	0.02558	0.01521	0.01383	0.01659	0.78980	0.01037	0.02143	0.01521	0.01314	0.00830	0.00968	0.00691	0.00553	0.00484	0.00138	0.00968	0.00346	0.00277	0.00622
10	0.01195	0.00966	0.05171	0.00909	0.01179	0.00912	0.00757	0.13390	0.16568	0.07311	0.31701	0.03062	0.10357	0.00931	0.00591	0.00174	0.00393	0.03211	0.00546	0.00676
11	0.00763	0.00527	0.00626	0.00634	0.00660	0.00534	0.00391	0.00804	0.00832	0.01114	0.01941	0.08028	0.06216	0.60548	0.13704	0.00534	0.00629	0.00815	0.00340	0.00362
12	0.01878	0.02086	0.01522	0.01327	0.01614	0.48811	0.01028	0.17617	0.08615	0.01832	0.01040	0.01149	0.00826	0.00622	0.00613	0.00156	0.07799	0.00410	0.00352	0.00701
13	0.00671	0.00480	0.00638	0.00736	0.00782	0.00447	0.00500	0.00790	0.01106	0.01494	0.14777	0.68612	0.03790	0.01589	0.00677	0.00210	0.00302	0.01438	0.00513	0.00447
14	0.00675	0.00527	0.00614	0.00639	0.00767	0.00466	0.00466	0.00831	0.01243	0.01600	0.21842	0.24493	0.39269	0.01384	0.00650	0.00190	0.00283	0.03078	0.00520	0.00462
15	0.01113	0.00954	0.01113	0.00795	0.01272	0.00716	0.00636	0.01352	0.01113	0.01749	0.00954	0.01113	0.00795	0.00398	0.00398	0.00080	0.00398	0.00318	0.00318	0.84417
16	0.01382	0.01195	0.01862	0.30120	0.34466	0.03889	0.03659	0.07046	0.01302	0.08289	0.01102	0.01396	0.00841	0.00529	0.00536	0.00167	0.00666	0.00484	0.00311	0.00758
17	0.01946	0.01425	0.04080	0.03534	0.01677	0.01500	0.01019	0.58492	0.05811	0.10327	0.01379	0.01384	0.00974	0.00680	0.00584	0.02722	0.00577	0.00491	0.00521	0.00876
18	0.00698	0.00545	0.00637	0.00644	0.00789	0.00484	0.00488	0.00880	0.01308	0.01695	0.29403	0.11273	0.40331	0.01309	0.00647	0.00186	0.00288	0.07392	0.00529	0.00473
19	0.68100	0.01081	0.01067	0.07646	0.01422	0.01234	0.06139	0.04750	0.01022	0.02311	0.00813	0.00980	0.00624	0.00505	0.00380	0.00168	0.00484	0.00340	0.00328	0.00607
20	0.24716	0.02899	0.09640	0.14222	0.01790	0.10346	0.02527	0.03940	0.05467	0.10636	0.01480	0.01572	0.07410	0.00621	0.00478	0.00167	0.00583	0.00471	0.00366	0.00669
21	0.04087	0.00523	0.00637	0.02555	0.00790	0.00521	0.00465	0.00846	0.00950	0.01350	0.02307	0.44172	0.02661	0.26582	0.02910	0.00317	0.00410	0.01125	0.06376	0.00416

[dist]
# distance from previous block
# <min> <max>
0	3

[block]
# block no. 2 follows, 45 sequences, length 16
# corresponding to MSA columns:
# 202-217
name=unknown_C
#
# <colnr> <probs for GDERKNQSTAVLIFYWHMCP>
#	G	D	E	R	K	N	Q	S	T	A	V	L	I	F	Y	W	H	M	C	P
0	0.09764	0.01336	0.07350	0.31852	0.18962	0.05264	0.10044	0.06085	0.01227	0.01742	0.00975	0.01300	0.00751	0.00516	0.00521	0.00170	0.00701	0.00464	0.00277	0.00699
1	0.00669	0.00479	0.00637	0.00737	0.00782	0.00446	0.00499	0.00786	0.01099	0.01484	0.13831	0.69587	0.03771	0.01596	0.00678	0.00211	0.00303	0.01445	0.00512	0.00446
2	0.01134	0.01077	0.01828	0.50519	0.32080	0.01224	0.01551	0.01477	0.01130	0.01518	0.00975	0.01392	0.00767	0.00514	0.00535	0.00171	0.00686	0.00478	0.00249	0.00694
3	0.01357	0.01157	0.01394	0.04494	0.17725	0.04498	0.01014	0.08251	0.33313	0.05315	0.04899	0.02214	0.07892	0.00745	0.00557	0.00175	0.00503	0.03257	0.00463	0.00779
4	0.00659	0.00469	0.00621	0.00740	0.00770	0.00440	0.00491	0.00749	0.01017	0.01356	0.02904	0.77455	0.03481	0.05106	0.00773	0.00231	0.00320	0.01494	0.00491	0.00431
5	0.01329	0.01275	0.02179	0.03295	0.77787	0.01275	0.01647	0.01647	0.01222	0.01754	0.01010	0.01329	0.00850	0.00478	0.00531	0.00159	0.00638	0.00478	0.00266	0.00850
6	0.00779	0.00526	0.00611	0.00611	0.00620	0.00534	0.00358	0.00797	0.00788	0.01060	0.01668	0.03382	0.01895	0.73928	0.09861	0.00552	0.00606	0.00761	0.00322	0.00340
7	0.00795	0.00515	0.00596	0.00596	0.00596	0.00515	0.00338	0.00773	0.00773	0.01031	0.01620	0.03337	0.01856	0.73726	0.02673	0.08358	0.00515	0.00751	0.00317	0.00317
8	0.46796	0.01106	0.01077	0.00881	0.01254	0.01199	0.00726	0.17705	0.01411	0.21394	0.01203	0.01198	0.00837	0.00571	0.00427	0.00165	0.00463	0.00394	0.00458	0.00734
9	0.02005	0.02558	0.01521	0.01383	0.01659	0.78980	0.01037	0.02143	0.01521	0.01314	0.00830	0.00968	0.00691	0.00553	0.00484	0.00138	0.00968	0.00346	0.00277	0.00622
10	0.01150	0.13965	0.60036	0.01568	0.06188	0.01380	0.05177	0.01685	0.01138	0.01641	0.00940	0.01119	0.00696	0.00498	0.00493	0.00162	0.00759	0.00396	0.00231	0.00778
11	0.00700	0.00541	0.00638	0.00626	0.00768	0.00479	0.00465	0.00892	0.01360	0.01803	0.42023	0.10225	0.35046	0.01250	0.00638	0.00178	0.00265	0.01080	0.00546	0.00479
12	0.01652	0.10978	0.16404	0.05575	0.08976	0.44510	0.01285	0.01914	0.01349	0.01426	0.00869	0.01045	0.00705	0.00527	0.00481	0.00146	0.00848	0.00368	0.00259	0.00682
13	0.00717	0.00527	0.00677	0.00739	0.00815	0.00502	0.00516	0.00928	0.05065	0.01630	0.23222	0.53597	0.06118	0.01464	0.00662	0.00202	0.00300	0.01316	0.00526	0.00477
14	0.00729	0.00501	0.00598	0.00644	0.00662	0.00487	0.00392	0.00768	0.00887	0.01176	0.02282	0.32227	0.04986	0.49090	0.01905	0.00397	0.00435	0.01068	0.00395	0.00370
15	0.01260	0.00993	0.01158	0.00838	0.01307	0.00791	0.00674	0.07007	0.01244	0.06446	0.01049	0.01169	0.00836	0.00432	0.00416	0.00091	0.00416	0.00344	0.00355	0.73176

[dist]
# distance from previous block
# <min> <max>
1	5

[block]
# block no. 3 follows, 45 sequences, length 21
# corresponding to MSA columns:
# 225-245
name=unknown_D
#
# <colnr> <probs for GDERKNQSTAVLIFYWHMCP>
#	G	D	E	R	K	N	Q	S	T	A	V	L	I	F	Y	W	H	M	C	P
0	0.07694	0.04273	0.66052	0.01418	0.02146	0.01236	0.01779	0.01743	0.01139	0.06295	0.01010	0.01148	0.00711	0.00517	0.00494	0.00168	0.00739	0.00394	0.00261	0.00782
1	0.02825	0.00608	0.00730	0.00707	0.00822	0.00582	0.00489	0.03888	0.01133	0.11063	0.10417	0.24348	0.08557	0.27859	0.01319	0.00299	0.00401	0.00973	0.02490	0.00490
2	0.49680	0.01345	0.14153	0.14681	0.04730	0.01230	0.01035	0.04485	0.01054	0.02121	0.00851	0.01047	0.00645	0.00512	0.00414	0.00169	0.00547	0.00356	0.00304	0.00643
3	0.12033	0.13044	0.16165	0.01267	0.02941	0.35535	0.01139	0.05778	0.01335	0.01631	0.00885	0.01041	0.00715	0.00665	0.03535	0.00175	0.00805	0.00359	0.00282	0.00672
4	0.00667	0.00475	0.00631	0.00750	0.00784	0.00446	0.00506	0.00763	0.01026	0.01366	0.02905	0.74922	0.03470	0.04768	0.00767	0.00231	0.00327	0.04271	0.00491	0.00434
5	0.01104	0.09730	0.01126	0.00887	0.02900	0.00882	0.00688	0.01554	0.14431	0.08850	0.38002	0.04850	0.03283	0.02885	0.00635	0.00180	0.00373	0.06489	0.00526	0.00624
6	0.29271	0.04727	0.29654	0.04277	0.01890	0.05339	0.10466	0.01714	0.01112	0.05612	0.00947	0.01111	0.00697	0.00508	0.00461	0.00167	0.00662	0.00394	0.00292	0.00699
7	0.00654	0.00467	0.00623	0.00747	0.00779	0.00436	0.00498	0.00747	0.01028	0.01370	0.02959	0.80785	0.03550	0.01682	0.00685	0.00218	0.00311	0.01526	0.00498	0.00436
8	0.01084	0.02656	0.72306	0.03866	0.02388	0.01251	0.05696	0.01691	0.01138	0.01691	0.00969	0.01158	0.00688	0.00508	0.00517	0.00171	0.00797	0.00411	0.00229	0.00784
9	0.01335	0.01098	0.05469	0.15749	0.01725	0.01149	0.00960	0.23732	0.07396	0.02212	0.01384	0.01604	0.01063	0.00876	0.06211	0.00211	0.04222	0.00497	0.22421	0.00687
10	0.00664	0.00475	0.00632	0.00741	0.00781	0.00443	0.00499	0.00772	0.01074	0.01444	0.09995	0.73538	0.03693	0.01627	0.00680	0.00213	0.00306	0.01474	0.00507	0.00443
11	0.01222	0.01334	0.02796	0.02035	0.02492	0.01301	0.62422	0.01626	0.01206	0.01680	0.01109	0.01487	0.00861	0.00663	0.04290	0.00213	0.07065	0.00611	0.04895	0.00690
12	0.00735	0.00538	0.00693	0.00698	0.00812	0.00496	0.00521	0.00946	0.01377	0.01896	0.50907	0.18751	0.11845	0.01261	0.00651	0.00185	0.00283	0.06360	0.00557	0.00487
13	0.01282	0.01228	0.02094	0.14706	0.66742	0.01263	0.01624	0.01606	0.01200	0.01697	0.01001	0.01344	0.00830	0.00487	0.00532	0.00162	0.00649	0.00478	0.00262	0.00812
14	0.00721	0.00547	0.00668	0.00669	0.00805	0.00494	0.00508	0.00923	0.01357	0.01812	0.41312	0.11023	0.27771	0.01266	0.00648	0.00184	0.00287	0.07976	0.00545	0.00482
15	0.01859	0.01325	0.01426	0.01112	0.01500	0.01442	0.00911	0.58487	0.05242	0.05561	0.01396	0.01416	0.01008	0.00636	0.00512	0.00154	0.00530	0.00486	0.10863	0.04131
16	0.01721	0.01252	0.03877	0.01078	0.01462	0.01245	0.00892	0.44194	0.01950	0.11139	0.01548	0.11370	0.01296	0.02916	0.00596	0.00168	0.00520	0.00604	0.00502	0.11670
17	0.01233	0.00978	0.01134	0.00852	0.01280	0.00825	0.00680	0.07311	0.07272	0.05427	0.05800	0.02768	0.01201	0.00520	0.00446	0.00106	0.00407	0.00424	0.00389	0.60949
18	0.62837	0.01123	0.05059	0.11923	0.01511	0.01196	0.00804	0.03347	0.01015	0.05811	0.00865	0.01019	0.00648	0.00516	0.00385	0.00168	0.00484	0.00339	0.00334	0.00618
19	0.00716	0.00517	0.00644	0.00699	0.00769	0.00486	0.00488	0.00838	0.01105	0.01466	0.15388	0.34509	0.13349	0.17924	0.01098	0.00270	0.00358	0.08465	0.00478	0.00433
20	0.30688	0.04160	0.07290	0.01078	0.01463	0.16126	0.00932	0.23414	0.02820	0.03642	0.01043	0.01210	0.00810	0.00585	0.00453	0.00161	0.00609	0.02419	0.00383	0.00713

[dist]
# distance from previous block
# <min> <max>
0	1

[block]
# block no. 4 follows, 45 sequences, length 23
# corresponding to MSA columns:
# 247-268,270
name=unknown_E
#
# <colnr> <probs for GDERKNQSTAVLIFYWHMCP>
#	G	D	E	R	K	N	Q	S	T	A	V	L	I	F	Y	W	H	M	C	P
0	0.69532	0.00985	0.00808	0.00738	0.01035	0.01125	0.00592	0.05211	0.01010	0.02319	0.01069	0.11537	0.00993	0.00663	0.00390	0.00173	0.00410	0.00465	0.00365	0.00579
1	0.00934	0.00600	0.00761	0.00759	0.00914	0.00526	0.00548	0.01067	0.01121	0.10609	0.02820	0.47518	0.10986	0.03831	0.00690	0.00200	0.00349	0.03600	0.00489	0.11680
2	0.02891	0.10097	0.04018	0.00922	0.01376	0.01075	0.00791	0.15539	0.01423	0.07744	0.04513	0.01298	0.01029	0.00508	0.00442	0.00114	0.00465	0.00394	0.00385	0.44978
3	0.00693	0.00473	0.00625	0.00725	0.00750	0.00448	0.00476	0.00747	0.00971	0.01295	0.02638	0.65096	0.03140	0.10750	0.01041	0.07574	0.00349	0.01349	0.00456	0.00406
4	0.10920	0.11986	0.03128	0.16780	0.05877	0.09139	0.10140	0.06596	0.03067	0.01679	0.00918	0.01196	0.00747	0.00594	0.00714	0.00173	0.14957	0.00438	0.00284	0.00667
5	0.01319	0.01352	0.05887	0.12197	0.59083	0.03363	0.01593	0.03999	0.02838	0.01755	0.01029	0.01334	0.00840	0.00499	0.00530	0.00162	0.00658	0.00473	0.00275	0.00813
6	0.00682	0.00487	0.00651	0.00772	0.00814	0.00460	0.00538	0.00792	0.01046	0.01390	0.02913	0.69900	0.03455	0.03662	0.00744	0.00229	0.00339	0.10194	0.00493	0.00440
7	0.01285	0.01375	0.08821	0.18635	0.42796	0.01292	0.09295	0.06818	0.01280	0.01781	0.01022	0.01342	0.00808	0.00502	0.00542	0.00167	0.00692	0.00487	0.00276	0.00784
8	0.41867	0.01187	0.01075	0.00896	0.01248	0.07110	0.00729	0.15632	0.01397	0.17962	0.01188	0.01212	0.00846	0.00570	0.00427	0.00161	0.00490	0.00393	0.04901	0.00710
9	0.00654	0.00467	0.00623	0.00747	0.00779	0.00436	0.00498	0.00747	0.01028	0.01370	0.02959	0.80785	0.03550	0.01682	0.00685	0.00218	0.00311	0.01526	0.00498	0.00436
10	0.01249	0.01194	0.02035	0.22677	0.59027	0.01254	0.01608	0.01578	0.01185	0.01657	0.00996	0.01355	0.00816	0.00493	0.00533	0.00164	0.00657	0.00478	0.00259	0.00786
11	0.01271	0.06292	0.64469	0.01424	0.02151	0.01228	0.01773	0.01818	0.01185	0.11863	0.01107	0.01213	0.00767	0.00528	0.00506	0.00167	0.00738	0.00410	0.00285	0.00804
12	0.00654	0.00467	0.00623	0.00747	0.00779	0.00436	0.00498	0.00747	0.01028	0.01370	0.02959	0.80785	0.03550	0.01682	0.00685	0.00218	0.00311	0.01526	0.00498	0.00436
13	0.01077	0.02777	0.78354	0.01530	0.02323	0.01247	0.01983	0.01700	0.01133	0.01700	0.00963	0.01133	0.00680	0.00510	0.00510	0.00170	0.00793	0.00397	0.00227	0.00793
14	0.00659	0.00474	0.00625	0.00737	0.00778	0.00440	0.00496	0.00762	0.01059	0.01412	0.06793	0.74343	0.06151	0.01641	0.00681	0.00214	0.00307	0.01485	0.00503	0.00440
15	0.01562	0.01138	0.01258	0.01033	0.01306	0.01295	0.00839	0.37985	0.08354	0.02604	0.01423	0.01542	0.01083	0.00685	0.00654	0.00162	0.11075	0.00497	0.24759	0.00744
16	0.01218	0.01176	0.02071	0.12928	0.48888	0.01193	0.11405	0.01549	0.01210	0.01678	0.01293	0.01902	0.02847	0.00600	0.00568	0.00174	0.00661	0.07593	0.00290	0.00757
17	0.06506	0.00679	0.00825	0.00745	0.00936	0.00661	0.00574	0.01400	0.08627	0.10744	0.55090	0.03395	0.05757	0.00980	0.00595	0.00170	0.00304	0.00847	0.00576	0.00589
18	0.01093	0.00933	0.01092	0.00793	0.01251	0.00703	0.00630	0.01326	0.01109	0.01733	0.01041	0.04557	0.00914	0.00453	0.00410	0.00085	0.00394	0.00370	0.00326	0.80786
19	0.01277	0.01047	0.01282	0.04512	0.08060	0.00957	0.00827	0.17048	0.01443	0.02088	0.06490	0.05009	0.01246	0.00570	0.00474	0.00121	0.00459	0.00474	0.00383	0.46232
20	0.01027	0.00952	0.01560	0.63816	0.08660	0.01122	0.01380	0.01367	0.01115	0.01475	0.05785	0.01564	0.01005	0.00558	0.00533	0.00170	0.00659	0.00497	0.00268	0.06489
21	0.01196	0.00965	0.01112	0.00872	0.01253	0.00848	0.00684	0.14255	0.03729	0.01978	0.01423	0.15963	0.01354	0.00689	0.00480	0.00123	0.00416	0.00580	0.00397	0.51684
22	0.01942	0.01436	0.01533	0.01208	0.01609	0.03089	0.00996	0.64312	0.05950	0.05216	0.01443	0.01632	0.01092	0.00700	0.00549	0.00167	0.00580	0.05135	0.00533	0.00878

[dist]
# distance from previous block
# <min> <max>
0	17

[block]
# block no. 5 follows, 45 sequences, length 102
# corresponding to MSA columns:
# 288-389
name=unknown_F
#
# <colnr> <probs for GDERKNQSTAVLIFYWHMCP>
#	G	D	E	R	K	N	Q	S	T	A	V	L	I	F	Y	W	H	M	C	P
0	0.01910	0.01387	0.01554	0.01320	0.06647	0.01519	0.01013	0.56327	0.10844	0.07761	0.01435	0.01424	0.01029	0.00644	0.00534	0.00163	0.00558	0.00501	0.02539	0.00892
1	0.00765	0.00587	0.00701	0.00666	0.00816	0.00548	0.00499	0.01065	0.06424	0.01945	0.51437	0.04174	0.24137	0.03050	0.00678	0.00181	0.00276	0.00985	0.00557	0.00511
2	0.01094	0.00528	0.00550	0.00531	0.00675	0.00519	0.00403	0.01341	0.01153	0.07060	0.01775	0.01990	0.01373	0.00628	0.00386	0.00128	0.00264	0.00503	0.78572	0.00528
3	0.01117	0.01101	0.01530	0.01323	0.01340	0.01514	0.01097	0.01240	0.00851	0.01300	0.01058	0.01489	0.05844	0.01131	0.05774	0.00265	0.70681	0.00519	0.00255	0.00573
4	0.00772	0.00518	0.00596	0.00604	0.00609	0.00519	0.00347	0.00784	0.00799	0.01069	0.01768	0.08605	0.02040	0.73614	0.04815	0.00510	0.00533	0.00824	0.00336	0.00337
5	0.01953	0.01447	0.01557	0.01192	0.01616	0.01578	0.00980	0.69475	0.02394	0.03226	0.01275	0.01323	0.00927	0.02301	0.00573	0.00163	0.00576	0.00478	0.00518	0.06447
6	0.00725	0.00678	0.00609	0.00600	0.00787	0.05669	0.00450	0.00862	0.01243	0.01441	0.05132	0.04887	0.72462	0.01306	0.00624	0.00178	0.00318	0.01081	0.00484	0.00464
7	0.01127	0.01015	0.01610	0.71193	0.03473	0.01245	0.01439	0.09585	0.01233	0.01593	0.00991	0.01415	0.00737	0.00549	0.00537	0.00177	0.00702	0.00478	0.00271	0.00631
8	0.00792	0.00555	0.00803	0.00803	0.00877	0.00626	0.00600	0.00915	0.00841	0.01204	0.01420	0.02224	0.01371	0.13044	0.59469	0.09996	0.01192	0.00586	0.02246	0.00434
9	0.00660	0.00476	0.00626	0.00734	0.00778	0.00441	0.00495	0.00766	0.01069	0.01426	0.08018	0.72385	0.06881	0.01629	0.00679	0.00213	0.00306	0.01472	0.00504	0.00441
10	0.01113	0.00954	0.01113	0.00795	0.01272	0.00716	0.00636	0.01352	0.01113	0.01749	0.00954	0.01113	0.00795	0.00398	0.00398	0.00080	0.00398	0.00318	0.00318	0.84417
11	0.01364	0.00946	0.01139	0.00826	0.01291	0.00730	0.00666	0.01597	0.01195	0.16571	0.01180	0.01252	0.00899	0.00449	0.00425	0.00096	0.00409	0.00361	0.00385	0.68218
12	0.01077	0.02777	0.78354	0.01530	0.02323	0.01247	0.01983	0.01700	0.01133	0.01700	0.00963	0.01133	0.00680	0.00510	0.00510	0.00170	0.00793	0.00397	0.00227	0.00793
13	0.00634	0.00544	0.00544	0.00544	0.00725	0.00453	0.00408	0.00770	0.01224	0.01450	0.05438	0.05166	0.77569	0.01359	0.00634	0.00181	0.00272	0.01133	0.00498	0.00453
14	0.71118	0.01057	0.00890	0.00766	0.01113	0.01194	0.00632	0.06702	0.01084	0.10017	0.00920	0.00995	0.00678	0.00525	0.00367	0.00166	0.00431	0.00328	0.00379	0.00637
15	0.01251	0.00850	0.00864	0.03313	0.01035	0.04496	0.00615	0.14512	0.06401	0.02169	0.01596	0.01792	0.01241	0.00729	0.02578	0.00160	0.02373	0.00498	0.52923	0.00606
16	0.00654	0.00467	0.00623	0.00747	0.00779	0.00436	0.00498	0.00747	0.01028	0.01370	0.02959	0.80785	0.03550	0.01682	0.00685	0.00218	0.00311	0.01526	0.00498	0.00436
17	0.01519	0.01439	0.01753	0.10696	0.31962	0.12613	0.01292	0.16168	0.11740	0.02018	0.01199	0.01387	0.00942	0.00635	0.02160	0.00177	0.00673	0.00479	0.00355	0.00794
18	0.03154	0.01591	0.01764	0.02128	0.34220	0.21258	0.01271	0.14559	0.01488	0.01908	0.01056	0.01349	0.00878	0.00587	0.00598	0.00160	0.05976	0.02259	0.03037	0.00760
19	0.00654	0.00467	0.00623	0.00747	0.00779	0.00436	0.00498	0.00747	0.01028	0.01370	0.02959	0.80785	0.03550	0.01682	0.00685	0.00218	0.00311	0.01526	0.00498	0.00436
20	0.01098	0.02630	0.70079	0.01611	0.02376	0.01259	0.10112	0.01702	0.01148	0.01702	0.00977	0.01168	0.00695	0.00504	0.00524	0.00171	0.00806	0.00423	0.00232	0.00786
21	0.00907	0.02532	0.27887	0.01105	0.01459	0.00897	0.02656	0.01257	0.00983	0.01455	0.01272	0.01732	0.01093	0.02494	0.44694	0.00557	0.01126	0.00506	0.04788	0.00598
22	0.00654	0.00467	0.00623	0.00747	0.00779	0.00436	0.00498	0.00747	0.01028	0.01370	0.02959	0.80785	0.03550	0.01682	0.00685	0.00218	0.00311	0.01526	0.00498	0.00436
23	0.01435	0.81458	0.02813	0.00918	0.01378	0.02124	0.00918	0.01607	0.01091	0.01263	0.00746	0.00861	0.00689	0.00459	0.00344	0.00115	0.00574	0.00287	0.00230	0.00689
24	0.00653	0.00470	0.00619	0.00739	0.00776	0.00437	0.00494	0.00748	0.01036	0.01374	0.03065	0.77529	0.06737	0.01668	0.00683	0.00216	0.00310	0.01509	0.00498	0.00437
25	0.02041	0.01504	0.01611	0.01235	0.01665	0.01665	0.01020	0.75997	0.02524	0.03383	0.01289	0.01289	0.00913	0.00644	0.00537	0.00161	0.00591	0.00483	0.00537	0.00913
26	0.00793	0.00542	0.00620	0.00612	0.00612	0.00557	0.00353	0.00797	0.00782	0.01049	0.01659	0.03437	0.01911	0.78537	0.02701	0.00511	0.03100	0.00771	0.00322	0.00334
27	0.02005	0.02558	0.01521	0.01383	0.01659	0.78980	0.01037	0.02143	0.01521	0.01314	0.00830	0.00968	0.00691	0.00553	0.00484	0.00138	0.00968	0.00346	0.00277	0.00622
28	0.01329	0.01275	0.02179	0.03295	0.77787	0.01275	0.01647	0.01647	0.01222	0.01754	0.01010	0.01329	0.00850	0.00478	0.00531	0.00159	0.00638	0.00478	0.00266	0.00850
29	0.00733	0.00543	0.00701	0.00798	0.00898	0.00511	0.00623	0.00896	0.01152	0.01480	0.03447	0.35153	0.19317	0.01534	0.00696	0.00222	0.00375	0.29963	0.00497	0.00463
30	0.01254	0.01200	0.02045	0.21356	0.60306	0.01256	0.01610	0.01582	0.01187	0.01664	0.00997	0.01353	0.00818	0.00492	0.00533	0.00164	0.00656	0.00478	0.00259	0.00790
31	0.01797	0.01785	0.01433	0.01226	0.01546	0.32532	0.00957	0.27554	0.14506	0.02236	0.06321	0.01478	0.01231	0.00721	0.02132	0.00170	0.00709	0.00483	0.00433	0.00750
32	0.00654	0.00467	0.00623	0.00747	0.00779	0.00436	0.00498	0.00747	0.01028	0.01370	0.02959	0.80785	0.03550	0.01682	0.00685	0.00218	0.00311	0.01526	0.00498	0.00436
33	0.01113	0.00954	0.01113	0.00795	0.01272	0.00716	0.00636	0.01352	0.01113	0.01749	0.00954	0.01113	0.00795	0.00398	0.00398	0.00080	0.00398	0.00318	0.00318	0.84417
34	0.01542	0.09737	0.01490	0.01332	0.11276	0.25599	0.00930	0.07446	0.04126	0.08237	0.13522	0.02028	0.09070	0.00721	0.00525	0.00153	0.00612	0.00569	0.00404	0.00679
35	0.02972	0.11453	0.59457	0.01333	0.02002	0.01263	0.01656	0.01626	0.01114	0.01678	0.01004	0.01185	0.00746	0.00542	0.00507	0.01856	0.00704	0.00393	0.07772	0.00739
36	0.00639	0.00537	0.00555	0.00565	0.00732	0.00453	0.00418	0.00774	0.01213	0.01460	0.06929	0.12026	0.69099	0.01383	0.00639	0.00184	0.00275	0.01165	0.00501	0.00453
37	0.08952	0.01149	0.01241	0.01024	0.01376	0.01246	0.00825	0.25588	0.25884	0.16258	0.01921	0.01817	0.05318	0.00700	0.00521	0.00169	0.00466	0.00552	0.04172	0.00821
38	0.12493	0.01329	0.12692	0.01238	0.06084	0.07056	0.01041	0.06723	0.01116	0.04380	0.01107	0.01482	0.00946	0.03543	0.23721	0.00387	0.13257	0.00468	0.00306	0.00633
39	0.00654	0.00467	0.00623	0.00747	0.00779	0.00436	0.00498	0.00747	0.01028	0.01370	0.02959	0.80785	0.03550	0.01682	0.00685	0.00218	0.00311	0.01526	0.00498	0.00436
40	0.07219	0.01707	0.01431	0.02867	0.04959	0.28330	0.00974	0.24981	0.13258	0.02215	0.03238	0.01468	0.03731	0.00643	0.00512	0.00158	0.00670	0.00476	0.00416	0.00745
41	0.05474	0.03713	0.01386	0.01047	0.01442	0.03431	0.00862	0.28850	0.03167	0.38270	0.03521	0.03722	0.01265	0.00680	0.00529	0.00164	0.00512	0.00534	0.00572	0.00860
42	0.00654	0.00467	0.00623	0.00747	0.00779	0.00436	0.00498	0.00747	0.01028	0.01370	0.02959	0.80785	0.03550	0.01682	0.00685	0.00218	0.00311	0.01526	0.00498	0.00436
43	0.00945	0.00839	0.01205	0.04613	0.26585	0.00823	0.00926	0.01249	0.06378	0.01629	0.06144	0.12314	0.29221	0.01023	0.00600	0.00180	0.00434	0.03854	0.00418	0.00620
44	0.01675	0.01240	0.01336	0.01077	0.01396	0.01365	0.00849	0.51394	0.09472	0.02741	0.01515	0.04605	0.01281	0.16435	0.00973	0.00235	0.00551	0.00591	0.00495	0.00775
45	0.00668	0.00477	0.00639	0.00763	0.00800	0.00448	0.00522	0.00771	0.01041	0.01386	0.02951	0.75956	0.03521	0.01669	0.00689	0.00220	0.00323	0.06220	0.00498	0.00440
46	0.01267	0.01209	0.02039	0.15047	0.63223	0.01249	0.01583	0.01614	0.02837	0.01700	0.01109	0.01431	0.02279	0.00509	0.00534	0.00163	0.00638	0.00493	0.00272	0.00804
47	0.00752	0.00546	0.00709	0.00674	0.00799	0.00502	0.00503	0.00997	0.01493	0.02104	0.72771	0.06758	0.07121	0.01126	0.00635	0.00171	0.00256	0.00995	0.00585	0.00502
48	0.02230	0.00953	0.01240	0.00978	0.01375	0.00880	0.00799	0.02655	0.14040	0.65550	0.02129	0.01856	0.01380	0.00675	0.00541	0.00169	0.00451	0.00551	0.00645	0.00903
49	0.01923	0.02259	0.01547	0.01364	0.01634	0.59575	0.01049	0.12793	0.01593	0.01612	0.00883	0.01036	0.00725	0.00607	0.00627	0.00152	0.09270	0.00379	0.00310	0.00661
50	0.02005	0.02558	0.01521	0.01383	0.01659	0.78980	0.01037	0.02143	0.01521	0.01314	0.00830	0.00968	0.00691	0.00553	0.00484	0.00138	0.00968	0.00346	0.00277	0.00622
51	0.01278	0.01224	0.02088	0.15535	0.65940	0.01262	0.01622	0.01603	0.01198	0.01693	0.01001	0.01345	0.00829	0.00488	0.00532	0.00163	0.00650	0.00478	0.00261	0.00810
52	0.00654	0.00467	0.00623	0.00747	0.00779	0.00436	0.00498	0.00747	0.01028	0.01370	0.02959	0.80785	0.03550	0.01682	0.00685	0.00218	0.00311	0.01526	0.00498	0.00436
53	0.00808	0.00588	0.00725	0.00712	0.00867	0.00542	0.00560	0.02591	0.01405	0.03621	0.40017	0.04603	0.25326	0.01223	0.00649	0.00186	0.00314	0.14208	0.00547	0.00507
54	0.01172	0.20747	0.55920	0.01439	0.02139	0.01456	0.06743	0.01680	0.01133	0.01601	0.00922	0.01092	0.00691	0.00494	0.00480	0.00158	0.00751	0.00388	0.00230	0.00765
55	0.00677	0.00490	0.00640	0.00719	0.00781	0.00453	0.00495	0.00810	0.01153	0.01556	0.20362	0.58603	0.08214	0.01528	0.00670	0.00204	0.00296	0.01375	0.00520	0.00453
56	0.01155	0.00979	0.01136	0.00815	0.01290	0.00758	0.00653	0.04712	0.01177	0.01823	0.00969	0.01121	0.00800	0.00409	0.00404	0.00083	0.00406	0.00325	0.00328	0.80658
57	0.01633	0.01221	0.01359	0.01058	0.01459	0.01243	0.00865	0.44425	0.01951	0.04213	0.03420	0.04774	0.01229	0.00677	0.00518	0.00146	0.00508	0.04664	0.00476	0.24163
58	0.40059	0.02972	0.13197	0.06812	0.01494	0.01111	0.00914	0.01750	0.04301	0.14231	0.06020	0.01434	0.02510	0.00592	0.00443	0.00168	0.00495	0.00433	0.00388	0.00675
59	0.00661	0.00492	0.00618	0.00712	0.00782	0.00449	0.00495	0.00774	0.01089	0.01412	0.04783	0.59301	0.19977	0.01591	0.00676	0.00210	0.00310	0.04724	0.00500	0.00444
60	0.01959	0.01361	0.01489	0.01164	0.01565	0.01488	0.00954	0.57921	0.09067	0.11088	0.01474	0.01448	0.01045	0.00723	0.02142	0.00177	0.00569	0.00503	0.02978	0.00886
61	0.01756	0.01211	0.01340	0.01084	0.01422	0.01306	0.00871	0.52276	0.02094	0.08842	0.01691	0.16295	0.01464	0.00840	0.00557	0.00170	0.00510	0.00684	0.04783	0.00802
62	0.00660	0.00472	0.00630	0.00754	0.00788	0.00441	0.00509	0.00758	0.01034	0.01377	0.02955	0.78603	0.03537	0.01676	0.00687	0.00219	0.00317	0.03647	0.00498	0.00438
63	0.02654	0.01314	0.03548	0.15919	0.06678	0.03519	0.33963	0.07844	0.03120	0.01796	0.01103	0.03056	0.00871	0.00528	0.00590	0.00167	0.02558	0.00546	0.00304	0.09925
64	0.03764	0.01295	0.01452	0.39082	0.04031	0.17902	0.02911	0.07243	0.01294	0.01647	0.01097	0.01476	0.00864	0.00576	0.00505	0.00162	0.00688	0.02016	0.11375	0.00619
65	0.00654	0.00467	0.00623	0.00747	0.00779	0.00436	0.00498	0.00747	0.01028	0.01370	0.02959	0.80785	0.03550	0.01682	0.00685	0.00218	0.00311	0.01526	0.00498	0.00436
66	0.03117	0.02519	0.64170	0.01446	0.02151	0.03515	0.01774	0.05014	0.06236	0.01825	0.02688	0.01248	0.00846	0.00544	0.00511	0.00169	0.00745	0.00423	0.00273	0.00786
67	0.01822	0.04057	0.01532	0.03213	0.03838	0.26814	0.00997	0.36459	0.04605	0.02367	0.04654	0.01493	0.04455	0.00656	0.00523	0.00155	0.00683	0.00487	0.00429	0.00761
68	0.00659	0.00481	0.00623	0.00734	0.00784	0.00444	0.00501	0.00763	0.01057	0.01387	0.03227	0.69820	0.11681	0.01639	0.00682	0.00215	0.00314	0.04051	0.00498	0.00440
69	0.01435	0.81458	0.02813	0.00918	0.01378	0.02124	0.00918	0.01607	0.01091	0.01263	0.00746	0.00861	0.00689	0.00459	0.00344	0.00115	0.00574	0.00287	0.00230	0.00689
70	0.00694	0.00493	0.00641	0.00712	0.00762	0.00463	0.00480	0.00814	0.01115	0.01517	0.20467	0.53609	0.03723	0.10789	0.00911	0.00242	0.00322	0.01308	0.00500	0.00440
71	0.02081	0.01439	0.01571	0.01204	0.01632	0.01568	0.00995	0.67920	0.02415	0.11613	0.01380	0.01348	0.00959	0.00647	0.00537	0.00162	0.00576	0.00490	0.00551	0.00913
72	0.01862	0.02274	0.01558	0.02999	0.03412	0.62487	0.01078	0.04868	0.01452	0.01402	0.00838	0.01025	0.00706	0.00605	0.00656	0.00153	0.11338	0.00373	0.00280	0.00634
73	0.02005	0.02558	0.01521	0.01383	0.01659	0.78980	0.01037	0.02143	0.01521	0.01314	0.00830	0.00968	0.00691	0.00553	0.00484	0.00138	0.00968	0.00346	0.00277	0.00622
74	0.01026	0.00967	0.01633	0.76741	0.06702	0.01196	0.01497	0.01383	0.01079	0.01387	0.00956	0.01427	0.00721	0.00534	0.00536	0.00178	0.00712	0.00477	0.00240	0.00607
75	0.00654	0.00467	0.00623	0.00747	0.00779	0.00436	0.00498	0.00747	0.01028	0.01370	0.02959	0.80785	0.03550	0.01682	0.00685	0.00218	0.00311	0.01526	0.00498	0.00436
76	0.01307	0.01132	0.01209	0.01121	0.03120	0.01299	0.00850	0.02742	0.72069	0.02202	0.02288	0.02113	0.04649	0.00748	0.00549	0.00182	0.00424	0.00625	0.00538	0.00834
77	0.02003	0.01497	0.01579	0.01225	0.01643	0.03438	0.01006	0.68580	0.06977	0.04555	0.01347	0.01334	0.00959	0.00648	0.00536	0.00162	0.00587	0.00489	0.00534	0.00902
78	0.00659	0.00471	0.00619	0.00736	0.00769	0.00440	0.00489	0.00749	0.01022	0.01358	0.02961	0.75645	0.05211	0.05141	0.00773	0.00230	0.00320	0.01484	0.00491	0.00432
79	0.41792	0.11511	0.12331	0.03762	0.01435	0.01368	0.00949	0.01666	0.04892	0.05099	0.00911	0.01061	0.00713	0.00567	0.00554	0.00170	0.09891	0.00360	0.00314	0.00654
80	0.01798	0.01454	0.01429	0.01128	0.01512	0.10418	0.00909	0.49955	0.02070	0.02753	0.01257	0.02908	0.00971	0.02293	0.00551	0.00154	0.00582	0.00473	0.05155	0.12229
81	0.00663	0.00478	0.00628	0.00732	0.00778	0.00443	0.00495	0.00773	0.01082	0.01446	0.09903	0.70319	0.07046	0.01614	0.00678	0.00212	0.00304	0.01457	0.00507	0.00443
82	0.08497	0.25277	0.28804	0.03752	0.10543	0.05054	0.04172	0.01638	0.01150	0.01633	0.04225	0.01192	0.00892	0.00517	0.00458	0.00151	0.00665	0.00399	0.00261	0.00722
83	0.00658	0.00469	0.00622	0.00742	0.00772	0.00439	0.00493	0.00749	0.01020	0.01360	0.02918	0.78281	0.03499	0.04256	0.00751	0.00228	0.00318	0.01502	0.00493	0.00432
84	0.09061	0.08724	0.03401	0.02654	0.01342	0.04681	0.04055	0.16035	0.01515	0.12179	0.15005	0.11152	0.04641	0.00823	0.00536	0.00166	0.00485	0.00683	0.02185	0.00678
85	0.01601	0.01175	0.01301	0.01086	0.01390	0.01275	0.00864	0.51791	0.02049	0.02743	0.01822	0.24452	0.01747	0.00972	0.00586	0.00180	0.00507	0.03172	0.00524	0.00761
86	0.00865	0.00618	0.00865	0.00989	0.01112	0.00618	0.00865	0.01112	0.01236	0.01606	0.02842	0.06055	0.03089	0.01483	0.00741	0.00247	0.00494	0.74174	0.00494	0.00494
87	0.01064	0.02955	0.01410	0.01168	0.01332	0.01162	0.06768	0.01385	0.09314	0.01510	0.03564	0.11587	0.01416	0.03040	0.10179	0.00278	0.30099	0.00642	0.00334	0.10793
88	0.03416	0.01697	0.01476	0.13082	0.03434	0.30292	0.01055	0.16115	0.14981	0.07313	0.01268	0.01347	0.00951	0.00604	0.00515	0.00159	0.00709	0.00453	0.00396	0.00738
89	0.00654	0.00467	0.00623	0.00747	0.00779	0.00436	0.00498	0.00747	0.01028	0.01370	0.02959	0.80785	0.03550	0.01682	0.00685	0.00218	0.00311	0.01526	0.00498	0.00436
90	0.01202	0.01308	0.02709	0.23119	0.06085	0.01310	0.52882	0.01623	0.01213	0.01627	0.01047	0.01439	0.00789	0.00476	0.00603	0.00180	0.00843	0.00585	0.00262	0.00695
91	0.01424	0.05205	0.01385	0.10398	0.09190	0.16783	0.00963	0.07945	0.03736	0.10031	0.01798	0.01961	0.11126	0.01274	0.14137	0.00282	0.00770	0.00557	0.00373	0.00662
92	0.00654	0.00469	0.00621	0.00743	0.00777	0.00436	0.00496	0.00748	0.01032	0.01372	0.03009	0.79248	0.05054	0.01675	0.00684	0.00217	0.00311	0.01518	0.00498	0.00436
93	0.01978	0.06361	0.01583	0.01361	0.01646	0.75276	0.01031	0.02118	0.01500	0.01311	0.00826	0.00963	0.00691	0.00549	0.00477	0.00137	0.00949	0.00343	0.00274	0.00626
94	0.00847	0.00516	0.00691	0.00770	0.00844	0.00475	0.00530	0.00953	0.01084	0.09822	0.02866	0.72095	0.03306	0.01570	0.00669	0.00212	0.00327	0.01417	0.00517	0.00489
95	0.01250	0.01415	0.03064	0.07415	0.02865	0.01347	0.70899	0.01696	0.01254	0.01696	0.01077	0.01447	0.00808	0.00458	0.00627	0.00181	0.00892	0.00623	0.00269	0.00716
96	0.00866	0.02400	0.00960	0.00876	0.00934	0.00835	0.00661	0.00988	0.00842	0.01211	0.01368	0.02320	0.01390	0.26030	0.38809	0.00613	0.15726	0.00608	0.02104	0.00459
97	0.02005	0.02558	0.01521	0.01383	0.01659	0.78980	0.01037	0.02143	0.01521	0.01314	0.00830	0.00968	0.00691	0.00553	0.00484	0.00138	0.00968	0.00346	0.00277	0.00622
98	0.01285	0.01238	0.02130	0.13394	0.65966	0.01267	0.03625	0.01613	0.01204	0.01702	0.01004	0.01345	0.00831	0.00485	0.00535	0.00163	0.00655	0.00482	0.00262	0.00813
99	0.00654	0.00476	0.00614	0.00722	0.00769	0.00440	0.00485	0.00751	0.01044	0.01372	0.03200	0.71080	0.11498	0.03243	0.00721	0.00220	0.00311	0.01469	0.00495	0.00436
100	0.01095	0.00902	0.01284	0.09406	0.01563	0.00876	0.09011	0.10639	0.01281	0.03320	0.03008	0.27557	0.02997	0.02301	0.00631	0.00173	0.02255	0.00827	0.00404	0.20470
101	0.07643	0.05584	0.01568	0.13679	0.08407	0.09719	0.01085	0.24588	0.04235	0.02145	0.02737	0.01433	0.00976	0.00723	0.02557	0.00185	0.07980	0.01991	0.02044	0.00722

[dist]
# distance from previous block
# <min> <max>
0	1

[block]
# block no. 6 follows, 45 sequences, length 16
# corresponding to MSA columns:
# 391-394,396-407
name=unknown_G
#
# <colnr> <probs for GDERKNQSTAVLIFYWHMCP>
#	G	D	E	R	K	N	Q	S	T	A	V	L	I	F	Y	W	H	M	C	P
0	0.08102	0.00618	0.00638	0.00612	0.00747	0.00647	0.00448	0.06120	0.01121	0.01889	0.01664	0.05788	0.01479	0.15066	0.04957	0.00244	0.00400	0.00583	0.48377	0.00500
1	0.01244	0.01204	0.02138	0.03414	0.03686	0.03222	0.38568	0.10423	0.01408	0.01906	0.10499	0.02081	0.04999	0.00713	0.00691	0.03725	0.02310	0.03269	0.03835	0.00664
2	0.00667	0.00559	0.00582	0.00579	0.00753	0.00482	0.00433	0.00851	0.03324	0.01541	0.12568	0.07375	0.65779	0.01326	0.00633	0.00181	0.00275	0.01115	0.00509	0.00469
3	0.01113	0.00954	0.01113	0.00795	0.01272	0.00716	0.00636	0.01352	0.01113	0.01749	0.00954	0.01113	0.00795	0.00398	0.00398	0.00080	0.00398	0.00318	0.00318	0.84417
4	0.02027	0.01445	0.01522	0.01192	0.01601	0.05342	0.00975	0.56011	0.08861	0.13282	0.01457	0.01408	0.01022	0.00650	0.00536	0.00162	0.00577	0.00495	0.00542	0.00893
5	0.00932	0.00466	0.00699	0.00699	0.00699	0.00466	0.00466	0.00699	0.00699	0.00932	0.00932	0.01632	0.00932	0.01865	0.02098	0.84382	0.00466	0.00466	0.00233	0.00233
6	0.00669	0.00545	0.00592	0.00580	0.00746	0.00468	0.00435	0.00837	0.01305	0.01644	0.25376	0.04846	0.57509	0.01287	0.00634	0.00178	0.00267	0.01088	0.00524	0.00468
7	0.01255	0.00876	0.01058	0.00918	0.02622	0.03209	0.07301	0.15263	0.01399	0.02167	0.01545	0.03298	0.01224	0.00642	0.00497	0.00144	0.03620	0.00523	0.51830	0.00610
8	0.00980	0.00507	0.00532	0.00532	0.00654	0.00515	0.00401	0.01225	0.01103	0.01936	0.01724	0.02011	0.01373	0.00920	0.07184	0.00189	0.00353	0.00507	0.76856	0.00498
9	0.01766	0.25915	0.05768	0.01276	0.01649	0.46058	0.03675	0.05314	0.01411	0.01426	0.00841	0.00976	0.00705	0.00524	0.00452	0.00135	0.00823	0.00347	0.00272	0.00667
10	0.00722	0.00515	0.00669	0.00766	0.00823	0.00493	0.00551	0.00839	0.01048	0.01378	0.02874	0.46586	0.07515	0.14281	0.01022	0.00271	0.00385	0.18360	0.00470	0.00433
11	0.05213	0.06868	0.52437	0.14722	0.04769	0.01266	0.01709	0.01604	0.01102	0.01636	0.00961	0.01232	0.00725	0.02897	0.00563	0.00178	0.00736	0.00413	0.00238	0.00731
12	0.78046	0.01181	0.07154	0.00774	0.01144	0.01208	0.00696	0.01588	0.00932	0.02350	0.00765	0.00893	0.00589	0.00499	0.00347	0.00166	0.00446	0.00299	0.00324	0.00599
13	0.01944	0.02443	0.01580	0.01555	0.08510	0.71988	0.01092	0.02099	0.01494	0.01353	0.00846	0.01000	0.00706	0.00546	0.00488	0.00140	0.00938	0.00358	0.00276	0.00643
14	0.36465	0.07183	0.12001	0.00836	0.01156	0.01045	0.00780	0.01384	0.01017	0.01930	0.07259	0.05299	0.01311	0.04622	0.09188	0.00255	0.00568	0.00488	0.06634	0.00578
15	0.01056	0.06546	0.32320	0.10216	0.14154	0.01142	0.01449	0.01476	0.02783	0.01595	0.01632	0.08108	0.07902	0.00740	0.00575	0.00177	0.02573	0.04561	0.00302	0.00696

[dist]
# distance from previous block
# <min> <max>
26	52

[block]
# block no. 7 follows, 45 sequences, length 12
# corresponding to MSA columns:
# 462-473
name=unknown_H
#
# <colnr> <probs for GDERKNQSTAVLIFYWHMCP>
#	G	D	E	R	K	N	Q	S	T	A	V	L	I	F	Y	W	H	M	C	P
0	0.01712	0.01250	0.01384	0.01096	0.01450	0.01352	0.00891	0.50243	0.03777	0.05144	0.06128	0.06274	0.01362	0.00729	0.00585	0.00160	0.03857	0.00568	0.04590	0.07446
1	0.01517	0.01110	0.01270	0.01024	0.01363	0.01137	0.00817	0.32949	0.04460	0.07492	0.01582	0.16218	0.01424	0.00799	0.00592	0.00157	0.04360	0.00647	0.00472	0.20608
2	0.04535	0.01710	0.01337	0.01148	0.01467	0.31809	0.00894	0.22833	0.10575	0.02079	0.01748	0.01754	0.11339	0.00702	0.00518	0.00154	0.00663	0.00520	0.00415	0.03798
3	0.08434	0.06335	0.01465	0.01127	0.01418	0.09600	0.05536	0.26931	0.01589	0.04485	0.01369	0.10775	0.01230	0.04333	0.03373	0.00208	0.06585	0.00590	0.03927	0.00690
4	0.01119	0.01062	0.01801	0.54154	0.28563	0.01220	0.01543	0.01464	0.01123	0.01500	0.00973	0.01397	0.00761	0.00517	0.00535	0.00172	0.00689	0.00477	0.00248	0.00682
5	0.05795	0.00717	0.00752	0.00686	0.00856	0.02382	0.00535	0.07664	0.01271	0.04919	0.08755	0.02063	0.03106	0.00817	0.03327	0.00170	0.04339	0.00543	0.50744	0.00561
6	0.01044	0.00849	0.01103	0.00969	0.01075	0.00967	0.04829	0.08888	0.05805	0.01519	0.01702	0.10634	0.04371	0.33254	0.01707	0.00330	0.17666	0.00748	0.02022	0.00517
7	0.06951	0.00962	0.01188	0.06865	0.01478	0.00946	0.00819	0.08415	0.10860	0.31309	0.07964	0.02065	0.01588	0.00704	0.00530	0.00163	0.00459	0.05093	0.00526	0.11114
8	0.01748	0.01102	0.01277	0.01128	0.06163	0.05851	0.00840	0.09956	0.13667	0.29962	0.10603	0.01881	0.01637	0.00671	0.00530	0.00155	0.00478	0.00552	0.00531	0.11268
9	0.01136	0.01078	0.01898	0.37999	0.08699	0.01205	0.18092	0.05536	0.01171	0.01563	0.01116	0.06380	0.00948	0.00686	0.00726	0.04649	0.05629	0.00577	0.00280	0.00633
10	0.01186	0.01133	0.01961	0.29869	0.42424	0.01211	0.06223	0.01523	0.01174	0.01609	0.01108	0.01663	0.00939	0.00559	0.00553	0.00173	0.00673	0.05019	0.00271	0.00732
11	0.01478	0.01076	0.01287	0.04471	0.04755	0.01146	0.00927	0.33638	0.05671	0.06111	0.01890	0.13608	0.01772	0.00947	0.00595	0.00186	0.00516	0.15607	0.00497	0.03821

[dist]
# distance from previous block
# <min> <max>
0	1

[block]
# block no. 8 follows, 45 sequences, length 6
# corresponding to MSA columns:
# 475-480
name=unknown_I
#
