[name]
unknown

[dist]
# distance from previous block
# <min> <max>
11	77

[block]
# block no. 0 follows, 49 sequences, length 9
# corresponding to MSA columns:
# 79-87
name=unknown_A
#
# <colnr> <probs for GDERKNQSTAVLIFYWHMCP>
#	G	D	E	R	K	N	Q	S	T	A	V	L	I	F	Y	W	H	M	C	P
0	0.00794	0.00636	0.00939	0.05779	0.01135	0.00630	0.07157	0.03317	0.04793	0.01659	0.26928	0.36401	0.03247	0.01164	0.00608	0.00183	0.00365	0.03300	0.00467	0.00498
1	0.00690	0.00480	0.00568	0.00598	0.00629	0.00462	0.00372	0.00743	0.00887	0.01180	0.08333	0.25518	0.08255	0.47085	0.01728	0.00360	0.00397	0.00971	0.00384	0.00358
2	0.01203	0.01274	0.02474	0.08566	0.05983	0.01328	0.49219	0.05906	0.01169	0.01612	0.00956	0.01302	0.00748	0.00527	0.00771	0.00177	0.15317	0.00542	0.00261	0.00665
3	0.08953	0.01342	0.01429	0.01104	0.01500	0.01476	0.00912	0.65945	0.02187	0.08302	0.01225	0.01216	0.00861	0.00597	0.00490	0.00152	0.00534	0.00444	0.00498	0.00834
4	0.26230	0.01115	0.01436	0.31665	0.14517	0.06034	0.04618	0.05860	0.01102	0.01760	0.00866	0.01143	0.00671	0.00489	0.00449	0.00159	0.00595	0.00397	0.00275	0.00620
5	0.11478	0.01071	0.01233	0.00954	0.01338	0.04612	0.04362	0.15648	0.03196	0.25741	0.04657	0.01403	0.01087	0.00550	0.00459	0.00136	0.00469	0.00437	0.00451	0.20719
6	0.06692	0.03383	0.01317	0.01052	0.01357	0.13455	0.06654	0.14508	0.06303	0.14308	0.04623	0.11280	0.03296	0.00719	0.00534	0.00155	0.02707	0.00588	0.00423	0.06647
7	0.04385	0.03002	0.01402	0.01063	0.01421	0.02695	0.06652	0.28128	0.03112	0.17905	0.06106	0.04711	0.01244	0.00635	0.00546	0.00149	0.03975	0.00513	0.00455	0.11901
8	0.06421	0.01253	0.01418	0.01145	0.03244	0.08476	0.08178	0.25549	0.10000	0.07686	0.03316	0.01390	0.01030	0.02974	0.00540	0.00151	0.00540	0.00456	0.00410	0.15820

[dist]
# distance from previous block
# <min> <max>
2	19

[block]
# block no. 1 follows, 49 sequences, length 21
# corresponding to MSA columns:
# 107-127
name=unknown_B
#
# <colnr> <probs for GDERKNQSTAVLIFYWHMCP>
#	G	D	E	R	K	N	Q	S	T	A	V	L	I	F	Y	W	H	M	C	P
0	0.07791	0.09831	0.17168	0.01224	0.03414	0.02556	0.10789	0.08015	0.06997	0.06471	0.01156	0.01271	0.02793	0.00529	0.00524	0.00146	0.04988	0.00425	0.00321	0.13594
1	0.02577	0.11611	0.06822	0.03082	0.02818	0.02099	0.08514	0.01546	0.16077	0.02710	0.01440	0.10851	0.02585	0.00970	0.06863	0.02929	0.05842	0.00573	0.00335	0.09757
2	0.03059	0.05854	0.03615	0.17689	0.15263	0.01116	0.12455	0.06444	0.01181	0.08775	0.01250	0.03564	0.03659	0.03581	0.00612	0.00166	0.03146	0.00507	0.00315	0.07751
3	0.01333	0.03066	0.04267	0.05187	0.18954	0.04389	0.05265	0.17848	0.04109	0.05517	0.01553	0.04189	0.08905	0.00633	0.00541	0.00150	0.03241	0.00533	0.00364	0.09956
4	0.00876	0.00694	0.00855	0.05887	0.01084	0.00659	0.00593	0.03955	0.03833	0.01587	0.11746	0.21157	0.08098	0.07086	0.00715	0.00175	0.03246	0.00779	0.04253	0.22721
5	0.01616	0.05715	0.01531	0.01292	0.05826	0.24328	0.03777	0.25437	0.12653	0.02019	0.01151	0.01249	0.00896	0.00696	0.03378	0.00173	0.04626	0.00433	0.02493	0.00712
6	0.01186	0.01102	0.01674	0.13394	0.46798	0.04021	0.01286	0.07558	0.01219	0.01656	0.01334	0.11445	0.03837	0.00644	0.00522	0.00160	0.00568	0.00591	0.00303	0.00702
7	0.00958	0.00803	0.01009	0.04889	0.01224	0.00702	0.03347	0.04640	0.04467	0.01649	0.06985	0.15840	0.07736	0.02136	0.00519	0.00134	0.00385	0.00647	0.00374	0.41555
8	0.08560	0.00818	0.01048	0.00923	0.01019	0.00966	0.03230	0.03108	0.03753	0.05906	0.01404	0.07996	0.03431	0.26827	0.01560	0.02349	0.25662	0.00626	0.00325	0.00491
9	0.01142	0.00656	0.00822	0.04375	0.01044	0.00612	0.00588	0.01403	0.07044	0.22952	0.12708	0.17752	0.24778	0.01045	0.00571	0.00172	0.00339	0.00897	0.00516	0.00584
10	0.07128	0.00729	0.00853	0.00736	0.00946	0.00704	0.00550	0.08867	0.01218	0.25630	0.04622	0.08413	0.11436	0.24619	0.01122	0.00259	0.00419	0.00705	0.00466	0.00577
11	0.00973	0.00613	0.00705	0.00644	0.00832	0.00556	0.00488	0.05682	0.01273	0.13442	0.15138	0.09270	0.38105	0.05866	0.00689	0.00185	0.00314	0.00905	0.03800	0.00520
12	0.01295	0.00889	0.00932	0.00804	0.01044	0.00974	0.00635	0.22894	0.20650	0.02307	0.01629	0.01698	0.01236	0.00618	0.00436	0.00141	0.00366	0.00492	0.40296	0.00662
13	0.00965	0.00599	0.00730	0.00681	0.00843	0.00558	0.00509	0.03812	0.03738	0.12762	0.28699	0.16368	0.18392	0.05374	0.00683	0.00185	0.00308	0.00922	0.03346	0.00525
14	0.01607	0.01067	0.01201	0.00970	0.01291	0.01120	0.00777	0.37781	0.09422	0.15545	0.05250	0.07944	0.05383	0.04393	0.00614	0.00172	0.00460	0.00610	0.00508	0.03885
15	0.01052	0.00593	0.00725	0.00684	0.00864	0.00528	0.00510	0.01218	0.03085	0.21089	0.06719	0.25491	0.29528	0.04686	0.00672	0.00190	0.00324	0.00997	0.00507	0.00538
16	0.13547	0.01191	0.01291	0.01009	0.01379	0.01278	0.00826	0.46935	0.01889	0.19712	0.01332	0.01367	0.00947	0.04309	0.00574	0.00169	0.00503	0.00455	0.00496	0.00792
17	0.01301	0.00800	0.00967	0.00844	0.01073	0.00796	0.00663	0.20723	0.01553	0.17001	0.20927	0.18933	0.06491	0.00990	0.00572	0.00171	0.00380	0.04651	0.00530	0.00632
18	0.00938	0.00574	0.00717	0.00709	0.00841	0.00533	0.00513	0.04910	0.01184	0.12707	0.12921	0.39880	0.14248	0.05992	0.00718	0.00201	0.00325	0.01089	0.00496	0.00503
19	0.00670	0.00481	0.00592	0.00651	0.00697	0.00460	0.00428	0.00783	0.02892	0.01293	0.08586	0.46732	0.09122	0.22860	0.01145	0.00274	0.00341	0.01159	0.00434	0.00399
20	0.00711	0.00508	0.00625	0.00681	0.00736	0.00490	0.00459	0.04142	0.01008	0.01334	0.04568	0.49510	0.08257	0.20595	0.01093	0.00268	0.00354	0.03817	0.00435	0.00411

[dist]
# distance from previous block
# <min> <max>
4	8

[block]
# block no. 2 follows, 49 sequences, length 47
# corresponding to MSA columns:
# 136-182
name=unknown_C
#
# <colnr> <probs for GDERKNQSTAVLIFYWHMCP>
#	G	D	E	R	K	N	Q	S	T	A	V	L	I	F	Y	W	H	M	C	P
0	0.01032	0.00691	0.00849	0.00765	0.00932	0.00669	0.02201	0.08486	0.04664	0.09702	0.04826	0.21600	0.07261	0.23345	0.03525	0.00274	0.00439	0.00830	0.00425	0.07482
1	0.03350	0.03281	0.15292	0.01396	0.01817	0.03691	0.22218	0.13337	0.05994	0.08803	0.01211	0.04989	0.00954	0.00634	0.00651	0.03484	0.05702	0.00520	0.00344	0.02334
2	0.01346	0.01043	0.01131	0.00951	0.01199	0.03500	0.00749	0.35386	0.08241	0.02182	0.04175	0.02064	0.09573	0.09610	0.11770	0.02359	0.03060	0.00582	0.00428	0.00650
3	0.05790	0.05379	0.44330	0.01470	0.02079	0.01249	0.17692	0.09287	0.01231	0.05351	0.00993	0.01152	0.00713	0.00486	0.00494	0.00159	0.00708	0.00426	0.00276	0.00735
4	0.01010	0.00789	0.00912	0.00713	0.01055	0.00641	0.00559	0.01275	0.05367	0.06349	0.08283	0.02169	0.16449	0.02913	0.00513	0.00122	0.00348	0.00540	0.00386	0.49608
5	0.00924	0.00582	0.00721	0.00711	0.00807	0.00567	0.00488	0.05980	0.01025	0.09040	0.02073	0.35779	0.02281	0.28136	0.05702	0.00321	0.00451	0.00964	0.00417	0.03028
6	0.08732	0.01209	0.01870	0.11368	0.19726	0.04693	0.20393	0.10792	0.02716	0.09208	0.01106	0.01356	0.00845	0.03083	0.00575	0.00169	0.00640	0.00484	0.00328	0.00708
7	0.01665	0.01225	0.01323	0.01052	0.01378	0.01346	0.00842	0.60325	0.04477	0.02751	0.01396	0.07085	0.01174	0.10669	0.00769	0.00198	0.00525	0.00561	0.00479	0.00759
8	0.00628	0.00471	0.00572	0.00633	0.00709	0.00427	0.00435	0.00735	0.01046	0.01358	0.10344	0.47646	0.24503	0.07110	0.00763	0.00211	0.00292	0.01237	0.00466	0.00414
9	0.00831	0.00563	0.00704	0.00738	0.00819	0.00552	0.00515	0.08052	0.01114	0.04512	0.05726	0.54438	0.02865	0.12724	0.00897	0.00237	0.00354	0.03439	0.00460	0.00461
10	0.00807	0.00523	0.00645	0.00656	0.00770	0.00475	0.00472	0.00938	0.01120	0.08733	0.16431	0.28995	0.21704	0.10923	0.00844	0.00219	0.00319	0.04486	0.00480	0.00459
11	0.00878	0.00439	0.00659	0.00659	0.00659	0.00439	0.00439	0.00659	0.00659	0.00878	0.00878	0.01537	0.00878	0.01757	0.01976	0.85288	0.00439	0.00439	0.00220	0.00220
12	0.03305	0.00512	0.00613	0.00639	0.00737	0.00473	0.00447	0.00862	0.01077	0.05168	0.15403	0.35663	0.20517	0.11202	0.00846	0.00221	0.00310	0.01102	0.00466	0.00438
13	0.05891	0.01116	0.01294	0.01000	0.01385	0.01142	0.00825	0.37760	0.01847	0.37442	0.01556	0.01446	0.01036	0.00609	0.00493	0.00153	0.00482	0.00471	0.03218	0.00834
14	0.00816	0.00581	0.00703	0.00723	0.00824	0.00567	0.00511	0.09854	0.01179	0.03032	0.07845	0.50413	0.11874	0.07652	0.00767	0.00213	0.00334	0.01170	0.00470	0.00471
15	0.01933	0.01399	0.01507	0.01155	0.01560	0.01543	0.00954	0.75084	0.02349	0.05531	0.01238	0.01230	0.00872	0.00608	0.00506	0.00152	0.00553	0.00457	0.00510	0.00860
16	0.00646	0.00458	0.00588	0.00680	0.00714	0.00433	0.00453	0.00726	0.00943	0.01249	0.02657	0.61539	0.05887	0.15910	0.00989	0.00256	0.00335	0.04701	0.00440	0.00395
17	0.00672	0.00473	0.00592	0.00656	0.00723	0.00435	0.00447	0.00774	0.01028	0.03180	0.09546	0.52893	0.15961	0.09155	0.00814	0.00222	0.00304	0.01242	0.00465	0.00420
18	0.00655	0.00490	0.00608	0.00630	0.00731	0.00443	0.00453	0.00818	0.01212	0.01629	0.36395	0.30063	0.21470	0.01274	0.00613	0.00177	0.00261	0.01124	0.00507	0.00443
19	0.67095	0.00952	0.00840	0.00718	0.01048	0.01047	0.00591	0.01705	0.00992	0.19547	0.00993	0.01023	0.00705	0.00504	0.00357	0.00156	0.00400	0.00326	0.00383	0.00618
20	0.01049	0.00899	0.01049	0.00749	0.01198	0.00674	0.00599	0.01273	0.01049	0.01648	0.00899	0.01049	0.00749	0.00374	0.00374	0.00075	0.00374	0.00300	0.00300	0.85320
21	0.00725	0.00486	0.00555	0.00564	0.00567	0.00483	0.00320	0.00733	0.00755	0.01007	0.01695	0.09975	0.01966	0.75388	0.02410	0.00466	0.00474	0.00795	0.00320	0.00315
22	0.02269	0.00861	0.01174	0.00900	0.01291	0.00743	0.00743	0.02464	0.01447	0.79425	0.01995	0.01721	0.01252	0.00626	0.00509	0.00156	0.00430	0.00509	0.00626	0.00861
23	0.01049	0.00899	0.01049	0.00749	0.01198	0.00674	0.00599	0.01273	0.01049	0.01648	0.00899	0.01049	0.00749	0.00374	0.00374	0.00075	0.00374	0.00300	0.00300	0.85320
24	0.01317	0.00967	0.01077	0.00879	0.01181	0.00972	0.00699	0.33972	0.01673	0.05391	0.07668	0.12530	0.14875	0.00846	0.00526	0.00151	0.00415	0.00700	0.00472	0.13693
25	0.01813	0.01342	0.01487	0.02547	0.01552	0.01502	0.00959	0.65553	0.02150	0.04621	0.01171	0.01222	0.00848	0.00645	0.00622	0.01801	0.06857	0.00452	0.00472	0.02383
26	0.01028	0.00617	0.00745	0.00727	0.00877	0.03021	0.00534	0.01172	0.01192	0.18294	0.15963	0.37767	0.13657	0.01206	0.00595	0.00180	0.00328	0.01060	0.00512	0.00527
27	0.01258	0.01086	0.01143	0.01029	0.01315	0.01258	0.00800	0.02687	0.78161	0.02115	0.02058	0.01887	0.01544	0.00686	0.00515	0.00172	0.00400	0.00572	0.00515	0.00800
28	0.67520	0.00952	0.00837	0.00716	0.01046	0.01049	0.00590	0.01700	0.00989	0.19154	0.00987	0.01018	0.00702	0.00504	0.00356	0.00156	0.00400	0.00325	0.00381	0.00616
29	0.85801	0.00978	0.00743	0.00665	0.00978	0.01134	0.00548	0.01486	0.00861	0.02269	0.00704	0.00821	0.00548	0.00469	0.00313	0.00156	0.00391	0.00274	0.00313	0.00548
30	0.01366	0.68065	0.02486	0.01079	0.07244	0.05058	0.00934	0.02991	0.01069	0.01267	0.00733	0.00869	0.00665	0.00460	0.00404	0.00118	0.04011	0.00297	0.00226	0.00658
31	0.00756	0.00562	0.00614	0.00573	0.00751	0.00491	0.00429	0.00947	0.02848	0.03401	0.17040	0.03801	0.43130	0.05267	0.00651	0.00171	0.00280	0.00868	0.09637	0.07784
32	0.01127	0.00993	0.01506	0.63125	0.03038	0.01200	0.01300	0.14303	0.01239	0.01623	0.00946	0.01311	0.00707	0.00530	0.00534	0.00165	0.02888	0.00446	0.00275	0.02744
33	0.00711	0.00517	0.00670	0.00631	0.00753	0.00475	0.00474	0.00945	0.01421	0.02002	0.75935	0.03820	0.07660	0.01043	0.00596	0.00159	0.00239	0.00920	0.00553	0.00475
34	0.85801	0.00978	0.00743	0.00665	0.00978	0.01134	0.00548	0.01486	0.00861	0.02269	0.00704	0.00821	0.00548	0.00469	0.00313	0.00156	0.00391	0.00274	0.00313	0.00548
35	0.00924	0.00995	0.07348	0.26441	0.02021	0.02738	0.08504	0.01184	0.01014	0.01378	0.06725	0.17332	0.01535	0.01050	0.06788	0.00230	0.12258	0.00688	0.00302	0.00543
36	0.85801	0.00978	0.00743	0.00665	0.00978	0.01134	0.00548	0.01486	0.00861	0.02269	0.00704	0.00821	0.00548	0.00469	0.00313	0.00156	0.00391	0.00274	0.00313	0.00548
37	0.03788	0.07184	0.19480	0.05401	0.01694	0.01050	0.08326	0.05400	0.01133	0.01683	0.03939	0.01192	0.00868	0.00473	0.00481	0.00126	0.03289	0.00387	0.00284	0.33820
38	0.00826	0.00658	0.00764	0.00659	0.00908	0.00544	0.00502	0.01030	0.02756	0.03195	0.15782	0.13059	0.26097	0.00935	0.00522	0.00139	0.00306	0.00799	0.00429	0.30092
39	0.00637	0.00475	0.00590	0.00642	0.00723	0.00431	0.00449	0.00767	0.01111	0.01471	0.20806	0.45075	0.20491	0.03065	0.00664	0.00193	0.00277	0.01220	0.00486	0.00427
40	0.01168	0.04657	0.26398	0.01211	0.01727	0.05678	0.10810	0.01578	0.04765	0.04630	0.01027	0.02445	0.00805	0.00479	0.00478	0.00131	0.02028	0.00403	0.00285	0.29296
41	0.01148	0.20337	0.13076	0.00916	0.01315	0.01084	0.03241	0.03785	0.02751	0.05661	0.01195	0.04702	0.02295	0.12070	0.00725	0.00173	0.00505	0.00455	0.00305	0.24258
42	0.01004	0.01111	0.11754	0.03012	0.01465	0.00806	0.09492	0.04510	0.01137	0.01655	0.04949	0.11253	0.05336	0.00633	0.00478	0.00128	0.00472	0.00561	0.00331	0.39916
43	0.01140	0.18005	0.26917	0.01078	0.01597	0.01154	0.05487	0.04128	0.01131	0.03940	0.02567	0.01346	0.05831	0.00510	0.00439	0.00128	0.00555	0.00407	0.00285	0.23354
44	0.01075	0.07090	0.09296	0.01236	0.13048	0.02548	0.04597	0.01379	0.03569	0.03513	0.08587	0.01818	0.10332	0.00589	0.00467	0.00127	0.00469	0.00503	0.00333	0.29422
45	0.01421	0.14116	0.11708	0.02894	0.03096	0.03752	0.11919	0.09435	0.05897	0.13944	0.02946	0.03213	0.01002	0.00577	0.00569	0.00152	0.06578	0.00470	0.00355	0.05957
46	0.02610	0.17233	0.19068	0.01192	0.04128	0.01200	0.08955	0.01636	0.07669	0.07794	0.03480	0.02576	0.00977	0.00520	0.00484	0.00138	0.02798	0.00427	0.00311	0.16803

[dist]
# distance from previous block
# <min> <max>
43	69

[block]
# block no. 3 follows, 49 sequences, length 55
# corresponding to MSA columns:
# 262-316
name=unknown_D
#
# <colnr> <probs for GDERKNQSTAVLIFYWHMCP>
#	G	D	E	R	K	N	Q	S	T	A	V	L	I	F	Y	W	H	M	C	P
0	0.14758	0.14566	0.32575	0.03348	0.12471	0.01241	0.01285	0.02700	0.01085	0.03376	0.04918	0.01201	0.00900	0.00504	0.00435	0.00149	0.00583	0.00389	0.02831	0.00684
1	0.02643	0.13087	0.40573	0.01168	0.01707	0.01216	0.01315	0.08296	0.06097	0.08999	0.07056	0.03369	0.01155	0.00581	0.00476	0.00154	0.00595	0.00458	0.00331	0.00725
2	0.22066	0.01271	0.07906	0.05872	0.32599	0.02764	0.01179	0.10479	0.04493	0.03585	0.01017	0.01255	0.00809	0.00514	0.00458	0.00156	0.00551	0.01991	0.00315	0.00719
3	0.01039	0.11115	0.64620	0.01360	0.02031	0.01230	0.04158	0.01555	0.01079	0.01569	0.03822	0.02381	0.00841	0.00511	0.00474	0.00156	0.00703	0.00406	0.00232	0.00719
4	0.00871	0.00442	0.00654	0.00654	0.00654	0.00442	0.00433	0.00662	0.00662	0.00883	0.00913	0.01623	0.00925	0.05673	0.02005	0.81161	0.00442	0.00454	0.00224	0.00224
5	0.01553	0.03108	0.01318	0.01099	0.01410	0.16905	0.00868	0.24519	0.35083	0.02235	0.05466	0.01570	0.01312	0.00643	0.00501	0.00156	0.00542	0.00500	0.00458	0.00756
6	0.04231	0.30327	0.41315	0.01163	0.01715	0.01444	0.01354	0.01537	0.01054	0.02878	0.04082	0.01095	0.00824	0.00509	0.00482	0.00145	0.04556	0.00362	0.00240	0.00687
7	0.17156	0.06085	0.36295	0.01249	0.01783	0.01167	0.11105	0.03930	0.02379	0.09008	0.01033	0.01223	0.00771	0.04064	0.00551	0.00172	0.00630	0.00412	0.00294	0.00692
8	0.01239	0.55715	0.28475	0.01059	0.01597	0.01724	0.01202	0.01543	0.01041	0.01328	0.00772	0.00897	0.00646	0.00449	0.00377	0.00126	0.00610	0.00305	0.00215	0.00682
9	0.00739	0.04292	0.08316	0.00740	0.00910	0.00605	0.00628	0.00926	0.01101	0.01470	0.18954	0.20389	0.17843	0.09429	0.04712	0.00241	0.00416	0.07397	0.00426	0.00467
10	0.04257	0.13200	0.58830	0.01323	0.01982	0.01261	0.04084	0.01641	0.01083	0.06506	0.00945	0.01075	0.00681	0.00481	0.00459	0.00153	0.00690	0.00372	0.00245	0.00732
11	0.00644	0.00471	0.00577	0.00631	0.00703	0.00430	0.00432	0.00736	0.01029	0.01339	0.10911	0.43100	0.23190	0.08257	0.00855	0.04357	0.00302	0.01179	0.00452	0.00404
12	0.00616	0.00440	0.00587	0.00704	0.00733	0.00411	0.00469	0.00704	0.00968	0.01291	0.02787	0.81899	0.03344	0.01584	0.00645	0.00205	0.00293	0.01438	0.00469	0.00411
13	0.01108	0.01055	0.01793	0.40811	0.42489	0.01164	0.01480	0.01426	0.01084	0.01478	0.00926	0.01298	0.00740	0.00477	0.00503	0.00159	0.00636	0.00450	0.00238	0.00685
14	0.01199	0.01148	0.01958	0.16806	0.65780	0.01188	0.01526	0.01506	0.01127	0.01589	0.00942	0.01269	0.00779	0.00460	0.00501	0.00153	0.00614	0.00450	0.00246	0.00759
15	0.01078	0.01156	0.02407	0.01800	0.02195	0.01100	0.57207	0.01434	0.01153	0.01559	0.01420	0.11286	0.01324	0.00690	0.00640	0.00183	0.02691	0.09748	0.00305	0.00621
16	0.00720	0.00530	0.00695	0.00788	0.00884	0.00510	0.00624	0.00911	0.02662	0.01437	0.04822	0.33131	0.13190	0.01426	0.00660	0.00212	0.00369	0.35510	0.00471	0.00448
17	0.17803	0.00727	0.00806	0.00720	0.00939	0.00727	0.00561	0.07833	0.01309	0.13766	0.26025	0.12727	0.12275	0.00925	0.00526	0.00165	0.00334	0.00773	0.00493	0.00568
18	0.01252	0.01201	0.02053	0.03104	0.79074	0.01201	0.01552	0.01552	0.01151	0.01652	0.00951	0.01252	0.00801	0.00451	0.00501	0.00150	0.00601	0.00451	0.00250	0.00801
19	0.01244	0.01339	0.01469	0.03894	0.01409	0.18105	0.01048	0.01364	0.00921	0.01214	0.00747	0.01175	0.00719	0.03826	0.03316	0.00224	0.56771	0.00431	0.00234	0.00549
20	0.01049	0.00899	0.01049	0.00749	0.01198	0.00674	0.00599	0.01273	0.01049	0.01648	0.00899	0.01049	0.00749	0.00374	0.00374	0.00075	0.00374	0.00300	0.00300	0.85320
21	0.01186	0.00671	0.00929	0.10697	0.01256	0.00637	0.00670	0.01424	0.01372	0.23355	0.45505	0.02824	0.03166	0.00835	0.00554	0.00157	0.00350	0.00726	0.00527	0.03159
22	0.85801	0.00978	0.00743	0.00665	0.00978	0.01134	0.00548	0.01486	0.00861	0.02269	0.00704	0.00821	0.00548	0.00469	0.00313	0.00156	0.00391	0.00274	0.00313	0.00548
23	0.01198	0.01402	0.18184	0.02071	0.37842	0.01121	0.01378	0.01744	0.14488	0.04919	0.01359	0.01812	0.01137	0.00605	0.00520	0.00165	0.00576	0.08397	0.00327	0.00757
24	0.01048	0.00843	0.01003	0.00760	0.01155	0.00650	0.00604	0.01261	0.01063	0.04658	0.01189	0.08175	0.01095	0.00537	0.00419	0.00097	0.00374	0.04073	0.00335	0.70663
25	0.42051	0.01055	0.01482	0.20154	0.07883	0.01166	0.16430	0.01473	0.00986	0.01859	0.00834	0.01089	0.00642	0.00468	0.00431	0.00162	0.00568	0.00395	0.00276	0.00598
26	0.00955	0.00899	0.01517	0.81013	0.03483	0.01123	0.01404	0.01292	0.01011	0.01292	0.00899	0.01348	0.00674	0.00506	0.00506	0.00169	0.00674	0.00449	0.00225	0.00562
27	0.00878	0.00439	0.00659	0.00659	0.00659	0.00439	0.00439	0.00659	0.00659	0.00878	0.00878	0.01537	0.00878	0.01757	0.01976	0.85288	0.00439	0.00439	0.00220	0.00220
28	0.01044	0.07891	0.71480	0.01430	0.02147	0.01234	0.04754	0.01596	0.01070	0.01575	0.00898	0.01062	0.00646	0.00475	0.00475	0.00157	0.00738	0.00376	0.00215	0.00738
29	0.01332	0.00789	0.01115	0.09703	0.11386	0.00766	0.00813	0.03182	0.03986	0.26449	0.19623	0.07436	0.09642	0.00809	0.00545	0.00162	0.00411	0.00701	0.00487	0.00660
30	0.00613	0.00513	0.00534	0.00529	0.00693	0.00434	0.00397	0.00756	0.01190	0.01454	0.14966	0.04721	0.68971	0.01248	0.00597	0.00169	0.00254	0.01047	0.00481	0.00434
31	0.02218	0.00909	0.01199	0.00923	0.01313	0.00819	0.00761	0.08205	0.03388	0.71705	0.01937	0.01686	0.01229	0.00626	0.00508	0.00156	0.00439	0.00506	0.00614	0.00859
32	0.02641	0.05052	0.49150	0.01330	0.01946	0.01160	0.06755	0.06748	0.02724	0.16009	0.01147	0.01220	0.00792	0.00514	0.00488	0.00158	0.00664	0.00418	0.00319	0.00765
33	0.15671	0.00848	0.01027	0.00826	0.01152	0.00808	0.00673	0.06769	0.01407	0.46684	0.16832	0.01945	0.01803	0.00679	0.00493	0.00157	0.00394	0.00546	0.00553	0.00734
34	0.00737	0.00494	0.00565	0.00573	0.00579	0.00493	0.00334	0.00750	0.00761	0.01012	0.01668	0.04902	0.01919	0.76780	0.02446	0.00472	0.00485	0.04396	0.00317	0.00316
35	0.31782	0.01360	0.03918	0.08891	0.18701	0.16095	0.02802	0.03837	0.01136	0.05867	0.00888	0.01062	0.00689	0.00490	0.00427	0.00152	0.00592	0.00367	0.00298	0.00647
36	0.82609	0.00975	0.00772	0.03688	0.01072	0.01134	0.00580	0.01479	0.00866	0.02232	0.00711	0.00841	0.00552	0.00471	0.00320	0.00157	0.00402	0.00280	0.00310	0.00548
37	0.01157	0.01061	0.01597	0.55753	0.15965	0.04626	0.01359	0.08082	0.01182	0.03062	0.00952	0.01308	0.00722	0.00508	0.00503	0.00162	0.00657	0.00446	0.00263	0.00635
38	0.00993	0.00941	0.01369	0.14641	0.01585	0.01264	0.01040	0.01154	0.00821	0.01215	0.00867	0.01381	0.00817	0.03397	0.17547	0.00340	0.49396	0.00471	0.00234	0.00528
39	0.20544	0.04196	0.01461	0.11174	0.24588	0.03161	0.01056	0.09999	0.14189	0.01971	0.01102	0.01253	0.00858	0.00522	0.00451	0.00155	0.00523	0.00422	0.01672	0.00705
40	0.00926	0.00664	0.00810	0.00736	0.00931	0.00626	0.00560	0.01311	0.12577	0.07024	0.37654	0.13207	0.06558	0.00960	0.00558	0.00158	0.00305	0.02408	0.00505	0.11522
41	0.01118	0.19077	0.60776	0.01312	0.01981	0.01360	0.01627	0.04434	0.01109	0.01576	0.00877	0.01020	0.00651	0.00475	0.00449	0.00149	0.00697	0.00355	0.00225	0.00731
42	0.03632	0.04597	0.01504	0.01172	0.01534	0.21637	0.00946	0.50518	0.05369	0.02550	0.01111	0.01143	0.00822	0.00579	0.00483	0.00146	0.00636	0.00417	0.00429	0.00773
43	0.00710	0.00517	0.00667	0.00630	0.00752	0.00475	0.00472	0.00942	0.01417	0.01994	0.74991	0.03834	0.08609	0.01047	0.00596	0.00160	0.00239	0.00922	0.00552	0.00475
44	0.00611	0.00513	0.00531	0.00527	0.00691	0.00433	0.00395	0.00752	0.01185	0.01443	0.13658	0.04740	0.70286	0.01252	0.00597	0.00169	0.00254	0.01050	0.00480	0.00433
45	0.01231	0.03080	0.01954	0.14160	0.55171	0.01236	0.04414	0.04411	0.04535	0.01656	0.00992	0.01283	0.00809	0.00483	0.00528	0.00155	0.02425	0.00457	0.00267	0.00755
46	0.01311	0.00974	0.01452	0.01860	0.34305	0.00982	0.01106	0.01766	0.14037	0.14508	0.03441	0.02476	0.01555	0.00741	0.00550	0.00173	0.00501	0.17122	0.00411	0.00729
47	0.06320	0.00896	0.01171	0.00902	0.01290	0.00806	0.00745	0.06364	0.01468	0.71649	0.01891	0.01651	0.01197	0.00617	0.00499	0.00156	0.00435	0.00494	0.00604	0.00845
48	0.01252	0.01201	0.02053	0.03104	0.79074	0.01201	0.01552	0.01552	0.01151	0.01652	0.00951	0.01252	0.00801	0.00451	0.00501	0.00150	0.00601	0.00451	0.00250	0.00801
49	0.01470	0.01924	0.38857	0.01259	0.01811	0.02688	0.01359	0.30352	0.01600	0.09020	0.01185	0.04118	0.00876	0.00582	0.00498	0.00158	0.00634	0.00454	0.00371	0.00785
50	0.11684	0.00546	0.00640	0.00715	0.00808	0.00542	0.00517	0.02060	0.01012	0.01477	0.02664	0.56007	0.08830	0.01381	0.00602	0.00198	0.00326	0.09099	0.00449	0.00443
51	0.55212	0.01030	0.00982	0.00878	0.04529	0.01125	0.00680	0.12308	0.01177	0.13332	0.00978	0.01032	0.00711	0.00507	0.00378	0.00152	0.00429	0.00341	0.00381	0.03836
52	0.07759	0.06980	0.59537	0.01274	0.01919	0.01159	0.01562	0.01625	0.01075	0.07527	0.01007	0.03042	0.00748	0.00513	0.00462	0.00156	0.00665	0.00394	0.00261	0.02335
53	0.01271	0.01037	0.01718	0.26101	0.42886	0.01087	0.01356	0.01566	0.01160	0.11628	0.04475	0.01452	0.00995	0.00515	0.00507	0.00157	0.00585	0.00478	0.00305	0.00723
54	0.01398	0.01152	0.01889	0.06504	0.61957	0.01154	0.01414	0.04973	0.01237	0.11770	0.01095	0.01315	0.00856	0.00483	0.00502	0.00152	0.00580	0.00458	0.00309	0.00800

[dist]
# distance from previous block
# <min> <max>
0	3

[block]
# block no. 4 follows, 49 sequences, length 15
# corresponding to MSA columns:
# 320-334
name=unknown_E
#
# <colnr> <probs for GDERKNQSTAVLIFYWHMCP>
#	G	D	E	R	K	N	Q	S	T	A	V	L	I	F	Y	W	H	M	C	P
0	0.14303	0.47001	0.08157	0.00897	0.01324	0.01596	0.00878	0.06979	0.01151	0.10304	0.01002	0.01057	0.02519	0.00496	0.00375	0.00130	0.00517	0.00337	0.00303	0.00675
1	0.34471	0.03132	0.11791	0.05712	0.03025	0.03994	0.04638	0.23881	0.01389	0.02292	0.00916	0.01038	0.00680	0.00512	0.00426	0.00155	0.00551	0.00371	0.00344	0.00682
2	0.09414	0.67350	0.04949	0.00875	0.01305	0.01841	0.00868	0.03743	0.01065	0.03683	0.00763	0.00859	0.00663	0.00448	0.00339	0.00117	0.00531	0.00287	0.00246	0.00655
3	0.01847	0.10793	0.01618	0.01103	0.01512	0.01550	0.00928	0.62501	0.02134	0.06775	0.01185	0.01188	0.00852	0.00581	0.00481	0.00145	0.00543	0.00432	0.00472	0.03362
4	0.00727	0.00525	0.00728	0.00728	0.00789	0.00586	0.00526	0.00849	0.00788	0.01111	0.01432	0.02416	0.01450	0.29237	0.55036	0.00708	0.01074	0.00605	0.00282	0.00404
5	0.01746	0.09835	0.08500	0.01204	0.01632	0.05893	0.14591	0.05816	0.05062	0.36530	0.01497	0.03130	0.01050	0.00573	0.00502	0.00154	0.00576	0.00496	0.00444	0.00767
6	0.01143	0.01256	0.05302	0.13401	0.19068	0.01195	0.40385	0.01560	0.03994	0.01588	0.01114	0.03118	0.00908	0.00510	0.00560	0.00168	0.00728	0.03046	0.00269	0.00685
7	0.00735	0.00490	0.00552	0.00552	0.00552	0.00490	0.00306	0.00735	0.00735	0.00980	0.01593	0.03309	0.01838	0.82229	0.02574	0.00490	0.00490	0.00735	0.00306	0.00306
8	0.00616	0.00440	0.00587	0.00704	0.00733	0.00411	0.00469	0.00704	0.00968	0.01291	0.02787	0.81899	0.03344	0.01584	0.00645	0.00205	0.00293	0.01438	0.00469	0.00411
9	0.01314	0.01132	0.01863	0.16356	0.55949	0.01169	0.01433	0.05240	0.01210	0.07927	0.01039	0.01304	0.00818	0.00482	0.00502	0.00154	0.00598	0.00455	0.00288	0.00767
10	0.01393	0.16188	0.02250	0.01979	0.24861	0.19204	0.21256	0.01658	0.01191	0.01452	0.00878	0.01120	0.00726	0.00471	0.00522	0.00146	0.03342	0.00428	0.00247	0.00686
11	0.00955	0.00899	0.01517	0.81013	0.03483	0.01123	0.01404	0.01292	0.01011	0.01292	0.00899	0.01348	0.00674	0.00506	0.00506	0.00169	0.00674	0.00449	0.00225	0.00562
12	0.01252	0.01201	0.02053	0.03104	0.79074	0.01201	0.01552	0.01552	0.01151	0.01652	0.00951	0.01252	0.00801	0.00451	0.00501	0.00150	0.00601	0.00451	0.00250	0.00801
13	0.07969	0.00992	0.05096	0.00878	0.01290	0.00800	0.03446	0.03564	0.03637	0.20534	0.03307	0.04297	0.01079	0.00528	0.00439	0.00121	0.00424	0.00433	0.00399	0.40766
14	0.03507	0.00741	0.00828	0.00781	0.00939	0.03696	0.00580	0.13174	0.01337	0.03857	0.21706	0.31581	0.04382	0.05224	0.00678	0.00189	0.00367	0.02300	0.00474	0.03657

[dist]
# distance from previous block
# <min> <max>
0	2

[block]
# block no. 5 follows, 49 sequences, length 6
# corresponding to MSA columns:
# 337-342
name=unknown_F
#
# <colnr> <probs for GDERKNQSTAVLIFYWHMCP>
#	G	D	E	R	K	N	Q	S	T	A	V	L	I	F	Y	W	H	M	C	P
0	0.09581	0.56993	0.11237	0.00901	0.01360	0.01686	0.00924	0.01497	0.01018	0.01390	0.00747	0.00866	0.00648	0.00436	0.00346	0.00116	0.00533	0.00286	0.00234	0.09203
1	0.01194	0.04092	0.03897	0.07070	0.31360	0.01070	0.01108	0.09112	0.06990	0.01733	0.04394	0.01578	0.01102	0.00672	0.00637	0.08513	0.00524	0.03626	0.00317	0.11011
2	0.01262	0.00936	0.01577	0.45314	0.08611	0.01024	0.08670	0.01569	0.01158	0.17781	0.06115	0.01575	0.01076	0.00552	0.00521	0.00164	0.00607	0.00506	0.00335	0.00649
3	0.00952	0.00668	0.00836	0.06057	0.01090	0.00631	0.00614	0.06974	0.01277	0.08167	0.18786	0.18205	0.18068	0.01045	0.00570	0.00167	0.00351	0.05983	0.00470	0.09091
4	0.04347	0.09773	0.21751	0.01169	0.01597	0.04958	0.11718	0.04290	0.01226	0.06007	0.16541	0.01747	0.03602	0.00618	0.00528	0.00150	0.02842	0.00522	0.00340	0.06273
5	0.07695	0.19214	0.16379	0.01125	0.01571	0.11290	0.04261	0.18120	0.01421	0.10509	0.01045	0.01114	0.00776	0.00519	0.00441	0.00142	0.00611	0.00383	0.02668	0.00718

[dist]
# distance from previous block
# <min> <max>
4	31

[block]
# block no. 6 follows, 49 sequences, length 25
# corresponding to MSA columns:
# 374-398
name=unknown_G
#
# <colnr> <probs for GDERKNQSTAVLIFYWHMCP>
#	G	D	E	R	K	N	Q	S	T	A	V	L	I	F	Y	W	H	M	C	P
0	0.26810	0.04387	0.05266	0.02911	0.06580	0.01115	0.00830	0.16302	0.03375	0.15872	0.10528	0.01495	0.01297	0.00596	0.00451	0.00154	0.00457	0.00457	0.00425	0.00693
1	0.37493	0.02642	0.06280	0.02817	0.05169	0.05235	0.00766	0.01576	0.06732	0.07980	0.13723	0.01607	0.03274	0.00619	0.00455	0.00157	0.02028	0.00463	0.00377	0.00607
2	0.16491	0.13035	0.20356	0.01391	0.12980	0.06336	0.02987	0.09154	0.05500	0.04262	0.02457	0.01144	0.00822	0.00508	0.00440	0.00149	0.00588	0.00388	0.00306	0.00706
3	0.24806	0.02870	0.10292	0.00964	0.02602	0.07359	0.00839	0.16900	0.01385	0.07904	0.14127	0.03014	0.01482	0.02752	0.00513	0.00163	0.00493	0.00487	0.00400	0.00647
4	0.30394	0.01058	0.02814	0.00848	0.01141	0.05878	0.00691	0.15250	0.04133	0.11238	0.10288	0.08699	0.04174	0.00715	0.00463	0.00160	0.00436	0.00554	0.00433	0.00633
5	0.00878	0.00439	0.00659	0.00659	0.00659	0.00439	0.00439	0.00659	0.00659	0.00878	0.00878	0.01537	0.00878	0.01757	0.01976	0.85288	0.00439	0.00439	0.00220	0.00220
6	0.03675	0.01393	0.01432	0.01127	0.01502	0.05430	0.00918	0.61732	0.09140	0.04522	0.01284	0.01312	0.00937	0.02563	0.00550	0.00161	0.00552	0.00463	0.00488	0.00821
7	0.01875	0.11329	0.05890	0.01075	0.01487	0.08400	0.00935	0.35359	0.01777	0.23252	0.01300	0.01263	0.00907	0.00571	0.00476	0.00145	0.00559	0.00428	0.00460	0.02511
8	0.61289	0.01004	0.00893	0.05760	0.01209	0.02553	0.00656	0.04568	0.06920	0.07503	0.02970	0.01092	0.00805	0.00520	0.00371	0.00158	0.00424	0.00348	0.00357	0.00600
9	0.01053	0.11758	0.70805	0.01375	0.02087	0.01269	0.01754	0.01591	0.01063	0.01554	0.00884	0.01038	0.00642	0.00475	0.00463	0.00154	0.00724	0.00362	0.00214	0.00736
10	0.01352	0.82533	0.02650	0.00865	0.01298	0.02001	0.00865	0.01514	0.01027	0.01190	0.00703	0.00811	0.00649	0.00433	0.00324	0.00108	0.00541	0.00270	0.00216	0.00649
11	0.00753	0.00662	0.00913	0.16682	0.10827	0.00657	0.00742	0.00940	0.01105	0.01391	0.05163	0.14790	0.41362	0.01065	0.00575	0.00173	0.00385	0.00920	0.00397	0.00498
12	0.02173	0.00856	0.01155	0.00892	0.01268	0.00750	0.00734	0.04368	0.01471	0.73097	0.06247	0.01822	0.01437	0.00648	0.00513	0.00156	0.00423	0.00530	0.00619	0.00839
13	0.00616	0.00440	0.00587	0.00704	0.00733	0.00411	0.00469	0.00704	0.00968	0.01291	0.02787	0.81899	0.03344	0.01584	0.00645	0.00205	0.00293	0.01438	0.00469	0.00411
14	0.00628	0.00449	0.00597	0.00696	0.00736	0.00419	0.00470	0.00734	0.01023	0.01378	0.11766	0.72672	0.03513	0.01519	0.00640	0.00200	0.00287	0.01376	0.00480	0.00419
15	0.03552	0.02102	0.01394	0.01239	0.01515	0.61285	0.00945	0.07656	0.06272	0.06132	0.00962	0.01046	0.00757	0.00551	0.00491	0.00139	0.02647	0.00363	0.00317	0.00635
16	0.07263	0.00868	0.01148	0.00886	0.01272	0.00767	0.00732	0.02406	0.01412	0.74812	0.01918	0.01667	0.01210	0.00617	0.00497	0.00156	0.00428	0.00494	0.00607	0.00842
17	0.00616	0.00440	0.00587	0.00704	0.00733	0.00411	0.00469	0.00704	0.00968	0.01291	0.02787	0.81899	0.03344	0.01584	0.00645	0.00205	0.00293	0.01438	0.00469	0.00411
18	0.01252	0.01201	0.02053	0.03104	0.79074	0.01201	0.01552	0.01552	0.01151	0.01652	0.00951	0.01252	0.00801	0.00451	0.00501	0.00150	0.00601	0.00451	0.00250	0.00801
19	0.01761	0.01177	0.12216	0.01010	0.01415	0.00961	0.00916	0.05717	0.20821	0.42512	0.04774	0.01727	0.01357	0.00635	0.00509	0.00161	0.00466	0.00519	0.00532	0.00815
20	0.00735	0.00490	0.00552	0.00552	0.00552	0.00490	0.00306	0.00735	0.00735	0.00980	0.01593	0.03309	0.01838	0.82229	0.02574	0.00490	0.00490	0.00735	0.00306	0.00306
21	0.01103	0.00931	0.01078	0.00775	0.01221	0.00730	0.00622	0.06029	0.01132	0.01744	0.00918	0.01059	0.00756	0.00389	0.00383	0.00080	0.00386	0.00309	0.00312	0.80042
22	0.01252	0.01201	0.02053	0.03104	0.79074	0.01201	0.01552	0.01552	0.01151	0.01652	0.00951	0.01252	0.00801	0.00451	0.00501	0.00150	0.00601	0.00451	0.00250	0.00801
23	0.06326	0.59957	0.19581	0.00981	0.01476	0.01766	0.01068	0.01532	0.01026	0.01345	0.00748	0.00869	0.00641	0.00445	0.00358	0.00123	0.00578	0.00293	0.00221	0.00665
24	0.01187	0.00806	0.00942	0.00830	0.01064	0.00834	0.00647	0.04436	0.29066	0.14059	0.32969	0.02744	0.06591	0.00843	0.00550	0.00163	0.00338	0.00720	0.00546	0.00664

[dist]
# distance from previous block
# <min> <max>
0	1

[block]
# block no. 7 follows, 49 sequences, length 14
# corresponding to MSA columns:
# 400-413
name=unknown_H
#
# <colnr> <probs for GDERKNQSTAVLIFYWHMCP>
#	G	D	E	R	K	N	Q	S	T	A	V	L	I	F	Y	W	H	M	C	P
0	0.01570	0.00892	0.01095	0.00855	0.01215	0.00797	0.00687	0.11070	0.04190	0.31400	0.08060	0.07015	0.01494	0.00646	0.00483	0.00135	0.00402	0.00536	0.00490	0.26968
1	0.00997	0.00739	0.00990	0.01101	0.06350	0.00760	0.00870	0.12234	0.01332	0.01757	0.02352	0.08287	0.02489	0.01226	0.00655	0.00214	0.00480	0.56166	0.00457	0.00543
2	0.00955	0.00899	0.01517	0.81013	0.03483	0.01123	0.01404	0.01292	0.01011	0.01292	0.00899	0.01348	0.00674	0.00506	0.00506	0.00169	0.00674	0.00449	0.00225	0.00562
3	0.00878	0.00439	0.00659	0.00659	0.00659	0.00439	0.00439	0.00659	0.00659	0.00878	0.00878	0.01537	0.00878	0.01757	0.01976	0.85288	0.00439	0.00439	0.00220	0.00220
4	0.01121	0.27900	0.55260	0.01259	0.01907	0.01436	0.01551	0.01574	0.01055	0.01471	0.00843	0.00986	0.00643	0.00465	0.00431	0.00144	0.00682	0.00341	0.00214	0.00716
5	0.01208	0.01157	0.01974	0.14502	0.68016	0.01190	0.01530	0.01514	0.01131	0.01599	0.00944	0.01266	0.00782	0.00459	0.00501	0.00153	0.00611	0.00450	0.00247	0.00766
6	0.00634	0.00514	0.00562	0.00550	0.00705	0.00442	0.00413	0.00796	0.01238	0.01569	0.27692	0.04533	0.56173	0.01205	0.00597	0.00167	0.00251	0.01020	0.00496	0.00442
7	0.01998	0.01015	0.03467	0.01112	0.01523	0.00897	0.11975	0.05054	0.06632	0.58034	0.01801	0.01645	0.01171	0.00596	0.00521	0.00159	0.00503	0.00520	0.00549	0.00827
8	0.02112	0.06379	0.01280	0.00908	0.01292	0.00886	0.00758	0.08623	0.01496	0.64474	0.05116	0.01705	0.01328	0.00629	0.00500	0.00153	0.00440	0.00505	0.00585	0.00830
9	0.02100	0.00926	0.01189	0.00934	0.01311	0.00867	0.00764	0.06901	0.12725	0.63633	0.01958	0.01716	0.01271	0.00634	0.00509	0.00158	0.00433	0.00515	0.00603	0.00852
10	0.00706	0.00517	0.00662	0.00626	0.00749	0.00473	0.00469	0.00935	0.01408	0.01972	0.72625	0.03869	0.10989	0.01054	0.00597	0.00160	0.00240	0.00927	0.00549	0.00473
11	0.01035	0.00899	0.01117	0.12491	0.01533	0.00740	0.00717	0.01276	0.01043	0.01596	0.00899	0.01092	0.00738	0.00394	0.00394	0.00089	0.00418	0.00322	0.00289	0.72920
12	0.81848	0.00983	0.00762	0.00682	0.00994	0.01140	0.00559	0.01543	0.04474	0.02262	0.00767	0.00871	0.00594	0.00480	0.00322	0.00157	0.00392	0.00288	0.00322	0.00559
13	0.01136	0.01084	0.01844	0.33422	0.49658	0.01171	0.01494	0.01451	0.01097	0.01512	0.00931	0.01289	0.00752	0.00472	0.00503	0.00157	0.00629	0.00450	0.00240	0.00708

[dist]
# distance from previous block
# <min> <max>
0	1

[block]
# block no. 8 follows, 49 sequences, length 21
# corresponding to MSA columns:
# 415-435
name=unknown_I
#
# <colnr> <probs for GDERKNQSTAVLIFYWHMCP>
#	G	D	E	R	K	N	Q	S	T	A	V	L	I	F	Y	W	H	M	C	P
0	0.01738	0.01374	0.01410	0.01133	0.01498	0.05350	0.00918	0.53124	0.23186	0.02796	0.01425	0.01384	0.01038	0.00625	0.00506	0.00156	0.00531	0.00481	0.00496	0.00830
1	0.01252	0.01201	0.02053	0.03104	0.79074	0.01201	0.01552	0.01552	0.01151	0.01652	0.00951	0.01252	0.00801	0.00451	0.00501	0.00150	0.00601	0.00451	0.00250	0.00801
2	0.05130	0.00913	0.01175	0.00912	0.01291	0.00842	0.00751	0.09311	0.03874	0.65117	0.04012	0.01705	0.01297	0.00632	0.00504	0.00157	0.00434	0.00508	0.00598	0.00837
3	0.04942	0.06603	0.04292	0.01089	0.01486	0.00963	0.12613	0.06212	0.01360	0.45884	0.01649	0.05079	0.01160	0.00611	0.00502	0.00156	0.00507	0.00529	0.03595	0.00769
4	0.00943	0.00471	0.00471	0.00471	0.00589	0.00471	0.00353	0.01178	0.01060	0.01885	0.01650	0.01885	0.01296	0.00589	0.00353	0.00118	0.00236	0.00471	0.85036	0.00471
5	0.00777	0.00553	0.00758	0.00854	0.00952	0.00547	0.00711	0.00978	0.01135	0.01496	0.09161	0.14435	0.03050	0.06784	0.00809	0.00240	0.00427	0.55420	0.00463	0.00449
6	0.01284	0.01172	0.01969	0.08558	0.68939	0.01187	0.01497	0.03321	0.01181	0.04588	0.00993	0.01275	0.00810	0.00465	0.00501	0.00152	0.00599	0.00453	0.00269	0.00787
7	0.00955	0.00899	0.01517	0.81013	0.03483	0.01123	0.01404	0.01292	0.01011	0.01292	0.00899	0.01348	0.00674	0.00506	0.00506	0.00169	0.00674	0.00449	0.00225	0.00562
8	0.00723	0.00521	0.00670	0.00667	0.00766	0.00498	0.00499	0.00907	0.01214	0.01673	0.44354	0.05928	0.08425	0.14820	0.05296	0.00262	0.00376	0.11480	0.00479	0.00441
9	0.03582	0.01040	0.01229	0.01062	0.04247	0.01083	0.00818	0.18377	0.24801	0.30879	0.01823	0.06009	0.01338	0.00682	0.00513	0.00162	0.00446	0.00560	0.00537	0.00809
10	0.01032	0.09038	0.65635	0.01376	0.02052	0.01207	0.04782	0.01558	0.01090	0.01592	0.05335	0.01213	0.00882	0.00506	0.00479	0.00156	0.00706	0.00405	0.00235	0.00721
11	0.00616	0.00440	0.00587	0.00704	0.00733	0.00411	0.00469	0.00704	0.00968	0.01291	0.02787	0.81899	0.03344	0.01584	0.00645	0.00205	0.00293	0.01438	0.00469	0.00411
12	0.01198	0.01147	0.01956	0.17146	0.65450	0.01187	0.01525	0.01505	0.01126	0.01587	0.00942	0.01269	0.00778	0.00460	0.00502	0.00153	0.00614	0.00450	0.00246	0.00758
13	0.01185	0.11020	0.01910	0.30367	0.39681	0.04494	0.01393	0.01474	0.01098	0.01451	0.00896	0.01218	0.00731	0.00471	0.00479	0.00151	0.00632	0.00423	0.00238	0.00689
14	0.22870	0.47633	0.06541	0.00888	0.01300	0.04307	0.00855	0.07892	0.01114	0.01657	0.00761	0.00866	0.00640	0.00462	0.00350	0.00128	0.00529	0.00295	0.00266	0.00645
15	0.00735	0.00492	0.00560	0.00560	0.00563	0.00495	0.00317	0.00741	0.00738	0.00987	0.01585	0.03264	0.01819	0.79557	0.05219	0.00501	0.00520	0.00729	0.00305	0.00311
16	0.00955	0.00899	0.01517	0.81013	0.03483	0.01123	0.01404	0.01292	0.01011	0.01292	0.00899	0.01348	0.00674	0.00506	0.00506	0.00169	0.00674	0.00449	0.00225	0.00562
17	0.01898	0.01505	0.01497	0.01173	0.01560	0.09370	0.00958	0.67571	0.04647	0.02960	0.01197	0.01205	0.00861	0.00601	0.00501	0.00150	0.00587	0.00446	0.00482	0.00831
18	0.01915	0.01363	0.01458	0.01132	0.01525	0.03281	0.00930	0.63505	0.06953	0.10728	0.01335	0.01300	0.00937	0.00612	0.00506	0.00153	0.00542	0.00465	0.00513	0.00850
19	0.01232	0.01181	0.02017	0.08305	0.74028	0.01196	0.01542	0.01535	0.01142	0.01628	0.00948	0.01258	0.00793	0.00454	0.00501	0.00151	0.00606	0.00450	0.00249	0.00785
20	0.01786	0.00978	0.02869	0.00942	0.01281	0.00936	0.00775	0.16855	0.11748	0.40167	0.09965	0.06230	0.01686	0.00722	0.00525	0.00161	0.00430	0.00597	0.00563	0.00785

[dist]
# distance from previous block
# <min> <max>
0	8

# created by:
# /st0/software/busco_prod/Augustus/scripts/msa2prfl.pl ./align_prep/194116.fa
