[name]
unknown

[dist]
# distance from previous block
# <min> <max>
1	41

[block]
# block no. 0 follows, 43 sequences, length 6
# corresponding to MSA columns:
# 51-56
name=unknown_A
#
# <colnr> <probs for GDERKNQSTAVLIFYWHMCP>
#	G	D	E	R	K	N	Q	S	T	A	V	L	I	F	Y	W	H	M	C	P
0	0.53000	0.01042	0.00992	0.00838	0.01204	0.01124	0.00687	0.02057	0.07167	0.25142	0.01318	0.01291	0.00920	0.00585	0.00425	0.00173	0.00442	0.00404	0.00464	0.00726
1	0.04749	0.01279	0.09587	0.03410	0.06785	0.01194	0.01007	0.12482	0.28061	0.05938	0.09987	0.02195	0.07024	0.00762	0.00558	0.00177	0.00494	0.00630	0.02895	0.00787
2	0.00912	0.00612	0.00720	0.00690	0.00883	0.00537	0.00540	0.01103	0.01376	0.09983	0.22803	0.04753	0.42787	0.01270	0.00655	0.00189	0.00321	0.08770	0.00556	0.00538
3	0.01509	0.36525	0.08844	0.03451	0.01584	0.13905	0.01038	0.12139	0.01417	0.01707	0.03422	0.09759	0.01202	0.00681	0.00475	0.00149	0.00645	0.00511	0.00331	0.00705
4	0.00727	0.00516	0.00675	0.00751	0.00807	0.00487	0.00519	0.00858	0.01153	0.01563	0.18812	0.50180	0.03778	0.10823	0.00946	0.00252	0.00345	0.05837	0.00514	0.00456
5	0.06006	0.03962	0.09699	0.22850	0.11981	0.04222	0.01274	0.09429	0.11742	0.03604	0.01353	0.01551	0.02776	0.00616	0.00556	0.00174	0.02547	0.00499	0.04415	0.00743

[dist]
# distance from previous block
# <min> <max>
0	13

[block]
# block no. 1 follows, 43 sequences, length 35
# corresponding to MSA columns:
# 70-104
name=unknown_B
#
# <colnr> <probs for GDERKNQSTAVLIFYWHMCP>
#	G	D	E	R	K	N	Q	S	T	A	V	L	I	F	Y	W	H	M	C	P
0	0.05303	0.00898	0.03289	0.02705	0.01221	0.00827	0.00731	0.11374	0.01560	0.23549	0.18396	0.06510	0.12604	0.00923	0.00579	0.00175	0.00412	0.01972	0.06274	0.00700
1	0.11007	0.01072	0.11555	0.00919	0.01265	0.00819	0.00836	0.01730	0.03289	0.23487	0.31522	0.03921	0.02758	0.00835	0.00566	0.00172	0.00426	0.00698	0.00539	0.02584
2	0.01558	0.48021	0.04327	0.01043	0.01443	0.14394	0.00946	0.01832	0.06295	0.06561	0.01186	0.07983	0.01080	0.00634	0.00442	0.00142	0.00623	0.00461	0.00321	0.00707
3	0.00899	0.11598	0.07702	0.00862	0.01050	0.00778	0.00716	0.01071	0.01140	0.04426	0.07672	0.52068	0.05202	0.01367	0.00632	0.00200	0.00402	0.01209	0.00465	0.00542
4	0.08791	0.01200	0.01279	0.02885	0.01461	0.01338	0.00872	0.31414	0.25268	0.02627	0.01962	0.12355	0.04446	0.00850	0.00563	0.00183	0.00491	0.00693	0.00525	0.00799
5	0.58857	0.11844	0.01291	0.01042	0.07810	0.03124	0.00783	0.06473	0.01118	0.02308	0.00833	0.00970	0.00664	0.00518	0.00380	0.00163	0.00495	0.00331	0.00335	0.00662
6	0.13532	0.01199	0.02068	0.26813	0.16620	0.01296	0.22048	0.01594	0.01159	0.01761	0.01013	0.01381	0.00790	0.00531	0.00594	0.00180	0.03784	0.00510	0.02431	0.00696
7	0.00867	0.00590	0.00737	0.00686	0.00848	0.00530	0.00520	0.01099	0.01503	0.06975	0.56484	0.04249	0.20508	0.01162	0.00647	0.00177	0.00279	0.01009	0.00594	0.00538
8	0.01212	0.01212	0.01696	0.01454	0.01454	0.01696	0.01212	0.01333	0.00848	0.01333	0.00727	0.01212	0.00727	0.00969	0.01818	0.00242	0.79523	0.00485	0.00242	0.00606
9	0.00999	0.00985	0.01857	0.03444	0.01807	0.00986	0.31408	0.01257	0.01142	0.01555	0.01972	0.37862	0.02132	0.01106	0.00791	0.00210	0.08452	0.01059	0.00384	0.00592
10	0.00678	0.00485	0.00646	0.00769	0.00804	0.00452	0.00514	0.00780	0.01077	0.01440	0.05415	0.77739	0.03713	0.01716	0.00705	0.00223	0.00319	0.01556	0.00517	0.00452
11	0.01148	0.00984	0.01148	0.00820	0.01312	0.00738	0.00656	0.01395	0.01148	0.01805	0.00984	0.01148	0.00820	0.00410	0.00410	0.00082	0.00410	0.00328	0.00328	0.83922
12	0.01066	0.00549	0.00552	0.00540	0.00679	0.00554	0.00408	0.03604	0.01207	0.02109	0.01792	0.02042	0.01405	0.00646	0.00392	0.00130	0.00269	0.00516	0.81012	0.00530
13	0.19828	0.00871	0.00866	0.02686	0.01063	0.00945	0.00613	0.14453	0.04145	0.04282	0.03544	0.01801	0.03332	0.00656	0.00436	0.00152	0.00382	0.00500	0.38810	0.00635
14	0.00729	0.00616	0.00638	0.00623	0.00816	0.00552	0.00470	0.01005	0.07822	0.01633	0.11766	0.04937	0.63805	0.01321	0.00646	0.00186	0.00293	0.01106	0.00527	0.00508
15	0.07060	0.01334	0.01948	0.21464	0.47476	0.08012	0.01530	0.01670	0.01229	0.01720	0.00993	0.01332	0.00810	0.00516	0.00531	0.00168	0.00691	0.00468	0.00273	0.00774
16	0.00982	0.00865	0.01287	0.01126	0.01203	0.01054	0.06943	0.01123	0.00887	0.01285	0.01264	0.02179	0.01283	0.23379	0.25209	0.00514	0.27999	0.00618	0.00287	0.00511
17	0.01726	0.33201	0.05361	0.01207	0.01599	0.33750	0.01043	0.05200	0.09172	0.01544	0.00994	0.01088	0.00823	0.00554	0.00453	0.00140	0.00756	0.00369	0.00305	0.00714
18	0.80131	0.01096	0.00858	0.00757	0.01105	0.01267	0.00624	0.05487	0.01030	0.02538	0.00800	0.00922	0.00618	0.00522	0.00354	0.00171	0.00438	0.00310	0.00354	0.00618
19	0.06706	0.00986	0.01175	0.06215	0.01478	0.00812	0.00728	0.01536	0.01174	0.09084	0.01086	0.01225	0.00853	0.00453	0.00430	0.00103	0.00440	0.00360	0.00358	0.64797
20	0.01870	0.00872	0.01056	0.00858	0.01175	0.00835	0.00693	0.11624	0.03321	0.38348	0.03562	0.01928	0.01423	0.00680	0.00500	0.00157	0.00410	0.00547	0.29357	0.00784
21	0.01637	0.09943	0.04988	0.01100	0.01588	0.01169	0.06528	0.15425	0.01515	0.17046	0.01274	0.01327	0.00936	0.00528	0.00484	0.00131	0.00537	0.00430	0.00423	0.32991
22	0.00779	0.00566	0.00733	0.00692	0.00824	0.00520	0.00519	0.01035	0.01556	0.02193	0.74038	0.04183	0.07995	0.01143	0.00653	0.00175	0.00262	0.01008	0.00606	0.00520
23	0.02019	0.01666	0.08297	0.01301	0.01777	0.01680	0.01139	0.68820	0.02479	0.03339	0.01300	0.01316	0.00921	0.00653	0.00552	0.00167	0.00628	0.00491	0.00526	0.00931
24	0.01392	0.24062	0.02247	0.01417	0.01692	0.06147	0.12636	0.03968	0.06263	0.01530	0.00932	0.01214	0.00812	0.00702	0.01018	0.00187	0.32353	0.00460	0.00281	0.00689
25	0.00793	0.00588	0.00863	0.00863	0.00953	0.00678	0.00659	0.00972	0.00882	0.01266	0.01508	0.02312	0.01444	0.11317	0.71259	0.00857	0.01395	0.00613	0.00300	0.00480
26	0.00805	0.00537	0.00604	0.00604	0.00604	0.00537	0.00336	0.00805	0.00805	0.01074	0.01745	0.03624	0.02013	0.80536	0.02819	0.00537	0.00537	0.00805	0.00336	0.00336
27	0.01372	0.01323	0.02132	0.07150	0.66196	0.03222	0.01619	0.01783	0.06400	0.01812	0.01117	0.01415	0.00922	0.00516	0.00548	0.00167	0.00655	0.00499	0.00293	0.00858
28	0.01142	0.00952	0.01103	0.00810	0.01269	0.00734	0.00645	0.01414	0.03243	0.03487	0.01450	0.01555	0.07495	0.00512	0.00439	0.00096	0.00401	0.00415	0.00359	0.72477
29	0.03565	0.01290	0.02006	0.18226	0.48362	0.05326	0.03232	0.01732	0.01255	0.06913	0.01089	0.01396	0.00864	0.00530	0.00564	0.00170	0.01889	0.00489	0.00299	0.00802
30	0.01755	0.06766	0.01581	0.01221	0.05701	0.01246	0.03492	0.23381	0.04568	0.19401	0.01586	0.01604	0.04028	0.00727	0.02579	0.00173	0.03363	0.00505	0.00477	0.15845
31	0.07318	0.01283	0.01329	0.01190	0.03717	0.04907	0.00911	0.13294	0.48055	0.09000	0.01911	0.01793	0.01410	0.00701	0.00543	0.00179	0.00498	0.00563	0.00536	0.00862
32	0.63097	0.15727	0.06960	0.00832	0.01234	0.01418	0.00772	0.01643	0.00993	0.02215	0.00788	0.00918	0.00628	0.00508	0.00359	0.00162	0.00488	0.00307	0.00315	0.00636
33	0.00921	0.00826	0.06099	0.00818	0.01035	0.00696	0.00690	0.07577	0.03007	0.02155	0.47922	0.03969	0.15007	0.01110	0.00642	0.00181	0.00353	0.05857	0.00557	0.00577
34	0.01281	0.03690	0.49047	0.01353	0.01973	0.07892	0.01568	0.05110	0.01337	0.07010	0.07522	0.01753	0.06753	0.00660	0.00544	0.00172	0.00712	0.00521	0.00335	0.00766

[dist]
# distance from previous block
# <min> <max>
2	5

[block]
# block no. 2 follows, 43 sequences, length 26
# corresponding to MSA columns:
# 110-135
name=unknown_C
#
# <colnr> <probs for GDERKNQSTAVLIFYWHMCP>
#	G	D	E	R	K	N	Q	S	T	A	V	L	I	F	Y	W	H	M	C	P
0	0.76913	0.04224	0.00921	0.00750	0.01103	0.01258	0.00625	0.01685	0.00983	0.06326	0.00844	0.00950	0.00644	0.00521	0.00354	0.00169	0.00437	0.00313	0.00356	0.00622
1	0.00763	0.00556	0.00703	0.00767	0.00849	0.00527	0.00535	0.04610	0.01235	0.01652	0.14613	0.57995	0.10001	0.01559	0.00686	0.00211	0.00323	0.01396	0.00531	0.00488
2	0.01434	0.01225	0.01576	0.18269	0.20259	0.07301	0.01178	0.14329	0.01514	0.05762	0.07869	0.01750	0.03555	0.00633	0.00541	0.00161	0.00602	0.00538	0.03679	0.07824
3	0.00849	0.00639	0.00798	0.00778	0.00921	0.00628	0.00588	0.01251	0.10920	0.02073	0.51021	0.13532	0.06605	0.01194	0.00656	0.00188	0.00309	0.05912	0.00582	0.00556
4	0.01206	0.02409	0.51639	0.01885	0.07420	0.03577	0.20477	0.01769	0.01222	0.01751	0.01025	0.01260	0.00749	0.00510	0.00559	0.00177	0.00842	0.00475	0.00250	0.00799
5	0.01119	0.02806	0.74463	0.01611	0.02418	0.01291	0.05190	0.01755	0.01175	0.01755	0.00999	0.01183	0.00708	0.00524	0.00532	0.00176	0.00823	0.00420	0.00236	0.00815
6	0.02450	0.00999	0.01320	0.01012	0.01442	0.00897	0.00836	0.09399	0.01679	0.70632	0.02106	0.01834	0.01331	0.00684	0.00557	0.00171	0.00484	0.00552	0.00673	0.00942
7	0.01163	0.00845	0.01096	0.00990	0.01089	0.03076	0.00770	0.01306	0.00982	0.10401	0.01415	0.02119	0.01309	0.17392	0.25990	0.00486	0.22469	0.00589	0.05961	0.00553
8	0.00805	0.00537	0.00604	0.00604	0.00604	0.00537	0.00336	0.00805	0.00805	0.01074	0.01745	0.03624	0.02013	0.80536	0.02819	0.00537	0.00537	0.00805	0.00336	0.00336
9	0.01046	0.00984	0.01661	0.79205	0.03814	0.01230	0.01538	0.01415	0.01107	0.01415	0.00984	0.01477	0.00738	0.00554	0.00554	0.00185	0.00738	0.00492	0.00246	0.00615
10	0.84448	0.01071	0.00814	0.00728	0.01071	0.01242	0.00600	0.01628	0.00943	0.02485	0.00771	0.00900	0.00600	0.00514	0.00343	0.00171	0.00428	0.00300	0.00343	0.00600
11	0.01046	0.00984	0.01661	0.79205	0.03814	0.01230	0.01538	0.01415	0.01107	0.01415	0.00984	0.01477	0.00738	0.00554	0.00554	0.00185	0.00738	0.00492	0.00246	0.00615
12	0.05668	0.01340	0.01943	0.06748	0.55775	0.08498	0.01474	0.01651	0.01249	0.01748	0.01178	0.08021	0.01077	0.00611	0.00547	0.00169	0.00654	0.00562	0.00298	0.00791
13	0.00674	0.00486	0.00638	0.00760	0.00800	0.00451	0.00509	0.00772	0.01071	0.01418	0.03184	0.76327	0.07426	0.01718	0.00704	0.00223	0.00319	0.01554	0.00514	0.00451
14	0.01235	0.01355	0.02831	0.02085	0.02542	0.01318	0.59898	0.01639	0.01254	0.01710	0.01323	0.06335	0.01153	0.00652	0.00757	0.00198	0.07108	0.05598	0.00306	0.00703
15	0.84448	0.01071	0.00814	0.00728	0.01071	0.01242	0.00600	0.01628	0.00943	0.02485	0.00771	0.00900	0.00600	0.00514	0.00343	0.00171	0.00428	0.00300	0.00343	0.00600
16	0.01839	0.01053	0.01243	0.01035	0.01390	0.01083	0.00827	0.07539	0.32773	0.34242	0.07126	0.02157	0.03622	0.00759	0.00568	0.00178	0.00448	0.00626	0.00616	0.00876
17	0.01522	0.01190	0.01325	0.06441	0.03359	0.02918	0.00942	0.04756	0.56804	0.11242	0.02077	0.01946	0.01528	0.00718	0.00560	0.00184	0.00484	0.00597	0.00544	0.00864
18	0.00715	0.00540	0.00657	0.00685	0.00800	0.00488	0.00495	0.00883	0.01292	0.01709	0.28678	0.27620	0.26344	0.03493	0.00730	0.00205	0.00300	0.03344	0.00542	0.00479
19	0.01555	0.01077	0.01338	0.01002	0.01452	0.00956	0.03885	0.10976	0.06043	0.17412	0.02733	0.01447	0.01080	0.00545	0.00507	0.00126	0.01900	0.00443	0.00445	0.45077
20	0.00680	0.00504	0.00637	0.00740	0.00807	0.00461	0.00512	0.00792	0.01110	0.01440	0.03556	0.62181	0.18187	0.01660	0.00699	0.00219	0.00321	0.04525	0.00514	0.00456
21	0.01185	0.01006	0.01168	0.00838	0.01328	0.00776	0.00671	0.04221	0.01204	0.01869	0.00998	0.01155	0.00825	0.00420	0.00416	0.00085	0.00418	0.00335	0.00337	0.80746
22	0.01427	0.15448	0.12831	0.01383	0.01807	0.10720	0.11050	0.07470	0.04149	0.01723	0.00983	0.01195	0.00801	0.00594	0.00721	0.00161	0.14339	0.00433	0.00299	0.12467
23	0.75151	0.05849	0.00983	0.04811	0.01234	0.01299	0.00669	0.01619	0.00962	0.02359	0.00782	0.00929	0.00614	0.00514	0.00354	0.00169	0.00454	0.00310	0.00331	0.00607
24	0.00801	0.00587	0.00856	0.00856	0.00950	0.00675	0.00656	0.00988	0.00895	0.01301	0.01514	0.02269	0.01428	0.09172	0.70247	0.00837	0.01372	0.00605	0.03505	0.00485
25	0.01658	0.01262	0.01522	0.20938	0.02102	0.01444	0.01101	0.43568	0.01956	0.02677	0.01270	0.01452	0.00938	0.00650	0.00598	0.00170	0.04655	0.00498	0.10751	0.00789

[dist]
# distance from previous block
# <min> <max>
0	21

[block]
# block no. 3 follows, 43 sequences, length 8
# corresponding to MSA columns:
# 157-164
name=unknown_D
#
# <colnr> <probs for GDERKNQSTAVLIFYWHMCP>
#	G	D	E	R	K	N	Q	S	T	A	V	L	I	F	Y	W	H	M	C	P
0	0.78678	0.01105	0.00873	0.00767	0.01116	0.01276	0.00632	0.06786	0.01059	0.02555	0.00810	0.00930	0.00624	0.00525	0.00358	0.00171	0.00441	0.00314	0.00358	0.00624
1	0.00792	0.00552	0.00702	0.00710	0.00744	0.00583	0.00465	0.00864	0.00850	0.01166	0.01740	0.07945	0.01908	0.50215	0.27779	0.00635	0.00838	0.00783	0.00334	0.00396
2	0.00769	0.00566	0.00720	0.00681	0.00818	0.00516	0.00511	0.01017	0.01533	0.02138	0.68658	0.04273	0.13408	0.01163	0.00653	0.00176	0.00263	0.01021	0.00599	0.00516
3	0.00673	0.00491	0.00634	0.00748	0.00797	0.00452	0.00504	0.00774	0.01083	0.01423	0.03334	0.71926	0.11730	0.01698	0.00701	0.00221	0.00317	0.01530	0.00514	0.00452
4	0.49448	0.05049	0.19482	0.04055	0.05875	0.01281	0.01070	0.01700	0.01056	0.05314	0.00907	0.01054	0.00682	0.00523	0.00416	0.00170	0.00556	0.00355	0.00319	0.00688
5	0.01370	0.01370	0.02296	0.08744	0.59683	0.04674	0.10309	0.01710	0.01269	0.01757	0.01039	0.01377	0.00856	0.00498	0.00559	0.00168	0.00711	0.00506	0.00273	0.00832
6	0.01477	0.06254	0.01971	0.04513	0.48101	0.04211	0.01395	0.05040	0.03454	0.08665	0.05574	0.01733	0.01262	0.00604	0.00550	0.00167	0.00616	0.03231	0.00357	0.00826
7	0.01623	0.03397	0.01677	0.03854	0.20944	0.05604	0.01162	0.30918	0.10722	0.02460	0.01665	0.01947	0.05482	0.00716	0.00565	0.00173	0.00601	0.05211	0.00447	0.00832

[dist]
# distance from previous block
# <min> <max>
6	17

[block]
# block no. 4 follows, 43 sequences, length 18
# corresponding to MSA columns:
# 186-203
name=unknown_E
#
# <colnr> <probs for GDERKNQSTAVLIFYWHMCP>
#	G	D	E	R	K	N	Q	S	T	A	V	L	I	F	Y	W	H	M	C	P
0	0.09535	0.16399	0.18787	0.01227	0.01663	0.22127	0.01181	0.03459	0.01307	0.08175	0.02811	0.01359	0.00956	0.00678	0.01998	0.00174	0.04453	0.02677	0.00323	0.00711
1	0.06234	0.01171	0.01212	0.01058	0.03070	0.06474	0.00793	0.30110	0.04055	0.06467	0.07843	0.04998	0.01715	0.19027	0.01077	0.00256	0.00556	0.02712	0.00476	0.00695
2	0.03535	0.09681	0.10262	0.01336	0.01760	0.33171	0.03795	0.19236	0.04005	0.01992	0.01033	0.01143	0.00804	0.00570	0.00501	0.00150	0.00783	0.00407	0.00350	0.05485
3	0.01328	0.09881	0.01224	0.07278	0.01316	0.10255	0.00757	0.11243	0.01406	0.01980	0.06736	0.01865	0.03121	0.02176	0.00556	0.00155	0.03377	0.00519	0.32850	0.01977
4	0.00947	0.00486	0.00710	0.00710	0.00710	0.00486	0.00467	0.00730	0.00730	0.00973	0.01037	0.01871	0.01063	0.09504	0.02228	0.75850	0.00486	0.00512	0.00250	0.00250
5	0.01239	0.05145	0.37274	0.01728	0.11090	0.01220	0.13008	0.03498	0.01301	0.05994	0.09755	0.03637	0.01377	0.00623	0.00563	0.00174	0.00708	0.00560	0.00329	0.00777
6	0.01361	0.00962	0.01127	0.01022	0.01284	0.01019	0.00831	0.16376	0.19775	0.08952	0.13955	0.05298	0.04974	0.01034	0.00633	0.00198	0.00458	0.19456	0.00563	0.00722
7	0.01462	0.07077	0.01747	0.19372	0.21666	0.22578	0.01261	0.01739	0.03006	0.04044	0.01208	0.08100	0.01076	0.00736	0.02448	0.00184	0.00746	0.00542	0.00310	0.00697
8	0.02395	0.00923	0.01256	0.00970	0.01383	0.00799	0.00799	0.02612	0.01584	0.73493	0.06123	0.02004	0.01574	0.00709	0.00562	0.00172	0.00460	0.00580	0.00681	0.00920
9	0.01288	0.01604	0.18461	0.03977	0.37133	0.01278	0.09036	0.04448	0.06820	0.01872	0.01299	0.01806	0.01092	0.00613	0.00574	0.00179	0.00692	0.06695	0.00317	0.00817
10	0.00804	0.00542	0.00629	0.00629	0.00637	0.00550	0.00366	0.00821	0.00813	0.01092	0.01723	0.03500	0.01960	0.73988	0.09294	0.00567	0.00618	0.00787	0.00332	0.00349
11	0.12742	0.11778	0.08443	0.12207	0.10796	0.03091	0.29820	0.01691	0.01196	0.01756	0.00984	0.01281	0.00767	0.00496	0.00534	0.00171	0.00755	0.00493	0.00274	0.00722
12	0.01881	0.12794	0.07146	0.01502	0.08144	0.40670	0.01165	0.14717	0.01635	0.03955	0.00990	0.01110	0.00784	0.00568	0.00497	0.00148	0.00820	0.00394	0.00332	0.00744
13	0.00699	0.00546	0.00622	0.00650	0.00779	0.00484	0.00471	0.00842	0.01231	0.01561	0.15064	0.21410	0.41977	0.06986	0.00822	0.00221	0.00315	0.04340	0.00515	0.00464
14	0.01432	0.04133	0.01375	0.01207	0.03979	0.01429	0.00919	0.07920	0.65698	0.02345	0.02095	0.01948	0.01575	0.00727	0.00555	0.00183	0.00463	0.00601	0.00541	0.00875
15	0.00859	0.00615	0.00855	0.00847	0.00954	0.00691	0.00647	0.04051	0.01009	0.01466	0.03576	0.07370	0.01650	0.07246	0.57579	0.00715	0.01187	0.00668	0.07510	0.00505
16	0.00997	0.00553	0.00853	0.00952	0.07301	0.00553	0.00586	0.00806	0.00768	0.01035	0.00969	0.01657	0.00955	0.01801	0.02025	0.76673	0.00496	0.00482	0.00243	0.00295
17	0.01999	0.11882	0.01727	0.01370	0.01678	0.69320	0.01056	0.02146	0.01517	0.01349	0.00846	0.00986	0.00713	0.00559	0.00482	0.00140	0.00951	0.00350	0.00280	0.00650

[dist]
# distance from previous block
# <min> <max>
0	2

[block]
# block no. 5 follows, 43 sequences, length 37
# corresponding to MSA columns:
# 206-242
name=unknown_F
#
# <colnr> <probs for GDERKNQSTAVLIFYWHMCP>
#	G	D	E	R	K	N	Q	S	T	A	V	L	I	F	Y	W	H	M	C	P
0	0.01519	0.05646	0.03417	0.01088	0.01419	0.06172	0.00894	0.25008	0.22534	0.03552	0.11789	0.02067	0.04234	0.00958	0.05064	0.00211	0.00574	0.00608	0.02464	0.00781
1	0.00850	0.00884	0.11057	0.02725	0.01170	0.00659	0.00804	0.01125	0.04335	0.03239	0.10141	0.46129	0.03105	0.01416	0.01781	0.00219	0.00434	0.07551	0.00479	0.01896
2	0.01148	0.00984	0.01148	0.00820	0.01312	0.00738	0.00656	0.01395	0.01148	0.01805	0.00984	0.01148	0.00820	0.00410	0.00410	0.00082	0.00410	0.00328	0.00328	0.83922
3	0.02043	0.01520	0.01627	0.01262	0.01694	0.01688	0.01038	0.69015	0.08925	0.03389	0.01409	0.01393	0.01006	0.00672	0.00555	0.00168	0.00595	0.00510	0.00555	0.00936
4	0.02948	0.01419	0.08140	0.12501	0.22176	0.02867	0.19323	0.06644	0.02482	0.08121	0.01188	0.02523	0.00917	0.00563	0.00614	0.00176	0.03597	0.00537	0.00331	0.02932
5	0.01561	0.37534	0.12250	0.01187	0.01629	0.18739	0.01122	0.04483	0.11302	0.01586	0.01035	0.01132	0.00850	0.00560	0.00487	0.00146	0.02976	0.00381	0.00302	0.00737
6	0.01423	0.70179	0.02736	0.11420	0.01742	0.02063	0.01027	0.01626	0.01123	0.01318	0.00799	0.00967	0.00714	0.00485	0.00382	0.00127	0.00612	0.00322	0.00238	0.00698
7	0.12961	0.02896	0.04087	0.01022	0.01442	0.01153	0.00863	0.17915	0.09664	0.27353	0.01620	0.03779	0.01169	0.00651	0.00509	0.00161	0.00495	0.00507	0.00522	0.11229
8	0.00976	0.00710	0.00806	0.00768	0.00896	0.00716	0.00543	0.13542	0.01289	0.01691	0.04858	0.18205	0.16345	0.29781	0.03488	0.00337	0.00476	0.03616	0.00454	0.00502
9	0.00802	0.00622	0.00846	0.07539	0.01159	0.00600	0.01668	0.01988	0.01161	0.01571	0.11086	0.43452	0.07640	0.03951	0.03392	0.00234	0.00422	0.03984	0.00471	0.07412
10	0.01279	0.01109	0.01661	0.62072	0.03353	0.01338	0.01431	0.17644	0.01436	0.01871	0.01060	0.01444	0.00783	0.00578	0.00554	0.00181	0.00710	0.00494	0.00314	0.00687
11	0.01704	0.01112	0.01469	0.01145	0.01503	0.01135	0.10719	0.27451	0.03945	0.16649	0.08083	0.01877	0.01501	0.00681	0.00541	0.00163	0.00516	0.00581	0.18440	0.00786
12	0.00866	0.00668	0.00990	0.00890	0.00979	0.00651	0.10404	0.00961	0.00941	0.01256	0.01909	0.12067	0.02141	0.54273	0.02118	0.00431	0.00564	0.07112	0.00363	0.00418
13	0.01203	0.01354	0.08232	0.01465	0.01535	0.01661	0.01283	0.01369	0.00876	0.01369	0.00750	0.01208	0.00725	0.00931	0.01706	0.00237	0.72752	0.00478	0.00242	0.00624
14	0.01138	0.00543	0.00789	0.00762	0.00822	0.00523	0.00529	0.00991	0.00870	0.11243	0.01326	0.09225	0.01275	0.01740	0.01810	0.64674	0.00464	0.00596	0.00326	0.00354
15	0.00718	0.00502	0.00628	0.00711	0.00736	0.00479	0.00453	0.00783	0.00981	0.01303	0.02679	0.53017	0.04841	0.27868	0.01406	0.00328	0.00392	0.01310	0.00455	0.00412
16	0.01789	0.03066	0.01435	0.01128	0.01481	0.04430	0.00918	0.16121	0.17224	0.22329	0.01592	0.01568	0.01153	0.00686	0.00700	0.00169	0.11085	0.00505	0.00500	0.12121
17	0.00809	0.00567	0.00720	0.00697	0.00833	0.00515	0.00516	0.01028	0.01455	0.04591	0.53883	0.14410	0.15427	0.01237	0.00657	0.00183	0.00279	0.01088	0.00585	0.00519
18	0.02237	0.01087	0.01465	0.01354	0.11583	0.01030	0.00968	0.12611	0.04814	0.53948	0.01917	0.01747	0.01259	0.00660	0.00556	0.00170	0.00514	0.00543	0.00607	0.00931
19	0.01597	0.10023	0.12404	0.02022	0.26622	0.18699	0.04264	0.02005	0.07254	0.08195	0.01163	0.01314	0.00904	0.00549	0.00520	0.00160	0.00727	0.00453	0.00326	0.00799
20	0.02208	0.00909	0.01200	0.00945	0.01312	0.00816	0.00757	0.03782	0.04516	0.62847	0.02113	0.02115	0.01462	0.11373	0.00860	0.00221	0.00481	0.00592	0.00631	0.00859
21	0.00756	0.00576	0.00810	0.11281	0.01245	0.00581	0.00691	0.00920	0.01134	0.01499	0.07706	0.52534	0.06886	0.01498	0.00687	0.00218	0.00393	0.09617	0.00484	0.00484
22	0.01437	0.01187	0.01612	0.01349	0.01459	0.01533	0.01121	0.06349	0.01076	0.11685	0.00974	0.01306	0.00832	0.00884	0.01498	0.00220	0.59931	0.00488	0.00326	0.04733
23	0.01266	0.04396	0.14653	0.04372	0.36182	0.01229	0.08371	0.03186	0.01225	0.01755	0.01074	0.01451	0.00903	0.05722	0.00678	0.00181	0.00668	0.00486	0.00283	0.11921
24	0.01337	0.01195	0.07768	0.00943	0.01425	0.00923	0.00825	0.11405	0.03383	0.05744	0.01178	0.01295	0.00916	0.00492	0.00449	0.00112	0.00466	0.00389	0.05818	0.53939
25	0.01069	0.00624	0.00818	0.00751	0.00926	0.00564	0.00569	0.01298	0.01499	0.15537	0.51842	0.12464	0.07587	0.01133	0.00642	0.00180	0.00307	0.00995	0.00608	0.00587
26	0.01309	0.01089	0.01228	0.01162	0.05667	0.01188	0.00856	0.10557	0.42957	0.02312	0.12229	0.02499	0.06943	0.00824	0.00577	0.00179	0.00437	0.02604	0.00536	0.04847
27	0.01676	0.00999	0.05048	0.01035	0.01412	0.00831	0.07541	0.04616	0.02584	0.35935	0.11535	0.04485	0.11879	0.00819	0.00581	0.00171	0.00473	0.00706	0.02082	0.05593
28	0.01218	0.10389	0.42967	0.01431	0.03208	0.03512	0.06343	0.04232	0.04883	0.03692	0.01355	0.11800	0.01185	0.00699	0.00544	0.00176	0.00704	0.00587	0.00316	0.00759
29	0.08442	0.39893	0.15951	0.01044	0.01477	0.06601	0.01048	0.01548	0.01135	0.01511	0.01233	0.15422	0.01239	0.00723	0.00459	0.00154	0.00597	0.00555	0.00299	0.00669
30	0.00933	0.00638	0.00905	0.01028	0.05923	0.00644	0.00702	0.01081	0.01101	0.07979	0.02515	0.48696	0.02802	0.01835	0.11131	0.00308	0.04385	0.06385	0.00471	0.00538
31	0.01603	0.03338	0.13987	0.03436	0.11644	0.01024	0.01101	0.06139	0.05217	0.26585	0.12833	0.02089	0.01770	0.05913	0.00708	0.00195	0.00543	0.00598	0.00485	0.00793
32	0.01681	0.01164	0.01343	0.01234	0.07455	0.06220	0.00904	0.22079	0.05063	0.18428	0.20110	0.03982	0.02164	0.00861	0.01915	0.00185	0.03235	0.00657	0.00540	0.00780
33	0.01651	0.01141	0.01233	0.01099	0.04224	0.11221	0.02175	0.07864	0.04848	0.24379	0.09802	0.02629	0.08270	0.04711	0.00687	0.00188	0.00532	0.06664	0.00515	0.06168
34	0.01808	0.02507	0.01579	0.11750	0.06798	0.01419	0.01084	0.43445	0.03267	0.10331	0.05088	0.01696	0.01242	0.00684	0.00557	0.00170	0.00584	0.02407	0.02739	0.00846
35	0.01306	0.02496	0.08021	0.01258	0.03817	0.04378	0.11812	0.03548	0.08691	0.11429	0.04994	0.04459	0.13622	0.05524	0.00914	0.05676	0.06275	0.00696	0.00417	0.00666
36	0.05774	0.13292	0.01440	0.02282	0.07783	0.02239	0.02582	0.06412	0.07300	0.11396	0.06542	0.17158	0.06354	0.02349	0.00607	0.00186	0.00484	0.04681	0.00459	0.00682

[dist]
# distance from previous block
# <min> <max>
0	173

# created by:
# /st0/software/busco_prod/Augustus/scripts/msa2prfl.pl ./align_prep/194233.fa
