[name]
unknown

[dist]
# distance from previous block
# <min> <max>
0	31

[block]
# block no. 0 follows, 44 sequences, length 9
# corresponding to MSA columns:
# 34-42
name=unknown_A
#
# <colnr> <probs for GDERKNQSTAVLIFYWHMCP>
#	G	D	E	R	K	N	Q	S	T	A	V	L	I	F	Y	W	H	M	C	P
0	0.21295	0.08287	0.01299	0.00958	0.01299	0.01240	0.00794	0.19297	0.07635	0.15619	0.01526	0.01698	0.03196	0.00959	0.06004	0.03798	0.00560	0.03346	0.00458	0.00732
1	0.35588	0.01094	0.01085	0.04083	0.01342	0.01198	0.00754	0.17455	0.09596	0.05850	0.01461	0.06689	0.04044	0.00679	0.00465	0.00167	0.00461	0.00511	0.00434	0.07045
2	0.29048	0.01186	0.01214	0.00984	0.01356	0.01291	0.00805	0.29882	0.06368	0.14947	0.06646	0.01497	0.01227	0.00647	0.00485	0.00168	0.00485	0.00479	0.00503	0.00784
3	0.30344	0.01110	0.01135	0.00934	0.01277	0.01200	0.00754	0.23235	0.06757	0.11819	0.04008	0.01405	0.01065	0.00729	0.00615	0.07734	0.00477	0.00448	0.00454	0.04499
4	0.25760	0.00941	0.01007	0.04699	0.01264	0.00990	0.00705	0.07060	0.09938	0.09801	0.15169	0.03756	0.01855	0.04346	0.00598	0.00182	0.00428	0.02157	0.00460	0.08884
5	0.05668	0.01218	0.01650	0.29741	0.02442	0.01382	0.07851	0.28477	0.08271	0.02326	0.01240	0.01451	0.00914	0.00596	0.00537	0.00172	0.00635	0.00504	0.04172	0.00751
6	0.04488	0.01175	0.01293	0.01021	0.01414	0.01203	0.00824	0.29503	0.15296	0.07482	0.06731	0.01625	0.01351	0.00634	0.00507	0.00147	0.00473	0.00503	0.02411	0.21920
7	0.01012	0.00552	0.00764	0.00738	0.00768	0.00563	0.00500	0.05950	0.00847	0.01131	0.01042	0.01805	0.01039	0.08924	0.02078	0.70736	0.00487	0.00503	0.00267	0.00293
8	0.06965	0.00931	0.01116	0.03148	0.01284	0.02965	0.03417	0.09327	0.01446	0.10913	0.22531	0.08033	0.04297	0.00799	0.00541	0.00152	0.00426	0.00679	0.00479	0.20551

[dist]
# distance from previous block
# <min> <max>
1	4

[block]
# block no. 1 follows, 44 sequences, length 19
# corresponding to MSA columns:
# 47-65
name=unknown_B
#
# <colnr> <probs for GDERKNQSTAVLIFYWHMCP>
#	G	D	E	R	K	N	Q	S	T	A	V	L	I	F	Y	W	H	M	C	P
0	0.01502	0.01131	0.01234	0.01083	0.01398	0.01270	0.00848	0.06538	0.60623	0.11043	0.02108	0.01959	0.01558	0.00778	0.00623	0.03861	0.00446	0.00596	0.00554	0.00846
1	0.02050	0.01482	0.01598	0.01234	0.01663	0.01634	0.01017	0.68520	0.06486	0.06633	0.01395	0.01372	0.00985	0.00660	0.00546	0.00165	0.00585	0.00500	0.00552	0.00924
2	0.00756	0.00545	0.00715	0.00696	0.00811	0.00504	0.00513	0.00990	0.01471	0.02072	0.66467	0.15084	0.04922	0.01200	0.00651	0.00179	0.00266	0.01067	0.00587	0.00504
3	0.01970	0.01562	0.01681	0.01307	0.01729	0.06441	0.04953	0.61196	0.08477	0.03121	0.01343	0.01356	0.00968	0.00645	0.00548	0.00165	0.00627	0.00500	0.00515	0.00893
4	0.01974	0.01159	0.01336	0.01072	0.01454	0.01212	0.00870	0.26087	0.20794	0.30753	0.01878	0.01735	0.01296	0.00683	0.00540	0.00169	0.00488	0.00545	0.05069	0.00889
5	0.01998	0.01471	0.01583	0.01228	0.01643	0.01625	0.01008	0.71669	0.02483	0.03328	0.01398	0.05489	0.01069	0.00710	0.00553	0.00167	0.00585	0.00547	0.00543	0.00902
6	0.75602	0.01040	0.00853	0.00745	0.01092	0.01176	0.00614	0.01719	0.00998	0.10776	0.00913	0.00993	0.00674	0.00525	0.00361	0.00169	0.00426	0.00323	0.00375	0.00628
7	0.01349	0.01295	0.02213	0.03346	0.77440	0.01295	0.01673	0.01673	0.01241	0.01781	0.01025	0.01349	0.00864	0.00486	0.00540	0.00162	0.00648	0.00486	0.00270	0.00864
8	0.01030	0.00969	0.01635	0.79530	0.03755	0.01211	0.01514	0.01393	0.01090	0.01393	0.00969	0.01453	0.00727	0.00545	0.00545	0.00182	0.00727	0.00484	0.00242	0.00606
9	0.00644	0.00552	0.00552	0.00552	0.00736	0.00460	0.00414	0.00782	0.01243	0.01473	0.05523	0.05247	0.77218	0.01381	0.00644	0.00184	0.00276	0.01151	0.00506	0.00460
10	0.01284	0.01451	0.03106	0.02285	0.05053	0.01391	0.69362	0.01722	0.01262	0.01725	0.01081	0.01453	0.00823	0.00486	0.00700	0.00186	0.04997	0.00630	0.00274	0.00732
11	0.01247	0.01191	0.02027	0.27796	0.53792	0.01268	0.01622	0.01583	0.01193	0.01657	0.01007	0.01383	0.00820	0.00505	0.00541	0.00168	0.00673	0.00485	0.00261	0.00781
12	0.01093	0.02820	0.78016	0.01554	0.02360	0.01266	0.02014	0.01727	0.01151	0.01727	0.00978	0.01151	0.00691	0.00518	0.00518	0.00173	0.00806	0.00403	0.00230	0.00806
13	0.00818	0.00588	0.00807	0.00928	0.01033	0.00577	0.00771	0.01027	0.01204	0.01568	0.03017	0.23969	0.06118	0.01550	0.00735	0.00241	0.00449	0.53612	0.00503	0.00486
14	0.03124	0.00943	0.02721	0.05316	0.04314	0.00913	0.03738	0.07831	0.09747	0.24387	0.07866	0.16874	0.02105	0.00944	0.00598	0.00188	0.00476	0.06657	0.00531	0.00728
15	0.01136	0.11875	0.69329	0.01482	0.02249	0.01369	0.01889	0.01716	0.01146	0.01675	0.00953	0.01119	0.00692	0.00512	0.00499	0.00166	0.00780	0.00390	0.00231	0.00793
16	0.00678	0.00492	0.00617	0.00710	0.00758	0.00456	0.00471	0.00767	0.01037	0.01359	0.03166	0.60553	0.13039	0.12028	0.00961	0.00257	0.00339	0.01398	0.00483	0.00430
17	0.02025	0.05257	0.01621	0.01343	0.01676	0.53266	0.01044	0.23621	0.01826	0.01947	0.00976	0.01074	0.00768	0.00585	0.00502	0.00146	0.00856	0.00390	0.00356	0.00721
18	0.01466	0.00945	0.01046	0.00954	0.01193	0.07256	0.00751	0.09910	0.04005	0.21830	0.07907	0.20567	0.06961	0.01097	0.00620	0.00192	0.00467	0.11621	0.00544	0.00669

[dist]
# distance from previous block
# <min> <max>
0	3

[block]
# block no. 2 follows, 44 sequences, length 18
# corresponding to MSA columns:
# 69-86
name=unknown_C
#
# <colnr> <probs for GDERKNQSTAVLIFYWHMCP>
#	G	D	E	R	K	N	Q	S	T	A	V	L	I	F	Y	W	H	M	C	P
0	0.01391	0.02882	0.03686	0.00966	0.01431	0.00970	0.02767	0.12127	0.06119	0.08422	0.02959	0.01346	0.01019	0.00506	0.00460	0.00115	0.00465	0.00410	0.00399	0.51563
1	0.10995	0.47957	0.03911	0.00986	0.01338	0.06072	0.00910	0.01535	0.01070	0.01441	0.00965	0.07184	0.00940	0.00759	0.03402	0.00174	0.09016	0.00426	0.00272	0.00647
2	0.01130	0.00618	0.00630	0.00589	0.00749	0.00636	0.00452	0.09281	0.01296	0.02184	0.01728	0.01955	0.01347	0.00637	0.00399	0.00131	0.00291	0.00506	0.74890	0.00553
3	0.02091	0.01387	0.01529	0.01177	0.01599	0.01496	0.00971	0.60583	0.02341	0.15652	0.01467	0.01428	0.01016	0.00657	0.00539	0.00163	0.00564	0.00501	0.03928	0.00910
4	0.02446	0.00928	0.01265	0.00970	0.01392	0.00801	0.00801	0.02657	0.01560	0.77817	0.02151	0.01856	0.01350	0.00675	0.00548	0.00169	0.00464	0.00548	0.00675	0.00928
5	0.77633	0.01043	0.00841	0.00739	0.01083	0.01187	0.00609	0.01693	0.00982	0.08914	0.00879	0.00969	0.00656	0.00521	0.00355	0.00169	0.00425	0.00317	0.00366	0.00619
6	0.01130	0.00969	0.01130	0.00807	0.01292	0.00727	0.00646	0.01373	0.01130	0.01776	0.00969	0.01130	0.00807	0.00404	0.00404	0.00081	0.00404	0.00323	0.00323	0.84173
7	0.01300	0.01256	0.02013	0.02979	0.66178	0.03743	0.01525	0.01600	0.01252	0.01737	0.01439	0.01817	0.06903	0.00595	0.00554	0.00166	0.00624	0.03211	0.00297	0.00811
8	0.78270	0.01044	0.00838	0.00737	0.01081	0.01190	0.00607	0.01685	0.00977	0.08331	0.00868	0.00961	0.00650	0.00519	0.00354	0.00169	0.00425	0.00315	0.00364	0.00617
9	0.01458	0.81168	0.02857	0.00933	0.01399	0.02157	0.00933	0.01632	0.01108	0.01283	0.00758	0.00875	0.00700	0.00466	0.00350	0.00117	0.00583	0.00292	0.00233	0.00700
10	0.02037	0.02598	0.01545	0.01404	0.01685	0.78652	0.01053	0.02177	0.01545	0.01334	0.00843	0.00983	0.00702	0.00562	0.00492	0.00140	0.00983	0.00351	0.00281	0.00632
11	0.00664	0.00474	0.00633	0.00759	0.00791	0.00443	0.00506	0.00759	0.01044	0.01392	0.03005	0.80485	0.03606	0.01708	0.00696	0.00221	0.00316	0.01550	0.00506	0.00443
12	0.00780	0.00580	0.00855	0.00855	0.00945	0.00670	0.00655	0.00960	0.00870	0.01250	0.01480	0.02249	0.01410	0.09868	0.72965	0.00850	0.01390	0.00600	0.00295	0.00475
13	0.01239	0.01357	0.05933	0.01423	0.01509	0.06746	0.03427	0.01404	0.00927	0.01381	0.00796	0.01221	0.00746	0.00875	0.01536	0.00222	0.64345	0.00471	0.03832	0.00611
14	0.00947	0.00473	0.00710	0.00710	0.00710	0.00473	0.00473	0.00710	0.00710	0.00947	0.00947	0.01657	0.00947	0.01894	0.02131	0.84138	0.00473	0.00473	0.00237	0.00237
15	0.00727	0.00541	0.00671	0.00667	0.00788	0.00491	0.00486	0.00924	0.01374	0.01869	0.47313	0.17138	0.20107	0.03566	0.00714	0.00193	0.00279	0.01110	0.00557	0.00486
16	0.02304	0.01155	0.01406	0.01078	0.01505	0.01138	0.00890	0.30316	0.01941	0.49621	0.01832	0.01648	0.01189	0.00667	0.00547	0.00167	0.00515	0.00526	0.00626	0.00928
17	0.01356	0.01171	0.01233	0.01109	0.01418	0.01356	0.00863	0.02897	0.76455	0.02281	0.02219	0.02034	0.01664	0.00740	0.00555	0.00185	0.00431	0.00616	0.00555	0.00863

[dist]
# distance from previous block
# <min> <max>
0	2

[block]
# block no. 3 follows, 44 sequences, length 54
# corresponding to MSA columns:
# 89-118,163-186
name=unknown_D
#
# <colnr> <probs for GDERKNQSTAVLIFYWHMCP>
#	G	D	E	R	K	N	Q	S	T	A	V	L	I	F	Y	W	H	M	C	P
0	0.00665	0.00538	0.00588	0.00622	0.00764	0.00467	0.00455	0.00795	0.01187	0.01451	0.04729	0.21712	0.55193	0.03764	0.00723	0.00206	0.00304	0.04885	0.00501	0.00455
1	0.00705	0.00550	0.00606	0.00619	0.00750	0.00491	0.00449	0.00832	0.01169	0.01458	0.10329	0.08616	0.46494	0.17250	0.01081	0.00259	0.00346	0.07076	0.00479	0.00441
2	0.75544	0.01024	0.00829	0.00737	0.01069	0.01163	0.00603	0.01649	0.00979	0.07942	0.00944	0.03900	0.00758	0.00563	0.00366	0.00171	0.00421	0.00360	0.00368	0.00610
3	0.01175	0.01015	0.01227	0.00893	0.01368	0.00816	0.03436	0.03352	0.06037	0.01850	0.01063	0.01206	0.00867	0.00434	0.00426	0.00093	0.00430	0.00358	0.00342	0.73613
4	0.01494	0.01251	0.01748	0.01291	0.01755	0.04563	0.18927	0.14341	0.03018	0.09312	0.01207	0.01371	0.00920	0.02024	0.00552	0.00142	0.00597	0.00467	0.00386	0.34633
5	0.84691	0.01054	0.00801	0.00717	0.01054	0.01223	0.00590	0.01603	0.00928	0.02446	0.00759	0.00886	0.00590	0.00506	0.00337	0.00169	0.00422	0.00295	0.00337	0.00590
6	0.01575	0.01280	0.01356	0.01154	0.01501	0.01458	0.00916	0.25088	0.53908	0.02633	0.01941	0.01813	0.01439	0.00714	0.00552	0.00178	0.00483	0.00578	0.00552	0.00883
7	0.01190	0.00967	0.01137	0.00815	0.01296	0.00730	0.00653	0.01430	0.01150	0.05189	0.01022	0.01163	0.00832	0.00416	0.00410	0.00085	0.00406	0.00333	0.00339	0.80437
8	0.00779	0.00584	0.00876	0.00876	0.00974	0.00681	0.00681	0.00974	0.00876	0.01266	0.01460	0.02142	0.01363	0.04089	0.78680	0.00876	0.01460	0.00584	0.00292	0.00487
9	0.03035	0.04090	0.42805	0.01856	0.03987	0.01333	0.31603	0.01728	0.01202	0.01741	0.01019	0.01271	0.00747	0.00492	0.00561	0.00176	0.00835	0.00497	0.00252	0.00771
10	0.82346	0.03311	0.00859	0.00723	0.01064	0.01249	0.00600	0.01603	0.00933	0.02413	0.00759	0.00885	0.00593	0.00505	0.00338	0.00167	0.00426	0.00295	0.00334	0.00593
11	0.84691	0.01054	0.00801	0.00717	0.01054	0.01223	0.00590	0.01603	0.00928	0.02446	0.00759	0.00886	0.00590	0.00506	0.00337	0.00169	0.00422	0.00295	0.00337	0.00590
12	0.00666	0.00556	0.00583	0.00584	0.00761	0.00473	0.00444	0.00820	0.01270	0.01543	0.11766	0.05183	0.67492	0.01363	0.00649	0.00186	0.00285	0.04395	0.00514	0.00467
13	0.00790	0.00538	0.00644	0.00644	0.00661	0.00555	0.00392	0.00824	0.00807	0.01094	0.01673	0.03318	0.01874	0.67399	0.16068	0.00589	0.00692	0.00756	0.00324	0.00358
14	0.00793	0.00529	0.00595	0.00595	0.00595	0.00529	0.00330	0.00793	0.00793	0.01057	0.01718	0.03568	0.01982	0.80840	0.02775	0.00529	0.00529	0.00793	0.00330	0.00330
15	0.00663	0.00478	0.00629	0.00750	0.00788	0.00444	0.00502	0.00760	0.01053	0.01395	0.03119	0.77061	0.06955	0.01693	0.00694	0.00220	0.00314	0.01532	0.00506	0.00444
16	0.01458	0.81168	0.02857	0.00933	0.01399	0.02157	0.00933	0.01632	0.01108	0.01283	0.00758	0.00875	0.00700	0.00466	0.00350	0.00117	0.00583	0.00292	0.00233	0.00700
17	0.00653	0.00554	0.00564	0.00565	0.00747	0.00465	0.00427	0.00796	0.01250	0.01494	0.07200	0.05238	0.73838	0.01377	0.00647	0.00185	0.00281	0.02749	0.00508	0.00462
18	0.01206	0.01013	0.01134	0.01145	0.07875	0.03754	0.00803	0.05336	0.34199	0.04246	0.16321	0.05043	0.13831	0.00901	0.00585	0.00178	0.00419	0.00765	0.00523	0.00721
19	0.00793	0.00529	0.00595	0.00595	0.00595	0.00529	0.00330	0.00793	0.00793	0.01057	0.01718	0.03568	0.01982	0.80840	0.02775	0.00529	0.00529	0.00793	0.00330	0.00330
20	0.01130	0.00969	0.01130	0.00807	0.01292	0.00727	0.00646	0.01373	0.01130	0.01776	0.00969	0.01130	0.00807	0.00404	0.00404	0.00081	0.00404	0.00323	0.00323	0.84173
21	0.01623	0.01256	0.01395	0.01136	0.01467	0.03574	0.02766	0.37753	0.14095	0.04446	0.06363	0.05238	0.01475	0.02452	0.03621	0.00203	0.03498	0.00594	0.02850	0.04195
22	0.02947	0.66093	0.12114	0.01029	0.01527	0.05797	0.01067	0.01670	0.01131	0.01362	0.00790	0.00915	0.00697	0.00478	0.00378	0.00126	0.00628	0.00308	0.00237	0.00708
23	0.00779	0.00584	0.00876	0.00876	0.00974	0.00681	0.00681	0.00974	0.00876	0.01266	0.01460	0.02142	0.01363	0.04089	0.78680	0.00876	0.01460	0.00584	0.00292	0.00487
24	0.01130	0.00969	0.01130	0.00807	0.01292	0.00727	0.00646	0.01373	0.01130	0.01776	0.00969	0.01130	0.00807	0.00404	0.00404	0.00081	0.00404	0.00323	0.00323	0.84173
25	0.00793	0.00529	0.00595	0.00595	0.00595	0.00529	0.00330	0.00793	0.00793	0.01057	0.01718	0.03568	0.01982	0.80840	0.02775	0.00529	0.00529	0.00793	0.00330	0.00330
26	0.01358	0.01350	0.02148	0.10706	0.62970	0.06071	0.04110	0.01679	0.01247	0.01714	0.01011	0.01341	0.00839	0.00495	0.00541	0.00163	0.00685	0.00483	0.00268	0.00819
27	0.01130	0.00969	0.01130	0.00807	0.01292	0.00727	0.00646	0.01373	0.01130	0.01776	0.00969	0.01130	0.00807	0.00404	0.00404	0.00081	0.00404	0.00323	0.00323	0.84173
28	0.01130	0.00969	0.01130	0.00807	0.01292	0.00727	0.00646	0.01373	0.01130	0.01776	0.00969	0.01130	0.00807	0.00404	0.00404	0.00081	0.00404	0.00323	0.00323	0.84173
29	0.01314	0.01322	0.05756	0.02831	0.55028	0.01241	0.10316	0.01695	0.03432	0.03336	0.01243	0.01779	0.01071	0.00579	0.00569	0.00173	0.00665	0.06527	0.00304	0.00817
30	0.00760	0.00552	0.00715	0.00684	0.00809	0.00508	0.00509	0.01002	0.01501	0.02108	0.69625	0.08397	0.08464	0.01160	0.00646	0.00175	0.00261	0.01025	0.00590	0.00508
31	0.00926	0.00695	0.00872	0.04322	0.01082	0.00705	0.00645	0.01407	0.14832	0.03873	0.50127	0.05874	0.06319	0.01059	0.00628	0.00181	0.00330	0.04971	0.00567	0.00586
32	0.00793	0.00529	0.00595	0.00595	0.00595	0.00529	0.00330	0.00793	0.00793	0.01057	0.01718	0.03568	0.01982	0.80840	0.02775	0.00529	0.00529	0.00793	0.00330	0.00330
33	0.01278	0.01220	0.02076	0.16454	0.62897	0.01261	0.01618	0.01603	0.01211	0.01705	0.01062	0.03232	0.00905	0.00525	0.00544	0.00167	0.00654	0.00511	0.00271	0.00809
34	0.01356	0.01171	0.01233	0.01109	0.01418	0.01356	0.00863	0.02897	0.76455	0.02281	0.02219	0.02034	0.01664	0.00740	0.00555	0.00185	0.00431	0.00616	0.00555	0.00863
35	0.01030	0.00969	0.01635	0.79530	0.03755	0.01211	0.01514	0.01393	0.01090	0.01393	0.00969	0.01453	0.00727	0.00545	0.00545	0.00182	0.00727	0.00484	0.00242	0.00606
36	0.00650	0.00553	0.00561	0.00559	0.00740	0.00463	0.00419	0.00794	0.01257	0.01506	0.08908	0.05191	0.73812	0.01368	0.00644	0.00183	0.00275	0.01143	0.00511	0.00463
37	0.00781	0.00577	0.00842	0.00842	0.00927	0.00663	0.00639	0.00952	0.00866	0.01240	0.01492	0.02315	0.01438	0.13418	0.69453	0.00834	0.01347	0.00609	0.00297	0.00468
38	0.01193	0.01193	0.01670	0.01431	0.01431	0.01670	0.01193	0.01312	0.00835	0.01312	0.00716	0.01193	0.00716	0.00954	0.01789	0.00239	0.79843	0.00477	0.00239	0.00596
39	0.01016	0.00508	0.00508	0.00508	0.00635	0.00508	0.00381	0.01270	0.01143	0.02033	0.01778	0.02033	0.01397	0.00635	0.00381	0.00127	0.00254	0.00508	0.83867	0.00508
40	0.02019	0.05038	0.01586	0.01390	0.01677	0.76276	0.01050	0.02160	0.01531	0.01333	0.00840	0.00980	0.00702	0.00559	0.00487	0.00140	0.00971	0.00349	0.00279	0.00634
41	0.00758	0.00557	0.00711	0.00672	0.00806	0.00509	0.00504	0.01003	0.01512	0.02113	0.69755	0.04194	0.12587	0.01142	0.00643	0.00173	0.00259	0.01003	0.00590	0.00509
42	0.04529	0.68551	0.05797	0.00990	0.01438	0.04758	0.00981	0.01640	0.01106	0.01347	0.00768	0.00905	0.00696	0.00496	0.00427	0.00127	0.04207	0.00307	0.00239	0.00693
43	0.01784	0.01250	0.01399	0.01090	0.01510	0.01282	0.00889	0.37422	0.12025	0.12859	0.01508	0.01562	0.01112	0.00634	0.00520	0.00151	0.00512	0.02320	0.00513	0.19658
44	0.03692	0.06451	0.04293	0.01096	0.01505	0.04732	0.00928	0.22863	0.13039	0.30837	0.03818	0.01644	0.01275	0.00663	0.00530	0.00165	0.00534	0.00519	0.00549	0.00867
45	0.81834	0.01214	0.00973	0.00881	0.01230	0.01343	0.00694	0.01755	0.01081	0.02630	0.01001	0.01219	0.00820	0.00663	0.00444	0.00211	0.00503	0.00376	0.00416	0.00712
46	0.01804	0.05953	0.01723	0.01502	0.06082	0.50440	0.07049	0.05533	0.03034	0.03383	0.02604	0.04384	0.00977	0.00623	0.00548	0.00153	0.02756	0.00461	0.00320	0.00672
47	0.00717	0.00527	0.00672	0.00695	0.00796	0.00482	0.00499	0.00901	0.01327	0.01812	0.41600	0.31586	0.13646	0.01361	0.00662	0.00191	0.00281	0.01209	0.00555	0.00482
48	0.03750	0.01505	0.01497	0.01196	0.01560	0.09702	0.00966	0.52377	0.04922	0.05029	0.01316	0.01431	0.00991	0.04305	0.00682	0.00181	0.03840	0.00492	0.03429	0.00831
49	0.00690	0.00494	0.00659	0.00767	0.00815	0.00463	0.00531	0.00813	0.01113	0.01496	0.11278	0.67149	0.03747	0.01629	0.00694	0.00218	0.00322	0.06152	0.00516	0.00455
50	0.13592	0.44637	0.18895	0.01171	0.05033	0.05711	0.01159	0.01678	0.01119	0.01575	0.00823	0.00964	0.00689	0.00489	0.00401	0.00140	0.00632	0.00328	0.00252	0.00711
51	0.00650	0.00554	0.00560	0.00563	0.00745	0.00464	0.00425	0.00790	0.01243	0.01476	0.05463	0.05267	0.75531	0.01384	0.00647	0.00186	0.00281	0.02804	0.00506	0.00461
52	0.00663	0.00478	0.00629	0.00749	0.00788	0.00444	0.00502	0.00760	0.01053	0.01396	0.03124	0.76929	0.07084	0.01693	0.00693	0.00220	0.00314	0.01531	0.00506	0.00444
53	0.01337	0.01347	0.07317	0.10340	0.56325	0.01274	0.01586	0.01783	0.07399	0.04301	0.01152	0.01419	0.00920	0.00521	0.00540	0.00167	0.00642	0.00493	0.00301	0.00837

[dist]
# distance from previous block
# <min> <max>
1	3

[block]
# block no. 4 follows, 44 sequences, length 25
# corresponding to MSA columns:
# 191-215
name=unknown_E
#
# <colnr> <probs for GDERKNQSTAVLIFYWHMCP>
#	G	D	E	R	K	N	Q	S	T	A	V	L	I	F	Y	W	H	M	C	P
0	0.36831	0.06320	0.01322	0.01033	0.01392	0.19762	0.00837	0.19758	0.01507	0.05278	0.00966	0.01049	0.00735	0.00560	0.00433	0.00158	0.00610	0.00366	0.00381	0.00702
1	0.01082	0.00575	0.00809	0.00803	0.00816	0.00556	0.00534	0.00815	0.00801	0.01082	0.01079	0.01829	0.01069	0.01953	0.02153	0.82415	0.00518	0.00516	0.00283	0.00312
2	0.02072	0.01527	0.01636	0.01254	0.01691	0.01691	0.01036	0.75622	0.02563	0.03436	0.01309	0.01309	0.00927	0.00654	0.00545	0.00164	0.00600	0.00491	0.00545	0.00927
3	0.01130	0.00969	0.01130	0.00807	0.01292	0.00727	0.00646	0.01373	0.01130	0.01776	0.00969	0.01130	0.00807	0.00404	0.00404	0.00081	0.00404	0.00323	0.00323	0.84173
4	0.02400	0.00938	0.01264	0.00976	0.01393	0.00825	0.00804	0.02667	0.04715	0.74636	0.02154	0.01863	0.01363	0.00677	0.00549	0.00169	0.00463	0.00551	0.00670	0.00925
5	0.00687	0.00495	0.00664	0.02642	0.00866	0.00472	0.00536	0.00790	0.01041	0.01386	0.02892	0.72151	0.03444	0.05337	0.00791	0.00236	0.00343	0.04292	0.00491	0.00444
6	0.01356	0.01171	0.01233	0.01109	0.01418	0.01356	0.00863	0.02897	0.76455	0.02281	0.02219	0.02034	0.01664	0.00740	0.00555	0.00185	0.00431	0.00616	0.00555	0.00863
7	0.00649	0.00552	0.00558	0.00557	0.00739	0.00462	0.00418	0.00791	0.01253	0.01497	0.07916	0.05207	0.74810	0.01372	0.00644	0.00184	0.00276	0.01145	0.00509	0.00462
8	0.01878	0.01417	0.01495	0.01200	0.01594	0.03475	0.00973	0.48344	0.24443	0.06938	0.01612	0.01545	0.01163	0.00679	0.00547	0.00170	0.00552	0.00528	0.00548	0.00901
9	0.01390	0.04110	0.02199	0.03158	0.70722	0.05517	0.01614	0.01699	0.01253	0.01740	0.01006	0.01313	0.00849	0.00489	0.00531	0.00159	0.00664	0.00472	0.00269	0.00845
10	0.00763	0.00554	0.00719	0.00683	0.00811	0.00510	0.00510	0.01011	0.01516	0.02134	0.72059	0.06621	0.07773	0.01144	0.00645	0.00174	0.00260	0.01011	0.00594	0.00510
11	0.00664	0.00474	0.00633	0.00759	0.00791	0.00443	0.00506	0.00759	0.01044	0.01392	0.03005	0.80485	0.03606	0.01708	0.00696	0.00221	0.00316	0.01550	0.00506	0.00443
12	0.00844	0.00652	0.00966	0.03648	0.01132	0.00636	0.07287	0.01065	0.04693	0.04143	0.07877	0.51344	0.07867	0.03039	0.00727	0.00214	0.01611	0.01256	0.00483	0.00517
13	0.02324	0.01067	0.03973	0.01026	0.01459	0.00933	0.00871	0.10679	0.03954	0.64652	0.02019	0.01776	0.01290	0.00669	0.00547	0.00169	0.00490	0.00539	0.00641	0.00921
14	0.00665	0.00537	0.00592	0.00613	0.00758	0.00464	0.00447	0.00810	0.01240	0.01549	0.14324	0.20923	0.52343	0.01415	0.00655	0.00190	0.00282	0.01213	0.00518	0.00464
15	0.01133	0.01031	0.01694	0.46882	0.22546	0.01178	0.02972	0.01534	0.04762	0.01604	0.01122	0.01509	0.00872	0.00546	0.00531	0.00172	0.00652	0.00497	0.08085	0.00679
16	0.02086	0.05189	0.01645	0.01212	0.01642	0.04849	0.01004	0.60505	0.02335	0.12012	0.01363	0.01339	0.00957	0.00644	0.00534	0.00161	0.00599	0.00482	0.00535	0.00904
17	0.00706	0.00563	0.00641	0.00681	0.00828	0.00505	0.00521	0.00887	0.02682	0.01527	0.07232	0.18660	0.47567	0.01438	0.00670	0.00201	0.00323	0.13385	0.00510	0.00474
18	0.00744	0.00524	0.00593	0.00614	0.00654	0.00501	0.00375	0.00785	0.00919	0.01191	0.02645	0.16742	0.16327	0.52746	0.02029	0.00413	0.00446	0.00986	0.00393	0.00373
19	0.04871	0.01145	0.01191	0.02690	0.01398	0.03289	0.00836	0.11077	0.50040	0.02276	0.04219	0.08609	0.04341	0.00825	0.00560	0.00183	0.00452	0.00685	0.00526	0.00789
20	0.01785	0.06297	0.04923	0.01639	0.12049	0.52001	0.01171	0.02045	0.05362	0.01458	0.00934	0.01103	0.00775	0.00578	0.00576	0.00152	0.05790	0.00390	0.00287	0.00684
21	0.01198	0.00967	0.01137	0.00816	0.01297	0.00731	0.00654	0.01439	0.01153	0.05678	0.01030	0.01168	0.00835	0.00418	0.00411	0.00085	0.00407	0.00335	0.00341	0.79902
22	0.01437	0.54167	0.15060	0.01105	0.01598	0.08989	0.02582	0.03606	0.01214	0.01461	0.03788	0.01078	0.00879	0.00514	0.00413	0.00133	0.00651	0.00355	0.00260	0.00710
23	0.01177	0.00985	0.01156	0.00886	0.01296	0.00854	0.00705	0.01574	0.10978	0.03796	0.01244	0.04983	0.01059	0.00549	0.00524	0.00113	0.05154	0.00434	0.00366	0.62169
24	0.00926	0.00731	0.00986	0.00939	0.01043	0.02441	0.00733	0.05100	0.00976	0.01390	0.01372	0.02026	0.01279	0.06635	0.58577	0.02688	0.09002	0.00568	0.02076	0.00513

[dist]
# distance from previous block
# <min> <max>
0	1

[block]
# block no. 5 follows, 44 sequences, length 7
# corresponding to MSA columns:
# 218-224
name=unknown_F
#
# <colnr> <probs for GDERKNQSTAVLIFYWHMCP>
#	G	D	E	R	K	N	Q	S	T	A	V	L	I	F	Y	W	H	M	C	P
0	0.01736	0.11226	0.01619	0.01368	0.08214	0.37422	0.00994	0.11576	0.06982	0.01797	0.01126	0.01252	0.00902	0.00578	0.00477	0.00144	0.00726	0.00413	0.10748	0.00700
1	0.01119	0.00892	0.01045	0.00791	0.01184	0.00709	0.00611	0.01365	0.03377	0.04461	0.03483	0.03870	0.01210	0.10510	0.00725	0.00150	0.00415	0.00454	0.00357	0.63274
2	0.01140	0.00849	0.04357	0.00918	0.01106	0.05151	0.03060	0.01318	0.01250	0.15722	0.12335	0.40171	0.05950	0.01247	0.00665	0.00196	0.02372	0.01098	0.00511	0.00583
3	0.00992	0.00622	0.00794	0.00755	0.00914	0.00580	0.00563	0.01271	0.05692	0.11934	0.40951	0.21159	0.09257	0.01189	0.00638	0.00184	0.00309	0.01047	0.00579	0.00569
4	0.04678	0.01182	0.04709	0.00951	0.01354	0.06637	0.00798	0.11818	0.01440	0.06933	0.10683	0.01840	0.01513	0.00630	0.00492	0.00131	0.00484	0.04712	0.00415	0.38598
5	0.37997	0.01126	0.01027	0.03314	0.01257	0.05653	0.00728	0.17893	0.01426	0.04277	0.06463	0.01567	0.01197	0.00639	0.00444	0.00164	0.00474	0.02875	0.10822	0.00657
6	0.00890	0.00720	0.00758	0.00696	0.00915	0.00686	0.00536	0.10297	0.07000	0.01859	0.13001	0.04383	0.53826	0.01212	0.00625	0.00180	0.00326	0.01010	0.00526	0.00554

[dist]
# distance from previous block
# <min> <max>
0	4

[block]
# block no. 6 follows, 44 sequences, length 14
# corresponding to MSA columns:
# 229-242
name=unknown_G
#
# <colnr> <probs for GDERKNQSTAVLIFYWHMCP>
#	G	D	E	R	K	N	Q	S	T	A	V	L	I	F	Y	W	H	M	C	P
0	0.02159	0.00898	0.01161	0.00915	0.01287	0.00818	0.00748	0.05735	0.04590	0.59395	0.02057	0.01866	0.01351	0.00670	0.00522	0.00163	0.00436	0.00542	0.13830	0.00859
1	0.01292	0.01192	0.01746	0.22096	0.02175	0.01505	0.06778	0.13125	0.01216	0.01718	0.00928	0.01319	0.00775	0.00755	0.01147	0.00205	0.38773	0.00494	0.02100	0.00660
2	0.00776	0.00772	0.06504	0.01017	0.01171	0.00624	0.10387	0.00957	0.01083	0.01462	0.02612	0.64508	0.03035	0.01460	0.00676	0.00213	0.00430	0.01350	0.00456	0.00507
3	0.00782	0.00573	0.00820	0.00820	0.00899	0.00651	0.00612	0.00938	0.00860	0.01224	0.01511	0.02424	0.01485	0.19264	0.63672	0.00807	0.01276	0.00625	0.00300	0.00456
4	0.00778	0.00586	0.00801	0.00844	0.00923	0.00567	0.03732	0.03793	0.03518	0.01515	0.04638	0.65015	0.03263	0.06265	0.00805	0.00233	0.00368	0.01381	0.00491	0.00483
5	0.08814	0.01195	0.08662	0.01063	0.01413	0.01107	0.04085	0.11173	0.23434	0.09361	0.21352	0.02246	0.02224	0.00766	0.00557	0.00175	0.00466	0.00643	0.00514	0.00751
6	0.01400	0.68769	0.14751	0.01031	0.01551	0.02016	0.01104	0.01647	0.01115	0.01353	0.00793	0.00918	0.00698	0.00475	0.00376	0.00125	0.00618	0.00309	0.00233	0.00716
7	0.01105	0.01405	0.17122	0.48953	0.17868	0.01239	0.01646	0.01515	0.01132	0.01536	0.00982	0.01372	0.00746	0.00528	0.00539	0.00176	0.00727	0.00468	0.00245	0.00696
8	0.03332	0.05206	0.19313	0.01250	0.04864	0.01148	0.01156	0.04234	0.10355	0.31488	0.01595	0.02797	0.01129	0.00652	0.00615	0.00172	0.06229	0.00505	0.00463	0.03497
9	0.01327	0.01181	0.01981	0.06216	0.62310	0.01183	0.01511	0.01628	0.01238	0.05661	0.01285	0.07201	0.01155	0.00620	0.00559	0.00170	0.00613	0.03032	0.00314	0.00814
10	0.01106	0.01091	0.01493	0.01292	0.01321	0.01478	0.01070	0.01228	0.00899	0.01337	0.01476	0.01834	0.12823	0.01022	0.01608	0.00230	0.67251	0.00584	0.00281	0.00575
11	0.01488	0.60971	0.04585	0.00991	0.01435	0.03807	0.00949	0.01893	0.13063	0.04747	0.01057	0.01111	0.00880	0.00522	0.00399	0.00132	0.00570	0.00359	0.00304	0.00737
12	0.04365	0.03513	0.43075	0.01699	0.13827	0.01174	0.05778	0.03629	0.01186	0.01751	0.01310	0.13744	0.01190	0.00700	0.00547	0.00178	0.00685	0.00607	0.00296	0.00746
13	0.00804	0.00622	0.00716	0.00731	0.00870	0.00593	0.00530	0.06259	0.05171	0.01693	0.11173	0.36015	0.29986	0.01405	0.00654	0.00197	0.00322	0.01226	0.00521	0.00513

[dist]
# distance from previous block
# <min> <max>
0	5

[block]
# block no. 7 follows, 44 sequences, length 10
# corresponding to MSA columns:
# 248-257
name=unknown_H
#
# <colnr> <probs for GDERKNQSTAVLIFYWHMCP>
#	G	D	E	R	K	N	Q	S	T	A	V	L	I	F	Y	W	H	M	C	P
0	0.02126	0.00999	0.01256	0.01011	0.01399	0.00964	0.00819	0.02727	0.23533	0.55656	0.02171	0.01908	0.01442	0.00694	0.00550	0.00173	0.00454	0.00568	0.00640	0.00909
1	0.01795	0.00865	0.01109	0.01021	0.06317	0.00825	0.00757	0.06067	0.06299	0.38297	0.01956	0.02039	0.01405	0.00689	0.00508	0.00160	0.00422	0.03660	0.25033	0.00778
2	0.01245	0.04415	0.45832	0.01428	0.02048	0.01307	0.06032	0.02105	0.23267	0.04851	0.01389	0.01449	0.01010	0.00584	0.00533	0.00175	0.00683	0.00483	0.00346	0.00820
3	0.00938	0.00477	0.00703	0.00703	0.00703	0.00477	0.00465	0.00715	0.00715	0.00953	0.00992	0.01770	0.01008	0.06544	0.02169	0.79214	0.00477	0.00492	0.00242	0.00242
4	0.01153	0.00967	0.01057	0.01007	0.01234	0.01088	0.00758	0.02270	0.54330	0.02020	0.02449	0.25050	0.02234	0.01024	0.00596	0.00196	0.00398	0.00890	0.00540	0.00740
5	0.01008	0.00846	0.01110	0.11547	0.01512	0.00940	0.03147	0.01629	0.24656	0.01739	0.06039	0.21842	0.03826	0.03929	0.00750	0.00216	0.03562	0.10618	0.00466	0.00619
6	0.01155	0.24498	0.01994	0.56471	0.03064	0.01489	0.01344	0.01463	0.01095	0.01361	0.00907	0.01284	0.00719	0.00522	0.00488	0.00163	0.00685	0.00428	0.00240	0.00633
7	0.00754	0.00516	0.00622	0.00660	0.00675	0.00512	0.00403	0.00794	0.00871	0.01168	0.02080	0.26050	0.02422	0.53083	0.06656	0.00459	0.00521	0.01003	0.00380	0.00373
8	0.02326	0.01418	0.01347	0.01097	0.01478	0.23641	0.00875	0.02516	0.01556	0.55378	0.01767	0.01600	0.01160	0.00642	0.00532	0.00160	0.00616	0.00490	0.00559	0.00841
9	0.01140	0.01025	0.01681	0.23029	0.24788	0.01112	0.05720	0.04054	0.01237	0.01669	0.01558	0.02785	0.01488	0.00826	0.00663	0.00198	0.04023	0.21995	0.00339	0.00671

[dist]
# distance from previous block
# <min> <max>
0	2

# created by:
# /st0/software/busco_prod/Augustus/scripts/msa2prfl.pl ./align_prep/194237.fa
