[name]
unknown

[dist]
# distance from previous block
# <min> <max>
16	71

[block]
# block no. 0 follows, 47 sequences, length 13
# corresponding to MSA columns:
# 98-110
name=unknown_A
#
# <colnr> <probs for GDERKNQSTAVLIFYWHMCP>
#	G	D	E	R	K	N	Q	S	T	A	V	L	I	F	Y	W	H	M	C	P
0	0.01023	0.00802	0.01121	0.12256	0.03564	0.00859	0.04152	0.04652	0.06681	0.05401	0.06752	0.13984	0.03604	0.15466	0.04963	0.00269	0.06333	0.02252	0.00382	0.05484
1	0.05420	0.00920	0.01210	0.14573	0.08603	0.00956	0.00888	0.12562	0.01304	0.06315	0.06584	0.14729	0.01542	0.00754	0.00559	0.00157	0.03661	0.00634	0.04062	0.14568
2	0.15123	0.01084	0.01426	0.26023	0.16244	0.02829	0.01115	0.13606	0.01298	0.01935	0.03252	0.03509	0.00989	0.00581	0.00488	0.00160	0.00566	0.02525	0.00328	0.06921
3	0.14515	0.00837	0.00899	0.00786	0.01032	0.00841	0.00602	0.10131	0.07821	0.03469	0.07896	0.10143	0.06056	0.13158	0.00827	0.00209	0.00410	0.04035	0.00419	0.15916
4	0.00932	0.00710	0.01000	0.11293	0.02950	0.00724	0.03134	0.02766	0.03322	0.05717	0.15071	0.27872	0.04995	0.06663	0.00782	0.00202	0.04072	0.00915	0.00429	0.06451
5	0.01330	0.01074	0.01212	0.12625	0.03618	0.10054	0.03051	0.09786	0.10317	0.11238	0.05684	0.10069	0.08548	0.05861	0.00676	0.00187	0.00527	0.00674	0.00428	0.03041
6	0.04130	0.00577	0.00717	0.00685	0.00811	0.00544	0.00497	0.02234	0.01148	0.07272	0.25246	0.13845	0.11404	0.09451	0.01041	0.14275	0.00351	0.02401	0.00452	0.02917
7	0.01311	0.01225	0.01806	0.29154	0.35688	0.07546	0.03392	0.04504	0.03718	0.05131	0.01046	0.01340	0.00815	0.00511	0.00517	0.00161	0.00661	0.00464	0.00286	0.00725
8	0.01013	0.00558	0.00565	0.00540	0.00686	0.00562	0.00411	0.06536	0.01196	0.01992	0.01967	0.02150	0.07757	0.00668	0.00396	0.00128	0.00268	0.00536	0.71561	0.00510
9	0.04115	0.01157	0.01408	0.18655	0.05399	0.03075	0.01018	0.32204	0.04901	0.12419	0.01413	0.03476	0.02465	0.02879	0.02929	0.00192	0.00592	0.00518	0.00436	0.00749
10	0.03323	0.01345	0.01399	0.07294	0.05654	0.11902	0.00954	0.30471	0.08530	0.14113	0.01354	0.01386	0.00977	0.00594	0.00497	0.00152	0.00572	0.00460	0.05019	0.04003
11	0.18095	0.01689	0.10914	0.07932	0.01731	0.18685	0.01054	0.27655	0.01602	0.02240	0.00973	0.01091	0.00728	0.00546	0.00464	0.00153	0.00650	0.00387	0.00358	0.03054
12	0.07150	0.06154	0.21186	0.01140	0.01594	0.07560	0.01111	0.27220	0.03211	0.04417	0.05247	0.03987	0.03618	0.00637	0.00494	0.00155	0.00591	0.00489	0.00391	0.03648

[dist]
# distance from previous block
# <min> <max>
9	26

[block]
# block no. 1 follows, 47 sequences, length 7
# corresponding to MSA columns:
# 137-143
name=unknown_B
#
# <colnr> <probs for GDERKNQSTAVLIFYWHMCP>
#	G	D	E	R	K	N	Q	S	T	A	V	L	I	F	Y	W	H	M	C	P
0	0.41964	0.01397	0.11064	0.00937	0.01276	0.12266	0.00832	0.08725	0.01164	0.02037	0.01133	0.12899	0.01051	0.00677	0.00436	0.00165	0.00528	0.00499	0.00344	0.00606
1	0.01160	0.12724	0.01091	0.00806	0.01035	0.00788	0.00674	0.01333	0.01207	0.18066	0.02908	0.15478	0.19900	0.01121	0.00587	0.00185	0.00406	0.19473	0.00478	0.00577
2	0.00820	0.00539	0.00713	0.00702	0.00821	0.00497	0.00522	0.01025	0.01350	0.06809	0.52213	0.22255	0.04251	0.01188	0.00625	0.00178	0.00282	0.04157	0.00553	0.00500
3	0.23495	0.19984	0.22455	0.06147	0.01673	0.05000	0.01124	0.06931	0.01166	0.06387	0.00914	0.01034	0.00692	0.00502	0.00417	0.00150	0.00594	0.00350	0.00297	0.00688
4	0.12301	0.04307	0.24062	0.01789	0.22949	0.09407	0.03228	0.10748	0.01309	0.03800	0.00968	0.01136	0.00740	0.00506	0.00477	0.00156	0.00662	0.00404	0.00297	0.00753
5	0.01075	0.01277	0.13340	0.15876	0.09479	0.01077	0.22370	0.04862	0.01196	0.01627	0.01455	0.11572	0.01368	0.00747	0.00586	0.00183	0.00669	0.10275	0.00317	0.00647
6	0.00933	0.00571	0.00739	0.00675	0.00813	0.00526	0.00498	0.01137	0.01370	0.11192	0.57607	0.03563	0.04027	0.13000	0.00906	0.00214	0.00308	0.00864	0.00544	0.00513

[dist]
# distance from previous block
# <min> <max>
0	1

[block]
# block no. 2 follows, 47 sequences, length 52
# corresponding to MSA columns:
# 145-196
name=unknown_C
#
# <colnr> <probs for GDERKNQSTAVLIFYWHMCP>
#	G	D	E	R	K	N	Q	S	T	A	V	L	I	F	Y	W	H	M	C	P
0	0.01147	0.19068	0.51268	0.08167	0.02173	0.03868	0.04274	0.01617	0.01102	0.01522	0.00890	0.01075	0.00669	0.00486	0.00467	0.00154	0.00728	0.00376	0.00225	0.00724
1	0.01171	0.05863	0.54944	0.01772	0.16215	0.01250	0.04124	0.03214	0.01158	0.04128	0.00979	0.01157	0.00719	0.00493	0.00497	0.00161	0.00721	0.00408	0.00248	0.00779
2	0.00791	0.00498	0.00665	0.00736	0.00807	0.00459	0.00508	0.00906	0.01086	0.08063	0.10195	0.66912	0.03403	0.01491	0.00648	0.00202	0.00309	0.01345	0.00506	0.00470
3	0.00660	0.00470	0.00626	0.00741	0.00778	0.00444	0.00511	0.00761	0.01006	0.01337	0.02802	0.70330	0.03328	0.05327	0.00762	0.00228	0.00329	0.08661	0.00475	0.00424
4	0.04911	0.08569	0.01839	0.15743	0.05870	0.25895	0.11491	0.16259	0.01478	0.01787	0.00946	0.01149	0.00736	0.00524	0.00494	0.00151	0.00746	0.00422	0.00308	0.00682
5	0.01205	0.09016	0.01792	0.47186	0.18766	0.01316	0.01370	0.10273	0.01239	0.01627	0.00955	0.01297	0.00741	0.00514	0.00501	0.00161	0.00651	0.00446	0.00270	0.00675
6	0.01059	0.02604	0.74047	0.01566	0.04959	0.01214	0.04112	0.01648	0.01106	0.01652	0.00940	0.01115	0.00669	0.00492	0.00499	0.00165	0.00767	0.00394	0.00223	0.00770
7	0.01052	0.04476	0.77287	0.01471	0.02233	0.01229	0.01901	0.01647	0.01099	0.01640	0.00930	0.01094	0.00660	0.00494	0.00491	0.00164	0.00765	0.00382	0.00220	0.00767
8	0.01952	0.02294	0.01492	0.01315	0.01611	0.65247	0.01003	0.15822	0.01655	0.01644	0.00887	0.00996	0.00710	0.00553	0.00479	0.00138	0.00872	0.00360	0.00315	0.00656
9	0.01202	0.01090	0.01841	0.36069	0.43294	0.01183	0.01499	0.01523	0.01137	0.04750	0.01001	0.01351	0.00788	0.00496	0.00518	0.00163	0.00644	0.00466	0.00263	0.00722
10	0.10287	0.05049	0.05365	0.00875	0.01223	0.02838	0.00752	0.04849	0.03789	0.33437	0.15558	0.02118	0.06741	0.00717	0.00507	0.00156	0.00430	0.00577	0.00512	0.04220
11	0.00642	0.00463	0.00609	0.00724	0.00765	0.00431	0.00493	0.00740	0.01015	0.01343	0.02997	0.74194	0.07510	0.01607	0.00664	0.00211	0.00307	0.04376	0.00483	0.00426
12	0.00663	0.00475	0.00627	0.00739	0.00783	0.00448	0.00514	0.00768	0.01016	0.01344	0.02879	0.66720	0.05701	0.05194	0.00759	0.00227	0.00330	0.09914	0.00475	0.00425
13	0.05915	0.52968	0.10130	0.01296	0.08206	0.01766	0.10291	0.01583	0.01085	0.01423	0.00807	0.00971	0.00690	0.00453	0.00399	0.00131	0.00614	0.00346	0.00236	0.00690
14	0.52912	0.21602	0.04611	0.04977	0.04349	0.01398	0.00790	0.01535	0.00959	0.01949	0.00754	0.00899	0.00611	0.00475	0.00350	0.00149	0.00481	0.00302	0.00286	0.00610
15	0.00646	0.00462	0.00614	0.00718	0.00758	0.00430	0.00484	0.00753	0.01048	0.01411	0.10981	0.73015	0.03603	0.01570	0.00659	0.00206	0.00296	0.01422	0.00493	0.00430
16	0.01353	0.10996	0.50209	0.01306	0.01934	0.04320	0.02850	0.01806	0.01192	0.15805	0.02761	0.01253	0.00870	0.00530	0.00486	0.00157	0.00684	0.00413	0.00309	0.00766
17	0.01506	0.12132	0.09792	0.03454	0.40620	0.01239	0.02645	0.01805	0.01226	0.18860	0.01181	0.01321	0.00888	0.00505	0.00493	0.00152	0.00592	0.00447	0.00335	0.00806
18	0.02336	0.00886	0.01209	0.00927	0.01329	0.00765	0.00765	0.02538	0.01491	0.78810	0.02055	0.01773	0.01289	0.00645	0.00524	0.00161	0.00443	0.00524	0.00645	0.00886
19	0.01622	0.01435	0.09732	0.01148	0.01556	0.01401	0.01007	0.42389	0.23085	0.04256	0.01694	0.01643	0.05289	0.00672	0.00526	0.00164	0.00530	0.00529	0.00492	0.00832
20	0.02901	0.01339	0.15033	0.23413	0.09074	0.01123	0.23263	0.01490	0.01133	0.04153	0.01239	0.08218	0.01067	0.00621	0.00559	0.00176	0.00698	0.03552	0.00288	0.00661
21	0.00983	0.00926	0.01562	0.80447	0.03587	0.01157	0.01446	0.01331	0.01041	0.01331	0.00926	0.01388	0.00694	0.00521	0.00521	0.00174	0.00694	0.00463	0.00231	0.00579
22	0.02536	0.00540	0.00695	0.00658	0.00782	0.00504	0.00493	0.00986	0.01446	0.02069	0.74131	0.06288	0.04774	0.01070	0.00610	0.00165	0.00251	0.00945	0.00565	0.00491
23	0.01165	0.10105	0.62054	0.01431	0.02130	0.01330	0.04708	0.08092	0.01217	0.01750	0.00946	0.01099	0.00685	0.00499	0.00486	0.00159	0.00737	0.00391	0.00248	0.00767
24	0.01006	0.05400	0.07918	0.16656	0.11322	0.02576	0.01039	0.01283	0.02226	0.04688	0.02244	0.11549	0.13845	0.00942	0.00576	0.00183	0.00521	0.15065	0.00371	0.00589
25	0.02246	0.00916	0.01286	0.01122	0.07957	0.00806	0.00837	0.02457	0.01464	0.72184	0.01962	0.01731	0.01249	0.00629	0.00523	0.00161	0.00458	0.00519	0.00611	0.00881
26	0.01194	0.01140	0.01942	0.27308	0.55083	0.01212	0.01551	0.01515	0.01141	0.01586	0.00963	0.01320	0.00784	0.00482	0.00517	0.00161	0.00642	0.00464	0.00250	0.00748
27	0.01170	0.01072	0.07058	0.30729	0.15911	0.01035	0.06776	0.01519	0.03394	0.09831	0.01431	0.09599	0.01256	0.00700	0.00554	0.00177	0.00610	0.06183	0.00334	0.00662
28	0.01353	0.07370	0.52620	0.01394	0.03545	0.02537	0.04559	0.01828	0.01188	0.17055	0.01148	0.01230	0.00795	0.00519	0.00495	0.00160	0.00695	0.00416	0.00308	0.00782
29	0.00655	0.00468	0.00627	0.00748	0.00787	0.00440	0.00518	0.00760	0.01017	0.01352	0.02859	0.73946	0.03400	0.01613	0.00670	0.00214	0.00320	0.08694	0.00483	0.00429
30	0.01810	0.08154	0.14344	0.01138	0.05668	0.00960	0.02372	0.02090	0.01365	0.46326	0.08952	0.01749	0.01443	0.00629	0.00512	0.00158	0.00506	0.00518	0.00503	0.00804
31	0.01158	0.33822	0.25769	0.08885	0.01789	0.01432	0.03585	0.01474	0.01073	0.03036	0.01219	0.04214	0.05082	0.04745	0.00561	0.00164	0.00616	0.00457	0.00261	0.00657
32	0.00685	0.00586	0.00595	0.00583	0.00769	0.00525	0.00440	0.00951	0.08688	0.01499	0.06724	0.04683	0.68943	0.01253	0.00607	0.00176	0.00278	0.01045	0.00490	0.00479
33	0.01247	0.02348	0.52443	0.01624	0.07059	0.08955	0.08975	0.08141	0.01270	0.01758	0.00963	0.01138	0.00703	0.00503	0.00507	0.00162	0.00770	0.00415	0.00257	0.00760
34	0.01082	0.01026	0.01740	0.55466	0.27795	0.01183	0.01495	0.01417	0.01088	0.01450	0.00943	0.01356	0.00736	0.00502	0.00519	0.00167	0.00670	0.00463	0.00240	0.00658
35	0.01162	0.01295	0.02780	0.04684	0.02558	0.01224	0.66560	0.01564	0.01200	0.01624	0.01228	0.09255	0.01048	0.00559	0.00616	0.00179	0.00815	0.00694	0.00284	0.00671
36	0.01101	0.02544	0.71128	0.01515	0.02255	0.01202	0.07049	0.01680	0.01122	0.04248	0.00980	0.01143	0.00690	0.00496	0.00504	0.00166	0.00766	0.00405	0.00237	0.00769
37	0.01164	0.04154	0.01257	0.07148	0.07975	0.00795	0.08184	0.02455	0.01202	0.16303	0.05386	0.24230	0.12433	0.02122	0.00605	0.00181	0.00451	0.00875	0.02474	0.00607
38	0.01325	0.08211	0.52624	0.01486	0.08566	0.01196	0.01609	0.01798	0.01174	0.15538	0.01125	0.01217	0.00788	0.00515	0.00490	0.00159	0.00682	0.00409	0.00300	0.00788
39	0.01616	0.00804	0.00990	0.00832	0.01113	0.03172	0.00658	0.01880	0.05575	0.41693	0.20024	0.07806	0.09824	0.00873	0.00562	0.00167	0.00384	0.00738	0.00583	0.00708
40	0.01160	0.01152	0.04475	0.14724	0.29723	0.01110	0.21464	0.01484	0.01156	0.04432	0.01303	0.12951	0.01186	0.00643	0.00564	0.00172	0.00653	0.00651	0.00301	0.00695
41	0.00945	0.01134	0.14115	0.13826	0.04336	0.00909	0.16201	0.01253	0.01073	0.02724	0.01682	0.22401	0.02946	0.02490	0.08385	0.00255	0.00685	0.03727	0.00329	0.00585
42	0.01095	0.00630	0.00829	0.00816	0.00973	0.00597	0.00632	0.04364	0.01253	0.17029	0.12340	0.28202	0.05253	0.04828	0.02461	0.00225	0.00404	0.17001	0.00516	0.00553
43	0.02365	0.01308	0.09617	0.26237	0.33064	0.01224	0.13949	0.01556	0.02667	0.01597	0.00990	0.01326	0.00775	0.00485	0.00529	0.00165	0.00692	0.00481	0.00253	0.00721
44	0.02665	0.30531	0.18338	0.01261	0.06373	0.15888	0.01159	0.08170	0.01305	0.05810	0.03380	0.01123	0.00863	0.00520	0.00439	0.00139	0.00659	0.00374	0.00294	0.00711
45	0.00826	0.00866	0.09447	0.01019	0.01219	0.00756	0.08217	0.01066	0.00916	0.01302	0.01425	0.04070	0.01355	0.09726	0.51549	0.00631	0.01136	0.03678	0.00287	0.00508
46	0.00721	0.00563	0.00664	0.00670	0.00815	0.00520	0.00515	0.00970	0.05195	0.01681	0.28279	0.11164	0.34101	0.01247	0.00629	0.00183	0.00297	0.10791	0.00515	0.00480
47	0.01476	0.06843	0.10394	0.23102	0.05416	0.21690	0.03442	0.04251	0.06020	0.09093	0.01079	0.01261	0.00811	0.00548	0.00522	0.00157	0.02477	0.00427	0.00310	0.00682
48	0.01123	0.01274	0.07007	0.30178	0.09757	0.01235	0.35652	0.01518	0.01135	0.01533	0.00996	0.01381	0.00761	0.00558	0.02352	0.00188	0.01907	0.00529	0.00249	0.00666
49	0.00644	0.00468	0.00610	0.00718	0.00768	0.00434	0.00494	0.00747	0.01027	0.01349	0.03100	0.69740	0.10764	0.01590	0.00663	0.00210	0.00308	0.05454	0.00483	0.00428
50	0.01050	0.09172	0.57324	0.01409	0.02069	0.01217	0.08975	0.01555	0.01117	0.01591	0.01354	0.01491	0.08291	0.00566	0.00505	0.00162	0.00712	0.00468	0.00250	0.00722
51	0.08077	0.01267	0.05621	0.06412	0.06716	0.04942	0.02644	0.21572	0.09664	0.22106	0.01596	0.01576	0.04216	0.00624	0.00509	0.00162	0.00543	0.00499	0.00467	0.00788

[dist]
# distance from previous block
# <min> <max>
0	4

[block]
# block no. 3 follows, 47 sequences, length 30
# corresponding to MSA columns:
# 201-230
name=unknown_D
#
# <colnr> <probs for GDERKNQSTAVLIFYWHMCP>
#	G	D	E	R	K	N	Q	S	T	A	V	L	I	F	Y	W	H	M	C	P
0	0.01262	0.01077	0.06452	0.51129	0.11156	0.01106	0.03555	0.01598	0.01144	0.14823	0.01131	0.01427	0.00812	0.00532	0.00522	0.00169	0.00653	0.00473	0.00306	0.00674
1	0.01706	0.15115	0.08302	0.11177	0.01676	0.01121	0.00967	0.04543	0.06034	0.36569	0.03981	0.01663	0.03638	0.00619	0.00494	0.00156	0.00514	0.00495	0.00463	0.00769
2	0.01694	0.11645	0.03778	0.01056	0.01428	0.01420	0.00894	0.46941	0.03050	0.07949	0.01483	0.05611	0.03577	0.06322	0.00655	0.00179	0.00537	0.00540	0.00465	0.00776
3	0.01019	0.02431	0.68137	0.01457	0.02150	0.01148	0.05842	0.01571	0.01098	0.01623	0.01108	0.08028	0.00907	0.00590	0.00516	0.00170	0.00735	0.00492	0.00245	0.00736
4	0.00637	0.00528	0.00557	0.00550	0.00716	0.00449	0.00412	0.00788	0.01237	0.01525	0.17905	0.04817	0.65536	0.01275	0.00615	0.00174	0.00261	0.01072	0.00499	0.00449
5	0.02015	0.01307	0.16489	0.01103	0.01583	0.00945	0.03652	0.08797	0.01489	0.54481	0.01731	0.01583	0.01114	0.00606	0.00521	0.00162	0.00533	0.00495	0.00538	0.00857
6	0.01055	0.02618	0.74549	0.01526	0.02281	0.01216	0.06300	0.01650	0.01107	0.01650	0.00942	0.01117	0.00667	0.00491	0.00502	0.00166	0.00776	0.00398	0.00222	0.00766
7	0.01213	0.00771	0.00834	0.00743	0.00946	0.00812	0.00592	0.21119	0.03267	0.02280	0.08268	0.02270	0.01675	0.00726	0.00462	0.00146	0.00355	0.07010	0.45914	0.00599
8	0.01192	0.01665	0.18431	0.02051	0.02627	0.01295	0.61462	0.01664	0.01203	0.01664	0.01029	0.01343	0.00764	0.00450	0.00590	0.00173	0.00856	0.00568	0.00255	0.00716
9	0.01130	0.01264	0.08752	0.35117	0.27128	0.01215	0.14859	0.01503	0.01126	0.01536	0.00966	0.01334	0.00750	0.00486	0.00533	0.00167	0.00709	0.00483	0.00244	0.00695
10	0.01142	0.25007	0.57544	0.01317	0.01996	0.01449	0.01633	0.01624	0.01088	0.01530	0.00875	0.01025	0.00662	0.00481	0.00450	0.00150	0.00710	0.00355	0.00221	0.00741
11	0.00647	0.00511	0.00584	0.00609	0.00738	0.00448	0.00444	0.00792	0.01193	0.01517	0.18240	0.24089	0.44229	0.01353	0.00630	0.00184	0.00274	0.02571	0.00500	0.00446
12	0.01145	0.02258	0.01159	0.00981	0.01193	0.00921	0.07186	0.25201	0.01495	0.01997	0.06047	0.33445	0.05398	0.08119	0.00777	0.00211	0.00456	0.00954	0.00462	0.00594
13	0.01224	0.10814	0.43583	0.01553	0.08674	0.01233	0.10100	0.01673	0.01158	0.08809	0.02795	0.04042	0.00939	0.00546	0.00504	0.00161	0.00687	0.00470	0.00285	0.00748
14	0.02336	0.00886	0.01209	0.00927	0.01329	0.00765	0.00765	0.02538	0.01491	0.78810	0.02055	0.01773	0.01289	0.00645	0.00524	0.00161	0.00443	0.00524	0.00645	0.00886
15	0.01086	0.01311	0.15091	0.48597	0.18662	0.01196	0.01547	0.03644	0.01122	0.01519	0.00948	0.01314	0.00721	0.00508	0.00515	0.00168	0.00688	0.00450	0.00243	0.00671
16	0.03291	0.01260	0.13007	0.01171	0.01629	0.00983	0.09689	0.06596	0.06771	0.45773	0.03285	0.01640	0.01198	0.00608	0.00529	0.00164	0.00543	0.00519	0.00515	0.00830
17	0.00951	0.00878	0.07685	0.01149	0.07174	0.00756	0.00934	0.07690	0.01264	0.01685	0.02409	0.17494	0.04281	0.01241	0.00655	0.00213	0.00488	0.42052	0.00444	0.00556
18	0.00690	0.00520	0.00638	0.00631	0.00755	0.00468	0.00465	0.00883	0.01328	0.01796	0.47797	0.15380	0.24316	0.01215	0.00622	0.00174	0.00259	0.01062	0.00536	0.00468
19	0.01107	0.13827	0.46838	0.15137	0.04563	0.01332	0.04248	0.01619	0.03753	0.01553	0.00949	0.01157	0.00709	0.00497	0.00482	0.00159	0.00712	0.00400	0.00236	0.00723
20	0.01284	0.02289	0.60710	0.01495	0.06864	0.01134	0.01703	0.01800	0.01173	0.15020	0.01131	0.01228	0.00779	0.00519	0.00501	0.00164	0.00704	0.00414	0.00296	0.00793
21	0.02336	0.00886	0.01209	0.00927	0.01329	0.00765	0.00765	0.02538	0.01491	0.78810	0.02055	0.01773	0.01289	0.00645	0.00524	0.00161	0.00443	0.00524	0.00645	0.00886
22	0.01077	0.02470	0.66081	0.01632	0.04377	0.01226	0.12575	0.01651	0.01120	0.01653	0.00953	0.01148	0.00683	0.00486	0.00512	0.00166	0.00781	0.00420	0.00227	0.00762
23	0.00984	0.00885	0.01433	0.50517	0.02699	0.01047	0.05485	0.04910	0.01102	0.01456	0.01343	0.17319	0.01272	0.00763	0.00608	0.00182	0.04446	0.00675	0.02306	0.00567
24	0.01985	0.01288	0.01436	0.01114	0.01509	0.01381	0.00913	0.54106	0.06596	0.19695	0.01488	0.01463	0.01042	0.02798	0.00579	0.00168	0.00533	0.00496	0.00543	0.00867
25	0.00634	0.00453	0.00604	0.00725	0.00755	0.00423	0.00483	0.00725	0.00997	0.01329	0.02870	0.81358	0.03444	0.01632	0.00665	0.00211	0.00302	0.01480	0.00483	0.00423
26	0.03492	0.01185	0.02959	0.01026	0.01337	0.04097	0.00833	0.39374	0.08009	0.06107	0.14800	0.09580	0.01888	0.00817	0.00570	0.01550	0.00483	0.00650	0.00507	0.00736
27	0.02995	0.00917	0.03240	0.01008	0.01267	0.00885	0.08587	0.14371	0.08012	0.04866	0.17907	0.15477	0.07942	0.00976	0.00590	0.00178	0.00441	0.07281	0.00481	0.02579
28	0.08415	0.02978	0.03109	0.01141	0.01495	0.30548	0.00921	0.18930	0.04667	0.20913	0.01260	0.01249	0.00899	0.00583	0.00484	0.00150	0.00663	0.00418	0.00430	0.00747
29	0.08712	0.08797	0.10327	0.14728	0.02736	0.02750	0.00960	0.04833	0.06169	0.02726	0.07429	0.13335	0.07776	0.00848	0.00529	0.00173	0.00503	0.05694	0.00375	0.00601

[dist]
# distance from previous block
# <min> <max>
2	19

[block]
# block no. 4 follows, 47 sequences, length 34
# corresponding to MSA columns:
# 250-283
name=unknown_E
#
# <colnr> <probs for GDERKNQSTAVLIFYWHMCP>
#	G	D	E	R	K	N	Q	S	T	A	V	L	I	F	Y	W	H	M	C	P
0	0.01523	0.55211	0.02302	0.03042	0.01463	0.17315	0.00930	0.07417	0.02537	0.01411	0.00821	0.00942	0.00713	0.00545	0.01794	0.00135	0.00650	0.00319	0.00261	0.00669
1	0.01190	0.01306	0.10113	0.28546	0.36056	0.02337	0.03047	0.05194	0.02581	0.01646	0.01070	0.01378	0.02217	0.00515	0.00519	0.00163	0.00657	0.00471	0.00267	0.00727
2	0.03426	0.54657	0.13947	0.01045	0.01513	0.11223	0.01057	0.05303	0.01178	0.01422	0.00791	0.00908	0.00675	0.00474	0.00383	0.00126	0.00632	0.00311	0.00245	0.00684
3	0.01293	0.01650	0.27854	0.07766	0.18292	0.01172	0.03803	0.13990	0.01367	0.06497	0.02859	0.05851	0.02502	0.00608	0.00523	0.00163	0.00629	0.00522	0.00334	0.02324
4	0.01064	0.07123	0.74741	0.01451	0.02203	0.01257	0.01866	0.01644	0.01097	0.01626	0.00923	0.01085	0.00660	0.00492	0.00486	0.00162	0.00758	0.00379	0.00220	0.00764
5	0.00993	0.00936	0.01579	0.77991	0.05966	0.01160	0.01451	0.01339	0.01046	0.01342	0.00927	0.01385	0.00698	0.00519	0.00520	0.00173	0.00692	0.00463	0.00232	0.00586
6	0.00705	0.00476	0.00618	0.00673	0.00722	0.00446	0.00455	0.00755	0.01000	0.01330	0.12371	0.42149	0.10798	0.08680	0.01076	0.15464	0.00336	0.01122	0.00434	0.00389
7	0.01057	0.02607	0.73864	0.01532	0.02286	0.01217	0.06973	0.01650	0.01108	0.01650	0.00943	0.01120	0.00669	0.00491	0.00503	0.00166	0.00777	0.00400	0.00223	0.00765
8	0.01980	0.01459	0.01563	0.01198	0.01615	0.01615	0.00990	0.76713	0.02448	0.03282	0.01250	0.01250	0.00886	0.00625	0.00521	0.00156	0.00573	0.00469	0.00521	0.00886
9	0.08663	0.00616	0.00711	0.00662	0.00851	0.00568	0.00505	0.01151	0.01279	0.12775	0.28476	0.11857	0.27756	0.01094	0.00580	0.00172	0.00300	0.00930	0.00522	0.00530
10	0.01281	0.01229	0.02099	0.05294	0.76417	0.01235	0.01594	0.01591	0.01182	0.01691	0.00978	0.01292	0.00821	0.00466	0.00516	0.00155	0.00621	0.00464	0.00257	0.00818
11	0.02238	0.00875	0.01184	0.00917	0.01304	0.00765	0.00754	0.02471	0.03265	0.73455	0.05594	0.01875	0.01465	0.00666	0.00528	0.00162	0.00433	0.00545	0.00639	0.00866
12	0.02319	0.00914	0.01225	0.00939	0.01343	0.00806	0.00776	0.06072	0.01536	0.75212	0.02016	0.01748	0.01270	0.00644	0.00524	0.00161	0.00449	0.00521	0.00639	0.00886
13	0.01735	0.01060	0.01226	0.00985	0.01313	0.01092	0.00793	0.37553	0.01874	0.22640	0.09534	0.09382	0.05485	0.02127	0.00584	0.00170	0.00464	0.00661	0.00550	0.00771
14	0.00670	0.00523	0.00608	0.00602	0.00741	0.00460	0.00445	0.00847	0.01293	0.01694	0.36598	0.11793	0.39383	0.01239	0.00620	0.00174	0.00260	0.01067	0.00522	0.00460
15	0.02052	0.01343	0.01491	0.01143	0.01557	0.01444	0.00945	0.61754	0.02255	0.18514	0.01412	0.01356	0.00967	0.00629	0.00522	0.00157	0.00547	0.00480	0.00546	0.00886
16	0.02238	0.01044	0.01306	0.01002	0.01408	0.01000	0.00827	0.23018	0.01755	0.57957	0.01832	0.01628	0.01178	0.00639	0.00523	0.00160	0.00479	0.00509	0.00610	0.00886
17	0.00830	0.00545	0.00657	0.00649	0.00788	0.00485	0.00472	0.00978	0.01215	0.09252	0.21864	0.22836	0.30011	0.06104	0.00740	0.00200	0.00301	0.01075	0.00511	0.00485
18	0.00910	0.00573	0.00739	0.00674	0.00834	0.00518	0.00514	0.01139	0.01448	0.10882	0.62177	0.03756	0.11743	0.01041	0.00604	0.00165	0.00270	0.00909	0.00573	0.00532
19	0.85377	0.01007	0.00765	0.00685	0.01007	0.01168	0.00564	0.01531	0.00886	0.02336	0.00725	0.00846	0.00564	0.00483	0.00322	0.00161	0.00403	0.00282	0.00322	0.00564
20	0.01202	0.01014	0.01094	0.00997	0.01258	0.01152	0.00773	0.03837	0.61988	0.02136	0.11015	0.06022	0.02081	0.00806	0.00550	0.00178	0.00392	0.02213	0.00532	0.00760
21	0.00661	0.00480	0.00609	0.00687	0.00744	0.00445	0.00469	0.00770	0.01056	0.01399	0.11224	0.54352	0.12377	0.08868	0.00837	0.00230	0.00315	0.03574	0.00478	0.00424
22	0.02179	0.00952	0.01230	0.00954	0.01341	0.00881	0.00784	0.12325	0.03960	0.62669	0.05665	0.01812	0.01422	0.00664	0.00528	0.00161	0.00450	0.00539	0.00621	0.00865
23	0.37014	0.01310	0.08970	0.01020	0.01426	0.01263	0.04557	0.25067	0.01462	0.09520	0.01053	0.01129	0.00760	0.00576	0.00479	0.02368	0.00521	0.00393	0.00398	0.00712
24	0.00688	0.00477	0.00616	0.00704	0.00761	0.00439	0.00478	0.00788	0.01037	0.03502	0.05805	0.66538	0.10272	0.04353	0.00724	0.00215	0.00308	0.01374	0.00485	0.00436
25	0.01080	0.00926	0.01080	0.00771	0.01234	0.00694	0.00617	0.01311	0.01080	0.01697	0.00926	0.01080	0.00771	0.00386	0.00386	0.00077	0.00386	0.00309	0.00309	0.84882
26	0.00665	0.00520	0.00552	0.00552	0.00671	0.00461	0.00381	0.00765	0.01079	0.01337	0.09013	0.06320	0.49726	0.24308	0.01199	0.00270	0.00332	0.01000	0.00441	0.00407
27	0.01670	0.01133	0.01256	0.01015	0.01330	0.01225	0.00812	0.45674	0.05925	0.10266	0.01540	0.06077	0.01242	0.07402	0.04365	0.00218	0.00544	0.00566	0.06980	0.00760
28	0.00716	0.00499	0.00616	0.00676	0.00707	0.00484	0.00433	0.02601	0.00954	0.01276	0.04156	0.48426	0.02837	0.31521	0.01402	0.00319	0.00383	0.01173	0.00424	0.00396
29	0.01453	0.01115	0.01221	0.01042	0.01335	0.02963	0.00829	0.25588	0.30779	0.06292	0.05935	0.01820	0.01468	0.01246	0.14192	0.00282	0.00637	0.00556	0.00486	0.00761
30	0.01175	0.01410	0.11380	0.16922	0.04754	0.01239	0.42693	0.05749	0.01260	0.01718	0.05625	0.01502	0.01009	0.00509	0.00575	0.00172	0.00768	0.00566	0.00285	0.00688
31	0.08722	0.00662	0.00789	0.00698	0.00900	0.00622	0.00539	0.03190	0.01388	0.11634	0.47509	0.03240	0.10619	0.02512	0.00603	0.00167	0.00307	0.00798	0.00532	0.04570
32	0.04428	0.07059	0.03010	0.01102	0.01428	0.04413	0.03587	0.17248	0.36646	0.03615	0.05315	0.01736	0.03211	0.00682	0.00564	0.00167	0.04019	0.00540	0.00462	0.00767
33	0.04744	0.13614	0.05986	0.01150	0.01561	0.09199	0.00997	0.43946	0.09527	0.02544	0.01179	0.01204	0.00879	0.00586	0.00480	0.00150	0.00595	0.00428	0.00429	0.00802

[dist]
# distance from previous block
# <min> <max>
0	1

[block]
# block no. 5 follows, 47 sequences, length 55
# corresponding to MSA columns:
# 285-339
name=unknown_F
#
# <colnr> <probs for GDERKNQSTAVLIFYWHMCP>
#	G	D	E	R	K	N	Q	S	T	A	V	L	I	F	Y	W	H	M	C	P
0	0.09279	0.00982	0.04985	0.02501	0.01174	0.02339	0.00728	0.13717	0.14249	0.03206	0.06812	0.09405	0.12944	0.08538	0.05238	0.00241	0.00496	0.02113	0.00440	0.00612
1	0.01312	0.01190	0.09000	0.00992	0.01362	0.01052	0.00869	0.24067	0.11480	0.03970	0.07985	0.04943	0.06167	0.02175	0.00560	0.00159	0.00470	0.04419	0.00447	0.17381
2	0.11551	0.01592	0.17729	0.04796	0.02450	0.01271	0.49643	0.01635	0.01154	0.01734	0.00985	0.01275	0.00733	0.00459	0.00551	0.00172	0.00791	0.00523	0.00261	0.00694
3	0.00773	0.00512	0.00675	0.00737	0.00821	0.00464	0.00510	0.00886	0.01054	0.06249	0.06067	0.68048	0.03213	0.01469	0.00637	0.00198	0.00314	0.01325	0.00487	0.05559
4	0.00742	0.00551	0.00633	0.00641	0.00765	0.00501	0.00454	0.03575	0.01148	0.02957	0.09889	0.28011	0.33555	0.11402	0.00875	0.00224	0.00322	0.01111	0.00471	0.02174
5	0.00677	0.00513	0.00736	0.00784	0.00850	0.00478	0.04413	0.00796	0.01044	0.01398	0.08734	0.65886	0.05756	0.04392	0.00728	0.00215	0.00334	0.01355	0.00473	0.00439
6	0.01289	0.04751	0.01406	0.08150	0.01595	0.05122	0.03491	0.13882	0.01307	0.01850	0.00951	0.01134	0.00768	0.00489	0.00528	0.00118	0.06411	0.00371	0.00323	0.46065
7	0.00904	0.00701	0.00931	0.00903	0.01040	0.00707	0.05352	0.11305	0.06912	0.01682	0.02526	0.58007	0.04248	0.01344	0.00631	0.00198	0.00383	0.01214	0.00478	0.00534
8	0.19375	0.01035	0.01150	0.00929	0.01280	0.01071	0.00756	0.21773	0.05610	0.30681	0.06790	0.04572	0.01375	0.00675	0.00493	0.00163	0.00449	0.00526	0.00528	0.00771
9	0.11164	0.00621	0.00650	0.00619	0.00800	0.00593	0.00468	0.01040	0.04822	0.03308	0.24051	0.05043	0.39765	0.04037	0.00648	0.00183	0.00296	0.00913	0.00487	0.00491
10	0.01288	0.01085	0.01013	0.00910	0.01158	0.13517	0.00701	0.01902	0.27030	0.11080	0.16821	0.02722	0.16893	0.00858	0.00552	0.00165	0.00441	0.00706	0.00501	0.00659
11	0.00855	0.00593	0.00665	0.00642	0.00696	0.00600	0.00402	0.08080	0.00970	0.01284	0.01943	0.10939	0.06562	0.61171	0.02127	0.00423	0.00477	0.00821	0.00362	0.00389
12	0.00961	0.00593	0.00681	0.00630	0.00835	0.00507	0.00482	0.01116	0.01263	0.16408	0.12037	0.09063	0.51117	0.01182	0.00601	0.00174	0.00299	0.00996	0.00524	0.00530
13	0.04970	0.01402	0.01489	0.01152	0.01553	0.01553	0.00949	0.69995	0.03694	0.03181	0.01263	0.01272	0.00902	0.00621	0.00508	0.00156	0.00552	0.00465	0.03465	0.00859
14	0.01009	0.00522	0.00526	0.00512	0.00644	0.00528	0.00387	0.04038	0.01143	0.01992	0.01682	0.01916	0.01318	0.00607	0.00370	0.00123	0.00255	0.00485	0.81444	0.00500
15	0.02247	0.00880	0.01183	0.00914	0.01296	0.00771	0.00747	0.04137	0.01474	0.73062	0.02015	0.01845	0.01311	0.04839	0.00634	0.00179	0.00449	0.00535	0.00625	0.00857
16	0.00634	0.00453	0.00604	0.00725	0.00755	0.00423	0.00483	0.00725	0.00997	0.01329	0.02870	0.81358	0.03444	0.01632	0.00665	0.00211	0.00302	0.01480	0.00483	0.00423
17	0.00756	0.00510	0.00593	0.00593	0.00601	0.00518	0.00347	0.00773	0.00765	0.01028	0.01618	0.03282	0.01839	0.74512	0.09762	0.00536	0.00587	0.00739	0.00312	0.00329
18	0.85377	0.01007	0.00765	0.00685	0.01007	0.01168	0.00564	0.01531	0.00886	0.02336	0.00725	0.00846	0.00564	0.00483	0.00322	0.00161	0.00403	0.00282	0.00322	0.00564
19	0.00812	0.00550	0.00712	0.00661	0.00802	0.00502	0.00500	0.01048	0.01457	0.06016	0.69664	0.03851	0.09324	0.01059	0.00610	0.00164	0.00257	0.00930	0.00571	0.00509
20	0.01295	0.01119	0.01178	0.01060	0.01354	0.01295	0.00824	0.02767	0.77509	0.02178	0.02120	0.01943	0.01590	0.00707	0.00530	0.00177	0.00412	0.00589	0.00530	0.00824
21	0.00755	0.00513	0.00610	0.00610	0.00624	0.00528	0.00368	0.00784	0.00770	0.01041	0.01603	0.03197	0.01802	0.69629	0.14594	0.00556	0.00643	0.00726	0.00310	0.00339
22	0.00983	0.00926	0.01562	0.80447	0.03587	0.01157	0.01446	0.01331	0.01041	0.01331	0.00926	0.01388	0.00694	0.00521	0.00521	0.00174	0.00694	0.00463	0.00231	0.00579
23	0.00744	0.00558	0.00837	0.00837	0.00930	0.00651	0.00651	0.00930	0.00837	0.01209	0.01395	0.02046	0.01302	0.03906	0.79635	0.00837	0.01395	0.00558	0.00279	0.00465
24	0.01842	0.00902	0.01123	0.00919	0.01259	0.00868	0.00740	0.02382	0.21767	0.48287	0.07610	0.02162	0.06274	0.00731	0.00537	0.00166	0.00410	0.00605	0.00599	0.00815
25	0.00696	0.00534	0.00640	0.00623	0.00765	0.00477	0.00473	0.00899	0.01351	0.01803	0.46651	0.04418	0.32596	0.01180	0.00620	0.00172	0.00265	0.04831	0.00534	0.00471
26	0.00983	0.00926	0.01562	0.80447	0.03587	0.01157	0.01446	0.01331	0.01041	0.01331	0.00926	0.01388	0.00694	0.00521	0.00521	0.00174	0.00694	0.00463	0.00231	0.00579
27	0.01002	0.00952	0.01620	0.74928	0.03491	0.01168	0.04788	0.01382	0.02996	0.01367	0.00962	0.01403	0.00721	0.00522	0.00525	0.00174	0.00695	0.00473	0.00240	0.00590
28	0.01426	0.77161	0.02652	0.00919	0.01353	0.06790	0.00898	0.01591	0.01084	0.01228	0.00729	0.00842	0.00668	0.00451	0.00342	0.00113	0.00580	0.00282	0.00226	0.00664
29	0.00640	0.00459	0.00605	0.00715	0.00752	0.00427	0.00479	0.00736	0.01015	0.01354	0.05722	0.75454	0.05165	0.02918	0.00694	0.00214	0.00302	0.01440	0.00484	0.00424
30	0.06639	0.71209	0.08104	0.00921	0.01382	0.01943	0.00945	0.01564	0.01050	0.01326	0.00739	0.00855	0.00661	0.00451	0.00345	0.00118	0.00563	0.00286	0.00229	0.00669
31	0.01809	0.22079	0.01785	0.01231	0.01543	0.60499	0.00978	0.01951	0.01373	0.01262	0.00785	0.00914	0.00670	0.00514	0.00436	0.00129	0.00845	0.00321	0.00257	0.00620
32	0.02167	0.00664	0.00706	0.00664	0.00812	0.02094	0.00478	0.08643	0.01242	0.03107	0.13184	0.09736	0.32225	0.20707	0.01094	0.00254	0.00373	0.00922	0.00455	0.00475
33	0.01203	0.01326	0.02636	0.01950	0.02321	0.01399	0.54256	0.01545	0.01102	0.01545	0.00944	0.01326	0.00759	0.00579	0.00938	0.00191	0.24496	0.00568	0.00253	0.00663
34	0.00634	0.00453	0.00604	0.00725	0.00755	0.00423	0.00483	0.00725	0.00997	0.01329	0.02870	0.81358	0.03444	0.01632	0.00665	0.00211	0.00302	0.01480	0.00483	0.00423
35	0.01289	0.01237	0.02114	0.03196	0.78450	0.01237	0.01598	0.01598	0.01186	0.01701	0.00980	0.01289	0.00825	0.00464	0.00516	0.00155	0.00619	0.00464	0.00258	0.00825
36	0.01554	0.01247	0.01323	0.01112	0.01453	0.01416	0.00887	0.30747	0.49108	0.02596	0.01791	0.01681	0.01323	0.00676	0.00527	0.00169	0.00473	0.00543	0.00527	0.00847
37	0.85377	0.01007	0.00765	0.00685	0.01007	0.01168	0.00564	0.01531	0.00886	0.02336	0.00725	0.00846	0.00564	0.00483	0.00322	0.00161	0.00403	0.00282	0.00322	0.00564
38	0.01519	0.00927	0.01082	0.00928	0.01228	0.00960	0.00733	0.02326	0.37598	0.27227	0.12511	0.02341	0.06749	0.00773	0.00545	0.00170	0.00391	0.00647	0.00570	0.00776
39	0.01752	0.00986	0.01165	0.00916	0.01263	0.00967	0.00744	0.26022	0.01713	0.28985	0.10798	0.01812	0.01551	0.00660	0.00502	0.00147	0.00433	0.00531	0.10280	0.08773
40	0.03929	0.00885	0.01173	0.00914	0.01295	0.00790	0.00750	0.03584	0.04261	0.68613	0.06617	0.01879	0.01498	0.00669	0.00525	0.00162	0.00431	0.00545	0.00627	0.00853
41	0.02336	0.00886	0.01209	0.00927	0.01329	0.00765	0.00765	0.02538	0.01491	0.78810	0.02055	0.01773	0.01289	0.00645	0.00524	0.00161	0.00443	0.00524	0.00645	0.00886
42	0.00757	0.00505	0.00568	0.00568	0.00568	0.00505	0.00316	0.00757	0.00757	0.01010	0.01641	0.03408	0.01893	0.81698	0.02651	0.00505	0.00505	0.00757	0.00316	0.00316
43	0.59898	0.00993	0.00915	0.00770	0.01117	0.01079	0.00635	0.04801	0.01110	0.22773	0.01101	0.01109	0.00770	0.00532	0.00384	0.00161	0.00420	0.00354	0.00416	0.00663
44	0.00709	0.00505	0.00598	0.00611	0.00670	0.00477	0.00398	0.00801	0.01026	0.01370	0.19688	0.18068	0.14042	0.37006	0.01528	0.00326	0.00374	0.00982	0.00429	0.00393
45	0.00727	0.00532	0.00682	0.00645	0.00772	0.00487	0.00484	0.00964	0.01451	0.02033	0.72261	0.03981	0.10862	0.01085	0.00614	0.00165	0.00247	0.00955	0.00566	0.00487
46	0.01208	0.01155	0.01968	0.23632	0.58646	0.01216	0.01558	0.01527	0.01148	0.01603	0.00965	0.01315	0.00790	0.00479	0.00517	0.00160	0.00639	0.00464	0.00251	0.00760
47	0.85377	0.01007	0.00765	0.00685	0.01007	0.01168	0.00564	0.01531	0.00886	0.02336	0.00725	0.00846	0.00564	0.00483	0.00322	0.00161	0.00403	0.00282	0.00322	0.00564
48	0.00740	0.00485	0.00638	0.00726	0.00788	0.00445	0.00496	0.00840	0.01039	0.06198	0.02964	0.71749	0.07829	0.01551	0.00653	0.00206	0.00309	0.01397	0.00494	0.00453
49	0.26458	0.00947	0.01096	0.00868	0.01248	0.00920	0.00717	0.05561	0.01358	0.53206	0.01632	0.01480	0.01060	0.00597	0.00465	0.00161	0.00437	0.00451	0.00545	0.00793
50	0.04366	0.00870	0.01129	0.01012	0.01270	0.00904	0.05335	0.01917	0.25187	0.17614	0.02200	0.08238	0.03794	0.01155	0.06817	0.00241	0.00527	0.16248	0.00495	0.00682
51	0.00840	0.00517	0.00691	0.00744	0.00832	0.00476	0.00527	0.00972	0.01130	0.09781	0.14334	0.58308	0.03423	0.01432	0.00644	0.00200	0.00315	0.03835	0.00514	0.00485
52	0.21712	0.12990	0.23986	0.01076	0.01562	0.01352	0.01109	0.14983	0.06111	0.07253	0.02638	0.01183	0.00865	0.00543	0.00442	0.00155	0.00561	0.00393	0.00353	0.00732
53	0.30449	0.01069	0.01252	0.07639	0.01539	0.01145	0.05549	0.12793	0.08700	0.22956	0.01332	0.01341	0.00930	0.00569	0.00460	0.00164	0.00493	0.00440	0.00447	0.00732
54	0.67545	0.01018	0.02056	0.00743	0.01072	0.01117	0.00620	0.05477	0.01058	0.08889	0.05550	0.01134	0.00907	0.00540	0.00370	0.00161	0.00411	0.00354	0.00374	0.00607

[dist]
# distance from previous block
# <min> <max>
0	4

[block]
# block no. 6 follows, 47 sequences, length 26
# corresponding to MSA columns:
# 344-369
name=unknown_G
#
# <colnr> <probs for GDERKNQSTAVLIFYWHMCP>
#	G	D	E	R	K	N	Q	S	T	A	V	L	I	F	Y	W	H	M	C	P
0	0.00741	0.00572	0.00823	0.00831	0.00924	0.00538	0.05990	0.02568	0.01036	0.01389	0.02558	0.59738	0.04397	0.09211	0.00841	0.00231	0.00377	0.03371	0.00446	0.03419
1	0.01103	0.07122	0.56893	0.01407	0.03575	0.03978	0.03591	0.01690	0.06620	0.01682	0.06588	0.01352	0.01041	0.00548	0.00499	0.00161	0.00699	0.00439	0.00271	0.00741
2	0.12880	0.00572	0.00660	0.00712	0.00810	0.00561	0.00496	0.00891	0.00966	0.01468	0.02305	0.53950	0.02683	0.10219	0.00819	0.00229	0.00350	0.03455	0.00431	0.05543
3	0.01619	0.19864	0.03850	0.01096	0.01413	0.30178	0.00900	0.17855	0.02972	0.01686	0.01033	0.01362	0.00910	0.12221	0.00766	0.00189	0.00696	0.00418	0.00323	0.00647
4	0.04457	0.05804	0.01168	0.01827	0.01221	0.02981	0.00700	0.06300	0.11823	0.22982	0.01639	0.03633	0.03645	0.06988	0.00745	0.05579	0.00453	0.00513	0.00443	0.17099
5	0.19849	0.14683	0.27535	0.01086	0.01593	0.01227	0.04207	0.02647	0.01139	0.14743	0.01313	0.01364	0.05418	0.00558	0.00448	0.00156	0.00571	0.00422	0.00336	0.00707
6	0.08489	0.01322	0.01552	0.01260	0.04296	0.01435	0.06400	0.47572	0.11155	0.09192	0.01356	0.01358	0.00969	0.00606	0.00513	0.00161	0.00553	0.00483	0.00489	0.00837
7	0.12897	0.00564	0.00608	0.00630	0.00696	0.00574	0.00407	0.00865	0.00881	0.01337	0.04052	0.25280	0.05462	0.41687	0.01610	0.00349	0.00415	0.00914	0.00378	0.00392
8	0.00889	0.00593	0.00777	0.00765	0.00901	0.00550	0.03057	0.03694	0.01132	0.08047	0.03107	0.32222	0.22923	0.04513	0.00830	0.07297	0.00369	0.07395	0.00463	0.00477
9	0.01799	0.07278	0.07299	0.01237	0.01678	0.01546	0.05574	0.57460	0.02115	0.04849	0.01241	0.03326	0.00925	0.00618	0.00515	0.00156	0.00594	0.00486	0.00465	0.00839
10	0.01073	0.00982	0.01433	0.02587	0.06893	0.01206	0.05507	0.06578	0.01041	0.01502	0.04918	0.14744	0.01447	0.02828	0.07107	0.00259	0.38325	0.00674	0.00318	0.00578
11	0.08375	0.00846	0.01028	0.00842	0.01155	0.00804	0.00678	0.07150	0.06236	0.40014	0.16796	0.02412	0.09839	0.00784	0.00535	0.00164	0.00391	0.00644	0.00573	0.00735
12	0.00718	0.00537	0.00732	0.01901	0.00847	0.00518	0.03574	0.00825	0.00995	0.01320	0.08229	0.34004	0.11688	0.20947	0.06680	0.02187	0.00456	0.03009	0.00417	0.00418
13	0.01335	0.53421	0.11591	0.01167	0.06975	0.02800	0.01075	0.05474	0.01154	0.01443	0.00942	0.01295	0.00859	0.00547	0.00442	0.00136	0.02682	0.05716	0.00260	0.00686
14	0.66666	0.01011	0.00977	0.00815	0.01163	0.01111	0.05165	0.01705	0.01006	0.14870	0.00963	0.01032	0.00697	0.00507	0.00373	0.00162	0.00438	0.00342	0.00372	0.00625
15	0.04625	0.00969	0.01207	0.00950	0.01321	0.00931	0.00777	0.14107	0.07520	0.52320	0.08110	0.01848	0.01522	0.00676	0.00525	0.00162	0.00444	0.00547	0.00600	0.00839
16	0.00691	0.00504	0.00640	0.00659	0.00750	0.00464	0.00468	0.00858	0.01242	0.01698	0.40717	0.29686	0.12174	0.06114	0.00753	0.00201	0.00282	0.01126	0.00518	0.00453
17	0.01041	0.00962	0.06524	0.00916	0.01108	0.06493	0.00757	0.12135	0.01169	0.01608	0.01484	0.09714	0.01401	0.07252	0.37619	0.00498	0.00940	0.00614	0.07219	0.00547
18	0.00880	0.00590	0.00746	0.00703	0.00842	0.00561	0.00521	0.01177	0.06826	0.07479	0.53005	0.11697	0.05829	0.05921	0.00729	0.00190	0.00294	0.00935	0.00548	0.00525
19	0.07688	0.01139	0.01237	0.00993	0.01330	0.01217	0.00805	0.45422	0.01942	0.10732	0.07367	0.06562	0.07682	0.00765	0.00526	0.00162	0.00474	0.00608	0.02591	0.00760
20	0.03227	0.02368	0.61091	0.01694	0.08506	0.01224	0.11343	0.01644	0.01118	0.01673	0.00948	0.01147	0.00687	0.00485	0.00507	0.00165	0.00762	0.00418	0.00231	0.00760
21	0.10747	0.04594	0.01475	0.01204	0.01539	0.39732	0.00950	0.29767	0.01761	0.02132	0.00959	0.01042	0.00739	0.00561	0.00469	0.00144	0.00734	0.00378	0.00366	0.00707
22	0.00697	0.00540	0.00641	0.00684	0.00792	0.00508	0.00486	0.00933	0.07368	0.01525	0.13728	0.41770	0.25634	0.01387	0.00632	0.00192	0.00292	0.01222	0.00499	0.00470
23	0.00681	0.00482	0.00591	0.00652	0.00688	0.00460	0.00419	0.00748	0.00937	0.01238	0.04295	0.43272	0.09909	0.29967	0.02977	0.00324	0.00391	0.01158	0.00422	0.00389
24	0.00674	0.00534	0.00583	0.00585	0.00733	0.00471	0.00430	0.00826	0.03546	0.01451	0.11820	0.10780	0.56156	0.01340	0.00733	0.07094	0.00285	0.01046	0.00473	0.00438
25	0.00784	0.00539	0.00610	0.00585	0.00622	0.00520	0.00340	0.00803	0.00784	0.01066	0.01582	0.03218	0.01802	0.75056	0.02466	0.00470	0.00495	0.00721	0.00315	0.07223

[dist]
# distance from previous block
# <min> <max>
0	1

[block]
# block no. 7 follows, 47 sequences, length 22
# corresponding to MSA columns:
# 371-392
name=unknown_H
#
# <colnr> <probs for GDERKNQSTAVLIFYWHMCP>
#	G	D	E	R	K	N	Q	S	T	A	V	L	I	F	Y	W	H	M	C	P
0	0.12073	0.00610	0.00694	0.00705	0.00856	0.00588	0.00515	0.01096	0.03127	0.09707	0.07256	0.39942	0.18398	0.01254	0.00588	0.00188	0.00322	0.01087	0.00485	0.00508
1	0.01071	0.00822	0.01113	0.00914	0.01093	0.00825	0.10575	0.12523	0.04018	0.02660	0.01486	0.02574	0.01498	0.48269	0.01776	0.00359	0.00549	0.00654	0.01679	0.05543
2	0.02228	0.00902	0.01202	0.00928	0.01317	0.00802	0.00764	0.06933	0.01547	0.70097	0.06126	0.01856	0.01461	0.00666	0.00528	0.00161	0.00440	0.00543	0.00633	0.00865
3	0.20919	0.11744	0.01336	0.00902	0.01283	0.01151	0.00761	0.08310	0.08844	0.37422	0.01517	0.01412	0.01039	0.00586	0.00453	0.00156	0.00457	0.00438	0.00494	0.00778
4	0.00703	0.00525	0.00653	0.00633	0.00760	0.00475	0.00470	0.00912	0.01376	0.01883	0.56692	0.10069	0.20604	0.01163	0.00618	0.00170	0.00254	0.01017	0.00547	0.00475
5	0.18898	0.01221	0.11519	0.11733	0.01721	0.01061	0.00995	0.09672	0.03326	0.32721	0.01401	0.01393	0.00943	0.00575	0.00478	0.00163	0.00525	0.00444	0.00451	0.00762
6	0.00968	0.00611	0.00780	0.00815	0.00937	0.00598	0.00594	0.01268	0.11227	0.11934	0.02652	0.54280	0.02873	0.01361	0.00632	0.00202	0.00349	0.06864	0.00511	0.00543
7	0.01187	0.60178	0.02150	0.00820	0.01174	0.01624	0.00770	0.01339	0.01067	0.01263	0.01618	0.12275	0.11332	0.00722	0.00416	0.00133	0.00484	0.00550	0.00293	0.00605
8	0.00754	0.00574	0.00772	0.11447	0.01107	0.00616	0.00583	0.00876	0.00896	0.01188	0.02074	0.10134	0.11843	0.32102	0.22315	0.00478	0.00716	0.00776	0.00332	0.00417
9	0.00900	0.00494	0.00528	0.00525	0.00626	0.00488	0.00376	0.01102	0.01089	0.01804	0.11856	0.03946	0.01937	0.13349	0.00760	0.00189	0.00285	0.00607	0.58680	0.00458
10	0.00788	0.00571	0.00682	0.00658	0.00760	0.00527	0.00451	0.00890	0.00983	0.01349	0.12101	0.10657	0.06237	0.40708	0.01599	0.00332	0.00421	0.08094	0.00389	0.11804
11	0.01247	0.01193	0.02005	0.13241	0.59743	0.01234	0.04358	0.01655	0.07018	0.01687	0.01063	0.01357	0.00865	0.00489	0.00521	0.00160	0.00623	0.00479	0.00275	0.00788
12	0.01012	0.00767	0.00912	0.06950	0.01195	0.03719	0.00712	0.03354	0.12555	0.05690	0.12451	0.14392	0.03435	0.12739	0.00907	0.00238	0.00448	0.17518	0.00459	0.00545
13	0.10727	0.01196	0.03702	0.29119	0.17756	0.05792	0.01222	0.10443	0.01306	0.12225	0.01098	0.01310	0.00807	0.00534	0.00494	0.00162	0.00615	0.00442	0.00338	0.00711
14	0.00699	0.00544	0.00721	0.11439	0.01109	0.00540	0.00578	0.00835	0.01055	0.01371	0.08808	0.40091	0.18874	0.09883	0.00842	0.00226	0.00364	0.01144	0.00438	0.00441
15	0.00734	0.00552	0.00675	0.00746	0.00816	0.00549	0.00510	0.01005	0.11327	0.01418	0.02769	0.59649	0.06645	0.08992	0.00830	0.00233	0.00334	0.01274	0.00474	0.00468
