[name]
unknown

[dist]
# distance from previous block
# <min> <max>
0	0

[block]
# block no. 0 follows, 41 sequences, length 115
# corresponding to MSA columns:
# 0-114
name=unknown_A
#
# <colnr> <probs for GDERKNQSTAVLIFYWHMCP>
#	G	D	E	R	K	N	Q	S	T	A	V	L	I	F	Y	W	H	M	C	P
0	0.00922	0.00658	0.00922	0.01053	0.01185	0.00658	0.00922	0.01185	0.01317	0.01712	0.03029	0.06452	0.03292	0.01580	0.00790	0.00263	0.00527	0.72480	0.00527	0.00527
1	0.02116	0.01573	0.01684	0.01304	0.01752	0.01747	0.01073	0.68914	0.08293	0.03511	0.01447	0.01432	0.01032	0.00694	0.00573	0.00173	0.00616	0.00525	0.00573	0.00968
2	0.00696	0.00501	0.00660	0.00788	0.00827	0.00465	0.00527	0.00797	0.01103	0.01463	0.03253	0.76704	0.06539	0.01779	0.00728	0.00231	0.00330	0.01610	0.00531	0.00465
3	0.00726	0.00512	0.00653	0.00754	0.00783	0.00485	0.00488	0.00805	0.01041	0.01384	0.02907	0.61115	0.04909	0.19172	0.01215	0.00303	0.00381	0.01441	0.00490	0.00439
4	0.02056	0.01539	0.01716	0.09691	0.02009	0.01719	0.01142	0.66508	0.02522	0.03372	0.01335	0.01390	0.00950	0.00674	0.00572	0.00174	0.00644	0.00514	0.00538	0.00936
5	0.01080	0.01017	0.01716	0.78523	0.03940	0.01271	0.01589	0.01461	0.01144	0.01461	0.01017	0.01525	0.00762	0.00572	0.00572	0.00191	0.00762	0.00508	0.00254	0.00635
6	0.00828	0.00553	0.00625	0.00629	0.00630	0.00552	0.00352	0.00831	0.00840	0.01120	0.01843	0.06048	0.02131	0.77523	0.02845	0.00545	0.00548	0.00856	0.00352	0.00350
7	0.00832	0.00555	0.00624	0.00624	0.00624	0.00555	0.00347	0.00832	0.00832	0.01109	0.01802	0.03743	0.02080	0.79898	0.02911	0.00555	0.00555	0.00832	0.00347	0.00347
8	0.00852	0.00664	0.00986	0.00966	0.01060	0.00798	0.00758	0.01050	0.00916	0.01332	0.01470	0.02167	0.01376	0.04027	0.71576	0.00866	0.07713	0.00604	0.00302	0.00520
9	0.01253	0.01193	0.02027	0.39974	0.41141	0.01316	0.01674	0.01613	0.01225	0.01671	0.01047	0.01469	0.00836	0.00540	0.00569	0.00180	0.00720	0.00509	0.00269	0.00774
10	0.01080	0.01017	0.01716	0.78523	0.03940	0.01271	0.01589	0.01461	0.01144	0.01461	0.01017	0.01525	0.00762	0.00572	0.00572	0.00191	0.00762	0.00508	0.00254	0.00635
11	0.01186	0.01017	0.01186	0.00847	0.01356	0.00762	0.00678	0.01440	0.01186	0.01864	0.01017	0.01186	0.00847	0.00424	0.00424	0.00085	0.00424	0.00339	0.00339	0.83395
12	0.01186	0.01017	0.01186	0.00847	0.01356	0.00762	0.00678	0.01440	0.01186	0.01864	0.01017	0.01186	0.00847	0.00424	0.00424	0.00085	0.00424	0.00339	0.00339	0.83395
13	0.01544	0.78337	0.02963	0.00991	0.01475	0.04115	0.00982	0.01727	0.01173	0.01347	0.00797	0.00920	0.00734	0.00492	0.00371	0.00123	0.00622	0.00307	0.00246	0.00732
14	0.83938	0.01106	0.00841	0.00752	0.01106	0.01283	0.00619	0.01681	0.00973	0.02566	0.00796	0.00929	0.00619	0.00531	0.00354	0.00177	0.00442	0.00310	0.00354	0.00619
15	0.00697	0.00498	0.00664	0.00796	0.00830	0.00465	0.00531	0.00796	0.01095	0.01460	0.03153	0.79525	0.03783	0.01792	0.00730	0.00232	0.00332	0.01626	0.00531	0.00465
16	0.00697	0.00498	0.00664	0.00796	0.00830	0.00465	0.00531	0.00796	0.01095	0.01460	0.03153	0.79525	0.03783	0.01792	0.00730	0.00232	0.00332	0.01626	0.00531	0.00465
17	0.01147	0.02959	0.76934	0.01630	0.02476	0.01328	0.02113	0.01811	0.01208	0.01811	0.01026	0.01208	0.00725	0.00543	0.00543	0.00181	0.00845	0.00423	0.00242	0.00845
18	0.00790	0.00547	0.00626	0.00651	0.00678	0.00530	0.00391	0.00824	0.00932	0.01222	0.02487	0.18067	0.10427	0.56822	0.02262	0.00455	0.00484	0.01021	0.00401	0.00383
19	0.01272	0.10668	0.01186	0.00840	0.01108	0.00922	0.00679	0.06656	0.05567	0.13679	0.29125	0.06497	0.17484	0.01038	0.00611	0.00177	0.00388	0.00872	0.00564	0.00668
20	0.01408	0.55777	0.26403	0.01185	0.01787	0.01967	0.01338	0.01744	0.01177	0.01493	0.00868	0.01009	0.00731	0.00506	0.00423	0.00141	0.00686	0.00343	0.00244	0.00769
21	0.01090	0.01026	0.01732	0.76432	0.05957	0.01273	0.01593	0.01470	0.01148	0.01473	0.01018	0.01522	0.00766	0.00570	0.00572	0.00190	0.00760	0.00508	0.00255	0.00643
22	0.00791	0.00584	0.00739	0.00700	0.00843	0.00532	0.00525	0.01043	0.01575	0.02188	0.66136	0.04446	0.15355	0.01209	0.00675	0.00182	0.00273	0.01059	0.00616	0.00532
23	0.00818	0.00610	0.00903	0.00903	0.01000	0.00706	0.00695	0.01011	0.00915	0.01316	0.01547	0.02328	0.01465	0.08377	0.73592	0.00900	0.01479	0.00625	0.00309	0.00502
24	0.00800	0.00584	0.00751	0.00710	0.00849	0.00536	0.00532	0.01061	0.01597	0.02241	0.71055	0.04360	0.10404	0.01189	0.00675	0.00181	0.00271	0.01047	0.00623	0.00536
25	0.00832	0.00555	0.00624	0.00624	0.00624	0.00555	0.00347	0.00832	0.00832	0.01109	0.01802	0.03743	0.02080	0.79898	0.02911	0.00555	0.00555	0.00832	0.00347	0.00347
26	0.01529	0.80242	0.02997	0.00979	0.01468	0.02263	0.00979	0.01713	0.01162	0.01346	0.00795	0.00918	0.00734	0.00489	0.00367	0.00122	0.00612	0.00306	0.00245	0.00734
27	0.02146	0.01588	0.01700	0.01310	0.01763	0.01760	0.01080	0.71702	0.05457	0.03559	0.01410	0.01402	0.01002	0.00690	0.00573	0.00173	0.00623	0.00520	0.00573	0.00970
28	0.01066	0.00533	0.00533	0.00533	0.00666	0.00533	0.00400	0.01333	0.01200	0.02132	0.01866	0.02132	0.01466	0.00666	0.00400	0.00133	0.00267	0.00533	0.83073	0.00533
29	0.00832	0.00555	0.00624	0.00624	0.00624	0.00555	0.00347	0.00832	0.00832	0.01109	0.01802	0.03743	0.02080	0.79898	0.02911	0.00555	0.00555	0.00832	0.00347	0.00347
30	0.01975	0.01410	0.01504	0.01175	0.01575	0.01551	0.00964	0.61279	0.02421	0.03340	0.01462	0.01510	0.01061	0.00683	0.00541	0.00165	0.00564	0.00518	0.15408	0.00894
31	0.01423	0.01229	0.01293	0.01164	0.01487	0.01423	0.00905	0.03039	0.75297	0.02393	0.02328	0.02134	0.01746	0.00776	0.00582	0.00194	0.00453	0.00647	0.00582	0.00905
32	0.01203	0.14288	0.66096	0.01535	0.02328	0.01465	0.01947	0.01797	0.01201	0.01743	0.00993	0.01165	0.00726	0.00536	0.00518	0.00173	0.00811	0.00406	0.00242	0.00829
33	0.01020	0.00631	0.00832	0.00755	0.00927	0.00576	0.00576	0.01284	0.01621	0.11193	0.67208	0.03995	0.04921	0.01114	0.00663	0.00180	0.00296	0.00980	0.00639	0.00592
34	0.00717	0.00508	0.00664	0.00774	0.00809	0.00478	0.00511	0.00814	0.01092	0.01462	0.06531	0.67664	0.03676	0.10235	0.00964	0.00265	0.00353	0.01511	0.00516	0.00455
35	0.01405	0.01210	0.07198	0.03924	0.01586	0.00914	0.00875	0.07327	0.01352	0.10064	0.01179	0.01297	0.00906	0.00490	0.00467	0.00113	0.00492	0.00391	0.00386	0.58423
36	0.01368	0.38599	0.28655	0.01362	0.01928	0.03312	0.06163	0.01732	0.01170	0.01544	0.00897	0.01096	0.00741	0.00562	0.00605	0.00161	0.08702	0.00392	0.00248	0.00763
37	0.62676	0.03613	0.16423	0.00952	0.01413	0.01332	0.00946	0.03659	0.01072	0.02408	0.00859	0.00998	0.00653	0.00537	0.00399	0.00176	0.00534	0.00338	0.00334	0.00678
38	0.00902	0.00696	0.00858	0.00923	0.01085	0.00694	0.00757	0.01295	0.10896	0.01733	0.03644	0.13131	0.21395	0.01464	0.00728	0.00234	0.00438	0.38033	0.00535	0.00559
39	0.00817	0.00613	0.00919	0.00919	0.01021	0.00715	0.00715	0.01021	0.00919	0.01328	0.01532	0.02247	0.01430	0.04290	0.77631	0.00919	0.01532	0.00613	0.00306	0.00511
40	0.01361	0.01485	0.02738	0.02084	0.06513	0.05471	0.49221	0.01758	0.01310	0.01796	0.01093	0.01428	0.00854	0.00502	0.00667	0.00171	0.04350	0.00578	0.00297	0.16322
41	0.00714	0.00553	0.00651	0.00686	0.00811	0.00490	0.00492	0.00872	0.01305	0.01688	0.20993	0.30503	0.35192	0.01502	0.00694	0.00203	0.00300	0.01311	0.00554	0.00490
42	0.00818	0.00608	0.00896	0.00896	0.00990	0.00702	0.00686	0.01007	0.00912	0.01311	0.01553	0.02364	0.01481	0.10177	0.71814	0.00891	0.01456	0.00630	0.00310	0.00498
43	0.00709	0.00507	0.00678	0.00810	0.00849	0.00475	0.00552	0.00818	0.01107	0.01474	0.03146	0.75548	0.03756	0.01780	0.00733	0.00234	0.00342	0.05482	0.00531	0.00468
44	0.01339	0.02947	0.01717	0.17121	0.02027	0.10465	0.01269	0.01641	0.07047	0.01478	0.00949	0.01346	0.00832	0.00838	0.01318	0.00219	0.46012	0.00495	0.00283	0.00657
45	0.11415	0.02505	0.55875	0.01645	0.02388	0.01341	0.13355	0.01799	0.01201	0.01908	0.01019	0.01226	0.00734	0.00532	0.00541	0.00182	0.00814	0.00449	0.00263	0.00806
46	0.00692	0.00580	0.00601	0.00596	0.00782	0.00489	0.00447	0.00851	0.01340	0.01632	0.13940	0.05362	0.67898	0.01416	0.00676	0.00192	0.00287	0.01187	0.00543	0.00489
47	0.00965	0.00630	0.00769	0.00754	0.00922	0.00569	0.00564	0.02906	0.01397	0.09917	0.21606	0.24068	0.27302	0.01376	0.00681	0.00201	0.00335	0.03905	0.00575	0.00559
48	0.03556	0.01729	0.01399	0.01261	0.01574	0.27854	0.00977	0.06205	0.39095	0.03396	0.01781	0.01916	0.01409	0.00743	0.00565	0.00180	0.00667	0.04418	0.00476	0.00799
49	0.01219	0.14567	0.55636	0.01591	0.02335	0.01463	0.09724	0.01779	0.01227	0.01755	0.02981	0.01280	0.00865	0.00545	0.00534	0.00173	0.00807	0.00448	0.00257	0.00812
50	0.00696	0.00502	0.00659	0.00785	0.00827	0.00466	0.00526	0.00798	0.01106	0.01465	0.03295	0.75523	0.07692	0.01773	0.00727	0.00230	0.00330	0.01603	0.00531	0.00466
51	0.01248	0.01236	0.01749	0.01491	0.01507	0.01709	0.02738	0.01385	0.00896	0.01409	0.00793	0.01284	0.00775	0.00980	0.01807	0.00246	0.74848	0.00505	0.02770	0.00626
52	0.01147	0.02959	0.76934	0.01630	0.02476	0.01328	0.02113	0.01811	0.01208	0.01811	0.01026	0.01208	0.00725	0.00543	0.00543	0.00181	0.00845	0.00423	0.00242	0.00845
53	0.01185	0.08583	0.58004	0.01634	0.02383	0.01375	0.11190	0.01770	0.01243	0.01803	0.04804	0.01383	0.00979	0.00563	0.00553	0.00178	0.00814	0.00477	0.00267	0.00812
54	0.00929	0.00721	0.00854	0.00809	0.00823	0.02411	0.00540	0.00967	0.00862	0.01175	0.01588	0.03165	0.01784	0.59740	0.07920	0.00521	0.13702	0.00751	0.00327	0.00411
55	0.01333	0.01038	0.01211	0.00899	0.01366	0.00857	0.00719	0.06781	0.04886	0.06909	0.06057	0.01495	0.01231	0.00526	0.00468	0.00108	0.00434	0.00427	0.00410	0.62847
56	0.01356	0.43121	0.34725	0.01331	0.01977	0.01821	0.05168	0.01761	0.01191	0.01570	0.00913	0.01074	0.00737	0.00512	0.00458	0.00151	0.00730	0.00375	0.00246	0.00784
57	0.02174	0.01602	0.01717	0.01316	0.01774	0.01774	0.01087	0.74423	0.02689	0.03605	0.01373	0.01373	0.00973	0.00687	0.00572	0.00172	0.00629	0.00515	0.00572	0.00973
58	0.02171	0.01573	0.01741	0.01330	0.01790	0.01724	0.02912	0.69442	0.02609	0.06785	0.01407	0.01403	0.00990	0.00682	0.00575	0.00172	0.00632	0.00522	0.00571	0.00968
59	0.00824	0.00555	0.00642	0.00649	0.00657	0.00558	0.00377	0.00840	0.00851	0.01140	0.01861	0.07808	0.02137	0.71511	0.06858	0.00557	0.00596	0.00863	0.00354	0.00362
60	0.00697	0.00498	0.00664	0.00796	0.00830	0.00465	0.00531	0.00796	0.01095	0.01460	0.03153	0.79525	0.03783	0.01792	0.00730	0.00232	0.00332	0.01626	0.00531	0.00465
61	0.07876	0.00940	0.01233	0.00967	0.01371	0.00838	0.00793	0.02527	0.01590	0.63639	0.10160	0.02130	0.01794	0.00746	0.00571	0.00177	0.00460	0.00607	0.00676	0.00902
62	0.00787	0.00556	0.00621	0.00630	0.00678	0.00532	0.00385	0.00833	0.00974	0.01260	0.04598	0.10034	0.18367	0.54851	0.02201	0.00442	0.00473	0.00980	0.00408	0.00390
63	0.02137	0.02726	0.01621	0.01474	0.01768	0.77602	0.01105	0.02284	0.01621	0.01400	0.00884	0.01031	0.00737	0.00589	0.00516	0.00147	0.01031	0.00368	0.00295	0.00663
64	0.00832	0.00555	0.00624	0.00624	0.00624	0.00555	0.00347	0.00832	0.00832	0.01109	0.01802	0.03743	0.02080	0.79898	0.02911	0.00555	0.00555	0.00832	0.00347	0.00347
65	0.01080	0.01017	0.01716	0.78523	0.03940	0.01271	0.01589	0.01461	0.01144	0.01461	0.01017	0.01525	0.00762	0.00572	0.00572	0.00191	0.00762	0.00508	0.00254	0.00635
66	0.01264	0.26480	0.54431	0.01432	0.02169	0.01613	0.01768	0.01781	0.01194	0.01670	0.00956	0.01119	0.00727	0.00527	0.00490	0.00163	0.00774	0.00387	0.00242	0.00811
67	0.83938	0.01106	0.00841	0.00752	0.01106	0.01283	0.00619	0.01681	0.00973	0.02566	0.00796	0.00929	0.00619	0.00531	0.00354	0.00177	0.00442	0.00310	0.00354	0.00619
68	0.01228	0.11615	0.55867	0.01608	0.04333	0.03378	0.04617	0.01769	0.01197	0.01715	0.01002	0.01218	0.00756	0.00657	0.02625	0.00197	0.04735	0.00429	0.00248	0.00807
69	0.01371	0.01307	0.02190	0.13366	0.62970	0.01350	0.01691	0.01780	0.04975	0.01841	0.01131	0.01466	0.00929	0.00531	0.00568	0.00174	0.00679	0.00516	0.00294	0.00870
70	0.01144	0.01083	0.01827	0.61810	0.15369	0.01268	0.03150	0.01516	0.01175	0.01550	0.01029	0.01494	0.00791	0.00554	0.00567	0.00183	0.00740	0.00505	0.00263	0.03980
71	0.02174	0.01602	0.01717	0.01316	0.01774	0.01774	0.01087	0.74423	0.02689	0.03605	0.01373	0.01373	0.00973	0.00687	0.00572	0.00172	0.00629	0.00515	0.00572	0.00973
72	0.01304	0.02948	0.04329	0.05888	0.04805	0.03596	0.47748	0.03215	0.01343	0.01817	0.07009	0.04663	0.01311	0.00639	0.00743	0.00193	0.06705	0.00688	0.00324	0.00730
73	0.00804	0.00543	0.00632	0.00660	0.00666	0.00536	0.00385	0.00824	0.00886	0.01182	0.02082	0.19442	0.02432	0.63718	0.02459	0.00488	0.00508	0.00996	0.00385	0.00371
74	0.02413	0.01048	0.01353	0.01056	0.01486	0.00973	0.00866	0.08144	0.09706	0.63223	0.02199	0.01924	0.01419	0.00714	0.00576	0.00178	0.00494	0.00578	0.00684	0.00966
75	0.01215	0.15717	0.58759	0.05412	0.04439	0.01482	0.01888	0.01776	0.01199	0.01718	0.00989	0.01181	0.00733	0.00535	0.00516	0.00171	0.00798	0.00410	0.00244	0.00818
76	0.00792	0.00655	0.00707	0.00710	0.00897	0.00608	0.00541	0.01122	0.09892	0.01702	0.09929	0.10957	0.51343	0.01388	0.00678	0.00201	0.00328	0.06473	0.00544	0.00538
77	0.00703	0.00502	0.00671	0.00804	0.00840	0.00470	0.00542	0.00808	0.01102	0.01468	0.03149	0.77389	0.03769	0.01786	0.00732	0.00233	0.00338	0.03697	0.00531	0.00466
78	0.01235	0.00780	0.00898	0.08001	0.01187	0.00864	0.00669	0.11499	0.01377	0.02219	0.01636	0.01906	0.01279	0.00685	0.00548	0.00153	0.06136	0.00526	0.57791	0.00611
79	0.06149	0.10393	0.49321	0.01649	0.02370	0.01433	0.15667	0.01818	0.01225	0.03344	0.01039	0.01241	0.00761	0.00529	0.00540	0.00177	0.00813	0.00455	0.00267	0.00809
80	0.00817	0.00605	0.00898	0.00904	0.01004	0.00698	0.00699	0.01017	0.00934	0.01353	0.01620	0.06102	0.01548	0.04084	0.72057	0.00867	0.01444	0.00662	0.02178	0.00509
81	0.01615	0.69249	0.02802	0.01049	0.01511	0.12948	0.00997	0.01794	0.01227	0.01353	0.00808	0.00934	0.00734	0.00504	0.00388	0.00126	0.00671	0.00315	0.00252	0.00724
82	0.00881	0.00611	0.00771	0.00741	0.00903	0.00556	0.00574	0.01122	0.01521	0.05788	0.49596	0.04653	0.19899	0.01250	0.00682	0.00192	0.00313	0.08798	0.00602	0.00548
83	0.01361	0.01174	0.01255	0.01094	0.01444	0.01285	0.00854	0.02708	0.60763	0.02280	0.02211	0.02074	0.03770	0.00737	0.00558	0.00176	0.00443	0.00612	0.00540	0.14662
84	0.00800	0.00584	0.00751	0.00709	0.00848	0.00535	0.00532	0.01060	0.01596	0.02238	0.70817	0.04364	0.10643	0.01190	0.00675	0.00181	0.00271	0.01047	0.00622	0.00535
85	0.00798	0.00602	0.00759	0.00842	0.00977	0.00563	0.00681	0.00993	0.01281	0.01626	0.05765	0.18906	0.27682	0.01563	0.00739	0.00232	0.00407	0.34549	0.00531	0.00502
86	0.01499	0.74225	0.08754	0.01029	0.01547	0.02190	0.01067	0.01720	0.01166	0.01382	0.00813	0.00940	0.00733	0.00494	0.00381	0.00127	0.00630	0.00315	0.00244	0.00743
87	0.00817	0.00613	0.00919	0.00919	0.01021	0.00715	0.00715	0.01021	0.00919	0.01328	0.01532	0.02247	0.01430	0.04290	0.77631	0.00919	0.01532	0.00613	0.00306	0.00511
88	0.01186	0.01017	0.01186	0.00847	0.01356	0.00762	0.00678	0.01440	0.01186	0.01864	0.01017	0.01186	0.00847	0.00424	0.00424	0.00085	0.00424	0.00339	0.00339	0.83395
89	0.01115	0.01052	0.01778	0.70750	0.11441	0.01280	0.01606	0.01492	0.01160	0.01504	0.01023	0.01514	0.00777	0.00565	0.00571	0.00188	0.00754	0.00508	0.00257	0.00663
90	0.01331	0.01486	0.03059	0.02234	0.02700	0.01506	0.60033	0.01743	0.01258	0.01743	0.01078	0.01486	0.00845	0.00583	0.00909	0.00204	0.16136	0.00641	0.00282	0.00743
91	0.00820	0.00603	0.00870	0.00870	0.00955	0.00688	0.00653	0.00990	0.00905	0.01291	0.01577	0.02497	0.01538	0.16910	0.65160	0.00858	0.01369	0.00649	0.00313	0.00483
92	0.01147	0.02959	0.76934	0.01630	0.02476	0.01328	0.02113	0.01811	0.01208	0.01811	0.01026	0.01208	0.00725	0.00543	0.00543	0.00181	0.00845	0.00423	0.00242	0.00845
93	0.83938	0.01106	0.00841	0.00752	0.01106	0.01283	0.00619	0.01681	0.00973	0.02566	0.00796	0.00929	0.00619	0.00531	0.00354	0.00177	0.00442	0.00310	0.00354	0.00619
94	0.01066	0.00533	0.00533	0.00533	0.00666	0.00533	0.00400	0.01333	0.01200	0.02132	0.01866	0.02132	0.01466	0.00666	0.00400	0.00133	0.00267	0.00533	0.83073	0.00533
95	0.01186	0.01017	0.01186	0.00847	0.01356	0.00762	0.00678	0.01440	0.01186	0.01864	0.01017	0.01186	0.00847	0.00424	0.00424	0.00085	0.00424	0.00339	0.00339	0.83395
96	0.00745	0.00541	0.00703	0.00758	0.00845	0.00500	0.00538	0.00917	0.01318	0.01793	0.31328	0.43193	0.09740	0.01522	0.00706	0.00210	0.00310	0.03268	0.00569	0.00496
97	0.00700	0.00500	0.00666	0.00795	0.00830	0.00466	0.00531	0.00804	0.01108	0.01481	0.04972	0.77646	0.03823	0.01776	0.00729	0.00231	0.00330	0.01611	0.00533	0.00466
98	0.01240	0.01049	0.01215	0.00873	0.01378	0.00818	0.00700	0.05412	0.01268	0.01959	0.01036	0.01196	0.00854	0.00438	0.00432	0.00089	0.00435	0.00348	0.00352	0.78909
99	0.00726	0.00519	0.00697	0.00830	0.00876	0.00490	0.00582	0.00847	0.01124	0.01493	0.03137	0.70063	0.03719	0.01765	0.00738	0.00236	0.00357	0.10801	0.00530	0.00473
100	0.02082	0.01718	0.09857	0.01335	0.01834	0.01679	0.01186	0.62970	0.02476	0.07061	0.01380	0.01384	0.00968	0.00672	0.00569	0.00173	0.00646	0.00508	0.00543	0.00959
101	0.00721	0.00515	0.00692	0.00824	0.00868	0.00486	0.00573	0.00839	0.01119	0.01487	0.03139	0.71598	0.03730	0.01769	0.00737	0.00236	0.00353	0.09312	0.00530	0.00471
102	0.00703	0.00576	0.00620	0.00617	0.00791	0.00493	0.00460	0.00870	0.01354	0.01686	0.19284	0.08961	0.58776	0.01412	0.00678	0.00193	0.00288	0.01195	0.00550	0.00493
103	0.01304	0.01407	0.02620	0.01988	0.02297	0.01589	0.40287	0.01620	0.01129	0.01620	0.00968	0.01407	0.00813	0.00724	0.01234	0.00220	0.37204	0.00594	0.00271	0.00704
104	0.01251	0.01251	0.01752	0.01502	0.01502	0.01752	0.01251	0.01377	0.00876	0.01377	0.00751	0.01251	0.00751	0.01001	0.01877	0.00250	0.78851	0.00501	0.00250	0.00626
105	0.00832	0.00555	0.00624	0.00624	0.00624	0.00555	0.00347	0.00832	0.00832	0.01109	0.01802	0.03743	0.02080	0.79898	0.02911	0.00555	0.00555	0.00832	0.00347	0.00347
106	0.00697	0.00498	0.00664	0.00796	0.00830	0.00465	0.00531	0.00796	0.01095	0.01460	0.03153	0.79525	0.03783	0.01792	0.00730	0.00232	0.00332	0.01626	0.00531	0.00465
107	0.01078	0.00956	0.01568	0.68810	0.03532	0.01179	0.01440	0.01445	0.01151	0.01545	0.01122	0.01601	0.00850	0.00584	0.00550	0.00183	0.00701	0.00511	0.10569	0.00623
108	0.00986	0.00698	0.00865	0.00790	0.00963	0.00673	0.00601	0.09044	0.01681	0.04195	0.57150	0.09560	0.08238	0.01166	0.00665	0.00183	0.00320	0.01019	0.00613	0.00589
109	0.01297	0.00756	0.00780	0.00696	0.00897	0.00791	0.00543	0.16550	0.01510	0.02439	0.01763	0.01974	0.01363	0.00671	0.00436	0.00141	0.00342	0.00529	0.65897	0.00625
110	0.04612	0.26293	0.51460	0.01397	0.02115	0.01610	0.01709	0.01776	0.01184	0.01701	0.00947	0.01108	0.00723	0.00527	0.00482	0.00163	0.00758	0.00383	0.00247	0.00802
111	0.05063	0.01587	0.01653	0.01333	0.01677	0.08126	0.01090	0.46959	0.07107	0.02877	0.01257	0.01356	0.00950	0.00738	0.00806	0.00186	0.15392	0.00501	0.00480	0.00863
112	0.00997	0.00499	0.00735	0.00735	0.00741	0.00499	0.00492	0.00774	0.00768	0.01050	0.01037	0.01758	0.01017	0.01921	0.02144	0.79204	0.00485	0.00499	0.04383	0.00263
113	0.00697	0.00498	0.00664	0.00796	0.00830	0.00465	0.00531	0.00796	0.01095	0.01460	0.03153	0.79525	0.03783	0.01792	0.00730	0.00232	0.00332	0.01626	0.00531	0.00465
114	0.02011	0.01391	0.01538	0.01222	0.01623	0.01507	0.00997	0.55923	0.04160	0.10693	0.01712	0.09425	0.01386	0.00828	0.00595	0.00181	0.00578	0.02739	0.00581	0.00907

[dist]
# distance from previous block
# <min> <max>
0	3

[block]
# block no. 1 follows, 41 sequences, length 121
# corresponding to MSA columns:
# 118-238
name=unknown_B
#
# <colnr> <probs for GDERKNQSTAVLIFYWHMCP>
#	G	D	E	R	K	N	Q	S	T	A	V	L	I	F	Y	W	H	M	C	P
0	0.01566	0.01648	0.01933	0.06751	0.01985	0.19844	0.13868	0.09954	0.01384	0.01764	0.00990	0.01309	0.00822	0.00714	0.01000	0.00192	0.26841	0.00496	0.03150	0.03788
1	0.01474	0.01610	0.02872	0.02203	0.06047	0.09813	0.51768	0.01862	0.01334	0.04532	0.01118	0.01463	0.00862	0.00563	0.00786	0.00193	0.09833	0.00610	0.00301	0.00757
2	0.02112	0.07871	0.01702	0.01423	0.01737	0.69671	0.01087	0.02264	0.01591	0.04210	0.00929	0.01058	0.00762	0.00587	0.00508	0.00147	0.00983	0.00372	0.00307	0.00679
3	0.00740	0.00582	0.00668	0.00647	0.00812	0.00510	0.00485	0.00945	0.01455	0.01904	0.39498	0.04913	0.42170	0.01315	0.00675	0.00187	0.00280	0.01124	0.00578	0.00510
4	0.00717	0.00579	0.00638	0.00627	0.00799	0.00500	0.00469	0.00900	0.01396	0.01773	0.27270	0.06773	0.52812	0.01371	0.00677	0.00190	0.00285	0.01164	0.00561	0.00500
5	0.00697	0.00498	0.00664	0.00796	0.00830	0.00465	0.00531	0.00796	0.01095	0.01460	0.03153	0.79525	0.03783	0.01792	0.00730	0.00232	0.00332	0.01626	0.00531	0.00465
6	0.00727	0.00517	0.00686	0.00810	0.00851	0.00489	0.00557	0.00836	0.01100	0.01462	0.03057	0.67910	0.03631	0.06595	0.00870	0.00255	0.00364	0.08302	0.00519	0.00463
7	0.01251	0.01251	0.01752	0.01502	0.01502	0.01752	0.01251	0.01377	0.00876	0.01377	0.00751	0.01251	0.00751	0.01001	0.01877	0.00250	0.78851	0.00501	0.00250	0.00626
8	0.01066	0.00533	0.00533	0.00533	0.00666	0.00533	0.00400	0.01333	0.01200	0.02132	0.01866	0.02132	0.01466	0.00666	0.00400	0.00133	0.00267	0.00533	0.83073	0.00533
9	0.01147	0.02959	0.76934	0.01630	0.02476	0.01328	0.02113	0.01811	0.01208	0.01811	0.01026	0.01208	0.00725	0.00543	0.00543	0.00181	0.00845	0.00423	0.00242	0.00845
10	0.01080	0.01017	0.01716	0.78523	0.03940	0.01271	0.01589	0.01461	0.01144	0.01461	0.01017	0.01525	0.00762	0.00572	0.00572	0.00191	0.00762	0.00508	0.00254	0.00635
11	0.83938	0.01106	0.00841	0.00752	0.01106	0.01283	0.00619	0.01681	0.00973	0.02566	0.00796	0.00929	0.00619	0.00531	0.00354	0.00177	0.00442	0.00310	0.00354	0.00619
12	0.76165	0.01105	0.00885	0.00784	0.01141	0.01268	0.00643	0.01798	0.04470	0.06138	0.00938	0.01034	0.00710	0.00551	0.00375	0.00178	0.00445	0.00338	0.00382	0.00650
13	0.00994	0.00497	0.00745	0.00745	0.00745	0.00497	0.00497	0.00745	0.00745	0.00994	0.00994	0.01739	0.00994	0.01987	0.02235	0.83358	0.00497	0.00497	0.00248	0.00248
14	0.01186	0.01017	0.01186	0.00847	0.01356	0.00762	0.00678	0.01440	0.01186	0.01864	0.01017	0.01186	0.00847	0.00424	0.00424	0.00085	0.00424	0.00339	0.00339	0.83395
15	0.00832	0.00599	0.00760	0.00844	0.00916	0.00585	0.00582	0.07550	0.01241	0.01657	0.02989	0.72356	0.03525	0.01691	0.00716	0.00227	0.00359	0.01524	0.00535	0.00511
16	0.00697	0.00498	0.00664	0.00796	0.00830	0.00465	0.00531	0.00796	0.01095	0.01460	0.03153	0.79525	0.03783	0.01792	0.00730	0.00232	0.00332	0.01626	0.00531	0.00465
17	0.02566	0.00973	0.01327	0.01018	0.01460	0.00841	0.00841	0.02788	0.01637	0.76726	0.02257	0.01947	0.01416	0.00708	0.00575	0.00177	0.00487	0.00575	0.00708	0.00973
18	0.00825	0.00553	0.00632	0.00639	0.00642	0.00554	0.00363	0.00834	0.00846	0.01130	0.01860	0.07265	0.02145	0.74552	0.04471	0.00548	0.00566	0.00864	0.00354	0.00356
19	0.00709	0.00535	0.00658	0.00742	0.00832	0.00484	0.00523	0.00840	0.01198	0.01548	0.08302	0.49804	0.24867	0.01644	0.00714	0.00219	0.00326	0.05041	0.00537	0.00478
20	0.00697	0.00498	0.00664	0.00796	0.00830	0.00465	0.00531	0.00796	0.01095	0.01460	0.03153	0.79525	0.03783	0.01792	0.00730	0.00232	0.00332	0.01626	0.00531	0.00465
21	0.02500	0.01079	0.01393	0.01068	0.01513	0.00997	0.00882	0.14824	0.01814	0.64440	0.02108	0.01850	0.01341	0.00704	0.00575	0.00176	0.00511	0.00565	0.00685	0.00973
22	0.01942	0.01327	0.01430	0.01128	0.01512	0.01445	0.00921	0.52756	0.04190	0.07599	0.01555	0.01589	0.01124	0.00686	0.00536	0.00164	0.00539	0.00526	0.18153	0.00877
23	0.00800	0.00544	0.00631	0.00658	0.00669	0.00534	0.00386	0.00824	0.00898	0.01192	0.02182	0.19135	0.04388	0.62001	0.02410	0.00480	0.00502	0.01003	0.00389	0.00374
24	0.00737	0.00528	0.00693	0.00811	0.00855	0.00500	0.00546	0.02814	0.01139	0.01519	0.03104	0.77384	0.03706	0.01762	0.00726	0.00231	0.00340	0.01596	0.00532	0.00479
25	0.00694	0.00580	0.00604	0.00598	0.00784	0.00491	0.00449	0.00856	0.01346	0.01646	0.15288	0.05338	0.66541	0.01411	0.00676	0.00191	0.00287	0.01184	0.00544	0.00491
26	0.00829	0.00568	0.00690	0.00690	0.00713	0.00590	0.00429	0.00874	0.00851	0.01158	0.01742	0.03409	0.01935	0.63026	0.19585	0.00636	0.00773	0.00783	0.00338	0.00383
27	0.01194	0.01148	0.01872	0.57026	0.22818	0.03156	0.01620	0.01558	0.01197	0.01566	0.01029	0.01484	0.00799	0.00556	0.00569	0.00184	0.00747	0.00505	0.00263	0.00707
28	0.01424	0.01384	0.02285	0.05755	0.72190	0.03323	0.01734	0.01760	0.01306	0.01844	0.01069	0.01409	0.00897	0.00514	0.00565	0.00170	0.00691	0.00506	0.00283	0.00891
29	0.00799	0.00538	0.00718	0.00814	0.00880	0.00504	0.00571	0.00931	0.01179	0.04366	0.10209	0.61656	0.03775	0.03402	0.00772	0.00235	0.00352	0.07263	0.00543	0.00493
30	0.01260	0.01301	0.02024	0.01645	0.01787	0.03845	0.16935	0.01470	0.01004	0.01471	0.00912	0.01397	0.00836	0.01171	0.08343	0.00295	0.52847	0.00544	0.00265	0.00648
31	0.08058	0.01480	0.01576	0.01251	0.01659	0.01665	0.01025	0.54639	0.13053	0.03229	0.01451	0.01464	0.01060	0.00768	0.02063	0.00192	0.03391	0.00520	0.00541	0.00916
32	0.70266	0.01084	0.00922	0.00797	0.01166	0.01209	0.00657	0.01867	0.01085	0.15027	0.01042	0.01100	0.00753	0.00561	0.00391	0.00177	0.00450	0.00354	0.00413	0.00679
33	0.03263	0.05205	0.72806	0.01589	0.02411	0.01355	0.02042	0.01805	0.01200	0.01817	0.01014	0.01192	0.00722	0.00542	0.00533	0.00179	0.00828	0.00416	0.00244	0.00836
34	0.01151	0.01120	0.01826	0.46159	0.05313	0.02916	0.09123	0.01472	0.01131	0.01496	0.01125	0.01821	0.00965	0.04011	0.00912	0.00219	0.13973	0.04350	0.00277	0.00639
35	0.01339	0.01283	0.02174	0.19176	0.58480	0.01355	0.01702	0.01680	0.01254	0.01766	0.01052	0.01433	0.00870	0.00540	0.00614	0.00177	0.03480	0.00509	0.00276	0.00839
36	0.01378	0.01190	0.01251	0.01129	0.01445	0.01367	0.00877	0.02907	0.70895	0.02342	0.02534	0.02335	0.06169	0.00816	0.00588	0.00194	0.00443	0.00680	0.00579	0.00880
37	0.00697	0.00498	0.00664	0.00796	0.00830	0.00465	0.00531	0.00796	0.01095	0.01460	0.03153	0.79525	0.03783	0.01792	0.00730	0.00232	0.00332	0.01626	0.00531	0.00465
38	0.01280	0.28350	0.49976	0.01444	0.02162	0.01640	0.04308	0.01780	0.01198	0.01659	0.00955	0.01124	0.00733	0.00523	0.00490	0.00162	0.00773	0.00393	0.00244	0.00806
39	0.00818	0.00611	0.00734	0.00781	0.00944	0.00555	0.00630	0.01008	0.01312	0.03536	0.07014	0.11467	0.40123	0.01493	0.00718	0.00220	0.00382	0.26604	0.00538	0.00512
40	0.00778	0.00576	0.00727	0.00705	0.00840	0.00524	0.00523	0.01013	0.01521	0.02100	0.58384	0.11603	0.16043	0.01271	0.00680	0.00187	0.00279	0.01117	0.00605	0.00524
41	0.01094	0.01020	0.01450	0.01290	0.01327	0.01376	0.01057	0.01248	0.00892	0.01359	0.01034	0.01613	0.00997	0.02195	0.29367	0.00493	0.50793	0.00541	0.00271	0.00584
42	0.01098	0.01035	0.01748	0.74547	0.07777	0.01275	0.01597	0.01477	0.01152	0.01483	0.01020	0.01519	0.00770	0.00569	0.00572	0.00190	0.00758	0.00508	0.00256	0.00650
43	0.01147	0.02959	0.76934	0.01630	0.02476	0.01328	0.02113	0.01811	0.01208	0.01811	0.01026	0.01208	0.00725	0.00543	0.00543	0.00181	0.00845	0.00423	0.00242	0.00845
44	0.05358	0.00978	0.01311	0.01009	0.01448	0.00856	0.00833	0.02750	0.01614	0.74182	0.02206	0.01912	0.01389	0.00702	0.00568	0.00177	0.00485	0.00566	0.00696	0.00961
45	0.01186	0.01017	0.01186	0.00847	0.01356	0.00762	0.00678	0.01440	0.01186	0.01864	0.01017	0.01186	0.00847	0.00424	0.00424	0.00085	0.00424	0.00339	0.00339	0.83395
46	0.01404	0.01347	0.02301	0.06085	0.73846	0.01356	0.01750	0.01745	0.01297	0.01855	0.01074	0.01419	0.00901	0.00512	0.00566	0.00171	0.00682	0.00510	0.00282	0.00897
47	0.83938	0.01106	0.00841	0.00752	0.01106	0.01283	0.00619	0.01681	0.00973	0.02566	0.00796	0.00929	0.00619	0.00531	0.00354	0.00177	0.00442	0.00310	0.00354	0.00619
48	0.00760	0.00528	0.00662	0.00732	0.00755	0.00517	0.00465	0.00824	0.00975	0.01306	0.02496	0.43459	0.02937	0.34499	0.06090	0.00406	0.00494	0.01236	0.00441	0.00418
49	0.00933	0.00674	0.00836	0.00887	0.00989	0.00674	0.00633	0.12110	0.01349	0.01800	0.02874	0.64471	0.03331	0.01614	0.00708	0.00224	0.00386	0.04425	0.00537	0.00545
50	0.01345	0.01503	0.03193	0.02397	0.07501	0.01405	0.65808	0.01807	0.01338	0.01836	0.01145	0.01516	0.00869	0.00481	0.00655	0.00186	0.00918	0.00647	0.00292	0.05160
51	0.00697	0.00498	0.00664	0.00796	0.00830	0.00465	0.00531	0.00796	0.01095	0.01460	0.03153	0.79525	0.03783	0.01792	0.00730	0.00232	0.00332	0.01626	0.00531	0.00465
52	0.00720	0.00507	0.00657	0.00767	0.00795	0.00480	0.00500	0.00802	0.01051	0.01401	0.02926	0.66792	0.03497	0.14916	0.01097	0.00286	0.00369	0.01493	0.00500	0.00445
53	0.02143	0.01587	0.01699	0.01310	0.01762	0.01759	0.01080	0.71431	0.05732	0.03554	0.01413	0.01405	0.01005	0.00690	0.00573	0.00173	0.00622	0.00520	0.00573	0.00970
54	0.01470	0.01008	0.01215	0.00882	0.01377	0.00779	0.00711	0.01717	0.01279	0.17239	0.01271	0.01342	0.00964	0.00482	0.00455	0.00104	0.00437	0.00387	0.00415	0.66468
55	0.00697	0.00498	0.00664	0.00796	0.00830	0.00465	0.00531	0.00796	0.01095	0.01460	0.03153	0.79525	0.03783	0.01792	0.00730	0.00232	0.00332	0.01626	0.00531	0.00465
56	0.02137	0.02726	0.01621	0.01474	0.01768	0.77602	0.01105	0.02284	0.01621	0.01400	0.00884	0.01031	0.00737	0.00589	0.00516	0.00147	0.01031	0.00368	0.00295	0.00663
57	0.01186	0.01017	0.01186	0.00847	0.01356	0.00762	0.00678	0.01440	0.01186	0.01864	0.01017	0.01186	0.00847	0.00424	0.00424	0.00085	0.00424	0.00339	0.00339	0.83395
58	0.00841	0.00580	0.00726	0.00782	0.00829	0.00579	0.00552	0.00938	0.01013	0.01340	0.02334	0.14091	0.02642	0.44507	0.03980	0.00436	0.00544	0.22441	0.00423	0.00420
59	0.01230	0.01015	0.01191	0.00853	0.01359	0.00765	0.00683	0.01483	0.01201	0.04265	0.01056	0.01210	0.00865	0.00433	0.00428	0.00088	0.00426	0.00346	0.00351	0.80752
60	0.02174	0.01602	0.01717	0.01316	0.01774	0.01774	0.01087	0.74423	0.02689	0.03605	0.01373	0.01373	0.00973	0.00687	0.00572	0.00172	0.00629	0.00515	0.00572	0.00973
61	0.01350	0.01543	0.03375	0.02411	0.02989	0.01446	0.74253	0.01832	0.01350	0.01832	0.01157	0.01543	0.00868	0.00482	0.00675	0.00193	0.00964	0.00675	0.00289	0.00771
62	0.00697	0.00498	0.00664	0.00796	0.00830	0.00465	0.00531	0.00796	0.01095	0.01460	0.03153	0.79525	0.03783	0.01792	0.00730	0.00232	0.00332	0.01626	0.00531	0.00465
63	0.01080	0.01017	0.01716	0.78523	0.03940	0.01271	0.01589	0.01461	0.01144	0.01461	0.01017	0.01525	0.00762	0.00572	0.00572	0.00191	0.00762	0.00508	0.00254	0.00635
64	0.00817	0.00613	0.00919	0.00919	0.01021	0.00715	0.00715	0.01021	0.00919	0.01328	0.01532	0.02247	0.01430	0.04290	0.77631	0.00919	0.01532	0.00613	0.00306	0.00511
65	0.00735	0.00528	0.00704	0.00822	0.00880	0.00497	0.00584	0.00869	0.01162	0.01545	0.07250	0.62624	0.06017	0.01717	0.00734	0.00233	0.00355	0.11731	0.00536	0.00478
66	0.01345	0.01529	0.03297	0.02367	0.02918	0.01461	0.70736	0.01810	0.01327	0.01810	0.01138	0.01529	0.00862	0.00507	0.00733	0.00196	0.04716	0.00667	0.00287	0.00764
67	0.00817	0.00613	0.00919	0.00919	0.01021	0.00715	0.00715	0.01021	0.00919	0.01328	0.01532	0.02247	0.01430	0.04290	0.77631	0.00919	0.01532	0.00613	0.00306	0.00511
68	0.00775	0.00583	0.00716	0.00683	0.00833	0.00525	0.00512	0.01012	0.01536	0.02097	0.57610	0.04596	0.23938	0.01243	0.00675	0.00183	0.00275	0.01080	0.00604	0.00525
69	0.02427	0.01196	0.01465	0.01123	0.01571	0.01171	0.00928	0.28176	0.02010	0.50811	0.01944	0.01744	0.01259	0.00700	0.00574	0.00175	0.00537	0.00554	0.00660	0.00973
70	0.01080	0.01017	0.01716	0.78523	0.03940	0.01271	0.01589	0.01461	0.01144	0.01461	0.01017	0.01525	0.00762	0.00572	0.00572	0.00191	0.00762	0.00508	0.00254	0.00635
71	0.01080	0.01017	0.01716	0.78523	0.03940	0.01271	0.01589	0.01461	0.01144	0.01461	0.01017	0.01525	0.00762	0.00572	0.00572	0.00191	0.00762	0.00508	0.00254	0.00635
72	0.02101	0.02662	0.01641	0.01526	0.03658	0.74151	0.01125	0.02252	0.01598	0.01411	0.00886	0.01046	0.00741	0.00596	0.00544	0.00150	0.02575	0.00375	0.00294	0.00669
73	0.00828	0.00782	0.00699	0.00699	0.00890	0.07810	0.00527	0.00976	0.01322	0.01534	0.05042	0.09462	0.61257	0.01393	0.00669	0.00194	0.00374	0.04531	0.00508	0.00501
74	0.05132	0.01490	0.01559	0.01236	0.01656	0.04715	0.01007	0.49474	0.12854	0.10960	0.03079	0.01571	0.01197	0.00702	0.00566	0.00175	0.00591	0.00537	0.00569	0.00928
75	0.01387	0.01157	0.03281	0.00949	0.01453	0.00942	0.00786	0.12277	0.02807	0.04925	0.01140	0.01260	0.00900	0.00483	0.00457	0.00106	0.00468	0.00382	0.00389	0.64451
76	0.01174	0.07035	0.70811	0.01619	0.02437	0.01382	0.04194	0.01807	0.01209	0.01787	0.01018	0.01202	0.00729	0.00539	0.00538	0.00178	0.00836	0.00424	0.00243	0.00837
77	0.00994	0.00497	0.00745	0.00745	0.00745	0.00497	0.00497	0.00745	0.00745	0.00994	0.00994	0.01739	0.00994	0.01987	0.02235	0.83358	0.00497	0.00497	0.00248	0.00248
78	0.01186	0.01017	0.01186	0.00847	0.01356	0.00762	0.00678	0.01440	0.01186	0.01864	0.01017	0.01186	0.00847	0.00424	0.00424	0.00085	0.00424	0.00339	0.00339	0.83395
79	0.01186	0.01017	0.01186	0.00847	0.01356	0.00762	0.00678	0.01440	0.01186	0.01864	0.01017	0.01186	0.00847	0.00424	0.00424	0.00085	0.00424	0.00339	0.00339	0.83395
80	0.01253	0.00987	0.01263	0.00999	0.01418	0.00833	0.04648	0.03179	0.05080	0.06607	0.01678	0.02403	0.03349	0.00711	0.00533	0.00140	0.00478	0.13901	0.00417	0.50122
81	0.01183	0.10294	0.69917	0.01568	0.02380	0.01417	0.02006	0.01802	0.01203	0.01767	0.01005	0.01180	0.00725	0.00538	0.00527	0.00176	0.00823	0.00412	0.00242	0.00835
82	0.01114	0.01083	0.01926	0.68863	0.03819	0.01293	0.10811	0.01508	0.01170	0.01508	0.01034	0.01527	0.00776	0.00560	0.00585	0.00191	0.00788	0.00529	0.00259	0.00653
83	0.02364	0.00991	0.01298	0.01002	0.01431	0.00877	0.00824	0.07465	0.01670	0.64113	0.02394	0.02123	0.06420	0.00747	0.00577	0.00175	0.00481	0.00606	0.00674	0.03768
84	0.00696	0.00502	0.00659	0.00785	0.00827	0.00466	0.00526	0.00798	0.01106	0.01465	0.03293	0.75587	0.07630	0.01774	0.00727	0.00230	0.00330	0.01604	0.00531	0.00466
85	0.02135	0.01582	0.01694	0.01308	0.01759	0.01755	0.01078	0.70639	0.06538	0.03541	0.01424	0.01414	0.01014	0.00691	0.00573	0.00173	0.00620	0.00522	0.00573	0.00969
86	0.00704	0.00501	0.00662	0.00788	0.00819	0.00469	0.00522	0.00798	0.01082	0.01442	0.03085	0.75704	0.03697	0.05730	0.00840	0.00249	0.00343	0.01586	0.00522	0.00459
87	0.01529	0.80242	0.02997	0.00979	0.01468	0.02263	0.00979	0.01713	0.01162	0.01346	0.00795	0.00918	0.00734	0.00489	0.00367	0.00122	0.00612	0.00306	0.00245	0.00734
88	0.01066	0.00533	0.00533	0.00533	0.00666	0.00533	0.00400	0.01333	0.01200	0.02132	0.01866	0.02132	0.01466	0.00666	0.00400	0.00133	0.00267	0.00533	0.83073	0.00533
89	0.00722	0.00523	0.00682	0.00766	0.00832	0.00483	0.00527	0.00864	0.01230	0.01660	0.20352	0.57664	0.08320	0.01627	0.00714	0.00218	0.00315	0.01464	0.00554	0.00483
90	0.00692	0.00583	0.00598	0.00605	0.00792	0.00494	0.00459	0.00840	0.01295	0.01546	0.05570	0.05521	0.70794	0.02987	0.00726	0.00204	0.00307	0.04978	0.00527	0.00483
91	0.00704	0.00513	0.00654	0.00759	0.00812	0.00473	0.00510	0.00808	0.01118	0.01470	0.05006	0.64806	0.12567	0.05877	0.00838	0.00243	0.00337	0.01520	0.00523	0.00462
92	0.01080	0.01017	0.01716	0.78523	0.03940	0.01271	0.01589	0.01461	0.01144	0.01461	0.01017	0.01525	0.00762	0.00572	0.00572	0.00191	0.00762	0.00508	0.00254	0.00635
93	0.16051	0.01009	0.01223	0.00969	0.01368	0.00961	0.00795	0.08153	0.01608	0.51359	0.08942	0.01951	0.01624	0.00720	0.00547	0.00177	0.00470	0.00569	0.00630	0.00873
94	0.00704	0.00580	0.00614	0.00606	0.00783	0.00495	0.00451	0.00867	0.01348	0.01667	0.18220	0.05239	0.61558	0.03441	0.00734	0.00200	0.00293	0.01167	0.00544	0.00489
95	0.01186	0.01017	0.01186	0.00847	0.01356	0.00762	0.00678	0.01440	0.01186	0.01864	0.01017	0.01186	0.00847	0.00424	0.00424	0.00085	0.00424	0.00339	0.00339	0.83395
96	0.06618	0.01639	0.01569	0.15839	0.02080	0.18734	0.01118	0.31097	0.05816	0.05596	0.01265	0.01386	0.00934	0.00639	0.00542	0.00170	0.00708	0.00479	0.02969	0.00802
97	0.00831	0.00556	0.00633	0.00633	0.00637	0.00560	0.00358	0.00838	0.00835	0.01116	0.01794	0.03695	0.02059	0.77473	0.05307	0.00566	0.00586	0.00825	0.00345	0.00352
98	0.01529	0.80242	0.02997	0.00979	0.01468	0.02263	0.00979	0.01713	0.01162	0.01346	0.00795	0.00918	0.00734	0.00489	0.00367	0.00122	0.00612	0.00306	0.00245	0.00734
99	0.08003	0.01694	0.01563	0.01267	0.01659	0.17744	0.01021	0.40595	0.03557	0.11437	0.01337	0.01367	0.00968	0.00747	0.02293	0.00187	0.02720	0.00480	0.00499	0.00861
100	0.04452	0.21241	0.13352	0.01785	0.04239	0.01617	0.33238	0.03961	0.01279	0.01758	0.01085	0.03796	0.00897	0.00567	0.00618	0.00176	0.04342	0.00547	0.00288	0.00760
101	0.06194	0.05430	0.01792	0.01905	0.20218	0.46317	0.01227	0.02021	0.01444	0.01577	0.00977	0.03158	0.00852	0.00610	0.00575	0.00160	0.04092	0.00436	0.00297	0.00717
102	0.83938	0.01106	0.00841	0.00752	0.01106	0.01283	0.00619	0.01681	0.00973	0.02566	0.00796	0.00929	0.00619	0.00531	0.00354	0.00177	0.00442	0.00310	0.00354	0.00619
103	0.01066	0.00533	0.00533	0.00533	0.00666	0.00533	0.00400	0.01333	0.01200	0.02132	0.01866	0.02132	0.01466	0.00666	0.00400	0.00133	0.00267	0.00533	0.83073	0.00533
104	0.01093	0.01025	0.01699	0.75573	0.03846	0.01277	0.01562	0.01522	0.03971	0.01497	0.01067	0.01548	0.00800	0.00580	0.00572	0.00191	0.00751	0.00514	0.00267	0.00646
105	0.01186	0.01017	0.01186	0.00847	0.01356	0.00762	0.00678	0.01440	0.01186	0.01864	0.01017	0.01186	0.00847	0.00424	0.00424	0.00085	0.00424	0.00339	0.00339	0.83395
106	0.00771	0.00562	0.00666	0.00708	0.00832	0.00501	0.00507	0.00911	0.01246	0.03983	0.11099	0.34200	0.33683	0.04467	0.00781	0.00222	0.00328	0.03503	0.00539	0.00493
107	0.00741	0.00580	0.00658	0.00640	0.00796	0.00511	0.00472	0.00928	0.01401	0.01823	0.34331	0.04880	0.42067	0.06666	0.00827	0.00212	0.00300	0.01111	0.00559	0.00497
108	0.01080	0.01017	0.01716	0.78523	0.03940	0.01271	0.01589	0.01461	0.01144	0.01461	0.01017	0.01525	0.00762	0.00572	0.00572	0.00191	0.00762	0.00508	0.00254	0.00635
109	0.00681	0.00580	0.00586	0.00584	0.00775	0.00485	0.00438	0.00830	0.01315	0.01571	0.08204	0.05462	0.73672	0.01439	0.00676	0.00193	0.00289	0.01201	0.00535	0.00485
110	0.00830	0.00564	0.00670	0.00670	0.00686	0.00580	0.00404	0.00861	0.00845	0.01143	0.01760	0.03510	0.01978	0.68122	0.14549	0.00611	0.00707	0.00798	0.00340	0.00372
111	0.83938	0.01106	0.00841	0.00752	0.01106	0.01283	0.00619	0.01681	0.00973	0.02566	0.00796	0.00929	0.00619	0.00531	0.00354	0.00177	0.00442	0.00310	0.00354	0.00619
112	0.01107	0.01056	0.01850	0.68911	0.03760	0.01269	0.08797	0.01495	0.01166	0.01516	0.01053	0.01543	0.00791	0.00565	0.00578	0.00189	0.00770	0.00526	0.02414	0.00646
113	0.02229	0.10122	0.01887	0.01554	0.01869	0.65241	0.01177	0.02316	0.01669	0.01600	0.01091	0.01333	0.00945	0.00737	0.00643	0.00189	0.03816	0.00440	0.00363	0.00779
114	0.00775	0.00583	0.00746	0.00791	0.00902	0.00530	0.00551	0.00903	0.01095	0.01493	0.02860	0.54376	0.08116	0.05097	0.07368	0.00283	0.00453	0.01309	0.00479	0.11288
115	0.00970	0.00805	0.01081	0.09788	0.01389	0.00927	0.00832	0.05995	0.03073	0.01609	0.02399	0.42608	0.06219	0.02967	0.00967	0.00231	0.15998	0.01139	0.00444	0.00560
116	0.22353	0.01489	0.01427	0.01156	0.01551	0.06789	0.00938	0.45777	0.03877	0.03052	0.01314	0.05401	0.01037	0.00702	0.00523	0.00175	0.00591	0.00516	0.00497	0.00835
117	0.01387	0.01381	0.04218	0.07689	0.64069	0.01359	0.04296	0.01803	0.04758	0.01867	0.01133	0.01455	0.00931	0.00526	0.00571	0.00173	0.00688	0.00520	0.00295	0.00884
118	0.29714	0.27045	0.01797	0.02919	0.01487	0.17154	0.00899	0.06744	0.01314	0.05085	0.00919	0.01033	0.00741	0.00548	0.00420	0.00153	0.00639	0.00350	0.00334	0.00704
119	0.64856	0.01155	0.00955	0.00835	0.01190	0.05244	0.00681	0.01850	0.01102	0.13203	0.01039	0.01129	0.00770	0.00694	0.03145	0.00202	0.00519	0.00362	0.00400	0.00669
120	0.01006	0.00799	0.00924	0.05018	0.01183	0.03952	0.00696	0.11156	0.03566	0.01811	0.04999	0.54053	0.05670	0.01463	0.00683	0.00214	0.00425	0.01298	0.00517	0.00568

[dist]
# distance from previous block
# <min> <max>
0	1

[block]
# block no. 2 follows, 41 sequences, length 11
# corresponding to MSA columns:
# 240-250
name=unknown_C
#
# <colnr> <probs for GDERKNQSTAVLIFYWHMCP>
#	G	D	E	R	K	N	Q	S	T	A	V	L	I	F	Y	W	H	M	C	P
0	0.01658	0.01352	0.05342	0.01218	0.01581	0.01383	0.01037	0.40893	0.12239	0.02809	0.01946	0.09119	0.01738	0.00952	0.00626	0.00197	0.00572	0.13963	0.00544	0.00831
1	0.01481	0.01226	0.01354	0.01275	0.05383	0.01390	0.00945	0.06772	0.62609	0.04895	0.04655	0.02120	0.01771	0.00768	0.00584	0.00191	0.00469	0.00643	0.00572	0.00899
2	0.03089	0.04801	0.10565	0.08356	0.06767	0.16364	0.26843	0.03237	0.01319	0.01689	0.01005	0.01321	0.00797	0.00590	0.00747	0.00185	0.10788	0.00518	0.00282	0.00736
3	0.00922	0.00658	0.00922	0.01053	0.01185	0.00658	0.00922	0.01185	0.01317	0.01712	0.03029	0.06452	0.03292	0.01580	0.00790	0.00263	0.00527	0.72480	0.00527	0.00527
