[name]
unknown

[dist]
# distance from previous block
# <min> <max>
0	49

[block]
# block no. 0 follows, 43 sequences, length 24
# corresponding to MSA columns:
# 49-59,61-73
name=unknown_A
#
# <colnr> <probs for GDERKNQSTAVLIFYWHMCP>
#	G	D	E	R	K	N	Q	S	T	A	V	L	I	F	Y	W	H	M	C	P
0	0.03779	0.06592	0.01670	0.07940	0.04175	0.19139	0.02220	0.25979	0.03197	0.02134	0.01139	0.01435	0.00931	0.00862	0.04870	0.00211	0.09841	0.02771	0.00377	0.00739
1	0.08203	0.25068	0.15879	0.03352	0.02919	0.01649	0.01153	0.26504	0.01622	0.02276	0.01072	0.01184	0.00824	0.00564	0.00463	0.00152	0.00612	0.00407	0.05309	0.00788
2	0.04283	0.41122	0.02255	0.05884	0.01678	0.01910	0.01016	0.31661	0.01722	0.02239	0.01012	0.01105	0.00803	0.00558	0.00448	0.00144	0.00603	0.00391	0.00370	0.00796
3	0.01574	0.49136	0.10387	0.01121	0.01596	0.01955	0.01104	0.19096	0.01464	0.01871	0.00924	0.01042	0.00766	0.00554	0.00507	0.00143	0.05312	0.00367	0.00312	0.00771
4	0.11372	0.40662	0.31936	0.01168	0.01761	0.01722	0.01336	0.01692	0.01120	0.01623	0.00858	0.01000	0.00694	0.00499	0.00421	0.00147	0.00661	0.00341	0.00249	0.00740
5	0.01195	0.20579	0.60688	0.01435	0.02175	0.01492	0.01797	0.01732	0.01159	0.01652	0.00943	0.01106	0.00704	0.00514	0.00487	0.00162	0.00767	0.00384	0.00235	0.00794
6	0.01414	0.71554	0.07533	0.00978	0.01450	0.02040	0.00994	0.01616	0.01125	0.01338	0.00908	0.05203	0.00870	0.00545	0.00385	0.00128	0.00592	0.00373	0.00252	0.00703
7	0.01402	0.64270	0.18812	0.01082	0.01629	0.01999	0.01181	0.01679	0.01135	0.01399	0.00818	0.00948	0.00709	0.00485	0.00392	0.00131	0.00640	0.00320	0.00236	0.00734
8	0.01471	0.09916	0.06173	0.01140	0.01515	0.01477	0.00970	0.15300	0.46874	0.02374	0.05508	0.01857	0.01566	0.00711	0.00542	0.00175	0.00500	0.00573	0.00509	0.00849
9	0.00778	0.00531	0.00607	0.00625	0.00641	0.00521	0.00366	0.00800	0.00869	0.01147	0.02165	0.14408	0.06843	0.64680	0.02391	0.00472	0.00491	0.00935	0.00371	0.00360
10	0.00774	0.00558	0.00793	0.00825	0.00907	0.00610	0.00614	0.00946	0.00968	0.01385	0.04312	0.22427	0.02115	0.05363	0.49486	0.00644	0.01052	0.00862	0.04879	0.00481
11	0.00914	0.05489	0.01047	0.00916	0.01037	0.05004	0.00715	0.01090	0.00933	0.01275	0.01406	0.02122	0.01339	0.09613	0.61457	0.00758	0.03510	0.00576	0.00294	0.00506
12	0.01046	0.00984	0.01661	0.79205	0.03814	0.01230	0.01538	0.01415	0.01107	0.01415	0.00984	0.01477	0.00738	0.00554	0.00554	0.00185	0.00738	0.00492	0.00246	0.00615
13	0.00792	0.00591	0.00876	0.00876	0.00970	0.00685	0.00675	0.00980	0.00886	0.01275	0.01496	0.02245	0.01415	0.07822	0.74715	0.00873	0.01438	0.00604	0.00299	0.00487
14	0.01633	0.01140	0.01309	0.00996	0.01431	0.01076	0.00807	0.24322	0.06265	0.13643	0.05853	0.01547	0.01255	0.00593	0.00500	0.00133	0.00473	0.00473	0.00482	0.36070
15	0.01571	0.01165	0.01290	0.01083	0.01380	0.01270	0.00854	0.43516	0.08187	0.02692	0.05141	0.17044	0.01843	0.05762	0.02888	0.00224	0.00542	0.02254	0.00529	0.00765
16	0.01700	0.01029	0.01234	0.00956	0.01362	0.00946	0.00772	0.13976	0.07437	0.26001	0.10694	0.01844	0.01615	0.00653	0.00521	0.00143	0.00446	0.00533	0.00530	0.27606
17	0.03886	0.01301	0.01368	0.01075	0.01484	0.06763	0.00868	0.29182	0.07790	0.15036	0.05905	0.01572	0.01275	0.00635	0.00519	0.00149	0.00531	0.00495	0.00504	0.19666
18	0.01900	0.01309	0.03719	0.01148	0.01595	0.05036	0.04922	0.24946	0.03858	0.25343	0.01625	0.01585	0.03199	0.00626	0.00532	0.00153	0.00558	0.00505	0.00512	0.16928
19	0.01835	0.03256	0.01462	0.01111	0.01534	0.08686	0.02207	0.26018	0.06856	0.17434	0.01449	0.02972	0.01073	0.00616	0.00515	0.00146	0.00559	0.00482	0.00486	0.21305
20	0.03614	0.06044	0.01543	0.03386	0.01601	0.03284	0.07203	0.09697	0.07610	0.18699	0.01395	0.01448	0.01027	0.00651	0.02669	0.00160	0.00560	0.00460	0.00437	0.28512
21	0.07137	0.01252	0.01425	0.01260	0.07790	0.04874	0.03193	0.19921	0.10508	0.05789	0.01364	0.05114	0.01101	0.00613	0.00504	0.00145	0.00528	0.00499	0.00430	0.26553
22	0.05674	0.01349	0.01511	0.01238	0.03896	0.07556	0.04558	0.27613	0.03197	0.11459	0.01519	0.01572	0.05443	0.00664	0.00623	0.00160	0.06567	0.00505	0.00453	0.14442
23	0.06784	0.01229	0.01341	0.03540	0.01517	0.04275	0.00879	0.25045	0.08920	0.13055	0.01620	0.03196	0.04705	0.00682	0.00582	0.00158	0.04389	0.00521	0.00478	0.17084

[dist]
# distance from previous block
# <min> <max>
1	19

[block]
# block no. 1 follows, 43 sequences, length 116
# corresponding to MSA columns:
# 93-199,201-209
name=unknown_B
#
# <colnr> <probs for GDERKNQSTAVLIFYWHMCP>
#	G	D	E	R	K	N	Q	S	T	A	V	L	I	F	Y	W	H	M	C	P
0	0.23891	0.01206	0.01404	0.04592	0.11134	0.01296	0.02709	0.19012	0.11352	0.08728	0.03383	0.01439	0.01076	0.00603	0.00494	0.00167	0.00524	0.00473	0.00442	0.06077
1	0.24523	0.01344	0.01451	0.06836	0.13812	0.07215	0.01024	0.21507	0.03827	0.06788	0.01126	0.01246	0.00846	0.00569	0.00482	0.00163	0.00581	0.00429	0.00403	0.05827
2	0.39428	0.01348	0.01263	0.03121	0.08133	0.08903	0.00879	0.19914	0.01469	0.02472	0.01067	0.01185	0.02419	0.00569	0.00445	0.00162	0.00553	0.00398	0.00384	0.05887
3	0.43457	0.01285	0.01255	0.05189	0.09159	0.05813	0.00898	0.19036	0.03052	0.02522	0.03027	0.01197	0.00871	0.00575	0.00447	0.00169	0.00539	0.00406	0.00389	0.00716
4	0.75256	0.01097	0.00906	0.00831	0.03199	0.01249	0.00654	0.05121	0.01038	0.02490	0.00813	0.00942	0.00632	0.00517	0.00361	0.00168	0.00443	0.00316	0.00350	0.03619
5	0.05035	0.01517	0.01632	0.03540	0.01756	0.01686	0.01051	0.70424	0.02500	0.03393	0.01299	0.01319	0.00924	0.00656	0.00546	0.00167	0.00607	0.00491	0.00537	0.00920
6	0.72662	0.01140	0.00935	0.00806	0.01164	0.01310	0.00665	0.12163	0.01180	0.02629	0.00851	0.00961	0.00649	0.00536	0.00373	0.00171	0.00454	0.00328	0.00373	0.00649
7	0.68994	0.01139	0.00948	0.00822	0.01175	0.01311	0.00674	0.11087	0.05641	0.02603	0.00931	0.01024	0.00709	0.00547	0.00383	0.00172	0.00452	0.00345	0.00383	0.00660
8	0.00675	0.00482	0.00643	0.00771	0.00803	0.00450	0.00514	0.00771	0.01060	0.01414	0.03053	0.80175	0.03663	0.01735	0.00707	0.00225	0.00321	0.01574	0.00514	0.00450
9	0.02341	0.00911	0.01239	0.00961	0.01364	0.00789	0.00789	0.02559	0.01584	0.71109	0.08486	0.02075	0.01697	0.00723	0.00565	0.00172	0.00454	0.00595	0.00679	0.00907
10	0.01148	0.00984	0.01148	0.00820	0.01312	0.00738	0.00656	0.01395	0.01148	0.01805	0.00984	0.01148	0.00820	0.00410	0.00410	0.00082	0.00410	0.00328	0.00328	0.83922
11	0.02105	0.01551	0.01662	0.01274	0.01717	0.01717	0.01053	0.75235	0.02604	0.03490	0.01330	0.01330	0.00942	0.00665	0.00554	0.00166	0.00609	0.00499	0.00554	0.00942
12	0.01371	0.01316	0.02248	0.03399	0.77081	0.01316	0.01700	0.01700	0.01261	0.01809	0.01042	0.01371	0.00877	0.00493	0.00548	0.00164	0.00658	0.00493	0.00274	0.00877
13	0.02105	0.01551	0.01662	0.01274	0.01717	0.01717	0.01053	0.75235	0.02604	0.03490	0.01330	0.01330	0.00942	0.00665	0.00554	0.00166	0.00609	0.00499	0.00554	0.00942
14	0.01378	0.01190	0.01252	0.01127	0.01440	0.01378	0.00877	0.02943	0.76081	0.02317	0.02254	0.02066	0.01691	0.00751	0.00564	0.00188	0.00438	0.00626	0.00564	0.00877
15	0.00750	0.00540	0.00710	0.00720	0.00820	0.00500	0.00520	0.00959	0.01408	0.01967	0.53613	0.28036	0.04735	0.01322	0.00670	0.00190	0.00280	0.01182	0.00580	0.00500
16	0.00791	0.00593	0.00890	0.00890	0.00989	0.00692	0.00692	0.00989	0.00890	0.01286	0.01483	0.02176	0.01385	0.04154	0.78341	0.00890	0.01483	0.00593	0.00297	0.00494
17	0.00777	0.00566	0.00731	0.00689	0.00823	0.00520	0.00517	0.01032	0.01551	0.02182	0.72934	0.04202	0.09105	0.01147	0.00653	0.00175	0.00262	0.01011	0.00604	0.00520
18	0.02119	0.01529	0.01649	0.01264	0.01707	0.01685	0.01044	0.72627	0.02567	0.06150	0.01360	0.01350	0.00957	0.00666	0.00554	0.00166	0.00604	0.00501	0.00559	0.00942
19	0.02069	0.02640	0.01569	0.01427	0.01712	0.78313	0.01070	0.02212	0.01569	0.01355	0.00856	0.00999	0.00713	0.00571	0.00499	0.00143	0.00999	0.00357	0.00285	0.00642
20	0.00680	0.00495	0.00635	0.00741	0.00792	0.00457	0.00499	0.00783	0.01090	0.01436	0.05456	0.67341	0.11724	0.04106	0.00765	0.00229	0.00322	0.01489	0.00511	0.00450
21	0.01481	0.80869	0.02902	0.00948	0.01421	0.02191	0.00948	0.01658	0.01125	0.01303	0.00770	0.00888	0.00711	0.00474	0.00355	0.00118	0.00592	0.00296	0.00237	0.00711
22	0.00795	0.00577	0.00805	0.00805	0.00875	0.00646	0.00587	0.00935	0.00865	0.01223	0.01561	0.02604	0.01571	0.26760	0.55989	0.00786	0.01203	0.00656	0.00308	0.00447
23	0.01971	0.01452	0.01485	0.01202	0.01595	0.08114	0.00969	0.38119	0.21762	0.14921	0.01671	0.01585	0.01189	0.00683	0.00552	0.00171	0.00576	0.00529	0.00554	0.00899
24	0.00675	0.00482	0.00643	0.00771	0.00803	0.00450	0.00514	0.00771	0.01060	0.01414	0.03053	0.80175	0.03663	0.01735	0.00707	0.00225	0.00321	0.01574	0.00514	0.00450
25	0.01378	0.01190	0.01252	0.01127	0.01440	0.01378	0.00877	0.02943	0.76081	0.02317	0.02254	0.02066	0.01691	0.00751	0.00564	0.00188	0.00438	0.00626	0.00564	0.00877
26	0.02069	0.02640	0.01569	0.01427	0.01712	0.78313	0.01070	0.02212	0.01569	0.01355	0.00856	0.00999	0.00713	0.00571	0.00499	0.00143	0.00999	0.00357	0.00285	0.00642
27	0.02105	0.01551	0.01662	0.01274	0.01717	0.01717	0.01053	0.75235	0.02604	0.03490	0.01330	0.01330	0.00942	0.00665	0.00554	0.00166	0.00609	0.00499	0.00554	0.00942
28	0.01481	0.80869	0.02902	0.00948	0.01421	0.02191	0.00948	0.01658	0.01125	0.01303	0.00770	0.00888	0.00711	0.00474	0.00355	0.00118	0.00592	0.00296	0.00237	0.00711
29	0.00672	0.00492	0.00632	0.00744	0.00796	0.00452	0.00502	0.00774	0.01086	0.01424	0.03380	0.70582	0.13044	0.01692	0.00700	0.00220	0.00316	0.01522	0.00514	0.00452
30	0.01141	0.01094	0.01506	0.01306	0.01306	0.01494	0.01059	0.01241	0.00841	0.01288	0.00904	0.01632	0.00951	0.14828	0.01992	0.00294	0.65765	0.00541	0.00259	0.00559
31	0.01342	0.01152	0.01260	0.01124	0.01429	0.01313	0.02579	0.05332	0.65376	0.02273	0.02337	0.06418	0.03957	0.00815	0.00576	0.00189	0.00445	0.00690	0.00552	0.00840
32	0.00666	0.00516	0.00607	0.00680	0.00779	0.00457	0.00474	0.00781	0.01148	0.01449	0.04157	0.47852	0.35273	0.01592	0.00684	0.00209	0.00304	0.01399	0.00514	0.00457
33	0.00805	0.00537	0.00604	0.00604	0.00604	0.00537	0.00336	0.00805	0.00805	0.01074	0.01745	0.03624	0.02013	0.80536	0.02819	0.00537	0.00537	0.00805	0.00336	0.00336
34	0.02081	0.01539	0.01648	0.01269	0.01708	0.01706	0.01047	0.72805	0.05074	0.03451	0.01361	0.01354	0.00967	0.00668	0.00554	0.00167	0.00604	0.00503	0.00554	0.00940
35	0.01374	0.01242	0.01425	0.14687	0.06677	0.04858	0.01065	0.05155	0.50635	0.02106	0.01826	0.01826	0.01381	0.00695	0.00587	0.00184	0.02414	0.00575	0.00470	0.00817
36	0.00805	0.00537	0.00604	0.00604	0.00604	0.00537	0.00336	0.00805	0.00805	0.01074	0.01745	0.03624	0.02013	0.80536	0.02819	0.00537	0.00537	0.00805	0.00336	0.00336
37	0.81880	0.01126	0.03182	0.00755	0.01112	0.01244	0.00644	0.01632	0.00950	0.02462	0.00778	0.00908	0.00603	0.00514	0.00348	0.00171	0.00440	0.00303	0.00339	0.00607
38	0.01317	0.01261	0.02151	0.15961	0.64940	0.01302	0.01673	0.01653	0.01236	0.01744	0.01032	0.01388	0.00854	0.00503	0.00549	0.00168	0.00671	0.00493	0.00269	0.00834
39	0.00747	0.00565	0.00689	0.00658	0.00805	0.00507	0.00493	0.00973	0.01480	0.02012	0.56283	0.04481	0.25862	0.01210	0.00654	0.00178	0.00267	0.01050	0.00582	0.00507
40	0.02439	0.00932	0.01271	0.00978	0.01398	0.00806	0.00806	0.02654	0.01585	0.75438	0.04195	0.01946	0.01475	0.00698	0.00560	0.00171	0.00466	0.00569	0.00683	0.00931
41	0.01133	0.01071	0.01811	0.55609	0.25030	0.01240	0.01564	0.01485	0.01151	0.01530	0.01043	0.03034	0.00838	0.00560	0.00555	0.00180	0.00707	0.00514	0.00260	0.00688
42	0.00784	0.00566	0.00740	0.00697	0.00827	0.00523	0.00523	0.01045	0.01568	0.02221	0.76789	0.04137	0.05226	0.01132	0.00653	0.00174	0.00261	0.01002	0.00610	0.00523
43	0.01378	0.01190	0.01252	0.01127	0.01440	0.01378	0.00877	0.02943	0.76081	0.02317	0.02254	0.02066	0.01691	0.00751	0.00564	0.00188	0.00438	0.00626	0.00564	0.00877
44	0.00761	0.00565	0.00708	0.00673	0.00813	0.00513	0.00504	0.01001	0.01513	0.02092	0.64119	0.04349	0.17976	0.01180	0.00653	0.00176	0.00265	0.01031	0.00593	0.00513
45	0.00703	0.00511	0.00689	0.03137	0.00898	0.00485	0.00546	0.00834	0.01143	0.01542	0.14736	0.65676	0.03823	0.01603	0.00694	0.00216	0.00324	0.01450	0.00521	0.00466
46	0.01362	0.01307	0.02232	0.05482	0.75068	0.01314	0.01695	0.01692	0.01257	0.01799	0.01040	0.01374	0.00873	0.00495	0.00548	0.00165	0.00660	0.00493	0.00273	0.00870
47	0.01501	0.74653	0.02801	0.00986	0.01437	0.05875	0.00962	0.01675	0.01139	0.01306	0.00773	0.00904	0.00711	0.00494	0.00407	0.00123	0.03005	0.00305	0.00239	0.00704
48	0.01096	0.01019	0.01673	0.69759	0.07010	0.01241	0.01499	0.03470	0.01152	0.01501	0.00992	0.01453	0.00753	0.00557	0.00572	0.00181	0.02163	0.00487	0.00258	0.03162
49	0.01393	0.12430	0.09772	0.01281	0.01636	0.03386	0.12638	0.01721	0.03571	0.13910	0.17920	0.01981	0.01867	0.00747	0.00760	0.00178	0.13086	0.00604	0.00410	0.00710
50	0.01551	0.01266	0.01344	0.01156	0.01496	0.01442	0.00913	0.22088	0.54484	0.02604	0.02031	0.04033	0.01546	0.00756	0.00565	0.00183	0.00481	0.00619	0.00560	0.00882
51	0.01046	0.00984	0.01661	0.79205	0.03814	0.01230	0.01538	0.01415	0.01107	0.01415	0.00984	0.01477	0.00738	0.00554	0.00554	0.00185	0.00738	0.00492	0.00246	0.00615
52	0.01104	0.01151	0.05796	0.32773	0.19316	0.01162	0.10655	0.01467	0.02660	0.01584	0.01446	0.11794	0.03525	0.00721	0.00614	0.00187	0.02389	0.00672	0.00305	0.00680
53	0.02105	0.01551	0.01662	0.01274	0.01717	0.01717	0.01053	0.75235	0.02604	0.03490	0.01330	0.01330	0.00942	0.00665	0.00554	0.00166	0.00609	0.00499	0.00554	0.00942
54	0.01090	0.01030	0.01742	0.68818	0.13854	0.01242	0.01560	0.01454	0.01128	0.01469	0.00992	0.01462	0.00757	0.00545	0.00553	0.00182	0.00727	0.00492	0.00250	0.00651
55	0.84448	0.01071	0.00814	0.00728	0.01071	0.01242	0.00600	0.01628	0.00943	0.02485	0.00771	0.00900	0.00600	0.00514	0.00343	0.00171	0.00428	0.00300	0.00343	0.00600
56	0.00777	0.00566	0.00730	0.00689	0.00823	0.00520	0.00517	0.01031	0.01551	0.02181	0.72882	0.04202	0.09158	0.01147	0.00653	0.00175	0.00262	0.01011	0.00604	0.00520
57	0.04500	0.00946	0.01274	0.00979	0.01405	0.00825	0.00809	0.02673	0.01569	0.75622	0.02150	0.01861	0.01352	0.00681	0.00552	0.00171	0.00470	0.00551	0.00677	0.00934
58	0.00805	0.00537	0.00604	0.00604	0.00604	0.00537	0.00336	0.00805	0.00805	0.01074	0.01745	0.03624	0.02013	0.80536	0.02819	0.00537	0.00537	0.00805	0.00336	0.00336
59	0.00727	0.00564	0.00662	0.00637	0.00793	0.00499	0.00478	0.00936	0.01434	0.01904	0.45672	0.04659	0.36541	0.01250	0.00654	0.00180	0.00270	0.01075	0.00568	0.00499
60	0.00888	0.00819	0.01512	0.01285	0.01491	0.00767	0.25215	0.01104	0.01135	0.01524	0.02376	0.51983	0.02682	0.03496	0.00748	0.00221	0.00530	0.01248	0.00432	0.00545
61	0.00804	0.00543	0.00633	0.00633	0.00643	0.00553	0.00372	0.00824	0.00814	0.01095	0.01719	0.03478	0.01950	0.72804	0.10464	0.00573	0.00633	0.00784	0.00332	0.00352
62	0.00777	0.00566	0.00731	0.00690	0.00823	0.00520	0.00517	0.01032	0.01552	0.02183	0.73030	0.04200	0.09009	0.01147	0.00653	0.00175	0.00262	0.01010	0.00605	0.00520
63	0.01899	0.01450	0.01646	0.10478	0.01952	0.03465	0.02984	0.55255	0.06417	0.05073	0.01383	0.03039	0.01020	0.00672	0.00559	0.00171	0.00623	0.00529	0.00507	0.00877
64	0.01068	0.01013	0.01698	0.59345	0.08824	0.01169	0.05655	0.01419	0.01142	0.01495	0.01271	0.01677	0.05273	0.00585	0.00556	0.00177	0.00695	0.00531	0.00271	0.06137
65	0.03248	0.30475	0.32454	0.02661	0.01858	0.05446	0.01398	0.01712	0.02922	0.01568	0.00911	0.01083	0.00735	0.00542	0.00551	0.00154	0.06552	0.00372	0.00254	0.05105
66	0.01464	0.77315	0.06309	0.00976	0.01466	0.02150	0.00998	0.01663	0.01127	0.01324	0.00780	0.00901	0.00710	0.00476	0.00363	0.00121	0.00603	0.00301	0.00237	0.00716
67	0.02485	0.00943	0.01285	0.00985	0.01414	0.00814	0.00814	0.02699	0.01585	0.77465	0.02185	0.01885	0.01371	0.00685	0.00557	0.00171	0.00471	0.00557	0.00685	0.00943
68	0.03078	0.00764	0.01035	0.06850	0.01307	0.00744	0.02693	0.01612	0.07075	0.21077	0.25644	0.14540	0.07446	0.01088	0.02329	0.00200	0.00423	0.00884	0.00556	0.00656
69	0.01894	0.01353	0.01755	0.06132	0.28037	0.07150	0.01240	0.19970	0.01694	0.23099	0.01411	0.01480	0.01010	0.00598	0.00549	0.00166	0.00625	0.00502	0.00456	0.00879
70	0.02471	0.00964	0.01299	0.00996	0.01425	0.00846	0.00823	0.05307	0.01622	0.74806	0.02154	0.01865	0.01356	0.00685	0.00557	0.00171	0.00476	0.00555	0.00681	0.00943
71	0.01834	0.00934	0.05245	0.00927	0.01277	0.00761	0.00788	0.03631	0.01578	0.46657	0.27032	0.02587	0.02614	0.00826	0.00587	0.00172	0.00423	0.00696	0.00633	0.00795
72	0.05233	0.01180	0.03903	0.29653	0.21655	0.03303	0.01347	0.01867	0.04454	0.17874	0.01290	0.01507	0.00942	0.00584	0.00577	0.00176	0.02824	0.00497	0.00366	0.00769
73	0.21328	0.01735	0.23963	0.01406	0.01942	0.01322	0.15913	0.12620	0.04919	0.05535	0.03462	0.01358	0.00955	0.00568	0.00519	0.00176	0.00667	0.00480	0.00363	0.00769
74	0.00865	0.00645	0.00841	0.00929	0.01076	0.00634	0.00792	0.01154	0.04478	0.01669	0.05249	0.05841	0.17257	0.01462	0.00732	0.00237	0.00457	0.54649	0.00516	0.00518
75	0.01442	0.24490	0.05246	0.01372	0.01633	0.15223	0.06485	0.01630	0.01101	0.01377	0.00801	0.01100	0.00727	0.00702	0.01028	0.00182	0.34130	0.00417	0.00251	0.00661
76	0.57067	0.01109	0.01199	0.07965	0.16944	0.01240	0.00914	0.01667	0.01047	0.05187	0.00900	0.01084	0.00699	0.00520	0.00411	0.00171	0.00504	0.00366	0.00334	0.00672
77	0.01350	0.01287	0.02190	0.03298	0.73835	0.01287	0.01665	0.01676	0.01262	0.01803	0.01123	0.01579	0.00976	0.00538	0.00558	0.00168	0.00652	0.03608	0.00284	0.00862
78	0.00729	0.00560	0.00667	0.00648	0.00796	0.00498	0.00483	0.00935	0.01425	0.01902	0.45759	0.08377	0.32686	0.01266	0.00656	0.00182	0.00272	0.01094	0.00568	0.00498
79	0.00675	0.00482	0.00643	0.00771	0.00803	0.00450	0.00514	0.00771	0.01060	0.01414	0.03053	0.80175	0.03663	0.01735	0.00707	0.00225	0.00321	0.01574	0.00514	0.00450
80	0.02007	0.02532	0.01582	0.01498	0.04916	0.73094	0.01088	0.02159	0.01539	0.01373	0.00880	0.01044	0.00737	0.00656	0.02434	0.00162	0.00996	0.00368	0.00285	0.00648
81	0.72961	0.04506	0.01040	0.00993	0.08351	0.01290	0.00720	0.01636	0.00981	0.02370	0.00797	0.00944	0.00631	0.00510	0.00363	0.00168	0.00457	0.00318	0.00332	0.00631
82	0.01046	0.00984	0.01661	0.79205	0.03814	0.01230	0.01538	0.01415	0.01107	0.01415	0.00984	0.01477	0.00738	0.00554	0.00554	0.00185	0.00738	0.00492	0.00246	0.00615
83	0.01358	0.01194	0.01423	0.01540	0.15618	0.01340	0.01020	0.02651	0.59746	0.02219	0.04320	0.01999	0.01647	0.00715	0.00563	0.00183	0.00474	0.00613	0.00511	0.00866
84	0.00680	0.00490	0.00644	0.00757	0.00802	0.00455	0.00510	0.00787	0.01097	0.01460	0.07042	0.72586	0.07268	0.01687	0.00702	0.00220	0.00316	0.01525	0.00519	0.00455
85	0.01771	0.01361	0.01502	0.03601	0.05818	0.03447	0.01016	0.33097	0.31593	0.08211	0.01721	0.01661	0.01255	0.00686	0.00556	0.00175	0.00548	0.00549	0.00536	0.00895
86	0.02157	0.00885	0.01190	0.00940	0.01313	0.00781	0.00766	0.02421	0.03878	0.62163	0.15063	0.02279	0.02046	0.00765	0.00574	0.00172	0.00434	0.00636	0.00669	0.00868
87	0.02117	0.01533	0.01650	0.01265	0.01708	0.01690	0.01045	0.73003	0.02573	0.05767	0.01356	0.01347	0.00955	0.00665	0.00554	0.00166	0.00605	0.00500	0.00558	0.00942
88	0.00655	0.00561	0.00561	0.00561	0.00748	0.00468	0.00421	0.00795	0.01262	0.01496	0.05610	0.05330	0.76857	0.01403	0.00655	0.00187	0.00281	0.01169	0.00514	0.00468
89	0.02485	0.00943	0.01285	0.00985	0.01414	0.00814	0.00814	0.02699	0.01585	0.77465	0.02185	0.01885	0.01371	0.00685	0.00557	0.00171	0.00471	0.00557	0.00685	0.00943
90	0.02107	0.03130	0.07234	0.01086	0.01528	0.01110	0.00953	0.19953	0.05519	0.43934	0.04248	0.01844	0.03355	0.00700	0.00555	0.00171	0.00521	0.00559	0.00596	0.00898
91	0.01481	0.80869	0.02902	0.00948	0.01421	0.02191	0.00948	0.01658	0.01125	0.01303	0.00770	0.00888	0.00711	0.00474	0.00355	0.00118	0.00592	0.00296	0.00237	0.00711
92	0.02069	0.02640	0.01569	0.01427	0.01712	0.78313	0.01070	0.02212	0.01569	0.01355	0.00856	0.00999	0.00713	0.00571	0.00499	0.00143	0.00999	0.00357	0.00285	0.00642
93	0.84448	0.01071	0.00814	0.00728	0.01071	0.01242	0.00600	0.01628	0.00943	0.02485	0.00771	0.00900	0.00600	0.00514	0.00343	0.00171	0.00428	0.00300	0.00343	0.00600
94	0.01046	0.00984	0.01661	0.79205	0.03814	0.01230	0.01538	0.01415	0.01107	0.01415	0.00984	0.01477	0.00738	0.00554	0.00554	0.00185	0.00738	0.00492	0.00246	0.00615
95	0.02460	0.00948	0.01285	0.00989	0.01414	0.00827	0.00815	0.02705	0.03252	0.75784	0.02186	0.01889	0.01378	0.00687	0.00557	0.00172	0.00471	0.00558	0.00683	0.00941
96	0.01980	0.01095	0.01344	0.01072	0.03327	0.01023	0.00848	0.15728	0.07969	0.37838	0.01723	0.01612	0.01177	0.00618	0.00522	0.00151	0.00484	0.00497	0.00557	0.20436
97	0.01145	0.02768	0.72279	0.01606	0.02403	0.01303	0.05394	0.03642	0.01212	0.01799	0.01008	0.01188	0.00714	0.00527	0.00533	0.00176	0.00818	0.00423	0.00244	0.00818
98	0.00805	0.00537	0.00604	0.00604	0.00604	0.00537	0.00336	0.00805	0.00805	0.01074	0.01745	0.03624	0.02013	0.80536	0.02819	0.00537	0.00537	0.00805	0.00336	0.00336
99	0.00655	0.00561	0.00561	0.00561	0.00748	0.00468	0.00421	0.00795	0.01262	0.01496	0.05610	0.05330	0.76857	0.01403	0.00655	0.00187	0.00281	0.01169	0.00514	0.00468
100	0.01152	0.01093	0.01853	0.54454	0.27736	0.01258	0.01591	0.01508	0.01158	0.01544	0.01003	0.01442	0.00784	0.00534	0.00552	0.00178	0.00712	0.00493	0.00255	0.00701
101	0.01250	0.01192	0.02029	0.31628	0.49798	0.01284	0.01640	0.01594	0.01204	0.01663	0.01020	0.01410	0.00826	0.00516	0.00550	0.00172	0.00688	0.00493	0.00264	0.00780
102	0.01107	0.01047	0.01772	0.64849	0.17690	0.01247	0.01569	0.01469	0.01137	0.01490	0.00995	0.01457	0.00765	0.00542	0.00553	0.00181	0.00723	0.00492	0.00251	0.00665
103	0.00809	0.00809	0.08873	0.00780	0.00988	0.00599	0.00676	0.01102	0.01503	0.02118	0.63557	0.03910	0.09986	0.01088	0.00640	0.00175	0.00322	0.00951	0.00563	0.00550
104	0.00791	0.00593	0.00890	0.00890	0.00989	0.00692	0.00692	0.00989	0.00890	0.01286	0.01483	0.02176	0.01385	0.04154	0.78341	0.00890	0.01483	0.00593	0.00297	0.00494
105	0.01296	0.01240	0.02113	0.20826	0.60239	0.01296	0.01663	0.01634	0.01226	0.01719	0.01029	0.01395	0.00845	0.00507	0.00550	0.00169	0.00676	0.00493	0.00268	0.00817
106	0.01481	0.80869	0.02902	0.00948	0.01421	0.02191	0.00948	0.01658	0.01125	0.01303	0.00770	0.00888	0.00711	0.00474	0.00355	0.00118	0.00592	0.00296	0.00237	0.00711
107	0.01371	0.01306	0.02172	0.03226	0.71305	0.01321	0.01637	0.01795	0.06975	0.01848	0.01134	0.01424	0.00939	0.00513	0.00549	0.00166	0.00641	0.00504	0.00296	0.00877
108	0.02134	0.01505	0.01633	0.01252	0.01694	0.01649	0.01034	0.69696	0.02526	0.09140	0.01395	0.01372	0.00975	0.00666	0.00554	0.00167	0.00599	0.00503	0.00564	0.00942
109	0.01069	0.01011	0.01691	0.71915	0.07281	0.01256	0.01531	0.01425	0.01103	0.01430	0.00975	0.01459	0.00745	0.00570	0.00612	0.00186	0.04373	0.00492	0.00247	0.00628
110	0.01032	0.00516	0.00516	0.00516	0.00645	0.00516	0.00387	0.01290	0.01161	0.02065	0.01807	0.02065	0.01420	0.00645	0.00387	0.00129	0.00258	0.00516	0.83611	0.00516
111	0.00792	0.00589	0.00868	0.00868	0.00960	0.00680	0.00665	0.00975	0.00884	0.01269	0.01503	0.02286	0.01433	0.09987	0.72574	0.00863	0.01411	0.00610	0.00300	0.00482
112	0.01111	0.02865	0.77667	0.01579	0.02397	0.01286	0.02046	0.01754	0.01169	0.01754	0.00994	0.01169	0.00702	0.00526	0.00526	0.00175	0.00818	0.00409	0.00234	0.00818
113	0.01032	0.00516	0.00516	0.00516	0.00645	0.00516	0.00387	0.01290	0.01161	0.02065	0.01807	0.02065	0.01420	0.00645	0.00387	0.00129	0.00258	0.00516	0.83611	0.00516
114	0.84448	0.01071	0.00814	0.00728	0.01071	0.01242	0.00600	0.01628	0.00943	0.02485	0.00771	0.00900	0.00600	0.00514	0.00343	0.00171	0.00428	0.00300	0.00343	0.00600
115	0.03179	0.16984	0.48065	0.01380	0.03854	0.01364	0.01591	0.01792	0.01213	0.09807	0.03453	0.02862	0.00976	0.00575	0.00502	0.00165	0.00699	0.00445	0.00303	0.00792

[dist]
# distance from previous block
# <min> <max>
0	1

[block]
# block no. 2 follows, 43 sequences, length 30
# corresponding to MSA columns:
# 211-240
name=unknown_C
#
# <colnr> <probs for GDERKNQSTAVLIFYWHMCP>
#	G	D	E	R	K	N	Q	S	T	A	V	L	I	F	Y	W	H	M	C	P
0	0.06764	0.12921	0.52980	0.01354	0.02024	0.01366	0.01635	0.05438	0.01222	0.01810	0.01224	0.03778	0.03990	0.00600	0.00504	0.00169	0.00713	0.00460	0.00279	0.00770
1	0.84448	0.01071	0.00814	0.00728	0.01071	0.01242	0.00600	0.01628	0.00943	0.02485	0.00771	0.00900	0.00600	0.00514	0.00343	0.00171	0.00428	0.00300	0.00343	0.00600
2	0.01212	0.01212	0.01696	0.01454	0.01454	0.01696	0.01212	0.01333	0.00848	0.01333	0.00727	0.01212	0.00727	0.00969	0.01818	0.00242	0.79523	0.00485	0.00242	0.00606
3	0.00675	0.00482	0.00643	0.00771	0.00803	0.00450	0.00514	0.00771	0.01060	0.01414	0.03053	0.80175	0.03663	0.01735	0.00707	0.00225	0.00321	0.01574	0.00514	0.00450
4	0.02105	0.01551	0.01662	0.01274	0.01717	0.01717	0.01053	0.75235	0.02604	0.03490	0.01330	0.01330	0.00942	0.00665	0.00554	0.00166	0.00609	0.00499	0.00554	0.00942
5	0.00791	0.00593	0.00890	0.00890	0.00989	0.00692	0.00692	0.00989	0.00890	0.01286	0.01483	0.02176	0.01385	0.04154	0.78341	0.00890	0.01483	0.00593	0.00297	0.00494
6	0.01157	0.12623	0.68313	0.01500	0.02275	0.01399	0.01909	0.01742	0.01164	0.01698	0.00966	0.01134	0.00703	0.00520	0.00505	0.00168	0.00790	0.00395	0.00234	0.00805
7	0.01032	0.00516	0.00516	0.00516	0.00645	0.00516	0.00387	0.01290	0.01161	0.02065	0.01807	0.02065	0.01420	0.00645	0.00387	0.00129	0.00258	0.00516	0.83611	0.00516
8	0.01153	0.01002	0.01191	0.00869	0.01323	0.00812	0.00699	0.01390	0.01125	0.01768	0.00965	0.01153	0.00813	0.00453	0.00518	0.00094	0.06491	0.00340	0.00322	0.77518
9	0.01214	0.01156	0.01965	0.39986	0.41720	0.01275	0.01622	0.01562	0.01187	0.01619	0.01014	0.01422	0.00810	0.00523	0.00551	0.00174	0.00697	0.00493	0.00261	0.00751
10	0.02069	0.02640	0.01569	0.01427	0.01712	0.78313	0.01070	0.02212	0.01569	0.01355	0.00856	0.00999	0.00713	0.00571	0.00499	0.00143	0.00999	0.00357	0.00285	0.00642
11	0.01173	0.01262	0.02607	0.01921	0.02350	0.01205	0.54850	0.01557	0.01285	0.01755	0.09705	0.07570	0.03160	0.02823	0.00764	0.00200	0.04034	0.00766	0.00338	0.00678
12	0.00693	0.00490	0.00637	0.00747	0.00775	0.00462	0.00489	0.00776	0.01024	0.01365	0.02866	0.69280	0.03428	0.12950	0.01007	0.00269	0.00352	0.01465	0.00489	0.00434
13	0.84448	0.01071	0.00814	0.00728	0.01071	0.01242	0.00600	0.01628	0.00943	0.02485	0.00771	0.00900	0.00600	0.00514	0.00343	0.00171	0.00428	0.00300	0.00343	0.00600
14	0.01286	0.01051	0.01210	0.00940	0.03871	0.03522	0.00717	0.01529	0.01199	0.07313	0.01069	0.01204	0.00859	0.00439	0.00429	0.00093	0.00444	0.00351	0.00351	0.72121
15	0.01046	0.00984	0.01661	0.79205	0.03814	0.01230	0.01538	0.01415	0.01107	0.01415	0.00984	0.01477	0.00738	0.00554	0.00554	0.00185	0.00738	0.00492	0.00246	0.00615
16	0.01126	0.02762	0.72079	0.01635	0.02434	0.01295	0.07531	0.01755	0.01180	0.01755	0.01003	0.01194	0.00712	0.00522	0.00536	0.00176	0.00827	0.00428	0.00237	0.00813
17	0.01062	0.01001	0.01690	0.75415	0.07477	0.01235	0.01546	0.01429	0.01115	0.01435	0.00987	0.01471	0.00745	0.00551	0.00553	0.00184	0.00734	0.00492	0.00247	0.00628
18	0.01148	0.00984	0.01148	0.00820	0.01312	0.00738	0.00656	0.01395	0.01148	0.01805	0.00984	0.01148	0.00820	0.00410	0.00410	0.00082	0.00410	0.00328	0.00328	0.83922
19	0.01258	0.01494	0.22299	0.01097	0.01545	0.06119	0.03072	0.01610	0.01361	0.11546	0.21504	0.02284	0.04464	0.00737	0.00554	0.00158	0.00544	0.02165	0.00428	0.15763
20	0.01301	0.01053	0.03104	0.00899	0.01394	0.00799	0.02329	0.03502	0.01232	0.08919	0.01109	0.01230	0.00873	0.00447	0.00436	0.00097	0.00443	0.00363	0.00364	0.70106
21	0.01499	0.01299	0.01892	0.02412	0.44984	0.01305	0.01350	0.19931	0.01593	0.02244	0.04277	0.01447	0.01068	0.00552	0.00536	0.00154	0.00596	0.00494	0.00365	0.12003
22	0.01233	0.01251	0.05176	0.32942	0.45328	0.01281	0.01651	0.01591	0.01197	0.01653	0.01017	0.01404	0.00816	0.00518	0.00549	0.00173	0.00696	0.00489	0.00261	0.00772
23	0.13923	0.01110	0.01531	0.04008	0.31433	0.01130	0.01121	0.07087	0.05070	0.05111	0.08180	0.05170	0.01474	0.00665	0.00528	0.00166	0.00524	0.02568	0.00388	0.08812
24	0.15835	0.01062	0.01512	0.56870	0.03102	0.01286	0.01320	0.09532	0.01242	0.01830	0.00985	0.01359	0.00736	0.00559	0.00517	0.00180	0.00670	0.00459	0.00297	0.00648
25	0.15280	0.00974	0.01470	0.61884	0.03191	0.01195	0.01325	0.01417	0.01060	0.01575	0.00947	0.01388	0.00726	0.00615	0.00598	0.04367	0.00673	0.00459	0.00262	0.00594
26	0.30096	0.01052	0.03962	0.37264	0.02386	0.01168	0.01090	0.03467	0.01125	0.03594	0.06198	0.01525	0.01060	0.03263	0.00562	0.00190	0.00584	0.00470	0.00325	0.00617
27	0.38054	0.03357	0.07326	0.11876	0.01727	0.01209	0.05223	0.04856	0.03803	0.05826	0.01053	0.01261	0.00809	0.02505	0.00500	0.00175	0.00543	0.00409	0.02566	0.06922
28	0.48303	0.08071	0.04119	0.03009	0.06998	0.01358	0.05907	0.01639	0.01042	0.04472	0.02344	0.01121	0.00779	0.00569	0.00547	0.00175	0.08178	0.00386	0.00324	0.00658
29	0.53425	0.04858	0.07247	0.04911	0.04027	0.01323	0.05847	0.01613	0.01010	0.02148	0.00833	0.01034	0.00660	0.00543	0.00508	0.00174	0.06463	0.00362	0.00310	0.02703

[dist]
# distance from previous block
# <min> <max>
1	31

[block]
# block no. 3 follows, 43 sequences, length 15
# corresponding to MSA columns:
# 277-291
name=unknown_D
#
# <colnr> <probs for GDERKNQSTAVLIFYWHMCP>
#	G	D	E	R	K	N	Q	S	T	A	V	L	I	F	Y	W	H	M	C	P
0	0.26695	0.08983	0.09559	0.01271	0.01702	0.03472	0.08614	0.06642	0.05871	0.11510	0.08295	0.01831	0.01478	0.00764	0.00585	0.00211	0.00634	0.00556	0.00484	0.00842
1	0.25453	0.08509	0.26922	0.01240	0.01759	0.01341	0.01247	0.01968	0.04327	0.13010	0.01639	0.03774	0.04754	0.00778	0.00575	0.00213	0.00650	0.00541	0.00446	0.00853
2	0.01480	0.07113	0.31576	0.01204	0.01727	0.01155	0.01284	0.06313	0.08604	0.18693	0.10626	0.01786	0.01522	0.00713	0.00602	0.03245	0.00597	0.00535	0.00431	0.00794
3	0.21241	0.03250	0.08509	0.12137	0.01608	0.02764	0.00913	0.01629	0.02851	0.14709	0.11066	0.09801	0.01714	0.00827	0.00600	0.04183	0.00506	0.00619	0.00424	0.00649
4	0.00946	0.08978	0.03721	0.00718	0.00816	0.04455	0.00504	0.01005	0.00920	0.01183	0.04689	0.03149	0.01903	0.62251	0.02281	0.00447	0.00564	0.00725	0.00331	0.00414
5	0.04758	0.16635	0.49218	0.01375	0.02028	0.09328	0.01616	0.01782	0.01215	0.03525	0.03103	0.01192	0.00844	0.00542	0.00490	0.00162	0.00756	0.00399	0.00266	0.00767
6	0.01347	0.50315	0.29130	0.01177	0.01765	0.01841	0.01331	0.01742	0.04078	0.01501	0.00907	0.01033	0.00746	0.00503	0.00424	0.00141	0.00666	0.00349	0.00249	0.00755
7	0.06255	0.46539	0.22998	0.01084	0.01595	0.01712	0.01179	0.01586	0.01085	0.01461	0.00851	0.01048	0.00727	0.00640	0.00587	0.08744	0.00633	0.00346	0.00243	0.00685
8	0.06774	0.10376	0.01673	0.11138	0.01909	0.56198	0.01089	0.02020	0.01428	0.01425	0.00858	0.01042	0.00710	0.00555	0.00482	0.00147	0.00890	0.00364	0.00279	0.00643
9	0.00962	0.00481	0.00722	0.00722	0.00722	0.00481	0.00481	0.00722	0.00722	0.00962	0.00962	0.01684	0.00962	0.01924	0.02165	0.83886	0.00481	0.00481	0.00241	0.00241
10	0.02485	0.00943	0.01285	0.00985	0.01414	0.00814	0.00814	0.02699	0.01585	0.77465	0.02185	0.01885	0.01371	0.00685	0.00557	0.00171	0.00471	0.00557	0.00685	0.00943
11	0.02105	0.01551	0.01662	0.01274	0.01717	0.01717	0.01053	0.75235	0.02604	0.03490	0.01330	0.01330	0.00942	0.00665	0.00554	0.00166	0.00609	0.00499	0.00554	0.00942
12	0.01027	0.00620	0.00818	0.00738	0.00911	0.00564	0.00564	0.01282	0.01570	0.12988	0.66114	0.03815	0.04674	0.01068	0.00639	0.00174	0.00291	0.00938	0.00621	0.00583
13	0.00784	0.00566	0.00740	0.00697	0.00827	0.00523	0.00523	0.01045	0.01568	0.02221	0.76789	0.04137	0.05226	0.01132	0.00653	0.00174	0.00261	0.01002	0.00610	0.00523
14	0.01481	0.80869	0.02902	0.00948	0.01421	0.02191	0.00948	0.01658	0.01125	0.01303	0.00770	0.00888	0.00711	0.00474	0.00355	0.00118	0.00592	0.00296	0.00237	0.00711

[dist]
# distance from previous block
# <min> <max>
4	5

[block]
# block no. 4 follows, 43 sequences, length 6
# corresponding to MSA columns:
# 297-302
name=unknown_E
#
# <colnr> <probs for GDERKNQSTAVLIFYWHMCP>
#	G	D	E	R	K	N	Q	S	T	A	V	L	I	F	Y	W	H	M	C	P
0	0.01202	0.17362	0.55376	0.01544	0.02269	0.01469	0.09937	0.01738	0.01176	0.01671	0.00966	0.01153	0.00719	0.00510	0.00508	0.00166	0.00789	0.00415	0.00240	0.00790
1	0.01081	0.01201	0.09871	0.44122	0.19896	0.01161	0.01505	0.01438	0.01143	0.01541	0.01250	0.10983	0.01121	0.00681	0.00568	0.00184	0.00678	0.00615	0.00284	0.00676
2	0.01215	0.00777	0.01120	0.09619	0.10559	0.00770	0.00852	0.04919	0.01265	0.16125	0.02336	0.43307	0.02439	0.01204	0.00635	0.00200	0.00450	0.01080	0.00491	0.00638
3	0.01101	0.00998	0.12355	0.12503	0.01596	0.00758	0.00952	0.01347	0.01192	0.14033	0.02463	0.35967	0.07245	0.01177	0.00632	0.00201	0.00486	0.03921	0.00461	0.00614
4	0.15192	0.01175	0.07445	0.05600	0.19077	0.01125	0.01093	0.04442	0.14892	0.02000	0.04254	0.13128	0.01669	0.00828	0.00557	0.00187	0.00522	0.05692	0.00407	0.00716
5	0.29608	0.01409	0.11314	0.13979	0.14455	0.03966	0.09184	0.01672	0.01142	0.04133	0.01036	0.01389	0.00824	0.00556	0.00494	0.00176	0.00644	0.03007	0.00309	0.00700

[dist]
# distance from previous block
# <min> <max>
4	12

[block]
# block no. 5 follows, 43 sequences, length 15
# corresponding to MSA columns:
# 315-329
name=unknown_F
#
# <colnr> <probs for GDERKNQSTAVLIFYWHMCP>
#	G	D	E	R	K	N	Q	S	T	A	V	L	I	F	Y	W	H	M	C	P
0	0.04906	0.03027	0.09554	0.23063	0.32230	0.01231	0.01484	0.03028	0.01247	0.08955	0.01177	0.01545	0.00926	0.00566	0.00539	0.00172	0.00656	0.02771	0.00318	0.02606
1	0.02780	0.01300	0.10227	0.26741	0.26063	0.01206	0.01467	0.04389	0.04310	0.09055	0.01307	0.03116	0.01049	0.00622	0.00559	0.00179	0.00656	0.03868	0.00339	0.00766
2	0.03587	0.01568	0.19071	0.16068	0.34211	0.01255	0.01600	0.03563	0.02992	0.09114	0.01159	0.01396	0.00873	0.00541	0.00540	0.00172	0.00678	0.00478	0.00315	0.00818
3	0.04585	0.01262	0.06063	0.08354	0.50259	0.01184	0.01470	0.01715	0.01292	0.09158	0.08109	0.01654	0.01295	0.00578	0.00550	0.00168	0.00609	0.00534	0.00343	0.00818
4	0.09332	0.03148	0.22327	0.19392	0.14378	0.01177	0.01418	0.01723	0.03054	0.09975	0.07727	0.01598	0.01219	0.00600	0.00530	0.00174	0.00637	0.00502	0.00343	0.00747
5	0.01355	0.01300	0.02219	0.07142	0.73464	0.01312	0.01692	0.01686	0.01253	0.01790	0.01039	0.01376	0.00870	0.00496	0.00549	0.00165	0.00662	0.00493	0.00273	0.00864
6	0.01329	0.17498	0.07572	0.20323	0.36211	0.04758	0.01508	0.01651	0.01205	0.01592	0.00962	0.01268	0.00792	0.00509	0.00507	0.00160	0.00689	0.00441	0.00258	0.00768
7	0.03182	0.01116	0.01793	0.01719	0.17217	0.01070	0.15973	0.05557	0.05993	0.20939	0.12934	0.03312	0.01745	0.00675	0.00582	0.00171	0.00570	0.00635	0.00468	0.04349
8	0.46604	0.01292	0.01204	0.00979	0.01368	0.01461	0.00808	0.35457	0.01706	0.02947	0.01028	0.01097	0.00757	0.00583	0.00440	0.00169	0.00512	0.00391	0.00440	0.00757
9	0.00768	0.00571	0.00840	0.00866	0.00951	0.00643	0.00656	0.00945	0.00925	0.01312	0.01801	0.17954	0.01845	0.03664	0.62637	0.00756	0.01248	0.00792	0.00341	0.00485
10	0.01145	0.00619	0.00742	0.00681	0.00768	0.00593	0.00432	0.01188	0.00963	0.16527	0.01834	0.03272	0.01884	0.64383	0.02361	0.00463	0.00524	0.00755	0.00406	0.00458
11	0.01812	0.01351	0.01439	0.01130	0.01521	0.01465	0.00925	0.60176	0.02333	0.03087	0.02196	0.02139	0.16299	0.00814	0.00574	0.00170	0.00543	0.00634	0.00546	0.00846
12	0.01314	0.64624	0.02429	0.00869	0.01285	0.01843	0.00841	0.01484	0.01153	0.01342	0.01749	0.01787	0.16114	0.00662	0.00416	0.00132	0.00529	0.00473	0.00293	0.00662
13	0.01118	0.02484	0.62188	0.01425	0.02178	0.01175	0.01765	0.01681	0.01165	0.01764	0.00992	0.01165	0.00726	0.00503	0.00503	0.00157	0.00736	0.00393	0.00253	0.17629
14	0.02061	0.07185	0.01750	0.01251	0.01696	0.01751	0.01045	0.70009	0.02499	0.03335	0.01290	0.01298	0.00925	0.00651	0.00540	0.00163	0.00608	0.00484	0.00532	0.00925

[dist]
# distance from previous block
# <min> <max>
0	23

# created by:
# /st0/software/busco_prod/Augustus/scripts/msa2prfl.pl ./align_prep/194511.fa
