[name]
unknown

[dist]
# distance from previous block
# <min> <max>
14	76

[block]
# block no. 0 follows, 41 sequences, length 22
# corresponding to MSA columns:
# 168-189
name=unknown_A
#
# <colnr> <probs for GDERKNQSTAVLIFYWHMCP>
#	G	D	E	R	K	N	Q	S	T	A	V	L	I	F	Y	W	H	M	C	P
0	0.05968	0.05369	0.01346	0.01030	0.01347	0.01138	0.04218	0.22069	0.03953	0.02191	0.01751	0.11445	0.04796	0.09828	0.07691	0.00274	0.00616	0.00687	0.00437	0.13846
1	0.05579	0.01538	0.03541	0.01243	0.01677	0.05930	0.01034	0.48296	0.06875	0.14335	0.01545	0.03219	0.01116	0.00704	0.00564	0.00174	0.00611	0.00538	0.00559	0.00921
2	0.46509	0.01071	0.02688	0.00843	0.01186	0.01115	0.00699	0.08918	0.01309	0.09245	0.08761	0.05032	0.06436	0.00737	0.00471	0.00177	0.00442	0.00545	0.00451	0.03364
3	0.02077	0.01494	0.03255	0.01313	0.01777	0.01556	0.05036	0.51896	0.06651	0.13387	0.01517	0.01495	0.01063	0.00670	0.00572	0.00171	0.00614	0.00531	0.00560	0.04365
4	0.05293	0.01005	0.04354	0.00951	0.01197	0.00965	0.00755	0.22597	0.01633	0.02291	0.15656	0.23111	0.02639	0.10198	0.00885	0.00230	0.00465	0.00924	0.00510	0.04338
5	0.02040	0.01529	0.01643	0.01271	0.01720	0.01675	0.01043	0.63105	0.09143	0.03379	0.01436	0.01429	0.01034	0.00677	0.00563	0.00168	0.00600	0.00515	0.00558	0.06472
6	0.02174	0.01602	0.01717	0.01316	0.01774	0.01774	0.01087	0.74423	0.02689	0.03605	0.01373	0.01373	0.00973	0.00687	0.00572	0.00172	0.00629	0.00515	0.00572	0.00973
7	0.02207	0.01045	0.01314	0.01051	0.01453	0.01004	0.00853	0.07104	0.17239	0.52624	0.06159	0.02076	0.01671	0.00746	0.00582	0.00180	0.00477	0.00611	0.00669	0.00936
8	0.01103	0.01062	0.01859	0.71964	0.03858	0.01286	0.07850	0.01493	0.01162	0.01493	0.01029	0.01527	0.00772	0.00564	0.00581	0.00191	0.00780	0.00523	0.00257	0.00647
9	0.01722	0.01230	0.01322	0.01136	0.01486	0.03773	0.00896	0.10943	0.45672	0.17493	0.02269	0.04395	0.03464	0.00793	0.00584	0.00188	0.00491	0.00652	0.00594	0.00895
10	0.01339	0.01521	0.03307	0.05555	0.03029	0.01439	0.71251	0.01817	0.01342	0.01817	0.01151	0.01542	0.00864	0.00486	0.00671	0.00193	0.00956	0.00668	0.00288	0.00766
11	0.00695	0.00503	0.00658	0.00782	0.00826	0.00466	0.00525	0.00798	0.01109	0.01466	0.03329	0.74581	0.08613	0.01769	0.00726	0.00230	0.00329	0.01598	0.00531	0.00466
12	0.06060	0.71185	0.02796	0.00997	0.01467	0.06819	0.00967	0.01746	0.01180	0.01416	0.00801	0.00925	0.00728	0.00498	0.00375	0.00127	0.00628	0.00310	0.00254	0.00723
13	0.00697	0.00498	0.00664	0.00796	0.00830	0.00465	0.00531	0.00796	0.01095	0.01460	0.03153	0.79525	0.03783	0.01792	0.00730	0.00232	0.00332	0.01626	0.00531	0.00465
14	0.00697	0.00498	0.00664	0.00796	0.00830	0.00465	0.00531	0.00796	0.01095	0.01460	0.03153	0.79525	0.03783	0.01792	0.00730	0.00232	0.00332	0.01626	0.00531	0.00465
15	0.01237	0.21046	0.59630	0.01478	0.02240	0.01547	0.01848	0.01788	0.01197	0.01702	0.00972	0.01140	0.00727	0.00531	0.00502	0.00167	0.00791	0.00395	0.00242	0.00819
16	0.01338	0.01519	0.03301	0.05803	0.03032	0.01439	0.71014	0.01816	0.01341	0.01816	0.01151	0.01542	0.00863	0.00486	0.00670	0.00193	0.00955	0.00668	0.00288	0.00765
17	0.00697	0.00498	0.00664	0.00796	0.00830	0.00465	0.00531	0.00796	0.01095	0.01460	0.03153	0.79525	0.03783	0.01792	0.00730	0.00232	0.00332	0.01626	0.00531	0.00465
18	0.01572	0.01272	0.01354	0.01180	0.01527	0.01450	0.00929	0.13113	0.62282	0.05348	0.02191	0.02020	0.01624	0.00761	0.00580	0.00190	0.00479	0.00625	0.00585	0.00917
19	0.02151	0.01514	0.01650	0.01268	0.01722	0.01644	0.01045	0.63319	0.04729	0.09983	0.01468	0.01440	0.01031	0.00682	0.00567	0.00170	0.00604	0.00518	0.00576	0.03917
20	0.06702	0.01366	0.01421	0.01166	0.01563	0.03257	0.00935	0.29376	0.32104	0.05022	0.01708	0.01648	0.01263	0.00685	0.00546	0.00172	0.00530	0.00537	0.00536	0.09464
21	0.07623	0.01388	0.01508	0.04400	0.01712	0.01536	0.01002	0.41298	0.20598	0.08869	0.01620	0.01581	0.01166	0.00690	0.00557	0.00177	0.00562	0.00535	0.00552	0.02626

[dist]
# distance from previous block
# <min> <max>
1	7

[block]
# block no. 1 follows, 41 sequences, length 6
# corresponding to MSA columns:
# 197-202
name=unknown_B
#
# <colnr> <probs for GDERKNQSTAVLIFYWHMCP>
#	G	D	E	R	K	N	Q	S	T	A	V	L	I	F	Y	W	H	M	C	P
0	0.73094	0.01031	0.00800	0.00724	0.01049	0.01185	0.00591	0.01636	0.01003	0.02510	0.00936	0.01087	0.00730	0.00549	0.00360	0.00171	0.00419	0.00339	0.11178	0.00608
1	0.00859	0.00663	0.00912	0.00887	0.01035	0.00705	0.00680	0.01118	0.04200	0.01491	0.05092	0.11012	0.04812	0.03237	0.51835	0.00669	0.01140	0.00743	0.00370	0.08540
2	0.01099	0.06267	0.54054	0.01430	0.02097	0.01222	0.03897	0.01663	0.03228	0.01775	0.03781	0.05200	0.08382	0.00733	0.00571	0.00185	0.00726	0.02611	0.00312	0.00770
3	0.07819	0.01808	0.01631	0.06728	0.01877	0.20737	0.01094	0.46103	0.02193	0.02828	0.01185	0.01267	0.00874	0.00643	0.00543	0.00167	0.00727	0.00463	0.00465	0.00847
4	0.17645	0.31855	0.01809	0.00967	0.01338	0.11510	0.00835	0.01818	0.06425	0.06973	0.01618	0.05466	0.08273	0.00704	0.00462	0.00157	0.00569	0.00511	0.00371	0.00693
5	0.31536	0.03388	0.01296	0.11145	0.01703	0.08674	0.00911	0.10654	0.08317	0.12155	0.04180	0.01447	0.01092	0.00631	0.00488	0.00176	0.00568	0.00461	0.00437	0.00741

[dist]
# distance from previous block
# <min> <max>
0	6

[block]
# block no. 2 follows, 41 sequences, length 17
# corresponding to MSA columns:
# 209-225
name=unknown_C
#
# <colnr> <probs for GDERKNQSTAVLIFYWHMCP>
#	G	D	E	R	K	N	Q	S	T	A	V	L	I	F	Y	W	H	M	C	P
0	0.13898	0.01063	0.01560	0.18461	0.02093	0.01127	0.13000	0.06247	0.05857	0.03950	0.13484	0.03960	0.01780	0.00803	0.02210	0.00198	0.00607	0.03033	0.00411	0.06259
1	0.11992	0.01378	0.07576	0.15053	0.30806	0.02636	0.04528	0.07591	0.03471	0.02003	0.01235	0.06953	0.01062	0.00639	0.00555	0.00181	0.00658	0.00566	0.00335	0.00783
2	0.01218	0.00914	0.01077	0.02501	0.01276	0.00855	0.00714	0.07081	0.12624	0.06832	0.02106	0.24377	0.04078	0.03244	0.00640	0.00176	0.00428	0.00832	0.00478	0.28548
3	0.01423	0.01229	0.01293	0.01164	0.01487	0.01423	0.00905	0.03039	0.75297	0.02393	0.02328	0.02134	0.01746	0.00776	0.00582	0.00194	0.00453	0.00647	0.00582	0.00905
4	0.00682	0.00573	0.00592	0.00601	0.00780	0.00483	0.00446	0.00828	0.01299	0.01565	0.08033	0.11127	0.68106	0.01465	0.00680	0.00196	0.00292	0.01233	0.00535	0.00483
5	0.04542	0.01020	0.01679	0.75274	0.03821	0.01271	0.01548	0.01471	0.01137	0.01508	0.01007	0.01500	0.00757	0.00570	0.00563	0.00190	0.00749	0.00500	0.00258	0.00635
6	0.01325	0.17085	0.52063	0.01513	0.02233	0.03678	0.05853	0.01876	0.02785	0.04973	0.01067	0.01219	0.00786	0.00543	0.00520	0.00170	0.00790	0.00425	0.00274	0.00822
7	0.01355	0.01529	0.03294	0.02495	0.08603	0.01440	0.68704	0.01826	0.01346	0.01835	0.01151	0.01533	0.00871	0.00484	0.00667	0.00191	0.00943	0.00662	0.00289	0.00782
8	0.00697	0.00498	0.00664	0.00796	0.00830	0.00465	0.00531	0.00796	0.01095	0.01460	0.03153	0.79525	0.03783	0.01792	0.00730	0.00232	0.00332	0.01626	0.00531	0.00465
9	0.02107	0.01072	0.01311	0.01037	0.01426	0.01038	0.00844	0.22551	0.01884	0.41923	0.07691	0.05410	0.07395	0.00837	0.00596	0.00179	0.00490	0.00683	0.00643	0.00883
10	0.07891	0.01760	0.19576	0.03146	0.06967	0.07857	0.21438	0.01982	0.01343	0.16574	0.01339	0.03702	0.00999	0.00623	0.00608	0.01718	0.00759	0.00552	0.00371	0.00795
11	0.00701	0.00504	0.00665	0.00786	0.00829	0.00468	0.00528	0.00809	0.01124	0.01499	0.06352	0.73890	0.06217	0.01754	0.00726	0.00229	0.00328	0.01587	0.00535	0.00468
12	0.01027	0.00664	0.00845	0.00774	0.00948	0.00630	0.00585	0.01348	0.05936	0.10089	0.52466	0.03848	0.08466	0.05373	0.04254	0.00234	0.00377	0.00943	0.00600	0.00593
13	0.65158	0.01404	0.05665	0.03047	0.01400	0.09430	0.03258	0.01753	0.01074	0.02341	0.00838	0.00994	0.00651	0.00537	0.00399	0.00175	0.00556	0.00340	0.00336	0.00643
14	0.16518	0.47541	0.11445	0.01113	0.03193	0.06523	0.01079	0.04051	0.01213	0.01710	0.00853	0.00987	0.00724	0.00516	0.00406	0.00144	0.00637	0.00336	0.00278	0.00734
15	0.01133	0.03497	0.06397	0.63567	0.11498	0.01313	0.01620	0.01521	0.01165	0.01523	0.01017	0.01476	0.00775	0.00561	0.00564	0.00186	0.00754	0.00497	0.00256	0.00680
16	0.10632	0.50664	0.04060	0.04314	0.01460	0.03774	0.00916	0.01594	0.01211	0.01614	0.09140	0.01592	0.05807	0.00632	0.00434	0.00144	0.00560	0.00452	0.00317	0.00682

[dist]
# distance from previous block
# <min> <max>
2	4

[block]
# block no. 3 follows, 41 sequences, length 7
# corresponding to MSA columns:
# 230-236
name=unknown_D
#
# <colnr> <probs for GDERKNQSTAVLIFYWHMCP>
#	G	D	E	R	K	N	Q	S	T	A	V	L	I	F	Y	W	H	M	C	P
0	0.00831	0.00559	0.00649	0.00649	0.00658	0.00568	0.00378	0.00848	0.00839	0.01128	0.01779	0.03616	0.02024	0.73495	0.09240	0.00585	0.00637	0.00813	0.00343	0.00360
1	0.01612	0.01325	0.01372	0.01179	0.01521	0.04154	0.00936	0.25950	0.40125	0.02652	0.02191	0.04937	0.05248	0.00839	0.00594	0.00189	0.00521	0.03227	0.00562	0.00868
2	0.00696	0.00537	0.00636	0.00702	0.00808	0.00477	0.00492	0.00826	0.01217	0.01553	0.09335	0.43979	0.33476	0.01608	0.00704	0.00213	0.00310	0.01413	0.00538	0.00477
3	0.01190	0.01049	0.01353	0.05716	0.01615	0.00836	0.05255	0.01466	0.01194	0.01837	0.01025	0.01229	0.00843	0.00436	0.00448	0.00098	0.00478	0.00370	0.00331	0.73232
4	0.00716	0.00511	0.00686	0.00818	0.00860	0.00481	0.00564	0.00829	0.01114	0.01481	0.03142	0.73336	0.03741	0.01774	0.00735	0.00235	0.00348	0.07627	0.00531	0.00470
5	0.83938	0.01106	0.00841	0.00752	0.01106	0.01283	0.00619	0.01681	0.00973	0.02566	0.00796	0.00929	0.00619	0.00531	0.00354	0.00177	0.00442	0.00310	0.00354	0.00619
6	0.01387	0.01330	0.02270	0.09864	0.70199	0.01352	0.01741	0.01731	0.01289	0.01834	0.01071	0.01425	0.00894	0.00515	0.00567	0.00172	0.00687	0.00510	0.00281	0.00883

[dist]
# distance from previous block
# <min> <max>
5	9

[block]
# block no. 4 follows, 41 sequences, length 55
# corresponding to MSA columns:
# 247-301
name=unknown_E
#
# <colnr> <probs for GDERKNQSTAVLIFYWHMCP>
#	G	D	E	R	K	N	Q	S	T	A	V	L	I	F	Y	W	H	M	C	P
0	0.01668	0.01838	0.02076	0.02797	0.50216	0.28062	0.01528	0.01941	0.01414	0.01704	0.01009	0.01281	0.00847	0.00538	0.00549	0.00162	0.00803	0.00460	0.00287	0.00821
1	0.01141	0.00888	0.02468	0.03137	0.03154	0.00903	0.00660	0.14270	0.08189	0.01804	0.04866	0.05732	0.06521	0.41767	0.01798	0.00376	0.00539	0.00790	0.00431	0.00564
2	0.00704	0.00503	0.00672	0.00805	0.00841	0.00471	0.00543	0.00809	0.01102	0.01468	0.03149	0.77192	0.03767	0.01785	0.00732	0.00233	0.00338	0.03888	0.00531	0.00467
3	0.01449	0.01242	0.01308	0.01169	0.01497	0.01435	0.00912	0.05554	0.72739	0.02435	0.02294	0.02107	0.01719	0.00773	0.00582	0.00193	0.00459	0.00642	0.00582	0.00908
4	0.00835	0.00678	0.00752	0.00717	0.00909	0.00643	0.00542	0.01244	0.12444	0.01940	0.30506	0.04560	0.39622	0.01248	0.00662	0.00189	0.00307	0.01062	0.00574	0.00566
5	0.02174	0.01602	0.01717	0.01316	0.01774	0.01774	0.01087	0.74423	0.02689	0.03605	0.01373	0.01373	0.00973	0.00687	0.00572	0.00172	0.00629	0.00515	0.00572	0.00973
6	0.01341	0.01525	0.03317	0.05060	0.03022	0.01440	0.71724	0.01819	0.01343	0.01819	0.01152	0.01542	0.00864	0.00485	0.00671	0.00193	0.00957	0.00669	0.00288	0.00767
7	0.01301	0.01243	0.02115	0.29041	0.51692	0.01329	0.01699	0.01655	0.01248	0.01730	0.01056	0.01453	0.00857	0.00531	0.00568	0.00177	0.00708	0.00509	0.00273	0.00814
8	0.01080	0.01017	0.01716	0.78523	0.03940	0.01271	0.01589	0.01461	0.01144	0.01461	0.01017	0.01525	0.00762	0.00572	0.00572	0.00191	0.00762	0.00508	0.00254	0.00635
9	0.02137	0.02726	0.01621	0.01474	0.01768	0.77602	0.01105	0.02284	0.01621	0.01400	0.00884	0.01031	0.00737	0.00589	0.00516	0.00147	0.01031	0.00368	0.00295	0.00663
10	0.00681	0.00580	0.00586	0.00585	0.00776	0.00485	0.00439	0.00831	0.01316	0.01573	0.08435	0.05458	0.73440	0.01438	0.00676	0.00193	0.00289	0.01201	0.00535	0.00485
11	0.01305	0.01246	0.02121	0.28318	0.52390	0.01330	0.01700	0.01658	0.01250	0.01734	0.01056	0.01452	0.00859	0.00530	0.00568	0.00177	0.00707	0.00509	0.00274	0.00817
12	0.01080	0.01017	0.01716	0.78523	0.03940	0.01271	0.01589	0.01461	0.01144	0.01461	0.01017	0.01525	0.00762	0.00572	0.00572	0.00191	0.00762	0.00508	0.00254	0.00635
13	0.01350	0.01543	0.03375	0.02411	0.02989	0.01446	0.74253	0.01832	0.01350	0.01832	0.01157	0.01543	0.00868	0.00482	0.00675	0.00193	0.00964	0.00675	0.00289	0.00771
14	0.02407	0.01097	0.01388	0.01079	0.01514	0.01042	0.00886	0.14509	0.07940	0.58595	0.02118	0.01869	0.01371	0.00710	0.00575	0.00178	0.00507	0.00571	0.00675	0.00968
15	0.00820	0.00609	0.00900	0.00925	0.01025	0.00690	0.00724	0.01023	0.00977	0.01380	0.01820	0.08488	0.01813	0.03802	0.63333	0.00795	0.01331	0.08688	0.00348	0.00509
16	0.00703	0.00502	0.00671	0.00804	0.00840	0.00470	0.00542	0.00808	0.01102	0.01467	0.03149	0.77406	0.03769	0.01786	0.00732	0.00233	0.00338	0.03681	0.00531	0.00466
17	0.01902	0.12599	0.03427	0.01355	0.01693	0.51861	0.01074	0.02339	0.15257	0.01587	0.01144	0.01226	0.00924	0.00610	0.00509	0.00154	0.00865	0.00413	0.00340	0.00722
18	0.01202	0.02613	0.60174	0.01963	0.13049	0.01343	0.08066	0.01805	0.01233	0.01821	0.01044	0.01265	0.00762	0.00534	0.00558	0.00181	0.00832	0.00456	0.00251	0.00848
19	0.00810	0.00585	0.00765	0.00720	0.00855	0.00540	0.00540	0.01079	0.01619	0.02294	0.76028	0.04273	0.05397	0.01169	0.00675	0.00180	0.00270	0.01034	0.00630	0.00540
20	0.05291	0.01562	0.03864	0.01275	0.01739	0.01652	0.01076	0.62589	0.02479	0.10583	0.01427	0.01407	0.00995	0.00679	0.00563	0.00173	0.00615	0.00510	0.00567	0.00956
21	0.19545	0.01379	0.03996	0.14186	0.08172	0.01374	0.39575	0.01734	0.01228	0.01938	0.01046	0.01388	0.00796	0.00510	0.00577	0.00187	0.00793	0.00550	0.00297	0.00728
22	0.01080	0.01017	0.01716	0.78523	0.03940	0.01271	0.01589	0.01461	0.01144	0.01461	0.01017	0.01525	0.00762	0.00572	0.00572	0.00191	0.00762	0.00508	0.00254	0.00635
23	0.02114	0.05674	0.01673	0.01455	0.01757	0.74737	0.01100	0.02262	0.01603	0.01398	0.00881	0.01027	0.00737	0.00586	0.00510	0.00146	0.01016	0.00366	0.00293	0.00666
24	0.01529	0.80242	0.02997	0.00979	0.01468	0.02263	0.00979	0.01713	0.01162	0.01346	0.00795	0.00918	0.00734	0.00489	0.00367	0.00122	0.00612	0.00306	0.00245	0.00734
25	0.02081	0.01505	0.01626	0.01274	0.01710	0.01661	0.01044	0.58844	0.13961	0.07941	0.01577	0.01528	0.01121	0.00702	0.00574	0.00175	0.00593	0.00539	0.00582	0.00962
26	0.01021	0.00753	0.00873	0.00802	0.00987	0.03306	0.00610	0.01422	0.09667	0.06825	0.55562	0.03875	0.09864	0.01099	0.00653	0.00181	0.00331	0.00953	0.00610	0.00607
27	0.00832	0.00555	0.00624	0.00624	0.00624	0.00555	0.00347	0.00832	0.00832	0.01109	0.01802	0.03743	0.02080	0.79898	0.02911	0.00555	0.00555	0.00832	0.00347	0.00347
28	0.00832	0.00555	0.00624	0.00624	0.00624	0.00555	0.00347	0.00832	0.00832	0.01109	0.01802	0.03743	0.02080	0.79898	0.02911	0.00555	0.00555	0.00832	0.00347	0.00347
29	0.02566	0.00973	0.01327	0.01018	0.01460	0.00841	0.00841	0.02788	0.01637	0.76726	0.02257	0.01947	0.01416	0.00708	0.00575	0.00177	0.00487	0.00575	0.00708	0.00973
30	0.01397	0.01206	0.01269	0.01144	0.01463	0.01390	0.00889	0.02963	0.72747	0.02364	0.02448	0.02250	0.04308	0.00799	0.00585	0.00194	0.00447	0.00666	0.00580	0.00891
31	0.00706	0.00581	0.00621	0.00611	0.00791	0.00496	0.00458	0.00878	0.01374	0.01712	0.21417	0.05231	0.60372	0.01386	0.00676	0.00190	0.00285	0.01169	0.00553	0.00496
32	0.80701	0.01101	0.00860	0.00763	0.01120	0.01266	0.00628	0.01725	0.01000	0.05517	0.00855	0.00970	0.00651	0.00538	0.00363	0.00177	0.00444	0.00320	0.00368	0.00634
33	0.05363	0.00961	0.01282	0.00993	0.01414	0.00845	0.00813	0.02671	0.01582	0.71106	0.02187	0.01982	0.01414	0.03852	0.00660	0.00192	0.00488	0.00576	0.00681	0.00936
34	0.00832	0.00555	0.00624	0.00624	0.00624	0.00555	0.00347	0.00832	0.00832	0.01109	0.01802	0.03743	0.02080	0.79898	0.02911	0.00555	0.00555	0.00832	0.00347	0.00347
35	0.00805	0.00584	0.00758	0.00714	0.00851	0.00538	0.00536	0.01070	0.01607	0.02266	0.73388	0.04319	0.08055	0.01180	0.00675	0.00180	0.00271	0.01041	0.00626	0.00538
36	0.00684	0.00550	0.00610	0.00658	0.00793	0.00476	0.00469	0.00812	0.01229	0.01515	0.04842	0.32181	0.50036	0.01572	0.00695	0.00207	0.00305	0.01358	0.00531	0.00476
37	0.00733	0.00526	0.00696	0.00772	0.00838	0.00489	0.00534	0.00887	0.01263	0.01727	0.26518	0.55398	0.04301	0.01592	0.00712	0.00215	0.00312	0.01436	0.00563	0.00489
38	0.01186	0.01017	0.01186	0.00847	0.01356	0.00762	0.00678	0.01440	0.01186	0.01864	0.01017	0.01186	0.00847	0.00424	0.00424	0.00085	0.00424	0.00339	0.00339	0.83395
39	0.01186	0.01017	0.01186	0.00847	0.01356	0.00762	0.00678	0.01440	0.01186	0.01864	0.01017	0.01186	0.00847	0.00424	0.00424	0.00085	0.00424	0.00339	0.00339	0.83395
40	0.00788	0.00542	0.00669	0.00727	0.00794	0.00504	0.00484	0.00885	0.01113	0.03663	0.07834	0.44399	0.13613	0.19817	0.01221	0.00297	0.00378	0.01314	0.00500	0.00460
41	0.01093	0.00645	0.00816	0.00753	0.00946	0.00574	0.00571	0.01305	0.01488	0.15871	0.37717	0.13326	0.20231	0.01222	0.00663	0.00189	0.00322	0.01060	0.00610	0.00599
42	0.00676	0.00579	0.00579	0.00579	0.00773	0.00483	0.00435	0.00821	0.01304	0.01545	0.05794	0.05505	0.76098	0.01449	0.00676	0.00193	0.00290	0.01207	0.00531	0.00483
43	0.00697	0.00498	0.00664	0.00796	0.00830	0.00465	0.00531	0.00796	0.01095	0.01460	0.03153	0.79525	0.03783	0.01792	0.00730	0.00232	0.00332	0.01626	0.00531	0.00465
44	0.47876	0.01088	0.01081	0.00889	0.01283	0.01147	0.00733	0.06777	0.01335	0.30708	0.01386	0.01343	0.00944	0.00608	0.00452	0.00177	0.00471	0.00423	0.00502	0.00776
45	0.00812	0.00605	0.00652	0.00626	0.00827	0.00513	0.00475	0.00979	0.01369	0.06305	0.15531	0.05110	0.61453	0.01363	0.00670	0.00190	0.00299	0.01144	0.00556	0.00521
46	0.02566	0.00973	0.01327	0.01018	0.01460	0.00841	0.00841	0.02788	0.01637	0.76726	0.02257	0.01947	0.01416	0.00708	0.00575	0.00177	0.00487	0.00575	0.00708	0.00973
47	0.00712	0.00579	0.00631	0.00622	0.00796	0.00498	0.00465	0.00889	0.01383	0.01743	0.24457	0.06974	0.55491	0.01382	0.00677	0.00191	0.00285	0.01171	0.00557	0.00498
48	0.01151	0.00622	0.00817	0.00828	0.00978	0.00558	0.00597	0.01285	0.01249	0.19843	0.03202	0.53076	0.10543	0.01493	0.00687	0.00215	0.00365	0.01327	0.00574	0.00591
49	0.01423	0.01229	0.01293	0.01164	0.01487	0.01423	0.00905	0.03039	0.75297	0.02393	0.02328	0.02134	0.01746	0.00776	0.00582	0.00194	0.00453	0.00647	0.00582	0.00905
50	0.83938	0.01106	0.00841	0.00752	0.01106	0.01283	0.00619	0.01681	0.00973	0.02566	0.00796	0.00929	0.00619	0.00531	0.00354	0.00177	0.00442	0.00310	0.00354	0.00619
51	0.00818	0.00609	0.00901	0.00901	0.00997	0.00705	0.00692	0.01010	0.00914	0.01314	0.01549	0.02340	0.01470	0.08970	0.73007	0.00897	0.01472	0.00626	0.00309	0.00501
52	0.00795	0.00579	0.00748	0.00717	0.00848	0.00532	0.00533	0.01048	0.01569	0.02200	0.67610	0.08999	0.09231	0.01223	0.00678	0.00184	0.00275	0.01081	0.00618	0.00532
53	0.01398	0.03859	0.06059	0.02272	0.02851	0.01486	0.64878	0.06321	0.01422	0.01927	0.01155	0.01502	0.00865	0.00497	0.00655	0.00189	0.00929	0.00645	0.00304	0.00786
54	0.00733	0.00534	0.00698	0.00794	0.00858	0.00487	0.00536	0.00845	0.01110	0.01501	0.05082	0.70857	0.03610	0.03399	0.00757	0.00229	0.00341	0.01512	0.00518	0.05597

[dist]
# distance from previous block
# <min> <max>
0	65

# created by:
# /st0/software/busco_prod/Augustus/scripts/msa2prfl.pl ./align_prep/195058.fa
