[name]
unknown

[dist]
# distance from previous block
# <min> <max>
0	91

[block]
# block no. 0 follows, 45 sequences, length 10
# corresponding to MSA columns:
# 91-100
name=unknown_A
#
# <colnr> <probs for GDERKNQSTAVLIFYWHMCP>
#	G	D	E	R	K	N	Q	S	T	A	V	L	I	F	Y	W	H	M	C	P
0	0.03036	0.00798	0.00978	0.00932	0.01159	0.00791	0.00769	0.08517	0.07544	0.09617	0.04843	0.07220	0.06628	0.04423	0.00717	0.00213	0.00457	0.33018	0.00498	0.07845
1	0.01427	0.01097	0.04939	0.01024	0.01319	0.01093	0.00835	0.22421	0.21495	0.09925	0.04792	0.21407	0.01953	0.00936	0.00575	0.00181	0.00453	0.00795	0.02584	0.00747
2	0.09393	0.01171	0.01198	0.01000	0.01321	0.07932	0.00791	0.21913	0.08666	0.22412	0.01893	0.09146	0.05328	0.04606	0.00639	0.00186	0.00511	0.00625	0.00514	0.00755
3	0.12128	0.01305	0.01471	0.08981	0.01745	0.04135	0.05076	0.40619	0.05019	0.02635	0.01246	0.03732	0.00962	0.00653	0.00541	0.01879	0.00576	0.00494	0.03255	0.03548
4	0.01200	0.01032	0.01087	0.08137	0.01401	0.08887	0.00777	0.15026	0.06789	0.01869	0.01946	0.30421	0.03555	0.00992	0.00565	0.00171	0.00483	0.00851	0.03217	0.11593
5	0.01893	0.01265	0.01512	0.01177	0.01578	0.01332	0.05195	0.39834	0.12891	0.18771	0.01556	0.01520	0.01096	0.00684	0.00595	0.03195	0.00544	0.00514	0.00530	0.04319
6	0.00761	0.00512	0.00591	0.00611	0.00615	0.00507	0.00352	0.00775	0.00819	0.01092	0.01888	0.15499	0.02200	0.68811	0.02415	0.00474	0.00488	0.00896	0.00352	0.00342
7	0.00991	0.00624	0.00793	0.02676	0.00981	0.00584	0.00577	0.03413	0.03124	0.12042	0.06467	0.45589	0.10491	0.04684	0.00720	0.00208	0.00358	0.01161	0.00507	0.04010
8	0.41898	0.01103	0.01228	0.01010	0.01300	0.01265	0.06672	0.09959	0.01128	0.02164	0.00915	0.01159	0.00748	0.02666	0.00708	0.00181	0.14991	0.00397	0.04454	0.06055
9	0.10663	0.01336	0.01377	0.01156	0.03122	0.09253	0.02331	0.32568	0.07896	0.14219	0.03348	0.04975	0.01209	0.00793	0.03162	0.00188	0.00592	0.00532	0.00489	0.00792

[dist]
# distance from previous block
# <min> <max>
15	31

[block]
# block no. 1 follows, 45 sequences, length 7
# corresponding to MSA columns:
# 133-139
name=unknown_B
#
# <colnr> <probs for GDERKNQSTAVLIFYWHMCP>
#	G	D	E	R	K	N	Q	S	T	A	V	L	I	F	Y	W	H	M	C	P
0	0.05807	0.01166	0.03747	0.21417	0.07358	0.04777	0.03314	0.08737	0.10848	0.10157	0.03772	0.03531	0.03311	0.00639	0.00544	0.00165	0.01861	0.00532	0.00392	0.07925
1	0.01221	0.00841	0.01001	0.02937	0.01169	0.00819	0.00670	0.16326	0.03454	0.09304	0.04304	0.27161	0.05219	0.08610	0.00777	0.00203	0.00426	0.00868	0.00474	0.14217
2	0.00856	0.00676	0.00909	0.12313	0.01319	0.00682	0.00699	0.03813	0.01098	0.01500	0.04469	0.42217	0.02484	0.07633	0.00817	0.00216	0.02854	0.03255	0.00418	0.11771
3	0.01063	0.00889	0.01089	0.16765	0.03871	0.05452	0.00841	0.06318	0.07512	0.03699	0.25127	0.07389	0.07559	0.04083	0.03952	0.00217	0.00512	0.02622	0.00450	0.00591
4	0.00743	0.00541	0.00631	0.00609	0.00755	0.00487	0.00457	0.00955	0.01370	0.01888	0.43405	0.04186	0.30192	0.01136	0.00604	0.00168	0.00259	0.00974	0.10153	0.00487
5	0.01067	0.05542	0.55851	0.01478	0.02134	0.01193	0.10450	0.01595	0.01181	0.01716	0.08562	0.04424	0.01234	0.00603	0.00536	0.00171	0.00726	0.00519	0.00278	0.00739
6	0.02197	0.00906	0.01207	0.00939	0.01322	0.00808	0.00770	0.06755	0.01593	0.65022	0.10729	0.02046	0.01733	0.00713	0.00550	0.00166	0.00441	0.00586	0.00648	0.00867

[dist]
# distance from previous block
# <min> <max>
0	2

[block]
# block no. 2 follows, 45 sequences, length 60
# corresponding to MSA columns:
# 142-201
name=unknown_C
#
# <colnr> <probs for GDERKNQSTAVLIFYWHMCP>
#	G	D	E	R	K	N	Q	S	T	A	V	L	I	F	Y	W	H	M	C	P
0	0.01327	0.01286	0.02136	0.07207	0.72360	0.02906	0.01626	0.01644	0.01221	0.01725	0.01003	0.01326	0.00840	0.00483	0.00531	0.00160	0.00649	0.00475	0.00265	0.00832
1	0.01700	0.07898	0.01225	0.00882	0.01208	0.00881	0.00722	0.02059	0.09542	0.39432	0.23626	0.02369	0.02365	0.00771	0.00546	0.00162	0.00404	0.00643	0.00583	0.02982
2	0.01400	0.01160	0.01707	0.17737	0.17978	0.01249	0.07726	0.14452	0.13066	0.06899	0.05339	0.03065	0.01248	0.00628	0.00573	0.00171	0.02069	0.00557	0.00397	0.02578
3	0.01335	0.01153	0.01214	0.01092	0.01396	0.01335	0.00850	0.02852	0.76817	0.02245	0.02185	0.02003	0.01639	0.00728	0.00546	0.00182	0.00425	0.00607	0.00546	0.00850
4	0.01138	0.01021	0.01561	0.54947	0.07695	0.01157	0.01315	0.07805	0.01214	0.01632	0.00986	0.01359	0.00754	0.00519	0.00513	0.00159	0.00646	0.00451	0.00279	0.14847
5	0.01208	0.01152	0.01872	0.53183	0.03197	0.03417	0.14537	0.09776	0.03281	0.01678	0.01044	0.01421	0.00779	0.00539	0.00553	0.00176	0.00734	0.00505	0.00287	0.00661
6	0.01308	0.12203	0.58184	0.01374	0.02073	0.01290	0.01684	0.01818	0.01185	0.12421	0.01099	0.01198	0.00773	0.00525	0.00494	0.00163	0.00719	0.00403	0.00289	0.00797
7	0.01611	0.57651	0.02436	0.01040	0.01463	0.15699	0.00952	0.10833	0.01343	0.01532	0.00828	0.00933	0.00717	0.00499	0.00393	0.00125	0.00646	0.00322	0.00276	0.00705
8	0.00991	0.00907	0.01504	0.70952	0.03368	0.01115	0.01377	0.01337	0.01114	0.01455	0.07686	0.01671	0.01113	0.00588	0.00541	0.00177	0.00664	0.00521	0.02332	0.00586
9	0.01148	0.00963	0.03217	0.01162	0.07953	0.00937	0.05799	0.01812	0.26897	0.08459	0.06450	0.06182	0.24917	0.00926	0.00586	0.00179	0.00429	0.00802	0.00491	0.00691
10	0.02335	0.00955	0.01261	0.00970	0.01376	0.00859	0.00798	0.09004	0.01604	0.69655	0.02034	0.01822	0.01308	0.02694	0.00595	0.00175	0.00470	0.00541	0.00645	0.00899
11	0.01014	0.00954	0.01610	0.79845	0.03697	0.01193	0.01491	0.01371	0.01073	0.01371	0.00954	0.01431	0.00716	0.00537	0.00537	0.00179	0.00716	0.00477	0.00239	0.00596
12	0.01174	0.01174	0.01644	0.01409	0.01409	0.01644	0.01174	0.01292	0.00822	0.01292	0.00705	0.01174	0.00705	0.00940	0.01762	0.00235	0.80153	0.00470	0.00235	0.00587
13	0.01339	0.03432	0.11269	0.07956	0.01617	0.01093	0.03004	0.20936	0.05571	0.08323	0.19789	0.02379	0.09415	0.00791	0.00564	0.00168	0.00505	0.00660	0.00475	0.00714
14	0.01014	0.00954	0.01610	0.79845	0.03697	0.01193	0.01491	0.01371	0.01073	0.01371	0.00954	0.01431	0.00716	0.00537	0.00537	0.00179	0.00716	0.00477	0.00239	0.00596
15	0.00645	0.00523	0.00573	0.00606	0.00743	0.00451	0.00437	0.00774	0.01181	0.01457	0.07709	0.26158	0.53996	0.01438	0.00648	0.00191	0.00282	0.01236	0.00502	0.00451
16	0.01014	0.00954	0.01610	0.79845	0.03697	0.01193	0.01491	0.01371	0.01073	0.01371	0.00954	0.01431	0.00716	0.00537	0.00537	0.00179	0.00716	0.00477	0.00239	0.00596
17	0.01320	0.01267	0.02163	0.05372	0.75776	0.01273	0.01643	0.01640	0.01218	0.01743	0.01008	0.01331	0.00847	0.00480	0.00532	0.00160	0.00640	0.00478	0.00265	0.00843
18	0.01329	0.01275	0.02179	0.03295	0.77787	0.01275	0.01647	0.01647	0.01222	0.01754	0.01010	0.01329	0.00850	0.00478	0.00531	0.00159	0.00638	0.00478	0.00266	0.00850
19	0.00744	0.00541	0.00700	0.00675	0.00796	0.00497	0.00501	0.00977	0.01461	0.02047	0.67154	0.10803	0.08768	0.01162	0.00638	0.00174	0.00259	0.01028	0.00578	0.00497
20	0.01427	0.04427	0.44438	0.01433	0.02040	0.09750	0.03436	0.19268	0.03408	0.02048	0.01048	0.01176	0.00764	0.00559	0.00541	0.00165	0.02540	0.00422	0.00315	0.00795
21	0.84927	0.01038	0.00789	0.00706	0.01038	0.01204	0.00581	0.01578	0.00914	0.02408	0.00747	0.00872	0.00581	0.00498	0.00332	0.00166	0.00415	0.00291	0.00332	0.00581
22	0.01355	0.01163	0.01225	0.01096	0.01404	0.01345	0.00855	0.04949	0.74687	0.02278	0.02159	0.01982	0.01618	0.00726	0.00546	0.00181	0.00430	0.00603	0.00546	0.00851
23	0.01232	0.01054	0.01169	0.00935	0.01335	0.01008	0.00738	0.03781	0.34104	0.02004	0.01498	0.01505	0.01165	0.00547	0.00466	0.00126	0.00414	0.00448	0.00423	0.46050
24	0.01095	0.06789	0.74501	0.01499	0.02275	0.01291	0.01929	0.01695	0.01131	0.01678	0.00952	0.01119	0.00680	0.00507	0.00502	0.00167	0.00782	0.00391	0.00227	0.00788
25	0.01025	0.00965	0.01630	0.77162	0.06294	0.01196	0.01496	0.01381	0.01079	0.01385	0.00956	0.01428	0.00720	0.00535	0.00536	0.00178	0.00713	0.00477	0.00239	0.00605
26	0.01113	0.00954	0.01113	0.00795	0.01272	0.00716	0.00636	0.01352	0.01113	0.01749	0.00954	0.01113	0.00795	0.00398	0.00398	0.00080	0.00398	0.00318	0.00318	0.84417
27	0.01014	0.00954	0.01610	0.79845	0.03697	0.01193	0.01491	0.01371	0.01073	0.01371	0.00954	0.01431	0.00716	0.00537	0.00537	0.00179	0.00716	0.00477	0.00239	0.00596
28	0.00684	0.00489	0.00658	0.00782	0.00826	0.00462	0.00551	0.00800	0.01058	0.01404	0.02942	0.70084	0.03484	0.01653	0.00693	0.00222	0.00338	0.11929	0.00498	0.00444
29	0.01584	0.00962	0.01042	0.00855	0.01137	0.01015	0.00688	0.32476	0.01751	0.10732	0.01598	0.01686	0.01178	0.00637	0.00460	0.00144	0.00414	0.00497	0.40426	0.00716
30	0.00760	0.00549	0.00718	0.00675	0.00802	0.00506	0.00506	0.01013	0.01519	0.02153	0.77503	0.04010	0.05065	0.01097	0.00633	0.00169	0.00253	0.00971	0.00591	0.00506
31	0.00781	0.00520	0.00585	0.00585	0.00585	0.00520	0.00325	0.00781	0.00781	0.01041	0.01691	0.03513	0.01952	0.81135	0.02732	0.00520	0.00520	0.00781	0.00325	0.00325
32	0.01014	0.00954	0.01610	0.79845	0.03697	0.01193	0.01491	0.01371	0.01073	0.01371	0.00954	0.01431	0.00716	0.00537	0.00537	0.00179	0.00716	0.00477	0.00239	0.00596
33	0.01979	0.01473	0.01576	0.01223	0.01641	0.01636	0.01005	0.69583	0.09039	0.03283	0.01367	0.01351	0.00977	0.00652	0.00538	0.00163	0.00576	0.00494	0.00538	0.00907
34	0.02005	0.02558	0.01521	0.01383	0.01659	0.78980	0.01037	0.02143	0.01521	0.01314	0.00830	0.00968	0.00691	0.00553	0.00484	0.00138	0.00968	0.00346	0.00277	0.00622
35	0.01323	0.01291	0.02266	0.03204	0.71211	0.01283	0.08153	0.01654	0.01226	0.01751	0.01016	0.01339	0.00847	0.00476	0.00540	0.00161	0.00661	0.00492	0.00266	0.00839
36	0.01197	0.08215	0.01747	0.01366	0.01407	0.01686	0.01152	0.01320	0.00846	0.01289	0.00708	0.01147	0.00703	0.00897	0.01637	0.00224	0.73174	0.00454	0.00234	0.00596
37	0.00662	0.00489	0.00622	0.00724	0.00787	0.00449	0.00502	0.00771	0.01074	0.01397	0.03394	0.63319	0.16700	0.01614	0.00679	0.00213	0.00314	0.05352	0.00498	0.00442
38	0.00833	0.00624	0.00902	0.00882	0.00995	0.00723	0.00689	0.04870	0.00949	0.01357	0.01430	0.02066	0.01320	0.03850	0.74918	0.00826	0.01394	0.00570	0.00301	0.00502
39	0.01255	0.00658	0.00876	0.00759	0.00973	0.00591	0.00591	0.01495	0.01525	0.24984	0.54859	0.03354	0.03943	0.00967	0.00605	0.00168	0.00314	0.00841	0.00613	0.00629
40	0.01267	0.01448	0.03167	0.02262	0.02805	0.01357	0.75837	0.01719	0.01267	0.01719	0.01086	0.01448	0.00814	0.00452	0.00633	0.00181	0.00905	0.00633	0.00271	0.00724
41	0.00760	0.00549	0.00718	0.00675	0.00802	0.00506	0.00506	0.01013	0.01519	0.02153	0.77503	0.04010	0.05065	0.01097	0.00633	0.00169	0.00253	0.00971	0.00591	0.00506
42	0.00634	0.00544	0.00544	0.00544	0.00725	0.00453	0.00408	0.00770	0.01224	0.01450	0.05438	0.05166	0.77569	0.01359	0.00634	0.00181	0.00272	0.01133	0.00498	0.00453
43	0.01435	0.81458	0.02813	0.00918	0.01378	0.02124	0.00918	0.01607	0.01091	0.01263	0.00746	0.00861	0.00689	0.00459	0.00344	0.00115	0.00574	0.00287	0.00230	0.00689
44	0.01435	0.81458	0.02813	0.00918	0.01378	0.02124	0.00918	0.01607	0.01091	0.01263	0.00746	0.00861	0.00689	0.00459	0.00344	0.00115	0.00574	0.00287	0.00230	0.00689
45	0.01581	0.01275	0.01352	0.01142	0.01490	0.01450	0.00909	0.28353	0.50916	0.02642	0.01872	0.01754	0.01386	0.00699	0.00543	0.00175	0.00483	0.00564	0.00543	0.00872
46	0.01375	0.01272	0.02140	0.03180	0.73811	0.01273	0.01609	0.03586	0.01264	0.03812	0.01046	0.01341	0.00865	0.00487	0.00532	0.00160	0.00632	0.00480	0.00283	0.00854
47	0.01050	0.00837	0.01292	0.01207	0.01427	0.00841	0.12225	0.09133	0.01377	0.01812	0.02412	0.04853	0.02515	0.01238	0.00703	0.00228	0.00567	0.55244	0.00465	0.00573
48	0.01140	0.01042	0.01420	0.01231	0.01256	0.01420	0.01018	0.01284	0.00882	0.01431	0.00910	0.01336	0.00836	0.00878	0.01490	0.00213	0.64501	0.00476	0.16666	0.00570
49	0.01335	0.01153	0.01214	0.01092	0.01396	0.01335	0.00850	0.02852	0.76817	0.02245	0.02185	0.02003	0.01639	0.00728	0.00546	0.00182	0.00425	0.00607	0.00546	0.00850
50	0.00657	0.00470	0.00626	0.00745	0.00779	0.00438	0.00499	0.00755	0.01042	0.01393	0.05114	0.78565	0.03594	0.01665	0.00684	0.00217	0.00310	0.01510	0.00501	0.00438
51	0.02327	0.00895	0.01220	0.00941	0.01342	0.00775	0.00775	0.02537	0.01536	0.74398	0.05848	0.01935	0.01514	0.00686	0.00544	0.00166	0.00447	0.00561	0.00661	0.00893
52	0.02027	0.01396	0.01529	0.01186	0.01603	0.01522	0.00975	0.60016	0.08910	0.13032	0.01475	0.01422	0.01031	0.00654	0.00538	0.00164	0.00559	0.00501	0.00554	0.00907
53	0.02298	0.00906	0.01221	0.00948	0.01346	0.00796	0.00779	0.02554	0.04174	0.72144	0.05447	0.01930	0.01504	0.00686	0.00544	0.00167	0.00447	0.00561	0.00657	0.00893
54	0.02041	0.01504	0.01611	0.01235	0.01665	0.01665	0.01020	0.75997	0.02524	0.03383	0.01289	0.01289	0.00913	0.00644	0.00537	0.00161	0.00591	0.00483	0.00537	0.00913
55	0.01335	0.01153	0.01214	0.01092	0.01396	0.01335	0.00850	0.02852	0.76817	0.02245	0.02185	0.02003	0.01639	0.00728	0.00546	0.00182	0.00425	0.00607	0.00546	0.00850
56	0.00894	0.00680	0.01011	0.01190	0.07714	0.00674	0.02763	0.01139	0.01224	0.01614	0.04427	0.12038	0.02927	0.01379	0.00713	0.00234	0.00495	0.57886	0.00472	0.00526
57	0.01257	0.01376	0.02738	0.02015	0.02445	0.01404	0.56606	0.01746	0.07817	0.01693	0.01118	0.01450	0.00868	0.00559	0.00817	0.00190	0.14295	0.00603	0.00289	0.00712
58	0.01329	0.01275	0.02179	0.03295	0.77787	0.01275	0.01647	0.01647	0.01222	0.01754	0.01010	0.01329	0.00850	0.00478	0.00531	0.00159	0.00638	0.00478	0.00266	0.00850
59	0.01308	0.01196	0.07956	0.00966	0.01412	0.00974	0.00838	0.16163	0.06976	0.04191	0.03174	0.06102	0.01157	0.00582	0.00473	0.00124	0.00465	0.00474	0.00397	0.45071

[dist]
# distance from previous block
# <min> <max>
0	2

[block]
# block no. 3 follows, 45 sequences, length 13
# corresponding to MSA columns:
# 204-216
name=unknown_D
#
# <colnr> <probs for GDERKNQSTAVLIFYWHMCP>
#	G	D	E	R	K	N	Q	S	T	A	V	L	I	F	Y	W	H	M	C	P
0	0.00665	0.00528	0.00591	0.00609	0.00743	0.00461	0.00439	0.00807	0.01217	0.01536	0.16934	0.20121	0.47488	0.04515	0.00727	0.00200	0.00286	0.01171	0.00507	0.00454
1	0.01864	0.01309	0.01487	0.08853	0.01757	0.01439	0.00996	0.53892	0.04737	0.10052	0.01437	0.04010	0.01062	0.00672	0.00536	0.00164	0.00562	0.00527	0.03794	0.00848
2	0.01137	0.07598	0.62069	0.01756	0.13595	0.01307	0.01865	0.01686	0.01144	0.01680	0.00956	0.01145	0.00706	0.00502	0.00503	0.00165	0.00756	0.00402	0.00233	0.00795
3	0.06652	0.10076	0.61431	0.01383	0.02092	0.01300	0.01718	0.01738	0.01139	0.06312	0.00998	0.01132	0.00714	0.00514	0.00484	0.00164	0.00727	0.00388	0.00260	0.00777
4	0.00853	0.00576	0.00678	0.00680	0.00755	0.00559	0.00452	0.04355	0.01059	0.04091	0.07528	0.21086	0.11160	0.39510	0.01645	0.00352	0.00427	0.03376	0.00429	0.00431
5	0.01435	0.47593	0.20971	0.01205	0.04046	0.09188	0.01218	0.06047	0.01230	0.01514	0.00847	0.00977	0.00705	0.00492	0.00415	0.00135	0.00668	0.00337	0.00253	0.00726
6	0.00827	0.05437	0.00918	0.00804	0.00912	0.00727	0.00621	0.00999	0.00887	0.01281	0.01452	0.02197	0.01380	0.12990	0.58816	0.00718	0.01181	0.00577	0.06803	0.00475
7	0.01810	0.01389	0.01481	0.01188	0.01577	0.01557	0.00964	0.52051	0.26845	0.03011	0.01582	0.01522	0.01150	0.00672	0.00540	0.00168	0.00536	0.00524	0.00540	0.00892
8	0.02205	0.01240	0.01448	0.01110	0.01533	0.01274	0.00917	0.43273	0.02083	0.36729	0.01658	0.01529	0.01098	0.00653	0.00538	0.00163	0.00531	0.00508	0.00594	0.00913
9	0.79721	0.01067	0.00841	0.00739	0.01077	0.01233	0.00609	0.06252	0.01015	0.02470	0.00781	0.00898	0.00602	0.00507	0.00345	0.00166	0.00426	0.00303	0.00345	0.00602
10	0.01175	0.00952	0.01119	0.00803	0.01277	0.00719	0.00643	0.01412	0.01133	0.05422	0.01010	0.01147	0.00821	0.00410	0.00404	0.00084	0.00400	0.00329	0.00335	0.80403
11	0.01335	0.01153	0.01214	0.01092	0.01396	0.01335	0.00850	0.02852	0.76817	0.02245	0.02185	0.02003	0.01639	0.00728	0.00546	0.00182	0.00425	0.00607	0.00546	0.00850
12	0.00823	0.00672	0.02931	0.00667	0.00872	0.00567	0.00528	0.01096	0.06652	0.06059	0.18125	0.07056	0.49561	0.01213	0.00621	0.00179	0.00307	0.01024	0.00521	0.00527

[dist]
# distance from previous block
# <min> <max>
0	20

[block]
# block no. 4 follows, 45 sequences, length 49
# corresponding to MSA columns:
# 237-285
name=unknown_E
#
# <colnr> <probs for GDERKNQSTAVLIFYWHMCP>
#	G	D	E	R	K	N	Q	S	T	A	V	L	I	F	Y	W	H	M	C	P
0	0.01132	0.14900	0.66715	0.01436	0.02178	0.01382	0.01819	0.01686	0.01127	0.01633	0.00930	0.01091	0.00681	0.00502	0.00484	0.00161	0.00760	0.00380	0.00227	0.00777
1	0.00834	0.00608	0.00765	0.00704	0.00852	0.00577	0.00534	0.05704	0.01568	0.02195	0.69164	0.03896	0.08385	0.01082	0.00627	0.00169	0.00275	0.00948	0.00583	0.00529
2	0.02408	0.00914	0.01246	0.00955	0.01370	0.00789	0.00789	0.02616	0.01536	0.78158	0.02118	0.01827	0.01329	0.00664	0.00540	0.00166	0.00457	0.00540	0.00664	0.00914
3	0.01290	0.01270	0.02277	0.04771	0.60666	0.01259	0.14041	0.01630	0.01237	0.01754	0.03862	0.01450	0.00998	0.00498	0.00552	0.00164	0.00670	0.00523	0.00278	0.00811
4	0.01298	0.01244	0.02124	0.10739	0.70582	0.01267	0.01632	0.01621	0.01208	0.01717	0.01004	0.01339	0.00837	0.00484	0.00532	0.00161	0.00645	0.00478	0.00263	0.00826
5	0.00729	0.00549	0.00676	0.00649	0.00790	0.00495	0.00490	0.00952	0.01433	0.01952	0.56363	0.04372	0.24201	0.01177	0.00636	0.00174	0.00265	0.03039	0.00564	0.00492
6	0.84927	0.01038	0.00789	0.00706	0.01038	0.01204	0.00581	0.01578	0.00914	0.02408	0.00747	0.00872	0.00581	0.00498	0.00332	0.00166	0.00415	0.00291	0.00332	0.00581
7	0.01077	0.02777	0.78354	0.01530	0.02323	0.01247	0.01983	0.01700	0.01133	0.01700	0.00963	0.01133	0.00680	0.00510	0.00510	0.00170	0.00793	0.00397	0.00227	0.00793
8	0.01176	0.00642	0.00829	0.00737	0.00940	0.00577	0.00574	0.01398	0.01450	0.21334	0.43184	0.03601	0.12147	0.02825	0.00654	0.00179	0.00323	0.03831	0.03001	0.00599
9	0.00635	0.00542	0.00546	0.00549	0.00727	0.00453	0.00410	0.00770	0.01218	0.01448	0.05370	0.07245	0.75534	0.01368	0.00636	0.00182	0.00273	0.01144	0.00498	0.00453
10	0.07584	0.00921	0.01217	0.00939	0.01349	0.00815	0.00776	0.02551	0.01497	0.73407	0.02032	0.01767	0.01282	0.00654	0.00527	0.00166	0.00454	0.00524	0.00644	0.00893
11	0.01328	0.01261	0.02128	0.08041	0.71087	0.01281	0.01621	0.03635	0.01248	0.01774	0.01014	0.01334	0.00844	0.00486	0.00532	0.00161	0.00641	0.00478	0.00271	0.00836
12	0.02008	0.01348	0.01470	0.01153	0.01548	0.03465	0.00941	0.54059	0.03658	0.17284	0.01555	0.06382	0.01165	0.00712	0.00546	0.00165	0.00555	0.00558	0.00552	0.00874
13	0.01001	0.00500	0.00500	0.00500	0.00625	0.00500	0.00375	0.01251	0.01126	0.02001	0.01751	0.02001	0.01376	0.00625	0.00375	0.00125	0.00250	0.00500	0.84115	0.00500
14	0.00653	0.00471	0.00618	0.00736	0.00776	0.00437	0.00493	0.00749	0.01039	0.01375	0.03097	0.76549	0.07697	0.01664	0.00682	0.00216	0.00309	0.01504	0.00498	0.00437
15	0.01095	0.06707	0.74580	0.01499	0.02276	0.01290	0.01930	0.01695	0.01131	0.01678	0.00952	0.01120	0.00680	0.00507	0.00502	0.00167	0.00782	0.00391	0.00227	0.00788
16	0.01307	0.01260	0.02172	0.08067	0.70974	0.01273	0.03780	0.01632	0.01214	0.01729	0.01008	0.01338	0.00841	0.00481	0.00535	0.00161	0.00650	0.00483	0.00264	0.00831
17	0.84927	0.01038	0.00789	0.00706	0.01038	0.01204	0.00581	0.01578	0.00914	0.02408	0.00747	0.00872	0.00581	0.00498	0.00332	0.00166	0.00415	0.00291	0.00332	0.00581
18	0.00640	0.00544	0.00552	0.00550	0.00728	0.00456	0.00412	0.00781	0.01237	0.01481	0.08638	0.05115	0.74349	0.01348	0.00634	0.00181	0.00271	0.01126	0.00503	0.00456
19	0.01335	0.01162	0.01285	0.01254	0.07004	0.01331	0.00908	0.02764	0.71267	0.02209	0.02099	0.01953	0.01581	0.00710	0.00545	0.00180	0.00440	0.00597	0.00526	0.00850
20	0.01352	0.01257	0.02138	0.05092	0.73756	0.01259	0.01619	0.01669	0.01228	0.03969	0.01041	0.01346	0.00861	0.00485	0.00532	0.00160	0.00634	0.00480	0.00277	0.00846
21	0.00760	0.00549	0.00718	0.00675	0.00802	0.00506	0.00506	0.01013	0.01519	0.02153	0.77503	0.04010	0.05065	0.01097	0.00633	0.00169	0.00253	0.00971	0.00591	0.00506
22	0.02170	0.00861	0.01169	0.00915	0.01288	0.00748	0.00748	0.02384	0.01534	0.67166	0.13020	0.02143	0.01869	0.00727	0.00553	0.00166	0.00427	0.00602	0.00654	0.00855
23	0.00781	0.00520	0.00585	0.00585	0.00585	0.00520	0.00325	0.00781	0.00781	0.01041	0.01691	0.03513	0.01952	0.81135	0.02732	0.00520	0.00520	0.00781	0.00325	0.00325
24	0.01435	0.81458	0.02813	0.00918	0.01378	0.02124	0.00918	0.01607	0.01091	0.01263	0.00746	0.00861	0.00689	0.00459	0.00344	0.00115	0.00574	0.00287	0.00230	0.00689
25	0.01014	0.00954	0.01610	0.79845	0.03697	0.01193	0.01491	0.01371	0.01073	0.01371	0.00954	0.01431	0.00716	0.00537	0.00537	0.00179	0.00716	0.00477	0.00239	0.00596
26	0.84927	0.01038	0.00789	0.00706	0.01038	0.01204	0.00581	0.01578	0.00914	0.02408	0.00747	0.00872	0.00581	0.00498	0.00332	0.00166	0.00415	0.00291	0.00332	0.00581
27	0.84927	0.01038	0.00789	0.00706	0.01038	0.01204	0.00581	0.01578	0.00914	0.02408	0.00747	0.00872	0.00581	0.00498	0.00332	0.00166	0.00415	0.00291	0.00332	0.00581
28	0.00770	0.00563	0.00800	0.00800	0.00875	0.00637	0.00593	0.00918	0.00844	0.01200	0.01495	0.02425	0.01479	0.21385	0.61837	0.00786	0.01231	0.00621	0.00296	0.00445
29	0.01045	0.00864	0.01085	0.00837	0.01219	0.00681	0.03400	0.01268	0.01138	0.03230	0.06121	0.14714	0.01537	0.00665	0.00472	0.00114	0.00394	0.00578	0.00371	0.60267
30	0.00767	0.00575	0.00863	0.00863	0.00959	0.00671	0.00671	0.00959	0.00863	0.01246	0.01438	0.02109	0.01342	0.04026	0.79008	0.00863	0.01438	0.00575	0.00288	0.00479
31	0.01174	0.01174	0.01644	0.01409	0.01409	0.01644	0.01174	0.01292	0.00822	0.01292	0.00705	0.01174	0.00705	0.00940	0.01762	0.00235	0.80153	0.00470	0.00235	0.00587
32	0.84927	0.01038	0.00789	0.00706	0.01038	0.01204	0.00581	0.01578	0.00914	0.02408	0.00747	0.00872	0.00581	0.00498	0.00332	0.00166	0.00415	0.00291	0.00332	0.00581
33	0.01014	0.00954	0.01610	0.79845	0.03697	0.01193	0.01491	0.01371	0.01073	0.01371	0.00954	0.01431	0.00716	0.00537	0.00537	0.00179	0.00716	0.00477	0.00239	0.00596
34	0.00689	0.00547	0.00619	0.00606	0.00764	0.00478	0.00457	0.00873	0.01339	0.01728	0.33490	0.04736	0.47536	0.01260	0.00636	0.00178	0.00270	0.02784	0.00534	0.00475
35	0.01184	0.02098	0.42355	0.02158	0.22906	0.01277	0.16942	0.01690	0.01185	0.01719	0.01001	0.01250	0.00754	0.00490	0.00541	0.00169	0.00774	0.00467	0.00246	0.00795
36	0.02408	0.00914	0.01246	0.00955	0.01370	0.00789	0.00789	0.02616	0.01536	0.78158	0.02118	0.01827	0.01329	0.00664	0.00540	0.00166	0.00457	0.00540	0.00664	0.00914
37	0.00654	0.00467	0.00623	0.00747	0.00779	0.00436	0.00498	0.00747	0.01028	0.01370	0.02959	0.80785	0.03550	0.01682	0.00685	0.00218	0.00311	0.01526	0.00498	0.00436
38	0.02408	0.00914	0.01246	0.00955	0.01370	0.00789	0.00789	0.02616	0.01536	0.78158	0.02118	0.01827	0.01329	0.00664	0.00540	0.00166	0.00457	0.00540	0.00664	0.00914
39	0.01592	0.55316	0.07762	0.01041	0.01494	0.12238	0.01003	0.05071	0.01251	0.07592	0.00907	0.00991	0.00750	0.00500	0.00399	0.00128	0.00634	0.00332	0.00284	0.00715
40	0.02380	0.00959	0.01274	0.00977	0.01393	0.00857	0.00807	0.08287	0.01613	0.72380	0.02054	0.01785	0.01297	0.00663	0.00540	0.00166	0.00467	0.00535	0.00655	0.00913
41	0.02408	0.00914	0.01246	0.00955	0.01370	0.00789	0.00789	0.02616	0.01536	0.78158	0.02118	0.01827	0.01329	0.00664	0.00540	0.00166	0.00457	0.00540	0.00664	0.00914
42	0.01014	0.00954	0.01610	0.79845	0.03697	0.01193	0.01491	0.01371	0.01073	0.01371	0.00954	0.01431	0.00716	0.00537	0.00537	0.00179	0.00716	0.00477	0.00239	0.00596
43	0.01090	0.05698	0.75549	0.01507	0.02288	0.01279	0.01944	0.01697	0.01132	0.01684	0.00955	0.01123	0.00680	0.00508	0.00504	0.00168	0.00785	0.00393	0.00227	0.00789
44	0.01440	0.01473	0.01675	0.01464	0.03583	0.18336	0.04449	0.01588	0.01049	0.06149	0.00846	0.01187	0.00750	0.00804	0.01325	0.00205	0.52321	0.00455	0.00273	0.00628
45	0.84927	0.01038	0.00789	0.00706	0.01038	0.01204	0.00581	0.01578	0.00914	0.02408	0.00747	0.00872	0.00581	0.00498	0.00332	0.00166	0.00415	0.00291	0.00332	0.00581
46	0.00654	0.00467	0.00623	0.00747	0.00779	0.00436	0.00498	0.00747	0.01028	0.01370	0.02959	0.80785	0.03550	0.01682	0.00685	0.00218	0.00311	0.01526	0.00498	0.00436
47	0.01248	0.09064	0.18973	0.01829	0.02369	0.06213	0.43597	0.01669	0.01223	0.01625	0.01134	0.06424	0.00943	0.00551	0.00575	0.00172	0.00816	0.00591	0.00273	0.00711
48	0.00775	0.00518	0.00587	0.00593	0.00594	0.00517	0.00333	0.00779	0.00792	0.01055	0.01748	0.06944	0.02023	0.77607	0.02641	0.00507	0.00511	0.00814	0.00333	0.00330

[dist]
# distance from previous block
# <min> <max>
0	0

# created by:
# /st0/software/busco_prod/Augustus/scripts/msa2prfl.pl ./align_prep/195205.fa
