[name]
unknown

[dist]
# distance from previous block
# <min> <max>
0	32

[block]
# block no. 0 follows, 43 sequences, length 18
# corresponding to MSA columns:
# 32-45,48-51
name=unknown_A
#
# <colnr> <probs for GDERKNQSTAVLIFYWHMCP>
#	G	D	E	R	K	N	Q	S	T	A	V	L	I	F	Y	W	H	M	C	P
0	0.01227	0.00877	0.01302	0.09943	0.01681	0.00901	0.07734	0.06024	0.05869	0.10425	0.02380	0.04209	0.03802	0.01125	0.00680	0.00220	0.00567	0.39908	0.00485	0.00640
1	0.21822	0.01368	0.01560	0.01213	0.01636	0.02906	0.08780	0.36849	0.05349	0.07963	0.01251	0.01302	0.00904	0.00600	0.00507	0.00167	0.00582	0.00467	0.00469	0.04305
2	0.01583	0.00903	0.01102	0.00951	0.01252	0.00893	0.00763	0.04192	0.21015	0.28679	0.16617	0.02936	0.06828	0.00902	0.00599	0.00183	0.00418	0.07343	0.00603	0.02239
3	0.01821	0.01285	0.01416	0.01141	0.01516	0.01400	0.00924	0.41172	0.20332	0.11269	0.10139	0.01887	0.01654	0.00741	0.00568	0.00173	0.00513	0.00593	0.00577	0.00879
4	0.02640	0.01275	0.09756	0.01074	0.01388	0.06964	0.00930	0.15238	0.03979	0.15370	0.04221	0.18244	0.06064	0.02163	0.00682	0.00192	0.04220	0.03152	0.01735	0.00712
5	0.01480	0.00691	0.00929	0.00859	0.01073	0.00614	0.00645	0.01635	0.01313	0.35177	0.04833	0.41462	0.04464	0.01244	0.00638	0.00199	0.00385	0.01097	0.00593	0.00671
6	0.00991	0.00625	0.00815	0.00741	0.00910	0.00578	0.00565	0.01281	0.03534	0.10688	0.66433	0.03829	0.04699	0.01072	0.00640	0.00174	0.00290	0.00942	0.00617	0.00579
7	0.02090	0.00873	0.01157	0.00919	0.01288	0.00768	0.00747	0.02347	0.03988	0.59603	0.10892	0.02459	0.08713	0.00803	0.00577	0.00174	0.00429	0.00665	0.00657	0.00850
8	0.01365	0.26001	0.37723	0.01576	0.10424	0.10763	0.01562	0.01774	0.01214	0.01578	0.00916	0.01088	0.00725	0.00512	0.00474	0.00153	0.00754	0.00379	0.00245	0.00772
9	0.02095	0.01184	0.01490	0.01357	0.10065	0.01196	0.00987	0.22079	0.12743	0.38041	0.01836	0.01704	0.01247	0.00668	0.00556	0.00172	0.00525	0.00544	0.00586	0.00925
10	0.00749	0.00563	0.00694	0.00666	0.00807	0.00507	0.00497	0.00976	0.01479	0.02021	0.57308	0.06529	0.22739	0.01215	0.00655	0.00179	0.00268	0.01058	0.00584	0.00507
11	0.00940	0.00504	0.00730	0.00744	0.00759	0.00504	0.00514	0.00777	0.00791	0.01050	0.01255	0.02374	0.01308	0.09063	0.02067	0.66862	0.00489	0.08708	0.00280	0.00280
12	0.01669	0.08720	0.09502	0.03988	0.31387	0.04463	0.03998	0.06731	0.03495	0.18710	0.01313	0.01430	0.00970	0.00560	0.00533	0.00164	0.00643	0.00485	0.00385	0.00854
13	0.04756	0.09850	0.19141	0.03697	0.02065	0.05517	0.17696	0.08125	0.07848	0.13981	0.01310	0.01407	0.00943	0.00567	0.00540	0.00170	0.00708	0.00497	0.00379	0.00803
14	0.00674	0.00564	0.00588	0.00588	0.00768	0.00478	0.00446	0.00829	0.01291	0.01568	0.12024	0.05251	0.67904	0.01382	0.00658	0.00188	0.00286	0.03515	0.00523	0.00474
15	0.03226	0.02123	0.42674	0.03959	0.20686	0.01281	0.09735	0.01742	0.03352	0.01811	0.03527	0.01377	0.00934	0.00538	0.00547	0.00174	0.00751	0.00481	0.00273	0.00807
16	0.01994	0.01466	0.01744	0.01333	0.01769	0.01583	0.07780	0.61215	0.02362	0.07518	0.01432	0.04679	0.01071	0.00693	0.00570	0.00171	0.00619	0.00561	0.00535	0.00903
17	0.01615	0.01390	0.09925	0.01188	0.01582	0.01337	0.01035	0.12643	0.43175	0.14178	0.01920	0.01805	0.01392	0.00712	0.00602	0.00183	0.03339	0.00568	0.00533	0.00880

[dist]
# distance from previous block
# <min> <max>
1	16

[block]
# block no. 1 follows, 43 sequences, length 51
# corresponding to MSA columns:
# 68-118
name=unknown_B
#
# <colnr> <probs for GDERKNQSTAVLIFYWHMCP>
#	G	D	E	R	K	N	Q	S	T	A	V	L	I	F	Y	W	H	M	C	P
0	0.01910	0.01400	0.01719	0.01416	0.05682	0.01520	0.06697	0.48800	0.05278	0.09930	0.01428	0.02864	0.01052	0.00682	0.00629	0.00173	0.04854	0.00540	0.02544	0.00883
1	0.01043	0.00624	0.00820	0.00738	0.00916	0.00566	0.00565	0.01294	0.01562	0.13844	0.63235	0.03822	0.06652	0.01071	0.00638	0.00174	0.00294	0.00938	0.00619	0.00586
2	0.01715	0.01583	0.01428	0.01228	0.01571	0.17142	0.00964	0.22329	0.41047	0.02438	0.01720	0.01650	0.01289	0.00691	0.00548	0.00173	0.00599	0.00537	0.00504	0.00846
3	0.01444	0.56944	0.16191	0.01143	0.01665	0.03207	0.03564	0.05493	0.01216	0.01514	0.00851	0.00991	0.00726	0.00507	0.00445	0.00137	0.02624	0.00344	0.00255	0.00739
4	0.01279	0.35445	0.40000	0.01349	0.01983	0.01685	0.05343	0.01701	0.01148	0.01552	0.00898	0.01070	0.00713	0.00516	0.00503	0.00154	0.03283	0.00377	0.00238	0.00763
5	0.01273	0.01406	0.02835	0.02090	0.02504	0.01457	0.55538	0.01650	0.01187	0.01656	0.01033	0.01440	0.00825	0.00668	0.02604	0.00215	0.20029	0.00611	0.00271	0.00707
6	0.00676	0.00486	0.00642	0.00763	0.00802	0.00452	0.00511	0.00778	0.01077	0.01433	0.04649	0.76147	0.06108	0.01712	0.00704	0.00223	0.00319	0.01549	0.00516	0.00452
7	0.04087	0.01529	0.05512	0.01238	0.01667	0.01595	0.01054	0.63920	0.02349	0.03191	0.01282	0.01348	0.00932	0.00799	0.02395	0.04595	0.00629	0.00490	0.00510	0.00880
8	0.00904	0.00674	0.00721	0.00680	0.00899	0.00615	0.00524	0.02657	0.08698	0.07404	0.07481	0.04646	0.57741	0.01263	0.00639	0.00187	0.00322	0.02854	0.00536	0.00556
9	0.00682	0.00487	0.00651	0.00779	0.00815	0.00456	0.00527	0.00784	0.01067	0.01422	0.03049	0.77737	0.03647	0.01728	0.00709	0.00226	0.00328	0.03941	0.00514	0.00452
10	0.01179	0.03641	0.11344	0.01452	0.01601	0.01569	0.04554	0.01389	0.00920	0.01401	0.00837	0.01283	0.00778	0.01118	0.07360	0.00277	0.57930	0.00486	0.00247	0.00634
11	0.00945	0.00639	0.00751	0.00725	0.00774	0.00670	0.00465	0.01091	0.06623	0.05150	0.01873	0.10383	0.02039	0.58735	0.02280	0.00447	0.04761	0.00833	0.00383	0.00433
12	0.00698	0.00513	0.00658	0.00768	0.00821	0.00483	0.00520	0.00848	0.03678	0.01451	0.03219	0.71794	0.09141	0.01676	0.00698	0.00221	0.00322	0.01511	0.00516	0.00466
13	0.00804	0.00541	0.00623	0.00623	0.00630	0.00547	0.00360	0.00818	0.00811	0.01088	0.01727	0.03527	0.01971	0.75408	0.07889	0.00561	0.00600	0.00791	0.00333	0.00346
14	0.78206	0.01190	0.00871	0.00781	0.01120	0.07083	0.00635	0.01672	0.00990	0.02399	0.00778	0.00907	0.00608	0.00518	0.00355	0.00169	0.00472	0.00304	0.00338	0.00603
15	0.01371	0.01316	0.02248	0.03399	0.77081	0.01316	0.01700	0.01700	0.01261	0.01809	0.01042	0.01371	0.00877	0.00493	0.00548	0.00164	0.00658	0.00493	0.00274	0.00877
16	0.02069	0.02640	0.01569	0.01427	0.01712	0.78313	0.01070	0.02212	0.01569	0.01355	0.00856	0.00999	0.00713	0.00571	0.00499	0.00143	0.00999	0.00357	0.00285	0.00642
17	0.00758	0.00530	0.00671	0.00752	0.00794	0.00513	0.00517	0.00850	0.01015	0.01341	0.02641	0.38962	0.04741	0.28884	0.01445	0.00337	0.00428	0.13948	0.00452	0.00421
18	0.01049	0.02500	0.65753	0.01450	0.02152	0.01161	0.01810	0.01616	0.01179	0.01743	0.05111	0.09477	0.01240	0.00682	0.00551	0.00180	0.00738	0.00560	0.00282	0.00765
19	0.07416	0.01051	0.01652	0.62225	0.10292	0.01265	0.01457	0.05283	0.01187	0.01640	0.00992	0.01416	0.00751	0.00551	0.00537	0.00181	0.00701	0.00478	0.00272	0.00655
20	0.02485	0.00943	0.01285	0.00985	0.01414	0.00814	0.00814	0.02699	0.01585	0.77465	0.02185	0.01885	0.01371	0.00685	0.00557	0.00171	0.00471	0.00557	0.00685	0.00943
21	0.01310	0.00958	0.01059	0.00976	0.01230	0.01055	0.00763	0.04252	0.42992	0.07501	0.04855	0.08358	0.01997	0.00878	0.00566	0.00185	0.00408	0.06489	0.13416	0.00753
22	0.01122	0.01058	0.01771	0.61436	0.18893	0.01252	0.01554	0.01515	0.03157	0.01521	0.01030	0.01471	0.00793	0.00547	0.00553	0.00181	0.00714	0.00496	0.00260	0.00676
23	0.00655	0.00561	0.00561	0.00561	0.00748	0.00468	0.00421	0.00795	0.01262	0.01496	0.05610	0.05330	0.76857	0.01403	0.00655	0.00187	0.00281	0.01169	0.00514	0.00468
24	0.00754	0.00550	0.00703	0.00704	0.00816	0.00506	0.00514	0.00962	0.01405	0.01940	0.51180	0.19297	0.11396	0.04041	0.00742	0.00200	0.00291	0.02932	0.00570	0.00496
25	0.01481	0.80869	0.02902	0.00948	0.01421	0.02191	0.00948	0.01658	0.01125	0.01303	0.00770	0.00888	0.00711	0.00474	0.00355	0.00118	0.00592	0.00296	0.00237	0.00711
26	0.01250	0.01637	0.14550	0.02235	0.09587	0.01326	0.53104	0.01712	0.01269	0.01756	0.01194	0.05509	0.00969	0.00544	0.00627	0.00185	0.00859	0.00649	0.00285	0.00755
27	0.21196	0.01038	0.01487	0.54160	0.06891	0.01252	0.01307	0.03565	0.01118	0.01752	0.00946	0.01328	0.00718	0.00544	0.00503	0.00180	0.00656	0.00446	0.00280	0.00634
28	0.84448	0.01071	0.00814	0.00728	0.01071	0.01242	0.00600	0.01628	0.00943	0.02485	0.00771	0.00900	0.00600	0.00514	0.00343	0.00171	0.00428	0.00300	0.00343	0.00600
29	0.00784	0.00566	0.00740	0.00697	0.00827	0.00523	0.00523	0.01045	0.01568	0.02221	0.76789	0.04137	0.05226	0.01132	0.00653	0.00174	0.00261	0.01002	0.00610	0.00523
30	0.01326	0.01290	0.02152	0.21272	0.50031	0.03229	0.07188	0.03696	0.01273	0.01748	0.01037	0.01395	0.00839	0.00512	0.00557	0.00170	0.00705	0.00502	0.00276	0.00801
31	0.01155	0.01094	0.01821	0.46796	0.26551	0.01272	0.01542	0.01489	0.01142	0.01541	0.01050	0.01589	0.00866	0.00600	0.00655	0.00185	0.06675	0.03019	0.00264	0.00693
32	0.00696	0.00562	0.00620	0.00613	0.00779	0.00486	0.00461	0.00872	0.01344	0.01703	0.25687	0.06938	0.53306	0.01337	0.00658	0.00186	0.00280	0.02448	0.00541	0.00483
33	0.01596	0.01185	0.01298	0.01074	0.01389	0.01289	0.00853	0.43953	0.09834	0.02803	0.09994	0.12529	0.03783	0.02883	0.00641	0.00186	0.00496	0.00737	0.02691	0.00785
34	0.69679	0.01094	0.00927	0.00796	0.01156	0.01234	0.00656	0.07317	0.01135	0.10364	0.00961	0.01035	0.00706	0.00543	0.00381	0.00171	0.00447	0.00342	0.00394	0.00661
35	0.01341	0.04131	0.23990	0.01399	0.05308	0.01178	0.05100	0.03088	0.01213	0.14500	0.04610	0.11532	0.01423	0.00896	0.02573	0.00208	0.15763	0.00641	0.00376	0.00730
36	0.01115	0.00949	0.01113	0.00817	0.01276	0.00718	0.00646	0.01350	0.01142	0.01777	0.01131	0.06758	0.01022	0.00504	0.00431	0.00092	0.00404	0.00417	0.00341	0.77997
37	0.02105	0.01551	0.01662	0.01274	0.01717	0.01717	0.01053	0.75235	0.02604	0.03490	0.01330	0.01330	0.00942	0.00665	0.00554	0.00166	0.00609	0.00499	0.00554	0.00942
38	0.75268	0.01100	0.01029	0.03560	0.01304	0.01254	0.06276	0.01632	0.00976	0.02394	0.00805	0.00965	0.00623	0.00512	0.00374	0.00173	0.00477	0.00333	0.00335	0.00611
39	0.01046	0.00984	0.01661	0.79205	0.03814	0.01230	0.01538	0.01415	0.01107	0.01415	0.00984	0.01477	0.00738	0.00554	0.00554	0.00185	0.00738	0.00492	0.00246	0.00615
40	0.01762	0.01283	0.01396	0.01117	0.01455	0.01415	0.00893	0.53214	0.05986	0.02884	0.01443	0.01727	0.01152	0.10395	0.04910	0.03008	0.00618	0.00547	0.03994	0.00802
41	0.00683	0.00545	0.00612	0.00632	0.00775	0.00474	0.00460	0.00837	0.01277	0.01615	0.18497	0.21168	0.47627	0.01423	0.00666	0.00193	0.00286	0.01224	0.00532	0.00474
42	0.00805	0.00537	0.00604	0.00604	0.00604	0.00537	0.00336	0.00805	0.00805	0.01074	0.01745	0.03624	0.02013	0.80536	0.02819	0.00537	0.00537	0.00805	0.00336	0.00336
43	0.01173	0.01273	0.02680	0.02024	0.04200	0.01195	0.57334	0.01557	0.01253	0.01698	0.01533	0.18377	0.01447	0.00740	0.00663	0.00194	0.00796	0.00847	0.00330	0.00686
44	0.00780	0.00566	0.00735	0.00693	0.00825	0.00521	0.00520	0.01038	0.01559	0.02201	0.74864	0.04169	0.07163	0.01140	0.00653	0.00175	0.00262	0.01006	0.00607	0.00521
45	0.00899	0.00649	0.00821	0.00802	0.00961	0.00630	0.00633	0.01271	0.08470	0.04152	0.47077	0.04407	0.09794	0.01187	0.00665	0.00193	0.00337	0.15912	0.00580	0.00561
46	0.74589	0.01072	0.00881	0.00767	0.01120	0.01215	0.00632	0.03709	0.01047	0.09504	0.00918	0.01003	0.00681	0.00534	0.00368	0.00171	0.00437	0.00329	0.00380	0.00641
47	0.01111	0.02865	0.77667	0.01579	0.02397	0.01286	0.02046	0.01754	0.01169	0.01754	0.00994	0.01169	0.00702	0.00526	0.00526	0.00175	0.00818	0.00409	0.00234	0.00818
48	0.02105	0.01551	0.01662	0.01274	0.01717	0.01717	0.01053	0.75235	0.02604	0.03490	0.01330	0.01330	0.00942	0.00665	0.00554	0.00166	0.00609	0.00499	0.00554	0.00942
49	0.01220	0.01188	0.02100	0.36930	0.36386	0.01287	0.09712	0.01582	0.01198	0.01630	0.01025	0.01431	0.00812	0.00517	0.00562	0.00176	0.00724	0.00511	0.00262	0.00747
50	0.01218	0.01113	0.01766	0.51858	0.19655	0.01295	0.01497	0.07165	0.05804	0.01714	0.01100	0.01478	0.00842	0.00561	0.00553	0.00179	0.00693	0.00501	0.00295	0.00714

[dist]
# distance from previous block
# <min> <max>
0	1

[block]
# block no. 2 follows, 43 sequences, length 32
# corresponding to MSA columns:
# 120-151
name=unknown_C
#
# <colnr> <probs for GDERKNQSTAVLIFYWHMCP>
#	G	D	E	R	K	N	Q	S	T	A	V	L	I	F	Y	W	H	M	C	P
0	0.01408	0.01302	0.02123	0.11761	0.61243	0.01346	0.01617	0.09035	0.01378	0.01933	0.01064	0.01379	0.00868	0.00517	0.00549	0.00167	0.00662	0.00494	0.00299	0.00854
1	0.01226	0.06905	0.66149	0.01530	0.02278	0.09051	0.01891	0.01795	0.01207	0.01691	0.00968	0.01138	0.00703	0.00528	0.00515	0.00169	0.00825	0.00398	0.00239	0.00795
2	0.01245	0.06940	0.60666	0.01567	0.02310	0.01387	0.07049	0.09112	0.01320	0.01904	0.01024	0.01193	0.00736	0.00533	0.00529	0.00172	0.00793	0.00429	0.00269	0.00820
3	0.00791	0.00593	0.00890	0.00890	0.00989	0.00692	0.00692	0.00989	0.00890	0.01286	0.01483	0.02176	0.01385	0.04154	0.78341	0.00890	0.01483	0.00593	0.00297	0.00494
4	0.00724	0.00517	0.00635	0.00704	0.00749	0.00492	0.00463	0.00802	0.01006	0.01320	0.02902	0.42397	0.11957	0.26709	0.03539	0.00339	0.00423	0.03453	0.00451	0.00419
5	0.01032	0.00516	0.00516	0.00516	0.00645	0.00516	0.00387	0.01290	0.01161	0.02065	0.01807	0.02065	0.01420	0.00645	0.00387	0.00129	0.00258	0.00516	0.83611	0.00516
6	0.00805	0.00537	0.00604	0.00604	0.00604	0.00537	0.00336	0.00805	0.00805	0.01074	0.01745	0.03624	0.02013	0.80536	0.02819	0.00537	0.00537	0.00805	0.00336	0.00336
7	0.01594	0.00970	0.01194	0.00875	0.01346	0.00764	0.00709	0.01829	0.01294	0.27031	0.01385	0.01394	0.01004	0.00502	0.00459	0.00112	0.00431	0.00404	0.00447	0.56255
8	0.10590	0.12222	0.57243	0.01430	0.02144	0.01397	0.04223	0.01729	0.01143	0.01782	0.00945	0.01115	0.00696	0.00516	0.00489	0.00168	0.00750	0.00391	0.00248	0.00778
9	0.01390	0.10471	0.01844	0.01411	0.01525	0.14778	0.02713	0.01528	0.01012	0.01343	0.00762	0.01145	0.00725	0.00835	0.01403	0.00210	0.55583	0.00445	0.00250	0.00627
10	0.00798	0.00595	0.00841	0.00846	0.00915	0.00677	0.00627	0.00944	0.00892	0.01263	0.01682	0.11413	0.01738	0.17982	0.52160	0.00721	0.04374	0.00742	0.00327	0.00464
11	0.01032	0.00516	0.00516	0.00516	0.00645	0.00516	0.00387	0.01290	0.01161	0.02065	0.01807	0.02065	0.01420	0.00645	0.00387	0.00129	0.00258	0.00516	0.83611	0.00516
12	0.16949	0.01102	0.01256	0.01008	0.01405	0.01124	0.00824	0.14169	0.13291	0.40405	0.01805	0.01648	0.01214	0.00662	0.00519	0.00173	0.00481	0.00512	0.00584	0.00871
13	0.01032	0.00516	0.00516	0.00516	0.00645	0.00516	0.00387	0.01290	0.01161	0.02065	0.01807	0.02065	0.01420	0.00645	0.00387	0.00129	0.00258	0.00516	0.83611	0.00516
14	0.00880	0.00738	0.01200	0.01085	0.01221	0.00852	0.08190	0.01098	0.00928	0.01339	0.01380	0.02022	0.01272	0.03502	0.63780	0.00762	0.08340	0.00590	0.00290	0.00530
15	0.02105	0.01551	0.01662	0.01274	0.01717	0.01717	0.01053	0.75235	0.02604	0.03490	0.01330	0.01330	0.00942	0.00665	0.00554	0.00166	0.00609	0.00499	0.00554	0.00942
16	0.00805	0.00537	0.00604	0.00604	0.00604	0.00537	0.00336	0.00805	0.00805	0.01074	0.01745	0.03624	0.02013	0.80536	0.02819	0.00537	0.00537	0.00805	0.00336	0.00336
17	0.00805	0.00537	0.00604	0.00604	0.00604	0.00537	0.00336	0.00805	0.00805	0.01074	0.01745	0.03624	0.02013	0.80536	0.02819	0.00537	0.00537	0.00805	0.00336	0.00336
18	0.00793	0.00588	0.00861	0.00861	0.00950	0.00677	0.00657	0.00971	0.00882	0.01264	0.01510	0.02321	0.01448	0.11807	0.70775	0.00855	0.01389	0.00615	0.00301	0.00479
19	0.01481	0.80869	0.02902	0.00948	0.01421	0.02191	0.00948	0.01658	0.01125	0.01303	0.00770	0.00888	0.00711	0.00474	0.00355	0.00118	0.00592	0.00296	0.00237	0.00711
20	0.00726	0.00580	0.00652	0.00631	0.00799	0.00514	0.00474	0.00954	0.03423	0.01808	0.33997	0.04764	0.46149	0.01277	0.00652	0.00182	0.00277	0.01087	0.00554	0.00501
21	0.00820	0.00575	0.00747	0.00699	0.00839	0.00528	0.00526	0.01076	0.01558	0.03979	0.72728	0.04122	0.07444	0.01130	0.00651	0.00175	0.00267	0.00996	0.00608	0.00531
22	0.10290	0.02146	0.01556	0.01439	0.06175	0.47870	0.01057	0.19376	0.01733	0.02000	0.00971	0.01089	0.00766	0.00583	0.00500	0.00152	0.00829	0.00393	0.00354	0.00723
23	0.01121	0.01098	0.01680	0.71393	0.06724	0.05863	0.01517	0.01475	0.01142	0.01428	0.00979	0.01443	0.00743	0.00552	0.00550	0.00181	0.00751	0.00484	0.00250	0.00628
24	0.69398	0.01111	0.00956	0.04704	0.01284	0.01276	0.00699	0.09027	0.01138	0.04949	0.00883	0.01003	0.00666	0.00537	0.00381	0.00172	0.00463	0.00338	0.00370	0.00646
25	0.01144	0.10567	0.65611	0.06177	0.02384	0.01374	0.01906	0.01724	0.01161	0.01688	0.00971	0.01160	0.00705	0.00523	0.00511	0.00170	0.00791	0.00403	0.00235	0.00795
26	0.01296	0.01521	0.05466	0.02266	0.02806	0.01412	0.69053	0.01751	0.01279	0.01751	0.01096	0.01470	0.00830	0.00494	0.00709	0.00189	0.04953	0.00637	0.00277	0.00742
27	0.00771	0.00619	0.00957	0.00942	0.01033	0.00593	0.08943	0.00901	0.01062	0.01420	0.02704	0.60401	0.04576	0.09464	0.00935	0.00251	0.02126	0.01362	0.00464	0.00476
28	0.01075	0.00572	0.00581	0.00561	0.00699	0.00580	0.00419	0.05124	0.01215	0.02080	0.01778	0.02120	0.01430	0.05444	0.00542	0.00155	0.00293	0.00533	0.74271	0.00528
29	0.01018	0.00519	0.00530	0.00527	0.00656	0.00517	0.00395	0.01276	0.01186	0.02074	0.06294	0.02189	0.01647	0.00674	0.00403	0.00132	0.00258	0.00545	0.78643	0.00517
30	0.01415	0.01330	0.02213	0.03272	0.72571	0.01340	0.01661	0.06101	0.01341	0.01910	0.01059	0.01368	0.00881	0.00504	0.00549	0.00165	0.00655	0.00494	0.00291	0.00881
31	0.01180	0.01168	0.01633	0.01413	0.01415	0.01622	0.01170	0.01299	0.00861	0.01338	0.00866	0.05938	0.00903	0.01015	0.01751	0.00241	0.74783	0.00550	0.00259	0.00597

[dist]
# distance from previous block
# <min> <max>
0	2

[block]
# block no. 3 follows, 43 sequences, length 28
# corresponding to MSA columns:
# 154-181
name=unknown_D
#
# <colnr> <probs for GDERKNQSTAVLIFYWHMCP>
#	G	D	E	R	K	N	Q	S	T	A	V	L	I	F	Y	W	H	M	C	P
0	0.02234	0.00996	0.01366	0.01078	0.01422	0.00988	0.00892	0.02430	0.01440	0.62480	0.01898	0.01753	0.01244	0.00741	0.00805	0.00185	0.16031	0.00543	0.00598	0.00876
1	0.02400	0.01079	0.01370	0.01050	0.01482	0.01016	0.00867	0.18918	0.01813	0.60925	0.01994	0.01761	0.01275	0.00681	0.00556	0.00170	0.00502	0.00544	0.00656	0.00942
2	0.00989	0.00874	0.01403	0.58673	0.03010	0.01056	0.01260	0.01278	0.01059	0.01364	0.01260	0.02208	0.01148	0.16360	0.01013	0.00258	0.00684	0.05271	0.00281	0.00553
3	0.00675	0.00482	0.00643	0.00771	0.00803	0.00450	0.00514	0.00771	0.01060	0.01414	0.03053	0.80175	0.03663	0.01735	0.00707	0.00225	0.00321	0.01574	0.00514	0.00450
4	0.02107	0.00886	0.01180	0.00959	0.01311	0.00793	0.00768	0.06391	0.01539	0.58344	0.02308	0.17264	0.01798	0.00891	0.00586	0.00182	0.00450	0.00754	0.00644	0.00846
5	0.04049	0.01519	0.15608	0.01187	0.01642	0.01293	0.01102	0.25757	0.16457	0.16825	0.04758	0.03084	0.01360	0.02094	0.00592	0.00181	0.00563	0.00558	0.00513	0.00860
6	0.01899	0.01152	0.01311	0.01034	0.01415	0.01174	0.00844	0.37285	0.02013	0.24926	0.04320	0.02352	0.16119	0.00828	0.00577	0.00172	0.00495	0.00660	0.00586	0.00838
7	0.00720	0.00524	0.00681	0.00762	0.00827	0.00495	0.00525	0.00899	0.03566	0.01616	0.18750	0.59753	0.05672	0.01568	0.00690	0.00212	0.00311	0.01413	0.00536	0.00479
8	0.57897	0.01027	0.02555	0.05878	0.01284	0.01151	0.00726	0.04089	0.01006	0.02199	0.00950	0.01209	0.00777	0.01239	0.15720	0.00314	0.00671	0.00379	0.00333	0.00597
9	0.07013	0.01055	0.04250	0.01104	0.06319	0.01024	0.00841	0.05452	0.22018	0.23858	0.01866	0.01860	0.01355	0.02563	0.00563	0.00176	0.00452	0.00545	0.16892	0.00794
10	0.01012	0.00634	0.00752	0.00717	0.00814	0.00721	0.00552	0.01226	0.01059	0.01793	0.01620	0.03473	0.01380	0.05256	0.10296	0.00263	0.12713	0.00555	0.54648	0.00517
11	0.01088	0.00872	0.01221	0.02800	0.06179	0.02074	0.08666	0.07885	0.04622	0.05729	0.19933	0.18297	0.16188	0.01085	0.00635	0.00187	0.00445	0.00970	0.00501	0.00623
12	0.02941	0.25618	0.30451	0.01747	0.16743	0.07837	0.04015	0.01750	0.01207	0.01613	0.00926	0.01118	0.00743	0.00506	0.00478	0.00154	0.00731	0.00394	0.00251	0.00777
13	0.00837	0.00652	0.03022	0.00762	0.00918	0.00586	0.00605	0.01067	0.01332	0.04243	0.40512	0.03833	0.13862	0.05453	0.16044	0.00338	0.00552	0.04350	0.00509	0.00522
14	0.01251	0.04232	0.18022	0.06603	0.23279	0.05477	0.02953	0.01741	0.09206	0.03581	0.01256	0.01546	0.01015	0.01260	0.15851	0.00311	0.00854	0.00500	0.00309	0.00753
15	0.00758	0.00550	0.00718	0.00732	0.00840	0.00510	0.00541	0.00972	0.01405	0.01945	0.49756	0.23492	0.08030	0.01324	0.00675	0.00193	0.00295	0.06190	0.00574	0.00501
16	0.01719	0.01264	0.01388	0.01151	0.03258	0.01373	0.00885	0.45110	0.11361	0.04942	0.01534	0.01885	0.01254	0.16385	0.00996	0.00239	0.00564	0.00571	0.00502	0.03620
17	0.01345	0.65069	0.02506	0.00936	0.01336	0.01896	0.00897	0.01527	0.01079	0.01300	0.00910	0.01142	0.00843	0.01198	0.15705	0.00270	0.00768	0.00355	0.00249	0.00668
18	0.01337	0.30731	0.42658	0.01308	0.01943	0.01598	0.01536	0.01763	0.01167	0.06475	0.00979	0.01116	0.00749	0.00536	0.00521	0.00157	0.03999	0.00381	0.00265	0.00779
19	0.01250	0.07478	0.30932	0.02094	0.17093	0.01419	0.22158	0.01709	0.01197	0.01706	0.01002	0.01283	0.00777	0.00534	0.00656	0.00178	0.06999	0.00492	0.00256	0.00786
20	0.00705	0.00495	0.00634	0.00733	0.00758	0.00470	0.00473	0.00779	0.01002	0.01336	0.02753	0.62666	0.03286	0.19759	0.01190	0.00296	0.00371	0.01399	0.00473	0.00424
21	0.02266	0.01016	0.01475	0.01461	0.16307	0.00913	0.00988	0.02502	0.01521	0.62574	0.01960	0.01784	0.01274	0.00648	0.00555	0.00170	0.00508	0.00544	0.00605	0.00930
22	0.00840	0.02593	0.00966	0.00944	0.01029	0.00744	0.02294	0.00999	0.01129	0.01527	0.09069	0.39083	0.06525	0.01494	0.02067	0.00234	0.12084	0.15408	0.00466	0.00505
23	0.00756	0.00542	0.00734	0.00859	0.00931	0.00521	0.00653	0.00913	0.01146	0.01507	0.03079	0.50370	0.05525	0.01649	0.00727	0.00235	0.00391	0.28476	0.00513	0.00473
24	0.00768	0.00581	0.00742	0.00781	0.00904	0.00507	0.00542	0.00894	0.01078	0.01491	0.02645	0.64620	0.03103	0.01474	0.00648	0.00197	0.00339	0.01329	0.00477	0.16880
25	0.01817	0.01124	0.01262	0.01015	0.01354	0.01181	0.00820	0.39266	0.01987	0.16782	0.04849	0.06799	0.01471	0.00754	0.00536	0.00164	0.00481	0.00604	0.16926	0.00809
26	0.01260	0.01355	0.04106	0.04735	0.33679	0.08515	0.14842	0.01561	0.01275	0.01664	0.01921	0.02128	0.15794	0.00698	0.00636	0.00175	0.03965	0.00640	0.00320	0.00729
27	0.00723	0.00506	0.00616	0.00693	0.00744	0.00475	0.00457	0.00815	0.01038	0.01394	0.03008	0.49723	0.12141	0.18321	0.01127	0.00280	0.00358	0.01293	0.05856	0.00432

[dist]
# distance from previous block
# <min> <max>
0	6

# created by:
# /st0/software/busco_prod/Augustus/scripts/msa2prfl.pl ./align_prep/195656.fa
