[name]
unknown

[dist]
# distance from previous block
# <min> <max>
39	136

[block]
# block no. 0 follows, 48 sequences, length 17
# corresponding to MSA columns:
# 176-192
name=unknown_A
#
# <colnr> <probs for GDERKNQSTAVLIFYWHMCP>
#	G	D	E	R	K	N	Q	S	T	A	V	L	I	F	Y	W	H	M	C	P
0	0.00955	0.00678	0.00811	0.00757	0.00867	0.00717	0.00544	0.04632	0.08647	0.05333	0.12337	0.15271	0.04452	0.26891	0.01313	0.00279	0.07344	0.00803	0.04897	0.02473
1	0.01263	0.00856	0.01063	0.03277	0.01222	0.00884	0.02591	0.03407	0.19369	0.17479	0.03880	0.09896	0.14397	0.00855	0.00634	0.00168	0.07342	0.00701	0.03840	0.06877
2	0.01254	0.00840	0.00968	0.02040	0.01118	0.00820	0.00646	0.18106	0.04965	0.11096	0.06498	0.14718	0.12030	0.00856	0.00518	0.00152	0.00382	0.00719	0.09080	0.13194
3	0.01371	0.01195	0.01580	0.20420	0.24850	0.10401	0.01204	0.05179	0.01194	0.10632	0.01111	0.03005	0.00916	0.05105	0.00753	0.00183	0.09428	0.00484	0.00311	0.00677
4	0.01811	0.01239	0.01390	0.01093	0.01446	0.01360	0.00898	0.55462	0.02043	0.11851	0.01337	0.01387	0.00967	0.00907	0.07399	0.00213	0.03609	0.00476	0.04304	0.00807
5	0.00800	0.10171	0.00886	0.00658	0.00838	0.00688	0.00516	0.04353	0.01283	0.01665	0.28863	0.13392	0.31792	0.01121	0.00575	0.00165	0.00306	0.00954	0.00478	0.00495
6	0.04889	0.65296	0.02359	0.00876	0.01303	0.01780	0.00844	0.01698	0.01108	0.14399	0.00935	0.00979	0.00758	0.00474	0.00360	0.00120	0.00524	0.00315	0.00294	0.00691
7	0.00705	0.00515	0.00662	0.00644	0.00758	0.00472	0.00476	0.00920	0.01375	0.01917	0.63812	0.13072	0.10486	0.01134	0.00611	0.00168	0.00250	0.01003	0.00547	0.00472
8	0.01770	0.06585	0.10789	0.01299	0.05741	0.01552	0.01109	0.59493	0.02105	0.02836	0.01149	0.01191	0.00830	0.00581	0.00499	0.00152	0.00589	0.00440	0.00446	0.00843
9	0.01240	0.06365	0.06224	0.15769	0.42078	0.05643	0.12217	0.01567	0.01154	0.01555	0.00939	0.01246	0.00760	0.00468	0.00508	0.00155	0.00680	0.00456	0.00247	0.00730
10	0.01204	0.22343	0.44774	0.01510	0.10968	0.01432	0.02942	0.06278	0.01168	0.01626	0.00896	0.01055	0.00687	0.00479	0.00454	0.00148	0.00678	0.00371	0.00241	0.00746
11	0.03328	0.54825	0.08952	0.01085	0.01546	0.01734	0.09888	0.01679	0.05161	0.06204	0.00923	0.01026	0.00756	0.00469	0.00397	0.00129	0.00586	0.00353	0.00268	0.00690
12	0.01454	0.04390	0.03853	0.01806	0.28148	0.01247	0.03422	0.08573	0.27931	0.11523	0.01500	0.01530	0.01124	0.00575	0.00510	0.00160	0.00523	0.00503	0.00414	0.00814
13	0.01296	0.01331	0.16288	0.01065	0.01560	0.00950	0.06191	0.07488	0.07458	0.10753	0.01171	0.01251	0.00873	0.00478	0.00454	0.00123	0.00509	0.00398	0.00356	0.40008
14	0.01190	0.02620	0.02861	0.01029	0.01347	0.00960	0.09665	0.04754	0.25828	0.08865	0.02185	0.12633	0.10756	0.00797	0.00535	0.00161	0.00444	0.00702	0.00447	0.12221
15	0.01321	0.04026	0.13639	0.01182	0.01607	0.01179	0.09905	0.20389	0.14524	0.03753	0.05507	0.05552	0.02563	0.00635	0.00511	0.00153	0.00540	0.00545	0.00404	0.12067
16	0.01285	0.08604	0.26785	0.02819	0.01652	0.02669	0.01163	0.18162	0.07998	0.03542	0.01295	0.09770	0.01098	0.00641	0.00489	0.00152	0.00570	0.00516	0.00356	0.10437

[dist]
# distance from previous block
# <min> <max>
0	34

[block]
# block no. 1 follows, 48 sequences, length 117
# corresponding to MSA columns:
# 227-343
name=unknown_B
#
# <colnr> <probs for GDERKNQSTAVLIFYWHMCP>
#	G	D	E	R	K	N	Q	S	T	A	V	L	I	F	Y	W	H	M	C	P
0	0.03770	0.15289	0.31921	0.01376	0.08636	0.01242	0.06222	0.04736	0.03829	0.05639	0.06520	0.04529	0.02939	0.00594	0.00486	0.00155	0.00604	0.00493	0.00311	0.00709
1	0.11456	0.09106	0.35643	0.03063	0.05876	0.01259	0.08637	0.07384	0.02485	0.04694	0.01042	0.01300	0.00804	0.00527	0.00476	0.00159	0.00648	0.03198	0.00290	0.01955
2	0.01120	0.10411	0.23814	0.01189	0.06193	0.03358	0.03738	0.02792	0.03621	0.04670	0.01471	0.12113	0.05276	0.00666	0.00485	0.00145	0.00543	0.00559	0.00320	0.17518
3	0.01250	0.04536	0.04417	0.02076	0.37615	0.09482	0.05538	0.01670	0.10954	0.01644	0.02870	0.08635	0.01195	0.00607	0.00511	0.00154	0.00586	0.00550	0.00316	0.05396
4	0.00907	0.00802	0.03938	0.00866	0.05021	0.05026	0.00596	0.07096	0.01111	0.01452	0.08651	0.18326	0.10678	0.29994	0.03042	0.00304	0.00475	0.00858	0.00389	0.00469
5	0.01332	0.60955	0.09438	0.01028	0.04491	0.01784	0.00979	0.05547	0.01124	0.01400	0.00833	0.02884	0.00748	0.00479	0.00371	0.00119	0.00556	0.00332	0.00247	0.05352
6	0.01177	0.03095	0.01663	0.18312	0.31359	0.03993	0.03596	0.04007	0.01160	0.01609	0.01041	0.03953	0.00898	0.00517	0.00486	0.00141	0.00576	0.02116	0.00281	0.20019
7	0.00974	0.01002	0.05684	0.69813	0.06945	0.01120	0.01422	0.01318	0.01034	0.01345	0.00987	0.04346	0.00790	0.00550	0.00517	0.00171	0.00670	0.00489	0.00238	0.00586
8	0.10172	0.00921	0.01454	0.72027	0.03258	0.01141	0.01330	0.01332	0.01009	0.01419	0.00891	0.01310	0.00670	0.00509	0.00492	0.00170	0.00653	0.00437	0.00238	0.00568
9	0.00746	0.00581	0.03801	0.02710	0.00890	0.00503	0.00569	0.00866	0.00996	0.04215	0.03974	0.55581	0.02921	0.12744	0.00917	0.00245	0.00370	0.06485	0.00444	0.00442
10	0.01029	0.02654	0.79309	0.01462	0.02221	0.01192	0.01896	0.01625	0.01083	0.01625	0.00921	0.01083	0.00650	0.00487	0.00487	0.00162	0.00758	0.00379	0.00217	0.00758
11	0.01029	0.02654	0.79309	0.01462	0.02221	0.01192	0.01896	0.01625	0.01083	0.01625	0.00921	0.01083	0.00650	0.00487	0.00487	0.00162	0.00758	0.00379	0.00217	0.00758
12	0.01215	0.01165	0.01975	0.16751	0.58265	0.01211	0.04507	0.01592	0.05241	0.01635	0.01019	0.01326	0.00829	0.00479	0.00514	0.00158	0.00622	0.00469	0.00264	0.00765
13	0.00742	0.00496	0.00561	0.00564	0.00565	0.00495	0.00316	0.00745	0.00753	0.01005	0.01654	0.05780	0.01913	0.79481	0.02551	0.00489	0.00491	0.00768	0.00316	0.00314
14	0.02216	0.00854	0.01163	0.00898	0.01280	0.00739	0.00739	0.02417	0.01468	0.74913	0.06201	0.01860	0.01465	0.00658	0.00521	0.00159	0.00426	0.00538	0.00631	0.00852
15	0.00726	0.00524	0.00686	0.00646	0.00767	0.00484	0.00484	0.00968	0.01452	0.02058	0.78496	0.03833	0.04841	0.01049	0.00605	0.00161	0.00242	0.00928	0.00565	0.00484
16	0.00627	0.00453	0.00594	0.00702	0.00742	0.00420	0.00472	0.00723	0.01007	0.01336	0.05191	0.75094	0.07596	0.01574	0.00651	0.00205	0.00294	0.01422	0.00479	0.00420
17	0.01917	0.02445	0.01454	0.01322	0.01586	0.79907	0.00991	0.02049	0.01454	0.01256	0.00793	0.00925	0.00661	0.00529	0.00463	0.00132	0.00925	0.00330	0.00264	0.00595
18	0.01276	0.01102	0.01160	0.01044	0.01334	0.01276	0.00812	0.02727	0.77840	0.02146	0.02088	0.01914	0.01566	0.00696	0.00522	0.00174	0.00406	0.00580	0.00522	0.00812
19	0.85592	0.00992	0.00754	0.00675	0.00992	0.01151	0.00556	0.01508	0.00873	0.02302	0.00714	0.00834	0.00556	0.00476	0.00318	0.00159	0.00397	0.00278	0.00318	0.00556
20	0.00751	0.00578	0.00666	0.00704	0.05057	0.00501	0.00488	0.00910	0.01226	0.05652	0.15345	0.04405	0.59517	0.01181	0.00596	0.00170	0.00286	0.00996	0.00485	0.00485
21	0.00800	0.00620	0.00887	0.00857	0.00940	0.00738	0.00664	0.02800	0.00853	0.01227	0.01328	0.02038	0.01270	0.10785	0.63464	0.00722	0.08707	0.00557	0.00279	0.00464
22	0.01104	0.02512	0.72286	0.01459	0.02189	0.01172	0.04637	0.01672	0.01109	0.05766	0.00984	0.01130	0.00688	0.00493	0.00493	0.00163	0.00745	0.00395	0.00241	0.00762
23	0.02726	0.00489	0.00484	0.00482	0.00606	0.00492	0.00363	0.01202	0.01072	0.01921	0.01654	0.01890	0.01299	0.00595	0.00358	0.00120	0.00242	0.00474	0.83050	0.00480
24	0.03739	0.00915	0.01513	0.78114	0.03451	0.01140	0.01397	0.01317	0.01021	0.01343	0.00906	0.01350	0.00680	0.00512	0.00507	0.00171	0.00675	0.00450	0.00231	0.00570
25	0.01951	0.01437	0.01540	0.01181	0.01591	0.01591	0.00975	0.77056	0.02412	0.03234	0.01232	0.01232	0.00873	0.00616	0.00513	0.00154	0.00565	0.00462	0.00513	0.00873
26	0.00956	0.00478	0.00478	0.00478	0.00598	0.00478	0.00359	0.01196	0.01076	0.01913	0.01674	0.01913	0.01315	0.00598	0.00359	0.00120	0.00239	0.00478	0.84816	0.00478
27	0.85592	0.00992	0.00754	0.00675	0.00992	0.01151	0.00556	0.01508	0.00873	0.02302	0.00714	0.00834	0.00556	0.00476	0.00318	0.00159	0.00397	0.00278	0.00318	0.00556
28	0.00808	0.00656	0.00884	0.00859	0.00936	0.03165	0.00659	0.00962	0.00831	0.01175	0.01318	0.02052	0.01273	0.12456	0.61227	0.00709	0.08744	0.00556	0.00274	0.00455
29	0.01102	0.01059	0.01580	0.21264	0.37863	0.06057	0.01249	0.01374	0.01168	0.01562	0.09683	0.08217	0.04324	0.00665	0.00532	0.00162	0.00569	0.00605	0.00309	0.00658
30	0.00734	0.00548	0.00814	0.00814	0.00902	0.00636	0.00628	0.00909	0.00821	0.01183	0.01384	0.02070	0.01306	0.06986	0.76829	0.00811	0.01339	0.00558	0.00276	0.00452
31	0.01459	0.62498	0.06542	0.00996	0.01418	0.17130	0.00954	0.01641	0.01125	0.01239	0.00740	0.00857	0.00658	0.00459	0.00364	0.00117	0.00633	0.00291	0.00228	0.00651
32	0.01141	0.02273	0.58350	0.01621	0.05113	0.01188	0.15342	0.01675	0.01131	0.05919	0.01005	0.01181	0.00714	0.00485	0.00511	0.00164	0.00754	0.00430	0.00249	0.00755
33	0.05296	0.01009	0.01233	0.00956	0.01347	0.03479	0.00786	0.13074	0.01581	0.62940	0.01823	0.01613	0.01167	0.00623	0.00507	0.00157	0.00469	0.00493	0.00594	0.00852
34	0.01407	0.00819	0.01120	0.01153	0.12605	0.00780	0.00775	0.05165	0.06387	0.27239	0.28211	0.05112	0.05385	0.00810	0.00554	0.00162	0.00388	0.00702	0.00530	0.00695
35	0.85592	0.00992	0.00754	0.00675	0.00992	0.01151	0.00556	0.01508	0.00873	0.02302	0.00714	0.00834	0.00556	0.00476	0.00318	0.00159	0.00397	0.00278	0.00318	0.00556
36	0.01372	0.82276	0.02689	0.00878	0.01317	0.02030	0.00878	0.01536	0.01043	0.01207	0.00713	0.00823	0.00658	0.00439	0.00329	0.00110	0.00549	0.00274	0.00219	0.00658
37	0.01144	0.00963	0.01106	0.00808	0.01251	0.00786	0.00647	0.07169	0.05416	0.01818	0.01002	0.01124	0.00813	0.00416	0.00398	0.00087	0.00396	0.00331	0.00332	0.73994
38	0.01924	0.01504	0.01520	0.01187	0.01582	0.07713	0.00971	0.68517	0.05042	0.03040	0.01228	0.01232	0.00881	0.00612	0.00510	0.00153	0.00587	0.00456	0.00494	0.00849
39	0.00733	0.00550	0.00825	0.00825	0.00916	0.00641	0.00641	0.00916	0.00825	0.01191	0.01374	0.02016	0.01283	0.03848	0.79934	0.00825	0.01374	0.00550	0.00275	0.00458
40	0.01064	0.00912	0.01064	0.00760	0.01216	0.00684	0.00608	0.01292	0.01064	0.01672	0.00912	0.01064	0.00760	0.00380	0.00380	0.00076	0.00380	0.00304	0.00304	0.85104
41	0.00638	0.00518	0.00565	0.00559	0.00714	0.00446	0.00417	0.00795	0.01235	0.01554	0.23793	0.07458	0.57024	0.01247	0.00608	0.00172	0.00257	0.01057	0.00499	0.00446
42	0.01283	0.00905	0.01086	0.00787	0.01233	0.00696	0.00634	0.01506	0.01136	0.15371	0.01109	0.01185	0.00850	0.00425	0.00404	0.00091	0.00390	0.00341	0.00363	0.70206
43	0.01217	0.00919	0.01088	0.00786	0.01234	0.00711	0.00632	0.03022	0.01136	0.10128	0.01040	0.01142	0.00818	0.00413	0.00398	0.00087	0.00390	0.00330	0.00344	0.74166
44	0.85592	0.00992	0.00754	0.00675	0.00992	0.01151	0.00556	0.01508	0.00873	0.02302	0.00714	0.00834	0.00556	0.00476	0.00318	0.00159	0.00397	0.00278	0.00318	0.00556
45	0.00711	0.00513	0.00632	0.00698	0.00748	0.00502	0.00473	0.00863	0.05049	0.01289	0.02566	0.44254	0.06983	0.24339	0.01205	0.00289	0.00373	0.07668	0.00431	0.00414
46	0.01122	0.01283	0.10493	0.03790	0.01870	0.02697	0.25618	0.03291	0.01150	0.01656	0.01062	0.05485	0.00893	0.00488	0.00489	0.00130	0.00602	0.00481	0.00291	0.37110
47	0.00742	0.00496	0.00561	0.00565	0.00567	0.00494	0.00317	0.00745	0.00755	0.01007	0.01662	0.06282	0.01923	0.78966	0.02539	0.00487	0.00490	0.00773	0.00317	0.00315
48	0.07795	0.36277	0.18150	0.05281	0.01611	0.03159	0.01081	0.05875	0.01175	0.11937	0.00988	0.01082	0.00758	0.00569	0.02152	0.00153	0.00600	0.00356	0.00301	0.00702
49	0.05936	0.05563	0.02195	0.07212	0.46397	0.01285	0.17861	0.04388	0.01193	0.01715	0.00961	0.01251	0.00777	0.00461	0.00510	0.00156	0.00653	0.00470	0.00265	0.00752
50	0.00633	0.00452	0.00604	0.00723	0.00756	0.00423	0.00489	0.00727	0.00990	0.01318	0.02824	0.78837	0.03377	0.01601	0.00657	0.00209	0.00304	0.04181	0.00476	0.00419
51	0.01064	0.00912	0.01064	0.00760	0.01216	0.00684	0.00608	0.01292	0.01064	0.01672	0.00912	0.01064	0.00760	0.00380	0.00380	0.00076	0.00380	0.00304	0.00304	0.85104
52	0.01212	0.31501	0.47862	0.01225	0.01850	0.01476	0.01473	0.01633	0.01086	0.05053	0.00896	0.01019	0.00682	0.00477	0.00431	0.00143	0.00667	0.00347	0.00237	0.00727
53	0.01372	0.82276	0.02689	0.00878	0.01317	0.02030	0.00878	0.01536	0.01043	0.01207	0.00713	0.00823	0.00658	0.00439	0.00329	0.00110	0.00549	0.00274	0.00219	0.00658
54	0.00891	0.00446	0.00668	0.00668	0.00668	0.00446	0.00446	0.00668	0.00668	0.00891	0.00891	0.01560	0.00891	0.01783	0.02005	0.85071	0.00446	0.00446	0.00223	0.00223
55	0.00944	0.00878	0.01471	0.74962	0.03333	0.01088	0.01357	0.01268	0.01023	0.01311	0.01050	0.07158	0.00879	0.00592	0.00523	0.00174	0.00656	0.00528	0.00246	0.00559
56	0.00956	0.00478	0.00478	0.00478	0.00598	0.00478	0.00359	0.01196	0.01076	0.01913	0.01674	0.01913	0.01315	0.00598	0.00359	0.00120	0.00239	0.00478	0.84816	0.00478
57	0.01172	0.00926	0.01087	0.00783	0.01234	0.00717	0.00629	0.03715	0.01132	0.06743	0.00994	0.01113	0.00797	0.00404	0.00393	0.00084	0.00389	0.00323	0.00332	0.77036
58	0.01276	0.01102	0.01160	0.01044	0.01334	0.01276	0.00812	0.02727	0.77840	0.02146	0.02088	0.01914	0.01566	0.00696	0.00522	0.00174	0.00406	0.00580	0.00522	0.00812
59	0.00956	0.00478	0.00478	0.00478	0.00598	0.00478	0.00359	0.01196	0.01076	0.01913	0.01674	0.01913	0.01315	0.00598	0.00359	0.00120	0.00239	0.00478	0.84816	0.00478
60	0.85592	0.00992	0.00754	0.00675	0.00992	0.01151	0.00556	0.01508	0.00873	0.02302	0.00714	0.00834	0.00556	0.00476	0.00318	0.00159	0.00397	0.00278	0.00318	0.00556
61	0.02302	0.00873	0.01191	0.00913	0.01310	0.00754	0.00754	0.02501	0.01469	0.79122	0.02024	0.01746	0.01270	0.00635	0.00516	0.00159	0.00437	0.00516	0.00635	0.00873
62	0.02292	0.00890	0.01201	0.00921	0.01318	0.00779	0.00761	0.04699	0.01496	0.76884	0.02001	0.01731	0.01258	0.00635	0.00516	0.00159	0.00440	0.00514	0.00631	0.00873
63	0.01227	0.01261	0.02398	0.07912	0.42482	0.01246	0.31026	0.01606	0.02642	0.01648	0.01012	0.01333	0.00805	0.00456	0.00547	0.00162	0.00711	0.00518	0.00260	0.00749
64	0.06356	0.01418	0.01460	0.01146	0.01536	0.04237	0.00939	0.63650	0.09183	0.03017	0.01267	0.01262	0.00912	0.00613	0.00502	0.00155	0.00554	0.00458	0.00495	0.00841
65	0.00745	0.00503	0.00588	0.00588	0.00598	0.00513	0.00347	0.00765	0.00755	0.01016	0.01590	0.03212	0.01802	0.73471	0.11021	0.00533	0.00593	0.00725	0.00307	0.00327
66	0.00746	0.00497	0.00560	0.00560	0.00560	0.00497	0.00311	0.00746	0.00746	0.00995	0.01617	0.03358	0.01865	0.81967	0.02612	0.00497	0.00497	0.00746	0.00311	0.00311
67	0.01097	0.14478	0.47927	0.01482	0.04562	0.01290	0.13270	0.01569	0.01124	0.01594	0.06109	0.01280	0.00958	0.00508	0.00490	0.00156	0.00703	0.00438	0.00248	0.00716
68	0.01901	0.01480	0.01508	0.01168	0.01571	0.07083	0.00957	0.67702	0.02273	0.03010	0.01184	0.01201	0.00852	0.00597	0.00503	0.00148	0.00580	0.00444	0.00485	0.05353
69	0.01270	0.01219	0.02083	0.03149	0.78767	0.01219	0.01575	0.01575	0.01168	0.01676	0.00965	0.01270	0.00813	0.00457	0.00508	0.00152	0.00610	0.00457	0.00254	0.00813
70	0.01849	0.01361	0.01476	0.01159	0.01544	0.01501	0.00962	0.70214	0.02302	0.03081	0.01366	0.01642	0.01060	0.00688	0.00531	0.00161	0.00556	0.07201	0.00510	0.00837
71	0.00719	0.00522	0.00677	0.00643	0.00763	0.00480	0.00480	0.00952	0.01428	0.02010	0.73527	0.06168	0.07552	0.01075	0.00607	0.00163	0.00244	0.00949	0.00559	0.00480
72	0.01036	0.02607	0.76457	0.01489	0.02238	0.01196	0.04700	0.01626	0.01088	0.01626	0.00925	0.01095	0.00655	0.00485	0.00492	0.00163	0.00762	0.00388	0.00218	0.00756
73	0.00615	0.00520	0.00532	0.00529	0.00698	0.00437	0.00397	0.00753	0.01190	0.01435	0.10544	0.04857	0.73181	0.01281	0.00606	0.00172	0.00259	0.01072	0.00483	0.00437
74	0.02302	0.00873	0.01191	0.00913	0.01310	0.00754	0.00754	0.02501	0.01469	0.79122	0.02024	0.01746	0.01270	0.00635	0.00516	0.00159	0.00437	0.00516	0.00635	0.00873
75	0.85592	0.00992	0.00754	0.00675	0.00992	0.01151	0.00556	0.01508	0.00873	0.02302	0.00714	0.00834	0.00556	0.00476	0.00318	0.00159	0.00397	0.00278	0.00318	0.00556
76	0.00746	0.00497	0.00560	0.00560	0.00560	0.00497	0.00311	0.00746	0.00746	0.00995	0.01617	0.03358	0.01865	0.81967	0.02612	0.00497	0.00497	0.00746	0.00311	0.00311
77	0.02302	0.00873	0.01191	0.00913	0.01310	0.00754	0.00754	0.02501	0.01469	0.79122	0.02024	0.01746	0.01270	0.00635	0.00516	0.00159	0.00437	0.00516	0.00635	0.00873
78	0.01229	0.01472	0.09151	0.02069	0.02604	0.01273	0.68583	0.01667	0.01208	0.03927	0.01058	0.01370	0.00783	0.00443	0.00593	0.00172	0.00844	0.00585	0.00267	0.00703
79	0.01917	0.02445	0.01454	0.01322	0.01586	0.79907	0.00991	0.02049	0.01454	0.01256	0.00793	0.00925	0.00661	0.00529	0.00463	0.00132	0.00925	0.00330	0.00264	0.00595
80	0.01211	0.01384	0.03028	0.02163	0.02682	0.01298	0.76903	0.01644	0.01211	0.01644	0.01038	0.01384	0.00779	0.00433	0.00606	0.00173	0.00865	0.00606	0.00260	0.00692
81	0.01233	0.01417	0.02979	0.02137	0.02648	0.03730	0.74554	0.01656	0.01219	0.01632	0.01030	0.01370	0.00775	0.00436	0.00601	0.00172	0.00867	0.00597	0.00260	0.00689
82	0.00742	0.00515	0.00648	0.00648	0.00679	0.00546	0.00421	0.00803	0.00772	0.01060	0.01536	0.02910	0.01671	0.55878	0.28435	0.00607	0.00790	0.00681	0.00299	0.00360
83	0.85592	0.00992	0.00754	0.00675	0.00992	0.01151	0.00556	0.01508	0.00873	0.02302	0.00714	0.00834	0.00556	0.00476	0.00318	0.00159	0.00397	0.00278	0.00318	0.00556
84	0.00629	0.00448	0.00594	0.00709	0.00738	0.00419	0.00471	0.00715	0.00975	0.01300	0.02788	0.79071	0.03344	0.04238	0.00719	0.00218	0.00304	0.01435	0.00471	0.00413
85	0.85592	0.00992	0.00754	0.00675	0.00992	0.01151	0.00556	0.01508	0.00873	0.02302	0.00714	0.00834	0.00556	0.00476	0.00318	0.00159	0.00397	0.00278	0.00318	0.00556
86	0.79465	0.00984	0.00786	0.00692	0.01016	0.01122	0.00570	0.01581	0.00917	0.07953	0.00811	0.00901	0.00608	0.00488	0.00332	0.00159	0.00400	0.00295	0.00341	0.00579
87	0.01917	0.02445	0.01454	0.01322	0.01586	0.79907	0.00991	0.02049	0.01454	0.01256	0.00793	0.00925	0.00661	0.00529	0.00463	0.00132	0.00925	0.00330	0.00264	0.00595
88	0.01750	0.01180	0.01345	0.01088	0.01451	0.01276	0.02450	0.29924	0.31595	0.19638	0.01738	0.01616	0.01230	0.00648	0.00519	0.00163	0.00481	0.00523	0.00538	0.00845
89	0.00625	0.00447	0.00595	0.00714	0.00744	0.00417	0.00476	0.00714	0.00982	0.01310	0.02828	0.81633	0.03394	0.01608	0.00655	0.00208	0.00298	0.01459	0.00476	0.00417
90	0.01276	0.01102	0.01160	0.01044	0.01334	0.01276	0.00812	0.02727	0.77840	0.02146	0.02088	0.01914	0.01566	0.00696	0.00522	0.00174	0.00406	0.00580	0.00522	0.00812
91	0.10602	0.01448	0.05755	0.01139	0.01559	0.01508	0.00978	0.63644	0.02161	0.04456	0.01176	0.01192	0.00835	0.00595	0.00492	0.00155	0.00556	0.00439	0.00479	0.00833
92	0.82452	0.04023	0.00826	0.00682	0.01004	0.01184	0.00568	0.01509	0.00880	0.02261	0.00714	0.00833	0.00560	0.00475	0.00318	0.00157	0.00403	0.00278	0.00314	0.00560
93	0.01211	0.01384	0.03028	0.02163	0.02682	0.01298	0.76903	0.01644	0.01211	0.01644	0.01038	0.01384	0.00779	0.00433	0.00606	0.00173	0.00865	0.00606	0.00260	0.00692
94	0.01270	0.01219	0.02083	0.03149	0.78767	0.01219	0.01575	0.01575	0.01168	0.01676	0.00965	0.01270	0.00813	0.00457	0.00508	0.00152	0.00610	0.00457	0.00254	0.00813
95	0.06031	0.00994	0.01185	0.00962	0.01319	0.01003	0.00778	0.10582	0.22848	0.43811	0.01910	0.03538	0.01324	0.00665	0.00511	0.00164	0.00437	0.00538	0.00571	0.00830
96	0.04956	0.00514	0.00625	0.00677	0.00770	0.00480	0.00475	0.00862	0.01082	0.04572	0.12575	0.50603	0.15621	0.02882	0.00655	0.00198	0.00299	0.01220	0.00483	0.00451
97	0.00625	0.00448	0.00594	0.00710	0.00743	0.00417	0.00474	0.00715	0.00987	0.01312	0.02881	0.79926	0.05067	0.01601	0.00654	0.00208	0.00297	0.01450	0.00476	0.00417
98	0.00606	0.00520	0.00520	0.00520	0.00693	0.00433	0.00390	0.00736	0.01170	0.01386	0.05198	0.04938	0.78558	0.01299	0.00606	0.00173	0.00260	0.01083	0.00476	0.00433
99	0.00735	0.00543	0.00792	0.00792	0.00873	0.00624	0.00601	0.00895	0.00815	0.01167	0.01404	0.02180	0.01354	0.13427	0.70453	0.00785	0.01267	0.00574	0.00279	0.00440
100	0.85592	0.00992	0.00754	0.00675	0.00992	0.01151	0.00556	0.01508	0.00873	0.02302	0.00714	0.00834	0.00556	0.00476	0.00318	0.00159	0.00397	0.00278	0.00318	0.00556
101	0.22619	0.01271	0.01288	0.01031	0.01403	0.01422	0.00845	0.46982	0.11771	0.04606	0.01233	0.01233	0.00893	0.00592	0.00466	0.00158	0.00500	0.00433	0.00469	0.00786
102	0.00632	0.00449	0.00593	0.00706	0.00734	0.00421	0.00467	0.00716	0.00969	0.01292	0.02761	0.77301	0.03309	0.06054	0.00763	0.00224	0.00309	0.01419	0.00467	0.00411
103	0.02712	0.00496	0.00623	0.00684	0.00733	0.00474	0.00450	0.00840	0.00945	0.05556	0.02417	0.54802	0.02810	0.22619	0.01153	0.00280	0.00360	0.01192	0.00438	0.00417
104	0.00714	0.00481	0.00606	0.00661	0.00698	0.00458	0.00428	0.00790	0.00959	0.03063	0.09493	0.46328	0.02969	0.28410	0.01302	0.00300	0.00362	0.01149	0.00433	0.00398
105	0.27617	0.00681	0.00668	0.00622	0.00752	0.00723	0.00421	0.01116	0.00840	0.07193	0.01362	0.02442	0.01408	0.50247	0.01733	0.00366	0.00461	0.00581	0.00337	0.00430
106	0.00746	0.00497	0.00560	0.00560	0.00560	0.00497	0.00311	0.00746	0.00746	0.00995	0.01617	0.03358	0.01865	0.81967	0.02612	0.00497	0.00497	0.00746	0.00311	0.00311
107	0.04336	0.00654	0.00832	0.00761	0.00955	0.00617	0.00588	0.01456	0.05552	0.22135	0.31365	0.16760	0.03088	0.01001	0.00572	0.00172	0.00330	0.04779	0.03454	0.00594
108	0.00654	0.00465	0.00581	0.00662	0.00694	0.00438	0.00429	0.00724	0.00936	0.01236	0.02694	0.56447	0.08406	0.21788	0.01143	0.00279	0.00345	0.01253	0.00435	0.00391
109	0.00746	0.00497	0.00560	0.00560	0.00560	0.00497	0.00311	0.00746	0.00746	0.00995	0.01617	0.03358	0.01865	0.81967	0.02612	0.00497	0.00497	0.00746	0.00311	0.00311
110	0.00624	0.00451	0.00591	0.00702	0.00741	0.00418	0.00471	0.00716	0.00994	0.01315	0.02980	0.76706	0.08222	0.01588	0.00652	0.00206	0.00295	0.01435	0.00476	0.00418
111	0.04830	0.01391	0.01494	0.01148	0.01555	0.01530	0.00949	0.70347	0.02308	0.07401	0.01258	0.01247	0.00884	0.00612	0.00507	0.00154	0.00552	0.00459	0.00513	0.00862
112	0.81013	0.00987	0.00785	0.02301	0.01055	0.01137	0.00580	0.01538	0.00897	0.04928	0.00764	0.00876	0.00583	0.00483	0.00328	0.00159	0.00404	0.00290	0.00327	0.00567
113	0.00775	0.00580	0.00849	0.00837	0.00940	0.00674	0.00653	0.03539	0.00879	0.01261	0.01369	0.01989	0.01269	0.03737	0.77198	0.00802	0.01346	0.00547	0.00283	0.00472
114	0.00739	0.00492	0.00565	0.00576	0.00579	0.00489	0.00329	0.00742	0.00766	0.01021	0.01709	0.10346	0.01981	0.72968	0.02422	0.02354	0.00478	0.00803	0.00324	0.00318
115	0.00626	0.00460	0.00582	0.00677	0.00729	0.00422	0.00456	0.00719	0.01005	0.01311	0.03174	0.66376	0.15650	0.04325	0.00714	0.00213	0.00298	0.01373	0.00471	0.00416
116	0.01188	0.01341	0.02899	0.02081	0.02581	0.01253	0.72517	0.01604	0.01200	0.01633	0.01097	0.04141	0.00868	0.00472	0.00602	0.00172	0.00834	0.00628	0.00268	0.02622

[dist]
# distance from previous block
# <min> <max>
0	45

# created by:
# /st0/software/busco_prod/Augustus/scripts/msa2prfl.pl ./align_prep/195796.fa
