[name]
unknown

[dist]
# distance from previous block
# <min> <max>
31	138

[block]
# block no. 0 follows, 46 sequences, length 17
# corresponding to MSA columns:
# 177-193
name=unknown_A
#
# <colnr> <probs for GDERKNQSTAVLIFYWHMCP>
#	G	D	E	R	K	N	Q	S	T	A	V	L	I	F	Y	W	H	M	C	P
0	0.14053	0.01179	0.01828	0.06390	0.16050	0.02843	0.21067	0.09305	0.03194	0.07670	0.01295	0.08562	0.01102	0.02423	0.00583	0.00179	0.00622	0.00589	0.00358	0.00707
1	0.01327	0.01127	0.04401	0.01103	0.04207	0.01067	0.03896	0.20556	0.05907	0.04003	0.06461	0.01668	0.01273	0.07747	0.03325	0.00195	0.04990	0.00499	0.00396	0.25854
2	0.03338	0.03703	0.01245	0.06190	0.01462	0.03853	0.00851	0.04743	0.39271	0.11960	0.06091	0.05273	0.01642	0.00747	0.00578	0.00174	0.03445	0.01955	0.00491	0.02988
3	0.01188	0.00989	0.01474	0.45736	0.02670	0.01100	0.03165	0.06853	0.04378	0.06385	0.03592	0.01469	0.00950	0.00553	0.00541	0.00158	0.02582	0.00472	0.00320	0.15426
4	0.00897	0.00658	0.00778	0.00734	0.00919	0.00596	0.00534	0.03010	0.05940	0.05224	0.06470	0.31543	0.16652	0.07635	0.00755	0.00199	0.00349	0.01000	0.00461	0.15646
5	0.01157	0.01113	0.01624	0.25763	0.04281	0.05509	0.10080	0.04551	0.01109	0.01524	0.01215	0.01563	0.05095	0.00693	0.00881	0.00184	0.24083	0.00518	0.08452	0.00604
6	0.01086	0.00614	0.00660	0.05008	0.00884	0.00642	0.00493	0.08548	0.01240	0.02069	0.01636	0.01871	0.01274	0.00613	0.00394	0.00130	0.00305	0.00490	0.71505	0.00538
7	0.01454	0.01498	0.02049	0.01603	0.01901	0.14093	0.25485	0.14944	0.01365	0.01779	0.00969	0.01270	0.00790	0.00784	0.04241	0.00212	0.24074	0.00502	0.00305	0.00680
8	0.01308	0.01256	0.02146	0.03245	0.78123	0.01256	0.01622	0.01622	0.01204	0.01727	0.00994	0.01308	0.00837	0.00471	0.00523	0.00157	0.00628	0.00471	0.00262	0.00837
9	0.00852	0.00608	0.00852	0.00974	0.01095	0.00608	0.00852	0.01095	0.01217	0.01582	0.02799	0.05963	0.03042	0.01460	0.00730	0.00243	0.00487	0.74565	0.00487	0.00487
10	0.00759	0.00550	0.00767	0.00767	0.00832	0.00616	0.00557	0.00891	0.00825	0.01166	0.01492	0.02497	0.01504	0.27520	0.56021	0.00747	0.01141	0.00628	0.00294	0.00426
11	0.00748	0.00540	0.00707	0.00665	0.00790	0.00499	0.00499	0.00998	0.01496	0.02120	0.77844	0.03949	0.04988	0.01081	0.00624	0.00166	0.00249	0.00956	0.00582	0.00499
12	0.01149	0.00938	0.01102	0.00790	0.01257	0.00708	0.00633	0.01383	0.01114	0.04908	0.00987	0.01125	0.00805	0.00402	0.00397	0.00082	0.00394	0.00322	0.00327	0.81177
13	0.85155	0.01022	0.00777	0.00695	0.01022	0.01186	0.00573	0.01554	0.00900	0.02372	0.00736	0.00859	0.00573	0.00491	0.00327	0.00164	0.00409	0.00286	0.00327	0.00573
14	0.00768	0.00516	0.00592	0.00592	0.00597	0.00521	0.00339	0.00779	0.00773	0.01036	0.01652	0.03382	0.01888	0.77096	0.06970	0.00531	0.00563	0.00757	0.00318	0.00329
15	0.85155	0.01022	0.00777	0.00695	0.01022	0.01186	0.00573	0.01554	0.00900	0.02372	0.00736	0.00859	0.00573	0.00491	0.00327	0.00164	0.00409	0.00286	0.00327	0.00573
16	0.04232	0.02422	0.63670	0.01426	0.02099	0.01257	0.01745	0.01762	0.08746	0.01732	0.01048	0.01195	0.00762	0.00547	0.00568	0.00172	0.05180	0.00412	0.00259	0.00768

[dist]
# distance from previous block
# <min> <max>
0	1

[block]
# block no. 1 follows, 46 sequences, length 48
# corresponding to MSA columns:
# 195-242
name=unknown_B
#
# <colnr> <probs for GDERKNQSTAVLIFYWHMCP>
#	G	D	E	R	K	N	Q	S	T	A	V	L	I	F	Y	W	H	M	C	P
0	0.02010	0.01481	0.01587	0.01216	0.01639	0.01639	0.01005	0.76360	0.02486	0.03332	0.01269	0.01269	0.00899	0.00635	0.00529	0.00159	0.00582	0.00476	0.00529	0.00899
1	0.01096	0.00940	0.01096	0.00783	0.01253	0.00705	0.00626	0.01331	0.01096	0.01723	0.00940	0.01096	0.00783	0.00392	0.00392	0.00078	0.00392	0.00313	0.00313	0.84653
2	0.01060	0.02735	0.78682	0.01507	0.02288	0.01228	0.01953	0.01674	0.01116	0.01674	0.00949	0.01116	0.00670	0.00502	0.00502	0.00167	0.00781	0.00391	0.00223	0.00781
3	0.02023	0.01046	0.01443	0.10128	0.11385	0.01026	0.00999	0.14603	0.01585	0.47628	0.01683	0.01605	0.01113	0.00614	0.00530	0.00163	0.00523	0.00508	0.00537	0.00857
4	0.01308	0.01247	0.02066	0.02980	0.67734	0.01265	0.03427	0.01755	0.09596	0.01780	0.01124	0.01385	0.00922	0.00498	0.00528	0.00160	0.00612	0.00489	0.00292	0.00834
5	0.05399	0.00904	0.01210	0.00932	0.01338	0.00792	0.00770	0.02539	0.01491	0.75706	0.02036	0.01765	0.01282	0.00648	0.00524	0.00164	0.00448	0.00523	0.00642	0.00888
6	0.02363	0.00914	0.01236	0.00948	0.01357	0.00799	0.00783	0.04433	0.01538	0.76598	0.02065	0.01786	0.01298	0.00654	0.00532	0.00163	0.00453	0.00530	0.00651	0.00900
7	0.04459	0.01231	0.01712	0.08410	0.36910	0.08948	0.05724	0.03269	0.03137	0.06460	0.01675	0.01915	0.10833	0.00639	0.00537	0.00164	0.00607	0.02311	0.00335	0.00724
8	0.01669	0.01845	0.01520	0.01361	0.03201	0.40965	0.01050	0.07042	0.01326	0.04548	0.00995	0.01205	0.02974	0.00703	0.00904	0.00172	0.27164	0.00424	0.00298	0.00633
9	0.00654	0.00469	0.00624	0.00744	0.00783	0.00439	0.00508	0.00755	0.01027	0.01363	0.02959	0.75589	0.05022	0.01639	0.00677	0.00215	0.00315	0.05293	0.00491	0.00433
10	0.01162	0.01196	0.01924	0.01556	0.01676	0.01521	0.17882	0.01350	0.00913	0.01369	0.00843	0.03569	0.00801	0.00840	0.01456	0.00219	0.60342	0.00529	0.00247	0.00604
11	0.03155	0.16681	0.01807	0.01348	0.04196	0.40345	0.02807	0.06088	0.01323	0.01441	0.00816	0.01011	0.00702	0.00598	0.00690	0.00153	0.15553	0.00370	0.00271	0.00644
12	0.00764	0.00511	0.00578	0.00582	0.00584	0.00509	0.00327	0.00768	0.00778	0.01037	0.01711	0.06301	0.01980	0.78500	0.02617	0.00502	0.00505	0.00796	0.00327	0.00324
13	0.00769	0.00513	0.00577	0.00577	0.00577	0.00513	0.00320	0.00769	0.00769	0.01025	0.01666	0.03460	0.01922	0.81421	0.02691	0.00513	0.00513	0.00769	0.00320	0.00320
14	0.01554	0.01637	0.01305	0.01180	0.01469	0.29570	0.00904	0.02556	0.49751	0.01879	0.01668	0.01603	0.01276	0.00655	0.00516	0.00164	0.00612	0.00504	0.00442	0.00756
15	0.00771	0.00580	0.00843	0.00835	0.00915	0.00676	0.00637	0.00934	0.00839	0.01204	0.01421	0.02211	0.01372	0.13163	0.67442	0.00788	0.04038	0.00587	0.00286	0.00457
16	0.00730	0.00557	0.00636	0.00620	0.00778	0.00495	0.00463	0.00941	0.03390	0.03485	0.30871	0.09882	0.42772	0.01236	0.00623	0.00176	0.00272	0.01058	0.00528	0.00485
17	0.02372	0.00900	0.01227	0.00941	0.01350	0.00777	0.00777	0.02576	0.01513	0.78489	0.02086	0.01799	0.01309	0.00654	0.00532	0.00164	0.00450	0.00532	0.00654	0.00900
18	0.00748	0.00540	0.00707	0.00665	0.00790	0.00499	0.00499	0.00998	0.01496	0.02120	0.77844	0.03949	0.04988	0.01081	0.00624	0.00166	0.00249	0.00956	0.00582	0.00499
19	0.01168	0.01098	0.01824	0.41819	0.36739	0.01225	0.01508	0.03173	0.03366	0.01587	0.01007	0.01378	0.00795	0.00511	0.00527	0.00167	0.00659	0.00474	0.00262	0.00713
20	0.00642	0.00536	0.00559	0.00554	0.00725	0.00454	0.00415	0.00792	0.01246	0.01525	0.15479	0.04929	0.67725	0.01303	0.00625	0.00177	0.00265	0.01093	0.00504	0.00454
21	0.00744	0.00540	0.00700	0.00660	0.00787	0.00497	0.00495	0.00989	0.01486	0.02095	0.75194	0.03991	0.07654	0.01090	0.00624	0.00167	0.00250	0.00962	0.00579	0.00497
22	0.03926	0.00974	0.01107	0.00970	0.01228	0.03819	0.00754	0.14995	0.13056	0.22305	0.02076	0.26048	0.01892	0.00969	0.00607	0.00182	0.03035	0.00815	0.00527	0.00715
23	0.02276	0.00981	0.01269	0.00981	0.01386	0.00908	0.00807	0.11497	0.05359	0.65655	0.01990	0.01744	0.01274	0.00655	0.00532	0.00164	0.00464	0.00528	0.00633	0.00897
24	0.01248	0.01426	0.03119	0.02228	0.02763	0.01337	0.76203	0.01693	0.01248	0.01693	0.01070	0.01426	0.00802	0.00446	0.00624	0.00178	0.00891	0.00624	0.00267	0.00713
25	0.00644	0.00460	0.00613	0.00736	0.00767	0.00429	0.00491	0.00736	0.01012	0.01350	0.02914	0.81076	0.03497	0.01656	0.00675	0.00215	0.00307	0.01503	0.00491	0.00429
26	0.01128	0.02265	0.51559	0.01766	0.02459	0.01267	0.28605	0.01681	0.01163	0.01681	0.00992	0.01227	0.00717	0.00482	0.00546	0.00171	0.00821	0.00474	0.00239	0.00757
27	0.03972	0.04697	0.01615	0.01191	0.01613	0.01647	0.00990	0.71566	0.02391	0.03225	0.01235	0.01242	0.00882	0.00624	0.00516	0.00157	0.00577	0.00464	0.00512	0.00882
28	0.00755	0.00566	0.00850	0.00850	0.00944	0.00661	0.00661	0.00944	0.00850	0.01227	0.01416	0.02077	0.01322	0.03965	0.79326	0.00850	0.01416	0.00566	0.00283	0.00472
29	0.01975	0.02520	0.01498	0.01362	0.01634	0.79299	0.01021	0.02111	0.01498	0.01294	0.00817	0.00953	0.00681	0.00545	0.00477	0.00136	0.00953	0.00340	0.00272	0.00613
30	0.01103	0.01031	0.03777	0.19345	0.04944	0.00916	0.00926	0.01511	0.08951	0.01685	0.01067	0.01269	0.00849	0.00464	0.00447	0.00117	0.00489	0.00388	0.00313	0.50405
31	0.01060	0.02735	0.78682	0.01507	0.02288	0.01228	0.01953	0.01674	0.01116	0.01674	0.00949	0.01116	0.00670	0.00502	0.00502	0.00167	0.00781	0.00391	0.00223	0.00781
32	0.02372	0.00900	0.01227	0.00941	0.01350	0.00777	0.00777	0.02576	0.01513	0.78489	0.02086	0.01799	0.01309	0.00654	0.00532	0.00164	0.00450	0.00532	0.00654	0.00900
33	0.00791	0.00619	0.00918	0.00897	0.00983	0.00746	0.00705	0.00973	0.00846	0.01231	0.01352	0.01995	0.01266	0.03695	0.72441	0.00795	0.08430	0.00557	0.00279	0.00481
34	0.06583	0.04320	0.28306	0.01489	0.14594	0.01044	0.03018	0.02707	0.01186	0.06031	0.10197	0.04421	0.01554	0.04998	0.02589	0.00204	0.00611	0.05121	0.00340	0.00687
35	0.01093	0.10030	0.71672	0.01451	0.02202	0.01308	0.01856	0.01666	0.01112	0.01634	0.00929	0.01091	0.00670	0.00498	0.00487	0.00162	0.00761	0.00381	0.00223	0.00772
36	0.00655	0.00468	0.00626	0.00748	0.00784	0.00439	0.00510	0.00755	0.01023	0.01362	0.02908	0.77171	0.03473	0.01646	0.00678	0.00216	0.00316	0.05301	0.00491	0.00432
37	0.00967	0.00794	0.01168	0.16147	0.11289	0.00849	0.01038	0.01345	0.07796	0.01624	0.04679	0.04079	0.04648	0.01079	0.00643	0.00210	0.00525	0.40122	0.00419	0.00579
38	0.02803	0.06427	0.73501	0.01462	0.02218	0.01268	0.01875	0.01667	0.01110	0.01668	0.00934	0.01098	0.00668	0.00500	0.00491	0.00165	0.00763	0.00383	0.00225	0.00772
39	0.00769	0.00513	0.00577	0.00577	0.00577	0.00513	0.00320	0.00769	0.00769	0.01025	0.01666	0.03460	0.01922	0.81421	0.02691	0.00513	0.00513	0.00769	0.00320	0.00320
40	0.00694	0.00514	0.00653	0.00719	0.00800	0.00481	0.00511	0.00873	0.03388	0.01556	0.18714	0.49564	0.12779	0.01460	0.00657	0.00201	0.00303	0.05160	0.00511	0.00461
41	0.10029	0.24771	0.13076	0.01134	0.01590	0.10670	0.01073	0.27902	0.01607	0.02158	0.00963	0.01048	0.00744	0.00538	0.00444	0.00145	0.00632	0.00373	0.00347	0.00753
42	0.01124	0.01042	0.01624	0.50343	0.15751	0.01238	0.01377	0.02981	0.12454	0.01575	0.01125	0.01462	0.00866	0.00567	0.00584	0.00176	0.04261	0.00489	0.00290	0.00672
43	0.01531	0.01760	0.01539	0.01357	0.01522	0.36896	0.02961	0.01776	0.07044	0.01378	0.00957	0.01327	0.00856	0.00745	0.01001	0.00183	0.32866	0.03401	0.00285	0.00614
44	0.01869	0.01397	0.01511	0.01149	0.01580	0.01495	0.00946	0.64778	0.02271	0.03083	0.01218	0.01243	0.00881	0.00597	0.00508	0.00146	0.00552	0.00451	0.00496	0.13828
45	0.00666	0.00477	0.00635	0.00734	0.00781	0.00446	0.00504	0.00786	0.01089	0.01469	0.13727	0.67347	0.03696	0.01566	0.00669	0.00209	0.00305	0.03948	0.00504	0.00441
46	0.01967	0.04470	0.01552	0.01318	0.01628	0.60282	0.01015	0.18250	0.01701	0.01736	0.00913	0.01019	0.00728	0.00562	0.00484	0.00140	0.00862	0.00368	0.00327	0.00677
47	0.01413	0.81739	0.02770	0.00905	0.01357	0.02092	0.00905	0.01583	0.01074	0.01244	0.00735	0.00848	0.00678	0.00452	0.00339	0.00113	0.00565	0.00283	0.00226	0.00678

[dist]
# distance from previous block
# <min> <max>
0	1

[block]
# block no. 2 follows, 46 sequences, length 18
# corresponding to MSA columns:
# 244-261
name=unknown_C
#
# <colnr> <probs for GDERKNQSTAVLIFYWHMCP>
#	G	D	E	R	K	N	Q	S	T	A	V	L	I	F	Y	W	H	M	C	P
0	0.66822	0.00995	0.00877	0.00750	0.01095	0.01095	0.00618	0.01780	0.01036	0.19229	0.01035	0.01067	0.00736	0.00527	0.00372	0.00164	0.00418	0.00341	0.00400	0.00645
1	0.01369	0.71697	0.12419	0.00981	0.01475	0.01982	0.01038	0.01595	0.01080	0.01298	0.00762	0.00882	0.00677	0.00459	0.00360	0.00120	0.00593	0.00296	0.00226	0.00692
2	0.01262	0.01289	0.04260	0.02304	0.42543	0.07069	0.07272	0.03585	0.07904	0.01727	0.01610	0.05221	0.07602	0.00661	0.00551	0.00167	0.00610	0.03284	0.00330	0.00747
3	0.00769	0.00513	0.00577	0.00577	0.00577	0.00513	0.00320	0.00769	0.00769	0.01025	0.01666	0.03460	0.01922	0.81421	0.02691	0.00513	0.00513	0.00769	0.00320	0.00320
4	0.00943	0.00497	0.00514	0.00514	0.00637	0.00489	0.00384	0.01180	0.01140	0.01942	0.07689	0.04332	0.05044	0.00710	0.00408	0.00131	0.00249	0.00582	0.72124	0.00489
5	0.04047	0.01085	0.04916	0.04569	0.15025	0.00960	0.01016	0.06764	0.01466	0.51994	0.01714	0.01611	0.01130	0.00605	0.00524	0.00163	0.00513	0.00503	0.00533	0.00863
6	0.01618	0.21187	0.01893	0.07982	0.16619	0.11338	0.01096	0.11438	0.08618	0.11497	0.01187	0.01279	0.00909	0.00548	0.00476	0.00148	0.00612	0.00428	0.00362	0.00765
7	0.00665	0.00475	0.00638	0.00761	0.00801	0.00448	0.00528	0.00773	0.01033	0.01373	0.02902	0.73355	0.03450	0.01636	0.00680	0.00218	0.00325	0.09013	0.00490	0.00435
8	0.00785	0.00574	0.00751	0.00841	0.00954	0.00555	0.00695	0.00975	0.01159	0.01487	0.03168	0.12743	0.16189	0.08016	0.00867	0.00251	0.00433	0.48622	0.00474	0.00461
9	0.00998	0.00940	0.01586	0.80150	0.03641	0.01175	0.01468	0.01351	0.01057	0.01351	0.00940	0.01409	0.00705	0.00529	0.00529	0.00176	0.00705	0.00470	0.00235	0.00587
10	0.01069	0.02476	0.66099	0.08551	0.02444	0.01231	0.07542	0.01647	0.01121	0.01647	0.00957	0.01166	0.00683	0.00500	0.00514	0.00169	0.00783	0.00415	0.00228	0.00759
11	0.02010	0.01481	0.01587	0.01216	0.01639	0.01639	0.01005	0.76360	0.02486	0.03332	0.01269	0.01269	0.00899	0.00635	0.00529	0.00159	0.00582	0.00476	0.00529	0.00899
12	0.01572	0.01211	0.01337	0.01007	0.01431	0.01198	0.00816	0.41591	0.01828	0.02556	0.01148	0.01293	0.00895	0.04075	0.00566	0.00140	0.00499	0.00421	0.00429	0.35986
13	0.01032	0.00964	0.01573	0.71823	0.05725	0.01188	0.01425	0.01470	0.06835	0.01427	0.01033	0.01449	0.00778	0.00541	0.00529	0.00176	0.00681	0.00480	0.00259	0.00614
14	0.01091	0.01068	0.01491	0.01305	0.01309	0.01468	0.01072	0.01204	0.00835	0.01282	0.00976	0.11315	0.01050	0.01018	0.01600	0.00229	0.70267	0.00595	0.00264	0.00559
15	0.01270	0.01238	0.02092	0.05063	0.60013	0.03193	0.08678	0.01587	0.01213	0.01689	0.01156	0.01727	0.01022	0.00560	0.00550	0.00167	0.00651	0.07067	0.00282	0.00782
16	0.23414	0.03929	0.01356	0.01099	0.01442	0.21799	0.04369	0.13805	0.10422	0.10019	0.01259	0.01291	0.02446	0.00586	0.00465	0.00157	0.00609	0.00426	0.00401	0.00707
17	0.00644	0.00460	0.00613	0.00736	0.00767	0.00429	0.00491	0.00736	0.01012	0.01350	0.02914	0.81076	0.03497	0.01656	0.00675	0.00215	0.00307	0.01503	0.00491	0.00429

[dist]
# distance from previous block
# <min> <max>
1	38

[block]
# block no. 3 follows, 46 sequences, length 47
# corresponding to MSA columns:
# 300-346
name=unknown_D
#
# <colnr> <probs for GDERKNQSTAVLIFYWHMCP>
#	G	D	E	R	K	N	Q	S	T	A	V	L	I	F	Y	W	H	M	C	P
0	0.00704	0.00504	0.00688	0.00803	0.00861	0.00488	0.00593	0.00840	0.01055	0.01402	0.02798	0.57368	0.03256	0.01739	0.05210	0.00259	0.00416	0.20092	0.00478	0.00446
1	0.00977	0.00916	0.01525	0.75574	0.03473	0.01133	0.01407	0.01317	0.01066	0.01355	0.01193	0.01621	0.05143	0.00575	0.00534	0.00176	0.00680	0.00507	0.00250	0.00579
2	0.00633	0.00534	0.00538	0.00538	0.00706	0.00450	0.00397	0.00759	0.01180	0.01405	0.05143	0.04994	0.73541	0.05942	0.00744	0.00198	0.00282	0.01096	0.00481	0.00439
3	0.00678	0.00485	0.00653	0.00775	0.00821	0.00459	0.00550	0.00795	0.01046	0.01388	0.02895	0.68660	0.03421	0.01624	0.00684	0.00219	0.00336	0.13580	0.00490	0.00439
4	0.01075	0.02650	0.74282	0.01607	0.06647	0.01229	0.01934	0.01671	0.01121	0.01677	0.00951	0.01127	0.00679	0.00500	0.00503	0.00167	0.00772	0.00395	0.00225	0.00785
5	0.00748	0.00540	0.00707	0.00665	0.00790	0.00499	0.00499	0.00998	0.01496	0.02120	0.77844	0.03949	0.04988	0.01081	0.00624	0.00166	0.00249	0.00956	0.00582	0.00499
6	0.00998	0.00940	0.01586	0.80150	0.03641	0.01175	0.01468	0.01351	0.01057	0.01351	0.00940	0.01409	0.00705	0.00529	0.00529	0.00176	0.00705	0.00470	0.00235	0.00587
7	0.02010	0.01481	0.01587	0.01216	0.01639	0.01639	0.01005	0.76360	0.02486	0.03332	0.01269	0.01269	0.00899	0.00635	0.00529	0.00159	0.00582	0.00476	0.00529	0.00899
8	0.04411	0.00919	0.01226	0.00942	0.01350	0.00812	0.00778	0.04666	0.01526	0.74450	0.02029	0.01761	0.01279	0.00650	0.00526	0.00163	0.00453	0.00524	0.00643	0.00892
9	0.00755	0.00566	0.00850	0.00850	0.00944	0.00661	0.00661	0.00944	0.00850	0.01227	0.01416	0.02077	0.01322	0.03965	0.79326	0.00850	0.01416	0.00566	0.00283	0.00472
10	0.01092	0.00600	0.00660	0.00622	0.00788	0.00595	0.00486	0.04923	0.02733	0.06280	0.07717	0.02371	0.01735	0.00717	0.00438	0.00140	0.00300	0.06297	0.58850	0.02657
11	0.01342	0.01335	0.02160	0.03088	0.69994	0.05609	0.05416	0.01653	0.01222	0.01701	0.00988	0.01295	0.00827	0.00474	0.00526	0.00157	0.00660	0.00472	0.00263	0.00818
12	0.01564	0.06383	0.09518	0.09919	0.10518	0.34106	0.07349	0.06023	0.02923	0.01549	0.00926	0.01139	0.00742	0.00545	0.00560	0.00155	0.04710	0.00413	0.00277	0.00683
13	0.01429	0.79557	0.02735	0.00917	0.01364	0.04218	0.00908	0.01598	0.01086	0.01245	0.00737	0.00851	0.00678	0.00455	0.00343	0.00114	0.00576	0.00284	0.00227	0.00677
14	0.00769	0.00513	0.00577	0.00577	0.00577	0.00513	0.00320	0.00769	0.00769	0.01025	0.01666	0.03460	0.01922	0.81421	0.02691	0.00513	0.00513	0.00769	0.00320	0.00320
15	0.01060	0.02735	0.78682	0.01507	0.02288	0.01228	0.01953	0.01674	0.01116	0.01674	0.00949	0.01116	0.00670	0.00502	0.00502	0.00167	0.00781	0.00391	0.00223	0.00781
16	0.00918	0.00459	0.00689	0.00689	0.00689	0.00459	0.00459	0.00689	0.00689	0.00918	0.00918	0.01607	0.00918	0.01837	0.02066	0.84619	0.00459	0.00459	0.00230	0.00230
17	0.01392	0.76910	0.07410	0.00941	0.01414	0.02039	0.00969	0.01589	0.01077	0.01270	0.00748	0.00864	0.00678	0.00455	0.00349	0.00116	0.00579	0.00289	0.00226	0.00685
18	0.01975	0.02520	0.01498	0.01362	0.01634	0.79299	0.01021	0.02111	0.01498	0.01294	0.00817	0.00953	0.00681	0.00545	0.00477	0.00136	0.00953	0.00340	0.00272	0.00613
19	0.00652	0.00466	0.00622	0.00745	0.00779	0.00436	0.00504	0.00750	0.01020	0.01358	0.02909	0.78261	0.03479	0.01649	0.00677	0.00216	0.00313	0.04241	0.00491	0.00432
20	0.01281	0.01317	0.04224	0.02943	0.58799	0.01260	0.17441	0.01629	0.01211	0.01716	0.01043	0.01417	0.00867	0.00485	0.00548	0.00163	0.00685	0.01901	0.00266	0.00803
21	0.01179	0.01138	0.04091	0.55006	0.15562	0.02842	0.01450	0.09450	0.01245	0.01633	0.00982	0.01359	0.00746	0.00530	0.00526	0.00170	0.00686	0.00466	0.00271	0.00668
22	0.00646	0.00464	0.00614	0.00729	0.00766	0.00432	0.00489	0.00743	0.01029	0.01370	0.04796	0.77282	0.05414	0.01634	0.00672	0.00213	0.00304	0.01480	0.00493	0.00432
23	0.02286	0.01037	0.01312	0.01006	0.01418	0.00981	0.00831	0.20041	0.01743	0.60700	0.01892	0.01674	0.01212	0.00650	0.00531	0.00162	0.00481	0.00518	0.00625	0.00900
24	0.01156	0.02107	0.00988	0.00885	0.02888	0.02516	0.00624	0.21729	0.01350	0.01793	0.04992	0.07601	0.04741	0.37626	0.02871	0.00338	0.02341	0.02514	0.00404	0.00536
25	0.01300	0.01299	0.04104	0.03165	0.73529	0.01258	0.04291	0.01626	0.01203	0.01725	0.00996	0.01308	0.00832	0.00471	0.00526	0.00158	0.00641	0.00474	0.00261	0.00832
26	0.00998	0.00856	0.01051	0.01079	0.01245	0.07950	0.05056	0.01307	0.05399	0.01590	0.02487	0.06962	0.02633	0.01284	0.00689	0.00226	0.00544	0.57659	0.00458	0.00529
27	0.00843	0.00559	0.00737	0.00694	0.00830	0.00515	0.00524	0.01081	0.01463	0.06679	0.67158	0.08169	0.04633	0.01097	0.00624	0.00171	0.00271	0.02855	0.00579	0.00519
28	0.07181	0.55375	0.10578	0.00995	0.01452	0.04919	0.00995	0.03271	0.08184	0.01503	0.00904	0.00995	0.00762	0.00492	0.00384	0.00130	0.00580	0.00330	0.00270	0.00699
29	0.03480	0.26408	0.50000	0.05039	0.02037	0.01484	0.01576	0.01628	0.01095	0.01548	0.00878	0.01042	0.00671	0.00488	0.00450	0.00151	0.00702	0.00359	0.00228	0.00735
30	0.06653	0.03869	0.01525	0.03133	0.01603	0.01487	0.00955	0.56878	0.02171	0.14443	0.01337	0.01316	0.00930	0.00621	0.00512	0.00159	0.00555	0.00468	0.00520	0.00866
31	0.01955	0.05346	0.01544	0.01346	0.01624	0.76544	0.01017	0.02092	0.01483	0.01292	0.00814	0.00950	0.00681	0.00541	0.00472	0.00135	0.00940	0.00338	0.00271	0.00615
32	0.01299	0.01148	0.01382	0.01523	0.17580	0.01284	0.00994	0.02515	0.59498	0.02092	0.01975	0.01898	0.03074	0.00678	0.00537	0.00175	0.00459	0.00582	0.00479	0.00829
33	0.02799	0.01098	0.01787	0.38043	0.36450	0.01222	0.01468	0.01594	0.07319	0.01608	0.01059	0.01400	0.00835	0.00518	0.00523	0.00168	0.00642	0.00477	0.00273	0.00718
34	0.00648	0.00469	0.00613	0.00720	0.00765	0.00434	0.00486	0.00750	0.01047	0.01392	0.06702	0.72721	0.08082	0.01609	0.00669	0.00210	0.00302	0.01453	0.00495	0.00434
35	0.00852	0.00608	0.00852	0.00974	0.01095	0.00608	0.00852	0.01095	0.01217	0.01582	0.02799	0.05963	0.03042	0.01460	0.00730	0.00243	0.00487	0.74565	0.00487	0.00487
36	0.01009	0.00922	0.01481	0.65842	0.03203	0.01129	0.01356	0.01443	0.07212	0.01443	0.01224	0.01911	0.01012	0.00637	0.00549	0.00183	0.00660	0.07902	0.00285	0.00597
37	0.01314	0.49926	0.26570	0.01239	0.05936	0.04192	0.01278	0.01630	0.01108	0.01408	0.00819	0.00961	0.00685	0.00472	0.00405	0.00133	0.00649	0.00329	0.00229	0.00718
38	0.00755	0.00566	0.00850	0.00850	0.00944	0.00661	0.00661	0.00944	0.00850	0.01227	0.01416	0.02077	0.01322	0.03965	0.79326	0.00850	0.01416	0.00566	0.00283	0.00472
39	0.00715	0.00533	0.00664	0.00644	0.00772	0.00483	0.00478	0.00928	0.01399	0.01918	0.57123	0.10069	0.19968	0.01178	0.00628	0.00173	0.00258	0.01031	0.00556	0.00483
40	0.00851	0.00666	0.00896	0.02664	0.01051	0.00670	0.04323	0.04972	0.10058	0.01723	0.17594	0.46602	0.03246	0.01294	0.00635	0.00195	0.00360	0.01169	0.00500	0.00532
41	0.01115	0.15028	0.66870	0.01413	0.02143	0.01362	0.01790	0.01660	0.01110	0.01607	0.00915	0.01074	0.00671	0.00494	0.00477	0.00159	0.00748	0.00374	0.00224	0.00765
42	0.01256	0.01078	0.01142	0.01031	0.01316	0.01235	0.00801	0.02626	0.69902	0.02175	0.06524	0.02207	0.04838	0.00762	0.00546	0.00179	0.00403	0.00638	0.00539	0.00802
43	0.01942	0.01439	0.01543	0.01198	0.01605	0.01593	0.00984	0.70895	0.06080	0.03228	0.01353	0.03296	0.00999	0.00664	0.00533	0.00161	0.00567	0.00508	0.00528	0.00884
44	0.03243	0.01072	0.01344	0.05197	0.01368	0.05604	0.02456	0.01349	0.02879	0.01475	0.01081	0.01459	0.02857	0.02807	0.01205	0.00197	0.44228	0.00477	0.13349	0.06351
45	0.01029	0.05293	0.02944	0.00788	0.01014	0.00755	0.00648	0.04336	0.08968	0.09080	0.26183	0.06355	0.21671	0.01055	0.00595	0.00176	0.00359	0.07645	0.00518	0.00587
46	0.01241	0.09405	0.47288	0.01270	0.01869	0.04767	0.01472	0.03645	0.03343	0.07899	0.08758	0.01450	0.01191	0.00575	0.00498	0.00158	0.00660	0.00452	0.00316	0.03742

[dist]
# distance from previous block
# <min> <max>
0	11

# created by:
# /st0/software/busco_prod/Augustus/scripts/msa2prfl.pl ./align_prep/196273.fa
