[name]
unknown

[dist]
# distance from previous block
# <min> <max>
0	52

[block]
# block no. 0 follows, 44 sequences, length 9
# corresponding to MSA columns:
# 53-61
name=unknown_A
#
# <colnr> <probs for GDERKNQSTAVLIFYWHMCP>
#	G	D	E	R	K	N	Q	S	T	A	V	L	I	F	Y	W	H	M	C	P
0	0.04376	0.00767	0.01016	0.11471	0.01466	0.00790	0.00855	0.01409	0.08342	0.04791	0.17388	0.03919	0.02720	0.01062	0.00631	0.00199	0.00463	0.30430	0.00477	0.07428
1	0.48066	0.01026	0.00991	0.00816	0.01186	0.01075	0.00669	0.06767	0.01225	0.18571	0.04644	0.01297	0.01011	0.00569	0.00418	0.00158	0.00433	0.00398	0.00434	0.10246
2	0.23593	0.01100	0.01233	0.08666	0.05087	0.01149	0.00858	0.14122	0.08233	0.08998	0.01255	0.03720	0.00977	0.00585	0.00466	0.00153	0.00489	0.00452	0.00412	0.18451
3	0.10193	0.01083	0.01712	0.37495	0.16056	0.01164	0.08152	0.01495	0.01124	0.01671	0.00969	0.01322	0.00759	0.00499	0.00508	0.00161	0.00645	0.00453	0.00274	0.14267
4	0.01342	0.01332	0.05126	0.14124	0.19371	0.05279	0.12241	0.11430	0.11241	0.01979	0.06177	0.05258	0.01334	0.00648	0.00569	0.00174	0.00650	0.00597	0.00371	0.00756
5	0.01182	0.00668	0.00685	0.00625	0.00801	0.00694	0.00484	0.12949	0.01366	0.02253	0.01705	0.01919	0.01323	0.00638	0.00407	0.00133	0.00308	0.00505	0.70779	0.00574
6	0.05532	0.08292	0.20207	0.03377	0.17476	0.01273	0.15933	0.03426	0.01211	0.01792	0.01009	0.01246	0.00790	0.00484	0.00504	0.00152	0.00674	0.00446	0.02306	0.13871
7	0.00833	0.00645	0.00771	0.00738	0.00895	0.00631	0.00552	0.01258	0.13216	0.02013	0.47072	0.11114	0.15870	0.01154	0.00634	0.00180	0.00293	0.01007	0.00569	0.00554
8	0.01037	0.00609	0.00634	0.00626	0.00773	0.00635	0.00469	0.01478	0.12964	0.02011	0.01963	0.09400	0.01647	0.00752	0.00438	0.00145	0.00288	0.00623	0.62952	0.00558

[dist]
# distance from previous block
# <min> <max>
0	5

[block]
# block no. 1 follows, 44 sequences, length 15
# corresponding to MSA columns:
# 67-81
name=unknown_B
#
# <colnr> <probs for GDERKNQSTAVLIFYWHMCP>
#	G	D	E	R	K	N	Q	S	T	A	V	L	I	F	Y	W	H	M	C	P
0	0.03966	0.10542	0.07119	0.13673	0.18074	0.13124	0.01182	0.01562	0.03227	0.01574	0.04465	0.01928	0.12521	0.00693	0.00578	0.00165	0.04068	0.00553	0.00317	0.00671
1	0.01340	0.03502	0.38722	0.03881	0.08976	0.01193	0.14710	0.01811	0.01253	0.13247	0.02797	0.01525	0.03398	0.00568	0.00551	0.00173	0.00726	0.00511	0.00326	0.00792
2	0.01936	0.01157	0.01226	0.00996	0.01361	0.12584	0.00797	0.03612	0.03624	0.41678	0.07989	0.03399	0.01588	0.00703	0.00536	0.00156	0.00517	0.02915	0.00544	0.12680
3	0.01096	0.02588	0.04023	0.01370	0.03144	0.00949	0.27854	0.01410	0.01252	0.02937	0.09262	0.04289	0.12897	0.00687	0.00566	0.00153	0.00575	0.00671	0.00366	0.23912
4	0.01658	0.01282	0.01435	0.01148	0.01472	0.01439	0.00941	0.49054	0.02018	0.02713	0.01861	0.01917	0.12471	0.00935	0.03782	0.00203	0.11865	0.00589	0.00481	0.02735
5	0.01210	0.01120	0.01808	0.04691	0.52956	0.01085	0.01347	0.01490	0.01192	0.01714	0.01297	0.12589	0.01242	0.00649	0.00542	0.00159	0.00566	0.00613	0.00311	0.13420
6	0.00843	0.00669	0.01030	0.01210	0.11836	0.00733	0.00796	0.01041	0.00954	0.01358	0.01632	0.13900	0.01632	0.03215	0.55735	0.00675	0.01171	0.00716	0.00321	0.00534
7	0.01349	0.01295	0.02213	0.03346	0.77440	0.01295	0.01673	0.01673	0.01241	0.01781	0.01025	0.01349	0.00864	0.00486	0.00540	0.00162	0.00648	0.00486	0.00270	0.00864
8	0.01220	0.00568	0.00616	0.00574	0.00743	0.00550	0.00441	0.01468	0.01203	0.12825	0.01831	0.02007	0.01391	0.00641	0.00405	0.00133	0.00284	0.00514	0.72019	0.00568
9	0.01088	0.00922	0.01156	0.12013	0.01582	0.00791	0.00761	0.03427	0.01228	0.01831	0.12522	0.01627	0.01456	0.00539	0.00464	0.00111	0.00433	0.00451	0.00360	0.57238
10	0.01791	0.01592	0.01524	0.12468	0.05178	0.21389	0.01076	0.27515	0.08527	0.07794	0.01314	0.02799	0.00996	0.00635	0.00530	0.00162	0.00679	0.00489	0.02765	0.00776
11	0.01176	0.00663	0.00679	0.00621	0.00795	0.00687	0.00480	0.12536	0.01358	0.02245	0.01707	0.01923	0.01326	0.00638	0.00406	0.00133	0.00306	0.00506	0.71242	0.00572
12	0.00840	0.00618	0.00842	0.09225	0.01164	0.00604	0.00623	0.00935	0.00968	0.01334	0.01892	0.32431	0.02101	0.11738	0.07528	0.12240	0.00517	0.00920	0.00371	0.13107
13	0.01313	0.00947	0.01065	0.00928	0.01188	0.00987	0.00727	0.24282	0.11544	0.06785	0.15011	0.13878	0.15376	0.01036	0.00606	0.00182	0.00415	0.02488	0.00550	0.00692
14	0.01092	0.00928	0.01089	0.00804	0.01251	0.00703	0.00634	0.01322	0.01123	0.01745	0.01137	0.07669	0.01038	0.00511	0.00428	0.00092	0.00397	0.00424	0.00338	0.77274

[dist]
# distance from previous block
# <min> <max>
0	26

[block]
# block no. 2 follows, 44 sequences, length 11
# corresponding to MSA columns:
# 108-118
name=unknown_C
#
# <colnr> <probs for GDERKNQSTAVLIFYWHMCP>
#	G	D	E	R	K	N	Q	S	T	A	V	L	I	F	Y	W	H	M	C	P
0	0.01077	0.01054	0.01170	0.19450	0.01747	0.15586	0.00934	0.01293	0.01050	0.01300	0.01238	0.01817	0.01113	0.05632	0.42477	0.00560	0.01160	0.00525	0.00280	0.00536
1	0.01082	0.00822	0.01358	0.15915	0.01747	0.00846	0.18241	0.01405	0.01167	0.01844	0.01466	0.01791	0.01136	0.00577	0.00474	0.00151	0.00500	0.00535	0.48362	0.00580
2	0.02072	0.01527	0.01636	0.01254	0.01691	0.01691	0.01036	0.75622	0.02563	0.03436	0.01309	0.01309	0.00927	0.00654	0.00545	0.00164	0.00600	0.00491	0.00545	0.00927
3	0.00904	0.00696	0.00832	0.00853	0.00981	0.00723	0.00614	0.04595	0.18905	0.01805	0.13394	0.47589	0.03252	0.01349	0.00648	0.00203	0.00347	0.01203	0.00533	0.00573
4	0.08882	0.00936	0.01073	0.00917	0.01196	0.00955	0.00720	0.19988	0.05244	0.16112	0.16436	0.17029	0.03919	0.00945	0.00573	0.00176	0.00419	0.00795	0.00547	0.03138
5	0.17221	0.00710	0.00742	0.00656	0.00892	0.00713	0.00520	0.01659	0.01200	0.19922	0.01673	0.01773	0.01233	0.00620	0.00412	0.00145	0.00335	0.00477	0.48474	0.00622
6	0.00872	0.00635	0.00734	0.00658	0.00776	0.00582	0.00421	0.00938	0.00876	0.01236	0.01530	0.02928	0.01677	0.58336	0.05778	0.00440	0.00543	0.00673	0.00327	0.20042
7	0.01237	0.01157	0.01849	0.17197	0.45570	0.01146	0.01402	0.01549	0.01187	0.01706	0.01001	0.01318	0.00824	0.00478	0.00509	0.00147	0.00605	0.00447	0.00277	0.20394
8	0.01607	0.01245	0.01822	0.06438	0.45629	0.06313	0.01346	0.01915	0.03123	0.19600	0.01493	0.01630	0.04202	0.00582	0.00544	0.00165	0.00610	0.00523	0.00381	0.00833
9	0.01654	0.01194	0.01568	0.01289	0.01471	0.01470	0.01071	0.15720	0.01333	0.19695	0.01165	0.01371	0.00905	0.00832	0.01262	0.00208	0.46159	0.00496	0.00399	0.00737
10	0.01217	0.01499	0.16437	0.22961	0.43901	0.01268	0.01696	0.01610	0.01185	0.01669	0.01002	0.01339	0.00795	0.00507	0.00537	0.00169	0.00698	0.00470	0.00255	0.00785

[dist]
# distance from previous block
# <min> <max>
0	2

[block]
# block no. 3 follows, 44 sequences, length 7
# corresponding to MSA columns:
# 121-127
name=unknown_D
#
# <colnr> <probs for GDERKNQSTAVLIFYWHMCP>
#	G	D	E	R	K	N	Q	S	T	A	V	L	I	F	Y	W	H	M	C	P
0	0.01159	0.06696	0.10128	0.01119	0.06031	0.08245	0.00904	0.01672	0.16677	0.04559	0.13502	0.10299	0.14967	0.00921	0.00572	0.00174	0.00488	0.00772	0.00450	0.00664
1	0.01132	0.00946	0.01181	0.00893	0.01283	0.00789	0.04839	0.06739	0.01194	0.01776	0.01239	0.06907	0.01164	0.11130	0.00761	0.00161	0.00458	0.00499	0.00350	0.56560
2	0.01016	0.00508	0.00508	0.00508	0.00635	0.00508	0.00381	0.01270	0.01143	0.02033	0.01778	0.02033	0.01397	0.00635	0.00381	0.00127	0.00254	0.00508	0.83867	0.00508
3	0.03947	0.01069	0.04680	0.01339	0.04748	0.00960	0.19454	0.03944	0.05881	0.19389	0.20432	0.05179	0.04959	0.00777	0.00597	0.00176	0.00536	0.00725	0.00489	0.00721
4	0.01379	0.01356	0.01918	0.02701	0.55872	0.09153	0.01429	0.04488	0.04699	0.01787	0.01425	0.04347	0.05812	0.00611	0.00548	0.00164	0.00635	0.00557	0.00317	0.00802
5	0.01325	0.05537	0.01349	0.01085	0.06144	0.01001	0.02615	0.09672	0.09671	0.07597	0.01684	0.07282	0.06365	0.00659	0.00495	0.00135	0.00456	0.00551	0.00415	0.35962
6	0.01009	0.03399	0.13813	0.01127	0.06086	0.00876	0.03341	0.06965	0.03901	0.01874	0.19451	0.19211	0.07764	0.02683	0.00639	0.00183	0.00465	0.00863	0.00441	0.05910

[dist]
# distance from previous block
# <min> <max>
8	73

[block]
# block no. 4 follows, 44 sequences, length 9
# corresponding to MSA columns:
# 209-217
name=unknown_E
#
# <colnr> <probs for GDERKNQSTAVLIFYWHMCP>
#	G	D	E	R	K	N	Q	S	T	A	V	L	I	F	Y	W	H	M	C	P
0	0.01071	0.00735	0.00940	0.05036	0.03423	0.00726	0.00683	0.10411	0.01393	0.08114	0.17788	0.28734	0.08042	0.05660	0.00749	0.00208	0.00399	0.02747	0.00509	0.02632
1	0.02771	0.04662	0.01169	0.03156	0.01213	0.04996	0.02742	0.01233	0.01117	0.01609	0.09883	0.17998	0.01959	0.02577	0.02992	0.00197	0.13931	0.02086	0.07173	0.16535
2	0.05087	0.00857	0.01031	0.00837	0.01137	0.00791	0.02435	0.11213	0.01514	0.04198	0.34540	0.02671	0.06749	0.00813	0.00546	0.00146	0.00374	0.00691	0.00492	0.23879
3	0.03856	0.13827	0.33216	0.01348	0.05696	0.05622	0.01370	0.03554	0.07216	0.11510	0.01317	0.01407	0.02640	0.00741	0.04214	0.00196	0.00704	0.00448	0.00338	0.00777
4	0.01251	0.01184	0.01835	0.44458	0.29471	0.04237	0.01520	0.06517	0.01260	0.01665	0.01007	0.01389	0.00787	0.00532	0.00541	0.00172	0.00700	0.00480	0.00274	0.00719
5	0.01323	0.01015	0.01247	0.01055	0.05582	0.00927	0.00788	0.09197	0.04389	0.08521	0.05497	0.05673	0.01290	0.00618	0.00567	0.00129	0.05777	0.00494	0.00402	0.45507
6	0.00721	0.00520	0.00640	0.00687	0.00776	0.00495	0.00484	0.00857	0.01100	0.01487	0.09662	0.34532	0.20163	0.08062	0.10551	0.00307	0.00457	0.01148	0.06898	0.00455
7	0.01126	0.01487	0.19940	0.03009	0.03904	0.07627	0.09572	0.01547	0.06264	0.01697	0.08923	0.03367	0.02931	0.05065	0.07497	0.00251	0.05300	0.00589	0.09259	0.00646
8	0.00752	0.00556	0.00701	0.00665	0.00802	0.00506	0.00499	0.00990	0.01496	0.02074	0.65929	0.04256	0.16436	0.01156	0.00643	0.00173	0.00260	0.01012	0.00585	0.00506

[dist]
# distance from previous block
# <min> <max>
0	2

[block]
# block no. 5 follows, 44 sequences, length 16
# corresponding to MSA columns:
# 221-236
name=unknown_F
#
# <colnr> <probs for GDERKNQSTAVLIFYWHMCP>
#	G	D	E	R	K	N	Q	S	T	A	V	L	I	F	Y	W	H	M	C	P
0	0.03359	0.38482	0.29164	0.01192	0.01753	0.07637	0.01308	0.01805	0.03791	0.05554	0.00967	0.01073	0.00762	0.00513	0.00438	0.00145	0.00677	0.00360	0.00273	0.00747
1	0.01232	0.35119	0.39197	0.01301	0.04428	0.01588	0.01456	0.01640	0.01162	0.01574	0.05866	0.01234	0.00991	0.00534	0.00457	0.00149	0.00672	0.00398	0.00257	0.00745
2	0.01271	0.06438	0.08836	0.06267	0.01696	0.01014	0.06235	0.01686	0.08043	0.07384	0.01167	0.01298	0.00904	0.00483	0.00462	0.00122	0.00519	0.00406	0.00347	0.45423
3	0.05884	0.06737	0.01650	0.01379	0.08880	0.10835	0.01030	0.44077	0.02023	0.06680	0.01229	0.01286	0.00906	0.00608	0.00508	0.00156	0.00618	0.00455	0.04221	0.00836
4	0.01103	0.09444	0.29697	0.01146	0.01536	0.01038	0.03673	0.01328	0.00991	0.04015	0.01101	0.01480	0.02089	0.01322	0.08596	0.26630	0.03516	0.00459	0.00260	0.00575
5	0.00822	0.00565	0.00721	0.00700	0.00836	0.00514	0.00523	0.01038	0.01428	0.05524	0.52013	0.14551	0.14363	0.01220	0.00649	0.00182	0.00284	0.02975	0.00576	0.00517
6	0.00696	0.00499	0.00661	0.00738	0.00798	0.00464	0.00509	0.00838	0.01190	0.01624	0.24644	0.58184	0.04055	0.01535	0.00680	0.00207	0.00299	0.01385	0.00534	0.00464
7	0.04642	0.21048	0.10413	0.01642	0.04699	0.09319	0.30159	0.01707	0.01224	0.01613	0.00995	0.02872	0.00819	0.00503	0.00513	0.00155	0.00757	0.00482	0.00271	0.06168
8	0.01297	0.01327	0.03505	0.13129	0.32054	0.05232	0.17939	0.04582	0.05249	0.01764	0.01422	0.01737	0.05871	0.00588	0.00572	0.00173	0.00700	0.01792	0.00312	0.00756
9	0.03150	0.05954	0.14258	0.01151	0.01536	0.11891	0.01043	0.18952	0.08790	0.05489	0.03166	0.09973	0.01429	0.04337	0.00640	0.00185	0.00610	0.03426	0.00419	0.03600
10	0.03487	0.05556	0.02824	0.14961	0.02832	0.01396	0.55039	0.01665	0.01222	0.01669	0.01042	0.01412	0.00794	0.00490	0.00638	0.00181	0.03234	0.00584	0.00268	0.00704
11	0.00690	0.00488	0.00637	0.00746	0.00777	0.00462	0.00496	0.00778	0.01017	0.01355	0.02822	0.66931	0.03362	0.12681	0.00987	0.00265	0.00353	0.04243	0.00482	0.00429
12	0.01133	0.04971	0.46451	0.16549	0.04508	0.01307	0.14160	0.01662	0.01163	0.01652	0.00991	0.01257	0.00725	0.00511	0.00539	0.00174	0.00798	0.00457	0.00241	0.00753
13	0.02037	0.01195	0.01376	0.01080	0.01465	0.01240	0.00882	0.41864	0.02042	0.27782	0.01726	0.06612	0.01269	0.00727	0.00545	0.00167	0.00514	0.00579	0.06030	0.00869
14	0.00652	0.00538	0.00572	0.00594	0.00749	0.00459	0.00434	0.00786	0.01216	0.01480	0.07251	0.18920	0.61605	0.01432	0.00654	0.00191	0.00283	0.01218	0.00509	0.00459
15	0.06014	0.00902	0.01199	0.00935	0.01328	0.00796	0.00768	0.02472	0.01530	0.68029	0.08424	0.01999	0.01636	0.00704	0.00547	0.00169	0.00445	0.00574	0.00653	0.00878

[dist]
# distance from previous block
# <min> <max>
0	14

[block]
# block no. 6 follows, 44 sequences, length 52
# corresponding to MSA columns:
# 257-308
name=unknown_G
#
# <colnr> <probs for GDERKNQSTAVLIFYWHMCP>
#	G	D	E	R	K	N	Q	S	T	A	V	L	I	F	Y	W	H	M	C	P
0	0.04226	0.03131	0.19730	0.01331	0.01840	0.04317	0.04182	0.45259	0.02004	0.04812	0.01245	0.03223	0.00923	0.00630	0.00535	0.00167	0.00659	0.00490	0.00442	0.00854
1	0.01897	0.01387	0.01497	0.01176	0.01563	0.01525	0.00959	0.65459	0.02370	0.03199	0.02981	0.07446	0.01235	0.00743	0.00552	0.00167	0.00558	0.00582	0.03838	0.00865
2	0.01780	0.03044	0.01614	0.03043	0.10339	0.13211	0.01076	0.37962	0.14612	0.02567	0.01348	0.01414	0.01019	0.00763	0.03566	0.00191	0.00671	0.00490	0.00454	0.00836
3	0.06341	0.06400	0.69644	0.01472	0.02233	0.01305	0.01874	0.01714	0.01135	0.01751	0.00954	0.01121	0.00685	0.00515	0.00499	0.00170	0.00771	0.00391	0.00237	0.00787
4	0.00655	0.00551	0.00568	0.00567	0.00744	0.00464	0.00424	0.00803	0.01264	0.01531	0.11445	0.06542	0.69849	0.01365	0.00645	0.00184	0.00275	0.01144	0.00514	0.00464
5	0.01028	0.00952	0.01605	0.53636	0.07036	0.01115	0.06959	0.01354	0.01112	0.01478	0.01361	0.07284	0.04258	0.00672	0.00596	0.00182	0.03071	0.00602	0.05094	0.00606
6	0.01449	0.53318	0.19829	0.01132	0.01655	0.10361	0.01194	0.02961	0.01190	0.01426	0.00827	0.00957	0.00702	0.00492	0.00407	0.00133	0.00678	0.00327	0.00243	0.00720
7	0.02260	0.00963	0.01254	0.00979	0.01380	0.00878	0.00803	0.07243	0.06574	0.64148	0.03780	0.01982	0.03734	0.00709	0.00553	0.00170	0.00460	0.00577	0.00652	0.00901
8	0.00708	0.00514	0.00659	0.00755	0.00814	0.00483	0.00515	0.02991	0.01119	0.01481	0.05260	0.70011	0.09394	0.01634	0.00686	0.00215	0.00320	0.01471	0.00510	0.00461
9	0.01363	0.01387	0.02031	0.19245	0.51097	0.10594	0.03143	0.01676	0.01247	0.01644	0.00993	0.01330	0.00814	0.00507	0.00537	0.00164	0.00711	0.00473	0.00265	0.00778
10	0.01606	0.61062	0.02521	0.01054	0.01472	0.21733	0.00964	0.01772	0.01220	0.01296	0.00780	0.00902	0.00700	0.00491	0.00386	0.00123	0.00685	0.00307	0.00245	0.00682
11	0.06204	0.04966	0.35770	0.03569	0.15187	0.01201	0.02787	0.04927	0.01241	0.01874	0.06276	0.01398	0.01064	0.00548	0.00503	0.00158	0.00647	0.00451	0.02051	0.09177
12	0.01455	0.14893	0.30622	0.01556	0.09726	0.04958	0.04860	0.10944	0.01378	0.07655	0.02200	0.01252	0.00865	0.00558	0.00551	0.00161	0.03686	0.00434	0.00319	0.01925
13	0.00664	0.00474	0.00633	0.00759	0.00791	0.00443	0.00506	0.00759	0.01044	0.01392	0.03005	0.80485	0.03606	0.01708	0.00696	0.00221	0.00316	0.01550	0.00506	0.00443
14	0.01225	0.01330	0.02771	0.16926	0.02899	0.01320	0.56541	0.01649	0.01232	0.01679	0.01094	0.01482	0.00827	0.00495	0.00644	0.00183	0.02889	0.00604	0.03511	0.00698
15	0.01346	0.03055	0.07162	0.08752	0.57874	0.05654	0.04916	0.01686	0.01240	0.01712	0.01006	0.01319	0.00828	0.00495	0.00537	0.00163	0.00694	0.00476	0.00265	0.00818
16	0.00696	0.00506	0.00657	0.00766	0.00827	0.00473	0.00543	0.00815	0.01088	0.01424	0.03228	0.59312	0.11656	0.04053	0.00762	0.00231	0.00344	0.11668	0.00500	0.00450
17	0.00659	0.00549	0.00575	0.00576	0.00747	0.00465	0.00429	0.00809	0.01267	0.01548	0.13327	0.08464	0.65978	0.01366	0.00646	0.00184	0.00276	0.01150	0.00517	0.00465
18	0.01101	0.00944	0.02604	0.07215	0.01426	0.05527	0.08672	0.08512	0.02792	0.01774	0.01877	0.20344	0.03942	0.01292	0.09715	0.00257	0.02191	0.00782	0.18451	0.00583
19	0.03362	0.06730	0.01981	0.11630	0.32485	0.13413	0.06061	0.06866	0.01380	0.09329	0.01103	0.01319	0.00855	0.00533	0.00524	0.00160	0.00696	0.00464	0.00327	0.00782
20	0.00651	0.00549	0.00564	0.00568	0.00743	0.00462	0.00423	0.00793	0.01247	0.01502	0.08705	0.08783	0.70383	0.01384	0.00647	0.00185	0.00277	0.01162	0.00511	0.00462
21	0.01471	0.65868	0.05836	0.00997	0.01443	0.10058	0.00972	0.01666	0.01175	0.01349	0.04298	0.01045	0.00904	0.00508	0.00385	0.00124	0.00619	0.00335	0.00255	0.00689
22	0.21227	0.05273	0.01305	0.00998	0.01342	0.04651	0.02111	0.35093	0.01750	0.02664	0.01279	0.04939	0.01021	0.00648	0.00468	0.00159	0.00513	0.00483	0.13344	0.00733
23	0.02047	0.01461	0.01576	0.01213	0.01636	0.01606	0.01000	0.69546	0.02464	0.06571	0.01364	0.01361	0.00964	0.00655	0.00539	0.00162	0.00580	0.00494	0.03852	0.00911
24	0.03357	0.04070	0.03223	0.02766	0.07223	0.01167	0.00932	0.23471	0.07554	0.14149	0.01611	0.09560	0.01343	0.00729	0.00533	0.00160	0.00509	0.02877	0.00475	0.14294
25	0.01540	0.41858	0.19040	0.01202	0.01691	0.23436	0.01205	0.01806	0.01240	0.01395	0.00830	0.00966	0.00698	0.00505	0.00427	0.00136	0.00744	0.00333	0.00246	0.00704
26	0.03156	0.00947	0.01149	0.00862	0.01302	0.00775	0.00696	0.01845	0.04255	0.27451	0.01608	0.01582	0.04289	0.00552	0.00467	0.00121	0.00420	0.00445	0.00459	0.47620
27	0.01095	0.05769	0.55952	0.04538	0.03653	0.01184	0.03165	0.01607	0.01157	0.03549	0.02258	0.09857	0.01134	0.00674	0.00541	0.00177	0.00718	0.01941	0.00283	0.00747
28	0.01607	0.14184	0.07065	0.03692	0.19440	0.17352	0.04244	0.12873	0.06746	0.04259	0.01202	0.01335	0.02502	0.00569	0.00507	0.00155	0.00694	0.00455	0.00342	0.00778
29	0.01134	0.09889	0.68466	0.01525	0.02290	0.01351	0.04588	0.01719	0.01152	0.01687	0.00963	0.01138	0.00696	0.00511	0.00507	0.00168	0.00790	0.00401	0.00232	0.00794
30	0.00669	0.00480	0.00627	0.00743	0.00780	0.00447	0.00494	0.00762	0.01042	0.01381	0.03066	0.73726	0.06930	0.05078	0.00782	0.00233	0.00324	0.01499	0.00499	0.00439
31	0.01341	0.52665	0.25488	0.01131	0.01691	0.01840	0.01256	0.01737	0.05651	0.01477	0.00912	0.01028	0.00755	0.00498	0.00413	0.00138	0.00641	0.00345	0.00252	0.00742
32	0.02515	0.01404	0.05735	0.05305	0.66966	0.04106	0.02660	0.01686	0.01240	0.01760	0.01012	0.01325	0.00841	0.00492	0.00536	0.00163	0.00670	0.00476	0.00269	0.00840
33	0.02072	0.00836	0.01136	0.00921	0.01265	0.00729	0.00739	0.02267	0.01476	0.61588	0.06197	0.14613	0.01910	0.00864	0.00577	0.00177	0.00429	0.00732	0.00644	0.00828
34	0.00920	0.00659	0.00898	0.01000	0.01134	0.00665	0.00862	0.04540	0.01302	0.01699	0.02821	0.10725	0.03066	0.01480	0.00740	0.00245	0.00495	0.65730	0.00504	0.00518
35	0.17097	0.04868	0.43847	0.04415	0.05461	0.03451	0.01511	0.03742	0.01176	0.05694	0.01055	0.03502	0.00808	0.00562	0.00487	0.00170	0.00682	0.00428	0.00294	0.00750
36	0.19021	0.09068	0.15057	0.05585	0.07527	0.01101	0.03958	0.01474	0.01189	0.05121	0.14426	0.07730	0.05154	0.00744	0.00513	0.00170	0.00520	0.00615	0.00375	0.00652
37	0.01207	0.17163	0.41571	0.01540	0.02189	0.01432	0.16932	0.01680	0.01162	0.01640	0.00956	0.01165	0.00729	0.00499	0.00535	0.00160	0.02617	0.00428	0.00246	0.06147
38	0.10961	0.04740	0.07242	0.00929	0.01307	0.00919	0.00820	0.04121	0.03228	0.38892	0.16176	0.02180	0.04660	0.00744	0.00535	0.00168	0.00449	0.00602	0.00555	0.00773
39	0.00793	0.00529	0.00595	0.00595	0.00595	0.00529	0.00330	0.00793	0.00793	0.01057	0.01718	0.03568	0.01982	0.80840	0.02775	0.00529	0.00529	0.00793	0.00330	0.00330
40	0.03005	0.01029	0.01717	0.59837	0.03271	0.01226	0.08188	0.02729	0.01119	0.01511	0.00987	0.01425	0.00754	0.00558	0.00611	0.00179	0.05253	0.00489	0.02182	0.03930
41	0.00971	0.04105	0.12931	0.01267	0.02836	0.02835	0.18473	0.01294	0.02827	0.01607	0.05754	0.17304	0.20949	0.01007	0.00620	0.00187	0.00560	0.03471	0.00396	0.00605
42	0.00783	0.00529	0.00603	0.00607	0.00618	0.00528	0.00350	0.00797	0.00819	0.01089	0.01883	0.06332	0.04524	0.73090	0.04883	0.00516	0.00540	0.00826	0.00341	0.00343
43	0.01580	0.01234	0.01341	0.01177	0.03022	0.01390	0.00912	0.18387	0.54241	0.07461	0.01996	0.01854	0.01470	0.00712	0.00552	0.00179	0.00474	0.00582	0.00555	0.00881
44	0.01413	0.46521	0.26695	0.01184	0.01741	0.08875	0.01292	0.03966	0.01206	0.01495	0.00853	0.00986	0.00704	0.00497	0.00422	0.00138	0.00691	0.00339	0.00246	0.00734
45	0.01331	0.01269	0.02160	0.03254	0.74417	0.01269	0.01642	0.01652	0.01242	0.01775	0.01099	0.01539	0.00954	0.00526	0.00548	0.00165	0.00642	0.03389	0.00279	0.00849
46	0.00705	0.00655	0.03123	0.00714	0.03832	0.00527	0.00529	0.00883	0.01282	0.01594	0.15306	0.04796	0.61581	0.01280	0.00636	0.00181	0.00305	0.01077	0.00501	0.00495
47	0.04394	0.00601	0.00754	0.00862	0.03309	0.00594	0.00576	0.06030	0.01150	0.01610	0.02657	0.64598	0.03087	0.02905	0.00690	0.00215	0.00352	0.01334	0.03787	0.00497
48	0.01917	0.12241	0.01699	0.01158	0.01566	0.07205	0.00968	0.51755	0.02151	0.06233	0.01392	0.01406	0.03360	0.00646	0.00512	0.00155	0.00595	0.00478	0.03721	0.00844
49	0.01287	0.01018	0.03429	0.00885	0.01161	0.07468	0.00715	0.06160	0.13207	0.14305	0.06939	0.06394	0.30491	0.01026	0.00597	0.00179	0.00436	0.03123	0.00520	0.00658
50	0.00783	0.00563	0.00639	0.00632	0.00791	0.00490	0.00465	0.00935	0.01269	0.06110	0.17541	0.15493	0.46436	0.04480	0.00730	0.00200	0.00300	0.01128	0.00526	0.00490
51	0.10546	0.03591	0.01528	0.01292	0.04564	0.25301	0.00988	0.37474	0.01918	0.02469	0.01102	0.01253	0.00860	0.04030	0.00598	0.00171	0.00698	0.00436	0.00415	0.00768

[dist]
# distance from previous block
# <min> <max>
0	41

# created by:
# /st0/software/busco_prod/Augustus/scripts/msa2prfl.pl ./align_prep/196323.fa
