[name]
unknown

[dist]
# distance from previous block
# <min> <max>
0	35

[block]
# block no. 0 follows, 40 sequences, length 6
# corresponding to MSA columns:
# 35-40
name=unknown_A
#
# <colnr> <probs for GDERKNQSTAVLIFYWHMCP>
#	G	D	E	R	K	N	Q	S	T	A	V	L	I	F	Y	W	H	M	C	P
0	0.01063	0.00779	0.00992	0.01040	0.01224	0.00787	0.00892	0.10267	0.01512	0.01959	0.03245	0.05784	0.12740	0.01475	0.00760	0.00247	0.00516	0.53592	0.00542	0.00586
1	0.28365	0.01053	0.06604	0.06468	0.01447	0.00989	0.00876	0.01656	0.04121	0.11749	0.06552	0.14437	0.01980	0.00964	0.00569	0.00203	0.00493	0.10341	0.00470	0.00664
2	0.04767	0.01005	0.01176	0.01021	0.01326	0.01027	0.00813	0.14882	0.13435	0.21780	0.05557	0.10661	0.07383	0.04424	0.00730	0.00214	0.00481	0.07942	0.00592	0.00784
3	0.01120	0.00841	0.00994	0.00939	0.01140	0.00851	0.00719	0.15346	0.06899	0.02186	0.16442	0.29012	0.07788	0.01303	0.00678	0.00205	0.00415	0.08153	0.00561	0.04408
4	0.06991	0.04033	0.01684	0.04364	0.01766	0.01523	0.06239	0.45003	0.02090	0.02918	0.01320	0.01510	0.01008	0.03552	0.02447	0.02117	0.00643	0.00518	0.04339	0.05936
5	0.00957	0.00689	0.00851	0.03414	0.01060	0.00658	0.00618	0.06561	0.01425	0.04690	0.21664	0.27568	0.17551	0.03846	0.02621	0.00229	0.00397	0.01157	0.00547	0.03497

[dist]
# distance from previous block
# <min> <max>
35	65

[block]
# block no. 1 follows, 40 sequences, length 11
# corresponding to MSA columns:
# 124-134
name=unknown_B
#
# <colnr> <probs for GDERKNQSTAVLIFYWHMCP>
#	G	D	E	R	K	N	Q	S	T	A	V	L	I	F	Y	W	H	M	C	P
0	0.09458	0.01108	0.01271	0.06258	0.08194	0.04301	0.00920	0.07479	0.19260	0.08155	0.14838	0.02478	0.07882	0.01019	0.04653	0.00225	0.00555	0.00686	0.00506	0.00755
1	0.08488	0.00951	0.01099	0.16125	0.01662	0.04676	0.00837	0.02937	0.09456	0.04314	0.14091	0.11748	0.07517	0.08295	0.00818	0.00222	0.00506	0.00805	0.00457	0.04994
2	0.23302	0.01059	0.01162	0.06973	0.01474	0.01130	0.00814	0.18165	0.01638	0.08844	0.19435	0.05618	0.02135	0.00806	0.00548	0.00178	0.00474	0.00644	0.00509	0.05092
3	0.09029	0.03361	0.03491	0.05171	0.01297	0.01016	0.00752	0.14503	0.04428	0.06449	0.09445	0.06836	0.06621	0.19468	0.01133	0.00272	0.00507	0.00740	0.04838	0.00643
4	0.39678	0.01505	0.01300	0.05752	0.07949	0.17676	0.00941	0.07714	0.01355	0.06400	0.01094	0.04303	0.00894	0.00628	0.00473	0.00175	0.00632	0.00443	0.00380	0.00708
5	0.19184	0.01368	0.08033	0.01185	0.06227	0.04940	0.00952	0.15313	0.07493	0.05197	0.04842	0.02100	0.12065	0.00760	0.00534	0.00175	0.00533	0.00590	0.03346	0.05163
6	0.18711	0.02128	0.06026	0.01505	0.07243	0.40616	0.04086	0.05885	0.01510	0.01909	0.04542	0.01266	0.00983	0.00607	0.00514	0.00165	0.00826	0.00430	0.00339	0.00710
7	0.18326	0.05356	0.03056	0.13034	0.08482	0.05503	0.01115	0.23267	0.01672	0.07073	0.01161	0.01309	0.00866	0.00596	0.00511	0.00168	0.00627	0.00450	0.00414	0.07013
8	0.08167	0.08763	0.09619	0.11339	0.06596	0.18333	0.01213	0.12146	0.01548	0.06670	0.02899	0.01418	0.02372	0.00614	0.00524	0.00164	0.00721	0.00462	0.00370	0.06063
9	0.03311	0.27482	0.12520	0.07333	0.14037	0.01568	0.04209	0.05195	0.01317	0.05499	0.01338	0.04537	0.04030	0.00626	0.00510	0.00161	0.00648	0.00509	0.00328	0.04844
10	0.01570	0.04557	0.06727	0.08463	0.01912	0.03338	0.07631	0.13174	0.04194	0.12179	0.05062	0.04318	0.01302	0.00646	0.00551	0.00157	0.00599	0.00550	0.00438	0.22632

[dist]
# distance from previous block
# <min> <max>
1	5

[block]
# block no. 2 follows, 40 sequences, length 8
# corresponding to MSA columns:
# 140-147
name=unknown_C
#
# <colnr> <probs for GDERKNQSTAVLIFYWHMCP>
#	G	D	E	R	K	N	Q	S	T	A	V	L	I	F	Y	W	H	M	C	P
0	0.07934	0.32623	0.21711	0.01317	0.04833	0.04090	0.01308	0.10834	0.01428	0.07437	0.01067	0.01170	0.00823	0.00560	0.00473	0.00157	0.00680	0.00399	0.00336	0.00820
1	0.02101	0.01327	0.01534	0.01185	0.01623	0.01373	0.00973	0.38964	0.04371	0.23113	0.01612	0.01580	0.01128	0.00797	0.02974	0.00192	0.03003	0.00525	0.00572	0.11053
2	0.01509	0.12391	0.08243	0.09301	0.01844	0.10621	0.05799	0.04958	0.01428	0.12925	0.04797	0.10381	0.05353	0.00879	0.00596	0.00186	0.00649	0.06992	0.00430	0.00718
3	0.01114	0.11804	0.01110	0.00772	0.00900	0.00961	0.00536	0.10050	0.01127	0.01476	0.01635	0.03104	0.01783	0.58706	0.02303	0.00454	0.00581	0.00731	0.00366	0.00487
4	0.01002	0.00713	0.00856	0.00838	0.00952	0.00718	0.00596	0.11459	0.01396	0.01889	0.17370	0.26736	0.03251	0.23354	0.01334	0.00310	0.00445	0.05735	0.00513	0.00533
5	0.06214	0.46444	0.02513	0.05941	0.10919	0.05597	0.01131	0.11872	0.01427	0.01834	0.00944	0.01103	0.00797	0.00540	0.00446	0.00146	0.00653	0.00382	0.00309	0.00786
6	0.01292	0.23170	0.49968	0.01613	0.05762	0.01609	0.05399	0.01813	0.01227	0.01720	0.00990	0.01177	0.00755	0.00533	0.00513	0.00168	0.00795	0.00415	0.00251	0.00829
7	0.01823	0.28840	0.12605	0.01351	0.01795	0.41318	0.01224	0.02059	0.01432	0.01463	0.00889	0.01035	0.00746	0.00558	0.00477	0.00146	0.00878	0.00361	0.00275	0.00724

[dist]
# distance from previous block
# <min> <max>
0	1

[block]
# block no. 3 follows, 40 sequences, length 46
# corresponding to MSA columns:
# 149-194
name=unknown_D
#
# <colnr> <probs for GDERKNQSTAVLIFYWHMCP>
#	G	D	E	R	K	N	Q	S	T	A	V	L	I	F	Y	W	H	M	C	P
0	0.75136	0.06482	0.01020	0.00795	0.01164	0.01377	0.00665	0.01761	0.03660	0.02518	0.00866	0.00988	0.00679	0.00546	0.00369	0.00177	0.00462	0.00327	0.00361	0.00648
1	0.03507	0.00686	0.00879	0.00790	0.00985	0.00639	0.00606	0.01427	0.03454	0.13504	0.60577	0.03835	0.04643	0.01089	0.00659	0.00183	0.00317	0.00950	0.00643	0.00627
2	0.00800	0.00594	0.00746	0.00708	0.00855	0.00539	0.00531	0.01053	0.01592	0.02204	0.63927	0.04554	0.17268	0.01236	0.00686	0.00185	0.00278	0.01081	0.00623	0.00539
3	0.05208	0.42290	0.24182	0.01465	0.09416	0.05400	0.01401	0.01801	0.01223	0.01620	0.00910	0.01076	0.00756	0.00522	0.00453	0.00150	0.00710	0.00370	0.00259	0.00788
4	0.01555	0.79913	0.03047	0.00995	0.01493	0.02301	0.00995	0.01741	0.01182	0.01368	0.00808	0.00933	0.00746	0.00498	0.00373	0.00124	0.00622	0.00311	0.00249	0.00746
5	0.00930	0.00667	0.00927	0.01057	0.01193	0.00664	0.00923	0.01194	0.01338	0.01735	0.03160	0.06532	0.05422	0.01603	0.00800	0.00266	0.00529	0.69990	0.00536	0.00534
6	0.01448	0.58825	0.23202	0.01177	0.01773	0.02040	0.01311	0.01769	0.01194	0.01498	0.00873	0.01014	0.00744	0.00513	0.00422	0.00141	0.00687	0.00344	0.00248	0.00777
7	0.62068	0.01185	0.01064	0.06121	0.01434	0.01359	0.00776	0.11413	0.03351	0.05215	0.00999	0.01116	0.00748	0.00577	0.00419	0.00181	0.00499	0.00375	0.00402	0.00699
8	0.00831	0.00620	0.00920	0.00920	0.01018	0.00719	0.00708	0.01029	0.00930	0.01339	0.01571	0.02361	0.01487	0.08136	0.73529	0.00916	0.01508	0.00634	0.00314	0.00511
9	0.00725	0.00518	0.00694	0.00829	0.00870	0.00487	0.00569	0.00839	0.01130	0.01503	0.03196	0.73792	0.03809	0.01806	0.00747	0.00239	0.00352	0.06877	0.00539	0.00477
10	0.02066	0.16025	0.01888	0.01412	0.01745	0.64355	0.01102	0.02222	0.01568	0.01414	0.00883	0.01029	0.00749	0.00582	0.00498	0.00145	0.00975	0.00364	0.00291	0.00687
11	0.01173	0.01252	0.06428	0.01230	0.01414	0.11042	0.02987	0.03424	0.01102	0.01483	0.01260	0.01801	0.01144	0.02722	0.42450	0.00601	0.17027	0.00553	0.00301	0.00607
12	0.00731	0.00533	0.00713	0.00828	0.00865	0.00515	0.00562	0.00841	0.01131	0.01521	0.06438	0.73420	0.03828	0.01769	0.00775	0.00234	0.02688	0.01591	0.00536	0.00481
13	0.02211	0.01629	0.01745	0.01338	0.01803	0.01803	0.01105	0.73997	0.02734	0.03665	0.01396	0.01396	0.00989	0.00698	0.00582	0.00175	0.00640	0.00524	0.00582	0.00989
14	0.00734	0.00528	0.00695	0.00801	0.00853	0.00488	0.00539	0.00848	0.01144	0.01542	0.08026	0.69745	0.03826	0.04083	0.00797	0.00238	0.00342	0.01553	0.00536	0.02682
15	0.01166	0.03008	0.76550	0.01657	0.02517	0.01351	0.02149	0.01842	0.01228	0.01842	0.01044	0.01228	0.00737	0.00552	0.00552	0.00184	0.00859	0.00430	0.00246	0.00859
16	0.00831	0.00623	0.00935	0.00935	0.01038	0.00727	0.00727	0.01038	0.00935	0.01350	0.01558	0.02285	0.01454	0.04361	0.77259	0.00935	0.01558	0.00623	0.00312	0.00519
17	0.01497	0.68458	0.13996	0.01094	0.01645	0.02159	0.01167	0.01756	0.01188	0.01439	0.00843	0.00977	0.00745	0.00506	0.00400	0.00133	0.00657	0.00329	0.00248	0.00763
18	0.02186	0.01695	0.01726	0.01344	0.01795	0.06917	0.01101	0.67063	0.04760	0.03477	0.01391	0.01395	0.00996	0.00694	0.00578	0.00174	0.00662	0.00517	0.00563	0.00966
19	0.00823	0.00594	0.00777	0.00732	0.00869	0.00549	0.00549	0.01097	0.01646	0.02332	0.75629	0.04344	0.05487	0.01189	0.00686	0.00183	0.00274	0.01052	0.00640	0.00549
20	0.01010	0.00505	0.00758	0.00758	0.00758	0.00505	0.00505	0.00758	0.00758	0.01010	0.01010	0.01768	0.01010	0.02020	0.02273	0.83081	0.00505	0.00505	0.00253	0.00253
21	0.01555	0.79913	0.03047	0.00995	0.01493	0.02301	0.00995	0.01741	0.01182	0.01368	0.00808	0.00933	0.00746	0.00498	0.00373	0.00124	0.00622	0.00311	0.00249	0.00746
22	0.01446	0.01249	0.01315	0.01183	0.01512	0.01446	0.00920	0.03090	0.74885	0.02433	0.02367	0.02170	0.01775	0.00789	0.00592	0.00197	0.00460	0.00657	0.00592	0.00920
23	0.01439	0.01382	0.02360	0.03569	0.75936	0.01382	0.01785	0.01785	0.01324	0.01900	0.01094	0.01439	0.00921	0.00518	0.00576	0.00173	0.00691	0.00518	0.00288	0.00921
24	0.01206	0.01034	0.01206	0.00861	0.01378	0.00775	0.00689	0.01464	0.01206	0.01895	0.01034	0.01206	0.00861	0.00431	0.00431	0.00086	0.00431	0.00345	0.00345	0.83118
25	0.02248	0.01422	0.01609	0.01243	0.01688	0.01516	0.01025	0.52778	0.02383	0.21826	0.01629	0.01583	0.01123	0.00871	0.04083	0.00211	0.00645	0.00543	0.00604	0.00968
26	0.01010	0.00505	0.00758	0.00758	0.00758	0.00505	0.00505	0.00758	0.00758	0.01010	0.01010	0.01768	0.01010	0.02020	0.02273	0.83081	0.00505	0.00505	0.00253	0.00253
27	0.01084	0.00542	0.00542	0.00542	0.00678	0.00542	0.00407	0.01355	0.01220	0.02168	0.01897	0.02168	0.01491	0.00678	0.00407	0.00136	0.00271	0.00542	0.82791	0.00542
28	0.01373	0.01569	0.03431	0.02451	0.03039	0.01471	0.73824	0.01863	0.01373	0.01863	0.01176	0.01569	0.00882	0.00490	0.00686	0.00196	0.00980	0.00686	0.00294	0.00784
29	0.01206	0.01034	0.01206	0.00861	0.01378	0.00775	0.00689	0.01464	0.01206	0.01895	0.01034	0.01206	0.00861	0.00431	0.00431	0.00086	0.00431	0.00345	0.00345	0.83118
30	0.01010	0.00505	0.00758	0.00758	0.00758	0.00505	0.00505	0.00758	0.00758	0.01010	0.01010	0.01768	0.01010	0.02020	0.02273	0.83081	0.00505	0.00505	0.00253	0.00253
31	0.01498	0.01275	0.01344	0.01194	0.01532	0.01471	0.00933	0.07907	0.69983	0.02516	0.02301	0.02117	0.01722	0.00783	0.00591	0.00196	0.00472	0.00648	0.00591	0.00925
32	0.00687	0.00589	0.00589	0.00589	0.00785	0.00491	0.00442	0.00835	0.01325	0.01571	0.05891	0.05596	0.75700	0.01473	0.00687	0.00196	0.00295	0.01227	0.00540	0.00491
33	0.01215	0.00862	0.01023	0.00981	0.01196	0.00900	0.00757	0.03910	0.25314	0.09005	0.14683	0.21270	0.05164	0.01211	0.00671	0.00211	0.00414	0.09920	0.00590	0.00702
34	0.00719	0.00512	0.00679	0.00800	0.00838	0.00479	0.00534	0.00825	0.01132	0.01517	0.06852	0.73046	0.03876	0.04188	0.00808	0.00244	0.00341	0.01598	0.00539	0.00473
35	0.01469	0.01260	0.01327	0.01188	0.01521	0.01457	0.00926	0.05148	0.72791	0.02468	0.02339	0.02147	0.01752	0.00786	0.00591	0.00197	0.00465	0.00654	0.00591	0.00922
36	0.83671	0.01125	0.00855	0.00765	0.01125	0.01305	0.00630	0.01709	0.00990	0.02609	0.00810	0.00945	0.00630	0.00540	0.00360	0.00180	0.00450	0.00315	0.00360	0.00630
37	0.01256	0.00758	0.00955	0.00885	0.01096	0.00732	0.00678	0.01686	0.12307	0.17081	0.31540	0.17422	0.05637	0.01178	0.00667	0.00198	0.00370	0.04252	0.00623	0.00676
38	0.03528	0.00983	0.01141	0.00989	0.01268	0.01004	0.00771	0.21586	0.06761	0.14904	0.13903	0.20469	0.08031	0.01100	0.00639	0.00194	0.00446	0.00936	0.00596	0.00750
39	0.08461	0.00708	0.00810	0.00741	0.00955	0.00666	0.00568	0.01339	0.04003	0.10683	0.35413	0.04045	0.25092	0.03136	0.00700	0.00196	0.00335	0.00964	0.00586	0.00598
40	0.00821	0.00657	0.00742	0.00709	0.00893	0.00610	0.00535	0.01171	0.08752	0.01982	0.35419	0.04720	0.38293	0.01283	0.00677	0.00191	0.00302	0.01096	0.00588	0.00558
41	0.07663	0.01132	0.01363	0.01080	0.01494	0.01117	0.00881	0.19015	0.06628	0.44980	0.03555	0.05363	0.01498	0.00767	0.00579	0.00182	0.00511	0.00616	0.00646	0.00928
42	0.12280	0.00754	0.00765	0.00727	0.00913	0.00786	0.00547	0.10227	0.01346	0.02188	0.02246	0.15863	0.07910	0.05104	0.00640	0.00192	0.00370	0.00778	0.35781	0.00583
43	0.02183	0.01615	0.01730	0.01332	0.01793	0.01791	0.01099	0.71447	0.05328	0.03621	0.01431	0.01424	0.01017	0.00701	0.00582	0.00175	0.00633	0.00528	0.00582	0.00986
44	0.01010	0.00505	0.00758	0.00758	0.00758	0.00505	0.00505	0.00758	0.00758	0.01010	0.01010	0.01768	0.01010	0.02020	0.02273	0.83081	0.00505	0.00505	0.00253	0.00253
45	0.00796	0.00556	0.00721	0.00797	0.00876	0.00519	0.00553	0.00968	0.02792	0.03687	0.16940	0.57363	0.07986	0.01632	0.00721	0.00222	0.00330	0.01467	0.00565	0.00511

[dist]
# distance from previous block
# <min> <max>
0	1

[block]
# block no. 4 follows, 40 sequences, length 37
# corresponding to MSA columns:
# 196-203,222-240,242-251
name=unknown_E
#
# <colnr> <probs for GDERKNQSTAVLIFYWHMCP>
#	G	D	E	R	K	N	Q	S	T	A	V	L	I	F	Y	W	H	M	C	P
0	0.00727	0.00533	0.00657	0.00742	0.00806	0.00491	0.00497	0.00831	0.01140	0.01488	0.06481	0.52359	0.17223	0.11952	0.01021	0.00270	0.00357	0.01442	0.00519	0.00463
1	0.01378	0.01445	0.01953	0.03719	0.08186	0.09004	0.07273	0.01562	0.01048	0.01485	0.00846	0.01297	0.00786	0.00880	0.01525	0.00231	0.55930	0.00511	0.00265	0.00677
2	0.02211	0.01629	0.01745	0.01338	0.01803	0.01803	0.01105	0.73997	0.02734	0.03665	0.01396	0.01396	0.00989	0.00698	0.00582	0.00175	0.00640	0.00524	0.00582	0.00989
3	0.01219	0.00711	0.00904	0.00829	0.01038	0.00658	0.00635	0.01532	0.06212	0.18066	0.35477	0.14141	0.12078	0.01192	0.00669	0.00194	0.00351	0.02818	0.00626	0.00650
4	0.00886	0.00607	0.00765	0.00748	0.00899	0.00544	0.00550	0.01090	0.01442	0.06272	0.38442	0.23489	0.16876	0.01350	0.00687	0.00196	0.00312	0.01187	0.00593	0.03066
5	0.01072	0.00654	0.00801	0.00729	0.00924	0.00582	0.00550	0.01277	0.01487	0.13948	0.36625	0.04301	0.25963	0.07479	0.00852	0.00217	0.00339	0.01013	0.00599	0.00587
6	0.01580	0.01315	0.01390	0.01210	0.01563	0.01509	0.00953	0.15472	0.62286	0.02648	0.02197	0.02035	0.01638	0.00773	0.00590	0.00193	0.00492	0.00634	0.00590	0.00932
7	0.13782	0.01128	0.01263	0.01025	0.01408	0.01151	0.00837	0.22042	0.05419	0.24672	0.07318	0.02288	0.07436	0.00809	0.00570	0.00181	0.00494	0.03517	0.00581	0.04079
8	0.18186	0.00708	0.00782	0.00758	0.00931	0.00706	0.00559	0.01234	0.01297	0.06924	0.27364	0.20538	0.08535	0.07974	0.00821	0.00228	0.00366	0.00999	0.00532	0.00556
9	0.01122	0.00676	0.00860	0.00779	0.00979	0.00614	0.00596	0.01401	0.03559	0.14809	0.49116	0.06702	0.14187	0.01159	0.00668	0.00186	0.00322	0.01007	0.00635	0.00623
10	0.03252	0.00996	0.01140	0.01028	0.01272	0.01057	0.00798	0.22311	0.11494	0.06544	0.08281	0.21327	0.02492	0.07298	0.00834	0.00233	0.00484	0.07885	0.00558	0.00716
11	0.06483	0.00867	0.00962	0.00882	0.01074	0.00910	0.00648	0.12321	0.11544	0.05411	0.11589	0.16694	0.05103	0.19103	0.01156	0.00279	0.00454	0.00903	0.02987	0.00630
12	0.04864	0.00589	0.00717	0.00787	0.00882	0.00567	0.00551	0.00994	0.04152	0.01723	0.14977	0.52503	0.11394	0.01579	0.00702	0.00219	0.00333	0.01406	0.00549	0.00512
13	0.00706	0.00590	0.00616	0.00609	0.00797	0.00499	0.00457	0.00871	0.01371	0.01678	0.15684	0.05421	0.65840	0.01433	0.00687	0.00194	0.00292	0.01203	0.00554	0.00499
14	0.14730	0.00825	0.00844	0.00740	0.00986	0.00859	0.00581	0.10424	0.01407	0.11637	0.01708	0.01919	0.01309	0.03848	0.00546	0.00170	0.00385	0.00521	0.45903	0.00659
15	0.10074	0.01010	0.01200	0.01004	0.01353	0.01008	0.00798	0.05827	0.16805	0.37084	0.07308	0.08319	0.01901	0.02835	0.00644	0.00198	0.00464	0.00695	0.00621	0.00851
16	0.01010	0.00505	0.00758	0.00758	0.00758	0.00505	0.00505	0.00758	0.00758	0.01010	0.01010	0.01768	0.01010	0.02020	0.02273	0.83081	0.00505	0.00505	0.00253	0.00253
17	0.01010	0.00505	0.00758	0.00758	0.00758	0.00505	0.00505	0.00758	0.00758	0.01010	0.01010	0.01768	0.01010	0.02020	0.02273	0.83081	0.00505	0.00505	0.00253	0.00253
18	0.00831	0.00621	0.00924	0.00924	0.01024	0.00721	0.00714	0.01032	0.00931	0.01342	0.01567	0.02339	0.01477	0.07050	0.74602	0.00921	0.01522	0.00631	0.00313	0.00513
19	0.00697	0.00584	0.00607	0.00614	0.00795	0.00493	0.00455	0.00850	0.01331	0.01614	0.10160	0.10639	0.66211	0.01479	0.00691	0.00198	0.00296	0.01246	0.00546	0.00493
20	0.00846	0.00564	0.00634	0.00634	0.00634	0.00564	0.00352	0.00846	0.00846	0.01128	0.01832	0.03805	0.02114	0.79563	0.02960	0.00564	0.00564	0.00846	0.00352	0.00352
21	0.00709	0.00506	0.00675	0.00810	0.00843	0.00472	0.00540	0.00810	0.01113	0.01484	0.03205	0.79184	0.03846	0.01822	0.00742	0.00236	0.00337	0.01653	0.00540	0.00472
22	0.00848	0.00648	0.00968	0.00958	0.01058	0.00768	0.00748	0.01053	0.00933	0.01352	0.01527	0.02245	0.01427	0.04231	0.74313	0.00908	0.04565	0.00619	0.00309	0.00524
23	0.02200	0.01543	0.01680	0.01299	0.01754	0.01690	0.01069	0.62639	0.07241	0.10558	0.01544	0.01502	0.01082	0.00706	0.00583	0.00176	0.00615	0.00538	0.00596	0.00985
24	0.00831	0.00623	0.00935	0.00935	0.01038	0.00727	0.00727	0.01038	0.00935	0.01350	0.01558	0.02285	0.01454	0.04361	0.77259	0.00935	0.01558	0.00623	0.00312	0.00519
25	0.01206	0.01034	0.01206	0.00861	0.01378	0.00775	0.00689	0.01464	0.01206	0.01895	0.01034	0.01206	0.00861	0.00431	0.00431	0.00086	0.00431	0.00345	0.00345	0.83118
26	0.01407	0.01336	0.02269	0.03410	0.71161	0.01336	0.01731	0.01748	0.01325	0.01890	0.01221	0.01766	0.01076	0.00588	0.00590	0.00179	0.00681	0.05087	0.00304	0.00896
27	0.02461	0.01171	0.04470	0.01108	0.01573	0.01028	0.00945	0.13082	0.03780	0.60805	0.02115	0.01870	0.01355	0.00712	0.00583	0.00180	0.00530	0.00572	0.00677	0.00982
28	0.00831	0.00623	0.00935	0.00935	0.01038	0.00727	0.00727	0.01038	0.00935	0.01350	0.01558	0.02285	0.01454	0.04361	0.77259	0.00935	0.01558	0.00623	0.00312	0.00519
29	0.01961	0.01429	0.01593	0.01347	0.04691	0.01568	0.01051	0.44949	0.19817	0.08844	0.03539	0.01830	0.01378	0.00749	0.00592	0.00183	0.00576	0.02371	0.00583	0.00948
30	0.01537	0.33702	0.30551	0.01348	0.03586	0.06655	0.01442	0.01971	0.04179	0.08414	0.01106	0.01207	0.00850	0.00557	0.00483	0.00158	0.00723	0.00403	0.00308	0.00817
31	0.00937	0.00669	0.00937	0.01071	0.01205	0.00669	0.00937	0.01205	0.01339	0.01740	0.03079	0.06560	0.03347	0.01606	0.00803	0.00268	0.00535	0.72021	0.00535	0.00535
32	0.00687	0.00589	0.00589	0.00589	0.00785	0.00491	0.00442	0.00835	0.01325	0.01571	0.05891	0.05596	0.75700	0.01473	0.00687	0.00196	0.00295	0.01227	0.00540	0.00491
33	0.02581	0.01035	0.01378	0.01056	0.01507	0.00922	0.00873	0.07899	0.01741	0.71166	0.02230	0.01938	0.01407	0.00718	0.00585	0.00180	0.00505	0.00580	0.00710	0.00990
34	0.01192	0.06495	0.70283	0.01658	0.02490	0.01399	0.04918	0.01838	0.01231	0.01821	0.01038	0.01228	0.00743	0.00547	0.00549	0.00182	0.00853	0.00434	0.00248	0.00851
35	0.01098	0.01034	0.01744	0.78165	0.04005	0.01292	0.01615	0.01486	0.01163	0.01486	0.01034	0.01550	0.00775	0.00581	0.00581	0.00194	0.00775	0.00517	0.00258	0.00646
36	0.01098	0.01034	0.01744	0.78165	0.04005	0.01292	0.01615	0.01486	0.01163	0.01486	0.01034	0.01550	0.00775	0.00581	0.00581	0.00194	0.00775	0.00517	0.00258	0.00646

[dist]
# distance from previous block
# <min> <max>
0	44

[block]
# block no. 5 follows, 40 sequences, length 14
# corresponding to MSA columns:
# 296-309
name=unknown_F
#
# <colnr> <probs for GDERKNQSTAVLIFYWHMCP>
#	G	D	E	R	K	N	Q	S	T	A	V	L	I	F	Y	W	H	M	C	P
0	0.01415	0.01583	0.13791	0.12739	0.50614	0.01357	0.01768	0.03683	0.01337	0.04550	0.01129	0.01439	0.00894	0.00544	0.00573	0.00178	0.00720	0.00507	0.00301	0.00880
1	0.01504	0.01435	0.01892	0.36584	0.21995	0.10636	0.01513	0.13876	0.01528	0.01952	0.01094	0.01435	0.00846	0.00587	0.00573	0.00180	0.00764	0.00501	0.00325	0.00778
2	0.00841	0.00637	0.00885	0.00800	0.00960	0.00587	0.03777	0.01118	0.01618	0.02274	0.68933	0.04283	0.08718	0.01172	0.00686	0.00184	0.00306	0.01044	0.00620	0.00556
3	0.01589	0.01256	0.03097	0.09379	0.06169	0.05760	0.01015	0.10249	0.24506	0.14012	0.02505	0.02432	0.13841	0.00828	0.00599	0.00187	0.00549	0.00682	0.00523	0.00822
4	0.05039	0.15054	0.01899	0.03368	0.01784	0.26071	0.01089	0.34315	0.02020	0.02464	0.01107	0.01195	0.00852	0.00624	0.00520	0.00159	0.00765	0.00432	0.00419	0.00825
5	0.83671	0.01125	0.00855	0.00765	0.01125	0.01305	0.00630	0.01709	0.00990	0.02609	0.00810	0.00945	0.00630	0.00540	0.00360	0.00180	0.00450	0.00315	0.00360	0.00630
6	0.01191	0.00797	0.00998	0.00895	0.01114	0.00776	0.03048	0.04537	0.11149	0.12068	0.21140	0.11952	0.16138	0.08878	0.00888	0.00232	0.00412	0.02569	0.00571	0.00645
7	0.01128	0.02716	0.67476	0.01535	0.02292	0.01256	0.01934	0.01723	0.01182	0.01756	0.01138	0.01536	0.00901	0.09997	0.00840	0.00230	0.00824	0.00479	0.00258	0.00799
8	0.01468	0.70435	0.02795	0.00988	0.01438	0.02113	0.00963	0.01657	0.01152	0.01366	0.00898	0.01094	0.00831	0.00959	0.09563	0.00221	0.00734	0.00348	0.00256	0.00719
9	0.01410	0.01201	0.01262	0.01128	0.01451	0.01365	0.00880	0.07105	0.62595	0.02413	0.02690	0.02494	0.09724	0.00857	0.00601	0.00196	0.00453	0.00711	0.00586	0.00878
10	0.00901	0.00666	0.00847	0.00789	0.00916	0.00663	0.00554	0.01025	0.00941	0.01343	0.01591	0.02777	0.01647	0.37048	0.31372	0.00627	0.00927	0.00675	0.00335	0.14355
11	0.66256	0.01114	0.04018	0.00797	0.01140	0.01179	0.00680	0.01612	0.01110	0.02530	0.13420	0.01529	0.01452	0.00650	0.00423	0.00181	0.00437	0.00444	0.00402	0.00626
12	0.01110	0.05977	0.01252	0.01254	0.09459	0.00868	0.03180	0.04477	0.01310	0.04162	0.07494	0.18750	0.02621	0.05980	0.00898	0.04734	0.00505	0.20876	0.04494	0.00597
13	0.07694	0.02931	0.07190	0.19431	0.06941	0.08659	0.03837	0.07949	0.03315	0.01886	0.01541	0.14712	0.01465	0.00834	0.00585	0.00188	0.00656	0.04165	0.00376	0.05645

[dist]
# distance from previous block
# <min> <max>
1	28

# created by:
# /st0/software/busco_prod/Augustus/scripts/msa2prfl.pl ./align_prep/196442.fa
