[name]
unknown

[dist]
# distance from previous block
# <min> <max>
2	41

[block]
# block no. 0 follows, 39 sequences, length 6
# corresponding to MSA columns:
# 61-66
name=unknown_A
#
# <colnr> <probs for GDERKNQSTAVLIFYWHMCP>
#	G	D	E	R	K	N	Q	S	T	A	V	L	I	F	Y	W	H	M	C	P
0	0.06913	0.00844	0.00941	0.07894	0.01281	0.00906	0.00694	0.10050	0.06581	0.06279	0.05721	0.02080	0.01566	0.00711	0.00486	0.00160	0.00405	0.00569	0.45246	0.00672
1	0.11916	0.01019	0.01104	0.00964	0.01241	0.01098	0.00775	0.24516	0.01715	0.05843	0.04351	0.06116	0.01694	0.03043	0.06031	0.00246	0.00558	0.07453	0.19597	0.00718
2	0.01498	0.00897	0.00943	0.00830	0.01060	0.03724	0.00640	0.13134	0.03786	0.11660	0.01898	0.04390	0.01524	0.06605	0.03318	0.00215	0.00469	0.00610	0.42117	0.00682
3	0.05069	0.00972	0.01188	0.07431	0.01464	0.01075	0.03267	0.15561	0.06010	0.04834	0.01678	0.04416	0.01352	0.01146	0.08957	0.00258	0.04173	0.00594	0.29856	0.00700
4	0.10595	0.01219	0.05018	0.23771	0.09932	0.01258	0.01237	0.06469	0.08466	0.14389	0.01777	0.01916	0.06835	0.00719	0.00629	0.00192	0.03778	0.00581	0.00431	0.00789
5	0.09909	0.01156	0.01288	0.00978	0.01447	0.01059	0.00790	0.14346	0.05176	0.09192	0.04186	0.01480	0.01160	0.00572	0.00490	0.00131	0.00479	0.00446	0.00454	0.45262

[dist]
# distance from previous block
# <min> <max>
0	2

[block]
# block no. 1 follows, 39 sequences, length 6
# corresponding to MSA columns:
# 69-74
name=unknown_B
#
# <colnr> <probs for GDERKNQSTAVLIFYWHMCP>
#	G	D	E	R	K	N	Q	S	T	A	V	L	I	F	Y	W	H	M	C	P
0	0.01606	0.05323	0.01268	0.02695	0.01330	0.01041	0.00791	0.14309	0.05849	0.20510	0.11161	0.11304	0.08675	0.08722	0.00889	0.00229	0.02145	0.00833	0.00569	0.00751
1	0.00983	0.00812	0.00808	0.00774	0.00960	0.06000	0.00561	0.03169	0.01335	0.04173	0.07896	0.17554	0.34798	0.11128	0.00964	0.00241	0.00421	0.01105	0.00508	0.05811
2	0.01230	0.00895	0.01109	0.03745	0.01283	0.03269	0.03532	0.09103	0.04641	0.07699	0.18486	0.18337	0.06048	0.08357	0.00962	0.04327	0.00479	0.02310	0.00525	0.03663
3	0.04004	0.01110	0.01284	0.05448	0.01544	0.03754	0.00858	0.12868	0.05683	0.23101	0.06676	0.02361	0.05276	0.06344	0.00752	0.00199	0.00531	0.03315	0.00540	0.14352
4	0.01491	0.05894	0.05468	0.05795	0.25196	0.04516	0.01267	0.16752	0.04773	0.02228	0.06708	0.08563	0.01611	0.03842	0.00685	0.00196	0.00626	0.00665	0.02913	0.00812
5	0.04821	0.01289	0.01445	0.04082	0.05615	0.04128	0.00977	0.25965	0.06505	0.05502	0.03586	0.04494	0.03584	0.00768	0.00573	0.00168	0.00563	0.05603	0.00490	0.19843

[dist]
# distance from previous block
# <min> <max>
6	31

[block]
# block no. 2 follows, 39 sequences, length 16
# corresponding to MSA columns:
# 110-125
name=unknown_C
#
# <colnr> <probs for GDERKNQSTAVLIFYWHMCP>
#	G	D	E	R	K	N	Q	S	T	A	V	L	I	F	Y	W	H	M	C	P
0	0.05793	0.01102	0.01312	0.11207	0.07527	0.03837	0.00954	0.14848	0.07968	0.05817	0.05284	0.14069	0.05078	0.09408	0.00871	0.00233	0.00560	0.00794	0.00473	0.02865
1	0.14273	0.01325	0.02671	0.07823	0.06760	0.13691	0.03382	0.03498	0.03237	0.04464	0.03036	0.04827	0.02888	0.03286	0.00744	0.05665	0.00631	0.05676	0.03323	0.08799
2	0.14071	0.01237	0.01482	0.14771	0.10065	0.07116	0.04241	0.04878	0.12564	0.03616	0.04425	0.07321	0.06458	0.02442	0.00666	0.00201	0.02634	0.00670	0.00418	0.00726
3	0.01439	0.04346	0.01395	0.09655	0.04285	0.01155	0.00949	0.15495	0.04891	0.09811	0.07575	0.12605	0.10837	0.00978	0.00712	0.00190	0.06043	0.00802	0.00498	0.06337
4	0.12406	0.01060	0.01452	0.36185	0.05992	0.01203	0.01188	0.07777	0.02874	0.01953	0.03115	0.04436	0.01158	0.04241	0.03406	0.00227	0.00668	0.00560	0.02223	0.07877
5	0.04281	0.03117	0.04795	0.09733	0.01509	0.04195	0.00843	0.04263	0.01361	0.12422	0.07983	0.14548	0.11763	0.03992	0.00782	0.04274	0.00506	0.00837	0.04712	0.04086
6	0.06064	0.00698	0.00823	0.02280	0.00994	0.00672	0.00576	0.03445	0.01315	0.06364	0.17730	0.21510	0.06553	0.12284	0.00959	0.00243	0.00393	0.00988	0.10400	0.05710
7	0.17857	0.00931	0.01116	0.10831	0.04762	0.00971	0.00830	0.04451	0.04484	0.09561	0.20926	0.04258	0.08651	0.00869	0.00574	0.00183	0.00454	0.00718	0.03261	0.04312
8	0.01013	0.00765	0.00934	0.00811	0.01043	0.00701	0.00624	0.07415	0.01683	0.02381	0.53804	0.03721	0.07884	0.01059	0.00648	0.00171	0.00337	0.00919	0.00594	0.13494
9	0.01107	0.01183	0.08103	0.49111	0.03206	0.01219	0.04678	0.01495	0.01229	0.01623	0.03359	0.02497	0.01370	0.00802	0.00696	0.00212	0.04239	0.12888	0.00322	0.00659
10	0.02375	0.01029	0.01346	0.01042	0.01485	0.00913	0.00853	0.05241	0.05278	0.60006	0.05482	0.02042	0.01599	0.00731	0.00586	0.00176	0.00491	0.00596	0.00684	0.08046
11	0.02268	0.01624	0.01755	0.01345	0.01818	0.01786	0.01111	0.70078	0.02727	0.07281	0.01465	0.01449	0.01028	0.00711	0.00592	0.00178	0.00643	0.00535	0.00599	0.01006
12	0.01548	0.00913	0.01181	0.01152	0.03838	0.00910	0.00915	0.02098	0.16649	0.23094	0.07453	0.04068	0.04517	0.01136	0.00690	0.00221	0.00498	0.27740	0.00608	0.00770
13	0.00953	0.00695	0.00867	0.00791	0.00962	0.00666	0.00602	0.07358	0.01755	0.02454	0.65785	0.04215	0.08266	0.01179	0.00688	0.00186	0.00312	0.01031	0.00641	0.00594
14	0.04998	0.65294	0.11063	0.01093	0.01628	0.04610	0.01131	0.01800	0.01214	0.01500	0.00852	0.00986	0.00753	0.00517	0.00404	0.00136	0.00666	0.00332	0.00259	0.00764
15	0.02242	0.01834	0.01760	0.01386	0.01833	0.13299	0.01127	0.62674	0.02612	0.03379	0.01343	0.01366	0.00968	0.00695	0.00583	0.00174	0.00714	0.00509	0.00548	0.00957

[dist]
# distance from previous block
# <min> <max>
1	7

[block]
# block no. 3 follows, 39 sequences, length 89
# corresponding to MSA columns:
# 133-156,161-186,190-228
name=unknown_D
#
# <colnr> <probs for GDERKNQSTAVLIFYWHMCP>
#	G	D	E	R	K	N	Q	S	T	A	V	L	I	F	Y	W	H	M	C	P
0	0.02217	0.03630	0.01722	0.01287	0.01747	0.01681	0.01062	0.60077	0.02529	0.11773	0.01512	0.01536	0.01079	0.02801	0.00648	0.00185	0.00627	0.00539	0.00587	0.02762
1	0.04258	0.34894	0.02267	0.01273	0.01666	0.32986	0.01078	0.08591	0.01523	0.01667	0.00913	0.01057	0.00780	0.00593	0.00533	0.00150	0.04348	0.00372	0.00309	0.00743
2	0.00897	0.00602	0.00675	0.00664	0.00677	0.00607	0.00379	0.02809	0.00911	0.01216	0.01851	0.03804	0.02119	0.77111	0.02945	0.00563	0.00575	0.00851	0.00365	0.00376
3	0.01632	0.00780	0.01029	0.00872	0.01155	0.00689	0.00687	0.01869	0.01629	0.35187	0.33139	0.06711	0.10021	0.01050	0.00654	0.00188	0.00384	0.00900	0.00673	0.00750
4	0.01506	0.01790	0.11517	0.07664	0.48738	0.11668	0.04924	0.01881	0.01371	0.01831	0.01079	0.01396	0.00879	0.00545	0.00581	0.00176	0.00792	0.00503	0.00287	0.00871
5	0.01117	0.01051	0.01774	0.77795	0.04073	0.01314	0.01642	0.01511	0.01182	0.01511	0.01051	0.01577	0.00788	0.00591	0.00591	0.00197	0.00788	0.00526	0.00263	0.00657
6	0.00977	0.00676	0.00886	0.00960	0.01128	0.00644	0.00817	0.01218	0.01386	0.05575	0.06175	0.06124	0.20319	0.01541	0.00774	0.00248	0.00476	0.48961	0.00559	0.00558
7	0.01199	0.05561	0.73763	0.01664	0.02525	0.01405	0.02147	0.01869	0.01247	0.01857	0.01053	0.01239	0.00749	0.00560	0.00556	0.00185	0.00866	0.00433	0.00250	0.00870
8	0.01285	0.01307	0.02478	0.31565	0.21246	0.01372	0.26032	0.01695	0.01294	0.01745	0.01183	0.03929	0.00958	0.00583	0.00631	0.00194	0.00824	0.00620	0.00291	0.00768
9	0.02608	0.01036	0.01385	0.01067	0.01522	0.00919	0.00880	0.05324	0.03676	0.71484	0.02304	0.01998	0.01457	0.00733	0.00595	0.00183	0.00507	0.00595	0.00724	0.01005
10	0.01027	0.00514	0.00770	0.00770	0.00770	0.00514	0.00514	0.00770	0.00770	0.01027	0.01027	0.01798	0.01027	0.02054	0.02311	0.82794	0.00514	0.00514	0.00257	0.00257
11	0.00747	0.00588	0.02561	0.00857	0.00919	0.00514	0.00610	0.00877	0.01159	0.01551	0.04812	0.71530	0.03845	0.01795	0.00752	0.00239	0.00365	0.05241	0.00544	0.00495
12	0.00699	0.00599	0.00599	0.00599	0.00799	0.00499	0.00449	0.00849	0.01348	0.01598	0.05991	0.05691	0.75288	0.01498	0.00699	0.00200	0.00300	0.01248	0.00549	0.00499
13	0.02186	0.01615	0.01731	0.01337	0.01793	0.01789	0.01098	0.69330	0.05069	0.03618	0.01464	0.01510	0.01062	0.02795	0.00656	0.00189	0.00643	0.00546	0.00586	0.00986
14	0.01421	0.01525	0.03088	0.02912	0.29789	0.01462	0.47003	0.01865	0.01378	0.01908	0.01165	0.01547	0.00912	0.00509	0.00656	0.00191	0.00888	0.00635	0.00297	0.00849
15	0.01396	0.01595	0.03490	0.02493	0.03091	0.01496	0.73380	0.01894	0.01396	0.01894	0.01196	0.01595	0.00897	0.00499	0.00698	0.00199	0.00997	0.00698	0.00299	0.00798
16	0.01226	0.01051	0.01226	0.00876	0.01401	0.00788	0.00701	0.01489	0.01226	0.01927	0.01051	0.01226	0.00876	0.00438	0.00438	0.00088	0.00438	0.00350	0.00350	0.82832
17	0.01206	0.01118	0.01802	0.63597	0.05572	0.01354	0.03820	0.04045	0.08334	0.01700	0.01200	0.01630	0.00901	0.00611	0.00595	0.00196	0.00757	0.00545	0.00308	0.00707
18	0.01226	0.01051	0.01226	0.00876	0.01401	0.00788	0.00701	0.01489	0.01226	0.01927	0.01051	0.01226	0.00876	0.00438	0.00438	0.00088	0.00438	0.00350	0.00350	0.82832
19	0.00844	0.00696	0.00757	0.00732	0.00908	0.02689	0.00548	0.01132	0.05563	0.01972	0.35374	0.08592	0.35375	0.01328	0.00691	0.00195	0.00324	0.01137	0.00589	0.00553
20	0.11799	0.01103	0.01312	0.01194	0.07332	0.01098	0.00879	0.17788	0.01754	0.25543	0.08915	0.02357	0.10500	0.00815	0.00579	0.00180	0.00494	0.00657	0.02595	0.03106
21	0.01102	0.00551	0.00551	0.00551	0.00689	0.00551	0.00413	0.01378	0.01240	0.02205	0.01929	0.02205	0.01516	0.00689	0.00413	0.00138	0.00276	0.00551	0.82500	0.00551
22	0.02137	0.01595	0.01706	0.01329	0.01782	0.01769	0.01091	0.64982	0.09898	0.03557	0.01616	0.01589	0.02671	0.00736	0.00595	0.00180	0.00625	0.00561	0.00592	0.00988
23	0.02149	0.01607	0.01719	0.01341	0.01796	0.01788	0.01100	0.64607	0.11890	0.03568	0.01545	0.01520	0.01107	0.00722	0.00593	0.00180	0.00628	0.00550	0.00593	0.00997
24	0.01102	0.00551	0.00551	0.00551	0.00689	0.00551	0.00413	0.01378	0.01240	0.02205	0.01929	0.02205	0.01516	0.00689	0.00413	0.00138	0.00276	0.00551	0.82500	0.00551
25	0.04123	0.17953	0.17839	0.01670	0.05875	0.21772	0.12727	0.05878	0.01470	0.03924	0.01046	0.01228	0.00819	0.00564	0.00537	0.00166	0.00852	0.00450	0.00311	0.00796
26	0.02259	0.01599	0.01734	0.01334	0.01803	0.01754	0.01100	0.66575	0.04482	0.09039	0.01512	0.01483	0.01059	0.00714	0.00592	0.00178	0.00635	0.00540	0.00602	0.01004
27	0.01956	0.02096	0.03999	0.02081	0.23480	0.36706	0.01337	0.07784	0.05712	0.07493	0.01207	0.01351	0.00943	0.00612	0.00562	0.00167	0.00846	0.00469	0.00371	0.00828
28	0.83394	0.01144	0.00869	0.00778	0.01144	0.01327	0.00640	0.01738	0.01006	0.02653	0.00823	0.00961	0.00640	0.00549	0.00366	0.00183	0.00457	0.00320	0.00366	0.00640
29	0.01368	0.05666	0.01799	0.01454	0.01532	0.03435	0.01209	0.07283	0.01104	0.01611	0.00973	0.04854	0.00959	0.01114	0.04018	0.00263	0.59824	0.00561	0.00302	0.00672
30	0.00847	0.00645	0.00842	0.00869	0.04720	0.00592	0.00605	0.01108	0.01603	0.02222	0.60013	0.04475	0.16801	0.01221	0.00692	0.00188	0.00304	0.01071	0.00616	0.00568
31	0.01241	0.13649	0.66042	0.01592	0.02415	0.01507	0.02023	0.01859	0.01242	0.01806	0.01028	0.01207	0.00750	0.00554	0.00537	0.00179	0.00841	0.00420	0.00250	0.00858
32	0.01102	0.00551	0.00551	0.00551	0.00689	0.00551	0.00413	0.01378	0.01240	0.02205	0.01929	0.02205	0.01516	0.00689	0.00413	0.00138	0.00276	0.00551	0.82500	0.00551
33	0.03816	0.01403	0.02223	0.07840	0.60298	0.04801	0.03122	0.01785	0.01360	0.01927	0.04915	0.01593	0.01150	0.00570	0.00585	0.00177	0.00701	0.00546	0.00312	0.00877
34	0.01027	0.00514	0.00770	0.00770	0.00770	0.00514	0.00514	0.00770	0.00770	0.01027	0.01027	0.01798	0.01027	0.02054	0.02311	0.82794	0.00514	0.00514	0.00257	0.00257
35	0.01102	0.00551	0.00551	0.00551	0.00689	0.00551	0.00413	0.01378	0.01240	0.02205	0.01929	0.02205	0.01516	0.00689	0.00413	0.00138	0.00276	0.00551	0.82500	0.00551
36	0.27274	0.01165	0.01443	0.08798	0.07692	0.01214	0.03472	0.07983	0.03493	0.29580	0.01531	0.01543	0.01053	0.00637	0.00526	0.00184	0.00561	0.00498	0.00507	0.00844
37	0.83394	0.01144	0.00869	0.00778	0.01144	0.01327	0.00640	0.01738	0.01006	0.02653	0.00823	0.00961	0.00640	0.00549	0.00366	0.00183	0.00457	0.00320	0.00366	0.00640
38	0.01471	0.01270	0.01337	0.01203	0.01538	0.01471	0.00936	0.03142	0.74459	0.02474	0.02407	0.02206	0.01805	0.00802	0.00602	0.00201	0.00468	0.00669	0.00602	0.00936
39	0.83394	0.01144	0.00869	0.00778	0.01144	0.01327	0.00640	0.01738	0.01006	0.02653	0.00823	0.00961	0.00640	0.00549	0.00366	0.00183	0.00457	0.00320	0.00366	0.00640
40	0.00860	0.00573	0.00645	0.00645	0.00645	0.00573	0.00358	0.00860	0.00860	0.01147	0.01863	0.03870	0.02150	0.79217	0.03010	0.00573	0.00573	0.00860	0.00358	0.00358
41	0.00856	0.00571	0.00646	0.00651	0.00652	0.00570	0.00364	0.00859	0.00869	0.01158	0.01907	0.06235	0.02206	0.76776	0.02939	0.00563	0.00566	0.00886	0.00364	0.00362
42	0.00717	0.00602	0.00625	0.00624	0.00817	0.00509	0.00472	0.00881	0.01377	0.01669	0.11908	0.05606	0.67414	0.01476	0.00702	0.00200	0.00304	0.03034	0.00558	0.00505
43	0.00718	0.00526	0.00674	0.00792	0.00850	0.00483	0.00535	0.00827	0.01162	0.01522	0.03639	0.68665	0.13832	0.01803	0.00747	0.00235	0.00337	0.01621	0.00549	0.00483
44	0.83394	0.01144	0.00869	0.00778	0.01144	0.01327	0.00640	0.01738	0.01006	0.02653	0.00823	0.00961	0.00640	0.00549	0.00366	0.00183	0.00457	0.00320	0.00366	0.00640
45	0.01755	0.58346	0.02705	0.01153	0.01604	0.22944	0.01048	0.01934	0.01333	0.01407	0.00848	0.00981	0.00760	0.00535	0.00422	0.00134	0.00752	0.00334	0.00267	0.00739
46	0.02169	0.05328	0.01754	0.01555	0.04002	0.65998	0.01157	0.08059	0.01739	0.01643	0.00958	0.01103	0.00786	0.00611	0.00534	0.00154	0.01007	0.00395	0.00326	0.00721
47	0.00944	0.00677	0.00940	0.01068	0.01205	0.00673	0.00930	0.01213	0.01370	0.01783	0.05273	0.06583	0.05140	0.01618	0.00811	0.00268	0.00531	0.67881	0.00548	0.00544
48	0.00721	0.00515	0.00686	0.00823	0.00858	0.00480	0.00549	0.00823	0.01132	0.01510	0.03259	0.78831	0.03911	0.01853	0.00755	0.00240	0.00343	0.01681	0.00549	0.00480
49	0.01102	0.00551	0.00551	0.00551	0.00689	0.00551	0.00413	0.01378	0.01240	0.02205	0.01929	0.02205	0.01516	0.00689	0.00413	0.00138	0.00276	0.00551	0.82500	0.00551
50	0.01296	0.02295	0.38234	0.02107	0.02837	0.01437	0.39337	0.01884	0.01325	0.01884	0.01132	0.01429	0.00826	0.00529	0.00633	0.00194	0.00938	0.00573	0.00275	0.00834
51	0.00837	0.00604	0.00790	0.00744	0.00883	0.00558	0.00558	0.01116	0.01674	0.02371	0.75216	0.04417	0.05580	0.01209	0.00697	0.00186	0.00279	0.01069	0.00651	0.00558
52	0.01226	0.01051	0.01226	0.00876	0.01401	0.00788	0.00701	0.01489	0.01226	0.01927	0.01051	0.01226	0.00876	0.00438	0.00438	0.00088	0.00438	0.00350	0.00350	0.82832
53	0.02248	0.01656	0.01775	0.01361	0.01834	0.01834	0.01124	0.73556	0.02780	0.03727	0.01420	0.01420	0.01006	0.00710	0.00592	0.00177	0.00651	0.00532	0.00592	0.01006
54	0.01162	0.01097	0.01855	0.68192	0.13325	0.01326	0.01665	0.01550	0.01204	0.01565	0.01059	0.01562	0.00808	0.00583	0.00591	0.00194	0.00777	0.00526	0.00267	0.00693
55	0.04290	0.02747	0.01658	0.01500	0.01811	0.73085	0.01129	0.04075	0.01686	0.01534	0.00924	0.01072	0.00765	0.00610	0.00530	0.00154	0.01041	0.00383	0.00313	0.00692
56	0.01509	0.01289	0.01358	0.01211	0.01552	0.01489	0.00945	0.06557	0.70984	0.02535	0.02359	0.02168	0.01766	0.00798	0.00601	0.00199	0.00477	0.00662	0.00601	0.00939
57	0.01800	0.01480	0.01663	0.08386	0.07827	0.04129	0.01158	0.33376	0.28501	0.02852	0.01703	0.01711	0.01263	0.00715	0.00593	0.00187	0.00615	0.00576	0.00532	0.00933
58	0.01102	0.00551	0.00551	0.00551	0.00689	0.00551	0.00413	0.01378	0.01240	0.02205	0.01929	0.02205	0.01516	0.00689	0.00413	0.00138	0.00276	0.00551	0.82500	0.00551
59	0.00821	0.00601	0.00770	0.00734	0.00875	0.00550	0.00548	0.01083	0.01627	0.02275	0.66730	0.07092	0.11571	0.01256	0.00700	0.00189	0.00283	0.01106	0.00639	0.00550
60	0.00723	0.00620	0.00622	0.00618	0.00822	0.00530	0.00465	0.00921	0.03655	0.01625	0.05878	0.05581	0.72969	0.01476	0.00696	0.00200	0.00305	0.01230	0.00551	0.00513
61	0.01102	0.00551	0.00551	0.00551	0.00689	0.00551	0.00413	0.01378	0.01240	0.02205	0.01929	0.02205	0.01516	0.00689	0.00413	0.00138	0.00276	0.00551	0.82500	0.00551
62	0.06081	0.03670	0.01451	0.01119	0.01533	0.01268	0.00920	0.22058	0.12597	0.33363	0.01976	0.01943	0.01387	0.00745	0.00574	0.00183	0.00529	0.02667	0.05004	0.00933
63	0.83394	0.01144	0.00869	0.00778	0.01144	0.01327	0.00640	0.01738	0.01006	0.02653	0.00823	0.00961	0.00640	0.00549	0.00366	0.00183	0.00457	0.00320	0.00366	0.00640
64	0.01427	0.01510	0.07388	0.03351	0.63520	0.01390	0.06879	0.01809	0.01344	0.01921	0.01169	0.01598	0.00987	0.00557	0.00598	0.00181	0.00731	0.02432	0.00297	0.00912
65	0.83394	0.01144	0.00869	0.00778	0.01144	0.01327	0.00640	0.01738	0.01006	0.02653	0.00823	0.00961	0.00640	0.00549	0.00366	0.00183	0.00457	0.00320	0.00366	0.00640
66	0.01979	0.01402	0.01529	0.01205	0.01587	0.01527	0.00966	0.54920	0.02341	0.06936	0.01640	0.01951	0.02838	0.13048	0.03180	0.00262	0.00650	0.00605	0.00554	0.00880
67	0.01540	0.00990	0.01204	0.01170	0.05449	0.03533	0.00883	0.04364	0.14306	0.20348	0.17514	0.03576	0.06494	0.01045	0.00664	0.00204	0.00484	0.14862	0.00602	0.00769
68	0.01336	0.00896	0.01087	0.11155	0.01487	0.00952	0.03117	0.14426	0.03539	0.02368	0.01664	0.01909	0.01281	0.00664	0.00485	0.00154	0.00449	0.00542	0.47578	0.04910
69	0.01102	0.00551	0.00551	0.00551	0.00689	0.00551	0.00413	0.01378	0.01240	0.02205	0.01929	0.02205	0.01516	0.00689	0.00413	0.00138	0.00276	0.00551	0.82500	0.00551
70	0.02131	0.01422	0.01634	0.01364	0.05504	0.01501	0.01057	0.41778	0.11494	0.18409	0.01697	0.01634	0.01191	0.00700	0.00584	0.00176	0.00586	0.00551	0.00592	0.05995
71	0.01602	0.77006	0.03051	0.01029	0.01528	0.04832	0.01016	0.01791	0.01217	0.01393	0.00825	0.00953	0.00759	0.00509	0.00385	0.00127	0.00647	0.00318	0.00255	0.00756
72	0.01102	0.00551	0.00551	0.00551	0.00689	0.00551	0.00413	0.01378	0.01240	0.02205	0.01929	0.02205	0.01516	0.00689	0.00413	0.00138	0.00276	0.00551	0.82500	0.00551
73	0.01452	0.01438	0.02587	0.03434	0.63084	0.01421	0.14109	0.01829	0.01355	0.01926	0.01127	0.01486	0.00930	0.00522	0.00605	0.00180	0.00753	0.00556	0.00294	0.00913
74	0.83394	0.01144	0.00869	0.00778	0.01144	0.01327	0.00640	0.01738	0.01006	0.02653	0.00823	0.00961	0.00640	0.00549	0.00366	0.00183	0.00457	0.00320	0.00366	0.00640
75	0.01471	0.01270	0.01337	0.01203	0.01538	0.01471	0.00936	0.03142	0.74459	0.02474	0.02407	0.02206	0.01805	0.00802	0.00602	0.00201	0.00468	0.00669	0.00602	0.00936
76	0.83394	0.01144	0.00869	0.00778	0.01144	0.01327	0.00640	0.01738	0.01006	0.02653	0.00823	0.00961	0.00640	0.00549	0.00366	0.00183	0.00457	0.00320	0.00366	0.00640
77	0.00915	0.00666	0.00801	0.00768	0.00770	0.00735	0.00487	0.00936	0.00868	0.01187	0.01718	0.03505	0.01959	0.67439	0.04693	0.00543	0.10455	0.00811	0.00345	0.00399
78	0.01122	0.01059	0.01775	0.75453	0.03996	0.01329	0.01632	0.01508	0.01174	0.01508	0.01043	0.01568	0.00788	0.00605	0.00633	0.00199	0.03165	0.00525	0.00263	0.00657
79	0.02653	0.01006	0.01372	0.01052	0.01510	0.00869	0.00869	0.02882	0.01693	0.75937	0.02333	0.02013	0.01464	0.00732	0.00595	0.00183	0.00503	0.00595	0.00732	0.01006
80	0.01437	0.01386	0.02401	0.05843	0.67694	0.01389	0.05479	0.01795	0.01344	0.01913	0.01165	0.01603	0.00991	0.00555	0.00597	0.00180	0.00717	0.02301	0.00298	0.00911
81	0.01027	0.00514	0.00770	0.00770	0.00770	0.00514	0.00514	0.00770	0.00770	0.01027	0.01027	0.01798	0.01027	0.02054	0.02311	0.82794	0.00514	0.00514	0.00257	0.00257
82	0.00721	0.00515	0.00686	0.00823	0.00858	0.00480	0.00549	0.00823	0.01132	0.01510	0.03259	0.78831	0.03911	0.01853	0.00755	0.00240	0.00343	0.01681	0.00549	0.00480
83	0.48795	0.01884	0.30156	0.01140	0.01706	0.01330	0.01248	0.01828	0.01123	0.04742	0.00965	0.01107	0.00710	0.00560	0.00450	0.00185	0.00621	0.00375	0.00333	0.00743
84	0.01308	0.07457	0.52053	0.01736	0.05120	0.06062	0.08574	0.01867	0.01281	0.01814	0.01045	0.01259	0.00778	0.00558	0.00586	0.00178	0.02535	0.00451	0.00265	0.05073
85	0.01226	0.01051	0.01226	0.00876	0.01401	0.00788	0.00701	0.01489	0.01226	0.01927	0.01051	0.01226	0.00876	0.00438	0.00438	0.00088	0.00438	0.00350	0.00350	0.82832
86	0.01255	0.01071	0.01259	0.03175	0.01495	0.00846	0.00745	0.03389	0.02826	0.01973	0.01090	0.01263	0.00896	0.00457	0.00450	0.00096	0.00454	0.00367	0.00359	0.76535
87	0.00892	0.00711	0.00786	0.00738	0.00950	0.00656	0.00558	0.03399	0.07760	0.01964	0.22163	0.08572	0.38783	0.01274	0.00666	0.00189	0.00329	0.01081	0.03149	0.05379
88	0.01582	0.11660	0.07840	0.03626	0.01827	0.05166	0.06862	0.22932	0.01704	0.02299	0.01312	0.06895	0.01120	0.00788	0.03034	0.00182	0.00679	0.00547	0.00405	0.19540

[dist]
# distance from previous block
# <min> <max>
0	12

# created by:
# /st0/software/busco_prod/Augustus/scripts/msa2prfl.pl ./align_prep/196453.fa
