[name]
unknown

[dist]
# distance from previous block
# <min> <max>
0	30

[block]
# block no. 0 follows, 40 sequences, length 24
# corresponding to MSA columns:
# 30-53
name=unknown_A
#
# <colnr> <probs for GDERKNQSTAVLIFYWHMCP>
#	G	D	E	R	K	N	Q	S	T	A	V	L	I	F	Y	W	H	M	C	P
0	0.00937	0.00669	0.00937	0.01071	0.01205	0.00669	0.00937	0.01205	0.01339	0.01740	0.03079	0.06560	0.03347	0.01606	0.00803	0.00268	0.00535	0.72021	0.00535	0.00535
1	0.66206	0.01096	0.00961	0.00823	0.01202	0.01208	0.00678	0.01952	0.01135	0.18494	0.01130	0.01168	0.00804	0.00579	0.00408	0.00180	0.00460	0.00373	0.00437	0.00707
2	0.46208	0.01083	0.01258	0.35881	0.02431	0.01299	0.01077	0.01608	0.01068	0.02099	0.00911	0.01219	0.00696	0.00559	0.00460	0.00186	0.00597	0.00406	0.00314	0.00637
3	0.02211	0.01629	0.01745	0.01338	0.01803	0.01803	0.01105	0.73997	0.02734	0.03665	0.01396	0.01396	0.00989	0.00698	0.00582	0.00175	0.00640	0.00524	0.00582	0.00989
4	0.01098	0.01034	0.01744	0.78165	0.04005	0.01292	0.01615	0.01486	0.01163	0.01486	0.01034	0.01550	0.00775	0.00581	0.00581	0.00194	0.00775	0.00517	0.00258	0.00646
5	0.01098	0.01034	0.01744	0.78165	0.04005	0.01292	0.01615	0.01486	0.01163	0.01486	0.01034	0.01550	0.00775	0.00581	0.00581	0.00194	0.00775	0.00517	0.00258	0.00646
6	0.01526	0.01326	0.02197	0.10657	0.60162	0.01348	0.01669	0.04648	0.01389	0.07706	0.01193	0.01490	0.00950	0.00547	0.00577	0.00175	0.00682	0.00523	0.00330	0.00902
7	0.00817	0.00608	0.00867	0.00891	0.00964	0.00681	0.00659	0.00975	0.00966	0.01360	0.01952	0.20572	0.02068	0.11656	0.49050	0.00710	0.03457	0.00887	0.00368	0.00494
8	0.01384	0.01325	0.02260	0.15669	0.64268	0.01367	0.01757	0.01736	0.01298	0.01833	0.01084	0.01457	0.00897	0.00528	0.00577	0.00176	0.00705	0.00518	0.00283	0.00877
9	0.01452	0.01501	0.04796	0.30828	0.28319	0.11924	0.06030	0.01801	0.01324	0.04934	0.01100	0.01450	0.00856	0.00561	0.00577	0.00180	0.00788	0.00508	0.00296	0.00776
10	0.02116	0.01569	0.01684	0.01311	0.01754	0.01738	0.01075	0.67422	0.06852	0.03520	0.01513	0.04070	0.01131	0.00741	0.00588	0.00178	0.00619	0.00569	0.00581	0.00968
11	0.01226	0.01215	0.01808	0.61541	0.12018	0.07211	0.01587	0.01583	0.01211	0.01526	0.01023	0.01491	0.00790	0.00588	0.00613	0.00190	0.02931	0.00506	0.00265	0.00679
12	0.01853	0.01121	0.01479	0.01143	0.01580	0.01052	0.05929	0.04418	0.14979	0.31700	0.01790	0.01725	0.01261	0.00649	0.00609	0.00162	0.03925	0.00534	0.00539	0.23554
13	0.01438	0.01378	0.02315	0.03347	0.67742	0.01390	0.04105	0.01889	0.07036	0.01940	0.01195	0.01500	0.00986	0.00538	0.00581	0.00175	0.00683	0.00535	0.00312	0.00917
14	0.00814	0.00594	0.00764	0.00722	0.00863	0.00545	0.00541	0.01079	0.01624	0.02279	0.70772	0.04431	0.10377	0.01209	0.00686	0.00184	0.00276	0.01064	0.00633	0.00545
15	0.01224	0.01176	0.02057	0.54676	0.13946	0.01347	0.11272	0.04259	0.01272	0.01675	0.01075	0.01531	0.00818	0.00565	0.00595	0.00190	0.00786	0.00540	0.00279	0.00716
16	0.00841	0.00591	0.00761	0.00718	0.00855	0.00548	0.00539	0.01115	0.01616	0.02321	0.70494	0.04192	0.05209	0.01153	0.00666	0.00180	0.00274	0.01016	0.06362	0.00548
17	0.62906	0.01118	0.00999	0.00847	0.01231	0.01231	0.00698	0.05113	0.01209	0.18297	0.01150	0.01184	0.00817	0.00585	0.00417	0.00180	0.00468	0.00381	0.00446	0.00722
18	0.00709	0.00506	0.00675	0.00810	0.00843	0.00472	0.00540	0.00810	0.01113	0.01484	0.03205	0.79184	0.03846	0.01822	0.00742	0.00236	0.00337	0.01653	0.00540	0.00472
19	0.01206	0.01034	0.01206	0.00861	0.01378	0.00775	0.00689	0.01464	0.01206	0.01895	0.01034	0.01206	0.00861	0.00431	0.00431	0.00086	0.00431	0.00345	0.00345	0.83118
20	0.01329	0.01269	0.02160	0.27768	0.52601	0.01353	0.01730	0.01688	0.01272	0.01766	0.01074	0.01475	0.00874	0.00539	0.00578	0.00180	0.00718	0.00518	0.00278	0.00832
21	0.01345	0.01286	0.02190	0.24159	0.56081	0.01357	0.01738	0.01702	0.01280	0.01786	0.01077	0.01470	0.00881	0.00536	0.00577	0.00179	0.00714	0.00518	0.00280	0.00845
22	0.01868	0.02207	0.01896	0.02196	0.26678	0.46853	0.01355	0.02082	0.01490	0.01582	0.00956	0.01194	0.00808	0.00599	0.00632	0.00164	0.05962	0.00431	0.00293	0.00755
23	0.01281	0.01169	0.01240	0.00911	0.01411	0.06710	0.00723	0.01531	0.01240	0.01858	0.01023	0.01194	0.00853	0.00444	0.00438	0.00091	0.00479	0.00347	0.00341	0.76718

[dist]
# distance from previous block
# <min> <max>
0	1

[block]
# block no. 1 follows, 40 sequences, length 12
# corresponding to MSA columns:
# 55-66
name=unknown_B
#
# <colnr> <probs for GDERKNQSTAVLIFYWHMCP>
#	G	D	E	R	K	N	Q	S	T	A	V	L	I	F	Y	W	H	M	C	P
0	0.10145	0.01765	0.01776	0.16795	0.20614	0.28035	0.01348	0.01868	0.01328	0.01675	0.00951	0.01255	0.00786	0.00612	0.00672	0.00178	0.08742	0.00445	0.00290	0.00722
1	0.01136	0.01151	0.11611	0.00966	0.01283	0.00915	0.00871	0.16725	0.01733	0.02359	0.32144	0.06490	0.18134	0.01077	0.00647	0.00186	0.00442	0.00911	0.00548	0.00672
2	0.00815	0.00554	0.00653	0.00679	0.00696	0.00543	0.00407	0.00856	0.00961	0.01291	0.07471	0.19962	0.02729	0.57263	0.02321	0.00466	0.00494	0.01033	0.00413	0.00392
3	0.01408	0.01314	0.02061	0.02934	0.56629	0.01354	0.01544	0.02020	0.17044	0.01995	0.01461	0.05108	0.01236	0.00635	0.00587	0.00181	0.00626	0.00599	0.00364	0.00901
4	0.01337	0.01029	0.01219	0.00878	0.01388	0.00783	0.00705	0.01592	0.01249	0.08855	0.01151	0.01278	0.00915	0.00458	0.00445	0.00095	0.00437	0.00367	0.00380	0.75439
5	0.02217	0.01461	0.17437	0.01178	0.01706	0.01031	0.01138	0.08641	0.01648	0.51776	0.01937	0.01775	0.01252	0.00681	0.00572	0.00179	0.00578	0.00545	0.03302	0.00947
6	0.00972	0.00714	0.00795	0.00762	0.00846	0.00751	0.00494	0.01352	0.16760	0.01532	0.09603	0.03512	0.02392	0.54588	0.02218	0.00446	0.00512	0.00827	0.00433	0.00494
7	0.01642	0.11448	0.04612	0.01159	0.01485	0.17633	0.00950	0.12979	0.11980	0.07722	0.01810	0.18068	0.01669	0.00900	0.00572	0.00179	0.00622	0.00727	0.03093	0.00751
8	0.00881	0.00691	0.00801	0.00840	0.00968	0.00698	0.00598	0.01321	0.16924	0.01702	0.05210	0.39824	0.16392	0.07647	0.00875	0.00246	0.00377	0.02903	0.00539	0.00565
9	0.01129	0.00933	0.01084	0.00813	0.01219	0.00730	0.00617	0.01332	0.01129	0.01731	0.01204	0.01762	0.01129	0.17351	0.00971	0.00188	0.00459	0.00452	0.00346	0.65420
10	0.01204	0.01454	0.16577	0.01082	0.01671	0.00918	0.03723	0.01556	0.01217	0.01883	0.01041	0.01224	0.00837	0.00458	0.00465	0.00110	0.00538	0.00375	0.00323	0.63345
11	0.19281	0.01249	0.01791	0.04572	0.39616	0.01276	0.01316	0.05182	0.01379	0.17010	0.01285	0.01443	0.00961	0.00573	0.00532	0.00176	0.00600	0.00488	0.00402	0.00867

[dist]
# distance from previous block
# <min> <max>
4	16

[block]
# block no. 2 follows, 40 sequences, length 27
# corresponding to MSA columns:
# 83-109
name=unknown_C
#
# <colnr> <probs for GDERKNQSTAVLIFYWHMCP>
#	G	D	E	R	K	N	Q	S	T	A	V	L	I	F	Y	W	H	M	C	P
0	0.04221	0.03313	0.01395	0.03203	0.06320	0.01151	0.00897	0.19291	0.07722	0.09356	0.05259	0.09895	0.01573	0.00759	0.00550	0.00160	0.00500	0.00629	0.02440	0.21366
1	0.07027	0.04283	0.19868	0.02073	0.21149	0.01438	0.11549	0.08742	0.01368	0.02010	0.01294	0.03346	0.03780	0.00661	0.00712	0.00189	0.08825	0.00554	0.00323	0.00812
2	0.01010	0.00505	0.00758	0.00758	0.00758	0.00505	0.00505	0.00758	0.00758	0.01010	0.01010	0.01768	0.01010	0.02020	0.02273	0.83081	0.00505	0.00505	0.00253	0.00253
3	0.01555	0.79913	0.03047	0.00995	0.01493	0.02301	0.00995	0.01741	0.01182	0.01368	0.00808	0.00933	0.00746	0.00498	0.00373	0.00124	0.00622	0.00311	0.00249	0.00746
4	0.11003	0.39286	0.08623	0.01050	0.01528	0.05453	0.01010	0.01998	0.01316	0.18652	0.04259	0.01344	0.01086	0.00591	0.00456	0.00152	0.00601	0.00418	0.00387	0.00787
5	0.01387	0.01767	0.16631	0.02810	0.40756	0.04252	0.18081	0.01818	0.01329	0.01858	0.01147	0.01547	0.00934	0.00550	0.00600	0.00182	0.00798	0.02404	0.00288	0.00859
6	0.45433	0.01061	0.01088	0.00892	0.01294	0.01092	0.00736	0.02240	0.01308	0.37388	0.01510	0.01433	0.01012	0.00625	0.00466	0.00180	0.00471	0.00442	0.00530	0.00800
7	0.02121	0.01584	0.01695	0.01320	0.01769	0.01761	0.01084	0.65670	0.11207	0.03520	0.01510	0.01487	0.01081	0.00709	0.00583	0.00177	0.00619	0.00539	0.00583	0.00981
8	0.00813	0.00587	0.00769	0.00738	0.00867	0.00542	0.00548	0.01073	0.01601	0.02260	0.69466	0.10713	0.05347	0.01243	0.00691	0.00187	0.00280	0.01103	0.00632	0.00542
9	0.00710	0.00576	0.00629	0.00645	0.00807	0.00496	0.00473	0.00868	0.01336	0.01664	0.15268	0.17369	0.54152	0.01489	0.00696	0.00201	0.00299	0.01272	0.00554	0.00496
10	0.01420	0.11760	0.16279	0.11393	0.14802	0.03871	0.19349	0.03466	0.01310	0.04578	0.01088	0.01378	0.00844	0.00567	0.00652	0.00181	0.05454	0.00514	0.00294	0.00799
11	0.02172	0.02772	0.01648	0.01498	0.01798	0.77228	0.01124	0.02322	0.01648	0.01423	0.00899	0.01049	0.00749	0.00599	0.00524	0.00150	0.01049	0.00375	0.00300	0.00674
12	0.00831	0.00623	0.00935	0.00935	0.01038	0.00727	0.00727	0.01038	0.00935	0.01350	0.01558	0.02285	0.01454	0.04361	0.77259	0.00935	0.01558	0.00623	0.00312	0.00519
13	0.01548	0.01309	0.02198	0.12351	0.53612	0.01327	0.04613	0.03889	0.01384	0.10290	0.01234	0.01518	0.00962	0.00553	0.00582	0.00177	0.00690	0.00533	0.00341	0.00891
14	0.02241	0.01485	0.01716	0.01314	0.01777	0.01586	0.03805	0.54771	0.04342	0.18520	0.01598	0.01543	0.01098	0.00697	0.00587	0.00177	0.00618	0.00546	0.00599	0.00980
15	0.00846	0.00571	0.00671	0.00690	0.00706	0.00572	0.00423	0.00880	0.00905	0.01206	0.02006	0.08122	0.02295	0.66525	0.04779	0.00531	0.00577	0.06940	0.00377	0.00379
16	0.83671	0.01125	0.00855	0.00765	0.01125	0.01305	0.00630	0.01709	0.00990	0.02609	0.00810	0.00945	0.00630	0.00540	0.00360	0.00180	0.00450	0.00315	0.00360	0.00630
17	0.00810	0.00590	0.00751	0.00716	0.00849	0.00542	0.00529	0.01054	0.01562	0.02180	0.63786	0.06476	0.11238	0.05394	0.00808	0.00206	0.00293	0.01072	0.00614	0.00531
18	0.00797	0.00583	0.00748	0.00729	0.00859	0.00534	0.00539	0.01039	0.01551	0.02160	0.60546	0.13948	0.11210	0.01293	0.00693	0.00191	0.00284	0.01143	0.00619	0.00534
19	0.02320	0.01453	0.01636	0.01255	0.01716	0.01542	0.01036	0.54426	0.02440	0.23651	0.01643	0.01557	0.01113	0.00704	0.00583	0.00176	0.00600	0.00540	0.00620	0.00989
20	0.02144	0.02718	0.01675	0.01578	0.04647	0.74313	0.01149	0.02301	0.01635	0.01442	0.00906	0.01064	0.00756	0.00596	0.00526	0.00151	0.01035	0.00380	0.00299	0.00684
21	0.01206	0.01034	0.01206	0.00861	0.01378	0.00775	0.00689	0.01464	0.01206	0.01895	0.01034	0.01206	0.00861	0.00431	0.00431	0.00086	0.00431	0.00345	0.00345	0.83118
22	0.02172	0.02772	0.01648	0.01498	0.01798	0.77228	0.01124	0.02322	0.01648	0.01423	0.00899	0.01049	0.00749	0.00599	0.00524	0.00150	0.01049	0.00375	0.00300	0.00674
23	0.00742	0.00531	0.00686	0.00771	0.00823	0.00500	0.00518	0.00859	0.01157	0.01555	0.12813	0.55231	0.06767	0.11290	0.02665	0.00283	0.00381	0.01434	0.00525	0.00470
24	0.00718	0.00514	0.00683	0.00803	0.00846	0.00479	0.00541	0.00834	0.01159	0.01557	0.09368	0.72815	0.03986	0.01768	0.00737	0.00232	0.00332	0.01602	0.00548	0.00479
25	0.72106	0.01171	0.00981	0.04028	0.01312	0.01354	0.00718	0.08927	0.01171	0.02668	0.00878	0.01015	0.00672	0.00557	0.00391	0.00180	0.00482	0.00344	0.00378	0.00666
26	0.01378	0.00750	0.00963	0.00829	0.01075	0.00683	0.00649	0.04588	0.01665	0.23472	0.44796	0.03668	0.10981	0.01062	0.00653	0.00183	0.00354	0.00913	0.00651	0.00687

[dist]
# distance from previous block
# <min> <max>
1	4

[block]
# block no. 3 follows, 40 sequences, length 16
# corresponding to MSA columns:
# 114-129
name=unknown_D
#
# <colnr> <probs for GDERKNQSTAVLIFYWHMCP>
#	G	D	E	R	K	N	Q	S	T	A	V	L	I	F	Y	W	H	M	C	P
0	0.01477	0.01341	0.01368	0.01226	0.01530	0.05948	0.00957	0.02925	0.65300	0.02300	0.02166	0.02040	0.01643	0.00794	0.00681	0.00199	0.06040	0.00630	0.00550	0.00886
1	0.01710	0.09430	0.06992	0.08402	0.01872	0.01381	0.01070	0.25446	0.03459	0.10183	0.01293	0.01378	0.00956	0.00586	0.00517	0.00148	0.00589	0.00454	0.00442	0.23692
2	0.04190	0.01281	0.01947	0.09217	0.09490	0.01649	0.07630	0.01498	0.01007	0.01542	0.00861	0.01330	0.00786	0.00862	0.01483	0.00233	0.53532	0.00519	0.00265	0.00679
3	0.00804	0.00635	0.00741	0.00784	0.00944	0.00591	0.00612	0.01070	0.05662	0.01695	0.08696	0.16917	0.38472	0.01502	0.00718	0.00219	0.00368	0.18493	0.00548	0.00528
4	0.00776	0.00598	0.00713	0.00698	0.00859	0.00534	0.00533	0.00999	0.01495	0.01982	0.42282	0.05008	0.33718	0.01333	0.00695	0.00194	0.00301	0.06165	0.00592	0.00524
5	0.01265	0.02320	0.41586	0.02037	0.02767	0.01408	0.36422	0.01852	0.01297	0.01852	0.01107	0.01391	0.00806	0.00523	0.00616	0.00190	0.00917	0.00552	0.00269	0.00824
6	0.01861	0.12204	0.01740	0.01212	0.01613	0.03443	0.01000	0.42687	0.13377	0.04454	0.01653	0.09222	0.01366	0.00795	0.00569	0.00177	0.00586	0.00626	0.00530	0.00886
7	0.06528	0.35776	0.10899	0.01069	0.01559	0.01627	0.01045	0.08290	0.01439	0.14894	0.07703	0.01500	0.01300	0.00621	0.00478	0.00153	0.00582	0.00458	0.00404	0.03674
8	0.02132	0.01422	0.01588	0.01217	0.01680	0.01487	0.01000	0.49014	0.05298	0.16980	0.01560	0.01514	0.01090	0.00673	0.00564	0.00166	0.00580	0.00519	0.00579	0.10935
9	0.00709	0.00506	0.00675	0.00810	0.00843	0.00472	0.00540	0.00810	0.01113	0.01484	0.03205	0.79184	0.03846	0.01822	0.00742	0.00236	0.00337	0.01653	0.00540	0.00472
10	0.01454	0.01692	0.03249	0.02354	0.02912	0.09212	0.66395	0.01910	0.01401	0.01818	0.01148	0.01515	0.00869	0.00501	0.00670	0.00191	0.00987	0.00654	0.00295	0.00773
11	0.01262	0.00730	0.01002	0.00981	0.05445	0.00668	0.00703	0.01524	0.01604	0.18946	0.50011	0.06046	0.04182	0.01077	0.00662	0.00186	0.00359	0.03312	0.00631	0.00667
12	0.01217	0.01044	0.01211	0.00877	0.01385	0.00807	0.00700	0.01542	0.04718	0.01921	0.01097	0.01252	0.00905	0.00448	0.00438	0.00091	0.00432	0.00359	0.00356	0.79200
13	0.01353	0.20247	0.04038	0.01116	0.01597	0.01256	0.08762	0.01616	0.01227	0.05583	0.01180	0.05821	0.01035	0.00573	0.00522	0.00129	0.03047	0.00471	0.00341	0.40087
14	0.01276	0.01050	0.01222	0.04618	0.01475	0.00936	0.00772	0.11726	0.05449	0.02157	0.07517	0.03595	0.06946	0.00664	0.00514	0.00129	0.00454	0.00546	0.00430	0.48527
15	0.01460	0.11632	0.06760	0.08955	0.11496	0.01295	0.09053	0.06608	0.03871	0.08938	0.04616	0.01681	0.03746	0.00606	0.00542	0.00157	0.00620	0.00528	0.00384	0.17051

[dist]
# distance from previous block
# <min> <max>
3	21

[block]
# block no. 4 follows, 40 sequences, length 86
# corresponding to MSA columns:
# 151-236
name=unknown_E
#
# <colnr> <probs for GDERKNQSTAVLIFYWHMCP>
#	G	D	E	R	K	N	Q	S	T	A	V	L	I	F	Y	W	H	M	C	P
0	0.00915	0.12620	0.06721	0.00791	0.01077	0.00871	0.00700	0.01164	0.03205	0.01682	0.13184	0.06081	0.40365	0.02971	0.00677	0.00191	0.00405	0.03008	0.00479	0.02892
1	0.01535	0.67608	0.02725	0.00970	0.01428	0.02045	0.00942	0.01732	0.01255	0.05395	0.08593	0.01339	0.01271	0.00580	0.00416	0.00133	0.00579	0.00402	0.00314	0.00739
2	0.01954	0.07802	0.01733	0.01260	0.01683	0.01716	0.01044	0.53408	0.11946	0.03145	0.01488	0.01527	0.01107	0.00968	0.06312	0.00230	0.00684	0.00531	0.00536	0.00925
3	0.79369	0.05252	0.00970	0.00777	0.01144	0.01357	0.00649	0.01711	0.01000	0.02544	0.00810	0.00944	0.00636	0.00538	0.00361	0.00177	0.00459	0.00315	0.00354	0.00636
4	0.02231	0.01595	0.01724	0.01322	0.01787	0.01754	0.01092	0.70269	0.02678	0.07472	0.01443	0.01427	0.01013	0.00699	0.00582	0.00175	0.00632	0.00527	0.00589	0.00989
5	0.01428	0.57986	0.19905	0.01129	0.01684	0.01990	0.01228	0.01718	0.01175	0.01465	0.00916	0.01151	0.00816	0.04652	0.00550	0.00161	0.00674	0.00366	0.00253	0.00752
6	0.00831	0.06628	0.04914	0.00898	0.01040	0.00693	0.02543	0.01005	0.01213	0.01634	0.13978	0.55753	0.03627	0.01525	0.00695	0.00216	0.00393	0.01371	0.00512	0.00533
7	0.01187	0.07037	0.72700	0.01623	0.02463	0.01400	0.02088	0.01836	0.01225	0.01817	0.01031	0.01212	0.00737	0.00550	0.00543	0.00181	0.00847	0.00423	0.00246	0.00853
8	0.01344	0.02486	0.48689	0.01460	0.02119	0.10634	0.01672	0.07177	0.01384	0.01926	0.01203	0.05342	0.00963	0.00632	0.00545	0.00172	0.00781	0.00493	0.04001	0.06976
9	0.01555	0.79913	0.03047	0.00995	0.01493	0.02301	0.00995	0.01741	0.01182	0.01368	0.00808	0.00933	0.00746	0.00498	0.00373	0.00124	0.00622	0.00311	0.00249	0.00746
10	0.01587	0.75872	0.02974	0.01021	0.01509	0.06226	0.01002	0.01772	0.01206	0.01371	0.00813	0.00939	0.00746	0.00503	0.00381	0.00126	0.00644	0.00314	0.00251	0.00742
11	0.00727	0.00520	0.00691	0.00797	0.00847	0.00484	0.00541	0.00855	0.01198	0.01619	0.14682	0.67324	0.04106	0.01722	0.00733	0.00228	0.00327	0.01558	0.00556	0.00484
12	0.01430	0.01372	0.02343	0.05663	0.73916	0.01379	0.01780	0.01776	0.01320	0.01888	0.01092	0.01442	0.00917	0.00520	0.00576	0.00173	0.00693	0.00518	0.00287	0.00913
13	0.01997	0.01579	0.04544	0.01307	0.01755	0.01682	0.01097	0.52894	0.19782	0.04796	0.01631	0.01585	0.01175	0.00714	0.00583	0.00180	0.00603	0.00553	0.00574	0.00968
14	0.02398	0.00963	0.01297	0.01009	0.01424	0.00847	0.00827	0.04637	0.01692	0.66005	0.10487	0.02228	0.01880	0.00772	0.00596	0.00180	0.00474	0.00635	0.00707	0.00940
15	0.00709	0.00506	0.00675	0.00810	0.00843	0.00472	0.00540	0.00810	0.01113	0.01484	0.03205	0.79184	0.03846	0.01822	0.00742	0.00236	0.00337	0.01653	0.00540	0.00472
16	0.72653	0.01130	0.00976	0.05362	0.01324	0.01340	0.00736	0.01673	0.00992	0.02453	0.00819	0.01005	0.00648	0.00578	0.00489	0.00186	0.06317	0.00341	0.00346	0.00631
17	0.01439	0.01382	0.02360	0.03569	0.75936	0.01382	0.01785	0.01785	0.01324	0.01900	0.01094	0.01439	0.00921	0.00518	0.00576	0.00173	0.00691	0.00518	0.00288	0.00921
18	0.01395	0.01374	0.02455	0.11015	0.57870	0.01386	0.12368	0.01766	0.01315	0.01852	0.01100	0.01470	0.00901	0.00520	0.00593	0.00178	0.00742	0.00543	0.00286	0.00873
19	0.01098	0.01034	0.01744	0.78165	0.04005	0.01292	0.01615	0.01486	0.01163	0.01486	0.01034	0.01550	0.00775	0.00581	0.00581	0.00194	0.00775	0.00517	0.00258	0.00646
20	0.01215	0.01109	0.01865	0.54832	0.22369	0.01283	0.01609	0.01585	0.01231	0.03463	0.03226	0.01613	0.00965	0.00586	0.00583	0.00188	0.00732	0.00534	0.00288	0.00722
21	0.01555	0.79913	0.03047	0.00995	0.01493	0.02301	0.00995	0.01741	0.01182	0.01368	0.00808	0.00933	0.00746	0.00498	0.00373	0.00124	0.00622	0.00311	0.00249	0.00746
22	0.83671	0.01125	0.00855	0.00765	0.01125	0.01305	0.00630	0.01709	0.00990	0.02609	0.00810	0.00945	0.00630	0.00540	0.00360	0.00180	0.00450	0.00315	0.00360	0.00630
23	0.01432	0.01421	0.03970	0.03502	0.72639	0.01383	0.03501	0.01788	0.01323	0.01898	0.01095	0.01438	0.00916	0.00518	0.00578	0.00174	0.00701	0.00520	0.00287	0.00917
24	0.04643	0.01455	0.01619	0.01471	0.09337	0.03493	0.01078	0.45240	0.10710	0.05219	0.04520	0.03888	0.03166	0.00753	0.00585	0.00179	0.00593	0.00599	0.00542	0.00910
25	0.02478	0.00993	0.01328	0.01038	0.01468	0.00883	0.00850	0.02793	0.06481	0.69303	0.02325	0.04217	0.01531	0.00756	0.00590	0.00183	0.00488	0.00620	0.00706	0.00970
26	0.01332	0.01074	0.01266	0.00923	0.01413	0.00877	0.00744	0.05500	0.01299	0.05584	0.01103	0.01257	0.00892	0.00484	0.00507	0.00102	0.03672	0.00373	0.00372	0.71226
27	0.00811	0.00599	0.00766	0.00833	0.00932	0.00549	0.00574	0.03326	0.01177	0.01601	0.02916	0.68378	0.03437	0.01638	0.00704	0.00218	0.00357	0.01478	0.00521	0.09185
28	0.01320	0.01657	0.11061	0.04530	0.04775	0.01402	0.57986	0.01806	0.01337	0.01840	0.01210	0.03755	0.00949	0.00537	0.00660	0.00192	0.00920	0.00668	0.00296	0.03097
29	0.01198	0.01034	0.01246	0.06654	0.01575	0.00814	0.00758	0.01466	0.01203	0.01864	0.01034	0.01232	0.00855	0.00442	0.00442	0.00094	0.00456	0.00357	0.00338	0.76938
30	0.00709	0.00506	0.00675	0.00810	0.00843	0.00472	0.00540	0.00810	0.01113	0.01484	0.03205	0.79184	0.03846	0.01822	0.00742	0.00236	0.00337	0.01653	0.00540	0.00472
31	0.01446	0.01249	0.01315	0.01183	0.01512	0.01446	0.00920	0.03090	0.74885	0.02433	0.02367	0.02170	0.01775	0.00789	0.00592	0.00197	0.00460	0.00657	0.00592	0.00920
32	0.01646	0.01283	0.01578	0.07418	0.13453	0.01417	0.01129	0.13003	0.39924	0.09859	0.01917	0.01877	0.01417	0.00710	0.00586	0.00188	0.00550	0.00598	0.00530	0.00917
33	0.00825	0.00624	0.00786	0.00864	0.01012	0.00585	0.00712	0.01038	0.01331	0.01688	0.07528	0.11961	0.28970	0.01557	0.00752	0.00236	0.00422	0.38051	0.00542	0.00515
34	0.01373	0.01569	0.03431	0.02451	0.03039	0.01471	0.73824	0.01863	0.01373	0.01863	0.01176	0.01569	0.00882	0.00490	0.00686	0.00196	0.00980	0.00686	0.00294	0.00784
35	0.01098	0.01034	0.01744	0.78165	0.04005	0.01292	0.01615	0.01486	0.01163	0.01486	0.01034	0.01550	0.00775	0.00581	0.00581	0.00194	0.00775	0.00517	0.00258	0.00646
36	0.00924	0.00672	0.00840	0.00810	0.00958	0.00659	0.00604	0.01288	0.08857	0.04576	0.45000	0.18208	0.09957	0.01270	0.00713	0.00197	0.02169	0.01111	0.00602	0.00584
37	0.01087	0.00953	0.01342	0.02925	0.01315	0.01255	0.00990	0.01264	0.00947	0.01463	0.01178	0.01743	0.01092	0.02201	0.29398	0.00491	0.40428	0.00554	0.08790	0.00584
38	0.00704	0.00587	0.00614	0.00613	0.00797	0.00497	0.00458	0.00864	0.01356	0.01657	0.13954	0.07911	0.65089	0.01451	0.00689	0.00196	0.00294	0.01221	0.00552	0.00497
39	0.53041	0.01186	0.01149	0.11240	0.01639	0.01361	0.00854	0.15097	0.01359	0.04751	0.01053	0.03150	0.00822	0.00613	0.00447	0.00182	0.00527	0.00423	0.00402	0.00705
40	0.01183	0.01071	0.01780	0.59951	0.11417	0.01244	0.03068	0.01550	0.01201	0.03717	0.01123	0.03088	0.00879	0.00592	0.00577	0.00185	0.00732	0.00535	0.00287	0.05820
41	0.00709	0.00506	0.00675	0.00810	0.00843	0.00472	0.00540	0.00810	0.01113	0.01484	0.03205	0.79184	0.03846	0.01822	0.00742	0.00236	0.00337	0.01653	0.00540	0.00472
42	0.00747	0.00591	0.00672	0.00652	0.00822	0.00516	0.00489	0.00950	0.01467	0.01906	0.36603	0.05045	0.44778	0.01348	0.00687	0.00190	0.00286	0.01150	0.00584	0.00516
43	0.01232	0.11329	0.59733	0.01496	0.02237	0.01372	0.01849	0.01792	0.01231	0.04659	0.01228	0.07066	0.00998	0.00648	0.00548	0.00181	0.00780	0.00514	0.00286	0.00823
44	0.01427	0.01455	0.05820	0.03419	0.70599	0.01382	0.01780	0.01820	0.03184	0.01911	0.01124	0.01448	0.00934	0.00527	0.00575	0.00174	0.00693	0.00518	0.00294	0.00918
45	0.00911	0.00741	0.01089	0.01043	0.01127	0.00919	0.00826	0.01104	0.00927	0.01359	0.01413	0.02100	0.01328	0.03752	0.63522	0.00811	0.15584	0.00602	0.00301	0.00541
46	0.81877	0.01122	0.00866	0.00771	0.01133	0.01295	0.00635	0.01734	0.01005	0.04241	0.00843	0.00968	0.00648	0.00544	0.00365	0.00180	0.00451	0.00321	0.00368	0.00638
47	0.01555	0.79913	0.03047	0.00995	0.01493	0.02301	0.00995	0.01741	0.01182	0.01368	0.00808	0.00933	0.00746	0.00498	0.00373	0.00124	0.00622	0.00311	0.00249	0.00746
48	0.03738	0.63063	0.02725	0.01086	0.01537	0.15299	0.01013	0.01835	0.01253	0.01410	0.00823	0.00959	0.00744	0.00526	0.00427	0.00133	0.02113	0.00326	0.00261	0.00729
49	0.00833	0.00633	0.00904	0.00897	0.00996	0.00723	0.00686	0.01015	0.00957	0.01350	0.01909	0.02656	0.07482	0.10617	0.62460	0.00823	0.03531	0.00688	0.00332	0.00506
50	0.01293	0.01776	0.18864	0.02272	0.12097	0.01372	0.41785	0.01779	0.01344	0.01887	0.06706	0.01679	0.01198	0.00573	0.00673	0.00191	0.02776	0.00632	0.00308	0.00797
51	0.11018	0.01219	0.01484	0.04543	0.06065	0.01242	0.00989	0.24717	0.01883	0.36467	0.03404	0.01690	0.01245	0.00686	0.00561	0.00178	0.00554	0.00541	0.00591	0.00922
52	0.00937	0.00669	0.00937	0.01071	0.01205	0.00669	0.00937	0.01205	0.01339	0.01740	0.03079	0.06560	0.03347	0.01606	0.00803	0.00268	0.00535	0.72021	0.00535	0.00535
53	0.00946	0.00650	0.00748	0.00717	0.00762	0.00673	0.00446	0.06347	0.00996	0.01340	0.01772	0.03472	0.01964	0.66103	0.10242	0.00572	0.00669	0.00799	0.00365	0.00417
54	0.01009	0.00799	0.01213	0.17459	0.07393	0.00854	0.01143	0.01307	0.01301	0.01699	0.02500	0.05123	0.02625	0.01309	0.00740	0.00245	0.00597	0.51637	0.00459	0.00588
55	0.01555	0.79913	0.03047	0.00995	0.01493	0.02301	0.00995	0.01741	0.01182	0.01368	0.00808	0.00933	0.00746	0.00498	0.00373	0.00124	0.00622	0.00311	0.00249	0.00746
56	0.01293	0.01090	0.01246	0.08838	0.01651	0.01231	0.00947	0.05851	0.45370	0.02218	0.04184	0.03040	0.09150	0.00949	0.00630	0.00205	0.00491	0.10277	0.00546	0.00795
57	0.01468	0.01405	0.03919	0.03454	0.72174	0.01366	0.01765	0.01817	0.01332	0.04088	0.01128	0.01451	0.00932	0.00525	0.00575	0.00173	0.00689	0.00518	0.00300	0.00922
58	0.00709	0.00506	0.00675	0.00810	0.00843	0.00472	0.00540	0.00810	0.01113	0.01484	0.03205	0.79184	0.03846	0.01822	0.00742	0.00236	0.00337	0.01653	0.00540	0.00472
59	0.02172	0.02772	0.01648	0.01498	0.01798	0.77228	0.01124	0.02322	0.01648	0.01423	0.00899	0.01049	0.00749	0.00599	0.00524	0.00150	0.01049	0.00375	0.00300	0.00674
60	0.01946	0.01331	0.03885	0.01998	0.27439	0.01291	0.01264	0.20264	0.03661	0.24629	0.05173	0.01743	0.01331	0.00664	0.00585	0.00177	0.00598	0.00566	0.00514	0.00939
61	0.00931	0.00665	0.00930	0.01063	0.01194	0.00664	0.00926	0.01193	0.01332	0.01733	0.03083	0.08649	0.03361	0.01613	0.00801	0.00267	0.00530	0.69997	0.00536	0.00534
62	0.01373	0.01569	0.03431	0.02451	0.03039	0.01471	0.73824	0.01863	0.01373	0.01863	0.01176	0.01569	0.00882	0.00490	0.00686	0.00196	0.00980	0.00686	0.00294	0.00784
63	0.01275	0.01280	0.01824	0.01551	0.01566	0.01773	0.03149	0.01411	0.00903	0.01411	0.00774	0.01280	0.00766	0.01004	0.01877	0.00253	0.76493	0.00513	0.00255	0.00640
64	0.02077	0.01534	0.01658	0.01276	0.01737	0.01661	0.01048	0.61036	0.06986	0.05144	0.01442	0.01439	0.01036	0.00679	0.00568	0.00168	0.00605	0.00516	0.00563	0.08828
65	0.00827	0.00626	0.00776	0.00716	0.00892	0.00555	0.00540	0.01078	0.01556	0.02163	0.57576	0.04333	0.17688	0.01183	0.00667	0.00178	0.00290	0.01030	0.00600	0.06726
66	0.29996	0.01035	0.01182	0.00943	0.01363	0.01007	0.00779	0.02454	0.01436	0.51429	0.01793	0.01630	0.01166	0.00659	0.00509	0.00180	0.00480	0.00494	0.00598	0.00868
67	0.01585	0.01331	0.04240	0.01181	0.01537	0.04747	0.00956	0.02902	0.57200	0.11251	0.04960	0.02140	0.01786	0.00778	0.00590	0.00192	0.00499	0.00642	0.00582	0.00902
68	0.00709	0.00506	0.00675	0.00810	0.00843	0.00472	0.00540	0.00810	0.01113	0.01484	0.03205	0.79184	0.03846	0.01822	0.00742	0.00236	0.00337	0.01653	0.00540	0.00472
69	0.07434	0.02167	0.40011	0.08282	0.25690	0.01355	0.03386	0.01786	0.01238	0.01890	0.01044	0.01306	0.00793	0.00542	0.00550	0.00181	0.00771	0.00461	0.00269	0.00843
70	0.01457	0.01446	0.02441	0.03392	0.66379	0.03927	0.08756	0.01810	0.01340	0.01880	0.01095	0.01439	0.00912	0.00518	0.00585	0.00174	0.00731	0.00530	0.00289	0.00900
71	0.00712	0.00508	0.00674	0.00805	0.00838	0.00475	0.00535	0.00811	0.01106	0.01475	0.03170	0.77250	0.03802	0.03816	0.00799	0.00245	0.00343	0.01632	0.00535	0.00469
72	0.01084	0.00542	0.00542	0.00542	0.00678	0.00542	0.00407	0.01355	0.01220	0.02168	0.01897	0.02168	0.01491	0.00678	0.00407	0.00136	0.00271	0.00542	0.82791	0.00542
73	0.01403	0.01752	0.19584	0.02600	0.38430	0.01378	0.09655	0.02016	0.11433	0.04101	0.01301	0.01520	0.01006	0.00566	0.00585	0.00182	0.00725	0.00537	0.00333	0.00894
74	0.01111	0.01047	0.01767	0.75396	0.06675	0.01295	0.01621	0.01497	0.01169	0.01501	0.01036	0.01546	0.00781	0.00579	0.00581	0.00193	0.00772	0.00517	0.00259	0.00656
75	0.00832	0.00619	0.00912	0.00912	0.01008	0.00715	0.00699	0.01024	0.00928	0.01333	0.01578	0.02399	0.01503	0.09997	0.71691	0.00907	0.01483	0.00640	0.00315	0.00507
76	0.01208	0.03184	0.01893	0.01533	0.01653	0.01538	0.12140	0.01406	0.01004	0.01491	0.03153	0.03530	0.01088	0.01396	0.11655	0.00330	0.50278	0.00591	0.00286	0.00639
77	0.01062	0.00801	0.01089	0.01144	0.06748	0.00780	0.03242	0.06280	0.03305	0.04680	0.18711	0.11020	0.16019	0.01279	0.00703	0.00213	0.00451	0.21310	0.00544	0.00619
78	0.07177	0.05449	0.01209	0.03159	0.01225	0.02637	0.02229	0.01251	0.01013	0.01544	0.03176	0.01939	0.01293	0.05585	0.33025	0.05674	0.11632	0.00555	0.06469	0.03760
79	0.21732	0.01454	0.07451	0.07172	0.38069	0.04273	0.03862	0.01754	0.01234	0.02022	0.01042	0.01373	0.00856	0.00547	0.00521	0.00175	0.00661	0.01637	0.00307	0.03858
80	0.01543	0.42321	0.02534	0.01778	0.22411	0.09639	0.01222	0.01775	0.01271	0.01558	0.00994	0.01323	0.00901	0.00565	0.00495	0.00147	0.02238	0.03170	0.00280	0.03835
81	0.01339	0.01238	0.01968	0.04284	0.47187	0.01294	0.03532	0.03563	0.07274	0.01905	0.01561	0.07510	0.04219	0.00726	0.00694	0.00187	0.06637	0.00648	0.03409	0.00826
82	0.01895	0.02004	0.01402	0.01260	0.01540	0.46602	0.00950	0.03768	0.05835	0.10044	0.01616	0.01834	0.06304	0.07070	0.05152	0.00237	0.00880	0.00529	0.00393	0.00685
83	0.01171	0.06872	0.01287	0.00958	0.04176	0.00889	0.00728	0.04064	0.01303	0.01900	0.07411	0.07231	0.07633	0.00691	0.00500	0.00123	0.00433	0.00575	0.00397	0.51657
84	0.00887	0.00739	0.03816	0.00999	0.03805	0.00686	0.00732	0.01130	0.04766	0.03670	0.04354	0.42131	0.08665	0.02027	0.14370	0.00350	0.02584	0.03250	0.00481	0.00558
85	0.01003	0.00830	0.00887	0.00843	0.01046	0.03682	0.00617	0.06789	0.06840	0.01776	0.03264	0.30455	0.21878	0.05889	0.00785	0.00214	0.00412	0.01113	0.00502	0.11175

[dist]
# distance from previous block
# <min> <max>
0	19

# created by:
# /st0/software/busco_prod/Augustus/scripts/msa2prfl.pl ./align_prep/196423.fa
