[name]
unknown

[dist]
# distance from previous block
# <min> <max>
2	29

[block]
# block no. 0 follows, 39 sequences, length 15
# corresponding to MSA columns:
# 81-95
name=unknown_A
#
# <colnr> <probs for GDERKNQSTAVLIFYWHMCP>
#	G	D	E	R	K	N	Q	S	T	A	V	L	I	F	Y	W	H	M	C	P
0	0.16996	0.09401	0.05707	0.02783	0.01388	0.12176	0.00893	0.03265	0.01266	0.05598	0.05101	0.20044	0.01832	0.04882	0.00774	0.00212	0.05866	0.00761	0.00410	0.00645
1	0.01083	0.04828	0.03255	0.03457	0.11412	0.00919	0.00824	0.04956	0.04635	0.01705	0.04476	0.16507	0.09619	0.21457	0.01242	0.00286	0.00518	0.00891	0.00424	0.07505
2	0.04221	0.01027	0.01031	0.00938	0.01170	0.08031	0.00713	0.09492	0.07167	0.06263	0.05988	0.13357	0.08115	0.05414	0.09143	0.00285	0.00606	0.00798	0.11493	0.04748
3	0.03766	0.01381	0.04037	0.11212	0.24675	0.06599	0.04029	0.01827	0.07420	0.03528	0.01292	0.03825	0.01097	0.00662	0.00683	0.00177	0.07228	0.02199	0.00347	0.14016
4	0.01393	0.01488	0.08476	0.14338	0.22398	0.03991	0.12199	0.07718	0.06222	0.02012	0.03573	0.05540	0.01236	0.00655	0.00603	0.00182	0.00719	0.00613	0.00358	0.06285
5	0.01308	0.01096	0.01306	0.07235	0.01638	0.00930	0.00809	0.08742	0.01367	0.02047	0.01117	0.01367	0.00926	0.03226	0.00556	0.00123	0.00493	0.00401	0.00368	0.64946
6	0.01232	0.00914	0.01078	0.08505	0.01443	0.00949	0.00787	0.10716	0.14140	0.07445	0.10424	0.11976	0.23425	0.03384	0.00723	0.00210	0.00447	0.00959	0.00553	0.00691
7	0.05573	0.01227	0.01170	0.01178	0.07555	0.12429	0.00817	0.13214	0.06919	0.02234	0.01656	0.05521	0.01403	0.05937	0.02259	0.00207	0.00565	0.00593	0.28849	0.00694
8	0.01137	0.00750	0.00916	0.07486	0.03896	0.00780	0.00681	0.06992	0.01297	0.02017	0.01879	0.05844	0.03758	0.07228	0.08937	0.00273	0.00542	0.00643	0.39920	0.05024
9	0.01162	0.00860	0.01024	0.00949	0.01075	0.02958	0.00720	0.10472	0.01249	0.01804	0.01677	0.08845	0.01611	0.13268	0.21182	0.04313	0.09684	0.00703	0.15875	0.00570
10	0.01680	0.01309	0.01543	0.06785	0.01762	0.01441	0.02691	0.37175	0.07775	0.02739	0.03338	0.08133	0.01440	0.04527	0.00804	0.00203	0.06080	0.00655	0.02185	0.07735
11	0.01397	0.00979	0.01247	0.05216	0.01414	0.05290	0.02945	0.01569	0.01247	0.17485	0.04286	0.19903	0.04692	0.08868	0.04931	0.00283	0.13782	0.00878	0.00469	0.03119
12	0.06996	0.01066	0.01380	0.03746	0.14900	0.01052	0.00976	0.11674	0.04090	0.09020	0.05341	0.16436	0.03796	0.00908	0.00596	0.00180	0.00509	0.02717	0.00478	0.14140
13	0.10030	0.02837	0.05543	0.22383	0.03980	0.02516	0.01184	0.15337	0.03477	0.02166	0.02921	0.05528	0.01161	0.02329	0.00707	0.00192	0.06584	0.00560	0.01885	0.08680
14	0.01468	0.01114	0.01360	0.14048	0.01869	0.02880	0.00958	0.10129	0.10122	0.10285	0.01700	0.12477	0.01476	0.00789	0.00599	0.00168	0.02282	0.00659	0.00461	0.25155

[dist]
# distance from previous block
# <min> <max>
7	76

[block]
# block no. 1 follows, 39 sequences, length 8
# corresponding to MSA columns:
# 249-256
name=unknown_B
#
# <colnr> <probs for GDERKNQSTAVLIFYWHMCP>
#	G	D	E	R	K	N	Q	S	T	A	V	L	I	F	Y	W	H	M	C	P
0	0.04033	0.00834	0.00940	0.05530	0.01173	0.03308	0.00642	0.03947	0.05481	0.12481	0.03682	0.11017	0.08646	0.30030	0.01500	0.00334	0.00517	0.00854	0.04466	0.00586
1	0.22288	0.01905	0.01669	0.04338	0.09919	0.33562	0.07612	0.03734	0.01456	0.01958	0.05504	0.01364	0.01065	0.00614	0.00526	0.00171	0.00799	0.00462	0.00345	0.00711
2	0.04356	0.09699	0.06276	0.21754	0.10057	0.07760	0.21132	0.01896	0.01344	0.08436	0.01170	0.01463	0.00882	0.00562	0.00584	0.00182	0.00811	0.00533	0.00324	0.00779
3	0.64072	0.05217	0.01045	0.00822	0.01191	0.01281	0.00678	0.01857	0.01105	0.12652	0.01081	0.01242	0.00831	0.04249	0.00522	0.00198	0.00478	0.00383	0.00410	0.00684
4	0.01000	0.00758	0.00882	0.00816	0.00986	0.00716	0.00571	0.01271	0.08715	0.01559	0.02004	0.11583	0.02131	0.37572	0.01727	0.00360	0.00504	0.07214	0.00420	0.19213
5	0.35022	0.01440	0.01383	0.01639	0.20276	0.15463	0.01005	0.01745	0.01213	0.02040	0.01139	0.05432	0.01051	0.08033	0.00723	0.00215	0.00640	0.00506	0.00344	0.00690
6	0.07821	0.00682	0.00767	0.00756	0.00830	0.00713	0.00495	0.05171	0.01034	0.01500	0.01929	0.14477	0.02149	0.48746	0.10037	0.00508	0.00640	0.00894	0.00397	0.00455
7	0.23062	0.20351	0.01720	0.01150	0.01495	0.33177	0.00931	0.01931	0.01344	0.01753	0.01065	0.07515	0.00993	0.00673	0.00472	0.00162	0.00745	0.00459	0.00329	0.00674

[dist]
# distance from previous block
# <min> <max>
4	22

[block]
# block no. 2 follows, 39 sequences, length 29
# corresponding to MSA columns:
# 279-307
name=unknown_C
#
# <colnr> <probs for GDERKNQSTAVLIFYWHMCP>
#	G	D	E	R	K	N	Q	S	T	A	V	L	I	F	Y	W	H	M	C	P
0	0.26013	0.01637	0.01535	0.04984	0.11779	0.16289	0.01086	0.19138	0.08012	0.02507	0.01171	0.01296	0.00900	0.00620	0.00513	0.00177	0.00673	0.00451	0.00414	0.00804
1	0.35049	0.01702	0.08080	0.01125	0.01532	0.18045	0.00970	0.07018	0.06445	0.10582	0.03510	0.01354	0.01029	0.00633	0.00489	0.00178	0.00644	0.00437	0.00423	0.00756
2	0.01591	0.03950	0.01482	0.07897	0.01788	0.13909	0.01022	0.09328	0.42508	0.02251	0.02120	0.02064	0.05957	0.00777	0.00588	0.00188	0.00607	0.00620	0.00508	0.00845
3	0.32602	0.01076	0.01156	0.05842	0.01475	0.01143	0.00812	0.08735	0.04964	0.22694	0.10517	0.01918	0.03276	0.00731	0.00523	0.00185	0.00485	0.00557	0.00531	0.00777
4	0.01139	0.01074	0.01814	0.73055	0.08640	0.01320	0.01653	0.01530	0.01193	0.01538	0.01055	0.01569	0.00798	0.00587	0.00591	0.00196	0.00783	0.00526	0.00265	0.00675
5	0.00838	0.00634	0.00779	0.00770	0.00916	0.00596	0.00573	0.01152	0.06001	0.02089	0.45076	0.15752	0.17573	0.01347	0.00704	0.00200	0.00313	0.03517	0.00611	0.00559
6	0.00765	0.00555	0.00722	0.00778	0.00864	0.00512	0.00546	0.00940	0.01359	0.01854	0.31744	0.45048	0.08959	0.01578	0.00729	0.00216	0.00315	0.01414	0.00589	0.00512
7	0.62247	0.01113	0.00965	0.00843	0.01200	0.01250	0.00687	0.04652	0.04860	0.09044	0.07243	0.01420	0.01195	0.00639	0.00434	0.00184	0.00455	0.00432	0.00442	0.00694
8	0.02209	0.02819	0.01676	0.01524	0.01828	0.76843	0.01143	0.02361	0.01676	0.01447	0.00914	0.01066	0.00762	0.00609	0.00533	0.00152	0.01066	0.00381	0.00305	0.00686
9	0.00725	0.00532	0.00681	0.00787	0.00851	0.00488	0.00536	0.00846	0.01197	0.01577	0.08204	0.63871	0.14013	0.01762	0.00743	0.00231	0.00333	0.01582	0.00555	0.00488
10	0.05057	0.00973	0.01280	0.01011	0.01419	0.00874	0.00825	0.02633	0.05139	0.60673	0.11518	0.02292	0.01974	0.00790	0.00600	0.00184	0.00472	0.00649	0.00703	0.00934
11	0.00768	0.00537	0.00678	0.00765	0.00794	0.00512	0.00491	0.00848	0.01073	0.01437	0.06011	0.52621	0.03446	0.25482	0.01442	0.00340	0.00411	0.01403	0.00495	0.00446
12	0.02297	0.00928	0.01258	0.00992	0.01387	0.00808	0.00808	0.02536	0.01689	0.61512	0.16625	0.02484	0.02271	0.00825	0.00615	0.00184	0.00459	0.00688	0.00716	0.00918
13	0.06482	0.00775	0.00905	0.00783	0.01076	0.00685	0.00619	0.01640	0.01481	0.27650	0.11541	0.03987	0.37775	0.01143	0.00642	0.00191	0.00378	0.00945	0.00612	0.00691
14	0.55370	0.00940	0.00818	0.00785	0.01049	0.01048	0.00610	0.01459	0.01106	0.02356	0.09237	0.19521	0.01926	0.00923	0.00492	0.00197	0.00412	0.00717	0.00439	0.00594
15	0.00736	0.00527	0.00700	0.00813	0.00861	0.00491	0.00550	0.00863	0.01205	0.01626	0.12958	0.68801	0.04136	0.01766	0.00747	0.00233	0.00334	0.01599	0.00563	0.00491
16	0.06810	0.01239	0.01310	0.01163	0.01510	0.01409	0.00911	0.03030	0.63428	0.08882	0.02299	0.02110	0.01701	0.00780	0.00586	0.00198	0.00470	0.00640	0.00598	0.00923
17	0.00846	0.00631	0.00937	0.00937	0.01037	0.00732	0.00722	0.01047	0.00946	0.01363	0.01597	0.02393	0.01509	0.07828	0.73522	0.00933	0.01538	0.00644	0.00319	0.00520
18	0.00725	0.00516	0.00685	0.00818	0.00851	0.00483	0.00543	0.00825	0.01124	0.01499	0.03217	0.76546	0.03858	0.04211	0.00824	0.00250	0.00350	0.01656	0.00543	0.00477
19	0.02048	0.01340	0.01508	0.01206	0.01617	0.01434	0.00979	0.36770	0.17736	0.19136	0.08256	0.01978	0.01675	0.00778	0.00604	0.00184	0.00547	0.00622	0.00630	0.00952
20	0.01047	0.00735	0.00939	0.00937	0.01109	0.00735	0.00752	0.01490	0.11135	0.05663	0.32381	0.06516	0.03949	0.04424	0.00815	0.00235	0.00420	0.25505	0.00597	0.00615
21	0.01574	0.01321	0.01395	0.01224	0.01577	0.01519	0.00961	0.12450	0.64985	0.02639	0.02277	0.02102	0.01700	0.00790	0.00600	0.00198	0.00492	0.00651	0.00600	0.00945
22	0.83394	0.01144	0.00869	0.00778	0.01144	0.01327	0.00640	0.01738	0.01006	0.02653	0.00823	0.00961	0.00640	0.00549	0.00366	0.00183	0.00457	0.00320	0.00366	0.00640
23	0.01396	0.01573	0.03364	0.02530	0.07493	0.01501	0.66448	0.01873	0.01376	0.01880	0.01177	0.01577	0.00895	0.00519	0.00735	0.00200	0.03685	0.00681	0.00297	0.00801
24	0.00739	0.00522	0.00681	0.00800	0.00830	0.00493	0.00524	0.00828	0.01096	0.01462	0.03075	0.68923	0.03679	0.12079	0.01053	0.00284	0.00374	0.01573	0.00524	0.00464
25	0.58234	0.01115	0.01146	0.24329	0.02039	0.01323	0.00947	0.01669	0.01060	0.02304	0.00893	0.01149	0.00686	0.00562	0.00435	0.00187	0.00559	0.00383	0.00334	0.00645
26	0.01027	0.00514	0.00770	0.00770	0.00770	0.00514	0.00514	0.00770	0.00770	0.01027	0.01027	0.01798	0.01027	0.02054	0.02311	0.82794	0.00514	0.00514	0.00257	0.00257
27	0.00785	0.00582	0.00719	0.00725	0.00845	0.00530	0.00521	0.00981	0.01437	0.01947	0.40692	0.20800	0.19310	0.06394	0.00858	0.00225	0.00316	0.01226	0.00589	0.00516
28	0.00749	0.00534	0.00675	0.00772	0.00814	0.00502	0.00506	0.00840	0.01110	0.01470	0.05147	0.57434	0.08544	0.16588	0.01180	0.00300	0.00382	0.01478	0.00515	0.00460

[dist]
# distance from previous block
# <min> <max>
0	7

[block]
# block no. 3 follows, 39 sequences, length 79
# corresponding to MSA columns:
# 315-347,354-370,372-392,394-401
name=unknown_D
#
# <colnr> <probs for GDERKNQSTAVLIFYWHMCP>
#	G	D	E	R	K	N	Q	S	T	A	V	L	I	F	Y	W	H	M	C	P
0	0.01618	0.75072	0.03015	0.01042	0.01536	0.06709	0.01020	0.01805	0.01229	0.01395	0.00828	0.00956	0.00759	0.00512	0.00388	0.00128	0.00658	0.00320	0.00256	0.00755
1	0.02228	0.01034	0.01307	0.01055	0.01461	0.00979	0.00854	0.02786	0.18396	0.53087	0.04634	0.02317	0.05488	0.00802	0.00605	0.00188	0.00478	0.00659	0.00690	0.00951
2	0.00752	0.00606	0.00627	0.00622	0.00821	0.00509	0.00466	0.00906	0.01358	0.03467	0.07668	0.08168	0.69031	0.01483	0.00698	0.00200	0.00306	0.01242	0.00556	0.00513
3	0.00809	0.00599	0.00755	0.00725	0.00869	0.00544	0.00540	0.01058	0.01593	0.02202	0.60352	0.08658	0.16524	0.01290	0.00701	0.00191	0.00286	0.01131	0.00629	0.00544
4	0.02248	0.01656	0.01775	0.01361	0.01834	0.01834	0.01124	0.73556	0.02780	0.03727	0.01420	0.01420	0.01006	0.00710	0.00592	0.00177	0.00651	0.00532	0.00592	0.01006
5	0.00740	0.00577	0.00672	0.00698	0.00837	0.00509	0.00505	0.00910	0.01371	0.01771	0.22928	0.25653	0.37671	0.01522	0.00714	0.00207	0.00306	0.01323	0.00575	0.00509
6	0.01093	0.00576	0.00825	0.00802	0.00828	0.00585	0.00547	0.04721	0.00880	0.01174	0.01049	0.01777	0.01026	0.01981	0.02218	0.78310	0.00521	0.00515	0.00275	0.00297
7	0.00723	0.00521	0.00685	0.00812	0.00856	0.00483	0.00545	0.00832	0.01156	0.01536	0.05311	0.73814	0.06896	0.01821	0.00751	0.00237	0.00340	0.01647	0.00552	0.00483
8	0.00738	0.00537	0.00677	0.00770	0.00830	0.00497	0.00517	0.00848	0.01168	0.01538	0.07860	0.56923	0.13604	0.09391	0.00966	0.00264	0.00356	0.01504	0.00536	0.00476
9	0.02016	0.00965	0.01234	0.01011	0.01373	0.00913	0.00811	0.02531	0.15507	0.45284	0.18895	0.02596	0.02463	0.00854	0.00619	0.00187	0.00446	0.00717	0.00689	0.00891
10	0.00809	0.00597	0.00745	0.00719	0.00854	0.00545	0.00528	0.01041	0.01542	0.02124	0.55490	0.08957	0.16644	0.05788	0.00834	0.00214	0.00303	0.01122	0.00612	0.00532
11	0.00715	0.00537	0.00663	0.00763	0.00842	0.00485	0.00522	0.00830	0.01190	0.01533	0.03996	0.59096	0.23170	0.01757	0.00740	0.00229	0.00331	0.01564	0.00549	0.00485
12	0.00758	0.00561	0.00696	0.00744	0.00841	0.00512	0.00520	0.00915	0.01316	0.01754	0.24402	0.38118	0.18873	0.06132	0.00859	0.00236	0.00329	0.01369	0.00567	0.00499
13	0.01226	0.01051	0.01226	0.00876	0.01401	0.00788	0.00701	0.01489	0.01226	0.01927	0.01051	0.01226	0.00876	0.00438	0.00438	0.00088	0.00438	0.00350	0.00350	0.82832
14	0.00719	0.00600	0.00627	0.00620	0.00811	0.00508	0.00465	0.00888	0.01396	0.01711	0.16179	0.05504	0.65029	0.01455	0.00699	0.00198	0.00297	0.01222	0.00564	0.00508
15	0.00795	0.00572	0.00753	0.00773	0.00874	0.00530	0.00555	0.01010	0.01478	0.02059	0.49141	0.31382	0.04975	0.01442	0.00718	0.00206	0.00302	0.01291	0.00614	0.00530
16	0.77182	0.01133	0.00908	0.00799	0.01172	0.01291	0.00658	0.01826	0.01059	0.08292	0.00940	0.01042	0.00704	0.00563	0.00384	0.00183	0.00461	0.00341	0.00394	0.00669
17	0.00751	0.00545	0.00697	0.00775	0.00845	0.00504	0.00530	0.00888	0.01248	0.01674	0.18236	0.52053	0.11049	0.06237	0.00870	0.00245	0.00339	0.01465	0.00559	0.00491
18	0.71395	0.01092	0.00883	0.00783	0.01142	0.01231	0.00641	0.01748	0.01080	0.07629	0.01329	0.01401	0.06498	0.00635	0.00408	0.00184	0.00448	0.00411	0.00405	0.00655
19	0.02521	0.00979	0.01320	0.01021	0.01461	0.00844	0.00841	0.02744	0.01669	0.70889	0.02581	0.02263	0.06477	0.00784	0.00602	0.00184	0.00489	0.00639	0.00720	0.00972
20	0.00851	0.00569	0.00648	0.00657	0.00659	0.00567	0.00371	0.00858	0.00878	0.01171	0.01956	0.08826	0.02266	0.74102	0.02861	0.00551	0.00558	0.00914	0.00371	0.00366
21	0.00740	0.00547	0.00657	0.00734	0.00805	0.00502	0.00489	0.00836	0.01139	0.01468	0.03711	0.46718	0.21904	0.15544	0.01142	0.00289	0.00373	0.01424	0.00515	0.00463
22	0.00995	0.00525	0.00747	0.00747	0.00747	0.00525	0.00484	0.00787	0.00787	0.01050	0.01186	0.02191	0.01240	0.16707	0.02444	0.67180	0.00525	0.00579	0.00276	0.00276
23	0.00967	0.00535	0.00725	0.00725	0.00725	0.00535	0.00457	0.00803	0.00803	0.01070	0.01330	0.02547	0.01433	0.29974	0.02564	0.53044	0.00535	0.00639	0.00294	0.00294
24	0.02653	0.01006	0.01372	0.01052	0.01510	0.00869	0.00869	0.02882	0.01693	0.75937	0.02333	0.02013	0.01464	0.00732	0.00595	0.00183	0.00503	0.00595	0.00732	0.01006
25	0.54979	0.01404	0.07245	0.03244	0.01706	0.01397	0.12768	0.07391	0.01233	0.02521	0.00956	0.01140	0.00724	0.00555	0.00459	0.00186	0.00602	0.00413	0.00361	0.00713
26	0.01161	0.01128	0.02001	0.66483	0.05980	0.01339	0.10420	0.01566	0.01213	0.01570	0.01071	0.01576	0.00806	0.00578	0.00604	0.00197	0.00811	0.00547	0.00268	0.00682
27	0.01578	0.65830	0.11281	0.01122	0.01656	0.07156	0.01153	0.01821	0.01238	0.01450	0.00855	0.00990	0.00758	0.00519	0.00410	0.00135	0.00688	0.00334	0.00256	0.00767
28	0.00736	0.00601	0.00654	0.00666	0.00843	0.00519	0.00505	0.00909	0.01379	0.01707	0.14768	0.09880	0.56882	0.01490	0.00710	0.00205	0.00316	0.06159	0.00562	0.00509
29	0.00787	0.00587	0.00730	0.00746	0.00873	0.00535	0.00549	0.00991	0.01443	0.01940	0.37530	0.20995	0.21123	0.03354	0.00774	0.00216	0.00321	0.05394	0.00592	0.00522
30	0.01402	0.01570	0.03322	0.02392	0.02970	0.01494	0.67750	0.01991	0.07074	0.01939	0.01290	0.01643	0.00968	0.00522	0.00690	0.00199	0.00956	0.00696	0.00323	0.00808
31	0.33107	0.14151	0.01638	0.01091	0.01519	0.06121	0.00922	0.30343	0.01783	0.02805	0.01066	0.01148	0.00812	0.00610	0.00468	0.00170	0.00598	0.00408	0.00434	0.00808
32	0.01978	0.08408	0.03806	0.01296	0.01705	0.17876	0.01066	0.21944	0.22626	0.10831	0.01634	0.01589	0.01204	0.00695	0.00563	0.00175	0.00677	0.00524	0.00510	0.00892
33	0.01102	0.00551	0.00551	0.00551	0.00689	0.00551	0.00413	0.01378	0.01240	0.02205	0.01929	0.02205	0.01516	0.00689	0.00413	0.00138	0.00276	0.00551	0.82500	0.00551
34	0.01226	0.01051	0.01226	0.00876	0.01401	0.00788	0.00701	0.01489	0.01226	0.01927	0.01051	0.01226	0.00876	0.00438	0.00438	0.00088	0.00438	0.00350	0.00350	0.82832
35	0.02209	0.02819	0.01676	0.01524	0.01828	0.76843	0.01143	0.02361	0.01676	0.01447	0.00914	0.01066	0.00762	0.00609	0.00533	0.00152	0.01066	0.00381	0.00305	0.00686
36	0.01102	0.00551	0.00551	0.00551	0.00689	0.00551	0.00413	0.01378	0.01240	0.02205	0.01929	0.02205	0.01516	0.00689	0.00413	0.00138	0.00276	0.00551	0.82500	0.00551
37	0.78947	0.01158	0.00952	0.00932	0.05181	0.01331	0.00704	0.01743	0.01025	0.02614	0.00839	0.00988	0.00657	0.00548	0.00378	0.00183	0.00471	0.00331	0.00362	0.00657
38	0.01976	0.02342	0.01943	0.01977	0.15905	0.50866	0.06874	0.06056	0.01635	0.01696	0.01016	0.01231	0.00835	0.00677	0.02289	0.00180	0.00981	0.00447	0.00318	0.00756
39	0.01647	0.29531	0.22727	0.01309	0.01884	0.04503	0.01354	0.21065	0.04537	0.02222	0.03251	0.01311	0.01002	0.00611	0.00510	0.00162	0.00703	0.00445	0.00370	0.00855
40	0.00851	0.00575	0.00642	0.00642	0.00654	0.00569	0.00364	0.00859	0.00889	0.01173	0.02105	0.03977	0.06439	0.74659	0.02874	0.00551	0.00557	0.00883	0.00370	0.00367
41	0.01361	0.01527	0.03275	0.11886	0.03213	0.01473	0.64431	0.01846	0.01369	0.01846	0.01178	0.01593	0.00884	0.00510	0.00685	0.00199	0.00971	0.00676	0.00295	0.00780
42	0.00779	0.00640	0.00693	0.00680	0.00872	0.00571	0.00517	0.01044	0.05387	0.01817	0.20537	0.05264	0.53795	0.01403	0.00698	0.00199	0.00313	0.03680	0.00574	0.00537
43	0.00813	0.00554	0.00659	0.00705	0.00716	0.00542	0.00422	0.00848	0.00951	0.01268	0.02331	0.28961	0.02740	0.53321	0.02255	0.00462	0.00496	0.01135	0.00422	0.00399
44	0.01411	0.01502	0.08076	0.10057	0.63519	0.01395	0.01828	0.01792	0.01324	0.01890	0.01103	0.01457	0.00909	0.00535	0.00584	0.00178	0.00723	0.00520	0.00287	0.00907
45	0.02089	0.01547	0.01658	0.01295	0.01722	0.01712	0.01052	0.63251	0.07370	0.03444	0.01520	0.01662	0.01147	0.06817	0.00780	0.00210	0.00633	0.00567	0.00574	0.00951
46	0.01993	0.01283	0.01456	0.01194	0.01583	0.01369	0.00965	0.30070	0.20924	0.20728	0.02048	0.03935	0.01560	0.03423	0.00691	0.00205	0.00552	0.04475	0.00617	0.00929
47	0.00774	0.00558	0.00739	0.00849	0.00912	0.00531	0.00598	0.00949	0.02878	0.01656	0.11460	0.61510	0.04005	0.01734	0.00751	0.00236	0.00358	0.08433	0.00561	0.00506
48	0.06255	0.07916	0.02003	0.02236	0.29905	0.35360	0.01354	0.02105	0.04329	0.01734	0.01036	0.01248	0.00863	0.00574	0.00535	0.00163	0.00838	0.00440	0.00311	0.00794
49	0.01546	0.60977	0.16375	0.01166	0.01727	0.06630	0.01234	0.01825	0.01239	0.01483	0.00871	0.01011	0.00757	0.00522	0.00422	0.00139	0.00703	0.00342	0.00255	0.00776
50	0.26270	0.16674	0.39693	0.01284	0.01935	0.01539	0.01497	0.01813	0.01166	0.02021	0.00945	0.01105	0.00718	0.00548	0.00468	0.00175	0.00702	0.00379	0.00286	0.00782
51	0.01116	0.00714	0.00924	0.00868	0.01082	0.00623	0.00655	0.01318	0.01361	0.11622	0.18456	0.31848	0.03336	0.01278	0.00666	0.00194	0.00384	0.06787	0.00557	0.16210
52	0.01396	0.01595	0.03490	0.02493	0.03091	0.01496	0.73380	0.01894	0.01396	0.01894	0.01196	0.01595	0.00897	0.00499	0.00698	0.00199	0.00997	0.00698	0.00299	0.00798
53	0.00781	0.00584	0.00838	0.00892	0.00955	0.00562	0.04100	0.00899	0.01095	0.01470	0.02846	0.59332	0.03345	0.12077	0.06962	0.00337	0.00502	0.01445	0.00494	0.00484
54	0.01102	0.00551	0.00551	0.00551	0.00689	0.00551	0.00413	0.01378	0.01240	0.02205	0.01929	0.02205	0.01516	0.00689	0.00413	0.00138	0.00276	0.00551	0.82500	0.00551
55	0.01226	0.01051	0.01226	0.00876	0.01401	0.00788	0.00701	0.01489	0.01226	0.01927	0.01051	0.01226	0.00876	0.00438	0.00438	0.00088	0.00438	0.00350	0.00350	0.82832
56	0.00851	0.00608	0.00822	0.00822	0.00884	0.00670	0.00579	0.00974	0.00912	0.01278	0.01701	0.02972	0.01760	0.35816	0.45878	0.00792	0.01160	0.00729	0.00334	0.00457
57	0.01102	0.00551	0.00551	0.00551	0.00689	0.00551	0.00413	0.01378	0.01240	0.02205	0.01929	0.02205	0.01516	0.00689	0.00413	0.00138	0.00276	0.00551	0.82500	0.00551
58	0.11037	0.01400	0.01447	0.01214	0.01603	0.01590	0.00973	0.29205	0.39449	0.02961	0.01860	0.01772	0.01376	0.00739	0.00571	0.00190	0.00535	0.00578	0.00571	0.00929
59	0.01396	0.01595	0.03490	0.02493	0.03091	0.01496	0.73380	0.01894	0.01396	0.01894	0.01196	0.01595	0.00897	0.00499	0.00698	0.00199	0.00997	0.00698	0.00299	0.00798
60	0.01226	0.01051	0.01226	0.00876	0.01401	0.00788	0.00701	0.01489	0.01226	0.01927	0.01051	0.01226	0.00876	0.00438	0.00438	0.00088	0.00438	0.00350	0.00350	0.82832
61	0.00860	0.00573	0.00645	0.00645	0.00645	0.00573	0.00358	0.00860	0.00860	0.01147	0.01863	0.03870	0.02150	0.79217	0.03010	0.00573	0.00573	0.00860	0.00358	0.00358
62	0.02187	0.01637	0.01823	0.01537	0.07561	0.01801	0.01178	0.67981	0.02669	0.03588	0.01396	0.01423	0.01000	0.00696	0.00591	0.00177	0.00655	0.00532	0.00568	0.01000
63	0.00828	0.00598	0.00782	0.00750	0.00881	0.00552	0.00557	0.01093	0.01632	0.02305	0.69624	0.10200	0.05450	0.01259	0.00702	0.00190	0.00284	0.01117	0.00643	0.00552
64	0.01059	0.01330	0.15179	0.01411	0.01814	0.00972	0.21542	0.01474	0.01518	0.02146	0.40782	0.03043	0.03376	0.00890	0.00673	0.00190	0.00591	0.00850	0.00478	0.00683
65	0.44051	0.27990	0.07942	0.00976	0.01429	0.06102	0.00924	0.01797	0.01132	0.02090	0.00848	0.00987	0.00697	0.00539	0.00397	0.00162	0.00587	0.00332	0.00314	0.00703
66	0.08275	0.32441	0.02165	0.01267	0.01655	0.42094	0.01053	0.02084	0.01440	0.01519	0.00871	0.01013	0.00751	0.00565	0.00461	0.00145	0.00851	0.00351	0.00289	0.00711
67	0.01356	0.01907	0.25675	0.07364	0.48274	0.01390	0.01922	0.01815	0.01306	0.01889	0.01093	0.01402	0.00869	0.00542	0.00578	0.00181	0.00762	0.00498	0.00277	0.00901
68	0.00860	0.00573	0.00645	0.00645	0.00645	0.00573	0.00358	0.00860	0.00860	0.01147	0.01863	0.03870	0.02150	0.79217	0.03010	0.00573	0.00573	0.00860	0.00358	0.00358
69	0.00835	0.00691	0.03453	0.00763	0.00935	0.00581	0.00605	0.01116	0.01626	0.02276	0.65588	0.04433	0.12446	0.01215	0.00693	0.00187	0.00302	0.01065	0.00626	0.00563
70	0.01283	0.01195	0.02008	0.41705	0.26107	0.01335	0.05519	0.05026	0.01333	0.01786	0.01235	0.01876	0.01026	0.00642	0.00610	0.00195	0.00750	0.05298	0.00309	0.00761
71	0.01356	0.35903	0.44794	0.01396	0.02112	0.01788	0.01681	0.01829	0.01228	0.01666	0.00959	0.01120	0.00753	0.00538	0.00484	0.00161	0.00770	0.00385	0.00251	0.00825
72	0.01805	0.01501	0.07326	0.01186	0.01709	0.01351	0.01033	0.36894	0.02016	0.07028	0.01306	0.01368	0.00963	0.00598	0.00532	0.00145	0.00580	0.00460	0.00482	0.31718
73	0.01322	0.00779	0.00995	0.00863	0.01115	0.00715	0.00669	0.01691	0.07354	0.18899	0.44466	0.06368	0.03924	0.01035	0.00649	0.00181	0.00359	0.00899	0.00638	0.07080
74	0.01484	0.01479	0.01992	0.24253	0.35423	0.11564	0.01567	0.04521	0.06817	0.01849	0.01217	0.01603	0.00988	0.00606	0.00586	0.00183	0.00754	0.01973	0.00325	0.00817
75	0.00914	0.00617	0.00697	0.00681	0.00703	0.00627	0.00399	0.03713	0.00938	0.01254	0.01838	0.03732	0.02087	0.74133	0.04899	0.00568	0.00604	0.00841	0.00366	0.00388
76	0.02248	0.01656	0.01775	0.01361	0.01834	0.01834	0.01124	0.73556	0.02780	0.03727	0.01420	0.01420	0.01006	0.00710	0.00592	0.00177	0.00651	0.00532	0.00592	0.01006
77	0.02180	0.02225	0.01763	0.01582	0.06352	0.39495	0.01176	0.33384	0.02138	0.02472	0.01147	0.01245	0.00879	0.00648	0.00562	0.00165	0.00863	0.00456	0.00429	0.00841
78	0.16985	0.06120	0.06192	0.08697	0.06816	0.03010	0.38170	0.03612	0.01322	0.02013	0.01079	0.01396	0.00826	0.00529	0.00588	0.00188	0.00825	0.00556	0.00311	0.00768

[dist]
# distance from previous block
# <min> <max>
2	5

[block]
# block no. 4 follows, 39 sequences, length 11
# corresponding to MSA columns:
# 413-423
name=unknown_E
#
# <colnr> <probs for GDERKNQSTAVLIFYWHMCP>
#	G	D	E	R	K	N	Q	S	T	A	V	L	I	F	Y	W	H	M	C	P
0	0.12177	0.03556	0.01514	0.01470	0.12366	0.04781	0.01016	0.06169	0.28711	0.11028	0.01695	0.01681	0.01269	0.00660	0.00541	0.00175	0.00544	0.00530	0.00491	0.09628
1	0.04447	0.00962	0.01088	0.01032	0.04941	0.06849	0.03954	0.03629	0.01134	0.08094	0.01665	0.02929	0.01699	0.48778	0.02058	0.00415	0.00624	0.00717	0.00389	0.04597
2	0.48125	0.04748	0.09256	0.04177	0.05049	0.05687	0.06197	0.01876	0.01177	0.07485	0.01009	0.01163	0.00760	0.00562	0.00456	0.00181	0.00610	0.00400	0.00359	0.00724
3	0.07822	0.01697	0.12238	0.08602	0.02953	0.01452	0.52674	0.01847	0.01329	0.01919	0.01138	0.01500	0.00849	0.00518	0.00646	0.00196	0.00921	0.00621	0.00295	0.00783
4	0.10944	0.05218	0.01395	0.01049	0.01451	0.04348	0.00860	0.09254	0.07528	0.40401	0.09694	0.02018	0.01730	0.00750	0.00567	0.00180	0.00516	0.00592	0.00617	0.00887
5	0.01007	0.00658	0.00786	0.00752	0.00830	0.00654	0.00486	0.03800	0.01029	0.05250	0.01948	0.10919	0.02126	0.53572	0.09775	0.00521	0.00644	0.00872	0.00401	0.03970
6	0.09358	0.08435	0.01817	0.04614	0.10238	0.42458	0.01181	0.11696	0.01669	0.01915	0.00994	0.01160	0.00804	0.00599	0.00522	0.00161	0.00869	0.00413	0.00341	0.00758
7	0.17848	0.30038	0.22494	0.01215	0.01782	0.04906	0.01280	0.10789	0.01393	0.02069	0.00967	0.01097	0.00764	0.00560	0.00460	0.00162	0.00684	0.00380	0.00319	0.00795
8	0.00988	0.00707	0.00814	0.00763	0.00868	0.00701	0.00504	0.07329	0.01118	0.01512	0.02107	0.10454	0.06258	0.48934	0.07624	0.00475	0.00606	0.00874	0.00404	0.06961
9	0.01572	0.01166	0.01267	0.01039	0.01327	0.01242	0.00786	0.33811	0.08667	0.02497	0.01647	0.02391	0.01496	0.29952	0.01481	0.00320	0.00587	0.00652	0.00485	0.07616
10	0.08158	0.01445	0.01546	0.14956	0.07228	0.12701	0.01096	0.12641	0.03960	0.09119	0.01238	0.01396	0.00934	0.00587	0.00528	0.00157	0.00655	0.00457	0.00405	0.20794

[dist]
# distance from previous block
# <min> <max>
6	19

[block]
# block no. 5 follows, 39 sequences, length 15
# corresponding to MSA columns:
# 443-457
name=unknown_F
#
# <colnr> <probs for GDERKNQSTAVLIFYWHMCP>
#	G	D	E	R	K	N	Q	S	T	A	V	L	I	F	Y	W	H	M	C	P
0	0.07174	0.01568	0.01693	0.01403	0.04918	0.01741	0.01101	0.57598	0.11167	0.03434	0.01487	0.01487	0.01075	0.00703	0.00578	0.00181	0.00619	0.00535	0.00566	0.00972
1	0.35862	0.01115	0.01120	0.01075	0.05347	0.01225	0.00806	0.07054	0.16376	0.07196	0.05282	0.02202	0.08556	0.00791	0.00524	0.00191	0.00470	0.03575	0.00488	0.00745
2	0.11617	0.03188	0.01382	0.10430	0.01767	0.01222	0.00959	0.10148	0.17214	0.25500	0.02125	0.02160	0.05945	0.00776	0.00576	0.00190	0.00533	0.02857	0.00558	0.00852
3	0.01006	0.00652	0.00789	0.00727	0.00928	0.00574	0.00555	0.01230	0.01553	0.11063	0.40079	0.04607	0.31496	0.01260	0.00685	0.00191	0.00314	0.01079	0.00622	0.00590
4	0.00820	0.00604	0.00767	0.00726	0.00873	0.00551	0.00545	0.01083	0.01634	0.02277	0.66761	0.04573	0.14093	0.01244	0.00698	0.00188	0.00282	0.01091	0.00639	0.00551
5	0.01581	0.79572	0.03099	0.01012	0.01518	0.02340	0.01012	0.01771	0.01202	0.01391	0.00822	0.00949	0.00759	0.00506	0.00379	0.00126	0.00632	0.00316	0.00253	0.00759
6	0.00765	0.00602	0.00691	0.00669	0.00840	0.00528	0.00502	0.00978	0.01505	0.01971	0.39366	0.05077	0.41680	0.01359	0.00698	0.00193	0.00290	0.01162	0.00598	0.00528
7	0.01186	0.03059	0.76153	0.01686	0.02560	0.01373	0.02185	0.01873	0.01249	0.01873	0.01061	0.01249	0.00749	0.00562	0.00562	0.00187	0.00874	0.00437	0.00250	0.00874
8	0.02653	0.01006	0.01372	0.01052	0.01510	0.00869	0.00869	0.02882	0.01693	0.75937	0.02333	0.02013	0.01464	0.00732	0.00595	0.00183	0.00503	0.00595	0.00732	0.01006
9	0.01186	0.03059	0.76153	0.01686	0.02560	0.01373	0.02185	0.01873	0.01249	0.01873	0.01061	0.01249	0.00749	0.00562	0.00562	0.00187	0.00874	0.00437	0.00250	0.00874
10	0.00801	0.00603	0.00741	0.00706	0.00861	0.00543	0.00530	0.01046	0.01589	0.02170	0.57202	0.04749	0.23719	0.01284	0.00698	0.00190	0.00284	0.01116	0.00624	0.00543
11	0.01386	0.01379	0.05242	0.12745	0.47553	0.01374	0.01612	0.01985	0.14098	0.01984	0.03869	0.01700	0.01220	0.00608	0.00592	0.00184	0.00666	0.00566	0.00353	0.00884
12	0.01581	0.79572	0.03099	0.01012	0.01518	0.02340	0.01012	0.01771	0.01202	0.01391	0.00822	0.00949	0.00759	0.00506	0.00379	0.00126	0.00632	0.00316	0.00253	0.00759
13	0.01977	0.00884	0.01193	0.05717	0.01464	0.00793	0.00807	0.02216	0.01615	0.48366	0.16436	0.02888	0.11207	0.00907	0.00627	0.00186	0.00454	0.00760	0.00665	0.00838
14	0.01437	0.51679	0.29732	0.01257	0.01898	0.01988	0.01440	0.01808	0.01219	0.01567	0.00909	0.01058	0.00755	0.00526	0.00446	0.00149	0.00720	0.00360	0.00252	0.00801

[dist]
# distance from previous block
# <min> <max>
0	7

# created by:
# /st0/software/busco_prod/Augustus/scripts/msa2prfl.pl ./align_prep/196776.fa
