[name]
unknown

[dist]
# distance from previous block
# <min> <max>
6	70

[block]
# block no. 0 follows, 38 sequences, length 8
# corresponding to MSA columns:
# 73-80
name=unknown_A
#
# <colnr> <probs for GDERKNQSTAVLIFYWHMCP>
#	G	D	E	R	K	N	Q	S	T	A	V	L	I	F	Y	W	H	M	C	P
0	0.00948	0.00591	0.00764	0.00833	0.00938	0.00535	0.00581	0.01074	0.01244	0.09769	0.03582	0.60256	0.13180	0.01710	0.00742	0.00232	0.00361	0.01528	0.00579	0.00551
1	0.05686	0.57704	0.02665	0.01064	0.01549	0.07765	0.00999	0.02019	0.01326	0.12833	0.01079	0.01141	0.00876	0.00560	0.00431	0.00142	0.00649	0.00370	0.00341	0.00799
2	0.01015	0.15364	0.01229	0.00853	0.01047	0.00919	0.00666	0.01260	0.04198	0.03833	0.24829	0.30660	0.09254	0.01327	0.00664	0.00199	0.00390	0.01155	0.00541	0.00600
3	0.08146	0.61139	0.02706	0.01017	0.01513	0.02071	0.00978	0.01972	0.01283	0.12869	0.01072	0.01132	0.00872	0.00553	0.00418	0.00142	0.00609	0.00365	0.00341	0.00801
4	0.01287	0.41308	0.07004	0.01002	0.01365	0.01555	0.00931	0.01499	0.01245	0.03656	0.07243	0.21838	0.02050	0.01136	0.04224	0.00210	0.00598	0.00779	0.00385	0.00685
5	0.01946	0.13630	0.10126	0.01307	0.01810	0.01791	0.01191	0.45845	0.06435	0.03049	0.01400	0.01447	0.01034	0.00678	0.00555	0.00173	0.00650	0.00506	0.05489	0.00937
6	0.06299	0.37545	0.15799	0.09592	0.01884	0.01681	0.01213	0.01623	0.01219	0.01643	0.03309	0.13062	0.01392	0.00767	0.00511	0.00171	0.00640	0.00602	0.00322	0.00726
7	0.00836	0.00950	0.12214	0.00967	0.01150	0.00662	0.00816	0.01082	0.03198	0.01654	0.06459	0.56842	0.05472	0.03728	0.00792	0.00240	0.00437	0.01422	0.00513	0.00564

[dist]
# distance from previous block
# <min> <max>
1	10

[block]
# block no. 1 follows, 38 sequences, length 7
# corresponding to MSA columns:
# 91-97
name=unknown_B
#
# <colnr> <probs for GDERKNQSTAVLIFYWHMCP>
#	G	D	E	R	K	N	Q	S	T	A	V	L	I	F	Y	W	H	M	C	P
0	0.00895	0.00649	0.00814	0.03865	0.01018	0.00643	0.00593	0.05517	0.01281	0.01717	0.12470	0.40663	0.06420	0.19129	0.01261	0.00306	0.00430	0.01298	0.00519	0.00513
1	0.00843	0.00629	0.00816	0.04234	0.01053	0.00585	0.00599	0.00985	0.01187	0.01630	0.10822	0.47159	0.03419	0.12701	0.01048	0.00267	0.00407	0.01313	0.00506	0.09797
2	0.01117	0.01015	0.01668	0.47027	0.15388	0.01165	0.01442	0.01466	0.01293	0.01727	0.11185	0.09639	0.01798	0.00803	0.00632	0.00200	0.00673	0.00726	0.00354	0.00685
3	0.01479	0.01230	0.01576	0.01173	0.01644	0.01138	0.08018	0.16695	0.01582	0.02337	0.01216	0.01406	0.00965	0.00563	0.00588	0.00133	0.04844	0.00456	0.06623	0.46333
4	0.01529	0.00995	0.01255	0.01094	0.04701	0.00968	0.05276	0.14973	0.01607	0.09620	0.01755	0.05440	0.01394	0.00708	0.00519	0.00155	0.00468	0.00594	0.34382	0.12567
5	0.01679	0.09109	0.01915	0.02001	0.25996	0.10606	0.01237	0.10138	0.05606	0.07643	0.01493	0.09118	0.01307	0.00723	0.00573	0.00171	0.00655	0.00610	0.00414	0.09009
6	0.01532	0.01186	0.01561	0.19488	0.02157	0.05599	0.05975	0.09702	0.06638	0.11445	0.01754	0.12378	0.01507	0.00870	0.00731	0.00200	0.07326	0.00723	0.08480	0.00748

[dist]
# distance from previous block
# <min> <max>
2	286

[block]
# block no. 2 follows, 38 sequences, length 21
# corresponding to MSA columns:
# 391-411
name=unknown_C
#
# <colnr> <probs for GDERKNQSTAVLIFYWHMCP>
#	G	D	E	R	K	N	Q	S	T	A	V	L	I	F	Y	W	H	M	C	P
0	0.06694	0.01232	0.01469	0.04625	0.03819	0.01299	0.03286	0.19276	0.17860	0.06409	0.03052	0.01904	0.03740	0.01110	0.08617	0.00258	0.00668	0.00583	0.00496	0.13605
1	0.06289	0.01268	0.01567	0.03987	0.03714	0.01332	0.05961	0.28399	0.05483	0.04665	0.03457	0.12454	0.04582	0.00880	0.00659	0.00187	0.03415	0.00732	0.00504	0.10465
2	0.01448	0.01320	0.03945	0.14624	0.06220	0.01323	0.08362	0.15768	0.05495	0.02238	0.04010	0.04303	0.01232	0.00686	0.00685	0.00174	0.06330	0.00576	0.00403	0.20857
3	0.01379	0.01258	0.01630	0.37097	0.02767	0.06626	0.01297	0.10815	0.01419	0.01892	0.01139	0.01528	0.00903	0.00877	0.05427	0.00228	0.07128	0.00503	0.02213	0.13872
4	0.00922	0.00671	0.00886	0.07886	0.01249	0.00665	0.00689	0.01160	0.05740	0.04319	0.02897	0.53604	0.04997	0.06682	0.00873	0.00250	0.00423	0.01370	0.00520	0.04197
5	0.00723	0.00610	0.00626	0.00622	0.00820	0.00513	0.00467	0.00887	0.01400	0.01693	0.12008	0.05678	0.68906	0.01498	0.00711	0.00202	0.00303	0.01254	0.00568	0.00513
6	0.01247	0.01069	0.01247	0.00891	0.01426	0.00802	0.00713	0.01515	0.01247	0.01960	0.01069	0.01247	0.00891	0.00446	0.00446	0.00089	0.00446	0.00356	0.00356	0.82536
7	0.83108	0.01163	0.00884	0.00791	0.01163	0.01350	0.00651	0.01768	0.01024	0.02699	0.00838	0.00977	0.00651	0.00558	0.00372	0.00186	0.00465	0.00326	0.00372	0.00651
8	0.01247	0.01069	0.01247	0.00891	0.01426	0.00802	0.00713	0.01515	0.01247	0.01960	0.01069	0.01247	0.00891	0.00446	0.00446	0.00089	0.00446	0.00356	0.00356	0.82536
9	0.02699	0.01024	0.01396	0.01070	0.01536	0.00884	0.00884	0.02932	0.01722	0.75522	0.02373	0.02048	0.01489	0.00745	0.00605	0.00186	0.00512	0.00605	0.00745	0.01024
10	0.73213	0.01166	0.00979	0.05031	0.01361	0.01343	0.00730	0.03625	0.01109	0.05674	0.00929	0.01068	0.00704	0.00573	0.00400	0.00187	0.00491	0.00354	0.00388	0.00677
11	0.02336	0.01084	0.01388	0.01162	0.03922	0.02636	0.00906	0.04324	0.09663	0.55034	0.09023	0.02243	0.01873	0.00787	0.00614	0.00187	0.00510	0.00650	0.00695	0.00964
12	0.00810	0.00601	0.00756	0.00743	0.00880	0.00546	0.00547	0.01046	0.01567	0.02152	0.52779	0.15350	0.17249	0.01374	0.00718	0.00200	0.00297	0.01208	0.00630	0.00546
13	0.01420	0.01623	0.03550	0.02535	0.03144	0.01521	0.72921	0.01927	0.01420	0.01927	0.01217	0.01623	0.00913	0.00507	0.00710	0.00203	0.01014	0.00710	0.00304	0.00811
14	0.02196	0.01087	0.01410	0.01222	0.06070	0.01026	0.00924	0.14719	0.01870	0.44636	0.11854	0.02442	0.06101	0.00836	0.00624	0.00186	0.00509	0.00691	0.00670	0.00930
15	0.02559	0.01135	0.01395	0.01092	0.01530	0.05620	0.00892	0.04763	0.01751	0.64901	0.06203	0.02104	0.01660	0.00763	0.00607	0.00184	0.00539	0.00616	0.00709	0.00978
16	0.00942	0.00693	0.00944	0.01089	0.03844	0.00680	0.00867	0.01179	0.01341	0.01745	0.05832	0.08206	0.10917	0.08549	0.01004	0.00289	0.00521	0.50281	0.00532	0.00545
17	0.01176	0.01101	0.01625	0.22573	0.02258	0.03693	0.08434	0.05276	0.01284	0.01699	0.01983	0.18361	0.06895	0.01079	0.00939	0.00224	0.16018	0.04350	0.00387	0.00646
18	0.01292	0.04764	0.02163	0.49868	0.08051	0.05537	0.12293	0.01669	0.01259	0.01608	0.01062	0.01527	0.00825	0.00605	0.00680	0.00197	0.05068	0.00543	0.00276	0.00713
19	0.01321	0.01301	0.02088	0.38794	0.28811	0.04718	0.05457	0.01682	0.01283	0.01702	0.01144	0.03668	0.00948	0.00629	0.00664	0.00195	0.03964	0.00570	0.00290	0.00772
20	0.03933	0.03603	0.04107	0.09655	0.03882	0.08955	0.01111	0.12889	0.26519	0.02310	0.01981	0.03777	0.03248	0.00849	0.00610	0.00198	0.00623	0.08071	0.02861	0.00818

[dist]
# distance from previous block
# <min> <max>
19	46

[block]
# block no. 3 follows, 38 sequences, length 18
# corresponding to MSA columns:
# 461-478
name=unknown_D
#
# <colnr> <probs for GDERKNQSTAVLIFYWHMCP>
#	G	D	E	R	K	N	Q	S	T	A	V	L	I	F	Y	W	H	M	C	P
0	0.11972	0.24940	0.10299	0.06565	0.08849	0.01554	0.01186	0.01742	0.01208	0.07531	0.01265	0.01512	0.02726	0.01172	0.11396	0.00285	0.04240	0.00472	0.00332	0.00755
1	0.01584	0.74634	0.07526	0.01071	0.01608	0.02321	0.01101	0.01808	0.01225	0.01445	0.00851	0.00983	0.00771	0.00518	0.00397	0.00132	0.00658	0.00329	0.00257	0.00779
2	0.00875	0.00583	0.00656	0.00656	0.00656	0.00583	0.00365	0.00875	0.00875	0.01166	0.01895	0.03937	0.02187	0.78858	0.03062	0.00583	0.00583	0.00875	0.00365	0.00365
3	0.01753	0.01490	0.02154	0.02061	0.17738	0.03678	0.16149	0.20246	0.15096	0.07210	0.01642	0.01920	0.01273	0.00698	0.00634	0.00193	0.00710	0.03961	0.00475	0.00919
4	0.05026	0.01418	0.12268	0.16434	0.02197	0.01275	0.04735	0.12996	0.07089	0.09867	0.01693	0.11532	0.01429	0.00832	0.00667	0.00199	0.04095	0.00693	0.04762	0.00792
5	0.05777	0.22473	0.04244	0.05937	0.01876	0.35400	0.01170	0.06051	0.01507	0.03138	0.00961	0.01142	0.00799	0.00628	0.00610	0.00164	0.06665	0.00401	0.00316	0.00740
6	0.01376	0.01101	0.01297	0.00973	0.01442	0.00933	0.00778	0.08429	0.01398	0.05118	0.01299	0.06526	0.01133	0.00609	0.00557	0.00120	0.03926	0.00484	0.00406	0.62095
7	0.01045	0.00522	0.00784	0.00784	0.00784	0.00522	0.00522	0.00784	0.00784	0.01045	0.01045	0.01829	0.01045	0.02090	0.02351	0.82497	0.00522	0.00522	0.00261	0.00261
8	0.00878	0.00736	0.00838	0.04819	0.01109	0.05688	0.00651	0.01042	0.01321	0.01716	0.17719	0.48524	0.09557	0.01572	0.00728	0.00222	0.00406	0.01399	0.00548	0.00530
9	0.01479	0.06247	0.01245	0.08782	0.01454	0.01116	0.00797	0.19895	0.01619	0.05820	0.01731	0.05532	0.01478	0.11883	0.00885	0.00226	0.00514	0.00635	0.27965	0.00696
10	0.02490	0.01038	0.01371	0.01071	0.01508	0.00937	0.00877	0.05734	0.05786	0.63544	0.07237	0.02199	0.01772	0.00780	0.00612	0.00187	0.00501	0.00639	0.00726	0.00989
11	0.00783	0.00574	0.00741	0.00824	0.00915	0.00532	0.00597	0.00952	0.01322	0.01760	0.18421	0.44997	0.13569	0.01675	0.00756	0.00231	0.00354	0.09900	0.00579	0.00515
12	0.01447	0.32873	0.26521	0.06800	0.07216	0.01818	0.08825	0.04789	0.01333	0.01770	0.01015	0.01230	0.00808	0.00548	0.00517	0.00167	0.00777	0.00439	0.00279	0.00830
13	0.00926	0.00630	0.00729	0.00713	0.00742	0.00647	0.00431	0.03587	0.00957	0.01287	0.01851	0.03691	0.02077	0.68728	0.10097	0.00605	0.00686	0.00840	0.00369	0.00406
14	0.04121	0.00601	0.00717	0.00751	0.00877	0.00554	0.00539	0.00978	0.01380	0.01889	0.26969	0.32826	0.22566	0.01527	0.00718	0.00214	0.00321	0.01340	0.00584	0.00526
15	0.32451	0.07320	0.01530	0.27740	0.02318	0.01439	0.02632	0.03351	0.03415	0.02071	0.01039	0.01351	0.00820	0.00721	0.02631	0.00212	0.05297	0.00450	0.02528	0.00683
16	0.05086	0.03778	0.05680	0.14826	0.06720	0.04572	0.01229	0.26189	0.09313	0.08480	0.01703	0.04088	0.04206	0.00744	0.00592	0.00188	0.00655	0.00598	0.00483	0.00868
17	0.13455	0.10527	0.25779	0.01763	0.09317	0.01514	0.13706	0.03475	0.01300	0.05019	0.01235	0.01445	0.02979	0.00616	0.00638	0.00188	0.05398	0.00505	0.00322	0.00818

[dist]
# distance from previous block
# <min> <max>
2	12

[block]
# block no. 4 follows, 38 sequences, length 6
# corresponding to MSA columns:
# 491-496
name=unknown_E
#
# <colnr> <probs for GDERKNQSTAVLIFYWHMCP>
#	G	D	E	R	K	N	Q	S	T	A	V	L	I	F	Y	W	H	M	C	P
0	0.01387	0.01073	0.01251	0.07046	0.01574	0.01192	0.00898	0.07715	0.36429	0.05827	0.13339	0.02641	0.06205	0.01149	0.04469	0.05175	0.00538	0.00738	0.00560	0.00794
1	0.01226	0.01044	0.01269	0.06925	0.01629	0.00881	0.00832	0.01606	0.06394	0.01949	0.01396	0.01946	0.01229	0.00616	0.00511	0.00126	0.00487	0.08051	0.00389	0.61494
2	0.00736	0.00564	0.00676	0.00746	0.00853	0.00503	0.00522	0.00876	0.01286	0.01654	0.11285	0.44568	0.30192	0.01688	0.00741	0.00224	0.00326	0.01488	0.00569	0.00503
3	0.17319	0.06224	0.01658	0.04556	0.01767	0.05222	0.01039	0.46072	0.02206	0.03173	0.01274	0.01350	0.00938	0.00668	0.00536	0.00177	0.00634	0.00481	0.03817	0.00889
4	0.01922	0.05206	0.08017	0.03322	0.01765	0.01447	0.02766	0.36642	0.02068	0.13866	0.04038	0.05568	0.01424	0.05774	0.00812	0.02683	0.00633	0.00632	0.00536	0.00879
5	0.00745	0.00606	0.00662	0.00681	0.00856	0.00524	0.00512	0.00914	0.01383	0.01709	0.12839	0.13588	0.55366	0.01541	0.00725	0.00211	0.00323	0.05732	0.00569	0.00515

[dist]
# distance from previous block
# <min> <max>
5	10

[block]
# block no. 5 follows, 38 sequences, length 12
# corresponding to MSA columns:
# 508-519
name=unknown_F
#
# <colnr> <probs for GDERKNQSTAVLIFYWHMCP>
#	G	D	E	R	K	N	Q	S	T	A	V	L	I	F	Y	W	H	M	C	P
0	0.00823	0.00608	0.00765	0.00761	0.00896	0.00558	0.00568	0.01054	0.01534	0.02093	0.47485	0.12990	0.17267	0.04094	0.00807	0.00217	0.00324	0.06001	0.00615	0.00540
1	0.03579	0.15458	0.04501	0.01069	0.01547	0.05761	0.00928	0.06617	0.01474	0.18255	0.02807	0.02982	0.01146	0.00619	0.00537	0.00143	0.02385	0.00467	0.00442	0.29283
2	0.01333	0.01559	0.07451	0.06406	0.08646	0.01427	0.48956	0.01780	0.01344	0.01848	0.01347	0.08046	0.01152	0.00665	0.00762	0.00207	0.05224	0.00744	0.00318	0.00784
3	0.00840	0.00614	0.00788	0.00745	0.00892	0.00563	0.00558	0.01113	0.01675	0.02347	0.69073	0.04601	0.11432	0.01254	0.00710	0.00190	0.00286	0.01103	0.00654	0.00563
4	0.00842	0.00615	0.00791	0.00747	0.00893	0.00563	0.00560	0.01117	0.01680	0.02358	0.70055	0.04583	0.10443	0.01250	0.00710	0.00190	0.00285	0.01100	0.00655	0.00563
5	0.15118	0.01045	0.01317	0.01027	0.01478	0.00956	0.00848	0.02752	0.01614	0.64275	0.02136	0.01882	0.01360	0.00716	0.00569	0.00186	0.00505	0.00562	0.00687	0.00966
6	0.00766	0.00615	0.00686	0.00677	0.00859	0.00535	0.00514	0.00964	0.01474	0.01875	0.27116	0.05436	0.50326	0.01439	0.00716	0.00202	0.00310	0.04372	0.00590	0.00528
7	0.00775	0.00612	0.00698	0.00677	0.00852	0.00535	0.00508	0.00988	0.01523	0.01985	0.37484	0.05197	0.43247	0.01389	0.00710	0.00197	0.00295	0.01187	0.00606	0.00535
8	0.01534	0.01516	0.02398	0.03564	0.70713	0.05928	0.01805	0.01880	0.01390	0.01936	0.01119	0.01465	0.00942	0.00541	0.00592	0.00177	0.00737	0.00527	0.00299	0.00938
9	0.02019	0.01504	0.01613	0.01288	0.01706	0.01667	0.01045	0.54654	0.13731	0.03390	0.01731	0.05933	0.01341	0.00801	0.00604	0.00186	0.00597	0.00630	0.04601	0.00959
10	0.01161	0.00655	0.00702	0.03546	0.00923	0.00678	0.00526	0.03705	0.05020	0.02288	0.06396	0.02332	0.01766	0.00736	0.00460	0.00150	0.00322	0.00597	0.67437	0.00599
11	0.01572	0.01341	0.01400	0.01294	0.03932	0.05107	0.00974	0.06225	0.57873	0.05041	0.06711	0.02257	0.01941	0.00816	0.00613	0.00198	0.00512	0.00677	0.00594	0.00922

[dist]
# distance from previous block
# <min> <max>
0	1

[block]
# block no. 6 follows, 38 sequences, length 12
# corresponding to MSA columns:
# 521-532
name=unknown_G
#
# <colnr> <probs for GDERKNQSTAVLIFYWHMCP>
#	G	D	E	R	K	N	Q	S	T	A	V	L	I	F	Y	W	H	M	C	P
0	0.01462	0.01209	0.01563	0.01173	0.01627	0.01121	0.06423	0.11533	0.01461	0.05333	0.01220	0.03513	0.01012	0.00613	0.00681	0.00139	0.09499	0.00478	0.00398	0.49544
1	0.02250	0.02797	0.01711	0.01540	0.01860	0.72010	0.01161	0.06604	0.01772	0.01610	0.00960	0.01106	0.00790	0.00626	0.00546	0.00156	0.01060	0.00397	0.00327	0.00717
2	0.75708	0.01255	0.04661	0.00849	0.01251	0.01333	0.00740	0.01823	0.01065	0.05639	0.00913	0.01036	0.00691	0.00567	0.00392	0.00186	0.00489	0.00343	0.00382	0.00679
3	0.00750	0.00531	0.00693	0.00816	0.00847	0.00500	0.00535	0.00842	0.01119	0.01492	0.03146	0.69581	0.03765	0.11061	0.01041	0.00285	0.00377	0.01611	0.00535	0.00474
4	0.83108	0.01163	0.00884	0.00791	0.01163	0.01350	0.00651	0.01768	0.01024	0.02699	0.00838	0.00977	0.00651	0.00558	0.00372	0.00186	0.00465	0.00326	0.00372	0.00651
5	0.21511	0.56512	0.02530	0.00996	0.01466	0.05695	0.00944	0.01822	0.01197	0.01731	0.00841	0.00974	0.00743	0.00530	0.00390	0.00144	0.00621	0.00326	0.00288	0.00739
6	0.00869	0.00598	0.00802	0.00899	0.00993	0.00565	0.00675	0.01049	0.01311	0.03926	0.12897	0.45157	0.06103	0.01693	0.00770	0.00243	0.00398	0.19942	0.00577	0.00533
7	0.01114	0.00850	0.01110	0.01244	0.06739	0.00869	0.00945	0.06743	0.06955	0.01942	0.02995	0.05296	0.09388	0.08445	0.00971	0.00278	0.00548	0.42414	0.00526	0.00628
8	0.00883	0.00617	0.00787	0.00760	0.00907	0.00561	0.00564	0.01127	0.01593	0.04749	0.54740	0.14020	0.13768	0.01333	0.00714	0.00198	0.00303	0.01173	0.00639	0.00566
9	0.01448	0.01194	0.01279	0.01156	0.01474	0.01352	0.00896	0.02905	0.62230	0.05063	0.06328	0.04959	0.05258	0.00900	0.00626	0.00204	0.00456	0.00757	0.00615	0.00901
10	0.00733	0.00524	0.00698	0.00838	0.00873	0.00489	0.00558	0.00838	0.01152	0.01536	0.03316	0.78466	0.03979	0.01885	0.00768	0.00244	0.00349	0.01710	0.00558	0.00489
11	0.01489	0.01429	0.02442	0.03692	0.75106	0.01429	0.01846	0.01846	0.01370	0.01965	0.01132	0.01489	0.00953	0.00536	0.00596	0.00179	0.00715	0.00536	0.00298	0.00953

[dist]
# distance from previous block
# <min> <max>
0	33

[block]
# block no. 7 follows, 38 sequences, length 29
# corresponding to MSA columns:
# 566-594
name=unknown_H
#
# <colnr> <probs for GDERKNQSTAVLIFYWHMCP>
#	G	D	E	R	K	N	Q	S	T	A	V	L	I	F	Y	W	H	M	C	P
0	0.01608	0.79220	0.03152	0.01029	0.01544	0.02380	0.01029	0.01801	0.01222	0.01415	0.00836	0.00965	0.00772	0.00515	0.00386	0.00129	0.00643	0.00322	0.00257	0.00772
1	0.01262	0.01088	0.01272	0.00930	0.01437	0.00869	0.00744	0.01594	0.04778	0.01971	0.01127	0.01298	0.00934	0.00483	0.00503	0.00100	0.02951	0.00378	0.00366	0.75914
2	0.01496	0.01292	0.01360	0.01224	0.01564	0.01496	0.00952	0.03197	0.74019	0.02516	0.02448	0.02244	0.01836	0.00816	0.00612	0.00204	0.00476	0.00680	0.00612	0.00952
3	0.76300	0.01132	0.00898	0.00799	0.01163	0.01295	0.00655	0.01778	0.01081	0.05204	0.04511	0.01186	0.00926	0.00598	0.00397	0.00186	0.00458	0.00373	0.00399	0.00660
4	0.01591	0.01298	0.01393	0.01221	0.01564	0.01471	0.00963	0.17827	0.50761	0.02714	0.04510	0.05999	0.01938	0.00888	0.00628	0.00203	0.00506	0.02999	0.00607	0.00920
5	0.00773	0.00628	0.00687	0.00669	0.00857	0.00551	0.00503	0.01004	0.03303	0.01885	0.26683	0.05310	0.52191	0.01417	0.00708	0.00199	0.00303	0.01200	0.00591	0.00537
6	0.38406	0.24310	0.01736	0.00996	0.01412	0.06816	0.00864	0.12017	0.01417	0.02381	0.04175	0.01202	0.00969	0.00603	0.00436	0.00166	0.00580	0.00393	0.00380	0.00740
7	0.17650	0.01050	0.01301	0.01018	0.01466	0.00971	0.00841	0.02715	0.01592	0.61981	0.02088	0.01849	0.01333	0.00710	0.00562	0.00186	0.00503	0.00553	0.00675	0.00955
8	0.01926	0.01442	0.01502	0.01224	0.01610	0.03903	0.00982	0.40927	0.20181	0.05414	0.01779	0.01821	0.01328	0.03279	0.00662	0.00194	0.00579	0.00586	0.09738	0.00922
9	0.00756	0.00611	0.00672	0.00656	0.00840	0.00527	0.00492	0.00950	0.01477	0.01876	0.28020	0.05376	0.52779	0.01430	0.00711	0.00199	0.00298	0.01212	0.00592	0.00527
10	0.01300	0.01292	0.01811	0.01557	0.01561	0.01803	0.01296	0.01434	0.00923	0.01446	0.00819	0.01354	0.00815	0.01177	0.04652	0.00289	0.75020	0.00531	0.00265	0.00654
11	0.03913	0.01199	0.01790	0.41046	0.02914	0.01564	0.01472	0.04609	0.01154	0.01636	0.00965	0.01461	0.00802	0.00787	0.01148	0.00224	0.31829	0.00525	0.00284	0.00679
12	0.04471	0.01386	0.02234	0.13278	0.56380	0.01445	0.01713	0.06690	0.02921	0.02070	0.01161	0.01498	0.00944	0.00564	0.00589	0.00183	0.00709	0.00531	0.00324	0.00908
13	0.00906	0.00627	0.00822	0.00766	0.00918	0.00577	0.00577	0.01188	0.01703	0.04568	0.72653	0.04422	0.05553	0.01216	0.00706	0.00189	0.00291	0.01074	0.00665	0.00581
14	0.00749	0.00542	0.00681	0.00785	0.00836	0.00504	0.00520	0.00846	0.01142	0.01497	0.03469	0.59382	0.12539	0.12229	0.01070	0.00285	0.00375	0.01543	0.00532	0.00474
15	0.03438	0.01510	0.02942	0.01285	0.01690	0.07028	0.02718	0.28837	0.24222	0.10623	0.07767	0.01967	0.01668	0.00776	0.00607	0.00188	0.00598	0.00622	0.00586	0.00926
16	0.01347	0.13811	0.48163	0.01733	0.04697	0.06134	0.09789	0.01890	0.01306	0.01801	0.01118	0.03519	0.00881	0.00596	0.00565	0.00182	0.00858	0.00493	0.00274	0.00842
17	0.30205	0.04828	0.03607	0.01147	0.03264	0.01529	0.00943	0.29244	0.05434	0.02935	0.01226	0.01309	0.00922	0.00628	0.00492	0.00173	0.00559	0.00446	0.03444	0.07666
18	0.05487	0.05735	0.34228	0.04296	0.08372	0.10728	0.11664	0.01953	0.01347	0.05034	0.01198	0.01414	0.02158	0.00604	0.00622	0.00187	0.03345	0.00498	0.00305	0.00827
19	0.01004	0.00718	0.00841	0.00821	0.00876	0.03080	0.00549	0.01079	0.01010	0.04566	0.04225	0.11038	0.02226	0.46933	0.13991	0.00548	0.04748	0.00886	0.00397	0.00465
20	0.57902	0.04005	0.01146	0.07968	0.01517	0.01358	0.00805	0.06697	0.01235	0.08507	0.01061	0.01194	0.00791	0.00592	0.00430	0.00184	0.00514	0.00390	0.02995	0.00710
21	0.09665	0.01332	0.02092	0.09611	0.50491	0.01417	0.01591	0.04249	0.01315	0.01990	0.01080	0.01449	0.00905	0.00654	0.00745	0.03798	0.05943	0.00514	0.00309	0.00849
22	0.10752	0.47321	0.07945	0.06306	0.01779	0.04041	0.01124	0.06634	0.01345	0.04177	0.01033	0.01274	0.00879	0.00588	0.00452	0.00155	0.00659	0.02441	0.00320	0.00777
23	0.00745	0.00601	0.00644	0.00664	0.00824	0.00523	0.00483	0.00884	0.01305	0.01594	0.06784	0.13390	0.55157	0.09512	0.00964	0.00250	0.00348	0.04295	0.00541	0.00494
24	0.01843	0.01250	0.01424	0.06756	0.01692	0.01358	0.00964	0.33815	0.11307	0.11162	0.06740	0.02022	0.01589	0.03145	0.00660	0.00193	0.00550	0.00616	0.12043	0.00872
25	0.00853	0.00645	0.00799	0.00739	0.00919	0.00573	0.00557	0.01111	0.01611	0.02237	0.57142	0.04510	0.18057	0.01230	0.00692	0.00185	0.00299	0.01071	0.00622	0.06149
26	0.75147	0.04997	0.01071	0.00944	0.04780	0.01404	0.00728	0.01774	0.01050	0.02601	0.00852	0.01002	0.00672	0.00555	0.00384	0.00183	0.00486	0.00336	0.00363	0.00672
27	0.02287	0.01243	0.01456	0.01141	0.01568	0.01264	0.00935	0.30497	0.05721	0.34754	0.01961	0.01842	0.01329	0.00734	0.00582	0.00179	0.00542	0.00578	0.10421	0.00965
28	0.01073	0.00664	0.00875	0.00794	0.00975	0.00606	0.00606	0.01350	0.01705	0.11163	0.66121	0.04201	0.05175	0.01172	0.00697	0.00189	0.00311	0.01030	0.00672	0.00622

[dist]
# distance from previous block
# <min> <max>
0	24

[block]
# block no. 8 follows, 38 sequences, length 7
# corresponding to MSA columns:
# 619-625
name=unknown_I
#
# <colnr> <probs for GDERKNQSTAVLIFYWHMCP>
#	G	D	E	R	K	N	Q	S	T	A	V	L	I	F	Y	W	H	M	C	P
0	0.05746	0.01032	0.01271	0.01029	0.01399	0.01000	0.00831	0.11769	0.07263	0.38170	0.21001	0.02569	0.02503	0.00865	0.00622	0.00188	0.00468	0.00715	0.00677	0.00883
1	0.01230	0.00701	0.00911	0.00809	0.01025	0.00629	0.00624	0.01490	0.01674	0.17847	0.52645	0.04103	0.11615	0.01156	0.00687	0.00190	0.00334	0.01003	0.00669	0.00659
2	0.00895	0.00575	0.00647	0.00659	0.00680	0.00572	0.00388	0.00941	0.00949	0.01339	0.02023	0.09940	0.02252	0.62167	0.02523	0.00497	0.00524	0.00903	0.11125	0.00401
3	0.01940	0.01190	0.01311	0.01055	0.01416	0.01259	0.00855	0.34861	0.05263	0.15218	0.01813	0.01841	0.01306	0.00723	0.00544	0.00169	0.00504	0.00565	0.27298	0.00869
4	0.01363	0.01138	0.01310	0.00946	0.01475	0.00920	0.00761	0.09478	0.01423	0.02164	0.01111	0.01269	0.00906	0.00476	0.00463	0.00099	0.00470	0.00377	0.00384	0.73468
5	0.02243	0.01567	0.01631	0.01305	0.01739	0.08178	0.01065	0.42597	0.08121	0.18800	0.01765	0.01871	0.01287	0.00772	0.00609	0.00186	0.00647	0.04044	0.00605	0.00965
6	0.04844	0.01128	0.01551	0.36485	0.02663	0.01339	0.01257	0.10771	0.05048	0.02033	0.01258	0.01613	0.00976	0.00683	0.00725	0.00190	0.09969	0.00525	0.10886	0.06058

[dist]
# distance from previous block
# <min> <max>
0	2

[block]
# block no. 9 follows, 38 sequences, length 31
# corresponding to MSA columns:
# 628-658
name=unknown_J
#
# <colnr> <probs for GDERKNQSTAVLIFYWHMCP>
#	G	D	E	R	K	N	Q	S	T	A	V	L	I	F	Y	W	H	M	C	P
0	0.02011	0.01423	0.01650	0.05404	0.05020	0.01554	0.01100	0.49469	0.02314	0.09192	0.01573	0.03747	0.01204	0.02934	0.06789	0.00256	0.00718	0.00595	0.02127	0.00923
1	0.02083	0.01213	0.01421	0.01155	0.01558	0.01248	0.00937	0.21632	0.18355	0.30503	0.06343	0.02356	0.04643	0.00840	0.00623	0.00192	0.00525	0.02766	0.00659	0.00947
2	0.01148	0.00907	0.01249	0.09293	0.01501	0.01101	0.02935	0.01486	0.05734	0.01823	0.04691	0.02033	0.01440	0.01488	0.14459	0.00334	0.20927	0.00599	0.26227	0.00626
3	0.00869	0.00638	0.00932	0.00930	0.01034	0.00731	0.00715	0.01077	0.00993	0.01442	0.03683	0.02502	0.01658	0.08225	0.67835	0.00896	0.01474	0.00666	0.03171	0.00530
4	0.00746	0.00533	0.00711	0.00840	0.00883	0.00498	0.00569	0.00865	0.01189	0.01592	0.07414	0.72472	0.04064	0.01842	0.00766	0.00242	0.00350	0.03366	0.00564	0.00495
5	0.02247	0.02867	0.01705	0.01550	0.01860	0.76443	0.01162	0.02402	0.01705	0.01472	0.00930	0.01085	0.00775	0.00620	0.00542	0.00155	0.01085	0.00387	0.00310	0.00697
6	0.00825	0.00627	0.00690	0.00665	0.00863	0.00538	0.00502	0.01014	0.01469	0.04755	0.23384	0.05312	0.54391	0.01418	0.00706	0.00199	0.00308	0.01197	0.00592	0.00543
7	0.01531	0.01310	0.01380	0.01231	0.01578	0.01513	0.00961	0.06289	0.70870	0.02573	0.02404	0.02209	0.01800	0.00812	0.00612	0.00203	0.00484	0.00674	0.00612	0.00955
8	0.00965	0.00781	0.01128	0.10743	0.09705	0.00812	0.00900	0.03961	0.01301	0.01755	0.08742	0.44247	0.05115	0.01428	0.00756	0.00225	0.02987	0.03356	0.00494	0.00599
9	0.09093	0.01723	0.01906	0.10525	0.15540	0.16052	0.05403	0.25260	0.01878	0.05167	0.01212	0.01392	0.00915	0.00629	0.00575	0.00180	0.00767	0.00503	0.00419	0.00862
10	0.02247	0.02867	0.01705	0.01550	0.01860	0.76443	0.01162	0.02402	0.01705	0.01472	0.00930	0.01085	0.00775	0.00620	0.00542	0.00155	0.01085	0.00387	0.00310	0.00697
11	0.00788	0.00600	0.00727	0.00738	0.00882	0.00539	0.00548	0.00994	0.01475	0.01956	0.34966	0.18446	0.28818	0.01469	0.00726	0.00208	0.00316	0.04669	0.00603	0.00532
12	0.01132	0.00817	0.01006	0.00950	0.02605	0.00825	0.00708	0.06205	0.11995	0.06200	0.40010	0.07432	0.09372	0.01400	0.06378	0.00253	0.00461	0.00969	0.00609	0.00674
13	0.01467	0.01479	0.04664	0.05655	0.67333	0.01430	0.05418	0.01843	0.01365	0.01950	0.01133	0.01492	0.00941	0.00537	0.00601	0.00181	0.00737	0.00542	0.00296	0.00936
14	0.00912	0.00620	0.00815	0.00779	0.00921	0.00571	0.00579	0.01172	0.01637	0.05259	0.63241	0.13320	0.05302	0.01289	0.00712	0.00196	0.00301	0.01144	0.00653	0.00577
15	0.00786	0.00597	0.00631	0.00631	0.00741	0.00542	0.00415	0.00869	0.01145	0.01416	0.04178	0.04944	0.41687	0.36826	0.01784	0.00377	0.00432	0.01089	0.00470	0.00442
16	0.06467	0.01412	0.01423	0.01168	0.01531	0.06650	0.00939	0.32681	0.11322	0.02835	0.01531	0.01629	0.01165	0.00828	0.03038	0.00197	0.03982	0.00527	0.13310	0.07364
17	0.01520	0.01440	0.02286	0.03200	0.59428	0.03453	0.03953	0.05975	0.04695	0.02104	0.05106	0.01672	0.01240	0.00597	0.00605	0.00181	0.00698	0.00573	0.00349	0.00925
18	0.05152	0.57920	0.17699	0.01174	0.01752	0.04505	0.01258	0.01840	0.01239	0.01573	0.00889	0.01031	0.00765	0.00531	0.00428	0.00145	0.00699	0.00349	0.00263	0.00788
19	0.01616	0.01201	0.01261	0.03329	0.01448	0.03669	0.00860	0.26753	0.17230	0.02811	0.09190	0.02137	0.01795	0.00781	0.00563	0.00175	0.00496	0.00626	0.23245	0.00813
20	0.53250	0.01417	0.10876	0.03522	0.03398	0.01292	0.00943	0.01810	0.04293	0.02433	0.00985	0.01140	0.00762	0.00557	0.00432	0.00175	0.00536	0.00373	0.00360	0.11444
21	0.01319	0.03570	0.01258	0.00931	0.01346	0.00921	0.00743	0.09247	0.03017	0.04777	0.16888	0.05616	0.02099	0.00729	0.00540	0.00134	0.00440	0.00609	0.00473	0.45342
22	0.01269	0.00986	0.01252	0.01008	0.01380	0.00863	0.04536	0.07620	0.03754	0.05298	0.07309	0.18868	0.02029	0.00885	0.00576	0.00155	0.00460	0.00776	0.02738	0.38238
23	0.01568	0.01364	0.03353	0.05743	0.04331	0.05292	0.05701	0.23782	0.01768	0.03944	0.05232	0.12383	0.03652	0.00893	0.00751	0.00189	0.08122	0.00728	0.00465	0.10739
24	0.04992	0.01464	0.07192	0.05692	0.27107	0.05121	0.07620	0.05955	0.08849	0.02083	0.06244	0.02157	0.01523	0.04842	0.00743	0.00211	0.00688	0.04771	0.00391	0.02356
25	0.01508	0.03118	0.05300	0.06611	0.08848	0.12561	0.27625	0.01854	0.01364	0.04309	0.01245	0.05734	0.01056	0.00672	0.00768	0.00191	0.08959	0.00623	0.00329	0.07322
26	0.01710	0.08081	0.07061	0.01236	0.01622	0.20975	0.01041	0.13626	0.10630	0.05447	0.08827	0.05780	0.05141	0.00810	0.00583	0.00173	0.00677	0.00632	0.00467	0.05481
27	0.01379	0.06091	0.04313	0.06665	0.03714	0.06819	0.00976	0.07359	0.01378	0.07216	0.02004	0.08020	0.07232	0.05413	0.07557	0.00284	0.08863	0.04443	0.09598	0.00677
28	0.01719	0.03354	0.01451	0.01128	0.01500	0.05249	0.00908	0.24718	0.06151	0.09122	0.10694	0.03703	0.01747	0.02335	0.00701	0.00176	0.04850	0.00608	0.03354	0.16533
29	0.07669	0.01232	0.08791	0.01126	0.03270	0.01010	0.00961	0.07909	0.05288	0.30367	0.06826	0.07749	0.07490	0.00862	0.00600	0.00185	0.00515	0.00710	0.00577	0.06864
30	0.01377	0.05150	0.01373	0.05615	0.05686	0.01123	0.00903	0.14163	0.06237	0.05305	0.05327	0.04183	0.01687	0.10856	0.14313	0.00363	0.00747	0.03175	0.03066	0.09349

[dist]
# distance from previous block
# <min> <max>
48	248

[block]
# block no. 10 follows, 38 sequences, length 25
# corresponding to MSA columns:
# 1092-1115,1119
name=unknown_K
#
# <colnr> <probs for GDERKNQSTAVLIFYWHMCP>
#	G	D	E	R	K	N	Q	S	T	A	V	L	I	F	Y	W	H	M	C	P
0	0.04269	0.18429	0.12165	0.10948	0.02003	0.13400	0.02779	0.04069	0.07023	0.05482	0.05063	0.01937	0.08574	0.00727	0.00553	0.00175	0.00701	0.00564	0.00382	0.00758
1	0.18783	0.03576	0.17200	0.01264	0.01711	0.06543	0.02876	0.05536	0.12271	0.03810	0.04602	0.03421	0.01299	0.00732	0.00653	0.00190	0.06709	0.02182	0.00406	0.06238
2	0.04614	0.06125	0.18763	0.08964	0.06225	0.01140	0.01241	0.04610	0.03782	0.09723	0.15169	0.07938	0.04986	0.02087	0.00651	0.00198	0.00592	0.01977	0.00456	0.00759
3	0.03891	0.01426	0.07247	0.04195	0.25383	0.04821	0.06416	0.02016	0.08412	0.11879	0.06605	0.02171	0.04402	0.00756	0.00692	0.00195	0.04823	0.03395	0.00430	0.00844
4	0.08051	0.08538	0.03474	0.07586	0.14762	0.17265	0.02919	0.05410	0.13499	0.03590	0.01481	0.01627	0.04018	0.00684	0.00628	0.00182	0.04571	0.00526	0.00384	0.00805
5	0.03436	0.01478	0.08143	0.07905	0.14494	0.01373	0.29767	0.01716	0.01319	0.01890	0.06736	0.01762	0.01269	0.00812	0.04200	0.00232	0.08380	0.00631	0.00324	0.04134
6	0.03716	0.01430	0.09946	0.26553	0.13312	0.01356	0.03128	0.10943	0.08286	0.05994	0.04339	0.01761	0.01213	0.02560	0.00655	0.00199	0.00695	0.00568	0.00395	0.02950
7	0.05906	0.03181	0.07509	0.03232	0.08162	0.01325	0.36757	0.01945	0.03178	0.10112	0.04347	0.04298	0.01333	0.00657	0.00648	0.00195	0.00792	0.02754	0.00390	0.03281
8	0.01340	0.01131	0.01481	0.04923	0.07773	0.02962	0.05743	0.07684	0.04354	0.04450	0.09798	0.05424	0.05330	0.00772	0.00584	0.00158	0.00538	0.03886	0.00447	0.31222
9	0.01100	0.02767	0.03793	0.03998	0.01352	0.00871	0.02868	0.06881	0.06436	0.03379	0.14903	0.20710	0.11298	0.01233	0.00678	0.00205	0.00459	0.08562	0.02331	0.06175
10	0.01555	0.01019	0.01128	0.03223	0.01345	0.04615	0.00783	0.10074	0.07856	0.19683	0.11798	0.03575	0.23829	0.03053	0.00718	0.00205	0.00478	0.03717	0.00599	0.00748
11	0.01854	0.01289	0.01588	0.01306	0.03289	0.01339	0.05490	0.33218	0.07884	0.12905	0.04799	0.10214	0.01679	0.02762	0.00735	0.02637	0.00583	0.00720	0.00566	0.05145
12	0.01526	0.01441	0.02122	0.21216	0.36346	0.05517	0.04410	0.09513	0.08116	0.02076	0.01262	0.01565	0.00992	0.00601	0.00601	0.00186	0.00741	0.00548	0.00352	0.00871
13	0.12436	0.02975	0.01220	0.01003	0.01327	0.03351	0.00792	0.10865	0.14731	0.14489	0.15867	0.04583	0.04590	0.05080	0.00722	0.00207	0.00485	0.00709	0.00566	0.04003
14	0.02104	0.01491	0.01739	0.01562	0.09851	0.01603	0.01146	0.50530	0.04577	0.10854	0.01673	0.07158	0.01304	0.00792	0.00614	0.00186	0.00624	0.00637	0.00580	0.00974
15	0.01079	0.00688	0.00956	0.00908	0.01084	0.00619	0.03871	0.01269	0.01390	0.12144	0.19077	0.38450	0.10802	0.01439	0.00714	0.00213	0.00386	0.01289	0.00590	0.03030
16	0.01633	0.01053	0.01337	0.01000	0.01483	0.00852	0.03054	0.03684	0.01414	0.21675	0.01587	0.06785	0.01267	0.00633	0.00523	0.00132	0.00480	0.00532	0.00479	0.50397
17	0.10439	0.04983	0.14161	0.03324	0.02518	0.05548	0.37582	0.01852	0.01331	0.01941	0.04080	0.01534	0.01030	0.00600	0.00719	0.00197	0.06482	0.00591	0.00313	0.00774
18	0.01031	0.00532	0.00798	0.00798	0.00806	0.00540	0.00540	0.00806	0.00798	0.01072	0.01089	0.01870	0.01080	0.02277	0.08065	0.76213	0.00606	0.00532	0.00266	0.00282
19	0.01509	0.09912	0.01558	0.01203	0.01562	0.01594	0.00961	0.03042	0.65967	0.02395	0.02270	0.02103	0.01719	0.00783	0.00587	0.00196	0.00495	0.00640	0.00573	0.00932
20	0.01470	0.62616	0.10415	0.01079	0.01580	0.02069	0.01101	0.01706	0.01219	0.01479	0.01136	0.09569	0.01126	0.00672	0.00447	0.00148	0.00636	0.00488	0.00290	0.00753
21	0.10297	0.07606	0.60857	0.01593	0.02394	0.01457	0.04002	0.01884	0.01244	0.01963	0.01042	0.01229	0.00755	0.00565	0.00542	0.00187	0.00830	0.00431	0.00269	0.00853
22	0.01389	0.01841	0.14137	0.02415	0.03065	0.01503	0.62553	0.01924	0.01398	0.01924	0.01197	0.01571	0.00891	0.00517	0.00690	0.00201	0.00996	0.00671	0.00297	0.00823
23	0.00829	0.09233	0.00965	0.00847	0.00944	0.00699	0.00605	0.00946	0.01171	0.01527	0.03192	0.65966	0.07455	0.01714	0.00723	0.00229	0.00379	0.01533	0.00525	0.00521
24	0.01473	0.38330	0.12888	0.01123	0.01574	0.07790	0.01101	0.03837	0.01374	0.03941	0.09357	0.07045	0.01615	0.00838	0.02607	0.00182	0.00666	0.00560	0.02958	0.00742

[dist]
# distance from previous block
# <min> <max>
5	17

# created by:
# /st0/software/busco_prod/Augustus/scripts/msa2prfl.pl ./align_prep/196894.fa
