[name]
unknown

[dist]
# distance from previous block
# <min> <max>
16	87

[block]
# block no. 0 follows, 47 sequences, length 55
# corresponding to MSA columns:
# 129-183
name=unknown_A
#
# <colnr> <probs for GDERKNQSTAVLIFYWHMCP>
#	G	D	E	R	K	N	Q	S	T	A	V	L	I	F	Y	W	H	M	C	P
0	0.06519	0.01089	0.07213	0.07011	0.01403	0.03905	0.00821	0.07793	0.16816	0.06910	0.08463	0.05635	0.08224	0.04913	0.00622	0.00176	0.00463	0.00613	0.02158	0.09253
1	0.09849	0.01070	0.08427	0.03616	0.03541	0.00934	0.04488	0.03683	0.14371	0.14082	0.04800	0.03359	0.09949	0.05586	0.00634	0.00180	0.00466	0.00587	0.02324	0.08055
2	0.10676	0.04206	0.02599	0.01092	0.03803	0.04003	0.02527	0.21066	0.19009	0.11942	0.02965	0.01532	0.02984	0.00612	0.00486	0.00153	0.00493	0.00482	0.00458	0.08914
3	0.09115	0.04707	0.01176	0.00951	0.02327	0.04626	0.05298	0.07646	0.10138	0.07159	0.16793	0.05802	0.03504	0.03015	0.04778	0.00200	0.00492	0.00618	0.04564	0.07091
4	0.03538	0.01502	0.05392	0.06633	0.18449	0.15145	0.05821	0.19267	0.01519	0.05630	0.01136	0.01287	0.02355	0.00536	0.00498	0.00147	0.00648	0.00442	0.00348	0.09708
5	0.00704	0.00514	0.00682	0.00724	0.00776	0.00531	0.00505	0.00812	0.00930	0.01266	0.05652	0.34176	0.06349	0.18711	0.23154	0.00443	0.02251	0.01010	0.00391	0.00419
6	0.01803	0.01350	0.01452	0.01144	0.01537	0.01487	0.00933	0.56148	0.18023	0.04646	0.01434	0.01398	0.01036	0.00631	0.00517	0.00157	0.00528	0.00488	0.00516	0.04772
7	0.00777	0.00600	0.00772	0.00699	0.00887	0.00528	0.04911	0.00970	0.01294	0.05234	0.27575	0.04330	0.44555	0.01161	0.00614	0.00174	0.00310	0.03611	0.00506	0.00493
8	0.01822	0.01367	0.01462	0.01143	0.01536	0.01506	0.00936	0.63415	0.10779	0.03040	0.01528	0.01499	0.04553	0.00662	0.00524	0.00158	0.00537	0.00508	0.00516	0.02507
9	0.01356	0.76561	0.04231	0.00889	0.01320	0.01970	0.00886	0.01524	0.01045	0.01224	0.00771	0.00960	0.00725	0.04219	0.00445	0.00131	0.00559	0.00303	0.00227	0.00654
10	0.05541	0.04555	0.28345	0.01517	0.06555	0.01196	0.16367	0.06503	0.04405	0.18082	0.01248	0.01336	0.00876	0.00528	0.00515	0.00164	0.00661	0.00470	0.00357	0.00780
11	0.01385	0.27998	0.30855	0.01133	0.01672	0.01436	0.01245	0.10908	0.01307	0.10021	0.02976	0.01349	0.04456	0.00562	0.00457	0.00147	0.00606	0.00421	0.00324	0.00742
12	0.00634	0.00453	0.00604	0.00725	0.00755	0.00423	0.00483	0.00725	0.00997	0.01329	0.02870	0.81358	0.03444	0.01632	0.00665	0.00211	0.00302	0.01480	0.00483	0.00423
13	0.01424	0.04647	0.37526	0.04103	0.06947	0.01208	0.08990	0.09026	0.03173	0.16135	0.01209	0.01303	0.00846	0.00532	0.00512	0.00163	0.00673	0.00451	0.00342	0.00791
14	0.01950	0.01369	0.01491	0.01158	0.01562	0.01500	0.00952	0.62268	0.09480	0.10737	0.01413	0.01368	0.00993	0.00635	0.00522	0.00159	0.00545	0.00486	0.00534	0.00880
15	0.01100	0.00961	0.01609	0.66353	0.12607	0.01144	0.01425	0.01434	0.01085	0.05906	0.00998	0.01399	0.00745	0.00521	0.00520	0.00171	0.00670	0.00467	0.00259	0.00627
16	0.85377	0.01007	0.00765	0.00685	0.01007	0.01168	0.00564	0.01531	0.00886	0.02336	0.00725	0.00846	0.00564	0.00483	0.00322	0.00161	0.00403	0.00282	0.00322	0.00564
17	0.00747	0.00503	0.00568	0.00573	0.00580	0.00499	0.00325	0.00756	0.00782	0.01036	0.01812	0.06776	0.04464	0.75656	0.02499	0.00482	0.00488	0.00799	0.00328	0.00324
18	0.01314	0.01055	0.01099	0.05540	0.01325	0.13658	0.03418	0.04249	0.10921	0.14453	0.06601	0.17015	0.10529	0.03157	0.03088	0.00201	0.00528	0.00774	0.00454	0.00620
19	0.00729	0.00490	0.00633	0.00685	0.00752	0.00459	0.00473	0.00867	0.01125	0.03293	0.23047	0.48271	0.03556	0.07263	0.00776	0.00214	0.00301	0.01202	0.05416	0.00448
20	0.01054	0.01026	0.01611	0.45704	0.02643	0.01343	0.03068	0.01306	0.00944	0.01306	0.00828	0.01285	0.00692	0.00681	0.01018	0.00196	0.34023	0.00463	0.00231	0.00578
21	0.01065	0.00974	0.01563	0.71397	0.03352	0.01209	0.01400	0.07053	0.01139	0.01476	0.00941	0.01368	0.00708	0.00544	0.00566	0.00174	0.03753	0.00463	0.00253	0.00601
22	0.03203	0.06354	0.01369	0.01085	0.01417	0.04418	0.00869	0.20103	0.50480	0.02347	0.01747	0.01649	0.01309	0.00660	0.00509	0.00166	0.00479	0.00525	0.00494	0.00815
23	0.01317	0.00771	0.00908	0.00766	0.01037	0.00707	0.00596	0.07534	0.05866	0.23833	0.07216	0.05778	0.26162	0.06990	0.00711	0.00187	0.00378	0.00763	0.00513	0.07967
24	0.01424	0.10123	0.34037	0.01235	0.01772	0.03775	0.01316	0.12651	0.16851	0.09791	0.01309	0.01329	0.00946	0.00568	0.00491	0.00159	0.00619	0.00440	0.00371	0.00794
25	0.38126	0.23042	0.02934	0.00977	0.03016	0.16680	0.00818	0.03166	0.01086	0.01781	0.00759	0.00896	0.00632	0.00504	0.00422	0.00145	0.03811	0.00308	0.00282	0.00616
26	0.00633	0.00459	0.00599	0.00710	0.00751	0.00424	0.00477	0.00727	0.01011	0.01335	0.03051	0.75631	0.09055	0.01608	0.00661	0.00209	0.00299	0.01452	0.00483	0.00424
27	0.01683	0.40187	0.02070	0.01128	0.01480	0.42842	0.00952	0.01833	0.01278	0.01251	0.00767	0.00890	0.00670	0.00493	0.00405	0.00123	0.00758	0.00308	0.00247	0.00634
28	0.00674	0.00490	0.00641	0.00708	0.00778	0.00449	0.00489	0.00805	0.01110	0.01513	0.19535	0.59661	0.05085	0.01452	0.00642	0.00195	0.00292	0.01309	0.00497	0.03676
29	0.07514	0.48598	0.08790	0.00978	0.01419	0.09516	0.00949	0.01772	0.01160	0.13637	0.00961	0.01018	0.00759	0.00493	0.00391	0.00130	0.00585	0.00332	0.00301	0.00698
30	0.01496	0.10753	0.07114	0.02919	0.01643	0.01352	0.11295	0.01722	0.01100	0.22328	0.01132	0.01313	0.00859	0.00684	0.00970	0.00184	0.31624	0.00470	0.00344	0.00699
31	0.00634	0.00453	0.00604	0.00725	0.00755	0.00423	0.00483	0.00725	0.00997	0.01329	0.02870	0.81358	0.03444	0.01632	0.00665	0.00211	0.00302	0.01480	0.00483	0.00423
32	0.01945	0.02482	0.01476	0.01342	0.01610	0.79608	0.01006	0.02079	0.01476	0.01275	0.00805	0.00939	0.00671	0.00537	0.00470	0.00134	0.00939	0.00335	0.00268	0.00604
33	0.01757	0.05668	0.14780	0.01280	0.05524	0.03816	0.01124	0.35377	0.08130	0.15309	0.01349	0.01341	0.00952	0.00593	0.00506	0.00157	0.00584	0.00460	0.00455	0.00838
34	0.00706	0.00524	0.00658	0.00640	0.00763	0.00476	0.00474	0.00918	0.01380	0.01900	0.58537	0.11357	0.17416	0.01162	0.00619	0.00170	0.00254	0.01019	0.00549	0.00476
35	0.00757	0.00505	0.00568	0.00568	0.00568	0.00505	0.00316	0.00757	0.00757	0.01010	0.01641	0.03408	0.01893	0.81698	0.02651	0.00505	0.00505	0.00757	0.00316	0.00316
36	0.01347	0.00705	0.00919	0.00778	0.01012	0.00649	0.00613	0.05933	0.01537	0.27947	0.48091	0.03024	0.03460	0.00898	0.00578	0.00162	0.00331	0.00774	0.00594	0.00647
37	0.01804	0.00980	0.01463	0.21548	0.14522	0.00982	0.01085	0.05521	0.01371	0.42982	0.01554	0.01571	0.01043	0.00583	0.00521	0.00163	0.00542	0.00496	0.00470	0.00798
38	0.00737	0.00532	0.00696	0.00655	0.00778	0.00491	0.00491	0.00983	0.01474	0.02088	0.78175	0.03890	0.04914	0.01065	0.00614	0.00164	0.00246	0.00942	0.00573	0.00491
39	0.80501	0.01034	0.00812	0.00715	0.01043	0.01194	0.00589	0.05926	0.00978	0.02392	0.00756	0.00870	0.00583	0.00492	0.00334	0.00161	0.00413	0.00293	0.00334	0.00583
40	0.00757	0.00505	0.00568	0.00568	0.00568	0.00505	0.00316	0.00757	0.00757	0.01010	0.01641	0.03408	0.01893	0.81698	0.02651	0.00505	0.00505	0.00757	0.00316	0.00316
41	0.01080	0.00926	0.01080	0.00771	0.01234	0.00694	0.00617	0.01311	0.01080	0.01697	0.00926	0.01080	0.00771	0.00386	0.00386	0.00077	0.00386	0.00309	0.00309	0.84882
42	0.01060	0.01017	0.01763	0.60150	0.18772	0.01183	0.05869	0.01405	0.01082	0.01426	0.00944	0.01369	0.00726	0.00504	0.00525	0.00170	0.00690	0.00472	0.00239	0.00636
43	0.00983	0.00926	0.01562	0.80447	0.03587	0.01157	0.01446	0.01331	0.01041	0.01331	0.00926	0.01388	0.00694	0.00521	0.00521	0.00174	0.00694	0.00463	0.00231	0.00579
44	0.01331	0.57846	0.07007	0.01223	0.01694	0.01838	0.17665	0.01581	0.01092	0.01347	0.00807	0.00983	0.00695	0.00458	0.00438	0.00131	0.02588	0.00363	0.00232	0.00679
45	0.01216	0.01314	0.12682	0.01202	0.08902	0.03758	0.00970	0.01790	0.18631	0.04316	0.01238	0.01318	0.00961	0.00497	0.00455	0.00125	0.00492	0.00407	0.00351	0.39373
46	0.09672	0.13434	0.37119	0.01194	0.01751	0.01267	0.02815	0.04290	0.06881	0.13525	0.01191	0.02683	0.00878	0.00549	0.00468	0.00158	0.00613	0.00423	0.00334	0.00753
47	0.01204	0.01151	0.01961	0.24606	0.57702	0.01215	0.01556	0.01524	0.01146	0.01599	0.00965	0.01316	0.00789	0.00480	0.00517	0.00160	0.00640	0.00464	0.00250	0.00757
48	0.00625	0.00506	0.00555	0.00589	0.00721	0.00436	0.00424	0.00748	0.01141	0.01405	0.06850	0.27262	0.54116	0.01402	0.00630	0.00186	0.00274	0.01205	0.00486	0.00436
49	0.01003	0.01084	0.07604	0.42196	0.12182	0.01073	0.10558	0.01340	0.01098	0.01471	0.04153	0.11458	0.01225	0.00661	0.00551	0.00175	0.00647	0.00621	0.00282	0.00616
50	0.00824	0.00694	0.01004	0.25943	0.04651	0.00745	0.00834	0.01113	0.04435	0.01608	0.23940	0.16349	0.13866	0.00989	0.00586	0.00177	0.00421	0.00873	0.00423	0.00526
51	0.02336	0.00886	0.01209	0.00927	0.01329	0.00765	0.00765	0.02538	0.01491	0.78810	0.02055	0.01773	0.01289	0.00645	0.00524	0.00161	0.00443	0.00524	0.00645	0.00886
52	0.00634	0.00453	0.00604	0.00725	0.00755	0.00423	0.00483	0.00725	0.00997	0.01329	0.02870	0.81358	0.03444	0.01632	0.00665	0.00211	0.00302	0.01480	0.00483	0.00423
53	0.03267	0.06693	0.58927	0.03038	0.02175	0.01231	0.08452	0.01701	0.01131	0.07187	0.01009	0.01160	0.00715	0.00498	0.00495	0.00163	0.00734	0.00409	0.00257	0.00758
54	0.01448	0.01598	0.01579	0.01367	0.01481	0.28242	0.02870	0.01579	0.01058	0.03292	0.00770	0.01094	0.00698	0.00765	0.01228	0.00193	0.49472	0.00420	0.00253	0.00593

[dist]
# distance from previous block
# <min> <max>
0	4

[block]
# block no. 1 follows, 47 sequences, length 8
# corresponding to MSA columns:
# 188-195
name=unknown_B
#
# <colnr> <probs for GDERKNQSTAVLIFYWHMCP>
#	G	D	E	R	K	N	Q	S	T	A	V	L	I	F	Y	W	H	M	C	P
0	0.12975	0.31420	0.08837	0.01107	0.01542	0.04325	0.06460	0.18336	0.01367	0.01926	0.00893	0.01018	0.00715	0.00512	0.00465	0.00141	0.03476	0.00365	0.00311	0.03808
1	0.01831	0.01363	0.09650	0.08648	0.01775	0.01280	0.01061	0.36577	0.07397	0.22849	0.01463	0.01436	0.01002	0.00613	0.00520	0.00162	0.00559	0.00483	0.00495	0.00840
2	0.00698	0.00508	0.00663	0.00720	0.00807	0.00474	0.00532	0.00866	0.01202	0.01621	0.27908	0.37674	0.10412	0.01388	0.00652	0.00197	0.00307	0.12403	0.00512	0.00456
3	0.00833	0.00557	0.00774	0.00769	0.00889	0.00512	0.03137	0.01003	0.01217	0.07805	0.26812	0.39596	0.07934	0.01304	0.00635	0.00190	0.00322	0.04699	0.00517	0.00495
4	0.00905	0.00452	0.00678	0.00678	0.00678	0.00452	0.00452	0.00678	0.00678	0.00905	0.00905	0.01583	0.00905	0.01809	0.02035	0.84848	0.00452	0.00452	0.00226	0.00226
5	0.00754	0.00531	0.00667	0.00663	0.00788	0.00481	0.00492	0.00944	0.01314	0.04563	0.43421	0.19159	0.19387	0.01224	0.00624	0.00178	0.00275	0.03516	0.00537	0.00481
6	0.01298	0.02101	0.48016	0.01440	0.02054	0.01236	0.09153	0.08910	0.06844	0.09293	0.01162	0.01273	0.00824	0.00546	0.00558	0.00168	0.03579	0.00447	0.00317	0.00782
7	0.01195	0.11652	0.10226	0.01216	0.06990	0.01143	0.03930	0.08652	0.01146	0.06666	0.01175	0.01497	0.00983	0.01703	0.27541	0.00387	0.07544	0.00468	0.02507	0.03380

[dist]
# distance from previous block
# <min> <max>
1	7

[block]
# block no. 2 follows, 47 sequences, length 45
# corresponding to MSA columns:
# 203-247
name=unknown_C
#
# <colnr> <probs for GDERKNQSTAVLIFYWHMCP>
#	G	D	E	R	K	N	Q	S	T	A	V	L	I	F	Y	W	H	M	C	P
0	0.22746	0.01240	0.03167	0.12113	0.17460	0.02670	0.16225	0.12247	0.01292	0.04630	0.00993	0.01214	0.00753	0.00502	0.00487	0.00163	0.00622	0.00447	0.00322	0.00707
1	0.01122	0.00997	0.01641	0.55044	0.19903	0.01153	0.01406	0.04005	0.01153	0.04127	0.03799	0.01466	0.00903	0.00536	0.00523	0.00168	0.00649	0.00483	0.00274	0.00651
2	0.01056	0.00867	0.01026	0.00767	0.01176	0.00664	0.00604	0.01274	0.01095	0.03484	0.03784	0.08656	0.01174	0.00531	0.00423	0.00095	0.00374	0.00444	0.00342	0.72164
3	0.00723	0.00530	0.00678	0.00645	0.00770	0.00485	0.00482	0.00953	0.01434	0.02003	0.69208	0.06169	0.11767	0.01104	0.00616	0.00166	0.00249	0.00972	0.00562	0.00485
4	0.07294	0.00893	0.01182	0.00912	0.01310	0.00789	0.00753	0.02478	0.01454	0.74245	0.01975	0.01717	0.01246	0.00635	0.00512	0.00161	0.00441	0.00509	0.00625	0.00867
5	0.00757	0.00505	0.00568	0.00568	0.00568	0.00505	0.00316	0.00757	0.00757	0.01010	0.01641	0.03408	0.01893	0.81698	0.02651	0.00505	0.00505	0.00757	0.00316	0.00316
6	0.02336	0.00886	0.01209	0.00927	0.01329	0.00765	0.00765	0.02538	0.01491	0.78810	0.02055	0.01773	0.01289	0.00645	0.00524	0.00161	0.00443	0.00524	0.00645	0.00886
7	0.00983	0.00926	0.01562	0.80447	0.03587	0.01157	0.01446	0.01331	0.01041	0.01331	0.00926	0.01388	0.00694	0.00521	0.00521	0.00174	0.00694	0.00463	0.00231	0.00579
8	0.02336	0.00886	0.01209	0.00927	0.01329	0.00765	0.00765	0.02538	0.01491	0.78810	0.02055	0.01773	0.01289	0.00645	0.00524	0.00161	0.00443	0.00524	0.00645	0.00886
9	0.01416	0.01059	0.01154	0.01017	0.01322	0.01182	0.00797	0.02647	0.63219	0.13214	0.02247	0.02051	0.04870	0.00724	0.00533	0.00174	0.00410	0.00601	0.00544	0.00817
10	0.85377	0.01007	0.00765	0.00685	0.01007	0.01168	0.00564	0.01531	0.00886	0.02336	0.00725	0.00846	0.00564	0.00483	0.00322	0.00161	0.00403	0.00282	0.00322	0.00564
11	0.01392	0.82012	0.02729	0.00891	0.01337	0.02061	0.00891	0.01559	0.01058	0.01225	0.00724	0.00835	0.00668	0.00446	0.00334	0.00111	0.00557	0.00278	0.00223	0.00668
12	0.69914	0.08142	0.01011	0.05489	0.01212	0.04139	0.00662	0.01542	0.00932	0.02140	0.00740	0.00881	0.00585	0.00484	0.00341	0.00157	0.00454	0.00294	0.00306	0.00575
13	0.00791	0.00545	0.00709	0.00661	0.00796	0.00500	0.00498	0.01032	0.01465	0.04858	0.72979	0.03850	0.07221	0.01058	0.00611	0.00164	0.00253	0.00932	0.00573	0.00504
14	0.00757	0.00505	0.00568	0.00568	0.00568	0.00505	0.00316	0.00757	0.00757	0.01010	0.01641	0.03408	0.01893	0.81698	0.02651	0.00505	0.00505	0.00757	0.00316	0.00316
15	0.01897	0.02402	0.01483	0.01343	0.01595	0.74950	0.01014	0.02030	0.01435	0.01273	0.00798	0.00951	0.00672	0.00559	0.00544	0.00140	0.05704	0.00343	0.00266	0.00602
16	0.02336	0.00886	0.01209	0.00927	0.01329	0.00765	0.00765	0.02538	0.01491	0.78810	0.02055	0.01773	0.01289	0.00645	0.00524	0.00161	0.00443	0.00524	0.00645	0.00886
17	0.00652	0.00529	0.00578	0.00565	0.00726	0.00455	0.00424	0.00817	0.01272	0.01609	0.26925	0.04679	0.56463	0.01243	0.00615	0.00172	0.00258	0.01052	0.00510	0.00455
18	0.00654	0.00529	0.00581	0.00568	0.00727	0.00456	0.00426	0.00822	0.01278	0.01623	0.28375	0.04656	0.55005	0.01238	0.00615	0.00172	0.00258	0.01049	0.00512	0.00456
19	0.00905	0.00452	0.00678	0.00678	0.00678	0.00452	0.00452	0.00678	0.00678	0.00905	0.00905	0.01583	0.00905	0.01809	0.02035	0.84848	0.00452	0.00452	0.00226	0.00226
20	0.01392	0.82012	0.02729	0.00891	0.01337	0.02061	0.00891	0.01559	0.01058	0.01225	0.00724	0.00835	0.00668	0.00446	0.00334	0.00111	0.00557	0.00278	0.00223	0.00668
21	0.00737	0.00532	0.00696	0.00655	0.00778	0.00491	0.00491	0.00983	0.01474	0.02088	0.78175	0.03890	0.04914	0.01065	0.00614	0.00164	0.00246	0.00942	0.00573	0.00491
22	0.00737	0.00532	0.00696	0.00655	0.00778	0.00491	0.00491	0.00983	0.01474	0.02088	0.78175	0.03890	0.04914	0.01065	0.00614	0.00164	0.00246	0.00942	0.00573	0.00491
23	0.00737	0.00532	0.00696	0.00655	0.00778	0.00491	0.00491	0.00983	0.01474	0.02088	0.78175	0.03890	0.04914	0.01065	0.00614	0.00164	0.00246	0.00942	0.00573	0.00491
24	0.01340	0.61129	0.19439	0.01041	0.01550	0.05236	0.01123	0.01602	0.01085	0.01321	0.00774	0.00898	0.00667	0.00460	0.00375	0.00124	0.00620	0.00304	0.00224	0.00688
25	0.01080	0.00926	0.01080	0.00771	0.01234	0.00694	0.00617	0.01311	0.01080	0.01697	0.00926	0.01080	0.00771	0.00386	0.00386	0.00077	0.00386	0.00309	0.00309	0.84882
26	0.01995	0.01516	0.01490	0.01178	0.01567	0.12531	0.00957	0.53647	0.05057	0.12806	0.01325	0.01301	0.00935	0.00618	0.00514	0.00155	0.00602	0.00462	0.00502	0.00843
27	0.00792	0.00528	0.00630	0.00629	0.00661	0.00554	0.00406	0.00862	0.00832	0.01198	0.01653	0.07386	0.01779	0.51982	0.12761	0.00469	0.03291	0.00722	0.12490	0.00375
28	0.01229	0.01405	0.03073	0.02195	0.02722	0.01317	0.76558	0.01668	0.01229	0.01668	0.01054	0.01405	0.00790	0.00439	0.00615	0.00176	0.00878	0.00615	0.00263	0.00702
29	0.77498	0.01050	0.00841	0.00733	0.01065	0.01210	0.00604	0.08633	0.01034	0.02426	0.00775	0.00884	0.00594	0.00497	0.00341	0.00161	0.00419	0.00300	0.00341	0.00594
30	0.00687	0.00525	0.00597	0.00640	0.00758	0.00480	0.00464	0.00864	0.03888	0.01448	0.05237	0.30351	0.37644	0.04038	0.00688	0.00199	0.00301	0.05505	0.05235	0.00450
31	0.85377	0.01007	0.00765	0.00685	0.01007	0.01168	0.00564	0.01531	0.00886	0.02336	0.00725	0.00846	0.00564	0.00483	0.00322	0.00161	0.00403	0.00282	0.00322	0.00564
32	0.00634	0.00453	0.00604	0.00725	0.00755	0.00423	0.00483	0.00725	0.00997	0.01329	0.02870	0.81358	0.03444	0.01632	0.00665	0.00211	0.00302	0.01480	0.00483	0.00423
33	0.85377	0.01007	0.00765	0.00685	0.01007	0.01168	0.00564	0.01531	0.00886	0.02336	0.00725	0.00846	0.00564	0.00483	0.00322	0.00161	0.00403	0.00282	0.00322	0.00564
34	0.01217	0.01164	0.01984	0.21364	0.60843	0.01218	0.01562	0.01535	0.01152	0.01614	0.00967	0.01312	0.00794	0.00477	0.00517	0.00159	0.00636	0.00464	0.00252	0.00767
35	0.02137	0.00842	0.01145	0.00893	0.01261	0.00731	0.00731	0.02344	0.01488	0.69264	0.11526	0.02036	0.01740	0.00697	0.00535	0.00161	0.00419	0.00576	0.00636	0.00837
36	0.00722	0.00524	0.00680	0.00657	0.00773	0.00482	0.00486	0.00947	0.01415	0.01984	0.67603	0.11563	0.07948	0.01131	0.00619	0.00169	0.00252	0.01002	0.00561	0.00482
37	0.00800	0.00584	0.00785	0.00876	0.01004	0.00569	0.00751	0.01025	0.01218	0.01577	0.08760	0.05604	0.13725	0.01394	0.00697	0.00225	0.00432	0.59013	0.00487	0.00475
38	0.01045	0.02694	0.79000	0.01484	0.02254	0.01209	0.01924	0.01649	0.01099	0.01649	0.00935	0.01099	0.00660	0.00495	0.00495	0.00165	0.00770	0.00385	0.00220	0.00770
39	0.00983	0.00926	0.01562	0.80447	0.03587	0.01157	0.01446	0.01331	0.01041	0.01331	0.00926	0.01388	0.00694	0.00521	0.00521	0.00174	0.00694	0.00463	0.00231	0.00579
40	0.00640	0.00459	0.00607	0.00717	0.00755	0.00427	0.00482	0.00739	0.01027	0.01372	0.06968	0.75381	0.05306	0.01594	0.00661	0.00208	0.00298	0.01442	0.00488	0.00427
41	0.00714	0.00526	0.00672	0.00677	0.00793	0.00484	0.00510	0.00920	0.01336	0.01830	0.49621	0.15948	0.14644	0.01221	0.00632	0.00180	0.00279	0.08003	0.00538	0.00473
42	0.08149	0.11452	0.27751	0.01288	0.06846	0.01213	0.02864	0.01984	0.10483	0.21019	0.01322	0.01338	0.00938	0.00548	0.00477	0.00158	0.00582	0.00434	0.00376	0.00779
43	0.06367	0.35091	0.39775	0.01241	0.03322	0.01559	0.02980	0.01604	0.01074	0.01519	0.00839	0.00986	0.00663	0.00472	0.00421	0.00143	0.00659	0.00341	0.00229	0.00715
44	0.00634	0.00453	0.00604	0.00725	0.00755	0.00423	0.00483	0.00725	0.00997	0.01329	0.02870	0.81358	0.03444	0.01632	0.00665	0.00211	0.00302	0.01480	0.00483	0.00423

[dist]
# distance from previous block
# <min> <max>
0	1

[block]
# block no. 3 follows, 47 sequences, length 41
# corresponding to MSA columns:
# 249-289
name=unknown_D
#
# <colnr> <probs for GDERKNQSTAVLIFYWHMCP>
#	G	D	E	R	K	N	Q	S	T	A	V	L	I	F	Y	W	H	M	C	P
0	0.00846	0.00726	0.01148	0.25692	0.01843	0.00785	0.06753	0.01143	0.05339	0.01485	0.08967	0.34764	0.02389	0.01079	0.00607	0.00192	0.00479	0.04839	0.00398	0.00525
1	0.14289	0.04450	0.15780	0.22175	0.06164	0.02675	0.05474	0.08488	0.01235	0.09174	0.02702	0.03187	0.00907	0.00559	0.00488	0.00164	0.00615	0.00460	0.00326	0.00687
2	0.01218	0.08406	0.01939	0.11973	0.52197	0.01232	0.01404	0.03122	0.01177	0.01623	0.01159	0.04929	0.01057	0.00589	0.00520	0.00161	0.00598	0.05672	0.00282	0.00742
3	0.85377	0.01007	0.00765	0.00685	0.01007	0.01168	0.00564	0.01531	0.00886	0.02336	0.00725	0.00846	0.00564	0.00483	0.00322	0.00161	0.00403	0.00282	0.00322	0.00564
4	0.00647	0.00529	0.00572	0.00561	0.00723	0.00453	0.00421	0.00809	0.01263	0.01586	0.24460	0.04717	0.58942	0.01252	0.00615	0.00173	0.00259	0.01058	0.00507	0.00453
5	0.16135	0.01087	0.01050	0.00898	0.01178	0.05947	0.00712	0.21433	0.15487	0.04846	0.06384	0.01615	0.01303	0.00679	0.00518	0.03281	0.00446	0.00485	0.15840	0.00678
6	0.01945	0.02482	0.01476	0.01342	0.01610	0.79608	0.01006	0.02079	0.01476	0.01275	0.00805	0.00939	0.00671	0.00537	0.00470	0.00134	0.00939	0.00335	0.00268	0.00604
7	0.00615	0.00528	0.00528	0.00528	0.00703	0.00440	0.00396	0.00747	0.01187	0.01407	0.05276	0.05012	0.78238	0.01319	0.00615	0.00176	0.00264	0.01099	0.00484	0.00440
8	0.06377	0.00846	0.01093	0.00873	0.01214	0.00772	0.00709	0.03542	0.04654	0.55694	0.16357	0.02121	0.01941	0.00718	0.00530	0.00162	0.00405	0.00592	0.00607	0.00792
9	0.00634	0.00453	0.00604	0.00725	0.00755	0.00423	0.00483	0.00725	0.00997	0.01329	0.02870	0.81358	0.03444	0.01632	0.00665	0.00211	0.00302	0.01480	0.00483	0.00423
10	0.00744	0.00558	0.00837	0.00837	0.00930	0.00651	0.00651	0.00930	0.00837	0.01209	0.01395	0.02046	0.01302	0.03906	0.79635	0.00837	0.01395	0.00558	0.00279	0.00465
11	0.02153	0.01181	0.01391	0.01066	0.01476	0.01202	0.00881	0.40672	0.01983	0.39981	0.01641	0.01504	0.01082	0.00635	0.00522	0.00159	0.00510	0.00496	0.00581	0.00886
12	0.01045	0.02694	0.79000	0.01484	0.02254	0.01209	0.01924	0.01649	0.01099	0.01649	0.00935	0.01099	0.00660	0.00495	0.00495	0.00165	0.00770	0.00385	0.00220	0.00770
13	0.04242	0.00943	0.01116	0.00811	0.01263	0.00746	0.02158	0.01412	0.03584	0.04124	0.00995	0.01127	0.00807	0.00409	0.00397	0.00088	0.00399	0.00330	0.00326	0.74725
14	0.02686	0.01110	0.04504	0.62719	0.07761	0.05535	0.01400	0.01479	0.05073	0.01425	0.00981	0.01365	0.00744	0.00526	0.00513	0.00170	0.00686	0.00456	0.00252	0.00615
15	0.00737	0.00532	0.00696	0.00655	0.00778	0.00491	0.00491	0.00983	0.01474	0.02088	0.78175	0.03890	0.04914	0.01065	0.00614	0.00164	0.00246	0.00942	0.00573	0.00491
16	0.00665	0.00485	0.00626	0.00684	0.00758	0.00446	0.00478	0.00809	0.01166	0.01577	0.26970	0.49611	0.10952	0.01422	0.00644	0.00193	0.00281	0.01274	0.00512	0.00446
17	0.85377	0.01007	0.00765	0.00685	0.01007	0.01168	0.00564	0.01531	0.00886	0.02336	0.00725	0.00846	0.00564	0.00483	0.00322	0.00161	0.00403	0.00282	0.00322	0.00564
18	0.00757	0.00505	0.00568	0.00568	0.00568	0.00505	0.00316	0.00757	0.00757	0.01010	0.01641	0.03408	0.01893	0.81698	0.02651	0.00505	0.00505	0.00757	0.00316	0.00316
19	0.00744	0.00558	0.00837	0.00837	0.00930	0.00651	0.00651	0.00930	0.00837	0.01209	0.01395	0.02046	0.01302	0.03906	0.79635	0.00837	0.01395	0.00558	0.00279	0.00465
20	0.01013	0.00968	0.01672	0.72057	0.07706	0.01170	0.05383	0.01363	0.01059	0.01369	0.00935	0.01384	0.00706	0.00513	0.00525	0.00173	0.00700	0.00471	0.00235	0.00599
21	0.01018	0.03839	0.01063	0.00776	0.01163	0.00702	0.00616	0.01227	0.01072	0.01621	0.01268	0.12809	0.01237	0.00607	0.00437	0.00104	0.00384	0.03319	0.00337	0.66400
22	0.00649	0.00464	0.00621	0.00742	0.00779	0.00436	0.00509	0.00751	0.01012	0.01346	0.02862	0.75922	0.03412	0.01618	0.00669	0.00214	0.00315	0.06772	0.00483	0.00427
23	0.77809	0.08307	0.00942	0.00703	0.01037	0.01249	0.00593	0.01533	0.00902	0.02236	0.00725	0.00845	0.00573	0.00480	0.00323	0.00157	0.00417	0.00282	0.00313	0.00573
24	0.00757	0.00505	0.00568	0.00568	0.00568	0.00505	0.00316	0.00757	0.00757	0.01010	0.01641	0.03408	0.01893	0.81698	0.02651	0.00505	0.00505	0.00757	0.00316	0.00316
25	0.01309	0.00680	0.00880	0.00755	0.00988	0.00616	0.00592	0.01580	0.04635	0.28899	0.41533	0.03172	0.10344	0.00926	0.00579	0.00165	0.00323	0.00795	0.00588	0.00639
26	0.01852	0.00886	0.01145	0.00948	0.01274	0.00838	0.00788	0.13381	0.01580	0.45694	0.09197	0.02659	0.01887	0.00830	0.00568	0.00175	0.00451	0.14484	0.00588	0.00773
27	0.01392	0.82012	0.02729	0.00891	0.01337	0.02061	0.00891	0.01559	0.01058	0.01225	0.00724	0.00835	0.00668	0.00446	0.00334	0.00111	0.00557	0.00278	0.00223	0.00668
28	0.01080	0.00926	0.01080	0.00771	0.01234	0.00694	0.00617	0.01311	0.01080	0.01697	0.00926	0.01080	0.00771	0.00386	0.00386	0.00077	0.00386	0.00309	0.00309	0.84882
29	0.03197	0.75408	0.04361	0.00902	0.01350	0.01973	0.00903	0.01598	0.01072	0.04213	0.00779	0.00877	0.00690	0.00455	0.00345	0.00116	0.00554	0.00290	0.00241	0.00677
30	0.80907	0.01001	0.00789	0.00698	0.01024	0.01147	0.00575	0.01585	0.00919	0.06453	0.00797	0.00896	0.00603	0.00492	0.00333	0.00161	0.00405	0.00295	0.00340	0.00581
31	0.00615	0.00528	0.00528	0.00528	0.00703	0.00440	0.00396	0.00747	0.01187	0.01407	0.05276	0.05012	0.78238	0.01319	0.00615	0.00176	0.00264	0.01099	0.00484	0.00440
32	0.01038	0.00982	0.01661	0.66591	0.17014	0.01171	0.01474	0.01379	0.01067	0.01397	0.00935	0.01371	0.00718	0.00510	0.00520	0.00170	0.00681	0.00463	0.00236	0.00623
33	0.76414	0.00994	0.00813	0.00711	0.01042	0.01125	0.00586	0.01640	0.00951	0.10590	0.00869	0.00946	0.00642	0.00501	0.00344	0.00161	0.00407	0.00308	0.00357	0.00599
34	0.00839	0.00599	0.00839	0.00959	0.01079	0.00599	0.00839	0.01079	0.01199	0.01558	0.02757	0.05874	0.02997	0.01439	0.00719	0.00240	0.00480	0.74945	0.00480	0.00480
35	0.01256	0.00683	0.00888	0.00762	0.00980	0.00631	0.00596	0.05633	0.01533	0.23738	0.52481	0.03147	0.03670	0.00922	0.00584	0.00163	0.00319	0.00798	0.00590	0.00624
36	0.00740	0.00544	0.00784	0.00790	0.00866	0.00616	0.00591	0.00893	0.00834	0.01186	0.01514	0.06661	0.01510	0.15420	0.63722	0.00752	0.01201	0.00639	0.00296	0.00440
37	0.01622	0.01201	0.01334	0.01071	0.01402	0.01324	0.00873	0.55259	0.02036	0.02739	0.04315	0.01719	0.05707	0.01296	0.15338	0.00285	0.00697	0.00540	0.00475	0.00766
38	0.01057	0.00975	0.01571	0.68185	0.07748	0.01187	0.01400	0.04217	0.05751	0.01476	0.01013	0.01411	0.00763	0.00533	0.00521	0.00172	0.00668	0.00471	0.00262	0.00619
39	0.01301	0.01188	0.01905	0.22229	0.49920	0.01266	0.01482	0.11148	0.01311	0.01811	0.01001	0.01309	0.00800	0.00499	0.00518	0.00160	0.00632	0.00464	0.00285	0.00771
40	0.02892	0.01362	0.05328	0.17872	0.18269	0.07050	0.24136	0.05645	0.01240	0.03706	0.01002	0.01300	0.00773	0.00502	0.00579	0.00164	0.03706	0.00489	0.00280	0.03707

[dist]
# distance from previous block
# <min> <max>
0	17

# created by:
# /st0/software/busco_prod/Augustus/scripts/msa2prfl.pl ./align_prep/197017.fa
