[name]
unknown

[dist]
# distance from previous block
# <min> <max>
0	25

[block]
# block no. 0 follows, 47 sequences, length 93
# corresponding to MSA columns:
# 25-117
name=unknown_A
#
# <colnr> <probs for GDERKNQSTAVLIFYWHMCP>
#	G	D	E	R	K	N	Q	S	T	A	V	L	I	F	Y	W	H	M	C	P
0	0.01912	0.07453	0.01291	0.00948	0.01296	0.04044	0.00786	0.09407	0.03054	0.46395	0.01881	0.04874	0.01420	0.02291	0.00565	0.00169	0.00479	0.07407	0.02081	0.02244
1	0.03452	0.01247	0.01370	0.01090	0.01462	0.01356	0.00888	0.45879	0.16705	0.13693	0.06171	0.01610	0.01316	0.00667	0.00525	0.00161	0.00500	0.00525	0.00539	0.00844
2	0.00864	0.00705	0.02902	0.00685	0.00894	0.00622	0.00546	0.06902	0.05328	0.04759	0.15292	0.06686	0.46254	0.02996	0.00647	0.00182	0.00325	0.02387	0.00497	0.00527
3	0.00745	0.00555	0.00821	0.00821	0.00908	0.00642	0.00631	0.00919	0.00832	0.01197	0.01410	0.02128	0.01338	0.08607	0.74982	0.00817	0.01341	0.00570	0.00281	0.00456
4	0.06166	0.01140	0.01329	0.16936	0.01820	0.01305	0.00966	0.31711	0.19004	0.02379	0.01385	0.01501	0.01040	0.00842	0.06009	0.00210	0.00593	0.00491	0.04427	0.00744
5	0.00971	0.00485	0.00485	0.00485	0.00607	0.00485	0.00364	0.01213	0.01092	0.01942	0.01699	0.01942	0.01335	0.00607	0.00364	0.00121	0.00243	0.00485	0.84589	0.00485
6	0.04186	0.01022	0.01429	0.09637	0.25973	0.02816	0.01061	0.03104	0.12971	0.15699	0.10337	0.05510	0.02625	0.00679	0.00532	0.00165	0.00500	0.00595	0.00423	0.00736
7	0.11851	0.02073	0.51646	0.01233	0.01839	0.02519	0.01467	0.01711	0.01135	0.11304	0.02765	0.01259	0.00859	0.00532	0.00471	0.00161	0.00643	0.00406	0.05393	0.00732
8	0.00971	0.00485	0.00485	0.00485	0.00607	0.00485	0.00364	0.01213	0.01092	0.01942	0.01699	0.01942	0.01335	0.00607	0.00364	0.00121	0.00243	0.00485	0.84589	0.00485
9	0.70989	0.01216	0.02307	0.02217	0.01154	0.10604	0.00667	0.01591	0.00962	0.02161	0.00741	0.00876	0.00583	0.00497	0.00368	0.00159	0.01727	0.00296	0.00311	0.00573
10	0.01763	0.01089	0.01267	0.06548	0.01527	0.03311	0.00864	0.14337	0.26977	0.30536	0.04846	0.01779	0.01409	0.00667	0.00527	0.00166	0.00477	0.00544	0.00544	0.00820
11	0.01587	0.28368	0.04363	0.01098	0.01420	0.39397	0.00922	0.03459	0.01292	0.01366	0.00980	0.05848	0.00888	0.00578	0.00431	0.00132	0.00712	0.00401	0.06138	0.00618
12	0.00648	0.00460	0.00603	0.00709	0.00738	0.00432	0.00468	0.00734	0.00986	0.01317	0.04478	0.72296	0.03333	0.09107	0.00849	0.00238	0.00320	0.01401	0.00470	0.00415
13	0.01947	0.02441	0.01479	0.01336	0.01610	0.76514	0.01006	0.05040	0.01514	0.01354	0.00823	0.00951	0.00679	0.00540	0.00472	0.00135	0.00925	0.00341	0.00278	0.00615
14	0.00643	0.00459	0.00614	0.00734	0.00768	0.00430	0.00497	0.00739	0.01005	0.01338	0.02866	0.78371	0.03427	0.01624	0.00667	0.00213	0.00309	0.04388	0.00483	0.00425
15	0.01727	0.06744	0.03754	0.04914	0.01658	0.36960	0.01045	0.21488	0.02937	0.01837	0.02120	0.01126	0.00810	0.00607	0.00625	0.00153	0.10073	0.00402	0.00333	0.00683
16	0.04508	0.06722	0.01345	0.00985	0.01371	0.01177	0.00808	0.17611	0.22133	0.23094	0.01601	0.01512	0.01143	0.00600	0.00484	0.00148	0.00460	0.00473	0.00498	0.13329
17	0.01845	0.01386	0.06677	0.01076	0.01445	0.14744	0.00910	0.13857	0.11176	0.31415	0.02814	0.01738	0.05908	0.00672	0.00538	0.00160	0.01837	0.00521	0.00498	0.00783
18	0.01176	0.08314	0.01440	0.01138	0.01284	0.15757	0.04978	0.01330	0.00989	0.01271	0.01042	0.02736	0.00989	0.07159	0.21106	0.00368	0.25027	0.00490	0.02863	0.00543
19	0.00786	0.00536	0.00757	0.00798	0.00882	0.00500	0.03519	0.00932	0.02451	0.06395	0.07284	0.66949	0.03256	0.01470	0.00648	0.00203	0.00333	0.01336	0.00491	0.00475
20	0.00750	0.00534	0.00713	0.00713	0.00764	0.00584	0.00497	0.00851	0.00800	0.01117	0.01508	0.02671	0.01573	0.39629	0.44283	0.00684	0.00986	0.00650	0.00296	0.00396
21	0.01067	0.00912	0.01067	0.00770	0.01221	0.00687	0.00613	0.01295	0.01078	0.01687	0.00980	0.03329	0.00846	0.00421	0.00393	0.00081	0.00383	0.00341	0.00313	0.82516
22	0.01364	0.01002	0.03804	0.02540	0.01355	0.00776	0.00725	0.04877	0.01221	0.16979	0.01163	0.01231	0.00873	0.00454	0.00425	0.00102	0.00425	0.00364	0.00380	0.59940
23	0.17037	0.56597	0.02194	0.00905	0.01305	0.10089	0.00841	0.01638	0.02921	0.01460	0.00767	0.00875	0.00672	0.00469	0.00351	0.00125	0.00565	0.00293	0.00253	0.00646
24	0.01096	0.00692	0.00806	0.00734	0.00871	0.00705	0.00511	0.01465	0.16882	0.12731	0.12496	0.02933	0.02164	0.41830	0.01616	0.00339	0.00440	0.00714	0.00444	0.00529
25	0.00745	0.00555	0.00821	0.00821	0.00908	0.00642	0.00631	0.00920	0.00832	0.01197	0.01409	0.02127	0.01337	0.08522	0.75066	0.00817	0.01342	0.00570	0.00281	0.00456
26	0.00757	0.00505	0.00568	0.00568	0.00568	0.00505	0.00316	0.00757	0.00757	0.01010	0.01641	0.03408	0.01893	0.81698	0.02651	0.00505	0.00505	0.00757	0.00316	0.00316
27	0.01059	0.05672	0.74209	0.01444	0.02194	0.01229	0.01853	0.01638	0.01097	0.01634	0.00926	0.01089	0.00663	0.00490	0.00486	0.00161	0.00752	0.00379	0.00222	0.02802
28	0.02322	0.00909	0.01223	0.00937	0.01341	0.00799	0.00774	0.05473	0.01528	0.75821	0.02023	0.01752	0.01273	0.00644	0.00524	0.00161	0.00448	0.00522	0.00640	0.00886
29	0.85377	0.01007	0.00765	0.00685	0.01007	0.01168	0.00564	0.01531	0.00886	0.02336	0.00725	0.00846	0.00564	0.00483	0.00322	0.00161	0.00403	0.00282	0.00322	0.00564
30	0.01905	0.08291	0.01567	0.01309	0.01590	0.73944	0.00998	0.02042	0.01445	0.01271	0.00799	0.00932	0.00671	0.00530	0.00460	0.00132	0.00911	0.00331	0.00265	0.00608
31	0.01274	0.01280	0.04694	0.04860	0.74212	0.01235	0.01606	0.01594	0.01180	0.01691	0.00977	0.01285	0.00816	0.00466	0.00515	0.00155	0.00625	0.00461	0.00256	0.00818
32	0.67889	0.07919	0.01027	0.00816	0.02739	0.07877	0.00655	0.01601	0.00969	0.03616	0.00763	0.00880	0.00601	0.00487	0.00344	0.00155	0.00467	0.00295	0.00314	0.00588
33	0.01377	0.01159	0.01224	0.01076	0.01385	0.01333	0.00844	0.11604	0.68539	0.02310	0.02016	0.01860	0.01506	0.00697	0.00529	0.00174	0.00431	0.00574	0.00529	0.00832
34	0.00644	0.00477	0.00602	0.00679	0.00749	0.00435	0.00468	0.00763	0.01095	0.01444	0.13244	0.56958	0.17538	0.01499	0.00649	0.00199	0.00288	0.01339	0.00495	0.00435
35	0.01980	0.01459	0.01563	0.01198	0.01615	0.01615	0.00990	0.76713	0.02448	0.03282	0.01250	0.01250	0.00886	0.00625	0.00521	0.00156	0.00573	0.00469	0.00521	0.00886
36	0.00757	0.00505	0.00568	0.00568	0.00568	0.00505	0.00316	0.00757	0.00757	0.01010	0.01641	0.03408	0.01893	0.81698	0.02651	0.00505	0.00505	0.00757	0.00316	0.00316
37	0.01958	0.01216	0.01384	0.01082	0.01458	0.01289	0.00883	0.47282	0.06608	0.23080	0.01492	0.01454	0.01036	0.00718	0.00628	0.06052	0.00520	0.00489	0.00534	0.00836
38	0.04976	0.00869	0.01072	0.00892	0.01161	0.00866	0.00701	0.14252	0.07143	0.32218	0.01611	0.02929	0.01219	0.03698	0.00949	0.20183	0.00461	0.02316	0.01814	0.00671
39	0.00724	0.00536	0.00644	0.00616	0.00762	0.00477	0.00462	0.00924	0.01360	0.03418	0.48593	0.05977	0.31284	0.01160	0.00614	0.00169	0.00258	0.01002	0.00540	0.00479
40	0.01411	0.79330	0.02687	0.00906	0.01346	0.04676	0.00895	0.01577	0.01072	0.01227	0.00727	0.00839	0.00668	0.00449	0.00339	0.00112	0.00570	0.00280	0.00224	0.00666
41	0.03247	0.13358	0.22922	0.01209	0.01704	0.06807	0.03721	0.17065	0.08519	0.14605	0.01252	0.01274	0.00899	0.00559	0.00484	0.00154	0.00621	0.00430	0.00386	0.00785
42	0.03427	0.02935	0.07697	0.01133	0.01530	0.01402	0.00976	0.34237	0.31013	0.07705	0.01590	0.01522	0.01153	0.00641	0.00515	0.00164	0.00515	0.00504	0.00498	0.00842
43	0.01288	0.06881	0.02040	0.14288	0.57823	0.05625	0.01494	0.01583	0.01172	0.01590	0.00944	0.01253	0.00786	0.00475	0.00501	0.00153	0.00643	0.00444	0.00252	0.00766
44	0.00731	0.00495	0.00579	0.00603	0.00612	0.00488	0.00355	0.00757	0.00827	0.01106	0.04045	0.19453	0.02297	0.62965	0.02185	0.00435	0.00456	0.00911	0.00357	0.00343
45	0.01084	0.01033	0.01698	0.54669	0.24945	0.02548	0.01465	0.01413	0.01095	0.01442	0.00990	0.01478	0.00796	0.00530	0.00524	0.00169	0.00671	0.02554	0.00247	0.00647
46	0.00806	0.00617	0.00897	0.00795	0.00867	0.00602	0.10245	0.00873	0.00843	0.01127	0.01687	0.10913	0.01904	0.63157	0.02188	0.00433	0.00533	0.00811	0.00325	0.00377
47	0.01319	0.02104	0.51938	0.01454	0.07292	0.01127	0.01579	0.03199	0.05626	0.15646	0.02980	0.01349	0.00940	0.00547	0.00507	0.00164	0.00664	0.00441	0.00331	0.00793
48	0.01263	0.01295	0.09841	0.09828	0.47900	0.01132	0.03170	0.01594	0.01173	0.06191	0.01080	0.01419	0.00878	0.00503	0.00510	0.00153	0.00611	0.02534	0.00285	0.08640
49	0.01078	0.07398	0.69107	0.01498	0.02231	0.01268	0.07055	0.01645	0.01106	0.01625	0.00930	0.01105	0.00669	0.00488	0.00493	0.00162	0.00764	0.00394	0.00223	0.00759
50	0.01485	0.63071	0.02474	0.01105	0.06046	0.13076	0.00954	0.04151	0.01172	0.01330	0.00769	0.00891	0.00685	0.00466	0.00371	0.00119	0.00616	0.00304	0.00241	0.00676
51	0.01209	0.01155	0.01969	0.23500	0.58774	0.01216	0.01558	0.01528	0.01148	0.01604	0.00965	0.01315	0.00791	0.00479	0.00517	0.00160	0.00639	0.00464	0.00251	0.00760
52	0.00656	0.00521	0.00530	0.00532	0.00683	0.00449	0.00386	0.00780	0.01132	0.01401	0.04600	0.05947	0.63499	0.09799	0.00815	0.00208	0.00289	0.01027	0.06318	0.00429
53	0.00927	0.00811	0.01292	0.51074	0.05150	0.00954	0.01160	0.01204	0.01051	0.01363	0.03964	0.02492	0.02646	0.11248	0.00833	0.00226	0.00611	0.12163	0.00298	0.00532
54	0.01080	0.00926	0.01080	0.00771	0.01234	0.00694	0.00617	0.01311	0.01080	0.01697	0.00926	0.01080	0.00771	0.00386	0.00386	0.00077	0.00386	0.00309	0.00309	0.84882
55	0.00757	0.00505	0.00568	0.00568	0.00568	0.00505	0.00316	0.00757	0.00757	0.01010	0.01641	0.03408	0.01893	0.81698	0.02651	0.00505	0.00505	0.00757	0.00316	0.00316
56	0.00760	0.00504	0.00570	0.00570	0.00570	0.00504	0.00318	0.00756	0.00756	0.01008	0.01625	0.03370	0.01873	0.80029	0.02638	0.02267	0.00504	0.00751	0.00314	0.00314
57	0.01045	0.02694	0.79000	0.01484	0.02254	0.01209	0.01924	0.01649	0.01099	0.01649	0.00935	0.01099	0.00660	0.00495	0.00495	0.00165	0.00770	0.00385	0.00220	0.00770
58	0.01295	0.01119	0.01178	0.01060	0.01354	0.01295	0.00824	0.02767	0.77509	0.02178	0.02120	0.01943	0.01590	0.00707	0.00530	0.00177	0.00412	0.00589	0.00530	0.00824
59	0.00682	0.00519	0.00689	0.07077	0.00979	0.00499	0.00549	0.00832	0.01132	0.01504	0.19192	0.46632	0.15037	0.01373	0.00635	0.00193	0.00316	0.01225	0.00482	0.00453
60	0.01755	0.29884	0.01908	0.01186	0.01516	0.52889	0.00967	0.01900	0.01332	0.01258	0.00777	0.00903	0.00670	0.00505	0.00423	0.00126	0.00807	0.00316	0.00253	0.00626
61	0.00795	0.00634	0.00936	0.00906	0.00987	0.00774	0.00714	0.00972	0.00832	0.01215	0.01302	0.01928	0.01222	0.03516	0.69503	0.00758	0.11712	0.00545	0.00272	0.00479
62	0.00905	0.00452	0.00678	0.00678	0.00678	0.00452	0.00452	0.00678	0.00678	0.00905	0.00905	0.01583	0.00905	0.01809	0.02035	0.84848	0.00452	0.00452	0.00226	0.00226
63	0.85377	0.01007	0.00765	0.00685	0.01007	0.01168	0.00564	0.01531	0.00886	0.02336	0.00725	0.00846	0.00564	0.00483	0.00322	0.00161	0.00403	0.00282	0.00322	0.00564
64	0.00629	0.00526	0.00536	0.00535	0.00696	0.00446	0.00393	0.00756	0.01167	0.01402	0.07462	0.04863	0.70473	0.06903	0.00757	0.00198	0.00280	0.01070	0.00475	0.00433
65	0.01200	0.01399	0.05437	0.07565	0.02683	0.01319	0.64179	0.01619	0.01185	0.01619	0.01018	0.01377	0.00773	0.00476	0.00671	0.00178	0.05771	0.00587	0.00258	0.00688
66	0.00983	0.00926	0.01562	0.80447	0.03587	0.01157	0.01446	0.01331	0.01041	0.01331	0.00926	0.01388	0.00694	0.00521	0.00521	0.00174	0.00694	0.00463	0.00231	0.00579
67	0.01292	0.06141	0.02014	0.12171	0.57726	0.05285	0.01476	0.01636	0.04272	0.01625	0.00995	0.01282	0.00823	0.00483	0.00503	0.00154	0.00632	0.00451	0.00264	0.00774
68	0.00983	0.00926	0.01562	0.80447	0.03587	0.01157	0.01446	0.01331	0.01041	0.01331	0.00926	0.01388	0.00694	0.00521	0.00521	0.00174	0.00694	0.00463	0.00231	0.00579
69	0.01250	0.01098	0.01128	0.01020	0.01299	0.03413	0.00790	0.02555	0.67750	0.02103	0.05283	0.02177	0.06328	0.00753	0.00537	0.00175	0.00411	0.00626	0.00521	0.00782
70	0.01228	0.01176	0.02004	0.18519	0.63601	0.01221	0.01568	0.01545	0.01157	0.01628	0.00969	0.01309	0.00799	0.00475	0.00517	0.00158	0.00634	0.00464	0.00253	0.00776
71	0.00661	0.00527	0.00600	0.00639	0.00779	0.00466	0.00489	0.00809	0.01168	0.01445	0.07215	0.18106	0.50007	0.01383	0.00641	0.00192	0.00306	0.13636	0.00486	0.00446
72	0.01239	0.01088	0.01617	0.01958	0.32905	0.02744	0.06828	0.11258	0.06647	0.03141	0.01737	0.14354	0.04918	0.00800	0.00567	0.00174	0.00546	0.06385	0.00380	0.00713
73	0.00971	0.00485	0.00485	0.00485	0.00607	0.00485	0.00364	0.01213	0.01092	0.01942	0.01699	0.01942	0.01335	0.00607	0.00364	0.00121	0.00243	0.00485	0.84589	0.00485
74	0.01550	0.19088	0.01657	0.01262	0.07502	0.32385	0.00948	0.01757	0.03719	0.06757	0.02685	0.03410	0.05688	0.00669	0.00550	0.00149	0.05389	0.03873	0.00323	0.00638
75	0.10570	0.03648	0.01378	0.01073	0.01448	0.13130	0.00872	0.30328	0.05553	0.24757	0.01392	0.01337	0.00966	0.00602	0.00489	0.00155	0.00565	0.00446	0.00490	0.00801
76	0.00971	0.00485	0.00485	0.00485	0.00607	0.00485	0.00364	0.01213	0.01092	0.01942	0.01699	0.01942	0.01335	0.00607	0.00364	0.00121	0.00243	0.00485	0.84589	0.00485
77	0.75505	0.01119	0.00846	0.00750	0.01073	0.06564	0.00611	0.03696	0.00984	0.03948	0.00774	0.00884	0.00596	0.00495	0.00342	0.00159	0.00445	0.00296	0.00331	0.00583
78	0.01231	0.01155	0.01601	0.28207	0.21962	0.07810	0.01261	0.05182	0.01139	0.03371	0.01001	0.01431	0.00842	0.05344	0.02578	0.00205	0.12822	0.00473	0.01738	0.00646
79	0.00668	0.00494	0.00678	0.06262	0.00953	0.00480	0.00550	0.00790	0.01046	0.01398	0.09459	0.67583	0.04693	0.01498	0.00649	0.00204	0.00324	0.01355	0.00474	0.00440
80	0.00688	0.00501	0.00648	0.00674	0.00764	0.00461	0.00482	0.00865	0.01267	0.01744	0.43617	0.34350	0.09390	0.01304	0.00634	0.00183	0.00269	0.01164	0.00532	0.00461
81	0.85377	0.01007	0.00765	0.00685	0.01007	0.01168	0.00564	0.01531	0.00886	0.02336	0.00725	0.00846	0.00564	0.00483	0.00322	0.00161	0.00403	0.00282	0.00322	0.00564
82	0.00852	0.00717	0.01044	0.00982	0.01049	0.00909	0.00784	0.01018	0.00826	0.01221	0.01201	0.01798	0.01133	0.03088	0.58341	0.00671	0.23078	0.00530	0.00265	0.00494
83	0.00672	0.00528	0.00607	0.00591	0.00739	0.00463	0.00442	0.00855	0.01315	0.01718	0.38714	0.06242	0.42839	0.01209	0.00616	0.00171	0.00256	0.01036	0.00525	0.00463
84	0.00744	0.00558	0.00837	0.00837	0.00930	0.00651	0.00651	0.00930	0.00837	0.01209	0.01395	0.02046	0.01302	0.03906	0.79635	0.00837	0.01395	0.00558	0.00279	0.00465
85	0.01386	0.77130	0.02692	0.01030	0.05997	0.02011	0.00934	0.01562	0.01066	0.01254	0.00739	0.00863	0.00678	0.00447	0.00345	0.00114	0.00561	0.00290	0.00225	0.00678
86	0.01392	0.82012	0.02729	0.00891	0.01337	0.02061	0.00891	0.01559	0.01058	0.01225	0.00724	0.00835	0.00668	0.00446	0.00334	0.00111	0.00557	0.00278	0.00223	0.00668
87	0.79488	0.00974	0.00761	0.00683	0.00991	0.01121	0.00559	0.01493	0.00927	0.02319	0.06114	0.01058	0.00867	0.00524	0.00343	0.00161	0.00392	0.00328	0.00340	0.00559
88	0.01118	0.00938	0.01092	0.00787	0.01244	0.00722	0.00630	0.02614	0.02613	0.02920	0.00972	0.01110	0.00797	0.00400	0.00393	0.00082	0.00390	0.00320	0.00322	0.80537
89	0.01232	0.00969	0.01129	0.00817	0.01272	0.00777	0.00658	0.07791	0.01221	0.06492	0.01021	0.01136	0.00812	0.00422	0.00406	0.00089	0.00405	0.00335	0.00347	0.72670
90	0.00790	0.00673	0.06143	0.00826	0.00960	0.00541	0.00677	0.00971	0.01121	0.04710	0.08458	0.43769	0.07683	0.01403	0.00653	0.00207	0.00377	0.19072	0.00478	0.00486
91	0.01104	0.00922	0.01066	0.01022	0.01232	0.01048	0.00828	0.02017	0.43652	0.01890	0.04168	0.03279	0.04636	0.00981	0.00677	0.00200	0.06014	0.24093	0.00492	0.00677
92	0.14691	0.34780	0.07736	0.03904	0.01634	0.12151	0.09182	0.05837	0.02934	0.01626	0.00855	0.01000	0.00699	0.00485	0.00414	0.00139	0.00637	0.00355	0.00273	0.00667

[dist]
# distance from previous block
# <min> <max>
0	2

[block]
# block no. 1 follows, 47 sequences, length 27
# corresponding to MSA columns:
# 120-146
name=unknown_B
#
# <colnr> <probs for GDERKNQSTAVLIFYWHMCP>
#	G	D	E	R	K	N	Q	S	T	A	V	L	I	F	Y	W	H	M	C	P
0	0.01159	0.01020	0.01105	0.00974	0.04377	0.05881	0.00729	0.01651	0.19070	0.04704	0.02050	0.02056	0.15605	0.00695	0.00566	0.00139	0.05706	0.00550	0.00397	0.31567
1	0.85377	0.01007	0.00765	0.00685	0.01007	0.01168	0.00564	0.01531	0.00886	0.02336	0.00725	0.00846	0.00564	0.00483	0.00322	0.00161	0.00403	0.00282	0.00322	0.00564
2	0.01229	0.01405	0.03073	0.02195	0.02722	0.01317	0.76558	0.01668	0.01229	0.01668	0.01054	0.01405	0.00790	0.00439	0.00615	0.00176	0.00878	0.00615	0.00263	0.00702
3	0.06385	0.00542	0.00637	0.00655	0.00700	0.00561	0.00428	0.00842	0.00833	0.01199	0.01782	0.15274	0.02006	0.49284	0.13222	0.00473	0.00594	0.03863	0.00344	0.00377
4	0.47316	0.01067	0.01140	0.00993	0.01170	0.01361	0.00824	0.01405	0.00846	0.01847	0.00706	0.00979	0.00618	0.00677	0.00949	0.00191	0.36704	0.00360	0.00280	0.00567
5	0.00787	0.00539	0.00667	0.00710	0.00754	0.00539	0.00506	0.00874	0.00918	0.01209	0.02047	0.04305	0.02295	0.52520	0.01948	0.00408	0.00496	0.27728	0.00375	0.00375
6	0.85377	0.01007	0.00765	0.00685	0.01007	0.01168	0.00564	0.01531	0.00886	0.02336	0.00725	0.00846	0.00564	0.00483	0.00322	0.00161	0.00403	0.00282	0.00322	0.00564
7	0.01057	0.00901	0.01064	0.00776	0.01214	0.00691	0.00619	0.01286	0.01064	0.01664	0.00957	0.01144	0.00807	0.00620	0.05672	0.00128	0.00453	0.00325	0.00307	0.79250
8	0.01980	0.01459	0.01563	0.01198	0.01615	0.01615	0.00990	0.76713	0.02448	0.03282	0.01250	0.01250	0.00886	0.00625	0.00521	0.00156	0.00573	0.00469	0.00521	0.00886
9	0.01229	0.01405	0.03073	0.02195	0.02722	0.01317	0.76558	0.01668	0.01229	0.01668	0.01054	0.01405	0.00790	0.00439	0.00615	0.00176	0.00878	0.00615	0.00263	0.00702
10	0.00905	0.00570	0.00750	0.00684	0.00836	0.00520	0.00520	0.01146	0.01476	0.10158	0.70169	0.03667	0.04532	0.01020	0.00605	0.00164	0.00266	0.00898	0.00581	0.00533
11	0.00644	0.00529	0.00567	0.00557	0.00721	0.00452	0.00418	0.00802	0.01254	0.01565	0.22204	0.04751	0.61211	0.01260	0.00615	0.00173	0.00260	0.01063	0.00504	0.00452
12	0.01080	0.00926	0.01080	0.00771	0.01234	0.00694	0.00617	0.01311	0.01080	0.01697	0.00926	0.01080	0.00771	0.00386	0.00386	0.00077	0.00386	0.00309	0.00309	0.84882
13	0.00983	0.00926	0.01562	0.80447	0.03587	0.01157	0.01446	0.01331	0.01041	0.01331	0.00926	0.01388	0.00694	0.00521	0.00521	0.00174	0.00694	0.00463	0.00231	0.00579
14	0.01757	0.00866	0.01194	0.19464	0.01757	0.02612	0.00874	0.01982	0.01299	0.46155	0.01753	0.05696	0.01265	0.03253	0.02359	0.00189	0.00517	0.00558	0.05717	0.00733
15	0.01191	0.00890	0.01063	0.00786	0.01213	0.00684	0.00625	0.01410	0.01120	0.10327	0.01182	0.06513	0.01008	0.00498	0.00420	0.00096	0.00387	0.00411	0.00358	0.69820
16	0.00983	0.00926	0.01562	0.80447	0.03587	0.01157	0.01446	0.01331	0.01041	0.01331	0.00926	0.01388	0.00694	0.00521	0.00521	0.00174	0.00694	0.00463	0.00231	0.00579
17	0.00745	0.00553	0.00812	0.00812	0.00896	0.00637	0.00619	0.00914	0.00829	0.01190	0.01418	0.02174	0.01358	0.11242	0.72374	0.00806	0.01311	0.00577	0.00282	0.00451
18	0.00983	0.00926	0.01562	0.80447	0.03587	0.01157	0.01446	0.01331	0.01041	0.01331	0.00926	0.01388	0.00694	0.00521	0.00521	0.00174	0.00694	0.00463	0.00231	0.00579
19	0.00738	0.00512	0.00589	0.00609	0.00644	0.00499	0.00384	0.00782	0.00868	0.01131	0.02289	0.09422	0.11807	0.58669	0.02079	0.00419	0.00457	0.07385	0.00363	0.00353
20	0.01289	0.01237	0.02114	0.03196	0.78450	0.01237	0.01598	0.01598	0.01186	0.01701	0.00980	0.01289	0.00825	0.00464	0.00516	0.00155	0.00619	0.00464	0.00258	0.00825
21	0.01230	0.01168	0.01116	0.06307	0.03067	0.12696	0.00803	0.07117	0.32750	0.01854	0.04485	0.02530	0.21062	0.00824	0.00543	0.00168	0.00483	0.00671	0.00454	0.00672
22	0.01289	0.01237	0.02114	0.03196	0.78450	0.01237	0.01598	0.01598	0.01186	0.01701	0.00980	0.01289	0.00825	0.00464	0.00516	0.00155	0.00619	0.00464	0.00258	0.00825
23	0.02272	0.00922	0.01223	0.00945	0.01343	0.00828	0.00778	0.05834	0.05088	0.71882	0.02022	0.01757	0.01285	0.00647	0.00524	0.00162	0.00447	0.00524	0.00634	0.00883
24	0.00650	0.00477	0.00611	0.00687	0.00753	0.00437	0.00474	0.00774	0.01107	0.01476	0.16739	0.57564	0.13354	0.01489	0.00649	0.00198	0.00287	0.01334	0.00500	0.00437
25	0.01314	0.01174	0.01599	0.23914	0.11200	0.08306	0.08300	0.04852	0.13676	0.07936	0.03177	0.05996	0.01174	0.00646	0.00592	0.00171	0.04367	0.00560	0.00357	0.00688
26	0.00867	0.00595	0.00734	0.00668	0.00860	0.00517	0.02716	0.01025	0.01247	0.09836	0.19616	0.08012	0.43530	0.01182	0.00661	0.03656	0.00310	0.00964	0.00498	0.02503

[dist]
# distance from previous block
# <min> <max>
0	15

# created by:
# /st0/software/busco_prod/Augustus/scripts/msa2prfl.pl ./align_prep/197152.fa
