[name]
unknown

[dist]
# distance from previous block
# <min> <max>
0	6

[block]
# block no. 0 follows, 46 sequences, length 10
# corresponding to MSA columns:
# 6-15
name=unknown_A
#
# <colnr> <probs for GDERKNQSTAVLIFYWHMCP>
#	G	D	E	R	K	N	Q	S	T	A	V	L	I	F	Y	W	H	M	C	P
0	0.06108	0.00774	0.00900	0.00890	0.01071	0.00802	0.00711	0.15906	0.03956	0.01914	0.02690	0.25205	0.11571	0.01253	0.00632	0.00204	0.00422	0.23939	0.00489	0.00565
1	0.16366	0.01292	0.01373	0.12700	0.05736	0.13204	0.04217	0.15670	0.04213	0.01979	0.01229	0.04009	0.01074	0.03335	0.00630	0.00183	0.04119	0.06202	0.01818	0.00652
2	0.00713	0.00547	0.00729	0.00757	0.00863	0.00498	0.02976	0.00850	0.01101	0.01459	0.09661	0.45626	0.15708	0.05573	0.00756	0.00215	0.00343	0.06922	0.00474	0.04229
3	0.00929	0.00602	0.00754	0.00763	0.00896	0.00570	0.00567	0.04360	0.02792	0.09175	0.13447	0.34746	0.13525	0.05571	0.00750	0.00214	0.00352	0.08957	0.00513	0.00517
4	0.10991	0.01022	0.01458	0.44541	0.05131	0.04475	0.03632	0.01583	0.01138	0.13007	0.02682	0.03779	0.00954	0.00594	0.00546	0.00173	0.02832	0.00497	0.00326	0.00639
5	0.01909	0.01566	0.01447	0.03576	0.03603	0.27755	0.02429	0.11535	0.05708	0.25032	0.03582	0.01439	0.01084	0.00637	0.00602	0.00160	0.06276	0.00469	0.00440	0.00750
6	0.01704	0.00824	0.01049	0.00872	0.01174	0.00767	0.00694	0.05853	0.08159	0.42479	0.14950	0.09346	0.08042	0.00870	0.00567	0.00171	0.00394	0.00735	0.00599	0.00751
7	0.03279	0.00648	0.00693	0.00716	0.00847	0.04060	0.00517	0.01014	0.04017	0.04741	0.08774	0.34585	0.26564	0.04325	0.00702	0.00203	0.00345	0.03000	0.00485	0.00485
8	0.05585	0.01168	0.01712	0.39692	0.29912	0.07228	0.01421	0.01509	0.01141	0.01542	0.01002	0.01464	0.00823	0.00539	0.00519	0.00168	0.00674	0.02966	0.00261	0.00675
9	0.03271	0.01184	0.01428	0.13532	0.06398	0.01299	0.01003	0.42618	0.01849	0.05378	0.01327	0.06638	0.01064	0.00722	0.00593	0.03955	0.00553	0.00538	0.04128	0.02521

[dist]
# distance from previous block
# <min> <max>
13	28

[block]
# block no. 1 follows, 46 sequences, length 7
# corresponding to MSA columns:
# 48-54
name=unknown_B
#
# <colnr> <probs for GDERKNQSTAVLIFYWHMCP>
#	G	D	E	R	K	N	Q	S	T	A	V	L	I	F	Y	W	H	M	C	P
0	0.01229	0.00986	0.01296	0.11841	0.01588	0.05471	0.07533	0.10884	0.01255	0.06699	0.01549	0.17071	0.01473	0.05997	0.00847	0.01872	0.09588	0.00699	0.09488	0.02635
1	0.00736	0.00499	0.00586	0.00619	0.00627	0.00490	0.00366	0.00760	0.00834	0.01112	0.01998	0.24154	0.02342	0.60153	0.02153	0.00433	0.00458	0.00965	0.00366	0.00349
2	0.01930	0.01349	0.01457	0.01128	0.01521	0.01475	0.00928	0.64554	0.02292	0.07639	0.01363	0.01370	0.00968	0.00634	0.00513	0.00155	0.00541	0.00481	0.08843	0.00859
3	0.01444	0.01141	0.01224	0.01075	0.01391	0.01295	0.00844	0.07802	0.66222	0.08195	0.02086	0.01911	0.01541	0.00707	0.00537	0.00177	0.00432	0.00584	0.00546	0.00846
4	0.04209	0.15193	0.24896	0.04452	0.01759	0.01220	0.07852	0.01743	0.08119	0.11113	0.09168	0.05335	0.01423	0.00642	0.00508	0.00162	0.00587	0.00540	0.00363	0.00716
5	0.11198	0.01227	0.09063	0.03006	0.01475	0.04237	0.00921	0.08968	0.09976	0.27185	0.01622	0.01853	0.01220	0.00665	0.00508	0.00164	0.00513	0.07052	0.00475	0.08672
6	0.07669	0.06726	0.45629	0.01366	0.04649	0.01303	0.01503	0.14498	0.01351	0.05119	0.01023	0.01141	0.00740	0.00521	0.00481	0.00158	0.00669	0.00396	0.00307	0.04752

[dist]
# distance from previous block
# <min> <max>
14	46

[block]
# block no. 2 follows, 46 sequences, length 8
# corresponding to MSA columns:
# 102-109
name=unknown_C
#
# <colnr> <probs for GDERKNQSTAVLIFYWHMCP>
#	G	D	E	R	K	N	Q	S	T	A	V	L	I	F	Y	W	H	M	C	P
0	0.00883	0.00632	0.00849	0.08014	0.01136	0.00649	0.00650	0.02790	0.02801	0.05735	0.10761	0.42836	0.02837	0.07491	0.00843	0.00222	0.04275	0.03215	0.00458	0.02926
1	0.00969	0.00653	0.00814	0.00771	0.00934	0.00641	0.00593	0.01341	0.11101	0.08834	0.37440	0.06867	0.08497	0.06506	0.03449	0.00225	0.00376	0.08894	0.00535	0.00558
2	0.00758	0.00557	0.00802	0.00802	0.00880	0.00635	0.00602	0.00914	0.00836	0.01192	0.01459	0.02317	0.01426	0.17417	0.66016	0.00791	0.01259	0.00602	0.00290	0.00446
3	0.66188	0.00994	0.00880	0.00751	0.01097	0.01092	0.00619	0.01788	0.01040	0.19812	0.01045	0.01074	0.00741	0.00528	0.00374	0.00164	0.00418	0.00342	0.00402	0.00647
4	0.01178	0.01112	0.01825	0.35483	0.39918	0.01227	0.01488	0.01613	0.07870	0.01611	0.01074	0.01410	0.00850	0.00517	0.00527	0.00167	0.00642	0.00482	0.00275	0.00732
5	0.00687	0.00487	0.00606	0.00672	0.00711	0.00460	0.00437	0.00770	0.00998	0.01331	0.09352	0.47341	0.07945	0.24234	0.01239	0.00293	0.00358	0.01221	0.00450	0.00406
6	0.03699	0.00754	0.00892	0.00831	0.00980	0.00829	0.00626	0.09968	0.09474	0.01653	0.04844	0.08547	0.11772	0.16171	0.22647	0.00424	0.04213	0.00739	0.00400	0.00537
7	0.59466	0.01048	0.00915	0.00783	0.01117	0.01171	0.00638	0.10921	0.04860	0.02424	0.05988	0.01185	0.00970	0.00552	0.00387	0.00158	0.00419	0.00371	0.00379	0.06248

[dist]
# distance from previous block
# <min> <max>
0	7

[block]
# block no. 3 follows, 46 sequences, length 14
# corresponding to MSA columns:
# 117-130
name=unknown_D
#
# <colnr> <probs for GDERKNQSTAVLIFYWHMCP>
#	G	D	E	R	K	N	Q	S	T	A	V	L	I	F	Y	W	H	M	C	P
0	0.00771	0.00582	0.00645	0.00641	0.00777	0.00543	0.00459	0.00996	0.07165	0.03422	0.10332	0.12774	0.38426	0.17177	0.01033	0.00249	0.00341	0.02729	0.00473	0.00468
1	0.29388	0.01255	0.05202	0.04561	0.04957	0.01330	0.00915	0.19662	0.18525	0.02399	0.01218	0.01283	0.00918	0.00590	0.00501	0.00167	0.03307	0.00431	0.00407	0.02985
2	0.01229	0.01124	0.01901	0.32231	0.47224	0.01208	0.01534	0.01554	0.01159	0.04331	0.01013	0.01364	0.00804	0.00499	0.00526	0.00164	0.00651	0.00473	0.00266	0.00745
3	0.01477	0.01609	0.01607	0.01378	0.01521	0.26381	0.03740	0.07581	0.01181	0.01458	0.00816	0.01140	0.00730	0.00860	0.03668	0.00213	0.43320	0.00434	0.00271	0.00617
4	0.01368	0.00989	0.01119	0.01016	0.01293	0.01086	0.00806	0.02420	0.50946	0.13331	0.05552	0.04671	0.01950	0.00844	0.00569	0.00186	0.00421	0.10107	0.00549	0.00775
5	0.00747	0.00575	0.00793	0.11039	0.01200	0.00594	0.00665	0.00971	0.05799	0.01421	0.02603	0.60350	0.02985	0.01437	0.00651	0.00210	0.00378	0.06641	0.00460	0.00479
6	0.01285	0.01232	0.02103	0.09172	0.72383	0.01250	0.01611	0.01602	0.01192	0.01698	0.00990	0.01316	0.00827	0.00475	0.00524	0.00158	0.00634	0.00471	0.00260	0.00818
7	0.01528	0.01287	0.01312	0.01125	0.01456	0.04752	0.00889	0.22318	0.54077	0.02470	0.01860	0.01742	0.01384	0.00688	0.00533	0.00172	0.00485	0.00554	0.00524	0.00844
8	0.01413	0.81739	0.02770	0.00905	0.01357	0.02092	0.00905	0.01583	0.01074	0.01244	0.00735	0.00848	0.00678	0.00452	0.00339	0.00113	0.00565	0.00283	0.00226	0.00678
9	0.00660	0.00534	0.00587	0.00580	0.00737	0.00460	0.00433	0.00825	0.01279	0.01620	0.25663	0.07769	0.54444	0.01279	0.00626	0.00176	0.00264	0.01086	0.00517	0.00460
10	0.00707	0.00560	0.00633	0.00654	0.00803	0.00503	0.00497	0.03073	0.01236	0.01549	0.10686	0.18276	0.47456	0.01366	0.00643	0.00191	0.00308	0.09895	0.00499	0.00466
11	0.01706	0.01880	0.01514	0.01313	0.01534	0.40644	0.01034	0.15497	0.01478	0.01668	0.01026	0.01213	0.03443	0.00695	0.00841	0.00168	0.22952	0.00427	0.00316	0.00650
12	0.00788	0.00581	0.00760	0.00796	0.00853	0.00609	0.00582	0.00901	0.01003	0.02723	0.05195	0.33583	0.07425	0.17781	0.05329	0.00309	0.08170	0.11742	0.00426	0.00444
13	0.00666	0.00474	0.00612	0.00709	0.00742	0.00449	0.00467	0.00748	0.00977	0.01300	0.02763	0.64495	0.05685	0.13724	0.03318	0.00277	0.00369	0.01352	0.00459	0.00415

[dist]
# distance from previous block
# <min> <max>
0	2

[block]
# block no. 4 follows, 46 sequences, length 16
# corresponding to MSA columns:
# 133-148
name=unknown_E
#
# <colnr> <probs for GDERKNQSTAVLIFYWHMCP>
#	G	D	E	R	K	N	Q	S	T	A	V	L	I	F	Y	W	H	M	C	P
0	0.13978	0.14057	0.51584	0.01332	0.01982	0.01355	0.05510	0.01643	0.01084	0.01718	0.00891	0.01054	0.00663	0.00490	0.00458	0.00159	0.00698	0.00371	0.00242	0.00731
1	0.54373	0.04920	0.04057	0.05400	0.05224	0.01215	0.02538	0.05938	0.01090	0.07204	0.01031	0.01144	0.02942	0.00533	0.00396	0.00162	0.00478	0.00369	0.00347	0.00640
2	0.01197	0.00720	0.00776	0.04851	0.00987	0.00765	0.00559	0.16738	0.01390	0.02219	0.01589	0.01796	0.01227	0.00615	0.00411	0.00133	0.00340	0.00488	0.62616	0.00582
3	0.06440	0.02172	0.07291	0.06062	0.06799	0.51824	0.04770	0.05716	0.01430	0.01537	0.00876	0.01049	0.00703	0.00533	0.00486	0.00147	0.00853	0.00378	0.00282	0.00656
4	0.00655	0.00469	0.00623	0.00729	0.00769	0.00437	0.00492	0.00764	0.01064	0.01432	0.10919	0.72836	0.03656	0.01595	0.00669	0.00210	0.00301	0.01444	0.00500	0.00437
5	0.01668	0.01385	0.01389	0.01158	0.01510	0.06923	0.00924	0.35253	0.38873	0.02642	0.01668	0.01590	0.01233	0.00669	0.00530	0.00167	0.00528	0.00526	0.00515	0.00849
6	0.01028	0.00782	0.00928	0.00831	0.01069	0.00729	0.00623	0.08771	0.08600	0.03793	0.07359	0.35032	0.02325	0.01034	0.00558	0.00162	0.00369	0.00908	0.00459	0.24639
7	0.01346	0.57518	0.18624	0.01099	0.01619	0.01846	0.04273	0.03662	0.03140	0.01435	0.00846	0.00970	0.00712	0.00474	0.00396	0.00130	0.00621	0.00333	0.00244	0.00712
8	0.01453	0.76188	0.02681	0.00937	0.01376	0.07502	0.00913	0.01620	0.01104	0.01247	0.00741	0.00855	0.00679	0.00459	0.00349	0.00115	0.00593	0.00287	0.00229	0.00674
9	0.00688	0.00518	0.00637	0.00650	0.00764	0.00467	0.00471	0.00866	0.01292	0.01735	0.39011	0.24560	0.23809	0.01300	0.00637	0.00182	0.00269	0.01142	0.00534	0.00467
10	0.01257	0.01203	0.02052	0.16114	0.65659	0.01242	0.01597	0.01577	0.01179	0.01664	0.00985	0.01325	0.00815	0.00481	0.00524	0.00160	0.00641	0.00471	0.00257	0.00796
11	0.00734	0.00528	0.00634	0.00635	0.00717	0.00497	0.00439	0.00864	0.01136	0.01526	0.28814	0.09316	0.15653	0.30248	0.01381	0.00301	0.00366	0.05331	0.00460	0.00420
12	0.01377	0.21177	0.32889	0.03476	0.01863	0.14715	0.01378	0.06680	0.04927	0.01615	0.00943	0.01087	0.00737	0.00538	0.00523	0.00153	0.04554	0.00378	0.00268	0.00724
13	0.00755	0.00566	0.00850	0.00850	0.00944	0.00661	0.00661	0.00944	0.00850	0.01227	0.01416	0.02077	0.01322	0.03965	0.79326	0.00850	0.01416	0.00566	0.00283	0.00472
14	0.07605	0.01861	0.01326	0.01183	0.01476	0.44965	0.00911	0.07072	0.10874	0.05397	0.01233	0.03552	0.01036	0.00643	0.00494	0.00151	0.00730	0.04208	0.00364	0.04920
15	0.03075	0.01042	0.01496	0.49603	0.07782	0.04836	0.01267	0.05115	0.01199	0.07183	0.01141	0.01632	0.00904	0.00583	0.00523	0.00168	0.00645	0.04751	0.00306	0.06749

[dist]
# distance from previous block
# <min> <max>
0	3

[block]
# block no. 5 follows, 46 sequences, length 23
# corresponding to MSA columns:
# 152-174
name=unknown_F
#
# <colnr> <probs for GDERKNQSTAVLIFYWHMCP>
#	G	D	E	R	K	N	Q	S	T	A	V	L	I	F	Y	W	H	M	C	P
0	0.00744	0.00525	0.00686	0.00706	0.00746	0.00556	0.00477	0.00830	0.00838	0.01153	0.01765	0.15038	0.01939	0.39465	0.31579	0.00595	0.00825	0.00806	0.00333	0.00395
1	0.01310	0.04623	0.01119	0.00943	0.01165	0.11926	0.00730	0.04694	0.17042	0.10534	0.06143	0.04710	0.09064	0.10058	0.08739	0.00276	0.03134	0.02726	0.00436	0.00628
2	0.01170	0.00959	0.01119	0.00804	0.01271	0.00743	0.00645	0.04243	0.01162	0.04113	0.00987	0.01124	0.00803	0.00409	0.00401	0.00084	0.00401	0.00326	0.00332	0.78903
3	0.00972	0.00650	0.00904	0.00828	0.01003	0.00608	0.04794	0.01237	0.04390	0.10653	0.35238	0.14600	0.10046	0.03386	0.00686	0.00193	0.00356	0.08373	0.00533	0.00550
4	0.35214	0.01086	0.01133	0.00908	0.01288	0.01143	0.00749	0.19579	0.01499	0.30480	0.01356	0.01300	0.00919	0.00585	0.00450	0.00162	0.00465	0.00421	0.00495	0.00769
5	0.01097	0.00660	0.00888	0.00885	0.01063	0.00635	0.00739	0.01387	0.04469	0.14692	0.23897	0.04529	0.03243	0.01187	0.00659	0.00206	0.00411	0.38237	0.00544	0.00574
6	0.00752	0.00546	0.00721	0.00808	0.00892	0.00535	0.00620	0.00939	0.02787	0.01472	0.07024	0.34782	0.07381	0.07012	0.04581	0.00270	0.00435	0.27512	0.00474	0.00458
7	0.00689	0.00511	0.00645	0.00685	0.00782	0.00467	0.00495	0.00855	0.01237	0.01660	0.30960	0.34690	0.17886	0.01375	0.00649	0.00192	0.00288	0.04948	0.00524	0.00461
8	0.01189	0.01348	0.04934	0.19694	0.06395	0.01294	0.53899	0.01613	0.01199	0.01618	0.01033	0.01408	0.00778	0.00467	0.00594	0.00177	0.00834	0.00576	0.00259	0.00693
9	0.00769	0.00513	0.00577	0.00577	0.00577	0.00513	0.00320	0.00769	0.00769	0.01025	0.01666	0.03460	0.01922	0.81421	0.02691	0.00513	0.00513	0.00769	0.00320	0.00320
10	0.01224	0.01028	0.01221	0.05137	0.01443	0.00913	0.00755	0.11948	0.01275	0.01905	0.00973	0.01141	0.00790	0.00463	0.00493	0.00103	0.04908	0.00353	0.00335	0.63592
11	0.01919	0.01495	0.01531	0.01206	0.01605	0.05936	0.00984	0.62786	0.12002	0.03074	0.01357	0.01342	0.00978	0.00640	0.00527	0.00160	0.00582	0.00484	0.00516	0.00875
12	0.00992	0.00953	0.02782	0.37386	0.07445	0.01021	0.11516	0.01300	0.01113	0.01491	0.06183	0.07325	0.03117	0.03070	0.02851	0.00206	0.02418	0.04554	0.00306	0.03971
13	0.01704	0.04854	0.03407	0.02999	0.03301	0.12941	0.08620	0.28693	0.03938	0.11081	0.02678	0.01550	0.03948	0.02545	0.01858	0.00174	0.00643	0.00505	0.00429	0.04132
14	0.01916	0.03693	0.07351	0.01046	0.01449	0.01014	0.02645	0.17982	0.01640	0.41882	0.06899	0.05035	0.01523	0.00718	0.00542	0.00166	0.00500	0.02622	0.00555	0.00822
15	0.00763	0.00535	0.00692	0.00692	0.00732	0.00575	0.00464	0.00843	0.00803	0.01110	0.01560	0.02875	0.01668	0.48691	0.35074	0.00655	0.00894	0.00683	0.00305	0.00384
16	0.01461	0.54836	0.10543	0.01081	0.01547	0.08905	0.03482	0.07070	0.04050	0.01495	0.00867	0.00977	0.00732	0.00489	0.00399	0.00129	0.00630	0.00336	0.00265	0.00706
17	0.01789	0.03326	0.01488	0.03719	0.04381	0.22946	0.03610	0.09775	0.15111	0.20004	0.01472	0.01564	0.01098	0.00647	0.00580	0.00163	0.04541	0.02590	0.00438	0.00757
18	0.04856	0.00950	0.01231	0.00956	0.01357	0.00870	0.00787	0.06628	0.06137	0.67357	0.02003	0.01751	0.01282	0.00652	0.00526	0.00164	0.00454	0.00525	0.00630	0.00886
19	0.02593	0.00613	0.00690	0.00706	0.00817	0.02712	0.00502	0.01005	0.03747	0.04630	0.14362	0.27562	0.17911	0.15033	0.00982	0.00246	0.00364	0.04581	0.00474	0.00469
20	0.03527	0.00997	0.01681	0.65719	0.12786	0.01190	0.03894	0.01402	0.01077	0.01439	0.00945	0.01381	0.00720	0.00518	0.00525	0.00173	0.00693	0.00470	0.00242	0.00622
21	0.01356	0.01162	0.07342	0.01212	0.01557	0.06192	0.16484	0.01771	0.09503	0.18232	0.14024	0.08702	0.06239	0.00810	0.00583	0.00175	0.00545	0.02959	0.00464	0.00686
22	0.04535	0.00665	0.00723	0.00705	0.00885	0.00655	0.00536	0.01233	0.15300	0.01754	0.18997	0.11562	0.35336	0.01169	0.00604	0.00182	0.00310	0.03802	0.00511	0.00535

[dist]
# distance from previous block
# <min> <max>
4	7

[block]
# block no. 6 follows, 46 sequences, length 6
# corresponding to MSA columns:
# 182-187
name=unknown_G
#
# <colnr> <probs for GDERKNQSTAVLIFYWHMCP>
#	G	D	E	R	K	N	Q	S	T	A	V	L	I	F	Y	W	H	M	C	P
0	0.06398	0.00589	0.00768	0.00806	0.00907	0.00576	0.03163	0.03931	0.01124	0.01579	0.07789	0.57538	0.05762	0.01434	0.00642	0.00205	0.00350	0.05483	0.00480	0.00476
1	0.00786	0.00594	0.00838	0.00822	0.00888	0.00691	0.00615	0.00925	0.00828	0.01183	0.01425	0.02338	0.01419	0.21857	0.56164	0.00729	0.06559	0.00607	0.00288	0.00444
2	0.01175	0.01175	0.01729	0.51846	0.23618	0.08615	0.01468	0.01496	0.01139	0.01447	0.00943	0.01339	0.00738	0.00515	0.00522	0.00167	0.00708	0.00458	0.00246	0.00657
3	0.00688	0.00500	0.00658	0.00767	0.00833	0.00470	0.00561	0.00817	0.01077	0.01409	0.03142	0.56746	0.11117	0.01580	0.00682	0.00217	0.00342	0.17460	0.00490	0.00444
4	0.01242	0.20690	0.43481	0.01356	0.01975	0.01471	0.06568	0.06764	0.08428	0.01738	0.01043	0.01167	0.00786	0.00516	0.00478	0.00156	0.00691	0.00407	0.00277	0.00766
5	0.01145	0.01118	0.05433	0.36200	0.21822	0.03487	0.03968	0.01474	0.01159	0.04334	0.01294	0.02098	0.01135	0.00664	0.00560	0.00180	0.00659	0.12308	0.00299	0.00661

[dist]
# distance from previous block
# <min> <max>
0	3

[block]
# block no. 7 follows, 46 sequences, length 8
# corresponding to MSA columns:
# 191-198
name=unknown_H
#
# <colnr> <probs for GDERKNQSTAVLIFYWHMCP>
#	G	D	E	R	K	N	Q	S	T	A	V	L	I	F	Y	W	H	M	C	P
0	0.01274	0.00699	0.00877	0.00770	0.01001	0.00645	0.00598	0.01592	0.08215	0.25621	0.30370	0.08468	0.15699	0.00998	0.00591	0.00172	0.00334	0.00856	0.00579	0.00640
1	0.04787	0.39070	0.06432	0.08149	0.01676	0.08623	0.01021	0.14727	0.04136	0.05430	0.00982	0.01083	0.00779	0.00523	0.00427	0.00139	0.00611	0.00368	0.00319	0.00721
2	0.01145	0.01019	0.01588	0.48203	0.04885	0.01180	0.04601	0.04651	0.03160	0.04137	0.01007	0.01364	0.00775	0.00560	0.00639	0.00168	0.08809	0.00462	0.00282	0.11366
3	0.10561	0.10390	0.17348	0.03638	0.01805	0.01451	0.08441	0.25210	0.01539	0.07692	0.01079	0.01198	0.00794	0.00572	0.00571	0.00164	0.05982	0.00434	0.00367	0.00767
4	0.01093	0.08517	0.16957	0.01519	0.03545	0.03200	0.27673	0.01448	0.01186	0.01590	0.05405	0.07412	0.08231	0.00745	0.00623	0.00177	0.03706	0.06003	0.00320	0.00648
5	0.00905	0.00464	0.00679	0.00679	0.00679	0.00464	0.00447	0.00696	0.00696	0.00928	0.00983	0.01768	0.01006	0.08761	0.02120	0.77301	0.00464	0.00486	0.00237	0.00237
6	0.07423	0.64259	0.13808	0.00978	0.01470	0.01899	0.01035	0.01594	0.01068	0.01389	0.00767	0.00888	0.00669	0.00462	0.00362	0.00125	0.00586	0.00299	0.00233	0.00686
7	0.01041	0.06316	0.01037	0.00856	0.01059	0.07872	0.00659	0.04210	0.08799	0.02944	0.03798	0.21480	0.18787	0.03010	0.03611	0.00205	0.05004	0.00857	0.00422	0.08034

[dist]
# distance from previous block
# <min> <max>
0	1

[block]
# block no. 8 follows, 46 sequences, length 32
# corresponding to MSA columns:
# 200-231
name=unknown_I
#
# <colnr> <probs for GDERKNQSTAVLIFYWHMCP>
#	G	D	E	R	K	N	Q	S	T	A	V	L	I	F	Y	W	H	M	C	P
0	0.01098	0.01053	0.05889	0.06083	0.11449	0.00959	0.07135	0.03112	0.14748	0.03107	0.09607	0.02593	0.09003	0.00776	0.00560	0.00167	0.00500	0.09445	0.00408	0.12308
1	0.01403	0.01176	0.01315	0.05557	0.01530	0.04104	0.00834	0.23726	0.02811	0.02149	0.01041	0.01178	0.00819	0.00511	0.00515	0.00120	0.04599	0.00384	0.00371	0.45858
2	0.00771	0.00582	0.00842	0.00835	0.00913	0.00677	0.00635	0.00931	0.00841	0.01206	0.01449	0.03895	0.01417	0.13558	0.64731	0.00768	0.04592	0.00608	0.00290	0.00456
3	0.01504	0.55215	0.10610	0.01073	0.01520	0.19603	0.01044	0.01713	0.01175	0.01301	0.00777	0.00901	0.00678	0.00479	0.00388	0.00124	0.00677	0.00307	0.00236	0.00674
4	0.82735	0.01072	0.03019	0.00719	0.01059	0.01187	0.00612	0.01557	0.00906	0.02352	0.00742	0.00866	0.00575	0.00491	0.00332	0.00164	0.00420	0.00289	0.00324	0.00579
5	0.01250	0.01197	0.02041	0.17641	0.64181	0.01241	0.01594	0.01572	0.01176	0.01657	0.00984	0.01327	0.00813	0.00482	0.00524	0.00161	0.00642	0.00471	0.00257	0.00791
6	0.01418	0.00952	0.01100	0.00959	0.01241	0.01019	0.00753	0.04478	0.40643	0.18136	0.17486	0.02322	0.02204	0.00908	0.03764	0.00200	0.00436	0.00652	0.00561	0.00768
7	0.00692	0.00529	0.00635	0.00628	0.00760	0.00472	0.00463	0.00881	0.01335	0.01782	0.43088	0.13679	0.30656	0.01242	0.00630	0.00176	0.00263	0.01079	0.00539	0.00472
8	0.00823	0.00507	0.00677	0.00752	0.00822	0.00468	0.00516	0.00928	0.01068	0.09147	0.04426	0.69827	0.03276	0.03164	0.00700	0.00215	0.00324	0.01378	0.00506	0.00476
9	0.00651	0.00483	0.00601	0.00691	0.00754	0.00442	0.00472	0.00751	0.01046	0.01356	0.03372	0.58952	0.19399	0.05631	0.00768	0.00223	0.00313	0.03185	0.00482	0.00429
10	0.01202	0.01397	0.05650	0.02027	0.02485	0.01323	0.60853	0.01601	0.01188	0.01640	0.02443	0.03933	0.00944	0.00554	0.00752	0.00185	0.10233	0.00630	0.00274	0.00687
11	0.79838	0.04189	0.00872	0.00720	0.01051	0.03166	0.00597	0.01569	0.00921	0.02301	0.00738	0.00861	0.00579	0.00491	0.00331	0.00161	0.00429	0.00287	0.00322	0.00578
12	0.00672	0.00521	0.00615	0.00651	0.00773	0.00464	0.00480	0.00825	0.01209	0.01553	0.18665	0.26312	0.37004	0.01387	0.00647	0.00191	0.00292	0.06778	0.00508	0.00455
13	0.01146	0.00946	0.01121	0.00812	0.01262	0.00743	0.00652	0.01376	0.01101	0.04587	0.00973	0.01125	0.00799	0.00422	0.00448	0.00087	0.03476	0.00327	0.00323	0.78273
14	0.00993	0.00930	0.02699	0.62884	0.03078	0.01076	0.01289	0.03088	0.01112	0.01454	0.05320	0.01731	0.03677	0.03707	0.00613	0.00183	0.00640	0.00521	0.00277	0.04728
15	0.01788	0.02128	0.01445	0.01288	0.01563	0.58465	0.02876	0.06533	0.08728	0.01508	0.01135	0.01293	0.02765	0.03067	0.03001	0.00177	0.00863	0.00419	0.00320	0.00637
16	0.02277	0.00879	0.01196	0.00924	0.01317	0.00761	0.00761	0.02484	0.01512	0.74008	0.06531	0.01926	0.01525	0.00679	0.00537	0.00164	0.00438	0.00557	0.00650	0.00876
17	0.01106	0.00928	0.01195	0.01038	0.01249	0.07937	0.11713	0.07702	0.01332	0.06875	0.13373	0.30622	0.08431	0.03149	0.00667	0.00192	0.00479	0.00984	0.00461	0.00569
18	0.01151	0.00870	0.01240	0.02887	0.01349	0.00811	0.09467	0.01453	0.06090	0.10604	0.05912	0.06179	0.05098	0.08062	0.05499	0.00224	0.03607	0.04427	0.00397	0.24671
19	0.01308	0.22085	0.49534	0.01298	0.01943	0.04414	0.01546	0.01755	0.01158	0.08889	0.00999	0.01109	0.00733	0.00506	0.00464	0.00152	0.00703	0.00375	0.00267	0.00761
20	0.01406	0.79385	0.02737	0.00919	0.01358	0.02078	0.00912	0.01574	0.01066	0.01245	0.00734	0.00857	0.00679	0.00466	0.00380	0.00117	0.02899	0.00288	0.00226	0.00676
21	0.00689	0.00538	0.00624	0.00603	0.00753	0.00474	0.00452	0.00883	0.01356	0.01787	0.42941	0.04497	0.40099	0.01205	0.00624	0.00172	0.00258	0.01033	0.00538	0.00474
22	0.01173	0.19197	0.56809	0.01327	0.02000	0.01365	0.01633	0.01664	0.01137	0.04557	0.03834	0.01192	0.00858	0.00519	0.00474	0.00156	0.00703	0.00395	0.00254	0.00754
23	0.01017	0.00973	0.01678	0.73814	0.03541	0.01194	0.05950	0.01370	0.01063	0.01370	0.00942	0.01405	0.00710	0.00532	0.00560	0.00177	0.02393	0.00479	0.00237	0.00595
24	0.00775	0.00550	0.00613	0.00607	0.00655	0.00544	0.00373	0.00890	0.05031	0.01211	0.06337	0.05580	0.12292	0.59943	0.02134	0.00423	0.00455	0.00835	0.00373	0.00378
25	0.00661	0.00476	0.00629	0.00731	0.00780	0.00444	0.00502	0.00776	0.01074	0.01435	0.10160	0.67862	0.06507	0.01581	0.00670	0.00210	0.00307	0.04258	0.00499	0.00439
26	0.01865	0.01357	0.01424	0.01123	0.01487	0.05030	0.00917	0.55821	0.03227	0.07665	0.02697	0.01416	0.01039	0.00647	0.00547	0.00157	0.02880	0.00485	0.09390	0.00826
27	0.80126	0.05870	0.00897	0.00708	0.01042	0.01240	0.00592	0.01556	0.00910	0.02304	0.00736	0.00858	0.00579	0.00488	0.00328	0.00161	0.00418	0.00286	0.00321	0.00579
28	0.01026	0.00605	0.00642	0.00619	0.00769	0.00641	0.00472	0.02741	0.11466	0.01957	0.01745	0.01969	0.01379	0.00950	0.07936	0.00201	0.00387	0.00514	0.63437	0.00545
29	0.01324	0.11769	0.21022	0.03359	0.01820	0.19781	0.10818	0.04207	0.01249	0.01541	0.03036	0.10590	0.01142	0.00669	0.00562	0.00161	0.03813	0.00547	0.00294	0.02295
30	0.00797	0.00621	0.00909	0.00859	0.00947	0.00701	0.03531	0.00947	0.00867	0.01224	0.02816	0.02446	0.04123	0.21096	0.50175	0.00675	0.05878	0.00634	0.00300	0.00453
31	0.01321	0.49010	0.17926	0.01073	0.01536	0.07262	0.01111	0.01625	0.03734	0.01368	0.00886	0.01052	0.00760	0.00762	0.06562	0.00188	0.02552	0.00346	0.00244	0.00682

[dist]
# distance from previous block
# <min> <max>
11	17

[block]
# block no. 9 follows, 46 sequences, length 37
# corresponding to MSA columns:
# 251-287
name=unknown_J
#
# <colnr> <probs for GDERKNQSTAVLIFYWHMCP>
#	G	D	E	R	K	N	Q	S	T	A	V	L	I	F	Y	W	H	M	C	P
0	0.01208	0.00979	0.01131	0.00838	0.01280	0.00810	0.00670	0.07429	0.05716	0.04214	0.01130	0.03502	0.00936	0.00475	0.00424	0.00097	0.00408	0.00384	0.00359	0.68010
1	0.01001	0.00735	0.00882	0.00906	0.06069	0.00716	0.00641	0.01434	0.15614	0.08795	0.17043	0.03743	0.31335	0.03488	0.00662	0.00188	0.00354	0.05288	0.00511	0.00596
2	0.01095	0.01038	0.01760	0.56196	0.26840	0.01200	0.01516	0.01435	0.01103	0.01468	0.00957	0.01378	0.00746	0.00511	0.00527	0.00170	0.00681	0.00470	0.00243	0.00665
3	0.00968	0.00630	0.00823	0.00839	0.00976	0.00617	0.00670	0.03836	0.03657	0.07348	0.16636	0.12901	0.06346	0.05498	0.00866	0.06076	0.00410	0.29897	0.00494	0.00511
4	0.01961	0.00853	0.01125	0.00898	0.01241	0.00772	0.00728	0.04050	0.06019	0.56185	0.17901	0.02246	0.02086	0.00747	0.00551	0.00165	0.00409	0.00623	0.00629	0.00812
5	0.00957	0.00703	0.00840	0.02473	0.01034	0.00731	0.00625	0.01474	0.23060	0.06183	0.04987	0.40876	0.07343	0.03786	0.00684	0.00207	0.00362	0.02590	0.00506	0.00579
6	0.00775	0.00547	0.00708	0.00664	0.00797	0.00502	0.00499	0.01018	0.01482	0.03643	0.72557	0.03964	0.08676	0.01085	0.00622	0.00167	0.00254	0.00956	0.00579	0.00504
7	0.01094	0.01298	0.11475	0.39215	0.11596	0.02399	0.12745	0.01457	0.01095	0.01479	0.01015	0.04176	0.00829	0.00579	0.00643	0.00179	0.07306	0.00518	0.00251	0.00653
8	0.00782	0.00513	0.00579	0.00576	0.00592	0.00510	0.00334	0.00812	0.00834	0.01151	0.06174	0.03391	0.02066	0.71403	0.02417	0.00467	0.00480	0.00762	0.05813	0.00342
9	0.02601	0.00986	0.01213	0.10575	0.01551	0.02538	0.00816	0.01494	0.06153	0.06208	0.04504	0.02571	0.01071	0.00565	0.00606	0.00129	0.10234	0.00429	0.00343	0.45411
10	0.01842	0.01398	0.01492	0.01182	0.01576	0.01561	0.00964	0.58637	0.20482	0.03062	0.01482	0.01439	0.01071	0.00655	0.00531	0.00164	0.00542	0.00505	0.00531	0.00884
11	0.06183	0.01152	0.02091	0.21841	0.08780	0.01170	0.30785	0.01571	0.01165	0.06367	0.01205	0.01498	0.03554	0.00526	0.00581	0.00168	0.03010	0.00534	0.00297	0.07521
12	0.01178	0.00865	0.00968	0.00881	0.01120	0.00917	0.00681	0.02817	0.33942	0.11292	0.04294	0.11468	0.22514	0.00994	0.00620	0.00182	0.03234	0.00829	0.00524	0.00680
13	0.01275	0.17596	0.17525	0.01554	0.04402	0.01320	0.27603	0.03319	0.01205	0.07361	0.01278	0.10815	0.01115	0.00624	0.00537	0.00165	0.00686	0.00600	0.00312	0.00708
14	0.02372	0.00900	0.01227	0.00941	0.01350	0.00777	0.00777	0.02576	0.01513	0.78489	0.02086	0.01799	0.01309	0.00654	0.00532	0.00164	0.00450	0.00532	0.00654	0.00900
15	0.01016	0.00710	0.00971	0.05889	0.02964	0.00729	0.00870	0.01384	0.08591	0.07269	0.07019	0.04754	0.04198	0.01226	0.00672	0.00219	0.00476	0.49991	0.00489	0.00565
16	0.01781	0.03464	0.01484	0.01313	0.01545	0.59796	0.01003	0.05215	0.01417	0.01384	0.00950	0.05935	0.00866	0.00664	0.00650	0.00154	0.11044	0.00433	0.00291	0.00611
17	0.02219	0.00864	0.01170	0.00909	0.01284	0.00751	0.00740	0.02413	0.01468	0.71186	0.04761	0.01974	0.01476	0.05446	0.00663	0.00184	0.00446	0.00561	0.00632	0.00851
18	0.00803	0.00579	0.00784	0.00737	0.00809	0.00582	0.04904	0.00906	0.00916	0.01269	0.07017	0.05289	0.03879	0.47129	0.13536	0.00468	0.00623	0.04039	0.05328	0.00402
19	0.00689	0.00550	0.00627	0.05549	0.00916	0.00501	0.00501	0.00846	0.01168	0.01473	0.06007	0.15783	0.51823	0.01284	0.00613	0.00182	0.00309	0.04354	0.06367	0.00459
20	0.01323	0.00953	0.01146	0.10304	0.02416	0.01039	0.00842	0.06469	0.33577	0.12620	0.05180	0.04782	0.07790	0.02772	0.00648	0.02235	0.00453	0.04237	0.00496	0.00719
21	0.01316	0.01264	0.02013	0.05248	0.65929	0.03133	0.01520	0.01752	0.09274	0.01757	0.01111	0.01373	0.00912	0.00501	0.00524	0.00159	0.00616	0.00481	0.00290	0.00825
22	0.01892	0.02397	0.01439	0.01311	0.01578	0.74434	0.00983	0.02028	0.01480	0.01302	0.01097	0.01208	0.05446	0.00594	0.00486	0.00139	0.00911	0.00388	0.00286	0.00603
23	0.11707	0.01011	0.01600	0.55514	0.12279	0.01207	0.03645	0.01417	0.01052	0.01534	0.00916	0.01319	0.00707	0.00528	0.00549	0.00174	0.03520	0.00451	0.00251	0.00619
24	0.43289	0.01284	0.01177	0.01134	0.08234	0.08835	0.00825	0.15826	0.09288	0.04037	0.01045	0.01123	0.00794	0.00549	0.00424	0.00161	0.00516	0.00382	0.00383	0.00697
25	0.00755	0.00519	0.00595	0.00593	0.00619	0.00516	0.00355	0.00786	0.00835	0.01107	0.04282	0.03528	0.08672	0.66873	0.07449	0.00495	0.00542	0.00792	0.00341	0.00347
26	0.00934	0.00495	0.00510	0.00517	0.00637	0.00486	0.00384	0.01164	0.01120	0.01903	0.04412	0.07465	0.06034	0.00741	0.00413	0.00134	0.00252	0.00610	0.71303	0.00486
27	0.00749	0.00581	0.00850	0.00856	0.00942	0.00552	0.06912	0.03132	0.01057	0.01408	0.02642	0.61817	0.05000	0.09781	0.00874	0.00240	0.00385	0.01311	0.00455	0.00457
28	0.01959	0.02487	0.01491	0.01355	0.01628	0.77449	0.01017	0.02128	0.03292	0.01316	0.00849	0.00978	0.00703	0.00549	0.00478	0.00137	0.00941	0.00347	0.00279	0.00618
29	0.03786	0.04007	0.03955	0.01365	0.01696	0.56824	0.05129	0.13899	0.01608	0.01676	0.00903	0.01030	0.00720	0.00549	0.00487	0.00143	0.00865	0.00377	0.00312	0.00670
30	0.01200	0.01241	0.03992	0.16921	0.04841	0.01158	0.38136	0.03201	0.01205	0.03027	0.01033	0.01343	0.00788	0.00460	0.00545	0.00154	0.00720	0.00511	0.00283	0.19244
31	0.00678	0.00534	0.00611	0.00600	0.00748	0.00467	0.00447	0.00858	0.01318	0.01715	0.35666	0.08393	0.43591	0.01246	0.00627	0.00175	0.00262	0.01068	0.00529	0.00467
32	0.04365	0.01007	0.01111	0.00980	0.01236	0.01096	0.00757	0.24859	0.22536	0.05823	0.03748	0.23830	0.01952	0.03400	0.00633	0.00191	0.00438	0.00811	0.00514	0.00713
33	0.00941	0.00595	0.00789	0.00793	0.00944	0.00555	0.00637	0.01159	0.01336	0.10221	0.31629	0.11663	0.09984	0.01235	0.00653	0.00197	0.00357	0.25244	0.00542	0.00528
34	0.01118	0.01155	0.02015	0.51879	0.03224	0.04713	0.22497	0.01478	0.01122	0.01442	0.00962	0.01385	0.00731	0.00520	0.00596	0.00177	0.03611	0.00507	0.00246	0.00624
35	0.00768	0.05539	0.00811	0.00682	0.00817	0.00585	0.00517	0.00985	0.01388	0.01922	0.58806	0.14172	0.08775	0.01134	0.00613	0.00170	0.00278	0.00997	0.00542	0.00498
36	0.00671	0.00494	0.00639	0.00728	0.00794	0.00447	0.00494	0.00774	0.01028	0.01377	0.02930	0.71850	0.07532	0.01560	0.00654	0.00204	0.00310	0.01408	0.00480	0.05627

[dist]
# distance from previous block
# <min> <max>
0	10

# created by:
# /st0/software/busco_prod/Augustus/scripts/msa2prfl.pl ./align_prep/197330.fa
