[name]
unknown

[dist]
# distance from previous block
# <min> <max>
0	43

[block]
# block no. 0 follows, 46 sequences, length 23
# corresponding to MSA columns:
# 43-65
name=unknown_A
#
# <colnr> <probs for GDERKNQSTAVLIFYWHMCP>
#	G	D	E	R	K	N	Q	S	T	A	V	L	I	F	Y	W	H	M	C	P
0	0.06862	0.00726	0.00919	0.00957	0.01142	0.00732	0.00826	0.06641	0.01278	0.01776	0.02402	0.04895	0.02542	0.01251	0.00662	0.00219	0.00481	0.58340	0.00466	0.06882
1	0.07391	0.02445	0.67102	0.01384	0.02083	0.01171	0.01743	0.01616	0.01128	0.01759	0.06547	0.01304	0.00978	0.00544	0.00498	0.00167	0.00714	0.00424	0.00257	0.00745
2	0.04440	0.01127	0.06760	0.11079	0.03312	0.01024	0.03829	0.13422	0.02546	0.19646	0.03166	0.03174	0.01108	0.00848	0.06475	0.00204	0.01666	0.00494	0.00417	0.15262
3	0.01192	0.11438	0.64768	0.01400	0.02118	0.01293	0.01754	0.01727	0.01139	0.07009	0.01004	0.01134	0.00715	0.00507	0.00486	0.00161	0.00734	0.00388	0.00254	0.00778
4	0.00742	0.00556	0.00700	0.00671	0.00812	0.00496	0.00496	0.00949	0.01346	0.01873	0.50294	0.17502	0.12950	0.01161	0.00615	0.00170	0.00272	0.01023	0.00535	0.06839
5	0.00932	0.06333	0.00970	0.00788	0.00980	0.00718	0.02885	0.06542	0.01375	0.04785	0.28162	0.14435	0.20245	0.01140	0.00610	0.00179	0.00356	0.07519	0.00505	0.00540
6	0.03100	0.17391	0.30029	0.12066	0.11511	0.04504	0.03006	0.02940	0.01171	0.06959	0.00986	0.01173	0.00747	0.00512	0.00495	0.00156	0.01844	0.00403	0.00271	0.00737
7	0.02065	0.01017	0.01262	0.00984	0.01381	0.00968	0.00804	0.14747	0.09987	0.50256	0.03576	0.01727	0.01318	0.00648	0.00524	0.00158	0.00460	0.00523	0.00594	0.06999
8	0.01183	0.24064	0.55895	0.01340	0.02017	0.03773	0.01642	0.01663	0.01116	0.01547	0.00887	0.01039	0.00672	0.00490	0.00457	0.00152	0.00728	0.00360	0.00225	0.00749
9	0.00739	0.00528	0.00675	0.00756	0.00853	0.00499	0.00583	0.00908	0.01152	0.01538	0.08854	0.33519	0.15468	0.01426	0.00659	0.00208	0.00349	0.24455	0.06373	0.00460
10	0.00712	0.00523	0.00667	0.00665	0.00776	0.00478	0.00486	0.00915	0.01360	0.01877	0.53659	0.20442	0.13009	0.01232	0.00635	0.00178	0.00264	0.01090	0.00552	0.00478
11	0.00655	0.00468	0.00623	0.00729	0.00769	0.00437	0.00492	0.00763	0.01062	0.01429	0.10690	0.73072	0.03651	0.01597	0.00669	0.00210	0.00301	0.01446	0.00500	0.00437
12	0.01333	0.00932	0.01120	0.00812	0.01271	0.00718	0.00654	0.01562	0.01174	0.15981	0.01152	0.01227	0.00881	0.00440	0.00418	0.00094	0.00402	0.00354	0.00377	0.69097
13	0.01588	0.01220	0.01334	0.01076	0.01442	0.08034	0.04106	0.17986	0.18339	0.13291	0.01582	0.01678	0.02600	0.00672	0.00565	0.03114	0.00521	0.02806	0.00459	0.17586
14	0.01059	0.00896	0.01220	0.07969	0.05356	0.01065	0.00903	0.04229	0.10846	0.03361	0.20100	0.07672	0.02144	0.01175	0.07676	0.00248	0.22388	0.00686	0.00401	0.00605
15	0.00685	0.00487	0.00648	0.00763	0.00805	0.00463	0.00536	0.00794	0.01028	0.01365	0.02815	0.64328	0.03323	0.06827	0.00815	0.00239	0.00348	0.12823	0.00479	0.00431
16	0.01569	0.01231	0.01402	0.01198	0.08199	0.03742	0.00884	0.30929	0.01687	0.06311	0.01129	0.01215	0.00857	0.00513	0.00467	0.00123	0.00509	0.00403	0.00410	0.37223
17	0.00769	0.00513	0.00577	0.00577	0.00577	0.00513	0.00320	0.00769	0.00769	0.01025	0.01666	0.03460	0.01922	0.81421	0.02691	0.00513	0.00513	0.00769	0.00320	0.00320
18	0.01308	0.01256	0.02146	0.03245	0.78123	0.01256	0.01622	0.01622	0.01204	0.01727	0.00994	0.01308	0.00837	0.00471	0.00523	0.00157	0.00628	0.00471	0.00262	0.00837
19	0.01141	0.01085	0.01843	0.44786	0.37891	0.01212	0.01539	0.01476	0.01125	0.01524	0.00965	0.01363	0.00766	0.00502	0.00526	0.00167	0.00669	0.00470	0.00247	0.00702
20	0.00957	0.00748	0.00873	0.00839	0.03830	0.00739	0.00619	0.12053	0.07049	0.02042	0.31813	0.03760	0.28006	0.01065	0.00604	0.00172	0.00338	0.03391	0.00526	0.00577
21	0.01248	0.01426	0.03119	0.02228	0.02763	0.01337	0.76203	0.01693	0.01248	0.01693	0.01070	0.01426	0.00802	0.00446	0.00624	0.00178	0.00891	0.00624	0.00267	0.00713
22	0.01014	0.00681	0.00890	0.03974	0.01159	0.00687	0.00758	0.01374	0.10739	0.09572	0.02760	0.21220	0.07487	0.01282	0.00659	0.00214	0.00429	0.34036	0.00502	0.00562

[dist]
# distance from previous block
# <min> <max>
0	1

[block]
# block no. 1 follows, 46 sequences, length 9
# corresponding to MSA columns:
# 67-75
name=unknown_B
#
# <colnr> <probs for GDERKNQSTAVLIFYWHMCP>
#	G	D	E	R	K	N	Q	S	T	A	V	L	I	F	Y	W	H	M	C	P
0	0.03797	0.00912	0.01075	0.00959	0.01170	0.03240	0.00752	0.19299	0.04911	0.08722	0.01610	0.11496	0.01458	0.03967	0.31778	0.00450	0.02715	0.00645	0.00413	0.00631
1	0.01200	0.33934	0.48703	0.01269	0.01920	0.01569	0.01539	0.01638	0.01100	0.01504	0.00864	0.01010	0.00673	0.00483	0.00438	0.00146	0.00696	0.00348	0.00224	0.00741
2	0.01256	0.01202	0.02051	0.16289	0.65491	0.01242	0.01596	0.01576	0.01179	0.01663	0.00985	0.01326	0.00815	0.00481	0.00524	0.00160	0.00641	0.00471	0.00257	0.00795
3	0.00800	0.00628	0.00921	0.00896	0.00975	0.00758	0.00699	0.00972	0.00841	0.01223	0.01349	0.02041	0.01281	0.07276	0.67253	0.00766	0.10000	0.00565	0.00279	0.00476
4	0.01045	0.00896	0.01035	0.00756	0.01194	0.00677	0.00602	0.01269	0.01108	0.01691	0.01422	0.01532	0.09201	0.00495	0.00417	0.00089	0.00378	0.00401	0.00333	0.75462
5	0.01308	0.01256	0.02146	0.03245	0.78123	0.01256	0.01622	0.01622	0.01204	0.01727	0.00994	0.01308	0.00837	0.00471	0.00523	0.00157	0.00628	0.00471	0.00262	0.00837
6	0.77351	0.01038	0.00836	0.00731	0.01067	0.01188	0.00602	0.05121	0.01003	0.05997	0.00825	0.00922	0.00623	0.00505	0.00346	0.00163	0.00419	0.00307	0.00352	0.00603
7	0.01364	0.01447	0.02665	0.01963	0.02395	0.07747	0.55129	0.01724	0.01225	0.06300	0.01059	0.01373	0.00808	0.00532	0.00758	0.00181	0.11772	0.00573	0.00287	0.00698
8	0.01890	0.01300	0.01391	0.01084	0.01492	0.06023	0.00882	0.37423	0.08125	0.19845	0.01447	0.01401	0.01019	0.00603	0.00506	0.00148	0.00532	0.00465	0.00509	0.13918

[dist]
# distance from previous block
# <min> <max>
3	4

[block]
# block no. 2 follows, 46 sequences, length 23
# corresponding to MSA columns:
# 80-102
name=unknown_C
#
# <colnr> <probs for GDERKNQSTAVLIFYWHMCP>
#	G	D	E	R	K	N	Q	S	T	A	V	L	I	F	Y	W	H	M	C	P
0	0.00913	0.00461	0.00685	0.00685	0.00685	0.00461	0.00454	0.00691	0.00691	0.00922	0.00944	0.01671	0.00953	0.04581	0.02088	0.81719	0.00461	0.00470	0.00233	0.00233
1	0.01308	0.01256	0.02146	0.03245	0.78123	0.01256	0.01622	0.01622	0.01204	0.01727	0.00994	0.01308	0.00837	0.00471	0.00523	0.00157	0.00628	0.00471	0.00262	0.00837
2	0.01149	0.01155	0.01687	0.01424	0.01458	0.01570	0.05877	0.01285	0.00843	0.01301	0.00777	0.03298	0.00775	0.00914	0.01637	0.00228	0.73300	0.00500	0.00240	0.00583
3	0.00644	0.00460	0.00613	0.00736	0.00767	0.00429	0.00491	0.00736	0.01012	0.01350	0.02914	0.81076	0.03497	0.01656	0.00675	0.00215	0.00307	0.01503	0.00491	0.00429
4	0.01237	0.01183	0.02017	0.20890	0.61034	0.01237	0.01587	0.01560	0.01170	0.01641	0.00982	0.01332	0.00807	0.00484	0.00525	0.00161	0.00646	0.00471	0.00256	0.00780
5	0.01193	0.01316	0.02691	0.01983	0.02390	0.01329	0.57989	0.01557	0.01155	0.01596	0.01122	0.06508	0.00956	0.00609	0.00825	0.00190	0.14994	0.00652	0.00275	0.00671
6	0.00629	0.00518	0.00553	0.00582	0.00726	0.00442	0.00422	0.00754	0.01161	0.01410	0.04795	0.22523	0.60835	0.01412	0.00636	0.00187	0.00277	0.01205	0.00491	0.00442
7	0.00636	0.00492	0.00580	0.00651	0.00744	0.00437	0.00453	0.00746	0.01094	0.01383	0.03949	0.48850	0.35054	0.01522	0.00654	0.00199	0.00290	0.01339	0.00491	0.00437
8	0.01243	0.01409	0.03051	0.02179	0.02712	0.01315	0.73630	0.01681	0.01243	0.01694	0.01065	0.01415	0.00801	0.00444	0.00616	0.00175	0.00874	0.00613	0.00269	0.03571
9	0.02342	0.00948	0.01257	0.00964	0.01374	0.00849	0.00796	0.08739	0.01594	0.72212	0.02017	0.01755	0.01274	0.00653	0.00531	0.00163	0.00461	0.00527	0.00644	0.00900
10	0.01361	0.02314	0.60910	0.01377	0.02073	0.01124	0.01683	0.01881	0.01207	0.19299	0.01210	0.01273	0.00816	0.00537	0.00509	0.00167	0.00705	0.00423	0.00322	0.00808
11	0.01846	0.20696	0.01790	0.01257	0.01571	0.61584	0.00995	0.01990	0.01401	0.01282	0.00798	0.00929	0.00680	0.00524	0.00445	0.00131	0.00864	0.00327	0.00262	0.00628
12	0.03971	0.00635	0.00860	0.00802	0.00949	0.00669	0.00610	0.01261	0.00974	0.16333	0.01578	0.02228	0.01403	0.17131	0.44915	0.00609	0.00993	0.00584	0.02961	0.00532
13	0.01366	0.05761	0.07922	0.01551	0.01954	0.02925	0.27469	0.11995	0.08297	0.04180	0.01212	0.01414	0.02429	0.00605	0.00747	0.00174	0.14055	0.00524	0.00335	0.05086
14	0.01805	0.10179	0.01581	0.01217	0.01537	0.39625	0.00960	0.23460	0.05676	0.01929	0.01147	0.06352	0.00978	0.00643	0.00494	0.00148	0.00735	0.00464	0.00370	0.00702
15	0.04513	0.00611	0.00831	0.00841	0.00941	0.00685	0.00647	0.02814	0.00955	0.01379	0.01861	0.16303	0.04465	0.04968	0.47248	0.00595	0.03724	0.05790	0.00348	0.00479
16	0.01184	0.00991	0.01143	0.00824	0.01290	0.00794	0.00663	0.08507	0.01229	0.01877	0.00971	0.01113	0.00794	0.00415	0.00405	0.00086	0.00410	0.00329	0.00334	0.76642
17	0.01283	0.00929	0.01107	0.00816	0.01252	0.00738	0.00654	0.04485	0.01225	0.12280	0.04546	0.02853	0.01097	0.00492	0.00432	0.00100	0.00399	0.00401	0.00384	0.64528
18	0.03608	0.62287	0.04056	0.01022	0.01424	0.09003	0.02510	0.01608	0.01090	0.01298	0.00750	0.00902	0.00680	0.00503	0.00480	0.00129	0.07440	0.00313	0.00234	0.00664
19	0.01043	0.01777	0.39887	0.19434	0.02322	0.01064	0.05705	0.01479	0.01110	0.04940	0.01342	0.14998	0.01200	0.00711	0.00546	0.00178	0.00674	0.00620	0.00293	0.00678
20	0.01174	0.00960	0.01120	0.00805	0.01271	0.00745	0.00646	0.04381	0.01165	0.04263	0.00990	0.01126	0.00805	0.00410	0.00402	0.00084	0.00401	0.00327	0.00333	0.78592
21	0.01861	0.02242	0.01448	0.01307	0.01589	0.63026	0.00989	0.04766	0.14752	0.01524	0.01066	0.01142	0.00851	0.00578	0.00489	0.00144	0.00847	0.00390	0.00328	0.00662
22	0.00802	0.00601	0.00877	0.00863	0.00970	0.00698	0.00674	0.03782	0.00911	0.01306	0.01411	0.02046	0.01306	0.03840	0.76361	0.00824	0.01385	0.00563	0.00292	0.00488

[dist]
# distance from previous block
# <min> <max>
0	19

[block]
# block no. 3 follows, 46 sequences, length 65
# corresponding to MSA columns:
# 122-186
name=unknown_D
#
# <colnr> <probs for GDERKNQSTAVLIFYWHMCP>
#	G	D	E	R	K	N	Q	S	T	A	V	L	I	F	Y	W	H	M	C	P
0	0.00736	0.00530	0.00699	0.00696	0.00804	0.00493	0.00519	0.00957	0.01394	0.01952	0.60113	0.17687	0.04608	0.01205	0.00639	0.00179	0.00274	0.05468	0.00560	0.00486
1	0.01977	0.02450	0.01504	0.01352	0.01635	0.74082	0.01020	0.07098	0.01564	0.01431	0.00848	0.00975	0.00696	0.00551	0.00480	0.00138	0.00928	0.00350	0.00290	0.00632
2	0.00632	0.00536	0.00545	0.00543	0.00718	0.00449	0.00407	0.00772	0.01221	0.01466	0.09335	0.05025	0.73905	0.01325	0.00625	0.00178	0.00267	0.01107	0.00496	0.00449
3	0.01086	0.02553	0.68201	0.01607	0.02354	0.01243	0.12252	0.01677	0.01134	0.01677	0.00965	0.01159	0.00688	0.00494	0.00519	0.00169	0.00797	0.00423	0.00229	0.00772
4	0.01941	0.01373	0.01493	0.01169	0.01572	0.01507	0.00958	0.58202	0.13559	0.10457	0.01480	0.01426	0.01046	0.00649	0.00530	0.00162	0.00545	0.00500	0.00542	0.00890
5	0.01143	0.00938	0.01101	0.00789	0.01256	0.00707	0.00632	0.01377	0.01112	0.04565	0.00982	0.01122	0.00802	0.00401	0.00397	0.00081	0.00394	0.00321	0.00326	0.81552
6	0.01096	0.00940	0.01096	0.00783	0.01253	0.00705	0.00626	0.01331	0.01096	0.01723	0.00940	0.01096	0.00783	0.00392	0.00392	0.00078	0.00392	0.00313	0.00313	0.84653
7	0.02010	0.01481	0.01587	0.01216	0.01639	0.01639	0.01005	0.76360	0.02486	0.03332	0.01269	0.01269	0.00899	0.00635	0.00529	0.00159	0.00582	0.00476	0.00529	0.00899
8	0.00855	0.00649	0.00824	0.00893	0.01040	0.00652	0.00748	0.01220	0.10145	0.01633	0.05143	0.09512	0.15014	0.01354	0.00685	0.00222	0.00427	0.47969	0.00496	0.00519
9	0.01012	0.00966	0.01449	0.04313	0.01450	0.03877	0.09812	0.01209	0.00913	0.01306	0.01073	0.01600	0.00985	0.02189	0.35957	0.00494	0.30062	0.00524	0.00260	0.00549
10	0.01096	0.00940	0.01096	0.00783	0.01253	0.00705	0.00626	0.01331	0.01096	0.01723	0.00940	0.01096	0.00783	0.00392	0.00392	0.00078	0.00392	0.00313	0.00313	0.84653
11	0.05239	0.00890	0.00960	0.03044	0.01136	0.02333	0.00638	0.16526	0.01419	0.09611	0.01437	0.01564	0.01085	0.00572	0.00426	0.00130	0.00395	0.00447	0.35866	0.16284
12	0.01308	0.01256	0.02146	0.03245	0.78123	0.01256	0.01622	0.01622	0.01204	0.01727	0.00994	0.01308	0.00837	0.00471	0.00523	0.00157	0.00628	0.00471	0.00262	0.00837
13	0.01163	0.01114	0.01914	0.38837	0.41465	0.01221	0.03688	0.01499	0.01137	0.01552	0.00971	0.01359	0.00775	0.00497	0.00529	0.00166	0.00671	0.00475	0.00249	0.00718
14	0.00688	0.00541	0.00651	0.00654	0.00779	0.00526	0.00484	0.00826	0.01038	0.01329	0.05125	0.06473	0.39854	0.11123	0.27042	0.00440	0.00678	0.00904	0.00405	0.00441
15	0.00985	0.00493	0.00493	0.00493	0.00616	0.00493	0.00370	0.01232	0.01109	0.01971	0.01725	0.01971	0.01355	0.00616	0.00370	0.00123	0.00246	0.00493	0.84356	0.00493
16	0.01413	0.81739	0.02770	0.00905	0.01357	0.02092	0.00905	0.01583	0.01074	0.01244	0.00735	0.00848	0.00678	0.00452	0.00339	0.00113	0.00565	0.00283	0.00226	0.00678
17	0.00641	0.00536	0.00559	0.00561	0.00730	0.00454	0.00422	0.00787	0.01227	0.01491	0.11688	0.06750	0.68122	0.01326	0.00628	0.00180	0.00272	0.02677	0.00499	0.00451
18	0.01340	0.01148	0.01210	0.01081	0.01384	0.01327	0.00843	0.05491	0.74445	0.02252	0.02120	0.01947	0.01588	0.00714	0.00538	0.00179	0.00424	0.00593	0.00538	0.00839
19	0.85155	0.01022	0.00777	0.00695	0.01022	0.01186	0.00573	0.01554	0.00900	0.02372	0.00736	0.00859	0.00573	0.00491	0.00327	0.00164	0.00409	0.00286	0.00327	0.00573
20	0.00765	0.00528	0.00654	0.00654	0.00681	0.00555	0.00417	0.00818	0.00792	0.01082	0.01595	0.03068	0.01752	0.59481	0.24399	0.00608	0.00768	0.00711	0.00310	0.00363
21	0.01076	0.02625	0.72369	0.01567	0.02328	0.01237	0.08156	0.01676	0.01127	0.01676	0.00959	0.01142	0.00681	0.00498	0.00512	0.00168	0.00790	0.00410	0.00227	0.00776
22	0.04663	0.00921	0.01212	0.00944	0.01342	0.00830	0.00776	0.02565	0.07274	0.70482	0.02052	0.01786	0.01311	0.00654	0.00526	0.00165	0.00446	0.00530	0.00636	0.00886
23	0.01090	0.00936	0.01097	0.00813	0.01243	0.00750	0.00647	0.01375	0.04623	0.01717	0.01067	0.04297	0.00926	0.00473	0.00450	0.00093	0.02780	0.00378	0.00328	0.74918
24	0.00755	0.00566	0.00850	0.00850	0.00944	0.00661	0.00661	0.00944	0.00850	0.01227	0.01416	0.02077	0.01322	0.03965	0.79326	0.00850	0.01416	0.00566	0.00283	0.00472
25	0.01071	0.00810	0.00990	0.00893	0.01057	0.00897	0.00695	0.08653	0.13034	0.05038	0.20317	0.02828	0.07314	0.10384	0.11601	0.00310	0.09443	0.03623	0.00454	0.00588
26	0.01413	0.81739	0.02770	0.00905	0.01357	0.02092	0.00905	0.01583	0.01074	0.01244	0.00735	0.00848	0.00678	0.00452	0.00339	0.00113	0.00565	0.00283	0.00226	0.00678
27	0.01096	0.00940	0.01096	0.00783	0.01253	0.00705	0.00626	0.01331	0.01096	0.01723	0.00940	0.01096	0.00783	0.00392	0.00392	0.00078	0.00392	0.00313	0.00313	0.84653
28	0.01036	0.00978	0.01653	0.70881	0.12618	0.01184	0.01487	0.01383	0.01075	0.01396	0.00946	0.01397	0.00721	0.00522	0.00528	0.00174	0.00695	0.00470	0.00238	0.00617
29	0.01315	0.01136	0.01195	0.01076	0.01375	0.01315	0.00837	0.02809	0.77168	0.02211	0.02152	0.01972	0.01614	0.00717	0.00538	0.00179	0.00418	0.00598	0.00538	0.00837
30	0.03083	0.01761	0.01769	0.02210	0.37367	0.33458	0.01285	0.01900	0.06878	0.01582	0.00993	0.01198	0.00821	0.00533	0.00536	0.00152	0.03030	0.00423	0.00287	0.00733
31	0.00648	0.00465	0.00616	0.00736	0.00772	0.00433	0.00496	0.00744	0.01021	0.01356	0.02967	0.77840	0.05179	0.01645	0.00675	0.00214	0.00309	0.02961	0.00491	0.00431
32	0.00998	0.00940	0.01586	0.80150	0.03641	0.01175	0.01468	0.01351	0.01057	0.01351	0.00940	0.01409	0.00705	0.00529	0.00529	0.00176	0.00705	0.00470	0.00235	0.00587
33	0.00756	0.00564	0.00837	0.00837	0.00927	0.00654	0.00645	0.00936	0.00846	0.01218	0.01428	0.02141	0.01350	0.07568	0.75761	0.00834	0.01374	0.00576	0.00285	0.00465
34	0.02269	0.00910	0.01217	0.00940	0.01335	0.00805	0.00774	0.06163	0.01561	0.70751	0.06015	0.01886	0.01481	0.00676	0.00536	0.00163	0.00446	0.00551	0.00644	0.00879
35	0.03356	0.13441	0.01665	0.01281	0.01585	0.64245	0.00997	0.04873	0.01467	0.01384	0.00822	0.00949	0.00687	0.00534	0.00457	0.00134	0.00876	0.00337	0.00277	0.00632
36	0.01753	0.00993	0.01195	0.00953	0.01341	0.00945	0.00766	0.03783	0.24945	0.36306	0.01836	0.01687	0.01279	0.00615	0.00502	0.00149	0.00430	0.00503	0.00540	0.19478
37	0.02915	0.35260	0.40862	0.01234	0.01821	0.01609	0.01442	0.01609	0.01075	0.01485	0.00840	0.01003	0.00673	0.00508	0.00509	0.00149	0.05711	0.00348	0.00227	0.00722
38	0.00735	0.00540	0.00688	0.00651	0.00782	0.00493	0.00488	0.00972	0.01465	0.02046	0.70128	0.04070	0.12750	0.01108	0.00624	0.00168	0.00251	0.00973	0.00572	0.00493
39	0.00769	0.00513	0.00577	0.00577	0.00577	0.00513	0.00320	0.00769	0.00769	0.01025	0.01666	0.03460	0.01922	0.81421	0.02691	0.00513	0.00513	0.00769	0.00320	0.00320
40	0.01291	0.01247	0.02152	0.06932	0.71948	0.01255	0.04159	0.01612	0.01198	0.01708	0.00994	0.01317	0.00830	0.00473	0.00527	0.00159	0.00641	0.00476	0.00261	0.00821
41	0.01050	0.00966	0.01586	0.19339	0.04360	0.01032	0.17458	0.01546	0.14086	0.02905	0.08214	0.13896	0.05189	0.00828	0.00632	0.00185	0.03375	0.02337	0.00386	0.00630
42	0.00715	0.00575	0.00623	0.00606	0.00775	0.00511	0.00455	0.04321	0.01309	0.01647	0.19168	0.09702	0.55168	0.01277	0.00623	0.00178	0.00281	0.01080	0.00510	0.00476
43	0.00998	0.00940	0.01586	0.80150	0.03641	0.01175	0.01468	0.01351	0.01057	0.01351	0.00940	0.01409	0.00705	0.00529	0.00529	0.00176	0.00705	0.00470	0.00235	0.00587
44	0.01597	0.01146	0.01300	0.01085	0.01384	0.01258	0.00891	0.44741	0.03368	0.05788	0.01707	0.05062	0.02769	0.03395	0.03038	0.00209	0.04268	0.12693	0.03555	0.00746
45	0.00643	0.00463	0.00611	0.00729	0.00765	0.00430	0.00488	0.00737	0.01019	0.01352	0.03000	0.78401	0.06116	0.01645	0.00673	0.00213	0.00305	0.01489	0.00491	0.00430
46	0.01226	0.01017	0.01166	0.00845	0.01308	0.00838	0.00680	0.11991	0.01294	0.01951	0.00986	0.01121	0.00800	0.00426	0.00411	0.00090	0.00419	0.00336	0.00344	0.72753
47	0.01737	0.19647	0.07406	0.01238	0.01601	0.47728	0.01045	0.05668	0.04217	0.01459	0.00884	0.01000	0.00728	0.00528	0.00451	0.00134	0.00802	0.00347	0.00283	0.03097
48	0.01187	0.30974	0.51548	0.01292	0.01955	0.01537	0.01578	0.01642	0.01101	0.01520	0.00872	0.01020	0.00673	0.00484	0.00444	0.00148	0.00704	0.00352	0.00224	0.00745
49	0.00907	0.00767	0.01236	0.01090	0.01242	0.00867	0.10582	0.03728	0.00970	0.01376	0.01370	0.02107	0.01281	0.05824	0.52399	0.00638	0.08787	0.04011	0.00296	0.00524
50	0.00740	0.00540	0.00695	0.00656	0.00785	0.00495	0.00492	0.00982	0.01477	0.02073	0.72975	0.04025	0.09886	0.01098	0.00624	0.00167	0.00251	0.00967	0.00576	0.00495
51	0.01242	0.01409	0.03025	0.02175	0.02676	0.01355	0.71469	0.01667	0.01220	0.01667	0.01046	0.01409	0.00795	0.00476	0.00694	0.00182	0.05911	0.00614	0.00265	0.00705
52	0.09779	0.01022	0.01681	0.59044	0.06709	0.01205	0.08856	0.02838	0.01094	0.01546	0.00940	0.01347	0.00711	0.00516	0.00517	0.00174	0.00687	0.00466	0.00255	0.00616
53	0.00755	0.00566	0.00850	0.00850	0.00944	0.00661	0.00661	0.00944	0.00850	0.01227	0.01416	0.02077	0.01322	0.03965	0.79326	0.00850	0.01416	0.00566	0.00283	0.00472
54	0.00644	0.00460	0.00613	0.00736	0.00767	0.00429	0.00491	0.00736	0.01012	0.01350	0.02914	0.81076	0.03497	0.01656	0.00675	0.00215	0.00307	0.01503	0.00491	0.00429
55	0.05285	0.01042	0.01291	0.00997	0.01404	0.01000	0.00823	0.19310	0.03417	0.56917	0.01852	0.01649	0.01196	0.00645	0.00524	0.00163	0.00478	0.00512	0.00611	0.00886
56	0.00653	0.00478	0.00615	0.00718	0.00773	0.00441	0.00494	0.00760	0.01058	0.01389	0.05225	0.66179	0.13190	0.01592	0.00669	0.00210	0.00307	0.04320	0.00493	0.00436
57	0.00998	0.00940	0.01586	0.80150	0.03641	0.01175	0.01468	0.01351	0.01057	0.01351	0.00940	0.01409	0.00705	0.00529	0.00529	0.00176	0.00705	0.00470	0.00235	0.00587
58	0.01951	0.02474	0.01521	0.01429	0.04374	0.76503	0.01043	0.02093	0.01488	0.01309	0.00824	0.00966	0.00687	0.00542	0.00478	0.00137	0.00942	0.00345	0.00272	0.00621
59	0.02372	0.00900	0.01227	0.00941	0.01350	0.00777	0.00777	0.02576	0.01513	0.78489	0.02086	0.01799	0.01309	0.00654	0.00532	0.00164	0.00450	0.00532	0.00654	0.00900
60	0.02294	0.00927	0.01292	0.00991	0.01400	0.00816	0.03434	0.02554	0.04263	0.73004	0.02052	0.01793	0.01302	0.00649	0.00535	0.00165	0.00464	0.00537	0.00636	0.00891
61	0.00731	0.00540	0.00682	0.00647	0.00779	0.00491	0.00485	0.00964	0.01455	0.02022	0.67609	0.04110	0.15284	0.01117	0.00624	0.00168	0.00252	0.00979	0.00569	0.00491
62	0.00731	0.00540	0.00683	0.00647	0.00779	0.00492	0.00485	0.00965	0.01456	0.02025	0.67879	0.04105	0.15012	0.01116	0.00624	0.00168	0.00252	0.00978	0.00569	0.00492
63	0.00643	0.00463	0.00611	0.00729	0.00765	0.00430	0.00487	0.00737	0.01019	0.01352	0.03003	0.78287	0.06227	0.01645	0.00673	0.00213	0.00305	0.01489	0.00491	0.00430
64	0.01189	0.01135	0.01931	0.32779	0.49520	0.01225	0.01563	0.01518	0.01147	0.01583	0.00973	0.01347	0.00786	0.00493	0.00525	0.00164	0.00657	0.00471	0.00251	0.00741

[dist]
# distance from previous block
# <min> <max>
0	0

# created by:
# /st0/software/busco_prod/Augustus/scripts/msa2prfl.pl ./align_prep/197836.fa
