[name]
unknown

[dist]
# distance from previous block
# <min> <max>
25	144

[block]
# block no. 0 follows, 44 sequences, length 65
# corresponding to MSA columns:
# 177-241
name=unknown_A
#
# <colnr> <probs for GDERKNQSTAVLIFYWHMCP>
#	G	D	E	R	K	N	Q	S	T	A	V	L	I	F	Y	W	H	M	C	P
0	0.03168	0.00540	0.00664	0.00691	0.00738	0.00544	0.00454	0.00859	0.00966	0.01351	0.11002	0.24403	0.02681	0.37226	0.11919	0.00438	0.00558	0.00981	0.00406	0.00411
1	0.03251	0.16904	0.12492	0.01032	0.01427	0.05974	0.00960	0.05900	0.13837	0.11002	0.12336	0.01898	0.03280	0.02184	0.00547	0.00164	0.00529	0.00541	0.02849	0.02892
2	0.18398	0.03019	0.05197	0.04183	0.13830	0.14930	0.09364	0.06710	0.01262	0.03570	0.00968	0.01208	0.00777	0.00650	0.02176	0.00185	0.10496	0.00436	0.01942	0.00697
3	0.01445	0.72903	0.04905	0.00959	0.01418	0.05344	0.00952	0.01631	0.01132	0.01304	0.00924	0.01030	0.03202	0.00502	0.00370	0.00121	0.00597	0.00325	0.00244	0.00692
4	0.00753	0.00556	0.00731	0.04340	0.00958	0.00537	0.00566	0.03305	0.01231	0.01661	0.21468	0.51156	0.07776	0.01455	0.00668	0.00203	0.00327	0.01304	0.00519	0.00485
5	0.00789	0.00543	0.00670	0.00670	0.00696	0.00569	0.00424	0.00841	0.00815	0.01113	0.01649	0.03187	0.01817	0.60325	0.23064	0.00621	0.00778	0.00737	0.00320	0.00372
6	0.00688	0.00482	0.00645	0.00763	0.00796	0.00454	0.00515	0.00774	0.01032	0.01374	0.02880	0.71955	0.03432	0.03990	0.00816	0.03612	0.00337	0.04530	0.00490	0.00434
7	0.03364	0.00903	0.00975	0.00830	0.01083	0.00958	0.00659	0.24911	0.05057	0.07259	0.04819	0.04363	0.01465	0.00786	0.02417	0.00168	0.00421	0.00560	0.38320	0.00683
8	0.02037	0.02598	0.01545	0.01404	0.01685	0.78652	0.01053	0.02177	0.01545	0.01334	0.00843	0.00983	0.00702	0.00562	0.00492	0.00140	0.00983	0.00351	0.00281	0.00632
9	0.01609	0.01516	0.01419	0.03147	0.01572	0.17882	0.00981	0.12895	0.36886	0.04426	0.01586	0.01588	0.01210	0.00708	0.00685	0.00178	0.09951	0.00520	0.00454	0.00787
10	0.00684	0.00504	0.00663	0.00763	0.00808	0.00483	0.00521	0.00791	0.01076	0.01437	0.07107	0.69954	0.07612	0.01636	0.00722	0.00217	0.02600	0.01467	0.00503	0.00452
11	0.00677	0.00551	0.00599	0.00592	0.00757	0.00473	0.00442	0.00843	0.01311	0.01648	0.23273	0.07264	0.57021	0.01325	0.00646	0.00182	0.00273	0.01122	0.00530	0.00473
12	0.02037	0.02598	0.01545	0.01404	0.01685	0.78652	0.01053	0.02177	0.01545	0.01334	0.00843	0.00983	0.00702	0.00562	0.00492	0.00140	0.00983	0.00351	0.00281	0.00632
13	0.01261	0.02706	0.00962	0.00833	0.01059	0.00773	0.00639	0.10595	0.05528	0.17076	0.10484	0.24093	0.18104	0.02491	0.00651	0.00192	0.00383	0.00984	0.00547	0.00638
14	0.00779	0.00584	0.00876	0.00876	0.00974	0.00681	0.00681	0.00974	0.00876	0.01266	0.01460	0.02142	0.01363	0.04089	0.78680	0.00876	0.01460	0.00584	0.00292	0.00487
15	0.01386	0.00704	0.00917	0.00795	0.01026	0.00639	0.00614	0.01636	0.03856	0.29516	0.34673	0.08334	0.07306	0.05214	0.00722	0.00194	0.00357	0.00851	0.00600	0.00658
16	0.05677	0.01332	0.06922	0.31625	0.36566	0.05468	0.01545	0.01595	0.01178	0.01643	0.00977	0.01331	0.00777	0.00515	0.00527	0.00169	0.00694	0.00462	0.00261	0.00736
17	0.14568	0.01161	0.01084	0.00989	0.03401	0.11696	0.00749	0.08644	0.12081	0.11468	0.11905	0.02467	0.15955	0.00824	0.00538	0.00170	0.00480	0.00654	0.00485	0.00681
18	0.61641	0.01127	0.00957	0.00820	0.01170	0.04709	0.00671	0.06559	0.01168	0.13760	0.02467	0.01124	0.00818	0.00555	0.00395	0.00167	0.00462	0.00362	0.00404	0.00663
19	0.07567	0.45115	0.02232	0.12288	0.05209	0.10488	0.01032	0.03935	0.01196	0.03103	0.00875	0.01059	0.00741	0.00596	0.02439	0.00157	0.00661	0.00354	0.00270	0.00684
20	0.00841	0.00611	0.00759	0.00815	0.00907	0.00601	0.00577	0.09731	0.01254	0.01667	0.04756	0.63308	0.06667	0.01546	0.00676	0.00212	0.00353	0.03700	0.00513	0.00505
21	0.11227	0.07987	0.06422	0.00941	0.01264	0.00967	0.04820	0.05963	0.02553	0.14826	0.29108	0.04214	0.05866	0.00827	0.00551	0.00168	0.00438	0.00696	0.00497	0.00667
22	0.01857	0.05024	0.03230	0.01198	0.01604	0.03802	0.05007	0.46321	0.02046	0.10512	0.01372	0.01433	0.00997	0.00814	0.04803	0.00197	0.00638	0.00493	0.06248	0.02405
23	0.04311	0.00931	0.01255	0.00964	0.01384	0.00811	0.00796	0.02633	0.01546	0.76108	0.02119	0.01834	0.01332	0.00671	0.00543	0.00169	0.00463	0.00543	0.00667	0.00920
24	0.02917	0.01107	0.01825	0.43118	0.02856	0.01351	0.11614	0.04374	0.01105	0.01523	0.00948	0.01393	0.00759	0.00727	0.02868	0.00213	0.19906	0.00504	0.00261	0.00631
25	0.02611	0.06586	0.04360	0.12147	0.27983	0.11915	0.15484	0.01725	0.03694	0.01628	0.01048	0.02792	0.00869	0.00551	0.00598	0.00169	0.04321	0.00503	0.00279	0.00738
26	0.00725	0.00527	0.00683	0.00710	0.00806	0.00486	0.00511	0.00913	0.01331	0.01830	0.43142	0.32764	0.09495	0.01362	0.00665	0.00192	0.00285	0.02533	0.00557	0.00484
27	0.00793	0.00529	0.00595	0.00595	0.00595	0.00529	0.00330	0.00793	0.00793	0.01057	0.01718	0.03568	0.01982	0.80840	0.02775	0.00529	0.00529	0.00793	0.00330	0.00330
28	0.05575	0.63698	0.11432	0.00997	0.01494	0.01933	0.01035	0.01698	0.01129	0.05573	0.00860	0.00961	0.00729	0.00486	0.00380	0.00129	0.00595	0.00319	0.00262	0.00719
29	0.04378	0.06679	0.58759	0.05921	0.02279	0.05507	0.03906	0.01713	0.01162	0.01698	0.00971	0.01162	0.00709	0.00520	0.00503	0.00168	0.00776	0.00404	0.02023	0.00763
30	0.00869	0.00621	0.00867	0.00993	0.01114	0.00619	0.00862	0.01113	0.01245	0.01621	0.02892	0.09541	0.03159	0.01515	0.00750	0.00250	0.00494	0.70475	0.00502	0.00499
31	0.01194	0.01001	0.01217	0.02226	0.01374	0.00855	0.02861	0.09800	0.01283	0.01909	0.01218	0.09430	0.01110	0.00584	0.00490	0.00113	0.02158	0.00485	0.00363	0.60331
32	0.04274	0.13425	0.31563	0.01331	0.01822	0.03816	0.09356	0.05705	0.01186	0.01664	0.01197	0.08439	0.01090	0.07583	0.00782	0.00203	0.05030	0.00552	0.00293	0.00691
33	0.01086	0.01027	0.01737	0.66061	0.16782	0.01226	0.01542	0.01442	0.01117	0.01462	0.00979	0.01435	0.00751	0.00535	0.00544	0.00178	0.00713	0.00485	0.00247	0.00651
34	0.02037	0.02598	0.01545	0.01404	0.01685	0.78652	0.01053	0.02177	0.01545	0.01334	0.00843	0.00983	0.00702	0.00562	0.00492	0.00140	0.00983	0.00351	0.00281	0.00632
35	0.03178	0.00964	0.01118	0.00956	0.01237	0.00991	0.00752	0.24318	0.06746	0.16968	0.06644	0.20174	0.02010	0.00943	0.00571	0.00177	0.00438	0.02155	0.07118	0.02541
36	0.00768	0.00557	0.00723	0.00682	0.00812	0.00513	0.00511	0.01021	0.01534	0.02163	0.74861	0.04110	0.07449	0.01123	0.00643	0.00172	0.00258	0.00991	0.00597	0.00513
37	0.01770	0.01377	0.01466	0.01193	0.01575	0.01549	0.00963	0.44920	0.33757	0.02948	0.01693	0.01615	0.01238	0.00690	0.00549	0.00173	0.00529	0.00544	0.00549	0.00900
38	0.00947	0.00473	0.00710	0.00710	0.00710	0.00473	0.00473	0.00710	0.00710	0.00947	0.00947	0.01657	0.00947	0.01894	0.02131	0.84138	0.00473	0.00473	0.00237	0.00237
39	0.02004	0.01113	0.01316	0.01066	0.01451	0.01144	0.00862	0.15028	0.27798	0.38999	0.02033	0.01826	0.01388	0.00694	0.00550	0.00173	0.00476	0.00562	0.00611	0.00905
40	0.01074	0.00564	0.00570	0.00549	0.00693	0.00572	0.00417	0.05316	0.01221	0.02109	0.01753	0.01993	0.01372	0.00636	0.00390	0.00129	0.00273	0.00507	0.79333	0.00531
41	0.00673	0.00490	0.00635	0.00733	0.00788	0.00452	0.00498	0.00788	0.01112	0.01479	0.10697	0.65806	0.10602	0.01618	0.00686	0.00213	0.00307	0.01456	0.00516	0.00452
42	0.00683	0.00554	0.00608	0.00602	0.00767	0.00478	0.00453	0.00854	0.01317	0.01660	0.23934	0.06494	0.55267	0.01322	0.00648	0.00183	0.00278	0.02894	0.00530	0.00475
43	0.01949	0.01425	0.01537	0.01211	0.01621	0.01578	0.00990	0.57414	0.17182	0.07048	0.01533	0.01481	0.01095	0.00672	0.00547	0.00168	0.00559	0.00519	0.00554	0.00914
44	0.84691	0.01054	0.00801	0.00717	0.01054	0.01223	0.00590	0.01603	0.00928	0.02446	0.00759	0.00886	0.00590	0.00506	0.00337	0.00169	0.00422	0.00295	0.00337	0.00590
45	0.00842	0.00678	0.00998	0.00961	0.01044	0.00833	0.00760	0.01025	0.00870	0.01273	0.01346	0.01996	0.01264	0.03608	0.66875	0.00778	0.13495	0.00568	0.00284	0.00504
46	0.01699	0.01215	0.01257	0.01052	0.01373	0.09013	0.00834	0.19282	0.19498	0.18553	0.18011	0.02160	0.02078	0.00769	0.00564	0.00169	0.00496	0.00625	0.00560	0.00793
47	0.01124	0.01168	0.02181	0.24942	0.02651	0.02538	0.33418	0.01460	0.01149	0.01536	0.01287	0.12684	0.01179	0.00719	0.00744	0.00194	0.09390	0.00702	0.00295	0.00638
48	0.01744	0.01968	0.01685	0.01513	0.05668	0.43764	0.09140	0.12350	0.01553	0.01698	0.01089	0.04823	0.00939	0.00892	0.06530	0.00212	0.02942	0.00486	0.00327	0.00677
49	0.62186	0.02847	0.04223	0.04218	0.03755	0.01230	0.00770	0.01607	0.00990	0.05553	0.00991	0.01130	0.03004	0.00566	0.00462	0.00173	0.04972	0.00362	0.00339	0.00623
50	0.00872	0.00851	0.07928	0.04607	0.02648	0.00710	0.03022	0.01158	0.03491	0.01591	0.05890	0.20261	0.07230	0.05347	0.00789	0.00236	0.00491	0.31891	0.00453	0.00536
51	0.01280	0.01048	0.01241	0.00953	0.01345	0.00975	0.00767	0.08404	0.07419	0.04786	0.01176	0.03546	0.00979	0.00568	0.00609	0.00123	0.09923	0.00425	0.00371	0.54059
52	0.01358	0.28719	0.19299	0.07354	0.08149	0.13452	0.01291	0.01659	0.01179	0.01462	0.02616	0.01193	0.00851	0.00734	0.04775	0.00190	0.04368	0.00397	0.00255	0.00699
53	0.01172	0.08302	0.64530	0.01646	0.08542	0.01322	0.01880	0.01736	0.01165	0.03413	0.00993	0.01164	0.00721	0.00515	0.00508	0.00168	0.00769	0.00405	0.00244	0.00806
54	0.02401	0.00918	0.01251	0.00962	0.01376	0.00794	0.00794	0.02613	0.01560	0.75776	0.04175	0.01915	0.01452	0.00687	0.00551	0.00169	0.00458	0.00560	0.00673	0.00917
55	0.00902	0.00508	0.00550	0.00568	0.00658	0.00499	0.00394	0.01066	0.01058	0.01700	0.02127	0.13892	0.05940	0.15652	0.00930	0.02485	0.00321	0.00746	0.49547	0.00456
56	0.13855	0.01104	0.07669	0.13908	0.03219	0.01057	0.02911	0.06392	0.04938	0.11684	0.11506	0.05964	0.01629	0.00929	0.05163	0.00218	0.04500	0.00594	0.00414	0.02348
57	0.00834	0.00593	0.00773	0.02189	0.00918	0.00594	0.00582	0.01014	0.02915	0.04452	0.20955	0.35297	0.06593	0.09916	0.00953	0.00240	0.04480	0.05714	0.00499	0.00492
58	0.00813	0.00550	0.00630	0.00635	0.00652	0.00551	0.00374	0.02958	0.00877	0.01170	0.01876	0.13666	0.02166	0.68058	0.02435	0.00477	0.00503	0.00884	0.00360	0.00363
59	0.03101	0.01124	0.01914	0.43953	0.28142	0.01257	0.07042	0.01567	0.03616	0.01602	0.01034	0.01426	0.00807	0.00524	0.00546	0.00175	0.00698	0.00497	0.00266	0.00709
60	0.10834	0.10056	0.15447	0.11212	0.03601	0.05396	0.02734	0.14278	0.01424	0.11390	0.01259	0.05603	0.00992	0.00626	0.00499	0.00165	0.00618	0.00492	0.02629	0.00743
61	0.00872	0.00623	0.00870	0.00985	0.01111	0.00621	0.00857	0.01124	0.01272	0.01664	0.07292	0.06026	0.03257	0.01483	0.00746	0.00246	0.00487	0.69452	0.00508	0.00503
62	0.00715	0.00552	0.00654	0.00659	0.00791	0.00502	0.00481	0.00915	0.02768	0.01720	0.30974	0.18223	0.32467	0.03190	0.02719	0.00212	0.00316	0.01129	0.00532	0.00483
63	0.03192	0.01120	0.01471	0.27137	0.09051	0.01267	0.01129	0.26822	0.05033	0.02232	0.01317	0.04882	0.01059	0.02238	0.00605	0.01724	0.00588	0.00542	0.07867	0.00723
64	0.04195	0.07843	0.32896	0.01268	0.01819	0.04731	0.02580	0.10962	0.06115	0.15063	0.02954	0.01505	0.01058	0.00609	0.00516	0.00167	0.00649	0.02046	0.02220	0.00802

[dist]
# distance from previous block
# <min> <max>
0	3

[block]
# block no. 1 follows, 44 sequences, length 18
# corresponding to MSA columns:
# 245-262
name=unknown_B
#
# <colnr> <probs for GDERKNQSTAVLIFYWHMCP>
#	G	D	E	R	K	N	Q	S	T	A	V	L	I	F	Y	W	H	M	C	P
0	0.76388	0.01078	0.02626	0.00740	0.01076	0.01197	0.00621	0.03235	0.00972	0.02403	0.00829	0.01005	0.00659	0.02703	0.00414	0.00177	0.00433	0.00321	0.02528	0.00594
1	0.00856	0.00583	0.00679	0.00671	0.00759	0.00582	0.00459	0.04897	0.01108	0.01551	0.10557	0.13397	0.10495	0.30734	0.08517	0.00369	0.00495	0.00877	0.11966	0.00450
2	0.00911	0.00856	0.07633	0.15247	0.01506	0.00737	0.00831	0.02823	0.01168	0.03098	0.12305	0.16220	0.10328	0.11405	0.00940	0.03182	0.00477	0.04896	0.02027	0.03409
3	0.01226	0.01018	0.01173	0.00859	0.01321	0.00831	0.00687	0.10172	0.01298	0.01960	0.01082	0.03992	0.00922	0.00480	0.00431	0.00096	0.00424	0.00387	0.00356	0.71285
4	0.01746	0.01953	0.01407	0.01264	0.01558	0.43849	0.00964	0.06091	0.28963	0.01815	0.04002	0.01490	0.01218	0.00651	0.00523	0.00159	0.00737	0.00477	0.00405	0.00727
5	0.01341	0.01298	0.04426	0.08787	0.05400	0.02961	0.10747	0.14311	0.01315	0.01866	0.03044	0.01374	0.00922	0.00704	0.00990	0.00187	0.29231	0.00499	0.02914	0.07684
6	0.00784	0.00563	0.00769	0.00769	0.00829	0.00623	0.00547	0.00904	0.00844	0.01186	0.01559	0.02686	0.01599	0.33409	0.49683	0.00743	0.01104	0.00664	0.00307	0.00427
7	0.02036	0.00997	0.01238	0.01007	0.01383	0.00976	0.00813	0.02687	0.26288	0.50602	0.04429	0.01981	0.01568	0.00709	0.00553	0.00174	0.00447	0.00584	0.00633	0.00894
8	0.00792	0.00526	0.00581	0.00588	0.00630	0.00512	0.00358	0.00845	0.00909	0.01247	0.02314	0.08015	0.12209	0.56140	0.02086	0.00417	0.00450	0.00851	0.10154	0.00375
9	0.74816	0.01016	0.00823	0.00729	0.01059	0.01155	0.00598	0.01627	0.01002	0.06718	0.05569	0.01138	0.00916	0.00553	0.00368	0.00169	0.00414	0.00352	0.00373	0.00605
10	0.05546	0.01405	0.01504	0.01173	0.01585	0.01542	0.00964	0.60415	0.06729	0.07560	0.01584	0.01549	0.04534	0.00688	0.00542	0.00166	0.00559	0.00524	0.00543	0.00887
11	0.01445	0.00745	0.00964	0.00825	0.01078	0.00687	0.00647	0.01780	0.07613	0.30762	0.38040	0.05151	0.06067	0.00943	0.00601	0.00173	0.00352	0.00811	0.00619	0.00695
12	0.00663	0.00479	0.00628	0.00746	0.00787	0.00444	0.00500	0.00761	0.01056	0.01397	0.03162	0.75776	0.08212	0.01688	0.00693	0.00219	0.00314	0.01525	0.00506	0.00444
13	0.01075	0.01039	0.01826	0.67122	0.08410	0.01233	0.08709	0.01445	0.01119	0.01452	0.00986	0.01448	0.00745	0.00533	0.00554	0.00181	0.00740	0.00500	0.00247	0.00635
14	0.06705	0.00967	0.01261	0.00972	0.01390	0.00871	0.00803	0.06514	0.01581	0.69908	0.02033	0.01776	0.01287	0.00665	0.00537	0.00168	0.00469	0.00532	0.00650	0.00910
15	0.01016	0.00508	0.00508	0.00508	0.00635	0.00508	0.00381	0.01270	0.01143	0.02033	0.01778	0.02033	0.01397	0.00635	0.00381	0.00127	0.00254	0.00508	0.83867	0.00508
16	0.01237	0.01444	0.06471	0.02121	0.02637	0.01298	0.64917	0.01661	0.01234	0.01686	0.01109	0.01499	0.00854	0.00713	0.04762	0.03837	0.00923	0.00622	0.00273	0.00704
17	0.08895	0.27860	0.30569	0.02886	0.03145	0.01489	0.02645	0.03770	0.01198	0.05656	0.03746	0.01337	0.03541	0.00562	0.00461	0.00154	0.00635	0.00420	0.00297	0.00735

[dist]
# distance from previous block
# <min> <max>
0	6

[block]
# block no. 2 follows, 44 sequences, length 14
# corresponding to MSA columns:
# 269-282
name=unknown_C
#
# <colnr> <probs for GDERKNQSTAVLIFYWHMCP>
#	G	D	E	R	K	N	Q	S	T	A	V	L	I	F	Y	W	H	M	C	P
0	0.00797	0.00608	0.00793	0.04416	0.04837	0.00592	0.00611	0.04467	0.01173	0.01553	0.06004	0.48615	0.15267	0.04972	0.00749	0.00217	0.00364	0.01253	0.02214	0.00497
1	0.13304	0.01175	0.03734	0.12140	0.24344	0.02554	0.09375	0.06130	0.01246	0.03442	0.04262	0.09969	0.01289	0.02024	0.00611	0.00183	0.02565	0.00612	0.00340	0.00701
2	0.00774	0.00548	0.00675	0.00712	0.00752	0.00538	0.00467	0.00839	0.00933	0.01256	0.02224	0.32189	0.02589	0.40843	0.01744	0.00370	0.02322	0.06102	0.00405	0.03717
3	0.70168	0.01053	0.00896	0.00772	0.01125	0.01180	0.00636	0.04402	0.01075	0.13079	0.00974	0.01037	0.00709	0.00535	0.00374	0.00169	0.00434	0.00338	0.00392	0.00650
4	0.01021	0.00801	0.01125	0.16919	0.05325	0.00866	0.00972	0.03262	0.10558	0.03426	0.07691	0.13454	0.02470	0.01125	0.00651	0.00211	0.00506	0.28561	0.00458	0.00599
5	0.01276	0.01547	0.07452	0.02256	0.02822	0.01372	0.71301	0.01745	0.01279	0.01745	0.01096	0.01452	0.00819	0.00463	0.00636	0.00183	0.00913	0.00630	0.00273	0.00739
6	0.00692	0.00550	0.00620	0.00611	0.00767	0.00479	0.00455	0.00871	0.01342	0.01728	0.31406	0.08638	0.47311	0.01301	0.00646	0.00181	0.00271	0.01111	0.00540	0.00479
7	0.01193	0.01193	0.01670	0.01431	0.01431	0.01670	0.01193	0.01312	0.00835	0.01312	0.00716	0.01193	0.00716	0.00954	0.01789	0.00239	0.79843	0.00477	0.00239	0.00596
8	0.72035	0.01016	0.00839	0.00735	0.01072	0.01145	0.00604	0.01702	0.01006	0.10606	0.00956	0.01042	0.00709	0.00530	0.00362	0.00167	0.00419	0.00332	0.04099	0.00623
9	0.00689	0.00490	0.00652	0.00773	0.00812	0.00463	0.00531	0.00793	0.01051	0.01398	0.02936	0.70506	0.03492	0.05258	0.00795	0.00238	0.00342	0.07841	0.00498	0.00443
10	0.00728	0.00551	0.00677	0.00695	0.00825	0.00500	0.00526	0.00921	0.01333	0.01768	0.33804	0.17260	0.26883	0.01342	0.00666	0.00193	0.00303	0.09998	0.00544	0.00484
11	0.01582	0.01063	0.01207	0.01016	0.01288	0.01130	0.00799	0.38610	0.01823	0.09148	0.01780	0.12983	0.01646	0.11539	0.00945	0.04004	0.00519	0.06036	0.02172	0.00711
12	0.07121	0.01279	0.02115	0.03164	0.72150	0.01290	0.01598	0.01668	0.01220	0.01827	0.01007	0.01317	0.00845	0.00487	0.00526	0.00162	0.00632	0.00473	0.00275	0.00845
13	0.01484	0.01179	0.01274	0.01107	0.01415	0.01323	0.00872	0.26221	0.40270	0.02520	0.02046	0.12306	0.01724	0.00862	0.00576	0.00185	0.00473	0.02800	0.00544	0.00818

[dist]
# distance from previous block
# <min> <max>
0	1

[block]
# block no. 3 follows, 44 sequences, length 18
# corresponding to MSA columns:
# 284-301
name=unknown_D
#
# <colnr> <probs for GDERKNQSTAVLIFYWHMCP>
#	G	D	E	R	K	N	Q	S	T	A	V	L	I	F	Y	W	H	M	C	P
0	0.00988	0.00885	0.01158	0.02785	0.01206	0.06488	0.03190	0.01140	0.00919	0.01269	0.01225	0.01883	0.01164	0.07563	0.43931	0.04998	0.17871	0.00551	0.00278	0.00508
1	0.03049	0.03205	0.08101	0.01032	0.01417	0.01014	0.00907	0.13560	0.07200	0.36101	0.06365	0.04004	0.01634	0.04958	0.00675	0.00193	0.00505	0.04717	0.00553	0.00810
2	0.02662	0.01104	0.01208	0.01032	0.01249	0.06295	0.03047	0.26227	0.03363	0.02163	0.07606	0.13078	0.01817	0.14028	0.01031	0.00236	0.07143	0.00724	0.05340	0.00643
3	0.06267	0.56647	0.02413	0.01041	0.01442	0.18231	0.00950	0.01732	0.01178	0.01360	0.00774	0.00912	0.00695	0.00510	0.00440	0.00130	0.04041	0.00312	0.00249	0.00675
4	0.05410	0.01104	0.10630	0.00956	0.01253	0.03491	0.00852	0.03561	0.13930	0.09121	0.28900	0.03080	0.06753	0.00926	0.00591	0.00180	0.00440	0.07647	0.00513	0.00662
5	0.00857	0.00650	0.00802	0.00766	0.00913	0.00647	0.00572	0.01310	0.14059	0.02105	0.55558	0.13019	0.04373	0.01124	0.00635	0.00180	0.00294	0.00992	0.00581	0.00564
6	0.00819	0.00558	0.00736	0.00719	0.00841	0.00515	0.00534	0.01044	0.01444	0.04906	0.58500	0.18092	0.04658	0.01218	0.00652	0.00183	0.00283	0.03197	0.00583	0.00517
7	0.01621	0.01078	0.01121	0.00923	0.01215	0.03504	0.00740	0.36495	0.01848	0.07099	0.01584	0.03859	0.01213	0.00675	0.00481	0.00150	0.00454	0.00527	0.34681	0.00733
8	0.02037	0.02598	0.01545	0.01404	0.01685	0.78652	0.01053	0.02177	0.01545	0.01334	0.00843	0.00983	0.00702	0.00562	0.00492	0.00140	0.00983	0.00351	0.00281	0.00632
9	0.04837	0.00722	0.00914	0.00788	0.01015	0.00679	0.00617	0.05476	0.01576	0.20989	0.51237	0.03239	0.03783	0.00955	0.00601	0.00170	0.00334	0.00821	0.00604	0.00642
10	0.00687	0.00491	0.00657	0.00773	0.00818	0.00461	0.00535	0.00803	0.01089	0.01456	0.07343	0.70377	0.03661	0.01658	0.00697	0.00221	0.00327	0.06984	0.00511	0.00451
11	0.00722	0.00575	0.00660	0.00695	0.00859	0.00513	0.00559	0.00900	0.01263	0.01561	0.08777	0.05451	0.50954	0.01403	0.00677	0.00203	0.00343	0.22899	0.00510	0.00476
12	0.06353	0.01424	0.01531	0.01192	0.01606	0.01571	0.00982	0.62740	0.04860	0.07043	0.01359	0.01371	0.00972	0.00781	0.03500	0.00192	0.00611	0.00491	0.00532	0.00891
13	0.00865	0.00618	0.00863	0.00989	0.01109	0.00616	0.00855	0.01107	0.01242	0.01617	0.02894	0.10746	0.03167	0.01519	0.00749	0.00249	0.00491	0.69304	0.00502	0.00498
14	0.00779	0.00584	0.00876	0.00876	0.00974	0.00681	0.00681	0.00974	0.00876	0.01266	0.01460	0.02142	0.01363	0.04089	0.78680	0.00876	0.01460	0.00584	0.00292	0.00487
15	0.63823	0.01044	0.00885	0.00777	0.01089	0.02636	0.00627	0.06429	0.01073	0.06299	0.02470	0.01104	0.00782	0.00668	0.00539	0.07995	0.00448	0.00353	0.00364	0.00596
16	0.14746	0.01508	0.01489	0.08240	0.08770	0.15622	0.01046	0.29696	0.01737	0.02401	0.05573	0.01359	0.01052	0.00628	0.00558	0.00165	0.03795	0.00462	0.00403	0.00748
17	0.01100	0.00575	0.00596	0.00570	0.00716	0.00581	0.00428	0.03501	0.03488	0.04919	0.01789	0.02084	0.01420	0.04751	0.00520	0.00152	0.00292	0.00527	0.71453	0.00538

[dist]
# distance from previous block
# <min> <max>
1	5

[block]
# block no. 4 follows, 44 sequences, length 14
# corresponding to MSA columns:
# 307-320
name=unknown_E
#
# <colnr> <probs for GDERKNQSTAVLIFYWHMCP>
#	G	D	E	R	K	N	Q	S	T	A	V	L	I	F	Y	W	H	M	C	P
0	0.03316	0.01330	0.01464	0.01170	0.01545	0.05705	0.04353	0.41538	0.05510	0.05222	0.01551	0.07677	0.02454	0.00822	0.02512	0.00181	0.00591	0.02920	0.00484	0.09655
1	0.11198	0.00816	0.00950	0.00890	0.04493	0.00765	0.00647	0.01484	0.07562	0.12241	0.09256	0.11181	0.16289	0.00932	0.00593	0.02972	0.00382	0.00743	0.00468	0.16138
2	0.09923	0.41120	0.05846	0.04442	0.01400	0.03659	0.00878	0.03117	0.01159	0.05611	0.02623	0.03498	0.09144	0.02690	0.00537	0.02368	0.00541	0.00477	0.00320	0.00649
3	0.01041	0.23456	0.01543	0.03324	0.01252	0.01135	0.04022	0.03188	0.01053	0.01418	0.01431	0.12188	0.01405	0.02122	0.32358	0.00446	0.00905	0.00616	0.03728	0.03368
4	0.02222	0.00920	0.01225	0.00950	0.01345	0.00812	0.00779	0.05835	0.01592	0.64534	0.09553	0.02029	0.01692	0.00709	0.00553	0.00166	0.00448	0.00582	0.00651	0.03403
5	0.01034	0.04501	0.01602	0.24137	0.04142	0.01000	0.14857	0.03350	0.01086	0.01437	0.01413	0.15409	0.01385	0.05040	0.05396	0.11963	0.00676	0.00711	0.00310	0.00550
6	0.03112	0.01195	0.05101	0.49863	0.06487	0.06343	0.06478	0.03516	0.01176	0.01557	0.01073	0.03814	0.00859	0.00588	0.00567	0.00177	0.02555	0.00512	0.04391	0.00636
7	0.01062	0.00619	0.00806	0.00732	0.00912	0.00558	0.00558	0.01289	0.01488	0.15979	0.52355	0.08844	0.10459	0.01096	0.00629	0.00175	0.00301	0.00957	0.00600	0.00581
8	0.00793	0.00529	0.00595	0.00595	0.00595	0.00529	0.00330	0.00793	0.00793	0.01057	0.01718	0.03568	0.01982	0.80840	0.02775	0.00529	0.00529	0.00793	0.00330	0.00330
9	0.05223	0.45142	0.15277	0.01140	0.01613	0.05208	0.06038	0.01668	0.01138	0.03273	0.00911	0.01071	0.00758	0.00518	0.00476	0.00142	0.04284	0.00364	0.05054	0.00702
10	0.12944	0.11940	0.34579	0.06484	0.01984	0.01393	0.04304	0.07445	0.08312	0.01913	0.01066	0.01220	0.00802	0.00577	0.00526	0.02379	0.00663	0.00417	0.00303	0.00746
11	0.00923	0.00738	0.00819	0.03376	0.01066	0.00732	0.00624	0.03864	0.16160	0.03778	0.05755	0.05746	0.44303	0.01196	0.00630	0.00191	0.00362	0.08646	0.00515	0.00578
12	0.03575	0.01497	0.19028	0.03475	0.09146	0.05405	0.06631	0.01606	0.01186	0.08223	0.01232	0.06804	0.01033	0.00636	0.00583	0.02842	0.02192	0.00503	0.02447	0.21955
13	0.03830	0.00926	0.02892	0.00925	0.03563	0.07671	0.00690	0.01289	0.04253	0.05079	0.26343	0.08503	0.14438	0.06960	0.02178	0.00214	0.05713	0.00830	0.00465	0.03238

[dist]
# distance from previous block
# <min> <max>
0	1

[block]
# block no. 5 follows, 44 sequences, length 17
# corresponding to MSA columns:
# 322-338
name=unknown_F
#
# <colnr> <probs for GDERKNQSTAVLIFYWHMCP>
#	G	D	E	R	K	N	Q	S	T	A	V	L	I	F	Y	W	H	M	C	P
0	0.01152	0.01092	0.01821	0.34322	0.40076	0.01183	0.01491	0.01475	0.01179	0.01593	0.01422	0.01755	0.07928	0.00594	0.00552	0.00172	0.00645	0.00547	0.00281	0.00720
1	0.01733	0.16313	0.01740	0.01267	0.01548	0.45483	0.01011	0.04094	0.05732	0.01444	0.01097	0.01234	0.03897	0.00640	0.00638	0.00153	0.10613	0.00408	0.00300	0.00655
2	0.01382	0.00979	0.01113	0.00982	0.01219	0.01032	0.00752	0.35176	0.01760	0.05249	0.02238	0.36286	0.04692	0.03602	0.00683	0.00201	0.00457	0.00989	0.00525	0.00681
3	0.00814	0.00671	0.03829	0.00675	0.00879	0.00536	0.00550	0.01017	0.01348	0.06123	0.26585	0.04564	0.45179	0.01229	0.00637	0.00181	0.00312	0.03817	0.00533	0.00519
4	0.01796	0.01381	0.01483	0.01174	0.01581	0.01512	0.00954	0.49506	0.21930	0.02976	0.01517	0.01484	0.01110	0.00654	0.00535	0.00162	0.00537	0.00508	0.00527	0.08673
5	0.00946	0.00478	0.00681	0.00686	0.00703	0.00477	0.00463	0.00785	0.00778	0.01104	0.01129	0.04567	0.01102	0.01724	0.01852	0.70204	0.00439	0.00517	0.11085	0.00279
6	0.02037	0.02598	0.01545	0.01404	0.01685	0.78652	0.01053	0.02177	0.01545	0.01334	0.00843	0.00983	0.00702	0.00562	0.00492	0.00140	0.00983	0.00351	0.00281	0.00632
7	0.01938	0.01282	0.01428	0.01120	0.01507	0.01373	0.00916	0.49944	0.06242	0.15638	0.08588	0.01722	0.01447	0.00705	0.00550	0.00165	0.00524	0.00554	0.03488	0.00871
8	0.00698	0.00552	0.00634	0.00664	0.00811	0.00489	0.00507	0.00862	0.01257	0.01581	0.14544	0.16062	0.46289	0.01409	0.00667	0.00197	0.00311	0.11476	0.00518	0.00471
9	0.00690	0.00567	0.00616	0.00640	0.00813	0.00493	0.00505	0.00850	0.01245	0.01504	0.05008	0.05423	0.62755	0.01405	0.00666	0.00197	0.00320	0.15328	0.00505	0.00468
10	0.02072	0.01527	0.01636	0.01254	0.01691	0.01691	0.01036	0.75622	0.02563	0.03436	0.01309	0.01309	0.00927	0.00654	0.00545	0.00164	0.00600	0.00491	0.00545	0.00927
11	0.00749	0.00556	0.00697	0.00662	0.00800	0.00505	0.00496	0.00984	0.01489	0.02058	0.64253	0.04284	0.18123	0.01162	0.00643	0.00174	0.00261	0.01016	0.00583	0.00505
12	0.00990	0.00687	0.00997	0.00941	0.01058	0.00806	0.00745	0.01179	0.00943	0.08431	0.01445	0.01999	0.01285	0.03299	0.60014	0.00713	0.10689	0.00566	0.02672	0.00542
13	0.02016	0.01247	0.01395	0.01086	0.01476	0.01320	0.00891	0.48295	0.02133	0.20757	0.01571	0.01536	0.01091	0.00657	0.00524	0.00160	0.00521	0.00507	0.11948	0.00870
14	0.03474	0.01290	0.02344	0.23487	0.17345	0.03996	0.31916	0.01604	0.01203	0.01637	0.01079	0.03775	0.00876	0.00545	0.00618	0.00180	0.03081	0.00572	0.00273	0.00704
15	0.04683	0.01108	0.01724	0.43417	0.18643	0.01261	0.03618	0.06702	0.07027	0.04888	0.01144	0.01460	0.00864	0.00556	0.00539	0.00176	0.00661	0.00495	0.00315	0.00718
16	0.71606	0.07104	0.01041	0.00837	0.03288	0.01320	0.00671	0.05605	0.01039	0.02393	0.00796	0.00921	0.00625	0.00511	0.00355	0.00164	0.00450	0.00311	0.00339	0.00625

[dist]
# distance from previous block
# <min> <max>
0	1

[block]
# block no. 6 follows, 44 sequences, length 14
# corresponding to MSA columns:
# 340-353
name=unknown_G
#
# <colnr> <probs for GDERKNQSTAVLIFYWHMCP>
#	G	D	E	R	K	N	Q	S	T	A	V	L	I	F	Y	W	H	M	C	P
0	0.01632	0.00922	0.01266	0.01022	0.01358	0.00870	0.06133	0.05740	0.09408	0.32186	0.11208	0.07494	0.01898	0.01047	0.07028	0.00225	0.00541	0.00664	0.00540	0.08817
1	0.10554	0.04193	0.00939	0.07987	0.03856	0.00767	0.00653	0.01200	0.01238	0.05649	0.24693	0.03253	0.16567	0.09911	0.00810	0.00212	0.00398	0.02717	0.03860	0.00542
2	0.04856	0.03870	0.01488	0.01193	0.04189	0.01461	0.00938	0.52399	0.03881	0.04921	0.01394	0.03370	0.01080	0.03533	0.03770	0.00203	0.00592	0.00522	0.05509	0.00829
3	0.01953	0.00900	0.01159	0.00952	0.01295	0.00845	0.00762	0.02396	0.14910	0.51183	0.08978	0.08593	0.01934	0.00811	0.00570	0.00176	0.00427	0.00683	0.00633	0.00839
4	0.00779	0.00534	0.00609	0.00608	0.00632	0.00530	0.00360	0.00808	0.00856	0.01135	0.04253	0.03650	0.08270	0.68079	0.06320	0.00507	0.00546	0.00818	0.00351	0.00354
5	0.02871	0.07269	0.35642	0.03739	0.18278	0.04120	0.07864	0.01851	0.09853	0.01766	0.01118	0.01300	0.00851	0.00530	0.00523	0.00168	0.00721	0.00456	0.00284	0.00797
6	0.00694	0.00509	0.00658	0.00760	0.00826	0.00478	0.00540	0.00815	0.01085	0.01420	0.03259	0.56679	0.13699	0.03469	0.03514	0.00250	0.00378	0.10024	0.00494	0.00451
7	0.00837	0.00566	0.00640	0.00632	0.00652	0.00570	0.00371	0.03844	0.00882	0.01176	0.01786	0.08554	0.02046	0.72344	0.02547	0.00493	0.00517	0.00830	0.00351	0.00362
8	0.01885	0.01365	0.01523	0.04716	0.01695	0.01506	0.01016	0.58002	0.05683	0.06544	0.01486	0.01730	0.01136	0.00829	0.03220	0.00196	0.00614	0.05461	0.00527	0.00866
9	0.05370	0.14613	0.11552	0.13916	0.06079	0.01417	0.01174	0.19576	0.03978	0.09371	0.01231	0.02667	0.00950	0.01939	0.03705	0.00197	0.00649	0.00472	0.00378	0.00766
10	0.00879	0.00628	0.00879	0.01004	0.01130	0.00628	0.00879	0.01130	0.01255	0.01632	0.02887	0.06150	0.03138	0.01506	0.00753	0.00251	0.00502	0.73770	0.00502	0.00502
11	0.01249	0.01384	0.02936	0.05438	0.08951	0.01317	0.62488	0.01675	0.01262	0.01717	0.01189	0.05536	0.00969	0.00530	0.00634	0.00184	0.00858	0.00671	0.00286	0.00726
12	0.01164	0.01035	0.01629	0.21142	0.26732	0.01153	0.03051	0.04105	0.03901	0.01701	0.03478	0.03523	0.01197	0.00901	0.06021	0.00226	0.07901	0.03277	0.07173	0.00687
13	0.09783	0.25831	0.34154	0.01262	0.04175	0.01475	0.03121	0.01649	0.03773	0.01634	0.01000	0.01286	0.00833	0.07153	0.00641	0.00185	0.00661	0.00407	0.00264	0.00715

[dist]
# distance from previous block
# <min> <max>
0	7

[block]
# block no. 7 follows, 44 sequences, length 18
# corresponding to MSA columns:
# 361-378
name=unknown_H
#
# <colnr> <probs for GDERKNQSTAVLIFYWHMCP>
#	G	D	E	R	K	N	Q	S	T	A	V	L	I	F	Y	W	H	M	C	P
0	0.20035	0.12138	0.06734	0.01053	0.01439	0.06497	0.04145	0.18852	0.07840	0.02256	0.03228	0.01562	0.06083	0.00638	0.00472	0.00160	0.00548	0.00479	0.05127	0.00715
1	0.01065	0.00755	0.00871	0.00822	0.00965	0.00772	0.00595	0.17368	0.01333	0.01813	0.02149	0.25972	0.03711	0.24792	0.01254	0.00291	0.00455	0.06449	0.05062	0.03506
2	0.06043	0.01372	0.11012	0.26912	0.30258	0.03541	0.05015	0.01591	0.01182	0.03219	0.01182	0.01488	0.03741	0.00549	0.00535	0.00171	0.00684	0.00495	0.00278	0.00732
3	0.01111	0.00944	0.01100	0.00795	0.01252	0.00715	0.00628	0.01339	0.01111	0.01735	0.01012	0.01271	0.00875	0.05049	0.00541	0.00107	0.00411	0.00350	0.00323	0.79331
4	0.01799	0.04426	0.01488	0.01285	0.01590	0.46682	0.00987	0.06637	0.26043	0.01763	0.01316	0.01342	0.01029	0.00622	0.00511	0.00156	0.00769	0.00444	0.00384	0.00726
5	0.01160	0.02645	0.69392	0.01588	0.02359	0.01257	0.07526	0.01764	0.01177	0.04665	0.01033	0.01202	0.00726	0.00520	0.00529	0.00173	0.00801	0.00427	0.00251	0.00805
6	0.00928	0.00691	0.00972	0.00922	0.01020	0.00815	0.00715	0.03703	0.00944	0.03833	0.01424	0.02163	0.01347	0.12472	0.55815	0.00715	0.10107	0.00592	0.00312	0.00511
7	0.01356	0.01171	0.01233	0.01109	0.01418	0.01356	0.00863	0.02897	0.76455	0.02281	0.02219	0.02034	0.01664	0.00740	0.00555	0.00185	0.00431	0.00616	0.00555	0.00863
8	0.00787	0.00530	0.00615	0.00620	0.00627	0.00536	0.00360	0.00804	0.00807	0.01083	0.01746	0.06224	0.01998	0.72793	0.07858	0.00541	0.00584	0.00806	0.00334	0.00345
9	0.66042	0.01013	0.00846	0.00750	0.01076	0.01148	0.00611	0.01754	0.06707	0.07995	0.01049	0.01130	0.00788	0.00546	0.00373	0.00167	0.00413	0.00354	0.06608	0.00630
10	0.02031	0.01507	0.01613	0.01246	0.01675	0.01672	0.01026	0.71463	0.06789	0.03370	0.01361	0.01350	0.00969	0.00659	0.00546	0.00165	0.00590	0.00498	0.00546	0.00923
11	0.00664	0.00474	0.00633	0.00759	0.00791	0.00443	0.00506	0.00759	0.01044	0.01392	0.03005	0.80485	0.03606	0.01708	0.00696	0.00221	0.00316	0.01550	0.00506	0.00443
12	0.00675	0.00553	0.00594	0.00584	0.00755	0.00473	0.00438	0.00841	0.01314	0.01643	0.22591	0.04967	0.60044	0.01317	0.00644	0.00181	0.00272	0.01111	0.00529	0.00473
13	0.01548	0.01127	0.01238	0.01070	0.01406	0.01237	0.00843	0.06482	0.55790	0.14846	0.02200	0.02016	0.03412	0.00729	0.00550	0.00178	0.00441	0.00602	0.00565	0.03722
14	0.08291	0.00930	0.01163	0.00945	0.01304	0.00884	0.00770	0.04116	0.10600	0.50212	0.10281	0.02185	0.01799	0.00747	0.00551	0.00174	0.00439	0.03158	0.00617	0.00834
15	0.01957	0.00973	0.01185	0.00969	0.01326	0.00961	0.00781	0.04953	0.23539	0.44879	0.02102	0.01910	0.01433	0.00689	0.00532	0.00169	0.00436	0.00562	0.09782	0.00863
16	0.03629	0.00807	0.00941	0.00815	0.01052	0.00837	0.00647	0.12728	0.03233	0.10921	0.01585	0.01811	0.01241	0.01383	0.17533	0.00302	0.01962	0.00509	0.31101	0.06961
17	0.01848	0.01488	0.02958	0.01276	0.04499	0.10104	0.01002	0.47403	0.03877	0.07094	0.03394	0.08393	0.01317	0.00757	0.00558	0.00169	0.00602	0.01929	0.00504	0.00827

[dist]
# distance from previous block
# <min> <max>
0	12

[block]
# block no. 8 follows, 44 sequences, length 68
# corresponding to MSA columns:
# 391-458
name=unknown_I
#
# <colnr> <probs for GDERKNQSTAVLIFYWHMCP>
#	G	D	E	R	K	N	Q	S	T	A	V	L	I	F	Y	W	H	M	C	P
0	0.00722	0.00545	0.00725	0.00792	0.00842	0.00549	0.00557	0.00847	0.01117	0.01520	0.15215	0.59552	0.05810	0.01543	0.00769	0.00213	0.06353	0.01363	0.00501	0.00467
1	0.00770	0.00558	0.00706	0.00788	0.00857	0.00538	0.00543	0.06453	0.01168	0.01551	0.02982	0.71302	0.06495	0.01614	0.00682	0.00215	0.00336	0.01453	0.00509	0.00480
2	0.01249	0.15114	0.31555	0.03822	0.19567	0.01441	0.16333	0.01695	0.01190	0.01662	0.00977	0.01221	0.00760	0.00491	0.00521	0.00163	0.00753	0.00453	0.00249	0.00783
3	0.01269	0.01433	0.03113	0.02240	0.02773	0.01345	0.72149	0.01719	0.01285	0.01741	0.01182	0.01678	0.00930	0.00506	0.00648	0.00187	0.00901	0.03890	0.00286	0.00725
4	0.00736	0.00560	0.00690	0.00741	0.00871	0.00514	0.00580	0.00918	0.01260	0.01623	0.16352	0.19182	0.30445	0.01432	0.00685	0.00208	0.00345	0.21859	0.00521	0.00478
5	0.00797	0.00535	0.00694	0.00776	0.00842	0.00509	0.00554	0.00911	0.01068	0.04280	0.02823	0.45316	0.06396	0.16215	0.01083	0.00280	0.00396	0.15591	0.00479	0.00453
6	0.05472	0.01011	0.01150	0.00952	0.01281	0.02408	0.00763	0.12271	0.17622	0.30389	0.09102	0.01994	0.01683	0.00714	0.00528	0.00166	0.00438	0.00577	0.10675	0.00803
7	0.01221	0.01149	0.01585	0.44750	0.09452	0.07338	0.01335	0.03082	0.08176	0.03300	0.01198	0.01691	0.00972	0.00707	0.02063	0.00197	0.06723	0.04097	0.00306	0.00660
8	0.00759	0.00563	0.00676	0.00643	0.00798	0.00501	0.00484	0.00972	0.01435	0.03429	0.49891	0.04451	0.31003	0.01202	0.00642	0.00176	0.00268	0.01037	0.00568	0.00503
9	0.01126	0.01471	0.21533	0.01350	0.05101	0.03108	0.08713	0.07359	0.09673	0.01816	0.03273	0.21597	0.01800	0.03271	0.00682	0.00199	0.02107	0.03403	0.01737	0.00682
10	0.01345	0.01301	0.02155	0.04783	0.72683	0.02924	0.01632	0.01664	0.01251	0.01773	0.02669	0.01403	0.00950	0.00502	0.00541	0.00162	0.00648	0.00494	0.00277	0.00846
11	0.02037	0.01448	0.01567	0.01207	0.01628	0.01584	0.00993	0.67885	0.02435	0.07945	0.01466	0.01478	0.02722	0.02289	0.00593	0.00172	0.00583	0.00516	0.00548	0.00904
12	0.81475	0.01073	0.00834	0.00738	0.01079	0.01241	0.00608	0.04484	0.00991	0.02485	0.00781	0.00902	0.00604	0.00512	0.00345	0.00168	0.00429	0.00303	0.00345	0.00604
13	0.00835	0.00564	0.00678	0.00692	0.00754	0.00573	0.00463	0.04014	0.01009	0.01416	0.03697	0.21999	0.04250	0.34442	0.12208	0.00422	0.00563	0.00918	0.10071	0.00432
14	0.01014	0.00784	0.00887	0.00893	0.01026	0.04168	0.00659	0.14877	0.01407	0.01854	0.08576	0.50314	0.03065	0.01397	0.00659	0.00205	0.00408	0.06745	0.00511	0.00552
15	0.12862	0.01528	0.14993	0.02977	0.03971	0.01378	0.07200	0.25165	0.07553	0.02373	0.01227	0.02743	0.00948	0.00726	0.02727	0.00194	0.06279	0.00492	0.03897	0.00769
16	0.01502	0.75193	0.02757	0.00969	0.01421	0.07975	0.00942	0.01674	0.01141	0.01287	0.00764	0.00883	0.00700	0.00474	0.00361	0.00118	0.00613	0.00296	0.00237	0.00694
17	0.00680	0.00488	0.00643	0.00751	0.00797	0.00455	0.00511	0.00791	0.01089	0.01455	0.08692	0.69111	0.05850	0.03047	0.00729	0.00223	0.00319	0.03411	0.00510	0.00448
18	0.00780	0.00579	0.00850	0.00850	0.00938	0.00667	0.00649	0.00957	0.00868	0.01246	0.01484	0.02275	0.01421	0.11246	0.71602	0.00844	0.01373	0.00604	0.00296	0.00472
19	0.00772	0.00557	0.00729	0.00686	0.00814	0.00514	0.00514	0.01029	0.01543	0.02186	0.77152	0.04072	0.05144	0.01115	0.00643	0.00171	0.00257	0.00986	0.00600	0.00514
20	0.81625	0.01072	0.00832	0.00737	0.01078	0.01240	0.00607	0.04350	0.00989	0.02483	0.00780	0.00901	0.00603	0.00512	0.00345	0.00169	0.00428	0.00302	0.00345	0.00603
21	0.02072	0.01527	0.01636	0.01254	0.01691	0.01691	0.01036	0.75622	0.02563	0.03436	0.01309	0.01309	0.00927	0.00654	0.00545	0.00164	0.00600	0.00491	0.00545	0.00927
22	0.10116	0.00940	0.01222	0.00946	0.01360	0.00841	0.00782	0.02559	0.01501	0.70789	0.02021	0.01765	0.01279	0.00659	0.00529	0.00169	0.00460	0.00525	0.00643	0.00896
23	0.00705	0.00504	0.00679	0.00806	0.00855	0.00478	0.00577	0.00830	0.01084	0.01437	0.02982	0.66340	0.03517	0.01670	0.00707	0.00227	0.00352	0.15292	0.00505	0.00454
24	0.00766	0.00553	0.00724	0.00689	0.00813	0.00511	0.00514	0.01015	0.01519	0.02147	0.73487	0.07849	0.05068	0.01144	0.00646	0.00174	0.00260	0.01014	0.00595	0.00511
25	0.02036	0.01639	0.01607	0.01266	0.01678	0.10834	0.01031	0.63654	0.05722	0.03134	0.01294	0.01302	0.00933	0.00647	0.00539	0.00162	0.00638	0.00480	0.00514	0.00889
26	0.46809	0.01015	0.01012	0.00844	0.01211	0.01071	0.00692	0.02105	0.06914	0.31342	0.01404	0.01345	0.00963	0.00589	0.00435	0.00170	0.00439	0.00417	0.00483	0.00741
27	0.00783	0.00529	0.00619	0.00627	0.00637	0.00534	0.00369	0.00804	0.00816	0.01096	0.01785	0.08661	0.02045	0.69652	0.08407	0.00534	0.00585	0.00828	0.00339	0.00350
28	0.10308	0.01025	0.01273	0.00986	0.01401	0.00967	0.00814	0.12862	0.01641	0.60058	0.01898	0.01685	0.01217	0.00656	0.00528	0.00168	0.00479	0.00516	0.00624	0.00895
29	0.01148	0.01079	0.01807	0.55114	0.25605	0.01247	0.01550	0.03161	0.01168	0.01555	0.00993	0.01419	0.00772	0.00530	0.00543	0.00175	0.00700	0.00485	0.00257	0.00690
30	0.07427	0.00817	0.00967	0.00872	0.00973	0.00933	0.00639	0.10067	0.01092	0.03351	0.04210	0.07727	0.01694	0.36086	0.06604	0.00386	0.14578	0.00702	0.00368	0.00507
31	0.84691	0.01054	0.00801	0.00717	0.01054	0.01223	0.00590	0.01603	0.00928	0.02446	0.00759	0.00886	0.00590	0.00506	0.00337	0.00169	0.00422	0.00295	0.00337	0.00590
32	0.01039	0.00809	0.02718	0.00967	0.01134	0.02490	0.02819	0.11711	0.01357	0.03452	0.02505	0.37132	0.02730	0.01340	0.00662	0.00212	0.00452	0.21511	0.04398	0.00563
33	0.00800	0.00630	0.00717	0.00770	0.00866	0.02383	0.00538	0.02322	0.08175	0.01510	0.04349	0.47504	0.15540	0.08724	0.00857	0.00237	0.00363	0.02734	0.00492	0.00490
34	0.01475	0.53392	0.03926	0.01006	0.01419	0.06731	0.00939	0.10432	0.03386	0.01581	0.01032	0.01177	0.02241	0.00878	0.08117	0.00203	0.00692	0.00375	0.00293	0.00704
35	0.01065	0.08726	0.16687	0.04636	0.03090	0.02424	0.01050	0.04336	0.08466	0.01636	0.04621	0.02088	0.09711	0.01650	0.21756	0.00362	0.04438	0.00581	0.02033	0.00644
36	0.02432	0.00951	0.01279	0.00981	0.01403	0.00835	0.00810	0.05425	0.01598	0.74995	0.02119	0.01835	0.01334	0.00674	0.00548	0.00168	0.00469	0.00546	0.00670	0.00928
37	0.01168	0.01072	0.01765	0.19947	0.43889	0.01125	0.01411	0.01485	0.02888	0.01634	0.01465	0.04582	0.04741	0.00723	0.00629	0.03363	0.00614	0.06473	0.00307	0.00720
38	0.01370	0.10850	0.11000	0.02435	0.43886	0.08136	0.03211	0.03279	0.01273	0.01701	0.01125	0.01612	0.00986	0.00576	0.00530	0.00163	0.00682	0.06111	0.00286	0.00788
39	0.00677	0.00548	0.00602	0.00601	0.00760	0.00472	0.00446	0.00841	0.01301	0.01642	0.22918	0.10680	0.53924	0.01340	0.00648	0.00184	0.00275	0.01141	0.00529	0.00472
40	0.00787	0.00528	0.00603	0.00609	0.00613	0.00529	0.00347	0.00796	0.00806	0.01077	0.01765	0.06762	0.02034	0.75536	0.04645	0.00525	0.00544	0.00819	0.00337	0.00339
41	0.04466	0.01830	0.33586	0.04920	0.10772	0.08273	0.03113	0.01503	0.01188	0.01661	0.04837	0.16909	0.03068	0.00795	0.00558	0.00179	0.00656	0.00678	0.00322	0.00686
42	0.03519	0.01656	0.14870	0.03595	0.05680	0.02962	0.42029	0.12070	0.01428	0.01994	0.01117	0.01387	0.00831	0.00509	0.00582	0.00175	0.00803	0.00553	0.03478	0.00762
43	0.00840	0.00600	0.00834	0.00960	0.01069	0.00594	0.00812	0.01063	0.01217	0.01588	0.02908	0.19515	0.03222	0.01542	0.00743	0.00246	0.00469	0.60785	0.00503	0.00491
44	0.22761	0.08973	0.13014	0.01373	0.11977	0.01397	0.01104	0.20003	0.03494	0.02303	0.01136	0.01259	0.02517	0.00632	0.02048	0.00173	0.00587	0.00421	0.00362	0.04467
45	0.01348	0.07907	0.29762	0.01242	0.01740	0.04425	0.04235	0.03576	0.11849	0.11667	0.11199	0.01888	0.01581	0.00754	0.02352	0.00187	0.00635	0.02492	0.00401	0.00761
46	0.01099	0.01040	0.01761	0.62888	0.19851	0.01230	0.01549	0.01454	0.01123	0.01478	0.00981	0.01431	0.00757	0.00532	0.00544	0.00177	0.00709	0.00485	0.00248	0.00662
47	0.02011	0.02544	0.01533	0.01393	0.01675	0.75719	0.01046	0.02204	0.04387	0.01370	0.00895	0.01023	0.00739	0.00569	0.00494	0.00142	0.00962	0.00361	0.00291	0.00641
48	0.01961	0.00871	0.01144	0.00917	0.01260	0.00791	0.00742	0.05323	0.04923	0.52322	0.20977	0.02398	0.02300	0.00787	0.00572	0.00170	0.00416	0.00659	0.00645	0.00821
49	0.00762	0.00557	0.00715	0.00676	0.00809	0.00510	0.00507	0.01010	0.01521	0.02133	0.71767	0.04161	0.10562	0.01135	0.00643	0.00172	0.00259	0.00998	0.00593	0.00510
50	0.01823	0.01403	0.01496	0.01204	0.01596	0.01574	0.00976	0.50290	0.28301	0.03033	0.01626	0.01561	0.01184	0.00684	0.00549	0.00171	0.00541	0.00535	0.00549	0.00905
51	0.00809	0.00586	0.00788	0.00884	0.00984	0.00577	0.00704	0.01054	0.04022	0.01637	0.11671	0.31839	0.03484	0.01502	0.00713	0.00229	0.00405	0.37101	0.00517	0.00496
52	0.02013	0.02559	0.01548	0.01405	0.01678	0.76510	0.01057	0.02153	0.01525	0.01334	0.00839	0.00989	0.00703	0.00573	0.00528	0.00143	0.03177	0.00355	0.00280	0.00631
