[name]
unknown

[dist]
# distance from previous block
# <min> <max>
0	91

[block]
# block no. 0 follows, 48 sequences, length 22
# corresponding to MSA columns:
# 91-95,111-127
name=unknown_A
#
# <colnr> <probs for GDERKNQSTAVLIFYWHMCP>
#	G	D	E	R	K	N	Q	S	T	A	V	L	I	F	Y	W	H	M	C	P
0	0.00827	0.00591	0.00827	0.00945	0.01063	0.00591	0.00827	0.01063	0.01181	0.01536	0.02717	0.05788	0.02953	0.01417	0.00709	0.00236	0.00472	0.75313	0.00472	0.00472
1	0.01984	0.01383	0.01506	0.01155	0.01564	0.01511	0.00954	0.69880	0.02322	0.10538	0.01308	0.01281	0.00911	0.00618	0.00514	0.00154	0.00552	0.00467	0.00525	0.00873
2	0.85592	0.00992	0.00754	0.00675	0.00992	0.01151	0.00556	0.01508	0.00873	0.02302	0.00714	0.00834	0.00556	0.00476	0.00318	0.00159	0.00397	0.00278	0.00318	0.00556
3	0.00891	0.00446	0.00668	0.00668	0.00668	0.00446	0.00446	0.00668	0.00668	0.00891	0.00891	0.01560	0.00891	0.01783	0.02005	0.85071	0.00446	0.00446	0.00223	0.00223
4	0.01372	0.82276	0.02689	0.00878	0.01317	0.02030	0.00878	0.01536	0.01043	0.01207	0.00713	0.00823	0.00658	0.00439	0.00329	0.00110	0.00549	0.00274	0.00219	0.00658
5	0.01029	0.02654	0.79309	0.01462	0.02221	0.01192	0.01896	0.01625	0.01083	0.01625	0.00921	0.01083	0.00650	0.00487	0.00487	0.00162	0.00758	0.00379	0.00217	0.00758
6	0.85592	0.00992	0.00754	0.00675	0.00992	0.01151	0.00556	0.01508	0.00873	0.02302	0.00714	0.00834	0.00556	0.00476	0.00318	0.00159	0.00397	0.00278	0.00318	0.00556
7	0.12932	0.01064	0.01175	0.00933	0.01308	0.08460	0.00761	0.05540	0.01431	0.58507	0.01704	0.01528	0.01103	0.00604	0.00485	0.00156	0.00484	0.00465	0.00553	0.00806
8	0.00719	0.00524	0.00676	0.00638	0.00762	0.00481	0.00479	0.00955	0.01436	0.02018	0.74176	0.03898	0.09186	0.01064	0.00605	0.00162	0.00243	0.00937	0.00560	0.00481
9	0.00748	0.00549	0.00759	0.00752	0.00811	0.00621	0.00547	0.00869	0.00798	0.01128	0.01434	0.02431	0.01457	0.29451	0.52266	0.00700	0.03369	0.00611	0.00285	0.00413
10	0.00734	0.00548	0.00814	0.00814	0.00903	0.00636	0.00629	0.00910	0.00822	0.01184	0.01384	0.02068	0.01305	0.06860	0.76953	0.00812	0.01341	0.00557	0.00276	0.00452
11	0.01951	0.01437	0.01540	0.01181	0.01591	0.01591	0.00975	0.77056	0.02412	0.03234	0.01232	0.01232	0.00873	0.00616	0.00513	0.00154	0.00565	0.00462	0.00513	0.00873
12	0.01378	0.72389	0.07907	0.00943	0.01394	0.06259	0.00954	0.01571	0.01068	0.01239	0.00732	0.00847	0.00658	0.00447	0.00347	0.00115	0.00584	0.00285	0.00222	0.00662
13	0.01211	0.01384	0.03028	0.02163	0.02682	0.01298	0.76903	0.01644	0.01211	0.01644	0.01038	0.01384	0.00779	0.00433	0.00606	0.00173	0.00865	0.00606	0.00260	0.00692
14	0.02069	0.00926	0.01354	0.01017	0.01432	0.00799	0.08068	0.02293	0.01402	0.63624	0.01814	0.01641	0.01170	0.00589	0.00510	0.00152	0.00472	0.00503	0.00565	0.09600
15	0.01114	0.01216	0.02503	0.01856	0.02244	0.01198	0.57008	0.01460	0.01129	0.01548	0.01261	0.13222	0.01153	0.00659	0.00735	0.00184	0.09870	0.00714	0.00288	0.00637
16	0.01030	0.00866	0.08332	0.00771	0.00932	0.00745	0.00604	0.12152	0.01081	0.05454	0.03311	0.02689	0.01613	0.52254	0.05713	0.00405	0.00566	0.00652	0.00353	0.00477
17	0.05420	0.08699	0.01219	0.00832	0.01198	0.00853	0.03903	0.01319	0.05248	0.01593	0.01143	0.09198	0.01058	0.00632	0.00531	0.06083	0.00416	0.00454	0.00318	0.49881
18	0.09689	0.15019	0.20090	0.16501	0.01983	0.08943	0.02744	0.01543	0.01047	0.03745	0.00847	0.01086	0.00674	0.00556	0.00640	0.00162	0.13461	0.00381	0.00248	0.00640
19	0.37099	0.23155	0.01480	0.04278	0.01308	0.01338	0.02559	0.05745	0.01126	0.14192	0.02899	0.01108	0.00832	0.00514	0.00385	0.00146	0.00473	0.00356	0.00353	0.00653
20	0.49034	0.09584	0.01100	0.03140	0.01179	0.06710	0.00678	0.05728	0.01124	0.08185	0.08344	0.01237	0.01064	0.00553	0.00389	0.00152	0.00456	0.00378	0.00361	0.00605
21	0.27620	0.11761	0.01304	0.05006	0.01365	0.08818	0.00777	0.09258	0.10626	0.08310	0.02610	0.01195	0.00902	0.00535	0.00415	0.00145	0.00499	0.00382	0.00369	0.08104

[dist]
# distance from previous block
# <min> <max>
2	12

[block]
# block no. 1 follows, 48 sequences, length 18
# corresponding to MSA columns:
# 140-157
name=unknown_B
#
# <colnr> <probs for GDERKNQSTAVLIFYWHMCP>
#	G	D	E	R	K	N	Q	S	T	A	V	L	I	F	Y	W	H	M	C	P
0	0.07511	0.11194	0.07825	0.01118	0.04827	0.05480	0.00932	0.09374	0.24034	0.18730	0.02910	0.01488	0.01156	0.00598	0.00477	0.00155	0.00508	0.00467	0.00444	0.00772
1	0.01424	0.05132	0.01070	0.00846	0.01097	0.02330	0.00673	0.03207	0.05916	0.29978	0.14115	0.15193	0.08147	0.00907	0.00608	0.00167	0.04717	0.00754	0.00515	0.03205
2	0.01651	0.01400	0.01394	0.05424	0.01603	0.10106	0.00942	0.37926	0.29398	0.02520	0.01475	0.01451	0.01089	0.00630	0.00511	0.00160	0.00554	0.00490	0.00474	0.00804
3	0.01038	0.01008	0.01432	0.56996	0.02854	0.06552	0.01233	0.01325	0.01043	0.01344	0.00986	0.05354	0.00828	0.00578	0.00573	0.00162	0.05595	0.00480	0.00252	0.10365
4	0.01123	0.01123	0.01572	0.01347	0.01347	0.01572	0.01123	0.01235	0.00786	0.01235	0.00674	0.01123	0.00674	0.00898	0.01684	0.00225	0.81028	0.00449	0.00225	0.00561
5	0.01743	0.01184	0.01319	0.01054	0.01408	0.01278	0.00856	0.42641	0.16779	0.14891	0.09875	0.01727	0.01499	0.00681	0.00525	0.00159	0.00479	0.00544	0.00540	0.00819
6	0.01246	0.00694	0.00852	0.00740	0.00975	0.00639	0.00579	0.04657	0.05513	0.25047	0.26206	0.06342	0.22466	0.00974	0.00572	0.00166	0.00330	0.00827	0.00555	0.00619
7	0.00676	0.00519	0.00777	0.00827	0.00896	0.00487	0.05859	0.00797	0.01008	0.01344	0.02697	0.72336	0.03189	0.01516	0.00654	0.00207	0.00346	0.04965	0.00461	0.00439
8	0.00975	0.00915	0.01519	0.42199	0.02543	0.01030	0.12563	0.01420	0.10004	0.01531	0.08590	0.07580	0.05564	0.00692	0.00552	0.00174	0.00588	0.00642	0.00329	0.00590
9	0.01270	0.01219	0.02083	0.03149	0.78767	0.01219	0.01575	0.01575	0.01168	0.01676	0.00965	0.01270	0.00813	0.00457	0.00508	0.00152	0.00610	0.00457	0.00254	0.00813
10	0.00750	0.00504	0.00585	0.00600	0.00612	0.00504	0.00364	0.00774	0.00794	0.01054	0.01755	0.05981	0.02013	0.72075	0.02376	0.00464	0.00489	0.07645	0.00331	0.00329
11	0.01255	0.01204	0.02055	0.07081	0.74954	0.01215	0.01567	0.01561	0.01161	0.01658	0.00962	0.01275	0.00806	0.00460	0.00508	0.00153	0.00613	0.00457	0.00253	0.00800
12	0.01029	0.02654	0.79309	0.01462	0.02221	0.01192	0.01896	0.01625	0.01083	0.01625	0.00921	0.01083	0.00650	0.00487	0.00487	0.00162	0.00758	0.00379	0.00217	0.00758
13	0.00735	0.00493	0.00563	0.00574	0.00577	0.00490	0.00326	0.00743	0.00768	0.01024	0.01728	0.10577	0.02006	0.74556	0.02431	0.00471	0.00479	0.00812	0.00326	0.00321
14	0.00620	0.00512	0.00536	0.00547	0.00695	0.00437	0.00399	0.00744	0.01143	0.01388	0.07878	0.12519	0.64303	0.05110	0.00705	0.00192	0.00274	0.01098	0.00472	0.00428
15	0.00969	0.00912	0.01539	0.80734	0.03534	0.01140	0.01425	0.01311	0.01026	0.01311	0.00912	0.01368	0.00684	0.00513	0.00513	0.00171	0.00684	0.00456	0.00228	0.00570
16	0.26016	0.01763	0.01255	0.01094	0.01404	0.37976	0.00854	0.16703	0.05164	0.01990	0.00919	0.01007	0.00716	0.00539	0.00434	0.00146	0.00677	0.00353	0.00341	0.00649
17	0.00853	0.00681	0.00661	0.00649	0.00680	0.07832	0.00397	0.00879	0.00817	0.01033	0.01523	0.03037	0.01713	0.68854	0.07959	0.00487	0.00600	0.00694	0.00304	0.00348

[dist]
# distance from previous block
# <min> <max>
4	13

[block]
# block no. 2 follows, 48 sequences, length 8
# corresponding to MSA columns:
# 173-180
name=unknown_C
#
# <colnr> <probs for GDERKNQSTAVLIFYWHMCP>
#	G	D	E	R	K	N	Q	S	T	A	V	L	I	F	Y	W	H	M	C	P
0	0.01046	0.02538	0.72338	0.01526	0.02263	0.01201	0.08750	0.01627	0.01095	0.01627	0.00932	0.01111	0.00662	0.00482	0.00498	0.00163	0.00768	0.00400	0.00221	0.00752
1	0.06239	0.01228	0.01375	0.01075	0.01462	0.01306	0.00891	0.50479	0.02032	0.22175	0.01483	0.01580	0.01066	0.00656	0.00514	0.00160	0.00519	0.04393	0.00532	0.00836
2	0.00625	0.00447	0.00595	0.00714	0.00744	0.00417	0.00476	0.00714	0.00982	0.01310	0.02828	0.81633	0.03394	0.01608	0.00655	0.00208	0.00298	0.01459	0.00476	0.00417
3	0.00667	0.00492	0.00625	0.00656	0.00747	0.00449	0.00467	0.00830	0.01218	0.01653	0.36799	0.35967	0.14905	0.01315	0.00626	0.00182	0.00268	0.01168	0.00516	0.00449
4	0.01192	0.07813	0.14617	0.01375	0.01592	0.04776	0.06018	0.03834	0.00962	0.01389	0.00764	0.01105	0.00681	0.00740	0.01223	0.00196	0.50437	0.00429	0.00236	0.00621
5	0.01920	0.02361	0.01461	0.01310	0.01587	0.73307	0.00990	0.08370	0.01535	0.01422	0.00830	0.00951	0.00679	0.00536	0.00467	0.00134	0.00895	0.00342	0.00285	0.00618
6	0.01158	0.01028	0.01438	0.09856	0.01714	0.00907	0.11472	0.08496	0.01208	0.01775	0.00960	0.01159	0.00765	0.00424	0.00439	0.00108	0.00499	0.00378	0.00309	0.55906
7	0.01410	0.20986	0.01956	0.05444	0.30995	0.17008	0.01182	0.01803	0.11502	0.01527	0.01019	0.01185	0.00841	0.00502	0.00458	0.00142	0.00633	0.00404	0.00283	0.00721

[dist]
# distance from previous block
# <min> <max>
0	1

[block]
# block no. 3 follows, 48 sequences, length 14
# corresponding to MSA columns:
# 182-195
name=unknown_D
#
# <colnr> <probs for GDERKNQSTAVLIFYWHMCP>
#	G	D	E	R	K	N	Q	S	T	A	V	L	I	F	Y	W	H	M	C	P
0	0.00969	0.00772	0.01027	0.07492	0.01191	0.00917	0.00740	0.09955	0.01029	0.01437	0.04589	0.02134	0.01380	0.22619	0.26733	0.00472	0.15155	0.00580	0.00312	0.00498
1	0.00643	0.00461	0.00612	0.00702	0.00748	0.00429	0.00478	0.00760	0.01068	0.01445	0.16553	0.67520	0.03656	0.01506	0.00646	0.00200	0.00288	0.01362	0.00492	0.00429
2	0.00929	0.00903	0.05466	0.05774	0.01252	0.05238	0.04008	0.01348	0.14908	0.02875	0.10192	0.32991	0.08492	0.01082	0.00584	0.00181	0.00422	0.00957	0.00442	0.01954
3	0.00703	0.00524	0.00653	0.00621	0.00752	0.00474	0.00466	0.00923	0.01397	0.01926	0.64132	0.04049	0.19288	0.01098	0.00605	0.00164	0.00246	0.00958	0.00548	0.00474
4	0.01784	0.17080	0.01651	0.01137	0.01434	0.30046	0.00933	0.06255	0.01332	0.19571	0.01073	0.01146	0.00817	0.00598	0.00639	0.00149	0.12931	0.00389	0.00351	0.00683
5	0.00693	0.00506	0.00645	0.00731	0.00808	0.00478	0.00545	0.00822	0.01048	0.01355	0.03084	0.38035	0.16287	0.09963	0.00868	0.00241	0.00363	0.22646	0.00458	0.00425
6	0.04528	0.05222	0.56015	0.01334	0.01981	0.01271	0.01587	0.13588	0.03586	0.04692	0.01029	0.01136	0.00731	0.00517	0.00481	0.00159	0.00684	0.00395	0.00292	0.00771
7	0.01289	0.68723	0.02410	0.00882	0.01261	0.01840	0.00851	0.01458	0.01070	0.01298	0.08904	0.01158	0.01100	0.00531	0.00441	0.00122	0.05418	0.00354	0.00256	0.00634
8	0.00637	0.00455	0.00608	0.00720	0.00757	0.00426	0.00489	0.00738	0.01011	0.01352	0.06252	0.75379	0.03443	0.01575	0.00655	0.00207	0.00301	0.04092	0.00480	0.00422
9	0.03185	0.25548	0.12617	0.00991	0.01276	0.04784	0.02365	0.01251	0.01022	0.01347	0.01576	0.26520	0.04322	0.00903	0.00633	0.00167	0.09885	0.00721	0.00315	0.00572
10	0.01883	0.11784	0.01477	0.01009	0.01377	0.06323	0.00835	0.26126	0.06919	0.29829	0.01501	0.01512	0.01078	0.05288	0.00608	0.00170	0.00525	0.00473	0.00491	0.00790
11	0.00792	0.00603	0.00879	0.00788	0.00863	0.00614	0.08452	0.00879	0.00813	0.01107	0.01502	0.02850	0.01621	0.55910	0.19692	0.00536	0.00732	0.00687	0.00297	0.00384
12	0.01274	0.62792	0.12932	0.00936	0.01372	0.01749	0.00971	0.01457	0.01009	0.01231	0.00760	0.00936	0.00682	0.00587	0.00527	0.09066	0.00566	0.00307	0.00219	0.00626
13	0.06616	0.04515	0.01360	0.11929	0.05587	0.01042	0.00897	0.14949	0.01450	0.34517	0.01432	0.01451	0.00991	0.02071	0.00521	0.00155	0.00499	0.00455	0.00464	0.09100

[dist]
# distance from previous block
# <min> <max>
0	2

[block]
# block no. 4 follows, 48 sequences, length 35
# corresponding to MSA columns:
# 198-232
name=unknown_E
#
# <colnr> <probs for GDERKNQSTAVLIFYWHMCP>
#	G	D	E	R	K	N	Q	S	T	A	V	L	I	F	Y	W	H	M	C	P
0	0.04621	0.40054	0.22937	0.01051	0.01523	0.03777	0.01115	0.01655	0.08059	0.02845	0.04585	0.02369	0.00982	0.00537	0.00437	0.00139	0.01965	0.00388	0.00279	0.00684
1	0.00627	0.00451	0.00595	0.00706	0.00743	0.00419	0.00473	0.00722	0.01001	0.01332	0.04882	0.76888	0.06097	0.01582	0.00652	0.00206	0.00295	0.01432	0.00479	0.00419
2	0.01435	0.01009	0.01207	0.04529	0.01405	0.00923	0.00755	0.17381	0.01415	0.14395	0.03591	0.01311	0.00988	0.00511	0.00477	0.00117	0.02536	0.00401	0.00404	0.45208
3	0.01604	0.25678	0.16714	0.01207	0.04360	0.01514	0.03262	0.25567	0.01549	0.12198	0.01107	0.01155	0.00814	0.00530	0.00456	0.00144	0.00590	0.00401	0.00369	0.00780
4	0.00943	0.00828	0.01329	0.06787	0.36361	0.00829	0.01030	0.01143	0.01063	0.01468	0.01828	0.37921	0.02010	0.03291	0.00635	0.00189	0.00469	0.00921	0.00355	0.00603
5	0.00626	0.00480	0.00574	0.00636	0.00727	0.00428	0.00444	0.00742	0.01088	0.01395	0.09396	0.46812	0.31913	0.01449	0.00633	0.00192	0.00279	0.01277	0.00483	0.00428
6	0.00969	0.00912	0.01539	0.80734	0.03534	0.01140	0.01425	0.01311	0.01026	0.01311	0.00912	0.01368	0.00684	0.00513	0.00513	0.00171	0.00684	0.00456	0.00228	0.00570
7	0.01602	0.01400	0.01840	0.04996	0.21709	0.08215	0.11499	0.30524	0.06434	0.04926	0.01166	0.01301	0.00875	0.00544	0.00521	0.00156	0.00639	0.00478	0.00383	0.00792
8	0.01853	0.01334	0.01296	0.01062	0.01386	0.15471	0.00844	0.32629	0.01768	0.22345	0.01505	0.05574	0.01190	0.06576	0.00669	0.00181	0.00576	0.02510	0.00482	0.00748
9	0.01064	0.00912	0.01064	0.00760	0.01216	0.00684	0.00608	0.01292	0.01064	0.01672	0.00912	0.01064	0.00760	0.00380	0.00380	0.00076	0.00380	0.00304	0.00304	0.85104
10	0.02149	0.00926	0.01202	0.00935	0.01316	0.00852	0.00768	0.09546	0.05813	0.64534	0.05008	0.01790	0.01391	0.00653	0.00520	0.00159	0.00439	0.00531	0.00614	0.00854
11	0.01339	0.74541	0.10132	0.00935	0.01405	0.01949	0.00977	0.01545	0.01047	0.01248	0.00734	0.00848	0.00658	0.00444	0.00345	0.00115	0.00569	0.00285	0.00219	0.00668
12	0.00729	0.00539	0.00762	0.00762	0.00842	0.00605	0.00571	0.00877	0.00829	0.01167	0.01616	0.02403	0.05415	0.17362	0.62289	0.00734	0.01163	0.00612	0.00292	0.00431
13	0.00628	0.00450	0.00593	0.00706	0.00738	0.00420	0.00469	0.00716	0.00979	0.01302	0.02843	0.77625	0.04980	0.04005	0.00712	0.00216	0.00303	0.01429	0.00471	0.00414
14	0.01064	0.00912	0.01064	0.00760	0.01216	0.00684	0.00608	0.01292	0.01064	0.01672	0.00912	0.01064	0.00760	0.00380	0.00380	0.00076	0.00380	0.00304	0.00304	0.85104
15	0.00639	0.00457	0.00609	0.00716	0.00756	0.00427	0.00488	0.00745	0.01025	0.01375	0.08727	0.73265	0.03493	0.01558	0.00653	0.00206	0.00299	0.03656	0.00483	0.00424
16	0.00736	0.00493	0.00563	0.00572	0.00575	0.00491	0.00325	0.00744	0.00766	0.01021	0.01717	0.09855	0.01992	0.75298	0.02449	0.00473	0.00481	0.00805	0.00325	0.00320
17	0.01029	0.02654	0.79309	0.01462	0.02221	0.01192	0.01896	0.01625	0.01083	0.01625	0.00921	0.01083	0.00650	0.00487	0.00487	0.00162	0.00758	0.00379	0.00217	0.00758
18	0.01397	0.01258	0.01374	0.01338	0.09805	0.07040	0.02947	0.10917	0.53413	0.02140	0.01748	0.01681	0.01319	0.00642	0.00517	0.00166	0.00496	0.00536	0.00466	0.00800
19	0.02302	0.00873	0.01191	0.00913	0.01310	0.00754	0.00754	0.02501	0.01469	0.79122	0.02024	0.01746	0.01270	0.00635	0.00516	0.00159	0.00437	0.00516	0.00635	0.00873
20	0.05782	0.00878	0.01173	0.00903	0.01297	0.00771	0.00746	0.02459	0.01444	0.75913	0.01970	0.01708	0.01240	0.00628	0.00508	0.00159	0.00435	0.00506	0.00622	0.00860
21	0.17216	0.00942	0.01139	0.03651	0.01335	0.00919	0.00753	0.10406	0.01449	0.50577	0.05239	0.01609	0.01244	0.00619	0.00484	0.00159	0.00443	0.00484	0.00547	0.00787
22	0.01066	0.05674	0.66556	0.01528	0.02243	0.01239	0.11386	0.01624	0.01098	0.01611	0.00927	0.01111	0.00667	0.00479	0.00496	0.00162	0.00764	0.00404	0.00222	0.00746
23	0.00726	0.00524	0.00686	0.00646	0.00767	0.00484	0.00484	0.00968	0.01452	0.02058	0.78496	0.03833	0.04841	0.01049	0.00605	0.00161	0.00242	0.00928	0.00565	0.00484
24	0.00672	0.00514	0.00628	0.00730	0.00772	0.02936	0.00493	0.00771	0.01023	0.01350	0.06980	0.74744	0.03388	0.01542	0.00646	0.00203	0.00314	0.01393	0.00475	0.00426
25	0.01879	0.00861	0.01191	0.04060	0.01367	0.00784	0.03378	0.02183	0.06621	0.54672	0.12554	0.01997	0.01729	0.00676	0.00527	0.00158	0.00430	0.00571	0.00577	0.03784
26	0.19038	0.01496	0.01367	0.01098	0.01468	0.13111	0.00892	0.50498	0.01956	0.02750	0.01061	0.01105	0.00776	0.00574	0.00466	0.00152	0.00584	0.00405	0.00436	0.00767
27	0.00625	0.00447	0.00595	0.00714	0.00744	0.00417	0.00476	0.00714	0.00982	0.01310	0.02828	0.81633	0.03394	0.01608	0.00655	0.00208	0.00298	0.01459	0.00476	0.00417
28	0.01133	0.01092	0.01893	0.37614	0.41055	0.01188	0.05705	0.01461	0.01107	0.01512	0.00946	0.01320	0.00754	0.00481	0.00516	0.00162	0.00657	0.00465	0.00243	0.00698
29	0.01572	0.01152	0.01279	0.01074	0.01387	0.01260	0.00876	0.45450	0.12929	0.05044	0.01752	0.09465	0.01533	0.00841	0.00557	0.00174	0.00499	0.11886	0.00509	0.00761
30	0.01183	0.01130	0.01925	0.25683	0.56917	0.01196	0.01531	0.01498	0.01127	0.01570	0.00950	0.01298	0.00775	0.00473	0.00509	0.00158	0.00631	0.00457	0.00246	0.00742
31	0.00773	0.00876	0.13676	0.00777	0.01005	0.00600	0.00715	0.01071	0.01385	0.01970	0.63883	0.03405	0.05951	0.00962	0.00586	0.00162	0.00328	0.00841	0.00505	0.00528
32	0.02063	0.06823	0.01397	0.00981	0.01385	0.00901	0.05096	0.02338	0.05329	0.61536	0.01825	0.01636	0.01190	0.00601	0.00502	0.00153	0.00465	0.00497	0.00562	0.04720
33	0.60648	0.01110	0.00913	0.03202	0.01170	0.08407	0.00655	0.04065	0.01065	0.10490	0.03579	0.01073	0.00805	0.00524	0.00375	0.00157	0.00459	0.00342	0.00359	0.00602
34	0.01133	0.14218	0.62085	0.01381	0.02064	0.03801	0.03371	0.03453	0.01124	0.01592	0.00897	0.01051	0.00660	0.00484	0.00467	0.00154	0.00731	0.00369	0.00227	0.00740

[dist]
# distance from previous block
# <min> <max>
0	5

[block]
# block no. 5 follows, 48 sequences, length 26
# corresponding to MSA columns:
# 238-263
name=unknown_F
#
# <colnr> <probs for GDERKNQSTAVLIFYWHMCP>
#	G	D	E	R	K	N	Q	S	T	A	V	L	I	F	Y	W	H	M	C	P
0	0.01075	0.13256	0.69106	0.01385	0.02100	0.01303	0.01760	0.01613	0.01078	0.01569	0.00893	0.01049	0.00651	0.00481	0.00466	0.00155	0.00730	0.00365	0.00217	0.00745
1	0.01137	0.00926	0.01104	0.04245	0.01332	0.00734	0.00660	0.03642	0.01120	0.04819	0.00966	0.01110	0.00781	0.00403	0.00395	0.00086	0.00401	0.00324	0.00320	0.75495
2	0.01071	0.05631	0.15746	0.01012	0.02640	0.05588	0.05101	0.03352	0.02782	0.07427	0.24642	0.06278	0.10199	0.04445	0.00640	0.00177	0.00483	0.01769	0.00418	0.00598
3	0.01177	0.00994	0.01065	0.00922	0.01226	0.01055	0.00720	0.07751	0.45927	0.02016	0.02288	0.04260	0.12481	0.00747	0.00513	0.00156	0.00390	0.00619	0.00476	0.15217
4	0.60225	0.01262	0.12219	0.04811	0.06185	0.01181	0.00873	0.05001	0.01000	0.02161	0.00793	0.00941	0.00606	0.00485	0.00372	0.00159	0.00484	0.00321	0.00304	0.00616
5	0.01229	0.49176	0.34541	0.01121	0.01693	0.01682	0.01301	0.01573	0.01060	0.01381	0.00800	0.00931	0.00655	0.00459	0.00395	0.00132	0.00636	0.00318	0.00218	0.00700
6	0.00722	0.00521	0.00682	0.00649	0.00766	0.00481	0.00484	0.00957	0.01432	0.02024	0.75127	0.07296	0.04777	0.01074	0.00607	0.00163	0.00245	0.00952	0.00561	0.00481
7	0.01211	0.01384	0.03028	0.02163	0.02682	0.01298	0.76903	0.01644	0.01211	0.01644	0.01038	0.01384	0.00779	0.00433	0.00606	0.00173	0.00865	0.00606	0.00260	0.00692
8	0.00635	0.00521	0.00560	0.00550	0.00711	0.00446	0.00413	0.00793	0.01238	0.01549	0.22962	0.04670	0.60693	0.01239	0.00606	0.00170	0.00256	0.01045	0.00498	0.00446
9	0.00651	0.00457	0.00588	0.00682	0.00705	0.00434	0.00441	0.00721	0.00932	0.01243	0.02570	0.64989	0.03069	0.18695	0.01071	0.00270	0.00340	0.01307	0.00441	0.00394
10	0.00625	0.00447	0.00595	0.00714	0.00744	0.00417	0.00476	0.00714	0.00982	0.01310	0.02828	0.81633	0.03394	0.01608	0.00655	0.00208	0.00298	0.01459	0.00476	0.00417
11	0.01505	0.01175	0.01350	0.10095	0.04101	0.01328	0.00952	0.25401	0.39393	0.06587	0.01654	0.01613	0.01214	0.00640	0.00518	0.00166	0.00494	0.00522	0.00484	0.00807
12	0.01951	0.01437	0.01540	0.01181	0.01591	0.01591	0.00975	0.77056	0.02412	0.03234	0.01232	0.01232	0.00873	0.00616	0.00513	0.00154	0.00565	0.00462	0.00513	0.00873
13	0.01223	0.03987	0.12897	0.14440	0.50751	0.04732	0.01550	0.01562	0.01144	0.01581	0.00935	0.01229	0.00759	0.00472	0.00498	0.00154	0.00654	0.00435	0.00244	0.00754
14	0.01052	0.02492	0.69571	0.01552	0.02280	0.01205	0.11471	0.01627	0.01100	0.01627	0.00936	0.01122	0.00666	0.00480	0.00503	0.00164	0.00772	0.00408	0.00222	0.00750
15	0.01440	0.52192	0.04559	0.01121	0.06026	0.17757	0.00954	0.03511	0.01167	0.01315	0.00880	0.05314	0.00823	0.00528	0.00394	0.00125	0.00622	0.00370	0.00252	0.00650
16	0.01347	0.00980	0.01106	0.00852	0.01223	0.00919	0.00685	0.20948	0.05831	0.06805	0.05471	0.01454	0.01158	0.00538	0.00440	0.00117	0.00407	0.00429	0.10966	0.38322
17	0.00935	0.00617	0.00785	0.00744	0.00900	0.00590	0.00576	0.05279	0.03458	0.08478	0.44296	0.13463	0.07334	0.01104	0.00608	0.00176	0.00314	0.09265	0.00541	0.00535
18	0.01951	0.01437	0.01540	0.01181	0.01591	0.01591	0.00975	0.77056	0.02412	0.03234	0.01232	0.01232	0.00873	0.00616	0.00513	0.00154	0.00565	0.00462	0.00513	0.00873
19	0.00779	0.00573	0.00762	0.00858	0.00984	0.00556	0.00734	0.00991	0.01173	0.01501	0.03190	0.07781	0.17284	0.01400	0.00688	0.00224	0.00427	0.59158	0.00473	0.00463
20	0.00969	0.00912	0.01539	0.80734	0.03534	0.01140	0.01425	0.01311	0.01026	0.01311	0.00912	0.01368	0.00684	0.00513	0.00513	0.00171	0.00684	0.00456	0.00228	0.00570
21	0.06641	0.01156	0.01281	0.03055	0.03474	0.01264	0.00851	0.46618	0.06049	0.05014	0.01523	0.13775	0.01336	0.04805	0.00628	0.00181	0.00501	0.00627	0.00476	0.00743
22	0.00630	0.00463	0.00592	0.00681	0.00739	0.00424	0.00465	0.00738	0.01046	0.01379	0.09117	0.64622	0.14181	0.01520	0.00644	0.00200	0.00288	0.01364	0.00483	0.00424
23	0.80589	0.00985	0.00780	0.00689	0.01011	0.01127	0.00568	0.01568	0.00909	0.06916	0.00793	0.00888	0.00599	0.00486	0.00329	0.00159	0.00399	0.00292	0.00337	0.00575
24	0.02231	0.00857	0.01168	0.00901	0.01285	0.00742	0.00742	0.02431	0.01468	0.75621	0.05498	0.01841	0.01432	0.00654	0.00520	0.00159	0.00428	0.00535	0.00632	0.00856
25	0.05884	0.11557	0.10672	0.01696	0.02178	0.08415	0.45069	0.01637	0.01174	0.01601	0.00975	0.01235	0.00752	0.00458	0.00519	0.00157	0.00766	0.00492	0.04095	0.00669

[dist]
# distance from previous block
# <min> <max>
0	7

[block]
# block no. 6 follows, 48 sequences, length 58
# corresponding to MSA columns:
# 271-328
name=unknown_G
#
# <colnr> <probs for GDERKNQSTAVLIFYWHMCP>
#	G	D	E	R	K	N	Q	S	T	A	V	L	I	F	Y	W	H	M	C	P
0	0.00894	0.00640	0.00858	0.00817	0.00929	0.00729	0.00630	0.08509	0.00999	0.01447	0.01398	0.03825	0.01297	0.08059	0.51703	0.03793	0.03702	0.00561	0.08726	0.00485
1	0.00655	0.00535	0.00587	0.00613	0.00774	0.00468	0.00486	0.00808	0.01172	0.01419	0.04655	0.05124	0.62004	0.01325	0.00629	0.00187	0.00306	0.17336	0.00476	0.00442
2	0.01951	0.01437	0.01540	0.01181	0.01591	0.01591	0.00975	0.77056	0.02412	0.03234	0.01232	0.01232	0.00873	0.00616	0.00513	0.00154	0.00565	0.00462	0.00513	0.00873
3	0.01272	0.01248	0.02000	0.10550	0.67815	0.04974	0.01532	0.01572	0.01168	0.01621	0.00952	0.01263	0.00793	0.00466	0.00506	0.00153	0.00632	0.00451	0.00252	0.00779
4	0.00668	0.00513	0.00624	0.00735	0.00772	0.03050	0.00493	0.00759	0.00998	0.01308	0.02761	0.78959	0.03303	0.01572	0.00649	0.00206	0.00318	0.01421	0.00469	0.00423
5	0.00721	0.00524	0.00679	0.00640	0.00763	0.00482	0.00480	0.00958	0.01440	0.02029	0.75383	0.03880	0.07972	0.01060	0.00605	0.00162	0.00243	0.00935	0.00561	0.00482
6	0.01413	0.01316	0.02161	0.03196	0.77065	0.01295	0.01617	0.01672	0.01259	0.01810	0.01113	0.01471	0.00952	0.00557	0.00571	0.00180	0.00657	0.00505	0.00306	0.00884
7	0.00790	0.00634	0.00668	0.00654	0.00827	0.00537	0.00479	0.00900	0.01318	0.01663	0.20151	0.04829	0.61896	0.01329	0.00667	0.00198	0.00311	0.01084	0.00541	0.00524
8	0.02181	0.01307	0.01486	0.01169	0.01575	0.01336	0.00944	0.44799	0.05181	0.31363	0.01701	0.01652	0.01186	0.00722	0.00578	0.00184	0.00559	0.00534	0.00604	0.00940
9	0.85592	0.00992	0.00754	0.00675	0.00992	0.01151	0.00556	0.01508	0.00873	0.02302	0.00714	0.00834	0.00556	0.00476	0.00318	0.00159	0.00397	0.00278	0.00318	0.00556
10	0.00606	0.00520	0.00520	0.00520	0.00693	0.00433	0.00390	0.00736	0.01170	0.01386	0.05198	0.04938	0.78558	0.01299	0.00606	0.00173	0.00260	0.01083	0.00476	0.00433
11	0.01386	0.00971	0.01087	0.00939	0.01227	0.01044	0.00740	0.09560	0.41091	0.15079	0.12831	0.02321	0.07910	0.00774	0.00538	0.00168	0.00393	0.00645	0.00543	0.00753
12	0.00606	0.00520	0.00520	0.00520	0.00693	0.00433	0.00390	0.00736	0.01170	0.01386	0.05198	0.04938	0.78558	0.01299	0.00606	0.00173	0.00260	0.01083	0.00476	0.00433
13	0.02302	0.00873	0.01191	0.00913	0.01310	0.00754	0.00754	0.02501	0.01469	0.79122	0.02024	0.01746	0.01270	0.00635	0.00516	0.00159	0.00437	0.00516	0.00635	0.00873
14	0.02302	0.00873	0.01191	0.00913	0.01310	0.00754	0.00754	0.02501	0.01469	0.79122	0.02024	0.01746	0.01270	0.00635	0.00516	0.00159	0.00437	0.00516	0.00635	0.00873
15	0.01951	0.01437	0.01540	0.01181	0.01591	0.01591	0.00975	0.77056	0.02412	0.03234	0.01232	0.01232	0.00873	0.00616	0.00513	0.00154	0.00565	0.00462	0.00513	0.00873
16	0.00981	0.00925	0.01561	0.77557	0.06615	0.01143	0.01431	0.01322	0.01032	0.01326	0.00914	0.01364	0.00689	0.00511	0.00513	0.00170	0.00681	0.00456	0.00229	0.00580
17	0.00982	0.00799	0.00904	0.00830	0.01033	0.00859	0.00636	0.01794	0.37776	0.02070	0.38847	0.02970	0.06606	0.00892	0.00566	0.00168	0.00321	0.00769	0.00541	0.00638
18	0.01270	0.01219	0.02083	0.03149	0.78767	0.01219	0.01575	0.01575	0.01168	0.01676	0.00965	0.01270	0.00813	0.00457	0.00508	0.00152	0.00610	0.00457	0.00254	0.00813
19	0.02302	0.00873	0.01191	0.00913	0.01310	0.00754	0.00754	0.02501	0.01469	0.79122	0.02024	0.01746	0.01270	0.00635	0.00516	0.00159	0.00437	0.00516	0.00635	0.00873
20	0.01270	0.01219	0.02083	0.03149	0.78767	0.01219	0.01575	0.01575	0.01168	0.01676	0.00965	0.01270	0.00813	0.00457	0.00508	0.00152	0.00610	0.00457	0.00254	0.00813
21	0.02302	0.00873	0.01191	0.00913	0.01310	0.00754	0.00754	0.02501	0.01469	0.79122	0.02024	0.01746	0.01270	0.00635	0.00516	0.00159	0.00437	0.00516	0.00635	0.00873
22	0.01276	0.01102	0.01160	0.01044	0.01334	0.01276	0.00812	0.02727	0.77840	0.02146	0.02088	0.01914	0.01566	0.00696	0.00522	0.00174	0.00406	0.00580	0.00522	0.00812
23	0.00886	0.00664	0.00954	0.00903	0.01008	0.00792	0.00715	0.04097	0.00909	0.04203	0.01312	0.01871	0.01195	0.03256	0.64689	0.00703	0.10517	0.00533	0.00292	0.00502
24	0.00726	0.00524	0.00686	0.00646	0.00767	0.00484	0.00484	0.00968	0.01452	0.02058	0.78496	0.03833	0.04841	0.01049	0.00605	0.00161	0.00242	0.00928	0.00565	0.00484
25	0.01182	0.01008	0.01119	0.00997	0.01239	0.01151	0.02276	0.05437	0.54416	0.01951	0.02142	0.04134	0.06818	0.08711	0.00797	0.00208	0.04583	0.00641	0.00476	0.00715
26	0.00632	0.00452	0.00602	0.00710	0.00746	0.00421	0.00477	0.00732	0.01015	0.01361	0.08007	0.76308	0.03493	0.01569	0.00652	0.00205	0.00294	0.01422	0.00482	0.00421
27	0.00735	0.00545	0.00665	0.00707	0.00820	0.00516	0.00531	0.03078	0.03061	0.01582	0.15342	0.31722	0.21159	0.01326	0.00626	0.00191	0.00316	0.12956	0.03656	0.00465
28	0.00956	0.00478	0.00478	0.00478	0.00598	0.00478	0.00359	0.01196	0.01076	0.01913	0.01674	0.01913	0.01315	0.00598	0.00359	0.00120	0.00239	0.00478	0.84816	0.00478
29	0.01246	0.01195	0.02040	0.09216	0.72884	0.01213	0.01563	0.01554	0.01157	0.01648	0.00961	0.01278	0.00803	0.00462	0.00508	0.00154	0.00615	0.00457	0.00252	0.00794
30	0.01917	0.02445	0.01454	0.01322	0.01586	0.79907	0.00991	0.02049	0.01454	0.01256	0.00793	0.00925	0.00661	0.00529	0.00463	0.00132	0.00925	0.00330	0.00264	0.00595
31	0.00956	0.00478	0.00478	0.00478	0.00598	0.00478	0.00359	0.01196	0.01076	0.01913	0.01674	0.01913	0.01315	0.00598	0.00359	0.00120	0.00239	0.00478	0.84816	0.00478
32	0.01203	0.01160	0.02006	0.19780	0.59336	0.01205	0.04774	0.01521	0.01140	0.01596	0.00957	0.01296	0.00784	0.00468	0.00513	0.00157	0.00637	0.00463	0.00249	0.00755
33	0.01804	0.01909	0.01578	0.01579	0.14477	0.41579	0.01080	0.24352	0.03468	0.01937	0.00983	0.01097	0.00770	0.00547	0.00487	0.00143	0.00753	0.00397	0.00343	0.00719
34	0.06790	0.00727	0.00822	0.00748	0.00947	0.00745	0.00575	0.02983	0.19413	0.03807	0.42635	0.03131	0.11145	0.00920	0.00557	0.00163	0.00307	0.00785	0.00524	0.02276
35	0.01163	0.01120	0.01931	0.24672	0.48437	0.01181	0.06639	0.01508	0.02935	0.01572	0.01035	0.03631	0.00866	0.00510	0.00521	0.00161	0.00634	0.00499	0.00260	0.00725
36	0.01098	0.03552	0.14186	0.08432	0.01658	0.01052	0.07781	0.06373	0.20971	0.03578	0.07536	0.05270	0.12135	0.00775	0.00546	0.00171	0.00512	0.03298	0.00408	0.00669
37	0.00717	0.00524	0.00673	0.00636	0.00761	0.00480	0.00477	0.00950	0.01430	0.02005	0.72801	0.03919	0.10569	0.01068	0.00605	0.00162	0.00243	0.00940	0.00558	0.00480
38	0.01180	0.00921	0.01085	0.00781	0.01232	0.00710	0.00628	0.03108	0.01126	0.07686	0.01005	0.01120	0.00802	0.00405	0.00394	0.00084	0.00389	0.00324	0.00334	0.76687
39	0.00956	0.00478	0.00478	0.00478	0.00598	0.00478	0.00359	0.01196	0.01076	0.01913	0.01674	0.01913	0.01315	0.00598	0.00359	0.00120	0.00239	0.00478	0.84816	0.00478
40	0.00969	0.00912	0.01539	0.80734	0.03534	0.01140	0.01425	0.01311	0.01026	0.01311	0.00912	0.01368	0.00684	0.00513	0.00513	0.00171	0.00684	0.00456	0.00228	0.00570
41	0.01064	0.00912	0.01064	0.00760	0.01216	0.00684	0.00608	0.01292	0.01064	0.01672	0.00912	0.01064	0.00760	0.00380	0.00380	0.00076	0.00380	0.00304	0.00304	0.85104
42	0.85592	0.00992	0.00754	0.00675	0.00992	0.01151	0.00556	0.01508	0.00873	0.02302	0.00714	0.00834	0.00556	0.00476	0.00318	0.00159	0.00397	0.00278	0.00318	0.00556
43	0.00625	0.00447	0.00595	0.00714	0.00744	0.00417	0.00476	0.00714	0.00982	0.01310	0.02828	0.81633	0.03394	0.01608	0.00655	0.00208	0.00298	0.01459	0.00476	0.00417
44	0.85592	0.00992	0.00754	0.00675	0.00992	0.01151	0.00556	0.01508	0.00873	0.02302	0.00714	0.00834	0.00556	0.00476	0.00318	0.00159	0.00397	0.00278	0.00318	0.00556
45	0.85592	0.00992	0.00754	0.00675	0.00992	0.01151	0.00556	0.01508	0.00873	0.02302	0.00714	0.00834	0.00556	0.00476	0.00318	0.00159	0.00397	0.00278	0.00318	0.00556
46	0.02302	0.00873	0.01191	0.00913	0.01310	0.00754	0.00754	0.02501	0.01469	0.79122	0.02024	0.01746	0.01270	0.00635	0.00516	0.00159	0.00437	0.00516	0.00635	0.00873
47	0.00626	0.00523	0.00547	0.00548	0.00714	0.00444	0.00415	0.00771	0.01197	0.01455	0.12041	0.04865	0.68746	0.01280	0.00610	0.00175	0.00266	0.03853	0.00485	0.00439
48	0.00725	0.00529	0.00684	0.00659	0.00784	0.00488	0.00504	0.00958	0.01409	0.01965	0.66882	0.04071	0.10428	0.01097	0.00613	0.00168	0.00261	0.06744	0.00551	0.00479
49	0.01064	0.00912	0.01064	0.00760	0.01216	0.00684	0.00608	0.01292	0.01064	0.01672	0.00912	0.01064	0.00760	0.00380	0.00380	0.00076	0.00380	0.00304	0.00304	0.85104
50	0.00969	0.00912	0.01539	0.80734	0.03534	0.01140	0.01425	0.01311	0.01026	0.01311	0.00912	0.01368	0.00684	0.00513	0.00513	0.00171	0.00684	0.00456	0.00228	0.00570
51	0.01922	0.01423	0.01524	0.01175	0.01580	0.01578	0.00968	0.73899	0.05615	0.03188	0.01268	0.01261	0.00902	0.00619	0.00514	0.00155	0.00558	0.00467	0.00514	0.00870
52	0.00956	0.00478	0.00478	0.00478	0.00598	0.00478	0.00359	0.01196	0.01076	0.01913	0.01674	0.01913	0.01315	0.00598	0.00359	0.00120	0.00239	0.00478	0.84816	0.00478
53	0.03829	0.72560	0.02513	0.00906	0.01326	0.07317	0.00875	0.01599	0.02878	0.01264	0.00751	0.00856	0.00677	0.00452	0.00343	0.00114	0.00567	0.00286	0.00233	0.00655
54	0.01187	0.01229	0.01562	0.01345	0.01366	0.07894	0.01112	0.01301	0.00840	0.01237	0.00683	0.01107	0.00673	0.00868	0.01585	0.00217	0.74563	0.00439	0.00228	0.00564
55	0.00712	0.00539	0.00659	0.00632	0.00767	0.00496	0.00473	0.00962	0.03896	0.01872	0.55621	0.07404	0.21827	0.01120	0.00605	0.00167	0.00254	0.00976	0.00539	0.00480
56	0.01164	0.00917	0.01077	0.00783	0.01228	0.00713	0.00627	0.01439	0.04204	0.07387	0.01041	0.01149	0.00830	0.00412	0.00396	0.00086	0.00385	0.00331	0.00337	0.75495
57	0.01211	0.01384	0.03028	0.02163	0.02682	0.01298	0.76903	0.01644	0.01211	0.01644	0.01038	0.01384	0.00779	0.00433	0.00606	0.00173	0.00865	0.00606	0.00260	0.00692

[dist]
# distance from previous block
# <min> <max>
0	1

[block]
# block no. 7 follows, 48 sequences, length 75
# corresponding to MSA columns:
# 330-404
name=unknown_H
#
# <colnr> <probs for GDERKNQSTAVLIFYWHMCP>
#	G	D	E	R	K	N	Q	S	T	A	V	L	I	F	Y	W	H	M	C	P
0	0.01191	0.00848	0.01027	0.00773	0.01168	0.00666	0.00620	0.01417	0.01174	0.12747	0.10793	0.01657	0.01411	0.00533	0.00438	0.00104	0.00374	0.02803	0.00389	0.59868
1	0.85592	0.00992	0.00754	0.00675	0.00992	0.01151	0.00556	0.01508	0.00873	0.02302	0.00714	0.00834	0.00556	0.00476	0.00318	0.00159	0.00397	0.00278	0.00318	0.00556
2	0.01029	0.02654	0.79309	0.01462	0.02221	0.01192	0.01896	0.01625	0.01083	0.01625	0.00921	0.01083	0.00650	0.00487	0.00487	0.00162	0.00758	0.00379	0.00217	0.00758
3	0.01089	0.14733	0.65146	0.01360	0.02055	0.01322	0.01706	0.01647	0.03524	0.01578	0.00926	0.01070	0.00680	0.00487	0.00464	0.00155	0.00715	0.00370	0.00227	0.00745
4	0.01087	0.00950	0.02842	0.02531	0.01291	0.00707	0.00658	0.01326	0.01072	0.03311	0.00936	0.01086	0.00767	0.00391	0.00388	0.00082	0.00396	0.00314	0.00307	0.79557
5	0.00956	0.00478	0.00478	0.00478	0.00598	0.00478	0.00359	0.01196	0.01076	0.01913	0.01674	0.01913	0.01315	0.00598	0.00359	0.00120	0.00239	0.00478	0.84816	0.00478
6	0.01064	0.00912	0.01064	0.00760	0.01216	0.00684	0.00608	0.01292	0.01064	0.01672	0.00912	0.01064	0.00760	0.00380	0.00380	0.00076	0.00380	0.00304	0.00304	0.85104
7	0.00625	0.00484	0.00570	0.00625	0.00724	0.00429	0.00439	0.00744	0.01100	0.01402	0.09787	0.42295	0.36083	0.01430	0.00630	0.00189	0.00277	0.01254	0.00483	0.00429
8	0.01372	0.82276	0.02689	0.00878	0.01317	0.02030	0.00878	0.01536	0.01043	0.01207	0.00713	0.00823	0.00658	0.00439	0.00329	0.00110	0.00549	0.00274	0.00219	0.00658
9	0.01064	0.00912	0.01064	0.00760	0.01216	0.00684	0.00608	0.01292	0.01064	0.01672	0.00912	0.01064	0.00760	0.00380	0.00380	0.00076	0.00380	0.00304	0.00304	0.85104
10	0.00885	0.00448	0.00664	0.00664	0.00664	0.00448	0.00440	0.00672	0.00672	0.00895	0.00921	0.01633	0.00931	0.05037	0.02030	0.81639	0.00448	0.00458	0.00226	0.00226
11	0.00666	0.00511	0.00616	0.00653	0.00770	0.00460	0.00489	0.00824	0.01185	0.01534	0.20421	0.24646	0.33111	0.01339	0.00632	0.00188	0.00293	0.10720	0.00495	0.00445
12	0.00909	0.00575	0.00737	0.00672	0.00839	0.00517	0.00516	0.01132	0.01405	0.11164	0.56975	0.03710	0.13253	0.01025	0.00593	0.00163	0.00276	0.02731	0.00555	0.02251
13	0.00853	0.00570	0.00728	0.00667	0.00817	0.00525	0.00507	0.02907	0.01455	0.07213	0.65823	0.03714	0.10189	0.01030	0.00597	0.00162	0.00264	0.00901	0.00561	0.00516
14	0.01064	0.00912	0.01064	0.00760	0.01216	0.00684	0.00608	0.01292	0.01064	0.01672	0.00912	0.01064	0.00760	0.00380	0.00380	0.00076	0.00380	0.00304	0.00304	0.85104
15	0.01372	0.82276	0.02689	0.00878	0.01317	0.02030	0.00878	0.01536	0.01043	0.01207	0.00713	0.00823	0.00658	0.00439	0.00329	0.00110	0.00549	0.00274	0.00219	0.00658
16	0.01194	0.01142	0.01946	0.22650	0.59858	0.01199	0.01537	0.01508	0.01133	0.01584	0.00952	0.01295	0.00780	0.00471	0.00509	0.00157	0.00628	0.00457	0.00247	0.00752
17	0.01951	0.01437	0.01540	0.01181	0.01591	0.01591	0.00975	0.77056	0.02412	0.03234	0.01232	0.01232	0.00873	0.00616	0.00513	0.00154	0.00565	0.00462	0.00513	0.00873
18	0.01245	0.01215	0.02145	0.05531	0.66445	0.01213	0.09852	0.01564	0.01169	0.01658	0.01005	0.01372	0.00846	0.00475	0.00523	0.00157	0.00638	0.01906	0.00258	0.00785
19	0.00733	0.00550	0.00825	0.00825	0.00916	0.00641	0.00641	0.00916	0.00825	0.01191	0.01374	0.02016	0.01283	0.03848	0.79934	0.00825	0.01374	0.00550	0.00275	0.00458
20	0.00726	0.00524	0.00686	0.00646	0.00767	0.00484	0.00484	0.00968	0.01452	0.02058	0.78496	0.03833	0.04841	0.01049	0.00605	0.00161	0.00242	0.00928	0.00565	0.00484
21	0.01372	0.82276	0.02689	0.00878	0.01317	0.02030	0.00878	0.01536	0.01043	0.01207	0.00713	0.00823	0.00658	0.00439	0.00329	0.00110	0.00549	0.00274	0.00219	0.00658
22	0.01080	0.01170	0.02470	0.01833	0.02241	0.01098	0.59221	0.01437	0.01163	0.01572	0.01450	0.18222	0.01374	0.00700	0.00618	0.00182	0.00738	0.02494	0.00310	0.00630
23	0.01211	0.01384	0.03028	0.02163	0.02682	0.01298	0.76903	0.01644	0.01211	0.01644	0.01038	0.01384	0.00779	0.00433	0.00606	0.00173	0.00865	0.00606	0.00260	0.00692
24	0.01276	0.01102	0.01160	0.01044	0.01334	0.01276	0.00812	0.02727	0.77840	0.02146	0.02088	0.01914	0.01566	0.00696	0.00522	0.00174	0.00406	0.00580	0.00522	0.00812
25	0.00625	0.00447	0.00595	0.00714	0.00744	0.00417	0.00476	0.00714	0.00982	0.01310	0.02828	0.81633	0.03394	0.01608	0.00655	0.00208	0.00298	0.01459	0.00476	0.00417
26	0.01270	0.01219	0.02083	0.03149	0.78767	0.01219	0.01575	0.01575	0.01168	0.01676	0.00965	0.01270	0.00813	0.00457	0.00508	0.00152	0.00610	0.00457	0.00254	0.00813
27	0.00630	0.00450	0.00601	0.00720	0.00752	0.00421	0.00485	0.00723	0.00987	0.01315	0.02825	0.79758	0.03383	0.01603	0.00656	0.00209	0.00302	0.03284	0.00476	0.00418
28	0.01211	0.01384	0.03028	0.02163	0.02682	0.01298	0.76903	0.01644	0.01211	0.01644	0.01038	0.01384	0.00779	0.00433	0.00606	0.00173	0.00865	0.00606	0.00260	0.00692
29	0.01029	0.02654	0.79309	0.01462	0.02221	0.01192	0.01896	0.01625	0.01083	0.01625	0.00921	0.01083	0.00650	0.00487	0.00487	0.00162	0.00758	0.00379	0.00217	0.00758
30	0.01917	0.02445	0.01454	0.01322	0.01586	0.79907	0.00991	0.02049	0.01454	0.01256	0.00793	0.00925	0.00661	0.00529	0.00463	0.00132	0.00925	0.00330	0.00264	0.00595
31	0.01064	0.00912	0.01064	0.00760	0.01216	0.00684	0.00608	0.01292	0.01064	0.01672	0.00912	0.01064	0.00760	0.00380	0.00380	0.00076	0.00380	0.00304	0.00304	0.85104
32	0.01029	0.02654	0.79309	0.01462	0.02221	0.01192	0.01896	0.01625	0.01083	0.01625	0.00921	0.01083	0.00650	0.00487	0.00487	0.00162	0.00758	0.00379	0.00217	0.00758
33	0.01372	0.82276	0.02689	0.00878	0.01317	0.02030	0.00878	0.01536	0.01043	0.01207	0.00713	0.00823	0.00658	0.00439	0.00329	0.00110	0.00549	0.00274	0.00219	0.00658
34	0.00726	0.00524	0.00686	0.00646	0.00767	0.00484	0.00484	0.00968	0.01452	0.02058	0.78496	0.03833	0.04841	0.01049	0.00605	0.00161	0.00242	0.00928	0.00565	0.00484
35	0.01064	0.00912	0.01064	0.00760	0.01216	0.00684	0.00608	0.01292	0.01064	0.01672	0.00912	0.01064	0.00760	0.00380	0.00380	0.00076	0.00380	0.00304	0.00304	0.85104
36	0.01269	0.01096	0.01157	0.01035	0.01330	0.01257	0.00805	0.02680	0.75334	0.02131	0.02050	0.01887	0.01540	0.00686	0.00517	0.00171	0.00405	0.00571	0.00515	0.03564
37	0.85592	0.00992	0.00754	0.00675	0.00992	0.01151	0.00556	0.01508	0.00873	0.02302	0.00714	0.00834	0.00556	0.00476	0.00318	0.00159	0.00397	0.00278	0.00318	0.00556
38	0.01029	0.02654	0.79309	0.01462	0.02221	0.01192	0.01896	0.01625	0.01083	0.01625	0.00921	0.01083	0.00650	0.00487	0.00487	0.00162	0.00758	0.00379	0.00217	0.00758
39	0.00625	0.00447	0.00595	0.00714	0.00744	0.00417	0.00476	0.00714	0.00982	0.01310	0.02828	0.81633	0.03394	0.01608	0.00655	0.00208	0.00298	0.01459	0.00476	0.00417
40	0.01064	0.00912	0.01064	0.00760	0.01216	0.00684	0.00608	0.01292	0.01064	0.01672	0.00912	0.01064	0.00760	0.00380	0.00380	0.00076	0.00380	0.00304	0.00304	0.85104
41	0.00969	0.00912	0.01539	0.80734	0.03534	0.01140	0.01425	0.01311	0.01026	0.01311	0.00912	0.01368	0.00684	0.00513	0.00513	0.00171	0.00684	0.00456	0.00228	0.00570
42	0.01917	0.02445	0.01454	0.01322	0.01586	0.79907	0.00991	0.02049	0.01454	0.01256	0.00793	0.00925	0.00661	0.00529	0.00463	0.00132	0.00925	0.00330	0.00264	0.00595
43	0.00775	0.00574	0.00748	0.00821	0.00939	0.00562	0.00669	0.01034	0.05072	0.01573	0.12399	0.19119	0.11962	0.01356	0.00665	0.00211	0.00384	0.40172	0.00488	0.00476
44	0.00625	0.00447	0.00595	0.00714	0.00744	0.00417	0.00476	0.00714	0.00982	0.01310	0.02828	0.81633	0.03394	0.01608	0.00655	0.00208	0.00298	0.01459	0.00476	0.00417
45	0.00628	0.00449	0.00598	0.00713	0.00745	0.00419	0.00477	0.00721	0.00995	0.01329	0.04794	0.79611	0.03431	0.01593	0.00654	0.00207	0.00296	0.01445	0.00479	0.00419
46	0.01984	0.01384	0.01507	0.01155	0.01564	0.01512	0.00954	0.69963	0.02323	0.10454	0.01307	0.01281	0.00910	0.00618	0.00514	0.00154	0.00552	0.00467	0.00525	0.00873
47	0.00789	0.00541	0.00683	0.00640	0.00783	0.00488	0.00482	0.01006	0.01393	0.06128	0.59821	0.05841	0.17308	0.01083	0.00602	0.00164	0.00257	0.00945	0.00551	0.00495
48	0.01372	0.82276	0.02689	0.00878	0.01317	0.02030	0.00878	0.01536	0.01043	0.01207	0.00713	0.00823	0.00658	0.00439	0.00329	0.00110	0.00549	0.00274	0.00219	0.00658
49	0.00969	0.00912	0.01539	0.80734	0.03534	0.01140	0.01425	0.01311	0.01026	0.01311	0.00912	0.01368	0.00684	0.00513	0.00513	0.00171	0.00684	0.00456	0.00228	0.00570
50	0.01201	0.01257	0.01607	0.01371	0.01412	0.09016	0.03526	0.01325	0.00863	0.01250	0.00697	0.01112	0.00676	0.00848	0.01533	0.00214	0.70852	0.00443	0.00229	0.00569
51	0.00637	0.00455	0.00609	0.00728	0.00764	0.00427	0.00498	0.00736	0.00994	0.01324	0.02821	0.77027	0.03367	0.01596	0.00658	0.00210	0.00308	0.05943	0.00476	0.00420
