[name]
unknown

[dist]
# distance from previous block
# <min> <max>
39	152

[block]
# block no. 0 follows, 43 sequences, length 10
# corresponding to MSA columns:
# 175-184
name=unknown_A
#
# <colnr> <probs for GDERKNQSTAVLIFYWHMCP>
#	G	D	E	R	K	N	Q	S	T	A	V	L	I	F	Y	W	H	M	C	P
0	0.01484	0.16014	0.11214	0.01500	0.02035	0.03745	0.26685	0.01832	0.01279	0.12731	0.01165	0.01326	0.00870	0.00500	0.00522	0.00151	0.00700	0.00479	0.00335	0.15433
1	0.21276	0.30009	0.23773	0.01077	0.01594	0.01554	0.01159	0.03510	0.01146	0.03723	0.02979	0.01145	0.00852	0.00664	0.03338	0.00181	0.00640	0.00372	0.00293	0.00714
2	0.18980	0.13248	0.31122	0.01350	0.04003	0.07880	0.04810	0.03690	0.01199	0.04635	0.00953	0.01111	0.00726	0.00542	0.00518	0.00166	0.03646	0.00390	0.00290	0.00740
3	0.01147	0.08959	0.45770	0.01468	0.05732	0.03240	0.03116	0.03386	0.03952	0.01704	0.01314	0.11204	0.01164	0.00864	0.04400	0.00211	0.00749	0.00574	0.00297	0.00749
4	0.01117	0.02838	0.06814	0.00897	0.01193	0.00799	0.02531	0.08506	0.01538	0.07204	0.39599	0.05853	0.06586	0.00923	0.00592	0.00163	0.00397	0.00797	0.00521	0.11132
5	0.01444	0.23416	0.10526	0.04908	0.09956	0.10617	0.04811	0.08345	0.01344	0.01732	0.02356	0.01250	0.00889	0.02509	0.00530	0.00149	0.00662	0.00413	0.00301	0.13841
6	0.01904	0.27841	0.01986	0.01152	0.01567	0.16243	0.00982	0.24398	0.05437	0.11631	0.01209	0.01228	0.00914	0.00591	0.00479	0.00148	0.00652	0.00419	0.00416	0.00806
7	0.00899	0.00641	0.00790	0.00796	0.00931	0.00618	0.00570	0.01226	0.10649	0.05264	0.18052	0.40189	0.06759	0.04881	0.00748	0.00212	0.00343	0.01174	0.00531	0.04727
8	0.84448	0.01071	0.00814	0.00728	0.01071	0.01242	0.00600	0.01628	0.00943	0.02485	0.00771	0.00900	0.00600	0.00514	0.00343	0.00171	0.00428	0.00300	0.00343	0.00600
9	0.00998	0.00614	0.00809	0.00733	0.00901	0.00559	0.00559	0.01254	0.01570	0.11706	0.67385	0.03853	0.04740	0.01076	0.00641	0.00174	0.00288	0.00946	0.00619	0.00576

[dist]
# distance from previous block
# <min> <max>
0	9

[block]
# block no. 1 follows, 43 sequences, length 7
# corresponding to MSA columns:
# 194-200
name=unknown_B
#
# <colnr> <probs for GDERKNQSTAVLIFYWHMCP>
#	G	D	E	R	K	N	Q	S	T	A	V	L	I	F	Y	W	H	M	C	P
0	0.01497	0.01342	0.04093	0.09551	0.32517	0.05728	0.04970	0.02129	0.19906	0.10408	0.01459	0.01590	0.01105	0.00589	0.00555	0.00173	0.00628	0.00531	0.00390	0.00838
1	0.01913	0.00842	0.01102	0.00891	0.01232	0.00748	0.00719	0.02191	0.05063	0.51506	0.16294	0.02697	0.10615	0.00852	0.00586	0.00174	0.00410	0.00711	0.00646	0.00809
2	0.02030	0.00848	0.01105	0.00880	0.01248	0.00728	0.00716	0.02226	0.01505	0.58574	0.03037	0.02742	0.20142	0.00864	0.00581	0.00175	0.00424	0.00709	0.00643	0.00824
3	0.01122	0.00608	0.00791	0.00794	0.00947	0.00543	0.00575	0.01254	0.01220	0.20337	0.03205	0.49944	0.13618	0.01426	0.00662	0.00206	0.00353	0.01263	0.00557	0.00575
4	0.01963	0.01387	0.01610	0.01433	0.10116	0.01493	0.01055	0.54289	0.02257	0.10043	0.04117	0.01519	0.01150	0.00663	0.00550	0.00165	0.00574	0.00522	0.04191	0.00901
5	0.00848	0.00601	0.00789	0.00860	0.00959	0.00592	0.00692	0.01036	0.01191	0.01569	0.11056	0.05318	0.06297	0.21126	0.01258	0.00313	0.00479	0.44070	0.00478	0.00466
6	0.01125	0.00597	0.00802	0.00824	0.00955	0.00540	0.00589	0.01251	0.01191	0.20325	0.02837	0.60706	0.03093	0.01474	0.00670	0.00212	0.00359	0.01321	0.00557	0.00572

[dist]
# distance from previous block
# <min> <max>
4	21

[block]
# block no. 2 follows, 43 sequences, length 55
# corresponding to MSA columns:
# 233-279,294-301
name=unknown_C
#
# <colnr> <probs for GDERKNQSTAVLIFYWHMCP>
#	G	D	E	R	K	N	Q	S	T	A	V	L	I	F	Y	W	H	M	C	P
0	0.11868	0.00985	0.01527	0.66569	0.03375	0.01213	0.01396	0.01434	0.01091	0.01562	0.01018	0.01551	0.00797	0.00579	0.00533	0.00185	0.00691	0.02749	0.00267	0.00610
1	0.01111	0.02865	0.77667	0.01579	0.02397	0.01286	0.02046	0.01754	0.01169	0.01754	0.00994	0.01169	0.00702	0.00526	0.00526	0.00175	0.00818	0.00409	0.00234	0.00818
2	0.00667	0.00557	0.00581	0.00584	0.00758	0.00471	0.00435	0.00815	0.01277	0.01553	0.11486	0.09339	0.66783	0.01398	0.00657	0.00188	0.00281	0.01177	0.00522	0.00471
3	0.02105	0.01551	0.01662	0.01274	0.01717	0.01717	0.01053	0.75235	0.02604	0.03490	0.01330	0.01330	0.00942	0.00665	0.00554	0.00166	0.00609	0.00499	0.00554	0.00942
4	0.01148	0.00984	0.01148	0.00820	0.01312	0.00738	0.00656	0.01395	0.01148	0.01805	0.00984	0.01148	0.00820	0.00410	0.00410	0.00082	0.00410	0.00328	0.00328	0.83922
5	0.00747	0.00527	0.00673	0.00737	0.00825	0.00487	0.00517	0.00881	0.01166	0.03901	0.12307	0.50514	0.17102	0.01701	0.04949	0.00247	0.00375	0.01345	0.00519	0.00480
6	0.00718	0.00525	0.00685	0.00797	0.00869	0.00492	0.00582	0.00853	0.01131	0.01475	0.03348	0.55234	0.12740	0.01650	0.00713	0.00226	0.00356	0.16628	0.00513	0.00465
7	0.01122	0.00957	0.01121	0.00818	0.01285	0.00722	0.00648	0.01360	0.01144	0.01783	0.01098	0.05487	0.00976	0.00483	0.00426	0.00090	0.00405	0.00397	0.00338	0.79339
8	0.05769	0.01529	0.01662	0.11279	0.21119	0.17959	0.01210	0.19108	0.01614	0.06221	0.01245	0.06518	0.01038	0.00652	0.00541	0.00167	0.00686	0.00530	0.00381	0.00771
9	0.02105	0.01551	0.01662	0.01274	0.01717	0.01717	0.01053	0.75235	0.02604	0.03490	0.01330	0.01330	0.00942	0.00665	0.00554	0.00166	0.00609	0.00499	0.00554	0.00942
10	0.01032	0.00516	0.00516	0.00516	0.00645	0.00516	0.00387	0.01290	0.01161	0.02065	0.01807	0.02065	0.01420	0.00645	0.00387	0.00129	0.00258	0.00516	0.83611	0.00516
11	0.01046	0.00984	0.01661	0.79205	0.03814	0.01230	0.01538	0.01415	0.01107	0.01415	0.00984	0.01477	0.00738	0.00554	0.00554	0.00185	0.00738	0.00492	0.00246	0.00615
12	0.00793	0.00587	0.00857	0.00857	0.00944	0.00674	0.00651	0.00968	0.00880	0.01261	0.01514	0.02343	0.01457	0.12998	0.69597	0.00849	0.01374	0.00618	0.00301	0.00476
13	0.00766	0.00561	0.00719	0.00689	0.00819	0.00513	0.00513	0.01007	0.01511	0.02109	0.66152	0.08843	0.11345	0.01192	0.00657	0.00178	0.00267	0.01051	0.00596	0.00513
14	0.01148	0.00984	0.01148	0.00820	0.01312	0.00738	0.00656	0.01395	0.01148	0.01805	0.00984	0.01148	0.00820	0.00410	0.00410	0.00082	0.00410	0.00328	0.00328	0.83922
15	0.01422	0.01212	0.01277	0.01136	0.01457	0.01398	0.00887	0.07358	0.71594	0.02388	0.02198	0.02021	0.01645	0.00746	0.00563	0.00187	0.00449	0.00618	0.00563	0.00881
16	0.01032	0.00516	0.00516	0.00516	0.00645	0.00516	0.00387	0.01290	0.01161	0.02065	0.01807	0.02065	0.01420	0.00645	0.00387	0.00129	0.00258	0.00516	0.83611	0.00516
17	0.01983	0.01468	0.01569	0.01214	0.01636	0.01612	0.00999	0.68943	0.02491	0.03322	0.01692	0.01668	0.07358	0.00727	0.00563	0.00168	0.00582	0.00555	0.00551	0.00902
18	0.01126	0.09265	0.64040	0.01489	0.02225	0.01316	0.04024	0.01700	0.01196	0.01747	0.05999	0.01352	0.01006	0.00560	0.00524	0.00171	0.00766	0.00446	0.00260	0.00788
19	0.00791	0.00593	0.00890	0.00890	0.00989	0.00692	0.00692	0.00989	0.00890	0.01286	0.01483	0.02176	0.01385	0.04154	0.78341	0.00890	0.01483	0.00593	0.00297	0.00494
20	0.06189	0.01494	0.01600	0.01231	0.01669	0.01644	0.01017	0.67620	0.02466	0.07503	0.01349	0.01339	0.00949	0.00659	0.00544	0.00167	0.00593	0.00492	0.00551	0.00925
21	0.00923	0.00702	0.01061	0.04950	0.01375	0.00709	0.04998	0.01195	0.01268	0.01652	0.02737	0.05751	0.02938	0.01423	0.00748	0.00248	0.00545	0.65767	0.00484	0.00528
22	0.01080	0.01904	0.35988	0.01611	0.02204	0.01147	0.26035	0.01557	0.01244	0.01724	0.03990	0.02156	0.15468	0.00691	0.00597	0.00181	0.00739	0.00652	0.00313	0.00719
23	0.02475	0.00958	0.01295	0.00993	0.01422	0.00838	0.00820	0.04600	0.01612	0.75526	0.02163	0.01870	0.01360	0.00685	0.00557	0.00171	0.00475	0.00555	0.00682	0.00943
24	0.00792	0.00591	0.00876	0.00876	0.00970	0.00685	0.00675	0.00980	0.00886	0.01275	0.01496	0.02247	0.01416	0.07922	0.74615	0.00873	0.01437	0.00604	0.00299	0.00487
25	0.01324	0.01422	0.08578	0.08971	0.65235	0.01307	0.01717	0.01683	0.01242	0.01775	0.01033	0.01362	0.00852	0.00501	0.00547	0.00167	0.00678	0.00486	0.00269	0.00853
26	0.01250	0.01192	0.02029	0.31625	0.49801	0.01284	0.01640	0.01594	0.01204	0.01663	0.01020	0.01410	0.00826	0.00516	0.00550	0.00172	0.00688	0.00493	0.00264	0.00780
27	0.00791	0.00593	0.00890	0.00890	0.00989	0.00692	0.00692	0.00989	0.00890	0.01286	0.01483	0.02176	0.01385	0.04154	0.78341	0.00890	0.01483	0.00593	0.00297	0.00494
28	0.84448	0.01071	0.00814	0.00728	0.01071	0.01242	0.00600	0.01628	0.00943	0.02485	0.00771	0.00900	0.00600	0.00514	0.00343	0.00171	0.00428	0.00300	0.00343	0.00600
29	0.00777	0.00555	0.00716	0.00692	0.00798	0.00518	0.00499	0.00993	0.01433	0.02015	0.61519	0.10502	0.04707	0.10746	0.00919	0.00222	0.00300	0.01026	0.00569	0.00494
30	0.01250	0.00667	0.00878	0.00797	0.00994	0.00607	0.00604	0.01484	0.02985	0.23169	0.36518	0.18725	0.05111	0.02783	0.00680	0.00192	0.00342	0.00983	0.00603	0.00628
31	0.01362	0.01307	0.02233	0.05328	0.75217	0.01314	0.01696	0.01692	0.01257	0.01799	0.01040	0.01373	0.00874	0.00495	0.00548	0.00165	0.00660	0.00493	0.00273	0.00871
32	0.84448	0.01071	0.00814	0.00728	0.01071	0.01242	0.00600	0.01628	0.00943	0.02485	0.00771	0.00900	0.00600	0.00514	0.00343	0.00171	0.00428	0.00300	0.00343	0.00600
33	0.01598	0.01193	0.01298	0.01123	0.01464	0.01336	0.00886	0.10127	0.58774	0.12493	0.02153	0.01969	0.01573	0.00734	0.00562	0.00183	0.00460	0.00604	0.00579	0.00892
34	0.00754	0.00572	0.00658	0.00631	0.00799	0.00500	0.00475	0.00950	0.01406	0.03548	0.37289	0.04719	0.43181	0.01266	0.00652	0.00181	0.00276	0.01080	0.00561	0.00503
35	0.00675	0.00482	0.00643	0.00771	0.00803	0.00450	0.00514	0.00771	0.01060	0.01414	0.03053	0.80175	0.03663	0.01735	0.00707	0.00225	0.00321	0.01574	0.00514	0.00450
36	0.01378	0.01190	0.01252	0.01127	0.01440	0.01378	0.00877	0.02943	0.76081	0.02317	0.02254	0.02066	0.01691	0.00751	0.00564	0.00188	0.00438	0.00626	0.00564	0.00877
37	0.04097	0.00975	0.01271	0.00997	0.01410	0.00892	0.00817	0.02706	0.10614	0.66745	0.02163	0.01886	0.01393	0.00690	0.00553	0.00173	0.00466	0.00560	0.00663	0.00927
38	0.00964	0.00525	0.00797	0.07352	0.00979	0.00546	0.00566	0.00783	0.00757	0.01004	0.00988	0.01727	0.00976	0.04270	0.02049	0.74202	0.00504	0.00492	0.00244	0.00275
39	0.01045	0.00945	0.01564	0.72554	0.03547	0.01170	0.01441	0.01405	0.01112	0.01470	0.01054	0.01526	0.00796	0.00561	0.00540	0.00180	0.00698	0.00494	0.07292	0.00607
40	0.00692	0.00499	0.00660	0.00782	0.00830	0.00467	0.00542	0.00804	0.01088	0.01438	0.03163	0.70406	0.07065	0.01702	0.00709	0.00226	0.00335	0.07622	0.00514	0.00456
41	0.01165	0.00591	0.00615	0.00579	0.00740	0.00592	0.00443	0.05016	0.01256	0.06276	0.01804	0.02019	0.01393	0.00648	0.00405	0.00133	0.00287	0.00518	0.74959	0.00561
42	0.01051	0.00991	0.01662	0.76893	0.03744	0.01244	0.01528	0.01413	0.01100	0.01413	0.00977	0.01469	0.00738	0.00566	0.00591	0.00186	0.03081	0.00492	0.00246	0.00615
43	0.01032	0.00516	0.00516	0.00516	0.00645	0.00516	0.00387	0.01290	0.01161	0.02065	0.01807	0.02065	0.01420	0.00645	0.00387	0.00129	0.00258	0.00516	0.83611	0.00516
44	0.02069	0.02640	0.01569	0.01427	0.01712	0.78313	0.01070	0.02212	0.01569	0.01355	0.00856	0.00999	0.00713	0.00571	0.00499	0.00143	0.00999	0.00357	0.00285	0.00642
45	0.01148	0.00984	0.01148	0.00820	0.01312	0.00738	0.00656	0.01395	0.01148	0.01805	0.00984	0.01148	0.00820	0.00410	0.00410	0.00082	0.00410	0.00328	0.00328	0.83922
46	0.00675	0.00482	0.00643	0.00771	0.00803	0.00450	0.00514	0.00771	0.01060	0.01414	0.03053	0.80175	0.03663	0.01735	0.00707	0.00225	0.00321	0.01574	0.00514	0.00450
47	0.77488	0.01112	0.00886	0.00774	0.01126	0.01283	0.00638	0.07849	0.01083	0.02570	0.00818	0.00936	0.00629	0.00527	0.00361	0.00171	0.00444	0.00317	0.00361	0.00629
48	0.72701	0.01073	0.00861	0.00758	0.01098	0.01227	0.00622	0.07113	0.01089	0.02495	0.01134	0.01225	0.05676	0.00584	0.00379	0.00172	0.00432	0.00372	0.00370	0.00617
49	0.01777	0.01391	0.01679	0.01314	0.01675	0.01553	0.07253	0.50304	0.06178	0.02833	0.01339	0.01557	0.01042	0.06103	0.03775	0.00228	0.08146	0.00541	0.00478	0.00833
50	0.79020	0.01063	0.00845	0.00745	0.01094	0.01214	0.00614	0.01699	0.00985	0.07451	0.00865	0.00965	0.00651	0.00525	0.00357	0.00171	0.00431	0.00317	0.00365	0.00622
51	0.00802	0.00552	0.00681	0.00681	0.00707	0.00579	0.00431	0.00855	0.00828	0.01131	0.01675	0.03236	0.01845	0.60076	0.23048	0.00632	0.00790	0.00749	0.00325	0.00378
52	0.01436	0.75549	0.02750	0.00925	0.01367	0.02082	0.00907	0.01602	0.01104	0.01288	0.00835	0.01070	0.00797	0.05776	0.00519	0.00146	0.00589	0.00330	0.00243	0.00686
53	0.01141	0.00953	0.01107	0.00800	0.01268	0.00724	0.00638	0.01388	0.01149	0.01822	0.01039	0.01209	0.00860	0.00426	0.00409	0.00085	0.00400	0.00341	0.05844	0.78398
54	0.01146	0.01109	0.06216	0.00871	0.01384	0.00775	0.00748	0.01418	0.01150	0.01801	0.00985	0.01150	0.00812	0.00418	0.00418	0.00088	0.00437	0.00333	0.00322	0.78418

[dist]
# distance from previous block
# <min> <max>
0	6

[block]
# block no. 3 follows, 43 sequences, length 10
# corresponding to MSA columns:
# 308-317
name=unknown_D
#
# <colnr> <probs for GDERKNQSTAVLIFYWHMCP>
#	G	D	E	R	K	N	Q	S	T	A	V	L	I	F	Y	W	H	M	C	P
0	0.01104	0.01044	0.01767	0.65577	0.16986	0.01246	0.01567	0.01466	0.01135	0.01486	0.00995	0.01458	0.00763	0.00543	0.00553	0.00181	0.00724	0.00492	0.00251	0.00662
1	0.00962	0.00481	0.00722	0.00722	0.00722	0.00481	0.00481	0.00722	0.00722	0.00962	0.00962	0.01684	0.00962	0.01924	0.02165	0.83886	0.00481	0.00481	0.00241	0.00241
2	0.00860	0.00955	0.14458	0.00779	0.00926	0.00672	0.00643	0.00976	0.00871	0.01196	0.01610	0.03183	0.01778	0.66153	0.02407	0.00472	0.00588	0.00734	0.00317	0.00422
3	0.37985	0.24782	0.03976	0.00987	0.01319	0.05792	0.00882	0.01619	0.01020	0.01845	0.00774	0.00966	0.00665	0.00588	0.00626	0.00167	0.14739	0.00338	0.00287	0.00643
4	0.03934	0.05665	0.58004	0.01377	0.02023	0.01173	0.01674	0.01569	0.01140	0.01699	0.01347	0.15351	0.01231	0.00741	0.00545	0.00182	0.00706	0.00610	0.00288	0.00740
5	0.05680	0.02067	0.38934	0.05490	0.04617	0.04283	0.04188	0.09871	0.07547	0.03375	0.01349	0.01471	0.04193	0.00596	0.00530	0.00171	0.00699	0.00478	0.00332	0.04129
6	0.05031	0.03979	0.16127	0.10960	0.04346	0.05638	0.14534	0.17426	0.02939	0.02118	0.06026	0.01627	0.03802	0.00619	0.00555	0.00171	0.00696	0.00541	0.00363	0.02501
7	0.01065	0.00920	0.01266	0.01322	0.14825	0.00817	0.04078	0.04944	0.01258	0.01773	0.03915	0.17935	0.12834	0.00874	0.00555	0.00152	0.00447	0.00775	0.00400	0.29846
8	0.04944	0.01148	0.01432	0.01569	0.21428	0.04035	0.00971	0.04241	0.10088	0.01898	0.01270	0.05255	0.01102	0.02810	0.00553	0.00146	0.00509	0.00488	0.00358	0.35756
9	0.01103	0.04360	0.35299	0.01459	0.04273	0.01243	0.06366	0.01495	0.01104	0.01614	0.01322	0.10303	0.03475	0.00766	0.00809	0.00186	0.16740	0.00590	0.00288	0.07206

[dist]
# distance from previous block
# <min> <max>
0	19

# created by:
# /st0/software/busco_prod/Augustus/scripts/msa2prfl.pl ./align_prep/198718.fa
