[name]
unknown

[dist]
# distance from previous block
# <min> <max>
18	56

[block]
# block no. 0 follows, 46 sequences, length 6
# corresponding to MSA columns:
# 81-86
name=unknown_A
#
# <colnr> <probs for GDERKNQSTAVLIFYWHMCP>
#	G	D	E	R	K	N	Q	S	T	A	V	L	I	F	Y	W	H	M	C	P
0	0.08154	0.01021	0.03086	0.09881	0.08272	0.03922	0.00856	0.06011	0.04370	0.03654	0.01449	0.12248	0.03403	0.02782	0.03051	0.00176	0.00515	0.00576	0.00357	0.26217
1	0.07150	0.01143	0.01415	0.06844	0.18265	0.03846	0.01004	0.16956	0.07422	0.02041	0.01334	0.11091	0.01193	0.00677	0.00540	0.00156	0.02713	0.00564	0.00378	0.15270
2	0.01391	0.01091	0.01610	0.16093	0.19275	0.01125	0.06320	0.13648	0.05409	0.09756	0.03521	0.05114	0.01160	0.00606	0.00526	0.00158	0.00563	0.00541	0.02954	0.09138
3	0.01320	0.06785	0.04004	0.15548	0.10772	0.05337	0.01065	0.18772	0.04223	0.01893	0.01323	0.11692	0.01212	0.04102	0.00664	0.00178	0.03958	0.00590	0.00360	0.06201
4	0.01330	0.01163	0.01419	0.12176	0.11335	0.09039	0.04383	0.07758	0.11294	0.06597	0.06464	0.05763	0.01386	0.03752	0.00604	0.00167	0.00558	0.00558	0.00385	0.13871
5	0.01429	0.01094	0.01280	0.10957	0.10737	0.07835	0.00907	0.13628	0.03286	0.10952	0.03522	0.03716	0.01220	0.07382	0.00678	0.00178	0.00534	0.00520	0.09789	0.10356

[dist]
# distance from previous block
# <min> <max>
3	9

[block]
# block no. 1 follows, 46 sequences, length 13
# corresponding to MSA columns:
# 96-108
name=unknown_B
#
# <colnr> <probs for GDERKNQSTAVLIFYWHMCP>
#	G	D	E	R	K	N	Q	S	T	A	V	L	I	F	Y	W	H	M	C	P
0	0.46285	0.00951	0.00858	0.02373	0.01076	0.03905	0.00616	0.05311	0.02725	0.05918	0.12218	0.09332	0.01631	0.04120	0.00538	0.00183	0.00418	0.00556	0.00407	0.00578
1	0.00900	0.00711	0.00880	0.12138	0.01280	0.00702	0.00646	0.04120	0.05822	0.02901	0.08855	0.13185	0.20279	0.14094	0.00915	0.00223	0.00414	0.00839	0.00420	0.10677
2	0.10045	0.18114	0.33986	0.01295	0.01874	0.01339	0.10140	0.01790	0.01164	0.13951	0.01080	0.01181	0.00779	0.00509	0.00470	0.00157	0.00659	0.00408	0.00309	0.00750
3	0.13358	0.35202	0.22325	0.01242	0.04534	0.03814	0.07670	0.01615	0.01102	0.01599	0.02692	0.01065	0.00782	0.00489	0.00423	0.00144	0.00634	0.00366	0.00255	0.00693
4	0.00648	0.00528	0.00574	0.00581	0.00733	0.00453	0.00429	0.00797	0.01232	0.01537	0.17460	0.13786	0.56735	0.01332	0.00630	0.00181	0.00269	0.01134	0.00506	0.00453
5	0.01674	0.01155	0.12314	0.01066	0.03303	0.00907	0.00935	0.06612	0.08981	0.35947	0.05291	0.06212	0.01475	0.00938	0.05087	0.03591	0.00544	0.00581	0.00504	0.02882
6	0.05381	0.13668	0.45960	0.01473	0.02109	0.01353	0.14947	0.01674	0.03384	0.01679	0.03003	0.01221	0.00832	0.00506	0.00496	0.00162	0.00726	0.00433	0.00256	0.00738
7	0.00671	0.00507	0.00620	0.00656	0.00759	0.00456	0.00468	0.00824	0.01218	0.01611	0.26828	0.35339	0.25349	0.01387	0.00645	0.00189	0.00278	0.01222	0.00519	0.00456
8	0.03964	0.00859	0.01049	0.00861	0.01178	0.00811	0.00687	0.05296	0.11614	0.38090	0.12013	0.02471	0.10955	0.03614	0.00620	0.00176	0.00403	0.00655	0.00570	0.04114
9	0.01080	0.01073	0.01684	0.09336	0.01720	0.01363	0.11734	0.01263	0.00926	0.01351	0.01091	0.12725	0.01114	0.00923	0.01303	0.00216	0.49611	0.00636	0.00274	0.00577
10	0.01894	0.13924	0.01681	0.01296	0.01594	0.68184	0.01005	0.02035	0.01437	0.01287	0.00805	0.00938	0.00681	0.00531	0.00457	0.00133	0.00897	0.00332	0.00266	0.00622
11	0.01300	0.01281	0.02286	0.03099	0.67275	0.01268	0.12359	0.01633	0.01210	0.01722	0.01005	0.01325	0.00832	0.00467	0.00538	0.00160	0.00666	0.00493	0.00263	0.00819
12	0.00841	0.00561	0.00736	0.00681	0.00822	0.00515	0.00515	0.01088	0.01497	0.06471	0.73528	0.03826	0.04779	0.01056	0.00618	0.00166	0.00261	0.00932	0.00586	0.00522

[dist]
# distance from previous block
# <min> <max>
0	27

[block]
# block no. 2 follows, 46 sequences, length 17
# corresponding to MSA columns:
# 136-152
name=unknown_C
#
# <colnr> <probs for GDERKNQSTAVLIFYWHMCP>
#	G	D	E	R	K	N	Q	S	T	A	V	L	I	F	Y	W	H	M	C	P
0	0.02321	0.00936	0.01244	0.00959	0.01365	0.00837	0.00790	0.06268	0.03902	0.72377	0.02047	0.01778	0.01298	0.00655	0.00532	0.00164	0.00455	0.00531	0.00644	0.00898
1	0.32575	0.00947	0.00957	0.00836	0.01131	0.01029	0.00663	0.01982	0.21987	0.16210	0.11523	0.01845	0.01626	0.03863	0.00555	0.00182	0.00402	0.00524	0.00478	0.00685
2	0.00945	0.00652	0.00796	0.00737	0.00910	0.00631	0.00561	0.01344	0.12112	0.08172	0.47626	0.05701	0.12271	0.02879	0.00655	0.00180	0.00304	0.02397	0.00561	0.00567
3	0.02045	0.01246	0.01409	0.01088	0.01487	0.01313	0.00896	0.49981	0.02112	0.24952	0.01536	0.01470	0.01048	0.00639	0.00519	0.00158	0.00521	0.00493	0.06216	0.00872
4	0.11160	0.00980	0.01152	0.00932	0.01278	0.00975	0.00759	0.18447	0.03313	0.38880	0.03275	0.06620	0.01394	0.00720	0.00514	0.00165	0.00449	0.02308	0.05888	0.00790
5	0.01975	0.00863	0.01131	0.00918	0.01260	0.00790	0.00738	0.02326	0.10432	0.57035	0.07869	0.08833	0.01811	0.00780	0.00552	0.00170	0.00419	0.00655	0.00621	0.00821
6	0.00659	0.00529	0.00588	0.00589	0.00739	0.00458	0.00436	0.00819	0.01262	0.01600	0.23970	0.12280	0.51608	0.01303	0.00629	0.00179	0.00267	0.01112	0.00515	0.00458
7	0.76997	0.01010	0.00821	0.00719	0.01055	0.01146	0.00593	0.01655	0.00960	0.09873	0.00869	0.00951	0.00645	0.00507	0.00347	0.00164	0.00413	0.00310	0.00359	0.00605
8	0.01248	0.01426	0.03119	0.02228	0.02763	0.01337	0.76203	0.01693	0.01248	0.01693	0.01070	0.01426	0.00802	0.00446	0.00624	0.00178	0.00891	0.00624	0.00267	0.00713
9	0.00652	0.00471	0.00610	0.00712	0.00756	0.00437	0.00478	0.00749	0.01036	0.01373	0.06010	0.69398	0.08968	0.04730	0.00748	0.00222	0.00310	0.01424	0.00488	0.00429
10	0.01673	0.01189	0.01323	0.01081	0.01414	0.01287	0.00885	0.49020	0.05887	0.06706	0.09134	0.05141	0.01691	0.00808	0.00562	0.00171	0.00506	0.08274	0.02463	0.00786
11	0.01308	0.01256	0.02146	0.03245	0.78123	0.01256	0.01622	0.01622	0.01204	0.01727	0.00994	0.01308	0.00837	0.00471	0.00523	0.00157	0.00628	0.00471	0.00262	0.00837
12	0.01077	0.00920	0.01076	0.00781	0.01233	0.00693	0.00621	0.01306	0.01093	0.01707	0.01022	0.04432	0.00896	0.00444	0.00403	0.00084	0.00388	0.00363	0.00321	0.81140
13	0.00758	0.00510	0.00587	0.00594	0.00604	0.00505	0.00344	0.00780	0.00832	0.01117	0.06409	0.09503	0.02231	0.70340	0.02408	0.00468	0.00481	0.00837	0.00349	0.00340
14	0.01455	0.01104	0.01200	0.01058	0.01371	0.01244	0.00829	0.02778	0.67157	0.12305	0.02143	0.01949	0.01573	0.00709	0.00537	0.00177	0.00423	0.00589	0.00553	0.00845
15	0.04115	0.01404	0.01503	0.03552	0.01638	0.04325	0.00973	0.57446	0.04763	0.12866	0.01365	0.01344	0.00954	0.00630	0.00522	0.00160	0.00572	0.00477	0.00522	0.00869
16	0.17365	0.00942	0.01010	0.00859	0.01140	0.02448	0.00682	0.14271	0.07804	0.14510	0.24239	0.05370	0.03730	0.00797	0.00523	0.00165	0.00401	0.00648	0.00515	0.02581

[dist]
# distance from previous block
# <min> <max>
7	11

[block]
# block no. 3 follows, 46 sequences, length 20
# corresponding to MSA columns:
# 166-185
name=unknown_D
#
# <colnr> <probs for GDERKNQSTAVLIFYWHMCP>
#	G	D	E	R	K	N	Q	S	T	A	V	L	I	F	Y	W	H	M	C	P
0	0.00774	0.00529	0.00627	0.00635	0.00706	0.00493	0.00413	0.00829	0.00952	0.02976	0.05403	0.21950	0.14726	0.36406	0.01610	0.05114	0.00404	0.00964	0.00401	0.04090
1	0.03421	0.01165	0.01827	0.25140	0.43833	0.03239	0.01440	0.05372	0.01218	0.03873	0.01010	0.01339	0.00808	0.00551	0.00572	0.03072	0.00640	0.00464	0.00280	0.00736
2	0.01648	0.00930	0.01141	0.00989	0.02838	0.00939	0.00763	0.09750	0.20861	0.30927	0.12349	0.06556	0.01942	0.00840	0.00632	0.04489	0.00424	0.00651	0.00563	0.00766
3	0.01625	0.00771	0.00979	0.00819	0.01115	0.00694	0.00651	0.01911	0.07092	0.42656	0.12495	0.06803	0.18281	0.00910	0.00571	0.00171	0.00376	0.00765	0.00593	0.00723
4	0.00841	0.00569	0.00697	0.00684	0.00781	0.00553	0.00475	0.01036	0.05003	0.05463	0.24271	0.15938	0.09032	0.26318	0.05727	0.00322	0.00427	0.00936	0.00463	0.00464
5	0.01176	0.01266	0.04103	0.24714	0.07156	0.01256	0.43001	0.04122	0.01220	0.01638	0.01109	0.04721	0.00889	0.00529	0.00587	0.00177	0.00785	0.00597	0.00275	0.00680
6	0.02066	0.01110	0.01335	0.01016	0.01438	0.01070	0.00836	0.28354	0.01797	0.41328	0.01638	0.01515	0.01091	0.00611	0.00511	0.00150	0.00488	0.00482	0.00563	0.12603
7	0.85155	0.01022	0.00777	0.00695	0.01022	0.01186	0.00573	0.01554	0.00900	0.02372	0.00736	0.00859	0.00573	0.00491	0.00327	0.00164	0.00409	0.00286	0.00327	0.00573
8	0.85155	0.01022	0.00777	0.00695	0.01022	0.01186	0.00573	0.01554	0.00900	0.02372	0.00736	0.00859	0.00573	0.00491	0.00327	0.00164	0.00409	0.00286	0.00327	0.00573
9	0.00795	0.00543	0.00663	0.00701	0.00739	0.00543	0.00487	0.00871	0.00909	0.01200	0.02021	0.04244	0.02273	0.56362	0.02076	0.00428	0.00504	0.23896	0.00372	0.00372
10	0.01096	0.00940	0.01096	0.00783	0.01253	0.00705	0.00626	0.01331	0.01096	0.01723	0.00940	0.01096	0.00783	0.00392	0.00392	0.00078	0.00392	0.00313	0.00313	0.84653
11	0.02010	0.01481	0.01587	0.01216	0.01639	0.01639	0.01005	0.76360	0.02486	0.03332	0.01269	0.01269	0.00899	0.00635	0.00529	0.00159	0.00582	0.00476	0.00529	0.00899
12	0.01530	0.01204	0.01288	0.01102	0.01435	0.01363	0.00873	0.19856	0.55978	0.06372	0.01944	0.01800	0.01432	0.00695	0.00535	0.00174	0.00458	0.00566	0.00542	0.00854
13	0.01157	0.01157	0.01619	0.01388	0.01388	0.01619	0.01157	0.01272	0.00810	0.01272	0.00694	0.01157	0.00694	0.00925	0.01735	0.00231	0.80453	0.00463	0.00231	0.00578
14	0.02010	0.01481	0.01587	0.01216	0.01639	0.01639	0.01005	0.76360	0.02486	0.03332	0.01269	0.01269	0.00899	0.00635	0.00529	0.00159	0.00582	0.00476	0.00529	0.00899
15	0.02145	0.01264	0.01452	0.01114	0.01531	0.01318	0.00920	0.48861	0.02123	0.31344	0.01574	0.01467	0.01052	0.00642	0.00530	0.00160	0.00533	0.00497	0.00576	0.00899
16	0.06368	0.00988	0.01209	0.00957	0.01319	0.00965	0.00779	0.16809	0.06034	0.46702	0.04948	0.01740	0.01342	0.00723	0.00600	0.04504	0.00460	0.00525	0.02207	0.00820
17	0.00854	0.00597	0.00764	0.00720	0.00864	0.00570	0.00546	0.01185	0.07053	0.05152	0.62918	0.07746	0.04451	0.01079	0.00620	0.00172	0.00281	0.03320	0.00574	0.00536
18	0.00867	0.00596	0.00760	0.00709	0.00862	0.00562	0.00543	0.01178	0.05759	0.06260	0.62311	0.03865	0.08493	0.01067	0.00618	0.00171	0.00281	0.03988	0.00574	0.00537
19	0.02296	0.00956	0.01342	0.01021	0.01437	0.00849	0.04666	0.06266	0.01549	0.70737	0.01992	0.01753	0.01262	0.00643	0.00536	0.00164	0.00479	0.00534	0.00628	0.00890

[dist]
# distance from previous block
# <min> <max>
0	2

[block]
# block no. 4 follows, 46 sequences, length 19
# corresponding to MSA columns:
# 188-206
name=unknown_E
#
# <colnr> <probs for GDERKNQSTAVLIFYWHMCP>
#	G	D	E	R	K	N	Q	S	T	A	V	L	I	F	Y	W	H	M	C	P
0	0.01297	0.01120	0.01271	0.01132	0.01369	0.01343	0.00899	0.02452	0.58081	0.03907	0.01878	0.01913	0.01462	0.00777	0.00781	0.00191	0.16316	0.02555	0.00479	0.00778
1	0.03438	0.00947	0.01054	0.00875	0.01161	0.00986	0.00700	0.26513	0.05681	0.16956	0.01820	0.04863	0.03751	0.02500	0.00539	0.00162	0.00422	0.01815	0.25098	0.00718
2	0.00646	0.00473	0.00601	0.00701	0.00752	0.00435	0.00471	0.00741	0.01031	0.01349	0.03221	0.67117	0.14240	0.04618	0.00744	0.00221	0.00309	0.01419	0.00484	0.00428
3	0.37043	0.00953	0.01029	0.00835	0.01200	0.00960	0.00687	0.03862	0.01278	0.42143	0.04086	0.01465	0.01116	0.00600	0.00449	0.00164	0.00429	0.00442	0.00512	0.00749
4	0.00717	0.00486	0.00638	0.00726	0.00772	0.00460	0.00487	0.00808	0.01000	0.03769	0.02748	0.65204	0.04904	0.10070	0.04311	0.00271	0.00380	0.01345	0.00469	0.00435
5	0.01048	0.02378	0.63370	0.17126	0.02557	0.01217	0.01857	0.01610	0.01104	0.01610	0.00947	0.01174	0.00677	0.00507	0.00507	0.00169	0.00766	0.00406	0.00226	0.00743
6	0.01011	0.01296	0.16897	0.64531	0.03372	0.01185	0.01565	0.01415	0.01069	0.01415	0.00941	0.01351	0.00698	0.00523	0.00523	0.00174	0.00720	0.00454	0.00233	0.00626
7	0.85155	0.01022	0.00777	0.00695	0.01022	0.01186	0.00573	0.01554	0.00900	0.02372	0.00736	0.00859	0.00573	0.00491	0.00327	0.00164	0.00409	0.00286	0.00327	0.00573
8	0.00995	0.00698	0.00789	0.00733	0.00827	0.00723	0.00491	0.15787	0.01180	0.01583	0.05181	0.15248	0.02103	0.49253	0.01852	0.00380	0.00482	0.00834	0.00400	0.00460
9	0.01854	0.03164	0.01434	0.01063	0.01486	0.01282	0.00877	0.44209	0.01958	0.16981	0.01347	0.01342	0.00957	0.00659	0.02226	0.00158	0.00537	0.00451	0.00497	0.17518
10	0.01257	0.65612	0.02326	0.00831	0.01229	0.01765	0.00805	0.01419	0.01100	0.01280	0.01653	0.01690	0.16017	0.00628	0.00396	0.00126	0.00506	0.00448	0.00279	0.00632
11	0.05324	0.01206	0.01316	0.01063	0.01406	0.01294	0.00853	0.51067	0.02007	0.05365	0.01581	0.17109	0.01408	0.00817	0.00541	0.00165	0.00504	0.00664	0.00504	0.05806
12	0.00668	0.00528	0.00563	0.00565	0.00693	0.00465	0.00396	0.00781	0.01126	0.01396	0.10807	0.08018	0.51405	0.19006	0.01083	0.00253	0.00322	0.01042	0.00461	0.00422
13	0.00744	0.00502	0.00584	0.00608	0.00614	0.00496	0.00354	0.00762	0.00817	0.01089	0.01914	0.18875	0.02235	0.65579	0.02290	0.00453	0.00472	0.00915	0.00354	0.00342
14	0.85155	0.01022	0.00777	0.00695	0.01022	0.01186	0.00573	0.01554	0.00900	0.02372	0.00736	0.00859	0.00573	0.00491	0.00327	0.00164	0.00409	0.00286	0.00327	0.00573
15	0.00692	0.00501	0.00663	0.00772	0.00836	0.00472	0.00565	0.00824	0.01084	0.01427	0.05019	0.56876	0.08840	0.01575	0.00682	0.00217	0.00342	0.17675	0.00492	0.00445
16	0.01772	0.01231	0.01697	0.01310	0.01719	0.01273	0.15837	0.23479	0.21331	0.22074	0.01668	0.01619	0.01170	0.00624	0.00551	0.00169	0.00567	0.00551	0.00512	0.00846
17	0.00781	0.00532	0.00700	0.00696	0.00805	0.00490	0.00507	0.00985	0.01360	0.04843	0.53764	0.25650	0.04425	0.01227	0.00634	0.00180	0.00273	0.01094	0.00559	0.00495
18	0.00784	0.00530	0.00649	0.00619	0.00749	0.00493	0.00465	0.01023	0.01394	0.02029	0.56330	0.03657	0.10701	0.01011	0.00573	0.00159	0.00250	0.00878	0.17212	0.00493

[dist]
# distance from previous block
# <min> <max>
0	7

[block]
# block no. 5 follows, 46 sequences, length 10
# corresponding to MSA columns:
# 214-223
name=unknown_F
#
# <colnr> <probs for GDERKNQSTAVLIFYWHMCP>
#	G	D	E	R	K	N	Q	S	T	A	V	L	I	F	Y	W	H	M	C	P
0	0.00782	0.00562	0.00779	0.00827	0.00910	0.00593	0.00646	0.00951	0.01000	0.01360	0.05452	0.09452	0.02329	0.16462	0.30138	0.00509	0.00811	0.25600	0.00387	0.00448
1	0.01790	0.00752	0.01020	0.00872	0.01153	0.00660	0.00681	0.01957	0.01344	0.52519	0.02364	0.28489	0.02045	0.00992	0.00580	0.00181	0.00402	0.00859	0.00599	0.00741
2	0.23606	0.00963	0.01197	0.27530	0.01993	0.01074	0.00938	0.08677	0.01243	0.18245	0.01232	0.01424	0.00891	0.02625	0.00521	0.00174	0.00525	0.00444	0.06034	0.00666
3	0.00681	0.00515	0.00680	0.00729	0.00816	0.00513	0.00529	0.00820	0.01016	0.01353	0.05613	0.35592	0.18606	0.02346	0.27142	0.00419	0.00670	0.01086	0.00424	0.00450
4	0.00980	0.27901	0.01400	0.00746	0.00995	0.01062	0.00637	0.01238	0.04377	0.01743	0.39803	0.02967	0.12476	0.00887	0.00525	0.00150	0.00365	0.00735	0.00449	0.00566
5	0.00774	0.00554	0.00761	0.00871	0.00962	0.00540	0.00705	0.00967	0.01168	0.01543	0.08290	0.31105	0.03337	0.01499	0.00704	0.00228	0.00409	0.44619	0.00495	0.00468
6	0.00718	0.00531	0.00770	0.00811	0.00884	0.00583	0.00604	0.00874	0.00904	0.01268	0.01920	0.28673	0.02054	0.03188	0.52847	0.00636	0.01043	0.00882	0.00353	0.00458
7	0.01614	0.54719	0.02372	0.01010	0.01452	0.01940	0.00938	0.26758	0.01549	0.01947	0.00915	0.00990	0.00753	0.00514	0.00403	0.00128	0.00571	0.00348	0.00328	0.00753
8	0.02197	0.01510	0.01359	0.01113	0.01478	0.27310	0.00885	0.10721	0.01617	0.44044	0.01567	0.01455	0.01051	0.00615	0.00513	0.00154	0.00634	0.00461	0.00512	0.00803
9	0.01117	0.01144	0.02316	0.01848	0.05302	0.01088	0.47766	0.01489	0.01236	0.01657	0.01649	0.02949	0.01558	0.00788	0.00656	0.00199	0.00744	0.25511	0.00341	0.00642

[dist]
# distance from previous block
# <min> <max>
0	31

[block]
# block no. 6 follows, 46 sequences, length 19
# corresponding to MSA columns:
# 255-273
name=unknown_G
#
# <colnr> <probs for GDERKNQSTAVLIFYWHMCP>
#	G	D	E	R	K	N	Q	S	T	A	V	L	I	F	Y	W	H	M	C	P
0	0.79048	0.01015	0.00823	0.03517	0.01127	0.01170	0.00612	0.01585	0.00928	0.05212	0.00794	0.00914	0.00605	0.00498	0.00342	0.00164	0.00421	0.00302	0.00336	0.00585
1	0.00748	0.00540	0.00707	0.00665	0.00790	0.00499	0.00499	0.00998	0.01496	0.02120	0.77844	0.03949	0.04988	0.01081	0.00624	0.00166	0.00249	0.00956	0.00582	0.00499
2	0.00998	0.00940	0.01586	0.80150	0.03641	0.01175	0.01468	0.01351	0.01057	0.01351	0.00940	0.01409	0.00705	0.00529	0.00529	0.00176	0.00705	0.00470	0.00235	0.00587
3	0.01096	0.01085	0.01616	0.68832	0.08441	0.07327	0.01443	0.01429	0.01102	0.01371	0.00934	0.01367	0.00712	0.00526	0.00524	0.00172	0.00719	0.00460	0.00240	0.00606
4	0.01164	0.02590	0.72588	0.01462	0.02214	0.01192	0.01861	0.01745	0.01147	0.07718	0.01038	0.01170	0.00720	0.00514	0.00505	0.00167	0.00755	0.00402	0.00257	0.00791
5	0.00837	0.00560	0.00735	0.00680	0.00820	0.00514	0.00514	0.01084	0.01497	0.06306	0.73692	0.03831	0.04786	0.01057	0.00618	0.00166	0.00260	0.00933	0.00586	0.00521
6	0.85155	0.01022	0.00777	0.00695	0.01022	0.01186	0.00573	0.01554	0.00900	0.02372	0.00736	0.00859	0.00573	0.00491	0.00327	0.00164	0.00409	0.00286	0.00327	0.00573
7	0.01400	0.01572	0.04105	0.01670	0.22257	0.28157	0.01066	0.04354	0.06579	0.01618	0.05170	0.02002	0.14093	0.00792	0.02734	0.00175	0.00674	0.00565	0.00346	0.00668
8	0.01172	0.01202	0.01873	0.01530	0.01621	0.01571	0.13863	0.01344	0.00884	0.01344	0.00758	0.01202	0.00712	0.00844	0.01547	0.00222	0.66983	0.00490	0.00237	0.00601
9	0.02372	0.00900	0.01227	0.00941	0.01350	0.00777	0.00777	0.02576	0.01513	0.78489	0.02086	0.01799	0.01309	0.00654	0.00532	0.00164	0.00450	0.00532	0.00654	0.00900
10	0.01222	0.01168	0.01989	0.24715	0.57329	0.01233	0.01579	0.01547	0.01163	0.01622	0.00979	0.01337	0.00800	0.00487	0.00525	0.00162	0.00649	0.00471	0.00254	0.00768
11	0.01090	0.00705	0.02488	0.00766	0.00975	0.00632	0.00607	0.01427	0.08423	0.16338	0.37751	0.08881	0.14174	0.01039	0.00602	0.00174	0.00326	0.02441	0.00562	0.00599
12	0.00664	0.00482	0.00609	0.00699	0.00751	0.00448	0.00473	0.00760	0.01031	0.01353	0.04954	0.58821	0.13125	0.09826	0.00877	0.00240	0.00327	0.03661	0.00475	0.00424
13	0.01975	0.02520	0.01498	0.01362	0.01634	0.79299	0.01021	0.02111	0.01498	0.01294	0.00817	0.00953	0.00681	0.00545	0.00477	0.00136	0.00953	0.00340	0.00272	0.00613
14	0.03955	0.01273	0.01889	0.07351	0.56044	0.05783	0.01436	0.01753	0.09823	0.01751	0.01152	0.01478	0.00958	0.00533	0.00522	0.00162	0.00617	0.02429	0.00300	0.00792
15	0.01004	0.00683	0.00900	0.05945	0.01152	0.00686	0.01956	0.01313	0.08857	0.10851	0.13636	0.22861	0.12614	0.05146	0.00750	0.00208	0.02245	0.08143	0.00493	0.00558
16	0.00807	0.00619	0.00861	0.00852	0.00964	0.00605	0.05471	0.03041	0.07525	0.01528	0.08583	0.48986	0.08188	0.01418	0.00765	0.07286	0.00367	0.01184	0.00466	0.00485
17	0.01221	0.02474	0.01104	0.00970	0.03292	0.02521	0.02739	0.15233	0.06147	0.08090	0.14140	0.16812	0.04809	0.07925	0.02106	0.00211	0.00457	0.03003	0.00476	0.06271
18	0.01263	0.03682	0.04396	0.14394	0.17895	0.10422	0.07768	0.08768	0.03355	0.01701	0.01444	0.13078	0.03372	0.00722	0.00565	0.00169	0.02193	0.00634	0.03507	0.00670

[dist]
# distance from previous block
# <min> <max>
24	109

[block]
# block no. 7 follows, 46 sequences, length 34
# corresponding to MSA columns:
# 398-431
name=unknown_H
#
# <colnr> <probs for GDERKNQSTAVLIFYWHMCP>
#	G	D	E	R	K	N	Q	S	T	A	V	L	I	F	Y	W	H	M	C	P
0	0.04925	0.12892	0.18973	0.01308	0.07407	0.06420	0.01165	0.21775	0.01466	0.04368	0.01071	0.01255	0.00839	0.00945	0.08270	0.04720	0.00716	0.00422	0.00336	0.00727
1	0.13134	0.01432	0.10194	0.09555	0.05411	0.09546	0.01037	0.19253	0.08568	0.02162	0.07532	0.01677	0.05645	0.00651	0.00503	0.00162	0.00572	0.00509	0.00393	0.02064
2	0.06556	0.02529	0.00993	0.05377	0.02408	0.02397	0.01777	0.12366	0.01219	0.04001	0.01856	0.15387	0.05861	0.12428	0.11551	0.02969	0.00597	0.03129	0.06055	0.00543
3	0.06105	0.02424	0.01169	0.01105	0.08180	0.07113	0.00784	0.03693	0.07864	0.19672	0.05649	0.10342	0.05471	0.00997	0.06339	0.00207	0.00536	0.00628	0.00449	0.11273
4	0.00985	0.00844	0.01118	0.14220	0.01585	0.00751	0.02478	0.01243	0.02828	0.01587	0.01439	0.18551	0.01427	0.00721	0.00492	0.00133	0.00440	0.02316	0.00346	0.46495
5	0.00655	0.00465	0.00610	0.00722	0.00750	0.00437	0.00476	0.00739	0.00991	0.01321	0.02805	0.74327	0.03360	0.08592	0.00850	0.00241	0.00325	0.01439	0.00476	0.00420
6	0.01473	0.01503	0.04730	0.02688	0.56019	0.11593	0.01480	0.10782	0.01395	0.01863	0.01003	0.01250	0.00818	0.00502	0.00517	0.00155	0.00671	0.00452	0.00294	0.00813
7	0.01060	0.02735	0.78682	0.01507	0.02288	0.01228	0.01953	0.01674	0.01116	0.01674	0.00949	0.01116	0.00670	0.00502	0.00502	0.00167	0.00781	0.00391	0.00223	0.00781
8	0.01901	0.01393	0.01631	0.01254	0.01667	0.01511	0.06618	0.59628	0.06745	0.08047	0.01401	0.03334	0.01026	0.00652	0.00540	0.00163	0.00580	0.00523	0.00517	0.00870
9	0.00689	0.00538	0.00624	0.00603	0.00753	0.00474	0.00452	0.00883	0.01356	0.01787	0.42954	0.04497	0.40086	0.01205	0.00624	0.00172	0.00258	0.01033	0.00538	0.00474
10	0.85155	0.01022	0.00777	0.00695	0.01022	0.01186	0.00573	0.01554	0.00900	0.02372	0.00736	0.00859	0.00573	0.00491	0.00327	0.00164	0.00409	0.00286	0.00327	0.00573
11	0.01157	0.01157	0.01619	0.01388	0.01388	0.01619	0.01157	0.01272	0.00810	0.01272	0.00694	0.01157	0.00694	0.00925	0.01735	0.00231	0.80453	0.00463	0.00231	0.00578
12	0.01361	0.01195	0.01219	0.01090	0.01392	0.04052	0.00849	0.05177	0.72094	0.02216	0.02076	0.01914	0.01558	0.00709	0.00535	0.00177	0.00442	0.00585	0.00528	0.00831
13	0.03997	0.02423	0.65257	0.01565	0.08051	0.01182	0.01790	0.01615	0.01121	0.01702	0.02943	0.04053	0.00889	0.00555	0.00507	0.00168	0.00726	0.00447	0.00248	0.00759
14	0.00822	0.00573	0.00692	0.00666	0.00820	0.00520	0.00497	0.01056	0.04049	0.06795	0.37409	0.14039	0.27692	0.01196	0.00621	0.00177	0.00282	0.01037	0.00544	0.00511
15	0.01108	0.02403	0.59524	0.01690	0.02408	0.01255	0.20778	0.01679	0.01150	0.01679	0.00979	0.01195	0.00703	0.00488	0.00533	0.00170	0.00809	0.00450	0.00234	0.00764
16	0.00748	0.00540	0.00707	0.00665	0.00790	0.00499	0.00499	0.00998	0.01496	0.02120	0.77844	0.03949	0.04988	0.01081	0.00624	0.00166	0.00249	0.00956	0.00582	0.00499
17	0.03075	0.00636	0.00737	0.00718	0.00893	0.00598	0.00531	0.01245	0.08862	0.12362	0.06444	0.27046	0.29838	0.03695	0.00674	0.00197	0.00331	0.01060	0.00513	0.00546
18	0.08244	0.00812	0.01053	0.00854	0.01179	0.00735	0.00694	0.02068	0.01455	0.51747	0.20943	0.02365	0.02214	0.00768	0.00544	0.00166	0.00397	0.02391	0.00607	0.00765
19	0.85155	0.01022	0.00777	0.00695	0.01022	0.01186	0.00573	0.01554	0.00900	0.02372	0.00736	0.00859	0.00573	0.00491	0.00327	0.00164	0.00409	0.00286	0.00327	0.00573
20	0.09597	0.00879	0.01136	0.00891	0.01269	0.00787	0.00731	0.02340	0.01448	0.65012	0.06372	0.01938	0.03796	0.00685	0.00521	0.00164	0.00429	0.00552	0.00616	0.00834
21	0.00670	0.00474	0.00606	0.00697	0.00729	0.00448	0.00455	0.00750	0.00983	0.01308	0.04608	0.61851	0.05475	0.17062	0.01062	0.00270	0.00344	0.01336	0.00460	0.00411
22	0.00706	0.00502	0.00648	0.00741	0.00783	0.00488	0.00496	0.00854	0.05306	0.01351	0.02670	0.66499	0.03134	0.07621	0.00893	0.04731	0.00337	0.01341	0.00467	0.00434
23	0.85155	0.01022	0.00777	0.00695	0.01022	0.01186	0.00573	0.01554	0.00900	0.02372	0.00736	0.00859	0.00573	0.00491	0.00327	0.00164	0.00409	0.00286	0.00327	0.00573
24	0.00827	0.00566	0.00648	0.00633	0.00671	0.00569	0.00388	0.05083	0.00949	0.01276	0.08280	0.09669	0.02255	0.63470	0.02227	0.00439	0.00477	0.00828	0.00368	0.00377
25	0.00756	0.00532	0.00653	0.00675	0.00756	0.00504	0.00462	0.00921	0.03514	0.03169	0.23031	0.30475	0.11279	0.19534	0.01106	0.00263	0.00340	0.01099	0.00482	0.00448
26	0.03359	0.00555	0.00700	0.00659	0.00793	0.00517	0.00496	0.01002	0.01462	0.02091	0.71592	0.03914	0.08736	0.01076	0.00614	0.00167	0.00255	0.00944	0.00569	0.00498
27	0.05562	0.01357	0.01535	0.01208	0.01605	0.01497	0.05213	0.49263	0.19442	0.05600	0.01465	0.01440	0.01057	0.00637	0.00527	0.00165	0.00549	0.00506	0.00511	0.00860
28	0.00722	0.00515	0.00669	0.00739	0.00778	0.00518	0.00509	0.00813	0.00993	0.01360	0.04846	0.54931	0.04960	0.10537	0.00987	0.02825	0.04889	0.03064	0.04919	0.00427
29	0.04329	0.00845	0.02580	0.00859	0.01175	0.00745	0.00701	0.05210	0.03191	0.43952	0.12704	0.08859	0.10805	0.00865	0.00560	0.00170	0.00400	0.00724	0.00585	0.00741
30	0.00745	0.00550	0.00700	0.00684	0.00806	0.00514	0.00509	0.01005	0.03786	0.01958	0.58581	0.14043	0.10159	0.01172	0.00630	0.00176	0.00269	0.02657	0.00560	0.00496
31	0.01117	0.07430	0.03949	0.01018	0.01215	0.07969	0.02323	0.09696	0.01144	0.01539	0.01303	0.06147	0.01202	0.02277	0.38243	0.00492	0.08027	0.00550	0.03788	0.00573
32	0.01681	0.02520	0.01234	0.01004	0.01319	0.07052	0.00801	0.22207	0.10110	0.21864	0.05949	0.08916	0.02847	0.00950	0.05016	0.00202	0.00545	0.00621	0.02197	0.02968
33	0.00947	0.00744	0.00835	0.00811	0.00969	0.02162	0.00602	0.01442	0.22494	0.03667	0.09331	0.19290	0.17748	0.05618	0.02896	0.05022	0.02000	0.02387	0.00477	0.00557

[dist]
# distance from previous block
# <min> <max>
0	15

# created by:
# /st0/software/busco_prod/Augustus/scripts/msa2prfl.pl ./align_prep/199345.fa
