[name]
unknown

[dist]
# distance from previous block
# <min> <max>
9	139

[block]
# block no. 0 follows, 46 sequences, length 25
# corresponding to MSA columns:
# 208-232
name=unknown_A
#
# <colnr> <probs for GDERKNQSTAVLIFYWHMCP>
#	G	D	E	R	K	N	Q	S	T	A	V	L	I	F	Y	W	H	M	C	P
0	0.15312	0.23010	0.28929	0.01062	0.01570	0.03489	0.01161	0.01580	0.01125	0.04473	0.06992	0.01360	0.03332	0.00559	0.00438	0.00148	0.00581	0.00411	0.00298	0.04169
1	0.19562	0.32681	0.21417	0.01016	0.01503	0.03668	0.01075	0.03048	0.01110	0.05845	0.00916	0.01027	0.00720	0.00497	0.00397	0.00143	0.00578	0.00338	0.03771	0.00688
2	0.03254	0.39660	0.19597	0.01065	0.01553	0.05731	0.01111	0.01764	0.01190	0.14114	0.02875	0.01327	0.00963	0.00553	0.00436	0.00142	0.00603	0.03022	0.00318	0.00722
3	0.03307	0.14434	0.14534	0.00890	0.01221	0.03755	0.00846	0.03021	0.01237	0.08266	0.14175	0.10472	0.17165	0.03671	0.00609	0.00175	0.00466	0.00741	0.00412	0.00603
4	0.01335	0.48217	0.17042	0.01066	0.01524	0.03733	0.02721	0.01588	0.01107	0.05690	0.01049	0.07930	0.00960	0.00597	0.00470	0.00141	0.03431	0.00439	0.00275	0.00685
5	0.06881	0.24663	0.45144	0.01315	0.04568	0.01436	0.01494	0.01607	0.01098	0.01598	0.00975	0.01290	0.00799	0.00538	0.00457	0.00156	0.00674	0.04336	0.00247	0.00724
6	0.08178	0.63691	0.02420	0.07755	0.01527	0.01865	0.00919	0.01616	0.01083	0.05686	0.00829	0.00951	0.00708	0.00473	0.00365	0.00125	0.00558	0.00313	0.00259	0.00674
7	0.07247	0.00914	0.01176	0.00897	0.01312	0.00789	0.00737	0.02290	0.01401	0.60051	0.01797	0.01615	0.01169	0.00597	0.00494	0.00148	0.00437	0.00477	0.00573	0.15876
8	0.00728	0.00508	0.00607	0.00653	0.00688	0.00491	0.00422	0.00787	0.00915	0.01201	0.02437	0.25965	0.08993	0.44855	0.01768	0.00376	0.00431	0.07402	0.00398	0.00377
9	0.01090	0.09279	0.72394	0.01457	0.02211	0.01299	0.01866	0.01667	0.01113	0.01639	0.00931	0.01094	0.00670	0.00498	0.00489	0.00163	0.00763	0.00382	0.00223	0.00773
10	0.02093	0.07872	0.01303	0.00924	0.01298	0.00878	0.00764	0.02330	0.04134	0.61992	0.02047	0.08997	0.01466	0.00731	0.00528	0.00164	0.00446	0.00602	0.00598	0.00835
11	0.00644	0.00460	0.00613	0.00736	0.00767	0.00429	0.00491	0.00736	0.01012	0.01350	0.02914	0.81076	0.03497	0.01656	0.00675	0.00215	0.00307	0.01503	0.00491	0.00429
12	0.00769	0.00513	0.00577	0.00577	0.00577	0.00513	0.00320	0.00769	0.00769	0.01025	0.01666	0.03460	0.01922	0.81421	0.02691	0.00513	0.00513	0.00769	0.00320	0.00320
13	0.03591	0.01495	0.01760	0.05905	0.20763	0.18141	0.08482	0.16192	0.01542	0.12888	0.01216	0.03505	0.00940	0.00578	0.00525	0.00159	0.00680	0.00492	0.00378	0.00767
14	0.01044	0.01085	0.02224	0.01702	0.02060	0.01020	0.48595	0.01372	0.01178	0.01586	0.01734	0.24572	0.01750	0.00872	0.00647	0.00194	0.00692	0.06710	0.00349	0.00614
15	0.00644	0.00460	0.00613	0.00736	0.00767	0.00429	0.00491	0.00736	0.01012	0.01350	0.02914	0.81076	0.03497	0.01656	0.00675	0.00215	0.00307	0.01503	0.00491	0.00429
16	0.01060	0.02735	0.78682	0.01507	0.02288	0.01228	0.01953	0.01674	0.01116	0.01674	0.00949	0.01116	0.00670	0.00502	0.00502	0.00167	0.00781	0.00391	0.00223	0.00781
17	0.01084	0.05659	0.59327	0.01583	0.06441	0.01219	0.06863	0.01619	0.01137	0.01653	0.01111	0.01557	0.00894	0.00578	0.00525	0.00172	0.00746	0.06833	0.00251	0.00750
18	0.01413	0.81739	0.02770	0.00905	0.01357	0.02092	0.00905	0.01583	0.01074	0.01244	0.00735	0.00848	0.00678	0.00452	0.00339	0.00113	0.00565	0.00283	0.00226	0.00678
19	0.00644	0.00460	0.00613	0.00736	0.00767	0.00429	0.00491	0.00736	0.01012	0.01350	0.02914	0.81076	0.03497	0.01656	0.00675	0.00215	0.00307	0.01503	0.00491	0.00429
20	0.01311	0.01547	0.15514	0.05386	0.57033	0.04441	0.01627	0.01669	0.01204	0.03814	0.01007	0.01277	0.00810	0.00487	0.00518	0.00159	0.00666	0.00453	0.00265	0.00812
21	0.01853	0.06653	0.01591	0.05608	0.04886	0.55936	0.01049	0.08490	0.04210	0.03579	0.00947	0.01073	0.00757	0.00552	0.00482	0.00142	0.00840	0.00376	0.00309	0.00665
22	0.10666	0.65917	0.02449	0.00909	0.01345	0.01953	0.00877	0.08058	0.01177	0.01549	0.00781	0.00886	0.00686	0.00472	0.00354	0.00123	0.00550	0.00300	0.00263	0.00686
23	0.11067	0.29487	0.10588	0.01197	0.08415	0.08434	0.01011	0.05412	0.01249	0.07686	0.07661	0.03402	0.01188	0.00583	0.00444	0.00145	0.00570	0.00437	0.00331	0.00693
24	0.01222	0.00869	0.03063	0.03750	0.01260	0.00827	0.02752	0.17185	0.01440	0.11260	0.05772	0.34146	0.03920	0.01110	0.00601	0.00185	0.00435	0.05093	0.00492	0.04617

[dist]
# distance from previous block
# <min> <max>
2	9

[block]
# block no. 1 follows, 46 sequences, length 23
# corresponding to MSA columns:
# 242-264
name=unknown_B
#
# <colnr> <probs for GDERKNQSTAVLIFYWHMCP>
#	G	D	E	R	K	N	Q	S	T	A	V	L	I	F	Y	W	H	M	C	P
0	0.04340	0.56123	0.24507	0.01070	0.01612	0.01811	0.01194	0.01608	0.01080	0.01408	0.00796	0.00925	0.00672	0.00468	0.00386	0.00131	0.00622	0.00314	0.00229	0.00704
1	0.10841	0.19616	0.53282	0.01283	0.01941	0.01410	0.01567	0.01641	0.01082	0.01662	0.00878	0.01028	0.00660	0.00490	0.00447	0.00155	0.00692	0.00355	0.00236	0.00735
2	0.00649	0.00530	0.00550	0.00554	0.00701	0.00456	0.00398	0.00768	0.01152	0.01399	0.07533	0.07852	0.62308	0.11747	0.00895	0.00223	0.00300	0.01080	0.00472	0.00431
3	0.01728	0.03305	0.01492	0.01228	0.03960	0.03656	0.00963	0.44263	0.28683	0.02780	0.01546	0.01499	0.01138	0.00652	0.00526	0.00164	0.00535	0.00510	0.00509	0.00862
4	0.01060	0.02735	0.78682	0.01507	0.02288	0.01228	0.01953	0.01674	0.01116	0.01674	0.00949	0.01116	0.00670	0.00502	0.00502	0.00167	0.00781	0.00391	0.00223	0.00781
5	0.01192	0.05571	0.68830	0.01433	0.02168	0.01220	0.01808	0.01752	0.01150	0.08569	0.01043	0.01167	0.00727	0.00514	0.00499	0.00165	0.00743	0.00399	0.00262	0.00788
6	0.01327	0.62450	0.21305	0.01052	0.01584	0.01881	0.01161	0.01605	0.01084	0.01349	0.00787	0.00913	0.00676	0.00464	0.00379	0.00126	0.00618	0.00309	0.00225	0.00704
7	0.00705	0.00509	0.00664	0.00755	0.00823	0.00482	0.00551	0.00839	0.01092	0.01441	0.08514	0.46536	0.09874	0.07284	0.00824	0.00236	0.00354	0.17591	0.00484	0.00441
8	0.01942	0.21349	0.06690	0.00945	0.01376	0.01118	0.00865	0.02160	0.01358	0.49461	0.01862	0.01707	0.05591	0.00633	0.00487	0.00152	0.00490	0.00494	0.00509	0.00810
9	0.01200	0.00967	0.01524	0.32564	0.23625	0.02393	0.01259	0.01481	0.01163	0.10040	0.01467	0.11586	0.01333	0.00738	0.00560	0.00179	0.00593	0.06323	0.00341	0.00665
10	0.00675	0.00477	0.00621	0.00724	0.00755	0.00452	0.00484	0.00761	0.00986	0.01312	0.02713	0.64784	0.03226	0.14087	0.00992	0.00263	0.00349	0.05459	0.00464	0.00416
11	0.01422	0.02153	0.52688	0.01408	0.02073	0.01116	0.06985	0.01915	0.01231	0.22061	0.01259	0.01320	0.00849	0.00539	0.00519	0.00167	0.00701	0.00445	0.00341	0.00808
12	0.01241	0.07622	0.04746	0.32548	0.15939	0.03431	0.15454	0.03954	0.03018	0.04126	0.01063	0.02625	0.00835	0.00526	0.00531	0.00167	0.00699	0.00500	0.00280	0.00693
13	0.01102	0.02547	0.71488	0.01441	0.02174	0.01172	0.01831	0.01680	0.01152	0.05023	0.04784	0.01285	0.00910	0.00537	0.00510	0.00167	0.00741	0.00425	0.00260	0.00773
14	0.00653	0.00465	0.00616	0.00727	0.00760	0.00435	0.00484	0.00748	0.01022	0.01367	0.05842	0.74985	0.03494	0.04744	0.00751	0.00224	0.00312	0.01453	0.00488	0.00428
15	0.04402	0.07786	0.31105	0.01238	0.01791	0.04757	0.05444	0.02052	0.01293	0.32921	0.01389	0.01375	0.00935	0.00559	0.00502	0.00161	0.00632	0.00447	0.00407	0.00803
16	0.01248	0.14593	0.47564	0.05647	0.02085	0.05598	0.04478	0.01700	0.01157	0.06971	0.01056	0.03736	0.00815	0.00544	0.00489	0.00159	0.00719	0.00431	0.00268	0.00740
17	0.02240	0.04653	0.01271	0.00924	0.01320	0.00823	0.00768	0.02446	0.01492	0.70803	0.06072	0.01870	0.01476	0.00668	0.00528	0.00161	0.00445	0.00543	0.00630	0.00868
18	0.00673	0.00484	0.00604	0.00688	0.00731	0.00453	0.00456	0.00756	0.00990	0.01299	0.02931	0.54521	0.11560	0.17881	0.01082	0.00272	0.00349	0.03403	0.00456	0.00411
19	0.58887	0.05593	0.05661	0.00969	0.06886	0.01172	0.00769	0.01547	0.00986	0.04750	0.01002	0.04529	0.00867	0.00587	0.00393	0.00166	0.00457	0.03831	0.00336	0.00612
20	0.13003	0.41546	0.08822	0.00905	0.01302	0.06945	0.00875	0.01512	0.01139	0.02963	0.07515	0.01578	0.08813	0.00613	0.00417	0.00138	0.00532	0.00440	0.00307	0.00634
21	0.15293	0.19304	0.08247	0.00794	0.01088	0.01052	0.00716	0.01307	0.01117	0.05925	0.15004	0.05620	0.09891	0.11640	0.00773	0.00204	0.00447	0.00629	0.00381	0.00568
22	0.11831	0.51233	0.14877	0.00985	0.01457	0.01739	0.01026	0.03275	0.01110	0.03157	0.03311	0.01028	0.00822	0.00501	0.00404	0.00134	0.01823	0.00335	0.00266	0.00684

[dist]
# distance from previous block
# <min> <max>
17	59

[block]
# block no. 2 follows, 46 sequences, length 69
# corresponding to MSA columns:
# 329-397
name=unknown_C
#
# <colnr> <probs for GDERKNQSTAVLIFYWHMCP>
#	G	D	E	R	K	N	Q	S	T	A	V	L	I	F	Y	W	H	M	C	P
0	0.10873	0.28306	0.38300	0.01180	0.01759	0.01469	0.02450	0.01630	0.01094	0.03912	0.02458	0.01100	0.00783	0.00567	0.01959	0.00162	0.00661	0.00366	0.00258	0.00714
1	0.02476	0.12189	0.52443	0.04228	0.04165	0.01243	0.01583	0.01558	0.01123	0.01634	0.05746	0.03326	0.01031	0.00626	0.02030	0.00173	0.00698	0.00445	0.00260	0.03023
2	0.01132	0.08490	0.54354	0.01406	0.02061	0.01272	0.06833	0.05620	0.04622	0.01737	0.01326	0.01447	0.06252	0.00571	0.00510	0.00165	0.00709	0.00464	0.00276	0.00753
3	0.03961	0.01222	0.12481	0.31577	0.07924	0.02538	0.02506	0.07876	0.01236	0.01686	0.03089	0.06626	0.05448	0.00723	0.00547	0.00176	0.00614	0.06655	0.00324	0.02790
4	0.02813	0.02261	0.04257	0.12277	0.03714	0.00823	0.03785	0.01344	0.01142	0.05187	0.06634	0.09140	0.01457	0.00659	0.00493	0.00136	0.00471	0.04523	0.00355	0.38529
5	0.00911	0.00659	0.00817	0.00723	0.00935	0.00579	0.00548	0.01179	0.04338	0.05884	0.41126	0.12842	0.07386	0.00981	0.00572	0.00154	0.00305	0.00858	0.00510	0.18694
6	0.01359	0.01684	0.17172	0.03930	0.38023	0.10752	0.03179	0.06887	0.02640	0.01783	0.02537	0.01282	0.00879	0.00511	0.00511	0.00154	0.00679	0.00446	0.00288	0.05306
7	0.00648	0.00463	0.00617	0.00734	0.00768	0.00432	0.00491	0.00746	0.01030	0.01377	0.05617	0.78293	0.03550	0.01635	0.00673	0.00213	0.00305	0.01483	0.00494	0.00432
8	0.01269	0.01430	0.11587	0.05212	0.66639	0.01250	0.01659	0.01621	0.01189	0.01710	0.00987	0.01288	0.00813	0.00477	0.00521	0.00159	0.00649	0.00461	0.00256	0.00823
9	0.03215	0.02039	0.01482	0.04916	0.07297	0.51803	0.01042	0.04197	0.15832	0.01577	0.01100	0.01200	0.00875	0.00573	0.00493	0.00149	0.00797	0.00407	0.00328	0.00678
10	0.00918	0.00459	0.00689	0.00689	0.00689	0.00459	0.00459	0.00689	0.00689	0.00918	0.00918	0.01607	0.00918	0.01837	0.02066	0.84619	0.00459	0.00459	0.00230	0.00230
11	0.01248	0.01426	0.03119	0.02228	0.02763	0.01337	0.76203	0.01693	0.01248	0.01693	0.01070	0.01426	0.00802	0.00446	0.00624	0.00178	0.00891	0.00624	0.00267	0.00713
12	0.00686	0.00499	0.00670	0.02784	0.00883	0.00478	0.00563	0.00808	0.01048	0.01381	0.02930	0.62677	0.06677	0.03252	0.00719	0.00223	0.00347	0.12456	0.00480	0.00441
13	0.01114	0.01074	0.01742	0.56121	0.24691	0.03414	0.01499	0.01449	0.01111	0.01456	0.00952	0.01368	0.00742	0.00513	0.00526	0.00170	0.00690	0.00466	0.00244	0.00659
14	0.01102	0.01046	0.01773	0.54360	0.28619	0.01202	0.01520	0.01442	0.01106	0.01477	0.00958	0.01376	0.00749	0.00509	0.00527	0.00170	0.00679	0.00470	0.00244	0.00671
15	0.00644	0.00460	0.00613	0.00736	0.00767	0.00429	0.00491	0.00736	0.01012	0.01350	0.02914	0.81076	0.03497	0.01656	0.00675	0.00215	0.00307	0.01503	0.00491	0.00429
16	0.07236	0.00907	0.01200	0.00926	0.01330	0.00801	0.00765	0.02516	0.01477	0.74017	0.02006	0.01744	0.01265	0.00645	0.00520	0.00164	0.00447	0.00517	0.00635	0.00880
17	0.01327	0.00874	0.01265	0.22794	0.01884	0.00964	0.02862	0.10258	0.01275	0.17227	0.03320	0.03906	0.01222	0.01492	0.20482	0.00342	0.02823	0.00553	0.04479	0.00650
18	0.02334	0.00908	0.01226	0.00945	0.01350	0.00796	0.00779	0.02585	0.04243	0.75737	0.02088	0.01806	0.01320	0.00657	0.00532	0.00164	0.00449	0.00534	0.00650	0.00897
19	0.00873	0.00531	0.00717	0.02930	0.00912	0.00497	0.00548	0.00987	0.01078	0.10888	0.04323	0.65127	0.03135	0.03875	0.00712	0.00215	0.00340	0.01321	0.00501	0.00490
20	0.01263	0.01439	0.11525	0.11263	0.58635	0.03381	0.01630	0.01613	0.01185	0.01668	0.00978	0.01286	0.00798	0.00483	0.00520	0.00160	0.00664	0.00457	0.00254	0.00797
21	0.01243	0.02410	0.01159	0.02818	0.14580	0.07891	0.00814	0.02752	0.07157	0.13280	0.12732	0.02957	0.26283	0.00887	0.00564	0.00166	0.00448	0.00746	0.00462	0.00649
22	0.85155	0.01022	0.00777	0.00695	0.01022	0.01186	0.00573	0.01554	0.00900	0.02372	0.00736	0.00859	0.00573	0.00491	0.00327	0.00164	0.00409	0.00286	0.00327	0.00573
23	0.01006	0.00948	0.01600	0.78223	0.05508	0.01177	0.01472	0.01358	0.01061	0.01360	0.00941	0.01407	0.00708	0.00527	0.00528	0.00176	0.00703	0.00470	0.00236	0.00594
24	0.00998	0.00940	0.01586	0.80150	0.03641	0.01175	0.01468	0.01351	0.01057	0.01351	0.00940	0.01409	0.00705	0.00529	0.00529	0.00176	0.00705	0.00470	0.00235	0.00587
25	0.01380	0.01401	0.02046	0.05787	0.65984	0.10897	0.01543	0.01673	0.01235	0.01660	0.00971	0.01268	0.00813	0.00482	0.00518	0.00155	0.00671	0.00455	0.00262	0.00801
26	0.01166	0.00990	0.01062	0.00975	0.01230	0.01114	0.00750	0.02348	0.59271	0.02091	0.10056	0.07558	0.07392	0.00859	0.00562	0.00180	0.00384	0.00729	0.00536	0.00749
27	0.01930	0.01753	0.01560	0.06638	0.01774	0.24681	0.01041	0.49190	0.02095	0.02591	0.01112	0.01185	0.00821	0.00601	0.00513	0.00153	0.00701	0.00435	0.00433	0.00793
28	0.00643	0.00536	0.00560	0.00554	0.00725	0.00454	0.00416	0.00793	0.01247	0.01528	0.15866	0.04923	0.67336	0.01301	0.00625	0.00177	0.00265	0.01093	0.00504	0.00454
29	0.01308	0.01256	0.02146	0.03245	0.78123	0.01256	0.01622	0.01622	0.01204	0.01727	0.00994	0.01308	0.00837	0.00471	0.00523	0.00157	0.00628	0.00471	0.00262	0.00837
30	0.01872	0.04467	0.01466	0.01203	0.01531	0.39266	0.00944	0.24340	0.04774	0.07327	0.01417	0.01440	0.06357	0.00640	0.00505	0.00149	0.00724	0.00458	0.00401	0.00718
31	0.00644	0.00460	0.00613	0.00736	0.00767	0.00429	0.00491	0.00736	0.01012	0.01350	0.02914	0.81076	0.03497	0.01656	0.00675	0.00215	0.00307	0.01503	0.00491	0.00429
32	0.02289	0.00937	0.01240	0.00955	0.01356	0.00840	0.00787	0.08710	0.01594	0.69713	0.04474	0.01825	0.01394	0.00666	0.00534	0.00163	0.00454	0.00541	0.00641	0.00887
33	0.15634	0.00938	0.01162	0.00910	0.01304	0.00874	0.00751	0.04099	0.03055	0.62922	0.01852	0.01640	0.01188	0.00629	0.00499	0.00164	0.00446	0.00492	0.00596	0.00846
34	0.01112	0.14271	0.67597	0.01419	0.02152	0.01354	0.01800	0.01661	0.01110	0.01611	0.00918	0.01077	0.00671	0.00495	0.00478	0.00159	0.00750	0.00375	0.00224	0.00766
35	0.00669	0.00484	0.00634	0.00731	0.00780	0.00455	0.00497	0.00807	0.02591	0.01453	0.11140	0.69538	0.05114	0.01568	0.00665	0.00208	0.00302	0.01417	0.00502	0.00445
36	0.33076	0.00695	0.00601	0.00570	0.00771	0.00757	0.00447	0.01355	0.01029	0.02124	0.01348	0.01547	0.01057	0.00568	0.00353	0.00139	0.00308	0.00414	0.52319	0.00523
37	0.00670	0.00478	0.00643	0.00765	0.00807	0.00452	0.00535	0.00780	0.01037	0.01378	0.02900	0.71794	0.03440	0.01632	0.00682	0.00218	0.00329	0.10531	0.00490	0.00436
38	0.01399	0.78410	0.05969	0.00930	0.01396	0.02055	0.00949	0.01587	0.01076	0.01262	0.00744	0.00859	0.00678	0.00454	0.00346	0.00115	0.00574	0.00287	0.00226	0.00683
39	0.00998	0.00940	0.01586	0.80150	0.03641	0.01175	0.01468	0.01351	0.01057	0.01351	0.00940	0.01409	0.00705	0.00529	0.00529	0.00176	0.00705	0.00470	0.00235	0.00587
40	0.11610	0.01005	0.01225	0.00961	0.01349	0.00977	0.00791	0.11594	0.05727	0.53285	0.01785	0.01610	0.01169	0.00638	0.00532	0.00164	0.02170	0.00495	0.00580	0.02335
41	0.00788	0.10554	0.00916	0.00703	0.00842	0.00686	0.00534	0.00948	0.01170	0.01557	0.26357	0.22615	0.14853	0.07010	0.07858	0.00259	0.00429	0.00985	0.00456	0.00481
42	0.00745	0.00540	0.00702	0.00662	0.00788	0.00498	0.00496	0.00992	0.01489	0.02103	0.76053	0.03977	0.06790	0.01087	0.00624	0.00167	0.00250	0.00960	0.00580	0.00498
43	0.00641	0.00473	0.00600	0.00701	0.00758	0.00432	0.00475	0.00740	0.01046	0.01363	0.03339	0.67842	0.16456	0.01601	0.00666	0.00208	0.00300	0.01435	0.00491	0.00432
44	0.01257	0.06017	0.58122	0.01489	0.03302	0.03254	0.06110	0.05771	0.01235	0.07087	0.01040	0.01177	0.00738	0.00515	0.00505	0.00164	0.00746	0.00414	0.00274	0.00784
45	0.00694	0.00483	0.00643	0.00746	0.00789	0.00458	0.00520	0.00779	0.01008	0.01333	0.02773	0.59807	0.05591	0.05935	0.00885	0.06113	0.00349	0.10214	0.00463	0.00417
46	0.00644	0.00460	0.00613	0.00736	0.00767	0.00429	0.00491	0.00736	0.01012	0.01350	0.02914	0.81076	0.03497	0.01656	0.00675	0.00215	0.00307	0.01503	0.00491	0.00429
47	0.02856	0.00981	0.01607	0.70531	0.08708	0.01196	0.01445	0.03807	0.01110	0.01463	0.00950	0.01386	0.00717	0.00527	0.00524	0.00174	0.00689	0.00466	0.00248	0.00614
48	0.01636	0.31205	0.12300	0.01253	0.03132	0.39357	0.01116	0.01852	0.01288	0.01335	0.00809	0.00944	0.00682	0.00504	0.00431	0.00132	0.00783	0.00329	0.00249	0.00664
49	0.01096	0.00940	0.01096	0.00783	0.01253	0.00705	0.00626	0.01331	0.01096	0.01723	0.00940	0.01096	0.00783	0.00392	0.00392	0.00078	0.00392	0.00313	0.00313	0.84653
50	0.01120	0.00954	0.01109	0.00794	0.01263	0.00729	0.00636	0.03254	0.01132	0.01764	0.00948	0.01101	0.00786	0.00398	0.00395	0.00080	0.00396	0.00317	0.00319	0.82506
51	0.01143	0.00947	0.01108	0.00804	0.01263	0.00732	0.00646	0.03594	0.01149	0.03268	0.01015	0.01228	0.00849	0.00429	0.00406	0.00086	0.00401	0.02050	0.00330	0.78551
52	0.01566	0.11164	0.16640	0.01712	0.17989	0.29691	0.01305	0.08720	0.01389	0.01641	0.00928	0.01106	0.00748	0.00604	0.02457	0.00164	0.00784	0.00390	0.00279	0.00724
53	0.00644	0.00460	0.00613	0.00736	0.00767	0.00429	0.00491	0.00736	0.01012	0.01350	0.02914	0.81076	0.03497	0.01656	0.00675	0.00215	0.00307	0.01503	0.00491	0.00429
54	0.00660	0.00474	0.00626	0.00721	0.00769	0.00441	0.00490	0.00778	0.01092	0.01472	0.14715	0.67411	0.05268	0.01559	0.00666	0.00206	0.00297	0.01409	0.00505	0.00441
55	0.00739	0.00529	0.00718	0.00836	0.00909	0.00512	0.00648	0.00898	0.01103	0.01449	0.02886	0.44440	0.04715	0.03077	0.00737	0.00233	0.00391	0.34240	0.00486	0.00453
56	0.00753	0.00540	0.00737	0.00857	0.00938	0.00524	0.00679	0.00925	0.01124	0.01473	0.02903	0.40101	0.04767	0.01547	0.00703	0.00229	0.00400	0.39853	0.00489	0.00460
57	0.07765	0.01414	0.01491	0.01154	0.01560	0.01567	0.00952	0.68483	0.02326	0.03217	0.01248	0.01266	0.00892	0.00624	0.00509	0.00158	0.00558	0.00463	0.03489	0.00862
58	0.02031	0.17439	0.03304	0.00933	0.01334	0.01033	0.00811	0.02230	0.01381	0.55799	0.01838	0.06842	0.01310	0.00676	0.00501	0.00157	0.00472	0.00542	0.00546	0.00821
59	0.01869	0.01283	0.05528	0.01113	0.01516	0.01276	0.00943	0.30294	0.23075	0.24739	0.01736	0.01612	0.01206	0.00656	0.00531	0.00166	0.00508	0.00522	0.00551	0.00875
60	0.00657	0.00477	0.00623	0.00735	0.00785	0.00443	0.00508	0.00763	0.01044	0.01373	0.03123	0.69077	0.10091	0.01614	0.00674	0.00213	0.00316	0.06558	0.00490	0.00435
61	0.06946	0.01042	0.05274	0.03679	0.01379	0.00783	0.00725	0.01366	0.01082	0.01752	0.00926	0.01092	0.00759	0.00409	0.00398	0.00093	0.00425	0.00321	0.00307	0.71241
62	0.01383	0.70279	0.04020	0.00929	0.01349	0.06121	0.00902	0.01554	0.01094	0.01262	0.00895	0.06448	0.00875	0.00542	0.00373	0.00122	0.00572	0.00373	0.00247	0.00660
63	0.01100	0.02342	0.60934	0.03206	0.11505	0.01183	0.01782	0.01654	0.02429	0.03278	0.01218	0.01373	0.04575	0.00548	0.00513	0.00167	0.00722	0.00445	0.00256	0.00771
64	0.01187	0.04087	0.06552	0.00992	0.06429	0.00789	0.00780	0.01438	0.01209	0.11071	0.10992	0.04395	0.06432	0.00627	0.00476	0.00123	0.00420	0.00525	0.00392	0.41084
65	0.01367	0.08173	0.04095	0.01091	0.08001	0.00959	0.00823	0.02984	0.11465	0.17593	0.16286	0.04303	0.01891	0.00681	0.00506	0.00145	0.00430	0.00573	0.00459	0.18173
66	0.01346	0.01241	0.05692	0.01272	0.07066	0.01086	0.09305	0.19528	0.04349	0.02133	0.03044	0.01297	0.00950	0.00498	0.00477	0.00125	0.00528	0.00430	0.00367	0.39267
67	0.01294	0.01178	0.06860	0.13025	0.17236	0.01146	0.03379	0.05329	0.23992	0.08021	0.08609	0.01863	0.02966	0.00648	0.00540	0.00168	0.00533	0.00567	0.00416	0.02230
68	0.01249	0.06642	0.06424	0.04215	0.02976	0.00953	0.00857	0.10500	0.01362	0.09919	0.07901	0.02496	0.10592	0.00780	0.00557	0.00154	0.02470	0.09733	0.00421	0.19801

[dist]
# distance from previous block
# <min> <max>
15	31

[block]
# block no. 3 follows, 46 sequences, length 83
# corresponding to MSA columns:
# 437-519
name=unknown_D
#
# <colnr> <probs for GDERKNQSTAVLIFYWHMCP>
#	G	D	E	R	K	N	Q	S	T	A	V	L	I	F	Y	W	H	M	C	P
0	0.01474	0.03965	0.04125	0.01239	0.08976	0.03767	0.03391	0.11670	0.10281	0.17464	0.17861	0.02162	0.05221	0.00746	0.00598	0.00165	0.03918	0.00618	0.00483	0.01876
1	0.01438	0.01177	0.09997	0.01211	0.04442	0.01005	0.08416	0.04890	0.19512	0.20379	0.12644	0.05128	0.01848	0.00728	0.00556	0.00170	0.00500	0.01842	0.00489	0.03629
2	0.01225	0.01840	0.33276	0.03733	0.14812	0.04050	0.02851	0.08030	0.02635	0.01833	0.02773	0.01246	0.00862	0.00504	0.00490	0.00146	0.00644	0.00417	0.00292	0.18341
3	0.03128	0.01180	0.06548	0.01071	0.04674	0.02505	0.00865	0.13032	0.15142	0.09700	0.06323	0.01731	0.05091	0.00627	0.00511	0.00142	0.01574	0.00505	0.00436	0.25216
4	0.06890	0.09203	0.28891	0.01754	0.22209	0.07955	0.01418	0.01657	0.01166	0.03335	0.02027	0.01165	0.00796	0.00493	0.00470	0.00148	0.00657	0.00394	0.00268	0.09104
5	0.01417	0.01118	0.03044	0.01302	0.13585	0.01006	0.00910	0.13307	0.04780	0.10293	0.02215	0.01313	0.00956	0.00511	0.00496	0.00124	0.02537	0.00414	0.00385	0.40285
6	0.01162	0.01370	0.15689	0.01969	0.25962	0.01084	0.15146	0.01567	0.04617	0.04950	0.08657	0.09609	0.03068	0.00692	0.00587	0.00172	0.01981	0.00655	0.00342	0.00722
7	0.04100	0.01049	0.03983	0.01321	0.15785	0.08615	0.00886	0.03611	0.02760	0.10093	0.26082	0.03959	0.09007	0.00860	0.00569	0.00168	0.00469	0.05581	0.00458	0.00642
8	0.02570	0.12342	0.18751	0.01902	0.28855	0.06774	0.02903	0.01609	0.01164	0.01629	0.00925	0.01136	0.00753	0.00466	0.00465	0.00138	0.00634	0.00390	0.00260	0.16332
9	0.01040	0.01282	0.21102	0.01075	0.03202	0.00909	0.01004	0.08872	0.10564	0.03158	0.17323	0.19982	0.04392	0.00966	0.00583	0.00180	0.00473	0.02794	0.00446	0.00650
10	0.09634	0.00991	0.01116	0.00823	0.01270	0.00838	0.00665	0.07898	0.01227	0.07543	0.01032	0.01139	0.00811	0.00442	0.00407	0.00100	0.00414	0.00341	0.00358	0.62952
11	0.09163	0.00662	0.00882	0.00776	0.00966	0.00626	0.06996	0.01055	0.01342	0.01941	0.46188	0.05232	0.20118	0.01036	0.00595	0.00171	0.00326	0.00907	0.00508	0.00512
12	0.08361	0.01103	0.01479	0.04666	0.01432	0.01454	0.01058	0.01300	0.00857	0.01414	0.00746	0.01153	0.00705	0.00875	0.02894	0.00220	0.60657	0.00435	0.00249	0.08944
13	0.00882	0.02503	0.02638	0.00872	0.01057	0.00685	0.08083	0.01200	0.06030	0.03459	0.48963	0.08688	0.03737	0.07910	0.00789	0.00200	0.00372	0.00887	0.00505	0.00539
14	0.01088	0.00733	0.00982	0.04571	0.02567	0.00743	0.00857	0.08694	0.01346	0.08340	0.02589	0.10135	0.05808	0.01258	0.00672	0.00219	0.00483	0.47857	0.00491	0.00568
15	0.01256	0.01255	0.02338	0.10307	0.02396	0.01201	0.44175	0.08694	0.01312	0.01827	0.01073	0.01367	0.00817	0.00469	0.00552	0.00156	0.00726	0.00531	0.03266	0.16283
16	0.01505	0.03184	0.08494	0.13032	0.02141	0.03227	0.16959	0.18170	0.07955	0.10508	0.01240	0.01401	0.00907	0.00598	0.00656	0.00174	0.08208	0.00507	0.00378	0.00757
17	0.01421	0.01512	0.11637	0.28955	0.05995	0.09123	0.01304	0.21585	0.09621	0.02024	0.01148	0.01344	0.00853	0.00572	0.00521	0.00166	0.00673	0.00462	0.00349	0.00736
18	0.00911	0.00462	0.00683	0.00683	0.00683	0.00462	0.00453	0.00692	0.00692	0.00923	0.00953	0.01694	0.00966	0.05582	0.02096	0.80661	0.00462	0.00474	0.00234	0.00234
19	0.01737	0.02773	0.01490	0.01170	0.01500	0.03095	0.00961	0.52910	0.03257	0.04369	0.01274	0.02882	0.00990	0.01070	0.09889	0.00247	0.08625	0.00502	0.00462	0.00797
20	0.10408	0.01078	0.01197	0.00973	0.01341	0.07639	0.00791	0.03752	0.09567	0.52275	0.01857	0.01775	0.01262	0.00661	0.00514	0.00165	0.00489	0.02864	0.00569	0.00823
21	0.01289	0.01423	0.06009	0.11309	0.06313	0.01339	0.53175	0.09080	0.01341	0.01817	0.01065	0.01389	0.00796	0.00478	0.00593	0.00175	0.00821	0.00574	0.00287	0.00726
22	0.01302	0.01250	0.02134	0.04823	0.76595	0.01254	0.01619	0.01617	0.01201	0.01719	0.00993	0.01310	0.00835	0.00472	0.00523	0.00157	0.00630	0.00471	0.00261	0.00832
23	0.01021	0.00962	0.01626	0.74624	0.08994	0.01180	0.01479	0.01370	0.01068	0.01378	0.00944	0.01402	0.00714	0.00524	0.00528	0.00175	0.00699	0.00470	0.00237	0.00605
24	0.00656	0.00474	0.00621	0.00724	0.00773	0.00440	0.00495	0.00765	0.01064	0.01416	0.08544	0.68962	0.08159	0.01590	0.00669	0.00210	0.00304	0.03199	0.00497	0.00437
25	0.01308	0.01256	0.02146	0.03245	0.78123	0.01256	0.01622	0.01622	0.01204	0.01727	0.00994	0.01308	0.00837	0.00471	0.00523	0.00157	0.00628	0.00471	0.00262	0.00837
26	0.01308	0.01256	0.02146	0.03245	0.78123	0.01256	0.01622	0.01622	0.01204	0.01727	0.00994	0.01308	0.00837	0.00471	0.00523	0.00157	0.00628	0.00471	0.00262	0.00837
27	0.01079	0.01011	0.15269	0.00888	0.01180	0.00687	0.00839	0.01388	0.01409	0.14490	0.46006	0.03211	0.03451	0.00930	0.00593	0.00171	0.00397	0.05864	0.00521	0.00616
28	0.01207	0.01305	0.02448	0.01852	0.02148	0.01463	0.42616	0.01505	0.01052	0.01505	0.00901	0.01305	0.00754	0.00660	0.01121	0.00202	0.36500	0.00552	0.00251	0.00653
29	0.00682	0.00513	0.00631	0.00655	0.00763	0.00462	0.00471	0.00849	0.01261	0.01686	0.34264	0.29761	0.23397	0.01338	0.00641	0.00185	0.00273	0.01178	0.00528	0.00462
30	0.01388	0.11617	0.45805	0.01423	0.03705	0.01250	0.08059	0.01845	0.01204	0.17065	0.01163	0.01253	0.00814	0.00521	0.00500	0.00161	0.00695	0.00428	0.00315	0.00788
31	0.01290	0.01110	0.01174	0.01058	0.01349	0.01280	0.00822	0.02731	0.73894	0.02208	0.05426	0.02058	0.01760	0.00733	0.00542	0.00179	0.00411	0.00613	0.00540	0.00822
32	0.00667	0.00470	0.00607	0.00707	0.00731	0.00445	0.00459	0.00742	0.00967	0.01289	0.02682	0.66675	0.03204	0.16455	0.01049	0.00270	0.00345	0.01367	0.00459	0.00409
33	0.01086	0.02728	0.76474	0.01503	0.02269	0.03461	0.01927	0.01687	0.01127	0.01663	0.00945	0.01111	0.00670	0.00503	0.00502	0.00167	0.00786	0.00389	0.00225	0.00776
34	0.01151	0.01104	0.01831	0.50187	0.17390	0.02956	0.09155	0.05184	0.01189	0.01559	0.01018	0.01476	0.00801	0.00535	0.00541	0.00173	0.00704	0.02120	0.00264	0.00661
35	0.00745	0.00540	0.00702	0.00662	0.00788	0.00497	0.00496	0.00991	0.01489	0.02102	0.75968	0.03978	0.06876	0.01087	0.00624	0.00167	0.00250	0.00960	0.00580	0.00497
36	0.00756	0.00562	0.00826	0.00826	0.00912	0.00648	0.00632	0.00929	0.00843	0.01210	0.01438	0.02196	0.01373	0.10627	0.72734	0.00821	0.01338	0.00584	0.00286	0.00459
37	0.02786	0.02905	0.01512	0.52985	0.06040	0.01182	0.01271	0.07390	0.01151	0.01534	0.01146	0.08939	0.01011	0.02258	0.00651	0.00186	0.05598	0.00565	0.00287	0.00604
38	0.03141	0.01117	0.01590	0.65871	0.07759	0.08955	0.01411	0.01447	0.01106	0.01392	0.00926	0.01345	0.00707	0.00526	0.00518	0.00171	0.00718	0.00453	0.00242	0.00604
39	0.01696	0.01325	0.01410	0.01153	0.01520	0.01493	0.00929	0.43114	0.36244	0.02825	0.01668	0.01587	0.01222	0.00672	0.00533	0.00168	0.00508	0.00531	0.00533	0.00871
40	0.01309	0.01244	0.02051	0.03029	0.70485	0.01262	0.01544	0.01741	0.08764	0.01775	0.01110	0.01375	0.00915	0.00496	0.00525	0.00159	0.00607	0.00484	0.00289	0.00837
41	0.00998	0.00940	0.01586	0.80150	0.03641	0.01175	0.01468	0.01351	0.01057	0.01351	0.00940	0.01409	0.00705	0.00529	0.00529	0.00176	0.00705	0.00470	0.00235	0.00587
42	0.01096	0.00940	0.01096	0.00783	0.01253	0.00705	0.00626	0.01331	0.01096	0.01723	0.00940	0.01096	0.00783	0.00392	0.00392	0.00078	0.00392	0.00313	0.00313	0.84653
43	0.01384	0.01170	0.01234	0.01090	0.01401	0.01347	0.00853	0.10129	0.69735	0.02323	0.02064	0.01902	0.01543	0.00709	0.00537	0.00177	0.00435	0.00586	0.00537	0.00843
44	0.01928	0.09125	0.01604	0.01324	0.01611	0.72861	0.01012	0.02067	0.01463	0.01290	0.00810	0.00945	0.00681	0.00537	0.00465	0.00134	0.00921	0.00336	0.00269	0.00618
45	0.02176	0.00954	0.01229	0.00970	0.01360	0.00891	0.00792	0.04148	0.14992	0.63360	0.02080	0.01819	0.01354	0.00665	0.00533	0.00166	0.00447	0.00542	0.00631	0.00888
46	0.00839	0.00602	0.00834	0.00941	0.01064	0.00597	0.00816	0.01080	0.01237	0.01618	0.08349	0.05796	0.04910	0.01430	0.00720	0.00236	0.00464	0.67486	0.00494	0.00487
47	0.00647	0.00536	0.00567	0.00559	0.00728	0.00456	0.00419	0.00803	0.01258	0.01555	0.18658	0.04879	0.64527	0.01292	0.00625	0.00176	0.00264	0.01086	0.00508	0.00456
48	0.01850	0.01601	0.09391	0.01332	0.01801	0.01572	0.07567	0.62505	0.02243	0.03026	0.01220	0.01267	0.00868	0.00605	0.00534	0.00161	0.00628	0.00480	0.00476	0.00871
49	0.02002	0.01716	0.01567	0.01249	0.01638	0.19242	0.01009	0.59530	0.02262	0.02870	0.01167	0.01198	0.00850	0.00614	0.00517	0.00154	0.00666	0.00445	0.00471	0.00834
50	0.00628	0.00522	0.00550	0.00573	0.00724	0.00443	0.00418	0.00755	0.01169	0.01414	0.04902	0.19186	0.64103	0.01398	0.00634	0.00185	0.00275	0.01188	0.00491	0.00443
51	0.00748	0.00540	0.00707	0.00665	0.00790	0.00499	0.00499	0.00998	0.01496	0.02120	0.77844	0.03949	0.04988	0.01081	0.00624	0.00166	0.00249	0.00956	0.00582	0.00499
52	0.01245	0.01498	0.08737	0.01672	0.01961	0.09174	0.27944	0.01526	0.01062	0.01457	0.00893	0.01269	0.00756	0.00812	0.04465	0.00224	0.33906	0.00506	0.00250	0.00643
53	0.00761	0.00531	0.00698	0.00686	0.00797	0.00490	0.00503	0.00977	0.01394	0.03608	0.60372	0.20200	0.04593	0.01193	0.00632	0.00176	0.00266	0.01062	0.00564	0.00493
54	0.01315	0.01136	0.01195	0.01076	0.01375	0.01315	0.00837	0.02809	0.77168	0.02211	0.02152	0.01972	0.01614	0.00717	0.00538	0.00179	0.00418	0.00598	0.00538	0.00837
55	0.01791	0.02121	0.01533	0.01356	0.01578	0.55006	0.01051	0.08152	0.01423	0.01460	0.00827	0.01026	0.00702	0.00639	0.00769	0.00160	0.19112	0.00380	0.00285	0.00629
56	0.00663	0.00482	0.00626	0.00705	0.00767	0.00445	0.00485	0.00790	0.01125	0.01509	0.18041	0.59441	0.09935	0.01515	0.00660	0.00202	0.00292	0.01362	0.00509	0.00445
57	0.01096	0.00940	0.01096	0.00783	0.01253	0.00705	0.00626	0.01331	0.01096	0.01723	0.00940	0.01096	0.00783	0.00392	0.00392	0.00078	0.00392	0.00313	0.00313	0.84653
58	0.01000	0.00920	0.01549	0.74646	0.04826	0.01139	0.01419	0.01321	0.01041	0.01335	0.00940	0.01418	0.00718	0.00595	0.00608	0.04557	0.00691	0.00469	0.00235	0.00573
59	0.01258	0.01209	0.02009	0.10320	0.66171	0.02472	0.01544	0.01562	0.01186	0.01667	0.01079	0.05144	0.00950	0.00535	0.00530	0.00161	0.00625	0.00518	0.00270	0.00791
60	0.01147	0.01056	0.01626	0.47206	0.18509	0.01230	0.01368	0.03494	0.15744	0.01641	0.01192	0.01493	0.00911	0.00555	0.00529	0.00172	0.00631	0.00495	0.00306	0.00694
61	0.00691	0.00538	0.00627	0.00605	0.00755	0.00474	0.00454	0.00887	0.01361	0.01799	0.44168	0.04478	0.38865	0.01201	0.00624	0.00172	0.00258	0.01030	0.00540	0.00474
62	0.00701	0.00515	0.00658	0.00672	0.00774	0.00471	0.00485	0.00888	0.01311	0.01799	0.45996	0.28108	0.13081	0.01290	0.00640	0.00183	0.00269	0.01145	0.00543	0.00471
63	0.01296	0.01438	0.08840	0.02913	0.59711	0.03284	0.11442	0.01649	0.01210	0.01707	0.00996	0.01298	0.00814	0.00472	0.00534	0.00160	0.00684	0.00481	0.00259	0.00810
64	0.00918	0.00459	0.00689	0.00689	0.00689	0.00459	0.00459	0.00689	0.00689	0.00918	0.00918	0.01607	0.00918	0.01837	0.02066	0.84619	0.00459	0.00459	0.00230	0.00230
65	0.00769	0.00513	0.00577	0.00577	0.00577	0.00513	0.00320	0.00769	0.00769	0.01025	0.01666	0.03460	0.01922	0.81421	0.02691	0.00513	0.00513	0.00769	0.00320	0.00320
66	0.01126	0.17393	0.64598	0.01395	0.02115	0.01388	0.01759	0.01657	0.01108	0.01594	0.00909	0.01066	0.00671	0.00493	0.00472	0.00157	0.00741	0.00371	0.00224	0.00762
67	0.01373	0.70742	0.06578	0.00977	0.01407	0.02007	0.00980	0.01561	0.01054	0.01268	0.00742	0.00888	0.00679	0.00496	0.00468	0.00126	0.07448	0.00304	0.00226	0.00675
68	0.01236	0.01183	0.02016	0.21120	0.60812	0.01237	0.01587	0.01559	0.01170	0.01640	0.00982	0.01332	0.00807	0.00484	0.00525	0.00161	0.00646	0.00471	0.00255	0.00779
69	0.00998	0.00940	0.01586	0.80150	0.03641	0.01175	0.01468	0.01351	0.01057	0.01351	0.00940	0.01409	0.00705	0.00529	0.00529	0.00176	0.00705	0.00470	0.00235	0.00587
70	0.03353	0.01348	0.12856	0.01154	0.01558	0.05726	0.07433	0.13298	0.05622	0.24241	0.09847	0.05961	0.03769	0.00721	0.00547	0.00167	0.00551	0.00610	0.00481	0.00758
71	0.01117	0.02399	0.61506	0.01634	0.04788	0.01216	0.12617	0.01678	0.01157	0.03400	0.02975	0.01255	0.00820	0.00511	0.00524	0.00169	0.00771	0.00445	0.00250	0.00769
72	0.01313	0.46616	0.21913	0.01090	0.01572	0.09411	0.01149	0.01586	0.01122	0.01368	0.00985	0.07828	0.00919	0.00578	0.00424	0.00138	0.00637	0.00421	0.00253	0.00677
73	0.67892	0.08040	0.02765	0.00882	0.01250	0.01280	0.08156	0.01573	0.00954	0.02193	0.00774	0.00920	0.00606	0.00483	0.00361	0.00161	0.00478	0.00322	0.00310	0.00600
74	0.00799	0.00614	0.00760	0.00673	0.00867	0.00531	0.00512	0.01033	0.01390	0.01970	0.55579	0.03545	0.12252	0.00981	0.00581	0.00151	0.00278	0.00854	0.00522	0.16107
75	0.01267	0.01148	0.01181	0.00885	0.01327	0.08622	0.00703	0.07898	0.03083	0.01830	0.00985	0.01118	0.00803	0.00435	0.00415	0.00093	0.00464	0.00337	0.00333	0.67071
76	0.01324	0.41078	0.17185	0.01424	0.10830	0.03252	0.07655	0.01623	0.01147	0.03620	0.04211	0.01173	0.00911	0.00507	0.00463	0.00141	0.02084	0.00396	0.00262	0.00715
77	0.01301	0.01264	0.03373	0.14611	0.12280	0.03439	0.09476	0.12414	0.01228	0.01719	0.00931	0.01277	0.00771	0.00679	0.00988	0.00190	0.30758	0.00481	0.02142	0.00680
78	0.01065	0.00951	0.01496	0.57130	0.02960	0.01146	0.02946	0.08741	0.01188	0.01552	0.01221	0.11685	0.01087	0.00699	0.00598	0.00182	0.03849	0.00607	0.00298	0.00600
79	0.01044	0.00861	0.07682	0.07768	0.06319	0.00713	0.02937	0.01269	0.01200	0.12183	0.18783	0.22661	0.04181	0.09016	0.00805	0.00214	0.00446	0.00891	0.00450	0.00577
80	0.01315	0.01111	0.08841	0.00882	0.01373	0.00769	0.00785	0.01582	0.01171	0.15071	0.01140	0.01221	0.00863	0.00448	0.00427	0.00102	0.00440	0.00359	0.00364	0.61737
81	0.00871	0.00737	0.00820	0.00817	0.00899	0.08427	0.00590	0.00995	0.00906	0.01190	0.01552	0.09132	0.01606	0.24263	0.44098	0.00633	0.01032	0.00679	0.00310	0.00442
82	0.03108	0.01286	0.06074	0.19429	0.11087	0.01213	0.37075	0.01682	0.01212	0.09276	0.01154	0.01508	0.00868	0.00511	0.00572	0.00174	0.00753	0.02002	0.00302	0.00713

[dist]
# distance from previous block
# <min> <max>
0	23

# created by:
# /st0/software/busco_prod/Augustus/scripts/msa2prfl.pl ./align_prep/199467.fa
