[name]
unknown

[dist]
# distance from previous block
# <min> <max>
3	68

[block]
# block no. 0 follows, 41 sequences, length 9
# corresponding to MSA columns:
# 75-83
name=unknown_A
#
# <colnr> <probs for GDERKNQSTAVLIFYWHMCP>
#	G	D	E	R	K	N	Q	S	T	A	V	L	I	F	Y	W	H	M	C	P
0	0.03713	0.01159	0.01375	0.08730	0.01712	0.01145	0.00909	0.14743	0.11072	0.07983	0.01327	0.01431	0.01011	0.00583	0.00564	0.00142	0.04224	0.00452	0.00428	0.37295
1	0.09498	0.01267	0.01252	0.03599	0.05541	0.15925	0.04302	0.06763	0.03498	0.01897	0.01492	0.09226	0.01361	0.07298	0.00797	0.00203	0.05585	0.00614	0.19254	0.00628
2	0.01018	0.00823	0.05297	0.03074	0.01121	0.00819	0.00764	0.03741	0.01134	0.01763	0.01753	0.10801	0.01622	0.01799	0.20827	0.00373	0.09200	0.03152	0.30353	0.00566
3	0.08450	0.04111	0.04664	0.05641	0.08058	0.05397	0.02212	0.08671	0.11814	0.02088	0.04618	0.04919	0.01405	0.00694	0.00531	0.00161	0.00553	0.04669	0.00407	0.20937
4	0.12221	0.01408	0.08078	0.13655	0.07205	0.09342	0.04045	0.07101	0.10296	0.04597	0.06143	0.10451	0.01541	0.00771	0.00564	0.00185	0.00622	0.00646	0.00407	0.00723
5	0.04072	0.01557	0.01462	0.04954	0.09656	0.22462	0.01044	0.12430	0.09983	0.09693	0.01860	0.06322	0.06296	0.00807	0.00579	0.00179	0.00668	0.04767	0.00450	0.00760
6	0.01447	0.00893	0.01031	0.00891	0.01156	0.03792	0.00698	0.09405	0.01553	0.20872	0.17373	0.05252	0.15496	0.05926	0.05224	0.00246	0.00505	0.03891	0.00559	0.03791
7	0.01131	0.01099	0.04196	0.04521	0.21632	0.06808	0.01071	0.01365	0.01218	0.01658	0.05943	0.16536	0.04875	0.05434	0.03917	0.00243	0.06550	0.05433	0.05728	0.00641
8	0.01148	0.05549	0.01189	0.04079	0.01274	0.05229	0.00782	0.08354	0.05444	0.01738	0.04263	0.23996	0.05328	0.09887	0.00993	0.00235	0.08082	0.04291	0.00436	0.07704

[dist]
# distance from previous block
# <min> <max>
25	58

[block]
# block no. 1 follows, 41 sequences, length 6
# corresponding to MSA columns:
# 145-150
name=unknown_B
#
# <colnr> <probs for GDERKNQSTAVLIFYWHMCP>
#	G	D	E	R	K	N	Q	S	T	A	V	L	I	F	Y	W	H	M	C	P
0	0.01156	0.01054	0.01700	0.43837	0.19848	0.01206	0.01474	0.01596	0.06424	0.01659	0.01438	0.02315	0.01261	0.00730	0.00605	0.00198	0.00685	0.11791	0.00327	0.00699
1	0.05803	0.01138	0.01777	0.44661	0.16104	0.04094	0.06843	0.01571	0.01201	0.01687	0.01104	0.01515	0.00856	0.00562	0.00547	0.00179	0.00706	0.00507	0.08459	0.00683
2	0.01047	0.00825	0.01232	0.14122	0.13332	0.00857	0.01049	0.01358	0.04088	0.04375	0.06138	0.17083	0.05907	0.01195	0.00682	0.00218	0.00528	0.24883	0.00458	0.00622
3	0.06819	0.01239	0.06591	0.06569	0.09119	0.01162	0.06489	0.10853	0.11386	0.16705	0.13341	0.02127	0.03598	0.00737	0.00584	0.00181	0.00555	0.00634	0.00501	0.00809
4	0.01138	0.00670	0.00886	0.00842	0.00918	0.00692	0.00594	0.12292	0.01098	0.01467	0.01350	0.12369	0.01374	0.01757	0.01768	0.58908	0.00495	0.00655	0.00338	0.00392
5	0.01803	0.01243	0.01681	0.13559	0.09403	0.01293	0.05095	0.24322	0.05894	0.18760	0.01564	0.04454	0.01163	0.00672	0.00574	0.00174	0.00607	0.00571	0.00491	0.06679

[dist]
# distance from previous block
# <min> <max>
0	1

[block]
# block no. 2 follows, 41 sequences, length 9
# corresponding to MSA columns:
# 152-160
name=unknown_C
#
# <colnr> <probs for GDERKNQSTAVLIFYWHMCP>
#	G	D	E	R	K	N	Q	S	T	A	V	L	I	F	Y	W	H	M	C	P
0	0.00845	0.00602	0.00691	0.00666	0.00847	0.00523	0.00500	0.01030	0.01408	0.06837	0.26607	0.09770	0.44929	0.01337	0.00672	0.00191	0.00300	0.01140	0.00573	0.00532
1	0.05120	0.01419	0.06176	0.39334	0.22980	0.08823	0.01550	0.04810	0.01296	0.01729	0.01026	0.01395	0.00799	0.00558	0.00553	0.00179	0.00751	0.00481	0.00284	0.00737
2	0.07221	0.01692	0.01569	0.01273	0.01677	0.15396	0.01024	0.43738	0.11385	0.07214	0.01419	0.01412	0.01030	0.00672	0.00550	0.00171	0.00660	0.00495	0.00517	0.00886
3	0.01807	0.01375	0.01420	0.01225	0.01560	0.09822	0.01015	0.36964	0.02044	0.09077	0.01919	0.02993	0.01719	0.00961	0.00635	0.00198	0.00630	0.23300	0.00538	0.00797
4	0.01505	0.00827	0.01149	0.00972	0.01242	0.00769	0.04578	0.06838	0.01607	0.26830	0.30206	0.12919	0.03240	0.01043	0.00646	0.00189	0.00422	0.03687	0.00617	0.00716
5	0.14534	0.57556	0.07197	0.01018	0.01495	0.07270	0.01002	0.01754	0.01167	0.01571	0.00816	0.00945	0.00716	0.00506	0.00386	0.00136	0.00629	0.00318	0.00265	0.00718
6	0.33770	0.23679	0.06823	0.01023	0.01462	0.07509	0.00935	0.12125	0.01364	0.05356	0.00962	0.01059	0.00752	0.00554	0.00423	0.00159	0.00591	0.00361	0.00357	0.00736
7	0.10910	0.06304	0.01596	0.03617	0.01670	0.17216	0.00998	0.38121	0.04732	0.02646	0.01226	0.01401	0.00960	0.05337	0.00664	0.00188	0.00684	0.00474	0.00449	0.00806
8	0.26670	0.01231	0.01469	0.15463	0.04892	0.01354	0.04863	0.17865	0.07485	0.04712	0.01182	0.01340	0.00884	0.00586	0.00499	0.00172	0.00580	0.00457	0.00406	0.07891

[dist]
# distance from previous block
# <min> <max>
4	15

[block]
# block no. 3 follows, 41 sequences, length 75
# corresponding to MSA columns:
# 176-250
name=unknown_D
#
# <colnr> <probs for GDERKNQSTAVLIFYWHMCP>
#	G	D	E	R	K	N	Q	S	T	A	V	L	I	F	Y	W	H	M	C	P
0	0.41984	0.01470	0.01258	0.12436	0.01756	0.15577	0.00927	0.13029	0.01390	0.02331	0.00939	0.01111	0.00722	0.00570	0.00452	0.00171	0.00628	0.00382	0.00362	0.02505
1	0.32424	0.01254	0.01258	0.19915	0.01958	0.07674	0.00969	0.07264	0.11892	0.02204	0.01162	0.01336	0.00888	0.00591	0.00475	0.00174	0.00579	0.00435	0.02723	0.04824
2	0.01412	0.01227	0.01271	0.01128	0.01452	0.03928	0.00874	0.06274	0.57220	0.02305	0.02173	0.07533	0.01739	0.00807	0.00576	0.00184	0.00470	0.00674	0.00546	0.08207
3	0.01080	0.01017	0.01716	0.78523	0.03940	0.01271	0.01589	0.01461	0.01144	0.01461	0.01017	0.01525	0.00762	0.00572	0.00572	0.00191	0.00762	0.00508	0.00254	0.00635
4	0.00696	0.00502	0.00660	0.00786	0.00827	0.00465	0.00527	0.00798	0.01105	0.01464	0.03274	0.76116	0.07113	0.01776	0.00728	0.00230	0.00330	0.01607	0.00531	0.00465
5	0.00734	0.00571	0.00638	0.00645	0.00781	0.00507	0.00462	0.00879	0.01275	0.01621	0.18574	0.11797	0.42692	0.13364	0.01023	0.00251	0.00336	0.02855	0.00522	0.00473
6	0.03087	0.01198	0.01803	0.50379	0.17742	0.03510	0.01520	0.08826	0.03156	0.01799	0.01087	0.01476	0.00832	0.00576	0.00565	0.00183	0.00726	0.00504	0.00303	0.00729
7	0.02096	0.00918	0.01201	0.00972	0.01345	0.00831	0.00792	0.02443	0.08158	0.54641	0.09847	0.02614	0.07053	0.00845	0.00601	0.00183	0.00450	0.03467	0.00670	0.00873
8	0.00682	0.00570	0.00594	0.00608	0.00781	0.00482	0.00448	0.00825	0.01289	0.01557	0.07458	0.13784	0.66002	0.01479	0.00682	0.00197	0.00294	0.01249	0.00534	0.00482
9	0.01280	0.01579	0.10353	0.10205	0.06614	0.01374	0.53077	0.01748	0.01302	0.01779	0.01203	0.04534	0.00958	0.00550	0.00648	0.00192	0.00893	0.00661	0.00290	0.00759
10	0.03498	0.13444	0.05109	0.01121	0.01537	0.03084	0.00972	0.22117	0.11418	0.20437	0.06953	0.01760	0.01456	0.00836	0.03540	0.00198	0.00593	0.00544	0.00524	0.00859
11	0.00759	0.00542	0.00628	0.00670	0.00718	0.00512	0.00422	0.00819	0.01007	0.01305	0.03012	0.27997	0.17143	0.39861	0.01784	0.00382	0.00432	0.01156	0.00441	0.00411
12	0.01152	0.01166	0.02363	0.13186	0.02504	0.01143	0.42446	0.01476	0.01213	0.01626	0.01497	0.16266	0.01414	0.00889	0.00822	0.08286	0.00770	0.00812	0.00326	0.00643
13	0.03288	0.01261	0.01251	0.03786	0.03574	0.10140	0.00873	0.10593	0.28716	0.06607	0.07979	0.02544	0.12588	0.03436	0.00664	0.00194	0.00526	0.00696	0.00518	0.00766
14	0.01385	0.03433	0.02223	0.15400	0.60670	0.03497	0.01690	0.01722	0.01282	0.01777	0.01054	0.01409	0.00874	0.00521	0.00560	0.00171	0.00701	0.00500	0.00278	0.00851
15	0.00702	0.00509	0.00653	0.00765	0.00813	0.00471	0.00511	0.00801	0.01103	0.01450	0.03353	0.67930	0.11122	0.05870	0.00839	0.00245	0.00339	0.01541	0.00521	0.00460
16	0.16617	0.09055	0.01305	0.01024	0.02882	0.09330	0.00792	0.16636	0.03576	0.02184	0.06810	0.11216	0.06415	0.04890	0.02694	0.00213	0.00562	0.00676	0.02450	0.00672
17	0.10751	0.01034	0.03293	0.02663	0.01419	0.00958	0.00836	0.08067	0.05289	0.41922	0.13854	0.03851	0.01971	0.00781	0.00570	0.00180	0.00469	0.00637	0.00614	0.00841
18	0.01211	0.01150	0.01952	0.49222	0.32217	0.01305	0.01654	0.01576	0.01206	0.01621	0.01040	0.01482	0.00819	0.00548	0.00570	0.00183	0.00730	0.00509	0.00265	0.00741
19	0.00701	0.00561	0.00609	0.00635	0.00774	0.00488	0.00451	0.00829	0.01231	0.01521	0.08065	0.20530	0.51058	0.08856	0.00896	0.00234	0.00322	0.01250	0.00518	0.00469
20	0.04321	0.01679	0.12996	0.04646	0.30162	0.04551	0.27890	0.01825	0.01311	0.03486	0.01105	0.01414	0.00857	0.00515	0.00593	0.00180	0.00810	0.00546	0.00291	0.00823
21	0.04403	0.07837	0.44996	0.01758	0.13412	0.01308	0.04780	0.01703	0.01265	0.01875	0.10088	0.01593	0.01320	0.00607	0.00548	0.00175	0.00723	0.00508	0.00301	0.00798
22	0.00839	0.00563	0.00695	0.00742	0.00856	0.00505	0.00522	0.00970	0.01225	0.07010	0.09212	0.45714	0.23773	0.03638	0.00757	0.00222	0.00333	0.01368	0.00546	0.00509
23	0.01233	0.01166	0.01974	0.48545	0.28258	0.01321	0.04007	0.03645	0.01248	0.01672	0.01051	0.01484	0.00820	0.00551	0.00573	0.00183	0.00737	0.00514	0.00274	0.00741
24	0.01417	0.01374	0.02156	0.16911	0.56946	0.05164	0.01670	0.04223	0.01337	0.01831	0.01066	0.01415	0.00874	0.00531	0.00565	0.00173	0.00710	0.00503	0.00288	0.00847
25	0.33405	0.21273	0.05421	0.01082	0.01475	0.25815	0.00937	0.01887	0.01238	0.01856	0.00836	0.00973	0.00690	0.00540	0.00418	0.00154	0.00692	0.00333	0.00302	0.00673
26	0.00723	0.00509	0.00656	0.00763	0.00790	0.00482	0.00495	0.00803	0.01044	0.01392	0.02892	0.64889	0.03454	0.16877	0.01151	0.00295	0.00375	0.01473	0.00495	0.00442
27	0.01286	0.01032	0.01205	0.00885	0.01360	0.00828	0.00706	0.07134	0.01302	0.04199	0.01139	0.03362	0.00958	0.00533	0.00499	0.02423	0.00441	0.00399	0.00371	0.69940
28	0.00990	0.00779	0.01078	0.03286	0.10168	0.00791	0.00889	0.01386	0.08989	0.01900	0.21129	0.07756	0.04581	0.04848	0.00800	0.00233	0.00467	0.28811	0.00514	0.00606
29	0.01416	0.01359	0.02322	0.03511	0.76330	0.01359	0.01755	0.01755	0.01302	0.01869	0.01076	0.01416	0.00906	0.00510	0.00566	0.00170	0.00680	0.00510	0.00283	0.00906
30	0.00724	0.00545	0.00669	0.00737	0.00834	0.00495	0.00525	0.00868	0.01233	0.01606	0.13898	0.41633	0.24287	0.03663	0.00769	0.00225	0.00330	0.05940	0.00539	0.00481
31	0.00735	0.00516	0.00662	0.00764	0.00792	0.00491	0.00500	0.00816	0.01040	0.01386	0.02835	0.59722	0.03372	0.19948	0.01239	0.00308	0.00389	0.03556	0.00488	0.00439
32	0.00874	0.00586	0.00663	0.00655	0.00679	0.00589	0.00386	0.03256	0.00936	0.01265	0.03825	0.07422	0.02201	0.69321	0.02603	0.00505	0.00531	0.00859	0.02458	0.00383
33	0.00809	0.00545	0.00630	0.00653	0.00658	0.00540	0.00377	0.00826	0.00876	0.01167	0.02027	0.16334	0.02363	0.66921	0.02549	0.00501	0.00518	0.00964	0.00377	0.00366
34	0.00697	0.00498	0.00664	0.00796	0.00830	0.00465	0.00531	0.00796	0.01095	0.01460	0.03153	0.79525	0.03783	0.01792	0.00730	0.00232	0.00332	0.01626	0.00531	0.00465
35	0.00804	0.00600	0.00749	0.00712	0.00859	0.00554	0.00534	0.01088	0.03591	0.02165	0.61771	0.05991	0.16019	0.01214	0.00673	0.00183	0.00279	0.01063	0.00611	0.00540
36	0.83938	0.01106	0.00841	0.00752	0.01106	0.01283	0.00619	0.01681	0.00973	0.02566	0.00796	0.00929	0.00619	0.00531	0.00354	0.00177	0.00442	0.00310	0.00354	0.00619
37	0.00832	0.00555	0.00624	0.00624	0.00624	0.00555	0.00347	0.00832	0.00832	0.01109	0.01802	0.03743	0.02080	0.79898	0.02911	0.00555	0.00555	0.00832	0.00347	0.00347
38	0.00817	0.00613	0.00919	0.00919	0.01021	0.00715	0.00715	0.01021	0.00919	0.01328	0.01532	0.02247	0.01430	0.04290	0.77631	0.00919	0.01532	0.00613	0.00306	0.00511
39	0.01220	0.00681	0.00697	0.00642	0.00820	0.00705	0.00495	0.11470	0.01406	0.02337	0.01798	0.02027	0.01398	0.00669	0.00424	0.00139	0.00317	0.00531	0.71631	0.00594
40	0.02542	0.01013	0.01352	0.01036	0.01480	0.00899	0.00856	0.07298	0.01703	0.72122	0.02201	0.01911	0.01388	0.00707	0.00575	0.00177	0.00496	0.00571	0.00699	0.00973
41	0.01423	0.01229	0.01293	0.01164	0.01487	0.01423	0.00905	0.03039	0.75297	0.02393	0.02328	0.02134	0.01746	0.00776	0.00582	0.00194	0.00453	0.00647	0.00582	0.00905
42	0.06601	0.00986	0.01302	0.01008	0.01443	0.00877	0.00831	0.02738	0.03397	0.71214	0.02185	0.01901	0.01384	0.00701	0.00564	0.00177	0.00484	0.00564	0.00687	0.00954
43	0.00831	0.00558	0.00642	0.00642	0.00649	0.00565	0.00370	0.00844	0.00837	0.01123	0.01785	0.03650	0.02039	0.75174	0.07580	0.00577	0.00616	0.00818	0.00344	0.00357
44	0.02496	0.01086	0.01397	0.01071	0.01516	0.01008	0.00885	0.15647	0.01826	0.63600	0.02098	0.01844	0.01336	0.00704	0.00575	0.00176	0.00512	0.00564	0.00684	0.00973
45	0.01423	0.01229	0.01293	0.01164	0.01487	0.01423	0.00905	0.03039	0.75297	0.02393	0.02328	0.02134	0.01746	0.00776	0.00582	0.00194	0.00453	0.00647	0.00582	0.00905
46	0.00817	0.00583	0.00751	0.00719	0.00835	0.00546	0.00528	0.01049	0.01497	0.02106	0.62822	0.04283	0.04852	0.12181	0.00991	0.00235	0.00320	0.03785	0.00586	0.00512
47	0.00676	0.00579	0.00579	0.00579	0.00773	0.00483	0.00435	0.00821	0.01304	0.01545	0.05794	0.05505	0.76098	0.01449	0.00676	0.00193	0.00290	0.01207	0.00531	0.00483
48	0.83938	0.01106	0.00841	0.00752	0.01106	0.01283	0.00619	0.01681	0.00973	0.02566	0.00796	0.00929	0.00619	0.00531	0.00354	0.00177	0.00442	0.00310	0.00354	0.00619
49	0.01350	0.01543	0.03375	0.02411	0.02989	0.01446	0.74253	0.01832	0.01350	0.01832	0.01157	0.01543	0.00868	0.00482	0.00675	0.00193	0.00964	0.00675	0.00289	0.00771
50	0.01423	0.01229	0.01293	0.01164	0.01487	0.01423	0.00905	0.03039	0.75297	0.02393	0.02328	0.02134	0.01746	0.00776	0.00582	0.00194	0.00453	0.00647	0.00582	0.00905
51	0.83938	0.01106	0.00841	0.00752	0.01106	0.01283	0.00619	0.01681	0.00973	0.02566	0.00796	0.00929	0.00619	0.00531	0.00354	0.00177	0.00442	0.00310	0.00354	0.00619
52	0.01514	0.77236	0.05873	0.01004	0.01507	0.02227	0.01023	0.01717	0.01164	0.01364	0.00804	0.00929	0.00734	0.00491	0.00374	0.00125	0.00621	0.00310	0.00245	0.00738
53	0.00994	0.00497	0.00745	0.00745	0.00745	0.00497	0.00497	0.00745	0.00745	0.00994	0.00994	0.01739	0.00994	0.01987	0.02235	0.83358	0.00497	0.00497	0.00248	0.00248
54	0.01529	0.80242	0.02997	0.00979	0.01468	0.02263	0.00979	0.01713	0.01162	0.01346	0.00795	0.00918	0.00734	0.00489	0.00367	0.00122	0.00612	0.00306	0.00245	0.00734
55	0.00706	0.00581	0.00622	0.00611	0.00791	0.00496	0.00459	0.00880	0.01376	0.01716	0.21784	0.05224	0.60002	0.01385	0.00676	0.00190	0.00285	0.01168	0.00554	0.00496
56	0.00695	0.00506	0.00655	0.00775	0.00824	0.00466	0.00521	0.00799	0.01116	0.01469	0.03415	0.72172	0.10967	0.01758	0.00725	0.00228	0.00328	0.01584	0.00531	0.00466
57	0.02194	0.01571	0.01697	0.01301	0.01758	0.01727	0.01075	0.70847	0.02637	0.07255	0.01417	0.01402	0.00995	0.00688	0.00572	0.00172	0.00622	0.00518	0.00579	0.00973
58	0.02557	0.00988	0.01337	0.01025	0.01468	0.00863	0.00847	0.04497	0.01662	0.74981	0.02236	0.01933	0.01405	0.00707	0.00575	0.00177	0.00490	0.00574	0.00705	0.00973
59	0.52601	0.01055	0.01028	0.00854	0.01242	0.01113	0.00705	0.02107	0.01229	0.31126	0.01359	0.01321	0.00926	0.00599	0.00439	0.00177	0.00460	0.00412	0.00490	0.00756
60	0.00717	0.00508	0.00665	0.00775	0.00810	0.00478	0.00513	0.00815	0.01096	0.01469	0.06897	0.67835	0.03696	0.09677	0.00948	0.00262	0.00351	0.01514	0.00518	0.00457
61	0.02529	0.00982	0.01326	0.01022	0.01461	0.00860	0.00843	0.02796	0.04047	0.74295	0.02259	0.01953	0.01427	0.00710	0.00575	0.00178	0.00486	0.00578	0.00704	0.00971
62	0.00814	0.00587	0.00770	0.00731	0.00866	0.00544	0.00553	0.01083	0.01608	0.02273	0.73445	0.04350	0.05323	0.01184	0.00679	0.00183	0.00279	0.03563	0.00626	0.00539
63	0.01477	0.00729	0.00958	0.00838	0.01085	0.00647	0.00652	0.01692	0.01516	0.31291	0.29084	0.11594	0.10463	0.02658	0.00689	0.00195	0.00376	0.02734	0.00632	0.00692
64	0.00779	0.00583	0.00722	0.00687	0.00836	0.00527	0.00516	0.01020	0.01547	0.02122	0.59924	0.04555	0.21609	0.01233	0.00675	0.00183	0.00274	0.01074	0.00607	0.00527
65	0.00810	0.00585	0.00765	0.00720	0.00855	0.00540	0.00540	0.01079	0.01619	0.02294	0.76028	0.04273	0.05397	0.01169	0.00675	0.00180	0.00270	0.01034	0.00630	0.00540
66	0.01147	0.02959	0.76934	0.01630	0.02476	0.01328	0.02113	0.01811	0.01208	0.01811	0.01026	0.01208	0.00725	0.00543	0.00543	0.00181	0.00845	0.00423	0.00242	0.00845
67	0.63158	0.00983	0.00815	0.00734	0.01040	0.01107	0.00591	0.01608	0.01076	0.05009	0.08086	0.01467	0.01217	0.02556	0.00459	0.00182	0.00413	0.00422	0.08470	0.00609
68	0.00679	0.00580	0.00584	0.00583	0.00775	0.00484	0.00437	0.00827	0.01311	0.01563	0.07472	0.05475	0.74409	0.01442	0.00676	0.00193	0.00289	0.01203	0.00534	0.00484
69	0.83938	0.01106	0.00841	0.00752	0.01106	0.01283	0.00619	0.01681	0.00973	0.02566	0.00796	0.00929	0.00619	0.00531	0.00354	0.00177	0.00442	0.00310	0.00354	0.00619
70	0.02566	0.00973	0.01327	0.01018	0.01460	0.00841	0.00841	0.02788	0.01637	0.76726	0.02257	0.01947	0.01416	0.00708	0.00575	0.00177	0.00487	0.00575	0.00708	0.00973
71	0.00701	0.00501	0.00667	0.00794	0.00830	0.00467	0.00531	0.00806	0.01113	0.01489	0.05655	0.76941	0.03839	0.01771	0.00728	0.00230	0.00330	0.01606	0.00534	0.00467
72	0.00922	0.00658	0.00922	0.01053	0.01185	0.00658	0.00922	0.01185	0.01317	0.01712	0.03029	0.06452	0.03292	0.01580	0.00790	0.00263	0.00527	0.72480	0.00527	0.00527
73	0.00817	0.00613	0.00919	0.00919	0.01021	0.00715	0.00715	0.01021	0.00919	0.01328	0.01532	0.02247	0.01430	0.04290	0.77631	0.00919	0.01532	0.00613	0.00306	0.00511
74	0.03284	0.01211	0.01804	0.51194	0.18626	0.05130	0.01531	0.05272	0.03318	0.01703	0.01071	0.01472	0.00825	0.00570	0.00563	0.00183	0.00736	0.00501	0.00290	0.00717

[dist]
# distance from previous block
# <min> <max>
0	1

[block]
# block no. 4 follows, 41 sequences, length 33
# corresponding to MSA columns:
# 252-264,271-290
name=unknown_E
#
# <colnr> <probs for GDERKNQSTAVLIFYWHMCP>
#	G	D	E	R	K	N	Q	S	T	A	V	L	I	F	Y	W	H	M	C	P
0	0.02102	0.01522	0.01653	0.01290	0.01726	0.01674	0.01069	0.67570	0.02569	0.05511	0.01508	0.01726	0.01139	0.00747	0.00587	0.00178	0.00619	0.05295	0.00573	0.00943
1	0.00853	0.00632	0.00776	0.00765	0.00862	0.00609	0.02486	0.05259	0.01172	0.01535	0.06936	0.27880	0.16632	0.29280	0.01479	0.00332	0.00435	0.01141	0.00467	0.00469
2	0.03408	0.00999	0.01198	0.05855	0.01485	0.00826	0.00736	0.03292	0.01226	0.07707	0.01169	0.01435	0.00965	0.05742	0.00612	0.00134	0.00465	0.00405	0.00369	0.61972
3	0.00747	0.00533	0.00700	0.00798	0.00851	0.00509	0.00556	0.00869	0.01125	0.01503	0.08053	0.53575	0.05578	0.10312	0.03793	0.00291	0.00415	0.08817	0.00509	0.00466
4	0.00809	0.00554	0.00671	0.00710	0.00788	0.00513	0.00474	0.00910	0.01129	0.04220	0.09927	0.35167	0.16779	0.23153	0.01310	0.00307	0.00385	0.01237	0.00496	0.00461
5	0.12272	0.30224	0.06749	0.05655	0.01727	0.18313	0.01077	0.11196	0.01450	0.03391	0.00996	0.01200	0.00822	0.00579	0.00461	0.00153	0.00703	0.01970	0.00328	0.00736
6	0.10209	0.01473	0.06676	0.19211	0.38582	0.08687	0.01535	0.01723	0.01258	0.01801	0.01063	0.01470	0.00879	0.00564	0.00544	0.00176	0.00713	0.02367	0.00289	0.00779
7	0.00948	0.00768	0.00816	0.00803	0.00993	0.04318	0.00627	0.03433	0.05332	0.03839	0.16317	0.09263	0.35918	0.01324	0.00679	0.00202	0.00388	0.12929	0.00544	0.00558
8	0.01167	0.01105	0.01872	0.59180	0.22607	0.01294	0.01632	0.01537	0.01185	0.01566	0.01032	0.01497	0.00800	0.00556	0.00570	0.00185	0.00741	0.00509	0.00262	0.00705
9	0.11748	0.03885	0.01645	0.01405	0.05453	0.26694	0.02610	0.32516	0.01935	0.02490	0.01123	0.01278	0.00877	0.03156	0.00599	0.00176	0.00747	0.00450	0.00418	0.00795
10	0.00810	0.00591	0.00735	0.00803	0.00881	0.00579	0.00570	0.01025	0.05866	0.01548	0.07837	0.38472	0.08410	0.17180	0.01156	0.00292	0.00406	0.11850	0.00503	0.00485
11	0.00696	0.00580	0.00607	0.00600	0.00785	0.00491	0.00450	0.00859	0.01350	0.01655	0.16107	0.05324	0.65717	0.01408	0.00676	0.00191	0.00287	0.01182	0.00546	0.00491
12	0.01539	0.01248	0.01326	0.01155	0.01497	0.01415	0.00909	0.13940	0.58347	0.04831	0.02341	0.02169	0.05111	0.00792	0.00585	0.00190	0.00473	0.00651	0.00582	0.00898
13	0.00858	0.00644	0.00860	0.00989	0.03364	0.00619	0.00790	0.01082	0.01303	0.01677	0.06257	0.13288	0.19007	0.01525	0.00748	0.00239	0.00452	0.45252	0.00524	0.00523
14	0.00832	0.00555	0.00624	0.00624	0.00624	0.00555	0.00347	0.00832	0.00832	0.01109	0.01802	0.03743	0.02080	0.79898	0.02911	0.00555	0.00555	0.00832	0.00347	0.00347
15	0.02137	0.02726	0.01621	0.01474	0.01768	0.77602	0.01105	0.02284	0.01621	0.01400	0.00884	0.01031	0.00737	0.00589	0.00516	0.00147	0.01031	0.00368	0.00295	0.00663
16	0.00818	0.00609	0.00902	0.00902	0.00998	0.00706	0.00694	0.01010	0.00914	0.01315	0.01548	0.02334	0.01468	0.08688	0.73285	0.00898	0.01475	0.00626	0.00309	0.00501
17	0.00994	0.00497	0.00745	0.00745	0.00745	0.00497	0.00497	0.00745	0.00745	0.00994	0.00994	0.01739	0.00994	0.01987	0.02235	0.83358	0.00497	0.00497	0.00248	0.00248
18	0.01416	0.01359	0.02322	0.03511	0.76330	0.01359	0.01755	0.01755	0.01302	0.01869	0.01076	0.01416	0.00906	0.00510	0.00566	0.00170	0.00680	0.00510	0.00283	0.00906
19	0.02173	0.01126	0.01306	0.01064	0.01451	0.06053	0.00855	0.02712	0.18504	0.50358	0.06487	0.02065	0.01679	0.00743	0.00579	0.00179	0.00502	0.00605	0.00647	0.00912
20	0.83938	0.01106	0.00841	0.00752	0.01106	0.01283	0.00619	0.01681	0.00973	0.02566	0.00796	0.00929	0.00619	0.00531	0.00354	0.00177	0.00442	0.00310	0.00354	0.00619
21	0.00703	0.00503	0.00670	0.00792	0.00831	0.00469	0.00531	0.00813	0.01126	0.01509	0.07392	0.75147	0.03877	0.01756	0.00727	0.00229	0.00328	0.01592	0.00537	0.00469
22	0.01757	0.01274	0.01398	0.01160	0.01526	0.01401	0.00928	0.28581	0.34047	0.10779	0.09141	0.02047	0.01787	0.00775	0.00587	0.00183	0.00502	0.00629	0.00597	0.00901
23	0.00744	0.00532	0.00718	0.00851	0.00905	0.00505	0.00613	0.00878	0.01142	0.01513	0.03126	0.64099	0.03679	0.01747	0.00743	0.00239	0.00373	0.16583	0.00530	0.00478
24	0.83938	0.01106	0.00841	0.00752	0.01106	0.01283	0.00619	0.01681	0.00973	0.02566	0.00796	0.00929	0.00619	0.00531	0.00354	0.00177	0.00442	0.00310	0.00354	0.00619
25	0.00697	0.00498	0.00664	0.00796	0.00830	0.00465	0.00531	0.00796	0.01095	0.01460	0.03153	0.79525	0.03783	0.01792	0.00730	0.00232	0.00332	0.01626	0.00531	0.00465
26	0.00831	0.00558	0.00643	0.00643	0.00650	0.00565	0.00371	0.00844	0.00838	0.01124	0.01784	0.03644	0.02036	0.74878	0.07873	0.00579	0.00619	0.00817	0.00344	0.00357
27	0.00697	0.00498	0.00664	0.00796	0.00830	0.00465	0.00531	0.00796	0.01095	0.01460	0.03153	0.79525	0.03783	0.01792	0.00730	0.00232	0.00332	0.01626	0.00531	0.00465
28	0.01529	0.80242	0.02997	0.00979	0.01468	0.02263	0.00979	0.01713	0.01162	0.01346	0.00795	0.00918	0.00734	0.00489	0.00367	0.00122	0.00612	0.00306	0.00245	0.00734
29	0.02282	0.01430	0.01610	0.01234	0.01688	0.01518	0.01020	0.54823	0.02401	0.23612	0.01615	0.01530	0.01094	0.00692	0.00573	0.00173	0.00590	0.00531	0.00609	0.00973
30	0.00832	0.00555	0.00624	0.00624	0.00624	0.00555	0.00347	0.00832	0.00832	0.01109	0.01802	0.03743	0.02080	0.79898	0.02911	0.00555	0.00555	0.00832	0.00347	0.00347
31	0.01416	0.01359	0.02322	0.03511	0.76330	0.01359	0.01755	0.01755	0.01302	0.01869	0.01076	0.01416	0.00906	0.00510	0.00566	0.00170	0.00680	0.00510	0.00283	0.00906
32	0.00819	0.00605	0.00881	0.00881	0.00970	0.00694	0.00668	0.00997	0.00908	0.01300	0.01567	0.02439	0.01513	0.13990	0.68045	0.00872	0.01407	0.00641	0.00312	0.00490

[dist]
# distance from previous block
# <min> <max>
0	24

# created by:
# /st0/software/busco_prod/Augustus/scripts/msa2prfl.pl ./align_prep/199845.fa
