[name]
unknown

[dist]
# distance from previous block
# <min> <max>
0	26

[block]
# block no. 0 follows, 45 sequences, length 10
# corresponding to MSA columns:
# 26-35
name=unknown_A
#
# <colnr> <probs for GDERKNQSTAVLIFYWHMCP>
#	G	D	E	R	K	N	Q	S	T	A	V	L	I	F	Y	W	H	M	C	P
0	0.01025	0.00717	0.00971	0.01084	0.05258	0.00718	0.00862	0.01384	0.08229	0.07091	0.04914	0.05016	0.07289	0.01283	0.00688	0.00224	0.00473	0.51697	0.00502	0.00574
1	0.01077	0.02777	0.78354	0.01530	0.02323	0.01247	0.01983	0.01700	0.01133	0.01700	0.00963	0.01133	0.00680	0.00510	0.00510	0.00170	0.00793	0.00397	0.00227	0.00793
2	0.00830	0.00623	0.00778	0.00727	0.00875	0.00608	0.00549	0.01239	0.10764	0.02164	0.68257	0.03763	0.04644	0.01052	0.00622	0.00170	0.00274	0.00926	0.00585	0.00549
3	0.01209	0.01000	0.01149	0.00859	0.01296	0.00841	0.00684	0.10543	0.04500	0.01948	0.01169	0.06010	0.01013	0.00520	0.00438	0.00102	0.00417	0.00424	0.00366	0.65513
4	0.00692	0.00540	0.00619	0.00610	0.00752	0.00476	0.00448	0.00865	0.01308	0.01704	0.33591	0.09081	0.41068	0.04969	0.00734	0.00194	0.00278	0.01076	0.00527	0.00467
5	0.01287	0.00757	0.00932	0.00824	0.01091	0.00684	0.00653	0.01597	0.08161	0.22483	0.07932	0.10859	0.16628	0.02645	0.00630	0.00181	0.00388	0.09801	0.00526	0.11942
6	0.55531	0.01084	0.00995	0.00838	0.01195	0.01202	0.00688	0.11243	0.06039	0.15010	0.01133	0.01154	0.00814	0.00559	0.00406	0.00166	0.00445	0.00376	0.00426	0.00695
7	0.20077	0.01442	0.01325	0.01090	0.01448	0.10957	0.00878	0.40345	0.07771	0.02722	0.01251	0.03815	0.00968	0.00641	0.00487	0.00162	0.00567	0.00468	0.02814	0.00772
8	0.13049	0.63155	0.09334	0.00944	0.01416	0.01917	0.00967	0.01612	0.01070	0.01462	0.00766	0.00887	0.00673	0.00469	0.00358	0.00127	0.00572	0.00297	0.00244	0.00683
9	0.07131	0.01488	0.01637	0.04372	0.13388	0.12977	0.04221	0.33334	0.01827	0.10841	0.01249	0.02938	0.00938	0.00608	0.00523	0.00161	0.00640	0.00484	0.00435	0.00810

[dist]
# distance from previous block
# <min> <max>
0	1

[block]
# block no. 1 follows, 45 sequences, length 14
# corresponding to MSA columns:
# 38-51
name=unknown_B
#
# <colnr> <probs for GDERKNQSTAVLIFYWHMCP>
#	G	D	E	R	K	N	Q	S	T	A	V	L	I	F	Y	W	H	M	C	P
0	0.00799	0.00577	0.00709	0.00692	0.00831	0.00536	0.00512	0.01065	0.05321	0.04286	0.43754	0.17285	0.19180	0.01218	0.00635	0.00180	0.00282	0.01066	0.00556	0.00514
1	0.01220	0.01297	0.07974	0.16872	0.48112	0.01223	0.04200	0.01626	0.04660	0.01722	0.05061	0.01508	0.01068	0.00534	0.00540	0.00166	0.00644	0.00509	0.00288	0.00777
2	0.00908	0.00475	0.00681	0.00681	0.00681	0.00475	0.00444	0.00712	0.00712	0.00950	0.01053	0.01931	0.01095	0.14498	0.02199	0.71018	0.00475	0.00516	0.00248	0.00248
3	0.00801	0.00645	0.00717	0.00683	0.00850	0.00621	0.00512	0.03723	0.08318	0.01738	0.22363	0.07728	0.40808	0.05401	0.00760	0.00198	0.02099	0.01005	0.00512	0.00515
4	0.05169	0.20745	0.36456	0.01503	0.02114	0.05552	0.17946	0.01700	0.01163	0.01615	0.00923	0.01118	0.00708	0.00487	0.00489	0.00158	0.00758	0.00416	0.00245	0.00735
5	0.00755	0.00521	0.00660	0.00700	0.00794	0.00475	0.00492	0.00899	0.01200	0.04706	0.23114	0.42908	0.15025	0.04261	0.00730	0.00208	0.00303	0.01252	0.00524	0.00473
6	0.01808	0.01305	0.01435	0.01147	0.01530	0.01430	0.00932	0.41683	0.23512	0.10763	0.01599	0.01537	0.01152	0.00665	0.00564	0.00165	0.02552	0.00516	0.00534	0.05171
7	0.00736	0.00540	0.00690	0.00670	0.00792	0.00494	0.00496	0.00961	0.01439	0.02002	0.62647	0.12034	0.12130	0.01184	0.00639	0.00175	0.00261	0.01044	0.00572	0.00494
8	0.01293	0.00987	0.01157	0.00844	0.01307	0.00794	0.00678	0.05806	0.03355	0.08975	0.01116	0.01215	0.00875	0.00446	0.00423	0.00095	0.00415	0.00356	0.00369	0.69492
9	0.01899	0.04665	0.05039	0.01141	0.01570	0.01446	0.00975	0.52710	0.02121	0.11652	0.01350	0.01393	0.00973	0.02706	0.00573	0.00164	0.00561	0.00476	0.02755	0.05831
10	0.01719	0.06707	0.01473	0.01084	0.01475	0.01385	0.00896	0.40478	0.13100	0.08773	0.01702	0.01789	0.05138	0.00695	0.00526	0.00159	0.00516	0.03490	0.00504	0.08391
11	0.04323	0.01170	0.01254	0.01031	0.01370	0.03300	0.00817	0.28583	0.18921	0.10597	0.01744	0.06288	0.03479	0.04020	0.00653	0.02025	0.00493	0.00582	0.00499	0.08848
12	0.09875	0.03929	0.01335	0.04216	0.01485	0.11923	0.00854	0.23471	0.07240	0.10858	0.03241	0.01449	0.01074	0.03143	0.00554	0.00160	0.00557	0.00456	0.02991	0.11188
13	0.01724	0.01318	0.01416	0.04806	0.01601	0.05436	0.00938	0.38808	0.13311	0.08407	0.02697	0.03586	0.02585	0.00683	0.00566	0.00161	0.02817	0.00531	0.00492	0.08117

[dist]
# distance from previous block
# <min> <max>
3	25

[block]
# block no. 2 follows, 45 sequences, length 12
# corresponding to MSA columns:
# 77-88
name=unknown_C
#
# <colnr> <probs for GDERKNQSTAVLIFYWHMCP>
#	G	D	E	R	K	N	Q	S	T	A	V	L	I	F	Y	W	H	M	C	P
0	0.09721	0.00884	0.01078	0.00899	0.01170	0.00879	0.04356	0.09678	0.07986	0.12818	0.15224	0.07399	0.02049	0.10854	0.01901	0.00216	0.00451	0.00668	0.02378	0.09391
1	0.01697	0.01007	0.01173	0.00948	0.01295	0.04253	0.00757	0.07281	0.08585	0.31587	0.01759	0.09016	0.01370	0.00710	0.00561	0.00153	0.03629	0.00573	0.04489	0.19156
2	0.01243	0.00961	0.01092	0.00886	0.01215	0.03168	0.00694	0.10748	0.06128	0.06847	0.10857	0.09702	0.01744	0.02348	0.03957	0.00173	0.01814	0.00597	0.00430	0.35396
3	0.01184	0.00749	0.00912	0.00806	0.01054	0.00676	0.00612	0.04489	0.05933	0.16216	0.07189	0.25076	0.11695	0.02797	0.01907	0.00186	0.00389	0.00891	0.00498	0.16742
4	0.01350	0.09255	0.04565	0.04713	0.01514	0.01255	0.00892	0.11581	0.30264	0.03787	0.03774	0.01605	0.01273	0.00731	0.03332	0.00174	0.00516	0.00491	0.00432	0.18496
5	0.01076	0.05173	0.20978	0.29747	0.06698	0.01158	0.01365	0.01422	0.01073	0.03702	0.04047	0.01655	0.01051	0.08838	0.04128	0.00239	0.06237	0.00503	0.00273	0.00638
6	0.04859	0.51821	0.02262	0.01041	0.04948	0.06237	0.00902	0.01739	0.01172	0.10906	0.00954	0.01035	0.00782	0.00486	0.00390	0.00123	0.00561	0.00334	0.00301	0.09146
7	0.01423	0.00845	0.01067	0.05567	0.01275	0.00876	0.00742	0.13084	0.04457	0.20255	0.16360	0.02325	0.03641	0.04404	0.10799	0.00269	0.02639	0.00635	0.08661	0.00675
8	0.12250	0.01211	0.09012	0.01028	0.01473	0.01026	0.00921	0.14187	0.01579	0.49234	0.01702	0.01555	0.01106	0.00625	0.00511	0.00166	0.00507	0.00486	0.00559	0.00861
9	0.23982	0.01314	0.01343	0.01060	0.01454	0.01452	0.00874	0.49366	0.02004	0.07866	0.03464	0.01294	0.00975	0.00620	0.00486	0.00163	0.00526	0.00450	0.00492	0.00813
10	0.01220	0.00702	0.00758	0.00686	0.00867	0.00721	0.00524	0.14786	0.01376	0.06244	0.01806	0.09862	0.01534	0.04323	0.00550	0.00161	0.00341	0.00615	0.52340	0.00583
11	0.09859	0.01186	0.01353	0.01122	0.01358	0.04942	0.04104	0.21875	0.05518	0.03978	0.03349	0.01655	0.04255	0.04119	0.00911	0.00194	0.20639	0.00522	0.08383	0.00678

[dist]
# distance from previous block
# <min> <max>
4	15

[block]
# block no. 3 follows, 45 sequences, length 22
# corresponding to MSA columns:
# 110-122,128-136
name=unknown_D
#
# <colnr> <probs for GDERKNQSTAVLIFYWHMCP>
#	G	D	E	R	K	N	Q	S	T	A	V	L	I	F	Y	W	H	M	C	P
0	0.01341	0.00917	0.01113	0.06180	0.01357	0.00961	0.02745	0.09544	0.21217	0.13501	0.03539	0.04682	0.09059	0.08723	0.03322	0.00226	0.00485	0.00661	0.07123	0.03304
1	0.00898	0.00692	0.00978	0.00931	0.01047	0.00820	0.00735	0.07010	0.00993	0.01421	0.01374	0.01977	0.01262	0.03536	0.67246	0.00762	0.06932	0.00560	0.00304	0.00522
2	0.00692	0.00487	0.00612	0.00692	0.00723	0.00462	0.00447	0.00766	0.00980	0.01304	0.04923	0.54053	0.05783	0.24005	0.01258	0.00300	0.00367	0.01286	0.00452	0.00408
3	0.00947	0.00685	0.00746	0.00684	0.00898	0.00639	0.00523	0.05584	0.08013	0.08138	0.12593	0.04193	0.49310	0.03802	0.00682	0.00189	0.00326	0.00969	0.00524	0.00556
4	0.00937	0.00468	0.00686	0.00686	0.00694	0.00468	0.00460	0.00736	0.00728	0.01004	0.00987	0.01656	0.00962	0.01782	0.01983	0.78761	0.00452	0.00468	0.05829	0.00251
5	0.01138	0.01071	0.01814	0.57233	0.16527	0.01242	0.06454	0.05252	0.01186	0.01564	0.00990	0.01407	0.00756	0.00526	0.00542	0.00175	0.00708	0.00488	0.00261	0.00666
6	0.00671	0.00562	0.00581	0.00587	0.00754	0.00492	0.00432	0.00858	0.04426	0.01463	0.04940	0.11911	0.64890	0.04144	0.00708	0.00196	0.00291	0.01134	0.00494	0.00464
7	0.01310	0.06022	0.01554	0.05256	0.01475	0.10035	0.01051	0.06927	0.01088	0.01529	0.00907	0.01264	0.00805	0.00851	0.02724	0.00209	0.46406	0.00452	0.09525	0.00610
8	0.01207	0.01556	0.19571	0.09828	0.43983	0.01222	0.06064	0.01602	0.01191	0.01694	0.01121	0.01616	0.00946	0.00556	0.00547	0.00171	0.00687	0.05385	0.00270	0.00782
9	0.01618	0.03856	0.14832	0.02988	0.02849	0.14670	0.01119	0.17404	0.17948	0.09826	0.01609	0.01605	0.04932	0.00656	0.00541	0.00165	0.01664	0.00505	0.00428	0.00787
10	0.01165	0.01078	0.01834	0.01454	0.01734	0.01120	0.27916	0.13025	0.01337	0.01828	0.04353	0.24771	0.01786	0.01032	0.03100	0.00215	0.10365	0.00862	0.00387	0.00637
11	0.01264	0.01079	0.01389	0.01013	0.01478	0.00925	0.08356	0.13253	0.01351	0.01996	0.01074	0.03280	0.00889	0.00476	0.00451	0.00106	0.00478	0.00408	0.00353	0.60381
12	0.01681	0.01998	0.01546	0.05619	0.04063	0.49787	0.02634	0.01881	0.03339	0.01384	0.00906	0.01140	0.00766	0.00693	0.02212	0.00175	0.15782	0.00403	0.03368	0.00622
13	0.01267	0.00745	0.00969	0.00837	0.01068	0.00706	0.02399	0.05595	0.06551	0.20659	0.38404	0.08769	0.07830	0.00985	0.00603	0.00173	0.00353	0.00857	0.00583	0.00648
14	0.00657	0.00479	0.00619	0.00722	0.00774	0.00441	0.00489	0.00763	0.01074	0.01419	0.07026	0.68855	0.11469	0.01618	0.00677	0.00212	0.00304	0.01456	0.00503	0.00441
15	0.01109	0.09955	0.71462	0.01474	0.02237	0.01327	0.01886	0.01692	0.01129	0.01660	0.00944	0.01108	0.00681	0.00505	0.00495	0.00165	0.00773	0.00387	0.00227	0.00784
16	0.00671	0.00513	0.00617	0.00659	0.00765	0.00458	0.00468	0.00817	0.01210	0.01579	0.21005	0.36395	0.30040	0.01433	0.00655	0.00194	0.00284	0.01259	0.00520	0.00458
17	0.00720	0.00525	0.00666	0.00722	0.00808	0.00490	0.00525	0.00870	0.01177	0.01567	0.20492	0.33359	0.14266	0.09223	0.00874	0.00235	0.00340	0.12185	0.00502	0.00453
18	0.01133	0.05194	0.58744	0.01734	0.09651	0.01307	0.07809	0.01675	0.01137	0.01673	0.00958	0.01170	0.00709	0.00520	0.00573	0.00171	0.04404	0.00423	0.00235	0.00780
19	0.00689	0.00488	0.00621	0.00700	0.00738	0.00461	0.00459	0.00779	0.01025	0.01372	0.09333	0.55161	0.05783	0.18458	0.01113	0.00277	0.00349	0.01306	0.00470	0.00419
20	0.06217	0.01096	0.01162	0.04319	0.01329	0.02900	0.00781	0.34837	0.04175	0.03709	0.01516	0.01748	0.03166	0.06975	0.00696	0.00184	0.02853	0.00519	0.21116	0.00702
21	0.09274	0.02964	0.01442	0.01075	0.01490	0.01044	0.08103	0.12337	0.05367	0.38029	0.01625	0.01552	0.01104	0.00597	0.00507	0.00157	0.00504	0.00493	0.03132	0.09203

[dist]
# distance from previous block
# <min> <max>
4	5

[block]
# block no. 4 follows, 45 sequences, length 24
# corresponding to MSA columns:
# 143-166
name=unknown_E
#
# <colnr> <probs for GDERKNQSTAVLIFYWHMCP>
#	G	D	E	R	K	N	Q	S	T	A	V	L	I	F	Y	W	H	M	C	P
0	0.01294	0.01397	0.07837	0.20864	0.19352	0.10966	0.03557	0.09305	0.04398	0.01747	0.01572	0.03517	0.08355	0.00672	0.00549	0.00170	0.00659	0.02758	0.00331	0.00700
1	0.03777	0.00958	0.01051	0.00983	0.03350	0.01040	0.00734	0.10902	0.34403	0.02159	0.13422	0.07418	0.14102	0.02506	0.00616	0.00185	0.00397	0.00773	0.00522	0.00702
2	0.84927	0.01038	0.00789	0.00706	0.01038	0.01204	0.00581	0.01578	0.00914	0.02408	0.00747	0.00872	0.00581	0.00498	0.00332	0.00166	0.00415	0.00291	0.00332	0.00581
3	0.00653	0.00470	0.00620	0.00741	0.00777	0.00437	0.00495	0.00748	0.01034	0.01373	0.03036	0.78430	0.05855	0.01672	0.00684	0.00217	0.00310	0.01514	0.00498	0.00437
4	0.01055	0.01027	0.01784	0.64797	0.03409	0.01248	0.09640	0.01403	0.01074	0.01403	0.00948	0.01412	0.00726	0.00561	0.00649	0.00184	0.07336	0.00494	0.00242	0.00610
5	0.00669	0.00505	0.00592	0.00648	0.00730	0.00457	0.00440	0.00768	0.01073	0.01370	0.05695	0.39823	0.29738	0.13777	0.00981	0.00250	0.00328	0.01256	0.00474	0.00427
6	0.01072	0.00851	0.03131	0.00873	0.01087	0.03287	0.02036	0.04770	0.13231	0.07817	0.32410	0.12780	0.09555	0.01049	0.00610	0.00180	0.00379	0.03732	0.00538	0.00612
7	0.00781	0.00520	0.00585	0.00585	0.00585	0.00520	0.00325	0.00781	0.00781	0.01041	0.01691	0.03513	0.01952	0.81135	0.02732	0.00520	0.00520	0.00781	0.00325	0.00325
8	0.01456	0.01158	0.03158	0.01271	0.04005	0.01061	0.14294	0.11408	0.01368	0.12907	0.01197	0.01340	0.00902	0.00534	0.00593	0.00139	0.06877	0.00453	0.03155	0.32725
9	0.01248	0.26929	0.27823	0.01311	0.01792	0.03731	0.08149	0.01586	0.01087	0.03027	0.00940	0.01216	0.00785	0.03339	0.04503	0.00206	0.10967	0.00416	0.00249	0.00695
10	0.01894	0.01104	0.05170	0.00984	0.01402	0.03230	0.00835	0.06647	0.08361	0.43102	0.05524	0.01731	0.01371	0.00632	0.00516	0.00151	0.00474	0.00511	0.00546	0.15816
11	0.00654	0.00467	0.00623	0.00747	0.00779	0.00436	0.00498	0.00747	0.01028	0.01370	0.02959	0.80785	0.03550	0.01682	0.00685	0.00218	0.00311	0.01526	0.00498	0.00436
12	0.01399	0.00946	0.01051	0.00884	0.01100	0.01048	0.00697	0.28735	0.01573	0.04008	0.01477	0.01844	0.01211	0.10469	0.02713	0.00215	0.07852	0.00528	0.31603	0.00648
13	0.01254	0.01040	0.01161	0.00848	0.01312	0.03596	0.00678	0.05549	0.01224	0.05214	0.01020	0.01149	0.00822	0.00429	0.00415	0.00090	0.00431	0.00338	0.00344	0.73087
14	0.00896	0.00587	0.00665	0.00639	0.00676	0.00592	0.00384	0.05203	0.00911	0.03359	0.01720	0.05788	0.01924	0.71670	0.02478	0.00480	0.00516	0.00780	0.00353	0.00379
15	0.02181	0.00914	0.01208	0.00948	0.01328	0.00823	0.00774	0.06931	0.03360	0.63660	0.07740	0.04467	0.01661	0.00729	0.00551	0.00168	0.00444	0.00602	0.00643	0.00866
16	0.00823	0.00568	0.00674	0.00670	0.00711	0.00579	0.00425	0.04449	0.00948	0.01281	0.06236	0.13165	0.02228	0.54979	0.09602	0.00477	0.00570	0.00853	0.00369	0.00393
17	0.00678	0.00529	0.00616	0.00636	0.00767	0.00467	0.00466	0.00839	0.01260	0.01627	0.24452	0.22160	0.39222	0.01364	0.00648	0.00188	0.00281	0.02812	0.00524	0.00465
18	0.01061	0.00618	0.00660	0.00625	0.00771	0.00648	0.00472	0.07064	0.04852	0.01988	0.01703	0.02054	0.01387	0.06189	0.07830	0.00225	0.00413	0.00529	0.60374	0.00536
19	0.01482	0.01327	0.10158	0.06247	0.38209	0.01158	0.02799	0.06436	0.03836	0.15328	0.01349	0.05265	0.01068	0.00592	0.00538	0.00165	0.00601	0.00535	0.00369	0.02538
20	0.01680	0.15808	0.04054	0.07696	0.03897	0.34535	0.01073	0.13393	0.01472	0.01644	0.00937	0.01178	0.00788	0.04145	0.00650	0.00165	0.05508	0.00400	0.00304	0.00674
21	0.01153	0.02462	0.61920	0.01471	0.03992	0.03730	0.01748	0.05262	0.01226	0.01788	0.03309	0.01226	0.00838	0.00526	0.00506	0.00161	0.00738	0.00413	0.00262	0.07268
22	0.21086	0.00911	0.00845	0.00793	0.01025	0.06688	0.00626	0.02940	0.08239	0.04654	0.12924	0.03232	0.22157	0.02861	0.00599	0.00187	0.00414	0.08791	0.00461	0.00568
23	0.11332	0.06125	0.01623	0.11573	0.06369	0.11645	0.06345	0.14476	0.09877	0.10041	0.01226	0.01334	0.00913	0.00576	0.00518	0.00161	0.01897	0.00455	0.00390	0.03124

[dist]
# distance from previous block
# <min> <max>
0	6

[block]
# block no. 5 follows, 45 sequences, length 20
# corresponding to MSA columns:
# 173-192
name=unknown_F
#
# <colnr> <probs for GDERKNQSTAVLIFYWHMCP>
#	G	D	E	R	K	N	Q	S	T	A	V	L	I	F	Y	W	H	M	C	P
0	0.01298	0.06308	0.01328	0.04415	0.05352	0.17649	0.00868	0.09940	0.01279	0.01581	0.03187	0.14239	0.03055	0.10827	0.04194	0.00242	0.09764	0.00664	0.00351	0.03459
1	0.02904	0.00811	0.00963	0.00791	0.01079	0.00735	0.00622	0.02829	0.04641	0.04746	0.23687	0.03697	0.12100	0.00808	0.00597	0.00141	0.05226	0.00663	0.00446	0.32513
2	0.00781	0.00590	0.00854	0.00850	0.00927	0.00685	0.00645	0.00942	0.00860	0.01231	0.01515	0.06436	0.01501	0.12532	0.62642	0.00761	0.04838	0.00645	0.00301	0.00464
3	0.00744	0.00699	0.07249	0.00815	0.00932	0.00547	0.00651	0.00908	0.01086	0.01467	0.09910	0.45500	0.04629	0.11272	0.00924	0.00250	0.00396	0.11090	0.00462	0.00468
4	0.00677	0.00488	0.00643	0.00743	0.00797	0.00455	0.00515	0.00799	0.01105	0.01477	0.11711	0.64476	0.07001	0.01589	0.00680	0.00212	0.00313	0.05363	0.00509	0.00448
5	0.00812	0.00656	0.00945	0.00912	0.01002	0.00788	0.00719	0.00989	0.00888	0.01270	0.01675	0.02238	0.07716	0.03370	0.61602	0.00717	0.12305	0.00608	0.00298	0.00492
6	0.01768	0.00853	0.01096	0.00895	0.01209	0.00798	0.00718	0.06039	0.08719	0.43031	0.25837	0.02503	0.02513	0.00806	0.00570	0.00168	0.00397	0.00679	0.00623	0.00779
7	0.00686	0.00498	0.00651	0.00744	0.00809	0.00464	0.00527	0.00818	0.01127	0.01499	0.12584	0.57469	0.09973	0.01561	0.00680	0.00211	0.00318	0.08418	0.00510	0.00452
8	0.01365	0.01168	0.01231	0.01098	0.01407	0.01349	0.00857	0.05959	0.73661	0.02294	0.02147	0.01972	0.01608	0.00725	0.00546	0.00181	0.00432	0.00602	0.00546	0.00852
9	0.00851	0.00649	0.00785	0.00698	0.00893	0.00586	0.00534	0.05059	0.01474	0.02051	0.51808	0.03701	0.16551	0.01031	0.00599	0.00160	0.00292	0.00891	0.00539	0.10848
10	0.01959	0.01430	0.01540	0.01203	0.01615	0.01581	0.00987	0.62724	0.12735	0.06463	0.01448	0.01411	0.01031	0.00657	0.00538	0.00164	0.00562	0.00503	0.00544	0.00904
11	0.84927	0.01038	0.00789	0.00706	0.01038	0.01204	0.00581	0.01578	0.00914	0.02408	0.00747	0.00872	0.00581	0.00498	0.00332	0.00166	0.00415	0.00291	0.00332	0.00581
12	0.00789	0.00588	0.00731	0.00697	0.00834	0.00559	0.00524	0.01096	0.06179	0.02003	0.58000	0.04065	0.11979	0.05436	0.00746	0.00193	0.00291	0.04217	0.00560	0.00512
13	0.04121	0.00834	0.01116	0.00897	0.01242	0.00735	0.00724	0.02234	0.01476	0.60397	0.11434	0.08767	0.01958	0.00800	0.00558	0.00171	0.00418	0.00670	0.00633	0.00815
14	0.00756	0.00563	0.00817	0.00825	0.00913	0.00638	0.00627	0.00926	0.00881	0.01248	0.01698	0.07264	0.04335	0.09007	0.66020	0.00774	0.01262	0.00669	0.00311	0.00465
15	0.02616	0.00573	0.00718	0.04324	0.00952	0.00577	0.00558	0.01023	0.07494	0.01553	0.08714	0.52363	0.05732	0.04810	0.00724	0.00215	0.00341	0.01228	0.04998	0.00487
16	0.00708	0.00500	0.00580	0.00637	0.00718	0.00460	0.00434	0.00820	0.01062	0.01425	0.03342	0.39163	0.24083	0.12275	0.00911	0.00237	0.00321	0.01188	0.10700	0.00434
17	0.01246	0.01208	0.01820	0.18468	0.40783	0.06060	0.02640	0.02785	0.01156	0.01566	0.01036	0.01519	0.00906	0.07453	0.02577	0.00215	0.07087	0.00500	0.00269	0.00709
18	0.00660	0.00483	0.00621	0.00718	0.00774	0.00444	0.00488	0.00771	0.01090	0.01442	0.09190	0.65875	0.12274	0.01598	0.00675	0.00210	0.00302	0.01436	0.00506	0.00444
19	0.06358	0.03077	0.08869	0.33076	0.15185	0.01319	0.01367	0.14021	0.03188	0.01883	0.01065	0.02978	0.00841	0.00584	0.00571	0.00173	0.03943	0.00480	0.00310	0.00714

[dist]
# distance from previous block
# <min> <max>
12	19

[block]
# block no. 6 follows, 45 sequences, length 9
# corresponding to MSA columns:
# 213-221
name=unknown_G
#
# <colnr> <probs for GDERKNQSTAVLIFYWHMCP>
#	G	D	E	R	K	N	Q	S	T	A	V	L	I	F	Y	W	H	M	C	P
0	0.03541	0.06138	0.56658	0.01400	0.02022	0.01297	0.01676	0.01669	0.04737	0.01705	0.04804	0.01303	0.00945	0.00593	0.00639	0.00175	0.09250	0.00435	0.00264	0.00748
1	0.00769	0.00533	0.00666	0.04858	0.00834	0.00538	0.00462	0.00852	0.00937	0.01285	0.07821	0.23145	0.02484	0.43223	0.04805	0.00391	0.00479	0.00948	0.04573	0.00397
2	0.01832	0.27224	0.01943	0.01211	0.01572	0.41403	0.00997	0.14748	0.01559	0.01656	0.00883	0.00990	0.00729	0.00539	0.00449	0.00135	0.00779	0.00351	0.00307	0.00694
3	0.00874	0.00642	0.00778	0.00772	0.00914	0.00637	0.00566	0.01289	0.14851	0.04508	0.29945	0.29202	0.10466	0.01234	0.00632	0.00189	0.00312	0.01090	0.00546	0.00554
4	0.01257	0.01236	0.02112	0.21619	0.04570	0.05444	0.30276	0.05508	0.01265	0.04474	0.03817	0.07500	0.01153	0.00650	0.00677	0.00182	0.06648	0.00629	0.00317	0.00667
5	0.08922	0.04467	0.01292	0.06695	0.01525	0.11017	0.00850	0.07935	0.20947	0.10413	0.01506	0.06164	0.01205	0.00651	0.00493	0.00154	0.00526	0.00514	0.00431	0.14295
6	0.01085	0.01136	0.08391	0.01148	0.01347	0.04798	0.04239	0.07224	0.01072	0.01507	0.01218	0.04692	0.01139	0.06436	0.29789	0.00456	0.19797	0.00556	0.00300	0.03671
7	0.10149	0.00905	0.01047	0.00877	0.01180	0.00873	0.02384	0.12004	0.05758	0.10430	0.04895	0.16914	0.07660	0.03371	0.00596	0.00170	0.00419	0.00721	0.00460	0.19189
8	0.01483	0.06763	0.01835	0.01396	0.01698	0.19081	0.16248	0.07981	0.03904	0.05424	0.01182	0.06599	0.01029	0.00845	0.04502	0.00204	0.14139	0.00540	0.00333	0.04814

[dist]
# distance from previous block
# <min> <max>
1	6

[block]
# block no. 7 follows, 45 sequences, length 25
# corresponding to MSA columns:
# 228-252
name=unknown_H
#
# <colnr> <probs for GDERKNQSTAVLIFYWHMCP>
#	G	D	E	R	K	N	Q	S	T	A	V	L	I	F	Y	W	H	M	C	P
0	0.01437	0.01172	0.01248	0.01099	0.01417	0.01340	0.00861	0.08896	0.67595	0.05439	0.02108	0.01936	0.01566	0.00719	0.00545	0.00180	0.00440	0.00594	0.00550	0.00857
1	0.02090	0.00981	0.01223	0.02396	0.01371	0.00945	0.00793	0.16741	0.03928	0.49650	0.01887	0.01743	0.01252	0.00655	0.00517	0.00160	0.00459	0.00524	0.11833	0.00850
2	0.00973	0.00598	0.00764	0.00707	0.00866	0.00545	0.00536	0.01184	0.01405	0.12086	0.48302	0.03915	0.12384	0.08402	0.00818	0.00206	0.00320	0.04890	0.00561	0.00538
3	0.02007	0.01089	0.02833	0.01104	0.03720	0.01057	0.00879	0.10101	0.23002	0.45177	0.01996	0.01793	0.01347	0.00672	0.00540	0.00170	0.00473	0.00548	0.00597	0.00891
4	0.10189	0.00923	0.01185	0.00938	0.01329	0.00844	0.00775	0.02465	0.04601	0.64609	0.02019	0.01917	0.01343	0.00685	0.00529	0.00170	0.00453	0.03545	0.00621	0.00862
5	0.01363	0.01120	0.01272	0.01253	0.09414	0.02948	0.00886	0.10405	0.37916	0.05658	0.02176	0.04003	0.08807	0.00762	0.00547	0.00170	0.00462	0.02638	0.00489	0.07712
6	0.01645	0.01019	0.01245	0.01054	0.04315	0.00962	0.00813	0.16795	0.06451	0.24151	0.01713	0.08203	0.01387	0.00717	0.00525	0.00152	0.00463	0.04812	0.00500	0.23078
7	0.67560	0.08549	0.08406	0.02429	0.01247	0.01292	0.00765	0.01588	0.00954	0.02215	0.00772	0.00907	0.00603	0.00497	0.00355	0.00162	0.00472	0.00304	0.00311	0.00612
8	0.04353	0.00549	0.00568	0.00571	0.00691	0.00548	0.00412	0.02951	0.01109	0.01816	0.02176	0.11988	0.08622	0.09934	0.00706	0.00189	0.00305	0.00706	0.51324	0.00482
9	0.00698	0.00514	0.00672	0.00770	0.00821	0.00498	0.00543	0.00808	0.01047	0.01383	0.03003	0.60438	0.08982	0.05642	0.00824	0.00234	0.02738	0.09461	0.00481	0.00443
10	0.00815	0.00558	0.00695	0.00681	0.00795	0.00530	0.00500	0.01052	0.03295	0.03097	0.45322	0.11258	0.06772	0.10187	0.00854	0.00214	0.00309	0.04401	0.08174	0.00491
11	0.00698	0.00546	0.00635	0.00647	0.00781	0.00493	0.00472	0.00902	0.03633	0.01665	0.26189	0.22320	0.36406	0.01337	0.00643	0.00186	0.00280	0.01160	0.00527	0.00477
12	0.84927	0.01038	0.00789	0.00706	0.01038	0.01204	0.00581	0.01578	0.00914	0.02408	0.00747	0.00872	0.00581	0.00498	0.00332	0.00166	0.00415	0.00291	0.00332	0.00581
13	0.17022	0.00973	0.01395	0.53567	0.04067	0.01170	0.01221	0.01532	0.05701	0.04341	0.01055	0.01435	0.00808	0.02967	0.00564	0.00186	0.00624	0.00461	0.00293	0.00616
14	0.05114	0.06329	0.02057	0.05062	0.02014	0.15516	0.21427	0.28701	0.01718	0.02219	0.01059	0.01234	0.00802	0.00565	0.00582	0.00164	0.03838	0.00479	0.00366	0.00755
15	0.01486	0.70524	0.02631	0.00955	0.01405	0.02046	0.00925	0.08459	0.04645	0.01501	0.00861	0.00952	0.00752	0.00488	0.00371	0.00122	0.00569	0.00319	0.00272	0.00717
16	0.81716	0.01033	0.00807	0.00716	0.01051	0.01188	0.00589	0.01618	0.00938	0.05356	0.00801	0.00909	0.00610	0.00505	0.00340	0.00166	0.00417	0.00300	0.00345	0.00594
17	0.01756	0.01281	0.01376	0.01099	0.01455	0.01411	0.00892	0.55100	0.09053	0.02993	0.03885	0.05114	0.01281	0.00711	0.00529	0.00162	0.00514	0.00559	0.10003	0.00826
18	0.00733	0.00538	0.00686	0.00669	0.00790	0.00492	0.00494	0.00954	0.01427	0.01980	0.60438	0.13217	0.13190	0.01196	0.00639	0.00176	0.00262	0.01055	0.00569	0.00492
19	0.19408	0.00956	0.01007	0.00845	0.01136	0.01008	0.00671	0.18852	0.04709	0.15369	0.04520	0.02060	0.08242	0.07828	0.02662	0.00212	0.00463	0.00564	0.08808	0.00679
20	0.01088	0.00597	0.00613	0.00580	0.00729	0.00612	0.00440	0.08482	0.01251	0.02099	0.01735	0.03910	0.01397	0.02403	0.00450	0.00139	0.00291	0.00530	0.72118	0.00535
21	0.00758	0.00525	0.00627	0.00640	0.00678	0.00529	0.00406	0.00817	0.00868	0.01169	0.02122	0.11143	0.08908	0.51586	0.14341	0.00503	0.00615	0.00848	0.02542	0.00377
22	0.01324	0.01384	0.02699	0.07210	0.08123	0.01397	0.51286	0.09046	0.01336	0.01826	0.01057	0.01397	0.00810	0.00523	0.00713	0.00182	0.08081	0.00582	0.00292	0.00731
23	0.00708	0.00531	0.00670	0.00730	0.00824	0.00472	0.00501	0.00819	0.01049	0.01411	0.02923	0.62745	0.09957	0.03675	0.00704	0.00207	0.00323	0.01333	0.00473	0.09946
24	0.71923	0.01009	0.00853	0.00753	0.01070	0.01151	0.02478	0.01574	0.04114	0.02319	0.04126	0.01225	0.02618	0.02456	0.00425	0.00176	0.00420	0.00372	0.00354	0.00584

[dist]
# distance from previous block
# <min> <max>
0	4

[block]
# block no. 8 follows, 45 sequences, length 11
# corresponding to MSA columns:
# 259-269
name=unknown_I
#
# <colnr> <probs for GDERKNQSTAVLIFYWHMCP>
#	G	D	E	R	K	N	Q	S	T	A	V	L	I	F	Y	W	H	M	C	P
0	0.17296	0.01309	0.01423	0.13414	0.07424	0.08080	0.02341	0.22908	0.10352	0.02285	0.01263	0.01395	0.02662	0.00612	0.00534	0.00168	0.03104	0.00466	0.02234	0.00731
1	0.01868	0.04286	0.07205	0.11192	0.03451	0.01173	0.01050	0.17536	0.06317	0.34198	0.01578	0.01545	0.01073	0.00626	0.00557	0.00166	0.02576	0.00496	0.00500	0.02609
2	0.01234	0.01250	0.11083	0.00977	0.01490	0.00890	0.03079	0.08207	0.01260	0.04068	0.01023	0.01162	0.00807	0.00443	0.00436	0.00104	0.00482	0.00359	0.00335	0.61312
3	0.67282	0.18034	0.01217	0.00751	0.01110	0.01399	0.00653	0.01584	0.00951	0.02166	0.00747	0.00870	0.00604	0.00490	0.00335	0.00155	0.00449	0.00290	0.00311	0.00604
4	0.00843	0.00639	0.00915	0.00800	0.00869	0.00627	0.09964	0.00900	0.00843	0.01127	0.01614	0.03249	0.01806	0.70836	0.02464	0.00477	0.00569	0.00762	0.00318	0.00376
5	0.00938	0.00759	0.03394	0.00910	0.01066	0.00734	0.02444	0.04837	0.01368	0.04181	0.36504	0.14228	0.03537	0.01162	0.00755	0.00196	0.07957	0.13972	0.00508	0.00549
6	0.01153	0.01156	0.01606	0.05395	0.01627	0.09731	0.16825	0.02850	0.03331	0.01419	0.01278	0.07673	0.01245	0.14362	0.09586	0.00320	0.18937	0.00637	0.00303	0.00569
7	0.01077	0.02777	0.78354	0.01530	0.02323	0.01247	0.01983	0.01700	0.01133	0.01700	0.00963	0.01133	0.00680	0.00510	0.00510	0.00170	0.00793	0.00397	0.00227	0.00793
8	0.00653	0.00473	0.00617	0.00732	0.00775	0.00437	0.00492	0.00749	0.01042	0.01376	0.03143	0.75145	0.09071	0.01658	0.00681	0.00215	0.00308	0.01497	0.00498	0.00437
9	0.01064	0.01014	0.01743	0.67041	0.13120	0.01210	0.04417	0.01420	0.01100	0.01434	0.00966	0.01419	0.00737	0.00526	0.00540	0.00176	0.00713	0.00483	0.00243	0.00634
10	0.01414	0.71946	0.05484	0.00956	0.01405	0.04962	0.00952	0.01603	0.01099	0.01280	0.00788	0.00930	0.00717	0.00622	0.03833	0.00151	0.00635	0.00306	0.00234	0.00681

[dist]
# distance from previous block
# <min> <max>
4	6

[block]
# block no. 9 follows, 45 sequences, length 7
# corresponding to MSA columns:
# 277-283
name=unknown_J
#
# <colnr> <probs for GDERKNQSTAVLIFYWHMCP>
#	G	D	E	R	K	N	Q	S	T	A	V	L	I	F	Y	W	H	M	C	P
0	0.50849	0.01242	0.01048	0.00899	0.01236	0.07334	0.00727	0.16792	0.08139	0.02496	0.04013	0.01189	0.00929	0.00576	0.00417	0.00164	0.00488	0.00389	0.00399	0.00673
1	0.01101	0.01001	0.01610	0.73154	0.03524	0.01233	0.01451	0.07723	0.01197	0.01543	0.00983	0.01419	0.00732	0.00546	0.00537	0.00177	0.00705	0.00478	0.00264	0.00623
2	0.00654	0.00467	0.00623	0.00747	0.00779	0.00436	0.00498	0.00747	0.01028	0.01370	0.02959	0.80785	0.03550	0.01682	0.00685	0.00218	0.00311	0.01526	0.00498	0.00436
3	0.00898	0.00466	0.00690	0.00705	0.00709	0.00462	0.00470	0.00705	0.00740	0.00987	0.01184	0.11444	0.01257	0.01842	0.01923	0.73949	0.00447	0.00598	0.00266	0.00258
4	0.64062	0.01207	0.00951	0.00837	0.01170	0.07562	0.00677	0.07375	0.08226	0.02378	0.00930	0.01018	0.00715	0.00535	0.00380	0.00165	0.00474	0.00339	0.00363	0.00635
5	0.03993	0.00554	0.00665	0.00694	0.00745	0.00558	0.00463	0.00845	0.00990	0.01375	0.10343	0.32497	0.08144	0.30537	0.01458	0.00319	0.03906	0.01073	0.00427	0.00416
6	0.00757	0.00558	0.00727	0.00800	0.00913	0.00527	0.00637	0.00950	0.01235	0.01620	0.16322	0.22680	0.16776	0.01439	0.00691	0.00215	0.00371	0.31793	0.00513	0.00476

[dist]
# distance from previous block
# <min> <max>
0	4

[block]
# block no. 10 follows, 45 sequences, length 35
# corresponding to MSA columns:
# 289-323
name=unknown_K
#
# <colnr> <probs for GDERKNQSTAVLIFYWHMCP>
#	G	D	E	R	K	N	Q	S	T	A	V	L	I	F	Y	W	H	M	C	P
0	0.01072	0.00985	0.01610	0.75391	0.03582	0.01219	0.01464	0.05599	0.01156	0.01485	0.00973	0.01423	0.00727	0.00543	0.00537	0.00178	0.00708	0.00477	0.00255	0.00614
1	0.54115	0.01056	0.01020	0.05324	0.01317	0.01203	0.03071	0.07704	0.09891	0.02367	0.07391	0.01348	0.01120	0.00587	0.00420	0.00169	0.00450	0.00421	0.00388	0.00638
2	0.01212	0.01105	0.01782	0.39802	0.31633	0.01230	0.01461	0.03697	0.06496	0.03006	0.01092	0.01428	0.00850	0.00530	0.00532	0.00169	0.00650	0.00484	0.00288	0.02551
3	0.03567	0.00976	0.01074	0.03179	0.01288	0.06311	0.00795	0.08074	0.14164	0.13643	0.11653	0.07602	0.05043	0.00964	0.00593	0.00185	0.00470	0.16447	0.00513	0.03460
4	0.01013	0.00672	0.00793	0.00732	0.00913	0.02650	0.00555	0.01277	0.04754	0.12449	0.41675	0.10085	0.18133	0.01105	0.00617	0.00175	0.00316	0.00955	0.00565	0.00565
5	0.50017	0.01024	0.01006	0.00830	0.01198	0.01086	0.00684	0.06822	0.01242	0.29536	0.01272	0.01241	0.00870	0.00567	0.00420	0.00166	0.00442	0.00392	0.00464	0.00722
6	0.01951	0.00988	0.01237	0.00941	0.01369	0.00873	0.00769	0.08384	0.05828	0.46044	0.01725	0.01591	0.01162	0.00591	0.00500	0.00142	0.00449	0.00476	0.00549	0.24432
7	0.00764	0.00552	0.00724	0.00688	0.00815	0.00511	0.00521	0.01017	0.01508	0.02130	0.74379	0.04095	0.04982	0.01114	0.00638	0.00172	0.00263	0.04035	0.00587	0.00506
8	0.01246	0.01380	0.02907	0.05536	0.10911	0.01323	0.61590	0.01666	0.01241	0.01693	0.01114	0.03440	0.00882	0.00498	0.00638	0.00180	0.02129	0.00630	0.00275	0.00723
9	0.01422	0.66304	0.05369	0.00959	0.01391	0.01960	0.00947	0.05754	0.01163	0.01438	0.00835	0.00968	0.00737	0.00501	0.00426	0.00125	0.04085	0.00321	0.04603	0.00691
10	0.00688	0.00520	0.00706	0.00784	0.00859	0.00481	0.02634	0.00812	0.01082	0.01414	0.03245	0.60822	0.13886	0.01583	0.00682	0.00215	0.00340	0.08302	0.00492	0.00452
11	0.00936	0.02131	0.02169	0.00715	0.00880	0.00578	0.00554	0.01163	0.01421	0.09541	0.55853	0.04813	0.07836	0.06614	0.02264	0.00206	0.00332	0.00901	0.00555	0.00539
12	0.00785	0.00593	0.00643	0.00630	0.00809	0.00536	0.00478	0.01035	0.06170	0.04289	0.12669	0.07910	0.51888	0.01242	0.00616	0.00180	0.00294	0.03474	0.05255	0.00504
13	0.01645	0.01182	0.01562	0.03899	0.03662	0.01255	0.09283	0.31731	0.07339	0.13585	0.03307	0.12482	0.01454	0.00790	0.00625	0.00177	0.04071	0.00671	0.00492	0.00786
14	0.01126	0.13631	0.42070	0.04693	0.04138	0.01329	0.05386	0.01626	0.04721	0.01638	0.04744	0.01555	0.03689	0.00613	0.00582	0.00169	0.05188	0.02097	0.00279	0.00727
15	0.00749	0.00554	0.00689	0.00684	0.00807	0.00508	0.00509	0.00938	0.01303	0.01769	0.39930	0.11924	0.17223	0.09477	0.00860	0.00218	0.00318	0.08397	0.00521	0.02622
16	0.01260	0.01203	0.01499	0.03894	0.01483	0.10266	0.06848	0.05264	0.01099	0.03146	0.01160	0.08693	0.01093	0.01006	0.04791	0.00230	0.37679	0.00576	0.08212	0.00599
17	0.57749	0.01359	0.12940	0.01093	0.03860	0.01234	0.08893	0.01656	0.03522	0.02200	0.00873	0.01026	0.00665	0.00502	0.00405	0.00169	0.00533	0.00360	0.00315	0.00646
18	0.01201	0.01077	0.01732	0.41892	0.29622	0.03127	0.01439	0.01516	0.01159	0.05493	0.01151	0.06143	0.00964	0.00591	0.00543	0.00173	0.00657	0.00540	0.00287	0.00694
19	0.01317	0.05525	0.10877	0.07853	0.41706	0.05948	0.03834	0.05473	0.01271	0.01734	0.01124	0.01453	0.02332	0.00600	0.02005	0.00172	0.00680	0.02076	0.00284	0.03735
20	0.00707	0.00496	0.00637	0.00707	0.00752	0.00479	0.00474	0.00811	0.01023	0.01394	0.09601	0.48904	0.04879	0.16613	0.07031	0.00315	0.00428	0.01221	0.03101	0.00428
21	0.00677	0.00497	0.00636	0.00704	0.00778	0.00455	0.00489	0.00815	0.01173	0.01572	0.21504	0.52446	0.13279	0.01498	0.00666	0.00201	0.00292	0.01341	0.00521	0.00455
22	0.00787	0.00513	0.00582	0.00595	0.00610	0.00509	0.00349	0.00819	0.00838	0.01163	0.01834	0.11768	0.02074	0.65301	0.02299	0.00452	0.00474	0.00836	0.07844	0.00353
23	0.05853	0.00602	0.00750	0.00695	0.00847	0.00575	0.00527	0.01138	0.03027	0.04701	0.68866	0.03709	0.04603	0.01040	0.00610	0.00169	0.00273	0.00908	0.00577	0.00532
24	0.00733	0.00493	0.00649	0.00744	0.00802	0.00454	0.00506	0.00838	0.01073	0.04790	0.04967	0.71263	0.07466	0.01604	0.00675	0.00212	0.00314	0.01447	0.00508	0.00460
25	0.01174	0.01174	0.01644	0.01409	0.01409	0.01644	0.01174	0.01292	0.00822	0.01292	0.00705	0.01174	0.00705	0.00940	0.01762	0.00235	0.80153	0.00470	0.00235	0.00587
26	0.03421	0.01099	0.05168	0.01017	0.01309	0.01078	0.00838	0.29010	0.05484	0.11444	0.09057	0.20939	0.02030	0.02655	0.00656	0.00187	0.02581	0.00792	0.00515	0.00720
27	0.01459	0.78190	0.02759	0.00938	0.01389	0.05307	0.00923	0.01630	0.01109	0.01265	0.00750	0.00866	0.00689	0.00463	0.00350	0.00116	0.00590	0.00289	0.00232	0.00686
28	0.84927	0.01038	0.00789	0.00706	0.01038	0.01204	0.00581	0.01578	0.00914	0.02408	0.00747	0.00872	0.00581	0.00498	0.00332	0.00166	0.00415	0.00291	0.00332	0.00581
29	0.05743	0.01035	0.01091	0.00951	0.01208	0.05319	0.00751	0.15893	0.13983	0.10951	0.08159	0.07531	0.11148	0.03016	0.00675	0.00186	0.04480	0.03230	0.03965	0.00686
30	0.00667	0.00474	0.00629	0.00748	0.00781	0.00446	0.00503	0.00761	0.01024	0.01364	0.02899	0.74924	0.03465	0.05143	0.00776	0.00232	0.00327	0.03913	0.00491	0.00433
31	0.01084	0.01035	0.01793	0.66020	0.07400	0.01226	0.08809	0.03515	0.01141	0.01482	0.00979	0.01423	0.00738	0.00528	0.00546	0.00178	0.00727	0.00493	0.00252	0.00631
32	0.00935	0.00610	0.00768	0.00707	0.00872	0.00560	0.00536	0.03613	0.01487	0.09200	0.54000	0.08219	0.14204	0.01110	0.00624	0.00173	0.00289	0.00967	0.00578	0.00547
33	0.00932	0.00466	0.00699	0.00699	0.00699	0.00466	0.00466	0.00699	0.00699	0.00932	0.00932	0.01632	0.00932	0.01865	0.02098	0.84382	0.00466	0.00466	0.00233	0.00233
34	0.01435	0.81458	0.02813	0.00918	0.01378	0.02124	0.00918	0.01607	0.01091	0.01263	0.00746	0.00861	0.00689	0.00459	0.00344	0.00115	0.00574	0.00287	0.00230	0.00689

[dist]
# distance from previous block
# <min> <max>
0	2

[block]
# block no. 11 follows, 45 sequences, length 11
# corresponding to MSA columns:
# 326-336
name=unknown_L
#
# <colnr> <probs for GDERKNQSTAVLIFYWHMCP>
#	G	D	E	R	K	N	Q	S	T	A	V	L	I	F	Y	W	H	M	C	P
0	0.05989	0.04033	0.01525	0.03078	0.01592	0.14418	0.06448	0.32058	0.09512	0.02373	0.01314	0.02975	0.01039	0.03410	0.02444	0.00188	0.00644	0.00501	0.05714	0.00746
1	0.01102	0.01059	0.01517	0.20150	0.01909	0.03922	0.04059	0.01304	0.00943	0.01354	0.00946	0.01448	0.00850	0.03186	0.10038	0.00288	0.40215	0.00495	0.04643	0.00573
2	0.07554	0.01322	0.01353	0.01120	0.01473	0.06068	0.00909	0.37118	0.18795	0.08123	0.04039	0.01856	0.01353	0.00722	0.00539	0.00171	0.00537	0.05614	0.00517	0.00816
3	0.01165	0.01108	0.01883	0.43129	0.39232	0.01232	0.01566	0.01504	0.01145	0.01555	0.00981	0.01382	0.00780	0.00509	0.00534	0.00170	0.00678	0.00478	0.00252	0.00718
4	0.00716	0.00588	0.00803	0.00765	0.00914	0.00527	0.06044	0.00890	0.01234	0.01608	0.21059	0.28232	0.31957	0.01332	0.00650	0.00190	0.00327	0.01181	0.00503	0.00480
5	0.00713	0.00499	0.00611	0.00665	0.00698	0.00477	0.00423	0.00782	0.00971	0.01295	0.08044	0.39547	0.06532	0.34501	0.01526	0.00338	0.00392	0.01158	0.00434	0.00396
6	0.08513	0.01583	0.01413	0.01164	0.01488	0.19387	0.00934	0.39738	0.01893	0.02530	0.01143	0.01246	0.00867	0.00631	0.00582	0.00158	0.06520	0.00437	0.09021	0.00753
7	0.01118	0.01112	0.01729	0.01425	0.01568	0.03743	0.16010	0.01324	0.00951	0.01388	0.00988	0.01467	0.00896	0.01549	0.19688	0.00366	0.40915	0.00524	0.02649	0.00588
8	0.01797	0.01661	0.01438	0.01266	0.04087	0.26148	0.00963	0.26079	0.16217	0.06749	0.06995	0.01557	0.01310	0.00660	0.00529	0.00159	0.00648	0.00502	0.00458	0.00776
9	0.00781	0.00582	0.00734	0.00774	0.00893	0.00560	0.00599	0.01038	0.05173	0.01694	0.23822	0.18944	0.15096	0.05319	0.00773	0.00220	0.00357	0.21634	0.00517	0.00490
10	0.05241	0.01395	0.01447	0.03760	0.01578	0.12638	0.02758	0.27521	0.07151	0.17110	0.01379	0.01416	0.00996	0.00653	0.00630	0.00166	0.08008	0.00478	0.04887	0.00785

[dist]
# distance from previous block
# <min> <max>
2	22

[block]
# block no. 12 follows, 45 sequences, length 9
# corresponding to MSA columns:
# 362-370
name=unknown_M
#
# <colnr> <probs for GDERKNQSTAVLIFYWHMCP>
#	G	D	E	R	K	N	Q	S	T	A	V	L	I	F	Y	W	H	M	C	P
0	0.00958	0.00723	0.00829	0.00715	0.00915	0.00664	0.00515	0.05879	0.01112	0.01588	0.05317	0.08791	0.09345	0.27094	0.01262	0.00262	0.02492	0.00704	0.06421	0.24415
1	0.01210	0.00952	0.03024	0.07539	0.08564	0.00960	0.00893	0.17706	0.06036	0.05223	0.19917	0.16951	0.02551	0.00971	0.00599	0.00181	0.00457	0.05111	0.00489	0.00665
2	0.01068	0.01010	0.01709	0.66581	0.16535	0.01207	0.01518	0.01419	0.01099	0.01438	0.00964	0.01413	0.00739	0.00527	0.00536	0.00176	0.00702	0.00477	0.00243	0.00640
3	0.00664	0.00492	0.00608	0.00688	0.00755	0.00449	0.00468	0.00769	0.01081	0.01409	0.07524	0.55000	0.19597	0.06858	0.00807	0.00227	0.00314	0.01361	0.00492	0.00436
4	0.00950	0.00582	0.04393	0.00708	0.00766	0.00509	0.00525	0.00833	0.00787	0.01136	0.01062	0.01665	0.00990	0.01606	0.01753	0.67190	0.00448	0.00468	0.13327	0.00302
5	0.00812	0.00558	0.00716	0.00696	0.00830	0.00510	0.00523	0.01030	0.01413	0.05391	0.53149	0.13400	0.13149	0.01197	0.00640	0.00180	0.00283	0.04445	0.00568	0.00510
6	0.75934	0.01216	0.05744	0.00788	0.01147	0.04650	0.00690	0.01611	0.00954	0.02315	0.00765	0.00893	0.00592	0.00501	0.00350	0.00165	0.00464	0.00300	0.00323	0.00597
7	0.01380	0.20798	0.25373	0.01494	0.07370	0.12928	0.09819	0.04855	0.01260	0.01627	0.00940	0.01118	0.00743	0.00497	0.00474	0.00146	0.00724	0.00397	0.02033	0.06025
8	0.01802	0.10271	0.03425	0.00944	0.01294	0.04522	0.00796	0.06309	0.06249	0.37889	0.10894	0.01960	0.01674	0.02763	0.02764	0.00186	0.00503	0.00556	0.04427	0.00772

[dist]
# distance from previous block
# <min> <max>
1	4

[block]
# block no. 13 follows, 45 sequences, length 14
# corresponding to MSA columns:
# 375-388
name=unknown_N
#
# <colnr> <probs for GDERKNQSTAVLIFYWHMCP>
#	G	D	E	R	K	N	Q	S	T	A	V	L	I	F	Y	W	H	M	C	P
0	0.04174	0.13158	0.03032	0.01093	0.01366	0.16475	0.05112	0.05902	0.03654	0.01643	0.10670	0.01872	0.06722	0.01157	0.11080	0.00252	0.08109	0.00541	0.00347	0.03643
1	0.01504	0.44551	0.08419	0.01156	0.03941	0.20592	0.01030	0.04244	0.01248	0.01407	0.00975	0.06839	0.00913	0.00583	0.00430	0.00136	0.00671	0.00415	0.00272	0.00675
2	0.07784	0.01213	0.01422	0.01199	0.04214	0.04283	0.06240	0.18850	0.19496	0.13438	0.01645	0.03004	0.02567	0.00657	0.00523	0.00162	0.00524	0.02368	0.00477	0.09932
3	0.11157	0.18330	0.14600	0.01115	0.03119	0.09696	0.01031	0.17180	0.02604	0.02027	0.01145	0.05027	0.00950	0.00602	0.00453	0.00150	0.00591	0.00445	0.09069	0.00708
4	0.07200	0.00758	0.00956	0.00866	0.01086	0.00744	0.05822	0.01418	0.12761	0.09123	0.09802	0.19780	0.23440	0.01117	0.00603	0.00187	0.00380	0.02865	0.00502	0.00589
5	0.00689	0.00541	0.00585	0.00600	0.00757	0.00472	0.00454	0.00848	0.01229	0.01556	0.11144	0.10490	0.54993	0.01318	0.00628	0.00184	0.00288	0.06427	0.06334	0.00463
6	0.01294	0.00991	0.01206	0.01044	0.06897	0.00892	0.00754	0.09323	0.05237	0.07439	0.01230	0.01497	0.01018	0.07457	0.02641	0.00167	0.02221	0.00432	0.02250	0.46011
7	0.00672	0.00486	0.00627	0.00726	0.00776	0.00453	0.00495	0.00776	0.01058	0.01398	0.06056	0.63483	0.10070	0.06347	0.00803	0.00232	0.00325	0.04288	0.00492	0.00436
8	0.02124	0.00852	0.01145	0.00899	0.01270	0.00738	0.00735	0.02331	0.01513	0.65403	0.09698	0.02273	0.07007	0.00755	0.00556	0.00167	0.00424	0.00623	0.00646	0.00842
9	0.00765	0.00556	0.00669	0.00659	0.00808	0.00496	0.00499	0.00957	0.01345	0.04400	0.35930	0.11301	0.32797	0.01259	0.00641	0.00183	0.00287	0.05413	0.00544	0.00493
10	0.00709	0.00546	0.00820	0.00870	0.00942	0.00512	0.06007	0.00836	0.01055	0.01407	0.02816	0.71384	0.03329	0.01583	0.00684	0.00217	0.00364	0.04979	0.00482	0.00460
11	0.00930	0.00795	0.01203	0.04274	0.01260	0.00969	0.05642	0.01115	0.00901	0.01331	0.01267	0.03402	0.01198	0.07534	0.38948	0.00544	0.22026	0.00574	0.05568	0.00519
12	0.13526	0.03359	0.08826	0.18508	0.23785	0.03764	0.07506	0.03272	0.07449	0.01818	0.02581	0.01361	0.00905	0.00533	0.00507	0.00168	0.00641	0.00467	0.00302	0.00724
13	0.21448	0.11282	0.03375	0.05661	0.03372	0.10850	0.09964	0.15410	0.01365	0.02028	0.00920	0.01109	0.00729	0.00563	0.00581	0.00163	0.08078	0.00408	0.00325	0.02370

[dist]
# distance from previous block
# <min> <max>
1	7

[block]
# block no. 14 follows, 45 sequences, length 17
# corresponding to MSA columns:
# 396-412
