[name]
unknown

[dist]
# distance from previous block
# <min> <max>
0	97

[block]
# block no. 0 follows, 46 sequences, length 63
# corresponding to MSA columns:
# 97-159
name=unknown_A
#
# <colnr> <probs for GDERKNQSTAVLIFYWHMCP>
#	G	D	E	R	K	N	Q	S	T	A	V	L	I	F	Y	W	H	M	C	P
0	0.00928	0.00623	0.00871	0.00972	0.01108	0.00617	0.00848	0.01169	0.01232	0.05434	0.02763	0.05755	0.02956	0.01420	0.00720	0.00239	0.00485	0.70857	0.00495	0.00507
1	0.05973	0.04986	0.01304	0.00943	0.01352	0.00909	0.00787	0.06596	0.01518	0.67056	0.01913	0.01680	0.01222	0.00636	0.00513	0.00161	0.00461	0.00505	0.00611	0.00874
2	0.01465	0.65429	0.04068	0.00939	0.01368	0.04124	0.00907	0.05299	0.01177	0.05517	0.00950	0.04947	0.00864	0.00536	0.00383	0.00125	0.00563	0.00371	0.00279	0.00689
3	0.01089	0.06968	0.70767	0.01510	0.02261	0.01280	0.05615	0.01670	0.01120	0.01652	0.00943	0.01117	0.00677	0.00497	0.00499	0.00165	0.00775	0.00396	0.00226	0.00772
4	0.04014	0.00905	0.01094	0.00879	0.01223	0.03206	0.00711	0.05058	0.04401	0.50113	0.06991	0.02202	0.09384	0.00738	0.00529	0.00161	0.00426	0.00600	0.04788	0.02577
5	0.01810	0.02139	0.01409	0.01266	0.01548	0.58217	0.00960	0.07490	0.12492	0.01581	0.01285	0.01344	0.04957	0.00619	0.00497	0.00146	0.00813	0.00429	0.00341	0.00657
6	0.01065	0.01019	0.01760	0.62879	0.16544	0.01197	0.05238	0.01415	0.01092	0.01433	0.00956	0.01393	0.00733	0.00514	0.00532	0.00173	0.00701	0.00478	0.00241	0.00637
7	0.01636	0.03543	0.09268	0.05031	0.01575	0.01147	0.00967	0.05718	0.34265	0.26704	0.03260	0.01773	0.01376	0.00661	0.00527	0.00170	0.00489	0.00541	0.00519	0.00831
8	0.02341	0.00906	0.01226	0.00944	0.01350	0.00793	0.00779	0.02583	0.03695	0.76290	0.02088	0.01804	0.01317	0.00656	0.00532	0.00164	0.00449	0.00534	0.00651	0.00898
9	0.00768	0.00515	0.00588	0.00588	0.00592	0.00519	0.00335	0.00776	0.00772	0.01034	0.01655	0.03400	0.01896	0.78085	0.05992	0.00527	0.00551	0.00760	0.00319	0.00327
10	0.00744	0.00564	0.00762	0.00762	0.00885	0.00524	0.02996	0.00941	0.01273	0.01714	0.33375	0.19692	0.15239	0.04066	0.00725	0.00204	0.00336	0.14209	0.00514	0.00476
11	0.01060	0.02735	0.78682	0.01507	0.02288	0.01228	0.01953	0.01674	0.01116	0.01674	0.00949	0.01116	0.00670	0.00502	0.00502	0.00167	0.00781	0.00391	0.00223	0.00781
12	0.00631	0.00510	0.00562	0.00603	0.00732	0.00441	0.00432	0.00751	0.01140	0.01402	0.04531	0.30750	0.52778	0.01446	0.00642	0.00191	0.00281	0.01246	0.00491	0.00441
13	0.01250	0.01421	0.03088	0.02261	0.05209	0.01334	0.73783	0.01691	0.01246	0.01694	0.01067	0.01422	0.00803	0.00446	0.00621	0.00178	0.00883	0.00619	0.00267	0.00717
14	0.65528	0.01037	0.00911	0.00774	0.01122	0.01154	0.00638	0.07368	0.01118	0.14718	0.00994	0.01041	0.00716	0.00528	0.00375	0.00163	0.00429	0.00340	0.00395	0.00650
15	0.01092	0.00992	0.01586	0.71662	0.03421	0.01224	0.01421	0.08083	0.01181	0.01527	0.00965	0.01392	0.00722	0.00545	0.00550	0.00176	0.02113	0.00470	0.00261	0.00615
16	0.00820	0.00586	0.00815	0.00937	0.01045	0.00581	0.00796	0.01040	0.01186	0.01546	0.02817	0.17502	0.03112	0.01490	0.00722	0.00239	0.00459	0.63341	0.00487	0.00478
17	0.00640	0.00536	0.00557	0.00552	0.00724	0.00453	0.00414	0.00789	0.01241	0.01515	0.14422	0.04945	0.68788	0.01307	0.00625	0.00177	0.00265	0.01096	0.00502	0.00453
18	0.01094	0.10159	0.71548	0.01450	0.02201	0.01309	0.01855	0.01666	0.01112	0.01634	0.00929	0.01091	0.00671	0.00498	0.00487	0.00162	0.00761	0.00381	0.00224	0.00772
19	0.01216	0.01019	0.01061	0.00981	0.01229	0.03621	0.00750	0.04126	0.51891	0.03801	0.02411	0.15093	0.06889	0.00901	0.00560	0.00182	0.00409	0.00765	0.02363	0.00732
20	0.01315	0.01139	0.01223	0.01138	0.03591	0.01313	0.00859	0.02775	0.74975	0.02197	0.02118	0.01953	0.01591	0.00710	0.00538	0.00179	0.00424	0.00594	0.00530	0.00837
21	0.54781	0.01023	0.00985	0.06552	0.01325	0.01138	0.00712	0.05818	0.04874	0.16743	0.01105	0.01154	0.00790	0.00543	0.00402	0.00165	0.00448	0.00372	0.00404	0.00666
22	0.01325	0.01287	0.02130	0.03199	0.76273	0.03144	0.01608	0.01634	0.01211	0.01717	0.00990	0.01300	0.00834	0.00473	0.00522	0.00157	0.00636	0.00468	0.00262	0.00832
23	0.00648	0.00474	0.00611	0.00719	0.00771	0.00437	0.00491	0.00751	0.01043	0.01367	0.03213	0.69208	0.12717	0.01610	0.00670	0.00211	0.00308	0.03826	0.00491	0.00433
24	0.01308	0.01256	0.02146	0.03245	0.78123	0.01256	0.01622	0.01622	0.01204	0.01727	0.00994	0.01308	0.00837	0.00471	0.00523	0.00157	0.00628	0.00471	0.00262	0.00837
25	0.01243	0.01412	0.03039	0.02183	0.02689	0.01352	0.72167	0.01671	0.01224	0.01671	0.01049	0.01412	0.00796	0.00471	0.00684	0.00181	0.05170	0.00615	0.00265	0.00706
26	0.00732	0.00528	0.00692	0.00676	0.00786	0.00488	0.00498	0.00958	0.01422	0.02002	0.66384	0.15745	0.04760	0.01169	0.00631	0.00174	0.00258	0.01040	0.00568	0.00488
27	0.01248	0.01426	0.03119	0.02228	0.02763	0.01337	0.76203	0.01693	0.01248	0.01693	0.01070	0.01426	0.00802	0.00446	0.00624	0.00178	0.00891	0.00624	0.00267	0.00713
28	0.01699	0.01759	0.01315	0.01186	0.01466	0.40267	0.00915	0.04904	0.21673	0.08036	0.03384	0.01810	0.02744	0.00696	0.00524	0.00160	0.00693	0.05669	0.00411	0.00692
29	0.01248	0.01426	0.03119	0.02228	0.02763	0.01337	0.76203	0.01693	0.01248	0.01693	0.01070	0.01426	0.00802	0.00446	0.00624	0.00178	0.00891	0.00624	0.00267	0.00713
30	0.00795	0.00592	0.00759	0.00831	0.00966	0.00571	0.00693	0.01028	0.03399	0.01560	0.07102	0.08175	0.22584	0.01406	0.00726	0.02504	0.00409	0.44938	0.00487	0.00478
31	0.00998	0.00940	0.01586	0.80150	0.03641	0.01175	0.01468	0.01351	0.01057	0.01351	0.00940	0.01409	0.00705	0.00529	0.00529	0.00176	0.00705	0.00470	0.00235	0.00587
32	0.06598	0.01900	0.01442	0.01230	0.01562	0.39554	0.00961	0.25004	0.08673	0.06370	0.01144	0.01185	0.00862	0.00591	0.00493	0.00150	0.00732	0.00413	0.00400	0.00735
33	0.01308	0.01256	0.02146	0.03245	0.78123	0.01256	0.01622	0.01622	0.01204	0.01727	0.00994	0.01308	0.00837	0.00471	0.00523	0.00157	0.00628	0.00471	0.00262	0.00837
34	0.01060	0.02735	0.78682	0.01507	0.02288	0.01228	0.01953	0.01674	0.01116	0.01674	0.00949	0.01116	0.00670	0.00502	0.00502	0.00167	0.00781	0.00391	0.00223	0.00781
35	0.45583	0.01025	0.00968	0.00837	0.01160	0.01140	0.00676	0.06778	0.17025	0.11928	0.06983	0.01466	0.01232	0.00612	0.00432	0.00167	0.00415	0.00444	0.00444	0.00684
36	0.01126	0.17432	0.64560	0.01395	0.02115	0.01388	0.01758	0.01657	0.01108	0.01594	0.00909	0.01066	0.00671	0.00493	0.00472	0.00157	0.00741	0.00371	0.00224	0.00762
37	0.01290	0.01238	0.02113	0.07755	0.73755	0.01251	0.01613	0.01607	0.01195	0.01705	0.00991	0.01314	0.00830	0.00474	0.00524	0.00158	0.00633	0.00471	0.00260	0.00823
38	0.01308	0.01256	0.02146	0.03245	0.78123	0.01256	0.01622	0.01622	0.01204	0.01727	0.00994	0.01308	0.00837	0.00471	0.00523	0.00157	0.00628	0.00471	0.00262	0.00837
39	0.00998	0.00940	0.01586	0.80150	0.03641	0.01175	0.01468	0.01351	0.01057	0.01351	0.00940	0.01409	0.00705	0.00529	0.00529	0.00176	0.00705	0.00470	0.00235	0.00587
40	0.02361	0.00918	0.01238	0.00949	0.01359	0.00804	0.00784	0.04861	0.01543	0.76162	0.02060	0.01783	0.01296	0.00654	0.00532	0.00163	0.00454	0.00530	0.00650	0.00900
41	0.00763	0.00537	0.00701	0.00701	0.00744	0.00580	0.00476	0.00849	0.00806	0.01117	0.01552	0.02828	0.01648	0.46056	0.37681	0.00666	0.00925	0.00676	0.00303	0.00390
42	0.00644	0.00460	0.00613	0.00736	0.00767	0.00429	0.00491	0.00736	0.01012	0.01350	0.02914	0.81076	0.03497	0.01656	0.00675	0.00215	0.00307	0.01503	0.00491	0.00429
43	0.01315	0.01136	0.01195	0.01076	0.01375	0.01315	0.00837	0.02809	0.77168	0.02211	0.02152	0.01972	0.01614	0.00717	0.00538	0.00179	0.00418	0.00598	0.00538	0.00837
44	0.00673	0.00481	0.00647	0.00770	0.00813	0.00455	0.00542	0.00787	0.01041	0.01382	0.02898	0.70504	0.03433	0.01629	0.00683	0.00219	0.00332	0.11786	0.00490	0.00437
45	0.01070	0.04873	0.76627	0.01490	0.02263	0.01251	0.01925	0.01672	0.01115	0.01663	0.00943	0.01109	0.00670	0.00501	0.00498	0.00166	0.00775	0.00388	0.00223	0.00779
46	0.01060	0.02735	0.78682	0.01507	0.02288	0.01228	0.01953	0.01674	0.01116	0.01674	0.00949	0.01116	0.00670	0.00502	0.00502	0.00167	0.00781	0.00391	0.00223	0.00781
47	0.00644	0.00462	0.00612	0.00731	0.00766	0.00430	0.00489	0.00737	0.01017	0.01351	0.02972	0.79263	0.05272	0.01649	0.00674	0.00214	0.00306	0.01494	0.00491	0.00430
48	0.07641	0.01162	0.01758	0.40063	0.21355	0.06267	0.07457	0.01495	0.01122	0.01545	0.01028	0.01386	0.02382	0.00533	0.00549	0.00170	0.02696	0.00474	0.00259	0.00656
49	0.01299	0.01344	0.02583	0.01861	0.02357	0.01273	0.53738	0.09319	0.01337	0.01854	0.01057	0.01347	0.00806	0.00471	0.00610	0.00161	0.03241	0.00553	0.00301	0.14488
50	0.00658	0.00470	0.00626	0.00727	0.00770	0.00438	0.00492	0.00770	0.01075	0.01449	0.12629	0.71076	0.03690	0.01582	0.00668	0.00208	0.00299	0.01432	0.00503	0.00438
51	0.01432	0.01086	0.01239	0.00916	0.01366	0.00973	0.00742	0.21682	0.02855	0.07309	0.01127	0.01206	0.00864	0.00481	0.00441	0.00107	0.00447	0.00377	0.00398	0.54953
52	0.01310	0.58179	0.23787	0.01081	0.01616	0.01843	0.01200	0.01602	0.01080	0.01364	0.00793	0.00929	0.00676	0.00476	0.00413	0.00131	0.02273	0.00316	0.00225	0.00705
53	0.05996	0.61662	0.05250	0.00986	0.01418	0.12683	0.00944	0.03401	0.01158	0.01376	0.00767	0.00883	0.00678	0.00473	0.00368	0.00122	0.00619	0.00299	0.00245	0.00673
54	0.01378	0.01121	0.01197	0.01068	0.01373	0.01283	0.00833	0.02795	0.72623	0.06794	0.02148	0.01962	0.01595	0.00713	0.00538	0.00178	0.00420	0.00594	0.00545	0.00841
55	0.01975	0.02520	0.01498	0.01362	0.01634	0.79299	0.01021	0.02111	0.01498	0.01294	0.00817	0.00953	0.00681	0.00545	0.00477	0.00136	0.00953	0.00340	0.00272	0.00613
56	0.01254	0.01072	0.01143	0.01032	0.01312	0.01227	0.00800	0.02614	0.69020	0.02202	0.10302	0.02185	0.01977	0.00756	0.00547	0.00178	0.00400	0.00636	0.00543	0.00800
57	0.00755	0.00566	0.00850	0.00850	0.00944	0.00661	0.00661	0.00944	0.00850	0.01227	0.01416	0.02077	0.01322	0.03965	0.79326	0.00850	0.01416	0.00566	0.00283	0.00472
58	0.01292	0.01239	0.02116	0.07381	0.74118	0.01252	0.01614	0.01608	0.01196	0.01707	0.00991	0.01314	0.00830	0.00474	0.00524	0.00158	0.00632	0.00471	0.00260	0.00824
59	0.01950	0.01348	0.01477	0.01157	0.01559	0.01472	0.00948	0.54863	0.14043	0.13328	0.01518	0.01451	0.01066	0.00650	0.00531	0.00163	0.00538	0.00503	0.00547	0.00889
60	0.00687	0.00541	0.00584	0.00577	0.00744	0.00462	0.00431	0.00839	0.01250	0.03333	0.17038	0.08911	0.60160	0.01298	0.00625	0.00178	0.00271	0.01097	0.00510	0.00465
61	0.80992	0.00999	0.00774	0.00694	0.01011	0.01152	0.00569	0.01527	0.00929	0.02359	0.04539	0.01011	0.00790	0.00520	0.00342	0.00164	0.00401	0.00319	0.00340	0.00569
62	0.01112	0.01051	0.01759	0.49144	0.29762	0.01180	0.01481	0.01445	0.01111	0.01502	0.00959	0.01358	0.00755	0.00502	0.00520	0.00165	0.00662	0.00463	0.00248	0.04821

[dist]
# distance from previous block
# <min> <max>
0	45

[block]
# block no. 1 follows, 46 sequences, length 65
# corresponding to MSA columns:
# 205-269
name=unknown_B
#
# <colnr> <probs for GDERKNQSTAVLIFYWHMCP>
#	G	D	E	R	K	N	Q	S	T	A	V	L	I	F	Y	W	H	M	C	P
0	0.01257	0.00928	0.01090	0.06320	0.01377	0.01019	0.00796	0.02170	0.42498	0.10909	0.12676	0.09387	0.02217	0.00865	0.00569	0.00182	0.00411	0.04070	0.00531	0.00728
1	0.00769	0.00513	0.00577	0.00577	0.00577	0.00513	0.00320	0.00769	0.00769	0.01025	0.01666	0.03460	0.01922	0.81421	0.02691	0.00513	0.00513	0.00769	0.00320	0.00320
2	0.00717	0.00527	0.00657	0.00646	0.00757	0.00483	0.00468	0.00907	0.01327	0.01819	0.50221	0.14187	0.16135	0.07827	0.00801	0.00203	0.00282	0.01038	0.00534	0.00467
3	0.00644	0.00460	0.00613	0.00736	0.00767	0.00429	0.00491	0.00736	0.01012	0.01350	0.02914	0.81076	0.03497	0.01656	0.00675	0.00215	0.00307	0.01503	0.00491	0.00429
4	0.01078	0.02626	0.73438	0.01478	0.02226	0.01234	0.01878	0.01751	0.06263	0.01711	0.01030	0.01174	0.00734	0.00517	0.00505	0.00168	0.00757	0.00405	0.00245	0.00785
5	0.01140	0.00971	0.01118	0.00820	0.01274	0.00782	0.00655	0.03481	0.07685	0.01808	0.01053	0.01176	0.00858	0.00426	0.00408	0.00089	0.00399	0.00342	0.00338	0.75177
6	0.01285	0.01239	0.02010	0.06691	0.66855	0.03768	0.01543	0.01590	0.01207	0.01685	0.01108	0.01617	0.00975	0.00543	0.00536	0.00163	0.00633	0.05481	0.00276	0.00794
7	0.01847	0.05747	0.01474	0.01085	0.01473	0.01374	0.00895	0.45607	0.08237	0.15313	0.06641	0.02682	0.01322	0.00672	0.00524	0.00157	0.00514	0.00526	0.00530	0.03381
8	0.00942	0.03950	0.05233	0.00801	0.01001	0.00739	0.00654	0.03252	0.11096	0.04578	0.45936	0.10952	0.03651	0.04042	0.00672	0.00184	0.00344	0.00873	0.00524	0.00575
9	0.00660	0.00472	0.00632	0.00754	0.00792	0.00443	0.00519	0.00764	0.01028	0.01367	0.02905	0.75280	0.03461	0.01641	0.00679	0.00217	0.00321	0.07141	0.00490	0.00434
10	0.00796	0.00766	0.07525	0.00868	0.01055	0.00606	0.02278	0.01042	0.01252	0.01672	0.21948	0.10729	0.15702	0.02924	0.00700	0.00209	0.00411	0.28532	0.00481	0.00505
11	0.06321	0.07258	0.04296	0.01428	0.09710	0.42785	0.01041	0.04899	0.07560	0.05617	0.03549	0.01222	0.00949	0.00567	0.00480	0.00146	0.00750	0.00406	0.00331	0.00685
12	0.01060	0.02735	0.78682	0.01507	0.02288	0.01228	0.01953	0.01674	0.01116	0.01674	0.00949	0.01116	0.00670	0.00502	0.00502	0.00167	0.00781	0.00391	0.00223	0.00781
13	0.01243	0.01411	0.03036	0.02181	0.02686	0.01353	0.72008	0.01670	0.01223	0.01670	0.01049	0.01411	0.00796	0.00472	0.00686	0.00181	0.05339	0.00615	0.00265	0.00705
14	0.01120	0.04442	0.58592	0.01766	0.09950	0.01268	0.12154	0.01669	0.01142	0.01671	0.00964	0.01171	0.00705	0.00490	0.00517	0.00166	0.00776	0.00428	0.00233	0.00775
15	0.01330	0.01347	0.02574	0.02066	0.10439	0.04413	0.51670	0.01771	0.05500	0.06888	0.01284	0.05903	0.01031	0.00549	0.00599	0.00175	0.00777	0.00638	0.00321	0.00726
16	0.01290	0.01237	0.02113	0.07789	0.73722	0.01251	0.01613	0.01606	0.01195	0.01705	0.00991	0.01314	0.00830	0.00474	0.00524	0.00158	0.00633	0.00471	0.00260	0.00823
17	0.00819	0.00546	0.00683	0.00734	0.00797	0.00534	0.00492	0.00992	0.06131	0.05635	0.02476	0.50458	0.02812	0.21272	0.02827	0.00296	0.00397	0.01186	0.00457	0.00457
18	0.01326	0.01605	0.14065	0.02737	0.55855	0.08444	0.03363	0.01670	0.01210	0.01669	0.00966	0.01245	0.00793	0.00492	0.00543	0.00159	0.02353	0.00450	0.00256	0.00800
19	0.01380	0.70583	0.12126	0.00987	0.01477	0.03345	0.01036	0.01604	0.01087	0.01298	0.00763	0.00883	0.00677	0.00460	0.00362	0.00120	0.00599	0.00297	0.00227	0.00690
20	0.08817	0.01320	0.01384	0.01083	0.01461	0.01460	0.00890	0.60838	0.02183	0.03084	0.01281	0.01322	0.00928	0.00620	0.00492	0.00155	0.00526	0.00462	0.10871	0.00822
21	0.01104	0.12495	0.69303	0.01432	0.02173	0.01334	0.01824	0.01663	0.01111	0.01621	0.00922	0.01083	0.00671	0.00496	0.00482	0.00161	0.00755	0.00377	0.00224	0.00769
22	0.01741	0.01185	0.01299	0.01081	0.01435	0.02742	0.00865	0.19739	0.40374	0.20699	0.01907	0.01749	0.01358	0.00680	0.00533	0.00170	0.00474	0.00549	0.00559	0.00862
23	0.02099	0.00966	0.01225	0.00972	0.01351	0.00918	0.00792	0.07461	0.14857	0.57109	0.05013	0.01879	0.01479	0.00681	0.00536	0.00166	0.00445	0.00556	0.00623	0.00873
24	0.00635	0.00527	0.00555	0.00568	0.00725	0.00447	0.00418	0.00770	0.01199	0.01460	0.09421	0.14349	0.64380	0.01362	0.00631	0.00182	0.00271	0.01154	0.00496	0.00447
25	0.03810	0.01007	0.01258	0.00989	0.01383	0.00968	0.00810	0.11749	0.12227	0.56966	0.01967	0.01739	0.01286	0.00657	0.00528	0.00165	0.00461	0.00529	0.00616	0.00884
26	0.03157	0.01344	0.01456	0.01151	0.01541	0.01478	0.00939	0.54952	0.14964	0.09258	0.01516	0.03302	0.01110	0.00672	0.00531	0.00164	0.00534	0.00522	0.00537	0.00873
27	0.00668	0.00477	0.00640	0.00763	0.00804	0.00450	0.00532	0.00777	0.01035	0.01376	0.02901	0.72596	0.03445	0.01634	0.00681	0.00218	0.00327	0.09751	0.00490	0.00436
28	0.01211	0.01442	0.06937	0.02121	0.03930	0.01283	0.66785	0.01652	0.01254	0.01717	0.05351	0.01549	0.01030	0.00485	0.00616	0.00177	0.00845	0.00628	0.00283	0.00707
29	0.11764	0.01136	0.01171	0.01019	0.01340	0.01285	0.00805	0.12312	0.51620	0.04347	0.01948	0.01831	0.04088	0.00692	0.00511	0.00172	0.00434	0.00554	0.00508	0.02463
30	0.02010	0.01481	0.01587	0.01216	0.01639	0.01639	0.01005	0.76360	0.02486	0.03332	0.01269	0.01269	0.00899	0.00635	0.00529	0.00159	0.00582	0.00476	0.00529	0.00899
31	0.01290	0.01279	0.03999	0.06333	0.73232	0.01252	0.01624	0.01613	0.01196	0.01710	0.00991	0.01308	0.00828	0.00474	0.00523	0.00158	0.00635	0.00469	0.00260	0.00826
32	0.01080	0.07151	0.74438	0.01473	0.02236	0.01276	0.01895	0.01669	0.01114	0.01650	0.00937	0.01101	0.00670	0.00499	0.00493	0.00164	0.00769	0.00385	0.00223	0.00776
33	0.00795	0.00630	0.00871	0.00866	0.00966	0.03203	0.00672	0.00982	0.00871	0.01229	0.01397	0.02041	0.01301	0.03854	0.76777	0.00827	0.01401	0.00559	0.00283	0.00477
34	0.00647	0.00466	0.00615	0.00733	0.00771	0.00434	0.00494	0.00744	0.01024	0.01357	0.03010	0.76524	0.06496	0.01640	0.00674	0.00214	0.00309	0.02927	0.00491	0.00431
35	0.01069	0.04776	0.76720	0.01491	0.02264	0.01250	0.01926	0.01672	0.01115	0.01663	0.00943	0.01109	0.00670	0.00501	0.00498	0.00166	0.00776	0.00388	0.00223	0.00779
36	0.01262	0.01208	0.02061	0.14820	0.66913	0.01244	0.01599	0.01582	0.01182	0.01670	0.00986	0.01324	0.00817	0.00480	0.00524	0.00160	0.00640	0.00471	0.00258	0.00800
37	0.01242	0.01398	0.02960	0.02190	0.05082	0.01358	0.67409	0.01655	0.01209	0.01659	0.01035	0.01399	0.00794	0.00487	0.00715	0.00182	0.07650	0.00605	0.00264	0.00706
38	0.00801	0.00616	0.00844	0.02102	0.03052	0.00602	0.02281	0.01044	0.04024	0.01544	0.05636	0.24521	0.14202	0.01390	0.00679	0.00217	0.00413	0.35057	0.00479	0.00495
39	0.11722	0.00996	0.01293	0.01218	0.10806	0.00961	0.00869	0.03984	0.09621	0.50263	0.01784	0.01637	0.01189	0.00619	0.00508	0.00164	0.00467	0.00502	0.00552	0.00847
40	0.01083	0.07873	0.73745	0.01468	0.02228	0.01284	0.01885	0.01668	0.01113	0.01646	0.00935	0.01099	0.00670	0.00499	0.00492	0.00164	0.00767	0.00384	0.00223	0.00775
41	0.00743	0.00540	0.00700	0.00660	0.00787	0.00497	0.00495	0.00988	0.01485	0.02093	0.75003	0.03994	0.07847	0.01091	0.00624	0.00167	0.00250	0.00962	0.00578	0.00497
42	0.01060	0.02735	0.78682	0.01507	0.02288	0.01228	0.01953	0.01674	0.01116	0.01674	0.00949	0.01116	0.00670	0.00502	0.00502	0.00167	0.00781	0.00391	0.00223	0.00781
43	0.01930	0.02196	0.01493	0.01309	0.01615	0.57103	0.01004	0.17531	0.07646	0.01788	0.01016	0.01099	0.00799	0.00577	0.00492	0.00144	0.00834	0.00389	0.00346	0.00690
44	0.01978	0.02416	0.01507	0.01347	0.01635	0.71532	0.01020	0.09536	0.01597	0.01498	0.00862	0.00985	0.00703	0.00554	0.00482	0.00138	0.00916	0.00354	0.00298	0.00641
45	0.00664	0.00480	0.00599	0.00682	0.00730	0.00446	0.00452	0.00750	0.01011	0.01327	0.04776	0.56779	0.13303	0.14222	0.00986	0.00256	0.00333	0.01322	0.00466	0.00416
46	0.01068	0.00973	0.01638	0.69650	0.11734	0.01173	0.01467	0.01413	0.01085	0.03419	0.00976	0.01409	0.00735	0.00526	0.00528	0.00174	0.00690	0.00472	0.00249	0.00623
47	0.01060	0.02735	0.78682	0.01507	0.02288	0.01228	0.01953	0.01674	0.01116	0.01674	0.00949	0.01116	0.00670	0.00502	0.00502	0.00167	0.00781	0.00391	0.00223	0.00781
48	0.00644	0.00460	0.00613	0.00736	0.00767	0.00429	0.00491	0.00736	0.01012	0.01350	0.02914	0.81076	0.03497	0.01656	0.00675	0.00215	0.00307	0.01503	0.00491	0.00429
49	0.00644	0.00460	0.00613	0.00736	0.00767	0.00429	0.00491	0.00736	0.01012	0.01350	0.02914	0.81076	0.03497	0.01656	0.00675	0.00215	0.00307	0.01503	0.00491	0.00429
50	0.01270	0.01509	0.05509	0.02156	0.02680	0.04490	0.69534	0.01703	0.01247	0.01670	0.01049	0.01392	0.00791	0.00459	0.00632	0.00177	0.02156	0.00602	0.00266	0.00709
51	0.01272	0.01461	0.02961	0.02140	0.02646	0.05668	0.69961	0.01691	0.01255	0.01662	0.01105	0.03547	0.00868	0.00484	0.00617	0.00177	0.00879	0.00632	0.00274	0.00700
52	0.01449	0.63372	0.10744	0.01008	0.01491	0.01943	0.01029	0.10831	0.01253	0.01548	0.00824	0.00929	0.00705	0.00480	0.00380	0.00125	0.00590	0.00318	0.00263	0.00717
53	0.01096	0.00940	0.01096	0.00783	0.01253	0.00705	0.00626	0.01331	0.01096	0.01723	0.00940	0.01096	0.00783	0.00392	0.00392	0.00078	0.00392	0.00313	0.00313	0.84653
54	0.62131	0.01143	0.05258	0.00820	0.01189	0.01179	0.00715	0.07822	0.02542	0.11567	0.00980	0.01041	0.00713	0.00527	0.00382	0.00164	0.00449	0.00343	0.00381	0.00655
55	0.00640	0.00476	0.00597	0.00694	0.00756	0.00433	0.00472	0.00741	0.01052	0.01366	0.03424	0.65208	0.19035	0.01590	0.00664	0.00207	0.00299	0.01422	0.00491	0.00433
56	0.02224	0.00877	0.01188	0.00929	0.01312	0.00767	0.00764	0.02456	0.02921	0.70907	0.06340	0.02025	0.01563	0.00699	0.00542	0.00166	0.00439	0.02372	0.00644	0.00866
57	0.01035	0.01002	0.01761	0.68619	0.05016	0.01203	0.09417	0.01391	0.01075	0.01393	0.00949	0.01404	0.00718	0.00527	0.00564	0.00177	0.02419	0.00486	0.00239	0.00606
58	0.01248	0.01426	0.03119	0.02228	0.02763	0.01337	0.76203	0.01693	0.01248	0.01693	0.01070	0.01426	0.00802	0.00446	0.00624	0.00178	0.00891	0.00624	0.00267	0.00713
59	0.00640	0.00536	0.00557	0.00552	0.00723	0.00453	0.00414	0.00788	0.01241	0.01514	0.14311	0.04947	0.68900	0.01307	0.00625	0.00177	0.00266	0.01096	0.00502	0.00453
60	0.00817	0.00583	0.00812	0.00934	0.01040	0.00578	0.00791	0.01035	0.01182	0.01543	0.02818	0.18642	0.03119	0.01493	0.00721	0.00239	0.00456	0.62233	0.00487	0.00477
61	0.01936	0.01321	0.01462	0.01152	0.01546	0.01433	0.00950	0.55506	0.08663	0.13690	0.01545	0.01666	0.01137	0.00691	0.00541	0.00166	0.00544	0.04636	0.00545	0.00871
62	0.00910	0.00653	0.00885	0.00980	0.01115	0.00660	0.00849	0.05292	0.01281	0.01673	0.02717	0.08074	0.02937	0.01420	0.00717	0.00238	0.00486	0.68115	0.00489	0.00508
63	0.01766	0.01423	0.01425	0.01166	0.01525	0.08173	0.00935	0.45087	0.23171	0.04176	0.01556	0.04577	0.01189	0.00690	0.00533	0.00165	0.00555	0.00540	0.00510	0.00839
64	0.00821	0.00646	0.00768	0.00722	0.00873	0.03607	0.00555	0.01062	0.01442	0.02000	0.62032	0.03878	0.06381	0.01061	0.00614	0.00167	0.00306	0.07314	0.00544	0.05205

[dist]
# distance from previous block
# <min> <max>
0	44

# created by:
# /st0/software/busco_prod/Augustus/scripts/msa2prfl.pl ./align_prep/199941.fa
