[name]
unknown

[dist]
# distance from previous block
# <min> <max>
2	235

[block]
# block no. 0 follows, 49 sequences, length 36
# corresponding to MSA columns:
# 278-313
name=unknown_A
#
# <colnr> <probs for GDERKNQSTAVLIFYWHMCP>
#	G	D	E	R	K	N	Q	S	T	A	V	L	I	F	Y	W	H	M	C	P
0	0.01134	0.06333	0.01659	0.18866	0.15231	0.01077	0.10092	0.01429	0.03299	0.04919	0.01063	0.03365	0.00898	0.04009	0.02090	0.00171	0.05247	0.00468	0.00284	0.18365
1	0.06178	0.44458	0.08187	0.01060	0.01511	0.06834	0.09970	0.01530	0.01071	0.01407	0.00791	0.00939	0.00672	0.00435	0.00384	0.00119	0.00585	0.00325	0.00242	0.13302
2	0.01062	0.21286	0.30118	0.01017	0.01528	0.01151	0.01111	0.01397	0.01071	0.01520	0.05531	0.04784	0.02722	0.00538	0.00431	0.00127	0.00537	0.00422	0.00274	0.23376
3	0.00896	0.01027	0.14878	0.17950	0.01689	0.00798	0.02365	0.03387	0.02803	0.03306	0.13274	0.24241	0.04077	0.00922	0.00557	0.00173	0.00476	0.02529	0.00379	0.04274
4	0.01635	0.01328	0.06091	0.02835	0.01406	0.12907	0.00868	0.24863	0.08935	0.17029	0.01452	0.03955	0.01157	0.11302	0.01783	0.00206	0.00579	0.00518	0.00439	0.00709
5	0.00754	0.00897	0.12680	0.00962	0.01187	0.00642	0.09808	0.00975	0.01063	0.01418	0.04402	0.41085	0.15667	0.01207	0.00609	0.00189	0.00429	0.05119	0.00408	0.00501
6	0.00973	0.02298	0.67796	0.01308	0.01944	0.01072	0.01635	0.01472	0.01018	0.01509	0.01010	0.01403	0.00820	0.12695	0.00793	0.00209	0.00709	0.00428	0.00227	0.00681
7	0.15475	0.01920	0.42673	0.01483	0.05139	0.01181	0.16029	0.01610	0.01068	0.05122	0.00938	0.01120	0.00683	0.00485	0.00511	0.00163	0.03030	0.00411	0.00258	0.00702
8	0.01223	0.15658	0.55918	0.01295	0.01943	0.01263	0.03124	0.01690	0.01109	0.10784	0.01005	0.01109	0.00717	0.00489	0.00460	0.00151	0.00677	0.00377	0.00264	0.00743
9	0.01729	0.00922	0.01315	0.01037	0.01383	0.00879	0.09810	0.02209	0.17298	0.44019	0.10572	0.01974	0.01663	0.02101	0.00567	0.00167	0.00454	0.00582	0.00545	0.00774
10	0.01190	0.13360	0.57551	0.01343	0.01975	0.13093	0.01600	0.01652	0.01117	0.01492	0.00861	0.01010	0.00643	0.00480	0.00456	0.00149	0.00744	0.00353	0.00221	0.00710
11	0.01159	0.00879	0.01406	0.42998	0.14224	0.00974	0.01199	0.01445	0.01124	0.13052	0.01526	0.02110	0.05565	0.00666	0.00533	0.00172	0.00578	0.09436	0.00331	0.00624
12	0.01183	0.01120	0.01853	0.14465	0.58523	0.01127	0.01417	0.01480	0.01118	0.01598	0.00937	0.01242	0.00776	0.00450	0.00486	0.00144	0.00585	0.00432	0.00252	0.10812
13	0.11043	0.00668	0.00738	0.00647	0.00870	0.00607	0.00492	0.01156	0.01118	0.11249	0.13679	0.03054	0.24341	0.12978	0.00815	0.00200	0.00348	0.02394	0.00433	0.13170
14	0.75830	0.01030	0.00835	0.00724	0.01048	0.01186	0.00597	0.10509	0.01041	0.02378	0.00765	0.00868	0.00585	0.00486	0.00336	0.00156	0.00411	0.00295	0.00336	0.00585
15	0.00865	0.00443	0.00659	0.00667	0.00671	0.00441	0.00449	0.00670	0.00684	0.00911	0.01004	0.05158	0.01033	0.01741	0.01888	0.79595	0.00433	0.02218	0.00236	0.00234
16	0.00659	0.00470	0.00611	0.00691	0.00751	0.00440	0.00487	0.00785	0.01059	0.01429	0.14040	0.54644	0.07926	0.04001	0.00693	0.00205	0.00302	0.07613	0.02769	0.00424
17	0.00683	0.00520	0.00735	0.12690	0.01140	0.00528	0.00604	0.00823	0.01021	0.01367	0.11496	0.57581	0.03058	0.04432	0.00692	0.00205	0.00351	0.01201	0.00437	0.00437
18	0.01171	0.01099	0.01847	0.02735	0.67372	0.01093	0.01391	0.01463	0.01193	0.01708	0.12584	0.01629	0.01394	0.00538	0.00515	0.00152	0.00547	0.00520	0.00296	0.00753
19	0.15997	0.00777	0.00839	0.00800	0.00993	0.00817	0.00617	0.14719	0.05263	0.04142	0.02315	0.30142	0.10651	0.01993	0.00572	0.00186	0.00381	0.07788	0.00453	0.00554
20	0.00648	0.00493	0.00569	0.00594	0.00691	0.00445	0.00415	0.00763	0.01076	0.01383	0.14888	0.23584	0.34060	0.15337	0.00954	0.00234	0.00308	0.02693	0.00454	0.00410
21	0.00900	0.00604	0.00691	0.00653	0.00733	0.00618	0.00426	0.01153	0.12428	0.05808	0.10864	0.03060	0.02109	0.55677	0.01912	0.00384	0.00443	0.00719	0.00386	0.00433
22	0.01583	0.00699	0.00923	0.00781	0.01037	0.00616	0.00607	0.01743	0.01283	0.46241	0.09417	0.15549	0.08751	0.07494	0.00714	0.00193	0.00380	0.00766	0.00554	0.00668
23	0.51347	0.00889	0.00861	0.00730	0.01043	0.00942	0.00596	0.01708	0.01099	0.24719	0.10367	0.01435	0.01255	0.00582	0.00404	0.00157	0.00384	0.00418	0.00433	0.00630
24	0.01177	0.00962	0.01044	0.00956	0.01188	0.01086	0.00740	0.07760	0.51800	0.01954	0.01999	0.02503	0.01699	0.12948	0.00843	0.00225	0.00433	0.09514	0.00477	0.00691
25	0.01690	0.00715	0.00970	0.00829	0.01095	0.00628	0.00647	0.01852	0.01291	0.51982	0.04203	0.27917	0.02023	0.00949	0.00555	0.00172	0.00381	0.00822	0.00573	0.00704
26	0.26323	0.01020	0.01006	0.00894	0.01184	0.01159	0.00706	0.06686	0.42116	0.04769	0.03918	0.03967	0.02886	0.00663	0.00462	0.00166	0.00397	0.00519	0.00457	0.00703
27	0.03301	0.00568	0.00764	0.00756	0.00869	0.00601	0.00572	0.01041	0.02937	0.06594	0.11506	0.13524	0.03814	0.08336	0.38218	0.00500	0.00819	0.03232	0.01571	0.00478
28	0.02726	0.00562	0.00693	0.00670	0.00828	0.00514	0.00525	0.01036	0.01296	0.08038	0.38156	0.05553	0.24113	0.01119	0.00599	0.00174	0.00297	0.12088	0.00518	0.00493
29	0.52257	0.01014	0.00967	0.00798	0.01145	0.01101	0.00659	0.13073	0.01235	0.21813	0.01105	0.01106	0.00771	0.00529	0.00391	0.00156	0.00426	0.00360	0.00420	0.00673
30	0.00781	0.00568	0.00810	0.00838	0.00936	0.00624	0.00668	0.03143	0.00955	0.01317	0.01779	0.07597	0.01816	0.04675	0.47823	0.03143	0.00984	0.20748	0.00341	0.00454
31	0.01438	0.01767	0.05117	0.01780	0.05477	0.30247	0.37053	0.01731	0.01241	0.01448	0.00898	0.01162	0.00713	0.00501	0.00621	0.00159	0.07279	0.00470	0.00253	0.00644
32	0.00940	0.00552	0.00662	0.00616	0.00719	0.00516	0.00416	0.01030	0.01025	0.12944	0.15791	0.04985	0.12611	0.43192	0.01612	0.00333	0.00401	0.00792	0.00424	0.00438
33	0.00897	0.00541	0.00634	0.00605	0.00686	0.00512	0.00395	0.00958	0.00929	0.10430	0.05606	0.04701	0.13463	0.53157	0.01859	0.00376	0.00433	0.03027	0.00387	0.00404
34	0.01049	0.00899	0.01049	0.00749	0.01198	0.00674	0.00599	0.01273	0.01049	0.01648	0.00899	0.01049	0.00749	0.00374	0.00374	0.00075	0.00374	0.00300	0.00300	0.85320
35	0.00709	0.00536	0.00755	0.00776	0.00878	0.00583	0.00607	0.00882	0.00914	0.01250	0.02158	0.07477	0.13175	0.03005	0.54275	0.00613	0.01023	0.09603	0.00335	0.00447

[dist]
# distance from previous block
# <min> <max>
0	4

[block]
# block no. 1 follows, 49 sequences, length 76
# corresponding to MSA columns:
# 318-393
name=unknown_B
#
# <colnr> <probs for GDERKNQSTAVLIFYWHMCP>
#	G	D	E	R	K	N	Q	S	T	A	V	L	I	F	Y	W	H	M	C	P
0	0.00790	0.00575	0.00771	0.00866	0.00985	0.00565	0.00735	0.02314	0.01165	0.01504	0.02932	0.13135	0.11288	0.01389	0.00679	0.00222	0.00427	0.58726	0.00467	0.00463
1	0.76595	0.00965	0.00791	0.00691	0.01012	0.01091	0.00569	0.01594	0.00925	0.10771	0.00846	0.00921	0.00625	0.00487	0.00334	0.00156	0.00395	0.00300	0.00347	0.00582
2	0.01243	0.56683	0.27543	0.01052	0.01586	0.01734	0.01190	0.01542	0.01040	0.01323	0.00769	0.00894	0.00646	0.00448	0.00375	0.00125	0.00608	0.00304	0.00215	0.00681
3	0.11107	0.02119	0.01348	0.01209	0.01487	0.62205	0.00920	0.07128	0.05248	0.01528	0.00866	0.00971	0.00698	0.00529	0.00447	0.00137	0.00805	0.00341	0.00296	0.00611
4	0.00716	0.00534	0.00680	0.00764	0.00838	0.00529	0.00550	0.00977	0.09521	0.01440	0.05613	0.59072	0.04310	0.01435	0.00635	0.00203	0.00325	0.10920	0.00477	0.00464
5	0.00697	0.00512	0.00664	0.00715	0.00816	0.00479	0.00551	0.00876	0.01191	0.01590	0.26683	0.26124	0.14772	0.01319	0.00637	0.00193	0.00317	0.20920	0.00495	0.00448
6	0.01174	0.01327	0.05368	0.07032	0.16180	0.01278	0.48977	0.01548	0.01130	0.01566	0.00964	0.01307	0.00753	0.00482	0.00673	0.00171	0.08598	0.00539	0.00248	0.00686
7	0.01173	0.01302	0.02640	0.01939	0.02328	0.01343	0.58999	0.01523	0.01093	0.01523	0.00937	0.01302	0.00742	0.00536	0.00851	0.00183	0.20126	0.00560	0.00247	0.00651
8	0.01826	0.01359	0.01466	0.01118	0.01527	0.01470	0.00921	0.69000	0.02231	0.03017	0.01179	0.01196	0.00848	0.00581	0.00491	0.00143	0.00536	0.00438	0.00483	0.10167
9	0.00683	0.00514	0.00632	0.00605	0.00736	0.00463	0.00453	0.00890	0.01350	0.01842	0.58224	0.05435	0.24102	0.01108	0.00598	0.00163	0.00244	0.00964	0.00532	0.00463
10	0.01762	0.01251	0.01369	0.01087	0.01442	0.01366	0.00882	0.59306	0.06752	0.08107	0.01492	0.10181	0.01202	0.00721	0.00522	0.00159	0.00509	0.00574	0.00511	0.00807
11	0.00616	0.00440	0.00587	0.00704	0.00733	0.00411	0.00469	0.00704	0.00968	0.01291	0.02787	0.81899	0.03344	0.01584	0.00645	0.00205	0.00293	0.01438	0.00469	0.00411
12	0.00627	0.00448	0.00598	0.00706	0.00742	0.00419	0.00478	0.00728	0.01001	0.01341	0.07440	0.75247	0.03421	0.01546	0.00644	0.00203	0.00294	0.03225	0.00475	0.00416
13	0.01124	0.01171	0.03189	0.23503	0.16390	0.03257	0.17932	0.01429	0.02251	0.01427	0.00919	0.02441	0.00767	0.00593	0.00819	0.00179	0.21240	0.00492	0.00244	0.00635
14	0.00753	0.00556	0.00708	0.00663	0.00794	0.00530	0.00499	0.01072	0.06659	0.02034	0.73579	0.03648	0.04551	0.01010	0.00591	0.00160	0.00250	0.00891	0.00554	0.00499
15	0.01241	0.01206	0.02104	0.04843	0.72116	0.01205	0.06705	0.01551	0.01151	0.01641	0.00955	0.01261	0.00796	0.00450	0.00507	0.00152	0.00620	0.00460	0.00250	0.00787
16	0.01352	0.82533	0.02650	0.00865	0.01298	0.02001	0.00865	0.01514	0.01027	0.01190	0.00703	0.00811	0.00649	0.00433	0.00324	0.00108	0.00541	0.00270	0.00216	0.00649
17	0.01049	0.00899	0.01049	0.00749	0.01198	0.00674	0.00599	0.01273	0.01049	0.01648	0.00899	0.01049	0.00749	0.00374	0.00374	0.00075	0.00374	0.00300	0.00300	0.85320
18	0.00653	0.00460	0.00598	0.00681	0.00710	0.00446	0.00450	0.00730	0.00909	0.01218	0.02423	0.57844	0.02862	0.19606	0.06495	0.00310	0.00412	0.02382	0.00420	0.00391
19	0.00740	0.00496	0.00568	0.00575	0.00582	0.00496	0.00338	0.00754	0.00762	0.01013	0.01660	0.03456	0.01904	0.77279	0.02459	0.00474	0.00489	0.05324	0.00316	0.00316
20	0.01245	0.01219	0.02155	0.02997	0.70652	0.01210	0.09892	0.01559	0.01156	0.01648	0.00959	0.01264	0.00797	0.00448	0.00511	0.00152	0.00628	0.00467	0.00251	0.00788
21	0.00955	0.00899	0.01517	0.81013	0.03483	0.01123	0.01404	0.01292	0.01011	0.01292	0.00899	0.01348	0.00674	0.00506	0.00506	0.00169	0.00674	0.00449	0.00225	0.00562
22	0.01094	0.00804	0.00988	0.00973	0.01169	0.00845	0.00829	0.19407	0.05326	0.01952	0.04127	0.04369	0.04502	0.01160	0.00638	0.00207	0.00473	0.50080	0.00480	0.00576
23	0.85801	0.00978	0.00743	0.00665	0.00978	0.01134	0.00548	0.01486	0.00861	0.02269	0.00704	0.00821	0.00548	0.00469	0.00313	0.00156	0.00391	0.00274	0.00313	0.00548
24	0.02269	0.00861	0.01174	0.00900	0.01291	0.00743	0.00743	0.02464	0.01447	0.79425	0.01995	0.01721	0.01252	0.00626	0.00509	0.00156	0.00430	0.00509	0.00626	0.00861
25	0.01922	0.01416	0.01518	0.01163	0.01568	0.01568	0.00961	0.77388	0.02378	0.03187	0.01214	0.01214	0.00860	0.00607	0.00506	0.00152	0.00556	0.00455	0.00506	0.00860
26	0.00955	0.00899	0.01517	0.81013	0.03483	0.01123	0.01404	0.01292	0.01011	0.01292	0.00899	0.01348	0.00674	0.00506	0.00506	0.00169	0.00674	0.00449	0.00225	0.00562
27	0.00615	0.00443	0.00583	0.00695	0.00731	0.00411	0.00466	0.00705	0.00976	0.01294	0.02892	0.78436	0.06739	0.01571	0.00643	0.00204	0.00292	0.01421	0.00469	0.00411
28	0.03298	0.00913	0.01127	0.02299	0.01284	0.00880	0.00740	0.10586	0.11935	0.48086	0.03254	0.02040	0.09826	0.00705	0.00517	0.00160	0.00422	0.00573	0.00567	0.00789
29	0.00898	0.00814	0.01361	0.57400	0.02774	0.00977	0.03734	0.01192	0.01001	0.01303	0.01232	0.08942	0.01120	0.01017	0.09318	0.00247	0.00708	0.05160	0.00268	0.00534
30	0.00705	0.00488	0.00555	0.00570	0.00599	0.00475	0.00345	0.00740	0.00825	0.01086	0.02194	0.13237	0.11970	0.58807	0.03750	0.00415	0.00451	0.00858	0.01588	0.00341
31	0.02151	0.00896	0.01177	0.00919	0.01299	0.00816	0.00754	0.03966	0.09919	0.69402	0.01987	0.01729	0.01276	0.00632	0.00509	0.00158	0.00429	0.00514	0.00611	0.00854
32	0.00787	0.00651	0.00759	0.00796	0.04929	0.00635	0.00555	0.01192	0.15853	0.01667	0.20938	0.12350	0.34774	0.01101	0.00582	0.00171	0.00302	0.00946	0.00487	0.00527
33	0.01356	0.71498	0.02455	0.00891	0.01307	0.01908	0.00861	0.03570	0.09562	0.01342	0.00865	0.00940	0.00753	0.00465	0.00350	0.00116	0.00526	0.00308	0.00257	0.00671
34	0.01352	0.82533	0.02650	0.00865	0.01298	0.02001	0.00865	0.01514	0.01027	0.01190	0.00703	0.00811	0.00649	0.00433	0.00324	0.00108	0.00541	0.00270	0.00216	0.00649
35	0.17858	0.07018	0.49923	0.01354	0.05025	0.01217	0.06279	0.01588	0.01042	0.03075	0.00883	0.01041	0.00648	0.00473	0.00446	0.00156	0.00659	0.00367	0.00245	0.00702
36	0.01027	0.00954	0.01579	0.68885	0.12164	0.01150	0.01404	0.04281	0.01080	0.01407	0.00917	0.01332	0.00696	0.00503	0.00505	0.00166	0.00661	0.00450	0.00239	0.00601
37	0.00981	0.00925	0.01557	0.70935	0.11761	0.01119	0.01402	0.01310	0.01029	0.01333	0.00983	0.01403	0.02138	0.00514	0.00507	0.00167	0.00658	0.00461	0.00232	0.00586
38	0.00900	0.00744	0.01211	0.01354	0.12605	0.00731	0.09306	0.01151	0.01153	0.01535	0.03808	0.11593	0.02444	0.01161	0.00651	0.00210	0.00507	0.47987	0.00413	0.00534
39	0.01324	0.01128	0.01906	0.12919	0.59131	0.01142	0.03021	0.01620	0.01167	0.10175	0.01061	0.01318	0.00834	0.00476	0.00504	0.00154	0.00597	0.00460	0.00288	0.00774
40	0.00814	0.00552	0.00629	0.00588	0.00769	0.00475	0.00449	0.00979	0.01260	0.10146	0.24608	0.04227	0.50375	0.01142	0.00587	0.00166	0.00271	0.00965	0.00510	0.00488
41	0.00702	0.00510	0.00661	0.00637	0.00750	0.00469	0.00472	0.00923	0.01380	0.01936	0.69110	0.10520	0.07848	0.01092	0.00601	0.00164	0.00244	0.00966	0.00545	0.00469
42	0.01140	0.11940	0.56594	0.01547	0.10513	0.06659	0.01654	0.01614	0.01097	0.01533	0.00879	0.01047	0.00660	0.00474	0.00462	0.00151	0.00718	0.00367	0.00221	0.00731
43	0.00930	0.00587	0.00794	0.00846	0.02564	0.00563	0.00660	0.01107	0.01118	0.11491	0.03759	0.19149	0.13191	0.03150	0.09445	0.00275	0.00497	0.28913	0.00460	0.00503
44	0.85801	0.00978	0.00743	0.00665	0.00978	0.01134	0.00548	0.01486	0.00861	0.02269	0.00704	0.00821	0.00548	0.00469	0.00313	0.00156	0.00391	0.00274	0.00313	0.00548
45	0.76595	0.00965	0.00791	0.00691	0.01012	0.01091	0.00569	0.01594	0.00925	0.10771	0.00846	0.00921	0.00625	0.00487	0.00334	0.00156	0.00395	0.00300	0.00347	0.00582
46	0.03306	0.04051	0.01077	0.00817	0.01140	0.00746	0.00668	0.02001	0.04372	0.51764	0.13686	0.02327	0.10303	0.00750	0.00521	0.00157	0.00385	0.00619	0.00572	0.00739
47	0.10496	0.01351	0.08195	0.03549	0.09684	0.01224	0.47350	0.01643	0.06378	0.01713	0.01079	0.03074	0.00844	0.00482	0.00541	0.00167	0.00723	0.00544	0.00280	0.00683
48	0.06879	0.08212	0.45007	0.01248	0.03000	0.01132	0.03286	0.01525	0.01055	0.07652	0.01168	0.10016	0.00997	0.00679	0.01788	0.00174	0.04714	0.00500	0.00284	0.00683
49	0.00616	0.00442	0.00585	0.00698	0.00732	0.00411	0.00467	0.00705	0.00974	0.01293	0.02858	0.79575	0.05623	0.01575	0.00644	0.00204	0.00292	0.01426	0.00469	0.00411
50	0.00746	0.00489	0.00637	0.00688	0.00771	0.00447	0.00482	0.00873	0.01104	0.06760	0.17341	0.55132	0.09840	0.01389	0.00623	0.00190	0.00289	0.01244	0.00497	0.00455
51	0.01667	0.04194	0.10081	0.01323	0.03482	0.54327	0.01079	0.06464	0.01372	0.01407	0.00917	0.02073	0.02071	0.00573	0.00557	0.00143	0.07003	0.00377	0.00272	0.00620
52	0.00804	0.00575	0.00799	0.00898	0.01015	0.00570	0.00777	0.01037	0.01194	0.01571	0.11284	0.05486	0.03121	0.01356	0.00687	0.00224	0.00440	0.67219	0.00476	0.00467
53	0.00616	0.00440	0.00587	0.00704	0.00733	0.00411	0.00469	0.00704	0.00968	0.01291	0.02787	0.81899	0.03344	0.01584	0.00645	0.00205	0.00293	0.01438	0.00469	0.00411
54	0.15943	0.03973	0.47223	0.03405	0.03536	0.02330	0.01418	0.07060	0.01160	0.05249	0.03596	0.01160	0.00813	0.00512	0.00455	0.00157	0.00632	0.00387	0.00284	0.00708
55	0.16884	0.04575	0.01256	0.00982	0.01321	0.07576	0.00798	0.26101	0.15329	0.13817	0.05387	0.01432	0.01163	0.00607	0.00466	0.00154	0.00491	0.00457	0.00461	0.00742
56	0.02269	0.00861	0.01174	0.00900	0.01291	0.00743	0.00743	0.02464	0.01447	0.79425	0.01995	0.01721	0.01252	0.00626	0.00509	0.00156	0.00430	0.00509	0.00626	0.00861
57	0.01334	0.01158	0.01818	0.09174	0.51923	0.01200	0.02462	0.06893	0.10730	0.06545	0.01166	0.01366	0.00913	0.00505	0.00505	0.00155	0.00572	0.00471	0.00321	0.00787
58	0.01344	0.80550	0.04559	0.00880	0.01320	0.01980	0.00890	0.01516	0.01028	0.01200	0.00708	0.00818	0.00649	0.00434	0.00328	0.00109	0.00546	0.00273	0.00216	0.00651
59	0.01333	0.77945	0.07068	0.00898	0.01349	0.01953	0.00923	0.01519	0.01030	0.01213	0.00715	0.00826	0.00648	0.00435	0.00333	0.00111	0.00553	0.00276	0.00216	0.00655
60	0.01205	0.11672	0.01859	0.33331	0.31078	0.05259	0.01346	0.04537	0.01139	0.01486	0.00896	0.01212	0.00724	0.00486	0.00494	0.00152	0.01784	0.00421	0.00246	0.00675
61	0.01258	0.01086	0.01143	0.01029	0.01315	0.01258	0.00800	0.02687	0.78161	0.02115	0.02058	0.01887	0.01544	0.00686	0.00515	0.00172	0.00400	0.00572	0.00515	0.00800
62	0.00953	0.00891	0.01507	0.76991	0.03373	0.01103	0.02615	0.01286	0.01014	0.01308	0.00944	0.02616	0.00729	0.00523	0.00506	0.00168	0.00663	0.00468	0.01781	0.00560
63	0.01108	0.01052	0.01736	0.12767	0.56722	0.01067	0.01346	0.01386	0.01133	0.01560	0.01613	0.01844	0.13307	0.00591	0.00517	0.00156	0.00555	0.00549	0.00282	0.00710
64	0.01334	0.02084	0.54069	0.01369	0.02010	0.01079	0.08012	0.01812	0.01170	0.20471	0.01181	0.01251	0.00800	0.00511	0.00497	0.00160	0.00679	0.00425	0.00317	0.00769
65	0.02189	0.00861	0.01158	0.00894	0.01275	0.00754	0.00736	0.03624	0.02672	0.74160	0.03463	0.01809	0.02676	0.00646	0.00512	0.00157	0.00425	0.00526	0.00618	0.00845
66	0.00629	0.00450	0.00598	0.00695	0.00736	0.00419	0.00470	0.00736	0.01028	0.01386	0.12621	0.71793	0.03529	0.01513	0.00639	0.00199	0.00286	0.01370	0.00481	0.00419
67	0.01303	0.01304	0.01985	0.02782	0.64439	0.07908	0.04725	0.01664	0.05893	0.01644	0.01008	0.01266	0.00832	0.00470	0.00502	0.00151	0.00626	0.00454	0.00268	0.00778
68	0.02215	0.00873	0.01172	0.00907	0.01292	0.00770	0.00746	0.02476	0.05508	0.75332	0.01998	0.01730	0.01267	0.00629	0.00509	0.00157	0.00429	0.00512	0.00620	0.00857
69	0.00638	0.00458	0.00610	0.00724	0.00767	0.00430	0.00505	0.00743	0.00994	0.01317	0.02834	0.71569	0.05192	0.01556	0.00650	0.00208	0.00311	0.09609	0.00469	0.00417
70	0.01467	0.10072	0.01256	0.00905	0.01171	0.09667	0.02268	0.10716	0.01401	0.21374	0.18569	0.04720	0.02916	0.07427	0.02268	0.00192	0.01911	0.00602	0.00456	0.00640
71	0.03480	0.00900	0.02685	0.00938	0.01310	0.00791	0.02265	0.02324	0.06633	0.64098	0.02911	0.01966	0.01383	0.00673	0.00519	0.00163	0.00442	0.05116	0.00587	0.00817
72	0.00612	0.00457	0.00570	0.00660	0.00722	0.00414	0.00450	0.00709	0.01011	0.01308	0.03325	0.64165	0.20731	0.01514	0.00634	0.00197	0.00285	0.01352	0.00469	0.00414
73	0.01970	0.01279	0.01426	0.01098	0.01492	0.01370	0.00905	0.59924	0.02152	0.19359	0.01412	0.02936	0.00993	0.00631	0.00509	0.00154	0.00524	0.00486	0.00531	0.00851
74	0.01208	0.01218	0.02002	0.04037	0.25897	0.04286	0.18993	0.01463	0.01038	0.02886	0.00893	0.01243	0.00758	0.00680	0.02929	0.00194	0.27537	0.00478	0.00250	0.02009
75	0.01651	0.01197	0.01291	0.01021	0.01359	0.01312	0.00835	0.59083	0.02053	0.02796	0.01537	0.01584	0.06247	0.00846	0.05377	0.00190	0.00550	0.00504	0.09804	0.00763

[dist]
# distance from previous block
# <min> <max>
0	2

[block]
# block no. 2 follows, 49 sequences, length 23
# corresponding to MSA columns:
# 396-417,421
name=unknown_C
#
# <colnr> <probs for GDERKNQSTAVLIFYWHMCP>
#	G	D	E	R	K	N	Q	S	T	A	V	L	I	F	Y	W	H	M	C	P
0	0.03135	0.68417	0.10635	0.00911	0.01359	0.01822	0.00946	0.01496	0.01047	0.01297	0.04435	0.00979	0.00842	0.00467	0.00354	0.00117	0.00545	0.00312	0.00234	0.00649
1	0.01166	0.01850	0.44703	0.01386	0.05679	0.01013	0.08361	0.01599	0.01139	0.11776	0.04310	0.07561	0.01120	0.00594	0.00507	0.00159	0.00631	0.00515	0.00312	0.05618
2	0.01976	0.00796	0.01080	0.00850	0.01190	0.00693	0.00693	0.02180	0.01444	0.64856	0.16454	0.02108	0.01914	0.00703	0.00525	0.00157	0.00394	0.00585	0.00613	0.00788
3	0.01454	0.00677	0.00896	0.00760	0.01008	0.00596	0.00598	0.01648	0.01370	0.39700	0.27455	0.10262	0.09600	0.00909	0.00558	0.00163	0.00339	0.00779	0.00574	0.00654
4	0.28414	0.04608	0.18077	0.03027	0.12614	0.04240	0.01045	0.01596	0.01074	0.10934	0.03932	0.01391	0.00966	0.03366	0.00509	0.00167	0.00536	0.02522	0.00325	0.00657
5	0.01494	0.00765	0.00956	0.00791	0.01037	0.00725	0.00614	0.11171	0.01410	0.33209	0.19439	0.02560	0.05755	0.15306	0.02286	0.00228	0.00421	0.00661	0.00525	0.00647
6	0.00624	0.00450	0.00592	0.00703	0.00744	0.00419	0.00479	0.00720	0.00987	0.01305	0.02918	0.74148	0.07698	0.01559	0.00645	0.00205	0.00299	0.04622	0.00469	0.00414
7	0.06385	0.13983	0.01703	0.01221	0.01337	0.01545	0.04585	0.01298	0.00849	0.01320	0.00724	0.01081	0.00681	0.00756	0.01270	0.00193	0.56920	0.00413	0.03164	0.00571
8	0.01342	0.01307	0.03055	0.11826	0.09572	0.06700	0.29392	0.08900	0.05718	0.06301	0.01078	0.01325	0.00820	0.00542	0.00666	0.00169	0.09784	0.00505	0.00308	0.00692
9	0.03642	0.00971	0.01202	0.07163	0.02730	0.05237	0.00812	0.04390	0.05963	0.56044	0.03341	0.01735	0.03151	0.00632	0.00506	0.00157	0.00472	0.00512	0.00547	0.00793
10	0.73662	0.02741	0.06924	0.00759	0.01105	0.04870	0.00676	0.01521	0.00907	0.02148	0.00723	0.00845	0.00562	0.00472	0.00333	0.00155	0.00446	0.00284	0.00301	0.00567
11	0.18453	0.00833	0.01017	0.00821	0.01156	0.00781	0.00668	0.02056	0.01308	0.53771	0.08522	0.05534	0.01522	0.00676	0.00484	0.00159	0.00399	0.00542	0.00551	0.00744
12	0.12376	0.00722	0.00835	0.00765	0.00965	0.03395	0.05067	0.01123	0.02399	0.07394	0.06997	0.14195	0.30533	0.01291	0.07647	0.00229	0.00455	0.02678	0.00428	0.00506
13	0.03285	0.01104	0.01271	0.01062	0.04430	0.01133	0.00822	0.38461	0.03916	0.16505	0.02744	0.07584	0.04839	0.00690	0.00504	0.00150	0.00469	0.00557	0.00488	0.09987
14	0.00771	0.00532	0.00630	0.00608	0.00762	0.00467	0.00455	0.00939	0.01252	0.07640	0.30593	0.13266	0.37871	0.01178	0.00596	0.00170	0.00268	0.01013	0.00512	0.00476
15	0.00649	0.00507	0.00590	0.00599	0.00731	0.00448	0.00447	0.00813	0.01219	0.01579	0.28763	0.15088	0.40719	0.01247	0.00609	0.00175	0.00265	0.04612	0.00498	0.00443
16	0.01377	0.01284	0.07633	0.20269	0.23755	0.06927	0.01264	0.12028	0.01319	0.09983	0.01219	0.01482	0.03073	0.00574	0.00552	0.00160	0.03829	0.02234	0.00328	0.00712
17	0.03807	0.01395	0.01486	0.01283	0.07521	0.06128	0.00972	0.57102	0.06525	0.05570	0.01239	0.01257	0.00896	0.00592	0.00496	0.00151	0.00559	0.00452	0.01747	0.00822
18	0.01223	0.00859	0.00981	0.00903	0.01142	0.00917	0.00704	0.02040	0.40991	0.13999	0.04556	0.13805	0.08088	0.00916	0.00555	0.00178	0.00379	0.06554	0.00519	0.00690
19	0.01300	0.00956	0.01167	0.02619	0.01333	0.00806	0.02550	0.08084	0.03890	0.12428	0.01119	0.01198	0.00854	0.00444	0.00417	0.00100	0.00417	0.00362	0.00367	0.59588
20	0.05400	0.28242	0.18099	0.01092	0.01511	0.21671	0.01060	0.04585	0.05760	0.01480	0.01091	0.03045	0.03883	0.00550	0.00427	0.00137	0.00647	0.00391	0.00276	0.00651
21	0.01843	0.01368	0.01470	0.01135	0.01529	0.01506	0.00934	0.70440	0.05491	0.03073	0.02992	0.01296	0.00974	0.00614	0.00505	0.00151	0.00538	0.00466	0.00502	0.03174
22	0.04338	0.00878	0.00990	0.00860	0.01105	0.00902	0.00657	0.17284	0.15591	0.07406	0.06770	0.19650	0.01882	0.08128	0.00706	0.00189	0.00405	0.00728	0.00461	0.11068

[dist]
# distance from previous block
# <min> <max>
0	2

[block]
# block no. 3 follows, 49 sequences, length 19
# corresponding to MSA columns:
# 424-442
name=unknown_D
#
# <colnr> <probs for GDERKNQSTAVLIFYWHMCP>
#	G	D	E	R	K	N	Q	S	T	A	V	L	I	F	Y	W	H	M	C	P
0	0.01172	0.10048	0.52761	0.01251	0.01850	0.01174	0.01482	0.01720	0.07629	0.09505	0.01206	0.05925	0.00939	0.00573	0.00481	0.00158	0.00639	0.00456	0.00296	0.00734
1	0.01221	0.43502	0.07170	0.00941	0.01270	0.09513	0.00878	0.02397	0.01025	0.01251	0.00914	0.01203	0.00832	0.03713	0.17802	0.00283	0.03567	0.00368	0.01558	0.00592
2	0.01737	0.03568	0.01261	0.01084	0.05848	0.09232	0.02063	0.09752	0.04294	0.36647	0.01873	0.09919	0.04544	0.00737	0.00518	0.00158	0.00492	0.02865	0.00494	0.02912
3	0.01062	0.18105	0.55443	0.01310	0.04220	0.01279	0.01544	0.01528	0.01093	0.01558	0.07470	0.01252	0.00997	0.00517	0.00460	0.00150	0.00659	0.00402	0.00244	0.00707
4	0.00803	0.00583	0.00654	0.00623	0.00800	0.00531	0.00471	0.01068	0.07749	0.07319	0.20456	0.08775	0.46006	0.01147	0.00587	0.00169	0.00280	0.00973	0.00504	0.00500
5	0.10431	0.01650	0.29121	0.02998	0.05309	0.04416	0.14761	0.07444	0.02464	0.01769	0.03193	0.09560	0.01143	0.00638	0.00512	0.00166	0.00637	0.02816	0.00306	0.00666
6	0.03679	0.01447	0.12096	0.05531	0.17912	0.08221	0.05643	0.11853	0.16996	0.05936	0.01347	0.01533	0.01986	0.00581	0.00506	0.00160	0.00597	0.02869	0.00364	0.00744
7	0.00774	0.00582	0.00816	0.00806	0.00875	0.00681	0.00615	0.00928	0.00846	0.01248	0.01497	0.11699	0.01494	0.08337	0.48770	0.00584	0.09917	0.00646	0.08436	0.00450
8	0.01201	0.01031	0.01678	0.07206	0.55301	0.01029	0.01275	0.01474	0.01153	0.06188	0.01493	0.01706	0.08805	0.00560	0.00499	0.00151	0.00529	0.00518	0.07478	0.00724
9	0.01610	0.01182	0.01272	0.01044	0.01365	0.02778	0.00833	0.42344	0.19441	0.08076	0.03999	0.08697	0.01407	0.02852	0.00576	0.00170	0.00484	0.00592	0.00505	0.00775
10	0.09794	0.03706	0.01444	0.02846	0.04912	0.23947	0.00941	0.35452	0.01768	0.08845	0.01077	0.01127	0.00792	0.00558	0.00469	0.00146	0.00636	0.00400	0.00403	0.00738
11	0.00617	0.00459	0.00576	0.00667	0.00730	0.00418	0.00459	0.00717	0.01013	0.01312	0.03295	0.63287	0.19853	0.01513	0.00636	0.00198	0.00289	0.03075	0.00469	0.00416
12	0.00697	0.00550	0.00856	0.00875	0.00963	0.00518	0.08319	0.00836	0.01013	0.01349	0.02595	0.65109	0.03033	0.01445	0.00646	0.00205	0.00370	0.09726	0.00447	0.00445
13	0.03930	0.09587	0.10546	0.02132	0.40770	0.01247	0.05458	0.06636	0.04545	0.01772	0.07580	0.01418	0.01130	0.00521	0.00489	0.00150	0.00576	0.00471	0.00300	0.00741
14	0.01197	0.01008	0.01666	0.43358	0.30250	0.01117	0.01378	0.01534	0.02978	0.09096	0.01053	0.01363	0.00797	0.00502	0.00504	0.00161	0.00617	0.00459	0.00280	0.00682
15	0.00709	0.00489	0.00593	0.00635	0.00662	0.00482	0.00411	0.00764	0.00852	0.01130	0.02102	0.23426	0.04569	0.49016	0.04046	0.00392	0.00456	0.08542	0.00368	0.00357
16	0.08359	0.14631	0.07056	0.17075	0.03765	0.05980	0.26889	0.01512	0.01089	0.01503	0.02472	0.01212	0.00773	0.00494	0.00551	0.00158	0.05147	0.00452	0.00250	0.00631
17	0.01218	0.37700	0.15917	0.09463	0.04241	0.03172	0.17496	0.01533	0.01086	0.01391	0.01968	0.01087	0.00740	0.00458	0.00440	0.00139	0.00662	0.00392	0.00232	0.00665
18	0.00758	0.00553	0.00766	0.00894	0.06926	0.00512	0.00570	0.00835	0.00946	0.01295	0.02136	0.50746	0.02465	0.03873	0.00859	0.12404	0.00359	0.03657	0.00394	0.09052

[dist]
# distance from previous block
# <min> <max>
0	22

# created by:
# /st0/software/busco_prod/Augustus/scripts/msa2prfl.pl ./align_prep/200083.fa
