[name]
unknown

[dist]
# distance from previous block
# <min> <max>
4	163

[block]
# block no. 0 follows, 41 sequences, length 8
# corresponding to MSA columns:
# 170-177
name=unknown_A
#
# <colnr> <probs for GDERKNQSTAVLIFYWHMCP>
#	G	D	E	R	K	N	Q	S	T	A	V	L	I	F	Y	W	H	M	C	P
0	0.01507	0.01021	0.01196	0.00936	0.01322	0.00920	0.00732	0.14230	0.03562	0.14251	0.01591	0.08469	0.01379	0.09484	0.00782	0.00183	0.00477	0.00583	0.00464	0.36912
1	0.01663	0.01286	0.01700	0.07114	0.23513	0.07982	0.04159	0.10011	0.05948	0.16664	0.01695	0.12688	0.01448	0.00778	0.00593	0.00182	0.00622	0.00685	0.00451	0.00818
2	0.04307	0.01085	0.01330	0.01075	0.01429	0.01103	0.00870	0.13435	0.09832	0.33496	0.05472	0.06483	0.01586	0.00797	0.00690	0.00180	0.07689	0.00624	0.00574	0.07943
3	0.01016	0.00754	0.01011	0.03016	0.01154	0.00761	0.05035	0.12013	0.01351	0.01837	0.07039	0.42192	0.02836	0.10116	0.00963	0.02470	0.00448	0.01166	0.04268	0.00553
4	0.01397	0.01107	0.01287	0.00993	0.01391	0.01054	0.00804	0.18031	0.01520	0.04822	0.01667	0.01779	0.09277	0.00796	0.03330	0.00164	0.07713	0.00508	0.00417	0.41940
5	0.10792	0.01246	0.01418	0.03735	0.08401	0.01311	0.00948	0.31945	0.05206	0.02703	0.06005	0.01622	0.01270	0.02604	0.00579	0.00168	0.00532	0.00511	0.05073	0.13931
6	0.01002	0.00784	0.00981	0.00969	0.04816	0.00774	0.00665	0.04643	0.01161	0.01658	0.04488	0.23431	0.05842	0.16871	0.01173	0.00254	0.07643	0.00898	0.05632	0.16315
7	0.01270	0.01041	0.01303	0.01074	0.01376	0.02614	0.07480	0.18334	0.04172	0.02118	0.05780	0.17931	0.06605	0.07867	0.02590	0.00222	0.00538	0.00824	0.00462	0.16398

[dist]
# distance from previous block
# <min> <max>
25	50

[block]
# block no. 1 follows, 41 sequences, length 17
# corresponding to MSA columns:
# 259-275
name=unknown_B
#
# <colnr> <probs for GDERKNQSTAVLIFYWHMCP>
#	G	D	E	R	K	N	Q	S	T	A	V	L	I	F	Y	W	H	M	C	P
0	0.04622	0.05171	0.05638	0.03295	0.03705	0.07850	0.00907	0.14519	0.01396	0.01906	0.03780	0.03428	0.05743	0.09166	0.10689	0.04666	0.05741	0.00594	0.04801	0.02384
1	0.01310	0.01124	0.02913	0.01043	0.01247	0.06681	0.02458	0.19849	0.01494	0.01968	0.05071	0.14691	0.05538	0.19449	0.01307	0.02561	0.07450	0.00807	0.00436	0.02603
2	0.15421	0.09585	0.01690	0.03617	0.01642	0.01338	0.10786	0.14159	0.06789	0.07440	0.01304	0.01594	0.01053	0.07702	0.03694	0.00227	0.01662	0.00507	0.00404	0.09386
3	0.08587	0.01021	0.04229	0.01096	0.04621	0.04389	0.02803	0.05718	0.07597	0.12358	0.03898	0.29467	0.02227	0.05886	0.00749	0.00218	0.00487	0.00937	0.03048	0.00666
4	0.01595	0.09319	0.04915	0.05193	0.20516	0.14203	0.09580	0.11465	0.01525	0.05286	0.01527	0.01699	0.07494	0.00670	0.00598	0.02012	0.00721	0.00546	0.00358	0.00779
5	0.01376	0.01348	0.01945	0.06701	0.50306	0.07965	0.01469	0.01777	0.06698	0.01826	0.05062	0.01755	0.03543	0.00808	0.04787	0.00213	0.00712	0.00561	0.00331	0.00817
6	0.01470	0.01145	0.01214	0.01062	0.01329	0.04613	0.00813	0.22778	0.18837	0.05267	0.02146	0.18474	0.04231	0.08922	0.00863	0.00227	0.01942	0.00825	0.00521	0.03321
7	0.09801	0.01499	0.01371	0.01141	0.01491	0.17198	0.00908	0.25985	0.01857	0.16217	0.05201	0.05362	0.06515	0.00787	0.00583	0.00174	0.02013	0.00598	0.00511	0.00791
8	0.01025	0.00662	0.00831	0.00853	0.00959	0.00656	0.00598	0.06026	0.06206	0.07313	0.02599	0.49568	0.02880	0.08544	0.01025	0.07566	0.00406	0.01235	0.00509	0.00538
9	0.03867	0.00889	0.01167	0.00962	0.01304	0.00809	0.00775	0.04276	0.03862	0.49954	0.13065	0.09669	0.02269	0.00907	0.00608	0.00186	0.00444	0.03495	0.00657	0.00835
10	0.00832	0.00593	0.00695	0.00715	0.00863	0.00531	0.00518	0.01021	0.03374	0.06072	0.12759	0.31354	0.35626	0.01475	0.00686	0.00205	0.00319	0.01283	0.00554	0.00524
11	0.01389	0.01460	0.02835	0.05925	0.02662	0.01475	0.51342	0.08125	0.01389	0.01912	0.01110	0.01473	0.00856	0.00569	0.00805	0.00193	0.11004	0.00615	0.00310	0.04552
12	0.01062	0.00613	0.00765	0.00734	0.00893	0.00569	0.00546	0.01266	0.01355	0.12252	0.25288	0.17819	0.11599	0.03892	0.04401	0.00231	0.00383	0.00989	0.14774	0.00570
13	0.75775	0.01093	0.00890	0.00779	0.01142	0.01239	0.00642	0.01792	0.01040	0.10006	0.00943	0.01031	0.00699	0.00549	0.00376	0.00177	0.00447	0.00336	0.00389	0.00655
14	0.06102	0.00954	0.01191	0.00988	0.01341	0.00914	0.00789	0.02462	0.15460	0.46142	0.08446	0.08953	0.01980	0.00846	0.00587	0.00185	0.00446	0.00706	0.00644	0.00862
15	0.00864	0.00570	0.00717	0.00736	0.00834	0.00526	0.00511	0.01006	0.01252	0.06262	0.23558	0.33055	0.11357	0.14804	0.01071	0.00265	0.00357	0.01217	0.00538	0.00499
16	0.00915	0.00549	0.00733	0.00789	0.00859	0.00512	0.00539	0.00981	0.01106	0.08037	0.06083	0.51935	0.04698	0.07188	0.01068	0.11361	0.00379	0.01291	0.00500	0.00476

[dist]
# distance from previous block
# <min> <max>
4	7

[block]
# block no. 2 follows, 41 sequences, length 8
# corresponding to MSA columns:
# 283-287,292-294
name=unknown_C
#
# <colnr> <probs for GDERKNQSTAVLIFYWHMCP>
#	G	D	E	R	K	N	Q	S	T	A	V	L	I	F	Y	W	H	M	C	P
0	0.04350	0.01408	0.12123	0.01325	0.03663	0.01093	0.11808	0.04760	0.01258	0.03599	0.01103	0.03039	0.00903	0.00549	0.00608	0.00142	0.06686	0.00458	0.00333	0.40795
1	0.01835	0.01061	0.01293	0.00975	0.01440	0.00920	0.00791	0.08093	0.06266	0.32024	0.01627	0.01567	0.01143	0.00582	0.00507	0.00136	0.00468	0.00468	0.00522	0.38282
2	0.02114	0.00864	0.01173	0.00956	0.01306	0.00755	0.00765	0.02321	0.01553	0.58158	0.09385	0.14035	0.02155	0.00918	0.00608	0.00186	0.00442	0.00779	0.00673	0.00854
3	0.01031	0.00587	0.00783	0.00825	0.00922	0.00546	0.00582	0.01127	0.01142	0.12924	0.02725	0.49849	0.03029	0.09899	0.01038	0.05616	0.00402	0.05931	0.00520	0.00520
4	0.02365	0.01016	0.01392	0.01092	0.01467	0.00980	0.00904	0.02572	0.01521	0.65199	0.02026	0.01840	0.01314	0.00753	0.00774	0.00188	0.12475	0.00564	0.00638	0.00920
5	0.00997	0.01178	0.15343	0.00978	0.01295	0.00880	0.00910	0.01629	0.17843	0.02153	0.38775	0.03333	0.10403	0.00990	0.00629	0.00185	0.00422	0.00849	0.00536	0.00673
6	0.01287	0.01086	0.01176	0.01066	0.01347	0.01227	0.00824	0.02605	0.58965	0.02371	0.18665	0.02608	0.02555	0.00863	0.00603	0.00191	0.00412	0.00733	0.00593	0.00824
7	0.65720	0.01170	0.00982	0.00858	0.01218	0.01348	0.00700	0.08907	0.10405	0.02645	0.01043	0.01122	0.00794	0.00577	0.00404	0.00179	0.00462	0.00372	0.00404	0.00689

[dist]
# distance from previous block
# <min> <max>
3	5

[block]
# block no. 3 follows, 41 sequences, length 83
# corresponding to MSA columns:
# 300-382
name=unknown_D
#
# <colnr> <probs for GDERKNQSTAVLIFYWHMCP>
#	G	D	E	R	K	N	Q	S	T	A	V	L	I	F	Y	W	H	M	C	P
0	0.01116	0.06156	0.34403	0.01474	0.02050	0.01162	0.15685	0.01562	0.01231	0.01743	0.03252	0.11845	0.05970	0.00750	0.00583	0.00178	0.00699	0.00677	0.00325	0.09139
1	0.01434	0.60548	0.18195	0.01107	0.01671	0.02000	0.01199	0.01720	0.01173	0.01466	0.00853	0.00990	0.00737	0.00497	0.00406	0.00133	0.00651	0.00332	0.00248	0.04639
2	0.00701	0.00511	0.00651	0.00760	0.00812	0.00472	0.00509	0.00801	0.01108	0.01452	0.03417	0.66110	0.12886	0.05876	0.00838	0.00244	0.00338	0.01531	0.00521	0.00461
3	0.01272	0.00978	0.01092	0.00978	0.01228	0.01036	0.00759	0.21866	0.15907	0.02394	0.14670	0.17770	0.12992	0.01132	0.00643	0.00195	0.00429	0.03382	0.00568	0.00708
4	0.12268	0.00981	0.01105	0.00959	0.01187	0.01070	0.00734	0.20483	0.11294	0.04649	0.03447	0.01670	0.01181	0.01229	0.01233	0.34459	0.00512	0.00515	0.00418	0.00607
5	0.00951	0.00733	0.00889	0.00893	0.04495	0.00712	0.00636	0.01404	0.13255	0.04234	0.40069	0.04057	0.23192	0.01136	0.00652	0.00185	0.00330	0.00981	0.00582	0.00613
6	0.00709	0.00511	0.00672	0.00779	0.00830	0.00474	0.00528	0.00830	0.01163	0.01558	0.11534	0.67857	0.07022	0.01707	0.00721	0.00225	0.00323	0.01541	0.00542	0.00474
7	0.00853	0.00721	0.00775	0.00719	0.00961	0.00641	0.00542	0.01188	0.10212	0.01691	0.04289	0.12786	0.46515	0.01238	0.00629	0.00180	0.00336	0.01044	0.00506	0.14174
8	0.01465	0.10379	0.02715	0.01938	0.06705	0.01471	0.41145	0.08375	0.05390	0.03892	0.01206	0.01452	0.00923	0.00518	0.00589	0.00169	0.00778	0.00568	0.00341	0.09981
9	0.06081	0.00725	0.00841	0.00821	0.00981	0.00722	0.00604	0.11104	0.01407	0.04097	0.12683	0.34953	0.13239	0.01377	0.00735	0.04570	0.00377	0.01133	0.02991	0.00562
10	0.53388	0.01056	0.01023	0.00852	0.01239	0.01117	0.00703	0.02097	0.01223	0.30409	0.01345	0.01311	0.00918	0.00597	0.00437	0.00177	0.00459	0.00409	0.00487	0.00752
11	0.00995	0.00640	0.00727	0.00675	0.00895	0.00547	0.00517	0.01168	0.01396	0.13538	0.15283	0.06896	0.52016	0.01301	0.00661	0.00190	0.00319	0.01094	0.00573	0.00568
12	0.03639	0.00777	0.00861	0.00773	0.00984	0.00759	0.00588	0.13434	0.01582	0.04191	0.24846	0.06258	0.29737	0.08026	0.00841	0.00217	0.00376	0.00974	0.00550	0.00588
13	0.04415	0.00999	0.01291	0.01027	0.01425	0.00921	0.00840	0.10671	0.01684	0.57862	0.02218	0.08496	0.01602	0.00819	0.00589	0.00184	0.00490	0.02898	0.00663	0.00908
14	0.00843	0.00578	0.00669	0.00657	0.00692	0.00574	0.00400	0.00939	0.02913	0.01380	0.16725	0.03808	0.02737	0.62042	0.02402	0.00470	0.00495	0.00868	0.00410	0.00400
15	0.07073	0.00578	0.00706	0.00700	0.00751	0.00582	0.00460	0.00905	0.00959	0.01396	0.13724	0.07700	0.02261	0.30264	0.01992	0.27974	0.00466	0.00764	0.00372	0.00373
16	0.00817	0.00613	0.00919	0.00919	0.01021	0.00715	0.00715	0.01021	0.00919	0.01328	0.01532	0.02247	0.01430	0.04290	0.77631	0.00919	0.01532	0.00613	0.00306	0.00511
17	0.00799	0.00544	0.00631	0.00658	0.00671	0.00534	0.00387	0.00824	0.00902	0.01196	0.02215	0.19341	0.04945	0.61217	0.02388	0.00476	0.00500	0.01007	0.00391	0.00375
18	0.00722	0.00510	0.00654	0.00759	0.00790	0.00482	0.00494	0.00804	0.01051	0.01396	0.02959	0.63723	0.05080	0.16367	0.01136	0.00292	0.00372	0.01468	0.00497	0.00443
19	0.00763	0.00579	0.00702	0.00679	0.00828	0.00519	0.00506	0.00986	0.01497	0.02022	0.50770	0.07980	0.27515	0.01284	0.00678	0.00186	0.00279	0.01115	0.00594	0.00519
20	0.01348	0.00715	0.00950	0.00918	0.01124	0.00671	0.00756	0.01575	0.01385	0.21927	0.10705	0.04420	0.04752	0.08081	0.00873	0.00245	0.00465	0.31800	0.06658	0.00632
21	0.01186	0.01017	0.01186	0.00847	0.01356	0.00762	0.00678	0.01440	0.01186	0.01864	0.01017	0.01186	0.00847	0.00424	0.00424	0.00085	0.00424	0.00339	0.00339	0.83395
22	0.01186	0.01017	0.01186	0.00847	0.01356	0.00762	0.00678	0.01440	0.01186	0.01864	0.01017	0.01186	0.00847	0.00424	0.00424	0.00085	0.00424	0.00339	0.00339	0.83395
23	0.00754	0.00592	0.00626	0.00619	0.00804	0.00506	0.00465	0.00906	0.01311	0.03694	0.09961	0.05270	0.63308	0.05273	0.00787	0.00212	0.00315	0.03569	0.00533	0.00495
24	0.00677	0.00577	0.00582	0.00585	0.00774	0.00482	0.00437	0.00820	0.01298	0.01543	0.05721	0.07560	0.74090	0.01458	0.00678	0.00194	0.00291	0.01219	0.00531	0.00482
25	0.00892	0.00637	0.00887	0.01019	0.01138	0.00633	0.00870	0.01133	0.01287	0.01678	0.03045	0.16179	0.03357	0.01608	0.00782	0.00259	0.00501	0.63049	0.00527	0.00518
26	0.01946	0.02356	0.01513	0.01376	0.01662	0.61127	0.01037	0.04845	0.07930	0.01569	0.01265	0.03528	0.03298	0.00795	0.03141	0.00182	0.00941	0.00467	0.00344	0.00679
27	0.00994	0.00497	0.00745	0.00745	0.00745	0.00497	0.00497	0.00745	0.00745	0.00994	0.00994	0.01739	0.00994	0.01987	0.02235	0.83358	0.00497	0.00497	0.00248	0.00248
28	0.00744	0.00532	0.00718	0.00851	0.00904	0.00505	0.00613	0.00878	0.01142	0.01513	0.03126	0.64148	0.03680	0.01747	0.00743	0.00239	0.00373	0.16536	0.00530	0.00478
29	0.01072	0.00968	0.01625	0.71273	0.03642	0.01199	0.01487	0.01395	0.01107	0.01418	0.01014	0.01545	0.00784	0.00704	0.00727	0.07943	0.00738	0.00507	0.00254	0.00599
30	0.00918	0.00777	0.01121	0.01384	0.17171	0.00746	0.02709	0.01190	0.04923	0.01753	0.14729	0.29753	0.18059	0.01263	0.00666	0.00200	0.00411	0.01133	0.00490	0.00605
31	0.01080	0.01017	0.01716	0.78523	0.03940	0.01271	0.01589	0.01461	0.01144	0.01461	0.01017	0.01525	0.00762	0.00572	0.00572	0.00191	0.00762	0.00508	0.00254	0.00635
32	0.00989	0.00498	0.00742	0.00742	0.00742	0.00498	0.00492	0.00748	0.00748	0.00997	0.01018	0.01798	0.01026	0.04310	0.02256	0.80889	0.00498	0.00507	0.00251	0.00251
33	0.00847	0.00641	0.00948	0.01004	0.04508	0.00725	0.00717	0.01032	0.00926	0.01326	0.01545	0.02397	0.01487	0.13648	0.64589	0.00838	0.01369	0.00636	0.00310	0.00509
34	0.01278	0.01271	0.03768	0.32232	0.43467	0.01329	0.05104	0.01647	0.01242	0.01709	0.01056	0.01459	0.00845	0.00533	0.00573	0.00179	0.00728	0.00515	0.00271	0.00794
35	0.01080	0.01017	0.01716	0.78523	0.03940	0.01271	0.01589	0.01461	0.01144	0.01461	0.01017	0.01525	0.00762	0.00572	0.00572	0.00191	0.00762	0.00508	0.00254	0.00635
36	0.06473	0.13956	0.04069	0.02316	0.37455	0.19129	0.01387	0.01842	0.01333	0.01711	0.01062	0.01451	0.00930	0.00577	0.00521	0.00162	0.00734	0.03811	0.00294	0.00787
37	0.00749	0.00521	0.00652	0.00731	0.00755	0.00500	0.00463	0.00817	0.01012	0.01352	0.04525	0.49724	0.03198	0.30502	0.01531	0.00349	0.00412	0.01319	0.00466	0.00423
38	0.00756	0.00532	0.00680	0.00741	0.00787	0.00509	0.00491	0.00867	0.01128	0.01533	0.17223	0.43418	0.03611	0.21521	0.03244	0.00321	0.00407	0.01282	0.00498	0.00451
39	0.01147	0.02959	0.76934	0.01630	0.02476	0.01328	0.02113	0.01811	0.01208	0.01811	0.01026	0.01208	0.00725	0.00543	0.00543	0.00181	0.00845	0.00423	0.00242	0.00845
40	0.01035	0.00788	0.01006	0.01078	0.01254	0.00832	0.00918	0.01606	0.18101	0.01866	0.02870	0.05472	0.02941	0.01398	0.00743	0.00248	0.00510	0.56183	0.00539	0.00613
41	0.00818	0.00611	0.00911	0.00911	0.01010	0.00710	0.00704	0.01016	0.00917	0.01322	0.01540	0.02290	0.01449	0.06455	0.75492	0.00909	0.01504	0.00619	0.00308	0.00506
42	0.00727	0.00515	0.00663	0.00758	0.00798	0.00485	0.00500	0.00825	0.01099	0.01471	0.08679	0.60001	0.05226	0.14136	0.01071	0.00279	0.00361	0.01445	0.00509	0.00452
43	0.01350	0.01543	0.03375	0.02411	0.02989	0.01446	0.74253	0.01832	0.01350	0.01832	0.01157	0.01543	0.00868	0.00482	0.00675	0.00193	0.00964	0.00675	0.00289	0.00771
44	0.00832	0.00555	0.00624	0.00624	0.00624	0.00555	0.00347	0.00832	0.00832	0.01109	0.01802	0.03743	0.02080	0.79898	0.02911	0.00555	0.00555	0.00832	0.00347	0.00347
45	0.00922	0.00658	0.00922	0.01053	0.01185	0.00658	0.00922	0.01185	0.01317	0.01712	0.03029	0.06452	0.03292	0.01580	0.00790	0.00263	0.00527	0.72480	0.00527	0.00527
46	0.00916	0.00581	0.00638	0.00626	0.00665	0.00586	0.00378	0.03048	0.00956	0.01379	0.01802	0.03364	0.01929	0.62317	0.02359	0.00462	0.00501	0.00765	0.16328	0.00401
47	0.00918	0.00702	0.00857	0.00797	0.00968	0.00699	0.00604	0.01430	0.15007	0.02296	0.61137	0.03910	0.06236	0.01104	0.00658	0.00183	0.00304	0.00968	0.00619	0.00605
48	0.00829	0.00564	0.00672	0.00672	0.00689	0.00581	0.00407	0.00863	0.00846	0.01145	0.01758	0.03497	0.01973	0.67458	0.15206	0.00615	0.00715	0.00796	0.00340	0.00374
49	0.00734	0.00558	0.00685	0.00771	0.00880	0.00509	0.00575	0.00882	0.01212	0.01540	0.04054	0.39087	0.29032	0.01630	0.00723	0.00225	0.00356	0.15532	0.00530	0.00483
50	0.00832	0.00555	0.00624	0.00624	0.00624	0.00555	0.00347	0.00832	0.00832	0.01109	0.01802	0.03743	0.02080	0.79898	0.02911	0.00555	0.00555	0.00832	0.00347	0.00347
51	0.00832	0.00555	0.00624	0.00624	0.00624	0.00555	0.00347	0.00832	0.00832	0.01109	0.01802	0.03743	0.02080	0.79898	0.02911	0.00555	0.00555	0.00832	0.00347	0.00347
52	0.01186	0.01017	0.01186	0.00847	0.01356	0.00762	0.00678	0.01440	0.01186	0.01864	0.01017	0.01186	0.00847	0.00424	0.00424	0.00085	0.00424	0.00339	0.00339	0.83395
53	0.75674	0.01114	0.00903	0.00789	0.01153	0.01270	0.00650	0.04229	0.01076	0.07600	0.00914	0.01013	0.00685	0.00548	0.00376	0.00177	0.00452	0.00335	0.00385	0.00655
54	0.00736	0.00552	0.00685	0.00734	0.00842	0.00501	0.00530	0.00905	0.01310	0.01735	0.24834	0.35349	0.22351	0.01515	0.00704	0.00209	0.00314	0.05140	0.00559	0.00494
55	0.00757	0.00551	0.00725	0.00843	0.00921	0.00520	0.00628	0.00907	0.01180	0.01539	0.03421	0.50867	0.11932	0.01694	0.00740	0.00236	0.00381	0.21143	0.00530	0.00484
56	0.00704	0.00504	0.00671	0.00791	0.00831	0.00470	0.00532	0.00816	0.01130	0.01516	0.08064	0.74453	0.03892	0.01750	0.00726	0.00229	0.00328	0.01586	0.00538	0.00470
57	0.00994	0.00497	0.00745	0.00745	0.00745	0.00497	0.00497	0.00745	0.00745	0.00994	0.00994	0.01739	0.00994	0.01987	0.02235	0.83358	0.00497	0.00497	0.00248	0.00248
58	0.02566	0.00973	0.01327	0.01018	0.01460	0.00841	0.00841	0.02788	0.01637	0.76726	0.02257	0.01947	0.01416	0.00708	0.00575	0.00177	0.00487	0.00575	0.00708	0.00973
59	0.01186	0.01017	0.01186	0.00847	0.01356	0.00762	0.00678	0.01440	0.01186	0.01864	0.01017	0.01186	0.00847	0.00424	0.00424	0.00085	0.00424	0.00339	0.00339	0.83395
60	0.00832	0.00555	0.00624	0.00624	0.00624	0.00555	0.00347	0.00832	0.00832	0.01109	0.01802	0.03743	0.02080	0.79898	0.02911	0.00555	0.00555	0.00832	0.00347	0.00347
61	0.00717	0.00523	0.00676	0.00760	0.00829	0.00481	0.00523	0.00855	0.01219	0.01634	0.17873	0.57517	0.11008	0.01636	0.00714	0.00218	0.00316	0.01469	0.00551	0.00481
62	0.02137	0.02726	0.01621	0.01474	0.01768	0.77602	0.01105	0.02284	0.01621	0.01400	0.00884	0.01031	0.00737	0.00589	0.00516	0.00147	0.01031	0.00368	0.00295	0.00663
63	0.00893	0.00657	0.00671	0.00664	0.00678	0.04173	0.00382	0.00900	0.00869	0.01123	0.01759	0.03616	0.02016	0.76174	0.02799	0.00535	0.00577	0.00810	0.00344	0.00361
64	0.01080	0.01017	0.01716	0.78523	0.03940	0.01271	0.01589	0.01461	0.01144	0.01461	0.01017	0.01525	0.00762	0.00572	0.00572	0.00191	0.00762	0.00508	0.00254	0.00635
65	0.01396	0.01351	0.02342	0.07099	0.69373	0.01359	0.05152	0.01745	0.01297	0.01847	0.01077	0.01427	0.00897	0.00511	0.00572	0.00172	0.00697	0.00517	0.00282	0.00887
66	0.00806	0.00544	0.00631	0.00656	0.00662	0.00538	0.00381	0.00825	0.00881	0.01175	0.02056	0.17975	0.02399	0.65230	0.02502	0.00494	0.00513	0.00981	0.00381	0.00369
67	0.01186	0.01017	0.01186	0.00847	0.01356	0.00762	0.00678	0.01440	0.01186	0.01864	0.01017	0.01186	0.00847	0.00424	0.00424	0.00085	0.00424	0.00339	0.00339	0.83395
68	0.01080	0.01017	0.01716	0.78523	0.03940	0.01271	0.01589	0.01461	0.01144	0.01461	0.01017	0.01525	0.00762	0.00572	0.00572	0.00191	0.00762	0.00508	0.00254	0.00635
69	0.01529	0.80242	0.02997	0.00979	0.01468	0.02263	0.00979	0.01713	0.01162	0.01346	0.00795	0.00918	0.00734	0.00489	0.00367	0.00122	0.00612	0.00306	0.00245	0.00734
70	0.01248	0.01036	0.01247	0.00986	0.04937	0.00807	0.00739	0.01534	0.02738	0.04390	0.01088	0.01242	0.00888	0.00445	0.00439	0.00094	0.00439	0.00361	0.00354	0.74988
71	0.01875	0.07694	0.01673	0.01247	0.01656	0.05344	0.01020	0.41812	0.26365	0.02924	0.01618	0.01571	0.01197	0.00696	0.00557	0.00174	0.00589	0.00535	0.00536	0.00917
72	0.00889	0.00635	0.00884	0.01016	0.01133	0.00630	0.00865	0.01128	0.01284	0.01675	0.03047	0.17120	0.03364	0.01611	0.00781	0.00259	0.00498	0.62136	0.00527	0.00518
73	0.01402	0.01420	0.04444	0.03357	0.67490	0.01366	0.08523	0.01764	0.01304	0.01864	0.01082	0.01422	0.00898	0.00508	0.00576	0.00172	0.00711	0.00523	0.00283	0.00892
74	0.00974	0.00793	0.01004	0.00978	0.01101	0.06280	0.00761	0.01173	0.00989	0.03505	0.01485	0.02124	0.01361	0.03831	0.67805	0.00824	0.03567	0.00591	0.00316	0.00538
75	0.01186	0.01017	0.01186	0.00847	0.01356	0.00762	0.00678	0.01440	0.01186	0.01864	0.01017	0.01186	0.00847	0.00424	0.00424	0.00085	0.00424	0.00339	0.00339	0.83395
76	0.00994	0.00497	0.00745	0.00745	0.00745	0.00497	0.00497	0.00745	0.00745	0.00994	0.00994	0.01739	0.00994	0.01987	0.02235	0.83358	0.00497	0.00497	0.00248	0.00248
77	0.02055	0.16113	0.01953	0.01254	0.01717	0.01864	0.01067	0.61006	0.02408	0.03188	0.01267	0.01289	0.00929	0.00650	0.00534	0.00163	0.00626	0.00476	0.00512	0.00929
78	0.01307	0.01161	0.01528	0.01847	0.25862	0.01247	0.01114	0.02268	0.38452	0.02157	0.10140	0.02342	0.06522	0.00774	0.00593	0.00185	0.00497	0.00679	0.00486	0.00839
79	0.01186	0.01017	0.01186	0.00847	0.01356	0.00762	0.00678	0.01440	0.01186	0.01864	0.01017	0.01186	0.00847	0.00424	0.00424	0.00085	0.00424	0.00339	0.00339	0.83395
80	0.01343	0.01889	0.27533	0.04561	0.34380	0.01345	0.09173	0.01896	0.06606	0.04027	0.01190	0.01428	0.00912	0.00545	0.00571	0.00179	0.00745	0.00509	0.00303	0.00866
81	0.01612	0.48914	0.14832	0.01205	0.01706	0.20199	0.01196	0.01866	0.01280	0.01435	0.00855	0.00993	0.00733	0.00522	0.00432	0.00138	0.00751	0.00340	0.00256	0.00735
82	0.14857	0.08146	0.01293	0.00863	0.01320	0.01017	0.00708	0.04966	0.01217	0.01997	0.01078	0.04807	0.00943	0.00524	0.00429	0.00114	0.00449	0.00400	0.00353	0.54518

[dist]
# distance from previous block
# <min> <max>
0	22

# created by:
# /st0/software/busco_prod/Augustus/scripts/msa2prfl.pl ./align_prep/200210.fa
