[name]
unknown

[dist]
# distance from previous block
# <min> <max>
4	95

[block]
# block no. 0 follows, 40 sequences, length 10
# corresponding to MSA columns:
# 100-103,107-112
name=unknown_A
#
# <colnr> <probs for GDERKNQSTAVLIFYWHMCP>
#	G	D	E	R	K	N	Q	S	T	A	V	L	I	F	Y	W	H	M	C	P
0	0.00989	0.00603	0.00753	0.00775	0.00909	0.00541	0.00550	0.01121	0.01251	0.12203	0.07183	0.42267	0.20449	0.06539	0.00846	0.00237	0.00361	0.01319	0.00558	0.00547
1	0.02230	0.01673	0.01668	0.01314	0.01752	0.10818	0.01069	0.53822	0.04990	0.12544	0.01483	0.01455	0.01044	0.00692	0.00576	0.00173	0.00665	0.00518	0.00565	0.00948
2	0.05737	0.01036	0.01309	0.01026	0.01462	0.00948	0.00837	0.02681	0.11749	0.55321	0.02112	0.01883	0.01392	0.00692	0.00560	0.00173	0.00482	0.00559	0.00648	0.09393
3	0.01912	0.02176	0.01532	0.01429	0.04237	0.49429	0.01044	0.10387	0.08661	0.01781	0.01309	0.06661	0.01163	0.04924	0.00684	0.00186	0.00859	0.00536	0.00378	0.00711
4	0.12387	0.01329	0.01383	0.01128	0.01516	0.01458	0.00902	0.32570	0.23032	0.02841	0.01593	0.01697	0.01229	0.05738	0.00694	0.00198	0.00539	0.00539	0.00518	0.08709
5	0.01097	0.00709	0.00876	0.07701	0.01138	0.00821	0.00677	0.01351	0.01141	0.01924	0.01614	0.01978	0.01308	0.00994	0.06302	0.00218	0.12885	0.00540	0.56162	0.00565
6	0.01568	0.01060	0.01220	0.01037	0.01349	0.01119	0.00822	0.16954	0.22748	0.14480	0.19480	0.02698	0.06786	0.01084	0.04705	0.00226	0.00508	0.00742	0.00604	0.00812
7	0.00970	0.00742	0.00854	0.00811	0.00895	0.00798	0.00557	0.04686	0.07487	0.01491	0.02491	0.10328	0.13154	0.42596	0.01995	0.00398	0.07925	0.00911	0.00420	0.00492
8	0.01652	0.01205	0.01277	0.01042	0.01414	0.05729	0.00821	0.17952	0.12813	0.13916	0.02113	0.05719	0.08451	0.04985	0.00692	0.00184	0.00519	0.00643	0.00519	0.18352
9	0.01838	0.01377	0.01439	0.04774	0.01643	0.07410	0.00960	0.34332	0.09627	0.10801	0.01868	0.02143	0.05260	0.08277	0.00814	0.00215	0.00609	0.03009	0.00528	0.03077

[dist]
# distance from previous block
# <min> <max>
9	21

[block]
# block no. 1 follows, 40 sequences, length 11
# corresponding to MSA columns:
# 137-147
name=unknown_B
#
# <colnr> <probs for GDERKNQSTAVLIFYWHMCP>
#	G	D	E	R	K	N	Q	S	T	A	V	L	I	F	Y	W	H	M	C	P
0	0.06409	0.01309	0.01927	0.27502	0.10098	0.05633	0.13934	0.08602	0.05240	0.01926	0.01346	0.01649	0.04020	0.00647	0.00637	0.01888	0.01998	0.00556	0.00340	0.04339
1	0.01614	0.04843	0.04147	0.16315	0.13928	0.11815	0.02699	0.20371	0.06479	0.02170	0.01284	0.03909	0.01041	0.00825	0.03926	0.00211	0.02694	0.00541	0.00385	0.00802
2	0.11555	0.00987	0.01141	0.08434	0.05168	0.03848	0.00839	0.05574	0.09731	0.05021	0.04620	0.17575	0.01915	0.10076	0.04216	0.00268	0.03025	0.00792	0.02005	0.03209
3	0.06196	0.03284	0.02885	0.12852	0.13551	0.08445	0.01082	0.07315	0.02748	0.03802	0.05008	0.09004	0.06269	0.06755	0.00837	0.00215	0.05371	0.00687	0.03010	0.00684
4	0.05423	0.01235	0.01205	0.08367	0.04619	0.15907	0.00890	0.04955	0.07648	0.01773	0.06643	0.21025	0.02127	0.07962	0.00850	0.00226	0.02426	0.03103	0.00430	0.03189
5	0.00965	0.00668	0.00767	0.00738	0.00803	0.00677	0.00472	0.08348	0.01150	0.01548	0.09006	0.13309	0.02544	0.54014	0.02214	0.00445	0.00515	0.00936	0.00427	0.00452
6	0.01301	0.01028	0.01371	0.23345	0.06280	0.01149	0.01068	0.05033	0.23360	0.07247	0.11480	0.04853	0.04299	0.04772	0.00726	0.00210	0.00546	0.00709	0.00478	0.00744
7	0.00882	0.00605	0.00721	0.00688	0.00856	0.00541	0.00517	0.01103	0.01485	0.05747	0.39876	0.07621	0.28605	0.01249	0.00663	0.00186	0.00295	0.01075	0.06738	0.00548
8	0.01312	0.01361	0.01745	0.47207	0.09183	0.15215	0.04546	0.01620	0.01244	0.01491	0.01096	0.01665	0.00915	0.08112	0.00802	0.00219	0.00807	0.00529	0.00279	0.00652
9	0.02466	0.01027	0.01354	0.01046	0.01479	0.00927	0.00861	0.09522	0.01765	0.65034	0.06538	0.02063	0.01635	0.00745	0.00590	0.00180	0.00496	0.00607	0.00702	0.00964
10	0.02164	0.05744	0.04075	0.01315	0.01793	0.01769	0.01119	0.64519	0.02554	0.07052	0.01399	0.01395	0.00991	0.00684	0.00570	0.00172	0.00639	0.00513	0.00561	0.00972

[dist]
# distance from previous block
# <min> <max>
1	8

[block]
# block no. 2 follows, 40 sequences, length 16
# corresponding to MSA columns:
# 168-183
name=unknown_C
#
# <colnr> <probs for GDERKNQSTAVLIFYWHMCP>
#	G	D	E	R	K	N	Q	S	T	A	V	L	I	F	Y	W	H	M	C	P
0	0.01566	0.50842	0.11919	0.01259	0.01807	0.01942	0.09405	0.05728	0.01319	0.05518	0.00995	0.01129	0.00813	0.00524	0.00455	0.00144	0.00681	0.00395	0.00299	0.03260
1	0.02015	0.15202	0.09000	0.01213	0.01716	0.01572	0.01104	0.32760	0.04241	0.19391	0.01476	0.01446	0.01043	0.00644	0.00536	0.00164	0.00609	0.00487	0.00512	0.04869
2	0.01521	0.73155	0.09506	0.01053	0.01583	0.02217	0.01096	0.01750	0.01186	0.01410	0.00829	0.00959	0.00745	0.00502	0.00389	0.00130	0.00643	0.00321	0.00248	0.00756
3	0.01084	0.00542	0.00542	0.00542	0.00678	0.00542	0.00407	0.01355	0.01220	0.02168	0.01897	0.02168	0.01491	0.00678	0.00407	0.00136	0.00271	0.00542	0.82791	0.00542
4	0.02172	0.02772	0.01648	0.01498	0.01798	0.77228	0.01124	0.02322	0.01648	0.01423	0.00899	0.01049	0.00749	0.00599	0.00524	0.00150	0.01049	0.00375	0.00300	0.00674
5	0.01518	0.29913	0.13191	0.01051	0.01498	0.01416	0.01032	0.01888	0.05491	0.16105	0.19015	0.02058	0.02063	0.00729	0.00527	0.00162	0.00542	0.00577	0.00451	0.00773
6	0.01140	0.06967	0.62826	0.01506	0.02249	0.01298	0.01881	0.01730	0.01257	0.01844	0.07670	0.04552	0.01277	0.00655	0.00562	0.00183	0.00774	0.00526	0.00292	0.00811
7	0.01166	0.03008	0.76550	0.01657	0.02517	0.01351	0.02149	0.01842	0.01228	0.01842	0.01044	0.01228	0.00737	0.00552	0.00552	0.00184	0.00859	0.00430	0.00246	0.00859
8	0.01084	0.00542	0.00542	0.00542	0.00678	0.00542	0.00407	0.01355	0.01220	0.02168	0.01897	0.02168	0.01491	0.00678	0.00407	0.00136	0.00271	0.00542	0.82791	0.00542
9	0.02609	0.00990	0.01350	0.01035	0.01484	0.00855	0.00855	0.02834	0.01664	0.76338	0.02294	0.01979	0.01439	0.00720	0.00585	0.00180	0.00495	0.00585	0.00720	0.00990
10	0.01206	0.01034	0.01206	0.00861	0.01378	0.00775	0.00689	0.01464	0.01206	0.01895	0.01034	0.01206	0.00861	0.00431	0.00431	0.00086	0.00431	0.00345	0.00345	0.83118
11	0.01436	0.56465	0.25458	0.01197	0.01805	0.02011	0.01347	0.01772	0.01196	0.01513	0.00880	0.01023	0.00743	0.00514	0.00428	0.00143	0.00694	0.00347	0.00248	0.00781
12	0.01439	0.01382	0.02360	0.03569	0.75936	0.01382	0.01785	0.01785	0.01324	0.01900	0.01094	0.01439	0.00921	0.00518	0.00576	0.00173	0.00691	0.00518	0.00288	0.00921
13	0.01166	0.03008	0.76550	0.01657	0.02517	0.01351	0.02149	0.01842	0.01228	0.01842	0.01044	0.01228	0.00737	0.00552	0.00552	0.00184	0.00859	0.00430	0.00246	0.00859
14	0.00823	0.00594	0.00777	0.00732	0.00869	0.00549	0.00549	0.01097	0.01646	0.02332	0.75629	0.04344	0.05487	0.01189	0.00686	0.00183	0.00274	0.01052	0.00640	0.00549
15	0.79445	0.01151	0.00901	0.00794	0.01160	0.01330	0.00654	0.05459	0.01080	0.02664	0.00840	0.00968	0.00648	0.00548	0.00371	0.00180	0.00460	0.00326	0.00371	0.00648

[dist]
# distance from previous block
# <min> <max>
0	1

[block]
# block no. 3 follows, 40 sequences, length 22
# corresponding to MSA columns:
# 185-206
name=unknown_D
#
# <colnr> <probs for GDERKNQSTAVLIFYWHMCP>
#	G	D	E	R	K	N	Q	S	T	A	V	L	I	F	Y	W	H	M	C	P
0	0.01498	0.01387	0.02211	0.03167	0.63054	0.01420	0.01649	0.07311	0.08685	0.02084	0.01242	0.01508	0.01010	0.00558	0.00578	0.00175	0.00664	0.00532	0.00340	0.00926
1	0.00800	0.00585	0.00751	0.00728	0.00859	0.00536	0.00539	0.01045	0.01563	0.02179	0.62132	0.12474	0.11078	0.01280	0.00692	0.00190	0.00283	0.01131	0.00621	0.00536
2	0.02211	0.01629	0.01745	0.01338	0.01803	0.01803	0.01105	0.73997	0.02734	0.03665	0.01396	0.01396	0.00989	0.00698	0.00582	0.00175	0.00640	0.00524	0.00582	0.00989
3	0.04444	0.00668	0.00889	0.00963	0.01107	0.00663	0.00815	0.01196	0.01410	0.01943	0.23307	0.05699	0.03830	0.01444	0.00751	0.00240	0.00459	0.49072	0.00557	0.00543
4	0.01166	0.03008	0.76550	0.01657	0.02517	0.01351	0.02149	0.01842	0.01228	0.01842	0.01044	0.01228	0.00737	0.00552	0.00552	0.00184	0.00859	0.00430	0.00246	0.00859
5	0.01010	0.00505	0.00758	0.00758	0.00758	0.00505	0.00505	0.00758	0.00758	0.01010	0.01010	0.01768	0.01010	0.02020	0.02273	0.83081	0.00505	0.00505	0.00253	0.00253
6	0.00735	0.00526	0.00698	0.00792	0.00849	0.00490	0.00542	0.00876	0.01236	0.01679	0.19866	0.61967	0.04224	0.01676	0.00729	0.00224	0.00323	0.01515	0.00563	0.00490
7	0.02493	0.00964	0.01312	0.01015	0.01444	0.00835	0.00835	0.02721	0.01663	0.71533	0.07056	0.02133	0.01702	0.00750	0.00591	0.00180	0.00481	0.00615	0.00715	0.00961
8	0.57147	0.03959	0.12439	0.00953	0.01380	0.01314	0.00911	0.05640	0.01166	0.02457	0.03411	0.01409	0.00965	0.00624	0.00435	0.00183	0.00527	0.04031	0.00369	0.00681
9	0.01276	0.24779	0.55742	0.01470	0.02227	0.01620	0.01822	0.01813	0.01215	0.01708	0.00977	0.01144	0.00739	0.00537	0.00502	0.00167	0.00792	0.00396	0.00246	0.00827
10	0.01517	0.01564	0.02171	0.12191	0.55319	0.13628	0.01657	0.01836	0.01357	0.01773	0.01055	0.01389	0.00876	0.00539	0.00568	0.00172	0.00759	0.00495	0.00286	0.00848
11	0.01446	0.01249	0.01315	0.01183	0.01512	0.01446	0.00920	0.03090	0.74885	0.02433	0.02367	0.02170	0.01775	0.00789	0.00592	0.00197	0.00460	0.00657	0.00592	0.00920
12	0.01390	0.01345	0.02336	0.13500	0.62313	0.01375	0.05703	0.01749	0.01305	0.01842	0.01090	0.01461	0.00899	0.00525	0.00583	0.00177	0.00718	0.00527	0.00284	0.00877
13	0.00823	0.00594	0.00777	0.00732	0.00869	0.00549	0.00549	0.01097	0.01646	0.02332	0.75629	0.04344	0.05487	0.01189	0.00686	0.00183	0.00274	0.01052	0.00640	0.00549
14	0.01092	0.00707	0.00895	0.00799	0.00993	0.00666	0.00614	0.06492	0.01712	0.09647	0.60128	0.03954	0.07771	0.01120	0.00669	0.00183	0.00323	0.00976	0.00639	0.00621
15	0.83671	0.01125	0.00855	0.00765	0.01125	0.01305	0.00630	0.01709	0.00990	0.02609	0.00810	0.00945	0.00630	0.00540	0.00360	0.00180	0.00450	0.00315	0.00360	0.00630
16	0.01446	0.01249	0.01315	0.01183	0.01512	0.01446	0.00920	0.03090	0.74885	0.02433	0.02367	0.02170	0.01775	0.00789	0.00592	0.00197	0.00460	0.00657	0.00592	0.00920
17	0.00842	0.00578	0.00704	0.00704	0.00728	0.00602	0.00439	0.00891	0.00866	0.01179	0.01768	0.03452	0.01961	0.62070	0.20243	0.00650	0.00795	0.00794	0.00343	0.00391
18	0.01206	0.01034	0.01206	0.00861	0.01378	0.00775	0.00689	0.01464	0.01206	0.01895	0.01034	0.01206	0.00861	0.00431	0.00431	0.00086	0.00431	0.00345	0.00345	0.83118
19	0.01206	0.01034	0.01206	0.00861	0.01378	0.00775	0.00689	0.01464	0.01206	0.01895	0.01034	0.01206	0.00861	0.00431	0.00431	0.00086	0.00431	0.00345	0.00345	0.83118
20	0.01170	0.01106	0.01873	0.62566	0.19047	0.01311	0.01650	0.01548	0.01197	0.01572	0.01046	0.01527	0.00806	0.00568	0.00580	0.00189	0.00758	0.00517	0.00265	0.00704
21	0.01406	0.01369	0.02124	0.18558	0.52245	0.05092	0.01656	0.01843	0.06580	0.01830	0.01163	0.01495	0.00944	0.00554	0.00575	0.00178	0.00709	0.00521	0.00304	0.00853

[dist]
# distance from previous block
# <min> <max>
0	1

[block]
# block no. 4 follows, 40 sequences, length 71
# corresponding to MSA columns:
# 210-230,244-293
name=unknown_E
#
# <colnr> <probs for GDERKNQSTAVLIFYWHMCP>
#	G	D	E	R	K	N	Q	S	T	A	V	L	I	F	Y	W	H	M	C	P
0	0.01219	0.01164	0.01989	0.49174	0.25870	0.01309	0.04883	0.01593	0.01223	0.01644	0.01058	0.01505	0.00828	0.00553	0.00579	0.00184	0.00746	0.00519	0.00272	0.03689
1	0.75005	0.03913	0.06341	0.00836	0.01237	0.01341	0.00751	0.01720	0.01013	0.02512	0.00826	0.00965	0.00641	0.00539	0.00374	0.00178	0.00485	0.00323	0.00348	0.00650
2	0.01010	0.00505	0.00758	0.00758	0.00758	0.00505	0.00505	0.00758	0.00758	0.01010	0.01010	0.01768	0.01010	0.02020	0.02273	0.83081	0.00505	0.00505	0.00253	0.00253
3	0.01518	0.01285	0.01355	0.01198	0.01540	0.01480	0.00938	0.09763	0.68095	0.02549	0.02276	0.02097	0.01701	0.00780	0.00591	0.00195	0.00477	0.00645	0.00591	0.00927
4	0.83671	0.01125	0.00855	0.00765	0.01125	0.01305	0.00630	0.01709	0.00990	0.02609	0.00810	0.00945	0.00630	0.00540	0.00360	0.00180	0.00450	0.00315	0.00360	0.00630
5	0.00826	0.00619	0.00925	0.00930	0.01031	0.00718	0.00720	0.01030	0.00941	0.01355	0.01616	0.05017	0.01539	0.04271	0.74540	0.00910	0.01514	0.00660	0.00320	0.00518
6	0.00818	0.00594	0.00770	0.00726	0.00865	0.00546	0.00544	0.01087	0.01633	0.02302	0.72853	0.04394	0.08281	0.01200	0.00686	0.00183	0.00275	0.01059	0.00636	0.00546
7	0.01166	0.03008	0.76550	0.01657	0.02517	0.01351	0.02149	0.01842	0.01228	0.01842	0.01044	0.01228	0.00737	0.00552	0.00552	0.00184	0.00859	0.00430	0.00246	0.00859
8	0.01439	0.01382	0.02360	0.03569	0.75936	0.01382	0.01785	0.01785	0.01324	0.01900	0.01094	0.01439	0.00921	0.00518	0.00576	0.00173	0.00691	0.00518	0.00288	0.00921
9	0.01555	0.79913	0.03047	0.00995	0.01493	0.02301	0.00995	0.01741	0.01182	0.01368	0.00808	0.00933	0.00746	0.00498	0.00373	0.00124	0.00622	0.00311	0.00249	0.00746
10	0.01446	0.01249	0.01315	0.01183	0.01512	0.01446	0.00920	0.03090	0.74885	0.02433	0.02367	0.02170	0.01775	0.00789	0.00592	0.00197	0.00460	0.00657	0.00592	0.00920
11	0.02609	0.00990	0.01350	0.01035	0.01484	0.00855	0.00855	0.02834	0.01664	0.76338	0.02294	0.01979	0.01439	0.00720	0.00585	0.00180	0.00495	0.00585	0.00720	0.00990
12	0.83671	0.01125	0.00855	0.00765	0.01125	0.01305	0.00630	0.01709	0.00990	0.02609	0.00810	0.00945	0.00630	0.00540	0.00360	0.00180	0.00450	0.00315	0.00360	0.00630
13	0.01373	0.01569	0.03431	0.02451	0.03039	0.01471	0.73824	0.01863	0.01373	0.01863	0.01176	0.01569	0.00882	0.00490	0.00686	0.00196	0.00980	0.00686	0.00294	0.00784
14	0.01446	0.01254	0.01354	0.01272	0.04283	0.01444	0.00953	0.03041	0.72146	0.02413	0.02319	0.02142	0.01743	0.00779	0.00591	0.00196	0.00469	0.00652	0.00580	0.00920
15	0.02172	0.02772	0.01648	0.01498	0.01798	0.77228	0.01124	0.02322	0.01648	0.01423	0.00899	0.01049	0.00749	0.00599	0.00524	0.00150	0.01049	0.00375	0.00300	0.00674
16	0.00700	0.00590	0.00606	0.00602	0.00793	0.00496	0.00452	0.00859	0.01355	0.01641	0.12291	0.05482	0.69256	0.01447	0.00687	0.00195	0.00293	0.01211	0.00549	0.00496
17	0.00831	0.00623	0.00935	0.00935	0.01038	0.00727	0.00727	0.01038	0.00935	0.01350	0.01558	0.02285	0.01454	0.04361	0.77259	0.00935	0.01558	0.00623	0.00312	0.00519
18	0.02241	0.01581	0.01715	0.01315	0.01779	0.01732	0.01086	0.68639	0.02654	0.09137	0.01464	0.01440	0.01023	0.00700	0.00582	0.00175	0.00629	0.00528	0.00592	0.00989
19	0.00795	0.00593	0.00738	0.00702	0.00851	0.00537	0.00526	0.01042	0.01579	0.02173	0.61040	0.04606	0.20176	0.01248	0.00686	0.00186	0.00279	0.01088	0.00619	0.00537
20	0.01166	0.03008	0.76550	0.01657	0.02517	0.01351	0.02149	0.01842	0.01228	0.01842	0.01044	0.01228	0.00737	0.00552	0.00552	0.00184	0.00859	0.00430	0.00246	0.00859
21	0.01206	0.01034	0.01206	0.00861	0.01378	0.00775	0.00689	0.01464	0.01206	0.01895	0.01034	0.01206	0.00861	0.00431	0.00431	0.00086	0.00431	0.00345	0.00345	0.83118
22	0.02235	0.01016	0.01303	0.01041	0.01441	0.00955	0.00845	0.04954	0.13936	0.54753	0.09158	0.02215	0.01861	0.00775	0.00595	0.00183	0.00473	0.00639	0.00687	0.00937
23	0.00818	0.00594	0.00771	0.00727	0.00866	0.00547	0.00545	0.01089	0.01635	0.02306	0.73280	0.04386	0.07852	0.01198	0.00686	0.00183	0.00275	0.01058	0.00637	0.00547
24	0.00831	0.00623	0.00935	0.00935	0.01038	0.00727	0.00727	0.01038	0.00935	0.01350	0.01558	0.02285	0.01454	0.04361	0.77259	0.00935	0.01558	0.00623	0.00312	0.00519
25	0.00798	0.00593	0.00742	0.00705	0.00853	0.00538	0.00529	0.01049	0.01587	0.02191	0.62674	0.04577	0.18530	0.01242	0.00686	0.00185	0.00278	0.01084	0.00622	0.00538
26	0.02593	0.01015	0.01365	0.01047	0.01497	0.00893	0.00865	0.05671	0.01707	0.73441	0.02258	0.01956	0.01422	0.00719	0.00585	0.00180	0.00501	0.00582	0.00714	0.00990
27	0.01203	0.10289	0.69591	0.01595	0.02420	0.01441	0.02039	0.01832	0.01223	0.01797	0.01021	0.01200	0.00738	0.00547	0.00536	0.00179	0.00837	0.00418	0.00246	0.00849
28	0.02173	0.01610	0.01724	0.01330	0.01789	0.01786	0.01096	0.70489	0.06303	0.03604	0.01444	0.01434	0.01028	0.00703	0.00582	0.00176	0.00631	0.00530	0.00582	0.00986
29	0.02445	0.01005	0.01334	0.01033	0.01460	0.00899	0.00849	0.07779	0.01739	0.65527	0.07805	0.02117	0.01715	0.00754	0.00592	0.00180	0.00488	0.00616	0.00704	0.00956
30	0.00695	0.00585	0.00594	0.00598	0.00780	0.00494	0.00440	0.00834	0.01296	0.01547	0.05619	0.07687	0.70090	0.05182	0.00797	0.00215	0.00309	0.01222	0.00531	0.00484
31	0.02211	0.01629	0.01745	0.01338	0.01803	0.01803	0.01105	0.73997	0.02734	0.03665	0.01396	0.01396	0.00989	0.00698	0.00582	0.00175	0.00640	0.00524	0.00582	0.00989
32	0.02211	0.01629	0.01745	0.01338	0.01803	0.01803	0.01105	0.73997	0.02734	0.03665	0.01396	0.01396	0.00989	0.00698	0.00582	0.00175	0.00640	0.00524	0.00582	0.00989
33	0.83671	0.01125	0.00855	0.00765	0.01125	0.01305	0.00630	0.01709	0.00990	0.02609	0.00810	0.00945	0.00630	0.00540	0.00360	0.00180	0.00450	0.00315	0.00360	0.00630
34	0.01710	0.01519	0.04443	0.01251	0.01633	0.07559	0.01023	0.23032	0.41354	0.04159	0.04699	0.01901	0.01562	0.00752	0.00585	0.00186	0.00568	0.00601	0.00556	0.00905
35	0.05790	0.01043	0.01401	0.01074	0.01525	0.00938	0.02605	0.06599	0.01688	0.67703	0.02160	0.01897	0.01370	0.00706	0.00578	0.00180	0.00512	0.00573	0.00688	0.00970
36	0.83671	0.01125	0.00855	0.00765	0.01125	0.01305	0.00630	0.01709	0.00990	0.02609	0.00810	0.00945	0.00630	0.00540	0.00360	0.00180	0.00450	0.00315	0.00360	0.00630
37	0.01844	0.01447	0.01539	0.01264	0.01664	0.01632	0.01017	0.40021	0.37306	0.03074	0.01861	0.01767	0.01366	0.00742	0.00587	0.00185	0.00554	0.00588	0.00587	0.00956
38	0.02232	0.01595	0.01724	0.01322	0.01787	0.01753	0.01092	0.70237	0.02678	0.07504	0.01444	0.01427	0.01013	0.00699	0.00582	0.00175	0.00632	0.00527	0.00589	0.00989
39	0.02319	0.01376	0.01602	0.01276	0.03482	0.01432	0.01024	0.43965	0.04251	0.30508	0.01748	0.01634	0.01175	0.00704	0.00583	0.00177	0.00583	0.00550	0.00626	0.00986
40	0.01519	0.52512	0.20825	0.01227	0.01805	0.05259	0.03626	0.01834	0.01236	0.04158	0.00934	0.01067	0.00773	0.00523	0.00441	0.00144	0.00705	0.00364	0.00268	0.00781
41	0.83671	0.01125	0.00855	0.00765	0.01125	0.01305	0.00630	0.01709	0.00990	0.02609	0.00810	0.00945	0.00630	0.00540	0.00360	0.00180	0.00450	0.00315	0.00360	0.00630
42	0.02405	0.01126	0.01412	0.01098	0.01535	0.01078	0.00902	0.17040	0.06961	0.54874	0.03905	0.01933	0.01471	0.00732	0.00587	0.00180	0.00516	0.00589	0.00681	0.00974
43	0.05111	0.05635	0.63077	0.01710	0.05229	0.01392	0.06271	0.01831	0.01227	0.01864	0.01034	0.01232	0.00748	0.00545	0.00546	0.00182	0.00832	0.00438	0.00256	0.00842
44	0.02152	0.02629	0.01679	0.01551	0.04190	0.68348	0.01143	0.08418	0.01730	0.01630	0.00948	0.01091	0.00775	0.00605	0.00531	0.00153	0.01002	0.00392	0.00323	0.00709
45	0.01478	0.01216	0.01294	0.01158	0.01488	0.01388	0.00902	0.03007	0.69101	0.05906	0.02474	0.02268	0.04086	0.00807	0.00594	0.00196	0.00457	0.00672	0.00596	0.00910
46	0.02033	0.00909	0.01225	0.01062	0.04125	0.00816	0.00810	0.05100	0.01616	0.49893	0.11749	0.11349	0.04826	0.00926	0.00619	0.00187	0.00455	0.00786	0.00661	0.00853
47	0.02498	0.01004	0.01363	0.03913	0.01580	0.00899	0.00886	0.02796	0.05114	0.70051	0.02251	0.01972	0.01431	0.00718	0.00585	0.00181	0.00504	0.00586	0.00697	0.00974
48	0.00710	0.00584	0.00625	0.00627	0.00803	0.00499	0.00466	0.00874	0.01360	0.01684	0.16619	0.10670	0.59559	0.01453	0.00691	0.00197	0.00294	0.01230	0.00556	0.00499
49	0.01952	0.01150	0.01288	0.01061	0.01413	0.05974	0.00844	0.12192	0.13819	0.33546	0.14249	0.02382	0.03466	0.03142	0.00670	0.00192	0.00507	0.00672	0.00625	0.00857
50	0.13493	0.00996	0.01262	0.00987	0.01412	0.00907	0.00810	0.02626	0.01550	0.64257	0.02081	0.01892	0.01349	0.02936	0.00622	0.00191	0.00491	0.00556	0.00661	0.00923
51	0.73016	0.01087	0.00862	0.00771	0.01099	0.01249	0.00618	0.03958	0.01032	0.02500	0.00928	0.01236	0.00785	0.08203	0.00619	0.00217	0.00467	0.00373	0.00366	0.00614
52	0.00769	0.00584	0.00687	0.00738	0.00849	0.00536	0.00517	0.03477	0.01264	0.01625	0.08184	0.42581	0.28917	0.05453	0.00823	0.00233	0.00341	0.01389	0.00538	0.00496
53	0.18577	0.01016	0.01252	0.00981	0.01414	0.00943	0.00810	0.02612	0.01531	0.61815	0.02002	0.01775	0.01280	0.00684	0.00540	0.00180	0.00486	0.00532	0.00649	0.00919
54	0.00803	0.00534	0.00702	0.00806	0.00864	0.00494	0.00545	0.00908	0.01138	0.05020	0.03210	0.70201	0.06263	0.04511	0.00811	0.00244	0.00351	0.01559	0.00542	0.00493
55	0.00701	0.00580	0.00606	0.00617	0.00788	0.00494	0.00452	0.00843	0.01298	0.01574	0.08120	0.12455	0.63295	0.04603	0.00783	0.00214	0.00309	0.01246	0.00536	0.00486
56	0.02074	0.01263	0.01433	0.01125	0.01506	0.01324	0.00903	0.41787	0.02119	0.22386	0.01716	0.01929	0.01290	0.12098	0.00919	0.00231	0.00576	0.00587	0.03857	0.00879
57	0.00751	0.00587	0.00681	0.00668	0.00827	0.00517	0.00497	0.00955	0.01462	0.01918	0.37968	0.09219	0.39147	0.01361	0.00690	0.00192	0.00288	0.01170	0.00586	0.00517
58	0.02609	0.00990	0.01350	0.01035	0.01484	0.00855	0.00855	0.02834	0.01664	0.76338	0.02294	0.01979	0.01439	0.00720	0.00585	0.00180	0.00495	0.00585	0.00720	0.00990
59	0.10843	0.01003	0.01299	0.01007	0.01448	0.00900	0.00832	0.02720	0.01596	0.68849	0.02143	0.01874	0.01357	0.00701	0.00562	0.00180	0.00490	0.00557	0.00683	0.00953
60	0.02562	0.00979	0.01335	0.01027	0.01468	0.00847	0.00847	0.02788	0.01664	0.74396	0.04219	0.02041	0.01546	0.00732	0.00587	0.00180	0.00489	0.00597	0.00718	0.00978
61	0.02241	0.01581	0.01715	0.01315	0.01779	0.01732	0.01086	0.68636	0.02654	0.09139	0.01464	0.01440	0.01023	0.00700	0.00582	0.00175	0.00629	0.00528	0.00592	0.00989
62	0.02085	0.01504	0.01634	0.01276	0.01705	0.01650	0.01044	0.63389	0.04421	0.06239	0.04219	0.05229	0.01324	0.00772	0.00593	0.00179	0.00602	0.00602	0.00587	0.00947
63	0.00724	0.00591	0.00640	0.00627	0.00808	0.00506	0.00471	0.00905	0.01412	0.01776	0.24667	0.05259	0.56796	0.01396	0.00687	0.00193	0.00289	0.01180	0.00567	0.00506
64	0.00719	0.00514	0.00684	0.00803	0.00846	0.00479	0.00541	0.00835	0.01160	0.01559	0.09603	0.72572	0.03991	0.01766	0.00737	0.00231	0.00332	0.01600	0.00549	0.00479
65	0.00711	0.00515	0.00666	0.00785	0.00832	0.00477	0.00526	0.00813	0.01124	0.01482	0.03403	0.70563	0.10123	0.04000	0.00800	0.00242	0.00340	0.01593	0.00535	0.00471
66	0.01326	0.01495	0.03240	0.02337	0.02887	0.01401	0.68728	0.01790	0.01355	0.01836	0.01318	0.06965	0.01088	0.00583	0.00690	0.00199	0.00936	0.00754	0.00311	0.00763
67	0.00823	0.00594	0.00777	0.00732	0.00869	0.00549	0.00549	0.01097	0.01646	0.02332	0.75629	0.04344	0.05487	0.01189	0.00686	0.00183	0.00274	0.01052	0.00640	0.00549
68	0.70639	0.01280	0.00991	0.00867	0.01233	0.06299	0.00707	0.08601	0.01198	0.02632	0.00871	0.00994	0.00672	0.00559	0.00392	0.00177	0.00507	0.00339	0.00377	0.00667
69	0.01420	0.01362	0.02325	0.07850	0.71808	0.01377	0.01775	0.01768	0.01315	0.01876	0.01090	0.01446	0.00913	0.00522	0.00576	0.00174	0.00696	0.00518	0.00286	0.00905
70	0.02034	0.09652	0.01781	0.01504	0.04614	0.59684	0.01122	0.04240	0.07131	0.01573	0.01022	0.01147	0.00839	0.00604	0.00519	0.00153	0.00940	0.00400	0.00324	0.00717

[dist]
# distance from previous block
# <min> <max>
4	7

[block]
# block no. 5 follows, 40 sequences, length 19
# corresponding to MSA columns:
# 301-319
name=unknown_F
#
# <colnr> <probs for GDERKNQSTAVLIFYWHMCP>
#	G	D	E	R	K	N	Q	S	T	A	V	L	I	F	Y	W	H	M	C	P
0	0.01433	0.01191	0.01404	0.05296	0.04293	0.02752	0.04209	0.07020	0.39951	0.06246	0.05292	0.02375	0.09159	0.00804	0.00596	0.00185	0.00507	0.00682	0.00531	0.06075
1	0.01183	0.00843	0.01064	0.01074	0.06907	0.00836	0.00749	0.01720	0.16843	0.09628	0.34059	0.04881	0.08887	0.04080	0.00732	0.00200	0.00391	0.02232	0.00579	0.03110
2	0.01368	0.25022	0.39829	0.01376	0.02026	0.01529	0.04812	0.01825	0.01289	0.07308	0.07345	0.01475	0.01198	0.00600	0.00520	0.00167	0.00719	0.00471	0.00317	0.00807
3	0.00831	0.00623	0.00935	0.00935	0.01038	0.00727	0.00727	0.01038	0.00935	0.01350	0.01558	0.02285	0.01454	0.04361	0.77259	0.00935	0.01558	0.00623	0.00312	0.00519
4	0.02056	0.01652	0.01655	0.04984	0.01852	0.10428	0.01095	0.48995	0.13143	0.05952	0.01500	0.01500	0.01085	0.00695	0.00577	0.00176	0.00662	0.00528	0.00540	0.00926
5	0.83671	0.01125	0.00855	0.00765	0.01125	0.01305	0.00630	0.01709	0.00990	0.02609	0.00810	0.00945	0.00630	0.00540	0.00360	0.00180	0.00450	0.00315	0.00360	0.00630
6	0.01206	0.01034	0.01206	0.00861	0.01378	0.00775	0.00689	0.01464	0.01206	0.01895	0.01034	0.01206	0.00861	0.00431	0.00431	0.00086	0.00431	0.00345	0.00345	0.83118
7	0.01944	0.01417	0.01562	0.01186	0.01660	0.01456	0.00972	0.47888	0.04336	0.07832	0.01385	0.01405	0.01006	0.00630	0.00542	0.00152	0.00569	0.00483	0.00527	0.23047
8	0.00709	0.00506	0.00675	0.00810	0.00843	0.00472	0.00540	0.00810	0.01113	0.01484	0.03205	0.79184	0.03846	0.01822	0.00742	0.00236	0.00337	0.01653	0.00540	0.00472
9	0.02137	0.01682	0.01698	0.01336	0.01776	0.07635	0.01090	0.61844	0.09345	0.03376	0.01448	0.01441	0.01043	0.00699	0.00578	0.00175	0.00655	0.00524	0.00561	0.00958
10	0.00831	0.00623	0.00935	0.00935	0.01038	0.00727	0.00727	0.01038	0.00935	0.01350	0.01558	0.02285	0.01454	0.04361	0.77259	0.00935	0.01558	0.00623	0.00312	0.00519
11	0.00832	0.00618	0.00911	0.00911	0.01007	0.00714	0.00698	0.01023	0.00928	0.01333	0.01579	0.02403	0.01505	0.10209	0.71482	0.00906	0.01480	0.00640	0.00315	0.00506
12	0.00703	0.00586	0.00613	0.00613	0.00797	0.00496	0.00457	0.00861	0.01350	0.01648	0.13153	0.08562	0.65249	0.01457	0.00689	0.00197	0.00294	0.01227	0.00551	0.00496
13	0.08471	0.08330	0.01658	0.01347	0.01684	0.54354	0.01044	0.03995	0.04442	0.07963	0.01072	0.01163	0.00844	0.00607	0.00509	0.00155	0.00890	0.00397	0.00354	0.00720
14	0.01439	0.01382	0.02360	0.03569	0.75936	0.01382	0.01785	0.01785	0.01324	0.01900	0.01094	0.01439	0.00921	0.00518	0.00576	0.00173	0.00691	0.00518	0.00288	0.00921
15	0.00836	0.00560	0.00637	0.00646	0.00649	0.00557	0.00365	0.00843	0.00864	0.01152	0.01928	0.09058	0.02235	0.74146	0.02805	0.00541	0.00548	0.00902	0.00365	0.00361
16	0.01432	0.01416	0.02356	0.05911	0.62195	0.04269	0.07833	0.01781	0.01344	0.01877	0.03279	0.01524	0.01040	0.00541	0.00587	0.00175	0.00720	0.00543	0.00298	0.00880
17	0.01254	0.01085	0.01320	0.00960	0.01467	0.00872	0.03784	0.03525	0.05624	0.01973	0.01128	0.01283	0.00920	0.00462	0.00455	0.00100	0.00461	0.00382	0.00363	0.72581
18	0.01882	0.01185	0.04622	0.04073	0.01694	0.01012	0.05044	0.11354	0.01614	0.31867	0.05030	0.01719	0.01315	0.00630	0.00549	0.00154	0.00538	0.00526	0.00528	0.24663

[dist]
# distance from previous block
# <min> <max>
0	1

[block]
# block no. 6 follows, 40 sequences, length 11
# corresponding to MSA columns:
# 321-331
name=unknown_G
#
# <colnr> <probs for GDERKNQSTAVLIFYWHMCP>
#	G	D	E	R	K	N	Q	S	T	A	V	L	I	F	Y	W	H	M	C	P
0	0.01592	0.02422	0.50214	0.01518	0.02234	0.03602	0.03787	0.08008	0.01461	0.17652	0.01335	0.01404	0.00910	0.00599	0.00565	0.00182	0.00774	0.00476	0.00376	0.00890
1	0.00978	0.00677	0.00756	0.00709	0.00923	0.00608	0.00537	0.01252	0.06503	0.09941	0.16092	0.06668	0.47238	0.03599	0.00737	0.00204	0.00334	0.01090	0.00574	0.00580
2	0.00852	0.00646	0.00771	0.00745	0.00888	0.00620	0.00543	0.01191	0.08553	0.02000	0.41662	0.10468	0.17512	0.09856	0.00931	0.00233	0.00333	0.01073	0.00577	0.00546
3	0.01354	0.01869	0.23269	0.01887	0.02497	0.01363	0.36221	0.09690	0.01496	0.02095	0.07289	0.01665	0.01232	0.00585	0.00625	0.00184	0.00824	0.00610	0.00343	0.04903
4	0.02173	0.00967	0.01264	0.00997	0.01402	0.00864	0.00810	0.02535	0.08257	0.54685	0.11395	0.02234	0.01933	0.00763	0.00586	0.00175	0.00459	0.00632	0.00670	0.07201
5	0.01818	0.07882	0.01951	0.01382	0.01818	0.01557	0.12591	0.40989	0.03619	0.05874	0.05321	0.04827	0.01371	0.03273	0.00667	0.00188	0.00643	0.00617	0.00502	0.03109
6	0.01509	0.00875	0.01148	0.00952	0.01252	0.00813	0.03465	0.06995	0.05238	0.24224	0.29683	0.06254	0.08734	0.00976	0.00632	0.00181	0.00415	0.00842	0.00616	0.05195
7	0.01552	0.01182	0.01360	0.03881	0.01579	0.01093	0.00846	0.21035	0.04903	0.07202	0.01468	0.01540	0.03997	0.00585	0.00504	0.00129	0.00500	0.00464	0.00448	0.45733
8	0.01652	0.06617	0.10684	0.01141	0.01617	0.03215	0.01032	0.23585	0.05734	0.09805	0.07653	0.01799	0.04231	0.00685	0.00545	0.00156	0.00564	0.00540	0.00479	0.18264
9	0.01521	0.01534	0.21628	0.01302	0.03628	0.00996	0.06930	0.01927	0.03198	0.21660	0.07482	0.06030	0.03671	0.00719	0.00576	0.00170	0.00593	0.00621	0.00457	0.15356
10	0.01389	0.01126	0.05219	0.00993	0.01394	0.00980	0.00829	0.06872	0.17880	0.10525	0.10977	0.04562	0.06570	0.00770	0.00558	0.00156	0.00451	0.00641	0.00507	0.27602

[dist]
# distance from previous block
# <min> <max>
14	74

# created by:
# /st0/software/busco_prod/Augustus/scripts/msa2prfl.pl ./align_prep/200301.fa
