[name]
unknown

[dist]
# distance from previous block
# <min> <max>
1	32

[block]
# block no. 0 follows, 41 sequences, length 9
# corresponding to MSA columns:
# 34-42
name=unknown_A
#
# <colnr> <probs for GDERKNQSTAVLIFYWHMCP>
#	G	D	E	R	K	N	Q	S	T	A	V	L	I	F	Y	W	H	M	C	P
0	0.01278	0.01208	0.02317	0.32391	0.03048	0.01276	0.32171	0.01661	0.01252	0.06896	0.01305	0.07103	0.01067	0.00647	0.00677	0.00196	0.03819	0.00663	0.00320	0.00704
1	0.08787	0.01019	0.01587	0.51185	0.03051	0.01175	0.05353	0.01487	0.03111	0.01613	0.01038	0.01470	0.00808	0.00665	0.00674	0.06724	0.00681	0.00485	0.00282	0.08804
2	0.01046	0.00609	0.00797	0.00778	0.00833	0.00620	0.00532	0.07625	0.01011	0.01380	0.01481	0.12876	0.01544	0.11406	0.01849	0.48998	0.00480	0.00700	0.05061	0.00374
3	0.05719	0.00708	0.00802	0.08375	0.01137	0.00755	0.00608	0.08028	0.01279	0.02060	0.01854	0.12989	0.01674	0.06370	0.00653	0.00188	0.00388	0.00692	0.45153	0.00566
4	0.01874	0.01188	0.01341	0.01096	0.01469	0.01259	0.00880	0.23523	0.25228	0.21018	0.01918	0.01827	0.01368	0.00741	0.00596	0.02165	0.00496	0.00567	0.07976	0.03469
5	0.09212	0.01209	0.01746	0.10097	0.33817	0.01260	0.01299	0.13344	0.01495	0.10818	0.01434	0.09163	0.01219	0.00696	0.00565	0.00180	0.00601	0.00610	0.00407	0.00826
6	0.05501	0.00730	0.00914	0.08504	0.01257	0.00746	0.00688	0.07657	0.01319	0.06451	0.10548	0.36075	0.08021	0.07894	0.00843	0.00235	0.00426	0.01120	0.00504	0.00566
7	0.25245	0.01050	0.01377	0.37699	0.02525	0.01209	0.01135	0.01638	0.01130	0.08552	0.01051	0.01344	0.00787	0.00578	0.00556	0.00178	0.04329	0.00440	0.00332	0.08846
8	0.05447	0.00968	0.01208	0.13715	0.01658	0.01056	0.00887	0.15137	0.02734	0.13165	0.01712	0.11352	0.01455	0.02356	0.02408	0.00203	0.05126	0.00659	0.15939	0.02814

[dist]
# distance from previous block
# <min> <max>
2	6

[block]
# block no. 1 follows, 41 sequences, length 6
# corresponding to MSA columns:
# 49-54
name=unknown_B
#
# <colnr> <probs for GDERKNQSTAVLIFYWHMCP>
#	G	D	E	R	K	N	Q	S	T	A	V	L	I	F	Y	W	H	M	C	P
0	0.09890	0.00850	0.00932	0.00881	0.01078	0.03179	0.00658	0.07542	0.07317	0.09403	0.16633	0.29314	0.04868	0.03940	0.00708	0.00210	0.00410	0.01021	0.00543	0.00626
1	0.01634	0.01206	0.01751	0.06950	0.05167	0.01252	0.14095	0.19223	0.08769	0.14888	0.01917	0.07753	0.05588	0.03707	0.00738	0.00202	0.03172	0.00699	0.00486	0.00803
2	0.06481	0.01257	0.01375	0.01101	0.01465	0.01343	0.00886	0.45134	0.02057	0.06948	0.01512	0.07993	0.01234	0.00857	0.00686	0.06821	0.00540	0.00587	0.05303	0.06420
3	0.01705	0.01502	0.01758	0.04956	0.01895	0.12083	0.12978	0.23574	0.13120	0.06712	0.05105	0.01873	0.05576	0.00705	0.00588	0.00175	0.00668	0.00601	0.00473	0.03953
4	0.04491	0.01329	0.01805	0.11398	0.08291	0.07392	0.13421	0.10078	0.10322	0.04290	0.06685	0.04714	0.01399	0.00703	0.00670	0.00181	0.05922	0.00607	0.00401	0.05901
5	0.01523	0.01424	0.01505	0.08226	0.04607	0.17292	0.06811	0.10028	0.11096	0.05772	0.04622	0.02138	0.07802	0.07372	0.00802	0.00206	0.02566	0.00618	0.02629	0.02962

[dist]
# distance from previous block
# <min> <max>
32	75

[block]
# block no. 2 follows, 41 sequences, length 17
# corresponding to MSA columns:
# 161-177
name=unknown_C
#
# <colnr> <probs for GDERKNQSTAVLIFYWHMCP>
#	G	D	E	R	K	N	Q	S	T	A	V	L	I	F	Y	W	H	M	C	P
0	0.03977	0.01292	0.01533	0.05369	0.01730	0.01343	0.04960	0.36567	0.06867	0.02737	0.05872	0.04398	0.02616	0.00698	0.00555	0.00161	0.00558	0.00572	0.00488	0.17708
1	0.01207	0.00943	0.01206	0.12015	0.01606	0.00972	0.02091	0.14880	0.03136	0.03152	0.01820	0.23459	0.01851	0.09712	0.02171	0.00233	0.02642	0.00835	0.00433	0.15636
2	0.01200	0.00950	0.01064	0.04183	0.01280	0.05026	0.00729	0.12059	0.01450	0.04003	0.11481	0.22942	0.02436	0.07575	0.00795	0.00205	0.00474	0.03583	0.00474	0.18090
3	0.01338	0.01271	0.08897	0.01087	0.01493	0.03174	0.03672	0.09379	0.05442	0.06218	0.04975	0.07804	0.01445	0.04812	0.00721	0.00171	0.04566	0.00582	0.01718	0.31236
4	0.01120	0.00852	0.01015	0.00909	0.01105	0.03483	0.00688	0.02439	0.01215	0.07831	0.08693	0.23240	0.09302	0.04901	0.00942	0.03348	0.10378	0.00903	0.00453	0.17183
5	0.01549	0.01336	0.01475	0.04896	0.01640	0.08961	0.03737	0.26575	0.05615	0.02307	0.03626	0.08777	0.01505	0.03729	0.02714	0.00214	0.07514	0.04879	0.00449	0.08501
6	0.01120	0.00794	0.01177	0.01041	0.01224	0.00781	0.09581	0.03907	0.04069	0.09291	0.11980	0.21887	0.02718	0.16992	0.03345	0.00298	0.02131	0.06596	0.00487	0.00584
7	0.09576	0.01114	0.01216	0.01076	0.01336	0.10886	0.07496	0.01683	0.10369	0.06708	0.16398	0.05025	0.10711	0.03788	0.00700	0.00205	0.00534	0.10051	0.00489	0.00641
8	0.09695	0.01548	0.02917	0.02124	0.02646	0.05962	0.58652	0.01822	0.01311	0.01869	0.01090	0.01434	0.00831	0.00506	0.00660	0.00187	0.03029	0.00607	0.00296	0.02815
9	0.00895	0.00628	0.00797	0.02905	0.00951	0.00608	0.00570	0.04176	0.01549	0.02218	0.56237	0.08288	0.04465	0.03917	0.00722	0.00191	0.00312	0.00974	0.09048	0.00549
10	0.09421	0.01039	0.01630	0.66474	0.03521	0.01298	0.01473	0.01479	0.01112	0.01568	0.00980	0.01450	0.00747	0.00591	0.00622	0.00193	0.05019	0.00488	0.00264	0.00633
11	0.01365	0.01302	0.01522	0.01323	0.01414	0.10013	0.01067	0.08728	0.01143	0.01579	0.00984	0.01486	0.00921	0.04612	0.08919	0.05261	0.45320	0.00512	0.01910	0.00618
12	0.00821	0.00623	0.00801	0.00864	0.05305	0.00605	0.00568	0.00972	0.01181	0.01583	0.20023	0.05419	0.21397	0.20521	0.14446	0.02419	0.00590	0.00925	0.00450	0.00488
13	0.10321	0.01290	0.01420	0.01141	0.01552	0.01385	0.00929	0.30265	0.19789	0.23193	0.01788	0.01669	0.01245	0.00698	0.00553	0.00179	0.00529	0.00543	0.00590	0.00921
14	0.01746	0.01251	0.01713	0.01614	0.13691	0.01278	0.08399	0.26997	0.05586	0.15016	0.07098	0.05477	0.05947	0.00774	0.00603	0.00180	0.00580	0.00674	0.00520	0.00856
15	0.01365	0.01250	0.02175	0.17025	0.47472	0.01278	0.08898	0.01717	0.01313	0.05374	0.05598	0.01644	0.01168	0.00567	0.00585	0.00177	0.00690	0.00560	0.00319	0.00824
16	0.06175	0.18453	0.26770	0.01578	0.08142	0.01472	0.10846	0.03822	0.05659	0.01816	0.01286	0.09126	0.01130	0.00664	0.00536	0.00175	0.00693	0.00568	0.00317	0.00773

[dist]
# distance from previous block
# <min> <max>
1	7

[block]
# block no. 3 follows, 41 sequences, length 77
# corresponding to MSA columns:
# 185-261
name=unknown_D
#
# <colnr> <probs for GDERKNQSTAVLIFYWHMCP>
#	G	D	E	R	K	N	Q	S	T	A	V	L	I	F	Y	W	H	M	C	P
0	0.01731	0.01339	0.01815	0.19199	0.20790	0.01461	0.01336	0.33146	0.01884	0.07717	0.01323	0.03352	0.01008	0.00645	0.00575	0.00177	0.00655	0.00543	0.00437	0.00868
1	0.01161	0.00997	0.01574	0.60146	0.03281	0.01206	0.01386	0.08179	0.01242	0.01609	0.01114	0.03968	0.00902	0.00780	0.00764	0.09532	0.00707	0.00543	0.00292	0.00618
2	0.01636	0.01151	0.01873	0.12087	0.34809	0.01147	0.04815	0.01974	0.02839	0.22118	0.01600	0.02065	0.01264	0.00675	0.00596	0.00185	0.00632	0.07264	0.00424	0.00848
3	0.01217	0.01092	0.01490	0.02769	0.07397	0.00883	0.07656	0.01502	0.01210	0.01853	0.01034	0.01244	0.00852	0.00439	0.00461	0.00104	0.00501	0.00387	0.00328	0.67581
4	0.01016	0.02618	0.01313	0.10850	0.01666	0.00873	0.09126	0.01365	0.05789	0.03498	0.05539	0.14263	0.07164	0.01427	0.06039	0.00270	0.00620	0.25514	0.00457	0.00595
5	0.01422	0.01241	0.01389	0.01383	0.08482	0.01417	0.00985	0.02919	0.68381	0.02344	0.02211	0.02067	0.01668	0.00751	0.00581	0.00192	0.00474	0.00634	0.00554	0.00905
6	0.01176	0.01017	0.01236	0.08107	0.01597	0.00810	0.00763	0.01442	0.01182	0.01826	0.01017	0.01218	0.00839	0.00437	0.00437	0.00095	0.00455	0.00355	0.00331	0.75660
7	0.08856	0.00833	0.00972	0.06925	0.01300	0.00864	0.00727	0.01661	0.16182	0.08672	0.23554	0.03478	0.18035	0.01022	0.00616	0.00190	0.00398	0.04515	0.00546	0.00654
8	0.01156	0.00989	0.01205	0.01324	0.12160	0.01057	0.00873	0.02032	0.35821	0.02104	0.14958	0.10049	0.11912	0.00984	0.00621	0.00192	0.00423	0.00854	0.00535	0.00749
9	0.02174	0.01602	0.01717	0.01316	0.01774	0.01774	0.01087	0.74423	0.02689	0.03605	0.01373	0.01373	0.00973	0.00687	0.00572	0.00172	0.00629	0.00515	0.00572	0.00973
10	0.01407	0.01350	0.02305	0.05527	0.74384	0.01357	0.01751	0.01748	0.01298	0.01858	0.01074	0.01419	0.00902	0.00511	0.00566	0.00170	0.00682	0.00510	0.00282	0.00899
11	0.00806	0.00615	0.00824	0.00918	0.06081	0.00570	0.00610	0.01021	0.01421	0.01955	0.43251	0.24377	0.12753	0.01322	0.00682	0.00195	0.00317	0.01176	0.00568	0.00539
12	0.01404	0.01352	0.02282	0.03371	0.71133	0.01386	0.01720	0.01729	0.01273	0.01835	0.01053	0.01404	0.00895	0.00544	0.00657	0.00175	0.06109	0.00509	0.00281	0.00887
13	0.01416	0.01359	0.02322	0.03511	0.76330	0.01359	0.01755	0.01755	0.01302	0.01869	0.01076	0.01416	0.00906	0.00510	0.00566	0.00170	0.00680	0.00510	0.00283	0.00906
14	0.00867	0.00696	0.00850	0.00824	0.00994	0.00731	0.00633	0.01284	0.12926	0.01685	0.12110	0.03530	0.26132	0.02433	0.31130	0.00479	0.00805	0.00862	0.00462	0.00568
15	0.01416	0.01359	0.02322	0.03511	0.76330	0.01359	0.01755	0.01755	0.01302	0.01869	0.01076	0.01416	0.00906	0.00510	0.00566	0.00170	0.00680	0.00510	0.00283	0.00906
16	0.00806	0.00614	0.00766	0.00846	0.00993	0.00573	0.00698	0.01009	0.01292	0.01625	0.04118	0.12475	0.31715	0.01547	0.00740	0.00233	0.00417	0.38500	0.00529	0.00504
17	0.01416	0.01359	0.02322	0.03511	0.76330	0.01359	0.01755	0.01755	0.01302	0.01869	0.01076	0.01416	0.00906	0.00510	0.00566	0.00170	0.00680	0.00510	0.00283	0.00906
18	0.11625	0.01042	0.01180	0.00950	0.01283	0.01044	0.00743	0.19441	0.01572	0.24278	0.01634	0.02036	0.01314	0.19007	0.02545	0.00268	0.00546	0.00567	0.00507	0.08418
19	0.00875	0.00676	0.00961	0.00908	0.01074	0.00722	0.00709	0.01087	0.00961	0.01412	0.01451	0.02080	0.01338	0.03681	0.65478	0.00788	0.01358	0.00570	0.00312	0.13557
20	0.02174	0.01602	0.01717	0.01316	0.01774	0.01774	0.01087	0.74423	0.02689	0.03605	0.01373	0.01373	0.00973	0.00687	0.00572	0.00172	0.00629	0.00515	0.00572	0.00973
21	0.02174	0.01602	0.01717	0.01316	0.01774	0.01774	0.01087	0.74423	0.02689	0.03605	0.01373	0.01373	0.00973	0.00687	0.00572	0.00172	0.00629	0.00515	0.00572	0.00973
22	0.00829	0.00602	0.00847	0.00871	0.00953	0.00664	0.00658	0.00994	0.00961	0.01339	0.01856	0.06412	0.01912	0.19488	0.48658	0.00727	0.01145	0.10253	0.00354	0.00477
23	0.01416	0.01359	0.02322	0.03511	0.76330	0.01359	0.01755	0.01755	0.01302	0.01869	0.01076	0.01416	0.00906	0.00510	0.00566	0.00170	0.00680	0.00510	0.00283	0.00906
24	0.11072	0.14944	0.08574	0.08823	0.01635	0.01367	0.00984	0.18216	0.01424	0.02033	0.01328	0.05196	0.01228	0.15022	0.04326	0.00272	0.00649	0.01853	0.00372	0.00681
25	0.01080	0.01017	0.01716	0.78523	0.03940	0.01271	0.01589	0.01461	0.01144	0.01461	0.01017	0.01525	0.00762	0.00572	0.00572	0.00191	0.00762	0.00508	0.00254	0.00635
26	0.00832	0.00555	0.00624	0.00624	0.00624	0.00555	0.00347	0.00832	0.00832	0.01109	0.01802	0.03743	0.02080	0.79898	0.02911	0.00555	0.00555	0.00832	0.00347	0.00347
27	0.01169	0.01090	0.01843	0.54828	0.23654	0.01264	0.01590	0.01513	0.01171	0.01554	0.01032	0.01504	0.00811	0.00612	0.00637	0.03536	0.00729	0.00508	0.00262	0.00694
28	0.01209	0.00963	0.02914	0.00969	0.01245	0.00944	0.00760	0.01986	0.30654	0.07286	0.17323	0.16428	0.02700	0.00986	0.00607	0.00183	0.00402	0.00854	0.00553	0.11035
29	0.00859	0.00614	0.00850	0.00982	0.01086	0.00604	0.00813	0.01077	0.01255	0.01642	0.03063	0.26847	0.03429	0.01639	0.00773	0.00255	0.00472	0.52705	0.00528	0.00509
30	0.01920	0.01965	0.01784	0.01901	0.19447	0.36279	0.01248	0.10087	0.01590	0.08792	0.01099	0.01268	0.00868	0.00634	0.00677	0.00169	0.08685	0.00451	0.00357	0.00780
31	0.01555	0.76908	0.02938	0.01000	0.01481	0.05504	0.00984	0.01737	0.01182	0.01348	0.00799	0.00922	0.00734	0.00494	0.00373	0.00123	0.00630	0.00309	0.00247	0.00731
32	0.83938	0.01106	0.00841	0.00752	0.01106	0.01283	0.00619	0.01681	0.00973	0.02566	0.00796	0.00929	0.00619	0.00531	0.00354	0.00177	0.00442	0.00310	0.00354	0.00619
33	0.01540	0.01512	0.02061	0.01654	0.03399	0.10435	0.25444	0.13405	0.23195	0.02190	0.01662	0.07978	0.01364	0.00720	0.00615	0.00187	0.00714	0.00680	0.00439	0.00806
34	0.00704	0.00583	0.00630	0.00628	0.00803	0.00515	0.00471	0.00859	0.01265	0.01551	0.09116	0.05013	0.61642	0.03686	0.09697	0.00286	0.00440	0.01119	0.00506	0.00486
35	0.01125	0.01062	0.01797	0.68491	0.13621	0.01283	0.01611	0.01501	0.01165	0.01516	0.01025	0.01510	0.00782	0.00564	0.00571	0.00188	0.00751	0.00508	0.00258	0.00672
36	0.01080	0.01017	0.01716	0.78523	0.03940	0.01271	0.01589	0.01461	0.01144	0.01461	0.01017	0.01525	0.00762	0.00572	0.00572	0.00191	0.00762	0.00508	0.00254	0.00635
37	0.02963	0.00532	0.00787	0.03879	0.00882	0.00547	0.00544	0.00796	0.00767	0.01050	0.00990	0.01711	0.00975	0.01896	0.02124	0.78036	0.00506	0.00493	0.00251	0.00273
38	0.01217	0.01141	0.01904	0.39774	0.32690	0.01290	0.01587	0.01561	0.01202	0.01645	0.01126	0.01679	0.00936	0.00611	0.00640	0.00187	0.04637	0.03409	0.02027	0.00737
39	0.01588	0.02350	0.51542	0.01452	0.02163	0.01252	0.01708	0.08834	0.01450	0.20173	0.01358	0.01403	0.00916	0.00597	0.00554	0.00179	0.00738	0.00468	0.00386	0.00888
40	0.83938	0.01106	0.00841	0.00752	0.01106	0.01283	0.00619	0.01681	0.00973	0.02566	0.00796	0.00929	0.00619	0.00531	0.00354	0.00177	0.00442	0.00310	0.00354	0.00619
41	0.01466	0.01442	0.02177	0.03150	0.64157	0.06660	0.01631	0.01912	0.08240	0.01885	0.01180	0.01456	0.00973	0.00540	0.00564	0.00171	0.00683	0.00513	0.00312	0.00889
42	0.01292	0.01185	0.01694	0.63994	0.05276	0.08542	0.01494	0.01639	0.01227	0.06693	0.01092	0.01504	0.00809	0.00582	0.00567	0.00185	0.00767	0.00500	0.00290	0.00668
43	0.01251	0.01251	0.01752	0.01502	0.01502	0.01752	0.01251	0.01377	0.00876	0.01377	0.00751	0.01251	0.00751	0.01001	0.01877	0.00250	0.78851	0.00501	0.00250	0.00626
44	0.02137	0.02726	0.01621	0.01474	0.01768	0.77602	0.01105	0.02284	0.01621	0.01400	0.00884	0.01031	0.00737	0.00589	0.00516	0.00147	0.01031	0.00368	0.00295	0.00663
45	0.02566	0.00973	0.01327	0.01018	0.01460	0.00841	0.00841	0.02788	0.01637	0.76726	0.02257	0.01947	0.01416	0.00708	0.00575	0.00177	0.00487	0.00575	0.00708	0.00973
46	0.01222	0.01203	0.01674	0.01441	0.01441	0.01669	0.01189	0.01339	0.00873	0.01358	0.00824	0.01424	0.00843	0.06481	0.01949	0.00271	0.73413	0.00524	0.00257	0.00606
47	0.00934	0.00670	0.00852	0.00882	0.00990	0.00665	0.02142	0.10702	0.01321	0.01801	0.02783	0.62062	0.03185	0.01539	0.00685	0.00216	0.00380	0.01382	0.06264	0.00544
48	0.01416	0.01359	0.02322	0.03511	0.76330	0.01359	0.01755	0.01755	0.01302	0.01869	0.01076	0.01416	0.00906	0.00510	0.00566	0.00170	0.00680	0.00510	0.00283	0.00906
49	0.02086	0.01558	0.01667	0.01298	0.01740	0.01732	0.01066	0.66002	0.11254	0.03462	0.01486	0.01463	0.01064	0.00697	0.00573	0.00174	0.00609	0.00531	0.00573	0.00965
50	0.01519	0.01336	0.02302	0.03201	0.64239	0.01317	0.06705	0.01857	0.01337	0.08862	0.01192	0.01474	0.00951	0.00526	0.00575	0.00172	0.00681	0.00527	0.00323	0.00903
51	0.01299	0.01460	0.10765	0.05817	0.48448	0.01280	0.05757	0.01757	0.06427	0.01850	0.01598	0.01833	0.07919	0.00620	0.00581	0.00177	0.00666	0.00583	0.00321	0.00841
52	0.02141	0.01430	0.01886	0.01417	0.01891	0.01480	0.12943	0.44121	0.02200	0.22175	0.01566	0.01549	0.01070	0.00659	0.00590	0.00176	0.00647	0.00557	0.00561	0.00940
53	0.01358	0.01300	0.02218	0.16402	0.63890	0.01344	0.01727	0.01705	0.01275	0.01799	0.01066	0.01434	0.00881	0.00520	0.00567	0.00173	0.00694	0.00509	0.00278	0.00860
54	0.01080	0.01017	0.01716	0.78523	0.03940	0.01271	0.01589	0.01461	0.01144	0.01461	0.01017	0.01525	0.00762	0.00572	0.00572	0.00191	0.00762	0.00508	0.00254	0.00635
55	0.01119	0.01080	0.01895	0.68388	0.06767	0.01291	0.08386	0.01508	0.01169	0.01512	0.01032	0.01522	0.00778	0.00561	0.00581	0.00190	0.00778	0.00524	0.00259	0.00659
56	0.02708	0.00512	0.00668	0.00795	0.00836	0.00484	0.00533	0.00818	0.01092	0.01487	0.03096	0.77626	0.03707	0.01762	0.00721	0.00231	0.00335	0.01594	0.00527	0.00468
57	0.01080	0.01017	0.01716	0.78523	0.03940	0.01271	0.01589	0.01461	0.01144	0.01461	0.01017	0.01525	0.00762	0.00572	0.00572	0.00191	0.00762	0.00508	0.00254	0.00635
58	0.01201	0.01201	0.02231	0.04057	0.30797	0.01159	0.25789	0.01532	0.01281	0.01751	0.01880	0.14522	0.08384	0.00798	0.00640	0.00190	0.00684	0.00812	0.00348	0.00744
59	0.01186	0.01017	0.01186	0.00847	0.01356	0.00762	0.00678	0.01440	0.01186	0.01864	0.01017	0.01186	0.00847	0.00424	0.00424	0.00085	0.00424	0.00339	0.00339	0.83395
60	0.21428	0.01184	0.05012	0.01025	0.01469	0.01089	0.00884	0.11771	0.01597	0.46230	0.01740	0.01598	0.01138	0.00656	0.00522	0.00177	0.00513	0.00498	0.00585	0.00884
61	0.00825	0.00667	0.00749	0.00777	0.00929	0.00650	0.00562	0.01226	0.14860	0.01686	0.05821	0.34423	0.31779	0.01455	0.00680	0.00209	0.00336	0.01267	0.00543	0.00555
62	0.00974	0.00621	0.00817	0.00747	0.00911	0.00568	0.00568	0.01239	0.01621	0.09250	0.69134	0.04055	0.05025	0.01126	0.00665	0.00180	0.00290	0.00992	0.00637	0.00580
63	0.01274	0.01126	0.01389	0.01071	0.01427	0.01122	0.00874	0.06491	0.01200	0.01842	0.00964	0.01218	0.00828	0.00611	0.00859	0.00139	0.23385	0.00398	0.00329	0.53453
64	0.01367	0.00770	0.00992	0.00869	0.01145	0.00652	0.00658	0.01550	0.01306	0.23416	0.06655	0.33113	0.02461	0.01101	0.00606	0.00176	0.00396	0.00966	0.00540	0.21262
65	0.02566	0.00973	0.01327	0.01018	0.01460	0.00841	0.00841	0.02788	0.01637	0.76726	0.02257	0.01947	0.01416	0.00708	0.00575	0.00177	0.00487	0.00575	0.00708	0.00973
66	0.00806	0.00602	0.00895	0.00908	0.01003	0.00692	0.00698	0.01000	0.00936	0.01340	0.01684	0.09469	0.01650	0.04056	0.70444	0.00855	0.01420	0.00708	0.00327	0.00506
67	0.02566	0.00973	0.01327	0.01018	0.01460	0.00841	0.00841	0.02788	0.01637	0.76726	0.02257	0.01947	0.01416	0.00708	0.00575	0.00177	0.00487	0.00575	0.00708	0.00973
68	0.01406	0.01336	0.02206	0.05631	0.67059	0.01362	0.01671	0.01867	0.08231	0.01905	0.01191	0.01486	0.00980	0.00537	0.00568	0.00173	0.00661	0.00522	0.00310	0.00898
69	0.00803	0.00580	0.00759	0.00724	0.00853	0.00535	0.00539	0.01063	0.01588	0.02244	0.71718	0.08723	0.05302	0.01206	0.00678	0.00183	0.00274	0.01069	0.00624	0.00535
70	0.00866	0.00636	0.00845	0.00942	0.01083	0.00615	0.00802	0.01104	0.01327	0.01710	0.07847	0.07837	0.16539	0.01537	0.00761	0.00245	0.00464	0.53785	0.00534	0.00518
71	0.01380	0.01313	0.02230	0.03346	0.71866	0.01311	0.01684	0.01715	0.01321	0.01894	0.05509	0.01585	0.01172	0.00549	0.00573	0.00170	0.00655	0.00541	0.00304	0.00884
72	0.01400	0.01454	0.06734	0.03400	0.71962	0.01357	0.01777	0.01759	0.01297	0.01865	0.01073	0.01403	0.00895	0.00512	0.00565	0.00171	0.00689	0.00504	0.00281	0.00902
73	0.05620	0.00534	0.00674	0.00794	0.00846	0.00513	0.00536	0.00849	0.01088	0.01526	0.03013	0.74877	0.03596	0.01717	0.00708	0.00229	0.00338	0.01548	0.00520	0.00474
74	0.01991	0.02418	0.01575	0.01412	0.01691	0.62459	0.01074	0.07190	0.01625	0.01561	0.01200	0.01335	0.05211	0.00676	0.00624	0.00159	0.06364	0.00437	0.00325	0.00672
75	0.00830	0.00556	0.00632	0.00630	0.00637	0.00554	0.00358	0.00846	0.00878	0.01179	0.06192	0.03774	0.02276	0.75242	0.02779	0.00532	0.00538	0.00844	0.00363	0.00358
76	0.03186	0.00687	0.00741	0.00702	0.00869	0.00710	0.00542	0.09106	0.01333	0.03838	0.01889	0.02566	0.01615	0.07806	0.03087	0.00213	0.00404	0.07279	0.52853	0.00574

[dist]
# distance from previous block
# <min> <max>
0	3

# created by:
# /st0/software/busco_prod/Augustus/scripts/msa2prfl.pl ./align_prep/200869.fa
