[name]
unknown

[dist]
# distance from previous block
# <min> <max>
10	112

[block]
# block no. 0 follows, 46 sequences, length 54
# corresponding to MSA columns:
# 123-176
name=unknown_A
#
# <colnr> <probs for GDERKNQSTAVLIFYWHMCP>
#	G	D	E	R	K	N	Q	S	T	A	V	L	I	F	Y	W	H	M	C	P
0	0.17841	0.05275	0.01365	0.01071	0.03636	0.01190	0.05777	0.16526	0.12632	0.10813	0.01452	0.03557	0.02771	0.02448	0.00525	0.00162	0.00488	0.00493	0.01777	0.10203
1	0.07787	0.07979	0.04687	0.01276	0.04199	0.32350	0.01015	0.25689	0.03128	0.04085	0.01055	0.02480	0.00830	0.00584	0.00481	0.00148	0.00714	0.00412	0.00371	0.00729
2	0.14622	0.07636	0.05321	0.03021	0.02733	0.10845	0.00919	0.21753	0.01480	0.06073	0.01127	0.04564	0.00930	0.02732	0.00604	0.00164	0.05871	0.00451	0.01955	0.07199
3	0.01772	0.01328	0.01496	0.01298	0.07221	0.01451	0.00978	0.59546	0.03716	0.02947	0.03342	0.08231	0.01253	0.02198	0.00583	0.00170	0.00549	0.00583	0.00503	0.00832
4	0.05404	0.18199	0.05075	0.01164	0.05574	0.07492	0.05835	0.11637	0.01313	0.01809	0.01065	0.06385	0.00938	0.00551	0.00449	0.00129	0.00556	0.00441	0.00324	0.25660
5	0.01243	0.02687	0.01102	0.03530	0.01217	0.02583	0.00730	0.01437	0.02436	0.16554	0.01781	0.15229	0.05423	0.03467	0.06874	0.00225	0.11487	0.00667	0.01889	0.19438
6	0.00783	0.00579	0.00719	0.00669	0.00815	0.00539	0.00506	0.04132	0.01496	0.02070	0.64094	0.04002	0.15409	0.01099	0.00620	0.00168	0.00266	0.00959	0.00566	0.00508
7	0.11302	0.03313	0.05586	0.01291	0.09116	0.05912	0.00990	0.22622	0.11580	0.20860	0.01438	0.01410	0.01018	0.00601	0.00498	0.00161	0.00546	0.00466	0.00472	0.00819
8	0.03230	0.01100	0.01831	0.36617	0.27156	0.01252	0.06177	0.01514	0.02493	0.03468	0.00985	0.01358	0.00781	0.00553	0.00658	0.00175	0.09224	0.00479	0.00264	0.00687
9	0.01010	0.00581	0.00773	0.00736	0.00884	0.00528	0.00547	0.01205	0.01356	0.15659	0.41997	0.26401	0.03883	0.01174	0.00622	0.00180	0.00303	0.01041	0.00568	0.00551
10	0.01082	0.01030	0.01760	0.59168	0.22271	0.01199	0.03163	0.01426	0.01098	0.01453	0.00956	0.01385	0.00740	0.00512	0.00529	0.00171	0.00690	0.00474	0.00242	0.00653
11	0.01273	0.01237	0.02007	0.15453	0.61936	0.04004	0.01561	0.01586	0.01191	0.01649	0.01015	0.01405	0.00855	0.00503	0.00527	0.00161	0.00649	0.01945	0.00262	0.00782
12	0.00655	0.00468	0.00626	0.00749	0.00784	0.00439	0.00510	0.00755	0.01023	0.01362	0.02908	0.77032	0.03472	0.01646	0.00678	0.00216	0.00316	0.05436	0.00491	0.00432
13	0.00643	0.00464	0.00609	0.00725	0.00764	0.00430	0.00486	0.00737	0.01023	0.01354	0.03050	0.76847	0.07638	0.01639	0.00672	0.00213	0.00305	0.01481	0.00491	0.00430
14	0.00853	0.00656	0.00780	0.00744	0.00765	0.02446	0.00500	0.00902	0.00808	0.01110	0.01477	0.02867	0.01630	0.56519	0.12494	0.00501	0.12015	0.00684	0.01862	0.00387
15	0.01007	0.00951	0.01587	0.76070	0.03524	0.01198	0.01452	0.01347	0.01044	0.01347	0.00927	0.01396	0.00704	0.00549	0.00591	0.00179	0.04836	0.00469	0.00235	0.00587
16	0.01071	0.01042	0.01847	0.60135	0.13880	0.01205	0.10443	0.01430	0.01100	0.01444	0.00963	0.01397	0.00735	0.00511	0.00539	0.00174	0.00716	0.00488	0.00243	0.00637
17	0.00817	0.00584	0.00812	0.00934	0.01041	0.00579	0.00792	0.01036	0.01183	0.01543	0.02818	0.18434	0.03118	0.01493	0.00721	0.00239	0.00457	0.62434	0.00487	0.00477
18	0.00695	0.00524	0.00739	0.04669	0.04911	0.00508	0.00596	0.00811	0.01024	0.01369	0.02720	0.73130	0.03225	0.01541	0.00660	0.00210	0.00342	0.01400	0.00467	0.00458
19	0.00713	0.00539	0.00658	0.00628	0.00768	0.00484	0.00471	0.00930	0.01414	0.01923	0.57242	0.04273	0.25713	0.01154	0.00624	0.00170	0.00255	0.01001	0.00556	0.00484
20	0.85155	0.01022	0.00777	0.00695	0.01022	0.01186	0.00573	0.01554	0.00900	0.02372	0.00736	0.00859	0.00573	0.00491	0.00327	0.00164	0.00409	0.00286	0.00327	0.00573
21	0.00800	0.00562	0.00664	0.00625	0.00793	0.00494	0.00474	0.00995	0.01366	0.06876	0.40195	0.04319	0.37561	0.01169	0.00618	0.00172	0.00271	0.01000	0.00546	0.00502
22	0.01604	0.01857	0.10624	0.06309	0.26862	0.26474	0.01347	0.15222	0.01511	0.01849	0.00978	0.01170	0.00771	0.00531	0.00507	0.00153	0.00746	0.00421	0.00307	0.00756
23	0.01413	0.81739	0.02770	0.00905	0.01357	0.02092	0.00905	0.01583	0.01074	0.01244	0.00735	0.00848	0.00678	0.00452	0.00339	0.00113	0.00565	0.00283	0.00226	0.00678
24	0.85155	0.01022	0.00777	0.00695	0.01022	0.01186	0.00573	0.01554	0.00900	0.02372	0.00736	0.00859	0.00573	0.00491	0.00327	0.00164	0.00409	0.00286	0.00327	0.00573
25	0.00998	0.00940	0.01586	0.80150	0.03641	0.01175	0.01468	0.01351	0.01057	0.01351	0.00940	0.01409	0.00705	0.00529	0.00529	0.00176	0.00705	0.00470	0.00235	0.00587
26	0.00752	0.00523	0.00612	0.00612	0.00644	0.00528	0.00378	0.00793	0.00824	0.01095	0.01997	0.03420	0.09409	0.62109	0.13694	0.00529	0.00620	0.00774	0.00332	0.00355
27	0.00769	0.00513	0.00577	0.00577	0.00577	0.00513	0.00320	0.00769	0.00769	0.01025	0.01666	0.03460	0.01922	0.81421	0.02691	0.00513	0.00513	0.00769	0.00320	0.00320
28	0.00738	0.00547	0.00715	0.00799	0.00868	0.00544	0.00579	0.00960	0.06136	0.01511	0.09835	0.56288	0.03391	0.01497	0.00690	0.00212	0.01930	0.11789	0.00497	0.00474
29	0.85155	0.01022	0.00777	0.00695	0.01022	0.01186	0.00573	0.01554	0.00900	0.02372	0.00736	0.00859	0.00573	0.00491	0.00327	0.00164	0.00409	0.00286	0.00327	0.00573
30	0.04956	0.01241	0.01235	0.01247	0.08935	0.14438	0.00867	0.13109	0.17145	0.07111	0.03119	0.20873	0.01722	0.00872	0.00550	0.00173	0.00527	0.00732	0.00452	0.00696
31	0.00761	0.00509	0.00579	0.00587	0.00589	0.00507	0.00332	0.00767	0.00785	0.01047	0.01749	0.08609	0.02026	0.76129	0.02557	0.00493	0.00499	0.00817	0.00332	0.00328
32	0.01034	0.00976	0.01384	0.01224	0.01252	0.01327	0.01005	0.01172	0.00822	0.01259	0.00914	0.01438	0.00886	0.01853	0.25424	0.00420	0.56323	0.00494	0.00247	0.00546
33	0.00985	0.00493	0.00493	0.00493	0.00616	0.00493	0.00370	0.01232	0.01109	0.01971	0.01725	0.01971	0.01355	0.00616	0.00370	0.00123	0.00246	0.00493	0.84356	0.00493
34	0.00663	0.00529	0.00598	0.00628	0.00769	0.00464	0.00472	0.00812	0.01201	0.01501	0.12184	0.18818	0.49575	0.01381	0.00644	0.00190	0.00294	0.08322	0.00500	0.00453
35	0.01413	0.81739	0.02770	0.00905	0.01357	0.02092	0.00905	0.01583	0.01074	0.01244	0.00735	0.00848	0.00678	0.00452	0.00339	0.00113	0.00565	0.00283	0.00226	0.00678
36	0.01308	0.01256	0.02146	0.03245	0.78123	0.01256	0.01622	0.01622	0.01204	0.01727	0.00994	0.01308	0.00837	0.00471	0.00523	0.00157	0.00628	0.00471	0.00262	0.00837
37	0.01248	0.01426	0.03119	0.02228	0.02763	0.01337	0.76203	0.01693	0.01248	0.01693	0.01070	0.01426	0.00802	0.00446	0.00624	0.00178	0.00891	0.00624	0.00267	0.00713
38	0.85155	0.01022	0.00777	0.00695	0.01022	0.01186	0.00573	0.01554	0.00900	0.02372	0.00736	0.00859	0.00573	0.00491	0.00327	0.00164	0.00409	0.00286	0.00327	0.00573
39	0.01975	0.02520	0.01498	0.01362	0.01634	0.79299	0.01021	0.02111	0.01498	0.01294	0.00817	0.00953	0.00681	0.00545	0.00477	0.00136	0.00953	0.00340	0.00272	0.00613
40	0.00625	0.00536	0.00536	0.00536	0.00714	0.00446	0.00402	0.00759	0.01205	0.01428	0.05355	0.05088	0.77909	0.01339	0.00625	0.00179	0.00268	0.01116	0.00491	0.00446
41	0.00627	0.00525	0.00546	0.00563	0.00721	0.00444	0.00414	0.00756	0.01179	0.01417	0.05020	0.15519	0.67694	0.01382	0.00632	0.00183	0.00273	0.01169	0.00491	0.00444
42	0.00644	0.00460	0.00613	0.00736	0.00767	0.00429	0.00491	0.00736	0.01012	0.01350	0.02914	0.81076	0.03497	0.01656	0.00675	0.00215	0.00307	0.01503	0.00491	0.00429
43	0.01199	0.01340	0.02893	0.02091	0.02582	0.01270	0.68673	0.01619	0.01208	0.01647	0.01104	0.01491	0.00854	0.00796	0.08469	0.00245	0.00944	0.00618	0.00269	0.00689
44	0.01413	0.81739	0.02770	0.00905	0.01357	0.02092	0.00905	0.01583	0.01074	0.01244	0.00735	0.00848	0.00678	0.00452	0.00339	0.00113	0.00565	0.00283	0.00226	0.00678
45	0.02088	0.00986	0.01236	0.00988	0.01369	0.00953	0.00803	0.06056	0.20684	0.55722	0.02064	0.01819	0.01367	0.00669	0.00533	0.00167	0.00448	0.00546	0.00619	0.00884
46	0.00771	0.00573	0.00724	0.00693	0.00831	0.00540	0.00529	0.01069	0.05075	0.02025	0.62571	0.04093	0.11407	0.01112	0.00627	0.00173	0.00275	0.05837	0.00565	0.00509
47	0.01060	0.02735	0.78682	0.01507	0.02288	0.01228	0.01953	0.01674	0.01116	0.01674	0.00949	0.01116	0.00670	0.00502	0.00502	0.00167	0.00781	0.00391	0.00223	0.00781
48	0.00757	0.00559	0.00811	0.00811	0.00892	0.00640	0.00613	0.00919	0.00838	0.01199	0.01451	0.02272	0.01406	0.14912	0.68495	0.00802	0.01288	0.00595	0.00288	0.00451
49	0.00975	0.00908	0.01521	0.74881	0.03450	0.01125	0.01403	0.01310	0.01054	0.01351	0.01071	0.06695	0.00890	0.00603	0.00538	0.00179	0.00678	0.00538	0.00252	0.00577
50	0.01895	0.01580	0.01607	0.01259	0.01663	0.12205	0.04584	0.55716	0.06035	0.02849	0.01229	0.01262	0.00896	0.00607	0.00521	0.00154	0.00631	0.00464	0.00473	0.04370
51	0.04757	0.00902	0.00982	0.00879	0.01146	0.00956	0.00689	0.04136	0.35985	0.11016	0.09980	0.02905	0.19879	0.00897	0.00561	0.00176	0.00377	0.02539	0.00534	0.00702
52	0.01195	0.01087	0.01567	0.58414	0.03066	0.06358	0.02729	0.05055	0.01172	0.05206	0.00995	0.01365	0.00747	0.00549	0.00571	0.00169	0.04044	0.00459	0.00276	0.04975
53	0.01204	0.01171	0.01745	0.50531	0.04390	0.06463	0.08763	0.08472	0.01217	0.01566	0.00952	0.01341	0.00732	0.00570	0.00655	0.00177	0.08671	0.00476	0.00268	0.00634

[dist]
# distance from previous block
# <min> <max>
2	17

[block]
# block no. 1 follows, 46 sequences, length 16
# corresponding to MSA columns:
# 195-210
name=unknown_B
#
# <colnr> <probs for GDERKNQSTAVLIFYWHMCP>
#	G	D	E	R	K	N	Q	S	T	A	V	L	I	F	Y	W	H	M	C	P
0	0.01870	0.01322	0.01460	0.01133	0.01533	0.01424	0.00930	0.57422	0.04556	0.09419	0.01352	0.01377	0.00976	0.00840	0.05684	0.00199	0.00606	0.00479	0.00508	0.06909
1	0.01194	0.00998	0.01149	0.00829	0.01294	0.00805	0.00667	0.09356	0.01245	0.01895	0.00975	0.01115	0.00795	0.00418	0.00406	0.00087	0.00412	0.00331	0.00336	0.75695
2	0.00976	0.00717	0.00949	0.01043	0.04110	0.00742	0.00831	0.01414	0.14385	0.03461	0.06521	0.07080	0.02699	0.01276	0.00732	0.03716	0.00460	0.47842	0.00485	0.00559
3	0.01078	0.06600	0.74967	0.01477	0.02243	0.01270	0.01902	0.01670	0.01114	0.01653	0.00938	0.01103	0.00670	0.00500	0.00494	0.00165	0.00771	0.00385	0.00223	0.00776
4	0.01196	0.01398	0.05814	0.02053	0.02533	0.01290	0.63946	0.01605	0.01202	0.01645	0.01164	0.06619	0.00967	0.00555	0.00688	0.00183	0.05512	0.00663	0.00278	0.00689
5	0.01006	0.00940	0.01549	0.74270	0.03464	0.01140	0.01406	0.01349	0.01060	0.01378	0.00940	0.01386	0.00711	0.00518	0.00518	0.00169	0.00682	0.00458	0.00241	0.06816
6	0.08750	0.00754	0.00799	0.00706	0.00915	0.00792	0.00554	0.15246	0.01374	0.06689	0.06512	0.03346	0.01481	0.02309	0.04333	0.00183	0.00399	0.00531	0.43733	0.00594
7	0.00649	0.00469	0.00615	0.00722	0.00765	0.00434	0.00487	0.00753	0.01050	0.01399	0.07432	0.72633	0.07425	0.01606	0.00669	0.00210	0.00301	0.01451	0.00496	0.00434
8	0.85155	0.01022	0.00777	0.00695	0.01022	0.01186	0.00573	0.01554	0.00900	0.02372	0.00736	0.00859	0.00573	0.00491	0.00327	0.00164	0.00409	0.00286	0.00327	0.00573
9	0.00658	0.00477	0.00626	0.00739	0.00788	0.00444	0.00511	0.00765	0.01042	0.01373	0.03086	0.69802	0.08977	0.01618	0.00675	0.00214	0.00317	0.06963	0.00490	0.00435
10	0.00642	0.00536	0.00559	0.00553	0.00724	0.00453	0.00415	0.00791	0.01245	0.01523	0.15263	0.04932	0.67942	0.01304	0.00625	0.00177	0.00265	0.01094	0.00503	0.00453
11	0.00664	0.00460	0.00619	0.00733	0.00761	0.00432	0.00488	0.00733	0.00988	0.01318	0.02766	0.75188	0.03305	0.01670	0.00778	0.06468	0.00318	0.01426	0.00471	0.00415
12	0.00625	0.00536	0.00536	0.00536	0.00714	0.00446	0.00402	0.00759	0.01205	0.01428	0.05355	0.05088	0.77909	0.01339	0.00625	0.00179	0.00268	0.01116	0.00491	0.00446
13	0.01096	0.00940	0.01096	0.00783	0.01253	0.00705	0.00626	0.01331	0.01096	0.01723	0.00940	0.01096	0.00783	0.00392	0.00392	0.00078	0.00392	0.00313	0.00313	0.84653
14	0.02050	0.01177	0.01343	0.01047	0.01422	0.03186	0.00848	0.36700	0.01898	0.34621	0.01636	0.01680	0.01157	0.07873	0.00722	0.00192	0.00530	0.00522	0.00556	0.00840
15	0.01830	0.01298	0.01487	0.09930	0.01783	0.01421	0.00998	0.51555	0.07044	0.10706	0.01402	0.03185	0.01022	0.00646	0.00529	0.00161	0.00559	0.00507	0.00502	0.03434

[dist]
# distance from previous block
# <min> <max>
0	6

[block]
# block no. 2 follows, 46 sequences, length 20
# corresponding to MSA columns:
# 217-236
name=unknown_C
#
# <colnr> <probs for GDERKNQSTAVLIFYWHMCP>
#	G	D	E	R	K	N	Q	S	T	A	V	L	I	F	Y	W	H	M	C	P
0	0.00985	0.00493	0.00493	0.00493	0.00616	0.00493	0.00370	0.01232	0.01109	0.01971	0.01725	0.01971	0.01355	0.00616	0.00370	0.00123	0.00246	0.00493	0.84356	0.00493
1	0.01014	0.00971	0.01685	0.75118	0.03584	0.01185	0.06295	0.01373	0.01069	0.01373	0.00948	0.01411	0.00711	0.00523	0.00535	0.00176	0.00717	0.00480	0.00237	0.00595
2	0.01381	0.01153	0.01270	0.01236	0.08389	0.04177	0.00891	0.19283	0.33859	0.02283	0.06308	0.03763	0.06412	0.00781	0.00551	0.00173	0.00474	0.04301	0.02552	0.00765
3	0.01851	0.01382	0.01486	0.01173	0.01559	0.01532	0.00956	0.63595	0.10927	0.03089	0.01465	0.05959	0.01131	0.00703	0.00538	0.00164	0.00547	0.00549	0.00528	0.00865
4	0.00985	0.00493	0.00493	0.00493	0.00616	0.00493	0.00370	0.01232	0.01109	0.01971	0.01725	0.01971	0.01355	0.00616	0.00370	0.00123	0.00246	0.00493	0.84356	0.00493
5	0.01117	0.01101	0.01602	0.01358	0.01395	0.01482	0.05581	0.01248	0.00835	0.01279	0.00816	0.01370	0.00812	0.06334	0.05596	0.00277	0.66491	0.00498	0.00242	0.00564
6	0.03091	0.00564	0.00720	0.00671	0.00811	0.00525	0.00507	0.01055	0.01473	0.04428	0.71599	0.03829	0.06615	0.01058	0.00613	0.00166	0.00260	0.00929	0.00575	0.00512
7	0.05232	0.67041	0.13219	0.00979	0.01471	0.01930	0.01035	0.01594	0.01072	0.01356	0.00765	0.00886	0.00672	0.00461	0.00361	0.00123	0.00588	0.00298	0.00230	0.00688
8	0.01106	0.00615	0.00630	0.00584	0.00741	0.00635	0.00446	0.10476	0.01269	0.02112	0.01667	0.01927	0.01315	0.02902	0.00455	0.00139	0.00295	0.00498	0.71652	0.00538
9	0.01904	0.01357	0.01478	0.01140	0.01545	0.01466	0.00933	0.61216	0.04592	0.08154	0.01346	0.01401	0.00981	0.03788	0.00605	0.00168	0.00553	0.00484	0.00515	0.06375
10	0.00680	0.00539	0.00617	0.00633	0.00780	0.00475	0.00483	0.00849	0.01255	0.01594	0.21105	0.11503	0.46476	0.01322	0.00641	0.00186	0.00292	0.09596	0.00511	0.00461
11	0.03074	0.15461	0.49034	0.01419	0.02037	0.08020	0.06507	0.01674	0.01130	0.01567	0.00893	0.01075	0.00680	0.00515	0.00541	0.00160	0.04864	0.00385	0.00233	0.00731
12	0.03756	0.09014	0.70125	0.01433	0.02173	0.01296	0.01825	0.01663	0.01106	0.01662	0.00925	0.01086	0.00667	0.00498	0.00484	0.00163	0.00752	0.00379	0.00227	0.00766
13	0.01256	0.01329	0.02621	0.11224	0.11564	0.01348	0.48507	0.05359	0.01245	0.01704	0.01023	0.01379	0.00791	0.00509	0.00693	0.00179	0.07719	0.00567	0.00273	0.00711
14	0.00755	0.00579	0.00847	0.00889	0.00990	0.00552	0.05564	0.00917	0.01093	0.01435	0.02847	0.42953	0.07842	0.05603	0.00790	0.00235	0.00411	0.24770	0.00466	0.00462
15	0.02000	0.06077	0.01630	0.01180	0.01603	0.01607	0.00984	0.67017	0.02338	0.08329	0.01294	0.01281	0.00914	0.00625	0.00518	0.00156	0.00572	0.00469	0.00520	0.00886
16	0.00644	0.00460	0.00613	0.00736	0.00767	0.00429	0.00491	0.00736	0.01012	0.01350	0.02914	0.81076	0.03497	0.01656	0.00675	0.00215	0.00307	0.01503	0.00491	0.00429
17	0.00694	0.00502	0.00651	0.00752	0.00808	0.00475	0.00526	0.02407	0.01070	0.01412	0.02994	0.65936	0.08047	0.03363	0.00718	0.00220	0.00331	0.08163	0.00487	0.00443
18	0.04665	0.01413	0.01695	0.01546	0.13304	0.03305	0.05792	0.53026	0.02081	0.02850	0.01204	0.01291	0.00885	0.00590	0.00520	0.00158	0.00598	0.00476	0.03756	0.00844
19	0.00733	0.00495	0.00649	0.00719	0.00782	0.00459	0.00492	0.00852	0.01104	0.04397	0.15452	0.59175	0.05406	0.05705	0.00765	0.00219	0.00312	0.01326	0.00503	0.00454

[dist]
# distance from previous block
# <min> <max>
0	70

# created by:
# /st0/software/busco_prod/Augustus/scripts/msa2prfl.pl ./align_prep/201012.fa
