[name]
unknown

[dist]
# distance from previous block
# <min> <max>
0	51

[block]
# block no. 0 follows, 44 sequences, length 9
# corresponding to MSA columns:
# 61-69
name=unknown_A
#
# <colnr> <probs for GDERKNQSTAVLIFYWHMCP>
#	G	D	E	R	K	N	Q	S	T	A	V	L	I	F	Y	W	H	M	C	P
0	0.00993	0.00724	0.00954	0.01028	0.01187	0.00747	0.00889	0.06713	0.05586	0.01801	0.02733	0.05561	0.02892	0.01400	0.00727	0.00241	0.00505	0.64256	0.00508	0.00554
1	0.02214	0.01000	0.04698	0.00984	0.01397	0.00831	0.00840	0.02515	0.05375	0.65297	0.07269	0.01986	0.01597	0.00701	0.00554	0.00170	0.00463	0.00575	0.00643	0.00890
2	0.02184	0.00869	0.01170	0.00927	0.01297	0.00757	0.00754	0.02379	0.01483	0.66050	0.02326	0.04569	0.04862	0.04780	0.00675	0.00191	0.00456	0.02783	0.00640	0.00850
3	0.06570	0.00564	0.00673	0.00722	0.00812	0.00543	0.00502	0.00940	0.01066	0.04852	0.05862	0.42140	0.11141	0.16087	0.01043	0.00267	0.00372	0.04910	0.00473	0.00462
4	0.06851	0.00924	0.01401	0.54854	0.02910	0.01095	0.01235	0.01487	0.04908	0.06208	0.04221	0.05274	0.05080	0.00676	0.00547	0.00182	0.00616	0.00582	0.00330	0.00619
5	0.14073	0.01346	0.08186	0.42211	0.13553	0.08700	0.01393	0.01570	0.01136	0.01634	0.00933	0.01280	0.00720	0.00530	0.00505	0.00172	0.00700	0.00436	0.00264	0.00660
6	0.10052	0.06665	0.00973	0.02933	0.01077	0.02701	0.00633	0.01357	0.03043	0.13862	0.07200	0.19687	0.22879	0.01108	0.00581	0.00184	0.00394	0.03598	0.00489	0.00586
7	0.06323	0.00806	0.00938	0.00833	0.01082	0.00777	0.00650	0.10311	0.04378	0.13261	0.12813	0.15814	0.14952	0.01063	0.00621	0.01960	0.00389	0.04854	0.00519	0.07654
8	0.15823	0.01000	0.01374	0.31223	0.03444	0.01142	0.04079	0.07742	0.02399	0.06147	0.01264	0.05048	0.01091	0.06568	0.00744	0.00207	0.04104	0.03527	0.00346	0.02728

[dist]
# distance from previous block
# <min> <max>
1	22

[block]
# block no. 1 follows, 44 sequences, length 23
# corresponding to MSA columns:
# 92-114
name=unknown_B
#
# <colnr> <probs for GDERKNQSTAVLIFYWHMCP>
#	G	D	E	R	K	N	Q	S	T	A	V	L	I	F	Y	W	H	M	C	P
0	0.05221	0.01128	0.01179	0.04124	0.01389	0.05930	0.00793	0.22171	0.09028	0.09798	0.06645	0.04570	0.12489	0.00787	0.00538	0.00161	0.00481	0.00633	0.03567	0.09369
1	0.03586	0.01197	0.01416	0.02747	0.06218	0.06485	0.03199	0.20995	0.03148	0.15956	0.07708	0.07189	0.03047	0.03066	0.00757	0.00186	0.09242	0.00623	0.00471	0.02764
2	0.01327	0.04190	0.01141	0.00943	0.01174	0.06911	0.02263	0.10080	0.02989	0.12931	0.03711	0.19317	0.08791	0.07590	0.04896	0.00241	0.03812	0.00809	0.01962	0.04923
3	0.06098	0.00881	0.00998	0.00877	0.01121	0.00904	0.00685	0.16686	0.06051	0.09606	0.10050	0.15577	0.13475	0.02755	0.00663	0.00187	0.02830	0.02553	0.03960	0.04047
4	0.01317	0.01073	0.01257	0.17102	0.01796	0.06699	0.00911	0.08177	0.07478	0.08654	0.01603	0.13836	0.02913	0.00760	0.00570	0.00159	0.02948	0.00631	0.00404	0.21714
5	0.01339	0.01092	0.01242	0.00906	0.01380	0.00940	0.00732	0.17805	0.01448	0.02144	0.01044	0.01170	0.00834	0.00459	0.00435	0.00099	0.00447	0.00360	0.00372	0.65750
6	0.01553	0.01005	0.01110	0.00945	0.01210	0.04230	0.00737	0.19794	0.05747	0.16866	0.01830	0.09317	0.01600	0.12104	0.00880	0.00220	0.01811	0.04756	0.09584	0.04699
7	0.00820	0.00687	0.01044	0.02728	0.01149	0.00653	0.11444	0.02749	0.01119	0.01459	0.02924	0.34384	0.17986	0.14041	0.02497	0.00268	0.00472	0.02653	0.00435	0.00489
8	0.00705	0.00497	0.00625	0.00705	0.00736	0.00476	0.00456	0.00776	0.00973	0.01293	0.02688	0.52426	0.06167	0.25047	0.03549	0.00329	0.00410	0.01282	0.00448	0.00412
9	0.01046	0.00740	0.00848	0.00805	0.01006	0.00734	0.00606	0.03205	0.18840	0.09539	0.12163	0.21484	0.24453	0.01188	0.00623	0.00189	0.00346	0.01023	0.00547	0.00615
10	0.01636	0.01298	0.01658	0.01294	0.01614	0.01445	0.10465	0.42733	0.01866	0.02554	0.01273	0.01634	0.01041	0.10828	0.01007	0.00221	0.11742	0.00548	0.04384	0.00761
11	0.01375	0.01053	0.01371	0.25702	0.02061	0.01223	0.01044	0.24974	0.01550	0.03922	0.04309	0.01694	0.01150	0.04108	0.04682	0.00223	0.07466	0.00528	0.10886	0.00682
12	0.01030	0.00969	0.01635	0.79530	0.03755	0.01211	0.01514	0.01393	0.01090	0.01393	0.00969	0.01453	0.00727	0.00545	0.00545	0.00182	0.00727	0.00484	0.00242	0.00606
13	0.69268	0.01097	0.00959	0.00887	0.04286	0.01241	0.00686	0.07980	0.01118	0.07024	0.00900	0.00999	0.00676	0.00528	0.00376	0.00168	0.00449	0.00335	0.00373	0.00651
14	0.00667	0.00545	0.00582	0.00588	0.00745	0.00468	0.00431	0.00810	0.01242	0.01533	0.13660	0.11705	0.58948	0.04728	0.00739	0.00200	0.00288	0.01151	0.00510	0.00460
15	0.01944	0.00944	0.01189	0.00966	0.01320	0.00907	0.00779	0.04790	0.17880	0.47570	0.13488	0.02212	0.01979	0.00755	0.00564	0.00172	0.00430	0.00627	0.00633	0.00851
16	0.01653	0.01261	0.01419	0.01160	0.01478	0.01430	0.00940	0.45886	0.11560	0.02691	0.01427	0.01609	0.01117	0.03562	0.14905	0.00311	0.05784	0.00531	0.00475	0.00801
17	0.01323	0.01269	0.02166	0.09513	0.71475	0.01289	0.01660	0.01650	0.01229	0.01750	0.01021	0.01358	0.00852	0.00491	0.00540	0.00164	0.00654	0.00486	0.00268	0.00843
18	0.00673	0.00481	0.00640	0.00753	0.00793	0.00449	0.00507	0.00781	0.01085	0.01457	0.09056	0.74248	0.03731	0.01660	0.00692	0.00217	0.00311	0.01504	0.00514	0.00449
19	0.00792	0.00532	0.00611	0.00611	0.00617	0.00537	0.00351	0.00803	0.00798	0.01069	0.01703	0.03485	0.01946	0.76401	0.07165	0.00549	0.00582	0.00781	0.00328	0.00339
20	0.00745	0.00556	0.00691	0.00657	0.00798	0.00503	0.00493	0.00976	0.01479	0.02034	0.61899	0.04322	0.20492	0.01171	0.00643	0.00174	0.00261	0.01021	0.00580	0.00503
21	0.79934	0.01047	0.00828	0.00732	0.01074	0.01199	0.00603	0.01664	0.00964	0.06805	0.00840	0.00942	0.00634	0.00516	0.00350	0.00169	0.00424	0.00310	0.00357	0.00610
22	0.80381	0.01048	0.00826	0.00730	0.01072	0.01201	0.00601	0.01658	0.00961	0.06396	0.00832	0.00936	0.00630	0.00515	0.00348	0.00169	0.00424	0.00308	0.00355	0.00608

[dist]
# distance from previous block
# <min> <max>
0	21

[block]
# block no. 2 follows, 44 sequences, length 58
# corresponding to MSA columns:
# 136-193
name=unknown_C
#
# <colnr> <probs for GDERKNQSTAVLIFYWHMCP>
#	G	D	E	R	K	N	Q	S	T	A	V	L	I	F	Y	W	H	M	C	P
0	0.00664	0.00474	0.00633	0.00759	0.00791	0.00443	0.00506	0.00759	0.01044	0.01392	0.03005	0.80485	0.03606	0.01708	0.00696	0.00221	0.00316	0.01550	0.00506	0.00443
1	0.02072	0.01527	0.01636	0.01254	0.01691	0.01691	0.01036	0.75622	0.02563	0.03436	0.01309	0.01309	0.00927	0.00654	0.00545	0.00164	0.00600	0.00491	0.00545	0.00927
2	0.00921	0.00731	0.01094	0.00929	0.01038	0.00740	0.12451	0.03363	0.00936	0.01265	0.01564	0.03001	0.01689	0.58000	0.07760	0.00480	0.02546	0.00737	0.00324	0.00432
3	0.00847	0.00615	0.00841	0.00827	0.00912	0.00698	0.00618	0.03347	0.00939	0.01354	0.01576	0.06367	0.01557	0.17660	0.50399	0.00685	0.03951	0.00661	0.05671	0.00475
4	0.01579	0.01098	0.01227	0.01075	0.01402	0.01208	0.00850	0.02782	0.57313	0.18895	0.02227	0.02139	0.01647	0.00752	0.00560	0.00184	0.00441	0.03175	0.00579	0.00865
5	0.01451	0.01240	0.01285	0.01132	0.01454	0.02927	0.00886	0.11179	0.66540	0.02394	0.02088	0.01930	0.01561	0.00726	0.00552	0.00182	0.00462	0.00597	0.00548	0.00866
6	0.01165	0.11473	0.65677	0.01500	0.02247	0.03492	0.03734	0.01729	0.01160	0.01667	0.00953	0.01124	0.00695	0.00512	0.00502	0.00166	0.00789	0.00395	0.00233	0.00787
7	0.01396	0.20571	0.07879	0.02350	0.37517	0.06949	0.12461	0.01714	0.01231	0.01622	0.00957	0.01214	0.00795	0.00485	0.00505	0.00154	0.00708	0.00448	0.00260	0.00785
8	0.37471	0.01100	0.01074	0.00907	0.01257	0.01212	0.00736	0.13247	0.16501	0.14565	0.01509	0.01480	0.02896	0.00628	0.00455	0.00170	0.00449	0.00458	0.03141	0.00745
9	0.00664	0.00474	0.00633	0.00759	0.00791	0.00443	0.00506	0.00759	0.01044	0.01392	0.03005	0.80485	0.03606	0.01708	0.00696	0.00221	0.00316	0.01550	0.00506	0.00443
10	0.02081	0.01264	0.01486	0.01154	0.01563	0.01317	0.02594	0.44320	0.03902	0.27481	0.01694	0.05880	0.01228	0.00717	0.00557	0.00169	0.00543	0.00574	0.00580	0.00895
11	0.01196	0.23972	0.56161	0.01401	0.02110	0.01509	0.03231	0.01701	0.01142	0.01607	0.00921	0.01083	0.00696	0.00503	0.00475	0.00158	0.00748	0.00378	0.00232	0.00776
12	0.02329	0.00964	0.01280	0.00989	0.01393	0.00874	0.00815	0.08122	0.01622	0.67753	0.04980	0.01888	0.01453	0.00696	0.00575	0.00170	0.01978	0.00560	0.00654	0.00905
13	0.00793	0.00529	0.00595	0.00595	0.00595	0.00529	0.00330	0.00793	0.00793	0.01057	0.01718	0.03568	0.01982	0.80840	0.02775	0.00529	0.00529	0.00793	0.00330	0.00330
14	0.02012	0.01475	0.01635	0.01348	0.05565	0.01618	0.01059	0.67897	0.02434	0.05210	0.01359	0.01458	0.00995	0.00670	0.00551	0.00166	0.00596	0.02506	0.00533	0.00912
15	0.01320	0.01480	0.02783	0.12354	0.09794	0.07604	0.52985	0.01728	0.01278	0.01670	0.01057	0.01418	0.00807	0.00481	0.00609	0.00178	0.00874	0.00584	0.00271	0.00722
16	0.00860	0.00635	0.00856	0.00827	0.00891	0.00741	0.00617	0.01002	0.00881	0.01307	0.01474	0.02384	0.01449	0.23204	0.40521	0.00621	0.10576	0.00616	0.10075	0.00462
17	0.84691	0.01054	0.00801	0.00717	0.01054	0.01223	0.00590	0.01603	0.00928	0.02446	0.00759	0.00886	0.00590	0.00506	0.00337	0.00169	0.00422	0.00295	0.00337	0.00590
18	0.01287	0.01471	0.03217	0.02298	0.02849	0.01379	0.75460	0.01746	0.01287	0.01746	0.01103	0.01471	0.00827	0.00460	0.00643	0.00184	0.00919	0.00643	0.00276	0.00735
19	0.00772	0.00557	0.00729	0.00686	0.00814	0.00514	0.00514	0.01029	0.01543	0.02186	0.77152	0.04072	0.05144	0.01115	0.00643	0.00171	0.00257	0.00986	0.00600	0.00514
20	0.00714	0.00548	0.00656	0.00662	0.00799	0.00490	0.00495	0.00904	0.01345	0.01776	0.35657	0.14792	0.32542	0.01317	0.00657	0.00187	0.00286	0.05143	0.00546	0.00483
21	0.01099	0.02779	0.75759	0.01576	0.02374	0.01270	0.04230	0.01727	0.01155	0.01727	0.00982	0.01161	0.00695	0.00516	0.00522	0.00173	0.00809	0.00410	0.00232	0.00804
22	0.02446	0.00928	0.01265	0.00970	0.01392	0.00801	0.00801	0.02657	0.01560	0.77817	0.02151	0.01856	0.01350	0.00675	0.00548	0.00169	0.00464	0.00548	0.00675	0.00928
23	0.01334	0.01289	0.01978	0.09039	0.34439	0.03442	0.11867	0.02059	0.24933	0.01888	0.01402	0.01581	0.01094	0.00569	0.00558	0.00173	0.00634	0.00545	0.00358	0.00816
24	0.00673	0.00551	0.00593	0.00589	0.00755	0.00471	0.00439	0.00835	0.01301	0.01625	0.20982	0.07638	0.58985	0.01334	0.00646	0.00183	0.00273	0.01129	0.00527	0.00471
25	0.00754	0.00559	0.00705	0.00676	0.00814	0.00510	0.00512	0.00991	0.01481	0.02045	0.62210	0.04351	0.17190	0.01175	0.00648	0.00177	0.00270	0.03848	0.00581	0.00505
26	0.01165	0.00945	0.01141	0.03487	0.04088	0.01042	0.00905	0.07808	0.29054	0.02011	0.04519	0.03667	0.06677	0.01054	0.00671	0.00208	0.02869	0.27498	0.00504	0.00686
27	0.01439	0.77138	0.06724	0.00965	0.01449	0.02111	0.00988	0.01637	0.01110	0.01305	0.00769	0.00889	0.00699	0.00469	0.00358	0.00119	0.00594	0.00297	0.00233	0.00705
28	0.01121	0.01063	0.01801	0.57646	0.24921	0.01235	0.01560	0.01473	0.01134	0.01504	0.00985	0.01424	0.00766	0.00528	0.00544	0.00176	0.00704	0.00485	0.00250	0.00680
29	0.00906	0.04732	0.00885	0.00754	0.00915	0.00628	0.00598	0.01156	0.01484	0.05907	0.59734	0.04066	0.04461	0.01110	0.00637	0.00179	0.00316	0.10414	0.00572	0.00543
30	0.01894	0.01430	0.01531	0.01213	0.01614	0.01593	0.00989	0.59171	0.17411	0.03154	0.01533	0.03360	0.01140	0.00697	0.00551	0.00169	0.00559	0.00542	0.00546	0.00903
31	0.04555	0.55557	0.08969	0.01126	0.03949	0.09926	0.01056	0.06612	0.01251	0.01527	0.00831	0.00954	0.00716	0.00495	0.00398	0.00130	0.00641	0.00327	0.00264	0.00718
32	0.01075	0.01015	0.01706	0.63511	0.16860	0.01204	0.01509	0.01425	0.01122	0.01465	0.01116	0.01549	0.03053	0.00560	0.00547	0.00178	0.00699	0.00505	0.00255	0.00647
33	0.01916	0.01434	0.01552	0.01180	0.01624	0.01530	0.00971	0.63279	0.02325	0.03160	0.01252	0.01279	0.00907	0.00613	0.00522	0.00150	0.00567	0.00463	0.00508	0.14765
34	0.01349	0.01295	0.02213	0.03346	0.77440	0.01295	0.01673	0.01673	0.01241	0.01781	0.01025	0.01349	0.00864	0.00486	0.00540	0.00162	0.00648	0.00486	0.00270	0.00864
35	0.84691	0.01054	0.00801	0.00717	0.01054	0.01223	0.00590	0.01603	0.00928	0.02446	0.00759	0.00886	0.00590	0.00506	0.00337	0.00169	0.00422	0.00295	0.00337	0.00590
36	0.00792	0.00531	0.00605	0.00605	0.00608	0.00534	0.00343	0.00799	0.00796	0.01065	0.01708	0.03516	0.01960	0.78073	0.05511	0.00541	0.00562	0.00785	0.00329	0.00336
37	0.84691	0.01054	0.00801	0.00717	0.01054	0.01223	0.00590	0.01603	0.00928	0.02446	0.00759	0.00886	0.00590	0.00506	0.00337	0.00169	0.00422	0.00295	0.00337	0.00590
38	0.00793	0.00529	0.00595	0.00595	0.00595	0.00529	0.00330	0.00793	0.00793	0.01057	0.01718	0.03568	0.01982	0.80840	0.02775	0.00529	0.00529	0.00793	0.00330	0.00330
39	0.00772	0.00557	0.00729	0.00686	0.00814	0.00514	0.00514	0.01029	0.01543	0.02186	0.77152	0.04072	0.05144	0.01115	0.00643	0.00171	0.00257	0.00986	0.00600	0.00514
40	0.01355	0.01194	0.01413	0.01522	0.15421	0.01345	0.01012	0.02672	0.62600	0.02189	0.01999	0.01908	0.01517	0.00693	0.00552	0.00181	0.00471	0.00592	0.00502	0.00863
41	0.00789	0.00544	0.00675	0.00675	0.00703	0.00572	0.00431	0.00844	0.00817	0.01117	0.01644	0.03161	0.01805	0.58935	0.24438	0.00628	0.00794	0.00733	0.00319	0.00375
42	0.02446	0.00928	0.01265	0.00970	0.01392	0.00801	0.00801	0.02657	0.01560	0.77817	0.02151	0.01856	0.01350	0.00675	0.00548	0.00169	0.00464	0.00548	0.00675	0.00928
43	0.02034	0.01490	0.01595	0.01227	0.01652	0.01648	0.01012	0.72914	0.02512	0.03385	0.01326	0.01335	0.00944	0.00654	0.00539	0.00162	0.00587	0.00491	0.03579	0.00912
44	0.01203	0.08043	0.52664	0.01460	0.02133	0.01281	0.07685	0.03101	0.01204	0.05091	0.02623	0.01331	0.02360	0.00554	0.00552	0.00167	0.02908	0.00447	0.00277	0.04915
45	0.01322	0.55566	0.24316	0.01104	0.01651	0.01835	0.01226	0.01625	0.01118	0.01414	0.00909	0.04054	0.00810	0.00530	0.00411	0.00137	0.00636	0.00372	0.00243	0.00720
46	0.01143	0.04644	0.73919	0.01522	0.02308	0.01274	0.01952	0.01752	0.01162	0.03989	0.01008	0.01165	0.00711	0.00521	0.00515	0.00171	0.00790	0.00405	0.00244	0.00807
47	0.02446	0.00928	0.01265	0.00970	0.01392	0.00801	0.00801	0.02657	0.01560	0.77817	0.02151	0.01856	0.01350	0.00675	0.00548	0.00169	0.00464	0.00548	0.00675	0.00928
48	0.01323	0.05542	0.25633	0.07517	0.02264	0.13484	0.19485	0.03730	0.01235	0.01610	0.00980	0.01264	0.00767	0.00710	0.04007	0.00205	0.08798	0.00472	0.00262	0.00710
49	0.01517	0.01558	0.01960	0.05852	0.50043	0.17468	0.01455	0.05646	0.05947	0.01787	0.01072	0.01317	0.00876	0.00528	0.00531	0.00160	0.00705	0.00466	0.00303	0.00808
50	0.02446	0.00928	0.01265	0.00970	0.01392	0.00801	0.00801	0.02657	0.01560	0.77817	0.02151	0.01856	0.01350	0.00675	0.00548	0.00169	0.00464	0.00548	0.00675	0.00928
51	0.00751	0.00618	0.00850	0.15793	0.03631	0.00621	0.00707	0.00920	0.01127	0.01445	0.04946	0.39627	0.24253	0.01342	0.00646	0.00200	0.00392	0.01187	0.00451	0.00493
52	0.02917	0.04846	0.23310	0.01392	0.04463	0.04268	0.07081	0.07330	0.19374	0.09150	0.01594	0.01949	0.01263	0.00688	0.00555	0.00179	0.00633	0.07808	0.00409	0.00791
53	0.07457	0.02556	0.64955	0.01562	0.02308	0.01274	0.08976	0.01719	0.01147	0.01783	0.00974	0.01162	0.00696	0.00511	0.00516	0.00173	0.00787	0.00418	0.00243	0.00783
54	0.00857	0.00609	0.00838	0.00954	0.01062	0.00607	0.00808	0.01076	0.01203	0.01568	0.02799	0.11113	0.03076	0.07995	0.00914	0.00272	0.00491	0.62786	0.00488	0.00484
55	0.01933	0.12469	0.01741	0.01432	0.05050	0.65512	0.01066	0.02086	0.01476	0.01348	0.00840	0.00986	0.00709	0.00546	0.00476	0.00138	0.00918	0.00350	0.00274	0.00651
56	0.75755	0.01131	0.03706	0.03328	0.01258	0.01230	0.03587	0.01606	0.00955	0.02359	0.00787	0.00936	0.00608	0.00506	0.00362	0.00170	0.00465	0.00319	0.00328	0.00604
57	0.01310	0.01279	0.02242	0.05931	0.65000	0.01275	0.08992	0.01643	0.01240	0.01754	0.01167	0.01483	0.03159	0.00512	0.00553	0.00165	0.00666	0.00521	0.00277	0.00829

[dist]
# distance from previous block
# <min> <max>
0	1

[block]
# block no. 3 follows, 44 sequences, length 16
# corresponding to MSA columns:
# 195-210
name=unknown_D
#
# <colnr> <probs for GDERKNQSTAVLIFYWHMCP>
#	G	D	E	R	K	N	Q	S	T	A	V	L	I	F	Y	W	H	M	C	P
0	0.01188	0.02630	0.10048	0.01114	0.01496	0.00945	0.09858	0.01723	0.14164	0.08086	0.22097	0.02395	0.02263	0.00744	0.00562	0.00161	0.00489	0.03730	0.00456	0.15853
1	0.00668	0.00479	0.00628	0.00745	0.00782	0.00446	0.00497	0.00761	0.01044	0.01384	0.03066	0.74958	0.06540	0.04240	0.00761	0.00230	0.00321	0.01509	0.00500	0.00440
2	0.01939	0.07239	0.01638	0.01371	0.01649	0.64932	0.01056	0.05190	0.01508	0.01418	0.00848	0.01006	0.00713	0.00589	0.00583	0.00147	0.06878	0.00363	0.00286	0.00646
3	0.84691	0.01054	0.00801	0.00717	0.01054	0.01223	0.00590	0.01603	0.00928	0.02446	0.00759	0.00886	0.00590	0.00506	0.00337	0.00169	0.00422	0.00295	0.00337	0.00590
4	0.01059	0.00999	0.01688	0.72525	0.10530	0.01219	0.01529	0.01419	0.01104	0.01429	0.00974	0.01444	0.00739	0.00540	0.00545	0.00180	0.00719	0.00485	0.00245	0.00629
5	0.00797	0.00594	0.00746	0.00701	0.00845	0.00562	0.00528	0.01124	0.06110	0.02135	0.66841	0.04041	0.10685	0.01113	0.00638	0.00173	0.00269	0.00976	0.00590	0.00531
6	0.00679	0.00554	0.00601	0.00589	0.00758	0.00475	0.00442	0.00850	0.01325	0.01669	0.25194	0.04924	0.57425	0.01308	0.00644	0.00181	0.00271	0.01105	0.00532	0.00475
7	0.00805	0.00568	0.00682	0.00670	0.00690	0.00601	0.00421	0.00841	0.00821	0.01111	0.01764	0.03321	0.04363	0.64137	0.12814	0.00550	0.04385	0.00762	0.00327	0.00368
8	0.00763	0.00557	0.00717	0.00677	0.00809	0.00511	0.00508	0.01013	0.01524	0.02140	0.72523	0.04148	0.09801	0.01132	0.00643	0.00172	0.00258	0.00997	0.00594	0.00511
9	0.01409	0.63882	0.16857	0.01065	0.01588	0.04567	0.01139	0.01668	0.01131	0.01367	0.00802	0.00930	0.00698	0.00479	0.00386	0.00128	0.00638	0.00314	0.00234	0.00717
10	0.00878	0.00762	0.00906	0.00880	0.01008	0.05381	0.00680	0.01120	0.04947	0.01395	0.04125	0.06374	0.16827	0.02770	0.43645	0.00567	0.06121	0.00735	0.00362	0.00515
11	0.02446	0.00928	0.01265	0.00970	0.01392	0.00801	0.00801	0.02657	0.01560	0.77817	0.02151	0.01856	0.01350	0.00675	0.00548	0.00169	0.00464	0.00548	0.00675	0.00928
12	0.01412	0.01415	0.02151	0.03168	0.70474	0.08408	0.01616	0.01719	0.01269	0.01740	0.01009	0.01316	0.00849	0.00493	0.00535	0.00160	0.00679	0.00473	0.00271	0.00842
13	0.09043	0.00990	0.02561	0.00853	0.01282	0.00820	0.00699	0.03787	0.03101	0.15114	0.06155	0.02900	0.01235	0.00548	0.00453	0.00119	0.00419	0.00438	0.00417	0.49063
14	0.01334	0.03479	0.01974	0.23323	0.40514	0.05629	0.03695	0.04847	0.06635	0.01743	0.01092	0.01395	0.00872	0.00530	0.00538	0.00167	0.00676	0.00487	0.00294	0.00776
15	0.01296	0.01052	0.01506	0.15086	0.01909	0.01147	0.09800	0.07950	0.16600	0.08344	0.03904	0.08733	0.04551	0.00804	0.00692	0.00185	0.07840	0.02870	0.00427	0.05303

[dist]
# distance from previous block
# <min> <max>
1	6

[block]
# block no. 4 follows, 44 sequences, length 13
# corresponding to MSA columns:
# 217-229
name=unknown_E
#
# <colnr> <probs for GDERKNQSTAVLIFYWHMCP>
#	G	D	E	R	K	N	Q	S	T	A	V	L	I	F	Y	W	H	M	C	P
0	0.26535	0.25991	0.01872	0.01091	0.01476	0.04993	0.11315	0.04360	0.01163	0.05680	0.01054	0.02656	0.00896	0.00791	0.05580	0.00203	0.00645	0.02710	0.00324	0.00664
1	0.26569	0.12463	0.05263	0.02706	0.04270	0.01293	0.00888	0.13344	0.01420	0.20921	0.05018	0.01390	0.01090	0.00596	0.00460	0.00161	0.00509	0.00438	0.00441	0.00759
2	0.08613	0.00760	0.00962	0.08029	0.01298	0.00822	0.00783	0.07993	0.02406	0.03239	0.05406	0.10430	0.04203	0.07825	0.14397	0.00349	0.00657	0.20851	0.00427	0.00550
3	0.01080	0.00911	0.01074	0.00790	0.01225	0.00697	0.00627	0.01324	0.01189	0.01834	0.11711	0.01545	0.01419	0.00504	0.00437	0.00094	0.00383	0.00416	0.00362	0.72377
4	0.04040	0.00589	0.00614	0.03736	0.00874	0.00524	0.00470	0.00851	0.01238	0.01542	0.08487	0.04865	0.67712	0.01300	0.00628	0.00183	0.00299	0.01082	0.00493	0.00474
5	0.02421	0.00967	0.01290	0.00989	0.01411	0.00860	0.00817	0.07454	0.01626	0.72927	0.02095	0.01820	0.01322	0.00673	0.00548	0.00168	0.00473	0.00544	0.00666	0.00928
6	0.01056	0.00966	0.01504	0.63420	0.03223	0.01171	0.01346	0.03948	0.07205	0.01540	0.01495	0.01840	0.07770	0.00640	0.00555	0.00182	0.00658	0.00556	0.00302	0.00624
7	0.72895	0.01042	0.00919	0.11829	0.01435	0.01221	0.00721	0.01573	0.00951	0.02298	0.00789	0.00966	0.00610	0.00512	0.00367	0.00171	0.00465	0.00322	0.00324	0.00593
8	0.01022	0.00854	0.01015	0.00796	0.01176	0.00661	0.00614	0.01230	0.01110	0.01687	0.01441	0.19541	0.01457	0.00706	0.00472	0.00113	0.00383	0.00608	0.00365	0.64747
9	0.01216	0.01020	0.01177	0.00848	0.01328	0.00814	0.00682	0.08130	0.01261	0.01928	0.01000	0.01147	0.00818	0.00427	0.00417	0.00088	0.00422	0.00338	0.00343	0.76597
10	0.01276	0.10387	0.27623	0.03686	0.21459	0.07726	0.01461	0.05077	0.01322	0.01797	0.11711	0.01585	0.01377	0.00599	0.00523	0.00161	0.00667	0.00496	0.00312	0.00755
11	0.01184	0.03584	0.03291	0.00912	0.01309	0.03817	0.00738	0.04397	0.12918	0.01835	0.01430	0.11571	0.01298	0.00646	0.00475	0.00124	0.00443	0.00537	0.00384	0.49106
12	0.03194	0.00996	0.01393	0.03643	0.06216	0.02207	0.11274	0.04517	0.04297	0.05265	0.06138	0.05756	0.09557	0.01971	0.00566	0.00153	0.00496	0.02136	0.03536	0.26688

[dist]
# distance from previous block
# <min> <max>
0	31

# created by:
# /st0/software/busco_prod/Augustus/scripts/msa2prfl.pl ./align_prep/201093.fa
