[name]
unknown

[dist]
# distance from previous block
# <min> <max>
0	31

[block]
# block no. 0 follows, 43 sequences, length 12
# corresponding to MSA columns:
# 84-95
name=unknown_A
#
# <colnr> <probs for GDERKNQSTAVLIFYWHMCP>
#	G	D	E	R	K	N	Q	S	T	A	V	L	I	F	Y	W	H	M	C	P
0	0.01132	0.00814	0.01021	0.01030	0.01209	0.00848	0.00869	0.16278	0.01499	0.01973	0.02484	0.04974	0.02609	0.09370	0.00930	0.00265	0.00533	0.51079	0.00501	0.00581
1	0.01741	0.01357	0.01740	0.14899	0.17463	0.01488	0.01244	0.43350	0.01999	0.04759	0.01289	0.03842	0.00991	0.00645	0.00558	0.00171	0.00628	0.00532	0.00447	0.00858
2	0.01198	0.01155	0.02007	0.42708	0.34418	0.01277	0.06173	0.01556	0.01184	0.01602	0.01017	0.01433	0.00803	0.00523	0.00558	0.00176	0.00717	0.00503	0.00260	0.00733
3	0.00695	0.00501	0.00648	0.00740	0.00799	0.00466	0.00506	0.00790	0.01082	0.01423	0.05657	0.59289	0.14287	0.01774	0.03896	0.04743	0.00369	0.01398	0.00494	0.00445
4	0.00814	0.00527	0.00698	0.00728	0.00784	0.00506	0.00508	0.00862	0.01078	0.01456	0.19660	0.20261	0.05964	0.14229	0.01413	0.21943	0.00398	0.07332	0.00437	0.00400
5	0.13004	0.01372	0.06248	0.01158	0.01610	0.01326	0.03096	0.35344	0.01928	0.27130	0.01506	0.01447	0.01018	0.00637	0.00528	0.00170	0.00563	0.00490	0.00541	0.00884
6	0.01234	0.01157	0.01929	0.41618	0.37206	0.01288	0.01594	0.04344	0.01234	0.01674	0.01024	0.01423	0.00809	0.00530	0.00551	0.00175	0.00697	0.00493	0.00271	0.00747
7	0.00718	0.00536	0.00644	0.00697	0.00790	0.00492	0.00494	0.00844	0.01154	0.01491	0.11046	0.32136	0.25650	0.13154	0.01002	0.00257	0.00351	0.07596	0.00497	0.00451
8	0.01724	0.00956	0.01265	0.10634	0.04146	0.00964	0.00901	0.10703	0.08765	0.32979	0.02094	0.18843	0.01757	0.00896	0.00589	0.00185	0.00491	0.00769	0.00553	0.00786
9	0.64674	0.01199	0.04822	0.00849	0.01234	0.01255	0.00738	0.09198	0.01179	0.09147	0.00963	0.01044	0.00707	0.00545	0.00392	0.00171	0.00470	0.00348	0.00389	0.00676
10	0.00785	0.00560	0.00747	0.00823	0.00892	0.00564	0.00615	0.00926	0.01047	0.01395	0.02552	0.27335	0.04773	0.18664	0.13965	0.00408	0.00613	0.22443	0.00439	0.00451
11	0.00936	0.00641	0.00719	0.00677	0.00730	0.00656	0.00419	0.08371	0.01030	0.01383	0.05894	0.03420	0.02084	0.67997	0.02468	0.00479	0.00529	0.00785	0.00373	0.00408

[dist]
# distance from previous block
# <min> <max>
0	2

[block]
# block no. 1 follows, 43 sequences, length 34
# corresponding to MSA columns:
# 99-114,125-142
name=unknown_B
#
# <colnr> <probs for GDERKNQSTAVLIFYWHMCP>
#	G	D	E	R	K	N	Q	S	T	A	V	L	I	F	Y	W	H	M	C	P
0	0.08216	0.01780	0.01595	0.01340	0.04095	0.20811	0.01044	0.49125	0.02178	0.02828	0.01160	0.01216	0.00857	0.00625	0.00524	0.00161	0.00695	0.00448	0.00462	0.00839
1	0.04225	0.01070	0.01775	0.57490	0.21882	0.01252	0.01543	0.01494	0.01139	0.01553	0.00991	0.01429	0.00768	0.00537	0.00545	0.00179	0.00707	0.00485	0.00257	0.00680
2	0.01610	0.01415	0.01347	0.01165	0.01491	0.11937	0.00913	0.18312	0.42785	0.04081	0.07422	0.01911	0.01651	0.00735	0.00559	0.00176	0.00540	0.00588	0.00529	0.00834
3	0.00948	0.00812	0.01358	0.01343	0.09452	0.00786	0.15466	0.01131	0.01074	0.01447	0.02000	0.20950	0.02189	0.27557	0.01390	0.00319	0.00576	0.10296	0.00382	0.00525
4	0.00905	0.00614	0.00761	0.00704	0.00875	0.00561	0.00535	0.01179	0.03905	0.07778	0.53823	0.04149	0.19823	0.01143	0.00643	0.00177	0.00287	0.00991	0.00594	0.00554
5	0.84448	0.01071	0.00814	0.00728	0.01071	0.01242	0.00600	0.01628	0.00943	0.02485	0.00771	0.00900	0.00600	0.00514	0.00343	0.00171	0.00428	0.00300	0.00343	0.00600
6	0.01114	0.00729	0.00905	0.00884	0.03807	0.03164	0.00657	0.01352	0.01493	0.14000	0.43535	0.03932	0.12614	0.01092	0.00641	0.00182	0.00362	0.08363	0.00577	0.00599
7	0.01481	0.80869	0.02902	0.00948	0.01421	0.02191	0.00948	0.01658	0.01125	0.01303	0.00770	0.00888	0.00711	0.00474	0.00355	0.00118	0.00592	0.00296	0.00237	0.00711
8	0.01344	0.01283	0.02185	0.06406	0.71897	0.01293	0.01670	0.01672	0.01255	0.01789	0.01094	0.01517	0.00939	0.00526	0.00555	0.00168	0.00657	0.02615	0.00280	0.00856
9	0.01935	0.00926	0.01184	0.00969	0.01309	0.00889	0.00777	0.04638	0.14029	0.46806	0.09162	0.02200	0.01802	0.04078	0.06457	0.00242	0.00528	0.00621	0.00611	0.00835
10	0.84448	0.01071	0.00814	0.00728	0.01071	0.01242	0.00600	0.01628	0.00943	0.02485	0.00771	0.00900	0.00600	0.00514	0.00343	0.00171	0.00428	0.00300	0.00343	0.00600
11	0.02070	0.02604	0.01573	0.01422	0.01712	0.75792	0.01070	0.04615	0.01604	0.01426	0.00872	0.01010	0.00721	0.00574	0.00501	0.00143	0.00986	0.00361	0.00294	0.00652
12	0.01204	0.01123	0.01845	0.51734	0.15900	0.01319	0.05280	0.06984	0.01239	0.01650	0.01011	0.01432	0.00782	0.00573	0.00637	0.00184	0.05636	0.00501	0.00275	0.00690
13	0.00791	0.00593	0.00890	0.00890	0.00989	0.00692	0.00692	0.00989	0.00890	0.01286	0.01483	0.02176	0.01385	0.04154	0.78341	0.00890	0.01483	0.00593	0.00297	0.00494
14	0.00804	0.00544	0.00639	0.00639	0.00651	0.00556	0.00379	0.00828	0.00816	0.01100	0.01713	0.03447	0.01936	0.71181	0.12068	0.00580	0.00653	0.00779	0.00331	0.00355
15	0.01579	0.01190	0.01428	0.07161	0.09318	0.01306	0.01007	0.17872	0.33579	0.10530	0.03850	0.01949	0.03336	0.02616	0.00617	0.00187	0.00517	0.00596	0.00516	0.00846
16	0.01111	0.01075	0.01680	0.68043	0.09221	0.04711	0.01505	0.01464	0.01151	0.01462	0.02793	0.01510	0.00855	0.00564	0.00553	0.00181	0.00733	0.00498	0.00259	0.00634
17	0.01261	0.01172	0.01309	0.01418	0.14902	0.10303	0.00935	0.05357	0.14943	0.01982	0.18541	0.02593	0.06929	0.00824	0.00602	0.00169	0.02167	0.05137	0.00451	0.09005
18	0.01134	0.07714	0.73019	0.01539	0.02336	0.01342	0.01978	0.01748	0.01167	0.01726	0.00980	0.01152	0.00702	0.00523	0.00516	0.00172	0.00804	0.00402	0.00234	0.00812
19	0.01205	0.04485	0.53781	0.01613	0.04144	0.07014	0.09854	0.01740	0.01235	0.01741	0.04762	0.01337	0.00951	0.00547	0.00537	0.00170	0.00794	0.00458	0.00266	0.03366
20	0.00713	0.00555	0.00648	0.00650	0.00795	0.00491	0.00483	0.00897	0.01356	0.01768	0.32530	0.13859	0.38736	0.01342	0.00663	0.00188	0.00284	0.03004	0.00551	0.00488
21	0.01481	0.80869	0.02902	0.00948	0.01421	0.02191	0.00948	0.01658	0.01125	0.01303	0.00770	0.00888	0.00711	0.00474	0.00355	0.00118	0.00592	0.00296	0.00237	0.00711
22	0.84448	0.01071	0.00814	0.00728	0.01071	0.01242	0.00600	0.01628	0.00943	0.02485	0.00771	0.00900	0.00600	0.00514	0.00343	0.00171	0.00428	0.00300	0.00343	0.00600
23	0.01075	0.00642	0.00783	0.02126	0.00971	0.00568	0.00564	0.01252	0.01348	0.17238	0.16916	0.12457	0.35075	0.03070	0.00692	0.00196	0.00343	0.03555	0.00557	0.00574
24	0.00883	0.00611	0.00842	0.00931	0.01053	0.00597	0.00777	0.01115	0.01300	0.03556	0.14914	0.16274	0.03541	0.01474	0.00734	0.00236	0.00442	0.49676	0.00531	0.00514
25	0.01327	0.01260	0.02136	0.03198	0.71393	0.01257	0.01612	0.01651	0.01284	0.01840	0.06693	0.01577	0.01202	0.00541	0.00556	0.00165	0.00628	0.00531	0.00299	0.00851
26	0.01102	0.02800	0.75484	0.01554	0.02352	0.01265	0.02003	0.01734	0.01181	0.01767	0.03144	0.01253	0.00830	0.00543	0.00530	0.00175	0.00803	0.00426	0.00245	0.00810
27	0.01353	0.01298	0.02216	0.07561	0.73060	0.01311	0.01691	0.01684	0.01253	0.01788	0.01039	0.01377	0.00870	0.00497	0.00549	0.00166	0.00662	0.00493	0.00273	0.00863
28	0.01046	0.00984	0.01661	0.79205	0.03814	0.01230	0.01538	0.01415	0.01107	0.01415	0.00984	0.01477	0.00738	0.00554	0.00554	0.00185	0.00738	0.00492	0.00246	0.00615
29	0.00951	0.00484	0.00716	0.00716	0.00722	0.00481	0.00479	0.00724	0.00740	0.00981	0.01124	0.01811	0.03609	0.01906	0.02112	0.80967	0.00474	0.00505	0.00250	0.00248
30	0.00779	0.00566	0.00733	0.00691	0.00824	0.00520	0.00518	0.01035	0.01555	0.02192	0.73901	0.04185	0.08132	0.01143	0.00653	0.00175	0.00262	0.01008	0.00606	0.00520
31	0.00911	0.01269	0.21730	0.01095	0.05571	0.00815	0.01009	0.01327	0.06067	0.01862	0.25972	0.07053	0.19682	0.01006	0.00612	0.00182	0.00459	0.02292	0.00457	0.00629
32	0.00805	0.00537	0.00604	0.00604	0.00604	0.00537	0.00336	0.00805	0.00805	0.01074	0.01745	0.03624	0.02013	0.80536	0.02819	0.00537	0.00537	0.00805	0.00336	0.00336
33	0.01366	0.01348	0.02079	0.14418	0.59012	0.07030	0.01603	0.01675	0.01250	0.01699	0.01018	0.01365	0.00846	0.00538	0.00579	0.01920	0.00692	0.00483	0.00270	0.00808

[dist]
# distance from previous block
# <min> <max>
1	3

[block]
# block no. 2 follows, 43 sequences, length 8
# corresponding to MSA columns:
# 147,148,153-158
name=unknown_C
#
# <colnr> <probs for GDERKNQSTAVLIFYWHMCP>
#	G	D	E	R	K	N	Q	S	T	A	V	L	I	F	Y	W	H	M	C	P
0	0.01204	0.22447	0.58898	0.01420	0.02152	0.01513	0.01770	0.01730	0.01158	0.01641	0.00938	0.01099	0.00704	0.00513	0.00483	0.00161	0.00762	0.00381	0.00235	0.00791
1	0.01212	0.10488	0.29975	0.06306	0.02371	0.01394	0.25224	0.01705	0.03295	0.01705	0.03809	0.01397	0.00948	0.00549	0.00615	0.00174	0.04593	0.00509	0.00276	0.03454
2	0.01438	0.71810	0.11585	0.01021	0.01535	0.02086	0.01075	0.01669	0.01130	0.01355	0.00796	0.00921	0.00710	0.00480	0.00375	0.00125	0.00619	0.00309	0.00237	0.00723
3	0.01362	0.01111	0.01263	0.00922	0.01403	0.00957	0.00745	0.17913	0.01474	0.02182	0.01062	0.01189	0.00848	0.00467	0.00442	0.00101	0.00455	0.00366	0.00379	0.65359
4	0.01378	0.01190	0.01252	0.01127	0.01440	0.01378	0.00877	0.02943	0.76081	0.02317	0.02254	0.02066	0.01691	0.00751	0.00564	0.00188	0.00438	0.00626	0.00564	0.00877
5	0.01856	0.01396	0.01488	0.01190	0.01581	0.01557	0.00967	0.52465	0.20979	0.03107	0.01592	0.01561	0.01160	0.00685	0.00546	0.00169	0.00545	0.00532	0.05726	0.00899
6	0.00709	0.00559	0.00639	0.00628	0.00783	0.00489	0.00467	0.00896	0.01377	0.01788	0.34609	0.08826	0.43641	0.01310	0.00657	0.00184	0.00275	0.01122	0.00553	0.00489
7	0.01220	0.01027	0.01187	0.00854	0.01343	0.00811	0.00686	0.06903	0.01257	0.01930	0.01010	0.01162	0.00829	0.00429	0.00421	0.00088	0.00425	0.00341	0.00345	0.77731

[dist]
# distance from previous block
# <min> <max>
0	28

[block]
# block no. 3 follows, 43 sequences, length 18
# corresponding to MSA columns:
# 187-204
name=unknown_D
#
# <colnr> <probs for GDERKNQSTAVLIFYWHMCP>
#	G	D	E	R	K	N	Q	S	T	A	V	L	I	F	Y	W	H	M	C	P
0	0.00784	0.00566	0.00740	0.00697	0.00827	0.00523	0.00523	0.01045	0.01568	0.02221	0.76789	0.04137	0.05226	0.01132	0.00653	0.00174	0.00261	0.01002	0.00610	0.00523
1	0.01111	0.02865	0.77667	0.01579	0.02397	0.01286	0.02046	0.01754	0.01169	0.01754	0.00994	0.01169	0.00702	0.00526	0.00526	0.00175	0.00818	0.00409	0.00234	0.00818
2	0.00962	0.00481	0.00722	0.00722	0.00722	0.00481	0.00481	0.00722	0.00722	0.00962	0.00962	0.01684	0.00962	0.01924	0.02165	0.83886	0.00481	0.00481	0.00241	0.00241
3	0.00768	0.00660	0.00669	0.00650	0.00856	0.00610	0.00492	0.01131	0.12982	0.01625	0.05085	0.04819	0.65083	0.01301	0.00640	0.00187	0.00305	0.01084	0.00522	0.00532
4	0.01200	0.00678	0.00696	0.00635	0.00813	0.00704	0.00491	0.12873	0.01387	0.02288	0.01732	0.01950	0.01345	0.00648	0.00413	0.00135	0.00313	0.00513	0.70601	0.00583
5	0.00962	0.00481	0.00722	0.00722	0.00722	0.00481	0.00481	0.00722	0.00722	0.00962	0.00962	0.01684	0.00962	0.01924	0.02165	0.83886	0.00481	0.00481	0.00241	0.00241
6	0.00675	0.00482	0.00643	0.00771	0.00803	0.00450	0.00514	0.00771	0.01060	0.01414	0.03053	0.80175	0.03663	0.01735	0.00707	0.00225	0.00321	0.01574	0.00514	0.00450
7	0.02076	0.02436	0.01587	0.01398	0.01713	0.63961	0.01067	0.15894	0.01763	0.01755	0.00945	0.01061	0.00756	0.00588	0.00510	0.00147	0.00926	0.00383	0.00336	0.00698
8	0.84448	0.01071	0.00814	0.00728	0.01071	0.01242	0.00600	0.01628	0.00943	0.02485	0.00771	0.00900	0.00600	0.00514	0.00343	0.00171	0.00428	0.00300	0.00343	0.00600
9	0.01318	0.01446	0.02952	0.02145	0.02667	0.01397	0.63449	0.01957	0.13020	0.01859	0.01298	0.01584	0.00974	0.00511	0.00639	0.00187	0.00856	0.00649	0.00325	0.00767
10	0.01046	0.00984	0.01661	0.79205	0.03814	0.01230	0.01538	0.01415	0.01107	0.01415	0.00984	0.01477	0.00738	0.00554	0.00554	0.00185	0.00738	0.00492	0.00246	0.00615
11	0.01371	0.01310	0.02204	0.03298	0.73705	0.01319	0.01663	0.01755	0.04601	0.01832	0.01096	0.01402	0.00914	0.00505	0.00549	0.00166	0.00648	0.00499	0.00287	0.00877
12	0.01269	0.01490	0.13739	0.14810	0.35296	0.04408	0.03289	0.05892	0.01327	0.01809	0.04512	0.01756	0.06755	0.00616	0.00559	0.00171	0.00669	0.00551	0.00312	0.00771
13	0.02485	0.00943	0.01285	0.00985	0.01414	0.00814	0.00814	0.02699	0.01585	0.77465	0.02185	0.01885	0.01371	0.00685	0.00557	0.00171	0.00471	0.00557	0.00685	0.00943
14	0.01148	0.00984	0.01148	0.00820	0.01312	0.00738	0.00656	0.01395	0.01148	0.01805	0.00984	0.01148	0.00820	0.00410	0.00410	0.00082	0.00410	0.00328	0.00328	0.83922
15	0.01378	0.01190	0.01252	0.01127	0.01440	0.01378	0.00877	0.02943	0.76081	0.02317	0.02254	0.02066	0.01691	0.00751	0.00564	0.00188	0.00438	0.00626	0.00564	0.00877
16	0.01214	0.01027	0.01313	0.01236	0.13173	0.00841	0.00826	0.01506	0.03300	0.03954	0.01122	0.03470	0.00950	0.00478	0.00449	0.00105	0.00449	0.00404	0.00342	0.63842
17	0.01142	0.02650	0.66013	0.01697	0.02475	0.01304	0.13484	0.01757	0.01191	0.01757	0.01014	0.01220	0.00723	0.00517	0.00546	0.00177	0.00837	0.00448	0.00241	0.00807

[dist]
# distance from previous block
# <min> <max>
0	37

[block]
# block no. 4 follows, 43 sequences, length 25
# corresponding to MSA columns:
# 242-266
name=unknown_E
#
# <colnr> <probs for GDERKNQSTAVLIFYWHMCP>
#	G	D	E	R	K	N	Q	S	T	A	V	L	I	F	Y	W	H	M	C	P
0	0.01111	0.02865	0.77667	0.01579	0.02397	0.01286	0.02046	0.01754	0.01169	0.01754	0.00994	0.01169	0.00702	0.00526	0.00526	0.00175	0.00818	0.00409	0.00234	0.00818
1	0.00841	0.00639	0.00872	0.00939	0.01078	0.00621	0.02882	0.01096	0.03626	0.01611	0.03331	0.19067	0.15561	0.01490	0.00726	0.00234	0.00447	0.43921	0.00507	0.00511
2	0.01478	0.00725	0.00958	0.00878	0.01126	0.00649	0.00708	0.01675	0.01387	0.33102	0.07552	0.15368	0.13847	0.01167	0.00646	0.00200	0.00415	0.16855	0.00590	0.00675
3	0.01167	0.16277	0.61998	0.01449	0.02184	0.01420	0.01815	0.01716	0.01165	0.01672	0.01024	0.01302	0.00792	0.00553	0.00505	0.00168	0.00768	0.02990	0.00244	0.00789
4	0.00683	0.00488	0.00653	0.00781	0.00817	0.00457	0.00529	0.00786	0.01069	0.01424	0.03048	0.77210	0.03644	0.01727	0.00709	0.00226	0.00329	0.04453	0.00514	0.00452
5	0.01129	0.06682	0.74008	0.01548	0.02349	0.01331	0.01992	0.01749	0.01167	0.01732	0.00983	0.01156	0.00702	0.00524	0.00518	0.00173	0.00807	0.00404	0.00234	0.00813
6	0.02385	0.00991	0.02944	0.03501	0.01512	0.00850	0.00865	0.02643	0.03217	0.71732	0.02122	0.01861	0.01343	0.00679	0.00556	0.00172	0.00487	0.00553	0.00659	0.00928
7	0.01084	0.01030	0.01700	0.65869	0.07873	0.01289	0.01510	0.01422	0.01087	0.01429	0.00958	0.01440	0.00745	0.00598	0.00697	0.00190	0.09709	0.00491	0.00247	0.00630
8	0.01046	0.00984	0.01661	0.79205	0.03814	0.01230	0.01538	0.01415	0.01107	0.01415	0.00984	0.01477	0.00738	0.00554	0.00554	0.00185	0.00738	0.00492	0.00246	0.00615
9	0.01140	0.02660	0.66539	0.01692	0.02471	0.01303	0.12969	0.01757	0.01190	0.01757	0.01013	0.01218	0.00722	0.00517	0.00545	0.00177	0.00836	0.00446	0.00241	0.00808
10	0.01116	0.01105	0.01509	0.52094	0.02932	0.09891	0.03395	0.01399	0.01132	0.01391	0.01247	0.09982	0.01147	0.06769	0.00766	0.00212	0.02423	0.00621	0.00287	0.00583
11	0.00795	0.00582	0.00747	0.00703	0.00841	0.00543	0.00528	0.01086	0.03504	0.02198	0.72336	0.04125	0.07655	0.01132	0.00651	0.00175	0.00267	0.00998	0.00605	0.00530
12	0.01226	0.01168	0.01986	0.37239	0.44375	0.01278	0.01628	0.01573	0.01192	0.01633	0.01016	0.01418	0.00815	0.00520	0.00551	0.00173	0.00694	0.00493	0.00262	0.00760
13	0.01041	0.01139	0.06847	0.01610	0.03364	0.01007	0.32834	0.01360	0.01199	0.01630	0.01938	0.26048	0.02017	0.01027	0.00722	0.00209	0.03826	0.11177	0.00379	0.00625
14	0.02116	0.02446	0.01537	0.01376	0.01678	0.69484	0.01041	0.02267	0.01571	0.10026	0.01007	0.01100	0.00788	0.00584	0.00506	0.00146	0.00939	0.00380	0.00331	0.00676
15	0.00954	0.00608	0.00770	0.00705	0.00880	0.00546	0.00537	0.01188	0.01514	0.10661	0.55287	0.04098	0.17872	0.01131	0.00642	0.00176	0.00289	0.00981	0.00601	0.00560
16	0.02284	0.01224	0.12475	0.01072	0.01558	0.00883	0.00995	0.02561	0.01524	0.66374	0.02010	0.01780	0.01273	0.00662	0.00552	0.00172	0.00522	0.00535	0.00619	0.00924
17	0.00812	0.00669	0.00895	0.17465	0.01473	0.03116	0.00750	0.00974	0.01102	0.01430	0.04660	0.51424	0.05051	0.04616	0.00752	0.00225	0.00443	0.03207	0.00445	0.00491
18	0.00690	0.00503	0.00663	0.00762	0.00814	0.00481	0.00522	0.00799	0.01052	0.01397	0.03060	0.62840	0.09663	0.04044	0.09602	0.00306	0.00456	0.01408	0.00485	0.00453
19	0.01281	0.01421	0.10702	0.02966	0.62005	0.01238	0.01637	0.01626	0.01233	0.01769	0.01209	0.08134	0.01097	0.00604	0.00559	0.00171	0.00647	0.00577	0.00290	0.00834
20	0.01314	0.01337	0.04728	0.04397	0.64417	0.03432	0.01581	0.01633	0.01264	0.01760	0.01427	0.01696	0.07407	0.00576	0.00555	0.00167	0.00642	0.00545	0.00293	0.00829
21	0.01156	0.02402	0.56480	0.08617	0.17018	0.01287	0.01935	0.01714	0.01182	0.01736	0.01002	0.01235	0.00739	0.00522	0.00533	0.00174	0.00780	0.00433	0.00243	0.00812
22	0.01152	0.06540	0.67425	0.01509	0.02267	0.01338	0.01892	0.01852	0.07618	0.01780	0.01091	0.01233	0.00787	0.00543	0.00521	0.00174	0.00775	0.00422	0.00262	0.00818
23	0.01097	0.02575	0.66243	0.01574	0.03898	0.01226	0.05018	0.01693	0.01211	0.01796	0.07527	0.01443	0.01101	0.00575	0.00543	0.00176	0.00772	0.00472	0.00269	0.00791
24	0.01055	0.02261	0.55153	0.01517	0.06740	0.01134	0.04026	0.01560	0.01159	0.01670	0.01592	0.01878	0.09506	0.07512	0.00744	0.00208	0.00727	0.00543	0.00279	0.00738

[dist]
# distance from previous block
# <min> <max>
9	20

[block]
# block no. 5 follows, 43 sequences, length 13
# corresponding to MSA columns:
# 287-299
name=unknown_F
#
# <colnr> <probs for GDERKNQSTAVLIFYWHMCP>
#	G	D	E	R	K	N	Q	S	T	A	V	L	I	F	Y	W	H	M	C	P
0	0.41883	0.15490	0.01310	0.00829	0.01211	0.01331	0.00706	0.07283	0.03952	0.02216	0.02971	0.01145	0.00876	0.00533	0.00390	0.00147	0.00458	0.00358	0.03701	0.13210
1	0.04345	0.14553	0.04167	0.02297	0.44572	0.01315	0.01304	0.01565	0.02938	0.01706	0.01798	0.01963	0.13908	0.00654	0.00526	0.00162	0.00573	0.00570	0.00317	0.00767
2	0.07969	0.00855	0.01109	0.12762	0.04315	0.00900	0.00830	0.05147	0.06381	0.12223	0.16893	0.15383	0.04326	0.03157	0.00681	0.00194	0.02728	0.00800	0.00481	0.02866
3	0.22763	0.13881	0.14777	0.01016	0.01451	0.01399	0.00987	0.17749	0.04603	0.02321	0.01151	0.01264	0.00880	0.00573	0.00439	0.00157	0.00537	0.00408	0.12914	0.00729
4	0.35588	0.00973	0.00964	0.02515	0.01186	0.01072	0.00692	0.15263	0.03839	0.04282	0.01694	0.26295	0.01699	0.00944	0.00516	0.00188	0.00436	0.00765	0.00451	0.00635
5	0.01137	0.01318	0.14041	0.01041	0.01500	0.00966	0.00969	0.01426	0.01104	0.01713	0.01011	0.03602	0.00874	0.00555	0.00651	0.00126	0.12401	0.00404	0.00305	0.54857
6	0.01640	0.55087	0.05539	0.01088	0.01545	0.12486	0.01024	0.12828	0.01411	0.01658	0.00875	0.00981	0.00746	0.00518	0.00412	0.00131	0.00660	0.00339	0.00291	0.00741
7	0.00731	0.00516	0.00679	0.00788	0.00831	0.00494	0.00551	0.00839	0.01058	0.01403	0.02835	0.56245	0.03335	0.13579	0.01035	0.00277	0.00385	0.13490	0.00487	0.00443
8	0.02837	0.01342	0.04437	0.09723	0.30781	0.01389	0.19516	0.01738	0.07333	0.01744	0.01101	0.01430	0.00889	0.00587	0.00763	0.00186	0.12603	0.00536	0.00292	0.00773
9	0.01884	0.01386	0.01508	0.01177	0.01568	0.01517	0.00964	0.62799	0.02430	0.03278	0.13978	0.01800	0.01660	0.00743	0.00571	0.00168	0.00551	0.00583	0.00563	0.00872
10	0.00820	0.00554	0.00652	0.00674	0.00695	0.00554	0.00429	0.00863	0.00884	0.01172	0.01944	0.04064	0.02210	0.67293	0.02475	0.00490	0.00532	0.12966	0.00365	0.00365
11	0.00774	0.00570	0.00679	0.00687	0.00811	0.00529	0.00496	0.00955	0.05388	0.01608	0.20169	0.18456	0.31377	0.01447	0.00887	0.12808	0.00323	0.01074	0.00497	0.00465
12	0.01118	0.01107	0.02096	0.34109	0.09017	0.01194	0.25461	0.01475	0.01143	0.01534	0.01108	0.01584	0.00886	0.01097	0.12351	0.02341	0.00902	0.00560	0.00267	0.00652

[dist]
# distance from previous block
# <min> <max>
17	60

[block]
# block no. 6 follows, 43 sequences, length 9
# corresponding to MSA columns:
# 361-369
name=unknown_G
#
# <colnr> <probs for GDERKNQSTAVLIFYWHMCP>
#	G	D	E	R	K	N	Q	S	T	A	V	L	I	F	Y	W	H	M	C	P
0	0.01490	0.13114	0.04574	0.01298	0.03436	0.10180	0.12107	0.12315	0.02465	0.05557	0.03818	0.03022	0.01113	0.03523	0.00778	0.07812	0.02415	0.00505	0.00356	0.10121
1	0.01289	0.16353	0.20235	0.01525	0.05068	0.07172	0.18356	0.01724	0.04950	0.01687	0.04368	0.01551	0.04614	0.00572	0.00526	0.00157	0.00706	0.00508	0.00304	0.08334
2	0.09467	0.07515	0.06698	0.04252	0.06786	0.02451	0.09128	0.03919	0.01180	0.01790	0.01151	0.02781	0.02520	0.03475	0.03603	0.00180	0.02162	0.00458	0.00315	0.30170
3	0.01116	0.08908	0.21317	0.32369	0.07984	0.01268	0.05480	0.01526	0.01179	0.01592	0.04054	0.01874	0.01137	0.00642	0.00556	0.00181	0.00711	0.07134	0.00284	0.00689
4	0.01747	0.01338	0.01594	0.01243	0.01635	0.01445	0.07821	0.46872	0.10368	0.02884	0.01458	0.01568	0.01094	0.02725	0.02765	0.00193	0.00603	0.00533	0.08092	0.04022
5	0.01795	0.01325	0.01442	0.01162	0.01535	0.01459	0.00940	0.47465	0.18557	0.05893	0.08642	0.04108	0.01602	0.00760	0.00570	0.00174	0.00526	0.00608	0.00565	0.00874
6	0.01126	0.10256	0.56291	0.01513	0.02201	0.01310	0.08596	0.01657	0.01168	0.01680	0.01171	0.08386	0.00986	0.00626	0.00538	0.00175	0.00761	0.00527	0.00264	0.00767
7	0.01339	0.01038	0.01209	0.00877	0.01360	0.00841	0.00707	0.08812	0.01324	0.07408	0.01105	0.01219	0.00872	0.00455	0.00435	0.00097	0.00434	0.00361	0.00376	0.69730
8	0.01410	0.01169	0.01321	0.01182	0.03640	0.01337	0.00909	0.17335	0.39133	0.02404	0.11420	0.02188	0.04574	0.00819	0.00700	0.00186	0.08296	0.00649	0.00525	0.00804

[dist]
# distance from previous block
# <min> <max>
0	7

[block]
# block no. 7 follows, 43 sequences, length 13
# corresponding to MSA columns:
# 377-389
name=unknown_H
#
# <colnr> <probs for GDERKNQSTAVLIFYWHMCP>
#	G	D	E	R	K	N	Q	S	T	A	V	L	I	F	Y	W	H	M	C	P
0	0.67815	0.00954	0.00780	0.00737	0.01018	0.01085	0.00583	0.01458	0.00966	0.02272	0.01224	0.16640	0.01208	0.00757	0.00415	0.00182	0.00407	0.00553	0.00377	0.00570
1	0.01864	0.01375	0.02029	0.01521	0.01983	0.01407	0.23325	0.31099	0.09699	0.17537	0.01533	0.01567	0.01075	0.00618	0.00586	0.00176	0.00662	0.00570	0.00498	0.00876
2	0.68175	0.01046	0.00908	0.00779	0.01139	0.01157	0.00642	0.01841	0.01070	0.17372	0.01052	0.01095	0.00753	0.00548	0.00385	0.00171	0.00437	0.00351	0.00411	0.00668
3	0.01444	0.06691	0.07538	0.01231	0.04774	0.01208	0.03564	0.08000	0.01320	0.16867	0.02136	0.03441	0.16047	0.00862	0.00871	0.00187	0.19928	0.00637	0.00420	0.02833
4	0.20987	0.01377	0.01303	0.01102	0.01461	0.06771	0.00882	0.25580	0.30077	0.02663	0.01518	0.01487	0.01131	0.00656	0.00505	0.00174	0.00529	0.00491	0.00490	0.00817
5	0.01212	0.01158	0.00971	0.00913	0.01046	0.18809	0.00630	0.01565	0.15933	0.01396	0.01627	0.02637	0.01618	0.42553	0.05326	0.00392	0.00669	0.00656	0.00367	0.00522
6	0.01470	0.01258	0.07022	0.17653	0.21495	0.01288	0.02850	0.01784	0.02639	0.16645	0.01206	0.01459	0.00915	0.00661	0.00847	0.00190	0.19001	0.00504	0.00346	0.00767
7	0.01087	0.01019	0.01525	0.01121	0.01569	0.00839	0.17925	0.01364	0.01208	0.01736	0.01935	0.02059	0.15922	0.00620	0.00515	0.00127	0.00506	0.00571	0.00354	0.47998
8	0.65080	0.01104	0.01019	0.00897	0.01160	0.01348	0.00742	0.01559	0.00921	0.02217	0.00761	0.00972	0.00629	0.00620	0.00686	0.00188	0.18833	0.00343	0.00319	0.00601
9	0.18067	0.01496	0.01240	0.01113	0.01429	0.19235	0.00865	0.02504	0.41450	0.04521	0.01632	0.01580	0.01236	0.00660	0.00505	0.00174	0.00568	0.00496	0.00459	0.00769
10	0.00890	0.00500	0.00684	0.00684	0.00728	0.00478	0.00467	0.00739	0.00847	0.01086	0.02044	0.02532	0.18622	0.01803	0.01813	0.64410	0.00434	0.00641	0.00304	0.00293
11	0.01140	0.01162	0.02253	0.07442	0.17124	0.01141	0.34714	0.01471	0.01210	0.01654	0.01570	0.21218	0.01546	0.00810	0.00670	0.00193	0.02825	0.00837	0.00334	0.00685
12	0.01371	0.01116	0.01268	0.00926	0.01407	0.00966	0.00748	0.18577	0.01487	0.02197	0.01065	0.01191	0.00849	0.00469	0.00444	0.00102	0.00457	0.00368	0.00381	0.64613

[dist]
# distance from previous block
# <min> <max>
0	47

# created by:
# /st0/software/busco_prod/Augustus/scripts/msa2prfl.pl ./align_prep/201638.fa
