[name]
unknown

[dist]
# distance from previous block
# <min> <max>
0	22

[block]
# block no. 0 follows, 48 sequences, length 13
# corresponding to MSA columns:
# 22-34
name=unknown_A
#
# <colnr> <probs for GDERKNQSTAVLIFYWHMCP>
#	G	D	E	R	K	N	Q	S	T	A	V	L	I	F	Y	W	H	M	C	P
0	0.07760	0.01165	0.01811	0.10174	0.53628	0.01216	0.01383	0.09502	0.01264	0.01847	0.01053	0.01458	0.00889	0.00527	0.00504	0.00159	0.00589	0.04019	0.00294	0.00760
1	0.01221	0.01344	0.10588	0.08528	0.56395	0.01216	0.01519	0.01682	0.09256	0.01693	0.01075	0.01325	0.00865	0.00490	0.00508	0.00157	0.00610	0.00461	0.00276	0.00788
2	0.01227	0.08870	0.39691	0.01814	0.17986	0.01323	0.10361	0.09586	0.01253	0.01772	0.00959	0.01150	0.00723	0.00484	0.00495	0.00156	0.00702	0.00421	0.00261	0.00765
3	0.00782	0.10008	0.15192	0.00869	0.01078	0.00739	0.00780	0.00973	0.01008	0.01356	0.02243	0.57890	0.02587	0.01272	0.00588	0.00189	0.00410	0.01129	0.00400	0.00506
4	0.10320	0.06879	0.00870	0.00778	0.00919	0.00738	0.00587	0.01158	0.09149	0.03280	0.05315	0.46750	0.02646	0.01235	0.00578	0.00191	0.00355	0.07292	0.00450	0.00510
5	0.01885	0.01171	0.01350	0.01062	0.01429	0.01244	0.00871	0.45367	0.04807	0.23706	0.01497	0.01486	0.01053	0.00986	0.09404	0.00231	0.00614	0.00491	0.00520	0.00824
6	0.01424	0.01104	0.01357	0.03365	0.13720	0.01179	0.00930	0.37106	0.05498	0.02538	0.23968	0.02040	0.02060	0.00719	0.00540	0.00157	0.00472	0.00604	0.00480	0.00738
7	0.01938	0.00885	0.01153	0.00868	0.01282	0.00733	0.00711	0.02145	0.01349	0.56321	0.01697	0.01546	0.01120	0.00560	0.00476	0.00134	0.00420	0.00454	0.00538	0.25670
8	0.01064	0.00912	0.01064	0.00760	0.01216	0.00684	0.00608	0.01292	0.01064	0.01672	0.00912	0.01064	0.00760	0.00380	0.00380	0.00076	0.00380	0.00304	0.00304	0.85104
9	0.00891	0.00446	0.00668	0.00668	0.00668	0.00446	0.00446	0.00668	0.00668	0.00891	0.00891	0.01560	0.00891	0.01783	0.02005	0.85071	0.00446	0.00446	0.00223	0.00223
10	0.00969	0.00912	0.01539	0.80734	0.03534	0.01140	0.01425	0.01311	0.01026	0.01311	0.00912	0.01368	0.00684	0.00513	0.00513	0.00171	0.00684	0.00456	0.00228	0.00570
11	0.36302	0.04976	0.01564	0.01163	0.01525	0.01162	0.23071	0.01642	0.08534	0.04657	0.09554	0.01462	0.01221	0.00551	0.00461	0.00162	0.00527	0.00483	0.00354	0.00629
12	0.15367	0.13601	0.26735	0.01014	0.01533	0.01133	0.02795	0.01459	0.01042	0.01682	0.01024	0.01156	0.03750	0.00478	0.00411	0.00129	0.00537	0.00357	0.00271	0.25526

[dist]
# distance from previous block
# <min> <max>
0	9

[block]
# block no. 1 follows, 48 sequences, length 16
# corresponding to MSA columns:
# 44-59
name=unknown_B
#
# <colnr> <probs for GDERKNQSTAVLIFYWHMCP>
#	G	D	E	R	K	N	Q	S	T	A	V	L	I	F	Y	W	H	M	C	P
0	0.05284	0.06965	0.12166	0.11002	0.05586	0.01273	0.01101	0.25709	0.04992	0.17278	0.02860	0.01369	0.00978	0.00576	0.00491	0.00156	0.00561	0.00454	0.00421	0.00778
1	0.01224	0.23138	0.28882	0.13892	0.01990	0.13956	0.01311	0.01557	0.01116	0.01384	0.00975	0.06546	0.00847	0.00562	0.00457	0.00148	0.00687	0.00430	0.00245	0.00652
2	0.01137	0.01138	0.05436	0.02516	0.55574	0.01061	0.03816	0.01432	0.01169	0.01655	0.05926	0.08392	0.01425	0.00662	0.00544	0.00165	0.00566	0.06352	0.00306	0.00728
3	0.00958	0.00695	0.00805	0.00732	0.00811	0.00755	0.00502	0.12977	0.01036	0.01398	0.01601	0.02817	0.04357	0.54331	0.08257	0.00438	0.06079	0.00677	0.00340	0.00434
4	0.01372	0.05422	0.15131	0.15372	0.21235	0.01272	0.04570	0.17663	0.01402	0.06188	0.01052	0.01246	0.00789	0.00510	0.00496	0.00153	0.00626	0.00438	0.00320	0.04743
5	0.07210	0.42392	0.20783	0.01204	0.07648	0.04654	0.01151	0.01645	0.01096	0.06753	0.00876	0.00989	0.00703	0.00472	0.00399	0.00133	0.00600	0.00333	0.00259	0.00700
6	0.21822	0.00818	0.00970	0.00817	0.01123	0.00782	0.00652	0.01913	0.01231	0.45507	0.01870	0.17244	0.01518	0.00789	0.00496	0.00169	0.00400	0.00645	0.00528	0.00708
7	0.07996	0.01256	0.01866	0.08736	0.57505	0.05311	0.01411	0.06738	0.01234	0.01782	0.00951	0.01223	0.00779	0.00478	0.00491	0.00153	0.00612	0.00437	0.00275	0.00766
8	0.00697	0.00499	0.00673	0.00767	0.00835	0.00475	0.00574	0.00851	0.01112	0.01491	0.14879	0.48353	0.03504	0.01466	0.00662	0.00209	0.00337	0.21684	0.00489	0.00443
9	0.01299	0.01185	0.01881	0.17338	0.52367	0.01253	0.01445	0.11028	0.03927	0.01819	0.01027	0.01306	0.00822	0.00496	0.00510	0.00157	0.00611	0.00462	0.00291	0.00775
10	0.01231	0.00635	0.00846	0.00734	0.00941	0.00569	0.00571	0.01455	0.01444	0.26882	0.51592	0.05472	0.03647	0.00932	0.00578	0.00162	0.00306	0.00811	0.00585	0.00608
11	0.01229	0.01053	0.01120	0.01010	0.01286	0.01209	0.00784	0.02577	0.71322	0.02139	0.08608	0.02078	0.01846	0.00726	0.00529	0.00173	0.00392	0.00610	0.00526	0.00784
12	0.01570	0.01544	0.01623	0.15701	0.17646	0.23144	0.01189	0.20064	0.01501	0.03292	0.00970	0.01180	0.00760	0.00564	0.00591	0.00156	0.07057	0.00423	0.00320	0.00705
13	0.01347	0.12059	0.18806	0.03519	0.02149	0.19441	0.30300	0.01702	0.01204	0.01478	0.00904	0.01137	0.00704	0.00480	0.00536	0.00155	0.02716	0.00445	0.00245	0.00674
14	0.06294	0.01006	0.01245	0.00925	0.01334	0.00901	0.05061	0.08105	0.01174	0.04610	0.00957	0.01113	0.00770	0.00460	0.00509	0.00108	0.06807	0.00353	0.00327	0.57942
15	0.67136	0.15772	0.01135	0.00731	0.01074	0.01327	0.00630	0.04367	0.00962	0.02138	0.00734	0.00847	0.00586	0.00475	0.00327	0.00150	0.00431	0.00284	0.00307	0.00586

[dist]
# distance from previous block
# <min> <max>
0	2

[block]
# block no. 2 follows, 48 sequences, length 12
# corresponding to MSA columns:
# 62-73
name=unknown_C
#
# <colnr> <probs for GDERKNQSTAVLIFYWHMCP>
#	G	D	E	R	K	N	Q	S	T	A	V	L	I	F	Y	W	H	M	C	P
0	0.14473	0.01119	0.05848	0.00998	0.01305	0.01164	0.00838	0.02285	0.50814	0.04189	0.01866	0.02101	0.01491	0.00724	0.00508	0.00177	0.00434	0.08462	0.00469	0.00734
1	0.01602	0.01077	0.01296	0.01070	0.06370	0.00999	0.00809	0.23682	0.01551	0.18789	0.01248	0.01273	0.00906	0.00509	0.00456	0.00122	0.00461	0.00406	0.00433	0.36940
2	0.01202	0.01045	0.01287	0.01436	0.16748	0.01156	0.00951	0.02240	0.50929	0.01984	0.05503	0.02281	0.01714	0.00740	0.00543	0.00176	0.00446	0.08393	0.00465	0.00761
3	0.00827	0.00591	0.00827	0.00945	0.01063	0.00591	0.00827	0.01063	0.01181	0.01536	0.02717	0.05788	0.02953	0.01417	0.00709	0.00236	0.00472	0.75313	0.00472	0.00472
4	0.01131	0.01119	0.01378	0.01212	0.01274	0.08737	0.00988	0.03831	0.00914	0.01295	0.00874	0.01324	0.00827	0.01569	0.20510	0.00359	0.51393	0.00463	0.00250	0.00550
5	0.00945	0.00571	0.00757	0.00698	0.00852	0.00522	0.00534	0.01172	0.01418	0.12800	0.60745	0.08015	0.04190	0.01036	0.00599	0.00166	0.00281	0.03597	0.00566	0.00534
6	0.01069	0.00931	0.01109	0.00812	0.01228	0.00762	0.00653	0.01287	0.01039	0.01633	0.00891	0.01069	0.00752	0.00426	0.00495	0.00089	0.07486	0.00317	0.00297	0.77655
7	0.14491	0.01013	0.01380	0.40708	0.06579	0.01160	0.01123	0.10414	0.03243	0.03422	0.00971	0.01249	0.00737	0.00520	0.00497	0.00158	0.02507	0.00418	0.00301	0.09110
8	0.04294	0.01192	0.01713	0.15601	0.37122	0.04032	0.01286	0.13112	0.01351	0.09614	0.01079	0.01293	0.00827	0.00522	0.00532	0.00156	0.02796	0.00449	0.00330	0.02700
9	0.22046	0.01162	0.01595	0.13774	0.40643	0.04597	0.01229	0.04080	0.01136	0.01820	0.02788	0.01223	0.00824	0.00493	0.00462	0.00156	0.00571	0.00419	0.00283	0.00698
10	0.01555	0.01317	0.01503	0.14477	0.14136	0.10906	0.01088	0.21250	0.16107	0.08403	0.01303	0.01390	0.00968	0.00574	0.00505	0.00156	0.00590	0.00467	0.00401	0.02902
11	0.12200	0.08049	0.01522	0.08445	0.10469	0.11554	0.07474	0.06397	0.01256	0.05395	0.10035	0.03160	0.01284	0.00632	0.01801	0.00157	0.00578	0.00480	0.00340	0.08772

[dist]
# distance from previous block
# <min> <max>
3	16

[block]
# block no. 3 follows, 48 sequences, length 82
# corresponding to MSA columns:
# 90-171
name=unknown_D
#
# <colnr> <probs for GDERKNQSTAVLIFYWHMCP>
#	G	D	E	R	K	N	Q	S	T	A	V	L	I	F	Y	W	H	M	C	P
0	0.02740	0.40991	0.15282	0.01215	0.06896	0.03554	0.05601	0.01566	0.01093	0.04459	0.02232	0.01066	0.00788	0.00524	0.01609	0.00140	0.02223	0.00357	0.00257	0.07407
1	0.01394	0.46962	0.11745	0.01374	0.14938	0.03668	0.01123	0.02855	0.02222	0.06739	0.00902	0.01026	0.00743	0.00478	0.00425	0.00131	0.01949	0.00347	0.00264	0.00715
2	0.07066	0.43060	0.13705	0.00924	0.01341	0.02783	0.01920	0.01444	0.01013	0.02596	0.00912	0.01258	0.00837	0.11762	0.00682	0.00174	0.00558	0.00367	0.00253	0.07343
3	0.01505	0.37359	0.06857	0.01033	0.01431	0.10423	0.00944	0.22668	0.01470	0.01823	0.01063	0.07794	0.00951	0.00599	0.00434	0.00136	0.00584	0.00440	0.00330	0.02156
4	0.01157	0.02557	0.16017	0.01042	0.01361	0.00980	0.00978	0.23288	0.01486	0.02015	0.04764	0.19095	0.03410	0.00996	0.00581	0.00184	0.00505	0.17161	0.00433	0.01991
5	0.01094	0.14674	0.04098	0.00827	0.01046	0.00955	0.00669	0.08560	0.08628	0.06955	0.03373	0.26970	0.05608	0.13219	0.00849	0.00219	0.00431	0.00835	0.00418	0.00571
6	0.01051	0.02507	0.72636	0.01448	0.02171	0.01163	0.04340	0.01622	0.01107	0.03190	0.03467	0.01196	0.00803	0.00507	0.00496	0.00163	0.00739	0.00407	0.00238	0.00749
7	0.00625	0.00506	0.00536	0.00555	0.00686	0.00438	0.00395	0.00734	0.01092	0.01330	0.04421	0.16905	0.58061	0.10389	0.00839	0.00215	0.00293	0.01105	0.00458	0.00417
8	0.01372	0.82276	0.02689	0.00878	0.01317	0.02030	0.00878	0.01536	0.01043	0.01207	0.00713	0.00823	0.00658	0.00439	0.00329	0.00110	0.00549	0.00274	0.00219	0.00658
9	0.01068	0.01074	0.07387	0.00884	0.01367	0.00754	0.04415	0.01336	0.01073	0.01667	0.00919	0.01081	0.00752	0.00391	0.00400	0.00088	0.00434	0.00325	0.00295	0.74292
10	0.01096	0.08716	0.56641	0.01568	0.02249	0.01281	0.18107	0.01622	0.01108	0.01596	0.00930	0.01128	0.00679	0.00472	0.00501	0.00161	0.00765	0.00420	0.00226	0.00736
11	0.00625	0.00447	0.00595	0.00714	0.00744	0.00417	0.00476	0.00714	0.00982	0.01310	0.02828	0.81633	0.03394	0.01608	0.00655	0.00208	0.00298	0.01459	0.00476	0.00417
12	0.01015	0.00946	0.01540	0.65034	0.10588	0.01142	0.01369	0.01436	0.07153	0.01413	0.01055	0.03244	0.00829	0.00547	0.00516	0.00170	0.00646	0.00489	0.00260	0.00609
13	0.00724	0.00537	0.00791	0.00817	0.00901	0.00604	0.00630	0.00897	0.00874	0.01233	0.01687	0.14139	0.01716	0.03341	0.62479	0.00691	0.01150	0.06018	0.00319	0.00453
14	0.02028	0.01313	0.01463	0.01122	0.01529	0.01407	0.00927	0.60637	0.02205	0.19946	0.01406	0.01345	0.00960	0.00620	0.00514	0.00155	0.00536	0.00474	0.00540	0.00873
15	0.00746	0.00497	0.00560	0.00560	0.00560	0.00497	0.00311	0.00746	0.00746	0.00995	0.01617	0.03358	0.01865	0.81967	0.02612	0.00497	0.00497	0.00746	0.00311	0.00311
16	0.01283	0.01391	0.02553	0.08281	0.06207	0.06809	0.52266	0.06839	0.01271	0.01677	0.01012	0.01335	0.00776	0.00538	0.02017	0.00181	0.04056	0.00550	0.00274	0.00685
17	0.00969	0.00912	0.01539	0.80734	0.03534	0.01140	0.01425	0.01311	0.01026	0.01311	0.00912	0.01368	0.00684	0.00513	0.00513	0.00171	0.00684	0.00456	0.00228	0.00570
18	0.01917	0.02445	0.01454	0.01322	0.01586	0.79907	0.00991	0.02049	0.01454	0.01256	0.00793	0.00925	0.00661	0.00529	0.00463	0.00132	0.00925	0.00330	0.00264	0.00595
19	0.00903	0.00635	0.00749	0.00706	0.00783	0.00670	0.00477	0.11369	0.01019	0.01380	0.02947	0.07685	0.01768	0.49910	0.16371	0.00486	0.00651	0.00718	0.00347	0.00426
20	0.01171	0.01334	0.04420	0.16749	0.02772	0.03089	0.57816	0.01579	0.01179	0.01570	0.01040	0.01452	0.00799	0.00471	0.00584	0.00173	0.00822	0.02061	0.00257	0.00664
21	0.00746	0.00497	0.00560	0.00560	0.00560	0.00497	0.00311	0.00746	0.00746	0.00995	0.01617	0.03358	0.01865	0.81967	0.02612	0.00497	0.00497	0.00746	0.00311	0.00311
22	0.00632	0.00458	0.00597	0.00695	0.00742	0.00423	0.00471	0.00736	0.01033	0.01375	0.09020	0.69969	0.08870	0.01541	0.00648	0.00202	0.00291	0.01390	0.00483	0.00423
23	0.01128	0.01202	0.02402	0.28952	0.07402	0.01251	0.43484	0.01509	0.01127	0.01515	0.00975	0.01361	0.00744	0.00481	0.00615	0.00173	0.04241	0.00539	0.00247	0.00652
24	0.01057	0.00970	0.01587	0.71714	0.03348	0.01182	0.03825	0.07495	0.01145	0.01478	0.00942	0.01357	0.00702	0.00519	0.00516	0.00170	0.00680	0.00461	0.00252	0.00599
25	0.00890	0.00592	0.00759	0.00694	0.00849	0.00561	0.00528	0.01212	0.06747	0.08198	0.67114	0.03534	0.04330	0.00992	0.00592	0.00162	0.00269	0.00871	0.00567	0.00538
26	0.00737	0.00493	0.00562	0.00572	0.00574	0.00491	0.00324	0.00744	0.00765	0.01020	0.01713	0.09588	0.01987	0.75571	0.02456	0.00474	0.00482	0.00803	0.00324	0.00319
27	0.01879	0.01402	0.01500	0.01166	0.01564	0.01558	0.00958	0.69198	0.10386	0.03119	0.01322	0.01304	0.00946	0.00624	0.00514	0.00156	0.00548	0.00474	0.00514	0.00866
28	0.00640	0.00515	0.00560	0.00566	0.00707	0.00448	0.00415	0.00776	0.01164	0.01449	0.14862	0.10798	0.54939	0.07046	0.00756	0.00199	0.00283	0.02968	0.00477	0.00431
29	0.01348	0.76759	0.07998	0.00918	0.01380	0.01972	0.00948	0.01543	0.01045	0.01236	0.00728	0.00841	0.00658	0.00442	0.00340	0.00113	0.00563	0.00282	0.00219	0.00665
30	0.01276	0.01102	0.01160	0.01044	0.01334	0.01276	0.00812	0.02727	0.77840	0.02146	0.02088	0.01914	0.01566	0.00696	0.00522	0.00174	0.00406	0.00580	0.00522	0.00812
31	0.00655	0.00485	0.00612	0.00659	0.00743	0.00442	0.00464	0.00802	0.01169	0.01569	0.28166	0.43089	0.16515	0.01372	0.00630	0.00187	0.00273	0.01221	0.00506	0.00442
32	0.00713	0.00511	0.00663	0.00650	0.00748	0.00475	0.00471	0.00915	0.01332	0.01870	0.61746	0.15383	0.04414	0.06904	0.00756	0.00192	0.00269	0.00994	0.00534	0.00462
33	0.01244	0.01211	0.02120	0.08447	0.67497	0.01220	0.07560	0.01562	0.01162	0.01648	0.00967	0.01286	0.00801	0.00459	0.00516	0.00155	0.00635	0.00469	0.00253	0.00786
34	0.01064	0.00912	0.01064	0.00760	0.01216	0.00684	0.00608	0.01292	0.01064	0.01672	0.00912	0.01064	0.00760	0.00380	0.00380	0.00076	0.00380	0.00304	0.00304	0.85104
35	0.00625	0.00447	0.00595	0.00714	0.00744	0.00417	0.00476	0.00714	0.00982	0.01310	0.02828	0.81633	0.03394	0.01608	0.00655	0.00208	0.00298	0.01459	0.00476	0.00417
36	0.01064	0.00912	0.01064	0.00760	0.01216	0.00684	0.00608	0.01292	0.01064	0.01672	0.00912	0.01064	0.00760	0.00380	0.00380	0.00076	0.00380	0.00304	0.00304	0.85104
37	0.01077	0.00901	0.01094	0.06470	0.01375	0.00717	0.00671	0.01311	0.01064	0.03437	0.00951	0.01128	0.00781	0.00491	0.02574	0.00105	0.00430	0.00327	0.00305	0.74791
38	0.01484	0.02054	0.01242	0.00979	0.01276	0.00903	0.05998	0.06770	0.08876	0.27830	0.20212	0.02177	0.03986	0.00742	0.00627	0.00161	0.06833	0.00615	0.00507	0.06730
39	0.00764	0.00567	0.00741	0.00829	0.00958	0.00544	0.00703	0.00967	0.01171	0.01489	0.03348	0.08430	0.22075	0.01395	0.00681	0.00219	0.00412	0.53773	0.00474	0.00460
40	0.02255	0.00895	0.01270	0.00967	0.01369	0.00778	0.04037	0.02464	0.01458	0.75782	0.01982	0.01731	0.01249	0.00626	0.00520	0.00159	0.00455	0.00520	0.00619	0.00865
41	0.07605	0.00776	0.01009	0.00933	0.01082	0.06377	0.05934	0.01089	0.00898	0.01310	0.01264	0.01841	0.01163	0.05473	0.60089	0.00667	0.01203	0.00522	0.00278	0.00487
42	0.01837	0.02148	0.01425	0.01266	0.01547	0.60856	0.00965	0.12469	0.07015	0.01592	0.00965	0.01074	0.00775	0.00661	0.03055	0.00161	0.00853	0.00374	0.00318	0.00644
43	0.00785	0.00536	0.00688	0.00651	0.00785	0.00488	0.00488	0.01003	0.01392	0.05748	0.62197	0.09387	0.11725	0.01093	0.00604	0.00166	0.00257	0.00960	0.00553	0.00494
44	0.02048	0.01281	0.01443	0.01106	0.01513	0.01359	0.00914	0.56393	0.02151	0.24266	0.01452	0.01375	0.00983	0.00621	0.00514	0.00155	0.00529	0.00477	0.00547	0.00873
45	0.00956	0.00895	0.01476	0.69526	0.03185	0.01121	0.01338	0.01264	0.01006	0.01305	0.01028	0.06913	0.00871	0.00616	0.00606	0.00177	0.06388	0.00525	0.00245	0.00559
46	0.01917	0.02445	0.01454	0.01322	0.01586	0.79907	0.00991	0.02049	0.01454	0.01256	0.00793	0.00925	0.00661	0.00529	0.00463	0.00132	0.00925	0.00330	0.00264	0.00595
47	0.00653	0.00467	0.00609	0.00686	0.00734	0.00436	0.00464	0.00767	0.01062	0.01436	0.17704	0.59084	0.05171	0.07223	0.00784	0.00219	0.00300	0.01295	0.00482	0.00423
48	0.23847	0.01518	0.01265	0.01068	0.01395	0.20526	0.00851	0.28071	0.11222	0.02331	0.01086	0.01136	0.00821	0.00574	0.00473	0.00154	0.02163	0.00396	0.00397	0.00708
49	0.00746	0.00497	0.00560	0.00560	0.00560	0.00497	0.00311	0.00746	0.00746	0.00995	0.01617	0.03358	0.01865	0.81967	0.02612	0.00497	0.00497	0.00746	0.00311	0.00311
50	0.00738	0.00494	0.00562	0.00571	0.00573	0.00492	0.00323	0.00744	0.00763	0.01017	0.01703	0.08941	0.01974	0.76235	0.02472	0.00477	0.00483	0.00797	0.00323	0.00318
51	0.01220	0.01011	0.01076	0.00967	0.01213	0.01150	0.00735	0.07508	0.58115	0.02029	0.03292	0.03679	0.01656	0.13022	0.00842	0.00222	0.00426	0.00620	0.00489	0.00727
52	0.01131	0.01011	0.01582	0.63324	0.09263	0.01210	0.01374	0.12015	0.01233	0.01611	0.00961	0.01341	0.00721	0.00523	0.00513	0.00167	0.00661	0.00457	0.00270	0.00632
53	0.00606	0.00520	0.00520	0.00520	0.00693	0.00433	0.00390	0.00736	0.01170	0.01386	0.05198	0.04938	0.78558	0.01299	0.00606	0.00173	0.00260	0.01083	0.00476	0.00433
54	0.00746	0.00497	0.00560	0.00560	0.00560	0.00497	0.00311	0.00746	0.00746	0.00995	0.01617	0.03358	0.01865	0.81967	0.02612	0.00497	0.00497	0.00746	0.00311	0.00311
55	0.01276	0.01102	0.01160	0.01044	0.01334	0.01276	0.00812	0.02727	0.77840	0.02146	0.02088	0.01914	0.01566	0.00696	0.00522	0.00174	0.00406	0.00580	0.00522	0.00812
56	0.01211	0.01384	0.03028	0.02163	0.02682	0.01298	0.76903	0.01644	0.01211	0.01644	0.01038	0.01384	0.00779	0.00433	0.00606	0.00173	0.00865	0.00606	0.00260	0.00692
57	0.00746	0.00497	0.00560	0.00560	0.00560	0.00497	0.00311	0.00746	0.00746	0.00995	0.01617	0.03358	0.01865	0.81967	0.02612	0.00497	0.00497	0.00746	0.00311	0.00311
58	0.00768	0.00490	0.00592	0.00595	0.00600	0.00493	0.00354	0.00740	0.00742	0.00994	0.01508	0.04812	0.01705	0.62472	0.06128	0.15179	0.00525	0.00701	0.00298	0.00305
59	0.01372	0.82276	0.02689	0.00878	0.01317	0.02030	0.00878	0.01536	0.01043	0.01207	0.00713	0.00823	0.00658	0.00439	0.00329	0.00110	0.00549	0.00274	0.00219	0.00658
60	0.01130	0.01196	0.11960	0.00891	0.01385	0.00827	0.00816	0.07369	0.01174	0.01790	0.00939	0.01080	0.00754	0.00414	0.00406	0.00094	0.00447	0.00327	0.00309	0.66695
61	0.01118	0.05283	0.48476	0.12841	0.13427	0.01212	0.04774	0.01599	0.01104	0.04089	0.00958	0.01174	0.00704	0.00487	0.00493	0.00160	0.00712	0.00411	0.00239	0.00737
62	0.85592	0.00992	0.00754	0.00675	0.00992	0.01151	0.00556	0.01508	0.00873	0.02302	0.00714	0.00834	0.00556	0.00476	0.00318	0.00159	0.00397	0.00278	0.00318	0.00556
63	0.00609	0.00520	0.00524	0.00523	0.00695	0.00434	0.00392	0.00742	0.01176	0.01402	0.06905	0.04912	0.76841	0.01294	0.00606	0.00173	0.00259	0.01079	0.00479	0.00434
64	0.01897	0.01188	0.10323	0.06689	0.01767	0.00967	0.10803	0.08123	0.01436	0.48910	0.01632	0.01557	0.01064	0.00582	0.00524	0.00162	0.00556	0.00504	0.00501	0.00816
65	0.04832	0.10936	0.01496	0.01207	0.02814	0.57996	0.00920	0.02978	0.01374	0.02903	0.01166	0.01257	0.06875	0.00580	0.00457	0.00135	0.00791	0.00390	0.00289	0.00601
66	0.02081	0.00824	0.01120	0.00875	0.01233	0.00716	0.00716	0.02285	0.01466	0.68285	0.12778	0.02040	0.01772	0.00693	0.00529	0.00159	0.00409	0.00574	0.00625	0.00819
67	0.01175	0.01314	0.02806	0.13861	0.02809	0.01274	0.65665	0.01594	0.01184	0.01594	0.01019	0.01382	0.00764	0.00445	0.00592	0.00173	0.00838	0.00583	0.00255	0.00674
68	0.01277	0.01194	0.01973	0.13299	0.63445	0.01234	0.01513	0.06770	0.01236	0.01736	0.00977	0.01280	0.00800	0.00476	0.00509	0.00155	0.00616	0.00457	0.00269	0.00785
69	0.01960	0.01422	0.01530	0.01173	0.01583	0.01568	0.00969	0.75011	0.02387	0.05315	0.01254	0.01246	0.00884	0.00616	0.00513	0.00154	0.00561	0.00463	0.00517	0.00873
70	0.00658	0.00476	0.00629	0.00740	0.00794	0.00447	0.00529	0.00775	0.01029	0.01353	0.02978	0.63343	0.08681	0.01553	0.00661	0.00211	0.00325	0.13914	0.00476	0.00427
71	0.85592	0.00992	0.00754	0.00675	0.00992	0.01151	0.00556	0.01508	0.00873	0.02302	0.00714	0.00834	0.00556	0.00476	0.00318	0.00159	0.00397	0.00278	0.00318	0.00556
72	0.00622	0.00457	0.00584	0.00686	0.00737	0.00419	0.00464	0.00718	0.01010	0.01321	0.03177	0.70326	0.14475	0.01562	0.00648	0.00203	0.00292	0.01403	0.00476	0.00419
73	0.85592	0.00992	0.00754	0.00675	0.00992	0.01151	0.00556	0.01508	0.00873	0.02302	0.00714	0.00834	0.00556	0.00476	0.00318	0.00159	0.00397	0.00278	0.00318	0.00556
74	0.01246	0.01512	0.08921	0.01840	0.02294	0.08859	0.51580	0.04749	0.01242	0.01631	0.01143	0.07687	0.00965	0.00563	0.00617	0.00172	0.03408	0.00617	0.00283	0.00670
75	0.01056	0.08869	0.73328	0.01417	0.02150	0.01257	0.01816	0.01618	0.01080	0.01592	0.00905	0.01063	0.00651	0.00484	0.00475	0.00158	0.00742	0.00371	0.00217	0.00751
76	0.01139	0.24982	0.44978	0.06856	0.02099	0.01436	0.08678	0.01580	0.01080	0.01487	0.00872	0.01058	0.00667	0.00470	0.00456	0.00149	0.00704	0.00376	0.00222	0.00711
77	0.23830	0.01162	0.01649	0.06389	0.46944	0.01231	0.01240	0.08487	0.01197	0.01967	0.00920	0.01155	0.00743	0.00480	0.00458	0.00155	0.00553	0.00410	0.00293	0.00737
78	0.03165	0.04002	0.09310	0.07302	0.01488	0.00986	0.00900	0.17363	0.01559	0.24141	0.22085	0.02049	0.01998	0.00707	0.00526	0.00158	0.00467	0.00583	0.00494	0.00719
79	0.00969	0.00912	0.01539	0.80734	0.03534	0.01140	0.01425	0.01311	0.01026	0.01311	0.00912	0.01368	0.00684	0.00513	0.00513	0.00171	0.00684	0.00456	0.00228	0.00570
80	0.01145	0.01149	0.01709	0.50433	0.24090	0.08532	0.02839	0.01459	0.01109	0.01413	0.00918	0.01300	0.00719	0.00498	0.00509	0.00162	0.00689	0.00447	0.00239	0.00642
81	0.00768	0.00542	0.00717	0.02152	0.00841	0.00508	0.00523	0.01005	0.01413	0.03489	0.69354	0.03851	0.04516	0.02889	0.00653	0.00174	0.00273	0.05294	0.00549	0.00489

[dist]
# distance from previous block
# <min> <max>
0	2

# created by:
# /st0/software/busco_prod/Augustus/scripts/msa2prfl.pl ./align_prep/202185.fa
