[name]
unknown

[dist]
# distance from previous block
# <min> <max>
12	58

[block]
# block no. 0 follows, 45 sequences, length 82
# corresponding to MSA columns:
# 61-142
name=unknown_A
#
# <colnr> <probs for GDERKNQSTAVLIFYWHMCP>
#	G	D	E	R	K	N	Q	S	T	A	V	L	I	F	Y	W	H	M	C	P
0	0.01687	0.00896	0.01077	0.00893	0.01202	0.00870	0.00711	0.13908	0.08166	0.33609	0.05543	0.08611	0.12600	0.02249	0.00597	0.00177	0.00419	0.00719	0.05313	0.00754
1	0.01277	0.00850	0.00965	0.02390	0.02477	0.03519	0.00666	0.08781	0.08480	0.16630	0.09670	0.10478	0.21764	0.06948	0.02466	0.00217	0.00439	0.00838	0.00513	0.00635
2	0.02718	0.00742	0.00852	0.00790	0.00953	0.00747	0.00571	0.12975	0.04994	0.08434	0.06489	0.23263	0.11720	0.20953	0.01133	0.00269	0.00420	0.00943	0.00480	0.00555
3	0.06060	0.01254	0.01384	0.04940	0.01588	0.04446	0.02690	0.28846	0.17658	0.10802	0.04948	0.01580	0.01250	0.00637	0.00518	0.00158	0.00525	0.00508	0.00490	0.09717
4	0.01306	0.00833	0.01016	0.02398	0.01153	0.00842	0.00695	0.13488	0.05114	0.15462	0.12080	0.13234	0.09143	0.07679	0.02716	0.01725	0.03382	0.03040	0.00502	0.04190
5	0.12724	0.00906	0.01048	0.00883	0.01181	0.00913	0.00701	0.10056	0.10341	0.27617	0.17604	0.06694	0.03945	0.02260	0.00582	0.00178	0.00409	0.00672	0.00558	0.00729
6	0.01612	0.02849	0.01319	0.01068	0.01326	0.02579	0.00856	0.26938	0.03211	0.16733	0.03197	0.11763	0.01478	0.06442	0.03930	0.00231	0.12611	0.00655	0.00476	0.00726
7	0.01651	0.01003	0.01111	0.00902	0.01216	0.01041	0.00728	0.29666	0.06051	0.16475	0.01861	0.01862	0.05510	0.00682	0.00491	0.00152	0.00430	0.00539	0.26097	0.02531
8	0.00687	0.00546	0.00618	0.00612	0.00767	0.00477	0.00461	0.00867	0.01322	0.01699	0.30530	0.07098	0.47283	0.01282	0.00639	0.00180	0.00274	0.03653	0.00531	0.00473
9	0.12768	0.51030	0.12124	0.01059	0.01512	0.01818	0.04046	0.01596	0.01058	0.01496	0.00785	0.00945	0.00679	0.00508	0.00484	0.00141	0.06694	0.00330	0.00245	0.00681
10	0.01425	0.79290	0.04895	0.00935	0.01404	0.02100	0.00948	0.01610	0.01092	0.01275	0.00752	0.00869	0.00689	0.00461	0.00349	0.00116	0.00580	0.00290	0.00230	0.00692
11	0.01329	0.01275	0.02179	0.03295	0.77787	0.01275	0.01647	0.01647	0.01222	0.01754	0.01010	0.01329	0.00850	0.00478	0.00531	0.00159	0.00638	0.00478	0.00266	0.00850
12	0.01001	0.00500	0.00500	0.00500	0.00625	0.00500	0.00375	0.01251	0.01126	0.02001	0.01751	0.02001	0.01376	0.00625	0.00375	0.00125	0.00250	0.00500	0.84115	0.00500
13	0.04551	0.01039	0.01322	0.04183	0.01515	0.00996	0.00859	0.17534	0.01702	0.57696	0.01864	0.01675	0.01198	0.00651	0.00533	0.00166	0.00493	0.00519	0.00612	0.00891
14	0.02395	0.00934	0.01259	0.00965	0.01381	0.00820	0.00797	0.05193	0.01571	0.75533	0.02089	0.01808	0.01314	0.00664	0.00540	0.00166	0.00461	0.00538	0.00660	0.00914
15	0.01001	0.00500	0.00500	0.00500	0.00625	0.00500	0.00375	0.01251	0.01126	0.02001	0.01751	0.02001	0.01376	0.00625	0.00375	0.00125	0.00250	0.00500	0.84115	0.00500
16	0.01629	0.01815	0.01583	0.01772	0.21300	0.38877	0.01126	0.06879	0.06126	0.01625	0.01230	0.01415	0.03959	0.00882	0.07264	0.00212	0.00835	0.00457	0.00318	0.00696
17	0.02320	0.00911	0.01228	0.00951	0.01354	0.00800	0.00782	0.02575	0.04179	0.73175	0.04419	0.01900	0.01454	0.00680	0.00543	0.00167	0.00449	0.00555	0.00658	0.00899
18	0.00733	0.00548	0.00681	0.00648	0.00786	0.00495	0.00486	0.00962	0.01457	0.02004	0.62274	0.04254	0.20387	0.01153	0.00633	0.00171	0.00257	0.01005	0.00571	0.00495
19	0.02392	0.00940	0.01262	0.00968	0.01384	0.00829	0.00799	0.05937	0.01581	0.74774	0.02080	0.01803	0.01310	0.00663	0.00540	0.00166	0.00463	0.00537	0.00659	0.00913
20	0.05662	0.08687	0.44528	0.01251	0.01848	0.01155	0.01444	0.01823	0.01205	0.18814	0.01350	0.05880	0.01041	0.00629	0.00509	0.00169	0.00646	0.02233	0.00352	0.00773
21	0.01077	0.02777	0.78354	0.01530	0.02323	0.01247	0.01983	0.01700	0.01133	0.01700	0.00963	0.01133	0.00680	0.00510	0.00510	0.00170	0.00793	0.00397	0.00227	0.00793
22	0.00651	0.00477	0.00613	0.00721	0.00772	0.00438	0.00487	0.00750	0.01053	0.01381	0.03280	0.70973	0.13154	0.01640	0.00679	0.00213	0.00306	0.01475	0.00498	0.00438
23	0.01131	0.02631	0.71250	0.01587	0.04404	0.01237	0.04531	0.01727	0.01153	0.04034	0.01004	0.01171	0.00709	0.00512	0.00516	0.00170	0.00783	0.00412	0.00243	0.00796
24	0.00888	0.05306	0.01069	0.06250	0.01188	0.00866	0.02998	0.04333	0.01157	0.01494	0.05388	0.17926	0.31255	0.02446	0.00855	0.01853	0.12854	0.00943	0.00414	0.00518
25	0.66869	0.01167	0.03310	0.00964	0.01342	0.01252	0.10565	0.05814	0.01057	0.02353	0.00829	0.00979	0.00634	0.00501	0.00388	0.00168	0.00500	0.00350	0.00333	0.00625
26	0.00656	0.00485	0.00616	0.00718	0.00778	0.00444	0.00492	0.00762	0.01068	0.01391	0.03395	0.65278	0.16678	0.01619	0.00678	0.00212	0.00310	0.03481	0.00498	0.00441
27	0.01654	0.01131	0.01278	0.01060	0.01369	0.01207	0.00847	0.45298	0.01972	0.09829	0.03623	0.18419	0.01749	0.03373	0.00648	0.00189	0.00504	0.04549	0.00533	0.00763
28	0.01735	0.01831	0.01789	0.03767	0.30465	0.32722	0.01274	0.16483	0.01596	0.01889	0.00991	0.01177	0.00796	0.00542	0.00513	0.00152	0.00763	0.00426	0.00323	0.00765
29	0.01077	0.02777	0.78354	0.01530	0.02323	0.01247	0.01983	0.01700	0.01133	0.01700	0.00963	0.01133	0.00680	0.00510	0.00510	0.00170	0.00793	0.00397	0.00227	0.00793
30	0.01278	0.01224	0.02088	0.15530	0.65945	0.01262	0.01622	0.01603	0.01198	0.01693	0.01001	0.01345	0.00829	0.00488	0.00532	0.00163	0.00650	0.00478	0.00261	0.00810
31	0.01110	0.00950	0.01106	0.00802	0.01265	0.00727	0.00639	0.01381	0.03198	0.01755	0.01029	0.02769	0.00875	0.00433	0.00408	0.00085	0.00397	0.00351	0.00328	0.80394
32	0.01032	0.00973	0.01643	0.75358	0.08040	0.01197	0.01500	0.01388	0.01082	0.01394	0.00957	0.01425	0.00723	0.00533	0.00536	0.00178	0.00711	0.00477	0.00240	0.00611
33	0.02005	0.02558	0.01521	0.01383	0.01659	0.78980	0.01037	0.02143	0.01521	0.01314	0.00830	0.00968	0.00691	0.00553	0.00484	0.00138	0.00968	0.00346	0.00277	0.00622
34	0.01200	0.01217	0.01640	0.01408	0.01417	0.04022	0.01170	0.01318	0.00844	0.01293	0.00708	0.01168	0.00704	0.00928	0.01722	0.00232	0.77718	0.00466	0.00236	0.00588
35	0.00654	0.00467	0.00623	0.00747	0.00779	0.00436	0.00498	0.00747	0.01028	0.01370	0.02959	0.80785	0.03550	0.01682	0.00685	0.00218	0.00311	0.01526	0.00498	0.00436
36	0.01435	0.81458	0.02813	0.00918	0.01378	0.02124	0.00918	0.01607	0.01091	0.01263	0.00746	0.00861	0.00689	0.00459	0.00344	0.00115	0.00574	0.00287	0.00230	0.00689
37	0.00819	0.00587	0.00819	0.00936	0.01040	0.00586	0.00784	0.01034	0.01175	0.01541	0.02785	0.20064	0.03078	0.01665	0.05162	0.00276	0.00513	0.56170	0.00483	0.00482
38	0.01014	0.00954	0.01610	0.79845	0.03697	0.01193	0.01491	0.01371	0.01073	0.01371	0.00954	0.01431	0.00716	0.00537	0.00537	0.00179	0.00716	0.00477	0.00239	0.00596
39	0.01380	0.03976	0.01617	0.01365	0.01455	0.21583	0.01111	0.01508	0.01012	0.01295	0.00768	0.01149	0.00726	0.00949	0.04500	0.00232	0.54094	0.00436	0.00248	0.00595
40	0.01014	0.00954	0.01610	0.79845	0.03697	0.01193	0.01491	0.01371	0.01073	0.01371	0.00954	0.01431	0.00716	0.00537	0.00537	0.00179	0.00716	0.00477	0.00239	0.00596
41	0.00654	0.00467	0.00623	0.00747	0.00779	0.00436	0.00498	0.00747	0.01028	0.01370	0.02959	0.80785	0.03550	0.01682	0.00685	0.00218	0.00311	0.01526	0.00498	0.00436
42	0.01609	0.57393	0.02419	0.01060	0.01464	0.25566	0.00955	0.01771	0.01222	0.01278	0.00772	0.00894	0.00690	0.00488	0.00387	0.00122	0.00694	0.00305	0.00244	0.00669
43	0.02041	0.01504	0.01611	0.01235	0.01665	0.01665	0.01020	0.75997	0.02524	0.03383	0.01289	0.01289	0.00913	0.00644	0.00537	0.00161	0.00591	0.00483	0.00537	0.00913
44	0.01300	0.01341	0.06416	0.06260	0.63285	0.01276	0.03061	0.01729	0.06763	0.01770	0.01093	0.01374	0.00892	0.00500	0.00534	0.00163	0.00639	0.00486	0.00283	0.00834
45	0.84927	0.01038	0.00789	0.00706	0.01038	0.01204	0.00581	0.01578	0.00914	0.02408	0.00747	0.00872	0.00581	0.00498	0.00332	0.00166	0.00415	0.00291	0.00332	0.00581
46	0.01263	0.01479	0.04920	0.02245	0.02794	0.01355	0.74116	0.01719	0.01264	0.01719	0.01083	0.01441	0.00811	0.00454	0.00631	0.00181	0.00902	0.00628	0.00270	0.00726
47	0.01014	0.00954	0.01610	0.79845	0.03697	0.01193	0.01491	0.01371	0.01073	0.01371	0.00954	0.01431	0.00716	0.00537	0.00537	0.00179	0.00716	0.00477	0.00239	0.00596
48	0.01115	0.02236	0.51918	0.11925	0.08962	0.01257	0.11749	0.01656	0.01151	0.01665	0.00982	0.01230	0.00717	0.00503	0.00532	0.00172	0.00785	0.00446	0.00237	0.00763
49	0.84927	0.01038	0.00789	0.00706	0.01038	0.01204	0.00581	0.01578	0.00914	0.02408	0.00747	0.00872	0.00581	0.00498	0.00332	0.00166	0.00415	0.00291	0.00332	0.00581
50	0.01320	0.01267	0.02164	0.05285	0.75860	0.01273	0.01643	0.01640	0.01218	0.01744	0.01008	0.01331	0.00847	0.00480	0.00532	0.00160	0.00640	0.00478	0.00265	0.00844
51	0.00728	0.00524	0.00689	0.00697	0.00795	0.00485	0.00504	0.00934	0.01373	0.01919	0.55252	0.26927	0.04613	0.01272	0.00649	0.00184	0.00271	0.01137	0.00563	0.00485
52	0.00634	0.00544	0.00544	0.00544	0.00725	0.00453	0.00408	0.00770	0.01224	0.01450	0.05438	0.05166	0.77569	0.01359	0.00634	0.00181	0.00272	0.01133	0.00498	0.00453
53	0.01435	0.81458	0.02813	0.00918	0.01378	0.02124	0.00918	0.01607	0.01091	0.01263	0.00746	0.00861	0.00689	0.00459	0.00344	0.00115	0.00574	0.00287	0.00230	0.00689
54	0.00767	0.00575	0.00863	0.00863	0.00959	0.00671	0.00671	0.00959	0.00863	0.01246	0.01438	0.02109	0.01342	0.04026	0.79008	0.00863	0.01438	0.00575	0.00288	0.00479
55	0.01031	0.00968	0.01614	0.75622	0.05558	0.01199	0.01477	0.01421	0.03224	0.01406	0.00990	0.01445	0.00745	0.00541	0.00537	0.00178	0.00705	0.00481	0.00248	0.00610
56	0.03790	0.00587	0.00737	0.00701	0.00853	0.00545	0.00535	0.01097	0.01424	0.06740	0.54061	0.08348	0.12303	0.01132	0.00626	0.00177	0.00290	0.04965	0.00566	0.00524
57	0.02041	0.01504	0.01611	0.01235	0.01665	0.01665	0.01020	0.75997	0.02524	0.03383	0.01289	0.01289	0.00913	0.00644	0.00537	0.00161	0.00591	0.00483	0.00537	0.00913
58	0.01120	0.12193	0.69313	0.01457	0.02210	0.01352	0.01856	0.01689	0.01128	0.01648	0.00937	0.01101	0.00681	0.00504	0.00490	0.00163	0.00767	0.00384	0.00227	0.00781
59	0.00654	0.00467	0.00623	0.00747	0.00779	0.00436	0.00498	0.00747	0.01028	0.01370	0.02959	0.80785	0.03550	0.01682	0.00685	0.00218	0.00311	0.01526	0.00498	0.00436
60	0.01014	0.00954	0.01610	0.79845	0.03697	0.01193	0.01491	0.01371	0.01073	0.01371	0.00954	0.01431	0.00716	0.00537	0.00537	0.00179	0.00716	0.00477	0.00239	0.00596
61	0.00877	0.00576	0.00750	0.00691	0.00841	0.00525	0.00524	0.01123	0.01510	0.07749	0.69239	0.03891	0.07493	0.01075	0.00626	0.00169	0.00269	0.00945	0.00593	0.00535
62	0.00760	0.00550	0.00723	0.00683	0.00808	0.00513	0.00513	0.01011	0.01493	0.02116	0.74439	0.03933	0.04915	0.01215	0.03790	0.00197	0.00301	0.00955	0.00579	0.00505
63	0.01122	0.12690	0.68836	0.01453	0.02204	0.01357	0.01849	0.01688	0.01128	0.01645	0.00936	0.01099	0.00681	0.00504	0.00489	0.00163	0.00766	0.00383	0.00227	0.00780
64	0.00654	0.00467	0.00623	0.00747	0.00779	0.00436	0.00498	0.00747	0.01028	0.01370	0.02959	0.80785	0.03550	0.01682	0.00685	0.00218	0.00311	0.01526	0.00498	0.00436
65	0.00654	0.00467	0.00623	0.00747	0.00779	0.00436	0.00498	0.00747	0.01028	0.01370	0.02959	0.80785	0.03550	0.01682	0.00685	0.00218	0.00311	0.01526	0.00498	0.00436
66	0.01413	0.76564	0.07512	0.00957	0.01437	0.02069	0.00985	0.01613	0.01093	0.01290	0.00760	0.00878	0.00688	0.00462	0.00355	0.00118	0.00588	0.00294	0.00229	0.00695
67	0.69327	0.16064	0.01167	0.00746	0.01102	0.01376	0.00644	0.01583	0.00947	0.02194	0.00747	0.00870	0.00601	0.00491	0.00334	0.00157	0.00445	0.00290	0.00313	0.00601
68	0.00653	0.00469	0.00621	0.00742	0.00777	0.00436	0.00496	0.00748	0.01033	0.01373	0.03027	0.78688	0.05603	0.01673	0.00684	0.00217	0.00310	0.01515	0.00498	0.00436
69	0.01001	0.00500	0.00500	0.00500	0.00625	0.00500	0.00375	0.01251	0.01126	0.02001	0.01751	0.02001	0.01376	0.00625	0.00375	0.00125	0.00250	0.00500	0.84115	0.00500
70	0.01245	0.27608	0.50099	0.01320	0.01987	0.01548	0.01592	0.05878	0.01199	0.01657	0.00913	0.01056	0.00696	0.00502	0.00459	0.00152	0.00712	0.00367	0.00245	0.00767
71	0.01298	0.01244	0.02123	0.10807	0.70516	0.01267	0.01632	0.01620	0.01208	0.01716	0.01004	0.01339	0.00837	0.00484	0.00532	0.00161	0.00645	0.00478	0.00263	0.00825
72	0.00865	0.00618	0.00865	0.00989	0.01112	0.00618	0.00865	0.01112	0.01236	0.01606	0.02842	0.06055	0.03089	0.01483	0.00741	0.00247	0.00494	0.74174	0.00494	0.00494
73	0.01265	0.01476	0.05243	0.02300	0.07037	0.01350	0.69543	0.01715	0.01261	0.01721	0.01078	0.01432	0.00813	0.00456	0.00624	0.00179	0.00887	0.00618	0.00270	0.00733
74	0.06134	0.70559	0.08790	0.00956	0.01435	0.02001	0.00985	0.01613	0.01084	0.01363	0.00764	0.00884	0.00682	0.00466	0.00357	0.00122	0.00583	0.00296	0.00235	0.00691
75	0.00767	0.00575	0.00863	0.00863	0.00959	0.00671	0.00671	0.00959	0.00863	0.01246	0.01438	0.02109	0.01342	0.04026	0.79008	0.00863	0.01438	0.00575	0.00288	0.00479
76	0.01324	0.01130	0.01198	0.01073	0.01370	0.01298	0.00835	0.04989	0.70277	0.02275	0.06422	0.02094	0.01810	0.00747	0.00551	0.00181	0.00420	0.00624	0.00548	0.00832
77	0.00686	0.00500	0.00650	0.00739	0.00801	0.00456	0.00500	0.00789	0.01042	0.01403	0.04653	0.70631	0.05009	0.03791	0.00723	0.00217	0.00320	0.01415	0.00486	0.05190
78	0.01235	0.07570	0.28444	0.01820	0.10596	0.05706	0.22569	0.03109	0.01223	0.01667	0.01146	0.03238	0.00964	0.00593	0.00588	0.00174	0.02969	0.05380	0.00277	0.00732
79	0.01289	0.01227	0.02076	0.03118	0.72337	0.01224	0.01578	0.01599	0.01223	0.01738	0.01219	0.01637	0.03291	0.00546	0.00543	0.00164	0.00621	0.03467	0.00282	0.00824
80	0.00869	0.04530	0.00840	0.02363	0.00948	0.00628	0.00583	0.01102	0.04517	0.05997	0.23722	0.27523	0.16626	0.01268	0.00632	0.00190	0.00336	0.06287	0.00517	0.00523
81	0.12913	0.40633	0.20611	0.01130	0.03907	0.03508	0.01147	0.01731	0.04799	0.03936	0.00921	0.01030	0.00743	0.00499	0.00408	0.00142	0.00606	0.00345	0.00274	0.00717

[dist]
# distance from previous block
# <min> <max>
0	1

[block]
# block no. 1 follows, 45 sequences, length 11
# corresponding to MSA columns:
# 144-154
name=unknown_B
#
# <colnr> <probs for GDERKNQSTAVLIFYWHMCP>
#	G	D	E	R	K	N	Q	S	T	A	V	L	I	F	Y	W	H	M	C	P
0	0.26263	0.04207	0.01356	0.01262	0.09800	0.05644	0.00908	0.18135	0.23000	0.02399	0.01309	0.01340	0.00995	0.00595	0.00468	0.00165	0.00517	0.00446	0.00424	0.00766
1	0.05198	0.01477	0.11852	0.25900	0.07651	0.08870	0.03946	0.05477	0.20638	0.01818	0.01274	0.01453	0.00961	0.00580	0.00524	0.00172	0.00657	0.00484	0.00341	0.00727
2	0.01318	0.01300	0.04671	0.14067	0.17557	0.04185	0.13855	0.11925	0.07027	0.01871	0.01224	0.04292	0.01017	0.00722	0.02985	0.00194	0.05859	0.01819	0.00333	0.03779
3	0.08347	0.04608	0.21895	0.01149	0.01552	0.01057	0.09137	0.03059	0.11333	0.04184	0.05654	0.01997	0.07674	0.06832	0.00849	0.08530	0.00574	0.00572	0.00354	0.00643
4	0.00932	0.00466	0.00699	0.00699	0.00699	0.00466	0.00466	0.00699	0.00699	0.00932	0.00932	0.01632	0.00932	0.01865	0.02098	0.84382	0.00466	0.00466	0.00233	0.00233
5	0.00785	0.00599	0.00698	0.00669	0.00815	0.00561	0.00493	0.03931	0.04119	0.01836	0.37374	0.09925	0.27431	0.07415	0.00794	0.00204	0.00304	0.01017	0.00530	0.00499
6	0.01306	0.01252	0.02138	0.08824	0.72436	0.01269	0.01636	0.01627	0.01212	0.01726	0.01006	0.01336	0.00841	0.00482	0.00532	0.00161	0.00643	0.00478	0.00264	0.00832
7	0.00817	0.00608	0.00767	0.00717	0.00861	0.00588	0.00540	0.01195	0.08970	0.02162	0.70051	0.03811	0.04726	0.01061	0.00625	0.00170	0.00270	0.00935	0.00586	0.00540
8	0.11319	0.33868	0.11928	0.07866	0.03184	0.09743	0.01090	0.03430	0.05174	0.04976	0.00954	0.01086	0.00765	0.00524	0.00450	0.00146	0.02143	0.00364	0.00291	0.00699
9	0.07844	0.25498	0.04785	0.01095	0.01442	0.28868	0.00937	0.08304	0.01342	0.01580	0.01125	0.01277	0.04438	0.00910	0.08214	0.00210	0.00782	0.00399	0.00300	0.00649
10	0.07207	0.00527	0.00708	0.00701	0.00736	0.00549	0.00477	0.00801	0.00742	0.01088	0.01065	0.01862	0.01077	0.12095	0.09656	0.59086	0.00565	0.00504	0.00258	0.00295

[dist]
# distance from previous block
# <min> <max>
1	10

[block]
# block no. 2 follows, 45 sequences, length 17
# corresponding to MSA columns:
# 165-181
name=unknown_C
#
# <colnr> <probs for GDERKNQSTAVLIFYWHMCP>
#	G	D	E	R	K	N	Q	S	T	A	V	L	I	F	Y	W	H	M	C	P
0	0.01319	0.01238	0.02059	0.15037	0.62124	0.01284	0.01589	0.05696	0.01271	0.01784	0.01016	0.01342	0.00833	0.00496	0.00533	0.00163	0.00647	0.00478	0.00276	0.00814
1	0.01420	0.05783	0.02905	0.02024	0.02546	0.01328	0.62246	0.01826	0.01291	0.11338	0.01197	0.01463	0.00872	0.00480	0.00606	0.00175	0.00830	0.00603	0.00319	0.00746
2	0.01451	0.02253	0.56684	0.01368	0.02055	0.01118	0.01648	0.01957	0.01247	0.23187	0.01288	0.01328	0.00862	0.00553	0.00518	0.00169	0.00699	0.00437	0.00350	0.00827
3	0.02320	0.01056	0.01334	0.01023	0.01441	0.01000	0.00845	0.20299	0.01774	0.60139	0.01918	0.01697	0.01229	0.00660	0.00539	0.00165	0.00489	0.00526	0.00634	0.00913
4	0.01077	0.01291	0.13592	0.54619	0.16161	0.01215	0.01594	0.01470	0.01108	0.01488	0.00965	0.01367	0.00733	0.00523	0.00532	0.00174	0.00714	0.00465	0.00241	0.00670
5	0.02137	0.00844	0.01149	0.00923	0.01279	0.00734	0.00744	0.02327	0.01458	0.66266	0.02248	0.14055	0.01673	0.00822	0.00562	0.00174	0.00434	0.00693	0.00639	0.00840
6	0.01008	0.00937	0.01398	0.01222	0.01293	0.01212	0.05442	0.01172	0.00864	0.01293	0.01044	0.01624	0.00997	0.04353	0.32164	0.00487	0.42155	0.00530	0.00260	0.00546
7	0.02088	0.01428	0.01564	0.01199	0.01627	0.01552	0.00991	0.66599	0.02397	0.12960	0.01395	0.01358	0.00966	0.00647	0.00537	0.00162	0.00574	0.00491	0.00553	0.00913
8	0.01366	0.01390	0.02007	0.14905	0.56563	0.11215	0.01545	0.01668	0.01237	0.01638	0.00978	0.01298	0.00809	0.00497	0.00526	0.00160	0.00692	0.00461	0.00263	0.00782
9	0.01731	0.30784	0.08110	0.01071	0.01473	0.12361	0.00985	0.01943	0.01262	0.24507	0.01222	0.01271	0.00915	0.00747	0.04479	0.00183	0.05440	0.00406	0.00370	0.00739
10	0.00653	0.00526	0.00585	0.00627	0.00762	0.00458	0.00460	0.00783	0.01168	0.01436	0.04583	0.26808	0.52210	0.01458	0.00655	0.00195	0.00296	0.05388	0.00498	0.00451
11	0.01842	0.01356	0.01473	0.01148	0.01531	0.01485	0.00941	0.64384	0.02368	0.03192	0.13092	0.01710	0.01556	0.00715	0.00552	0.00162	0.00538	0.00559	0.00545	0.00850
12	0.01630	0.01553	0.13333	0.01208	0.01637	0.01450	0.01086	0.40136	0.23115	0.02685	0.01511	0.01577	0.01133	0.04696	0.00646	0.00186	0.00572	0.00520	0.00481	0.00847
13	0.00774	0.00546	0.00715	0.00715	0.00760	0.00591	0.00487	0.00864	0.00819	0.01137	0.01573	0.02855	0.01666	0.45007	0.38470	0.00681	0.00950	0.00684	0.00308	0.00397
14	0.01001	0.00500	0.00500	0.00500	0.00625	0.00500	0.00375	0.01251	0.01126	0.02001	0.01751	0.02001	0.01376	0.00625	0.00375	0.00125	0.00250	0.00500	0.84115	0.00500
15	0.75814	0.01024	0.00839	0.00733	0.01075	0.01158	0.00604	0.01693	0.00982	0.10774	0.00899	0.00977	0.00664	0.00517	0.00355	0.00166	0.00420	0.00318	0.00369	0.00618
16	0.01014	0.00954	0.01610	0.79845	0.03697	0.01193	0.01491	0.01371	0.01073	0.01371	0.00954	0.01431	0.00716	0.00537	0.00537	0.00179	0.00716	0.00477	0.00239	0.00596

[dist]
# distance from previous block
# <min> <max>
0	31

[block]
# block no. 3 follows, 45 sequences, length 48
# corresponding to MSA columns:
# 213-260
name=unknown_D
#
# <colnr> <probs for GDERKNQSTAVLIFYWHMCP>
#	G	D	E	R	K	N	Q	S	T	A	V	L	I	F	Y	W	H	M	C	P
0	0.00654	0.00467	0.00623	0.00747	0.00779	0.00436	0.00498	0.00747	0.01028	0.01370	0.02959	0.80785	0.03550	0.01682	0.00685	0.00218	0.00311	0.01526	0.00498	0.00436
1	0.00654	0.00467	0.00623	0.00747	0.00779	0.00436	0.00498	0.00747	0.01028	0.01370	0.02959	0.80785	0.03550	0.01682	0.00685	0.00218	0.00311	0.01526	0.00498	0.00436
2	0.01100	0.07862	0.73471	0.01490	0.02262	0.01303	0.01914	0.01694	0.01131	0.01672	0.00949	0.01116	0.00681	0.00507	0.00499	0.00166	0.00779	0.00390	0.00227	0.00787
3	0.01146	0.10000	0.58701	0.01517	0.02222	0.01347	0.09173	0.01768	0.06042	0.01696	0.01034	0.01195	0.00756	0.00514	0.00509	0.00167	0.00760	0.00423	0.00252	0.00780
4	0.01290	0.01114	0.01170	0.01057	0.01352	0.01278	0.00821	0.02718	0.71931	0.02194	0.02395	0.02207	0.06547	0.00769	0.00552	0.00182	0.00415	0.00641	0.00543	0.00824
5	0.01077	0.02777	0.78354	0.01530	0.02323	0.01247	0.01983	0.01700	0.01133	0.01700	0.00963	0.01133	0.00680	0.00510	0.00510	0.00170	0.00793	0.00397	0.00227	0.00793
6	0.01412	0.76365	0.07703	0.00958	0.01439	0.02067	0.00987	0.01613	0.01093	0.01291	0.00760	0.00879	0.00688	0.00463	0.00355	0.00118	0.00588	0.00294	0.00229	0.00696
7	0.01139	0.13855	0.63603	0.01507	0.03996	0.01375	0.04017	0.01686	0.01133	0.01640	0.00937	0.01109	0.00689	0.00500	0.00491	0.00162	0.00762	0.00390	0.00229	0.00778
8	0.00663	0.00473	0.00618	0.00730	0.00762	0.00443	0.00483	0.00751	0.01014	0.01347	0.02924	0.72968	0.05289	0.07756	0.00841	0.00240	0.00326	0.01459	0.00485	0.00428
9	0.05854	0.01041	0.03762	0.00987	0.01380	0.00953	0.00829	0.09097	0.11066	0.50948	0.06824	0.01875	0.01516	0.00686	0.00536	0.00168	0.00461	0.00555	0.00604	0.00860
10	0.03105	0.07321	0.68659	0.01553	0.05587	0.01299	0.01872	0.01689	0.01130	0.01693	0.00947	0.01120	0.00686	0.00505	0.00497	0.00166	0.00764	0.00391	0.00231	0.00785
11	0.00816	0.00576	0.00830	0.06024	0.05946	0.00574	0.00640	0.02214	0.01039	0.01400	0.08376	0.45333	0.02694	0.01503	0.00969	0.18722	0.00393	0.01093	0.00416	0.00443
12	0.00645	0.00543	0.00562	0.00573	0.00744	0.00459	0.00432	0.00784	0.01214	0.01453	0.05203	0.08940	0.70691	0.01381	0.00642	0.00186	0.00283	0.04312	0.00498	0.00454
13	0.01296	0.01242	0.02120	0.11154	0.70180	0.01267	0.01631	0.01619	0.01207	0.01714	0.01004	0.01339	0.00836	0.00484	0.00532	0.00161	0.00646	0.00478	0.00263	0.00824
14	0.01335	0.01361	0.03798	0.09740	0.41036	0.08789	0.05783	0.03483	0.10508	0.01795	0.06091	0.01560	0.01186	0.00565	0.00541	0.00164	0.00645	0.00520	0.00325	0.00774
15	0.75651	0.01090	0.00881	0.00765	0.01108	0.01256	0.00630	0.09906	0.01094	0.02517	0.00808	0.00919	0.00618	0.00515	0.00355	0.00166	0.00435	0.00312	0.00355	0.00618
16	0.01901	0.05500	0.06631	0.01243	0.01670	0.01638	0.01082	0.60954	0.02230	0.04797	0.01223	0.01263	0.00883	0.00646	0.00605	0.00164	0.05743	0.00468	0.00485	0.00873
17	0.00993	0.00621	0.00789	0.00731	0.00891	0.00579	0.00547	0.03094	0.03207	0.11537	0.46492	0.13566	0.08563	0.05068	0.00727	0.00193	0.00313	0.00968	0.00567	0.00555
18	0.05393	0.01607	0.21785	0.08049	0.30841	0.01239	0.07081	0.01822	0.08554	0.06734	0.01172	0.01370	0.00888	0.00526	0.00526	0.00168	0.00661	0.00476	0.00310	0.00798
19	0.04636	0.00982	0.01156	0.00946	0.01255	0.00996	0.02514	0.19433	0.12056	0.09619	0.28205	0.02362	0.02482	0.00779	0.00551	0.00159	0.00415	0.00654	0.00530	0.10272
20	0.80825	0.01123	0.04583	0.00746	0.01101	0.01206	0.00650	0.01584	0.00924	0.02374	0.00758	0.00885	0.00586	0.00499	0.00341	0.00166	0.00434	0.00296	0.00327	0.00592
21	0.11822	0.31218	0.19720	0.01163	0.04078	0.08261	0.01134	0.06433	0.01220	0.03648	0.01026	0.06169	0.00895	0.00581	0.00439	0.00149	0.00622	0.00424	0.00295	0.00703
22	0.00793	0.00553	0.00725	0.00685	0.00814	0.00510	0.00513	0.01038	0.01496	0.03906	0.72044	0.07751	0.04902	0.01116	0.00633	0.00171	0.00261	0.00988	0.00588	0.00513
23	0.03622	0.01477	0.06534	0.14247	0.04428	0.04907	0.01150	0.43860	0.06600	0.05977	0.01262	0.01347	0.00909	0.00611	0.00529	0.00165	0.00623	0.00476	0.00449	0.00827
24	0.01353	0.01367	0.02113	0.11195	0.58927	0.08320	0.05618	0.01667	0.01236	0.01671	0.00992	0.01313	0.00820	0.00490	0.00533	0.00161	0.00691	0.00475	0.00264	0.00796
25	0.01147	0.00673	0.00955	0.00815	0.01026	0.00611	0.04290	0.01401	0.01511	0.18852	0.57144	0.03403	0.04033	0.00970	0.00613	0.00169	0.00330	0.00859	0.00591	0.00607
26	0.00654	0.00467	0.00623	0.00747	0.00779	0.00436	0.00498	0.00747	0.01028	0.01370	0.02959	0.80785	0.03550	0.01682	0.00685	0.00218	0.00311	0.01526	0.00498	0.00436
27	0.01001	0.00500	0.00500	0.00500	0.00625	0.00500	0.00375	0.01251	0.01126	0.02001	0.01751	0.02001	0.01376	0.00625	0.00375	0.00125	0.00250	0.00500	0.84115	0.00500
28	0.01180	0.01887	0.31108	0.01985	0.09295	0.01295	0.35076	0.01660	0.01198	0.01707	0.03533	0.01389	0.00902	0.00523	0.00636	0.00177	0.04905	0.00533	0.00263	0.00747
29	0.01419	0.60780	0.12395	0.01039	0.01520	0.06965	0.01059	0.01737	0.06178	0.01388	0.00876	0.00979	0.00751	0.00490	0.00388	0.00128	0.00618	0.00326	0.00253	0.00709
30	0.00654	0.00480	0.00614	0.00716	0.00771	0.00440	0.00485	0.00758	0.01069	0.01402	0.05234	0.67856	0.14313	0.01620	0.00676	0.00211	0.00304	0.01455	0.00501	0.00440
31	0.04046	0.01459	0.01553	0.01208	0.01624	0.01622	0.00993	0.67237	0.09492	0.03251	0.01360	0.01346	0.00973	0.00649	0.00533	0.00163	0.00571	0.00490	0.00533	0.00899
32	0.01443	0.01577	0.06079	0.09395	0.48691	0.16559	0.03419	0.01747	0.01272	0.03335	0.00994	0.01270	0.00808	0.00503	0.00524	0.00158	0.00721	0.00453	0.00272	0.00778
33	0.01180	0.01121	0.01545	0.01330	0.01370	0.01524	0.01102	0.06086	0.00937	0.01421	0.00834	0.01298	0.00798	0.01305	0.11315	0.00308	0.65187	0.00484	0.00261	0.00595
34	0.01001	0.00500	0.00500	0.00500	0.00625	0.00500	0.00375	0.01251	0.01126	0.02001	0.01751	0.02001	0.01376	0.00625	0.00375	0.00125	0.00250	0.00500	0.84115	0.00500
35	0.01645	0.06665	0.01856	0.04781	0.11608	0.11818	0.10254	0.32101	0.02786	0.02333	0.06033	0.03252	0.01175	0.00625	0.00538	0.00160	0.00660	0.00526	0.00405	0.00778
36	0.11746	0.01322	0.06700	0.03384	0.14043	0.01301	0.13315	0.19883	0.05203	0.03686	0.02727	0.03978	0.01068	0.02815	0.02971	0.00202	0.03995	0.00538	0.00375	0.00748
37	0.01523	0.05214	0.02843	0.01196	0.04752	0.01389	0.00931	0.29357	0.31852	0.02488	0.01790	0.08076	0.02522	0.00748	0.00540	0.00170	0.00497	0.00611	0.00499	0.03003
38	0.04519	0.01399	0.01585	0.14072	0.01977	0.01573	0.01083	0.61419	0.02235	0.03023	0.01217	0.01299	0.00870	0.00622	0.00530	0.00164	0.00606	0.00476	0.00482	0.00851
39	0.19360	0.05335	0.12595	0.07529	0.01604	0.03660	0.00989	0.12861	0.04813	0.12635	0.09388	0.01611	0.01335	0.02268	0.01666	0.00182	0.00553	0.00487	0.00415	0.00713
40	0.01639	0.05221	0.01520	0.03073	0.03461	0.01424	0.03383	0.37124	0.21788	0.05086	0.01604	0.05369	0.01276	0.04766	0.00651	0.00186	0.00539	0.00577	0.00493	0.00817
41	0.04089	0.15818	0.03190	0.06343	0.03905	0.11147	0.07292	0.04589	0.05443	0.08167	0.01440	0.05113	0.06140	0.00716	0.00719	0.00171	0.14166	0.00535	0.00342	0.00673
42	0.01429	0.09230	0.17335	0.03279	0.13257	0.02792	0.09677	0.09638	0.03849	0.11121	0.01405	0.05210	0.02553	0.00641	0.00559	0.00167	0.02209	0.02716	0.00364	0.02570
43	0.03141	0.06160	0.13269	0.03585	0.01434	0.01002	0.02393	0.10751	0.04644	0.11360	0.10247	0.05789	0.10488	0.04847	0.02977	0.00201	0.00526	0.00651	0.00434	0.06100
44	0.03508	0.30455	0.07448	0.00988	0.01323	0.09368	0.00903	0.01597	0.04033	0.06548	0.17918	0.01855	0.04259	0.00705	0.00576	0.00152	0.06826	0.00522	0.00365	0.00652
45	0.16022	0.34234	0.15904	0.01029	0.01461	0.07698	0.01030	0.01620	0.02376	0.02628	0.04344	0.03680	0.00994	0.00646	0.02126	0.00162	0.02689	0.00402	0.00288	0.00666
46	0.06842	0.36291	0.20971	0.02595	0.01602	0.04071	0.01133	0.03520	0.06030	0.01587	0.01159	0.01282	0.04234	0.00696	0.03856	0.00174	0.00644	0.00397	0.00282	0.02634
47	0.03001	0.25356	0.23740	0.01111	0.01532	0.03278	0.02896	0.03026	0.02873	0.01526	0.01521	0.19527	0.03827	0.00815	0.00553	0.00167	0.03621	0.00659	0.00318	0.00655

[dist]
# distance from previous block
# <min> <max>
0	46

# created by:
# /st0/software/busco_prod/Augustus/scripts/msa2prfl.pl ./align_prep/202482.fa
